-0.029756069,1.6701202,-5.2793903,0.030771814,-0.13590065,-0.99024463,0
-0.59462571,-2.7133539,2.1762738,-0.032471299,-0.9903267,0.13490286,0
0.69504237,1.2659093,-4.5546145,0.99899894,-0.028003454,0.034887031,0
0.58106887,-2.7085111,-4.6594882,0.030771814,-0.13590065,-0.99024463,0
0.33741879,3.0608015,0.31244457,0.032471299,0.9903267,-0.13490286,0
-0.033788919,-2.674969,2.5930519,-0.032471299,-0.9903267,0.13490286,0
-0.49362493,-1.9106491,-1.7305515,-0.99899894,0.028003454,-0.034887031,0
0.12376779,-1.9565662,-4.7768946,0.030771814,-0.13590065,-0.99024463,0
0.53275162,1.1750928,0.019727573,0.99899894,-0.028003454,0.034887031,0
-0.25020087,0.066655517,-5.0661812,0.030771814,-0.13590065,-0.99024463,0
0.60317278,-1.854928,-4.4289575,0.99899894,-0.028003454,0.034887031,0
-0.69777238,-1.378186,5.2167182,-0.030771814,0.13590065,0.99024463,0
0.4163512,-3.0006244,-4.624517,0.030771814,-0.13590065,-0.99024463,0
0.73406839,1.7735929,-5.2646255,0.99899894,-0.028003454,0.034887031,0
-0.38851929,0.58649606,-2.7358608,-0.99899894,0.028003454,-0.034887031,0
-0.020148635,-2.734628,-4.6745872,0.030771814,-0.13590065,-0.99024463,0
0.62054157,2.4501681,-1.4706781,0.99899894,-0.028003454,0.034887031,0
0.29878545,2.4260242,-4.3567801,0.032471299,0.9903267,-0.13490286,0
0.00020241737,2.4575169,4.7119975,-0.030771814,0.13590065,0.99024463,0
-0.67099309,-2.2007585,3.1155715,-0.99899894,0.028003454,-0.034887031,0
0.15376458,-1.1705065,-4.883842,0.030771814,-0.13590065,-0.99024463,0
-0.33943224,2.7570877,-2.0800514,0.032471299,0.9903267,-0.13490286,0
0.66785455,2.1291761,-3.0831437,0.99899894,-0.028003454,0.034887031,0
0.61234009,1.3484434,-2.1201653,0.99899894,-0.028003454,0.034887031,0
0.47595578,0.88254595,1.4112687,0.99899894,-0.028003454,0.034887031,0
0.48603535,2.9555604,-0.42436314,0.032471299,0.9903267,-0.13490286,0
-0.17560935,-2.89342,0.95525837,-0.032471299,-0.9903267,0.13490286,0
-0.2867471,0.43711013,-5.1181583,0.030771814,-0.13590065,-0.99024463,0
0.14089179,2.5343664,-3.5994406,0.032471299,0.9903267,-0.13490286,0
0.2074821,-3.5000956,-3.406157,-0.032471299,-0.9903267,0.13490286,0
-0.65740347,-2.6891768,2.3386464,-0.032471299,-0.9903267,0.13490286,0
-0.18009925,3.2298312,1.4287271,0.032471299,0.9903267,-0.13490286,0
-0.3991195,1.1760032,4.8754625,-0.030771814,0.13590065,0.99024463,0
0.39293146,1.979008,4.6688075,0.99899894,-0.028003454,0.034887031,0
0.61010575,1.9787089,-1.5502729,0.99899894,-0.028003454,0.034887031,0
0.22243106,0.90926087,-5.1671343,0.030771814,-0.13590065,-0.99024463,0
0.55459785,-3.2263696,-4.1388283,0.99899894,-0.028003454,0.034887031,0
0.38710594,2.1321411,-5.329844,0.030771814,-0.13590065,-0.99024463,0
-0.20520806,1.0169225,-5.1951976,0.030771814,-0.13590065,-0.99024463,0
0.36473119,-2.5349951,-4.6900239,0.030771814,-0.13590065,-0.99024463,0
0.1788888,2.5364993,4.7067103,-0.030771814,0.13590065,0.99024463,0
0.21867943,-2.3740087,4.863184,-0.032471299,-0.9903267,0.13490286,0
-0.40714824,1.3942428,-1.5540416,-0.99899894,0.028003454,-0.034887031,0
0.42633343,-0.71428943,1.5504642,0.99899894,-0.028003454,0.034887031,0
0.43930477,1.1344143,2.6629512,0.99899894,-0.028003454,0.034887031,0
0.59623969,-2.1213131,-4.739603,0.030771814,-0.13590065,-0.99024463,0
-0.65784061,-0.015064657,4.4933658,-0.99899894,0.028003454,-0.034887031,0
-0.22694755,2.128715,-5.3484554,0.030771814,-0.13590065,-0.99024463,0
0.60883343,-0.016782075,-3.115597,0.99899894,-0.028003454,0.034887031,0
0.74908018,2.2370541,-5.332994,0.030771814,-0.13590065,-0.99024463,0
0.4282726,-1.8688675,-4.779469,0.030771814,-0.13590065,-0.99024463,0
-0.33667755,2.100029,-3.0054679,-0.99899894,0.028003454,-0.034887031,0
0.57476354,1.9494288,-0.56174731,0.99899894,-0.028003454,0.034887031,0
0.12900782,-2.2957597,5.3683372,-0.030771814,0.13590065,0.99024463,0
0.43963599,-1.9493105,0.17820777,0.99899894,-0.028003454,0.034887031,0
-0.3228085,2.5035043,-3.0787585,-0.99899894,0.028003454,-0.034887031,0
-0.39975357,-2.5071318,3.7370625,-0.032471299,-0.9903267,0.13490286,0
-0.59734821,0.97106498,3.5527022,-0.99899894,0.028003454,-0.034887031,0
0.56105787,-0.32549462,-1.9953284,0.99899894,-0.028003454,0.034887031,0
-0.43959019,-0.27468133,-1.9646828,-0.99899894,0.028003454,-0.034887031,0
0.60810047,-2.0549605,-4.7306213,0.99899894,-0.028003454,0.034887031,0
0.53982258,2.4040897,-4.4597826,0.032471299,0.9903267,-0.13490286,0
0.077184975,0.15935701,5.0297875,-0.030771814,0.13590065,0.99024463,0
0.12370133,-3.3136818,-2.0578551,-0.032471299,-0.9903267,0.13490286,0
-0.42048299,-2.1511261,-4.0180173,-0.99899894,0.028003454,-0.034887031,0
-0.233356,2.4313068,-4.4460869,0.032471299,0.9903267,-0.13490286,0
0.47659612,2.4275064,2.6330435,0.99899894,-0.028003454,0.034887031,0
0.16927058,1.8459129,4.8011875,-0.030771814,0.13590065,0.99024463,0
0.10766983,3.2690146,1.7856414,0.032471299,0.9903267,-0.13490286,0
-0.047959566,2.6029711,-3.141269,0.032471299,0.9903267,-0.13490286,0
0.41778612,3.5750544,4.106936,0.032471299,0.9903267,-0.13490286,0
0.60417259,-0.71507102,-3.5426388,0.99899894,-0.028003454,0.034887031,0
-0.023668051,0.73678547,-5.1511106,0.030771814,-0.13590065,-0.99024463,0
0.26740074,2.3982515,-4.5682144,0.032471299,0.9903267,-0.13490286,0
0.33920574,-1.1810915,3.6706884,0.99899894,-0.028003454,0.034887031,0
-0.47218096,0.20261095,5.0067801,-0.030771814,0.13590065,0.99024463,0
-0.1614809,3.5976045,4.1330481,0.032471299,0.9903267,-0.13490286,0
-0.015165567,-3.2960021,-1.961493,-0.032471299,-0.9903267,0.13490286,0
0.023643732,0.92085749,-5.1749029,0.030771814,-0.13590065,-0.99024463,0
0.57143342,1.2461948,-1.0308659,0.99899894,-0.028003454,0.034887031,0
-0.50586945,-0.68993062,-0.40007412,-0.99899894,0.028003454,-0.034887031,0
0.26196718,-2.0189145,5.2099323,0.99899894,-0.028003454,0.034887031,0
0.11896583,1.387516,4.862534,-0.030771814,0.13590065,0.99024463,0
-0.27813268,3.2863758,4.5895953,-0.030771814,0.13590065,0.99024463,0
-0.23585033,-2.2661657,5.3529372,-0.030771814,0.13590065,0.99024463,0
0.37539625,3.6190183,4.5642519,-0.030771814,0.13590065,0.99024463,0
0.51967037,2.5884392,1.5287874,0.99899894,-0.028003454,0.034887031,0
0.072612047,-2.2866287,5.3653316,-0.030771814,0.13590065,0.99024463,0
0.32273674,1.658565,-5.2668514,0.030771814,-0.13590065,-0.99024463,0
0.3605659,-2.3623185,2.1108875,0.99899894,-0.028003454,0.034887031,0
0.4708271,-3.2152407,-1.7311018,0.99899894,-0.028003454,0.034887031,0
0.016655922,-2.2811794,5.3628445,-0.030771814,0.13590065,0.99024463,0
0.42016745,3.1132503,0.7173897,0.032471299,0.9903267,-0.13490286,0
0.53149128,3.1942127,1.3385321,0.032471299,0.9903267,-0.13490286,0
0.35745549,-2.5197365,2.0735922,0.99899894,-0.028003454,0.034887031,0
-0.21140552,3.2135878,1.3019485,0.032471299,0.9903267,-0.13490286,0
0.44259626,1.2327909,2.6476655,0.99899894,-0.028003454,0.034887031,0
-0.20101964,-3.1092527,-4.6287932,0.030771814,-0.13590065,-0.99024463,0
-0.27145225,-2.0223043,-4.7801547,0.030771814,-0.13590065,-0.99024463,0
0.27161694,3.39381,2.7412314,0.032471299,0.9903267,-0.13490286,0
-0.52378869,2.5603936,2.7220283,-0.99899894,0.028003454,-0.034887031,0
-0.59416145,0.38194746,2.9885726,-0.99899894,0.028003454,-0.034887031,0
-0.59507132,-2.3556142,4.8023443,-0.032471299,-0.9903267,0.13490286,0
-0.29601282,-0.45839667,-4.9955478,0.030771814,-0.13590065,-0.99024463,0
-0.62547684,-0.96471596,5.1622195,-0.030771814,0.13590065,0.99024463,0
-0.22855306,-2.7330067,2.1201148,-0.032471299,-0.9903267,0.13490286,0
0.10396934,-3.6151371,-4.275598,-0.032471299,-0.9903267,0.13490286,0
-0.73057771,-2.3344359,4.7144866,-0.99899894,0.028003454,-0.034887031,0
-0.37072253,-2.7402959,2.0323839,-0.032471299,-0.9903267,0.13490286,0
-0.38116169,3.5153852,3.4765944,0.032471299,0.9903267,-0.13490286,0
0.6097762,-1.6504569,-4.4539185,0.99899894,-0.028003454,0.034887031,0
-0.56375527,-1.4943004,0.61184645,-0.99899894,0.028003454,-0.034887031,0
0.02287674,3.1111512,4.6229968,-0.030771814,0.13590065,0.99024463,0
-0.12198234,2.1281204,-5.3451118,0.030771814,-0.13590065,-0.99024463,0
-0.32807964,-0.16290587,5.0614219,-0.030771814,0.13590065,0.99024463,0
-0.2430594,2.6084104,-3.148299,0.032471299,0.9903267,-0.13490286,0
-0.39664793,-1.5866392,5.2546821,-0.030771814,0.13590065,0.99024463,0
-0.26391792,-2.7451713,2.0222993,-0.032471299,-0.9903267,0.13490286,0
0.50645757,2.8062086,-1.5158449,0.032471299,0.9903267,-0.13490286,0
-0.034865141,-3.3178821,-2.1268537,-0.032471299,-0.9903267,0.13490286,0
0.32875943,-0.77998143,4.2917929,0.99899894,-0.028003454,0.034887031,0
-0.068918288,-2.0813024,-4.7657642,0.030771814,-0.13590065,-0.99024463,0
-0.59202915,0.062109083,2.6707845,-0.99899894,0.028003454,-0.034887031,0
0.1914084,3.3685505,2.5364947,0.032471299,0.9903267,-0.13490286,0
0.3058753,2.0912802,-5.3267598,0.030771814,-0.13590065,-0.99024463,0
0.50808197,-1.207804,-1.1865659,0.99899894,-0.028003454,0.034887031,0
-0.4989388,-3.3017802,-2.1203539,-0.032471299,-0.9903267,0.13490286,0
0.42344719,1.565768,3.4632785,0.99899894,-0.028003454,0.034887031,0
-0.33932328,-2.3046181,5.2382698,-0.032471299,-0.9903267,0.13490286,0
0.49197599,-0.19447172,0.088018984,0.99899894,-0.028003454,0.034887031,0
0.31662703,2.5975523,-3.0932903,0.032471299,0.9903267,-0.13490286,0
0.027378321,-2.3468704,5.0163612,-0.032471299,-0.9903267,0.13490286,0
0.46646142,-0.83073968,0.30791521,0.99899894,-0.028003454,0.034887031,0
-0.15383625,-2.5205467,3.6977751,-0.032471299,-0.9903267,0.13490286,0
0.45812798,2.6542895,3.3439276,0.99899894,-0.028003454,0.034887031,0
-0.50303298,0.28998783,0.30526865,-0.99899894,0.028003454,-0.034887031,0
0.38399744,-2.963315,0.57685369,-0.032471299,-0.9903267,0.13490286,0
0.066571236,-2.5261588,3.7096295,-0.032471299,-0.9903267,0.13490286,0
0.30827689,-3.0842955,-0.32949495,-0.032471299,-0.9903267,0.13490286,0
-0.61786681,1.3023829,4.4062033,-0.99899894,0.028003454,-0.034887031,0
-0.24902296,2.7379849,-2.198524,0.032471299,0.9903267,-0.13490286,0
0.13479674,0.33075297,-5.0904632,0.030771814,-0.13590065,-0.99024463,0
-0.39260989,-0.016818047,-3.1029947,-0.99899894,0.028003454,-0.034887031,0
-0.50741422,1.3605907,1.290085,-0.99899894,0.028003454,-0.034887031,0
0.31993985,-2.4561632,3.1988909,0.99899894,-0.028003454,0.034887031,0
-0.33948684,2.1450586,-2.8888776,-0.99899894,0.028003454,-0.034887031,0
0.117522,2.642823,-2.8088832,0.032471299,0.9903267,-0.13490286,0
0.1321497,-2.9899154,0.32096177,-0.032471299,-0.9903267,0.13490286,0
-0.33070612,-1.4235656,5.2343521,-0.030771814,0.13590065,0.99024463,0
0.020639896,3.6420398,4.5030847,0.032471299,0.9903267,-0.13490286,0
-0.023560524,3.5111389,3.531498,0.032471299,0.9903267,-0.13490286,0
-0.3143847,-3.3325813,-2.3020427,-0.032471299,-0.9903267,0.13490286,0
-0.23242664,3.2496619,4.5960541,-0.030771814,0.13590065,0.99024463,0
-0.69222617,-1.405766,5.2206745,-0.030771814,0.13590065,0.99024463,0
0.36812466,0.76704174,4.4063287,0.99899894,-0.028003454,0.034887031,0
0.22883916,-2.0289047,5.334816,-0.030771814,0.13590065,0.99024463,0
-0.61709714,-2.6802223,1.1873893,-0.99899894,0.028003454,-0.034887031,0
-0.61043,0.4568454,3.5145452,-0.99899894,0.028003454,-0.034887031,0
-0.1293968,-2.8972569,-4.6556625,0.030771814,-0.13590065,-0.99024463,0
-0.41947922,-1.4689014,-3.4991486,-0.99899894,0.028003454,-0.034887031,0
0.14246845,3.1499715,0.92011762,0.032471299,0.9903267,-0.13490286,0
-0.47580922,0.033244789,-0.68037456,-0.99899894,0.028003454,-0.034887031,0
0.2286396,1.6855416,-5.2734766,0.030771814,-0.13590065,-0.99024463,0
-0.090951681,-1.7957588,5.2928815,-0.030771814,0.13590065,0.99024463,0
0.11925149,3.4111264,2.8316777,0.032471299,0.9903267,-0.13490286,0
-0.45727593,-0.035874397,5.0399733,-0.030771814,0.13590065,0.99024463,0
-0.33001769,3.0042188,4.6267061,-0.030771814,0.13590065,0.99024463,0
0.017297029,-1.4401823,5.2474465,-0.030771814,0.13590065,0.99024463,0
0.69175482,1.9123963,-3.9415505,0.99899894,-0.028003454,0.034887031,0
-0.43061399,3.3903496,2.5468028,0.032471299,0.9903267,-0.13490286,0
0.078720093,-0.96796334,5.1845479,-0.030771814,0.13590065,0.99024463,0
0.02433157,3.2365825,1.527494,0.032471299,0.9903267,-0.13490286,0
-0.44641155,0.81922543,4.9229569,-0.030771814,0.13590065,0.99024463,0
0.510782,2.619128,1.8079414,0.99899894,-0.028003454,0.034887031,0
0.58585018,-1.7784249,-3.8715076,0.99899894,-0.028003454,0.034887031,0
-0.51549506,1.807834,1.8804789,-0.99899894,0.028003454,-0.034887031,0
-0.51477528,-2.5240252,3.5853596,-0.032471299,-0.9903267,0.13490286,0
-0.62505746,-2.7159324,2.1500173,-0.032471299,-0.9903267,0.13490286,0
-0.67691946,-2.4972112,3.0473087,-0.99899894,0.028003454,-0.034887031,0
-0.17172098,3.2569425,1.6297688,0.032471299,0.9903267,-0.13490286,0
0.040723562,2.9483788,-0.58426976,0.032471299,0.9903267,-0.13490286,0
0.19766092,-2.3106456,5.3232765,-0.032471299,-0.9903267,0.13490286,0
-0.56514525,-2.9943151,0.12082043,-0.032471299,-0.9903267,0.13490286,0
-0.025370836,-2.866864,1.18637,-0.032471299,-0.9903267,0.13490286,0
0.47745204,2.6658318,-2.5533366,0.032471299,0.9903267,-0.13490286,0
0.43298519,-1.7353493,0.54039115,0.99899894,-0.028003454,0.034887031,0
0.060130596,2.5428076,4.7021542,-0.030771814,0.13590065,0.99024463,0
0.059095681,1.6991086,4.8179111,-0.030771814,0.13590065,0.99024463,0
-0.0034365654,-0.68516868,5.1431842,-0.030771814,0.13590065,0.99024463,0
0.69614184,0.72641265,-5.0191426,0.99899894,-0.028003454,0.034887031,0
-0.022764444,3.072896,0.3145321,0.032471299,0.9903267,-0.13490286,0
0.5300653,2.2622316,0.96928406,0.99899894,-0.028003454,0.034887031,0
0.17761874,3.1059427,0.60536361,0.032471299,0.9903267,-0.13490286,0
0.35430011,1.0907497,4.9105754,-0.030771814,0.13590065,0.99024463,0
0.52355278,1.2040772,-5.1982369,0.030771814,-0.13590065,-0.99024463,0
-0.24144197,2.1548135,-5.3524876,0.030771814,-0.13590065,-0.99024463,0
-0.41503644,-0.91285729,-3.180042,-0.99899894,0.028003454,-0.034887031,0
0.40943646,-2.7443659,0.40480196,0.99899894,-0.028003454,0.034887031,0
0.51756835,2.1875994,-5.3334012,0.030771814,-0.13590065,-0.99024463,0
0.093368411,-2.7146215,-4.6738043,0.030771814,-0.13590065,-0.99024463,0
-0.34944999,0.20225793,-4.1630387,-0.99899894,0.028003454,-0.034887031,0
0.13030529,1.3291464,4.8708968,-0.030771814,0.13590065,0.99024463,0
0.4805339,0.75627607,1.1788179,0.99899894,-0.028003454,0.034887031,0
0.52505124,-2.9602447,-4.6266809,0.030771814,-0.13590065,-0.99024463,0
-0.45858049,-3.3179765,-2.229537,-0.032471299,-0.9903267,0.13490286,0
-0.3842442,0.95961052,-2.55878,-0.99899894,0.028003454,-0.034887031,0
-0.12141299,1.3626605,-5.2400432,0.030771814,-0.13590065,-0.99024463,0
0.43053836,1.1286967,2.9093916,0.99899894,-0.028003454,0.034887031,0
-0.67852378,-2.0258961,3.4715676,-0.99899894,0.028003454,-0.034887031,0
0.39931655,-1.3418548,1.8203646,0.99899894,-0.028003454,0.034887031,0
0.61994827,-1.3288817,-4.4870749,0.99899894,-0.028003454,0.034887031,0
0.0099849701,3.3933406,4.583869,-0.030771814,0.13590065,0.99024463,0
0.4013989,3.400265,2.8198555,0.032471299,0.9903267,-0.13490286,0
-0.40837693,-0.80245793,5.1466975,-0.030771814,0.13590065,0.99024463,0
-0.053525448,-2.7710943,1.8826421,-0.032471299,-0.9903267,0.13490286,0
0.20124173,3.5556114,3.9120812,0.032471299,0.9903267,-0.13490286,0
0.70224094,1.7967547,-4.3346467,0.99899894,-0.028003454,0.034887031,0
0.5835495,2.225033,-0.59211361,0.99899894,-0.028003454,0.034887031,0
-0.49009341,-0.92481762,-1.0403653,-0.99899894,0.028003454,-0.034887031,0
0.13353419,-3.455266,-3.0948608,-0.032471299,-0.9903267,0.13490286,0
-0.13002852,-1.3702385,-4.8652487,0.030771814,-0.13590065,-0.99024463,0
-0.44446683,3.3969345,2.5918028,0.032471299,0.9903267,-0.13490286,0
-0.55681747,0.58915794,4.9511008,-0.030771814,0.13590065,0.99024463,0
-0.34521985,-0.56994307,5.1167502,-0.030771814,0.13590065,0.99024463,0
0.54531145,-3.3377202,-3.962297,0.99899894,-0.028003454,0.034887031,0
0.20964026,2.728339,-2.1589346,0.032471299,0.9903267,-0.13490286,0
0.2388494,-3.081923,-0.32878494,-0.032471299,-0.9903267,0.13490286,0
-0.56535101,-1.5527821,0.61059546,-0.99899894,0.028003454,-0.034887031,0
-0.33297205,1.57965,-3.5292785,-0.99899894,0.028003454,-0.034887031,0
-0.1790438,1.4611739,4.8431649,-0.030771814,0.13590065,0.99024463,0
0.26794291,-3.4291468,-2.8707676,-0.032471299,-0.9903267,0.13490286,0
0.57498646,2.4404294,-4.1845469,0.032471299,0.9903267,-0.13490286,0
-0.28170401,0.87035435,4.9210587,-0.030771814,0.13590065,0.99024463,0
0.52352935,-0.94538903,-1.4182701,0.99899894,-0.028003454,0.034887031,0
0.045863271,0.7924397,4.9419303,-0.030771814,0.13590065,0.99024463,0
0.32869458,-2.5775466,2.8507662,0.99899894,-0.028003454,0.034887031,0
-0.16119647,-2.3847322,4.6930242,-0.032471299,-0.9903267,0.13490286,0
0.34528899,-2.5050881,2.4337416,0.99899894,-0.028003454,0.034887031,0
-0.61305189,-2.114413,5.3203893,-0.030771814,0.13590065,0.99024463,0
0.60724568,0.43895781,-2.7043133,0.99899894,-0.028003454,0.034887031,0
0.10292256,-3.0638728,-4.625577,0.030771814,-0.13590065,-0.99024463,0
-0.20798743,2.4646575,4.7045474,-0.030771814,0.13590065,0.99024463,0
0.61059225,0.47794393,-5.0958781,0.030771814,-0.13590065,-0.99024463,0
0.47490484,1.4115741,1.8660057,0.99899894,-0.028003454,0.034887031,0
0.073637009,-2.0624995,5.3346038,-0.030771814,0.13590065,0.99024463,0
0.024898767,2.5278251,-3.675379,0.032471299,0.9903267,-0.13490286,0
0.012007356,-1.9301386,-4.7839947,0.030771814,-0.13590065,-0.99024463,0
-0.15718365,2.626852,4.6838665,-0.030771814,0.13590065,0.99024463,0
-0.44828045,1.9963514,0.10708648,-0.99899894,0.028003454,-0.034887031,0
0.40463561,1.4180126,3.8833537,0.99899894,-0.028003454,0.034887031,0
-0.51067209,2.9364157,2.6482689,-0.99899894,0.028003454,-0.034887031,0
-0.41675758,-3.6320605,-4.5251718,-0.032471299,-0.9903267,0.13490286,0
0.25224018,-3.5631111,-4.5524216,0.030771814,-0.13590065,-0.99024463,0
-0.067752838,3.1288135,0.71419597,0.032471299,0.9903267,-0.13490286,0
0.056843787,-1.399297,-4.8554544,0.030771814,-0.13590065,-0.99024463,0
0.32489491,-3.1616678,-4.605257,0.030771814,-0.13590065,-0.99024463,0
0.26920414,-2.111486,4.9283915,0.99899894,-0.028003454,0.034887031,0
0.43823051,-3.2567036,-4.5886927,0.030771814,-0.13590065,-0.99024463,0
0.017701149,0.0085135698,5.0486412,-0.030771814,0.13590065,0.99024463,0
0.06283021,1.3472643,-5.2322044,0.030771814,-0.13590065,-0.99024463,0
-0.61291337,-2.639008,2.7176435,-0.032471299,-0.9903267,0.13490286,0
0.33293748,3.244765,1.6618457,0.032471299,0.9903267,-0.13490286,0
0.27341914,-2.7220728,2.3212075,-0.032471299,-0.9903267,0.13490286,0
0.64762712,2.5956273,-2.1295152,0.99899894,-0.028003454,0.034887031,0
-0.32334089,-1.6964917,-4.8264818,0.030771814,-0.13590065,-0.99024463,0
-0.21718502,-2.4808965,3.9736035,-0.032471299,-0.9903267,0.13490286,0
-0.60033178,0.35855168,3.1464829,-0.99899894,0.028003454,-0.034887031,0
0.20357609,-2.6414318,2.896384,-0.032471299,-0.9903267,0.13490286,0
0.023526311,1.8902249,4.7905765,-0.030771814,0.13590065,0.99024463,0
-0.080065012,3.599478,4.5527806,-0.030771814,0.13590065,0.99024463,0
-0.51312232,-0.77174193,-0.2580533,-0.99899894,0.028003454,-0.034887031,0
0.077095985,2.036207,-5.3263116,0.030771814,-0.13590065,-0.99024463,0
-0.13685417,-2.6519027,2.7375751,-0.032471299,-0.9903267,0.13490286,0
-0.042557478,1.126816,-5.2052255,0.030771814,-0.13590065,-0.99024463,0
-0.11642194,-3.0664461,-0.30068564,-0.032471299,-0.9903267,0.13490286,0
-0.19022632,-2.3772128,4.7412362,-0.032471299,-0.9903267,0.13490286,0
-0.13041198,-0.051198423,5.0522332,-0.030771814,0.13590065,0.99024463,0
-0.27590573,-0.77983272,5.1477098,-0.030771814,0.13590065,0.99024463,0
-0.42591882,3.659399,4.5338097,-0.030771814,0.13590065,0.99024463,0
0.37115651,0.13814151,3.814702,0.99899894,-0.028003454,0.034887031,0
-0.18235326,2.982655,-0.38634217,0.032471299,0.9903267,-0.13490286,0
-0.24569428,-0.70082581,5.1378055,-0.030771814,0.13590065,0.99024463,0
0.15866995,-3.635078,-4.4088192,-0.032471299,-0.9903267,0.13490286,0
-0.25466776,-3.3571815,-2.468262,-0.032471299,-0.9903267,0.13490286,0
-0.56173027,0.81994033,2.4114678,-0.99899894,0.028003454,-0.034887031,0
0.22550702,3.3973739,4.5900126,-0.030771814,0.13590065,0.99024463,0
-0.18236795,-0.79479682,-4.9458489,0.030771814,-0.13590065,-0.99024463,0
-0.44023681,-2.8554702,1.1701529,-0.032471299,-0.9903267,0.13490286,0
-0.48859191,-2.8537874,1.1708664,-0.032471299,-0.9903267,0.13490286,0
0.43011642,2.4750092,-3.9655654,0.032471299,0.9903267,-0.13490286,0
0.42702121,2.2750568,3.9302735,0.99899894,-0.028003454,0.034887031,0
-0.32619727,0.038059562,5.0338993,-0.030771814,0.13590065,0.99024463,0
0.60593778,-1.6581801,-4.3502049,0.99899894,-0.028003454,0.034887031,0
0.41530433,0.54825908,2.8797133,0.99899894,-0.028003454,0.034887031,0
0.53245163,2.1225619,-5.3240128,0.030771814,-0.13590065,-0.99024463,0
0.18666697,3.5779178,4.5640283,-0.030771814,0.13590065,0.99024463,0
-0.6145556,-2.5845101,3.1173196,-0.032471299,-0.9903267,0.13490286,0
0.26099253,3.0939631,0.53748786,0.032471299,0.9903267,-0.13490286,0
0.55884659,1.3856652,-0.55848652,0.99899894,-0.028003454,0.034887031,0
0.25432086,-2.6570492,2.7939489,-0.032471299,-0.9903267,0.13490286,0
0.30815017,-1.0115983,4.6960263,0.99899894,-0.028003454,0.034887031,0
-0.39082193,3.0643251,0.16302168,0.032471299,0.9903267,-0.13490286,0
0.53985429,-1.6670086,-2.4649711,0.99899894,-0.028003454,0.034887031,0
0.058156729,3.2470157,1.6122305,0.032471299,0.9903267,-0.13490286,0
0.43882254,0.61379856,2.2588704,0.99899894,-0.028003454,0.034887031,0
0.35340905,3.2902317,2.0005457,0.032471299,0.9903267,-0.13490286,0
-0.25052845,3.0540469,4.6223388,-0.030771814,0.13590065,0.99024463,0
-0.41603231,3.6358511,4.3525453,0.032471299,0.9903267,-0.13490286,0
-0.36188197,1.3898628,-2.8537741,-0.99899894,0.028003454,-0.034887031,0
0.10660136,2.8735588,4.658206,-0.030771814,0.13590065,0.99024463,0
0.5346632,2.3947358,-4.5296907,0.032471299,0.9903267,-0.13490286,0
0.35691667,2.6227593,4.7004046,-0.030771814,0.13590065,0.99024463,0
0.35765481,-1.4423288,2.9327028,0.99899894,-0.028003454,0.034887031,0
0.41158146,-0.55648899,-4.9600973,0.030771814,-0.13590065,-0.99024463,0
-0.64580035,-2.3701572,2.2581933,-0.99899894,0.028003454,-0.034887031,0
-0.54074633,-0.059638426,5.0406404,-0.030771814,0.13590065,0.99024463,0
-0.65417176,0.28064686,4.6256719,-0.99899894,0.028003454,-0.034887031,0
0.44257689,1.7897155,3.0952528,0.99899894,-0.028003454,0.034887031,0
0.16285825,2.3450778,-4.9837284,0.032471299,0.9903267,-0.13490286,0
0.35581064,2.5150344,-3.6896262,0.032471299,0.9903267,-0.13490286,0
-0.52426612,-2.2596669,-1.1332854,-0.99899894,0.028003454,-0.034887031,0
0.52795839,1.1712706,0.15391809,0.99899894,-0.028003454,0.034887031,0
0.048812807,1.7251751,4.814014,-0.030771814,0.13590065,0.99024463,0
0.39041215,-0.013582468,3.1415255,0.99899894,-0.028003454,0.034887031,0
-0.58228755,0.23066935,2.527133,-0.99899894,0.028003454,-0.034887031,0
-0.40524054,1.6132131,-1.4329123,-0.99899894,0.028003454,-0.034887031,0
-0.16587138,3.5759017,3.9726677,0.032471299,0.9903267,-0.13490286,0
-0.23460102,-3.3529441,-2.4323232,-0.032471299,-0.9903267,0.13490286,0
-0.64853191,-1.4032947,3.1124976,-0.99899894,0.028003454,-0.034887031,0
0.39227629,-3.4778214,-3.1981604,-0.032471299,-0.9903267,0.13490286,0
0.30131471,-0.84582859,5.0248199,0.99899894,-0.028003454,0.034887031,0
-0.42821702,-0.042026818,-2.1036093,-0.99899894,0.028003454,-0.034887031,0
0.091720819,0.95264322,-5.1771493,0.030771814,-0.13590065,-0.99024463,0
-0.45356035,-1.9539533,-2.9125707,-0.99899894,0.028003454,-0.034887031,0
-0.061928496,-0.90767282,-4.9266152,0.030771814,-0.13590065,-0.99024463,0
0.45745802,3.5172868,3.6924119,0.032471299,0.9903267,-0.13490286,0
0.04169035,-2.9218376,0.79894799,-0.032471299,-0.9903267,0.13490286,0
-0.17334867,-3.2867198,-1.9314258,-0.032471299,-0.9903267,0.13490286,0
-0.24257469,-3.5479543,-3.8658204,-0.032471299,-0.9903267,0.13490286,0
0.067109346,-1.9734628,5.3221812,-0.030771814,0.13590065,0.99024463,0
-0.013879061,-2.375139,4.7989087,-0.032471299,-0.9903267,0.13490286,0
-0.54120636,-3.0869198,-0.55323088,-0.032471299,-0.9903267,0.13490286,0
0.082297802,1.1266942,-5.2013288,0.030771814,-0.13590065,-0.99024463,0
-0.11993432,2.8288977,-1.5000551,0.032471299,0.9903267,-0.13490286,0
-0.50822735,2.9745035,4.6252465,-0.030771814,0.13590065,0.99024463,0
0.030820847,-2.3772588,4.7941065,-0.032471299,-0.9903267,0.13490286,0
-0.074295282,2.6935487,-2.4826717,0.032471299,0.9903267,-0.13490286,0
0.42667103,2.4868782,4.1103272,0.99899894,-0.028003454,0.034887031,0
0.36690021,-1.7228804,2.44277,0.99899894,-0.028003454,0.034887031,0
0.033313155,0.59594595,-5.1300116,0.030771814,-0.13590065,-0.99024463,0
0.29135299,-1.6099639,4.6967163,0.99899894,-0.028003454,0.034887031,0
0.38351095,0.91623169,4.0854902,0.99899894,-0.028003454,0.034887031,0
0.41667056,2.4387286,-4.2351394,0.032471299,0.9903267,-0.13490286,0
-0.26352662,-2.3133967,-4.7399592,0.030771814,-0.13590065,-0.99024463,0
-0.63540429,1.0222481,4.6835318,-0.99899894,0.028003454,-0.034887031,0
-0.32107282,-3.349544,-2.4281769,-0.032471299,-0.9903267,0.13490286,0
0.16796875,-2.3690181,4.8876133,-0.032471299,-0.9903267,0.13490286,0
-0.46742332,-2.9731352,-3.3336797,-0.99899894,0.028003454,-0.034887031,0
-0.54731083,3.5864046,4.219161,-0.99899894,0.028003454,-0.034887031,0
0.15718317,2.6741152,4.68715,-0.030771814,0.13590065,0.99024463,0
0.52696127,-0.7641027,-4.928019,0.030771814,-0.13590065,-0.99024463,0
0.42084897,-1.7396526,0.88446379,0.99899894,-0.028003454,0.034887031,0
-0.20859614,-0.6809786,-4.9622846,0.030771814,-0.13590065,-0.99024463,0
-0.27502918,3.1692951,0.96147883,0.032471299,0.9903267,-0.13490286,0
0.25717866,0.38109064,5.004951,-0.030771814,0.13590065,0.99024463,0
-0.56056297,2.3504705,3.6065826,-0.99899894,0.028003454,-0.034887031,0
-0.53315473,-2.3022738,5.2088213,-0.032471299,-0.9903267,0.13490286,0
0.34237158,-0.46069044,4.1582913,0.99899894,-0.028003454,0.034887031,0
-0.2538085,-0.59930986,-4.9748969,0.030771814,-0.13590065,-0.99024463,0
0.70163846,2.3780928,-4.6116772,0.032471299,0.9903267,-0.13490286,0
-0.47276866,1.7527728,0.61279511,-0.99899894,0.028003454,-0.034887031,0
-0.019311428,1.4498785,4.849679,-0.030771814,0.13590065,0.99024463,0
-0.22447115,-0.24348545,-5.0228186,0.030771814,-0.13590065,-0.99024463,0
-0.087940328,-1.2650008,-4.8783836,0.030771814,-0.13590065,-0.99024463,0
0.54379803,-1.1248533,-2.1427214,0.99899894,-0.028003454,0.034887031,0
-0.14997292,-0.20755285,5.0730839,-0.030771814,0.13590065,0.99024463,0
0.32636809,-2.9368591,-4.6360641,0.030771814,-0.13590065,-0.99024463,0
-0.18105841,1.9489653,-5.32236,0.030771814,-0.13590065,-0.99024463,0
0.058849573,-3.0974708,-0.48624957,-0.032471299,-0.9903267,0.13490286,0
-0.034240961,2.8884077,-1.0425661,0.032471299,0.9903267,-0.13490286,0
0.16623521,-2.7580519,2.0312848,-0.032471299,-0.9903267,0.13490286,0
-0.10282516,2.3459496,-5.0412807,0.032471299,0.9903267,-0.13490286,0
0.5960319,2.5160065,-0.7159785,0.99899894,-0.028003454,0.034887031,0
0.58319497,2.3646059,-4.7391953,0.032471299,0.9903267,-0.13490286,0
0.36691308,-1.9563075,2.2550232,0.99899894,-0.028003454,0.034887031,0
-0.028056383,2.7648079,-1.9484272,0.032471299,0.9903267,-0.13490286,0
0.31632853,2.5914059,-3.138485,0.032471299,0.9903267,-0.13490286,0
0.65492916,2.395854,-2.4989753,0.99899894,-0.028003454,0.034887031,0
-0.078061581,3.1845579,1.1209366,0.032471299,0.9903267,-0.13490286,0
0.42140174,1.5633881,-5.2507229,0.030771814,-0.13590065,-0.99024463,0
-0.53373909,-1.1182135,0.054205403,-0.99899894,0.028003454,-0.034887031,0
-0.19349504,2.7578142,-2.0395899,0.032471299,0.9903267,-0.13490286,0
0.55213624,0.53310049,-1.050674,0.99899894,-0.028003454,0.034887031,0
-0.57771242,-1.8293927,0.74253827,-0.99899894,0.028003454,-0.034887031,0
0.13805652,-3.538367,-4.5593657,0.030771814,-0.13590065,-0.99024463,0
0.11635804,-3.5232215,-3.597857,-0.032471299,-0.9903267,0.13490286,0
-0.45015693,1.1055987,-0.55417395,-0.99899894,0.028003454,-0.034887031,0
0.13759065,2.9784374,-0.34029287,0.032471299,0.9903267,-0.13490286,0
-0.39270848,-0.65689319,-3.6139493,-0.99899894,0.028003454,-0.034887031,0
0.18526602,3.5822423,4.5633917,-0.030771814,0.13590065,0.99024463,0
0.27936745,-1.9498109,4.7671275,0.99899894,-0.028003454,0.034887031,0
-0.58914828,0.3567954,2.8248289,-0.99899894,0.028003454,-0.034887031,0
-0.32468486,1.8192878,-3.5742326,-0.99899894,0.028003454,-0.034887031,0
0.054529905,-2.3087482,5.3027496,-0.032471299,-0.9903267,0.13490286,0
-0.28719497,0.33392125,-5.1040115,0.030771814,-0.13590065,-0.99024463,0
0.46940851,2.8051739,-1.5323565,0.032471299,0.9903267,-0.13490286,0
0.004024744,-2.7139707,2.3158426,-0.032471299,-0.9903267,0.13490286,0
-0.22830701,-3.4396009,-3.066958,-0.032471299,-0.9903267,0.13490286,0
-0.53943789,0.72499108,1.6969029,-0.99899894,0.028003454,-0.034887031,0
-0.41416693,-2.7056878,2.2759867,-0.032471299,-0.9903267,0.13490286,0
-0.2519756,1.2666677,4.8675928,-0.030771814,0.13590065,0.99024463,0
0.60768449,-0.74147087,-3.6643922,0.99899894,-0.028003454,0.034887031,0
0.67346525,2.565984,-2.8931966,0.99899894,-0.028003454,0.034887031,0
-0.17019796,-1.5821699,5.2611065,-0.030771814,0.13590065,0.99024463,0
-0.54546338,1.5545025,2.5352809,-0.99899894,0.028003454,-0.034887031,0
0.43353701,2.6686413,4.0596128,0.99899894,-0.028003454,0.034887031,0
0.1498661,3.1152332,4.6263833,-0.030771814,0.13590065,0.99024463,0
0.65051019,-0.62055111,-4.7936587,0.99899894,-0.028003454,0.034887031,0
0.022511005,-3.0603817,-0.22272396,-0.032471299,-0.9903267,0.13490286,0
-0.39439189,-0.058712423,-3.0855927,-0.99899894,0.028003454,-0.034887031,0
-0.57624739,-1.2887976,1.134516,-0.99899894,0.028003454,-0.034887031,0
-0.48114395,-3.3659022,-3.2560618,-0.99899894,0.028003454,-0.034887031,0
0.70444608,2.3804109,-3.9292929,0.99899894,-0.028003454,0.034887031,0
0.70195067,1.0188464,-4.9507494,0.99899894,-0.028003454,0.034887031,0
0.044342756,-3.2115157,-1.3269496,-0.032471299,-0.9903267,0.13490286,0
-0.17083001,-3.0050089,0.13723129,-0.032471299,-0.9903267,0.13490286,0
0.24673271,-2.8964965,1.0343312,-0.032471299,-0.9903267,0.13490286,0
-0.33935273,0.10026556,-4.5340438,-0.99899894,0.028003454,-0.034887031,0
-0.16847014,2.9149742,-0.87984753,0.032471299,0.9903267,-0.13490286,0
-0.38137102,3.5184169,3.4988022,0.032471299,0.9903267,-0.13490286,0
-0.31471729,-0.054446042,5.0469508,-0.030771814,0.13590065,0.99024463,0
-0.4411602,3.101408,0.79021859,-0.99899894,0.028003454,-0.034887031,0
-0.29383951,0.57915854,4.9606442,-0.030771814,0.13590065,0.99024463,0
-0.46272725,2.0375581,4.7552462,-0.030771814,0.13590065,0.99024463,0
0.19867802,2.6514606,-2.7259371,0.032471299,0.9903267,-0.13490286,0
-0.48951569,1.0309631,4.8925586,-0.030771814,0.13590065,0.99024463,0
-0.097391605,-2.3180344,5.1980104,-0.032471299,-0.9903267,0.13490286,0
-0.02782172,0.46359184,4.9847717,-0.030771814,0.13590065,0.99024463,0
0.4601742,-2.0872557,-4.7485051,0.030771814,-0.13590065,-0.99024463,0
0.18370557,-3.6473644,-4.4929838,-0.032471299,-0.9903267,0.13490286,0
0.16077089,-2.8038616,1.6936772,-0.032471299,-0.9903267,0.13490286,0
0.43207884,-0.59434211,1.4822227,0.99899894,-0.028003454,0.034887031,0
-0.33285046,1.3888264,-3.6859307,-0.99899894,0.028003454,-0.034887031,0
-0.1581986,-1.6481432,5.2705336,-0.030771814,0.13590065,0.99024463,0
-0.13974285,3.516273,3.541223,0.032471299,0.9903267,-0.13490286,0
-0.027045488,-0.29040384,5.0882735,-0.030771814,0.13590065,0.99024463,0
-0.49708629,2.154846,1.6318777,-0.99899894,0.028003454,-0.034887031,0
0.47081447,0.69589216,-5.1301332,0.030771814,-0.13590065,-0.99024463,0
0.05052352,3.5980275,4.1871805,0.032471299,0.9903267,-0.13490286,0
0.45416045,-3.1753123,-1.2217932,0.99899894,-0.028003454,0.034887031,0
0.49232143,0.15652213,0.35986534,0.99899894,-0.028003454,0.034887031,0
0.16063499,0.065134048,5.0453119,-0.030771814,0.13590065,0.99024463,0
-0.42484701,0.73323435,-1.5778152,-0.99899894,0.028003454,-0.034887031,0
0.53340507,-1.7043793,-2.3102906,0.99899894,-0.028003454,0.034887031,0
0.29869246,-2.2603045,3.9645288,0.99899894,-0.028003454,0.034887031,0
-0.064856291,-2.9402521,0.63812131,-0.032471299,-0.9903267,0.13490286,0
-0.11289084,-2.4978809,-4.709959,0.030771814,-0.13590065,-0.99024463,0
-0.24940085,1.4887286,-5.2613215,0.030771814,-0.13590065,-0.99024463,0
0.47167933,-2.1668158,-0.91395223,0.99899894,-0.028003454,0.034887031,0
-0.49526998,-1.223974,-1.1322604,-0.99899894,0.028003454,-0.034887031,0
-0.61355805,0.32113284,3.4951837,-0.99899894,0.028003454,-0.034887031,0
0.29555321,2.2445998,-5.3481236,0.030771814,-0.13590065,-0.99024463,0
0.48048174,2.6289492,2.6834781,0.99899894,-0.028003454,0.034887031,0
0.14790672,-0.054011166,-5.037251,0.030771814,-0.13590065,-0.99024463,0
-0.061813354,3.0920868,4.622982,-0.030771814,0.13590065,0.99024463,0
0.32449389,-0.54617918,4.6016059,0.99899894,-0.028003454,0.034887031,0
-0.12569104,-1.4517713,-4.8539248,0.030771814,-0.13590065,-0.99024463,0
0.21379042,3.4965048,3.4811988,0.032471299,0.9903267,-0.13490286,0
0.40472388,3.2677195,1.8476372,0.032471299,0.9903267,-0.13490286,0
-0.1462059,-1.9729402,5.3154812,-0.030771814,0.13590065,0.99024463,0
-0.51047015,3.0469117,4.6152396,-0.030771814,0.13590065,0.99024463,0
-0.69346464,-1.1534286,4.5997248,-0.99899894,0.028003454,-0.034887031,0
0.6025722,-1.5359037,-4.1556821,0.99899894,-0.028003454,0.034887031,0
-0.55968118,-2.2445889,-0.10706174,-0.99899894,0.028003454,-0.034887031,0
0.24865341,3.0403779,0.14114553,0.032471299,0.9903267,-0.13490286,0
0.5476408,-1.2705863,-2.3697398,0.99899894,-0.028003454,0.034887031,0
-0.017328978,3.4840355,3.3340311,0.032471299,0.9903267,-0.13490286,0
0.69765949,2.1665006,-3.9066646,0.99899894,-0.028003454,0.034887031,0
0.09294343,2.6512957,-2.7526,0.032471299,0.9903267,-0.13490286,0
-0.40660912,-0.27821833,-2.9119444,-0.99899894,0.028003454,-0.034887031,0
0.5063417,-1.817225,-1.6259079,0.99899894,-0.028003454,0.034887031,0
0.15928149,-1.6547105,5.2813005,-0.030771814,0.13590065,0.99024463,0
0.039664268,3.3332896,2.2411172,0.032471299,0.9903267,-0.13490286,0
-0.054353476,-2.8150058,-4.664618,0.030771814,-0.13590065,-0.99024463,0
-0.51279593,-2.3246355,5.0495629,-0.032471299,-0.9903267,0.13490286,0
0.52597737,2.1202836,0.97239888,0.99899894,-0.028003454,0.034887031,0
0.19939208,2.4577439,-4.1478472,0.032471299,0.9903267,-0.13490286,0
0.15078175,-0.0062816143,5.0548072,-0.030771814,0.13590065,0.99024463,0
-0.084483147,3.3140397,2.0699232,0.032471299,0.9903267,-0.13490286,0
0.61631882,0.67933285,-2.7711813,0.99899894,-0.028003454,0.034887031,0
0.35836679,0.98450327,4.8603005,0.99899894,-0.028003454,0.034887031,0
-0.022645473,3.4936535,3.4033575,0.032471299,0.9903267,-0.13490286,0
0.54244328,-0.20739362,-1.3674965,0.99899894,-0.028003454,0.034887031,0
-0.4260717,-0.75334615,-2.7360055,-0.99899894,0.028003454,-0.034887031,0
-0.56471562,3.1274788,4.6024966,-0.030771814,0.13590065,0.99024463,0
0.33674884,-3.4419868,-2.9484637,-0.032471299,-0.9903267,0.13490286,0
-0.14731288,-2.733865,2.1333675,-0.032471299,-0.9903267,0.13490286,0
0.52566791,-1.4890304,-1.9158795,0.99899894,-0.028003454,0.034887031,0
-0.15031481,2.0412893,-5.3340759,0.030771814,-0.13590065,-0.99024463,0
0.40846097,-1.5861247,-4.8188872,0.030771814,-0.13590065,-0.99024463,0
-0.11446786,-2.7537796,1.9950789,-0.032471299,-0.9903267,0.13490286,0
0.58458835,-1.0480814,-3.24914,0.99899894,-0.028003454,0.034887031,0
-0.28853774,3.2015901,1.1953082,0.032471299,0.9903267,-0.13490286,0
-0.35607505,-3.3311744,-2.3017483,-0.032471299,-0.9903267,0.13490286,0
-0.44112462,-0.15858757,-1.8275591,-0.99899894,0.028003454,-0.034887031,0
0.58059895,2.3336523,-0.42044032,0.99899894,-0.028003454,0.034887031,0
-0.087120771,-2.3170426,5.2077656,-0.032471299,-0.9903267,0.13490286,0
-0.35468793,-2.7148592,2.2229755,-0.032471299,-0.9903267,0.13490286,0
-0.33006966,2.2671089,4.7278657,-0.030771814,0.13590065,0.99024463,0
-0.036873609,0.57335174,4.9694266,-0.030771814,0.13590065,0.99024463,0
0.45649505,3.4297123,3.0492952,0.032471299,0.9903267,-0.13490286,0
0.20139085,-0.93965149,-4.9140444,0.030771814,-0.13590065,-0.99024463,0
-0.27246642,2.6844497,-2.5971694,0.032471299,0.9903267,-0.13490286,0
-0.4209604,-1.642511,-3.5960894,-0.99899894,0.028003454,-0.034887031,0
-0.29667377,-0.31104282,5.0827274,-0.030771814,0.13590065,0.99024463,0
-0.10094666,3.2635918,1.6956158,0.032471299,0.9903267,-0.13490286,0
-0.023944378,2.3708103,-4.8397894,0.032471299,0.9903267,-0.13490286,0
-0.040409327,3.3175573,2.1063526,0.032471299,0.9903267,-0.13490286,0
-0.36233267,-1.5502772,-4.8477597,0.030771814,-0.13590065,-0.99024463,0
0.47238302,-0.78753346,0.17302859,0.99899894,-0.028003454,0.034887031,0
-0.57556272,-1.8910707,0.63147086,-0.99899894,0.028003454,-0.034887031,0
0.59145063,-1.6993175,-3.9683785,0.99899894,-0.028003454,0.034887031,0
0.60647947,-1.9073565,-4.5657287,0.99899894,-0.028003454,0.034887031,0
0.45502183,0.91390032,2.0358853,0.99899894,-0.028003454,0.034887031,0
0.13541126,-3.1397607,-0.77827251,-0.032471299,-0.9903267,0.13490286,0
0.32616699,0.46582586,4.9954648,-0.030771814,0.13590065,0.99024463,0
0.46415538,1.8313161,2.51074,0.99899894,-0.028003454,0.034887031,0
0.23333788,-3.3827791,-4.5777578,0.030771814,-0.13590065,-0.99024463,0
-0.29539061,0.27895641,-5.0967221,0.030771814,-0.13590065,-0.99024463,0
0.10684037,3.1220067,0.70625138,0.032471299,0.9903267,-0.13490286,0
0.12451935,-3.3590062,-4.5844011,0.030771814,-0.13590065,-0.99024463,0
0.65393615,0.71580654,-3.819087,0.99899894,-0.028003454,0.034887031,0
0.21987176,-2.5228875,3.7705441,-0.032471299,-0.9903267,0.13490286,0
-0.3473289,1.7635874,-2.9705217,-0.99899894,0.028003454,-0.034887031,0
0.15164995,0.31542617,-5.0878358,0.030771814,-0.13590065,-0.99024463,0
-0.29498076,1.6154909,-4.5883923,-0.99899894,0.028003454,-0.034887031,0
-0.47210592,-1.0826024,-1.6820954,-0.99899894,0.028003454,-0.034887031,0
0.12846017,2.4076738,4.7228227,-0.030771814,0.13590065,0.99024463,0
0.45884937,-0.015121162,1.180572,0.99899894,-0.028003454,0.034887031,0
0.56658614,-2.5734344,-3.9580264,0.99899894,-0.028003454,0.034887031,0
0.61856508,-1.5181592,-4.5993948,0.99899894,-0.028003454,0.034887031,0
0.24305916,-3.6173072,-4.545269,0.030771814,-0.13590065,-0.99024463,0
-0.45191795,0.31142598,-1.1412153,-0.99899894,0.028003454,-0.034887031,0
0.043765187,-2.9205055,-4.6470914,0.030771814,-0.13590065,-0.99024463,0
-0.52389812,3.2380698,3.2691238,-0.99899894,0.028003454,-0.034887031,0
-0.36279827,-1.176666,-4.8876495,-0.99899894,0.028003454,-0.034887031,0
-0.47454762,2.3280671,1.1255136,-0.99899894,0.028003454,-0.034887031,0
-0.50089872,0.84962064,4.9170928,-0.030771814,0.13590065,0.99024463,0
-0.39108324,2.0226998,-1.5096171,-0.99899894,0.028003454,-0.034887031,0
0.53431737,-2.0474217,-2.6117713,0.99899894,-0.028003454,0.034887031,0
-0.41772556,3.480046,4.5586786,-0.030771814,0.13590065,0.99024463,0
-0.43053913,-2.4900033,3.8553917,-0.032471299,-0.9903267,0.13490286,0
0.11588359,2.6661518,-2.6380198,0.032471299,0.9903267,-0.13490286,0
0.66223991,1.2101181,-3.6600902,0.99899894,-0.028003454,0.034887031,0
0.53593302,1.636822,-5.2572422,0.030771814,-0.13590065,-0.99024463,0
-0.026660919,3.3527453,2.3679776,0.032471299,0.9903267,-0.13490286,0
0.45958412,3.3213956,3.8377018,0.99899894,-0.028003454,0.034887031,0
-0.22390747,2.8406036,-1.4391487,0.032471299,0.9903267,-0.13490286,0
-0.27174664,-1.9674366,5.3108244,-0.030771814,0.13590065,0.99024463,0
0.52893555,-1.1852846,-1.7656393,0.99899894,-0.028003454,0.034887031,0
0.020553827,-3.1933415,-1.199259,-0.032471299,-0.9903267,0.13490286,0
-0.31315196,1.0093064,-4.5546389,-0.99899894,0.028003454,-0.034887031,0
-0.50514084,1.0730518,0.99418008,-0.99899894,0.028003454,-0.034887031,0
-0.55183554,-1.4258239,5.2277894,-0.030771814,0.13590065,0.99024463,0
-0.63207722,-2.364924,4.7250948,-0.032471299,-0.9903267,0.13490286,0
-0.208992,2.946641,-0.65713596,0.032471299,0.9903267,-0.13490286,0
-0.54760188,-1.3326831,0.27901876,-0.99899894,0.028003454,-0.034887031,0
0.022525668,1.9310548,4.7849422,-0.030771814,0.13590065,0.99024463,0
0.51874518,-1.4656676,-1.6988978,0.99899894,-0.028003454,0.034887031,0
-0.037458897,3.600431,4.1836462,0.032471299,0.9903267,-0.13490286,0
