3.9402905,2.1268935,0.72472453,0.85044509,0.41520828,-0.32302529,0
3.5154815,0.92772102,-1.9350772,0.85044509,0.41520828,-0.32302529,0
-0.25973487,1.0491643,4.0030775,0.1424219,0.40938661,0.90117627,0
-1.7139575,-1.993001,-3.2623887,-0.1424219,-0.40938661,-0.90117627,0
3.5792453,1.8282166,-0.60972905,0.85044509,0.41520828,-0.32302529,0
-3.6420374,-2.440768,-0.34294534,-0.85044509,-0.41520828,0.32302529,0
-1.7449764,-0.2581684,4.0617437,0.50641805,-0.81240672,0.28902608,0
3.580843,2.1801815,-0.1531167,0.85044509,0.41520828,-0.32302529,0
-0.78589129,1.1600645,2.9078126,-0.50641805,0.81240672,-0.28902608,0
-0.72871804,0.81584048,4.1831899,0.1424219,0.40938661,0.90117627,0
0.22739303,-1.0541593,-1.6315552,0.50641805,-0.81240672,0.28902608,0
-3.9398978,-2.3985169,-1.0728264,-0.85044509,-0.41520828,0.32302529,0
1.6220604,-0.64969158,-4.3998523,-0.1424219,-0.40938661,-0.90117627,0
3.2106404,1.962836,-1.4071381,0.85044509,0.41520828,-0.32302529,0
0.67851257,1.9756563,3.4339099,0.1424219,0.40938661,0.90117627,0
3.4175072,2.2404337,-0.50569224,0.85044509,0.41520828,-0.32302529,0
-1.5292586,-0.84468216,-1.4247203,-0.50641805,0.81240672,-0.28902608,0
0.57027173,-0.71800131,-4.2025957,-0.1424219,-0.40938661,-0.90117627,0
2.8231883,2.5797069,2.8205571,0.1424219,0.40938661,0.90117627,0
-0.53094769,-0.34899443,-1.7806144,-0.50641805,0.81240672,-0.28902608,0
3.1834269,1.6432351,-1.8895912,0.85044509,0.41520828,-0.32302529,0
-2.581604,0.21208382,4.7502947,0.1424219,0.40938661,0.90117627,0
0.94168878,1.8546692,1.8332515,-0.50641805,0.81240672,-0.28902608,0
3.3983626,2.5055118,-0.21537113,0.85044509,0.41520828,-0.32302529,0
-0.25166416,0.88117445,4.0781164,0.1424219,0.40938661,0.90117627,0
2.4201453,2.0256863,3.1359344,0.1424219,0.40938661,0.90117627,0
-0.70662284,-1.8915385,-3.46768,-0.1424219,-0.40938661,-0.90117627,0
1.0934622,-0.0068661869,-0.20526564,0.50641805,-0.81240672,0.28902608,0
-1.9450529,-2.6580489,-2.9237485,-0.1424219,-0.40938661,-0.90117627,0
-3.1561816,-2.1087589,1.3326733,0.50641805,-0.81240672,0.28902608,0
-3.3584509,-1.7025712,1.3525276,-0.85044509,-0.41520828,0.32302529,0
3.4963646,3.5851476,2.2574162,0.1424219,0.40938661,0.90117627,0
-1.736383,0.33188903,4.5622911,0.1424219,0.40938661,0.90117627,0
-3.0056598,-0.48583424,3.8453002,-0.85044509,-0.41520828,0.32302529,0
-3.77284,-2.3176551,-0.52906942,-0.85044509,-0.41520828,0.32302529,0
-3.9349329,-2.7524915,-1.5147471,-0.85044509,-0.41520828,0.32302529,0
3.8942614,1.9827304,0.41823721,0.85044509,0.41520828,-0.32302529,0
0.23989272,1.9705728,3.5055387,0.1424219,0.40938661,0.90117627,0
3.3328938,1.8810635,-1.1903839,0.85044509,0.41520828,-0.32302529,0
3.2914205,0.59610015,-2.951232,0.85044509,0.41520828,-0.32302529,0
-0.94961733,-1.0085075,0.55906749,0.50641805,-0.81240672,0.28902608,0
-0.87061399,-0.95149976,0.58088118,0.50641805,-0.81240672,0.28902608,0
-3.6678166,-1.3607692,0.87172198,-0.50641805,0.81240672,-0.28902608,0
3.5694337,2.9377668,0.79062641,0.85044509,0.41520828,-0.32302529,0
3.0541189,-0.23404431,-4.6430326,0.85044509,0.41520828,-0.32302529,0
-2.8271606,-0.63596612,4.1222692,-0.85044509,-0.41520828,0.32302529,0
-3.3243659,-3.5039954,-2.3214648,-0.1424219,-0.40938661,-0.90117627,0
-3.417527,-0.78127921,2.3812001,-0.85044509,-0.41520828,0.32302529,0
0.94829273,2.0373306,3.3632565,0.1424219,0.40938661,0.90117627,0
-0.67738438,0.99154007,4.0952601,0.1424219,0.40938661,0.90117627,0
1.6090107,0.56991369,-2.9472444,-0.50641805,0.81240672,-0.28902608,0
-1.0811148,-1.2931865,-0.010717034,0.50641805,-0.81240672,0.28902608,0
1.7783821,-0.34882629,-4.561234,-0.1424219,-0.40938661,-0.90117627,0
-3.7212186,-2.9570088,-2.5072315,-0.1424219,-0.40938661,-0.90117627,0
-3.1584549,-2.6280835,-0.12308288,0.50641805,-0.81240672,0.28902608,0
-2.9746788,-2.7432122,-2.7223382,-0.1424219,-0.40938661,-0.90117627,0
-2.6464069,-0.6853559,0.98053598,-0.50641805,0.81240672,-0.28902608,0
3.4006839,1.7118982,-1.2293501,0.85044509,0.41520828,-0.32302529,0
1.5401917,-1.1321636,-4.1677361,-0.1424219,-0.40938661,-0.90117627,0
-3.8584456,-2.5387535,-1.0386416,-0.85044509,-0.41520828,0.32302529,0
-3.5740299,-1.2090513,1.4193194,-0.85044509,-0.41520828,0.32302529,0
1.6899297,2.2483106,3.1502039,0.1424219,0.40938661,0.90117627,0
-3.920506,-2.096817,-0.63397765,-0.85044509,-0.41520828,0.32302529,0
-0.41766882,0.45837343,3.7501836,0.50641805,-0.81240672,0.28902608,0
-3.665884,-1.3597625,0.98377037,-0.85044509,-0.41520828,0.32302529,0
-0.59500575,-2.0540223,-3.4115071,-0.1424219,-0.40938661,-0.90117627,0
2.1757436,0.21668243,-4.8809323,-0.1424219,-0.40938661,-0.90117627,0
0.11020803,0.31983107,2.4358413,0.50641805,-0.81240672,0.28902608,0
3.3732955,1.7487561,-1.2540805,0.85044509,0.41520828,-0.32302529,0
-3.3586524,-0.94884306,2.3208194,-0.85044509,-0.41520828,0.32302529,0
1.132305,1.038604,-0.79456753,-0.50641805,0.81240672,-0.28902608,0
-2.9747586,-2.817179,-2.688724,-0.1424219,-0.40938661,-0.90117627,0
-3.5578876,-3.0046139,-0.84615147,-0.85044509,-0.41520828,0.32302529,0
2.7743053,-0.50808632,-4.6462812,-0.1424219,-0.40938661,-0.90117627,0
-0.034139872,1.3575276,2.1456664,-0.50641805,0.81240672,-0.28902608,0
-1.1231678,0.15317589,0.6685679,-0.50641805,0.81240672,-0.28902608,0
-1.2390306,-2.3199306,-3.1889286,-0.1424219,-0.40938661,-0.90117627,0
0.96338469,0.27271625,0.80851245,0.50641805,-0.81240672,0.28902608,0
3.3051999,2.3456883,-0.66607761,0.85044509,0.41520828,-0.32302529,0
0.082125187,0.35923213,2.5957968,0.50641805,-0.81240672,0.28902608,0
2.3079095,-0.0076239109,-4.799922,-0.1424219,-0.40938661,-0.90117627,0
-0.094565891,-0.4946453,0.50527167,0.50641805,-0.81240672,0.28902608,0
3.4815788,2.4429784,-0.076661825,0.85044509,0.41520828,-0.32302529,0
-2.5468962,-2.293467,-2.9942551,-0.1424219,-0.40938661,-0.90117627,0
-0.01013732,1.4367357,3.7875648,0.1424219,0.40938661,0.90117627,0
3.3899412,0.81618714,-2.4089565,0.85044509,0.41520828,-0.32302529,0
-3.1719131,-1.4377757,2.1839964,-0.85044509,-0.41520828,0.32302529,0
-2.5841951,0.58685112,4.5804548,0.1424219,0.40938661,0.90117627,0
0.45811439,0.71940756,2.9494023,0.50641805,-0.81240672,0.28902608,0
-3.474164,-2.2197537,0.38311148,-0.85044509,-0.41520828,0.32302529,0
2.890202,2.2602901,-0.44070578,-0.50641805,0.81240672,-0.28902608,0
0.1456356,1.0711633,3.929019,0.1424219,0.40938661,0.90117627,0
-3.2169728,-1.6604984,1.7790837,-0.85044509,-0.41520828,0.32302529,0
2.7605674,-0.37610233,-4.1641541,0.50641805,-0.81240672,0.28902608,0
3.4554009,2.1224203,-0.55762005,0.85044509,0.41520828,-0.32302529,0
-3.8302014,-3.0454378,-2.449836,-0.1424219,-0.40938661,-0.90117627,0
3.2215176,1.3293149,-2.1928129,0.85044509,0.41520828,-0.32302529,0
-0.97267842,-1.6155093,-3.5510275,-0.1424219,-0.40938661,-0.90117627,0
0.73395681,-0.30564493,-0.41517699,0.50641805,-0.81240672,0.28902608,0
-3.9819055,-2.6733825,-1.5367299,-0.85044509,-0.41520828,0.32302529,0
0.73732001,-0.53641093,-1.0697168,0.50641805,-0.81240672,0.28902608,0
-1.1138146,-1.7205244,-3.4810159,-0.1424219,-0.40938661,-0.90117627,0
1.9614445,-0.36391258,-4.5833116,-0.1424219,-0.40938661,-0.90117627,0
1.9816679,-0.53348613,-3.2417841,0.50641805,-0.81240672,0.28902608,0
-1.7218826,-1.3195343,1.0379472,0.50641805,-0.81240672,0.28902608,0
-0.058557943,0.43089557,-0.41616571,-0.50641805,0.81240672,-0.28902608,0
3.3090172,2.1776328,-0.87204242,0.85044509,0.41520828,-0.32302529,0
-0.024982929,1.8527974,3.6009026,0.1424219,0.40938661,0.90117627,0
2.9162741,1.4406834,-2.7901738,-0.50641805,0.81240672,-0.28902608,0
2.4604955,-0.20236421,-3.1500323,0.50641805,-0.81240672,0.28902608,0
3.2844186,1.2938193,-2.0728352,0.85044509,0.41520828,-0.32302529,0
1.6664342,-0.37478149,-4.5317512,-0.1424219,-0.40938661,-0.90117627,0
-0.76711941,1.0052316,4.1032224,0.1424219,0.40938661,0.90117627,0
-2.3890014,-0.24794596,1.7590125,-0.50641805,0.81240672,-0.28902608,0
0.2415669,-0.89754003,-4.0690861,-0.1424219,-0.40938661,-0.90117627,0
-1.8353972,-1.0404638,2.0212655,0.50641805,-0.81240672,0.28902608,0
0.3226786,0.48422632,-0.93424624,-0.50641805,0.81240672,-0.28902608,0
0.89511728,1.7582589,1.6438582,-0.50641805,0.81240672,-0.28902608,0
3.5336361,2.4737372,0.099927664,0.85044509,0.41520828,-0.32302529,0
-1.7097462,0.028220177,4.696032,0.1424219,0.40938661,0.90117627,0
1.2324755,-1.1274735,-4.1212354,-0.1424219,-0.40938661,-0.90117627,0
-2.4198015,-1.2304697,2.5111551,0.50641805,-0.81240672,0.28902608,0
-0.30964994,-1.2247262,-3.8333375,-0.1424219,-0.40938661,-0.90117627,0
4.1681743,2.9217033,2.346313,0.85044509,0.41520828,-0.32302529,0
-3.7315972,-1.6807833,0.39813185,-0.85044509,-0.41520828,0.32302529,0
0.0092439055,-0.28000218,0.92670912,0.50641805,-0.81240672,0.28902608,0
-3.7724471,-1.977797,-0.679317,-0.50641805,0.81240672,-0.28902608,0
-3.2347679,-0.57441247,3.1282597,-0.85044509,-0.41520828,0.32302529,0
0.33712316,1.5851003,2.1348279,-0.50641805,0.81240672,-0.28902608,0
-0.76559114,-1.3174486,-3.7191586,-0.1424219,-0.40938661,-0.90117627,0
-1.7578392,-1.4734937,-2.7917018,-0.50641805,0.81240672,-0.28902608,0
1.7145646,0.9930439,1.5170571,0.50641805,-0.81240672,0.28902608,0
-3.1010058,-1.7098101,2.0210111,-0.85044509,-0.41520828,0.32302529,0
2.4482565,-0.57447338,-4.5645943,-0.1424219,-0.40938661,-0.90117627,0
0.7327168,1.6942315,3.5531888,0.1424219,0.40938661,0.90117627,0
3.6612945,2.8297076,2.574532,0.1424219,0.40938661,0.90117627,0
1.7465081,1.0123328,1.5153054,0.50641805,-0.81240672,0.28902608,0
2.7858131,2.4592636,0.3014816,-0.50641805,0.81240672,-0.28902608,0
-3.0951838,-3.2775397,-2.0594625,0.50641805,-0.81240672,0.28902608,0
-2.3318517,-2.8312378,-2.1424532,0.50641805,-0.81240672,0.28902608,0
-2.3019471,0.73278487,4.4695535,0.1424219,0.40938661,0.90117627,0
-0.18988657,0.87179983,4.0726118,0.1424219,0.40938661,0.90117627,0
1.2894433,0.36520082,-2.9627285,-0.50641805,0.81240672,-0.28902608,0
-3.057019,-1.039345,2.998616,-0.85044509,-0.41520828,0.32302529,0
-2.585094,-1.1752411,-0.50388432,-0.50641805,0.81240672,-0.28902608,0
4.0492444,2.4243765,1.3939499,0.85044509,0.41520828,-0.32302529,0
-3.0595336,-0.065414429,4.2438617,-0.85044509,-0.41520828,0.32302529,0
0.41730785,1.9939116,3.143436,-0.50641805,0.81240672,-0.28902608,0
-0.87361455,-1.4953504,-3.6212695,-0.1424219,-0.40938661,-0.90117627,0
-1.41923,-1.3784542,-3.1178565,-0.50641805,0.81240672,-0.28902608,0
-0.045579195,1.6882434,3.6789112,0.1424219,0.40938661,0.90117627,0
3.0308676,1.0326215,-3.0761092,0.85044509,0.41520828,-0.32302529,0
2.6480451,0.40375209,-4.8923168,0.85044509,0.41520828,-0.32302529,0
-0.72372139,1.1833514,2.8643377,-0.50641805,0.81240672,-0.28902608,0
-3.9120514,-2.9417205,-2.4840171,-0.1424219,-0.40938661,-0.90117627,0
-3.8770568,-2.2979739,-0.77814698,-0.85044509,-0.41520828,0.32302529,0
-1.1809359,1.0055053,4.1684971,0.1424219,0.40938661,0.90117627,0
-0.83548641,0.97004759,4.1300106,0.1424219,0.40938661,0.90117627,0
3.3133564,1.3600646,-1.911499,0.85044509,0.41520828,-0.32302529,0
0.48829508,1.3064148,3.7679949,0.1424219,0.40938661,0.90117627,0
1.3218961,2.3704622,3.1528769,0.1424219,0.40938661,0.90117627,0
-0.75897348,-1.3019252,-0.5997203,0.50641805,-0.81240672,0.28902608,0
-1.2119627,-0.064834625,0.21135712,-0.50641805,0.81240672,-0.28902608,0
0.59931588,0.76836568,2.8396096,0.50641805,-0.81240672,0.28902608,0
1.5647333,0.44588828,0.24161696,0.50641805,-0.81240672,0.28902608,0
-3.8792531,-2.9289775,-1.5950053,-0.85044509,-0.41520828,0.32302529,0
2.0730362,0.86550218,0.53046018,0.50641805,-0.81240672,0.28902608,0
-1.0954483,0.15934813,4.0972433,0.50641805,-0.81240672,0.28902608,0
3.832108,2.1876171,0.51795959,0.85044509,0.41520828,-0.32302529,0
0.341187,-1.5837348,-3.3194933,0.50641805,-0.81240672,0.28902608,0
2.4309785,1.9082445,2.8342748,0.50641805,-0.81240672,0.28902608,0
-3.5310955,-1.7846786,0.79245973,-0.85044509,-0.41520828,0.32302529,0
2.5298493,2.0451379,-0.41407156,-0.50641805,0.81240672,-0.28902608,0
-2.8033102,-1.4307677,2.620115,0.50641805,-0.81240672,0.28902608,0
-0.77953094,-0.19829793,-0.9214741,-0.50641805,0.81240672,-0.28902608,0
-1.3406785,-2.4334769,-2.7610986,0.50641805,-0.81240672,0.28902608,0
1.6602294,0.36339253,-0.15759015,0.50641805,-0.81240672,0.28902608,0
2.2628438,1.2870017,1.3826567,0.50641805,-0.81240672,0.28902608,0
-2.8442049,0.18127477,4.8057919,0.1424219,0.40938661,0.90117627,0
3.1968231,0.024047375,-3.9355843,0.85044509,0.41520828,-0.32302529,0
-2.5994086,-0.37230003,5.0185828,0.1424219,0.40938661,0.90117627,0
0.058579147,0.22073966,-1.212123,-0.50641805,0.81240672,-0.28902608,0
2.6867924,1.3310034,-2.6963792,-0.50641805,0.81240672,-0.28902608,0
-2.1850512,-2.0136302,-3.1785657,-0.1424219,-0.40938661,-0.90117627,0
3.1441848,3.3633103,2.2146933,-0.50641805,0.81240672,-0.28902608,0
3.4637868,0.97990572,-2.0041001,0.85044509,0.41520828,-0.32302529,0
3.1433287,1.2617555,-2.4855037,0.85044509,0.41520828,-0.32302529,0
0.90005267,0.048686177,0.28976646,0.50641805,-0.81240672,0.28902608,0
2.051362,-0.32038438,-4.6172962,-0.1424219,-0.40938661,-0.90117627,0
-3.0282049,-1.206351,2.8598115,-0.85044509,-0.41520828,0.32302529,0
1.4397033,-0.39920068,-1.9147236,0.50641805,-0.81240672,0.28902608,0
-1.5124986,-2.4904525,-3.0682447,-0.1424219,-0.40938661,-0.90117627,0
-2.9115911,-1.7371824,1.9485559,0.50641805,-0.81240672,0.28902608,0
2.8010998,0.768197,-4.0209146,0.85044509,0.41520828,-0.32302529,0
-2.4066098,-0.17814785,1.9860563,-0.50641805,0.81240672,-0.28902608,0
2.3810587,1.3483789,1.3480489,0.50641805,-0.81240672,0.28902608,0
-0.22204411,-0.60544765,0.41718519,0.50641805,-0.81240672,0.28902608,0
3.1044724,2.9377785,2.6134379,0.1424219,0.40938661,0.90117627,0
-0.6877718,1.3995218,3.9115636,0.1424219,0.40938661,0.90117627,0
3.0569468,0.36325955,-3.8678293,0.85044509,0.41520828,-0.32302529,0
-1.351823,-0.24441221,-0.048350513,-0.50641805,0.81240672,-0.28902608,0
-1.5023528,0.91938937,4.2584152,0.1424219,0.40938661,0.90117627,0
1.4889505,2.1173804,3.2414455,0.1424219,0.40938661,0.90117627,0
-3.6085634,-2.2576282,-0.019412041,-0.85044509,-0.41520828,0.32302529,0
1.5110593,-0.28762007,-4.5467911,-0.1424219,-0.40938661,-0.90117627,0
-2.3285484,0.10925674,4.7570138,0.1424219,0.40938661,0.90117627,0
0.0042324066,-1.7895731,-3.6263449,-0.1424219,-0.40938661,-0.90117627,0
3.9653392,3.234695,2.3425035,0.1424219,0.40938661,0.90117627,0
-3.0358422,-1.7494044,-1.3279865,-0.50641805,0.81240672,-0.28902608,0
2.6749423,0.69928563,-4.4416332,0.85044509,0.41520828,-0.32302529,0
0.20055616,-1.2849905,-2.2333636,0.50641805,-0.81240672,0.28902608,0
2.3517237,2.5920889,2.8894424,0.1424219,0.40938661,0.90117627,0
-1.2794869,0.88247538,4.2399626,0.1424219,0.40938661,0.90117627,0
3.8169408,1.9003714,0.10880947,0.85044509,0.41520828,-0.32302529,0
-2.1578584,0.39405477,4.6006603,0.1424219,0.40938661,0.90117627,0
-3.4831982,-2.3761864,0.15825176,-0.85044509,-0.41520828,0.32302529,0
0.86139119,-0.60799581,-1.4883225,0.50641805,-0.81240672,0.28902608,0
-3.1426909,-0.18437505,3.8720202,-0.85044509,-0.41520828,0.32302529,0
3.5093563,1.3141356,-0.72515488,0.50641805,-0.81240672,0.28902608,0
4.0351944,2.6027198,1.5861968,0.85044509,0.41520828,-0.32302529,0
1.2120525,1.3507826,-0.056812525,-0.50641805,0.81240672,-0.28902608,0
-2.3278012,0.58781242,4.0009651,-0.50641805,0.81240672,-0.28902608,0
-0.85563803,-1.0344229,-3.1383381,-0.50641805,0.81240672,-0.28902608,0
2.4168165,0.86758977,-0.066027761,0.50641805,-0.81240672,0.28902608,0
3.3525376,2.1511393,-0.79151845,0.85044509,0.41520828,-0.32302529,0
3.8848987,2.1713436,0.63602662,0.85044509,0.41520828,-0.32302529,0
1.1407185,0.99823684,2.5371203,0.50641805,-0.81240672,0.28902608,0
1.5085515,-0.042188168,-1.0318505,0.50641805,-0.81240672,0.28902608,0
-3.1740944,-2.4164507,-2.8392639,-0.1424219,-0.40938661,-0.90117627,0
-3.6545362,-1.8613929,0.36886358,-0.85044509,-0.41520828,0.32302529,0
-2.9728298,-0.8446908,3.4704695,-0.85044509,-0.41520828,0.32302529,0
2.1500578,2.5824094,2.9257112,0.1424219,0.40938661,0.90117627,0
0.42682171,-0.87084061,-4.1104932,-0.1424219,-0.40938661,-0.90117627,0
3.3365774,2.4120245,-0.49820256,0.85044509,0.41520828,-0.32302529,0
3.4826055,1.8805481,-0.79689264,0.85044509,0.41520828,-0.32302529,0
1.2041018,-0.87228119,-4.2326794,-0.1424219,-0.40938661,-0.90117627,0
2.477294,1.818629,-0.95866764,-0.50641805,0.81240672,-0.28902608,0
0.7242856,1.2185001,3.7706368,0.1424219,0.40938661,0.90117627,0
-0.25557703,0.024587642,-1.2130256,-0.50641805,0.81240672,-0.28902608,0
-3.1159065,-2.6515074,-2.741678,-0.1424219,-0.40938661,-0.90117627,0
2.96541,0.75337946,-3.6073732,0.85044509,0.41520828,-0.32302529,0
2.0173826,1.685259,2.9321811,0.50641805,-0.81240672,0.28902608,0
3.3713295,3.1096785,2.4931729,0.1424219,0.40938661,0.90117627,0
-1.3666916,0.57580096,2.2831914,-0.50641805,0.81240672,-0.28902608,0
1.3456765,-0.9016006,-3.1621413,0.50641805,-0.81240672,0.28902608,0
-1.6792495,-2.434129,-3.0674782,-0.1424219,-0.40938661,-0.90117627,0
3.5601242,1.4586167,-1.1351445,0.85044509,0.41520828,-0.32302529,0
1.1390578,0.24363047,-3.0409451,-0.50641805,0.81240672,-0.28902608,0
-3.8297648,-2.6562138,-1.114113,-0.85044509,-0.41520828,0.32302529,0
1.5410349,2.6383069,2.9857874,-0.50641805,0.81240672,-0.28902608,0
0.50714636,1.669621,3.600018,0.1424219,0.40938661,0.90117627,0
-0.24622512,-1.5478777,-3.6965597,-0.1424219,-0.40938661,-0.90117627,0
3.7038527,1.5213765,-0.67607236,0.85044509,0.41520828,-0.32302529,0
2.7092509,0.39145839,-4.7469788,0.85044509,0.41520828,-0.32302529,0
-3.3430414,-1.3381522,0.36623907,-0.50641805,0.81240672,-0.28902608,0
3.3119655,0.7202065,-2.7376175,0.85044509,0.41520828,-0.32302529,0
-1.9467647,-2.4073951,-3.0373449,-0.1424219,-0.40938661,-0.90117627,0
-3.4536157,-0.90384841,2.1286399,-0.85044509,-0.41520828,0.32302529,0
2.5231855,1.4032204,-2.2067249,-0.50641805,0.81240672,-0.28902608,0
3.280565,1.292479,-0.38515139,0.50641805,-0.81240672,0.28902608,0
-0.94853622,0.4808557,1.2836431,-0.50641805,0.81240672,-0.28902608,0
-3.3214314,-2.4203522,0.52737331,-0.85044509,-0.41520828,0.32302529,0
-0.27908278,1.1351933,3.9670539,0.1424219,0.40938661,0.90117627,0
3.3622932,1.9203475,-1.0624876,0.85044509,0.41520828,-0.32302529,0
3.4646475,0.88378978,-2.1253791,0.85044509,0.41520828,-0.32302529,0
0.36158514,-1.2119157,-3.9452391,-0.1424219,-0.40938661,-0.90117627,0
-3.8150382,-2.2292588,-0.52654433,-0.85044509,-0.41520828,0.32302529,0
0.61916852,-0.89378214,-1.8672111,0.50641805,-0.81240672,0.28902608,0
3.2573144,1.8654827,-1.4093914,0.85044509,0.41520828,-0.32302529,0
-3.5126958,-2.3097174,0.16602874,-0.85044509,-0.41520828,0.32302529,0
-3.1508009,-2.0580347,1.4423141,-0.85044509,-0.41520828,0.32302529,0
0.67057908,-1.1025002,-2.5439644,0.50641805,-0.81240672,0.28902608,0
-2.0238543,-2.0777619,-0.56421024,0.50641805,-0.81240672,0.28902608,0
1.3224008,0.047576725,-0.45337081,0.50641805,-0.81240672,0.28902608,0
3.2674649,1.7422802,-1.5410297,0.85044509,0.41520828,-0.32302529,0
3.4644272,1.1122413,-1.8323126,0.85044509,0.41520828,-0.32302529,0
-3.3134086,-1.54875,1.6688302,-0.85044509,-0.41520828,0.32302529,0
-0.68672156,0.91452575,4.131722,0.1424219,0.40938661,0.90117627,0
2.8796945,2.3868637,2.8992317,0.1424219,0.40938661,0.90117627,0
0.1669991,1.9272423,3.5367429,0.1424219,0.40938661,0.90117627,0
3.6199238,3.4908948,2.2807064,0.1424219,0.40938661,0.90117627,0
-3.4113193,-2.3799262,0.34268355,-0.85044509,-0.41520828,0.32302529,0
0.81917524,1.0441436,3.2295496,0.50641805,-0.81240672,0.28902608,0
-4.0486822,-2.4678602,-1.4483628,-0.85044509,-0.41520828,0.32302529,0
-0.38856316,-0.99316579,-3.8407583,-0.50641805,0.81240672,-0.28902608,0
-1.6053936,-0.067135572,4.3541365,0.50641805,-0.81240672,0.28902608,0
-3.6102202,-2.487463,-0.31919694,-0.85044509,-0.41520828,0.32302529,0
3.0918002,1.4417616,-2.3897896,0.85044509,0.41520828,-0.32302529,0
-3.2231593,-0.15150702,3.7024138,-0.85044509,-0.41520828,0.32302529,0
-3.0838928,-3.2702942,-2.4656348,-0.1424219,-0.40938661,-0.90117627,0
-2.3341765,-2.2471664,-3.048907,-0.1424219,-0.40938661,-0.90117627,0
3.375072,2.8636973,2.6043262,0.1424219,0.40938661,0.90117627,0
2.8047142,1.5584538,-2.26367,-0.50641805,0.81240672,-0.28902608,0
2.9877505,2.4843206,2.8378816,0.1424219,0.40938661,0.90117627,0
1.707562,-0.70166969,-4.3897519,-0.1424219,-0.40938661,-0.90117627,0
3.2317967,0.34688365,-3.4285417,0.85044509,0.41520828,-0.32302529,0
0.052996039,-0.19768375,-2.378463,-0.50641805,0.81240672,-0.28902608,0
-1.3534014,0.90437841,4.241694,0.1424219,0.40938661,0.90117627,0
-0.15653563,0.3664563,3.0342734,0.50641805,-0.81240672,0.28902608,0
2.9492111,0.89906847,-3.4627562,0.85044509,0.41520828,-0.32302529,0
2.9404395,0.27886701,-4.2830391,0.85044509,0.41520828,-0.32302529,0
-1.5059445,0.056123614,4.5263491,0.50641805,-0.81240672,0.28902608,0
2.7225063,2.246495,2.9878404,0.1424219,0.40938661,0.90117627,0
0.62187922,1.2922223,0.81265771,-0.50641805,0.81240672,-0.28902608,0
-2.1630349,-1.2909154,-1.5685383,-0.50641805,0.81240672,-0.28902608,0
-3.2967792,-3.2799785,-2.4275911,-0.1424219,-0.40938661,-0.90117627,0
3.2118161,2.4445477,2.8205383,0.1424219,0.40938661,0.90117627,0
2.9809742,1.2217765,-2.9643309,0.85044509,0.41520828,-0.32302529,0
-0.68049407,0.8315292,4.1684413,0.1424219,0.40938661,0.90117627,0
-3.2242427,-3.1580532,-2.4944429,-0.1424219,-0.40938661,-0.90117627,0
2.7649999,0.94199032,-3.8925679,0.85044509,0.41520828,-0.32302529,0
3.4699292,2.9363999,0.52689886,0.85044509,0.41520828,-0.32302529,0
3.2339108,0.99897659,-1.1283941,0.50641805,-0.81240672,0.28902608,0
-0.83732891,0.65531075,4.2732801,0.1424219,0.40938661,0.90117627,0
2.753186,0.80869502,-4.0950046,0.85044509,0.41520828,-0.32302529,0
-3.5512066,-2.8778381,-0.66560864,-0.85044509,-0.41520828,0.32302529,0
1.5239352,-0.68313861,-4.3691497,-0.1424219,-0.40938661,-0.90117627,0
2.9182856,0.22274268,-4.4135056,0.85044509,0.41520828,-0.32302529,0
-1.4130603,0.63191473,4.3748975,0.1424219,0.40938661,0.90117627,0
2.2813258,-0.26364744,-4.6794143,-0.1424219,-0.40938661,-0.90117627,0
3.2356532,0.5962407,-3.0978723,0.85044509,0.41520828,-0.32302529,0
2.7615104,-0.042231321,-4.8558874,-0.1424219,-0.40938661,-0.90117627,0
-3.350759,-1.5274668,1.5978534,-0.85044509,-0.41520828,0.32302529,0
-1.3451074,0.76567435,2.7790768,-0.50641805,0.81240672,-0.28902608,0
-2.5815463,-0.69237077,0.8471725,-0.50641805,0.81240672,-0.28902608,0
3.7466626,2.4777284,2.1297245,0.50641805,-0.81240672,0.28902608,0
-0.47620416,-0.31320682,-1.7759399,-0.50641805,0.81240672,-0.28902608,0
0.019048691,1.6474609,3.6872239,0.1424219,0.40938661,0.90117627,0
2.5059149,0.63966036,-4.322711,-0.50641805,0.81240672,-0.28902608,0
-0.75175667,-0.883268,-2.8954823,-0.50641805,0.81240672,-0.28902608,0
2.7589548,0.37552392,-4.6366038,0.85044509,0.41520828,-0.32302529,0
4.0762253,2.9614501,2.1553226,0.85044509,0.41520828,-0.32302529,0
-1.3893209,1.0666188,4.1736684,0.1424219,0.40938661,0.90117627,0
0.010723352,0.34411082,2.6784003,0.50641805,-0.81240672,0.28902608,0
-3.1976728,-1.9741306,1.4267602,-0.85044509,-0.41520828,0.32302529,0
2.9870973,-0.071120381,-3.7038138,0.50641805,-0.81240672,0.28902608,0
1.4980888,2.3886142,2.3591886,-0.50641805,0.81240672,-0.28902608,0
2.12166,0.093978167,-4.8166428,-0.1424219,-0.40938661,-0.90117627,0
1.8541163,1.0329874,-2.0750799,-0.50641805,0.81240672,-0.28902608,0
0.86922026,-0.82454735,-4.2014399,-0.1424219,-0.40938661,-0.90117627,0
1.4250817,2.418169,2.5701821,-0.50641805,0.81240672,-0.28902608,0
3.5224097,1.5396386,-1.1302941,0.85044509,0.41520828,-0.32302529,0
1.9620082,-0.82297421,-4.3748579,-0.1424219,-0.40938661,-0.90117627,0
-2.5158727,-0.20323086,4.9285755,0.1424219,0.40938661,0.90117627,0
0.46309376,2.0964539,3.4130785,0.1424219,0.40938661,0.90117627,0
-0.25596189,1.3663242,3.8584015,0.1424219,0.40938661,0.90117627,0
-0.63365066,-0.25306728,-1.3310268,-0.50641805,0.81240672,-0.28902608,0
3.4673934,1.6697749,-1.1078646,0.85044509,0.41520828,-0.32302529,0
-1.8538663,-2.0323112,-0.73430055,0.50641805,-0.81240672,0.28902608,0
2.9672639,0.13325334,-4.3995857,0.85044509,0.41520828,-0.32302529,0
1.3430027,-0.26387298,-1.3649046,0.50641805,-0.81240672,0.28902608,0
3.1176047,1.5924202,-2.1282001,0.85044509,0.41520828,-0.32302529,0
3.3612418,2.5246851,-0.28845549,0.85044509,0.41520828,-0.32302529,0
1.9483746,-0.22093904,-4.6461964,-0.1424219,-0.40938661,-0.90117627,0
3.406811,2.7959156,2.6301019,0.1424219,0.40938661,0.90117627,0
-0.69863272,0.48432887,4.3154321,0.50641805,-0.81240672,0.28902608,0
3.5112796,3.3360174,2.3682342,0.1424219,0.40938661,0.90117627,0
-0.38861763,1.1792789,2.2657371,-0.50641805,0.81240672,-0.28902608,0
-3.0731122,0.081987858,4.3975792,-0.85044509,-0.41520828,0.32302529,0
-3.2710509,-3.2249789,-2.4566426,-0.1424219,-0.40938661,-0.90117627,0
0.81103659,-0.61481506,-4.2875214,-0.1424219,-0.40938661,-0.90117627,0
-1.1371992,0.62230986,2.0118148,-0.50641805,0.81240672,-0.28902608,0
1.5276077,2.5726755,3.0285048,0.1424219,0.40938661,0.90117627,0
3.4273157,0.60711968,-2.5792882,0.85044509,0.41520828,-0.32302529,0
1.9346244,2.4511719,3.0193765,0.1424219,0.40938661,0.90117627,0
1.6489427,0.15593892,-0.72093308,0.50641805,-0.81240672,0.28902608,0
4.0763531,2.5453243,1.6207839,0.85044509,0.41520828,-0.32302529,0
-1.9416598,0.77323639,4.3942375,0.1424219,0.40938661,0.90117627,0
-3.8689497,-2.349195,-0.82264161,-0.85044509,-0.41520828,0.32302529,0
2.7591348,1.5179014,-2.2977934,-0.50641805,0.81240672,-0.28902608,0
-3.247021,-2.526283,-2.777844,-0.1424219,-0.40938661,-0.90117627,0
-3.1829472,-0.79965603,2.9751694,-0.85044509,-0.41520828,0.32302529,0
-0.65134186,-0.032182857,-0.67915773,-0.50641805,0.81240672,-0.28902608,0
-4.1288795,-2.9683132,-2.3027732,-0.85044509,-0.41520828,0.32302529,0
0.12577963,1.2352638,1.5217986,-0.50641805,0.81240672,-0.28902608,0
3.2444079,2.2066326,-1.0048678,0.85044509,0.41520828,-0.32302529,0
2.7828741,0.62004679,-4.2593269,0.85044509,0.41520828,-0.32302529,0
3.5390573,2.4340072,0.063133955,0.85044509,0.41520828,-0.32302529,0
-1.9576257,-0.50826198,3.7313647,0.50641805,-0.81240672,0.28902608,0
2.0589507,2.763211,2.857975,0.1424219,0.40938661,0.90117627,0
-2.8717592,-0.93576753,3.6194954,-0.85044509,-0.41520828,0.32302529,0
2.6526575,0.38189209,-4.9082713,0.85044509,0.41520828,-0.32302529,0
1.5793295,2.3580856,2.1310315,-0.50641805,0.81240672,-0.28902608,0
-3.7729807,-3.1565855,-1.6077787,-0.85044509,-0.41520828,0.32302529,0
2.6106229,-0.30250823,-4.7138028,-0.1424219,-0.40938661,-0.90117627,0
-0.13522196,0.18723562,2.4931674,0.50641805,-0.81240672,0.28902608,0
3.3756287,2.0546992,-0.8546865,0.85044509,0.41520828,-0.32302529,0
0.15891552,-1.4037315,-3.826071,-0.1424219,-0.40938661,-0.90117627,0
1.2873764,-1.2133875,-4.0908828,-0.1424219,-0.40938661,-0.90117627,0
3.5775154,1.3428218,-1.2381978,0.85044509,0.41520828,-0.32302529,0
-3.843828,-2.7313244,-2.590378,-0.1424219,-0.40938661,-0.90117627,0
-3.0747445,-2.5099118,0.062406063,0.50641805,-0.81240672,0.28902608,0
-2.8260827,-2.9789405,-2.6387358,-0.1424219,-0.40938661,-0.90117627,0
-3.6895211,-2.8776922,-2.5482726,-0.1424219,-0.40938661,-0.90117627,0
-3.7161913,-3.169579,-1.474967,-0.85044509,-0.41520828,0.32302529,0
4.1316929,2.6731722,1.9308101,0.85044509,0.41520828,-0.32302529,0
-0.14069319,1.4923704,3.7829244,0.1424219,0.40938661,0.90117627,0
-2.5510855,-0.12108767,4.8968248,0.1424219,0.40938661,0.90117627,0
2.6802132,-0.015808105,-4.8550429,-0.1424219,-0.40938661,-0.90117627,0
0.39503098,1.7356837,3.5877259,0.1424219,0.40938661,0.90117627,0
2.9130259,0.23123133,-4.4164419,0.85044509,0.41520828,-0.32302529,0
-1.6138916,0.68512893,4.3824625,0.1424219,0.40938661,0.90117627,0
-3.7235999,-3.5233066,-1.9491444,-0.85044509,-0.41520828,0.32302529,0
-1.9671165,0.67049611,4.4449334,0.1424219,0.40938661,0.90117627,0
-2.5417159,-0.98361909,3.4186263,0.50641805,-0.81240672,0.28902608,0
-3.3913188,-2.6223536,-2.7113962,-0.1424219,-0.40938661,-0.90117627,0
-3.3758721,-1.4107311,1.6817849,-0.85044509,-0.41520828,0.32302529,0
-2.1598032,0.70002329,4.0220141,-0.50641805,0.81240672,-0.28902608,0
-3.0660727,-0.94817424,3.091969,-0.85044509,-0.41520828,0.32302529,0
2.2590129,0.062332988,-4.8239746,-0.1424219,-0.40938661,-0.90117627,0
2.8504169,3.2741561,2.5007792,0.1424219,0.40938661,0.90117627,0
-3.9399953,-2.674253,-1.4275079,-0.85044509,-0.41520828,0.32302529,0
-3.8452501,-2.3251481,-0.72933817,-0.85044509,-0.41520828,0.32302529,0
3.0210359,0.62385446,-3.6274118,0.85044509,0.41520828,-0.32302529,0
2.0509698,1.8971016,3.2526927,0.1424219,0.40938661,0.90117627,0
1.5230254,0.40633821,-3.2563696,-0.50641805,0.81240672,-0.28902608,0
-3.7286205,-2.0499158,-0.068504333,-0.85044509,-0.41520828,0.32302529,0
-1.5720494,-2.5176387,-2.5922666,0.50641805,-0.81240672,0.28902608,0
0.85948396,2.050869,3.3711414,0.1424219,0.40938661,0.90117627,0
2.3532953,2.4890225,2.9360149,0.1424219,0.40938661,0.90117627,0
2.3211699,1.2009673,1.0386317,0.50641805,-0.81240672,0.28902608,0
1.1108203,-0.13184324,-0.58697051,0.50641805,-0.81240672,0.28902608,0
3.9083149,3.3333516,2.1912904,0.85044509,0.41520828,-0.32302529,0
-1.9778519,-0.12644887,1.3801242,-0.50641805,0.81240672,-0.28902608,0
-2.6434841,-3.0798581,-2.6217487,-0.1424219,-0.40938661,-0.90117627,0
3.5845151,1.3132919,-0.85921669,0.50641805,-0.81240672,0.28902608,0
0.35571933,-0.80295503,-4.1300945,-0.1424219,-0.40938661,-0.90117627,0
3.7610729,2.4401708,0.65556765,0.85044509,0.41520828,-0.32302529,0
2.6992567,0.85812479,-0.58751035,0.50641805,-0.81240672,0.28902608,0
-3.2668824,-0.98603332,2.5146232,-0.85044509,-0.41520828,0.32302529,0
3.9186494,2.7980313,1.5304111,0.85044509,0.41520828,-0.32302529,0
-2.056283,-2.2839601,-1.0869799,0.50641805,-0.81240672,0.28902608,0
-2.3899198,-1.1859584,-0.87598324,-0.50641805,0.81240672,-0.28902608,0
0.56542778,-1.229177,-2.7157917,0.50641805,-0.81240672,0.28902608,0
0.34325671,-0.3357994,0.18463016,0.50641805,-0.81240672,0.28902608,0
2.8336053,-0.30122745,-4.7496247,-0.1424219,-0.40938661,-0.90117627,0
-1.8200769,0.0065789223,4.7233,0.1424219,0.40938661,0.90117627,0
-3.2799034,-0.97133791,2.4992313,-0.85044509,-0.41520828,0.32302529,0
3.0068679,2.2379968,2.7521105,0.50641805,-0.81240672,0.28902608,0
3.476378,2.6690247,0.20019865,0.85044509,0.41520828,-0.32302529,0
-1.134177,1.0209709,4.1540823,0.1424219,0.40938661,0.90117627,0
-2.9021943,0.24985123,4.057435,-0.50641805,0.81240672,-0.28902608,0
3.5225914,1.458021,-1.234726,0.85044509,0.41520828,-0.32302529,0
0.63389313,1.3117043,0.84636825,-0.50641805,0.81240672,-0.28902608,0
-3.4101839,-2.8952692,-2.5844343,-0.1424219,-0.40938661,-0.90117627,0
-3.3083494,-2.2961218,0.72149658,-0.85044509,-0.41520828,0.32302529,0
3.0096519,2.5151749,2.8204038,0.1424219,0.40938661,0.90117627,0
-2.7268491,-1.2357326,-0.42553854,-0.50641805,0.81240672,-0.28902608,0
3.6579411,3.1113925,1.2468179,0.85044509,0.41520828,-0.32302529,0
0.047606528,-0.41388473,0.48316905,0.50641805,-0.81240672,0.28902608,0
2.1776195,2.7722161,2.8351297,0.1424219,0.40938661,0.90117627,0
-3.2599521,-2.0304718,1.190376,-0.85044509,-0.41520828,0.32302529,0
-3.0161383,-0.19959688,4.1856356,-0.85044509,-0.41520828,0.32302529,0
3.0590103,0.2883122,-3.9587319,0.85044509,0.41520828,-0.32302529,0
-3.0566807,-0.32907498,2.7008481,-0.50641805,0.81240672,-0.28902608,0
-2.951596,-0.69350439,3.7207034,-0.85044509,-0.41520828,0.32302529,0
0.35988259,0.87429786,3.5568919,0.50641805,-0.81240672,0.28902608,0
-1.9500184,-0.24097025,4.4693503,0.50641805,-0.81240672,0.28902608,0
-1.289649,0.84690773,4.2577267,0.1424219,0.40938661,0.90117627,0
1.9665306,2.2559345,3.1030266,0.1424219,0.40938661,0.90117627,0
2.3429506,-0.42067492,-3.557713,0.50641805,-0.81240672,0.28902608,0
3.389416,1.8549609,-1.0751269,0.85044509,0.41520828,-0.32302529,0
0.30271077,1.9398335,3.5095751,0.1424219,0.40938661,0.90117627,0
-0.60028017,-0.71450126,0.77338028,0.50641805,-0.81240672,0.28902608,0
1.2508947,0.27167225,0.30181611,0.50641805,-0.81240672,0.28902608,0
2.6320965,2.6539032,2.8170514,0.1424219,0.40938661,0.90117627,0
2.9395139,2.8466194,2.6809199,0.1424219,0.40938661,0.90117627,0
3.132946,3.156832,2.5094266,0.1424219,0.40938661,0.90117627,0
-1.3817129,0.65245682,2.5249789,-0.50641805,0.81240672,-0.28902608,0
-3.0577536,-1.4545007,2.4630532,-0.85044509,-0.41520828,0.32302529,0
1.1982975,-1.2619362,-4.0547495,-0.1424219,-0.40938661,-0.90117627,0
-2.1583796,-0.06098026,1.8804588,-0.50641805,0.81240672,-0.28902608,0
-1.2698321,-1.2640849,0.40174496,0.50641805,-0.81240672,0.28902608,0
-2.821496,-0.54467899,4.2545209,-0.85044509,-0.41520828,0.32302529,0
-1.7727811,-0.9233126,2.2408462,0.50641805,-0.81240672,0.28902608,0
1.7391543,2.0995259,3.2100143,0.1424219,0.40938661,0.90117627,0
3.1802466,1.897028,-1.5717449,0.85044509,0.41520828,-0.32302529,0
-1.1207578,-2.1207139,-2.2673054,0.50641805,-0.81240672,0.28902608,0
3.6143696,2.1151476,-0.14844227,0.85044509,0.41520828,-0.32302529,0
-2.6639414,-0.49374151,4.7347965,-0.85044509,-0.41520828,0.32302529,0
2.9166021,1.0698493,-0.37320924,0.50641805,-0.81240672,0.28902608,0
-3.7789493,-2.088074,-0.25005603,-0.85044509,-0.41520828,0.32302529,0
2.120887,0.86462533,0.44415343,0.50641805,-0.81240672,0.28902608,0
-3.2521358,-2.0273452,1.2149725,-0.85044509,-0.41520828,0.32302529,0
3.751848,3.3982496,1.862771,0.85044509,0.41520828,-0.32302529,0
1.1912355,-0.46951801,-4.4136133,-0.1424219,-0.40938661,-0.90117627,0
-0.93079567,1.2520783,4.016952,0.1424219,0.40938661,0.90117627,0
2.6878538,0.31695533,-4.8990774,0.85044509,0.41520828,-0.32302529,0
0.88706374,1.5819201,3.5798168,0.1424219,0.40938661,0.90117627,0
-3.5875373,-2.3562462,-0.09081769,-0.85044509,-0.41520828,0.32302529,0
3.1112633,1.9449229,-1.6917982,0.85044509,0.41520828,-0.32302529,0
1.7892201,2.6544232,2.9500232,0.1424219,0.40938661,0.90117627,0
-3.2663567,-3.3359308,-2.406981,-0.1424219,-0.40938661,-0.90117627,0
2.9957204,0.26319432,-4.1576433,0.85044509,0.41520828,-0.32302529,0
3.2662559,0.92863226,-2.590055,0.85044509,0.41520828,-0.32302529,0
3.4203334,0.89737087,-2.2245898,0.85044509,0.41520828,-0.32302529,0
-3.3715496,-0.51373923,2.8461361,-0.85044509,-0.41520828,0.32302529,0
-2.9499242,0.44159496,4.6800256,-0.50641805,0.81240672,-0.28902608,0
0.71931267,-0.58657986,-4.285852,-0.1424219,-0.40938661,-0.90117627,0
0.11992383,1.1312473,3.9057872,0.1424219,0.40938661,0.90117627,0
2.4168048,-0.030676126,-4.8066597,-0.1424219,-0.40938661,-0.90117627,0
-3.6785986,-2.1613123,-1.3595868,-0.50641805,0.81240672,-0.28902608,0
3.5998538,1.295787,-1.2398429,0.85044509,0.41520828,-0.32302529,0
1.8830302,-0.81137264,-3.8500507,0.50641805,-0.81240672,0.28902608,0
-3.0890665,-0.76107699,3.2719226,-0.85044509,-0.41520828,0.32302529,0
-3.7950625,-1.9825022,-0.15677881,-0.85044509,-0.41520828,0.32302529,0
0.16822791,0.98752439,3.963444,0.1424219,0.40938661,0.90117627,0
3.3866556,1.817338,-1.1307542,0.85044509,0.41520828,-0.32302529,0
-3.061384,-0.71394664,3.4053838,-0.85044509,-0.41520828,0.32302529,0
-1.6882412,-0.22000298,0.60971642,-0.50641805,0.81240672,-0.28902608,0
-3.1112189,-1.1524057,2.7105966,-0.85044509,-0.41520828,0.32302529,0
0.4682436,0.64502239,2.7225695,0.50641805,-0.81240672,0.28902608,0
-3.3895569,-2.7202525,-0.037467957,-0.85044509,-0.41520828,0.32302529,0
-2.9959435,-1.4565829,2.6231055,-0.85044509,-0.41520828,0.32302529,0
-2.9215951,-2.852149,-2.6812396,-0.1424219,-0.40938661,-0.90117627,0
-3.1675384,-1.7503307,1.7937641,-0.85044509,-0.41520828,0.32302529,0
3.8944199,2.4763477,1.0531378,0.85044509,0.41520828,-0.32302529,0
-2.1136947,-2.8780525,-2.7971525,-0.1424219,-0.40938661,-0.90117627,0
-0.40109086,-1.4151809,-1.5451305,0.50641805,-0.81240672,0.28902608,0
3.8793869,2.0835195,0.50862765,0.85044509,0.41520828,-0.32302529,0
-1.7556542,0.50414509,2.7632999,-0.50641805,0.81240672,-0.28902608,0
-0.58110714,1.4131701,3.2604401,-0.50641805,0.81240672,-0.28902608,0
-3.1477306,-3.423286,-2.3770626,0.50641805,-0.81240672,0.28902608,0
0.17049122,1.0832102,3.9196184,0.1424219,0.40938661,0.90117627,0
2.683507,-0.041779995,-4.8437653,-0.1424219,-0.40938661,-0.90117627,0
-0.44018161,-1.1424974,-0.71016663,0.50641805,-0.81240672,0.28902608,0
2.9516184,0.12213838,-4.4550629,0.85044509,0.41520828,-0.32302529,0
0.034220815,0.14168632,-1.39165,-0.50641805,0.81240672,-0.28902608,0
-1.7761619,-1.0621418,-1.6033527,-0.50641805,0.81240672,-0.28902608,0
0.46027094,1.0313506,0.36255094,-0.50641805,0.81240672,-0.28902608,0
-3.047369,-1.2816859,2.7125232,-0.85044509,-0.41520828,0.32302529,0
2.0198808,-0.77004611,-4.4080486,-0.1424219,-0.40938661,-0.90117627,0
-3.6884604,-3.2826517,-1.5472991,-0.85044509,-0.41520828,0.32302529,0
3.0153456,0.11697197,-4.2939262,0.85044509,0.41520828,-0.32302529,0
-2.8191078,-1.8372643,-1.9546987,-0.50641805,0.81240672,-0.28902608,0
1.4754678,0.014707685,-4.2738528,-0.50641805,0.81240672,-0.28902608,0
1.67836,-0.74563456,-3.306658,0.50641805,-0.81240672,0.28902608,0
3.280436,1.4886223,-1.8329251,0.85044509,0.41520828,-0.32302529,0
-3.5615788,-1.4141774,1.1884365,-0.85044509,-0.41520828,0.32302529,0
-3.7886839,-2.9701083,-1.4094275,-0.85044509,-0.41520828,0.32302529,0
1.9945205,-0.039603949,-4.7358665,-0.1424219,-0.40938661,-0.90117627,0
-3.4862309,-2.5287876,-0.04588294,-0.85044509,-0.41520828,0.32302529,0
-3.4224563,-2.1366866,0.62601662,-0.85044509,-0.41520828,0.32302529,0
0.88686806,-0.33215335,-0.75761193,0.50641805,-0.81240672,0.28902608,0
-3.9735878,-3.2410324,-2.2444732,-0.85044509,-0.41520828,0.32302529,0
0.0039229393,1.4980309,3.7574978,0.1424219,0.40938661,0.90117627,0
-3.1292744,-0.44025505,3.5784411,-0.85044509,-0.41520828,0.32302529,0
3.4944305,1.0673146,-1.8110688,0.85044509,0.41520828,-0.32302529,0
-0.6320616,-1.0189759,-0.026763856,0.50641805,-0.81240672,0.28902608,0
-2.0223448,-2.7350671,-2.8765454,-0.1424219,-0.40938661,-0.90117627,0
-3.7256086,-2.4389257,-0.5605979,-0.85044509,-0.41520828,0.32302529,0
-2.1824458,-1.3890634,1.6494896,0.50641805,-0.81240672,0.28902608,0
1.2148802,-1.2396408,-4.0674987,-0.1424219,-0.40938661,-0.90117627,0
-1.9148946,-2.1046767,-3.1799006,-0.1424219,-0.40938661,-0.90117627,0
-1.4501758,0.13092309,1.1789868,-0.50641805,0.81240672,-0.28902608,0
1.2964268,-0.26516438,-1.2869263,0.50641805,-0.81240672,0.28902608,0
2.397599,0.056759834,-2.3114707,0.50641805,-0.81240672,0.28902608,0
-0.24304897,-0.83163571,-0.18179004,0.50641805,-0.81240672,0.28902608,0
2.7612255,0.94284731,-3.9014027,0.85044509,0.41520828,-0.32302529,0
2.4937959,2.2761233,0.29836357,-0.50641805,0.81240672,-0.28902608,0
0.21099472,-1.1036763,-3.9706106,-0.1424219,-0.40938661,-0.90117627,0
-3.7315288,-2.9771812,-2.4964383,-0.1424219,-0.40938661,-0.90117627,0
3.653729,3.5788894,1.927853,-0.50641805,0.81240672,-0.28902608,0
-3.4321237,-1.3338087,1.6325634,-0.85044509,-0.41520828,0.32302529,0
1.1735898,1.2009666,-0.41052949,-0.50641805,0.81240672,-0.28902608,0
-1.8654242,-1.616255,-3.004477,-0.50641805,0.81240672,-0.28902608,0
-3.2047718,-3.1039181,-1.3794241,0.50641805,-0.81240672,0.28902608,0
0.050548792,-0.9059993,-4.0350547,-0.1424219,-0.40938661,-0.90117627,0
-3.0769634,-0.64404434,3.454217,-0.85044509,-0.41520828,0.32302529,0
-3.4739633,-2.4781446,0.051511049,-0.85044509,-0.41520828,0.32302529,0
-3.5078406,-1.1145942,1.7149918,-0.85044509,-0.41520828,0.32302529,0
-0.8312887,-0.15442187,-0.7074579,-0.50641805,0.81240672,-0.28902608,0
-3.8832045,-2.9694228,-1.6573963,-0.85044509,-0.41520828,0.32302529,0
2.5542946,-0.48509824,-4.1091032,0.50641805,-0.81240672,0.28902608,0
3.5757535,2.4417686,0.16972208,0.85044509,0.41520828,-0.32302529,0
2.8062742,0.33343279,-4.5661268,0.85044509,0.41520828,-0.32302529,0
3.5032301,2.6287565,0.21913433,0.85044509,0.41520828,-0.32302529,0
-0.82987213,0.99592263,4.1173687,0.1424219,0.40938661,0.90117627,0
-0.81000471,-1.3111511,-3.7150002,-0.1424219,-0.40938661,-0.90117627,0
-2.1681261,-2.1500452,-0.51460063,0.50641805,-0.81240672,0.28902608,0
3.793215,2.547842,0.87858713,0.85044509,0.41520828,-0.32302529,0
-2.6489892,-2.4674003,-2.8991063,-0.1424219,-0.40938661,-0.90117627,0
-2.361166,-1.6736894,1.1625957,0.50641805,-0.81240672,0.28902608,0
-2.9455366,-2.4155326,0.10129857,0.50641805,-0.81240672,0.28902608,0
-3.0790257,-0.392156,3.7725585,-0.85044509,-0.41520828,0.32302529,0
-3.3209727,-0.9681828,2.3951621,-0.85044509,-0.41520828,0.32302529,0
