-0.230268,-3.1317909,2.5479076,-0.12831944,-0.84364307,0.52134478,0
0.48244333,1.5958331,-4.9713345,0.12831944,0.84364307,-0.52134478,0
1.179631,3.7913647,1.1024222,0.98560715,-0.16682267,-0.027364224,0
-0.94294763,-2.3429646,-1.4075314,-0.98560715,0.16682267,0.027364224,0
0.4393549,5.2296939,0.91777468,0.11005783,0.51032984,0.85290724,0
0.12496114,2.1598694,-4.1465955,0.12831944,0.84364307,-0.52134478,0
-0.37483978,0.75059235,-4.5043535,-0.11005783,-0.51032984,-0.85290724,0
-0.82105732,-4.7982664,-0.29420447,-0.12831944,-0.84364307,0.52134478,0
0.2706379,-1.9572482,3.4079518,0.98560715,-0.16682267,-0.027364224,0
-0.80930877,-2.1619353,2.3022461,-0.98560715,0.16682267,0.027364224,0
0.87967181,2.0834281,0.71069956,0.98560715,-0.16682267,-0.027364224,0
-0.62501192,-0.12046409,-3.5053029,-0.98560715,0.16682267,0.027364224,0
0.040670753,1.8225396,-4.7132111,0.12831944,0.84364307,-0.52134478,0
-0.13151479,1.7008731,-4.9524732,0.12831944,0.84364307,-0.52134478,0
0.12743521,3.4414849,1.8814025,-0.98560715,0.16682267,0.027364224,0
0.41741371,4.8085217,0.21145034,0.12831944,0.84364307,-0.52134478,0
0.18460274,3.6751184,1.8808148,0.11005783,0.51032984,0.85290724,0
-0.46259201,0.9582324,-4.2313924,-0.98560715,0.16682267,0.027364224,0
-0.44394255,-2.3605943,3.7432704,-0.12831944,-0.84364307,0.52134478,0
0.42010623,-0.9051227,2.377363,0.98560715,-0.16682267,-0.027364224,0
0.015556574,-3.2736537,2.245717,0.98560715,-0.16682267,-0.027364224,0
0.0055629015,-3.0389745,2.7561488,-0.12831944,-0.84364307,0.52134478,0
0.37321401,-1.3894118,3.6407971,0.98560715,-0.16682267,-0.027364224,0
0.17127943,-1.9023097,4.6362944,-0.12831944,-0.84364307,0.52134478,0
0.15655637,-0.78614402,4.5537925,0.11005783,0.51032984,0.85290724,0
-1.1371713,-5.0806274,-0.91692281,-0.11005783,-0.51032984,-0.85290724,0
0.22485971,4.3825283,-0.34649968,-0.98560715,0.16682267,0.027364224,0
1.110033,3.9407024,-1.0223842,0.12831944,0.84364307,-0.52134478,0
-0.49549592,0.6922822,-3.7951944,-0.98560715,0.16682267,0.027364224,0
-0.39678335,-1.4888093,-3.1615949,-0.11005783,-0.51032984,-0.85290724,0
0.30558205,-1.122691,4.7359324,0.11005783,0.51032984,0.85290724,0
0.66773701,3.0691154,2.1810684,0.11005783,0.51032984,0.85290724,0
-0.53475791,-0.030745149,-0.80149007,-0.98560715,0.16682267,0.027364224,0
0.1620214,1.600502,-5.0426455,0.12831944,0.84364307,-0.52134478,0
0.034192085,0.27846301,-4.2746396,-0.11005783,-0.51032984,-0.85290724,0
-0.41224113,0.5696218,-0.048737168,-0.98560715,0.16682267,0.027364224,0
-0.61020017,-2.8733544,-2.3056252,-0.11005783,-0.51032984,-0.85290724,0
-0.73925734,-5.0656247,-0.97724581,-0.11005783,-0.51032984,-0.85290724,0
-0.32886934,-4.579464,-1.3210914,-0.11005783,-0.51032984,-0.85290724,0
0.5257259,0.37572408,-1.6269454,0.98560715,-0.16682267,-0.027364224,0
1.1095381,3.3635185,1.1861215,0.98560715,-0.16682267,-0.027364224,0
-0.67000198,-3.7542033,-1.7708597,-0.11005783,-0.51032984,-0.85290724,0
0.085532904,-1.1704259,-3.4143338,-0.11005783,-0.51032984,-0.85290724,0
0.71045971,4.7875333,0.24961448,0.12831944,0.84364307,-0.52134478,0
-1.1880846,-5.1044602,-0.89609265,-0.11005783,-0.51032984,-0.85290724,0
-0.67168808,-1.528904,-3.1021311,-0.11005783,-0.51032984,-0.85290724,0
-1.1568294,-4.4998913,-1.2618644,-0.11005783,-0.51032984,-0.85290724,0
0.72715116,0.89574134,2.4577856,0.98560715,-0.16682267,-0.027364224,0
0.79542327,1.2601072,2.6955082,0.98560715,-0.16682267,-0.027364224,0
-0.58376008,-2.2452049,3.8955803,-0.12831944,-0.84364307,0.52134478,0
-0.49328244,0.50802338,-2.5921624,-0.98560715,0.16682267,0.027364224,0
-0.64419311,-1.2148937,2.4758756,-0.98560715,0.16682267,0.027364224,0
0.61182833,0.1248163,3.0039239,0.98560715,-0.16682267,-0.027364224,0
-0.15281582,-3.0397694,2.7158809,-0.12831944,-0.84364307,0.52134478,0
-0.76310545,-2.1391277,3.8273597,-0.98560715,0.16682267,0.027364224,0
-0.61342794,-2.2528551,3.8758988,-0.12831944,-0.84364307,0.52134478,0
-0.81207085,-3.8609772,1.2247343,-0.12831944,-0.84364307,0.52134478,0
-0.61839008,-0.36764407,-1.7598987,-0.98560715,0.16682267,0.027364224,0
-0.77346969,-4.5867257,0.059824467,-0.12831944,-0.84364307,0.52134478,0
-0.57072902,-4.585556,0.11161876,-0.12831944,-0.84364307,0.52134478,0
-0.69996977,-1.6357043,-3.0345788,-0.11005783,-0.51032984,-0.85290724,0
0.042704582,-2.7333808,-0.070160151,0.98560715,-0.16682267,-0.027364224,0
0.23399985,-1.7960788,4.8236346,-0.12831944,-0.84364307,0.52134478,0
0.49784327,0.35494974,-2.5045748,0.98560715,-0.16682267,-0.027364224,0
-0.82692194,-4.7956343,-0.29138875,-0.12831944,-0.84364307,0.52134478,0
1.0719919,5.0434361,0.75270271,0.12831944,0.84364307,-0.52134478,0
0.66732359,2.848629,2.3130479,0.11005783,0.51032984,0.85290724,0
0.43640709,4.6118035,1.2878649,0.11005783,0.51032984,0.85290724,0
0.29352176,-1.8624768,3.6544192,0.98560715,-0.16682267,-0.027364224,0
0.39108658,-0.011552334,4.0600586,0.11005783,0.51032984,0.85290724,0
0.010298252,-3.1672025,1.4073536,0.98560715,-0.16682267,-0.027364224,0
-0.48083305,-3.8527298,1.3196084,-0.12831944,-0.84364307,0.52134478,0
0.20429873,0.62442601,3.703629,0.11005783,0.51032984,0.85290724,0
-0.21193326,-1.7105418,4.8522935,-0.12831944,-0.84364307,0.52134478,0
0.76307213,1.4844328,0.16270697,0.98560715,-0.16682267,-0.027364224,0
-0.48603293,0.38220352,-1.5640011,-0.98560715,0.16682267,0.027364224,0
0.23732567,-2.1904671,4.1862526,-0.12831944,-0.84364307,0.52134478,0
0.5603019,1.0047042,-4.2160888,0.98560715,-0.16682267,-0.027364224,0
0.97057104,2.5373249,1.2175931,0.98560715,-0.16682267,-0.027364224,0
0.64480495,1.4717599,-4.0197916,0.98560715,-0.16682267,-0.027364224,0
-0.72476435,-2.6407957,-2.4299912,-0.11005783,-0.51032984,-0.85290724,0
-0.43486309,-0.11215091,-3.9803929,-0.11005783,-0.51032984,-0.85290724,0
-0.26448393,-3.5736597,-1.9312141,-0.11005783,-0.51032984,-0.85290724,0
0.061638594,-0.18102288,4.2039709,0.11005783,0.51032984,0.85290724,0
0.28213167,3.9511395,-1.2092679,0.12831944,0.84364307,-0.52134478,0
-0.99842834,-2.9023411,0.0043170452,-0.98560715,0.16682267,0.027364224,0
-1.1994441,-4.1246309,0.21565413,-0.98560715,0.16682267,0.027364224,0
-1.0919657,-4.4350328,-1.309042,-0.11005783,-0.51032984,-0.85290724,0
-0.18332916,2.4109077,-3.0289345,-0.98560715,0.16682267,0.027364224,0
0.34851801,-1.5951447,4.0055265,0.98560715,-0.16682267,-0.027364224,0
-0.64559507,-2.6445379,3.2341576,-0.12831944,-0.84364307,0.52134478,0
-0.376647,-1.2018626,-3.3358855,-0.11005783,-0.51032984,-0.85290724,0
-0.033175945,2.6050713,1.1955884,-0.98560715,0.16682267,0.027364224,0
0.14292896,-2.2619789,0.66587353,0.98560715,-0.16682267,-0.027364224,0
-0.067323208,0.69042897,-4.5080366,-0.11005783,-0.51032984,-0.85290724,0
0.011059523,-3.03579,0.63362455,0.98560715,-0.16682267,-0.027364224,0
-0.13880157,-2.3702133,3.8028092,-0.12831944,-0.84364307,0.52134478,0
-0.48828506,-4.2192469,-1.5160534,-0.11005783,-0.51032984,-0.85290724,0
-0.40750533,-3.121675,2.520653,-0.12831944,-0.84364307,0.52134478,0
-0.67522597,-2.9341345,-2.2608671,-0.11005783,-0.51032984,-0.85290724,0
0.061916828,-3.0397413,2.4895091,0.98560715,-0.16682267,-0.027364224,0
0.91620612,2.0740969,2.0834889,0.98560715,-0.16682267,-0.027364224,0
-0.064188957,-1.6108962,5.0499053,-0.12831944,-0.84364307,0.52134478,0
-0.27175176,1.8069574,-2.5318406,-0.98560715,0.16682267,0.027364224,0
0.87150311,4.6062965,-0.0040261745,0.12831944,0.84364307,-0.52134478,0
0.041408405,2.4438438,-3.7076311,0.12831944,0.84364307,-0.52134478,0
-0.60865355,-1.3759661,-3.2017741,-0.11005783,-0.51032984,-0.85290724,0
0.69015348,1.4079092,-1.9971646,0.98560715,-0.16682267,-0.027364224,0
0.68036175,0.78657377,3.5451791,0.11005783,0.51032984,0.85290724,0
-0.08661747,1.4654554,-4.9692774,-0.11005783,-0.51032984,-0.85290724,0
0.48196581,-0.01494886,-0.82141161,0.98560715,-0.16682267,-0.027364224,0
-0.80338216,-1.8596462,-2.8872406,-0.11005783,-0.51032984,-0.85290724,0
-0.11724496,-1.6518395,4.970592,-0.12831944,-0.84364307,0.52134478,0
0.42317343,4.3541012,-0.5224781,0.12831944,0.84364307,-0.52134478,0
0.27890635,2.8011334,2.3915875,0.11005783,0.51032984,0.85290724,0
0.24058485,3.8679173,-1.3541641,0.12831944,0.84364307,-0.52134478,0
0.74503785,1.3921318,0.075846374,0.98560715,-0.16682267,-0.027364224,0
-0.56629539,-1.3483272,4.9834456,0.11005783,0.51032984,0.85290724,0
-0.12963223,-3.5774748,1.8514688,-0.12831944,-0.84364307,0.52134478,0
0.16914129,3.083827,-2.6405678,0.12831944,0.84364307,-0.52134478,0
0.96227479,3.9496574,-1.044261,0.12831944,0.84364307,-0.52134478,0
1.2803936,4.9632759,0.67428017,0.12831944,0.84364307,-0.52134478,0
-0.66674638,-1.5827508,3.906147,-0.98560715,0.16682267,0.027364224,0
-0.065480411,2.2459066,-4.0542436,0.12831944,0.84364307,-0.52134478,0
0.63270879,2.3403869,2.6216171,0.11005783,0.51032984,0.85290724,0
-0.47184992,-0.40246236,3.7304585,-0.98560715,0.16682267,0.027364224,0
-0.3377744,1.457335,-2.7784228,-0.98560715,0.16682267,0.027364224,0
-1.0691957,-4.5363741,0.068516254,-0.12831944,-0.84364307,0.52134478,0
1.0170105,4.5812798,-0.0086946487,0.12831944,0.84364307,-0.52134478,0
-0.37020946,-1.918214,4.4772806,-0.12831944,-0.84364307,0.52134478,0
-0.32415915,0.55358678,3.2215571,-0.98560715,0.16682267,0.027364224,0
-0.59812784,-3.0836847,-2.1813335,-0.11005783,-0.51032984,-0.85290724,0
-0.11233985,-3.1381807,2.5665932,-0.12831944,-0.84364307,0.52134478,0
-0.63087749,-4.7433634,-0.15855074,-0.12831944,-0.84364307,0.52134478,0
-0.35243058,1.0619595,-0.89594877,-0.98560715,0.16682267,0.027364224,0
-0.24580383,-1.2386279,-3.330771,-0.11005783,-0.51032984,-0.85290724,0
-1.0093386,-4.0409813,0.88489676,-0.12831944,-0.84364307,0.52134478,0
-1.1922522,-5.071435,-0.91531539,-0.11005783,-0.51032984,-0.85290724,0
0.036356151,2.8430595,-3.0628617,0.12831944,0.84364307,-0.52134478,0
0.60674238,5.0135479,0.58982491,0.12831944,0.84364307,-0.52134478,0
0.73528981,2.9888947,2.2203512,0.11005783,0.51032984,0.85290724,0
1.1227164,4.7684622,0.32022285,0.12831944,0.84364307,-0.52134478,0
-0.15549278,0.1124326,-4.1508198,-0.11005783,-0.51032984,-0.85290724,0
-1.08146,-4.0915794,0.78526664,-0.12831944,-0.84364307,0.52134478,0
-0.84703612,-2.6250668,-2.423625,-0.11005783,-0.51032984,-0.85290724,0
-0.46107864,-1.6544877,4.8816781,-0.12831944,-0.84364307,0.52134478,0
-0.2745285,-4.1179523,0.94120169,-0.12831944,-0.84364307,0.52134478,0
-0.93404365,-3.3674459,1.9933476,-0.12831944,-0.84364307,0.52134478,0
0.19881809,-1.9477851,0.76345038,0.98560715,-0.16682267,-0.027364224,0
-0.068355888,-2.7565413,3.1949902,-0.12831944,-0.84364307,0.52134478,0
-0.47485888,-3.0561457,2.6101151,-0.12831944,-0.84364307,0.52134478,0
-0.30524993,0.8216536,2.2684035,-0.98560715,0.16682267,0.027364224,0
1.0063362,5.0895176,0.92848587,0.11005783,0.51032984,0.85290724,0
-0.60426664,-4.8730412,-0.36184621,-0.12831944,-0.84364307,0.52134478,0
0.61598176,1.9718109,-4.3300571,0.12831944,0.84364307,-0.52134478,0
-1.1469336,-4.6321869,-1.1839833,-0.11005783,-0.51032984,-0.85290724,0
-0.91817808,-2.126874,-1.8327546,-0.98560715,0.16682267,0.027364224,0
-1.0760753,-4.2641692,0.50730681,-0.12831944,-0.84364307,0.52134478,0
-0.43597054,-3.8817658,1.2836637,-0.12831944,-0.84364307,0.52134478,0
-0.74969101,-5.154706,-0.92259789,-0.11005783,-0.51032984,-0.85290724,0
-0.7097857,-0.7392019,-2.7866347,-0.98560715,0.16682267,0.027364224,0
-0.48258209,-2.2975032,-2.6666484,-0.11005783,-0.51032984,-0.85290724,0
1.0534706,3.7939239,1.6976112,0.11005783,0.51032984,0.85290724,0
0.75128412,4.4760604,1.328454,0.11005783,0.51032984,0.85290724,0
0.27231681,-2.0538883,4.057579,0.98560715,-0.16682267,-0.027364224,0
-0.11734939,2.5178022,-1.3041488,-0.98560715,0.16682267,0.027364224,0
0.56694341,1.2082697,-4.8997269,-0.11005783,-0.51032984,-0.85290724,0
-0.73110837,-1.6385326,1.9280186,-0.98560715,0.16682267,0.027364224,0
0.82490802,2.1021156,2.7393837,0.11005783,0.51032984,0.85290724,0
0.39355087,4.7621689,0.13056922,0.12831944,0.84364307,-0.52134478,0
0.22128862,-2.3107111,3.9877257,-0.12831944,-0.84364307,0.52134478,0
-0.6902864,-4.0772605,0.9047184,-0.12831944,-0.84364307,0.52134478,0
0.83423805,2.859256,2.285151,0.11005783,0.51032984,0.85290724,0
0.45584106,-0.24330521,4.1903706,0.11005783,0.51032984,0.85290724,0
0.79919982,2.6042957,-3.2614706,0.12831944,0.84364307,-0.52134478,0
-0.34207582,0.94209111,0.20777047,-0.98560715,0.16682267,0.027364224,0
-0.72991371,-1.111478,-3.3443809,-0.11005783,-0.51032984,-0.85290724,0
0.95202899,3.9547405,-1.0385573,0.12831944,0.84364307,-0.52134478,0
0.11922741,-2.2023315,-0.55144107,0.98560715,-0.16682267,-0.027364224,0
-1.0663359,-3.2227049,-0.48851657,-0.98560715,0.16682267,0.027364224,0
-1.3039911,-4.6925402,-0.24198365,-0.12831944,-0.84364307,0.52134478,0
0.80437899,3.7670865,-1.3785617,0.12831944,0.84364307,-0.52134478,0
-0.42329216,-1.6744839,-3.0470777,-0.11005783,-0.51032984,-0.85290724,0
-0.80842471,-4.0799818,0.87123656,-0.12831944,-0.84364307,0.52134478,0
0.29919052,4.6410437,0.75475693,-0.98560715,0.16682267,0.027364224,0
0.55513644,3.7280948,-1.5030048,0.12831944,0.84364307,-0.52134478,0
-0.79145193,-4.7775269,-0.25335693,-0.12831944,-0.84364307,0.52134478,0
-0.11321378,-3.1638553,2.5248311,-0.12831944,-0.84364307,0.52134478,0
-0.19584823,-2.323595,-2.6880364,-0.11005783,-0.51032984,-0.85290724,0
-0.41643161,0.66779852,-0.79819107,-0.98560715,0.16682267,0.027364224,0
-0.68130386,-3.0941808,2.4977541,-0.12831944,-0.84364307,0.52134478,0
0.030100346,0.75923717,3.6454444,0.11005783,0.51032984,0.85290724,0
0.94068718,4.4436979,1.3233778,0.11005783,0.51032984,0.85290724,0
-0.080183893,-2.8184562,3.091888,-0.12831944,-0.84364307,0.52134478,0
0.64693379,2.2343988,-3.8975182,0.12831944,0.84364307,-0.52134478,0
-0.042239189,2.6219051,0.76652956,-0.98560715,0.16682267,0.027364224,0
-0.49610686,-1.7116176,4.7806087,-0.12831944,-0.84364307,0.52134478,0
0.090237141,1.2091713,3.3684702,0.11005783,0.51032984,0.85290724,0
0.75571585,1.416729,0.31049418,0.98560715,-0.16682267,-0.027364224,0
0.20787477,-1.9909464,4.5018687,-0.12831944,-0.84364307,0.52134478,0
0.70597124,2.7994938,2.3374608,0.11005783,0.51032984,0.85290724,0
-0.023533583,0.82357037,3.6138718,0.11005783,0.51032984,0.85290724,0
-0.3002243,1.3768644,-0.93536019,-0.98560715,0.16682267,0.027364224,0
-0.45609319,-0.0023059547,1.8584816,-0.98560715,0.16682267,0.027364224,0
-0.3470937,0.89731288,0.30002272,-0.98560715,0.16682267,0.027364224,0
0.27986765,-1.3624027,0.11398566,0.98560715,-0.16682267,-0.027364224,0
-0.087836981,0.50442958,3.8131247,0.11005783,0.51032984,0.85290724,0
0.070652902,-3.0190315,2.6779063,0.98560715,-0.16682267,-0.027364224,0
0.72951573,1.3349354,-0.1345399,0.98560715,-0.16682267,-0.027364224,0
-0.96192694,-5.1333294,-0.87107754,-0.12831944,-0.84364307,0.52134478,0
1.2598782,4.4284611,1.2913071,0.11005783,0.51032984,0.85290724,0
-0.45476899,-2.3333299,3.7847247,-0.12831944,-0.84364307,0.52134478,0
1.1554458,4.6669641,0.16403413,0.12831944,0.84364307,-0.52134478,0
0.44050217,4.7582321,0.13575411,0.12831944,0.84364307,-0.52134478,0
0.2106235,1.780998,-4.7386031,0.12831944,0.84364307,-0.52134478,0
0.78127766,2.0077147,-2.3716862,0.98560715,-0.16682267,-0.027364224,0
0.63242865,2.8096101,2.3408978,0.11005783,0.51032984,0.85290724,0
0.080803156,-2.4688635,-0.31053174,0.98560715,-0.16682267,-0.027364224,0
0.68223858,4.1836581,1.5123203,0.11005783,0.51032984,0.85290724,0
0.85394257,2.3034067,-1.5570881,0.98560715,-0.16682267,-0.027364224,0
0.78349733,4.4216805,1.356835,0.11005783,0.51032984,0.85290724,0
0.1212914,-0.6650784,-3.7213187,-0.11005783,-0.51032984,-0.85290724,0
0.75100088,2.0891829,2.7566588,0.11005783,0.51032984,0.85290724,0
-0.12837958,-1.954211,4.4785519,-0.12831944,-0.84364307,0.52134478,0
-0.11498141,-1.6278358,5.0099916,-0.12831944,-0.84364307,0.52134478,0
0.28394127,3.9621956,-1.1909308,0.12831944,0.84364307,-0.52134478,0
0.8749814,3.905304,-1.1375201,0.12831944,0.84364307,-0.52134478,0
0.90112424,1.8923335,2.648371,0.98560715,-0.16682267,-0.027364224,0
0.74370813,2.5876443,-3.3020744,0.12831944,0.84364307,-0.52134478,0
0.24716078,2.6140599,-3.3815444,0.12831944,0.84364307,-0.52134478,0
-1.1232157,-4.4131489,-1.3181032,-0.11005783,-0.51032984,-0.85290724,0
0.35608792,0.19995558,3.9380209,0.11005783,0.51032984,0.85290724,0
-0.61091244,-0.555888,-0.34296548,-0.98560715,0.16682267,0.027364224,0
-0.70170736,-2.7355351,-2.3762801,-0.11005783,-0.51032984,-0.85290724,0
-0.065297842,0.78989804,3.6394086,0.11005783,0.51032984,0.85290724,0
-1.0911076,-3.7171776,1.3887515,-0.12831944,-0.84364307,0.52134478,0
-0.39828855,-2.1158249,4.1505938,-0.12831944,-0.84364307,0.52134478,0
0.060007095,2.7271981,2.4640727,0.11005783,0.51032984,0.85290724,0
0.97778082,4.6349196,1.2041755,0.11005783,0.51032984,0.85290724,0
-0.16793692,-3.1544294,2.5266147,-0.12831944,-0.84364307,0.52134478,0
-0.24744654,-1.269171,4.8949389,0.11005783,0.51032984,0.85290724,0
-0.70155907,-2.8862998,-2.2860906,-0.11005783,-0.51032984,-0.85290724,0
0.5888952,0.84238517,-2.1966505,0.98560715,-0.16682267,-0.027364224,0
-0.48707891,-2.3804474,-2.6164393,-0.11005783,-0.51032984,-0.85290724,0
0.43690348,-0.24834108,4.195827,0.11005783,0.51032984,0.85290724,0
0.23585324,2.5071292,-3.5573635,0.12831944,0.84364307,-0.52134478,0
-0.16931891,-2.2820117,-2.7163405,-0.11005783,-0.51032984,-0.85290724,0
0.331994,-1.0341578,-0.00962466,0.98560715,-0.16682267,-0.027364224,0
0.036135435,2.2958918,-3.9483466,0.12831944,0.84364307,-0.52134478,0
-0.041597366,-2.9301884,-1.9067624,0.98560715,-0.16682267,-0.027364224,0
0.054812193,3.5257516,-1.9535835,0.12831944,0.84364307,-0.52134478,0
0.92194414,2.5821149,2.4396589,0.11005783,0.51032984,0.85290724,0
0.41807318,4.9753437,0.481565,0.12831944,0.84364307,-0.52134478,0
-0.67150211,-4.3807154,0.41828942,-0.12831944,-0.84364307,0.52134478,0
0.71370411,4.7077751,0.12134814,0.12831944,0.84364307,-0.52134478,0
-0.56744289,-2.02321,4.2588296,-0.12831944,-0.84364307,0.52134478,0
-1.1910191,-4.7639732,-1.0994415,-0.11005783,-0.51032984,-0.85290724,0
0.52551925,3.3309603,-2.1529398,0.12831944,0.84364307,-0.52134478,0
-0.12512493,2.1178558,0.85402471,-0.98560715,0.16682267,0.027364224,0
0.64418507,5.0193291,0.60839558,0.12831944,0.84364307,-0.52134478,0
-0.87457013,-2.2060733,0.22074044,-0.98560715,0.16682267,0.027364224,0
-0.85534215,-2.8988104,-2.2587609,-0.11005783,-0.51032984,-0.85290724,0
0.81279325,3.6064215,-1.6364799,0.12831944,0.84364307,-0.52134478,0
-0.80133057,-4.8201852,-0.32481837,-0.12831944,-0.84364307,0.52134478,0
0.30155373,1.6634004,-4.9065194,0.12831944,0.84364307,-0.52134478,0
-1.0483251,-3.0723059,-0.75669718,-0.98560715,0.16682267,0.027364224,0
-1.2286401,-4.7063713,-1.1290524,-0.11005783,-0.51032984,-0.85290724,0
0.87020469,2.0248697,2.779758,0.11005783,0.51032984,0.85290724,0
-0.70028591,-3.0978048,-2.1597028,-0.11005783,-0.51032984,-0.85290724,0
-0.27422595,0.18794382,4.0265427,0.11005783,0.51032984,0.85290724,0
-0.30062485,-1.071265,-3.4238367,-0.11005783,-0.51032984,-0.85290724,0
0.31359524,1.9890127,-4.3766479,0.12831944,0.84364307,-0.52134478,0
1.037324,4.9937468,0.98179126,0.11005783,0.51032984,0.85290724,0
0.92342293,3.2664068,-2.1594639,0.12831944,0.84364307,-0.52134478,0
-0.23432875,-4.2430105,-0.84510994,0.98560715,-0.16682267,-0.027364224,0
-0.38721466,-3.3697596,-2.0373788,-0.11005783,-0.51032984,-0.85290724,0
0.67420894,2.5392663,-3.3974657,0.12831944,0.84364307,-0.52134478,0
-0.3551898,-3.9569349,1.1819074,-0.12831944,-0.84364307,0.52134478,0
-0.43085265,0.55207562,-4.3783445,-0.11005783,-0.51032984,-0.85290724,0
1.025023,3.3978705,1.9382575,0.11005783,0.51032984,0.85290724,0
0.60354948,0.17318869,3.9221044,0.11005783,0.51032984,0.85290724,0
-0.82857597,-1.6942909,-1.2426486,-0.98560715,0.16682267,0.027364224,0
0.41029501,3.3503652,2.0460052,0.11005783,0.51032984,0.85290724,0
0.12850833,-0.13583004,4.1683016,0.11005783,0.51032984,0.85290724,0
-0.54718512,-0.56635416,2.0161762,-0.98560715,0.16682267,0.027364224,0
0.27531832,2.5736089,-3.4400723,0.12831944,0.84364307,-0.52134478,0
0.50733972,0.67143559,-4.0919495,0.98560715,-0.16682267,-0.027364224,0
-1.0934048,-3.773926,-1.7044237,-0.11005783,-0.51032984,-0.85290724,0
-0.59743214,-4.5713468,-1.2912931,-0.11005783,-0.51032984,-0.85290724,0
-0.39681578,-0.14376998,4.2408395,0.11005783,0.51032984,0.85290724,0
-1.0708482,-3.4460974,-1.9034878,-0.11005783,-0.51032984,-0.85290724,0
-0.41026711,-2.0899577,-2.8001628,-0.11005783,-0.51032984,-0.85290724,0
0.7905876,3.0783613,-2.4964552,0.12831944,0.84364307,-0.52134478,0
0.28081256,2.9160705,-2.8845468,0.12831944,0.84364307,-0.52134478,0
-0.76787734,-1.5371361,-0.01448822,-0.98560715,0.16682267,0.027364224,0
-0.26994491,-1.1179963,-3.3998346,-0.11005783,-0.51032984,-0.85290724,0
-0.38353044,-2.0260098,4.2995658,-0.12831944,-0.84364307,0.52134478,0
-0.63327062,-3.6508629,1.6087511,-0.12831944,-0.84364307,0.52134478,0
-0.37079459,1.3453867,-3.2852674,-0.98560715,0.16682267,0.027364224,0
0.43090105,4.0850825,1.6037345,0.11005783,0.51032984,0.85290724,0
0.99105167,3.4950123,1.8845167,0.11005783,0.51032984,0.85290724,0
0.44802207,-0.80675018,2.7831168,0.98560715,-0.16682267,-0.027364224,0
0.26176739,3.0075984,2.2702622,0.11005783,0.51032984,0.85290724,0
1.0069284,3.4796524,-1.7938349,0.12831944,0.84364307,-0.52134478,0
0.60830963,3.4033937,-2.0153503,0.12831944,0.84364307,-0.52134478,0
0.52590847,4.5285807,1.3261111,0.11005783,0.51032984,0.85290724,0
0.56494856,3.622972,1.862937,0.11005783,0.51032984,0.85290724,0
-0.0035555363,-3.0023708,-0.096507549,0.98560715,-0.16682267,-0.027364224,0
0.090503931,-2.1843891,-1.6953826,0.98560715,-0.16682267,-0.027364224,0
-0.5125823,-4.8765264,-0.34491992,-0.12831944,-0.84364307,0.52134478,0
-0.54417944,-4.2754078,0.62003708,-0.12831944,-0.84364307,0.52134478,0
1.0035033,3.8827672,-1.1423554,0.12831944,0.84364307,-0.52134478,0
-0.92527276,-3.2325449,2.2138038,-0.12831944,-0.84364307,0.52134478,0
-0.46274006,-3.2149925,2.3560514,-0.12831944,-0.84364307,0.52134478,0
-0.20546269,2.3930204,-3.8506374,0.12831944,0.84364307,-0.52134478,0
0.20196652,-0.017987251,-4.1189103,-0.11005783,-0.51032984,-0.85290724,0
0.56388986,-0.015714288,2.1339993,0.98560715,-0.16682267,-0.027364224,0
1.011471,2.6328721,2.3977363,0.11005783,0.51032984,0.85290724,0
1.0099761,2.8581333,0.68111944,0.98560715,-0.16682267,-0.027364224,0
-0.9090482,-3.4683442,1.8362259,-0.12831944,-0.84364307,0.52134478,0
0.44399929,-1.0597755,4.1807714,0.98560715,-0.16682267,-0.027364224,0
0.53889716,0.69237339,-3.082953,0.98560715,-0.16682267,-0.027364224,0
0.016220093,0.47851872,3.8152008,0.11005783,0.51032984,0.85290724,0
1.1011391,3.4286032,0.48682332,0.98560715,-0.16682267,-0.027364224,0
-1.322,-4.6574807,-0.9501152,-0.98560715,0.16682267,0.027364224,0
0.87811756,3.8099785,-1.2910042,0.12831944,0.84364307,-0.52134478,0
-1.277591,-4.5451212,-0.035592318,-0.98560715,0.16682267,0.027364224,0
-0.04233861,-1.5306469,5.0249243,0.11005783,0.51032984,0.85290724,0
-0.44659662,0.42350936,-4.2993865,-0.11005783,-0.51032984,-0.85290724,0
0.44907904,-0.73516548,2.3847847,0.98560715,-0.16682267,-0.027364224,0
-0.18218756,-0.10202157,4.1881642,0.11005783,0.51032984,0.85290724,0
-0.86822581,-1.8628759,-1.6430073,-0.98560715,0.16682267,0.027364224,0
-0.98060274,-4.6972799,-1.1664987,-0.11005783,-0.51032984,-0.85290724,0
-0.1924547,1.9568012,-4.553328,0.12831944,0.84364307,-0.52134478,0
-0.44928682,1.1115084,-4.6865878,-0.98560715,0.16682267,0.027364224,0
-0.24070191,-1.8752615,4.5786624,-0.12831944,-0.84364307,0.52134478,0
0.77013093,1.5882393,-0.21589237,0.98560715,-0.16682267,-0.027364224,0
-0.92945862,-4.3399906,-1.3868791,-0.11005783,-0.51032984,-0.85290724,0
-0.12919307,-3.9402902,1.0961852,0.98560715,-0.16682267,-0.027364224,0
0.49894834,4.5160751,-0.24172044,0.12831944,0.84364307,-0.52134478,0
-0.82338381,-4.6601973,-0.07135272,-0.12831944,-0.84364307,0.52134478,0
-0.62188959,-3.0136867,2.6426334,-0.12831944,-0.84364307,0.52134478,0
-0.095702052,-2.2272186,4.0448122,-0.12831944,-0.84364307,0.52134478,0
-0.53482223,-3.8615077,1.2921152,-0.12831944,-0.84364307,0.52134478,0
0.054434061,1.2968441,3.3206317,0.11005783,0.51032984,0.85290724,0
0.52589273,0.64509666,3.6497631,0.11005783,0.51032984,0.85290724,0
0.3564105,4.7324619,0.073354721,0.12831944,0.84364307,-0.52134478,0
-0.58123541,-3.2428451,2.2818151,-0.12831944,-0.84364307,0.52134478,0
1.1155353,4.6989107,1.1481116,0.11005783,0.51032984,0.85290724,0
0.42423868,3.4841857,1.9641354,0.11005783,0.51032984,0.85290724,0
0.01759553,0.80990541,-4.5904822,-0.11005783,-0.51032984,-0.85290724,0
-0.5308255,-0.13795668,-0.0062501729,-0.98560715,0.16682267,0.027364224,0
-0.40951419,0.084336579,3.0079634,-0.98560715,0.16682267,0.027364224,0
0.20062044,2.7481387,-3.176033,0.12831944,0.84364307,-0.52134478,0
-0.61584735,-2.2499404,-2.6779108,-0.11005783,-0.51032984,-0.85290724,0
0.93263221,2.1878371,1.9817142,0.98560715,-0.16682267,-0.027364224,0
-0.34586883,0.7171818,1.4422832,-0.98560715,0.16682267,0.027364224,0
0.1532861,-1.5767698,5.0272789,0.11005783,0.51032984,0.85290724,0
1.04849,4.5507126,-0.050409794,0.12831944,0.84364307,-0.52134478,0
0.866014,4.7594266,1.1441,0.11005783,0.51032984,0.85290724,0
-0.034414053,1.3960588,3.2727323,0.11005783,0.51032984,0.85290724,0
1.1284695,3.6880558,-0.11050105,0.98560715,-0.16682267,-0.027364224,0
0.68241638,1.3536251,-1.9449079,0.98560715,-0.16682267,-0.027364224,0
-0.071023703,-3.4995089,0.50415444,0.98560715,-0.16682267,-0.027364224,0
0.87526476,2.1978996,-0.14589632,0.98560715,-0.16682267,-0.027364224,0
-0.37240025,0.9817521,-1.1262453,-0.98560715,0.16682267,0.027364224,0
0.41384935,-0.66128552,0.66547692,0.98560715,-0.16682267,-0.027364224,0
-0.35428953,-0.98153865,-3.4705992,-0.11005783,-0.51032984,-0.85290724,0
-0.16690302,-2.1063175,-2.8217776,-0.11005783,-0.51032984,-0.85290724,0
-0.25825667,1.1749389,-4.7733011,-0.11005783,-0.51032984,-0.85290724,0
-1.0658407,-4.5763087,0.004720211,-0.12831944,-0.84364307,0.52134478,0
-0.19047403,-1.4013133,-3.2405694,-0.11005783,-0.51032984,-0.85290724,0
0.49498367,1.061026,-4.8023396,-0.11005783,-0.51032984,-0.85290724,0
-1.1034808,-3.2694476,-1.5414405,-0.98560715,0.16682267,0.027364224,0
0.56412458,4.4848299,1.347358,0.11005783,0.51032984,0.85290724,0
-0.42139447,0.061838388,2.7172203,-0.98560715,0.16682267,0.027364224,0
-0.08613193,2.6892972,-1.2252486,-0.98560715,0.16682267,0.027364224,0
-0.35818827,0.61321753,1.6323664,-0.98560715,0.16682267,0.027364224,0
0.1458931,3.1312597,2.2112231,0.11005783,0.51032984,0.85290724,0
-0.62586379,-3.856951,1.2770808,-0.12831944,-0.84364307,0.52134478,0
-0.15182924,1.9798732,0.73337257,-0.98560715,0.16682267,0.027364224,0
-0.90498638,-4.9945397,-0.99839306,-0.11005783,-0.51032984,-0.85290724,0
-0.2967205,-4.3524833,0.55622005,-0.12831944,-0.84364307,0.52134478,0
0.028804358,-2.5755081,3.5118537,-0.12831944,-0.84364307,0.52134478,0
-1.00425,-3.9122584,1.094449,-0.12831944,-0.84364307,0.52134478,0
-0.36078882,-0.43304372,-3.7979479,-0.11005783,-0.51032984,-0.85290724,0
0.92021465,4.0368457,-0.91352487,0.12831944,0.84364307,-0.52134478,0
1.2627091,4.9567261,0.97485805,0.11005783,0.51032984,0.85290724,0
0.64323175,1.4465801,-3.9229467,0.98560715,-0.16682267,-0.027364224,0
0.36661601,-1.099977,1.6386509,0.98560715,-0.16682267,-0.027364224,0
0.33644319,-1.5673162,4.9979877,0.11005783,0.51032984,0.85290724,0
0.679286,2.0537462,2.7871161,0.11005783,0.51032984,0.85290724,0
-0.56677055,0.32051826,-4.0959611,-0.98560715,0.16682267,0.027364224,0
0.64653921,4.145124,-0.80566883,0.12831944,0.84364307,-0.52134478,0
0.98336124,2.9164138,-0.63279998,0.98560715,-0.16682267,-0.027364224,0
-0.57053947,-3.4317112,1.9788231,-0.12831944,-0.84364307,0.52134478,0
-0.65374106,-1.1771138,1.901659,-0.98560715,0.16682267,0.027364224,0
0.7772274,3.8902516,-1.1859379,0.12831944,0.84364307,-0.52134478,0
-0.79810047,-1.3559432,-2.207674,-0.98560715,0.16682267,0.027364224,0
0.72208279,2.5110199,-3.4313912,0.12831944,0.84364307,-0.52134478,0
0.48077261,-0.82143426,4.0522528,0.98560715,-0.16682267,-0.027364224,0
-0.76990354,-1.3877009,-0.99847519,-0.98560715,0.16682267,0.027364224,0
0.19394541,1.2769287,3.3145456,0.11005783,0.51032984,0.85290724,0
-0.50760126,-5.0726938,-0.66113281,-0.12831944,-0.84364307,0.52134478,0
-0.19785213,0.16859829,-4.1789603,-0.11005783,-0.51032984,-0.85290724,0
-0.096516132,-3.2757359,-1.7782307,0.98560715,-0.16682267,-0.027364224,0
0.65633863,1.4794769,-3.6514158,0.98560715,-0.16682267,-0.027364224,0
-0.53362799,-3.2044253,2.3557034,-0.12831944,-0.84364307,0.52134478,0
0.64559555,4.8192053,0.28490162,0.12831944,0.84364307,-0.52134478,0
1.1782532,4.7794676,1.0918176,0.11005783,0.51032984,0.85290724,0
0.29424143,4.2214293,-0.76890278,0.12831944,0.84364307,-0.52134478,0
0.24539566,-0.55607641,4.4046698,0.11005783,0.51032984,0.85290724,0
0.16850406,3.0587468,-2.6813092,0.12831944,0.84364307,-0.52134478,0
-0.32333505,1.4907346,-2.4619579,-0.98560715,0.16682267,0.027364224,0
0.59724855,0.24422657,1.7508215,0.98560715,-0.16682267,-0.027364224,0
0.029509306,-2.1039248,-2.8485537,-0.11005783,-0.51032984,-0.85290724,0
0.93245339,2.22874,1.7259117,0.98560715,-0.16682267,-0.027364224,0
-0.45326161,-0.36469698,4.1697369,-0.98560715,0.16682267,0.027364224,0
0.039748907,-1.071707,4.7397294,0.11005783,0.51032984,0.85290724,0
-0.88035345,-2.2215481,0.10677838,-0.98560715,0.16682267,0.027364224,0
0.98308039,4.8926601,1.0492747,0.11005783,0.51032984,0.85290724,0
-0.69491875,-1.35255,1.4880407,-0.98560715,0.16682267,0.027364224,0
-0.91053128,-4.5146251,0.14276314,-0.12831944,-0.84364307,0.52134478,0
-0.16478881,2.3706727,-3.8767889,0.12831944,0.84364307,-0.52134478,0
0.58067781,0.70662701,-1.6649914,0.98560715,-0.16682267,-0.027364224,0
0.047912598,-0.23728335,-3.9678175,-0.11005783,-0.51032984,-0.85290724,0
0.40894842,3.4675727,-1.9605646,0.12831944,0.84364307,-0.52134478,0
0.69976044,1.0673838,0.4248262,0.98560715,-0.16682267,-0.027364224,0
-1.1392863,-3.893234,0.97173214,-0.98560715,0.16682267,0.027364224,0
-0.52231246,-0.36163545,1.6639996,-0.98560715,0.16682267,0.027364224,0
0.14743471,3.3565924,2.0761981,0.11005783,0.51032984,0.85290724,0
-0.27059937,-3.2399082,-2.1301219,-0.11005783,-0.51032984,-0.85290724,0
0.56349194,3.4499216,-1.9510896,0.12831944,0.84364307,-0.52134478,0
-0.20963991,1.723887,0.21174312,-0.98560715,0.16682267,0.027364224,0
0.068922877,-2.9988837,2.492763,0.98560715,-0.16682267,-0.027364224,0
0.00035750866,-1.812268,4.7399306,-0.12831944,-0.84364307,0.52134478,0
0.070946455,3.3884301,0.1702323,-0.98560715,0.16682267,0.027364224,0
-0.71327448,-0.96285683,-1.5488112,-0.98560715,0.16682267,0.027364224,0
-0.44053149,0.33197808,-4.2454023,-0.11005783,-0.51032984,-0.85290724,0
0.26296902,1.6183944,3.1013258,0.11005783,0.51032984,0.85290724,0
-0.50183845,-0.069402456,0.61987191,-0.98560715,0.16682267,0.027364224,0
-0.62934387,-3.3814526,2.0456781,-0.12831944,-0.84364307,0.52134478,0
-0.020567715,-2.8198369,3.1043272,-0.12831944,-0.84364307,0.52134478,0
0.23439169,3.4219179,-2.0774069,0.12831944,0.84364307,-0.52134478,0
0.46817565,0.86638057,3.5248075,0.11005783,0.51032984,0.85290724,0
-0.82331824,-2.9956143,-2.2049716,-0.11005783,-0.51032984,-0.85290724,0
0.41772223,-1.2600658,4.4553566,0.98560715,-0.16682267,-0.027364224,0
0.52113521,-0.32330525,2.46925,0.98560715,-0.16682267,-0.027364224,0
-0.42046452,-3.9487929,-1.6866286,-0.11005783,-0.51032984,-0.85290724,0
0.89163291,2.3276763,-0.34751272,0.98560715,-0.16682267,-0.027364224,0
0.27072394,-1.4215016,0.14493644,0.98560715,-0.16682267,-0.027364224,0
0.17465734,3.8503475,1.0896899,-0.98560715,0.16682267,0.027364224,0
0.66271019,4.1156549,-0.84937549,0.12831944,0.84364307,-0.52134478,0
-0.63776243,-1.5629873,4.829608,-0.98560715,0.16682267,0.027364224,0
-0.41077614,0.04557544,3.1988113,-0.98560715,0.16682267,0.027364224,0
-0.41223049,-1.2554353,4.9079843,0.11005783,0.51032984,0.85290724,0
-0.28431118,2.038619,-4.4435387,0.12831944,0.84364307,-0.52134478,0
0.95126295,3.6578252,1.7922331,0.11005783,0.51032984,0.85290724,0
-0.7467463,-2.1184368,4.0606012,-0.12831944,-0.84364307,0.52134478,0
-0.84666181,-4.2805519,0.5372622,-0.12831944,-0.84364307,0.52134478,0
-0.36246538,-4.7909713,-0.16952562,-0.12831944,-0.84364307,0.52134478,0
0.93856615,2.9176137,-2.2535458,0.98560715,-0.16682267,-0.027364224,0
0.25725061,3.0238018,-2.7160144,0.12831944,0.84364307,-0.52134478,0
0.35041237,3.2875397,-2.2663023,0.12831944,0.84364307,-0.52134478,0
0.38833475,-0.51278496,-1.1588247,0.98560715,-0.16682267,-0.027364224,0
-0.33164275,-3.2010355,2.4109037,-0.12831944,-0.84364307,0.52134478,0
0.14319086,-1.7809761,-2.2570775,0.98560715,-0.16682267,-0.027364224,0
-0.41697407,-0.51214421,-3.7433686,-0.11005783,-0.51032984,-0.85290724,0
-0.40001342,-2.7933478,3.0537984,-0.12831944,-0.84364307,0.52134478,0
0.97323751,2.6453893,0.6548295,0.98560715,-0.16682267,-0.027364224,0
0.57812643,4.3583827,1.4212097,0.11005783,0.51032984,0.85290724,0
1.0278602,4.9513483,0.59282303,0.12831944,0.84364307,-0.52134478,0
0.29641247,-0.35968554,-3.9266455,-0.11005783,-0.51032984,-0.85290724,0
-0.84118843,-3.8428504,-1.695729,-0.11005783,-0.51032984,-0.85290724,0
0.64843464,1.8751512,2.8979576,0.11005783,0.51032984,0.85290724,0
-1.1960595,-4.0239654,-0.27613688,-0.98560715,0.16682267,0.027364224,0
-0.15490294,-3.7394748,-1.0540981,0.98560715,-0.16682267,-0.027364224,0
-0.23228157,1.7884066,-4.8356276,0.12831944,0.84364307,-0.52134478,0
-0.58556247,-1.3568578,-3.216187,-0.11005783,-0.51032984,-0.85290724,0
0.24417162,0.73740065,3.6308866,0.11005783,0.51032984,0.85290724,0
-1.1870723,-4.8264966,-1.0625408,-0.11005783,-0.51032984,-0.85290724,0
0.79853284,2.3100557,-3.5933793,0.98560715,-0.16682267,-0.027364224,0
0.041524708,-3.0236971,2.789722,-0.12831944,-0.84364307,0.52134478,0
0.80378389,1.7018855,0.30339092,0.98560715,-0.16682267,-0.027364224,0
-0.15736425,2.4853921,-2.5478168,-0.98560715,0.16682267,0.027364224,0
0.99720562,3.627995,-1.5561793,0.12831944,0.84364307,-0.52134478,0
-0.44717741,-4.6014366,0.11633062,-0.12831944,-0.84364307,0.52134478,0
0.37296462,-0.19283378,4.1708655,0.11005783,0.51032984,0.85290724,0
1.3212852,4.7062149,0.62727284,0.98560715,-0.16682267,-0.027364224,0
0.65971375,1.4511803,3.1501815,0.11005783,0.51032984,0.85290724,0
0.50127149,0.34085619,3.83498,0.11005783,0.51032984,0.85290724,0
0.11736357,1.7149812,-4.8683863,0.12831944,0.84364307,-0.52134478,0
-0.46966791,-4.1441503,-1.5633887,-0.11005783,-0.51032984,-0.85290724,0
-0.085222661,2.1673446,-4.1862321,0.12831944,0.84364307,-0.52134478,0
0.62181938,2.453409,-3.5492957,0.12831944,0.84364307,-0.52134478,0
-0.46715856,0.23435211,-4.1835527,-0.11005783,-0.51032984,-0.85290724,0
0.0014779568,1.3435479,-4.9077029,-0.11005783,-0.51032984,-0.85290724,0
0.088397026,-0.40731537,4.3359184,0.11005783,0.51032984,0.85290724,0
-1.0919244,-3.4580634,0.024660349,-0.98560715,0.16682267,0.027364224,0
0.32861274,-1.2539452,1.2084963,0.98560715,-0.16682267,-0.027364224,0
-0.16134644,-2.0869246,-2.8340979,-0.11005783,-0.51032984,-0.85290724,0
0.83268452,1.4840772,2.6721845,0.98560715,-0.16682267,-0.027364224,0
-0.14598846,2.1381321,-0.021052599,-0.98560715,0.16682267,0.027364224,0
0.87837839,4.2718353,1.4342505,0.11005783,0.51032984,0.85290724,0
-0.6490069,-1.3822422,3.322711,-0.98560715,0.16682267,0.027364224,0
0.70672178,1.9615102,-4.3243918,0.12831944,0.84364307,-0.52134478,0
0.44883513,2.472676,2.5661898,0.11005783,0.51032984,0.85290724,0
0.30282283,-1.2162284,4.7922554,0.11005783,0.51032984,0.85290724,0
0.61909008,0.10042882,3.4141603,0.98560715,-0.16682267,-0.027364224,0
-0.703089,-2.5540166,3.3664887,-0.12831944,-0.84364307,0.52134478,0
-0.56371951,-1.0562732,4.4073715,-0.98560715,0.16682267,0.027364224,0
-0.0714643,-1.3264489,4.9065027,0.11005783,0.51032984,0.85290724,0
-0.25675678,1.5563527,-0.46397126,-0.98560715,0.16682267,0.027364224,0
0.11971442,-2.4460597,3.7437036,-0.12831944,-0.84364307,0.52134478,0
0.40835714,4.6420403,-0.060180664,0.12831944,0.84364307,-0.52134478,0
0.52504385,1.503809,-5.0711536,-0.11005783,-0.51032984,-0.85290724,0
0.0069022179,-1.5906354,-3.1527591,-0.11005783,-0.51032984,-0.85290724,0
0.39526582,-0.20230305,-2.8019924,0.98560715,-0.16682267,-0.027364224,0
-0.51701379,0.17136455,-1.3945184,-0.98560715,0.16682267,0.027364224,0
0.40548509,-0.85908604,1.5700788,0.98560715,-0.16682267,-0.027364224,0
0.40987158,0.15323567,3.9590349,0.11005783,0.51032984,0.85290724,0
0.10447617,2.6544681,-3.351275,0.12831944,0.84364307,-0.52134478,0
-0.43552423,-0.046729565,2.8701565,-0.98560715,0.16682267,0.027364224,0
0.63111699,1.9349684,-4.3859506,0.12831944,0.84364307,-0.52134478,0
-0.080134794,2.6042511,-3.4779751,0.12831944,0.84364307,-0.52134478,0
-0.15464497,-1.4948145,5.0179768,0.11005783,0.51032984,0.85290724,0
-1.0634499,-4.063622,-1.5349519,-0.11005783,-0.51032984,-0.85290724,0
-0.029199123,0.50287986,3.8064857,0.11005783,0.51032984,0.85290724,0
-0.21940422,1.627532,0.44746172,-0.98560715,0.16682267,0.027364224,0
-0.40073776,0.060784519,3.4676619,-0.98560715,0.16682267,0.027364224,0
0.08148694,-1.8379518,-3.0144038,-0.11005783,-0.51032984,-0.85290724,0
0.94696236,3.7039762,1.7651744,0.11005783,0.51032984,0.85290724,0
-0.66134834,-3.4443252,1.9360602,-0.12831944,-0.84364307,0.52134478,0
0.67386293,1.2470653,-1.6033541,0.98560715,-0.16682267,-0.027364224,0
-0.074547529,-3.6855702,1.5115359,0.98560715,-0.16682267,-0.027364224,0
-0.12753344,-1.4697722,-3.2077291,-0.11005783,-0.51032984,-0.85290724,0
-0.65052176,-4.5782814,0.10375071,-0.12831944,-0.84364307,0.52134478,0
-0.8800211,-4.4918504,-1.3023945,-0.11005783,-0.51032984,-0.85290724,0
-0.092795849,2.4688935,-0.12160027,-0.98560715,0.16682267,0.027364224,0
-0.040724516,-0.54684305,-3.7711575,-0.11005783,-0.51032984,-0.85290724,0
0.17613304,2.8440442,-3.026865,0.12831944,0.84364307,-0.52134478,0
0.14715958,3.812839,-1.4662867,0.12831944,0.84364307,-0.52134478,0
0.50093406,-0.19430405,0.95520586,0.98560715,-0.16682267,-0.027364224,0
-0.4585216,0.52083576,-4.356082,-0.11005783,-0.51032984,-0.85290724,0
-0.45880318,-3.5338197,-1.9299773,-0.11005783,-0.51032984,-0.85290724,0
-0.46237445,-1.5066789,-3.1424389,-0.11005783,-0.51032984,-0.85290724,0
-0.37861896,-1.769038,4.716608,-0.12831944,-0.84364307,0.52134478,0
0.25229788,0.35134113,3.8608336,0.11005783,0.51032984,0.85290724,0
-0.16767338,2.3639214,-3.8884239,0.12831944,0.84364307,-0.52134478,0
-0.61045945,-0.86209583,1.54011,-0.98560715,0.16682267,0.027364224,0
-0.49638486,0.34574771,-1.714609,-0.98560715,0.16682267,0.027364224,0
0.2322033,-1.8052479,1.0969596,0.98560715,-0.16682267,-0.027364224,0
0.84923416,2.2694106,-1.5194209,0.98560715,-0.16682267,-0.027364224,0
-1.0799649,-4.7158313,-0.22453308,-0.12831944,-0.84364307,0.52134478,0
-0.1185708,-3.5270886,1.9357266,-0.12831944,-0.84364307,0.52134478,0
-0.52847624,-0.3785975,-3.8088875,-0.11005783,-0.51032984,-0.85290724,0
-0.51996803,-0.79702735,-3.5596209,-0.11005783,-0.51032984,-0.85290724,0
-0.43871021,-4.8565645,-1.1411169,-0.11005783,-0.51032984,-0.85290724,0
0.23492336,-1.7742659,1.0060527,0.98560715,-0.16682267,-0.027364224,0
-0.17638469,0.71438885,-4.5082998,-0.11005783,-0.51032984,-0.85290724,0
-0.74844456,-3.9760568,-1.6279938,-0.11005783,-0.51032984,-0.85290724,0
0.95682025,2.9389172,2.2216687,0.11005783,0.51032984,0.85290724,0
-0.086488307,-2.9390888,2.8951278,-0.12831944,-0.84364307,0.52134478,0
0.34364322,-1.200685,1.4251684,0.98560715,-0.16682267,-0.027364224,0
0.15970719,2.9803102,-2.8104012,0.12831944,0.84364307,-0.52134478,0
-0.17602229,-1.0160525,-3.4729514,-0.11005783,-0.51032984,-0.85290724,0
0.98239517,5.0688858,0.77183247,0.12831944,0.84364307,-0.52134478,0
-0.15576696,-1.8979902,-2.947865,-0.11005783,-0.51032984,-0.85290724,0
0.28268194,4.6092963,-0.144099,0.12831944,0.84364307,-0.52134478,0
0.7002883,2.8130336,2.3300927,0.11005783,0.51032984,0.85290724,0
-0.37421703,-3.9627638,-1.684237,-0.11005783,-0.51032984,-0.85290724,0
0.80944252,3.7714942,-1.370183,0.12831944,0.84364307,-0.52134478,0
0.23301077,1.0930194,-4.7876778,-0.11005783,-0.51032984,-0.85290724,0
-0.24690562,-2.0327368,4.3223076,-0.12831944,-0.84364307,0.52134478,0
-0.11271051,2.366147,-3.8712943,0.12831944,0.84364307,-0.52134478,0
