2.6021478,-2.833776,0.97848272,0.01626271,-0.98559159,0.16835865,0
-3.1585875,2.6650794,-1.9123032,-0.01626271,0.98559159,-0.16835865,0
-3.6971688,-3.1622622,-0.90168333,-0.95216334,-0.06665498,-0.29823124,0
0.038007036,0.23073107,0.50634956,-0.30515617,0.15545499,0.93952829,0
-1.9719021,-3.1635649,-0.51030874,0.01626271,-0.98559159,0.16835865,0
-3.7894871,-0.062430859,-1.2997556,-0.95216334,-0.06665498,-0.29823124,0
3.9020281,-1.0547427,1.190134,0.95216334,0.06665498,0.29823124,0
2.2150893,1.6899872,0.97201061,-0.30515617,0.15545499,0.93952829,0
-1.7845941,0.21128324,-0.082408309,-0.30515617,0.15545499,0.93952829,0
-2.8814535,-3.1362388,-0.26247978,0.01626271,-0.98559159,0.16835865,0
-3.6797266,-0.077203274,-1.6468856,-0.95216334,-0.06665498,-0.29823124,0
2.8319564,1.5695885,0.12792444,0.30515617,-0.15545499,-0.93952829,0
2.8346183,3.1243985,0.19768953,-0.01626271,0.98559159,-0.16835865,0
-0.77083755,2.8583837,-1.0113218,-0.01626271,0.98559159,-0.16835865,0
-1.6478684,-3.1346488,-0.37232971,0.01626271,-0.98559159,0.16835865,0
2.1247132,0.88254428,1.0762563,-0.30515617,0.15545499,0.93952829,0
3.6548951,1.9403768,1.3097444,0.95216334,0.06665498,0.29823124,0
2.6944685,-2.7841618,0.80364287,0.30515617,-0.15545499,-0.93952829,0
-1.1715491,1.432173,-0.085302144,-0.30515617,0.15545499,0.93952829,0
1.5929778,3.1098442,0.23242402,-0.01626271,0.98559159,-0.16835865,0
-1.9413548,1.1107032,-0.28214216,-0.30515617,0.15545499,0.93952829,0
-3.8946819,2.358777,-1.1230845,-0.30515617,0.15545499,0.93952829,0
-3.7197175,-1.8457817,-1.1239266,-0.95216334,-0.06665498,-0.29823124,0
-0.18970537,-2.9306521,0.6810379,0.01626271,-0.98559159,0.16835865,0
-1.609241,1.7671506,-0.28288895,-0.30515617,0.15545499,0.93952829,0
3.9307637,0.5987165,0.72883892,0.95216334,0.06665498,0.29823124,0
1.2835249,2.5841949,0.52148461,-0.30515617,0.15545499,0.93952829,0
-3.7926621,2.5518925,-1.8739204,-0.95216334,-0.06665498,-0.29823124,0
-0.58975732,2.2475705,-0.031253994,-0.30515617,0.15545499,0.93952829,0
-3.693814,-2.9780254,-0.95357084,-0.95216334,-0.06665498,-0.29823124,0
-0.3860825,-1.0353177,-0.48627609,0.30515617,-0.15545499,-0.93952829,0
-3.859961,0.21732318,-1.1372771,-0.95216334,-0.06665498,-0.29823124,0
0.72755241,2.9816942,-0.43418574,-0.01626271,0.98559159,-0.16835865,0
2.8299274,0.85307401,0.24582028,0.30515617,-0.15545499,-0.93952829,0
-3.8078947,2.5421619,-1.8231127,-0.95216334,-0.06665498,-0.29823124,0
-1.9674741,0.34483707,-1.228269,0.30515617,-0.15545499,-0.93952829,0
-3.8743713,-3.0819249,-0.3538847,-0.95216334,-0.06665498,-0.29823124,0
-2.8093879,-0.19601023,-1.4122312,0.30515617,-0.15545499,-0.93952829,0
3.4932222,2.3658185,1.275321,-0.30515617,0.15545499,0.93952829,0
-3.6118255,2.7000985,-1.6635175,-0.01626271,0.98559159,-0.16835865,0
3.7254179,3.0229163,0.84263611,0.95216334,0.06665498,0.29823124,0
3.2854772,1.2201077,1.3974161,-0.30515617,0.15545499,0.93952829,0
0.77346528,-0.70980042,0.90084529,-0.30515617,0.15545499,0.93952829,0
-2.1188962,1.5241218,-0.40821171,-0.30515617,0.15545499,0.93952829,0
3.709173,1.2407168,1.2928252,0.95216334,0.06665498,0.29823124,0
2.2559061,2.3779109,0.87144303,-0.30515617,0.15545499,0.93952829,0
2.6506014,3.0601158,-0.16085386,-0.01626271,0.98559159,-0.16835865,0
-3.8839111,1.5439099,-1.3573062,-0.95216334,-0.06665498,-0.29823124,0
-2.4712276,-1.1104323,-0.086733103,-0.30515617,0.15545499,0.93952829,0
1.957692,-1.1437435,0.29291546,0.30515617,-0.15545499,-0.93952829,0
1.7033968,-2.9167218,0.50367916,0.30515617,-0.15545499,-0.93952829,0
-3.8187597,-2.4137092,-0.68078232,-0.95216334,-0.06665498,-0.29823124,0
-3.757699,0.41474628,-1.5078936,-0.95216334,-0.06665498,-0.29823124,0
-0.37728983,1.2670043,0.19999993,-0.30515617,0.15545499,0.93952829,0
-2.8201632,2.7380958,-1.5175462,-0.01626271,0.98559159,-0.16835865,0
3.6064305,3.26018,0.91801691,-0.01626271,0.98559159,-0.16835865,0
3.5275602,-2.6329377,2.0648239,0.01626271,-0.98559159,0.16835865,0
2.3090687,-2.8851314,0.70615214,0.01626271,-0.98559159,0.16835865,0
-3.8851392,-2.8961976,-0.3610158,-0.95216334,-0.06665498,-0.29823124,0
-0.82158494,-2.9440007,0.66393042,0.01626271,-0.98559159,0.16835865,0
-3.8038199,-2.309593,-0.75175095,-0.95216334,-0.06665498,-0.29823124,0
0.42911261,0.51055819,-0.47728467,0.30515617,-0.15545499,-0.93952829,0
-3.9611197,2.7047014,-1.370239,-0.95216334,-0.06665498,-0.29823124,0
2.9554725,-2.7790818,0.88757575,0.30515617,-0.15545499,-0.93952829,0
-3.7861252,-1.6093612,-0.96474743,-0.95216334,-0.06665498,-0.29823124,0
-3.7630649,1.2331069,-1.6736667,-0.95216334,-0.06665498,-0.29823124,0
1.9386111,3.172415,0.56533313,-0.01626271,0.98559159,-0.16835865,0
1.9166151,-1.4955912,1.4021544,-0.30515617,0.15545499,0.93952829,0
2.3959665,3.0921412,0.051223755,-0.01626271,0.98559159,-0.16835865,0
-3.6769061,-0.98896813,-1.4521098,-0.95216334,-0.06665498,-0.29823124,0
-3.6255126,1.6615447,-0.92029476,-0.30515617,0.15545499,0.93952829,0
1.2088237,2.5190253,-0.55635881,0.30515617,-0.15545499,-0.93952829,0
0.96672678,3.046752,-0.07643342,-0.01626271,0.98559159,-0.16835865,0
-3.7698569,0.099390745,-1.3985946,-0.95216334,-0.06665498,-0.29823124,0
3.168735,-2.6873558,1.7809135,0.01626271,-0.98559159,0.16835865,0
1.1775135,3.0588098,0.40852261,-0.30515617,0.15545499,0.93952829,0
-3.757791,1.2011364,-1.6833596,-0.95216334,-0.06665498,-0.29823124,0
3.6409988,0.14597392,0.62625146,0.30515617,-0.15545499,-0.93952829,0
1.1215596,-2.7960024,1.3426325,0.01626271,-0.98559159,0.16835865,0
-3.3000987,0.49891973,-1.6865962,0.30515617,-0.15545499,-0.93952829,0
2.8187027,-2.7917669,1.2034905,0.01626271,-0.98559159,0.16835865,0
1.9843754,3.1710339,0.5528276,-0.01626271,0.98559159,-0.16835865,0
-2.5503502,-3.0610127,0.1459198,0.01626271,-0.98559159,0.16835865,0
3.9131994,-1.6281115,1.2826161,0.95216334,0.06665498,0.29823124,0
3.4048884,-2.6640372,1.8946123,0.01626271,-0.98559159,0.16835865,0
3.4610045,-2.7464645,1.406653,0.01626271,-0.98559159,0.16835865,0
3.8312211,2.4971001,0.6223588,0.95216334,0.06665498,0.29823124,0
-3.93963,2.0366435,-1.2895367,-0.95216334,-0.06665498,-0.29823124,0
3.7051306,1.1896163,1.317152,0.95216334,0.06665498,0.29823124,0
2.5071893,3.1837521,0.57678127,-0.01626271,0.98559159,-0.16835865,0
0.1861794,-2.9832454,0.33684254,0.01626271,-0.98559159,0.16835865,0
0.65320158,3.0540152,-0.0036284924,-0.01626271,0.98559159,-0.16835865,0
1.165302,3.0601592,-0.017126799,-0.01626271,0.98559159,-0.16835865,0
3.9444301,-1.5525146,1.1660092,0.95216334,0.06665498,0.29823124,0
-3.6376357,2.6780767,-1.7899418,-0.01626271,0.98559159,-0.16835865,0
1.2959187,-2.6020024,1.3836215,-0.30515617,0.15545499,0.93952829,0
3.8693352,-2.191813,1.5486486,0.95216334,0.06665498,0.29823124,0
-0.32671976,2.8683739,-0.99573863,-0.01626271,0.98559159,-0.16835865,0
-3.0775628,2.7179191,-1.6107981,-0.01626271,0.98559159,-0.16835865,0
-1.4474052,-2.5361729,0.48170543,-0.30515617,0.15545499,0.93952829,0
-3.4421201,-0.066699505,-1.6391368,0.30515617,-0.15545499,-0.93952829,0
-1.7890711,2.7691691,-1.4352384,-0.01626271,0.98559159,-0.16835865,0
-3.8092031,2.5652149,-1.8240881,-0.95216334,-0.06665498,-0.29823124,0
2.8728445,-1.2481589,0.60743093,0.30515617,-0.15545499,-0.93952829,0
-3.7861962,-1.4533126,-0.99939728,-0.95216334,-0.06665498,-0.29823124,0
3.8419871,-1.0245925,1.3750873,0.95216334,0.06665498,0.29823124,0
-3.741714,-2.0170498,-1.01542,-0.95216334,-0.06665498,-0.29823124,0
-0.065075755,2.0264459,0.17574865,-0.30515617,0.15545499,0.93952829,0
-3.9239645,0.62293589,-1.0235882,-0.95216334,-0.06665498,-0.29823124,0
3.7137389,1.2734656,1.2709284,0.95216334,0.06665498,0.29823124,0
2.324976,0.2618337,0.17964077,0.30515617,-0.15545499,-0.93952829,0
-3.8005359,2.1318803,-1.7549088,-0.95216334,-0.06665498,-0.29823124,0
1.1846873,2.3085742,-0.52937698,0.30515617,-0.15545499,-0.93952829,0
3.9304953,0.4129467,0.77121544,0.95216334,0.06665498,0.29823124,0
-2.302074,-3.0381923,0.25553083,0.01626271,-0.98559159,0.16835865,0
-0.21108884,0.34926426,0.40583137,-0.30515617,0.15545499,0.93952829,0
1.551867,3.0250602,-0.25994062,-0.01626271,0.98559159,-0.16835865,0
-3.8014669,-0.18249929,-1.2346709,-0.95216334,-0.06665498,-0.29823124,0
-3.9318213,1.1466227,-1.1155484,-0.95216334,-0.06665498,-0.29823124,0
2.7374921,-2.6085894,0.78856659,0.30515617,-0.15545499,-0.93952829,0
-1.0216351,2.8571718,-0.99419117,-0.01626271,0.98559159,-0.16835865,0
-1.7138882,-3.0524092,0.11548615,0.01626271,-0.98559159,0.16835865,0
-2.5691867,-3.0984013,-0.071136475,0.01626271,-0.98559159,0.16835865,0
1.5877924,3.0114737,-0.34294844,-0.01626271,0.98559159,-0.16835865,0
3.9018998,-1.1480337,1.2113936,0.95216334,0.06665498,0.29823124,0
-3.8477063,-1.9787813,-0.68557167,-0.95216334,-0.06665498,-0.29823124,0
-3.6106873,2.6752229,-1.8092499,-0.01626271,0.98559159,-0.16835865,0
3.7930291,1.9483056,0.86695194,0.95216334,0.06665498,0.29823124,0
-1.8270705,2.8491902,-0.96311581,-0.01626271,0.98559159,-0.16835865,0
3.7815533,-1.5325444,1.6815639,0.95216334,0.06665498,0.29823124,0
3.9161854,-1.4810662,0.9848423,0.30515617,-0.15545499,-0.93952829,0
-1.3752713,-2.7803664,0.5455389,-0.30515617,0.15545499,0.93952829,0
0.89866728,-0.010345422,-0.23858559,0.30515617,-0.15545499,-0.93952829,0
-0.64689559,0.71756667,0.20334303,-0.30515617,0.15545499,0.93952829,0
3.8574646,1.0387686,0.86451006,0.95216334,0.06665498,0.29823124,0
3.2692704,-2.7964225,1.132713,0.01626271,-0.98559159,0.16835865,0
0.76416922,-2.9231882,0.63259465,0.01626271,-0.98559159,0.16835865,0
3.8176661,-2.5606666,1.7960522,0.95216334,0.06665498,0.29823124,0
2.2395082,2.8646624,-0.27878475,0.30515617,-0.15545499,-0.93952829,0
3.5120821,-2.6429024,2.0079825,0.01626271,-0.98559159,0.16835865,0
-2.4541874,-3.0529943,0.18357229,0.01626271,-0.98559159,0.16835865,0
-2.114337,-3.0861983,-0.043637514,0.01626271,-0.98559159,0.16835865,0
1.8960596,-2.9110556,0.5942843,0.01626271,-0.98559159,0.16835865,0
3.7360578,1.6860442,1.1074586,0.95216334,0.06665498,0.29823124,0
3.7879486,-1.599263,0.96274805,0.30515617,-0.15545499,-0.93952829,0
2.618515,-2.7583699,1.4183369,0.01626271,-0.98559159,0.16835865,0
-0.37981892,2.0645318,-0.9971447,0.30515617,-0.15545499,-0.93952829,0
-0.44424057,2.9527698,-0.49032259,-0.01626271,0.98559159,-0.16835865,0
3.7953584,-0.28894687,1.3595421,0.95216334,0.06665498,0.29823124,0
0.27965617,-2.9781852,0.35743666,0.01626271,-0.98559159,0.16835865,0
-3.7694869,-1.2646037,-1.0949216,-0.95216334,-0.06665498,-0.29823124,0
-3.7145209,2.2913692,-2.0651755,-0.95216334,-0.06665498,-0.29823124,0
3.3394938,2.4489515,0.14727163,0.30515617,-0.15545499,-0.93952829,0
-3.7534385,-0.69490695,-1.2734876,-0.95216334,-0.06665498,-0.29823124,0
2.8969026,-0.41260016,0.47699285,0.30515617,-0.15545499,-0.93952829,0
3.7733665,-2.0982726,1.8341413,0.95216334,0.06665498,0.29823124,0
-3.9418151,0.88201618,-1.0245013,-0.95216334,-0.06665498,-0.29823124,0
-0.27465284,2.2311685,0.073804915,-0.30515617,0.15545499,0.93952829,0
3.1519384,-0.33163303,0.5464313,0.30515617,-0.15545499,-0.93952829,0
0.92923021,-2.9407845,0.51363832,0.01626271,-0.98559159,0.16835865,0
3.5348063,-2.4134805,1.015249,0.30515617,-0.15545499,-0.93952829,0
3.9194241,0.57449079,0.77045822,0.95216334,0.06665498,0.29823124,0
1.9404771,-1.07952,1.3410615,-0.30515617,0.15545499,0.93952829,0
-2.1406746,-3.1491232,-0.40946269,0.01626271,-0.98559159,0.16835865,0
3.8436825,0.24715066,1.0854392,0.95216334,0.06665498,0.29823124,0
1.4624373,3.1064439,0.2251277,-0.01626271,0.98559159,-0.16835865,0
-0.66348624,-3.0677299,-0.075665951,0.01626271,-0.98559159,0.16835865,0
3.6982584,2.5160012,1.042644,0.95216334,0.06665498,0.29823124,0
3.8774772,-0.61309695,1.1698093,0.95216334,0.06665498,0.29823124,0
-0.60469878,-1.3531109,0.55966395,-0.30515617,0.15545499,0.93952829,0
0.15733206,1.0662585,-0.65750468,0.30515617,-0.15545499,-0.93952829,0
3.6566892,1.5032892,1.4017057,0.95216334,0.06665498,0.29823124,0
-3.8708596,0.66103959,-1.2016528,-0.95216334,-0.06665498,-0.29823124,0
-3.2474566,-3.1930511,-0.55971098,0.01626271,-0.98559159,0.16835865,0
-3.7465219,-2.82652,-0.81915283,-0.95216334,-0.06665498,-0.29823124,0
2.2699299,0.043401837,1.2622674,-0.30515617,0.15545499,0.93952829,0
1.1272275,-2.1019626,1.2460942,-0.30515617,0.15545499,0.93952829,0
-3.8354225,2.0363047,-1.6221659,-0.95216334,-0.06665498,-0.29823124,0
3.1805902,-1.9215082,0.81879878,0.30515617,-0.15545499,-0.93952829,0
-2.4434285,-1.3968904,-1.0946698,0.30515617,-0.15545499,-0.93952829,0
2.4848084,3.2104797,0.73540783,-0.01626271,0.98559159,-0.16835865,0
0.39530683,2.9406459,-0.64239442,-0.01626271,0.98559159,-0.16835865,0
3.7319906,-0.58147025,1.6272352,0.95216334,0.06665498,0.29823124,0
1.5922824,1.3977659,0.81807542,-0.30515617,0.15545499,0.93952829,0
2.159858,-1.1832308,1.4294758,-0.30515617,0.15545499,0.93952829,0
-1.9279383,-0.45085412,-0.019408464,-0.30515617,0.15545499,0.93952829,0
-3.8260951,-1.3596408,-0.89294767,-0.95216334,-0.06665498,-0.29823124,0
-1.5836093,0.30461383,-1.0969354,0.30515617,-0.15545499,-0.93952829,0
-0.67931676,-2.232795,0.68098128,-0.30515617,0.15545499,0.93952829,0
1.6791965,3.1084547,0.21596074,-0.01626271,0.98559159,-0.16835865,0
2.4070482,2.8877668,-0.2281909,0.30515617,-0.15545499,-0.93952829,0
-3.7510095,-2.4932573,-0.87931013,-0.95216334,-0.06665498,-0.29823124,0
3.3504844,-0.79191303,0.68707657,0.30515617,-0.15545499,-0.93952829,0
0.72314394,2.5239666,0.34943986,-0.30515617,0.15545499,0.93952829,0
3.9216106,0.38575828,0.80565882,0.95216334,0.06665498,0.29823124,0
-1.3189213,-3.091979,-0.15431142,0.01626271,-0.98559159,0.16835865,0
0.76604354,1.5261464,0.52847362,-0.30515617,0.15545499,0.93952829,0
-2.3624678,-0.62453794,-0.13180447,-0.30515617,0.15545499,0.93952829,0
-1.2506897,-3.0686693,-0.024444342,0.01626271,-0.98559159,0.16835865,0
0.9756037,1.4725562,0.60540509,-0.30515617,0.15545499,0.93952829,0
-3.81757,2.5695777,-1.798351,-0.95216334,-0.06665498,-0.29823124,0
1.7351193,3.1535397,0.47449064,-0.01626271,0.98559159,-0.16835865,0
3.6596093,1.8179196,1.3220611,0.95216334,0.06665498,0.29823124,0
3.9489169,0.84111047,0.61670637,0.95216334,0.06665498,0.29823124,0
0.050204277,3.016685,-0.16391718,-0.01626271,0.98559159,-0.16835865,0
-3.8943892,0.31109798,-1.0483181,-0.95216334,-0.06665498,-0.29823124,0
3.9803295,-1.2994813,0.99483895,0.95216334,0.06665498,0.29823124,0
-3.821635,-1.5069166,-0.87427187,-0.95216334,-0.06665498,-0.29823124,0
-3.6063044,0.25140524,-1.7450972,0.30515617,-0.15545499,-0.93952829,0
1.920862,-0.90918183,0.24214244,0.30515617,-0.15545499,-0.93952829,0
1.7445171,1.8753905,-0.2758708,0.30515617,-0.15545499,-0.93952829,0
2.5271621,-2.365273,0.67999268,0.30515617,-0.15545499,-0.93952829,0
0.24759555,2.6460781,0.17477858,-0.30515617,0.15545499,0.93952829,0
-2.5181897,2.7502379,-1.4756336,-0.01626271,0.98559159,-0.16835865,0
-1.0831113,-2.9603133,0.59369612,0.01626271,-0.98559159,0.16835865,0
3.9651935,-0.7915585,0.92964315,0.95216334,0.06665498,0.29823124,0
-2.0556712,-3.1758661,-0.57422829,0.01626271,-0.98559159,0.16835865,0
-0.20960426,3.0158439,-0.14374614,-0.01626271,0.98559159,-0.16835865,0
-3.2393632,-0.095012903,-0.50423312,-0.30515617,0.15545499,0.93952829,0
-0.63337314,-1.5127374,0.57676244,-0.30515617,0.15545499,0.93952829,0
-1.8608497,-3.1112711,-0.21490145,0.01626271,-0.98559159,0.16835865,0
3.7447557,1.023872,1.227685,0.95216334,0.06665498,0.29823124,0
-1.9196143,2.8470395,-0.966766,-0.01626271,0.98559159,-0.16835865,0
-3.644937,-1.9431291,-1.3409219,-0.95216334,-0.06665498,-0.29823124,0
-3.7555687,-2.7109842,-0.23905516,-0.30515617,0.15545499,0.93952829,0
-3.8471346,-0.59992838,-0.99557161,-0.95216334,-0.06665498,-0.29823124,0
-3.8384192,-2.8536513,-0.51968908,-0.95216334,-0.06665498,-0.29823124,0
-0.94895411,-3.053956,0.032542706,0.01626271,-0.98559159,0.16835865,0
3.9077077,1.0513575,0.70128584,0.95216334,0.06665498,0.29823124,0
-3.1582277,0.68481201,-0.60691118,-0.30515617,0.15545499,0.93952829,0
3.8905745,-0.57374978,1.1191993,0.95216334,0.06665498,0.29823124,0
3.7329037,2.0790205,1.0296979,0.95216334,0.06665498,0.29823124,0
3.9225016,-2.4440446,1.4352787,0.95216334,0.06665498,0.29823124,0
-3.7035024,1.7367157,-1.9763892,-0.95216334,-0.06665498,-0.29823124,0
-3.4718399,1.5756234,-1.9205294,0.30515617,-0.15545499,-0.93952829,0
-0.05721879,-2.0933962,-0.20439184,0.30515617,-0.15545499,-0.93952829,0
-3.7974677,-0.4978143,-1.1769648,-0.95216334,-0.06665498,-0.29823124,0
-2.3512919,2.7127457,-1.7112393,-0.01626271,0.98559159,-0.16835865,0
2.5548038,2.8750927,-0.17810345,0.30515617,-0.15545499,-0.93952829,0
-0.39206529,-2.9110789,0.81516957,0.01626271,-0.98559159,0.16835865,0
2.3004079,0.82498348,1.1428459,-0.30515617,0.15545499,0.93952829,0
0.96777797,-2.8698072,0.92542362,0.01626271,-0.98559159,0.16835865,0
1.2649708,3.0528297,-0.069662333,-0.01626271,0.98559159,-0.16835865,0
3.7827573,2.2793396,0.82575846,0.95216334,0.06665498,0.29823124,0
3.7954395,-1.751269,1.6861136,0.95216334,0.06665498,0.29823124,0
-0.088287592,0.022872597,0.49972183,-0.30515617,0.15545499,0.93952829,0
3.4576979,-1.5648112,1.9141471,-0.30515617,0.15545499,0.93952829,0
3.2753563,-2.6655395,1.8983297,0.01626271,-0.98559159,0.16835865,0
2.9664519,-0.037759066,1.5019248,-0.30515617,0.15545499,0.93952829,0
3.7116365,-2.7228243,1.5208333,0.01626271,-0.98559159,0.16835865,0
0.63459039,2.9307656,-0.72334754,-0.01626271,0.98559159,-0.16835865,0
3.4997816,2.7211304,0.15429783,0.30515617,-0.15545499,-0.93952829,0
-0.70592642,2.9466338,-0.50096542,-0.01626271,0.98559159,-0.16835865,0
-1.7913473,-3.0660751,0.042967319,0.01626271,-0.98559159,0.16835865,0
-0.46929556,-0.48349628,-0.6046083,0.30515617,-0.15545499,-0.93952829,0
3.1582086,-2.7419891,1.4621015,0.01626271,-0.98559159,0.16835865,0
-3.8918102,-2.7929335,-0.36279774,-0.95216334,-0.06665498,-0.29823124,0
3.7584395,-1.8660746,1.8299024,0.95216334,0.06665498,0.29823124,0
1.2416401,-2.8522086,1.0019957,0.01626271,-0.98559159,0.16835865,0
-1.7595712,-0.32358968,0.014219522,-0.30515617,0.15545499,0.93952829,0
-2.4385324,2.7655282,-0.71743256,-0.30515617,0.15545499,0.93952829,0
-2.7499075,-3.1233597,-0.19979048,0.01626271,-0.98559159,0.16835865,0
-3.8098044,-1.3628602,-0.94423962,-0.95216334,-0.06665498,-0.29823124,0
3.8627558,2.9669092,0.41667509,0.95216334,0.06665498,0.29823124,0
3.7718692,-1.8161249,1.7758634,0.95216334,0.06665498,0.29823124,0
2.2783568,1.0440096,0.035079479,0.30515617,-0.15545499,-0.93952829,0
2.7471952,1.2605194,0.15153313,0.30515617,-0.15545499,-0.93952829,0
3.7273424,-2.7339618,1.454118,0.01626271,-0.98559159,0.16835865,0
3.7514691,1.0904199,1.1913781,0.95216334,0.06665498,0.29823124,0
2.3834605,-2.7904286,1.2533669,0.01626271,-0.98559159,0.16835865,0
3.9153924,-0.91754758,1.1168022,0.95216334,0.06665498,0.29823124,0
-2.8637519,2.7236285,-1.5980293,-0.01626271,0.98559159,-0.16835865,0
-0.60166717,-2.6424978,0.77399135,-0.30515617,0.15545499,0.93952829,0
-0.63611269,1.6990595,-1.019917,0.30515617,-0.15545499,-0.93952829,0
-3.828598,1.7131177,-1.5717216,-0.95216334,-0.06665498,-0.29823124,0
-2.3525491,2.834419,-0.99882776,-0.01626271,0.98559159,-0.16835865,0
-3.6988893,0.44844866,-1.7031879,-0.95216334,-0.06665498,-0.29823124,0
0.66409922,-2.8377538,1.1424004,0.01626271,-0.98559159,0.16835865,0
-3.9121487,1.1185644,-1.1720858,-0.95216334,-0.06665498,-0.29823124,0
1.4657735,3.1431882,0.43991065,-0.01626271,0.98559159,-0.16835865,0
-3.4852307,0.56686044,-1.7579682,0.30515617,-0.15545499,-0.93952829,0
3.8818395,0.021081686,1.014142,0.95216334,0.06665498,0.29823124,0
2.0152316,3.116061,0.2280302,-0.01626271,0.98559159,-0.16835865,0
0.45570183,1.9234141,0.36194324,-0.30515617,0.15545499,0.93952829,0
-0.41258836,-2.9658823,-0.17545271,0.30515617,-0.15545499,-0.93952829,0
1.3676444,0.17231655,0.94787741,-0.30515617,0.15545499,0.93952829,0
-1.2570503,2.826515,-1.1509205,-0.01626271,0.98559159,-0.16835865,0
-0.68861938,2.8480151,-1.0799644,-0.01626271,0.98559159,-0.16835865,0
-3.9649072,2.3947966,-1.2888827,-0.95216334,-0.06665498,-0.29823124,0
-2.4719114,-3.1110859,-0.15479088,0.01626271,-0.98559159,0.16835865,0
3.8967786,0.90399349,0.76911449,0.95216334,0.06665498,0.29823124,0
-1.5026312,-3.0912189,-0.13211489,0.01626271,-0.98559159,0.16835865,0
3.8426597,1.9978409,0.69742298,0.95216334,0.06665498,0.29823124,0
0.0026993752,2.9806292,-0.37040293,-0.01626271,0.98559159,-0.16835865,0
0.24011087,-2.920958,0.69627112,0.01626271,-0.98559159,0.16835865,0
-3.7857499,2.2089162,-1.0629075,-0.30515617,0.15545499,0.93952829,0
2.1762276,3.0879447,0.047882557,-0.01626271,0.98559159,-0.16835865,0
3.8756776,-1.0755229,1.278908,0.95216334,0.06665498,0.29823124,0
0.52111429,0.2006427,0.66823989,-0.30515617,0.15545499,0.93952829,0
3.3298659,3.17607,1.0881982,-0.30515617,0.15545499,0.93952829,0
-3.7519915,-2.2389643,-0.93300915,-0.95216334,-0.06665498,-0.29823124,0
3.736764,-0.40424657,1.5723863,0.95216334,0.06665498,0.29823124,0
-3.9361994,-1.2653224,-0.56249809,-0.95216334,-0.06665498,-0.29823124,0
-0.88089657,2.9812431,-0.28145778,-0.01626271,0.98559159,-0.16835865,0
3.9115524,-0.78553975,1.0995584,0.95216334,0.06665498,0.29823124,0
-3.7077579,-2.9773924,-0.90919352,-0.95216334,-0.06665498,-0.29823124,0
-1.3955114,2.8690414,-0.88859004,-0.01626271,0.98559159,-0.16835865,0
3.8679078,-1.460848,1.3898349,0.95216334,0.06665498,0.29823124,0
-3.0287237,2.7729912,-1.2931178,-0.01626271,0.98559159,-0.16835865,0
3.6721377,1.1419507,1.4331417,0.95216334,0.06665498,0.29823124,0
-1.963098,2.8953812,-0.67956781,-0.01626271,0.98559159,-0.16835865,0
1.1088836,-2.8590856,0.97455931,0.01626271,-0.98559159,0.16835865,0
3.6116521,3.1360002,0.19054842,-0.01626271,0.98559159,-0.16835865,0
3.7331452,-2.6477108,1.9584799,0.01626271,-0.98559159,0.16835865,0
-1.5358188,2.924809,-0.45058843,-0.30515617,0.15545499,0.93952829,0
-0.98865938,-2.9965038,0.37270999,0.01626271,-0.98559159,0.16835865,0
2.5458269,3.1103189,0.14316177,-0.01626271,0.98559159,-0.16835865,0
-3.3299642,-3.2446275,-0.85367632,0.01626271,-0.98559159,0.16835865,0
-3.8446536,0.16236472,-1.173866,-0.95216334,-0.06665498,-0.29823124,0
-3.9912403,2.396981,-1.2052968,-0.95216334,-0.06665498,-0.29823124,0
-2.9397352,-1.4785986,-0.17798591,-0.30515617,0.15545499,0.93952829,0
-0.15838385,3.0054216,-0.2097044,-0.01626271,0.98559159,-0.16835865,0
3.8061886,-0.79509568,1.4380889,0.95216334,0.06665498,0.29823124,0
0.95161968,0.036577225,0.83521318,-0.30515617,0.15545499,0.93952829,0
0.97256017,-2.5031567,1.2622404,-0.30515617,0.15545499,0.93952829,0
3.634712,-0.40102363,0.7147162,0.30515617,-0.15545499,-0.93952829,0
1.0323015,-0.35187042,-0.13867265,0.30515617,-0.15545499,-0.93952829,0
3.7497184,2.0971427,0.97196388,0.95216334,0.06665498,0.29823124,0
3.9270446,1.8038061,0.47137499,0.95216334,0.06665498,0.29823124,0
-3.7168531,1.7520409,-1.9371891,-0.95216334,-0.06665498,-0.29823124,0
-2.5171549,-2.878633,0.19091749,-0.30515617,0.15545499,0.93952829,0
-1.086062,2.8894446,-0.79903877,-0.01626271,0.98559159,-0.16835865,0
1.4655819,-2.8675184,0.89073777,0.01626271,-0.98559159,0.16835865,0
-2.4804878,-3.1524394,-0.3960495,0.01626271,-0.98559159,0.16835865,0
-3.9103708,0.6623944,-1.0758073,-0.95216334,-0.06665498,-0.29823124,0
0.80629015,-2.8186519,1.2404921,0.01626271,-0.98559159,0.16835865,0
-3.9675927,1.3339248,-1.0432022,-0.95216334,-0.06665498,-0.29823124,0
2.6749492,-0.70827997,1.5181904,-0.30515617,0.15545499,0.93952829,0
-3.8097024,2.3918314,-1.7837431,-0.95216334,-0.06665498,-0.29823124,0
-3.8571258,2.5560713,-1.6690407,-0.95216334,-0.06665498,-0.29823124,0
0.062178612,-2.6135242,0.98481256,-0.30515617,0.15545499,0.93952829,0
3.6240356,-1.1985636,1.9075735,-0.30515617,0.15545499,0.93952829,0
0.45407343,2.9150577,-0.79786837,-0.01626271,0.98559159,-0.16835865,0
-2.818768,2.8399165,-0.92161083,-0.01626271,0.98559159,-0.16835865,0
3.8682449,2.2191284,0.56627989,0.95216334,0.06665498,0.29823124,0
2.6304853,-1.360558,0.54731107,0.30515617,-0.15545499,-0.93952829,0
0.75953084,0.70952684,-0.40288717,0.30515617,-0.15545499,-0.93952829,0
3.9243612,0.86640197,0.68945265,0.95216334,0.06665498,0.29823124,0
2.6058066,3.2303202,0.83986902,-0.01626271,0.98559159,-0.16835865,0
2.641305,-2.752409,1.4510324,0.01626271,-0.98559159,0.16835865,0
3.0965543,1.0207522,0.30467606,0.30515617,-0.15545499,-0.93952829,0
-2.6420279,-2.5562363,-0.96734858,0.30515617,-0.15545499,-0.93952829,0
-3.9851792,2.421571,-1.2301443,-0.95216334,-0.06665498,-0.29823124,0
-3.9180036,-0.47160399,-0.79798985,-0.95216334,-0.06665498,-0.29823124,0
3.429939,-1.851795,1.9526157,-0.30515617,0.15545499,0.93952829,0
-2.3302989,2.8815053,-0.72532874,-0.01626271,0.98559159,-0.16835865,0
2.689616,-2.7775354,1.2992711,0.01626271,-0.98559159,0.16835865,0
-0.49168754,2.9959197,-0.23313493,-0.01626271,0.98559159,-0.16835865,0
-0.22976804,-2.9840133,0.37252581,0.01626271,-0.98559159,0.16835865,0
-3.7195289,0.42545986,-1.6321537,-0.95216334,-0.06665498,-0.29823124,0
0.052284956,-1.8519741,-0.20877105,0.30515617,-0.15545499,-0.93952829,0
0.63207936,3.0398769,-0.084354877,-0.01626271,0.98559159,-0.16835865,0
0.22627497,2.9954615,-0.30516839,-0.01626271,0.98559159,-0.16835865,0
3.671967,-2.4417129,2.1288338,-0.30515617,0.15545499,0.93952829,0
-3.9536729,1.6963415,-1.1686456,-0.95216334,-0.06665498,-0.29823124,0
3.7098627,-0.16095304,1.6038976,0.95216334,0.06665498,0.29823124,0
1.4406536,3.0014553,-0.38738418,-0.01626271,0.98559159,-0.16835865,0
2.2271869,3.0565538,-0.1408062,-0.01626271,0.98559159,-0.16835865,0
-1.1740464,1.3192927,-1.1318002,0.30515617,-0.15545499,-0.93952829,0
3.4264579,3.1938837,0.54729414,-0.01626271,0.98559159,-0.16835865,0
-2.7375748,-2.0943828,-0.010437012,-0.30515617,0.15545499,0.93952829,0
-0.32947087,2.9051447,-0.78021127,-0.01626271,0.98559159,-0.16835865,0
-3.6861124,-1.347893,-1.3424964,-0.95216334,-0.06665498,-0.29823124,0
2.6675401,3.229177,0.82721329,-0.01626271,0.98559159,-0.16835865,0
-3.7846057,1.8958201,-1.7530103,-0.95216334,-0.06665498,-0.29823124,0
-2.8244348,-3.1884098,-0.57340384,0.01626271,-0.98559159,0.16835865,0
3.5576696,-2.7453947,1.4035764,0.01626271,-0.98559159,0.16835865,0
-3.7261543,0.045431137,-1.5260653,-0.95216334,-0.06665498,-0.29823124,0
3.783715,2.5356505,0.76541662,0.95216334,0.06665498,0.29823124,0
3.6626608,1.3429306,1.4184809,0.95216334,0.06665498,0.29823124,0
-3.86746,-1.4726087,-0.7356348,-0.95216334,-0.06665498,-0.29823124,0
3.1229286,3.1981514,0.60159779,-0.01626271,0.98559159,-0.16835865,0
-2.0035806,-3.0278428,0.28728437,0.01626271,-0.98559159,0.16835865,0
-1.7975775,-1.0517604,0.1223588,-0.30515617,0.15545499,0.93952829,0
-2.5770574,-3.1519136,-0.38364553,0.01626271,-0.98559159,0.16835865,0
2.282918,2.7771447,0.81415892,-0.30515617,0.15545499,0.93952829,0
0.30260938,-0.41954303,-0.3644774,0.30515617,-0.15545499,-0.93952829,0
3.6670229,1.1354276,1.4509296,0.95216334,0.06665498,0.29823124,0
3.6764271,0.85883605,0.51980782,0.30515617,-0.15545499,-0.93952829,0
1.1390989,2.5149426,-0.5783298,0.30515617,-0.15545499,-0.93952829,0
3.1088262,-1.5244153,1.7941504,-0.30515617,0.15545499,0.93952829,0
-1.5742742,0.6396215,-0.084970117,-0.30515617,0.15545499,0.93952829,0
-0.78227854,2.9074571,-0.7229349,-0.01626271,0.98559159,-0.16835865,0
1.6367254,3.1258078,0.32164979,-0.01626271,0.98559159,-0.16835865,0
3.716476,2.127753,1.0712566,0.95216334,0.06665498,0.29823124,0
-2.2162757,-2.4063313,0.210495,-0.30515617,0.15545499,0.93952829,0
1.3068132,-2.8715653,0.88238251,0.01626271,-0.98559159,0.16835865,0
-1.7103711,2.220649,-0.39077175,-0.30515617,0.15545499,0.93952829,0
3.3736181,-2.6096311,0.99535084,0.30515617,-0.15545499,-0.93952829,0
2.7326851,-2.8094623,1.1082081,0.01626271,-0.98559159,0.16835865,0
-3.3973851,-0.32116938,-1.5825019,0.30515617,-0.15545499,-0.93952829,0
1.2611619,0.07186316,-0.13445055,0.30515617,-0.15545499,-0.93952829,0
-2.7545459,-3.143157,-0.315238,0.01626271,-0.98559159,0.16835865,0
-1.341118,0.72457594,-0.023298264,-0.30515617,0.15545499,0.93952829,0
-2.7065749,-3.0761478,0.072408199,0.01626271,-0.98559159,0.16835865,0
-3.9012754,0.9409759,-1.16711,-0.95216334,-0.06665498,-0.29823124,0
2.039654,-2.7531772,1.5046525,0.01626271,-0.98559159,0.16835865,0
3.8959107,-2.1554461,1.455673,0.95216334,0.06665498,0.29823124,0
1.6399579,-2.1544843,0.35695404,0.30515617,-0.15545499,-0.93952829,0
-0.42104065,-2.2916217,-0.28976154,0.30515617,-0.15545499,-0.93952829,0
3.2390335,3.1393681,0.24625778,-0.01626271,0.98559159,-0.16835865,0
-0.34107906,-1.1223723,-0.45725501,0.30515617,-0.15545499,-0.93952829,0
2.7497647,-1.4682606,1.668237,-0.30515617,0.15545499,0.93952829,0
3.8103926,0.17123008,1.2086916,0.95216334,0.06665498,0.29823124,0
0.69346476,-2.9109473,0.71108305,0.01626271,-0.98559159,0.16835865,0
-1.5134768,-3.1200831,-0.30004191,0.01626271,-0.98559159,0.16835865,0
-3.8174458,-1.2113283,-0.95371103,-0.95216334,-0.06665498,-0.29823124,0
0.16599655,-2.9548788,0.50485432,0.01626271,-0.98559159,0.16835865,0
0.91788769,3.1069136,0.28047729,-0.01626271,0.98559159,-0.16835865,0
1.9733256,-0.078902721,1.1861677,-0.30515617,0.15545499,0.93952829,0
-3.8143125,0.9463613,-1.4459596,-0.95216334,-0.06665498,-0.29823124,0
3.8750236,3.1547446,0.33552599,0.95216334,0.06665498,0.29823124,0
-3.0069232,-3.2477636,-0.90323973,0.01626271,-0.98559159,0.16835865,0
3.8766017,-2.6544521,1.6288493,0.95216334,0.06665498,0.29823124,0
-3.1816769,-0.75436294,-1.440764,0.30515617,-0.15545499,-0.93952829,0
-3.7453828,2.618113,-2.0396707,-0.95216334,-0.06665498,-0.29823124,0
-2.1302443,1.7133437,-1.50757,0.30515617,-0.15545499,-0.93952829,0
1.8594892,-2.8189681,1.1369061,0.01626271,-0.98559159,0.16835865,0
2.1960571,-2.842135,0.96877408,0.01626271,-0.98559159,0.16835865,0
-1.9786596,0.70015192,-1.2906926,0.30515617,-0.15545499,-0.93952829,0
3.1577957,-2.4648302,1.9656574,-0.30515617,0.15545499,0.93952829,0
3.4211316,-0.87281108,0.72340775,0.30515617,-0.15545499,-0.93952829,0
2.654326,-2.3560848,1.7841388,-0.30515617,0.15545499,0.93952829,0
3.9059596,1.1647582,0.68152094,0.95216334,0.06665498,0.29823124,0
-1.4257182,-3.1073942,-0.234236,0.01626271,-0.98559159,0.16835865,0
-3.8678074,-0.47513831,-0.95745897,-0.95216334,-0.06665498,-0.29823124,0
-2.9435091,2.7659414,-1.342621,-0.01626271,0.98559159,-0.16835865,0
-3.8221617,1.6552169,-1.57933,-0.95216334,-0.06665498,-0.29823124,0
-3.9041226,1.1534297,-1.2055037,-0.95216334,-0.06665498,-0.29823124,0
3.0562356,-0.9600302,1.6836858,-0.30515617,0.15545499,0.93952829,0
3.9344261,0.89504707,0.6509161,0.95216334,0.06665498,0.29823124,0
-1.5459538,-0.21520388,-0.99869561,0.30515617,-0.15545499,-0.93952829,0
-3.8355529,-1.7044524,-0.78568554,-0.95216334,-0.06665498,-0.29823124,0
3.5912821,3.2841873,1.06002,-0.01626271,0.98559159,-0.16835865,0
1.8468632,0.16847503,1.104162,-0.30515617,0.15545499,0.93952829,0
-2.0118852,2.4660218,-1.593666,0.30515617,-0.15545499,-0.93952829,0
1.0656104,3.0727632,0.066287041,-0.01626271,0.98559159,-0.16835865,0
3.7718022,2.1602087,0.88736153,0.95216334,0.06665498,0.29823124,0
-2.3408213,2.8680341,-0.80317473,-0.01626271,0.98559159,-0.16835865,0
-0.10157752,-2.0324895,0.83548665,-0.30515617,0.15545499,0.93952829,0
-2.8704586,-3.1458745,-0.31995058,0.01626271,-0.98559159,0.16835865,0
0.97512436,-2.9119136,0.67821831,0.01626271,-0.98559159,0.16835865,0
3.8980775,1.6239088,0.60406542,0.95216334,0.06665498,0.29823124,0
3.6265054,1.5167325,0.39473772,0.30515617,-0.15545499,-0.93952829,0
-0.53692853,0.5706166,0.26337445,-0.30515617,0.15545499,0.93952829,0
-0.89293021,1.464803,-0.00020651519,-0.30515617,0.15545499,0.93952829,0
1.3130405,3.1066689,0.24087715,-0.01626271,0.98559159,-0.16835865,0
0.11408496,2.9217687,-0.72573912,-0.01626271,0.98559159,-0.16835865,0
0.91632175,2.3063488,-0.61617303,0.30515617,-0.15545499,-0.93952829,0
1.7593846,-1.0507327,1.2774799,-0.30515617,0.15545499,0.93952829,0
-2.5935721,2.7612255,-1.4040303,-0.01626271,0.98559159,-0.16835865,0
-3.759861,1.8195381,-1.8149631,-0.95216334,-0.06665498,-0.29823124,0
-0.034171939,-0.51459682,0.60622847,-0.30515617,0.15545499,0.93952829,0
3.7525342,-1.0546802,1.6674097,0.95216334,0.06665498,0.29823124,0
-3.6722848,-2.4743214,-1.1348867,-0.95216334,-0.06665498,-0.29823124,0
3.8053381,1.8122108,0.85806847,0.95216334,0.06665498,0.29823124,0
-3.7388809,0.3599329,-1.5557227,-0.95216334,-0.06665498,-0.29823124,0
0.39719594,-2.3255396,-0.018388629,0.30515617,-0.15545499,-0.93952829,0
-0.41146898,-2.4650655,-0.2579546,0.30515617,-0.15545499,-0.93952829,0
-3.7262359,-1.453388,-1.1908169,-0.95216334,-0.06665498,-0.29823124,0
-1.581634,-2.9337287,0.50388813,-0.30515617,0.15545499,0.93952829,0
-2.4909232,2.7271268,-1.6135627,-0.01626271,0.98559159,-0.16835865,0
0.37431264,3.0265861,-0.13726163,-0.01626271,0.98559159,-0.16835865,0
2.6216884,-2.791337,1.2250378,0.01626271,-0.98559159,0.16835865,0
3.9176414,2.2768171,0.395679,0.95216334,0.06665498,0.29823124,0
1.7487775,3.0698385,-0.016823769,-0.01626271,0.98559159,-0.16835865,0
-1.3449563,1.1671386,-0.097771585,-0.30515617,0.15545499,0.93952829,0
-0.32268858,2.9349263,-0.60652286,-0.01626271,0.98559159,-0.16835865,0
0.5652163,2.9391072,-0.66781378,-0.01626271,0.98559159,-0.16835865,0
2.8663757,3.11201,0.12209606,-0.01626271,0.98559159,-0.16835865,0
-3.6886013,-0.57602656,-1.5070641,-0.95216334,-0.06665498,-0.29823124,0
1.6014256,-2.812916,1.1972625,0.01626271,-0.98559159,0.16835865,0
-3.7017484,2.139111,-2.0719249,-0.95216334,-0.06665498,-0.29823124,0
0.42616224,-2.8511868,1.0867486,0.01626271,-0.98559159,0.16835865,0
-0.68214869,2.9252696,-0.62833071,-0.01626271,0.98559159,-0.16835865,0
-3.6714849,0.4427309,-1.7894042,-0.95216334,-0.06665498,-0.29823124,0
1.4699168,-2.8416731,1.0416203,0.01626271,-0.98559159,0.16835865,0
-3.9430227,2.4711223,-1.3758137,-0.95216334,-0.06665498,-0.29823124,0
3.717051,-2.4663978,2.0962157,0.95216334,0.06665498,0.29823124,0
-3.7113638,-0.21306968,-1.5155113,-0.95216334,-0.06665498,-0.29823124,0
-1.8334951,1.2439811,-0.26916206,-0.30515617,0.15545499,0.93952829,0
0.50030065,3.0443258,-0.045581818,-0.01626271,0.98559159,-0.16835865,0
-3.8462272,2.0611992,-1.5932336,-0.95216334,-0.06665498,-0.29823124,0
0.60772991,-2.2373557,0.035401344,0.30515617,-0.15545499,-0.93952829,0
3.9851048,-1.5800152,1.042294,0.95216334,0.06665498,0.29823124,0
0.84813309,-2.8549829,1.0237629,0.01626271,-0.98559159,0.16835865,0
-3.4030318,-3.2025185,-1.1075864,0.30515617,-0.15545499,-0.93952829,0
-3.6257625,-2.5077019,-1.2759576,-0.95216334,-0.06665498,-0.29823124,0
-3.6149676,0.94088984,-1.8619938,0.30515617,-0.15545499,-0.93952829,0
0.25919962,2.9135554,-0.78783691,-0.01626271,0.98559159,-0.16835865,0
3.6922758,2.5997071,1.0430365,0.95216334,0.06665498,0.29823124,0
-0.22825074,2.8931038,-0.8604781,-0.01626271,0.98559159,-0.16835865,0
3.7750475,-0.29021299,1.4246709,0.95216334,0.06665498,0.29823124,0
3.7563615,3.2233117,0.69905519,0.95216334,0.06665498,0.29823124,0
-3.7183173,-2.2786574,-1.0316491,-0.95216334,-0.06665498,-0.29823124,0
3.0955055,1.7823718,1.242681,-0.30515617,0.15545499,0.93952829,0
3.2452693,-0.71267736,1.7041562,-0.30515617,0.15545499,0.93952829,0
3.6706436,0.88353491,1.4956689,0.95216334,0.06665498,0.29823124,0
2.4356022,-2.491221,0.67109382,0.30515617,-0.15545499,-0.93952829,0
3.8492708,0.74855971,0.95553207,0.95216334,0.06665498,0.29823124,0
-3.8359303,2.2718382,-1.6731853,-0.95216334,-0.06665498,-0.29823124,0
-1.2704172,2.8610981,-0.94717574,-0.01626271,0.98559159,-0.16835865,0
1.6452235,1.7877748,0.77073956,-0.30515617,0.15545499,0.93952829,0
3.8835287,0.11401439,0.98797894,0.95216334,0.06665498,0.29823124,0
2.8994074,1.7619264,1.1823719,-0.30515617,0.15545499,0.93952829,0
1.3692353,-2.9525228,0.40241921,0.01626271,-0.98559159,0.16835865,0
3.919476,2.3469248,0.37415075,0.95216334,0.06665498,0.29823124,0
-3.8114896,1.2421774,-1.5210879,-0.95216334,-0.06665498,-0.29823124,0
-3.7793391,0.49206638,-1.4560845,-0.95216334,-0.06665498,-0.29823124,0
-3.8943477,-0.13516223,-0.94870949,-0.95216334,-0.06665498,-0.29823124,0
-2.8257296,2.3994896,-0.78262806,-0.30515617,0.15545499,0.93952829,0
1.4545591,0.6353969,0.89948535,-0.30515617,0.15545499,0.93952829,0
-0.022021055,1.0436378,-0.71201521,0.30515617,-0.15545499,-0.93952829,0
-3.6357198,-2.3113198,-1.2880588,-0.95216334,-0.06665498,-0.29823124,0
-3.7089169,-2.4894106,-1.0145588,-0.95216334,-0.06665498,-0.29823124,0
1.7125168,-2.8901157,0.73459792,0.01626271,-0.98559159,0.16835865,0
0.45435739,3.0161514,-0.20607948,-0.01626271,0.98559159,-0.16835865,0
-1.4962544,2.286314,-0.3320922,-0.30515617,0.15545499,0.93952829,0
3.3560834,0.27614188,1.5765376,-0.30515617,0.15545499,0.93952829,0
-0.37727344,2.3665953,0.018066287,-0.30515617,0.15545499,0.93952829,0
3.7342939,2.92573,0.83601809,0.95216334,0.06665498,0.29823124,0
-3.6690476,-0.026690483,-1.6922698,-0.95216334,-0.06665498,-0.29823124,0
1.4168279,-0.010552496,-0.070254207,0.30515617,-0.15545499,-0.93952829,0
-3.6759617,-2.2153769,-1.1810212,-0.95216334,-0.06665498,-0.29823124,0
-3.6775835,0.25952172,-1.7289851,-0.95216334,-0.06665498,-0.29823124,0
1.936609,3.0202804,-0.32508779,-0.01626271,0.98559159,-0.16835865,0
-3.1863029,2.2691183,-0.87816978,-0.30515617,0.15545499,0.93952829,0
3.5890133,2.4996219,1.2842946,-0.30515617,0.15545499,0.93952829,0
-3.8022542,-0.87643206,-1.077064,-0.95216334,-0.06665498,-0.29823124,0
-0.78961408,0.2502259,-0.8300488,0.30515617,-0.15545499,-0.93952829,0
-1.2475688,2.791436,-1.357193,-0.01626271,0.98559159,-0.16835865,0
2.9249256,-2.7570107,1.3966974,0.01626271,-0.98559159,0.16835865,0
3.7438107,1.8787818,1.039629,0.95216334,0.06665498,0.29823124,0
0.356318,2.9835041,-0.38773143,-0.01626271,0.98559159,-0.16835865,0
-2.6761174,-3.0961003,-0.047338009,0.01626271,-0.98559159,0.16835865,0
-3.1084929,-3.1985674,-0.60542727,0.01626271,-0.98559159,0.16835865,0
3.8281331,-2.7333927,1.4477129,0.01626271,-0.98559159,0.16835865,0
-3.6935287,-0.79488206,-1.4424167,-0.95216334,-0.06665498,-0.29823124,0
-1.7590287,-0.59352577,-1.0053045,0.30515617,-0.15545499,-0.93952829,0
2.5587735,-0.43286699,0.37052298,0.30515617,-0.15545499,-0.93952829,0
2.1585193,3.0470862,-0.18959737,-0.01626271,0.98559159,-0.16835865,0
3.7219052,1.5654653,1.179594,0.95216334,0.06665498,0.29823124,0
-3.4383914,2.7125506,-1.6073745,-0.01626271,0.98559159,-0.16835865,0
0.38278556,-2.8503704,1.0957172,0.01626271,-0.98559159,0.16835865,0
-3.7114568,-1.1727465,-1.3007255,-0.95216334,-0.06665498,-0.29823124,0
-0.75213885,-3.0374601,0.11010051,0.01626271,-0.98559159,0.16835865,0
-3.9403398,0.78604293,-1.007762,-0.95216334,-0.06665498,-0.29823124,0
0.4437778,1.7416371,-0.67621648,0.30515617,-0.15545499,-0.93952829,0
-3.7054067,2.2345839,-2.0815833,-0.95216334,-0.06665498,-0.29823124,0
-0.77867484,-3.0244372,0.18890214,0.01626271,-0.98559159,0.16835865,0
-2.0444531,0.25184324,-0.1735208,-0.30515617,0.15545499,0.93952829,0
3.9145727,2.3979309,0.37840652,0.95216334,0.06665498,0.29823124,0
0.23643398,-2.6130037,-0.023039699,0.30515617,-0.15545499,-0.93952829,0
3.8057234,1.1037751,1.0151758,0.95216334,0.06665498,0.29823124,0
-3.7157369,1.2520164,-1.8289974,-0.95216334,-0.06665498,-0.29823124,0
0.11349607,-2.594305,0.99830055,-0.30515617,0.15545499,0.93952829,0
-2.3844674,2.8101013,-1.1381047,-0.01626271,0.98559159,-0.16835865,0
-3.9777312,1.2953784,-0.97410846,-0.30515617,0.15545499,0.93952829,0
3.1290896,2.9636657,1.0581312,-0.30515617,0.15545499,0.93952829,0
-0.047109365,-2.9448564,0.58411098,0.01626271,-0.98559159,0.16835865,0
-3.3817811,-3.2243962,-0.73023462,0.01626271,-0.98559159,0.16835865,0
2.9981632,1.4308947,1.2692201,-0.30515617,0.15545499,0.93952829,0
3.6036582,-2.5520186,2.1248987,-0.30515617,0.15545499,0.93952829,0
1.1492634,-0.68918431,-0.044871449,0.30515617,-0.15545499,-0.93952829,0
3.7945011,-0.77505136,1.4709237,0.95216334,0.06665498,0.29823124,0
-0.54879856,-2.7377803,0.8069284,-0.30515617,0.15545499,0.93952829,0
2.5252171,-1.9466978,1.674467,-0.30515617,0.15545499,0.93952829,0
0.6063326,-0.78162163,0.85844457,-0.30515617,0.15545499,0.93952829,0
0.18419361,3.0424893,-0.025798917,-0.01626271,0.98559159,-0.16835865,0
3.4775147,2.2075057,0.23204994,0.30515617,-0.15545499,-0.93952829,0
0.83970737,2.782835,-0.71989703,0.30515617,-0.15545499,-0.93952829,0
-3.8593903,-1.0868492,-0.84761477,-0.95216334,-0.06665498,-0.29823124,0
