-2.5765378,2.5757627,-2.1651759,0.08096236,0.78806949,0.61023962,0
3.4437895,-0.69465876,-0.066523552,0.99002928,-0.13439213,0.042204857,0
-2.5535073,-1.328845,2.4110548,-0.11527205,-0.60073793,0.7910921,0
1.4827247,-1.8190123,1.3330209,-0.08096236,-0.78806949,-0.61023962,0
3.0782201,-2.0601652,2.6763175,-0.11527205,-0.60073793,0.7910921,0
-3.2365222,1.485772,-2.2763381,-0.99002928,0.13439213,-0.042204857,0
-0.99931121,-2.0133035,2.1177573,-0.11527205,-0.60073793,0.7910921,0
1.4036698,0.51560837,-0.032740235,0.08096236,0.78806949,0.61023962,0
-0.36005569,-0.48008731,1.4871097,0.08096236,0.78806949,0.61023962,0
-2.4104197,-1.7720263,1.7888589,-0.08096236,-0.78806949,-0.61023962,0
-1.8832748,1.1140838,-0.36952746,0.08096236,0.78806949,0.61023962,0
1.7820303,1.7847624,-2.1772547,0.11527205,0.60073793,-0.7910921,0
3.0669246,-2.2572949,1.6888424,-0.08096236,-0.78806949,-0.61023962,0
2.5470369,1.5682385,-2.2302072,0.11527205,0.60073793,-0.7910921,0
-3.4678056,0.6181823,0.38636494,-0.99002928,0.13439213,-0.042204857,0
-3.7743547,-1.0208682,2.3580759,-0.99002928,0.13439213,-0.042204857,0
-3.0288458,1.2114416,-0.34326935,0.08096236,0.78806949,0.61023962,0
3.7404988,0.97825575,-1.6995933,0.99002928,-0.13439213,0.042204857,0
-2.2989888,-1.2825857,2.4832697,-0.11527205,-0.60073793,0.7910921,0
-3.5646727,0.070811152,0.91565394,-0.99002928,0.13439213,-0.042204857,0
0.68873024,1.7238152,-2.382844,0.11527205,0.60073793,-0.7910921,0
3.4588399,-0.6230284,-0.1914773,0.99002928,-0.13439213,0.042204857,0
-3.2826424,1.3416022,-1.6535499,-0.99002928,0.13439213,-0.042204857,0
-3.1795287,2.0917504,-1.6836737,-0.99002928,0.13439213,-0.042204857,0
-3.6890216,-0.76691234,1.1650476,-0.99002928,0.13439213,-0.042204857,0
1.5804288,1.6634467,-2.2987549,0.11527205,0.60073793,-0.7910921,0
-3.2983711,-1.0872576,2.4859748,-0.11527205,-0.60073793,0.7910921,0
-2.0542862,1.1373558,-2.0155938,-0.08096236,-0.78806949,-0.61023962,0
-1.3694825,-1.9838911,2.086154,-0.11527205,-0.60073793,0.7910921,0
-3.1580181,2.2394869,-1.717831,-0.99002928,0.13439213,-0.042204857,0
0.89118671,1.7101743,-2.3637021,0.11527205,0.60073793,-0.7910921,0
3.746994,1.1635929,-1.2617955,0.99002928,-0.13439213,0.042204857,0
-1.6821247,-0.069106206,-0.50693333,-0.08096236,-0.78806949,-0.61023962,0
-3.6546514,-0.4771927,1.2813408,-0.99002928,0.13439213,-0.042204857,0
-2.4690812,-1.6108117,1.5884478,-0.08096236,-0.78806949,-0.61023962,0
1.306906,0.87582707,-2.1237936,-0.08096236,-0.78806949,-0.61023962,0
3.4664884,-0.55909657,-0.16732168,0.99002928,-0.13439213,0.042204857,0
2.7058072,-1.3500184,2.2037888,0.08096236,0.78806949,0.61023962,0
2.1116002,-0.78790057,1.5567,0.08096236,0.78806949,0.61023962,0
3.3208561,1.1364098,-2.4453733,0.11527205,0.60073793,-0.7910921,0
-3.1752613,1.9971088,-2.0851398,-0.99002928,0.13439213,-0.042204857,0
1.0124292,1.3966031,-2.5841546,0.11527205,0.60073793,-0.7910921,0
-2.6144969,2.1797674,-2.5179241,0.11527205,0.60073793,-0.7910921,0
3.1703558,-2.1382921,1.7506467,0.99002928,-0.13439213,0.042204857,0
2.284538,1.6397023,-2.2141886,0.11527205,0.60073793,-0.7910921,0
-3.5351384,-0.035750061,-0.11646771,-0.99002928,0.13439213,-0.042204857,0
-1.3592842,-1.5975057,2.3810525,-0.11527205,-0.60073793,0.7910921,0
3.5943134,0.30313548,-0.42020535,0.99002928,-0.13439213,0.042204857,0
3.6077466,1.3994789,-2.2038014,0.11527205,0.60073793,-0.7910921,0
1.6855613,-2.4067955,2.2101669,-0.11527205,-0.60073793,0.7910921,0
2.3228374,-2.0943744,2.540271,-0.11527205,-0.60073793,0.7910921,0
-3.482101,0.27984691,-0.35565519,-0.99002928,0.13439213,-0.042204857,0
-1.4493101,-0.65153611,0.21433389,-0.08096236,-0.78806949,-0.61023962,0
-1.8310943,1.6573181,-2.7166896,-0.08096236,-0.78806949,-0.61023962,0
0.78555703,1.5101615,-2.5309787,0.11527205,0.60073793,-0.7910921,0
3.314539,-1.1169918,1.6205499,0.99002928,-0.13439213,0.042204857,0
0.30702156,-0.027285039,-0.82484818,-0.08096236,-0.78806949,-0.61023962,0
3.2428393,-1.7693462,1.2251799,0.99002928,-0.13439213,0.042204857,0
-1.4625237,-1.320291,2.57652,-0.11527205,-0.60073793,0.7910921,0
-1.5291826,1.6427689,-1.0992546,0.08096236,0.78806949,0.61023962,0
1.4569123,1.8220273,-2.1963301,0.11527205,0.60073793,-0.7910921,0
-3.6501787,-0.36593485,1.5306966,-0.99002928,0.13439213,-0.042204857,0
1.4984095,-2.3973689,2.1900549,-0.11527205,-0.60073793,0.7910921,0
3.6997857,0.64934945,-1.7918913,0.99002928,-0.13439213,0.042204857,0
0.68403316,0.67664349,-1.7839272,-0.08096236,-0.78806949,-0.61023962,0
-0.77116418,2.2851863,-2.0294476,0.08096236,0.78806949,0.61023962,0
3.2821498,-1.5054371,1.1434135,0.99002928,-0.13439213,0.042204857,0
-0.37592936,-2.0467956,2.1831584,-0.11527205,-0.60073793,0.7910921,0
-3.2026687,1.8065932,-2.0488849,-0.99002928,0.13439213,-0.042204857,0
2.2431509,0.53917855,-0.17455554,0.08096236,0.78806949,0.61023962,0
-3.3955986,0.98186338,-0.14938378,-0.99002928,0.13439213,-0.042204857,0
2.8888245,0.38235235,-0.057692289,0.08096236,0.78806949,0.61023962,0
-3.2350073,1.5478021,-2.1143594,-0.99002928,0.13439213,-0.042204857,0
3.3780696,0.37337708,-1.7497129,-0.08096236,-0.78806949,-0.61023962,0
-2.3567624,1.0949779,-0.2820344,0.08096236,0.78806949,0.61023962,0
-2.1704493,1.0166143,-1.8442554,-0.08096236,-0.78806949,-0.61023962,0
3.6968341,0.59053862,-1.9099221,0.99002928,-0.13439213,0.042204857,0
3.3937933,-0.91962612,0.38990641,0.99002928,-0.13439213,0.042204857,0
-3.7835693,-1.3073999,1.6618397,-0.99002928,0.13439213,-0.042204857,0
3.4192319,-0.60047424,0.80944014,0.99002928,-0.13439213,0.042204857,0
3.4355803,-0.67902261,0.17582798,0.99002928,-0.13439213,0.042204857,0
-2.8992009,1.4474411,-2.3039434,-0.08096236,-0.78806949,-0.61023962,0
-1.9222583,1.8394816,-2.6754618,0.11527205,0.60073793,-0.7910921,0
-3.3428097,1.1649219,-0.80476475,-0.99002928,0.13439213,-0.042204857,0
-3.5722005,-0.17643154,0.30494905,-0.99002928,0.13439213,-0.042204857,0
3.0929356,0.036925614,0.36131501,0.08096236,0.78806949,0.61023962,0
-3.5519009,0.1802417,0.96451735,-0.99002928,0.13439213,-0.042204857,0
-3.5404458,0.028210282,0.21169925,-0.99002928,0.13439213,-0.042204857,0
0.78210545,2.1124122,-2.0124028,0.08096236,0.78806949,0.61023962,0
-1.9770768,2.5098257,-2.1744053,0.11527205,0.60073793,-0.7910921,0
1.0179336,-1.7057571,1.2484274,-0.08096236,-0.78806949,-0.61023962,0
2.3468411,1.3588626,-2.4183738,0.11527205,0.60073793,-0.7910921,0
0.93054134,0.21825525,0.41403598,0.08096236,0.78806949,0.61023962,0
2.9496052,-1.9676619,2.7278216,-0.11527205,-0.60073793,0.7910921,0
0.31321692,-2.0831571,2.2559633,-0.11527205,-0.60073793,0.7910921,0
-3.4146955,0.88595831,-0.0068001747,-0.99002928,0.13439213,-0.042204857,0
1.9274216,0.60107291,-0.21259785,0.08096236,0.78806949,0.61023962,0
-0.75381362,1.7062668,-1.284127,0.08096236,0.78806949,0.61023962,0
-1.0512357,-0.14541471,1.1466117,0.08096236,0.78806949,0.61023962,0
3.8075614,1.3619092,-2.0510554,0.99002928,-0.13439213,0.042204857,0
-2.256285,-0.30265927,-0.12914491,-0.08096236,-0.78806949,-0.61023962,0
3.2646871,-1.6615869,1.0558228,0.99002928,-0.13439213,0.042204857,0
-3.7884305,-1.1837757,2.1695318,-0.99002928,0.13439213,-0.042204857,0
0.099152327,-1.7735565,2.4598753,-0.11527205,-0.60073793,0.7910921,0
-3.2025032,1.9111993,-1.7196759,-0.99002928,0.13439213,-0.042204857,0
1.7927022,-1.162447,0.4440006,-0.08096236,-0.78806949,-0.61023962,0
-2.0692813,2.2468405,-1.8077017,0.08096236,0.78806949,0.61023962,0
3.4310875,-0.58453107,0.58210969,0.99002928,-0.13439213,0.042204857,0
-3.4671662,0.13981199,1.0987964,0.08096236,0.78806949,0.61023962,0
-3.1109977,1.2525274,-0.38542867,0.08096236,0.78806949,0.61023962,0
0.85362315,1.2870809,-0.95605052,0.08096236,0.78806949,0.61023962,0
-0.83168554,1.7558481,-2.5800619,0.11527205,0.60073793,-0.7910921,0
-0.98166525,2.0909114,-1.7506311,0.08096236,0.78806949,0.61023962,0
3.7745829,1.069617,-2.2082112,0.99002928,-0.13439213,0.042204857,0
-3.8048787,-1.4257447,1.7848675,-0.99002928,0.13439213,-0.042204857,0
-0.46178269,-1.7633133,2.3859186,-0.11527205,-0.60073793,0.7910921,0
3.7554352,1.0209492,-1.9140143,0.99002928,-0.13439213,0.042204857,0
-2.5686617,0.18843144,-0.72190022,-0.08096236,-0.78806949,-0.61023962,0
2.5432045,1.3479069,-1.258764,0.08096236,0.78806949,0.61023962,0
-1.862453,0.86603743,-1.6906619,-0.08096236,-0.78806949,-0.61023962,0
-0.78632665,-1.8800058,2.250015,-0.11527205,-0.60073793,0.7910921,0
-2.4332128,-1.3623538,2.4031374,-0.11527205,-0.60073793,0.7910921,0
-1.2393545,1.7481822,-2.6452851,0.11527205,0.60073793,-0.7910921,0
-3.6466379,-0.40409565,1.3261249,-0.99002928,0.13439213,-0.042204857,0
-1.3313048,2.1923032,-2.3214278,0.11527205,0.60073793,-0.7910921,0
1.9480119,1.8958551,-2.0687079,0.11527205,0.60073793,-0.7910921,0
-3.6298327,-0.49792477,0.63314104,-0.99002928,0.13439213,-0.042204857,0
-2.1767023,-1.5127753,2.3262873,-0.11527205,-0.60073793,0.7910921,0
-1.1416063,-1.7119179,2.3258891,-0.11527205,-0.60073793,0.7910921,0
1.1103194,1.6112309,-2.4069071,0.11527205,0.60073793,-0.7910921,0
-1.6168534,-0.23054314,1.3315895,0.08096236,0.78806949,0.61023962,0
0.26828074,-1.8380694,2.4355297,-0.11527205,-0.60073793,0.7910921,0
-0.86552072,-1.7192724,2.360533,-0.11527205,-0.60073793,0.7910921,0
-2.283288,-1.3429146,1.217833,-0.08096236,-0.78806949,-0.61023962,0
-0.26385164,-1.8145685,1.5590061,-0.08096236,-0.78806949,-0.61023962,0
0.57484901,-1.5432394,1.0973358,-0.08096236,-0.78806949,-0.61023962,0
-0.97232628,1.7633169,-1.3288114,0.08096236,0.78806949,0.61023962,0
3.7164235,0.74073493,-1.8911705,0.99002928,-0.13439213,0.042204857,0
-1.0717888,2.2567534,-2.2346711,0.11527205,0.60073793,-0.7910921,0
3.7334471,0.78137243,-2.1611059,0.99002928,-0.13439213,0.042204857,0
1.0932747,0.67994827,-1.8424904,-0.08096236,-0.78806949,-0.61023962,0
-3.5751443,0.053959131,1.1076288,-0.99002928,0.13439213,-0.042204857,0
0.46164659,0.53226006,0.070736885,0.08096236,0.78806949,0.61023962,0
3.5011711,-0.24373329,0.023307323,0.99002928,-0.13439213,0.042204857,0
-1.1549209,1.7840331,-2.605758,0.11527205,0.60073793,-0.7910921,0
3.6027067,0.40241468,-0.30096412,0.99002928,-0.13439213,0.042204857,0
-1.9341638,-0.69381458,0.33325982,-0.08096236,-0.78806949,-0.61023962,0
-1.427345,-1.85535,2.1753342,-0.11527205,-0.60073793,0.7910921,0
0.37707305,1.0836858,-2.2688601,-0.08096236,-0.78806949,-0.61023962,0
0.33004844,-1.5738536,1.1693499,-0.08096236,-0.78806949,-0.61023962,0
1.4295018,-1.7533963,2.6690326,-0.11527205,-0.60073793,0.7910921,0
-0.6348002,-1.9651381,2.2074466,-0.11527205,-0.60073793,0.7910921,0
3.1162491,-2.4379511,2.0656681,0.99002928,-0.13439213,0.042204857,0
-1.2630892,-1.7456195,2.2825949,-0.11527205,-0.60073793,0.7910921,0
-3.3836391,1.024406,-0.29445744,-0.99002928,0.13439213,-0.042204857,0
-0.24640596,-1.3614838,0.97157371,-0.08096236,-0.78806949,-0.61023962,0
3.333005,-1.0298086,1.4649978,0.99002928,-0.13439213,0.042204857,0
-3.1625216,1.9015641,-2.6882257,-0.99002928,0.13439213,-0.042204857,0
3.0367148,-1.9170246,2.7789671,-0.11527205,-0.60073793,0.7910921,0
2.0182731,-0.35466647,-0.62910187,-0.08096236,-0.78806949,-0.61023962,0
-3.6097329,-0.43926013,0.34845614,-0.99002928,0.13439213,-0.042204857,0
0.89021921,-1.9981427,2.4045978,-0.11527205,-0.60073793,0.7910921,0
0.90983164,-0.45711565,-0.3497377,-0.08096236,-0.78806949,-0.61023962,0
-2.3230908,-1.921057,1.9949167,-0.11527205,-0.60073793,0.7910921,0
0.7743454,-1.1164148,2.1583643,0.08096236,0.78806949,0.61023962,0
-0.91272688,-1.3776844,2.6130486,-0.11527205,-0.60073793,0.7910921,0
-3.3142529,1.386371,-0.76949048,-0.99002928,0.13439213,-0.042204857,0
-2.5307355,-0.45360911,1.7409067,0.08096236,0.78806949,0.61023962,0
-2.0273497,-0.75525904,0.42497277,-0.08096236,-0.78806949,-0.61023962,0
1.3598392,1.9292085,-1.8524616,0.08096236,0.78806949,0.61023962,0
3.1446855,-2.0682311,2.5759001,0.99002928,-0.13439213,0.042204857,0
2.2570677,-0.60229939,1.2977132,0.08096236,0.78806949,0.61023962,0
-1.5252655,-1.4907813,1.30822,-0.08096236,-0.78806949,-0.61023962,0
-1.0368813,1.6523199,-2.6885781,0.11527205,0.60073793,-0.7910921,0
3.5855179,0.27180943,-0.31363821,0.99002928,-0.13439213,0.042204857,0
-2.0702395,-1.7788551,1.7525446,-0.08096236,-0.78806949,-0.61023962,0
-3.1478593,2.0960953,-2.4127214,-0.99002928,0.13439213,-0.042204857,0
-1.0273206,-1.5209286,2.4875746,-0.11527205,-0.60073793,0.7910921,0
-2.8689246,1.1848496,-0.3301456,0.08096236,0.78806949,0.61023962,0
-2.6938019,0.74592865,0.21344686,0.08096236,0.78806949,0.61023962,0
-2.7201447,1.116675,-0.26184344,0.08096236,0.78806949,0.61023962,0
-3.3027353,1.2139127,-1.588815,-0.99002928,0.13439213,-0.042204857,0
3.2900712,-1.4306376,1.195775,0.99002928,-0.13439213,0.042204857,0
0.15197396,-1.0201849,2.1166639,0.08096236,0.78806949,0.61023962,0
3.0255246,0.15405262,-1.4197016,-0.08096236,-0.78806949,-0.61023962,0
2.7492809,0.97239542,-0.80116582,0.08096236,0.78806949,0.61023962,0
2.685349,-0.56497258,1.1926875,0.08096236,0.78806949,0.61023962,0
-2.668859,-1.2676237,2.4407365,-0.11527205,-0.60073793,0.7910921,0
0.68738079,1.3960447,-2.631942,0.11527205,0.60073793,-0.7910921,0
-3.7097621,-0.64347768,2.0446043,-0.99002928,0.13439213,-0.042204857,0
-0.58395457,-1.7733943,2.3604617,-0.11527205,-0.60073793,0.7910921,0
1.4778709,0.54325855,-0.078292489,0.08096236,0.78806949,0.61023962,0
3.7137499,0.8489511,-1.4838696,0.99002928,-0.13439213,0.042204857,0
-1.047116,1.6145271,-1.1267405,0.08096236,0.78806949,0.61023962,0
0.70947576,1.6911408,-2.4046335,0.11527205,0.60073793,-0.7910921,0
3.6959176,0.6235652,-1.7832491,0.99002928,-0.13439213,0.042204857,0
-0.54078269,-1.1453607,2.3702273,0.08096236,0.78806949,0.61023962,0
1.3696368,0.083788276,-1.1092699,-0.08096236,-0.78806949,-0.61023962,0
1.176996,0.92221421,-2.1664629,-0.08096236,-0.78806949,-0.61023962,0
0.013711691,-1.2638935,2.4497354,0.08096236,0.78806949,0.61023962,0
3.2217178,-1.5723047,2.3480668,0.99002928,-0.13439213,0.042204857,0
-0.68482637,-1.982735,1.8320301,-0.08096236,-0.78806949,-0.61023962,0
3.2621937,-1.5645363,1.4233525,0.99002928,-0.13439213,0.042204857,0
1.8246472,-1.8902198,2.6227093,-0.11527205,-0.60073793,0.7910921,0
-0.57047617,1.382937,-0.89090002,0.08096236,0.78806949,0.61023962,0
-0.18978119,-1.5717235,2.5710421,-0.11527205,-0.60073793,0.7910921,0
3.1363795,-2.1675446,2.4544992,0.99002928,-0.13439213,0.042204857,0
3.3227551,-1.3130643,0.80347443,0.99002928,-0.13439213,0.042204857,0
-3.5150518,0.072811365,-0.2419641,-0.99002928,0.13439213,-0.042204857,0
3.1361628,-2.3033121,2.0272682,0.99002928,-0.13439213,0.042204857,0
1.9421589,1.6600456,-2.2486293,0.11527205,0.60073793,-0.7910921,0
1.3337768,0.0056214333,-1.0035667,-0.08096236,-0.78806949,-0.61023962,0
3.139914,-2.151947,2.4212575,0.99002928,-0.13439213,0.042204857,0
1.8072147,1.9689533,-2.0337143,0.11527205,0.60073793,-0.7910921,0
-3.4511194,0.37461302,-0.78064108,-0.99002928,0.13439213,-0.042204857,0
-3.3409986,1.2468914,-0.58624411,-0.99002928,0.13439213,-0.042204857,0
-2.2718844,2.2028036,-1.7239518,0.08096236,0.78806949,0.61023962,0
1.747279,-1.9180107,2.5903323,-0.11527205,-0.60073793,0.7910921,0
-3.2217507,1.8016044,-1.6171519,-0.99002928,0.13439213,-0.042204857,0
-3.572655,-0.0042997599,0.86373019,-0.99002928,0.13439213,-0.042204857,0
1.5204866,1.452118,-2.4679675,0.11527205,0.60073793,-0.7910921,0
-3.6449368,-1.1605932,1.1630359,-0.08096236,-0.78806949,-0.61023962,0
3.4997077,-0.46875703,-0.65890241,0.99002928,-0.13439213,0.042204857,0
-3.4591932,0.67280293,0.35826635,-0.99002928,0.13439213,-0.042204857,0
-0.64399934,-1.7697351,2.354491,-0.11527205,-0.60073793,0.7910921,0
1.9214853,-1.9957561,1.5030577,-0.08096236,-0.78806949,-0.61023962,0
-3.6584558,-0.68920857,0.69547462,-0.99002928,0.13439213,-0.042204857,0
-2.3594246,-1.1751394,2.5560553,-0.11527205,-0.60073793,0.7910921,0
3.7112069,0.85885286,-1.3926847,0.99002928,-0.13439213,0.042204857,0
-3.1771712,2.1336589,-1.6055276,-0.99002928,0.13439213,-0.042204857,0
1.695774,-2.244045,1.8536466,-0.08096236,-0.78806949,-0.61023962,0
-3.4527791,0.48565203,-0.38812995,-0.99002928,0.13439213,-0.042204857,0
-2.9501872,2.1065607,-2.6224298,0.11527205,0.60073793,-0.7910921,0
3.5590198,-0.0075876713,-0.58172441,0.99002928,-0.13439213,0.042204857,0
3.3343687,-0.9989478,1.5312804,0.99002928,-0.13439213,0.042204857,0
3.4069791,1.4881434,-1.554467,0.08096236,0.78806949,0.61023962,0
1.1239595,-0.80706656,0.073783278,-0.08096236,-0.78806949,-0.61023962,0
-3.2648511,1.4289539,-1.7927358,-0.99002928,0.13439213,-0.042204857,0
2.6040895,-1.1124625,0.27180076,-0.08096236,-0.78806949,-0.61023962,0
-3.1259789,1.4193008,-0.59881353,0.08096236,0.78806949,0.61023962,0
-3.3963714,0.65884733,-1.1598167,-0.99002928,0.13439213,-0.042204857,0
-0.10049081,2.2415376,-2.1046963,0.11527205,0.60073793,-0.7910921,0
-3.5852356,-0.012583494,1.1324644,-0.99002928,0.13439213,-0.042204857,0
-3.3938107,0.85479563,-0.59593511,-0.99002928,0.13439213,-0.042204857,0
-1.7531357,2.0655921,-1.61558,0.08096236,0.78806949,0.61023962,0
-1.1388323,2.1765382,-2.3053541,0.11527205,0.60073793,-0.7910921,0
2.8049302,1.649946,-2.1305828,0.11527205,0.60073793,-0.7910921,0
-3.2039413,2.0014875,-1.3984351,-0.99002928,0.13439213,-0.042204857,0
1.1085175,1.0440905,-0.67606819,0.08096236,0.78806949,0.61023962,0
3.2430491,-1.8002894,1.1217382,0.99002928,-0.13439213,0.042204857,0
-1.1648017,0.49018854,-1.2978467,-0.08096236,-0.78806949,-0.61023962,0
-1.2130258,-0.7253074,0.27825427,-0.08096236,-0.78806949,-0.61023962,0
-3.3787198,-1.4677913,2.1852992,-0.11527205,-0.60073793,0.7910921,0
3.4075875,-0.75712538,0.58377433,0.99002928,-0.13439213,0.042204857,0
0.91738272,2.0037158,-2.1369758,0.11527205,0.60073793,-0.7910921,0
3.2303808,-1.8262146,1.3363456,0.99002928,-0.13439213,0.042204857,0
3.5727108,0.22408193,-0.16518188,0.99002928,-0.13439213,0.042204857,0
-1.450506,-0.76557994,0.3617698,-0.08096236,-0.78806949,-0.61023962,0
3.3538671,-1.0854995,0.79829907,0.99002928,-0.13439213,0.042204857,0
-0.60946155,1.9014528,-2.4371121,0.11527205,0.60073793,-0.7910921,0
1.2144763,0.40590018,0.13403893,0.08096236,0.78806949,0.61023962,0
-1.2480061,1.1871569,-0.5481779,0.08096236,0.78806949,0.61023962,0
2.5925322,-1.2767591,0.4855082,-0.08096236,-0.78806949,-0.61023962,0
0.21577597,1.9961984,-1.7871865,0.08096236,0.78806949,0.61023962,0
-3.7825124,-1.2321858,1.8765485,-0.99002928,0.13439213,-0.042204857,0
-0.20605779,1.3695344,-2.5606418,-0.08096236,-0.78806949,-0.61023962,0
2.3026936,0.46334517,-0.084523439,0.08096236,0.78806949,0.61023962,0
-0.2604897,-0.0067471862,0.86262417,0.08096236,0.78806949,0.61023962,0
-2.3320222,1.8652117,-2.7156308,0.11527205,0.60073793,-0.7910921,0
0.85764354,-1.4974644,1.0007026,-0.08096236,-0.78806949,-0.61023962,0
-2.832171,-0.48243681,0.17942595,-0.08096236,-0.78806949,-0.61023962,0
-0.64933407,-1.4407437,1.1273885,-0.08096236,-0.78806949,-0.61023962,0
-3.2103164,-1.2762614,2.3552806,-0.11527205,-0.60073793,0.7910921,0
-2.7066555,-0.76765805,2.1698124,0.08096236,0.78806949,0.61023962,0
-3.2147777,-1.6866286,1.7852924,-0.08096236,-0.78806949,-0.61023962,0
-3.5001926,0.42747724,0.53882456,-0.99002928,0.13439213,-0.042204857,0
-3.1808219,1.9460653,-2.117238,-0.99002928,0.13439213,-0.042204857,0
-2.7154989,-0.82117903,0.60140157,-0.08096236,-0.78806949,-0.61023962,0
-3.5316479,-0.48222029,0.27194834,-0.08096236,-0.78806949,-0.61023962,0
3.6591389,0.43949687,-1.5066357,0.99002928,-0.13439213,0.042204857,0
-0.34331989,1.9819938,-1.6946653,0.08096236,0.78806949,0.61023962,0
3.3869185,-0.77111238,1.0240767,0.99002928,-0.13439213,0.042204857,0
0.21079461,-0.45403266,-0.26097554,-0.08096236,-0.78806949,-0.61023962,0
-3.2958727,1.3699186,-1.2530365,-0.99002928,0.13439213,-0.042204857,0
-0.52576995,0.48452955,0.26338032,0.08096236,0.78806949,0.61023962,0
3.5986795,0.40392125,-0.20170546,0.99002928,-0.13439213,0.042204857,0
-3.1272707,-1.5528617,2.157337,-0.11527205,-0.60073793,0.7910921,0
1.9479538,-1.6749549,1.0852604,-0.08096236,-0.78806949,-0.61023962,0
3.5682902,0.07976836,-0.52102923,0.99002928,-0.13439213,0.042204857,0
1.443907,2.0094135,-2.0559282,0.11527205,0.60073793,-0.7910921,0
1.7520671,0.4959498,-0.053575993,0.08096236,0.78806949,0.61023962,0
-0.48071337,1.6148667,-2.6359787,0.11527205,0.60073793,-0.7910921,0
-3.6924038,-0.85777348,0.9550612,-0.99002928,0.13439213,-0.042204857,0
-2.772445,-1.6927729,2.1027946,-0.11527205,-0.60073793,0.7910921,0
1.3476155,1.336355,-2.5810647,0.11527205,0.60073793,-0.7910921,0
-3.6901696,-1.0596409,2.4498568,-0.11527205,-0.60073793,0.7910921,0
1.5507679,1.6525972,-2.3113158,0.11527205,0.60073793,-0.7910921,0
-0.29838675,0.22470686,-1.0699513,-0.08096236,-0.78806949,-0.61023962,0
2.4505098,1.6466656,-2.1847167,0.11527205,0.60073793,-0.7910921,0
2.5345535,-0.16470528,-0.94291615,-0.08096236,-0.78806949,-0.61023962,0
-1.940269,-1.2874341,2.5318575,-0.11527205,-0.60073793,0.7910921,0
-3.3066366,1.4278619,-0.81603527,-0.99002928,0.13439213,-0.042204857,0
2.7484949,-1.5413289,0.80648398,-0.08096236,-0.78806949,-0.61023962,0
1.2382662,-1.0842328,0.41655302,-0.08096236,-0.78806949,-0.61023962,0
1.0603261,1.2190419,-2.5343099,-0.08096236,-0.78806949,-0.61023962,0
1.5489939,-1.0130422,1.9220928,0.08096236,0.78806949,0.61023962,0
-3.540406,0.17581236,0.6807642,-0.99002928,0.13439213,-0.042204857,0
3.4204698,-0.73036826,0.36679077,0.99002928,-0.13439213,0.042204857,0
-3.3501527,0.91860354,-1.4168577,-0.99002928,0.13439213,-0.042204857,0
-2.0393779,-1.5575988,2.3122592,-0.11527205,-0.60073793,0.7910921,0
-1.1495535,-1.5579213,2.4416721,-0.11527205,-0.60073793,0.7910921,0
1.0219355,-2.0841818,1.736598,-0.08096236,-0.78806949,-0.61023962,0
-0.90259337,-0.92146343,2.129087,0.08096236,0.78806949,0.61023962,0
-3.5365877,-1.5726335,2.0826805,-0.11527205,-0.60073793,0.7910921,0
-3.3756306,-1.6084553,2.0789313,-0.11527205,-0.60073793,0.7910921,0
2.7929091,0.24566245,0.13155556,0.08096236,0.78806949,0.61023962,0
3.7259722,0.87770075,-1.6790309,0.99002928,-0.13439213,0.042204857,0
-3.2055748,-1.3923562,2.2678115,-0.11527205,-0.60073793,0.7910921,0
-0.68580931,1.3296888,-0.80683327,0.08096236,0.78806949,0.61023962,0
2.0783153,-2.4319072,2.2483265,-0.11527205,-0.60073793,0.7910921,0
-2.0282116,1.2860472,-0.57237327,0.08096236,0.78806949,0.61023962,0
-3.0613048,-1.0810616,2.5252235,-0.11527205,-0.60073793,0.7910921,0
-3.7978268,-1.4442396,1.5605552,-0.99002928,0.13439213,-0.042204857,0
2.0479074,1.402549,-2.4287577,0.11527205,0.60073793,-0.7910921,0
-0.18063593,-1.582654,2.5640738,-0.11527205,-0.60073793,0.7910921,0
3.3662016,0.70222336,-0.53411198,0.08096236,0.78806949,0.61023962,0
-2.5459485,2.4807045,-2.2794106,0.11527205,0.60073793,-0.7910921,0
-3.2772379,1.4305878,-1.496976,-0.99002928,0.13439213,-0.042204857,0
-3.7524331,-1.1460778,1.4451468,-0.99002928,0.13439213,-0.042204857,0
1.7456207,1.6566687,-2.2798314,0.11527205,0.60073793,-0.7910921,0
-3.0942497,0.88324845,-1.549462,-0.08096236,-0.78806949,-0.61023962,0
3.5178618,-0.047090501,0.25795221,0.99002928,-0.13439213,0.042204857,0
-3.2899065,0.52568895,-1.0617478,-0.08096236,-0.78806949,-0.61023962,0
1.2287288,-2.1541047,2.3354883,-0.11527205,-0.60073793,0.7910921,0
2.6481719,-1.8233033,2.7935219,-0.11527205,-0.60073793,0.7910921,0
-1.8437936,0.9137519,-0.11605501,0.08096236,0.78806949,0.61023962,0
-1.1484895,-1.0963978,0.74892139,-0.08096236,-0.78806949,-0.61023962,0
0.58878493,0.083682299,0.63316655,0.08096236,0.78806949,0.61023962,0
-3.451052,0.55719173,-0.20084763,-0.99002928,0.13439213,-0.042204857,0
-3.6895723,-0.84854388,0.91802979,-0.99002928,0.13439213,-0.042204857,0
-3.7319012,-0.80065811,2.0634348,-0.99002928,0.13439213,-0.042204857,0
1.2146208,1.1371717,-0.81035137,0.08096236,0.78806949,0.61023962,0
-3.5292344,-0.62689507,0.45846224,-0.08096236,-0.78806949,-0.61023962,0
3.7130718,0.7528826,-1.773875,0.99002928,-0.13439213,0.042204857,0
3.5895925,0.10286725,-0.94717503,0.99002928,-0.13439213,0.042204857,0
-2.911062,-1.8261689,1.9252009,-0.08096236,-0.78806949,-0.61023962,0
2.3898573,-1.2740386,0.50888443,-0.08096236,-0.78806949,-0.61023962,0
-0.1345439,1.9605666,-2.3230212,0.11527205,0.60073793,-0.7910921,0
2.7878509,-0.60600972,1.2320842,0.08096236,0.78806949,0.61023962,0
1.0837072,-1.5851481,1.0839452,-0.08096236,-0.78806949,-0.61023962,0
0.43779302,-1.9832051,2.3500171,-0.11527205,-0.60073793,0.7910921,0
2.2239301,-2.104728,2.517997,-0.11527205,-0.60073793,0.7910921,0
0.5433687,0.74897426,-0.21997213,0.08096236,0.78806949,0.61023962,0
3.5560918,-0.062285066,-0.68722224,0.99002928,-0.13439213,0.042204857,0
3.5804102,0.8220799,-2.3560169,-0.08096236,-0.78806949,-0.61023962,0
2.8918688,-2.3660591,2.4168746,-0.11527205,-0.60073793,0.7910921,0
3.4597588,-0.54133028,0.047112703,0.99002928,-0.13439213,0.042204857,0
-3.5598636,0.15916109,1.0841808,-0.99002928,0.13439213,-0.042204857,0
1.1549865,-0.49103862,-0.33845472,-0.08096236,-0.78806949,-0.61023962,0
-0.00877738,1.664838,-2.5292652,0.11527205,0.60073793,-0.7910921,0
-3.3824172,-0.58063769,2.0179479,0.08096236,0.78806949,0.61023962,0
3.6597242,0.5486694,-1.1727433,0.99002928,-0.13439213,0.042204857,0
2.832365,1.1387877,-1.0270696,0.08096236,0.78806949,0.61023962,0
-2.262105,-1.2926331,2.4810145,-0.11527205,-0.60073793,0.7910921,0
3.230144,-1.606286,2.0422096,0.99002928,-0.13439213,0.042204857,0
2.9964323,0.10142887,-1.3478832,-0.08096236,-0.78806949,-0.61023962,0
-3.6485443,-0.45182163,1.2188652,-0.99002928,0.13439213,-0.042204857,0
-2.5582693,1.1938924,-2.0217404,-0.08096236,-0.78806949,-0.61023962,0
0.30087304,-1.4142261,2.6057775,0.08096236,0.78806949,0.61023962,0
-1.6269736,-1.7953663,2.1917963,-0.11527205,-0.60073793,0.7910921,0
3.7454343,1.0979395,-1.4342728,0.99002928,-0.13439213,0.042204857,0
-0.31414533,0.88907188,-1.9258277,-0.08096236,-0.78806949,-0.61023962,0
3.7543952,0.99222332,-1.9810953,0.99002928,-0.13439213,0.042204857,0
3.4173274,-0.83316398,0.11317086,0.99002928,-0.13439213,0.042204857,0
1.0757074,-1.2060595,0.59544837,-0.08096236,-0.78806949,-0.61023962,0
-3.7083111,-0.95580637,1.0160422,-0.99002928,0.13439213,-0.042204857,0
1.1400237,-2.0048261,1.6184498,-0.08096236,-0.78806949,-0.61023962,0
2.5521789,-0.32145989,0.8958813,0.08096236,0.78806949,0.61023962,0
3.5669787,-0.068295956,-0.96173501,0.99002928,-0.13439213,0.042204857,0
3.3270402,-1.2122118,1.0241005,0.99002928,-0.13439213,0.042204857,0
1.6605442,1.603773,-2.3323963,0.11527205,0.60073793,-0.7910921,0
-3.4262161,0.54374266,-0.82625723,-0.99002928,0.13439213,-0.042204857,0
2.6885815,-1.7514046,1.0857269,-0.08096236,-0.78806949,-0.61023962,0
0.061041355,2.2373643,-2.0843279,0.11527205,0.60073793,-0.7910921,0
-2.5655587,0.094501555,-0.60100985,-0.08096236,-0.78806949,-0.61023962,0
3.3701942,1.6509805,-2.0474312,0.11527205,0.60073793,-0.7910921,0
2.0003481,-1.7956877,1.2342246,-0.08096236,-0.78806949,-0.61023962,0
3.2356784,-1.6389543,1.8083644,0.99002928,-0.13439213,0.042204857,0
1.355397,-1.5585533,2.6522563,0.08096236,0.78806949,0.61023962,0
-0.58542907,-0.27715522,1.2549424,0.08096236,0.78806949,0.61023962,0
3.0236144,-0.92362624,1.6109775,0.08096236,0.78806949,0.61023962,0
-1.3708243,-2.0473766,2.0065224,-0.08096236,-0.78806949,-0.61023962,0
-2.6815052,0.12792969,1.0099051,0.08096236,0.78806949,0.61023962,0
-2.9429445,-1.7415004,1.8200893,-0.08096236,-0.78806949,-0.61023962,0
0.86464691,1.0336109,-2.2688811,-0.08096236,-0.78806949,-0.61023962,0
1.4555272,-2.3419976,2.2258544,-0.11527205,-0.60073793,0.7910921,0
3.3961399,-0.85478836,0.54132748,0.99002928,-0.13439213,0.042204857,0
3.8021271,1.3194561,-2.058779,0.99002928,-0.13439213,0.042204857,0
-0.61370605,1.1203487,-0.54605567,0.08096236,0.78806949,0.61023962,0
-3.1660697,-1.4064023,2.2629015,-0.11527205,-0.60073793,0.7910921,0
2.5202386,0.36452699,-1.6244729,-0.08096236,-0.78806949,-0.61023962,0
2.2910786,-0.31103021,0.9170531,0.08096236,0.78806949,0.61023962,0
3.20979,-1.8036344,1.8912561,0.99002928,-0.13439213,0.042204857,0
-0.45984292,-1.4263144,2.6421111,-0.11527205,-0.60073793,0.7910921,0
3.3339477,-1.1754942,0.97898865,0.99002928,-0.13439213,0.042204857,0
3.5067108,-0.22736448,-0.054518223,0.99002928,-0.13439213,0.042204857,0
-3.181633,2.123322,-1.5337884,-0.99002928,0.13439213,-0.042204857,0
-3.5221472,-1.5062693,2.1351802,-0.11527205,-0.60073793,0.7910921,0
3.3937254,-0.79521728,0.78764963,0.99002928,-0.13439213,0.042204857,0
2.8220396,1.6219606,-2.1493411,0.11527205,0.60073793,-0.7910921,0
-3.4169755,-1.3227127,2.2898936,-0.11527205,-0.60073793,0.7910921,0
0.79103303,-1.9513191,2.4257019,-0.11527205,-0.60073793,0.7910921,0
3.1700583,-2.0197933,2.1349587,0.99002928,-0.13439213,0.042204857,0
0.91036963,1.744323,-2.3349752,0.11527205,0.60073793,-0.7910921,0
-3.2097583,1.8875319,-1.624845,-0.99002928,0.13439213,-0.042204857,0
-3.4332507,0.55870116,-0.61360431,-0.99002928,0.13439213,-0.042204857,0
2.5492752,0.18649836,0.24028444,0.08096236,0.78806949,0.61023962,0
3.7621474,1.0675462,-1.9230912,0.99002928,-0.13439213,0.042204857,0
-2.2032814,1.4557221,-2.4069674,-0.08096236,-0.78806949,-0.61023962,0
3.4832149,-0.35798049,0.080728531,0.99002928,-0.13439213,0.042204857,0
-3.822243,-1.5272419,1.8690007,-0.99002928,0.13439213,-0.042204857,0
-0.75398427,1.2207425,-0.65709424,0.08096236,0.78806949,0.61023962,0
-1.4053476,0.68640929,0.11936736,0.08096236,0.78806949,0.61023962,0
-3.2443719,1.5235596,-1.9718795,-0.99002928,0.13439213,-0.042204857,0
2.6068606,-2.0462992,2.6181643,-0.11527205,-0.60073793,0.7910921,0
-0.63460898,2.3212876,-2.121963,0.11527205,0.60073793,-0.7910921,0
-3.2546215,1.4512528,-1.9616933,-0.99002928,0.13439213,-0.042204857,0
3.5581784,-0.12597525,-0.93897223,0.99002928,-0.13439213,0.042204857,0
3.234108,-0.13553415,0.56530142,0.08096236,0.78806949,0.61023962,0
3.7444639,1.0063918,-1.7030244,0.99002928,-0.13439213,0.042204857,0
-3.4821932,0.41214603,0.067795992,-0.99002928,0.13439213,-0.042204857,0
3.7775588,1.0769334,-2.2547183,0.99002928,-0.13439213,0.042204857,0
-2.430418,-1.2587688,2.4822044,-0.11527205,-0.60073793,0.7910921,0
-0.75603056,1.6657323,-2.63747,0.11527205,0.60073793,-0.7910921,0
3.7136898,0.77056152,-1.7320662,0.99002928,-0.13439213,0.042204857,0
1.0046813,-1.0987411,0.46627939,-0.08096236,-0.78806949,-0.61023962,0
-3.7634375,-1.203236,1.521291,-0.99002928,0.13439213,-0.042204857,0
-2.1541128,1.7476776,-2.77896,0.11527205,0.60073793,-0.7910921,0
0.82951927,-2.0577948,2.3504543,-0.11527205,-0.60073793,0.7910921,0
2.0114384,0.52091384,-0.12022638,0.08096236,0.78806949,0.61023962,0
-3.53075,0.1984266,0.52627516,-0.99002928,0.13439213,-0.042204857,0
-1.3620249,-1.0055305,0.65990508,-0.08096236,-0.78806949,-0.61023962,0
-0.28718328,-1.5515268,2.5721858,-0.11527205,-0.60073793,0.7910921,0
-1.2069852,-1.0178472,2.2939427,0.08096236,0.78806949,0.61023962,0
3.5049062,-0.25773513,-0.10889053,0.99002928,-0.13439213,0.042204857,0
3.2285206,-1.5707642,2.1934004,0.99002928,-0.13439213,0.042204857,0
-3.3303213,0.19458699,1.0099039,0.08096236,0.78806949,0.61023962,0
3.6503925,0.66944307,-0.56927061,0.99002928,-0.13439213,0.042204857,0
0.76556504,-1.5467905,1.0766189,-0.08096236,-0.78806949,-0.61023962,0
-2.8361721,2.4420235,-2.3510733,0.11527205,0.60073793,-0.7910921,0
1.3644016,1.5435278,-1.3549956,0.08096236,0.78806949,0.61023962,0
-1.2500682,-1.6451683,2.3607726,-0.11527205,-0.60073793,0.7910921,0
0.27716449,-0.41846043,-0.31571925,-0.08096236,-0.78806949,-0.61023962,0
3.3094635,-1.2715511,1.2474542,0.99002928,-0.13439213,0.042204857,0
3.5650647,-0.10209584,-1.0244701,0.99002928,-0.13439213,0.042204857,0
-3.5131302,0.10970992,-0.16954279,-0.99002928,0.13439213,-0.042204857,0
-0.48488331,-1.7255294,2.4112451,-0.11527205,-0.60073793,0.7910921,0
-3.2416883,1.5369779,-1.9921074,-0.99002928,0.13439213,-0.042204857,0
0.63869143,1.3302187,-2.6219449,-0.08096236,-0.78806949,-0.61023962,0
-3.5181949,0.087924123,-0.12010288,-0.99002928,0.13439213,-0.042204857,0
2.6929417,-2.0625224,1.4869286,-0.08096236,-0.78806949,-0.61023962,0
-0.72320539,0.61969054,0.11502653,0.08096236,0.78806949,0.61023962,0
2.9963636,1.5112443,-2.2080152,0.11527205,0.60073793,-0.7910921,0
0.54774952,-1.0261325,2.071836,0.08096236,0.78806949,0.61023962,0
3.3071966,-1.4457227,0.74602318,0.99002928,-0.13439213,0.042204857,0
-0.71539283,-2.0759845,1.9565084,-0.08096236,-0.78806949,-0.61023962,0
3.4915273,-0.4711051,-0.47448444,0.99002928,-0.13439213,0.042204857,0
-2.9852121,1.9452825,-2.7500045,0.11527205,0.60073793,-0.7910921,0
3.5856407,0.32890409,-0.13471913,0.99002928,-0.13439213,0.042204857,0
0.86867762,1.7164805,-2.3621931,0.11527205,0.60073793,-0.7910921,0
-0.17941833,1.7182308,-2.5135841,0.11527205,0.60073793,-0.7910921,0
-3.5144999,0.06886524,-0.26747584,-0.99002928,0.13439213,-0.042204857,0
-1.4504761,-0.23719949,1.3181117,0.08096236,0.78806949,0.61023962,0
-1.919788,2.1331041,-2.4521317,0.11527205,0.60073793,-0.7910921,0
-3.6243768,-0.48867759,0.53460002,-0.99002928,0.13439213,-0.042204857,0
3.2139363,-1.9008301,1.4845001,0.99002928,-0.13439213,0.042204857,0
-3.6253223,-0.27285695,1.2440026,-0.99002928,0.13439213,-0.042204857,0
-2.337851,1.1132452,-1.9468356,-0.08096236,-0.78806949,-0.61023962,0
3.5609865,0.023225904,-0.52974224,0.99002928,-0.13439213,0.042204857,0
-2.8983335,2.3053932,-1.7733243,0.08096236,0.78806949,0.61023962,0
1.9269779,1.4984617,-2.3735447,0.11527205,0.60073793,-0.7910921,0
-1.3178446,2.3784864,-2.1780834,0.11527205,0.60073793,-0.7910921,0
3.1510499,-2.282876,1.7431239,0.99002928,-0.13439213,0.042204857,0
3.3890209,-0.84893149,0.7269671,0.99002928,-0.13439213,0.042204857,0
-2.7606001,-0.86511225,2.3028224,0.08096236,0.78806949,0.61023962,0
-3.2863107,1.2321242,-1.9161097,-0.99002928,0.13439213,-0.042204857,0
1.8766072,1.2896006,-2.5394888,0.11527205,0.60073793,-0.7910921,0
2.7780817,-0.60625315,-0.40500641,-0.08096236,-0.78806949,-0.61023962,0
-3.1347358,2.2793841,-2.1369319,-0.99002928,0.13439213,-0.042204857,0
-0.69039321,1.7996111,-2.5262411,0.11527205,0.60073793,-0.7910921,0
2.8394067,-2.5414238,2.2760623,-0.11527205,-0.60073793,0.7910921,0
-3.6351652,-1.3678193,2.2238479,-0.11527205,-0.60073793,0.7910921,0
3.2929649,1.6543258,-1.7539494,0.08096236,0.78806949,0.61023962,0
3.2047322,-1.8416135,1.8889656,0.99002928,-0.13439213,0.042204857,0
-0.4228723,-1.7350955,1.4774717,-0.08096236,-0.78806949,-0.61023962,0
0.97286075,-1.3960316,0.85442507,-0.08096236,-0.78806949,-0.61023962,0
0.70562077,1.8151352,-2.3110361,0.11527205,0.60073793,-0.7910921,0
-3.3289371,1.3612515,-0.50502205,-0.99002928,0.13439213,-0.042204857,0
3.5455947,0.11196962,0.11389446,0.99002928,-0.13439213,0.042204857,0
1.9117367,1.0904108,-2.481154,-0.08096236,-0.78806949,-0.61023962,0
1.1544654,1.5698999,-2.4318607,0.11527205,0.60073793,-0.7910921,0
-3.0959997,2.5280774,-2.2536795,-0.99002928,0.13439213,-0.042204857,0
-2.618314,-1.5895329,2.2036512,-0.11527205,-0.60073793,0.7910921,0
-2.9102077,1.8641663,-1.2019444,0.08096236,0.78806949,0.61023962,0
3.0552073,0.10034049,-1.3542757,-0.08096236,-0.78806949,-0.61023962,0
0.73887706,-1.8972454,2.4591644,-0.11527205,-0.60073793,0.7910921,0
3.4432251,-0.43004224,0.78931785,0.99002928,-0.13439213,0.042204857,0
-0.76101828,-1.7080057,2.384316,-0.11527205,-0.60073793,0.7910921,0
2.7491183,0.23912776,-1.492897,-0.08096236,-0.78806949,-0.61023962,0
-3.3328471,1.0123641,-1.5242547,-0.99002928,0.13439213,-0.042204857,0
0.71862793,1.6320944,-2.4481382,0.11527205,0.60073793,-0.7910921,0
-3.1255894,2.2160246,-2.5532346,-0.99002928,0.13439213,-0.042204857,0
-2.0612891,1.1266947,-0.36219525,0.08096236,0.78806949,0.61023962,0
-0.88954568,-0.94425362,0.51808619,-0.08096236,-0.78806949,-0.61023962,0
1.0532998,0.18267098,0.443703,0.08096236,0.78806949,0.61023962,0
-3.6681561,-0.43508697,1.7322092,-0.99002928,0.13439213,-0.042204857,0
0.76210618,-2.2198312,2.2175846,-0.11527205,-0.60073793,0.7910921,0
3.5809302,0.27370995,-0.19997883,0.99002928,-0.13439213,0.042204857,0
-3.746587,-0.9390316,1.9673212,-0.99002928,0.13439213,-0.042204857,0
-3.4933023,0.28514069,-0.076036215,-0.99002928,0.13439213,-0.042204857,0
-3.6984529,-0.65569144,1.740438,-0.99002928,0.13439213,-0.042204857,0
-2.0655477,-1.8263006,2.1043994,-0.11527205,-0.60073793,0.7910921,0
1.2456319,1.3508104,-2.5849481,0.11527205,0.60073793,-0.7910921,0
-0.91279888,2.2325156,-2.2299101,0.11527205,0.60073793,-0.7910921,0
1.9741237,-2.1042864,2.4819326,-0.11527205,-0.60073793,0.7910921,0
-3.627821,-0.44243473,0.76263857,-0.99002928,0.13439213,-0.042204857,0
0.41674781,1.7119358,-2.4314959,0.11527205,0.60073793,-0.7910921,0
2.6897752,-0.20883553,0.73218155,0.08096236,0.78806949,0.61023962,0
1.8930094,-1.5961838,2.6295257,0.08096236,0.78806949,0.61023962,0
-1.4151816,-1.4570823,2.4795418,-0.11527205,-0.60073793,0.7910921,0
-1.665676,2.1299808,-2.4174759,0.11527205,0.60073793,-0.7910921,0
-3.1981153,2.0333965,-1.4334936,-0.99002928,0.13439213,-0.042204857,0
3.4203362,1.4080888,-2.2245712,0.11527205,0.60073793,-0.7910921,0
-3.0001533,-1.6848638,1.7545381,-0.08096236,-0.78806949,-0.61023962,0
0.515962,-0.92735058,1.9484856,0.08096236,0.78806949,0.61023962,0
-1.2183901,0.24606252,-0.97547036,-0.08096236,-0.78806949,-0.61023962,0
2.5119138,-2.5763006,2.201858,-0.11527205,-0.60073793,0.7910921,0
3.6322966,0.40689838,-0.980793,0.99002928,-0.13439213,0.042204857,0
0.014052153,1.7246242,-2.4805384,0.11527205,0.60073793,-0.7910921,0
-3.4052219,0.7078684,-0.79611111,-0.99002928,0.13439213,-0.042204857,0
-2.2010379,1.9639816,-2.6215408,0.11527205,0.60073793,-0.7910921,0
-1.2774618,0.42133272,-1.1939788,-0.08096236,-0.78806949,-0.61023962,0
2.0897045,0.51777393,-1.7652568,-0.08096236,-0.78806949,-0.61023962,0
1.5418495,-0.40242624,1.1344856,0.08096236,0.78806949,0.61023962,0
0.48957422,-0.31742579,-0.47437748,-0.08096236,-0.78806949,-0.61023962,0
3.3888321,1.441103,-1.4913104,0.08096236,0.78806949,0.61023962,0
3.3050945,1.4763174,-2.1895521,0.11527205,0.60073793,-0.7910921,0
-2.4994106,-1.2922729,2.4467089,-0.11527205,-0.60073793,0.7910921,0
-3.7962756,-1.3798437,1.7292256,-0.99002928,0.13439213,-0.042204857,0
3.511435,-0.12972629,0.14556956,0.99002928,-0.13439213,0.042204857,0
3.5433288,-0.23087215,-0.92464733,0.99002928,-0.13439213,0.042204857,0
3.5444806,0.022297502,-0.14551234,0.99002928,-0.13439213,0.042204857,0
-0.25325149,0.36331362,0.3837637,0.08096236,0.78806949,0.61023962,0
3.4467864,-0.42661041,0.71671414,0.99002928,-0.13439213,0.042204857,0
0.1862824,-2.0674181,2.2494195,-0.11527205,-0.60073793,0.7910921,0
1.2333724,0.17833976,0.42540562,0.08096236,0.78806949,0.61023962,0
3.4268334,-0.51555741,0.90152693,0.99002928,-0.13439213,0.042204857,0
-1.4602776,-0.61833578,0.17291367,-0.08096236,-0.78806949,-0.61023962,0
-1.531013,1.270417,-2.2568545,-0.08096236,-0.78806949,-0.61023962,0
1.8080349,1.8166255,-1.7665342,0.08096236,0.78806949,0.61023962,0
-3.5269251,-1.5301546,2.1163461,-0.11527205,-0.60073793,0.7910921,0
-0.66474199,-1.7466166,2.3690243,-0.11527205,-0.60073793,0.7910921,0
3.6170969,1.299579,-2.2783012,0.11527205,0.60073793,-0.7910921,0
3.505142,-0.27777183,-0.17822814,0.99002928,-0.13439213,0.042204857,0
-3.1249242,2.3217824,-2.2320833,-0.99002928,0.13439213,-0.042204857,0
1.7568126,-1.8495603,2.6437011,-0.11527205,-0.60073793,0.7910921,0
-0.49186999,1.1561588,-0.60846567,0.08096236,0.78806949,0.61023962,0
-3.3228197,1.3885961,-0.56144619,-0.99002928,0.13439213,-0.042204857,0
-2.2799203,2.0993874,-2.5302112,0.11527205,0.60073793,-0.7910921,0
-2.6269267,-1.6020865,2.1928635,-0.11527205,-0.60073793,0.7910921,0
-3.7920146,-1.3696684,1.6616745,-0.99002928,0.13439213,-0.042204857,0
-0.72959828,1.6805109,-1.2540784,0.08096236,0.78806949,0.61023962,0
-3.6493323,-0.64728242,0.61496139,-0.99002928,0.13439213,-0.042204857,0
-1.2828262,-1.843709,2.2052321,-0.11527205,-0.60073793,0.7910921,0
-0.36989164,1.6388807,-2.6015952,0.11527205,0.60073793,-0.7910921,0
0.36349034,-1.9148594,2.3910904,-0.11527205,-0.60073793,0.7910921,0
3.1626925,-2.1987071,1.7380353,0.99002928,-0.13439213,0.042204857,0
-1.2567153,2.1513536,-2.3416557,0.11527205,0.60073793,-0.7910921,0
-3.2080693,1.6850424,-2.3092484,-0.99002928,0.13439213,-0.042204857,0
0.22722197,2.1482718,-2.1277683,0.11527205,0.60073793,-0.7910921,0
-0.88865221,-1.3731114,1.0717986,-0.08096236,-0.78806949,-0.61023962,0
-3.5053782,0.22841811,0.026619196,-0.99002928,0.13439213,-0.042204857,0
