-4.4482698,0.36768651,-2.2504787,-0.83824623,-0.36759204,-0.40276486,0
-2.7648211,-4.0375199,-0.51654625,-0.45914477,0.077353477,0.88498741,0
3.2942286,3.6958089,0.94366789,0.83824623,0.36759204,0.40276486,0
-4.5070977,0.8251372,-2.5455463,-0.83824623,-0.36759204,-0.40276486,0
-2.7085459,-2.5229278,-0.61973453,-0.45914477,0.077353477,0.88498741,0
-1.6868503,-1.9337633,-0.14116025,-0.45914477,0.077353477,0.88498741,0
2.6919413,-0.83262253,0.90441614,0.45914477,-0.077353477,-0.88498741,0
0.25202298,3.182704,-0.53299427,-0.29415894,0.92676467,-0.23361912,0
-1.6612496,-0.32076168,-0.26886469,-0.45914477,0.077353477,0.88498741,0
0.76151848,-2.9279132,0.26755714,0.29415894,-0.92676467,0.23361912,0
2.9717889,4.3136468,1.0508552,0.83824623,0.36759204,0.40276486,0
1.0981705,-0.91267771,0.084541306,0.45914477,-0.077353477,-0.88498741,0
0.66528797,3.4179029,-0.12032151,-0.29415894,0.92676467,-0.23361912,0
1.8104448,1.7132165,0.22456002,0.45914477,-0.077353477,-0.88498741,0
0.56614947,-2.8120954,0.97300172,0.29415894,-0.92676467,0.23361912,0
-3.3094368,-3.5336738,-1.0599926,-0.83824623,-0.36759204,-0.40276486,0
-3.0318213,-3.3187017,-1.8339725,-0.83824623,-0.36759204,-0.40276486,0
2.2095692,2.6294799,0.35154486,0.45914477,-0.077353477,-0.88498741,0
-2.2837987,2.0389521,-1.8772932,-0.29415894,0.92676467,-0.23361912,0
-3.6039848,0.54061234,-1.3520745,-0.45914477,0.077353477,0.88498741,0
-2.9282882,0.33130762,-2.1131783,0.45914477,-0.077353477,-0.88498741,0
-3.2970109,-2.6795239,-1.8654118,-0.83824623,-0.36759204,-0.40276486,0
-0.37750423,1.6543926,-0.90543908,0.45914477,-0.077353477,-0.88498741,0
2.8443766,0.51696706,0.86553907,0.45914477,-0.077353477,-0.88498741,0
3.3022704,0.85621858,2.2034085,-0.45914477,0.077353477,0.88498741,0
2.3579712,-0.43895864,1.8266984,-0.45914477,0.077353477,0.88498741,0
-0.27182329,2.2295732,0.22907507,-0.45914477,0.077353477,0.88498741,0
2.0874212,2.0107546,0.34225273,0.45914477,-0.077353477,-0.88498741,0
2.5564506,-1.9315481,1.960057,0.29415894,-0.92676467,0.23361912,0
2.5020242,3.1863773,1.5845582,-0.45914477,0.077353477,0.88498741,0
-3.3506236,1.6257296,-2.1732612,-0.29415894,0.92676467,-0.23361912,0
-2.8640947,-4.0539269,-1.5120308,-0.83824623,-0.36759204,-0.40276486,0
-2.6080499,-4.3565235,-1.1569681,0.29415894,-0.92676467,0.23361912,0
0.42720008,2.6062629,-0.57114589,0.45914477,-0.077353477,-0.88498741,0
-4.285964,-0.39654136,-1.8907859,-0.83824623,-0.36759204,-0.40276486,0
4.7861848,-1.1911272,2.0897527,0.29415894,-0.92676467,0.23361912,0
-1.9516978,-2.8637722,-1.3272383,0.45914477,-0.077353477,-0.88498741,0
-0.38738632,-0.90077412,0.44273135,-0.45914477,0.077353477,0.88498741,0
-0.7024219,2.9125655,-0.40285265,-0.29415894,0.92676467,-0.23361912,0
2.4931366,-2.008929,1.7328091,0.29415894,-0.92676467,0.23361912,0
-1.0505085,2.7483063,-0.61617714,-0.29415894,0.92676467,-0.23361912,0
-3.669826,-2.0945511,-1.6233861,-0.83824623,-0.36759204,-0.40276486,0
-3.6931443,-2.4819295,-1.2213056,-0.83824623,-0.36759204,-0.40276486,0
-3.1868811,0.50926876,-1.1329352,-0.45914477,0.077353477,0.88498741,0
-3.5970454,-2.2730985,-1.6119037,-0.83824623,-0.36759204,-0.40276486,0
-3.0382273,-4.1154499,-1.0934715,-0.83824623,-0.36759204,-0.40276486,0
-3.4531717,1.7756811,-1.4492831,-0.29415894,0.92676467,-0.23361912,0
2.653991,-0.288845,1.9671571,-0.45914477,0.077353477,0.88498741,0
-3.7795157,1.5837874,-1.79961,-0.29415894,0.92676467,-0.23361912,0
-1.6624955,2.4479475,-1.0371202,-0.29415894,0.92676467,-0.23361912,0
-3.4289513,-2.3942151,-1.8512063,-0.83824623,-0.36759204,-0.40276486,0
-1.9615529,2.1813529,-1.7181431,-0.29415894,0.92676467,-0.23361912,0
3.1934652,3.7354593,0.76533508,0.45914477,-0.077353477,-0.88498741,0
-1.4354088,-3.7396059,-0.18618107,0.29415894,-0.92676467,0.23361912,0
1.3276904,3.8606381,0.80194736,-0.29415894,0.92676467,-0.23361912,0
1.1133554,2.8849196,0.89044523,-0.45914477,0.077353477,0.88498741,0
3.1565688,-1.6929407,2.1509776,0.29415894,-0.92676467,0.23361912,0
3.5434289,2.4738131,1.5403056,0.83824623,0.36759204,0.40276486,0
3.4175341,-1.8005527,1.3954899,0.29415894,-0.92676467,0.23361912,0
-2.1393836,1.2613165,-1.7851712,0.45914477,-0.077353477,-0.88498741,0
2.4077513,3.9834974,0.33601451,0.45914477,-0.077353477,-0.88498741,0
-3.8081326,-1.0571244,-2.2823675,-0.83824623,-0.36759204,-0.40276486,0
-4.1363153,0.12660289,-2.6796966,-0.83824623,-0.36759204,-0.40276486,0
-1.1598909,-3.5466223,0.23246646,0.29415894,-0.92676467,0.23361912,0
-2.0503058,1.9509718,-0.66927671,-0.45914477,0.077353477,0.88498741,0
-0.10741762,-0.28068179,0.53378338,-0.45914477,0.077353477,0.88498741,0
0.4397049,3.3777354,0.0043742657,-0.29415894,0.92676467,-0.23361912,0
-3.3098094,-1.5948846,-2.1427553,0.45914477,-0.077353477,-0.88498741,0
-4.1682472,-0.9789449,-1.5120037,-0.45914477,0.077353477,0.88498741,0
-3.1472449,-0.65453339,-1.0106474,-0.45914477,0.077353477,0.88498741,0
4.1864986,-0.12960434,2.5779941,0.83824623,0.36759204,0.40276486,0
4.6598043,-1.0899172,2.4693851,0.83824623,0.36759204,0.40276486,0
0.71051526,3.4817128,0.075864792,-0.29415894,0.92676467,-0.23361912,0
4.7169027,-0.98313081,2.2530904,0.83824623,0.36759204,0.40276486,0
2.4612136,0.22322804,1.8223828,-0.45914477,0.077353477,0.88498741,0
-4.4266548,0.24204409,-2.1807945,-0.83824623,-0.36759204,-0.40276486,0
-3.7585731,-1.2648009,-2.1959715,-0.83824623,-0.36759204,-0.40276486,0
-2.2640581,2.1711993,-1.3775252,-0.29415894,0.92676467,-0.23361912,0
1.1873722,2.4712875,-0.16495943,0.45914477,-0.077353477,-0.88498741,0
-3.7503669,1.4848194,-2.2289176,-0.29415894,0.92676467,-0.23361912,0
4.1231637,-1.3239963,2.3974979,0.29415894,-0.92676467,0.23361912,0
2.616962,4.0879703,0.4354248,0.45914477,-0.077353477,-0.88498741,0
-0.36188829,-0.34246555,-0.7227993,0.45914477,-0.077353477,-0.88498741,0
-3.0055385,-4.2188101,-1.0671721,-0.83824623,-0.36759204,-0.40276486,0
3.8751411,0.71058494,2.4591835,0.83824623,0.36759204,0.40276486,0
-1.5309975,-2.3816516,-1.151113,0.45914477,-0.077353477,-0.88498741,0
1.813414,-2.3225639,1.3444873,0.29415894,-0.92676467,0.23361912,0
-2.3083889,-1.632829,-1.6198874,0.45914477,-0.077353477,-0.88498741,0
4.3233099,-0.33451426,2.4802735,0.83824623,0.36759204,0.40276486,0
4.1283622,-1.2589462,2.6490057,0.29415894,-0.92676467,0.23361912,0
-1.4198076,-0.93832129,-0.089622378,-0.45914477,0.077353477,0.88498741,0
3.0732429,3.6358774,1.4582872,0.83824623,0.36759204,0.40276486,0
3.5045457,2.9712386,1.1672442,0.83824623,0.36759204,0.40276486,0
3.0219753,-1.7257338,2.1903598,0.29415894,-0.92676467,0.23361912,0
0.84016132,-2.8419538,0.50953531,0.29415894,-0.92676467,0.23361912,0
-4.6948595,0.88739872,-2.2115948,-0.83824623,-0.36759204,-0.40276486,0
-3.1864531,-3.4234576,-1.4165411,-0.83824623,-0.36759204,-0.40276486,0
-2.7215247,-0.72275913,-1.9137739,0.45914477,-0.077353477,-0.88498741,0
2.7369182,4.4215193,1.2525406,-0.29415894,0.92676467,-0.23361912,0
4.3353133,-0.61299849,2.7094562,0.83824623,0.36759204,0.40276486,0
2.0596554,-0.065382957,0.50931525,0.45914477,-0.077353477,-0.88498741,0
-3.9849412,-0.49370933,-2.4286003,-0.83824623,-0.36759204,-0.40276486,0
-3.607697,1.4815555,-2.4215071,-0.29415894,0.92676467,-0.23361912,0
-1.3771566,-3.1346927,-1.0054774,0.45914477,-0.077353477,-0.88498741,0
1.6795552,3.9668257,0.7801466,-0.29415894,0.92676467,-0.23361912,0
-3.20333,-2.898433,-1.8605907,-0.83824623,-0.36759204,-0.40276486,0
2.463604,-2.051013,1.6030476,0.29415894,-0.92676467,0.23361912,0
-1.9032125,-4.0459952,-0.81259418,0.29415894,-0.92676467,0.23361912,0
-1.6189482,2.571264,-0.60275728,-0.29415894,0.92676467,-0.23361912,0
4.2987967,-0.22429371,2.4306955,0.83824623,0.36759204,0.40276486,0
3.8535995,1.2938948,1.3212309,0.45914477,-0.077353477,-0.88498741,0
3.7778611,1.303625,2.1203949,0.83824623,0.36759204,0.40276486,0
-3.1806774,-4.0252471,-0.87932539,-0.83824623,-0.36759204,-0.40276486,0
-4.1222105,0.31452882,-2.7311366,0.45914477,-0.077353477,-0.88498741,0
-4.4669547,0.23455739,-2.0900879,-0.83824623,-0.36759204,-0.40276486,0
4.7228746,-1.1432219,2.3595088,0.29415894,-0.92676467,0.23361912,0
-1.906565,2.3570857,-1.0902498,-0.29415894,0.92676467,-0.23361912,0
-2.5849166,-4.356822,-1.1872807,0.29415894,-0.92676467,0.23361912,0
-3.3020775,0.78171241,-2.3464739,0.45914477,-0.077353477,-0.88498741,0
4.0583544,1.3813583,1.4656796,0.83824623,0.36759204,0.40276486,0
0.69802547,-2.7495487,1.055073,0.29415894,-0.92676467,0.23361912,0
-3.2746401,-0.74044514,-2.1991928,0.45914477,-0.077353477,-0.88498741,0
3.9766545,1.6378094,1.3550136,0.45914477,-0.077353477,-0.88498741,0
-3.5179539,-2.9465857,-1.161839,-0.83824623,-0.36759204,-0.40276486,0
-2.5064924,2.15764,-1.1260576,-0.29415894,0.92676467,-0.23361912,0
4.4392099,-1.2132053,2.4390595,0.29415894,-0.92676467,0.23361912,0
-3.5300627,-2.5807717,-1.4705052,-0.83824623,-0.36759204,-0.40276486,0
-4.0058413,1.3881888,-2.2905726,-0.29415894,0.92676467,-0.23361912,0
-2.2384672,-1.563063,-0.45974874,-0.45914477,0.077353477,0.88498741,0
0.80638123,3.6395304,0.5812161,-0.29415894,0.92676467,-0.23361912,0
4.5941167,-0.45746446,2.0288751,0.83824623,0.36759204,0.40276486,0
-3.6435902,-2.4459791,-1.35725,-0.83824623,-0.36759204,-0.40276486,0
0.79846883,3.4686615,-0.086655855,-0.29415894,0.92676467,-0.23361912,0
0.65493464,-2.9728327,0.22356546,0.29415894,-0.92676467,0.23361912,0
2.0794008,-2.3940189,0.72611254,0.29415894,-0.92676467,0.23361912,0
-2.8751307,-1.0354509,-1.966136,0.45914477,-0.077353477,-0.88498741,0
2.490977,-1.2153227,1.9635631,-0.45914477,0.077353477,0.88498741,0
-3.4875174,-2.7551687,-1.399884,-0.83824623,-0.36759204,-0.40276486,0
4.4061565,-1.2467835,2.3474731,0.29415894,-0.92676467,0.23361912,0
3.5662646,1.671288,2.2252209,0.83824623,0.36759204,0.40276486,0
2.757818,1.8297708,1.8358438,-0.45914477,0.077353477,0.88498741,0
4.4080935,-0.26728535,2.2424607,0.83824623,0.36759204,0.40276486,0
3.353441,2.6104512,1.8110085,0.83824623,0.36759204,0.40276486,0
4.1325226,-0.073001146,2.6386695,0.83824623,0.36759204,0.40276486,0
3.470855,2.0079682,2.1165118,0.83824623,0.36759204,0.40276486,0
0.88157105,-2.7451582,0.84138089,0.29415894,-0.92676467,0.23361912,0
3.3274422,2.9098871,1.5918312,0.83824623,0.36759204,0.40276486,0
-3.1882839,-1.6325051,-0.94645834,-0.45914477,0.077353477,0.88498741,0
0.33823824,3.1975968,-0.58247209,-0.29415894,0.92676467,-0.23361912,0
-3.605433,1.5876105,-2.0036387,-0.29415894,0.92676467,-0.23361912,0
1.2663357,-1.5875006,0.23077154,0.45914477,-0.077353477,-0.88498741,0
4.5891161,-1.0456352,2.5760899,0.83824623,0.36759204,0.40276486,0
0.86952829,3.5835001,0.27943492,-0.29415894,0.92676467,-0.23361912,0
1.2969835,-2.5915141,0.92782307,0.29415894,-0.92676467,0.23361912,0
2.6629939,4.4675813,1.5283513,-0.29415894,0.92676467,-0.23361912,0
-4.3560109,0.009376049,-2.1154704,-0.83824623,-0.36759204,-0.40276486,0
3.8089778,1.7393446,1.6579647,0.83824623,0.36759204,0.40276486,0
-3.8490276,-1.8143096,-1.5061941,-0.83824623,-0.36759204,-0.40276486,0
-3.4785423,1.5209347,-2.4279137,-0.29415894,0.92676467,-0.23361912,0
0.81435853,1.4887248,-0.27260232,0.45914477,-0.077353477,-0.88498741,0
4.1044383,0.52598429,2.1504433,0.83824623,0.36759204,0.40276486,0
0.11620069,-2.9830549,0.86135423,0.29415894,-0.92676467,0.23361912,0
3.2159967,-1.2628553,1.213909,0.45914477,-0.077353477,-0.88498741,0
2.810679,4.3780494,1.3273849,0.83824623,0.36759204,0.40276486,0
-2.2651727,1.082001,-0.70479941,-0.45914477,0.077353477,0.88498741,0
3.6694646,1.9834358,1.7255499,0.83824623,0.36759204,0.40276486,0
-4.0873532,0.0057514906,-2.6713009,-0.83824623,-0.36759204,-0.40276486,0
0.10139567,0.90194726,-0.59121019,0.45914477,-0.077353477,-0.88498741,0
0.57196569,-2.940032,0.45815492,0.29415894,-0.92676467,0.23361912,0
2.0725832,1.0067438,0.42231166,0.45914477,-0.077353477,-0.88498741,0
-0.13204682,-0.069947213,-0.62737393,0.45914477,-0.077353477,-0.88498741,0
2.9869049,4.0986681,1.215601,0.83824623,0.36759204,0.40276486,0
-1.4813607,2.0640395,-1.5139421,0.45914477,-0.077353477,-0.88498741,0
-0.55431747,-1.8672473,0.44060087,-0.45914477,0.077353477,0.88498741,0
0.10976291,2.6728582,-0.74165785,0.45914477,-0.077353477,-0.88498741,0
-4.0671597,-0.68010449,-1.485678,-0.45914477,0.077353477,0.88498741,0
-3.2061467,1.8794014,-1.2626886,-0.45914477,0.077353477,0.88498741,0
-4.0850735,-0.58014226,-2.1413171,-0.83824623,-0.36759204,-0.40276486,0
-1.6222267,-3.9663496,-0.85044169,0.29415894,-0.92676467,0.23361912,0
0.98659027,0.59271365,-0.10492897,0.45914477,-0.077353477,-0.88498741,0
-3.5797384,-2.8198242,-1.1489425,-0.83824623,-0.36759204,-0.40276486,0
3.468699,2.1335735,2.0063624,0.83824623,0.36759204,0.40276486,0
-1.3459771,-3.7713139,-0.42457342,0.29415894,-0.92676467,0.23361912,0
3.3609152,1.72349,2.1580288,-0.45914477,0.077353477,0.88498741,0
-3.3320098,-2.5433843,-0.94140911,-0.45914477,0.077353477,0.88498741,0
-1.5695256,1.321223,-0.36479664,-0.45914477,0.077353477,0.88498741,0
3.2313888,3.2137043,1.5144551,0.83824623,0.36759204,0.40276486,0
0.50550723,3.4658351,0.27101088,-0.29415894,0.92676467,-0.23361912,0
0.78175581,-1.3621525,-0.040332615,0.45914477,-0.077353477,-0.88498741,0
3.6969709,0.34263957,2.4530749,-0.45914477,0.077353477,0.88498741,0
3.7743921,1.898106,1.5850496,0.83824623,0.36759204,0.40276486,0
-3.7075813,-2.4023438,-1.2638943,-0.83824623,-0.36759204,-0.40276486,0
1.9360648,-2.2639723,1.4224861,0.29415894,-0.92676467,0.23361912,0
-3.2567716,-0.33134854,-1.0957201,-0.45914477,0.077353477,0.88498741,0
4.4240756,0.047754407,1.9216719,0.83824623,0.36759204,0.40276486,0
-4.2748227,1.2073715,-2.6691883,-0.29415894,0.92676467,-0.23361912,0
-1.4691966,-2.7515752,0.043243885,-0.45914477,0.077353477,0.88498741,0
-4.4447117,0.43325269,-2.3177247,-0.83824623,-0.36759204,-0.40276486,0
-3.0878856,-4.1877031,-0.92417812,-0.83824623,-0.36759204,-0.40276486,0
-2.7848606,-4.1513128,-1.5880547,-0.83824623,-0.36759204,-0.40276486,0
-0.90661532,-0.49664581,0.13802433,-0.45914477,0.077353477,0.88498741,0
-3.7167664,-0.019206703,-2.4916155,0.45914477,-0.077353477,-0.88498741,0
2.9283531,4.1025839,1.3338866,0.83824623,0.36759204,0.40276486,0
0.40993357,3.4581096,0.36070466,-0.29415894,0.92676467,-0.23361912,0
-0.59058797,2.0012617,-1.0463086,0.45914477,-0.077353477,-0.88498741,0
-2.6421709,2.0965462,-1.1975778,-0.29415894,0.92676467,-0.23361912,0
-3.6912246,-2.4010668,-1.2991021,-0.83824623,-0.36759204,-0.40276486,0
-2.6563768,2.0054812,-1.5409439,-0.29415894,0.92676467,-0.23361912,0
-3.1173291,1.6906942,-1.2001144,-0.45914477,0.077353477,0.88498741,0
-3.5696089,1.7119954,-1.5553126,-0.29415894,0.92676467,-0.23361912,0
3.2291017,3.6462963,1.1243999,0.83824623,0.36759204,0.40276486,0
3.6371634,-0.5216952,2.4975939,-0.45914477,0.077353477,0.88498741,0
4.3072352,0.64054906,1.6238163,0.83824623,0.36759204,0.40276486,0
-4.583498,0.34427285,-1.947668,-0.83824623,-0.36759204,-0.40276486,0
-1.4867508,-2.3825443,-1.1280789,0.45914477,-0.077353477,-0.88498741,0
-4.3782091,0.11608744,-2.1666636,-0.83824623,-0.36759204,-0.40276486,0
-2.5388014,-4.3214774,-1.1051335,0.29415894,-0.92676467,0.23361912,0
3.5423374,2.4143567,1.5968409,0.83824623,0.36759204,0.40276486,0
-0.36034179,2.9936323,-0.51198721,-0.29415894,0.92676467,-0.23361912,0
0.6236279,3.3088543,-0.50045872,-0.29415894,0.92676467,-0.23361912,0
-3.9152007,-0.77927828,-2.3131163,-0.83824623,-0.36759204,-0.40276486,0
0.32434726,2.7845182,0.48987174,-0.45914477,0.077353477,0.88498741,0
-0.69790435,-2.7824721,0.4461025,-0.45914477,0.077353477,0.88498741,0
-4.5407739,0.75057173,-2.4074047,-0.83824623,-0.36759204,-0.40276486,0
-3.154201,-3.95857,-0.99528265,-0.83824623,-0.36759204,-0.40276486,0
-1.2634276,1.1797214,-0.19362047,-0.45914477,0.077353477,0.88498741,0
-2.8417439,-3.4157476,-0.61080217,-0.45914477,0.077353477,0.88498741,0
-1.3443193,2.5439565,-1.0568818,-0.29415894,0.92676467,-0.23361912,0
4.2494817,0.81763899,1.5823898,0.83824623,0.36759204,0.40276486,0
-2.8704319,-3.8640578,-1.6721301,-0.83824623,-0.36759204,-0.40276486,0
-2.4869089,2.130717,-1.2575188,-0.29415894,0.92676467,-0.23361912,0
0.12467623,-3.0922406,0.41754496,0.29415894,-0.92676467,0.23361912,0
-3.8970361,-1.5112227,-1.6828959,-0.83824623,-0.36759204,-0.40276486,0
-1.7445403,2.397296,-1.134748,-0.29415894,0.92676467,-0.23361912,0
-0.99185604,-1.5327568,-0.94559693,0.45914477,-0.077353477,-0.88498741,0
1.4942183,-2.6421313,0.44118196,0.45914477,-0.077353477,-0.88498741,0
0.35699534,-3.078743,0.17856836,0.29415894,-0.92676467,0.23361912,0
-3.6762085,-1.6444645,-1.1985555,-0.45914477,0.077353477,0.88498741,0
0.63351703,3.3512623,-0.34467912,-0.29415894,0.92676467,-0.23361912,0
-0.24594092,3.0003319,-0.62945676,-0.29415894,0.92676467,-0.23361912,0
3.518856,2.9691815,1.1393392,0.83824623,0.36759204,0.40276486,0
-1.0430136,-1.319995,-0.99073517,0.45914477,-0.077353477,-0.88498741,0
-3.402926,-2.4319358,-1.8709445,-0.83824623,-0.36759204,-0.40276486,0
-0.40290618,-3.483053,-0.46850371,0.29415894,-0.92676467,0.23361912,0
4.5962543,-0.32545638,1.9039463,0.83824623,0.36759204,0.40276486,0
4.3928208,-0.99523151,1.801071,0.45914477,-0.077353477,-0.88498741,0
1.1401125,0.95264685,1.0732201,-0.45914477,0.077353477,0.88498741,0
2.8147178,4.287415,1.4016972,0.83824623,0.36759204,0.40276486,0
2.7594948,4.2377806,1.5619292,0.83824623,0.36759204,0.40276486,0
3.0841057,4.1900244,0.92992544,0.83824623,0.36759204,0.40276486,0
-2.9144142,-4.3038731,-0.5708766,-0.45914477,0.077353477,0.88498741,0
1.8382213,-2.2937982,1.4273653,0.29415894,-0.92676467,0.23361912,0
-0.60398006,-3.5494244,-0.47861791,0.29415894,-0.92676467,0.23361912,0
-0.62052655,-3.5509701,-0.46391606,0.29415894,-0.92676467,0.23361912,0
-4.3594275,-0.31565607,-1.8117123,-0.83824623,-0.36759204,-0.40276486,0
4.3338552,-0.71075523,2.8017106,0.83824623,0.36759204,0.40276486,0
3.1602721,3.603564,1.3066509,0.83824623,0.36759204,0.40276486,0
0.61797154,-1.379528,1.0061722,-0.45914477,0.077353477,0.88498741,0
0.8082912,0.5146696,-0.19061166,0.45914477,-0.077353477,-0.88498741,0
1.9873315,-2.3803229,0.89637339,0.29415894,-0.92676467,0.23361912,0
1.5904727,-0.86968935,0.33619756,0.45914477,-0.077353477,-0.88498741,0
3.1853061,1.0980818,0.99162531,0.45914477,-0.077353477,-0.88498741,0
2.3129973,0.33310908,1.7358818,-0.45914477,0.077353477,0.88498741,0
2.4515238,-2.0965059,1.437789,0.29415894,-0.92676467,0.23361912,0
3.6814976,0.48423862,2.4326701,-0.45914477,0.077353477,0.88498741,0
4.0761738,-1.4734294,1.8638651,0.29415894,-0.92676467,0.23361912,0
-2.8661623,-3.7827387,-0.59139276,-0.45914477,0.077353477,0.88498741,0
1.7332984,3.8720343,0.33643937,-0.29415894,0.92676467,-0.23361912,0
-1.0276389,-1.835638,-0.93768811,0.45914477,-0.077353477,-0.88498741,0
-3.5159478,-3.0216696,-1.0974874,-0.83824623,-0.36759204,-0.40276486,0
4.0506039,1.20951,1.6386502,0.83824623,0.36759204,0.40276486,0
-3.9743104,-1.2344995,-1.7746282,-0.83824623,-0.36759204,-0.40276486,0
4.7283134,-0.71383631,1.9835646,0.83824623,0.36759204,0.40276486,0
-0.90031171,2.7197347,-0.9186393,-0.29415894,0.92676467,-0.23361912,0
4.043941,0.36853743,2.4200487,0.83824623,0.36759204,0.40276486,0
-4.2969937,1.1692191,-2.7926219,-0.29415894,0.92676467,-0.23361912,0
2.4898534,3.4742639,1.5530808,-0.45914477,0.077353477,0.88498741,0
1.5461857,-1.714285,1.5170035,-0.45914477,0.077353477,0.88498741,0
-4.376339,0.028403521,-2.0905299,-0.83824623,-0.36759204,-0.40276486,0
-3.5906312,0.89952177,-2.5064771,0.45914477,-0.077353477,-0.88498741,0
0.41507959,3.3205454,-0.19148922,-0.29415894,0.92676467,-0.23361912,0
-3.5239742,-2.9939432,-1.1060872,-0.83824623,-0.36759204,-0.40276486,0
4.0349412,0.15758455,2.6313105,0.83824623,0.36759204,0.40276486,0
4.0620141,1.0159901,1.7915242,0.83824623,0.36759204,0.40276486,0
-1.317064,1.7468531,-0.27101865,-0.45914477,0.077353477,0.88498741,0
4.0002236,0.72269714,2.187804,0.83824623,0.36759204,0.40276486,0
3.039124,3.9504685,1.2421789,0.83824623,0.36759204,0.40276486,0
-0.95804065,-0.64027733,0.12389839,-0.45914477,0.077353477,0.88498741,0
-0.039106369,3.0495298,-0.69472349,-0.29415894,0.92676467,-0.23361912,0
1.4830375,0.81159937,0.13350332,0.45914477,-0.077353477,-0.88498741,0
-0.94159937,-3.4784126,0.228194,0.29415894,-0.92676467,0.23361912,0
-4.3893743,1.2053365,-2.5330234,-0.29415894,0.92676467,-0.23361912,0
2.0079355,1.1931782,1.5024358,-0.45914477,0.077353477,0.88498741,0
-0.79508162,0.88687682,-1.0549989,0.45914477,-0.077353477,-0.88498741,0
-0.31782794,3.0057819,-0.51732051,-0.29415894,0.92676467,-0.23361912,0
2.8801558,4.1078873,1.4293556,0.83824623,0.36759204,0.40276486,0
-2.1575208,2.2022367,-1.3885465,-0.29415894,0.92676467,-0.23361912,0
2.2706499,3.9177747,0.27062941,0.45914477,-0.077353477,-0.88498741,0
2.5474408,-1.940757,1.9348699,0.29415894,-0.92676467,0.23361912,0
-1.3855875,-3.7851176,-0.42945814,0.29415894,-0.92676467,0.23361912,0
-4.6328235,0.82743394,-2.2859778,-0.83824623,-0.36759204,-0.40276486,0
3.5287631,3.0575438,1.038074,0.83824623,0.36759204,0.40276486,0
0.42076468,-2.9879775,0.45833862,0.29415894,-0.92676467,0.23361912,0
2.6882653,-2.0742505,1.2279854,0.29415894,-0.92676467,0.23361912,0
-2.254355,2.0955575,-1.6898146,-0.29415894,0.92676467,-0.23361912,0
-4.3204422,-0.11507547,-2.0759146,-0.83824623,-0.36759204,-0.40276486,0
4.3517609,-1.3765349,1.8130964,0.45914477,-0.077353477,-0.88498741,0
2.7160921,2.8601675,1.7241328,-0.45914477,0.077353477,0.88498741,0
-3.2519989,-3.9029398,-0.84251499,-0.83824623,-0.36759204,-0.40276486,0
-4.3435564,0.27088928,-2.3800673,-0.83824623,-0.36759204,-0.40276486,0
0.030700684,3.3001089,0.21142435,-0.29415894,0.92676467,-0.23361912,0
3.7066061,-1.4781122,2.3106258,0.29415894,-0.92676467,0.23361912,0
0.1796391,-3.0879495,0.36536205,0.29415894,-0.92676467,0.23361912,0
-3.8541613,-1.7859279,-1.5214124,-0.83824623,-0.36759204,-0.40276486,0
-3.0681617,-4.1977839,-0.65991545,-0.45914477,0.077353477,0.88498741,0
-2.6326256,1.8771091,-2.080101,-0.29415894,0.92676467,-0.23361912,0
-2.226758,0.52339816,-1.7660036,0.45914477,-0.077353477,-0.88498741,0
-3.2060912,-3.4463906,-1.3547392,-0.83824623,-0.36759204,-0.40276486,0
-4.1917572,-0.46338403,-2.0258467,-0.83824623,-0.36759204,-0.40276486,0
3.792031,1.6689014,1.7575264,0.83824623,0.36759204,0.40276486,0
1.9090475,-1.8554471,0.58764023,0.45914477,-0.077353477,-0.88498741,0
4.205337,0.83645797,1.6570895,0.83824623,0.36759204,0.40276486,0
0.039170027,-3.1068897,0.46709657,0.29415894,-0.92676467,0.23361912,0
-3.6014557,-1.6094664,-2.2084024,-0.83824623,-0.36759204,-0.40276486,0
3.6859756,2.4699161,1.2471893,0.83824623,0.36759204,0.40276486,0
2.0226254,4.0516095,0.68451023,-0.29415894,0.92676467,-0.23361912,0
-3.4172971,1.3167553,-2.4530177,0.45914477,-0.077353477,-0.88498741,0
3.5888948,1.5113114,1.1648943,0.45914477,-0.077353477,-0.88498741,0
-3.2068491,-3.7974586,-1.0327516,-0.83824623,-0.36759204,-0.40276486,0
-3.9396267,-0.80890441,-2.2352407,-0.83824623,-0.36759204,-0.40276486,0
1.8506641,-2.3254693,1.2860601,0.29415894,-0.92676467,0.23361912,0
2.9374654,3.9776456,1.4289491,0.83824623,0.36759204,0.40276486,0
0.98142302,-0.4902029,1.1170037,-0.45914477,0.077353477,0.88498741,0
-3.7724025,1.4694148,-2.2622814,-0.29415894,0.92676467,-0.23361912,0
0.70983529,-2.9564257,0.21952438,0.29415894,-0.92676467,0.23361912,0
4.1941276,-1.2103195,2.7591002,0.29415894,-0.92676467,0.23361912,0
-3.4847815,-1.8772105,-2.2068658,-0.83824623,-0.36759204,-0.40276486,0
-1.1141248,2.7557025,-0.50673431,-0.29415894,0.92676467,-0.23361912,0
-1.866089,2.3746605,-1.0714972,-0.29415894,0.92676467,-0.23361912,0
1.0049155,3.4697666,-0.34221721,-0.29415894,0.92676467,-0.23361912,0
2.9593174,3.6829128,1.6524651,0.83824623,0.36759204,0.40276486,0
-1.3284869,-3.3417814,-0.96212626,0.45914477,-0.077353477,-0.88498741,0
3.1282396,0.68608296,0.99802983,0.45914477,-0.077353477,-0.88498741,0
0.65977526,-0.84189546,-0.14909163,0.45914477,-0.077353477,-0.88498741,0
-0.86075401,-1.2023922,0.22350454,-0.45914477,0.077353477,0.88498741,0
-1.1762861,2.6387811,-0.89229167,-0.29415894,0.92676467,-0.23361912,0
3.6252761,2.5703835,1.0911999,0.45914477,-0.077353477,-0.88498741,0
-2.8604884,0.61645758,-0.97296655,-0.45914477,0.077353477,0.88498741,0
0.41299689,2.7134302,-0.5878818,0.45914477,-0.077353477,-0.88498741,0
1.6253101,-2.3612151,1.4280086,0.29415894,-0.92676467,0.23361912,0
-2.79895,-4.3649745,-1.363728,-0.83824623,-0.36759204,-0.40276486,0
1.4244857,0.88059253,0.097095251,0.45914477,-0.077353477,-0.88498741,0
-4.4690723,0.2120105,-2.0651031,-0.83824623,-0.36759204,-0.40276486,0
-3.5471983,-1.7934086,-2.1534452,-0.83824623,-0.36759204,-0.40276486,0
4.647337,-1.0101255,2.4225101,0.83824623,0.36759204,0.40276486,0
-1.9937912,-3.4988053,-1.2935708,0.45914477,-0.077353477,-0.88498741,0
-1.2354943,2.5499291,-1.1702139,-0.29415894,0.92676467,-0.23361912,0
-3.4356358,-2.4905574,-1.7493649,-0.83824623,-0.36759204,-0.40276486,0
2.4807994,-1.9431839,2.0091527,0.29415894,-0.92676467,0.23361912,0
-3.1447217,-3.0738745,-1.8224475,-0.83824623,-0.36759204,-0.40276486,0
2.2021232,2.9545224,1.4492304,-0.45914477,0.077353477,0.88498741,0
-0.28579688,-3.3700521,-0.16768813,0.29415894,-0.92676467,0.23361912,0
-0.89245653,2.7635386,-0.75475979,-0.29415894,0.92676467,-0.23361912,0
-4.5682726,0.19044936,-1.8389653,-0.83824623,-0.36759204,-0.40276486,0
-3.8526521,-0.7248069,-2.4930086,-0.83824623,-0.36759204,-0.40276486,0
4.5805669,-0.36478162,1.9724866,0.83824623,0.36759204,0.40276486,0
4.4578233,-0.29147267,2.1610365,0.83824623,0.36759204,0.40276486,0
-2.2025709,2.1096556,-1.6990902,-0.29415894,0.92676467,-0.23361912,0
-2.4525034,2.0672734,-0.88810831,-0.45914477,0.077353477,0.88498741,0
-2.8944581,-3.3187737,-0.64662647,-0.45914477,0.077353477,0.88498741,0
-4.2570353,-0.43586934,-1.9150991,-0.83824623,-0.36759204,-0.40276486,0
-4.0097132,-1.5192213,-1.4410889,-0.83824623,-0.36759204,-0.40276486,0
-0.22396994,3.1100712,-0.22178781,-0.29415894,0.92676467,-0.23361912,0
2.9210796,-1.8815811,1.6991569,0.29415894,-0.92676467,0.23361912,0
3.6383328,1.5241914,2.2094805,0.83824623,0.36759204,0.40276486,0
4.150969,-1.2474781,2.6660337,0.29415894,-0.92676467,0.23361912,0
-2.979208,-3.7377982,-1.5609765,-0.83824623,-0.36759204,-0.40276486,0
0.40327621,2.9847858,-0.61664319,0.45914477,-0.077353477,-0.88498741,0
1.5999575,-1.4541609,1.5221647,-0.45914477,0.077353477,0.88498741,0
-3.8914771,-1.2735902,-1.9113452,-0.83824623,-0.36759204,-0.40276486,0
3.1163807,-1.3537096,1.1701677,0.45914477,-0.077353477,-0.88498741,0
-2.7267046,2.0345392,-1.3371192,-0.29415894,0.92676467,-0.23361912,0
1.9786402,-2.241282,0.65747052,0.45914477,-0.077353477,-0.88498741,0
-4.554244,0.2694118,-1.9402292,-0.83824623,-0.36759204,-0.40276486,0
3.5964241,2.3913553,1.5052667,0.83824623,0.36759204,0.40276486,0
4.0140419,1.2714038,1.6582553,0.83824623,0.36759204,0.40276486,0
2.0652971,-2.3034396,1.1031976,0.29415894,-0.92676467,0.23361912,0
-3.8787551,-1.068454,-2.1250455,-0.83824623,-0.36759204,-0.40276486,0
3.6851659,1.9892777,1.6875396,0.83824623,0.36759204,0.40276486,0
4.5244122,-0.063983917,1.8148286,0.83824623,0.36759204,0.40276486,0
3.4744375,3.1172907,1.0966089,0.83824623,0.36759204,0.40276486,0
4.3821015,-0.7363981,2.7247026,0.83824623,0.36759204,0.40276486,0
-2.7130203,-2.2516246,-0.64576983,-0.45914477,0.077353477,0.88498741,0
-2.1952064,1.8066134,-1.8617954,0.45914477,-0.077353477,-0.88498741,0
3.247421,3.5147524,1.2063298,0.83824623,0.36759204,0.40276486,0
-2.5744748,-0.24848425,-0.74897695,-0.45914477,0.077353477,0.88498741,0
2.6385837,0.93101859,1.8525395,-0.45914477,0.077353477,0.88498741,0
3.723248,1.4778665,2.0750318,0.83824623,0.36759204,0.40276486,0
1.0949948,2.5939884,-0.22361135,0.45914477,-0.077353477,-0.88498741,0
-3.9285278,-1.1609589,-1.9370306,-0.83824623,-0.36759204,-0.40276486,0
3.3165407,3.4068742,1.160933,0.83824623,0.36759204,0.40276486,0
-3.2735221,-2.9970112,-1.6245348,-0.83824623,-0.36759204,-0.40276486,0
-1.9374813,2.2992313,-1.2808304,-0.29415894,0.92676467,-0.23361912,0
-1.8823768,2.4769397,-0.64524734,-0.29415894,0.92676467,-0.23361912,0
3.9222727,1.2635665,1.856401,0.83824623,0.36759204,0.40276486,0
3.569505,0.071512103,2.4106417,-0.45914477,0.077353477,0.88498741,0
-3.3774338,-2.8963125,-1.5001755,-0.83824623,-0.36759204,-0.40276486,0
3.2706275,2.5988014,1.9939945,0.83824623,0.36759204,0.40276486,0
-3.2335868,1.7124419,-1.9766394,-0.29415894,0.92676467,-0.23361912,0
0.41290873,0.4950749,0.73593038,-0.45914477,0.077353477,0.88498741,0
3.5249798,2.806803,1.2747922,0.83824623,0.36759204,0.40276486,0
1.1859858,-2.7171712,0.28782523,0.45914477,-0.077353477,-0.88498741,0
-2.1385875,-4.2017703,-1.1341829,0.29415894,-0.92676467,0.23361912,0
-3.3743701,-3.4637122,-0.98870349,-0.83824623,-0.36759204,-0.40276486,0
3.1433132,3.8584011,1.109364,0.83824623,0.36759204,0.40276486,0
-4.6500788,1.003517,-2.4107718,-0.83824623,-0.36759204,-0.40276486,0
-4.5328689,0.25547826,-1.9719992,-0.83824623,-0.36759204,-0.40276486,0
0.58426452,-2.8181441,0.92619717,0.29415894,-0.92676467,0.23361912,0
-3.8346493,1.5050745,-2.042443,-0.29415894,0.92676467,-0.23361912,0
3.6211247,2.2466998,1.5858817,0.83824623,0.36759204,0.40276486,0
3.8686495,-1.5695369,1.7439104,0.29415894,-0.92676467,0.23361912,0
-4.402606,0.82969725,-2.7671795,-0.83824623,-0.36759204,-0.40276486,0
2.6554816,-2.116684,1.1009316,0.29415894,-0.92676467,0.23361912,0
3.1295736,3.7349453,1.2506344,0.83824623,0.36759204,0.40276486,0
4.2589355,0.31556463,2.0209427,0.83824623,0.36759204,0.40276486,0
-2.9679365,-3.9608736,-1.3808403,-0.83824623,-0.36759204,-0.40276486,0
1.4087996,3.737139,0.96923685,-0.45914477,0.077353477,0.88498741,0
4.6756244,-1.1580257,2.3602765,0.29415894,-0.92676467,0.23361912,0
-4.1571546,-0.54475224,-2.0235996,-0.83824623,-0.36759204,-0.40276486,0
-4.2695017,0.34627974,-2.6029987,-0.83824623,-0.36759204,-0.40276486,0
1.1684049,0.26051432,1.1483953,-0.45914477,0.077353477,0.88498741,0
2.3430033,-0.76430827,0.7174108,0.45914477,-0.077353477,-0.88498741,0
0.68561077,0.61533988,0.86690038,-0.45914477,0.077353477,0.88498741,0
-4.0755968,-0.35158181,-2.3696408,-0.83824623,-0.36759204,-0.40276486,0
0.65762448,-2.7801623,0.98449981,0.29415894,-0.92676467,0.23361912,0
-1.5163209,2.4487615,-1.2179444,-0.29415894,0.92676467,-0.23361912,0
-1.3082724,2.5491035,-1.0818521,-0.29415894,0.92676467,-0.23361912,0
-2.1510742,-4.1861291,-1.0564125,0.29415894,-0.92676467,0.23361912,0
3.4771695,2.4231045,1.7244864,0.83824623,0.36759204,0.40276486,0
0.82607448,-2.6847787,1.1507829,0.29415894,-0.92676467,0.23361912,0
-4.2134295,-0.83808184,-1.6387649,-0.83824623,-0.36759204,-0.40276486,0
3.9709849,1.4950377,1.5437634,0.83824623,0.36759204,0.40276486,0
-0.49899459,-3.4005871,-0.02037406,0.29415894,-0.92676467,0.23361912,0
-0.026871204,1.4564941,0.42373204,-0.45914477,0.077353477,0.88498741,0
2.0249343,0.30728459,0.45872784,0.45914477,-0.077353477,-0.88498741,0
-1.5357521,2.4961336,-1.0055542,-0.29415894,0.92676467,-0.23361912,0
2.8339286,4.0259433,1.6003535,0.83824623,0.36759204,0.40276486,0
1.7142026,3.9205809,0.55306649,-0.29415894,0.92676467,-0.23361912,0
-1.7219287,-3.1691487,-0.051378965,-0.45914477,0.077353477,0.88498741,0
4.0861583,0.35860252,2.3412528,0.83824623,0.36759204,0.40276486,0
3.6324577,2.2796583,1.5322151,0.83824623,0.36759204,0.40276486,0
3.9793072,0.53496456,2.4026737,0.83824623,0.36759204,0.40276486,0
4.3024492,0.27264595,1.9695518,0.83824623,0.36759204,0.40276486,0
-2.9180686,-4.4226227,-1.0288277,0.29415894,-0.92676467,0.23361912,0
-3.1515417,-3.5117903,-1.4085805,-0.83824623,-0.36759204,-0.40276486,0
4.0040512,0.32492912,2.5428696,0.83824623,0.36759204,0.40276486,0
-3.2430258,1.2164847,-2.3538387,0.45914477,-0.077353477,-0.88498741,0
1.3512654,-1.2421625,1.3746095,-0.45914477,0.077353477,0.88498741,0
-0.51702738,2.9006388,-0.68360269,-0.29415894,0.92676467,-0.23361912,0
-1.2894129,-2.6921768,0.13132644,-0.45914477,0.077353477,0.88498741,0
-3.5373042,-2.1728632,-1.8277204,-0.83824623,-0.36759204,-0.40276486,0
-1.9260205,2.3491845,-1.097098,-0.29415894,0.92676467,-0.23361912,0
-4.7261767,0.82176518,-2.0865149,-0.83824623,-0.36759204,-0.40276486,0
0.8606199,-2.6586339,1.2110016,0.29415894,-0.92676467,0.23361912,0
-0.14847159,-3.2530127,0.12369514,0.29415894,-0.92676467,0.23361912,0
-2.6162031,-3.1653666,-0.51567245,-0.45914477,0.077353477,0.88498741,0
3.6557055,1.5627944,2.1380928,0.83824623,0.36759204,0.40276486,0
2.6132932,4.3759675,1.2275028,-0.29415894,0.92676467,-0.23361912,0
1.7962933,-1.7180403,0.51713151,0.45914477,-0.077353477,-0.88498741,0
-0.077842474,-1.034798,0.61504185,-0.45914477,0.077353477,0.88498741,0
-2.5578494,-2.9256458,-1.6363103,0.45914477,-0.077353477,-0.88498741,0
-0.00053310394,-0.019809514,-0.56352502,0.45914477,-0.077353477,-0.88498741,0
-0.69050121,2.9038432,-0.45246327,-0.29415894,0.92676467,-0.23361912,0
1.0369331,-2.2422936,1.2989469,-0.45914477,0.077353477,0.88498741,0
-3.8711314,-1.8390449,-1.4376159,-0.83824623,-0.36759204,-0.40276486,0
4.344511,0.50484776,1.6700871,0.83824623,0.36759204,0.40276486,0
0.96998465,-2.4042125,0.14840603,0.45914477,-0.077353477,-0.88498741,0
1.0878103,3.7023864,0.47620749,-0.29415894,0.92676467,-0.23361912,0
1.9005997,-2.2767467,1.416465,0.29415894,-0.92676467,0.23361912,0
-0.2643435,-3.3775477,-0.22443438,0.29415894,-0.92676467,0.23361912,0
-3.6820467,-2.4990535,-1.2287738,-0.83824623,-0.36759204,-0.40276486,0
0.12865376,2.2087498,-0.69129103,0.45914477,-0.077353477,-0.88498741,0
-2.7164154,-4.3913941,-1.5113883,-0.83824623,-0.36759204,-0.40276486,0
3.9379141,-1.5650691,1.6744204,0.29415894,-0.92676467,0.23361912,0
3.617229,2.0272119,1.7943106,0.83824623,0.36759204,0.40276486,0
-3.0552919,-0.08371079,-2.1427944,0.45914477,-0.077353477,-0.88498741,0
-4.1715536,0.024767041,-1.6014494,-0.45914477,0.077353477,0.88498741,0
-1.76841,0.34999627,-0.38308954,-0.45914477,0.077353477,0.88498741,0
0.051383495,3.2075386,-0.18184257,-0.29415894,0.92676467,-0.23361912,0
3.1366601,3.6098585,1.3500483,0.83824623,0.36759204,0.40276486,0
-2.8923836,-0.38869947,-2.0316172,0.45914477,-0.077353477,-0.88498741,0
-0.86750197,-3.5751674,-0.24893045,0.29415894,-0.92676467,0.23361912,0
-2.8584502,1.9606359,-1.4644065,-0.29415894,0.92676467,-0.23361912,0
-3.7366898,-2.1825266,-1.4039335,-0.83824623,-0.36759204,-0.40276486,0
1.828616,-2.3458109,1.2331259,0.29415894,-0.92676467,0.23361912,0
-3.7652636,-1.1151814,-2.3186007,-0.83824623,-0.36759204,-0.40276486,0
-1.9154929,-3.963434,-0.46961212,0.29415894,-0.92676467,0.23361912,0
0.14854121,-1.6123148,0.78297174,-0.45914477,0.077353477,0.88498741,0
-4.4535975,1.067192,-2.877809,-0.83824623,-0.36759204,-0.40276486,0
-3.3170924,-3.6789517,-0.91146803,-0.83824623,-0.36759204,-0.40276486,0
-1.7002094,2.1626182,-0.50614065,-0.45914477,0.077353477,0.88498741,0
-2.9161632,-4.4031243,-0.95387602,0.29415894,-0.92676467,0.23361912,0
-1.5239964,1.0926467,-1.4511563,0.45914477,-0.077353477,-0.88498741,0
4.3809915,-1.2854779,1.820303,0.45914477,-0.077353477,-0.88498741,0
-0.05564332,-3.2324307,0.088460207,0.29415894,-0.92676467,0.23361912,0
-3.2550063,-2.9216759,-1.7318273,-0.83824623,-0.36759204,-0.40276486,0
-3.2140698,-3.9506326,-0.87792683,-0.83824623,-0.36759204,-0.40276486,0
3.6930256,-1.4512171,2.4344189,0.29415894,-0.92676467,0.23361912,0
2.224556,4.0812397,0.54779339,-0.29415894,0.92676467,-0.23361912,0
3.0993884,-1.9240632,1.306116,0.29415894,-0.92676467,0.23361912,0
-3.4835453,-2.1094928,-1.9974413,-0.83824623,-0.36759204,-0.40276486,0
-4.1632242,-0.8638289,-1.7197552,-0.83824623,-0.36759204,-0.40276486,0
3.5559952,2.1669946,1.7941756,0.83824623,0.36759204,0.40276486,0
-3.4740355,-2.7829125,-1.4026225,-0.83824623,-0.36759204,-0.40276486,0
-2.9712048,-4.3854952,-0.8146348,0.29415894,-0.92676467,0.23361912,0
3.5550861,2.6555095,1.3502152,0.83824623,0.36759204,0.40276486,0
1.9469635,-2.2707987,1.3816826,0.29415894,-0.92676467,0.23361912,0
1.4172602,3.7844265,0.38683558,-0.29415894,0.92676467,-0.23361912,0
-4.3475924,0.19287109,-2.3004627,-0.83824623,-0.36759204,-0.40276486,0
-1.219532,2.5659435,-1.1267838,-0.29415894,0.92676467,-0.23361912,0
-4.574203,1.1953168,-2.3400464,-0.29415894,0.92676467,-0.23361912,0
-1.2640207,0.060025692,-0.096059501,-0.45914477,0.077353477,0.88498741,0
-3.6784053,-1.552438,-2.1003003,-0.83824623,-0.36759204,-0.40276486,0
0.84014511,-2.1024988,0.054671645,0.45914477,-0.077353477,-0.88498741,0
2.1819763,-2.1255574,1.6619391,0.29415894,-0.92676467,0.23361912,0
-3.2576034,-3.7572312,-0.79670763,-0.45914477,0.077353477,0.88498741,0
-1.597232,0.40247035,-0.29886642,-0.45914477,0.077353477,0.88498741,0
3.2902801,-1.0339078,2.3623965,-0.45914477,0.077353477,0.88498741,0
3.3333302,2.403209,2.0420074,0.83824623,0.36759204,0.40276486,0
-3.2413597,-2.9481449,-1.7360713,-0.83824623,-0.36759204,-0.40276486,0
4.2391787,-0.29053307,2.6152289,0.83824623,0.36759204,0.40276486,0
-3.185595,-3.3932309,-1.4459128,-0.83824623,-0.36759204,-0.40276486,0
-3.1882675,-4.0999866,-0.79531574,-0.83824623,-0.36759204,-0.40276486,0
3.3625309,1.6034944,1.0393958,0.45914477,-0.077353477,-0.88498741,0
-3.3901179,-0.2752949,-1.1698015,-0.45914477,0.077353477,0.88498741,0
-4.5060096,-0.012506723,-1.783317,-0.83824623,-0.36759204,-0.40276486,0
-1.8036176,2.2859521,-1.5020615,-0.29415894,0.92676467,-0.23361912,0
-4.6051273,0.65697181,-2.1880448,-0.83824623,-0.36759204,-0.40276486,0
1.801836,-2.280879,1.5244304,0.29415894,-0.92676467,0.23361912,0
-3.3959286,-3.0149457,-1.3534112,-0.83824623,-0.36759204,-0.40276486,0
-1.801857,-2.419179,-0.15839911,-0.45914477,0.077353477,0.88498741,0
-4.2170048,1.2260805,-2.6677709,-0.29415894,0.92676467,-0.23361912,0
2.6587181,4.3997965,1.2648339,-0.29415894,0.92676467,-0.23361912,0
0.43353677,-2.9721737,0.50495124,0.29415894,-0.92676467,0.23361912,0
1.033519,3.7046833,0.55367923,-0.29415894,0.92676467,-0.23361912,0
-3.3652501,-2.2733877,-2.0940585,-0.83824623,-0.36759204,-0.40276486,0
1.2223761,3.8374441,0.84254241,-0.29415894,0.92676467,-0.23361912,0
4.0006928,-1.4929231,1.8815755,0.29415894,-0.92676467,0.23361912,0
-4.3079038,1.298895,-2.2644615,-0.29415894,0.92676467,-0.23361912,0
2.9399848,-1.7669389,2.1301365,0.29415894,-0.92676467,0.23361912,0
0.43919575,-0.0065067708,0.79340994,-0.45914477,0.077353477,0.88498741,0
0.017402649,-3.064857,0.66124785,0.29415894,-0.92676467,0.23361912,0
3.5765851,2.4989209,1.448384,0.83824623,0.36759204,0.40276486,0
-2.7197523,-1.6155797,-0.70485663,-0.45914477,0.077353477,0.88498741,0
-0.47026575,-1.9732323,-0.63648772,0.45914477,-0.077353477,-0.88498741,0
2.3170755,4.3099656,1.3386497,-0.29415894,0.92676467,-0.23361912,0
-3.8298011,-0.82816046,-2.4462388,-0.83824623,-0.36759204,-0.40276486,0
2.5982597,-1.8891387,2.0756509,0.29415894,-0.92676467,0.23361912,0
-3.0738506,1.6993098,-2.2298646,-0.29415894,0.92676467,-0.23361912,0
-0.74064112,-3.4926078,-0.081151962,0.29415894,-0.92676467,0.23361912,0
2.683655,1.3860404,0.70619202,0.45914477,-0.077353477,-0.88498741,0
4.2025399,0.97998083,1.5319221,0.83824623,0.36759204,0.40276486,0
-3.2762601,-3.4302382,-1.2234428,-0.83824623,-0.36759204,-0.40276486,0
2.6329217,4.101613,0.44251251,0.45914477,-0.077353477,-0.88498741,0
-3.4282017,-2.4781909,-1.7761233,-0.83824623,-0.36759204,-0.40276486,0
3.0871234,4.1344185,0.97439623,0.83824623,0.36759204,0.40276486,0
3.4730201,2.0216708,2.0994995,0.83824623,0.36759204,0.40276486,0
-2.2051229,-4.1724944,-0.93426824,0.29415894,-0.92676467,0.23361912,0
3.9549758,0.41122472,2.5662465,0.83824623,0.36759204,0.40276486,0
-0.59818006,2.8007364,-0.97773153,-0.29415894,0.92676467,-0.23361912,0
3.795361,-0.1894446,2.5506287,-0.45914477,0.077353477,0.88498741,0
3.5087183,2.5856051,1.5105159,0.83824623,0.36759204,0.40276486,0
-1.7814438,2.4545493,-0.86115783,-0.29415894,0.92676467,-0.23361912,0
0.35073972,-3.1094079,0.064797521,0.29415894,-0.92676467,0.23361912,0
-2.4430785,-4.2618461,-0.98910737,0.29415894,-0.92676467,0.23361912,0
3.8897858,0.74231142,2.3997483,0.83824623,0.36759204,0.40276486,0
0.93180788,-1.0446781,0.0097674727,0.45914477,-0.077353477,-0.88498741,0
-2.2501838,-2.2149591,-0.40884781,-0.45914477,0.077353477,0.88498741,0
2.8467004,1.5012457,1.9106722,-0.45914477,0.077353477,0.88498741,0
2.2660279,1.2877343,0.49811316,0.45914477,-0.077353477,-0.88498741,0
