-0.2268939,-2.2892694,-2.1244974,0.97118926,-0.12829143,-0.2008304,0
1.6744118,4.0735364,3.0053754,0.97118926,-0.12829143,-0.2008304,0
-0.46995872,-1.2698121,1.0281681,-0.97118926,0.12829143,0.2008304,0
-0.16238263,-5.5899048,2.0752139,-0.16923288,-0.96461433,-0.2021873,0
-0.60018843,-5.2004499,0.58361197,-0.16923288,-0.96461433,-0.2021873,0
-0.92994499,-4.171752,-4.0481882,-0.16923288,-0.96461433,-0.2021873,0
-0.99643087,-4.6888013,-1.5257521,-0.16923288,-0.96461433,-0.2021873,0
0.43971872,-2.5200105,2.9688456,0.16778487,-0.23034915,0.95853412,0
-1.0028594,0.14527082,-2.4528337,-0.97118926,0.12829143,0.2008304,0
0.57572269,4.9536285,0.61442518,0.16923288,0.96461433,0.2021873,0
-1.5632896,-3.7899396,-4.2885423,-0.16778487,0.23034915,-0.95853412,0
-0.7483139,-3.122582,0.86563849,-0.97118926,0.12829143,0.2008304,0
1.1611319,4.4296017,2.6245089,0.16923288,0.96461433,0.2021873,0
-0.93837976,1.5246993,-3.1207457,-0.16778487,0.23034915,-0.95853412,0
0.98280859,3.2203579,0.20588779,0.97118926,-0.12829143,-0.2008304,0
-0.47993755,-4.9995604,-0.47546101,-0.16923288,-0.96461433,-0.2021873,0
-1.1105919,-0.61207247,-3.6040974,-0.16778487,0.23034915,-0.95853412,0
-0.16434306,5.6119652,-1.9069886,0.16923288,0.96461433,0.2021873,0
0.96518362,3.6833973,-0.17513609,0.97118926,-0.12829143,-0.2008304,0
-0.23481274,0.10010314,-3.5862508,-0.16778487,0.23034915,-0.95853412,0
0.15717578,2.3226061,1.7660526,-0.97118926,0.12829143,0.2008304,0
-1.7614713,-4.0978155,-3.7049367,-0.16923288,-0.96461433,-0.2021873,0
0.25975299,-2.5631289,2.9899857,0.16778487,-0.23034915,0.95853412,0
0.25076461,-2.3666205,3.0387826,0.16778487,-0.23034915,0.95853412,0
0.79917336,3.030941,4.2398977,0.16778487,-0.23034915,0.95853412,0
-0.13166738,-2.6485939,3.0379627,0.16778487,-0.23034915,0.95853412,0
1.3275309,4.1952882,3.6031165,0.16923288,0.96461433,0.2021873,0
-0.56357455,0.57798314,-3.4138622,-0.16778487,0.23034915,-0.95853412,0
-0.97561425,-4.0599155,0.36521721,-0.97118926,0.12829143,0.2008304,0
-0.064857364,-4.8793077,2.490196,0.16778487,-0.23034915,0.95853412,0
-1.1424072,-0.014467955,-3.4549158,-0.16778487,0.23034915,-0.95853412,0
-1.170603,-4.5895958,-1.8532653,-0.16923288,-0.96461433,-0.2021873,0
0.1722126,2.8086212,1.5282998,-0.97118926,0.12829143,0.2008304,0
-1.1102628,-2.1709905,-1.4925821,-0.97118926,0.12829143,0.2008304,0
-0.95597172,-1.3418554,-3.80654,-0.16778487,0.23034915,-0.95853412,0
0.080092192,-1.9312468,3.1732841,0.16778487,-0.23034915,0.95853412,0
-1.0172372,-4.5977621,-1.9426751,-0.16923288,-0.96461433,-0.2021873,0
0.48650384,4.7820363,1.5077515,0.16923288,0.96461433,0.2021873,0
-0.35955727,-1.3541319,1.6159191,-0.97118926,0.12829143,0.2008304,0
0.80504555,5.4324474,-1.8619161,0.16923288,0.96461433,0.2021873,0
-0.69086087,-5.0994811,2.4063272,-0.97118926,0.12829143,0.2008304,0
0.32930267,2.2553911,-2.3379564,0.97118926,-0.12829143,-0.2008304,0
-1.0367951,-3.5275841,-4.3176537,-0.16778487,0.23034915,-0.95853412,0
1.3692172,1.2894442,3.3079882,0.97118926,-0.12829143,-0.2008304,0
-0.14580536,-2.5173573,-1.5866594,0.97118926,-0.12829143,-0.2008304,0
-1.1160293,-0.0035154819,-3.4569008,-0.16778487,0.23034915,-0.95853412,0
-1.7382612,-4.1406169,-3.5201631,-0.16923288,-0.96461433,-0.2021873,0
0.82968676,-0.66556609,1.9477607,0.97118926,-0.12829143,-0.2008304,0
-0.64820683,3.0643845,-2.6025257,-0.97118926,0.12829143,0.2008304,0
1.1781328,0.56097436,3.5799954,0.16778487,-0.23034915,0.95853412,0
-0.0035288334,2.3642988,-3.0826178,-0.16778487,0.23034915,-0.95853412,0
0.94869554,-0.075758874,2.1464984,0.97118926,-0.12829143,-0.2008304,0
-1.4160066,-4.2035484,-3.4896545,-0.16923288,-0.96461433,-0.2021873,0
-0.84548473,0.06591773,-3.487572,-0.16778487,0.23034915,-0.95853412,0
-0.77285546,-4.8145437,1.8277946,-0.97118926,0.12829143,0.2008304,0
-1.5082583,-2.3263052,-3.9464426,-0.16778487,0.23034915,-0.95853412,0
-0.14003146,-5.0752997,2.4562552,0.16778487,-0.23034915,0.95853412,0
0.07497716,-3.2136781,2.8659933,0.16778487,-0.23034915,0.95853412,0
-1.20013,-1.8568966,-3.8875732,-0.16778487,0.23034915,-0.95853412,0
-1.4314528,-3.7217202,-2.0551991,-0.97118926,0.12829143,0.2008304,0
-0.407529,4.5958233,-2.4169309,-0.97118926,0.12829143,0.2008304,0
-1.4772143,-3.3360186,-4.1945257,-0.16778487,0.23034915,-0.95853412,0
1.4032807,3.9648318,1.7636647,0.97118926,-0.12829143,-0.2008304,0
-0.72016931,-1.8558434,0.19254231,-0.97118926,0.12829143,0.2008304,0
0.18294334,-1.5177716,3.2546446,0.16778487,-0.23034915,0.95853412,0
0.88475537,-0.029225469,1.8075671,0.97118926,-0.12829143,-0.2008304,0
-1.4426658,-4.5216713,-1.9496083,-0.16923288,-0.96461433,-0.2021873,0
0.18946552,-0.95050371,3.3898253,0.16778487,-0.23034915,0.95853412,0
-0.037008435,-5.532104,1.6945105,-0.16923288,-0.96461433,-0.2021873,0
0.90486383,-0.58429956,3.3526039,0.16778487,-0.23034915,0.95853412,0
-0.38231641,-5.4373498,1.5314736,-0.16923288,-0.96461433,-0.2021873,0
-0.35041451,4.2728925,-2.5632358,-0.16778487,0.23034915,-0.95853412,0
-1.1931221,-2.43872,-1.7222526,-0.97118926,0.12829143,0.2008304,0
0.85606778,4.9776635,0.26510429,0.16923288,0.96461433,0.2021873,0
0.56194079,4.1200628,-2.4041114,0.97118926,-0.12829143,-0.2008304,0
-0.040377259,-4.2657795,0.040079594,0.97118926,-0.12829143,-0.2008304,0
1.412585,1.4672513,3.7567472,0.16778487,-0.23034915,0.95853412,0
1.034319,3.5701132,0.23155975,0.97118926,-0.12829143,-0.2008304,0
1.3545935,4.6713867,1.3090477,0.16923288,0.96461433,0.2021873,0
0.82845831,2.2638676,0.070481062,0.97118926,-0.12829143,-0.2008304,0
0.92816156,5.1375017,-0.55781126,0.16923288,0.96461433,0.2021873,0
0.50676799,5.405364,-2.4411311,-0.16778487,0.23034915,-0.95853412,0
1.277086,0.72927475,3.6031194,0.16778487,-0.23034915,0.95853412,0
-1.458035,-1.332382,-3.7100701,-0.97118926,0.12829143,0.2008304,0
0.14871973,-2.9159918,0.092276812,0.97118926,-0.12829143,-0.2008304,0
-0.41673955,-5.3183794,0.99269104,-0.16923288,-0.96461433,-0.2021873,0
-0.54232037,0.23047711,-0.28015655,-0.97118926,0.12829143,0.2008304,0
-1.7908244,-3.3103077,-4.0558872,-0.97118926,0.12829143,0.2008304,0
0.033503771,0.68067098,-2.7624619,0.97118926,-0.12829143,-0.2008304,0
-0.43580914,-4.121285,-1.9644814,0.97118926,-0.12829143,-0.2008304,0
0.47014344,3.2912467,-2.318579,0.97118926,-0.12829143,-0.2008304,0
0.36034584,0.9159205,-1.3321741,0.97118926,-0.12829143,-0.2008304,0
0.42350984,-0.87705922,3.3665075,0.16778487,-0.23034915,0.95853412,0
0.27981973,-0.86660695,3.3941712,0.16778487,-0.23034915,0.95853412,0
0.98456466,5.0880985,-0.36932373,0.16923288,0.96461433,0.2021873,0
-0.5702489,-4.8316121,2.5901234,0.16778487,-0.23034915,0.95853412,0
0.8030889,0.50360119,3.6318567,0.16778487,-0.23034915,0.95853412,0
0.77087569,5.0770397,-0.1376996,0.16923288,0.96461433,0.2021873,0
-1.0751405,-4.4787703,-2.461906,-0.16923288,-0.96461433,-0.2021873,0
-0.32989478,-2.9103305,-2.2258577,0.97118926,-0.12829143,-0.2008304,0
-0.16454911,-4.8205442,2.5217683,0.16778487,-0.23034915,0.95853412,0
0.53850269,2.0949588,3.7555196,-0.97118926,0.12829143,0.2008304,0
-1.235077,-3.277467,-1.389343,-0.97118926,0.12829143,0.2008304,0
-1.4128904,-4.2424774,-3.306536,-0.16923288,-0.96461433,-0.2021873,0
-0.13722515,-4.8281727,-0.069003582,0.97118926,-0.12829143,-0.2008304,0
-0.7136023,-4.692987,2.0366826,-0.97118926,0.12829143,0.2008304,0
-0.65864849,-5.0053539,-0.29823828,-0.16923288,-0.96461433,-0.2021873,0
-1.3286211,-1.7624789,-3.8423915,-0.16778487,0.23034915,-0.95853412,0
1.7192028,3.5725234,3.5420275,0.97118926,-0.12829143,-0.2008304,0
-0.32665181,2.3731735,-3.0239244,-0.16778487,0.23034915,-0.95853412,0
-0.67808199,-3.0816257,-3.8002224,0.97118926,-0.12829143,-0.2008304,0
-1.4959559,-2.4668801,-3.9823782,-0.16778487,0.23034915,-0.95853412,0
0.56742966,5.5289402,-2.1233854,0.16923288,0.96461433,0.2021873,0
-0.43525428,-5.2483349,0.67401409,-0.16923288,-0.96461433,-0.2021873,0
1.8414264,3.6893187,4.0584774,0.97118926,-0.12829143,-0.2008304,0
0.20611823,5.1629829,-0.075021267,0.16923288,0.96461433,0.2021873,0
0.90343308,4.6779237,1.655488,0.16923288,0.96461433,0.2021873,0
0.42428613,1.84216,-1.6146541,0.97118926,-0.12829143,-0.2008304,0
0.77441728,5.2150745,-0.79921532,0.16923288,0.96461433,0.2021873,0
-0.84879011,-5.1458397,0.53115654,-0.16923288,-0.96461433,-0.2021873,0
-0.70580912,-2.4905529,-4.1263771,-0.16778487,0.23034915,-0.95853412,0
-0.65490723,-0.88451135,-3.7493329,-0.16778487,0.23034915,-0.95853412,0
0.37720761,-2.4661493,0.90985227,0.97118926,-0.12829143,-0.2008304,0
-0.9886322,1.1416354,-3.0205159,-0.97118926,0.12829143,0.2008304,0
-0.20741397,-5.6351128,2.3285894,-0.16923288,-0.96461433,-0.2021873,0
-1.4759469,-1.7502979,-3.8136761,-0.16778487,0.23034915,-0.95853412,0
-0.35103336,-5.340548,1.0434613,-0.16923288,-0.96461433,-0.2021873,0
0.30300295,5.455759,-1.5529189,0.16923288,0.96461433,0.2021873,0
0.16048726,5.3652072,-1.0016184,0.16923288,0.96461433,0.2021873,0
-1.1092083,-4.5258265,-2.2088914,-0.16923288,-0.96461433,-0.2021873,0
0.67032695,-1.3982487,1.6451584,0.97118926,-0.12829143,-0.2008304,0
0.074340306,5.4490585,-1.3295574,0.16923288,0.96461433,0.2021873,0
0.58253312,5.0950646,-0.066052914,0.16923288,0.96461433,0.2021873,0
-0.34213638,-1.3269317,1.682789,-0.97118926,0.12829143,0.2008304,0
-0.84926701,-4.9382181,-0.45898867,-0.16923288,-0.96461433,-0.2021873,0
0.32467711,-0.34669405,-0.69809783,0.97118926,-0.12829143,-0.2008304,0
1.1140144,0.58219588,3.5963187,0.16778487,-0.23034915,0.95853412,0
0.58261299,-0.48344541,3.433248,0.16778487,-0.23034915,0.95853412,0
-0.6168611,-0.74431288,-3.7223008,-0.16778487,0.23034915,-0.95853412,0
-0.66653538,-4.1962972,-3.0323255,0.97118926,-0.12829143,-0.2008304,0
0.54093099,-3.3087707,2.2398686,0.97118926,-0.12829143,-0.2008304,0
-0.08463645,-4.7160335,2.5328958,0.16778487,-0.23034915,0.95853412,0
1.3492877,4.442771,2.4041905,0.16923288,0.96461433,0.2021873,0
1.5032725,4.4242907,1.9537048,0.97118926,-0.12829143,-0.2008304,0
-1.4382968,-4.1156797,-3.8902094,-0.16923288,-0.96461433,-0.2021873,0
-0.17246628,5.5759563,-2.2812395,-0.16778487,0.23034915,-0.95853412,0
1.0101086,2.4930158,0.80253625,0.97118926,-0.12829143,-0.2008304,0
0.61918187,4.7878208,1.3691001,0.16923288,0.96461433,0.2021873,0
1.7172532,3.5460773,4.2029877,0.16778487,-0.23034915,0.95853412,0
1.145762,4.7120733,1.2897315,0.16923288,0.96461433,0.2021873,0
-0.063815236,3.9018478,-2.7025702,-0.16778487,0.23034915,-0.95853412,0
-1.4988976,-4.1260147,-3.7901783,-0.16923288,-0.96461433,-0.2021873,0
-0.38680816,1.9586308,-3.1130147,-0.16778487,0.23034915,-0.95853412,0
-0.40115952,-4.8779154,-1.1217551,-0.16923288,-0.96461433,-0.2021873,0
1.6483545,2.9345248,4.0680838,0.16778487,-0.23034915,0.95853412,0
1.5869846,3.6857884,4.2593651,0.16778487,-0.23034915,0.95853412,0
-1.4870033,-4.0439615,-4.1915998,-0.16923288,-0.96461433,-0.2021873,0
0.65912783,4.1464467,-1.9509814,0.97118926,-0.12829143,-0.2008304,0
1.0901523,1.9838058,1.5149045,0.97118926,-0.12829143,-0.2008304,0
-0.69732952,-5.3992448,1.613349,-0.16923288,-0.96461433,-0.2021873,0
0.51115924,5.4898233,-1.8896627,0.16923288,0.96461433,0.2021873,0
-0.88568783,1.7001513,-2.8794727,-0.97118926,0.12829143,0.2008304,0
-0.48636734,-4.7204585,2.6021523,0.16778487,-0.23034915,0.95853412,0
-0.91036129,1.754377,-3.0704556,-0.16778487,0.23034915,-0.95853412,0
0.019109249,0.56596386,-2.7587953,0.97118926,-0.12829143,-0.2008304,0
-0.76969838,-5.2749381,1.0808711,-0.16923288,-0.96461433,-0.2021873,0
-0.025538087,-3.08885,-0.63998938,0.97118926,-0.12829143,-0.2008304,0
-1.2612346,-3.9403656,-1.0923738,-0.97118926,0.12829143,0.2008304,0
-1.318032,-4.2858915,-3.1788089,-0.16923288,-0.96461433,-0.2021873,0
-0.30106172,-5.5397348,1.9519315,-0.16923288,-0.96461433,-0.2021873,0
-0.34949934,-5.5610104,2.0939798,-0.16923288,-0.96461433,-0.2021873,0
-0.041126966,-0.23947334,-2.5355725,0.97118926,-0.12829143,-0.2008304,0
0.32075435,5.5872822,-2.1952605,0.16923288,0.96461433,0.2021873,0
-1.077673,-4.4533925,-2.5808616,-0.16923288,-0.96461433,-0.2021873,0
0.84551787,4.7504044,1.3581657,0.16923288,0.96461433,0.2021873,0
-0.78405857,2.1727176,-2.9920306,-0.16778487,0.23034915,-0.95853412,0
-1.2887685,-3.3526061,-1.6009893,-0.97118926,0.12829143,0.2008304,0
0.61866665,1.8187457,-0.65969789,0.97118926,-0.12829143,-0.2008304,0
-0.85075498,-4.8186827,-1.0280318,-0.16923288,-0.96461433,-0.2021873,0
-0.87089396,1.3968599,-3.1632805,-0.16778487,0.23034915,-0.95853412,0
1.1450853,0.054672718,3.4641085,0.16778487,-0.23034915,0.95853412,0
-0.45480254,-0.75611955,0.77331161,-0.97118926,0.12829143,0.2008304,0
-0.79320145,-0.037282467,-3.5215244,-0.16778487,0.23034915,-0.95853412,0
-1.0993428,-2.6351166,-4.0922327,-0.16778487,0.23034915,-0.95853412,0
-0.56002903,-5.1019707,0.080165386,-0.16923288,-0.96461433,-0.2021873,0
-0.7846849,-4.7204227,-1.5521231,-0.16923288,-0.96461433,-0.2021873,0
0.69118345,-2.7998908,2.6413949,0.97118926,-0.12829143,-0.2008304,0
0.30800545,4.935647,-2.5192182,-0.16778487,0.23034915,-0.95853412,0
0.50064403,-0.88710141,0.49807045,0.97118926,-0.12829143,-0.2008304,0
-0.43299854,0.50957525,0.070220158,-0.97118926,0.12829143,0.2008304,0
0.18732977,-1.2209296,3.325212,0.16778487,-0.23034915,0.95853412,0
0.3389082,2.9151335,2.2663772,-0.97118926,0.12829143,0.2008304,0
-0.66881013,-1.4094127,-3.8730404,-0.16778487,0.23034915,-0.95853412,0
1.5732317,2.6823308,4.0206275,0.16778487,-0.23034915,0.95853412,0
-0.0042748451,-2.9679458,-0.614398,0.97118926,-0.12829143,-0.2008304,0
-0.083349586,3.4757733,-2.8015425,-0.16778487,0.23034915,-0.95853412,0
1.4720681,4.3335147,2.8226738,0.16923288,0.96461433,0.2021873,0
-1.0814686,0.66119146,-3.3032122,-0.16778487,0.23034915,-0.95853412,0
1.1008542,3.5114713,0.59077644,0.97118926,-0.12829143,-0.2008304,0
0.75187469,4.816144,1.1229086,0.16923288,0.96461433,0.2021873,0
0.2196846,-0.18925095,3.5674756,0.16778487,-0.23034915,0.95853412,0
-0.35980296,4.0830622,-2.6072111,-0.16778487,0.23034915,-0.95853412,0
-0.9581182,-4.4956622,-2.4792657,-0.16923288,-0.96461433,-0.2021873,0
0.29653454,0.4404791,-1.3370423,0.97118926,-0.12829143,-0.2008304,0
0.054936647,-5.6012502,2.2957339,0.16778487,-0.23034915,0.95853412,0
0.68482161,-0.39652717,3.4362452,0.16778487,-0.23034915,0.95853412,0
0.63702458,5.4278646,-1.6994162,0.16923288,0.96461433,0.2021873,0
-0.033813,3.6137409,-2.7770581,-0.16778487,0.23034915,-0.95853412,0
-0.63725179,-5.3507304,1.3316064,-0.16923288,-0.96461433,-0.2021873,0
1.3404853,2.1954455,2.5902858,0.97118926,-0.12829143,-0.2008304,0
0.18382466,3.7443399,-2.7837694,-0.16778487,0.23034915,-0.95853412,0
0.93047589,4.8114185,-1.0635643,0.97118926,-0.12829143,-0.2008304,0
-0.84135342,-4.6213493,-1.9773583,-0.16923288,-0.96461433,-0.2021873,0
-0.063325167,-0.94614434,-2.1914945,0.97118926,-0.12829143,-0.2008304,0
-0.87752867,-2.3705201,-4.0674734,-0.16778487,0.23034915,-0.95853412,0
0.27431059,2.6211038,-2.8375092,0.97118926,-0.12829143,-0.2008304,0
0.0076031685,1.6767088,-3.2498038,-0.16778487,0.23034915,-0.95853412,0
-0.94510841,-2.5276084,-4.0933943,-0.16778487,0.23034915,-0.95853412,0
0.089480937,5.638113,-2.2441897,0.16923288,0.96461433,0.2021873,0
-0.40274751,-5.4321918,1.5239697,-0.16923288,-0.96461433,-0.2021873,0
-0.09085393,-2.18221,-1.5350143,0.97118926,-0.12829143,-0.2008304,0
-1.5485609,-4.4147773,-2.3709512,-0.16923288,-0.96461433,-0.2021873,0
0.8687557,5.0058904,0.11981916,0.16923288,0.96461433,0.2021873,0
-0.20099831,-0.94992483,2.1244805,-0.97118926,0.12829143,0.2008304,0
0.85490441,4.4696422,2.6897943,0.16923288,0.96461433,0.2021873,0
-0.83203685,-3.2319145,0.5306077,-0.97118926,0.12829143,0.2008304,0
-0.061142266,5.6226263,-2.0442328,0.16923288,0.96461433,0.2021873,0
1.0532765,2.6685002,4.1083183,0.16778487,-0.23034915,0.95853412,0
-0.55006671,-4.8090329,-1.3257523,-0.16923288,-0.96461433,-0.2021873,0
1.8496375,3.7032678,4.0892754,0.97118926,-0.12829143,-0.2008304,0
-0.48569012,-5.1832771,0.4058485,-0.16923288,-0.96461433,-0.2021873,0
0.35770547,-1.9440947,0.48205137,0.97118926,-0.12829143,-0.2008304,0
0.40816402,4.2924428,1.7214558,-0.97118926,0.12829143,0.2008304,0
0.96135998,4.2291965,3.7478328,0.16923288,0.96461433,0.2021873,0
0.69427109,-1.5872902,1.8817106,0.97118926,-0.12829143,-0.2008304,0
1.1729653,4.660748,1.5118299,0.16923288,0.96461433,0.2021873,0
0.020450711,1.811529,1.4313467,-0.97118926,0.12829143,0.2008304,0
-0.056299947,5.5312777,-1.6124701,0.16923288,0.96461433,0.2021873,0
0.84941506,0.10676289,3.5283818,0.16778487,-0.23034915,0.95853412,0
-0.28295708,1.8870595,-3.1483929,-0.16778487,0.23034915,-0.95853412,0
0.62687778,3.3136988,3.4043541,-0.97118926,0.12829143,0.2008304,0
-1.5452824,-4.1518378,-3.628154,-0.16923288,-0.96461433,-0.2021873,0
0.75692254,5.1339025,-0.39730883,0.16923288,0.96461433,0.2021873,0
0.72542858,1.733693,3.9410591,0.16778487,-0.23034915,0.95853412,0
0.015665205,-5.4849024,1.4252281,-0.16923288,-0.96461433,-0.2021873,0
-1.0591023,-0.60314465,-3.610965,-0.16778487,0.23034915,-0.95853412,0
-0.76620245,-4.6749597,-1.784492,-0.16923288,-0.96461433,-0.2021873,0
1.4617267,4.1203847,3.8481495,0.16923288,0.96461433,0.2021873,0
0.01439786,-3.4859872,2.8111572,0.16778487,-0.23034915,0.95853412,0
0.0027493238,3.4180033,0.31951976,-0.97118926,0.12829143,0.2008304,0
-0.64432502,-4.5409627,-2.5257888,-0.16923288,-0.96461433,-0.2021873,0
1.2359594,4.7232971,1.160686,0.16923288,0.96461433,0.2021873,0
0.53925157,0.65809309,-0.30230719,0.97118926,-0.12829143,-0.2008304,0
-0.065529704,3.2750084,-2.8529081,-0.16778487,0.23034915,-0.95853412,0
-0.78916526,-4.4420943,-2.8762488,-0.16923288,-0.96461433,-0.2021873,0
0.088940561,-3.6481929,0.270926,0.97118926,-0.12829143,-0.2008304,0
0.75323445,2.7278409,-0.58968067,0.97118926,-0.12829143,-0.2008304,0
1.3219042,2.4284332,4.0036058,0.16778487,-0.23034915,0.95853412,0
0.37395775,-3.4013255,2.7685642,0.16778487,-0.23034915,0.95853412,0
-0.45202017,-4.9992204,-0.50045204,-0.16923288,-0.96461433,-0.2021873,0
-0.69525421,0.52848113,-1.2100911,-0.97118926,0.12829143,0.2008304,0
1.7749848,3.7902596,4.2515631,0.16778487,-0.23034915,0.95853412,0
-0.61363274,-5.104063,0.13501215,-0.16923288,-0.96461433,-0.2021873,0
-1.1310155,-4.8888426,-0.45872641,-0.16923288,-0.96461433,-0.2021873,0
0.41794658,3.4617205,2.2994335,-0.97118926,0.12829143,0.2008304,0
1.0735388,4.1833892,3.872479,0.16923288,0.96461433,0.2021873,0
1.5386367,4.3311005,2.7784729,0.16923288,0.96461433,0.2021873,0
1.3837533,4.1439371,3.8010492,0.16923288,0.96461433,0.2021873,0
-0.9054904,-1.8439904,-0.7112186,-0.97118926,0.12829143,0.2008304,0
1.1241972,1.5401208,1.9629691,0.97118926,-0.12829143,-0.2008304,0
0.41800261,5.2988596,-0.90062428,0.16923288,0.96461433,0.2021873,0
0.89610481,4.5023899,2.4990764,0.16923288,0.96461433,0.2021873,0
0.92715812,0.32376778,3.5669227,0.16778487,-0.23034915,0.95853412,0
-0.11232591,-5.1740479,2.4276748,0.16778487,-0.23034915,0.95853412,0
-0.46627498,-1.9120288,1.4562341,-0.97118926,0.12829143,0.2008304,0
0.75245428,-1.6297164,3.1280537,0.16778487,-0.23034915,0.95853412,0
-0.27664542,1.5003219,0.19342887,-0.97118926,0.12829143,0.2008304,0
0.49624729,1.4428513,3.9112821,0.16778487,-0.23034915,0.95853412,0
-0.85609871,-5.0684295,0.16795588,-0.16923288,-0.96461433,-0.2021873,0
-0.86928523,1.0698152,-2.39749,-0.97118926,0.12829143,0.2008304,0
-0.47278386,-2.0159495,1.4911426,-0.97118926,0.12829143,0.2008304,0
-0.77423549,1.9379153,-3.0501766,-0.16778487,0.23034915,-0.95853412,0
0.061992586,5.6040807,-2.0588179,0.16923288,0.96461433,0.2021873,0
1.2071637,2.7978506,1.5607405,0.97118926,-0.12829143,-0.2008304,0
-0.65769005,-3.6328223,-3.3494997,0.97118926,-0.12829143,-0.2008304,0
1.4288614,3.2175937,2.3647068,0.97118926,-0.12829143,-0.2008304,0
-0.096894026,-0.31919456,-2.7543285,0.97118926,-0.12829143,-0.2008304,0
-0.46377766,-0.88480598,0.81211483,-0.97118926,0.12829143,0.2008304,0
-0.5073266,-4.9822302,-0.53521919,-0.16923288,-0.96461433,-0.2021873,0
0.669671,5.2320251,-0.79241133,0.16923288,0.96461433,0.2021873,0
1.5347614,2.8102078,4.0580921,0.16778487,-0.23034915,0.95853412,0
1.1974049,3.9603808,4.3935471,0.16778487,-0.23034915,0.95853412,0
0.89338732,3.6536083,4.3730416,0.16778487,-0.23034915,0.95853412,0
-0.68333083,-1.9938304,0.45883489,-0.97118926,0.12829143,0.2008304,0
-0.44555545,-2.852277,-2.822262,0.97118926,-0.12829143,-0.2008304,0
0.69143319,4.9247417,0.65539074,0.16923288,0.96461433,0.2021873,0
-0.15826201,-1.8486142,-2.0740948,0.97118926,-0.12829143,-0.2008304,0
-0.75207996,-4.7740607,-1.3235116,-0.16923288,-0.96461433,-0.2021873,0
0.24539468,-4.8889327,1.8201094,0.97118926,-0.12829143,-0.2008304,0
-0.40300363,3.948411,-1.9814751,-0.97118926,0.12829143,0.2008304,0
0.99869549,1.0150743,1.6914622,0.97118926,-0.12829143,-0.2008304,0
-0.32721078,4.8916397,-2.2174904,-0.97118926,0.12829143,0.2008304,0
1.5348766,4.4103751,2.4034109,0.16923288,0.96461433,0.2021873,0
-1.4113564,-4.2518616,-3.2630479,-0.16923288,-0.96461433,-0.2021873,0
0.81415176,4.4252343,2.9357717,0.16923288,0.96461433,0.2021873,0
0.59637308,2.0474968,-0.91363394,0.97118926,-0.12829143,-0.2008304,0
1.3347287,4.0512257,4.2844019,0.16923288,0.96461433,0.2021873,0
1.6181722,3.5804629,4.2285948,0.16778487,-0.23034915,0.95853412,0
0.23462045,-5.2773743,2.3421135,0.16778487,-0.23034915,0.95853412,0
-0.14153588,5.0161667,-1.3991404,-0.97118926,0.12829143,0.2008304,0
-0.85134852,-2.6531591,0.067505836,-0.97118926,0.12829143,0.2008304,0
0.44164932,-3.7134454,2.6817088,0.16778487,-0.23034915,0.95853412,0
0.36453843,-0.94729328,3.3599515,0.16778487,-0.23034915,0.95853412,0
-0.70072961,-0.92119122,-3.7501268,-0.16778487,0.23034915,-0.95853412,0
1.0260613,4.6334066,1.765234,0.16923288,0.96461433,0.2021873,0
0.32472828,-3.1259332,1.0775433,0.97118926,-0.12829143,-0.2008304,0
0.039761543,-2.5594313,-0.6624043,0.97118926,-0.12829143,-0.2008304,0
-0.69381511,-5.5385599,2.4418631,0.16778487,-0.23034915,0.95853412,0
1.0709476,3.4519024,4.293488,0.16778487,-0.23034915,0.95853412,0
0.02687192,2.9269872,0.74983883,-0.97118926,0.12829143,0.2008304,0
-0.97548389,-1.8881272,-3.9344013,-0.16778487,0.23034915,-0.95853412,0
-1.4524894,-3.1401525,-4.1517839,-0.16778487,0.23034915,-0.95853412,0
-0.27540946,-0.34371591,-3.6019406,0.97118926,-0.12829143,-0.2008304,0
-0.3343935,-3.9639606,-1.5745482,0.97118926,-0.12829143,-0.2008304,0
0.55734921,-1.1349348,3.2811084,0.16778487,-0.23034915,0.95853412,0
-0.75693321,-4.6948137,-1.6975269,-0.16923288,-0.96461433,-0.2021873,0
-0.03979826,-3.5498438,2.8052986,0.16778487,-0.23034915,0.95853412,0
-0.92325795,-2.2083046,-0.56441307,-0.97118926,0.12829143,0.2008304,0
-0.4420135,0.73697734,-3.3969321,-0.16778487,0.23034915,-0.95853412,0
-0.76255131,-4.3498955,-3.338398,-0.16923288,-0.96461433,-0.2021873,0
1.1567726,-0.16172922,3.4100585,0.16778487,-0.23034915,0.95853412,0
1.0850992,3.0654225,4.1981344,0.16778487,-0.23034915,0.95853412,0
0.43658876,4.495049,-2.6476083,-0.16778487,0.23034915,-0.95853412,0
-0.20883679,0.56513131,-3.4790449,-0.16778487,0.23034915,-0.95853412,0
-0.44721305,-5.5196843,2.4032335,0.16778487,-0.23034915,0.95853412,0
1.2925463,4.3363895,2.9592178,0.16923288,0.96461433,0.2021873,0
1.4397814,4.1086063,1.8483315,0.97118926,-0.12829143,-0.2008304,0
-1.1299725,-4.4517446,-2.5449476,-0.16923288,-0.96461433,-0.2021873,0
-0.73927003,-5.3997989,1.6510978,-0.16923288,-0.96461433,-0.2021873,0
1.3304114,3.7882607,4.3289022,0.16778487,-0.23034915,0.95853412,0
-0.49132967,-4.7862539,-1.4835887,-0.16923288,-0.96461433,-0.2021873,0
-1.5565143,-4.1463704,-3.6448355,-0.16923288,-0.96461433,-0.2021873,0
-1.3752356,-2.728436,-4.0663657,-0.16778487,0.23034915,-0.95853412,0
-0.50477755,-5.056973,2.5245056,0.16778487,-0.23034915,0.95853412,0
-0.22044468,-2.1449151,2.7938066,-0.97118926,0.12829143,0.2008304,0
-0.57728076,1.3216381,-3.2327521,-0.16778487,0.23034915,-0.95853412,0
1.2582846,3.0525067,4.1647158,0.16778487,-0.23034915,0.95853412,0
-0.094398975,2.0145848,-3.1507528,-0.16778487,0.23034915,-0.95853412,0
-0.41193581,-5.1264334,0.072918892,-0.16923288,-0.96461433,-0.2021873,0
-1.2510576,-2.2676439,-3.9773669,-0.16778487,0.23034915,-0.95853412,0
0.89729548,1.4929155,3.8531127,0.16778487,-0.23034915,0.95853412,0
0.32135916,0.59686387,3.6624336,-0.97118926,0.12829143,0.2008304,0
1.3927908,3.7076993,4.2986236,0.16778487,-0.23034915,0.95853412,0
-1.6905437,-4.1221519,-3.6481984,-0.16923288,-0.96461433,-0.2021873,0
-0.39374852,-2.785259,-2.6145418,0.97118926,-0.12829143,-0.2008304,0
-0.2822578,1.6624444,-3.2024934,-0.16778487,0.23034915,-0.95853412,0
-0.82699162,-5.3496594,1.485311,-0.16923288,-0.96461433,-0.2021873,0
0.038728952,3.7429643,0.28592682,-0.97118926,0.12829143,0.2008304,0
-0.036775589,-2.9536312,-0.78071094,0.97118926,-0.12829143,-0.2008304,0
-0.45690611,0.90287173,-0.29663375,-0.97118926,0.12829143,0.2008304,0
1.5224051,3.8023295,4.2986755,0.16778487,-0.23034915,0.95853412,0
-0.49770212,-4.7111402,-1.8366156,-0.16923288,-0.96461433,-0.2021873,0
0.44841409,5.3734598,-1.2819881,0.16923288,0.96461433,0.2021873,0
0.67503369,-1.4251633,1.6851125,0.97118926,-0.12829143,-0.2008304,0
0.39178979,5.0658693,0.23289013,0.16923288,0.96461433,0.2021873,0
0.21766114,3.1632338,1.5215545,-0.97118926,0.12829143,0.2008304,0
0.082398653,5.0293617,-0.32465029,-0.97118926,0.12829143,0.2008304,0
-0.87849534,1.3583305,-2.6263342,-0.97118926,0.12829143,0.2008304,0
-1.5263736,-3.6101885,-2.5854716,-0.97118926,0.12829143,0.2008304,0
-0.45982981,2.3185186,-3.0137467,-0.16778487,0.23034915,-0.95853412,0
1.0690155,4.2548633,3.5352716,0.16923288,0.96461433,0.2021873,0
0.9866088,3.9252024,-0.22599363,0.97118926,-0.12829143,-0.2008304,0
1.2521517,1.3994792,3.7685432,0.16778487,-0.23034915,0.95853412,0
-0.87954521,-4.2487679,-3.72294,-0.16923288,-0.96461433,-0.2021873,0
1.0377095,-0.056366861,2.5645714,0.97118926,-0.12829143,-0.2008304,0
-0.43404341,-4.8411751,-1.2695146,-0.16923288,-0.96461433,-0.2021873,0
-0.29420328,2.371161,-3.0300879,-0.16778487,0.23034915,-0.95853412,0
-0.45097166,1.0683804,-0.37366301,-0.97118926,0.12829143,0.2008304,0
-1.033107,-4.735496,-1.2722778,-0.16923288,-0.96461433,-0.2021873,0
-0.030949116,2.9131196,-2.9459286,-0.16778487,0.23034915,-0.95853412,0
1.1904742,3.171967,1.2410431,0.97118926,-0.12829143,-0.2008304,0
-0.040669918,-0.69419694,2.7364469,-0.97118926,0.12829143,0.2008304,0
0.27867383,5.3218455,-0.89366722,0.16923288,0.96461433,0.2021873,0
-1.6295128,-2.4537468,-3.8229818,-0.97118926,0.12829143,0.2008304,0
0.019265771,-2.050854,-1.0864009,0.97118926,-0.12829143,-0.2008304,0
1.3029759,4.5640206,1.8644853,0.16923288,0.96461433,0.2021873,0
-1.587893,-4.0167646,-4.2369108,-0.16923288,-0.96461433,-0.2021873,0
1.1513698,4.9116297,0.33297634,0.16923288,0.96461433,0.2021873,0
-0.40101314,0.42981672,-3.4779236,-0.16778487,0.23034915,-0.95853412,0
-1.653161,-2.4959071,-3.9104087,-0.97118926,0.12829143,0.2008304,0
1.0614085,-0.29537082,3.3946352,0.16778487,-0.23034915,0.95853412,0
0.43654037,0.80789471,3.7691445,0.16778487,-0.23034915,0.95853412,0
0.1477437,-1.2185047,3.3327243,0.16778487,-0.23034915,0.95853412,0
-0.28105235,0.11587262,-3.5743673,-0.16778487,0.23034915,-0.95853412,0
-1.2448273,-3.8940408,-4.3693037,-0.16778487,0.23034915,-0.95853412,0
-1.5162435,-4.0494061,-4.1411519,-0.16923288,-0.96461433,-0.2021873,0
-0.65661287,-5.2463822,0.84997845,-0.16923288,-0.96461433,-0.2021873,0
-0.16449922,5.2223706,-2.3676064,-0.16778487,0.23034915,-0.95853412,0
0.6565792,2.1784942,-0.70616698,0.97118926,-0.12829143,-0.2008304,0
-0.16985023,2.023757,0.37550354,-0.97118926,0.12829143,0.2008304,0
0.12333536,0.26840961,2.9146371,-0.97118926,0.12829143,0.2008304,0
-0.28472465,1.5870031,0.098986745,-0.97118926,0.12829143,0.2008304,0
0.99374974,2.5988572,0.65581584,0.97118926,-0.12829143,-0.2008304,0
-0.3234576,2.3645759,-0.58503842,-0.97118926,0.12829143,0.2008304,0
-0.12432337,-1.8815197,3.0903785,-0.97118926,0.12829143,0.2008304,0
-0.91799235,-1.1491776,-1.2155267,-0.97118926,0.12829143,0.2008304,0
1.4026232,4.1503906,3.754467,0.16923288,0.96461433,0.2021873,0
1.3030822,1.2851917,3.7321632,0.16778487,-0.23034915,0.95853412,0
-0.73926526,-1.0941815,-0.38635707,-0.97118926,0.12829143,0.2008304,0
0.25568676,4.5774064,-2.5961506,-0.16778487,0.23034915,-0.95853412,0
-0.96455956,-4.0773587,-4.4624166,-0.16778487,0.23034915,-0.95853412,0
-1.2019455,-4.2796302,-3.3058472,-0.16923288,-0.96461433,-0.2021873,0
-0.36487871,-5.4422202,2.4074373,0.16778487,-0.23034915,0.95853412,0
0.73449135,0.98256969,3.7589672,0.16778487,-0.23034915,0.95853412,0
-0.93101525,-4.4642477,-2.6518266,-0.16923288,-0.96461433,-0.2021873,0
-0.59044987,-5.3528047,1.3023281,-0.16923288,-0.96461433,-0.2021873,0
0.93288136,-1.4383447,3.1424603,0.16778487,-0.23034915,0.95853412,0
-0.39631283,-2.5515814,2.2031116,-0.97118926,0.12829143,0.2008304,0
-0.28616166,3.9871941,-2.6431403,-0.16778487,0.23034915,-0.95853412,0
-0.3277612,-5.5241861,1.9001002,-0.16923288,-0.96461433,-0.2021873,0
-0.51425505,0.71070683,-3.3905997,-0.16778487,0.23034915,-0.95853412,0
-0.6757741,-0.84058595,-3.7351243,-0.16778487,0.23034915,-0.95853412,0
-0.61626923,-4.9069638,-0.80311823,-0.16923288,-0.96461433,-0.2021873,0
-0.70941609,-5.3181796,2.4563026,-0.97118926,0.12829143,0.2008304,0
1.385047,4.4004064,2.5763788,0.16923288,0.96461433,0.2021873,0
0.79778278,5.3990664,-1.6965804,0.16923288,0.96461433,0.2021873,0
0.69571662,4.2233124,-1.8231461,0.97118926,-0.12829143,-0.2008304,0
-1.242135,-4.8745542,-0.43388605,-0.16923288,-0.96461433,-0.2021873,0
0.36112034,-3.2680938,2.8028293,0.16778487,-0.23034915,0.95853412,0
-0.63637424,-1.9621181,0.66565299,-0.97118926,0.12829143,0.2008304,0
-0.27842695,4.612289,-1.8031275,-0.97118926,0.12829143,0.2008304,0
-0.456146,1.8291745,-3.1319878,-0.16778487,0.23034915,-0.95853412,0
-0.29477668,-4.15557,-1.2605653,0.97118926,-0.12829143,-0.2008304,0
-0.41340303,-3.925097,-1.9814548,0.97118926,-0.12829143,-0.2008304,0
-0.7027148,-1.6350735,0.13592124,-0.97118926,0.12829143,0.2008304,0
0.063827842,5.5645361,-1.8716888,0.16923288,0.96461433,0.2021873,0
0.12129402,5.3313365,-0.80721855,0.16923288,0.96461433,0.2021873,0
0.062656641,-0.39255822,3.0434322,-0.97118926,0.12829143,0.2008304,0
-1.1112803,-2.286845,-1.4234929,-0.97118926,0.12829143,0.2008304,0
-0.86957312,1.74517,-3.0798075,-0.16778487,0.23034915,-0.95853412,0
-1.3927927,-4.0765734,-4.1148682,-0.16923288,-0.96461433,-0.2021873,0
1.2159133,3.5327599,4.2875443,0.16778487,-0.23034915,0.95853412,0
-0.033941031,-0.66397619,2.7496824,-0.97118926,0.12829143,0.2008304,0
-1.2287617,-4.7279534,-1.1444974,-0.16923288,-0.96461433,-0.2021873,0
0.065878868,1.5590687,-3.1670258,0.97118926,-0.12829143,-0.2008304,0
0.33820653,-0.52311993,3.4664955,0.16778487,-0.23034915,0.95853412,0
0.85005713,4.5868626,2.1346073,0.16923288,0.96461433,0.2021873,0
0.44295576,-1.4748688,0.59456646,0.97118926,-0.12829143,-0.2008304,0
-0.32903481,-5.3875337,2.4143047,0.16778487,-0.23034915,0.95853412,0
-1.1517911,-3.3270006,-4.249321,-0.16778487,0.23034915,-0.95853412,0
-1.6147766,-3.6339874,-4.2420521,-0.16778487,0.23034915,-0.95853412,0
-1.2245305,-4.4205627,-2.6145673,-0.16923288,-0.96461433,-0.2021873,0
-1.2394569,-4.2766256,-3.2887836,-0.16923288,-0.96461433,-0.2021873,0
-0.71592009,-5.5610385,2.4008117,-0.16923288,-0.96461433,-0.2021873,0
-0.47297317,-5.40973,2.434166,0.16778487,-0.23034915,0.95853412,0
0.42149305,-3.5598979,2.7221365,0.16778487,-0.23034915,0.95853412,0
0.79732537,-0.27096498,3.4467263,0.16778487,-0.23034915,0.95853412,0
0.20700657,4.0983143,0.87269545,-0.97118926,0.12829143,0.2008304,0
0.67052007,-2.7592692,2.8709483,0.16778487,-0.23034915,0.95853412,0
-0.48709798,-4.7558746,-1.6320672,-0.16923288,-0.96461433,-0.2021873,0
-1.3442638,-2.1715312,-2.6238351,-0.97118926,0.12829143,0.2008304,0
-0.47099566,-4.7878704,-1.4928985,-0.16923288,-0.96461433,-0.2021873,0
1.4338989,4.3728213,2.6670933,0.16923288,0.96461433,0.2021873,0
1.0878849,2.7162321,1.0360627,0.97118926,-0.12829143,-0.2008304,0
0.12263918,5.2707362,-0.51922655,0.16923288,0.96461433,0.2021873,0
0.93064559,3.7123778,-0.36067104,0.97118926,-0.12829143,-0.2008304,0
1.3207707,4.1515703,3.8173494,0.16923288,0.96461433,0.2021873,0
0.94568694,5.281569,-1.2598081,0.16923288,0.96461433,0.2021873,0
0.55729842,4.8248529,-2.5894811,-0.16778487,0.23034915,-0.95853412,0
0.0043287277,-0.59474802,2.8905263,-0.97118926,0.12829143,0.2008304,0
-0.78537863,-5.1219854,0.36427307,-0.16923288,-0.96461433,-0.2021873,0
-0.53955555,-4.7868643,-1.4403114,-0.16923288,-0.96461433,-0.2021873,0
-0.77931654,-4.0370455,1.2998779,-0.97118926,0.12829143,0.2008304,0
-0.64782393,-5.0410109,-0.13718367,-0.16923288,-0.96461433,-0.2021873,0
0.562675,4.9552512,0.6176033,0.16923288,0.96461433,0.2021873,0
0.93957281,5.2201791,-0.96180677,0.16923288,0.96461433,0.2021873,0
-0.9801805,-5.2196784,0.99340582,-0.16923288,-0.96461433,-0.2021873,0
0.88165474,2.5287111,4.1047668,0.16778487,-0.23034915,0.95853412,0
1.4177625,2.0570841,3.052372,0.97118926,-0.12829143,-0.2008304,0
1.312397,3.2133441,1.8042145,0.97118926,-0.12829143,-0.2008304,0
-1.1438718,-2.3866529,-4.0247288,-0.16778487,0.23034915,-0.95853412,0
0.17116904,2.8940029,-2.9859021,-0.16778487,0.23034915,-0.95853412,0
0.54393935,3.7918725,2.6978149,-0.97118926,0.12829143,0.2008304,0
0.78385329,4.6651387,1.8165731,0.16923288,0.96461433,0.2021873,0
-0.13713467,4.3290124,-2.5870824,-0.16778487,0.23034915,-0.95853412,0
0.6591208,0.60470665,3.6813543,0.16778487,-0.23034915,0.95853412,0
1.5689068,4.2641826,3.0723944,0.16923288,0.96461433,0.2021873,0
-1.2950737,-4.728435,-1.0866957,-0.16923288,-0.96461433,-0.2021873,0
0.40048015,-3.9118667,2.6412315,0.16778487,-0.23034915,0.95853412,0
-0.021039724,-0.45318854,2.6774189,-0.97118926,0.12829143,0.2008304,0
-1.7534997,-4.0168834,-3.4240258,-0.97118926,0.12829143,0.2008304,0
0.55004668,4.6852207,-2.6217673,-0.16778487,0.23034915,-0.95853412,0
-0.77074528,-2.6183732,-4.1457276,-0.16778487,0.23034915,-0.95853412,0
1.1300485,-0.51152807,3.3018708,0.97118926,-0.12829143,-0.2008304,0
-0.64545655,-4.6557121,-1.9773841,-0.16923288,-0.96461433,-0.2021873,0
0.11136329,-3.7953546,2.7198391,0.16778487,-0.23034915,0.95853412,0
-0.8529855,-4.96702,-0.31846523,-0.16923288,-0.96461433,-0.2021873,0
1.4269607,3.3956265,2.2417865,0.97118926,-0.12829143,-0.2008304,0
-1.1627188,-4.0783215,-4.2991028,-0.16923288,-0.96461433,-0.2021873,0
0.17681062,3.6594284,1.0070348,-0.97118926,0.12829143,0.2008304,0
0.69117403,5.3432088,-1.3408546,0.16923288,0.96461433,0.2021873,0
-0.34382367,2.8932142,-2.8959453,-0.16778487,0.23034915,-0.95853412,0
0.82214129,5.0183415,0.099430084,0.16923288,0.96461433,0.2021873,0
-0.62291312,1.9118795,-1.7439818,-0.97118926,0.12829143,0.2008304,0
-0.63647377,-2.4618912,0.98443007,-0.97118926,0.12829143,0.2008304,0
1.2706304,2.2667007,3.9737139,0.16778487,-0.23034915,0.95853412,0
-0.92828226,-1.9013869,-3.9458497,-0.16778487,0.23034915,-0.95853412,0
0.55770874,-0.88462222,3.3411994,0.16778487,-0.23034915,0.95853412,0
0.93780327,4.6659498,1.6838431,0.16923288,0.96461433,0.2021873,0
0.28020334,4.4266319,1.0169349,-0.97118926,0.12829143,0.2008304,0
1.4443848,2.1526141,3.1200922,0.97118926,-0.12829143,-0.2008304,0
-0.91770029,-2.3906107,-4.0652695,-0.16778487,0.23034915,-0.95853412,0
-0.30381382,3.7641392,-2.6936536,-0.16778487,0.23034915,-0.95853412,0
0.44055182,5.5247092,-1.9970036,0.16923288,0.96461433,0.2021873,0
1.6495385,4.2257495,3.1882648,0.16923288,0.96461433,0.2021873,0
0.89032352,0.15544575,1.7165253,0.97118926,-0.12829143,-0.2008304,0
-0.052461743,-2.9210026,-0.87740993,0.97118926,-0.12829143,-0.2008304,0
1.1786804,1.1834174,2.454308,0.97118926,-0.12829143,-0.2008304,0
0.18283308,5.2327099,-0.38819075,0.16923288,0.96461433,0.2021873,0
1.1858349,-0.021103024,3.2583594,0.97118926,-0.12829143,-0.2008304,0
-0.3121129,-5.3238311,0.93112803,-0.16923288,-0.96461433,-0.2021873,0
-0.49634701,-5.3940139,1.4201698,-0.16923288,-0.96461433,-0.2021873,0
0.68815559,5.2662401,-0.97111893,0.16923288,0.96461433,0.2021873,0
-0.77653432,2.1384106,-3.0015924,-0.16778487,0.23034915,-0.95853412,0
-1.1435523,-4.058845,-4.4080648,-0.16923288,-0.96461433,-0.2021873,0
-0.48314548,-5.16434,2.4949179,0.16778487,-0.23034915,0.95853412,0
0.42066407,-0.099351048,3.5538998,0.16778487,-0.23034915,0.95853412,0
0.96435088,2.1991944,0.76895404,0.97118926,-0.12829143,-0.2008304,0
0.2094357,-1.1020348,3.3499148,0.16778487,-0.23034915,0.95853412,0
-0.72699738,0.72277915,-3.3504596,-0.16778487,0.23034915,-0.95853412,0
-0.69074726,-4.8021069,-1.2410426,-0.16923288,-0.96461433,-0.2021873,0
-0.49559903,-4.9014049,-0.93064356,-0.16923288,-0.96461433,-0.2021873,0
0.89377284,0.37880743,3.5859933,0.16778487,-0.23034915,0.95853412,0
1.0107803,4.8362474,0.81029034,0.16923288,0.96461433,0.2021873,0
0.50008011,1.1391194,3.8376203,0.16778487,-0.23034915,0.95853412,0
1.2765117,2.9341068,4.1330719,0.16778487,-0.23034915,0.95853412,0
-1.210681,-3.1011908,-4.1847477,-0.16778487,0.23034915,-0.95853412,0
-0.76051641,0.91694397,-1.7738431,-0.97118926,0.12829143,0.2008304,0
0.81238115,5.1245985,-0.39934206,0.16923288,0.96461433,0.2021873,0
0.20831561,5.1996708,-0.25189495,0.16923288,0.96461433,0.2021873,0
0.56826282,0.32441592,3.6299009,0.16778487,-0.23034915,0.95853412,0
-1.2399098,-3.7799139,-1.0917487,-0.97118926,0.12829143,0.2008304,0
0.67169976,1.073416,3.7917898,0.16778487,-0.23034915,0.95853412,0
-1.2858932,-4.5621614,-1.8876519,-0.16923288,-0.96461433,-0.2021873,0
0.37544072,-2.9065316,2.8872106,0.16778487,-0.23034915,0.95853412,0
0.085362554,3.0821505,0.93357182,-0.97118926,0.12829143,0.2008304,0
0.48292491,-1.4955137,0.80103976,0.97118926,-0.12829143,-0.2008304,0
-0.89383507,-2.3963561,-4.070828,-0.16778487,0.23034915,-0.95853412,0
-0.98472118,-4.1806498,-3.9598904,-0.16923288,-0.96461433,-0.2021873,0
-0.84838367,-4.7286081,-1.4597549,-0.16923288,-0.96461433,-0.2021873,0
0.20230055,4.2267785,-2.6710665,-0.16778487,0.23034915,-0.95853412,0
-0.94472909,-4.7938333,-1.0679302,-0.16923288,-0.96461433,-0.2021873,0
0.18608689,1.1181864,2.6752527,-0.97118926,0.12829143,0.2008304,0
0.21890867,-2.0407059,-0.12743628,0.97118926,-0.12829143,-0.2008304,0
1.3582966,4.2670112,1.3530912,0.97118926,-0.12829143,-0.2008304,0
-0.12369967,-1.2288139,2.6764429,-0.97118926,0.12829143,0.2008304,0
1.1854939,1.7105832,3.8549738,0.16778487,-0.23034915,0.95853412,0
1.0826576,4.5223808,2.2475538,0.16923288,0.96461433,0.2021873,0
-0.58765942,-0.41603047,-0.086417437,-0.97118926,0.12829143,0.2008304,0
-1.217422,-4.7627268,-0.35517454,-0.97118926,0.12829143,0.2008304,0
0.84973836,1.1669948,3.7831137,0.16778487,-0.23034915,0.95853412,0
0.56070864,-3.5837376,2.5111604,0.97118926,-0.12829143,-0.2008304,0
-0.56978369,-0.37478912,-3.6417398,-0.16778487,0.23034915,-0.95853412,0
1.6099117,4.166924,3.5020854,0.16923288,0.96461433,0.2021873,0
-0.79252005,-1.6518821,-3.9096549,-0.16778487,0.23034915,-0.95853412,0
0.55370104,5.0368819,0.23566484,0.16923288,0.96461433,0.2021873,0
0.56136012,4.6138701,2.2473989,0.16923288,0.96461433,0.2021873,0
-0.97347116,-0.94868267,-3.708992,-0.16778487,0.23034915,-0.95853412,0
0.14778459,3.9587455,-2.7259362,-0.16778487,0.23034915,-0.95853412,0
-0.69867659,-1.6431167,-3.9239752,-0.16778487,0.23034915,-0.95853412,0
-0.24365532,1.7203466,0.21241248,-0.97118926,0.12829143,0.2008304,0
0.30305719,1.2662383,3.1463306,-0.97118926,0.12829143,0.2008304,0
0.83163488,-1.5330117,2.5113101,0.97118926,-0.12829143,-0.2008304,0
0.87438774,-0.48930562,3.3807669,0.16778487,-0.23034915,0.95853412,0
-0.80846667,-1.5000616,-3.8703785,-0.16778487,0.23034915,-0.95853412,0
-0.58881068,-4.7141685,-1.7459092,-0.16923288,-0.96461433,-0.2021873,0
0.045900792,5.577343,-1.9177847,0.16923288,0.96461433,0.2021873,0
0.26608968,0.65240145,3.359683,-0.97118926,0.12829143,0.2008304,0
-0.71485019,-0.96859658,-3.759047,-0.16778487,0.23034915,-0.95853412,0
-0.94312811,-2.7119915,-4.138051,-0.16778487,0.23034915,-0.95853412,0
-0.60992515,2.2952199,-1.9260538,-0.97118926,0.12829143,0.2008304,0
0.023265481,3.4466712,-2.8271983,-0.16778487,0.23034915,-0.95853412,0
0.17698801,4.2725649,-2.6556327,-0.16778487,0.23034915,-0.95853412,0
-0.86780119,1.775462,-3.0728381,-0.16778487,0.23034915,-0.95853412,0
0.3915773,-2.5802288,1.0522172,0.97118926,-0.12829143,-0.2008304,0
