2.7347095,1.2972732,-3.5887623,0.61472434,0.51112777,-0.60071826,0
2.4885843,3.9738712,-0.35726845,-0.76319009,0.57774061,-0.28940737,0
-2.1608527,-2.2235279,-0.46813202,-0.76319009,0.57774061,-0.28940737,0
-2.8971777,-3.861367,1.2408185,-0.61472434,-0.51112777,0.60071826,0
1.3247596,1.1703651,0.57055914,0.76319009,-0.57774061,0.28940737,0
-0.41440392,-0.35044539,2.1208944,0.76319009,-0.57774061,0.28940737,0
2.5491807,2.9523036,-2.3704162,0.61472434,0.51112777,-0.60071826,0
2.229624,1.5635173,-3.8790874,0.61472434,0.51112777,-0.60071826,0
-0.048986316,-1.7014958,-1.5398273,0.76319009,-0.57774061,0.28940737,0
2.2533917,-0.25040007,-4.7145758,0.76319009,-0.57774061,0.28940737,0
2.6695004,1.5663927,-3.4265084,0.61472434,0.51112777,-0.60071826,0
1.6705563,3.6201859,1.0938777,-0.76319009,0.57774061,-0.28940737,0
1.2104836,2.3670774,2.351753,0.19913518,0.63636798,0.74523884,0
0.11857033,1.4478977,3.428421,0.19913518,0.63636798,0.74523884,0
1.9001703,2.5148129,1.7370616,0.76319009,-0.57774061,0.28940737,0
3.3075511,4.4212608,0.037305236,0.19913518,0.63636798,0.74523884,0
-1.4889069,-2.6299555,-2.052881,-0.19913518,-0.63636798,-0.74523884,0
-1.9227873,0.63693762,4.6663804,0.19913518,0.63636798,0.74523884,0
2.3878675,-0.15617371,-5.1803732,0.61472434,0.51112777,-0.60071826,0
1.0856344,-0.29014349,-4.7388158,-0.19913518,-0.63636798,-0.74523884,0
1.1900368,2.0274556,2.6368341,0.76319009,-0.57774061,0.28940737,0
0.98290181,2.2510705,2.5116251,0.19913518,0.63636798,0.74523884,0
-0.60416377,-0.35507491,2.6120644,0.76319009,-0.57774061,0.28940737,0
-1.8024236,-0.8645336,4.7549438,0.76319009,-0.57774061,0.28940737,0
-3.4055779,-3.3947029,0.47630429,-0.76319009,0.57774061,-0.28940737,0
0.16020584,1.7122337,1.2679687,-0.76319009,0.57774061,-0.28940737,0
2.4959574,0.49344742,-4.5170255,0.61472434,0.51112777,-0.60071826,0
-2.6265011,-2.8416843,2.3854146,-0.61472434,-0.51112777,0.60071826,0
-2.4745095,-2.3492868,2.9599118,-0.61472434,-0.51112777,0.60071826,0
2.6060033,0.43015707,-4.4582644,0.61472434,0.51112777,-0.60071826,0
3.5172005,3.3386946,-1.0510616,0.61472434,0.51112777,-0.60071826,0
3.2875357,3.5806794,-1.0801854,0.61472434,0.51112777,-0.60071826,0
1.9897072,-0.36977684,-4.2575288,0.76319009,-0.57774061,0.28940737,0
-3.5475924,-4.2638092,-0.10761356,-0.19913518,-0.63636798,-0.74523884,0
1.1762938,0.32960278,-4.1716666,-0.76319009,0.57774061,-0.28940737,0
-3.2419648,-3.9715924,-0.43880725,-0.19913518,-0.63636798,-0.74523884,0
2.8836977,1.8559667,-2.1718264,0.76319009,-0.57774061,0.28940737,0
-2.2631731,-0.77210605,4.518137,-0.61472434,-0.51112777,0.60071826,0
3.7576621,4.2629519,0.052212954,0.19913518,0.63636798,0.74523884,0
1.4524373,1.4845667,-2.5942373,-0.76319009,0.57774061,-0.28940737,0
-3.3678994,-4.0283318,-0.35670602,-0.19913518,-0.63636798,-0.74523884,0
2.9629507,3.6497502,-1.353569,0.61472434,0.51112777,-0.60071826,0
2.0711398,1.0101449,-4.5121098,0.61472434,0.51112777,-0.60071826,0
0.38128328,1.7278591,3.1191595,0.19913518,0.63636798,0.74523884,0
2.5111599,2.0982132,-3.1360354,0.61472434,0.51112777,-0.60071826,0
2.7715447,2.347136,-2.6577811,0.61472434,0.51112777,-0.60071826,0
-3.011251,-4.5021801,0.57884264,-0.61472434,-0.51112777,0.60071826,0
-2.027473,-0.052987933,3.5131598,-0.76319009,0.57774061,-0.28940737,0
-3.3940823,-4.1925011,-0.20952356,-0.19913518,-0.63636798,-0.74523884,0
1.6251091,1.8018802,1.0392007,0.76319009,-0.57774061,0.28940737,0
2.673372,3.140739,0.94759613,0.76319009,-0.57774061,0.28940737,0
-2.7259324,-4.0161419,0.89879,0.76319009,-0.57774061,0.28940737,0
2.648576,2.3076148,-0.65017188,0.76319009,-0.57774061,0.28940737,0
-2.8951631,-2.8652542,2.0904341,-0.61472434,-0.51112777,0.60071826,0
-3.7223661,-4.2166443,0.094098806,-0.61472434,-0.51112777,0.60071826,0
3.249052,3.5013752,-1.1870432,0.61472434,0.51112777,-0.60071826,0
-2.7786381,-2.4800558,2.537426,-0.61472434,-0.51112777,0.60071826,0
1.2630904,-0.54599166,-2.6931579,0.76319009,-0.57774061,0.28940737,0
-3.2726088,-2.4286823,2.0756497,-0.61472434,-0.51112777,0.60071826,0
2.6926188,3.0133007,-2.1717336,0.61472434,0.51112777,-0.60071826,0
-2.3156085,-0.024641275,5.1004677,-0.61472434,-0.51112777,0.60071826,0
2.1112099,1.5037174,-4.0511446,0.61472434,0.51112777,-0.60071826,0
-1.4741368,-1.2948589,-0.42516521,-0.76319009,0.57774061,-0.28940737,0
3.6015584,4.1980257,0.14936662,0.19913518,0.63636798,0.74523884,0
2.2061181,2.6246252,-2.3058677,-0.76319009,0.57774061,-0.28940737,0
-1.1949307,-1.0012336,2.8800445,0.76319009,-0.57774061,0.28940737,0
1.9631057,3.0585938,1.5601512,0.19913518,0.63636798,0.74523884,0
-2.0904219,-0.15263379,5.2220011,-0.61472434,-0.51112777,0.60071826,0
-1.8148102,-2.0364962,2.4480333,0.76319009,-0.57774061,0.28940737,0
-0.40962338,-2.5251329,-2.233017,0.76319009,-0.57774061,0.28940737,0
-0.9673233,-1.9983301,-2.7316055,-0.19913518,-0.63636798,-0.74523884,0
-2.4783835,-3.1874454,-1.312436,-0.19913518,-0.63636798,-0.74523884,0
1.3988529,0.072472811,-5.1321535,-0.19913518,-0.63636798,-0.74523884,0
1.2905123,-1.0184758,-4.1716309,-0.19913518,-0.63636798,-0.74523884,0
2.936728,3.5903313,-1.4309598,0.61472434,0.51112777,-0.60071826,0
0.43957025,-1.0357951,-1.4992591,0.76319009,-0.57774061,0.28940737,0
-1.4723179,-2.9948754,-0.36834818,0.76319009,-0.57774061,0.28940737,0
-1.6634263,-0.81649023,1.0289683,-0.76319009,0.57774061,-0.28940737,0
0.98177898,-1.3232383,-3.8288932,-0.19913518,-0.63636798,-0.74523884,0
1.142114,2.1965885,-0.35448968,-0.76319009,0.57774061,-0.28940737,0
-3.0425608,-4.2453103,0.76536298,-0.61472434,-0.51112777,0.60071826,0
2.8104076,1.1670911,-3.6220663,0.61472434,0.51112777,-0.60071826,0
-2.5220497,-2.9157169,2.4293098,-0.61472434,-0.51112777,0.60071826,0
1.3594642,-0.89438653,-4.2960162,-0.19913518,-0.63636798,-0.74523884,0
-3.4369969,-3.9214149,-0.42954004,-0.19913518,-0.63636798,-0.74523884,0
3.4521608,3.5493331,-0.93839335,0.61472434,0.51112777,-0.60071826,0
-2.6524816,-2.4367774,2.7033482,-0.61472434,-0.51112777,0.60071826,0
-2.2238264,-1.3845512,1.3727746,-0.76319009,0.57774061,-0.28940737,0
3.0326481,4.4077601,-0.63728547,0.61472434,0.51112777,-0.60071826,0
-3.1516509,-3.1970124,1.545686,-0.61472434,-0.51112777,0.60071826,0
-1.2927127,-2.7628517,-0.378795,0.76319009,-0.57774061,0.28940737,0
2.3507066,2.7466753,-2.443512,-0.76319009,0.57774061,-0.28940737,0
0.22246814,1.4628711,0.60597831,-0.76319009,0.57774061,-0.28940737,0
-2.2962508,-0.4022522,4.7989826,-0.61472434,-0.51112777,0.60071826,0
-3.123713,-3.1013403,1.6556787,-0.61472434,-0.51112777,0.60071826,0
0.67556977,-0.21239784,-0.4778699,0.76319009,-0.57774061,0.28940737,0
-3.3992877,-3.7977235,-0.3448292,-0.76319009,0.57774061,-0.28940737,0
0.078969002,-1.7764453,-3.2006552,-0.19913518,-0.63636798,-0.74523884,0
0.49047112,-1.3772756,-3.6514683,-0.19913518,-0.63636798,-0.74523884,0
-0.59359896,0.72651374,1.2880303,-0.76319009,0.57774061,-0.28940737,0
-2.1387072,-1.9649487,-0.010331988,-0.76319009,0.57774061,-0.28940737,0
3.5783494,4.3323693,-0.14300799,0.61472434,0.51112777,-0.60071826,0
2.6782806,3.7527981,-1.2988392,-0.76319009,0.57774061,-0.28940737,0
-2.5796821,-1.1599674,2.7595286,-0.76319009,0.57774061,-0.28940737,0
3.1410799,2.6885941,-1.9890968,0.61472434,0.51112777,-0.60071826,0
-2.8235526,-1.9378713,2.9527879,-0.61472434,-0.51112777,0.60071826,0
-2.6678631,-1.3759781,3.5902007,-0.61472434,-0.51112777,0.60071826,0
2.6124086,0.42619359,-4.4550824,0.61472434,0.51112777,-0.60071826,0
2.7071149,1.8954687,-3.1080191,0.61472434,0.51112777,-0.60071826,0
-2.3125343,-2.0120816,3.4125786,-0.61472434,-0.51112777,0.60071826,0
0.058535337,-1.6940167,-3.2655818,-0.19913518,-0.63636798,-0.74523884,0
-2.0298414,-0.38514769,5.0861573,-0.61472434,-0.51112777,0.60071826,0
2.7262456,3.9098525,0.62933302,0.19913518,0.63636798,0.74523884,0
2.5564559,2.3798389,-2.850059,0.61472434,0.51112777,-0.60071826,0
-3.2162178,-4.1280169,0.68745828,-0.61472434,-0.51112777,0.60071826,0
-3.3160472,-2.7641573,1.7457564,-0.61472434,-0.51112777,0.60071826,0
-3.5357831,-4.427949,0.10524178,-0.61472434,-0.51112777,0.60071826,0
-2.1491117,-3.3125515,-1.2935913,-0.19913518,-0.63636798,-0.74523884,0
3.1253653,2.4431572,-2.2140107,0.61472434,0.51112777,-0.60071826,0
-1.1288688,1.1344855,4.0293756,0.19913518,0.63636798,0.74523884,0
3.2876997,3.0714722,-1.5132828,0.61472434,0.51112777,-0.60071826,0
2.7521539,3.729331,0.77655965,0.19913518,0.63636798,0.74523884,0
-1.3339806,-3.0471466,-1.7380345,-0.19913518,-0.63636798,-0.74523884,0
2.9449618,3.7437205,0.71275204,0.19913518,0.63636798,0.74523884,0
1.2385685,-0.94805431,-3.4311254,0.76319009,-0.57774061,0.28940737,0
-1.2586181,-1.4613423,-1.3258538,-0.76319009,0.57774061,-0.28940737,0
-2.1683846,-0.1223824,5.1679606,-0.61472434,-0.51112777,0.60071826,0
2.0540988,0.99194717,-1.7089406,0.76319009,-0.57774061,0.28940737,0
-1.1468538,1.2976375,3.8948636,0.19913518,0.63636798,0.74523884,0
-2.2168086,-0.19593132,5.0558281,-0.61472434,-0.51112777,0.60071826,0
2.0108485,2.7521572,1.8090639,0.19913518,0.63636798,0.74523884,0
-1.274785,-0.51807564,0.59981203,-0.76319009,0.57774061,-0.28940737,0
-2.83989,-4.2711225,-0.29047382,-0.19913518,-0.63636798,-0.74523884,0
2.6625314,0.84099996,-4.050849,0.61472434,0.51112777,-0.60071826,0
3.5545597,3.9442916,-0.49755263,0.61472434,0.51112777,-0.60071826,0
0.81648207,2.8116033,1.7319748,-0.76319009,0.57774061,-0.28940737,0
3.4846103,4.2262688,-0.32920909,0.61472434,0.51112777,-0.60071826,0
-1.2403568,0.66878474,4.4568334,0.19913518,0.63636798,0.74523884,0
-2.8840494,-3.5770729,-0.87133092,-0.19913518,-0.63636798,-0.74523884,0
-3.13817,-2.5855126,2.0797827,-0.61472434,-0.51112777,0.60071826,0
-2.7552929,-1.2659882,3.5943184,-0.61472434,-0.51112777,0.60071826,0
-3.0621681,-3.8138154,1.1124414,-0.61472434,-0.51112777,0.60071826,0
-0.44711006,1.3288002,2.1040649,-0.76319009,0.57774061,-0.28940737,0
-1.8880861,-3.4029059,-0.086481452,0.76319009,-0.57774061,0.28940737,0
-2.8568847,-1.9164594,2.9368973,-0.61472434,-0.51112777,0.60071826,0
-1.5197148,-3.2425191,-1.5215735,-0.19913518,-0.63636798,-0.74523884,0
-0.030588865,1.5944459,3.3431387,0.19913518,0.63636798,0.74523884,0
-2.7773414,-3.3072925,1.8348894,-0.61472434,-0.51112777,0.60071826,0
1.8099902,1.5958669,-3.3149452,-0.76319009,0.57774061,-0.28940737,0
0.0871104,-1.7325213,-1.9606613,0.76319009,-0.57774061,0.28940737,0
2.3754711,1.5149097,-1.5124402,0.76319009,-0.57774061,0.28940737,0
0.2217344,0.063596904,-2.185442,-0.76319009,0.57774061,-0.28940737,0
1.6966913,2.5807583,-1.0500399,-0.76319009,0.57774061,-0.28940737,0
0.069919109,-1.0078293,-3.8545668,-0.19913518,-0.63636798,-0.74523884,0
-1.1875242,0.55726087,4.5379477,0.19913518,0.63636798,0.74523884,0
2.4739854,0.09668684,-4.8770976,0.61472434,0.51112777,-0.60071826,0
0.6874392,1.7406131,3.0264606,0.19913518,0.63636798,0.74523884,0
-2.7755716,-3.9218953,-0.60586929,-0.19913518,-0.63636798,-0.74523884,0
2.0459251,3.7061858,0.98503488,0.19913518,0.63636798,0.74523884,0
3.4419911,4.0123014,-0.55487847,0.61472434,0.51112777,-0.60071826,0
-2.6338053,-0.6820879,4.215457,-0.61472434,-0.51112777,0.60071826,0
-2.4470859,-2.2591193,3.0646949,-0.61472434,-0.51112777,0.60071826,0
-2.6924365,-3.7623382,-0.76433152,-0.19913518,-0.63636798,-0.74523884,0
-1.7744782,-2.9087589,0.60038626,0.76319009,-0.57774061,0.28940737,0
3.2592194,3.0953455,-1.5221133,0.61472434,0.51112777,-0.60071826,0
-2.0594466,-0.64058733,4.8385177,-0.61472434,-0.51112777,0.60071826,0
1.0077765,2.8141556,2.0241532,0.19913518,0.63636798,0.74523884,0
-3.093199,-2.6966305,1.0460898,-0.76319009,0.57774061,-0.28940737,0
-1.0023463,1.2998198,3.5104136,-0.76319009,0.57774061,-0.28940737,0
-2.5704913,-1.2746065,3.7760959,-0.61472434,-0.51112777,0.60071826,0
0.68078232,2.7281191,2.1849966,0.19913518,0.63636798,0.74523884,0
-2.6588545,-3.5215163,1.7093165,0.76319009,-0.57774061,0.28940737,0
-0.25018644,1.9916837,2.9080687,-0.76319009,0.57774061,-0.28940737,0
-1.0530696,-0.33374542,3.8384449,0.76319009,-0.57774061,0.28940737,0
-3.4967482,-4.4560328,0.12129021,-0.61472434,-0.51112777,0.60071826,0
-0.81432652,-1.6505406,-2.8751805,-0.76319009,0.57774061,-0.28940737,0
1.1017542,-1.2017856,-3.9646623,-0.19913518,-0.63636798,-0.74523884,0
-0.93188429,-2.10743,-2.6479135,-0.19913518,-0.63636798,-0.74523884,0
-3.0505676,-3.2991979,1.5621804,-0.61472434,-0.51112777,0.60071826,0
-3.2007377,-4.6448231,0.26356828,-0.61472434,-0.51112777,0.60071826,0
-3.0217657,-4.3014746,0.73885536,-0.61472434,-0.51112777,0.60071826,0
2.2685554,0.38805425,-4.8394041,0.61472434,0.51112777,-0.60071826,0
0.17987514,-1.8097699,-3.199162,-0.19913518,-0.63636798,-0.74523884,0
2.6245756,1.018677,-3.9385107,0.61472434,0.51112777,-0.60071826,0
-3.1492844,-4.3275547,0.5861733,-0.61472434,-0.51112777,0.60071826,0
0.927549,-1.2981292,-3.8358433,-0.19913518,-0.63636798,-0.74523884,0
1.4149733,2.8563423,1.8793225,0.19913518,0.63636798,0.74523884,0
2.7823603,1.2249867,-3.6015067,0.61472434,0.51112777,-0.60071826,0
0.18702078,-2.0717783,-2.9773393,-0.19913518,-0.63636798,-0.74523884,0
2.7789834,2.1021392,-2.8586271,0.61472434,0.51112777,-0.60071826,0
2.8078945,2.5011749,-2.4895182,0.61472434,0.51112777,-0.60071826,0
-0.82036924,-2.7283595,-1.5555462,0.76319009,-0.57774061,0.28940737,0
-1.4448341,-1.5454613,2.4526243,0.76319009,-0.57774061,0.28940737,0
2.1123228,3.0021191,-1.3049344,-0.76319009,0.57774061,-0.28940737,0
-2.3030517,-1.7926112,3.6090209,-0.61472434,-0.51112777,0.60071826,0
-3.0872097,-3.839251,1.0651735,-0.61472434,-0.51112777,0.60071826,0
-2.8335068,-2.8874233,-0.019616246,-0.76319009,0.57774061,-0.28940737,0
2.6655278,3.6961126,0.82807267,0.19913518,0.63636798,0.74523884,0
2.7627807,3.429316,1.0299065,0.19913518,0.63636798,0.74523884,0
-0.79190755,-2.0625651,-0.30148333,0.76319009,-0.57774061,0.28940737,0
-2.3592722,-1.9246173,3.4391708,-0.61472434,-0.51112777,0.60071826,0
-3.1414099,-4.233953,0.67387342,-0.61472434,-0.51112777,0.60071826,0
-1.5925269,0.81210232,4.0931425,-0.76319009,0.57774061,-0.28940737,0
0.7541132,1.9208938,2.854701,0.19913518,0.63636798,0.74523884,0
2.3675182,1.9462596,-0.63036895,0.76319009,-0.57774061,0.28940737,0
2.704026,1.6856163,-3.2897356,0.61472434,0.51112777,-0.60071826,0
0.7270472,2.0547147,2.7476621,0.19913518,0.63636798,0.74523884,0
2.7013996,3.2345576,-1.9744892,0.61472434,0.51112777,-0.60071826,0
-3.6544585,-3.7714648,0.54237556,-0.61472434,-0.51112777,0.60071826,0
-1.8943156,-0.38539112,5.2246361,-0.61472434,-0.51112777,0.60071826,0
-1.8282601,-2.9680076,0.62393641,0.76319009,-0.57774061,0.28940737,0
-2.742378,-4.480267,-0.13793886,-0.19913518,-0.63636798,-0.74523884,0
-1.8816032,-2.330667,2.0369225,0.76319009,-0.57774061,0.28940737,0
2.7235808,4.1652651,0.41194558,0.19913518,0.63636798,0.74523884,0
-1.7869599,-3.5291457,-0.60516989,0.76319009,-0.57774061,0.28940737,0
3.1590254,2.5356498,-2.1008673,0.61472434,0.51112777,-0.60071826,0
-0.66060376,-2.2463858,-2.6017463,-0.19913518,-0.63636798,-0.74523884,0
-2.9552882,-3.9306087,1.1224383,-0.61472434,-0.51112777,0.60071826,0
1.037397,-1.1930099,-3.3896217,0.76319009,-0.57774061,0.28940737,0
-3.0854325,-4.1105375,0.83616519,-0.61472434,-0.51112777,0.60071826,0
0.96048951,1.3328347,1.8555038,0.76319009,-0.57774061,0.28940737,0
0.35085368,2.2520704,2.6796606,0.19913518,0.63636798,0.74523884,0
-2.4348056,-0.014515638,4.6641297,-0.76319009,0.57774061,-0.28940737,0
3.222852,4.3234649,-0.51437008,0.61472434,0.51112777,-0.60071826,0
-1.0571494,-1.6041026,1.3132033,0.76319009,-0.57774061,0.28940737,0
-3.0911524,-3.7978258,1.096386,-0.61472434,-0.51112777,0.60071826,0
-1.6438107,-2.7461181,0.58048356,0.76319009,-0.57774061,0.28940737,0
2.9038615,4.2030983,-0.94321346,0.61472434,0.51112777,-0.60071826,0
1.9396961,-0.22689068,-5.0210419,-0.19913518,-0.63636798,-0.74523884,0
3.3954306,3.3237109,-1.1884193,0.61472434,0.51112777,-0.60071826,0
2.1601799,2.1181817,-3.1957321,-0.76319009,0.57774061,-0.28940737,0
-2.4331832,-0.40101957,4.6599064,-0.61472434,-0.51112777,0.60071826,0
-3.2002439,-3.0756001,1.5992649,-0.61472434,-0.51112777,0.60071826,0
-2.7202079,-1.7528343,3.2159829,-0.61472434,-0.51112777,0.60071826,0
1.1767734,-0.0084809065,-4.8478441,-0.76319009,0.57774061,-0.28940737,0
0.74148166,-1.3832779,-3.7134151,-0.19913518,-0.63636798,-0.74523884,0
-0.542871,0.36789799,0.43835577,-0.76319009,0.57774061,-0.28940737,0
0.0045312941,0.34219116,-1.0565058,-0.76319009,0.57774061,-0.28940737,0
-3.0521235,-2.4551435,2.2787609,-0.61472434,-0.51112777,0.60071826,0
0.55329704,0.56920159,1.4048711,0.76319009,-0.57774061,0.28940737,0
-2.9183025,-4.3901,-0.167925,-0.19913518,-0.63636798,-0.74523884,0
-1.7885809,-2.9354713,0.58425009,0.76319009,-0.57774061,0.28940737,0
2.8278241,2.6560879,-0.42721045,0.76319009,-0.57774061,0.28940737,0
-1.8241506,-3.4229221,-1.2861772,-0.19913518,-0.63636798,-0.74523884,0
-0.67270064,1.0694174,3.9630451,0.19913518,0.63636798,0.74523884,0
-3.1870263,-4.3792486,-0.10538554,-0.19913518,-0.63636798,-0.74523884,0
0.38940573,2.2489791,2.6719987,0.19913518,0.63636798,0.74523884,0
2.8910131,4.0344644,-1.0998452,0.61472434,0.51112777,-0.60071826,0
1.6567147,2.1557531,1.6622866,0.76319009,-0.57774061,0.28940737,0
2.0141611,-0.40289199,-4.3881226,0.76319009,-0.57774061,0.28940737,0
-2.8334775,-3.0219884,2.0201991,-0.61472434,-0.51112777,0.60071826,0
0.2168237,0.18326321,1.5217338,0.76319009,-0.57774061,0.28940737,0
1.5956172,1.6651169,0.84395349,0.76319009,-0.57774061,0.28940737,0
-0.14498019,1.6376104,3.3368466,0.19913518,0.63636798,0.74523884,0
1.7437687,-0.76994717,-4.5049663,-0.19913518,-0.63636798,-0.74523884,0
0.33636284,2.0022511,2.8968561,0.19913518,0.63636798,0.74523884,0
1.3945127,0.14254397,-1.6652132,0.76319009,-0.57774061,0.28940737,0
1.2406765,-0.33197105,-4.7445278,-0.19913518,-0.63636798,-0.74523884,0
2.1816804,2.4309263,-2.6281028,-0.76319009,0.57774061,-0.28940737,0
1.2169458,0.04774487,-4.8415389,-0.76319009,0.57774061,-0.28940737,0
-0.71212864,-1.4115411,-2.6675725,-0.76319009,0.57774061,-0.28940737,0
1.7687087,-0.6225729,-4.1793919,0.76319009,-0.57774061,0.28940737,0
-1.4552546,-0.63639754,4.2948575,0.76319009,-0.57774061,0.28940737,0
-2.365582,-0.97964621,4.236753,-0.61472434,-0.51112777,0.60071826,0
-2.8472443,-2.4340663,2.506351,-0.61472434,-0.51112777,0.60071826,0
2.3498704,3.8259664,-0.28672981,-0.76319009,0.57774061,-0.28940737,0
-0.59246457,-0.66724026,-1.4972966,-0.76319009,0.57774061,-0.28940737,0
2.5198903,0.64655936,-4.3622575,0.61472434,0.51112777,-0.60071826,0
1.9207871,0.25019526,-5.3125796,0.61472434,0.51112777,-0.60071826,0
-3.3214583,-3.3513999,1.2405567,-0.61472434,-0.51112777,0.60071826,0
-2.4312313,-3.6129799,-0.96166682,-0.19913518,-0.63636798,-0.74523884,0
-3.4673452,-3.4671004,0.9928236,-0.61472434,-0.51112777,0.60071826,0
-0.42007089,1.1938064,3.7893231,0.19913518,0.63636798,0.74523884,0
0.2518115,2.4244387,2.4481645,-0.76319009,0.57774061,-0.28940737,0
-3.0871236,-4.5754356,0.035446286,-0.19913518,-0.63636798,-0.74523884,0
-2.7041736,-3.8471217,-0.68879759,-0.19913518,-0.63636798,-0.74523884,0
2.9658403,1.7924334,-2.9309301,0.61472434,0.51112777,-0.60071826,0
3.0904326,2.691488,-2.0384626,0.61472434,0.51112777,-0.60071826,0
1.3113399,3.0585561,0.91998446,-0.76319009,0.57774061,-0.28940737,0
-3.140481,-3.4023044,1.3824416,-0.61472434,-0.51112777,0.60071826,0
2.9011462,4.2718935,0.27344692,0.19913518,0.63636798,0.74523884,0
-2.5180495,-2.2026587,3.0401165,-0.61472434,-0.51112777,0.60071826,0
-1.7585506,-3.0319231,-1.6375849,-0.19913518,-0.63636798,-0.74523884,0
2.6344385,2.3952887,-2.7571125,0.61472434,0.51112777,-0.60071826,0
-1.0619199,-0.015262008,4.4975691,0.76319009,-0.57774061,0.28940737,0
-0.55497789,-1.5798572,-3.199127,-0.19913518,-0.63636798,-0.74523884,0
1.8432887,0.40454674,-5.2605538,0.61472434,0.51112777,-0.60071826,0
0.81442094,2.4462824,2.389951,0.19913518,0.63636798,0.74523884,0
-2.835227,-2.8876994,2.1326699,-0.61472434,-0.51112777,0.60071826,0
-0.54815936,1.4151397,2.5428979,-0.76319009,0.57774061,-0.28940737,0
0.19107795,-0.4763183,-3.1824248,-0.76319009,0.57774061,-0.28940737,0
-1.0061299,0.4110508,4.6143279,0.19913518,0.63636798,0.74523884,0
-0.52259374,-1.2376658,-2.8202856,-0.76319009,0.57774061,-0.28940737,0
-1.7535338,0.41841114,4.8077564,0.19913518,0.63636798,0.74523884,0
-1.9593468,0.0097739697,3.4587955,-0.76319009,0.57774061,-0.28940737,0
-2.4225974,-0.29446733,4.7613997,-0.61472434,-0.51112777,0.60071826,0
-2.5075045,-0.47782993,4.5184965,-0.61472434,-0.51112777,0.60071826,0
-0.64698648,-1.650334,-3.1143606,-0.19913518,-0.63636798,-0.74523884,0
2.2525148,1.6052984,-3.8201132,0.61472434,0.51112777,-0.60071826,0
-2.2715445,-0.12275386,5.0620794,-0.61472434,-0.51112777,0.60071826,0
-1.8767502,-3.3068402,0.075400591,0.76319009,-0.57774061,0.28940737,0
-3.3539217,-4.5305834,0.068437219,-0.19913518,-0.63636798,-0.74523884,0
1.3678759,0.047346354,-5.1024203,-0.19913518,-0.63636798,-0.74523884,0
-3.4034841,-3.5764592,0.96512437,-0.61472434,-0.51112777,0.60071826,0
0.66175985,1.6799991,3.0850813,0.19913518,0.63636798,0.74523884,0
0.5686841,2.5306509,2.3835711,0.19913518,0.63636798,0.74523884,0
0.54066515,-1.7827587,-3.3186336,-0.19913518,-0.63636798,-0.74523884,0
0.94250393,-1.3159229,-3.3847511,0.76319009,-0.57774061,0.28940737,0
2.756151,2.5324974,-2.5158167,0.61472434,0.51112777,-0.60071826,0
-2.9263451,-2.6581159,2.2347708,-0.61472434,-0.51112777,0.60071826,0
3.1842523,4.2539806,-0.61299109,0.61472434,0.51112777,-0.60071826,0
3.3471594,3.0320818,-1.4859519,0.61472434,0.51112777,-0.60071826,0
2.8952928,1.4676528,-3.2794662,0.61472434,0.51112777,-0.60071826,0
-2.6752303,-2.7085586,2.4488206,-0.61472434,-0.51112777,0.60071826,0
2.7859488,1.8829534,-3.0379963,0.61472434,0.51112777,-0.60071826,0
1.8500372,0.20631289,-2.7391663,0.76319009,-0.57774061,0.28940737,0
3.6015964,4.0552592,-0.35500145,0.61472434,0.51112777,-0.60071826,0
2.8459008,1.7815915,-3.0628912,0.61472434,0.51112777,-0.60071826,0
-2.1923013,-1.7756157,0.50896263,-0.76319009,0.57774061,-0.28940737,0
1.3136243,-1.0915217,-4.1154313,-0.19913518,-0.63636798,-0.74523884,0
1.7545167,2.0091281,-2.3436692,-0.76319009,0.57774061,-0.28940737,0
-1.0819525,-0.75029063,3.0830669,0.76319009,-0.57774061,0.28940737,0
0.66801381,-0.52692497,-4.4250336,-0.19913518,-0.63636798,-0.74523884,0
-3.1884232,-3.2651119,1.4501134,-0.61472434,-0.51112777,0.60071826,0
1.9067652,-0.28149033,-4.9656191,-0.19913518,-0.63636798,-0.74523884,0
-0.1124649,-1.211592,-3.6318367,-0.19913518,-0.63636798,-0.74523884,0
0.94769001,-1.4281842,-3.7301702,-0.19913518,-0.63636798,-0.74523884,0
-1.6920266,-3.0932188,-1.6030197,-0.19913518,-0.63636798,-0.74523884,0
2.6342452,0.56140769,-4.0983129,0.76319009,-0.57774061,0.28940737,0
2.7450998,1.6726552,-2.1722751,0.76319009,-0.57774061,0.28940737,0
-0.88554102,-0.59477985,-0.57977903,-0.76319009,0.57774061,-0.28940737,0
1.4000549,3.1677396,0.90399849,-0.76319009,0.57774061,-0.28940737,0
1.920305,1.3740268,-0.59337366,0.76319009,-0.57774061,0.28940737,0
-2.9249282,-2.7526832,2.1557574,-0.61472434,-0.51112777,0.60071826,0
2.4306462,2.2450237,-3.0935116,0.61472434,0.51112777,-0.60071826,0
-1.0739294,1.1580541,3.9945695,0.19913518,0.63636798,0.74523884,0
-3.1381259,-2.5672781,2.0953426,-0.61472434,-0.51112777,0.60071826,0
-3.0602067,-3.9225662,1.0219164,-0.61472434,-0.51112777,0.60071826,0
-0.24430585,-2.2465746,-2.7128239,-0.19913518,-0.63636798,-0.74523884,0
3.0641012,4.6458311,-0.40253365,0.61472434,0.51112777,-0.60071826,0
1.3377435,3.314435,1.5087886,0.19913518,0.63636798,0.74523884,0
1.050685,-1.3105825,-3.8581131,-0.19913518,-0.63636798,-0.74523884,0
-3.0634568,-3.6129854,-0.79272532,-0.19913518,-0.63636798,-0.74523884,0
1.1534394,-0.99323153,-3.2968202,0.76319009,-0.57774061,0.28940737,0
-0.66976619,1.4913298,3.601985,0.19913518,0.63636798,0.74523884,0
-0.97971869,-2.3127589,-2.4597988,-0.19913518,-0.63636798,-0.74523884,0
2.7839818,3.667417,-1.5216781,0.61472434,0.51112777,-0.60071826,0
2.102037,-0.027679801,-3.870827,0.76319009,-0.57774061,0.28940737,0
0.48814005,0.10249835,-2.810317,-0.76319009,0.57774061,-0.28940737,0
2.7103257,1.3367711,-3.5801077,0.61472434,0.51112777,-0.60071826,0
1.2706124,1.608156,-1.868031,-0.76319009,0.57774061,-0.28940737,0
1.3274468,-0.47453821,-2.7202294,0.76319009,-0.57774061,0.28940737,0
0.68348479,0.22330153,-3.0842981,-0.76319009,0.57774061,-0.28940737,0
1.2993073,0.37182912,-0.95642948,0.76319009,-0.57774061,0.28940737,0
2.7916963,3.6593103,0.82578504,0.19913518,0.63636798,0.74523884,0
-2.4817343,-0.54605293,4.4868207,-0.61472434,-0.51112777,0.60071826,0
2.3867688,1.1797817,-4.0447845,0.61472434,0.51112777,-0.60071826,0
-1.6216276,-3.072505,-1.6395185,-0.19913518,-0.63636798,-0.74523884,0
-2.5096669,-0.2739408,4.6897655,-0.61472434,-0.51112777,0.60071826,0
-2.0874643,-0.98363793,4.5179582,-0.61472434,-0.51112777,0.60071826,0
-1.9783597,-3.0218024,-1.5874916,-0.19913518,-0.63636798,-0.74523884,0
-2.4683831,-0.12400746,4.8595848,-0.61472434,-0.51112777,0.60071826,0
1.5877696,1.5750868,-2.7704153,-0.76319009,0.57774061,-0.28940737,0
0.2012887,0.26143229,1.7187488,0.76319009,-0.57774061,0.28940737,0
-2.3654819,-3.8702743,-0.75952899,-0.19913518,-0.63636798,-0.74523884,0
-0.56543368,-0.85478169,1.5123712,0.76319009,-0.57774061,0.28940737,0
-2.9433103,-2.2385573,1.5652682,-0.76319009,0.57774061,-0.28940737,0
1.7036037,2.6109738,2.0117202,0.19913518,0.63636798,0.74523884,0
-1.9342257,-0.3271066,5.233387,-0.61472434,-0.51112777,0.60071826,0
-3.0334222,-4.3459902,0.68905067,-0.61472434,-0.51112777,0.60071826,0
2.4480612,2.2735391,-3.0514274,0.61472434,0.51112777,-0.60071826,0
-2.528641,-3.1172271,-1.2823262,-0.76319009,0.57774061,-0.28940737,0
0.95363927,-0.46742737,-4.5521612,-0.19913518,-0.63636798,-0.74523884,0
-1.1558533,-0.36188388,4.0533209,0.76319009,-0.57774061,0.28940737,0
2.7824836,3.6439826,0.84133524,0.19913518,0.63636798,0.74523884,0
-0.49819434,-0.13943172,2.7631006,0.76319009,-0.57774061,0.28940737,0
1.8073089,-0.65851212,-4.6171007,-0.19913518,-0.63636798,-0.74523884,0
1.8627784,3.7012241,1.0382105,0.19913518,0.63636798,0.74523884,0
2.8969297,1.8255223,-2.9732938,0.61472434,0.51112777,-0.60071826,0
1.5592909,3.3652658,1.4061838,0.19913518,0.63636798,0.74523884,0
-1.779876,-0.93967378,1.0901462,-0.76319009,0.57774061,-0.28940737,0
-2.5244873,-0.75562012,4.2647576,-0.61472434,-0.51112777,0.60071826,0
-1.4221954,-2.0499413,-2.0695007,-0.76319009,0.57774061,-0.28940737,0
1.0915899,2.4455297,2.3165312,0.19913518,0.63636798,0.74523884,0
-1.5765553,-3.1380525,-1.5955908,-0.19913518,-0.63636798,-0.74523884,0
-0.11623573,-2.198652,-2.7879674,-0.19913518,-0.63636798,-0.74523884,0
0.37430894,-0.0090752542,0.72246933,0.76319009,-0.57774061,0.28940737,0
0.62389922,2.7094278,2.0358593,-0.76319009,0.57774061,-0.28940737,0
2.8237696,3.6037023,-1.5351758,0.61472434,0.51112777,-0.60071826,0
-2.5415528,-0.92292023,4.1049452,-0.61472434,-0.51112777,0.60071826,0
2.6379294,2.9777441,0.71567601,0.76319009,-0.57774061,0.28940737,0
3.626945,3.6992683,-0.45206738,0.76319009,-0.57774061,0.28940737,0
3.0090353,4.3011436,0.21964073,0.19913518,0.63636798,0.74523884,0
-2.7242274,-2.24348,2.7943988,-0.61472434,-0.51112777,0.60071826,0
2.2067378,1.4961873,-3.959796,0.61472434,0.51112777,-0.60071826,0
-2.5382533,-3.713361,1.0083046,0.76319009,-0.57774061,0.28940737,0
3.2169182,3.8557608,-0.91839325,0.61472434,0.51112777,-0.60071826,0
2.8865476,2.7421041,-2.2040341,0.61472434,0.51112777,-0.60071826,0
1.0393102,1.7375975,-0.99966621,-0.76319009,0.57774061,-0.28940737,0
3.4899209,3.238348,-1.1643584,0.61472434,0.51112777,-0.60071826,0
2.0682089,1.4762067,-4.1185555,0.61472434,0.51112777,-0.60071826,0
-2.3786409,-1.4140937,1.722057,-0.76319009,0.57774061,-0.28940737,0
-2.7871289,-2.4191608,2.5805507,-0.61472434,-0.51112777,0.60071826,0
1.743557,0.53619874,-5.2505932,0.61472434,0.51112777,-0.60071826,0
0.89058602,-1.4596463,-3.6880455,-0.19913518,-0.63636798,-0.74523884,0
0.08412981,1.4300402,0.90524775,-0.76319009,0.57774061,-0.28940737,0
-2.1254687,-0.8021791,4.6334643,-0.61472434,-0.51112777,0.60071826,0
2.4697244,2.6027853,-2.7491159,0.61472434,0.51112777,-0.60071826,0
2.9200311,2.7781532,-2.139097,0.61472434,0.51112777,-0.60071826,0
3.0468814,2.4888442,-2.255451,0.61472434,0.51112777,-0.60071826,0
-3.1212444,-3.374558,1.4257349,-0.61472434,-0.51112777,0.60071826,0
2.6380489,0.40309203,-4.4485006,0.61472434,0.51112777,-0.60071826,0
-3.4052999,-4.3950286,0.26677752,-0.61472434,-0.51112777,0.60071826,0
0.2015605,2.4102802,2.584456,0.19913518,0.63636798,0.74523884,0
-0.091085941,-0.93330652,0.10472049,0.76319009,-0.57774061,0.28940737,0
3.1777263,2.9965365,-1.6895801,0.61472434,0.51112777,-0.60071826,0
0.91187739,-0.41225493,-4.5881143,-0.19913518,-0.63636798,-0.74523884,0
-2.6962419,-1.566249,3.3992658,-0.61472434,-0.51112777,0.60071826,0
0.22320676,-0.96392906,-3.9330137,-0.19913518,-0.63636798,-0.74523884,0
2.419544,2.2473073,-3.1029291,0.61472434,0.51112777,-0.60071826,0
-3.1360519,-4.6703186,0.30806959,-0.61472434,-0.51112777,0.60071826,0
1.8831916,1.1626561,-0.91745973,0.76319009,-0.57774061,0.28940737,0
1.5832765,3.524195,1.2640634,0.19913518,0.63636798,0.74523884,0
1.7239206,3.4992204,1.247808,0.19913518,0.63636798,0.74523884,0
-2.596,-1.1812499,3.8294258,-0.61472434,-0.51112777,0.60071826,0
0.85373497,2.5814116,1.1742067,-0.76319009,0.57774061,-0.28940737,0
-2.5677326,-2.3679843,2.8486066,-0.61472434,-0.51112777,0.60071826,0
-2.9374881,-4.1342783,-0.38124728,-0.19913518,-0.63636798,-0.74523884,0
-3.2525978,-2.8859715,1.7070382,-0.61472434,-0.51112777,0.60071826,0
1.9473046,1.6246729,-0.16421187,0.76319009,-0.57774061,0.28940737,0
2.0440423,3.1166177,1.4889771,0.19913518,0.63636798,0.74523884,0
-3.0937295,-2.3077321,2.3616118,-0.61472434,-0.51112777,0.60071826,0
-1.077226,0.87881172,4.2338986,0.19913518,0.63636798,0.74523884,0
0.060989857,1.3807895,3.5011117,0.19913518,0.63636798,0.74523884,0
0.14696246,0.3764118,-1.3637937,-0.76319009,0.57774061,-0.28940737,0
0.91644537,-1.3528929,-3.7861135,-0.19913518,-0.63636798,-0.74523884,0
-2.4253733,-2.6260316,-0.57408369,-0.76319009,0.57774061,-0.28940737,0
0.89145005,-1.1459754,-3.9561238,-0.19913518,-0.63636798,-0.74523884,0
0.59890056,1.7128887,3.0737934,0.19913518,0.63636798,0.74523884,0
1.4163599,-0.21817434,-2.442924,0.76319009,-0.57774061,0.28940737,0
2.3390245,1.1226413,-4.1422601,0.61472434,0.51112777,-0.60071826,0
2.1333504,-0.11538744,-5.1680021,-0.19913518,-0.63636798,-0.74523884,0
-0.11991638,-0.31637406,1.4123237,0.76319009,-0.57774061,0.28940737,0
-2.0030837,-3.222054,0.57780969,0.76319009,-0.57774061,0.28940737,0
0.39600027,-0.47554916,-3.7212865,-0.76319009,0.57774061,-0.28940737,0
1.3432987,2.9133406,1.8498032,0.19913518,0.63636798,0.74523884,0
-2.6990006,-2.0929351,2.9483066,-0.61472434,-0.51112777,0.60071826,0
-0.9456557,-0.60733175,3.0090282,0.76319009,-0.57774061,0.28940737,0
-2.3584051,-0.23556566,4.0213757,-0.76319009,0.57774061,-0.28940737,0
0.7448355,-0.71085536,-4.2885008,-0.19913518,-0.63636798,-0.74523884,0
0.62557888,2.6030765,1.8191224,-0.76319009,0.57774061,-0.28940737,0
-1.0159707,-1.724411,0.96444207,0.76319009,-0.57774061,0.28940737,0
3.2018144,3.2391214,-1.4585236,0.61472434,0.51112777,-0.60071826,0
-1.3042014,-2.3081095,-2.3770642,-0.19913518,-0.63636798,-0.74523884,0
-1.5266912,-2.7711678,-1.9222019,-0.19913518,-0.63636798,-0.74523884,0
2.1061325,2.0303195,0.22673357,0.76319009,-0.57774061,0.28940737,0
2.0867929,1.0421971,-4.4688201,0.61472434,0.51112777,-0.60071826,0
-0.82067204,-2.4943535,-2.3472319,-0.19913518,-0.63636798,-0.74523884,0
-2.2697122,-1.0732744,4.2551937,-0.61472434,-0.51112777,0.60071826,0
1.9916234,3.1987152,-0.59417927,-0.76319009,0.57774061,-0.28940737,0
1.2275403,0.0782516,-4.8085771,-0.76319009,0.57774061,-0.28940737,0
0.39583755,2.3870063,2.5524168,0.19913518,0.63636798,0.74523884,0
3.1925044,2.8719685,-1.7804471,0.61472434,0.51112777,-0.60071826,0
1.8833269,-0.55844223,-4.7228646,-0.19913518,-0.63636798,-0.74523884,0
2.4814701,2.0183001,-3.2344127,0.61472434,0.51112777,-0.60071826,0
0.47044778,2.6016691,2.3491776,0.19913518,0.63636798,0.74523884,0
0.059128761,0.71142811,2.9919577,0.76319009,-0.57774061,0.28940737,0
2.110044,-0.13213062,-5.1474776,-0.19913518,-0.63636798,-0.74523884,0
-1.3079164,-1.6242323,1.9343116,0.76319009,-0.57774061,0.28940737,0
-0.65283155,0.66310924,1.3176576,-0.76319009,0.57774061,-0.28940737,0
-1.705662,-2.3076622,-1.8364631,-0.76319009,0.57774061,-0.28940737,0
0.29728234,1.9778196,1.4366735,-0.76319009,0.57774061,-0.28940737,0
2.2687771,0.84509742,-2.5682187,0.76319009,-0.57774061,0.28940737,0
-2.9181426,-3.5924449,1.4481803,-0.61472434,-0.51112777,0.60071826,0
-2.6201212,-1.4040611,3.6151609,-0.61472434,-0.51112777,0.60071826,0
3.0393786,3.4938202,-1.4080335,0.61472434,0.51112777,-0.60071826,0
-3.3427784,-4.1687307,0.52330482,-0.61472434,-0.51112777,0.60071826,0
-0.71136594,0.70702732,4.2828259,0.19913518,0.63636798,0.74523884,0
1.1740844,2.8452766,0.85617042,-0.76319009,0.57774061,-0.28940737,0
-3.7807407,-4.2637806,-0.045338631,-0.19913518,-0.63636798,-0.74523884,0
2.3909869,0.16189539,-4.2543645,0.76319009,-0.57774061,0.28940737,0
-1.3668919,0.40840793,4.7129841,0.19913518,0.63636798,0.74523884,0
0.58004868,0.12720948,-3.0033565,-0.76319009,0.57774061,-0.28940737,0
0.033591032,-1.4367169,-1.229015,0.76319009,-0.57774061,0.28940737,0
1.1815873,-0.83682597,-4.2976375,-0.19913518,-0.63636798,-0.74523884,0
-3.2214758,-3.1077793,0.56359386,-0.76319009,0.57774061,-0.28940737,0
3.0466273,1.8942446,-2.5250707,0.76319009,-0.57774061,0.28940737,0
-2.6287916,-2.6822226,2.5187502,-0.61472434,-0.51112777,0.60071826,0
2.9639828,1.7581835,-2.9619727,0.61472434,0.51112777,-0.60071826,0
2.7206807,0.78515315,-4.0388613,0.61472434,0.51112777,-0.60071826,0
3.1580777,2.5744994,-2.0687814,0.61472434,0.51112777,-0.60071826,0
0.03586787,-0.20238134,1.2290707,0.76319009,-0.57774061,0.28940737,0
-0.64393711,0.61114562,4.346683,0.19913518,0.63636798,0.74523884,0
-2.1560733,-1.7410998,3.8032551,-0.61472434,-0.51112777,0.60071826,0
1.2518973,2.7086799,2.0489883,0.19913518,0.63636798,0.74523884,0
0.60388756,1.5104499,3.1504629,0.76319009,-0.57774061,0.28940737,0
1.3793085,0.33496976,-4.6963186,-0.76319009,0.57774061,-0.28940737,0
-0.93074942,-2.2509766,-2.5256407,-0.19913518,-0.63636798,-0.74523884,0
-2.8055069,-4.5662537,0.010452509,0.76319009,-0.57774061,0.28940737,0
3.2783606,2.9423995,-1.6326621,0.61472434,0.51112777,-0.60071826,0
-2.1103032,-3.5660419,-1.0875027,-0.19913518,-0.63636798,-0.74523884,0
-0.33558321,-1.0349627,-2.9087932,-0.76319009,0.57774061,-0.28940737,0
-0.70111465,-1.9966692,-2.8041573,-0.19913518,-0.63636798,-0.74523884,0
1.5754638,2.0879695,-1.714102,-0.76319009,0.57774061,-0.28940737,0
-0.022093296,0.72167408,3.2266006,0.76319009,-0.57774061,0.28940737,0
-0.61257601,-1.2974045,0.75308609,0.76319009,-0.57774061,0.28940737,0
3.1653864,4.285955,-0.60509133,0.61472434,0.51112777,-0.60071826,0
0.16553032,0.41922939,-1.3272824,-0.76319009,0.57774061,-0.28940737,0
-0.2674346,-0.8834759,-2.7860954,-0.76319009,0.57774061,-0.28940737,0
-1.823869,-0.58743095,5.1248174,-0.61472434,-0.51112777,0.60071826,0
-0.57194138,-1.7459807,-3.0527394,-0.19913518,-0.63636798,-0.74523884,0
-2.283217,-0.69263363,4.5652461,-0.61472434,-0.51112777,0.60071826,0
1.9571456,1.0080962,-1.4210284,0.76319009,-0.57774061,0.28940737,0
-1.2511991,0.99398458,3.5561233,-0.76319009,0.57774061,-0.28940737,0
-1.4750364,-0.91824597,0.32903564,-0.76319009,0.57774061,-0.28940737,0
-2.7781386,-3.4853768,1.6825486,-0.61472434,-0.51112777,0.60071826,0
3.086725,4.5054398,0.02443099,0.19913518,0.63636798,0.74523884,0
-3.0378652,-3.3597691,1.5236411,-0.61472434,-0.51112777,0.60071826,0
-0.91491866,-0.73658496,-0.78539181,-0.76319009,0.57774061,-0.28940737,0
-2.9999607,-3.0703895,1.8086512,-0.61472434,-0.51112777,0.60071826,0
0.387851,-1.3213961,-3.6717632,-0.19913518,-0.63636798,-0.74523884,0
2.9581907,1.8925464,-2.8535762,0.61472434,0.51112777,-0.60071826,0
-0.087382317,0.27409905,2.5052836,0.76319009,-0.57774061,0.28940737,0
-2.696285,-1.801995,3.1986346,-0.61472434,-0.51112777,0.60071826,0
2.4794436,2.8993473,-2.4782243,-0.76319009,0.57774061,-0.28940737,0
0.4191556,0.020142972,-2.7928038,-0.76319009,0.57774061,-0.28940737,0
-2.3634138,-2.4487472,2.9889708,-0.61472434,-0.51112777,0.60071826,0
-2.5036232,-2.081248,3.1581831,-0.61472434,-0.51112777,0.60071826,0
0.42666435,1.394824,3.386992,0.76319009,-0.57774061,0.28940737,0
-2.680306,-0.68059349,4.1691437,-0.61472434,-0.51112777,0.60071826,0
0.84070396,2.5666628,2.2801337,0.19913518,0.63636798,0.74523884,0
-1.1541525,0.05378294,4.8786268,0.76319009,-0.57774061,0.28940737,0
-0.22287571,0.27195227,2.8583045,0.76319009,-0.57774061,0.28940737,0
0.180722,-1.0511997,-3.8471401,-0.19913518,-0.63636798,-0.74523884,0
-2.1271231,-0.56938577,2.7450657,-0.76319009,0.57774061,-0.28940737,0
3.2901139,3.979306,0.4193548,0.19913518,0.63636798,0.74523884,0
0.17770588,0.44131646,2.1400392,0.76319009,-0.57774061,0.28940737,0
2.5248322,3.6431942,0.91085529,0.19913518,0.63636798,0.74523884,0
-2.5339251,-2.520016,2.7538443,-0.61472434,-0.51112777,0.60071826,0
-1.7069576,-0.23023331,5.3491955,0.19913518,0.63636798,0.74523884,0
-0.037061453,1.3059437,3.5912237,0.19913518,0.63636798,0.74523884,0
-1.7082853,-2.8635726,-1.7947726,-0.19913518,-0.63636798,-0.74523884,0
-3.0932713,-3.3987923,1.4337397,-0.61472434,-0.51112777,0.60071826,0
2.8807189,2.2143912,-2.6590087,0.61472434,0.51112777,-0.60071826,0
2.0269735,-0.16160941,-5.1001081,-0.19913518,-0.63636798,-0.74523884,0
1.2300318,-1.0229758,-4.1516266,-0.19913518,-0.63636798,-0.74523884,0
-3.4153912,-2.9567039,1.4802651,-0.61472434,-0.51112777,0.60071826,0
0.16875781,0.53389102,-1.1068958,-0.76319009,0.57774061,-0.28940737,0
-3.0638952,-3.7423234,-0.68216467,-0.19913518,-0.63636798,-0.74523884,0
-2.5374427,-0.088060379,4.7879753,-0.76319009,0.57774061,-0.28940737,0
1.6504979,3.3996449,0.70650899,-0.76319009,0.57774061,-0.28940737,0
-2.0519845,-2.7014887,1.7459638,0.76319009,-0.57774061,0.28940737,0
2.367486,3.8999653,0.73364013,0.19913518,0.63636798,0.74523884,0
-0.15088308,0.18012244,2.4851356,0.76319009,-0.57774061,0.28940737,0
1.8318732,0.84365952,-4.8742757,-0.76319009,0.57774061,-0.28940737,0
1.1521994,0.91810322,-2.9333107,-0.76319009,0.57774061,-0.28940737,0
-0.083057344,0.78525388,0.058953568,-0.76319009,0.57774061,-0.28940737,0
2.3940878,2.3189204,-3.0680461,0.61472434,0.51112777,-0.60071826,0
2.5719461,2.5061913,-2.7266994,0.61472434,0.51112777,-0.60071826,0
-1.1600547,0.46583402,2.2614267,-0.76319009,0.57774061,-0.28940737,0
-0.41308641,1.8816099,3.2001333,0.19913518,0.63636798,0.74523884,0
3.5708163,3.5834522,-0.53525257,0.76319009,-0.57774061,0.28940737,0
-0.63301039,1.0293607,3.9866447,0.19913518,0.63636798,0.74523884,0
0.57525826,2.0775006,2.7687647,0.19913518,0.63636798,0.74523884,0
-2.3886204,-0.678756,4.4691925,-0.61472434,-0.51112777,0.60071826,0
-3.1542535,-2.7986131,1.0035077,-0.76319009,0.57774061,-0.28940737,0
-1.0762773,-2.0866015,-2.627116,-0.19913518,-0.63636798,-0.74523884,0
-3.1803398,-2.2086813,2.3572605,-0.61472434,-0.51112777,0.60071826,0
-2.8518465,-2.6349328,2.3307319,-0.61472434,-0.51112777,0.60071826,0
0.79496694,0.51415479,-2.7976584,-0.76319009,0.57774061,-0.28940737,0
-3.0806887,-4.1918597,0.77182591,-0.61472434,-0.51112777,0.60071826,0
2.666867,0.7044239,-4.1626191,0.61472434,0.51112777,-0.60071826,0
-0.052461028,-1.6709043,-1.4695948,0.76319009,-0.57774061,0.28940737,0
-3.1286635,-4.4318347,-0.076076627,-0.19913518,-0.63636798,-0.74523884,0
-3.4539227,-3.5731449,0.91632986,-0.61472434,-0.51112777,0.60071826,0
3.4613781,3.9211452,0.4232558,0.19913518,0.63636798,0.74523884,0
-2.7773266,-4.5587525,-0.048886418,0.76319009,-0.57774061,0.28940737,0
0.097109184,0.57647747,-0.83293796,-0.76319009,0.57774061,-0.28940737,0
2.9754856,3.9717164,-1.0667932,0.61472434,0.51112777,-0.60071826,0
3.2303083,3.6351225,0.46584332,0.76319009,-0.57774061,0.28940737,0
2.0193479,3.7092919,0.98948419,0.19913518,0.63636798,0.74523884,0
1.3288791,2.5029528,2.2040911,0.19913518,0.63636798,0.74523884,0
-1.4951234,-2.5401495,-2.1279063,-0.19913518,-0.63636798,-0.74523884,0
