1.0616934,0.37122574,-0.032045186,0.77837503,0.50038242,0.37914428,0
-0.40386087,0.44099772,-1.240358,-0.35732996,0.84967196,-0.38777941,0
-0.82042146,-1.115322,0.89097893,0.35732996,-0.84967196,0.38777941,0
0.54255152,-1.0009441,-0.11435401,0.35732996,-0.84967196,0.38777941,0
-0.37657583,0.47897846,-1.1822799,-0.35732996,0.84967196,-0.38777941,0
-0.40339836,1.0323136,0.73799568,-0.51618624,0.16635811,0.84016502,0
-0.93486249,-0.5388577,0.7225734,-0.51618624,0.16635811,0.84016502,0
-0.26124799,-0.8696084,-0.95350212,-0.77837503,-0.50038242,-0.37914428,0
0.005992651,1.4725666,0.6817708,0.77837503,0.50038242,0.37914428,0
0.77259851,0.45309436,0.45341271,0.77837503,0.50038242,0.37914428,0
-0.43954599,-0.36071166,-1.2590859,-0.77837503,-0.50038242,-0.37914428,0
-0.13543248,-1.3930845,-0.34883463,0.35732996,-0.84967196,0.38777941,0
-0.37204623,-1.1336147,-0.37760848,-0.77837503,-0.50038242,-0.37914428,0
1.0187886,-0.4523567,-0.47474337,0.51618624,-0.16635811,-0.84016502,0
-0.11324906,-1.0873201,-0.97001159,-0.77837503,-0.50038242,-0.37914428,0
-0.18087539,-0.92416251,0.72050577,0.35732996,-0.84967196,0.38777941,0
-1.1058682,0.77779323,0.14448667,-0.35732996,0.84967196,-0.38777941,0
0.65702224,-0.18095306,-0.75074744,0.51618624,-0.16635811,-0.84016502,0
0.17009729,1.2448871,-0.0078268051,-0.35732996,0.84967196,-0.38777941,0
1.1371249,-0.75707555,-0.12789404,0.35732996,-0.84967196,0.38777941,0
0.16409111,0.77550423,1.1375036,-0.51618624,0.16635811,0.84016502,0
0.34597242,-0.90377319,0.27970272,0.35732996,-0.84967196,0.38777941,0
0.68237144,1.1638106,-0.29933399,0.77837503,0.50038242,0.37914428,0
1.1307167,-0.82536566,-0.3321178,0.51618624,-0.16635811,-0.84016502,0
0.68972516,-0.57699078,-0.65223706,0.51618624,-0.16635811,-0.84016502,0
-0.36253464,-0.59126055,-1.1129174,-0.77837503,-0.50038242,-0.37914428,0
-0.49609125,0.46322322,0.79372996,-0.51618624,0.16635811,0.84016502,0
0.63818586,-1.0304027,-0.59412378,0.51618624,-0.16635811,-0.84016502,0
0.29623127,0.98314542,0.73183972,0.77837503,0.50038242,0.37914428,0
-1.1345167,-0.32105264,0.55678153,-0.51618624,0.16635811,0.84016502,0
0.70480764,0.64310873,0.34181079,0.77837503,0.50038242,0.37914428,0
0.50689626,0.13424367,1.4197025,0.77837503,0.50038242,0.37914428,0
0.066274852,0.66981161,-1.1722181,-0.35732996,0.84967196,-0.38777941,0
-1.0188886,-0.3885133,-0.033016086,-0.77837503,-0.50038242,-0.37914428,0
0.28222871,-1.1797174,-0.26618654,0.35732996,-0.84967196,0.38777941,0
-1.2002087,0.49498743,-0.38824296,-0.35732996,0.84967196,-0.38777941,0
-0.40704703,-0.8764447,-0.64515734,-0.77837503,-0.50038242,-0.37914428,0
-0.28949636,-1.1269089,0.37635526,0.35732996,-0.84967196,0.38777941,0
-1.2110292,0.71558988,0.10509491,-0.35732996,0.84967196,-0.38777941,0
0.36259425,-0.34818143,1.4817562,0.35732996,-0.84967196,0.38777941,0
-0.6717875,-0.58172214,-0.49061656,-0.77837503,-0.50038242,-0.37914428,0
0.15648162,0.90865946,-0.73199642,-0.35732996,0.84967196,-0.38777941,0
-0.28386307,-1.0637352,0.50958538,0.35732996,-0.84967196,0.38777941,0
-0.66763568,0.32682812,-1.2474549,-0.35732996,0.84967196,-0.38777941,0
-0.4022429,-1.2667732,-0.13987735,-0.77837503,-0.50038242,-0.37914428,0
0.77969038,0.44882286,0.44449043,0.77837503,0.50038242,0.37914428,0
0.88164175,0.89707577,-0.35640353,0.77837503,0.50038242,0.37914428,0
0.034321308,-0.20431513,-1.1287007,0.51618624,-0.16635811,-0.84016502,0
-0.17453355,-1.0902219,0.35080507,0.35732996,-0.84967196,0.38777941,0
-0.33054715,-1.3550142,-0.08562424,0.35732996,-0.84967196,0.38777941,0
-1.0776541,0.85353261,0.28444219,-0.35732996,0.84967196,-0.38777941,0
0.12606019,-0.67208833,-0.97971541,0.51618624,-0.16635811,-0.84016502,0
-0.7404322,-1.2185138,0.59116459,0.35732996,-0.84967196,0.38777941,0
0.39219391,-0.16399831,1.4636743,-0.51618624,0.16635811,0.84016502,0
0.737885,-0.80686235,-0.57713234,0.51618624,-0.16635811,-0.84016502,0
-0.59413749,0.59533751,-0.72684479,-0.35732996,0.84967196,-0.38777941,0
0.67223197,-0.54278183,0.77003849,0.35732996,-0.84967196,0.38777941,0
0.80716097,-0.74156982,-0.54749846,0.51618624,-0.16635811,-0.84016502,0
1.5110356,-0.34818199,-0.0050835609,0.77837503,0.50038242,0.37914428,0
-0.55666256,-0.16818458,-1.2727392,-0.77837503,-0.50038242,-0.37914428,0
0.52759898,-0.036156252,-0.85893416,0.51618624,-0.16635811,-0.84016502,0
-0.79007024,-0.30820096,0.7658602,-0.51618624,0.16635811,0.84016502,0
0.41259468,1.036322,0.42276722,0.77837503,0.50038242,0.37914428,0
0.88403463,-0.46485782,0.74560803,0.35732996,-0.84967196,0.38777941,0
1.1591207,-0.8102237,-0.26461673,0.35732996,-0.84967196,0.38777941,0
0.06957376,0.96989357,1.040943,-0.51618624,0.16635811,0.84016502,0
0.61451685,0.81645584,-0.97435558,0.51618624,-0.16635811,-0.84016502,0
0.64095205,-0.56887412,0.74169075,0.35732996,-0.84967196,0.38777941,0
-0.26476419,-1.2339141,0.11910334,0.35732996,-0.84967196,0.38777941,0
-1.2666996,0.50516224,-0.30467886,-0.35732996,0.84967196,-0.38777941,0
-0.7130487,0.52679169,0.64784718,-0.51618624,0.16635811,0.84016502,0
1.0816764,0.12160203,-0.54975343,0.51618624,-0.16635811,-0.84016502,0
0.62085682,-0.43074369,1.0628687,0.35732996,-0.84967196,0.38777941,0
-0.22914226,1.0511684,-0.064397901,-0.35732996,0.84967196,-0.38777941,0
0.90318894,0.59031963,0.0042077303,0.77837503,0.50038242,0.37914428,0
-0.16170168,-1.3977231,-0.33479187,0.35732996,-0.84967196,0.38777941,0
-0.53555918,0.14288199,-1.5475752,0.51618624,-0.16635811,-0.84016502,0
-0.076364517,-0.1797083,1.1789091,-0.51618624,0.16635811,0.84016502,0
-1.3690308,0.59994268,-0.0027073622,-0.35732996,0.84967196,-0.38777941,0
1.112398,-0.8144263,-0.34553874,0.51618624,-0.16635811,-0.84016502,0
0.68603975,0.81575179,0.15249208,0.77837503,0.50038242,0.37914428,0
-0.82801342,0.39326698,0.60365319,-0.51618624,0.16635811,0.84016502,0
0.87676024,1.0359473,-0.52965999,0.77837503,0.50038242,0.37914428,0
-0.31119764,-0.3473101,1.067817,-0.51618624,0.16635811,0.84016502,0
-0.53556621,-0.46314776,-0.92676651,-0.77837503,-0.50038242,-0.37914428,0
-0.90747267,0.4884319,0.53599107,-0.51618624,0.16635811,0.84016502,0
1.1049104,0.21578521,0.084376454,0.77837503,0.50038242,0.37914428,0
1.5109793,-0.42712259,-0.17734432,0.51618624,-0.16635811,-0.84016502,0
0.70287192,1.0667236,-0.88914502,-0.35732996,0.84967196,-0.38777941,0
-1.1166596,-0.11505425,-0.19319737,-0.77837503,-0.50038242,-0.37914428,0
0.14465898,0.67722625,-1.2282009,-0.35732996,0.84967196,-0.38777941,0
0.10569501,0.79577518,1.097612,-0.51618624,0.16635811,0.84016502,0
1.0841982,-0.24266446,0.73194528,0.77837503,0.50038242,0.37914428,0
0.43642384,0.86363161,-1.0886184,-0.35732996,0.84967196,-0.38777941,0
0.52877718,1.2567066,-0.10660926,0.77837503,0.50038242,0.37914428,0
-0.92597926,-0.7731024,0.28381103,-0.77837503,-0.50038242,-0.37914428,0
0.72579235,-0.69649822,0.38387212,0.35732996,-0.84967196,0.38777941,0
-0.50354099,-0.8643837,-0.46297526,-0.77837503,-0.50038242,-0.37914428,0
0.60752577,-0.95242453,-0.067913949,0.35732996,-0.84967196,0.38777941,0
-0.18167853,-1.1489849,0.22863242,0.35732996,-0.84967196,0.38777941,0
1.3967487,-0.63954717,-0.10961235,0.35732996,-0.84967196,0.38777941,0
0.60403228,-0.16821975,1.5946612,-0.51618624,0.16635811,0.84016502,0
-0.32007408,-0.62999147,1.1183362,-0.51618624,0.16635811,0.84016502,0
-1.2155252,-0.51386428,0.54518902,-0.51618624,0.16635811,0.84016502,0
-0.70714247,0.77101445,-0.2377834,-0.35732996,0.84967196,-0.38777941,0
0.48885578,1.2589179,-0.27081233,-0.35732996,0.84967196,-0.38777941,0
-0.4213447,1.2079155,0.69219923,-0.51618624,0.16635811,0.84016502,0
-0.76673806,-1.0230422,0.28675526,-0.77837503,-0.50038242,-0.37914428,0
0.48441759,1.1103454,-0.59226334,-0.35732996,0.84967196,-0.38777941,0
0.34715623,1.2066059,-0.25486168,-0.35732996,0.84967196,-0.38777941,0
0.07173299,0.89285326,-0.68853581,-0.35732996,0.84967196,-0.38777941,0
-0.63543928,-0.33479562,-0.89112443,-0.77837503,-0.50038242,-0.37914428,0
0.56960773,0.59014529,0.68927258,0.77837503,0.50038242,0.37914428,0
0.30786788,1.208867,0.41004983,0.77837503,0.50038242,0.37914428,0
-0.42306742,1.1632077,0.69999325,-0.51618624,0.16635811,0.84016502,0
-0.053649902,-1.2047348,-0.93740755,-0.77837503,-0.50038242,-0.37914428,0
-0.38233727,1.1218483,0.23163617,-0.35732996,0.84967196,-0.38777941,0
-0.6059978,-1.2127376,0.20711291,-0.77837503,-0.50038242,-0.37914428,0
-0.22616848,0.93058717,-0.33134648,-0.35732996,0.84967196,-0.38777941,0
0.35997224,-0.019086957,-0.96530151,0.51618624,-0.16635811,-0.84016502,0
-0.29316103,1.3760848,0.73765492,-0.51618624,0.16635811,0.84016502,0
0.23207234,-1.0677366,0.025395021,0.35732996,-0.84967196,0.38777941,0
0.42683691,-0.45958811,1.178452,0.35732996,-0.84967196,0.38777941,0
-1.5124044,0.2527383,0.13385737,-0.77837503,-0.50038242,-0.37914428,0
-1.2774872,0.20541826,-0.28597122,-0.77837503,-0.50038242,-0.37914428,0
0.94913328,0.010197155,-0.60912728,0.51618624,-0.16635811,-0.84016502,0
-0.32707059,0.88606429,0.81384867,-0.51618624,0.16635811,0.84016502,0
-0.23286593,-1.0972853,-0.71128935,-0.77837503,-0.50038242,-0.37914428,0
-0.24597782,-0.20398638,1.0795081,-0.51618624,0.16635811,0.84016502,0
-0.65331703,0.71645164,0.64699161,-0.51618624,0.16635811,0.84016502,0
1.4834212,-0.5498445,0.0070704222,0.35732996,-0.84967196,0.38777941,0
0.6154741,-0.7809999,0.30037433,0.35732996,-0.84967196,0.38777941,0
0.72647429,-0.93429106,-0.13778961,0.35732996,-0.84967196,0.38777941,0
-0.028518379,-1.2718112,-0.1816289,0.35732996,-0.84967196,0.38777941,0
0.39485401,-0.14573428,-0.91879362,0.51618624,-0.16635811,-0.84016502,0
0.80104554,0.64111608,-0.82503641,0.51618624,-0.16635811,-0.84016502,0
-0.64189273,-0.90632021,0.97533035,-0.51618624,0.16635811,0.84016502,0
0.4458251,0.76886249,0.70753032,0.77837503,0.50038242,0.37914428,0
-0.59926873,0.49883687,-0.93356115,-0.35732996,0.84967196,-0.38777941,0
-0.20949036,-0.39555958,1.1398582,-0.51618624,0.16635811,0.84016502,0
-0.70887661,-0.58944714,0.87143338,-0.51618624,0.16635811,0.84016502,0
0.11488116,0.80128938,1.1021638,-0.51618624,0.16635811,0.84016502,0
-0.95261997,-1.0136968,0.80568445,-0.51618624,0.16635811,0.84016502,0
0.80360019,1.1505417,-0.79830801,-0.35732996,0.84967196,-0.38777941,0
0.17263848,1.1863549,-0.1384197,-0.35732996,0.84967196,-0.38777941,0
0.47840825,-0.95942515,0.035725802,0.35732996,-0.84967196,0.38777941,0
-0.32247785,0.24758936,0.94309258,-0.51618624,0.16635811,0.84016502,0
-0.84387022,-1.2131027,0.69833696,0.35732996,-0.84967196,0.38777941,0
0.33481431,0.52690554,-1.0888683,0.51618624,-0.16635811,-0.84016502,0
0.87215698,-0.063084483,0.93025732,0.77837503,0.50038242,0.37914428,0
-0.42388612,-0.6427325,1.0570782,-0.51618624,0.16635811,0.84016502,0
1.4879537,-0.31104577,-0.21447492,0.51618624,-0.16635811,-0.84016502,0
-0.055609345,1.4270165,0.59922463,-0.35732996,0.84967196,-0.38777941,0
-1.3989096,0.26627499,-0.11701012,-0.77837503,-0.50038242,-0.37914428,0
-0.88084751,-0.62131059,-0.0091733336,-0.77837503,-0.50038242,-0.37914428,0
0.82205856,-0.92483079,-0.20513982,0.35732996,-0.84967196,0.38777941,0
-0.28544164,1.1349723,0.17110527,-0.35732996,0.84967196,-0.38777941,0
-0.10672039,1.2503166,0.25915125,-0.35732996,0.84967196,-0.38777941,0
0.13589519,0.96360433,-0.59263563,-0.35732996,0.84967196,-0.38777941,0
-0.17858887,-1.2031829,-0.68295872,-0.77837503,-0.50038242,-0.37914428,0
1.0034453,-0.10637486,0.71785897,0.77837503,0.50038242,0.37914428,0
0.63282287,-0.67820668,0.50962037,0.35732996,-0.84967196,0.38777941,0
1.1060125,-0.15841252,0.57596821,0.77837503,0.50038242,0.37914428,0
0.35633034,1.3658209,0.085544363,-0.35732996,0.84967196,-0.38777941,0
-0.52314651,0.40667433,-1.2056454,-0.35732996,0.84967196,-0.38777941,0
0.80141246,-0.0043625236,0.9979955,0.77837503,0.50038242,0.37914428,0
0.93960571,-0.5577091,0.49095207,0.35732996,-0.84967196,0.38777941,0
0.9204374,0.71908689,-0.20114601,0.77837503,0.50038242,0.37914428,0
-1.046289,-0.75329876,0.50466847,-0.77837503,-0.50038242,-0.37914428,0
0.33687258,0.98527396,0.64559495,0.77837503,0.50038242,0.37914428,0
-0.54891139,0.8559134,-0.19756557,-0.35732996,0.84967196,-0.38777941,0
-0.56099153,0.56264728,0.73416948,-0.51618624,0.16635811,0.84016502,0
-0.43582249,-0.63513422,-0.90455639,-0.77837503,-0.50038242,-0.37914428,0
0.061148942,0.23996109,-1.2001879,0.51618624,-0.16635811,-0.84016502,0
-0.3254993,-0.37469816,-1.3160329,0.51618624,-0.16635811,-0.84016502,0
0.097100496,0.24552971,-1.1792024,0.51618624,-0.16635811,-0.84016502,0
1.5380869,-0.25272849,-0.18659639,0.77837503,0.50038242,0.37914428,0
-1.3330574,0.02208066,0.36685824,-0.51618624,0.16635811,0.84016502,0
-0.66500127,0.20801753,-1.510211,-0.35732996,0.84967196,-0.38777941,0
-0.76988471,-0.14136001,-0.87040102,-0.77837503,-0.50038242,-0.37914428,0
-0.064417183,-0.15709373,1.1817718,-0.51618624,0.16635811,0.84016502,0
-0.54840171,-0.72037542,-0.56093448,-0.77837503,-0.50038242,-0.37914428,0
-0.98363256,-0.91681921,0.76744854,-0.51618624,0.16635811,0.84016502,0
1.3620455,-0.29090542,0.22519779,0.77837503,0.50038242,0.37914428,0
-0.3387,0.61151731,-0.92677271,-0.35732996,0.84967196,-0.38777941,0
0.91791487,-0.36511153,0.93294454,0.35732996,-0.84967196,0.38777941,0
0.0016668737,-1.1075778,0.15041175,0.35732996,-0.84967196,0.38777941,0
1.0927263,-0.30415499,0.79559088,0.77837503,0.50038242,0.37914428,0
-0.49662727,-1.2421224,0.02135846,-0.77837503,-0.50038242,-0.37914428,0
0.71511519,0.040549934,1.1158879,0.77837503,0.50038242,0.37914428,0
0.81634557,0.5220809,0.27255461,0.77837503,0.50038242,0.37914428,0
1.4300283,-0.086835861,-0.18369365,0.77837503,0.50038242,0.37914428,0
0.54160845,-1.1498678,-0.43979484,0.35732996,-0.84967196,0.38777941,0
-1.5688562,0.33853352,0.13652205,-0.77837503,-0.50038242,-0.37914428,0
0.61992699,1.2253636,-0.2523725,0.77837503,0.50038242,0.37914428,0
-0.39968246,0.60190797,-0.89163411,-0.35732996,0.84967196,-0.38777941,0
0.99765909,0.076845899,-0.59251046,0.51618624,-0.16635811,-0.84016502,0
0.16170627,-0.41457927,-1.0088035,0.51618624,-0.16635811,-0.84016502,0
-1.0407213,0.22416431,-0.79678679,-0.77837503,-0.50038242,-0.37914428,0
-0.25391805,-1.2793856,-0.42773944,-0.77837503,-0.50038242,-0.37914428,0
-1.2642372,0.52206433,-0.26991338,-0.35732996,0.84967196,-0.38777941,0
-1.0807629,0.3976624,-0.7115609,-0.35732996,0.84967196,-0.38777941,0
-0.24585316,-0.88587993,0.86426312,0.35732996,-0.84967196,0.38777941,0
-1.2399883,-0.36867183,0.39471042,-0.77837503,-0.50038242,-0.37914428,0
-1.0081674,-1.0074363,0.76180863,-0.77837503,-0.50038242,-0.37914428,0
0.98205602,0.39286742,0.10288656,0.77837503,0.50038242,0.37914428,0
0.48276475,1.008731,-0.81338984,-0.35732996,0.84967196,-0.38777941,0
0.90668124,0.43809009,0.19794598,0.77837503,0.50038242,0.37914428,0
-0.13268733,0.52099621,1.0055611,-0.51618624,0.16635811,0.84016502,0
-0.59753716,-0.64422441,-0.56056231,-0.77837503,-0.50038242,-0.37914428,0
-0.086350083,-0.4513216,-1.1539308,0.51618624,-0.16635811,-0.84016502,0
-0.88550818,0.50669754,-0.65257418,-0.35732996,0.84967196,-0.38777941,0
0.23028862,1.0756078,0.74518979,0.77837503,0.50038242,0.37914428,0
-0.39609697,0.67996216,-0.72391158,-0.35732996,0.84967196,-0.38777941,0
1.0499246,0.38464582,-0.025595963,0.77837503,0.50038242,0.37914428,0
0.84476757,-0.24905926,1.231931,0.77837503,0.50038242,0.37914428,0
-0.079656899,0.3070246,1.0805099,-0.51618624,0.16635811,0.84016502,0
-1.5386803,0.4176932,0.16219234,-0.51618624,0.16635811,0.84016502,0
0.24904537,-0.09387207,1.3618405,-0.51618624,0.16635811,0.84016502,0
-0.98265612,0.18342799,-0.86223054,-0.77837503,-0.50038242,-0.37914428,0
0.48036733,-0.7293362,0.53807366,0.35732996,-0.84967196,0.38777941,0
0.75811851,-0.3929227,1.0192555,0.35732996,-0.84967196,0.38777941,0
-1.0874218,-0.67482841,0.48555017,-0.77837503,-0.50038242,-0.37914428,0
-0.69659233,-0.28576463,-0.83028805,-0.77837503,-0.50038242,-0.37914428,0
0.40293372,0.052517354,1.4274015,-0.51618624,0.16635811,0.84016502,0
-1.08113,-0.46387106,0.19421864,-0.77837503,-0.50038242,-0.37914428,0
0.51367217,-0.32488078,-0.81032115,0.51618624,-0.16635811,-0.84016502,0
-0.46048528,0.89206231,-0.19984171,-0.35732996,0.84967196,-0.38777941,0
0.3775534,1.2630153,-0.15927204,-0.35732996,0.84967196,-0.38777941,0
-0.020337582,0.44186717,1.0902551,-0.51618624,0.16635811,0.84016502,0
-1.4820065,0.35173696,0.2100718,-0.51618624,0.16635811,0.84016502,0
0.55258721,0.90084028,-1.0291133,0.51618624,-0.16635811,-0.84016502,0
1.3403573,-0.074839935,-0.35192633,0.51618624,-0.16635811,-0.84016502,0
-0.11375225,1.4202631,0.83913374,-0.51618624,0.16635811,0.84016502,0
-0.35761648,-0.8314656,1.0864787,0.35732996,-0.84967196,0.38777941,0
0.39557791,1.3547207,0.02505669,-0.35732996,0.84967196,-0.38777941,0
0.21596801,0.8060739,1.1303117,0.77837503,0.50038242,0.37914428,0
0.35148612,-0.25543955,-0.92371601,0.51618624,-0.16635811,-0.84016502,0
-0.63310456,0.25319079,0.75113869,-0.51618624,0.16635811,0.84016502,0
0.42824551,-1.0688444,-0.15780145,0.35732996,-0.84967196,0.38777941,0
0.15384497,0.96438509,-0.60746527,-0.35732996,0.84967196,-0.38777941,0
-0.78302449,1.0079807,0.50957644,-0.51618624,0.16635811,0.84016502,0
-0.80223441,-1.0254282,0.90040231,-0.51618624,0.16635811,0.84016502,0
0.96595353,-0.82066631,-0.4342767,0.51618624,-0.16635811,-0.84016502,0
-0.33039021,0.66351891,-0.82048798,-0.35732996,0.84967196,-0.38777941,0
-1.4392083,0.01891911,0.30226648,-0.51618624,0.16635811,0.84016502,0
-0.45422691,-0.24440008,0.95956469,-0.51618624,0.16635811,0.84016502,0
0.17072251,0.46103406,-1.1766411,0.51618624,-0.16635811,-0.84016502,0
-1.1189466,-0.36327234,0.57470739,-0.51618624,0.16635811,0.84016502,0
-1.3559208,0.64133024,0.075897455,-0.35732996,0.84967196,-0.38777941,0
-0.068846107,0.19233641,1.109861,-0.51618624,0.16635811,0.84016502,0
-0.10071293,0.68107551,-0.99366176,-0.35732996,0.84967196,-0.38777941,0
-0.63000339,0.44236827,-1.0289693,-0.35732996,0.84967196,-0.38777941,0
0.1477024,-0.63028789,1.0616438,0.35732996,-0.84967196,0.38777941,0
-0.33990288,-0.14961594,-1.3694499,0.51618624,-0.16635811,-0.84016502,0
-0.6716609,0.62936378,0.65296531,-0.51618624,0.16635811,0.84016502,0
-0.56183296,0.90074849,-0.08741948,-0.35732996,0.84967196,-0.38777941,0
0.1770792,0.38862056,-1.1583972,0.51618624,-0.16635811,-0.84016502,0
0.54227269,1.1535006,-0.55101705,-0.35732996,0.84967196,-0.38777941,0
0.19359553,1.0759554,-0.39963004,-0.35732996,0.84967196,-0.38777941,0
0.63848895,1.0946535,-0.76861966,-0.35732996,0.84967196,-0.38777941,0
0.56619215,0.90685278,0.27830428,0.77837503,0.50038242,0.37914428,0
0.69317865,0.24324456,0.89341283,0.77837503,0.50038242,0.37914428,0
-1.2933197,0.060350135,0.38369501,-0.51618624,0.16635811,0.84016502,0
-0.73252434,0.26829556,0.6870656,-0.51618624,0.16635811,0.84016502,0
-0.78662634,-1.1783468,0.72174251,0.35732996,-0.84967196,0.38777941,0
1.1485453,0.4596414,-0.5756042,0.51618624,-0.16635811,-0.84016502,0
-1.07823,-0.51923537,0.26133335,-0.77837503,-0.50038242,-0.37914428,0
-0.89960992,0.74025542,-0.12782586,-0.35732996,0.84967196,-0.38777941,0
0.69209546,-0.072357766,-0.75070155,0.51618624,-0.16635811,-0.84016502,0
-0.415604,-1.1200031,-0.30614948,-0.77837503,-0.50038242,-0.37914428,0
-0.099030793,0.099162042,1.1097652,-0.51618624,0.16635811,0.84016502,0
0.7450828,0.30658561,-0.79317999,0.51618624,-0.16635811,-0.84016502,0
-1.3371609,-0.21801485,0.41187727,-0.51618624,0.16635811,0.84016502,0
-0.82108247,-0.77627701,0.83948886,-0.51618624,0.16635811,0.84016502,0
0.0020487905,-0.69772208,1.0481039,0.35732996,-0.84967196,0.38777941,0
-0.83172369,-0.75881922,0.82949424,-0.51618624,0.16635811,0.84016502,0
0.3696163,-0.07324779,-0.94865209,0.51618624,-0.16635811,-0.84016502,0
0.73251677,-0.38521355,1.0597388,0.35732996,-0.84967196,0.38777941,0
0.99224418,0.34618881,0.14357531,0.77837503,0.50038242,0.37914428,0
0.13073307,0.83982319,-0.85909837,-0.35732996,0.84967196,-0.38777941,0
0.12569427,-0.2237879,1.3117795,-0.51618624,0.16635811,0.84016502,0
0.47224256,-0.38498417,-0.82387406,0.51618624,-0.16635811,-0.84016502,0
0.074640989,0.34904295,1.1669886,-0.51618624,0.16635811,0.84016502,0
0.20888689,-0.70926791,0.83220899,0.35732996,-0.84967196,0.38777941,0
0.15959631,0.94445562,-0.65643281,-0.35732996,0.84967196,-0.38777941,0
0.043246806,1.0128427,-0.3993749,-0.35732996,0.84967196,-0.38777941,0
-1.3215134,0.57957315,-0.091125727,-0.35732996,0.84967196,-0.38777941,0
-0.79693174,0.80680853,-0.076615334,-0.35732996,0.84967196,-0.38777941,0
0.1870358,0.056711823,-1.08656,0.51618624,-0.16635811,-0.84016502,0
-0.15412664,1.3756526,0.57746142,-0.35732996,0.84967196,-0.38777941,0
0.84405649,0.050522923,0.8380118,0.77837503,0.50038242,0.37914428,0
-1.0645005,0.74283409,0.38914204,-0.51618624,0.16635811,0.84016502,0
0.17775679,1.064258,0.86801553,0.77837503,0.50038242,0.37914428,0
0.5203535,-0.77586758,0.39927125,0.35732996,-0.84967196,0.38777941,0
1.3372631,-0.070670456,-0.014583468,0.77837503,0.50038242,0.37914428,0
-0.89093405,-0.94869328,0.44360328,-0.77837503,-0.50038242,-0.37914428,0
0.47609115,0.26253262,1.3136328,0.77837503,0.50038242,0.37914428,0
-0.32316244,-0.33456886,-1.3225429,0.51618624,-0.16635811,-0.84016502,0
-0.51930374,-1.2050053,0.41699857,0.35732996,-0.84967196,0.38777941,0
0.16441098,-0.87142867,0.51787829,0.35732996,-0.84967196,0.38777941,0
0.51138127,1.3029641,-0.19505847,-0.35732996,0.84967196,-0.38777941,0
-0.75463194,0.83318257,-0.057804823,-0.35732996,0.84967196,-0.38777941,0
-1.0044227,0.91962934,0.36178708,-0.35732996,0.84967196,-0.38777941,0
0.34908837,1.3687911,0.1143624,0.77837503,0.50038242,0.37914428,0
0.26778397,-1.0687338,-0.0096973181,0.35732996,-0.84967196,0.38777941,0
0.65280545,1.1680321,-0.62103051,-0.35732996,0.84967196,-0.38777941,0
0.67502367,-0.094246387,1.3760945,0.77837503,0.50038242,0.37914428,0
0.22702968,-0.29669702,1.3884749,-0.51618624,0.16635811,0.84016502,0
1.1884615,0.56236601,-0.54455888,0.77837503,0.50038242,0.37914428,0
0.65072381,0.89851463,0.11576721,0.77837503,0.50038242,0.37914428,0
-1.268155,-0.19498721,0.44971418,-0.51618624,0.16635811,0.84016502,0
0.71336681,-0.78925556,-0.59568226,0.51618624,-0.16635811,-0.84016502,0
1.3609201,-0.36494401,0.32522243,0.77837503,0.50038242,0.37914428,0
0.92991441,0.65348291,-0.13402003,0.77837503,0.50038242,0.37914428,0
-0.15482435,-1.0862054,0.34144452,0.35732996,-0.84967196,0.38777941,0
0.57436383,0.93963075,0.21826874,0.77837503,0.50038242,0.37914428,0
-0.21874821,-1.2707607,-0.0040344745,0.35732996,-0.84967196,0.38777941,0
1.3448206,-0.26593566,0.22760576,0.77837503,0.50038242,0.37914428,0
-1.1916406,0.407233,-0.5884192,-0.35732996,0.84967196,-0.38777941,0
0.30260646,-0.065498352,1.3891298,-0.51618624,0.16635811,0.84016502,0
-0.35234472,-0.9131676,0.90260214,0.35732996,-0.84967196,0.38777941,0
-0.058824539,-1.2553053,-0.117536,0.35732996,-0.84967196,0.38777941,0
-0.30700892,0.68370837,0.86624223,-0.51618624,0.16635811,0.84016502,0
-0.8932752,0.68964148,-0.24456444,-0.35732996,0.84967196,-0.38777941,0
-1.2719193,-0.21361469,0.25562429,-0.77837503,-0.50038242,-0.37914428,0
-0.1556071,-1.2674302,-0.64534819,-0.77837503,-0.50038242,-0.37914428,0
-0.51199245,-0.62408203,-0.76276708,-0.77837503,-0.50038242,-0.37914428,0
-0.73747039,0.1298334,-1.2948592,-0.77837503,-0.50038242,-0.37914428,0
1.1292279,0.33721429,-0.1258049,0.77837503,0.50038242,0.37914428,0
-0.55768836,0.11802566,-1.5562491,0.51618624,-0.16635811,-0.84016502,0
1.1221024,0.53835511,-0.60743606,0.51618624,-0.16635811,-0.84016502,0
-0.60334361,0.6862905,-0.51907235,-0.35732996,0.84967196,-0.38777941,0
-0.61720592,0.7262944,0.66722882,-0.51618624,0.16635811,0.84016502,0
-1.2206208,-0.26289171,0.49236405,-0.51618624,0.16635811,0.84016502,0
1.262959,-0.55440658,-0.30452168,0.51618624,-0.16635811,-0.84016502,0
0.14687324,-1.0247571,-0.89709747,0.51618624,-0.16635811,-0.84016502,0
1.1424482,0.63901663,-0.61486745,0.51618624,-0.16635811,-0.84016502,0
-0.54907066,0.602305,-0.75310606,-0.35732996,0.84967196,-0.38777941,0
-0.96753526,-0.9196828,0.56257701,-0.77837503,-0.50038242,-0.37914428,0
0.66190457,-0.12881947,1.4486563,0.77837503,0.50038242,0.37914428,0
0.69147122,-0.1062755,1.3582036,0.77837503,0.50038242,0.37914428,0
-0.24125117,0.94379544,0.85514367,-0.51618624,0.16635811,0.84016502,0
0.14912927,1.3817823,0.5077284,0.77837503,0.50038242,0.37914428,0
-0.12463069,-0.32076421,1.1771851,-0.51618624,0.16635811,0.84016502,0
1.1372917,-0.063562885,-0.47892034,0.51618624,-0.16635811,-0.84016502,0
0.85171676,-0.26477081,1.2138033,0.35732996,-0.84967196,0.38777941,0
-0.61596632,-0.45041445,0.90098643,-0.51618624,0.16635811,0.84016502,0
0.81938159,0.99951237,-0.88473582,0.51618624,-0.16635811,-0.84016502,0
-0.52674842,1.1165484,0.35309488,-0.35732996,0.84967196,-0.38777941,0
0.11691162,-0.67440557,0.99334967,0.35732996,-0.84967196,0.38777941,0
-1.0232434,-0.47634506,0.091841757,-0.77837503,-0.50038242,-0.37914428,0
0.85382396,-0.46334231,0.77676713,0.35732996,-0.84967196,0.38777941,0
0.53590685,-0.629798,0.70499569,0.35732996,-0.84967196,0.38777941,0
0.63826519,0.56005168,-0.90899551,0.51618624,-0.16635811,-0.84016502,0
-1.2576281,0.69184542,0.28058314,-0.51618624,0.16635811,0.84016502,0
1.3764842,0.073176265,-0.2849474,0.77837503,0.50038242,0.37914428,0
-0.35858095,-1.17923,-0.34505066,-0.77837503,-0.50038242,-0.37914428,0
0.17281228,0.15097219,-1.113963,0.51618624,-0.16635811,-0.84016502,0
-0.36943105,-0.92625749,0.88966507,0.35732996,-0.84967196,0.38777941,0
0.53818709,1.1625128,-0.0016137958,0.77837503,0.50038242,0.37914428,0
0.37271905,-0.34709358,1.4748099,0.35732996,-0.84967196,0.38777941,0
-0.32737827,-0.48532218,1.0852031,-0.51618624,0.16635811,0.84016502,0
0.23183697,-0.44143364,-0.96039885,0.51618624,-0.16635811,-0.84016502,0
0.55825526,1.198084,-0.4680571,-0.35732996,0.84967196,-0.38777941,0
0.71204841,0.66704565,0.29535455,0.77837503,0.50038242,0.37914428,0
0.73062921,-0.95307201,-0.18276948,0.35732996,-0.84967196,0.38777941,0
-0.36739743,-0.47044697,-1.2623804,-0.77837503,-0.50038242,-0.37914428,0
-1.315448,-0.17310894,0.41632593,-0.51618624,0.16635811,0.84016502,0
-0.84891891,-0.78332305,0.13909692,-0.77837503,-0.50038242,-0.37914428,0
0.38224688,-0.93105078,-0.77104151,0.51618624,-0.16635811,-0.84016502,0
0.45284766,-0.63667679,0.76646054,0.35732996,-0.84967196,0.38777941,0
-0.30071121,1.1488883,0.77800256,-0.51618624,0.16635811,0.84016502,0
0.51328021,0.03307572,-0.88143981,0.51618624,-0.16635811,-0.84016502,0
-0.34404588,-1.1830778,-0.36981261,-0.77837503,-0.50038242,-0.37914428,0
-0.045543626,-0.87337959,0.70707214,0.35732996,-0.84967196,0.38777941,0
1.369303,-0.36868313,0.31294745,0.77837503,0.50038242,0.37914428,0
-0.87875587,-0.55209941,-0.10481,-0.77837503,-0.50038242,-0.37914428,0
0.63402516,-0.43710107,-0.71415746,0.51618624,-0.16635811,-0.84016502,0
0.80052716,-0.69569707,0.31676108,0.35732996,-0.84967196,0.38777941,0
0.83941638,0.06186676,0.83256644,0.77837503,0.50038242,0.37914428,0
-0.41632044,0.61296737,-0.85206991,-0.35732996,0.84967196,-0.38777941,0
0.81785256,0.85137188,-0.85634243,0.51618624,-0.16635811,-0.84016502,0
-0.17108738,-1.0306109,0.47824463,0.35732996,-0.84967196,0.38777941,0
-0.84435451,0.56525731,-0.56218487,-0.35732996,0.84967196,-0.38777941,0
-0.35891306,-0.65342444,1.0991141,-0.51618624,0.16635811,0.84016502,0
0.17106009,-1.2269772,-0.84219652,0.51618624,-0.16635811,-0.84016502,0
0.14567804,0.70893103,1.1393727,-0.51618624,0.16635811,0.84016502,0
0.31063998,-0.26874787,1.43431,-0.51618624,0.16635811,0.84016502,0
-1.1997473,0.19319132,-0.42943251,-0.77837503,-0.50038242,-0.37914428,0
-1.1458956,-0.088281162,0.50370026,-0.51618624,0.16635811,0.84016502,0
0.78748417,-0.31384695,1.1654607,0.35732996,-0.84967196,0.38777941,0
0.10329548,-0.88424218,0.54611897,0.35732996,-0.84967196,0.38777941,0
-1.5402668,0.47212753,-0.098484278,-0.77837503,-0.50038242,-0.37914428,0
1.0013638,1.0054475,-0.77410352,0.51618624,-0.16635811,-0.84016502,0
0.06839098,-1.0285792,0.26202238,0.35732996,-0.84967196,0.38777941,0
-0.65516603,0.76462227,-0.29968441,-0.35732996,0.84967196,-0.38777941,0
-0.12420623,1.0561907,-0.15008977,-0.35732996,0.84967196,-0.38777941,0
0.99427545,0.23651516,0.2841489,0.77837503,0.50038242,0.37914428,0
-0.96875215,-0.053497821,-0.57808828,-0.77837503,-0.50038242,-0.37914428,0
-1.1189675,0.033266097,-0.38420755,-0.77837503,-0.50038242,-0.37914428,0
0.06479913,1.1998155,-0.0095544774,-0.35732996,0.84967196,-0.38777941,0
1.4617687,-0.066882849,-0.27518964,0.77837503,0.50038242,0.37914428,0
-0.45268661,1.2721018,0.66023397,-0.51618624,0.16635811,0.84016502,0
0.80626333,-1.0580461,-0.48247576,0.35732996,-0.84967196,0.38777941,0
0.10346866,0.96671933,-0.55592996,-0.35732996,0.84967196,-0.38777941,0
1.160876,-0.18297327,-0.44078624,0.51618624,-0.16635811,-0.84016502,0
1.1498182,-0.14333791,0.46614102,0.77837503,0.50038242,0.37914428,0
1.1578505,0.61795169,-0.55507493,0.77837503,0.50038242,0.37914428,0
1.2183173,-0.029954821,0.17587417,0.77837503,0.50038242,0.37914428,0
1.019159,0.22518878,-0.60867429,0.51618624,-0.16635811,-0.84016502,0
-0.67717314,-0.29961735,-0.85187286,-0.77837503,-0.50038242,-0.37914428,0
-0.69003475,1.0730624,0.55382156,-0.51618624,0.16635811,0.84016502,0
0.049004972,-0.753479,0.88266456,0.35732996,-0.84967196,0.38777941,0
-1.0253301,0.37209505,0.48661649,-0.51618624,0.16635811,0.84016502,0
0.31956518,-1.2206478,-0.7522102,0.51618624,-0.16635811,-0.84016502,0
0.21102017,-0.69235694,0.86729705,0.35732996,-0.84967196,0.38777941,0
0.71404827,-0.27444738,-0.69719899,0.51618624,-0.16635811,-0.84016502,0
-1.3815238,0.63535798,0.086403728,-0.35732996,0.84967196,-0.38777941,0
-0.51242816,-1.1993575,0.42303807,0.35732996,-0.84967196,0.38777941,0
0.34917212,-0.80728942,0.48816195,0.35732996,-0.84967196,0.38777941,0
-0.59946299,1.08154,0.34339201,-0.35732996,0.84967196,-0.38777941,0
0.13407624,-0.39869836,-1.0289235,0.51618624,-0.16635811,-0.84016502,0
-0.22059429,1.4275197,0.75235707,-0.35732996,0.84967196,-0.38777941,0
-0.55467999,0.62080705,0.72653115,-0.51618624,0.16635811,0.84016502,0
-0.71244425,0.57595116,-0.66030562,-0.35732996,0.84967196,-0.38777941,0
-0.29585993,0.41861826,-1.3889143,-0.35732996,0.84967196,-0.38777941,0
0.19791746,0.3992146,1.2327938,-0.51618624,0.16635811,0.84016502,0
0.87258315,-0.23814255,1.1604187,0.77837503,0.50038242,0.37914428,0
-0.95011503,-0.81020588,0.76693106,-0.51618624,0.16635811,0.84016502,0
-0.32551393,0.72027999,-0.70061094,-0.35732996,0.84967196,-0.38777941,0
-0.60273468,-0.86503565,0.99121368,-0.51618624,0.16635811,0.84016502,0
0.41622674,-1.1013868,-0.21803081,0.35732996,-0.84967196,0.38777941,0
0.21819568,0.45528945,-1.1463368,0.51618624,-0.16635811,-0.84016502,0
-0.6991083,0.82970643,-0.11658522,-0.35732996,0.84967196,-0.38777941,0
0.054024696,-0.60413086,1.2052791,0.35732996,-0.84967196,0.38777941,0
0.61104149,0.61044049,-0.93569851,0.51618624,-0.16635811,-0.84016502,0
-0.69214851,0.96203226,0.57450736,-0.51618624,0.16635811,0.84016502,0
-0.48823118,0.13545752,-1.5170271,0.51618624,-0.16635811,-0.84016502,0
0.70102918,-0.99340224,-0.24386221,0.35732996,-0.84967196,0.38777941,0
-0.30579418,0.18352003,0.96602899,-0.51618624,0.16635811,0.84016502,0
-0.98559141,0.73634374,-0.057166696,-0.35732996,0.84967196,-0.38777941,0
0.57584137,1.0875885,-0.72637153,-0.35732996,0.84967196,-0.38777941,0
1.2561598,0.05412142,-0.42919147,0.51618624,-0.16635811,-0.84016502,0
1.5808374,-0.52981621,-0.038811922,0.35732996,-0.84967196,0.38777941,0
-1.0500555,-0.13021699,-0.30992231,-0.77837503,-0.50038242,-0.37914428,0
-0.90636468,0.13682413,-0.95734918,-0.77837503,-0.50038242,-0.37914428,0
0.55654943,-0.29976535,1.409116,0.35732996,-0.84967196,0.38777941,0
-1.1203814,0.83706516,0.28773224,-0.35732996,0.84967196,-0.38777941,0
0.46976793,-0.10492951,-0.88084716,0.51618624,-0.16635811,-0.84016502,0
0.04905349,0.6802392,-1.1335008,-0.35732996,0.84967196,-0.38777941,0
0.89515293,0.38474092,-0.71645415,0.51618624,-0.16635811,-0.84016502,0
0.78221619,1.093748,-0.41184646,0.77837503,0.50038242,0.37914428,0
0.15898077,0.82004011,-0.92847526,-0.35732996,0.84967196,-0.38777941,0
0.30612355,-1.2687171,-0.48321426,0.35732996,-0.84967196,0.38777941,0
0.50527501,-0.00087237358,-0.87963617,0.51618624,-0.16635811,-0.84016502,0
-0.052319407,0.43345001,1.0722727,-0.51618624,0.16635811,0.84016502,0
-1.0047452,0.018203881,0.56933653,-0.51618624,0.16635811,0.84016502,0
-0.8728016,-0.80865908,0.22156537,-0.77837503,-0.50038242,-0.37914428,0
-0.65302765,-0.2481094,-0.96942168,-0.77837503,-0.50038242,-0.37914428,0
-1.3499941,0.42582288,-0.40176719,-0.35732996,0.84967196,-0.38777941,0
-0.9717859,-0.091178447,-0.52213007,-0.77837503,-0.50038242,-0.37914428,0
0.31236976,-0.5545516,-0.88852245,0.51618624,-0.16635811,-0.84016502,0
0.31154716,0.32779658,-1.0637386,0.51618624,-0.16635811,-0.84016502,0
0.13926698,-1.0692978,0.10749227,0.35732996,-0.84967196,0.38777941,0
-1.3758616,0.6432184,0.098409414,-0.35732996,0.84967196,-0.38777941,0
0.60871303,0.39175197,0.87082386,0.77837503,0.50038242,0.37914428,0
-0.95747554,0.92494053,0.33016407,-0.35732996,0.84967196,-0.38777941,0
-1.2245588,0.15033177,-0.32193059,-0.77837503,-0.50038242,-0.37914428,0
0.42036891,-0.31684572,1.4971783,0.35732996,-0.84967196,0.38777941,0
-0.066229701,1.4496567,0.86027741,0.77837503,0.50038242,0.37914428,0
-0.45849812,0.54843116,-0.95461106,-0.35732996,0.84967196,-0.38777941,0
0.12141645,0.40931663,1.1837921,-0.51618624,0.16635811,0.84016502,0
1.3463073,0.043478563,-0.18380141,0.77837503,0.50038242,0.37914428,0
0.99322516,0.23146115,0.29297537,0.77837503,0.50038242,0.37914428,0
0.63433039,-0.64161229,0.58841419,0.35732996,-0.84967196,0.38777941,0
-0.48521221,0.41002649,-1.233256,-0.35732996,0.84967196,-0.38777941,0
-0.92571098,0.54668975,-0.52790046,-0.35732996,0.84967196,-0.38777941,0
0.62240803,0.40956312,0.81920135,0.77837503,0.50038242,0.37914428,0
-0.67624217,-0.92512894,-0.028253555,-0.77837503,-0.50038242,-0.37914428,0
0.10424525,-0.70061815,-0.98746908,0.51618624,-0.16635811,-0.84016502,0
-1.3337332,-0.034222245,0.14577055,-0.77837503,-0.50038242,-0.37914428,0
0.81777203,-0.18046236,1.1968204,0.77837503,0.50038242,0.37914428,0
-0.93735671,-0.044088066,-0.65496069,-0.77837503,-0.50038242,-0.37914428,0
1.3380014,0.020543322,-0.13648045,0.77837503,0.50038242,0.37914428,0
0.21225715,-0.64706564,0.96539611,0.35732996,-0.84967196,0.38777941,0
-0.92199528,0.96184582,0.37833381,-0.35732996,0.84967196,-0.38777941,0
-0.74590039,0.15807813,-1.3148291,-0.77837503,-0.50038242,-0.37914428,0
-0.46142527,1.0312157,0.10592669,-0.35732996,0.84967196,-0.38777941,0
0.033443332,0.48494864,1.1147673,-0.51618624,0.16635811,0.84016502,0
0.28270984,1.2669261,0.38507438,0.77837503,0.50038242,0.37914428,0
-1.1410763,0.84272254,0.31919825,-0.35732996,0.84967196,-0.38777941,0
-1.0103607,-0.9111616,0.63925076,-0.77837503,-0.50038242,-0.37914428,0
-0.10646701,1.1253405,0.90200627,-0.51618624,0.16635811,0.84016502,0
-1.4792306,0.35624611,-0.070853829,-0.77837503,-0.50038242,-0.37914428,0
0.87646604,0.29817033,0.44463888,0.77837503,0.50038242,0.37914428,0
-0.51197726,1.187583,0.49512887,-0.35732996,0.84967196,-0.38777941,0
0.46547604,-0.24646705,1.5250275,-0.51618624,0.16635811,0.84016502,0
0.56542653,-0.63413262,0.66829616,0.35732996,-0.84967196,0.38777941,0
-0.77286893,0.51053655,-0.74795711,-0.35732996,0.84967196,-0.38777941,0
-0.019107848,-1.0770493,0.23644699,0.35732996,-0.84967196,0.38777941,0
1.500788,-0.27155167,-0.21440971,0.51618624,-0.16635811,-0.84016502,0
-0.89516473,-0.58863866,-0.022899687,-0.77837503,-0.50038242,-0.37914428,0
1.0067663,-0.34891748,0.88655293,0.35732996,-0.84967196,0.38777941,0
0.70035446,-0.47552216,0.89149839,0.35732996,-0.84967196,0.38777941,0
0.30268544,1.0451208,-0.56771606,-0.35732996,0.84967196,-0.38777941,0
0.87388551,-0.9338761,-0.46842575,0.51618624,-0.16635811,-0.84016502,0
-1.3464401,0.063827991,0.042453766,-0.77837503,-0.50038242,-0.37914428,0
-0.29990202,-1.2136469,0.19589016,0.35732996,-0.84967196,0.38777941,0
-0.23182666,1.173362,0.2058166,-0.35732996,0.84967196,-0.38777941,0
7.2717667e-05,-1.3154192,-0.90162104,-0.77837503,-0.50038242,-0.37914428,0
0.17439371,-0.44169295,1.3848464,-0.51618624,0.16635811,0.84016502,0
0.65311396,-0.23595111,-0.74225867,0.51618624,-0.16635811,-0.84016502,0
-0.6495949,0.70722604,-0.4305805,-0.35732996,0.84967196,-0.38777941,0
-0.77927923,-0.21854794,-0.74924409,-0.77837503,-0.50038242,-0.37914428,0
0.90421313,0.96540773,-0.49292421,0.77837503,0.50038242,0.37914428,0
0.60768592,0.57198256,0.63506985,0.77837503,0.50038242,0.37914428,0
-0.36277121,1.2428062,0.47864008,-0.35732996,0.84967196,-0.38777941,0
-1.6166342,0.50626385,0.096760869,-0.51618624,0.16635811,0.84016502,0
0.21752572,0.082785666,1.3074958,-0.51618624,0.16635811,0.84016502,0
-0.3825807,-1.1845992,0.33572382,0.35732996,-0.84967196,0.38777941,0
-0.35044765,-1.2232312,-0.30367714,-0.77837503,-0.50038242,-0.37914428,0
-0.75534433,1.0078737,0.32562119,-0.35732996,0.84967196,-0.38777941,0
-0.20008814,0.89182889,0.89072359,-0.51618624,0.16635811,0.84016502,0
0.58745193,-0.63555837,0.64487642,0.35732996,-0.84967196,0.38777941,0
0.24507648,-0.82044363,-0.87721801,0.51618624,-0.16635811,-0.84016502,0
0.73808283,1.2095526,-0.4740774,0.77837503,0.50038242,0.37914428,0
-0.39194131,1.2971702,0.62463754,-0.35732996,0.84967196,-0.38777941,0
0.74828404,-1.06909,-0.51882041,0.51618624,-0.16635811,-0.84016502,0
0.51195419,0.41126886,1.0437099,0.77837503,0.50038242,0.37914428,0
0.93244052,-0.88941061,-0.44125485,0.51618624,-0.16635811,-0.84016502,0
0.78093624,-0.76700062,-0.55857503,0.51618624,-0.16635811,-0.84016502,0
0.39539406,-0.94776446,0.13777158,0.35732996,-0.84967196,0.38777941,0
0.66618836,1.1998684,-0.56360489,-0.35732996,0.84967196,-0.38777941,0
0.031373143,1.4639238,0.64107138,0.77837503,0.50038242,0.37914428,0
0.12858218,0.43331689,-1.1970434,0.51618624,-0.16635811,-0.84016502,0
1.0243247,0.95282888,-0.749578,0.51618624,-0.16635811,-0.84016502,0
-0.52197319,-0.99317276,0.88360965,0.35732996,-0.84967196,0.38777941,0
0.15100878,-0.074465215,-1.0827208,0.51618624,-0.16635811,-0.84016502,0
0.27309275,0.70914829,1.1409556,0.77837503,0.50038242,0.37914428,0
0.65286374,0.7467941,0.31160992,0.77837503,0.50038242,0.37914428,0
-0.24121165,1.3563153,0.77348644,-0.51618624,0.16635811,0.84016502,0
-0.090611339,0.49705988,1.0361516,-0.51618624,0.16635811,0.84016502,0
-0.42181024,0.38641897,0.85457498,-0.51618624,0.16635811,0.84016502,0
-0.03778401,0.98947269,-0.37591338,-0.35732996,0.84967196,-0.38777941,0
0.45850471,-0.99283373,-0.7119562,0.51618624,-0.16635811,-0.84016502,0
0.51387632,0.36405993,1.1020684,0.77837503,0.50038242,0.37914428,0
-0.2262032,0.27064586,-1.3828087,0.51618624,-0.16635811,-0.84016502,0
0.13222048,1.0760823,-0.34279633,-0.35732996,0.84967196,-0.38777941,0
-1.0904486,0.75712705,0.084995747,-0.35732996,0.84967196,-0.38777941,0
-0.40472925,-0.83692771,-0.70206898,-0.77837503,-0.50038242,-0.37914428,0
0.75733972,1.1995836,-0.64822304,-0.35732996,0.84967196,-0.38777941,0
-0.75654578,-0.88950741,0.90155971,-0.51618624,0.16635811,0.84016502,0
-0.17621064,0.3589032,1.0109165,-0.51618624,0.16635811,0.84016502,0
0.63649094,-0.99539304,-0.18875396,0.35732996,-0.84967196,0.38777941,0
-0.23945296,-1.2644867,0.028791443,0.35732996,-0.84967196,0.38777941,0
0.55804837,1.0590467,-0.7725141,-0.35732996,0.84967196,-0.38777941,0
0.1352635,1.0040063,-0.50352782,-0.35732996,0.84967196,-0.38777941,0
0.069854975,0.71854198,-1.0687425,-0.35732996,0.84967196,-0.38777941,0
0.0048046857,0.95685756,-0.48662147,-0.35732996,0.84967196,-0.38777941,0
1.4596953,-0.10331099,-0.2228564,0.77837503,0.50038242,0.37914428,0
-0.32190883,-0.77310544,1.1455466,-0.51618624,0.16635811,0.84016502,0
0.83274788,1.1202679,-0.55058706,0.77837503,0.50038242,0.37914428,0
-1.1844862,0.67644995,-0.0051243305,-0.35732996,0.84967196,-0.38777941,0
0.9678899,-0.63381433,0.2981326,0.35732996,-0.84967196,0.38777941,0
1.059727,0.004076004,0.45654452,0.77837503,0.50038242,0.37914428,0
0.8340199,-0.78802097,0.08360523,0.35732996,-0.84967196,0.38777941,0
0.64612752,-1.0816883,-0.57908958,0.51618624,-0.16635811,-0.84016502,0
-1.0451702,-0.10258563,0.56841695,-0.51618624,0.16635811,0.84016502,0
