-4.1567769,3.9818878,-1.6662755,-0.30233711,0.64724493,-0.69976151,0
-3.4806476,1.7954462,2.3067434,-0.76144147,0.2776238,0.5857746,0
-2.5812583,2.3027298,-1.6010025,-0.57341015,-0.70992887,-0.40890312,0
1.1884212,1.8848791,-5.9153361,-0.30233711,0.64724493,-0.69976151,0
1.4737027,-0.024416789,-0.80141664,0.57341015,0.70992887,0.40890312,0
-3.7433929,2.6451809,1.5624787,-0.76144147,0.2776238,0.5857746,0
-3.6383209,1.2357401,2.3670545,-0.76144147,0.2776238,0.5857746,0
2.7227819,0.016695023,-4.1507359,0.76144147,-0.2776238,-0.5857746,0
-2.6753273,-0.66913593,4.5216417,-0.76144147,0.2776238,0.5857746,0
-4.4683623,3.3693595,0.27688003,-0.76144147,0.2776238,0.5857746,0
-4.4674859,3.8840673,-1.62251,-0.30233711,0.64724493,-0.69976151,0
-1.4593959,-0.37400031,3.9186442,0.57341015,0.70992887,0.40890312,0
0.38397712,-0.27466714,-1.2843679,-0.57341015,-0.70992887,-0.40890312,0
-2.1667614,1.1845126,2.2047353,0.57341015,0.70992887,0.40890312,0
4.1850681,-3.7273147,-0.47548032,0.76144147,-0.2776238,-0.5857746,0
-1.8341033,0.028417349,3.7454319,0.57341015,0.70992887,0.40890312,0
-4.5382929,4.7659035,-0.77626276,-0.30233711,0.64724493,-0.69976151,0
-1.6216922,0.99310398,-0.67286956,-0.57341015,-0.70992887,-0.40890312,0
-3.202126,4.0174522,-2.0458436,-0.30233711,0.64724493,-0.69976151,0
-2.7181752,2.559093,-1.854094,-0.57341015,-0.70992887,-0.40890312,0
-1.6173679,2.7367461,-3.7062073,-0.57341015,-0.70992887,-0.40890312,0
-1.5245624,3.5916119,-3.1645288,-0.30233711,0.64724493,-0.69976151,0
4.6100087,-4.5891514,0.90876436,0.30233711,-0.64724493,0.69976151,0
-2.6829107,2.5571687,-1.9002051,-0.57341015,-0.70992887,-0.40890312,0
1.7555498,-3.6195736,3.0388656,0.30233711,-0.64724493,0.69976151,0
-4.5930247,4.1013508,-0.23208904,-0.76144147,0.2776238,0.5857746,0
2.9485643,-4.1645761,2.0193148,0.30233711,-0.64724493,0.69976151,0
2.9906242,-3.6064184,2.5174103,0.30233711,-0.64724493,0.69976151,0
-3.5126705,1.6981704,2.3112206,-0.76144147,0.2776238,0.5857746,0
-3.4495575,3.6062889,-2.3192449,-0.30233711,0.64724493,-0.69976151,0
4.7702174,-4.3196335,1.0888357,0.30233711,-0.64724493,0.69976151,0
2.3499916,-3.8656402,2.5544333,0.30233711,-0.64724493,0.69976151,0
2.3968604,0.79342639,-4.942524,0.76144147,-0.2776238,-0.5857746,0
-2.1023252,-0.7627871,5.3108654,-0.76144147,0.2776238,0.5857746,0
3.0618312,0.39290535,-3.8883119,0.76144147,-0.2776238,-0.5857746,0
-0.89189506,-2.7019229,4.7189531,-0.57341015,-0.70992887,-0.40890312,0
-0.6967181,2.6924555,-4.3538795,-0.30233711,0.64724493,-0.69976151,0
-4.1097693,4.2121773,-1.4735789,-0.30233711,0.64724493,-0.69976151,0
-4.2911167,3.5739174,0.4103303,-0.76144147,0.2776238,0.5857746,0
3.0184808,-2.8954163,2.0168886,0.57341015,0.70992887,0.40890312,0
-1.4329391,-1.4552009,5.7587004,0.57341015,0.70992887,0.40890312,0
0.50486219,-3.0510674,4.1050744,0.30233711,-0.64724493,0.69976151,0
3.910532,-2.8839381,-1.2320591,0.76144147,-0.2776238,-0.5857746,0
-3.2748175,-0.026681304,3.4378843,-0.76144147,0.2776238,0.5857746,0
-1.5029624,-2.0562363,5.8927398,0.30233711,-0.64724493,0.69976151,0
2.3524342,-0.71152937,-3.2862899,-0.57341015,-0.70992887,-0.40890312,0
-2.8194492,-0.51051342,4.2591209,-0.76144147,0.2776238,0.5857746,0
1.4502857,-3.0966046,3.6544776,0.30233711,-0.64724493,0.69976151,0
0.16866288,1.085327,-0.89805615,0.57341015,0.70992887,0.40890312,0
4.1052179,-2.0290616,-1.3841522,0.76144147,-0.2776238,-0.5857746,0
2.4785764,-3.4879012,2.8482671,0.30233711,-0.64724493,0.69976151,0
2.6421773,0.43472612,-4.4536357,0.76144147,-0.2776238,-0.5857746,0
-2.4458954,0.80147082,0.81563067,-0.57341015,-0.70992887,-0.40890312,0
0.22096419,2.5495925,-4.8825121,-0.30233711,0.64724493,-0.69976151,0
1.0563,-3.1735566,3.7535257,0.30233711,-0.64724493,0.69976151,0
0.74347878,2.3704751,-5.2739434,-0.30233711,0.64724493,-0.69976151,0
-0.81056738,-0.40004683,3.0540049,0.57341015,0.70992887,0.40890312,0
-1.0271797,2.2585559,-1.2580464,0.57341015,0.70992887,0.40890312,0
-2.0388024,0.15306807,3.8160691,0.57341015,0.70992887,0.40890312,0
-3.3285565,0.93142539,2.9139416,-0.76144147,0.2776238,0.5857746,0
-0.87377214,-1.9887009,5.6833596,0.30233711,-0.64724493,0.69976151,0
-0.017035961,2.6119137,-4.7220387,-0.30233711,0.64724493,-0.69976151,0
-4.0694976,3.5343323,0.71717143,-0.76144147,0.2776238,0.5857746,0
2.2877645,-3.5738101,2.8512473,0.30233711,-0.64724493,0.69976151,0
1.6428943,-3.7306721,2.9504781,-0.57341015,-0.70992887,-0.40890312,0
1.5629847,0.77198553,-4.7548814,-0.57341015,-0.70992887,-0.40890312,0
4.2041821,-3.3265038,1.1026096,0.57341015,0.70992887,0.40890312,0
-2.4077721,1.3681844,2.2238204,0.57341015,0.70992887,0.40890312,0
3.0668526,-0.87578285,-3.2804992,0.76144147,-0.2776238,-0.5857746,0
3.745573,-3.7798033,0.087165356,-0.57341015,-0.70992887,-0.40890312,0
-2.6769757,-0.34063423,4.3638077,-0.76144147,0.2776238,0.5857746,0
0.87632132,-3.4446325,3.580555,0.30233711,-0.64724493,0.69976151,0
-0.54699206,-1.9726124,5.4146447,0.57341015,0.70992887,0.40890312,0
-1.9572926,3.2808919,-3.2649651,-0.30233711,0.64724493,-0.69976151,0
-2.3689356,-0.60587919,4.8899364,-0.76144147,0.2776238,0.5857746,0
3.4137304,-3.5695851,2.3686733,0.30233711,-0.64724493,0.69976151,0
2.9267178,-4.2067471,1.9897475,0.30233711,-0.64724493,0.69976151,0
-4.4651246,4.6769657,-0.89013815,-0.30233711,0.64724493,-0.69976151,0
-4.0350103,2.6689034,-0.19812965,-0.57341015,-0.70992887,-0.40890312,0
-0.79132158,2.0176005,-1.1704514,0.57341015,0.70992887,0.40890312,0
-0.5258584,-0.80475724,3.3574035,0.57341015,0.70992887,0.40890312,0
-3.7675111,2.6273534,1.5395765,-0.76144147,0.2776238,0.5857746,0
2.3141868,0.83033597,-5.0674829,0.76144147,-0.2776238,-0.5857746,0
3.8227692,-2.9644196,-1.3079971,0.76144147,-0.2776238,-0.5857746,0
2.1113889,0.082094938,-1.8805761,0.57341015,0.70992887,0.40890312,0
1.3060014,-1.913918,0.2686975,-0.57341015,-0.70992887,-0.40890312,0
4.8306637,-3.9473696,0.46801472,0.76144147,-0.2776238,-0.5857746,0
-1.1784351,-1.2502725,5.0460148,0.57341015,0.70992887,0.40890312,0
-2.1184275,3.7416058,-2.769208,-0.30233711,0.64724493,-0.69976151,0
-3.6944857,2.3250642,1.7777693,-0.76144147,0.2776238,0.5857746,0
-4.4810653,4.0258112,-0.05075264,-0.76144147,0.2776238,0.5857746,0
4.7543468,-4.0475087,0.41627169,0.76144147,-0.2776238,-0.5857746,0
-4.2091722,2.5359778,1.0087736,-0.76144147,0.2776238,0.5857746,0
2.668982,-0.46924698,-3.9903607,0.76144147,-0.2776238,-0.5857746,0
3.3574133,-1.6753607,-2.5238485,0.76144147,-0.2776238,-0.5857746,0
4.1171417,-3.8357768,1.8185449,0.30233711,-0.64724493,0.69976151,0
-3.0229168,1.3376498,3.1187119,-0.76144147,0.2776238,0.5857746,0
-3.8590088,4.0275717,-1.7526722,-0.30233711,0.64724493,-0.69976151,0
-4.7598462,4.2544627,-0.52150488,-0.76144147,0.2776238,0.5857746,0
0.55982828,-2.2925925,1.9725125,-0.57341015,-0.70992887,-0.40890312,0
-1.4861087,-0.29968858,1.3815186,-0.57341015,-0.70992887,-0.40890312,0
-2.1304069,3.4159713,-1.7204556,0.57341015,0.70992887,0.40890312,0
-4.7570152,4.3214931,-1.0928197,-0.30233711,0.64724493,-0.69976151,0
2.0551178,-3.4720469,3.0458899,0.30233711,-0.64724493,0.69976151,0
-2.0064394,3.5661993,-2.9798355,-0.30233711,0.64724493,-0.69976151,0
4.1945267,-3.5110354,-0.56568933,0.76144147,-0.2776238,-0.5857746,0
0.91994321,-2.4381552,1.7202415,-0.57341015,-0.70992887,-0.40890312,0
-2.8972309,0.44729102,3.7040691,-0.76144147,0.2776238,0.5857746,0
-4.110507,3.2584264,0.79462814,-0.76144147,0.2776238,0.5857746,0
4.2391481,-2.6002011,-0.93937027,0.76144147,-0.2776238,-0.5857746,0
-3.7829659,1.2573854,1.8990725,-0.57341015,-0.70992887,-0.40890312,0
0.037866354,2.5359008,-3.2330945,0.57341015,0.70992887,0.40890312,0
2.2469263,1.6277144,-5.5328264,0.76144147,-0.2776238,-0.5857746,0
3.2769346,-1.3597277,-2.778054,0.76144147,-0.2776238,-0.5857746,0
0.45523667,1.6380315,-4.7050824,-0.57341015,-0.70992887,-0.40890312,0
-2.7947536,3.4832785,-2.7159371,-0.30233711,0.64724493,-0.69976151,0
4.9966316,-4.3058548,1.0037565,0.30233711,-0.64724493,0.69976151,0
-4.2659936,4.1389561,-1.4738069,-0.30233711,0.64724493,-0.69976151,0
3.3417716,-4.20608,1.8110375,0.30233711,-0.64724493,0.69976151,0
0.98234749,-1.8932806,3.1322985,0.57341015,0.70992887,0.40890312,0
4.6240516,-3.3816705,-0.068666935,0.76144147,-0.2776238,-0.5857746,0
2.5489812,0.54031503,-4.6248226,0.76144147,-0.2776238,-0.5857746,0
-2.3433547,-1.4964268,5.3452573,-0.76144147,0.2776238,0.5857746,0
-1.68648,3.003864,-3.6382084,-0.30233711,0.64724493,-0.69976151,0
2.1519883,0.3000226,-2.3158703,0.57341015,0.70992887,0.40890312,0
2.0779607,1.6708223,-5.7728925,0.76144147,-0.2776238,-0.5857746,0
-2.2228451,3.630197,-1.9627633,0.57341015,0.70992887,0.40890312,0
0.16881025,-2.9545641,3.6701422,-0.57341015,-0.70992887,-0.40890312,0
-4.6094494,3.2727504,0.13926959,-0.76144147,0.2776238,0.5857746,0
3.9596231,-2.1705236,-0.56143034,0.57341015,0.70992887,0.40890312,0
3.3226547,-0.80136526,-2.9832544,0.76144147,-0.2776238,-0.5857746,0
-2.0276883,3.789808,-2.7638268,-0.30233711,0.64724493,-0.69976151,0
-0.12235332,-2.937016,4.4815593,0.30233711,-0.64724493,0.69976151,0
-2.4258504,-0.51930833,3.0806298,-0.57341015,-0.70992887,-0.40890312,0
0.36248398,-2.483532,2.5807555,-0.57341015,-0.70992887,-0.40890312,0
2.9228723,-0.53897727,-3.6272836,0.76144147,-0.2776238,-0.5857746,0
-0.43468785,2.1599746,-4.363317,-0.57341015,-0.70992887,-0.40890312,0
3.9181669,-1.9098129,-0.95593572,0.57341015,0.70992887,0.40890312,0
-2.3716731,-1.6581116,5.3850756,-0.76144147,0.2776238,0.5857746,0
4.8325253,-4.350162,0.66133499,0.76144147,-0.2776238,-0.5857746,0
-0.21299887,0.051622868,1.431848,0.57341015,0.70992887,0.40890312,0
0.47319269,-3.1342196,4.0418453,0.30233711,-0.64724493,0.69976151,0
-0.92828679,-1.4060729,4.9657259,0.57341015,0.70992887,0.40890312,0
-2.7400987,-1.0722868,4.4813738,-0.57341015,-0.70992887,-0.40890312,0
2.8912492,-0.49039781,-3.6914144,0.76144147,-0.2776238,-0.5857746,0
-1.773916,-1.8811324,6.1717691,0.30233711,-0.64724493,0.69976151,0
5.0456324,-4.2546077,0.89306355,0.76144147,-0.2776238,-0.5857746,0
-1.9759555,2.7430449,-3.2142911,-0.57341015,-0.70992887,-0.40890312,0
0.75564313,1.7806051,-2.9283133,0.57341015,0.70992887,0.40890312,0
3.7351871,-2.4589102,-1.6614267,0.76144147,-0.2776238,-0.5857746,0
-3.9229872,2.9982245,1.1617032,-0.76144147,0.2776238,0.5857746,0
-2.0730844,-1.8247271,4.8523808,-0.57341015,-0.70992887,-0.40890312,0
-2.4234657,-0.096921444,4.577836,-0.76144147,0.2776238,0.5857746,0
3.916486,-3.1328645,-1.1063428,0.76144147,-0.2776238,-0.5857746,0
-4.520514,3.9142432,-1.5716877,-0.30233711,0.64724493,-0.69976151,0
0.66518426,-3.3523397,3.7571445,0.30233711,-0.64724493,0.69976151,0
-0.40032935,-1.7942533,2.453748,-0.57341015,-0.70992887,-0.40890312,0
-3.21487,3.6902447,-2.342988,-0.30233711,0.64724493,-0.69976151,0
-1.4683704,3.329535,-3.4312148,-0.30233711,0.64724493,-0.69976151,0
-2.5920022,-1.144876,4.8554277,-0.76144147,0.2776238,0.5857746,0
-3.7536187,4.2278538,-1.612956,-0.30233711,0.64724493,-0.69976151,0
3.5678437,-2.3461125,-1.9324142,0.76144147,-0.2776238,-0.5857746,0
3.5619352,-1.4692105,-2.3556962,0.76144147,-0.2776238,-0.5857746,0
3.9757333,-1.6643715,-1.7253094,0.76144147,-0.2776238,-0.5857746,0
4.6049776,-4.3566036,1.1260328,0.30233711,-0.64724493,0.69976151,0
2.2341201,1.4327099,-5.4570522,0.76144147,-0.2776238,-0.5857746,0
-2.5811741,-0.065753698,4.3580608,-0.76144147,0.2776238,0.5857746,0
-1.4840991,-2.1765695,5.7732863,0.30233711,-0.64724493,0.69976151,0
1.1492274,2.696249,-5.1479254,-0.30233711,0.64724493,-0.69976151,0
-1.2395504,2.7670336,-1.8430436,0.57341015,0.70992887,0.40890312,0
0.79378927,-2.5013895,4.4525008,0.57341015,0.70992887,0.40890312,0
-4.3134747,4.247036,-0.10198879,0.57341015,0.70992887,0.40890312,0
3.4458022,-3.8277047,2.1160688,0.30233711,-0.64724493,0.69976151,0
2.2531736,-0.44999284,-1.1556026,0.57341015,0.70992887,0.40890312,0
-3.214426,0.35977644,2.6602111,-0.57341015,-0.70992887,-0.40890312,0
-3.0163918,2.613997,-1.5312235,-0.57341015,-0.70992887,-0.40890312,0
1.3642375,-2.8261354,3.9418263,0.30233711,-0.64724493,0.69976151,0
4.1121044,-3.8885028,1.7719526,0.30233711,-0.64724493,0.69976151,0
4.6032481,-4.6223516,0.49230337,0.76144147,-0.2776238,-0.5857746,0
-2.1028492,3.4913478,-3.0074139,-0.30233711,0.64724493,-0.69976151,0
2.7462862,1.090215,-4.6289701,0.76144147,-0.2776238,-0.5857746,0
-4.6805201,2.9875774,0.18204212,-0.76144147,0.2776238,0.5857746,0
-3.6008325,1.9939054,2.0564585,-0.76144147,0.2776238,0.5857746,0
-1.2238107,-2.1228235,5.7105398,0.30233711,-0.64724493,0.69976151,0
3.8105252,-1.6161609,-1.962911,0.76144147,-0.2776238,-0.5857746,0
2.6964049,0.45036995,-3.3403425,0.57341015,0.70992887,0.40890312,0
1.7618843,-2.9850416,3.6230388,0.30233711,-0.64724493,0.69976151,0
-2.8296018,3.2756822,-2.8928962,-0.30233711,0.64724493,-0.69976151,0
-0.20514917,2.3733068,-4.8614626,-0.30233711,0.64724493,-0.69976151,0
-2.2713537,-0.54022205,2.9002867,-0.57341015,-0.70992887,-0.40890312,0
-0.65421659,-0.89313555,1.2452759,-0.57341015,-0.70992887,-0.40890312,0
1.1484379,-1.6124017,-0.033834934,-0.57341015,-0.70992887,-0.40890312,0
1.9573218,0.66744256,-2.6807933,0.57341015,0.70992887,0.40890312,0
-4.1415009,3.0393374,0.85817528,-0.76144147,0.2776238,0.5857746,0
1.0732356,-2.6415753,4.2382646,0.30233711,-0.64724493,0.69976151,0
-5.0198193,3.9608269,-0.72027397,-0.76144147,0.2776238,0.5857746,0
-0.57032061,-2.4439123,5.1312037,0.30233711,-0.64724493,0.69976151,0
-0.74771249,2.6712167,-4.3514929,-0.30233711,0.64724493,-0.69976151,0
-2.0446968,0.48769653,0.79779285,-0.57341015,-0.70992887,-0.40890312,0
1.997153,-0.25709283,-3.5770578,-0.57341015,-0.70992887,-0.40890312,0
-1.8322735,-1.2264669,5.8816605,-0.76144147,0.2776238,0.5857746,0
-4.3211751,2.3230679,0.96408999,-0.76144147,0.2776238,0.5857746,0
-3.6264572,1.3391831,2.3334503,-0.76144147,0.2776238,0.5857746,0
-5.1069026,4.1801996,-1.0723376,-0.30233711,0.64724493,-0.69976151,0
0.090777159,2.8397851,-4.5578504,-0.30233711,0.64724493,-0.69976151,0
4.0538778,-3.8475809,1.8349605,0.30233711,-0.64724493,0.69976151,0
-0.4037621,2.970288,-4.2234716,-0.30233711,0.64724493,-0.69976151,0
1.9051359,1.8460445,-6.0805912,0.76144147,-0.2776238,-0.5857746,0
0.46054149,-1.9837897,1.5756066,-0.57341015,-0.70992887,-0.40890312,0
-2.2938099,-0.85090816,5.1037207,-0.76144147,0.2776238,0.5857746,0
-1.3378226,3.4729261,-3.3549886,-0.30233711,0.64724493,-0.69976151,0
-1.4262466,-1.804642,6.0923061,0.30233711,-0.64724493,0.69976151,0
1.8898232,0.36796713,-4.5117636,-0.57341015,-0.70992887,-0.40890312,0
2.5361092,0.62287724,-4.680685,0.76144147,-0.2776238,-0.5857746,0
2.6937208,-0.48016572,-1.7210026,0.57341015,0.70992887,0.40890312,0
-2.812181,0.4789784,3.7996061,-0.76144147,0.2776238,0.5857746,0
-1.5120641,2.7728198,-3.9165072,-0.57341015,-0.70992887,-0.40890312,0
-2.738173,3.6074638,-2.6255174,-0.30233711,0.64724493,-0.69976151,0
3.9027517,-4.1365957,0.48620701,-0.57341015,-0.70992887,-0.40890312,0
-2.4515526,0.88449538,3.1249847,0.57341015,0.70992887,0.40890312,0
-4.8810215,3.6444521,-0.38990927,-0.76144147,0.2776238,0.5857746,0
2.9292974,-4.1659193,2.0263968,0.30233711,-0.64724493,0.69976151,0
2.3397484,1.403698,-5.3059969,0.76144147,-0.2776238,-0.5857746,0
-1.791557,3.4219635,-3.2060881,-0.30233711,0.64724493,-0.69976151,0
0.8010993,-1.1018039,2.01232,0.57341015,0.70992887,0.40890312,0
3.4793644,-3.9375389,1.9999771,0.30233711,-0.64724493,0.69976151,0
0.062062979,-2.1197248,4.8159733,0.57341015,0.70992887,0.40890312,0
-2.1537609,0.44926333,3.4630289,0.57341015,0.70992887,0.40890312,0
3.6116908,-2.0494349,-0.28375196,0.57341015,0.70992887,0.40890312,0
3.6562104,-2.6001811,-1.6971335,0.76144147,-0.2776238,-0.5857746,0
-0.675282,-2.1731524,5.4269924,0.30233711,-0.64724493,0.69976151,0
1.5481529,-3.667968,3.0837092,0.30233711,-0.64724493,0.69976151,0
-2.8083067,-0.58044279,3.7230935,-0.57341015,-0.70992887,-0.40890312,0
2.8119783,0.42476606,-4.2281928,0.76144147,-0.2776238,-0.5857746,0
-0.20850468,-1.9454342,2.4472268,-0.57341015,-0.70992887,-0.40890312,0
4.3744273,-4.7347078,0.87591648,0.30233711,-0.64724493,0.69976151,0
3.6771989,-2.2130859,-0.091486931,0.57341015,0.70992887,0.40890312,0
3.7385526,-3.89239,1.9297533,0.30233711,-0.64724493,0.69976151,0
4.3836598,-2.9474344,-0.58695245,0.76144147,-0.2776238,-0.5857746,0
-2.635534,-1.2328303,4.8405266,-0.76144147,0.2776238,0.5857746,0
3.6345782,-1.843858,-0.67276537,0.57341015,0.70992887,0.40890312,0
0.81344008,1.1839736,-4.4190702,-0.57341015,-0.70992887,-0.40890312,0
2.5223646,-3.9716358,2.3819175,0.30233711,-0.64724493,0.69976151,0
4.3288112,-3.0517077,-0.60882974,0.76144147,-0.2776238,-0.5857746,0
-0.91941881,2.9308665,-4.0371428,-0.30233711,0.64724493,-0.69976151,0
-3.1766415,1.9207796,2.3426116,0.57341015,0.70992887,0.40890312,0
3.3577347,-1.9293259,-2.4030657,0.76144147,-0.2776238,-0.5857746,0
3.9692194,-3.105386,-1.0508182,0.76144147,-0.2776238,-0.5857746,0
3.4162583,-0.53283864,-2.9888468,0.76144147,-0.2776238,-0.5857746,0
-3.4778299,0.96642452,2.7033155,-0.76144147,0.2776238,0.5857746,0
-0.73479521,3.0570912,-4.0001583,-0.30233711,0.64724493,-0.69976151,0
-2.6632912,-0.80288291,4.6006756,-0.76144147,0.2776238,0.5857746,0
1.0564499,2.1552601,-4.0006065,0.57341015,0.70992887,0.40890312,0
-2.6767161,0.34662461,4.0384235,-0.76144147,0.2776238,0.5857746,0
-4.5273623,4.1292386,-0.15995264,-0.76144147,0.2776238,0.5857746,0
2.0936208,1.5428072,-5.691865,0.76144147,-0.2776238,-0.5857746,0
0.52928519,2.1595871,-5.3764601,-0.30233711,0.64724493,-0.69976151,0
-4.0211277,2.7615156,1.1463186,-0.76144147,0.2776238,0.5857746,0
-4.3795581,3.7633586,0.20558262,-0.76144147,0.2776238,0.5857746,0
-3.5362835,1.7706627,2.2461693,-0.76144147,0.2776238,0.5857746,0
-0.566764,3.1966012,-3.943717,-0.30233711,0.64724493,-0.69976151,0
-0.86133647,-2.7240407,4.9978342,0.30233711,-0.64724493,0.69976151,0
0.049176693,0.42166531,-2.0238309,-0.57341015,-0.70992887,-0.40890312,0
2.2414489,0.39804363,-4.9571524,0.76144147,-0.2776238,-0.5857746,0
1.84431,-2.9300323,3.6383085,0.30233711,-0.64724493,0.69976151,0
1.1642644,0.39205134,-1.0905509,0.57341015,0.70992887,0.40890312,0
-2.3997211,3.6568818,-2.726038,-0.30233711,0.64724493,-0.69976151,0
-0.4811399,2.0908999,-1.7326837,0.57341015,0.70992887,0.40890312,0
3.9272976,-4.4334645,0.96720266,-0.57341015,-0.70992887,-0.40890312,0
3.5771639,-2.3002889,-1.9420165,0.76144147,-0.2776238,-0.5857746,0
-2.3952692,3.9587183,-2.2913418,0.57341015,0.70992887,0.40890312,0
-0.63544536,-2.1545625,5.4269757,0.30233711,-0.64724493,0.69976151,0
-2.6610432,3.0285468,-0.30370092,0.57341015,0.70992887,0.40890312,0
-3.59589,2.2309933,-0.053623438,-0.57341015,-0.70992887,-0.40890312,0
0.82626879,-2.7717216,4.2245893,0.30233711,-0.64724493,0.69976151,0
-1.4410069,2.8209159,-3.913486,-0.30233711,0.64724493,-0.69976151,0
1.9356492,-1.3982973,0.93609142,0.57341015,0.70992887,0.40890312,0
2.4786143,0.57072449,-4.7307048,0.76144147,-0.2776238,-0.5857746,0
-3.0646262,3.6194463,-2.4733872,-0.30233711,0.64724493,-0.69976151,0
2.3468947,0.0069511831,-2.0803654,0.57341015,0.70992887,0.40890312,0
-4.8874621,3.5210233,-0.33978319,-0.76144147,0.2776238,0.5857746,0
-0.16761875,-2.2185936,5.1656213,0.30233711,-0.64724493,0.69976151,0
-0.39443731,-1.6038288,2.1148741,-0.57341015,-0.70992887,-0.40890312,0
-1.3952578,0.38055646,2.5186577,0.57341015,0.70992887,0.40890312,0
1.7904723,1.2620577,-3.479176,0.57341015,0.70992887,0.40890312,0
1.6617032,-3.1225553,3.5391302,0.30233711,-0.64724493,0.69976151,0
-4.9635677,4.0737123,-0.70065451,-0.76144147,0.2776238,0.5857746,0
0.57509422,-2.9597402,4.1592031,0.30233711,-0.64724493,0.69976151,0
1.0394473,2.0179501,-3.7383685,0.57341015,0.70992887,0.40890312,0
-0.68727851,-2.613246,5.0251112,0.30233711,-0.64724493,0.69976151,0
-3.5474594,2.4849138,1.8831761,0.57341015,0.70992887,0.40890312,0
0.66274476,1.2017974,-4.2386937,-0.57341015,-0.70992887,-0.40890312,0
3.473809,-3.7060733,2.2164712,0.30233711,-0.64724493,0.69976151,0
3.5929809,-1.665351,-2.2223811,0.76144147,-0.2776238,-0.5857746,0
4.35288,-2.369277,-0.90097618,0.76144147,-0.2776238,-0.5857746,0
2.3682697,0.34845662,-4.7687979,0.76144147,-0.2776238,-0.5857746,0
0.038795918,-0.33795303,-0.6904406,-0.57341015,-0.70992887,-0.40890312,0
-1.0809554,2.0532212,-3.2717047,-0.57341015,-0.70992887,-0.40890312,0
0.3947618,-2.9792709,4.2190518,0.30233711,-0.64724493,0.69976151,0
3.6520534,-4.3464603,1.5471334,0.30233711,-0.64724493,0.69976151,0
4.1089878,-4.5136547,1.1950645,0.30233711,-0.64724493,0.69976151,0
3.994772,-4.2835064,1.4572887,0.30233711,-0.64724493,0.69976151,0
3.4435894,-2.0615945,-2.2287757,0.76144147,-0.2776238,-0.5857746,0
-3.799547,3.3379827,-1.6899643,-0.57341015,-0.70992887,-0.40890312,0
3.6903615,-4.4706049,1.3639441,-0.57341015,-0.70992887,-0.40890312,0
-4.3693171,3.6394269,0.27763176,-0.76144147,0.2776238,0.5857746,0
-2.3665793,0.82228577,3.1138332,0.57341015,0.70992887,0.40890312,0
1.8495905,1.5489521,-6.0119891,0.76144147,-0.2776238,-0.5857746,0
-1.9303441,0.17375565,3.6280589,0.57341015,0.70992887,0.40890312,0
-3.0079341,4.0959754,-2.0571156,-0.30233711,0.64724493,-0.69976151,0
-0.94396639,-1.9431266,5.7558422,0.30233711,-0.64724493,0.69976151,0
-0.40570736,2.9833777,-3.3879647,0.57341015,0.70992887,0.40890312,0
-4.7135739,3.1576071,0.058490992,-0.76144147,0.2776238,0.5857746,0
1.2289391,-3.4403498,3.0269213,-0.57341015,-0.70992887,-0.40890312,0
2.2321608,1.2531564,-5.3745003,0.76144147,-0.2776238,-0.5857746,0
4.1558313,-3.4328465,-0.65304589,0.76144147,-0.2776238,-0.5857746,0
1.3535776,2.4032722,-5.507206,-0.30233711,0.64724493,-0.69976151,0
1.6060778,-2.447542,3.2199297,0.57341015,0.70992887,0.40890312,0
4.1593699,-3.7856669,-0.48122954,0.76144147,-0.2776238,-0.5857746,0
-1.7869364,0.65967071,2.5833216,0.57341015,0.70992887,0.40890312,0
-0.69162488,-2.4525599,5.1756163,0.30233711,-0.64724493,0.69976151,0
-2.0117626,-0.92646217,5.5061588,-0.76144147,0.2776238,0.5857746,0
2.2814813,-2.7739837,2.8395643,0.57341015,0.70992887,0.40890312,0
-0.16946715,-0.044011712,-0.90872514,-0.57341015,-0.70992887,-0.40890312,0
4.6841908,-3.8405428,0.22698689,0.76144147,-0.2776238,-0.5857746,0
-2.5493767,2.6987863,-2.3333344,-0.57341015,-0.70992887,-0.40890312,0
-3.3598375,3.3699694,0.08345747,0.57341015,0.70992887,0.40890312,0
-3.0050423,3.9501066,-2.1932864,-0.30233711,0.64724493,-0.69976151,0
0.10598469,-0.57275391,2.0685625,0.57341015,0.70992887,0.40890312,0
3.3101668,-1.6456032,-2.5993667,0.76144147,-0.2776238,-0.5857746,0
-2.0653656,3.2951174,-3.2051134,-0.30233711,0.64724493,-0.69976151,0
-4.3862433,4.0863585,-1.4705024,-0.30233711,0.64724493,-0.69976151,0
1.711147,-2.1082082,0.037879705,-0.57341015,-0.70992887,-0.40890312,0
2.547787,1.2926857,-4.9829559,0.76144147,-0.2776238,-0.5857746,0
2.5760069,-3.443294,2.8474317,0.30233711,-0.64724493,0.69976151,0
-3.6162529,2.6079044,1.7454127,-0.76144147,0.2776238,0.5857746,0
-4.2632174,2.8934102,0.76911831,-0.76144147,0.2776238,0.5857746,0
0.54151165,-3.1862068,3.5496716,-0.57341015,-0.70992887,-0.40890312,0
0.30889559,-2.7250922,4.4912539,0.30233711,-0.64724493,0.69976151,0
0.24613607,-0.95087814,2.5285177,0.57341015,0.70992887,0.40890312,0
-4.2014728,2.1929958,1.1813356,-0.76144147,0.2776238,0.5857746,0
-4.5023608,2.8273311,0.4895761,-0.76144147,0.2776238,0.5857746,0
-3.6866984,0.84745663,2.488194,-0.76144147,0.2776238,0.5857746,0
-2.4431205,2.1617153,0.8956784,0.57341015,0.70992887,0.40890312,0
3.8278825,-2.898303,-1.3326859,0.76144147,-0.2776238,-0.5857746,0
3.8979483,-2.7250855,-1.3237039,0.76144147,-0.2776238,-0.5857746,0
-1.8019223,2.9980102,-3.5937457,-0.30233711,0.64724493,-0.69976151,0
-2.5263588,0.19215775,4.3070793,-0.76144147,0.2776238,0.5857746,0
2.8622494,-0.87214577,-3.5481839,0.76144147,-0.2776238,-0.5857746,0
-3.7913058,4.4779429,-1.2351294,0.57341015,0.70992887,0.40890312,0
3.2892163,-4.2152767,1.8252382,0.30233711,-0.64724493,0.69976151,0
-1.2740507,-2.4359839,5.4425888,0.30233711,-0.64724493,0.69976151,0
2.9325237,0.4822185,-4.0987263,0.76144147,-0.2776238,-0.5857746,0
-4.6289816,3.823127,-0.14696693,-0.76144147,0.2776238,0.5857746,0
2.3867304,0.58188808,-4.8554344,0.76144147,-0.2776238,-0.5857746,0
-3.3995101,1.752912,2.4323716,-0.76144147,0.2776238,0.5857746,0
-2.1167793,3.8841767,-2.6380491,-0.30233711,0.64724493,-0.69976151,0
-2.0589244,-1.2863691,5.6154299,-0.76144147,0.2776238,0.5857746,0
0.051005363,-2.1645429,4.9092908,0.57341015,0.70992887,0.40890312,0
-0.43655407,3.1784472,-4.016768,-0.30233711,0.64724493,-0.69976151,0
-3.431901,3.5449991,-2.3835635,-0.30233711,0.64724493,-0.69976151,0
4.7798629,-4.2836123,0.56133938,0.76144147,-0.2776238,-0.5857746,0
2.8596134,-3.4437633,2.724463,0.30233711,-0.64724493,0.69976151,0
-0.22094059,-2.7803133,4.6690979,0.30233711,-0.64724493,0.69976151,0
0.076013818,-1.0508953,0.49516356,-0.57341015,-0.70992887,-0.40890312,0
-4.7244673,4.3108439,-1.1167321,-0.30233711,0.64724493,-0.69976151,0
1.7678518,1.5812101,-6.1335287,0.76144147,-0.2776238,-0.5857746,0
0.92509782,-2.0009484,0.95394397,-0.57341015,-0.70992887,-0.40890312,0
3.3028936,-1.1231751,-2.8564224,0.76144147,-0.2776238,-0.5857746,0
-0.92580605,-1.0621872,4.3651991,0.57341015,0.70992887,0.40890312,0
3.3460252,-3.821595,2.1648297,0.30233711,-0.64724493,0.69976151,0
-3.1519251,4.1858997,-1.624701,0.57341015,0.70992887,0.40890312,0
-0.89362681,1.5948997,-0.2931031,0.57341015,0.70992887,0.40890312,0
-3.0651116,3.4222031,-2.6556182,-0.30233711,0.64724493,-0.69976151,0
-2.968013,1.0053602,3.3475668,-0.76144147,0.2776238,0.5857746,0
3.4104552,-1.6721551,-2.4564185,0.76144147,-0.2776238,-0.5857746,0
1.3162096,2.3592634,-5.5317659,-0.30233711,0.64724493,-0.69976151,0
-4.435245,4.1910553,-0.069508076,-0.76144147,0.2776238,0.5857746,0
-2.3235974,3.5490823,-2.8586373,-0.30233711,0.64724493,-0.69976151,0
2.6479399,-3.7902012,2.4954805,0.30233711,-0.64724493,0.69976151,0
-1.0874152,-2.2077882,5.5730205,0.30233711,-0.64724493,0.69976151,0
-0.25997323,1.2096394,-0.51280284,0.57341015,0.70992887,0.40890312,0
4.3100977,-3.7094426,1.6189327,0.57341015,0.70992887,0.40890312,0
-2.8747718,0.13715589,3.8802493,-0.76144147,0.2776238,0.5857746,0
2.1458778,-0.62581748,-0.69987762,0.57341015,0.70992887,0.40890312,0
4.4392242,-3.2690542,-0.36229539,0.76144147,-0.2776238,-0.5857746,0
2.3988361,-3.5993881,1.6624789,-0.57341015,-0.70992887,-0.40890312,0
1.8699052,2.3024592,-5.823535,-0.30233711,0.64724493,-0.69976151,0
-0.43482718,-0.0085634589,-0.5981518,-0.57341015,-0.70992887,-0.40890312,0
0.97244,-2.248024,1.3165226,-0.57341015,-0.70992887,-0.40890312,0
2.6922505,-1.3472257,-0.21356964,0.57341015,0.70992887,0.40890312,0
-4.3434763,3.3872614,0.43073344,-0.76144147,0.2776238,0.5857746,0
-1.9152329,-2.1651616,5.9701133,0.30233711,-0.64724493,0.69976151,0
-0.23402214,-1.2888968,3.7887113,0.57341015,0.70992887,0.40890312,0
-4.6189427,3.9096742,-0.17493629,-0.76144147,0.2776238,0.5857746,0
-2.9464774,-0.30679905,3.4417577,-0.57341015,-0.70992887,-0.40890312,0
-1.0419061,-1.8770757,5.859252,0.30233711,-0.64724493,0.69976151,0
1.6127672,-2.8139243,3.8457422,0.30233711,-0.64724493,0.69976151,0
-3.5884027,1.0772438,2.5070615,-0.76144147,0.2776238,0.5857746,0
2.0616736,-3.0403988,3.4423108,0.30233711,-0.64724493,0.69976151,0
2.4615607,1.4519974,-4.7500219,0.57341015,0.70992887,0.40890312,0
-2.8855824,-0.51543331,4.1754866,-0.76144147,0.2776238,0.5857746,0
-2.6263397,-0.029179096,4.2820168,-0.76144147,0.2776238,0.5857746,0
3.1255419,-1.0984184,-3.0986927,0.76144147,-0.2776238,-0.5857746,0
-1.3997988,2.7398536,-4.0062675,-0.30233711,0.64724493,-0.69976151,0
3.8672199,-3.6648779,2.0845985,0.30233711,-0.64724493,0.69976151,0
4.7287974,-3.5158412,0.13108063,0.76144147,-0.2776238,-0.5857746,0
1.0441024,-0.33946037,-2.0975776,-0.57341015,-0.70992887,-0.40890312,0
3.8960314,-2.0883906,-1.6279523,0.76144147,-0.2776238,-0.5857746,0
2.1169879,1.2680277,-5.53126,0.76144147,-0.2776238,-0.5857746,0
-4.0741243,3.0545247,-0.81278658,-0.57341015,-0.70992887,-0.40890312,0
4.3262873,-4.4378982,1.1712499,0.30233711,-0.64724493,0.69976151,0
1.6539267,-3.7169652,2.9926906,0.30233711,-0.64724493,0.69976151,0
4.0372062,-4.3604369,1.3677974,0.30233711,-0.64724493,0.69976151,0
-2.2565675,3.7107844,-2.7380314,-0.30233711,0.64724493,-0.69976151,0
-2.3189511,-1.6323197,5.4413843,-0.76144147,0.2776238,0.5857746,0
1.4990821,-3.0612013,3.6661406,0.30233711,-0.64724493,0.69976151,0
-0.040019751,-2.2568102,5.0751438,0.30233711,-0.64724493,0.69976151,0
-3.5987806,0.66966295,2.6867409,-0.76144147,0.2776238,0.5857746,0
4.7458906,-3.5817063,0.18451548,0.76144147,-0.2776238,-0.5857746,0
-0.86722219,3.2532709,-3.761487,-0.30233711,0.64724493,-0.69976151,0
3.4116802,-3.6095753,2.3325701,0.30233711,-0.64724493,0.69976151,0
-3.7787719,3.8677452,-1.9351716,-0.30233711,0.64724493,-0.69976151,0
2.1788449,-0.72061646,-3.0270867,-0.57341015,-0.70992887,-0.40890312,0
-4.6655431,4.5383859,-0.53348494,-0.76144147,0.2776238,0.5857746,0
0.93182981,-3.2413914,3.7445593,0.30233711,-0.64724493,0.69976151,0
0.23034096,2.859941,-4.5995078,-0.30233711,0.64724493,-0.69976151,0
-1.9977537,0.94208038,2.3886395,0.57341015,0.70992887,0.40890312,0
-0.81680369,-2.3355796,5.3379006,0.30233711,-0.64724493,0.69976151,0
-0.68534982,0.80931282,-1.66682,-0.57341015,-0.70992887,-0.40890312,0
2.4969492,-2.6542313,-0.11606741,-0.57341015,-0.70992887,-0.40890312,0
1.8782418,2.4514675,-5.6893115,-0.30233711,0.64724493,-0.69976151,0
3.7241678,-3.7634811,2.055203,0.30233711,-0.64724493,0.69976151,0
-0.54249752,3.2508767,-3.9039998,-0.30233711,0.64724493,-0.69976151,0
-3.8491292,4.298893,-1.5059824,-0.30233711,0.64724493,-0.69976151,0
2.5448337,-0.23514175,-4.2626929,0.76144147,-0.2776238,-0.5857746,0
0.89155722,2.4181139,-5.293859,-0.30233711,0.64724493,-0.69976151,0
-1.5882742,-2.1824412,5.8128657,0.30233711,-0.64724493,0.69976151,0
0.098127604,-2.9402282,4.3833284,0.30233711,-0.64724493,0.69976151,0
-2.4482574,0.052278042,4.4748974,-0.76144147,0.2776238,0.5857746,0
4.5285192,-4.3292055,0.2562294,0.76144147,-0.2776238,-0.5857746,0
4.1344862,-4.5524802,0.8832922,-0.57341015,-0.70992887,-0.40890312,0
2.6742804,1.0469445,-4.7020621,0.76144147,-0.2776238,-0.5857746,0
-2.4198189,0.93289006,2.9964626,0.57341015,0.70992887,0.40890312,0
2.1349416,-3.5219283,2.9652638,0.30233711,-0.64724493,0.69976151,0
-2.5444221,1.4642372,2.2486815,0.57341015,0.70992887,0.40890312,0
-2.9025483,0.46513915,3.6886978,-0.76144147,0.2776238,0.5857746,0
1.8687574,-1.6008039,-1.0640845,-0.57341015,-0.70992887,-0.40890312,0
0.27034056,0.66662169,-2.7592597,-0.57341015,-0.70992887,-0.40890312,0
-4.878859,4.2203736,-1.1337061,-0.30233711,0.64724493,-0.69976151,0
-3.0775692,2.3170493,1.5156868,0.57341015,0.70992887,0.40890312,0
3.2908964,-0.70523554,-3.070097,0.76144147,-0.2776238,-0.5857746,0
0.27780378,0.59735632,-2.6494684,-0.57341015,-0.70992887,-0.40890312,0
2.7407351,0.83490527,-4.5151834,0.76144147,-0.2776238,-0.5857746,0
3.5384102,-3.8680203,2.0387664,0.30233711,-0.64724493,0.69976151,0
3.4048886,-1.5150313,-2.5381224,0.76144147,-0.2776238,-0.5857746,0
2.6600013,0.89113832,-4.64678,0.76144147,-0.2776238,-0.5857746,0
-0.17788339,-2.6929533,4.731297,0.30233711,-0.64724493,0.69976151,0
2.9110036,-2.803987,-0.43669915,-0.57341015,-0.70992887,-0.40890312,0
-1.1327602,-0.24507153,3.2367556,0.57341015,0.70992887,0.40890312,0
0.65915728,2.5721118,-5.0510077,-0.30233711,0.64724493,-0.69976151,0
1.2030894,-3.3354416,3.540369,0.30233711,-0.64724493,0.69976151,0
-2.3256276,-0.10607296,2.2226357,-0.57341015,-0.70992887,-0.40890312,0
-3.7931254,1.7137557,1.9392745,-0.76144147,0.2776238,0.5857746,0
-3.1044602,0.38010895,3.4665341,-0.76144147,0.2776238,0.5857746,0
-1.787724,-1.4526269,6.0467558,-0.76144147,0.2776238,0.5857746,0
4.3300123,-2.3876407,-0.92199826,0.76144147,-0.2776238,-0.5857746,0
-0.71825707,0.012594581,-0.23742875,-0.57341015,-0.70992887,-0.40890312,0
-3.279124,3.9722183,-2.0544152,-0.30233711,0.64724493,-0.69976151,0
1.0601052,-0.30147111,-2.1859746,-0.57341015,-0.70992887,-0.40890312,0
-2.8652329,0.98982537,3.4885325,-0.76144147,0.2776238,0.5857746,0
1.1703987,1.9083517,-5.8858385,-0.30233711,0.64724493,-0.69976151,0
-1.9183279,3.8047667,-2.7972422,-0.30233711,0.64724493,-0.69976151,0
-0.24956357,0.74886584,-2.1729817,-0.57341015,-0.70992887,-0.40890312,0
1.4312725,-1.1316789,1.1804883,0.57341015,0.70992887,0.40890312,0
3.6815956,-1.5020114,-1.3322053,0.57341015,0.70992887,0.40890312,0
1.7554781,-1.2397767,-1.5320388,-0.57341015,-0.70992887,-0.40890312,0
2.171572,1.5711813,-5.6039858,0.76144147,-0.2776238,-0.5857746,0
2.7636433,-3.3820143,2.8230419,0.30233711,-0.64724493,0.69976151,0
-4.4385233,4.115303,-0.037867069,-0.76144147,0.2776238,0.5857746,0
1.9275506,1.1545975,-5.7237492,0.76144147,-0.2776238,-0.5857746,0
2.653971,1.2698154,-4.8340902,0.76144147,-0.2776238,-0.5857746,0
3.9628694,-3.2145605,-1.0073299,0.76144147,-0.2776238,-0.5857746,0
-2.8113365,3.3094594,-0.58065653,0.57341015,0.70992887,0.40890312,0
-2.9315562,1.0346074,3.3810952,-0.76144147,0.2776238,0.5857746,0
-2.7634158,3.8180327,-2.4198446,-0.30233711,0.64724493,-0.69976151,0
2.2935443,-3.1996443,3.1948342,0.30233711,-0.64724493,0.69976151,0
-2.9793887,1.0610191,1.113133,-0.57341015,-0.70992887,-0.40890312,0
-2.4769046,-0.27951145,4.5949092,-0.76144147,0.2776238,0.5857746,0
1.7195176,-1.7616435,-0.57555711,-0.57341015,-0.70992887,-0.40890312,0
3.2257609,-1.8456059,-0.096441507,0.57341015,0.70992887,0.40890312,0
-0.89838803,-0.97425497,1.728518,-0.57341015,-0.70992887,-0.40890312,0
3.2075713,-3.6384096,2.3940868,0.30233711,-0.64724493,0.69976151,0
-3.8428395,4.1204834,-1.6737199,-0.30233711,0.64724493,-0.69976151,0
3.464334,-0.93063146,-2.7378225,0.76144147,-0.2776238,-0.5857746,0
0.86827362,1.9286659,-3.3433161,0.57341015,0.70992887,0.40890312,0
0.33419228,-1.0252497,0.08859098,-0.57341015,-0.70992887,-0.40890312,0
3.0437846,-1.1092737,-3.1998234,0.76144147,-0.2776238,-0.5857746,0
-4.5946536,4.0846472,-1.38204,-0.30233711,0.64724493,-0.69976151,0
-3.517091,1.5172894,2.3912015,-0.76144147,0.2776238,0.5857746,0
3.6651814,-2.2477338,-1.8525116,0.76144147,-0.2776238,-0.5857746,0
2.2045956,-0.10937452,-4.1244221,-0.57341015,-0.70992887,-0.40890312,0
-1.8455124,-1.9594916,6.1302247,0.30233711,-0.64724493,0.69976151,0
-1.4192364,1.5106158,0.59029794,0.57341015,0.70992887,0.40890312,0
2.2814529,1.3485883,-5.3556557,0.76144147,-0.2776238,-0.5857746,0
1.6566598,1.9664859,-6.0421596,-0.30233711,0.64724493,-0.69976151,0
4.3322749,-3.9694214,1.6019812,0.30233711,-0.64724493,0.69976151,0
1.8191056,2.4543169,-5.6611266,-0.30233711,0.64724493,-0.69976151,0
1.5218543,-3.1377616,2.0908155,-0.57341015,-0.70992887,-0.40890312,0
-0.70993167,0.15586513,-0.49784663,-0.57341015,-0.70992887,-0.40890312,0
2.3437924,-1.3725975,0.31912756,0.57341015,0.70992887,0.40890312,0
4.2393007,-2.5281951,-0.97329843,0.76144147,-0.2776238,-0.5857746,0
-0.78072333,-2.1997108,5.4479842,0.30233711,-0.64724493,0.69976151,0
3.3113761,-0.61009276,-3.088568,0.76144147,-0.2776238,-0.5857746,0
4.7004876,-4.7710466,0.68917656,0.76144147,-0.2776238,-0.5857746,0
-4.8071451,3.8365889,-1.1426659,-0.57341015,-0.70992887,-0.40890312,0
-4.2352815,3.9084923,0.32434082,-0.76144147,0.2776238,0.5857746,0
-4.2971759,3.286927,0.53847194,-0.76144147,0.2776238,0.5857746,0
-0.35588956,0.022428036,1.6829127,0.57341015,0.70992887,0.40890312,0
-4.0614109,2.9651759,-0.67548943,-0.57341015,-0.70992887,-0.40890312,0
-3.6139071,1.8533602,2.1060734,-0.76144147,0.2776238,0.5857746,0
2.642139,1.291844,-4.8599105,0.76144147,-0.2776238,-0.5857746,0
-4.8707442,4.4773197,-0.77128124,-0.76144147,0.2776238,0.5857746,0
4.2115927,-2.4399779,-1.0511254,0.76144147,-0.2776238,-0.5857746,0
-2.6081822,-0.81976807,4.6803131,-0.76144147,0.2776238,0.5857746,0
3.7213311,-3.1717079,-0.93460178,-0.57341015,-0.70992887,-0.40890312,0
1.4164028,2.3811243,-5.5548358,-0.30233711,0.64724493,-0.69976151,0
-1.8727667,-2.1668878,5.9501686,0.30233711,-0.64724493,0.69976151,0
-0.62369633,-1.7896857,5.2046146,0.57341015,0.70992887,0.40890312,0
0.16746545,-2.4124222,2.7307737,-0.57341015,-0.70992887,-0.40890312,0
3.4544487,-0.77519125,-2.8243418,0.76144147,-0.2776238,-0.5857746,0
0.46799183,-2.9458518,4.2183242,0.30233711,-0.64724493,0.69976151,0
-2.150203,-1.9939353,5.8321228,-0.76144147,0.2776238,0.5857746,0
0.072873056,-1.6949241,1.617717,-0.57341015,-0.70992887,-0.40890312,0
-0.26163244,2.3773506,-4.8333187,-0.30233711,0.64724493,-0.69976151,0
-4.9511771,3.5719008,-0.44671822,-0.76144147,0.2776238,0.5857746,0
-4.237257,3.5151968,0.50817204,-0.76144147,0.2776238,0.5857746,0
-2.9058406,3.4309838,-2.7163105,-0.30233711,0.64724493,-0.69976151,0
-3.0859513,4.2652168,-1.8668675,-0.30233711,0.64724493,-0.69976151,0
-1.2780553,3.2284842,-3.6069088,-0.30233711,0.64724493,-0.69976151,0
2.8954773,-0.47523427,-3.6931047,0.76144147,-0.2776238,-0.5857746,0
1.9673584,2.0115342,-6.0781417,0.76144147,-0.2776238,-0.5857746,0
-3.822052,3.2480092,0.94337177,0.57341015,0.70992887,0.40890312,0
1.7843728,-1.7327167,1.7288401,0.57341015,0.70992887,0.40890312,0
-4.7080584,4.0761476,-0.36967468,-0.76144147,0.2776238,0.5857746,0
-1.4101255,2.2991357,-3.2370567,-0.57341015,-0.70992887,-0.40890312,0
3.9873562,-3.8119874,1.8966241,0.30233711,-0.64724493,0.69976151,0
3.5697856,-1.3842381,-2.3857632,0.76144147,-0.2776238,-0.5857746,0
2.5648785,-3.8024368,2.5200491,0.30233711,-0.64724493,0.69976151,0
4.8768263,-4.2107325,1.1435027,0.30233711,-0.64724493,0.69976151,0
-2.1262963,2.5310707,-2.6354415,-0.57341015,-0.70992887,-0.40890312,0
0.094096661,-0.42464232,1.8280853,0.57341015,0.70992887,0.40890312,0
4.9428663,-4.3556361,0.98094034,0.30233711,-0.64724493,0.69976151,0
2.0107872,1.5815383,-5.8178959,0.76144147,-0.2776238,-0.5857746,0
1.5145574,-3.1506279,3.5767403,0.30233711,-0.64724493,0.69976151,0
-2.231755,3.5618494,-1.8316035,0.57341015,0.70992887,0.40890312,0
-4.0765648,2.4105771,0.3086431,-0.57341015,-0.70992887,-0.40890312,0
-2.4949939,-0.97899699,4.9029112,-0.76144147,0.2776238,0.5857746,0
-1.9568532,-2.2833595,5.8787684,0.30233711,-0.64724493,0.69976151,0
-2.1777151,3.196635,-3.2476635,-0.30233711,0.64724493,-0.69976151,0
-3.0612202,4.0576992,-2.0694962,-0.30233711,0.64724493,-0.69976151,0
0.79897606,-0.090512037,-2.186053,-0.57341015,-0.70992887,-0.40890312,0
3.2776375,-0.29292077,-3.2827456,0.76144147,-0.2776238,-0.5857746,0
0.38677001,-1.2129166,2.7862506,0.57341015,0.70992887,0.40890312,0
2.6162634,-0.1341145,-4.2177229,0.76144147,-0.2776238,-0.5857746,0
-1.0346854,-2.6175749,4.7727466,-0.57341015,-0.70992887,-0.40890312,0
1.497025,-2.8527479,3.8598385,0.30233711,-0.64724493,0.69976151,0
1.7433655,0.02934885,-3.7184815,-0.57341015,-0.70992887,-0.40890312,0
0.95382512,0.43670392,-3.3185406,-0.57341015,-0.70992887,-0.40890312,0
-0.1083703,-2.2449,2.8267331,-0.57341015,-0.70992887,-0.40890312,0
-0.5320828,-2.4090002,5.1469741,0.30233711,-0.64724493,0.69976151,0
3.7646322,-3.8546035,0.19030571,-0.57341015,-0.70992887,-0.40890312,0
3.7633531,-2.9343636,-1.3994761,0.76144147,-0.2776238,-0.5857746,0
0.90483379,-3.1831555,3.8100891,0.30233711,-0.64724493,0.69976151,0
1.7933774,-1.0989974,-1.8296034,-0.57341015,-0.70992887,-0.40890312,0
-0.24109572,0.62317872,-1.9666414,-0.57341015,-0.70992887,-0.40890312,0
4.6043701,-3.3800011,-0.095041513,0.76144147,-0.2776238,-0.5857746,0
0.57486796,2.900692,-4.7106695,-0.30233711,0.64724493,-0.69976151,0
-2.3652418,3.2528908,-3.1146073,-0.30233711,0.64724493,-0.69976151,0
1.2528992,2.5070682,-5.3677006,-0.30233711,0.64724493,-0.69976151,0
-0.74815392,-2.3120196,5.3300319,0.30233711,-0.64724493,0.69976151,0
1.9744834,-1.2489141,0.62227798,0.57341015,0.70992887,0.40890312,0
3.6197038,-3.8333471,2.0357146,0.30233711,-0.64724493,0.69976151,0
-1.4398806,2.98932,-3.7582064,-0.30233711,0.64724493,-0.69976151,0
1.3761919,-3.2280772,3.5648856,0.30233711,-0.64724493,0.69976151,0
-1.6124308,-1.8409843,4.2346258,-0.57341015,-0.70992887,-0.40890312,0
3.8357973,-4.0206523,1.7691016,0.30233711,-0.64724493,0.69976151,0
1.3865296,-2.5907876,1.3309388,-0.57341015,-0.70992887,-0.40890312,0
-3.3480654,1.29567,1.2227368,-0.57341015,-0.70992887,-0.40890312,0
-3.2527776,1.2350473,2.8685465,-0.76144147,0.2776238,0.5857746,0
