-0.1352011,-1.5382273,-0.68644822,0.564614,-0.79641068,0.21665817,0
-1.0945978,-1.759148,-0.99214482,0.18445814,-0.13410313,-0.97364849,0
-1.5914066,0.11559618,-0.043420017,-0.564614,0.79641068,-0.21665817,0
-2.1478825,-2.1512136,-0.04921174,-0.8044787,-0.58969998,-0.071188092,0
-1.1384225,0.51254547,0.74079561,-0.18445814,0.13410313,0.97364849,0
-2.2855101,-1.8872977,-0.68011332,-0.8044787,-0.58969998,-0.071188092,0
-0.95472461,0.60281765,0.088348851,-0.564614,0.79641068,-0.21665817,0
-0.72584307,-0.88575464,1.0115505,-0.18445814,0.13410313,0.97364849,0
-2.3912389,-0.76949239,-1.2125318,-0.564614,0.79641068,-0.21665817,0
1.3668671,1.1475579,-0.92616677,0.18445814,-0.13410313,-0.97364849,0
1.2145128,2.0415459,-0.2761097,-0.564614,0.79641068,-0.21665817,0
0.25225306,1.2189647,-0.79216433,-0.564614,0.79641068,-0.21665817,0
-0.54546714,-1.5566077,0.31514621,0.564614,-0.79641068,0.21665817,0
1.8030193,0.51242113,1.2980705,-0.18445814,0.13410313,0.97364849,0
2.4365821,0.43757451,-0.62572098,0.18445814,-0.13410313,-0.97364849,0
-1.473381,-2.0249977,1.011554,0.564614,-0.79641068,0.21665817,0
2.8164949,1.2546165,-0.079480171,0.8044787,0.58969998,0.071188092,0
0.85708505,-0.69688797,-0.17969121,0.564614,-0.79641068,0.21665817,0
0.90209126,-0.12639475,1.2153749,-0.18445814,0.13410313,0.97364849,0
2.9462798,1.0331976,0.28801775,0.8044787,0.58969998,0.071188092,0
-2.4537139,-1.6178558,-1.0112562,-0.8044787,-0.58969998,-0.071188092,0
2.5645132,1.6478314,-0.48916912,0.8044787,0.58969998,0.071188092,0
-2.2560544,-0.93590081,0.72855759,-0.18445814,0.13410313,0.97364849,0
-1.6119357,-2.1554108,-1.0355765,0.18445814,-0.13410313,-0.97364849,0
2.035032,2.4258268,-0.95030975,0.8044787,0.58969998,0.071188092,0
2.9242499,1.0132391,0.70230293,0.8044787,0.58969998,0.071188092,0
-0.51965284,-1.3778089,-0.93574393,0.18445814,-0.13410313,-0.97364849,0
0.40453494,0.28546402,-0.98974288,0.18445814,-0.13410313,-0.97364849,0
-0.3600598,0.45641214,0.89598811,-0.18445814,0.13410313,0.97364849,0
1.6483529,2.3234367,-0.37050414,-0.564614,0.79641068,-0.21665817,0
-2.3198869,-1.0456316,-1.3225513,0.18445814,-0.13410313,-0.97364849,0
-2.8458557,-1.2280444,0.19116449,-0.8044787,-0.58969998,-0.071188092,0
-0.30540377,0.75611353,-1.0402913,-0.564614,0.79641068,-0.21665817,0
-0.92298305,-0.76858294,0.95806384,-0.18445814,0.13410313,0.97364849,0
-2.4396715,-1.6144934,-1.1978003,-0.8044787,-0.58969998,-0.071188092,0
1.7587368,2.3811262,-0.44610667,-0.564614,0.79641068,-0.21665817,0
0.66259521,1.7726514,0.17376828,-0.564614,0.79641068,-0.21665817,0
-1.1915441,-1.9267975,0.63805604,0.564614,-0.79641068,0.21665817,0
0.032412708,-0.20826261,-0.99223942,0.18445814,-0.13410313,-0.97364849,0
2.6361456,1.3791049,0.92738414,0.8044787,0.58969998,0.071188092,0
1.6940678,2.0167851,-0.98389935,0.18445814,-0.13410313,-0.97364849,0
2.5586796,1.5192649,0.64176321,0.8044787,0.58969998,0.071188092,0
-2.2323575,-2.1008911,0.48856616,-0.8044787,-0.58969998,-0.071188092,0
2.4793134,1.7917719,-0.7187078,0.8044787,0.58969998,0.071188092,0
2.407186,1.8182468,-0.12292385,0.8044787,0.58969998,0.071188092,0
1.5853777,0.029453278,0.59231651,0.564614,-0.79641068,0.21665817,0
-0.25246882,-1.1549597,1.0280018,0.564614,-0.79641068,0.21665817,0
-2.8136308,-1.2127531,-0.29967022,-0.8044787,-0.58969998,-0.071188092,0
0.045087636,1.345052,0.2111944,-0.564614,0.79641068,-0.21665817,0
-0.79231006,0.55011308,-0.52864134,-0.564614,0.79641068,-0.21665817,0
0.75430495,-0.83308733,-0.7694177,0.18445814,-0.13410313,-0.97364849,0
-1.5295999,-1.19214,0.90147722,-0.18445814,0.13410313,0.97364849,0
2.5853958,1.562672,-0.75249028,0.18445814,-0.13410313,-0.97364849,0
-1.5816194,-2.4759467,-0.98568463,0.18445814,-0.13410313,-0.97364849,0
-1.233639,0.38749051,0.023686051,-0.564614,0.79641068,-0.21665817,0
-3.0304673,-0.94775701,-0.044402599,-0.8044787,-0.58969998,-0.071188092,0
2.2801769,1.4519758,1.259061,-0.18445814,0.13410313,0.97364849,0
2.4178998,1.7692014,0.16227937,0.8044787,0.58969998,0.071188092,0
-2.0526915,-0.34513432,-0.53489876,-0.564614,0.79641068,-0.21665817,0
-2.4855318,-1.7453315,0.40428138,-0.8044787,-0.58969998,-0.071188092,0
-0.39051515,0.65890133,-1.1758308,-0.564614,0.79641068,-0.21665817,0
-2.6809707,-1.295961,-1.1095614,-0.8044787,-0.58969998,-0.071188092,0
0.077529848,1.493078,0.67077672,-0.564614,0.79641068,-0.21665817,0
1.044528,-0.45640755,0.21580897,0.564614,-0.79641068,0.21665817,0
-1.7557718,-0.10619152,-0.43034905,-0.564614,0.79641068,-0.21665817,0
-2.0436211,-2.3801839,0.66928101,-0.8044787,-0.58969998,-0.071188092,0
1.4352567,-0.39508653,-0.70073813,0.18445814,-0.13410313,-0.97364849,0
1.9903954,2.3700216,0.0163908,0.8044787,0.58969998,0.071188092,0
2.5766671,1.6305946,-0.48373365,0.8044787,0.58969998,0.071188092,0
2.2526906,2.0135348,0.0052864552,0.8044787,0.58969998,0.071188092,0
-0.9540748,-0.15779576,-1.1860809,0.18445814,-0.13410313,-0.97364849,0
-0.71155918,0.64039302,-0.40722013,-0.564614,0.79641068,-0.21665817,0
-0.1308502,-1.1208711,0.83636755,0.564614,-0.79641068,0.21665817,0
1.2941511,1.7767749,1.0275227,-0.18445814,0.13410313,0.97364849,0
-0.49721727,-1.1834861,-0.95825815,0.18445814,-0.13410313,-0.97364849,0
2.0084984,2.3256524,0.17935896,0.8044787,0.58969998,0.071188092,0
-1.1048163,-2.0707698,-0.11718416,0.564614,-0.79641068,0.21665817,0
0.12519038,1.0452421,0.90681803,-0.18445814,0.13410313,0.97364849,0
1.4982071,0.76989883,-0.84926856,0.18445814,-0.13410313,-0.97364849,0
-1.8281574,-0.43760628,-1.3131375,0.18445814,-0.13410313,-0.97364849,0
-1.3682687,0.36880398,0.71704894,-0.18445814,0.13410313,0.97364849,0
1.8492562,0.18384409,0.47216868,0.564614,-0.79641068,0.21665817,0
0.077821732,0.96120721,0.9094184,-0.18445814,0.13410313,0.97364849,0
1.7509028,1.3859386,1.1678853,-0.18445814,0.13410313,0.97364849,0
0.35339022,0.53352582,1.0205307,-0.18445814,0.13410313,0.97364849,0
-2.8510242,-1.1962087,-0.014145613,-0.8044787,-0.58969998,-0.071188092,0
2.3895409,1.7278569,0.82524323,0.8044787,0.58969998,0.071188092,0
-2.105804,-2.2191353,0.037914753,-0.8044787,-0.58969998,-0.071188092,0
-2.6010501,-1.4919708,-0.38903904,-0.8044787,-0.58969998,-0.071188092,0
2.0916853,2.1314723,0.84781194,0.8044787,0.58969998,0.071188092,0
-0.27990866,-0.74013072,-0.97815335,0.18445814,-0.13410313,-0.97364849,0
2.2114475,1.4080784,1.2520864,-0.18445814,0.13410313,0.97364849,0
-0.8521598,-1.9688168,-0.40084338,0.564614,-0.79641068,0.21665817,0
0.78890973,1.6193665,-0.71886694,-0.564614,0.79641068,-0.21665817,0
-0.79880285,-1.5369513,1.0475979,0.564614,-0.79641068,0.21665817,0
1.666104,2.2058971,-0.84882593,-0.564614,0.79641068,-0.21665817,0
2.7285287,1.3645486,0.0039620399,0.8044787,0.58969998,0.071188092,0
-1.6644109,0.12461662,0.17998838,-0.564614,0.79641068,-0.21665817,0
-2.2465782,-2.0769503,0.45095253,-0.8044787,-0.58969998,-0.071188092,0
-2.3294377,-1.9107646,0.010695457,-0.8044787,-0.58969998,-0.071188092,0
2.0564675,2.2492485,0.27017736,0.8044787,0.58969998,0.071188092,0
2.3922896,0.7882427,1.2787176,0.564614,-0.79641068,0.21665817,0
-0.90130222,-2.0926638,-0.72802365,0.564614,-0.79641068,0.21665817,0
-2.7066312,-1.4407057,0.37944317,-0.8044787,-0.58969998,-0.071188092,0
-1.0303632,-0.41805041,0.88944077,-0.18445814,0.13410313,0.97364849,0
2.2339907,1.9672273,0.60020995,0.8044787,0.58969998,0.071188092,0
2.8353562,1.2662258,-0.38879776,0.8044787,0.58969998,0.071188092,0
-2.2714527,-1.875095,-0.94005632,-0.8044787,-0.58969998,-0.071188092,0
-1.7249089,0.16749299,0.49525541,-0.564614,0.79641068,-0.21665817,0
3.0250711,1.0288186,-0.56611013,0.8044787,0.58969998,0.071188092,0
-0.35730606,0.126174,0.94199443,-0.18445814,0.13410313,0.97364849,0
0.3151122,-1.1055565,-0.26952192,0.564614,-0.79641068,0.21665817,0
-0.62449819,0.9491607,0.77802265,-0.18445814,0.13410313,0.97364849,0
-0.33273304,-1.1411278,1.1211985,-0.18445814,0.13410313,0.97364849,0
0.95073104,2.0096602,0.29410076,-0.564614,0.79641068,-0.21665817,0
2.409615,1.7359536,0.53132296,0.8044787,0.58969998,0.071188092,0
0.29064405,1.4478552,-0.050835967,-0.564614,0.79641068,-0.21665817,0
1.2876509,1.4840649,-0.98752224,0.18445814,-0.13410313,-0.97364849,0
-2.0109158,-2.2301645,-0.94303274,-0.8044787,-0.58969998,-0.071188092,0
0.47333682,1.6810181,0.33014524,-0.564614,0.79641068,-0.21665817,0
1.8763537,2.4038353,1.0250499,0.8044787,0.58969998,0.071188092,0
-0.10776347,-0.2482639,-1.0132864,0.18445814,-0.13410313,-0.97364849,0
0.33721566,-0.77802896,0.8768307,0.564614,-0.79641068,0.21665817,0
-0.71314073,0.63009757,-0.4409439,-0.564614,0.79641068,-0.21665817,0
-2.100311,-0.77119839,0.73537838,-0.18445814,0.13410313,0.97364849,0
0.89399529,1.8793948,-0.036886454,-0.564614,0.79641068,-0.21665817,0
2.3655243,1.9199666,-0.49473262,0.8044787,0.58969998,0.071188092,0
0.6131224,-0.72426111,0.35545838,0.564614,-0.79641068,0.21665817,0
2.5285776,1.6143183,0.1945436,0.8044787,0.58969998,0.071188092,0
-0.49176547,-1.0234033,-0.97927392,0.18445814,-0.13410313,-0.97364849,0
-0.44525898,-1.4082201,0.59945798,0.564614,-0.79641068,0.21665817,0
1.2393668,1.1474769,-0.95031059,0.18445814,-0.13410313,-0.97364849,0
0.46400142,0.62286818,-1.0249484,0.18445814,-0.13410313,-0.97364849,0
-2.2676764,-2.0528843,0.88020086,-0.18445814,0.13410313,0.97364849,0
2.1379285,2.1249619,0.37915945,0.8044787,0.58969998,0.071188092,0
2.1968412,0.30072987,-0.0039830208,0.564614,-0.79641068,0.21665817,0
2.6219401,1.5367227,-0.74199295,0.18445814,-0.13410313,-0.97364849,0
2.497582,1.6602895,0.1640048,0.8044787,0.58969998,0.071188092,0
2.0021985,2.4297237,-0.61154246,0.8044787,0.58969998,0.071188092,0
2.5888765,1.4917581,0.52836895,0.8044787,0.58969998,0.071188092,0
-0.18370557,-0.56491697,1.0700688,-0.18445814,0.13410313,0.97364849,0
1.7704951,-0.10472465,-0.38332415,0.564614,-0.79641068,0.21665817,0
2.706255,1.1728352,1.3782289,-0.18445814,0.13410313,0.97364849,0
1.9540724,0.075912952,-0.19772553,0.564614,-0.79641068,0.21665817,0
-1.235906,0.55858934,0.65853357,-0.564614,0.79641068,-0.21665817,0
2.5182199,1.5288115,1.019908,0.8044787,0.58969998,0.071188092,0
-1.2663683,-0.81788206,0.89979935,-0.18445814,0.13410313,0.97364849,0
2.621217,1.4472177,0.53185844,0.8044787,0.58969998,0.071188092,0
1.4938833,2.1318946,-0.67204142,-0.564614,0.79641068,-0.21665817,0
0.72404671,-0.76902306,-0.098151691,0.564614,-0.79641068,0.21665817,0
-0.75284803,-1.0368139,1.0272402,-0.18445814,0.13410313,0.97364849,0
-0.830562,0.65444148,-0.045456763,-0.564614,0.79641068,-0.21665817,0
-0.92553908,0.34481865,-0.93608379,-0.564614,0.79641068,-0.21665817,0
0.11680639,1.1981257,-0.51578993,-0.564614,0.79641068,-0.21665817,0
0.6512388,0.23520684,-0.93608272,0.18445814,-0.13410313,-0.97364849,0
2.2063551,1.9458159,1.0898767,0.8044787,0.58969998,0.071188092,0
-2.7326884,-0.927279,-0.9027158,-0.564614,0.79641068,-0.21665817,0
1.2555012,-0.27004099,0.35107222,0.564614,-0.79641068,0.21665817,0
2.1706433,0.31908417,0.13175726,0.564614,-0.79641068,0.21665817,0
-2.1295376,-0.47721958,-0.82016742,-0.564614,0.79641068,-0.21665817,0
2.8332229,0.98695362,-0.62624454,0.18445814,-0.13410313,-0.97364849,0
2.3625815,1.7537377,0.91551971,0.8044787,0.58969998,0.071188092,0
2.6350935,1.4376981,0.45390081,0.8044787,0.58969998,0.071188092,0
1.9675173,2.4490838,-0.37999415,0.8044787,0.58969998,0.071188092,0
-0.53666759,0.97218478,0.35663885,-0.564614,0.79641068,-0.21665817,0
-0.056441069,-0.1977098,1.0436028,-0.18445814,0.13410313,0.97364849,0
1.0695853,1.0569011,-0.97000062,0.18445814,-0.13410313,-0.97364849,0
2.2909005,2.0335615,-0.59240985,0.8044787,0.58969998,0.071188092,0
0.82569635,0.34534055,1.1359286,-0.18445814,0.13410313,0.97364849,0
3.0011563,1.0151255,-0.18242073,0.8044787,0.58969998,0.071188092,0
1.1189972,1.2610679,-0.98875999,0.18445814,-0.13410313,-0.97364849,0
2.527554,1.603056,0.29940391,0.8044787,0.58969998,0.071188092,0
-1.5922141,-0.9185735,-1.202193,0.18445814,-0.13410313,-0.97364849,0
-2.4181213,-1.7500513,-0.31841087,-0.8044787,-0.58969998,-0.071188092,0
-0.46007192,-1.6861827,-0.38369775,0.564614,-0.79641068,0.21665817,0
-1.961555,-2.4402399,0.23935795,-0.8044787,-0.58969998,-0.071188092,0
-0.78415918,-1.789854,0.079792738,0.564614,-0.79641068,0.21665817,0
2.2956378,1.9654562,-0.081781387,0.8044787,0.58969998,0.071188092,0
-2.7682943,-0.59523785,0.41061902,-0.564614,0.79641068,-0.21665817,0
-0.42532682,-1.6436136,-0.31776512,0.564614,-0.79641068,0.21665817,0
2.288271,1.8722243,0.77377534,0.8044787,0.58969998,0.071188092,0
1.9358983,2.4987953,-0.43447328,0.8044787,0.58969998,0.071188092,0
-0.38462079,-1.5829256,-0.20076299,0.564614,-0.79641068,0.21665817,0
1.873816,-0.048804045,-0.4470222,0.564614,-0.79641068,0.21665817,0
2.9935937,0.90838122,-0.58503985,0.18445814,-0.13410313,-0.97364849,0
-2.1927512,-2.0202603,-0.62693739,-0.8044787,-0.58969998,-0.071188092,0
-2.5379436,-0.59498912,0.62819886,-0.18445814,0.13410313,0.97364849,0
0.30181628,-0.41409802,-0.9128505,0.18445814,-0.13410313,-0.97364849,0
-2.5166652,-1.6201406,-0.28093433,-0.8044787,-0.58969998,-0.071188092,0
-2.3889968,-1.9246972,0.79917288,-0.8044787,-0.58969998,-0.071188092,0
0.45652151,-0.93100405,0.0035987794,0.564614,-0.79641068,0.21665817,0
-2.1624129,-2.1424317,0.042248487,-0.8044787,-0.58969998,-0.071188092,0
-1.4177743,-2.3232727,-0.22978449,0.564614,-0.79641068,0.21665817,0
2.1199033,2.2255406,-0.25030804,0.8044787,0.58969998,0.071188092,0
1.8641322,2.4732275,0.58833838,0.8044787,0.58969998,0.071188092,0
-0.46251833,-0.60068262,-1.0319554,0.18445814,-0.13410313,-0.97364849,0
-0.78774559,0.52158904,0.80598587,-0.18445814,0.13410313,0.97364849,0
2.1396112,2.2719636,-0.85757899,0.8044787,0.58969998,0.071188092,0
-2.2250299,-1.9779563,-0.61259484,-0.8044787,-0.58969998,-0.071188092,0
0.26773334,0.2564154,1.0424701,-0.18445814,0.13410313,0.97364849,0
2.0906768,2.0471828,-0.91294813,0.18445814,-0.13410313,-0.97364849,0
2.5587454,1.627149,-0.2526629,0.8044787,0.58969998,0.071188092,0
1.4784265,2.2016397,-0.37538648,-0.564614,0.79641068,-0.21665817,0
-2.7775915,-1.3052235,0.059056044,-0.8044787,-0.58969998,-0.071188092,0
-1.7740085,-2.3138657,-1.044457,0.18445814,-0.13410313,-0.97364849,0
0.72999495,-0.70529187,-0.79162484,0.18445814,-0.13410313,-0.97364849,0
0.79395527,0.57909393,1.0977198,-0.18445814,0.13410313,0.97364849,0
2.6799157,1.4102604,0.17466044,0.8044787,0.58969998,0.071188092,0
2.4448628,1.4773017,1.2867728,-0.18445814,0.13410313,0.97364849,0
0.12457979,0.47083068,0.98581755,-0.18445814,0.13410313,0.97364849,0
1.7859147,0.201819,-0.716519,0.18445814,-0.13410313,-0.97364849,0
1.7732286,2.6197743,0.40166688,0.8044787,0.58969998,0.071188092,0
-1.2151878,-0.17694193,0.82121694,-0.18445814,0.13410313,0.97364849,0
-2.7647395,-1.1484764,-1.3846285,-0.8044787,-0.58969998,-0.071188092,0
2.2231493,0.4487527,-0.6676954,0.18445814,-0.13410313,-0.97364849,0
2.5485594,1.4891371,1.0056982,0.8044787,0.58969998,0.071188092,0
-0.88972563,-0.19269821,-1.1690829,0.18445814,-0.13410313,-0.97364849,0
0.60449392,1.9219705,0.8740617,-0.564614,0.79641068,-0.21665817,0
-0.60945988,0.98156071,0.58080208,-0.564614,0.79641068,-0.21665817,0
2.3742764,1.7033497,-0.81186295,0.18445814,-0.13410313,-0.97364849,0
1.3450804,1.3114917,1.1012559,-0.18445814,0.13410313,0.97364849,0
-0.016980171,0.20795478,0.99520552,-0.18445814,0.13410313,0.97364849,0
2.3799541,0.32457042,-0.39354253,0.564614,-0.79641068,0.21665817,0
1.084918,2.0655031,0.14968014,-0.564614,0.79641068,-0.21665817,0
2.7234635,1.3686254,0.027429581,0.8044787,0.58969998,0.071188092,0
0.14618874,0.76029742,-1.1040866,0.18445814,-0.13410313,-0.97364849,0
1.0582523,1.279712,1.0512931,-0.18445814,0.13410313,0.97364849,0
2.7785602,1.288478,0.068711758,0.8044787,0.58969998,0.071188092,0
2.7911334,1.3528385,-0.60651731,0.8044787,0.58969998,0.071188092,0
-1.9484513,-1.6448083,0.88447309,-0.18445814,0.13410313,0.97364849,0
2.3244998,1.7840737,1.0945772,0.8044787,0.58969998,0.071188092,0
-1.7082922,-2.0147278,0.98092103,-0.18445814,0.13410313,0.97364849,0
-1.0595918,-1.7632713,0.89528918,0.564614,-0.79641068,0.21665817,0
2.8577988,1.2094264,-0.17190671,0.8044787,0.58969998,0.071188092,0
-2.8260169,-1.2070973,-0.20654726,-0.8044787,-0.58969998,-0.071188092,0
-2.7579894,-1.3483365,0.19467521,-0.8044787,-0.58969998,-0.071188092,0
1.2613434,0.23469704,-0.82042772,0.18445814,-0.13410313,-0.97364849,0
-1.8825952,-2.1676545,0.96896195,-0.18445814,0.13410313,0.97364849,0
-1.6502626,-2.1020033,1.0039358,-0.18445814,0.13410313,0.97364849,0
1.6096122,0.80216038,-0.83260608,0.18445814,-0.13410313,-0.97364849,0
-2.0089414,-2.2352059,-0.92358232,-0.8044787,-0.58969998,-0.071188092,0
2.600646,1.517868,0.17908001,0.8044787,0.58969998,0.071188092,0
-2.2824531,-1.9141116,-0.4925406,-0.8044787,-0.58969998,-0.071188092,0
2.9045293,1.1817976,-0.47112966,0.8044787,0.58969998,0.071188092,0
2.2116849,2.0103397,0.49514961,0.8044787,0.58969998,0.071188092,0
-1.3886986,-1.9312226,1.0299671,-0.18445814,0.13410313,0.97364849,0
2.6208835,1.3790308,1.1004691,0.8044787,0.58969998,0.071188092,0
1.0789087,0.903961,1.1069596,-0.18445814,0.13410313,0.97364849,0
0.70544982,1.469588,-1.0519367,-0.564614,0.79641068,-0.21665817,0
-0.41437456,-1.6962262,-0.53970432,0.564614,-0.79641068,0.21665817,0
-0.62978613,-0.46398556,-1.082472,0.18445814,-0.13410313,-0.97364849,0
2.1599693,0.20175493,-0.27171528,0.564614,-0.79641068,0.21665817,0
-2.0097656,-0.67491794,-1.3148577,0.18445814,-0.13410313,-0.97364849,0
-1.5324674,-0.49972078,-1.2485636,0.18445814,-0.13410313,-0.97364849,0
-1.7781286,-2.5416217,-0.99368548,-0.8044787,-0.58969998,-0.071188092,0
1.4891772,2.05898,-0.92780471,-0.564614,0.79641068,-0.21665817,0
1.9529142,0.14995372,0.077458024,0.564614,-0.79641068,0.21665817,0
-0.14940257,-1.3905146,-0.10646391,0.564614,-0.79641068,0.21665817,0
-1.1928722,0.29053926,-0.43893534,-0.564614,0.79641068,-0.21665817,0
-0.46055043,0.89798963,-0.11445677,-0.564614,0.79641068,-0.21665817,0
2.1450095,1.392832,-0.81252933,0.18445814,-0.13410313,-0.97364849,0
-2.211051,-0.92597216,-1.3184131,0.18445814,-0.13410313,-0.97364849,0
-1.0559018,-2.0437057,-0.14517164,0.564614,-0.79641068,0.21665817,0
-2.5588925,-1.4989065,-0.8079977,-0.8044787,-0.58969998,-0.071188092,0
-0.72166836,-1.2108481,1.0571173,-0.18445814,0.13410313,0.97364849,0
-1.4642745,0.36383224,0.53776032,-0.564614,0.79641068,-0.21665817,0
0.37808123,1.5491912,0.88531816,-0.18445814,0.13410313,0.97364849,0
2.1038542,2.3166752,-0.82387328,0.8044787,0.58969998,0.071188092,0
0.45110038,-0.72808564,0.76363134,0.564614,-0.79641068,0.21665817,0
-1.5318605,-2.4791481,-0.5054543,0.564614,-0.79641068,0.21665817,0
0.43724269,-0.64848965,1.0923308,0.564614,-0.79641068,0.21665817,0
2.7127364,1.4669411,-0.66576242,0.8044787,0.58969998,0.071188092,0
2.8272741,1.0828937,1.2212054,0.8044787,0.58969998,0.071188092,0
-1.9742317,-0.0013427734,0.52437353,-0.564614,0.79641068,-0.21665817,0
2.1116457,2.2707467,-0.53146219,0.8044787,0.58969998,0.071188092,0
-1.5299313,-2.4056885,-0.24045205,0.564614,-0.79641068,0.21665817,0
2.0387535,2.3183496,-0.10205579,0.8044787,0.58969998,0.071188092,0
-1.5382297,-0.79228055,-1.2093604,0.18445814,-0.13410313,-0.97364849,0
2.9864602,0.9797985,0.27629256,0.8044787,0.58969998,0.071188092,0
-2.1261661,-0.099012256,0.56129444,-0.564614,0.79641068,-0.21665817,0
-1.9930434,-0.58242261,-1.3244293,0.18445814,-0.13410313,-0.97364849,0
-0.77820635,-2.0480237,-0.88472247,0.564614,-0.79641068,0.21665817,0
2.1061904,2.3087487,-0.78461242,0.8044787,0.58969998,0.071188092,0
-2.7749012,-0.92651296,-0.78989279,-0.564614,0.79641068,-0.21665817,0
-2.8431218,-1.245442,0.30438614,-0.8044787,-0.58969998,-0.071188092,0
2.4618375,1.665198,0.52728534,0.8044787,0.58969998,0.071188092,0
-1.9274402,-2.4607375,0.5931077,0.564614,-0.79641068,0.21665817,0
-1.8022422,-0.016440392,0.020668864,-0.564614,0.79641068,-0.21665817,0
0.84077394,0.56847805,1.1080518,-0.18445814,0.13410313,0.97364849,0
1.4150457,-0.39664102,-0.53007013,0.564614,-0.79641068,0.21665817,0
1.1006925,0.33510095,-0.86469191,0.18445814,-0.13410313,-0.97364849,0
0.24197619,1.4362702,0.033407688,-0.564614,0.79641068,-0.21665817,0
0.70324582,1.4953974,0.95433003,-0.18445814,0.13410313,0.97364849,0
-1.5669794,-2.1970325,-1.0213269,0.18445814,-0.13410313,-0.97364849,0
2.7865009,1.1978227,0.72993779,0.8044787,0.58969998,0.071188092,0
-0.48226756,0.94824016,0.12685397,-0.564614,0.79641068,-0.21665817,0
-0.38411885,-1.0750221,-0.9517706,0.18445814,-0.13410313,-0.97364849,0
-1.9656043,-2.4331982,0.79379535,0.564614,-0.79641068,0.21665817,0
0.24798012,0.94935799,0.94328701,-0.18445814,0.13410313,0.97364849,0
1.5775768,0.035847187,0.63614917,0.564614,-0.79641068,0.21665817,0
2.2865071,2.0109534,-0.35548568,0.8044787,0.58969998,0.071188092,0
2.2956858,0.73912907,1.3499323,0.564614,-0.79641068,0.21665817,0
-1.6235305,-1.9446681,0.98732972,-0.18445814,0.13410313,0.97364849,0
2.3640749,0.93420726,1.3462694,-0.18445814,0.13410313,0.97364849,0
-0.24499428,1.2929935,0.77579129,-0.564614,0.79641068,-0.21665817,0
-1.1821877,-0.55249572,-1.174934,0.18445814,-0.13410313,-0.97364849,0
2.1195257,2.2040832,-0.92909288,0.18445814,-0.13410313,-0.97364849,0
2.6787918,1.2717912,1.3344016,0.8044787,0.58969998,0.071188092,0
-1.7564855,-0.61917031,-1.2745519,0.18445814,-0.13410313,-0.97364849,0
-2.1670654,-2.2223113,0.75652671,-0.8044787,-0.58969998,-0.071188092,0
-2.4184566,-0.63243902,-0.63780987,-0.564614,0.79641068,-0.21665817,0
-2.1200097,-1.263863,0.79950261,-0.18445814,0.13410313,0.97364849,0
-2.8722169,-1.0681701,-0.83528447,-0.8044787,-0.58969998,-0.071188092,0
2.8078506,0.97926855,-0.62999249,0.18445814,-0.13410313,-0.97364849,0
1.6387639,2.3814595,-0.13222909,-0.564614,0.79641068,-0.21665817,0
-1.07866,-1.5927,1.0420784,-0.18445814,0.13410313,0.97364849,0
-0.098220348,-1.4815567,-0.84161389,0.18445814,-0.13410313,-0.97364849,0
-0.87964082,-0.50523049,-1.1241263,0.18445814,-0.13410313,-0.97364849,0
2.2633092,1.9309754,0.56918573,0.8044787,0.58969998,0.071188092,0
-0.23002255,-1.2699225,0.54691577,0.564614,-0.79641068,0.21665817,0
-2.1378536,-2.1400173,-0.25529027,-0.8044787,-0.58969998,-0.071188092,0
-1.2460036,-1.0923693,-1.1126659,0.18445814,-0.13410313,-0.97364849,0
-0.52969199,0.76408577,-0.42648786,-0.564614,0.79641068,-0.21665817,0
-0.70378608,-0.60397333,-1.0772104,0.18445814,-0.13410313,-0.97364849,0
2.7703049,1.2953367,0.10518909,0.8044787,0.58969998,0.071188092,0
0.33495274,1.6946554,0.74090475,-0.564614,0.79641068,-0.21665817,0
1.385709,-0.045036197,0.83884096,0.564614,-0.79641068,0.21665817,0
-1.7781128,-2.4590347,0.21021771,0.564614,-0.79641068,0.21665817,0
1.0438926,0.93226516,-0.95770168,0.18445814,-0.13410313,-0.97364849,0
2.4268699,1.8191181,-0.35258389,0.8044787,0.58969998,0.071188092,0
2.4347563,0.33322048,-0.61169374,0.18445814,-0.13410313,-0.97364849,0
2.072681,2.1599033,0.82706165,0.8044787,0.58969998,0.071188092,0
0.31506932,1.6164093,0.50509775,-0.564614,0.79641068,-0.21665817,0
-1.6003554,-1.6739025,0.954427,-0.18445814,0.13410313,0.97364849,0
0.19899738,-0.25372699,1.0997112,-0.18445814,0.13410313,0.97364849,0
-0.83517718,0.69866872,0.129145,-0.564614,0.79641068,-0.21665817,0
-2.825572,-1.2655201,0.27238297,-0.8044787,-0.58969998,-0.071188092,0
1.5424776,1.4394267,-0.93309712,0.18445814,-0.13410313,-0.97364849,0
-2.6285825,-1.3478873,-1.2714461,-0.8044787,-0.58969998,-0.071188092,0
2.3789551,1.8841405,-0.3497355,0.8044787,0.58969998,0.071188092,0
-0.10550916,-1.0512433,-0.90226287,0.18445814,-0.13410313,-0.97364849,0
-0.58775759,-1.8746295,-0.74365628,0.564614,-0.79641068,0.21665817,0
-1.9102321,-1.8008776,-1.1409197,0.18445814,-0.13410313,-0.97364849,0
1.2134348,2.1218634,0.021936178,-0.564614,0.79641068,-0.21665817,0
1.1449493,-0.17639434,0.9834069,0.564614,-0.79641068,0.21665817,0
-2.7696505,-1.3824556,0.60908604,-0.8044787,-0.58969998,-0.071188092,0
1.9078715,2.4122519,0.59915185,0.8044787,0.58969998,0.071188092,0
-0.94881988,0.40004504,-0.67240751,-0.564614,0.79641068,-0.21665817,0
-0.12743282,-0.59604943,1.0850178,-0.18445814,0.13410313,0.97364849,0
0.53934991,1.1643002,-1.0852464,0.18445814,-0.13410313,-0.97364849,0
2.283195,1.8908368,0.6769588,0.8044787,0.58969998,0.071188092,0
0.80031544,-0.74622381,-0.21310143,0.564614,-0.79641068,0.21665817,0
-1.2926981,-2.365936,-0.71255922,0.564614,-0.79641068,0.21665817,0
0.97918564,0.056119144,-0.8492865,0.18445814,-0.13410313,-0.97364849,0
-0.41976869,0.34236747,0.90038395,-0.18445814,0.13410313,0.97364849,0
0.29624417,-0.97260243,0.2683726,0.564614,-0.79641068,0.21665817,0
-1.4920871,-0.61689305,-1.2247751,0.18445814,-0.13410313,-0.97364849,0
-0.35328931,0.72570622,-1.0272746,-0.564614,0.79641068,-0.21665817,0
-1.4954281,0.27986932,0.31030798,-0.564614,0.79641068,-0.21665817,0
-0.4426806,-0.51823336,1.0145761,-0.18445814,0.13410313,0.97364849,0
-1.3058492,-1.9206567,0.95850968,0.564614,-0.79641068,0.21665817,0
-0.46133423,-0.3038646,0.98151648,-0.18445814,0.13410313,0.97364849,0
-2.362201,-1.8322973,-0.26905251,-0.8044787,-0.58969998,-0.071188092,0
-1.7839233,-0.75828439,0.79353952,-0.18445814,0.13410313,0.97364849,0
2.5762992,1.6210561,-0.40056062,0.8044787,0.58969998,0.071188092,0
-2.9343333,-1.0635309,-0.17175126,-0.8044787,-0.58969998,-0.071188092,0
-1.6425853,-0.053055644,-0.52999294,-0.564614,0.79641068,-0.21665817,0
-1.2203655,0.21181786,-0.65665793,-0.564614,0.79641068,-0.21665817,0
1.9789319,2.3496184,0.31495237,0.8044787,0.58969998,0.071188092,0
1.1590738,1.9989593,-0.2881794,-0.564614,0.79641068,-0.21665817,0
1.927423,0.37448508,0.96923977,0.564614,-0.79641068,0.21665817,0
-0.40420854,-0.55104136,1.0263833,-0.18445814,0.13410313,0.97364849,0
-1.8671794,-2.4501615,-0.74497461,-0.8044787,-0.58969998,-0.071188092,0
-0.83156413,-1.2653954,-1.0103188,0.18445814,-0.13410313,-0.97364849,0
-1.0220193,0.62316775,0.33852509,-0.564614,0.79641068,-0.21665817,0
-2.4647896,-1.3681302,0.74854469,-0.18445814,0.13410313,0.97364849,0
-2.4905505,-1.6619873,-0.22940183,-0.8044787,-0.58969998,-0.071188092,0
1.6951249,0.22797984,-0.73732221,0.18445814,-0.13410313,-0.97364849,0
2.2212183,2.0097287,0.39247823,0.8044787,0.58969998,0.071188092,0
2.6050158,1.4321171,0.84003425,0.8044787,0.58969998,0.071188092,0
0.33377254,0.43472311,-1.0237067,0.18445814,-0.13410313,-0.97364849,0
-1.7501945,0.18882871,0.66948128,-0.18445814,0.13410313,0.97364849,0
-0.92155337,0.52285051,0.78046215,-0.18445814,0.13410313,0.97364849,0
-1.8340977,-1.7111146,0.91526961,-0.18445814,0.13410313,0.97364849,0
2.4451177,0.63859993,0.59097707,0.564614,-0.79641068,0.21665817,0
-1.5755787,0.31695104,0.6554901,-0.564614,0.79641068,-0.21665817,0
1.3644383,1.4078006,1.0916585,-0.18445814,0.13410313,0.97364849,0
2.6963258,1.4537174,-0.37076855,0.8044787,0.58969998,0.071188092,0
-1.613287,-0.11064374,-0.81803143,-0.564614,0.79641068,-0.21665817,0
1.8894202,2.5145168,-0.039464235,0.8044787,0.58969998,0.071188092,0
-0.23761579,-1.3545257,0.25571191,0.564614,-0.79641068,0.21665817,0
-1.0151832,-0.33628535,0.8810547,-0.18445814,0.13410313,0.97364849,0
-0.12576759,-0.38872367,1.0567777,-0.18445814,0.13410313,0.97364849,0
1.9526536,2.3200471,0.85687661,0.8044787,0.58969998,0.071188092,0
1.5325322,1.3294102,-0.9198283,0.18445814,-0.13410313,-0.97364849,0
2.8962717,1.1781003,-0.34718204,0.8044787,0.58969998,0.071188092,0
-1.9082637,0.017798543,0.6630913,-0.18445814,0.13410313,0.97364849,0
-0.73792189,0.10828155,0.87235093,-0.18445814,0.13410313,0.97364849,0
-2.1903925,-2.0587571,-0.33469701,-0.8044787,-0.58969998,-0.071188092,0
1.8861549,2.4300632,0.69702244,0.8044787,0.58969998,0.071188092,0
2.8147836,1.3261107,-0.6523807,0.8044787,0.58969998,0.071188092,0
-1.2793146,-2.0023718,0.58898354,0.564614,-0.79641068,0.21665817,0
2.7155526,1.2619983,1.0000972,0.8044787,0.58969998,0.071188092,0
-2.0435677,-2.2425756,-0.47123241,-0.8044787,-0.58969998,-0.071188092,0
1.7813282,2.5615785,0.79220986,0.8044787,0.58969998,0.071188092,0
-2.6931465,-1.3430831,-0.58161974,-0.8044787,-0.58969998,-0.071188092,0
-0.58595324,-1.8095186,-0.50901759,0.564614,-0.79641068,0.21665817,0
-2.4437401,-1.8092906,0.46181846,-0.8044787,-0.58969998,-0.071188092,0
1.9022689,2.3973293,-0.76059222,-0.564614,0.79641068,-0.21665817,0
2.0001388,0.34433919,0.66892898,0.564614,-0.79641068,0.21665817,0
2.2127252,0.27236676,-0.14963591,0.564614,-0.79641068,0.21665817,0
2.644217,1.5302045,-0.41549492,0.8044787,0.58969998,0.071188092,0
-0.70196521,-0.034311116,0.89880264,-0.18445814,0.13410313,0.97364849,0
0.46499404,1.5136821,0.90667462,-0.18445814,0.13410313,0.97364849,0
-0.12525839,1.2405512,0.83246994,-0.18445814,0.13410313,0.97364849,0
-1.978004,-2.4640238,0.62225842,-0.8044787,-0.58969998,-0.071188092,0
-0.96318555,-1.9753735,-0.13560987,0.564614,-0.79641068,0.21665817,0
-2.8681564,-1.0556659,-0.98475432,-0.8044787,-0.58969998,-0.071188092,0
-1.6992404,-1.4189687,-1.1535487,0.18445814,-0.13410313,-0.97364849,0
2.780705,1.2834334,0.086260557,0.8044787,0.58969998,0.071188092,0
1.9049911,2.5056679,-0.14212584,0.8044787,0.58969998,0.071188092,0
-2.6520309,-1.3494782,-0.99328411,-0.8044787,-0.58969998,-0.071188092,0
-2.143795,-2.037641,-1.0362015,-0.8044787,-0.58969998,-0.071188092,0
1.605513,0.14469332,-0.74282813,0.18445814,-0.13410313,-0.97364849,0
1.3610976,1.11879,-0.92329776,0.18445814,-0.13410313,-0.97364849,0
0.79279423,-0.19268095,1.2037983,-0.18445814,0.13410313,0.97364849,0
2.8824422,1.0483668,0.88377428,0.8044787,0.58969998,0.071188092,0
1.9800189,2.3108573,0.62375522,0.8044787,0.58969998,0.071188092,0
2.6393654,1.4761631,0.086990118,0.8044787,0.58969998,0.071188092,0
-2.7508745,-1.1674159,-1.3844258,-0.8044787,-0.58969998,-0.071188092,0
-0.4666397,0.13305557,0.92033327,-0.18445814,0.13410313,0.97364849,0
0.62219512,0.36189267,1.0950954,-0.18445814,0.13410313,0.97364849,0
-2.1921296,-2.0755882,-0.17563891,-0.8044787,-0.58969998,-0.071188092,0
0.08001101,-0.19972534,1.0697315,-0.18445814,0.13410313,0.97364849,0
-2.093209,-2.2662778,0.28609753,-0.8044787,-0.58969998,-0.071188092,0
2.8115945,1.2685666,-0.13965917,0.8044787,0.58969998,0.071188092,0
0.48391199,-0.68033278,0.8536579,0.564614,-0.79641068,0.21665817,0
-0.50242257,-1.5419397,0.25688934,0.564614,-0.79641068,0.21665817,0
0.85385919,0.80516833,-0.97619843,0.18445814,-0.13410313,-0.97364849,0
0.70924544,1.0242759,-1.0337739,0.18445814,-0.13410313,-0.97364849,0
-1.7506489,-1.8111367,0.94485545,-0.18445814,0.13410313,0.97364849,0
1.3879901,0.7409966,-0.86616826,0.18445814,-0.13410313,-0.97364849,0
2.1567278,2.1671007,-0.1823535,0.8044787,0.58969998,0.071188092,0
2.6741605,0.94962251,-0.65123725,0.18445814,-0.13410313,-0.97364849,0
-0.13894236,1.3645757,0.76254606,-0.564614,0.79641068,-0.21665817,0
2.2526078,0.67056006,1.2101427,0.564614,-0.79641068,0.21665817,0
-2.1711481,-2.1055036,-0.16493583,-0.8044787,-0.58969998,-0.071188092,0
2.3359687,1.9985988,-0.81209636,0.8044787,0.58969998,0.071188092,0
0.8994475,-0.40338069,0.78881121,0.564614,-0.79641068,0.21665817,0
2.8328941,1.2552257,-0.26984549,0.8044787,0.58969998,0.071188092,0
-2.3548524,-1.8888891,0.11669064,-0.8044787,-0.58969998,-0.071188092,0
-1.6590924,-1.6418082,-1.1152503,0.18445814,-0.13410313,-0.97364849,0
-0.81084037,0.60972071,0.78947198,-0.18445814,0.13410313,0.97364849,0
2.2048345,2.1007409,-0.17628908,0.8044787,0.58969998,0.071188092,0
2.2725186,2.0704153,-0.68996644,0.8044787,0.58969998,0.071188092,0
-1.5832241,-1.3208787,0.90904987,-0.18445814,0.13410313,0.97364849,0
-2.0754204,-2.1286583,-1.0549297,-0.8044787,-0.58969998,-0.071188092,0
2.4582748,1.6047649,1.0681552,0.8044787,0.58969998,0.071188092,0
-2.3101754,-1.8014758,-1.1122988,-0.8044787,-0.58969998,-0.071188092,0
-2.4008183,-1.8834056,0.59071732,-0.8044787,-0.58969998,-0.071188092,0
-1.3442578,-0.46952283,0.83706272,-0.18445814,0.13410313,0.97364849,0
1.3138812,1.8748662,-1.0363789,0.18445814,-0.13410313,-0.97364849,0
2.8406835,0.80447018,0.16984749,0.564614,-0.79641068,0.21665817,0
-0.19181836,-1.5315018,-0.85246694,0.18445814,-0.13410313,-0.97364849,0
-0.63768446,-0.18899834,0.93228602,-0.18445814,0.13410313,0.97364849,0
-1.4976916,-2.2253687,0.33836627,0.564614,-0.79641068,0.21665817,0
-2.9143145,-1.1113453,-0.0018975735,-0.8044787,-0.58969998,-0.071188092,0
-2.1970816,-1.736213,-1.20417,0.18445814,-0.13410313,-0.97364849,0
-2.8841565,-1.0959597,-0.47015929,-0.8044787,-0.58969998,-0.071188092,0
3.0821733,0.93250889,-0.41360855,0.8044787,0.58969998,0.071188092,0
-1.2638998,0.26273394,-0.35604507,-0.564614,0.79641068,-0.21665817,0
-0.90225804,-0.25848702,0.89173323,-0.18445814,0.13410313,0.97364849,0
1.7057248,0.057142138,0.38047153,0.564614,-0.79641068,0.21665817,0
0.68524599,1.251487,-1.0696148,0.18445814,-0.13410313,-0.97364849,0
1.9276983,2.3550158,0.84922433,0.8044787,0.58969998,0.071188092,0
2.0978732,0.56999463,1.2437153,0.564614,-0.79641068,0.21665817,0
-2.2424726,-1.9284371,-0.82567954,-0.8044787,-0.58969998,-0.071188092,0
1.9482206,2.3951077,-0.88850999,-0.564614,0.79641068,-0.21665817,0
-2.5041127,-1.6643579,-0.056501389,-0.8044787,-0.58969998,-0.071188092,0
-2.4129043,-1.7900276,-0.046218157,-0.8044787,-0.58969998,-0.071188092,0
2.2035825,2.0615025,-0.89353037,0.18445814,-0.13410313,-0.97364849,0
-0.94910491,0.51202786,0.7767331,-0.18445814,0.13410313,0.97364849,0
-2.0253491,-2.4094024,0.70482874,-0.8044787,-0.58969998,-0.071188092,0
-2.9610801,-1.0184101,-0.24325871,-0.8044787,-0.58969998,-0.071188092,0
1.5001707,2.3735278,0.19978905,-0.564614,0.79641068,-0.21665817,0
1.551852,1.9412638,-1.0004404,0.18445814,-0.13410313,-0.97364849,0
-2.936868,-1.0509104,-0.24765229,-0.8044787,-0.58969998,-0.071188092,0
-2.0068691,-1.0688775,-1.260048,0.18445814,-0.13410313,-0.97364849,0
1.2299289,0.23699766,1.2274331,-0.18445814,0.13410313,0.97364849,0
-1.0970929,-0.82609349,0.93299973,-0.18445814,0.13410313,0.97364849,0
-0.55600011,0.69973373,-0.59447962,-0.564614,0.79641068,-0.21665817,0
2.5813303,1.5702529,-0.036578417,0.8044787,0.58969998,0.071188092,0
0.31565163,-0.84197301,0.69797534,0.564614,-0.79641068,0.21665817,0
-1.5178802,-2.3450346,-0.99164033,0.18445814,-0.13410313,-0.97364849,0
-2.3087895,-1.9781634,0.33567047,-0.8044787,-0.58969998,-0.071188092,0
-2.2610888,-2.0566068,0.446419,-0.8044787,-0.58969998,-0.071188092,0
2.1295738,2.1230295,0.48957992,0.8044787,0.58969998,0.071188092,0
2.5868759,1.6187655,-0.50111175,0.8044787,0.58969998,0.071188092,0
-0.52329123,-0.24448356,0.96160007,-0.18445814,0.13410313,0.97364849,0
1.9165443,2.4873106,-0.1206212,0.8044787,0.58969998,0.071188092,0
-1.4301596,0.34260809,0.37083793,-0.564614,0.79641068,-0.21665817,0
2.735172,1.384123,-0.23326445,0.8044787,0.58969998,0.071188092,0
-0.64051282,0.49884856,-1.1126693,-0.564614,0.79641068,-0.21665817,0
-0.53650308,-0.94387335,1.0554259,-0.18445814,0.13410313,0.97364849,0
-1.9642648,-1.5816985,0.87278461,-0.18445814,0.13410313,0.97364849,0
1.2901343,2.1224709,-0.17570972,-0.564614,0.79641068,-0.21665817,0
0.032403469,0.74031752,-1.1228915,0.18445814,-0.13410313,-0.97364849,0
2.5133162,1.5499988,0.89981246,0.8044787,0.58969998,0.071188092,0
-1.2656908,-0.9938761,0.92416775,-0.18445814,0.13410313,0.97364849,0
0.40133202,1.3265713,-0.78511584,-0.564614,0.79641068,-0.21665817,0
0.435821,-0.63030815,1.1628685,0.564614,-0.79641068,0.21665817,0
-2.0660989,-2.2047565,-0.52989173,-0.8044787,-0.58969998,-0.071188092,0
2.0714004,0.13861275,-0.27300727,0.564614,-0.79641068,0.21665817,0
0.027821392,1.259647,-0.057748854,-0.564614,0.79641068,-0.21665817,0
-2.8187699,-1.317507,0.62615442,-0.8044787,-0.58969998,-0.071188092,0
0.83239281,1.3782369,-1.0591952,0.18445814,-0.13410313,-0.97364849,0
1.8414009,0.66204107,1.2847346,-0.18445814,0.13410313,0.97364849,0
-0.054121196,1.3717339,0.82787883,-0.18445814,0.13410313,0.97364849,0
2.089468,2.177562,0.4910748,0.8044787,0.58969998,0.071188092,0
2.2510874,1.9290621,0.72314882,0.8044787,0.58969998,0.071188092,0
0.078605592,-0.94113725,0.95120394,0.564614,-0.79641068,0.21665817,0
-2.1192877,-2.1481926,-0.39737344,-0.8044787,-0.58969998,-0.071188092,0
1.7649318,1.5171831,1.1524664,-0.18445814,0.13410313,0.97364849,0
-0.82826036,0.55809975,0.79328156,-0.18445814,0.13410313,0.97364849,0
-0.98847365,0.54051661,0.76535082,-0.18445814,0.13410313,0.97364849,0
-0.21801054,0.44494879,-1.1296507,0.18445814,-0.13410313,-0.97364849,0
2.4556642,1.8182999,-0.67120337,0.8044787,0.58969998,0.071188092,0
-0.47785091,-0.23161462,0.96843618,-0.18445814,0.13410313,0.97364849,0
-1.7557203,-1.6121229,0.91648388,-0.18445814,0.13410313,0.97364849,0
2.9755535,1.0587919,-0.25481248,0.8044787,0.58969998,0.071188092,0
2.0163608,0.14618886,-0.10172355,0.564614,-0.79641068,0.21665817,0
-2.437675,-0.36845744,0.38264084,-0.564614,0.79641068,-0.21665817,0
-2.1347871,-2.0955117,-0.65861654,-0.8044787,-0.58969998,-0.071188092,0
1.4425619,1.0949872,-0.9045856,0.18445814,-0.13410313,-0.97364849,0
1.6041807,1.7839409,-0.96885824,0.18445814,-0.13410313,-0.97364849,0
-2.7808149,-0.99047077,-1.0095832,-0.564614,0.79641068,-0.21665817,0
-3.0626507,-0.97795093,0.56941319,-0.8044787,-0.58969998,-0.071188092,0
1.2394669,-0.2388016,0.50768995,0.564614,-0.79641068,0.21665817,0
-2.6718268,-1.4996819,0.47466993,-0.8044787,-0.58969998,-0.071188092,0
-0.20990251,1.0095685,-0.35749704,-0.564614,0.79641068,-0.21665817,0
1.7123104,1.2405962,-0.87353683,0.18445814,-0.13410313,-0.97364849,0
1.2592418,0.45209688,1.2033603,-0.18445814,0.13410313,0.97364849,0
2.7776146,1.1467341,1.2535629,0.8044787,0.58969998,0.071188092,0
-0.39252579,-1.2526358,1.0339457,0.564614,-0.79641068,0.21665817,0
-0.6652106,0.68677425,-0.35751331,-0.564614,0.79641068,-0.21665817,0
0.46907863,0.99846852,0.97841012,-0.18445814,0.13410313,0.97364849,0
0.14818004,1.4532273,0.34017503,-0.564614,0.79641068,-0.21665817,0
-2.6779239,-1.4097539,-0.20136952,-0.8044787,-0.58969998,-0.071188092,0
-2.3081267,-0.32858229,0.19161153,-0.564614,0.79641068,-0.21665817,0
1.0556722,-0.63529027,-0.47078586,0.564614,-0.79641068,0.21665817,0
-1.836086,-2.5502832,-0.2669723,-0.8044787,-0.58969998,-0.071188092,0
1.9284593,0.143749,0.11837995,0.564614,-0.79641068,0.21665817,0
1.2329848,0.50879067,-0.86355197,0.18445814,-0.13410313,-0.97364849,0
-2.1858795,-2.0585272,-0.38759995,-0.8044787,-0.58969998,-0.071188092,0
-1.5929774,-2.0799437,1.01175,-0.18445814,0.13410313,0.97364849,0
2.3470855,1.8676528,0.14699459,0.8044787,0.58969998,0.071188092,0
-2.950943,-1.1345677,0.60439992,-0.8044787,-0.58969998,-0.071188092,0
2.6508565,1.412313,0.48604941,0.8044787,0.58969998,0.071188092,0
2.3166096,1.8219389,0.87007761,0.8044787,0.58969998,0.071188092,0
0.89382243,0.45448917,-0.92032725,0.18445814,-0.13410313,-0.97364849,0
1.8079334,2.5782835,0.35317302,0.8044787,0.58969998,0.071188092,0
0.053584576,-1.049474,0.61817509,0.564614,-0.79641068,0.21665817,0
-1.8905375,-2.5068576,-0.011354208,-0.8044787,-0.58969998,-0.071188092,0
-0.12022521,-1.4389069,-0.3603853,0.564614,-0.79641068,0.21665817,0
-1.2326989,-0.18430495,0.81891388,-0.18445814,0.13410313,0.97364849,0
-2.2011251,-2.1601372,0.62639189,-0.8044787,-0.58969998,-0.071188092,0
0.78005379,1.8462481,0.92055762,-0.18445814,0.13410313,0.97364849,0
-1.3000445,0.512164,0.65502465,-0.564614,0.79641068,-0.21665817,0
-0.6758588,-1.896885,-0.59587216,0.564614,-0.79641068,0.21665817,0
2.6335044,1.4643588,0.25101185,0.8044787,0.58969998,0.071188092,0
2.304661,1.9519186,-0.071609735,0.8044787,0.58969998,0.071188092,0
-1.3190693,-2.3077021,-0.42977405,0.564614,-0.79641068,0.21665817,0
2.3675079,1.7314961,1.044088,0.8044787,0.58969998,0.071188092,0
1.1422799,1.6889019,1.0108533,-0.18445814,0.13410313,0.97364849,0
-2.1525831,-0.76032114,0.72397733,-0.18445814,0.13410313,0.97364849,0
-2.3224056,-1.6849726,-1.2349703,0.18445814,-0.13410313,-0.97364849,0
-2.6852086,-0.52942932,0.43600202,-0.564614,0.79641068,-0.21665817,0
-2.7142348,-0.69772285,-0.10698342,-0.564614,0.79641068,-0.21665817,0
-2.0103538,-0.27757442,0.68443286,-0.18445814,0.13410313,0.97364849,0
0.49217808,1.3586018,-0.90412164,-0.564614,0.79641068,-0.21665817,0
-1.600667,-2.0418832,-1.0490781,0.18445814,-0.13410313,-0.97364849,0
-0.22356021,-1.4218076,-0.0282377,0.564614,-0.79641068,0.21665817,0
-2.7067323,-1.352087,-0.35350657,-0.8044787,-0.58969998,-0.071188092,0
