2.0113387,0.029042423,0.42873228,0.93960702,-0.20899326,0.27103597,0
0.73440242,0.832403,0.75427902,-0.11398625,0.55561554,0.82358879,0
-2.041153,0.0018344522,-0.30156505,-0.93960702,0.20899326,-0.27103597,0
0.93572325,-1.2908413,-0.21385527,0.11398625,-0.55561554,-0.82358879,0
0.59869355,-1.1771842,-0.33717722,0.11398625,-0.55561554,-0.82358879,0
0.21858725,1.3023148,0.3658739,-0.11398625,0.55561554,0.82358879,0
0.27213496,-0.39649469,1.5193483,-0.11398625,0.55561554,0.82358879,0
0.8471241,0.16655564,1.2190788,-0.11398625,0.55561554,0.82358879,0
-0.36009437,-1.1699973,-0.4747237,0.11398625,-0.55561554,-0.82358879,0
0.068476021,-0.87489831,0.63830751,-0.3227163,-0.80474418,0.49823785,0
-0.2099787,0.50724751,-1.3237835,0.3227163,0.80474418,-0.49823785,0
-1.4666255,-0.41390878,-1.1379478,0.11398625,-0.55561554,-0.82358879,0
-0.94523078,-0.45392498,0.66166216,-0.3227163,-0.80474418,0.49823785,0
0.46150088,0.67685771,-0.61490476,0.3227163,0.80474418,-0.49823785,0
1.868361,-0.044752628,0.86749375,0.93960702,-0.20899326,0.27103597,0
0.77002364,-1.0271916,-0.41465384,0.11398625,-0.55561554,-0.82358879,0
0.57847106,0.11489084,1.2167511,-0.11398625,0.55561554,0.82358879,0
-1.4491024,-0.49609932,-1.0800745,0.11398625,-0.55561554,-0.82358879,0
-1.3310354,-1.1048999,-0.63967156,-0.3227163,-0.80474418,0.49823785,0
0.90472418,-0.8052789,-0.5457195,0.11398625,-0.55561554,-0.82358879,0
1.5880759,-0.20124924,-0.85863721,0.11398625,-0.55561554,-0.82358879,0
-0.74026537,0.31882307,-1.5317389,0.11398625,-0.55561554,-0.82358879,0
1.6858743,-0.77937418,-0.45508277,0.11398625,-0.55561554,-0.82358879,0
-1.0762515,-0.37642172,0.70197976,-0.3227163,-0.80474418,0.49823785,0
1.4452306,0.54649591,1.0455397,-0.11398625,0.55561554,0.82358879,0
-1.3735061,0.51796812,0.67466676,-0.11398625,0.55561554,0.82358879,0
-1.9170169,0.37825429,-0.44165683,-0.93960702,0.20899326,-0.27103597,0
-2.1085651,0.46435511,0.28877938,-0.93960702,0.20899326,-0.27103597,0
1.7564762,-0.27349031,-0.78659439,0.11398625,-0.55561554,-0.82358879,0
-1.577224,0.88801712,-1.2265518,-0.93960702,0.20899326,-0.27103597,0
1.9767523,-0.64394391,0.029700279,0.93960702,-0.20899326,0.27103597,0
-1.3276448,-0.18057214,-1.2761277,0.11398625,-0.55561554,-0.82358879,0
0.33971667,-0.83585948,0.87704909,-0.3227163,-0.80474418,0.49823785,0
-0.68215442,-0.13374132,1.2100122,-0.11398625,0.55561554,0.82358879,0
-1.2200485,1.6626248,-0.076310873,-0.11398625,0.55561554,0.82358879,0
0.0087968111,-0.20630291,-1.0738031,0.11398625,-0.55561554,-0.82358879,0
1.09654,-0.43740118,1.6610441,-0.11398625,0.55561554,0.82358879,0
-1.5035876,-0.85950929,-0.35508621,-0.3227163,-0.80474418,0.49823785,0
-1.8210433,-0.2146901,-1.2315848,-0.93960702,0.20899326,-0.27103597,0
2.0164423,-0.35784006,-0.69370991,0.11398625,-0.55561554,-0.82358879,0
0.20016563,1.3612734,0.32354924,-0.11398625,0.55561554,0.82358879,0
-1.3534434,0.59479082,-1.8027794,0.11398625,-0.55561554,-0.82358879,0
0.17803955,-0.12936094,1.3261095,-0.11398625,0.55561554,0.82358879,0
0.3898192,-1.2511725,0.23869574,-0.3227163,-0.80474418,0.49823785,0
0.58408445,0.61962438,0.87702101,-0.11398625,0.55561554,0.82358879,0
-0.41671711,1.3302274,0.25911605,-0.11398625,0.55561554,0.82358879,0
-0.20048472,-0.69982338,-0.76982558,0.11398625,-0.55561554,-0.82358879,0
0.22223866,-1.0482458,0.45791453,-0.3227163,-0.80474418,0.49823785,0
-1.935092,-0.45272523,-1.0197558,-0.93960702,0.20899326,-0.27103597,0
1.3633908,-1.7013789,0.14212823,-0.3227163,-0.80474418,0.49823785,0
1.5180836,-0.61602759,1.6413035,0.93960702,-0.20899326,0.27103597,0
-2.0394261,0.67065072,0.20816553,-0.93960702,0.20899326,-0.27103597,0
-1.5790132,0.3848184,-1.6083606,-0.93960702,0.20899326,-0.27103597,0
-0.74922061,1.3901314,0.17268389,-0.11398625,0.55561554,0.82358879,0
-2.0200562,0.71877205,0.17812204,-0.93960702,0.20899326,-0.27103597,0
0.87275839,-1.5333499,0.095735192,-0.3227163,-0.80474418,0.49823785,0
-2.0306578,-0.51488763,-0.73638833,-0.93960702,0.20899326,-0.27103597,0
0.076406732,-1.2020292,-0.3927016,0.11398625,-0.55561554,-0.82358879,0
-2.097883,0.39975643,0.20193648,-0.93960702,0.20899326,-0.27103597,0
0.89764714,-1.1243777,0.77241981,-0.3227163,-0.80474418,0.49823785,0
1.1999985,-1.0560081,1.078687,-0.3227163,-0.80474418,0.49823785,0
-1.0575736,0.25384474,0.89657736,-0.11398625,0.55561554,0.82358879,0
-1.3840656,1.4739091,0.028301597,-0.11398625,0.55561554,0.82358879,0
2.2624934,0.0081032515,-0.52853376,0.3227163,0.80474418,-0.49823785,0
-0.68091345,0.018624246,1.107394,-0.11398625,0.55561554,0.82358879,0
0.19333774,-0.13132656,-1.0988433,0.11398625,-0.55561554,-0.82358879,0
0.099429429,-0.65195,1.0184582,-0.3227163,-0.80474418,0.49823785,0
0.61099082,-0.21844429,1.4461291,-0.11398625,0.55561554,0.82358879,0
-2.0411603,-0.73403752,-0.50062066,-0.3227163,-0.80474418,0.49823785,0
-0.074875109,-0.81746686,-0.6730755,0.11398625,-0.55561554,-0.82358879,0
-1.2930677,1.0218847,-1.1940848,0.3227163,0.80474418,-0.49823785,0
1.8175697,-0.95788664,0.33946395,0.93960702,-0.20899326,0.27103597,0
-0.98202193,0.74388945,-1.4416282,0.3227163,0.80474418,-0.49823785,0
-0.97212338,-1.1042351,-0.60379481,0.11398625,-0.55561554,-0.82358879,0
-2.0571496,-0.17659885,-0.38369715,-0.93960702,0.20899326,-0.27103597,0
-1.5291303,-0.82900894,-0.32236701,-0.3227163,-0.80474418,0.49823785,0
1.4969492,-0.70792544,1.6437099,0.93960702,-0.20899326,0.27103597,0
-1.8919232,-0.91621995,-0.85793692,0.11398625,-0.55561554,-0.82358879,0
1.991681,-0.55480778,0.046678662,0.93960702,-0.20899326,0.27103597,0
0.51490295,1.2360505,0.32288203,0.3227163,0.80474418,-0.49823785,0
1.3160115,-0.41206908,1.6743298,-0.11398625,0.55561554,0.82358879,0
-1.1676127,0.30265921,0.84841609,-0.11398625,0.55561554,0.82358879,0
-0.27976045,0.79175377,0.64133996,-0.11398625,0.55561554,0.82358879,0
-0.28675264,-1.2315403,-0.16782069,-0.3227163,-0.80474418,0.49823785,0
1.8978173,-0.072261095,0.74416482,0.93960702,-0.20899326,0.27103597,0
-1.9757395,0.85303789,0.12801898,-0.93960702,0.20899326,-0.27103597,0
1.815042,0.77718204,0.94109529,-0.11398625,0.55561554,0.82358879,0
-1.7479694,1.5671636,-0.11094105,-0.93960702,0.20899326,-0.27103597,0
0.57708067,0.89040798,-0.19511962,0.3227163,0.80474418,-0.49823785,0
0.14617977,-0.70821965,-0.71618223,0.11398625,-0.55561554,-0.82358879,0
0.20859313,-0.73259896,0.95890272,-0.3227163,-0.80474418,0.49823785,0
1.2004222,-1.667057,0.076584935,0.11398625,-0.55561554,-0.82358879,0
0.2549752,0.9240768,-0.34937105,0.3227163,0.80474418,-0.49823785,0
0.35109338,-0.91415823,-0.54889005,0.11398625,-0.55561554,-0.82358879,0
-1.1731057,-0.54766166,-1.0070906,0.11398625,-0.55561554,-0.82358879,0
0.92840636,0.9532702,0.13397329,0.3227163,0.80474418,-0.49823785,0
1.7747049,-0.59713185,0.76623869,0.93960702,-0.20899326,0.27103597,0
-0.17880706,1.162956,0.40488899,-0.11398625,0.55561554,0.82358879,0
-1.8647578,-0.28706595,-1.1358472,-0.93960702,0.20899326,-0.27103597,0
0.31246042,0.43210474,-1.1067607,0.3227163,0.80474418,-0.49823785,0
-1.1785922,-0.25997725,-1.2019298,0.11398625,-0.55561554,-0.82358879,0
-1.0283871,1.4307601,-0.36223948,0.3227163,0.80474418,-0.49823785,0
1.7408758,-0.33051968,1.0890968,0.93960702,-0.20899326,0.27103597,0
-1.7569778,0.71533811,0.48844236,-0.11398625,0.55561554,0.82358879,0
0.070826769,0.11017954,-1.2787256,0.11398625,-0.55561554,-0.82358879,0
-1.5683405,0.080043316,0.94313735,-0.11398625,0.55561554,0.82358879,0
-0.060388416,-1.2699482,-0.083236873,-0.3227163,-0.80474418,0.49823785,0
-0.027926207,0.49888608,-1.2193705,0.3227163,0.80474418,-0.49823785,0
-2.1630168,0.13241017,0.22158873,-0.93960702,0.20899326,-0.27103597,0
1.9407674,0.40367579,0.96225929,0.93960702,-0.20899326,0.27103597,0
-0.25771171,1.1932564,0.37352702,-0.11398625,0.55561554,0.82358879,0
-1.4395953,-0.44244856,0.35999119,-0.3227163,-0.80474418,0.49823785,0
0.043490231,0.070970833,1.1723382,-0.11398625,0.55561554,0.82358879,0
1.4686399,-1.3435906,0.78819227,-0.3227163,-0.80474418,0.49823785,0
1.7061861,0.056633949,-0.8104766,0.3227163,0.80474418,-0.49823785,0
2.1050882,0.79548389,0.69472361,0.93960702,-0.20899326,0.27103597,0
-2.2039566,-0.31633097,0.068605185,-0.3227163,-0.80474418,0.49823785,0
-1.7142171,-0.28973061,0.42878157,-0.3227163,-0.80474418,0.49823785,0
-1.051976,-0.91165,-0.14678699,-0.3227163,-0.80474418,0.49823785,0
-1.5405101,0.46715948,-1.6783483,-0.93960702,0.20899326,-0.27103597,0
1.7988559,-0.15097797,-0.86337912,0.11398625,-0.55561554,-0.82358879,0
1.681891,-0.94478792,0.81992507,0.93960702,-0.20899326,0.27103597,0
1.8855202,-0.02795729,0.82095778,0.93960702,-0.20899326,0.27103597,0
-1.4935571,1.2962269,0.13301694,-0.11398625,0.55561554,0.82358879,0
-1.4893003,0.8447113,-1.5647525,-0.93960702,0.20899326,-0.27103597,0
-1.284386,1.0886801,0.30198324,-0.11398625,0.55561554,0.82358879,0
0.97882283,-0.72503352,-0.58959973,0.11398625,-0.55561554,-0.82358879,0
0.088692009,0.18125156,-1.3242002,0.11398625,-0.55561554,-0.82358879,0
-1.7845839,0.93595779,-0.47072542,-0.93960702,0.20899326,-0.27103597,0
1.7094932,-0.79856461,0.83698678,0.93960702,-0.20899326,0.27103597,0
0.16798174,1.0341878,-0.2278688,0.3227163,0.80474418,-0.49823785,0
1.8590577,-0.20460802,0.77648294,0.93960702,-0.20899326,0.27103597,0
-0.65088862,1.099638,-0.65254986,0.3227163,0.80474418,-0.49823785,0
2.2413487,0.069876909,-0.44245374,0.3227163,0.80474418,-0.49823785,0
-1.7867029,1.458725,-0.060278535,-0.93960702,0.20899326,-0.27103597,0
0.47761089,-1.0558697,-0.43577743,0.11398625,-0.55561554,-0.82358879,0
-1.3646771,1.0003071,0.35048974,-0.11398625,0.55561554,0.82358879,0
-1.3993895,1.6466208,-0.25388932,0.3227163,0.80474418,-0.49823785,0
1.7598563,-0.25545296,1.08118,0.93960702,-0.20899326,0.27103597,0
-2.0542936,-0.75726581,-0.54664516,-0.3227163,-0.80474418,0.49823785,0
0.96061897,1.1542176,0.56848294,-0.11398625,0.55561554,0.82358879,0
-0.81382233,-0.09337531,-1.2638391,0.11398625,-0.55561554,-0.82358879,0
1.2102239,0.77545893,0.85854971,-0.11398625,0.55561554,0.82358879,0
-1.6621574,0.13856325,-1.510008,-0.93960702,0.20899326,-0.27103597,0
0.87069821,-0.93818498,1.0556998,-0.3227163,-0.80474418,0.49823785,0
-1.502443,1.3209615,0.11510062,-0.11398625,0.55561554,0.82358879,0
1.5528553,-0.92806226,1.2801529,0.93960702,-0.20899326,0.27103597,0
-2.1736474,-0.12560821,0.059486628,-0.93960702,0.20899326,-0.27103597,0
-1.7508526,-0.059249081,-1.3550569,-0.93960702,0.20899326,-0.27103597,0
-0.81217086,1.2124454,-0.57481074,0.3227163,0.80474418,-0.49823785,0
-1.2084072,-0.63488722,-0.95313162,0.11398625,-0.55561554,-0.82358879,0
-2.0207169,0.62059122,0.10470617,-0.93960702,0.20899326,-0.27103597,0
0.36428684,-1.1984016,-0.35530567,0.11398625,-0.55561554,-0.82358879,0
-0.8912217,-0.89642376,-0.73279303,0.11398625,-0.55561554,-0.82358879,0
1.2316004,-0.2978583,1.5855974,-0.11398625,0.55561554,0.82358879,0
0.55140746,-1.2279887,-0.30944753,0.11398625,-0.55561554,-0.82358879,0
1.1742399,-0.26927257,-0.87002242,0.11398625,-0.55561554,-0.82358879,0
1.489037,0.624538,-0.033859611,0.3227163,0.80474418,-0.49823785,0
-0.88292277,-0.76544094,0.1988655,-0.3227163,-0.80474418,0.49823785,0
1.6334627,-1.72939,0.27181458,-0.3227163,-0.80474418,0.49823785,0
-0.6004734,-0.086065948,-1.2392423,0.11398625,-0.55561554,-0.82358879,0
1.0975667,0.12319851,-1.0971749,0.3227163,0.80474418,-0.49823785,0
1.2303629,0.41542244,1.1042273,-0.11398625,0.55561554,0.82358879,0
-1.3903614,0.59114295,-1.8054279,0.11398625,-0.55561554,-0.82358879,0
-0.75476539,0.88253909,-1.0704865,0.3227163,0.80474418,-0.49823785,0
-0.54348665,0.7502743,0.63282299,-0.11398625,0.55561554,0.82358879,0
-0.98314118,1.4680526,-0.27269864,0.3227163,0.80474418,-0.49823785,0
-1.7245438,1.2212094,-0.45891321,-0.93960702,0.20899326,-0.27103597,0
1.9011581,-0.92070037,0.078359962,0.93960702,-0.20899326,0.27103597,0
-1.2913973,-1.064411,-0.67484927,0.11398625,-0.55561554,-0.82358879,0
-1.7388291,1.4126194,-0.2617954,-0.93960702,0.20899326,-0.27103597,0
1.8628088,-0.31461382,-0.74413478,0.11398625,-0.55561554,-0.82358879,0
0.21890926,-0.23469257,-1.0255706,0.11398625,-0.55561554,-0.82358879,0
-0.40447298,-1.1497872,-0.11202388,-0.3227163,-0.80474418,0.49823785,0
1.2940922,0.95496428,0.74905801,-0.11398625,0.55561554,0.82358879,0
-0.36325955,-0.33074313,-1.0413456,0.11398625,-0.55561554,-0.82358879,0
-1.5545042,0.74556077,-1.4151621,-0.93960702,0.20899326,-0.27103597,0
-1.4732558,0.65830678,-1.7641084,-0.93960702,0.20899326,-0.27103597,0
0.082808077,1.2254906,0.025951564,0.3227163,0.80474418,-0.49823785,0
-0.20481397,-1.2345403,-0.40969011,0.11398625,-0.55561554,-0.82358879,0
-0.22460353,0.70440668,-1.0148085,0.3227163,0.80474418,-0.49823785,0
2.133513,-0.28602087,-0.23775494,0.93960702,-0.20899326,0.27103597,0
1.0653414,-0.62220085,1.6921444,-0.3227163,-0.80474418,0.49823785,0
-1.4595654,1.7104564,-0.18976021,0.3227163,0.80474418,-0.49823785,0
-2.2958961,0.15390813,0.69882143,-0.93960702,0.20899326,-0.27103597,0
-2.041661,0.061779022,-0.25358093,-0.93960702,0.20899326,-0.27103597,0
-0.13148624,1.2183362,0.37407726,-0.11398625,0.55561554,0.82358879,0
-0.39171311,0.91001332,0.54606444,-0.11398625,0.55561554,0.82358879,0
-1.038076,-0.81371474,-0.80891567,0.11398625,-0.55561554,-0.82358879,0
2.188606,0.0446769,-0.1737504,0.93960702,-0.20899326,0.27103597,0
0.64888489,1.080852,0.15899056,0.3227163,0.80474418,-0.49823785,0
-0.7457906,-0.57612628,0.59346539,-0.3227163,-0.80474418,0.49823785,0
-0.17048407,0.7325772,-0.93425399,0.3227163,0.80474418,-0.49823785,0
-0.28947431,0.96676421,-0.63307136,0.3227163,0.80474418,-0.49823785,0
-0.63534892,-0.95392388,-0.65858853,0.11398625,-0.55561554,-0.82358879,0
-1.8176175,0.76401943,-0.48878741,-0.93960702,0.20899326,-0.27103597,0
-1.905761,0.3356297,-0.51354516,-0.93960702,0.20899326,-0.27103597,0
1.949599,-0.8181029,-0.010459542,0.93960702,-0.20899326,0.27103597,0
-1.8088536,0.36483464,-0.82697666,-0.93960702,0.20899326,-0.27103597,0
-2.0926211,-0.48655039,-0.49972785,-0.93960702,0.20899326,-0.27103597,0
-1.7105573,-0.90986681,-0.57048017,-0.3227163,-0.80474418,0.49823785,0
0.97389692,-0.79908645,-0.54032338,0.11398625,-0.55561554,-0.82358879,0
1.6767008,-1.6579943,0.2879709,0.93960702,-0.20899326,0.27103597,0
0.43411556,-0.64337635,-0.72007638,0.11398625,-0.55561554,-0.82358879,0
0.78823531,-1.5744827,-0.04291594,0.11398625,-0.55561554,-0.82358879,0
1.8887018,-0.56160539,0.39843714,0.93960702,-0.20899326,0.27103597,0
1.4410958,-0.87920189,-0.42161417,0.11398625,-0.55561554,-0.82358879,0
2.1851587,0.082718432,-0.13246572,0.93960702,-0.20899326,0.27103597,0
1.7869434,0.74567163,0.35475165,0.3227163,0.80474418,-0.49823785,0
-1.780709,1.4965777,-0.051869512,-0.93960702,0.20899326,-0.27103597,0
1.7885611,-1.3063712,0.17131555,0.93960702,-0.20899326,0.27103597,0
0.026539147,-1.1799036,0.1185056,-0.3227163,-0.80474418,0.49823785,0
0.36387473,0.6489203,0.82677966,-0.11398625,0.55561554,0.82358879,0
-1.8737149,-0.24329871,-1.0710465,-0.93960702,0.20899326,-0.27103597,0
-1.4071629,-0.29106978,-1.2125885,0.11398625,-0.55561554,-0.82358879,0
2.122041,0.32531801,0.27341282,0.93960702,-0.20899326,0.27103597,0
-1.4787843,0.68722558,-1.7226434,-0.93960702,0.20899326,-0.27103597,0
1.781163,0.15166426,1.3212401,0.93960702,-0.20899326,0.27103597,0
1.6503651,-0.59208751,1.2011803,0.93960702,-0.20899326,0.27103597,0
-0.0015824437,0.18397331,1.0898657,-0.11398625,0.55561554,0.82358879,0
1.9138461,0.14564517,0.85662282,0.93960702,-0.20899326,0.27103597,0
-2.0159423,-0.75671303,-0.97387266,-0.93960702,0.20899326,-0.27103597,0
0.16320008,-1.1190176,0.30536485,-0.3227163,-0.80474418,0.49823785,0
1.808054,0.21767564,1.2789171,0.93960702,-0.20899326,0.27103597,0
-0.39486581,0.44748473,0.8576625,-0.11398625,0.55561554,0.82358879,0
-0.13976598,0.38705069,-1.4724451,0.3227163,0.80474418,-0.49823785,0
-0.89661181,-1.1792629,-0.54272795,0.11398625,-0.55561554,-0.82358879,0
2.0476661,0.56227565,0.71396625,0.93960702,-0.20899326,0.27103597,0
-2.0470052,-0.73558497,-0.84989393,-0.93960702,0.20899326,-0.27103597,0
-0.76252902,-1.028327,-0.14776216,-0.3227163,-0.80474418,0.49823785,0
-2.0495439,0.64308512,0.49669456,-0.11398625,0.55561554,0.82358879,0
1.9744515,-0.79954749,-0.082308412,0.93960702,-0.20899326,0.27103597,0
-0.51524216,-0.96727645,0.11101697,-0.3227163,-0.80474418,0.49823785,0
1.8877846,0.46612924,1.1610075,-0.11398625,0.55561554,0.82358879,0
-0.62798458,-1.0574846,-0.10771055,-0.3227163,-0.80474418,0.49823785,0
-1.6682775,0.79211915,-0.98484027,-0.93960702,0.20899326,-0.27103597,0
2.2021871,0.26244545,-0.052911758,0.93960702,-0.20899326,0.27103597,0
-0.3484143,0.65621459,-1.1728415,0.3227163,0.80474418,-0.49823785,0
1.8713795,-0.62255186,0.41149306,0.93960702,-0.20899326,0.27103597,0
0.38515654,-0.76526886,-0.64462048,0.11398625,-0.55561554,-0.82358879,0
2.0769732,0.73208094,0.74330175,0.93960702,-0.20899326,0.27103597,0
-0.61391658,0.24326801,0.96511567,-0.11398625,0.55561554,0.82358879,0
1.8792212,-0.057099313,0.82032359,0.93960702,-0.20899326,0.27103597,0
-0.63422674,-0.72390968,0.42703006,-0.3227163,-0.80474418,0.49823785,0
1.8076894,-0.40244433,0.80201185,0.93960702,-0.20899326,0.27103597,0
-0.72613281,-0.40639561,0.88034379,-0.3227163,-0.80474418,0.49823785,0
-0.3208442,-0.46025023,-0.94810617,0.11398625,-0.55561554,-0.82358879,0
0.70724887,0.74220186,-0.35018745,0.3227163,0.80474418,-0.49823785,0
-1.3309792,1.0427954,-1.1848661,0.3227163,0.80474418,-0.49823785,0
-0.36825478,0.25441062,0.99159867,-0.11398625,0.55561554,0.82358879,0
-0.026260018,0.96594167,-0.46391213,0.3227163,0.80474418,-0.49823785,0
0.77162474,1.0253271,0.62927878,-0.11398625,0.55561554,0.82358879,0
-1.1883353,0.46721506,0.7345342,-0.11398625,0.55561554,0.82358879,0
-2.1422713,0.19387603,0.19706547,-0.93960702,0.20899326,-0.27103597,0
-1.3519756,-1.0166889,-0.71542811,0.11398625,-0.55561554,-0.82358879,0
2.1607232,0.20414686,-0.27780569,0.3227163,0.80474418,-0.49823785,0
-1.5533,1.1925683,-1.074653,-0.93960702,0.20899326,-0.27103597,0
1.7313652,-1.6160346,0.1156472,0.11398625,-0.55561554,-0.82358879,0
-0.78833574,-0.69259781,0.37778571,-0.3227163,-0.80474418,0.49823785,0
1.0154302,0.44462109,-0.63122028,0.3227163,0.80474418,-0.49823785,0
2.0586104,-0.38832605,-0.056975603,0.93960702,-0.20899326,0.27103597,0
-0.96996057,0.50171989,-1.6869164,0.11398625,-0.55561554,-0.82358879,0
-1.7701089,0.59749973,-0.78188777,-0.93960702,0.20899326,-0.27103597,0
1.5585155,-1.0024571,1.2031655,0.93960702,-0.20899326,0.27103597,0
2.0739427,0.36848617,0.47344267,0.93960702,-0.20899326,0.27103597,0
1.6278014,-0.18768317,1.566105,-0.11398625,0.55561554,0.82358879,0
1.7424929,-1.5501099,0.07271266,0.11398625,-0.55561554,-0.82358879,0
-1.7205222,0.67822564,0.51852506,-0.11398625,0.55561554,0.82358879,0
0.07963562,-0.019492209,1.2383697,-0.11398625,0.55561554,0.82358879,0
1.153111,-0.46339989,1.686413,-0.11398625,0.55561554,0.82358879,0
0.067105412,-0.96583313,0.49054366,-0.3227163,-0.80474418,0.49823785,0
0.15987964,-1.1054708,-0.44628966,0.11398625,-0.55561554,-0.82358879,0
-0.87792128,-0.11621921,-1.2572994,0.11398625,-0.55561554,-0.82358879,0
-0.52311325,0.78463387,-1.0785764,0.3227163,0.80474418,-0.49823785,0
-1.1299887,1.3819553,-0.50687671,0.3227163,0.80474418,-0.49823785,0
-0.25654793,-0.71406174,-0.76797932,0.11398625,-0.55561554,-0.82358879,0
0.45881847,1.2662196,0.33528394,0.3227163,0.80474418,-0.49823785,0
-2.272912,0.1592598,0.62326819,-0.93960702,0.20899326,-0.27103597,0
-0.99260974,0.69368196,-1.5295802,0.3227163,0.80474418,-0.49823785,0
-1.4427838,-0.47780949,0.30081168,-0.3227163,-0.80474418,0.49823785,0
0.78942299,0.91287112,-0.021300275,0.3227163,0.80474418,-0.49823785,0
-2.2266943,0.10321569,0.41982996,-0.93960702,0.20899326,-0.27103597,0
1.9460828,-0.32975161,0.37829292,0.93960702,-0.20899326,0.27103597,0
1.8473926,-0.065823257,0.9239378,0.93960702,-0.20899326,0.27103597,0
-0.14194754,-1.1579754,-0.45264208,0.11398625,-0.55561554,-0.82358879,0
1.6984313,0.37735456,-0.29747778,0.3227163,0.80474418,-0.49823785,0
1.1930175,0.51987386,1.0285929,-0.11398625,0.55561554,0.82358879,0
-1.7038352,1.4681437,-0.34029579,-0.93960702,0.20899326,-0.27103597,0
1.5454823,-0.24952282,1.5964308,-0.11398625,0.55561554,0.82358879,0
0.14048623,-1.0776125,-0.46776778,0.11398625,-0.55561554,-0.82358879,0
-0.49070299,0.52887022,-1.4706882,0.3227163,0.80474418,-0.49823785,0
-1.8207037,0.28689954,-0.84599066,-0.93960702,0.20899326,-0.27103597,0
1.2502341,-1.0903209,1.0558038,-0.3227163,-0.80474418,0.49823785,0
-0.054816265,1.0744802,0.4817377,-0.11398625,0.55561554,0.82358879,0
0.31999803,-0.93558204,-0.53874052,0.11398625,-0.55561554,-0.82358879,0
2.0574934,0.82122099,0.87956768,0.93960702,-0.20899326,0.27103597,0
0.88165379,0.15253592,-1.1896397,0.3227163,0.80474418,-0.49823785,0
1.9558632,-0.19475055,0.44848561,0.93960702,-0.20899326,0.27103597,0
0.76663274,-1.3872453,0.2629813,-0.3227163,-0.80474418,0.49823785,0
2.0029747,0.6901443,0.96749616,0.93960702,-0.20899326,0.27103597,0
-1.6161475,0.31013459,-1.5372142,-0.93960702,0.20899326,-0.27103597,0
-2.0451427,0.1346609,-0.18531287,-0.93960702,0.20899326,-0.27103597,0
-1.7100813,-0.36656123,0.30736506,-0.3227163,-0.80474418,0.49823785,0
1.7274071,-1.0419104,-0.27222061,0.11398625,-0.55561554,-0.82358879,0
-1.5066621,0.92901635,-1.439556,-0.93960702,0.20899326,-0.27103597,0
-0.72251368,0.55767709,-1.5743072,0.3227163,0.80474418,-0.49823785,0
2.2487414,-0.0059535503,-0.42126298,0.93960702,-0.20899326,0.27103597,0
1.229845,0.61742812,0.96787703,-0.11398625,0.55561554,0.82358879,0
-1.8818649,-0.44307423,-1.1757419,0.11398625,-0.55561554,-0.82358879,0
0.94391727,-0.66183162,1.5494854,-0.3227163,-0.80474418,0.49823785,0
-2.1959748,-0.19006252,0.087190151,-0.93960702,0.20899326,-0.27103597,0
1.7566348,0.43486351,-0.16689104,0.3227163,0.80474418,-0.49823785,0
-0.082050592,-1.0527115,-0.5153662,0.11398625,-0.55561554,-0.82358879,0
2.0096815,0.62647277,0.89515007,0.93960702,-0.20899326,0.27103597,0
1.9919078,-0.13400841,-0.84810853,0.11398625,-0.55561554,-0.82358879,0
1.3821899,-0.98062599,1.3184508,-0.3227163,-0.80474418,0.49823785,0
1.7021456,-0.13615872,1.373234,0.93960702,-0.20899326,0.27103597,0
0.79386818,0.89331686,-0.050004691,0.3227163,0.80474418,-0.49823785,0
2.002804,0.43741935,-0.0033153296,0.3227163,0.80474418,-0.49823785,0
-2.2166326,0.16077447,0.4293319,-0.93960702,0.20899326,-0.27103597,0
1.7694888,0.66334271,0.2104699,0.3227163,0.80474418,-0.49823785,0
-0.84798086,-0.91550756,-0.020886913,-0.3227163,-0.80474418,0.49823785,0
0.47345281,0.74824607,-0.49185818,0.3227163,0.80474418,-0.49823785,0
-0.15321285,1.2389055,-0.10525548,0.3227163,0.80474418,-0.49823785,0
1.639209,-1.2333007,0.74542201,0.93960702,-0.20899326,0.27103597,0
-1.4609079,-0.018266257,-1.4040676,0.11398625,-0.55561554,-0.82358879,0
0.13859874,0.66043919,-0.85057217,0.3227163,0.80474418,-0.49823785,0
-1.0360236,0.83190525,-1.3344445,0.3227163,0.80474418,-0.49823785,0
0.90654296,0.10637009,-1.160491,0.11398625,-0.55561554,-0.82358879,0
1.1141511,-0.39740765,-0.79189539,0.11398625,-0.55561554,-0.82358879,0
-1.9740176,0.011801958,-0.5266192,-0.93960702,0.20899326,-0.27103597,0
0.36411583,-0.93000078,0.74079776,-0.3227163,-0.80474418,0.49823785,0
-1.0809031,-0.091610648,-1.301994,0.11398625,-0.55561554,-0.82358879,0
1.6958371,-1.4315881,-0.013702631,0.11398625,-0.55561554,-0.82358879,0
-1.4001,1.4181631,-0.62334991,0.3227163,0.80474418,-0.49823785,0
1.6168733,-0.80093318,1.1562485,0.93960702,-0.20899326,0.27103597,0
1.7474384,0.22806264,1.3021897,-0.11398625,0.55561554,0.82358879,0
-0.89395648,1.3930395,0.15069032,-0.11398625,0.55561554,0.82358879,0
-0.8622635,1.4337243,-0.24985087,0.3227163,0.80474418,-0.49823785,0
-1.8092246,1.3026352,-0.10256147,-0.93960702,0.20899326,-0.27103597,0
-0.65808642,1.042796,-0.74902195,0.3227163,0.80474418,-0.49823785,0
-2.149636,0.19065261,0.22011149,-0.93960702,0.20899326,-0.27103597,0
-0.70345229,-1.0610145,-0.16229366,-0.3227163,-0.80474418,0.49823785,0
2.0034246,0.026493907,0.45420253,0.93960702,-0.20899326,0.27103597,0
-0.47450832,1.1466641,-0.46234983,0.3227163,0.80474418,-0.49823785,0
-1.5700815,1.1013045,-1.0868486,-0.93960702,0.20899326,-0.27103597,0
-2.1032355,0.69451857,0.44778025,-0.93960702,0.20899326,-0.27103597,0
1.1729938,-1.5224702,0.3077749,-0.3227163,-0.80474418,0.49823785,0
1.2498947,0.14046073,-0.97062814,0.3227163,0.80474418,-0.49823785,0
0.21181291,0.9651556,-0.3109782,0.3227163,0.80474418,-0.49823785,0
2.0348785,0.8050335,0.94548541,0.93960702,-0.20899326,0.27103597,0
-1.7370725,0.22154924,-1.1863085,-0.93960702,0.20899326,-0.27103597,0
-1.5376809,1.018597,-1.262948,-0.93960702,0.20899326,-0.27103597,0
-1.9364038,-0.43415603,0.051594734,-0.3227163,-0.80474418,0.49823785,0
1.2839842,0.079606891,-1.0468378,0.3227163,0.80474418,-0.49823785,0
0.64037889,0.52718174,0.94717658,-0.11398625,0.55561554,0.82358879,0
-1.7392836,1.4476204,-0.0031261444,-0.11398625,0.55561554,0.82358879,0
-1.5066036,-1.0497162,-0.71454775,0.11398625,-0.55561554,-0.82358879,0
-1.8478718,0.026850164,-0.9523288,-0.93960702,0.20899326,-0.27103597,0
1.1614114,-1.5023608,-0.039922953,0.11398625,-0.55561554,-0.82358879,0
1.9210675,0.13207299,0.82112312,0.93960702,-0.20899326,0.27103597,0
1.8859788,-0.61994493,0.36289179,0.93960702,-0.20899326,0.27103597,0
-2.1432915,-0.499066,-0.3337177,-0.93960702,0.20899326,-0.27103597,0
2.1125906,0.76377088,0.64426172,0.93960702,-0.20899326,0.27103597,0
1.7275254,0.51257759,-0.060223281,0.3227163,0.80474418,-0.49823785,0
1.7914155,-0.71346927,0.61860108,0.93960702,-0.20899326,0.27103597,0
-0.94677293,0.95907491,0.43614483,-0.11398625,0.55561554,0.82358879,0
-1.2795638,-0.16951054,0.90449023,-0.3227163,-0.80474418,0.49823785,0
0.64707196,-1.4664719,-0.13532007,0.11398625,-0.55561554,-0.82358879,0
1.4010764,1.0085094,0.5293501,0.3227163,0.80474418,-0.49823785,0
-0.37403232,0.20466113,1.0243614,-0.11398625,0.55561554,0.82358879,0
-1.9059536,1.0825245,0.063045979,-0.93960702,0.20899326,-0.27103597,0
1.5327711,-0.48939076,1.6880354,0.93960702,-0.20899326,0.27103597,0
2.1624541,-0.1382674,-0.82163137,0.11398625,-0.55561554,-0.82358879,0
0.3160727,0.16619444,-1.2825723,0.11398625,-0.55561554,-0.82358879,0
1.526407,0.64657629,0.025941312,0.3227163,0.80474418,-0.49823785,0
2.1848915,0.26198697,0.0066933632,0.93960702,-0.20899326,0.27103597,0
-0.84913766,-0.87337571,0.04641439,-0.3227163,-0.80474418,0.49823785,0
-0.14189562,1.2750078,-0.039613426,0.3227163,0.80474418,-0.49823785,0
-1.0354971,-0.5531984,0.44285077,-0.3227163,-0.80474418,0.49823785,0
0.70611286,0.37799978,-0.93917537,0.3227163,0.80474418,-0.49823785,0
-1.2392808,0.86495554,0.45915675,-0.11398625,0.55561554,0.82358879,0
-1.9947566,-0.16459727,-0.59074235,-0.93960702,0.20899326,-0.27103597,0
1.810261,-0.88778692,0.418854,0.93960702,-0.20899326,0.27103597,0
-1.9800079,-0.23638839,-0.69722939,-0.93960702,0.20899326,-0.27103597,0
0.96939564,-0.45218545,1.6534209,-0.11398625,0.55561554,0.82358879,0
0.97161722,-0.00053499639,1.3490326,-0.11398625,0.55561554,0.82358879,0
-1.0054353,0.28144497,-1.5432227,0.11398625,-0.55561554,-0.82358879,0
1.8448329,0.32023144,1.2304946,0.93960702,-0.20899326,0.27103597,0
1.6186824,-0.93626302,1.0456251,0.93960702,-0.20899326,0.27103597,0
0.81054103,0.24523532,1.1609361,-0.11398625,0.55561554,0.82358879,0
1.7511487,-1.0901966,0.46770442,0.93960702,-0.20899326,0.27103597,0
-1.6000445,1.1964381,-0.90961957,-0.93960702,0.20899326,-0.27103597,0
1.6334299,-0.6409663,-0.55571496,0.11398625,-0.55561554,-0.82358879,0
-0.98943812,0.88224608,-1.2229607,0.3227163,0.80474418,-0.49823785,0
-1.8560722,-0.026219666,-0.9648211,-0.93960702,0.20899326,-0.27103597,0
1.8028073,-0.57209402,0.6881218,0.93960702,-0.20899326,0.27103597,0
-0.9278633,-0.35277182,0.83629191,-0.3227163,-0.80474418,0.49823785,0
1.4572043,-1.1385479,1.1119665,-0.3227163,-0.80474418,0.49823785,0
2.1090567,-0.51486027,-0.32942832,0.93960702,-0.20899326,0.27103597,0
-2.0903106,-0.038940907,-0.16259062,-0.93960702,0.20899326,-0.27103597,0
0.9577539,-1.1949492,-0.27549779,0.11398625,-0.55561554,-0.82358879,0
1.8242077,-0.18799874,0.91010487,0.93960702,-0.20899326,0.27103597,0
-0.91001558,-0.027624786,1.1068866,-0.11398625,0.55561554,0.82358879,0
2.1416359,0.50609672,0.34487903,0.93960702,-0.20899326,0.27103597,0
1.7274449,-1.4836674,0.24647713,0.93960702,-0.20899326,0.27103597,0
-0.31542829,-1.18733,-0.1149869,-0.3227163,-0.80474418,0.49823785,0
-1.2614168,-0.085971653,1.0511746,-0.3227163,-0.80474418,0.49823785,0
1.4566882,1.0223449,0.72610468,-0.11398625,0.55561554,0.82358879,0
0.3703239,1.2204697,0.4420895,-0.11398625,0.55561554,0.82358879,0
0.58337277,-1.0125263,0.74951982,-0.3227163,-0.80474418,0.49823785,0
1.423668,-0.87103289,1.5223293,-0.3227163,-0.80474418,0.49823785,0
-0.39440137,-0.89129615,0.31200916,-0.3227163,-0.80474418,0.49823785,0
-0.17909074,-0.78161424,0.62862539,-0.3227163,-0.80474418,0.49823785,0
0.32197553,0.88979667,-0.36134249,0.3227163,0.80474418,-0.49823785,0
0.73628867,0.97446072,0.043762088,0.3227163,0.80474418,-0.49823785,0
1.4094856,0.15438652,-0.84476602,0.3227163,0.80474418,-0.49823785,0
0.71734548,-1.5617912,-0.050866008,-0.3227163,-0.80474418,0.49823785,0
-2.0882754,0.25307012,0.055520535,-0.93960702,0.20899326,-0.27103597,0
1.8281682,-0.2884652,0.81890619,0.93960702,-0.20899326,0.27103597,0
-1.6051741,0.50841206,-1.4223661,-0.93960702,0.20899326,-0.27103597,0
1.9790031,0.61265409,0.2643041,0.3227163,0.80474418,-0.49823785,0
-0.82569647,-0.90354931,0.012861691,-0.3227163,-0.80474418,0.49823785,0
1.1680754,-0.97193664,1.1938004,-0.3227163,-0.80474418,0.49823785,0
1.7993619,-0.6404599,0.64734983,0.93960702,-0.20899326,0.27103597,0
-0.73787737,1.3039598,-0.37887704,0.3227163,0.80474418,-0.49823785,0
1.7307081,-1.0443686,0.57390344,0.93960702,-0.20899326,0.27103597,0
1.6961247,-1.1233983,0.63285589,0.93960702,-0.20899326,0.27103597,0
1.78563,-0.47853166,0.81981599,0.93960702,-0.20899326,0.27103597,0
-1.728766,0.83879536,0.40905941,-0.11398625,0.55561554,0.82358879,0
1.0313625,-0.44394583,1.6564386,-0.11398625,0.55561554,0.82358879,0
0.50287539,0.69504464,-0.55873072,0.3227163,0.80474418,-0.49823785,0
1.979048,0.41096255,0.83516979,0.93960702,-0.20899326,0.27103597,0
1.9398111,-0.26635516,0.44892001,0.93960702,-0.20899326,0.27103597,0
0.97101974,-0.6123873,1.6469016,-0.3227163,-0.80474418,0.49823785,0
2.0558841,0.22407961,0.42469656,0.93960702,-0.20899326,0.27103597,0
0.98482418,-1.3029253,0.54049909,-0.3227163,-0.80474418,0.49823785,0
-1.9551955,1.0679716,0.22311234,-0.11398625,0.55561554,0.82358879,0
1.9423679,-0.44294333,0.30389071,0.93960702,-0.20899326,0.27103597,0
1.6530342,-0.3973949,1.3420522,0.93960702,-0.20899326,0.27103597,0
1.5658207,0.42461294,1.1444551,-0.11398625,0.55561554,0.82358879,0
-2.0717871,-0.30154774,-0.42930007,-0.93960702,0.20899326,-0.27103597,0
-1.0784791,1.2383572,-0.7054503,0.3227163,0.80474418,-0.49823785,0
0.92811805,-0.85451984,-0.50926232,0.11398625,-0.55561554,-0.82358879,0
1.616369,-0.76961458,1.1821458,0.93960702,-0.20899326,0.27103597,0
-0.30368882,-0.95044661,0.27522653,-0.3227163,-0.80474418,0.49823785,0
1.3851714,0.89658242,0.33826599,0.3227163,0.80474418,-0.49823785,0
-0.34736437,-0.27802506,-1.0747106,0.11398625,-0.55561554,-0.82358879,0
1.6192448,0.59441519,1.0372961,-0.11398625,0.55561554,0.82358879,0
-1.2795218,0.79236042,0.50256187,-0.11398625,0.55561554,0.82358879,0
1.6081585,0.3174206,-0.45275298,0.3227163,0.80474418,-0.49823785,0
-2.3048558,0.1658839,0.73911721,-0.93960702,0.20899326,-0.27103597,0
1.6992018,-0.70427936,0.94536698,0.93960702,-0.20899326,0.27103597,0
-1.7539499,-0.4115783,-1.1792862,0.11398625,-0.55561554,-0.82358879,0
-1.5266998,0.7700069,-1.4927015,-0.93960702,0.20899326,-0.27103597,0
1.8008233,-0.52470535,0.73154068,0.93960702,-0.20899326,0.27103597,0
-0.19015098,0.89659464,-0.68207479,0.3227163,0.80474418,-0.49823785,0
1.7073367,-0.070422977,1.4059263,0.93960702,-0.20899326,0.27103597,0
0.53368914,0.086930335,1.229416,-0.11398625,0.55561554,0.82358879,0
-0.86583865,1.2007395,-0.62847888,0.3227163,0.80474418,-0.49823785,0
0.072850749,1.0074556,0.54462373,-0.11398625,0.55561554,0.82358879,0
-1.648349,1.0139921,-0.8828429,-0.93960702,0.20899326,-0.27103597,0
0.72780317,-1.2505208,0.45866561,-0.3227163,-0.80474418,0.49823785,0
-1.5506639,0.5864538,-1.5511607,-0.93960702,0.20899326,-0.27103597,0
-1.3018777,0.81880957,-1.5277942,0.3227163,0.80474418,-0.49823785,0
-0.31585312,-1.0669916,-0.53809118,0.11398625,-0.55561554,-0.82358879,0
1.241292,-1.0126848,1.1754085,-0.3227163,-0.80474418,0.49823785,0
2.1856689,0.045623302,-0.16283762,0.93960702,-0.20899326,0.27103597,0
0.17624611,-0.86126167,0.73013747,-0.3227163,-0.80474418,0.49823785,0
-1.1360252,-1.0366979,-0.40320203,-0.3227163,-0.80474418,0.49823785,0
-2.1287339,-0.018971682,0.59761721,-0.3227163,-0.80474418,0.49823785,0
1.2061892,-1.2041106,0.84348416,-0.3227163,-0.80474418,0.49823785,0
-1.3252878,-1.1037002,-0.63401091,-0.3227163,-0.80474418,0.49823785,0
-1.1968434,0.79104394,-1.504608,0.3227163,0.80474418,-0.49823785,0
-1.1520109,0.53847635,0.69148672,-0.11398625,0.55561554,0.82358879,0
-0.099662602,1.1478056,-0.217713,0.3227163,0.80474418,-0.49823785,0
-1.4668165,1.3768326,-0.73331976,0.3227163,0.80474418,-0.49823785,0
1.247478,-0.67081428,1.7315978,-0.3227163,-0.80474418,0.49823785,0
-0.31382453,0.090243459,1.1098835,-0.11398625,0.55561554,0.82358879,0
0.15717474,-1.2647665,0.066051543,-0.3227163,-0.80474418,0.49823785,0
1.7672952,-0.74809253,0.67552149,0.93960702,-0.20899326,0.27103597,0
1.1259036,-0.63249695,1.7147416,-0.3227163,-0.80474418,0.49823785,0
1.5434628,-0.54715675,1.6064272,0.93960702,-0.20899326,0.27103597,0
-1.7633029,-0.95250368,-0.67351043,-0.3227163,-0.80474418,0.49823785,0
-0.33735871,-1.1548456,-0.48179883,0.11398625,-0.55561554,-0.82358879,0
-1.2754748,-0.78795373,-0.85915112,0.11398625,-0.55561554,-0.82358879,0
1.3381206,0.62973911,0.97455734,-0.11398625,0.55561554,0.82358879,0
-2.1509602,0.24940979,0.2700094,-0.93960702,0.20899326,-0.27103597,0
-1.4180682,0.6030522,-1.8172969,0.11398625,-0.55561554,-0.82358879,0
-1.5020175,-0.6665473,-0.042400599,-0.3227163,-0.80474418,0.49823785,0
-0.24106938,-1.2901947,-0.23296867,-0.3227163,-0.80474418,0.49823785,0
2.0669813,-0.014870226,0.20197356,0.93960702,-0.20899326,0.27103597,0
-1.9652442,0.35452229,-0.29276609,-0.93960702,0.20899326,-0.27103597,0
0.94385302,0.37294829,-0.79334641,0.3227163,0.80474418,-0.49823785,0
-2.1791744,0.088879824,0.24403679,-0.93960702,0.20899326,-0.27103597,0
2.0305605,0.18272901,-0.39670795,0.3227163,0.80474418,-0.49823785,0
2.048871,0.28572702,0.49654448,0.93960702,-0.20899326,0.27103597,0
1.3803282,-1.0022686,-0.34700036,0.11398625,-0.55561554,-0.82358879,0
1.4248708,1.0212594,0.56535578,0.3227163,0.80474418,-0.49823785,0
-0.70579457,0.43578821,-1.6058762,0.11398625,-0.55561554,-0.82358879,0
-1.23891,-0.50000012,0.3970218,-0.3227163,-0.80474418,0.49823785,0
-1.7176398,1.2602952,0.12624407,-0.11398625,0.55561554,0.82358879,0
-1.725908,0.69564056,-0.8594451,-0.93960702,0.20899326,-0.27103597,0
1.9420029,0.008725822,0.65343392,0.93960702,-0.20899326,0.27103597,0
1.349106,0.77007741,0.11057729,0.3227163,0.80474418,-0.49823785,0
-1.2690134,0.79769707,-1.540608,0.3227163,0.80474418,-0.49823785,0
-1.7589126,1.352423,-0.23858833,-0.93960702,0.20899326,-0.27103597,0
-1.9411912,-0.10005972,-0.72667432,-0.93960702,0.20899326,-0.27103597,0
2.0325878,-0.50767088,-0.058787823,0.93960702,-0.20899326,0.27103597,0
-1.5085578,0.80549026,-1.5282345,-0.93960702,0.20899326,-0.27103597,0
1.7928725,-0.17031696,1.0323696,0.93960702,-0.20899326,0.27103597,0
0.23443145,0.78276426,-0.59092295,0.3227163,0.80474418,-0.49823785,0
-0.78189039,0.37848085,-1.5777469,0.11398625,-0.55561554,-0.82358879,0
1.4796795,1.0207306,0.73037577,-0.11398625,0.55561554,0.82358879,0
-0.26127416,-0.64412302,0.79746711,-0.3227163,-0.80474418,0.49823785,0
1.5854807,-0.83830893,1.2362578,0.93960702,-0.20899326,0.27103597,0
1.8761866,-0.41607362,0.55404198,0.93960702,-0.20899326,0.27103597,0
1.1712259,0.35939342,1.1338414,-0.11398625,0.55561554,0.82358879,0
-0.24808946,0.51193374,0.83449763,-0.11398625,0.55561554,0.82358879,0
-0.5029366,-1.0990914,-0.093917646,-0.3227163,-0.80474418,0.49823785,0
1.1270143,-0.39733031,1.638229,-0.11398625,0.55561554,0.82358879,0
-1.9724811,-0.054351985,-0.58295608,-0.93960702,0.20899326,-0.27103597,0
-1.8053182,0.22672758,-0.94572604,-0.93960702,0.20899326,-0.27103597,0
-1.0396024,-0.81850237,-0.805897,0.11398625,-0.55561554,-0.82358879,0
1.8498216,0.49969792,-0.0018131733,0.3227163,0.80474418,-0.49823785,0
2.0829992,-0.71803129,-0.39575732,0.93960702,-0.20899326,0.27103597,0
0.37779301,-0.062504113,-1.1197438,0.11398625,-0.55561554,-0.82358879,0
-1.5472753,0.51886851,-1.6150223,-0.93960702,0.20899326,-0.27103597,0
-0.15719995,-1.1684892,0.017931491,-0.3227163,-0.80474418,0.49823785,0
0.41160375,-0.71257079,1.122745,-0.3227163,-0.80474418,0.49823785,0
1.7863754,-0.10550529,1.1048691,0.93960702,-0.20899326,0.27103597,0
2.2709053,-0.064522386,-0.54326093,0.93960702,-0.20899326,0.27103597,0
1.0258962,0.039517283,-1.0988715,0.11398625,-0.55561554,-0.82358879,0
1.0270832,-0.35694629,1.5971541,-0.11398625,0.55561554,0.82358879,0
-0.61286736,-1.1251839,-0.20726566,-0.3227163,-0.80474418,0.49823785,0
-1.4765677,0.10684542,-1.4906387,0.11398625,-0.55561554,-0.82358879,0
1.5893105,0.9482944,0.55401421,0.3227163,0.80474418,-0.49823785,0
1.9133409,0.041304737,0.77791822,0.93960702,-0.20899326,0.27103597,0
1.3046106,-1.4898593,0.44569755,-0.3227163,-0.80474418,0.49823785,0
0.96828794,0.37537941,-0.77359295,0.3227163,0.80474418,-0.49823785,0
-1.7737741,-0.27125794,0.42004216,-0.3227163,-0.80474418,0.49823785,0
-1.0744445,0.65246212,-1.6491635,0.3227163,0.80474418,-0.49823785,0
-1.4074515,1.4921584,-0.50859594,0.3227163,0.80474418,-0.49823785,0
-1.1291387,1.2787116,0.19526935,-0.11398625,0.55561554,0.82358879,0
1.614727,-1.3829364,0.71491122,0.93960702,-0.20899326,0.27103597,0
1.5578108,-0.38924077,1.678454,0.93960702,-0.20899326,0.27103597,0
1.8433774,0.30325639,-0.32327586,0.3227163,0.80474418,-0.49823785,0
-0.31546354,-0.22060442,1.3193632,-0.11398625,0.55561554,0.82358879,0
1.1324047,-0.2833668,-0.86630422,0.11398625,-0.55561554,-0.82358879,0
1.4937881,-0.61879069,1.7233992,0.93960702,-0.20899326,0.27103597,0
-2.203572,-0.13662291,0.1547339,-0.93960702,0.20899326,-0.27103597,0
1.1553085,-0.15093046,-0.95247936,0.11398625,-0.55561554,-0.82358879,0
-1.683038,0.90725303,-0.84489083,-0.93960702,0.20899326,-0.27103597,0
-1.8883761,0.031848639,-0.80805683,-0.93960702,0.20899326,-0.27103597,0
-0.35398376,0.21989119,-1.4115347,0.11398625,-0.55561554,-0.82358879,0
0.2126531,1.1021709,-0.089129448,0.3227163,0.80474418,-0.49823785,0
0.88590169,-0.88447827,1.1522934,-0.3227163,-0.80474418,0.49823785,0
1.4567664,-0.92342341,-0.38961208,0.11398625,-0.55561554,-0.82358879,0
0.97284955,0.069551826,-1.1264755,0.11398625,-0.55561554,-0.82358879,0
1.1429899,0.50045598,-0.45841449,0.3227163,0.80474418,-0.49823785,0
-1.9647639,0.64506918,-0.070392728,-0.93960702,0.20899326,-0.27103597,0
-1.8038443,0.81617397,-0.49631906,-0.93960702,0.20899326,-0.27103597,0
2.1946447,0.24953926,-0.03671658,0.93960702,-0.20899326,0.27103597,0
1.688012,-0.32613283,1.275744,0.93960702,-0.20899326,0.27103597,0
1.1816685,-0.15467495,-0.94630498,0.11398625,-0.55561554,-0.82358879,0
-1.7303467,0.75377858,-0.79922807,-0.93960702,0.20899326,-0.27103597,0
-1.7517073,0.16015217,-1.1829163,-0.93960702,0.20899326,-0.27103597,0
-2.0190017,0.26722258,-0.17371845,-0.93960702,0.20899326,-0.27103597,0
0.26410061,0.64749134,0.8139348,-0.11398625,0.55561554,0.82358879,0
2.0611348,0.52185041,0.170838,0.3227163,0.80474418,-0.49823785,0
-0.60223907,-0.69169509,0.49978143,-0.3227163,-0.80474418,0.49823785,0
-1.1401232,0.75834429,-1.5206856,0.3227163,0.80474418,-0.49823785,0
-1.3487214,1.1400814,-1.0392236,0.3227163,0.80474418,-0.49823785,0
-0.71879786,0.30778146,0.90707743,-0.11398625,0.55561554,0.82358879,0
-1.8963604,-0.060300946,-0.85143292,-0.93960702,0.20899326,-0.27103597,0
1.8177445,0.63701403,1.0360305,-0.11398625,0.55561554,0.82358879,0
