2.6144967,4.1630344,-1.5547724,0.8587935,-0.25282431,0.44559348,0
-0.48439837,-4.4659348,-0.95895267,-0.063232988,-0.91541052,-0.3975237,0
0.35071898,4.4093437,1.1105325,0.063232988,0.91541052,0.3975237,0
-0.36269593,-4.2773647,-0.60580039,0.8587935,-0.25282431,0.44559348,0
-1.323339,3.1226549,4.3397856,0.063232988,0.91541052,0.3975237,0
-1.6580393,-3.1185739,2.5482013,0.8587935,-0.25282431,0.44559348,0
0.64199716,-3.8388574,-2.5821471,-0.063232988,-0.91541052,-0.3975237,0
2.20328,0.051806331,-3.5699899,0.50840461,0.31321454,-0.80213547,0
0.48866999,-3.1549828,-3.854012,-0.8587935,0.25282431,-0.44559348,0
-2.3781629,-2.700073,2.4250627,-0.50840461,-0.31321454,0.80213547,0
-2.294889,-2.8503845,2.4191499,-0.50840461,-0.31321454,0.80213547,0
1.0670929,2.5575671,-1.7275773,-0.8587935,0.25282431,-0.44559348,0
-1.4652514,-5.0227542,0.47930312,-0.063232988,-0.91541052,-0.3975237,0
1.6873305,1.7933309,-1.1123836,0.8587935,-0.25282431,0.44559348,0
-0.70234829,1.9156617,1.318462,-0.8587935,0.25282431,-0.44559348,0
1.6278424,2.7036791,-0.48121142,0.8587935,-0.25282431,0.44559348,0
0.62984252,-0.67668688,-0.4757421,0.8587935,-0.25282431,0.44559348,0
-1.4999241,-0.31887341,3.8319817,0.8587935,-0.25282431,0.44559348,0
1.7385436,0.66929805,-3.6234307,0.50840461,0.31321454,-0.80213547,0
-0.85458946,-3.2889113,0.90306377,0.8587935,-0.25282431,0.44559348,0
-1.9235294,2.1370738,3.7976742,-0.8587935,0.25282431,-0.44559348,0
-2.1770868,0.57788318,3.8324702,-0.50840461,-0.31321454,0.80213547,0
-2.0346439,1.8992227,4.438704,-0.50840461,-0.31321454,0.80213547,0
-0.38462949,-4.0528412,-1.9260855,-0.063232988,-0.91541052,-0.3975237,0
-0.12845963,3.5224936,3.2289777,0.063232988,0.91541052,0.3975237,0
0.39298677,4.4360771,1.042248,0.063232988,0.91541052,0.3975237,0
-1.5406106,-4.9863229,0.40739703,-0.063232988,-0.91541052,-0.3975237,0
0.99830747,0.12916267,-2.9728546,-0.8587935,0.25282431,-0.44559348,0
2.309453,5.1163034,-0.82901192,0.063232988,0.91541052,0.3975237,0
2.4042339,0.35323298,-3.3249228,0.50840461,0.31321454,-0.80213547,0
-0.68859673,-4.3787422,-1.1272566,-0.063232988,-0.91541052,-0.3975237,0
-1.2052851,3.0409412,4.5091763,0.063232988,0.91541052,0.3975237,0
-0.79375327,-3.6926093,-1.687438,-0.8587935,0.25282431,-0.44559348,0
-1.2551095,3.2132707,4.1202641,0.063232988,0.91541052,0.3975237,0
-0.85110283,-4.1866679,-1.5437119,-0.063232988,-0.91541052,-0.3975237,0
0.35788128,-0.52977049,0.13176811,0.8587935,-0.25282431,0.44559348,0
-1.1771324,-4.575048,-0.59749722,-0.063232988,-0.91541052,-0.3975237,0
-2.0734119,-1.349999,3.1453891,-0.50840461,-0.31321454,0.80213547,0
-0.90023547,-0.81637698,0.14972484,-0.8587935,0.25282431,-0.44559348,0
0.2351867,-0.068526685,-1.6142561,-0.8587935,0.25282431,-0.44559348,0
-1.551774,1.3054725,4.5129085,-0.50840461,-0.31321454,0.80213547,0
-0.19093335,3.5196862,1.2429144,-0.8587935,0.25282431,-0.44559348,0
1.91443,0.32737422,-3.6454644,0.50840461,0.31321454,-0.80213547,0
-2.0230193,-1.0992264,3.2752495,-0.50840461,-0.31321454,0.80213547,0
-1.7935348,2.878449,3.9677825,-0.8587935,0.25282431,-0.44559348,0
1.7753026,0.8599782,-3.5256763,0.50840461,0.31321454,-0.80213547,0
-0.96176034,3.5471601,3.3047266,0.063232988,0.91541052,0.3975237,0
-1.8192368,-3.0984938,2.623744,-0.50840461,-0.31321454,0.80213547,0
-1.0030696,-4.4183211,-0.98609161,-0.063232988,-0.91541052,-0.3975237,0
-2.3669944,-2.3493528,2.5690889,-0.50840461,-0.31321454,0.80213547,0
0.81251574,4.4521775,0.93843937,0.063232988,0.91541052,0.3975237,0
1.9915091,-3.0997014,-4.4989266,-0.063232988,-0.91541052,-0.3975237,0
2.0108578,1.8797786,-2.9781704,0.50840461,0.31321454,-0.80213547,0
-1.7343044,-4.0394406,-0.071498394,-0.8587935,0.25282431,-0.44559348,0
0.38707924,3.9281414,2.2128534,0.063232988,0.91541052,0.3975237,0
-0.52068305,-3.9219601,-2.2058358,-0.063232988,-0.91541052,-0.3975237,0
-1.2059804,2.9546955,4.7078915,0.063232988,0.91541052,0.3975237,0
-0.67829329,3.3656821,3.6775408,0.063232988,0.91541052,0.3975237,0
1.1237597,2.320858,-1.9710978,-0.8587935,0.25282431,-0.44559348,0
1.4542843,-3.086483,-4.4439101,-0.063232988,-0.91541052,-0.3975237,0
-0.2238152,-3.8200493,-0.61399055,0.8587935,-0.25282431,0.44559348,0
1.5998738,-2.4942343,-4.9466047,0.50840461,0.31321454,-0.80213547,0
1.3154912,2.1042125,-2.4635439,-0.8587935,0.25282431,-0.44559348,0
-1.8429842,1.6605657,4.4669905,-0.50840461,-0.31321454,0.80213547,0
0.97615099,4.3966856,1.0401959,0.063232988,0.91541052,0.3975237,0
-2.0120687,1.6350883,4.349874,-0.50840461,-0.31321454,0.80213547,0
-1.2055738,3.5229187,3.3993325,0.063232988,0.91541052,0.3975237,0
-2.2332456,-4.2940655,1.8944973,-0.50840461,-0.31321454,0.80213547,0
-1.9933957,3.0999961,4.4985476,0.063232988,0.91541052,0.3975237,0
2.4523778,4.5618653,-1.6510389,0.50840461,0.31321454,-0.80213547,0
1.0064697,-0.51864576,-3.3561442,-0.8587935,0.25282431,-0.44559348,0
2.1290278,-2.9784713,-4.6711302,0.8587935,-0.25282431,0.44559348,0
-1.7991129,2.5852036,3.8121495,-0.8587935,0.25282431,-0.44559348,0
0.73524141,0.29805124,-2.3700211,-0.8587935,0.25282431,-0.44559348,0
-2.3362007,-4.8568487,1.6094899,-0.50840461,-0.31321454,0.80213547,0
2.1828041,3.4260087,-2.2654235,0.50840461,0.31321454,-0.80213547,0
2.412746,5.2116632,-1.4224277,0.50840461,0.31321454,-0.80213547,0
2.0670924,1.0100788,-3.2821255,0.50840461,0.31321454,-0.80213547,0
0.80253875,1.0109916,-2.0952098,-0.8587935,0.25282431,-0.44559348,0
1.3113325,4.9856186,-0.36930466,0.063232988,0.91541052,0.3975237,0
-0.3579382,0.80087465,2.2663608,0.8587935,-0.25282431,0.44559348,0
0.91473734,-3.2506287,-3.9800949,-0.063232988,-0.91541052,-0.3975237,0
0.2481842,1.8976011,1.7204487,0.8587935,-0.25282431,0.44559348,0
0.95401388,0.72350287,-0.306068,0.8587935,-0.25282431,0.44559348,0
-2.3956048,-4.2735858,1.7995886,-0.50840461,-0.31321454,0.80213547,0
-1.565213,-0.30603635,3.8751349,-0.50840461,-0.31321454,0.80213547,0
-1.7279937,-4.5510387,-0.37393618,-0.8587935,0.25282431,-0.44559348,0
-0.20136762,3.7817581,2.6435452,0.063232988,0.91541052,0.3975237,0
-2.2797804,-3.2670586,2.2660246,-0.50840461,-0.31321454,0.80213547,0
-2.5935025,-4.7251382,1.4978383,-0.50840461,-0.31321454,0.80213547,0
-2.4815521,-2.331337,2.3378308,-0.8587935,0.25282431,-0.44559348,0
-2.1942456,-3.9070349,2.0703425,-0.50840461,-0.31321454,0.80213547,0
-2.354368,-0.34976619,3.357882,-0.50840461,-0.31321454,0.80213547,0
-1.326956,-2.6680193,-0.078454494,-0.8587935,0.25282431,-0.44559348,0
2.5723073,4.3795958,-1.646198,0.50840461,0.31321454,-0.80213547,0
2.7039146,4.6778259,-1.4463317,0.50840461,0.31321454,-0.80213547,0
0.82546419,-2.4034128,-1.8324877,0.8587935,-0.25282431,0.44559348,0
-0.7213378,3.5392194,3.2847691,0.063232988,0.91541052,0.3975237,0
-1.1975076,-2.9281645,-0.47554398,-0.8587935,0.25282431,-0.44559348,0
1.2047305,-2.5113153,-4.8688688,-0.8587935,0.25282431,-0.44559348,0
0.15782845,3.6930118,2.7907724,0.063232988,0.91541052,0.3975237,0
-0.56676507,0.26793438,0.12225154,-0.8587935,0.25282431,-0.44559348,0
-1.4114697,-4.8402719,0.050532103,-0.063232988,-0.91541052,-0.3975237,0
0.70886827,3.0756607,-0.74321008,-0.8587935,0.25282431,-0.44559348,0
1.98649,4.7696795,-1.8651785,0.50840461,0.31321454,-0.80213547,0
2.6600676,4.6137486,-1.4991431,0.50840461,0.31321454,-0.80213547,0
1.848783,5.1329527,-0.79407454,0.063232988,0.91541052,0.3975237,0
0.79221439,3.4601433,-0.68569291,-0.8587935,0.25282431,-0.44559348,0
-1.7940621,-5.2962799,1.1614761,-0.063232988,-0.91541052,-0.3975237,0
0.72488153,-2.7006285,-1.8072709,0.8587935,-0.25282431,0.44559348,0
-0.58010638,-0.54817277,1.9291127,0.8587935,-0.25282431,0.44559348,0
-1.8272707,-4.688529,-0.23275924,-0.063232988,-0.91541052,-0.3975237,0
-2.0974195,-3.7280531,2.2016001,-0.50840461,-0.31321454,0.80213547,0
-1.6904249,2.84635,3.7508454,-0.8587935,0.25282431,-0.44559348,0
-1.5288376,0.90454805,4.3708944,-0.50840461,-0.31321454,0.80213547,0
-2.2362664,1.533354,4.1680493,-0.50840461,-0.31321454,0.80213547,0
-2.11204,0.63997859,3.8979445,-0.50840461,-0.31321454,0.80213547,0
1.8428254,1.1156255,-3.3830554,0.50840461,0.31321454,-0.80213547,0
2.2914422,1.5061674,-2.9462185,0.50840461,0.31321454,-0.80213547,0
1.7041154,-3.1594815,-4.3155503,-0.063232988,-0.91541052,-0.3975237,0
0.96002483,4.4642982,0.88706398,0.063232988,0.91541052,0.3975237,0
-0.67910206,-4.2587414,-1.4051025,-0.063232988,-0.91541052,-0.3975237,0
1.6966963,4.6064267,0.44259262,0.063232988,0.91541052,0.3975237,0
0.11771512,-4.1544046,-1.7721138,-0.063232988,-0.91541052,-0.3975237,0
-1.7375519,-5.2238817,0.98577118,-0.063232988,-0.91541052,-0.3975237,0
0.25854564,-4.0325279,-2.0751717,-0.063232988,-0.91541052,-0.3975237,0
-2.196137,2.3410265,4.5088611,-0.50840461,-0.31321454,0.80213547,0
-2.3337324,-0.082178473,3.4754477,-0.50840461,-0.31321454,0.80213547,0
2.0395501,4.231029,-2.0418792,0.50840461,0.31321454,-0.80213547,0
-2.0553195,1.0382947,4.0894275,-0.50840461,-0.31321454,0.80213547,0
1.7101684,4.9340234,-0.31393456,0.063232988,0.91541052,0.3975237,0
-0.63903964,-4.0643578,-1.8590987,-0.063232988,-0.91541052,-0.3975237,0
-1.0321087,-0.28977847,2.9468679,0.8587935,-0.25282431,0.44559348,0
1.9643195,-3.0341716,-4.6455016,-0.063232988,-0.91541052,-0.3975237,0
-2.4258676,-3.6410844,2.0273843,-0.50840461,-0.31321454,0.80213547,0
-0.67333341,3.7393842,2.8161974,0.063232988,0.91541052,0.3975237,0
0.92430925,4.6992364,0.35173368,0.063232988,0.91541052,0.3975237,0
1.8131136,2.0854967,-1.1890342,0.8587935,-0.25282431,0.44559348,0
-0.88580322,-0.94086993,0.051273942,-0.8587935,0.25282431,-0.44559348,0
-2.2807796,-4.4944868,1.7861098,-0.50840461,-0.31321454,0.80213547,0
-2.0517166,2.4432905,4.6403284,-0.50840461,-0.31321454,0.80213547,0
-2.0814476,-1.8631473,2.9399242,-0.50840461,-0.31321454,0.80213547,0
0.95746315,1.4013772,-2.172296,-0.8587935,0.25282431,-0.44559348,0
-1.7537717,-0.49114546,1.97928,-0.8587935,0.25282431,-0.44559348,0
1.7852508,-0.48538756,-4.044704,0.50840461,0.31321454,-0.80213547,0
-1.8482063,-0.41837549,3.6519041,-0.50840461,-0.31321454,0.80213547,0
-0.7136966,-2.3039823,1.1903567,0.8587935,-0.25282431,0.44559348,0
2.2024062,-1.91289,-4.3377104,0.50840461,0.31321454,-0.80213547,0
-0.31403995,-4.1132426,-1.7982244,-0.063232988,-0.91541052,-0.3975237,0
1.5282488,-2.3175437,-4.923008,0.50840461,0.31321454,-0.80213547,0
1.2575374,4.081068,-1.2302054,-0.8587935,0.25282431,-0.44559348,0
-0.79038668,-4.527885,-0.76762104,-0.063232988,-0.91541052,-0.3975237,0
0.15986376,-1.8013417,-2.4522638,-0.8587935,0.25282431,-0.44559348,0
0.28586102,-3.8614092,-2.4735653,-0.063232988,-0.91541052,-0.3975237,0
1.3434141,4.4017406,0.9701364,0.063232988,0.91541052,0.3975237,0
1.4771802,-3.1269989,-4.3542528,-0.063232988,-0.91541052,-0.3975237,0
1.333322,-3.023993,-4.5685706,-0.063232988,-0.91541052,-0.3975237,0
1.2594961,1.8360562,-0.26357543,0.8587935,-0.25282431,0.44559348,0
2.1929004,-1.456618,-4.1655722,0.50840461,0.31321454,-0.80213547,0
1.5969658,5.1495619,-1.2781363,-0.8587935,0.25282431,-0.44559348,0
1.915755,4.1590157,-2.1484613,0.50840461,0.31321454,-0.80213547,0
1.5056975,4.6300955,0.41847062,0.063232988,0.91541052,0.3975237,0
-2.5108607,-5.1964822,1.0456836,-0.063232988,-0.91541052,-0.3975237,0
-2.3669734,-1.225616,3.0078945,-0.50840461,-0.31321454,0.80213547,0
-0.75223541,-3.5994027,0.52962661,0.8587935,-0.25282431,0.44559348,0
1.7945262,-3.1824918,-4.2769451,-0.063232988,-0.91541052,-0.3975237,0
-1.4866693,2.6585677,5.0825238,-0.50840461,-0.31321454,0.80213547,0
0.7339443,2.1273746,-1.3295851,-0.8587935,0.25282431,-0.44559348,0
0.46631688,2.0059595,1.3615221,0.8587935,-0.25282431,0.44559348,0
1.9653995,2.9432783,-2.591712,0.50840461,0.31321454,-0.80213547,0
-1.7694986,2.9026208,4.9174452,0.063232988,0.91541052,0.3975237,0
-1.0088267,-2.6112933,1.584798,0.8587935,-0.25282431,0.44559348,0
0.35788441,-0.73391795,-2.2282667,-0.8587935,0.25282431,-0.44559348,0
-0.16045988,-4.2680707,-1.4661181,-0.063232988,-0.91541052,-0.3975237,0
0.7267406,4.3684626,1.1448615,0.063232988,0.91541052,0.3975237,0
0.87690878,-3.4910109,-3.4205289,-0.063232988,-0.91541052,-0.3975237,0
-1.8228111,-0.70443606,3.5563004,-0.50840461,-0.31321454,0.80213547,0
1.9664615,-0.1070925,-3.782135,0.50840461,0.31321454,-0.80213547,0
-1.7041707,1.2352836,4.3889103,-0.50840461,-0.31321454,0.80213547,0
-0.15313327,-0.3382957,1.2252883,0.8587935,-0.25282431,0.44559348,0
2.1633263,1.4396946,-3.0533762,0.50840461,0.31321454,-0.80213547,0
-0.59138447,0.83429706,2.7352462,0.8587935,-0.25282431,0.44559348,0
-1.8787863,-1.9797804,3.0228312,-0.50840461,-0.31321454,0.80213547,0
2.5229695,4.3758903,-1.678916,0.50840461,0.31321454,-0.80213547,0
-0.023526877,0.30607712,-0.90309119,-0.8587935,0.25282431,-0.44559348,0
-0.86045909,3.220881,4.0399632,0.063232988,0.91541052,0.3975237,0
0.85396278,-3.3743517,-3.6855195,-0.063232988,-0.91541052,-0.3975237,0
-0.27741528,-4.4862151,-0.94517589,-0.063232988,-0.91541052,-0.3975237,0
1.0495322,-0.96422863,-1.4477587,0.8587935,-0.25282431,0.44559348,0
1.9632404,2.9507978,-2.5901442,0.50840461,0.31321454,-0.80213547,0
-0.10348499,-4.3469701,-1.2934926,-0.063232988,-0.91541052,-0.3975237,0
1.500468,4.7019382,0.253865,0.063232988,0.91541052,0.3975237,0
-0.36147267,3.7628317,2.7125957,0.063232988,0.91541052,0.3975237,0
-1.7078137,0.67533147,4.167953,-0.50840461,-0.31321454,0.80213547,0
-2.0549579,-2.5762343,2.6782701,-0.50840461,-0.31321454,0.80213547,0
-1.6338091,2.9438872,4.8008337,0.063232988,0.91541052,0.3975237,0
-2.4607198,-2.7037203,2.086395,-0.8587935,0.25282431,-0.44559348,0
-2.0046415,0.43129671,3.8845298,-0.50840461,-0.31321454,0.80213547,0
-0.47305766,-0.88278884,-0.71125746,-0.8587935,0.25282431,-0.44559348,0
-2.0277319,-4.7041998,1.8646073,-0.50840461,-0.31321454,0.80213547,0
0.26801851,0.10990837,0.66790694,0.8587935,-0.25282431,0.44559348,0
-1.2718744,-4.8866882,0.13521314,-0.063232988,-0.91541052,-0.3975237,0
0.37010252,1.7936571,-0.81769943,-0.8587935,0.25282431,-0.44559348,0
0.043073773,3.8023212,0.95227575,-0.8587935,0.25282431,-0.44559348,0
-1.9693267,-2.5399761,2.7467022,-0.50840461,-0.31321454,0.80213547,0
0.70751965,-0.9079414,-0.75666058,0.8587935,-0.25282431,0.44559348,0
-1.7412972,-2.1142333,3.0574732,-0.50840461,-0.31321454,0.80213547,0
-1.2034481,-5.0175405,0.59461594,0.8587935,-0.25282431,0.44559348,0
-1.2663493,-4.7131429,-0.26530242,-0.063232988,-0.91541052,-0.3975237,0
1.9948676,3.242785,-2.4560843,0.50840461,0.31321454,-0.80213547,0
1.6361196,-1.8304188,-3.069756,0.8587935,-0.25282431,0.44559348,0
-1.6977875,-2.1585414,3.067749,-0.50840461,-0.31321454,0.80213547,0
-2.3051035,-4.7056117,1.6882539,-0.50840461,-0.31321454,0.80213547,0
0.50536799,4.3616328,1.1958015,0.063232988,0.91541052,0.3975237,0
2.4084029,5.0181613,-1.5007386,0.50840461,0.31321454,-0.80213547,0
0.44382602,0.2479088,0.40737224,0.8587935,-0.25282431,0.44559348,0
-1.8388827,0.40043381,2.6491859,-0.8587935,0.25282431,-0.44559348,0
2.5813203,3.7166824,-1.8993372,0.50840461,0.31321454,-0.80213547,0
0.92140567,-3.7095828,-2.9242833,-0.063232988,-0.91541052,-0.3975237,0
1.4780148,2.6885433,-0.20103645,0.8587935,-0.25282431,0.44559348,0
0.94494092,1.8807857,-1.8761514,-0.8587935,0.25282431,-0.44559348,0
2.1534038,2.5661037,-2.6198297,0.50840461,0.31321454,-0.80213547,0
1.9404529,-1.2579092,-4.2479858,0.50840461,0.31321454,-0.80213547,0
2.0722947,5.4404774,-1.5377905,0.063232988,0.91541052,0.3975237,0
0.30550194,-2.9623661,-1.1475061,0.8587935,-0.25282431,0.44559348,0
-0.80429137,1.0567211,1.0275846,-0.8587935,0.25282431,-0.44559348,0
0.024385095,-3.7097695,-2.781167,-0.063232988,-0.91541052,-0.3975237,0
2.4121656,4.0801239,-1.8646345,0.50840461,0.31321454,-0.80213547,0
1.44923,1.7264212,-2.9356537,-0.8587935,0.25282431,-0.44559348,0
-1.0219524,3.13888,4.2544818,0.063232988,0.91541052,0.3975237,0
-1.2240466,2.8750429,4.8941879,0.063232988,0.91541052,0.3975237,0
2.3737049,1.6914836,-2.8217177,0.50840461,0.31321454,-0.80213547,0
0.50067139,4.6219335,0.59713292,0.063232988,0.91541052,0.3975237,0
-1.541297,2.5646913,5.0112429,-0.50840461,-0.31321454,0.80213547,0
2.0612011,1.1595362,-3.2275,0.50840461,0.31321454,-0.80213547,0
2.1243131,4.3960738,-1.9237087,0.50840461,0.31321454,-0.80213547,0
-0.93602747,-0.089036234,0.63139135,-0.8587935,0.25282431,-0.44559348,0
0.46373993,-3.4213309,-3.515265,-0.063232988,-0.91541052,-0.3975237,0
1.8068058,3.4814436,-2.48209,0.50840461,0.31321454,-0.80213547,0
2.5167189,4.37672,-1.6825535,0.50840461,0.31321454,-0.80213547,0
-1.2801197,3.014535,3.0554895,-0.8587935,0.25282431,-0.44559348,0
0.87964255,-2.3876548,-4.1721625,-0.8587935,0.25282431,-0.44559348,0
-1.636776,0.58011734,4.1757994,-0.50840461,-0.31321454,0.80213547,0
-1.9377642,2.6786141,4.804441,-0.50840461,-0.31321454,0.80213547,0
1.5738086,0.81834996,-3.669641,0.50840461,0.31321454,-0.80213547,0
1.8521972,-2.253871,-4.6928225,0.50840461,0.31321454,-0.80213547,0
1.9898815,0.84718442,-3.3946691,0.50840461,0.31321454,-0.80213547,0
-0.4903543,-4.4821224,-0.92072797,-0.063232988,-0.91541052,-0.3975237,0
-1.3943195,-4.1471119,1.4563546,0.8587935,-0.25282431,0.44559348,0
-0.1712358,-1.8559432,0.39908266,0.8587935,-0.25282431,0.44559348,0
1.3956432,-3.0389075,-4.5441389,-0.063232988,-0.91541052,-0.3975237,0
-0.17342788,-0.19935155,-0.90096051,-0.8587935,0.25282431,-0.44559348,0
1.6495761,1.6532972,-1.1190724,0.8587935,-0.25282431,0.44559348,0
1.5384398,-0.023260355,-4.0206866,0.50840461,0.31321454,-0.80213547,0
2.2594666,-0.31546861,-3.6777902,0.50840461,0.31321454,-0.80213547,0
-2.1157625,0.88923424,3.9929135,-0.50840461,-0.31321454,0.80213547,0
-0.58139277,-2.5643485,0.78763855,0.8587935,-0.25282431,0.44559348,0
-0.59331477,3.7001462,2.8938258,0.063232988,0.91541052,0.3975237,0
-0.83291686,1.1353827,3.3715842,0.8587935,-0.25282431,0.44559348,0
1.0338684,-3.5925086,-3.2117691,-0.063232988,-0.91541052,-0.3975237,0
-1.00822,-4.9089603,0.14456201,-0.063232988,-0.91541052,-0.3975237,0
0.75688744,4.5134315,0.80623341,0.063232988,0.91541052,0.3975237,0
2.2955523,0.44952893,-3.3562055,0.50840461,0.31321454,-0.80213547,0
-0.19524181,-1.4726459,0.66282743,0.8587935,-0.25282431,0.44559348,0
1.9800285,1.241268,-3.2470336,0.50840461,0.31321454,-0.80213547,0
-1.9036753,-3.3140609,2.4860516,-0.50840461,-0.31321454,0.80213547,0
1.2837756,-3.1194992,-4.3407588,-0.063232988,-0.91541052,-0.3975237,0
2.6246631,4.1054168,-1.7200745,0.50840461,0.31321454,-0.80213547,0
1.8390009,-2.7794888,-4.9064274,0.50840461,0.31321454,-0.80213547,0
2.1672258,2.9997194,-1.3527967,0.8587935,-0.25282431,0.44559348,0
0.68335152,4.675694,0.21380782,-0.8587935,0.25282431,-0.44559348,0
-2.0726857,0.16938609,2.9687011,-0.8587935,0.25282431,-0.44559348,0
1.8548059,3.5881402,-2.4100046,0.50840461,0.31321454,-0.80213547,0
1.9724305,-1.7972584,-4.4383206,0.50840461,0.31321454,-0.80213547,0
-1.5802383,0.25508165,4.0847149,-0.50840461,-0.31321454,0.80213547,0
-1.5527854,1.8376318,4.7200627,-0.50840461,-0.31321454,0.80213547,0
-1.8250711,3.0379491,4.6146531,0.063232988,0.91541052,0.3975237,0
-1.9686759,-4.8992357,0.2749455,-0.063232988,-0.91541052,-0.3975237,0
-2.5512478,-3.338594,2.0660317,-0.50840461,-0.31321454,0.80213547,0
0.035389304,-3.3305902,-0.83584332,0.8587935,-0.25282431,0.44559348,0
-1.5196905,1.3667035,4.5571523,-0.50840461,-0.31321454,0.80213547,0
1.9691637,4.6920648,-1.9064672,0.50840461,0.31321454,-0.80213547,0
-1.7532523,-4.7934957,-0.0028171539,-0.063232988,-0.91541052,-0.3975237,0
-2.6521266,-4.228066,1.6547762,-0.50840461,-0.31321454,0.80213547,0
-1.0273842,3.0967636,4.3523307,0.063232988,0.91541052,0.3975237,0
1.4285672,4.7621956,0.12654138,0.063232988,0.91541052,0.3975237,0
1.0941226,-0.024304453,-1.0003965,0.8587935,-0.25282431,0.44559348,0
-1.923846,0.1249671,2.6566391,-0.8587935,0.25282431,-0.44559348,0
2.1235552,1.58653,-3.0212481,0.50840461,0.31321454,-0.80213547,0
0.85117793,4.8582129,-0.0027213097,0.063232988,0.91541052,0.3975237,0
0.67967135,-2.1996298,-3.6800745,-0.8587935,0.25282431,-0.44559348,0
1.9559455,5.1692557,-1.7285132,0.50840461,0.31321454,-0.80213547,0
1.7546008,-1.4864688,-4.4550281,0.50840461,0.31321454,-0.80213547,0
-1.1143879,2.9726322,4.6520181,0.063232988,0.91541052,0.3975237,0
-2.3367569,-3.2211928,2.2478216,-0.50840461,-0.31321454,0.80213547,0
2.1521413,-2.993655,-4.7686796,-0.063232988,-0.91541052,-0.3975237,0
-1.6592571,0.2229048,4.0220675,-0.50840461,-0.31321454,0.80213547,0
-1.3614842,3.3436923,3.8368516,0.063232988,0.91541052,0.3975237,0
2.3876548,5.2027998,-1.0406332,0.063232988,0.91541052,0.3975237,0
1.8789694,5.2759166,-1.7356534,0.50840461,0.31321454,-0.80213547,0
-1.6743038,1.7197964,3.0805829,-0.8587935,0.25282431,-0.44559348,0
2.4545934,2.7816129,-2.3447807,0.50840461,0.31321454,-0.80213547,0
2.3186159,-0.5200302,-3.7201767,0.50840461,0.31321454,-0.80213547,0
1.303997,4.6521668,0.39972973,0.063232988,0.91541052,0.3975237,0
-0.51495004,-3.3262119,-2.0168865,-0.8587935,0.25282431,-0.44559348,0
0.98000419,4.2089882,1.4718091,0.063232988,0.91541052,0.3975237,0
-1.578536,-3.2897768,2.2978361,0.8587935,-0.25282431,0.44559348,0
2.2382524,5.2568798,-1.141402,0.063232988,0.91541052,0.3975237,0
0.39598477,4.090457,1.8376589,0.063232988,0.91541052,0.3975237,0
0.73251677,4.2928042,1.3181665,0.063232988,0.91541052,0.3975237,0
-2.1611359,-1.0393955,3.211072,-0.50840461,-0.31321454,0.80213547,0
-2.2517939,0.16491848,3.623867,-0.50840461,-0.31321454,0.80213547,0
-2.2606869,0.54438567,3.5438068,-0.8587935,0.25282431,-0.44559348,0
-0.26477009,3.7191143,2.7978849,0.063232988,0.91541052,0.3975237,0
1.0927527,4.6944246,-0.56460476,-0.8587935,0.25282431,-0.44559348,0
0.56054008,0.26766235,0.19363692,0.8587935,-0.25282431,0.44559348,0
-1.3464659,0.19406366,1.5830579,-0.8587935,0.25282431,-0.44559348,0
1.2207048,0.69794923,-0.83456087,0.8587935,-0.25282431,0.44559348,0
1.414324,-2.400068,-5.0274391,0.50840461,0.31321454,-0.80213547,0
-1.8566571,-0.24394989,3.7146568,-0.50840461,-0.31321454,0.80213547,0
1.5680516,-1.0927063,-2.5199993,0.8587935,-0.25282431,0.44559348,0
-1.8387721,-4.2581306,2.1585517,-0.50840461,-0.31321454,0.80213547,0
2.1481104,-1.6577106,-3.9585249,0.8587935,-0.25282431,0.44559348,0
-1.5405455,-4.8775849,0.15698767,-0.063232988,-0.91541052,-0.3975237,0
1.6528106,4.8291688,-0.063352585,0.063232988,0.91541052,0.3975237,0
0.52856457,2.7461891,1.6615493,0.8587935,-0.25282431,0.44559348,0
-2.0054862,-4.4578195,1.9749122,-0.50840461,-0.31321454,0.80213547,0
-1.6106349,1.2143145,4.4400063,-0.50840461,-0.31321454,0.80213547,0
0.59293413,4.4869003,0.89340806,0.063232988,0.91541052,0.3975237,0
-2.1821816,-4.532321,1.8338295,-0.50840461,-0.31321454,0.80213547,0
-1.8555543,2.176719,4.6605687,-0.50840461,-0.31321454,0.80213547,0
2.5122063,4.9363475,-1.4668927,0.50840461,0.31321454,-0.80213547,0
1.0050042,3.5685468,1.2099016,0.8587935,-0.25282431,0.44559348,0
-0.17305648,-2.7221539,-2.3330841,-0.8587935,0.25282431,-0.44559348,0
-1.818828,3.1513791,4.3524561,0.063232988,0.91541052,0.3975237,0
0.32138431,4.0590243,1.9219084,0.063232988,0.91541052,0.3975237,0
-0.046627522,4.0006037,2.1149776,0.063232988,0.91541052,0.3975237,0
1.8067615,4.0167499,-2.2730942,0.50840461,0.31321454,-0.80213547,0
-2.2722752,-1.445792,2.4369385,-0.8587935,0.25282431,-0.44559348,0
-1.5436486,2.2452605,3.1269126,-0.8587935,0.25282431,-0.44559348,0
1.2517024,0.55301321,-3.220736,-0.8587935,0.25282431,-0.44559348,0
-2.334106,0.23931706,3.6007473,-0.50840461,-0.31321454,0.80213547,0
-1.8725519,-3.4080935,2.4690607,-0.50840461,-0.31321454,0.80213547,0
-0.014531493,4.2209654,1.6024265,0.063232988,0.91541052,0.3975237,0
-0.57504416,3.9314666,2.3582385,0.063232988,0.91541052,0.3975237,0
0.13864529,-3.9183378,-2.3190548,-0.063232988,-0.91541052,-0.3975237,0
0.01735568,-3.647768,-2.9228249,-0.063232988,-0.91541052,-0.3975237,0
1.3513083,5.0439739,-0.51004267,0.063232988,0.91541052,0.3975237,0
0.70052791,-3.202317,-4.057272,-0.063232988,-0.91541052,-0.3975237,0
1.7523644,-2.2542925,-4.7562628,0.50840461,0.31321454,-0.80213547,0
-1.6371369,2.8089325,5.0458694,-0.50840461,-0.31321454,0.80213547,0
-1.4341013,2.4175415,5.0217271,-0.50840461,-0.31321454,0.80213547,0
1.4141747,-2.6440868,-3.1036663,0.8587935,-0.25282431,0.44559348,0
2.1692145,2.1172614,-2.7850707,0.50840461,0.31321454,-0.80213547,0
-0.72383714,3.0164733,4.2286625,0.8587935,-0.25282431,0.44559348,0
-2.2495904,-0.5467937,3.3473573,-0.50840461,-0.31321454,0.80213547,0
1.3726953,-3.3112152,-3.9134231,-0.063232988,-0.91541052,-0.3975237,0
-0.65040946,-3.4625545,-1.8331742,-0.8587935,0.25282431,-0.44559348,0
1.7628467,4.5393772,-1.94405,-0.8587935,0.25282431,-0.44559348,0
1.9979632,5.1223373,-0.79335856,0.063232988,0.91541052,0.3975237,0
1.3532133,2.8127177,0.10994911,0.8587935,-0.25282431,0.44559348,0
-2.1342018,2.1864319,4.487751,-0.50840461,-0.31321454,0.80213547,0
-2.1358833,0.48505038,3.8223367,-0.50840461,-0.31321454,0.80213547,0
-2.5702417,-4.3181987,1.6714813,-0.50840461,-0.31321454,0.80213547,0
1.3550203,-3.2932653,-3.9519458,-0.063232988,-0.91541052,-0.3975237,0
1.552555,-2.2471731,-4.8801246,0.50840461,0.31321454,-0.80213547,0
2.6002471,4.5895429,-1.5465102,0.50840461,0.31321454,-0.80213547,0
2.1405344,0.57982969,-3.4035788,0.50840461,0.31321454,-0.80213547,0
2.0883956,0.46638548,-3.4809222,0.50840461,0.31321454,-0.80213547,0
-1.9864011,-2.8183119,2.627197,-0.50840461,-0.31321454,0.80213547,0
-2.1829269,-5.4076099,1.4915776,-0.50840461,-0.31321454,0.80213547,0
-1.1853969,-4.3721824,-1.0633378,-0.063232988,-0.91541052,-0.3975237,0
2.2551031,2.3657103,-2.6336203,0.50840461,0.31321454,-0.80213547,0
0.084748924,-0.25275403,0.81535256,0.8587935,-0.25282431,0.44559348,0
-1.2254771,3.0829763,4.4155893,0.063232988,0.91541052,0.3975237,0
1.5911543,-1.6648742,-4.6282864,0.50840461,0.31321454,-0.80213547,0
-1.6376767,-3.3419225,2.3822322,0.8587935,-0.25282431,0.44559348,0
-0.36309749,0.78829736,0.024970084,-0.8587935,0.25282431,-0.44559348,0
2.6814721,4.8804164,-1.3814492,0.50840461,0.31321454,-0.80213547,0
0.37926972,4.0032835,2.0410602,0.063232988,0.91541052,0.3975237,0
-1.0181476,0.70869511,1.2422845,-0.8587935,0.25282431,-0.44559348,0
-1.3261073,2.5776141,5.1404157,0.8587935,-0.25282431,0.44559348,0
0.72657323,4.2469149,1.4247859,0.063232988,0.91541052,0.3975237,0
0.90649378,-3.2068281,-4.0796461,-0.063232988,-0.91541052,-0.3975237,0
-1.3438107,2.1558459,2.6910319,-0.8587935,0.25282431,-0.44559348,0
1.1798097,-3.1361623,-4.2858496,-0.063232988,-0.91541052,-0.3975237,0
0.057117403,1.4504801,-0.40919676,-0.8587935,0.25282431,-0.44559348,0
-2.0160377,-4.3251028,2.0200477,-0.50840461,-0.31321454,0.80213547,0
-2.041018,-3.9258342,2.1601193,-0.50840461,-0.31321454,0.80213547,0
-2.1722307,0.11573958,3.6550922,-0.50840461,-0.31321454,0.80213547,0
-1.7939049,2.8497281,4.9624372,-0.50840461,-0.31321454,0.80213547,0
-1.6079596,2.8053231,5.0629525,-0.50840461,-0.31321454,0.80213547,0
-1.5461404,-0.81297302,3.6407087,0.8587935,-0.25282431,0.44559348,0
-0.38618529,3.6344757,3.0121024,0.063232988,0.91541052,0.3975237,0
-0.96665597,0.098505855,3.0410287,0.8587935,-0.25282431,0.44559348,0
-1.8710539,-1.1370648,3.3567922,-0.50840461,-0.31321454,0.80213547,0
1.6915411,-1.8331085,-4.6303511,0.50840461,0.31321454,-0.80213547,0
-1.2839987,-4.8455935,0.042508602,-0.063232988,-0.91541052,-0.3975237,0
-0.82656413,1.1153952,1.103802,-0.8587935,0.25282431,-0.44559348,0
1.9974597,0.6117717,-3.4817886,0.50840461,0.31321454,-0.80213547,0
2.2352753,4.7118096,-0.51252985,0.8587935,-0.25282431,0.44559348,0
1.8847728,-0.75648475,-2.9396489,0.8587935,-0.25282431,0.44559348,0
-2.4602988,-2.713284,2.3678453,-0.50840461,-0.31321454,0.80213547,0
2.3862603,2.2171865,-2.6084857,0.50840461,0.31321454,-0.80213547,0
2.4384286,3.357774,-2.1300492,0.50840461,0.31321454,-0.80213547,0
-1.7081423,-5.3183875,1.1987188,-0.063232988,-0.91541052,-0.3975237,0
0.6679945,1.876634,0.89945078,0.8587935,-0.25282431,0.44559348,0
1.1722134,3.9575558,1.1083577,0.8587935,-0.25282431,0.44559348,0
1.8291426,4.9459743,-0.3603797,0.063232988,0.91541052,0.3975237,0
-1.2355163,2.2400887,2.5301142,-0.8587935,0.25282431,-0.44559348,0
-1.0307347,1.4032617,1.6606324,-0.8587935,0.25282431,-0.44559348,0
-0.82548094,-4.3793015,-1.1041949,-0.063232988,-0.91541052,-0.3975237,0
0.10397291,3.9811668,2.1357808,0.063232988,0.91541052,0.3975237,0
2.4759674,2.2922113,-2.5223327,0.50840461,0.31321454,-0.80213547,0
2.560133,3.9819362,-1.8091906,0.50840461,0.31321454,-0.80213547,0
0.97702456,4.1963696,-0.62415147,-0.8587935,0.25282431,-0.44559348,0
2.3556416,0.52278912,-3.1213114,0.8587935,-0.25282431,0.44559348,0
-0.64729834,-4.3380575,-0.091721773,0.8587935,-0.25282431,0.44559348,0
1.2948009,-2.8365712,-4.9940338,-0.063232988,-0.91541052,-0.3975237,0
-0.57369852,-3.4919143,0.24652028,0.8587935,-0.25282431,0.44559348,0
2.4015746,0.93116039,-3.1009414,0.50840461,0.31321454,-0.80213547,0
1.7724872,3.5518963,-0.27871728,0.8587935,-0.25282431,0.44559348,0
1.7130034,4.8506184,-0.12232113,0.063232988,0.91541052,0.3975237,0
-1.0432742,-1.926142,2.0399346,0.8587935,-0.25282431,0.44559348,0
2.3575735,1.1669755,-3.0367498,0.50840461,0.31321454,-0.80213547,0
0.90673202,-0.70617253,-3.2703197,-0.8587935,0.25282431,-0.44559348,0
1.213093,4.5140877,0.73215437,0.063232988,0.91541052,0.3975237,0
-1.4105034,-4.7571526,-0.14102793,-0.063232988,-0.91541052,-0.3975237,0
0.63574409,1.1250696,-1.7090195,-0.8587935,0.25282431,-0.44559348,0
0.44967389,4.4912424,0.90619731,0.063232988,0.91541052,0.3975237,0
-1.0060363,2.9283266,2.4783344,-0.8587935,0.25282431,-0.44559348,0
0.94236541,4.6652732,0.42707109,0.063232988,0.91541052,0.3975237,0
0.34215409,0.53023338,-1.4806856,-0.8587935,0.25282431,-0.44559348,0
-0.92087173,0.18300152,3.0007305,0.8587935,-0.25282431,0.44559348,0
-0.98821187,3.5449486,3.3140264,0.063232988,0.91541052,0.3975237,0
-1.6893865,-0.29424989,3.8010345,-0.50840461,-0.31321454,0.80213547,0
-1.4695667,2.8873916,4.9048052,0.063232988,0.91541052,0.3975237,0
2.2266719,1.5722739,-2.961458,0.50840461,0.31321454,-0.80213547,0
1.8067354,-0.35682905,-3.9808879,0.50840461,0.31321454,-0.80213547,0
-2.1031444,2.248822,4.5317974,-0.50840461,-0.31321454,0.80213547,0
-0.82845283,-3.1388531,0.93783116,0.8587935,-0.25282431,0.44559348,0
-1.9005101,2.5020447,3.9603889,-0.8587935,0.25282431,-0.44559348,0
1.6745167,1.484943,-1.262663,0.8587935,-0.25282431,0.44559348,0
0.98448277,3.0073502,-1.3131617,-0.8587935,0.25282431,-0.44559348,0
-1.5091603,2.7832716,5.1169624,-0.50840461,-0.31321454,0.80213547,0
-0.95284754,3.1077712,4.3151264,0.063232988,0.91541052,0.3975237,0
-0.73689413,-4.6254878,-0.55137205,-0.063232988,-0.91541052,-0.3975237,0
0.92156816,-3.3653793,-3.7169352,-0.063232988,-0.91541052,-0.3975237,0
1.5375211,-1.5770204,-4.6279745,0.50840461,0.31321454,-0.80213547,0
0.42834282,3.8180547,2.4597955,0.063232988,0.91541052,0.3975237,0
0.89269769,-1.1746969,-3.5091064,-0.8587935,0.25282431,-0.44559348,0
-0.91674399,-2.4396319,1.5047245,0.8587935,-0.25282431,0.44559348,0
2.0584686,-2.091403,-4.4986448,0.50840461,0.31321454,-0.80213547,0
1.5262227,3.8229775,0.34971666,0.8587935,-0.25282431,0.44559348,0
1.6852093,-2.2345374,-3.3936586,0.8587935,-0.25282431,0.44559348,0
-2.4057698,-3.1345592,2.2379084,-0.50840461,-0.31321454,0.80213547,0
-0.52953351,3.6885595,2.9103618,0.063232988,0.91541052,0.3975237,0
-1.8111467,-2.243288,2.9628086,-0.50840461,-0.31321454,0.80213547,0
0.52915204,-2.1707325,-1.1293844,0.8587935,-0.25282431,0.44559348,0
2.3357408,2.5350771,-2.5163772,0.50840461,0.31321454,-0.80213547,0
1.7349341,1.5568284,-3.2791591,0.50840461,0.31321454,-0.80213547,0
0.46796989,2.4229188,-0.64928406,-0.8587935,0.25282431,-0.44559348,0
-0.93511009,-4.1846576,-1.5349789,-0.063232988,-0.91541052,-0.3975237,0
1.8743968,2.4821858,-2.8294363,0.50840461,0.31321454,-0.80213547,0
1.1221061,1.0865543,-2.6682396,-0.8587935,0.25282431,-0.44559348,0
1.8701334,-2.9663367,-4.7867298,-0.063232988,-0.91541052,-0.3975237,0
-0.75292021,3.5551472,3.2531147,0.063232988,0.91541052,0.3975237,0
0.76506972,2.943948,-0.92625952,-0.8587935,0.25282431,-0.44559348,0
1.3970969,-0.90451312,-2.083739,0.8587935,-0.25282431,0.44559348,0
-2.3423133,-0.47208089,3.3177614,-0.50840461,-0.31321454,0.80213547,0
-2.0011084,-5.2183971,1.0150642,-0.063232988,-0.91541052,-0.3975237,0
-0.16996098,-4.3328981,-1.3153234,-0.063232988,-0.91541052,-0.3975237,0
-1.8227037,-0.20154983,2.2764459,-0.8587935,0.25282431,-0.44559348,0
1.3035533,-0.021845698,-3.6468358,-0.8587935,0.25282431,-0.44559348,0
-2.3282046,-3.4589696,2.1603956,-0.50840461,-0.31321454,0.80213547,0
0.011665344,-4.1636829,-1.7338793,-0.063232988,-0.91541052,-0.3975237,0
1.9129435,1.0788099,-3.3529892,0.50840461,0.31321454,-0.80213547,0
-1.2860732,-2.5167603,-0.071425676,-0.8587935,0.25282431,-0.44559348,0
-1.6835068,2.7978184,5.0121393,-0.50840461,-0.31321454,0.80213547,0
1.6607952,3.8502781,0.10584474,0.8587935,-0.25282431,0.44559348,0
-1.965026,2.7174339,4.8023205,-0.50840461,-0.31321454,0.80213547,0
-1.2402611,-4.765883,-0.14800382,-0.063232988,-0.91541052,-0.3975237,0
2.0885363,1.8601792,-2.9365902,0.50840461,0.31321454,-0.80213547,0
1.9171805,1.4705033,-3.1973567,0.50840461,0.31321454,-0.80213547,0
-0.79002154,-2.5876803,-1.0677067,-0.8587935,0.25282431,-0.44559348,0
0.61132783,-3.4144294,-3.5546343,-0.063232988,-0.91541052,-0.3975237,0
-2.0027406,-2.7779014,2.6326201,-0.50840461,-0.31321454,0.80213547,0
-0.3153832,-4.0237494,-2.0040936,-0.063232988,-0.91541052,-0.3975237,0
0.51905358,3.9247262,2.1997254,0.063232988,0.91541052,0.3975237,0
2.0097148,3.8826408,-2.196826,0.50840461,0.31321454,-0.80213547,0
0.80233192,0.47173682,-0.15657991,0.8587935,-0.25282431,0.44559348,0
2.1541464,3.2720613,-1.1730658,0.8587935,-0.25282431,0.44559348,0
-0.84232593,-4.6339564,-0.51510072,-0.063232988,-0.91541052,-0.3975237,0
2.4354129,4.7607765,-1.5841217,0.50840461,0.31321454,-0.80213547,0
-2.2398205,-2.142833,2.7303348,-0.50840461,-0.31321454,0.80213547,0
-1.0418777,-4.8607659,0.038934708,-0.063232988,-0.91541052,-0.3975237,0
-2.369792,-1.1239916,2.8074684,-0.8587935,0.25282431,-0.44559348,0
-0.18156889,3.4540522,3.3950312,0.063232988,0.91541052,0.3975237,0
0.8469398,-3.435966,-3.5425186,-0.063232988,-0.91541052,-0.3975237,0
-0.70842195,-3.0591805,0.7517004,0.8587935,-0.25282431,0.44559348,0
2.0740993,3.7815266,-2.1955009,0.50840461,0.31321454,-0.80213547,0
-2.3908968,-5.2724776,1.201602,-0.063232988,-0.91541052,-0.3975237,0
1.4281454,-3.4430072,-3.5838904,0.8587935,-0.25282431,0.44559348,0
-1.8188449,-2.1530948,1.161726,-0.8587935,0.25282431,-0.44559348,0
-1.8871326,3.0517087,4.2464795,-0.8587935,0.25282431,-0.44559348,0
-1.4794283,-5.0710702,0.59281874,-0.063232988,-0.91541052,-0.3975237,0
1.6314025,-3.1358855,-4.3583212,-0.063232988,-0.91541052,-0.3975237,0
-1.5927227,-1.1182131,3.5405636,-0.50840461,-0.31321454,0.80213547,0
0.45084855,-0.86193985,-2.4800746,-0.8587935,0.25282431,-0.44559348,0
0.41520512,4.2512836,1.4642529,0.063232988,0.91541052,0.3975237,0
-1.9703536,-3.0400302,0.95049286,-0.8587935,0.25282431,-0.44559348,0
-0.44411457,-2.7148335,0.43767858,0.8587935,-0.25282431,0.44559348,0
-0.723001,-4.3435378,0.051070452,0.8587935,-0.25282431,0.44559348,0
-0.5068202,-1.9799516,-1.2687033,-0.8587935,0.25282431,-0.44559348,0
-2.3011501,-2.7478623,2.4552138,-0.50840461,-0.31321454,0.80213547,0
-0.63273084,-1.0900857,1.7230614,0.8587935,-0.25282431,0.44559348,0
2.2178504,5.2155447,-1.0429711,0.063232988,0.91541052,0.3975237,0
-1.7962279,-2.2798901,2.957972,-0.50840461,-0.31321454,0.80213547,0
-0.5240705,-4.5564399,-0.74422884,-0.063232988,-0.91541052,-0.3975237,0
-2.2242157,-5.1769218,0.95504403,-0.063232988,-0.91541052,-0.3975237,0
1.9259572,5.3934412,-1.406198,0.063232988,0.91541052,0.3975237,0
0.15322077,-2.2140589,-2.6736317,-0.8587935,0.25282431,-0.44559348,0
-1.2638203,-1.6691746,2.6107938,0.8587935,-0.25282431,0.44559348,0
-0.6927762,-4.0157495,-1.9624853,-0.063232988,-0.91541052,-0.3975237,0
-1.5530117,-4.7900944,-0.042501211,-0.063232988,-0.91541052,-0.3975237,0
1.5197599,4.3716226,-1.5707302,-0.8587935,0.25282431,-0.44559348,0
1.2124701,3.785691,-1.3109407,-0.8587935,0.25282431,-0.44559348,0
-1.1809703,2.6976688,4.9288106,0.8587935,-0.25282431,0.44559348,0
1.348743,-0.76915717,-1.9137475,0.8587935,-0.25282431,0.44559348,0
0.87139356,-3.4799829,-3.4450467,-0.063232988,-0.91541052,-0.3975237,0
-1.1174533,-1.2324331,0.33230436,-0.8587935,0.25282431,-0.44559348,0
-0.77517372,3.1322973,4.2303858,0.063232988,0.91541052,0.3975237,0
-1.9588728,-4.0896177,2.1482308,-0.50840461,-0.31321454,0.80213547,0
-0.34007224,0.66700327,2.1559706,0.8587935,-0.25282431,0.44559348,0
-0.10299659,-3.7113862,-2.7571821,-0.063232988,-0.91541052,-0.3975237,0
-0.31821799,1.8104882,2.7626505,0.8587935,-0.25282431,0.44559348,0
-0.3272447,3.868052,2.4648519,0.063232988,0.91541052,0.3975237,0
1.6284688,5.1013532,-0.68626285,0.063232988,0.91541052,0.3975237,0
0.76645839,-3.5152404,-3.3471646,-0.063232988,-0.91541052,-0.3975237,0
1.5555573,4.6748962,0.30737329,0.063232988,0.91541052,0.3975237,0
2.1248655,1.7007401,-2.9758213,0.50840461,0.31321454,-0.80213547,0
1.358768,-2.9461224,-4.7519369,-0.063232988,-0.91541052,-0.3975237,0
-1.9122097,2.0466125,4.5738564,-0.50840461,-0.31321454,0.80213547,0
-2.412323,-3.7886214,1.9783593,-0.50840461,-0.31321454,0.80213547,0
0.65816712,-3.2964211,-3.8338323,-0.063232988,-0.91541052,-0.3975237,0
-2.2738791,-4.6846309,1.7162366,-0.50840461,-0.31321454,0.80213547,0
2.3616214,0.87759501,-3.1471806,0.50840461,0.31321454,-0.80213547,0
-2.1460958,-2.5742188,2.6212931,-0.50840461,-0.31321454,0.80213547,0
1.9672227,-2.4481103,-4.058363,0.8587935,-0.25282431,0.44559348,0
-2.0092471,1.5697694,4.3261566,-0.50840461,-0.31321454,0.80213547,0
0.90357375,-0.88395107,-3.3651021,-0.8587935,0.25282431,-0.44559348,0
-0.41737652,-4.4238091,-1.0666187,-0.063232988,-0.91541052,-0.3975237,0
-2.4983263,-5.2198381,1.0974722,-0.063232988,-0.91541052,-0.3975237,0
1.7360104,1.2236719,-1.5294222,0.8587935,-0.25282431,0.44559348,0
-0.58884889,3.4767137,3.4076319,0.063232988,0.91541052,0.3975237,0
0.9700774,3.1247993,1.025439,0.8587935,-0.25282431,0.44559348,0
0.166327,-3.477181,-3.3393457,-0.063232988,-0.91541052,-0.3975237,0
-2.0374556,-1.3338432,3.1744871,-0.50840461,-0.31321454,0.80213547,0
1.7462666,-2.9258261,-4.8603125,-0.063232988,-0.91541052,-0.3975237,0
1.8976334,-2.2113125,-3.789887,0.8587935,-0.25282431,0.44559348,0
-1.3761623,2.5990157,5.1293111,-0.50840461,-0.31321454,0.80213547,0
0.52047259,-0.16821277,-2.2206492,-0.8587935,0.25282431,-0.44559348,0
-1.0397834,-1.6997626,2.1616523,0.8587935,-0.25282431,0.44559348,0
-0.25795746,-4.3165269,-1.3390253,-0.063232988,-0.91541052,-0.3975237,0
1.6532934,1.2294472,-3.4587388,0.50840461,0.31321454,-0.80213547,0
-1.0287282,-4.9178915,0.16839099,-0.063232988,-0.91541052,-0.3975237,0
-0.10712326,-3.7955434,-2.5627296,-0.063232988,-0.91541052,-0.3975237,0
0.2553395,3.9233303,2.2448883,0.063232988,0.91541052,0.3975237,0
1.7858939,-0.72470164,-4.137743,0.50840461,0.31321454,-0.80213547,0
0.98717141,-1.6032028,-3.9343147,-0.8587935,0.25282431,-0.44559348,0
2.3003955,-1.1552662,-3.9669435,0.8587935,-0.25282431,0.44559348,0
2.4135363,5.1137023,-1.4601781,0.50840461,0.31321454,-0.80213547,0
1.4257563,-1.7355019,-4.7606959,0.50840461,0.31321454,-0.80213547,0
-1.8915055,-0.68872845,3.5188942,-0.50840461,-0.31321454,0.80213547,0
-1.9243149,-1.2491128,3.2792826,-0.50840461,-0.31321454,0.80213547,0
1.5162023,2.35321,-0.46489906,0.8587935,-0.25282431,0.44559348,0
-2.5287712,-2.5276101,2.3969476,-0.50840461,-0.31321454,0.80213547,0
-1.654891,1.5466383,2.9449205,-0.8587935,0.25282431,-0.44559348,0
1.7806361,-0.062447608,-2.3451581,0.8587935,-0.25282431,0.44559348,0
2.1763928,-0.65123081,-3.4419689,0.8587935,-0.25282431,0.44559348,0
-1.8023343,-2.3306589,1.029157,-0.8587935,0.25282431,-0.44559348,0
-1.8575686,0.095139146,3.8464854,-0.50840461,-0.31321454,0.80213547,0
-2.3920786,-5.3202763,1.3118603,-0.063232988,-0.91541052,-0.3975237,0
-1.7781427,-5.3757277,1.498996,0.8587935,-0.25282431,0.44559348,0
-1.4269314,-1.4150312,0.82515806,-0.8587935,0.25282431,-0.44559348,0
-2.6805253,-4.276876,1.6174366,-0.8587935,0.25282431,-0.44559348,0
1.3871602,-2.8321295,-3.1582942,0.8587935,-0.25282431,0.44559348,0
