-4.4534655,0.93615943,-2.2317076,-0.87365949,0.02672413,-0.48580357,0
-1.6951008,0.94329721,-0.85263282,0.39254928,0.62862104,-0.67137223,0
-2.895792,-3.4235787,-5.2728238,-0.87365949,0.02672413,-0.48580357,0
-3.850503,-1.4011767,-3.444639,-0.87365949,0.02672413,-0.48580357,0
2.9925184,2.6104028,4.9386392,-0.39254928,-0.62862104,0.67137223,0
-3.5228219,1.7654419,0.33798385,-0.39254928,-0.62862104,0.67137223,0
-1.01565,-0.51819062,-0.33429778,-0.39254928,-0.62862104,0.67137223,0
-4.656816,0.35288429,-1.6476691,-0.39254928,-0.62862104,0.67137223,0
-5.3360453,1.9380006,-0.58938169,-0.87365949,0.02672413,-0.48580357,0
4.4073853,-1.130698,2.2630296,-0.39254928,-0.62862104,0.67137223,0
4.1196208,0.37771398,2.9043622,0.87365949,-0.02672413,0.48580357,0
-5.2745085,3.4032331,-0.61944389,-0.87365949,0.02672413,-0.48580357,0
5.5419688,-2.829288,0.17002153,0.87365949,-0.02672413,0.48580357,0
-3.5767524,3.8171797,1.7955799,-0.2874445,0.7772525,0.55969131,0
3.9459429,1.7193944,3.290508,0.87365949,-0.02672413,0.48580357,0
-5.3615317,3.5961599,-0.45233107,-0.87365949,0.02672413,-0.48580357,0
-1.4150944,-1.137038,-2.6367793,0.39254928,0.62862104,-0.67137223,0
-0.48347783,3.9743965,3.1658854,-0.2874445,0.7772525,0.55969131,0
-0.92604446,-1.8474677,-1.5265378,-0.39254928,-0.62862104,0.67137223,0
5.142787,-1.4229351,0.96526575,0.87365949,-0.02672413,0.48580357,0
-5.6799755,2.8709426,0.080458164,-0.87365949,0.02672413,-0.48580357,0
-5.5398302,3.2845018,-0.14882612,-0.87365949,0.02672413,-0.48580357,0
1.8947154,-3.2722871,-1.2113395,-0.39254928,-0.62862104,0.67137223,0
2.2475576,-1.2501768,0.8883146,-0.39254928,-0.62862104,0.67137223,0
-1.3521032,-3.7799759,-4.3785925,0.2874445,-0.7772525,-0.55969131,0
1.5124384,-3.8934548,-2.7498393,0.2874445,-0.7772525,-0.55969131,0
0.29102433,2.3013184,1.5801945,0.39254928,0.62862104,-0.67137223,0
4.9071283,-1.0047393,1.4120755,0.87365949,-0.02672413,0.48580357,0
-0.56976271,-3.959249,-3.7278399,0.2874445,-0.7772525,-0.55969131,0
-1.475543,-3.9467525,-4.2103825,0.2874445,-0.7772525,-0.55969131,0
-0.53173047,1.9692028,0.78816485,0.39254928,0.62862104,-0.67137223,0
-2.4680052,4.0955768,1.9783916,-0.2874445,0.7772525,0.55969131,0
-5.1959381,2.9901693,-0.78346586,-0.87365949,0.02672413,-0.48580357,0
-4.1532469,1.0680554,-2.1730895,0.39254928,0.62862104,-0.67137223,0
0.22227407,1.6711291,2.4394224,-0.39254928,-0.62862104,0.67137223,0
4.7269726,-1.5995399,0.52141738,0.39254928,0.62862104,-0.67137223,0
3.4525108,2.9172797,4.2437806,0.87365949,-0.02672413,0.48580357,0
-3.0553737,-3.7244081,-5.0023842,-0.87365949,0.02672413,-0.48580357,0
-3.7961798,-1.4492249,-3.5449753,-0.87365949,0.02672413,-0.48580357,0
1.2539889,-0.54954302,0.96339715,-0.39254928,-0.62862104,0.67137223,0
-2.3255911,-4.0669622,-4.4800091,0.2874445,-0.7772525,-0.55969131,0
4.887351,-1.3904316,1.4264245,0.87365949,-0.02672413,0.48580357,0
1.5413449,0.0062115788,0.16229218,0.39254928,0.62862104,-0.67137223,0
5.7665324,-4.0148368,-0.39646864,0.2874445,-0.7772525,-0.55969131,0
-3.3900337,-2.9103856,-4.3557601,-0.87365949,0.02672413,-0.48580357,0
5.4842291,-3.7346027,-0.93061972,0.2874445,-0.7772525,-0.55969131,0
2.936657,-3.7591844,-2.2048569,0.2874445,-0.7772525,-0.55969131,0
-4.1858616,3.6159806,0.1935215,0.39254928,0.62862104,-0.67137223,0
4.3758202,-0.94569719,2.3708179,0.87365949,-0.02672413,0.48580357,0
1.0891843,-3.494832,-1.8907051,-0.39254928,-0.62862104,0.67137223,0
-3.5661378,-2.5261085,-4.0179167,-0.87365949,0.02672413,-0.48580357,0
1.9825344,0.34504956,2.2270029,-0.39254928,-0.62862104,0.67137223,0
-3.8058958,-2.2204919,-3.5699301,-0.87365949,0.02672413,-0.48580357,0
-3.4137473,-2.2732785,-3.3797865,-0.39254928,-0.62862104,0.67137223,0
2.9537458,3.3956566,5.1670642,0.87365949,-0.02672413,0.48580357,0
-4.7774506,3.6334727,-0.13600063,0.39254928,0.62862104,-0.67137223,0
1.5777876,0.18181765,1.8375109,-0.39254928,-0.62862104,0.67137223,0
3.8745003,1.6207807,3.4135623,0.87365949,-0.02672413,0.48580357,0
2.2792108,1.5886455,2.0753889,0.39254928,0.62862104,-0.67137223,0
2.2978644,-2.1570442,-1.4208789,0.39254928,0.62862104,-0.67137223,0
2.795177,3.9011307,4.5423055,0.39254928,0.62862104,-0.67137223,0
-0.99542236,-3.9768589,-3.921994,0.2874445,-0.7772525,-0.55969131,0
4.3363066,-4.1355276,-0.96339512,0.2874445,-0.7772525,-0.55969131,0
4.976398,-4.1830635,-0.56864595,0.2874445,-0.7772525,-0.55969131,0
-0.2168328,-0.54991102,0.10306773,-0.39254928,-0.62862104,0.67137223,0
-2.6650302,0.67506677,-1.6708978,0.39254928,0.62862104,-0.67137223,0
2.5952506,3.9152675,4.8291626,-0.2874445,0.7772525,0.55969131,0
5.3421736,-4.0147834,-0.61448479,0.2874445,-0.7772525,-0.55969131,0
1.752284,3.9105043,4.4028473,-0.2874445,0.7772525,0.55969131,0
-4.2436934,3.6855178,1.6358957,-0.2874445,0.7772525,0.55969131,0
3.161345,2.9061544,4.7667961,0.87365949,-0.02672413,0.48580357,0
-3.2197371,-2.5450113,-4.6419191,-0.87365949,0.02672413,-0.48580357,0
-2.0037777,3.5973537,2.908699,-0.2874445,0.7772525,0.55969131,0
2.5775447,3.2872658,3.8402803,0.39254928,0.62862104,-0.67137223,0
0.85018414,-1.2386298,0.082086205,-0.39254928,-0.62862104,0.67137223,0
-4.4573569,0.83345646,-2.2303574,-0.87365949,0.02672413,-0.48580357,0
-4.5355687,0.10026574,-2.1300354,-0.87365949,0.02672413,-0.48580357,0
-4.4362097,-0.38908869,-2.3356402,-0.87365949,0.02672413,-0.48580357,0
0.85283232,3.9295514,3.9144597,-0.2874445,0.7772525,0.55969131,0
-4.3389611,0.45225543,-2.4642484,-0.87365949,0.02672413,-0.48580357,0
-3.5560875,-2.8428359,-4.0534153,-0.87365949,0.02672413,-0.48580357,0
1.273441,-1.1147461,0.44555807,-0.39254928,-0.62862104,0.67137223,0
-5.2285581,3.1904349,-0.71378613,-0.87365949,0.02672413,-0.48580357,0
-3.722707,3.7887855,1.7600532,-0.2874445,0.7772525,0.55969131,0
-3.7613778,4.0580225,1.3662972,-0.2874445,0.7772525,0.55969131,0
1.5023925,0.82200086,0.90335906,0.39254928,0.62862104,-0.67137223,0
4.7140141,-1.3296183,1.7414954,0.87365949,-0.02672413,0.48580357,0
4.3183746,-1.5288312,0.34871745,0.39254928,0.62862104,-0.67137223,0
2.9864299,-3.6330242,-2.3544946,0.2874445,-0.7772525,-0.55969131,0
0.6004858,3.9550917,3.7493916,-0.2874445,0.7772525,0.55969131,0
2.9847789,-1.6389694,-0.53415656,0.39254928,0.62862104,-0.67137223,0
2.647351,-4.1749167,-1.7761035,0.2874445,-0.7772525,-0.55969131,0
2.9630165,3.3146362,5.145937,0.87365949,-0.02672413,0.48580357,0
3.6299963,-3.7679482,-1.8366032,0.2874445,-0.7772525,-0.55969131,0
1.8109277,-0.21514177,0.11265826,0.39254928,0.62862104,-0.67137223,0
5.4607668,-2.8400588,-0.21106195,0.39254928,0.62862104,-0.67137223,0
-5.2684927,1.9717407,-0.70901012,-0.87365949,0.02672413,-0.48580357,0
3.9970536,1.2930179,3.1751347,0.87365949,-0.02672413,0.48580357,0
-4.7424536,4.102963,0.80003071,-0.2874445,0.7772525,0.55969131,0
-3.001992,4.2265134,1.5223155,-0.2874445,0.7772525,0.55969131,0
-4.9884901,2.6401932,-1.1757898,-0.87365949,0.02672413,-0.48580357,0
-4.3389783,-0.5748983,-2.5207224,-0.87365949,0.02672413,-0.48580357,0
5.5253706,-2.6491289,0.20978212,0.87365949,-0.02672413,0.48580357,0
-3.6822801,3.7082951,1.8925924,-0.2874445,0.7772525,0.55969131,0
-4.3704495,0.7397899,-2.3918021,-0.87365949,0.02672413,-0.48580357,0
4.3504381,0.13084328,2.4756849,0.87365949,-0.02672413,0.48580357,0
-1.3914275,-3.7205148,-4.4813623,0.2874445,-0.7772525,-0.55969131,0
-4.6634111,1.2225137,-1.8383913,-0.87365949,0.02672413,-0.48580357,0
1.4004104,1.4792026,2.94857,-0.39254928,-0.62862104,0.67137223,0
-2.938931,-3.2685399,-5.1867151,-0.87365949,0.02672413,-0.48580357,0
2.9847188,4.0397396,4.8563271,-0.2874445,0.7772525,0.55969131,0
3.351697,3.455981,4.4547172,0.87365949,-0.02672413,0.48580357,0
-3.2617259,-3.5549374,-4.621963,-0.87365949,0.02672413,-0.48580357,0
3.179904,-1.1671927,0.02166748,0.39254928,0.62862104,-0.67137223,0
4.6188636,-3.9604373,-1.0614309,0.2874445,-0.7772525,-0.55969131,0
-1.8122001,2.9574785,0.96482348,0.39254928,0.62862104,-0.67137223,0
-2.6569214,-3.4449642,-5.5139532,0.2874445,-0.7772525,-0.55969131,0
4.8821459,-1.3587829,1.4375269,0.87365949,-0.02672413,0.48580357,0
-3.1916242,-2.9799848,-4.716404,-0.87365949,0.02672413,-0.48580357,0
-3.9894042,-1.4590149,-3.1980238,-0.87365949,0.02672413,-0.48580357,0
-1.3824077,-1.1115416,-2.5937943,0.39254928,0.62862104,-0.67137223,0
-0.010199904,-1.7744355,-0.92266488,-0.39254928,-0.62862104,0.67137223,0
-1.9414067,-3.605315,-4.9237995,0.2874445,-0.7772525,-0.55969131,0
5.6388893,-4.2278161,-0.08121109,0.87365949,-0.02672413,0.48580357,0
3.2875824,2.6814322,4.5274124,0.87365949,-0.02672413,0.48580357,0
-3.7562709,-2.0055151,-3.6473486,-0.87365949,0.02672413,-0.48580357,0
5.0532589,-2.0419538,1.0922198,0.87365949,-0.02672413,0.48580357,0
3.8471389,1.0113869,3.4292469,0.87365949,-0.02672413,0.48580357,0
-3.2379332,-2.7633309,-4.6212063,-0.87365949,0.02672413,-0.48580357,0
2.3335075,3.7514844,4.1322513,0.39254928,0.62862104,-0.67137223,0
0.88391435,-3.6848211,-3.3623676,0.2874445,-0.7772525,-0.55969131,0
-4.6644073,1.7757069,-1.8061683,-0.87365949,0.02672413,-0.48580357,0
-5.1504993,2.2450228,-0.90617228,-0.87365949,0.02672413,-0.48580357,0
-5.336278,3.9020965,0.77400303,-0.2874445,0.7772525,0.55969131,0
5.3791757,-3.8305998,-0.85126019,0.2874445,-0.7772525,-0.55969131,0
-0.70877361,-4.0533767,-3.4649429,-0.39254928,-0.62862104,0.67137223,0
-0.68903744,0.043819249,0.38289422,-0.39254928,-0.62862104,0.67137223,0
1.9093176,-2.6766231,-0.64506745,-0.39254928,-0.62862104,0.67137223,0
-3.0675836,1.2330164,-1.3838487,0.39254928,0.62862104,-0.67137223,0
2.6084042,0.24935937,1.0138632,0.39254928,0.62862104,-0.67137223,0
0.84245563,3.559545,3.0807211,0.39254928,0.62862104,-0.67137223,0
2.9605732,2.8967967,5.1273465,0.87365949,-0.02672413,0.48580357,0
4.5657558,-0.69354832,2.0431099,0.87365949,-0.02672413,0.48580357,0
4.4772887,-0.080747604,2.2359188,0.87365949,-0.02672413,0.48580357,0
-3.6786013,-0.75333416,-2.1114874,-0.39254928,-0.62862104,0.67137223,0
0.48186016,3.6932912,4.0520363,-0.2874445,0.7772525,0.55969131,0
1.8771806,-2.9299793,-0.90108156,-0.39254928,-0.62862104,0.67137223,0
0.92385197,3.6151249,4.3875828,-0.2874445,0.7772525,0.55969131,0
-0.7461617,3.5627632,3.6026177,-0.2874445,0.7772525,0.55969131,0
-1.219734,3.7204468,3.1404243,-0.2874445,0.7772525,0.55969131,0
-2.0549459,3.9293737,2.4213386,-0.2874445,0.7772525,0.55969131,0
0.30146402,-0.93354785,0.046906352,-0.39254928,-0.62862104,0.67137223,0
-3.3068156,3.6636362,2.1474414,-0.2874445,0.7772525,0.55969131,0
5.0030155,-2.444766,1.1604178,0.87365949,-0.02672413,0.48580357,0
-3.1012793,-1.0512689,-3.5423789,0.39254928,0.62862104,-0.67137223,0
5.6985359,-3.7178619,-0.16042614,0.87365949,-0.02672413,0.48580357,0
3.7188954,0.88456404,3.6529002,0.87365949,-0.02672413,0.48580357,0
5.1721339,-3.9688025,-0.76566792,0.2874445,-0.7772525,-0.55969131,0
-1.7502265,-3.5010006,-4.9704752,0.2874445,-0.7772525,-0.55969131,0
-4.7794333,0.55031133,-1.6667162,-0.87365949,0.02672413,-0.48580357,0
-0.95351076,-3.3816466,-4.4685702,0.39254928,0.62862104,-0.67137223,0
-0.93069369,0.058404028,0.25525475,-0.39254928,-0.62862104,0.67137223,0
2.0004318,-4.1284842,-2.1728277,0.2874445,-0.7772525,-0.55969131,0
-1.6237841,-3.9227939,-4.319787,0.2874445,-0.7772525,-0.55969131,0
3.7194386,2.081532,3.7177691,0.87365949,-0.02672413,0.48580357,0
-3.7536449,-1.9089162,-3.6467571,-0.87365949,0.02672413,-0.48580357,0
2.4616451,3.9643335,4.6924067,-0.2874445,0.7772525,0.55969131,0
-2.9679987,4.1782885,1.6067429,-0.2874445,0.7772525,0.55969131,0
-3.5959487,-1.9434072,-3.9322534,-0.87365949,0.02672413,-0.48580357,0
2.89538,-3.7024596,-2.3048306,0.2874445,-0.7772525,-0.55969131,0
1.9929572,-3.8085217,-2.6210046,0.2874445,-0.7772525,-0.55969131,0
3.097888,2.4006562,3.3143711,0.39254928,0.62862104,-0.67137223,0
2.466985,-0.80568755,-0.056688309,0.39254928,0.62862104,-0.67137223,0
0.91654158,-3.8844655,-3.0683627,0.2874445,-0.7772525,-0.55969131,0
-2.4177742,3.7564161,2.4751873,-0.2874445,0.7772525,0.55969131,0
2.8950772,-3.9146163,-2.0103607,0.2874445,-0.7772525,-0.55969131,0
4.450613,-1.1517709,2.2249753,0.87365949,-0.02672413,0.48580357,0
3.5777311,1.2570024,3.9272547,0.87365949,-0.02672413,0.48580357,0
-3.4752655,-2.0510397,-4.1552067,-0.87365949,0.02672413,-0.48580357,0
2.1045861,3.013144,3.3070767,0.39254928,0.62862104,-0.67137223,0
-4.2815976,-0.77004141,-2.6346474,-0.87365949,0.02672413,-0.48580357,0
-4.0957613,-1.3975519,-3.0033724,-0.87365949,0.02672413,-0.48580357,0
5.609602,-3.6413465,0.0037207603,0.87365949,-0.02672413,0.48580357,0
4.5485978,0.12209201,2.1188369,0.87365949,-0.02672413,0.48580357,0
-3.2654123,3.4656658,0.59096146,0.39254928,0.62862104,-0.67137223,0
4.3191071,0.5553447,2.5553806,0.87365949,-0.02672413,0.48580357,0
-4.4088402,0.47419327,-2.3373702,-0.87365949,0.02672413,-0.48580357,0
4.3435221,-0.48514211,2.4542358,0.87365949,-0.02672413,0.48580357,0
-2.9686933,3.0135152,0.34109402,0.39254928,0.62862104,-0.67137223,0
5.587431,-4.1254029,-0.33490801,0.2874445,-0.7772525,-0.55969131,0
4.5555601,-4.0271969,-1.0012331,0.2874445,-0.7772525,-0.55969131,0
-3.901011,0.11436319,-1.4290848,-0.39254928,-0.62862104,0.67137223,0
-3.1499367,-2.4879014,-4.7643042,-0.87365949,0.02672413,-0.48580357,0
0.49609566,-2.711978,-1.5044775,-0.39254928,-0.62862104,0.67137223,0
-0.67796385,-0.23599742,-1.3621165,0.39254928,0.62862104,-0.67137223,0
4.2799344,0.91239315,2.6454687,0.87365949,-0.02672413,0.48580357,0
-4.7247753,3.6925771,1.3790188,-0.2874445,0.7772525,0.55969131,0
1.1154871,1.8764436,1.6644353,0.39254928,0.62862104,-0.67137223,0
2.5277596,3.7478962,4.2424703,0.39254928,0.62862104,-0.67137223,0
3.1580501,3.3612068,4.7977543,0.87365949,-0.02672413,0.48580357,0
0.50600243,1.96285,2.8784626,-0.39254928,-0.62862104,0.67137223,0
-2.1441092,2.7313273,2.0484939,-0.39254928,-0.62862104,0.67137223,0
-5.7669559,3.9629276,0.29695368,-0.87365949,0.02672413,-0.48580357,0
4.4232306,-0.44279617,2.3132184,0.87365949,-0.02672413,0.48580357,0
-4.0581594,3.7466106,1.6463408,-0.2874445,0.7772525,0.55969131,0
0.44708824,3.5944123,4.1714916,-0.2874445,0.7772525,0.55969131,0
1.4707294,4.1112604,3.979455,-0.2874445,0.7772525,0.55969131,0
-1.0091316,1.7592815,0.31247592,0.39254928,0.62862104,-0.67137223,0
1.473068,-3.9515252,-2.6894159,0.2874445,-0.7772525,-0.55969131,0
-2.2017972,3.6094353,2.7902222,-0.2874445,0.7772525,0.55969131,0
4.1276197,1.3054149,2.9410098,0.87365949,-0.02672413,0.48580357,0
-1.0961852,-3.0864074,-4.2755537,0.39254928,0.62862104,-0.67137223,0
3.7692828,0.39190274,1.826092,0.39254928,0.62862104,-0.67137223,0
3.8554387,-3.7163873,-1.7924256,0.2874445,-0.7772525,-0.55969131,0
4.7281141,-1.6020193,1.7011541,0.87365949,-0.02672413,0.48580357,0
-0.5635848,-3.5476007,-4.29633,0.2874445,-0.7772525,-0.55969131,0
3.3587656,2.924284,4.412755,0.87365949,-0.02672413,0.48580357,0
-3.7226586,-1.3071198,-3.6693771,-0.87365949,0.02672413,-0.48580357,0
-5.1016636,2.2075219,-0.17123079,-0.39254928,-0.62862104,0.67137223,0
3.4320261,-3.7821159,-1.9186015,0.2874445,-0.7772525,-0.55969131,0
-0.62335634,-1.3835821,-2.4046974,0.39254928,0.62862104,-0.67137223,0
3.6046503,-3.9401078,-1.610539,0.2874445,-0.7772525,-0.55969131,0
-3.8280883,-0.99063802,-2.4210849,-0.39254928,-0.62862104,0.67137223,0
-0.57068419,-2.9369709,-2.3388867,-0.39254928,-0.62862104,0.67137223,0
-5.0557432,3.7084253,1.1870327,-0.2874445,0.7772525,0.55969131,0
0.52219319,4.0172977,3.6227961,-0.2874445,0.7772525,0.55969131,0
4.4711127,0.12698424,2.2584524,0.87365949,-0.02672413,0.48580357,0
-0.15328622,3.6373453,3.8035307,-0.2874445,0.7772525,0.55969131,0
1.589561,2.4537416,3.9716487,-0.39254928,-0.62862104,0.67137223,0
4.0917296,0.46377605,2.9592555,0.87365949,-0.02672413,0.48580357,0
-0.28663015,-4.1003385,-3.3864961,0.2874445,-0.7772525,-0.55969131,0
-4.9177938,1.2794133,-1.3777843,-0.87365949,0.02672413,-0.48580357,0
-3.6231141,2.0777535,-0.91771889,0.39254928,0.62862104,-0.67137223,0
-4.8479757,4.2733402,0.50923157,-0.2874445,0.7772525,0.55969131,0
-4.2273002,4.1864123,0.94871426,-0.2874445,0.7772525,0.55969131,0
3.2588115,2.7376981,4.5822473,0.87365949,-0.02672413,0.48580357,0
-2.9193792,-3.0299268,-5.2087498,-0.87365949,0.02672413,-0.48580357,0
-1.6205647,1.4087217,1.1162226,-0.39254928,-0.62862104,0.67137223,0
-5.2624302,3.9752054,0.71040249,-0.2874445,0.7772525,0.55969131,0
5.4127159,-3.0051005,0.39279509,0.87365949,-0.02672413,0.48580357,0
-0.86787653,-3.786428,-4.1209435,0.2874445,-0.7772525,-0.55969131,0
-3.2663507,-2.3660111,-4.5482426,-0.87365949,0.02672413,-0.48580357,0
4.9054766,-1.8876524,1.3664763,0.87365949,-0.02672413,0.48580357,0
0.48794329,-1.2687058,-0.1578759,-0.39254928,-0.62862104,0.67137223,0
0.16209936,0.01366955,0.85232139,-0.39254928,-0.62862104,0.67137223,0
1.7879863,-3.6537333,-2.9412293,0.2874445,-0.7772525,-0.55969131,0
2.8156688,-2.271395,-1.2251892,0.39254928,0.62862104,-0.67137223,0
4.1813431,0.59203255,2.8051515,0.87365949,-0.02672413,0.48580357,0
2.6506147,0.72792363,2.9761212,-0.39254928,-0.62862104,0.67137223,0
-1.088738,-2.1440156,-3.3888159,0.39254928,0.62862104,-0.67137223,0
-2.1475248,-0.31267047,-2.2931547,0.39254928,0.62862104,-0.67137223,0
-2.332603,-3.8510563,-4.7834435,0.2874445,-0.7772525,-0.55969131,0
4.8900805,-1.7306319,1.4028015,0.87365949,-0.02672413,0.48580357,0
2.3623786,2.874553,3.3280416,0.39254928,0.62862104,-0.67137223,0
-3.9433298,-0.45658314,-3.225738,-0.87365949,0.02672413,-0.48580357,0
0.23635745,3.5437403,2.7115383,0.39254928,0.62862104,-0.67137223,0
3.8504577,0.43494505,3.3915687,0.87365949,-0.02672413,0.48580357,0
0.35807776,-4.1624866,-2.9690838,0.2874445,-0.7772525,-0.55969131,0
-5.4031696,2.8934059,-0.41610765,-0.87365949,0.02672413,-0.48580357,0
5.6309667,-3.0260348,-0.00085449219,0.87365949,-0.02672413,0.48580357,0
5.0602589,-1.3352239,0.96377373,0.39254928,0.62862104,-0.67137223,0
-3.5915601,4.029788,1.4927225,-0.2874445,0.7772525,0.55969131,0
-0.24106932,3.5364428,3.8985739,-0.2874445,0.7772525,0.55969131,0
-5.3169022,2.9377134,-0.56881189,-0.87365949,0.02672413,-0.48580357,0
5.7768025,-3.8353364,-0.30764055,0.87365949,-0.02672413,0.48580357,0
4.0770659,1.399099,3.0370784,0.87365949,-0.02672413,0.48580357,0
4.012269,-4.0634499,-1.2299099,0.2874445,-0.7772525,-0.55969131,0
-3.1656146,-3.4871879,-4.791081,-0.87365949,0.02672413,-0.48580357,0
-4.4718242,0.89093298,-2.2011769,-0.87365949,0.02672413,-0.48580357,0
-2.7309337,3.755547,2.3155622,-0.2874445,0.7772525,0.55969131,0
-5.183445,2.0248408,-0.85903645,-0.87365949,0.02672413,-0.48580357,0
5.8206625,-3.9181042,-0.39107227,0.87365949,-0.02672413,0.48580357,0
0.86539984,3.7100306,4.2257671,-0.2874445,0.7772525,0.55969131,0
0.95248401,-3.3689961,-3.3422971,0.39254928,0.62862104,-0.67137223,0
4.0710816,-0.10812438,1.5343659,0.39254928,0.62862104,-0.67137223,0
4.2993312,-3.9863098,-1.1896071,0.2874445,-0.7772525,-0.55969131,0
1.6008344,-1.7436308,0.048145056,-0.39254928,-0.62862104,0.67137223,0
-2.5573263,-3.7821078,-4.291791,-0.39254928,-0.62862104,0.67137223,0
1.4647007,-3.7313526,-2.9994702,0.2874445,-0.7772525,-0.55969131,0
3.6890163,-4.0324931,-1.4389138,0.2874445,-0.7772525,-0.55969131,0
-2.4171338,-1.0972558,-3.1854198,0.39254928,0.62862104,-0.67137223,0
1.2327228,3.6627183,4.4801173,-0.2874445,0.7772525,0.55969131,0
3.0835838,-0.47272238,2.1050844,-0.39254928,-0.62862104,0.67137223,0
-5.7467198,3.1523285,0.21597004,-0.87365949,0.02672413,-0.48580357,0
1.175386,3.580337,4.5650749,-0.2874445,0.7772525,0.55969131,0
3.7572904,1.1312356,3.5974214,0.87365949,-0.02672413,0.48580357,0
-1.0135024,-0.96946806,-2.24507,0.39254928,0.62862104,-0.67137223,0
4.624083,-0.88343966,1.9277697,0.87365949,-0.02672413,0.48580357,0
1.1641121,3.5513783,4.5995007,-0.2874445,0.7772525,0.55969131,0
-4.9004197,1.2826573,-1.4088507,-0.87365949,0.02672413,-0.48580357,0
3.5908756,2.3181596,3.9619904,0.87365949,-0.02672413,0.48580357,0
1.3798718,1.1561961,1.1446363,0.39254928,0.62862104,-0.67137223,0
-5.2826257,4.0120912,0.64880514,-0.2874445,0.7772525,0.55969131,0
-2.9365897,-0.30881679,-2.7509103,0.39254928,0.62862104,-0.67137223,0
-3.4439039,-1.8347192,-4.199707,-0.87365949,0.02672413,-0.48580357,0
0.44115639,3.1281335,3.9316292,-0.39254928,-0.62862104,0.67137223,0
4.9627275,-2.2077584,1.2459075,0.87365949,-0.02672413,0.48580357,0
-1.7137232,-3.9755988,-4.2926464,0.2874445,-0.7772525,-0.55969131,0
-4.6983681,0.91142809,-1.7926384,-0.87365949,0.02672413,-0.48580357,0
-3.6189964,4.09583,1.386919,-0.2874445,0.7772525,0.55969131,0
0.2861861,0.85085511,0.21926367,0.39254928,0.62862104,-0.67137223,0
-1.6734118,-3.6266303,-4.7565613,0.2874445,-0.7772525,-0.55969131,0
-3.7821832,-1.3716586,-3.5658796,-0.87365949,0.02672413,-0.48580357,0
4.7098508,-0.66145611,1.7857386,0.87365949,-0.02672413,0.48580357,0
-2.9604363,-3.8150573,-5.1558747,0.2874445,-0.7772525,-0.55969131,0
4.8506837,-1.5885819,1.4814668,0.87365949,-0.02672413,0.48580357,0
4.0954933,-3.5485601,-0.18323183,-0.39254928,-0.62862104,0.67137223,0
0.14030182,-2.2567105,-1.2862322,-0.39254928,-0.62862104,0.67137223,0
0.95943761,-4.0743709,-2.7826061,0.2874445,-0.7772525,-0.55969131,0
0.40378213,-3.5706596,-3.7674913,0.2874445,-0.7772525,-0.55969131,0
5.1215363,-4.0566688,-0.66963196,0.2874445,-0.7772525,-0.55969131,0
-2.2916493,2.1002147,-0.11818457,0.39254928,0.62862104,-0.67137223,0
-0.48517561,-3.6195178,-4.1561885,0.2874445,-0.7772525,-0.55969131,0
-4.2895584,-0.46718639,-2.6036711,-0.87365949,0.02672413,-0.48580357,0
1.2364763,-0.16057521,-0.17212981,0.39254928,0.62862104,-0.67137223,0
-3.0968294,-3.6289492,-4.9225817,-0.87365949,0.02672413,-0.48580357,0
0.7312603,2.6530168,3.6563892,-0.39254928,-0.62862104,0.67137223,0
-3.8384247,-1.3891392,-2.8002543,-0.39254928,-0.62862104,0.67137223,0
-5.0963607,2.7443173,-0.97606921,-0.87365949,0.02672413,-0.48580357,0
4.3068395,-3.7606845,-1.4990807,0.2874445,-0.7772525,-0.55969131,0
-3.3090301,-3.2104745,-4.5179429,-0.87365949,0.02672413,-0.48580357,0
-0.049407244,-3.7646496,-3.7308407,0.2874445,-0.7772525,-0.55969131,0
-3.6466889,1.5578549,-1.4182963,0.39254928,0.62862104,-0.67137223,0
-1.1813598,-3.7267506,-4.3648157,0.2874445,-0.7772525,-0.55969131,0
2.9234395,3.4450381,5.2242851,0.87365949,-0.02672413,0.48580357,0
3.7701402,0.98933411,3.5665059,0.87365949,-0.02672413,0.48580357,0
-3.9244335,4.0247622,1.3287454,-0.2874445,0.7772525,0.55969131,0
3.4329224,-3.9055991,-1.7466578,0.2874445,-0.7772525,-0.55969131,0
-0.061047215,0.74502134,-0.082857072,0.39254928,0.62862104,-0.67137223,0
-3.5904469,-1.2208607,-2.4976997,-0.39254928,-0.62862104,0.67137223,0
5.2870879,-2.9637101,0.62099934,0.87365949,-0.02672413,0.48580357,0
2.3364267,3.7856135,4.8762889,-0.2874445,0.7772525,0.55969131,0
-4.762464,0.55761623,-1.696833,-0.87365949,0.02672413,-0.48580357,0
-4.9414554,2.6229205,-1.178097,0.39254928,0.62862104,-0.67137223,0
-0.81915951,3.8838899,3.1191735,-0.2874445,0.7772525,0.55969131,0
-3.728281,-1.7279178,-3.6824138,-0.87365949,0.02672413,-0.48580357,0
-0.40805674,3.8690701,3.3508878,-0.2874445,0.7772525,0.55969131,0
1.4509135,-2.0048497,-1.7735848,0.39254928,0.62862104,-0.67137223,0
2.4470785,1.7197611,2.2963071,0.39254928,0.62862104,-0.67137223,0
2.9494939,2.2287955,3.0666888,0.39254928,0.62862104,-0.67137223,0
-2.7805746,0.13350292,-2.2455349,0.39254928,0.62862104,-0.67137223,0
0.38528913,-0.49434832,-0.98233557,0.39254928,0.62862104,-0.67137223,0
5.1288309,-1.6966788,0.97530651,0.87365949,-0.02672413,0.48580357,0
4.973021,-1.8961501,1.2445376,0.87365949,-0.02672413,0.48580357,0
-3.1581275,3.7153783,2.1519499,-0.2874445,0.7772525,0.55969131,0
4.761189,-0.41549373,1.7069434,0.87365949,-0.02672413,0.48580357,0
0.96831059,-3.579268,-3.4656081,0.2874445,-0.7772525,-0.55969131,0
4.2235627,0.73774314,2.7372389,0.87365949,-0.02672413,0.48580357,0
4.6504502,-0.79696554,1.8851091,0.87365949,-0.02672413,0.48580357,0
-2.0878544,-1.7119224,-2.0789304,-0.39254928,-0.62862104,0.67137223,0
0.31608224,-3.8252065,-3.4590383,0.2874445,-0.7772525,-0.55969131,0
3.0207081,3.22153,5.0370646,0.87365949,-0.02672413,0.48580357,0
0.74508345,-2.364969,-2.5234694,0.39254928,0.62862104,-0.67137223,0
1.8722124,1.3812759,3.13274,-0.39254928,-0.62862104,0.67137223,0
5.0817509,-3.9524128,0.015293598,-0.39254928,-0.62862104,0.67137223,0
5.5304675,-3.3989754,0.15936565,0.87365949,-0.02672413,0.48580357,0
4.351994,-0.01660198,2.4647763,0.87365949,-0.02672413,0.48580357,0
2.3266211,1.9978076,2.4862173,0.39254928,0.62862104,-0.67137223,0
-2.3225665,4.1256342,2.0113454,-0.2874445,0.7772525,0.55969131,0
-4.1067457,-0.81139088,-2.9513721,-0.87365949,0.02672413,-0.48580357,0
-0.16140842,3.6809354,3.7388258,-0.2874445,0.7772525,0.55969131,0
-4.5609989,4.0263782,0.99957609,-0.2874445,0.7772525,0.55969131,0
-5.5108156,2.7627323,0.10939598,-0.39254928,-0.62862104,0.67137223,0
-4.7882905,1.8288525,-1.5804558,-0.87365949,0.02672413,-0.48580357,0
0.26189804,0.79827803,1.6453203,-0.39254928,-0.62862104,0.67137223,0
4.8792024,-3.8117146,-1.1342607,0.2874445,-0.7772525,-0.55969131,0
-4.9092937,1.4470326,-1.3838503,-0.87365949,0.02672413,-0.48580357,0
-1.5908999,-0.31128246,-0.47691166,-0.39254928,-0.62862104,0.67137223,0
0.27103662,2.5809071,3.3197794,-0.39254928,-0.62862104,0.67137223,0
-0.88663048,-0.14484939,0.090707541,-0.39254928,-0.62862104,0.67137223,0
-1.4222106,4.0927267,2.5194454,-0.2874445,0.7772525,0.55969131,0
-2.8126349,-3.6385958,-5.3250237,0.2874445,-0.7772525,-0.55969131,0
-3.8754668,-1.1464158,-3.3857296,-0.87365949,0.02672413,-0.48580357,0
4.5259051,0.13989627,2.160625,0.87365949,-0.02672413,0.48580357,0
0.74506569,-2.7579885,-2.8914731,0.39254928,0.62862104,-0.67137223,0
1.257607,3.3586013,4.6247969,-0.39254928,-0.62862104,0.67137223,0
-3.1699796,3.8930311,1.8991532,-0.2874445,0.7772525,0.55969131,0
-0.50794721,-4.0899601,-3.5145726,0.2874445,-0.7772525,-0.55969131,0
-2.8412857,-3.812341,-5.0984554,0.2874445,-0.7772525,-0.55969131,0
4.700738,-4.181653,-0.42212677,-0.39254928,-0.62862104,0.67137223,0
4.4847226,0.095382929,2.2322376,0.87365949,-0.02672413,0.48580357,0
4.4551625,0.11368358,2.2864056,0.87365949,-0.02672413,0.48580357,0
0.017359257,3.3495581,3.8911605,-0.39254928,-0.62862104,0.67137223,0
-2.6751275,-2.9511685,-5.0721288,0.39254928,0.62862104,-0.67137223,0
-3.5892963,0.39650381,-2.4721384,0.39254928,0.62862104,-0.67137223,0
2.8887968,-1.1420717,-0.12502074,0.39254928,0.62862104,-0.67137223,0
1.1682751,1.2536643,1.112178,0.39254928,0.62862104,-0.67137223,0
-1.0674825,-4.0799413,-3.8158495,0.2874445,-0.7772525,-0.55969131,0
-5.5462022,3.645499,-0.11750793,-0.87365949,0.02672413,-0.48580357,0
3.4924088,2.6410761,4.1568365,0.87365949,-0.02672413,0.48580357,0
-3.0674429,-3.7758131,-4.9835091,-0.87365949,0.02672413,-0.48580357,0
-3.5468946,-1.8866253,-4.0173459,-0.87365949,0.02672413,-0.48580357,0
-2.3268757,3.5580597,1.2262321,0.39254928,0.62862104,-0.67137223,0
0.20031095,3.6941266,2.8312724,0.39254928,0.62862104,-0.67137223,0
1.1534251,-3.5605304,-3.3965578,0.2874445,-0.7772525,-0.55969131,0
0.0073754787,-4.0055361,-3.3671556,0.2874445,-0.7772525,-0.55969131,0
-3.7246602,4.0156817,1.4439545,-0.2874445,0.7772525,0.55969131,0
1.4764316,1.3469079,1.379662,0.39254928,0.62862104,-0.67137223,0
-4.9155598,3.8987463,0.031629086,0.39254928,0.62862104,-0.67137223,0
-3.1529522,-1.8448,-4.3155928,0.39254928,0.62862104,-0.67137223,0
-5.8201265,3.2241383,0.35193205,-0.87365949,0.02672413,-0.48580357,0
4.9002442,-1.5247324,1.3958499,0.87365949,-0.02672413,0.48580357,0
3.9087381,1.1790093,3.3276868,0.87365949,-0.02672413,0.48580357,0
-0.326684,-1.7649832,-1.0988618,-0.39254928,-0.62862104,0.67137223,0
3.6518698,1.8870573,3.8285856,0.87365949,-0.02672413,0.48580357,0
5.4771175,-2.8922091,-0.25033092,0.39254928,0.62862104,-0.67137223,0
4.2855887,-3.8694563,-1.3589396,0.2874445,-0.7772525,-0.55969131,0
-2.9351873,-3.3857634,-5.1998978,-0.87365949,0.02672413,-0.48580357,0
2.5686376,-3.5354133,-1.0636702,-0.39254928,-0.62862104,0.67137223,0
-2.9590983,-2.573416,-4.8844666,0.39254928,0.62862104,-0.67137223,0
-1.8810077,-3.2915783,-3.4370556,-0.39254928,-0.62862104,0.67137223,0
4.1994958,0.55996603,2.7707419,0.87365949,-0.02672413,0.48580357,0
3.9080274,-3.3611827,-1.606883,0.39254928,0.62862104,-0.67137223,0
-3.2068152,0.10544279,-2.5210299,0.39254928,0.62862104,-0.67137223,0
0.067552328,-4.1069579,-3.1954041,0.2874445,-0.7772525,-0.55969131,0
-0.44082785,3.6097963,3.6941156,-0.2874445,0.7772525,0.55969131,0
3.7245927,1.3443006,3.6679437,0.87365949,-0.02672413,0.48580357,0
-2.3665924,-4.0852375,-4.475688,0.2874445,-0.7772525,-0.55969131,0
-1.6234403,-3.9043686,-4.3451977,0.2874445,-0.7772525,-0.55969131,0
-1.4803252,-3.9158342,-4.255775,0.2874445,-0.7772525,-0.55969131,0
3.3654494,2.7522206,4.3912702,0.87365949,-0.02672413,0.48580357,0
5.1431284,-2.3253407,0.91501045,0.87365949,-0.02672413,0.48580357,0
-5.6089931,4.2725492,0.029907227,-0.87365949,0.02672413,-0.48580357,0
-4.0681438,4.2280736,0.97259808,-0.2874445,0.7772525,0.55969131,0
1.5148891,-0.081752419,0.064460874,0.39254928,0.62862104,-0.67137223,0
4.6304154,-3.7180839,-1.3920584,0.2874445,-0.7772525,-0.55969131,0
-4.9266043,2.2149465,-1.3104763,-0.87365949,0.02672413,-0.48580357,0
2.0028868,2.7730732,3.0228298,0.39254928,0.62862104,-0.67137223,0
-5.7603555,3.9023736,0.28175116,-0.87365949,0.02672413,-0.48580357,0
-1.2085512,-2.9034243,-2.6804354,-0.39254928,-0.62862104,0.67137223,0
-4.444479,3.9423649,1.1760888,-0.2874445,0.7772525,0.55969131,0
-3.1191449,-2.6534367,-4.8287868,-0.87365949,0.02672413,-0.48580357,0
0.62781525,4.047811,3.634666,-0.2874445,0.7772525,0.55969131,0
-3.81111,-1.0809436,-3.4978666,-0.87365949,0.02672413,-0.48580357,0
0.31996799,-4.1502733,-3.0056157,0.2874445,-0.7772525,-0.55969131,0
-5.2145014,2.6435385,-0.76915026,-0.87365949,0.02672413,-0.48580357,0
-3.995259,3.66081,1.7977972,-0.2874445,0.7772525,0.55969131,0
1.5163693,1.8502157,3.363759,-0.39254928,-0.62862104,0.67137223,0
5.044735,-1.7017777,1.126261,0.87365949,-0.02672413,0.48580357,0
0.68274409,0.74293226,0.35007933,0.39254928,0.62862104,-0.67137223,0
-4.9849854,1.8194011,-1.2272441,-0.87365949,0.02672413,-0.48580357,0
-3.2882035,2.5968809,1.2536597,-0.39254928,-0.62862104,0.67137223,0
-3.5087137,3.8938072,1.7241092,-0.2874445,0.7772525,0.55969131,0
-5.4657631,3.5035503,-0.26997805,-0.87365949,0.02672413,-0.48580357,0
-3.7552857,-1.2689269,-3.6086001,-0.87365949,0.02672413,-0.48580357,0
1.9007301,3.6713281,4.8112345,-0.2874445,0.7772525,0.55969131,0
-1.4573784,3.6276617,3.1472278,-0.2874445,0.7772525,0.55969131,0
4.699501,-4.1113434,-0.81045151,0.2874445,-0.7772525,-0.55969131,0
-2.5847139,-3.7670722,-4.293726,-0.39254928,-0.62862104,0.67137223,0
-2.2877774,1.2805831,-0.88336062,0.39254928,0.62862104,-0.67137223,0
5.4678373,-3.2605281,0.2796154,0.87365949,-0.02672413,0.48580357,0
1.3492002,-3.8014035,-2.9615078,0.2874445,-0.7772525,-0.55969131,0
-0.2848714,1.3937349,0.39367902,0.39254928,0.62862104,-0.67137223,0
-5.5767746,3.1544523,-0.089539528,-0.87365949,0.02672413,-0.48580357,0
-3.5037532,-1.5811944,-4.0781298,-0.87365949,0.02672413,-0.48580357,0
1.5581529,-3.1379309,-1.2823253,-0.39254928,-0.62862104,0.67137223,0
2.3739319,0.80139726,2.8831406,-0.39254928,-0.62862104,0.67137223,0
-2.2251463,-3.7983291,-4.8014793,0.2874445,-0.7772525,-0.55969131,0
-4.9051456,3.9197779,0.97086763,-0.2874445,0.7772525,0.55969131,0
0.59035897,-4.0955071,-2.9428039,0.2874445,-0.7772525,-0.55969131,0
-4.1646991,-0.059771299,-2.8058023,-0.87365949,0.02672413,-0.48580357,0
1.6551743,3.5083907,4.911397,-0.2874445,0.7772525,0.55969131,0
4.6302428,-0.54699707,1.9352016,0.87365949,-0.02672413,0.48580357,0
5.632308,-3.3221698,-0.019556999,0.87365949,-0.02672413,0.48580357,0
-0.044208288,-3.655304,-3.8800225,0.2874445,-0.7772525,-0.55969131,0
2.0027876,-4.0909052,-2.223805,0.2874445,-0.7772525,-0.55969131,0
3.9666409,0.92802316,3.2097511,0.87365949,-0.02672413,0.48580357,0
-4.9447408,1.9362447,-1.2931921,-0.87365949,0.02672413,-0.48580357,0
2.6811566,2.7619021,3.4089522,0.39254928,0.62862104,-0.67137223,0
-1.5964965,4.0526004,2.4856601,-0.2874445,0.7772525,0.55969131,0
4.1984854,0.04791677,2.744391,0.87365949,-0.02672413,0.48580357,0
4.5000472,-0.5053407,1.4132578,0.39254928,0.62862104,-0.67137223,0
0.29425859,1.483989,2.3062885,-0.39254928,-0.62862104,0.67137223,0
5.3434343,-3.5190332,0.48911858,0.87365949,-0.02672413,0.48580357,0
-3.995295,-0.28785518,-3.1230037,-0.87365949,0.02672413,-0.48580357,0
-5.836628,3.9150209,0.41961288,-0.87365949,0.02672413,-0.48580357,0
-2.3611286,0.46948305,-1.6857002,0.39254928,0.62862104,-0.67137223,0
3.3309827,2.7308712,4.4520807,0.87365949,-0.02672413,0.48580357,0
-3.6656663,3.7890441,1.7889876,-0.2874445,0.7772525,0.55969131,0
5.0849838,-2.344636,1.0185146,0.87365949,-0.02672413,0.48580357,0
5.0720448,-4.2491355,-0.42776823,0.2874445,-0.7772525,-0.55969131,0
3.2805796,2.5306754,4.5317121,0.87365949,-0.02672413,0.48580357,0
-1.598294,-0.34967297,-0.51718092,-0.39254928,-0.62862104,0.67137223,0
-4.1519861,-0.35192454,-2.8447385,-0.87365949,0.02672413,-0.48580357,0
-4.6627979,0.71863693,-1.8672113,-0.87365949,0.02672413,-0.48580357,0
-2.6455483,-3.56739,-5.3380971,0.2874445,-0.7772525,-0.55969131,0
4.7490029,-0.66541624,1.7151101,0.87365949,-0.02672413,0.48580357,0
-5.2544813,3.3245587,-0.65978813,-0.87365949,0.02672413,-0.48580357,0
2.2317815,-3.6729202,-2.6866622,0.2874445,-0.7772525,-0.55969131,0
3.2675676,2.4536977,3.4632461,0.39254928,0.62862104,-0.67137223,0
3.6967988,1.5671865,3.7301896,0.87365949,-0.02672413,0.48580357,0
3.4511154,-3.8762195,-1.7781153,0.2874445,-0.7772525,-0.55969131,0
-3.3299119,3.800441,1.9455972,-0.2874445,0.7772525,0.55969131,0
-0.455338,4.0704894,3.0468907,-0.2874445,0.7772525,0.55969131,0
-5.386343,2.0774269,-0.45949221,-0.39254928,-0.62862104,0.67137223,0
2.1316328,2.6346827,2.9685292,0.39254928,0.62862104,-0.67137223,0
2.4274788,-4.1199927,-1.6935601,-0.39254928,-0.62862104,0.67137223,0
-3.2442331,-3.6972227,-4.6612482,-0.87365949,0.02672413,-0.48580357,0
-1.5682034,-3.8707438,-4.3635254,0.2874445,-0.7772525,-0.55969131,0
-3.771569,0.30562508,-1.1743175,-0.39254928,-0.62862104,0.67137223,0
-0.23209143,-3.6010153,-4.0519052,0.2874445,-0.7772525,-0.55969131,0
-2.4080808,2.519279,1.6956043,-0.39254928,-0.62862104,0.67137223,0
-3.1005104,4.1592002,1.5651979,-0.2874445,0.7772525,0.55969131,0
1.333384,2.2063067,2.1006973,0.39254928,0.62862104,-0.67137223,0
0.03052175,2.2580173,1.3873355,0.39254928,0.62862104,-0.67137223,0
-5.8283281,3.9720984,0.42408371,-0.2874445,0.7772525,0.55969131,0
2.1884069,-1.9252536,-1.2678473,0.39254928,0.62862104,-0.67137223,0
2.2516494,-2.8118746,-0.57154655,-0.39254928,-0.62862104,0.67137223,0
-0.58440733,3.958775,3.1357431,-0.2874445,0.7772525,0.55969131,0
-0.25055504,3.8764105,3.4215837,-0.2874445,0.7772525,0.55969131,0
-0.80654866,2.2755218,0.91429281,0.39254928,0.62862104,-0.67137223,0
-2.5525684,-3.5185242,-5.3582044,0.2874445,-0.7772525,-0.55969131,0
4.4400287,-1.1261044,2.2454219,0.87365949,-0.02672413,0.48580357,0
-3.3413339,-2.8853161,-4.4419622,-0.87365949,0.02672413,-0.48580357,0
3.838263,1.3343019,3.4629712,0.87365949,-0.02672413,0.48580357,0
-2.0760818,-3.8992264,-4.5848055,0.2874445,-0.7772525,-0.55969131,0
1.0798275,-1.0749331,-1.1198559,0.39254928,0.62862104,-0.67137223,0
-5.9973435,3.7028022,0.69696856,-0.87365949,0.02672413,-0.48580357,0
-4.6232634,0.83787704,-1.9317513,-0.87365949,0.02672413,-0.48580357,0
5.1199279,-2.3472357,0.95553041,0.87365949,-0.02672413,0.48580357,0
-2.1926823,1.8608456,-0.28444576,0.39254928,0.62862104,-0.67137223,0
3.8966084,1.8068508,3.3840406,0.87365949,-0.02672413,0.48580357,0
0.96332788,3.6909142,4.3026071,-0.2874445,0.7772525,0.55969131,0
-3.9342828,-1.2317795,-3.2846522,-0.87365949,0.02672413,-0.48580357,0
3.5886297,2.4910822,3.9755425,0.87365949,-0.02672413,0.48580357,0
3.1522546,3.1079326,4.7942419,0.87365949,-0.02672413,0.48580357,0
-4.2343965,-0.12105846,-2.6838329,-0.87365949,0.02672413,-0.48580357,0
-4.2678494,-0.24246722,-2.6303501,-0.87365949,0.02672413,-0.48580357,0
2.158217,3.6957693,3.9775922,0.39254928,0.62862104,-0.67137223,0
-4.5375786,0.54387426,-2.1020193,-0.87365949,0.02672413,-0.48580357,0
3.3213506,2.4556589,4.4542637,0.87365949,-0.02672413,0.48580357,0
-1.534672,3.6001832,3.1456923,-0.2874445,0.7772525,0.55969131,0
-5.0392017,1.9617455,-1.1219115,-0.87365949,0.02672413,-0.48580357,0
1.9846463,3.878947,4.5660086,-0.2874445,0.7772525,0.55969131,0
4.2851157,0.25839388,2.6001754,0.87365949,-0.02672413,0.48580357,0
-3.1734538,-3.2740746,-4.7652588,-0.87365949,0.02672413,-0.48580357,0
-4.3854299,0.18652403,-2.3952968,-0.87365949,0.02672413,-0.48580357,0
-3.2099872,-3.3539252,-4.7039509,-0.87365949,0.02672413,-0.48580357,0
2.6329327,3.6226864,4.1867275,0.39254928,0.62862104,-0.67137223,0
4.3702474,-0.52263153,2.4041131,0.87365949,-0.02672413,0.48580357,0
5.3857622,-3.3145406,0.42424631,0.87365949,-0.02672413,0.48580357,0
-4.7039347,1.0865333,-1.772995,-0.87365949,0.02672413,-0.48580357,0
4.8925219,-2.8098099,-0.51499033,0.39254928,0.62862104,-0.67137223,0
-2.8028913,-4.0749512,-4.714047,0.2874445,-0.7772525,-0.55969131,0
-4.0745244,-0.65666234,-3.0008073,-0.87365949,0.02672413,-0.48580357,0
4.0012622,-3.6461439,-1.8150816,0.2874445,-0.7772525,-0.55969131,0
2.6168404,3.7629814,5.0517311,-0.2874445,0.7772525,0.55969131,0
2.5903049,-3.7352312,-2.4159994,0.2874445,-0.7772525,-0.55969131,0
3.5947883,-3.7171028,-1.9252954,0.2874445,-0.7772525,-0.55969131,0
1.3012938,2.4062033,3.758589,-0.39254928,-0.62862104,0.67137223,0
-4.6590571,1.0815868,-1.8539739,-0.87365949,0.02672413,-0.48580357,0
4.5574765,-2.989821,-0.8794384,0.39254928,0.62862104,-0.67137223,0
-0.73432207,-4.1384363,-3.5635133,0.2874445,-0.7772525,-0.55969131,0
-1.964922,4.2007289,2.0907378,-0.2874445,0.7772525,0.55969131,0
5.0206318,-4.0163164,-0.77749157,0.2874445,-0.7772525,-0.55969131,0
2.5449443,3.8906245,4.8375473,-0.2874445,0.7772525,0.55969131,0
-5.2567377,4.1523433,0.46733189,-0.2874445,0.7772525,0.55969131,0
0.52170944,3.2702107,2.6222715,0.39254928,0.62862104,-0.67137223,0
4.094749,0.86899263,2.9761167,0.87365949,-0.02672413,0.48580357,0
5.5351105,-3.9515617,-0.60319376,0.2874445,-0.7772525,-0.55969131,0
-5.4594655,3.8103452,0.83815384,-0.2874445,0.7772525,0.55969131,0
-3.6582124,3.8427343,1.718255,-0.2874445,0.7772525,0.55969131,0
-5.3341923,3.7186043,1.0298929,-0.2874445,0.7772525,0.55969131,0
-2.8202395,-3.6704807,-5.2846508,0.2874445,-0.7772525,-0.55969131,0
4.2534533,-2.1560068,1.2130063,-0.39254928,-0.62862104,0.67137223,0
-3.4852128,-1.8554504,-4.1265583,-0.87365949,0.02672413,-0.48580357,0
4.97118,-1.9235826,1.246341,0.87365949,-0.02672413,0.48580357,0
0.59892392,-4.1435108,-2.8717422,0.2874445,-0.7772525,-0.55969131,0
0.090642214,-1.9675348,-1.0445058,-0.39254928,-0.62862104,0.67137223,0
2.0823655,-1.6580448,-1.0796559,0.39254928,0.62862104,-0.67137223,0
4.8656025,-1.7578175,1.4453278,0.87365949,-0.02672413,0.48580357,0
-2.0138364,0.18706077,-0.25759125,-0.39254928,-0.62862104,0.67137223,0
4.1676064,1.1795282,2.8621743,0.87365949,-0.02672413,0.48580357,0
0.90660286,3.7256722,4.2252054,-0.2874445,0.7772525,0.55969131,0
0.3232621,0.88723129,0.27500188,0.39254928,0.62862104,-0.67137223,0
1.3639326,3.5833442,4.6577325,-0.2874445,0.7772525,0.55969131,0
-1.9743456,3.9452133,2.4407372,-0.2874445,0.7772525,0.55969131,0
3.4182682,2.7694821,4.2972317,0.87365949,-0.02672413,0.48580357,0
-5.255146,4.1183934,0.51529455,-0.2874445,0.7772525,0.55969131,0
-2.2795699,3.6212745,2.73384,-0.2874445,0.7772525,0.55969131,0
4.1436319,0.98206633,2.8944268,0.87365949,-0.02672413,0.48580357,0
-5.7170391,3.2986126,0.17063808,-0.87365949,0.02672413,-0.48580357,0
-5.5533199,4.1067677,-0.079331875,-0.87365949,0.02672413,-0.48580357,0
-3.0717783,1.6863298,0.52763319,-0.39254928,-0.62862104,0.67137223,0
-3.8876023,-1.7186379,-3.3953831,-0.87365949,0.02672413,-0.48580357,0
5.3788347,-3.1687417,0.44472647,0.87365949,-0.02672413,0.48580357,0
4.0966063,0.16797066,2.9342124,0.87365949,-0.02672413,0.48580357,0
-4.9797602,3.7628613,1.1504607,-0.2874445,0.7772525,0.55969131,0
-1.8149261,3.5778563,1.5441031,0.39254928,0.62862104,-0.67137223,0
4.634357,-1.6795175,1.8655013,0.87365949,-0.02672413,0.48580357,0
4.1270175,-0.025370002,2.8688855,0.87365949,-0.02672413,0.48580357,0
