-1.1570742,1.8363172,-4.1572394,-0.42843449,0.17271835,-0.88691163,0
0.69513357,-0.31890318,0.31259796,0.5933761,-0.68646538,-0.42032143,0
2.1042395,3.6255593,-2.6363995,0.68143129,0.70635235,-0.1916185,0
0.63009953,2.0608203,-3.6657555,0.5933761,-0.68646538,-0.42032143,0
3.1935077,3.1971016,-0.34215498,0.68143129,0.70635235,-0.1916185,0
-2.4725366,-2.5567901,-0.50436783,0.5933761,-0.68646538,-0.42032143,0
2.8725109,0.45195472,3.7741957,0.42843449,-0.17271835,0.88691163,0
1.8956876,0.61459386,2.8619962,-0.5933761,0.68646538,0.42032143,0
3.2122416,-0.053409696,3.4324474,0.5933761,-0.68646538,-0.42032143,0
-1.3790317,1.298815,-4.1546941,-0.42843449,0.17271835,-0.88691163,0
2.6670661,2.558486,0.77621794,-0.5933761,0.68646538,0.42032143,0
-3.3076975,-0.099184632,-3.4952745,-0.42843449,0.17271835,-0.88691163,0
-4.7589207,-2.0629578,-3.1766696,-0.42843449,0.17271835,-0.88691163,0
-2.7489033,-3.4927461,0.83343577,-0.68143129,-0.70635235,0.1916185,0
-2.9801161,0.18230462,-3.3152618,-0.5933761,0.68646538,0.42032143,0
2.3426683,3.4961488,-1.2131228,-0.5933761,0.68646538,0.42032143,0
-2.3712175,-1.1621194,-2.6390977,0.5933761,-0.68646538,-0.42032143,0
-2.4837811,0.41081715,-3.7939596,-0.42843449,0.17271835,-0.88691163,0
-2.5666537,0.61171174,-3.7148044,-0.42843449,0.17271835,-0.88691163,0
3.3631182,2.5633962,-0.62830186,0.5933761,-0.68646538,-0.42032143,0
0.44443059,-1.5903981,4.414402,-0.5933761,0.68646538,0.42032143,0
0.69542801,-1.4808853,2.2107527,0.5933761,-0.68646538,-0.42032143,0
-0.083996058,3.0555911,-3.9193788,-0.5933761,0.68646538,0.42032143,0
4.7011533,2.6096478,2.8538167,0.68143129,0.70635235,-0.1916185,0
1.2772014,4.0024662,-4.1881313,0.68143129,0.70635235,-0.1916185,0
3.1485937,2.0074849,2.355891,-0.5933761,0.68646538,0.42032143,0
3.1368952,0.46669734,3.6493526,0.42843449,-0.17271835,0.88691163,0
-3.4590242,-2.812479,0.81574249,-0.68143129,-0.70635235,0.1916185,0
-4.2384906,-1.2069678,-3.2613735,-0.42843449,0.17271835,-0.88691163,0
2.5733039,-0.11392629,3.8085315,0.42843449,-0.17271835,0.88691163,0
0.7735222,0.95464814,0.72243917,-0.5933761,0.68646538,0.42032143,0
3.5212512,1.3476179,1.5805365,0.5933761,-0.68646538,-0.42032143,0
-0.27636814,2.7354059,-4.4075861,-0.42843449,0.17271835,-0.88691163,0
-2.7326548,-3.4619303,1.0048139,-0.68143129,-0.70635235,0.1916185,0
-3.0447803,-3.3042262,0.47617054,-0.68143129,-0.70635235,0.1916185,0
0.91002154,3.115288,-4.9067087,-0.42843449,0.17271835,-0.88691163,0
-0.25824529,-0.33487591,1.3719121,-0.5933761,0.68646538,0.42032143,0
0.60473943,3.9713979,-4.5925188,-0.42843449,0.17271835,-0.88691163,0
-0.47208595,-2.8487878,4.747057,0.42843449,-0.17271835,0.88691163,0
0.29189092,0.92962784,-2.295758,0.5933761,-0.68646538,-0.42032143,0
-1.4707252,-3.5665512,2.5590427,0.5933761,-0.68646538,-0.42032143,0
-3.6671076,-0.48333812,-3.3964667,-0.42843449,0.17271835,-0.88691163,0
-2.281507,-3.5252471,2.3757784,-0.68143129,-0.70635235,0.1916185,0
-4.8875923,-2.0916874,-3.1201077,-0.42843449,0.17271835,-0.88691163,0
-3.744163,-2.9352522,-0.65083575,-0.68143129,-0.70635235,0.1916185,0
1.9946814,-0.44205165,4.0241432,0.42843449,-0.17271835,0.88691163,0
1.7902219,2.5981998,-2.9056315,0.5933761,-0.68646538,-0.42032143,0
-4.3440337,-2.8711853,-2.547924,-0.68143129,-0.70635235,0.1916185,0
-0.30244505,-3.2410526,3.6767254,0.5933761,-0.68646538,-0.42032143,0
0.3285377,3.2063651,-4.608079,-0.42843449,0.17271835,-0.88691163,0
-2.813179,-3.1125257,2.006444,-0.68143129,-0.70635235,0.1916185,0
1.1952189,4.0637932,-4.2536116,0.68143129,0.70635235,-0.1916185,0
-1.9336703,0.97591358,-3.94965,-0.42843449,0.17271835,-0.88691163,0
4.164021,1.4977486,3.3539739,0.42843449,-0.17271835,0.88691163,0
-0.22048011,0.73156172,-0.31647065,-0.5933761,0.68646538,0.42032143,0
-2.2455561,-3.6629572,1.9959927,-0.68143129,-0.70635235,0.1916185,0
2.046303,0.22913718,3.7041478,-0.5933761,0.68646538,0.42032143,0
-2.1438074,0.98434186,-3.8464997,-0.42843449,0.17271835,-0.88691163,0
-1.5438123,1.4992092,-4.0360694,-0.42843449,0.17271835,-0.88691163,0
-3.152267,-2.7661238,1.2570577,-0.5933761,0.68646538,0.42032143,0
1.1818354,-1.3409684,4.2417431,0.42843449,-0.17271835,0.88691163,0
-0.38412261,-1.085518,2.420151,-0.5933761,0.68646538,0.42032143,0
1.0365746,1.3685038,0.41789007,-0.5933761,0.68646538,0.42032143,0
-0.24879068,-2.6845899,2.8436606,0.5933761,-0.68646538,-0.42032143,0
3.828088,0.59803689,3.3410394,0.42843449,-0.17271835,0.88691163,0
-2.5294228,-3.2186592,2.6243,-0.68143129,-0.70635235,0.1916185,0
4.1140919,2.9138911,1.8876302,0.68143129,0.70635235,-0.1916185,0
-2.5617485,-0.81135702,-3.4809356,0.5933761,-0.68646538,-0.42032143,0
-3.7551665,-2.9312141,-0.67508149,-0.68143129,-0.70635235,0.1916185,0
-4.7007928,-2.1921656,-3.2299111,-0.42843449,0.17271835,-0.88691163,0
3.6435668,2.9997261,0.5307641,0.68143129,0.70635235,-0.1916185,0
2.608979,0.30023742,3.871953,0.42843449,-0.17271835,0.88691163,0
-2.565949,-3.1900024,2.6000404,-0.68143129,-0.70635235,0.1916185,0
-3.3800085,-0.58147871,-2.6323931,-0.5933761,0.68646538,0.42032143,0
-1.5862586,-1.6873331,1.705951,-0.5933761,0.68646538,0.42032143,0
-2.6292558,-3.3598299,1.7488856,-0.68143129,-0.70635235,0.1916185,0
2.9124894,0.57554209,3.7789512,0.42843449,-0.17271835,0.88691163,0
2.3936977,3.389576,-2.4769239,0.68143129,0.70635235,-0.1916185,0
2.4124415,3.5210998,-1.9254379,0.68143129,0.70635235,-0.1916185,0
-1.5834827,-3.9538853,3.2780185,-0.68143129,-0.70635235,0.1916185,0
-4.1063452,-2.6379755,-0.84298897,-0.68143129,-0.70635235,0.1916185,0
2.3644233,3.4870281,-2.2217963,0.68143129,0.70635235,-0.1916185,0
1.4671926,3.7124553,-4.5815382,0.68143129,0.70635235,-0.1916185,0
-0.31932449,1.2913241,-3.7493422,0.5933761,-0.68646538,-0.42032143,0
-5.0496769,-1.9067478,-3.005795,-0.42843449,0.17271835,-0.88691163,0
1.111577,-0.92774332,4.273984,-0.5933761,0.68646538,0.42032143,0
2.6709173,0.58407974,3.8973086,0.42843449,-0.17271835,0.88691163,0
-2.9444654,0.073687196,-3.637073,-0.42843449,0.17271835,-0.88691163,0
-4.258564,-2.4756017,-0.78575897,-0.68143129,-0.70635235,0.1916185,0
-2.8351552,-1.912993,-2.0677271,0.5933761,-0.68646538,-0.42032143,0
0.81361961,3.0825915,-4.8665085,-0.42843449,0.17271835,-0.88691163,0
3.4918182,2.9711139,-0.11435509,0.68143129,0.70635235,-0.1916185,0
-1.7052457,0.96825504,-4.0614858,-0.42843449,0.17271835,-0.88691163,0
-1.5479074,0.34274966,-1.5554216,-0.5933761,0.68646538,0.42032143,0
1.6034005,-0.70423222,2.2241325,0.5933761,-0.68646538,-0.42032143,0
-0.92493129,0.38653231,-3.1265907,0.5933761,-0.68646538,-0.42032143,0
-1.2469769,-3.9445786,4.5090036,-0.68143129,-0.70635235,0.1916185,0
1.6876451,3.5986271,-4.2171645,0.68143129,0.70635235,-0.1916185,0
0.88965482,-0.26187259,0.49406564,0.5933761,-0.68646538,-0.42032143,0
4.0222359,2.8655863,1.382911,0.68143129,0.70635235,-0.1916185,0
-3.5517323,-0.54756808,-2.9302013,-0.5933761,0.68646538,0.42032143,0
1.6299776,3.6894474,-4.0874557,0.68143129,0.70635235,-0.1916185,0
-0.82835716,-2.6872361,2.0297968,0.5933761,-0.68646538,-0.42032143,0
2.5384655,2.879602,0.070226908,-0.5933761,0.68646538,0.42032143,0
-2.2356358,-3.3380504,3.2289565,-0.68143129,-0.70635235,0.1916185,0
4.5281744,2.5000756,3.3732591,0.42843449,-0.17271835,0.88691163,0
-5.0717187,-2.2236314,-3.0568578,-0.42843449,0.17271835,-0.88691163,0
0.42332506,3.5841503,-4.580297,-0.42843449,0.17271835,-0.88691163,0
-3.1392958,-3.0663853,1.0167964,-0.68143129,-0.70635235,0.1916185,0
2.3445568,-0.69362664,3.806139,0.42843449,-0.17271835,0.88691163,0
4.1246195,2.7567482,1.3458023,0.68143129,0.70635235,-0.1916185,0
-2.5790002,-0.011458635,-3.8301973,-0.42843449,0.17271835,-0.88691163,0
1.2377223,0.8068217,-0.75994277,0.5933761,-0.68646538,-0.42032143,0
-0.81227088,-2.9783492,4.886157,0.42843449,-0.17271835,0.88691163,0
-3.0246818,-0.10323048,-2.9118428,-0.5933761,0.68646538,0.42032143,0
0.056179762,-1.3259239,1.0552318,0.5933761,-0.68646538,-0.42032143,0
2.9307163,0.47864556,3.751277,0.42843449,-0.17271835,0.88691163,0
1.866117,3.4855542,-3.9993005,0.68143129,0.70635235,-0.1916185,0
-2.7967451,0.2485466,-3.6743791,-0.42843449,0.17271835,-0.88691163,0
-1.7014242,-3.5739193,4.259243,-0.68143129,-0.70635235,0.1916185,0
1.0633845,-1.4253225,4.2825346,0.42843449,-0.17271835,0.88691163,0
4.9434485,1.988565,3.0730431,0.42843449,-0.17271835,0.88691163,0
-1.847075,0.93633747,-2.9472051,-0.5933761,0.68646538,0.42032143,0
0.89476013,-0.091344833,2.6019001,-0.5933761,0.68646538,0.42032143,0
3.340199,3.0976815,-0.18698096,0.68143129,0.70635235,-0.1916185,0
1.1997684,1.9594682,-2.6960156,0.5933761,-0.68646538,-0.42032143,0
-1.5116453,-3.6424618,4.6814685,-0.68143129,-0.70635235,0.1916185,0
-1.1838984,-3.7970247,4.9062471,0.42843449,-0.17271835,0.88691163,0
-3.5998726,-1.0258602,-3.5345974,-0.42843449,0.17271835,-0.88691163,0
0.54361939,-1.6663111,4.4866843,0.42843449,-0.17271835,0.88691163,0
2.4818511,0.25322855,3.9242091,0.42843449,-0.17271835,0.88691163,0
1.4428439,-1.5502875,4.0748968,0.42843449,-0.17271835,0.88691163,0
-3.7697268,-2.804337,-0.259161,-0.68143129,-0.70635235,0.1916185,0
0.57589555,-0.040394545,2.068541,-0.5933761,0.68646538,0.42032143,0
0.90684819,3.0838497,-4.9112983,-0.42843449,0.17271835,-0.88691163,0
2.6378326,0.57311952,3.9111557,0.42843449,-0.17271835,0.88691163,0
1.7370791,0.86098748,-0.14345407,0.5933761,-0.68646538,-0.42032143,0
-0.84048092,-3.7089658,4.7575035,0.42843449,-0.17271835,0.88691163,0
-3.1741059,-3.1789162,0.47818804,-0.68143129,-0.70635235,0.1916185,0
-4.5964637,-2.641552,-2.5991268,-0.68143129,-0.70635235,0.1916185,0
3.9139025,1.3346249,3.4430301,0.42843449,-0.17271835,0.88691163,0
0.41637486,0.36817604,1.1760683,-0.5933761,0.68646538,0.42032143,0
-0.65611529,-2.726691,2.3373914,0.5933761,-0.68646538,-0.42032143,0
-0.45330399,-0.44244432,-1.1069076,0.5933761,-0.68646538,-0.42032143,0
-0.0750148,-0.72324038,-0.11427572,0.5933761,-0.68646538,-0.42032143,0
-1.7041327,0.62674123,-2.2397807,-0.5933761,0.68646538,0.42032143,0
0.5999831,3.6532323,-3.9298542,-0.5933761,0.68646538,0.42032143,0
1.5138702,-0.7893064,4.1887808,0.42843449,-0.17271835,0.88691163,0
-2.4913101,-3.5770192,1.1353595,0.5933761,-0.68646538,-0.42032143,0
4.8179626,1.6733592,3.0722773,0.42843449,-0.17271835,0.88691163,0
-2.4767318,-0.070695639,-3.8911352,-0.42843449,0.17271835,-0.88691163,0
-1.501271,-3.926353,3.6718705,-0.68143129,-0.70635235,0.1916185,0
-0.80913472,-4.2065291,4.6454649,0.42843449,-0.17271835,0.88691163,0
2.1594825,0.51728797,3.3933194,-0.5933761,0.68646538,0.42032143,0
2.1277878,3.72122,-2.2000282,0.68143129,0.70635235,-0.1916185,0
-1.707783,-3.9260917,2.9384365,-0.68143129,-0.70635235,0.1916185,0
0.31990564,3.2279971,-4.5996971,-0.42843449,0.17271835,-0.88691163,0
3.572397,3.1736479,0.91878629,0.68143129,0.70635235,-0.1916185,0
1.2669749,-0.79571557,1.8986037,0.5933761,-0.68646538,-0.42032143,0
-2.3069704,0.030185342,-3.9534955,-0.42843449,0.17271835,-0.88691163,0
-3.8664165,-1.9645747,-3.4393365,0.5933761,-0.68646538,-0.42032143,0
4.7511559,2.6065011,3.0200341,0.68143129,0.70635235,-0.1916185,0
0.24395871,-2.6563127,4.4386449,0.42843449,-0.17271835,0.88691163,0
-1.076714,-1.2122197,1.6493342,-0.5933761,0.68646538,0.42032143,0
1.0352421,3.7409444,-4.8453574,-0.42843449,0.17271835,-0.88691163,0
-0.5936197,-2.7079799,2.3950586,0.5933761,-0.68646538,-0.42032143,0
1.421155,0.075782269,0.69293964,0.5933761,-0.68646538,-0.42032143,0
-2.469409,-3.5977705,1.4402244,-0.68143129,-0.70635235,0.1916185,0
-3.9138086,-1.8163596,-3.5368891,-0.42843449,0.17271835,-0.88691163,0
2.5089598,2.8193405,0.12699103,-0.5933761,0.68646538,0.42032143,0
1.8970251,3.4738853,-3.9323997,0.68143129,0.70635235,-0.1916185,0
2.5623131,3.1939478,-2.5984275,0.68143129,0.70635235,-0.1916185,0
-2.2355788,-3.5236568,2.5449696,-0.68143129,-0.70635235,0.1916185,0
-4.3411708,-2.838264,-2.4163852,-0.68143129,-0.70635235,0.1916185,0
0.9731288,-0.42519391,3.2577736,-0.5933761,0.68646538,0.42032143,0
1.0316453,1.6726713,-0.085832596,-0.5933761,0.68646538,0.42032143,0
-4.0689902,-1.8732919,-1.4952646,-0.5933761,0.68646538,0.42032143,0
-1.7114522,0.31897569,-4.1266055,0.5933761,-0.68646538,-0.42032143,0
0.064711452,-0.73442966,2.4803843,-0.5933761,0.68646538,0.42032143,0
0.29594588,2.463465,-4.737009,-0.42843449,0.17271835,-0.88691163,0
2.8508811,0.22069734,2.4746389,0.5933761,-0.68646538,-0.42032143,0
-2.7485561,0.056748271,-3.7350082,-0.42843449,0.17271835,-0.88691163,0
3.1916559,-0.034721732,3.5252528,0.42843449,-0.17271835,0.88691163,0
-1.4844611,0.99308002,-4.1633039,-0.42843449,0.17271835,-0.88691163,0
0.51707643,1.145425,-2.330297,0.5933761,-0.68646538,-0.42032143,0
1.938347,3.7809079,-2.6536913,0.68143129,0.70635235,-0.1916185,0
5.1082692,1.936151,2.983217,0.42843449,-0.17271835,0.88691163,0
2.1994262,3.034863,-3.041105,0.5933761,-0.68646538,-0.42032143,0
-3.0756938,-3.0441942,1.3247795,-0.68143129,-0.70635235,0.1916185,0
-2.4756641,-3.2751713,2.6071587,-0.68143129,-0.70635235,0.1916185,0
-1.4344933,-3.7506607,4.5569887,-0.68143129,-0.70635235,0.1916185,0
0.83962417,1.2755457,-2.0874622,0.5933761,-0.68646538,-0.42032143,0
4.103343,2.6961339,1.0466981,0.68143129,0.70635235,-0.1916185,0
-3.0572908,-0.18375444,-3.6327057,-0.42843449,0.17271835,-0.88691163,0
-2.6061051,-3.1666794,2.5432129,-0.68143129,-0.70635235,0.1916185,0
2.2522457,3.3725338,-3.0427749,0.68143129,0.70635235,-0.1916185,0
1.6202906,3.6505051,-4.2654562,0.68143129,0.70635235,-0.1916185,0
-1.7001438,-3.7301021,3.6880672,-0.68143129,-0.70635235,0.1916185,0
-4.1893511,-2.9312005,-2.2190709,-0.68143129,-0.70635235,0.1916185,0
-3.0139484,-1.1532624,-3.5609186,0.5933761,-0.68646538,-0.42032143,0
-3.0361612,-0.27997255,-2.6393938,-0.5933761,0.68646538,0.42032143,0
2.7103555,3.4977336,-0.69664001,-0.5933761,0.68646538,0.42032143,0
-1.8051623,-1.2752925,0.72397912,-0.5933761,0.68646538,0.42032143,0
-1.6166198,-3.8018591,3.7205813,-0.68143129,-0.70635235,0.1916185,0
3.3678961,1.9452407,0.38800931,0.5933761,-0.68646538,-0.42032143,0
2.7225578,0.4123559,3.8389211,0.42843449,-0.17271835,0.88691163,0
1.6167389,-0.25703174,1.5125985,0.5933761,-0.68646538,-0.42032143,0
3.9871659,2.7108269,0.6877141,0.68143129,0.70635235,-0.1916185,0
-2.2078943,-3.5594931,2.5113189,-0.68143129,-0.70635235,0.1916185,0
2.2301979,-0.45357478,3.9081297,0.42843449,-0.17271835,0.88691163,0
-1.472512,-0.077540398,-3.1417024,0.5933761,-0.68646538,-0.42032143,0
2.2208073,3.3551998,-1.1549604,-0.5933761,0.68646538,0.42032143,0
-1.9762428,0.10909164,-4.0978918,-0.42843449,0.17271835,-0.88691163,0
-1.6996982,1.6368027,-3.9339716,-0.42843449,0.17271835,-0.88691163,0
2.6815848,2.8712847,0.28585434,-0.5933761,0.68646538,0.42032143,0
-4.5735836,-2.4105022,-1.6660552,-0.68143129,-0.70635235,0.1916185,0
1.1233697,-1.0545104,4.3257709,0.42843449,-0.17271835,0.88691163,0
4.895196,2.3498182,2.586072,0.68143129,0.70635235,-0.1916185,0
-2.9421263,-3.449625,0.30525327,-0.68143129,-0.70635235,0.1916185,0
-1.7234728,0.35227227,-4.1726379,-0.42843449,0.17271835,-0.88691163,0
1.2090991,-1.7723355,4.144568,0.42843449,-0.17271835,0.88691163,0
0.86835349,3.4167023,-4.8278828,-0.42843449,0.17271835,-0.88691163,0
2.0471218,2.5851827,-2.5217016,0.5933761,-0.68646538,-0.42032143,0
4.850215,1.6661109,3.0552859,0.42843449,-0.17271835,0.88691163,0
-2.4292836,-0.27842957,-1.7851737,-0.5933761,0.68646538,0.42032143,0
-3.3474927,-2.9167354,0.82805419,-0.68143129,-0.70635235,0.1916185,0
-2.8938699,-1.351643,-3.0674076,0.5933761,-0.68646538,-0.42032143,0
-4.6382766,-2.454277,-2.0574803,-0.68143129,-0.70635235,0.1916185,0
4.052433,1.3536799,3.379822,0.42843449,-0.17271835,0.88691163,0
1.1248357,2.2408075,-3.2612801,0.5933761,-0.68646538,-0.42032143,0
2.6287155,3.3449793,-1.8055499,0.68143129,0.70635235,-0.1916185,0
1.4651343,3.948653,-3.7181754,0.68143129,0.70635235,-0.1916185,0
0.41482103,3.7471743,-4.5444412,-0.42843449,0.17271835,-0.88691163,0
2.3555205,3.2986605,-2.947825,0.68143129,0.70635235,-0.1916185,0
3.1868553,-0.10080588,3.5147023,0.42843449,-0.17271835,0.88691163,0
-0.3004899,-2.9250727,3.1634302,0.5933761,-0.68646538,-0.42032143,0
-2.0021157,-2.9975424,0.87956858,0.5933761,-0.68646538,-0.42032143,0
0.7617054,4.0000033,-4.6627722,-0.42843449,0.17271835,-0.88691163,0
2.752007,3.2938819,-1.5554605,0.68143129,0.70635235,-0.1916185,0
-3.2235167,0.07928884,-3.4906301,-0.5933761,0.68646538,0.42032143,0
-4.3336582,-2.8705335,-2.5086217,-0.68143129,-0.70635235,0.1916185,0
4.562757,2.4296026,1.6979637,0.68143129,0.70635235,-0.1916185,0
3.8400016,2.683419,0.063338995,0.68143129,0.70635235,-0.1916185,0
1.3247554,0.58031583,-0.26714897,0.5933761,-0.68646538,-0.42032143,0
2.7638748,0.064154744,3.7511535,0.42843449,-0.17271835,0.88691163,0
0.49070549,2.0584438,-3.8586602,0.5933761,-0.68646538,-0.42032143,0
3.1334448,3.2714524,-0.28167677,0.68143129,0.70635235,-0.1916185,0
4.0605826,2.8234539,1.3639681,0.68143129,0.70635235,-0.1916185,0
4.7794123,2.4272256,3.2377083,0.42843449,-0.17271835,0.88691163,0
0.87175643,4.027565,-4.7105665,-0.42843449,0.17271835,-0.88691163,0
4.5521297,1.3097646,3.1298845,0.42843449,-0.17271835,0.88691163,0
-1.0159372,-3.5203056,4.8789997,0.42843449,-0.17271835,0.88691163,0
-1.8838385,0.14753714,-1.7108426,-0.5933761,0.68646538,0.42032143,0
4.0680394,1.8556862,3.4700444,0.42843449,-0.17271835,0.88691163,0
3.1061025,3.2077434,-0.61375713,0.68143129,0.70635235,-0.1916185,0
-0.67021912,-1.7594696,0.73782325,0.5933761,-0.68646538,-0.42032143,0
-0.44166422,2.243685,-4.4234962,-0.42843449,0.17271835,-0.88691163,0
-3.8827748,-3.0567045,-1.5914695,-0.68143129,-0.70635235,0.1916185,0
1.0808644,4.0809274,-4.5971146,0.68143129,0.70635235,-0.1916185,0
-1.7792916,0.66789424,-4.084209,-0.42843449,0.17271835,-0.88691163,0
2.0532537,3.5910134,-2.9450581,0.68143129,0.70635235,-0.1916185,0
3.6488357,0.65016234,3.4377809,0.42843449,-0.17271835,0.88691163,0
-3.4900408,-3.0146189,-0.039694309,-0.68143129,-0.70635235,0.1916185,0
-0.80451274,2.1234322,-4.2716355,-0.42843449,0.17271835,-0.88691163,0
1.8679264,3.8089576,-2.8007214,0.68143129,0.70635235,-0.1916185,0
-0.24778366,0.72653955,-2.7259448,0.5933761,-0.68646538,-0.42032143,0
2.4387929,3.5866754,-1.5899994,0.68143129,0.70635235,-0.1916185,0
0.84071529,3.4435377,-4.8093061,-0.42843449,0.17271835,-0.88691163,0
4.243947,2.1422381,3.4408734,0.42843449,-0.17271835,0.88691163,0
-3.1110177,-3.2136614,0.57446241,-0.68143129,-0.70635235,0.1916185,0
1.4534547,-1.8425565,4.0128536,0.42843449,-0.17271835,0.88691163,0
-2.2393193,-3.3572111,3.145226,-0.68143129,-0.70635235,0.1916185,0
2.9669111,3.0997217,-1.506942,0.68143129,0.70635235,-0.1916185,0
-0.4776417,-3.0191565,4.7165632,0.42843449,-0.17271835,0.88691163,0
-4.4808836,-2.7812946,-2.7032275,-0.68143129,-0.70635235,0.1916185,0
1.4577678,3.7461476,-4.4908533,0.68143129,0.70635235,-0.1916185,0
-0.060217142,-2.0497694,2.0730906,0.5933761,-0.68646538,-0.42032143,0
3.7689691,2.2026696,0.53378153,0.5933761,-0.68646538,-0.42032143,0
3.4748347,3.215977,0.7278738,0.68143129,0.70635235,-0.1916185,0
2.6843762,3.2976809,-1.7819638,0.68143129,0.70635235,-0.1916185,0
0.78816974,-0.37619475,0.53750712,0.5933761,-0.68646538,-0.42032143,0
-3.6293297,-3.0638931,-0.71666884,-0.68143129,-0.70635235,0.1916185,0
-4.0267935,-2.7098894,-0.82518053,-0.68143129,-0.70635235,0.1916185,0
-1.3003383,1.7237469,-4.1099563,-0.42843449,0.17271835,-0.88691163,0
0.52668786,0.011345416,-0.46455935,0.5933761,-0.68646538,-0.42032143,0
-2.0199802,1.000083,-3.2954073,-0.5933761,0.68646538,0.42032143,0
-0.48978078,2.6721382,-3.8659801,-0.5933761,0.68646538,0.42032143,0
-1.8759633,-3.4640462,4.0435677,-0.68143129,-0.70635235,0.1916185,0
-2.7645228,0.26222253,-3.6872811,-0.42843449,0.17271835,-0.88691163,0
-1.8031907,-3.9037504,2.6404061,0.5933761,-0.68646538,-0.42032143,0
-1.8033473,-0.35162532,-3.1611154,0.5933761,-0.68646538,-0.42032143,0
-4.4077587,-1.6393188,-2.355633,-0.5933761,0.68646538,0.42032143,0
-1.280092,-4.0368276,4.0511866,-0.68143129,-0.70635235,0.1916185,0
4.6533895,2.7260525,3.1130538,0.68143129,0.70635235,-0.1916185,0
-1.5436194,1.7089212,-3.9953229,-0.42843449,0.17271835,-0.88691163,0
1.9169679,-0.19399238,4.1099911,0.42843449,-0.17271835,0.88691163,0
2.3826797,3.4551377,-2.2744286,0.68143129,0.70635235,-0.1916185,0
2.7483099,3.2521234,-1.7225409,0.68143129,0.70635235,-0.1916185,0
3.3811424,2.8943887,-0.79076529,0.68143129,0.70635235,-0.1916185,0
3.2470429,3.283566,0.16695428,0.68143129,0.70635235,-0.1916185,0
1.8187046,3.397058,-4.1701102,0.5933761,-0.68646538,-0.42032143,0
0.61369061,3.539885,-3.7253847,-0.5933761,0.68646538,0.42032143,0
-3.4442282,-3.2444751,-0.72408295,-0.68143129,-0.70635235,0.1916185,0
1.7821929,3.9146357,-2.7160506,0.68143129,0.70635235,-0.1916185,0
-3.1759422,-2.9564891,1.291579,-0.68143129,-0.70635235,0.1916185,0
-0.11291957,-3.1882701,4.5074458,0.42843449,-0.17271835,0.88691163,0
3.3245499,2.9303944,-0.85929275,0.68143129,0.70635235,-0.1916185,0
-2.6669495,0.62422895,-3.5949051,-0.5933761,0.68646538,0.42032143,0
0.54231489,3.2481151,-4.7032166,-0.42843449,0.17271835,-0.88691163,0
-1.729028,-0.9502238,0.30056012,-0.5933761,0.68646538,0.42032143,0
-2.2767262,-1.7045459,0.75931621,-0.5933761,0.68646538,0.42032143,0
-4.7417889,-2.3169143,-1.9192376,-0.68143129,-0.70635235,0.1916185,0
-2.2498798,-3.6225209,2.1296737,-0.68143129,-0.70635235,0.1916185,0
-3.4195032,-3.0427399,0.10748911,-0.68143129,-0.70635235,0.1916185,0
1.2879305,3.5364037,-5.0072541,-0.42843449,0.17271835,-0.88691163,0
-0.5244025,2.2780399,-3.2712185,-0.5933761,0.68646538,0.42032143,0
-2.7993431,-3.1482348,1.9240141,-0.68143129,-0.70635235,0.1916185,0
-3.9374673,-1.1410147,-3.3939428,-0.42843449,0.17271835,-0.88691163,0
-0.084771633,2.0553744,-4.6325698,-0.42843449,0.17271835,-0.88691163,0
-1.4049538,-1.0820262,0.97332072,-0.5933761,0.68646538,0.42032143,0
3.9305429,0.74199605,3.1474373,0.5933761,-0.68646538,-0.42032143,0
2.8646669,3.1887176,-1.5424807,0.68143129,0.70635235,-0.1916185,0
4.462162,2.724154,3.0398231,-0.5933761,0.68646538,0.42032143,0
-2.986218,-3.2470322,0.89526105,-0.68143129,-0.70635235,0.1916185,0
-1.5232136,0.60483873,-4.2201905,-0.42843449,0.17271835,-0.88691163,0
-2.4493568,0.21060562,-3.8495784,-0.42843449,0.17271835,-0.88691163,0
4.2808237,2.5565109,1.1631691,0.68143129,0.70635235,-0.1916185,0
-3.7973537,-1.5034655,-3.5322108,-0.42843449,0.17271835,-0.88691163,0
-4.118763,-2.6003275,-0.74837017,-0.68143129,-0.70635235,0.1916185,0
0.07282868,1.1285653,-0.55078357,-0.5933761,0.68646538,0.42032143,0
-1.0484984,1.4114501,-4.2924275,-0.42843449,0.17271835,-0.88691163,0
0.26102948,-2.9811802,4.0477729,0.5933761,-0.68646538,-0.42032143,0
-1.04131,-2.1003122,0.77060819,0.5933761,-0.68646538,-0.42032143,0
-3.2827902,-3.1949189,0.032697916,-0.68143129,-0.70635235,0.1916185,0
2.9310193,0.56882453,3.768692,0.42843449,-0.17271835,0.88691163,0
-3.713752,-0.87138236,-2.6300781,-0.5933761,0.68646538,0.42032143,0
0.749156,-1.0812393,1.6339035,0.5933761,-0.68646538,-0.42032143,0
-2.8402944,-1.7225466,-2.3860171,0.5933761,-0.68646538,-0.42032143,0
2.5801105,2.4488206,-1.5465655,0.5933761,-0.68646538,-0.42032143,0
1.6291554,-0.52651858,4.1842661,0.42843449,-0.17271835,0.88691163,0
-2.856281,-1.6673877,-2.4986706,0.5933761,-0.68646538,-0.42032143,0
0.27078462,-2.3906634,4.4774194,0.42843449,-0.17271835,0.88691163,0
0.17796533,1.6605835,-1.271248,-0.5933761,0.68646538,0.42032143,0
-2.5644903,-1.2858611,-2.7098501,0.5933761,-0.68646538,-0.42032143,0
-0.15671283,0.080274403,-1.541904,0.5933761,-0.68646538,-0.42032143,0
1.8844132,-1.4463822,3.881825,0.42843449,-0.17271835,0.88691163,0
0.88814205,1.4410577,-2.2892809,0.5933761,-0.68646538,-0.42032143,0
-2.0198345,-3.6301968,2.9194651,-0.68143129,-0.70635235,0.1916185,0
-4.9605827,-2.2552927,-2.4701557,-0.68143129,-0.70635235,0.1916185,0
-4.3530293,-2.5312607,-1.3268685,-0.68143129,-0.70635235,0.1916185,0
-2.0090764,-2.8288903,2.9734323,-0.5933761,0.68646538,0.42032143,0
0.25062251,-0.032947898,1.5971847,-0.5933761,0.68646538,0.42032143,0
2.4181244,3.6049581,-1.5961075,0.68143129,0.70635235,-0.1916185,0
-1.3557186,-4.0898585,3.5867589,-0.68143129,-0.70635235,0.1916185,0
1.1049066,1.1596029,0.85553056,-0.5933761,0.68646538,0.42032143,0
-2.3088231,-3.5447903,2.2065973,-0.68143129,-0.70635235,0.1916185,0
-3.0413795,-3.1202013,1.1666265,-0.68143129,-0.70635235,0.1916185,0
2.5474534,-0.49431068,3.2140288,0.5933761,-0.68646538,-0.42032143,0
-4.3476753,-2.6718836,-1.8261976,-0.68143129,-0.70635235,0.1916185,0
-3.3297856,-2.9880431,0.62816834,-0.68143129,-0.70635235,0.1916185,0
-0.84000748,1.0891427,-1.7750678,-0.5933761,0.68646538,0.42032143,0
-1.4410499,-4.0081434,3.584528,-0.68143129,-0.70635235,0.1916185,0
-1.7560523,0.59279919,-4.1100593,-0.42843449,0.17271835,-0.88691163,0
2.5042021,0.35417557,3.9330707,0.42843449,-0.17271835,0.88691163,0
-3.876204,-2.4606626,-0.26381516,-0.5933761,0.68646538,0.42032143,0
-2.7313428,-0.39941394,-3.8321571,-0.42843449,0.17271835,-0.88691163,0
-2.1541572,-3.6865206,2.2341645,-0.68143129,-0.70635235,0.1916185,0
2.9436941,3.0644233,-1.7196243,0.68143129,0.70635235,-0.1916185,0
3.4520245,2.9330003,-0.39636445,0.68143129,0.70635235,-0.1916185,0
-2.8995948,-3.1299245,1.6349971,-0.68143129,-0.70635235,0.1916185,0
4.9192896,2.1737957,3.1207857,0.42843449,-0.17271835,0.88691163,0
-3.5129423,-2.2062411,-2.5456419,0.5933761,-0.68646538,-0.42032143,0
0.55693972,3.1982927,-4.7199841,-0.42843449,0.17271835,-0.88691163,0
-2.7528119,-3.5211904,0.71468377,-0.68143129,-0.70635235,0.1916185,0
-2.4500856,-3.4926395,1.8964787,-0.68143129,-0.70635235,0.1916185,0
-4.6187034,-2.5129285,-2.2040782,-0.68143129,-0.70635235,0.1916185,0
2.7994571,1.0593041,3.4115686,-0.5933761,0.68646538,0.42032143,0
0.80186081,-2.0222936,4.292613,0.42843449,-0.17271835,0.88691163,0
0.59012622,2.1191185,-1.4382674,-0.5933761,0.68646538,0.42032143,0
-1.5075128,-2.184263,2.6286998,-0.5933761,0.68646538,0.42032143,0
-1.7420912,-3.8347979,3.1529622,-0.68143129,-0.70635235,0.1916185,0
-0.099130154,1.5812716,-1.5328974,-0.5933761,0.68646538,0.42032143,0
-1.5203151,-3.6981716,4.4452772,-0.68143129,-0.70635235,0.1916185,0
-0.064343929,2.1342061,-4.6270857,-0.42843449,0.17271835,-0.88691163,0
-2.4244938,-2.1201222,1.2294254,-0.5933761,0.68646538,0.42032143,0
0.90897834,4.2662859,-4.5250998,0.68143129,0.70635235,-0.1916185,0
-3.7638712,-2.5597227,-2.3225799,0.5933761,-0.68646538,-0.42032143,0
0.27962098,1.1999061,-0.37536418,-0.5933761,0.68646538,0.42032143,0
-3.528749,-0.36197484,-3.4396687,-0.42843449,0.17271835,-0.88691163,0
0.5572598,0.42672282,1.2793405,-0.5933761,0.68646538,0.42032143,0
1.857263,3.5555487,-3.7727706,0.68143129,0.70635235,-0.1916185,0
0.56462568,-1.0410943,1.3078336,0.5933761,-0.68646538,-0.42032143,0
-1.7047505,0.47239888,-4.1582885,-0.42843449,0.17271835,-0.88691163,0
-2.6919484,-3.3018997,1.7394838,-0.68143129,-0.70635235,0.1916185,0
1.918179,3.46629,-3.8851686,0.68143129,0.70635235,-0.1916185,0
0.65817368,2.846981,-4.8373013,-0.42843449,0.17271835,-0.88691163,0
3.2384689,3.0040424,-0.89393044,0.68143129,0.70635235,-0.1916185,0
-3.1253517,-0.77139175,-3.7142653,-0.42843449,0.17271835,-0.88691163,0
-2.7736835,0.17202222,-3.7004218,-0.42843449,0.17271835,-0.88691163,0
-3.2657461,-3.2046247,0.057531834,-0.68143129,-0.70635235,0.1916185,0
2.0118809,0.20261216,3.6988735,-0.5933761,0.68646538,0.42032143,0
3.1183112,2.6196504,1.3133576,-0.5933761,0.68646538,0.42032143,0
3.7180891,1.5333407,3.5763187,0.42843449,-0.17271835,0.88691163,0
0.084361553,-2.4234793,4.5610828,0.42843449,-0.17271835,0.88691163,0
3.957458,3.0085037,1.6793752,0.68143129,0.70635235,-0.1916185,0
-1.4623377,-3.6377673,2.6871934,0.5933761,-0.68646538,-0.42032143,0
-1.8252726,1.1715288,-3.9639192,-0.42843449,0.17271835,-0.88691163,0
-1.2419574,-1.2680733,1.5072764,-0.5933761,0.68646538,0.42032143,0
4.5822773,2.5380683,2.1672096,0.68143129,0.70635235,-0.1916185,0
4.3055878,2.8337493,2.2732034,0.68143129,0.70635235,-0.1916185,0
-3.6738265,-1.2696953,-3.5463576,-0.42843449,0.17271835,-0.88691163,0
1.1740775,3.954844,-4.7304058,0.68143129,0.70635235,-0.1916185,0
-0.41842312,1.456567,-1.7799833,-0.5933761,0.68646538,0.42032143,0
4.757144,1.5607107,3.0797193,0.42843449,-0.17271835,0.88691163,0
2.3451257,3.6389039,-1.7305703,0.68143129,0.70635235,-0.1916185,0
-1.9653716,-3.5580401,3.3791318,-0.68143129,-0.70635235,0.1916185,0
0.020586759,1.4053624,-1.0765971,-0.5933761,0.68646538,0.42032143,0
1.5981295,3.9847393,-3.1121964,0.68143129,0.70635235,-0.1916185,0
-1.0131917,-3.0111761,2.2979186,0.5933761,-0.68646538,-0.42032143,0
0.37599194,-2.4639342,3.3653054,0.5933761,-0.68646538,-0.42032143,0
2.3350997,2.7702589,-2.4174221,0.5933761,-0.68646538,-0.42032143,0
4.7822485,1.7301245,3.100584,0.42843449,-0.17271835,0.88691163,0
1.5119169,3.7358875,-4.3361135,0.68143129,0.70635235,-0.1916185,0
1.8488915,3.6193037,-3.5675244,0.68143129,0.70635235,-0.1916185,0
-3.2457583,-1.1849519,-3.7366388,-0.42843449,0.17271835,-0.88691163,0
0.60290635,-0.61026698,3.0373833,-0.5933761,0.68646538,0.42032143,0
-4.6487045,-1.924621,-3.2029707,-0.42843449,0.17271835,-0.88691163,0
4.0305338,1.7979876,3.4769256,0.42843449,-0.17271835,0.88691163,0
-1.5913044,-2.346612,2.7755561,-0.5933761,0.68646538,0.42032143,0
-4.7026963,-2.4024076,-2.095367,-0.68143129,-0.70635235,0.1916185,0
0.74391198,3.331553,-4.7843523,-0.42843449,0.17271835,-0.88691163,0
-3.4644547,-3.1372886,-0.40089607,-0.68143129,-0.70635235,0.1916185,0
2.8729334,0.73183966,3.8284969,0.42843449,-0.17271835,0.88691163,0
-1.749795,-3.7212086,3.5442839,-0.68143129,-0.70635235,0.1916185,0
-1.7228812,-3.7133017,3.6691408,-0.68143129,-0.70635235,0.1916185,0
1.5294095,0.88544983,1.9025546,-0.5933761,0.68646538,0.42032143,0
-4.1801343,-2.530057,-0.70758367,-0.68143129,-0.70635235,0.1916185,0
-3.0591619,-0.75264215,-1.8999054,-0.5933761,0.68646538,0.42032143,0
-1.9417033,1.0678267,-3.295541,-0.5933761,0.68646538,0.42032143,0
-2.7761447,0.29499972,-3.6752839,-0.42843449,0.17271835,-0.88691163,0
-4.1614327,-2.5388393,-0.67345452,-0.68143129,-0.70635235,0.1916185,0
4.4110804,2.5466936,1.590199,0.68143129,0.70635235,-0.1916185,0
-0.077339411,2.5907829,-4.5318942,-0.42843449,0.17271835,-0.88691163,0
2.5804565,2.7674632,-2.0664811,0.5933761,-0.68646538,-0.42032143,0
-2.5269506,-3.2197464,2.6290841,-0.68143129,-0.70635235,0.1916185,0
-2.9461465,0.10481226,-3.6301997,-0.42843449,0.17271835,-0.88691163,0
2.6447892,3.5352459,-1.0470204,0.68143129,0.70635235,-0.1916185,0
0.79833043,3.0179396,-4.8717132,-0.42843449,0.17271835,-0.88691163,0
2.8351865,2.0713537,1.8091376,-0.5933761,0.68646538,0.42032143,0
-3.8813009,-2.641535,-0.055809975,-0.68143129,-0.70635235,0.1916185,0
-2.1166601,-3.6730471,2.417177,-0.68143129,-0.70635235,0.1916185,0
0.93533421,3.2711787,-4.8885784,-0.42843449,0.17271835,-0.88691163,0
0.92354441,-0.041738987,2.5615196,-0.5933761,0.68646538,0.42032143,0
-2.2540298,-3.347784,3.1276641,-0.68143129,-0.70635235,0.1916185,0
-2.0884938,0.22905624,-4.0203047,-0.42843449,0.17271835,-0.88691163,0
-4.273561,-2.7595613,-1.8858359,-0.68143129,-0.70635235,0.1916185,0
-3.3396068,-2.9326286,0.79751277,-0.68143129,-0.70635235,0.1916185,0
-2.3731093,-3.2997568,2.8812344,-0.68143129,-0.70635235,0.1916185,0
3.927485,2.8884997,1.1304212,0.68143129,0.70635235,-0.1916185,0
-4.2739758,-2.3617446,-0.98690939,-0.5933761,0.68646538,0.42032143,0
-3.741452,-2.8188558,-0.21212864,-0.68143129,-0.70635235,0.1916185,0
-2.0883238,-2.3100734,-0.36490178,0.5933761,-0.68646538,-0.42032143,0
-2.8736064,0.1380254,-3.6587729,-0.42843449,0.17271835,-0.88691163,0
0.25694537,0.60866141,-1.8208915,0.5933761,-0.68646538,-0.42032143,0
-2.7968328,0.42794454,-3.6394005,-0.42843449,0.17271835,-0.88691163,0
-3.5020516,-0.9580487,-3.5686455,-0.42843449,0.17271835,-0.88691163,0
3.431488,2.9152527,-0.53481936,0.68143129,0.70635235,-0.1916185,0
-4.901453,-2.166528,-3.1279869,-0.42843449,0.17271835,-0.88691163,0
0.44164276,-1.9833164,4.4742112,0.42843449,-0.17271835,0.88691163,0
1.1304448,4.1657305,-4.1081915,0.68143129,0.70635235,-0.1916185,0
-0.7160821,1.8346425,-4.3705931,-0.42843449,0.17271835,-0.88691163,0
-1.750554,-3.6079307,3.9591551,-0.68143129,-0.70635235,0.1916185,0
0.26609021,-0.22629923,-0.44433099,0.5933761,-0.68646538,-0.42032143,0
-3.0252717,-3.0568638,1.4573863,-0.68143129,-0.70635235,0.1916185,0
-1.7354207,-1.1330631,0.5901469,-0.5933761,0.68646538,0.42032143,0
3.7224538,1.7843819,3.5303912,-0.5933761,0.68646538,0.42032143,0
-0.2871387,-1.4969726,3.229049,-0.5933761,0.68646538,0.42032143,0
-0.77731276,1.9431173,-4.31989,-0.42843449,0.17271835,-0.88691163,0
5.1696911,2.1390126,2.7851496,0.68143129,0.70635235,-0.1916185,0
4.3660116,1.2386954,3.205951,0.42843449,-0.17271835,0.88691163,0
-0.697119,0.16565424,-2.4442477,0.5933761,-0.68646538,-0.42032143,0
-0.81631851,1.3233237,-4.4217472,-0.42843449,0.17271835,-0.88691163,0
-4.1001568,-1.243549,-3.3353212,-0.42843449,0.17271835,-0.88691163,0
-1.2716696,-3.9489555,4.4050555,-0.68143129,-0.70635235,0.1916185,0
-2.8547022,-3.0883613,1.9478562,-0.68143129,-0.70635235,0.1916185,0
-0.58202261,-3.3746796,3.5002792,0.5933761,-0.68646538,-0.42032143,0
-1.6024302,-3.6718569,4.2502618,-0.68143129,-0.70635235,0.1916185,0
3.9790733,0.93803513,3.3343158,0.42843449,-0.17271835,0.88691163,0
-3.1432023,-3.2927253,0.16855979,-0.68143129,-0.70635235,0.1916185,0
-0.53253293,2.0850723,-4.4104896,-0.42843449,0.17271835,-0.88691163,0
2.0014412,-0.9367491,3.9245396,0.42843449,-0.17271835,0.88691163,0
0.28986204,-0.6917482,0.34939539,0.5933761,-0.68646538,-0.42032143,0
3.3508406,2.9374316,-0.73985887,0.68143129,0.70635235,-0.1916185,0
3.6268508,1.7061223,3.5232396,-0.5933761,0.68646538,0.42032143,0
-3.5099814,-1.1838028,-3.6087785,-0.42843449,0.17271835,-0.88691163,0
1.070219,-1.9887509,4.1695108,0.42843449,-0.17271835,0.88691163,0
1.5132222,-1.3313117,4.0835423,0.42843449,-0.17271835,0.88691163,0
-2.8050985,-0.95165181,-1.2162175,-0.5933761,0.68646538,0.42032143,0
1.3630654,2.3993311,-0.80473495,-0.5933761,0.68646538,0.42032143,0
3.7319245,2.9482551,0.65524435,0.68143129,0.70635235,-0.1916185,0
-4.1503844,-2.0832453,-3.4745817,-0.42843449,0.17271835,-0.88691163,0
4.8088646,2.4606164,2.6874924,0.68143129,0.70635235,-0.1916185,0
-3.958096,-3.0030565,-1.8727226,0.5933761,-0.68646538,-0.42032143,0
-0.88934028,-4.0101757,4.7224469,0.42843449,-0.17271835,0.88691163,0
2.8044395,0.97797656,1.1722938,0.5933761,-0.68646538,-0.42032143,0
-1.1988821,0.36431193,-3.4770424,0.5933761,-0.68646538,-0.42032143,0
-3.3231628,-1.9044226,-0.39152241,-0.5933761,0.68646538,0.42032143,0
4.1446552,1.2640884,3.3178256,0.42843449,-0.17271835,0.88691163,0
-2.5014148,0.13368118,-3.8394113,-0.42843449,0.17271835,-0.88691163,0
4.3411527,2.5675585,1.4184365,0.68143129,0.70635235,-0.1916185,0
2.8240883,3.211447,-1.6030004,0.68143129,0.70635235,-0.1916185,0
3.3309107,2.9832175,-0.64195466,0.68143129,0.70635235,-0.1916185,0
-0.77157712,0.20903361,-2.6202083,0.5933761,-0.68646538,-0.42032143,0
-4.827281,-2.3586822,-2.3772292,-0.68143129,-0.70635235,0.1916185,0
1.6455739,3.7407908,-3.8427296,0.68143129,0.70635235,-0.1916185,0
1.2303977,-0.90633881,4.3029246,0.42843449,-0.17271835,0.88691163,0
2.6256132,3.539386,-1.0999517,0.68143129,0.70635235,-0.1916185,0
-0.17425394,2.6182919,-4.4797215,-0.42843449,0.17271835,-0.88691163,0
2.3775048,3.5344052,-2.0006328,0.68143129,0.70635235,-0.1916185,0
-3.5513132,-2.9957519,-0.18804193,-0.68143129,-0.70635235,0.1916185,0
-0.23697579,-3.5414636,4.2597785,0.5933761,-0.68646538,-0.42032143,0
0.70797533,0.15639785,-0.44553059,0.5933761,-0.68646538,-0.42032143,0
2.8468769,3.3233125,-1.1095951,0.68143129,0.70635235,-0.1916185,0
2.6872861,3.4239678,-1.3060906,0.68143129,0.70635235,-0.1916185,0
-2.7844951,-1.609517,-0.11271167,-0.5933761,0.68646538,0.42032143,0
3.189909,3.2590067,-0.12675738,0.68143129,0.70635235,-0.1916185,0
-3.8584332,-2.9756918,-1.2062738,-0.68143129,-0.70635235,0.1916185,0
4.1669006,2.8501661,1.8405221,0.68143129,0.70635235,-0.1916185,0
2.3257437,2.7665751,-0.045482397,-0.5933761,0.68646538,0.42032143,0
1.852376,-0.36307704,4.1082654,0.42843449,-0.17271835,0.88691163,0
2.2292745,-0.48252022,3.9029388,0.42843449,-0.17271835,0.88691163,0
-3.5214765,-2.798811,0.64403319,-0.68143129,-0.70635235,0.1916185,0
1.1340892,0.6372633,1.7498088,-0.5933761,0.68646538,0.42032143,0
-3.3998315,-2.8944075,0.72423434,-0.68143129,-0.70635235,0.1916185,0
-0.49780846,2.86098,-4.2761626,-0.42843449,0.17271835,-0.88691163,0
4.5671721,2.7072787,2.7372446,0.68143129,0.70635235,-0.1916185,0
3.2465847,2.9062564,-1.2255304,0.68143129,0.70635235,-0.1916185,0
-0.36606181,-3.4182272,3.876277,0.5933761,-0.68646538,-0.42032143,0
2.2909184,-0.27781105,3.9130263,0.42843449,-0.17271835,0.88691163,0
4.8514953,2.3740091,2.51984,0.68143129,0.70635235,-0.1916185,0
-1.1723187,-1.9218526,2.6733334,-0.5933761,0.68646538,0.42032143,0
-0.33608079,2.3517256,-4.4534597,-0.42843449,0.17271835,-0.88691163,0
-2.8727717,-2.6820548,1.5143259,-0.5933761,0.68646538,0.42032143,0
-1.3582015,1.1226914,-4.1990547,-0.42843449,0.17271835,-0.88691163,0
2.4610782,0.12193704,3.9086759,0.42843449,-0.17271835,0.88691163,0
-4.6746578,-2.6096334,-2.7595389,-0.68143129,-0.70635235,0.1916185,0
-3.5430641,-1.00148,-2.1766393,-0.5933761,0.68646538,0.42032143,0
-1.8800312,-1.055287,0.25897443,-0.5933761,0.68646538,0.42032143,0
2.9789646,0.35660505,3.7042036,0.42843449,-0.17271835,0.88691163,0
-0.57936358,2.45855,-4.3151355,-0.42843449,0.17271835,-0.88691163,0
2.2740297,3.6902478,-1.627022,-0.5933761,0.68646538,0.42032143,0
-1.5868049,1.1160574,-4.0899172,-0.42843449,0.17271835,-0.88691163,0
4.9134026,2.3683286,3.1615133,0.42843449,-0.17271835,0.88691163,0
-1.1220195,2.2517123,-4.0932784,-0.42843449,0.17271835,-0.88691163,0
0.73469687,3.2480159,-4.7961688,-0.42843449,0.17271835,-0.88691163,0
3.5916557,1.4810323,1.4620368,0.5933761,-0.68646538,-0.42032143,0
1.6336991,3.6573396,-4.1925793,0.68143129,0.70635235,-0.1916185,0
2.7559881,3.4089727,-1.1170499,0.68143129,0.70635235,-0.1916185,0
1.871388,1.5053773,1.3728722,-0.5933761,0.68646538,0.42032143,0
2.2643132,3.7198274,-1.7196524,0.68143129,0.70635235,-0.1916185,0
2.8505204,-0.018179893,3.6932638,0.42843449,-0.17271835,0.88691163,0
-3.8703666,-1.7223823,-3.539573,-0.42843449,0.17271835,-0.88691163,0
-0.38837588,0.88660008,-3.1858313,0.5933761,-0.68646538,-0.42032143,0
-0.39366889,0.96811837,-3.3264387,0.5933761,-0.68646538,-0.42032143,0
-2.9901614,-3.1374328,1.2852476,-0.68143129,-0.70635235,0.1916185,0
2.3446045,-0.55166495,3.8337617,0.42843449,-0.17271835,0.88691163,0
-3.2418208,-3.0891783,0.56817698,-0.68143129,-0.70635235,0.1916185,0
-4.9085155,-2.4672892,-3.183146,-0.42843449,0.17271835,-0.88691163,0
-2.8336866,-0.77124536,-3.8551295,-0.42843449,0.17271835,-0.88691163,0
1.096927,3.2196941,-4.8993897,0.5933761,-0.68646538,-0.42032143,0
2.1284904,3.5157356,-2.9549944,0.68143129,0.70635235,-0.1916185,0
0.010602772,-0.53567499,-0.29973784,0.5933761,-0.68646538,-0.42032143,0
-4.4669681,-2.5310571,-1.7313049,-0.68143129,-0.70635235,0.1916185,0
-0.87739938,-2.2505839,3.6265574,-0.5933761,0.68646538,0.42032143,0
4.5863662,2.505378,2.0612473,0.68143129,0.70635235,-0.1916185,0
4.7767034,2.5813737,3.0182626,0.68143129,0.70635235,-0.1916185,0
0.66504437,2.8936944,-2.5975347,-0.5933761,0.68646538,0.42032143,0
-2.1541061,-3.5248353,2.8303573,-0.68143129,-0.70635235,0.1916185,0
-5.0294991,-2.3515146,-3.069931,-0.68143129,-0.70635235,0.1916185,0
3.1368909,3.1892784,-0.5723362,0.68143129,0.70635235,-0.1916185,0
0.17229581,-3.1861722,4.3700771,0.42843449,-0.17271835,0.88691163,0
2.8316259,0.71566248,3.8453007,0.42843449,-0.17271835,0.88691163,0
3.6976366,2.9136713,0.40582681,0.68143129,0.70635235,-0.1916185,0
-1.087687,2.0189993,-4.1551819,-0.42843449,0.17271835,-0.88691163,0
-0.019036293,2.4860773,-4.5804491,-0.42843449,0.17271835,-0.88691163,0
-3.0286663,-3.3351057,0.41964674,-0.68143129,-0.70635235,0.1916185,0
-1.0897472,1.0957036,-4.3339906,-0.42843449,0.17271835,-0.88691163,0
2.2529016,3.3492384,-3.1263144,0.68143129,0.70635235,-0.1916185,0
1.4174993,2.7298422,-1.2676773,-0.5933761,0.68646538,0.42032143,0
-2.8960447,-0.56668317,-3.7851701,-0.42843449,0.17271835,-0.88691163,0
0.72360086,-2.4855065,4.2402105,0.42843449,-0.17271835,0.88691163,0
