0.98987556,0.39887604,1.0900633,0.71025616,0.089963078,0.69817102,0
0.047895193,-1.1957414,-0.57292062,0.62349844,-0.54080546,-0.56460541,0
-0.77708358,0.93580168,0.016654242,-0.62349844,0.54080546,0.56460541,0
1.6178882,-0.019275308,0.50506091,0.71025616,0.089963078,0.69817102,0
-0.5089848,-0.21717563,-1.6026912,-0.71025616,-0.089963078,-0.69817102,0
-1.408144,-0.55931193,-0.64388174,-0.71025616,-0.089963078,-0.69817102,0
-0.056530297,0.4426924,1.2846903,-0.62349844,0.54080546,0.56460541,0
1.1573479,-1.0385749,0.5017159,0.62349844,-0.54080546,-0.56460541,0
1.3585062,-1.2394441,0.92538923,-0.32678103,-0.83632302,0.44020218,0
0.11444211,0.93417871,-0.4119184,0.32678103,0.83632302,-0.44020218,0
-0.45758399,-0.16316074,-1.6619419,-0.71025616,-0.089963078,-0.69817102,0
1.3177657,-0.23067367,0.83761835,0.71025616,0.089963078,0.69817102,0
1.9182377,0.28349173,0.16049945,0.71025616,0.089963078,0.69817102,0
0.17824578,-0.80393076,-0.804268,0.62349844,-0.54080546,-0.56460541,0
0.93787545,0.62852561,-0.38134688,0.32678103,0.83632302,-0.44020218,0
0.1706264,-1.3220158,-0.11329958,-0.32678103,-0.83632302,0.44020218,0
-0.23807338,-0.57536525,-1.4829432,0.62349844,-0.54080546,-0.56460541,0
0.011267006,-0.099183679,1.8785934,-0.62349844,0.54080546,0.56460541,0
1.5027905,-0.60142207,0.69716376,0.71025616,0.089963078,0.69817102,0
0.32837981,-0.43393677,-0.99287117,0.62349844,-0.54080546,-0.56460541,0
-0.78969371,0.09689784,-1.3575934,-0.71025616,-0.089963078,-0.69817102,0
-0.28405434,0.6806848,-1.1893425,0.32678103,0.83632302,-0.44020218,0
1.0006802,0.91055667,1.0131388,0.71025616,0.089963078,0.69817102,0
-0.3206231,0.020186067,-1.8248987,-0.71025616,-0.089963078,-0.69817102,0
-1.200032,-1.0771,-0.78887647,-0.71025616,-0.089963078,-0.69817102,0
-0.54960245,0.30231202,0.87464929,-0.62349844,0.54080546,0.56460541,0
-0.37224633,0.45900238,-1.675977,0.32678103,0.83632302,-0.44020218,0
1.5039216,0.85041845,0.4604193,0.32678103,0.83632302,-0.44020218,0
1.3517146,0.23488522,0.74309212,0.71025616,0.089963078,0.69817102,0
-1.793821,-0.50135911,-0.012459636,-0.32678103,-0.83632302,0.44020218,0
0.44503585,-0.20488739,-1.0834411,0.62349844,-0.54080546,-0.56460541,0
1.6023035,-0.16207385,0.1535303,0.62349844,-0.54080546,-0.56460541,0
0.78693926,1.1787517,1.1960213,0.71025616,0.089963078,0.69817102,0
0.27758625,0.30973011,-1.477175,0.32678103,0.83632302,-0.44020218,0
0.30094329,0.16755748,-1.5993087,0.62349844,-0.54080546,-0.56460541,0
1.3248315,-0.73922813,0.89596027,0.71025616,0.089963078,0.69817102,0
-0.06708169,1.3748058,0.29045916,0.32678103,0.83632302,-0.44020218,0
0.091425985,-0.3571431,-1.3280977,0.62349844,-0.54080546,-0.56460541,0
-0.10868347,-0.9273572,0.42915308,-0.32678103,-0.83632302,0.44020218,0
1.0373546,-0.47603625,1.1544995,0.71025616,0.089963078,0.69817102,0
0.93775594,1.1550705,0.61892676,0.32678103,0.83632302,-0.44020218,0
0.78240979,0.51976931,1.2855425,0.71025616,0.089963078,0.69817102,0
0.21134853,-0.98509294,-0.59418672,0.62349844,-0.54080546,-0.56460541,0
0.92620099,0.62474662,1.1257355,0.71025616,0.089963078,0.69817102,0
0.38210607,0.42988408,-1.1713097,0.32678103,0.83632302,-0.44020218,0
-0.49318349,-1.4322375,-0.94391125,0.62349844,-0.54080546,-0.56460541,0
-1.5036407,0.12340426,-0.0075366497,-0.62349844,0.54080546,0.56460541,0
1.0840056,0.23368031,1.0155902,0.71025616,0.089963078,0.69817102,0
-0.063192733,-0.14079356,-1.7060742,0.62349844,-0.54080546,-0.56460541,0
0.10272297,0.49481153,1.4106327,-0.62349844,0.54080546,0.56460541,0
-0.94759029,1.2485039,-0.60313648,0.32678103,0.83632302,-0.44020218,0
-0.60687506,0.010615826,1.0908029,-0.62349844,0.54080546,0.56460541,0
0.85937726,0.21828933,1.2460901,0.71025616,0.089963078,0.69817102,0
1.4102271,0.19575727,0.68860877,0.71025616,0.089963078,0.69817102,0
1.184389,0.32904819,0.90118057,0.71025616,0.089963078,0.69817102,0
0.44541371,0.72830564,-0.55735403,0.32678103,0.83632302,-0.44020218,0
-0.095248282,0.54578573,-1.3054732,0.32678103,0.83632302,-0.44020218,0
-0.24704778,0.7853061,0.7461288,-0.62349844,0.54080546,0.56460541,0
1.634771,0.17184007,0.46325982,0.71025616,0.089963078,0.69817102,0
0.32310522,-0.8906765,-0.56120932,0.62349844,-0.54080546,-0.56460541,0
0.55251694,0.54825807,-0.81991208,0.32678103,0.83632302,-0.44020218,0
-1.4665334,-0.26957297,-0.62181604,-0.71025616,-0.089963078,-0.69817102,0
1.0629257,-1.146462,0.50078392,0.62349844,-0.54080546,-0.56460541,0
-1.0250084,-0.92308867,-0.24296492,-0.32678103,-0.83632302,0.44020218,0
1.1919237,0.28642154,0.89900815,0.71025616,0.089963078,0.69817102,0
-0.20900768,-0.80336452,-1.2324575,0.62349844,-0.54080546,-0.56460541,0
1.5741085,0.45522118,-0.23829782,0.32678103,0.83632302,-0.44020218,0
0.053614408,-0.48094755,-1.2512678,0.62349844,-0.54080546,-0.56460541,0
1.1018929,0.35626259,0.9815979,0.71025616,0.089963078,0.69817102,0
0.68776822,0.59483892,1.3721491,0.71025616,0.089963078,0.69817102,0
0.36502624,0.88508976,1.3264698,-0.62349844,0.54080546,0.56460541,0
-0.30267963,0.65100735,0.81333172,-0.62349844,0.54080546,0.56460541,0
0.016918302,1.2175609,0.054072291,0.32678103,0.83632302,-0.44020218,0
-0.15020169,-0.197492,-1.7478505,0.62349844,-0.54080546,-0.56460541,0
0.12897587,-1.3690875,-0.23364824,-0.32678103,-0.83632302,0.44020218,0
-0.21024503,-0.25876099,-1.7554705,0.62349844,-0.54080546,-0.56460541,0
0.090541035,-0.20528471,1.9488834,-0.32678103,-0.83632302,0.44020218,0
-0.54071498,1.3447152,-0.11399847,-0.62349844,0.54080546,0.56460541,0
1.3356286,-0.33917356,0.83342695,0.71025616,0.089963078,0.69817102,0
0.31051895,0.14211059,-1.5643601,0.62349844,-0.54080546,-0.56460541,0
0.5217582,-1.1947007,-0.050626367,0.62349844,-0.54080546,-0.56460541,0
-0.18858217,-0.19418752,-1.7933995,0.62349844,-0.54080546,-0.56460541,0
-1.4886281,-0.081709981,0.20550948,-0.62349844,0.54080546,0.56460541,0
-0.15061438,1.0711347,-0.34848392,0.32678103,0.83632302,-0.44020218,0
0.14834762,-1.1956722,-0.46205658,0.62349844,-0.54080546,-0.56460541,0
-0.57157534,0.49682847,-1.6310205,-0.71025616,-0.089963078,-0.69817102,0
1.1285625,-0.18882823,-0.34399936,0.62349844,-0.54080546,-0.56460541,0
-0.19684798,0.68718511,0.89554983,-0.62349844,0.54080546,0.56460541,0
-0.43613887,-1.1874115,-0.30799818,-0.32678103,-0.83632302,0.44020218,0
0.065286815,0.71361107,-0.86745632,0.32678103,0.83632302,-0.44020218,0
0.71358597,0.35342899,1.3769915,0.71025616,0.089963078,0.69817102,0
-1.073083,0.035722375,-1.0614159,-0.71025616,-0.089963078,-0.69817102,0
0.41755691,0.28754032,-1.4154265,0.32678103,0.83632302,-0.44020218,0
-0.1739614,1.3550858,0.1736525,0.32678103,0.83632302,-0.44020218,0
1.1799772,0.79608589,0.84548849,0.71025616,0.089963078,0.69817102,0
0.48142207,0.57628489,-0.81944191,0.32678103,0.83632302,-0.44020218,0
1.2908065,-0.17756426,-0.17562073,0.62349844,-0.54080546,-0.56460541,0
0.43633142,-0.19873339,1.7301943,0.71025616,0.089963078,0.69817102,0
1.7673506,0.58947527,0.16021824,0.32678103,0.83632302,-0.44020218,0
1.074697,-0.03634274,1.059854,0.71025616,0.089963078,0.69817102,0
-0.54249293,0.70995128,-1.3255904,0.32678103,0.83632302,-0.44020218,0
0.95485777,0.24953246,-0.95570493,0.62349844,-0.54080546,-0.56460541,0
-0.75278246,0.40102899,0.55572021,-0.62349844,0.54080546,0.56460541,0
-0.95517236,0.17506935,-1.1993232,-0.71025616,-0.089963078,-0.69817102,0
-0.029465437,-0.76831728,0.79011381,-0.32678103,-0.83632302,0.44020218,0
1.2262262,1.0617099,0.76421189,0.71025616,0.089963078,0.69817102,0
0.41279078,1.1940958,0.30336523,0.32678103,0.83632302,-0.44020218,0
-0.15452015,1.2394834,0.41327599,-0.62349844,0.54080546,0.56460541,0
-0.25088859,-1.0226471,0.14255071,-0.32678103,-0.83632302,0.44020218,0
-0.41284871,-0.68430001,-1.5716065,0.62349844,-0.54080546,-0.56460541,0
0.97600985,-0.21817622,1.1836796,0.71025616,0.089963078,0.69817102,0
1.3897928,0.71565735,0.64240468,0.71025616,0.089963078,0.69817102,0
0.28911692,-0.29642648,1.8925455,0.71025616,0.089963078,0.69817102,0
-0.89258355,0.50000381,-1.304865,-0.71025616,-0.089963078,-0.69817102,0
0.067686558,0.078725696,1.7704883,-0.62349844,0.54080546,0.56460541,0
1.8631405,0.46597087,-0.0033144951,0.32678103,0.83632302,-0.44020218,0
-0.35889852,0.7415579,-1.1292522,0.32678103,0.83632302,-0.44020218,0
-0.4172498,-1.2399881,-0.39386415,-0.32678103,-0.83632302,0.44020218,0
0.37559664,-0.53385055,1.536263,-0.32678103,-0.83632302,0.44020218,0
-0.06893611,-1.1910142,-0.042252451,-0.32678103,-0.83632302,0.44020218,0
-0.68668509,-1.306941,-0.72107887,-0.32678103,-0.83632302,0.44020218,0
-0.21793199,-1.3749769,-0.69479573,0.62349844,-0.54080546,-0.56460541,0
-1.2347713,0.3305732,0.090941876,-0.62349844,0.54080546,0.56460541,0
0.30394387,0.6195398,-0.86901325,0.32678103,0.83632302,-0.44020218,0
0.89379036,0.83239079,1.1319511,0.71025616,0.089963078,0.69817102,0
-1.2788823,0.47150612,-0.092762411,-0.62349844,0.54080546,0.56460541,0
1.2982111,0.16921377,-0.49960405,0.62349844,-0.54080546,-0.56460541,0
1.1287069,0.24330828,0.96887457,0.71025616,0.089963078,0.69817102,0
0.20374852,0.89395654,1.1398764,-0.62349844,0.54080546,0.56460541,0
0.25269055,-1.0152749,0.53038502,-0.32678103,-0.83632302,0.44020218,0
-0.35774779,1.2432146,0.18527573,-0.62349844,0.54080546,0.56460541,0
0.6907109,-0.62459826,1.5262866,0.71025616,0.089963078,0.69817102,0
-1.5760274,0.50352693,-0.45157325,-0.62349844,0.54080546,0.56460541,0
1.3659008,0.27364099,-0.52487898,0.62349844,-0.54080546,-0.56460541,0
0.16544628,-0.27949905,1.863492,-0.32678103,-0.83632302,0.44020218,0
0.80016392,0.14021969,-1.0218298,0.62349844,-0.54080546,-0.56460541,0
-0.13172114,1.3674611,0.22852057,0.32678103,0.83632302,-0.44020218,0
0.65732372,1.2784711,1.2724575,-0.62349844,0.54080546,0.56460541,0
0.84264588,0.27476683,1.2558336,0.71025616,0.089963078,0.69817102,0
-0.88833141,-1.3289553,-0.91259348,-0.32678103,-0.83632302,0.44020218,0
-1.5016558,0.27951574,-0.15487552,-0.62349844,0.54080546,0.56460541,0
-1.5492041,0.33140564,-0.61515367,-0.71025616,-0.089963078,-0.69817102,0
0.65565604,-0.71064323,-0.36641493,0.62349844,-0.54080546,-0.56460541,0
-1.25892,-1.0383985,-0.73395586,-0.71025616,-0.089963078,-0.69817102,0
-0.35859585,0.19970822,1.1838583,-0.62349844,0.54080546,0.56460541,0
-0.86164427,-0.81988859,-1.1662645,-0.71025616,-0.089963078,-0.69817102,0
-0.23603995,-0.058770537,1.5667809,-0.62349844,0.54080546,0.56460541,0
-0.69681919,-1.0933625,-1.2987043,-0.71025616,-0.089963078,-0.69817102,0
1.2389851,0.71223038,0.79626441,0.71025616,0.089963078,0.69817102,0
-1.241636,0.23046684,-0.91503918,-0.71025616,-0.089963078,-0.69817102,0
0.92178774,1.1744553,0.64390117,0.32678103,0.83632302,-0.44020218,0
0.28410989,0.62436438,-0.87457097,0.32678103,0.83632302,-0.44020218,0
0.42541474,0.67588776,1.5935407,-0.62349844,0.54080546,0.56460541,0
1.7383664,-0.1519258,0.39959013,0.71025616,0.089963078,0.69817102,0
-0.47616997,-0.14917934,1.388201,-0.62349844,0.54080546,0.56460541,0
-0.75916666,0.5419457,0.4136937,-0.62349844,0.54080546,0.56460541,0
-0.95429087,0.51947498,0.21973982,-0.62349844,0.54080546,0.56460541,0
0.89398408,1.2944124,1.0722201,0.71025616,0.089963078,0.69817102,0
-1.3791289,-0.08752352,-0.7341916,-0.71025616,-0.089963078,-0.69817102,0
-0.79917634,-0.33425683,-1.2923901,-0.71025616,-0.089963078,-0.69817102,0
-0.38970187,-0.51699543,-1.6854056,-0.71025616,-0.089963078,-0.69817102,0
0.9995023,-0.41166294,-0.27307999,0.62349844,-0.54080546,-0.56460541,0
-1.5487711,0.083588958,-0.5836615,-0.71025616,-0.089963078,-0.69817102,0
-0.54505765,-0.59026271,0.7456466,-0.32678103,-0.83632302,0.44020218,0
-1.1416577,-0.21269581,-0.9596442,-0.71025616,-0.089963078,-0.69817102,0
0.32874006,0.58839595,1.5705857,-0.62349844,0.54080546,0.56460541,0
0.63703042,-0.23689699,-0.84075958,0.62349844,-0.54080546,-0.56460541,0
-1.3184359,-0.76849151,-0.70818883,-0.71025616,-0.089963078,-0.69817102,0
-1.4147359,0.6044693,-0.37014505,-0.62349844,0.54080546,0.56460541,0
1.2460495,0.24292046,0.84955072,0.71025616,0.089963078,0.69817102,0
1.5567102,-0.70182931,0.62018442,0.62349844,-0.54080546,-0.56460541,0
0.74765611,-0.42425108,1.4425398,0.71025616,0.089963078,0.69817102,0
-0.7336989,0.76109666,-1.3703616,0.32678103,0.83632302,-0.44020218,0
0.52862418,0.204368,-1.3831375,0.62349844,-0.54080546,-0.56460541,0
1.4886066,-0.37853122,0.68287247,0.71025616,0.089963078,0.69817102,0
-0.99931824,-0.0041835308,0.67160004,-0.62349844,0.54080546,0.56460541,0
1.3560691,-0.10179412,0.78204507,0.71025616,0.089963078,0.69817102,0
0.57972628,0.85077131,-0.22498029,0.32678103,0.83632302,-0.44020218,0
0.34563273,0.39811122,1.7455564,0.71025616,0.089963078,0.69817102,0
-1.0502013,-0.44365728,0.64918673,-0.32678103,-0.83632302,0.44020218,0
-0.89559156,0.97473061,-1.0846667,0.32678103,0.83632302,-0.44020218,0
1.6686974,-0.19053936,0.47544074,0.71025616,0.089963078,0.69817102,0
0.57135499,-0.1032759,-1.0412738,0.62349844,-0.54080546,-0.56460541,0
-0.60435021,1.037743,0.10976106,-0.62349844,0.54080546,0.56460541,0
1.523729,-0.71940637,0.60059917,0.62349844,-0.54080546,-0.56460541,0
-0.80064231,-0.70424122,-1.2432243,-0.71025616,-0.089963078,-0.69817102,0
0.11275589,-0.7331112,-0.94442332,0.62349844,-0.54080546,-0.56460541,0
0.96221507,-1.2243348,0.46415865,0.62349844,-0.54080546,-0.56460541,0
0.00060379505,-1.2042408,-0.015758723,-0.32678103,-0.83632302,0.44020218,0
-0.67156506,0.05670464,0.97521925,-0.62349844,0.54080546,0.56460541,0
1.4286741,-0.20669341,0.0045287013,0.62349844,-0.54080546,-0.56460541,0
0.48623013,-0.25666475,1.6868967,0.71025616,0.089963078,0.69817102,0
0.73307192,0.41066623,-0.94728398,0.32678103,0.83632302,-0.44020218,0
0.69045347,-1.1696277,0.1116491,0.62349844,-0.54080546,-0.56460541,0
-1.087906,0.49779508,-1.1058768,-0.71025616,-0.089963078,-0.69817102,0
1.7166936,-0.28338027,0.39604533,0.62349844,-0.54080546,-0.56460541,0
1.0716289,0.24133837,-0.818905,0.62349844,-0.54080546,-0.56460541,0
1.1701097,0.2863819,0.92120486,0.71025616,0.089963078,0.69817102,0
-1.1451795,0.26952684,-1.0181985,-0.71025616,-0.089963078,-0.69817102,0
0.015417099,-0.32545674,-1.4423856,0.62349844,-0.54080546,-0.56460541,0
0.56609279,0.65461075,-0.60777909,0.32678103,0.83632302,-0.44020218,0
-0.54486644,1.2013985,0.01869224,-0.62349844,0.54080546,0.56460541,0
0.22342679,-0.50879747,-1.0370665,0.62349844,-0.54080546,-0.56460541,0
-1.0695261,0.96910703,-0.33819389,-0.62349844,0.54080546,0.56460541,0
1.0640711,0.45918304,1.0068126,0.71025616,0.089963078,0.69817102,0
-0.62774301,-0.50409174,-1.4449067,-0.71025616,-0.089963078,-0.69817102,0
1.602411,-0.1667738,0.53981203,0.71025616,0.089963078,0.69817102,0
0.069919109,-0.83835882,-0.89091712,0.62349844,-0.54080546,-0.56460541,0
1.1293685,-0.2754879,1.0350511,0.71025616,0.089963078,0.69817102,0
1.8223834,0.19249046,0.056948185,0.62349844,-0.54080546,-0.56460541,0
1.0917531,0.027673841,-0.59202385,0.62349844,-0.54080546,-0.56460541,0
-0.42524672,-0.3012774,1.3836193,-0.32678103,-0.83632302,0.44020218,0
-1.1392775,0.98165405,-0.42723918,-0.62349844,0.54080546,0.56460541,0
-0.29784989,-1.1677884,-0.16805899,-0.32678103,-0.83632302,0.44020218,0
-0.48419401,0.45052612,-1.7139481,-0.71025616,-0.089963078,-0.69817102,0
-1.4935899,0.02365315,-0.63207495,-0.71025616,-0.089963078,-0.69817102,0
-0.68150282,0.27857062,-1.4910666,-0.71025616,-0.089963078,-0.69817102,0
-0.38863492,0.98283637,-0.69293118,0.32678103,0.83632302,-0.44020218,0
-0.0096837878,-0.14140499,1.8958991,-0.62349844,0.54080546,0.56460541,0
-1.2090878,1.2555456,-0.78387892,0.32678103,0.83632302,-0.44020218,0
-1.2488856,-0.56876135,0.2640146,-0.32678103,-0.83632302,0.44020218,0
-1.2877816,-0.15893006,0.50127113,-0.62349844,0.54080546,0.56460541,0
0.92088068,0.29693115,-1.0239463,0.32678103,0.83632302,-0.44020218,0
-0.31045645,0.87857246,-0.8329829,0.32678103,0.83632302,-0.44020218,0
-1.431495,-0.36005008,0.52497828,-0.32678103,-0.83632302,0.44020218,0
0.46782887,1.4289602,0.91905123,-0.62349844,0.54080546,0.56460541,0
0.22161134,-0.034018815,1.9274068,0.71025616,0.089963078,0.69817102,0
0.75936794,0.02317562,1.3729719,0.71025616,0.089963078,0.69817102,0
-1.4316822,-0.30699241,-0.65244883,-0.71025616,-0.089963078,-0.69817102,0
-0.16509724,0.89385021,-0.69605082,0.32678103,0.83632302,-0.44020218,0
-0.28848994,1.3170485,0.19103631,-0.62349844,0.54080546,0.56460541,0
0.55042422,-0.22427857,-0.94848609,0.62349844,-0.54080546,-0.56460541,0
-0.83687651,-0.60842085,0.49451905,-0.32678103,-0.83632302,0.44020218,0
-0.62211806,-0.28031325,-1.4794641,-0.71025616,-0.089963078,-0.69817102,0
-0.22607453,-0.0095053911,1.5305972,-0.62349844,0.54080546,0.56460541,0
-0.1540311,-0.28570515,1.6145394,-0.32678103,-0.83632302,0.44020218,0
0.13903791,-0.74696541,0.95576668,-0.32678103,-0.83632302,0.44020218,0
0.40634435,-0.58535725,-0.76173651,0.62349844,-0.54080546,-0.56460541,0
-0.39658749,-1.1821624,-1.076773,0.62349844,-0.54080546,-0.56460541,0
0.95553267,0.1876992,-0.89573276,0.62349844,-0.54080546,-0.56460541,0
1.2187659,0.2632485,0.87468737,0.71025616,0.089963078,0.69817102,0
1.2182741,-0.99892628,1.0378257,0.71025616,0.089963078,0.69817102,0
0.38495666,0.013246417,1.7551436,0.71025616,0.089963078,0.69817102,0
-0.045429349,1.1892,-0.046092749,0.32678103,0.83632302,-0.44020218,0
0.20007634,-1.0645473,-0.53052962,0.62349844,-0.54080546,-0.56460541,0
-0.81910014,0.21941555,0.65644288,-0.62349844,0.54080546,0.56460541,0
-0.47954932,-0.51976264,-1.5936463,-0.71025616,-0.089963078,-0.69817102,0
-0.55492824,0.96686405,0.23222914,-0.62349844,0.54080546,0.56460541,0
0.22457637,-0.38925219,-1.150303,0.62349844,-0.54080546,-0.56460541,0
-1.1752414,-0.052435875,0.52354509,-0.62349844,0.54080546,0.56460541,0
0.29201871,-0.89578509,0.78659421,-0.32678103,-0.83632302,0.44020218,0
-1.1176049,-1.0053341,-0.88197774,-0.71025616,-0.089963078,-0.69817102,0
0.5313071,-0.72641253,-0.48862976,0.62349844,-0.54080546,-0.56460541,0
0.84420818,-0.84454888,-0.029934101,0.62349844,-0.54080546,-0.56460541,0
-0.27114987,-0.96237731,0.2420139,-0.32678103,-0.83632302,0.44020218,0
-1.2444776,0.76657951,-0.33740398,-0.62349844,0.54080546,0.56460541,0
0.95314741,0.49375558,-0.62605393,0.32678103,0.83632302,-0.44020218,0
1.5894914,0.20928848,-0.21632624,0.62349844,-0.54080546,-0.56460541,0
-0.61670625,-1.2093787,-0.48377591,-0.32678103,-0.83632302,0.44020218,0
0.44706216,0.54233176,1.6237876,0.71025616,0.089963078,0.69817102,0
-1.1239033,-0.90654361,-0.88830006,-0.71025616,-0.089963078,-0.69817102,0
0.086754203,-1.0797915,0.28463086,-0.32678103,-0.83632302,0.44020218,0
-0.071347713,-0.57646304,-1.2977753,0.62349844,-0.54080546,-0.56460541,0
0.89141798,1.1354058,0.54716784,0.32678103,0.83632302,-0.44020218,0
-0.78412056,0.23438215,0.68073535,-0.62349844,0.54080546,0.56460541,0
0.20707506,-0.6886785,1.1170106,-0.32678103,-0.83632302,0.44020218,0
-0.45147526,0.31398892,0.97182721,-0.62349844,0.54080546,0.56460541,0
-0.33318773,0.071628809,1.3345971,-0.62349844,0.54080546,0.56460541,0
0.25274134,0.91153604,-0.35227063,0.32678103,0.83632302,-0.44020218,0
-1.4923754,0.64060426,-0.71280807,-0.71025616,-0.089963078,-0.69817102,0
1.3033062,0.89999425,0.40568048,0.32678103,0.83632302,-0.44020218,0
0.98079175,-0.5004729,-0.20867561,0.62349844,-0.54080546,-0.56460541,0
0.088958696,-0.020566702,-1.6532109,0.62349844,-0.54080546,-0.56460541,0
-0.9601177,0.33906162,-1.2154235,-0.71025616,-0.089963078,-0.69817102,0
0.14501444,0.14179432,-1.746825,0.62349844,-0.54080546,-0.56460541,0
1.2928395,0.42864573,0.77801901,0.71025616,0.089963078,0.69817102,0
-0.081749201,-0.91443747,-0.98553401,0.62349844,-0.54080546,-0.56460541,0
-1.7485687,0.073212385,-0.37906855,-0.71025616,-0.089963078,-0.69817102,0
-1.0958455,-0.10119537,-1.0206168,-0.71025616,-0.089963078,-0.69817102,0
1.4130586,-0.22696269,0.74019778,0.71025616,0.089963078,0.69817102,0
0.22566152,-0.73664677,-0.8163541,0.62349844,-0.54080546,-0.56460541,0
0.1596927,-0.52871728,1.385741,-0.32678103,-0.83632302,0.44020218,0
1.5916978,-0.52312946,0.48765445,0.62349844,-0.54080546,-0.56460541,0
0.39594305,-0.39135763,1.7961024,0.71025616,0.089963078,0.69817102,0
0.89355266,0.74314028,1.1436933,0.71025616,0.089963078,0.69817102,0
-0.78048539,-0.36757696,0.99395055,-0.32678103,-0.83632302,0.44020218,0
0.61483938,0.2025325,1.4968911,0.71025616,0.089963078,0.69817102,0
0.92194641,-1.1018946,0.86263704,-0.32678103,-0.83632302,0.44020218,0
-0.23597062,-1.1635096,-0.1139943,-0.32678103,-0.83632302,0.44020218,0
0.43904579,1.1367522,1.1671561,-0.62349844,0.54080546,0.56460541,0
0.93012083,-0.2161223,1.2300982,0.71025616,0.089963078,0.69817102,0
-0.13266325,-0.3635661,1.4824767,-0.32678103,-0.83632302,0.44020218,0
-0.73094225,0.94632512,0.05752863,-0.62349844,0.54080546,0.56460541,0
0.35117617,-0.52761441,-0.87796813,0.62349844,-0.54080546,-0.56460541,0
0.23411763,1.2512933,0.27939582,0.32678103,0.83632302,-0.44020218,0
0.76119697,-1.285531,0.39442241,-0.32678103,-0.83632302,0.44020218,0
-0.76320177,-0.71666658,0.34355903,-0.32678103,-0.83632302,0.44020218,0
0.31300843,0.25440776,-1.5559845,0.32678103,0.83632302,-0.44020218,0
1.5956724,-0.60736907,0.57273197,0.62349844,-0.54080546,-0.56460541,0
-0.0019450188,0.49167529,-1.3390126,0.32678103,0.83632302,-0.44020218,0
0.75334495,-0.90095484,1.1192346,-0.32678103,-0.83632302,0.44020218,0
-1.9019687,-0.35422695,-0.16793537,-0.71025616,-0.089963078,-0.69817102,0
-1.3727684,-0.38099337,0.5287838,-0.32678103,-0.83632302,0.44020218,0
0.18196058,1.2719618,0.75374496,-0.62349844,0.54080546,0.56460541,0
1.5643085,-0.27059865,0.21552235,0.62349844,-0.54080546,-0.56460541,0
1.1449566,-1.2068256,0.64919019,0.62349844,-0.54080546,-0.56460541,0
1.0403607,1.1612231,0.94047171,0.71025616,0.089963078,0.69817102,0
-1.3297919,0.41522223,-0.84916401,-0.71025616,-0.089963078,-0.69817102,0
0.44096696,-0.79862309,1.0817592,-0.32678103,-0.83632302,0.44020218,0
1.0338436,0.1120677,-0.73680991,0.62349844,-0.54080546,-0.56460541,0
-1.2483668,0.29359269,0.11134997,-0.62349844,0.54080546,0.56460541,0
0.58360332,0.3501049,1.5096525,0.71025616,0.089963078,0.69817102,0
-1.2109796,0.66031325,-0.19862512,-0.62349844,0.54080546,0.56460541,0
0.15612215,-0.65445495,-0.97187406,0.62349844,-0.54080546,-0.56460541,0
1.6018283,0.66967452,0.43262398,0.71025616,0.089963078,0.69817102,0
-0.32893932,-0.50272804,1.0723842,-0.32678103,-0.83632302,0.44020218,0
1.5592551,0.50988871,0.49652332,0.71025616,0.089963078,0.69817102,0
-0.2578916,-0.54071218,-1.5380212,0.62349844,-0.54080546,-0.56460541,0
1.1130885,0.39328718,-0.69819885,0.32678103,0.83632302,-0.44020218,0
-0.0829373,0.70680398,1.0025504,-0.62349844,0.54080546,0.56460541,0
-1.0303349,0.63592958,-1.1822438,-0.71025616,-0.089963078,-0.69817102,0
0.91301244,-0.99857342,1.0523008,-0.32678103,-0.83632302,0.44020218,0
0.26700127,-0.46386468,-1.0319856,0.62349844,-0.54080546,-0.56460541,0
1.4365668,-0.23981273,0.044968069,0.62349844,-0.54080546,-0.56460541,0
1.7407479,0.26154125,-0.099342585,0.62349844,-0.54080546,-0.56460541,0
-0.21049744,0.51337665,-1.4526005,0.32678103,0.83632302,-0.44020218,0
-0.52387518,1.0844778,-0.60022146,0.32678103,0.83632302,-0.44020218,0
1.009065,-0.85750896,1.2324336,0.71025616,0.089963078,0.69817102,0
-1.1764181,-1.0014832,-0.82264262,-0.71025616,-0.089963078,-0.69817102,0
-0.29571545,0.47596961,-1.5869296,0.32678103,0.83632302,-0.44020218,0
-1.4270984,-0.48101342,0.29842836,-0.32678103,-0.83632302,0.44020218,0
1.4952543,-0.770473,0.61806816,0.62349844,-0.54080546,-0.56460541,0
0.4138906,-0.54825217,-0.78894413,0.62349844,-0.54080546,-0.56460541,0
1.4396867,-0.075353026,0.69357318,0.71025616,0.089963078,0.69817102,0
1.3397551,0.71542412,0.082080662,0.32678103,0.83632302,-0.44020218,0
-0.58603674,0.30817068,0.82880288,-0.62349844,0.54080546,0.56460541,0
1.3727945,-0.055091858,-0.20239061,0.62349844,-0.54080546,-0.56460541,0
-0.1533736,0.4936378,1.1289475,-0.62349844,0.54080546,0.56460541,0
0.69745773,-1.238688,0.18553309,0.62349844,-0.54080546,-0.56460541,0
-1.1248522,-0.21493983,0.73484439,-0.62349844,0.54080546,0.56460541,0
0.95924133,-0.13321105,1.18979,0.71025616,0.089963078,0.69817102,0
-1.5714327,-0.20409727,-0.52353787,-0.71025616,-0.089963078,-0.69817102,0
0.90554529,-0.86121655,0.053765982,0.62349844,-0.54080546,-0.56460541,0
-1.0047133,1.2499278,-0.64283621,0.32678103,0.83632302,-0.44020218,0
0.67566323,1.2772669,0.65651995,0.32678103,0.83632302,-0.44020218,0
0.80306995,-0.083112955,-0.80470228,0.62349844,-0.54080546,-0.56460541,0
-0.68288374,-0.24372649,-1.4223609,-0.71025616,-0.089963078,-0.69817102,0
0.61868191,-0.24630041,1.5508168,0.71025616,0.089963078,0.69817102,0
-0.19069088,-1.4143559,-0.62699407,0.62349844,-0.54080546,-0.56460541,0
-0.18298614,-1.0598447,-0.95805311,0.62349844,-0.54080546,-0.56460541,0
1.4427458,-0.44945192,0.73866546,0.71025616,0.089963078,0.69817102,0
0.74791676,0.66092998,-0.46079746,0.32678103,0.83632302,-0.44020218,0
-0.4382689,-1.1343091,-0.2086919,-0.32678103,-0.83632302,0.44020218,0
-0.74130565,1.0482776,-0.051570758,-0.62349844,0.54080546,0.56460541,0
-0.49897948,0.73585212,0.515288,-0.62349844,0.54080546,0.56460541,0
1.4030969,-0.070192099,0.73013103,0.71025616,0.089963078,0.69817102,0
0.8927176,1.1855786,1.0875323,0.71025616,0.089963078,0.69817102,0
1.6741879,-0.41761839,0.49911547,0.71025616,0.089963078,0.69817102,0
1.552637,0.7866137,0.3753624,0.32678103,0.83632302,-0.44020218,0
1.1423993,-0.46068513,-0.068321735,0.62349844,-0.54080546,-0.56460541,0
0.28681594,0.56502134,-0.98530555,0.32678103,0.83632302,-0.44020218,0
-0.31585193,-0.56090933,-1.5826814,0.62349844,-0.54080546,-0.56460541,0
-0.6474449,-0.21509847,-1.4621022,-0.71025616,-0.089963078,-0.69817102,0
-0.19656345,0.20634162,-1.975093,-0.71025616,-0.089963078,-0.69817102,0
0.33172977,0.46717203,-1.1378641,0.32678103,0.83632302,-0.44020218,0
0.20893592,-0.68984282,1.1161799,-0.32678103,-0.83632302,0.44020218,0
0.15043986,0.51929343,1.4398772,-0.62349844,0.54080546,0.56460541,0
0.068335772,0.84280634,-0.61973989,0.32678103,0.83632302,-0.44020218,0
-0.4282589,-0.96529686,-1.3194721,0.62349844,-0.54080546,-0.56460541,0
-0.29020655,1.1163003,0.38142663,-0.62349844,0.54080546,0.56460541,0
-0.09751606,-1.1852108,-0.74358618,0.62349844,-0.54080546,-0.56460541,0
1.3917286,0.089356601,0.72113734,0.71025616,0.089963078,0.69817102,0
-1.5377221,0.37779117,-0.28883684,-0.62349844,0.54080546,0.56460541,0
-1.8077497,-0.37088335,0.13008463,-0.62349844,0.54080546,0.56460541,0
1.2753477,-0.89133531,0.49099106,0.62349844,-0.54080546,-0.56460541,0
-0.55566132,1.2332879,-0.34109885,0.32678103,0.83632302,-0.44020218,0
0.4555974,1.2227623,1.1030498,-0.62349844,0.54080546,0.56460541,0
-0.76028073,-0.73651648,0.30801538,-0.32678103,-0.83632302,0.44020218,0
0.45068231,0.47262901,1.6290865,0.71025616,0.089963078,0.69817102,0
0.071162343,0.45943344,-1.345997,0.32678103,0.83632302,-0.44020218,0
-0.33852869,0.49258614,-1.5871427,0.32678103,0.83632302,-0.44020218,0
0.212273,-1.3818729,-0.21311146,0.62349844,-0.54080546,-0.56460541,0
1.7807791,-0.11323595,0.30384326,0.62349844,-0.54080546,-0.56460541,0
1.2234309,1.0498642,0.63111842,0.32678103,0.83632302,-0.44020218,0
1.1645732,-0.4022181,-0.099837273,0.62349844,-0.54080546,-0.56460541,0
1.4293039,0.57898629,-0.1106562,0.32678103,0.83632302,-0.44020218,0
-0.76727808,-1.4531013,-1.1806715,-0.71025616,-0.089963078,-0.69817102,0
-0.91844422,0.82986772,-1.3210613,-0.71025616,-0.089963078,-0.69817102,0
1.2205484,1.0131778,0.55927908,0.32678103,0.83632302,-0.44020218,0
0.81557357,-1.2281252,0.30585176,0.62349844,-0.54080546,-0.56460541,0
-0.43153977,1.3598695,-0.0079509616,-0.62349844,0.54080546,0.56460541,0
-1.0318803,0.23701867,-1.1292701,-0.71025616,-0.089963078,-0.69817102,0
1.484386,0.11218607,0.62393463,0.71025616,0.089963078,0.69817102,0
-0.0381639,-0.55288136,-1.2837176,0.62349844,-0.54080546,-0.56460541,0
0.14441264,-0.96634805,0.54296005,-0.32678103,-0.83632302,0.44020218,0
-0.12927735,-1.1096495,0.067535251,-0.32678103,-0.83632302,0.44020218,0
-0.55749279,1.0986664,0.10315076,-0.62349844,0.54080546,0.56460541,0
-1.1235753,-0.015712917,-1.003422,-0.71025616,-0.089963078,-0.69817102,0
-0.35792276,0.026700318,-1.7877929,-0.71025616,-0.089963078,-0.69817102,0
0.87161851,-1.1693819,0.69706005,-0.32678103,-0.83632302,0.44020218,0
0.81538224,-1.1203619,0.74844462,-0.32678103,-0.83632302,0.44020218,0
-0.35163927,-1.2459253,-0.96606123,0.62349844,-0.54080546,-0.56460541,0
-0.51699561,0.80071169,0.433267,-0.62349844,0.54080546,0.56460541,0
1.691686,0.6210835,0.16409969,0.32678103,0.83632302,-0.44020218,0
1.0225652,-0.091564655,-0.55421621,0.62349844,-0.54080546,-0.56460541,0
-0.083163619,0.87642157,-0.66834009,0.32678103,0.83632302,-0.44020218,0
-0.5676862,0.65551549,0.51636457,-0.62349844,0.54080546,0.56460541,0
1.2458576,1.0446359,0.63783371,0.32678103,0.83632302,-0.44020218,0
-0.76705754,-1.2412019,-0.65584743,-0.32678103,-0.83632302,0.44020218,0
-1.3769534,1.1020937,-0.80506915,-0.62349844,0.54080546,0.56460541,0
-0.022162676,-0.32628477,1.6353354,-0.32678103,-0.83632302,0.44020218,0
-0.83512956,-0.53431237,-1.2300363,-0.71025616,-0.089963078,-0.69817102,0
-0.27368629,-0.64117885,-1.4592316,0.62349844,-0.54080546,-0.56460541,0
0.43487561,1.2306073,1.0726523,-0.62349844,0.54080546,0.56460541,0
-0.49195647,-1.4582666,-0.86402088,-0.32678103,-0.83632302,0.44020218,0
0.79300857,-0.44121087,-0.47281006,0.62349844,-0.54080546,-0.56460541,0
1.7678347,-0.18709505,0.3602944,0.62349844,-0.54080546,-0.56460541,0
0.42565817,0.58670187,-0.84104717,0.32678103,0.83632302,-0.44020218,0
-0.31390542,0.76568401,-1.0500156,0.32678103,0.83632302,-0.44020218,0
-0.54525459,1.1504757,-0.49070525,0.32678103,0.83632302,-0.44020218,0
-1.2790716,-0.30097842,-0.80847609,-0.71025616,-0.089963078,-0.69817102,0
0.12168261,-0.14382231,2.0432141,0.71025616,0.089963078,0.69817102,0
-0.62660182,0.5760138,0.52745414,-0.62349844,0.54080546,0.56460541,0
1.2637273,0.035277963,0.8583228,0.71025616,0.089963078,0.69817102,0
-0.16208595,-0.71020806,0.80206335,-0.32678103,-0.83632302,0.44020218,0
-0.6366334,-1.4617066,-0.97795689,-0.32678103,-0.83632302,0.44020218,0
0.26012933,-1.1936586,-0.34054363,0.62349844,-0.54080546,-0.56460541,0
0.028187901,-0.2917785,-1.4605414,0.62349844,-0.54080546,-0.56460541,0
-0.42571571,0.27186644,1.0406207,-0.62349844,0.54080546,0.56460541,0
0.60985518,1.2410231,0.53880948,0.32678103,0.83632302,-0.44020218,0
-0.1048671,-1.1052821,0.093953758,-0.32678103,-0.83632302,0.44020218,0
-0.21741891,1.210632,-0.13305041,0.32678103,0.83632302,-0.44020218,0
0.4419024,1.0309912,1.2716135,-0.62349844,0.54080546,0.56460541,0
0.095794201,0.82308471,-0.63682455,0.32678103,0.83632302,-0.44020218,0
1.1049604,0.82694137,0.11965001,0.32678103,0.83632302,-0.44020218,0
1.0223111,-1.0082922,0.32358748,0.62349844,-0.54080546,-0.56460541,0
-0.34817305,0.37054551,1.0317324,-0.62349844,0.54080546,0.56460541,0
1.6912926,-0.24897468,0.459984,0.71025616,0.089963078,0.69817102,0
0.18116784,-0.95995003,0.5824002,-0.32678103,-0.83632302,0.44020218,0
1.7798769,0.45907557,0.27863014,0.71025616,0.089963078,0.69817102,0
0.98589462,-0.46048766,1.2048467,0.71025616,0.089963078,0.69817102,0
1.3565028,0.43913519,-0.43039745,0.32678103,0.83632302,-0.44020218,0
-1.3844543,1.1391717,-0.88684016,-0.71025616,-0.089963078,-0.69817102,0
0.50421005,-0.83467555,-0.41485399,0.62349844,-0.54080546,-0.56460541,0
-1.7943687,-0.30408025,0.080874443,-0.62349844,0.54080546,0.56460541,0
0.037281793,0.10314214,1.7135248,-0.62349844,0.54080546,0.56460541,0
0.9217487,-0.40239632,1.2626177,0.71025616,0.089963078,0.69817102,0
0.96359897,1.2767766,0.86933535,0.32678103,0.83632302,-0.44020218,0
0.28128874,-1.1087837,0.37396097,-0.32678103,-0.83632302,0.44020218,0
-0.49295509,0.48007333,-1.7088426,-0.71025616,-0.089963078,-0.69817102,0
0.91967934,0.24011445,-0.98553169,0.62349844,-0.54080546,-0.56460541,0
0.95079345,0.17827117,1.1582479,0.71025616,0.089963078,0.69817102,0
-1.0768496,-0.06123057,-1.0450912,-0.71025616,-0.089963078,-0.69817102,0
0.72882271,0.7639423,1.3085942,0.71025616,0.089963078,0.69817102,0
-1.5812331,0.21820283,-0.18402535,-0.62349844,0.54080546,0.56460541,0
1.3701713,-0.7927829,0.50130749,0.62349844,-0.54080546,-0.56460541,0
-0.86299717,-0.52648604,-1.2026947,-0.71025616,-0.089963078,-0.69817102,0
-0.30555654,0.0039281845,-1.8381312,-0.71025616,-0.089963078,-0.69817102,0
0.95673895,0.72312093,-0.18762583,0.32678103,0.83632302,-0.44020218,0
-1.0131435,-0.89092112,-1.0029899,-0.71025616,-0.089963078,-0.69817102,0
1.1490772,-0.67902523,1.0669992,0.71025616,0.089963078,0.69817102,0
-0.25175303,0.84176517,-0.85933352,0.32678103,0.83632302,-0.44020218,0
1.1764526,0.60169786,-0.25520962,0.32678103,0.83632302,-0.44020218,0
0.79410732,1.2068529,1.1851082,0.71025616,0.089963078,0.69817102,0
1.3730024,0.38059306,-0.52937073,0.32678103,0.83632302,-0.44020218,0
0.03497684,-1.2957103,-0.16402152,-0.32678103,-0.83632302,0.44020218,0
-1.8185654,-0.044400215,-0.29270524,-0.71025616,-0.089963078,-0.69817102,0
0.8943733,1.1013567,1.0967004,0.71025616,0.089963078,0.69817102,0
1.4818616,-0.19690084,0.66633028,0.71025616,0.089963078,0.69817102,0
1.2720155,0.046607256,0.84843135,0.71025616,0.089963078,0.69817102,0
-0.83933479,-0.44369519,0.80564988,-0.32678103,-0.83632302,0.44020218,0
1.6333777,-0.091608763,0.12035137,0.62349844,-0.54080546,-0.56460541,0
0.55552852,-1.2032686,0.39803261,-0.32678103,-0.83632302,0.44020218,0
-0.24768353,-0.12756836,1.6198205,-0.62349844,0.54080546,0.56460541,0
-0.12770838,-0.39673132,1.4231455,-0.32678103,-0.83632302,0.44020218,0
-0.18518203,0.64333379,0.95043522,-0.62349844,0.54080546,0.56460541,0
-0.19778693,-1.0585245,0.11380813,-0.32678103,-0.83632302,0.44020218,0
0.0080108643,-0.95170867,0.46951598,-0.32678103,-0.83632302,0.44020218,0
-0.28382862,-0.6314739,-1.4797277,0.62349844,-0.54080546,-0.56460541,0
-0.83040893,-0.33824658,1.0126138,-0.32678103,-0.83632302,0.44020218,0
0.43894088,1.0774879,0.10123879,0.32678103,0.83632302,-0.44020218,0
-0.38201547,-0.34182113,-1.7157972,-0.71025616,-0.089963078,-0.69817102,0
1.426149,-0.41123986,0.75062597,0.71025616,0.089963078,0.69817102,0
1.355311,-0.38032532,0.81870651,0.71025616,0.089963078,0.69817102,0
1.4963952,-0.72731876,0.71989214,0.71025616,0.089963078,0.69817102,0
-0.79255259,0.46905017,0.446648,-0.62349844,0.54080546,0.56460541,0
-0.13213134,0.43546543,-1.5424464,0.32678103,0.83632302,-0.44020218,0
-0.45875877,0.34885782,-1.7267231,-0.71025616,-0.089963078,-0.69817102,0
-0.90052426,-0.90027285,-0.10720801,-0.32678103,-0.83632302,0.44020218,0
0.19057798,0.49181819,-1.195823,0.32678103,0.83632302,-0.44020218,0
0.71602356,-0.81444162,-0.20032769,0.62349844,-0.54080546,-0.56460541,0
0.6992085,1.4159666,0.93750906,0.32678103,0.83632302,-0.44020218,0
0.77091789,-0.32078171,-0.61255789,0.62349844,-0.54080546,-0.56460541,0
-1.4155031,0.4725486,-0.76935601,-0.71025616,-0.089963078,-0.69817102,0
1.6196105,0.11028028,-0.08823055,0.62349844,-0.54080546,-0.56460541,0
-1.3655229,-0.46673983,-0.6991691,-0.71025616,-0.089963078,-0.69817102,0
0.9497788,1.2304668,1.0236992,0.71025616,0.089963078,0.69817102,0
-0.1584816,-1.1084111,-0.88447338,0.62349844,-0.54080546,-0.56460541,0
1.5858611,0.54245174,0.46526104,0.71025616,0.089963078,0.69817102,0
0.57664835,-0.55897826,-0.5989356,0.62349844,-0.54080546,-0.56460541,0
-1.30111,0.56968045,-0.21134442,-0.62349844,0.54080546,0.56460541,0
-0.8764984,1.2912891,-0.43363279,-0.62349844,0.54080546,0.56460541,0
1.1649208,-0.053197742,0.97024024,0.71025616,0.089963078,0.69817102,0
-0.76088488,-1.3553708,-1.1997685,-0.71025616,-0.089963078,-0.69817102,0
-1.5937921,-0.50446045,0.13013804,-0.32678103,-0.83632302,0.44020218,0
0.40442789,1.0866947,1.1768749,-0.62349844,0.54080546,0.56460541,0
1.6821821,0.6303792,0.17470551,0.32678103,0.83632302,-0.44020218,0
1.3845066,-0.12743151,0.75641888,0.71025616,0.089963078,0.69817102,0
-0.88797092,-1.2576177,-1.0830786,-0.71025616,-0.089963078,-0.69817102,0
0.84203923,0.090236619,1.2802285,0.71025616,0.089963078,0.69817102,0
-0.01504612,0.51943684,1.2569922,-0.62349844,0.54080546,0.56460541,0
-0.14028579,-0.33651364,1.5282142,-0.32678103,-0.83632302,0.44020218,0
0.82536143,0.12825468,1.2922962,0.71025616,0.089963078,0.69817102,0
0.7275213,0.18972149,1.3839097,0.71025616,0.089963078,0.69817102,0
0.4177621,0.51939625,-0.97477984,0.32678103,0.83632302,-0.44020218,0
-0.54405391,0.090170026,1.0839761,-0.62349844,0.54080546,0.56460541,0
-0.58300179,1.0030934,0.16652527,-0.62349844,0.54080546,0.56460541,0
1.325442,-0.94398201,0.59673786,0.62349844,-0.54080546,-0.56460541,0
1.4255571,-0.46854937,0.75861263,0.71025616,0.089963078,0.69817102,0
1.2375309,0.73182303,0.79521912,0.71025616,0.089963078,0.69817102,0
-0.18138391,-0.14037406,-1.8369956,0.62349844,-0.54080546,-0.56460541,0
-1.2972704,0.67634046,-0.30926841,-0.62349844,0.54080546,0.56460541,0
-0.94512379,-0.84040332,-1.0786967,-0.71025616,-0.089963078,-0.69817102,0
0.10745382,-1.0504203,-0.64634496,0.62349844,-0.54080546,-0.56460541,0
-1.722482,-0.14372754,-0.37765288,-0.71025616,-0.089963078,-0.69817102,0
1.3167841,-0.92345369,0.92788535,0.71025616,0.089963078,0.69817102,0
-0.66459298,-1.3678311,-0.82036167,-0.32678103,-0.83632302,0.44020218,0
0.029370546,0.033455133,1.7715377,-0.62349844,0.54080546,0.56460541,0
0.55913061,0.74114513,-0.44854373,0.32678103,0.83632302,-0.44020218,0
-0.23980665,-0.45209813,1.2347412,-0.32678103,-0.83632302,0.44020218,0
0.44406712,1.1943166,1.1175635,-0.62349844,0.54080546,0.56460541,0
0.47225004,-0.36651501,1.7152735,0.71025616,0.089963078,0.69817102,0
-0.61667037,0.6602819,-1.4750205,0.32678103,0.83632302,-0.44020218,0
1.2869527,-0.4494561,0.080554008,0.62349844,-0.54080546,-0.56460541,0
0.75928813,0.60599893,-0.5567174,0.32678103,0.83632302,-0.44020218,0
-1.0391383,0.17320091,-1.1136632,-0.71025616,-0.089963078,-0.69817102,0
0.1068278,0.6837135,-0.89341986,0.32678103,0.83632302,-0.44020218,0
-0.5677942,0.99590534,-0.80109966,0.32678103,0.83632302,-0.44020218,0
1.4644448,0.50514686,-0.22485417,0.32678103,0.83632302,-0.44020218,0
-0.32189968,-0.41246039,-1.7315513,0.62349844,-0.54080546,-0.56460541,0
-1.2928259,-0.67098904,0.037176728,-0.32678103,-0.83632302,0.44020218,0
0.032915883,-0.16598129,-1.5758147,0.62349844,-0.54080546,-0.56460541,0
1.1363702,-0.17003691,-0.35337627,0.62349844,-0.54080546,-0.56460541,0
-1.4696635,-0.52894104,0.17577446,-0.32678103,-0.83632302,0.44020218,0
1.6175115,-0.1070174,0.11758935,0.62349844,-0.54080546,-0.56460541,0
-0.078818858,0.67841154,-1.0413064,0.32678103,0.83632302,-0.44020218,0
-0.78890103,-0.96557999,-1.2214938,-0.71025616,-0.089963078,-0.69817102,0
-0.99879909,1.2232435,-0.68914199,0.32678103,0.83632302,-0.44020218,0
-1.483272,0.8115201,-0.644153,-0.62349844,0.54080546,0.56460541,0
0.65409529,0.22578371,-1.2650919,0.62349844,-0.54080546,-0.56460541,0
1.2362772,-0.0050505996,0.89144468,0.71025616,0.089963078,0.69817102,0
1.5431136,0.5275172,-0.12395442,0.32678103,0.83632302,-0.44020218,0
-1.3562875,0.42793965,-0.1365118,-0.62349844,0.54080546,0.56460541,0
-0.50573039,1.1246388,-0.5104512,0.32678103,0.83632302,-0.44020218,0
0.091623068,-0.98415762,0.4699364,-0.32678103,-0.83632302,0.44020218,0
0.53839117,0.12157556,1.5850945,0.71025616,0.089963078,0.69817102,0
0.53306651,1.1614965,1.2472827,-0.62349844,0.54080546,0.56460541,0
-1.3779138,1.1858592,-0.89950991,-0.71025616,-0.089963078,-0.69817102,0
-1.3640829,-0.43447089,0.43363202,-0.32678103,-0.83632302,0.44020218,0
-1.3542948,-0.21614003,0.48261851,-0.62349844,0.54080546,0.56460541,0
-0.20296896,0.15780687,1.3958534,-0.62349844,0.54080546,0.56460541,0
1.0537882,-0.55680436,1.1481888,0.71025616,0.089963078,0.69817102,0
0.33160487,-0.32244426,1.8526745,0.71025616,0.089963078,0.69817102,0
-1.168952,-0.077078581,0.55409455,-0.62349844,0.54080546,0.56460541,0
-0.66424274,-1.3065342,-1.2532181,0.62349844,-0.54080546,-0.56460541,0
1.1988081,0.55011857,-0.33660781,0.32678103,0.83632302,-0.44020218,0
1.8398517,0.37590837,-0.09944737,0.62349844,-0.54080546,-0.56460541,0
1.9068606,0.34432602,0.16423464,0.71025616,0.089963078,0.69817102,0
-0.9591741,0.94523722,-1.1878999,0.32678103,0.83632302,-0.44020218,0
-0.51604074,-0.62065387,-1.5435228,-0.71025616,-0.089963078,-0.69817102,0
