-1.7990208,3.2478967,1.6427563,-0.5631454,0.68849796,0.45698771,0
2.7416003,-2.5622864,-1.5141569,0.5631454,-0.68849796,-0.45698771,0
3.0027883,-0.66127706,-2.3369586,-0.46339017,0.19477534,-0.86448371,0
0.5694927,-2.3864717,-1.4213375,-0.46339017,0.19477534,-0.86448371,0
0.34060812,-4.656075,-1.3183935,0.5631454,-0.68849796,-0.45698771,0
1.6639879,5.2322798,0.86530638,0.46339017,-0.19477534,0.86448371,0
-2.4929535,-2.3114095,0.23714137,-0.46339017,0.19477534,-0.86448371,0
2.9352441,-2.0214107,-2.0904143,0.5631454,-0.68849796,-0.45698771,0
-0.61743468,1.1113694,1.1597449,0.46339017,-0.19477534,0.86448371,0
0.19379354,5.3197637,0.97702217,-0.5631454,0.68849796,0.45698771,0
1.7025282,-3.4048061,-1.5252635,0.5631454,-0.68849796,-0.45698771,0
-1.3856447,0.74104655,0.33133262,-0.46339017,0.19477534,-0.86448371,0
3.8415961,2.9608464,-1.4479184,0.68420523,0.69859362,-0.20935637,0
4.4979711,2.0939279,-2.195586,0.68420523,0.69859362,-0.20935637,0
5.3627329,1.194672,-2.3701196,0.68420523,0.69859362,-0.20935637,0
0.25863028,-5.0797291,-0.78113747,0.5631454,-0.68849796,-0.45698771,0
3.5921688,-1.6475396,-1.844161,0.5631454,-0.68849796,-0.45698771,0
-2.7582674,-4.2001019,0.85315895,-0.68420523,-0.69859362,0.20935637,0
-1.9023948,-5.5087123,-0.7163868,-0.68420523,-0.69859362,0.20935637,0
5.4578714,0.99171805,-2.736423,0.68420523,0.69859362,-0.20935637,0
1.94283,3.5191979,-0.82689309,-0.46339017,0.19477534,-0.86448371,0
-1.8518651,3.3383422,1.4413707,-0.5631454,0.68849796,0.45698771,0
3.745362,2.9448686,-0.76574731,0.46339017,-0.19477534,0.86448371,0
-4.8120894,-1.6867495,2.5277023,-0.68420523,-0.69859362,0.20935637,0
0.8648417,-4.0828309,-1.5360312,0.5631454,-0.68849796,-0.45698771,0
1.3075471,-3.6177568,-1.691167,0.5631454,-0.68849796,-0.45698771,0
-0.49472308,0.49761128,0.95568275,0.46339017,-0.19477534,0.86448371,0
1.003783,4.149087,-0.18161535,-0.46339017,0.19477534,-0.86448371,0
-3.7486789,-3.2712874,0.71568704,-0.68420523,-0.69859362,0.20935637,0
-4.7426519,-1.6627809,1.5891907,-0.46339017,0.19477534,-0.86448371,0
3.0569828,-1.6626611,-2.4808879,0.5631454,-0.68849796,-0.45698771,0
-0.12150866,-1.0890837,0.39813274,0.46339017,-0.19477534,0.86448371,0
0.20151234,5.2068577,1.1566379,-0.5631454,0.68849796,0.45698771,0
-0.96134424,3.9258561,0.82145834,-0.46339017,0.19477534,-0.86448371,0
-3.3260837,1.4612913,2.4526594,-0.5631454,0.68849796,0.45698771,0
2.0507183,4.9918604,-0.52353525,0.68420523,0.69859362,-0.20935637,0
3.4424076,3.4271083,-1.1966689,0.68420523,0.69859362,-0.20935637,0
-3.2311239,2.0103285,1.7424979,-0.5631454,0.68849796,0.45698771,0
0.52458405,5.5917072,0.97494507,-0.5631454,0.68849796,0.45698771,0
-1.4890013,-5.9248071,-0.75381374,-0.68420523,-0.69859362,0.20935637,0
5.0447974,1.4735878,-2.4784727,0.68420523,0.69859362,-0.20935637,0
-1.4211133,-5.7631249,0.0075650215,-0.68420523,-0.69859362,0.20935637,0
-1.2703521,0.60536289,0.23896165,-0.46339017,0.19477534,-0.86448371,0
4.8902102,1.7328761,-2.1184754,0.68420523,0.69859362,-0.20935637,0
-1.7092655,3.5951154,1.2302418,-0.5631454,0.68849796,0.45698771,0
-3.3250496,1.7884345,1.6068993,-0.46339017,0.19477534,-0.86448371,0
3.6971893,3.0259368,-1.7026625,0.68420523,0.69859362,-0.20935637,0
3.919363,-1.1811085,-2.1436858,0.5631454,-0.68849796,-0.45698771,0
-1.3753285,-5.8950429,-0.28299379,-0.68420523,-0.69859362,0.20935637,0
-3.1443923,0.36719513,1.1898443,-0.46339017,0.19477534,-0.86448371,0
-1.2344799,0.02965045,0.090020269,-0.46339017,0.19477534,-0.86448371,0
-1.2373631,-6.1702123,-0.75030613,-0.68420523,-0.69859362,0.20935637,0
-4.6308074,0.55225158,2.2144096,-0.5631454,0.68849796,0.45698771,0
1.2811427,-3.7336171,-1.5491501,0.5631454,-0.68849796,-0.45698771,0
0.62211585,-4.1590419,-1.7203224,0.5631454,-0.68849796,-0.45698771,0
-2.1920502,-1.0703537,0.35546768,-0.46339017,0.19477534,-0.86448371,0
3.5360363,-1.6100209,-1.9698592,0.5631454,-0.68849796,-0.45698771,0
2.9198608,3.5765502,-1.3376899,-0.46339017,0.19477534,-0.86448371,0
-1.4163911,-4.9758554,0.21650839,0.46339017,-0.19477534,0.86448371,0
1.6589835,3.8660402,0.56016374,0.46339017,-0.19477534,0.86448371,0
1.7915072,-2.8910217,-2.1896827,0.5631454,-0.68849796,-0.45698771,0
1.883698,5.380053,0.22596359,0.68420523,0.69859362,-0.20935637,0
-3.5927515,1.5302101,2.0202119,-0.5631454,0.68849796,0.45698771,0
0.26717448,5.0194621,1.5198843,-0.5631454,0.68849796,0.45698771,0
0.57802463,2.9476938,0.93268037,0.46339017,-0.19477534,0.86448371,0
5.3071294,1.2582457,-2.3397045,0.68420523,0.69859362,-0.20935637,0
2.0437539,5.1548061,-0.0025696754,0.68420523,0.69859362,-0.20935637,0
-2.3781555,-3.6482682,-0.12559938,-0.46339017,0.19477534,-0.86448371,0
-3.8910539,1.1634954,2.2051063,-0.5631454,0.68849796,0.45698771,0
-1.5497282,-5.6011786,0.12762785,-0.68420523,-0.69859362,0.20935637,0
1.7040489,5.7718801,0.94631863,0.68420523,0.69859362,-0.20935637,0
0.37479782,5.1982336,1.3831711,-0.5631454,0.68849796,0.45698771,0
2.6005073,-2.1479342,-2.3122892,0.5631454,-0.68849796,-0.45698771,0
-4.7513838,-1.9096918,1.9821694,-0.68420523,-0.69859362,0.20935637,0
-2.8481617,1.845608,2.4625897,-0.5631454,0.68849796,0.45698771,0
2.0911551,-2.8483264,-1.884752,0.5631454,-0.68849796,-0.45698771,0
3.8438516,3.0566318,-1.1209254,0.68420523,0.69859362,-0.20935637,0
-0.7842288,3.1315258,1.7043095,0.46339017,-0.19477534,0.86448371,0
-1.4421417,-2.2167826,-0.30480647,-0.46339017,0.19477534,-0.86448371,0
-3.2170749,2.0467513,1.7049358,-0.5631454,0.68849796,0.45698771,0
1.0957074,-4.0623693,-1.2823634,0.5631454,-0.68849796,-0.45698771,0
1.4517628,-2.1861463,-0.69236696,0.46339017,-0.19477534,0.86448371,0
-3.375175,1.6146712,2.1610813,-0.5631454,0.68849796,0.45698771,0
-1.341956,-4.3791103,-0.84569979,-0.46339017,0.19477534,-0.86448371,0
-0.079284906,-5.0244408,-1.2808468,0.5631454,-0.68849796,-0.45698771,0
3.9609127,-0.75097698,-2.7405198,0.5631454,-0.68849796,-0.45698771,0
-1.8845359,-2.4201021,-0.1134789,-0.46339017,0.19477534,-0.86448371,0
-2.3583777,-2.6653786,1.2420115,0.46339017,-0.19477534,0.86448371,0
-0.45440137,1.0447446,1.0573426,0.46339017,-0.19477534,0.86448371,0
1.0108607,-2.4151616,-1.6643885,-0.46339017,0.19477534,-0.86448371,0
1.5181496,2.0889497,0.23526192,0.46339017,-0.19477534,0.86448371,0
5.0385146,0.39634156,-2.0331218,0.46339017,-0.19477534,0.86448371,0
0.17074811,-1.1697136,0.22330737,0.46339017,-0.19477534,0.86448371,0
1.7206513,-0.46601352,-0.44893944,0.46339017,-0.19477534,0.86448371,0
0.45144224,-4.3643055,-1.6213934,0.5631454,-0.68849796,-0.45698771,0
-4.4028664,-2.161478,2.2809939,-0.68420523,-0.69859362,0.20935637,0
-1.8724563,-5.4104996,-0.29082251,-0.68420523,-0.69859362,0.20935637,0
-4.6324573,-1.0797449,1.6614859,-0.46339017,0.19477534,-0.86448371,0
4.9425526,1.5379124,-2.5979803,0.68420523,0.69859362,-0.20935637,0
0.26331758,5.4542603,0.86006355,-0.5631454,0.68849796,0.45698771,0
-0.64374834,0.47237298,1.0298785,0.46339017,-0.19477534,0.86448371,0
-1.8724291,2.5744133,1.005337,-0.46339017,0.19477534,-0.86448371,0
5.1359339,0.28209537,-2.8489704,0.5631454,-0.68849796,-0.45698771,0
2.6313994,4.553576,-0.088286877,0.68420523,0.69859362,-0.20935637,0
-0.75653934,-5.5690436,-1.2949276,0.5631454,-0.68849796,-0.45698771,0
3.2722015,1.0406458,-2.0979156,-0.46339017,0.19477534,-0.86448371,0
3.7824268,2.8689356,-1.9479864,0.68420523,0.69859362,-0.20935637,0
1.4905518,3.2472939,0.51103997,0.46339017,-0.19477534,0.86448371,0
4.3870721,1.4224373,-2.6095002,-0.46339017,0.19477534,-0.86448371,0
2.863724,-0.99739277,-1.1813861,0.46339017,-0.19477534,0.86448371,0
-3.6009154,-3.1971207,1.4460835,-0.68420523,-0.69859362,0.20935637,0
-4.2836618,-2.329236,2.1107879,-0.68420523,-0.69859362,0.20935637,0
1.2489368,3.9470341,0.79821062,0.46339017,-0.19477534,0.86448371,0
-2.534039,-4.5945292,0.26981783,-0.68420523,-0.69859362,0.20935637,0
1.8323474,-3.2538927,-1.5926541,0.5631454,-0.68849796,-0.45698771,0
0.27623689,2.4697666,0.98676717,0.46339017,-0.19477534,0.86448371,0
-2.0922732,-4.9465394,0.53896046,-0.68420523,-0.69859362,0.20935637,0
4.0044651,-1.0851583,-2.1833727,0.5631454,-0.68849796,-0.45698771,0
5.0648952,0.091727138,-2.6497025,0.5631454,-0.68849796,-0.45698771,0
-0.7362926,-5.9008522,-0.77007484,0.5631454,-0.68849796,-0.45698771,0
5.0136919,1.5032376,-2.4811921,0.68420523,0.69859362,-0.20935637,0
-3.3179998,1.5855125,2.2754688,-0.5631454,0.68849796,0.45698771,0
-0.095077515,-5.3818092,-0.76189709,0.5631454,-0.68849796,-0.45698771,0
1.8287735,5.4649801,0.32985592,0.68420523,0.69859362,-0.20935637,0
1.062943,3.8877761,0.88455749,0.46339017,-0.19477534,0.86448371,0
-1.2774309,2.5315499,0.67674184,-0.46339017,0.19477534,-0.86448371,0
1.0048822,3.6151633,-0.30250192,-0.46339017,0.19477534,-0.86448371,0
-0.19649768,-5.194572,-1.1689687,0.5631454,-0.68849796,-0.45698771,0
1.5332732,-0.37786901,-1.4853989,-0.46339017,0.19477534,-0.86448371,0
0.75213599,6.0982289,0.49223089,-0.5631454,0.68849796,0.45698771,0
-1.6209759,-4.3155766,-0.68182158,-0.46339017,0.19477534,-0.86448371,0
2.1252353,5.0842104,0.028156757,0.68420523,0.69859362,-0.20935637,0
-3.8531327,-3.0150838,1.2292347,-0.68420523,-0.69859362,0.20935637,0
2.3556628,-2.8365264,-1.5765774,0.5631454,-0.68849796,-0.45698771,0
-0.65117902,-1.9911673,0.47880566,0.46339017,-0.19477534,0.86448371,0
0.035537243,-5.1878681,-0.60953856,0.46339017,-0.19477534,0.86448371,0
-2.7002673,-4.5139027,-0.0043992996,-0.68420523,-0.69859362,0.20935637,0
-0.57347298,0.36075085,0.96705931,0.46339017,-0.19477534,0.86448371,0
2.4272761,4.6185431,-0.53860235,0.68420523,0.69859362,-0.20935637,0
0.041437507,2.1296802,-0.12075722,-0.46339017,0.19477534,-0.86448371,0
0.10131502,5.2940459,0.90180779,-0.5631454,0.68849796,0.45698771,0
1.452148,0.30232251,-1.2886605,-0.46339017,0.19477534,-0.86448371,0
-2.5381956,-4.4717212,0.66602802,-0.68420523,-0.69859362,0.20935637,0
1.9232025,-3.1256745,-1.673867,0.5631454,-0.68849796,-0.45698771,0
-0.062076807,5.2643566,0.64099836,-0.46339017,0.19477534,-0.86448371,0
0.31533623,5.2869921,1.1761737,-0.5631454,0.68849796,0.45698771,0
-1.6720684,-3.2435224,-0.41289186,-0.46339017,0.19477534,-0.86448371,0
4.0892572,-0.29571146,-1.6802155,0.46339017,-0.19477534,0.86448371,0
-1.2296481,-6.1684752,-0.7192955,-0.68420523,-0.69859362,0.20935637,0
3.3602567,3.6923146,-0.58019257,0.68420523,0.69859362,-0.20935637,0
5.2833376,1.0792232,-3.0148315,0.68420523,0.69859362,-0.20935637,0
-3.9721715,-2.7144592,1.8433416,-0.68420523,-0.69859362,0.20935637,0
-2.0173929,3.1510661,1.5195413,-0.5631454,0.68849796,0.45698771,0
3.3967748,3.3377326,-1.6440396,0.68420523,0.69859362,-0.20935637,0
1.0308444,6.2196851,0.65269661,-0.5631454,0.68849796,0.45698771,0
0.65333009,-2.7890544,-0.40022254,0.46339017,-0.19477534,0.86448371,0
-0.6931746,3.3205347,0.54132724,-0.46339017,0.19477534,-0.86448371,0
2.4170527,1.2823162,-0.42831898,0.46339017,-0.19477534,0.86448371,0
3.5995543,3.1711566,-1.5371685,0.68420523,0.69859362,-0.20935637,0
-1.9355903,-5.2445931,0.05645752,-0.68420523,-0.69859362,0.20935637,0
-1.0655199,-0.42474928,1.0538321,0.46339017,-0.19477534,0.86448371,0
1.986644,5.4226041,0.70439434,0.68420523,0.69859362,-0.20935637,0
2.0250423,5.1024241,-0.23851204,0.68420523,0.69859362,-0.20935637,0
-5.2187181,-1.1894898,2.858073,-0.68420523,-0.69859362,0.20935637,0
3.1440992,3.6882691,-1.3001232,0.68420523,0.69859362,-0.20935637,0
-5.2265391,-0.29724479,2.1562357,-0.46339017,0.19477534,-0.86448371,0
4.2672758,1.7535645,-1.3139203,0.46339017,-0.19477534,0.86448371,0
2.3467283,4.8592892,0.001493454,0.68420523,0.69859362,-0.20935637,0
5.4267573,0.93316615,-3.0334873,0.68420523,0.69859362,-0.20935637,0
1.742389,5.0150285,-0.38242722,-0.46339017,0.19477534,-0.86448371,0
-0.2056222,1.6072838,1.0507342,0.46339017,-0.19477534,0.86448371,0
-0.65020865,-0.26149374,-0.28876448,-0.46339017,0.19477534,-0.86448371,0
0.37065077,-4.6627183,-1.2713637,0.5631454,-0.68849796,-0.45698771,0
-0.24813533,-4.8145561,-0.37337112,0.46339017,-0.19477534,0.86448371,0
0.79947966,1.9152417,0.58135343,0.46339017,-0.19477534,0.86448371,0
3.3652039,-1.8229507,-1.8595753,0.5631454,-0.68849796,-0.45698771,0
0.78673983,5.5918579,1.2977715,-0.5631454,0.68849796,0.45698771,0
0.098553538,2.3093758,-0.1108861,-0.46339017,0.19477534,-0.86448371,0
5.4380088,0.95436996,-2.9259641,0.68420523,0.69859362,-0.20935637,0
4.9724379,1.6027192,-2.2840595,0.68420523,0.69859362,-0.20935637,0
-4.3876824,0.64698249,2.3712904,-0.5631454,0.68849796,0.45698771,0
1.4373033,1.1595616,-1.0875604,-0.46339017,0.19477534,-0.86448371,0
0.44250941,-4.742147,-1.0631444,0.5631454,-0.68849796,-0.45698771,0
0.71688461,-4.0509019,-1.766463,0.5631454,-0.68849796,-0.45698771,0
0.68082786,5.907537,0.69165421,-0.5631454,0.68849796,0.45698771,0
-3.0458534,-3.8170381,1.1915202,-0.68420523,-0.69859362,0.20935637,0
0.59483123,-4.6154537,-1.0663152,0.5631454,-0.68849796,-0.45698771,0
1.0502775,6.2330346,0.34851456,0.68420523,0.69859362,-0.20935637,0
5.2803159,0.76499939,-2.0796733,0.46339017,-0.19477534,0.86448371,0
-4.4598651,-0.26092723,2.9102173,0.46339017,-0.19477534,0.86448371,0
-0.86046028,4.3875747,1.0823028,-0.5631454,0.68849796,0.45698771,0
4.6867933,2.071301,-1.6539929,0.68420523,0.69859362,-0.20935637,0
-2.4121971,2.3461134,2.2457664,-0.5631454,0.68849796,0.45698771,0
-2.1793818,-4.9580946,0.21571922,-0.68420523,-0.69859362,0.20935637,0
-3.2298775,-3.5760765,1.39416,-0.68420523,-0.69859362,0.20935637,0
-3.154305,-3.83724,0.76967669,-0.68420523,-0.69859362,0.20935637,0
3.9831536,-0.51026601,-2.8284411,-0.46339017,0.19477534,-0.86448371,0
2.0931077,1.9021533,-0.11502004,0.46339017,-0.19477534,0.86448371,0
-4.377243,-2.4554501,1.3837924,-0.68420523,-0.69859362,0.20935637,0
2.195318,2.2848637,-0.083580256,0.46339017,-0.19477534,0.86448371,0
-1.5448802,3.7312708,1.2276812,-0.5631454,0.68849796,0.45698771,0
3.6008513,3.1306849,-1.6679783,0.68420523,0.69859362,-0.20935637,0
-5.6362162,-0.59250343,2.7001343,-0.5631454,0.68849796,0.45698771,0
-1.6176207,-5.6068959,-0.11333132,-0.68420523,-0.69859362,0.20935637,0
-0.24867415,4.0282426,0.46251345,-0.46339017,0.19477534,-0.86448371,0
-4.4172101,0.61140549,2.388504,-0.5631454,0.68849796,0.45698771,0
-3.0571291,-3.8280506,1.1179228,-0.68420523,-0.69859362,0.20935637,0
1.0611012,1.8080835,-0.73978674,-0.46339017,0.19477534,-0.86448371,0
-3.0283842,1.9977863,2.0112302,-0.5631454,0.68849796,0.45698771,0
-3.7414498,-3.2601805,0.77637458,-0.68420523,-0.69859362,0.20935637,0
-0.19281507,4.9346967,1.0807467,-0.5631454,0.68849796,0.45698771,0
-4.0704041,0.85137087,2.4543407,-0.5631454,0.68849796,0.45698771,0
0.47133231,5.4722733,1.089262,-0.5631454,0.68849796,0.45698771,0
-4.5768323,-1.6393714,2.6623402,0.46339017,-0.19477534,0.86448371,0
2.6996331,4.2235599,-0.96650791,0.68420523,0.69859362,-0.20935637,0
-0.16668051,0.14605302,-0.45612696,-0.46339017,0.19477534,-0.86448371,0
1.4406757,5.4546289,1.0351057,0.46339017,-0.19477534,0.86448371,0
4.9896898,1.5763896,-2.3155367,0.68420523,0.69859362,-0.20935637,0
-1.293335,-5.1350164,0.11468554,0.46339017,-0.19477534,0.86448371,0
2.9560683,-2.2381406,-1.5104363,0.46339017,-0.19477534,0.86448371,0
-2.6834002,-1.2347962,1.7385561,0.46339017,-0.19477534,0.86448371,0
-1.0828135,3.4134629,1.9278828,0.46339017,-0.19477534,0.86448371,0
-5.3126974,-0.59661353,3.1049981,-0.5631454,0.68849796,0.45698771,0
4.801435,-0.24559456,-2.4661551,0.5631454,-0.68849796,-0.45698771,0
2.0222793,5.2100444,0.11157084,0.68420523,0.69859362,-0.20935637,0
1.2503142,6.0101876,1.2387786,-0.5631454,0.68849796,0.45698771,0
0.56726456,5.5788841,1.0468597,-0.5631454,0.68849796,0.45698771,0
-1.0622087,-6.2128172,-0.3200469,-0.68420523,-0.69859362,0.20935637,0
-0.99775529,-2.9777231,0.44230199,0.46339017,-0.19477534,0.86448371,0
0.5978272,-4.7461638,-0.86569476,0.5631454,-0.68849796,-0.45698771,0
2.4105399,4.5761828,-0.73464918,0.68420523,0.69859362,-0.20935637,0
0.58566999,5.402379,1.3354621,-0.5631454,0.68849796,0.45698771,0
-5.4641213,-0.32461083,2.5085998,-0.5631454,0.68849796,0.45698771,0
4.0678811,2.7355404,-1.4602048,0.68420523,0.69859362,-0.20935637,0
-3.6840222,0.4305045,2.6501267,0.46339017,-0.19477534,0.86448371,0
0.52251339,-4.5624814,-1.2352397,0.5631454,-0.68849796,-0.45698771,0
1.1685137,0.86699152,-1.0093989,-0.46339017,0.19477534,-0.86448371,0
-3.0118151,-4.0614672,0.48713541,-0.68420523,-0.69859362,0.20935637,0
2.0991421,5.2865434,0.6180377,0.68420523,0.69859362,-0.20935637,0
4.3183088,2.5559628,-1.2409976,0.68420523,0.69859362,-0.20935637,0
-0.49520922,4.4983721,1.3654745,-0.5631454,0.68849796,0.45698771,0
0.24252534,5.4345303,0.86416626,-0.5631454,0.68849796,0.45698771,0
3.4276335,-1.4894828,-2.2850463,0.5631454,-0.68849796,-0.45698771,0
-2.9994392,-3.1475525,1.4770026,0.46339017,-0.19477534,0.86448371,0
4.0252514,2.5714386,-2.1471105,0.68420523,0.69859362,-0.20935637,0
-2.7802083,2.2735202,1.9016361,-0.5631454,0.68849796,0.45698771,0
0.72986269,4.5017371,0.044669628,-0.46339017,0.19477534,-0.86448371,0
1.2977281,6.1804304,0.98168516,0.68420523,0.69859362,-0.20935637,0
4.8990922,1.8359743,-1.7454226,0.68420523,0.69859362,-0.20935637,0
2.7962587,4.2785888,-0.46709824,0.68420523,0.69859362,-0.20935637,0
-2.705348,-4.5042472,0.011215687,-0.68420523,-0.69859362,0.20935637,0
-1.4561796,2.6028447,0.78862011,-0.46339017,0.19477534,-0.86448371,0
0.023418665,-5.1441064,-0.97399783,0.5631454,-0.68849796,-0.45698771,0
1.8124053,5.3900428,0.026305676,0.68420523,0.69859362,-0.20935637,0
-4.3274755,-2.1595879,2.4114685,0.46339017,-0.19477534,0.86448371,0
-5.2546148,-1.2846084,2.4233594,-0.68420523,-0.69859362,0.20935637,0
-2.6415658,2.211149,2.1664538,-0.5631454,0.68849796,0.45698771,0
1.819313,-3.3114767,-1.5219601,0.5631454,-0.68849796,-0.45698771,0
3.175221,-1.5708596,-1.4775649,0.46339017,-0.19477534,0.86448371,0
-3.1065893,0.28335303,1.1506904,-0.46339017,0.19477534,-0.86448371,0
-4.0482063,-2.7583699,1.4483252,-0.68420523,-0.69859362,0.20935637,0
0.81725287,-1.8275868,-1.4282233,-0.46339017,0.19477534,-0.86448371,0
2.5893621,4.4029293,-0.72835922,0.68420523,0.69859362,-0.20935637,0
2.9769087,-1.8242133,-2.3361685,0.5631454,-0.68849796,-0.45698771,0
-3.1070166,1.7962494,1.4917874,-0.46339017,0.19477534,-0.86448371,0
-3.5874648,1.139884,2.6147923,-0.5631454,0.68849796,0.45698771,0
-0.79523206,1.7277125,0.23715734,-0.46339017,0.19477534,-0.86448371,0
0.55903983,5.4083056,1.2937174,-0.5631454,0.68849796,0.45698771,0
1.0733595,5.3464818,0.050872326,-0.46339017,0.19477534,-0.86448371,0
1.0943201,2.7575111,0.61308026,0.46339017,-0.19477534,0.86448371,0
1.4716129,5.9190669,0.67782974,0.68420523,0.69859362,-0.20935637,0
2.3549328,-1.7051492,-2.2248812,-0.46339017,0.19477534,-0.86448371,0
-2.6123199,-0.55583614,1.8534302,0.46339017,-0.19477534,0.86448371,0
3.2516651,3.8753402,-0.32435226,0.68420523,0.69859362,-0.20935637,0
5.7615309,0.57328784,-2.5167592,0.5631454,-0.68849796,-0.45698771,0
2.9187582,4.2516842,-0.15653181,0.68420523,0.69859362,-0.20935637,0
0.78015757,3.9128532,-0.11497068,-0.46339017,0.19477534,-0.86448371,0
-5.5588102,-0.73704833,3.0132933,-0.5631454,0.68849796,0.45698771,0
5.0291266,-0.049612939,-2.4808378,0.5631454,-0.68849796,-0.45698771,0
-1.5231409,3.0252485,0.91968441,-0.46339017,0.19477534,-0.86448371,0
1.9695578,5.2554746,0.090866566,0.68420523,0.69859362,-0.20935637,0
2.9782557,-2.1438611,-1.852927,0.5631454,-0.68849796,-0.45698771,0
-0.22549295,-2.447335,-1.0089135,-0.46339017,0.19477534,-0.86448371,0
-5.7714219,-0.77583575,2.4320693,-0.68420523,-0.69859362,0.20935637,0
-2.4609933,-4.4950719,0.84041595,-0.68420523,-0.69859362,0.20935637,0
2.9954019,-0.93362474,-2.3943617,-0.46339017,0.19477534,-0.86448371,0
1.3808661,-2.409627,-1.8614758,-0.46339017,0.19477534,-0.86448371,0
1.4785945,2.8685086,0.43210602,0.46339017,-0.19477534,0.86448371,0
-1.5892074,-5.5827346,0.0601511,-0.68420523,-0.69859362,0.20935637,0
-3.7519798,-3.0108247,0.75443435,-0.46339017,0.19477534,-0.86448371,0
2.2921352,4.74823,-0.54751539,0.68420523,0.69859362,-0.20935637,0
4.6287937,2.1501327,-1.5804901,0.68420523,0.69859362,-0.20935637,0
-0.13254774,-1.3747432,0.33968854,0.46339017,-0.19477534,0.86448371,0
1.200213,-3.6310928,-1.8033427,0.5631454,-0.68849796,-0.45698771,0
2.4513481,-0.10353629,-1.9157062,-0.46339017,0.19477534,-0.86448371,0
1.1397963,2.6055374,-0.60229683,-0.46339017,0.19477534,-0.86448371,0
-1.8812563,-5.5099483,-0.65142632,-0.68420523,-0.69859362,0.20935637,0
-3.2614133,-3.6989548,0.88106966,-0.68420523,-0.69859362,0.20935637,0
3.2324159,-1.5483623,-2.4369049,0.5631454,-0.68849796,-0.45698771,0
-4.0117235,0.65423828,2.8236523,-0.5631454,0.68849796,0.45698771,0
-5.2931008,-1.3633415,2.0348599,-0.68420523,-0.69859362,0.20935637,0
-2.0642359,-5.039145,0.32157516,-0.68420523,-0.69859362,0.20935637,0
4.8070755,1.7584398,-2.3048675,0.68420523,0.69859362,-0.20935637,0
-3.2287796,-3.6919525,1.011086,-0.68420523,-0.69859362,0.20935637,0
0.21426636,1.645005,0.83415973,0.46339017,-0.19477534,0.86448371,0
1.6608684,5.7483826,0.72679043,0.68420523,0.69859362,-0.20935637,0
1.0123415,-3.7836354,-1.8050355,0.5631454,-0.68849796,-0.45698771,0
4.3860092,2.2000573,-2.2073517,0.68420523,0.69859362,-0.20935637,0
0.76931936,0.58541954,-0.85885912,-0.46339017,0.19477534,-0.86448371,0
-1.2885785,3.896477,1.2946217,-0.5631454,0.68849796,0.45698771,0
5.4633827,0.98542309,-2.739418,0.68420523,0.69859362,-0.20935637,0
4.1660519,-1.0096011,-2.0980842,0.5631454,-0.68849796,-0.45698771,0
5.275279,0.31199235,-2.7222986,0.5631454,-0.68849796,-0.45698771,0
-2.7220826,2.0344713,2.3334153,-0.5631454,0.68849796,0.45698771,0
-4.9687886,-0.23475477,2.9836204,-0.5631454,0.68849796,0.45698771,0
-5.0560126,-1.3006272,2.9955177,0.46339017,-0.19477534,0.86448371,0
2.5326254,2.1649904,-1.4481556,-0.46339017,0.19477534,-0.86448371,0
-4.5791807,-1.9317871,2.4712219,-0.68420523,-0.69859362,0.20935637,0
-4.3408537,-2.3894043,1.7231016,-0.68420523,-0.69859362,0.20935637,0
-0.57974839,-2.6487308,-0.86439729,-0.46339017,0.19477534,-0.86448371,0
5.5657139,0.9314357,-2.5851333,0.68420523,0.69859362,-0.20935637,0
2.3009672,-2.5402513,-2.0903475,0.5631454,-0.68849796,-0.45698771,0
2.5236421,4.4066863,-0.9306035,0.68420523,0.69859362,-0.20935637,0
-0.094462633,-5.3786125,-0.76595545,0.5631454,-0.68849796,-0.45698771,0
-1.401721,-5.8916059,-0.35777855,-0.68420523,-0.69859362,0.20935637,0
0.33592939,-4.6467066,-1.338274,0.5631454,-0.68849796,-0.45698771,0
4.0584989,2.6571991,-1.752281,0.68420523,0.69859362,-0.20935637,0
1.9347205,-3.1237273,-1.6626072,0.5631454,-0.68849796,-0.45698771,0
4.3679581,2.4663692,-1.377701,0.68420523,0.69859362,-0.20935637,0
-4.8724728,-1.6852762,2.3352771,-0.68420523,-0.69859362,0.20935637,0
-2.8131409,2.5112896,1.5028297,-0.5631454,0.68849796,0.45698771,0
0.097822428,-4.8310442,-1.3539693,0.5631454,-0.68849796,-0.45698771,0
4.2511773,0.29968321,-1.632862,0.46339017,-0.19477534,0.86448371,0
3.551321,3.5179543,-0.5375843,0.68420523,0.69859362,-0.20935637,0
-1.8524532,-4.0660357,0.65524054,0.46339017,-0.19477534,0.86448371,0
-2.1260448,-5.1400251,-0.21704674,-0.68420523,-0.69859362,0.20935637,0
-1.1631968,-5.8438449,-0.11477757,0.46339017,-0.19477534,0.86448371,0
-4.7692766,-1.8248692,2.2067344,-0.68420523,-0.69859362,0.20935637,0
-0.45256281,4.6896582,1.1298356,-0.5631454,0.68849796,0.45698771,0
3.1775479,-2.1137226,-1.6527464,0.5631454,-0.68849796,-0.45698771,0
2.8129177,-2.0240941,-2.237114,0.5631454,-0.68849796,-0.45698771,0
-3.8663735,1.2832292,2.0551291,-0.5631454,0.68849796,0.45698771,0
-2.7471991,2.1270258,2.1630218,-0.5631454,0.68849796,0.45698771,0
1.1245403,5.1539273,-0.019945621,-0.46339017,0.19477534,-0.86448371,0
-3.946676,1.0529411,2.3031242,-0.5631454,0.68849796,0.45698771,0
-3.5506213,-3.3160143,1.2137187,-0.68420523,-0.69859362,0.20935637,0
2.2786922,4.8811779,-0.14781761,0.68420523,0.69859362,-0.20935637,0
-1.491703,-0.64111936,1.2335296,0.46339017,-0.19477534,0.86448371,0
0.78568077,6.1488986,0.45722961,-0.5631454,0.68849796,0.45698771,0
-2.7637529,-4.1174941,1.1108828,-0.68420523,-0.69859362,0.20935637,0
2.9657862,0.46822631,-0.90587866,0.46339017,-0.19477534,0.86448371,0
2.9280713,4.0883837,-0.6710062,0.68420523,0.69859362,-0.20935637,0
4.192534,0.23295689,-1.6164618,0.46339017,-0.19477534,0.86448371,0
-3.5307038,-3.4333153,0.88739395,-0.68420523,-0.69859362,0.20935637,0
-3.6974473,0.39177024,1.4918361,-0.46339017,0.19477534,-0.86448371,0
2.4290154,1.0972977,-1.6331775,-0.46339017,0.19477534,-0.86448371,0
2.4679556,-2.5656309,-1.8463309,0.5631454,-0.68849796,-0.45698771,0
-4.6987538,0.31646472,2.4859157,-0.5631454,0.68849796,0.45698771,0
-1.5898538,-4.5838971,-0.75895882,-0.46339017,0.19477534,-0.86448371,0
-2.3318238,2.6938927,1.8208464,-0.5631454,0.68849796,0.45698771,0
-3.5129411,-3.4810839,0.78604794,-0.68420523,-0.69859362,0.20935637,0
-1.3457639,-5.9847097,-0.48558044,-0.68420523,-0.69859362,0.20935637,0
2.1407859,-2.6054122,-2.1895669,0.5631454,-0.68849796,-0.45698771,0
-5.4153399,-0.70896661,3.1477838,-0.5631454,0.68849796,0.45698771,0
5.015451,-0.037021518,-2.5166597,0.5631454,-0.68849796,-0.45698771,0
-2.9841673,-0.41149586,2.0852728,0.46339017,-0.19477534,0.86448371,0
2.4678445,4.5928202,-0.49185419,0.68420523,0.69859362,-0.20935637,0
0.83067346,-4.4624581,-1.0061896,0.5631454,-0.68849796,-0.45698771,0
-2.8309207,2.4075017,1.6372868,-0.5631454,0.68849796,0.45698771,0
2.5939326,3.8788111,-1.0948806,-0.46339017,0.19477534,-0.86448371,0
-2.6402352,-4.434164,0.45787191,-0.68420523,-0.69859362,0.20935637,0
-4.9002633,-1.6903762,2.2274368,-0.68420523,-0.69859362,0.20935637,0
-3.0321493,2.1868353,1.721769,-0.5631454,0.68849796,0.45698771,0
-0.24232811,1.3937182,1.0222917,0.46339017,-0.19477534,0.86448371,0
4.1268439,1.3371896,-1.3324568,0.46339017,-0.19477534,0.86448371,0
-1.4612458,-5.9623842,-0.78849268,-0.68420523,-0.69859362,0.20935637,0
-3.05375,2.0147521,1.9544109,-0.5631454,0.68849796,0.45698771,0
-1.1751873,1.3525977,0.35630858,-0.46339017,0.19477534,-0.86448371,0
1.3647342,6.0545769,0.78071737,0.68420523,0.69859362,-0.20935637,0
-2.7631655,-4.468514,-0.05850172,-0.68420523,-0.69859362,0.20935637,0
0.45030475,-3.5724523,-0.46790051,0.46339017,-0.19477534,0.86448371,0
2.5531802,4.6960998,0.13166571,0.68420523,0.69859362,-0.20935637,0
-4.5691476,-2.2604089,1.4074466,-0.68420523,-0.69859362,0.20935637,0
-1.0450857,3.7820644,1.7670516,-0.5631454,0.68849796,0.45698771,0
2.3631229,4.6360955,-0.68969393,0.68420523,0.69859362,-0.20935637,0
5.1661329,0.76027989,-2.019531,0.46339017,-0.19477534,0.86448371,0
-0.68908405,1.6821547,0.169994,-0.46339017,0.19477534,-0.86448371,0
0.56066465,-4.1503649,-1.8091209,0.5631454,-0.68849796,-0.45698771,0
-2.1482625,-1.3066957,0.27874649,-0.46339017,0.19477534,-0.86448371,0
2.6551945,-2.3069563,-2.0053153,0.5631454,-0.68849796,-0.45698771,0
-0.91864824,4.1322398,1.3952856,-0.5631454,0.68849796,0.45698771,0
1.551177,-3.1636856,-2.0750463,0.5631454,-0.68849796,-0.45698771,0
-5.0960274,-1.3098236,2.8575053,-0.68420523,-0.69859362,0.20935637,0
-2.3007746,-4.799161,0.34932947,-0.68420523,-0.69859362,0.20935637,0
-0.86881876,-6.1494703,-0.55881786,0.5631454,-0.68849796,-0.45698771,0
-4.7006178,-0.072375625,3.0694456,-0.5631454,0.68849796,0.45698771,0
2.2280614,2.2521706,-0.10849762,0.46339017,-0.19477534,0.86448371,0
2.5998096,1.7325883,-0.42483234,0.46339017,-0.19477534,0.86448371,0
-4.976933,-1.5396092,2.4799576,-0.68420523,-0.69859362,0.20935637,0
0.52689123,5.6915226,0.82740593,-0.5631454,0.68849796,0.45698771,0
-2.9403427,-4.0585971,0.7302947,-0.68420523,-0.69859362,0.20935637,0
-0.18870187,-1.1258941,0.42585671,0.46339017,-0.19477534,0.86448371,0
-1.5263057,-0.88396001,1.1973637,0.46339017,-0.19477534,0.86448371,0
2.3978539,4.7150297,-0.31279516,0.68420523,0.69859362,-0.20935637,0
-3.5179586,-3.473186,0.79600573,-0.68420523,-0.69859362,0.20935637,0
-0.21149254,4.6199002,1.5320032,-0.5631454,0.68849796,0.45698771,0
0.7922399,-4.0436215,-1.6845706,0.5631454,-0.68849796,-0.45698771,0
-0.76602769,4.5703201,0.86196566,-0.46339017,0.19477534,-0.86448371,0
-1.5010843,3.5064056,1.6204327,-0.5631454,0.68849796,0.45698771,0
-0.60640275,-3.1677339,-0.96704555,-0.46339017,0.19477534,-0.86448371,0
-3.5587027,-3.3829622,0.96391153,-0.68420523,-0.69859362,0.20935637,0
-0.50574565,-5.5632205,-0.99464846,0.5631454,-0.68849796,-0.45698771,0
-0.84307408,3.8742294,0.74643016,-0.46339017,0.19477534,-0.86448371,0
-0.32292867,-0.70163381,0.59339571,0.46339017,-0.19477534,0.86448371,0
3.0895014,2.3410568,-1.7069893,-0.46339017,0.19477534,-0.86448371,0
-2.324517,-4.6789451,0.67288017,-0.68420523,-0.69859362,0.20935637,0
0.46912169,5.4136086,1.174922,-0.5631454,0.68849796,0.45698771,0
0.52204609,5.3567829,1.3257537,-0.5631454,0.68849796,0.45698771,0
1.1562669,-3.6748631,-1.7915527,0.5631454,-0.68849796,-0.45698771,0
2.6240935,-2.1732783,-2.2450404,0.5631454,-0.68849796,-0.45698771,0
2.6104419,4.6367235,0.12067509,0.68420523,0.69859362,-0.20935637,0
5.251061,1.2184844,-2.6556201,0.68420523,0.69859362,-0.20935637,0
-2.1713884,3.066916,1.4565535,-0.5631454,0.68849796,0.45698771,0
-5.6503677,-0.43872821,2.4510176,-0.5631454,0.68849796,0.45698771,0
3.1830924,3.8143775,-0.75188255,0.68420523,0.69859362,-0.20935637,0
-0.88059688,4.2266603,0.84594893,-0.46339017,0.19477534,-0.86448371,0
5.1526923,1.5473528,-1.8797131,0.68420523,0.69859362,-0.20935637,0
-3.0418549,-1.1639277,0.78990662,-0.46339017,0.19477534,-0.86448371,0
1.773011,5.5589061,0.88045835,0.46339017,-0.19477534,0.86448371,0
-0.36875248,4.8491197,0.99286985,-0.5631454,0.68849796,0.45698771,0
-5.0842714,-1.4650427,2.377979,-0.68420523,-0.69859362,0.20935637,0
2.7666581,4.2563939,-0.63789845,0.68420523,0.69859362,-0.20935637,0
1.8614397,-3.1532459,-1.708438,0.5631454,-0.68849796,-0.45698771,0
-1.383944,-5.9302745,-0.4287138,-0.68420523,-0.69859362,0.20935637,0
5.158412,0.29758322,-2.1196413,0.46339017,-0.19477534,0.86448371,0
1.2978692,5.9429307,0.18964243,0.68420523,0.69859362,-0.20935637,0
-5.0376177,-1.3511932,2.910351,-0.68420523,-0.69859362,0.20935637,0
2.1327496,4.988327,-0.26723719,0.68420523,0.69859362,-0.20935637,0
-3.5002687,-3.4400401,0.96442056,-0.68420523,-0.69859362,0.20935637,0
2.9974782,4.0571637,-0.54835176,0.68420523,0.69859362,-0.20935637,0
-1.0128829,-2.8938754,-0.68745732,-0.46339017,0.19477534,-0.86448371,0
0.5433774,5.307023,1.4270098,-0.5631454,0.68849796,0.45698771,0
1.4595101,-3.6216393,-1.4980534,0.5631454,-0.68849796,-0.45698771,0
-2.5714061,2.3039408,2.113111,-0.5631454,0.68849796,0.45698771,0
-2.2564044,2.5799396,2.0854671,-0.5631454,0.68849796,0.45698771,0
3.0339153,3.9985454,-0.6248703,0.68420523,0.69859362,-0.20935637,0
-2.2078707,-0.28506142,0.54088086,-0.46339017,0.19477534,-0.86448371,0
2.4103837,4.8841162,0.29236937,0.68420523,0.69859362,-0.20935637,0
2.3146768,-1.6796855,-2.1975656,-0.46339017,0.19477534,-0.86448371,0
0.22398663,-4.9202237,-1.0641391,0.5631454,-0.68849796,-0.45698771,0
-3.146147,-3.82043,0.85242939,-0.68420523,-0.69859362,0.20935637,0
2.6376219,-2.6681898,-1.4827363,0.5631454,-0.68849796,-0.45698771,0
4.4172006,1.5157049,-1.447876,0.46339017,-0.19477534,0.86448371,0
-4.1239796,1.0947621,2.021626,-0.5631454,0.68849796,0.45698771,0
-1.4685769,1.9390181,1.8024595,0.46339017,-0.19477534,0.86448371,0
-0.67169952,-5.5474381,-1.2229304,0.5631454,-0.68849796,-0.45698771,0
1.5413828,2.1988158,0.24756217,0.46339017,-0.19477534,0.86448371,0
0.57063699,-0.18553889,0.23069723,0.46339017,-0.19477534,0.86448371,0
3.0723705,-2.2285175,-1.6094064,0.5631454,-0.68849796,-0.45698771,0
5.4302187,0.3089745,-2.5268199,0.5631454,-0.68849796,-0.45698771,0
1.343884,-3.4825835,-1.8500412,0.5631454,-0.68849796,-0.45698771,0
-1.2304283,0.20158195,0.12658605,-0.46339017,0.19477534,-0.86448371,0
1.7819537,0.15372348,-1.4989274,-0.46339017,0.19477534,-0.86448371,0
0.62579274,-0.3273581,-0.98758072,-0.46339017,0.19477534,-0.86448371,0
-2.0757651,1.4010649,2.006726,0.46339017,-0.19477534,0.86448371,0
-4.9654589,-1.4938953,2.6699998,-0.68420523,-0.69859362,0.20935637,0
3.2582483,0.75658762,-0.99767721,0.46339017,-0.19477534,0.86448371,0
5.7798901,0.70059621,-2.6554573,0.68420523,0.69859362,-0.20935637,0
-2.6039813,0.10361803,1.9975408,0.46339017,-0.19477534,0.86448371,0
4.7746243,1.8322988,-2.1644661,0.68420523,0.69859362,-0.20935637,0
0.84713984,-3.9996693,-1.6831367,0.5631454,-0.68849796,-0.45698771,0
1.1180966,4.9709768,-0.057712078,-0.46339017,0.19477534,-0.86448371,0
-2.9940076,-3.9136016,1.0387397,-0.68420523,-0.69859362,0.20935637,0
-5.5353403,-0.94464302,2.6403284,-0.68420523,-0.69859362,0.20935637,0
-4.479692,-2.1911547,1.9308915,-0.68420523,-0.69859362,0.20935637,0
0.96239305,-3.6141219,-1.9085443,-0.46339017,0.19477534,-0.86448371,0
1.6786599,0.16124618,-0.28510404,0.46339017,-0.19477534,0.86448371,0
3.1679969,-1.8189622,-2.1086025,0.5631454,-0.68849796,-0.45698771,0
-2.4965692,2.2663739,2.2619307,-0.5631454,0.68849796,0.45698771,0
3.9268727,2.8231812,-1.6285939,0.68420523,0.69859362,-0.20935637,0
1.6926346,-3.2922297,-1.7070634,0.5631454,-0.68849796,-0.45698771,0
-3.6654692,1.0536745,2.6485505,-0.5631454,0.68849796,0.45698771,0
5.1057892,1.3585949,-2.6628597,0.68420523,0.69859362,-0.20935637,0
2.1724815,4.9600143,-0.2318635,0.68420523,0.69859362,-0.20935637,0
-5.4303875,-0.99800247,2.805275,-0.68420523,-0.69859362,0.20935637,0
-0.68944603,-0.36692768,0.86527246,0.46339017,-0.19477534,0.86448371,0
-3.0048256,-4.109067,0.35114288,-0.68420523,-0.69859362,0.20935637,0
0.58395648,-4.1329851,-1.8066034,0.5631454,-0.68849796,-0.45698771,0
1.8841958,5.3971786,0.28473997,0.68420523,0.69859362,-0.20935637,0
4.1122332,-0.5230642,-2.8974216,0.5631454,-0.68849796,-0.45698771,0
1.1895883,-3.7311075,-1.665753,0.5631454,-0.68849796,-0.45698771,0
2.8018413,4.2612228,-0.50680065,0.68420523,0.69859362,-0.20935637,0
3.1878252,3.750138,-0.95077372,0.68420523,0.69859362,-0.20935637,0
1.0485432,-3.8666916,-1.6352917,0.5631454,-0.68849796,-0.45698771,0
3.9505882,2.9226799,-1.2190745,0.68420523,0.69859362,-0.20935637,0
0.15045023,5.2828817,0.97917652,-0.5631454,0.68849796,0.45698771,0
-0.10532546,-3.7258024,-0.20461655,0.46339017,-0.19477534,0.86448371,0
0.4176259,-4.7147226,-1.1351261,0.5631454,-0.68849796,-0.45698771,0
4.9817815,1.7442497,-1.7812562,0.68420523,0.69859362,-0.20935637,0
-0.6845758,-5.7755899,-0.89506483,0.5631454,-0.68849796,-0.45698771,0
2.382829,0.81052637,-0.51627219,0.46339017,-0.19477534,0.86448371,0
-2.0177851,0.30101049,0.57103586,-0.46339017,0.19477534,-0.86448371,0
0.68174815,5.6137505,1.1354074,-0.5631454,0.68849796,0.45698771,0
-3.8771257,-2.9686947,1.3056152,-0.68420523,-0.69859362,0.20935637,0
-3.8654394,-3.1331005,0.79520893,-0.68420523,-0.69859362,0.20935637,0
-1.3094416,3.0466347,0.80995357,-0.46339017,0.19477534,-0.86448371,0
2.5586376,4.4427195,-0.69599533,0.68420523,0.69859362,-0.20935637,0
4.8766003,1.8432029,-1.7948074,0.68420523,0.69859362,-0.20935637,0
1.4235268,-3.8995595,-1.1236808,0.5631454,-0.68849796,-0.45698771,0
3.1787124,1.1283293,-0.87128711,0.46339017,-0.19477534,0.86448371,0
0.15774083,-4.9593997,-1.086751,0.5631454,-0.68849796,-0.45698771,0
0.92099714,4.6388855,-0.026883602,-0.46339017,0.19477534,-0.86448371,0
2.508595,4.7261219,0.086134911,0.68420523,0.69859362,-0.20935637,0
4.5888247,1.9627589,-2.3363571,0.68420523,0.69859362,-0.20935637,0
1.1611328,-3.9430475,-0.93242478,0.46339017,-0.19477534,0.86448371,0
-3.9691246,0.75512075,2.7241578,-0.5631454,0.68849796,0.45698771,0
4.2342777,0.57251376,-2.7190921,-0.46339017,0.19477534,-0.86448371,0
4.5201883,2.2980461,-1.4418619,0.68420523,0.69859362,-0.20935637,0
-4.7384901,0.36376745,2.3656826,-0.5631454,0.68849796,0.45698771,0
-2.2907412,2.5259657,2.1244712,-0.5631454,0.68849796,0.45698771,0
4.6928062,-0.074931473,-2.8571398,0.5631454,-0.68849796,-0.45698771,0
-1.6031682,-5.7929935,-0.68708134,-0.68420523,-0.69859362,0.20935637,0
1.7553413,-3.1011558,-1.9176618,0.5631454,-0.68849796,-0.45698771,0
2.1070905,0.0051450133,-0.54992688,0.46339017,-0.19477534,0.86448371,0
-3.4636312,-3.5084264,0.85595989,-0.68420523,-0.69859362,0.20935637,0
1.6781633,2.9395814,0.34114432,0.46339017,-0.19477534,0.86448371,0
0.58039093,5.5959153,1.0373755,-0.5631454,0.68849796,0.45698771,0
-4.4834948,0.79370654,2.0321667,-0.5631454,0.68849796,0.45698771,0
2.3582826,3.867794,0.18571329,0.46339017,-0.19477534,0.86448371,0
-3.2272406,-1.3242493,2.0099168,0.46339017,-0.19477534,0.86448371,0
2.7224646,3.3870509,-0.11781502,0.46339017,-0.19477534,0.86448371,0
-1.2330317,-6.2158508,-0.90762997,0.5631454,-0.68849796,-0.45698771,0
2.9258668,4.0088444,-0.94362259,0.68420523,0.69859362,-0.20935637,0
-5.3497763,-0.26901376,2.5657444,-0.5631454,0.68849796,0.45698771,0
-1.9451439,3.1398034,1.625542,-0.5631454,0.68849796,0.45698771,0
-3.263761,-0.32833117,2.2538815,0.46339017,-0.19477534,0.86448371,0
-2.4768248,-4.6959591,0.11834431,-0.68420523,-0.69859362,0.20935637,0
0.46127179,1.2521971,0.61325419,0.46339017,-0.19477534,0.86448371,0
0.3463769,-3.930208,-1.6495571,-0.46339017,0.19477534,-0.86448371,0
-4.1477585,-2.6108489,1.0567017,-0.46339017,0.19477534,-0.86448371,0
2.5282474,4.5455065,-0.45232773,0.68420523,0.69859362,-0.20935637,0
-4.0191159,1.0323266,2.244915,-0.5631454,0.68849796,0.45698771,0
3.5765362,0.96003318,-1.1224514,0.46339017,-0.19477534,0.86448371,0
2.6202464,-2.4759183,-1.7938236,0.5631454,-0.68849796,-0.45698771,0
-1.4479063,-5.7757435,-0.12210321,-0.68420523,-0.69859362,0.20935637,0
-3.7485933,-3.2715902,0.71495557,-0.68420523,-0.69859362,0.20935637,0
-2.5970285,-0.34265703,1.8932643,0.46339017,-0.19477534,0.86448371,0
0.083175898,5.4118505,0.7019701,-0.5631454,0.68849796,0.45698771,0
-2.5402048,-4.7230988,-0.17935181,-0.68420523,-0.69859362,0.20935637,0
-1.9999096,3.0407863,1.7072332,-0.5631454,0.68849796,0.45698771,0
1.4354949,6.0218687,0.90282774,0.68420523,0.69859362,-0.20935637,0
2.9751782,1.550071,-1.8239239,-0.46339017,0.19477534,-0.86448371,0
-4.9539471,0.11015475,2.4822679,-0.5631454,0.68849796,0.45698771,0
-2.5726013,2.6031313,1.6608776,-0.5631454,0.68849796,0.45698771,0
-1.9741228,3.3167953,1.323175,-0.5631454,0.68849796,0.45698771,0
-3.7852154,-2.8960688,1.848335,-0.68420523,-0.69859362,0.20935637,0
2.492224,2.5664907,-0.1792779,0.46339017,-0.19477534,0.86448371,0
-0.26270103,4.5041146,1.643342,-0.5631454,0.68849796,0.45698771,0
-2.2595391,-4.7248735,-0.43174934,-0.46339017,0.19477534,-0.86448371,0
-4.1767817,-2.5940793,1.57634,-0.68420523,-0.69859362,0.20935637,0
2.6835637,-2.5774004,-1.5629047,0.5631454,-0.68849796,-0.45698771,0
0.34339571,5.1742091,1.3806689,-0.5631454,0.68849796,0.45698771,0
-3.230046,-3.736587,0.85800791,-0.68420523,-0.69859362,0.20935637,0
-2.0689611,-0.87111026,0.33437943,-0.46339017,0.19477534,-0.86448371,0
4.5990224,2.161483,-1.6399136,0.68420523,0.69859362,-0.20935637,0
-1.7673812,-5.6375098,-0.70492458,-0.68420523,-0.69859362,0.20935637,0
-3.3630867,1.8947097,1.7540716,-0.5631454,0.68849796,0.45698771,0
-2.3233514,2.1654725,2.3116674,0.46339017,-0.19477534,0.86448371,0
-0.49437904,3.4257212,1.615226,0.46339017,-0.19477534,0.86448371,0
-2.6123841,0.43652576,0.92029208,-0.46339017,0.19477534,-0.86448371,0
0.8490119,-2.1749871,-1.5235193,-0.46339017,0.19477534,-0.86448371,0
-0.41600382,2.1245599,1.2800517,0.46339017,-0.19477534,0.86448371,0
-2.1055913,-4.9331613,0.54007578,-0.68420523,-0.69859362,0.20935637,0
-1.4679854,3.7825439,1.2451906,-0.5631454,0.68849796,0.45698771,0
0.34336305,5.6701221,0.63348627,-0.5631454,0.68849796,0.45698771,0
-3.7231169,-3.2280211,0.69002652,-0.46339017,0.19477534,-0.86448371,0
-2.4508367,-4.833921,-0.25708008,-0.68420523,-0.69859362,0.20935637,0
0.32781005,5.5980477,0.72290754,-0.5631454,0.68849796,0.45698771,0
4.6071949,-0.58530885,-2.1937034,0.5631454,-0.68849796,-0.45698771,0
0.85063541,0.59344566,0.25612104,0.46339017,-0.19477534,0.86448371,0
-3.2337623,-3.8186932,0.57188749,-0.68420523,-0.69859362,0.20935637,0
1.6259291,5.670701,0.35339546,0.68420523,0.69859362,-0.20935637,0
-2.2622862,-5.021194,-0.26578045,-0.68420523,-0.69859362,0.20935637,0
5.3501148,1.0821965,-2.7866738,0.68420523,0.69859362,-0.20935637,0
-2.0571823,-5.1746264,-0.10745239,-0.68420523,-0.69859362,0.20935637,0
-2.9314463,-2.9543955,1.4840767,0.46339017,-0.19477534,0.86448371,0
