0.94436204,-1.348737,0.30314434,0.86448807,-0.46272382,0.19633391,0
-0.45042455,1.9876573,-0.23293328,0.41414562,0.87704057,0.24348128,0
0.18179995,-1.3082193,0.92942965,-0.28485742,-0.1291759,0.94982618,0
1.6100501,0.33970451,1.3513719,0.86448807,-0.46272382,0.19633391,0
0.33569655,1.5682435,-0.059309006,0.41414562,0.87704057,0.24348128,0
-0.23315814,-1.5304285,0.77476156,-0.28485742,-0.1291759,0.94982618,0
-0.31920564,-0.77076781,-1.2533795,0.28485742,0.1291759,-0.94982618,0
-1.1096559,-1.2802068,0.33822966,-0.41414562,-0.87704057,-0.24348128,0
-1.67588,-0.030261487,-0.33221158,-0.86448807,0.46272382,-0.19633391,0
0.075160325,1.6715654,0.01167202,0.41414562,0.87704057,0.24348128,0
0.57985276,-2.0188065,0.3289001,0.86448807,-0.46272382,0.19633391,0
0.43808025,1.6773043,-0.62630308,0.41414562,0.87704057,0.24348128,0
1.0830945,-1.5081025,-0.68331194,0.86448807,-0.46272382,0.19633391,0
0.36091164,-0.6938839,-1.0389529,0.28485742,0.1291759,-0.94982618,0
-0.16618228,1.7275581,-0.86771607,0.28485742,0.1291759,-0.94982618,0
0.87973547,-1.5198119,0.18451214,0.86448807,-0.46272382,0.19633391,0
1.3232931,-0.17083144,1.4107656,0.86448807,-0.46272382,0.19633391,0
-0.85762048,-0.32559067,0.75133955,-0.28485742,-0.1291759,0.94982618,0
-0.7678715,1.4808694,-0.76884651,-0.86448807,0.46272382,-0.19633391,0
1.3671199,-0.45035678,-0.70406663,0.28485742,0.1291759,-0.94982618,0
1.7376691,0.1177533,0.26634747,0.86448807,-0.46272382,0.19633391,0
-0.47067249,-1.4133878,-0.26890969,-0.41414562,-0.87704057,-0.24348128,0
-1.2447619,0.40906012,-1.1950876,-0.86448807,0.46272382,-0.19633391,0
0.24148491,0.8370772,-0.86655962,0.28485742,0.1291759,-0.94982618,0
1.3222024,0.98477465,0.36441469,0.41414562,0.87704057,0.24348128,0
-1.0261565,-1.3199136,0.56556737,-0.28485742,-0.1291759,0.94982618,0
-0.80676901,1.8127984,1.0030426,0.41414562,0.87704057,0.24348128,0
1.4933833,-0.24603111,0.48460051,0.86448807,-0.46272382,0.19633391,0
0.82109988,-0.63881671,1.2121972,-0.28485742,-0.1291759,0.94982618,0
-0.91390526,1.0902541,-1.046448,-0.86448807,0.46272382,-0.19633391,0
-0.51743877,-1.5196812,0.19351411,-0.41414562,-0.87704057,-0.24348128,0
-1.5179034,-0.73901367,-0.91679293,-0.41414562,-0.87704057,-0.24348128,0
1.1046715,1.1064523,0.29612696,0.41414562,0.87704057,0.24348128,0
-1.9195139,-0.78714716,-0.060298443,-0.41414562,-0.87704057,-0.24348128,0
-0.55618191,0.41927731,-1.1626042,0.28485742,0.1291759,-0.94982618,0
-1.8653512,-0.58410311,-0.80324662,-0.86448807,0.46272382,-0.19633391,0
1.8864352,0.5099678,0.53568685,0.86448807,-0.46272382,0.19633391,0
1.1885386,0.96663809,0.65709841,0.41414562,0.87704057,0.24348128,0
-0.17059493,-1.5538447,-0.27338421,-0.41414562,-0.87704057,-0.24348128,0
-1.5644548,0.4535788,0.31749073,-0.86448807,0.46272382,-0.19633391,0
1.7155246,0.20803547,0.57663232,0.86448807,-0.46272382,0.19633391,0
1.6414113,-0.066634774,0.25561553,0.86448807,-0.46272382,0.19633391,0
0.58108592,-1.9267187,0.54050505,0.86448807,-0.46272382,0.19633391,0
1.82235,0.95231318,-0.36937368,0.41414562,0.87704057,0.24348128,0
1.8361154,0.16567564,-0.054182172,0.86448807,-0.46272382,0.19633391,0
0.87371129,-1.1431854,1.0986787,0.86448807,-0.46272382,0.19633391,0
-0.8978706,1.7491714,0.43589854,-0.86448807,0.46272382,-0.19633391,0
0.30471173,1.3083196,0.92966294,0.41414562,0.87704057,0.24348128,0
-0.61799234,-1.3095278,-0.39244103,-0.41414562,-0.87704057,-0.24348128,0
-0.81534028,1.2627949,-1.073797,-0.86448807,0.46272382,-0.19633391,0
0.61350971,-1.7205898,0.88354683,0.86448807,-0.46272382,0.19633391,0
0.9361403,0.64244515,-0.684699,0.28485742,0.1291759,-0.94982618,0
1.2400765,1.2451786,-0.43389153,0.41414562,0.87704057,0.24348128,0
-1.5316697,-0.22085786,-1.4163927,-0.86448807,0.46272382,-0.19633391,0
1.9287331,0.43402871,0.17046821,0.86448807,-0.46272382,0.19633391,0
-0.92278665,1.6487725,1.0003083,-0.28485742,-0.1291759,0.94982618,0
1.2511179,0.81723702,1.0888104,0.41414562,0.87704057,0.24348128,0
-1.0294664,1.367439,0.11566067,-0.86448807,0.46272382,-0.19633391,0
-2.0468378,-0.68271035,-0.21991992,-0.41414562,-0.87704057,-0.24348128,0
0.76029736,-1.4662378,0.83668089,0.86448807,-0.46272382,0.19633391,0
-0.9886229,-0.40888309,0.70072353,-0.28485742,-0.1291759,0.94982618,0
1.5912106,0.0067596436,-0.57469314,0.28485742,0.1291759,-0.94982618,0
-0.1122061,-1.7440517,0.78198302,-0.28485742,-0.1291759,0.94982618,0
1.1255749,1.2558968,-0.54445767,0.28485742,0.1291759,-0.94982618,0
1.5991232,-0.14313716,0.26151401,0.86448807,-0.46272382,0.19633391,0
-0.74344796,-1.1628864,-0.70726383,-0.41414562,-0.87704057,-0.24348128,0
-1.572675,-0.60960519,-1.28977,-0.41414562,-0.87704057,-0.24348128,0
0.81411707,-1.4589649,0.61684513,0.86448807,-0.46272382,0.19633391,0
-1.5120217,0.048183918,-0.86882305,-0.86448807,0.46272382,-0.19633391,0
-0.95161182,-0.26316506,0.73164082,-0.28485742,-0.1291759,0.94982618,0
0.76519322,0.97207808,1.3575847,0.41414562,0.87704057,0.24348128,0
0.13782829,-1.6502765,0.86972296,-0.28485742,-0.1291759,0.94982618,0
-0.048493296,1.5722489,0.5797447,0.41414562,0.87704057,0.24348128,0
1.2083837,0.37420118,-0.63953292,0.28485742,0.1291759,-0.94982618,0
-0.96027589,0.19781148,-1.3139133,0.28485742,0.1291759,-0.94982618,0
0.99926984,1.3384019,-0.36009371,0.41414562,0.87704057,0.24348128,0
-0.62704498,1.7077217,-0.85427654,-0.86448807,0.46272382,-0.19633391,0
0.83647031,-1.7875227,-0.25593126,0.86448807,-0.46272382,0.19633391,0
0.59526968,-1.8131987,-0.64185393,-0.41414562,-0.87704057,-0.24348128,0
-0.61039615,0.47073233,-1.1718655,0.28485742,0.1291759,-0.94982618,0
-0.7523756,1.5588342,-0.6533283,-0.86448807,0.46272382,-0.19633391,0
1.3521321,0.4701494,1.5222751,-0.28485742,-0.1291759,0.94982618,0
1.9148152,0.71676952,0.32179737,0.41414562,0.87704057,0.24348128,0
-1.0455517,1.6713687,0.902794,-0.86448807,0.46272382,-0.19633391,0
-1.1947922,1.3828917,0.88003409,-0.86448807,0.46272382,-0.19633391,0
-1.5056982,0.088227749,-0.80229038,-0.86448807,0.46272382,-0.19633391,0
-1.4110758,-0.02043426,-1.4750235,-0.86448807,0.46272382,-0.19633391,0
1.5107163,0.47751173,-0.53481168,0.28485742,0.1291759,-0.94982618,0
0.55752081,1.287011,-0.7105881,0.28485742,0.1291759,-0.94982618,0
0.20416582,-1.6330128,-0.62565732,-0.41414562,-0.87704057,-0.24348128,0
1.3427236,0.94319034,0.47930014,0.41414562,0.87704057,0.24348128,0
1.3279433,0.99800032,0.30701017,0.41414562,0.87704057,0.24348128,0
-1.1829854,1.0465394,0.03532517,-0.86448807,0.46272382,-0.19633391,0
-0.35980433,1.053682,-1.017431,0.28485742,0.1291759,-0.94982618,0
1.9991872,0.67769635,0.319031,0.41414562,0.87704057,0.24348128,0
-0.47461724,-0.52445745,0.83915818,-0.28485742,-0.1291759,0.94982618,0
-0.92682254,0.27498651,-1.2933848,0.28485742,0.1291759,-0.94982618,0
-1.4813126,0.65337825,0.42229474,-0.86448807,0.46272382,-0.19633391,0
-0.68880188,-1.5018029,0.4205929,-0.41414562,-0.87704057,-0.24348128,0
-0.54248041,-0.53387159,0.81752539,-0.28485742,-0.1291759,0.94982618,0
0.5558874,-1.9103676,-0.22485602,-0.41414562,-0.87704057,-0.24348128,0
0.3692311,0.5548898,1.239023,-0.28485742,-0.1291759,0.94982618,0
-0.029087884,1.4924443,0.8342005,0.41414562,0.87704057,0.24348128,0
-0.6533674,-0.92155528,-1.3741033,0.28485742,0.1291759,-0.94982618,0
0.34234861,1.2036985,1.2424989,0.41414562,0.87704057,0.24348128,0
0.21418545,-1.7416605,-0.25134134,-0.41414562,-0.87704057,-0.24348128,0
0.61735684,-0.83782506,1.1240287,-0.28485742,-0.1291759,0.94982618,0
1.2213322,-0.59970379,0.84893924,0.86448807,-0.46272382,0.19633391,0
0.47771192,-2.0962365,0.5961535,0.86448807,-0.46272382,0.19633391,0
-0.88745511,0.82910854,-1.206218,0.28485742,0.1291759,-0.94982618,0
-1.1971341,0.90849352,-0.22772542,-0.86448807,0.46272382,-0.19633391,0
0.73950398,1.4678117,-0.63142169,0.28485742,0.1291759,-0.94982618,0
0.64313173,-0.085532904,1.2340701,-0.28485742,-0.1291759,0.94982618,0
-1.526808,0.17620578,-0.50199205,-0.86448807,0.46272382,-0.19633391,0
-0.90569496,1.5034904,-0.10867536,-0.86448807,0.46272382,-0.19633391,0
1.7150854,0.98462534,-0.40455329,0.28485742,0.1291759,-0.94982618,0
0.58545136,-1.3136054,-1.0558941,0.28485742,0.1291759,-0.94982618,0
1.1354147,-1.0915753,0.067994773,0.86448807,-0.46272382,0.19633391,0
1.2539265,-0.72865444,0.40150803,0.86448807,-0.46272382,0.19633391,0
0.41613001,-0.088676453,-0.9400847,0.28485742,0.1291759,-0.94982618,0
0.22906548,1.7798173,-0.64004362,0.41414562,0.87704057,0.24348128,0
-0.058746248,0.33342355,-1.0250969,0.28485742,0.1291759,-0.94982618,0
-1.1092783,1.2482244,0.18611717,-0.86448807,0.46272382,-0.19633391,0
0.84323293,-1.3976247,0.63321209,0.86448807,-0.46272382,0.19633391,0
-1.1479567,1.3382962,0.56870651,-0.86448807,0.46272382,-0.19633391,0
0.6462214,-1.7331326,-1.0169238,-0.41414562,-0.87704057,-0.24348128,0
-0.42326766,-0.60972631,-1.2626867,0.28485742,0.1291759,-0.94982618,0
0.45513061,0.76239061,-0.81264359,0.28485742,0.1291759,-0.94982618,0
-1.9856747,-0.32009274,0.34878123,-0.86448807,0.46272382,-0.19633391,0
-0.63202107,-1.2599031,-0.54733145,-0.41414562,-0.87704057,-0.24348128,0
-1.4749914,0.28023082,-0.48497987,-0.86448807,0.46272382,-0.19633391,0
1.8383105,0.93132281,-0.3209132,0.41414562,0.87704057,0.24348128,0
-0.50129139,-0.080835462,-1.2141573,0.28485742,0.1291759,-0.94982618,0
-0.99239081,0.91012007,-1.1254075,-0.86448807,0.46272382,-0.19633391,0
0.74958616,1.3542061,0.0076733828,0.41414562,0.87704057,0.24348128,0
-0.72666973,1.5803478,-0.71581161,-0.86448807,0.46272382,-0.19633391,0
0.44759023,-0.80416691,1.0776923,-0.28485742,-0.1291759,0.94982618,0
-0.66144359,1.9204642,-0.20141912,-0.86448807,0.46272382,-0.19633391,0
-0.13155839,-1.304653,-1.2373919,-0.41414562,-0.87704057,-0.24348128,0
-0.23005247,0.43203408,-1.0630615,0.28485742,0.1291759,-0.94982618,0
0.5118624,1.118701,1.2603357,0.41414562,0.87704057,0.24348128,0
0.69263577,-1.6265384,0.75680518,0.86448807,-0.46272382,0.19633391,0
1.2809073,1.1838169,-0.28231204,0.41414562,0.87704057,0.24348128,0
-1.0068942,1.5386322,0.41974294,-0.86448807,0.46272382,-0.19633391,0
-1.5328377,0.25049841,-0.30034775,-0.86448807,0.46272382,-0.19633391,0
0.6872865,1.0975606,1.0381,0.41414562,0.87704057,0.24348128,0
1.0158011,-1.1270314,0.51110768,0.86448807,-0.46272382,0.19633391,0
1.1116307,1.3221583,-0.49270189,0.41414562,0.87704057,0.24348128,0
1.0085278,-1.0411158,0.74562109,0.86448807,-0.46272382,0.19633391,0
-1.9733267,-0.44420901,0.001891017,-0.86448807,0.46272382,-0.19633391,0
-1.2334565,-0.96507424,-0.58632898,-0.41414562,-0.87704057,-0.24348128,0
-1.0002999,1.1895801,-0.43194592,-0.86448807,0.46272382,-0.19633391,0
-0.92418361,-1.4313365,0.5671351,-0.41414562,-0.87704057,-0.24348128,0
-1.0613952,-0.49402988,0.66731888,-0.28485742,-0.1291759,0.94982618,0
0.22428575,0.26974583,1.1567738,-0.28485742,-0.1291759,0.94982618,0
-1.6416755,-0.99072504,0.20042121,-0.41414562,-0.87704057,-0.24348128,0
-1.6514401,0.40123516,0.57713622,-0.86448807,0.46272382,-0.19633391,0
-0.21122542,0.99167919,1.1243445,-0.28485742,-0.1291759,0.94982618,0
-0.08151108,-1.6411818,0.80517864,-0.28485742,-0.1291759,0.94982618,0
-0.73423028,-0.10437775,-1.2872186,0.28485742,0.1291759,-0.94982618,0
-1.7078254,-0.50838816,-1.3184097,-0.86448807,0.46272382,-0.19633391,0
-0.5055263,2.0020876,-0.19118738,0.41414562,0.87704057,0.24348128,0
-1.8570888,-0.27020782,-0.099832177,-0.86448807,0.46272382,-0.19633391,0
-0.31428951,-1.2869086,-0.99049604,-0.41414562,-0.87704057,-0.24348128,0
-0.74958563,-1.3911749,0.12549007,-0.41414562,-0.87704057,-0.24348128,0
-1.6457121,-0.39271355,-1.3192797,-0.86448807,0.46272382,-0.19633391,0
-0.65006089,-1.5437242,0.50570095,-0.41414562,-0.87704057,-0.24348128,0
-0.030023266,-1.5149577,-0.65256095,-0.41414562,-0.87704057,-0.24348128,0
1.5993372,0.82790756,-0.46058035,0.28485742,0.1291759,-0.94982618,0
0.81168902,1.3291765,-0.0078009367,0.41414562,0.87704057,0.24348128,0
-1.1088175,0.4938432,0.78744686,-0.28485742,-0.1291759,0.94982618,0
-0.92413127,0.28618461,0.81459367,-0.28485742,-0.1291759,0.94982618,0
-0.054642662,-1.4567875,-0.82021999,-0.41414562,-0.87704057,-0.24348128,0
-1.7405256,-0.19200429,0.50471973,-0.28485742,-0.1291759,0.94982618,0
1.7609478,0.0080587789,-0.094682872,0.86448807,-0.46272382,0.19633391,0
1.3453816,-0.45584595,0.64177805,0.86448807,-0.46272382,0.19633391,0
0.91994566,-1.7906958,-1.0204616,0.28485742,0.1291759,-0.94982618,0
1.4893537,0.75983405,0.89035648,0.41414562,0.87704057,0.24348128,0
0.83267713,-0.61088699,1.2194678,-0.28485742,-0.1291759,0.94982618,0
-2.127739,-0.70222306,0.073699117,-0.86448807,0.46272382,-0.19633391,0
1.6821615,0.20669818,0.72038299,0.86448807,-0.46272382,0.19633391,0
-0.1347582,0.7105695,-0.99660182,0.28485742,0.1291759,-0.94982618,0
-0.14893825,1.2911382,1.1837511,-0.28485742,-0.1291759,0.94982618,0
1.9386232,0.40729234,0.063907623,0.86448807,-0.46272382,0.19633391,0
-0.9364199,1.2465748,-0.57889247,-0.86448807,0.46272382,-0.19633391,0
-1.9279392,-0.74757886,0.37295568,-0.28485742,-0.1291759,0.94982618,0
0.63226271,-1.4706302,-1.0632105,0.28485742,0.1291759,-0.94982618,0
-0.58606029,-0.95412594,0.74730122,-0.28485742,-0.1291759,0.94982618,0
0.51832467,1.2505592,0.77437866,0.41414562,0.87704057,0.24348128,0
1.1416088,-0.96411753,0.34111547,0.86448807,-0.46272382,0.19633391,0
1.7412809,0.38541052,-0.47819006,0.28485742,0.1291759,-0.94982618,0
1.2145019,-0.67368937,0.70464385,0.86448807,-0.46272382,0.19633391,0
1.6834207,0.57379186,1.230402,0.41414562,0.87704057,0.24348128,0
-0.69755077,1.9263834,-0.028483033,-0.86448807,0.46272382,-0.19633391,0
1.038361,0.34101325,-0.69503707,0.28485742,0.1291759,-0.94982618,0
-0.92755735,0.55260187,0.8497988,-0.28485742,-0.1291759,0.94982618,0
-0.26500696,1.9380828,-0.3697443,0.41414562,0.87704057,0.24348128,0
1.708437,0.58481705,1.1481378,0.41414562,0.87704057,0.24348128,0
-1.0215075,1.2917449,-0.097781301,-0.86448807,0.46272382,-0.19633391,0
-1.7210864,-0.18687159,-0.50226289,-0.86448807,0.46272382,-0.19633391,0
-0.54975599,-0.79171145,0.78027743,-0.28485742,-0.1291759,0.94982618,0
-1.3246162,0.78648758,0.046051204,-0.86448807,0.46272382,-0.19633391,0
-1.0322577,0.9663744,-0.81728661,-0.86448807,0.46272382,-0.19633391,0
0.52989227,-1.2799617,-1.067981,0.28485742,0.1291759,-0.94982618,0
-0.74419492,-1.2997867,-0.21286726,-0.41414562,-0.87704057,-0.24348128,0
-0.71034569,-0.86372375,0.72232199,-0.28485742,-0.1291759,0.94982618,0
-0.37408817,-0.81169045,-1.2754046,0.28485742,0.1291759,-0.94982618,0
-0.053626988,1.4685299,0.96208227,0.41414562,0.87704057,0.24348128,0
-1.8337765,-0.60192984,-0.87330157,-0.41414562,-0.87704057,-0.24348128,0
0.1490708,1.3407168,1.0777006,0.41414562,0.87704057,0.24348128,0
-1.1403464,0.93300742,-0.41999549,-0.86448807,0.46272382,-0.19633391,0
1.0275924,1.1209978,-0.59218931,0.28485742,0.1291759,-0.94982618,0
0.070758849,1.7369676,-0.21642566,0.41414562,0.87704057,0.24348128,0
1.3925056,1.1532912,-0.36217725,0.41414562,0.87704057,0.24348128,0
-1.1059086,0.22039145,0.75113004,-0.28485742,-0.1291759,0.94982618,0
-0.39826864,2.1290116,-0.86870861,-0.86448807,0.46272382,-0.19633391,0
-0.083702803,1.7283604,0.077307105,0.41414562,0.87704057,0.24348128,0
-1.7078882,-0.025845483,-0.18086678,-0.86448807,0.46272382,-0.19633391,0
0.33959174,-1.3377858,0.97273099,-0.28485742,-0.1291759,0.94982618,0
-0.82851255,-1.0198231,-1.0779016,-0.41414562,-0.87704057,-0.24348128,0
-0.24582028,-1.5585504,-0.12848067,-0.41414562,-0.87704057,-0.24348128,0
1.3815974,1.1005828,-0.15376306,0.41414562,0.87704057,0.24348128,0
1.5810378,-0.3530679,-0.15362228,0.86448807,-0.46272382,0.19633391,0
-0.037942171,1.8953297,-0.60196626,0.41414562,0.87704057,0.24348128,0
1.2105551,-0.24924719,1.381978,-0.28485742,-0.1291759,0.94982618,0
0.2398939,0.81166565,-0.87049264,0.28485742,0.1291759,-0.94982618,0
-1.3650943,0.63289773,-0.13770069,-0.86448807,0.46272382,-0.19633391,0
-0.99480212,1.5058513,0.28924143,-0.86448807,0.46272382,-0.19633391,0
1.258819,1.2325602,-0.42031884,0.41414562,0.87704057,0.24348128,0
0.72232652,-1.9724561,-0.28431022,-0.41414562,-0.87704057,-0.24348128,0
0.21955478,1.7836758,-0.63776469,0.41414562,0.87704057,0.24348128,0
1.5515406,0.6661011,1.1222155,0.41414562,0.87704057,0.24348128,0
-0.46759129,-1.6758397,0.67122352,-0.41414562,-0.87704057,-0.24348128,0
-0.97271627,1.562766,0.32613146,-0.86448807,0.46272382,-0.19633391,0
0.29702488,-1.5978875,-0.91012847,-0.41414562,-0.87704057,-0.24348128,0
-0.046398997,0.25494981,-1.0320663,0.28485742,0.1291759,-0.94982618,0
-1.0836897,1.6099423,0.92595017,-0.86448807,0.46272382,-0.19633391,0
-1.9834867,-0.74726409,-0.095147729,-0.41414562,-0.87704057,-0.24348128,0
1.5498004,0.85756207,0.43551648,0.41414562,0.87704057,0.24348128,0
-0.4154821,0.18965578,0.95401216,-0.28485742,-0.1291759,0.94982618,0
-0.36816883,1.7488729,0.48727727,0.41414562,0.87704057,0.24348128,0
0.50144231,1.3297105,0.51798511,0.41414562,0.87704057,0.24348128,0
-1.2502102,1.2189498,0.73766631,-0.86448807,0.46272382,-0.19633391,0
-0.038072109,-1.8805327,0.67796183,-0.41414562,-0.87704057,-0.24348128,0
-1.739434,0.035656847,0.10298401,-0.86448807,0.46272382,-0.19633391,0
-0.29566628,2.0310256,-0.65238285,0.41414562,0.87704057,0.24348128,0
-0.85924482,1.7377169,0.23882759,-0.86448807,0.46272382,-0.19633391,0
1.6424756,0.23047483,0.95116329,0.86448807,-0.46272382,0.19633391,0
-2.1422584,-0.66428149,0.22705221,-0.86448807,0.46272382,-0.19633391,0
-0.78953683,0.52013165,0.88677591,-0.28485742,-0.1291759,0.94982618,0
0.48157081,-1.9289398,-0.031549931,-0.41414562,-0.87704057,-0.24348128,0
1.3260815,1.1727468,-0.49563301,0.28485742,0.1291759,-0.94982618,0
0.90694827,-1.8302116,-0.6668669,0.86448807,-0.46272382,0.19633391,0
0.84307009,-1.4941332,0.40647566,0.86448807,-0.46272382,0.19633391,0
1.2990707,-0.86212569,-0.11183628,0.86448807,-0.46272382,0.19633391,0
-1.75352,-0.78869778,-0.33705795,-0.41414562,-0.87704057,-0.24348128,0
-0.78078103,-1.097321,-0.87993479,-0.41414562,-0.87704057,-0.24348128,0
-0.13163543,-1.7507693,0.77524245,-0.28485742,-0.1291759,0.94982618,0
1.585181,0.56135285,1.4423075,0.41414562,0.87704057,0.24348128,0
0.32098061,0.62361681,1.2338994,-0.28485742,-0.1291759,0.94982618,0
1.0682287,1.0037363,-0.59594953,0.28485742,0.1291759,-0.94982618,0
-1.5384777,0.013223588,-0.8347289,-0.86448807,0.46272382,-0.19633391,0
0.6726656,1.0353312,1.2871255,0.41414562,0.87704057,0.24348128,0
-0.29856133,1.7413762,0.39588356,0.41414562,0.87704057,0.24348128,0
-0.37730509,-1.5155187,0.73355877,-0.28485742,-0.1291759,0.94982618,0
1.9164096,0.88710546,-0.29447961,0.41414562,0.87704057,0.24348128,0
-0.33676904,0.73689401,-1.0536056,0.28485742,0.1291759,-0.94982618,0
-0.097863689,-1.4263732,-0.85625803,-0.41414562,-0.87704057,-0.24348128,0
-0.69764996,1.199232,1.0066905,-0.28485742,-0.1291759,0.94982618,0
0.8858394,-1.3788853,0.48977435,0.86448807,-0.46272382,0.19633391,0
-1.1714088,1.0505729,-0.0061420798,-0.86448807,0.46272382,-0.19633391,0
-0.67862809,1.9116534,0.42899907,0.41414562,0.87704057,0.24348128,0
1.5547147,-0.15384874,0.43180656,0.86448807,-0.46272382,0.19633391,0
1.3986516,-0.35685885,-0.68189448,0.28485742,0.1291759,-0.94982618,0
-1.3994272,-0.6960212,-1.2731755,-0.41414562,-0.87704057,-0.24348128,0
1.9246166,0.78167576,-0.36931491,0.28485742,0.1291759,-0.94982618,0
-0.8983084,-1.0298619,-0.92302221,-0.41414562,-0.87704057,-0.24348128,0
-1.5178287,-0.21645594,-1.4669623,-0.86448807,0.46272382,-0.19633391,0
1.3212838,0.98600054,-0.52246916,0.28485742,0.1291759,-0.94982618,0
-1.5025084,0.048199296,-0.91067523,-0.86448807,0.46272382,-0.19633391,0
-0.74983758,1.1335546,-1.1235411,0.28485742,0.1291759,-0.94982618,0
0.87601143,-0.42413688,1.2578616,-0.28485742,-0.1291759,0.94982618,0
0.78314221,-1.7427914,0.084304452,0.86448807,-0.46272382,0.19633391,0
-1.6257114,-0.42669013,0.50723594,-0.28485742,-0.1291759,0.94982618,0
-0.66778958,-0.77420437,-1.3583889,0.28485742,0.1291759,-0.94982618,0
-0.86281478,-1.3769977,0.2670182,-0.41414562,-0.87704057,-0.24348128,0
0.51506603,0.50329661,1.275743,-0.28485742,-0.1291759,0.94982618,0
-0.5908317,0.98487157,1.0095729,-0.28485742,-0.1291759,0.94982618,0
-2.0639036,-0.77214777,0.13126886,-0.41414562,-0.87704057,-0.24348128,0
0.81891847,-1.9087232,-0.67817771,-0.41414562,-0.87704057,-0.24348128,0
1.0997517,0.61551738,-0.63929331,0.28485742,0.1291759,-0.94982618,0
0.78167999,0.55151403,1.3622591,-0.28485742,-0.1291759,0.94982618,0
1.1216309,-1.1071224,0.092044532,0.86448807,-0.46272382,0.19633391,0
-0.13770285,-0.60676932,-1.1766421,0.28485742,0.1291759,-0.94982618,0
0.79535943,-1.8653623,-0.79429519,-0.41414562,-0.87704057,-0.24348128,0
0.38677591,-0.29194224,-0.97653222,0.28485742,0.1291759,-0.94982618,0
-0.056624353,1.0849206,-0.92225736,0.28485742,0.1291759,-0.94982618,0
-0.56839222,0.55489326,-1.1478225,0.28485742,0.1291759,-0.94982618,0
0.92527151,-0.91649878,1.2056742,-0.28485742,-0.1291759,0.94982618,0
1.5647385,0.79456353,0.63703346,0.41414562,0.87704057,0.24348128,0
1.647293,0.067655683,0.54621625,0.86448807,-0.46272382,0.19633391,0
-1.8601254,-0.46668458,-0.54952216,-0.86448807,0.46272382,-0.19633391,0
0.60343289,-1.9109547,-0.30361366,-0.41414562,-0.87704057,-0.24348128,0
-1.4598083,-1.0752265,0.19545937,-0.41414562,-0.87704057,-0.24348128,0
-1.6419852,-0.15540379,-0.77639347,-0.86448807,0.46272382,-0.19633391,0
0.45795554,1.443679,0.18142962,0.41414562,0.87704057,0.24348128,0
1.1791704,-1.1271927,-0.2086122,0.86448807,-0.46272382,0.19633391,0
0.075856015,1.4051435,0.97016317,0.41414562,0.87704057,0.24348128,0
0.79532892,1.0274217,1.1069733,0.41414562,0.87704057,0.24348128,0
0.095602065,-1.820981,0.23608041,-0.41414562,-0.87704057,-0.24348128,0
-0.034861565,1.8151453,-0.31837511,0.41414562,0.87704057,0.24348128,0
0.66064632,-0.96400529,-0.98579717,0.28485742,0.1291759,-0.94982618,0
0.44498661,1.2863057,0.77036023,0.41414562,0.87704057,0.24348128,0
0.50577348,-2.0398257,0.60554397,0.86448807,-0.46272382,0.19633391,0
-0.57534117,2.0390849,-0.20570493,0.41414562,0.87704057,0.24348128,0
1.0733595,-1.3613468,-0.29457021,0.86448807,-0.46272382,0.19633391,0
-0.55268347,1.4002097,1.0774996,-0.28485742,-0.1291759,0.94982618,0
-0.58112991,0.20041144,0.90579629,-0.28485742,-0.1291759,0.94982618,0
-0.41086984,1.8487751,-0.9246136,0.28485742,0.1291759,-0.94982618,0
0.92147958,-1.7226579,-0.47736549,0.86448807,-0.46272382,0.19633391,0
0.89846194,-1.9060829,-0.82298696,-0.41414562,-0.87704057,-0.24348128,0
0.98966193,-1.4967999,-0.95958382,0.28485742,0.1291759,-0.94982618,0
1.3554199,0.020619452,-0.64352298,0.28485742,0.1291759,-0.94982618,0
1.871986,0.17390014,-0.19274211,0.86448807,-0.46272382,0.19633391,0
0.087229669,1.1822246,-0.86588156,0.28485742,0.1291759,-0.94982618,0
1.4142686,-0.65684736,-0.13526589,0.86448807,-0.46272382,0.19633391,0
-1.6601489,0.10943413,-0.07224077,-0.86448807,0.46272382,-0.19633391,0
1.5970782,0.86405331,-0.45634198,0.28485742,0.1291759,-0.94982618,0
0.2765376,-1.5707133,-0.97316468,-0.41414562,-0.87704057,-0.24348128,0
0.067490697,0.16608751,1.0956527,-0.28485742,-0.1291759,0.94982618,0
-1.6031685,-0.7067343,-0.88803566,-0.41414562,-0.87704057,-0.24348128,0
1.6367005,0.88157952,0.20119238,0.41414562,0.87704057,0.24348128,0
-0.73512006,-1.0578812,-1.099667,-0.41414562,-0.87704057,-0.24348128,0
-0.16132952,-1.4385779,-0.70434487,-0.41414562,-0.87704057,-0.24348128,0
-1.5837758,0.42432502,0.33361816,-0.86448807,0.46272382,-0.19633391,0
-0.98212248,-1.3163066,0.25133789,-0.41414562,-0.87704057,-0.24348128,0
0.41847754,-0.6353128,1.0919253,-0.28485742,-0.1291759,0.94982618,0
-0.93575096,1.1960155,-0.70099717,-0.86448807,0.46272382,-0.19633391,0
-1.4165103,-0.66156495,-1.3682327,-0.41414562,-0.87704057,-0.24348128,0
-0.56765705,1.8616617,0.42031848,0.41414562,0.87704057,0.24348128,0
0.61002058,-1.4293731,1.0413783,-0.28485742,-0.1291759,0.94982618,0
0.77688038,-1.0203981,1.1470407,-0.28485742,-0.1291759,0.94982618,0
-0.029637098,-1.839154,0.79381192,-0.28485742,-0.1291759,0.94982618,0
-1.8310552,-0.72805631,-0.42361224,-0.41414562,-0.87704057,-0.24348128,0
0.31277469,0.23537278,-0.92701095,0.28485742,0.1291759,-0.94982618,0
-1.7774069,-0.9218598,0.18323278,-0.41414562,-0.87704057,-0.24348128,0
-0.0091963559,1.5461063,0.60707152,0.41414562,0.87704057,0.24348128,0
-1.6150098,-0.30394602,-1.245258,-0.86448807,0.46272382,-0.19633391,0
-1.430519,-0.61040866,-1.5286738,-0.41414562,-0.87704057,-0.24348128,0
-0.23406464,1.7452679,-0.88566577,0.28485742,0.1291759,-0.94982618,0
-0.73785186,1.8606735,-0.005897522,-0.86448807,0.46272382,-0.19633391,0
-1.0940545,-0.78910387,-1.457303,-0.41414562,-0.87704057,-0.24348128,0
-1.5764009,-0.13944411,-1.0275571,-0.86448807,0.46272382,-0.19633391,0
-0.39006528,-0.82378674,-1.2818413,0.28485742,0.1291759,-0.94982618,0
1.7134613,0.79183757,0.39388549,0.41414562,0.87704057,0.24348128,0
1.0087959,-0.89469159,1.089536,0.86448807,-0.46272382,0.19633391,0
-0.0068065524,-1.8317121,0.44892514,-0.41414562,-0.87704057,-0.24348128,0
-1.0310885,-0.78401113,-1.4686776,0.28485742,0.1291759,-0.94982618,0
0.87193388,-1.8740442,-0.8932699,-0.41414562,-0.87704057,-0.24348128,0
1.5425742,0.51725483,-0.51985228,0.28485742,0.1291759,-0.94982618,0
-0.32960683,-0.06976223,-1.1611625,0.28485742,0.1291759,-0.94982618,0
0.66391635,1.0836049,1.1281211,0.41414562,0.87704057,0.24348128,0
0.64224654,1.2011552,-0.69685483,0.28485742,0.1291759,-0.94982618,0
-1.1988165,-1.0331602,-0.399997,-0.41414562,-0.87704057,-0.24348128,0
1.2436262,1.0134437,0.39479923,0.41414562,0.87704057,0.24348128,0
-1.218035,0.98523653,0.045174062,-0.86448807,0.46272382,-0.19633391,0
0.62983114,1.4876034,-0.26913953,0.41414562,0.87704057,0.24348128,0
-1.4334333,0.80974555,0.58000481,-0.86448807,0.46272382,-0.19633391,0
0.24758053,1.5741715,0.06921792,0.41414562,0.87704057,0.24348128,0
0.19847614,-1.6003295,-0.73370707,-0.41414562,-0.87704057,-0.24348128,0
-0.38659456,0.26959896,-1.1321003,0.28485742,0.1291759,-0.94982618,0
1.0351267,0.27033758,1.4000294,-0.28485742,-0.1291759,0.94982618,0
1.1845369,-0.99027896,0.090438843,0.86448807,-0.46272382,0.19633391,0
0.73947239,-1.4536002,-1.0287416,0.28485742,0.1291759,-0.94982618,0
-0.65881401,0.19175994,-1.2243264,0.28485742,0.1291759,-0.94982618,0
1.3471329,-0.18647146,1.2689347,0.86448807,-0.46272382,0.19633391,0
-1.3657453,-0.20981038,0.61469656,-0.28485742,-0.1291759,0.94982618,0
-1.2961137,-1.0260267,-0.26019704,-0.41414562,-0.87704057,-0.24348128,0
-0.68346012,-0.86998105,-1.3761141,0.28485742,0.1291759,-0.94982618,0
0.49599752,1.2606969,0.77583897,0.41414562,0.87704057,0.24348128,0
-0.03864938,-1.8737998,0.7863971,-0.28485742,-0.1291759,0.94982618,0
-1.8981507,-0.27654117,0.066042662,-0.86448807,0.46272382,-0.19633391,0
1.0329765,0.46799433,-0.67938256,0.28485742,0.1291759,-0.94982618,0
1.137955,0.8404085,-0.59725094,0.28485742,0.1291759,-0.94982618,0
1.6674099,-0.20785658,-0.19169462,0.86448807,-0.46272382,0.19633391,0
1.7800627,0.0028407872,-0.19114578,0.86448807,-0.46272382,0.19633391,0
0.65750623,1.3254396,0.26791477,0.41414562,0.87704057,0.24348128,0
-1.7561936,-0.052665472,0.51897079,-0.28485742,-0.1291759,0.94982618,0
2.1243217,0.75723207,-0.18030846,0.41414562,0.87704057,0.24348128,0
1.3180628,-0.8129158,-0.079482645,0.86448807,-0.46272382,0.19633391,0
1.7130228,0.7922858,0.3930167,0.41414562,0.87704057,0.24348128,0
1.9213672,0.18659365,-0.38025826,0.86448807,-0.46272382,0.19633391,0
-0.63099444,-0.6729908,-1.3335888,0.28485742,0.1291759,-0.94982618,0
-1.2205017,0.62259597,-0.79864395,-0.86448807,0.46272382,-0.19633391,0
-0.60171878,1.8371011,0.56672466,0.41414562,0.87704057,0.24348128,0
-0.096515596,-0.9577893,-1.2120285,0.28485742,0.1291759,-0.94982618,0
-0.75928605,0.47328651,0.88947737,-0.28485742,-0.1291759,0.94982618,0
0.86998451,0.045783818,-0.78568506,0.28485742,0.1291759,-0.94982618,0
0.064102978,-1.6338482,-0.38441014,-0.41414562,-0.87704057,-0.24348128,0
-0.08725512,-1.7370458,0.24476635,-0.41414562,-0.87704057,-0.24348128,0
0.083987162,-0.21820617,-1.057312,0.28485742,0.1291759,-0.94982618,0
1.2498423,-1.0703958,-0.38593116,0.86448807,-0.46272382,0.19633391,0
1.7592796,0.53627217,1.1575663,0.86448807,-0.46272382,0.19633391,0
0.26384902,0.36574852,1.1816955,-0.28485742,-0.1291759,0.94982618,0
0.67697132,0.44310725,-0.78953487,0.28485742,0.1291759,-0.94982618,0
-1.9984394,-0.41332546,0.18525374,-0.86448807,0.46272382,-0.19633391,0
1.7382219,0.23375744,0.53731447,0.86448807,-0.46272382,0.19633391,0
0.51469922,1.1808804,1.0315341,0.41414562,0.87704057,0.24348128,0
-1.2131289,-1.0469723,-0.3259002,-0.41414562,-0.87704057,-0.24348128,0
-1.5430784,-0.73449677,-0.89024138,-0.41414562,-0.87704057,-0.24348128,0
0.41150427,1.2401814,0.99345493,0.41414562,0.87704057,0.24348128,0
2.0005565,0.57430077,0.18481421,0.86448807,-0.46272382,0.19633391,0
-0.74240124,-0.32783735,-1.3200595,0.28485742,0.1291759,-0.94982618,0
-0.56169856,0.90393984,-1.0983449,0.28485742,0.1291759,-0.94982618,0
0.67231822,-1.9645338,0.049671888,0.86448807,-0.46272382,0.19633391,0
-1.8895222,-0.35382509,-0.15409398,-0.86448807,0.46272382,-0.19633391,0
1.1593311,0.091916978,-0.69263458,0.28485742,0.1291759,-0.94982618,0
-1.6405196,-0.295066,-1.1120052,-0.86448807,0.46272382,-0.19633391,0
1.9025375,0.2142535,-0.23215932,0.86448807,-0.46272382,0.19633391,0
-0.99564075,1.2360306,-0.34298515,-0.86448807,0.46272382,-0.19633391,0
-1.627255,-0.068342447,-0.63606477,-0.86448807,0.46272382,-0.19633391,0
2.0647597,0.55988419,-0.13185966,0.86448807,-0.46272382,0.19633391,0
-1.0360184,1.2005723,-0.24876517,-0.86448807,0.46272382,-0.19633391,0
0.19937488,-1.7204629,-0.30250478,-0.41414562,-0.87704057,-0.24348128,0
-0.54930317,-1.0518992,-1.3606205,0.28485742,0.1291759,-0.94982618,0
-0.89159763,-0.50508285,0.71673864,-0.28485742,-0.1291759,0.94982618,0
-1.0403316,0.31758052,0.78401446,-0.28485742,-0.1291759,0.94982618,0
-0.79441965,0.0089064837,-1.2898631,0.28485742,0.1291759,-0.94982618,0
-1.4100871,-0.012121201,-1.459785,-0.86448807,0.46272382,-0.19633391,0
-0.14687125,0.73383605,1.1085781,-0.28485742,-0.1291759,0.94982618,0
-0.75677514,0.1927098,-1.2535762,0.28485742,0.1291759,-0.94982618,0
-0.10273328,-1.7378565,0.27401388,-0.41414562,-0.87704057,-0.24348128,0
0.34447843,1.0568237,-0.80578601,0.28485742,0.1291759,-0.94982618,0
1.1414654,0.71620452,1.4925585,-0.28485742,-0.1291759,0.94982618,0
-1.2919334,0.84758121,0.046130747,-0.86448807,0.46272382,-0.19633391,0
-0.74518234,-0.8541705,0.71317363,-0.28485742,-0.1291759,0.94982618,0
-1.8044517,-0.96232224,0.37498355,-0.41414562,-0.87704057,-0.24348128,0
-0.068665087,1.3648148,-0.88780308,0.28485742,0.1291759,-0.94982618,0
-0.17865396,1.3961685,-0.91652501,0.28485742,0.1291759,-0.94982618,0
-1.3330239,0.45447534,-0.69942105,-0.86448807,0.46272382,-0.19633391,0
0.68479353,-1.0015011,-0.98365486,0.28485742,0.1291759,-0.94982618,0
-1.8266886,-0.6897366,-0.56906986,-0.41414562,-0.87704057,-0.24348128,0
-1.1670747,-1.034713,0.56209242,-0.28485742,-0.1291759,0.94982618,0
0.69405389,-1.424865,1.0671935,-0.28485742,-0.1291759,0.94982618,0
-1.7016187,-0.67265892,-0.84332079,-0.41414562,-0.87704057,-0.24348128,0
1.0792859,-1.5142992,-0.68114626,0.86448807,-0.46272382,0.19633391,0
1.9294616,0.89042312,-0.35307217,0.28485742,0.1291759,-0.94982618,0
-1.3459234,-0.76632023,-1.1109588,-0.41414562,-0.87704057,-0.24348128,0
-1.0998929,0.68028605,0.81547952,-0.28485742,-0.1291759,0.94982618,0
0.54236358,-1.2810106,1.0412648,-0.28485742,-0.1291759,0.94982618,0
1.049551,-0.81144321,1.1062866,0.86448807,-0.46272382,0.19633391,0
1.1923103,-0.83511996,0.42189321,0.86448807,-0.46272382,0.19633391,0
1.0718619,-1.6282692,-0.95281154,0.28485742,0.1291759,-0.94982618,0
0.73776591,-1.7643003,0.23341,0.86448807,-0.46272382,0.19633391,0
-0.91702664,-0.72136736,-1.4259504,0.28485742,0.1291759,-0.94982618,0
0.33321959,1.5080628,-0.74779427,0.28485742,0.1291759,-0.94982618,0
0.90160012,-1.8437786,-0.67529309,0.86448807,-0.46272382,0.19633391,0
-0.56139433,1.7987725,-0.92875659,-0.86448807,0.46272382,-0.19633391,0
-0.38758802,1.9915655,-0.35389125,0.41414562,0.87704057,0.24348128,0
0.12191296,1.2694329,-0.84361959,0.28485742,0.1291759,-0.94982618,0
2.0002465,0.4337509,-0.14507163,0.86448807,-0.46272382,0.19633391,0
-1.6681561,0.12592636,0.0018853545,-0.86448807,0.46272382,-0.19633391,0
-1.7487823,0.094201714,0.28212553,-0.86448807,0.46272382,-0.19633391,0
1.2803425,-0.31010687,1.2716362,0.86448807,-0.46272382,0.19633391,0
1.0798091,-0.9256025,0.70400286,0.86448807,-0.46272382,0.19633391,0
0.91471446,-1.4567722,-0.97661716,0.28485742,0.1291759,-0.94982618,0
1.5966889,0.37481046,1.4929421,0.86448807,-0.46272382,0.19633391,0
1.5245206,0.31461382,1.5528226,-0.28485742,-0.1291759,0.94982618,0
1.9045993,0.34763679,0.073122501,0.86448807,-0.46272382,0.19633391,0
1.368283,-0.16604489,-0.66505152,0.28485742,0.1291759,-0.94982618,0
-1.3477196,-0.94462252,-0.46564329,-0.41414562,-0.87704057,-0.24348128,0
-1.5752459,-0.67094767,-1.0644367,-0.41414562,-0.87704057,-0.24348128,0
-0.83601284,1.6491261,-0.072259307,-0.86448807,0.46272382,-0.19633391,0
-0.93647605,1.7243464,0.54737651,-0.86448807,0.46272382,-0.19633391,0
1.6849389,0.56533694,1.2582748,0.41414562,0.87704057,0.24348128,0
-1.7138352,-0.86898488,-0.11535788,-0.41414562,-0.87704057,-0.24348128,0
-0.90418398,-0.46625176,0.71824497,-0.28485742,-0.1291759,0.94982618,0
0.18098405,-0.45877421,-1.0609393,0.28485742,0.1291759,-0.94982618,0
0.54073346,-1.9389434,0.68937159,0.86448807,-0.46272382,0.19633391,0
-0.21704799,-0.63262296,-1.2039542,0.28485742,0.1291759,-0.94982618,0
0.1240893,1.7331514,-0.77990162,0.28485742,0.1291759,-0.94982618,0
-0.88206589,1.4450489,0.98481429,-0.28485742,-0.1291759,0.94982618,0
0.55439186,-0.33688468,-0.93237543,0.28485742,0.1291759,-0.94982618,0
1.7401409,0.78447461,0.37502706,0.41414562,0.87704057,0.24348128,0
-0.61946458,-1.2377944,-0.64832664,-0.41414562,-0.87704057,-0.24348128,0
-0.018319011,-0.24843228,1.0135435,-0.28485742,-0.1291759,0.94982618,0
0.79898822,-1.646116,0.24237835,0.86448807,-0.46272382,0.19633391,0
0.26069349,-0.10722232,1.1164252,-0.28485742,-0.1291759,0.94982618,0
0.26472819,-1.6660461,-0.60968053,-0.41414562,-0.87704057,-0.24348128,0
-0.67674607,1.8770331,0.55050266,0.41414562,0.87704057,0.24348128,0
0.29984337,-1.3752606,-1.1499345,0.28485742,0.1291759,-0.94982618,0
1.3920102,0.48496091,1.536249,-0.28485742,-0.1291759,0.94982618,0
-1.4742059,0.21645486,-0.63874763,-0.86448807,0.46272382,-0.19633391,0
-1.7008002,0.31015521,0.57981634,-0.86448807,0.46272382,-0.19633391,0
0.10070279,-1.4580928,-1.0797498,-0.41414562,-0.87704057,-0.24348128,0
-1.3268852,0.33631343,-1.0049372,-0.86448807,0.46272382,-0.19633391,0
-0.15402183,0.54557562,1.0808303,-0.28485742,-0.1291759,0.94982618,0
-1.7833252,-0.43381774,-0.81022322,-0.86448807,0.46272382,-0.19633391,0
-1.3273401,0.20023632,-1.3236432,-0.86448807,0.46272382,-0.19633391,0
0.86799169,-1.4749621,0.34192479,0.86448807,-0.46272382,0.19633391,0
1.5541312,-0.5916152,-0.59736109,0.86448807,-0.46272382,0.19633391,0
0.29399967,0.34262866,-0.91805488,0.28485742,0.1291759,-0.94982618,0
1.1590843,-1.4313976,-0.83712667,0.86448807,-0.46272382,0.19633391,0
-0.9334563,-0.28656209,-1.3717444,0.28485742,0.1291759,-0.94982618,0
1.1620409,-0.77009857,0.70841801,0.86448807,-0.46272382,0.19633391,0
0.98550117,-1.2430334,0.37112701,0.86448807,-0.46272382,0.19633391,0
-1.7006545,-0.53467691,-1.3419836,-0.41414562,-0.87704057,-0.24348128,0
1.3968891,-0.72447014,-0.21811625,0.86448807,-0.46272382,0.19633391,0
1.1882837,-0.63180482,-0.78237724,0.28485742,0.1291759,-0.94982618,0
0.87817872,0.17720103,1.3402934,-0.28485742,-0.1291759,0.94982618,0
-0.041249737,0.56001961,1.1166155,-0.28485742,-0.1291759,0.94982618,0
-1.3404839,0.21285737,-1.2360244,-0.86448807,0.46272382,-0.19633391,0
1.1174558,0.90746516,0.99115121,0.41414562,0.87704057,0.24348128,0
-1.9194716,-0.86759901,0.22942388,-0.41414562,-0.87704057,-0.24348128,0
-0.6582796,1.9108305,0.39735162,0.41414562,0.87704057,0.24348128,0
-0.7636525,1.4005969,-0.9766115,-0.86448807,0.46272382,-0.19633391,0
1.4370987,-0.17512721,0.89953744,0.86448807,-0.46272382,0.19633391,0
1.0930234,1.0494761,0.52117264,0.41414562,0.87704057,0.24348128,0
0.029370993,-0.0096725225,1.0603172,-0.28485742,-0.1291759,0.94982618,0
-0.78764856,1.4911656,-0.65749884,-0.86448807,0.46272382,-0.19633391,0
0.32436761,-0.55440116,-1.030943,0.28485742,0.1291759,-0.94982618,0
0.52356052,1.2038339,0.9337815,0.41414562,0.87704057,0.24348128,0
0.32925498,-1.8457413,-0.072159171,-0.41414562,-0.87704057,-0.24348128,0
-1.6186577,0.14385206,0.5869447,-0.28485742,-0.1291759,0.94982618,0
-1.8915499,-0.73437804,-0.297943,-0.41414562,-0.87704057,-0.24348128,0
-0.60996056,-1.4510574,0.10369921,-0.41414562,-0.87704057,-0.24348128,0
1.3115302,0.96652853,0.44829154,0.41414562,0.87704057,0.24348128,0
-1.4571466,-0.6714648,-1.2634525,-0.41414562,-0.87704057,-0.24348128,0
-1.8564858,-0.035787731,0.44999915,-0.86448807,0.46272382,-0.19633391,0
-0.96897143,-1.1930088,0.5999763,-0.28485742,-0.1291759,0.94982618,0
1.4535354,-0.71676141,-0.4493705,0.86448807,-0.46272382,0.19633391,0
2.0801616,0.54686952,-0.23034871,0.86448807,-0.46272382,0.19633391,0
0.61932164,-1.924511,0.37735069,0.86448807,-0.46272382,0.19633391,0
-1.699432,-0.51471126,-1.3702701,-0.86448807,0.46272382,-0.19633391,0
0.80820823,1.4717793,-0.51554728,0.41414562,0.87704057,0.24348128,0
0.1058792,-0.10404634,-1.0352207,0.28485742,0.1291759,-0.94982618,0
0.56765389,-0.11748242,1.2070887,-0.28485742,-0.1291759,0.94982618,0
-1.1446007,0.84784955,-0.60196477,-0.86448807,0.46272382,-0.19633391,0
0.12181303,0.4160648,-0.9597072,0.28485742,0.1291759,-0.94982618,0
0.8628279,-1.4442389,-0.99047363,0.28485742,0.1291759,-0.94982618,0
1.2409823,1.2602081,-0.48957038,0.41414562,0.87704057,0.24348128,0
-0.89806271,1.6217974,1.0040544,-0.28485742,-0.1291759,0.94982618,0
-1.5201204,0.0062608719,-0.93196833,-0.86448807,0.46272382,-0.19633391,0
-1.535136,-0.25804567,-1.4887756,-0.86448807,0.46272382,-0.19633391,0
-0.35193157,0.3011483,0.98823422,-0.28485742,-0.1291759,0.94982618,0
-0.7811445,-1.0473365,0.6761179,-0.28485742,-0.1291759,0.94982618,0
1.2763512,-0.95112646,-0.22155803,0.86448807,-0.46272382,0.19633391,0
0.72916651,-1.8658533,0.031932592,0.86448807,-0.46272382,0.19633391,0
1.612183,-0.087997913,-0.58129048,0.28485742,0.1291759,-0.94982618,0
-0.50599992,1.3537185,-1.020471,0.28485742,0.1291759,-0.94982618,0
-0.50513142,1.6998285,0.89690351,0.41414562,0.87704057,0.24348128,0
0.42887247,-1.4143045,-1.1165478,0.28485742,0.1291759,-0.94982618,0
0.52586764,0.92842674,-0.7688483,0.28485742,0.1291759,-0.94982618,0
-0.45364118,1.3595178,-1.0039797,0.28485742,0.1291759,-0.94982618,0
0.96485949,-1.1825874,0.60447598,0.86448807,-0.46272382,0.19633391,0
1.7940021,0.26718092,0.37047917,0.86448807,-0.46272382,0.19633391,0
-1.2982022,0.86176306,0.10715714,-0.86448807,0.46272382,-0.19633391,0
-0.75425845,-0.7992357,-1.3877255,0.28485742,0.1291759,-0.94982618,0
-1.7301165,-0.30990034,-0.75245875,-0.86448807,0.46272382,-0.19633391,0
0.84960783,-1.7193807,-1.0318576,0.28485742,0.1291759,-0.94982618,0
1.8488737,0.34188455,0.30493373,0.86448807,-0.46272382,0.19633391,0
0.65102005,-1.7906706,0.55321562,0.86448807,-0.46272382,0.19633391,0
-1.1037444,-0.97095555,-0.78577507,-0.41414562,-0.87704057,-0.24348128,0
0.80690914,1.2496166,0.28691113,0.41414562,0.87704057,0.24348128,0
0.20415612,-1.5695751,-0.85414886,-0.41414562,-0.87704057,-0.24348128,0
-0.28990287,0.20667458,-1.1116598,0.28485742,0.1291759,-0.94982618,0
1.4719276,-0.097618818,0.92885387,0.86448807,-0.46272382,0.19633391,0
0.07717371,-1.7260296,-0.074597359,-0.41414562,-0.87704057,-0.24348128,0
0.55290318,-2.0117834,0.46411598,0.86448807,-0.46272382,0.19633391,0
1.0012926,-1.6895467,-0.75075668,0.86448807,-0.46272382,0.19633391,0
1.4580522,-0.15784973,0.84799671,0.86448807,-0.46272382,0.19633391,0
-1.1790055,-0.77010989,-1.3812249,-0.41414562,-0.87704057,-0.24348128,0
1.0144653,1.194084,0.13390517,0.41414562,0.87704057,0.24348128,0
-0.82594776,-0.59648311,-1.3816513,0.28485742,0.1291759,-0.94982618,0
-0.35156232,1.7542558,0.43964136,0.41414562,0.87704057,0.24348128,0
-0.32766026,-1.7303367,0.62951326,-0.41414562,-0.87704057,-0.24348128,0
