-2.2234249,0.73640686,1.534225,0.11897415,-0.27218792,0.95486063,0
0.78289485,-0.81815827,-1.24979,-0.13256633,-0.95743561,-0.25640437,0
-3.5025003,0.1999886,0.22866535,-0.98400778,0.096076906,0.149993,0
0.19029713,0.95384252,0.23997325,0.13256633,0.95743561,0.25640437,0
-3.3147633,0.80857396,1.0704615,-0.98400778,0.096076906,0.149993,0
0.97298992,0.67812473,-0.97520322,-0.11897415,0.27218792,-0.95486063,0
1.0792737,-0.93467182,-0.96795273,-0.13256633,-0.95743561,-0.25640437,0
-1.4597785,-0.93963814,0.36333466,-0.13256633,-0.95743561,-0.25640437,0
-2.7873979,-0.91125,0.94373751,-0.13256633,-0.95743561,-0.25640437,0
-3.486572,0.69005185,0.019254208,-0.98400778,0.096076906,0.149993,0
3.5331619,-0.53122991,0.18466043,0.98400778,-0.096076906,-0.149993,0
-0.38227412,-0.62590021,0.91648793,0.11897415,-0.27218792,0.95486063,0
3.4471908,0.76185673,-1.2076182,0.98400778,-0.096076906,-0.149993,0
0.45559692,-1.1453123,0.66402936,0.11897415,-0.27218792,0.95486063,0
2.388051,-1.2676299,-0.4013238,-0.13256633,-0.95743561,-0.25640437,0
-2.9218569,0.31837657,-0.59245944,-0.11897415,0.27218792,-0.95486063,0
2.5518727,-1.2716237,0.36683095,0.11897415,-0.27218792,0.95486063,0
3.477283,0.46054989,-0.81720114,0.98400778,-0.096076906,-0.149993,0
-1.543813,0.57389468,1.4032215,0.11897415,-0.27218792,0.95486063,0
3.5460956,0.59723514,-0.45332026,0.98400778,-0.096076906,-0.149993,0
-2.1443448,1.1357777,0.76766968,0.13256633,0.95743561,0.25640437,0
2.7245352,-0.31107375,0.61912704,0.11897415,-0.27218792,0.95486063,0
2.389066,-1.458825,0.31208992,-0.13256633,-0.95743561,-0.25640437,0
1.8935642,0.58254111,-1.1171519,-0.11897415,0.27218792,-0.95486063,0
3.4211693,0.57544571,-1.2589238,0.98400778,-0.096076906,-0.149993,0
3.2736092,-0.6432305,-1.4463565,0.98400778,-0.096076906,-0.149993,0
1.2988508,0.83784533,0.099971414,0.13256633,0.95743561,0.25640437,0
3.4058855,-0.034490526,-0.96850014,0.98400778,-0.096076906,-0.149993,0
-3.4180512,0.1189456,0.83459234,-0.98400778,0.096076906,0.149993,0
-2.6636269,-0.4562614,-0.81922066,-0.13256633,-0.95743561,-0.25640437,0
0.44753286,1.0859656,-0.79347503,-0.11897415,0.27218792,-0.95486063,0
3.2158241,-0.79454195,0.4200983,0.11897415,-0.27218792,0.95486063,0
3.294817,-1.1656194,-0.97261405,0.98400778,-0.096076906,-0.149993,0
-1.970278,-0.39368278,1.1805454,0.11897415,-0.27218792,0.95486063,0
-2.036823,0.34346426,1.3989644,0.11897415,-0.27218792,0.95486063,0
-3.0414224,-0.52934951,-0.35097575,-0.13256633,-0.95743561,-0.25640437,0
-3.4307618,0.11359236,0.75463653,-0.98400778,0.096076906,0.149993,0
3.4148817,0.15560389,-1.0312455,0.98400778,-0.096076906,-0.149993,0
0.95339835,0.3318342,-1.0714741,-0.11897415,0.27218792,-0.95486063,0
1.1520822,0.73557258,0.55774903,0.13256633,0.95743561,0.25640437,0
-3.4122517,-0.22078055,1.0902481,-0.98400778,0.096076906,0.149993,0
-1.1376143,0.92827952,1.0219853,0.13256633,0.95743561,0.25640437,0
3.0794024,0.47883612,0.51996017,0.13256633,0.95743561,0.25640437,0
0.34059814,-0.78967041,-1.1274897,-0.13256633,-0.95743561,-0.25640437,0
3.3520901,-1.0692345,-0.65861988,0.98400778,-0.096076906,-0.149993,0
3.4784358,-0.79461968,-0.0056505203,0.98400778,-0.096076906,-0.149993,0
-3.5522857,-0.52863455,-0.089518547,-0.13256633,-0.95743561,-0.25640437,0
2.2329412,-1.1491781,0.44147313,0.11897415,-0.27218792,0.95486063,0
3.5322652,0.12873268,-0.24395633,0.98400778,-0.096076906,-0.149993,0
3.4283876,-0.3025212,-0.64919496,0.98400778,-0.096076906,-0.149993,0
1.1034851,1.0477333,-0.58275974,0.13256633,0.95743561,0.25640437,0
3.2986689,-0.90968835,-1.1112788,0.98400778,-0.096076906,-0.149993,0
3.2588229,-1.2782258,-0.81196475,-0.13256633,-0.95743561,-0.25640437,0
2.9538283,-0.14812669,0.6370064,0.11897415,-0.27218792,0.95486063,0
-3.3557131,0.45411146,1.0288639,-0.98400778,0.096076906,0.149993,0
0.56874728,0.87626052,0.33400452,0.13256633,0.95743561,0.25640437,0
-3.4160557,0.92059839,0.33418965,-0.98400778,0.096076906,0.149993,0
-3.3320949,1.118006,0.75855446,-0.98400778,0.096076906,0.149993,0
-0.071257114,-0.0019430816,-1.0389485,-0.11897415,0.27218792,-0.95486063,0
-3.0316925,-0.70464265,0.29855347,-0.13256633,-0.95743561,-0.25640437,0
2.9944694,-1.2998974,0.30362463,0.11897415,-0.27218792,0.95486063,0
0.99193972,1.0954093,-0.85861528,-0.11897415,0.27218792,-0.95486063,0
-3.3451688,0.96072829,0.77352715,-0.98400778,0.096076906,0.149993,0
-0.51017648,-0.75582945,-0.81398642,-0.13256633,-0.95743561,-0.25640437,0
1.6308173,0.94385898,-0.46752596,0.13256633,0.95743561,0.25640437,0
-2.5320156,0.37716442,-0.62427568,-0.11897415,0.27218792,-0.95486063,0
2.4559922,0.41076601,0.85835135,0.11897415,-0.27218792,0.95486063,0
-1.1809493,1.0875418,0.4496913,0.13256633,0.95743561,0.25640437,0
-3.6335037,-0.3605513,-0.27171659,-0.98400778,0.096076906,0.149993,0
-3.3734055,0.4515869,0.91441369,-0.98400778,0.096076906,0.149993,0
-1.6474711,-0.88502097,0.25643015,-0.13256633,-0.95743561,-0.25640437,0
-1.434675,-1.0711085,0.84127676,-0.13256633,-0.95743561,-0.25640437,0
1.8729901,0.82920575,-0.16460967,0.13256633,0.95743561,0.25640437,0
0.71380609,0.41660899,1.0770906,0.11897415,-0.27218792,0.95486063,0
-1.0774337,1.1036761,0.33592534,0.13256633,0.95743561,0.25640437,0
-3.5164258,-0.49029475,0.57946301,-0.98400778,0.096076906,0.149993,0
3.2748628,-1.0184221,-1.1978052,0.98400778,-0.096076906,-0.149993,0
3.4979687,-0.27710554,-0.20899558,0.98400778,-0.096076906,-0.149993,0
3.6222913,-0.049181759,0.46061015,0.98400778,-0.096076906,-0.149993,0
3.4845281,-0.55489707,-0.11923337,0.98400778,-0.096076906,-0.149993,0
2.8913722,-0.67374533,0.4949584,0.11897415,-0.27218792,0.95486063,0
2.8491979,-1.0958689,-1.2811162,-0.13256633,-0.95743561,-0.25640437,0
-0.0031186342,-0.052357256,-1.0618094,-0.11897415,0.27218792,-0.95486063,0
1.0198529,-0.73359913,0.71108496,0.11897415,-0.27218792,0.95486063,0
3.6019082,0.078853667,0.24487877,0.98400778,-0.096076906,-0.149993,0
3.4541349,-0.50542045,-0.35031533,0.98400778,-0.096076906,-0.149993,0
-3.4515946,0.86702371,0.13536072,-0.98400778,0.096076906,0.149993,0
3.2981296,-0.38159415,-1.4530835,0.98400778,-0.096076906,-0.149993,0
1.5689478,-0.3011331,0.76594532,0.11897415,-0.27218792,0.95486063,0
3.0982065,-1.0714124,-1.5011816,-0.13256633,-0.95743561,-0.25640437,0
0.15794557,-0.87041563,-0.73154509,-0.13256633,-0.95743561,-0.25640437,0
-3.4811869,0.81755978,-0.027092457,-0.98400778,0.096076906,0.149993,0
-3.2498035,1.1419694,1.2830665,-0.98400778,0.096076906,0.149993,0
1.263075,0.33816433,-1.1082547,-0.11897415,0.27218792,-0.95486063,0
2.8123693,0.502092,0.57118237,0.13256633,0.95743561,0.25640437,0
-1.382561,0.9419322,1.0976474,0.13256633,0.95743561,0.25640437,0
-3.2327068,1.0431886,1.4585011,-0.98400778,0.096076906,0.149993,0
3.509923,0.37415606,0.68825698,0.13256633,0.95743561,0.25640437,0
-0.40597922,0.91449839,0.69517481,0.13256633,0.95743561,0.25640437,0
-1.5777965,-0.63690317,-0.70608586,-0.13256633,-0.95743561,-0.25640437,0
-3.2500715,1.5075405,-0.048839808,0.13256633,0.95743561,0.25640437,0
2.4800007,0.9390105,-0.8884666,0.13256633,0.95743561,0.25640437,0
3.473942,0.62673432,-0.94556737,0.98400778,-0.096076906,-0.149993,0
-0.14706337,0.7043218,-0.82817876,-0.11897415,0.27218792,-0.95486063,0
3.445318,-0.63104868,-0.32768774,0.98400778,-0.096076906,-0.149993,0
2.1616812,-0.7522471,0.56349933,0.11897415,-0.27218792,0.95486063,0
-3.5562959,-0.51648486,0.33467722,-0.98400778,0.096076906,0.149993,0
3.2129567,-0.79695463,0.41976786,0.11897415,-0.27218792,0.95486063,0
3.529114,0.048224688,-0.21306109,0.98400778,-0.096076906,-0.149993,0
-2.8771305,-0.21585691,-0.75031829,-0.11897415,0.27218792,-0.95486063,0
-3.0283806,1.1954563,1.0018899,0.13256633,0.95743561,0.25640437,0
2.930629,-1.3145686,-0.50657463,-0.13256633,-0.95743561,-0.25640437,0
1.9175097,-0.94376504,0.53932953,0.11897415,-0.27218792,0.95486063,0
-2.8837724,0.74542218,1.6190732,0.11897415,-0.27218792,0.95486063,0
-0.64322978,-1.0667509,0.41581178,-0.13256633,-0.95743561,-0.25640437,0
-2.8128724,1.0566876,1.4086416,0.13256633,0.95743561,0.25640437,0
0.18770002,-1.0659093,-0.016938791,-0.13256633,-0.95743561,-0.25640437,0
3.5130725,0.37285578,-0.5262382,0.98400778,-0.096076906,-0.149993,0
0.16936931,-0.82657892,-0.90114123,-0.13256633,-0.95743561,-0.25640437,0
-3.4145658,0.40831509,0.67210436,-0.98400778,0.096076906,0.149993,0
2.0281911,-1.2361417,-0.33284819,-0.13256633,-0.95743561,-0.25640437,0
-2.172524,-0.84907484,0.39366758,-0.13256633,-0.95743561,-0.25640437,0
3.3383088,0.11951238,0.6653924,0.11897415,-0.27218792,0.95486063,0
-3.2226758,0.8885994,1.6233287,-0.98400778,0.096076906,0.149993,0
3.5212762,0.055154979,-0.2689178,0.98400778,-0.096076906,-0.149993,0
-3.4046106,0.46474922,0.70126486,-0.98400778,0.096076906,0.149993,0
1.7768726,0.59624386,-1.0987062,-0.11897415,0.27218792,-0.95486063,0
-3.5216751,0.87159795,-0.32732153,-0.98400778,0.096076906,0.149993,0
-2.4784663,-0.6321187,-0.2582866,-0.13256633,-0.95743561,-0.25640437,0
0.79148573,-0.63938195,0.76639616,0.11897415,-0.27218792,0.95486063,0
3.2611966,-1.1122561,-1.2273564,0.98400778,-0.096076906,-0.149993,0
-1.3589661,-0.83094895,0.97973192,0.11897415,-0.27218792,0.95486063,0
-0.67527688,-0.49789554,-1.1050625,-0.11897415,0.27218792,-0.95486063,0
-0.13408566,-0.74867636,0.85056603,0.11897415,-0.27218792,0.95486063,0
-3.5836296,-0.35198462,0.049988985,-0.98400778,0.096076906,0.149993,0
-1.4024271,-0.45620629,-1.0025769,-0.11897415,0.27218792,-0.95486063,0
0.40461603,0.6125983,-0.92306346,-0.11897415,0.27218792,-0.95486063,0
-3.3861246,0.071083248,1.0747004,-0.98400778,0.096076906,0.149993,0
-3.3158278,0.70521057,1.1296871,-0.98400778,0.096076906,0.149993,0
2.4895813,-0.68934429,-1.5539722,-0.11897415,0.27218792,-0.95486063,0
0.68827891,-0.62025851,-1.3098395,-0.11897415,0.27218792,-0.95486063,0
0.034781307,1.1147081,-0.28030759,0.13256633,0.95743561,0.25640437,0
-3.505132,0.67682523,-0.094033241,-0.98400778,0.096076906,0.149993,0
-2.1669602,1.3700619,-0.095474243,0.13256633,0.95743561,0.25640437,0
2.2283766,0.99069613,-0.95137048,0.13256633,0.95743561,0.25640437,0
-3.4717011,-0.25579202,0.72266364,-0.98400778,0.096076906,0.149993,0
-3.0589104,1.3157932,-0.2910645,-0.11897415,0.27218792,-0.95486063,0
-1.5846075,1.2078562,0.20912707,0.13256633,0.95743561,0.25640437,0
3.4257562,-0.31984839,-0.65535712,0.98400778,-0.096076906,-0.149993,0
-1.0314584,-0.79767662,-0.38821244,-0.13256633,-0.95743561,-0.25640437,0
-1.4921045,0.76659346,-0.64283806,-0.11897415,0.27218792,-0.95486063,0
-3.1568866,-0.42024916,-0.69866753,-0.13256633,-0.95743561,-0.25640437,0
-3.6544034,-0.24769956,-0.48111248,-0.98400778,0.096076906,0.149993,0
2.1247578,-0.076337218,0.76077139,0.11897415,-0.27218792,0.95486063,0
1.862648,0.22484246,0.87928277,0.11897415,-0.27218792,0.95486063,0
-3.2163246,-0.44069219,-0.59160137,-0.13256633,-0.95743561,-0.25640437,0
-1.9753411,0.9037354,1.5467573,0.13256633,0.95743561,0.25640437,0
2.1504655,-0.25702357,-1.3884838,-0.11897415,0.27218792,-0.95486063,0
-0.89735597,-0.36527669,-1.039588,-0.11897415,0.27218792,-0.95486063,0
-3.0051346,0.39364612,1.5339191,0.11897415,-0.27218792,0.95486063,0
-0.91216648,1.1393276,0.11735272,0.13256633,0.95743561,0.25640437,0
-1.4074192,0.15380284,-0.82806879,-0.11897415,0.27218792,-0.95486063,0
-1.6225628,0.91719162,1.3141167,0.13256633,0.95743561,0.25640437,0
-0.044786036,-0.67137647,-1.2330722,-0.11897415,0.27218792,-0.95486063,0
1.5175912,0.58747172,0.9217943,0.13256633,0.95743561,0.25640437,0
0.68729496,-1.175302,0.62661147,0.11897415,-0.27218792,0.95486063,0
0.55690694,0.043489218,-1.1042659,-0.11897415,0.27218792,-0.95486063,0
-1.71716,0.83753258,-0.59457481,-0.11897415,0.27218792,-0.95486063,0
-2.6187704,1.0003717,-0.43581748,-0.11897415,0.27218792,-0.95486063,0
-0.34234995,-0.65814352,0.90232223,0.11897415,-0.27218792,0.95486063,0
-2.6741846,1.2668518,0.55216622,0.13256633,0.95743561,0.25640437,0
-3.5518322,0.026463747,0.016179323,-0.98400778,0.096076906,0.149993,0
3.2598543,-0.7082417,-1.4949503,0.98400778,-0.096076906,-0.149993,0
2.0179257,-1.3955758,0.26779962,-0.13256633,-0.95743561,-0.25640437,0
2.140017,-0.92691153,-1.5453565,-0.13256633,-0.95743561,-0.25640437,0
1.794358,-0.19882183,-1.3275225,-0.11897415,0.27218792,-0.95486063,0
3.508939,-0.15004969,-0.21841145,0.98400778,-0.096076906,-0.149993,0
-3.4332695,-0.082572579,0.86383462,-0.98400778,0.096076906,0.149993,0
2.7840765,-1.4915212,0.2299521,-0.13256633,-0.95743561,-0.25640437,0
0.835899,-1.2272086,0.25023422,-0.13256633,-0.95743561,-0.25640437,0
-3.326833,0.83251423,0.97594333,-0.98400778,0.096076906,0.149993,0
-3.64165,-0.23032516,-0.4085722,-0.98400778,0.096076906,0.149993,0
-3.5863411,-0.16378874,-0.088346004,-0.98400778,0.096076906,0.149993,0
2.4806523,-0.59738696,-1.5266466,-0.11897415,0.27218792,-0.95486063,0
2.4598784,-1.2466942,-0.51663566,-0.13256633,-0.95743561,-0.25640437,0
3.3839929,-0.25038034,-0.97383833,0.98400778,-0.096076906,-0.149993,0
2.8095047,-0.78288138,0.47404885,0.11897415,-0.27218792,0.95486063,0
-2.013243,0.65921378,1.4860322,0.11897415,-0.27218792,0.95486063,0
-2.3036883,-0.26515749,-0.83582163,-0.11897415,0.27218792,-0.95486063,0
3.415621,0.077928483,-0.97663999,0.98400778,-0.096076906,-0.149993,0
1.6514152,0.60181856,0.79903239,0.13256633,0.95743561,0.25640437,0
0.46139181,-1.0021223,-0.39662912,-0.13256633,-0.95743561,-0.25640437,0
-1.4104118,-0.74430048,-0.39159644,-0.13256633,-0.95743561,-0.25640437,0
3.5095952,0.42745638,-0.58402491,0.98400778,-0.096076906,-0.149993,0
0.36531818,-1.0665138,-0.10651375,-0.13256633,-0.95743561,-0.25640437,0
-1.6408224,-0.55669677,-0.97299731,-0.13256633,-0.95743561,-0.25640437,0
3.3615911,-1.2208412,-0.49917936,0.98400778,-0.096076906,-0.149993,0
-3.0987773,1.2903881,-0.29333854,-0.11897415,0.27218792,-0.95486063,0
3.1533821,0.6805675,-0.27157068,0.13256633,0.95743561,0.25640437,0
3.3039083,-0.55392057,-1.3047888,0.98400778,-0.096076906,-0.149993,0
2.2145414,-1.0519123,0.47149169,0.11897415,-0.27218792,0.95486063,0
3.3817959,0.20657909,-1.2809529,0.98400778,-0.096076906,-0.149993,0
3.4584134,0.86446244,-1.199717,0.98400778,-0.096076906,-0.149993,0
1.0045213,1.0590453,-0.57383335,0.13256633,0.95743561,0.25640437,0
-3.1823609,1.3444721,0.52506328,0.13256633,0.95743561,0.25640437,0
3.6315043,0.47202528,0.18719602,0.98400778,-0.096076906,-0.149993,0
3.4953101,-0.15487775,-0.30472994,0.98400778,-0.096076906,-0.149993,0
-3.4386096,0.3067266,0.57943821,-0.98400778,0.096076906,0.149993,0
-3.3381228,-0.54077959,-0.15489459,-0.13256633,-0.95743561,-0.25640437,0
3.4289711,-1.2915236,-0.011867523,0.98400778,-0.096076906,-0.149993,0
-3.5927055,0.20024094,-0.36327553,-0.98400778,0.096076906,0.149993,0
1.0313011,0.82260644,0.29520333,0.13256633,0.95743561,0.25640437,0
0.65498161,0.21208829,-1.068426,-0.11897415,0.27218792,-0.95486063,0
-0.427558,-0.46377262,-1.1262008,-0.11897415,0.27218792,-0.95486063,0
3.5676544,0.40965265,-0.19173169,0.98400778,-0.096076906,-0.149993,0
-0.92004919,-0.2554681,1.0890875,0.11897415,-0.27218792,0.95486063,0
1.8667828,1.0226707,-0.88381469,0.13256633,0.95743561,0.25640437,0
-1.8729428,0.86625707,-0.56697655,-0.11897415,0.27218792,-0.95486063,0
3.0771892,-0.88544208,0.41146064,0.11897415,-0.27218792,0.95486063,0
-3.0026796,1.5199265,-0.22299767,0.13256633,0.95743561,0.25640437,0
3.4295568,-1.5039554,0.1280477,0.98400778,-0.096076906,-0.149993,0
-3.505157,0.76382822,-0.14992881,-0.98400778,0.096076906,0.149993,0
2.8337452,0.27963454,0.77390409,0.11897415,-0.27218792,0.95486063,0
2.0618761,0.65694749,0.38095939,0.13256633,0.95743561,0.25640437,0
-1.7925172,0.95237684,1.2706023,0.13256633,0.95743561,0.25640437,0
1.7186482,-1.3935432,0.4358958,0.11897415,-0.27218792,0.95486063,0
1.169522,-0.58011013,-1.3583571,-0.11897415,0.27218792,-0.95486063,0
3.403161,-1.4621708,-0.071884632,0.98400778,-0.096076906,-0.149993,0
1.0519121,-1.1361548,0.59233987,0.11897415,-0.27218792,0.95486063,0
-3.5306623,0.17463577,0.060150385,-0.98400778,0.096076906,0.149993,0
3.4209294,-0.7193417,-0.43112993,0.98400778,-0.096076906,-0.149993,0
-3.5287542,0.38656703,-0.06308341,-0.98400778,0.096076906,0.149993,0
-3.5534265,0.24359596,-0.13336277,-0.98400778,0.096076906,0.149993,0
2.7817905,-1.2754327,-0.5757587,-0.13256633,-0.95743561,-0.25640437,0
-2.9861348,-0.034683198,1.4094543,0.11897415,-0.27218792,0.95486063,0
3.5106504,0.65145534,-0.7205832,0.98400778,-0.096076906,-0.149993,0
2.8512309,0.43885061,-1.2774355,-0.11897415,0.27218792,-0.95486063,0
-3.2032204,0.43192047,-0.52503586,-0.11897415,0.27218792,-0.95486063,0
3.3456199,0.44464374,0.50999808,0.13256633,0.95743561,0.25640437,0
1.1834322,-0.56835198,0.73780781,0.11897415,-0.27218792,0.95486063,0
-3.0589228,-0.85832244,0.88648534,-0.13256633,-0.95743561,-0.25640437,0
2.2865381,-0.27518287,-1.4106143,-0.11897415,0.27218792,-0.95486063,0
1.2285907,-0.50865185,0.74919897,0.11897415,-0.27218792,0.95486063,0
-2.5999196,0.28645191,1.4528735,0.11897415,-0.27218792,0.95486063,0
0.68934399,-0.82686979,-1.1688929,-0.13256633,-0.95743561,-0.25640437,0
3.4419656,0.028640687,-0.77223969,0.98400778,-0.096076906,-0.149993,0
3.4872646,-0.7424081,0.018826723,0.98400778,-0.096076906,-0.149993,0
-3.3389769,0.86571753,0.87500787,-0.98400778,0.096076906,0.149993,0
-1.446062,-0.77787489,-0.24779499,-0.13256633,-0.95743561,-0.25640437,0
-3.5410645,-0.47995651,0.41120338,-0.98400778,0.096076906,0.149993,0
-3.430928,1.4316751,-0.090745687,-0.98400778,0.096076906,0.149993,0
1.4637035,0.87765497,-0.97946823,-0.11897415,0.27218792,-0.95486063,0
-1.7218863,-0.62951434,-0.65917909,-0.13256633,-0.95743561,-0.25640437,0
3.4832842,-0.75299716,-0.00050401688,0.98400778,-0.096076906,-0.149993,0
0.10988581,-0.99647093,-0.23599593,-0.13256633,-0.95743561,-0.25640437,0
-2.2567143,-0.59317505,-0.51835585,-0.13256633,-0.95743561,-0.25640437,0
-0.8292135,0.96395105,-0.66917533,-0.11897415,0.27218792,-0.95486063,0
1.8231798,-1.1589491,-0.51509702,-0.13256633,-0.95743561,-0.25640437,0
-0.76208538,1.2194896,-0.25957397,0.13256633,0.95743561,0.25640437,0
2.2533197,0.73149878,-1.1195157,-0.11897415,0.27218792,-0.95486063,0
3.4641948,-1.0706763,0.077749014,0.98400778,-0.096076906,-0.149993,0
3.4283409,-1.2619796,-0.034926414,0.98400778,-0.096076906,-0.149993,0
1.4726532,1.0361121,-0.93541431,-0.11897415,0.27218792,-0.95486063,0
2.8775883,-0.68759292,0.49272835,0.11897415,-0.27218792,0.95486063,0
-0.67627358,0.34174529,1.2289521,0.11897415,-0.27218792,0.95486063,0
-2.121711,-0.063858688,1.2934318,0.11897415,-0.27218792,0.95486063,0
-1.0521979,-1.0530448,0.5760771,-0.13256633,-0.95743561,-0.25640437,0
3.3781068,-1.027468,-0.51469421,0.98400778,-0.096076906,-0.149993,0
0.95072562,-0.53161424,-1.3172712,-0.11897415,0.27218792,-0.95486063,0
2.2419345,-0.72880137,0.56018317,0.11897415,-0.27218792,0.95486063,0
3.3771486,-1.2529782,-0.37653184,0.98400778,-0.096076906,-0.149993,0
3.6683016,0.24687886,0.57281303,0.98400778,-0.096076906,-0.149993,0
-3.3333881,1.1130652,0.75323534,-0.98400778,0.096076906,0.149993,0
1.1043909,0.69784874,-0.98595321,-0.11897415,0.27218792,-0.95486063,0
2.5499706,-0.13929656,-1.4047024,-0.11897415,0.27218792,-0.95486063,0
-0.82855529,0.39861888,-0.8304081,-0.11897415,0.27218792,-0.95486063,0
3.4178417,-0.37745377,-0.67038131,0.98400778,-0.096076906,-0.149993,0
3.0671749,0.84465146,-1.1886663,-0.11897415,0.27218792,-0.95486063,0
2.2736053,-0.10864642,0.7330153,0.11897415,-0.27218792,0.95486063,0
-0.69559318,-0.66709983,-1.0494465,-0.13256633,-0.95743561,-0.25640437,0
1.8067851,-0.29457933,0.73817927,0.11897415,-0.27218792,0.95486063,0
1.7917299,-0.25320256,-1.3426965,-0.11897415,0.27218792,-0.95486063,0
3.4315581,0.26141769,-0.98962069,0.98400778,-0.096076906,-0.149993,0
-0.2128033,-0.87346882,-0.52845931,-0.13256633,-0.95743561,-0.25640437,0
-3.0607433,-0.72800124,0.40079618,-0.13256633,-0.95743561,-0.25640437,0
0.40326524,-0.3215158,0.90537721,0.11897415,-0.27218792,0.95486063,0
-2.6685123,-0.59290433,1.2107551,0.11897415,-0.27218792,0.95486063,0
-2.254838,1.166599,0.70970774,0.13256633,0.95743561,0.25640437,0
-3.5370793,0.65216011,-0.28782129,-0.98400778,0.096076906,0.149993,0
-0.62439156,1.1206162,-0.65003759,-0.11897415,0.27218792,-0.95486063,0
2.5629365,0.48724043,0.75560117,0.13256633,0.95743561,0.25640437,0
-0.15520984,-0.72478217,-1.1134449,-0.13256633,-0.95743561,-0.25640437,0
-1.4949565,-0.61777878,-0.82032812,-0.13256633,-0.95743561,-0.25640437,0
2.9459872,-0.88558036,-1.6667778,-0.11897415,0.27218792,-0.95486063,0
-0.93025535,-0.47057572,1.0290415,0.11897415,-0.27218792,0.95486063,0
-3.4831817,-0.49386042,0.79984069,-0.98400778,0.096076906,0.149993,0
3.4566894,-0.79449928,-0.14839149,0.98400778,-0.096076906,-0.149993,0
-2.7852702,-0.042238116,-0.712273,-0.11897415,0.27218792,-0.95486063,0
-2.8473792,0.44392484,1.5285952,0.11897415,-0.27218792,0.95486063,0
-2.5658097,-0.68351424,-0.021213055,-0.13256633,-0.95743561,-0.25640437,0
-1.8690794,1.0450426,0.96416473,0.13256633,0.95743561,0.25640437,0
-2.6432114,-0.57750702,-0.37703454,-0.13256633,-0.95743561,-0.25640437,0
-3.2053237,0.94764102,1.6993458,-0.98400778,0.096076906,0.149993,0
3.4539175,0.64996201,-0.31267023,0.13256633,0.95743561,0.25640437,0
1.0585252,-0.46021503,0.78419596,0.11897415,-0.27218792,0.95486063,0
2.5652533,-1.1488729,-0.93638992,-0.13256633,-0.95743561,-0.25640437,0
-2.463944,-0.8505528,0.54985642,-0.13256633,-0.95743561,-0.25640437,0
3.0825086,-1.5290205,0.21568203,-0.13256633,-0.95743561,-0.25640437,0
-1.8215948,1.3539041,-0.21370089,0.13256633,0.95743561,0.25640437,0
1.9927468,-1.298947,-0.080002666,-0.13256633,-0.95743561,-0.25640437,0
-2.5540192,0.96015626,1.6352656,0.13256633,0.95743561,0.25640437,0
2.2754736,-0.15234084,-1.3742192,-0.11897415,0.27218792,-0.95486063,0
2.3040731,-0.3654947,-1.4385431,-0.11897415,0.27218792,-0.95486063,0
-0.78865832,-1.0856931,0.56173301,-0.13256633,-0.95743561,-0.25640437,0
2.9052022,-1.2450416,-0.75304818,-0.13256633,-0.95743561,-0.25640437,0
0.73248607,0.13913137,0.99566674,0.11897415,-0.27218792,0.95486063,0
3.265645,-0.80568588,-1.3945456,0.98400778,-0.096076906,-0.149993,0
2.6508098,0.18545461,0.76985121,0.11897415,-0.27218792,0.95486063,0
1.5687188,-1.104753,-0.58590794,-0.13256633,-0.95743561,-0.25640437,0
3.195749,-1.0065668,-1.7244134,0.98400778,-0.096076906,-0.149993,0
-3.599833,-0.55031836,0.070730209,-0.98400778,0.096076906,0.149993,0
0.78097242,0.85088253,0.31904331,0.13256633,0.95743561,0.25640437,0
-3.3602364,0.65405452,0.87111807,-0.98400778,0.096076906,0.149993,0
3.4938238,-0.27094603,-0.24013352,0.98400778,-0.096076906,-0.149993,0
-3.5266712,-0.5996601,0.58230543,-0.98400778,0.096076906,0.149993,0
3.4111421,0.48689586,-1.2679844,0.98400778,-0.096076906,-0.149993,0
3.5631692,0.48733675,-0.27091503,0.98400778,-0.096076906,-0.149993,0
-1.8367976,0.96847731,1.2333758,0.13256633,0.95743561,0.25640437,0
1.7085255,0.9444859,-0.51004338,0.13256633,0.95743561,0.25640437,0
1.7184471,0.86436868,-0.2160089,0.13256633,0.95743561,0.25640437,0
-1.1803551,-0.97690535,0.35802531,-0.13256633,-0.95743561,-0.25640437,0
2.0187912,0.49933782,0.93807381,0.11897415,-0.27218792,0.95486063,0
-2.7057838,-0.65468132,-0.056508064,-0.13256633,-0.95743561,-0.25640437,0
-0.027177513,-1.2019656,0.60220283,-0.13256633,-0.95743561,-0.25640437,0
-3.6306112,-0.11922765,-0.40731883,-0.98400778,0.096076906,0.149993,0
2.2663453,-0.83025646,0.52822125,0.11897415,-0.27218792,0.95486063,0
-3.2832537,0.46677268,1.4961133,-0.98400778,0.096076906,0.149993,0
-3.3743069,0.291273,1.0111878,-0.98400778,0.096076906,0.149993,0
3.5587616,0.094639599,-0.04829216,0.98400778,-0.096076906,-0.149993,0
3.4388165,-1.1905603,-0.011949778,0.98400778,-0.096076906,-0.149993,0
-2.6605701,1.4621129,-0.18399429,0.13256633,0.95743561,0.25640437,0
-3.4004931,1.2030025,0.25539517,-0.98400778,0.096076906,0.149993,0
1.7009528,0.28305453,0.91602319,0.11897415,-0.27218792,0.95486063,0
-3.5913224,0.002243042,-0.22737718,-0.98400778,0.096076906,0.149993,0
0.86887395,-0.67740744,-1.3486319,-0.11897415,0.27218792,-0.95486063,0
-3.2832737,0.37229705,1.5564973,-0.98400778,0.096076906,0.149993,0
-0.6161685,0.24693534,1.194437,0.11897415,-0.27218792,0.95486063,0
1.0701723,-0.56184632,0.75377429,0.11897415,-0.27218792,0.95486063,0
3.1656337,-1.469492,-0.049580097,-0.13256633,-0.95743561,-0.25640437,0
-2.8289578,-0.74238199,0.33465695,-0.13256633,-0.95743561,-0.25640437,0
-3.1927218,0.73936814,-0.43870473,-0.11897415,0.27218792,-0.95486063,0
1.8406922,-0.42407742,-1.397506,-0.11897415,0.27218792,-0.95486063,0
2.9999523,0.86677605,-0.88756275,0.13256633,0.95743561,0.25640437,0
1.6947091,-1.3462979,0.2509011,-0.13256633,-0.95743561,-0.25640437,0
1.3468784,-1.0303373,0.5857513,0.11897415,-0.27218792,0.95486063,0
1.2232932,-1.1359355,-0.29087788,-0.13256633,-0.95743561,-0.25640437,0
3.2492661,0.81614572,-0.82740545,0.13256633,0.95743561,0.25640437,0
3.4229567,-0.45115328,-0.58961773,0.98400778,-0.096076906,-0.149993,0
-3.5386446,0.048323035,0.088692904,-0.98400778,0.096076906,0.149993,0
-2.4672163,0.8381592,1.593606,0.11897415,-0.27218792,0.95486063,0
0.3314842,0.82585448,0.64489484,0.13256633,0.95743561,0.25640437,0
-1.6554301,0.18650591,-0.78784484,-0.11897415,0.27218792,-0.95486063,0
-2.2124434,0.96484292,1.4411634,0.13256633,0.95743561,0.25640437,0
-1.8347735,0.93678439,-0.55162811,-0.11897415,0.27218792,-0.95486063,0
-2.7583737,0.63170981,1.5710344,0.11897415,-0.27218792,0.95486063,0
3.3836398,-0.15127772,-1.0396342,0.98400778,-0.096076906,-0.149993,0
-1.5998029,-0.70483828,-0.44103259,-0.13256633,-0.95743561,-0.25640437,0
2.1459954,0.96410942,-1.0398364,-0.11897415,0.27218792,-0.95486063,0
-0.34942931,-0.65870887,-1.1915032,-0.11897415,0.27218792,-0.95486063,0
0.30705512,-1.1041249,0.69427812,0.11897415,-0.27218792,0.95486063,0
2.2857168,0.98302364,-0.95236659,0.13256633,0.95743561,0.25640437,0
-0.10375547,0.7388261,1.1948938,0.13256633,0.95743561,0.25640437,0
-0.05986321,-0.53803039,-1.1931826,-0.11897415,0.27218792,-0.95486063,0
1.9287002,0.89754498,-0.44859743,0.13256633,0.95743561,0.25640437,0
-3.5103099,-0.64025396,0.71564221,-0.98400778,0.096076906,0.149993,0
1.6397231,-0.47765356,0.70680875,0.11897415,-0.27218792,0.95486063,0
-0.34407407,-0.17359184,1.040661,0.11897415,-0.27218792,0.95486063,0
-0.35380912,0.53012335,-0.85207474,-0.11897415,0.27218792,-0.95486063,0
-0.30103338,-0.91046017,0.82525015,0.11897415,-0.27218792,0.95486063,0
3.5919838,-0.35126254,0.4552784,0.98400778,-0.096076906,-0.149993,0
-1.2768104,0.77372265,-0.66763103,-0.11897415,0.27218792,-0.95486063,0
3.57622,-0.28681943,0.31058335,0.98400778,-0.096076906,-0.149993,0
-1.3418716,0.93550485,1.1006105,0.13256633,0.95743561,0.25640437,0
3.3342044,-1.3370088,-0.60443377,0.98400778,-0.096076906,-0.149993,0
3.4138217,0.29624462,-1.1282849,0.98400778,-0.096076906,-0.149993,0
2.0111113,0.2321375,-1.2316827,-0.11897415,0.27218792,-0.95486063,0
-3.3692029,0.72382349,0.76760459,-0.98400778,0.096076906,0.149993,0
0.8994891,-0.30404174,-1.2460167,-0.11897415,0.27218792,-0.95486063,0
0.071425736,-0.98485911,0.75763446,0.11897415,-0.27218792,0.95486063,0
0.32070738,-0.25111011,0.93573332,0.11897415,-0.27218792,0.95486063,0
2.3454196,-0.74539924,0.54255784,0.11897415,-0.27218792,0.95486063,0
3.0555303,0.7308622,-0.40878391,0.13256633,0.95743561,0.25640437,0
3.6560504,0.16221023,0.54667687,0.98400778,-0.096076906,-0.149993,0
3.3205018,-0.09956333,-1.4869652,0.98400778,-0.096076906,-0.149993,0
-0.90729225,-0.082696348,-0.95779896,-0.11897415,0.27218792,-0.95486063,0
2.2765834,0.69265813,0.13660491,0.13256633,0.95743561,0.25640437,0
-1.9855516,-0.10184628,-0.82890832,-0.11897415,0.27218792,-0.95486063,0
3.4350913,-0.81209266,0.38777518,0.11897415,-0.27218792,0.95486063,0
2.2203622,-0.98010314,-1.3882746,-0.13256633,-0.95743561,-0.25640437,0
-1.041018,1.142797,0.17101675,0.13256633,0.95743561,0.25640437,0
3.0265293,-0.51231569,-1.5704124,-0.11897415,0.27218792,-0.95486063,0
0.7527554,0.73029768,0.78390616,0.13256633,0.95743561,0.25640437,0
0.86386734,1.1336623,-0.77973849,0.13256633,0.95743561,0.25640437,0
3.5201156,-0.81652033,0.28181148,0.98400778,-0.096076906,-0.149993,0
-0.85284597,0.57720518,1.3180717,0.11897415,-0.27218792,0.95486063,0
3.3919656,-0.81617606,-0.55911684,0.98400778,-0.096076906,-0.149993,0
0.009650901,-0.91772139,-0.47823,-0.13256633,-0.95743561,-0.25640437,0
3.6524818,0.10574108,0.5594368,0.98400778,-0.096076906,-0.149993,0
-3.228456,1.0208616,1.5006876,-0.98400778,0.096076906,0.149993,0
3.3502049,-0.54699606,-1.0055053,0.98400778,-0.096076906,-0.149993,0
-0.79326171,-0.29585108,-1.0327679,-0.11897415,0.27218792,-0.95486063,0
0.7005704,-0.86308807,0.71395552,0.11897415,-0.27218792,0.95486063,0
0.56216729,-0.61056715,0.80318272,0.11897415,-0.27218792,0.95486063,0
0.87515283,-0.61546147,0.76279008,0.11897415,-0.27218792,0.95486063,0
1.5346183,0.80201197,-1.0098666,-0.11897415,0.27218792,-0.95486063,0
-1.9609745,0.81800479,1.5247837,0.11897415,-0.27218792,0.95486063,0
-3.5785275,-0.070326984,-0.096950054,-0.98400778,0.096076906,0.149993,0
2.2439837,0.85359287,-0.44748425,0.13256633,0.95743561,0.25640437,0
3.0488138,0.73980647,-0.43871021,0.13256633,0.95743561,0.25640437,0
1.0651211,-0.20259529,0.85680997,0.11897415,-0.27218792,0.95486063,0
3.4452405,-0.24010471,-0.57861233,0.98400778,-0.096076906,-0.149993,0
3.4838505,0.23836088,-0.63179445,0.98400778,-0.096076906,-0.149993,0
2.8463292,-0.13876313,0.65306985,0.11897415,-0.27218792,0.95486063,0
-3.4710958,0.33047146,0.35110927,-0.98400778,0.096076906,0.149993,0
1.3093283,0.83995891,0.086662173,0.13256633,0.95743561,0.25640437,0
1.2858047,-0.35058516,-1.3074185,-0.11897415,0.27218792,-0.95486063,0
-0.44408193,-0.8004061,-0.68170571,-0.13256633,-0.95743561,-0.25640437,0
-2.1628103,0.4165985,1.4355093,0.11897415,-0.27218792,0.95486063,0
2.0200078,0.98806083,-0.83379912,0.13256633,0.95743561,0.25640437,0
3.4990268,0.28222132,-0.5603261,0.98400778,-0.096076906,-0.149993,0
1.4379581,-0.75680578,-1.4421719,-0.11897415,0.27218792,-0.95486063,0
3.4259224,0.032281041,-0.87982059,0.98400778,-0.096076906,-0.149993,0
1.3631532,0.62072301,0.87747872,0.13256633,0.95743561,0.25640437,0
-1.4882443,0.81930983,1.4662544,0.11897415,-0.27218792,0.95486063,0
1.5381491,-0.020755857,-1.2448409,-0.11897415,0.27218792,-0.95486063,0
0.0054647923,1.1486259,-0.39180219,0.13256633,0.95743561,0.25640437,0
-1.8816972,0.83443749,-0.57495612,-0.11897415,0.27218792,-0.95486063,0
-3.4521177,0.36425531,0.45397305,-0.98400778,0.096076906,0.149993,0
3.446667,-0.11191773,-0.65136337,0.98400778,-0.096076906,-0.149993,0
3.5579836,0.64759034,-0.40758324,0.98400778,-0.096076906,-0.149993,0
3.3640351,0.47805953,0.37569904,0.13256633,0.95743561,0.25640437,0
1.4148455,0.065442801,0.88964045,0.11897415,-0.27218792,0.95486063,0
1.676087,-0.04294771,-1.2683536,-0.11897415,0.27218792,-0.95486063,0
2.0092602,0.91559887,-0.55766332,0.13256633,0.95743561,0.25640437,0
-0.91766596,-0.16601548,1.1142893,0.11897415,-0.27218792,0.95486063,0
-3.4562953,1.1397848,-0.07019186,-0.98400778,0.096076906,0.149993,0
0.19143653,0.6935125,1.2114786,0.13256633,0.95743561,0.25640437,0
-3.3796797,0.43892747,-0.50105214,-0.11897415,0.27218792,-0.95486063,0
-3.4309967,0.0030310154,0.82391262,-0.98400778,0.096076906,0.149993,0
-3.4413126,1.1081483,0.048362494,-0.98400778,0.096076906,0.149993,0
-0.99382699,-0.84284371,-0.23901051,-0.13256633,-0.95743561,-0.25640437,0
3.5197878,-0.85710388,0.30565929,0.98400778,-0.096076906,-0.149993,0
-1.9768316,-0.78139973,1.0708412,0.11897415,-0.27218792,0.95486063,0
3.4676013,-0.3505168,0.51529884,0.11897415,-0.27218792,0.95486063,0
-0.16626716,1.0063387,-0.73969454,-0.11897415,0.27218792,-0.95486063,0
3.4492946,-0.02784282,-0.68798113,0.98400778,-0.096076906,-0.149993,0
-0.75353545,-0.39712447,1.0279602,0.11897415,-0.27218792,0.95486063,0
-3.6441624,-0.35469896,-0.3453896,-0.98400778,0.096076906,0.149993,0
3.4928253,0.14014399,-0.51000404,0.98400778,-0.096076906,-0.149993,0
-2.6906505,-0.35649732,1.2809026,0.11897415,-0.27218792,0.95486063,0
1.1426554,1.0262051,-0.5226233,0.13256633,0.95743561,0.25640437,0
1.0504215,-0.64913934,-1.3631946,-0.11897415,0.27218792,-0.95486063,0
0.19995552,-0.12674828,-1.1083176,-0.11897415,0.27218792,-0.95486063,0
2.8633018,-1.3924754,-0.18085456,-0.13256633,-0.95743561,-0.25640437,0
-2.980684,1.2850343,0.6427381,0.13256633,0.95743561,0.25640437,0
-3.420697,-0.14341307,0.98528481,-0.98400778,0.096076906,0.149993,0
3.6043663,-0.14167827,0.40226412,0.98400778,-0.096076906,-0.149993,0
-2.7962117,-0.7357322,0.29289579,-0.13256633,-0.95743561,-0.25640437,0
1.1994838,1.0138353,-0.50581515,0.13256633,0.95743561,0.25640437,0
-0.99420655,-0.76551366,0.95293617,0.11897415,-0.27218792,0.95486063,0
-2.0119362,0.89909351,1.5542485,0.11897415,-0.27218792,0.95486063,0
-2.980464,0.40764487,-0.55971074,-0.11897415,0.27218792,-0.95486063,0
1.9516516,-0.99931884,0.51923966,0.11897415,-0.27218792,0.95486063,0
-3.2411456,1.1241462,1.3512833,-0.98400778,0.096076906,0.149993,0
0.19051015,0.047776893,-1.0573914,-0.11897415,0.27218792,-0.95486063,0
1.6938819,0.13762006,-1.2190988,-0.11897415,0.27218792,-0.95486063,0
2.1314287,-1.0590909,-1.0473469,-0.13256633,-0.95743561,-0.25640437,0
3.5407603,0.040078878,-0.13143754,0.98400778,-0.096076906,-0.149993,0
3.4526505,0.7254833,-1.1485007,0.98400778,-0.096076906,-0.149993,0
-3.6147294,-0.23457825,-0.22923994,-0.98400778,0.096076906,0.149993,0
2.4613845,-1.0842535,-1.1239815,-0.13256633,-0.95743561,-0.25640437,0
-0.37848163,-1.0113502,0.072060227,-0.13256633,-0.95743561,-0.25640437,0
-3.4097998,0.90951616,0.3823297,-0.98400778,0.096076906,0.149993,0
3.4614115,-0.23042196,-0.47872567,0.98400778,-0.096076906,-0.149993,0
3.6215355,0.41167164,0.16045403,0.98400778,-0.096076906,-0.149993,0
-3.3510008,0.071900338,1.3046026,-0.98400778,0.096076906,0.149993,0
-1.876157,-0.74673963,-0.14168882,-0.13256633,-0.95743561,-0.25640437,0
0.6596626,0.4944033,-0.98853385,-0.11897415,0.27218792,-0.95486063,0
0.2688303,-1.1395348,0.21603894,-0.13256633,-0.95743561,-0.25640437,0
-1.2897692,-0.70333779,-0.6069293,-0.13256633,-0.95743561,-0.25640437,0
-3.3732517,1.2232825,0.42111897,-0.98400778,0.096076906,0.149993,0
-0.39418331,-0.67417228,0.90421158,0.11897415,-0.27218792,0.95486063,0
-2.8866644,-0.73023033,1.1987915,0.11897415,-0.27218792,0.95486063,0
0.51560289,-0.92893326,0.71823269,0.11897415,-0.27218792,0.95486063,0
2.3512735,-0.9813664,0.47456467,0.11897415,-0.27218792,0.95486063,0
-3.4927218,-0.61157149,0.81265378,-0.98400778,0.096076906,0.149993,0
-0.14405917,-0.96551216,-0.22030398,-0.13256633,-0.95743561,-0.25640437,0
2.4869943,0.76129293,-0.22847009,0.13256633,0.95743561,0.25640437,0
-3.4275591,1.3832403,-0.037618637,-0.98400778,0.096076906,0.149993,0
2.5199192,0.63394946,0.23001838,0.13256633,0.95743561,0.25640437,0
0.14909172,1.020594,0.01202175,0.13256633,0.95743561,0.25640437,0
-1.7338772,1.2996571,-0.056489944,0.13256633,0.95743561,0.25640437,0
-3.3329182,1.022923,0.81405973,-0.98400778,0.096076906,0.149993,0
3.2397516,0.56663406,0.10921192,0.13256633,0.95743561,0.25640437,0
-3.5342107,0.042310894,0.12163186,-0.98400778,0.096076906,0.149993,0
3.0027857,0.88747567,-1.1684363,-0.11897415,0.27218792,-0.95486063,0
-0.79837269,-0.46560615,-1.0805206,-0.11897415,0.27218792,-0.95486063,0
3.4227443,-1.5030547,0.082779169,0.98400778,-0.096076906,-0.149993,0
-3.618772,-0.25276613,-0.24410868,-0.98400778,0.096076906,0.149993,0
-1.9480984,1.2439334,-0.44995368,-0.11897415,0.27218792,-0.95486063,0
3.2991719,-0.86974216,-1.1335654,0.98400778,-0.096076906,-0.149993,0
3.4171493,-0.65298402,-0.49843335,0.98400778,-0.096076906,-0.149993,0
-2.9196148,-0.63343793,-0.025277615,-0.13256633,-0.95743561,-0.25640437,0
-3.504704,0.64889044,-0.073334694,-0.98400778,0.096076906,0.149993,0
-3.3669209,1.1961869,0.4800055,-0.98400778,0.096076906,0.149993,0
-2.4652038,1.0911334,1.100266,0.13256633,0.95743561,0.25640437,0
-3.210006,-0.57958645,1.2820208,0.11897415,-0.27218792,0.95486063,0
-2.8400095,1.445508,-0.029216528,0.13256633,0.95743561,0.25640437,0
2.4118142,-1.0612919,-1.1840935,-0.13256633,-0.95743561,-0.25640437,0
3.0554521,-0.51332676,-1.5743041,-0.11897415,0.27218792,-0.95486063,0
3.3791556,-0.68424118,-0.72766495,0.98400778,-0.096076906,-0.149993,0
-3.4369035,1.2209091,0.0050590038,-0.98400778,0.096076906,0.149993,0
-3.4898694,-0.16962111,0.54827762,-0.98400778,0.096076906,0.149993,0
0.47158957,-1.2227069,0.42178005,-0.13256633,-0.95743561,-0.25640437,0
-3.4215362,1.0212018,0.23379588,-0.98400778,0.096076906,0.149993,0
0.085249305,0.73068261,1.1275834,0.13256633,0.95743561,0.25640437,0
3.539835,-0.060406446,-0.073143482,0.98400778,-0.096076906,-0.149993,0
-2.1934576,-1.0042428,1.0343101,0.11897415,-0.27218792,0.95486063,0
3.2854741,-1.1351497,-1.0534229,0.98400778,-0.096076906,-0.149993,0
3.4597607,-0.89102089,-0.066417694,0.98400778,-0.096076906,-0.149993,0
-1.6669071,-1.0196506,0.96431053,0.11897415,-0.27218792,0.95486063,0
-3.3662081,1.0982149,0.54743791,-0.98400778,0.096076906,0.149993,0
0.13189644,-0.43486214,-1.1876669,-0.11897415,0.27218792,-0.95486063,0
1.2623162,0.69801188,0.64101052,0.13256633,0.95743561,0.25640437,0
-0.8072266,-1.1484314,0.80560315,-0.13256633,-0.95743561,-0.25640437,0
-0.63123083,-0.70584404,-0.93804872,-0.13256633,-0.95743561,-0.25640437,0
1.5469384,-0.9200052,-1.2645112,-0.13256633,-0.95743561,-0.25640437,0
1.498513,-0.68703324,-1.4298279,-0.11897415,0.27218792,-0.95486063,0
-0.68170893,-1.1535372,0.75977367,-0.13256633,-0.95743561,-0.25640437,0
-3.3556261,-0.1391958,1.4094744,-0.98400778,0.096076906,0.149993,0
0.56978536,-1.2185804,0.62891626,0.11897415,-0.27218792,0.95486063,0
-3.3853064,1.0297465,0.46600366,-0.98400778,0.096076906,0.149993,0
-3.1416652,0.2095705,1.4984586,0.11897415,-0.27218792,0.95486063,0
-2.0494001,-0.42199975,-0.9122144,-0.11897415,0.27218792,-0.95486063,0
-1.5273446,0.72726846,1.4448893,0.11897415,-0.27218792,0.95486063,0
3.5675993,0.30463517,-0.12482452,0.98400778,-0.096076906,-0.149993,0
-3.3411553,1.1930766,-0.29087806,-0.11897415,0.27218792,-0.95486063,0
3.1575708,-0.1614061,0.60783505,0.11897415,-0.27218792,0.95486063,0
2.9757757,-1.2214415,-0.87766123,-0.13256633,-0.95743561,-0.25640437,0
3.2132821,-1.1996033,0.30495024,0.11897415,-0.27218792,0.95486063,0
2.9846129,-1.0844249,0.36627412,0.11897415,-0.27218792,0.95486063,0
-3.5716524,0.51319551,-0.42562151,-0.98400778,0.096076906,0.149993,0
3.344084,-0.24529096,0.56068397,0.11897415,-0.27218792,0.95486063,0
2.8030386,-1.3940382,-0.14386177,-0.13256633,-0.95743561,-0.25640437,0
-3.6329761,-0.45205677,-0.20964146,-0.98400778,0.096076906,0.149993,0
-0.78613406,1.1420734,0.041938543,0.13256633,0.95743561,0.25640437,0
0.65498513,0.54743052,1.121711,0.11897415,-0.27218792,0.95486063,0
-3.4599843,-0.51117039,0.96311164,-0.98400778,0.096076906,0.149993,0
-0.26983112,0.63352793,1.261484,0.11897415,-0.27218792,0.95486063,0
3.5504267,0.054370582,-0.077179193,0.98400778,-0.096076906,-0.149993,0
-3.0936351,0.58185953,1.5985973,0.11897415,-0.27218792,0.95486063,0
-3.5564675,0.23241022,-0.53789353,-0.11897415,0.27218792,-0.95486063,0
-3.3607719,0.56868947,0.92228532,-0.98400778,0.096076906,0.149993,0
-3.3377867,-0.01899302,1.4495094,-0.98400778,0.096076906,0.149993,0
-1.6104174,-0.37425181,-0.95330012,-0.11897415,0.27218792,-0.95486063,0
3.2885211,-1.5225065,0.084845781,-0.13256633,-0.95743561,-0.25640437,0
-3.2993927,0.89536643,-0.38094521,-0.11897415,0.27218792,-0.95486063,0
-1.9263096,-0.34677288,1.1884389,0.11897415,-0.27218792,0.95486063,0
-3.4704247,0.99830842,-0.072263718,-0.98400778,0.096076906,0.149993,0
0.88443345,0.49502301,1.0781831,0.11897415,-0.27218792,0.95486063,0
3.4275451,-1.0953258,-0.14689469,0.98400778,-0.096076906,-0.149993,0
0.23834401,0.11448694,1.050211,0.11897415,-0.27218792,0.95486063,0
3.2527244,-0.77208638,-1.5008311,0.98400778,-0.096076906,-0.149993,0
-3.5375414,-0.3331787,0.34029841,-0.98400778,0.096076906,0.149993,0
2.0310621,0.513336,0.93314838,0.13256633,0.95743561,0.25640437,0
-3.524847,-0.27342385,0.38530159,-0.98400778,0.096076906,0.149993,0
-2.4790225,-0.80836624,0.40012431,-0.13256633,-0.95743561,-0.25640437,0
-3.5853605,-0.085138857,-0.13229156,-0.98400778,0.096076906,0.149993,0
