1.0391097,1.6770208,-1.7008352,0.61401689,0.63541919,-0.46821499,0
-0.75662905,-0.60579145,1.6870934,0.0029273182,0.5913713,0.80639404,0
2.3839321,0.56033027,-1.4527078,0.61401689,0.63541919,-0.46821499,0
1.8481829,-0.28117168,-0.27225459,0.78928709,-0.49651021,0.3612518,0
1.505945,-0.86592555,-0.6105262,-0.0029273182,-0.5913713,-0.80639404,0
2.2720602,0.30686909,-0.39015746,0.78928709,-0.49651021,0.3612518,0
-0.63571358,-1.6374347,-0.036963701,-0.0029273182,-0.5913713,-0.80639404,0
1.4198033,0.31407416,-1.4755691,-0.0029273182,-0.5913713,-0.80639404,0
2.4052227,1.4533656,-0.21284103,0.61401689,0.63541919,-0.46821499,0
-2.1823301,-0.9732551,1.1567042,-0.61401689,-0.63541919,0.46821499,0
-1.2773745,-0.38026658,-0.95658183,-0.0029273182,-0.5913713,-0.80639404,0
-1.9407169,-1.0011122,1.4357505,-0.61401689,-0.63541919,0.46821499,0
1.5184211,0.59967935,-1.6853764,-0.0029273182,-0.5913713,-0.80639404,0
-2.3913779,-1.3698446,0.34434366,-0.61401689,-0.63541919,0.46821499,0
1.1241812,1.5673542,-1.7381024,0.61401689,0.63541919,-0.46821499,0
0.62272733,0.042056918,-1.2731912,-0.0029273182,-0.5913713,-0.80639404,0
1.4369262,1.1777713,-1.8566751,0.61401689,0.63541919,-0.46821499,0
1.2052269,1.7460343,-1.3893306,0.61401689,0.63541919,-0.46821499,0
1.0431778,0.40302444,0.94074249,0.0029273182,0.5913713,0.80639404,0
-1.330068,-0.44600803,-0.90817893,-0.0029273182,-0.5913713,-0.80639404,0
0.42792678,-1.2812467,1.4562978,0.78928709,-0.49651021,0.3612518,0
2.4918687,1.0136011,0.10093331,0.78928709,-0.49651021,0.3612518,0
0.29503024,-1.6570463,-0.025960267,-0.0029273182,-0.5913713,-0.80639404,0
1.4339879,1.2832108,-1.7174361,0.61401689,0.63541919,-0.46821499,0
2.2961547,0.58188784,-0.064810753,0.78928709,-0.49651021,0.3612518,0
-0.17406663,-1.2068994,-0.35437366,-0.0029273182,-0.5913713,-0.80639404,0
0.043499947,2.5829782,-0.69718242,-0.78928709,0.49651021,-0.3612518,0
-2.2309742,-1.1055999,0.91330576,-0.61401689,-0.63541919,0.46821499,0
-1.4337043,-1.394804,1.5663638,-0.61401689,-0.63541919,0.46821499,0
-0.79854524,0.43278801,-1.5545754,-0.0029273182,-0.5913713,-0.80639404,0
-1.7647605,-0.26166767,-0.6560992,-0.78928709,0.49651021,-0.3612518,0
0.99674606,1.518466,-1.9715669,0.61401689,0.63541919,-0.46821499,0
-1.779621,-0.36884648,-0.77093911,-0.78928709,0.49651021,-0.3612518,0
-0.11432624,1.6739763,-1.6016991,-0.78928709,0.49651021,-0.3612518,0
1.1797485,-0.33630264,1.1124127,0.78928709,-0.49651021,0.3612518,0
1.2604898,2.2200391,-0.67358303,0.61401689,0.63541919,-0.46821499,0
2.3155935,-0.063103199,-0.9937675,0.78928709,-0.49651021,0.3612518,0
-1.8962111,-1.1674832,1.2683318,-0.61401689,-0.63541919,0.46821499,0
-2.345999,-0.24637204,0.63485193,-0.78928709,0.49651021,-0.3612518,0
-0.78238279,-2.1951516,0.37257159,-0.0029273182,-0.5913713,-0.80639404,0
2.0528626,0.9609471,-1.3431914,0.61401689,0.63541919,-0.46821499,0
0.26541615,2.2646916,-1.6194974,-0.78928709,0.49651021,-0.3612518,0
-1.9610133,-1.855015,0.25029492,-0.61401689,-0.63541919,0.46821499,0
0.87052953,-1.4590482,0.24489641,0.78928709,-0.49651021,0.3612518,0
0.71081519,1.8096697,-1.951342,0.61401689,0.63541919,-0.46821499,0
1.8015909,1.855417,-0.45881557,0.61401689,0.63541919,-0.46821499,0
1.8824153,0.52298093,-1.6304505,-0.0029273182,-0.5913713,-0.80639404,0
1.294772,-0.88029778,-0.59921968,-0.0029273182,-0.5913713,-0.80639404,0
1.7183154,1.2157227,-1.4361579,0.61401689,0.63541919,-0.46821499,0
-0.93661332,0.97168911,-0.77034545,-0.78928709,0.49651021,-0.3612518,0
1.9855369,1.1897802,0.36035228,0.0029273182,0.5913713,0.80639404,0
0.80806196,-1.6063018,0.17899178,0.78928709,-0.49651021,0.3612518,0
-0.87739581,-2.5276923,0.75845289,-0.61401689,-0.63541919,0.46821499,0
-1.1960241,-0.05555892,1.285174,0.0029273182,0.5913713,0.80639404,0
-0.12391496,-1.5934587,2.2328894,0.78928709,-0.49651021,0.3612518,0
1.0490425,1.8486196,-1.454931,0.61401689,0.63541919,-0.46821499,0
1.9480866,-0.10924,-0.25422549,0.78928709,-0.49651021,0.3612518,0
0.083354354,2.2519307,-0.41167307,0.0029273182,0.5913713,0.80639404,0
0.21350551,-0.78225738,1.8129834,0.0029273182,0.5913713,0.80639404,0
0.92260063,1.1999024,0.35678792,0.0029273182,0.5913713,0.80639404,0
0.77992499,2.4948401,-0.93086004,0.61401689,0.63541919,-0.46821499,0
1.6033772,2.0935721,-0.39555025,0.61401689,0.63541919,-0.46821499,0
-2.159301,-0.73901999,-0.45016098,-0.78928709,0.49651021,-0.3612518,0
2.2102613,0.63610435,0.19737053,0.78928709,-0.49651021,0.3612518,0
-0.37530267,1.9858092,-0.60291237,-0.78928709,0.49651021,-0.3612518,0
0.69047827,-1.1916082,-0.36872596,-0.0029273182,-0.5913713,-0.80639404,0
1.3805101,1.4408669,0.17841363,0.0029273182,0.5913713,0.80639404,0
-0.4585762,1.486392,-1.1073776,-0.78928709,0.49651021,-0.3612518,0
1.6526942,1.2512124,0.31650913,0.0029273182,0.5913713,0.80639404,0
2.1044672,0.9280656,-1.3201408,0.61401689,0.63541919,-0.46821499,0
-2.2008059,-1.4308078,-0.18281293,-0.0029273182,-0.5913713,-0.80639404,0
-1.1343355,-1.7963601,1.4139998,-0.61401689,-0.63541919,0.46821499,0
-0.77406526,0.78747547,-1.3786776,-0.78928709,0.49651021,-0.3612518,0
0.70490658,-1.5218239,-0.12661394,-0.0029273182,-0.5913713,-0.80639404,0
0.41025233,-1.8916798,0.65592504,0.78928709,-0.49651021,0.3612518,0
-0.045823425,-1.0033015,-0.50414836,-0.0029273182,-0.5913713,-0.80639404,0
1.8394325,-0.38201606,-0.96661317,-0.0029273182,-0.5913713,-0.80639404,0
0.44761038,-1.5292361,1.0724508,0.78928709,-0.49651021,0.3612518,0
-0.55317628,0.91232729,0.57303882,0.0029273182,0.5913713,0.80639404,0
1.95982,-0.2581262,-0.48449242,0.78928709,-0.49651021,0.3612518,0
0.43528003,-0.26694328,-1.0459049,-0.0029273182,-0.5913713,-0.80639404,0
2.5607526,0.75865072,-0.39997625,0.78928709,-0.49651021,0.3612518,0
-1.4545994,-0.41163349,1.5472407,0.0029273182,0.5913713,0.80639404,0
-2.4194825,-1.3856269,0.28606939,-0.61401689,-0.63541919,0.46821499,0
0.90356016,-0.50411773,1.4851999,0.78928709,-0.49651021,0.3612518,0
0.84515274,2.3956981,-0.97986722,0.61401689,0.63541919,-0.46821499,0
2.1198611,0.033628941,-1.2724452,-0.0029273182,-0.5913713,-0.80639404,0
2.1358547,1.0500131,-1.1134827,0.61401689,0.63541919,-0.46821499,0
-0.070310831,-2.4815407,0.89517772,0.78928709,-0.49651021,0.3612518,0
-1.7241969,0.58638263,0.42084849,-0.78928709,0.49651021,-0.3612518,0
0.18074203,0.77767134,-1.8110512,-0.0029273182,-0.5913713,-0.80639404,0
-2.3005719,-1.2761451,0.59058762,-0.61401689,-0.63541919,0.46821499,0
-1.2574344,-1.1869618,2.0795879,-0.61401689,-0.63541919,0.46821499,0
2.2848907,0.48764032,-0.16973519,0.78928709,-0.49651021,0.3612518,0
1.7068987,-0.085669041,-1.1834587,-0.0029273182,-0.5913713,-0.80639404,0
-0.41673326,-2.1713951,1.8460991,-0.61401689,-0.63541919,0.46821499,0
1.8051507,-0.34810525,-0.27022922,0.78928709,-0.49651021,0.3612518,0
1.7974271,0.5680877,-1.6632214,-0.0029273182,-0.5913713,-0.80639404,0
1.2667569,1.2539732,-1.9764211,0.61401689,0.63541919,-0.46821499,0
1.5238092,1.7612296,-0.057045221,0.0029273182,0.5913713,0.80639404,0
0.50418544,2.4927325,-1.295325,0.61401689,0.63541919,-0.46821499,0
1.0876375,0.10558707,1.1587075,0.0029273182,0.5913713,0.80639404,0
-0.81282675,-1.5416722,2.1812649,-0.61401689,-0.63541919,0.46821499,0
-1.356142,-1.6992652,1.2548916,-0.61401689,-0.63541919,0.46821499,0
-0.62681794,1.7389667,-0.39264938,-0.78928709,0.49651021,-0.3612518,0
1.8259518,0.14705858,0.36488378,0.78928709,-0.49651021,0.3612518,0
-1.1677682,-1.2269547,2.1429017,-0.61401689,-0.63541919,0.46821499,0
0.62773204,1.9468311,-1.8741536,0.61401689,0.63541919,-0.46821499,0
0.66034853,2.3905997,-0.51546085,0.0029273182,0.5913713,0.80639404,0
-1.1739669,0.4664551,0.90227377,0.0029273182,0.5913713,0.80639404,0
-1.9031509,-0.47700167,-0.64969301,-0.78928709,0.49651021,-0.3612518,0
0.26852518,-1.4859869,-0.15131092,-0.0029273182,-0.5913713,-0.80639404,0
1.1411731,1.9007825,-1.2633202,0.61401689,0.63541919,-0.46821499,0
2.4447665,1.5843208,0.016737461,0.61401689,0.63541919,-0.46821499,0
2.2081144,0.22799414,-0.35885119,0.78928709,-0.49651021,0.3612518,0
-0.025299013,-0.43928015,-0.91784918,-0.0029273182,-0.5913713,-0.80639404,0
2.3281403,0.16243029,-0.71120381,0.78928709,-0.49651021,0.3612518,0
-0.3972609,1.7796338,-0.8383075,-0.78928709,0.49651021,-0.3612518,0
-1.0641148,0.35013252,-1.3460488,-0.78928709,0.49651021,-0.3612518,0
-0.57955301,-1.16202,-0.38581419,-0.0029273182,-0.5913713,-0.80639404,0
0.91440034,-0.58798444,1.3462473,0.78928709,-0.49651021,0.3612518,0
1.5339056,0.14630285,1.0019274,0.78928709,-0.49651021,0.3612518,0
-1.860148,0.12399706,0.082373023,-0.78928709,0.49651021,-0.3612518,0
0.6154089,-0.322128,1.4740876,0.0029273182,0.5913713,0.80639404,0
2.3682384,1.4471067,-0.26983619,0.61401689,0.63541919,-0.46821499,0
0.65493596,1.9844372,-1.7874428,0.61401689,0.63541919,-0.46821499,0
1.5871559,-0.55981982,-0.084923387,0.78928709,-0.49651021,0.3612518,0
-1.1098678,-0.8178947,-0.63625431,-0.0029273182,-0.5913713,-0.80639404,0
-0.33983293,-0.99963003,-0.50577354,-0.0029273182,-0.5913713,-0.80639404,0
2.3646271,0.088375688,-0.89270449,0.78928709,-0.49651021,0.3612518,0
1.9664749,-0.30552649,-0.56418014,0.78928709,-0.49651021,0.3612518,0
-0.55484009,1.3569241,-1.0749962,-0.78928709,0.49651021,-0.3612518,0
2.4638314,0.73392773,-1.1123364,0.61401689,0.63541919,-0.46821499,0
2.0037923,1.150588,-1.1501784,0.61401689,0.63541919,-0.46821499,0
-1.4758589,-1.5921818,1.2432184,-0.61401689,-0.63541919,0.46821499,0
-1.4920378,0.40492156,-0.33579171,-0.78928709,0.49651021,-0.3612518,0
2.6816716,1.1071754,-0.32012391,0.61401689,0.63541919,-0.46821499,0
0.98540378,-1.0402329,0.56953728,0.78928709,-0.49651021,0.3612518,0
1.0824857,0.87314606,-1.8843417,-0.0029273182,-0.5913713,-0.80639404,0
-1.0392644,-2.386848,0.73731995,-0.61401689,-0.63541919,0.46821499,0
1.9838983,1.0393274,-1.32726,0.61401689,0.63541919,-0.46821499,0
0.96424901,2.2347813,-1.0420661,0.61401689,0.63541919,-0.46821499,0
-0.11007476,2.193254,-0.89728451,-0.78928709,0.49651021,-0.3612518,0
-0.61621201,-2.5806441,1.0291083,-0.61401689,-0.63541919,0.46821499,0
1.572854,0.04863064,0.78258801,0.78928709,-0.49651021,0.3612518,0
-0.91192394,-2.020997,0.24532509,-0.0029273182,-0.5913713,-0.80639404,0
-0.65061694,-2.1023479,0.30403531,-0.0029273182,-0.5913713,-0.80639404,0
-1.0347848,1.2862998,-0.12344825,-0.78928709,0.49651021,-0.3612518,0
0.063151598,-1.6800641,1.7051419,0.78928709,-0.49651021,0.3612518,0
0.51357412,2.1411593,-1.7601357,0.61401689,0.63541919,-0.46821499,0
-0.46793604,0.96419054,-1.8046495,-0.78928709,0.49651021,-0.3612518,0
-1.108407,1.1664318,0.38870627,0.0029273182,0.5913713,0.80639404,0
-0.78933066,-1.3109915,-0.27580416,-0.0029273182,-0.5913713,-0.80639404,0
-1.5733442,0.20302781,-0.43563366,-0.78928709,0.49651021,-0.3612518,0
-1.1842265,-0.16572809,1.3659241,0.0029273182,0.5913713,0.80639404,0
-1.2635503,-1.6626366,1.4260249,-0.61401689,-0.63541919,0.46821499,0
2.3143888,0.48523638,-0.23748922,0.78928709,-0.49651021,0.3612518,0
1.7887893,-0.21424964,-0.050508618,0.78928709,-0.49651021,0.3612518,0
-1.5264744,0.65171331,0.078642368,-0.78928709,0.49651021,-0.3612518,0
0.63147759,-0.79190767,1.6841214,0.78928709,-0.49651021,0.3612518,0
0.18596405,-1.3437072,-0.25535238,-0.0029273182,-0.5913713,-0.80639404,0
-1.7534062,0.56508803,0.4553988,-0.78928709,0.49651021,-0.3612518,0
-0.77271235,-1.6673827,2.0632682,-0.61401689,-0.63541919,0.46821499,0
-0.52302486,-0.50895703,1.6152318,0.0029273182,0.5913713,0.80639404,0
-1.9825342,-0.90426743,1.5123405,-0.61401689,-0.63541919,0.46821499,0
-2.027236,0.044836938,0.33863878,-0.78928709,0.49651021,-0.3612518,0
2.0329611,0.38335809,0.23736989,0.78928709,-0.49651021,0.3612518,0
-1.8903254,-0.96188968,-0.52782226,-0.0029273182,-0.5913713,-0.80639404,0
0.95395899,2.1244485,-0.32134402,0.0029273182,0.5913713,0.80639404,0
1.0902058,1.7618752,-0.055944681,0.0029273182,0.5913713,0.80639404,0
0.80383205,1.6006012,-2.1130884,0.61401689,0.63541919,-0.46821499,0
0.64664793,2.5904169,-0.66194737,0.0029273182,0.5913713,0.80639404,0
-0.7048685,-0.75394619,1.7955552,0.0029273182,0.5913713,0.80639404,0
-0.61836767,-2.1552815,1.6035444,-0.61401689,-0.63541919,0.46821499,0
-0.34873098,-1.9156535,0.16602671,-0.0029273182,-0.5913713,-0.80639404,0
-1.7748594,-1.0283623,1.6162741,-0.61401689,-0.63541919,0.46821499,0
-1.608251,-1.4748174,1.2288764,-0.61401689,-0.63541919,0.46821499,0
1.9418263,1.2837071,-1.0507834,0.61401689,0.63541919,-0.46821499,0
-1.9942759,-0.20552611,1.3980505,0.0029273182,0.5913713,0.80639404,0
-0.15087831,0.061391354,-1.284562,-0.0029273182,-0.5913713,-0.80639404,0
-1.2176628,-0.24899262,-1.0530688,-0.0029273182,-0.5913713,-0.80639404,0
-0.71344501,-1.3921869,-0.21653485,-0.0029273182,-0.5913713,-0.80639404,0
-1.2375689,-1.6568086,1.4680066,-0.61401689,-0.63541919,0.46821499,0
1.5898139,-0.50481689,-0.87565064,-0.0029273182,-0.5913713,-0.80639404,0
-0.47258878,-1.7018996,2.4100068,-0.61401689,-0.63541919,0.46821499,0
-0.5893445,1.3211354,0.27336976,0.0029273182,0.5913713,0.80639404,0
-2.4068792,-0.10408521,0.96342874,-0.78928709,0.49651021,-0.3612518,0
1.1944555,1.7186626,-1.440603,0.61401689,0.63541919,-0.46821499,0
1.2299813,1.4855114,-1.7104251,0.61401689,0.63541919,-0.46821499,0
1.3258264,0.90189815,-1.9063101,-0.0029273182,-0.5913713,-0.80639404,0
2.0230274,1.7109497,-0.36448169,0.61401689,0.63541919,-0.46821499,0
-1.6608161,-0.12283942,-0.69239634,-0.78928709,0.49651021,-0.3612518,0
-0.44439626,-2.0137465,2.0237689,-0.61401689,-0.63541919,0.46821499,0
2.0680957,0.94487453,0.53965497,0.0029273182,0.5913713,0.80639404,0
-1.6819956,-1.0500425,1.7086339,-0.61401689,-0.63541919,0.46821499,0
1.1908792,-0.23505938,-1.0720298,-0.0029273182,-0.5913713,-0.80639404,0
1.4036036,-0.12235066,0.91737813,0.78928709,-0.49651021,0.3612518,0
0.31029439,-1.1173531,1.9385662,0.78928709,-0.49651021,0.3612518,0
2.2364902,0.37550929,-0.2181015,0.78928709,-0.49651021,0.3612518,0
-1.576225,-0.015264213,-0.72936326,-0.78928709,0.49651021,-0.3612518,0
-1.4900199,-1.4180224,1.4610016,-0.61401689,-0.63541919,0.46821499,0
-0.11225915,1.478588,-1.8747598,-0.78928709,0.49651021,-0.3612518,0
2.0536904,0.10519707,-1.3246899,-0.0029273182,-0.5913713,-0.80639404,0
2.5263941,0.87073529,-0.17085648,0.78928709,-0.49651021,0.3612518,0
0.44342017,2.2751229,-1.6703316,0.61401689,0.63541919,-0.46821499,0
2.2528276,1.4653832,-0.39638281,0.61401689,0.63541919,-0.46821499,0
-0.84135556,0.51564878,-1.6052604,-0.78928709,0.49651021,-0.3612518,0
-0.7799809,0.22552341,-1.4026449,-0.0029273182,-0.5913713,-0.80639404,0
-0.94063783,-2.4481964,0.78340173,-0.61401689,-0.63541919,0.46821499,0
-1.4380546,0.42352057,0.93471861,0.0029273182,0.5913713,0.80639404,0
1.119934,1.273559,0.30205536,0.0029273182,0.5913713,0.80639404,0
0.70935357,1.2707186,-2.1745477,-0.0029273182,-0.5913713,-0.80639404,0
1.4460074,1.1567445,-1.8733022,0.61401689,0.63541919,-0.46821499,0
2.7027946,1.1874776,-0.18344474,0.61401689,0.63541919,-0.46821499,0
1.9261222,-0.2097075,-0.34432018,0.78928709,-0.49651021,0.3612518,0
1.6029457,2.0674739,-0.43153405,0.61401689,0.63541919,-0.46821499,0
1.691653,0.60909867,-1.6929128,-0.0029273182,-0.5913713,-0.80639404,0
-2.2852249,-0.69531989,1.3989565,-0.61401689,-0.63541919,0.46821499,0
-1.1987286,-1.8667923,0.13328004,-0.0029273182,-0.5913713,-0.80639404,0
2.5148115,0.067165136,-1.2984726,-0.0029273182,-0.5913713,-0.80639404,0
-1.7381933,0.6349141,0.51813114,-0.78928709,0.49651021,-0.3612518,0
-2.3992236,-0.57176512,0.30391526,-0.78928709,0.49651021,-0.3612518,0
-0.40649724,1.5683367,0.091420263,0.0029273182,0.5913713,0.80639404,0
1.6373558,-0.68659568,-0.36884654,0.78928709,-0.49651021,0.3612518,0
1.6573446,0.66472018,-1.7335784,-0.0029273182,-0.5913713,-0.80639404,0
0.67813313,-0.2279942,1.4048266,0.0029273182,0.5913713,0.80639404,0
0.57752353,1.6722498,0.011643529,0.0029273182,0.5913713,0.80639404,0
-2.1138203,-1.1057656,1.0667164,-0.61401689,-0.63541919,0.46821499,0
-1.0891699,-0.81394362,1.8409493,0.0029273182,0.5913713,0.80639404,0
2.2282593,0.67345595,-1.5033321,0.61401689,0.63541919,-0.46821499,0
2.077755,1.8289154,-0.13261986,0.61401689,0.63541919,-0.46821499,0
0.73995674,-1.3635761,-0.24279246,-0.0029273182,-0.5913713,-0.80639404,0
-1.5662758,0.5354749,0.85308206,0.0029273182,0.5913713,0.80639404,0
-1.3466167,0.90107244,0.02840066,-0.78928709,0.49651021,-0.3612518,0
2.1942492,0.22424024,-0.33371735,0.78928709,-0.49651021,0.3612518,0
0.56979752,2.5023572,-0.59708965,0.0029273182,0.5913713,0.80639404,0
0.97443151,0.32409278,0.99887675,0.0029273182,0.5913713,0.80639404,0
-1.4450145,-1.8682399,0.90902734,-0.61401689,-0.63541919,0.46821499,0
-0.43990493,1.6337535,-0.94563556,-0.78928709,0.49651021,-0.3612518,0
-2.346652,-0.54600811,1.521033,-0.61401689,-0.63541919,0.46821499,0
-2.0450802,-0.70469087,-0.65253627,-0.78928709,0.49651021,-0.3612518,0
-0.58840388,-1.09513,-0.43483609,-0.0029273182,-0.5913713,-0.80639404,0
0.04042244,-0.82544214,1.8452811,0.0029273182,0.5913713,0.80639404,0
-2.7099359,-0.98033369,0.42123699,-0.78928709,0.49651021,-0.3612518,0
2.0797157,1.1725253,-1.0208414,0.61401689,0.63541919,-0.46821499,0
0.48869061,-1.9184687,0.44772863,0.78928709,-0.49651021,0.3612518,0
-1.2532682,-1.8236189,1.2210388,-0.61401689,-0.63541919,0.46821499,0
1.4356365,1.7987498,-0.084240675,0.0029273182,0.5913713,0.80639404,0
1.0415668,0.0092015862,1.2295592,0.0029273182,0.5913713,0.80639404,0
-1.1951578,-0.56775856,-0.81938267,-0.0029273182,-0.5913713,-0.80639404,0
-0.72833943,-0.73095274,-0.70139837,-0.0029273182,-0.5913713,-0.80639404,0
1.5814168,2.04494,-0.49034786,0.61401689,0.63541919,-0.46821499,0
-2.5952871,-0.42389488,0.93552256,-0.78928709,0.49651021,-0.3612518,0
0.92437911,-1.2363248,0.43335691,0.78928709,-0.49651021,0.3612518,0
-0.61506176,1.1210207,-1.2676494,-0.78928709,0.49651021,-0.3612518,0
-0.72254348,-1.7441909,2.024823,-0.61401689,-0.63541919,0.46821499,0
-2.0190113,0.23113787,1.0779119,0.0029273182,0.5913713,0.80639404,0
0.83631432,-0.55418378,-0.836712,-0.0029273182,-0.5913713,-0.80639404,0
1.7700597,0.39171502,0.82326031,0.78928709,-0.49651021,0.3612518,0
-1.1565408,0.60114074,-0.7991215,-0.78928709,0.49651021,-0.3612518,0
-1.5148568,-0.16868365,1.3692918,0.0029273182,0.5913713,0.80639404,0
2.0614374,1.4303173,-0.69495964,0.61401689,0.63541919,-0.46821499,0
-0.7771045,-2.1913388,1.3464434,-0.61401689,-0.63541919,0.46821499,0
1.0836349,0.95525706,0.53561455,0.0029273182,0.5913713,0.80639404,0
-0.27847743,-2.3281143,1.5608649,0.78928709,-0.49651021,0.3612518,0
-0.37835765,-2.6941965,1.1869268,-0.61401689,-0.63541919,0.46821499,0
-2.3782749,-1.5077281,0.17440462,-0.61401689,-0.63541919,0.46821499,0
0.54746294,-1.3972028,-0.21743347,-0.0029273182,-0.5913713,-0.80639404,0
1.8671122,1.2140077,-1.2433531,0.61401689,0.63541919,-0.46821499,0
1.8391973,-0.55867666,-0.63402879,0.78928709,-0.49651021,0.3612518,0
0.55147666,-1.3488886,-0.25287938,-0.0029273182,-0.5913713,-0.80639404,0
0.31323448,1.4077976,0.20653939,0.0029273182,0.5913713,0.80639404,0
-2.7133999,-0.39920223,1.2393124,-0.61401689,-0.63541919,0.46821499,0
-0.75040972,-0.53784847,1.6372446,0.0029273182,0.5913713,0.80639404,0
2.151993,1.3507887,-0.68413401,0.61401689,0.63541919,-0.46821499,0
-2.1354375,-1.0478044,1.117028,-0.61401689,-0.63541919,0.46821499,0
-0.51134467,-2.2412784,1.6271868,-0.61401689,-0.63541919,0.46821499,0
0.29112938,-0.043194771,-1.2094679,-0.0029273182,-0.5913713,-0.80639404,0
-1.9328384,-1.9280403,0.18814015,-0.61401689,-0.63541919,0.46821499,0
-0.091006041,-2.1092105,1.4521301,0.78928709,-0.49651021,0.3612518,0
-1.9593831,0.25507939,0.47935033,-0.78928709,0.49651021,-0.3612518,0
-0.90364063,-1.5436485,2.0594904,-0.61401689,-0.63541919,0.46821499,0
1.8960872,1.8018339,-0.40761137,0.61401689,0.63541919,-0.46821499,0
-1.5147126,-0.75161415,-0.68339169,-0.0029273182,-0.5913713,-0.80639404,0
1.2496424,-1.1842685,-0.20575345,0.78928709,-0.49651021,0.3612518,0
-1.8723849,-0.19742441,-0.33265758,-0.78928709,0.49651021,-0.3612518,0
0.70561743,-0.97830015,1.2659549,0.78928709,-0.49651021,0.3612518,0
1.8092692,0.34098387,-1.4967172,-0.0029273182,-0.5913713,-0.80639404,0
1.4046381,-0.85861105,-0.096809745,0.78928709,-0.49651021,0.3612518,0
1.4896588,1.0643921,-1.9413903,0.61401689,0.63541919,-0.46821499,0
2.1051073,0.25690395,-0.094060659,0.78928709,-0.49651021,0.3612518,0
-2.684299,-1.4181871,-0.10539818,-0.61401689,-0.63541919,0.46821499,0
0.52991819,-0.33946282,1.4871104,0.0029273182,0.5913713,0.80639404,0
2.3761854,0.74986655,-1.2056451,0.61401689,0.63541919,-0.46821499,0
1.8912338,1.1364368,-1.3169918,0.61401689,0.63541919,-0.46821499,0
-0.84027398,0.72479165,-1.320174,-0.78928709,0.49651021,-0.3612518,0
-0.86528206,-0.89311165,-0.58198166,-0.0029273182,-0.5913713,-0.80639404,0
-1.7988892,-1.3093959,1.2033682,-0.61401689,-0.63541919,0.46821499,0
1.6022952,-0.045473933,-1.2125561,-0.0029273182,-0.5913713,-0.80639404,0
0.76414144,1.8629611,-1.8090869,0.61401689,0.63541919,-0.46821499,0
1.07065,0.5910393,-1.6774145,-0.0029273182,-0.5913713,-0.80639404,0
2.2516882,0.31082547,-0.34020972,0.78928709,-0.49651021,0.3612518,0
-0.98898852,-1.3706343,2.1823637,-0.61401689,-0.63541919,0.46821499,0
-2.6129832,-1.3644776,0.061014891,-0.61401689,-0.63541919,0.46821499,0
1.0832912,-0.35412964,1.2986579,0.78928709,-0.49651021,0.3612518,0
1.7515843,1.6269805,-0.83440733,0.61401689,0.63541919,-0.46821499,0
0.15328383,-0.53956038,1.6352195,0.0029273182,0.5913713,0.80639404,0
2.0541215,1.7470158,-0.27475929,0.61401689,0.63541919,-0.46821499,0
-0.66846788,-2.0846598,0.29112852,-0.0029273182,-0.5913713,-0.80639404,0
0.48197663,2.5931308,-0.66334009,0.0029273182,0.5913713,0.80639404,0
-1.5419352,-1.6210194,1.1174304,-0.61401689,-0.63541919,0.46821499,0
0.30547619,1.3959312,-2.2649064,-0.0029273182,-0.5913713,-0.80639404,0
-1.2483951,-2.1276817,0.81478286,-0.61401689,-0.63541919,0.46821499,0
-0.39850211,-2.1209669,0.31677473,-0.0029273182,-0.5913713,-0.80639404,0
-1.0455954,-2.4038174,0.70598769,-0.61401689,-0.63541919,0.46821499,0
1.127435,-0.5954352,0.87055504,0.78928709,-0.49651021,0.3612518,0
0.061278701,0.15863109,-1.3566431,-0.0029273182,-0.5913713,-0.80639404,0
0.1533165,1.5463247,-2.3619089,-0.78928709,0.49651021,-0.3612518,0
0.51016116,1.9156704,-2.0706248,0.61401689,0.63541919,-0.46821499,0
1.1450803,1.3765579,-1.9696262,0.61401689,0.63541919,-0.46821499,0
-0.8222549,1.3753946,-0.46534431,-0.78928709,0.49651021,-0.3612518,0
-0.19303867,0.92300045,0.56390429,0.0029273182,0.5913713,0.80639404,0
1.5229304,1.7755089,-0.067513704,0.0029273182,0.5913713,0.80639404,0
-0.27253783,-2.288094,0.43888032,-0.0029273182,-0.5913713,-0.80639404,0
-1.3968052,1.0984266,0.43962491,0.0029273182,0.5913713,0.80639404,0
-0.034461021,-2.2186675,1.178148,0.78928709,-0.49651021,0.3612518,0
-0.3348124,1.3749106,-1.5310063,-0.78928709,0.49651021,-0.3612518,0
0.73133337,0.38788795,-1.5272015,-0.0029273182,-0.5913713,-0.80639404,0
-0.52470481,1.6992695,-0.6703136,-0.78928709,0.49651021,-0.3612518,0
-1.5611516,-0.19528088,-1.0097141,-0.78928709,0.49651021,-0.3612518,0
-0.05802083,-2.2828095,1.1414648,0.78928709,-0.49651021,0.3612518,0
-0.47603464,0.89655977,-1.8799077,-0.78928709,0.49651021,-0.3612518,0
0.057581186,-1.7283311,1.6509733,0.78928709,-0.49651021,0.3612518,0
1.5323987,1.3208842,-1.5372529,0.61401689,0.63541919,-0.46821499,0
1.5378143,1.3131454,-1.5406535,0.61401689,0.63541919,-0.46821499,0
1.4553862,-0.38346812,0.44535643,0.78928709,-0.49651021,0.3612518,0
2.0611603,1.2226908,0.33594298,0.0029273182,0.5913713,0.80639404,0
-1.3914737,0.32484663,-0.66556692,-0.78928709,0.49651021,-0.3612518,0
1.6083357,1.1439734,-1.6777563,0.61401689,0.63541919,-0.46821499,0
0.25571394,-1.3016349,1.8045374,0.78928709,-0.49651021,0.3612518,0
1.1281797,-0.99954456,0.3135139,0.78928709,-0.49651021,0.3612518,0
1.1485448,-0.85278171,0.47073215,0.78928709,-0.49651021,0.3612518,0
-0.55902851,-2.6257198,1.0429257,-0.61401689,-0.63541919,0.46821499,0
0.075226009,0.094324768,-1.3095345,-0.0029273182,-0.5913713,-0.80639404,0
-2.2835243,-0.56407201,0.061701298,-0.78928709,0.49651021,-0.3612518,0
1.8298485,-0.096481144,0.021645069,0.78928709,-0.49651021,0.3612518,0
2.1984584,0.5575152,0.11514401,0.78928709,-0.49651021,0.3612518,0
-2.2396297,-0.085226059,0.62393117,-0.78928709,0.49651021,-0.3612518,0
1.5644695,-0.33472228,0.27402139,0.78928709,-0.49651021,0.3612518,0
-0.39581823,-2.3443325,1.6388323,-0.61401689,-0.63541919,0.46821499,0
-0.034834623,0.95873964,-1.9430556,-0.0029273182,-0.5913713,-0.80639404,0
-1.7061832,-0.8540203,-0.60759687,-0.0029273182,-0.5913713,-0.80639404,0
-0.74775988,0.17354757,1.115531,0.0029273182,0.5913713,0.80639404,0
2.654964,0.7003125,-0.68599653,0.78928709,-0.49651021,0.3612518,0
-0.62644708,0.1394186,1.1401193,0.0029273182,0.5913713,0.80639404,0
2.1593971,0.7779423,0.50344646,0.78928709,-0.49651021,0.3612518,0
0.56430876,2.2364454,-1.5642891,0.61401689,0.63541919,-0.46821499,0
-1.374573,-0.98271376,-0.51442301,-0.0029273182,-0.5913713,-0.80639404,0
2.004921,-0.43103683,-0.82068336,0.78928709,-0.49651021,0.3612518,0
-1.5152904,-1.2603695,1.641814,-0.61401689,-0.63541919,0.46821499,0
2.3953176,1.2714987,-0.47264385,0.61401689,0.63541919,-0.46821499,0
1.3962665,-0.80260897,-0.001548171,0.78928709,-0.49651021,0.3612518,0
-2.2232695,0.11590946,0.86462879,-0.78928709,0.49651021,-0.3612518,0
-0.032967955,1.099782,0.43368012,0.0029273182,0.5913713,0.80639404,0
0.093527555,-2.413089,0.63129365,0.78928709,-0.49651021,0.3612518,0
-2.4670923,-0.48197681,0.57560587,-0.78928709,0.49651021,-0.3612518,0
0.32830048,2.7111716,-1.1432418,-0.78928709,0.49651021,-0.3612518,0
-2.5433474,-0.65425456,1.1161857,-0.61401689,-0.63541919,0.46821499,0
2.3242526,1.4449911,-0.33038998,0.61401689,0.63541919,-0.46821499,0
-1.8319365,-0.47611734,-0.80407131,-0.78928709,0.49651021,-0.3612518,0
0.094314873,-1.0255828,-0.48831698,-0.0029273182,-0.5913713,-0.80639404,0
-1.5236913,-1.368993,1.4833827,-0.61401689,-0.63541919,0.46821499,0
0.66894448,2.2172673,-1.4530959,0.61401689,0.63541919,-0.46821499,0
0.29144454,-1.5954282,1.3226767,0.78928709,-0.49651021,0.3612518,0
2.1556392,0.90194482,-1.2884822,0.61401689,0.63541919,-0.46821499,0
2.2148952,0.023991585,-0.65405035,0.78928709,-0.49651021,0.3612518,0
1.7262959,-0.68610501,-0.56249416,0.78928709,-0.49651021,0.3612518,0
-0.86526239,0.99274737,-0.89729565,-0.78928709,0.49651021,-0.3612518,0
1.9132485,-0.41053176,-0.94596863,-0.0029273182,-0.5913713,-0.80639404,0
1.11766,1.4415646,0.17885625,0.0029273182,0.5913713,0.80639404,0
-1.2365679,-1.5115488,-0.12710154,-0.0029273182,-0.5913713,-0.80639404,0
1.6859858,-0.28774515,0.073089957,0.78928709,-0.49651021,0.3612518,0
-2.4177227,-0.9981935,0.81416655,-0.61401689,-0.63541919,0.46821499,0
-1.4417257,-2.1318326,0.55561614,-0.61401689,-0.63541919,0.46821499,0
-1.8709008,-1.5803272,0.74124932,-0.61401689,-0.63541919,0.46821499,0
0.42505503,2.3763449,-1.5570476,0.61401689,0.63541919,-0.46821499,0
1.8238909,1.5828327,-0.7994976,0.61401689,0.63541919,-0.46821499,0
-2.4753428,-0.26251876,0.89525867,-0.78928709,0.49651021,-0.3612518,0
-2.1868186,0.034938455,1.2224042,0.0029273182,0.5913713,0.80639404,0
-2.4477966,-0.96167231,0.82429075,-0.61401689,-0.63541919,0.46821499,0
-0.24078774,-2.306854,0.45252275,-0.0029273182,-0.5913713,-0.80639404,0
0.83576751,2.1254206,-1.3589711,0.61401689,0.63541919,-0.46821499,0
-1.3253484,0.19252184,-0.99191147,-0.78928709,0.49651021,-0.3612518,0
2.2506058,0.10677731,-1.3265634,-0.0029273182,-0.5913713,-0.80639404,0
0.82546437,0.35793215,0.97460127,0.0029273182,0.5913713,0.80639404,0
-0.19271009,0.83985585,0.62487739,0.0029273182,0.5913713,0.80639404,0
0.43370783,2.3787022,-0.50591314,0.0029273182,0.5913713,0.80639404,0
-2.1117702,-1.0090491,1.20066,-0.61401689,-0.63541919,0.46821499,0
1.5403776,-0.66833949,-0.13187051,0.78928709,-0.49651021,0.3612518,0
-0.062132373,0.64334905,0.76851219,0.0029273182,0.5913713,0.80639404,0
-1.8013785,-1.2676847,1.2567108,-0.61401689,-0.63541919,0.46821499,0
-1.0941246,-0.28934118,-1.0239275,-0.0029273182,-0.5913713,-0.80639404,0
-0.4147191,0.075324714,-1.2938222,-0.0029273182,-0.5913713,-0.80639404,0
1.1644011,-0.48235559,-0.89057839,-0.0029273182,-0.5913713,-0.80639404,0
0.58687544,1.0288136,-1.9967015,-0.0029273182,-0.5913713,-0.80639404,0
-0.27498132,-0.39853543,-0.94682306,-0.0029273182,-0.5913713,-0.80639404,0
0.56820297,-0.55732244,1.6467392,0.0029273182,0.5913713,0.80639404,0
2.3664045,0.57766604,-1.4521666,0.61401689,0.63541919,-0.46821499,0
0.69233131,-1.4716449,0.61692226,0.78928709,-0.49651021,0.3612518,0
0.89709496,1.9215806,-0.17236388,0.0029273182,0.5913713,0.80639404,0
-1.3820096,-1.7046187,1.2137041,-0.61401689,-0.63541919,0.46821499,0
0.71234739,-1.3471735,0.74426532,0.78928709,-0.49651021,0.3612518,0
0.46258283,1.8170421,-2.2668681,0.61401689,0.63541919,-0.46821499,0
-1.5579964,-0.40485293,-0.93753272,-0.0029273182,-0.5913713,-0.80639404,0
-2.1060812,-0.11853063,1.3346581,0.0029273182,0.5913713,0.80639404,0
1.8637438,-0.22089422,-0.22340679,0.78928709,-0.49651021,0.3612518,0
1.2337002,1.2561458,0.31441224,0.0029273182,0.5913713,0.80639404,0
2.5012822,0.32021952,-0.87262821,0.78928709,-0.49651021,0.3612518,0
-1.5701728,-0.91226482,-0.56537688,-0.0029273182,-0.5913713,-0.80639404,0
2.1798439,0.99429846,0.50300407,0.0029273182,0.5913713,0.80639404,0
-1.8509907,0.32853013,0.34347916,-0.78928709,0.49651021,-0.3612518,0
1.7495526,-0.67176479,-0.59359753,0.78928709,-0.49651021,0.3612518,0
0.77572811,2.2288151,-1.297389,0.61401689,0.63541919,-0.46821499,0
-0.72288144,-1.9892831,1.6917624,-0.61401689,-0.63541919,0.46821499,0
1.0794566,-1.2546619,0.069329768,0.78928709,-0.49651021,0.3612518,0
2.1451688,-0.2799381,-0.91943336,0.78928709,-0.49651021,0.3612518,0
-0.91834289,-1.7553699,0.050550103,-0.0029273182,-0.5913713,-0.80639404,0
-1.474622,0.073406994,-0.82948172,-0.78928709,0.49651021,-0.3612518,0
0.37094998,-2.1579976,0.37576389,0.78928709,-0.49651021,0.3612518,0
-1.9023405,-0.37163842,-0.50665045,-0.78928709,0.49651021,-0.3612518,0
0.34802437,2.003757,-2.1586175,-0.78928709,0.49651021,-0.3612518,0
-2.1190143,-1.7383373,0.201437,-0.61401689,-0.63541919,0.46821499,0
0.90708041,0.80356348,-1.8326762,-0.0029273182,-0.5913713,-0.80639404,0
-2.5882697,-0.58089125,0.7044127,-0.78928709,0.49651021,-0.3612518,0
-1.9735408,0.30685163,1.022222,0.0029273182,0.5913713,0.80639404,0
0.41748786,-1.6712446,0.94308555,0.78928709,-0.49651021,0.3612518,0
-1.6480173,-1.2854474,1.4337225,-0.61401689,-0.63541919,0.46821499,0
1.1920203,1.7879865,-0.075462818,0.0029273182,0.5913713,0.80639404,0
1.5361444,1.6428299,0.029738903,0.0029273182,0.5913713,0.80639404,0
-1.2547617,-1.9612372,0.20274448,-0.0029273182,-0.5913713,-0.80639404,0
-1.7972665,0.045360684,-0.16309369,-0.78928709,0.49651021,-0.3612518,0
-1.8440328,-0.56662357,1.6623168,0.0029273182,0.5913713,0.80639404,0
1.2460186,1.9612606,-1.0437512,0.61401689,0.63541919,-0.46821499,0
0.027087927,-0.60196757,1.6814442,0.0029273182,0.5913713,0.80639404,0
-0.52333677,-1.7132834,0.018251896,-0.0029273182,-0.5913713,-0.80639404,0
0.39972973,2.4249191,-1.5243374,0.61401689,0.63541919,-0.46821499,0
-0.88785839,-1.8165672,0.095318794,-0.0029273182,-0.5913713,-0.80639404,0
1.5651584,-0.84946764,-0.62281048,-0.0029273182,-0.5913713,-0.80639404,0
-0.39781237,-1.6763184,2.4708643,0.0029273182,0.5913713,0.80639404,0
0.50341719,0.21447557,1.0809746,0.0029273182,0.5913713,0.80639404,0
0.14668703,2.4543796,-1.0993799,-0.78928709,0.49651021,-0.3612518,0
0.87056184,-0.50699067,-0.87144566,-0.0029273182,-0.5913713,-0.80639404,0
0.6682992,1.8330727,-1.9753366,0.61401689,0.63541919,-0.46821499,0
1.9514693,1.2522147,-1.0808764,0.61401689,0.63541919,-0.46821499,0
0.12160945,1.9942946,-0.22287393,0.0029273182,0.5913713,0.80639404,0
2.0098457,0.14141074,-0.044662476,0.78928709,-0.49651021,0.3612518,0
-0.89810652,-0.42319477,1.5536993,0.0029273182,0.5913713,0.80639404,0
-2.0670567,-0.607885,-0.47146916,-0.78928709,0.49651021,-0.3612518,0
-1.9054446,-1.6607533,0.58680153,-0.61401689,-0.63541919,0.46821499,0
-0.53828335,-2.1970286,1.6519117,-0.61401689,-0.63541919,0.46821499,0
-0.80588031,0.069808722,1.191819,0.0029273182,0.5913713,0.80639404,0
-0.90743256,0.89130479,-0.94458336,-0.78928709,0.49651021,-0.3612518,0
2.1775608,1.1318128,-0.9477787,0.61401689,0.63541919,-0.46821499,0
0.29544699,0.64966661,-1.7175951,-0.0029273182,-0.5913713,-0.80639404,0
0.29071647,0.94462138,0.54629248,0.0029273182,0.5913713,0.80639404,0
-1.1532466,-1.7510129,0.048207641,-0.0029273182,-0.5913713,-0.80639404,0
-0.59800708,-2.0469086,1.7773184,-0.61401689,-0.63541919,0.46821499,0
0.70185602,2.3946035,-1.1692717,0.61401689,0.63541919,-0.46821499,0
2.1430693,1.0796156,-1.0638475,0.61401689,0.63541919,-0.46821499,0
-1.2675112,0.82322001,-0.25143611,-0.78928709,0.49651021,-0.3612518,0
-1.5974748,-2.0801158,0.42155194,-0.61401689,-0.63541919,0.46821499,0
0.98018658,-1.1400974,0.44368064,0.78928709,-0.49651021,0.3612518,0
-2.2095284,-0.97148955,1.1234324,-0.61401689,-0.63541919,0.46821499,0
-0.25074929,-0.95093685,-0.5418061,-0.0029273182,-0.5913713,-0.80639404,0
-1.7687483,-0.95134461,1.7288101,-0.61401689,-0.63541919,0.46821499,0
-1.4264598,0.51126641,-0.33290881,-0.78928709,0.49651021,-0.3612518,0
2.2479999,1.1703274,-0.80313659,0.61401689,0.63541919,-0.46821499,0
0.638183,-0.4315806,1.5542722,0.0029273182,0.5913713,0.80639404,0
1.553213,-0.7613833,-0.28779519,0.78928709,-0.49651021,0.3612518,0
-1.5161952,-1.8838274,0.79452682,-0.61401689,-0.63541919,0.46821499,0
-0.3056972,1.4623091,-1.4744973,-0.78928709,0.49651021,-0.3612518,0
0.046623707,-1.943251,1.3795253,0.78928709,-0.49651021,0.3612518,0
1.9425195,0.3039726,-1.4700587,-0.0029273182,-0.5913713,-0.80639404,0
1.7557166,1.317645,-1.2487907,0.61401689,0.63541919,-0.46821499,0
1.7889433,0.77630925,-1.8158901,-0.0029273182,-0.5913713,-0.80639404,0
-1.0550693,1.273512,0.30998498,0.0029273182,0.5913713,0.80639404,0
0.24634713,0.28480363,-1.4498439,-0.0029273182,-0.5913713,-0.80639404,0
-0.33467197,2.1805325,-0.42405432,-0.78928709,0.49651021,-0.3612518,0
2.4633341,1.2750942,0.29605293,0.0029273182,0.5913713,0.80639404,0
-1.4042766,0.48698986,-0.41474235,-0.78928709,0.49651021,-0.3612518,0
-0.36882758,1.464321,-1.3338006,-0.78928709,0.49651021,-0.3612518,0
0.40764046,-1.7044238,0.91899902,0.78928709,-0.49651021,0.3612518,0
-1.2939044,0.95290172,-0.015534163,-0.78928709,0.49651021,-0.3612518,0
-0.045422077,2.3259945,-0.85610139,-0.78928709,0.49651021,-0.3612518,0
1.9821967,1.0067022,-1.3737679,0.61401689,0.63541919,-0.46821499,0
1.0793405,1.5165522,-1.8658502,0.61401689,0.63541919,-0.46821499,0
1.1061502,1.7088356,-0.017105818,0.0029273182,0.5913713,0.80639404,0
2.1924655,0.67725152,0.29280519,0.78928709,-0.49651021,0.3612518,0
1.0290408,1.7602751,-0.054549217,0.0029273182,0.5913713,0.80639404,0
-1.3569018,0.57784432,0.82125008,0.0029273182,0.5913713,0.80639404,0
1.8729821,-0.10062307,-0.078288674,0.78928709,-0.49651021,0.3612518,0
-1.9975594,-0.23587894,1.4203217,0.0029273182,0.5913713,0.80639404,0
1.9654727,1.7512,-0.38533521,0.61401689,0.63541919,-0.46821499,0
0.072525024,0.42285842,-1.5504558,-0.0029273182,-0.5913713,-0.80639404,0
-1.5817126,-0.87216341,1.885433,0.0029273182,0.5913713,0.80639404,0
-0.5399332,1.2232932,-1.2912308,-0.78928709,0.49651021,-0.3612518,0
-1.2353956,-0.14210951,1.3487891,0.0029273182,0.5913713,0.80639404,0
-1.7857221,-0.70765853,1.7655332,0.0029273182,0.5913713,0.80639404,0
0.36139625,0.63461876,0.77337706,0.0029273182,0.5913713,0.80639404,0
-0.66036868,-2.2498839,1.4200782,-0.61401689,-0.63541919,0.46821499,0
1.6099991,1.3569586,0.23911488,0.0029273182,0.5913713,0.80639404,0
2.2943473,1.3045812,-0.56015992,0.61401689,0.63541919,-0.46821499,0
-1.1407113,-1.2643081,2.1276917,-0.61401689,-0.63541919,0.46821499,0
-0.5059284,1.9797215,-0.32587951,-0.78928709,0.49651021,-0.3612518,0
-1.9065554,-0.071283132,-0.084628701,-0.78928709,0.49651021,-0.3612518,0
1.0891466,0.4446235,0.91006887,0.0029273182,0.5913713,0.80639404,0
-0.61445725,-2.4712305,1.1798954,-0.61401689,-0.63541919,0.46821499,0
-2.4759724,-0.540797,1.3585141,-0.61401689,-0.63541919,0.46821499,0
-1.7946697,0.12916255,-0.053588033,-0.78928709,0.49651021,-0.3612518,0
-1.3916527,1.1002256,0.40051687,-0.78928709,0.49651021,-0.3612518,0
1.8107305,0.23980471,0.52561212,0.78928709,-0.49651021,0.3612518,0
1.6279776,1.5274165,0.11404395,0.0029273182,0.5913713,0.80639404,0
0.52060461,1.8921314,-2.0888743,0.61401689,0.63541919,-0.46821499,0
-0.79328603,-0.58713341,1.6735436,0.0029273182,0.5913713,0.80639404,0
-1.7714968,-1.3054278,1.2446764,-0.61401689,-0.63541919,0.46821499,0
-2.2641349,-0.78499818,1.3049104,-0.61401689,-0.63541919,0.46821499,0
0.04940486,2.2884228,-1.1149247,-0.78928709,0.49651021,-0.3612518,0
0.088943124,0.88140225,-1.8867894,-0.0029273182,-0.5913713,-0.80639404,0
-1.7476704,0.74029052,0.70353842,0.0029273182,0.5913713,0.80639404,0
1.0646775,1.6451921,-1.710501,0.61401689,0.63541919,-0.46821499,0
-0.091957331,-1.7061982,2.0081143,0.78928709,-0.49651021,0.3612518,0
0.86179268,-0.77255994,1.207505,0.78928709,-0.49651021,0.3612518,0
-0.25278962,-0.1555298,1.3550639,0.0029273182,0.5913713,0.80639404,0
-0.41538489,2.0412545,-0.25536281,0.0029273182,0.5913713,0.80639404,0
-1.6994966,-0.026314262,-0.47521901,-0.78928709,0.49651021,-0.3612518,0
-2.0119903,-1.1610239,-0.38134503,-0.0029273182,-0.5913713,-0.80639404,0
2.312067,-0.079591036,-1.0087237,0.78928709,-0.49651021,0.3612518,0
0.64896095,0.11192894,-1.3245273,-0.0029273182,-0.5913713,-0.80639404,0
-2.3048675,-0.84853554,1.1652665,-0.61401689,-0.63541919,0.46821499,0
0.918679,-1.0839173,0.65528202,0.78928709,-0.49651021,0.3612518,0
-1.5269232,-1.9273503,0.72139311,-0.61401689,-0.63541919,0.46821499,0
2.6512835,0.47993612,-0.98084426,0.78928709,-0.49651021,0.3612518,0
-2.4548764,-1.1807345,0.51771522,-0.61401689,-0.63541919,0.46821499,0
-1.0845878,0.42694968,0.93092072,0.0029273182,0.5913713,0.80639404,0
-0.23923349,0.23167598,-1.4091198,-0.0029273182,-0.5913713,-0.80639404,0
-1.324881,-1.7028002,1.29109,-0.61401689,-0.63541919,0.46821499,0
-0.53661942,1.3816786,0.22877885,0.0029273182,0.5913713,0.80639404,0
2.3031194,0.62552857,-1.4702041,0.61401689,0.63541919,-0.46821499,0
0.10804319,1.8541567,-1.8399043,-0.78928709,0.49651021,-0.3612518,0
0.77478123,-0.87156212,1.2615433,0.78928709,-0.49651021,0.3612518,0
1.1184416,0.55308771,-1.6497563,-0.0029273182,-0.5913713,-0.80639404,0
1.950382,0.86746526,-1.6044488,0.61401689,0.63541919,-0.46821499,0
-1.6391172,-0.92704237,1.9258869,0.0029273182,0.5913713,0.80639404,0
-0.43579769,1.0370958,-1.7746661,-0.78928709,0.49651021,-0.3612518,0
0.35852781,-0.73991185,-0.69877356,-0.0029273182,-0.5913713,-0.80639404,0
0.18422937,2.6571364,-0.70919812,0.0029273182,0.5913713,0.80639404,0
-0.35668492,1.868088,-0.80538762,-0.78928709,0.49651021,-0.3612518,0
1.9027417,1.8835936,-0.28792763,0.61401689,0.63541919,-0.46821499,0
-1.9685342,-1.6122166,0.56993556,-0.61401689,-0.63541919,0.46821499,0
-2.0936012,-1.8276849,0.11350894,-0.61401689,-0.63541919,0.46821499,0
2.2440345,1.1404388,-0.84889865,0.61401689,0.63541919,-0.46821499,0
0.078900099,2.1877427,-0.36458445,0.0029273182,0.5913713,0.80639404,0
-0.52327812,-0.93955487,-0.54916382,-0.0029273182,-0.5913713,-0.80639404,0
-0.28488207,0.5590905,0.83111191,0.0029273182,0.5913713,0.80639404,0
0.0071014166,2.2520213,-0.41146278,0.0029273182,0.5913713,0.80639404,0
-2.4932222,-0.62714493,1.2187099,-0.61401689,-0.63541919,0.46821499,0
-1.3112277,-1.6944505,1.3203263,-0.61401689,-0.63541919,0.46821499,0
-1.5185452,-1.1537582,1.7822287,-0.61401689,-0.63541919,0.46821499,0
-0.24715352,-0.14312226,-1.134232,-0.0029273182,-0.5913713,-0.80639404,0
0.8635484,1.7645789,-1.8122404,0.61401689,0.63541919,-0.46821499,0
-1.207145,0.43183869,-0.92124897,-0.78928709,0.49651021,-0.3612518,0
-0.58546448,-0.84747761,-0.61646318,-0.0029273182,-0.5913713,-0.80639404,0
2.6410165,1.3987509,0.022260904,0.61401689,0.63541919,-0.46821499,0
1.1648858,-0.78741837,0.52486551,0.78928709,-0.49651021,0.3612518,0
-1.9416108,-1.4345508,0.84635472,-0.61401689,-0.63541919,0.46821499,0
0.62948942,-1.4621894,0.76721931,0.78928709,-0.49651021,0.3612518,0
