0.13961342,2.7590461,2.830708,0.70535773,-0.32143909,0.6317811,0
0.88704634,-1.9278772,-0.38839412,0.70535773,-0.32143909,0.6317811,0
2.0430856,-2.5309939,-2.5612736,0.66942441,0.59516799,-0.44457391,0
-1.8186904,1.756464,1.8622671,-0.66942441,-0.59516799,0.44457391,0
-0.3681038,3.1094329,3.3450394,-0.23311245,0.73651338,0.63498557,0
-0.54930753,-0.28012237,-1.1120687,-0.70535773,0.32143909,-0.6317811,0
0.38958675,0.27850822,1.289569,0.70535773,-0.32143909,0.6317811,0
0.23957512,0.76616871,1.705164,0.70535773,-0.32143909,0.6317811,0
-0.020231724,-1.7049196,-0.063560307,-0.66942441,-0.59516799,0.44457391,0
-1.4140794,2.4744473,3.4327083,-0.66942441,-0.59516799,0.44457391,0
-1.0672265,0.83329177,1.7579106,-0.66942441,-0.59516799,0.44457391,0
1.9140948,-2.6415515,-2.9035108,0.66942441,0.59516799,-0.44457391,0
1.0779356,-2.7015653,-3.5575309,0.23311245,-0.73651338,-0.63498557,0
2.2342343,-2.8849421,-2.7472916,0.66942441,0.59516799,-0.44457391,0
-1.4863467,2.269093,3.048975,-0.66942441,-0.59516799,0.44457391,0
0.54143417,-3.2283287,-3.143501,0.23311245,-0.73651338,-0.63498557,0
0.38138369,2.3286483,2.3418026,0.70535773,-0.32143909,0.6317811,0
0.64898556,-0.67148525,-2.171067,0.66942441,0.59516799,-0.44457391,0
0.78818226,-3.9716649,-1.8808564,-0.66942441,-0.59516799,0.44457391,0
-1.0707419,0.77789819,1.6784594,-0.66942441,-0.59516799,0.44457391,0
0.71559829,-3.6038327,-2.6440196,0.23311245,-0.73651338,-0.63498557,0
-1.7460649,2.3756456,2.8005462,-0.66942441,-0.59516799,0.44457391,0
0.16871607,-2.0629234,-2.8207703,-0.70535773,0.32143909,-0.6317811,0
0.79456496,-4.0328741,-1.9531887,-0.66942441,-0.59516799,0.44457391,0
-0.40446395,3.1751316,3.2554877,-0.23311245,0.73651338,0.63498557,0
0.03166765,2.6025493,1.2824713,0.66942441,0.59516799,-0.44457391,0
-0.86432391,3.4150784,2.8083544,-0.23311245,0.73651338,0.63498557,0
-1.1712905,3.8268094,2.2181001,-0.23311245,0.73651338,0.63498557,0
-0.87995291,0.81048971,-0.18803233,-0.70535773,0.32143909,-0.6317811,0
1.0833828,-3.3539476,-1.3331553,0.70535773,-0.32143909,0.6317811,0
0.90394902,1.0542508,0.52315694,0.66942441,0.59516799,-0.44457391,0
-0.79175937,4.0225763,1.9436266,0.66942441,0.59516799,-0.44457391,0
1.2532508,-3.3057976,-2.7923272,0.23311245,-0.73651338,-0.63498557,0
0.029689983,-0.14779162,-1.6911681,-0.70535773,0.32143909,-0.6317811,0
-0.69587255,-1.8509885,-1.7476637,-0.70535773,0.32143909,-0.6317811,0
-1.4479744,1.1281393,1.5793167,-0.66942441,-0.59516799,0.44457391,0
1.7464259,-1.1737306,-1.1909533,0.66942441,0.59516799,-0.44457391,0
-1.266767,3.3185377,2.772588,-0.23311245,0.73651338,0.63498557,0
-0.97616804,4.0655541,2.0128145,-0.23311245,0.73651338,0.63498557,0
1.076583,-4.0532393,-1.9902344,0.23311245,-0.73651338,-0.63498557,0
-0.36745268,3.4001999,1.7493346,0.66942441,0.59516799,-0.44457391,0
1.0175064,-3.4463668,-1.3066283,0.70535773,-0.32143909,0.6317811,0
-0.68631816,0.49403429,1.8772924,-0.66942441,-0.59516799,0.44457391,0
-0.91304654,3.3109355,2.9112618,-0.23311245,0.73651338,0.63498557,0
-1.0471798,3.5606441,2.5723853,-0.23311245,0.73651338,0.63498557,0
-0.084194243,3.6743767,2.7939942,-0.23311245,0.73651338,0.63498557,0
0.5316025,2.7712457,2.261097,0.66942441,0.59516799,-0.44457391,0
-1.0022777,2.8757815,3.3832345,-0.23311245,0.73651338,0.63498557,0
0.58852279,0.10111201,-1.2278044,0.66942441,0.59516799,-0.44457391,0
0.69390184,-3.4966779,-2.7762723,0.23311245,-0.73651338,-0.63498557,0
-0.83347636,0.53104198,1.70525,-0.66942441,-0.59516799,0.44457391,0
0.043550909,2.5299165,1.2031279,0.66942441,0.59516799,-0.44457391,0
-1.2405062,3.5138569,2.5556803,-0.23311245,0.73651338,0.63498557,0
1.7241039,-2.5766504,-1.6530191,0.70535773,-0.32143909,0.6317811,0
-1.1658437,3.3655117,2.7551539,-0.23311245,0.73651338,0.63498557,0
-1.5069394,3.0930879,2.9459143,-0.23311245,0.73651338,0.63498557,0
0.14468455,-3.4106975,-3.077626,0.23311245,-0.73651338,-0.63498557,0
-0.78184211,2.3538196,3.6533031,0.70535773,-0.32143909,0.6317811,0
-0.13284844,-1.0884399,-1.9882858,-0.70535773,0.32143909,-0.6317811,0
-0.132577,3.2636144,3.2526708,-0.23311245,0.73651338,0.63498557,0
-1.3233637,3.1929841,2.8974395,-0.23311245,0.73651338,0.63498557,0
0.39049399,2.7189057,1.9785504,0.66942441,0.59516799,-0.44457391,0
-1.7683918,3.0246742,2.9292841,-0.23311245,0.73651338,0.63498557,0
-0.038667142,2.8170404,1.4637108,0.66942441,0.59516799,-0.44457391,0
0.8337937,-2.3047419,-0.5206818,0.70535773,-0.32143909,0.6317811,0
-0.95137393,1.4197825,0.20170355,-0.70535773,0.32143909,-0.6317811,0
-0.17242372,3.4226816,3.0535421,-0.23311245,0.73651338,0.63498557,0
-0.79393446,1.8174272,3.3938971,0.70535773,-0.32143909,0.6317811,0
-0.7273156,0.15197751,-0.69348502,-0.70535773,0.32143909,-0.6317811,0
0.51281548,0.31796914,-1.051487,0.66942441,0.59516799,-0.44457391,0
-0.14864129,2.0954037,2.8148832,0.70535773,-0.32143909,0.6317811,0
-1.4135324,1.3878083,0.70141673,-0.70535773,0.32143909,-0.6317811,0
2.265758,-2.8823109,-2.6963019,0.66942441,0.59516799,-0.44457391,0
0.14580849,-0.72389436,1.0517328,0.70535773,-0.32143909,0.6317811,0
-1.2790923,1.6813219,0.70065451,-0.70535773,0.32143909,-0.6317811,0
-1.7221801,3.223877,2.7151957,-0.23311245,0.73651338,0.63498557,0
-0.16885048,-2.9047074,-1.8935466,-0.66942441,-0.59516799,0.44457391,0
0.20325875,-2.9569809,-1.403218,-0.66942441,-0.59516799,0.44457391,0
-0.38184834,3.2077653,3.2259388,-0.23311245,0.73651338,0.63498557,0
-0.27221879,2.2688785,3.0411131,0.70535773,-0.32143909,0.6317811,0
1.1860077,-0.4605979,-1.0801141,0.66942441,0.59516799,-0.44457391,0
-1.3040856,0.48440081,0.93418211,-0.66942441,-0.59516799,0.44457391,0
0.88916945,0.2660079,0.72544557,0.70535773,-0.32143909,0.6317811,0
0.16508436,0.46821868,1.6367382,0.70535773,-0.32143909,0.6317811,0
0.58119154,-2.2212553,-3.3618386,-0.70535773,0.32143909,-0.6317811,0
-0.3034333,-1.035569,-1.7709351,-0.70535773,0.32143909,-0.6317811,0
0.93823868,0.79706544,0.94085443,0.70535773,-0.32143909,0.6317811,0
1.9574988,-1.6631583,-1.448826,0.70535773,-0.32143909,0.6317811,0
-0.45128345,-3.0218396,-2.616446,-0.70535773,0.32143909,-0.6317811,0
-0.97691005,3.2596042,2.9473553,-0.23311245,0.73651338,0.63498557,0
1.4727108,-1.8188367,-2.466732,0.66942441,0.59516799,-0.44457391,0
0.75731784,-1.1560948,0.14911166,0.70535773,-0.32143909,0.6317811,0
0.73717964,-3.4381676,-1.2434413,-0.66942441,-0.59516799,0.44457391,0
0.79698491,-0.72770393,0.3227827,0.70535773,-0.32143909,0.6317811,0
1.3179202,-1.2694166,-1.964281,0.66942441,0.59516799,-0.44457391,0
1.0985274,-2.963609,-3.2460296,0.23311245,-0.73651338,-0.63498557,0
0.43562809,0.98200351,-0.2787452,0.66942441,0.59516799,-0.44457391,0
1.2470086,-3.3474014,-2.7463632,0.23311245,-0.73651338,-0.63498557,0
-0.1436286,-0.47719806,1.3942304,-0.66942441,-0.59516799,0.44457391,0
0.72590649,-3.3544846,-1.1483859,-0.66942441,-0.59516799,0.44457391,0
-0.57016087,0.25676689,1.7345594,-0.66942441,-0.59516799,0.44457391,0
-0.35234165,-3.3189321,-2.8780656,-0.70535773,0.32143909,-0.6317811,0
2.2243762,-3.0320961,-2.7532768,0.23311245,-0.73651338,-0.63498557,0
-1.3931758,3.3499761,2.6897168,-0.23311245,0.73651338,0.63498557,0
-1.8376627,2.6658239,3.0510941,-0.66942441,-0.59516799,0.44457391,0
0.8362124,-3.5425568,-2.6708136,0.23311245,-0.73651338,-0.63498557,0
-0.10715449,3.2940302,3.2267246,-0.23311245,0.73651338,0.63498557,0
1.5237657,-3.8234866,-2.092555,0.23311245,-0.73651338,-0.63498557,0
-1.6774949,3.2475159,2.7041812,-0.23311245,0.73651338,0.63498557,0
-0.016885877,-2.3889208,-0.97422045,-0.66942441,-0.59516799,0.44457391,0
0.10560673,-2.8495882,-3.1505527,-0.70535773,0.32143909,-0.6317811,0
1.386291,-3.3179023,-1.6530007,0.70535773,-0.32143909,0.6317811,0
-1.3946867,2.4469318,3.4250731,-0.66942441,-0.59516799,0.44457391,0
0.30068547,-3.3371179,-3.1057,0.23311245,-0.73651338,-0.63498557,0
0.68811029,-2.8164291,-3.5674119,0.23311245,-0.73651338,-0.63498557,0
-0.47686744,-2.3519385,-1.6173356,-0.66942441,-0.59516799,0.44457391,0
-2.1606207,3.2048695,2.5762844,-0.23311245,0.73651338,0.63498557,0
-0.070234835,-2.0973921,-2.5715287,-0.70535773,0.32143909,-0.6317811,0
0.72705609,-1.2414299,0.13948059,0.70535773,-0.32143909,0.6317811,0
2.1227911,-2.9760425,-2.8555861,0.23311245,-0.73651338,-0.63498557,0
-1.3485016,3.175941,2.9079788,-0.23311245,0.73651338,0.63498557,0
-0.79117799,0.54625493,1.7893078,-0.66942441,-0.59516799,0.44457391,0
-0.49513531,2.8606853,3.5869236,-0.23311245,0.73651338,0.63498557,0
0.21728382,1.0823678,-0.47315907,0.66942441,0.59516799,-0.44457391,0
-0.36323428,1.6278046,-0.34909213,-0.70535773,0.32143909,-0.6317811,0
0.15784782,2.6259811,1.5038378,0.66942441,0.59516799,-0.44457391,0
-1.3183963,2.7802162,1.3036339,-0.70535773,0.32143909,-0.6317811,0
-0.46942434,-1.947872,-1.0651891,-0.66942441,-0.59516799,0.44457391,0
-1.080741,3.5457673,2.5773201,-0.23311245,0.73651338,0.63498557,0
1.284976,-3.5200758,-2.5321414,0.23311245,-0.73651338,-0.63498557,0
-0.39003557,3.2223072,1.4771786,0.66942441,0.59516799,-0.44457391,0
-0.20184621,-0.37475336,1.4437149,-0.66942441,-0.59516799,0.44457391,0
-0.72984344,3.3040855,2.9864638,-0.23311245,0.73651338,0.63498557,0
-1.5799181,1.6821076,2.1222589,-0.66942441,-0.59516799,0.44457391,0
-0.93091297,3.7443485,2.4019914,-0.23311245,0.73651338,0.63498557,0
1.5897547,-3.7814531,-2.1170835,0.23311245,-0.73651338,-0.63498557,0
0.21552199,3.2665741,3.0041807,0.70535773,-0.32143909,0.6317811,0
-0.75735915,2.7937925,3.5682461,-0.23311245,0.73651338,0.63498557,0
-0.21288997,1.835866,-0.11216369,0.66942441,0.59516799,-0.44457391,0
-0.15425614,-1.5850202,-0.10485598,-0.66942441,-0.59516799,0.44457391,0
-0.12784809,1.9685973,0.19358218,0.66942441,0.59516799,-0.44457391,0
-0.18224025,1.6819576,-0.27205509,0.66942441,0.59516799,-0.44457391,0
0.96455097,-3.6752872,-2.4697461,0.23311245,-0.73651338,-0.63498557,0
-0.76782763,0.13595417,1.2751827,-0.66942441,-0.59516799,0.44457391,0
-0.81112647,3.8205018,1.6439394,0.66942441,0.59516799,-0.44457391,0
-0.80544388,4.0122743,2.1372886,-0.23311245,0.73651338,0.63498557,0
-1.0499774,3.9012237,2.1763232,-0.23311245,0.73651338,0.63498557,0
0.86072218,1.8511735,1.524938,0.66942441,0.59516799,-0.44457391,0
-0.64204264,3.0716414,0.89601195,0.66942441,0.59516799,-0.44457391,0
-0.68624121,3.1461711,3.1856337,-0.23311245,0.73651338,0.63498557,0
0.82498652,1.4675757,1.4084396,0.70535773,-0.32143909,0.6317811,0
-0.72678798,2.6600068,0.58196694,-0.70535773,0.32143909,-0.6317811,0
0.84042788,0.11031434,-0.83617473,0.66942441,0.59516799,-0.44457391,0
1.9217085,-3.1605046,-2.170691,0.70535773,-0.32143909,0.6317811,0
0.25955221,-1.7286303,-2.7521029,-0.70535773,0.32143909,-0.6317811,0
-0.53553551,-1.201434,-0.16545199,-0.66942441,-0.59516799,0.44457391,0
-0.78609782,3.3638353,2.8965087,-0.23311245,0.73651338,0.63498557,0
-0.53640711,-0.1917544,1.184932,-0.66942441,-0.59516799,0.44457391,0
-1.3919928,3.7312071,2.2479649,-0.23311245,0.73651338,0.63498557,0
-0.93096596,-1.0240893,-0.52345967,-0.66942441,-0.59516799,0.44457391,0
1.208221,-0.76696396,-1.4568102,0.66942441,0.59516799,-0.44457391,0
1.5141983,-1.3661767,-1.7982686,0.66942441,0.59516799,-0.44457391,0
0.081785768,1.1341257,2.0685394,0.70535773,-0.32143909,0.6317811,0
0.80714571,-3.3447869,-2.9108758,0.23311245,-0.73651338,-0.63498557,0
0.82065129,-1.7082987,-3.3006001,0.66942441,0.59516799,-0.44457391,0
-0.84485567,3.3257618,2.9190989,-0.23311245,0.73651338,0.63498557,0
-2.0648155,3.1563139,2.6677747,-0.23311245,0.73651338,0.63498557,0
-0.62194002,3.7878184,2.4649997,-0.23311245,0.73651338,0.63498557,0
-1.6935813,3.6098831,2.1446326,-0.70535773,0.32143909,-0.6317811,0
1.297761,-1.6113485,-2.4523935,0.66942441,0.59516799,-0.44457391,0
0.63968617,2.0307291,1.432487,0.66942441,0.59516799,-0.44457391,0
1.4515796,-0.12303855,-0.22832161,0.66942441,0.59516799,-0.44457391,0
0.44011617,2.6356297,1.9417847,0.66942441,0.59516799,-0.44457391,0
0.78548986,-2.4245946,-0.5277316,0.70535773,-0.32143909,0.6317811,0
1.1769683,-0.96712899,-1.7718378,0.66942441,0.59516799,-0.44457391,0
-0.7516824,3.25652,0.97842455,0.66942441,0.59516799,-0.44457391,0
2.2804294,-3.0432642,-2.7197449,0.23311245,-0.73651338,-0.63498557,0
-0.5683502,-1.1360263,-0.1272995,-0.66942441,-0.59516799,0.44457391,0
-0.1828962,2.6552932,3.137989,0.70535773,-0.32143909,0.6317811,0
0.63201678,-1.3599585,0.18528286,0.70535773,-0.32143909,0.6317811,0
1.0844314,-1.0850062,-2.0689833,0.66942441,0.59516799,-0.44457391,0
1.8022146,-1.9221399,-1.4072232,0.70535773,-0.32143909,0.6317811,0
0.4452194,-3.8642187,-2.4412603,0.23311245,-0.73651338,-0.63498557,0
0.53236347,-2.8420358,-0.7537818,-0.66942441,-0.59516799,0.44457391,0
0.54749739,1.849184,1.0506315,0.66942441,0.59516799,-0.44457391,0
-0.98399228,2.043103,0.55525512,-0.70535773,0.32143909,-0.6317811,0
-0.12416524,0.35179564,1.9004394,0.70535773,-0.32143909,0.6317811,0
1.8886478,-2.1840072,-2.3292968,0.66942441,0.59516799,-0.44457391,0
-1.2750442,0.99928248,0.34912515,-0.70535773,0.32143909,-0.6317811,0
0.25081027,2.7152276,2.6842673,0.70535773,-0.32143909,0.6317811,0
0.73467338,-3.5161152,-2.7387593,0.23311245,-0.73651338,-0.63498557,0
1.9256661,-1.9491584,-1.9591545,0.66942441,0.59516799,-0.44457391,0
0.65154374,1.5069022,0.74907506,0.66942441,0.59516799,-0.44457391,0
-0.95539647,0.65721017,-0.18178871,-0.70535773,0.32143909,-0.6317811,0
-0.44466361,-1.8690953,-0.92244399,-0.66942441,-0.59516799,0.44457391,0
-0.19642448,3.5349696,2.187284,0.66942441,0.59516799,-0.44457391,0
1.6859083,-2.1973162,-2.6523912,0.66942441,0.59516799,-0.44457391,0
-1.3110805,2.9313848,1.372378,-0.70535773,0.32143909,-0.6317811,0
-0.58482307,-2.5415845,-2.0337782,-0.66942441,-0.59516799,0.44457391,0
-0.3857882,3.6794293,2.0955405,0.66942441,0.59516799,-0.44457391,0
0.46865672,-1.2282946,0.43465593,0.70535773,-0.32143909,0.6317811,0
0.67234427,-0.58864838,-2.0249972,0.66942441,0.59516799,-0.44457391,0
0.18584627,-3.7317653,-2.4666696,-0.66942441,-0.59516799,0.44457391,0
-0.35468408,-1.1245216,0.20983349,-0.66942441,-0.59516799,0.44457391,0
-1.2918351,3.9365749,2.0465302,-0.23311245,0.73651338,0.63498557,0
0.59484071,-0.29160497,-1.744036,0.66942441,0.59516799,-0.44457391,0
1.0629413,-2.5148606,-3.7795928,0.23311245,-0.73651338,-0.63498557,0
0.6942566,1.0148978,0.15472583,0.66942441,0.59516799,-0.44457391,0
-1.171797,3.6147065,2.4639297,-0.23311245,0.73651338,0.63498557,0
1.6796021,-2.3026085,-2.802846,0.66942441,0.59516799,-0.44457391,0
1.1224607,-3.7708278,-2.3009586,0.23311245,-0.73651338,-0.63498557,0
0.45112684,0.45122844,-0.96597636,0.66942441,0.59516799,-0.44457391,0
-0.83603489,3.1203828,0.93816793,-0.70535773,0.32143909,-0.6317811,0
-1.436723,3.4282134,2.5829833,-0.23311245,0.73651338,0.63498557,0
-1.2233679,-0.21043792,0.12551719,-0.66942441,-0.59516799,0.44457391,0
-0.99732602,3.7031577,2.4253874,-0.23311245,0.73651338,0.63498557,0
-1.4379027,2.3387516,1.2124482,-0.70535773,0.32143909,-0.6317811,0
-0.32719064,-1.0643075,0.33184308,-0.66942441,-0.59516799,0.44457391,0
0.53688872,1.9540102,1.1749921,0.66942441,0.59516799,-0.44457391,0
1.7764446,-1.0101137,-0.92671221,0.66942441,0.59516799,-0.44457391,0
1.1890737,-3.4502876,-1.5001707,0.70535773,-0.32143909,0.6317811,0
0.026827186,-0.1959857,-1.7124922,-0.70535773,0.32143909,-0.6317811,0
-0.96130186,2.9190137,3.3481326,-0.23311245,0.73651338,0.63498557,0
1.3892475,-3.3597076,-2.6798711,0.23311245,-0.73651338,-0.63498557,0
-0.39216387,2.2300072,0.1455434,0.66942441,0.59516799,-0.44457391,0
-2.1129606,2.9388494,2.9023347,-0.23311245,0.73651338,0.63498557,0
-0.82890934,3.1552238,3.1227582,-0.23311245,0.73651338,0.63498557,0
-0.43028286,-2.5951121,-2.422781,-0.70535773,0.32143909,-0.6317811,0
-0.5706079,1.7234726,3.0967593,0.70535773,-0.32143909,0.6317811,0
-0.15730375,3.574894,2.8825433,-0.23311245,0.73651338,0.63498557,0
0.18313336,-2.497318,-3.0578787,-0.70535773,0.32143909,-0.6317811,0
-0.53270757,3.810854,2.4710398,-0.23311245,0.73651338,0.63498557,0
0.93431282,1.3590051,0.97686362,0.66942441,0.59516799,-0.44457391,0
0.58660668,-0.27856284,-1.7389748,0.66942441,0.59516799,-0.44457391,0
0.1993131,-1.6230918,0.37656885,-0.66942441,-0.59516799,0.44457391,0
0.77336836,-3.0304856,-3.2878306,0.23311245,-0.73651338,-0.63498557,0
0.35453367,-3.4031549,-3.0093358,0.23311245,-0.73651338,-0.63498557,0
-1.1086278,-0.97846019,-0.72989142,-0.66942441,-0.59516799,0.44457391,0
0.3156451,0.93033922,-0.52857637,0.66942441,0.59516799,-0.44457391,0
0.75918937,-0.51671034,-1.7979227,0.66942441,0.59516799,-0.44457391,0
-0.52685583,3.6328158,2.6796923,-0.23311245,0.73651338,0.63498557,0
1.7523069,-1.1804016,-0.97411978,0.70535773,-0.32143909,0.6317811,0
1.5692649,-2.0254071,-1.1996845,0.70535773,-0.32143909,0.6317811,0
1.1984107,-0.63656372,-0.079022229,0.70535773,-0.32143909,0.6317811,0
-1.4740794,3.2584794,2.7661419,-0.23311245,0.73651338,0.63498557,0
-0.65357476,-0.13374829,1.0861598,-0.66942441,-0.59516799,0.44457391,0
0.0071287751,3.3803325,3.1685786,-0.23311245,0.73651338,0.63498557,0
-1.0244012,1.4934883,2.7062254,-0.66942441,-0.59516799,0.44457391,0
1.7061741,-2.5360525,-1.6123457,0.70535773,-0.32143909,0.6317811,0
0.80095708,0.066458702,-0.95431972,0.66942441,0.59516799,-0.44457391,0
-0.88042021,4.1046772,1.9200355,0.66942441,0.59516799,-0.44457391,0
0.080515683,3.602509,2.9378197,-0.23311245,0.73651338,0.63498557,0
0.45528895,0.60424381,1.3819438,0.70535773,-0.32143909,0.6317811,0
1.4173547,-0.51478606,-0.80430353,0.66942441,0.59516799,-0.44457391,0
-1.1181542,0.71339333,1.5207126,-0.66942441,-0.59516799,0.44457391,0
1.0326765,-0.54187071,-1.4197981,0.66942441,0.59516799,-0.44457391,0
0.23322719,-3.3226495,-3.1472466,0.23311245,-0.73651338,-0.63498557,0
-2.3440351,3.0806527,2.6530275,-0.23311245,0.73651338,0.63498557,0
-1.4187527,1.5323473,0.78078407,-0.70535773,0.32143909,-0.6317811,0
-1.9898952,3.1805704,2.6671443,-0.23311245,0.73651338,0.63498557,0
-0.63465172,-1.6100214,-0.86168933,-0.66942441,-0.59516799,0.44457391,0
-0.47371051,-2.0095785,-2.0763865,-0.70535773,0.32143909,-0.6317811,0
0.14550032,1.1032755,1.9817085,0.70535773,-0.32143909,0.6317811,0
1.09499,0.49103737,0.61014634,0.70535773,-0.32143909,0.6317811,0
0.59490275,-2.5465765,-3.5426645,-0.70535773,0.32143909,-0.6317811,0
-0.10683852,-0.68684191,1.1689693,-0.66942441,-0.59516799,0.44457391,0
-0.70405686,1.6061827,0.020421386,-0.70535773,0.32143909,-0.6317811,0
0.089128375,1.8090395,0.30669165,0.66942441,0.59516799,-0.44457391,0
0.063817978,3.5652752,2.6197195,0.66942441,0.59516799,-0.44457391,0
-1.788681,2.9392941,3.0208669,-0.23311245,0.73651338,0.63498557,0
0.72562683,-0.18359628,-1.4025075,0.66942441,0.59516799,-0.44457391,0
-1.1951047,3.5108948,2.5757837,-0.23311245,0.73651338,0.63498557,0
1.4139409,-3.8643718,-1.9619048,0.70535773,-0.32143909,0.6317811,0
-0.072639346,3.5638452,2.9264407,-0.23311245,0.73651338,0.63498557,0
-0.53300875,3.2853343,3.0804739,-0.23311245,0.73651338,0.63498557,0
0.4299202,-0.0865466,1.058805,0.70535773,-0.32143909,0.6317811,0
0.91904992,-1.87896,-0.39923662,0.70535773,-0.32143909,0.6317811,0
-0.87412053,1.2911478,0.05000633,-0.70535773,0.32143909,-0.6317811,0
1.3773408,-0.24436107,-0.50252688,0.66942441,0.59516799,-0.44457391,0
0.65448928,1.8409348,1.7887514,0.70535773,-0.32143909,0.6317811,0
0.95047092,-3.4816639,-1.2497442,0.70535773,-0.32143909,0.6317811,0
0.92069757,0.084682375,-0.74962187,0.66942441,0.59516799,-0.44457391,0
-1.3633271,0.79649389,1.2627894,-0.66942441,-0.59516799,0.44457391,0
0.98343331,0.058506016,0.51463056,0.70535773,-0.32143909,0.6317811,0
1.4695418,-1.0587126,-1.453897,0.66942441,0.59516799,-0.44457391,0
-0.48477006,3.3371634,3.0380673,-0.23311245,0.73651338,0.63498557,0
-0.63990688,3.9868097,2.1243989,0.66942441,0.59516799,-0.44457391,0
0.56240737,0.1736412,1.0432675,0.70535773,-0.32143909,0.6317811,0
0.62523806,0.27233416,-0.9432981,0.66942441,0.59516799,-0.44457391,0
-1.6936901,3.2638881,2.6792459,-0.23311245,0.73651338,0.63498557,0
-1.6838386,3.3671541,2.5630856,-0.23311245,0.73651338,0.63498557,0
-0.23465252,2.6053801,3.1703777,0.70535773,-0.32143909,0.6317811,0
-0.30371946,-1.5889596,-2.052171,-0.70535773,0.32143909,-0.6317811,0
-0.73649609,4.0095215,2.1657934,-0.23311245,0.73651338,0.63498557,0
0.6942662,-2.8026638,-3.5811186,0.23311245,-0.73651338,-0.63498557,0
0.76699084,-0.71878535,0.36080757,0.70535773,-0.32143909,0.6317811,0
0.067675687,1.2470365,2.1417396,0.70535773,-0.32143909,0.6317811,0
1.4336636,-1.7173938,-0.89157975,0.70535773,-0.32143909,0.6317811,0
-0.79611444,3.4478509,2.7953825,-0.23311245,0.73651338,0.63498557,0
0.39727846,2.484787,2.4034972,0.70535773,-0.32143909,0.6317811,0
0.78502792,-2.2839594,-3.6213164,-0.70535773,0.32143909,-0.6317811,0
-0.040614516,1.0849782,-0.85799897,0.66942441,0.59516799,-0.44457391,0
-0.32573664,3.7246435,2.6470165,-0.23311245,0.73651338,0.63498557,0
1.8820894,-1.9001306,-1.485202,0.70535773,-0.32143909,0.6317811,0
0.10166293,-2.3362074,-0.72514451,-0.66942441,-0.59516799,0.44457391,0
-0.41538799,3.417419,2.9704506,-0.23311245,0.73651338,0.63498557,0
0.037053347,-2.9858317,-1.692108,-0.66942441,-0.59516799,0.44457391,0
-0.4345811,2.8130398,0.86220151,0.66942441,0.59516799,-0.44457391,0
0.77649194,-3.4594395,-2.7891445,0.23311245,-0.73651338,-0.63498557,0
0.16668081,-3.4729638,-2.9973285,0.23311245,-0.73651338,-0.63498557,0
1.1348828,-2.0185905,-3.2428408,0.66942441,0.59516799,-0.44457391,0
0.27419639,-3.1984248,-1.6196326,-0.66942441,-0.59516799,0.44457391,0
-0.10626072,3.3159885,3.2015841,-0.23311245,0.73651338,0.63498557,0
0.4101344,1.4745764,0.34229329,0.66942441,0.59516799,-0.44457391,0
0.49578458,-2.0667284,-0.022211492,0.70535773,-0.32143909,0.6317811,0
0.16284972,-3.7043869,-2.7303095,0.23311245,-0.73651338,-0.63498557,0
-0.11069441,0.99863183,-0.95115459,-0.70535773,0.32143909,-0.6317811,0
0.19007863,0.78727293,1.7711622,0.70535773,-0.32143909,0.6317811,0
0.86929345,-1.5762992,-3.0506437,0.66942441,0.59516799,-0.44457391,0
0.97823,-0.66087419,-1.6610963,0.66942441,0.59516799,-0.44457391,0
0.83009106,0.54280543,-0.27274731,0.66942441,0.59516799,-0.44457391,0
0.59587502,-1.8954275,-3.2124567,-0.70535773,0.32143909,-0.6317811,0
-1.506227,2.7011776,3.400749,-0.23311245,0.73651338,0.63498557,0
0.23325002,1.1315227,-0.38331228,0.66942441,0.59516799,-0.44457391,0
-0.079507172,1.5909013,-0.23926406,0.66942441,0.59516799,-0.44457391,0
-1.8632599,2.2501736,2.4561038,-0.66942441,-0.59516799,0.44457391,0
0.97725964,-2.6023953,-3.7095168,0.23311245,-0.73651338,-0.63498557,0
-1.9616934,3.3367257,2.4963741,-0.23311245,0.73651338,0.63498557,0
0.055657804,-1.6193693,0.16524114,-0.66942441,-0.59516799,0.44457391,0
0.67519987,2.2354918,1.9663724,0.70535773,-0.32143909,0.6317811,0
0.49796623,0.23961318,-1.1787446,0.66942441,0.59516799,-0.44457391,0
1.3600211,-1.0070362,-1.5496283,0.66942441,0.59516799,-0.44457391,0
-1.0227759,3.9900408,2.0832911,-0.23311245,0.73651338,0.63498557,0
-1.6439183,2.975544,3.0319653,-0.23311245,0.73651338,0.63498557,0
0.82312995,-1.8988851,-0.30228347,0.70535773,-0.32143909,0.6317811,0
0.50599104,1.0045429,-0.14262052,0.66942441,0.59516799,-0.44457391,0
0.67227638,1.4456081,0.69823682,0.66942441,0.59516799,-0.44457391,0
1.3255966,-3.0611637,-3.0495167,0.23311245,-0.73651338,-0.63498557,0
-0.35488653,3.0748713,3.3899794,-0.23311245,0.73651338,0.63498557,0
-0.64506805,0.34824064,-0.68545592,-0.70535773,0.32143909,-0.6317811,0
0.065534487,1.3317344,2.187223,0.70535773,-0.32143909,0.6317811,0
-0.70242745,3.000793,3.3483148,-0.23311245,0.73651338,0.63498557,0
0.27791557,1.1689205,-0.26599038,0.66942441,0.59516799,-0.44457391,0
2.1970997,-2.9922643,-2.8094904,0.23311245,-0.73651338,-0.63498557,0
1.8630452,-1.3834364,-1.296093,0.66942441,0.59516799,-0.44457391,0
0.49622291,1.3531044,1.7172498,0.70535773,-0.32143909,0.6317811,0
-0.84331203,-0.27378339,-0.78059947,-0.70535773,0.32143909,-0.6317811,0
0.18214256,3.3162556,2.4645169,0.66942441,0.59516799,-0.44457391,0
-0.39543915,3.7223597,2.6240768,-0.23311245,0.73651338,0.63498557,0
-0.17391685,-1.2058861,0.37310106,-0.66942441,-0.59516799,0.44457391,0
-1.1321051,1.6815709,2.7958417,-0.66942441,-0.59516799,0.44457391,0
-1.3556775,3.7995281,2.1820517,-0.23311245,0.73651338,0.63498557,0
0.7710371,-4.0554638,-2.0998249,0.23311245,-0.73651338,-0.63498557,0
-0.41999388,3.2828851,1.5131655,0.66942441,0.59516799,-0.44457391,0
-0.70435357,1.4513559,3.1076331,0.70535773,-0.32143909,0.6317811,0
-1.6816796,3.6805913,2.2003255,-0.23311245,0.73651338,0.63498557,0
-1.3050457,1.6973467,2.5565536,-0.66942441,-0.59516799,0.44457391,0
1.6744355,-3.3061233,-2.6373267,0.23311245,-0.73651338,-0.63498557,0
0.14798909,-2.3628318,-0.69103134,-0.66942441,-0.59516799,0.44457391,0
-0.064258814,-3.6993263,-2.8195543,0.23311245,-0.73651338,-0.63498557,0
0.84100199,-2.8269639,-3.4990644,0.23311245,-0.73651338,-0.63498557,0
0.53462327,2.2324419,2.1217687,0.70535773,-0.32143909,0.6317811,0
-1.5245556,0.24236578,0.27818471,-0.66942441,-0.59516799,0.44457391,0
0.18078756,2.9801979,2.0125833,0.66942441,0.59516799,-0.44457391,0
-1.6224887,2.0319014,2.5264397,-0.66942441,-0.59516799,0.44457391,0
-0.41013068,3.3390234,1.6031723,0.66942441,0.59516799,-0.44457391,0
1.3944007,0.049212232,0.051073641,0.70535773,-0.32143909,0.6317811,0
-0.79256105,-1.7920477,-1.6097271,-0.70535773,0.32143909,-0.6317811,0
-2.2435346,2.8107224,2.6339271,-0.66942441,-0.59516799,0.44457391,0
-0.10264093,-3.4103277,-3.1688514,0.23311245,-0.73651338,-0.63498557,0
0.94236827,-1.8026139,-0.3864271,0.70535773,-0.32143909,0.6317811,0
0.093066633,-1.750855,-2.5775361,-0.70535773,0.32143909,-0.6317811,0
1.3233502,-1.4970684,-2.2608709,0.66942441,0.59516799,-0.44457391,0
1.4790511,-2.7824709,-3.3164339,0.23311245,-0.73651338,-0.63498557,0
0.70855105,-0.53713149,-1.9015107,0.66942441,0.59516799,-0.44457391,0
-0.30374527,3.2063498,3.2562528,-0.23311245,0.73651338,0.63498557,0
-0.010312811,-0.11951643,1.5335326,0.70535773,-0.32143909,0.6317811,0
0.81905502,-2.925154,-3.3932321,0.23311245,-0.73651338,-0.63498557,0
1.9678912,-3.2883639,-2.5501938,0.23311245,-0.73651338,-0.63498557,0
1.9597719,-3.2650445,-2.5802221,0.23311245,-0.73651338,-0.63498557,0
0.60706908,-1.7158303,-3.1335788,-0.70535773,0.32143909,-0.6317811,0
1.459276,-3.1306458,-2.9198494,0.23311245,-0.73651338,-0.63498557,0
-0.57352507,-2.3463607,-1.7554121,-0.66942441,-0.59516799,0.44457391,0
-1.3268663,0.78973114,0.30036658,-0.70535773,0.32143909,-0.6317811,0
-1.8260983,1.9498675,2.1100295,-0.66942441,-0.59516799,0.44457391,0
-1.2898769,3.8956342,2.0947359,-0.23311245,0.73651338,0.63498557,0
-0.97821099,1.712492,3.0689654,-0.66942441,-0.59516799,0.44457391,0
-0.34480843,-3.1873429,-2.5368736,-0.66942441,-0.59516799,0.44457391,0
-0.19438893,3.0072091,3.3298688,0.70535773,-0.32143909,0.6317811,0
-0.69019699,1.7243025,3.2306981,0.70535773,-0.32143909,0.6317811,0
-0.97569299,1.1104013,2.2667155,-0.66942441,-0.59516799,0.44457391,0
-0.27010247,-0.38283303,-1.476047,-0.70535773,0.32143909,-0.6317811,0
1.0061165,0.39546692,-0.20494181,0.66942441,0.59516799,-0.44457391,0
0.65113539,-2.7441516,-3.6648202,0.23311245,-0.73651338,-0.63498557,0
-0.64043891,3.6034777,1.6104164,0.66942441,0.59516799,-0.44457391,0
2.0072119,-3.3617704,-2.3685527,0.70535773,-0.32143909,0.6317811,0
-1.0206586,3.0566356,1.1118588,-0.70535773,0.32143909,-0.6317811,0
-0.39431512,3.8159227,2.5159659,-0.23311245,0.73651338,0.63498557,0
1.1934122,0.54899526,0.28261605,0.66942441,0.59516799,-0.44457391,0
-0.17303342,1.5345449,-0.45553875,0.66942441,0.59516799,-0.44457391,0
0.37886208,-2.2562561,-0.20071363,-0.66942441,-0.59516799,0.44457391,0
0.42345011,2.9542549,2.6131349,0.70535773,-0.32143909,0.6317811,0
0.58802104,1.4360483,0.55857021,0.66942441,0.59516799,-0.44457391,0
0.4366231,1.578776,0.52167499,0.66942441,0.59516799,-0.44457391,0
-0.58579171,1.5747887,3.0380638,0.70535773,-0.32143909,0.6317811,0
-0.99451798,3.3908825,2.7886233,-0.23311245,0.73651338,0.63498557,0
-1.0230167,3.0812757,3.1372705,-0.23311245,0.73651338,0.63498557,0
-1.314261,2.0786462,3.0531373,-0.66942441,-0.59516799,0.44457391,0
0.34748301,2.2609725,2.3452191,0.70535773,-0.32143909,0.6317811,0
0.36236,2.6856699,2.5446882,0.70535773,-0.32143909,0.6317811,0
1.9449831,-3.141479,-2.7289739,0.23311245,-0.73651338,-0.63498557,0
-0.58600992,3.5764406,2.7233653,-0.23311245,0.73651338,0.63498557,0
1.218918,-3.5433276,-2.5294228,0.23311245,-0.73651338,-0.63498557,0
1.4300151,-2.6221929,-3.5203407,0.23311245,-0.73651338,-0.63498557,0
0.41760945,-3.4838684,-1.7858201,-0.66942441,-0.59516799,0.44457391,0
-0.24133022,-0.4314214,1.3083975,-0.66942441,-0.59516799,0.44457391,0
-0.51917863,-2.3751838,-1.7121658,-0.66942441,-0.59516799,0.44457391,0
1.217701,-2.7337632,-3.4688749,0.23311245,-0.73651338,-0.63498557,0
0.20229121,0.36069179,1.5404904,0.70535773,-0.32143909,0.6317811,0
1.3014673,0.10502979,0.18322904,0.70535773,-0.32143909,0.6317811,0
0.26400203,-3.2867675,-3.1775682,0.23311245,-0.73651338,-0.63498557,0
1.7200811,-2.908195,-3.0821223,0.23311245,-0.73651338,-0.63498557,0
-0.21766287,3.1078763,3.4020739,-0.23311245,0.73651338,0.63498557,0
0.94566751,-2.5299373,-3.8051584,0.23311245,-0.73651338,-0.63498557,0
-0.65061712,3.2274261,3.1044655,-0.23311245,0.73651338,0.63498557,0
-0.86766988,-0.78780019,-0.11182135,-0.66942441,-0.59516799,0.44457391,0
-1.0731224,0.9109031,0.078722119,-0.70535773,0.32143909,-0.6317811,0
-0.93166518,1.685204,3.1025209,-0.66942441,-0.59516799,0.44457391,0
-1.7337922,3.1106308,2.8422856,-0.23311245,0.73651338,0.63498557,0
0.13409972,-3.0052006,-1.571909,-0.66942441,-0.59516799,0.44457391,0
1.4198327,-1.1236147,-1.6156342,0.66942441,0.59516799,-0.44457391,0
-1.2804906,2.8484674,1.2960386,-0.70535773,0.32143909,-0.6317811,0
-1.6229117,1.8595192,2.2950287,-0.66942441,-0.59516799,0.44457391,0
-0.13203502,2.282747,2.89166,0.70535773,-0.32143909,0.6317811,0
0.56118214,1.3634769,0.42100281,0.66942441,0.59516799,-0.44457391,0
2.0369716,-3.0226905,-2.8329849,0.23311245,-0.73651338,-0.63498557,0
0.88866746,-3.5897851,-2.5967767,0.23311245,-0.73651338,-0.63498557,0
1.3670771,-1.4979904,-2.1962626,0.66942441,0.59516799,-0.44457391,0
0.56458271,-0.6717875,0.61069953,0.70535773,-0.32143909,0.6317811,0
-1.2707772,2.528151,3.6878774,-0.23311245,0.73651338,0.63498557,0
-0.68292958,0.42179677,1.7856879,-0.66942441,-0.59516799,0.44457391,0
0.45908821,-2.1613359,-0.02937603,0.70535773,-0.32143909,0.6317811,0
-0.072894573,0.37041336,1.8526704,0.70535773,-0.32143909,0.6317811,0
0.65590262,-3.1547341,-0.98638177,-0.66942441,-0.59516799,0.44457391,0
0.23478106,2.3079278,1.1938915,0.66942441,0.59516799,-0.44457391,0
0.95205522,0.54606789,0.79772574,0.70535773,-0.32143909,0.6317811,0
-1.5664892,2.9134459,3.1324177,-0.23311245,0.73651338,0.63498557,0
-0.75004756,1.7723286,0.15630019,-0.70535773,0.32143909,-0.6317811,0
0.87694502,-3.9727514,-1.7486546,-0.66942441,-0.59516799,0.44457391,0
-1.7159522,1.8062556,2.0836248,-0.66942441,-0.59516799,0.44457391,0
0.86779577,0.62738931,0.93317288,0.70535773,-0.32143909,0.6317811,0
0.5165323,0.45959949,1.2399756,0.70535773,-0.32143909,0.6317811,0
-0.41525996,2.7102461,0.75368059,0.66942441,0.59516799,-0.44457391,0
-0.92593253,0.72705495,1.8284426,-0.66942441,-0.59516799,0.44457391,0
-0.949058,-1.5937481,-1.3133261,-0.66942441,-0.59516799,0.44457391,0
0.87157071,-3.5258775,-1.1841507,0.70535773,-0.32143909,0.6317811,0
1.1079658,0.66611886,0.68473768,0.70535773,-0.32143909,0.6317811,0
-0.79855037,-1.5815002,-1.0703001,-0.66942441,-0.59516799,0.44457391,0
-0.047013968,-1.5467684,-2.317306,-0.70535773,0.32143909,-0.6317811,0
0.60745084,0.47513017,-0.69859082,0.66942441,0.59516799,-0.44457391,0
-0.41003904,-2.1678631,-1.2702792,-0.66942441,-0.59516799,0.44457391,0
0.61302537,1.9545442,1.8928466,0.70535773,-0.32143909,0.6317811,0
-1.2424009,2.1258771,3.2245719,-0.66942441,-0.59516799,0.44457391,0
0.20882855,1.1898688,-0.34197512,0.66942441,0.59516799,-0.44457391,0
1.1696664,0.78925276,0.56850219,0.66942441,0.59516799,-0.44457391,0
0.39293629,1.175561,-0.083906382,0.66942441,0.59516799,-0.44457391,0
0.9847663,-3.2904873,-2.9086504,0.23311245,-0.73651338,-0.63498557,0
-0.67850196,3.3820853,2.9148407,-0.23311245,0.73651338,0.63498557,0
1.3885932,-2.5127547,-1.2459259,0.70535773,-0.32143909,0.6317811,0
-1.1025153,3.4965808,2.6263771,-0.23311245,0.73651338,0.63498557,0
-0.644894,1.7926521,3.2148943,0.70535773,-0.32143909,0.6317811,0
1.2818687,-2.9589665,-3.1841073,0.23311245,-0.73651338,-0.63498557,0
0.47150859,0.6574223,-0.65924656,0.66942441,0.59516799,-0.44457391,0
-0.43747336,0.95128828,2.5552464,0.70535773,-0.32143909,0.6317811,0
1.3596282,-3.033268,-3.0693793,0.23311245,-0.73651338,-0.63498557,0
-0.35210916,-2.270648,-2.3449769,-0.70535773,0.32143909,-0.6317811,0
-1.5271602,0.44913846,0.55107725,-0.66942441,-0.59516799,0.44457391,0
1.1872396,-1.9901435,-0.7552278,0.70535773,-0.32143909,0.6317811,0
-1.6273906,1.600342,1.0483139,-0.70535773,0.32143909,-0.6317811,0
1.0016588,-3.2353806,-1.181589,0.70535773,-0.32143909,0.6317811,0
1.3351722,-2.0641465,-0.9580394,0.70535773,-0.32143909,0.6317811,0
0.82712829,-2.9418194,-3.3709378,0.23311245,-0.73651338,-0.63498557,0
1.8972229,-2.7829909,-3.1182661,0.66942441,0.59516799,-0.44457391,0
2.2688048,-2.5687628,-2.2571423,0.70535773,-0.32143909,0.6317811,0
1.135733,0.64897335,0.64501345,0.70535773,-0.32143909,0.6317811,0
1.3582966,-2.9207106,-3.2004218,0.23311245,-0.73651338,-0.63498557,0
-0.53126502,3.7268815,2.5689673,-0.23311245,0.73651338,0.63498557,0
0.46891072,-0.25953543,-1.8907247,0.66942441,0.59516799,-0.44457391,0
0.40572512,-0.3184101,0.96784973,0.70535773,-0.32143909,0.6317811,0
-0.52587265,3.3763046,2.9775782,-0.23311245,0.73651338,0.63498557,0
1.5361857,-1.4310039,-1.8519475,0.66942441,0.59516799,-0.44457391,0
1.0036497,-3.4518766,-2.7145238,0.23311245,-0.73651338,-0.63498557,0
-0.02484411,-3.6469028,-2.8658903,0.23311245,-0.73651338,-0.63498557,0
1.3349658,-2.3164616,-3.3403332,0.66942441,0.59516799,-0.44457391,0
-2.1165576,2.7308016,2.718132,-0.66942441,-0.59516799,0.44457391,0
1.3390262,-3.6129353,-2.4045916,0.23311245,-0.73651338,-0.63498557,0
1.7288337,-2.845036,-3.1521668,0.23311245,-0.73651338,-0.63498557,0
0.87608492,-2.1582043,-3.6589959,-0.70535773,0.32143909,-0.6317811,0
1.1013713,-0.34794033,-1.0567378,0.66942441,0.59516799,-0.44457391,0
-0.21203959,-3.4941607,-3.1117764,0.23311245,-0.73651338,-0.63498557,0
-1.2361474,2.1232333,0.877545,-0.70535773,0.32143909,-0.6317811,0
0.72640711,-0.45784476,-1.7684796,0.66942441,0.59516799,-0.44457391,0
0.95178592,-0.17876478,0.42924434,0.70535773,-0.32143909,0.6317811,0
-0.45301482,1.0179585,2.6065187,0.70535773,-0.32143909,0.6317811,0
-0.37921143,3.8232694,2.5129895,-0.23311245,0.73651338,0.63498557,0
0.3087374,1.4115307,1.956296,0.70535773,-0.32143909,0.6317811,0
-0.38611907,-1.7636158,-0.69308007,-0.66942441,-0.59516799,0.44457391,0
-0.73451436,-1.8071522,-1.2759655,-0.66942441,-0.59516799,0.44457391,0
1.0959051,-2.6305304,-3.633327,0.23311245,-0.73651338,-0.63498557,0
0.15922928,3.070972,2.101644,0.66942441,0.59516799,-0.44457391,0
1.5863435,-3.7059412,-2.2059212,0.23311245,-0.73651338,-0.63498557,0
0.13403246,1.914745,0.51581883,0.66942441,0.59516799,-0.44457391,0
0.62378329,-0.18059477,-1.5518419,0.66942441,0.59516799,-0.44457391,0
-1.0072641,-0.829898,-0.37837556,-0.66942441,-0.59516799,0.44457391,0
-0.89778328,4.0156984,1.7747719,0.66942441,0.59516799,-0.44457391,0
-1.6542838,3.7082934,2.1782515,-0.23311245,0.73651338,0.63498557,0
-0.63275766,4.0139732,2.1987138,-0.23311245,0.73651338,0.63498557,0
0.23105776,-3.148108,-1.6172282,-0.66942441,-0.59516799,0.44457391,0
-0.81724983,2.8194993,3.5164423,-0.23311245,0.73651338,0.63498557,0
0.40128803,-3.8608508,-2.3150773,-0.66942441,-0.59516799,0.44457391,0
-1.9727983,2.6567922,2.8355203,-0.66942441,-0.59516799,0.44457391,0
0.00015103817,-1.6317785,0.065048128,-0.66942441,-0.59516799,0.44457391,0
1.3804606,-3.2315543,-2.8317411,0.23311245,-0.73651338,-0.63498557,0
0.67794544,2.1044455,1.8966329,0.70535773,-0.32143909,0.6317811,0
0.90471804,-2.5516415,-3.7950168,0.23311245,-0.73651338,-0.63498557,0
-2.0902555,2.2971582,2.1772017,-0.66942441,-0.59516799,0.44457391,0
0.44694155,-2.6808329,-0.66659838,-0.66942441,-0.59516799,0.44457391,0
0.043762684,3.3539269,3.2126551,-0.23311245,0.73651338,0.63498557,0
-0.98532236,3.5878158,2.5635779,-0.23311245,0.73651338,0.63498557,0
0.8879925,-3.7833133,-2.3725533,0.23311245,-0.73651338,-0.63498557,0
-0.11163965,-1.0098474,0.72932029,-0.66942441,-0.59516799,0.44457391,0
1.1185424,-1.0017246,-1.9061282,0.66942441,0.59516799,-0.44457391,0
1.8822181,-3.0345392,-2.876054,0.23311245,-0.73651338,-0.63498557,0
-1.4745233,2.1675,1.1662042,-0.70535773,0.32143909,-0.6317811,0
-0.057330668,2.7881577,1.3969412,0.66942441,0.59516799,-0.44457391,0
-0.14650077,3.290369,1.935001,0.66942441,0.59516799,-0.44457391,0
-1.7715352,1.8155286,1.3187287,-0.70535773,0.32143909,-0.6317811,0
-0.29271269,3.4715207,2.9527342,-0.23311245,0.73651338,0.63498557,0
0.61556458,-3.7209935,-2.5448494,0.23311245,-0.73651338,-0.63498557,0
0.013139248,2.8012199,1.5205394,0.66942441,0.59516799,-0.44457391,0
-0.97024536,0.6168173,1.6141388,-0.66942441,-0.59516799,0.44457391,0
0.67094958,-3.7850671,-2.4501987,0.23311245,-0.73651338,-0.63498557,0
2.1925552,-3.1407163,-2.6389709,0.23311245,-0.73651338,-0.63498557,0
1.7665856,-1.1635716,-1.146997,0.66942441,0.59516799,-0.44457391,0
0.48058686,2.1052957,1.2927461,0.66942441,0.59516799,-0.44457391,0
-0.3268275,-1.9890327,-0.9055751,-0.66942441,-0.59516799,0.44457391,0
0.16028041,-1.3364124,0.70158327,-0.66942441,-0.59516799,0.44457391,0
-1.0321012,2.7800591,3.4833133,-0.23311245,0.73651338,0.63498557,0
-1.3187149,1.6344855,0.72106206,-0.70535773,0.32143909,-0.6317811,0
0.92772818,-3.7027931,-2.4513602,0.23311245,-0.73651338,-0.63498557,0
0.92995489,-2.6801152,-3.6367369,0.23311245,-0.73651338,-0.63498557,0
0.31862187,-1.5734757,0.42654175,0.70535773,-0.32143909,0.6317811,0
0.68727082,-1.717842,-0.058490872,0.70535773,-0.32143909,0.6317811,0
-0.52017844,-1.8815658,-1.0528462,-0.66942441,-0.59516799,0.44457391,0
-0.19186544,-3.2590961,-3.0267873,-0.70535773,0.32143909,-0.6317811,0
-0.67475742,3.0412407,3.3115578,-0.23311245,0.73651338,0.63498557,0
-1.2623613,3.2963042,2.799994,-0.23311245,0.73651338,0.63498557,0
-1.0113523,2.8029833,3.4643412,-0.23311245,0.73651338,0.63498557,0
-0.27561057,3.1603799,3.3199019,-0.23311245,0.73651338,0.63498557,0
-1.7050835,3.1779342,2.7747605,-0.23311245,0.73651338,0.63498557,0
0.76157445,-3.42079,-2.8394504,0.23311245,-0.73651338,-0.63498557,0
0.57989484,-1.1830029,0.33350679,0.70535773,-0.32143909,0.6317811,0
0.079230912,0.34107524,1.6679018,0.70535773,-0.32143909,0.6317811,0
-2.0993671,2.7336006,2.1518385,-0.70535773,0.32143909,-0.6317811,0
-0.066654503,-3.3167512,-2.2912822,-0.66942441,-0.59516799,0.44457391,0
-0.58171213,3.3661079,1.3810694,0.66942441,0.59516799,-0.44457391,0
0.60328835,-3.475831,-2.8337178,0.23311245,-0.73651338,-0.63498557,0
2.2439132,-2.4784265,-2.1884999,0.66942441,0.59516799,-0.44457391,0
0.88019538,-4.0867686,-2.0234408,0.23311245,-0.73651338,-0.63498557,0
0.93025196,-0.69985259,-1.785522,0.66942441,0.59516799,-0.44457391,0
-1.5848979,1.3578449,0.87749451,-0.70535773,0.32143909,-0.6317811,0
0.099303663,3.2338121,3.117265,0.70535773,-0.32143909,0.6317811,0
1.6805788,-1.6690378,-1.1426479,0.70535773,-0.32143909,0.6317811,0
-0.85950029,-1.2361451,-0.69973636,-0.66942441,-0.59516799,0.44457391,0
1.7033956,-3.3289533,-2.600215,0.23311245,-0.73651338,-0.63498557,0
-1.4283381,1.7224947,2.4045701,-0.66942441,-0.59516799,0.44457391,0
-1.29646,2.9299049,3.2124586,-0.23311245,0.73651338,0.63498557,0
0.79313022,-2.6025863,-0.6268208,0.70535773,-0.32143909,0.6317811,0
1.0105363,-4.1064224,-1.9527949,0.23311245,-0.73651338,-0.63498557,0
-1.4587801,3.3693352,2.643178,-0.23311245,0.73651338,0.63498557,0
1.7777971,-3.4566996,-2.4247289,0.23311245,-0.73651338,-0.63498557,0
1.4582251,-0.28606123,-0.4365595,0.66942441,0.59516799,-0.44457391,0
1.0144229,-1.1058532,-2.2023084,0.66942441,0.59516799,-0.44457391,0
-0.60449964,-1.1786711,-0.23882245,-0.66942441,-0.59516799,0.44457391,0
-0.2561003,-1.6850588,-2.1542294,-0.70535773,0.32143909,-0.6317811,0
