0.53947246,-1.7226404,-3.9194274,0.67011762,0.60565501,-0.42909729,0
1.482452,2.467494,3.4674354,0.67011762,0.60565501,-0.42909729,0
-0.62297934,-2.3722262,-4.3900762,-0.049139485,-0.54063201,-0.83982289,0
0.56511301,3.068274,2.8828135,0.67011762,0.60565501,-0.42909729,0
-0.660806,-3.3466918,-3.7605543,-0.049139485,-0.54063201,-0.83982289,0
-0.40496802,-3.0261962,-3.9818425,-0.049139485,-0.54063201,-0.83982289,0
1.1180794,-1.6151677,-2.8641286,0.67011762,0.60565501,-0.42909729,0
0.21923208,2.0792494,4.6023026,0.049139485,0.54063201,0.83982289,0
0.34301084,-2.0103164,-1.2865109,0.74062663,-0.58386564,0.33252546,0
-0.49827409,-1.4619217,-4.4644122,-0.74062663,0.58386564,-0.33252546,0
-0.1892674,2.0729275,4.6302743,0.049139485,0.54063201,0.83982289,0
0.3297278,-0.95656472,0.5933066,0.74062663,-0.58386564,0.33252546,0
-1.5341687,-2.6508012,-4.1574287,-0.049139485,-0.54063201,-0.83982289,0
-0.25554836,-2.2291894,-4.503655,-0.049139485,-0.54063201,-0.83982289,0
0.16181609,-1.7059658,-0.34854519,0.74062663,-0.58386564,0.33252546,0
0.71516991,0.29371047,1.9301189,0.74062663,-0.58386564,0.33252546,0
1.4144366,0.47594881,0.6926415,0.74062663,-0.58386564,0.33252546,0
-0.78174525,2.0678296,2.3646789,-0.74062663,0.58386564,-0.33252546,0
-0.43629348,3.1176648,3.9721832,0.049139485,0.54063201,0.83982289,0
0.44168067,-3.1769536,-3.9343319,-0.049139485,-0.54063201,-0.83982289,0
0.41875505,-2.0479102,-4.5670571,0.67011762,0.60565501,-0.42909729,0
-0.1464746,3.0974026,3.9682693,0.049139485,0.54063201,0.83982289,0
-0.067505121,2.9802904,4.0390387,0.049139485,0.54063201,0.83982289,0
1.2344549,2.953728,3.7664413,0.67011762,0.60565501,-0.42909729,0
-0.39131856,-1.8182715,-4.7602358,-0.049139485,-0.54063201,-0.83982289,0
0.77097327,0.57780349,-0.3109034,0.67011762,0.60565501,-0.42909729,0
0.69900256,3.1670983,3.8739324,0.049139485,0.54063201,0.83982289,0
0.52360988,2.1139438,4.5621576,0.049139485,0.54063201,0.83982289,0
0.63777709,-0.63772428,-2.2345872,0.67011762,0.60565501,-0.42909729,0
-0.38837069,-3.61167,-3.6059175,-0.049139485,-0.54063201,-0.83982289,0
-0.71284139,-0.36059511,-2.0527449,-0.74062663,0.58386564,-0.33252546,0
1.0601006,2.5816936,4.2296557,0.049139485,0.54063201,0.83982289,0
-0.93899417,-1.2311828,-0.87371409,-0.67011762,-0.60565501,0.42909729,0
-0.25218415,-1.1208261,-4.3063121,0.67011762,0.60565501,-0.42909729,0
1.0093672,-2.611721,-4.3314147,-0.049139485,-0.54063201,-0.83982289,0
-0.52195466,-2.9057372,-4.0525422,-0.049139485,-0.54063201,-0.83982289,0
-1.0398369,-0.46388471,-1.5057963,-0.74062663,0.58386564,-0.33252546,0
0.076930404,-0.15086636,2.2376733,-0.67011762,-0.60565501,0.42909729,0
-0.8298167,-2.5567627,-4.2591796,-0.049139485,-0.54063201,-0.83982289,0
1.1062337,-1.008291,-2.0260434,0.67011762,0.60565501,-0.42909729,0
0.66891485,1.202937,3.6296093,0.74062663,-0.58386564,0.33252546,0
0.25485992,-2.5081248,-4.3539562,-0.049139485,-0.54063201,-0.83982289,0
0.82212478,2.0483012,4.5869484,0.049139485,0.54063201,0.83982289,0
0.67201436,3.425437,3.5538831,0.67011762,0.60565501,-0.42909729,0
-0.84800196,2.7870498,3.7750959,-0.74062663,0.58386564,-0.33252546,0
0.30268896,-2.0803123,-1.3196051,0.74062663,-0.58386564,0.33252546,0
-0.21774495,-0.31118917,1.5511913,-0.67011762,-0.60565501,0.42909729,0
1.0832793,0.60990387,0.22213048,0.67011762,0.60565501,-0.42909729,0
-0.4180814,2.9518507,3.1069093,-0.74062663,0.58386564,-0.33252546,0
-0.24028957,0.71022421,2.9576712,-0.67011762,-0.60565501,0.42909729,0
0.69539893,-2.6329999,-3.1647179,0.74062663,-0.58386564,0.33252546,0
1.3460475,2.1312261,2.7797844,0.67011762,0.60565501,-0.42909729,0
1.168076,-1.3541908,-1.9721007,0.74062663,-0.58386564,0.33252546,0
0.55954492,-0.21834463,1.3776459,0.74062663,-0.58386564,0.33252546,0
-0.1315947,2.9036617,2.3842111,-0.74062663,0.58386564,-0.33252546,0
-1.2497939,-2.4016805,-3.0112019,-0.67011762,-0.60565501,0.42909729,0
-0.17601021,-3.590755,-3.6318069,-0.049139485,-0.54063201,-0.83982289,0
-0.2117694,-3.0216002,-3.9961047,-0.049139485,-0.54063201,-0.83982289,0
0.32486999,-2.3167069,-1.7840829,0.74062663,-0.58386564,0.33252546,0
-0.6140883,2.7920136,3.2628212,-0.74062663,0.58386564,-0.33252546,0
-0.22658613,1.2300106,-0.34290105,-0.74062663,0.58386564,-0.33252546,0
-0.37671494,2.4538176,4.3960462,0.049139485,0.54063201,0.83982289,0
-1.4007075,-1.3075293,-1.7025282,-0.67011762,-0.60565501,0.42909729,0
-0.078698099,1.7043074,0.16050649,-0.74062663,0.58386564,-0.33252546,0
1.1056721,-0.1495232,-0.81480157,0.67011762,0.60565501,-0.42909729,0
0.96452731,1.3386993,1.0653447,0.67011762,0.60565501,-0.42909729,0
1.021017,2.6533768,4.1857967,0.049139485,0.54063201,0.83982289,0
0.45503449,-1.1320144,-3.2176468,0.67011762,0.60565501,-0.42909729,0
0.014511704,-2.3699052,-4.4288712,-0.049139485,-0.54063201,-0.83982289,0
1.4143548,2.7553463,4.0971403,0.049139485,0.54063201,0.83982289,0
0.70038188,-2.5266232,-4.3681164,-0.049139485,-0.54063201,-0.83982289,0
1.0551715,-2.6413312,-4.3150325,-0.049139485,-0.54063201,-0.83982289,0
-0.30024168,-3.6530223,-3.294517,-0.67011762,-0.60565501,0.42909729,0
0.31693399,3.6630678,3.334765,0.67011762,0.60565501,-0.42909729,0
0.074433327,0.52974081,3.1944256,-0.67011762,-0.60565501,0.42909729,0
-0.68639183,0.33899438,-0.88327897,-0.74062663,0.58386564,-0.33252546,0
0.26732004,-0.88250744,-3.1586292,0.67011762,0.60565501,-0.42909729,0
-0.022469401,1.9888622,0.53490555,-0.74062663,0.58386564,-0.33252546,0
-1.068252,-0.93063521,-0.65136325,-0.67011762,-0.60565501,0.42909729,0
0.35567808,3.2562733,3.8366151,0.049139485,0.54063201,0.83982289,0
-1.2528385,-1.2402191,-2.394511,-0.74062663,0.58386564,-0.33252546,0
-0.60483587,2.6734645,4.2679973,0.049139485,0.54063201,0.83982289,0
0.60276359,-2.6305425,-2.9540782,0.74062663,-0.58386564,0.33252546,0
0.15366384,-2.5281029,-1.7739396,0.74062663,-0.58386564,0.33252546,0
0.4182198,-2.7652245,-2.7795296,0.74062663,-0.58386564,0.33252546,0
-1.2319008,0.88766986,1.659538,-0.67011762,-0.60565501,0.42909729,0
-0.62520957,3.1372664,3.9706187,0.049139485,0.54063201,0.83982289,0
0.9973079,2.1473651,4.5129271,0.049139485,0.54063201,0.83982289,0
-0.32188821,-2.2674279,-1.372607,-0.67011762,-0.60565501,0.42909729,0
-0.82429701,-2.0798328,-4.566524,-0.049139485,-0.54063201,-0.83982289,0
-1.1822762,-1.5861735,-1.7547019,-0.67011762,-0.60565501,0.42909729,0
0.93698514,-0.64297909,-0.20861411,0.74062663,-0.58386564,0.33252546,0
-1.111634,2.5898833,4.24997,-0.67011762,-0.60565501,0.42909729,0
-0.92982662,-2.3824754,-2.4844046,-0.67011762,-0.60565501,0.42909729,0
-0.28768602,1.276414,-0.12533727,-0.74062663,0.58386564,-0.33252546,0
0.11827278,-0.54550236,1.7452227,-0.67011762,-0.60565501,0.42909729,0
-0.74951386,-3.4032137,-3.6435466,-0.67011762,-0.60565501,0.42909729,0
0.55596095,0.82618469,-0.29610527,0.67011762,0.60565501,-0.42909729,0
1.1426783,-0.71094251,-1.5494325,0.67011762,0.60565501,-0.42909729,0
-0.14173102,1.3577198,4.0255051,-0.67011762,-0.60565501,0.42909729,0
-0.25422168,-1.8192526,-4.7676272,-0.049139485,-0.54063201,-0.83982289,0
0.59569108,0.81483948,3.1112571,0.74062663,-0.58386564,0.33252546,0
-0.066064633,2.9161997,2.2602723,-0.74062663,0.58386564,-0.33252546,0
0.042766213,3.0579219,3.9826117,0.049139485,0.54063201,0.83982289,0
0.55974132,-2.7207093,-3.0165753,0.74062663,-0.58386564,0.33252546,0
-0.77120084,-2.1643231,-4.5152402,-0.049139485,-0.54063201,-0.83982289,0
-0.23542759,-3.2094738,-3.8737783,-0.049139485,-0.54063201,-0.83982289,0
-0.96081257,2.5622671,4.3604088,0.049139485,0.54063201,0.83982289,0
1.3177505,2.3902838,4.269278,0.74062663,-0.58386564,0.33252546,0
0.88654494,2.7442441,4.135169,0.049139485,0.54063201,0.83982289,0
0.27324259,-2.4884939,-4.3676686,-0.049139485,-0.54063201,-0.83982289,0
-1.1296681,2.119417,3.2301807,-0.74062663,0.58386564,-0.33252546,0
-0.073350787,0.40905279,2.7932856,-0.67011762,-0.60565501,0.42909729,0
0.6768384,-0.31372318,-1.7162701,0.67011762,0.60565501,-0.42909729,0
0.77531952,2.5683134,2.5054154,0.67011762,0.60565501,-0.42909729,0
-0.23905122,0.58065021,-1.4553192,-0.74062663,0.58386564,-0.33252546,0
1.4760973,1.0152919,1.5023122,0.74062663,-0.58386564,0.33252546,0
-0.53205156,-3.4802799,-3.6820922,-0.049139485,-0.54063201,-0.83982289,0
0.88322175,0.1838187,-0.69170099,0.67011762,0.60565501,-0.42909729,0
-0.074272096,3.1732635,3.9152083,0.049139485,0.54063201,0.83982289,0
-0.58301258,3.0690451,3.6800332,-0.74062663,0.58386564,-0.33252546,0
0.35225987,-1.7949846,-4.3139067,0.67011762,0.60565501,-0.42909729,0
-0.91447091,2.2143126,2.9174986,-0.74062663,0.58386564,-0.33252546,0
0.14933181,-2.1383779,-4.5858045,-0.049139485,-0.54063201,-0.83982289,0
1.3515288,1.8092813,3.1738899,0.74062663,-0.58386564,0.33252546,0
1.3338596,1.6987562,2.1503348,0.67011762,0.60565501,-0.42909729,0
0.78998089,-2.4155483,-4.4448614,-0.049139485,-0.54063201,-0.83982289,0
-0.034918785,0.72729087,3.3024862,-0.67011762,-0.60565501,0.42909729,0
-0.3750329,0.78974116,-0.78531724,-0.74062663,0.58386564,-0.33252546,0
-0.53375584,-3.1988664,-3.0181699,-0.67011762,-0.60565501,0.42909729,0
-0.8650682,0.548136,-0.11809538,-0.74062663,0.58386564,-0.33252546,0
1.1441426,2.380527,4.354238,0.049139485,0.54063201,0.83982289,0
-0.34960067,-2.649209,-1.9547551,-0.67011762,-0.60565501,0.42909729,0
0.79439461,-1.9416307,-3.830415,0.67011762,0.60565501,-0.42909729,0
1.4658508,2.8107769,4.0584435,0.049139485,0.54063201,0.83982289,0
0.29127204,0.263345,2.8209398,0.74062663,-0.58386564,0.33252546,0
-0.51492012,1.9758699,1.608918,-0.74062663,0.58386564,-0.33252546,0
-0.2280606,-0.58774376,1.1447352,-0.67011762,-0.60565501,0.42909729,0
-0.23228025,-2.3030972,-4.457438,-0.049139485,-0.54063201,-0.83982289,0
-0.08129023,-3.4127469,-2.803936,0.74062663,-0.58386564,0.33252546,0
0.80560696,0.38931239,-0.52286446,0.67011762,0.60565501,-0.42909729,0
-0.77132154,2.6583819,4.2874475,0.049139485,0.54063201,0.83982289,0
1.1945579,2.9156621,3.6504059,0.67011762,0.60565501,-0.42909729,0
-1.1231457,0.87670892,1.8139096,-0.67011762,-0.60565501,0.42909729,0
1.4633577,0.89211357,1.3144045,0.74062663,-0.58386564,0.33252546,0
0.37236428,-2.7409,-4.2109838,-0.049139485,-0.54063201,-0.83982289,0
0.24527846,-1.9319601,-0.93125153,0.74062663,-0.58386564,0.33252546,0
-1.0003165,-1.6555536,-3.686214,-0.74062663,0.58386564,-0.33252546,0
-0.492064,0.85925221,2.7748244,-0.67011762,-0.60565501,0.42909729,0
0.33009791,0.62278777,3.3655927,0.74062663,-0.58386564,0.33252546,0
-0.10668945,-2.3661842,-4.4241738,-0.049139485,-0.54063201,-0.83982289,0
0.75369602,3.0559909,3.9422574,0.049139485,0.54063201,0.83982289,0
0.42438215,3.5150418,3.6660147,0.049139485,0.54063201,0.83982289,0
-1.2078768,-0.48228484,-1.1638324,-0.74062663,0.58386564,-0.33252546,0
0.095342338,2.9464686,4.0512824,0.049139485,0.54063201,0.83982289,0
-0.012460768,3.6054831,3.6333528,0.049139485,0.54063201,0.83982289,0
-0.33113545,-2.3569534,-1.5134101,-0.67011762,-0.60565501,0.42909729,0
-0.56425071,1.7268269,1.281508,-0.74062663,0.58386564,-0.33252546,0
0.332802,3.4674187,3.7020297,0.049139485,0.54063201,0.83982289,0
-0.017264128,2.9577365,4.0506186,0.049139485,0.54063201,0.83982289,0
0.060336113,-1.807464,-4.7874169,0.67011762,0.60565501,-0.42909729,0
-0.61961168,2.3440905,2.4886358,-0.74062663,0.58386564,-0.33252546,0
1.3121386,1.1870699,2.1691117,0.74062663,-0.58386564,0.33252546,0
0.40215132,3.4341021,3.144671,0.67011762,0.60565501,-0.42909729,0
0.22749841,0.99370277,-0.57261682,0.67011762,0.60565501,-0.42909729,0
1.178337,-1.1068414,-1.5606461,0.74062663,-0.58386564,0.33252546,0
0.32752603,-2.7996473,-2.6379702,0.74062663,-0.58386564,0.33252546,0
-1.2114681,1.0894061,1.603824,-0.74062663,0.58386564,-0.33252546,0
1.3309007,0.40285927,0.31660324,0.67011762,0.60565501,-0.42909729,0
0.60311234,-2.8133454,-3.2758298,0.74062663,-0.58386564,0.33252546,0
0.16686177,-1.9036474,-4.7379365,-0.049139485,-0.54063201,-0.83982289,0
0.67116416,-2.6216865,-4.3052096,-0.049139485,-0.54063201,-0.83982289,0
0.11361814,2.2533238,4.4964223,0.049139485,0.54063201,0.83982289,0
1.2242191,2.8328996,4.058341,0.049139485,0.54063201,0.83982289,0
0.053561002,3.7826898,3.5154142,0.049139485,0.54063201,0.83982289,0
-0.81724966,1.7958939,3.5890205,-0.67011762,-0.60565501,0.42909729,0
0.7963289,-1.1022143,-2.6425893,0.67011762,0.60565501,-0.42909729,0
-0.27682376,2.7264771,4.2146778,0.049139485,0.54063201,0.83982289,0
-0.63438845,-0.65908611,-2.7515869,-0.74062663,0.58386564,-0.33252546,0
-0.89500844,1.2118937,2.6432903,-0.67011762,-0.60565501,0.42909729,0
-1.0941286,1.649119,2.3252497,-0.74062663,0.58386564,-0.33252546,0
-0.20746994,1.9584736,4.7050185,0.049139485,0.54063201,0.83982289,0
1.2362027,1.7964822,3.4082799,0.74062663,-0.58386564,0.33252546,0
0.25857723,1.995971,4.6536112,0.049139485,0.54063201,0.83982289,0
0.68351948,2.6075721,4.2350307,0.049139485,0.54063201,0.83982289,0
-0.46590686,3.1435974,3.5501084,-0.74062663,0.58386564,-0.33252546,0
1.1451514,1.0603008,0.95447445,0.67011762,0.60565501,-0.42909729,0
-0.99000382,2.6994228,3.9375134,-0.74062663,0.58386564,-0.33252546,0
-1.073916,1.0267606,1.187461,-0.74062663,0.58386564,-0.33252546,0
0.76399398,-2.8037572,-4.1934342,-0.049139485,-0.54063201,-0.83982289,0
-0.44827366,3.2336051,3.8982482,0.049139485,0.54063201,0.83982289,0
-0.87756896,-3.0362687,-3.3255992,-0.67011762,-0.60565501,0.42909729,0
-0.84142143,1.8783553,2.1649053,-0.74062663,0.58386564,-0.33252546,0
0.81270039,-2.9293315,-4.1154461,-0.049139485,-0.54063201,-0.83982289,0
-1.3503432,0.43930435,0.77165461,-0.74062663,0.58386564,-0.33252546,0
-1.1334382,-2.5432873,-4.2500882,-0.049139485,-0.54063201,-0.83982289,0
0.80229914,1.4038169,3.685241,0.74062663,-0.58386564,0.33252546,0
0.83483791,-2.2455392,-4.1962113,0.67011762,0.60565501,-0.42909729,0
-0.90359616,-2.0054071,-1.9112222,-0.67011762,-0.60565501,0.42909729,0
-1.1987982,-2.146307,-4.1058307,-0.74062663,0.58386564,-0.33252546,0
-0.8659122,-3.3286777,-3.76015,-0.049139485,-0.54063201,-0.83982289,0
0.46756208,-3.1410286,-3.5492849,0.74062663,-0.58386564,0.33252546,0
-0.7318573,-0.11869121,-1.5856434,-0.74062663,0.58386564,-0.33252546,0
-0.79432815,-2.6803482,-2.6932342,-0.67011762,-0.60565501,0.42909729,0
-1.1737083,-1.5937662,-3.1915324,-0.74062663,0.58386564,-0.33252546,0
1.026528,-0.24344116,-1.0709623,0.67011762,0.60565501,-0.42909729,0
0.4928993,0.7067467,3.1504076,0.74062663,-0.58386564,0.33252546,0
0.47655112,-0.46409747,1.1309901,0.74062663,-0.58386564,0.33252546,0
-0.72636902,3.0645657,4.0233383,0.049139485,0.54063201,0.83982289,0
0.011188805,-2.064023,-0.64175224,0.74062663,-0.58386564,0.33252546,0
-0.3231616,-2.3800545,-4.4025798,-0.049139485,-0.54063201,-0.83982289,0
0.45639053,2.5709202,2.0110259,0.67011762,0.60565501,-0.42909729,0
-0.21204829,0.41236717,-1.8109422,-0.74062663,0.58386564,-0.33252546,0
0.24207479,-3.2892497,-3.8503628,-0.049139485,-0.54063201,-0.83982289,0
1.0528648,-1.3266999,-2.5588124,0.67011762,0.60565501,-0.42909729,0
0.12596273,1.6155143,4.8074279,-0.67011762,-0.60565501,0.42909729,0
-0.061981529,-2.8229623,-1.8113668,0.74062663,-0.58386564,0.33252546,0
-1.3698471,-0.12658095,-0.17851585,-0.74062663,0.58386564,-0.33252546,0
0.34749663,0.51419836,3.136174,0.74062663,-0.58386564,0.33252546,0
0.65058362,2.4129484,2.0913246,0.67011762,0.60565501,-0.42909729,0
0.97494078,-0.74511802,-0.47249287,0.74062663,-0.58386564,0.33252546,0
-0.59101391,1.6006522,1.1195728,-0.74062663,0.58386564,-0.33252546,0
-0.72223163,0.13078423,1.387168,-0.67011762,-0.60565501,0.42909729,0
0.72511411,-2.9244449,-3.7426357,0.74062663,-0.58386564,0.33252546,0
-0.32094049,-3.7309148,-3.5330997,-0.049139485,-0.54063201,-0.83982289,0
-0.58603728,1.9999855,1.809659,-0.74062663,0.58386564,-0.33252546,0
-0.65088201,0.944718,2.6474314,-0.67011762,-0.60565501,0.42909729,0
-1.0824316,1.8191875,2.5978119,-0.74062663,0.58386564,-0.33252546,0
-0.65870726,2.6948149,3.1915329,-0.74062663,0.58386564,-0.33252546,0
-0.48116076,-1.9440889,-1.1649606,-0.67011762,-0.60565501,0.42909729,0
0.24307477,-3.5073562,-3.7100153,-0.049139485,-0.54063201,-0.83982289,0
-1.016628,0.55068254,0.22394191,-0.74062663,0.58386564,-0.33252546,0
0.33802068,1.6120961,4.89608,0.049139485,0.54063201,0.83982289,0
-1.0614063,0.44971606,1.3076425,-0.67011762,-0.60565501,0.42909729,0
0.3656944,1.7122693,0.65743268,0.67011762,0.60565501,-0.42909729,0
-0.80945873,-2.404171,-2.3270497,-0.67011762,-0.60565501,0.42909729,0
-0.21328402,-0.42142525,1.402564,-0.67011762,-0.60565501,0.42909729,0
0.38692677,2.1314685,1.2822754,0.67011762,0.60565501,-0.42909729,0
-0.74641967,2.7202404,4.2461696,0.049139485,0.54063201,0.83982289,0
0.061355591,0.73608899,3.4652553,-0.67011762,-0.60565501,0.42909729,0
0.45238596,-2.5989308,-2.5636399,0.74062663,-0.58386564,0.33252546,0
-0.9519586,0.018224418,-0.85501289,-0.74062663,0.58386564,-0.33252546,0
-0.45658588,2.129848,4.609273,0.049139485,0.54063201,0.83982289,0
-0.94844127,0.59040672,1.6826389,-0.67011762,-0.60565501,0.42909729,0
0.42087674,-3.13697,-3.9588542,-0.049139485,-0.54063201,-0.83982289,0
-0.073213577,-2.3683863,-4.424716,-0.049139485,-0.54063201,-0.83982289,0
-0.01313889,3.2064514,3.8902678,0.049139485,0.54063201,0.83982289,0
-1.002542,0.049937725,-0.68666565,-0.74062663,0.58386564,-0.33252546,0
0.84331191,2.9857073,3.9822588,0.049139485,0.54063201,0.83982289,0
-1.0490202,-0.38377732,0.15054074,-0.67011762,-0.60565501,0.42909729,0
1.5537643,2.1424468,3.3084445,0.74062663,-0.58386564,0.33252546,0
0.13161886,3.1732605,3.9031644,0.049139485,0.54063201,0.83982289,0
-0.28956151,-0.12797046,-2.5870521,-0.74062663,0.58386564,-0.33252546,0
-1.2087528,0.31247932,0.23360744,-0.74062663,0.58386564,-0.33252546,0
1.1831204,-2.284282,-3.7069845,0.67011762,0.60565501,-0.42909729,0
0.8605932,0.90688282,2.6828613,0.74062663,-0.58386564,0.33252546,0
0.11765277,0.52275437,-1.408888,0.67011762,0.60565501,-0.42909729,0
-0.67211294,0.76933646,2.3667307,-0.67011762,-0.60565501,0.42909729,0
0.6515972,-0.32006127,0.99402028,0.74062663,-0.58386564,0.33252546,0
0.93936479,1.1736283,2.975781,0.74062663,-0.58386564,0.33252546,0
0.63856858,2.3625596,4.3953867,0.049139485,0.54063201,0.83982289,0
0.77276099,0.20714167,-0.83128691,0.67011762,0.60565501,-0.42909729,0
0.030386448,0.32468989,-1.8247322,0.67011762,0.60565501,-0.42909729,0
-1.2396712,-0.13369864,0.20577917,-0.67011762,-0.60565501,0.42909729,0
0.12377763,-2.3507061,-4.4476233,-0.049139485,-0.54063201,-0.83982289,0
0.70889187,3.355979,3.5134373,0.67011762,0.60565501,-0.42909729,0
0.31188297,-1.2167964,-3.5608723,0.67011762,0.60565501,-0.42909729,0
-0.58371985,1.0070879,0.061115623,-0.74062663,0.58386564,-0.33252546,0
0.60454059,1.8623532,4.7193832,0.049139485,0.54063201,0.83982289,0
0.25996649,2.7247176,4.1844025,0.049139485,0.54063201,0.83982289,0
-0.82272398,2.9060407,3.9277248,-0.74062663,0.58386564,-0.33252546,0
0.4083674,-2.2884874,-4.5043283,-0.049139485,-0.54063201,-0.83982289,0
0.9598285,2.8886871,4.0378976,0.049139485,0.54063201,0.83982289,0
0.24931967,0.44915694,3.2406383,0.74062663,-0.58386564,0.33252546,0
0.20887089,-2.4966242,-4.3586688,-0.049139485,-0.54063201,-0.83982289,0
0.95697337,2.9777339,3.3669844,0.67011762,0.60565501,-0.42909729,0
-1.0120419,-2.9624934,-3.9873295,-0.049139485,-0.54063201,-0.83982289,0
0.41815639,1.225745,4.2281651,0.74062663,-0.58386564,0.33252546,0
1.0191467,-1.93292,-2.6565564,0.74062663,-0.58386564,0.33252546,0
0.017153263,2.0156796,4.6550498,0.049139485,0.54063201,0.83982289,0
0.059862673,-3.5638144,-3.662951,-0.049139485,-0.54063201,-0.83982289,0
-1.0637695,1.812183,3.2270238,-0.67011762,-0.60565501,0.42909729,0
-0.031524539,-2.9953618,-4.0235424,-0.049139485,-0.54063201,-0.83982289,0
-1.1131337,1.3293711,1.806149,-0.74062663,0.58386564,-0.33252546,0
-0.013950229,2.5507815,4.3124008,0.049139485,0.54063201,0.83982289,0
-1.0994537,2.7104397,4.2731347,0.049139485,0.54063201,0.83982289,0
-0.64213163,-1.1566139,-3.6079264,-0.74062663,0.58386564,-0.33252546,0
-0.77282804,-2.0573428,-1.7803087,-0.67011762,-0.60565501,0.42909729,0
0.11207631,3.6813533,3.5772252,0.049139485,0.54063201,0.83982289,0
-1.1016046,-2.6720748,-4.169044,-0.049139485,-0.54063201,-0.83982289,0
-0.051630497,0.62822443,-1.5243889,0.67011762,0.60565501,-0.42909729,0
-0.2556372,1.1177652,-0.47528252,-0.74062663,0.58386564,-0.33252546,0
0.58044207,1.8405261,4.7348442,0.049139485,0.54063201,0.83982289,0
-1.2009287,-1.7824905,-3.4622779,-0.74062663,0.58386564,-0.33252546,0
0.14611328,0.72625118,-1.0772134,0.67011762,0.60565501,-0.42909729,0
-0.12453675,-2.5563915,-4.3006854,-0.049139485,-0.54063201,-0.83982289,0
-0.030299425,-1.7410009,-4.8311038,-0.049139485,-0.54063201,-0.83982289,0
0.36158013,-2.6862311,-4.2455449,-0.049139485,-0.54063201,-0.83982289,0
0.51253855,1.2924461,0.29419315,0.67011762,0.60565501,-0.42909729,0
-0.20830539,-3.4546053,-3.7175627,-0.049139485,-0.54063201,-0.83982289,0
-0.30534333,2.7503409,2.5019889,-0.74062663,0.58386564,-0.33252546,0
-1.0928197,1.3181443,1.7411914,-0.74062663,0.58386564,-0.33252546,0
0.87382805,3.041291,3.3268461,0.67011762,0.60565501,-0.42909729,0
-0.77564782,-1.9780136,-1.6727417,-0.67011762,-0.60565501,0.42909729,0
0.26150477,0.41654888,-1.3341408,0.67011762,0.60565501,-0.42909729,0
-1.0098419,-2.1871567,-4.4865785,-0.049139485,-0.54063201,-0.83982289,0
0.74815381,-2.9702015,-3.8742933,0.74062663,-0.58386564,0.33252546,0
-0.51985198,-3.5431957,-3.6423044,-0.049139485,-0.54063201,-0.83982289,0
0.70591688,-2.6115606,-3.1505001,0.74062663,-0.58386564,0.33252546,0
-0.38876224,2.6827972,4.2493458,0.049139485,0.54063201,0.83982289,0
0.30760771,3.632555,3.277132,0.67011762,0.60565501,-0.42909729,0
-0.52394426,2.9285376,4.099061,0.049139485,0.54063201,0.83982289,0
0.1145153,1.747184,0.31444943,0.67011762,0.60565501,-0.42909729,0
-0.38341153,-1.9090697,-4.7022491,-0.049139485,-0.54063201,-0.83982289,0
-0.53771877,-1.3650339,-0.43597186,-0.67011762,-0.60565501,0.42909729,0
0.80848646,-2.6247683,-4.3112607,-0.049139485,-0.54063201,-0.83982289,0
0.97080457,-0.22056943,0.45774966,0.74062663,-0.58386564,0.33252546,0
0.92474771,-0.092025936,0.78603464,0.74062663,-0.58386564,0.33252546,0
0.1884793,-0.82698745,-3.2033892,0.67011762,0.60565501,-0.42909729,0
-0.63019145,-0.88241476,0.10081351,-0.67011762,-0.60565501,0.42909729,0
-0.006423831,-2.6272113,-4.2620058,-0.049139485,-0.54063201,-0.83982289,0
0.934223,2.6443603,2.8609114,0.67011762,0.60565501,-0.42909729,0
0.45011345,3.5163093,3.3356051,0.67011762,0.60565501,-0.42909729,0
0.54716694,-2.6751583,-4.2635326,-0.049139485,-0.54063201,-0.83982289,0
-0.52599138,-1.2893113,-0.31077754,-0.67011762,-0.60565501,0.42909729,0
1.1414616,-0.90945828,-1.8315297,0.67011762,0.60565501,-0.42909729,0
0.38806498,3.5098999,3.2296581,0.67011762,0.60565501,-0.42909729,0
-0.20503616,-2.8574843,-4.1021481,-0.049139485,-0.54063201,-0.83982289,0
0.87805796,1.301173,3.3362777,0.74062663,-0.58386564,0.33252546,0
-0.27066314,-2.4646668,-4.3511825,-0.049139485,-0.54063201,-0.83982289,0
-0.2978406,-1.5283995,-4.9523106,-0.049139485,-0.54063201,-0.83982289,0
-0.87575287,0.7701565,0.29553756,-0.74062663,0.58386564,-0.33252546,0
1.3834755,1.2719182,2.1592054,0.74062663,-0.58386564,0.33252546,0
-0.024818003,1.4133713,-0.3743104,0.67011762,0.60565501,-0.42909729,0
-0.53086853,2.8164239,4.1716399,0.049139485,0.54063201,0.83982289,0
-0.2486933,-3.4959302,-2.9922848,-0.67011762,-0.60565501,0.42909729,0
-0.26994085,2.9527273,4.0686274,0.049139485,0.54063201,0.83982289,0
0.43252653,2.4695075,4.3385954,0.049139485,0.54063201,0.83982289,0
-0.16401803,-0.8629086,-3.8045833,0.67011762,0.60565501,-0.42909729,0
-0.050012589,0.23519441,2.5843379,-0.67011762,-0.60565501,0.42909729,0
0.29586887,0.15240973,2.6159151,0.74062663,-0.58386564,0.33252546,0
-0.29863355,-3.1825466,-2.6279469,-0.67011762,-0.60565501,0.42909729,0
1.0630271,2.2105868,4.4683814,0.049139485,0.54063201,0.83982289,0
0.020183802,-1.7371033,-4.7508106,0.67011762,0.60565501,-0.42909729,0
0.84677565,-1.5438793,-1.5895404,0.74062663,-0.58386564,0.33252546,0
-0.67473996,-2.3845446,-4.3791175,-0.049139485,-0.54063201,-0.83982289,0
0.98552096,0.37673992,1.4737597,0.74062663,-0.58386564,0.33252546,0
-0.51681912,-1.9729166,-4.6533413,-0.049139485,-0.54063201,-0.83982289,0
-0.86439538,-2.4339707,-4.3362021,-0.049139485,-0.54063201,-0.83982289,0
1.0737154,-2.5398016,-4.2384977,0.67011762,0.60565501,-0.42909729,0
0.13108799,3.6120641,3.6207175,0.049139485,0.54063201,0.83982289,0
0.0089936256,1.6262008,4.6398406,-0.67011762,-0.60565501,0.42909729,0
-0.4460718,-2.995908,-3.9989343,-0.049139485,-0.54063201,-0.83982289,0
0.72414005,2.4606977,4.3272042,0.049139485,0.54063201,0.83982289,0
-0.91007775,-0.84245443,-0.27987993,-0.67011762,-0.60565501,0.42909729,0
-0.70153534,1.8398838,3.8318202,-0.67011762,-0.60565501,0.42909729,0
-0.88365316,0.68250751,0.15923497,-0.74062663,0.58386564,-0.33252546,0
0.74733031,-0.7664516,-2.2451925,0.67011762,0.60565501,-0.42909729,0
0.068618655,-2.8635039,-4.1142845,-0.049139485,-0.54063201,-0.83982289,0
0.8478362,1.1125203,0.5638659,0.67011762,0.60565501,-0.42909729,0
0.53526521,-0.90542775,0.22530669,0.74062663,-0.58386564,0.33252546,0
0.39149475,3.4048507,3.738873,0.049139485,0.54063201,0.83982289,0
-0.74569678,0.94591868,0.31447899,-0.74062663,0.58386564,-0.33252546,0
-1.3659937,-2.7965226,-4.0734625,-0.049139485,-0.54063201,-0.83982289,0
-0.015034199,-2.4838548,-4.3537874,-0.049139485,-0.54063201,-0.83982289,0
1.0015749,1.3185709,3.0917194,0.74062663,-0.58386564,0.33252546,0
-0.63483602,-0.74814379,-2.9069626,-0.74062663,0.58386564,-0.33252546,0
0.75734162,2.5038962,2.3864172,0.67011762,0.60565501,-0.42909729,0
-0.99815655,-1.0535054,-0.71532273,-0.67011762,-0.60565501,0.42909729,0
0.78118116,1.7403522,4.3231835,0.74062663,-0.58386564,0.33252546,0
-0.94341809,-0.5034501,-1.7900186,-0.74062663,0.58386564,-0.33252546,0
-0.6346283,-2.2473407,-4.4697886,-0.049139485,-0.54063201,-0.83982289,0
-0.40874034,1.6134115,0.73600245,-0.74062663,0.58386564,-0.33252546,0
-0.81359506,1.5918967,1.5999496,-0.74062663,0.58386564,-0.33252546,0
-0.38035291,0.38009009,-1.4927548,-0.74062663,0.58386564,-0.33252546,0
-0.18077779,1.701938,4.450377,-0.67011762,-0.60565501,0.42909729,0
-0.65279102,0.24566115,1.6577573,-0.67011762,-0.60565501,0.42909729,0
-0.43317643,-3.1356981,-2.7719364,-0.67011762,-0.60565501,0.42909729,0
-0.91694528,0.00045275688,-0.96420181,-0.74062663,0.58386564,-0.33252546,0
-0.26393843,0.67191339,2.8666646,-0.67011762,-0.60565501,0.42909729,0
-0.59935248,-2.2489522,-4.4708157,-0.049139485,-0.54063201,-0.83982289,0
1.4627649,1.3443767,2.1098318,0.74062663,-0.58386564,0.33252546,0
0.82956874,-0.74770516,-0.15325144,0.74062663,-0.58386564,0.33252546,0
0.62341058,-2.7121744,-4.2441635,-0.049139485,-0.54063201,-0.83982289,0
-0.044852138,2.127466,4.5867157,0.049139485,0.54063201,0.83982289,0
-0.045254707,-2.2509227,-0.91729403,-0.67011762,-0.60565501,0.42909729,0
1.0459423,1.8343889,1.8921373,0.67011762,0.60565501,-0.42909729,0
0.40738004,2.7055392,4.1881218,0.049139485,0.54063201,0.83982289,0
0.58014476,3.325038,3.2687016,0.67011762,0.60565501,-0.42909729,0
-0.75539446,0.27183288,1.5344632,-0.67011762,-0.60565501,0.42909729,0
-0.71089739,-2.4147644,-4.3575482,-0.049139485,-0.54063201,-0.83982289,0
0.21737437,3.5253553,3.6714878,0.049139485,0.54063201,0.83982289,0
-0.72978026,1.8152108,1.8053772,-0.74062663,0.58386564,-0.33252546,0
0.48556456,2.8088963,4.1170125,0.049139485,0.54063201,0.83982289,0
-0.49020731,0.35019621,2.0592105,-0.67011762,-0.60565501,0.42909729,0
-0.019338846,-0.091413558,2.1712456,-0.67011762,-0.60565501,0.42909729,0
-1.2397083,-1.0621285,-1.1047229,-0.67011762,-0.60565501,0.42909729,0
-1.0605462,2.0251846,3.5327022,-0.67011762,-0.60565501,0.42909729,0
0.09846729,-2.7096202,-1.9697192,0.74062663,-0.58386564,0.33252546,0
-0.50822186,-0.24310076,1.1936605,-0.67011762,-0.60565501,0.42909729,0
0.89812255,-2.1808946,-4.0061355,0.67011762,0.60565501,-0.42909729,0
-0.89226282,1.9029317,3.6229529,-0.67011762,-0.60565501,0.42909729,0
0.50061965,-1.6910373,-1.0769423,0.74062663,-0.58386564,0.33252546,0
0.3023411,1.2559626,4.5391765,0.74062663,-0.58386564,0.33252546,0
0.6725328,-0.59974051,0.45631552,0.74062663,-0.58386564,0.33252546,0
0.094123125,2.8425686,4.1182399,0.049139485,0.54063201,0.83982289,0
0.82982284,3.0881214,3.917119,0.049139485,0.54063201,0.83982289,0
-1.3318667,0.84566331,1.4440089,-0.74062663,0.58386564,-0.33252546,0
1.1332489,1.237272,2.6556959,0.74062663,-0.58386564,0.33252546,0
0.35227108,0.14197849,-1.5799378,0.67011762,0.60565501,-0.42909729,0
-0.083853841,3.2076125,3.8936586,0.049139485,0.54063201,0.83982289,0
-1.3187722,-0.45310783,-0.86560726,-0.74062663,0.58386564,-0.33252546,0
0.53158796,-2.7100556,-4.2401552,-0.049139485,-0.54063201,-0.83982289,0
-0.25208378,-3.4378114,-3.7258134,-0.049139485,-0.54063201,-0.83982289,0
-0.015020132,-0.38020122,-2.8905709,0.67011762,0.60565501,-0.42909729,0
0.47335267,-2.668365,-4.2635865,-0.049139485,-0.54063201,-0.83982289,0
-1.241347,0.71780145,1.0178897,-0.74062663,0.58386564,-0.33252546,0
-0.35480276,1.5191941,0.45043659,-0.74062663,0.58386564,-0.33252546,0
0.28729928,-0.23491833,-2.2133794,0.67011762,0.60565501,-0.42909729,0
0.21167076,-0.4210985,1.7964523,0.74062663,-0.58386564,0.33252546,0
-0.95696568,-1.9031353,-1.8502164,-0.67011762,-0.60565501,0.42909729,0
-0.10299981,-2.1823187,-4.5427532,-0.049139485,-0.54063201,-0.83982289,0
-0.16147637,-0.99361211,-3.9850967,0.67011762,0.60565501,-0.42909729,0
-0.32782865,-2.2376237,-4.4939952,-0.049139485,-0.54063201,-0.83982289,0
0.2351073,0.42419952,-1.364567,0.67011762,0.60565501,-0.42909729,0
-0.9885357,-2.5593858,-4.2482042,-0.049139485,-0.54063201,-0.83982289,0
-0.39846259,-2.222805,-1.4292088,-0.67011762,-0.60565501,0.42909729,0
0.87045634,-2.9358363,-4.0863552,0.74062663,-0.58386564,0.33252546,0
-0.58792973,-2.5345929,-4.2876039,-0.049139485,-0.54063201,-0.83982289,0
-0.2336849,0.38365507,-1.8131659,-0.74062663,0.58386564,-0.33252546,0
1.0009294,2.7317772,4.1365018,0.049139485,0.54063201,0.83982289,0
-0.3143816,1.1684515,-0.255445,-0.74062663,0.58386564,-0.33252546,0
0.4288184,-0.33040386,1.4720504,0.74062663,-0.58386564,0.33252546,0
0.46845448,-0.48335636,-2.2811322,0.67011762,0.60565501,-0.42909729,0
0.18776929,2.5983074,4.2700028,0.049139485,0.54063201,0.83982289,0
-0.35446516,2.551156,2.2616575,-0.74062663,0.58386564,-0.33252546,0
-0.49693608,1.2499704,0.29429013,-0.74062663,0.58386564,-0.33252546,0
-1.1085695,-1.0179691,-0.83759534,-0.67011762,-0.60565501,0.42909729,0
-0.56376743,1.1907883,3.1307969,-0.67011762,-0.60565501,0.42909729,0
0.16991079,0.18885332,2.8623815,-0.67011762,-0.60565501,0.42909729,0
-0.20759952,2.2268438,4.5322638,0.049139485,0.54063201,0.83982289,0
0.61337876,-0.33518839,-1.8456714,0.67011762,0.60565501,-0.42909729,0
-1.0506701,0.58989936,0.368622,-0.74062663,0.58386564,-0.33252546,0
0.4303211,1.5820509,4.8266926,0.74062663,-0.58386564,0.33252546,0
0.20829415,0.54465169,-1.2364269,0.67011762,0.60565501,-0.42909729,0
-0.50331867,-3.0825045,-2.806396,-0.67011762,-0.60565501,0.42909729,0
0.72491026,1.9765425,1.591429,0.67011762,0.60565501,-0.42909729,0
0.37907934,-3.3703556,-3.8061671,-0.049139485,-0.54063201,-0.83982289,0
0.4888078,0.49138287,-0.8735382,0.67011762,0.60565501,-0.42909729,0
-0.5412637,0.46285039,-0.98904705,-0.74062663,0.58386564,-0.33252546,0
-0.38473928,-3.0085464,-3.9943881,-0.049139485,-0.54063201,-0.83982289,0
0.83917713,-2.5301394,-3.3043437,0.74062663,-0.58386564,0.33252546,0
0.23394781,3.1002369,3.9441857,0.049139485,0.54063201,0.83982289,0
-1.1447358,-0.15326029,-0.72674644,-0.74062663,0.58386564,-0.33252546,0
-0.13278198,2.0161552,4.6635156,0.049139485,0.54063201,0.83982289,0
-0.83647829,-1.1435883,-0.58997965,-0.67011762,-0.60565501,0.42909729,0
0.90105003,2.4419158,4.3289428,0.049139485,0.54063201,0.83982289,0
-0.2532438,2.844944,4.1370349,0.049139485,0.54063201,0.83982289,0
0.86374271,0.30075067,1.6115677,0.74062663,-0.58386564,0.33252546,0
-0.49560344,-2.4950376,-4.318469,-0.049139485,-0.54063201,-0.83982289,0
-0.39913529,-3.2024329,-3.868732,-0.049139485,-0.54063201,-0.83982289,0
-0.77255321,-1.2909181,-0.69809902,-0.67011762,-0.60565501,0.42909729,0
-0.085377119,-3.6190348,-3.1570439,0.74062663,-0.58386564,0.33252546,0
-1.0115721,-2.8056965,-4.0882936,-0.049139485,-0.54063201,-0.83982289,0
-0.25056112,2.6801119,4.2429886,0.049139485,0.54063201,0.83982289,0
1.3660994,1.2530129,2.164712,0.74062663,-0.58386564,0.33252546,0
-0.70000327,-1.3418394,-0.65667188,-0.67011762,-0.60565501,0.42909729,0
0.075786591,0.30079222,2.8733864,-0.67011762,-0.60565501,0.42909729,0
0.37622878,-1.942031,-1.2405975,0.74062663,-0.58386564,0.33252546,0
-1.048452,1.416621,2.6926239,-0.67011762,-0.60565501,0.42909729,0
-1.0486095,-2.2359459,-4.4529009,-0.049139485,-0.54063201,-0.83982289,0
0.34313786,0.85640049,-0.58582079,0.67011762,0.60565501,-0.42909729,0
-0.54157341,-3.0998523,-3.9264326,-0.049139485,-0.54063201,-0.83982289,0
0.60428339,2.425349,4.3569727,0.049139485,0.54063201,0.83982289,0
0.018836975,-1.4448103,-4.340353,0.67011762,0.60565501,-0.42909729,0
-0.46259809,2.9699011,3.2377543,-0.74062663,0.58386564,-0.33252546,0
-0.12225056,2.4870851,4.3597412,0.049139485,0.54063201,0.83982289,0
0.517048,3.2704415,3.8180523,0.049139485,0.54063201,0.83982289,0
0.24986446,-2.695528,-4.2330236,-0.049139485,-0.54063201,-0.83982289,0
-0.2215901,-3.4872503,-3.6957698,-0.049139485,-0.54063201,-0.83982289,0
1.2556392,-1.366742,-2.1891665,0.74062663,-0.58386564,0.33252546,0
0.66629362,-0.51168251,0.62482858,0.74062663,-0.58386564,0.33252546,0
0.43725953,2.2394896,1.5133474,0.67011762,0.60565501,-0.42909729,0
-0.6248095,2.5368319,4.3571229,0.049139485,0.54063201,0.83982289,0
-1.0556819,-0.53581381,-0.07445693,-0.67011762,-0.60565501,0.42909729,0
-0.1964646,3.5334542,3.6904879,0.049139485,0.54063201,0.83982289,0
0.50246859,3.4713049,3.6896005,0.049139485,0.54063201,0.83982289,0
-0.77628946,-2.2567852,-4.45542,-0.049139485,-0.54063201,-0.83982289,0
0.0058364868,0.63559949,3.2367139,-0.67011762,-0.60565501,0.42909729,0
0.88539004,3.1523802,3.5017004,0.67011762,0.60565501,-0.42909729,0
0.98011386,-2.7115786,-4.2654185,-0.049139485,-0.54063201,-0.83982289,0
-0.96184784,-0.2134853,-1.239835,-0.74062663,0.58386564,-0.33252546,0
0.58737046,-0.030830503,1.6449177,0.74062663,-0.58386564,0.33252546,0
-0.15335448,2.421802,1.5866017,-0.74062663,0.58386564,-0.33252546,0
-1.5129545,-2.636704,-4.1677456,-0.049139485,-0.54063201,-0.83982289,0
0.44201124,2.3067448,4.4428177,0.049139485,0.54063201,0.83982289,0
0.98968714,0.41984123,1.5401596,0.74062663,-0.58386564,0.33252546,0
-0.48983967,2.8672953,4.1364913,0.049139485,0.54063201,0.83982289,0
-0.62469411,3.1094718,3.9884815,0.049139485,0.54063201,0.83982289,0
-0.25360751,2.2172041,4.5411611,0.049139485,0.54063201,0.83982289,0
-0.45078158,-1.1480186,0.0061063766,-0.67011762,-0.60565501,0.42909729,0
-0.61955142,2.257935,2.3372259,-0.74062663,0.58386564,-0.33252546,0
-0.38547787,-2.858629,-2.3063726,-0.67011762,-0.60565501,0.42909729,0
1.4925984,2.8046756,3.9592004,0.67011762,0.60565501,-0.42909729,0
-1.3106396,-2.0141659,-3.6247082,-0.74062663,0.58386564,-0.33252546,0
0.090491712,-1.3019613,0.51968658,0.74062663,-0.58386564,0.33252546,0
-0.37714303,-3.142487,-2.6940112,-0.67011762,-0.60565501,0.42909729,0
-0.216052,0.65453589,-1.3768122,-0.74062663,0.58386564,-0.33252546,0
0.28671062,2.6187785,1.8135889,0.67011762,0.60565501,-0.42909729,0
0.50044429,1.2209265,4.036427,0.74062663,-0.58386564,0.33252546,0
-0.57645261,-3.1943057,-3.8635888,-0.049139485,-0.54063201,-0.83982289,0
-0.12669075,-1.3651657,-4.4552059,0.67011762,0.60565501,-0.42909729,0
0.68864924,2.2018404,4.4959188,0.049139485,0.54063201,0.83982289,0
0.47726494,2.2809412,4.457366,0.049139485,0.54063201,0.83982289,0
-0.044332713,-3.7256365,-3.5526824,-0.049139485,-0.54063201,-0.83982289,0
-0.50066841,-1.6550885,-4.7982526,-0.74062663,0.58386564,-0.33252546,0
0.51501596,2.107115,4.5670571,0.049139485,0.54063201,0.83982289,0
0.81019926,0.74996704,2.5195816,0.74062663,-0.58386564,0.33252546,0
1.2433226,2.467344,3.0937777,0.67011762,0.60565501,-0.42909729,0
-1.5105293,-2.4302297,-3.4586859,-0.67011762,-0.60565501,0.42909729,0
-0.3200649,-0.33026052,-2.8743036,-0.74062663,0.58386564,-0.33252546,0
-1.2177368,-1.0426044,-1.0428529,-0.67011762,-0.60565501,0.42909729,0
-0.14017922,-3.3171072,-3.8100629,-0.049139485,-0.54063201,-0.83982289,0
0.51414967,-1.1409466,-3.1379349,0.67011762,0.60565501,-0.42909729,0
-0.53371716,-0.23915195,-2.2384679,-0.74062663,0.58386564,-0.33252546,0
-1.3749986,-2.8639874,-4.0295043,-0.049139485,-0.54063201,-0.83982289,0
1.1604538,-0.26520014,-0.043016717,0.74062663,-0.58386564,0.33252546,0
-0.25225371,3.2371795,3.2385602,-0.74062663,0.58386564,-0.33252546,0
-1.3084884,1.0643315,1.7758878,-0.74062663,0.58386564,-0.33252546,0
-0.37388742,-3.5090532,-3.6728239,-0.049139485,-0.54063201,-0.83982289,0
-1.1648023,0.85456198,1.7175945,-0.67011762,-0.60565501,0.42909729,0
-0.31195632,2.7813241,2.5711203,-0.74062663,0.58386564,-0.33252546,0
-0.54404175,2.9149709,4.1089711,0.049139485,0.54063201,0.83982289,0
0.85924447,2.9256215,4.0200062,0.049139485,0.54063201,0.83982289,0
-1.4040005,-0.70298982,-1.1145356,-0.74062663,0.58386564,-0.33252546,0
-1.0449208,-0.9010309,-0.57314169,-0.67011762,-0.60565501,0.42909729,0
-0.16075706,3.0482547,4.0007439,0.049139485,0.54063201,0.83982289,0
0.98727059,2.7699654,3.1210413,0.67011762,0.60565501,-0.42909729,0
0.72915471,2.0884089,4.5665703,0.049139485,0.54063201,0.83982289,0
-0.13259602,-1.5443771,-4.7173791,0.67011762,0.60565501,-0.42909729,0
0.23699959,3.6366534,3.598691,0.049139485,0.54063201,0.83982289,0
0.80257535,-2.5340962,-4.3692846,-0.049139485,-0.54063201,-0.83982289,0
-1.0367353,-2.4892323,-4.2905445,-0.049139485,-0.54063201,-0.83982289,0
-0.47905397,1.7974916,4.119432,-0.67011762,-0.60565501,0.42909729,0
1.4181912,2.4927371,4.2254624,0.74062663,-0.58386564,0.33252546,0
0.57850897,-1.8349806,-1.5031669,0.74062663,-0.58386564,0.33252546,0
0.34406173,2.0694988,4.6012754,0.049139485,0.54063201,0.83982289,0
-0.39779079,-2.500103,-4.320931,-0.049139485,-0.54063201,-0.83982289,0
0.98672736,2.7183828,4.1459556,0.049139485,0.54063201,0.83982289,0
-0.29701877,2.8632839,2.6817591,-0.74062663,0.58386564,-0.33252546,0
0.53083277,2.2411215,4.4798656,0.049139485,0.54063201,0.83982289,0
0.96028328,2.7823071,4.1063523,0.049139485,0.54063201,0.83982289,0
-1.5409081,-2.7344432,-4.1031914,-0.049139485,-0.54063201,-0.83982289,0
-0.31196529,-2.8337579,-4.1111655,-0.049139485,-0.54063201,-0.83982289,0
0.5013479,-0.12057277,-1.7177073,0.67011762,0.60565501,-0.42909729,0
0.63597679,-2.689184,-4.2596993,-0.049139485,-0.54063201,-0.83982289,0
-0.76889509,-2.0910347,-4.5625539,-0.049139485,-0.54063201,-0.83982289,0
0.83843458,1.0743147,0.49525785,0.67011762,0.60565501,-0.42909729,0
0.032989979,2.8415275,4.1224871,0.049139485,0.54063201,0.83982289,0
0.27599162,-3.1857224,-3.2010803,0.74062663,-0.58386564,0.33252546,0
-1.1930372,-0.45021576,-0.16814464,-0.67011762,-0.60565501,0.42909729,0
-1.3604175,-1.2715642,-2.2099402,-0.74062663,0.58386564,-0.33252546,0
-0.16543424,-2.3073959,-1.1846874,-0.67011762,-0.60565501,0.42909729,0
0.48027992,-2.5341001,-4.3504243,-0.049139485,-0.54063201,-0.83982289,0
-0.062774539,3.3527875,3.7989693,0.049139485,0.54063201,0.83982289,0
-0.48561013,3.0088096,3.357326,-0.74062663,0.58386564,-0.33252546,0
0.9624964,-0.23309636,0.45425871,0.74062663,-0.58386564,0.33252546,0
0.64124501,-2.6115432,-3.006427,0.74062663,-0.58386564,0.33252546,0
1.2541579,0.3593576,0.84490943,0.74062663,-0.58386564,0.33252546,0
1.3741335,2.6926634,4.1398449,0.049139485,0.54063201,0.83982289,0
-0.42671701,-3.2728179,-2.9553876,-0.67011762,-0.60565501,0.42909729,0
0.54288161,-0.99727798,-2.8902807,0.67011762,0.60565501,-0.42909729,0
-0.33255196,-0.92604166,-3.892596,-0.74062663,0.58386564,-0.33252546,0
0.85424864,1.7433609,4.1657238,0.74062663,-0.58386564,0.33252546,0
-0.15634841,-2.9420238,-4.0505753,-0.049139485,-0.54063201,-0.83982289,0
-0.37682438,-1.9585582,-4.6707759,-0.049139485,-0.54063201,-0.83982289,0
1.4921684,1.7541864,2.4758017,0.67011762,0.60565501,-0.42909729,0
