1.0107751,0.54100597,-0.61895871,0.24903101,0.34996164,-0.90305626,0
1.8241425,1.1815795,1.4513863,0.93447828,-0.33178073,0.12912101,0
0.3324475,2.0051324,1.9760773,-0.24903101,-0.34996164,0.90305626,0
1.752004,2.6143508,0.38892937,0.24903101,0.34996164,-0.90305626,0
2.1785669,2.1787181,1.4485152,0.93447828,-0.33178073,0.12912101,0
1.3209029,2.0890934,0.066493988,0.24903101,0.34996164,-0.90305626,0
-0.7657541,2.6653664,0.77367377,-0.93447828,0.33178073,-0.12912101,0
1.6605296,1.8877074,0.082107782,0.24903101,0.34996164,-0.90305626,0
0.35271704,4.1401501,0.69159675,0.25442928,0.87604141,0.40965497,0
-2.5861299,-3.3103437,-1.0789938,-0.25442928,-0.87604141,-0.40965497,0
0.92851222,3.8114142,1.0369773,0.25442928,0.87604141,0.40965497,0
-0.66304159,3.2245257,1.4670975,-0.93447828,0.33178073,-0.12912101,0
-0.70314717,-3.5635002,-1.7071078,-0.25442928,-0.87604141,-0.40965497,0
1.5748281,0.43807417,1.3452671,0.93447828,-0.33178073,0.12912101,0
-1.9785979,-1.6881024,-1.6350832,-0.93447828,0.33178073,-0.12912101,0
-1.2279387,0.68056071,-0.9814164,-0.93447828,0.33178073,-0.12912101,0
0.19002467,3.391645,2.3933084,0.25442928,0.87604141,0.40965497,0
2.386708,3.3236601,1.1743736,0.25442928,0.87604141,0.40965497,0
2.4904294,2.9807577,1.2523601,0.93447828,-0.33178073,0.12912101,0
-0.37148428,3.8354254,0.92675686,-0.93447828,0.33178073,-0.12912101,0
0.87106901,0.46387804,-0.687374,0.24903101,0.34996164,-0.90305626,0
-1.8906077,-1.9003692,-0.15046215,-0.24903101,-0.34996164,0.90305626,0
1.2759626,0.93214345,-0.39425182,0.24903101,0.34996164,-0.90305626,0
-0.69171327,-3.5823398,-1.6739206,-0.25442928,-0.87604141,-0.40965497,0
1.106673,3.2440886,2.1395426,0.25442928,0.87604141,0.40965497,0
2.1990948,2.0800028,1.0462983,0.93447828,-0.33178073,0.12912101,0
0.29171538,-4.0253439,-1.3373528,-0.25442928,-0.87604141,-0.40965497,0
-1.1290234,1.4523487,0.28584564,-0.93447828,0.33178073,-0.12912101,0
-0.2587384,2.5261197,2.0149474,-0.24903101,-0.34996164,0.90305626,0
0.75927663,-2.4198432,-1.8357313,0.24903101,0.34996164,-0.90305626,0
0.28658706,-0.73560447,0.90131259,-0.24903101,-0.34996164,0.90305626,0
-0.57424855,-0.44059446,-1.4364519,0.24903101,0.34996164,-0.90305626,0
-0.98493552,1.4257355,-0.82533503,-0.93447828,0.33178073,-0.12912101,0
-0.56137514,3.6441629,1.8095839,-0.93447828,0.33178073,-0.12912101,0
0.9759267,-0.71343964,-1.1147041,0.24903101,0.34996164,-0.90305626,0
1.7466683,0.9431206,1.3993554,0.93447828,-0.33178073,0.12912101,0
-0.0015338659,3.645102,1.9702675,0.25442928,0.87604141,0.40965497,0
-1.708439,-1.6291516,0.004878521,-0.24903101,-0.34996164,0.90305626,0
0.61431825,-3.3301287,-2.2284684,0.24903101,0.34996164,-0.90305626,0
-2.0299029,-1.9794167,-2.0123196,-0.93447828,0.33178073,-0.12912101,0
-0.41134334,-3.6372371,-1.7306566,-0.25442928,-0.87604141,-0.40965497,0
-1.8402632,-2.0145807,-2.3955412,0.24903101,0.34996164,-0.90305626,0
-2.3832831,-2.5462918,-0.91143131,-0.93447828,0.33178073,-0.12912101,0
0.93459302,1.9203339,2.1092658,-0.24903101,-0.34996164,0.90305626,0
-0.64386237,-3.9740005,-0.61024833,-0.24903101,-0.34996164,0.90305626,0
-0.62090516,2.6835027,-0.22803199,-0.93447828,0.33178073,-0.12912101,0
1.5304388,0.020179093,0.59272885,0.93447828,-0.33178073,0.12912101,0
-1.5631886,-3.2517719,-1.8395774,-0.25442928,-0.87604141,-0.40965497,0
-0.93843323,-3.5053856,-1.6852531,-0.25442928,-0.87604141,-0.40965497,0
1.9164761,0.88847744,0.030008674,0.93447828,-0.33178073,0.12912101,0
-2.4436541,-3.4013305,-0.97290945,-0.25442928,-0.87604141,-0.40965497,0
1.9067265,2.9595485,0.56537104,0.24903101,0.34996164,-0.90305626,0
-0.088396668,3.6825628,1.9441077,0.25442928,0.87604141,0.40965497,0
2.418786,3.3794146,1.0352209,0.25442928,0.87604141,0.40965497,0
1.2337743,-1.3050706,-0.66551644,0.93447828,-0.33178073,0.12912101,0
0.94751251,-1.6874913,0.42358422,0.93447828,-0.33178073,0.12912101,0
1.50737,2.4325261,2.4657073,-0.24903101,-0.34996164,0.90305626,0
1.1926645,1.1517583,-0.33211517,0.24903101,0.34996164,-0.90305626,0
-1.3348439,-2.8695755,-0.37279868,-0.24903101,-0.34996164,0.90305626,0
-1.6731799,-0.94920731,-1.9366012,0.24903101,0.34996164,-0.90305626,0
-0.92034513,-2.6584711,-0.17668533,-0.24903101,-0.34996164,0.90305626,0
1.3377898,3.4960806,1.4571187,0.25442928,0.87604141,0.40965497,0
-0.63790506,-3.402936,-2.0909925,-0.25442928,-0.87604141,-0.40965497,0
-0.1902567,-0.99012518,-1.5435202,0.24903101,0.34996164,-0.90305626,0
0.50290227,0.88391352,-0.62612516,0.24903101,0.34996164,-0.90305626,0
1.3318528,-0.80621868,-0.093515798,0.93447828,-0.33178073,0.12912101,0
1.8612045,0.73973262,0.047816873,0.93447828,-0.33178073,0.12912101,0
-0.54604173,3.4124672,1.1032645,-0.93447828,0.33178073,-0.12912101,0
-1.2020593,0.89146465,-0.6267873,-0.93447828,0.33178073,-0.12912101,0
-1.3080132,0.74073851,-0.24727067,-0.93447828,0.33178073,-0.12912101,0
1.8354729,3.6284199,0.86501122,0.25442928,0.87604141,0.40965497,0
0.071409702,-3.8332911,-1.611227,-0.25442928,-0.87604141,-0.40965497,0
-0.076095581,3.1457586,0.090740681,0.24903101,0.34996164,-0.90305626,0
-0.54763877,-3.5508599,-1.8307223,-0.25442928,-0.87604141,-0.40965497,0
-0.2564075,3.0880075,0.018636703,0.24903101,0.34996164,-0.90305626,0
0.74858809,-2.3945756,0.046368837,0.93447828,-0.33178073,0.12912101,0
1.4271147,-0.77570295,-0.70453823,0.93447828,-0.33178073,0.12912101,0
0.90583819,2.2813561,2.2412431,-0.24903101,-0.34996164,0.90305626,0
1.9031956,3.5369165,1.0186288,0.25442928,0.87604141,0.40965497,0
0.47739685,-0.4093948,1.0803472,-0.24903101,-0.34996164,0.90305626,0
-0.75857532,2.7204661,0.86329854,-0.93447828,0.33178073,-0.12912101,0
-2.4359181,-3.3874261,-1.0074465,-0.25442928,-0.87604141,-0.40965497,0
-1.8062048,-3.4950058,-1.168493,-0.25442928,-0.87604141,-0.40965497,0
-1.149454,-1.7393041,-2.0983622,0.24903101,0.34996164,-0.90305626,0
0.5500803,-2.9567046,-2.10147,0.24903101,0.34996164,-0.90305626,0
2.5273156,2.8795276,0.72529531,0.93447828,-0.33178073,0.12912101,0
-2.2091103,-2.4091327,-1.8195251,-0.93447828,0.33178073,-0.12912101,0
1.3701167,3.426012,1.5868816,0.25442928,0.87604141,0.40965497,0
-0.89582443,2.0420117,0.11329043,-0.93447828,0.33178073,-0.12912101,0
-0.024609566,3.1300292,2.313545,-0.24903101,-0.34996164,0.90305626,0
0.38861549,3.7549932,1.4929526,0.25442928,0.87604141,0.40965497,0
1.0744284,-1.3882742,0.2739132,0.93447828,-0.33178073,0.12912101,0
0.40587819,-2.6237102,-2.0121906,0.24903101,0.34996164,-0.90305626,0
0.6507268,2.2572742,2.1615601,-0.24903101,-0.34996164,0.90305626,0
1.8283935,2.5512495,2.6002431,-0.24903101,-0.34996164,0.90305626,0
0.55889904,3.2465611,2.4744673,0.25442928,0.87604141,0.40965497,0
1.1954715,-1.3903377,-0.60740691,0.93447828,-0.33178073,0.12912101,0
0.77300388,2.0076275,-0.11616766,0.24903101,0.34996164,-0.90305626,0
-2.3529189,-2.7310648,-1.605963,-0.93447828,0.33178073,-0.12912101,0
-0.22889769,1.9476367,1.7989967,-0.24903101,-0.34996164,0.90305626,0
-1.2939864,0.7655704,-0.28497848,-0.93447828,0.33178073,-0.12912101,0
-1.3749582,-0.92189193,-1.8437765,0.24903101,0.34996164,-0.90305626,0
1.3337963,-0.87967229,-0.29632273,0.93447828,-0.33178073,0.12912101,0
-0.67384291,3.1167879,1.2684338,-0.93447828,0.33178073,-0.12912101,0
2.0822945,2.700501,2.6960559,0.25442928,0.87604141,0.40965497,0
-0.23891987,0.14112014,1.0961535,-0.24903101,-0.34996164,0.90305626,0
-0.32743382,3.5245094,0.16820812,0.24903101,0.34996164,-0.90305626,0
-0.95033693,-3.4144588,-1.8723061,-0.25442928,-0.87604141,-0.40965497,0
0.71043932,2.5263953,2.2823188,-0.24903101,-0.34996164,0.90305626,0
1.8453569,0.6458627,-0.078689933,0.93447828,-0.33178073,0.12912101,0
-1.4644089,-2.9281206,-2.5930521,-0.25442928,-0.87604141,-0.40965497,0
-2.1703777,-3.4715416,-0.99249029,-0.25442928,-0.87604141,-0.40965497,0
-0.41074616,-3.5299459,-1.9604676,-0.25442928,-0.87604141,-0.40965497,0
-0.81294143,2.962975,1.8798943,-0.93447828,0.33178073,-0.12912101,0
1.0289438,3.1241655,2.4442725,0.25442928,0.87604141,0.40965497,0
-0.029839277,3.9008892,1.440851,0.25442928,0.87604141,0.40965497,0
-1.3996986,0.31908143,-0.66718328,-0.93447828,0.33178073,-0.12912101,0
1.8832686,2.7977121,2.611783,0.25442928,0.87604141,0.40965497,0
-0.81995082,-0.80341852,0.56988847,-0.24903101,-0.34996164,0.90305626,0
1.1157813,0.32677948,-0.67302102,0.24903101,0.34996164,-0.90305626,0
0.87128538,3.7483988,1.2072775,0.25442928,0.87604141,0.40965497,0
-0.80638754,-3.2421517,-2.3301854,-0.25442928,-0.87604141,-0.40965497,0
-0.81228614,-0.63307726,0.63801455,-0.24903101,-0.34996164,0.90305626,0
1.2602391,-1.2394677,-0.68848002,0.93447828,-0.33178073,0.12912101,0
-0.29869598,1.9011499,1.7617338,-0.24903101,-0.34996164,0.90305626,0
0.95729405,0.51739609,1.5718452,-0.24903101,-0.34996164,0.90305626,0
1.5247374,2.7681947,2.6005781,-0.24903101,-0.34996164,0.90305626,0
2.2529361,3.4205518,1.0502558,0.25442928,0.87604141,0.40965497,0
1.1413603,3.2523077,2.1004224,0.25442928,0.87604141,0.40965497,0
0.85975492,3.6487274,0.54373074,0.24903101,0.34996164,-0.90305626,0
0.52120441,0.60840261,-0.72784686,0.24903101,0.34996164,-0.90305626,0
-2.2328277,-2.5831378,-2.0949855,-0.93447828,0.33178073,-0.12912101,0
1.8741384,1.275805,-0.09611702,0.24903101,0.34996164,-0.90305626,0
-0.31098342,3.8700275,0.57780981,-0.93447828,0.33178073,-0.12912101,0
1.9597224,0.99560809,-0.007697463,0.93447828,-0.33178073,0.12912101,0
-2.4962375,-3.296905,-1.1635621,-0.25442928,-0.87604141,-0.40965497,0
0.64001632,-3.3035679,-1.503559,0.93447828,-0.33178073,0.12912101,0
0.19780159,-2.7280297,0.1047039,-0.24903101,-0.34996164,0.90305626,0
-0.61488688,1.6360157,-0.64290959,0.24903101,0.34996164,-0.90305626,0
1.078032,-2.0351956,-1.4144551,0.93447828,-0.33178073,0.12912101,0
-0.24401665,1.8798876,-0.44612908,0.24903101,0.34996164,-0.90305626,0
-0.16561532,3.1714864,2.2907267,-0.24903101,-0.34996164,0.90305626,0
0.21713972,-4.1501293,-0.61837053,0.93447828,-0.33178073,0.12912101,0
-0.40332633,-2.1766903,-2.0621071,0.24903101,0.34996164,-0.90305626,0
1.4466546,3.5960364,1.1757505,0.25442928,0.87604141,0.40965497,0
0.70536554,-2.2508814,-1.7851202,0.24903101,0.34996164,-0.90305626,0
1.4161106,-0.46081385,0.18422088,0.93447828,-0.33178073,0.12912101,0
-1.2996279,1.206032,0.8876313,-0.93447828,0.33178073,-0.12912101,0
-1.2335709,0.8846333,-0.41628414,-0.93447828,0.33178073,-0.12912101,0
1.6414126,0.3350392,0.59862977,0.93447828,-0.33178073,0.12912101,0
-0.85074782,-0.73424315,0.58820337,-0.24903101,-0.34996164,0.90305626,0
0.91674149,-2.3140833,-0.96376932,0.93447828,-0.33178073,0.12912101,0
2.3388789,3.3451662,1.1580892,0.25442928,0.87604141,0.40965497,0
-1.1389332,-3.5663419,-1.430372,-0.25442928,-0.87604141,-0.40965497,0
0.22042108,-4.1633797,-0.67616677,0.93447828,-0.33178073,0.12912101,0
0.41830993,-3.4365501,-0.24072051,0.93447828,-0.33178073,0.12912101,0
-0.012838364,3.771735,1.7064862,0.25442928,0.87604141,0.40965497,0
-1.643106,0.0079859495,0.2950418,-0.93447828,0.33178073,-0.12912101,0
1.6048305,1.1145124,1.9818134,-0.24903101,-0.34996164,0.90305626,0
-2.0282178,-1.2875865,-0.24683392,-0.93447828,0.33178073,-0.12912101,0
-0.72144854,3.2801604,2.0327568,-0.93447828,0.33178073,-0.12912101,0
-0.660514,-0.90467125,-1.6400846,0.24903101,0.34996164,-0.90305626,0
-1.5700128,-0.20544013,-0.78235674,-0.93447828,0.33178073,-0.12912101,0
-0.36955881,3.6464422,0.42722273,-0.93447828,0.33178073,-0.12912101,0
1.7904245,1.3144671,2.0368674,0.93447828,-0.33178073,0.12912101,0
2.1239457,1.5365736,0.19381022,0.93447828,-0.33178073,0.12912101,0
1.4586204,3.2657216,1.8746924,0.25442928,0.87604141,0.40965497,0
-1.3463589,0.28441122,-1.1423012,-0.93447828,0.33178073,-0.12912101,0
1.3292818,-0.73261857,0.11420712,0.93447828,-0.33178073,0.12912101,0
-1.7204341,-0.63756204,-0.80407393,-0.93447828,0.33178073,-0.12912101,0
1.0923665,-1.7429974,-1.4815788,0.24903101,0.34996164,-0.90305626,0
1.9969665,2.2874262,2.5444899,-0.24903101,-0.34996164,0.90305626,0
0.62079328,-1.1544826,-1.3835548,0.24903101,0.34996164,-0.90305626,0
-1.6085246,-0.11095166,-0.26084721,-0.93447828,0.33178073,-0.12912101,0
-0.21393278,-0.33532679,-1.2962952,0.24903101,0.34996164,-0.90305626,0
-1.2289443,-3.3803117,-1.7722907,-0.25442928,-0.87604141,-0.40965497,0
0.21124887,2.453867,-0.098148584,0.24903101,0.34996164,-0.90305626,0
0.6591351,2.207386,2.1445453,-0.24903101,-0.34996164,0.90305626,0
1.0980114,-1.3942459,0.0878914,0.93447828,-0.33178073,0.12912101,0
2.0523019,1.86615,1.5591713,0.93447828,-0.33178073,0.12912101,0
-0.5370326,2.6916432,2.0023489,-0.24903101,-0.34996164,0.90305626,0
2.4303844,2.6138153,0.74404955,0.93447828,-0.33178073,0.12912101,0
0.63478422,-3.068203,-0.86091602,0.93447828,-0.33178073,0.12912101,0
0.38448775,1.2963247,1.7157438,-0.24903101,-0.34996164,0.90305626,0
-1.6234781,-0.52995872,-1.2292778,-0.93447828,0.33178073,-0.12912101,0
-0.12718952,3.5488787,2.2540824,0.25442928,0.87604141,0.40965497,0
-0.1706084,-3.9122739,-1.2920105,-0.25442928,-0.87604141,-0.40965497,0
0.46360314,-3.0587311,-2.1648557,0.24903101,0.34996164,-0.90305626,0
0.26119667,1.1378076,1.6203144,-0.24903101,-0.34996164,0.90305626,0
-0.39552236,-3.5828624,-1.8567622,-0.25442928,-0.87604141,-0.40965497,0
0.8381238,-2.4653034,-0.78336048,0.93447828,-0.33178073,0.12912101,0
-2.027055,-1.241604,-0.13709474,-0.93447828,0.33178073,-0.12912101,0
-0.59927833,-3.969816,-0.90271807,-0.25442928,-0.87604141,-0.40965497,0
0.77495623,-2.1607075,0.45646715,0.93447828,-0.33178073,0.12912101,0
0.043823004,-3.9259834,-1.3958721,-0.25442928,-0.87604141,-0.40965497,0
1.1071439,-1.3831533,0.050300241,0.93447828,-0.33178073,0.12912101,0
-1.2893168,-3.4624493,-1.5591445,-0.25442928,-0.87604141,-0.40965497,0
1.8457204,0.84344381,0.42637157,0.93447828,-0.33178073,0.12912101,0
-2.011044,-2.8425481,-2.4365425,-0.25442928,-0.87604141,-0.40965497,0
-1.4783893,-0.26519811,0.59689134,-0.24903101,-0.34996164,0.90305626,0
-0.060905457,2.8907075,2.2107916,-0.24903101,-0.34996164,0.90305626,0
-0.69962549,2.8762536,0.83696747,-0.93447828,0.33178073,-0.12912101,0
-1.9625937,-1.8581988,-2.1879773,-0.93447828,0.33178073,-0.12912101,0
-1.7808868,-2.8910582,-2.4757509,-0.25442928,-0.87604141,-0.40965497,0
-0.44070423,-3.4652886,-2.0801299,-0.25442928,-0.87604141,-0.40965497,0
1.3779116,1.7695683,2.1730912,-0.24903101,-0.34996164,0.90305626,0
-1.5454072,-0.39474976,0.5282048,-0.24903101,-0.34996164,0.90305626,0
2.0199771,1.4072508,0.61395586,0.93447828,-0.33178073,0.12912101,0
-0.50645995,1.030273,1.366949,-0.24903101,-0.34996164,0.90305626,0
-0.61927378,1.2164102,-0.80672932,0.24903101,0.34996164,-0.90305626,0
1.5321774,3.4830873,1.3641739,0.25442928,0.87604141,0.40965497,0
2.0672016,1.8493931,0.17940593,0.24903101,0.34996164,-0.90305626,0
2.1029572,2.8040683,2.4617453,0.25442928,0.87604141,0.40965497,0
1.6073211,0.62332588,1.5861185,0.93447828,-0.33178073,0.12912101,0
2.432703,3.4014416,0.97947192,0.25442928,0.87604141,0.40965497,0
-1.1587204,-1.3371223,-1.94506,0.24903101,0.34996164,-0.90305626,0
0.069432259,4.1633911,0.81783819,0.25442928,0.87604141,0.40965497,0
1.1854457,-1.1683729,0.035499424,0.93447828,-0.33178073,0.12912101,0
-1.678843,-1.8689923,-2.2946072,0.24903101,0.34996164,-0.90305626,0
1.0422988,3.0688162,2.5543416,0.25442928,0.87604141,0.40965497,0
-1.6607162,-0.5473029,-1.004343,-0.93447828,0.33178073,-0.12912101,0
1.8548511,3.3045185,1.545634,0.25442928,0.87604141,0.40965497,0
-2.1889472,-3.0338063,-1.9170477,-0.25442928,-0.87604141,-0.40965497,0
-1.6652749,-3.1381686,-2.0191133,-0.25442928,-0.87604141,-0.40965497,0
-1.5336096,-3.2517693,-1.8579543,-0.25442928,-0.87604141,-0.40965497,0
-1.3332815,-1.2698721,-1.9671364,0.24903101,0.34996164,-0.90305626,0
-1.558508,-1.9350471,-2.2870212,0.24903101,0.34996164,-0.90305626,0
-0.91407371,1.9888594,0.10878849,-0.93447828,0.33178073,-0.12912101,0
-0.053861964,0.42574,1.2574847,-0.24903101,-0.34996164,0.90305626,0
1.6206396,3.7161336,0.81086683,0.25442928,0.87604141,0.40965497,0
-1.8045608,-3.1048141,-2.0039337,-0.25442928,-0.87604141,-0.40965497,0
0.82317311,3.4993203,1.7698095,0.25442928,0.87604141,0.40965497,0
0.95151663,-0.67462957,1.1083063,-0.24903101,-0.34996164,0.90305626,0
-0.81210756,-3.3770044,-2.0382528,-0.25442928,-0.87604141,-0.40965497,0
2.331105,2.7569008,1.8302224,0.93447828,-0.33178073,0.12912101,0
-0.095779777,2.1413407,1.9107721,-0.24903101,-0.34996164,0.90305626,0
-0.76331401,2.2210059,-0.38578546,-0.93447828,0.33178073,-0.12912101,0
-1.272076,-3.7431836,-0.69403887,-0.24903101,-0.34996164,0.90305626,0
0.069636762,-0.2787568,1.0185275,-0.24903101,-0.34996164,0.90305626,0
1.0463668,3.1475801,2.3833797,0.25442928,0.87604141,0.40965497,0
-0.9556514,1.9545003,0.32140917,-0.93447828,0.33178073,-0.12912101,0
-1.4789317,-1.8111776,-0.0023720264,-0.24903101,-0.34996164,0.90305626,0
1.0737201,-1.6396645,-0.36691719,0.93447828,-0.33178073,0.12912101,0
0.43851024,2.6253786,0.03098774,0.24903101,0.34996164,-0.90305626,0
2.0363674,3.2680874,1.5108049,0.25442928,0.87604141,0.40965497,0
-0.041368723,-3.9708889,-0.44289613,-0.24903101,-0.34996164,0.90305626,0
1.9554287,3.5452704,0.96832371,0.25442928,0.87604141,0.40965497,0
-1.0918335,-3.5528424,-1.4884932,-0.25442928,-0.87604141,-0.40965497,0
1.313486,3.7538428,0.70958924,0.24903101,0.34996164,-0.90305626,0
-1.3628024,0.17389804,-1.3072636,-0.93447828,0.33178073,-0.12912101,0
0.53955197,2.8048363,0.12839675,0.24903101,0.34996164,-0.90305626,0
-1.2592858,1.0767547,0.26348299,-0.93447828,0.33178073,-0.12912101,0
0.45041394,-2.9771085,-2.1368618,0.24903101,0.34996164,-0.90305626,0
1.8258932,3.0144186,2.1839938,0.25442928,0.87604141,0.40965497,0
0.84833276,3.2193816,2.3528285,0.25442928,0.87604141,0.40965497,0
-0.55163455,3.7090259,1.9057597,-0.93447828,0.33178073,-0.12912101,0
-1.4245337,-1.1624935,-1.9506879,0.24903101,0.34996164,-0.90305626,0
-1.0239633,2.0188441,0.98113173,-0.93447828,0.33178073,-0.12912101,0
-0.47136897,-1.60365,-1.8588003,0.24903101,0.34996164,-0.90305626,0
-1.3698733,-0.9058615,-1.8361621,0.24903101,0.34996164,-0.90305626,0
2.3864851,2.5446348,0.88399935,0.93447828,-0.33178073,0.12912101,0
2.1230245,3.1229768,1.7673006,0.25442928,0.87604141,0.40965497,0
0.99412447,0.93271685,-0.4717508,0.24903101,0.34996164,-0.90305626,0
-0.11815453,3.6617649,2.0070655,0.25442928,0.87604141,0.40965497,0
0.12535536,-2.2552381,0.26794684,-0.24903101,-0.34996164,0.90305626,0
0.11613083,4.2179937,0.67206883,0.25442928,0.87604141,0.40965497,0
-1.6453786,-3.6759083,-0.88152242,-0.25442928,-0.87604141,-0.40965497,0
0.20400152,0.78262734,1.4668989,-0.24903101,-0.34996164,0.90305626,0
-2.158159,-1.7401212,-0.46922088,-0.93447828,0.33178073,-0.12912101,0
-2.0469065,-1.9755439,-1.8793092,-0.93447828,0.33178073,-0.12912101,0
2.3853757,3.2122898,1.4133656,0.25442928,0.87604141,0.40965497,0
-0.98821837,-0.96051347,0.4626075,-0.24903101,-0.34996164,0.90305626,0
-0.21302092,3.7650151,1.8451865,0.25442928,0.87604141,0.40965497,0
1.663729,0.10389555,-0.15681148,0.93447828,-0.33178073,0.12912101,0
1.0135137,1.1829669,1.8452775,-0.24903101,-0.34996164,0.90305626,0
1.5203835,1.1173551,-0.25507438,0.24903101,0.34996164,-0.90305626,0
2.3152306,3.2174568,1.4458807,0.25442928,0.87604141,0.40965497,0
2.0776362,1.5366898,0.52926111,0.93447828,-0.33178073,0.12912101,0
-0.94711518,1.6458845,-0.53336763,-0.93447828,0.33178073,-0.12912101,0
2.3234463,2.3522453,0.84587574,0.93447828,-0.33178073,0.12912101,0
1.0150913,3.3728633,0.47966123,0.24903101,0.34996164,-0.90305626,0
-1.8876375,-3.2898877,-1.5565588,-0.25442928,-0.87604141,-0.40965497,0
1.4079413,-0.44246602,0.29048845,0.93447828,-0.33178073,0.12912101,0
-0.39258766,2.240361,-0.34740531,0.24903101,0.34996164,-0.90305626,0
2.520684,3.0282574,0.76130533,0.24903101,0.34996164,-0.90305626,0
-0.59911931,-3.312362,-2.3087726,-0.25442928,-0.87604141,-0.40965497,0
0.5728898,-2.972568,-0.16723442,0.93447828,-0.33178073,0.12912101,0
-0.34047854,-3.6530221,-1.7409132,-0.25442928,-0.87604141,-0.40965497,0
-1.3572773,0.4963859,-0.5186072,-0.93447828,0.33178073,-0.12912101,0
1.6713103,0.56836975,0.98180395,0.93447828,-0.33178073,0.12912101,0
-1.7824011,-1.2740245,-1.9910185,-0.93447828,0.33178073,-0.12912101,0
0.59353733,4.0389266,0.62153125,0.24903101,0.34996164,-0.90305626,0
0.13191402,3.7956383,1.5654662,0.25442928,0.87604141,0.40965497,0
-1.6263621,-0.18605578,-0.32473505,-0.93447828,0.33178073,-0.12912101,0
-1.079605,0.26688814,-1.3016405,0.24903101,0.34996164,-0.90305626,0
0.17852497,-4.2339106,-0.82103539,-0.25442928,-0.87604141,-0.40965497,0
-0.026232362,2.1577928,-0.27837515,0.24903101,0.34996164,-0.90305626,0
-0.097558379,3.4477334,2.416548,-0.24903101,-0.34996164,0.90305626,0
0.76348466,3.729306,1.3150599,0.25442928,0.87604141,0.40965497,0
2.4882503,3.2806528,0.85017228,0.24903101,0.34996164,-0.90305626,0
-0.8151536,-3.7996659,-0.58992457,-0.24903101,-0.34996164,0.90305626,0
0.024637163,1.5848107,1.7283067,-0.24903101,-0.34996164,0.90305626,0
-0.87299985,-3.6205444,-1.4796269,-0.25442928,-0.87604141,-0.40965497,0
-2.2321768,-2.0690074,-0.77862167,-0.93447828,0.33178073,-0.12912101,0
-2.09484,-2.90763,-0.59712577,-0.24903101,-0.34996164,0.90305626,0
-2.4113798,-2.5974531,-0.8395474,-0.93447828,0.33178073,-0.12912101,0
2.2247906,2.7646382,2.4703975,0.25442928,0.87604141,0.40965497,0
1.8211752,0.76521611,0.40299952,0.93447828,-0.33178073,0.12912101,0
0.61671615,-2.3553133,0.36466455,-0.24903101,-0.34996164,0.90305626,0
1.8676095,3.3501296,1.4401722,0.25442928,0.87604141,0.40965497,0
1.2953891,0.57530969,1.6875232,-0.24903101,-0.34996164,0.90305626,0
0.29199183,-2.2133441,0.33013451,-0.24903101,-0.34996164,0.90305626,0
1.9941571,1.2433922,0.37978125,0.93447828,-0.33178073,0.12912101,0
0.20823848,3.7850482,1.540709,0.25442928,0.87604141,0.40965497,0
-1.3120542,-1.0232108,0.34900796,-0.24903101,-0.34996164,0.90305626,0
1.0205501,-2.112721,-1.197648,0.93447828,-0.33178073,0.12912101,0
1.2252358,3.6530139,1.1914246,0.25442928,0.87604141,0.40965497,0
0.49435478,0.78468144,-0.66693783,0.24903101,0.34996164,-0.90305626,0
-1.1749213,1.2279327,0.04137513,-0.93447828,0.33178073,-0.12912101,0
-1.9787576,-3.4487658,-1.1602068,-0.25442928,-0.87604141,-0.40965497,0
2.207551,2.8511939,0.60633683,0.24903101,0.34996164,-0.90305626,0
-2.2632575,-2.5234876,-1.7214866,-0.93447828,0.33178073,-0.12912101,0
0.90523255,-2.1529648,-0.46647727,0.93447828,-0.33178073,0.12912101,0
-0.053474188,-3.4577312,-2.3367937,-0.25442928,-0.87604141,-0.40965497,0
2.0305045,2.8490448,2.4105635,0.25442928,0.87604141,0.40965497,0
2.6287191,3.3364451,0.99672484,0.25442928,0.87604141,0.40965497,0
1.0845304,-0.74621755,1.1172442,-0.24903101,-0.34996164,0.90305626,0
-2.4034631,-3.4255438,-0.9460907,-0.25442928,-0.87604141,-0.40965497,0
-1.5373224,-0.018095404,-0.53755742,-0.93447828,0.33178073,-0.12912101,0
-0.21163404,-2.6323481,0.028875828,-0.24903101,-0.34996164,0.90305626,0
-0.71685541,-3.4427204,-1.9568799,-0.25442928,-0.87604141,-0.40965497,0
1.4094396,1.9028436,0.018731594,0.24903101,0.34996164,-0.90305626,0
1.0606538,-1.77528,-0.62082165,0.93447828,-0.33178073,0.12912101,0
-0.32374215,-3.7877059,-1.4632888,-0.25442928,-0.87604141,-0.40965497,0
0.67970157,3.5178976,1.8191898,0.25442928,0.87604141,0.40965497,0
1.754257,0.53068358,0.28466177,0.93447828,-0.33178073,0.12912101,0
1.2049419,1.2478745,-0.29148161,0.24903101,0.34996164,-0.90305626,0
1.5556453,0.011415869,0.38778508,0.93447828,-0.33178073,0.12912101,0
1.9534324,3.5906439,0.87253237,0.25442928,0.87604141,0.40965497,0
-0.50808322,-0.95830798,-1.6188353,0.24903101,0.34996164,-0.90305626,0
0.012930274,3.6655824,1.9174874,0.25442928,0.87604141,0.40965497,0
-0.6112175,3.655108,2.1984315,-0.93447828,0.33178073,-0.12912101,0
1.3788575,-0.97925681,-0.87832701,0.93447828,-0.33178073,0.12912101,0
1.6567366,0.4271929,0.72452009,0.93447828,-0.33178073,0.12912101,0
1.0898335,-2.0326493,-1.4933217,0.93447828,-0.33178073,0.12912101,0
-1.2355627,0.95037782,-0.23293535,-0.93447828,0.33178073,-0.12912101,0
-1.9043095,-3.4770243,-1.1460156,-0.25442928,-0.87604141,-0.40965497,0
0.71117872,3.7818055,1.2352765,0.25442928,0.87604141,0.40965497,0
0.36643955,0.76080441,-0.7114653,0.24903101,0.34996164,-0.90305626,0
0.61227536,-2.9323759,-0.3490032,0.93447828,-0.33178073,0.12912101,0
1.9257286,3.6149321,0.82459164,0.24903101,0.34996164,-0.90305626,0
0.0088443756,-4.244339,-0.69334888,-0.25442928,-0.87604141,-0.40965497,0
-2.4074917,-2.8587096,-1.538995,-0.93447828,0.33178073,-0.12912101,0
1.091083,3.410008,1.7944088,0.25442928,0.87604141,0.40965497,0
-2.0809419,-3.2348487,-1.5542006,-0.25442928,-0.87604141,-0.40965497,0
0.20850468,-4.2245989,-0.74723172,0.93447828,-0.33178073,0.12912101,0
0.22362776,1.5210373,1.7584672,-0.24903101,-0.34996164,0.90305626,0
-1.3627052,-0.67146194,0.47135323,-0.24903101,-0.34996164,0.90305626,0
-1.8027548,-3.5830615,-0.9823308,-0.25442928,-0.87604141,-0.40965497,0
0.32824022,1.7688825,-0.33133864,0.24903101,0.34996164,-0.90305626,0
-0.63374901,3.4501941,1.8349633,-0.93447828,0.33178073,-0.12912101,0
-1.3737849,-2.867378,-2.5973873,0.24903101,0.34996164,-0.90305626,0
-1.452776,-3.4500029,-1.4842393,-0.25442928,-0.87604141,-0.40965497,0
-2.48647,-2.7919676,-0.7959156,-0.93447828,0.33178073,-0.12912101,0
-0.71176684,3.2582059,1.9062752,-0.93447828,0.33178073,-0.12912101,0
2.1111288,2.8462369,2.3664927,0.25442928,0.87604141,0.40965497,0
-0.89283144,-0.55497909,-1.5686332,0.24903101,0.34996164,-0.90305626,0
0.0029219985,-2.1878519,-1.9544035,0.24903101,0.34996164,-0.90305626,0
1.3250208,1.9361441,2.2230587,-0.24903101,-0.34996164,0.90305626,0
-0.65944308,-0.39259243,0.77335846,-0.24903101,-0.34996164,0.90305626,0
1.0860205,-1.8564832,-1.0130608,0.93447828,-0.33178073,0.12912101,0
0.2211585,-4.2224975,-0.8334105,0.93447828,-0.33178073,0.12912101,0
-1.0566239,1.5502141,0.013341069,-0.93447828,0.33178073,-0.12912101,0
-0.22327566,3.8784888,1.6088936,0.25442928,0.87604141,0.40965497,0
-1.2793828,0.48226848,-1.1186223,-0.93447828,0.33178073,-0.12912101,0
-0.66606033,0.75340897,-0.99905801,0.24903101,0.34996164,-0.90305626,0
-1.8717434,-1.0156381,-0.68049335,-0.93447828,0.33178073,-0.12912101,0
1.0448512,0.23939341,1.488256,-0.24903101,-0.34996164,0.90305626,0
1.6297764,1.6220605,2.1853828,-0.24903101,-0.34996164,0.90305626,0
-0.16237855,3.9493916,1.4194467,0.25442928,0.87604141,0.40965497,0
0.76716781,1.7297372,-0.22546804,0.24903101,0.34996164,-0.90305626,0
-1.4330943,0.3586303,0.85113424,-0.24903101,-0.34996164,0.90305626,0
0.7235074,2.4250572,2.2466512,-0.24903101,-0.34996164,0.90305626,0
0.26799685,2.0397165,1.9717065,-0.24903101,-0.34996164,0.90305626,0
-0.70301795,3.1498182,1.5644521,-0.93447828,0.33178073,-0.12912101,0
1.7036928,0.90755188,1.6189849,0.93447828,-0.33178073,0.12912101,0
0.29839671,3.8998511,1.2392104,0.25442928,0.87604141,0.40965497,0
2.3174984,3.0629032,1.7749834,0.25442928,0.87604141,0.40965497,0
1.1129327,3.4224823,1.7541623,0.25442928,0.87604141,0.40965497,0
-0.96136558,-0.24493432,0.74732089,-0.24903101,-0.34996164,0.90305626,0
0.79792458,3.1938806,2.4386697,0.25442928,0.87604141,0.40965497,0
0.71412146,3.2679741,2.3322697,0.25442928,0.87604141,0.40965497,0
1.0333577,-1.6853611,-0.19222558,0.93447828,-0.33178073,0.12912101,0
-0.47532344,3.4408824,0.6644752,-0.93447828,0.33178073,-0.12912101,0
-1.1158775,-3.5907245,-1.3925495,-0.25442928,-0.87604141,-0.40965497,0
1.5389575,-0.31080908,-0.31940946,0.93447828,-0.33178073,0.12912101,0
-0.51246262,-1.9296734,0.21822512,-0.24903101,-0.34996164,0.90305626,0
-0.15484142,4.0747628,1.1466608,0.25442928,0.87604141,0.40965497,0
-0.6307795,2.7439809,-0.0011674166,-0.93447828,0.33178073,-0.12912101,0
0.12822318,-3.9290547,-1.4417233,-0.25442928,-0.87604141,-0.40965497,0
-0.91157806,-3.1212504,-2.5233998,-0.25442928,-0.87604141,-0.40965497,0
-1.6341332,-3.3369255,-1.6134157,-0.25442928,-0.87604141,-0.40965497,0
0.71097183,-2.9686379,-1.1564658,0.93447828,-0.33178073,0.12912101,0
-1.3713392,0.10664171,-1.4182974,-0.93447828,0.33178073,-0.12912101,0
-1.0726199,-3.8405049,-0.88526487,-0.25442928,-0.87604141,-0.40965497,0
-1.815183,-2.6977553,-0.43867397,-0.24903101,-0.34996164,0.90305626,0
-1.1361151,0.4382506,0.9638859,-0.24903101,-0.34996164,0.90305626,0
-0.39450264,-3.7348485,-1.5323758,-0.25442928,-0.87604141,-0.40965497,0
-0.14007604,-3.9109902,-1.313719,-0.25442928,-0.87604141,-0.40965497,0
0.32846671,1.8385186,-0.30429018,0.24903101,0.34996164,-0.90305626,0
0.85910702,-2.3238995,-0.57187855,0.93447828,-0.33178073,0.12912101,0
-0.99575436,-3.9091165,-0.7862792,-0.25442928,-0.87604141,-0.40965497,0
1.2825145,-1.2387221,-0.84777582,0.93447828,-0.33178073,0.12912101,0
1.2559868,-1.2275051,-0.62696701,0.93447828,-0.33178073,0.12912101,0
-0.53850746,-3.9556594,-0.97073603,-0.25442928,-0.87604141,-0.40965497,0
1.4163451,-0.033928782,1.2794172,0.93447828,-0.33178073,0.12912101,0
-1.2388387,0.59265822,-1.1283985,-0.93447828,0.33178073,-0.12912101,0
-0.88535154,2.2333682,0.52919269,-0.93447828,0.33178073,-0.12912101,0
1.9276186,2.9326024,0.56068969,0.24903101,0.34996164,-0.90305626,0
-0.32045913,0.74745381,-0.90606135,0.24903101,0.34996164,-0.90305626,0
0.38840532,-3.7189455,-0.74991918,0.93447828,-0.33178073,0.12912101,0
1.1952077,-0.87748682,0.71228993,0.93447828,-0.33178073,0.12912101,0
-1.064975,1.604126,0.21231025,-0.93447828,0.33178073,-0.12912101,0
1.6244867,2.9135115,2.5248718,0.25442928,0.87604141,0.40965497,0
0.85950363,-2.503942,-1.0373753,0.93447828,-0.33178073,0.12912101,0
-0.83460855,-3.1780753,-0.35440445,-0.24903101,-0.34996164,0.90305626,0
-2.1718767,-2.0432963,-1.1489639,-0.93447828,0.33178073,-0.12912101,0
1.3687509,3.2859578,1.8872335,0.25442928,0.87604141,0.40965497,0
1.9691645,1.5710412,1.4025619,0.93447828,-0.33178073,0.12912101,0
-1.3344302,0.7082305,-0.13961369,-0.93447828,0.33178073,-0.12912101,0
1.2062385,-1.6362376,-1.317179,0.93447828,-0.33178073,0.12912101,0
-1.8006003,-2.891355,-2.4628723,-0.25442928,-0.87604141,-0.40965497,0
1.4830542,-0.11019865,0.60065252,0.93447828,-0.33178073,0.12912101,0
-0.3269366,1.7912405,1.7113528,-0.24903101,-0.34996164,0.90305626,0
1.9834956,3.4803224,1.0897806,0.25442928,0.87604141,0.40965497,0
0.27294853,0.8042078,-0.72042656,0.24903101,0.34996164,-0.90305626,0
-2.053731,-1.7914251,-1.3568189,-0.93447828,0.33178073,-0.12912101,0
0.035683393,3.8310366,1.5495346,0.25442928,0.87604141,0.40965497,0
0.42657995,-3.3693318,-0.12785411,0.93447828,-0.33178073,0.12912101,0
1.825722,0.69663918,-0.33391273,0.24903101,0.34996164,-0.90305626,0
1.678776,0.5496375,0.87963885,0.93447828,-0.33178073,0.12912101,0
1.5488938,-0.26705927,-0.27890483,0.93447828,-0.33178073,0.12912101,0
-2.1138046,-2.1142275,-1.7515066,-0.93447828,0.33178073,-0.12912101,0
2.0319459,2.3288364,0.3554821,0.24903101,0.34996164,-0.90305626,0
-1.650682,-2.8919075,-2.5548024,-0.25442928,-0.87604141,-0.40965497,0
-0.61866724,0.49967545,1.1303836,-0.24903101,-0.34996164,0.90305626,0
0.38427043,-3.7962625,-0.91866422,0.93447828,-0.33178073,0.12912101,0
-2.2021797,-3.4302552,-1.0610294,-0.25442928,-0.87604141,-0.40965497,0
2.1085095,2.0472109,1.6176238,0.93447828,-0.33178073,0.12912101,0
1.7354273,2.9014602,2.4817407,0.25442928,0.87604141,0.40965497,0
-1.3077083,0.58316112,-0.65437818,-0.93447828,0.33178073,-0.12912101,0
-0.22533104,1.3169022,1.5555518,-0.24903101,-0.34996164,0.90305626,0
-0.16692019,-3.7885458,-0.40685558,-0.24903101,-0.34996164,0.90305626,0
0.86703181,-2.6248937,-1.4026475,0.93447828,-0.33178073,0.12912101,0
1.9495685,2.5232544,2.6228099,-0.24903101,-0.34996164,0.90305626,0
1.4020817,0.39307231,1.6463227,-0.24903101,-0.34996164,0.90305626,0
-1.1585847,-3.3432946,-1.8951502,-0.25442928,-0.87604141,-0.40965497,0
-1.8495014,-1.2688565,-1.4921182,-0.93447828,0.33178073,-0.12912101,0
0.40767443,2.0103521,1.9988451,-0.24903101,-0.34996164,0.90305626,0
0.20229638,4.2241993,0.60528135,0.25442928,0.87604141,0.40965497,0
-2.0425289,-1.3391448,-0.27574193,-0.93447828,0.33178073,-0.12912101,0
2.2586341,2.4617753,1.5963759,0.93447828,-0.33178073,0.12912101,0
-1.563127,-3.1793399,-0.555794,-0.24903101,-0.34996164,0.90305626,0
0.76793361,-2.2524054,0.27166915,0.93447828,-0.33178073,0.12912101,0
1.3361565,-1.2096014,-1.1611686,0.93447828,-0.33178073,0.12912101,0
1.9747524,3.2639303,1.5579631,0.25442928,0.87604141,0.40965497,0
-0.020522356,3.99546,0.43535066,0.24903101,0.34996164,-0.90305626,0
-2.0499346,-1.5010748,-0.63822877,-0.93447828,0.33178073,-0.12912101,0
0.46331438,1.3071523,1.7416773,-0.24903101,-0.34996164,0.90305626,0
-0.43205619,3.9091597,1.6729734,0.25442928,0.87604141,0.40965497,0
1.3992258,-0.5455128,0.088783085,0.93447828,-0.33178073,0.12912101,0
1.4970388,3.7578368,0.76175427,0.24903101,0.34996164,-0.90305626,0
2.0933661,2.9843225,2.0822313,0.25442928,0.87604141,0.40965497,0
-1.4009174,0.82442862,0.64014411,-0.93447828,0.33178073,-0.12912101,0
-0.16071045,1.2645888,-0.66160285,0.24903101,0.34996164,-0.90305626,0
1.923228,1.3895068,1.2685581,0.93447828,-0.33178073,0.12912101,0
-0.094906569,-4.0140028,-1.1214819,-0.25442928,-0.87604141,-0.40965497,0
2.3070166,3.1011708,1.6996584,0.25442928,0.87604141,0.40965497,0
2.2924666,2.2590544,0.83062267,0.93447828,-0.33178073,0.12912101,0
-0.27885294,-4.0801334,-0.86581707,-0.25442928,-0.87604141,-0.40965497,0
0.02438283,-3.7155011,-1.8339117,-0.25442928,-0.87604141,-0.40965497,0
0.44837153,1.2233291,1.7050726,-0.24903101,-0.34996164,0.90305626,0
0.60773158,2.7266076,0.11688232,0.24903101,0.34996164,-0.90305626,0
-2.114639,-3.2401838,-1.5218639,-0.25442928,-0.87604141,-0.40965497,0
1.1615614,-1.4096446,-0.41160092,0.93447828,-0.33178073,0.12912101,0
2.4121921,2.7958999,1.3435848,0.93447828,-0.33178073,0.12912101,0
-0.88725531,-2.4503975,-2.3016274,0.24903101,0.34996164,-0.90305626,0
-1.9722105,-2.5461445,-0.42322278,-0.24903101,-0.34996164,0.90305626,0
1.5637772,3.458375,1.3973949,0.25442928,0.87604141,0.40965497,0
0.82915533,3.567616,1.6200445,0.25442928,0.87604141,0.40965497,0
0.79942703,1.425643,-0.33441758,0.24903101,0.34996164,-0.90305626,0
0.46989143,4.06107,0.78793359,0.25442928,0.87604141,0.40965497,0
2.0067306,2.9830484,2.1387639,0.25442928,0.87604141,0.40965497,0
0.034593701,-3.9301417,-1.3812475,-0.25442928,-0.87604141,-0.40965497,0
-0.52957368,3.6972921,1.7159483,-0.93447828,0.33178073,-0.12912101,0
0.79455066,-2.2096226,0.18896925,0.93447828,-0.33178073,0.12912101,0
-0.36682296,2.7643075,2.0774465,-0.24903101,-0.34996164,0.90305626,0
0.2680068,1.3866682,1.7186334,-0.24903101,-0.34996164,0.90305626,0
-2.29847,-2.4897301,-1.3799055,-0.93447828,0.33178073,-0.12912101,0
0.37388134,1.4664716,-0.43594575,0.24903101,0.34996164,-0.90305626,0
-0.30545902,-2.7527747,-2.2583685,0.24903101,0.34996164,-0.90305626,0
-0.72063637,2.8735781,0.98215055,-0.93447828,0.33178073,-0.12912101,0
0.93357319,2.7463505,2.4290905,-0.24903101,-0.34996164,0.90305626,0
0.71823359,-3.2465878,-1.9232231,0.93447828,-0.33178073,0.12912101,0
-0.8448813,2.3695495,0.5862236,-0.93447828,0.33178073,-0.12912101,0
-0.95713615,1.685143,-0.35996747,-0.93447828,0.33178073,-0.12912101,0
-1.2147763,-0.26821876,0.66841567,-0.24903101,-0.34996164,0.90305626,0
1.0109669,3.6521349,0.58675027,0.24903101,0.34996164,-0.90305626,0
-0.89192086,-3.6022317,-1.5070367,-0.25442928,-0.87604141,-0.40965497,0
0.56154704,-3.2322047,-0.75228822,0.93447828,-0.33178073,0.12912101,0
0.13793027,-0.38449812,0.99638259,-0.24903101,-0.34996164,0.90305626,0
-2.4558842,-2.8765261,-1.2345486,-0.93447828,0.33178073,-0.12912101,0
0.94082803,-0.26627535,-0.95109355,0.24903101,0.34996164,-0.90305626,0
0.71505934,0.66637862,-0.65192115,0.24903101,0.34996164,-0.90305626,0
2.3812213,3.4430075,0.92255831,0.25442928,0.87604141,0.40965497,0
-1.6865735,-2.9855845,-2.3321838,-0.25442928,-0.87604141,-0.40965497,0
0.46715224,4.1329122,0.623101,0.24903101,0.34996164,-0.90305626,0
1.4447665,-0.17552504,0.7098906,0.93447828,-0.33178073,0.12912101,0
-0.21074778,-3.2951972,-2.4424555,0.24903101,0.34996164,-0.90305626,0
2.2681715,2.9169738,2.1176875,0.25442928,0.87604141,0.40965497,0
-0.89746869,-3.7147546,-0.57971859,-0.24903101,-0.34996164,0.90305626,0
-0.60639286,1.9932842,1.7125869,-0.24903101,-0.34996164,0.90305626,0
0.3081187,-3.4969988,-2.3775747,0.24903101,0.34996164,-0.90305626,0
1.2363939,-1.2106137,-0.44176525,0.93447828,-0.33178073,0.12912101,0
0.56040895,3.6810265,1.5444319,0.25442928,0.87604141,0.40965497,0
-1.9692309,-1.2164946,-0.49106073,-0.93447828,0.33178073,-0.12912101,0
-0.6385892,-3.2562904,-2.4041667,-0.25442928,-0.87604141,-0.40965497,0
-0.98016155,2.0652921,0.7834776,-0.93447828,0.33178073,-0.12912101,0
0.3445003,-3.8854148,-0.85991597,0.93447828,-0.33178073,0.12912101,0
-0.97432792,-3.4447381,-0.49627399,-0.24903101,-0.34996164,0.90305626,0
0.32996202,-0.86429155,0.86340368,-0.24903101,-0.34996164,0.90305626,0
-1.8665806,-1.0030961,-0.68562913,-0.93447828,0.33178073,-0.12912101,0
-2.3097622,-2.9711649,-1.9759691,-0.25442928,-0.87604141,-0.40965497,0
0.024781346,3.6167271,2.0146031,0.25442928,0.87604141,0.40965497,0
1.8957036,3.2452507,1.6470046,0.25442928,0.87604141,0.40965497,0
-2.1143205,-1.8472524,-1.0617684,-0.93447828,0.33178073,-0.12912101,0
1.8109467,3.1187522,1.9701612,0.25442928,0.87604141,0.40965497,0
-1.6816483,-3.0341642,-2.2313559,-0.25442928,-0.87604141,-0.40965497,0
-0.44343781,3.6007879,2.3394914,0.25442928,0.87604141,0.40965497,0
0.73615301,-1.2766132,0.81562966,-0.24903101,-0.34996164,0.90305626,0
-1.2227253,1.5367184,1.1807784,-0.93447828,0.33178073,-0.12912101,0
-1.9690592,-1.1780832,-0.3936044,-0.93447828,0.33178073,-0.12912101,0
0.96280169,-2.0927951,-0.72850996,0.93447828,-0.33178073,0.12912101,0
0.41256082,-3.6347103,-2.247771,-0.25442928,-0.87604141,-0.40965497,0
-1.6759402,-0.85324883,-1.6803024,-0.93447828,0.33178073,-0.12912101,0
2.1059258,2.0445325,1.6294411,0.93447828,-0.33178073,0.12912101,0
-0.37678093,-2.7496839,-2.276839,0.24903101,0.34996164,-0.90305626,0
1.1161259,1.9069375,2.1541345,-0.24903101,-0.34996164,0.90305626,0
1.810837,1.281337,1.8040094,0.93447828,-0.33178073,0.12912101,0
1.0301174,3.0466447,0.35738564,0.24903101,0.34996164,-0.90305626,0
-0.64067411,2.8164904,0.25675786,-0.93447828,0.33178073,-0.12912101,0
0.77935857,0.73986518,-0.60571134,0.24903101,0.34996164,-0.90305626,0
-0.13310659,3.4812527,2.4023747,0.25442928,0.87604141,0.40965497,0
-1.2000773,-2.5493898,-2.426255,0.24903101,0.34996164,-0.90305626,0
-0.0082089901,-2.2050304,-1.9641302,0.24903101,0.34996164,-0.90305626,0
-0.95749837,-3.7653074,-1.117573,-0.25442928,-0.87604141,-0.40965497,0
-1.4010341,-3.0916538,-2.2827001,-0.25442928,-0.87604141,-0.40965497,0
-0.54736465,-0.59006071,0.72774082,-0.24903101,-0.34996164,0.90305626,0
0.58057088,3.8170855,1.2409492,0.25442928,0.87604141,0.40965497,0
-1.9718565,-3.4466684,-1.1689792,-0.25442928,-0.87604141,-0.40965497,0
-0.17157561,-3.183167,-2.3882384,0.24903101,0.34996164,-0.90305626,0
1.0313348,3.5968215,1.4320197,0.25442928,0.87604141,0.40965497,0
1.0255605,-2.153254,-1.6589882,0.24903101,0.34996164,-0.90305626,0
-0.70881689,3.1644621,1.6440468,-0.93447828,0.33178073,-0.12912101,0
0.83418417,3.7872899,1.1471527,0.25442928,0.87604141,0.40965497,0
-1.6956789,-3.4224467,-1.3923049,-0.25442928,-0.87604141,-0.40965497,0
-0.52282548,-0.34949175,-1.3869662,0.24903101,0.34996164,-0.90305626,0
0.022239208,3.0172124,2.2827442,-0.24903101,-0.34996164,0.90305626,0
0.5919348,3.5361943,1.834573,0.25442928,0.87604141,0.40965497,0
1.3283644,-0.93572867,-0.40104893,0.93447828,-0.33178073,0.12912101,0
-0.19095969,3.737396,1.8905479,0.25442928,0.87604141,0.40965497,0
-0.23372674,-3.5531027,-2.0208907,-0.25442928,-0.87604141,-0.40965497,0
1.9345003,3.3959713,1.3005955,0.25442928,0.87604141,0.40965497,0
-2.1906958,-2.5646636,-2.352437,-0.93447828,0.33178073,-0.12912101,0
1.8532296,0.71197736,0.03421545,0.93447828,-0.33178073,0.12912101,0
0.44882494,-0.89397609,-1.3300234,0.24903101,0.34996164,-0.90305626,0
-0.50179052,-3.8769903,-0.53347564,-0.24903101,-0.34996164,0.90305626,0
1.1520754,2.0446582,0.0027170181,0.24903101,0.34996164,-0.90305626,0
-0.15752602,4.0192604,1.2670193,0.25442928,0.87604141,0.40965497,0
-0.012793422,3.6897249,1.8818357,0.25442928,0.87604141,0.40965497,0
0.32372874,1.0741872,-0.601798,0.24903101,0.34996164,-0.90305626,0
