-1.4464791,-0.38968781,-3.2484818,0.74446821,0.12985152,-0.65490878,0
0.21367872,2.0767069,2.1815872,-0.74446821,-0.12985152,0.65490878,0
-1.026143,-2.629565,-2.2770338,-0.48821601,-0.56322241,-0.66665256,0
-1.9659792,-1.438679,-2.5948768,-0.48821601,-0.56322241,-0.66665256,0
-0.72081017,-2.4076288,-2.6881442,-0.48821601,-0.56322241,-0.66665256,0
-1.991207,-0.55268455,-0.8461597,-0.74446821,-0.12985152,0.65490878,0
-0.90809178,1.5161474,0.79526877,-0.74446821,-0.12985152,0.65490878,0
-2.1056933,-2.3255641,-1.7432722,-0.48821601,-0.56322241,-0.66665256,0
-0.96140277,-1.9183342,-2.9253299,-0.48821601,-0.56322241,-0.66665256,0
1.2928597,-0.27428037,1.9313427,0.4554252,-0.81603861,0.35590562,0
2.7554338,0.83669382,2.525316,0.48821601,0.56322241,0.66665256,0
0.68521738,2.1343484,2.7290378,-0.74446821,-0.12985152,0.65490878,0
-0.059984565,1.3493083,1.7262756,-0.74446821,-0.12985152,0.65490878,0
-1.1590248,-0.95064282,-3.0329406,0.74446821,0.12985152,-0.65490878,0
1.741362,2.7337601,1.6652216,0.48821601,0.56322241,0.66665256,0
-1.4585423,-3.1769032,-1.2031813,0.4554252,-0.81603861,0.35590562,0
-2.3886671,-1.4905142,-1.4839205,-0.74446821,-0.12985152,0.65490878,0
1.5892068,0.41062021,0.36101782,0.74446821,0.12985152,-0.65490878,0
-2.2851796,-0.035635531,-1.3721378,-0.4554252,0.81603861,-0.35590562,0
0.53772312,-1.1219629,0.95402324,0.4554252,-0.81603861,0.35590562,0
-1.3038104,1.1581178,0.2744472,-0.74446821,-0.12985152,0.65490878,0
0.92536551,0.65891236,2.7094853,-0.74446821,-0.12985152,0.65490878,0
-2.2371845,-1.8902456,-2.0147555,-0.48821601,-0.56322241,-0.66665256,0
0.87960494,-0.84628671,-0.69483489,0.74446821,0.12985152,-0.65490878,0
1.4056191,-0.61155993,1.0137211,0.4554252,-0.81603861,0.35590562,0
1.6412424,-0.085876897,1.9175251,0.4554252,-0.81603861,0.35590562,0
-2.1657028,-2.1568265,-1.8418831,-0.48821601,-0.56322241,-0.66665256,0
1.8380793,2.7037354,1.6197579,0.48821601,0.56322241,0.66665256,0
1.4950109,0.3422024,3.0861685,0.4554252,-0.81603861,0.35590562,0
1.8363163,0.98339128,3.0744846,0.48821601,0.56322241,0.66665256,0
1.2642369,2.0658536,2.5789208,0.48821601,0.56322241,0.66665256,0
-2.049222,-2.699357,-1.4688289,-0.48821601,-0.56322241,-0.66665256,0
-2.3675187,-0.85397714,-2.7947996,-0.48821601,-0.56322241,-0.66665256,0
-0.61965281,0.15575832,-2.200438,0.74446821,0.12985152,-0.65490878,0
1.6682541,0.3242352,2.8232863,0.4554252,-0.81603861,0.35590562,0
-0.1644741,0.63883847,-1.5872309,0.74446821,0.12985152,-0.65490878,0
-1.7045724,-0.72526562,-3.3890438,-0.48821601,-0.56322241,-0.66665256,0
-2.8484457,-0.91308981,-2.3926566,-0.48821601,-0.56322241,-0.66665256,0
-1.2921385,0.22113715,-2.0541151,-0.4554252,0.81603861,-0.35590562,0
-0.52679062,-2.7467046,-1.4090909,0.4554252,-0.81603861,0.35590562,0
-1.2689676,1.2528203,0.3328318,-0.74446821,-0.12985152,0.65490878,0
2.0200458,0.80723125,3.0887613,0.48821601,0.56322241,0.66665256,0
0.52842569,-1.8057756,-0.6019606,0.4554252,-0.81603861,0.35590562,0
0.91943276,-1.3945165,-0.15934598,0.4554252,-0.81603861,0.35590562,0
0.94146788,1.3298848,-0.1930337,0.74446821,0.12985152,-0.65490878,0
1.3850659,-0.20731702,1.9668903,0.4554252,-0.81603861,0.35590562,0
-0.050917745,1.6844409,1.8030305,-0.74446821,-0.12985152,0.65490878,0
0.12285566,1.6962023,2.0028996,-0.74446821,-0.12985152,0.65490878,0
-1.0299742,1.3034525,0.092001617,-0.4554252,0.81603861,-0.35590562,0
0.12219977,-2.4917583,-1.8820709,0.74446821,0.12985152,-0.65490878,0
-2.6521916,-0.34132946,-1.6034112,-0.4554252,0.81603861,-0.35590562,0
-2.5696566,-1.6337779,-1.9879502,-0.48821601,-0.56322241,-0.66665256,0
0.80858934,2.7055285,0.95408428,-0.4554252,0.81603861,-0.35590562,0
1.2428842,-0.56144536,1.3368658,0.4554252,-0.81603861,0.35590562,0
2.3030071,1.6365255,1.4154962,0.74446821,0.12985152,-0.65490878,0
0.049624324,-2.0535555,-0.55739737,0.4554252,-0.81603861,0.35590562,0
2.3752477,0.87404037,2.7721889,0.48821601,0.56322241,0.66665256,0
1.4526058,0.0078176409,2.3737366,0.4554252,-0.81603861,0.35590562,0
1.2892498,1.2502584,3.2403798,-0.74446821,-0.12985152,0.65490878,0
2.287411,2.1181743,1.4932661,0.74446821,0.12985152,-0.65490878,0
2.0898132,2.629734,1.3700758,0.74446821,0.12985152,-0.65490878,0
-1.2360747,-1.1988232,-0.11587489,-0.74446821,-0.12985152,0.65490878,0
0.59409988,3.0214183,1.9528388,-0.4554252,0.81603861,-0.35590562,0
0.19328243,-1.4468727,0.64980781,0.4554252,-0.81603861,0.35590562,0
1.2696509,1.3860152,3.1493185,0.48821601,0.56322241,0.66665256,0
1.4486411,-0.13532472,0.092982754,0.74446821,0.12985152,-0.65490878,0
1.025306,-0.99466246,0.62198168,0.4554252,-0.81603861,0.35590562,0
0.038891792,2.4029312,1.2451965,-0.4554252,0.81603861,-0.35590562,0
2.1288652,1.3786496,2.5263047,0.48821601,0.56322241,0.66665256,0
-2.0733929,-2.7731464,-1.3887866,-0.48821601,-0.56322241,-0.66665256,0
-0.95114988,-2.1009254,0.029150128,-0.74446821,-0.12985152,0.65490878,0
1.6079223,0.24939092,2.7288814,0.4554252,-0.81603861,0.35590562,0
-1.6620716,-0.051206805,-2.205184,-0.4554252,0.81603861,-0.35590562,0
0.97377551,-1.390316,-0.21925366,0.4554252,-0.81603861,0.35590562,0
-1.5840808,-0.1896193,-2.6223419,-0.4554252,0.81603861,-0.35590562,0
-0.99272704,-2.1058404,-2.7439754,-0.48821601,-0.56322241,-0.66665256,0
1.0666051,-0.39017677,-0.39182767,0.74446821,0.12985152,-0.65490878,0
0.05506897,2.2510915,0.87635028,-0.4554252,0.81603861,-0.35590562,0
-0.18895259,-0.96113205,1.1215703,-0.74446821,-0.12985152,0.65490878,0
-0.17289257,-0.3290503,-1.788708,0.74446821,0.12985152,-0.65490878,0
1.7157896,1.1438092,3.0272217,0.48821601,0.56322241,0.66665256,0
0.12093377,-1.5135626,0.58947682,0.4554252,-0.81603861,0.35590562,0
-2.9819691,-0.70662904,-2.0189974,-0.4554252,0.81603861,-0.35590562,0
-0.82212317,-2.4273136,-2.5973182,-0.48821601,-0.56322241,-0.66665256,0
1.7819541,-0.55176997,0.66924369,0.4554252,-0.81603861,0.35590562,0
-0.66164619,0.034199715,-2.2722759,0.74446821,0.12985152,-0.65490878,0
2.9865797,1.0335345,2.1897376,0.48821601,0.56322241,0.66665256,0
-0.16525459,-1.9025911,0.063705266,0.4554252,-0.81603861,0.35590562,0
-2.1844983,-1.9758286,-1.9810349,-0.48821601,-0.56322241,-0.66665256,0
-0.95199966,0.82913578,0.60913962,-0.74446821,-0.12985152,0.65490878,0
-1.3106453,-3.0745692,-1.6927193,-0.48821601,-0.56322241,-0.66665256,0
0.26621237,-0.72761363,1.6852801,-0.74446821,-0.12985152,0.65490878,0
0.24119323,1.8062099,-0.38186628,-0.4554252,0.81603861,-0.35590562,0
0.78331447,-1.4184164,-0.91773206,0.74446821,0.12985152,-0.65490878,0
-0.28877449,-2.1919203,-0.44162416,0.4554252,-0.81603861,0.35590562,0
-1.8032601,0.63420236,-0.45297468,-0.4554252,0.81603861,-0.35590562,0
-1.333138,-0.94581878,-0.17604738,-0.74446821,-0.12985152,0.65490878,0
-1.4718475,-2.0788567,-2.415894,-0.48821601,-0.56322241,-0.66665256,0
-0.98582208,-2.9238329,-1.2278326,0.4554252,-0.81603861,0.35590562,0
0.16105878,-2.0471087,-0.68520939,0.4554252,-0.81603861,0.35590562,0
-0.56331223,-0.36745656,-2.240133,0.74446821,0.12985152,-0.65490878,0
-1.1360543,-2.6923103,-0.50474417,0.4554252,-0.81603861,0.35590562,0
2.2024045,2.5159061,1.511636,0.48821601,0.56322241,0.66665256,0
2.2398698,1.3160686,1.2801868,0.74446821,0.12985152,-0.65490878,0
-1.5934571,-2.8253443,-1.6961629,-0.48821601,-0.56322241,-0.66665256,0
0.22875178,-1.9822813,-0.62319219,0.4554252,-0.81603861,0.35590562,0
2.523973,1.4799381,2.1513779,0.48821601,0.56322241,0.66665256,0
1.9126973,1.2736982,2.7732816,0.48821601,0.56322241,0.66665256,0
-0.40987718,2.0474794,1.0044539,-0.4554252,0.81603861,-0.35590562,0
1.8590612,1.3601041,2.7395611,0.48821601,0.56322241,0.66665256,0
1.701825,-0.60494655,0.64985281,0.4554252,-0.81603861,0.35590562,0
1.2792163,1.1799858,0.16118127,0.74446821,0.12985152,-0.65490878,0
-0.83323038,-1.7860587,-2.8282351,0.74446821,0.12985152,-0.65490878,0
1.0015281,1.3074868,-0.12920099,0.74446821,0.12985152,-0.65490878,0
-0.88530439,1.149151,-0.44691181,-0.4554252,0.81603861,-0.35590562,0
1.5452538,1.2356844,3.074491,0.48821601,0.56322241,0.66665256,0
2.3046281,2.0292351,1.8479384,0.48821601,0.56322241,0.66665256,0
2.0595002,1.8036301,2.2180581,0.48821601,0.56322241,0.66665256,0
1.8427598,2.6353779,1.674082,0.48821601,0.56322241,0.66665256,0
0.24199307,1.4944464,-0.95553386,0.74446821,0.12985152,-0.65490878,0
-0.22935086,-1.6257551,0.78046858,0.4554252,-0.81603861,0.35590562,0
0.08629775,1.601416,1.9425488,-0.74446821,-0.12985152,0.65490878,0
0.50873005,-1.0212693,-1.1511221,0.74446821,0.12985152,-0.65490878,0
-0.82688236,1.6164266,0.54972339,-0.4554252,0.81603861,-0.35590562,0
-2.5348454,-1.7922821,-1.7099212,-0.74446821,-0.12985152,0.65490878,0
-0.66240323,-3.0283065,-2.2065377,-0.48821601,-0.56322241,-0.66665256,0
-1.0027328,-1.7158378,0.046866238,-0.74446821,-0.12985152,0.65490878,0
-1.1270558,-1.8962607,-2.8226647,-0.48821601,-0.56322241,-0.66665256,0
-0.40812957,-2.6086059,-1.244293,0.4554252,-0.81603861,0.35590562,0
1.0581179,2.1417525,2.6657467,0.48821601,0.56322241,0.66665256,0
-0.11754632,-1.2093323,-1.9003303,0.74446821,0.12985152,-0.65490878,0
-0.7453568,1.2850474,-0.3144016,-0.4554252,0.81603861,-0.35590562,0
0.44553697,-1.9523892,-1.4075737,0.74446821,0.12985152,-0.65490878,0
1.4731884,1.9749501,2.5026975,0.48821601,0.56322241,0.66665256,0
2.3614278,1.5540082,2.2078381,0.48821601,0.56322241,0.66665256,0
-0.13461864,0.97524387,1.5672679,-0.74446821,-0.12985152,0.65490878,0
0.53607094,0.88986719,-0.74111307,0.74446821,0.12985152,-0.65490878,0
-1.7158941,-3.2810342,-1.2215073,-0.48821601,-0.56322241,-0.66665256,0
-0.44883072,0.69344437,1.1542134,-0.74446821,-0.12985152,0.65490878,0
-2.2429147,-2.1889467,-1.4567176,-0.74446821,-0.12985152,0.65490878,0
-1.7704891,-1.525818,-2.6644223,-0.48821601,-0.56322241,-0.66665256,0
-2.4106441,-2.1091743,-1.7027622,-0.48821601,-0.56322241,-0.66665256,0
2.2400401,0.57026517,2.655726,0.4554252,-0.81603861,0.35590562,0
2.0820162,1.1220512,2.7774014,0.48821601,0.56322241,0.66665256,0
-1.4738691,-0.13172047,-2.6306181,-0.4554252,0.81603861,-0.35590562,0
-1.2663345,-2.6577601,-2.0773115,-0.48821601,-0.56322241,-0.66665256,0
-1.2207547,-2.0034235,-2.6635087,-0.48821601,-0.56322241,-0.66665256,0
1.7703639,-0.11487927,1.6857998,0.4554252,-0.81603861,0.35590562,0
-0.44096541,-2.5748303,-1.1248335,0.4554252,-0.81603861,0.35590562,0
1.6684891,-0.25888169,1.4859853,0.4554252,-0.81603861,0.35590562,0
-0.24494362,-2.4536006,-2.2918561,0.74446821,0.12985152,-0.65490878,0
0.73775589,0.87660807,-0.51447648,0.74446821,0.12985152,-0.65490878,0
-1.0874306,-2.9577916,-1.1756738,0.4554252,-0.81603861,0.35590562,0
2.3311253,2.0697694,1.794288,0.48821601,0.56322241,0.66665256,0
1.4557726,3.0651073,1.5944306,0.48821601,0.56322241,0.66665256,0
-0.81267095,1.2116781,-0.39648986,-0.4554252,0.81603861,-0.35590562,0
-0.93460846,-3.0231745,-1.5211422,0.4554252,-0.81603861,0.35590562,0
-0.86797082,1.6811094,0.75060928,-0.4554252,0.81603861,-0.35590562,0
-1.5881391,-1.8068171,-0.63663399,-0.74446821,-0.12985152,0.65490878,0
2.7632053,0.96280128,2.4130826,0.48821601,0.56322241,0.66665256,0
-1.8247571,-1.2972717,-2.8177676,-0.48821601,-0.56322241,-0.66665256,0
0.39452314,2.5778828,2.4865322,-0.74446821,-0.12985152,0.65490878,0
-2.1264424,-0.070431411,-0.90427017,-0.74446821,-0.12985152,0.65490878,0
0.93185014,2.3880472,0.068419218,-0.4554252,0.81603861,-0.35590562,0
1.5598905,0.066855296,2.3718171,0.4554252,-0.81603861,0.35590562,0
0.22207463,-2.154299,-1.0090588,0.4554252,-0.81603861,0.35590562,0
0.408876,2.0837688,0.039964318,-0.4554252,0.81603861,-0.35590562,0
1.5984315,-0.26041335,1.5721207,0.4554252,-0.81603861,0.35590562,0
-2.3448422,-1.0800531,-2.6204062,-0.48821601,-0.56322241,-0.66665256,0
1.9709034,1.0886782,2.8869693,0.48821601,0.56322241,0.66665256,0
0.73079771,-0.87927556,1.2634064,0.4554252,-0.81603861,0.35590562,0
2.0560894,0.33856839,0.87746096,0.74446821,0.12985152,-0.65490878,0
-0.62376463,-2.9104028,-2.3344452,-0.48821601,-0.56322241,-0.66665256,0
-0.1902914,2.390213,1.5093043,-0.4554252,0.81603861,-0.35590562,0
-2.4494963,-0.78805327,-1.4137878,-0.74446821,-0.12985152,0.65490878,0
2.964159,0.90552664,2.3143048,0.48821601,0.56322241,0.66665256,0
-0.39287233,1.8727851,0.58214593,-0.4554252,0.81603861,-0.35590562,0
0.0068184137,-2.2053761,-0.85072386,0.4554252,-0.81603861,0.35590562,0
-1.0046598,-0.98270118,0.19003767,-0.74446821,-0.12985152,0.65490878,0
1.7208707,1.1138022,3.0488522,0.48821601,0.56322241,0.66665256,0
1.1888814,-1.0831269,0.20983079,0.4554252,-0.81603861,0.35590562,0
-1.3103228,0.57885283,-1.2106571,-0.4554252,0.81603861,-0.35590562,0
-2.666333,-0.95835042,-2.4877863,-0.48821601,-0.56322241,-0.66665256,0
0.82655406,-1.5267453,-0.89005834,0.74446821,0.12985152,-0.65490878,0
0.92935985,0.048415899,-0.46087968,0.74446821,0.12985152,-0.65490878,0
-2.3171916,-0.87214708,-2.8163054,-0.48821601,-0.56322241,-0.66665256,0
2.5136728,1.3715043,2.2505317,0.48821601,0.56322241,0.66665256,0
1.187801,2.6872127,2.1099415,0.48821601,0.56322241,0.66665256,0
-0.93456346,-1.260155,-2.8391521,0.74446821,0.12985152,-0.65490878,0
-0.53240144,-2.9577827,-2.3613253,-0.48821601,-0.56322241,-0.66665256,0
2.5085022,1.08434,2.4969296,0.48821601,0.56322241,0.66665256,0
-0.6182543,-1.1247582,-2.4527416,0.74446821,0.12985152,-0.65490878,0
-0.044954181,-2.376529,-1.1769029,0.4554252,-0.81603861,0.35590562,0
-0.044919252,-2.1928082,-2.0127692,0.74446821,0.12985152,-0.65490878,0
-0.98423779,-2.6781564,-2.2666705,-0.48821601,-0.56322241,-0.66665256,0
2.6332633,1.0563986,2.4291682,0.48821601,0.56322241,0.66665256,0
1.3832047,-0.72415757,-0.098152488,0.74446821,0.12985152,-0.65490878,0
1.56656,-0.30519092,1.510236,0.4554252,-0.81603861,0.35590562,0
-0.73256028,-2.8342924,-1.3466086,0.4554252,-0.81603861,0.35590562,0
-0.47344851,-2.3564334,-2.5323434,0.74446821,0.12985152,-0.65490878,0
0.36756873,2.0881405,2.3587885,-0.74446821,-0.12985152,0.65490878,0
1.1722516,2.4624271,2.3112397,0.48821601,0.56322241,0.66665256,0
-2.0043101,-0.49973834,-2.7956638,-0.4554252,0.81603861,-0.35590562,0
1.6958435,0.30662638,2.7476079,0.4554252,-0.81603861,0.35590562,0
1.0904812,1.6719606,0.044182181,0.74446821,0.12985152,-0.65490878,0
0.016918182,1.7322528,-0.26445109,-0.4554252,0.81603861,-0.35590562,0
-0.35212153,1.3175693,-0.74302715,-0.4554252,0.81603861,-0.35590562,0
-0.72279555,-1.4741912,-2.6408627,0.74446821,0.12985152,-0.65490878,0
-0.19161022,1.5230266,-0.47733805,-0.4554252,0.81603861,-0.35590562,0
0.7845515,-1.7672327,-0.84133178,0.4554252,-0.81603861,0.35590562,0
1.3176647,2.9649074,1.7802265,0.48821601,0.56322241,0.66665256,0
1.1678383,0.2926822,2.912503,-0.74446821,-0.12985152,0.65490878,0
1.3767177,-0.80865109,-0.12227964,0.74446821,0.12985152,-0.65490878,0
1.5370601,3.0715816,1.529431,0.48821601,0.56322241,0.66665256,0
-1.1577663,-1.5335603,-3.1066024,-0.48821601,-0.56322241,-0.66665256,0
1.8149629,2.34338,1.9411339,0.48821601,0.56322241,0.66665256,0
1.0218815,2.8796561,2.0688648,0.48821601,0.56322241,0.66665256,0
-1.3044879,-1.6187122,-2.9272118,-0.48821601,-0.56322241,-0.66665256,0
-0.70257759,0.31574434,0.79087818,-0.74446821,-0.12985152,0.65490878,0
-1.7017945,-1.9705215,-2.3390217,-0.48821601,-0.56322241,-0.66665256,0
1.3026662,0.22945136,-0.00062866509,0.74446821,0.12985152,-0.65490878,0
-0.22297257,1.4798641,-0.53617144,-0.4554252,0.81603861,-0.35590562,0
-1.4194251,0.9849,-0.14004147,-0.4554252,0.81603861,-0.35590562,0
-0.54839975,-0.016280591,0.90030813,-0.74446821,-0.12985152,0.65490878,0
2.8506687,1.1519073,2.1892633,0.48821601,0.56322241,0.66665256,0
0.61931062,-1.9466343,-1.0412271,0.4554252,-0.81603861,0.35590562,0
-0.82069439,0.88105106,-1.1443017,-0.4554252,0.81603861,-0.35590562,0
0.71475613,0.2720924,2.3933785,-0.74446821,-0.12985152,0.65490878,0
-2.7142947,-1.0450034,-2.3794532,-0.48821601,-0.56322241,-0.66665256,0
-0.828457,-2.9597793,-2.1428256,-0.48821601,-0.56322241,-0.66665256,0
-0.48238379,-1.9748354,0.30386662,0.4554252,-0.81603861,0.35590562,0
-0.38631487,-2.62485,-2.4865141,0.74446821,0.12985152,-0.65490878,0
-0.64621305,-2.7727666,-1.3160318,0.4554252,-0.81603861,0.35590562,0
1.4102955,-0.64718127,0.92606258,0.4554252,-0.81603861,0.35590562,0
-0.45822418,1.3088967,-0.62714064,-0.4554252,0.81603861,-0.35590562,0
0.66707069,-0.14694381,-0.79777193,0.74446821,0.12985152,-0.65490878,0
-1.1303024,-0.6868881,-2.9479945,0.74446821,0.12985152,-0.65490878,0
0.18979692,2.2585633,2.1904969,-0.74446821,-0.12985152,0.65490878,0
1.830061,3.1986699,1.2074841,0.48821601,0.56322241,0.66665256,0
2.0830309,0.42097276,2.514333,0.4554252,-0.81603861,0.35590562,0
-2.4837804,-0.72533786,-2.6993885,-0.4554252,0.81603861,-0.35590562,0
1.1466818,0.22300065,2.8746371,-0.74446821,-0.12985152,0.65490878,0
-1.7636192,0.50909519,-0.37692553,-0.74446821,-0.12985152,0.65490878,0
-2.210156,-2.3558569,-1.6411773,-0.48821601,-0.56322241,-0.66665256,0
1.6285905,-0.4516536,1.0950432,0.4554252,-0.81603861,0.35590562,0
0.11887622,-2.2322903,-1.0558265,0.4554252,-0.81603861,0.35590562,0
-0.22126889,0.78968883,-1.6218828,0.74446821,0.12985152,-0.65490878,0
1.3565816,-0.28276032,-0.040898606,0.74446821,0.12985152,-0.65490878,0
1.6078318,2.5003793,1.9601829,0.48821601,0.56322241,0.66665256,0
-2.7785103,-0.52841389,-1.7363154,-0.74446821,-0.12985152,0.65490878,0
1.6378539,2.1294184,2.2516036,0.48821601,0.56322241,0.66665256,0
0.20635596,0.74245965,-1.1451441,0.74446821,0.12985152,-0.65490878,0
0.073259771,1.4033177,-1.0907466,-0.4554252,0.81603861,-0.35590562,0
-1.529466,-2.5006456,-0.70750582,-0.74446821,-0.12985152,0.65490878,0
1.6874599,0.099159032,2.2826438,0.4554252,-0.81603861,0.35590562,0
0.87073785,-0.89647162,1.0449078,0.4554252,-0.81603861,0.35590562,0
1.8106053,-0.53445542,0.67228055,0.4554252,-0.81603861,0.35590562,0
-1.8204539,-1.9898088,-2.2358277,-0.48821601,-0.56322241,-0.66665256,0
0.67445904,-0.43964165,2.2064524,-0.74446821,-0.12985152,0.65490878,0
0.071779013,2.1513426,0.62625837,-0.4554252,0.81603861,-0.35590562,0
0.10229683,-2.4153919,-1.4544359,0.4554252,-0.81603861,0.35590562,0
1.1908846,2.5121515,2.2555842,0.48821601,0.56322241,0.66665256,0
-1.219394,-0.85581529,-0.028903365,-0.74446821,-0.12985152,0.65490878,0
-0.75519133,-2.4540155,-0.44573164,0.4554252,-0.81603861,0.35590562,0
2.435029,0.94669056,2.6670303,0.48821601,0.56322241,0.66665256,0
-2.6187344,-1.6204643,-1.7712153,-0.74446821,-0.12985152,0.65490878,0
2.8757627,0.7140528,1.8836744,0.74446821,0.12985152,-0.65490878,0
1.2008125,-1.3443816,-0.40445435,0.4554252,-0.81603861,0.35590562,0
-0.82508856,0.93426639,-1.0166638,-0.4554252,0.81603861,-0.35590562,0
1.0690299,2.8084519,0.85680616,-0.4554252,0.81603861,-0.35590562,0
-0.45654058,1.7665397,1.3582163,-0.74446821,-0.12985152,0.65490878,0
-1.8539324,-3.1612308,-1.2216324,-0.48821601,-0.56322241,-0.66665256,0
0.43469143,-1.1036291,1.1279013,0.4554252,-0.81603861,0.35590562,0
0.96133888,2.3026426,0.02242744,0.74446821,0.12985152,-0.65490878,0
1.9825722,-0.24644846,0.67789644,0.74446821,0.12985152,-0.65490878,0
1.2856847,1.3127308,3.1994908,0.48821601,0.56322241,0.66665256,0
1.8108057,3.0702519,1.1402569,0.74446821,0.12985152,-0.65490878,0
1.7903007,3.0278609,1.1085427,0.74446821,0.12985152,-0.65490878,0
-0.46201199,1.4651009,-0.26414061,-0.4554252,0.81603861,-0.35590562,0
0.48725188,-0.81641519,-1.1349199,0.74446821,0.12985152,-0.65490878,0
1.7359009,1.8392415,2.4249563,0.48821601,0.56322241,0.66665256,0
-1.6934401,-2.2767344,-2.0864353,-0.48821601,-0.56322241,-0.66665256,0
-0.9285984,1.6024117,0.64774758,-0.4554252,0.81603861,-0.35590562,0
-1.0494001,-2.7191284,-2.1843343,-0.48821601,-0.56322241,-0.66665256,0
0.00016151369,-0.49234486,1.4294944,-0.74446821,-0.12985152,0.65490878,0
-1.5428017,-0.56960005,-0.33978853,-0.74446821,-0.12985152,0.65490878,0
-0.35358059,0.91084772,-1.6737121,-0.4554252,0.81603861,-0.35590562,0
0.64937425,-0.01274693,-0.79128063,0.74446821,0.12985152,-0.65490878,0
2.3496087,2.0708394,1.5545843,0.74446821,0.12985152,-0.65490878,0
-0.9972136,-2.8365149,-2.1233783,-0.48821601,-0.56322241,-0.66665256,0
-0.80270565,-0.20971572,-2.4809875,0.74446821,0.12985152,-0.65490878,0
1.2108519,-0.10946706,2.4141743,0.4554252,-0.81603861,0.35590562,0
1.3941747,0.077362716,2.6079626,0.4554252,-0.81603861,0.35590562,0
0.25933063,1.9674677,-0.035335183,-0.4554252,0.81603861,-0.35590562,0
-0.057831824,-1.4317338,1.0058508,0.4554252,-0.81603861,0.35590562,0
-0.12639058,2.3560619,1.8504018,-0.74446821,-0.12985152,0.65490878,0
-1.7889447,-0.8539716,-3.2185171,-0.48821601,-0.56322241,-0.66665256,0
-2.519397,-0.98500693,-2.5728724,-0.48821601,-0.56322241,-0.66665256,0
1.2260568,2.4736366,0.35724986,0.74446821,0.12985152,-0.65490878,0
1.5080959,0.64232445,0.31475583,0.74446821,0.12985152,-0.65490878,0
1.784707,0.064702362,2.0792003,0.4554252,-0.81603861,0.35590562,0
1.4889765,3.2118258,1.2443091,-0.4554252,0.81603861,-0.35590562,0
-1.6860538,-0.11955938,-2.3312182,-0.4554252,0.81603861,-0.35590562,0
-0.070111156,2.553503,1.9535247,-0.74446821,-0.12985152,0.65490878,0
1.6744225,2.9203982,0.95551109,0.74446821,0.12985152,-0.65490878,0
-2.1500835,-2.6220095,-1.4370569,-0.74446821,-0.12985152,0.65490878,0
-0.48981273,-2.8304827,-1.6485,0.4554252,-0.81603861,0.35590562,0
-1.0682985,-0.031039417,-2.7474737,0.74446821,0.12985152,-0.65490878,0
0.2159555,-2.2526541,-1.2267424,0.4554252,-0.81603861,0.35590562,0
0.4874565,0.76860923,2.2334423,-0.74446821,-0.12985152,0.65490878,0
-2.6079836,-0.95658284,-2.5320115,-0.48821601,-0.56322241,-0.66665256,0
-1.5928797,-0.10068224,-2.4071639,-0.4554252,0.81603861,-0.35590562,0
1.6047248,2.9761045,1.5605412,0.48821601,0.56322241,0.66665256,0
1.6558876,1.5777996,0.668239,0.74446821,0.12985152,-0.65490878,0
1.7659363,0.23393223,2.4912386,0.4554252,-0.81603861,0.35590562,0
-0.023502335,-0.45959496,1.4090879,-0.74446821,-0.12985152,0.65490878,0
0.78791988,2.9458203,2.1843052,0.48821601,0.56322241,0.66665256,0
-1.8505504,0.31636974,-1.1212038,-0.4554252,0.81603861,-0.35590562,0
1.3710123,1.4798957,2.9957724,0.48821601,0.56322241,0.66665256,0
-0.72511053,-2.9862697,-2.1961293,-0.48821601,-0.56322241,-0.66665256,0
2.7432046,1.0523406,2.3520823,0.48821601,0.56322241,0.66665256,0
2.0000505,1.4727937,2.5411029,0.48821601,0.56322241,0.66665256,0
1.8715179,2.0520921,2.1458116,0.48821601,0.56322241,0.66665256,0
-0.99292076,-1.5012898,-2.9533007,0.74446821,0.12985152,-0.65490878,0
-0.12422335,-1.7481959,0.36520642,0.4554252,-0.81603861,0.35590562,0
0.28207803,-2.3224597,-1.6667619,0.74446821,0.12985152,-0.65490878,0
-1.1821351,0.30548805,-2.0014739,-0.4554252,0.81603861,-0.35590562,0
-0.81208575,-0.50832927,0.50300211,-0.74446821,-0.12985152,0.65490878,0
1.2331918,1.6855862,2.9229259,0.48821601,0.56322241,0.66665256,0
-0.40772235,-2.9100754,-1.936039,0.4554252,-0.81603861,0.35590562,0
2.7609222,1.1699772,1.8435273,0.74446821,0.12985152,-0.65490878,0
-0.64612067,1.7884978,0.71295029,-0.4554252,0.81603861,-0.35590562,0
-1.7156368,-0.13658823,-2.3324075,-0.4554252,0.81603861,-0.35590562,0
2.2953367,1.0797713,2.656899,0.48821601,0.56322241,0.66665256,0
0.89702034,2.4204955,0.1873877,-0.4554252,0.81603861,-0.35590562,0
-0.82983303,-2.8084292,-2.2696857,-0.48821601,-0.56322241,-0.66665256,0
0.49529278,-1.2997195,0.60074872,0.4554252,-0.81603861,0.35590562,0
-1.1530776,-0.88060433,-3.0122933,0.74446821,0.12985152,-0.65490878,0
1.6407706,2.495101,1.9405198,0.48821601,0.56322241,0.66665256,0
0.47492075,-1.4927115,0.18431491,0.4554252,-0.81603861,0.35590562,0
-1.5462502,0.23743826,-1.6915716,-0.4554252,0.81603861,-0.35590562,0
-0.0016484261,-1.7038641,0.31000274,0.4554252,-0.81603861,0.35590562,0
-0.81368661,-2.0248544,-2.8533654,0.74446821,0.12985152,-0.65490878,0
2.0619659,1.579432,1.1301723,0.74446821,0.12985152,-0.65490878,0
0.33282614,2.4327133,0.93735731,-0.4554252,0.81603861,-0.35590562,0
1.7832135,0.049395204,0.50993347,0.74446821,0.12985152,-0.65490878,0
-2.4050686,-1.3804084,-1.4807339,-0.74446821,-0.12985152,0.65490878,0
0.84988213,2.8875089,2.1881924,0.48821601,0.56322241,0.66665256,0
0.71848887,-0.9237622,1.1771559,0.4554252,-0.81603861,0.35590562,0
1.3321302,1.4967577,3.0100017,0.48821601,0.56322241,0.66665256,0
-1.0335082,1.4063983,0.63094103,-0.74446821,-0.12985152,0.65490878,0
0.42019665,1.693115,2.3402901,-0.74446821,-0.12985152,0.65490878,0
-0.96854961,0.041830003,0.43422401,-0.74446821,-0.12985152,0.65490878,0
2.5170422,1.9710997,1.741495,0.48821601,0.56322241,0.66665256,0
-1.1349344,1.0433115,-0.37015355,-0.4554252,0.81603861,-0.35590562,0
-1.1221586,-1.5941234,-0.06475842,-0.74446821,-0.12985152,0.65490878,0
-0.84848762,-3.1555078,-1.9627945,-0.48821601,-0.56322241,-0.66665256,0
1.8214016,0.46699518,0.63614333,0.74446821,0.12985152,-0.65490878,0
-2.3623743,-2.1257408,-1.7241157,-0.48821601,-0.56322241,-0.66665256,0
-0.80732656,-3.0027671,-2.1219816,-0.48821601,-0.56322241,-0.66665256,0
2.4688849,1.2966068,2.3466089,0.48821601,0.56322241,0.66665256,0
-0.010675788,-2.3858774,-2.0121236,0.74446821,0.12985152,-0.65490878,0
-1.8198487,-1.7465692,-2.4417725,-0.48821601,-0.56322241,-0.66665256,0
-0.1934123,-2.8450148,-2.061101,0.4554252,-0.81603861,0.35590562,0
-2.2304914,-1.5405778,-2.3150747,-0.48821601,-0.56322241,-0.66665256,0
-0.73826516,-2.8661888,-1.4124428,0.4554252,-0.81603861,0.35590562,0
0.91179186,2.1698573,2.7491627,0.48821601,0.56322241,0.66665256,0
1.4682292,-0.066452846,2.1834533,0.4554252,-0.81603861,0.35590562,0
0.16856587,-1.9159793,-0.39415622,0.4554252,-0.81603861,0.35590562,0
-0.28394949,-2.1873612,-0.43734527,0.4554252,-0.81603861,0.35590562,0
-1.0618217,-2.9906793,-1.2838502,0.4554252,-0.81603861,0.35590562,0
2.8425741,0.73113465,2.2535589,0.4554252,-0.81603861,0.35590562,0
-1.434913,-0.092138886,-0.12247765,-0.74446821,-0.12985152,0.65490878,0
-1.8480166,-0.17526948,-0.60855627,-0.74446821,-0.12985152,0.65490878,0
1.3071768,2.9977984,1.7601193,0.48821601,0.56322241,0.66665256,0
-2.3517771,-1.9712172,-1.8624259,-0.48821601,-0.56322241,-0.66665256,0
-1.3265377,1.0475862,-0.11517227,-0.4554252,0.81603861,-0.35590562,0
2.0139349,2.3262446,1.8098959,0.48821601,0.56322241,0.66665256,0
-2.0463986,-1.7309247,-2.2890782,-0.48821601,-0.56322241,-0.66665256,0
2.0257375,2.1965299,1.9108417,0.48821601,0.56322241,0.66665256,0
-2.5362935,-0.92624128,-1.5398542,-0.74446821,-0.12985152,0.65490878,0
2.6354246,1.68556,1.8960376,0.48821601,0.56322241,0.66665256,0
-1.8462896,0.22561041,-1.3347536,-0.4554252,0.81603861,-0.35590562,0
-1.0667464,0.016793907,0.31763476,-0.74446821,-0.12985152,0.65490878,0
0.96551567,0.22715384,-0.38434029,0.74446821,0.12985152,-0.65490878,0
-3.0777652,-0.96086681,-2.1843524,-0.48821601,-0.56322241,-0.66665256,0
1.297758,1.5928445,2.9539945,0.48821601,0.56322241,0.66665256,0
-0.99701726,1.1922975,-0.205033,-0.4554252,0.81603861,-0.35590562,0
0.93179721,0.8475045,2.7541897,-0.74446821,-0.12985152,0.65490878,0
0.14241707,-1.8798765,-0.27791691,0.4554252,-0.81603861,0.35590562,0
-1.5902491,-2.1354694,-2.2813544,-0.48821601,-0.56322241,-0.66665256,0
-0.094826698,-1.5575452,-1.9435457,0.74446821,0.12985152,-0.65490878,0
-0.56846446,-0.97432476,0.68754399,-0.74446821,-0.12985152,0.65490878,0
1.8043277,2.7327964,1.6199234,0.48821601,0.56322241,0.66665256,0
-0.44813204,0.78917563,-1.8316977,-0.4554252,0.81603861,-0.35590562,0
-1.2720101,0.76258779,-0.83840597,-0.4554252,0.81603861,-0.35590562,0
-2.0010185,-2.8909678,-1.3422476,-0.48821601,-0.56322241,-0.66665256,0
-1.0212041,0.43022412,-1.9214036,-0.4554252,0.81603861,-0.35590562,0
-0.90636492,-3.1140606,-1.765672,0.4554252,-0.81603861,0.35590562,0
1.0815673,-1.0205822,0.49055821,0.4554252,-0.81603861,0.35590562,0
-1.9668322,-1.8769639,-1.081022,-0.74446821,-0.12985152,0.65490878,0
1.8053548,-0.066030204,1.7530286,0.4554252,-0.81603861,0.35590562,0
-0.4105885,1.4317304,-0.40645686,-0.4554252,0.81603861,-0.35590562,0
0.71062928,2.3726749,0.31625199,-0.4554252,0.81603861,-0.35590562,0
1.574816,-0.21580575,1.7046183,0.4554252,-0.81603861,0.35590562,0
-0.27536535,-2.7118287,-1.6508554,0.4554252,-0.81603861,0.35590562,0
0.061236382,2.7423201,2.1402721,-0.74446821,-0.12985152,0.65490878,0
-0.18936008,0.94637644,1.4993168,-0.74446821,-0.12985152,0.65490878,0
-0.5285567,-2.2909544,-0.36186385,0.4554252,-0.81603861,0.35590562,0
1.4482963,0.315056,3.0837028,0.4554252,-0.81603861,0.35590562,0
-1.1783053,1.1503072,-0.069329739,-0.4554252,0.81603861,-0.35590562,0
-0.2693553,-2.7372773,-1.7168958,0.4554252,-0.81603861,0.35590562,0
-0.034611404,0.31628215,1.5502961,-0.74446821,-0.12985152,0.65490878,0
2.1635671,1.1144422,2.7241073,0.48821601,0.56322241,0.66665256,0
3.0300231,1.0645174,2.1285183,0.74446821,0.12985152,-0.65490878,0
-0.0043662786,2.2182362,0.87707305,-0.4554252,0.81603861,-0.35590562,0
1.6872457,2.8265228,1.626482,0.48821601,0.56322241,0.66665256,0
-1.1685598,-2.6491446,-0.3641777,0.4554252,-0.81603861,0.35590562,0
-1.4497255,0.56681287,-0.0086624622,-0.74446821,-0.12985152,0.65490878,0
-1.0699594,1.1346954,-0.24376717,-0.4554252,0.81603861,-0.35590562,0
2.5171387,0.96850193,2.5884707,0.48821601,0.56322241,0.66665256,0
0.77145624,-1.4212828,-0.03136313,0.4554252,-0.81603861,0.35590562,0
-2.6651678,-1.4285012,-1.7859373,-0.74446821,-0.12985152,0.65490878,0
-1.3010995,-1.5963366,-2.948597,-0.48821601,-0.56322241,-0.66665256,0
0.0048112869,2.3497045,1.1667658,-0.4554252,0.81603861,-0.35590562,0
0.13140523,-2.237355,-1.8211647,0.74446821,0.12985152,-0.65490878,0
-1.089151,-1.1635754,0.05812937,-0.74446821,-0.12985152,0.65490878,0
1.2537737,2.3421931,2.3531179,0.48821601,0.56322241,0.66665256,0
-0.54669219,-0.75663292,0.75545633,-0.74446821,-0.12985152,0.65490878,0
1.3012799,1.4287999,0.23559541,0.74446821,0.12985152,-0.65490878,0
0.41058517,1.9299102,-0.31499761,-0.4554252,0.81603861,-0.35590562,0
-0.52527255,0.77998501,-1.7540598,-0.4554252,0.81603861,-0.35590562,0
-2.0938928,-0.89715898,-2.9587047,-0.48821601,-0.56322241,-0.66665256,0
-0.38092065,-3.0224075,-2.2278957,0.4554252,-0.81603861,0.35590562,0
-1.8796233,-0.20614886,-0.65060771,-0.74446821,-0.12985152,0.65490878,0
-2.1576598,-2.0368898,-1.949102,-0.48821601,-0.56322241,-0.66665256,0
0.63766742,2.6621828,1.0734147,-0.4554252,0.81603861,-0.35590562,0
-0.5122807,-2.4589553,-0.76789188,0.4554252,-0.81603861,0.35590562,0
1.941962,0.35329324,2.539669,0.4554252,-0.81603861,0.35590562,0
0.35566413,-2.1426251,-1.1532364,0.4554252,-0.81603861,0.35590562,0
-1.5912088,-2.3988962,-0.75751758,-0.74446821,-0.12985152,0.65490878,0
-2.3234091,-0.55673039,-2.5180116,-0.4554252,0.81603861,-0.35590562,0
-2.0653548,-1.5024745,-1.1187662,-0.74446821,-0.12985152,0.65490878,0
-2.3432293,-2.096643,-1.5524485,-0.74446821,-0.12985152,0.65490878,0
-2.1680474,-1.9868574,-1.9837645,-0.48821601,-0.56322241,-0.66665256,0
0.98303944,-0.47283795,1.872533,0.4554252,-0.81603861,0.35590562,0
-2.5687912,-1.1107403,-2.4304733,-0.48821601,-0.56322241,-0.66665256,0
1.1317682,1.1337664,-0.015594721,0.74446821,0.12985152,-0.65490878,0
-0.069710374,-2.6103702,-2.1237426,0.74446821,0.12985152,-0.65490878,0
1.4989586,0.43673533,3.2978668,0.4554252,-0.81603861,0.35590562,0
0.69317484,2.3839419,0.36442065,-0.4554252,0.81603861,-0.35590562,0
-2.1092563,-0.033983111,-1.593465,-0.4554252,0.81603861,-0.35590562,0
0.53965634,-0.71087462,1.8941135,0.4554252,-0.81603861,0.35590562,0
-0.35755557,-1.0034763,-2.1323452,0.74446821,0.12985152,-0.65490878,0
0.39402655,-0.48652369,1.8783751,-0.74446821,-0.12985152,0.65490878,0
0.87748075,2.7989666,1.0801691,-0.4554252,0.81603861,-0.35590562,0
-0.78677267,-2.0275466,-2.8233047,0.74446821,0.12985152,-0.65490878,0
-1.2595558,0.70411074,-0.98842192,-0.4554252,0.81603861,-0.35590562,0
-0.077566504,-1.9517679,-0.16125739,0.4554252,-0.81603861,0.35590562,0
1.1798089,2.4172943,2.3438358,0.48821601,0.56322241,0.66665256,0
1.0704104,2.0086825,2.7691689,0.48821601,0.56322241,0.66665256,0
-0.85558748,0.71384621,-1.4830273,-0.4554252,0.81603861,-0.35590562,0
-1.7469019,0.67379636,-0.43430892,-0.4554252,0.81603861,-0.35590562,0
0.51576626,2.6269298,1.1485723,-0.4554252,0.81603861,-0.35590562,0
-0.679533,-3.0199687,-2.2010369,-0.48821601,-0.56322241,-0.66665256,0
-0.72406524,0.97051007,-1.0628344,-0.4554252,0.81603861,-0.35590562,0
0.36355245,2.9866459,2.4605949,0.48821601,0.56322241,0.66665256,0
-0.65176457,0.97530699,-1.1443535,-0.4554252,0.81603861,-0.35590562,0
1.5378823,3.2179279,1.4051876,0.48821601,0.56322241,0.66665256,0
-2.1260529,-1.4706198,-1.1814487,-0.74446821,-0.12985152,0.65490878,0
1.3583567,-0.88707232,0.44249043,0.4554252,-0.81603861,0.35590562,0
-1.4311529,-3.1157,-1.5697172,-0.48821601,-0.56322241,-0.66665256,0
1.1368099,2.453629,2.3446283,0.48821601,0.56322241,0.66665256,0
1.4777274,1.8473001,0.51915014,0.74446821,0.12985152,-0.65490878,0
1.5928829,1.2100439,0.52370179,0.74446821,0.12985152,-0.65490878,0
-2.0855165,-1.5893898,-2.3800066,-0.48821601,-0.56322241,-0.66665256,0
-1.5402814,0.637254,-0.097635299,-0.74446821,-0.12985152,0.65490878,0
-0.071845293,-2.5939858,-1.6410885,0.4554252,-0.81603861,0.35590562,0
0.21776378,-2.4008529,-1.7554144,0.74446821,0.12985152,-0.65490878,0
-1.6596935,-1.7899987,-2.5223689,-0.48821601,-0.56322241,-0.66665256,0
-1.4826252,0.13672,-0.13133751,-0.74446821,-0.12985152,0.65490878,0
-1.7988902,0.13996577,-0.49020869,-0.74446821,-0.12985152,0.65490878,0
-0.41997945,1.6796544,0.17401266,-0.4554252,0.81603861,-0.35590562,0
0.030206323,2.5674841,2.0703335,-0.74446821,-0.12985152,0.65490878,0
0.42486292,-0.49883673,-1.1428733,0.74446821,0.12985152,-0.65490878,0
1.952925,0.11902708,0.71665931,0.74446821,0.12985152,-0.65490878,0
1.7816007,-0.044303954,1.8332398,0.4554252,-0.81603861,0.35590562,0
-0.55547875,0.91566181,1.0770413,-0.74446821,-0.12985152,0.65490878,0
1.0742588,0.70028633,-0.16691658,0.74446821,0.12985152,-0.65490878,0
-2.4694607,-1.9224989,-1.8174012,-0.48821601,-0.56322241,-0.66665256,0
0.014557123,-0.84494507,-1.677913,0.74446821,0.12985152,-0.65490878,0
-2.2630296,-1.2594132,-2.5287881,-0.48821601,-0.56322241,-0.66665256,0
-0.20668757,1.9229414,1.6732475,-0.74446821,-0.12985152,0.65490878,0
-1.3168668,-1.6445078,-2.8963528,-0.48821601,-0.56322241,-0.66665256,0
1.5355492,2.0359273,2.4055116,0.48821601,0.56322241,0.66665256,0
-1.8073674,0.24217379,-1.3465818,-0.4554252,0.81603861,-0.35590562,0
0.43259192,2.5068727,0.97973096,-0.4554252,0.81603861,-0.35590562,0
-1.1283557,-2.8131604,-0.79168725,0.4554252,-0.81603861,0.35590562,0
1.5857966,-0.82449746,0.29492784,0.4554252,-0.81603861,0.35590562,0
-1.9195206,-3.0090928,-1.2517128,-0.74446821,-0.12985152,0.65490878,0
-0.73965895,0.24191147,0.73408681,-0.74446821,-0.12985152,0.65490878,0
1.8351972,2.4380183,1.84636,0.48821601,0.56322241,0.66665256,0
-1.0063196,-2.1148527,-2.7264066,-0.48821601,-0.56322241,-0.66665256,0
-1.4993539,-0.94461584,-0.36475486,-0.74446821,-0.12985152,0.65490878,0
1.7780124,2.5772543,1.7706053,0.48821601,0.56322241,0.66665256,0
-0.98269367,-3.0764847,-1.5818441,0.4554252,-0.81603861,0.35590562,0
-0.83919531,0.40474921,0.65322518,-0.74446821,-0.12985152,0.65490878,0
1.3439356,3.1894982,1.5712415,0.48821601,0.56322241,0.66665256,0
-0.46205997,1.7077339,0.29224229,-0.4554252,0.81603861,-0.35590562,0
-1.0068153,0.45725456,0.47309348,-0.74446821,-0.12985152,0.65490878,0
1.771771,0.3734318,2.8036239,0.4554252,-0.81603861,0.35590562,0
1.3792602,1.8446872,2.6815374,0.48821601,0.56322241,0.66665256,0
1.4313834,0.091590226,2.5929713,0.4554252,-0.81603861,0.35590562,0
0.36526799,-1.8142461,-0.41260153,0.4554252,-0.81603861,0.35590562,0
2.5260434,0.85562438,2.6773143,0.48821601,0.56322241,0.66665256,0
-1.9360205,-2.3073356,-1.1313287,-0.74446821,-0.12985152,0.65490878,0
-1.5728338,-2.4736814,-2.008369,-0.48821601,-0.56322241,-0.66665256,0
-0.88140905,0.97002,-0.86261696,-0.4554252,0.81603861,-0.35590562,0
0.20369351,2.3077447,0.816064,-0.4554252,0.81603861,-0.35590562,0
-1.4962077,-0.40188187,-3.2214735,-0.4554252,0.81603861,-0.35590562,0
1.4304842,1.9493936,2.5555627,0.48821601,0.56322241,0.66665256,0
1.940856,0.15968567,2.0971708,0.4554252,-0.81603861,0.35590562,0
-2.503176,-0.64074874,-2.480619,-0.4554252,0.81603861,-0.35590562,0
-2.0904045,-0.72855908,-3.1037011,-0.48821601,-0.56322241,-0.66665256,0
1.9322715,-0.39538682,0.5911864,0.74446821,0.12985152,-0.65490878,0
-1.6747776,-2.4456525,-1.9573919,-0.48821601,-0.56322241,-0.66665256,0
-2.3246541,-0.55276883,-2.5073349,-0.4554252,0.81603861,-0.35590562,0
2.0852258,1.5073793,2.4495063,0.48821601,0.56322241,0.66665256,0
-0.63192856,-2.1310606,-2.66781,0.74446821,0.12985152,-0.65490878,0
-2.7592859,-1.5301545,-1.9130816,-0.74446821,-0.12985152,0.65490878,0
1.54039,2.250479,2.2207022,0.48821601,0.56322241,0.66665256,0
-2.5046179,-1.8965815,-1.8135505,-0.48821601,-0.56322241,-0.66665256,0
-0.87539494,-1.1300163,0.30777082,-0.74446821,-0.12985152,0.65490878,0
2.0307965,1.0720967,2.8571162,0.48821601,0.56322241,0.66665256,0
-1.4375439,-0.28733832,-0.16417111,-0.74446821,-0.12985152,0.65490878,0
-2.4699509,-1.9547222,-1.7898184,-0.48821601,-0.56322241,-0.66665256,0
1.8125057,1.6671187,2.5142736,0.48821601,0.56322241,0.66665256,0
-0.82886517,-0.50640488,-2.5695503,0.74446821,0.12985152,-0.65490878,0
-1.5971432,-1.2227859,-3.0473876,-0.48821601,-0.56322241,-0.66665256,0
-2.7725275,-0.49784172,-1.8082863,-0.4554252,0.81603861,-0.35590562,0
-0.29064766,-1.1493965,0.96864033,-0.74446821,-0.12985152,0.65490878,0
0.023239851,2.5211933,2.0532353,-0.74446821,-0.12985152,0.65490878,0
-0.9184674,1.5545301,0.52499849,-0.4554252,0.81603861,-0.35590562,0
-1.3174353,1.0017867,-0.23183128,-0.4554252,0.81603861,-0.35590562,0
0.96921128,2.5399399,0.36887813,-0.4554252,0.81603861,-0.35590562,0
-1.8026428,0.19721976,-1.4557008,-0.4554252,0.81603861,-0.35590562,0
-0.022893906,2.5823135,1.7355565,-0.4554252,0.81603861,-0.35590562,0
-1.7654872,-3.1034787,-1.3351963,-0.48821601,-0.56322241,-0.66665256,0
-2.2463365,-1.5725571,-2.276453,-0.48821601,-0.56322241,-0.66665256,0
-0.97246146,-1.3827302,0.14732373,-0.74446821,-0.12985152,0.65490878,0
-2.1257014,0.030057251,-1.4255861,-0.4554252,0.81603861,-0.35590562,0
-2.5813978,-1.0525844,-2.4703741,-0.48821601,-0.56322241,-0.66665256,0
-1.7957301,0.41343135,-0.43239516,-0.74446821,-0.12985152,0.65490878,0
-0.76772594,1.2675433,-0.32591197,-0.4554252,0.81603861,-0.35590562,0
-2.326134,-1.0925441,-2.6235538,-0.48821601,-0.56322241,-0.66665256,0
-0.299595,1.4966218,1.4831066,-0.74446821,-0.12985152,0.65490878,0
0.18884814,1.5356371,2.0460806,-0.74446821,-0.12985152,0.65490878,0
0.71383154,-0.23278248,2.2922242,-0.74446821,-0.12985152,0.65490878,0
-0.47863042,-2.0469251,-2.4768662,0.74446821,0.12985152,-0.65490878,0
-0.0048263073,1.6855222,1.8556392,-0.74446821,-0.12985152,0.65490878,0
1.5103812,0.75735688,3.3940217,-0.74446821,-0.12985152,0.65490878,0
-1.3546515,-2.9486079,-0.8126756,0.4554252,-0.81603861,0.35590562,0
-0.96232611,-0.28957957,-2.6782713,0.74446821,0.12985152,-0.65490878,0
-0.083023131,1.5220178,-0.61860156,-0.4554252,0.81603861,-0.35590562,0
2.5289791,1.0595088,2.5029123,0.48821601,0.56322241,0.66665256,0
2.5989451,0.97372758,1.6204886,0.74446821,0.12985152,-0.65490878,0
0.68332362,3.1283839,2.1066661,0.48821601,0.56322241,0.66665256,0
-2.33933,-0.1786803,-1.1677334,-0.74446821,-0.12985152,0.65490878,0
-1.5402706,-1.0976163,-3.1947873,-0.48821601,-0.56322241,-0.66665256,0
-1.7289946,-1.7633746,-0.78813809,-0.74446821,-0.12985152,0.65490878,0
-2.4628873,-1.8250208,-1.90457,-0.48821601,-0.56322241,-0.66665256,0
-2.0636048,-1.2005136,-1.0569059,-0.74446821,-0.12985152,0.65490878,0
-1.828487,-2.4190626,-1.8672888,-0.48821601,-0.56322241,-0.66665256,0
0.75249267,2.3504577,2.7132435,0.48821601,0.56322241,0.66665256,0
2.2937238,2.2021909,1.7098023,0.48821601,0.56322241,0.66665256,0
0.86723351,-0.32581055,2.3578327,0.4554252,-0.81603861,0.35590562,0
-0.015860438,2.2156126,0.88576496,-0.4554252,0.81603861,-0.35590562,0
-1.2405615,-1.8837316,-2.7501254,-0.48821601,-0.56322241,-0.66665256,0
0.82692289,2.0939543,2.8754425,0.48821601,0.56322241,0.66665256,0
0.98660266,0.96299136,-0.214472,0.74446821,0.12985152,-0.65490878,0
0.50545359,2.7293308,2.5740681,0.48821601,0.56322241,0.66665256,0
0.99352658,-1.2187673,-0.63918787,0.74446821,0.12985152,-0.65490878,0
-0.39549482,-2.8536265,-1.8222564,0.4554252,-0.81603861,0.35590562,0
