-0.02523458,-4.1772947,-0.40835142,-0.28369141,-0.93506873,-0.21252239,0
-1.2795238,-1.1906084,0.15998602,-0.86574781,0.15446393,0.47604793,0
0.38913697,2.2765017,-0.50875401,-0.41231048,0.31904149,-0.85335374,0
-0.031081438,-1.8107555,0.50988138,0.41231048,-0.31904149,0.85335374,0
0.52065474,-0.41709018,-1.0184245,0.86574781,-0.15446393,-0.47604793,0
0.86136597,0.03895244,-0.54677486,0.86574781,-0.15446393,-0.47604793,0
1.3918862,1.5628707,-0.076430678,0.86574781,-0.15446393,-0.47604793,0
0.66504991,3.6285493,1.9686794,0.28369141,0.93506873,0.21252239,0
-0.88979197,-1.3866384,0.93236446,-0.86574781,0.15446393,0.47604793,0
-0.21028793,-4.1318064,-0.36146927,-0.28369141,-0.93506873,-0.21252239,0
0.11538434,-3.1870089,-0.075422764,0.41231048,-0.31904149,0.85335374,0
0.025408909,1.3068289,-0.69554257,-0.41231048,0.31904149,-0.85335374,0
-1.4804548,-3.913547,0.37373781,-0.28369141,-0.93506873,-0.21252239,0
-0.48664886,0.46175706,-0.76407945,-0.41231048,0.31904149,-0.85335374,0
-1.7304553,-3.7434359,-0.041008949,-0.28369141,-0.93506873,-0.21252239,0
1.8113652,2.2452431,0.46502972,0.86574781,-0.15446393,-0.47604793,0
0.1057263,-1.0996931,-1.5515344,0.86574781,-0.15446393,-0.47604793,0
-0.60533345,-1.2634655,-1.3517401,-0.41231048,0.31904149,-0.85335374,0
-1.4558501,-0.68791693,-0.3237924,-0.86574781,0.15446393,0.47604793,0
1.1847291,0.016652584,0.04853392,0.86574781,-0.15446393,-0.47604793,0
1.1118407,1.7907237,-0.6596576,0.86574781,-0.15446393,-0.47604793,0
0.12434769,-2.7620401,-0.97828531,0.86574781,-0.15446393,-0.47604793,0
-0.59043187,-4.0420523,-0.2489295,-0.28369141,-0.93506873,-0.21252239,0
-0.53531802,-3.7747648,-1.4985285,-0.28369141,-0.93506873,-0.21252239,0
1.7750292,3.6740503,0.28679323,0.28369141,0.93506873,0.21252239,0
1.2382494,2.5624905,1.5316012,0.41231048,-0.31904149,0.85335374,0
1.665957,2.4489729,0.13448358,0.86574781,-0.15446393,-0.47604793,0
-1.3044405,-2.3546658,0.49237561,-0.86574781,0.15446393,0.47604793,0
-2.3295684,-3.1227324,-1.2137704,-0.41231048,0.31904149,-0.85335374,0
-0.2504276,-4.0169363,-0.81330299,-0.28369141,-0.93506873,-0.21252239,0
0.13855851,-3.3255537,-0.76959729,0.86574781,-0.15446393,-0.47604793,0
0.91982049,0.23726919,-0.50481665,0.86574781,-0.15446393,-0.47604793,0
-1.4783,-3.4673333,-1.5924191,-0.28369141,-0.93506873,-0.21252239,0
-1.9212074,-3.5122912,-0.25366926,-0.86574781,0.15446393,0.47604793,0
-2.036345,-2.5591359,-1.1447351,-0.41231048,0.31904149,-0.85335374,0
0.42561594,0.66202271,1.2137133,0.41231048,-0.31904149,0.85335374,0
-1.5255001,-2.8953052,0.26577544,-0.86574781,0.15446393,0.47604793,0
-1.0416098,-1.5774437,0.71817684,-0.86574781,0.15446393,0.47604793,0
0.46556228,-1.9129688,-0.63324678,0.86574781,-0.15446393,-0.47604793,0
0.23143578,-0.76581109,-1.4312525,0.86574781,-0.15446393,-0.47604793,0
1.7767382,3.6993723,0.17309999,0.28369141,0.93506873,0.21252239,0
-1.6016142,-3.7975903,0.025276661,-0.28369141,-0.93506873,-0.21252239,0
-2.0147996,-3.4817829,-0.81267953,-0.28369141,-0.93506873,-0.21252239,0
0.56267643,3.6708612,1.9191678,0.28369141,0.93506873,0.21252239,0
1.0954341,3.5322895,1.8176975,0.28369141,0.93506873,0.21252239,0
-0.55877876,-3.7360816,-1.6374116,-0.28369141,-0.93506873,-0.21252239,0
2.0845215,3.1244321,0.6765244,0.86574781,-0.15446393,-0.47604793,0
1.7210627,3.4460404,1.362045,0.28369141,0.93506873,0.21252239,0
0.97187161,3.7608993,0.97678971,0.28369141,0.93506873,0.21252239,0
-1.2424765,-0.13514113,-0.62205106,-0.41231048,0.31904149,-0.85335374,0
0.51860487,-0.48445964,0.74015164,0.41231048,-0.31904149,0.85335374,0
0.12013328,-0.66350031,-1.4779525,-0.41231048,0.31904149,-0.85335374,0
-0.39213225,-1.2832786,-1.4621589,-0.41231048,0.31904149,-0.85335374,0
-0.58778727,-1.2740152,-1.3641622,-0.41231048,0.31904149,-0.85335374,0
-0.58660245,-3.8841958,0.0030975342,0.41231048,-0.31904149,0.85335374,0
-1.1009593,-3.9481514,0.019411087,-0.28369141,-0.93506873,-0.21252239,0
-0.74896443,-0.65472853,-1.0547557,-0.41231048,0.31904149,-0.85335374,0
-0.36588442,1.7464919,0.86853933,-0.86574781,0.15446393,0.47604793,0
-1.4818287,-1.0637748,-0.24908221,-0.86574781,0.15446393,0.47604793,0
-0.49745226,-4.003315,-0.54348421,-0.28369141,-0.93506873,-0.21252239,0
0.37055394,1.0475588,-0.95923704,-0.41231048,0.31904149,-0.85335374,0
0.3182784,0.92050672,1.3622139,0.41231048,-0.31904149,0.85335374,0
-0.038740516,3.002965,1.0557988,-0.86574781,0.15446393,0.47604793,0
0.59933239,-2.6360905,-0.15533829,0.86574781,-0.15446393,-0.47604793,0
-0.62503868,1.4801494,0.48365808,-0.86574781,0.15446393,0.47604793,0
0.29658404,-1.5603663,0.44517744,0.41231048,-0.31904149,0.85335374,0
0.36242259,4.0560684,0.49162531,0.28369141,0.93506873,0.21252239,0
-0.15028119,-0.94213927,-1.4514718,-0.41231048,0.31904149,-0.85335374,0
-1.5791883,-2.7210965,-1.4261689,-0.41231048,0.31904149,-0.85335374,0
-1.2033061,-3.7943988,-0.52045727,-0.28369141,-0.93506873,-0.21252239,0
-0.31975883,0.26128113,1.4240277,0.41231048,-0.31904149,0.85335374,0
-1.5937775,-0.99478954,-0.4750579,-0.86574781,0.15446393,0.47604793,0
1.4771428,3.8515763,-0.096652031,0.28369141,0.93506873,0.21252239,0
1.5524362,2.7625837,-0.17372441,0.86574781,-0.15446393,-0.47604793,0
1.0244415,3.7756402,0.84175634,0.28369141,0.93506873,0.21252239,0
1.4206808,2.5685775,1.4457324,0.41231048,-0.31904149,0.85335374,0
0.13736778,1.5015982,-0.67681909,-0.41231048,0.31904149,-0.85335374,0
0.47774553,4.009306,0.54343128,0.28369141,0.93506873,0.21252239,0
0.50325024,-0.39880168,-1.0560107,0.86574781,-0.15446393,-0.47604793,0
-0.010727644,-3.8146653,-0.24915028,0.41231048,-0.31904149,0.85335374,0
1.1395668,3.5158744,1.8310132,0.28369141,0.93506873,0.21252239,0
0.11969984,4.1262307,0.50692701,0.28369141,0.93506873,0.21252239,0
-1.8024676,-2.9633257,-1.4088497,-0.41231048,0.31904149,-0.85335374,0
-0.24089682,1.9529963,1.0288389,-0.86574781,0.15446393,0.47604793,0
0.53584558,-1.7874789,-0.54614651,0.86574781,-0.15446393,-0.47604793,0
-0.7027424,2.0889082,0.14482021,-0.86574781,0.15446393,0.47604793,0
-0.27646494,-2.7944722,-1.6966858,0.86574781,-0.15446393,-0.47604793,0
-1.6257555,-3.4805014,-1.3376446,-0.28369141,-0.93506873,-0.21252239,0
0.60197628,3.901072,0.85381413,0.28369141,0.93506873,0.21252239,0
-0.5617674,2.5901051,0.067935944,-0.41231048,0.31904149,-0.85335374,0
1.0671312,3.751703,0.8900907,0.28369141,0.93506873,0.21252239,0
-0.97702479,-0.47740352,-0.87826878,-0.41231048,0.31904149,-0.85335374,0
-0.67247999,-2.7709165,-1.8828847,-0.41231048,0.31904149,-0.85335374,0
1.232381,3.7348785,0.74352789,0.28369141,0.93506873,0.21252239,0
-0.13373721,2.9308305,0.90644193,-0.86574781,0.15446393,0.47604793,0
1.6483411,1.8097132,0.30986834,0.86574781,-0.15446393,-0.47604793,0
0.78165078,0.9577269,-0.98986197,0.86574781,-0.15446393,-0.47604793,0
1.9224379,3.4671409,1.0003948,0.28369141,0.93506873,0.21252239,0
1.189604,3.963131,-0.20364857,0.28369141,0.93506873,0.21252239,0
1.6388916,3.2489364,-0.17430305,0.86574781,-0.15446393,-0.47604793,0
-0.77385885,-0.16681013,0.74740285,-0.86574781,0.15446393,0.47604793,0
-1.1058767,-2.8086841,0.65609121,0.41231048,-0.31904149,0.85335374,0
0.015807092,-1.9921852,0.41939592,0.41231048,-0.31904149,0.85335374,0
0.014627218,1.4204444,1.6663364,-0.86574781,0.15446393,0.47604793,0
-1.1385679,-1.3048581,0.45340145,-0.86574781,0.15446393,0.47604793,0
-2.0245583,-3.5148435,-0.65419292,-0.28369141,-0.93506873,-0.21252239,0
0.89174068,-0.011890769,0.73654372,0.41231048,-0.31904149,0.85335374,0
1.1701227,1.674579,-0.51597917,0.86574781,-0.15446393,-0.47604793,0
2.2911835,3.0484762,1.0770075,0.86574781,-0.15446393,-0.47604793,0
0.092559338,4.0347009,0.94587421,0.28369141,0.93506873,0.21252239,0
-2.1054831,-3.1814866,-0.69613242,-0.86574781,0.15446393,0.47604793,0
0.6625483,3.2078824,2.0510507,0.41231048,-0.31904149,0.85335374,0
0.061780095,-1.1077068,0.72786117,0.41231048,-0.31904149,0.85335374,0
-0.66657662,-3.8706245,-0.90154457,-0.28369141,-0.93506873,-0.21252239,0
-0.33734006,1.9416614,0.85712385,-0.86574781,0.15446393,0.47604793,0
-1.4863538,-3.5857551,-1.0606265,-0.28369141,-0.93506873,-0.21252239,0
0.67919099,3.8726401,-0.052152634,-0.41231048,0.31904149,-0.85335374,0
0.11293542,4.0312877,0.9336915,0.28369141,0.93506873,0.21252239,0
0.54951906,3.9801126,0.57606983,0.28369141,0.93506873,0.21252239,0
1.0789932,3.8840165,0.29209566,0.28369141,0.93506873,0.21252239,0
1.2146966,-0.49313152,0.4005824,0.41231048,-0.31904149,0.85335374,0
-0.68774229,-0.48918802,1.008618,-0.86574781,0.15446393,0.47604793,0
-0.52887499,-4.0908189,-0.11653519,-0.28369141,-0.93506873,-0.21252239,0
0.59494388,3.7291675,1.619556,0.28369141,0.93506873,0.21252239,0
0.84972072,2.4182451,-0.67829823,-0.41231048,0.31904149,-0.85335374,0
0.83222681,3.7494681,1.2134929,0.28369141,0.93506873,0.21252239,0
1.4349246,3.1132231,-0.50120568,0.86574781,-0.15446393,-0.47604793,0
1.0100169,2.6193159,1.66312,0.41231048,-0.31904149,0.85335374,0
0.43762973,0.89909726,-1.0471509,-0.41231048,0.31904149,-0.85335374,0
0.61084443,4.0768819,0.068434715,0.28369141,0.93506873,0.21252239,0
-1.1317372,-3.9731991,0.17070293,-0.28369141,-0.93506873,-0.21252239,0
-1.5740384,-3.8287954,0.12576485,-0.28369141,-0.93506873,-0.21252239,0
-0.41103566,-3.8471506,-1.345942,-0.28369141,-0.93506873,-0.21252239,0
0.99814767,3.7456436,1.008836,0.28369141,0.93506873,0.21252239,0
-0.62823474,1.0678144,0.61163664,-0.86574781,0.15446393,0.47604793,0
1.7571909,3.5491734,0.86004806,0.28369141,0.93506873,0.21252239,0
0.23238617,-1.958684,-1.0424712,0.86574781,-0.15446393,-0.47604793,0
1.4507296,3.2035403,-0.5017674,0.86574781,-0.15446393,-0.47604793,0
-1.4709723,-3.5842476,0.54253435,0.41231048,-0.31904149,0.85335374,0
0.84510243,0.87797517,-0.84859085,0.86574781,-0.15446393,-0.47604793,0
-0.68452096,-0.94359338,-1.1938896,-0.41231048,0.31904149,-0.85335374,0
-1.0621101,-1.5418392,-1.2351167,-0.41231048,0.31904149,-0.85335374,0
0.76434332,-1.8333122,-0.11572528,0.86574781,-0.15446393,-0.47604793,0
0.52516049,4.0488997,0.30593204,0.28369141,0.93506873,0.21252239,0
-1.0871594,-3.7752972,-0.75954533,-0.28369141,-0.93506873,-0.21252239,0
0.59559524,1.4335779,-0.92364919,-0.41231048,0.31904149,-0.85335374,0
-0.36754835,-4.0005927,-0.72886705,-0.28369141,-0.93506873,-0.21252239,0
2.0581188,3.415792,1.0452037,0.28369141,0.93506873,0.21252239,0
-1.6416099,-3.8149557,0.15507126,-0.28369141,-0.93506873,-0.21252239,0
0.35149515,3.753365,1.5220034,-0.86574781,0.15446393,0.47604793,0
-0.2572566,-0.74474126,1.0177096,0.41231048,-0.31904149,0.85335374,0
1.9429389,3.1736403,1.4196093,0.41231048,-0.31904149,0.85335374,0
-1.9749146,-2.7384214,-1.2414453,-0.41231048,0.31904149,-0.85335374,0
-0.74378711,2.2316942,0.023845911,-0.86574781,0.15446393,0.47604793,0
-0.38629746,-2.279253,0.50635314,0.41231048,-0.31904149,0.85335374,0
-1.618564,-3.7195516,-0.29545832,-0.28369141,-0.93506873,-0.21252239,0
-1.0167021,-3.7402105,-1.0079722,-0.28369141,-0.93506873,-0.21252239,0
-0.27025366,1.215161,1.2148566,-0.86574781,0.15446393,0.47604793,0
-0.98117346,1.3300698,-0.11531723,-0.86574781,0.15446393,0.47604793,0
1.1200172,3.4538958,1.9219947,0.41231048,-0.31904149,0.85335374,0
0.89607877,2.3768106,-0.71618795,-0.41231048,0.31904149,-0.85335374,0
-1.3461655,-3.9320698,0.27597475,-0.28369141,-0.93506873,-0.21252239,0
0.27813959,4.0798821,0.49935627,0.28369141,0.93506873,0.21252239,0
0.33206773,2.7337132,1.8175206,-0.86574781,0.15446393,0.47604793,0
1.0292299,-0.36136252,-0.11160424,0.86574781,-0.15446393,-0.47604793,0
-1.5793444,-0.82355404,-0.50437051,-0.86574781,0.15446393,0.47604793,0
-0.82687694,-3.6746018,-1.550035,-0.28369141,-0.93506873,-0.21252239,0
1.7422143,3.5719457,-0.091206074,0.86574781,-0.15446393,-0.47604793,0
0.15994978,3.4296551,1.2786911,-0.86574781,0.15446393,0.47604793,0
1.2440041,3.8091164,0.40137672,0.28369141,0.93506873,0.21252239,0
1.78458,1.952885,0.51117945,0.86574781,-0.15446393,-0.47604793,0
0.95808613,3.8453679,0.62354136,0.28369141,0.93506873,0.21252239,0
-0.21336529,-0.49596065,1.0895138,0.41231048,-0.31904149,0.85335374,0
-0.61438572,-3.8058517,-1.2562039,-0.28369141,-0.93506873,-0.21252239,0
1.8137813,2.1908495,0.48707318,0.86574781,-0.15446393,-0.47604793,0
0.79733402,1.5264802,1.357305,0.41231048,-0.31904149,0.85335374,0
0.96742177,3.6051202,-0.29143286,-0.41231048,0.31904149,-0.85335374,0
0.92377698,3.8748786,0.53949499,0.28369141,0.93506873,0.21252239,0
-0.22448701,-2.8389332,0.21892548,0.41231048,-0.31904149,0.85335374,0
-0.32746157,-0.05097878,1.3110056,0.41231048,-0.31904149,0.85335374,0
1.0253173,1.4859687,1.2320055,0.41231048,-0.31904149,0.85335374,0
-1.6017869,-1.3686078,-0.36833036,-0.86574781,0.15446393,0.47604793,0
0.15604484,-3.5313411,-0.22380304,0.41231048,-0.31904149,0.85335374,0
0.46561891,-2.0630951,-0.58443213,0.86574781,-0.15446393,-0.47604793,0
-0.21407434,0.50120556,-0.88102925,-0.41231048,0.31904149,-0.85335374,0
0.023576379,-4.131834,-0.67352867,-0.28369141,-0.93506873,-0.21252239,0
0.45549822,3.8190963,1.4100256,0.28369141,0.93506873,0.21252239,0
0.41290569,3.6532035,-0.0055336952,-0.41231048,0.31904149,-0.85335374,0
1.6776726,3.5803342,0.82909131,0.28369141,0.93506873,0.21252239,0
-1.565274,-3.7511568,-0.22753429,-0.28369141,-0.93506873,-0.21252239,0
-0.67708623,-3.6817334,-1.7186108,-0.28369141,-0.93506873,-0.21252239,0
-0.60975206,-3.8071315,-1.2567589,-0.28369141,-0.93506873,-0.21252239,0
0.099584997,1.0068396,1.5001558,0.41231048,-0.31904149,0.85335374,0
0.58530319,3.514535,2.024704,-0.86574781,0.15446393,0.47604793,0
-1.6051992,-3.7019987,-0.3905282,-0.28369141,-0.93506873,-0.21252239,0
-0.40800554,-0.33327961,-1.0993156,-0.41231048,0.31904149,-0.85335374,0
0.90252578,3.7084479,1.3001366,0.28369141,0.93506873,0.21252239,0
-0.050958276,4.1741657,0.5238266,0.28369141,0.93506873,0.21252239,0
0.63625896,3.6821783,1.7711525,0.28369141,0.93506873,0.21252239,0
0.12051594,-3.9399986,-0.35942078,0.41231048,-0.31904149,0.85335374,0
-1.5941933,-2.3571253,-1.2828419,-0.41231048,0.31904149,-0.85335374,0
0.67858535,-1.9069434,0.13103366,0.41231048,-0.31904149,0.85335374,0
-1.5361549,-1.8746355,-1.1304969,-0.41231048,0.31904149,-0.85335374,0
1.3243876,3.594732,1.2373338,0.28369141,0.93506873,0.21252239,0
-0.53289777,-3.3957124,0.15977669,0.41231048,-0.31904149,0.85335374,0
1.1552523,-0.62778914,0.37895966,0.41231048,-0.31904149,0.85335374,0
-1.478789,-1.9915563,-1.2019267,-0.41231048,0.31904149,-0.85335374,0
-1.3196386,-3.8781576,0.0033583641,-0.28369141,-0.93506873,-0.21252239,0
-1.8555492,-2.71557,-1.2905753,-0.41231048,0.31904149,-0.85335374,0
1.9998282,3.4094329,1.1509962,0.28369141,0.93506873,0.21252239,0
-0.28845692,3.0031519,0.090306759,-0.41231048,0.31904149,-0.85335374,0
0.79534519,3.5208192,-0.23980904,-0.41231048,0.31904149,-0.85335374,0
0.14928642,1.6733475,-0.61836624,-0.41231048,0.31904149,-0.85335374,0
0.34223562,-2.8038347,-0.041772366,0.41231048,-0.31904149,0.85335374,0
-0.5333786,1.8369496,-0.2273612,-0.41231048,0.31904149,-0.85335374,0
0.21211082,1.5413172,1.6456112,0.41231048,-0.31904149,0.85335374,0
-0.96854556,-3.8035018,-0.79378366,-0.28369141,-0.93506873,-0.21252239,0
-1.3764014,-2.1831536,0.30585575,-0.86574781,0.15446393,0.47604793,0
-0.89210975,-3.5427823,-2.0429456,-0.28369141,-0.93506873,-0.21252239,0
-0.56995219,-2.3177128,-1.7629839,-0.41231048,0.31904149,-0.85335374,0
-0.1185019,-3.8488784,-0.20986843,0.41231048,-0.31904149,0.85335374,0
0.39370483,-1.0182612,0.60092771,0.41231048,-0.31904149,0.85335374,0
-0.44095063,2.8584874,0.37121201,-0.86574781,0.15446393,0.47604793,0
1.8299458,3.2901499,0.15977859,0.86574781,-0.15446393,-0.47604793,0
-1.4334508,-3.5532768,-1.2741468,-0.28369141,-0.93506873,-0.21252239,0
1.2217853,1.3366255,-0.31236887,0.86574781,-0.15446393,-0.47604793,0
-0.60610819,-2.5811625,-1.8440104,-0.41231048,0.31904149,-0.85335374,0
-1.2956499,-0.13343275,-0.21236411,-0.86574781,0.15446393,0.47604793,0
-1.5310664,-3.6405516,-0.75984406,-0.28369141,-0.93506873,-0.21252239,0
-1.5610801,-3.562494,-1.0632217,-0.28369141,-0.93506873,-0.21252239,0
0.38898647,4.0752506,0.37176561,0.28369141,0.93506873,0.21252239,0
0.28738898,-1.5058744,-1.0893657,0.86574781,-0.15446393,-0.47604793,0
-1.1579218,-1.9628983,-1.3462442,-0.41231048,0.31904149,-0.85335374,0
1.8341018,1.6193743,0.70945513,0.86574781,-0.15446393,-0.47604793,0
-0.54060185,-1.6002331,0.83477104,0.41231048,-0.31904149,0.85335374,0
-1.0066833,-3.5615463,-1.8074436,-0.28369141,-0.93506873,-0.21252239,0
-0.44157171,-3.835896,-0.048918724,0.41231048,-0.31904149,0.85335374,0
0.019033194,4.1215434,0.66192675,0.28369141,0.93506873,0.21252239,0
0.13184524,0.29756653,1.2193946,0.41231048,-0.31904149,0.85335374,0
-0.28535679,-2.4073095,0.40970612,0.41231048,-0.31904149,0.85335374,0
-1.4680278,-3.4578047,-1.6480536,-0.28369141,-0.93506873,-0.21252239,0
-0.5593245,1.0218686,0.7518658,-0.86574781,0.15446393,0.47604793,0
-0.99046618,-2.8383298,0.58924508,0.41231048,-0.31904149,0.85335374,0
0.53494042,-2.4993167,-0.02103138,0.41231048,-0.31904149,0.85335374,0
1.9598999,3.364959,1.3999736,0.28369141,0.93506873,0.21252239,0
-0.40925521,-1.5275909,-1.5452263,-0.41231048,0.31904149,-0.85335374,0
0.44162214,3.9371622,0.90907574,0.28369141,0.93506873,0.21252239,0
-1.3955926,-3.6364124,-0.95889759,-0.28369141,-0.93506873,-0.21252239,0
-1.2090607,-0.5408951,-0.78989458,-0.41231048,0.31904149,-0.85335374,0
0.42503202,3.3872466,-0.11082506,-0.41231048,0.31904149,-0.85335374,0
-0.7295478,-1.0206885,1.1050465,-0.86574781,0.15446393,0.47604793,0
-0.0013588667,2.641753,1.2409844,-0.86574781,0.15446393,0.47604793,0
1.651997,1.0058615,0.57734406,0.86574781,-0.15446393,-0.47604793,0
-0.59476525,2.4167471,0.019066334,-0.41231048,0.31904149,-0.85335374,0
-0.89570737,-4.0251584,0.084244728,-0.28369141,-0.93506873,-0.21252239,0
-0.3789705,-2.5593586,0.3980906,0.41231048,-0.31904149,0.85335374,0
-1.3742657,-3.2369552,-1.7180433,-0.41231048,0.31904149,-0.85335374,0
0.95748436,0.54813981,0.91415614,0.41231048,-0.31904149,0.85335374,0
-0.41796064,-3.9094594,-1.0625482,-0.28369141,-0.93506873,-0.21252239,0
0.78670359,4.0317154,0.032413483,0.28369141,0.93506873,0.21252239,0
2.2874334,3.1567471,1.2468457,0.41231048,-0.31904149,0.85335374,0
-1.2116101,-0.72875333,0.13363653,-0.86574781,0.15446393,0.47604793,0
0.56667805,-0.39454371,-0.9420417,0.86574781,-0.15446393,-0.47604793,0
-0.69955671,-0.91996461,1.1269069,-0.86574781,0.15446393,0.47604793,0
1.4699048,3.3917131,1.7296929,0.41231048,-0.31904149,0.85335374,0
-0.47681701,-3.8303432,-1.3320816,-0.28369141,-0.93506873,-0.21252239,0
0.0098893642,4.1823258,0.40669966,0.28369141,0.93506873,0.21252239,0
-0.58592582,-0.93488491,-1.2382715,-0.41231048,0.31904149,-0.85335374,0
-1.060407,-3.7716424,-0.81133604,-0.28369141,-0.93506873,-0.21252239,0
0.66072798,3.1194975,2.0188863,0.41231048,-0.31904149,0.85335374,0
-1.2017708,-3.4867246,-1.8762321,-0.28369141,-0.93506873,-0.21252239,0
1.8445425,3.6473186,0.3116188,0.28369141,0.93506873,0.21252239,0
-1.1506128,-1.1989831,-1.0641725,-0.41231048,0.31904149,-0.85335374,0
-1.608495,-0.98608482,-0.76334417,-0.41231048,0.31904149,-0.85335374,0
-0.47227216,3.0486398,0.19612646,-0.41231048,0.31904149,-0.85335374,0
1.5675154,3.8782554,-0.33467388,0.28369141,0.93506873,0.21252239,0
-1.0699949,-3.5781105,-1.6500502,-0.28369141,-0.93506873,-0.21252239,0
-0.30487379,-2.2371173,0.48276544,0.41231048,-0.31904149,0.85335374,0
0.11676234,1.9211658,-0.51000047,-0.41231048,0.31904149,-0.85335374,0
0.9645558,1.1601368,-0.72290456,0.86574781,-0.15446393,-0.47604793,0
2.1720123,2.9544287,1.2269723,0.41231048,-0.31904149,0.85335374,0
1.7990724,3.3823361,1.5382013,0.28369141,0.93506873,0.21252239,0
-0.067152321,1.0638332,1.6020259,0.41231048,-0.31904149,0.85335374,0
1.4412129,0.35112429,0.40645248,0.86574781,-0.15446393,-0.47604793,0
0.48387796,0.37405884,1.0779028,0.41231048,-0.31904149,0.85335374,0
-0.2068119,0.85314775,1.4476956,-0.86574781,0.15446393,0.47604793,0
2.1585534,2.770035,0.92615128,0.86574781,-0.15446393,-0.47604793,0
1.0438346,-0.439403,0.50322431,0.41231048,-0.31904149,0.85335374,0
0.66100508,3.8768086,-0.041807652,-0.41231048,0.31904149,-0.85335374,0
0.48507121,2.2890286,-0.55042243,-0.41231048,0.31904149,-0.85335374,0
0.25056827,2.524868,1.7370684,-0.86574781,0.15446393,0.47604793,0
-0.92279744,-2.4565034,0.69930315,0.41231048,-0.31904149,0.85335374,0
1.8897021,3.4540133,1.1018531,0.28369141,0.93506873,0.21252239,0
0.081473947,-1.6096585,-1.430171,0.86574781,-0.15446393,-0.47604793,0
1.4439268,2.6564031,-0.33660889,0.86574781,-0.15446393,-0.47604793,0
0.44444972,3.4290586,-0.10457516,-0.41231048,0.31904149,-0.85335374,0
-0.32609606,-4.1224256,-0.24815702,-0.28369141,-0.93506873,-0.21252239,0
-0.96098959,-2.837945,0.57514739,0.41231048,-0.31904149,0.85335374,0
-0.63785255,1.3896919,0.48970556,-0.86574781,0.15446393,0.47604793,0
2.0927989,3.2341299,1.369817,0.41231048,-0.31904149,0.85335374,0
1.7321265,3.4366088,1.3887732,0.28369141,0.93506873,0.21252239,0
-1.4871274,-3.4443254,-1.6818657,-0.28369141,-0.93506873,-0.21252239,0
0.052852869,-2.4278438,-1.2167437,0.86574781,-0.15446393,-0.47604793,0
-0.15961909,-3.7722416,-1.16693,0.86574781,-0.15446393,-0.47604793,0
-1.9645282,-3.4488091,-1.0248671,-0.28369141,-0.93506873,-0.21252239,0
-1.3659825,-0.77501416,-0.80160511,-0.41231048,0.31904149,-0.85335374,0
1.0979333,3.797605,0.64701128,0.28369141,0.93506873,0.21252239,0
-0.26622701,-3.9261212,-1.1917844,-0.28369141,-0.93506873,-0.21252239,0
0.18296874,-3.579545,-0.2548337,0.41231048,-0.31904149,0.85335374,0
-0.30937338,-1.6609292,-1.6433367,-0.41231048,0.31904149,-0.85335374,0
0.74428707,0.83938801,-1.0194147,0.86574781,-0.15446393,-0.47604793,0
-0.15403736,-3.2925706,-1.3124185,0.86574781,-0.15446393,-0.47604793,0
-0.35237247,1.5657129,0.95177007,-0.86574781,0.15446393,0.47604793,0
-1.6820254,-2.6790323,-0.089058161,-0.86574781,0.15446393,0.47604793,0
0.16632235,3.8821073,0.19918633,-0.41231048,0.31904149,-0.85335374,0
-2.1587098,-3.407557,-0.94716167,-0.28369141,-0.93506873,-0.21252239,0
-0.98304558,-1.8088343,0.89976251,-0.86574781,0.15446393,0.47604793,0
1.9352871,3.5021865,0.82904696,0.28369141,0.93506873,0.21252239,0
-0.45400351,-0.54366112,-1.1557459,-0.41231048,0.31904149,-0.85335374,0
1.5094571,3.6754572,0.63511133,0.28369141,0.93506873,0.21252239,0
0.95331061,-0.96518517,-0.053749084,0.86574781,-0.15446393,-0.47604793,0
1.3195227,3.9459481,-0.30147123,0.28369141,0.93506873,0.21252239,0
1.8629665,3.5624211,0.66056108,0.28369141,0.93506873,0.21252239,0
-1.0432935,-3.5799637,-1.6775408,-0.28369141,-0.93506873,-0.21252239,0
0.80847669,0.67486966,1.0335315,0.41231048,-0.31904149,0.85335374,0
-0.61022496,0.70340669,0.76262927,-0.86574781,0.15446393,0.47604793,0
-0.5355916,1.2166578,-0.4581989,-0.41231048,0.31904149,-0.85335374,0
1.3105059,1.7285441,-0.27818668,0.86574781,-0.15446393,-0.47604793,0
-1.2606966,-3.0125828,0.6546638,0.41231048,-0.31904149,0.85335374,0
-0.87199897,-3.8351758,-0.78330088,-0.28369141,-0.93506873,-0.21252239,0
1.3880579,0.13071263,0.38130116,0.86574781,-0.15446393,-0.47604793,0
-0.2026512,1.8252804,1.1398332,-0.86574781,0.15446393,0.47604793,0
0.070667148,3.0903411,-0.050612211,-0.41231048,0.31904149,-0.85335374,0
-1.6511589,-2.3128624,-1.2387698,-0.41231048,0.31904149,-0.85335374,0
-0.92853522,1.0921494,-0.31489205,-0.41231048,0.31904149,-0.85335374,0
2.3302326,3.2734199,1.2697868,0.41231048,-0.31904149,0.85335374,0
0.95377511,1.7699683,-0.94038332,0.86574781,-0.15446393,-0.47604793,0
-0.26499259,-0.96901548,-1.4060955,-0.41231048,0.31904149,-0.85335374,0
-1.4886754,-1.1289455,-0.24038768,-0.86574781,0.15446393,0.47604793,0
0.71881354,3.9144912,0.63880634,0.28369141,0.93506873,0.21252239,0
0.12178999,1.9368258,1.6936734,-0.86574781,0.15446393,0.47604793,0
-2.0517657,-2.4164858,-0.84666228,-0.86574781,0.15446393,0.47604793,0
0.48722851,4.0120964,0.51849365,0.28369141,0.93506873,0.21252239,0
0.30929506,3.9168127,1.1752496,0.28369141,0.93506873,0.21252239,0
1.1839623,-0.66917038,0.26966912,0.86574781,-0.15446393,-0.47604793,0
-0.81438822,0.52711308,-0.58129275,-0.41231048,0.31904149,-0.85335374,0
-0.37031114,-3.8745799,-1.2796199,-0.28369141,-0.93506873,-0.21252239,0
0.075351179,1.3925701,1.6560769,0.41231048,-0.31904149,0.85335374,0
0.060667925,-0.73880911,0.86631757,0.41231048,-0.31904149,0.85335374,0
1.6574117,3.4418211,1.4655762,0.28369141,0.93506873,0.21252239,0
-1.3496655,-2.3269787,-1.3897181,-0.41231048,0.31904149,-0.85335374,0
-1.1485658,-3.161231,-1.7987826,-0.41231048,0.31904149,-0.85335374,0
-0.52345371,2.3313808,0.3922019,-0.86574781,0.15446393,0.47604793,0
-0.72567892,-3.7088306,-1.5345206,-0.28369141,-0.93506873,-0.21252239,0
0.71172106,1.573858,1.4163833,0.41231048,-0.31904149,0.85335374,0
-1.047536,0.31082475,0.094710767,-0.86574781,0.15446393,0.47604793,0
0.75152338,0.4712722,-0.88681161,0.86574781,-0.15446393,-0.47604793,0
-1.309389,-3.6957183,-0.81303024,-0.28369141,-0.93506873,-0.21252239,0
-1.8386738,-2.3238921,-0.48917413,-0.86574781,0.15446393,0.47604793,0
0.29236084,0.56699878,-1.101123,-0.41231048,0.31904149,-0.85335374,0
-0.095921993,-3.2160094,0.015830994,0.41231048,-0.31904149,0.85335374,0
0.97873074,-0.74064279,-0.080377162,0.86574781,-0.15446393,-0.47604793,0
-0.50990093,-3.9703391,-0.67195654,-0.28369141,-0.93506873,-0.21252239,0
0.079581022,-0.39238048,-1.3569961,-0.41231048,0.31904149,-0.85335374,0
-1.8629192,-3.0317636,-0.30358315,-0.86574781,0.15446393,0.47604793,0
-1.2384194,-3.5761452,-1.4338713,-0.28369141,-0.93506873,-0.21252239,0
-0.75800163,1.1319387,-0.38241196,-0.41231048,0.31904149,-0.85335374,0
-1.2798308,-3.8699679,-0.085813522,-0.28369141,-0.93506873,-0.21252239,0
0.16261768,3.0550725,1.4050841,-0.86574781,0.15446393,0.47604793,0
-0.4457882,-3.6724348,0.014231205,0.41231048,-0.31904149,0.85335374,0
-1.2449611,-0.91697335,0.13405561,-0.86574781,0.15446393,0.47604793,0
-1.7729797,-3.593704,-0.64304399,-0.28369141,-0.93506873,-0.21252239,0
-0.81496382,-3.6398561,-1.7188141,-0.28369141,-0.93506873,-0.21252239,0
1.8234379,2.8436327,1.3539686,0.41231048,-0.31904149,0.85335374,0
1.9352689,3.5792656,0.48993444,0.28369141,0.93506873,0.21252239,0
1.0966291,2.5675545,1.6019201,0.41231048,-0.31904149,0.85335374,0
-0.21502352,1.9087714,-0.35432696,-0.41231048,0.31904149,-0.85335374,0
1.5894766,3.6300628,0.72802353,0.28369141,0.93506873,0.21252239,0
1.0605471,3.8983817,0.25351429,0.28369141,0.93506873,0.21252239,0
0.046515226,-2.2195587,-1.2958524,0.86574781,-0.15446393,-0.47604793,0
-0.29288423,2.1217368,0.87954211,-0.86574781,0.15446393,0.47604793,0
-1.1790628,-3.6843348,-1.0370874,-0.28369141,-0.93506873,-0.21252239,0
0.34458399,1.7463231,1.65825,0.41231048,-0.31904149,0.85335374,0
-0.27283919,-3.7720242,-1.3729043,0.86574781,-0.15446393,-0.47604793,0
-0.98850626,-3.978322,0.0020461082,-0.28369141,-0.93506873,-0.21252239,0
0.51847053,3.9352553,0.81488132,0.28369141,0.93506873,0.21252239,0
-1.1847529,-0.88890636,-0.93174964,-0.41231048,0.31904149,-0.85335374,0
-0.80900085,-3.7517867,-1.2342949,-0.28369141,-0.93506873,-0.21252239,0
-0.13064384,4.210186,0.47171211,0.28369141,0.93506873,0.21252239,0
-0.19938165,1.7519395,-0.42051911,-0.41231048,0.31904149,-0.85335374,0
0.093088806,-2.5481517,0.17419791,0.41231048,-0.31904149,0.85335374,0
-1.0126952,-3.6692255,-1.3256457,-0.28369141,-0.93506873,-0.21252239,0
-1.9559129,-3.5596514,-0.54867554,-0.28369141,-0.93506873,-0.21252239,0
-1.0616786,-2.6419435,-1.6466188,-0.41231048,0.31904149,-0.85335374,0
1.2092426,1.7128716,-0.45726025,0.86574781,-0.15446393,-0.47604793,0
1.0662777,3.7546532,0.8782506,0.28369141,0.93506873,0.21252239,0
1.8146968,3.4848416,1.0663342,0.28369141,0.93506873,0.21252239,0
0.14909539,-0.32364428,0.97880918,0.41231048,-0.31904149,0.85335374,0
-0.42387196,0.22216332,-0.88398737,-0.41231048,0.31904149,-0.85335374,0
0.28168905,-3.3143294,-0.51293993,0.86574781,-0.15446393,-0.47604793,0
0.27182627,-0.49533761,-1.4455587,0.86574781,-0.15446393,-0.47604793,0
0.76639575,3.930109,0.50657558,0.28369141,0.93506873,0.21252239,0
0.3315939,1.2246693,1.4694968,0.41231048,-0.31904149,0.85335374,0
-2.0923133,-2.983335,-0.73647618,-0.86574781,0.15446393,0.47604793,0
-0.44541681,2.3839474,0.51706457,-0.86574781,0.15446393,0.47604793,0
-1.5036459,-3.7657564,-0.24556494,-0.28369141,-0.93506873,-0.21252239,0
-0.33860311,0.71171319,-0.74215931,-0.41231048,0.31904149,-0.85335374,0
-1.2389307,-1.9392586,-1.2982657,-0.41231048,0.31904149,-0.85335374,0
0.48391372,1.6190597,-0.80034292,-0.41231048,0.31904149,-0.85335374,0
0.23268878,4.0569639,0.66086435,0.28369141,0.93506873,0.21252239,0
1.4054894,3.8387475,0.055440426,0.28369141,0.93506873,0.21252239,0
-1.465421,-3.7346425,-0.43348646,-0.28369141,-0.93506873,-0.21252239,0
-0.22323447,-2.1555142,-1.8072039,0.86574781,-0.15446393,-0.47604793,0
0.28075027,4.1193724,0.32212067,0.28369141,0.93506873,0.21252239,0
-0.2452991,1.9712167,-0.31635261,-0.41231048,0.31904149,-0.85335374,0
-0.07357423,0.3761161,-0.99568081,-0.41231048,0.31904149,-0.85335374,0
-1.4032222,-3.1331365,-1.6652377,-0.41231048,0.31904149,-0.85335374,0
-0.88077891,1.2495551,0.093386412,-0.86574781,0.15446393,0.47604793,0
-0.25902438,2.8473377,0.70568371,-0.86574781,0.15446393,0.47604793,0
1.6569468,1.1327616,0.79477179,0.41231048,-0.31904149,0.85335374,0
0.48938376,3.4191437,-0.12999249,-0.41231048,0.31904149,-0.85335374,0
1.30576,0.94848937,-0.03371191,0.86574781,-0.15446393,-0.47604793,0
0.70498967,1.1411433,-1.0858364,-0.41231048,0.31904149,-0.85335374,0
-0.36698622,-0.45531273,-1.1647589,-0.41231048,0.31904149,-0.85335374,0
-0.26026309,-3.1076155,-1.5656152,0.86574781,-0.15446393,-0.47604793,0
0.34614187,-0.58507597,-1.2812896,0.86574781,-0.15446393,-0.47604793,0
-1.1911809,-3.5441737,-1.637599,-0.28369141,-0.93506873,-0.21252239,0
1.1720514,3.8416259,0.35438681,0.28369141,0.93506873,0.21252239,0
-1.2303094,-3.7593155,-0.63877249,-0.28369141,-0.93506873,-0.21252239,0
0.39449781,-0.42699695,0.82159919,0.41231048,-0.31904149,0.85335374,0
-0.22740662,-4.1441107,-0.28448057,-0.28369141,-0.93506873,-0.21252239,0
-0.20187351,-0.96891451,0.90713936,0.41231048,-0.31904149,0.85335374,0
0.95573419,3.7369642,1.103641,0.28369141,0.93506873,0.21252239,0
-1.7748017,-3.491241,-1.091434,-0.28369141,-0.93506873,-0.21252239,0
-1.6579825,-3.6466365,-0.5636549,-0.28369141,-0.93506873,-0.21252239,0
-1.1967366,-0.67388028,0.1428808,-0.86574781,0.15446393,0.47604793,0
1.0937293,1.8370878,-0.70763874,0.86574781,-0.15446393,-0.47604793,0
0.22395122,-3.2748404,-0.63075638,0.86574781,-0.15446393,-0.47604793,0
1.5789231,3.758532,0.17686367,0.28369141,0.93506873,0.21252239,0
-1.0515053,-2.499125,0.7455554,0.41231048,-0.31904149,0.85335374,0
0.68857265,-0.93107343,-0.54627377,0.86574781,-0.15446393,-0.47604793,0
-2.0026355,-2.3875175,-0.7667129,-0.86574781,0.15446393,0.47604793,0
-2.1029553,-3.4363756,-0.89478922,-0.28369141,-0.93506873,-0.21252239,0
0.76861978,-0.023976237,-0.69502592,0.86574781,-0.15446393,-0.47604793,0
-1.3909239,-3.7888908,-0.29424524,-0.28369141,-0.93506873,-0.21252239,0
0.54317653,2.7024989,1.9197803,0.41231048,-0.31904149,0.85335374,0
-1.4001367,-3.5674164,-1.2564054,-0.28369141,-0.93506873,-0.21252239,0
2.2936912,2.9426672,1.1637845,0.41231048,-0.31904149,0.85335374,0
0.016017437,-3.3622673,-0.092935324,0.41231048,-0.31904149,0.85335374,0
-2.0302002,-2.9823804,-1.3059413,-0.41231048,0.31904149,-0.85335374,0
0.46597424,0.037813187,-1.2654704,0.86574781,-0.15446393,-0.47604793,0
0.80945957,-1.6006331,0.18231964,0.41231048,-0.31904149,0.85335374,0
1.1572752,3.6274605,1.3164091,0.28369141,0.93506873,0.21252239,0
1.7661159,2.9605191,0.15065217,0.86574781,-0.15446393,-0.47604793,0
0.33131993,1.3857529,-0.81384087,-0.41231048,0.31904149,-0.85335374,0
1.0727113,3.7919226,0.7056818,0.28369141,0.93506873,0.21252239,0
-1.416248,-2.9834805,0.49307323,-0.86574781,0.15446393,0.47604793,0
1.5308989,3.4857614,1.441124,0.28369141,0.93506873,0.21252239,0
-1.4784415,-0.7774533,-0.74818087,-0.41231048,0.31904149,-0.85335374,0
0.49575067,-2.8750255,-0.26618552,0.86574781,-0.15446393,-0.47604793,0
1.6279486,3.4678705,1.3902929,0.28369141,0.93506873,0.21252239,0
0.47053015,-2.6772575,-0.37622213,0.86574781,-0.15446393,-0.47604793,0
-0.51963103,-3.7094631,-1.8067865,-0.28369141,-0.93506873,-0.21252239,0
-0.2284283,-1.5437338,0.70506334,0.41231048,-0.31904149,0.85335374,0
0.54567266,3.8945155,0.95781851,0.28369141,0.93506873,0.21252239,0
-1.5715182,-3.0258527,0.22444487,-0.86574781,0.15446393,0.47604793,0
1.2337825,3.576411,1.4388926,0.28369141,0.93506873,0.21252239,0
0.69900858,3.8925323,0.76186085,0.28369141,0.93506873,0.21252239,0
-0.93401086,0.7025218,0.17407471,-0.86574781,0.15446393,0.47604793,0
-0.015356481,0.59599018,1.4020883,0.41231048,-0.31904149,0.85335374,0
0.072346449,-4.1549969,-0.62088108,0.86574781,-0.15446393,-0.47604793,0
-1.9169145,-2.3863139,-0.61120987,-0.86574781,0.15446393,0.47604793,0
-1.9263885,-2.3015146,-0.6559546,-0.86574781,0.15446393,0.47604793,0
1.841118,1.7946582,0.66534054,0.86574781,-0.15446393,-0.47604793,0
0.86823165,0.27214301,0.85409355,0.41231048,-0.31904149,0.85335374,0
-0.93349999,-3.6137695,-1.67536,-0.28369141,-0.93506873,-0.21252239,0
-1.2115211,-0.35899767,0.013823181,-0.86574781,0.15446393,0.47604793,0
-0.91826129,-2.7856412,-1.7696373,-0.41231048,0.31904149,-0.85335374,0
0.35169095,2.2559314,1.8453423,0.41231048,-0.31904149,0.85335374,0
-0.7946555,2.0556853,-0.019342899,-0.41231048,0.31904149,-0.85335374,0
1.5933384,1.8262279,1.0847697,0.41231048,-0.31904149,0.85335374,0
0.99652344,0.42859602,-0.42740372,0.86574781,-0.15446393,-0.47604793,0
0.88513696,-1.3184613,0.25124979,0.41231048,-0.31904149,0.85335374,0
0.97134906,-0.17336813,-0.27786615,0.86574781,-0.15446393,-0.47604793,0
0.32263136,2.5165009,1.8708384,-0.86574781,0.15446393,0.47604793,0
-0.16140246,-3.5168185,-0.064993858,0.41231048,-0.31904149,0.85335374,0
0.69647008,3.9500935,0.51198816,0.28369141,0.93506873,0.21252239,0
-0.085334897,-3.9425588,-0.26091766,0.41231048,-0.31904149,0.85335374,0
2.088516,3.4295051,0.58480096,0.86574781,-0.15446393,-0.47604793,0
1.3592716,3.855773,-0.38704967,-0.41231048,0.31904149,-0.85335374,0
-0.22761542,-2.5852873,0.31526732,0.41231048,-0.31904149,0.85335374,0
-1.9085484,-3.4827099,-0.95043325,-0.28369141,-0.93506873,-0.21252239,0
-1.0939755,-3.5913081,-1.5599704,-0.28369141,-0.93506873,-0.21252239,0
-1.8764796,-1.7151977,-0.90645528,-0.41231048,0.31904149,-0.85335374,0
0.37412381,-2.1240757,-0.73104,0.86574781,-0.15446393,-0.47604793,0
-0.7297557,0.31121537,0.67250383,-0.86574781,0.15446393,0.47604793,0
1.833804,3.4455943,1.2135112,0.28369141,0.93506873,0.21252239,0
0.44639444,-1.4541407,-0.81698227,0.86574781,-0.15446393,-0.47604793,0
0.18320996,1.2292118,1.5428891,0.41231048,-0.31904149,0.85335374,0
-0.63819313,-3.6774471,-1.7893858,-0.28369141,-0.93506873,-0.21252239,0
-1.705158,-1.1667202,-0.78417361,-0.41231048,0.31904149,-0.85335374,0
-1.0845475,-3.9390931,-0.0423522,-0.28369141,-0.93506873,-0.21252239,0
0.37655672,-0.34705448,-1.3032079,0.86574781,-0.15446393,-0.47604793,0
-1.1494265,-0.5291819,0.18196923,-0.86574781,0.15446393,0.47604793,0
-1.7850367,-3.4778633,-1.1366305,-0.28369141,-0.93506873,-0.21252239,0
-1.3252137,-3.8480234,-0.12178659,-0.28369141,-0.93506873,-0.21252239,0
-0.24387141,-0.41903454,1.1330135,0.41231048,-0.31904149,0.85335374,0
1.8236656,3.6955705,0.016809464,0.86574781,-0.15446393,-0.47604793,0
1.1029806,2.5537379,1.5936856,0.41231048,-0.31904149,0.85335374,0
-1.4720973,-3.4609928,-1.6285944,-0.28369141,-0.93506873,-0.21252239,0
0.17970932,3.1105802,1.4181564,-0.86574781,0.15446393,0.47604793,0
-1.0548738,-3.7237015,-1.0296543,-0.28369141,-0.93506873,-0.21252239,0
0.83509976,-0.50607675,0.57915044,0.41231048,-0.31904149,0.85335374,0
-2.1667888,-2.8960218,-0.90024948,-0.86574781,0.15446393,0.47604793,0
0.5296877,3.9927187,0.54707766,0.28369141,0.93506873,0.21252239,0
0.58895457,3.8581641,1.0599842,0.28369141,0.93506873,0.21252239,0
0.67841053,-1.0748888,-0.51809078,0.86574781,-0.15446393,-0.47604793,0
-1.5283113,-3.1102245,0.33039808,-0.86574781,0.15446393,0.47604793,0
1.3756267,3.7906623,0.30687284,0.28369141,0.93506873,0.21252239,0
0.49025118,-2.889389,-0.27152705,0.86574781,-0.15446393,-0.47604793,0
-0.92584276,0.44582197,0.27222097,-0.86574781,0.15446393,0.47604793,0
1.8714924,3.2281098,0.25546598,0.86574781,-0.15446393,-0.47604793,0
-1.5807972,-2.1764977,-0.068020821,-0.86574781,0.15446393,0.47604793,0
-0.49806988,-3.1949468,-1.9697573,0.86574781,-0.15446393,-0.47604793,0
0.46283579,3.9906886,0.64524889,0.28369141,0.93506873,0.21252239,0
-0.99060506,-3.7359486,-1.0615616,-0.28369141,-0.93506873,-0.21252239,0
1.9571472,3.1188653,1.3922651,0.41231048,-0.31904149,0.85335374,0
0.040002584,-2.7586589,-1.1327739,0.86574781,-0.15446393,-0.47604793,0
0.6091522,3.7943912,1.3136158,0.28369141,0.93506873,0.21252239,0
1.9725132,3.5775919,0.44758081,0.28369141,0.93506873,0.21252239,0
2.033896,3.39276,1.178875,0.28369141,0.93506873,0.21252239,0
1.4261949,0.69622535,0.26716518,0.86574781,-0.15446393,-0.47604793,0
0.89502871,3.6096249,1.7449493,0.28369141,0.93506873,0.21252239,0
-2.1451011,-2.7328234,-0.91376138,-0.86574781,0.15446393,0.47604793,0
1.1485615,2.7348552,-0.70431733,-0.41231048,0.31904149,-0.85335374,0
-0.15349448,-1.8663942,-1.7741846,0.86574781,-0.15446393,-0.47604793,0
-1.0576669,-3.7764454,-0.79386234,-0.28369141,-0.93506873,-0.21252239,0
2.1015749,3.4093635,0.6150856,0.86574781,-0.15446393,-0.47604793,0
1.493114,2.1013513,1.2360545,0.41231048,-0.31904149,0.85335374,0
0.42969078,2.5196829,1.9062637,0.41231048,-0.31904149,0.85335374,0
-1.168017,-3.8016317,0.31488371,0.41231048,-0.31904149,0.85335374,0
-0.40827554,-1.8450675,-1.6643938,-0.41231048,0.31904149,-0.85335374,0
-0.64462936,-4.0573277,-0.10937166,-0.28369141,-0.93506873,-0.21252239,0
0.038642049,4.1462145,0.52720404,0.28369141,0.93506873,0.21252239,0
-1.4828712,-3.4450183,-1.6844988,-0.28369141,-0.93506873,-0.21252239,0
-0.044964194,3.8218477,0.77877617,-0.86574781,0.15446393,0.47604793,0
0.0066194492,-0.69596475,0.90845001,0.41231048,-0.31904149,0.85335374,0
-1.3809817,-3.5533834,-1.3437176,-0.28369141,-0.93506873,-0.21252239,0
-0.48601061,-3.3022017,0.17208362,0.41231048,-0.31904149,0.85335374,0
-1.4819636,-3.8925343,0.28329802,-0.28369141,-0.93506873,-0.21252239,0
1.4196099,2.6557603,-0.38062334,0.86574781,-0.15446393,-0.47604793,0
1.7296581,3.6911395,-0.15271568,0.86574781,-0.15446393,-0.47604793,0
1.2969487,3.6761703,0.91564608,0.28369141,0.93506873,0.21252239,0
1.7194412,3.565923,0.83674312,0.28369141,0.93506873,0.21252239,0
1.5528468,3.8287914,-0.097458839,0.28369141,0.93506873,0.21252239,0
-0.85328281,1.2428311,0.14557302,-0.86574781,0.15446393,0.47604793,0
-0.52858204,-1.8978668,0.71768808,0.41231048,-0.31904149,0.85335374,0
1.6611161,1.681941,0.99807763,0.41231048,-0.31904149,0.85335374,0
-0.97278726,-1.3290364,-1.1987143,-0.41231048,0.31904149,-0.85335374,0
0.96162355,3.6173122,1.622231,0.28369141,0.93506873,0.21252239,0
0.93770319,3.3723717,1.9796026,0.41231048,-0.31904149,0.85335374,0
0.17040133,4.0485306,0.78111601,0.28369141,0.93506873,0.21252239,0
-0.61904293,-1.8688837,-1.5714629,-0.41231048,0.31904149,-0.85335374,0
-1.0714324,-0.16551782,0.20581181,-0.86574781,0.15446393,0.47604793,0
0.41565919,3.8923612,1.1408505,0.28369141,0.93506873,0.21252239,0
-0.41837704,-3.9365788,-0.9426713,-0.28369141,-0.93506873,-0.21252239,0
-1.0797688,-2.6091261,-1.6256087,-0.41231048,0.31904149,-0.85335374,0
-1.0334331,-1.914362,0.84236765,-0.86574781,0.15446393,0.47604793,0
1.5282919,2.0586197,0.01078248,0.86574781,-0.15446393,-0.47604793,0
1.2565029,-0.12001038,0.51988107,0.41231048,-0.31904149,0.85335374,0
0.40917891,-1.0011926,-1.0316318,0.86574781,-0.15446393,-0.47604793,0
-1.06095,-1.5887556,0.68667483,-0.86574781,0.15446393,0.47604793,0
0.86052275,3.8110538,0.90475225,0.28369141,0.93506873,0.21252239,0
-0.43211108,-2.9190998,0.28927064,0.41231048,-0.31904149,0.85335374,0
-0.40228832,-3.3907173,-1.7320454,0.86574781,-0.15446393,-0.47604793,0
-0.90750682,-2.4799638,0.68314385,0.41231048,-0.31904149,0.85335374,0
0.9819873,0.44890925,-0.46043044,0.86574781,-0.15446393,-0.47604793,0
