0.78473532,-1.650925,-1.5347604,-0.3705337,-0.90949583,-0.18847342,0
-1.7362419,-0.19523031,1.3560505,-0.45779192,0.0022691637,0.88905656,0
-2.153759,-0.96438217,1.1430264,-0.45779192,0.0022691637,0.88905656,0
-0.94554448,-0.22591597,1.763274,-0.45779192,0.0022691637,0.88905656,0
0.24843991,0.21564734,2.1305475,0.80816543,-0.41570699,0.41720062,0
0.091603041,-0.056399822,-2.2022638,0.45779192,-0.0022691637,-0.88905656,0
-0.073291942,0.99289322,-1.2656151,-0.80816543,0.41570699,-0.41720062,0
0.49961856,1.3937329,-1.9760036,-0.80816543,0.41570699,-0.41720062,0
1.0161818,1.2066823,-1.7294049,0.45779192,-0.0022691637,-0.88905656,0
-0.18810666,-1.4727641,1.2938212,0.80816543,-0.41570699,0.41720062,0
-0.84785539,-0.5411669,1.8143804,-0.45779192,0.0022691637,0.88905656,0
1.5193367,-0.72965604,-1.4653788,0.45779192,-0.0022691637,-0.88905656,0
1.8857663,0.10532087,-1.2788284,0.45779192,-0.0022691637,-0.88905656,0
1.1116685,-0.1262911,0.11766022,0.80816543,-0.41570699,0.41720062,0
-1.7049196,-0.15144843,1.3720675,-0.45779192,0.0022691637,0.88905656,0
1.3161077,1.0523579,-1.574573,0.45779192,-0.0022691637,-0.88905656,0
0.37072396,-1.5582461,-1.1680562,-0.3705337,-0.90949583,-0.18847342,0
-1.1538222,1.5448216,1.6515083,-0.45779192,0.0022691637,0.88905656,0
-1.4611022,-1.3088872,1.2299616,-0.3705337,-0.90949583,-0.18847342,0
-1.515532,0.68460405,1.4674525,-0.45779192,0.0022691637,0.88905656,0
-0.42019957,0.90238249,-0.68380177,-0.80816543,0.41570699,-0.41720062,0
-0.12961876,0.63323563,2.1812167,-0.45779192,0.0022691637,0.88905656,0
-0.059115648,1.7220519,-0.23501721,0.3705337,0.90949583,0.18847342,0
0.074907303,-1.2800038,-1.9291725,-0.3705337,-0.90949583,-0.18847342,0
-0.88612425,-0.26374912,-0.94320929,-0.80816543,0.41570699,-0.41720062,0
0.055008531,-1.0337555,-2.2186124,0.45779192,-0.0022691637,-0.88905656,0
0.59530354,1.6282012,-1.9277277,-0.80816543,0.41570699,-0.41720062,0
-2.0523291,-0.99922454,0.89799023,-0.3705337,-0.90949583,-0.18847342,0
0.36407244,-0.74463266,-2.0602078,0.45779192,-0.0022691637,-0.88905656,0
-0.0066407919,-0.090310216,2.246387,-0.45779192,0.0022691637,0.88905656,0
-0.29845357,-1.6490431,0.5856778,-0.3705337,-0.90949583,-0.18847342,0
-0.70463043,0.63560367,1.8851262,-0.45779192,0.0022691637,0.88905656,0
0.79565346,-0.24127281,0.61524737,0.80816543,-0.41570699,0.41720062,0
-0.34222856,-0.69693589,2.0751348,-0.45779192,0.0022691637,0.88905656,0
-0.14333922,0.65491575,-1.466693,-0.80816543,0.41570699,-0.41720062,0
1.7527533,0.75345218,-0.24760103,0.80816543,-0.41570699,0.41720062,0
1.5335032,1.1497397,-0.60431778,0.3705337,0.90949583,0.18847342,0
1.5618773,0.33778769,-0.29202855,0.80816543,-0.41570699,0.41720062,0
1.3027292,0.55646127,0.42786178,0.80816543,-0.41570699,0.41720062,0
0.62097728,1.387408,-1.9333642,0.45779192,-0.0022691637,-0.88905656,0
-1.0507145,1.6379936,1.2705555,-0.80816543,0.41570699,-0.41720062,0
0.47880444,-0.64911973,0.82263374,0.80816543,-0.41570699,0.41720062,0
1.5426086,-0.0025954843,-0.59386754,0.80816543,-0.41570699,0.41720062,0
0.85512376,-0.48054504,-1.8080301,0.45779192,-0.0022691637,-0.88905656,0
0.99408758,-1.5042932,-1.0276412,0.80816543,-0.41570699,0.41720062,0
-0.32896519,-0.27120483,-2.0299191,-0.80816543,0.41570699,-0.41720062,0
0.37433457,0.054955363,1.7265584,0.80816543,-0.41570699,0.41720062,0
-0.31078565,1.7000099,0.36612472,0.3705337,0.90949583,0.18847342,0
-0.57773149,-1.3290737,-0.40931034,-0.3705337,-0.90949583,-0.18847342,0
0.73728245,-1.2641785,-0.29092503,0.80816543,-0.41570699,0.41720062,0
-0.79223609,1.282081,1.8383665,-0.45779192,0.0022691637,0.88905656,0
-0.81200653,-0.75328302,1.8333814,-0.45779192,0.0022691637,0.88905656,0
0.66170841,-1.3907179,-0.27061561,0.80816543,-0.41570699,0.41720062,0
0.24498618,1.3285263,1.0661216,0.3705337,0.90949583,0.18847342,0
-0.50159228,-1.6830325,1.1490616,-0.3705337,-0.90949583,-0.18847342,0
0.1169548,0.13960838,-2.1897101,0.45779192,-0.0022691637,-0.88905656,0
0.95439816,-1.0265802,-1.7555186,0.45779192,-0.0022691637,-0.88905656,0
-0.16971493,-1.3285055,1.4019364,0.80816543,-0.41570699,0.41720062,0
0.76496983,1.4547038,-0.56503475,0.3705337,0.90949583,0.18847342,0
-0.11412144,1.7300913,-0.16567218,0.3705337,0.90949583,0.18847342,0
1.3435652,0.37397945,0.16692907,0.80816543,-0.41570699,0.41720062,0
-1.2046449,0.20846665,0.14432734,-0.80816543,0.41570699,-0.41720062,0
-1.1761912,0.9228428,0.80102801,-0.80816543,0.41570699,-0.41720062,0
0.66459662,-1.4057273,-0.29116589,0.80816543,-0.41570699,0.41720062,0
0.47060919,1.6456988,-0.90799308,0.3705337,0.90949583,0.18847342,0
0.32551676,-0.8596974,0.90974557,0.80816543,-0.41570699,0.41720062,0
1.6111629,-0.028734446,-1.4198847,0.45779192,-0.0022691637,-0.88905656,0
-1.4536343,0.96240133,1.4986161,-0.45779192,0.0022691637,0.88905656,0
0.59934163,1.4220117,-0.081655324,0.3705337,0.90949583,0.18847342,0
-0.81658792,0.37333003,1.8281465,-0.45779192,0.0022691637,0.88905656,0
0.8798039,-1.3045824,-0.60726428,0.80816543,-0.41570699,0.41720062,0
-1.6846157,-0.89304465,-0.023481727,-0.80816543,0.41570699,-0.41720062,0
0.79225761,0.30747393,-1.8424125,0.45779192,-0.0022691637,-0.88905656,0
0.78433669,-0.43129551,0.44782707,0.80816543,-0.41570699,0.41720062,0
-1.4734095,-1.0491629,0.00083303452,-0.3705337,-0.90949583,-0.18847342,0
1.5646787,1.3071012,-1.4249701,0.3705337,0.90949583,0.18847342,0
-1.2274735,-1.2698252,1.6207676,-0.45779192,0.0022691637,0.88905656,0
0.92937064,-0.96308547,-0.36300671,0.80816543,-0.41570699,0.41720062,0
1.1566865,-0.57397711,-1.6525115,0.45779192,-0.0022691637,-0.88905656,0
0.94615889,0.69837791,-1.7641635,0.45779192,-0.0022691637,-0.88905656,0
0.78029042,-0.28518796,0.6012494,0.80816543,-0.41570699,0.41720062,0
-0.63483602,1.1288891,-0.042330831,-0.80816543,0.41570699,-0.41720062,0
0.013377719,0.8072983,-1.6184347,-0.80816543,0.41570699,-0.41720062,0
-0.87611556,-0.53904074,1.7998233,-0.45779192,0.0022691637,0.88905656,0
-1.1923198,-1.275944,0.54257059,-0.3705337,-0.90949583,-0.18847342,0
1.357399,0.12017626,-0.11276281,0.80816543,-0.41570699,0.41720062,0
0.90948856,0.53282326,-1.7826233,0.45779192,-0.0022691637,-0.88905656,0
-0.63052177,-0.1831128,1.9253759,-0.45779192,0.0022691637,0.88905656,0
0.0072078705,-1.2340164,-2.0179939,-0.3705337,-0.90949583,-0.18847342,0
0.2327255,1.2807055,1.3209883,0.3705337,0.90949583,0.18847342,0
-0.64559799,-0.016711354,-1.1629828,-0.80816543,0.41570699,-0.41720062,0
-0.031817675,-1.2387674,-1.9183439,-0.3705337,-0.90949583,-0.18847342,0
-1.0760851,-1.4512945,1.6991835,-0.45779192,0.0022691637,0.88905656,0
-0.24121785,-0.74557698,-2.3718808,0.45779192,-0.0022691637,-0.88905656,0
1.0343422,0.48218471,-1.7182045,0.45779192,-0.0022691637,-0.88905656,0
0.27140623,1.5177214,-1.4103856,-0.80816543,0.41570699,-0.41720062,0
1.0397513,-1.2267091,-1.7110575,0.45779192,-0.0022691637,-0.88905656,0
1.7181112,0.9475618,0.0083762407,0.3705337,0.90949583,0.18847342,0
0.77239001,-1.0480877,-1.8491828,0.45779192,-0.0022691637,-0.88905656,0
0.31629872,1.7228732,-0.97703493,0.3705337,0.90949583,0.18847342,0
-1.1509545,-0.02147764,-0.18879831,-0.80816543,0.41570699,-0.41720062,0
-0.5947969,-1.2917402,1.9466007,-0.45779192,0.0022691637,0.88905656,0
-0.0057526827,-0.30544472,2.1037211,0.80816543,-0.41570699,0.41720062,0
-0.46767521,-1.0021337,-2.2033582,-0.3705337,-0.90949583,-0.18847342,0
0.070511997,-1.1939725,1.0706408,0.80816543,-0.41570699,0.41720062,0
-1.4083574,-1.05094,-0.11848223,-0.3705337,-0.90949583,-0.18847342,0
1.2121899,-0.63591325,-1.6237736,0.45779192,-0.0022691637,-0.88905656,0
0.063336372,1.0524895,2.2795026,-0.45779192,0.0022691637,0.88905656,0
-1.8762997,-0.20724064,1.0311806,-0.80816543,0.41570699,-0.41720062,0
1.6479814,1.2598075,-1.3605216,0.3705337,0.90949583,0.18847342,0
0.9363851,0.77025777,-1.7693799,0.45779192,-0.0022691637,-0.88905656,0
0.56037855,-0.90713394,-1.9587111,0.45779192,-0.0022691637,-0.88905656,0
1.6808147,1.2097601,-1.183563,0.3705337,0.90949583,0.18847342,0
0.37301141,1.5357683,-1.5892241,-0.80816543,0.41570699,-0.41720062,0
0.29561019,-0.65749639,-2.0956826,0.45779192,-0.0022691637,-0.88905656,0
0.28865242,-1.7459919,-0.10072088,-0.3705337,-0.90949583,-0.18847342,0
1.8070043,0.75103283,-1.3210325,0.45779192,-0.0022691637,-0.88905656,0
1.4558177,0.032463558,-1.500031,0.45779192,-0.0022691637,-0.88905656,0
0.17939499,0.76270944,-1.9844584,-0.80816543,0.41570699,-0.41720062,0
0.30145279,-0.94296598,0.8733899,0.80816543,-0.41570699,0.41720062,0
-1.3805265,-0.64287871,1.5403578,-0.45779192,0.0022691637,0.88905656,0
-0.28274906,-1.5683575,0.16544747,-0.3705337,-0.90949583,-0.18847342,0
0.52282929,1.6152667,-0.86380351,0.3705337,0.90949583,0.18847342,0
1.3585654,1.2676357,-0.82931292,0.3705337,0.90949583,0.18847342,0
0.14235413,1.7015153,-0.5320003,0.3705337,0.90949583,0.18847342,0
0.41311687,-0.39793086,-2.0358386,0.45779192,-0.0022691637,-0.88905656,0
-0.63884401,-0.55203199,-1.7094702,-0.80816543,0.41570699,-0.41720062,0
-1.0320164,1.1645136,0.76255035,-0.80816543,0.41570699,-0.41720062,0
0.19538856,1.6270859,-0.27709877,0.3705337,0.90949583,0.18847342,0
0.20566475,1.3361361,1.106704,0.3705337,0.90949583,0.18847342,0
0.41958332,0.6777519,2.2594733,0.80816543,-0.41570699,0.41720062,0
-1.0520203,0.72155923,0.35993153,-0.80816543,0.41570699,-0.41720062,0
1.922735,0.5665372,-1.2609696,0.45779192,-0.0022691637,-0.88905656,0
0.47808635,-1.1198809,-2.0005422,0.45779192,-0.0022691637,-0.88905656,0
0.58074087,-0.51668507,0.75713158,0.80816543,-0.41570699,0.41720062,0
1.1799872,-1.2943075,-1.6386749,0.45779192,-0.0022691637,-0.88905656,0
1.0264013,1.5416259,-1.4984517,0.3705337,0.90949583,0.18847342,0
1.1184051,-1.0607144,-1.6709809,0.45779192,-0.0022691637,-0.88905656,0
0.57419878,1.5243287,-1.9578009,0.45779192,-0.0022691637,-0.88905656,0
-0.39646101,-1.4863483,-0.0067409873,-0.3705337,-0.90949583,-0.18847342,0
0.31507063,-1.2015311,-2.0842736,0.45779192,-0.0022691637,-0.88905656,0
0.38388672,1.3316504,-1.813678,-0.80816543,0.41570699,-0.41720062,0
-0.63353562,1.6180682,1.3960598,0.3705337,0.90949583,0.18847342,0
0.20059872,0.45248544,2.3517132,-0.45779192,0.0022691637,0.88905656,0
-0.92169833,0.27635697,1.7742709,-0.45779192,0.0022691637,0.88905656,0
1.3061267,0.51914239,-1.5783517,0.45779192,-0.0022691637,-0.88905656,0
-0.66646492,-1.1709306,1.9093895,-0.45779192,0.0022691637,0.88905656,0
0.33007291,1.3358221,-1.7052778,-0.80816543,0.41570699,-0.41720062,0
-0.35852081,-0.9987464,2.0675161,-0.45779192,0.0022691637,0.88905656,0
-1.3900118,-1.0669866,-0.077115178,-0.3705337,-0.90949583,-0.18847342,0
-0.36259764,0.47386885,2.0616579,-0.45779192,0.0022691637,0.88905656,0
0.13905573,1.5578744,0.16763686,0.3705337,0.90949583,0.18847342,0
1.2809007,-0.16898139,-1.5895848,0.45779192,-0.0022691637,-0.88905656,0
-0.70677769,0.36914429,1.8847008,-0.45779192,0.0022691637,0.88905656,0
1.2821001,-0.99882114,-1.0818919,0.80816543,-0.41570699,0.41720062,0
-1.3783011,0.51054996,0.78172123,-0.80816543,0.41570699,-0.41720062,0
0.28523543,0.9126519,-2.0400779,-0.80816543,0.41570699,-0.41720062,0
0.08212328,0.75927103,2.2899251,-0.45779192,0.0022691637,0.88905656,0
0.31267112,1.526904,-1.4811708,-0.80816543,0.41570699,-0.41720062,0
1.0483875,1.3777387,-1.713258,0.45779192,-0.0022691637,-0.88905656,0
1.7237449,-0.382967,-1.3237588,0.80816543,-0.41570699,0.41720062,0
-1.2448809,0.27296925,1.6078668,-0.45779192,0.0022691637,0.88905656,0
1.483849,0.033488438,-1.4855998,0.45779192,-0.0022691637,-0.88905656,0
-0.33275139,-1.4097245,-0.50174719,-0.3705337,-0.90949583,-0.18847342,0
0.14132929,1.3784282,1.0291004,0.3705337,0.90949583,0.18847342,0
1.6681594,0.55572087,-0.28075635,0.80816543,-0.41570699,0.41720062,0
0.13536406,0.51710403,2.3179576,-0.45779192,0.0022691637,0.88905656,0
0.40234798,0.0065848827,1.6240959,0.80816543,-0.41570699,0.41720062,0
-0.47412676,0.01605612,2.0053983,-0.45779192,0.0022691637,0.88905656,0
-0.87861848,-1.350188,0.28411412,-0.3705337,-0.90949583,-0.18847342,0
-0.11986279,-0.99404508,-2.3087585,0.45779192,-0.0022691637,-0.88905656,0
-0.82872427,-0.77361757,1.8248248,-0.45779192,0.0022691637,0.88905656,0
-0.94701135,-0.98267126,-1.354913,-0.3705337,-0.90949583,-0.18847342,0
-0.070094824,1.3498378,1.5827208,0.3705337,0.90949583,0.18847342,0
1.1287071,-0.32323062,-0.11158007,0.80816543,-0.41570699,0.41720062,0
1.3584466,1.2287004,-0.64119303,0.3705337,0.90949583,0.18847342,0
-1.5584853,0.72117174,1.4452417,-0.45779192,0.0022691637,0.88905656,0
-0.53342605,0.10015488,1.9746492,-0.45779192,0.0022691637,0.88905656,0
-1.4196661,-0.022708587,1.5186212,-0.45779192,0.0022691637,0.88905656,0
1.1513222,-0.54265714,-1.6553534,0.45779192,-0.0022691637,-0.88905656,0
-0.86857462,-1.45663,0.77801239,-0.3705337,-0.90949583,-0.18847342,0
2.0367911,0.56997836,-0.98063183,0.80816543,-0.41570699,0.41720062,0
-0.17964166,0.10381043,-1.9455032,-0.80816543,0.41570699,-0.41720062,0
-0.79285312,0.94630402,0.081835181,-0.80816543,0.41570699,-0.41720062,0
-0.23728597,0.21304071,-1.7250005,-0.80816543,0.41570699,-0.41720062,0
0.60273349,1.0568399,1.6738474,0.3705337,0.90949583,0.18847342,0
0.80819285,1.3084904,0.055556357,0.3705337,0.90949583,0.18847342,0
-0.25381362,-0.43437529,-2.3380833,-0.80816543,0.41570699,-0.41720062,0
1.0937101,-0.064731479,0.21378693,0.80816543,-0.41570699,0.41720062,0
1.7176144,0.54366177,-1.3665316,0.45779192,-0.0022691637,-0.88905656,0
-0.93167615,0.39654273,1.7688264,-0.45779192,0.0022691637,0.88905656,0
0.050904989,-1.4644154,-0.99209034,-0.3705337,-0.90949583,-0.18847342,0
-1.1293204,-1.2183928,0.14099753,-0.3705337,-0.90949583,-0.18847342,0
0.50320125,-0.31611884,-1.9896616,0.45779192,-0.0022691637,-0.88905656,0
-0.7762661,-1.0014986,1.8524184,-0.45779192,0.0022691637,0.88905656,0
0.17412686,1.4169536,0.778714,0.3705337,0.90949583,0.18847342,0
-0.96507776,1.2260078,1.74951,-0.45779192,0.0022691637,0.88905656,0
0.55741692,-0.45285326,-1.9613956,0.45779192,-0.0022691637,-0.88905656,0
1.5741103,-0.61138123,-1.2614962,0.80816543,-0.41570699,0.41720062,0
1.781868,0.5371173,-1.3334296,0.45779192,-0.0022691637,-0.88905656,0
-0.55610311,1.1436505,1.9603088,-0.45779192,0.0022691637,0.88905656,0
1.9110291,0.32994151,-0.97619343,0.80816543,-0.41570699,0.41720062,0
1.0750064,1.1990194,0.05927068,0.3705337,0.90949583,0.18847342,0
-0.64381051,-1.5355209,0.71682847,-0.3705337,-0.90949583,-0.18847342,0
-0.37989202,-0.8353138,2.0560946,-0.45779192,0.0022691637,0.88905656,0
-1.0538154,-0.69483149,-1.0479112,-0.80816543,0.41570699,-0.41720062,0
0.69037652,0.64382923,-1.8957314,0.45779192,-0.0022691637,-0.88905656,0
-0.41969538,-1.4883883,0.048781097,-0.3705337,-0.90949583,-0.18847342,0
0.078986883,-0.0083514452,2.2356005,0.80816543,-0.41570699,0.41720062,0
-0.19790632,-1.5926126,1.1933848,0.80816543,-0.41570699,0.41720062,0
-1.2499454,-1.1827288,0.20604241,-0.3705337,-0.90949583,-0.18847342,0
1.3112156,1.1445488,-1.5773275,0.45779192,-0.0022691637,-0.88905656,0
0.56508625,-1.6240569,-1.2325909,-0.3705337,-0.90949583,-0.18847342,0
1.364846,-0.6724866,-1.5450747,0.45779192,-0.0022691637,-0.88905656,0
-0.35762143,-1.1844648,-1.5398649,-0.3705337,-0.90949583,-0.18847342,0
-0.72567987,1.4718921,1.8721528,-0.45779192,0.0022691637,0.88905656,0
-1.6726482,-1.2120707,1.1786566,-0.3705337,-0.90949583,-0.18847342,0
-0.31638205,0.98263264,2.084157,-0.45779192,0.0022691637,0.88905656,0
0.49589646,-1.6723268,-0.86363524,-0.3705337,-0.90949583,-0.18847342,0
0.39968908,-1.6859978,-0.60852301,-0.3705337,-0.90949583,-0.18847342,0
0.88014507,0.21936846,0.91056991,0.80816543,-0.41570699,0.41720062,0
-1.3426999,-0.97031838,-0.63661051,-0.3705337,-0.90949583,-0.18847342,0
0.6983465,1.4584486,-0.45212543,0.3705337,0.90949583,0.18847342,0
-1.0185335,-1.1505338,1.7280507,-0.45779192,0.0022691637,0.88905656,0
-0.11571693,1.2726111,2.0450771,0.3705337,0.90949583,0.18847342,0
-0.50752974,-1.6512109,1.7347724,0.80816543,-0.41570699,0.41720062,0
1.5741493,1.0599768,-0.25106776,0.3705337,0.90949583,0.18847342,0
1.9198672,0.75651681,-0.56826568,0.80816543,-0.41570699,0.41720062,0
1.7455032,-0.26674405,-1.2501006,0.80816543,-0.41570699,0.41720062,0
-0.72420442,1.642768,1.4551206,0.3705337,0.90949583,0.18847342,0
1.2187901,0.06952142,-1.6221755,0.45779192,-0.0022691637,-0.88905656,0
-0.60414791,-1.4942089,0.43949854,-0.3705337,-0.90949583,-0.18847342,0
-0.30839694,-0.38107216,-2.1792364,-0.80816543,0.41570699,-0.41720062,0
0.23751986,1.5622455,-1.3003795,-0.80816543,0.41570699,-0.41720062,0
-0.42842078,-0.23934227,2.0295849,-0.45779192,0.0022691637,0.88905656,0
1.230715,-0.89003694,-1.6135859,0.45779192,-0.0022691637,-0.88905656,0
0.25955844,-0.82052028,1.0765513,0.80816543,-0.41570699,0.41720062,0
-1.204608,0.072609782,0.0088850856,-0.80816543,0.41570699,-0.41720062,0
1.9197484,0.94388264,-0.38134074,0.80816543,-0.41570699,0.41720062,0
-0.71592987,1.1399852,1.8780206,-0.45779192,0.0022691637,0.88905656,0
-2.0841289,-0.75612968,0.88684535,-0.80816543,0.41570699,-0.41720062,0
1.0427089,0.58037412,0.95537817,0.80816543,-0.41570699,0.41720062,0
-0.79067093,-1.1419865,1.8453596,-0.45779192,0.0022691637,0.88905656,0
-0.88523281,1.2357082,0.54915351,-0.80816543,0.41570699,-0.41720062,0
0.88236254,-1.4671547,-0.77421099,0.80816543,-0.41570699,0.41720062,0
-0.93216938,0.14245361,-0.44926584,-0.80816543,0.41570699,-0.41720062,0
-1.3224599,0.76501518,0.92710483,-0.80816543,0.41570699,-0.41720062,0
-1.7734499,-0.81332576,1.3384693,-0.45779192,0.0022691637,0.88905656,0
1.5948931,0.30358517,-0.39006424,0.80816543,-0.41570699,0.41720062,0
0.056846142,-1.3119376,-1.7395654,-0.3705337,-0.90949583,-0.18847342,0
0.35584605,1.7701069,-1.2827147,0.3705337,0.90949583,0.18847342,0
-0.13544345,-0.37658167,-2.318357,0.45779192,-0.0022691637,-0.88905656,0
0.01055038,-0.84394181,-2.2419896,0.45779192,-0.0022691637,-0.88905656,0
0.7005536,1.7452118,-1.8402667,0.3705337,0.90949583,0.18847342,0
-0.5115062,-0.5345062,-1.9386752,-0.80816543,0.41570699,-0.41720062,0
-1.3013548,-1.0060872,-0.54528898,-0.3705337,-0.90949583,-0.18847342,0
0.61402082,-1.6432165,-1.2363384,-0.3705337,-0.90949583,-0.18847342,0
-0.45739472,-1.2026174,-1.2561157,-0.3705337,-0.90949583,-0.18847342,0
1.2652053,1.4312506,-1.4353077,0.3705337,0.90949583,0.18847342,0
0.96939838,1.1796848,0.36019424,0.3705337,0.90949583,0.18847342,0
-1.0683357,-0.26518837,1.7001467,-0.45779192,0.0022691637,0.88905656,0
-1.7302412,-0.93992972,0.018182516,-0.80816543,0.41570699,-0.41720062,0
-1.5950583,-1.1152372,0.55883837,-0.3705337,-0.90949583,-0.18847342,0
-0.5434649,1.6101124,1.257375,0.3705337,0.90949583,0.18847342,0
0.35347962,1.0060292,2.4090652,0.3705337,0.90949583,0.18847342,0
2.0387747,0.64611214,-0.9086132,0.80816543,-0.41570699,0.41720062,0
-0.41032302,1.4910078,1.570372,0.3705337,0.90949583,0.18847342,0
0.26996684,-1.5091144,-1.2070601,-0.3705337,-0.90949583,-0.18847342,0
-1.0401605,-0.84980184,1.7161469,-0.45779192,0.0022691637,0.88905656,0
0.053508162,1.7756348,-0.71500158,0.3705337,0.90949583,0.18847342,0
-0.79526639,1.4851643,0.62344104,-0.80816543,0.41570699,-0.41720062,0
-0.034273148,1.0500704,2.229248,-0.45779192,0.0022691637,0.88905656,0
-0.48397374,-1.6202815,1.7199606,0.80816543,-0.41570699,0.41720062,0
-0.11225927,-1.2610219,-1.6528076,-0.3705337,-0.90949583,-0.18847342,0
-1.3719424,0.89491677,1.5408528,-0.45779192,0.0022691637,0.88905656,0
-0.86921644,1.6572819,1.6701729,0.3705337,0.90949583,0.18847342,0
-0.89193964,-0.58482015,-1.2518654,-0.80816543,0.41570699,-0.41720062,0
-0.35397992,-1.0412524,2.0451035,0.80816543,-0.41570699,0.41720062,0
1.36122,1.2147014,-0.57909214,0.3705337,0.90949583,0.18847342,0
-0.7154969,-0.61974204,-1.6284522,-0.80816543,0.41570699,-0.41720062,0
0.51836741,1.7465788,-1.4886901,0.3705337,0.90949583,0.18847342,0
-1.6983473,0.17093658,1.3746288,-0.45779192,0.0022691637,0.88905656,0
1.284289,1.3421261,-1.0427477,0.3705337,0.90949583,0.18847342,0
-1.0112802,-0.20147181,1.7293632,-0.45779192,0.0022691637,0.88905656,0
0.046883702,-0.66186559,-2.2237456,0.45779192,-0.0022691637,-0.88905656,0
1.5402093,0.68455088,0.095467091,0.80816543,-0.41570699,0.41720062,0
-0.71886766,0.5870887,1.8779191,-0.45779192,0.0022691637,0.88905656,0
-1.3657688,0.1653927,0.41352296,-0.80816543,0.41570699,-0.41720062,0
-1.2504932,-0.45799643,1.6068425,-0.45779192,0.0022691637,0.88905656,0
-0.48225868,0.84492671,1.9990954,-0.45779192,0.0022691637,0.88905656,0
-0.42760515,-1.5070593,0.1544311,-0.3705337,-0.90949583,-0.18847342,0
-0.058310986,-1.1638198,-2.2279253,-0.3705337,-0.90949583,-0.18847342,0
0.60380805,1.3084847,0.45740029,0.3705337,0.90949583,0.18847342,0
0.3267287,0.45614123,2.2185259,0.80816543,-0.41570699,0.41720062,0
-0.014974356,-0.47179747,-2.2560825,0.45779192,-0.0022691637,-0.88905656,0
0.3590354,0.90805256,-2.0670195,0.45779192,-0.0022691637,-0.88905656,0
-0.019886374,-1.401829,1.0386403,0.80816543,-0.41570699,0.41720062,0
1.9228464,0.69792587,-0.63241863,0.80816543,-0.41570699,0.41720062,0
-0.51694387,0.89370269,-0.50504583,-0.80816543,0.41570699,-0.41720062,0
1.2323837,1.2311513,-0.40518415,0.3705337,0.90949583,0.18847342,0
0.19873214,0.61732531,2.3503313,-0.45779192,0.0022691637,0.88905656,0
-0.52915204,-1.0942417,-1.6380204,-0.3705337,-0.90949583,-0.18847342,0
0.15358734,1.3255216,1.260308,0.3705337,0.90949583,0.18847342,0
0.54565883,-1.3027487,-1.9652811,0.45779192,-0.0022691637,-0.88905656,0
-1.8563679,-0.82992458,0.37211585,-0.80816543,0.41570699,-0.41720062,0
0.14564013,1.5897105,0.0010643303,0.3705337,0.90949583,0.18847342,0
-0.35925412,-1.5794125,0.3692016,-0.3705337,-0.90949583,-0.18847342,0
-0.1759423,-1.5891414,0.055762768,-0.3705337,-0.90949583,-0.18847342,0
0.47518957,0.32057869,-2.0057101,0.45779192,-0.0022691637,-0.88905656,0
-0.87750006,-1.5388403,1.1922748,-0.3705337,-0.90949583,-0.18847342,0
-1.2797595,0.26659697,0.34775507,-0.80816543,0.41570699,-0.41720062,0
1.8417851,0.36932296,-1.3021491,0.45779192,-0.0022691637,-0.88905656,0
-1.4692211,-1.0918454,1.4958332,-0.45779192,0.0022691637,0.88905656,0
1.3062792,0.7811228,0.64484197,0.80816543,-0.41570699,0.41720062,0
1.2548842,0.65189612,-1.6050763,0.45779192,-0.0022691637,-0.88905656,0
1.5516636,0.28313467,-1.4513178,0.45779192,-0.0022691637,-0.88905656,0
0.74499285,1.2431031,0.4953382,0.3705337,0.90949583,0.18847342,0
-0.61539692,-0.028174996,-1.2329084,-0.80816543,0.41570699,-0.41720062,0
1.0758358,-1.1768223,-1.6926042,0.45779192,-0.0022691637,-0.88905656,0
0.67775416,-0.55459839,0.53142804,0.80816543,-0.41570699,0.41720062,0
2.2525487,0.95046657,-1.0921226,0.45779192,-0.0022691637,-0.88905656,0
0.35170487,-0.44403315,1.2731926,0.80816543,-0.41570699,0.41720062,0
-0.14554793,-1.2975096,1.3860072,0.80816543,-0.41570699,0.41720062,0
1.480119,0.12077916,-1.4877431,0.45779192,-0.0022691637,-0.88905656,0
-0.717188,0.42227027,1.8792045,-0.45779192,0.0022691637,0.88905656,0
-0.27824935,0.36859232,-1.4906547,-0.80816543,0.41570699,-0.41720062,0
-0.71480501,-1.6058891,1.1959698,-0.3705337,-0.90949583,-0.18847342,0
0.38911629,-1.5561775,-1.2141969,-0.3705337,-0.90949583,-0.18847342,0
0.32447445,1.6189814,-0.49176878,0.3705337,0.90949583,0.18847342,0
-0.95961744,1.4105973,0.86750793,-0.80816543,0.41570699,-0.41720062,0
1.2910049,-0.52841169,-1.5834644,0.45779192,-0.0022691637,-0.88905656,0
-1.0773218,0.61526233,1.6932724,-0.45779192,0.0022691637,0.88905656,0
-0.61996454,0.89453936,1.9280615,-0.45779192,0.0022691637,0.88905656,0
1.1692128,1.4295911,-1.2385817,0.3705337,0.90949583,0.18847342,0
0.36562651,-0.37959415,1.3104328,0.80816543,-0.41570699,0.41720062,0
0.47045135,1.6572815,-0.96357644,0.3705337,0.90949583,0.18847342,0
-1.6325611,0.51278406,1.4076309,-0.45779192,0.0022691637,0.88905656,0
0.30319718,-0.50775707,1.3036616,0.80816543,-0.41570699,0.41720062,0
1.8433479,0.12866393,-1.3007298,0.45779192,-0.0022691637,-0.88905656,0
-0.1573385,0.37609947,2.1675997,-0.45779192,0.0022691637,0.88905656,0
1.1352185,-0.9181875,-0.71702039,0.80816543,-0.41570699,0.41720062,0
-1.0548074,1.4768512,1.1179184,-0.80816543,0.41570699,-0.41720062,0
0.1356461,-1.2297237,0.90884537,0.80816543,-0.41570699,0.41720062,0
1.3559868,-0.86028206,-1.0869759,0.80816543,-0.41570699,0.41720062,0
-0.077912331,1.5828141,0.47384131,0.3705337,0.90949583,0.18847342,0
0.50233155,0.0035083294,1.4273503,0.80816543,-0.41570699,0.41720062,0
0.91274214,-1.0507109,-0.41810697,0.80816543,-0.41570699,0.41720062,0
0.43751729,1.1756177,1.4254847,0.3705337,0.90949583,0.18847342,0
-0.85841203,0.077953577,-0.65641165,-0.80816543,0.41570699,-0.41720062,0
-1.5639589,-0.066469058,1.4444339,-0.45779192,0.0022691637,0.88905656,0
-1.1616609,-0.45214838,-0.59718794,-0.80816543,0.41570699,-0.41720062,0
-0.28269786,1.1994599,-0.65414453,-0.80816543,0.41570699,-0.41720062,0
-0.42188787,-1.5158546,0.18563324,-0.3705337,-0.90949583,-0.18847342,0
-2.0736432,-0.9818784,0.8561883,-0.3705337,-0.90949583,-0.18847342,0
1.4184916,-0.42443869,-0.77377164,0.80816543,-0.41570699,0.41720062,0
0.29678833,1.2006309,1.5814497,0.3705337,0.90949583,0.18847342,0
0.72456044,1.6635028,-1.4931693,0.3705337,0.90949583,0.18847342,0
-1.2775583,0.68645674,0.76184785,-0.80816543,0.41570699,-0.41720062,0
0.10608116,1.2739877,-1.3329933,-0.80816543,0.41570699,-0.41720062,0
1.5616229,1.2465639,-1.4486489,0.45779192,-0.0022691637,-0.88905656,0
0.82940805,0.98874307,1.5568187,0.3705337,0.90949583,0.18847342,0
-1.2531731,-1.0126076,1.606878,-0.45779192,0.0022691637,0.88905656,0
0.56917405,1.6161315,-0.95908928,0.3705337,0.90949583,0.18847342,0
1.6842691,1.0007865,-0.18193233,0.3705337,0.90949583,0.18847342,0
-0.98497301,1.1764966,0.68336189,-0.80816543,0.41570699,-0.41720062,0
0.19285452,1.5830784,-0.05975467,0.3705337,0.90949583,0.18847342,0
-1.0436922,0.29286623,-0.083359122,-0.80816543,0.41570699,-0.41720062,0
0.76245713,-1.7617958,-0.95594513,-0.3705337,-0.90949583,-0.18847342,0
1.0603839,1.5572617,-1.640713,0.3705337,0.90949583,0.18847342,0
-0.65049958,-1.7683537,1.8949983,0.80816543,-0.41570699,0.41720062,0
-1.1570628,1.5816238,1.4203967,-0.80816543,0.41570699,-0.41720062,0
-0.045816183,-1.2424318,-1.8731409,-0.3705337,-0.90949583,-0.18847342,0
-0.78752291,-0.51447928,-1.3840437,-0.80816543,0.41570699,-0.41720062,0
0.05858922,-1.416123,-1.2402362,-0.3705337,-0.90949583,-0.18847342,0
0.31308365,0.64602315,2.4091396,-0.45779192,0.0022691637,0.88905656,0
1.1646347,-0.75136441,-0.607777,0.80816543,-0.41570699,0.41720062,0
-0.40612656,0.36322808,2.0395265,-0.45779192,0.0022691637,0.88905656,0
-0.41017842,1.711201,0.50752574,0.3705337,0.90949583,0.18847342,0
-0.45739359,-0.90197653,2.0163574,-0.45779192,0.0022691637,0.88905656,0
-1.0102252,-1.5277679,1.3997772,-0.3705337,-0.90949583,-0.18847342,0
-1.256905,0.89818764,0.93281281,-0.80816543,0.41570699,-0.41720062,0
1.2469413,-0.68676448,-0.70284581,0.80816543,-0.41570699,0.41720062,0
-0.9555198,0.57598662,1.7560908,-0.45779192,0.0022691637,0.88905656,0
1.2104006,-1.295419,-1.6230116,0.45779192,-0.0022691637,-0.88905656,0
1.8654714,0.8601557,-1.2912049,0.45779192,-0.0022691637,-0.88905656,0
-0.3058452,0.22344661,-1.5818247,-0.80816543,0.41570699,-0.41720062,0
-0.40753135,-0.53182256,2.0410881,-0.45779192,0.0022691637,0.88905656,0
1.1012177,-1.7375265,-1.6781033,0.45779192,-0.0022691637,-0.88905656,0
0.36598897,-1.6078131,-0.91955733,-0.3705337,-0.90949583,-0.18847342,0
-1.2394586,-1.4362316,1.408726,-0.3705337,-0.90949583,-0.18847342,0
0.44536555,-0.72158933,0.81519842,0.80816543,-0.41570699,0.41720062,0
-0.29198456,-1.0628718,-2.2556634,-0.3705337,-0.90949583,-0.18847342,0
1.7537537,1.1007737,-1.3493447,0.45779192,-0.0022691637,-0.88905656,0
1.0206113,-1.4416522,-1.7203646,0.45779192,-0.0022691637,-0.88905656,0
-0.58666551,-0.45140392,1.948643,-0.45779192,0.0022691637,0.88905656,0
-1.1435555,0.91416359,1.6584046,-0.45779192,0.0022691637,0.88905656,0
0.86994606,-0.64685404,-1.7999734,0.45779192,-0.0022691637,-0.88905656,0
-0.97054058,0.53208864,0.013303697,-0.80816543,0.41570699,-0.41720062,0
0.64484715,1.4074383,-0.10079157,0.3705337,0.90949583,0.18847342,0
-0.71637833,1.5558119,1.8593497,0.3705337,0.90949583,0.18847342,0
-1.6274315,-1.1841455,1.4146035,-0.45779192,0.0022691637,0.88905656,0
-0.36781251,-1.4758693,-0.11363029,-0.3705337,-0.90949583,-0.18847342,0
-1.0113392,-0.14198454,1.7291808,-0.45779192,0.0022691637,0.88905656,0
0.6150192,1.275506,0.59450078,0.3705337,0.90949583,0.18847342,0
-0.0015923977,1.2073102,2.1358268,0.3705337,0.90949583,0.18847342,0
0.50899827,-0.17868185,1.2328982,0.80816543,-0.41570699,0.41720062,0
-1.5212488,0.85041857,1.4640861,-0.45779192,0.0022691637,0.88905656,0
0.82672966,-0.11698341,0.6788938,0.80816543,-0.41570699,0.41720062,0
1.7320538,-0.38538101,-1.3422599,0.80816543,-0.41570699,0.41720062,0
0.12356603,-1.5068113,-0.93035412,-0.3705337,-0.90949583,-0.18847342,0
1.4720924,0.3451277,-0.11079121,0.80816543,-0.41570699,0.41720062,0
0.021591544,-0.35785401,1.9985305,0.80816543,-0.41570699,0.41720062,0
-0.82430035,-0.1544162,-0.95402747,-0.80816543,0.41570699,-0.41720062,0
0.081950188,1.1512456,2.2421303,0.3705337,0.90949583,0.18847342,0
-1.6058179,-0.71543467,0.00085163116,-0.80816543,0.41570699,-0.41720062,0
0.44629717,1.6353872,-0.81043601,0.3705337,0.90949583,0.18847342,0
-0.27157548,-0.48598665,2.1109772,-0.45779192,0.0022691637,0.88905656,0
-1.0243717,-0.45886242,1.723279,-0.45779192,0.0022691637,0.88905656,0
0.82371724,-1.6575055,-1.5796434,-0.3705337,-0.90949583,-0.18847342,0
-0.26912844,0.52239907,2.1096635,-0.45779192,0.0022691637,0.88905656,0
1.1010814,0.44005564,-1.6837316,0.45779192,-0.0022691637,-0.88905656,0
2.1872759,0.81644756,-1.026551,0.80816543,-0.41570699,0.41720062,0
1.4374557,0.28855312,-0.10006809,0.80816543,-0.41570699,0.41720062,0
0.60008901,1.7379767,-1.6078418,0.3705337,0.90949583,0.18847342,0
1.8707529,0.66012305,-0.56917465,0.80816543,-0.41570699,0.41720062,0
-0.25371647,1.0160633,-0.89302498,-0.80816543,0.41570699,-0.41720062,0
1.1076075,-0.89064103,-1.6769748,0.45779192,-0.0022691637,-0.88905656,0
0.66177326,1.1696063,-1.9118016,0.45779192,-0.0022691637,-0.88905656,0
0.32439148,0.77659118,2.414629,-0.45779192,0.0022691637,0.88905656,0
-1.0519459,-1.4388218,1.7115815,-0.45779192,0.0022691637,0.88905656,0
-0.46985829,-1.3101789,-0.7125653,-0.3705337,-0.90949583,-0.18847342,0
0.26204681,-0.87846178,-2.112401,0.45779192,-0.0022691637,-0.88905656,0
0.58466429,1.0712031,-1.9512551,0.45779192,-0.0022691637,-0.88905656,0
0.68460631,1.0965167,-1.8998578,0.45779192,-0.0022691637,-0.88905656,0
1.9812903,0.42735964,-1.0152283,0.80816543,-0.41570699,0.41720062,0
0.075444579,1.360924,1.2430969,0.3705337,0.90949583,0.18847342,0
0.022793233,0.33797455,-2.1043172,-0.80816543,0.41570699,-0.41720062,0
-0.49976337,-0.63557833,1.9938607,-0.45779192,0.0022691637,0.88905656,0
1.7013922,0.61285615,-1.3750613,0.45779192,-0.0022691637,-0.88905656,0
-0.3405689,1.5317718,1.2365272,0.3705337,0.90949583,0.18847342,0
1.0439206,1.3477695,-0.59742272,0.3705337,0.90949583,0.18847342,0
0.42939603,-0.63089132,-2.0268614,0.45779192,-0.0022691637,-0.88905656,0
1.9510889,0.96722603,-0.54454303,0.3705337,0.90949583,0.18847342,0
-2.1521797,-0.9664582,0.93617702,-0.3705337,-0.90949583,-0.18847342,0
-0.060273588,-1.3568368,1.161706,0.80816543,-0.41570699,0.41720062,0
0.48098716,0.02640748,-2.0019741,0.45779192,-0.0022691637,-0.88905656,0
-1.7444458,-0.78202754,0.20303524,-0.80816543,0.41570699,-0.41720062,0
-0.14612424,0.30759585,-1.8073745,-0.80816543,0.41570699,-0.41720062,0
0.31405807,0.98455501,2.4087772,-0.45779192,0.0022691637,0.88905656,0
1.2963417,-0.44846168,-0.56109035,0.80816543,-0.41570699,0.41720062,0
-1.0096837,1.0188245,0.57412153,-0.80816543,0.41570699,-0.41720062,0
-0.31364053,-0.81261963,2.0901506,-0.45779192,0.0022691637,0.88905656,0
-0.21947148,-0.9026463,1.9226552,0.80816543,-0.41570699,0.41720062,0
-0.48129177,1.4513839,1.9011027,0.3705337,0.90949583,0.18847342,0
-1.361275,0.67341644,1.546911,-0.45779192,0.0022691637,0.88905656,0
-0.33548641,1.0719337,2.0740914,-0.45779192,0.0022691637,0.88905656,0
-0.53988999,1.679963,0.32284889,-0.80816543,0.41570699,-0.41720062,0
0.55476969,1.7414972,-1.5357338,0.3705337,0.90949583,0.18847342,0
-1.0677888,1.6235924,1.6956077,-0.45779192,0.0022691637,0.88905656,0
1.2182374,0.38484171,-1.623265,0.45779192,-0.0022691637,-0.88905656,0
0.41296744,1.6299759,-0.71879876,0.3705337,0.90949583,0.18847342,0
1.6307366,1.0784628,-1.412632,0.45779192,-0.0022691637,-0.88905656,0
-0.49804044,-1.5494648,1.8177726,0.80816543,-0.41570699,0.41720062,0
0.62119651,1.4606813,-0.31122422,0.3705337,0.90949583,0.18847342,0
-1.2403595,-1.4727269,1.5866098,-0.3705337,-0.90949583,-0.18847342,0
0.23249781,0.0070617199,1.9535903,0.80816543,-0.41570699,0.41720062,0
-0.51894093,-1.728837,1.4042028,-0.3705337,-0.90949583,-0.18847342,0
2.1110728,0.95104337,-1.1649723,0.45779192,-0.0022691637,-0.88905656,0
-0.74575174,1.6799912,1.317858,0.3705337,0.90949583,0.18847342,0
-1.1258392,-1.1124167,-0.37724349,-0.3705337,-0.90949583,-0.18847342,0
1.2724404,-0.19637513,-1.5938714,0.45779192,-0.0022691637,-0.88905656,0
0.32540381,1.3315182,0.89358413,0.3705337,0.90949583,0.18847342,0
0.20877969,1.3141345,1.2067502,0.3705337,0.90949583,0.18847342,0
1.5309753,-0.31894514,-0.88654971,0.80816543,-0.41570699,0.41720062,0
0.055505514,1.3758527,1.2102571,0.3705337,0.90949583,0.18847342,0
0.82699656,1.3021573,0.049150229,0.3705337,0.90949583,0.18847342,0
-1.43944,-0.60745907,1.5099318,-0.45779192,0.0022691637,0.88905656,0
-1.1520182,0.21380094,1.6558344,-0.45779192,0.0022691637,0.88905656,0
1.3023379,1.0177137,0.48725066,0.3705337,0.90949583,0.18847342,0
-0.78239632,-0.4239718,1.8477876,-0.45779192,0.0022691637,0.88905656,0
1.3724296,-0.58488661,-0.84441781,0.80816543,-0.41570699,0.41720062,0
-0.46017051,-1.596313,0.6491555,-0.3705337,-0.90949583,-0.18847342,0
-1.0122252,0.92388618,1.726004,-0.45779192,0.0022691637,0.88905656,0
-1.1207607,0.98015541,0.75075984,-0.80816543,0.41570699,-0.41720062,0
-0.95526433,-0.95783567,-1.458535,-0.3705337,-0.90949583,-0.18847342,0
-1.6805658,-0.11160845,0.74731135,-0.80816543,0.41570699,-0.41720062,0
-1.5652324,0.37126377,1.4426608,-0.45779192,0.0022691637,0.88905656,0
1.2002118,0.1285865,-1.6318924,0.45779192,-0.0022691637,-0.88905656,0
-0.79088008,0.61217254,-0.25492215,-0.80816543,0.41570699,-0.41720062,0
-1.6552186,0.25121406,1.0597343,-0.80816543,0.41570699,-0.41720062,0
-0.7469455,1.069844,1.862229,-0.45779192,0.0022691637,0.88905656,0
0.87295067,-1.7685034,-1.1408051,-0.3705337,-0.90949583,-0.18847342,0
0.25576234,1.1370132,1.9690989,0.3705337,0.90949583,0.18847342,0
0.051590681,1.5163964,0.53974688,0.3705337,0.90949583,0.18847342,0
-0.17500281,1.2284613,2.1563282,-0.45779192,0.0022691637,0.88905656,0
-0.069396317,-0.63625848,1.8973763,0.80816543,-0.41570699,0.41720062,0
-0.9566465,-0.22273576,-0.76573294,-0.80816543,0.41570699,-0.41720062,0
1.3860874,1.3813188,-1.432008,0.3705337,0.90949583,0.18847342,0
0.5343169,-1.3998933,-1.9708731,0.45779192,-0.0022691637,-0.88905656,0
-0.48727274,-0.89515865,-2.3449793,-0.80816543,0.41570699,-0.41720062,0
0.14818549,1.2165115,1.7969661,0.3705337,0.90949583,0.18847342,0
-1.2290556,-1.3588815,1.015015,-0.3705337,-0.90949583,-0.18847342,0
0.00030994415,-1.7533994,0.64920592,0.80816543,-0.41570699,0.41720062,0
-1.3420752,1.1837571,1.3823446,-0.80816543,0.41570699,-0.41720062,0
-1.6241367,-1.2324347,1.1815538,-0.3705337,-0.90949583,-0.18847342,0
-0.7987529,-1.1138388,-1.013424,-0.3705337,-0.90949583,-0.18847342,0
-0.5972982,1.5266516,0.28129271,-0.80816543,0.41570699,-0.41720062,0
1.7601581,0.1465745,-0.86664951,0.80816543,-0.41570699,0.41720062,0
0.64003092,1.6718651,-1.3673396,0.3705337,0.90949583,0.18847342,0
-1.9579666,-0.85000336,1.2435515,-0.45779192,0.0022691637,0.88905656,0
0.11995673,0.97822267,2.308847,-0.45779192,0.0022691637,0.88905656,0
0.29649103,-0.68104738,-2.0951686,0.45779192,-0.0022691637,-0.88905656,0
0.99980283,1.291113,-0.23728704,0.3705337,0.90949583,0.18847342,0
0.77062643,-1.6860137,-1.3376989,-0.3705337,-0.90949583,-0.18847342,0
-0.40746951,1.2185336,-0.39344215,-0.80816543,0.41570699,-0.41720062,0
-1.1189706,-1.2212296,0.13433886,-0.3705337,-0.90949583,-0.18847342,0
1.0182325,0.38796091,0.81106716,0.80816543,-0.41570699,0.41720062,0
0.18314862,-1.5310475,-0.930538,-0.3705337,-0.90949583,-0.18847342,0
0.88931942,0.42411673,-1.7927313,0.45779192,-0.0022691637,-0.88905656,0
0.48659778,-0.94158578,-1.9966145,0.45779192,-0.0022691637,-0.88905656,0
1.0138801,1.1917926,0.21431702,0.3705337,0.90949583,0.18847342,0
-1.4397569,-0.54548907,-0.15149075,-0.80816543,0.41570699,-0.41720062,0
-0.11282206,-1.3280526,-1.3282378,-0.3705337,-0.90949583,-0.18847342,0
-1.6706557,0.071957052,1.3891404,-0.45779192,0.0022691637,0.88905656,0
-0.48575664,-0.83166647,2.0015733,-0.45779192,0.0022691637,0.88905656,0
0.53186584,1.6341971,-0.97291958,0.3705337,0.90949583,0.18847342,0
0.15927029,-1.2825682,-2.082653,-0.3705337,-0.90949583,-0.18847342,0
0.13696232,-1.089155,1.046361,0.80816543,-0.41570699,0.41720062,0
-0.83640516,-0.36490643,-1.1403159,-0.80816543,0.41570699,-0.41720062,0
0.67936468,-0.54247975,-1.8983736,0.45779192,-0.0022691637,-0.88905656,0
1.158746,1.3358608,-0.76569915,0.3705337,0.90949583,0.18847342,0
0.9818691,1.2894506,-0.19400847,0.3705337,0.90949583,0.18847342,0
0.76867318,0.97618139,1.7368389,0.3705337,0.90949583,0.18847342,0
1.4021949,1.2074579,-0.62469304,0.3705337,0.90949583,0.18847342,0
-0.56036007,-1.3758715,-0.21763617,-0.3705337,-0.90949583,-0.18847342,0
0.80189681,0.41233706,1.2544233,0.80816543,-0.41570699,0.41720062,0
1.7201172,1.1536126,-0.98988581,0.3705337,0.90949583,0.18847342,0
0.83981043,-1.0755988,-0.30162871,0.80816543,-0.41570699,0.41720062,0
-0.28059053,1.7472099,0.078994296,0.3705337,0.90949583,0.18847342,0
-0.54179347,1.6015431,1.2954407,0.3705337,0.90949583,0.18847342,0
1.4391532,0.60022944,0.2072044,0.80816543,-0.41570699,0.41720062,0
0.43767262,0.98661065,2.3372498,0.3705337,0.90949583,0.18847342,0
0.1989702,0.070497751,2.0817456,0.80816543,-0.41570699,0.41720062,0
0.50590777,1.2730383,0.82091844,0.3705337,0.90949583,0.18847342,0
1.4506516,1.2403018,-0.87844932,0.3705337,0.90949583,0.18847342,0
-1.247205,-1.4211847,1.3513465,-0.3705337,-0.90949583,-0.18847342,0
-0.90762794,1.0321822,0.38973784,-0.80816543,0.41570699,-0.41720062,0
0.37134099,1.0395527,2.2121797,0.3705337,0.90949583,0.18847342,0
0.2247256,0.35775924,2.3180881,0.80816543,-0.41570699,0.41720062,0
-0.10050535,-1.09794,-2.2985258,0.45779192,-0.0022691637,-0.88905656,0
1.8314296,0.20824981,-0.94325686,0.80816543,-0.41570699,0.41720062,0
1.8144124,-0.016659319,-1.1343963,0.80816543,-0.41570699,0.41720062,0
0.86749005,0.70691931,1.4208894,0.80816543,-0.41570699,0.41720062,0
0.031791568,1.7027702,-0.76183802,-0.80816543,0.41570699,-0.41720062,0
-0.44518584,-1.1113213,2.0231776,-0.45779192,0.0022691637,0.88905656,0
-0.31624281,1.7694768,0.041634936,0.3705337,0.90949583,0.18847342,0
0.93864036,1.3802339,-0.54710495,0.3705337,0.90949583,0.18847342,0
0.89204603,-1.7086991,-1.033649,0.80816543,-0.41570699,0.41720062,0
0.4001019,1.0254441,2.2237186,0.3705337,0.90949583,0.18847342,0
-1.8180425,0.0058054328,1.1306131,-0.80816543,0.41570699,-0.41720062,0
-0.68461883,-1.4747055,0.50358641,-0.3705337,-0.90949583,-0.18847342,0
-0.57566726,-1.2021832,-1.0256906,-0.3705337,-0.90949583,-0.18847342,0
-0.83205891,1.4190773,1.8175113,-0.45779192,0.0022691637,0.88905656,0
0.4855442,0.28242505,-2.0002809,0.45779192,-0.0022691637,-0.88905656,0
-0.7391566,0.65140653,1.8673078,-0.45779192,0.0022691637,0.88905656,0
-1.2324386,-0.76734692,-0.77415323,-0.80816543,0.41570699,-0.41720062,0
-0.17477231,-0.81598556,1.9224184,0.80816543,-0.41570699,0.41720062,0
-0.58994853,1.5113875,1.8251677,0.3705337,0.90949583,0.18847342,0
1.2671528,-0.99606287,-1.594553,0.45779192,-0.0022691637,-0.88905656,0
-0.68890107,-0.48646307,-1.5471698,-0.80816543,0.41570699,-0.41720062,0
-0.54689264,-0.86419433,1.9701762,-0.45779192,0.0022691637,0.88905656,0
-0.21022511,0.41027433,-1.580893,-0.80816543,0.41570699,-0.41720062,0
0.16907035,1.0783927,-1.6499051,-0.80816543,0.41570699,-0.41720062,0
0.79108292,0.14799678,1.0119772,0.80816543,-0.41570699,0.41720062,0
