1.5678625,-0.53785902,0.33695501,0.86926138,-0.41914153,-0.26211649,0
2.0543213,1.9191984,1.3750021,0.48791111,0.81272423,0.31846845,0
-1.4783415,0.45576108,0.091205701,-0.86926138,0.41914153,0.26211649,0
-1.5466928,-0.029878378,0.64110035,-0.86926138,0.41914153,0.26211649,0
2.0445304,0.62698287,0.05507791,0.86926138,-0.41914153,-0.26211649,0
-2.4838483,-1.4951169,-0.12379217,-0.86926138,0.41914153,0.26211649,0
1.6497338,2.4390974,0.66808176,0.48791111,0.81272423,0.31846845,0
1.2541059,2.1731567,1.9528811,0.48791111,0.81272423,0.31846845,0
-1.9437315,-0.71441662,0.41901529,-0.86926138,0.41914153,0.26211649,0
-2.0648005,-0.94131243,0.3803339,-0.86926138,0.41914153,0.26211649,0
-1.0171825,-0.50407404,0.9625988,0.079545051,-0.40472186,0.91097355,0
-0.72651756,1.5093906,0.89966905,-0.86926138,0.41914153,0.26211649,0
-0.58477473,-0.59284341,-1.3100499,-0.079545051,0.40472186,-0.91097355,0
-2.5844753,-1.8493629,-0.74099541,-0.48791111,-0.81272423,-0.31846845,0
-2.4665537,-1.6303158,0.14975524,-0.86926138,0.41914153,0.26211649,0
2.1844387,2.046083,0.85184908,0.48791111,0.81272423,0.31846845,0
1.6860366,1.0861403,1.433048,0.079545051,-0.40472186,0.91097355,0
0.54061949,-0.075672388,-1.1785522,-0.079545051,0.40472186,-0.91097355,0
2.1829791,2.2474661,0.34016061,0.48791111,0.81272423,0.31846845,0
1.5760839,1.5865239,1.6649565,0.079545051,-0.40472186,0.91097355,0
0.42838863,0.93522406,1.4758162,0.079545051,-0.40472186,0.91097355,0
0.33208442,-2.319423,-0.91243911,0.86926138,-0.41914153,-0.26211649,0
-0.88998318,1.2225004,0.81632155,-0.86926138,0.41914153,0.26211649,0
-0.77144253,1.1299958,-0.5283376,-0.079545051,0.40472186,-0.91097355,0
0.99503201,2.8563411,0.6063242,0.48791111,0.81272423,0.31846845,0
2.0152838,2.4732528,-0.17489672,-0.079545051,0.40472186,-0.91097355,0
-2.5180981,-2.092422,-0.22240782,-0.48791111,-0.81272423,-0.31846845,0
-1.2352918,0.43466175,0.93097448,-0.86926138,0.41914153,0.26211649,0
0.6983335,0.67418408,1.3362715,0.079545051,-0.40472186,0.91097355,0
-0.046945095,-1.9407386,-1.9558471,-0.079545051,0.40472186,-0.91097355,0
-0.58536166,2.2116435,0.24483776,-0.86926138,0.41914153,0.26211649,0
0.37639689,-2.4467683,-0.022175312,0.079545051,-0.40472186,0.91097355,0
-0.71790701,0.66496253,1.455839,0.079545051,-0.40472186,0.91097355,0
-1.4054452,0.042343855,0.99403393,-0.86926138,0.41914153,0.26211649,0
0.098664641,-2.2480459,-1.8006697,0.86926138,-0.41914153,-0.26211649,0
-0.86216909,-0.86697793,0.78783441,0.079545051,-0.40472186,0.91097355,0
-2.0462117,-0.099718451,-0.90378428,-0.86926138,0.41914153,0.26211649,0
1.3227596,-1.0179288,0.2917788,0.86926138,-0.41914153,-0.26211649,0
0.82374555,3.1085644,0.22507572,0.48791111,0.81272423,0.31846845,0
0.10539174,-3.1245666,-0.37674618,0.86926138,-0.41914153,-0.26211649,0
1.7206528,2.2068591,-0.2675221,-0.079545051,0.40472186,-0.91097355,0
2.7204731,1.4918609,0.91372108,0.86926138,-0.41914153,-0.26211649,0
1.2658772,2.2706633,-0.1994648,-0.079545051,0.40472186,-0.91097355,0
-0.66912627,-3.1791694,-0.28177929,-0.48791111,-0.81272423,-0.31846845,0
1.1972351,2.8399534,0.33835864,0.48791111,0.81272423,0.31846845,0
0.94124579,2.7417517,0.98115778,0.48791111,0.81272423,0.31846845,0
-0.74092937,0.99620324,-0.59044248,-0.079545051,0.40472186,-0.91097355,0
1.3415192,-0.05840838,0.95463777,0.079545051,-0.40472186,0.91097355,0
-0.34376192,-3.0755522,-1.0446844,-0.48791111,-0.81272423,-0.31846845,0
0.98757672,-0.95171648,-0.92567182,0.86926138,-0.41914153,-0.26211649,0
-0.74054796,1.4922857,0.8804915,-0.86926138,0.41914153,0.26211649,0
2.5991926,1.9973247,-0.29675341,0.86926138,-0.41914153,-0.26211649,0
-0.57956415,-0.7208609,0.8280738,0.079545051,-0.40472186,0.91097355,0
-0.89480996,1.5792139,-0.31798935,-0.079545051,0.40472186,-0.91097355,0
0.96610564,2.4610167,1.6595006,0.48791111,0.81272423,0.31846845,0
1.2081754,2.8543193,0.28493667,0.48791111,0.81272423,0.31846845,0
-0.091981918,0.94844496,1.5271279,0.079545051,-0.40472186,0.91097355,0
2.4758756,1.0910833,0.74342763,0.86926138,-0.41914153,-0.26211649,0
1.914151,2.3812301,-0.20694947,-0.079545051,0.40472186,-0.91097355,0
1.0840507,0.83074296,-0.82330716,-0.079545051,0.40472186,-0.91097355,0
-0.51667702,-2.7118621,-0.061967373,0.079545051,-0.40472186,0.91097355,0
-0.59989953,-3.0743413,-0.21574068,0.079545051,-0.40472186,0.91097355,0
2.3315506,2.1390905,0.389112,0.48791111,0.81272423,0.31846845,0
-1.0181136,1.5805838,-0.30661416,-0.079545051,0.40472186,-0.91097355,0
0.62485987,2.7136493,1.5375955,0.48791111,0.81272423,0.31846845,0
-1.6541389,-2.0550716,-1.6413579,-0.48791111,-0.81272423,-0.31846845,0
-2.3691161,-1.8622985,-1.0379274,-0.48791111,-0.81272423,-0.31846845,0
0.95609057,3.0301399,0.22245455,0.48791111,0.81272423,0.31846845,0
0.58065742,-2.2118611,-0.26009035,0.86926138,-0.41914153,-0.26211649,0
-1.4888313,0.85459036,-0.58133626,-0.86926138,0.41914153,0.26211649,0
2.0834737,2.3073189,0.33986497,0.48791111,0.81272423,0.31846845,0
2.2038813,2.4144521,-0.11800742,0.48791111,0.81272423,0.31846845,0
-0.15847641,-1.997118,-1.9711562,-0.079545051,0.40472186,-0.91097355,0
-1.1396911,-2.8867712,-0.30704188,-0.48791111,-0.81272423,-0.31846845,0
2.5998397,1.3470627,0.74520421,0.86926138,-0.41914153,-0.26211649,0
-0.035561398,0.27156544,-0.97397208,-0.079545051,0.40472186,-0.91097355,0
-1.4250968,-2.5903196,-0.62632251,-0.48791111,-0.81272423,-0.31846845,0
2.0869932,2.4919541,-0.13671255,0.48791111,0.81272423,0.31846845,0
-2.4397159,-0.88151681,-0.95862114,-0.86926138,0.41914153,0.26211649,0
-1.027746,-1.4755399,-1.6635293,-0.079545051,0.40472186,-0.91097355,0
0.91180813,-1.0730716,-0.98288959,0.86926138,-0.41914153,-0.26211649,0
1.5691957,-0.69217592,0.58813912,0.86926138,-0.41914153,-0.26211649,0
0.67932439,1.0432029,-0.69357657,-0.079545051,0.40472186,-0.91097355,0
0.029599071,-2.8481386,-1.0701253,0.86926138,-0.41914153,-0.26211649,0
0.77978241,-0.70397377,-1.4785736,-0.079545051,0.40472186,-0.91097355,0
-0.19288731,1.9497004,1.9652721,-0.86926138,0.41914153,0.26211649,0
0.53553391,2.7751069,1.5176086,0.48791111,0.81272423,0.31846845,0
0.5412122,-0.12099957,0.99671185,0.079545051,-0.40472186,0.91097355,0
0.33849311,2.9337099,1.4147346,0.48791111,0.81272423,0.31846845,0
2.3920674,1.389387,-0.011514187,0.86926138,-0.41914153,-0.26211649,0
-1.1456504,1.3338422,-0.20959473,-0.86926138,0.41914153,0.26211649,0
1.5569999,0.17956537,-0.84627819,0.86926138,-0.41914153,-0.26211649,0
0.69794828,3.1696324,0.26196098,0.48791111,0.81272423,0.31846845,0
-1.0876993,0.288638,-0.87451589,-0.079545051,0.40472186,-0.91097355,0
-1.0965065,-0.14737272,1.1279985,0.079545051,-0.40472186,0.91097355,0
-1.2063168,-0.050035477,1.1808312,0.079545051,-0.40472186,0.91097355,0
-0.38125771,-1.2958231,0.55531716,0.079545051,-0.40472186,0.91097355,0
-0.58473605,1.6417758,1.1581684,-0.86926138,0.41914153,0.26211649,0
2.3191271,2.1515405,0.37637258,0.48791111,0.81272423,0.31846845,0
-0.46761227,-3.0188818,-0.99956059,-0.48791111,-0.81272423,-0.31846845,0
0.14919442,-1.8598045,0.25843644,0.079545051,-0.40472186,0.91097355,0
1.028425,2.3797512,1.7714109,0.48791111,0.81272423,0.31846845,0
2.4313474,1.4900824,-0.042268038,0.86926138,-0.41914153,-0.26211649,0
0.80809289,0.35311818,1.1840464,0.079545051,-0.40472186,0.91097355,0
1.14326,-0.46443212,0.79156363,0.079545051,-0.40472186,0.91097355,0
1.9382505,2.2224042,0.7790544,0.48791111,0.81272423,0.31846845,0
0.17700815,2.8952243,1.6800077,-0.86926138,0.41914153,0.26211649,0
1.0763417,2.4957793,1.4018993,0.48791111,0.81272423,0.31846845,0
1.2469639,-0.63165158,-0.57726669,0.86926138,-0.41914153,-0.26211649,0
-0.92000139,1.5115825,-0.34583652,-0.079545051,0.40472186,-0.91097355,0
-0.71237016,-2.5578647,-1.8010833,-0.48791111,-0.81272423,-0.31846845,0
-0.1948868,-3.0350704,-1.3760774,-0.48791111,-0.81272423,-0.31846845,0
-1.2633045,-2.7220707,-0.53797102,-0.48791111,-0.81272423,-0.31846845,0
1.7241037,0.45761219,-0.73672408,0.86926138,-0.41914153,-0.26211649,0
-1.9988463,-1.9338852,-1.4225128,-0.48791111,-0.81272423,-0.31846845,0
0.31795704,2.7364187,1.9496794,0.48791111,0.81272423,0.31846845,0
0.96266705,2.6553507,1.1688318,0.48791111,0.81272423,0.31846845,0
0.16904235,-2.2496228,-1.5647538,0.86926138,-0.41914153,-0.26211649,0
0.42572632,1.4909364,-0.47251642,-0.079545051,0.40472186,-0.91097355,0
-0.76008284,1.0062209,1.592957,-0.86926138,0.41914153,0.26211649,0
-2.3954203,-1.7319481,-1.3302779,-0.48791111,-0.81272423,-0.31846845,0
-0.15778005,2.7244194,0.12643909,-0.079545051,0.40472186,-0.91097355,0
-0.57876158,-3.0102293,-0.8513546,-0.48791111,-0.81272423,-0.31846845,0
-0.90233982,-2.9570825,-0.49124432,-0.48791111,-0.81272423,-0.31846845,0
-0.2298218,2.0035391,1.7566937,-0.86926138,0.41914153,0.26211649,0
2.2017961,0.86215353,0.20056677,0.86926138,-0.41914153,-0.26211649,0
1.7389044,2.3059671,0.87121344,0.48791111,0.81272423,0.31846845,0
0.6097278,-2.0116205,-0.48388195,0.86926138,-0.41914153,-0.26211649,0
0.76497573,1.85295,-0.34130621,-0.079545051,0.40472186,-0.91097355,0
-0.36982995,1.8740195,1.4994925,-0.86926138,0.41914153,0.26211649,0
0.41922057,0.30699337,1.1975101,0.079545051,-0.40472186,0.91097355,0
-1.1069372,1.1418588,0.22578472,-0.86926138,0.41914153,0.26211649,0
1.2299517,0.60866666,1.2607436,0.079545051,-0.40472186,0.91097355,0
-0.7404635,-3.113153,-0.34095883,-0.48791111,-0.81272423,-0.31846845,0
-2.3238268,-0.72220767,-0.82904243,-0.86926138,0.41914153,0.26211649,0
-0.77931547,1.2167866,1.1924675,-0.86926138,0.41914153,0.26211649,0
-0.033887625,-2.5376556,-1.7771504,0.86926138,-0.41914153,-0.26211649,0
0.80762386,-1.1038212,-1.279227,0.86926138,-0.41914153,-0.26211649,0
2.2682471,1.4966308,-0.59363127,0.86926138,-0.41914153,-0.26211649,0
-2.2620282,-1.2680788,-1.4635838,-0.079545051,0.40472186,-0.91097355,0
-1.1571307,-2.5181198,-1.2211139,-0.48791111,-0.81272423,-0.31846845,0
-1.4298447,-0.42244303,-1.1605549,-0.079545051,0.40472186,-0.91097355,0
-1.0788438,1.5342498,-0.30850828,-0.86926138,0.41914153,0.26211649,0
-1.612733,-2.1072872,-1.571542,-0.48791111,-0.81272423,-0.31846845,0
1.2809241,0.13161111,1.0443494,0.079545051,-0.40472186,0.91097355,0
0.37578076,2.772614,0.1012609,-0.079545051,0.40472186,-0.91097355,0
-0.63582271,1.3575928,1.4431763,-0.86926138,0.41914153,0.26211649,0
1.3298573,-0.049697161,-1.232949,0.86926138,-0.41914153,-0.26211649,0
-1.1855816,0.40249604,1.147265,-0.86926138,0.41914153,0.26211649,0
0.97887886,-1.6596206,0.27492607,0.079545051,-0.40472186,0.91097355,0
0.082119226,1.8746455,-0.27204108,-0.079545051,0.40472186,-0.91097355,0
-0.31480813,-2.9921274,-1.3019419,-0.48791111,-0.81272423,-0.31846845,0
-1.3981457,0.98866111,-0.49498212,-0.86926138,0.41914153,0.26211649,0
-1.7858524,-2.6275895,0.021486521,-0.48791111,-0.81272423,-0.31846845,0
1.8185608,2.0970883,1.2822282,0.48791111,0.81272423,0.31846845,0
2.1260438,1.7930002,1.5871744,0.48791111,0.81272423,0.31846845,0
-2.2409503,-0.57442343,-0.79051483,-0.86926138,0.41914153,0.26211649,0
0.42347807,-2.1468735,-0.88526678,0.86926138,-0.41914153,-0.26211649,0
0.73911512,-1.6563051,-0.62296605,0.86926138,-0.41914153,-0.26211649,0
0.79221588,-1.758127,-0.28404653,0.86926138,-0.41914153,-0.26211649,0
2.4998965,1.5909092,1.5301435,0.48791111,0.81272423,0.31846845,0
-1.6944158,-2.6310465,-0.10977745,-0.48791111,-0.81272423,-0.31846845,0
-2.5519702,-1.5997449,-0.18239856,-0.86926138,0.41914153,0.26211649,0
-2.050384,-1.9953239,-1.1867635,-0.48791111,-0.81272423,-0.31846845,0
-2.4842565,-2.2418144,0.1069901,-0.48791111,-0.81272423,-0.31846845,0
-1.2377042,0.14302838,-0.92610818,-0.079545051,0.40472186,-0.91097355,0
-1.1875137,-0.93152773,-1.4078882,-0.079545051,0.40472186,-0.91097355,0
-0.42680919,-2.8249745,-1.5569201,-0.48791111,-0.81272423,-0.31846845,0
-0.20614243,-2.947808,-0.19390774,0.079545051,-0.40472186,0.91097355,0
1.0029596,2.5253406,1.4388847,0.48791111,0.81272423,0.31846845,0
1.1315932,-0.79288745,-0.70204556,0.86926138,-0.41914153,-0.26211649,0
2.0893548,1.8149381,1.5873981,0.48791111,0.81272423,0.31846845,0
-0.043134332,-0.83610541,0.73003334,0.079545051,-0.40472186,0.91097355,0
-0.17681634,-1.8520826,-1.9051197,-0.079545051,0.40472186,-0.91097355,0
-2.2320096,-2.3977563,0.11849499,-0.48791111,-0.81272423,-0.31846845,0
0.19087887,2.4580212,-0.022359133,-0.079545051,0.40472186,-0.91097355,0
-1.5333835,0.57475841,-0.28161609,-0.86926138,0.41914153,0.26211649,0
2.7027423,1.8635798,0.52352238,0.48791111,0.81272423,0.31846845,0
1.7884573,0.11078814,0.031287372,0.86926138,-0.41914153,-0.26211649,0
0.38430509,-0.76190972,-1.4697804,-0.079545051,0.40472186,-0.91097355,0
2.2198629,2.4138265,-0.14089608,0.48791111,0.81272423,0.31846845,0
2.1938181,1.903849,1.2004566,0.48791111,0.81272423,0.31846845,0
1.759635,2.4498713,0.47221327,0.48791111,0.81272423,0.31846845,0
2.2771318,1.076507,0.10763919,0.86926138,-0.41914153,-0.26211649,0
1.7685628,0.14653021,-0.091843307,0.86926138,-0.41914153,-0.26211649,0
1.1394751,-0.88060218,-0.53564489,0.86926138,-0.41914153,-0.26211649,0
-2.4915237,-2.1253967,-0.17897105,-0.48791111,-0.81272423,-0.31846845,0
-1.9670974,-0.47519314,-0.04100728,-0.86926138,0.41914153,0.26211649,0
0.052708536,0.93202472,1.5071985,0.079545051,-0.40472186,0.91097355,0
-0.39033264,-2.6888034,-1.9603093,-0.48791111,-0.81272423,-0.31846845,0
-1.7747366,-2.3651359,0.20192599,0.079545051,-0.40472186,0.91097355,0
0.61830193,-1.4654977,-1.3287339,0.86926138,-0.41914153,-0.26211649,0
-0.74171942,1.6981555,-0.27851439,-0.079545051,0.40472186,-0.91097355,0
-0.68487793,-1.7139294,0.39607525,0.079545051,-0.40472186,0.91097355,0
2.0386891,0.26537597,0.61393982,0.86926138,-0.41914153,-0.26211649,0
-1.7908459,-1.0448021,0.78992283,0.079545051,-0.40472186,0.91097355,0
1.4175398,2.2143359,1.5974028,0.48791111,0.81272423,0.31846845,0
-1.6794801,-2.2133348,-1.1986504,-0.48791111,-0.81272423,-0.31846845,0
-0.5064348,-2.9646068,-1.0785911,-0.48791111,-0.81272423,-0.31846845,0
-1.3479612,0.41137341,0.5945667,-0.86926138,0.41914153,0.26211649,0
-2.0172267,-1.4114667,0.64679039,0.079545051,-0.40472186,0.91097355,0
0.054271579,2.8759165,1.303849,-0.86926138,0.41914153,0.26211649,0
-0.12410414,2.356746,1.542486,-0.86926138,0.41914153,0.26211649,0
0.92100286,-0.96211821,-1.1298189,0.86926138,-0.41914153,-0.26211649,0
1.1280416,0.31026053,-1.0583853,-0.079545051,0.40472186,-0.91097355,0
1.1184438,-0.78286904,0.65225732,0.079545051,-0.40472186,0.91097355,0
-1.5516105,-1.6664172,-1.7025878,-0.079545051,0.40472186,-0.91097355,0
0.92029226,0.74259996,-0.8481676,-0.079545051,0.40472186,-0.91097355,0
2.1332583,0.46425486,0.60953993,0.86926138,-0.41914153,-0.26211649,0
0.4514128,2.6586652,1.9436431,0.48791111,0.81272423,0.31846845,0
-1.1927981,-1.7084584,-1.7525967,-0.079545051,0.40472186,-0.91097355,0
1.5653658,-0.68403333,0.56241703,0.86926138,-0.41914153,-0.26211649,0
0.330091,3.236676,0.65444422,0.48791111,0.81272423,0.31846845,0
0.60986304,0.13844311,1.1059809,0.079545051,-0.40472186,0.91097355,0
2.2114565,2.2616012,0.26045847,0.48791111,0.81272423,0.31846845,0
-0.23762226,2.6100008,0.76105261,-0.86926138,0.41914153,0.26211649,0
-0.087813325,0.047857285,-1.0687971,-0.079545051,0.40472186,-0.91097355,0
1.0708987,0.41005516,1.1863941,0.079545051,-0.40472186,0.91097355,0
0.27955759,3.3294113,0.49520707,0.48791111,0.81272423,0.31846845,0
0.32435393,3.2422123,0.64910507,0.48791111,0.81272423,0.31846845,0
-1.1235298,-2.7477827,-0.68649721,-0.48791111,-0.81272423,-0.31846845,0
0.69939202,-0.94877267,-1.5803118,-0.079545051,0.40472186,-0.91097355,0
-2.0331571,-0.44105077,-0.3146776,-0.86926138,0.41914153,0.26211649,0
-0.66755933,1.2956147,1.4370348,-0.86926138,0.41914153,0.26211649,0
2.6577139,2.1522112,-0.14407158,0.48791111,0.81272423,0.31846845,0
-1.0476713,1.0334187,0.59573168,-0.86926138,0.41914153,0.26211649,0
-1.2849036,-2.8723369,-0.12140465,-0.48791111,-0.81272423,-0.31846845,0
-0.28161907,-1.011505,0.67293197,0.079545051,-0.40472186,0.91097355,0
-0.56706697,-3.0147052,-0.85784912,-0.48791111,-0.81272423,-0.31846845,0
-1.019551,-1.6419967,0.45725608,0.079545051,-0.40472186,0.91097355,0
-0.9582147,0.85909361,1.1711555,-0.86926138,0.41914153,0.26211649,0
0.58388752,2.9557137,0.9826231,0.48791111,0.81272423,0.31846845,0
0.68029571,-2.1560779,-0.018859386,0.86926138,-0.41914153,-0.26211649,0
-1.5441189,-0.19628733,0.91573513,-0.86926138,0.41914153,0.26211649,0
-0.92968237,-0.45586354,0.97637713,0.079545051,-0.40472186,0.91097355,0
2.1091428,2.415606,0.024191618,0.48791111,0.81272423,0.31846845,0
1.3811368,2.371249,1.2527347,0.48791111,0.81272423,0.31846845,0
1.9414346,2.4667723,0.15055466,0.48791111,0.81272423,0.31846845,0
-1.987538,-2.4164748,0.19769931,0.079545051,-0.40472186,0.91097355,0
-0.8753953,0.9695459,1.2691903,-0.86926138,0.41914153,0.26211649,0
1.2418914,0.95905066,1.4153674,0.079545051,-0.40472186,0.91097355,0
0.28418291,3.1063213,1.0574398,0.48791111,0.81272423,0.31846845,0
-0.42300904,1.7076458,-0.3021276,-0.079545051,0.40472186,-0.91097355,0
-0.54516649,2.4122286,0.057388783,-0.86926138,0.41914153,0.26211649,0
-0.71655238,1.1926284,-0.50530452,-0.079545051,0.40472186,-0.91097355,0
1.2275641,2.7754824,0.45642161,0.48791111,0.81272423,0.31846845,0
-1.4164729,-0.6548987,0.93045688,0.079545051,-0.40472186,0.91097355,0
-0.85265487,1.1156532,1.1109695,-0.86926138,0.41914153,0.26211649,0
-1.6423215,0.50624645,-0.72940922,-0.079545051,0.40472186,-0.91097355,0
1.5250942,-0.78100604,0.58392936,0.86926138,-0.41914153,-0.26211649,0
1.8374532,2.2913017,-0.24020481,-0.079545051,0.40472186,-0.91097355,0
-0.53171772,-2.601016,-1.9677308,-0.48791111,-0.81272423,-0.31846845,0
0.48487636,0.81984675,1.4196246,0.079545051,-0.40472186,0.91097355,0
-1.0790254,-2.4701524,-1.4631867,-0.48791111,-0.81272423,-0.31846845,0
-1.4120338,-2.4340727,-1.0450742,-0.48791111,-0.81272423,-0.31846845,0
-2.3662624,-1.6455717,0.50674725,-0.86926138,0.41914153,0.26211649,0
-1.4481037,-2.0051265,-1.8621058,-0.079545051,0.40472186,-0.91097355,0
-0.02692765,-1.828227,0.28784418,0.079545051,-0.40472186,0.91097355,0
-1.7829796,-1.0892131,0.76950502,0.079545051,-0.40472186,0.91097355,0
0.59487855,-1.6943513,-1.0404608,0.86926138,-0.41914153,-0.26211649,0
-1.2802999,1.1091775,-0.29688197,-0.86926138,0.41914153,0.26211649,0
-0.2352941,-2.9212399,-1.6046646,-0.48791111,-0.81272423,-0.31846845,0
-1.509931,-0.49514675,-1.1858624,-0.079545051,0.40472186,-0.91097355,0
2.2570908,2.119303,0.5536859,0.48791111,0.81272423,0.31846845,0
0.045075893,-2.8311825,-1.0459132,0.86926138,-0.41914153,-0.26211649,0
2.3382626,1.7196983,1.4491084,0.48791111,0.81272423,0.31846845,0
1.4689485,-0.050824404,-0.76987612,0.86926138,-0.41914153,-0.26211649,0
0.83431792,2.9975557,0.49217033,0.48791111,0.81272423,0.31846845,0
1.2672254,1.5216626,-0.53234422,-0.079545051,0.40472186,-0.91097355,0
1.0128231,-1.3563175,-0.1949631,0.86926138,-0.41914153,-0.26211649,0
0.71748668,2.6506426,1.556478,0.48791111,0.81272423,0.31846845,0
-0.83468777,-2.8743079,-0.80613065,-0.48791111,-0.81272423,-0.31846845,0
-1.4849786,-2.2695704,0.21908188,0.079545051,-0.40472186,0.91097355,0
-2.0031762,-2.3437183,-0.36999416,-0.48791111,-0.81272423,-0.31846845,0
0.54541963,0.47485018,1.2610649,0.079545051,-0.40472186,0.91097355,0
0.060660481,2.6319857,0.0662992,-0.079545051,0.40472186,-0.91097355,0
0.85916507,0.87594306,-0.78358924,-0.079545051,0.40472186,-0.91097355,0
-1.0030272,-0.71914518,0.86581218,0.079545051,-0.40472186,0.91097355,0
1.4579831,2.5624921,0.64695358,0.48791111,0.81272423,0.31846845,0
2.5970926,1.4896023,0.50816417,0.86926138,-0.41914153,-0.26211649,0
0.083872855,1.8247527,-0.29435992,-0.079545051,0.40472186,-0.91097355,0
-0.1316067,-3.0482905,-1.2846792,0.86926138,-0.41914153,-0.26211649,0
-2.5064197,-1.8324335,-0.90378499,-0.48791111,-0.81272423,-0.31846845,0
-0.6324563,-0.20152092,-1.132032,-0.079545051,0.40472186,-0.91097355,0
0.60007834,3.1328108,0.50587082,0.48791111,0.81272423,0.31846845,0
1.5894231,1.0815064,-0.75602782,-0.079545051,0.40472186,-0.91097355,0
-1.4843659,-2.7648516,-0.090117931,-0.48791111,-0.81272423,-0.31846845,0
1.3652377,2.7101681,0.41217947,0.48791111,0.81272423,0.31846845,0
-1.870213,-0.4742341,0.27875865,-0.86926138,0.41914153,0.26211649,0
2.006202,1.0404581,-0.73320556,0.86926138,-0.41914153,-0.26211649,0
1.1421208,-0.39717352,-1.2999048,0.86926138,-0.41914153,-0.26211649,0
1.8273668,2.274653,-0.24672103,-0.079545051,0.40472186,-0.91097355,0
-0.10569084,2.5230055,0.032407761,-0.079545051,0.40472186,-0.91097355,0
1.2500091,2.4614096,1.223542,0.48791111,0.81272423,0.31846845,0
-2.1951604,-0.78587115,-0.30054235,-0.86926138,0.41914153,0.26211649,0
2.2288947,1.9399682,1.0545411,0.48791111,0.81272423,0.31846845,0
0.36148274,2.4527874,-0.039581537,-0.079545051,0.40472186,-0.91097355,0
-2.4837682,-2.0352755,-0.42083979,-0.48791111,-0.81272423,-0.31846845,0
0.9366163,0.62860084,1.2952136,0.079545051,-0.40472186,0.91097355,0
0.16070443,1.5136378,-0.43928933,-0.079545051,0.40472186,-0.91097355,0
-2.1762342,-1.976595,-1.0417497,-0.48791111,-0.81272423,-0.31846845,0
1.0341642,2.9587877,0.28493118,0.48791111,0.81272423,0.31846845,0
0.94060147,1.1531405,1.527905,0.079545051,-0.40472186,0.91097355,0
1.0903506,-1.4721707,0.24740028,0.86926138,-0.41914153,-0.26211649,0
-2.6625853,-1.5175145,-1.4681969,-0.48791111,-0.81272423,-0.31846845,0
-1.5131868,-0.88530231,-1.3589139,-0.079545051,0.40472186,-0.91097355,0
-0.73894322,-2.4803498,-1.9581881,-0.48791111,-0.81272423,-0.31846845,0
0.23184192,2.2538068,-0.11666346,-0.079545051,0.40472186,-0.91097355,0
2.5862689,1.7119281,1.0889781,0.48791111,0.81272423,0.31846845,0
0.41355658,2.5191374,-0.014650583,-0.079545051,0.40472186,-0.91097355,0
-0.84447324,1.0092295,1.3082813,-0.86926138,0.41914153,0.26211649,0
0.66785872,-2.0962625,0.10809517,0.079545051,-0.40472186,0.91097355,0
-2.4181802,-1.7594823,-1.2251425,-0.48791111,-0.81272423,-0.31846845,0
1.0677681,1.2830724,1.5745263,0.079545051,-0.40472186,0.91097355,0
1.2682874,2.734205,0.49937105,0.48791111,0.81272423,0.31846845,0
-1.4365269,0.73864466,-0.2224738,-0.86926138,0.41914153,0.26211649,0
-1.1809829,-2.4514771,-1.3546422,-0.48791111,-0.81272423,-0.31846845,0
-1.175915,0.33870268,-0.84457052,-0.079545051,0.40472186,-0.91097355,0
-0.4357695,0.51594663,-0.83045423,-0.079545051,0.40472186,-0.91097355,0
-0.55200011,-3.0820642,-0.70903397,-0.48791111,-0.81272423,-0.31846845,0
1.736475,2.2063735,1.1290963,0.48791111,0.81272423,0.31846845,0
-0.92722285,-2.7802641,-0.90435791,-0.48791111,-0.81272423,-0.31846845,0
0.11577588,-1.3620815,-1.7129734,-0.079545051,0.40472186,-0.91097355,0
0.093856186,1.1065121,1.5811257,0.079545051,-0.40472186,0.91097355,0
0.66833901,-1.3575206,-1.3354573,0.86926138,-0.41914153,-0.26211649,0
0.70212531,2.5178256,1.9189582,0.48791111,0.81272423,0.31846845,0
-1.2585485,0.17765868,1.2648127,-0.86926138,0.41914153,0.26211649,0
0.4857704,-1.8386204,0.23845863,0.079545051,-0.40472186,0.91097355,0
2.3379598,1.93595,-0.441782,-0.079545051,0.40472186,-0.91097355,0
2.223603,1.7759658,1.48118,0.48791111,0.81272423,0.31846845,0
-0.90598726,-2.7070689,-1.1236851,-0.48791111,-0.81272423,-0.31846845,0
-0.49776101,2.4834418,0.10072589,-0.86926138,0.41914153,0.26211649,0
-0.12214088,3.0730724,0.40354347,-0.86926138,0.41914153,0.26211649,0
0.89178532,2.8555872,0.76642752,0.48791111,0.81272423,0.31846845,0
1.3339466,-0.7759788,-0.058015615,0.86926138,-0.41914153,-0.26211649,0
-0.9812808,-1.0484215,0.71762443,0.079545051,-0.40472186,0.91097355,0
-0.57582438,-1.1816665,0.62302339,0.079545051,-0.40472186,0.91097355,0
-1.3852131,0.041699409,1.0621604,-0.86926138,0.41914153,0.26211649,0
-0.18314683,-3.0528414,-1.3487127,-0.48791111,-0.81272423,-0.31846845,0
0.96120566,0.66085041,1.307394,0.079545051,-0.40472186,0.91097355,0
-2.6311016,-2.045553,0.26805282,-0.86926138,0.41914153,0.26211649,0
2.4995742,2.3048282,-0.29126811,0.48791111,0.81272423,0.31846845,0
1.491932,2.7488692,0.11931229,0.48791111,0.81272423,0.31846845,0
-0.79859078,1.0256492,1.4341857,-0.86926138,0.41914153,0.26211649,0
0.069375992,2.863946,1.3730807,-0.86926138,0.41914153,0.26211649,0
-0.75393844,1.1324812,1.4114361,-0.86926138,0.41914153,0.26211649,0
-2.17607,-0.40647483,-0.84391147,-0.86926138,0.41914153,0.26211649,0
-0.51954406,-3.0378463,-0.8716011,-0.48791111,-0.81272423,-0.31846845,0
-1.8894434,-0.11635613,-0.35728556,-0.86926138,0.41914153,0.26211649,0
-0.73941839,-2.6118054,-1.6219881,-0.48791111,-0.81272423,-0.31846845,0
0.047909319,2.281743,-0.088191032,-0.079545051,0.40472186,-0.91097355,0
2.3565238,1.540309,-0.37072182,0.86926138,-0.41914153,-0.26211649,0
0.76450557,2.6601262,1.4602396,0.48791111,0.81272423,0.31846845,0
-1.5275398,0.35970968,0.081640244,-0.86926138,0.41914153,0.26211649,0
-0.50272447,-2.6229591,-1.9561524,-0.48791111,-0.81272423,-0.31846845,0
2.8176863,1.4851023,1.2469184,0.86926138,-0.41914153,-0.26211649,0
1.3400824,1.4093294,1.6068408,0.079545051,-0.40472186,0.91097355,0
-0.35626078,-3.3128097,-0.42005968,-0.48791111,-0.81272423,-0.31846845,0
1.5719721,0.4442327,1.1578252,0.079545051,-0.40472186,0.91097355,0
-2.3595533,-1.6713028,-1.5399942,-0.48791111,-0.81272423,-0.31846845,0
-0.61909544,-2.6591144,-1.6855979,-0.48791111,-0.81272423,-0.31846845,0
0.41769874,0.31959081,1.2032396,0.079545051,-0.40472186,0.91097355,0
-1.1921986,-0.30180997,1.0677416,0.079545051,-0.40472186,0.91097355,0
-0.62243587,-3.1990566,-0.30255985,-0.48791111,-0.81272423,-0.31846845,0
-2.3532019,-1.4764258,0.27958488,-0.86926138,0.41914153,0.26211649,0
2.5620756,1.7209914,1.1029139,0.48791111,0.81272423,0.31846845,0
-0.0058749318,1.5827699,-0.39403021,-0.079545051,0.40472186,-0.91097355,0
0.77444428,1.8584521,-0.3396883,-0.079545051,0.40472186,-0.91097355,0
-1.8580304,-1.8538672,-1.7591109,-0.079545051,0.40472186,-0.91097355,0
2.0116649,1.4088672,-0.64745963,-0.079545051,0.40472186,-0.91097355,0
-0.83290005,-2.3901587,-2.0444074,-0.48791111,-0.81272423,-0.31846845,0
0.70827645,0.083976865,-1.1222638,-0.079545051,0.40472186,-0.91097355,0
0.76986372,-0.59609115,-1.429778,-0.079545051,0.40472186,-0.91097355,0
-0.93696547,0.99469554,1.0247885,-0.86926138,0.41914153,0.26211649,0
-0.54721648,2.3228407,0.19352818,-0.86926138,0.41914153,0.26211649,0
-1.3037148,-2.240665,-1.7045975,-0.48791111,-0.81272423,-0.31846845,0
-1.0009664,1.2467899,-0.45640731,-0.079545051,0.40472186,-0.91097355,0
0.070608854,-2.8784692,-0.88562322,0.86926138,-0.41914153,-0.26211649,0
0.78879666,2.9061291,0.79523039,0.48791111,0.81272423,0.31846845,0
-0.63418287,2.2011886,0.099649668,-0.86926138,0.41914153,0.26211649,0
2.6323085,1.3866801,1.4839427,0.079545051,-0.40472186,0.91097355,0
-2.0050497,-1.3544568,0.67105508,0.079545051,-0.40472186,0.91097355,0
-0.73942089,-0.7998544,-1.3885159,-0.079545051,0.40472186,-0.91097355,0
1.4015577,-0.54033518,-0.21060537,0.86926138,-0.41914153,-0.26211649,0
-1.1811399,-2.6233289,-0.91583896,-0.48791111,-0.81272423,-0.31846845,0
2.3282313,1.0604281,0.30281258,0.86926138,-0.41914153,-0.26211649,0
0.59509003,3.0573382,0.70611691,0.48791111,0.81272423,0.31846845,0
0.63745266,2.5372548,1.9684565,0.48791111,0.81272423,0.31846845,0
2.2685823,1.1541989,-0.044948101,0.86926138,-0.41914153,-0.26211649,0
-1.4803166,-2.2369533,-1.4435048,-0.48791111,-0.81272423,-0.31846845,0
-0.56816298,-2.6323204,-1.8320074,-0.48791111,-0.81272423,-0.31846845,0
0.19548777,1.2669119,1.643513,0.079545051,-0.40472186,0.91097355,0
0.45806241,2.7442434,1.7150619,0.48791111,0.81272423,0.31846845,0
1.8596902,0.23593193,0.067405283,0.86926138,-0.41914153,-0.26211649,0
-1.3997817,-2.3168206,0.1906507,0.079545051,-0.40472186,0.91097355,0
0.18447368,-0.036975026,1.0651917,0.079545051,-0.40472186,0.91097355,0
-1.6219271,-0.067376725,0.45156181,-0.86926138,0.41914153,0.26211649,0
-1.2979381,-1.4714466,0.5573355,0.079545051,-0.40472186,0.91097355,0
2.2832627,2.327702,-0.018241405,0.48791111,0.81272423,0.31846845,0
0.088862017,-0.43854284,-1.3003192,-0.079545051,0.40472186,-0.91097355,0
0.77821523,0.089183331,-1.1260576,-0.079545051,0.40472186,-0.91097355,0
-1.8789949,-0.80367118,0.77642703,-0.86926138,0.41914153,0.26211649,0
-2.1795652,-1.2409787,0.4789238,-0.86926138,0.41914153,0.26211649,0
1.6749117,-0.081378847,-0.037978023,0.86926138,-0.41914153,-0.26211649,0
-0.16300398,-2.0375693,0.20672083,0.079545051,-0.40472186,0.91097355,0
2.0442314,0.66926217,-0.013521671,0.86926138,-0.41914153,-0.26211649,0
1.0342848,2.3531504,1.8303187,0.48791111,0.81272423,0.31846845,0
1.1751641,2.8122003,0.44299841,0.48791111,0.81272423,0.31846845,0
2.7031994,1.7931335,0.37468052,0.86926138,-0.41914153,-0.26211649,0
0.67885184,-1.7593542,-0.65803504,0.86926138,-0.41914153,-0.26211649,0
2.7399206,1.8012381,0.62565804,0.48791111,0.81272423,0.31846845,0
1.3995136,-0.54194468,-0.21481057,0.86926138,-0.41914153,-0.26211649,0
-1.8191133,-2.1595325,-1.122026,-0.48791111,-0.81272423,-0.31846845,0
2.6306818,1.5682048,1.3877144,0.48791111,0.81272423,0.31846845,0
-0.70003992,-2.9080818,-0.92622805,-0.48791111,-0.81272423,-0.31846845,0
1.5646187,2.6983984,0.13675308,0.48791111,0.81272423,0.31846845,0
2.1708176,2.1782193,0.53550768,0.48791111,0.81272423,0.31846845,0
-0.67026621,-1.1865586,-1.5663569,-0.079545051,0.40472186,-0.91097355,0
2.096612,0.9987765,-0.36672544,0.86926138,-0.41914153,-0.26211649,0
0.50313902,-2.426183,-0.17445135,0.86926138,-0.41914153,-0.26211649,0
-1.3533134,-1.5031177,0.54810011,0.079545051,-0.40472186,0.91097355,0
-2.5489786,-1.8064783,-0.90481973,-0.48791111,-0.81272423,-0.31846845,0
1.8546515,2.0850315,1.257705,0.48791111,0.81272423,0.31846845,0
-0.13798714,-3.1848454,-1.0810285,-0.48791111,-0.81272423,-0.31846845,0
0.90616471,-0.36938882,0.85449183,0.079545051,-0.40472186,0.91097355,0
0.91112936,2.3416355,2.0483851,0.48791111,0.81272423,0.31846845,0
0.25562936,2.8204551,1.8307099,0.48791111,0.81272423,0.31846845,0
-0.92880738,1.0591499,0.9487766,-0.86926138,0.41914153,0.26211649,0
-0.14616771,-0.89914703,0.71102238,0.079545051,-0.40472186,0.91097355,0
-0.47594059,0.42322183,-0.86814177,-0.079545051,0.40472186,-0.91097355,0
0.50544178,-2.4470649,-0.13342333,0.86926138,-0.41914153,-0.26211649,0
-2.370445,-0.94491494,-1.3105437,-0.079545051,0.40472186,-0.91097355,0
0.35617206,-0.70480406,0.75350004,0.079545051,-0.40472186,0.91097355,0
0.17461678,-0.61371911,0.80982,0.079545051,-0.40472186,0.91097355,0
0.38462159,1.6556641,-0.39574289,-0.079545051,0.40472186,-0.91097355,0
2.5172777,1.9130751,0.68135405,0.48791111,0.81272423,0.31846845,0
1.1719115,-0.81515861,-0.53272426,0.86926138,-0.41914153,-0.26211649,0
1.2235737,2.7560039,0.51224518,0.48791111,0.81272423,0.31846845,0
-1.6353635,-0.38830376,-1.1274422,-0.079545051,0.40472186,-0.91097355,0
-2.4446669,-1.6898533,-1.3622539,-0.48791111,-0.81272423,-0.31846845,0
-0.0052467585,2.3496418,1.9480149,-0.86926138,0.41914153,0.26211649,0
2.3561487,1.1659425,0.22667098,0.86926138,-0.41914153,-0.26211649,0
-1.0820502,-1.5692515,0.49503231,0.079545051,-0.40472186,0.91097355,0
-0.21499181,-2.9229536,-1.6313949,-0.48791111,-0.81272423,-0.31846845,0
-2.0454993,-2.3441844,-0.30396366,-0.48791111,-0.81272423,-0.31846845,0
2.701705,1.7261028,0.8759501,0.48791111,0.81272423,0.31846845,0
1.8326576,2.5342834,0.14492059,0.48791111,0.81272423,0.31846845,0
-2.4030297,-2.0224743,-0.5772047,-0.48791111,-0.81272423,-0.31846845,0
-0.14717257,-3.2412963,-0.92289448,-0.48791111,-0.81272423,-0.31846845,0
-1.33569,-1.3567328,-1.5838572,-0.079545051,0.40472186,-0.91097355,0
-1.6305799,-2.5688004,-0.36642694,-0.48791111,-0.81272423,-0.31846845,0
1.9896655,0.84300017,-0.47229767,0.86926138,-0.41914153,-0.26211649,0
0.68841267,-1.3997244,0.41575444,0.079545051,-0.40472186,0.91097355,0
0.939134,-0.75333965,-1.403541,0.86926138,-0.41914153,-0.26211649,0
-0.27935237,-2.5050821,0.0091764927,0.079545051,-0.40472186,0.91097355,0
-0.75601447,-3.0187964,-0.55792975,-0.48791111,-0.81272423,-0.31846845,0
1.2918241,-0.38879794,-0.81683457,0.86926138,-0.41914153,-0.26211649,0
0.98318446,2.5763264,1.3390675,0.48791111,0.81272423,0.31846845,0
1.6968203,2.2389324,1.1067595,0.48791111,0.81272423,0.31846845,0
1.6590915,2.6667824,0.072698355,0.48791111,0.81272423,0.31846845,0
0.7849189,-0.60583121,0.76003361,0.079545051,-0.40472186,0.91097355,0
-1.7308959,-0.58573246,0.91907185,-0.86926138,0.41914153,0.26211649,0
1.0236022,2.628401,1.1442511,0.48791111,0.81272423,0.31846845,0
-1.5452216,0.26459831,0.17509168,-0.86926138,0.41914153,0.26211649,0
-0.79117703,1.0100304,1.4837475,-0.86926138,0.41914153,0.26211649,0
0.53892344,3.1770253,0.48672938,0.48791111,0.81272423,0.31846845,0
-0.66150022,0.84405541,1.5304799,0.079545051,-0.40472186,0.91097355,0
-1.5291098,-0.67387354,0.93186224,0.079545051,-0.40472186,0.91097355,0
2.0619268,0.49059284,0.33086646,0.86926138,-0.41914153,-0.26211649,0
-2.26089,-1.4240596,0.50198364,-0.86926138,0.41914153,0.26211649,0
-1.6484054,0.48804057,-0.52439797,-0.86926138,0.41914153,0.26211649,0
-1.2690101,-0.15743637,1.1385902,0.079545051,-0.40472186,0.91097355,0
-1.8523755,-1.214609,-1.4755988,-0.079545051,0.40472186,-0.91097355,0
-0.75843179,1.6235162,-0.31021535,-0.079545051,0.40472186,-0.91097355,0
0.50944006,1.3896388,-0.5248301,-0.079545051,0.40472186,-0.91097355,0
1.4422038,-0.69880974,0.17760131,0.86926138,-0.41914153,-0.26211649,0
-1.314481,0.19558048,1.0506649,-0.86926138,0.41914153,0.26211649,0
-1.488589,-2.4952826,-0.77158189,-0.48791111,-0.81272423,-0.31846845,0
1.9691203,2.3939826,0.29389548,0.48791111,0.81272423,0.31846845,0
2.3236322,1.0111929,0.36629093,0.86926138,-0.41914153,-0.26211649,0
0.69840682,0.85970068,1.4186854,0.079545051,-0.40472186,0.91097355,0
2.3191996,2.167635,0.3351891,0.48791111,0.81272423,0.31846845,0
0.90417308,-1.2309341,0.47190356,0.079545051,-0.40472186,0.91097355,0
-0.57836449,-0.28963923,-1.1759038,-0.079545051,0.40472186,-0.91097355,0
-0.25129074,2.2326682,1.3191035,-0.86926138,0.41914153,0.26211649,0
-2.6113467,-1.1743945,-1.0594735,-0.86926138,0.41914153,0.26211649,0
-0.31237406,-1.4597316,-1.7189711,-0.079545051,0.40472186,-0.91097355,0
1.119524,1.0898964,-0.71126926,-0.079545051,0.40472186,-0.91097355,0
1.1792258,2.1492977,1.9496355,0.079545051,-0.40472186,0.91097355,0
1.0773779,-0.74403387,-0.95996064,0.86926138,-0.41914153,-0.26211649,0
2.7801507,1.302368,1.4146423,0.86926138,-0.41914153,-0.26211649,0
1.0581245,2.3682895,1.7551594,0.48791111,0.81272423,0.31846845,0
-1.4039025,-1.2929866,0.64587331,0.079545051,-0.40472186,0.91097355,0
-0.59396225,2.3420558,0.0077781677,-0.86926138,0.41914153,0.26211649,0
-2.3104599,-2.3007748,-0.0088098049,-0.48791111,-0.81272423,-0.31846845,0
1.7369617,1.8086631,1.7495997,0.079545051,-0.40472186,0.91097355,0
-0.88467956,-0.9960959,-1.4630171,-0.079545051,0.40472186,-0.91097355,0
-0.29189897,-3.0169685,-1.2736464,-0.48791111,-0.81272423,-0.31846845,0
0.23904467,-2.9182606,-0.26340771,0.86926138,-0.41914153,-0.26211649,0
0.72850573,3.0520756,0.51514745,0.48791111,0.81272423,0.31846845,0
-0.21783072,2.2724485,1.3664556,-0.86926138,0.41914153,0.26211649,0
-0.43220606,0.82796246,-0.69214487,-0.079545051,0.40472186,-0.91097355,0
-1.9792395,-2.3194189,-0.46867752,-0.48791111,-0.81272423,-0.31846845,0
-1.7872785,-0.532785,0.64742255,-0.86926138,0.41914153,0.26211649,0
-2.3635201,-0.62104344,-1.1224463,-0.86926138,0.41914153,0.26211649,0
1.4754761,-0.18946756,-0.52652884,0.86926138,-0.41914153,-0.26211649,0
-1.0758297,-2.9507537,-0.24159884,-0.48791111,-0.81272423,-0.31846845,0
-0.87853563,-3.0079408,-0.39792514,-0.48791111,-0.81272423,-0.31846845,0
0.42345548,2.6667812,1.9657636,0.48791111,0.81272423,0.31846845,0
1.1254158,1.5292469,1.6788613,0.079545051,-0.40472186,0.91097355,0
-1.637146,-2.5495465,-0.40550399,-0.48791111,-0.81272423,-0.31846845,0
1.0087597,1.7524593,1.7882152,0.079545051,-0.40472186,0.91097355,0
-0.4308036,1.3463192,-0.46197486,-0.079545051,0.40472186,-0.91097355,0
-0.40074688,1.7906892,1.5302128,-0.86926138,0.41914153,0.26211649,0
2.1189463,0.57789165,0.38036442,0.86926138,-0.41914153,-0.26211649,0
1.0397966,2.5792632,1.2448392,0.48791111,0.81272423,0.31846845,0
0.22979999,3.2470624,0.78159046,0.48791111,0.81272423,0.31846845,0
-1.2901754,-2.8211985,-0.24383092,-0.48791111,-0.81272423,-0.31846845,0
-1.355183,-2.0416718,-1.8864555,-0.079545051,0.40472186,-0.91097355,0
-1.5677325,-2.3533196,-1.0126152,-0.48791111,-0.81272423,-0.31846845,0
-1.3667828,-2.7559595,-0.29295301,-0.48791111,-0.81272423,-0.31846845,0
1.9566355,2.3755467,0.36007237,0.48791111,0.81272423,0.31846845,0
-0.43120778,0.64629555,-0.77294189,-0.079545051,0.40472186,-0.91097355,0
-0.71123648,1.4244839,1.0861176,-0.86926138,0.41914153,0.26211649,0
2.0230992,1.8403243,1.6241212,0.48791111,0.81272423,0.31846845,0
1.5124176,2.5759127,0.52930832,0.48791111,0.81272423,0.31846845,0
-0.74104941,1.2324958,1.29425,-0.86926138,0.41914153,0.26211649,0
-2.3683763,-0.79459286,-1.2439401,-0.079545051,0.40472186,-0.91097355,0
-0.61286569,0.40920484,1.3330405,0.079545051,-0.40472186,0.91097355,0
-2.3497081,-2.2942929,0.034779787,-0.48791111,-0.81272423,-0.31846845,0
-2.1658354,-2.0272923,-0.928303,-0.48791111,-0.81272423,-0.31846845,0
-0.21028686,2.8768828,0.42494369,-0.86926138,0.41914153,0.26211649,0
1.3585205,-0.059518874,-1.1221875,0.86926138,-0.41914153,-0.26211649,0
-1.8241656,-1.9971638,-1.5286481,-0.48791111,-0.81272423,-0.31846845,0
0.23578823,-2.5078883,-0.037051678,0.079545051,-0.40472186,0.91097355,0
1.9336764,2.3181236,0.54178929,0.48791111,0.81272423,0.31846845,0
0.21776152,3.2842622,0.70510077,0.48791111,0.81272423,0.31846845,0
1.0744505,1.7429976,-0.41717792,-0.079545051,0.40472186,-0.91097355,0
-2.597873,-1.7795347,-0.8986702,-0.48791111,-0.81272423,-0.31846845,0
-1.3842965,-2.4648404,-1.0090516,-0.48791111,-0.81272423,-0.31846845,0
-1.9599715,-0.40084228,-0.13626719,-0.86926138,0.41914153,0.26211649,0
-2.2966397,-0.7247932,-0.73474634,-0.86926138,0.41914153,0.26211649,0
0.15679681,-2.2830226,-1.5519552,0.86926138,-0.41914153,-0.26211649,0
-0.7437349,-2.6116133,-1.6158657,-0.48791111,-0.81272423,-0.31846845,0
1.1742957,1.7817973,-0.4086585,-0.079545051,0.40472186,-0.91097355,0
-2.4126594,-1.1228825,-0.48293388,-0.86926138,0.41914153,0.26211649,0
0.080537915,-2.6402221,-1.2336686,0.86926138,-0.41914153,-0.26211649,0
-0.51003885,-2.9132781,-1.2040591,-0.48791111,-0.81272423,-0.31846845,0
0.48680174,2.8394628,1.4280348,0.48791111,0.81272423,0.31846845,0
2.1823759,2.3652253,0.040564775,0.48791111,0.81272423,0.31846845,0
-1.523867,0.40863609,0.015584314,-0.86926138,0.41914153,0.26211649,0
0.43264925,-1.8978621,-1.253038,0.86926138,-0.41914153,-0.26211649,0
2.6064517,1.64618,0.28882384,0.86926138,-0.41914153,-0.26211649,0
-0.28608322,-3.2553589,-0.67418814,-0.48791111,-0.81272423,-0.31846845,0
1.4146687,-0.54613239,-0.15785488,0.86926138,-0.41914153,-0.26211649,0
-2.4950502,-2.2183151,0.063557863,-0.48791111,-0.81272423,-0.31846845,0
-0.80977488,0.99775809,1.4416957,-0.86926138,0.41914153,0.26211649,0
-0.41191918,1.6536496,1.7122971,-0.86926138,0.41914153,0.26211649,0
-0.40136501,0.84462631,1.5080189,0.079545051,-0.40472186,0.91097355,0
1.470605,1.9426719,-0.36305928,-0.079545051,0.40472186,-0.91097355,0
0.66013026,-0.68679947,0.73495781,0.079545051,-0.40472186,0.91097355,0
-0.93981349,-1.993608,0.29408193,0.079545051,-0.40472186,0.91097355,0
-2.6485062,-1.6712247,-1.0975022,-0.48791111,-0.81272423,-0.31846845,0
-0.31609017,2.250174,1.0762148,-0.86926138,0.41914153,0.26211649,0
0.5061692,-1.6840491,-1.3511236,0.86926138,-0.41914153,-0.26211649,0
0.6144014,2.5985084,1.8474553,0.48791111,0.81272423,0.31846845,0
2.6413398,1.6779001,1.0914462,0.48791111,0.81272423,0.31846845,0
-1.8433499,-0.41395706,0.27145809,-0.86926138,0.41914153,0.26211649,0
0.4072336,-2.5020733,-0.37115121,0.86926138,-0.41914153,-0.26211649,0
-1.3120439,0.43457919,0.67657208,-0.86926138,0.41914153,0.26211649,0
2.0972521,0.57539922,0.31240511,0.86926138,-0.41914153,-0.26211649,0
-1.5467551,-0.97533262,0.79947245,0.079545051,-0.40472186,0.91097355,0
0.4783048,-1.913232,-1.077052,0.86926138,-0.41914153,-0.26211649,0
-0.67575729,1.3927481,1.2545253,-0.86926138,0.41914153,0.26211649,0
0.96187675,-0.38170171,-1.3512967,-0.079545051,0.40472186,-0.91097355,0
0.73867363,-1.6828265,-0.58202028,0.86926138,-0.41914153,-0.26211649,0
