2.5477355,0.68994141,1.6652172,-0.28497273,0.32708716,0.90100205,0
-1.3643153,2.7380154,-1.7168903,-0.79809076,0.43964329,-0.41202539,0
-0.079829454,-1.6810203,-0.52487022,0.28497273,-0.32708716,-0.90100205,0
-0.85581136,-1.803957,0.27000079,-0.53088772,-0.83649737,0.13575888,0
-2.8243635,-0.68298674,-0.52104425,-0.53088772,-0.83649737,0.13575888,0
0.64465463,-2.2494297,2.1303709,-0.28497273,0.32708716,0.90100205,0
1.2141459,-3.0461113,0.71089971,-0.53088772,-0.83649737,0.13575888,0
0.75152898,-2.2646019,-0.050069451,0.28497273,-0.32708716,-0.90100205,0
3.1317725,-0.49527609,0.68640542,0.79809076,-0.43964329,0.41202539,0
-1.8808472,2.1812258,-0.27684832,-0.28497273,0.32708716,0.90100205,0
-3.1083233,0.74475074,-0.46562958,-0.79809076,0.43964329,-0.41202539,0
-2.404892,-1.0023515,-0.84850156,-0.53088772,-0.83649737,0.13575888,0
-1.6258152,1.3502481,-2.1142702,0.28497273,-0.32708716,-0.90100205,0
0.2202273,0.19581109,1.1084454,-0.28497273,0.32708716,0.90100205,0
-1.0865508,2.809844,-1.6677324,0.53088772,0.83649737,-0.13575888,0
-1.0529594,2.6683583,-2.394311,-0.79809076,0.43964329,-0.41202539,0
0.81891799,-2.8508532,0.36846584,-0.53088772,-0.83649737,0.13575888,0
2.0749793,1.1253569,0.31628704,0.53088772,0.83649737,-0.13575888,0
-1.3720807,2.2675664,-2.2038317,-0.79809076,0.43964329,-0.41202539,0
-0.18096614,2.2720881,-1.4398844,0.53088772,0.83649737,-0.13575888,0
1.8999835,-2.7986767,0.61457705,0.79809076,-0.43964329,0.41202539,0
2.0091414,1.028881,-0.53562272,0.53088772,0.83649737,-0.13575888,0
-2.5905044,1.6154984,-0.29592824,-0.28497273,0.32708716,0.90100205,0
-2.8472691,0.62973213,-1.0940182,-0.79809076,0.43964329,-0.41202539,0
-2.0123286,1.4633318,-0.057819605,-0.28497273,0.32708716,0.90100205,0
-1.203588,1.1806316,-1.9191513,0.28497273,-0.32708716,-0.90100205,0
-3.4805894,-0.21575165,-0.20829344,-0.53088772,-0.83649737,0.13575888,0
-0.82438231,-1.9235821,-0.34417999,-0.53088772,-0.83649737,0.13575888,0
2.8277791,-0.85436463,0.89208102,0.79809076,-0.43964329,0.41202539,0
0.56377172,1.9360676,-0.59800935,0.53088772,0.83649737,-0.13575888,0
-2.1457586,-0.018621683,0.43796623,-0.28497273,0.32708716,0.90100205,0
-1.0083544,1.6539983,-2.0292463,0.28497273,-0.32708716,-0.90100205,0
1.7346835,1.1900828,-0.61562657,0.53088772,0.83649737,-0.13575888,0
-2.4605491,1.5089029,-0.90499151,-0.79809076,0.43964329,-0.41202539,0
0.53422463,-1.1257646,1.6875241,-0.28497273,0.32708716,0.90100205,0
-3.1765709,-0.33044291,0.22513604,-0.28497273,0.32708716,0.90100205,0
2.746527,-0.37634963,1.5595219,0.79809076,-0.43964329,0.41202539,0
-1.9314375,1.7804939,-0.14737308,-0.28497273,0.32708716,0.90100205,0
-1.5350368,-1.3123193,0.64317167,-0.53088772,-0.83649737,0.13575888,0
1.4472761,-3.211575,0.6030333,-0.53088772,-0.83649737,0.13575888,0
0.69090986,-2.4653108,0.0036202073,0.28497273,-0.32708716,-0.90100205,0
1.9188163,-2.7613063,0.49944162,0.28497273,-0.32708716,-0.90100205,0
2.767554,-1.2301731,0.60773778,0.79809076,-0.43964329,0.41202539,0
0.39776337,1.8693094,-1.6585283,0.53088772,0.83649737,-0.13575888,0
-1.0817214,2.3681931,-2.3117225,0.28497273,-0.32708716,-0.90100205,0
-1.499207,1.727229,-2.2110798,0.28497273,-0.32708716,-0.90100205,0
2.1102428,-1.4394032,1.657691,0.79809076,-0.43964329,0.41202539,0
-0.39266324,-1.5563099,1.5506632,-0.28497273,0.32708716,0.90100205,0
3.0205889,0.49498868,0.13001108,0.53088772,0.83649737,-0.13575888,0
-1.7627138,1.7952622,-1.9511406,-0.79809076,0.43964329,-0.41202539,0
-0.0044350624,-2.1485515,1.4760586,-0.53088772,-0.83649737,0.13575888,0
1.4312084,1.5289227,0.2854358,0.53088772,0.83649737,-0.13575888,0
-2.823319,1.405791,-0.31233287,-0.79809076,0.43964329,-0.41202539,0
2.290977,-0.71589547,2.0796142,0.79809076,-0.43964329,0.41202539,0
-1.8972452,0.54690027,-1.9084831,0.28497273,-0.32708716,-0.90100205,0
2.3057711,-1.2088366,1.5249751,0.79809076,-0.43964329,0.41202539,0
-2.2451277,0.90753323,-1.9639405,-0.79809076,0.43964329,-0.41202539,0
1.8807312,-2.6661577,0.79327059,0.79809076,-0.43964329,0.41202539,0
1.5667779,1.4864211,0.55370343,0.53088772,0.83649737,-0.13575888,0
3.5678959,-0.13685584,0.22408199,0.79809076,-0.43964329,0.41202539,0
-0.57156301,2.4489431,-1.8776035,0.53088772,0.83649737,-0.13575888,0
0.13370702,0.036523223,-1.0808449,0.28497273,-0.32708716,-0.90100205,0
-1.5625416,3.287457,-0.58622611,0.53088772,0.83649737,-0.13575888,0
0.16714247,0.22809684,-1.139816,0.28497273,-0.32708716,-0.90100205,0
-1.2197831,2.3935573,-2.3643954,-0.79809076,0.43964329,-0.41202539,0
-0.90135503,-1.8615899,-0.26321065,-0.53088772,-0.83649737,0.13575888,0
-2.5521493,1.4392431,-0.21981168,-0.28497273,0.32708716,0.90100205,0
1.3925992,-0.84661174,1.8576746,-0.28497273,0.32708716,0.90100205,0
2.7034378,-0.21951321,1.8103346,0.79809076,-0.43964329,0.41202539,0
-3.2549543,0.47776318,-0.46649003,-0.79809076,0.43964329,-0.41202539,0
-1.9268975,2.504117,-0.40863109,-0.28497273,0.32708716,0.90100205,0
-0.16991699,0.81306291,0.76097041,-0.28497273,0.32708716,0.90100205,0
3.1514347,-0.085374355,1.0856977,0.79809076,-0.43964329,0.41202539,0
0.91729665,-2.9003222,0.44836682,-0.53088772,-0.83649737,0.13575888,0
2.2743435,-2.2008293,0.52736473,0.79809076,-0.43964329,0.41202539,0
2.4763265,-1.5637441,0.81591392,0.79809076,-0.43964329,0.41202539,0
0.089184523,2.1356072,-1.2244024,0.53088772,0.83649737,-0.13575888,0
2.8081956,0.6019212,-0.041676283,0.53088772,0.83649737,-0.13575888,0
-2.8983274,0.53599787,-0.0014007092,-0.28497273,0.32708716,0.90100205,0
1.8819104,-0.24392527,1.7936451,-0.28497273,0.32708716,0.90100205,0
-3.4269464,0.297822,-0.32534456,-0.79809076,0.43964329,-0.41202539,0
-0.37785929,0.30378401,0.88008308,-0.28497273,0.32708716,0.90100205,0
0.11436319,-0.30998164,1.2585781,-0.28497273,0.32708716,0.90100205,0
-2.759304,0.70124185,-1.188103,-0.79809076,0.43964329,-0.41202539,0
-1.9120404,2.5387058,-0.86861944,-0.79809076,0.43964329,-0.41202539,0
2.0847242,-2.1632638,0.93473995,0.79809076,-0.43964329,0.41202539,0
0.92263305,1.6748292,-0.80433321,0.53088772,0.83649737,-0.13575888,0
-3.1064487,0.56119239,-0.6651237,-0.79809076,0.43964329,-0.41202539,0
-3.1614084,-0.58429617,-1.2309685,-0.53088772,-0.83649737,0.13575888,0
-0.68814909,-0.84090221,-1.0222567,0.28497273,-0.32708716,-0.90100205,0
-1.8614948,-1.3799555,-1.0501984,-0.53088772,-0.83649737,0.13575888,0
2.4190049,0.0021052361,-0.34554684,0.28497273,-0.32708716,-0.90100205,0
-1.0264708,-1.2758204,-0.97137606,0.28497273,-0.32708716,-0.90100205,0
-1.6782175,3.1154265,-0.70615482,-0.79809076,0.43964329,-0.41202539,0
3.1302772,0.2088291,1.4406025,0.79809076,-0.43964329,0.41202539,0
3.0737212,0.70801008,1.6503472,0.53088772,0.83649737,-0.13575888,0
0.54042554,-1.8614993,-0.26317483,0.28497273,-0.32708716,-0.90100205,0
-0.5522567,-1.2651494,-0.82526356,0.28497273,-0.32708716,-0.90100205,0
-2.1947522,0.75747848,0.14072573,-0.28497273,0.32708716,0.90100205,0
0.8514601,-2.7407382,1.1742105,-0.53088772,-0.83649737,0.13575888,0
1.6377118,0.013752609,1.6228652,-0.28497273,0.32708716,0.90100205,0
3.2104707,-0.75861573,0.18094277,0.28497273,-0.32708716,-0.90100205,0
2.8845408,0.62451148,0.39606547,0.53088772,0.83649737,-0.13575888,0
2.3180876,-2.0790777,0.57254529,0.79809076,-0.43964329,0.41202539,0
2.7686903,0.043795377,1.9648985,0.79809076,-0.43964329,0.41202539,0
-0.69618285,2.4926405,-2.0956833,0.53088772,0.83649737,-0.13575888,0
2.3321917,-1.0672864,0.015212536,0.28497273,-0.32708716,-0.90100205,0
2.8564143,-0.9001497,0.78776097,0.79809076,-0.43964329,0.41202539,0
-0.54402876,0.026643276,-1.2916154,0.28497273,-0.32708716,-0.90100205,0
3.0107722,0.51515555,0.21588397,0.53088772,0.83649737,-0.13575888,0
2.5020382,-0.70270926,1.6848594,0.79809076,-0.43964329,0.41202539,0
0.52211642,0.5446654,-1.1424661,0.28497273,-0.32708716,-0.90100205,0
-2.7421651,-0.83555794,-1.6738499,0.28497273,-0.32708716,-0.90100205,0
2.2776511,0.49008834,-0.56740522,0.28497273,-0.32708716,-0.90100205,0
2.9156599,0.74035865,1.2315657,0.53088772,0.83649737,-0.13575888,0
-2.5442107,0.53101194,-1.7863781,-0.79809076,0.43964329,-0.41202539,0
-0.45981455,2.397903,0.093942285,-0.28497273,0.32708716,0.90100205,0
3.1981971,-0.21590936,0.85583401,0.79809076,-0.43964329,0.41202539,0
-3.0293126,0.89535642,-0.45797253,-0.79809076,0.43964329,-0.41202539,0
1.7031797,-0.36640516,1.7815789,-0.28497273,0.32708716,0.90100205,0
-2.5444245,-0.69210768,0.51746321,-0.53088772,-0.83649737,0.13575888,0
1.1582563,1.6360786,-0.12169129,0.53088772,0.83649737,-0.13575888,0
1.3164153,1.4027269,-0.94103688,0.53088772,0.83649737,-0.13575888,0
1.278302,1.6635901,0.51726592,0.53088772,0.83649737,-0.13575888,0
2.0781667,-0.79272246,-0.16480529,0.28497273,-0.32708716,-0.90100205,0
-0.53599888,0.041613936,0.92524046,-0.28497273,0.32708716,0.90100205,0
-3.1804285,-0.00041770935,-1.121079,-0.79809076,0.43964329,-0.41202539,0
1.6067802,1.2541852,1.1627729,-0.28497273,0.32708716,0.90100205,0
1.3970151,-2.7365155,1.6551516,0.79809076,-0.43964329,0.41202539,0
-1.492589,2.2554009,-1.9833891,-0.79809076,0.43964329,-0.41202539,0
3.1070795,-0.70726705,0.50803494,0.79809076,-0.43964329,0.41202539,0
-2.0730994,-1.1358986,-0.37388957,-0.53088772,-0.83649737,0.13575888,0
-1.5035388,1.8294872,-0.029821396,-0.28497273,0.32708716,0.90100205,0
3.0370691,-0.059218526,1.3351319,0.79809076,-0.43964329,0.41202539,0
0.89382267,-1.6621058,-0.22378582,0.28497273,-0.32708716,-0.90100205,0
-1.8735776,2.4200811,-1.0696976,-0.79809076,0.43964329,-0.41202539,0
2.1262817,-1.2806541,1.796014,0.79809076,-0.43964329,0.41202539,0
-0.10012424,1.4364071,-1.6629963,0.28497273,-0.32708716,-0.90100205,0
-0.39870071,2.521138,-0.7567839,0.53088772,0.83649737,-0.13575888,0
0.55910611,1.8766165,-0.98257083,0.53088772,0.83649737,-0.13575888,0
-0.22902513,-2.2796347,-0.20989344,-0.53088772,-0.83649737,0.13575888,0
-1.604265,1.4969192,0.059051394,-0.28497273,0.32708716,0.90100205,0
-0.076387584,0.68702137,0.83630878,-0.28497273,0.32708716,0.90100205,0
2.0128574,1.0145158,-0.60960305,0.53088772,0.83649737,-0.13575888,0
-1.9125383,-0.94317174,0.84736574,-0.28497273,0.32708716,0.90100205,0
-0.15850806,-1.8319899,-0.4949491,0.28497273,-0.32708716,-0.90100205,0
2.6395154,-0.35156745,1.793246,0.79809076,-0.43964329,0.41202539,0
-1.9508269,2.3557327,-0.98872793,-0.79809076,0.43964329,-0.41202539,0
-0.3609755,-1.3608283,1.4897206,-0.28497273,0.32708716,0.90100205,0
1.3975116,-2.6867709,1.707269,0.79809076,-0.43964329,0.41202539,0
-1.8300047,-1.3510485,-0.74893975,-0.53088772,-0.83649737,0.13575888,0
1.2919739,-0.83840477,-0.39688182,0.28497273,-0.32708716,-0.90100205,0
-2.1217971,1.4971011,-0.10470176,-0.28497273,0.32708716,0.90100205,0
-2.3310738,0.64799875,-2.0743942,-0.79809076,0.43964329,-0.41202539,0
2.8811903,0.4664447,1.8518188,-0.28497273,0.32708716,0.90100205,0
3.0524058,-0.84629416,0.46559191,0.79809076,-0.43964329,0.41202539,0
-3.2567241,0.50693154,-0.43193793,-0.79809076,0.43964329,-0.41202539,0
-0.37025228,-0.14124554,-1.1757046,0.28497273,-0.32708716,-0.90100205,0
-2.1757374,-1.0706481,-0.37320709,-0.53088772,-0.83649737,0.13575888,0
-3.0717716,0.72058058,-0.56222057,-0.79809076,0.43964329,-0.41202539,0
2.4862456,-0.35057324,2.0235028,-0.28497273,0.32708716,0.90100205,0
-1.1253527,-1.6407833,0.22137147,-0.53088772,-0.83649737,0.13575888,0
1.832536,-2.9036393,0.63322437,0.79809076,-0.43964329,0.41202539,0
-2.9147825,0.41468108,-1.1927114,-0.79809076,0.43964329,-0.41202539,0
2.9282134,-0.69041562,0.8724792,0.79809076,-0.43964329,0.41202539,0
2.9155955,0.75930303,1.3480401,0.53088772,0.83649737,-0.13575888,0
0.50321513,-0.83743083,1.5730437,-0.28497273,0.32708716,0.90100205,0
-2.0239072,2.2515993,-0.95828521,-0.79809076,0.43964329,-0.41202539,0
3.3112791,-0.35260344,0.49093843,0.79809076,-0.43964329,0.41202539,0
-0.46837869,-0.43264216,1.118795,-0.28497273,0.32708716,0.90100205,0
2.8340507,0.66278291,0.43443418,0.53088772,0.83649737,-0.13575888,0
-3.1349218,0.3591342,-0.82557321,-0.79809076,0.43964329,-0.41202539,0
-1.3957275,-0.44991267,-1.3879921,0.28497273,-0.32708716,-0.90100205,0
1.5800052,-1.84392,2.2531266,0.79809076,-0.43964329,0.41202539,0
-3.081044,0.55189455,-0.7242527,-0.79809076,0.43964329,-0.41202539,0
1.8276825,-2.1821442,1.412482,0.79809076,-0.43964329,0.41202539,0
-2.7054353,-0.80772096,-0.82454062,-0.53088772,-0.83649737,0.13575888,0
-1.4330931,-1.5099771,-0.17607248,-0.53088772,-0.83649737,0.13575888,0
-1.3126339,2.9318762,-1.6101418,-0.79809076,0.43964329,-0.41202539,0
-2.1735945,-1.1129973,-0.62577057,-0.53088772,-0.83649737,0.13575888,0
-2.1947577,1.0913146,-1.8654066,-0.79809076,0.43964329,-0.41202539,0
2.8250642,-0.89178848,0.85740733,0.79809076,-0.43964329,0.41202539,0
-2.8097048,0.8283577,-0.95484114,-0.79809076,0.43964329,-0.41202539,0
-2.5000796,-1.0319393,-1.4030448,-0.53088772,-0.83649737,0.13575888,0
3.2094877,0.3959434,0.25841999,0.53088772,0.83649737,-0.13575888,0
1.1063099,0.71333182,1.2008259,-0.28497273,0.32708716,0.90100205,0
-2.8041677,0.99063349,-0.79241276,-0.79809076,0.43964329,-0.41202539,0
-2.7250142,0.14976516,-1.8429646,-0.79809076,0.43964329,-0.41202539,0
-1.4573629,2.137152,-2.1777968,-0.79809076,0.43964329,-0.41202539,0
0.33205843,0.50347704,1.032125,-0.28497273,0.32708716,0.90100205,0
-1.1617367,3.0186367,-0.67524314,0.53088772,0.83649737,-0.13575888,0
1.790328,-2.1441298,1.5254,0.79809076,-0.43964329,0.41202539,0
-2.9044738,-0.74180782,-1.1967511,-0.53088772,-0.83649737,0.13575888,0
-3.6868637,0.01109457,-0.1278336,-0.79809076,0.43964329,-0.41202539,0
1.7556541,0.42049462,1.5125108,-0.28497273,0.32708716,0.90100205,0
-0.92989349,2.6765475,-1.876446,0.53088772,0.83649737,-0.13575888,0
1.8634623,-2.4493663,1.058043,0.79809076,-0.43964329,0.41202539,0
-0.99908066,-1.8671594,-0.67968714,-0.53088772,-0.83649737,0.13575888,0
0.80996388,-0.82189667,-0.55532694,0.28497273,-0.32708716,-0.90100205,0
1.7343965,-1.6066141,2.2072842,0.79809076,-0.43964329,0.41202539,0
-0.81175041,2.8529375,-0.32759303,0.53088772,0.83649737,-0.13575888,0
0.84943593,-2.6574864,1.6792616,-0.53088772,-0.83649737,0.13575888,0
3.1385193,-0.40956271,0.76479578,0.79809076,-0.43964329,0.41202539,0
0.47553501,-0.025530338,1.2695479,-0.28497273,0.32708716,0.90100205,0
-3.0729094,-0.34438586,-1.6963677,-0.79809076,0.43964329,-0.41202539,0
1.6891233,1.4039873,0.52421165,0.53088772,0.83649737,-0.13575888,0
-2.0035009,1.9988964,-1.2674534,-0.79809076,0.43964329,-0.41202539,0
-2.7120187,0.93031311,-1.0352688,-0.79809076,0.43964329,-0.41202539,0
1.7592691,-2.8241897,0.47180772,0.28497273,-0.32708716,-0.90100205,0
1.4297094,1.4601278,1.0320055,-0.28497273,0.32708716,0.90100205,0
2.2747002,0.907915,-0.24249804,0.53088772,0.83649737,-0.13575888,0
1.8910649,-1.3644676,2.1621959,0.79809076,-0.43964329,0.41202539,0
-0.11072493,2.2000978,-1.6087835,0.53088772,0.83649737,-0.13575888,0
-1.5937982,2.2714698,-1.7702014,-0.79809076,0.43964329,-0.41202539,0
1.661541,1.3309873,-0.033449292,0.53088772,0.83649737,-0.13575888,0
0.94802785,-2.8476412,0.89314079,-0.53088772,-0.83649737,0.13575888,0
-0.13417137,2.190938,-1.7569082,0.53088772,0.83649737,-0.13575888,0
1.9053665,-2.603406,0.81250978,0.79809076,-0.43964329,0.41202539,0
1.9399743,0.1997509,-0.56880701,0.28497273,-0.32708716,-0.90100205,0
-0.078101158,-2.103822,1.463593,-0.53088772,-0.83649737,0.13575888,0
0.53153729,1.3168098,0.79995626,-0.28497273,0.32708716,0.90100205,0
-0.7628541,2.7293792,-0.89770484,0.53088772,0.83649737,-0.13575888,0
1.2318338,-2.9162292,1.5803552,-0.53088772,-0.83649737,0.13575888,0
2.8362484,-0.098643243,1.6820532,0.79809076,-0.43964329,0.41202539,0
2.0685544,1.0794797,0.008485198,0.53088772,0.83649737,-0.13575888,0
-1.0884912,-1.422673,-0.93768072,0.28497273,-0.32708716,-0.90100205,0
1.5130632,-2.4111352,1.7775574,0.79809076,-0.43964329,0.41202539,0
-2.9696074,-0.54580033,-0.24372935,-0.53088772,-0.83649737,0.13575888,0
3.1013713,0.090605497,1.3704453,0.79809076,-0.43964329,0.41202539,0
1.4730976,-2.7444425,1.4993219,0.79809076,-0.43964329,0.41202539,0
2.7073655,-1.0809609,0.88353634,0.79809076,-0.43964329,0.41202539,0
-1.2185221,2.9007258,-1.6238264,0.53088772,0.83649737,-0.13575888,0
-1.1169097,-0.51900554,0.94502699,-0.28497273,0.32708716,0.90100205,0
3.1035545,-0.44293702,0.79691124,0.79809076,-0.43964329,0.41202539,0
-2.1549625,2.0529771,-0.91636753,-0.79809076,0.43964329,-0.41202539,0
-1.6519263,2.985045,-0.89620209,-0.79809076,0.43964329,-0.41202539,0
-1.0083859,2.7454491,-1.7588443,0.53088772,0.83649737,-0.13575888,0
-0.65356982,0.028530419,-1.3269465,0.28497273,-0.32708716,-0.90100205,0
0.038231611,1.4901239,0.58101386,-0.28497273,0.32708716,0.90100205,0
0.45835495,1.9800012,-0.73954076,0.53088772,0.83649737,-0.13575888,0
1.1340234,-1.6553409,-0.1502701,0.28497273,-0.32708716,-0.90100205,0
-1.896091,-1.1574714,0.18537998,-0.53088772,-0.83649737,0.13575888,0
-1.7906382,2.8378766,-0.78455067,-0.79809076,0.43964329,-0.41202539,0
-1.8605736,-0.54609358,0.7196517,-0.28497273,0.32708716,0.90100205,0
-0.15391672,-1.1723783,1.4867978,-0.28497273,0.32708716,0.90100205,0
0.017343998,-2.248122,0.94770813,-0.53088772,-0.83649737,0.13575888,0
2.4288895,-1.1585162,1.3401889,0.79809076,-0.43964329,0.41202539,0
1.8936937,-2.5531909,0.4159447,0.28497273,-0.32708716,-0.90100205,0
-0.65466404,2.7014387,-0.64678544,0.53088772,0.83649737,-0.13575888,0
1.8967341,1.2676817,1.2495811,-0.28497273,0.32708716,0.90100205,0
-0.12134945,1.2388675,0.62175357,-0.28497273,0.32708716,0.90100205,0
1.6618603,0.63102847,1.4064159,-0.28497273,0.32708716,0.90100205,0
3.4098661,-0.32244253,0.33215857,0.79809076,-0.43964329,0.41202539,0
-2.2620931,1.1010853,-1.7245532,-0.79809076,0.43964329,-0.41202539,0
0.60751271,-0.74127364,-0.64862722,0.28497273,-0.32708716,-0.90100205,0
-0.96367717,2.665144,-2.0788224,0.53088772,0.83649737,-0.13575888,0
-2.0857086,1.8064104,-1.3136059,-0.79809076,0.43964329,-0.41202539,0
-3.3377879,0.1491009,-0.65673423,-0.79809076,0.43964329,-0.41202539,0
-0.5541802,-0.62843537,1.1627355,-0.28497273,0.32708716,0.90100205,0
3.4257362,0.18562162,0.84353781,0.79809076,-0.43964329,0.41202539,0
2.1916177,-2.1906447,0.69847143,0.79809076,-0.43964329,0.41202539,0
2.9696364,0.28446081,1.8324642,0.79809076,-0.43964329,0.41202539,0
-2.0496092,-0.71877182,-1.4972016,0.28497273,-0.32708716,-0.90100205,0
-0.0052497387,-2.3464041,0.25377491,-0.53088772,-0.83649737,0.13575888,0
3.291985,0.4975307,1.4354291,0.79809076,-0.43964329,0.41202539,0
-3.0594251,-0.015775442,0.1479547,-0.28497273,0.32708716,0.90100205,0
0.89493704,1.7468328,-0.46897885,0.53088772,0.83649737,-0.13575888,0
-0.70368975,-0.34078991,-1.2087258,0.28497273,-0.32708716,-0.90100205,0
1.8188039,-1.5936117,2.0576613,0.79809076,-0.43964329,0.41202539,0
-0.5087713,2.4121704,-1.8586359,0.53088772,0.83649737,-0.13575888,0
0.55365205,-1.5987716,1.8653824,-0.28497273,0.32708716,0.90100205,0
0.82201016,-2.6133423,1.8440132,-0.53088772,-0.83649737,0.13575888,0
1.4125915,-0.042694032,1.5721548,-0.28497273,0.32708716,0.90100205,0
0.19872284,0.40033752,1.0273955,-0.28497273,0.32708716,0.90100205,0
1.1785033,0.31296623,-0.85074848,0.28497273,-0.32708716,-0.90100205,0
-1.017061,-1.753535,-0.049885869,-0.53088772,-0.83649737,0.13575888,0
-1.0825115,2.1729958,-2.2411106,0.28497273,-0.32708716,-0.90100205,0
1.4442528,1.3560325,1.0743947,-0.28497273,0.32708716,0.90100205,0
0.12816525,2.2535965,-0.3449575,0.53088772,0.83649737,-0.13575888,0
-0.60898948,2.7290466,-0.29806304,0.53088772,0.83649737,-0.13575888,0
2.1753042,-0.92312378,2.0825529,0.79809076,-0.43964329,0.41202539,0
-1.9814084,0.33708751,0.36081576,-0.28497273,0.32708716,0.90100205,0
-0.251966,-2.2842731,-0.32818449,-0.53088772,-0.83649737,0.13575888,0
-3.3153591,-0.41235828,-0.77357769,-0.53088772,-0.83649737,0.13575888,0
-0.93440998,-0.06278199,-1.3826232,0.28497273,-0.32708716,-0.90100205,0
1.3640244,-3.1718884,0.52201104,-0.53088772,-0.83649737,0.13575888,0
-2.3144329,1.5804965,-0.19590425,-0.28497273,0.32708716,0.90100205,0
-1.3471861,0.92912221,-1.8732647,0.28497273,-0.32708716,-0.90100205,0
-1.2753546,-1.6302547,-0.30034,-0.53088772,-0.83649737,0.13575888,0
3.2349253,-0.041498423,0.97079372,0.79809076,-0.43964329,0.41202539,0
-2.3644238,0.53492355,-2.0518966,0.28497273,-0.32708716,-0.90100205,0
0.29050398,-2.4580522,-0.12565678,0.28497273,-0.32708716,-0.90100205,0
1.2091337,0.68901753,1.2421741,-0.28497273,0.32708716,0.90100205,0
-2.9018388,-0.59232235,-0.26537204,-0.53088772,-0.83649737,0.13575888,0
-3.1892996,-0.28985411,-1.4127336,-0.79809076,0.43964329,-0.41202539,0
3.2676396,-0.2646383,0.6693294,0.79809076,-0.43964329,0.41202539,0
1.4829254,-2.2540741,2.0035224,0.79809076,-0.43964329,0.41202539,0
0.0079681948,-0.2119984,1.1893566,-0.28497273,0.32708716,0.90100205,0
0.47248793,1.8304878,-1.6055206,0.53088772,0.83649737,-0.13575888,0
1.8725853,-2.0334389,1.4841783,0.79809076,-0.43964329,0.41202539,0
-2.1502588,0.28522375,-1.893512,0.28497273,-0.32708716,-0.90100205,0
-2.9115582,1.2267736,-0.33243036,-0.79809076,0.43964329,-0.41202539,0
0.14728713,2.0705309,-1.3981674,0.53088772,0.83649737,-0.13575888,0
-2.6005337,0.87781024,-1.3072364,-0.79809076,0.43964329,-0.41202539,0
-0.14480972,0.43828344,0.90496618,-0.28497273,0.32708716,0.90100205,0
2.3028066,-1.7038589,1.0025141,0.79809076,-0.43964329,0.41202539,0
-0.98109818,-1.7721573,-0.02399677,-0.53088772,-0.83649737,0.13575888,0
-2.356529,-0.22605957,-1.7731428,0.28497273,-0.32708716,-0.90100205,0
-1.4035429,2.9168634,-0.39293993,-0.28497273,0.32708716,0.90100205,0
2.0230417,-2.3690221,0.83466828,0.79809076,-0.43964329,0.41202539,0
-3.4312844,-0.25474167,-0.90654397,-0.79809076,0.43964329,-0.41202539,0
-3.241761,-0.37207699,-0.23757243,-0.53088772,-0.83649737,0.13575888,0
3.3733411,-0.38469839,0.33647823,0.79809076,-0.43964329,0.41202539,0
-0.85930753,-1.8791003,-0.2066775,-0.53088772,-0.83649737,0.13575888,0
1.8452353,-1.076699,2.0843639,-0.28497273,0.32708716,0.90100205,0
-1.416224,2.7789991,-1.572613,-0.79809076,0.43964329,-0.41202539,0
-2.0549834,2.2989779,-0.84753668,-0.79809076,0.43964329,-0.41202539,0
-3.3086782,-0.4863869,-1.2035878,-0.53088772,-0.83649737,0.13575888,0
-2.6042562,0.99188411,-0.073889256,-0.28497273,0.32708716,0.90100205,0
0.93697166,-2.671217,0.15619504,0.28497273,-0.32708716,-0.90100205,0
2.200537,-2.1038232,0.77383578,0.79809076,-0.43964329,0.41202539,0
2.1776664,-0.90735674,2.0948009,0.79809076,-0.43964329,0.41202539,0
2.6167307,-0.43929896,1.743768,0.79809076,-0.43964329,0.41202539,0
2.8397303,-1.2955242,0.39820147,0.79809076,-0.43964329,0.41202539,0
0.53692842,1.7431897,0.64687431,-0.28497273,0.32708716,0.90100205,0
-1.8939006,2.0428588,-1.4328398,-0.79809076,0.43964329,-0.41202539,0
-1.4137007,2.3909407,-1.9915702,-0.79809076,0.43964329,-0.41202539,0
2.4488347,-1.1632172,1.2965397,0.79809076,-0.43964329,0.41202539,0
-0.67791808,2.5000815,-1.9784104,0.53088772,0.83649737,-0.13575888,0
-1.7133749,1.3067565,-2.1261754,0.28497273,-0.32708716,-0.90100205,0
0.88668025,-1.4614455,-0.29888982,0.28497273,-0.32708716,-0.90100205,0
-2.4402475,1.7488999,-0.68823171,-0.79809076,0.43964329,-0.41202539,0
-1.9204056,2.0965025,-1.3242601,-0.79809076,0.43964329,-0.41202539,0
2.6330893,0.97743726,1.5873607,0.53088772,0.83649737,-0.13575888,0
3.2203999,-0.75263453,0.24012566,0.79809076,-0.43964329,0.41202539,0
-2.2944839,-0.97471499,-0.24646354,-0.53088772,-0.83649737,0.13575888,0
0.29402584,1.0178162,-1.3863735,0.28497273,-0.32708716,-0.90100205,0
0.33884895,-2.3328524,1.6828817,-0.53088772,-0.83649737,0.13575888,0
3.2504978,-0.30723751,0.6570785,0.79809076,-0.43964329,0.41202539,0
-1.5971371,2.3393731,-0.24452686,-0.28497273,0.32708716,0.90100205,0
1.8812592,0.91814423,1.3715779,-0.28497273,0.32708716,0.90100205,0
-2.2678173,-1.1121373,-0.98893046,-0.53088772,-0.83649737,0.13575888,0
-1.1304938,-1.6414807,0.19697112,-0.53088772,-0.83649737,0.13575888,0
0.43573171,0.076957464,-0.99999797,0.28497273,-0.32708716,-0.90100205,0
1.408255,0.7367022,1.2878423,-0.28497273,0.32708716,0.90100205,0
-1.3209248,0.55097693,-1.7276821,0.28497273,-0.32708716,-0.90100205,0
-2.1343176,1.9359729,-1.0812039,-0.79809076,0.43964329,-0.41202539,0
-3.4061859,-0.33451641,-1.0402818,-0.79809076,0.43964329,-0.41202539,0
1.7512324,1.4337678,0.95058811,0.53088772,0.83649737,-0.13575888,0
0.7633909,-2.6027787,1.6798705,-0.53088772,-0.83649737,0.13575888,0
2.1188536,-0.99615544,2.1139703,0.79809076,-0.43964329,0.41202539,0
1.3919882,-0.25595838,1.6430589,-0.28497273,0.32708716,0.90100205,0
-1.8349298,-1.2561259,-0.18332255,-0.53088772,-0.83649737,0.13575888,0
-1.4335845,2.4794943,-1.8585662,-0.79809076,0.43964329,-0.41202539,0
1.0431981,-2.8592286,1.19391,-0.53088772,-0.83649737,0.13575888,0
-1.6612767,-1.1800919,0.96424687,-0.53088772,-0.83649737,0.13575888,0
-2.6943369,0.42171431,-1.6122084,-0.79809076,0.43964329,-0.41202539,0
1.95472,-2.4153235,0.91760218,0.79809076,-0.43964329,0.41202539,0
-2.5586126,0.52144045,-1.7686945,-0.79809076,0.43964329,-0.41202539,0
-1.6187389,2.0481105,-0.14562321,-0.28497273,0.32708716,0.90100205,0
1.9333932,1.0254579,-0.85292947,0.53088772,0.83649737,-0.13575888,0
-2.608562,1.682876,-0.432657,-0.79809076,0.43964329,-0.41202539,0
-0.88758588,-1.6597781,1.0341251,-0.53088772,-0.83649737,0.13575888,0
-0.26296973,-2.0660958,0.97311509,-0.53088772,-0.83649737,0.13575888,0
-1.5291356,3.0520918,-1.0625055,-0.79809076,0.43964329,-0.41202539,0
-2.1457062,-1.0476475,-0.11404991,-0.53088772,-0.83649737,0.13575888,0
3.7157104,0.050913572,0.1120677,0.53088772,0.83649737,-0.13575888,0
1.7215098,-2.805867,0.95260692,0.79809076,-0.43964329,0.41202539,0
0.71468806,1.9156868,-0.13342792,0.53088772,0.83649737,-0.13575888,0
-2.2644539,1.1709377,-1.6454457,-0.79809076,0.43964329,-0.41202539,0
2.1445608,1.0565782,0.16459835,0.53088772,0.83649737,-0.13575888,0
-0.30678129,2.3826981,-1.2503489,0.53088772,0.83649737,-0.13575888,0
2.2866144,-1.2989494,1.4659283,0.79809076,-0.43964329,0.41202539,0
0.22444034,-2.463625,0.42970976,-0.53088772,-0.83649737,0.13575888,0
0.59259558,-1.0243313,1.669163,-0.28497273,0.32708716,0.90100205,0
-2.5260215,-0.89135039,-0.63823378,-0.53088772,-0.83649737,0.13575888,0
-2.4883654,-1.0185364,-1.2746534,-0.53088772,-0.83649737,0.13575888,0
-3.4589384,-0.058408499,0.037071705,-0.28497273,0.32708716,0.90100205,0
-1.4633702,-0.46431029,0.81559145,-0.28497273,0.32708716,0.90100205,0
2.151082,-1.4110866,0.082738876,0.28497273,-0.32708716,-0.90100205,0
-2.0604753,1.9165508,-1.2449597,-0.79809076,0.43964329,-0.41202539,0
1.5796375,-1.9563644,2.1338573,0.79809076,-0.43964329,0.41202539,0
1.2783898,0.20326316,-0.77933073,0.28497273,-0.32708716,-0.90100205,0
-1.9133695,-1.1444848,0.19783068,-0.53088772,-0.83649737,0.13575888,0
-1.0335934,2.3288352,-2.2822123,0.28497273,-0.32708716,-0.90100205,0
1.6931131,0.78652179,-0.85989839,0.28497273,-0.32708716,-0.90100205,0
0.96498799,1.7691586,-0.057479382,0.53088772,0.83649737,-0.13575888,0
-2.7626529,0.78920257,-1.0877597,-0.79809076,0.43964329,-0.41202539,0
0.16990066,2.0859251,-1.2148832,0.53088772,0.83649737,-0.13575888,0
3.1133087,-0.64967239,0.55742455,0.79809076,-0.43964329,0.41202539,0
2.2255914,-1.009079,1.8934299,0.79809076,-0.43964329,0.41202539,0
1.7684584,-0.52124679,1.8584371,-0.28497273,0.32708716,0.90100205,0
-0.50141788,2.5022743,-1.2746935,0.53088772,0.83649737,-0.13575888,0
-1.6104488,2.5728436,-1.4163747,-0.79809076,0.43964329,-0.41202539,0
0.78394258,-0.15741956,-0.80477941,0.28497273,-0.32708716,-0.90100205,0
1.0846716,-0.51472008,-0.57995427,0.28497273,-0.32708716,-0.90100205,0
-3.035079,1.0601594,-0.27095294,-0.79809076,0.43964329,-0.41202539,0
-0.44846702,-1.8597784,1.5189774,-0.53088772,-0.83649737,0.13575888,0
0.62948632,1.9156468,-0.46685728,0.53088772,0.83649737,-0.13575888,0
1.4144387,-0.10422504,-0.6246745,0.28497273,-0.32708716,-0.90100205,0
-0.48435366,2.2000823,-2.0617559,0.28497273,-0.32708716,-0.90100205,0
3.051368,-0.39245903,0.95185781,0.79809076,-0.43964329,0.41202539,0
-1.8279171,1.3202211,0.052459598,-0.28497273,0.32708716,0.90100205,0
-2.1496994,2.0281615,-0.95304132,-0.79809076,0.43964329,-0.41202539,0
2.4356279,-1.5532053,0.90599144,0.79809076,-0.43964329,0.41202539,0
-2.0290349,-0.27581459,-1.6514993,0.28497273,-0.32708716,-0.90100205,0
1.5130644,-1.536821,-0.073411226,0.28497273,-0.32708716,-0.90100205,0
1.0548935,-2.8285141,0.25059462,0.28497273,-0.32708716,-0.90100205,0
1.7378352,-2.1227508,1.6498903,0.79809076,-0.43964329,0.41202539,0
1.7131701,-2.6472518,1.1380082,0.79809076,-0.43964329,0.41202539,0
0.11561084,-1.0639522,1.5326836,-0.28497273,0.32708716,0.90100205,0
2.0265889,-2.5315511,0.65437436,0.79809076,-0.43964329,0.41202539,0
0.58740211,1.8638332,-0.95068634,0.53088772,0.83649737,-0.13575888,0
0.072653413,-1.1980135,1.5677646,-0.28497273,0.32708716,0.90100205,0
-2.2654881,1.9294486,-0.83408892,-0.79809076,0.43964329,-0.41202539,0
2.1051335,-1.011342,2.1243415,0.79809076,-0.43964329,0.41202539,0
2.9299173,-0.67115426,0.88973069,0.79809076,-0.43964329,0.41202539,0
3.3451829,0.045237184,0.8497746,0.79809076,-0.43964329,0.41202539,0
-1.082296,0.54031122,0.57141536,-0.28497273,0.32708716,0.90100205,0
-0.91731358,0.62424904,-1.6266259,0.28497273,-0.32708716,-0.90100205,0
-3.1291776,-0.58364683,-1.8426747,-0.79809076,0.43964329,-0.41202539,0
2.2328331,-1.9805398,0.84282577,0.79809076,-0.43964329,0.41202539,0
1.5525376,-2.5979087,1.5018032,0.79809076,-0.43964329,0.41202539,0
-0.40881178,0.98675996,-1.5973957,0.28497273,-0.32708716,-0.90100205,0
1.9758298,1.0025896,-0.82788527,0.53088772,0.83649737,-0.13575888,0
-0.74614835,2.709656,-0.95390493,0.53088772,0.83649737,-0.13575888,0
-0.9699707,-1.473377,-0.88178778,0.28497273,-0.32708716,-0.90100205,0
0.80222929,0.5511893,-1.056239,0.28497273,-0.32708716,-0.90100205,0
-2.5325317,1.8091475,-0.4451921,-0.79809076,0.43964329,-0.41202539,0
1.2469893,1.4027519,-1.2123743,0.53088772,0.83649737,-0.13575888,0
-1.4438702,-1.364048,0.6809479,-0.53088772,-0.83649737,0.13575888,0
-0.82953858,1.978889,-2.0906336,0.28497273,-0.32708716,-0.90100205,0
1.6765836,-3.1168413,0.55189586,0.28497273,-0.32708716,-0.90100205,0
-0.17861629,2.4763792,-0.1719299,0.53088772,0.83649737,-0.13575888,0
-0.27864885,2.564111,-0.022534877,0.53088772,0.83649737,-0.13575888,0
-1.6538653,2.2468617,-1.6801093,-0.79809076,0.43964329,-0.41202539,0
0.34029377,0.69412923,0.96551806,-0.28497273,0.32708716,0.90100205,0
2.2959399,1.1228557,1.1649467,0.53088772,0.83649737,-0.13575888,0
-0.16612935,2.3557491,-0.86637473,0.53088772,0.83649737,-0.13575888,0
-0.35325766,2.5546501,-0.37258813,0.53088772,0.83649737,-0.13575888,0
-1.6548889,2.560286,-1.3436937,-0.79809076,0.43964329,-0.41202539,0
-1.4106348,2.7506413,-1.613698,-0.79809076,0.43964329,-0.41202539,0
-2.8863337,0.50612998,-1.1502376,-0.79809076,0.43964329,-0.41202539,0
-3.1221247,-0.09358418,-1.3334246,-0.79809076,0.43964329,-0.41202539,0
1.1980768,0.40061337,1.3433752,-0.28497273,0.32708716,0.90100205,0
2.0214,-0.26343596,1.8448464,-0.28497273,0.32708716,0.90100205,0
-2.6021042,1.3681605,-0.78097677,-0.79809076,0.43964329,-0.41202539,0
0.46752453,1.2231661,-1.4060459,0.28497273,-0.32708716,-0.90100205,0
3.1714768,-0.64903712,0.44543052,0.79809076,-0.43964329,0.41202539,0
-1.1336347,2.926862,-1.1308334,0.53088772,0.83649737,-0.13575888,0
-0.11697757,2.1561766,-1.9038618,0.53088772,0.83649737,-0.13575888,0
0.031590104,1.7895077,-1.7495217,0.28497273,-0.32708716,-0.90100205,0
-1.5560628,1.8773173,-2.2638669,-0.79809076,0.43964329,-0.41202539,0
-1.9681692,1.4007568,-1.9741232,-0.79809076,0.43964329,-0.41202539,0
-2.3829284,-1.063761,-1.1409955,-0.53088772,-0.83649737,0.13575888,0
1.2546381,1.543233,-0.31686813,0.53088772,0.83649737,-0.13575888,0
-3.3110113,-0.0091047287,0.065960169,-0.28497273,0.32708716,0.90100205,0
-2.5295739,-0.14677,0.36309266,-0.28497273,0.32708716,0.90100205,0
-0.30284983,-0.53172421,-1.0126325,0.28497273,-0.32708716,-0.90100205,0
0.92917949,-0.79826093,1.6935498,-0.28497273,0.32708716,0.90100205,0
-2.9218216,0.042549968,-1.5761514,-0.79809076,0.43964329,-0.41202539,0
1.3850216,-0.5952127,1.7640135,-0.28497273,0.32708716,0.90100205,0
-2.9003794,-0.74581993,-1.2054613,-0.53088772,-0.83649737,0.13575888,0
-1.1068172,-1.6574249,0.19131529,-0.53088772,-0.83649737,0.13575888,0
1.2947341,-2.7965779,1.7891808,0.79809076,-0.43964329,0.41202539,0
3.3841853,-0.38773251,0.31223559,0.79809076,-0.43964329,0.41202539,0
3.1743431,-0.63080645,0.45933175,0.79809076,-0.43964329,0.41202539,0
2.3811293,-1.6924288,0.86300004,0.79809076,-0.43964329,0.41202539,0
-0.0022888184,0.8057282,-1.4030997,0.28497273,-0.32708716,-0.90100205,0
1.6563697,-2.7016931,0.3947928,0.28497273,-0.32708716,-0.90100205,0
1.0329489,-0.35380501,1.5650213,-0.28497273,0.32708716,0.90100205,0
-2.1363783,2.0802507,-0.92326355,-0.79809076,0.43964329,-0.41202539,0
-1.280493,2.9982231,-1.2654231,0.53088772,0.83649737,-0.13575888,0
-0.83907962,-1.7849606,0.45247996,-0.53088772,-0.83649737,0.13575888,0
-0.9928292,-1.6836149,0.47569555,-0.53088772,-0.83649737,0.13575888,0
1.8894075,1.1989568,0.044101357,0.53088772,0.83649737,-0.13575888,0
2.7621412,-0.42274475,-0.082786322,0.28497273,-0.32708716,-0.90100205,0
-3.3717048,-0.1589067,-0.91969061,-0.79809076,0.43964329,-0.41202539,0
0.64837265,-2.2398834,-0.091669679,0.28497273,-0.32708716,-0.90100205,0
0.76256514,0.93261528,1.0124992,-0.28497273,0.32708716,0.90100205,0
-2.4042797,1.9354768,-0.5588181,-0.79809076,0.43964329,-0.41202539,0
-0.37582219,1.1022987,0.59084582,-0.28497273,0.32708716,0.90100205,0
1.9661214,0.74689519,1.4605863,-0.28497273,0.32708716,0.90100205,0
0.24780464,1.8992583,-1.720979,0.28497273,-0.32708716,-0.90100205,0
1.4787991,-0.43366861,-0.48472178,0.28497273,-0.32708716,-0.90100205,0
-2.5055363,-0.73486471,0.40608311,-0.53088772,-0.83649737,0.13575888,0
1.0127846,1.6362092,-0.68975639,0.53088772,0.83649737,-0.13575888,0
3.1046276,-0.070779204,1.1919355,0.79809076,-0.43964329,0.41202539,0
-0.89176708,1.4460315,0.30287653,-0.28497273,0.32708716,0.90100205,0
-0.69578886,-1.9948941,-0.28071412,-0.53088772,-0.83649737,0.13575888,0
-1.7805073,1.6189878,-2.1047645,-0.79809076,0.43964329,-0.41202539,0
-2.1274519,-1.1097053,-0.42504442,-0.53088772,-0.83649737,0.13575888,0
-1.5684135,2.7729828,-1.2842424,-0.79809076,0.43964329,-0.41202539,0
2.0843787,-1.672316,1.459265,0.79809076,-0.43964329,0.41202539,0
1.231118,-1.8001609,-0.066987157,0.28497273,-0.32708716,-0.90100205,0
2.7388415,0.80938917,0.9654541,0.53088772,0.83649737,-0.13575888,0
-0.72254348,-1.8944275,0.23370066,-0.53088772,-0.83649737,0.13575888,0
2.1844006,0.9617216,-0.26407862,0.53088772,0.83649737,-0.13575888,0
-1.7707942,1.238144,-2.1194282,0.28497273,-0.32708716,-0.90100205,0
1.5195996,-2.2692335,0.1945405,0.28497273,-0.32708716,-0.90100205,0
-0.18942952,2.2746739,-1.4570478,0.53088772,0.83649737,-0.13575888,0
-2.9323413,0.039745748,-1.5587671,-0.79809076,0.43964329,-0.41202539,0
-1.7806445,1.7229877,-1.9935277,-0.79809076,0.43964329,-0.41202539,0
1.0454817,1.6493682,-0.48081291,0.53088772,0.83649737,-0.13575888,0
-1.0164956,2.2702937,-0.03580153,-0.28497273,0.32708716,0.90100205,0
-0.018569946,0.55420566,0.90281105,-0.28497273,0.32708716,0.90100205,0
-3.0024867,-0.090394497,0.19305182,-0.28497273,0.32708716,0.90100205,0
1.7730105,-2.9085224,0.74331427,0.79809076,-0.43964329,0.41202539,0
-2.1510456,-1.0012779,0.15078425,-0.53088772,-0.83649737,0.13575888,0
-3.3225474,-0.15241718,0.11433768,-0.28497273,0.32708716,0.90100205,0
-1.5633397,2.1090221,-2.0025361,-0.79809076,0.43964329,-0.41202539,0
0.81153536,0.40065816,1.221102,-0.28497273,0.32708716,0.90100205,0
3.4704032,0.25410938,0.40480781,0.53088772,0.83649737,-0.13575888,0
-0.68987846,-1.9094137,0.26909798,-0.53088772,-0.83649737,0.13575888,0
0.098502159,-1.365431,1.6367171,-0.28497273,0.32708716,0.90100205,0
-3.3503821,0.36694765,-0.39989042,-0.79809076,0.43964329,-0.41202539,0
-0.86944318,2.6511114,-1.796782,0.53088772,0.83649737,-0.13575888,0
-1.5100665,1.990573,-2.2321141,-0.79809076,0.43964329,-0.41202539,0
-2.314806,-0.93739861,-0.096004367,-0.53088772,-0.83649737,0.13575888,0
2.1278083,-1.3211154,1.7498831,0.79809076,-0.43964329,0.41202539,0
2.0958939,-1.6794789,1.4293169,0.79809076,-0.43964329,0.41202539,0
1.7084585,-2.8331382,0.94878805,0.79809076,-0.43964329,0.41202539,0
1.4624294,-2.8646576,1.3917131,0.79809076,-0.43964329,0.41202539,0
-2.562614,-0.97179043,-1.2769732,-0.53088772,-0.83649737,0.13575888,0
-1.6399868,1.7768445,-2.2085142,-0.79809076,0.43964329,-0.41202539,0
1.0574678,-2.4196677,0.10298693,0.28497273,-0.32708716,-0.90100205,0
-3.3826485,-0.35797334,-1.110903,-0.79809076,0.43964329,-0.41202539,0
1.6687524,0.4991653,1.4564656,-0.28497273,0.32708716,0.90100205,0
-2.2834649,2.0334811,-0.68826222,-0.79809076,0.43964329,-0.41202539,0
0.083050489,-2.399905,0.26942083,-0.53088772,-0.83649737,0.13575888,0
-2.0437894,2.1397688,-1.0391002,-0.79809076,0.43964329,-0.41202539,0
-2.8240471,1.0687845,-0.67051792,-0.79809076,0.43964329,-0.41202539,0
-1.5395094,0.086279333,-1.6281196,0.28497273,-0.32708716,-0.90100205,0
-2.1097178,0.52107936,-1.9663112,0.28497273,-0.32708716,-0.90100205,0
-1.7428436,2.628963,-1.1000453,-0.79809076,0.43964329,-0.41202539,0
2.407439,-0.81148362,1.7520325,0.79809076,-0.43964329,0.41202539,0
-3.2558601,0.46962452,-0.4734199,-0.79809076,0.43964329,-0.41202539,0
-0.34230781,1.2945445,0.53165573,-0.28497273,0.32708716,0.90100205,0
-2.745235,0.3769843,-1.5613478,-0.79809076,0.43964329,-0.41202539,0
-2.219049,1.5429835,-1.3364106,-0.79809076,0.43964329,-0.41202539,0
0.39559412,-2.4252462,1.3354861,-0.53088772,-0.83649737,0.13575888,0
-2.8591168,0.66319931,-1.0353587,-0.79809076,0.43964329,-0.41202539,0
-2.8719041,-0.79126883,-1.3741473,-0.53088772,-0.83649737,0.13575888,0
-0.15856457,-2.1782942,0.69006711,-0.53088772,-0.83649737,0.13575888,0
2.9031804,-1.0294598,0.55919719,0.79809076,-0.43964329,0.41202539,0
2.9981258,0.036499083,1.5126982,0.79809076,-0.43964329,0.41202539,0
-2.9718339,0.59848642,-0.047334671,-0.28497273,0.32708716,0.90100205,0
-1.9923328,-0.83927178,0.78440952,-0.28497273,0.32708716,0.90100205,0
-3.5894537,0.08319664,-0.23958087,-0.79809076,0.43964329,-0.41202539,0
3.275964,0.055784583,0.99510598,0.79809076,-0.43964329,0.41202539,0
1.1009669,-2.7145896,0.22380936,0.28497273,-0.32708716,-0.90100205,0
-1.5027056,2.6207299,-1.5739769,-0.79809076,0.43964329,-0.41202539,0
-2.4303441,1.4085999,-1.0705247,-0.79809076,0.43964329,-0.41202539,0
-1.2209332,2.5027568,-2.2456486,-0.79809076,0.43964329,-0.41202539,0
-1.7321432,0.3141886,0.44796741,-0.28497273,0.32708716,0.90100205,0
-1.3651048,-1.5445595,-0.12328756,-0.53088772,-0.83649737,0.13575888,0
-2.408875,-1.0106393,-0.91514421,-0.53088772,-0.83649737,0.13575888,0
-2.9718099,-0.46009183,0.27576208,-0.53088772,-0.83649737,0.13575888,0
-2.0517483,-0.019511424,-1.7517281,0.28497273,-0.32708716,-0.90100205,0
-1.8391733,2.6661646,-0.87376046,-0.79809076,0.43964329,-0.41202539,0
-1.823209,2.8012772,-0.76051426,-0.79809076,0.43964329,-0.41202539,0
1.3318726,-2.5624211,1.9670962,0.79809076,-0.43964329,0.41202539,0
-0.22248316,-2.0237281,1.392493,-0.53088772,-0.83649737,0.13575888,0
1.6109904,-1.0559458,-0.21700895,0.28497273,-0.32708716,-0.90100205,0
2.3411417,-1.3345807,1.3222899,0.79809076,-0.43964329,0.41202539,0
2.4528205,-0.55889225,1.9336512,0.79809076,-0.43964329,0.41202539,0
-2.0944359,1.3193256,-1.8164351,-0.79809076,0.43964329,-0.41202539,0
-2.3782697,0.82930386,-1.789519,-0.79809076,0.43964329,-0.41202539,0
0.85482478,1.6279129,0.78926861,-0.28497273,0.32708716,0.90100205,0
2.1297307,1.0346172,-0.028710485,0.53088772,0.83649737,-0.13575888,0
0.83310217,-1.3312345,1.8566451,-0.28497273,0.32708716,0.90100205,0
-2.6171746,0.56147295,-1.6125445,-0.79809076,0.43964329,-0.41202539,0
3.3083551,-0.55178618,0.28406835,0.79809076,-0.43964329,0.41202539,0
0.24023199,1.8337486,0.52015877,-0.28497273,0.32708716,0.90100205,0
3.4549236,0.20260191,0.026901722,0.53088772,0.83649737,-0.13575888,0
3.1973221,0.25137889,1.3561389,0.79809076,-0.43964329,0.41202539,0
-2.4979777,0.77686775,-1.613595,-0.79809076,0.43964329,-0.41202539,0
-2.1758904,1.9339918,-1.0027912,-0.79809076,0.43964329,-0.41202539,0
0.34246296,0.79880828,-1.291548,0.28497273,-0.32708716,-0.90100205,0
