-1.7702857,-0.18806231,1.6835263,-0.49692744,0.48498127,0.71962237,0
1.8771861,1.3868617,1.3428133,0.7886076,0.59845525,0.14124238,0
-2.8064668,-0.4342995,-0.19038272,-0.7886076,-0.59845525,-0.14124238,0
-1.3866837,0.52117288,1.4704376,-0.49692744,0.48498127,0.71962237,0
0.45792824,2.2072413,0.35549784,-0.36216184,0.63768685,-0.67984873,0
-0.272282,-1.042697,-2.2645435,0.49692744,-0.48498127,-0.71962237,0
1.2171891,2.0659215,2.1505852,0.7886076,0.59845525,0.14124238,0
-1.1938496,-0.77258217,1.382221,0.36216184,-0.63768685,0.67984873,0
1.2671269,0.45015848,-1.7236847,-0.36216184,0.63768685,-0.67984873,0
-0.2346704,2.3722413,1.0184416,-0.49692744,0.48498127,0.71962237,0
1.49737,1.9970241,-0.39540315,-0.36216184,0.63768685,-0.67984873,0
-1.0942398,-0.66990829,1.4254644,0.36216184,-0.63768685,0.67984873,0
1.177495,-1.0374327,-1.2669632,0.49692744,-0.48498127,-0.71962237,0
-2.2741461,-0.94884801,-0.98234105,-0.7886076,-0.59845525,-0.14124238,0
-2.0110312,-0.53242254,1.7493598,-0.49692744,0.48498127,0.71962237,0
-1.2881708,-1.3861254,0.85697341,0.36216184,-0.63768685,0.67984873,0
-1.5076683,-0.50884992,-1.1450593,-0.36216184,0.63768685,-0.67984873,0
-2.8038578,-0.76018411,1.1758487,-0.7886076,-0.59845525,-0.14124238,0
-2.1650631,0.83241469,0.72317827,-0.49692744,0.48498127,0.71962237,0
-1.749287,-0.36985493,1.8205438,-0.49692744,0.48498127,0.71962237,0
0.88164347,0.5400424,1.5078064,0.36216184,-0.63768685,0.67984873,0
2.5564132,0.60167933,-1.4194269,0.49692744,-0.48498127,-0.71962237,0
0.43902904,-1.7635539,-1.2875419,0.49692744,-0.48498127,-0.71962237,0
1.5687964,1.0176511,-1.3520883,-0.36216184,0.63768685,-0.67984873,0
-1.8485366,-1.3712746,-1.5688176,-0.7886076,-0.59845525,-0.14124238,0
2.0666845,1.2808403,0.73399615,0.7886076,0.59845525,0.14124238,0
2.441762,0.10734886,-1.1654497,0.49692744,-0.48498127,-0.71962237,0
2.3549259,0.1354928,0.3435142,0.36216184,-0.63768685,0.67984873,0
0.9815827,0.87136215,1.7653403,0.36216184,-0.63768685,0.67984873,0
-2.4756546,-0.78300756,-0.55992341,-0.7886076,-0.59845525,-0.14124238,0
-0.23353672,-2.1692796,-1.4785407,0.49692744,-0.48498127,-0.71962237,0
-2.6744444,-0.59797329,-0.2340138,-0.7886076,-0.59845525,-0.14124238,0
-1.7338281,-1.9162492,0.09982276,-0.7886076,-0.59845525,-0.14124238,0
3.08885,0.14786035,-0.74591208,0.49692744,-0.48498127,-0.71962237,0
-1.2696686,-2.0659125,-1.8576109,-0.7886076,-0.59845525,-0.14124238,0
-0.5027827,-1.5928347,-2.052954,0.49692744,-0.48498127,-0.71962237,0
-0.57203478,1.8197777,1.1578047,-0.49692744,0.48498127,0.71962237,0
0.16020882,-0.74771911,-2.1646881,0.49692744,-0.48498127,-0.71962237,0
-0.71359265,1.2049699,1.4743961,-0.49692744,0.48498127,0.71962237,0
2.9331045,0.19988501,-0.88852239,0.49692744,-0.48498127,-0.71962237,0
0.34396064,-1.6670203,-1.4182479,0.49692744,-0.48498127,-0.71962237,0
-2.6614738,-0.76762325,0.41238725,-0.7886076,-0.59845525,-0.14124238,0
-0.8374747,-2.8325841,-1.0222595,-0.7886076,-0.59845525,-0.14124238,0
0.0047519207,-0.84424603,-2.2069843,0.49692744,-0.48498127,-0.71962237,0
-2.189826,0.73410493,0.77233332,-0.49692744,0.48498127,0.71962237,0
-1.7837268,-1.0851108,-1.5385234,-0.36216184,0.63768685,-0.67984873,0
0.11919224,2.3440683,1.2817843,-0.49692744,0.48498127,0.71962237,0
-1.6779153,-1.6098785,-1.5104737,-0.7886076,-0.59845525,-0.14124238,0
-0.83992857,-0.15320018,-1.167177,-0.36216184,0.63768685,-0.67984873,0
0.55727941,0.20378447,1.365194,0.36216184,-0.63768685,0.67984873,0
-3.0736609,0.05339849,0.62076509,-0.49692744,0.48498127,0.71962237,0
-1.5990866,-2.0145886,-0.23581409,-0.7886076,-0.59845525,-0.14124238,0
-2.3623745,0.20036057,-0.024521351,-0.36216184,0.63768685,-0.67984873,0
-0.80113399,-2.8482316,-1.1588638,-0.7886076,-0.59845525,-0.14124238,0
0.82437664,2.7252905,1.5118215,-0.49692744,0.48498127,0.71962237,0
1.972355,-0.84814215,-0.84565139,0.49692744,-0.48498127,-0.71962237,0
-1.2965643,1.2623099,1.0331876,-0.49692744,0.48498127,0.71962237,0
-1.5353473,-0.60359871,1.7226439,0.36216184,-0.63768685,0.67984873,0
2.2380919,0.40064383,-1.5037546,0.49692744,-0.48498127,-0.71962237,0
-0.78274095,-1.2954907,-2.2690907,-0.36216184,0.63768685,-0.67984873,0
-2.2918704,-1.4563607,1.2669911,-0.7886076,-0.59845525,-0.14124238,0
1.1347697,-0.65288973,0.25401321,0.36216184,-0.63768685,0.67984873,0
1.3601015,0.97235024,-1.283406,-0.36216184,0.63768685,-0.67984873,0
2.756217,0.87181675,-1.3828499,0.7886076,0.59845525,0.14124238,0
-1.8862939,-1.6050678,-0.36740422,-0.7886076,-0.59845525,-0.14124238,0
-0.24523228,1.3073096,-0.11404309,-0.36216184,0.63768685,-0.67984873,0
-1.3859662,0.9571355,0.16517903,-0.36216184,0.63768685,-0.67984873,0
-1.2203363,-2.2445192,-1.3762817,-0.7886076,-0.59845525,-0.14124238,0
1.902038,1.3972702,1.1599545,0.7886076,0.59845525,0.14124238,0
-1.5868534,-0.95976412,1.4160044,0.36216184,-0.63768685,0.67984873,0
2.3300467,1.0545697,0.2222755,0.7886076,0.59845525,0.14124238,0
-2.3784299,-1.3757401,1.4086896,-0.7886076,-0.59845525,-0.14124238,0
-1.5063951,-1.7822919,-1.7376051,-0.7886076,-0.59845525,-0.14124238,0
2.1974068,1.4352198,-0.64999247,0.7886076,0.59845525,0.14124238,0
-0.68357247,-0.36873043,-1.4526329,-0.36216184,0.63768685,-0.67984873,0
2.3188941,1.235882,-0.48369062,0.7886076,0.59845525,0.14124238,0
2.3195825,-0.11890876,-1.0973358,0.49692744,-0.48498127,-0.71962237,0
-0.30802161,1.6376228,1.4628773,-0.49692744,0.48498127,0.71962237,0
-3.1282866,0.22713277,0.4659574,-0.49692744,0.48498127,0.71962237,0
-1.2948209,-0.99449259,1.2278612,0.36216184,-0.63768685,0.67984873,0
0.20743918,2.1636131,1.4643381,-0.49692744,0.48498127,0.71962237,0
1.0810449,1.7966759,2.3148901,-0.49692744,0.48498127,0.71962237,0
-2.9110644,-0.41290438,0.30297029,-0.7886076,-0.59845525,-0.14124238,0
2.9041228,0.59073544,-1.0176967,0.7886076,0.59845525,0.14124238,0
-0.11572516,-1.7033523,-1.7111936,0.49692744,-0.48498127,-0.71962237,0
1.6328437,1.8016241,-0.65085316,-0.36216184,0.63768685,-0.67984873,0
1.5848684,1.79951,1.2265065,0.7886076,0.59845525,0.14124238,0
1.2779411,2.4291391,0.27240372,0.7886076,0.59845525,0.14124238,0
2.4430373,0.76047194,-1.6047339,0.49692744,-0.48498127,-0.71962237,0
2.3750579,0.91461092,0.56397724,0.7886076,0.59845525,0.14124238,0
0.90621012,1.6185771,-0.43546355,-0.36216184,0.63768685,-0.67984873,0
0.4630568,2.5234637,1.3983351,-0.49692744,0.48498127,0.71962237,0
-0.43110585,-2.9468095,-1.0909622,0.49692744,-0.48498127,-0.71962237,0
-3.1097779,0.040796995,0.22395957,-0.36216184,0.63768685,-0.67984873,0
2.7247047,0.80668366,-0.93093145,0.7886076,0.59845525,0.14124238,0
-2.5016541,0.54885012,0.37655163,-0.36216184,0.63768685,-0.67984873,0
0.076851368,-0.2024461,-1.7017459,-0.36216184,0.63768685,-0.67984873,0
1.6798117,1.9258195,0.16121912,0.7886076,0.59845525,0.14124238,0
0.5133881,0.47149849,-1.3021443,-0.36216184,0.63768685,-0.67984873,0
-1.7163351,-0.77537441,1.657935,0.36216184,-0.63768685,0.67984873,0
-0.39018989,1.6755228,1.3805946,-0.49692744,0.48498127,0.71962237,0
1.0762861,2.3263133,1.8339977,0.7886076,0.59845525,0.14124238,0
0.83099425,-1.3513036,-1.294706,0.49692744,-0.48498127,-0.71962237,0
0.34362996,-0.61151683,0.71426785,0.36216184,-0.63768685,0.67984873,0
1.2943826,2.1054649,1.5520382,0.7886076,0.59845525,0.14124238,0
0.47852945,-0.42716712,-2.1265082,-0.36216184,0.63768685,-0.67984873,0
-1.201606,-2.3586643,-0.99721861,-0.7886076,-0.59845525,-0.14124238,0
-3.1305673,-0.22243541,0.72150254,-0.7886076,-0.59845525,-0.14124238,0
1.2135235,-1.4403766,-0.97052467,0.49692744,-0.48498127,-0.71962237,0
-0.50218177,0.84040558,1.8660777,-0.49692744,0.48498127,0.71962237,0
-2.1154423,0.060529292,1.2776469,-0.49692744,0.48498127,0.71962237,0
-2.0789926,0.21202105,1.2007205,-0.49692744,0.48498127,0.71962237,0
-2.0003822,-1.4167137,-0.52847958,-0.7886076,-0.59845525,-0.14124238,0
-2.6915219,-0.22849506,1.074626,-0.49692744,0.48498127,0.71962237,0
-1.325636,-0.44130778,-1.1786759,-0.36216184,0.63768685,-0.67984873,0
-2.081728,0.25427392,-0.12345457,-0.36216184,0.63768685,-0.67984873,0
-3.1772294,0.065497458,0.28305995,-0.36216184,0.63768685,-0.67984873,0
-2.6408594,-0.40153903,-0.44074178,-0.36216184,0.63768685,-0.67984873,0
-0.15331322,-2.1901543,-1.4090747,0.49692744,-0.48498127,-0.71962237,0
-1.0679407,-2.4357266,-1.4170003,-0.7886076,-0.59845525,-0.14124238,0
2.1235702,1.5560857,-0.74985456,0.7886076,0.59845525,0.14124238,0
0.84048051,-1.6694037,-1.0737753,0.49692744,-0.48498127,-0.71962237,0
0.45095354,2.722281,0.84231162,-0.36216184,0.63768685,-0.67984873,0
-2.1464276,-1.3424944,-0.027528763,-0.7886076,-0.59845525,-0.14124238,0
-2.489604,-0.65989983,1.5047984,-0.49692744,0.48498127,0.71962237,0
-1.8967103,-1.6807808,0.011556625,-0.7886076,-0.59845525,-0.14124238,0
1.4192808,1.9498568,1.5140107,0.7886076,0.59845525,0.14124238,0
1.213937,2.3207445,1.0890377,0.7886076,0.59845525,0.14124238,0
3.0246162,-0.10066128,-0.23474479,0.36216184,-0.63768685,0.67984873,0
1.2053816,1.1110046,1.8709012,0.36216184,-0.63768685,0.67984873,0
-0.29098952,0.58799338,2.1774564,0.36216184,-0.63768685,0.67984873,0
-3.093081,-0.25003111,0.62912822,-0.7886076,-0.59845525,-0.14124238,0
2.4857411,-0.20953822,-0.92151797,0.49692744,-0.48498127,-0.71962237,0
1.4625372,1.8462276,1.7115793,0.7886076,0.59845525,0.14124238,0
-2.7812519,-0.72240764,0.88957047,-0.7886076,-0.59845525,-0.14124238,0
0.93277717,1.9190845,2.1300097,-0.49692744,0.48498127,0.71962237,0
-0.6049999,-2.0839059,-1.792587,0.49692744,-0.48498127,-0.71962237,0
-0.43300843,-0.81161463,-2.001529,-0.36216184,0.63768685,-0.67984873,0
-1.2298281,-1.0799482,1.113083,0.36216184,-0.63768685,0.67984873,0
-1.676116,1.0453248,0.91732693,-0.49692744,0.48498127,0.71962237,0
-1.3523351,-2.1643939,-0.97878242,-0.7886076,-0.59845525,-0.14124238,0
-0.51211905,0.23928383,-0.97366053,-0.36216184,0.63768685,-0.67984873,0
-0.35458481,1.9970831,1.1884695,-0.49692744,0.48498127,0.71962237,0
2.126359,0.67819655,-1.7679642,0.49692744,-0.48498127,-0.71962237,0
0.74807107,2.3600383,1.7052869,-0.49692744,0.48498127,0.71962237,0
-0.1093303,-2.3302083,-1.2843151,0.49692744,-0.48498127,-0.71962237,0
0.62753075,0.62212121,1.7201633,0.36216184,-0.63768685,0.67984873,0
0.90712047,-0.30266789,0.70378643,0.36216184,-0.63768685,0.67984873,0
0.59986258,2.1838319,1.7216958,-0.49692744,0.48498127,0.71962237,0
-0.045333147,1.5810974,1.6823688,-0.49692744,0.48498127,0.71962237,0
1.4832828,1.9727082,1.0598397,0.7886076,0.59845525,0.14124238,0
-0.97657734,-2.1859634,-0.059249878,0.36216184,-0.63768685,0.67984873,0
1.7725141,1.1512268,-1.3353189,-0.36216184,0.63768685,-0.67984873,0
1.9855324,0.38171399,-1.6653996,0.49692744,-0.48498127,-0.71962237,0
-1.0720112,-0.26983845,1.788882,0.36216184,-0.63768685,0.67984873,0
-0.96309358,1.5372666,1.0781585,-0.49692744,0.48498127,0.71962237,0
2.0340753,-0.26199305,-1.1980598,0.49692744,-0.48498127,-0.71962237,0
0.32486069,-1.9937172,-1.2112638,0.49692744,-0.48498127,-0.71962237,0
0.28937632,1.5004649,1.9678402,-0.49692744,0.48498127,0.71962237,0
-0.72657311,-1.4817507,0.46811014,0.36216184,-0.63768685,0.67984873,0
-1.1737275,1.2634709,0.33945504,-0.36216184,0.63768685,-0.67984873,0
-1.7680068,-1.0892534,1.3910478,0.36216184,-0.63768685,0.67984873,0
2.6959677,0.51294219,-1.2632557,0.49692744,-0.48498127,-0.71962237,0
1.263586,0.96087122,-1.2427583,-0.36216184,0.63768685,-0.67984873,0
2.3457778,-0.13219807,0.097297907,0.36216184,-0.63768685,0.67984873,0
-0.57440883,1.7709343,1.1890829,-0.49692744,0.48498127,0.71962237,0
-2.8247776,0.32251194,0.61126268,-0.49692744,0.48498127,0.71962237,0
-1.3085811,-2.2411594,-0.89781451,-0.7886076,-0.59845525,-0.14124238,0
-0.50232363,1.3536336,0.066363096,-0.36216184,0.63768685,-0.67984873,0
-2.7248564,-0.05709064,0.93609095,-0.49692744,0.48498127,0.71962237,0
-0.86693549,-0.71820736,-1.6827574,-0.36216184,0.63768685,-0.67984873,0
-0.24812633,-0.78129691,0.87025106,0.36216184,-0.63768685,0.67984873,0
0.84692019,2.87606,0.78531075,0.7886076,0.59845525,0.14124238,0
-1.7574024,-1.556874,-1.2912529,-0.7886076,-0.59845525,-0.14124238,0
-0.22888625,0.28600448,1.8611127,0.36216184,-0.63768685,0.67984873,0
0.33015659,-1.8707678,-0.45971131,0.36216184,-0.63768685,0.67984873,0
-1.4077463,-0.81381565,1.4574896,0.36216184,-0.63768685,0.67984873,0
1.7635672,1.3629946,1.8099129,0.36216184,-0.63768685,0.67984873,0
-1.6476825,-1.9520583,-0.22943234,-0.7886076,-0.59845525,-0.14124238,0
0.48238471,2.4536467,1.4587339,-0.49692744,0.48498127,0.71962237,0
-3.0132902,-0.36964983,0.69046056,-0.7886076,-0.59845525,-0.14124238,0
2.9945681,0.27053937,-0.16599119,0.7886076,0.59845525,0.14124238,0
-0.84336972,-0.83778363,-1.8074719,-0.36216184,0.63768685,-0.67984873,0
2.4607098,0.17622626,0.32536948,0.36216184,-0.63768685,0.67984873,0
-1.7099622,-1.8957181,0.60367608,0.36216184,-0.63768685,0.67984873,0
2.5947418,1.0987954,-1.4430021,0.7886076,0.59845525,0.14124238,0
-0.59109241,-2.823173,-1.2847629,0.49692744,-0.48498127,-0.71962237,0
2.0430644,1.290332,0.82565975,0.7886076,0.59845525,0.14124238,0
0.84770882,1.1735249,2.12008,0.36216184,-0.63768685,0.67984873,0
1.5480956,1.9282385,0.8863883,0.7886076,0.59845525,0.14124238,0
0.16242731,0.66901475,-0.92991722,-0.36216184,0.63768685,-0.67984873,0
-0.54965115,-0.10003638,1.6698874,0.36216184,-0.63768685,0.67984873,0
-1.3927336,-0.49498391,1.7485511,0.36216184,-0.63768685,0.67984873,0
0.60219955,3.0902607,1.112432,-0.49692744,0.48498127,0.71962237,0
2.4071596,1.0170183,-0.04916501,0.7886076,0.59845525,0.14124238,0
0.1119833,-0.86948043,-2.1159303,0.49692744,-0.48498127,-0.71962237,0
-2.021157,-1.4491549,-0.27503037,-0.7886076,-0.59845525,-0.14124238,0
0.89686364,2.4615476,0.36020756,-0.36216184,0.63768685,-0.67984873,0
-2.4641902,-1.1089033,1.7434802,0.36216184,-0.63768685,0.67984873,0
-1.2443212,-0.25367379,1.8958353,0.36216184,-0.63768685,0.67984873,0
2.997963,-0.24614647,-0.35700893,0.36216184,-0.63768685,0.67984873,0
-1.4840202,-2.2125366,-0.039551258,-0.7886076,-0.59845525,-0.14124238,0
1.8597903,1.4057288,1.3599994,0.7886076,0.59845525,0.14124238,0
-2.2370298,0.054541498,-0.22806966,-0.36216184,0.63768685,-0.67984873,0
0.59312648,1.4725006,2.1964378,-0.49692744,0.48498127,0.71962237,0
1.6353114,0.42001629,-1.9330542,0.49692744,-0.48498127,-0.71962237,0
-0.22401309,-1.9284095,-0.21856678,0.36216184,-0.63768685,0.67984873,0
-0.40117648,0.51053345,-0.77833307,-0.36216184,0.63768685,-0.67984873,0
2.1216433,1.3442235,0.15858197,0.7886076,0.59845525,0.14124238,0
-2.0896602,-1.3662826,-0.24368811,-0.7886076,-0.59845525,-0.14124238,0
2.6945791,0.78597927,-0.67500305,0.7886076,0.59845525,0.14124238,0
-0.97125387,-2.7093318,-0.79755163,-0.7886076,-0.59845525,-0.14124238,0
1.627701,1.7743133,1.094116,0.7886076,0.59845525,0.14124238,0
1.2444551,0.13389754,-2.008255,-0.36216184,0.63768685,-0.67984873,0
2.1833889,1.44344,-0.60655487,0.7886076,0.59845525,0.14124238,0
-1.5357332,-1.7702751,-1.6247165,-0.7886076,-0.59845525,-0.14124238,0
-2.4154522,-1.0564907,0.26271331,-0.7886076,-0.59845525,-0.14124238,0
-0.63552439,-2.6758742,-1.4147153,0.49692744,-0.48498127,-0.71962237,0
-2.7458854,-0.67695415,0.49951565,-0.7886076,-0.59845525,-0.14124238,0
-2.9116898,0.12622699,0.19856811,-0.36216184,0.63768685,-0.67984873,0
2.7676921,0.10303265,-0.93747342,0.49692744,-0.48498127,-0.71962237,0
1.8661824,1.7545259,-0.15357137,0.7886076,0.59845525,0.14124238,0
-2.944937,0.073080957,0.69638908,-0.49692744,0.48498127,0.71962237,0
-2.5955153,-0.16784132,-0.24569225,-0.36216184,0.63768685,-0.67984873,0
-0.15904319,2.1721933,1.2054852,-0.49692744,0.48498127,0.71962237,0
0.12719941,0.17380202,1.5661786,0.36216184,-0.63768685,0.67984873,0
0.54443073,1.8962512,1.8772296,-0.49692744,0.48498127,0.71962237,0
-1.4072806,-1.0193295,-1.6773579,-0.36216184,0.63768685,-0.67984873,0
-1.5808482,-2.0139961,-0.34015703,-0.7886076,-0.59845525,-0.14124238,0
0.058807492,-0.84374928,-2.1699915,0.49692744,-0.48498127,-0.71962237,0
1.5310827,0.044611335,-1.7520281,0.49692744,-0.48498127,-0.71962237,0
0.20258242,-2.1193774,-1.2110143,0.49692744,-0.48498127,-0.71962237,0
2.5836234,0.65085638,0.51702929,0.7886076,0.59845525,0.14124238,0
2.1078873,1.2527843,0.62282276,0.7886076,0.59845525,0.14124238,0
1.2593451,1.9738374,2.3053808,0.7886076,0.59845525,0.14124238,0
-1.5008746,0.17982519,1.6216316,-0.49692744,0.48498127,0.71962237,0
0.061455607,1.5822139,-0.0195629,-0.36216184,0.63768685,-0.67984873,0
-1.4642196,1.2919078,0.89746803,-0.49692744,0.48498127,0.71962237,0
-2.7105935,-0.39820433,1.1758298,-0.49692744,0.48498127,0.71962237,0
-1.0362504,-2.2040296,-2.0094266,0.49692744,-0.48498127,-0.71962237,0
-1.3628532,-1.8920474,-2.0740097,-0.7886076,-0.59845525,-0.14124238,0
-0.51477361,-2.8067849,-1.2431064,0.49692744,-0.48498127,-0.71962237,0
0.084712386,1.0259194,2.1463263,-0.49692744,0.48498127,0.71962237,0
0.074414074,-2.3841348,-1.1210895,0.49692744,-0.48498127,-0.71962237,0
-2.3557563,-1.2933309,0.93292224,-0.7886076,-0.59845525,-0.14124238,0
-2.8396306,-0.66312265,0.96432459,-0.7886076,-0.59845525,-0.14124238,0
-2.1904943,-1.1151332,-0.7448349,-0.7886076,-0.59845525,-0.14124238,0
-0.55976242,1.8576152,1.1407793,-0.49692744,0.48498127,0.71962237,0
-0.26286185,-2.4286029,-1.3240229,0.49692744,-0.48498127,-0.71962237,0
1.8804156,0.4337815,-1.773077,0.49692744,-0.48498127,-0.71962237,0
-1.295135,-2.0245867,-1.8905237,-0.7886076,-0.59845525,-0.14124238,0
2.0068083,1.6620723,-0.54700339,0.7886076,0.59845525,0.14124238,0
1.5739286,1.7214781,-0.69464409,-0.36216184,0.63768685,-0.67984873,0
2.5840192,0.63806915,0.5690012,0.7886076,0.59845525,0.14124238,0
3.1087778,0.23752201,-0.66376674,0.7886076,0.59845525,0.14124238,0
-1.3192118,0.15275212,-0.62487996,-0.36216184,0.63768685,-0.67984873,0
-2.7501791,-0.5715484,0.076875925,-0.7886076,-0.59845525,-0.14124238,0
-1.6508679,-1.7547865,-1.0475035,-0.7886076,-0.59845525,-0.14124238,0
-1.9490691,-1.3368036,-1.1535656,-0.7886076,-0.59845525,-0.14124238,0
1.4593544,-0.20805961,0.49834704,0.36216184,-0.63768685,0.67984873,0
1.1731133,-0.4438566,0.42965686,0.36216184,-0.63768685,0.67984873,0
2.0760865,1.2748417,0.70691776,0.7886076,0.59845525,0.14124238,0
1.4374862,2.2458653,0.15815258,0.7886076,0.59845525,0.14124238,0
0.75528741,-0.15666234,-2.020211,-0.36216184,0.63768685,-0.67984873,0
0.2527585,0.17526424,-1.4411674,-0.36216184,0.63768685,-0.67984873,0
2.1616111,1.5665052,-1.0063993,0.7886076,0.59845525,0.14124238,0
-2.1196363,-0.3864702,1.5760007,-0.49692744,0.48498127,0.71962237,0
0.43722856,2.0274832,1.7147598,-0.49692744,0.48498127,0.71962237,0
0.13451481,-0.50068474,0.92962414,0.36216184,-0.63768685,0.67984873,0
-1.2643915,-1.7562234,0.49716008,0.36216184,-0.63768685,0.67984873,0
0.17596436,1.6630657,-0.0047250986,-0.36216184,0.63768685,-0.67984873,0
-2.4606178,0.60032552,0.67549992,-0.49692744,0.48498127,0.71962237,0
0.37441996,-0.097815514,1.1797091,0.36216184,-0.63768685,0.67984873,0
-0.9283694,1.4204013,1.1808968,-0.49692744,0.48498127,0.71962237,0
-1.4142069,-0.014933109,1.8127344,-0.49692744,0.48498127,0.71962237,0
-0.84783077,-1.839941,-2.1246889,0.49692744,-0.48498127,-0.71962237,0
2.5768681,0.7978543,-0.068095684,0.7886076,0.59845525,0.14124238,0
0.74621785,1.5759845,-0.39018536,-0.36216184,0.63768685,-0.67984873,0
-1.1549059,-2.4605455,-0.82628179,-0.7886076,-0.59845525,-0.14124238,0
-1.1935513,-2.15769,-1.8937333,-0.7886076,-0.59845525,-0.14124238,0
2.9497316,0.20906448,0.09566474,0.36216184,-0.63768685,0.67984873,0
2.6898353,0.021043539,-0.93598098,0.49692744,-0.48498127,-0.71962237,0
1.4434311,1.8674037,1.7285306,0.7886076,0.59845525,0.14124238,0
2.8916874,0.081568182,0.0069957972,0.36216184,-0.63768685,0.67984873,0
-2.7346928,0.22500226,0.19692957,-0.36216184,0.63768685,-0.67984873,0
2.4186184,1.2816464,-1.2343962,0.7886076,0.59845525,0.14124238,0
-1.890018,-1.5040967,-0.77443457,-0.7886076,-0.59845525,-0.14124238,0
-1.7386371,-1.9520893,0.2785306,-0.7886076,-0.59845525,-0.14124238,0
0.65217072,2.3924994,0.42579174,-0.36216184,0.63768685,-0.67984873,0
2.4340899,0.023802102,-1.1144421,0.49692744,-0.48498127,-0.71962237,0
1.6279197,-0.64741385,-0.0035562515,0.36216184,-0.63768685,0.67984873,0
-0.85914612,-2.7499692,-0.6508348,0.36216184,-0.63768685,0.67984873,0
-2.055644,-0.54935861,1.7299669,-0.49692744,0.48498127,0.71962237,0
-0.67752296,-2.9954584,-0.97785187,0.36216184,-0.63768685,0.67984873,0
-1.4798021,-1.54514,0.80990422,0.36216184,-0.63768685,0.67984873,0
0.67686653,2.8502643,0.84201217,-0.36216184,0.63768685,-0.67984873,0
0.93346071,-0.28159988,-1.9448633,0.49692744,-0.48498127,-0.71962237,0
-2.5088503,-1.0402977,1.7478731,-0.49692744,0.48498127,0.71962237,0
3.051682,0.29613107,-0.59331286,0.7886076,0.59845525,0.14124238,0
-0.45732352,2.0244281,0.67158508,-0.36216184,0.63768685,-0.67984873,0
0.99283576,-1.4548398,-0.42259318,0.36216184,-0.63768685,0.67984873,0
-0.76130211,-0.24305987,-1.2933487,-0.36216184,0.63768685,-0.67984873,0
-0.21905214,-0.59497833,1.0295267,0.36216184,-0.63768685,0.67984873,0
-1.2431151,0.66467023,-0.18524677,-0.36216184,0.63768685,-0.67984873,0
1.2100776,2.3734612,0.88722181,0.7886076,0.59845525,0.14124238,0
1.0571562,0.89404058,1.7463537,0.36216184,-0.63768685,0.67984873,0
2.1686954,-0.79957467,-0.74280232,0.49692744,-0.48498127,-0.71962237,0
-1.9032059,-1.4185141,-1.0634215,-0.7886076,-0.59845525,-0.14124238,0
1.9809128,-0.68332833,-0.95081627,0.49692744,-0.48498127,-0.71962237,0
2.3001864,1.3349376,-0.798944,0.7886076,0.59845525,0.14124238,0
-0.45302102,1.7966156,0.45560879,-0.36216184,0.63768685,-0.67984873,0
-0.9292438,-0.5810501,1.420917,0.36216184,-0.63768685,0.67984873,0
-0.10407388,1.2287091,1.8792939,-0.49692744,0.48498127,0.71962237,0
2.2690485,0.79868942,1.0113294,0.36216184,-0.63768685,0.67984873,0
2.6795402,0.62606347,0.086541176,0.7886076,0.59845525,0.14124238,0
0.87600726,-1.8181549,-0.9489935,0.49692744,-0.48498127,-0.71962237,0
-0.56890702,0.82980889,-0.38950628,-0.36216184,0.63768685,-0.67984873,0
1.7894278,1.4609361,1.5189404,0.7886076,0.59845525,0.14124238,0
-0.78985858,-0.38840669,1.5273616,0.36216184,-0.63768685,0.67984873,0
1.8746248,1.3858943,1.3612127,0.7886076,0.59845525,0.14124238,0
0.39070028,-2.0575202,-1.1227995,0.49692744,-0.48498127,-0.71962237,0
0.95560718,-1.0713673,-1.3973156,0.49692744,-0.48498127,-0.71962237,0
-2.9907436,-0.35656661,0.50914001,-0.7886076,-0.59845525,-0.14124238,0
1.3978126,1.9184364,1.7670054,0.7886076,0.59845525,0.14124238,0
0.94277674,2.5208061,1.7313914,-0.49692744,0.48498127,0.71962237,0
-0.79433757,-1.9585788,-2.0077951,0.49692744,-0.48498127,-0.71962237,0
0.65499538,-1.0441349,0.14261203,0.36216184,-0.63768685,0.67984873,0
0.41806078,1.6155485,-0.17826253,-0.36216184,0.63768685,-0.67984873,0
0.4436509,2.6955664,1.2689478,-0.49692744,0.48498127,0.71962237,0
1.1821864,2.1234808,2.1021354,0.7886076,0.59845525,0.14124238,0
0.28278637,-0.67853981,-2.1266663,0.49692744,-0.48498127,-0.71962237,0
1.1829287,1.6173117,-0.58406091,-0.36216184,0.63768685,-0.67984873,0
1.6114724,2.0997796,-0.19430041,0.7886076,0.59845525,0.14124238,0
-0.41612697,-2.7901976,-1.1861658,0.49692744,-0.48498127,-0.71962237,0
0.43346089,0.62309009,-1.117376,-0.36216184,0.63768685,-0.67984873,0
2.0167763,1.3458015,0.73740602,0.7886076,0.59845525,0.14124238,0
2.562289,0.60489225,0.67333889,0.36216184,-0.63768685,0.67984873,0
1.6414492,1.7521484,1.1112695,0.7886076,0.59845525,0.14124238,0
0.23577911,-2.3031392,-1.0642464,0.49692744,-0.48498127,-0.71962237,0
0.16031504,-2.0588191,-1.2810143,0.49692744,-0.48498127,-0.71962237,0
-2.2243426,0.1364463,1.1512834,-0.49692744,0.48498127,0.71962237,0
0.65503848,0.81375456,1.8852587,0.36216184,-0.63768685,0.67984873,0
-1.2507653,-0.87947494,1.3122772,0.36216184,-0.63768685,0.67984873,0
-1.2451533,-0.27667093,1.8747075,0.36216184,-0.63768685,0.67984873,0
-2.6834621,-0.99493766,1.5967265,-0.49692744,0.48498127,0.71962237,0
-0.38269222,-0.20151216,1.4857643,0.36216184,-0.63768685,0.67984873,0
2.0299459,1.2011187,1.2769065,0.7886076,0.59845525,0.14124238,0
-1.1520393,-0.01436305,1.993387,-0.49692744,0.48498127,0.71962237,0
-1.1104875,0.75424856,1.5040832,-0.49692744,0.48498127,0.71962237,0
2.3431737,1.2514274,-0.68511939,0.7886076,0.59845525,0.14124238,0
0.17097795,-1.8802869,-1.3939706,0.49692744,-0.48498127,-0.71962237,0
-0.35120642,-0.58392984,1.1102901,0.36216184,-0.63768685,0.67984873,0
-0.28048205,0.91841477,1.9665966,-0.49692744,0.48498127,0.71962237,0
2.780992,0.79868674,-1.211319,0.7886076,0.59845525,0.14124238,0
2.4082127,1.2340899,-0.97479439,0.7886076,0.59845525,0.14124238,0
1.20237,2.5300896,0.26660991,0.7886076,0.59845525,0.14124238,0
-2.7206957,-0.83592677,1.0324532,-0.7886076,-0.59845525,-0.14124238,0
2.7506559,0.67980188,-0.53821707,0.7886076,0.59845525,0.14124238,0
-0.010863245,2.5652921,0.9410733,-0.36216184,0.63768685,-0.67984873,0
-0.55732763,1.1405686,1.6257058,-0.49692744,0.48498127,0.71962237,0
-3.1865628,-0.061372101,0.35170794,-0.7886076,-0.59845525,-0.14124238,0
-2.1963527,0.75576591,0.75322819,-0.49692744,0.48498127,0.71962237,0
-1.2076348,0.75474936,1.4366616,-0.49692744,0.48498127,0.71962237,0
0.77658528,-1.5111229,-1.224569,0.49692744,-0.48498127,-0.71962237,0
-2.0074468,0.091513574,1.3313403,-0.49692744,0.48498127,0.71962237,0
-0.079963505,0.54416692,-0.91789865,-0.36216184,0.63768685,-0.67984873,0
1.291393,2.2191486,1.0870435,0.7886076,0.59845525,0.14124238,0
-1.1800573,-2.2911258,-1.403697,-0.7886076,-0.59845525,-0.14124238,0
0.58766234,-0.46693361,-2.0587471,0.49692744,-0.48498127,-0.71962237,0
1.1043773,1.8783801,-0.29733813,-0.36216184,0.63768685,-0.67984873,0
0.59989095,2.5242829,1.4922719,-0.49692744,0.48498127,0.71962237,0
0.98904598,0.95008391,1.8352044,0.36216184,-0.63768685,0.67984873,0
0.48566723,-2.136467,-1.0040158,0.49692744,-0.48498127,-0.71962237,0
-1.8591061,-1.5567639,-0.7238729,-0.7886076,-0.59845525,-0.14124238,0
2.8446629,0.37480661,0.22919798,0.7886076,0.59845525,0.14124238,0
1.2804589,-0.32508034,-1.6759444,0.49692744,-0.48498127,-0.71962237,0
1.9879668,-0.093520045,0.32418656,0.36216184,-0.63768685,0.67984873,0
0.91769457,2.6356094,1.4089601,0.7886076,0.59845525,0.14124238,0
0.75255537,0.50576568,-1.397409,-0.36216184,0.63768685,-0.67984873,0
-1.4864876,-1.5512054,0.80777639,0.36216184,-0.63768685,0.67984873,0
1.8141925,1.8154829,-0.12157297,0.7886076,0.59845525,0.14124238,0
2.4786768,0.50610852,0.62522233,0.36216184,-0.63768685,0.67984873,0
-2.4448757,-1.0320914,1.7865194,-0.49692744,0.48498127,0.71962237,0
1.2727374,-0.17597061,-1.7817671,0.49692744,-0.48498127,-0.71962237,0
-0.96431088,-0.05407989,1.9338868,0.36216184,-0.63768685,0.67984873,0
-0.45726132,-2.0884495,-1.687506,0.49692744,-0.48498127,-0.71962237,0
1.6703581,1.9777806,-0.0061612129,0.7886076,0.59845525,0.14124238,0
2.7825003,-0.43147975,-0.56701916,0.49692744,-0.48498127,-0.71962237,0
0.16566479,0.61279297,1.9574537,0.36216184,-0.63768685,0.67984873,0
-1.32893,-2.3195851,0.0031168461,0.36216184,-0.63768685,0.67984873,0
-0.41906357,0.39828968,2.0677438,0.36216184,-0.63768685,0.67984873,0
-1.88857,-0.10210896,-0.56063294,-0.36216184,0.63768685,-0.67984873,0
-1.6383924,-2.0029161,-0.065813541,-0.7886076,-0.59845525,-0.14124238,0
1.3262352,1.8476464,2.4498529,-0.49692744,0.48498127,0.71962237,0
-0.51316303,-2.9027853,-1.1772957,0.49692744,-0.48498127,-0.71962237,0
1.2458475,2.2207966,1.3343587,0.7886076,0.59845525,0.14124238,0
2.2743003,1.4693376,-1.3042424,-0.36216184,0.63768685,-0.67984873,0
-2.4501605,-0.40930441,-0.54961264,-0.36216184,0.63768685,-0.67984873,0
-1.6247373,-2.0374296,0.0041806698,-0.7886076,-0.59845525,-0.14124238,0
0.11006105,1.5969113,1.7790169,-0.49692744,0.48498127,0.71962237,0
0.42379647,1.8297426,0.019592404,-0.36216184,0.63768685,-0.67984873,0
-2.60007,-1.0731214,1.3639668,-0.7886076,-0.59845525,-0.14124238,0
1.7419037,-0.50558728,0.068754375,0.36216184,-0.63768685,0.67984873,0
-2.1193998,-1.2197284,-0.69860411,-0.7886076,-0.59845525,-0.14124238,0
2.3092036,-0.48621199,-0.21527809,0.36216184,-0.63768685,0.67984873,0
2.4262559,0.39453277,0.54849124,0.36216184,-0.63768685,0.67984873,0
1.8758197,1.7512188,-0.19336712,0.7886076,0.59845525,0.14124238,0
1.815835,1.4369161,1.4732747,0.7886076,0.59845525,0.14124238,0
1.0917498,0.40192413,-1.6755028,-0.36216184,0.63768685,-0.67984873,0
1.5866475,1.6201963,1.9763372,0.7886076,0.59845525,0.14124238,0
1.8855586,1.5145159,0.7551856,0.7886076,0.59845525,0.14124238,0
-1.1211075,1.0121657,0.075703666,-0.36216184,0.63768685,-0.67984873,0
1.6000268,1.6948649,1.5852599,0.7886076,0.59845525,0.14124238,0
-2.3863575,-0.96503597,-0.2872324,-0.7886076,-0.59845525,-0.14124238,0
-1.977424,-1.4297638,-0.60136938,-0.7886076,-0.59845525,-0.14124238,0
-2.1064811,0.55982363,0.94734108,-0.49692744,0.48498127,0.71962237,0
1.5503013,0.37136573,0.9933902,0.36216184,-0.63768685,0.67984873,0
-2.2854476,-1.4152417,1.0569077,-0.7886076,-0.59845525,-0.14124238,0
2.5883172,1.1073564,-1.7381914,0.49692744,-0.48498127,-0.71962237,0
3.0219493,0.26448834,-0.29323161,0.7886076,0.59845525,0.14124238,0
2.0847211,1.4149592,0.065018415,0.7886076,0.59845525,0.14124238,0
-0.18501312,2.3522944,0.83405602,-0.36216184,0.63768685,-0.67984873,0
1.8897986,1.750756,-0.8354491,-0.36216184,0.63768685,-0.67984873,0
1.1215787,2.2439179,1.930227,0.7886076,0.59845525,0.14124238,0
-3.0514665,-0.21925038,0.26636004,-0.7886076,-0.59845525,-0.14124238,0
1.1027989,0.097408772,-1.9670191,-0.36216184,0.63768685,-0.67984873,0
-0.80792743,-1.7825599,-2.1358054,0.49692744,-0.48498127,-0.71962237,0
1.9465727,1.4047487,0.87961483,0.7886076,0.59845525,0.14124238,0
1.4434161,1.8817296,1.6679144,0.7886076,0.59845525,0.14124238,0
-0.82487094,-1.7519834,0.26700068,0.36216184,-0.63768685,0.67984873,0
2.2941999,-0.84058428,-0.62849838,0.49692744,-0.48498127,-0.71962237,0
2.5266469,1.1165037,-1.1378331,0.7886076,0.59845525,0.14124238,0
-1.1582671,1.1276513,0.20382264,-0.36216184,0.63768685,-0.67984873,0
0.76681006,-0.78819889,-1.7185256,0.49692744,-0.48498127,-0.71962237,0
0.99041116,-0.19263387,-1.9654944,0.49692744,-0.48498127,-0.71962237,0
-1.4812127,-1.942425,-1.1997101,-0.7886076,-0.59845525,-0.14124238,0
0.54586011,-1.7701581,-0.48024827,0.36216184,-0.63768685,0.67984873,0
-1.5987179,-1.7042664,-1.5527334,-0.7886076,-0.59845525,-0.14124238,0
2.2783532,1.4382856,-1.1149355,0.7886076,0.59845525,0.14124238,0
2.6225989,0.8532775,-0.5582583,0.7886076,0.59845525,0.14124238,0
0.71864998,-0.31533563,-2.0704629,0.49692744,-0.48498127,-0.71962237,0
-0.40727133,-2.8550625e-05,-1.2539849,-0.36216184,0.63768685,-0.67984873,0
-0.72477937,1.5597134,0.37816665,-0.36216184,0.63768685,-0.67984873,0
-1.0133722,-0.25181782,-1.1672835,-0.36216184,0.63768685,-0.67984873,0
-0.93714893,-1.3916026,0.66484326,0.36216184,-0.63768685,0.67984873,0
0.9199338,2.7906101,0.73970771,0.7886076,0.59845525,0.14124238,0
0.94706124,1.6896584,-0.39055216,-0.36216184,0.63768685,-0.67984873,0
0.98140514,0.20162606,-1.8045976,-0.36216184,0.63768685,-0.67984873,0
-1.6127263,-1.8820126,-0.72139454,-0.7886076,-0.59845525,-0.14124238,0
-0.25681898,-1.6754866,0.03614676,0.36216184,-0.63768685,0.67984873,0
-0.30452955,-1.3354836,-2.0894914,0.49692744,-0.48498127,-0.71962237,0
1.7597411,1.3584464,-1.134146,-0.36216184,0.63768685,-0.67984873,0
-2.1699183,-0.60153836,-0.8792125,-0.36216184,0.63768685,-0.67984873,0
-0.39082128,1.6523736,1.3957598,-0.49692744,0.48498127,0.71962237,0
-2.1591492,-1.5357115,0.86217749,-0.7886076,-0.59845525,-0.14124238,0
-1.3829505,-0.068580493,-0.79853213,-0.36216184,0.63768685,-0.67984873,0
0.072563767,1.8152416,0.1930958,-0.36216184,0.63768685,-0.67984873,0
-2.3056471,-1.0811913,-0.24570894,-0.7886076,-0.59845525,-0.14124238,0
-1.498513,0.47381184,-0.22821587,-0.36216184,0.63768685,-0.67984873,0
0.89145339,2.8223355,0.76430106,0.7886076,0.59845525,0.14124238,0
1.5208107,0.40855995,1.0439878,0.36216184,-0.63768685,0.67984873,0
-0.48064202,1.2746108,-0.019309103,-0.36216184,0.63768685,-0.67984873,0
2.3604176,0.85381246,0.9033289,0.7886076,0.59845525,0.14124238,0
1.5533137,1.99576,0.57115984,0.7886076,0.59845525,0.14124238,0
2.7036335,0.22959685,-1.0670048,0.49692744,-0.48498127,-0.71962237,0
-1.4073308,-2.1013756,-0.93873405,-0.7886076,-0.59845525,-0.14124238,0
-0.68670225,2.0360196,0.80465013,-0.36216184,0.63768685,-0.67984873,0
-2.8682318,-0.015419811,0.042555094,-0.36216184,0.63768685,-0.67984873,0
0.50533044,-1.8416523,-0.52571827,0.36216184,-0.63768685,0.67984873,0
1.1158806,2.3172631,1.6512737,0.7886076,0.59845525,0.14124238,0
2.67735,0.3085494,-1.1383636,0.49692744,-0.48498127,-0.71962237,0
-1.8761449,-0.29538965,1.6827585,-0.49692744,0.48498127,0.71962237,0
1.7694286,0.083379269,-1.6135683,0.49692744,-0.48498127,-0.71962237,0
-2.177345,-0.38364685,-0.67087758,-0.36216184,0.63768685,-0.67984873,0
2.3699753,1.1288879,-0.31555319,0.7886076,0.59845525,0.14124238,0
0.41411775,-2.0665855,-1.1005193,0.49692744,-0.48498127,-0.71962237,0
0.014736772,-1.1341531,-2.0047095,0.49692744,-0.48498127,-0.71962237,0
-2.4737787,-1.0356071,0.49988568,-0.7886076,-0.59845525,-0.14124238,0
1.6897683,1.6736149,1.1742396,0.7886076,0.59845525,0.14124238,0
-0.44746837,-0.037801445,-1.2680019,-0.36216184,0.63768685,-0.67984873,0
2.8653328,-0.39450434,-0.53473914,0.49692744,-0.48498127,-0.71962237,0
-2.6504164,-0.11741325,-0.16914535,-0.36216184,0.63768685,-0.67984873,0
2.6753039,0.98993409,-1.4315532,0.7886076,0.59845525,0.14124238,0
-0.2425161,-2.0003664,-0.27620471,0.36216184,-0.63768685,0.67984873,0
-2.8481896,-0.39675966,-0.1164875,-0.7886076,-0.59845525,-0.14124238,0
-1.8783836,-0.8305825,-1.2493554,-0.36216184,0.63768685,-0.67984873,0
0.90805584,2.039793,-0.041353226,-0.36216184,0.63768685,-0.67984873,0
2.8706458,0.3994869,-0.020446539,0.7886076,0.59845525,0.14124238,0
-1.1179792,0.76145035,-0.16112965,-0.36216184,0.63768685,-0.67984873,0
1.5311813,1.6913261,1.9846435,0.7886076,0.59845525,0.14124238,0
2.1121335,1.1454463,1.0539124,0.7886076,0.59845525,0.14124238,0
-1.5240831,-2.0238283,-0.61543751,-0.7886076,-0.59845525,-0.14124238,0
1.3457891,1.9986913,1.7174268,0.7886076,0.59845525,0.14124238,0
1.9009371,1.3216501,1.4865093,0.7886076,0.59845525,0.14124238,0
0.087173462,-1.4886646,-1.7157704,0.49692744,-0.48498127,-0.71962237,0
1.5281962,2.1443739,0.081711292,0.7886076,0.59845525,0.14124238,0
-0.56663835,-1.4266359,0.43460822,0.36216184,-0.63768685,0.67984873,0
3.1690011,0.079604149,-0.33090591,0.7886076,0.59845525,0.14124238,0
-1.2540584,-2.2749147,-1.0592103,-0.7886076,-0.59845525,-0.14124238,0
-1.383731,1.5656316,0.73474765,-0.36216184,0.63768685,-0.67984873,0
2.2134902,0.45459333,0.71816945,0.36216184,-0.63768685,0.67984873,0
-2.902082,-0.5364579,0.77632558,-0.7886076,-0.59845525,-0.14124238,0
-0.25379026,1.7180412,1.4461293,-0.49692744,0.48498127,0.71962237,0
3.2318339,-0.0096182227,-0.30368149,0.7886076,0.59845525,0.14124238,0
1.3991365,-0.61322397,-1.3998016,0.49692744,-0.48498127,-0.71962237,0
-2.5313878,-1.0629216,1.747557,-0.49692744,0.48498127,0.71962237,0
2.1220751,1.3760778,0.021201611,0.7886076,0.59845525,0.14124238,0
1.2861149,-1.5754709,-0.8293522,0.49692744,-0.48498127,-0.71962237,0
-1.8600419,0.52238309,1.1427495,-0.49692744,0.48498127,0.71962237,0
-1.8204639,0.51315796,1.1762969,-0.49692744,0.48498127,0.71962237,0
0.46085072,2.3645897,1.5038828,-0.49692744,0.48498127,0.71962237,0
2.1585803,1.3449473,-1.3592732,-0.36216184,0.63768685,-0.67984873,0
0.38053244,-0.20958984,1.0716105,0.36216184,-0.63768685,0.67984873,0
1.2854321,-1.2598217,-1.0425521,0.49692744,-0.48498127,-0.71962237,0
-2.3769493,-1.3565763,1.319226,-0.7886076,-0.59845525,-0.14124238,0
-2.5475669,-0.51779139,1.3690004,-0.49692744,0.48498127,0.71962237,0
1.7215892,-0.58360553,-1.1970966,0.49692744,-0.48498127,-0.71962237,0
1.6664159,-0.022512555,-1.6133379,0.49692744,-0.48498127,-0.71962237,0
-1.762235,0.83771658,0.25360799,-0.36216184,0.63768685,-0.67984873,0
2.3788443,0.79297912,-1.6709695,0.49692744,-0.48498127,-0.71962237,0
-2.754221,-0.68553507,0.58241546,-0.7886076,-0.59845525,-0.14124238,0
0.86546516,-1.4212906,-1.2237353,0.49692744,-0.48498127,-0.71962237,0
0.5491904,1.349923,2.2487078,-0.49692744,0.48498127,0.71962237,0
-1.4179289,-2.1041403,0.25261092,0.36216184,-0.63768685,0.67984873,0
-2.6910264,-0.98521495,1.499344,-0.7886076,-0.59845525,-0.14124238,0
-0.72997665,0.4493522,1.9723223,-0.49692744,0.48498127,0.71962237,0
1.1177995,2.5586872,0.61762691,0.7886076,0.59845525,0.14124238,0
0.95143807,0.33345687,-1.6649785,-0.36216184,0.63768685,-0.67984873,0
0.51536268,1.106392,2.2341542,0.36216184,-0.63768685,0.67984873,0
-0.32129955,1.4438746,1.5842826,-0.49692744,0.48498127,0.71962237,0
1.039608,0.77432853,1.643414,0.36216184,-0.63768685,0.67984873,0
3.0445137,0.22676119,-0.25936294,0.7886076,0.59845525,0.14124238,0
-1.7004489,-1.9450229,0.035372019,-0.7886076,-0.59845525,-0.14124238,0
-1.7171314,-1.6254557,-1.2255156,-0.7886076,-0.59845525,-0.14124238,0
1.9428806,-0.40899396,-1.1619636,0.49692744,-0.48498127,-0.71962237,0
0.28325856,2.2629313,0.50078237,-0.36216184,0.63768685,-0.67984873,0
-0.43199781,-2.9579825,-1.0840485,0.49692744,-0.48498127,-0.71962237,0
2.6645737,0.3057754,-1.1453171,0.49692744,-0.48498127,-0.71962237,0
1.8583558,1.5655348,-0.99243325,-0.36216184,0.63768685,-0.67984873,0
-1.0968226,0.89269972,-0.049290165,-0.36216184,0.63768685,-0.67984873,0
-1.6349058,-1.7268423,-1.2550285,-0.7886076,-0.59845525,-0.14124238,0
-1.4614766,-1.9544306,-1.2590365,-0.7886076,-0.59845525,-0.14124238,0
-1.7335591,-1.4128538,1.0691652,0.36216184,-0.63768685,0.67984873,0
0.11588371,1.9161143,1.5679145,-0.49692744,0.48498127,0.71962237,0
-0.042987138,-2.2625141,-0.6283859,0.36216184,-0.63768685,0.67984873,0
-1.1107526,0.51590252,-0.39529908,-0.36216184,0.63768685,-0.67984873,0
-1.1305729,0.55978853,-0.34357619,-0.36216184,0.63768685,-0.67984873,0
1.1768081,2.4896319,0.58075404,0.7886076,0.59845525,0.14124238,0
1.3029025,-0.85198927,-0.022304833,0.36216184,-0.63768685,0.67984873,0
0.86134094,2.7884021,1.0762081,0.7886076,0.59845525,0.14124238,0
-0.2751143,0.69109923,2.1234999,-0.49692744,0.48498127,0.71962237,0
-1.2405834,-2.2770216,-1.1255188,-0.7886076,-0.59845525,-0.14124238,0
-1.6595657,-1.7182708,-1.153661,-0.7886076,-0.59845525,-0.14124238,0
2.7256162,0.59065235,-0.020678282,0.7886076,0.59845525,0.14124238,0
-1.5886292,-2.1064019,0.094819307,-0.7886076,-0.59845525,-0.14124238,0
1.0820343,2.3383181,1.7510371,0.7886076,0.59845525,0.14124238,0
0.57453382,1.8296231,-0.060818911,-0.36216184,0.63768685,-0.67984873,0
-0.95939296,-2.4415448,-0.30813527,0.36216184,-0.63768685,0.67984873,0
-3.13814,-0.1774044,0.57298279,-0.7886076,-0.59845525,-0.14124238,0
1.4661109,0.96797276,1.597847,0.36216184,-0.63768685,0.67984873,0
0.41122225,2.873064,1.1269318,-0.49692744,0.48498127,0.71962237,0
-2.5375617,-0.79305011,-0.1717236,-0.7886076,-0.59845525,-0.14124238,0
-0.90122378,0.55579466,1.782334,-0.49692744,0.48498127,0.71962237,0
-1.8728117,0.37072566,-0.12551641,-0.36216184,0.63768685,-0.67984873,0
-0.13263446,2.3729305,0.82550979,-0.36216184,0.63768685,-0.67984873,0
0.59985739,1.3659712,2.2728798,-0.49692744,0.48498127,0.71962237,0
-0.21104467,-1.9998703,-1.5771803,0.49692744,-0.48498127,-0.71962237,0
1.0707157,2.6112368,0.65785623,0.7886076,0.59845525,0.14124238,0
0.50717866,2.7345576,1.2865384,-0.49692744,0.48498127,0.71962237,0
1.3592451,1.9350643,1.9118886,0.7886076,0.59845525,0.14124238,0
-2.3255262,-1.3328485,0.9315753,-0.7886076,-0.59845525,-0.14124238,0
1.161068,-1.4770715,-0.53306508,0.36216184,-0.63768685,0.67984873,0
2.235878,-0.91332686,-0.619748,0.49692744,-0.48498127,-0.71962237,0
0.67797172,2.7036042,1.4253385,-0.49692744,0.48498127,0.71962237,0
-1.2314483,-2.4923635,-0.26410413,-0.7886076,-0.59845525,-0.14124238,0
-1.2195145,-2.4731424,-0.41217685,-0.7886076,-0.59845525,-0.14124238,0
-0.19295347,-0.03375566,1.5420415,0.36216184,-0.63768685,0.67984873,0
1.8173406,-0.36186552,-1.2804154,0.49692744,-0.48498127,-0.71962237,0
2.5845914,0.92615986,-0.65485644,0.7886076,0.59845525,0.14124238,0
1.8676685,-1.1481907,-0.60099304,0.36216184,-0.63768685,0.67984873,0
0.71208036,1.3964555,2.3298297,-0.49692744,0.48498127,0.71962237,0
0.80575025,2.7842393,1.4042289,0.7886076,0.59845525,0.14124238,0
