-1.9833559,-0.2129572,-0.59635127,-0.61264575,0.786309,0.07989347,0
3.0864367,1.5074575,-3.6853437,0.61264575,-0.786309,-0.07989347,0
-1.8486418,-1.8666003,0.036468744,-0.64798582,-0.44183624,-0.62039912,0
-1.2971159,-2.5280242,4.2569275,-0.45252571,-0.43185478,0.78020608,0
-1.5994492,-0.24896407,2.7019308,-0.61264575,0.786309,0.07989347,0
2.236836,0.44767827,0.22999048,0.61264575,-0.786309,-0.07989347,0
-0.30367219,-1.8951403,3.8066015,0.61264575,-0.786309,-0.07989347,0
3.2322195,1.6802161,-3.6038251,0.45252571,0.43185478,-0.78020608,0
-2.1923869,-0.41569251,-0.20394558,-0.61264575,0.786309,0.07989347,0
0.47739875,1.5278407,1.1405299,-0.61264575,0.786309,0.07989347,0
1.2293575,1.589781,0.8074978,0.64798582,0.44183624,0.62039912,0
2.4567425,3.1195517,-3.256916,0.45252571,0.43185478,-0.78020608,0
2.6734536,1.6632267,-3.9373183,0.45252571,0.43185478,-0.78020608,0
1.1082573,1.0556889,1.3143526,0.64798582,0.44183624,0.62039912,0
1.187469,2.3276143,-4.4314528,0.45252571,0.43185478,-0.78020608,0
-3.285985,-2.6521835,2.0972018,-0.64798582,-0.44183624,-0.62039912,0
3.4718683,2.0084953,-3.2831192,0.45252571,0.43185478,-0.78020608,0
-1.1170688,-1.5112426,4.9241586,-0.45252571,-0.43185478,0.78020608,0
1.9683825,1.2617315,0.26924193,0.64798582,0.44183624,0.62039912,0
3.0017586,2.5535612,-3.254086,0.45252571,0.43185478,-0.78020608,0
-1.4936414,-2.2727084,4.2842612,-0.45252571,-0.43185478,0.78020608,0
-0.60331261,-1.6126298,-1.2715828,0.61264575,-0.786309,-0.07989347,0
1.3353648,2.7108362,-4.133553,0.45252571,0.43185478,-0.78020608,0
-2.3069046,-0.51648891,-0.090064049,-0.61264575,0.786309,0.07989347,0
1.6783757,0.11604536,-0.78851843,0.61264575,-0.786309,-0.07989347,0
1.7029949,2.7533166,-3.896812,0.45252571,0.43185478,-0.78020608,0
3.7304566,2.2693069,-2.9887748,0.45252571,0.43185478,-0.78020608,0
2.4846046,2.2519939,-0.97518015,0.64798582,0.44183624,0.62039912,0
-1.3410325,-1.2465305,4.9407792,-0.45252571,-0.43185478,0.78020608,0
0.067979813,-1.1295791,3.9571922,0.64798582,0.44183624,0.62039912,0
0.046793342,1.6268431,-3.1358488,-0.61264575,0.786309,0.07989347,0
2.4312439,2.9096,-1.3877809,0.64798582,0.44183624,0.62039912,0
-1.2626214,-2.4119387,1.5394251,0.61264575,-0.786309,-0.07989347,0
-2.6848359,-1.3910792,0.57118821,-0.64798582,-0.44183624,-0.62039912,0
0.83600926,0.79797339,-4.6652145,-0.64798582,-0.44183624,-0.62039912,0
-3.1962864,-2.5837178,3.1245666,-0.45252571,-0.43185478,0.78020608,0
-0.70620346,0.48001456,2.377008,-0.61264575,0.786309,0.07989347,0
-2.4150126,-2.7880986,3.4645839,-0.45252571,-0.43185478,0.78020608,0
-0.80333543,-0.20596173,-2.2379923,-0.64798582,-0.44183624,-0.62039912,0
1.2331829,1.6109521,-4.801621,0.45252571,0.43185478,-0.78020608,0
1.7782891,1.6531727,0.1890111,0.64798582,0.44183624,0.62039912,0
1.6974406,0.31509209,-2.6013346,0.61264575,-0.786309,-0.07989347,0
2.8334541,3.6052122,-2.7696013,0.45252571,0.43185478,-0.78020608,0
1.8616992,2.4569812,-3.9687881,0.45252571,0.43185478,-0.78020608,0
2.3990037,1.3093245,-4.2923918,0.45252571,0.43185478,-0.78020608,0
2.8282418,3.5731826,-2.7903528,0.45252571,0.43185478,-0.78020608,0
1.2832398,2.5479319,-2.7197537,-0.61264575,0.786309,0.07989347,0
-2.9627621,-1.1632656,1.2461908,-0.61264575,0.786309,0.07989347,0
2.1471236,1.7367408,-4.2019029,0.45252571,0.43185478,-0.78020608,0
2.0205672,2.7460051,-0.84233427,0.64798582,0.44183624,0.62039912,0
-2.326611,-2.9738286,1.3242378,-0.64798582,-0.44183624,-0.62039912,0
-0.1663731,1.176034,-0.33362287,-0.61264575,0.786309,0.07989347,0
-0.58618999,-1.6074946,-1.1908213,0.61264575,-0.786309,-0.07989347,0
1.0701871,0.68082881,-4.8263779,-0.64798582,-0.44183624,-0.62039912,0
0.4209286,-1.1366277,1.8977888,0.61264575,-0.786309,-0.07989347,0
-2.1710935,-1.4754936,4.332603,-0.45252571,-0.43185478,0.78020608,0
3.2961164,1.4502908,-1.2518189,0.64798582,0.44183624,0.62039912,0
3.2334111,2.3898449,-1.8554578,0.64798582,0.44183624,0.62039912,0
0.89686763,-0.80923301,2.8633037,0.64798582,0.44183624,0.62039912,0
-1.2441838,-1.11622,5.0690808,-0.45252571,-0.43185478,0.78020608,0
1.6571848,2.3272476,-4.1592164,0.45252571,0.43185478,-0.78020608,0
0.62598246,2.0131207,-2.496197,-0.61264575,0.786309,0.07989347,0
1.6549457,0.35938084,-3.3630846,0.61264575,-0.786309,-0.07989347,0
-0.91965091,0.70735973,-1.4972904,-0.61264575,0.786309,0.07989347,0
-2.7909312,-2.1407948,3.6048388,-0.45252571,-0.43185478,0.78020608,0
-3.0419436,-1.4866834,3.821311,-0.45252571,-0.43185478,0.78020608,0
3.601687,2.8815601,-2.5902991,0.64798582,0.44183624,0.62039912,0
-1.8829863,-2.1762171,4.1118479,-0.45252571,-0.43185478,0.78020608,0
1.8870945,0.19739938,0.01131314,0.61264575,-0.786309,-0.07989347,0
0.17513317,1.3905391,0.17399085,-0.61264575,0.786309,0.07989347,0
2.4439311,1.2357812,-4.3070402,0.45252571,0.43185478,-0.78020608,0
0.32556593,0.82734632,2.2944682,0.64798582,0.44183624,0.62039912,0
-0.49630725,-0.31381899,-2.481859,-0.64798582,-0.44183624,-0.62039912,0
0.25349736,0.71800113,-3.9998465,-0.64798582,-0.44183624,-0.62039912,0
-1.1649356,-2.3373504,1.5544095,0.61264575,-0.786309,-0.07989347,0
-0.0015039742,1.4012209,-1.2856412,-0.61264575,0.786309,0.07989347,0
0.53369522,-0.82550436,3.2542124,0.64798582,0.44183624,0.62039912,0
1.5497258,0.88588834,-5.0193563,0.45252571,0.43185478,-0.78020608,0
1.6070929,2.0660677,0.073763728,0.64798582,0.44183624,0.62039912,0
-1.8253934,-1.5697571,-0.19921911,-0.64798582,-0.44183624,-0.62039912,0
1.1591175,-0.13068092,-2.3420644,0.61264575,-0.786309,-0.07989347,0
1.9939436,0.66393387,-3.7609558,0.61264575,-0.786309,-0.07989347,0
1.272166,1.5252708,-4.8264365,0.45252571,0.43185478,-0.78020608,0
-0.96978557,-2.3324194,4.5550518,-0.45252571,-0.43185478,0.78020608,0
-3.0431213,-1.3535037,0.91864395,-0.64798582,-0.44183624,-0.62039912,0
2.9522171,2.1784477,-3.4904513,0.45252571,0.43185478,-0.78020608,0
-1.3459351,-0.36044928,-1.5612426,-0.64798582,-0.44183624,-0.62039912,0
2.3044348,0.76138473,0.274584,0.64798582,0.44183624,0.62039912,0
2.1479034,2.7552807,-0.98193836,0.64798582,0.44183624,0.62039912,0
-1.3333452,-1.1854961,4.9790211,-0.45252571,-0.43185478,0.78020608,0
-0.78793323,0.17402115,-2.5246959,-0.64798582,-0.44183624,-0.62039912,0
3.5888617,2.8204439,-2.5333776,0.64798582,0.44183624,0.62039912,0
1.1697394,2.3584099,-4.4246902,0.45252571,0.43185478,-0.78020608,0
1.4377565,2.6770849,-2.8059998,-0.61264575,0.786309,0.07989347,0
2.201535,3.2758744,-2.8423948,-0.61264575,0.786309,0.07989347,0
0.43639922,-0.73341453,-1.9519863,0.61264575,-0.786309,-0.07989347,0
2.1622424,1.050145,-4.573173,0.45252571,0.43185478,-0.78020608,0
2.2555265,0.73800635,-2.4840829,0.61264575,-0.786309,-0.07989347,0
3.5314033,2.4872241,-2.236052,0.64798582,0.44183624,0.62039912,0
2.6629975,1.5485597,-4.0068521,0.45252571,0.43185478,-0.78020608,0
-1.8129692,-0.45375407,3.0801351,-0.61264575,0.786309,0.07989347,0
-0.14581585,0.16903943,-3.1918175,-0.64798582,-0.44183624,-0.62039912,0
-3.3481951,-1.7278488,3.5101929,-0.45252571,-0.43185478,0.78020608,0
1.8884056,1.2055457,0.39278948,0.64798582,0.44183624,0.62039912,0
1.1463258,-0.093803808,2.0932379,0.64798582,0.44183624,0.62039912,0
-0.9317205,0.65682358,-1.0924685,-0.61264575,0.786309,0.07989347,0
2.3727624,1.4435203,-4.2333312,0.45252571,0.43185478,-0.78020608,0
1.0072446,1.5680733,-4.9564013,0.45252571,0.43185478,-0.78020608,0
-2.8516264,-1.2541995,2.9933774,-0.61264575,0.786309,0.07989347,0
2.2187853,1.9746959,-4.0286264,0.45252571,0.43185478,-0.78020608,0
-2.1713142,-2.8169315,1.0502968,-0.64798582,-0.44183624,-0.62039912,0
-3.2518401,-3.3503745,2.6679902,-0.45252571,-0.43185478,0.78020608,0
0.68443608,2.2253201,-4.7798371,0.45252571,0.43185478,-0.78020608,0
0.66835231,-0.60714209,-1.4160745,0.61264575,-0.786309,-0.07989347,0
0.057580322,-1.2647603,0.37260878,0.61264575,-0.786309,-0.07989347,0
-0.52650094,-0.13870525,-2.5750351,-0.64798582,-0.44183624,-0.62039912,0
0.95732522,2.3328216,-4.5620551,0.45252571,0.43185478,-0.78020608,0
2.7022414,3.3597255,-2.981586,0.45252571,0.43185478,-0.78020608,0
-2.7536488,-2.4694052,3.4445739,-0.45252571,-0.43185478,0.78020608,0
3.5752597,2.4390035,-2.2475162,0.64798582,0.44183624,0.62039912,0
0.87786984,-0.18270564,-3.9867225,0.61264575,-0.786309,-0.07989347,0
2.0837803,0.66044271,-3.0377011,0.61264575,-0.786309,-0.07989347,0
3.1682487,1.6325678,-3.6673031,0.45252571,0.43185478,-0.78020608,0
0.77266932,-0.50315297,2.7750397,0.64798582,0.44183624,0.62039912,0
2.4688103,1.6481529,-0.52863979,0.64798582,0.44183624,0.62039912,0
2.7483561,3.1641166,-3.0631113,0.45252571,0.43185478,-0.78020608,0
-2.1431756,-1.8982983,4.1147676,-0.45252571,-0.43185478,0.78020608,0
-2.4966226,-0.77957243,1.0443842,-0.61264575,0.786309,0.07989347,0
1.4664501,1.4062246,-4.7796431,0.45252571,0.43185478,-0.78020608,0
-3.2301676,-2.3694923,3.2234921,-0.45252571,-0.43185478,0.78020608,0
2.9263716,3.0524762,-3.021656,0.45252571,0.43185478,-0.78020608,0
2.6624978,1.726182,-0.78651023,0.64798582,0.44183624,0.62039912,0
-1.905555,-0.24178243,0.28394461,-0.61264575,0.786309,0.07989347,0
-1.2365574,-0.0030508041,3.0644159,-0.61264575,0.786309,0.07989347,0
3.8518348,2.4380701,-2.8249612,0.45252571,0.43185478,-0.78020608,0
-1.9326971,-2.3048069,4.0118394,-0.45252571,-0.43185478,0.78020608,0
0.49591827,-0.77115226,3.2549601,0.64798582,0.44183624,0.62039912,0
0.44931161,1.0246507,2.0247037,0.64798582,0.44183624,0.62039912,0
1.1577284,-0.34290278,-0.26403564,0.61264575,-0.786309,-0.07989347,0
2.5972764,1.9794352,-0.89875102,0.64798582,0.44183624,0.62039912,0
-0.84545887,-0.29009822,-2.1340754,-0.64798582,-0.44183624,-0.62039912,0
-2.6772065,-1.2976259,0.49666405,-0.64798582,-0.44183624,-0.62039912,0
1.2534603,-0.35836256,0.62221718,0.61264575,-0.786309,-0.07989347,0
0.028521538,0.15431499,3.0840411,0.64798582,0.44183624,0.62039912,0
-1.4558294,-2.5388958,1.3073592,0.61264575,-0.786309,-0.07989347,0
0.29126167,-0.11542797,-3.4457378,-0.64798582,-0.44183624,-0.62039912,0
-0.73803508,-0.56582046,-2.049912,-0.64798582,-0.44183624,-0.62039912,0
-1.1461321,-2.0144758,4.628756,-0.45252571,-0.43185478,0.78020608,0
1.612375,2.0416358,-4.343297,0.45252571,0.43185478,-0.78020608,0
3.0695739,2.8403471,-2.0051742,0.64798582,0.44183624,0.62039912,0
-1.6388428,-1.3927895,4.6870914,-0.45252571,-0.43185478,0.78020608,0
-2.1534736,-2.153645,3.9674573,-0.45252571,-0.43185478,0.78020608,0
-1.6247143,-2.5725882,0.34390211,0.61264575,-0.786309,-0.07989347,0
0.84540492,1.9203347,0.099589944,-0.61264575,0.786309,0.07989347,0
-0.78611064,-1.8746943,4.9149413,-0.45252571,-0.43185478,0.78020608,0
-1.3306414,-1.6975381,4.6971679,-0.45252571,-0.43185478,0.78020608,0
1.5152152,2.4914701,-4.1506619,0.45252571,0.43185478,-0.78020608,0
0.59751284,2.1788118,-4.3452368,-0.61264575,0.786309,0.07989347,0
-2.9117842,-2.055804,3.5817871,-0.45252571,-0.43185478,0.78020608,0
-3.0614657,-3.1299796,2.9004006,-0.45252571,-0.43185478,0.78020608,0
-1.9375557,-1.9003934,4.2328696,-0.45252571,-0.43185478,0.78020608,0
-0.88289869,-2.4063265,4.3960099,0.61264575,-0.786309,-0.07989347,0
-3.8429263,-2.4843631,2.5593891,-0.64798582,-0.44183624,-0.62039912,0
2.5595181,3.1469214,-1.6907749,0.64798582,0.44183624,0.62039912,0
2.4590697,2.5455406,-1.1575685,0.64798582,0.44183624,0.62039912,0
1.7653456,0.16856897,-0.63854682,0.61264575,-0.786309,-0.07989347,0
-3.0185969,-3.5954223,2.4896803,-0.64798582,-0.44183624,-0.62039912,0
2.3220193,2.9766145,-3.4141755,0.45252571,0.43185478,-0.78020608,0
-1.4876659,-0.29174751,-1.4621375,-0.64798582,-0.44183624,-0.62039912,0
-0.94283497,0.73664844,-1.9633327,-0.61264575,0.786309,0.07989347,0
-0.46719599,0.60813546,2.9488218,-0.61264575,0.786309,0.07989347,0
-1.2002518,-0.48925793,4.8257923,0.64798582,0.44183624,0.62039912,0
-1.6841699,-1.1516681,4.7942638,-0.45252571,-0.43185478,0.78020608,0
1.0823436,-0.26268005,2.2803354,0.64798582,0.44183624,0.62039912,0
2.3461576,1.8346878,-4.0322456,0.45252571,0.43185478,-0.78020608,0
3.0571609,3.0285304,-2.9590502,0.45252571,0.43185478,-0.78020608,0
0.42088401,-1.2210615,2.7284417,0.61264575,-0.786309,-0.07989347,0
1.2482312,0.19374895,-4.6654491,-0.64798582,-0.44183624,-0.62039912,0
-3.7619209,-2.3297369,2.9370761,-0.45252571,-0.43185478,0.78020608,0
-1.7600162,-0.27915037,1.76775,-0.61264575,0.786309,0.07989347,0
0.031027079,-0.33604634,3.4306495,0.64798582,0.44183624,0.62039912,0
-1.26499,-2.2501268,-0.071285725,0.61264575,-0.786309,-0.07989347,0
0.011806726,-0.55985886,3.6101198,0.64798582,0.44183624,0.62039912,0
-3.6275573,-1.8385459,2.7944393,-0.61264575,0.786309,0.07989347,0
2.4893696,2.3241198,-3.6782742,0.45252571,0.43185478,-0.78020608,0
-0.31488502,0.82483685,1.9840169,-0.61264575,0.786309,0.07989347,0
-0.010365367,-1.5525665,2.6841619,0.61264575,-0.786309,-0.07989347,0
-2.3961987,-2.3513513,0.95360351,-0.64798582,-0.44183624,-0.62039912,0
2.6422985,2.889174,-3.2768102,0.45252571,0.43185478,-0.78020608,0
0.21218848,1.6725402,-2.3173029,-0.61264575,0.786309,0.07989347,0
-2.2295837,-1.5761565,4.2429609,-0.45252571,-0.43185478,0.78020608,0
-3.3832309,-2.4482055,3.0911446,-0.45252571,-0.43185478,0.78020608,0
1.7574224,2.8735955,-2.2887602,-0.61264575,0.786309,0.07989347,0
-3.3496175,-3.0592439,2.4535637,-0.64798582,-0.44183624,-0.62039912,0
3.1024711,2.4565229,-3.2493844,0.45252571,0.43185478,-0.78020608,0
-1.3204455,-1.2351648,-0.96491015,-0.64798582,-0.44183624,-0.62039912,0
0.37100363,-0.91318625,3.4865835,0.64798582,0.44183624,0.62039912,0
1.7142243,0.40580153,-3.3653898,0.61264575,-0.786309,-0.07989347,0
1.9740207,0.99178135,0.4556061,0.64798582,0.44183624,0.62039912,0
0.44899535,1.4976852,-4.7593136,-0.64798582,-0.44183624,-0.62039912,0
-1.4875047,0.16334784,-1.7864161,-0.64798582,-0.44183624,-0.62039912,0
-3.048389,-3.2731323,2.8287473,-0.45252571,-0.43185478,0.78020608,0
-0.7577787,0.67154324,0.096495241,-0.61264575,0.786309,0.07989347,0
0.54902315,2.0362842,-4.9630113,0.45252571,0.43185478,-0.78020608,0
3.089438,1.9143664,-3.5570345,0.45252571,0.43185478,-0.78020608,0
-1.1639616,-1.503849,-0.93700039,-0.64798582,-0.44183624,-0.62039912,0
-2.214468,-0.56621021,1.1081204,-0.61264575,0.786309,0.07989347,0
0.96391851,1.971573,0.50410348,-0.61264575,0.786309,0.07989347,0
-1.8119361,-2.3885629,0.36986256,-0.64798582,-0.44183624,-0.62039912,0
-1.5608699,0.17036849,-1.1292886,-0.61264575,0.786309,0.07989347,0
-1.4713863,0.114281,-1.7683066,-0.64798582,-0.44183624,-0.62039912,0
-0.34008634,1.1690326,-1.5967978,-0.61264575,0.786309,0.07989347,0
-2.5219693,-3.0968146,1.6158719,-0.64798582,-0.44183624,-0.62039912,0
-0.42118812,-0.25246227,3.8434455,0.64798582,0.44183624,0.62039912,0
-1.1376221,-2.1878376,4.5377331,-0.45252571,-0.43185478,0.78020608,0
1.992525,0.28100145,-0.0030267835,0.61264575,-0.786309,-0.07989347,0
0.16852689,0.81267107,-3.9785194,-0.64798582,-0.44183624,-0.62039912,0
-2.8370855,-3.286032,2.9441657,-0.45252571,-0.43185478,0.78020608,0
0.78552604,1.9548261,-0.69903851,-0.61264575,0.786309,0.07989347,0
3.7076039,2.505636,-2.8712177,0.45252571,0.43185478,-0.78020608,0
2.3282924,3.0048556,-1.3480911,0.64798582,0.44183624,0.62039912,0
-2.414156,-2.8238981,1.3088977,-0.64798582,-0.44183624,-0.62039912,0
-3.2031546,-1.5384347,3.0951948,-0.61264575,0.786309,0.07989347,0
-2.2170346,-1.0804965,-0.13860536,-0.64798582,-0.44183624,-0.62039912,0
-0.59874129,-0.31317866,4.0721359,0.64798582,0.44183624,0.62039912,0
3.0933828,3.5896239,-2.5636625,0.64798582,0.44183624,0.62039912,0
-1.2426447,0.2162658,0.85923135,-0.61264575,0.786309,0.07989347,0
-0.43181181,-1.473654,-1.324261,0.61264575,-0.786309,-0.07989347,0
-0.11051035,0.20680892,3.1918693,0.64798582,0.44183624,0.62039912,0
-2.41996,-2.6110687,1.1633871,-0.64798582,-0.44183624,-0.62039912,0
-2.0244949,-2.2509074,0.49383759,-0.64798582,-0.44183624,-0.62039912,0
-2.9097471,-1.2841713,2.8426754,-0.61264575,0.786309,0.07989347,0
0.84912777,0.26540583,2.1478286,0.64798582,0.44183624,0.62039912,0
3.5623078,2.7239397,-2.8346562,0.45252571,0.43185478,-0.78020608,0
-1.8196198,-2.8459034,3.7779202,-0.45252571,-0.43185478,0.78020608,0
-0.53080285,-2.1216981,4.2946773,0.61264575,-0.786309,-0.07989347,0
-0.88406527,-1.3603806,-1.3315179,-0.64798582,-0.44183624,-0.62039912,0
0.058157921,1.3263212,-0.090978622,-0.61264575,0.786309,0.07989347,0
1.4885215,0.21081626,-3.1771028,0.61264575,-0.786309,-0.07989347,0
-0.12996215,1.1932734,-0.22408372,-0.61264575,0.786309,0.07989347,0
-1.1029856,0.21550071,1.9377066,-0.61264575,0.786309,0.07989347,0
-1.9519254,-2.274663,4.0173721,-0.45252571,-0.43185478,0.78020608,0
0.1269815,-0.59462714,3.5145841,0.64798582,0.44183624,0.62039912,0
-0.33391309,-1.8704554,3.331758,0.61264575,-0.786309,-0.07989347,0
-0.72955769,0.8557713,-1.5002645,-0.61264575,0.786309,0.07989347,0
-1.3367862,-1.4479058,4.831779,-0.45252571,-0.43185478,0.78020608,0
0.31495595,-0.044877231,2.9267306,0.64798582,0.44183624,0.62039912,0
3.2320247,2.710541,-2.0824032,0.64798582,0.44183624,0.62039912,0
-3.830668,-2.4998593,2.8030367,-0.45252571,-0.43185478,0.78020608,0
2.688405,0.96620435,-1.4105675,0.61264575,-0.786309,-0.07989347,0
2.9302416,2.8093109,-3.1540055,0.45252571,0.43185478,-0.78020608,0
1.6541555,0.60118318,-5.116374,0.45252571,0.43185478,-0.78020608,0
0.77787066,-0.54170799,-1.2202566,0.61264575,-0.786309,-0.07989347,0
-3.4793327,-2.6591454,2.9186478,-0.45252571,-0.43185478,0.78020608,0
-0.26647836,1.1539235,-0.8836472,-0.61264575,0.786309,0.07989347,0
1.4608057,0.46589291,1.3661692,0.64798582,0.44183624,0.62039912,0
1.5302773,0.42731369,-4.9876728,0.61264575,-0.786309,-0.07989347,0
1.4192688,-0.25552481,0.88155723,0.61264575,-0.786309,-0.07989347,0
-1.5344865,-0.34995529,-1.3717809,-0.64798582,-0.44183624,-0.62039912,0
0.51374245,0.32747847,2.4539204,0.64798582,0.44183624,0.62039912,0
-3.4740176,-2.1225748,3.21873,-0.45252571,-0.43185478,0.78020608,0
-0.40806651,-0.14366972,3.7522609,0.64798582,0.44183624,0.62039912,0
2.1742625,0.35884517,0.69722545,0.64798582,0.44183624,0.62039912,0
2.5092278,0.89414638,-0.033865333,0.64798582,0.44183624,0.62039912,0
0.066224098,-1.6495523,4.2260032,0.61264575,-0.786309,-0.07989347,0
2.9157598,1.9619981,-1.2189777,0.64798582,0.44183624,0.62039912,0
0.6089642,0.046529174,-3.8929098,-0.64798582,-0.44183624,-0.62039912,0
-0.4550904,1.1054559,-1.8529596,-0.61264575,0.786309,0.07989347,0
3.0668831,1.7587507,-3.6562519,0.45252571,0.43185478,-0.78020608,0
1.2299252,1.8773823,-4.6560378,0.45252571,0.43185478,-0.78020608,0
-0.44452915,0.93378013,-0.082347989,-0.61264575,0.786309,0.07989347,0
-2.4776003,-3.0480978,3.2843685,-0.45252571,-0.43185478,0.78020608,0
3.2891405,1.4173616,-1.221081,0.64798582,0.44183624,0.62039912,0
-2.4192009,-2.8048947,3.452858,-0.45252571,-0.43185478,0.78020608,0
-0.88659966,0.85564697,-2.7032809,-0.61264575,0.786309,0.07989347,0
1.6886754,2.061147,-4.2882423,0.45252571,0.43185478,-0.78020608,0
-0.51788044,0.19384921,3.6265831,0.64798582,0.44183624,0.62039912,0
1.4333568,-0.27234375,1.1551198,0.61264575,-0.786309,-0.07989347,0
-3.7363069,-2.1695466,3.0405993,-0.45252571,-0.43185478,0.78020608,0
-1.8467383,-2.4911511,0.4792738,-0.64798582,-0.44183624,-0.62039912,0
-0.57540607,1.16903,-3.4012692,-0.61264575,0.786309,0.07989347,0
-1.9850166,-3.0986118,2.7581105,0.61264575,-0.786309,-0.07989347,0
2.2476034,3.2080054,-3.3292575,0.45252571,0.43185478,-0.78020608,0
-1.8747753,-1.6396812,4.4135909,-0.45252571,-0.43185478,0.78020608,0
-0.10694152,-1.3686218,0.13321269,0.61264575,-0.786309,-0.07989347,0
1.5638371,1.0523825,-4.9190145,0.45252571,0.43185478,-0.78020608,0
-1.3463206,-2.4545343,4.2690659,-0.45252571,-0.43185478,0.78020608,0
-3.0481069,-3.3290138,2.7979794,-0.45252571,-0.43185478,0.78020608,0
1.4541883,0.26838672,-4.0069876,0.61264575,-0.786309,-0.07989347,0
-2.9272213,-3.2977488,2.8854008,-0.45252571,-0.43185478,0.78020608,0
0.45139742,1.8730538,-2.4564285,-0.61264575,0.786309,0.07989347,0
-1.0575352,-0.5826112,4.7432146,0.64798582,0.44183624,0.62039912,0
2.8852034,1.4667746,-0.83437395,0.64798582,0.44183624,0.62039912,0
-1.3939595,0.20267427,-0.1673245,-0.61264575,0.786309,0.07989347,0
0.59861809,1.9955318,-2.5329261,-0.61264575,0.786309,0.07989347,0
0.72265089,2.2115908,-3.708251,-0.61264575,0.786309,0.07989347,0
-0.85473299,-0.53417003,-1.9505656,-0.64798582,-0.44183624,-0.62039912,0
2.6065664,0.85119677,-0.10494471,0.64798582,0.44183624,0.62039912,0
2.9666774,1.1968821,-1.5470181,0.61264575,-0.786309,-0.07989347,0
3.4390817,1.6534611,-2.4181237,0.61264575,-0.786309,-0.07989347,0
-3.4538043,-2.525331,3.0075221,-0.45252571,-0.43185478,0.78020608,0
-0.076440811,-1.2187399,-1.1080323,0.61264575,-0.786309,-0.07989347,0
-1.7274292,-0.13308644,0.58008146,-0.61264575,0.786309,0.07989347,0
1.1748682,-0.22855985,-1.2579631,0.61264575,-0.786309,-0.07989347,0
-2.54742,-3.4761543,2.1612048,0.61264575,-0.786309,-0.07989347,0
-3.6546707,-2.7525187,2.7652664,-0.45252571,-0.43185478,0.78020608,0
0.76985025,0.29578066,-4.2384615,-0.64798582,-0.44183624,-0.62039912,0
2.7735219,2.4940133,-1.4493055,0.64798582,0.44183624,0.62039912,0
3.3823519,2.3950465,-3.1210785,0.45252571,0.43185478,-0.78020608,0
1.380119,1.3555975,-4.857739,0.45252571,0.43185478,-0.78020608,0
-0.70976901,0.50947011,-2.8452361,-0.64798582,-0.44183624,-0.62039912,0
1.6166017,0.77236676,-5.0434036,0.45252571,0.43185478,-0.78020608,0
-1.3719625,-0.80170393,5.1690578,-0.45252571,-0.43185478,0.78020608,0
0.56002307,1.7812194,-0.71962714,-0.61264575,0.786309,0.07989347,0
3.3321881,2.4142475,-3.1395473,0.45252571,0.43185478,-0.78020608,0
-1.2706398,-2.0361981,4.5445161,-0.45252571,-0.43185478,0.78020608,0
-1.8608887,-1.9301915,4.2608433,-0.45252571,-0.43185478,0.78020608,0
2.8329034,3.4232595,-2.1731191,0.64798582,0.44183624,0.62039912,0
-2.6159766,-3.0599885,3.1975284,-0.45252571,-0.43185478,0.78020608,0
2.6693242,3.1094894,-1.7788053,0.64798582,0.44183624,0.62039912,0
-3.7477343,-1.8908246,2.0372577,-0.64798582,-0.44183624,-0.62039912,0
-3.2546406,-1.8657944,1.5044127,-0.64798582,-0.44183624,-0.62039912,0
-1.7394986,-0.94933534,4.8741679,-0.45252571,-0.43185478,0.78020608,0
3.2815719,1.5913132,-1.3370612,0.64798582,0.44183624,0.62039912,0
2.7934718,2.1815143,-3.5808272,0.45252571,0.43185478,-0.78020608,0
-2.6018777,-2.186322,3.6892924,-0.45252571,-0.43185478,0.78020608,0
1.8094274,2.906532,-3.7502732,0.45252571,0.43185478,-0.78020608,0
1.9467676,2.7383657,-3.7636981,0.45252571,0.43185478,-0.78020608,0
-1.8739225,-1.1116164,-0.4748112,-0.64798582,-0.44183624,-0.62039912,0
-0.42695057,-1.2854929,-1.8622922,-0.64798582,-0.44183624,-0.62039912,0
-3.196228,-2.9992218,2.8946133,-0.45252571,-0.43185478,0.78020608,0
1.7672437,2.7307742,-0.80780911,-0.61264575,0.786309,0.07989347,0
2.1530073,1.1027335,0.18964291,0.64798582,0.44183624,0.62039912,0
1.3203365,-0.22577202,-0.16990978,0.61264575,-0.786309,-0.07989347,0
-0.34308958,-0.036744714,3.6082447,0.64798582,0.44183624,0.62039912,0
0.055720545,1.3783872,-0.62209952,-0.61264575,0.786309,0.07989347,0
-2.4559085,-1.4315935,4.1917081,-0.45252571,-0.43185478,0.78020608,0
-0.93263495,0.44431463,-2.5660574,-0.64798582,-0.44183624,-0.62039912,0
-1.0305176,-2.4502425,3.6962447,0.61264575,-0.786309,-0.07989347,0
-1.8200829,-0.6731534,4.980298,-0.45252571,-0.43185478,0.78020608,0
0.65397811,2.0062308,-4.9187717,0.45252571,0.43185478,-0.78020608,0
-0.87238026,-0.68072063,4.6196976,0.64798582,0.44183624,0.62039912,0
2.8759828,1.7832561,-1.0501351,0.64798582,0.44183624,0.62039912,0
-2.9089253,-2.4836159,3.3466454,-0.45252571,-0.43185478,0.78020608,0
2.457231,1.5896788,-0.47490144,0.64798582,0.44183624,0.62039912,0
0.50530028,-0.3122206,2.9183192,0.64798582,0.44183624,0.62039912,0
0.026499033,1.6855167,-3.8689349,-0.61264575,0.786309,0.07989347,0
-2.5834198,-1.1517926,4.0421767,-0.61264575,0.786309,0.07989347,0
0.63961053,-0.57844937,-1.9188681,0.61264575,-0.786309,-0.07989347,0
1.8327347,1.7290888,-4.3884854,0.45252571,0.43185478,-0.78020608,0
-0.20326948,-1.0551018,-2.2599998,-0.64798582,-0.44183624,-0.62039912,0
2.8623328,3.3028555,-2.1181073,0.64798582,0.44183624,0.62039912,0
1.5346378,1.2793888,-4.8102994,0.45252571,0.43185478,-0.78020608,0
0.97484899,0.58401287,-4.6578498,-0.64798582,-0.44183624,-0.62039912,0
-0.41018867,-1.21618,-1.929163,-0.64798582,-0.44183624,-0.62039912,0
1.4401723,2.2236397,-4.3424339,0.45252571,0.43185478,-0.78020608,0
-0.6925751,-1.8849132,0.72373438,0.61264575,-0.786309,-0.07989347,0
0.47211027,1.0192186,-4.4427023,-0.64798582,-0.44183624,-0.62039912,0
-2.882663,-1.1879983,2.1038299,-0.61264575,0.786309,0.07989347,0
-3.3623672,-2.8160512,2.8996387,-0.45252571,-0.43185478,0.78020608,0
1.3921502,-0.37294406,1.82924,0.61264575,-0.786309,-0.07989347,0
2.1509724,0.46530294,0.64573377,0.64798582,0.44183624,0.62039912,0
-0.94653416,0.81867337,-2.7989841,-0.61264575,0.786309,0.07989347,0
1.5645814,0.19439156,1.4511368,0.64798582,0.44183624,0.62039912,0
-3.3277159,-2.6339607,3.0205264,-0.45252571,-0.43185478,0.78020608,0
-0.81675863,0.53621817,-2.7525382,-0.64798582,-0.44183624,-0.62039912,0
-1.8113999,-3.0383132,3.6761861,-0.45252571,-0.43185478,0.78020608,0
-2.084866,-1.8314044,4.1856151,-0.45252571,-0.43185478,0.78020608,0
0.79623175,1.9223899,-0.2977103,-0.61264575,0.786309,0.07989347,0
2.0312824,0.47230363,-1.5886118,0.61264575,-0.786309,-0.07989347,0
1.6463728,2.5028512,-0.27833152,0.64798582,0.44183624,0.62039912,0
1.2844601,1.1203291,-5.0434456,0.45252571,0.43185478,-0.78020608,0
-1.1898317,0.57441652,-2.3900809,-0.64798582,-0.44183624,-0.62039912,0
-0.29115051,1.0083747,0.35964486,-0.61264575,0.786309,0.07989347,0
1.573487,1.350382,-4.7484713,0.45252571,0.43185478,-0.78020608,0
2.3553233,2.4578836,-0.98678088,0.64798582,0.44183624,0.62039912,0
-0.18551898,-1.6624014,2.4220285,0.61264575,-0.786309,-0.07989347,0
2.3167744,1.3774486,-4.3023767,0.45252571,0.43185478,-0.78020608,0
3.6473589,2.7780035,-2.7554011,0.45252571,0.43185478,-0.78020608,0
-1.0452994,0.20771015,2.4567351,-0.61264575,0.786309,0.07989347,0
-0.31821918,0.7422328,2.7714376,-0.61264575,0.786309,0.07989347,0
-1.0533144,0.3021431,1.4658681,-0.61264575,0.786309,0.07989347,0
-1.6950623,-1.4259493,4.6361289,-0.45252571,-0.43185478,0.78020608,0
1.0974724,0.86652434,-4.987124,-0.64798582,-0.44183624,-0.62039912,0
-3.3432541,-1.5148158,1.7884169,-0.61264575,0.786309,0.07989347,0
1.2090133,-0.45569599,1.2393368,0.61264575,-0.786309,-0.07989347,0
-0.74800634,-0.54040539,4.389863,0.64798582,0.44183624,0.62039912,0
-1.1427709,-1.4805405,-0.9757334,-0.64798582,-0.44183624,-0.62039912,0
2.5620365,2.5299997,-3.5221696,0.45252571,0.43185478,-0.78020608,0
0.99145067,2.0980718,-4.6722002,0.45252571,0.43185478,-0.78020608,0
-0.4913373,-0.61212039,4.1728554,0.64798582,0.44183624,0.62039912,0
2.2251985,1.613942,-4.2245889,0.45252571,0.43185478,-0.78020608,0
3.5569739,3.0350494,-2.6655469,0.45252571,0.43185478,-0.78020608,0
-1.3521965,-2.498975,1.7091484,0.61264575,-0.786309,-0.07989347,0
-3.730546,-2.5967045,2.8075037,-0.45252571,-0.43185478,0.78020608,0
-1.2859343,-2.5694401,2.9107761,0.61264575,-0.786309,-0.07989347,0
2.5797725,2.5881195,-3.4797139,0.45252571,0.43185478,-0.78020608,0
-3.6889381,-2.3677716,2.958354,-0.45252571,-0.43185478,0.78020608,0
0.048799753,0.74155939,-3.8028243,-0.64798582,-0.44183624,-0.62039912,0
-2.2061379,-3.321521,3.2904768,-0.45252571,-0.43185478,0.78020608,0
2.0811903,2.2231612,-3.9709034,0.45252571,0.43185478,-0.78020608,0
-0.72437048,-1.8463358,4.9664478,-0.45252571,-0.43185478,0.78020608,0
3.3661304,2.1804886,-3.249248,0.45252571,0.43185478,-0.78020608,0
-1.5627322,-0.65535939,5.1394138,-0.45252571,-0.43185478,0.78020608,0
-3.4695415,-1.963001,1.7980981,-0.64798582,-0.44183624,-0.62039912,0
0.82346737,-0.54730201,-0.81555289,0.61264575,-0.786309,-0.07989347,0
-3.3724053,-2.2931352,3.1832576,-0.45252571,-0.43185478,0.78020608,0
-3.6442966,-2.7186227,2.7900453,-0.45252571,-0.43185478,0.78020608,0
-2.3849599,-2.7637162,3.4955096,-0.45252571,-0.43185478,0.78020608,0
0.58974051,2.2167709,-4.8394928,0.45252571,0.43185478,-0.78020608,0
-0.82908678,-1.7941238,-1.0800377,-0.64798582,-0.44183624,-0.62039912,0
-2.2477565,-0.48971337,-0.52726144,-0.64798582,-0.44183624,-0.62039912,0
0.27309918,-0.83671379,3.534379,0.64798582,0.44183624,0.62039912,0
-3.3392601,-1.4772161,1.4489884,-0.61264575,0.786309,0.07989347,0
0.39245152,0.11095053,2.7348115,0.64798582,0.44183624,0.62039912,0
1.7466494,1.1918631,-4.7357783,0.45252571,0.43185478,-0.78020608,0
1.3476496,0.27763796,-4.8290324,-0.64798582,-0.44183624,-0.62039912,0
0.89953947,2.4237928,-4.4403052,-0.61264575,0.786309,0.07989347,0
-1.843204,-1.7779211,-0.032366395,-0.64798582,-0.44183624,-0.62039912,0
0.058732271,1.1604139,1.5462813,-0.61264575,0.786309,0.07989347,0
1.1826664,1.5994688,-4.8372769,0.45252571,0.43185478,-0.78020608,0
-1.1706185,-1.5333792,-0.90901685,-0.64798582,-0.44183624,-0.62039912,0
1.2722352,2.1506298,-4.4802518,0.45252571,0.43185478,-0.78020608,0
-1.7187233,-0.28379631,2.1301224,-0.61264575,0.786309,0.07989347,0
2.6999369,1.2196844,-0.46489644,0.64798582,0.44183624,0.62039912,0
0.7158072,2.1744697,-3.3953891,-0.61264575,0.786309,0.07989347,0
2.8917127,2.7624054,-1.763895,0.64798582,0.44183624,0.62039912,0
-2.3427849,-1.2808768,4.340744,-0.45252571,-0.43185478,0.78020608,0
2.1439009,2.3089018,-0.65985537,0.64798582,0.44183624,0.62039912,0
1.4791238,-0.040471196,-0.77600813,0.61264575,-0.786309,-0.07989347,0
2.9584928,1.2180703,-0.7337997,0.64798582,0.44183624,0.62039912,0
1.4168919,-0.20794713,0.39507216,0.61264575,-0.786309,-0.07989347,0
3.1373062,1.2718552,-0.97647285,0.61264575,-0.786309,-0.07989347,0
-0.50973332,-1.8059875,1.3490314,0.61264575,-0.786309,-0.07989347,0
-0.82054424,0.15496504,3.9703977,0.64798582,0.44183624,0.62039912,0
1.7053659,-0.054404378,1.0960089,0.61264575,-0.786309,-0.07989347,0
2.9804859,1.7829975,-3.6929412,0.45252571,0.43185478,-0.78020608,0
-1.5815511,-0.39805436,-1.2883681,-0.64798582,-0.44183624,-0.62039912,0
3.001687,1.6016742,-1.0521097,0.64798582,0.44183624,0.62039912,0
-1.3939321,-1.7516307,-0.52033901,-0.64798582,-0.44183624,-0.62039912,0
1.2216041,1.7900643,-4.7091956,0.45252571,0.43185478,-0.78020608,0
-1.490078,-0.73280704,5.1386852,-0.45252571,-0.43185478,0.78020608,0
-3.0003474,-1.3057837,2.3606365,-0.61264575,0.786309,0.07989347,0
2.895618,2.4684834,-3.36274,0.45252571,0.43185478,-0.78020608,0
-0.99754465,-0.45709857,-1.8562925,-0.64798582,-0.44183624,-0.62039912,0
1.8621743,0.36144832,1.0213368,0.64798582,0.44183624,0.62039912,0
-3.3285956,-2.0501137,1.712925,-0.64798582,-0.44183624,-0.62039912,0
-2.6110125,-2.0372741,3.7664938,-0.45252571,-0.43185478,0.78020608,0
0.18625617,-0.90722871,3.6753032,0.64798582,0.44183624,0.62039912,0
1.2318649,0.5803225,-4.9236665,-0.64798582,-0.44183624,-0.62039912,0
-2.5847008,-1.4883276,4.0856037,-0.45252571,-0.43185478,0.78020608,0
-2.4726782,-3.3748209,1.7623787,-0.64798582,-0.44183624,-0.62039912,0
-0.11078167,0.93211699,2.4932888,-0.61264575,0.786309,0.07989347,0
-2.2368011,-1.0842646,4.5110431,-0.45252571,-0.43185478,0.78020608,0
1.652522,0.51912677,1.1280159,0.64798582,0.44183624,0.62039912,0
-1.2042173,-2.0473709,-0.50786901,-0.64798582,-0.44183624,-0.62039912,0
-1.7464238,-2.083441,4.2424073,-0.45252571,-0.43185478,0.78020608,0
-1.1126399,-0.57333624,4.7941632,0.64798582,0.44183624,0.62039912,0
2.0116584,1.2229364,-4.5648718,0.45252571,0.43185478,-0.78020608,0
-3.099081,-3.1236849,2.8820677,-0.45252571,-0.43185478,0.78020608,0
-2.7745521,-1.880064,1.0131392,-0.64798582,-0.44183624,-0.62039912,0
-0.72814393,0.35393775,3.4496057,-0.61264575,0.786309,0.07989347,0
2.3689175,2.9904976,-3.3792887,0.45252571,0.43185478,-0.78020608,0
1.3314363,2.6081145,-2.9424882,-0.61264575,0.786309,0.07989347,0
3.6391392,2.7137563,-2.7957306,0.45252571,0.43185478,-0.78020608,0
-0.97014904,-1.5569558,4.9840703,-0.45252571,-0.43185478,0.78020608,0
-2.436883,-1.8416733,0.63311386,-0.64798582,-0.44183624,-0.62039912,0
-1.8895435,-0.14123809,-0.58282936,-0.61264575,0.786309,0.07989347,0
0.44491553,-0.64567614,-2.7501965,0.61264575,-0.786309,-0.07989347,0
1.9723451,1.2226562,-4.5878282,0.45252571,0.43185478,-0.78020608,0
-1.2656584,-2.4917715,2.301847,0.61264575,-0.786309,-0.07989347,0
-2.8807666,-2.7818072,1.7662802,-0.64798582,-0.44183624,-0.62039912,0
-3.1644363,-3.5005944,2.6355357,-0.45252571,-0.43185478,0.78020608,0
0.8812077,-0.11256687,2.383507,0.64798582,0.44183624,0.62039912,0
1.9958329,2.4476044,-3.8961792,0.45252571,0.43185478,-0.78020608,0
2.6517744,3.029989,-3.1933703,0.45252571,0.43185478,-0.78020608,0
0.15469956,1.557242,-1.6233852,-0.61264575,0.786309,0.07989347,0
3.2289019,2.1226525,-3.3608556,0.45252571,0.43185478,-0.78020608,0
-2.9113793,-3.4757957,2.7960377,-0.45252571,-0.43185478,0.78020608,0
1.0999889,2.3152926,-4.4890118,0.45252571,0.43185478,-0.78020608,0
-3.4218025,-2.9081309,2.8141985,-0.45252571,-0.43185478,0.78020608,0
-3.4921579,-1.8783145,1.7614076,-0.64798582,-0.44183624,-0.62039912,0
-2.6652074,-1.0658691,2.5693512,-0.61264575,0.786309,0.07989347,0
3.2369909,1.955745,-1.5500388,0.64798582,0.44183624,0.62039912,0
-2.309222,-0.56624103,0.38182247,-0.61264575,0.786309,0.07989347,0
-3.7248583,-2.2177193,3.0205755,-0.45252571,-0.43185478,0.78020608,0
-0.75864708,-1.0110781,-1.7112794,-0.64798582,-0.44183624,-0.62039912,0
-2.2387409,-1.6415944,4.2014284,-0.45252571,-0.43185478,0.78020608,0
1.1531001,-0.5782162,2.0164177,0.61264575,-0.786309,-0.07989347,0
2.3593433,0.60831153,0.32624966,0.64798582,0.44183624,0.62039912,0
2.1842451,0.49307376,-0.62007225,0.61264575,-0.786309,-0.07989347,0
3.3912349,2.2861242,-3.1762161,0.45252571,0.43185478,-0.78020608,0
2.8756642,3.502207,-2.8021336,0.45252571,0.43185478,-0.78020608,0
0.9189074,0.3291167,-4.4178882,-0.64798582,-0.44183624,-0.62039912,0
-3.9588919,-2.2955577,2.5460482,-0.64798582,-0.44183624,-0.62039912,0
-0.60714531,-2.0579782,3.0821288,0.61264575,-0.786309,-0.07989347,0
2.2269964,0.77885699,-3.1049097,0.61264575,-0.786309,-0.07989347,0
-0.78008652,-1.7047451,-1.1948705,-0.64798582,-0.44183624,-0.62039912,0
1.5984659,1.8991072,-4.4302564,0.45252571,0.43185478,-0.78020608,0
-1.2450294,0.22011054,0.80310321,-0.61264575,0.786309,0.07989347,0
-2.0599039,-1.3049662,4.4914832,-0.45252571,-0.43185478,0.78020608,0
-3.5376723,-2.9493213,2.5716958,-0.64798582,-0.44183624,-0.62039912,0
-2.12218,-3.098954,3.4623661,-0.45252571,-0.43185478,0.78020608,0
1.4239467,0.08567059,-2.4406028,0.61264575,-0.786309,-0.07989347,0
2.5267007,2.8145239,-1.4197707,0.64798582,0.44183624,0.62039912,0
-2.4505172,-2.2850223,3.7224507,-0.45252571,-0.43185478,0.78020608,0
3.6933484,2.5079179,-2.4199357,0.64798582,0.44183624,0.62039912,0
1.68241,2.897718,-3.1013927,-0.61264575,0.786309,0.07989347,0
-1.8922936,-1.244128,4.6223741,-0.45252571,-0.43185478,0.78020608,0
1.9659185,1.5427257,-4.4143934,0.45252571,0.43185478,-0.78020608,0
-2.5440645,-2.0882168,3.7771263,-0.45252571,-0.43185478,0.78020608,0
0.38729525,1.9168513,-3.3790371,-0.61264575,0.786309,0.07989347,0
0.40340018,-0.85822803,3.4136059,0.64798582,0.44183624,0.62039912,0
0.99693775,-0.43000317,-0.63978428,0.61264575,-0.786309,-0.07989347,0
1.6081995,0.98912477,-4.928298,0.45252571,0.43185478,-0.78020608,0
-1.2729249,0.0014600754,2.7411461,-0.61264575,0.786309,0.07989347,0
0.80428004,1.1864901,-4.9087687,-0.64798582,-0.44183624,-0.62039912,0
-1.4023566,0.085458159,-1.8198788,-0.64798582,-0.44183624,-0.62039912,0
-0.74935234,-1.8935611,0.37346315,0.61264575,-0.786309,-0.07989347,0
2.3421738,1.1549405,-0.045115829,0.64798582,0.44183624,0.62039912,0
-0.6848799,-2.1612308,3.5022497,0.61264575,-0.786309,-0.07989347,0
0.78763908,-0.84846389,1.8737289,0.61264575,-0.786309,-0.07989347,0
0.36431694,-1.3533401,3.5965512,0.61264575,-0.786309,-0.07989347,0
1.3063741,1.0443844,-5.0727725,0.45252571,0.43185478,-0.78020608,0
0.50612187,-0.1828233,-3.6221547,-0.64798582,-0.44183624,-0.62039912,0
1.432467,0.87774098,1.1024578,0.64798582,0.44183624,0.62039912,0
-1.0712065,-2.533356,4.385005,-0.45252571,-0.43185478,0.78020608,0
-0.23336327,-1.8536074,3.9369836,0.61264575,-0.786309,-0.07989347,0
-1.5124767,-2.3314071,0.016382456,-0.64798582,-0.44183624,-0.62039912,0
1.1493609,2.3759675,-4.4267917,0.45252571,0.43185478,-0.78020608,0
0.027111769,1.5780089,-2.8061502,-0.61264575,0.786309,0.07989347,0
-1.8245633,-2.1322095,4.1700926,-0.45252571,-0.43185478,0.78020608,0
2.0898087,0.67649972,0.5592072,0.64798582,0.44183624,0.62039912,0
1.899157,1.6216028,-4.4094543,0.45252571,0.43185478,-0.78020608,0
-1.5401918,-0.65158123,-1.1510096,-0.64798582,-0.44183624,-0.62039912,0
0.81574059,2.2764821,-4.6753607,0.45252571,0.43185478,-0.78020608,0
-2.6720829,-3.0847635,3.1512733,-0.45252571,-0.43185478,0.78020608,0
1.5979362,1.8779742,0.21728456,0.64798582,0.44183624,0.62039912,0
2.130491,0.71489429,0.4893719,0.64798582,0.44183624,0.62039912,0
1.7973006,2.8625047,-1.8738117,-0.61264575,0.786309,0.07989347,0
-1.3752425,-2.6415973,2.9361062,0.61264575,-0.786309,-0.07989347,0
1.8400161,2.3149958,-0.34679818,0.64798582,0.44183624,0.62039912,0
0.23727471,-0.96563685,-1.1934035,0.61264575,-0.786309,-0.07989347,0
-1.806432,-2.7272091,3.8512673,-0.45252571,-0.43185478,0.78020608,0
1.766077,2.5542665,-3.9704003,0.45252571,0.43185478,-0.78020608,0
-0.82892162,-1.9494774,0.31362867,0.61264575,-0.786309,-0.07989347,0
-1.0299559,-0.52651954,-1.773,-0.64798582,-0.44183624,-0.62039912,0
1.3626803,2.5172155,-1.8082774,-0.61264575,0.786309,0.07989347,0
1.3653953,1.1538575,-4.9779453,0.45252571,0.43185478,-0.78020608,0
1.5302287,0.38228735,1.3532014,0.64798582,0.44183624,0.62039912,0
1.4142981,2.6874695,-3.0880914,-0.61264575,0.786309,0.07989347,0
0.76791763,2.1314142,-4.7833962,0.45252571,0.43185478,-0.78020608,0
-1.8733439,-0.27673149,0.8749156,-0.61264575,0.786309,0.07989347,0
-2.9740121,-3.4593937,2.7687888,-0.45252571,-0.43185478,0.78020608,0
0.2881856,0.059629202,2.8802636,0.64798582,0.44183624,0.62039912,0
1.7992337,1.8675764,-4.3312616,0.45252571,0.43185478,-0.78020608,0
3.0286293,3.2396045,-2.2467527,0.64798582,0.44183624,0.62039912,0
-0.93894506,-1.6674919,4.9409852,-0.45252571,-0.43185478,0.78020608,0
-0.48052299,0.57250822,-3.12957,-0.64798582,-0.44183624,-0.62039912,0
-3.1180201,-2.7703223,3.0666738,-0.45252571,-0.43185478,0.78020608,0
-1.5023909,-0.36466646,4.58494,-0.61264575,0.786309,0.07989347,0
-1.3379577,-0.10714364,3.3113306,-0.61264575,0.786309,0.07989347,0
0.13228387,-1.1408119,-0.27443814,0.61264575,-0.786309,-0.07989347,0
-1.1193814,-0.66809964,-1.5787674,-0.64798582,-0.44183624,-0.62039912,0
1.5629106,2.8781314,-3.8249774,-0.61264575,0.786309,0.07989347,0
-2.047842,-1.5779864,4.3473592,-0.45252571,-0.43185478,0.78020608,0
-1.3620839,-0.15829138,-1.6883485,-0.64798582,-0.44183624,-0.62039912,0
0.13039476,-1.1233947,-0.46034604,0.61264575,-0.786309,-0.07989347,0
-2.6084051,-2.9875329,3.2420249,-0.45252571,-0.43185478,0.78020608,0
3.3476593,1.5847967,-2.4433839,0.61264575,-0.786309,-0.07989347,0
3.1964016,1.3922224,-1.7079628,0.61264575,-0.786309,-0.07989347,0
0.97043812,2.0174458,0.10261834,-0.61264575,0.786309,0.07989347,0
4.0732417,2.2478859,-2.8018126,0.45252571,0.43185478,-0.78020608,0
0.13096523,-1.1656382,-0.040209234,0.61264575,-0.786309,-0.07989347,0
3.153492,1.7154086,-3.6300087,0.45252571,0.43185478,-0.78020608,0
1.3772993,1.8405738,0.47436762,0.64798582,0.44183624,0.62039912,0
1.9028771,1.1500255,-4.6683221,0.45252571,0.43185478,-0.78020608,0
-0.69332933,-0.17956412,4.0757713,0.64798582,0.44183624,0.62039912,0
-1.4859658,-1.3724198,4.787035,-0.45252571,-0.43185478,0.78020608,0
-2.8145542,-1.6530302,0.89323092,-0.64798582,-0.44183624,-0.62039912,0
-3.1167173,-1.3671507,2.0722475,-0.61264575,0.786309,0.07989347,0
-1.2560396,-0.55775833,4.9328456,0.64798582,0.44183624,0.62039912,0
-1.1936462,-0.90528631,5.1151805,0.64798582,0.44183624,0.62039912,0
-1.2700672,-1.9900954,-0.47988176,-0.64798582,-0.44183624,-0.62039912,0
-3.9182339,-2.1596048,2.9405842,-0.45252571,-0.43185478,0.78020608,0
-3.2741928,-2.1522751,3.3181887,-0.45252571,-0.43185478,0.78020608,0
0.85444069,-0.71773237,1.099328,0.61264575,-0.786309,-0.07989347,0
2.1650012,0.95614433,0.28151381,0.64798582,0.44183624,0.62039912,0
-1.6690586,-0.73444283,-0.95740008,-0.64798582,-0.44183624,-0.62039912,0
