-3.4325383,-2.2076011,-1.4058003,0.40062937,-0.83321792,-0.38110894,0
-3.3068542,-1.4288425,-1.6452318,-0.27288783,0.28856269,-0.9177494,0
2.9837902,1.3734531,1.7238778,0.27288783,-0.28856269,0.9177494,0
-2.1011074,-0.50247627,1.5137589,-0.40062937,0.83321792,0.38110894,0
0.76792574,0.46344322,2.0966237,0.27288783,-0.28856269,0.9177494,0
3.6940289,2.2037251,-2.0536897,0.87465906,0.4716773,-0.11176831,0
3.551167,2.7990916,-0.6591506,0.87465906,0.4716773,-0.11176831,0
-0.68260252,-0.41187942,2.252708,0.27288783,-0.28856269,0.9177494,0
1.513869,1.875385,-2.0397184,-0.27288783,0.28856269,-0.9177494,0
0.12878913,-1.583527,0.97352707,0.40062937,-0.83321792,-0.38110894,0
-3.7638679,-2.1529026,1.7216334,-0.87465906,-0.4716773,0.11176831,0
-3.1811852,-1.8713834,2.5367439,0.27288783,-0.28856269,0.9177494,0
-3.8002291,-2.0680685,1.7950966,-0.87465906,-0.4716773,0.11176831,0
-0.5824368,1.2523465,-0.72635078,-0.40062937,0.83321792,0.38110894,0
0.49701154,0.061368704,-2.2356236,0.40062937,-0.83321792,-0.38110894,0
-3.789959,-2.2420776,1.1411235,-0.87465906,-0.4716773,0.11176831,0
3.3152661,3.1325016,-1.098191,0.87465906,0.4716773,-0.11176831,0
3.5095372,2.8405743,-0.80986929,0.87465906,0.4716773,-0.11176831,0
0.86174142,0.5089559,2.0830383,0.27288783,-0.28856269,0.9177494,0
-3.5847681,-2.6890135,0.86074686,-0.87465906,-0.4716773,0.11176831,0
-4.0087757,-2.4097724,-1.2789524,-0.87465906,-0.4716773,0.11176831,0
-2.5733767,-2.2618208,2.2332525,0.27288783,-0.28856269,0.9177494,0
4.0679808,2.145273,0.62604785,0.87465906,0.4716773,-0.11176831,0
-3.4602084,-1.6377212,-1.6653099,-0.27288783,0.28856269,-0.9177494,0
-2.6402626,-2.5681887,2.1568115,0.27288783,-0.28856269,0.9177494,0
4.3863258,1.714288,1.2984886,0.87465906,0.4716773,-0.11176831,0
-3.8042035,-1.9905739,2.0910306,-0.87465906,-0.4716773,0.11176831,0
2.2101891,2.0959024,0.36504841,-0.40062937,0.83321792,0.38110894,0
3.878624,0.3125293,0.77008319,0.40062937,-0.83321792,-0.38110894,0
-2.4902925,-0.26476613,0.584934,-0.40062937,0.83321792,0.38110894,0
-3.1712236,-0.88857853,1.2329655,-0.40062937,0.83321792,0.38110894,0
1.3928533,-0.23361766,-0.64896858,0.40062937,-0.83321792,-0.38110894,0
2.1805735,2.6886966,-0.96210933,-0.40062937,0.83321792,0.38110894,0
2.0182962,-0.39110941,0.35283363,0.40062937,-0.83321792,-0.38110894,0
-1.2117798,-1.0178851,2.2195127,0.27288783,-0.28856269,0.9177494,0
-0.53478122,-1.8794467,1.7473149,0.27288783,-0.28856269,0.9177494,0
-1.1041511,1.1246278,-0.99555653,-0.40062937,0.83321792,0.38110894,0
3.9390543,0.21362668,1.0751574,0.27288783,-0.28856269,0.9177494,0
2.9136007,2.9055948,-2.1319978,-0.27288783,0.28856269,-0.9177494,0
4.3027654,1.7522929,0.80495906,0.87465906,0.4716773,-0.11176831,0
-3.9357288,-2.4077437,-0.69875193,-0.87465906,-0.4716773,0.11176831,0
-0.51536775,-0.74371815,2.0986431,0.27288783,-0.28856269,0.9177494,0
-2.9243922,-1.6749127,-1.8363254,-0.27288783,0.28856269,-0.9177494,0
-0.9661088,-0.52873129,-2.0582232,-0.27288783,0.28856269,-0.9177494,0
1.112443,0.47545037,-2.3605299,-0.27288783,0.28856269,-0.9177494,0
0.8652845,-1.2585044,1.0371492,0.40062937,-0.83321792,-0.38110894,0
-1.4476709,0.55945218,-0.12102866,-0.40062937,0.83321792,0.38110894,0
-3.9081872,-2.057972,0.99286342,-0.87465906,-0.4716773,0.11176831,0
3.5942767,2.3489416,-2.2214816,0.87465906,0.4716773,-0.11176831,0
2.8976698,0.98231083,1.6265004,0.27288783,-0.28856269,0.9177494,0
0.65279794,0.57420135,2.0547805,-0.40062937,0.83321792,0.38110894,0
2.2003026,2.7927561,-1.168875,-0.40062937,0.83321792,0.38110894,0
2.9911661,1.2770901,1.6913855,0.27288783,-0.28856269,0.9177494,0
1.4940214,1.6039231,-2.1191711,-0.27288783,0.28856269,-0.9177494,0
1.2628597,1.5604262,-2.0641131,-0.27288783,0.28856269,-0.9177494,0
2.3566859,1.5991168,-2.3771911,-0.27288783,0.28856269,-0.9177494,0
-3.7640932,-2.3118725,1.0489957,-0.87465906,-0.4716773,0.11176831,0
3.6144326,1.2795655,1.5068389,0.27288783,-0.28856269,0.9177494,0
3.2021115,0.39683458,-0.12539673,0.40062937,-0.83321792,-0.38110894,0
-2.5148106,-0.76703835,1.6572771,-0.40062937,0.83321792,0.38110894,0
-1.9231765,-1.8919889,-0.50915086,0.40062937,-0.83321792,-0.38110894,0
-4.3888063,-0.73374283,-0.38549829,-0.40062937,0.83321792,0.38110894,0
-2.2866182,-0.2424593,-1.5755659,-0.27288783,0.28856269,-0.9177494,0
2.4395714,1.8459753,1.1525947,-0.40062937,0.83321792,0.38110894,0
-2.1042571,0.019271731,-1.5474954,-0.27288783,0.28856269,-0.9177494,0
-3.0508733,-1.867687,2.4991586,0.27288783,-0.28856269,0.9177494,0
3.8516617,2.2740164,-0.52347183,0.87465906,0.4716773,-0.11176831,0
4.4799986,1.2788054,0.19374275,0.87465906,0.4716773,-0.11176831,0
-2.8589184,-0.75693297,1.2734511,-0.40062937,0.83321792,0.38110894,0
4.2737913,1.8450518,0.96967149,0.87465906,0.4716773,-0.11176831,0
-4.4461675,-0.99505007,0.12549806,-0.40062937,0.83321792,0.38110894,0
1.9607308,2.7244072,-1.2712862,-0.40062937,0.83321792,0.38110894,0
-4.5181193,-1.3368344,-0.73695183,-0.87465906,-0.4716773,0.11176831,0
-0.39275777,0.1477654,-2.0159991,-0.27288783,0.28856269,-0.9177494,0
4.3744264,1.3640478,-0.2726922,0.87465906,0.4716773,-0.11176831,0
3.3453076,3.1151915,-0.93614841,0.87465906,0.4716773,-0.11176831,0
1.4355447,-0.94178313,1.4562736,0.27288783,-0.28856269,0.9177494,0
3.1017947,0.58555084,1.4410539,0.27288783,-0.28856269,0.9177494,0
-2.3491871,-1.5145595,2.4015479,0.27288783,-0.28856269,0.9177494,0
-2.2690156,0.063232876,0.10044098,-0.40062937,0.83321792,0.38110894,0
4.4699011,0.9510619,-0.0043771267,0.40062937,-0.83321792,-0.38110894,0
3.4894295,0.15848382,0.69774413,0.40062937,-0.83321792,-0.38110894,0
-3.2160797,-3.0637021,2.1647353,-0.87465906,-0.4716773,0.11176831,0
0.46876431,-1.3632905,0.84941322,0.40062937,-0.83321792,-0.38110894,0
4.5603371,1.1951889,0.46957254,0.87465906,0.4716773,-0.11176831,0
0.82064509,-0.37786284,1.8164208,0.27288783,-0.28856269,0.9177494,0
-0.46459091,-0.67484432,-1.636898,0.40062937,-0.83321792,-0.38110894,0
-4.0138793,-1.6401978,-1.5014572,-0.27288783,0.28856269,-0.9177494,0
-3.9216042,-1.9291588,1.4314737,-0.87465906,-0.4716773,0.11176831,0
3.2308302,1.7078376,1.75556,0.27288783,-0.28856269,0.9177494,0
-2.3942826,-1.7534652,2.3398392,0.27288783,-0.28856269,0.9177494,0
-1.516629,-1.8268644,-0.22416127,0.40062937,-0.83321792,-0.38110894,0
-4.2257447,-1.6206467,0.35334206,-0.87465906,-0.4716773,0.11176831,0
0.4035809,-1.5977721,1.5568634,0.27288783,-0.28856269,0.9177494,0
0.082493693,1.6235044,-0.83882451,-0.40062937,0.83321792,0.38110894,0
-3.7328098,-0.93230432,0.73821306,-0.40062937,0.83321792,0.38110894,0
4.0838814,0.77447975,-0.024106979,0.40062937,-0.83321792,-0.38110894,0
0.28093728,1.4092605,-0.16181558,-0.40062937,0.83321792,0.38110894,0
3.9634781,1.7632511,-1.8039365,0.87465906,0.4716773,-0.11176831,0
-3.8492842,-1.7511222,2.4059534,-0.40062937,0.83321792,0.38110894,0
-0.81174934,-1.6856396,1.8906078,0.27288783,-0.28856269,0.9177494,0
2.9691229,1.2358649,1.6849779,0.27288783,-0.28856269,0.9177494,0
-4.1910939,-1.7894453,-0.087847948,-0.87465906,-0.4716773,0.11176831,0
-1.2970221,-0.48863339,-1.9472201,-0.27288783,0.28856269,-0.9177494,0
-3.1597095,-0.65660673,-1.4461753,-0.27288783,0.28856269,-0.9177494,0
1.5566137,0.38913798,-1.8383502,0.40062937,-0.83321792,-0.38110894,0
3.0198228,3.2155044,-1.2316329,-0.40062937,0.83321792,0.38110894,0
1.078933,0.31222385,1.9566002,0.27288783,-0.28856269,0.9177494,0
-1.6179271,0.45648339,-0.074884892,-0.40062937,0.83321792,0.38110894,0
-3.8142233,-2.2118652,1.0787392,-0.87465906,-0.4716773,0.11176831,0
3.1738853,3.2304549,-1.7912133,0.87465906,0.4716773,-0.11176831,0
3.6861229,2.4767921,-0.96318269,0.87465906,0.4716773,-0.11176831,0
-3.9490325,-0.85629058,0.34472585,-0.40062937,0.83321792,0.38110894,0
3.8377795,1.913568,-2.1532519,0.87465906,0.4716773,-0.11176831,0
-2.0428782,0.03148748,0.40756607,-0.40062937,0.83321792,0.38110894,0
-3.5806968,-0.30738324,-0.46814704,-0.40062937,0.83321792,0.38110894,0
2.7502542,3.0048962,-2.0522048,-0.27288783,0.28856269,-0.9177494,0
-3.2042177,-0.8323037,-1.4881841,-0.27288783,0.28856269,-0.9177494,0
-3.5563364,-2.7893498,0.65980864,-0.87465906,-0.4716773,0.11176831,0
-2.6091919,-0.8899833,1.8268564,-0.40062937,0.83321792,0.38110894,0
-2.1701317,-3.084811,1.8391104,0.40062937,-0.83321792,-0.38110894,0
2.8033912,-0.1967501,0.75321424,0.40062937,-0.83321792,-0.38110894,0
-0.86800313,-0.1642167,2.0704863,-0.40062937,0.83321792,0.38110894,0
-1.4533005,-1.5410273,2.1268392,0.27288783,-0.28856269,0.9177494,0
3.096806,0.082926065,0.45020199,0.40062937,-0.83321792,-0.38110894,0
-3.4107523,-2.7837925,1.8225515,-0.87465906,-0.4716773,0.11176831,0
2.6628647,0.78845268,-1.5484581,0.40062937,-0.83321792,-0.38110894,0
-0.92075592,-1.8515601,0.45622456,0.40062937,-0.83321792,-0.38110894,0
2.1155028,0.23671019,1.6246386,0.27288783,-0.28856269,0.9177494,0
2.2025702,2.9528103,-1.9057312,-0.27288783,0.28856269,-0.9177494,0
3.971446,0.36856195,0.74515653,0.40062937,-0.83321792,-0.38110894,0
-3.4695578,-2.1684022,2.5291004,0.27288783,-0.28856269,0.9177494,0
-4.5463281,-1.1413438,-0.13270736,-0.87465906,-0.4716773,0.11176831,0
0.71231246,-0.18755609,1.90847,0.27288783,-0.28856269,0.9177494,0
1.8196137,0.52093685,-1.8500308,0.40062937,-0.83321792,-0.38110894,0
2.1548553,2.4147353,-0.39018345,-0.40062937,0.83321792,0.38110894,0
0.045363903,0.81776595,-1.9356077,-0.27288783,0.28856269,-0.9177494,0
2.4967959,2.4109387,-2.1635957,-0.27288783,0.28856269,-0.9177494,0
-1.2891853,0.29743266,-1.702392,-0.27288783,0.28856269,-0.9177494,0
-0.81883204,0.84868157,-1.668923,-0.27288783,0.28856269,-0.9177494,0
4.1716299,1.8157538,0.046554804,0.87465906,0.4716773,-0.11176831,0
2.7632737,0.39832741,-0.58997583,0.40062937,-0.83321792,-0.38110894,0
-0.21824646,1.0302691,-1.7904083,-0.27288783,0.28856269,-0.9177494,0
3.9043431,0.93562043,1.3124909,0.27288783,-0.28856269,0.9177494,0
1.1566774,2.1924014,-1.8338318,-0.27288783,0.28856269,-0.9177494,0
-0.64032161,-1.4066879,-0.22160089,0.40062937,-0.83321792,-0.38110894,0
3.6843114,1.2254398,1.4690427,0.27288783,-0.28856269,0.9177494,0
-1.1570048,-0.91075748,2.2369094,0.27288783,-0.28856269,0.9177494,0
2.6173246,0.018964021,0.086001396,0.40062937,-0.83321792,-0.38110894,0
-4.3854847,-0.6175167,-1.0694065,-0.27288783,0.28856269,-0.9177494,0
-0.11281884,-1.4664237,1.7517114,0.27288783,-0.28856269,0.9177494,0
3.4755721,0.5156734,-0.097746611,0.40062937,-0.83321792,-0.38110894,0
-4.5945501,-1.2084389,-0.79322863,-0.87465906,-0.4716773,0.11176831,0
2.4850187,2.0350475,-2.2782826,-0.27288783,0.28856269,-0.9177494,0
-4.3111806,-0.76036519,-0.24569273,-0.40062937,0.83321792,0.38110894,0
-0.36296806,1.2618531,-0.51642537,-0.40062937,0.83321792,0.38110894,0
3.2817864,2.6123745,-2.3336716,-0.27288783,0.28856269,-0.9177494,0
3.3027086,3.0328126,-1.6171632,0.87465906,0.4716773,-0.11176831,0
0.89843929,-1.2424898,1.0369895,0.40062937,-0.83321792,-0.38110894,0
0.39325976,0.51853442,-2.1331382,-0.27288783,0.28856269,-0.9177494,0
-4.5097671,-1.3899776,-0.89586091,-0.87465906,-0.4716773,0.11176831,0
-3.9391794,-2.2575312,-0.091838121,-0.87465906,-0.4716773,0.11176831,0
1.4037971,-0.9236654,0.87118632,0.40062937,-0.83321792,-0.38110894,0
-1.9419166,-2.6132548,1.0480518,0.40062937,-0.83321792,-0.38110894,0
3.8875289,1.8934543,1.6186569,0.27288783,-0.28856269,0.9177494,0
1.458901,0.45119303,-2.0767384,0.40062937,-0.83321792,-0.38110894,0
-2.1821177,-0.99135494,2.4974339,-0.40062937,0.83321792,0.38110894,0
4.1332521,2.266598,1.6488438,0.87465906,0.4716773,-0.11176831,0
-3.9890153,-1.8048303,1.4286203,-0.87465906,-0.4716773,0.11176831,0
2.8987513,2.6877897,-2.1960659,-0.27288783,0.28856269,-0.9177494,0
3.4010315,0.9640767,1.4710952,0.27288783,-0.28856269,0.9177494,0
-3.4089751,-2.6713998,2.3107717,-0.87465906,-0.4716773,0.11176831,0
4.1624699,1.7786351,-0.18177843,0.87465906,0.4716773,-0.11176831,0
2.4573524,1.1543564,-2.546967,-0.27288783,0.28856269,-0.9177494,0
-4.22122,-1.2554612,0.93130398,-0.40062937,0.83321792,0.38110894,0
3.4499331,2.0644538,1.7370481,-0.40062937,0.83321792,0.38110894,0
2.4759774,3.0805173,-1.9468732,-0.27288783,0.28856269,-0.9177494,0
2.544179,3.00525,-1.9908185,-0.27288783,0.28856269,-0.9177494,0
3.843401,2.4304307,0.071969271,0.87465906,0.4716773,-0.11176831,0
0.93275881,0.9693985,1.485062,-0.40062937,0.83321792,0.38110894,0
-3.4976733,-1.0701635,-1.4757158,-0.27288783,0.28856269,-0.9177494,0
3.9318197,2.4283848,0.75526834,0.87465906,0.4716773,-0.11176831,0
0.42274612,-0.62983769,-0.80250937,0.40062937,-0.83321792,-0.38110894,0
3.8787258,2.1710293,-0.74629903,0.87465906,0.4716773,-0.11176831,0
-3.7307992,-2.7477977,-0.53012085,-0.87465906,-0.4716773,0.11176831,0
-4.1757784,-1.9041187,-1.5363007,-0.27288783,0.28856269,-0.9177494,0
3.5995679,2.8083417,-0.24134445,0.87465906,0.4716773,-0.11176831,0
3.7444634,2.5429146,-0.22758269,0.87465906,0.4716773,-0.11176831,0
4.0215616,1.9250107,-0.66674852,0.87465906,0.4716773,-0.11176831,0
3.9163756,1.9006116,-1.5928631,0.87465906,0.4716773,-0.11176831,0
-0.52743828,-2.0018802,1.7066354,0.27288783,-0.28856269,0.9177494,0
-4.3642378,-1.7157886,-1.1319675,-0.87465906,-0.4716773,0.11176831,0
-2.1192391,-1.917632,2.2064385,0.27288783,-0.28856269,0.9177494,0
1.3413078,1.3814454,-2.1437151,-0.27288783,0.28856269,-0.9177494,0
3.7740219,2.3697295,-0.7271328,0.87465906,0.4716773,-0.11176831,0
-4.2888246,-1.4683307,0.50249815,-0.87465906,-0.4716773,0.11176831,0
1.8655608,0.1674664,1.6771858,0.27288783,-0.28856269,0.9177494,0
-4.0242319,-1.7420665,1.417901,-0.87465906,-0.4716773,0.11176831,0
0.4417218,1.9653542,-1.6926328,-0.27288783,0.28856269,-0.9177494,0
-3.5825779,-2.4162371,2.0290368,-0.87465906,-0.4716773,0.11176831,0
-4.3536921,-1.5214872,-0.22946167,-0.87465906,-0.4716773,0.11176831,0
-4.1423101,-1.6906805,0.71072197,-0.87465906,-0.4716773,0.11176831,0
1.2425258,1.5227557,0.60089105,-0.40062937,0.83321792,0.38110894,0
-1.5369772,-1.3641067,-1.2572783,0.40062937,-0.83321792,-0.38110894,0
3.6724038,0.65292478,1.2925706,0.27288783,-0.28856269,0.9177494,0
-0.9730531,0.76532394,-0.072197914,-0.40062937,0.83321792,0.38110894,0
4.2020264,1.4883332,-1.0973349,0.87465906,0.4716773,-0.11176831,0
-2.4479101,-0.089849889,0.24706817,-0.40062937,0.83321792,0.38110894,0
-1.4577752,-0.68953693,-1.9625902,-0.27288783,0.28856269,-0.9177494,0
3.6072304,2.5102005,-1.4395764,0.87465906,0.4716773,-0.11176831,0
-1.920415,-1.8180162,2.1786406,0.27288783,-0.28856269,0.9177494,0
1.9152722,-0.064393163,-0.4697665,0.40062937,-0.83321792,-0.38110894,0
-3.2417076,-1.4942153,2.4829745,-0.40062937,0.83321792,0.38110894,0
3.0122163,1.0649167,-1.7856452,0.40062937,-0.83321792,-0.38110894,0
1.0367194,0.21700633,1.9392135,0.27288783,-0.28856269,0.9177494,0
-1.3418109,-2.4321008,1.2828383,0.40062937,-0.83321792,-0.38110894,0
2.6185603,1.2696364,1.7998343,0.27288783,-0.28856269,0.9177494,0
-0.75189745,-0.83993584,-1.5779812,0.40062937,-0.83321792,-0.38110894,0
-4.3397198,-1.5086206,-0.065821171,-0.87465906,-0.4716773,0.11176831,0
-3.323988,-2.0740042,2.515497,0.27288783,-0.28856269,0.9177494,0
0.21292722,0.0035930872,2.1170614,0.27288783,-0.28856269,0.9177494,0
3.4265909,2.6567707,0.41752911,-0.40062937,0.83321792,0.38110894,0
-3.044764,-3.1966925,2.0794706,0.27288783,-0.28856269,0.9177494,0
-4.2285571,-2.0521426,-1.4896398,-0.87465906,-0.4716773,0.11176831,0
-4.2240677,-1.2670785,-1.321641,-0.27288783,0.28856269,-0.9177494,0
-1.9125038,-2.4484332,1.9780703,0.27288783,-0.28856269,0.9177494,0
-0.89301974,-1.4220151,1.9976628,0.27288783,-0.28856269,0.9177494,0
-1.9360486,-2.5525324,0.92146325,0.40062937,-0.83321792,-0.38110894,0
2.1138725,2.6525121,-1.9737787,-0.27288783,0.28856269,-0.9177494,0
-3.6441579,-0.91762048,0.7993021,-0.40062937,0.83321792,0.38110894,0
-3.8880811,-1.9483809,1.6126919,-0.87465906,-0.4716773,0.11176831,0
0.99657845,0.29265714,1.9749358,0.27288783,-0.28856269,0.9177494,0
-4.3729353,-1.589434,-0.66679931,-0.87465906,-0.4716773,0.11176831,0
-1.3302326,0.053884685,-1.7667643,-0.27288783,0.28856269,-0.9177494,0
3.3953485,0.13612852,0.64771914,0.40062937,-0.83321792,-0.38110894,0
4.2262602,1.7426157,0.16541719,0.87465906,0.4716773,-0.11176831,0
-2.7887778,-2.2124264,-0.71851611,0.40062937,-0.83321792,-0.38110894,0
-1.9407229,0.68284309,-0.90910429,-0.40062937,0.83321792,0.38110894,0
3.9920609,2.0198481,-0.49738503,0.87465906,0.4716773,-0.11176831,0
-3.0959787,-2.239804,2.3955681,0.27288783,-0.28856269,0.9177494,0
-3.8316011,-2.0745387,1.5222821,-0.87465906,-0.4716773,0.11176831,0
3.7644105,2.2973709,-1.1077113,0.87465906,0.4716773,-0.11176831,0
-1.1109324,-0.36771619,2.2600248,-0.40062937,0.83321792,0.38110894,0
-3.5223207,-2.8814273,0.5374229,-0.87465906,-0.4716773,0.11176831,0
-4.2448788,-1.5840635,-1.4151206,-0.27288783,0.28856269,-0.9177494,0
3.4775248,2.7535763,-1.4275274,0.87465906,0.4716773,-0.11176831,0
-3.0305061,-3.2764082,1.3535559,0.40062937,-0.83321792,-0.38110894,0
2.9358249,1.7314818,-2.507776,-0.27288783,0.28856269,-0.9177494,0
-1.4435805,0.61241299,-0.23251665,-0.40062937,0.83321792,0.38110894,0
2.4689898,0.13644442,-0.32677817,0.40062937,-0.83321792,-0.38110894,0
-4.5951462,-1.0285882,-1.1363156,-0.27288783,0.28856269,-0.9177494,0
1.2541083,1.3043742,1.0905141,-0.40062937,0.83321792,0.38110894,0
-4.1842933,-2.0298696,-1.0492513,-0.87465906,-0.4716773,0.11176831,0
3.1763225,3.2399278,-1.732163,0.87465906,0.4716773,-0.11176831,0
-3.6094713,-2.6282136,0.92400765,-0.87465906,-0.4716773,0.11176831,0
0.16728193,-0.77798402,-0.74716628,0.40062937,-0.83321792,-0.38110894,0
-3.7679472,-2.4186599,0.56817722,-0.87465906,-0.4716773,0.11176831,0
-0.4010492,0.69788229,0.67655182,-0.40062937,0.83321792,0.38110894,0
-2.8224971,-1.1778283,-1.7103279,-0.27288783,0.28856269,-0.9177494,0
3.8722818,2.106674,-1.0683169,0.87465906,0.4716773,-0.11176831,0
4.1246128,1.6558886,-0.99603748,0.87465906,0.4716773,-0.11176831,0
3.2679944,3.1692479,-1.3130517,0.87465906,0.4716773,-0.11176831,0
3.1531866,2.4557393,-2.3446834,-0.27288783,0.28856269,-0.9177494,0
2.4186049,2.6122327,-0.54471278,-0.40062937,0.83321792,0.38110894,0
-4.3038478,-1.5069249,0.22205496,-0.87465906,-0.4716773,0.11176831,0
2.143719,1.7305195,-2.2725506,-0.27288783,0.28856269,-0.9177494,0
-4.6262732,-1.211936,-1.0562389,-0.87465906,-0.4716773,0.11176831,0
-3.5738525,-2.6708839,1.0226746,-0.87465906,-0.4716773,0.11176831,0
-0.84539759,0.71479863,0.17245951,-0.40062937,0.83321792,0.38110894,0
3.9126258,2.4862964,0.84946132,0.87465906,0.4716773,-0.11176831,0
0.74943173,1.030987,-2.0779166,-0.27288783,0.28856269,-0.9177494,0
0.5966239,-1.548059,1.3877807,0.40062937,-0.83321792,-0.38110894,0
-3.9082506,-1.7545278,2.2729406,-0.87465906,-0.4716773,0.11176831,0
0.4321042,2.0061646,-1.3079166,-0.40062937,0.83321792,0.38110894,0
-4.4570999,-1.4054661,-0.54907131,-0.87465906,-0.4716773,0.11176831,0
2.858983,2.5437002,-2.2295463,-0.27288783,0.28856269,-0.9177494,0
2.7022071,2.2620561,-2.2714858,-0.27288783,0.28856269,-0.9177494,0
3.9670937,2.3141875,0.54938388,0.87465906,0.4716773,-0.11176831,0
1.9280641,2.0854683,0.091284752,-0.40062937,0.83321792,0.38110894,0
-4.0495615,-2.1746216,-1.6588829,-0.27288783,0.28856269,-0.9177494,0
0.95679086,0.20812374,-2.0731444,0.40062937,-0.83321792,-0.38110894,0
3.7728179,2.1649461,-1.6007698,0.87465906,0.4716773,-0.11176831,0
1.5743542,2.2315731,-0.59997058,-0.40062937,0.83321792,0.38110894,0
2.1276383,0.10664427,1.5801342,0.27288783,-0.28856269,0.9177494,0
0.73409283,-0.91689092,0.15236878,0.40062937,-0.83321792,-0.38110894,0
4.4782109,1.1729885,-0.2668066,0.87465906,0.4716773,-0.11176831,0
-0.89013243,1.1068463,-1.5665488,-0.27288783,0.28856269,-0.9177494,0
-3.4617586,-2.8379653,1.1947761,-0.87465906,-0.4716773,0.11176831,0
4.2260404,2.0130816,1.3051002,0.87465906,0.4716773,-0.11176831,0
-3.2945929,-0.50820088,-1.3594058,-0.27288783,0.28856269,-0.9177494,0
-4.4240675,-1.2750313,0.25988293,-0.87465906,-0.4716773,0.11176831,0
2.2899992,2.5321791,-0.50488472,-0.40062937,0.83321792,0.38110894,0
-3.4504886,-2.679136,1.9532542,-0.87465906,-0.4716773,0.11176831,0
-2.2912364,-2.2342503,2.1580288,0.27288783,-0.28856269,0.9177494,0
-0.74845994,0.97790587,-0.30086881,-0.40062937,0.83321792,0.38110894,0
4.6114082,1.1440722,0.65351534,0.87465906,0.4716773,-0.11176831,0
4.2094417,1.1932178,-0.80760312,0.40062937,-0.83321792,-0.38110894,0
-4.428678,-1.3877062,-0.25170445,-0.87465906,-0.4716773,0.11176831,0
-1.2479421,-1.0433308,2.2222648,0.27288783,-0.28856269,0.9177494,0
0.38009697,1.3556798,0.059566557,-0.40062937,0.83321792,0.38110894,0
-1.9106156,-1.4377575,-1.4890325,0.40062937,-0.83321792,-0.38110894,0
3.9392886,0.60661799,1.1986539,0.27288783,-0.28856269,0.9177494,0
4.3891883,1.1547593,-0.53456736,0.40062937,-0.83321792,-0.38110894,0
1.1998444,-0.81718338,1.5655348,0.27288783,-0.28856269,0.9177494,0
-2.2719345,-1.0906782,-1.8466327,-0.27288783,0.28856269,-0.9177494,0
-0.57998365,-1.060949,2.0181112,0.27288783,-0.28856269,0.9177494,0
3.6786544,2.1102569,-2.568455,0.87465906,0.4716773,-0.11176831,0
1.754576,-0.92078125,1.2336266,0.40062937,-0.83321792,-0.38110894,0
2.6186028,1.58622,-2.4591255,-0.27288783,0.28856269,-0.9177494,0
0.28094733,-1.544579,1.6100531,0.27288783,-0.28856269,0.9177494,0
-0.80529761,-2.1394267,1.2069588,0.40062937,-0.83321792,-0.38110894,0
3.6722713,2.7269285,-0.015970945,0.87465906,0.4716773,-0.11176831,0
-4.0788302,-1.9789367,-0.0089902878,-0.87465906,-0.4716773,0.11176831,0
-2.2841702,-0.10440868,-1.5328876,-0.27288783,0.28856269,-0.9177494,0
3.9204688,2.4315786,0.67992377,0.87465906,0.4716773,-0.11176831,0
0.94393361,-0.3518014,-0.86249697,0.40062937,-0.83321792,-0.38110894,0
0.67460525,-0.1855337,-1.509131,0.40062937,-0.83321792,-0.38110894,0
-0.059003532,1.7969203,-1.3667088,-0.40062937,0.83321792,0.38110894,0
-0.72342271,0.39175439,1.0069532,-0.40062937,0.83321792,0.38110894,0
-1.1537635,-0.53329819,2.3546276,0.27288783,-0.28856269,0.9177494,0
0.062636971,-0.51327527,1.9992336,0.27288783,-0.28856269,0.9177494,0
3.8167636,1.9174821,-2.3011961,0.87465906,0.4716773,-0.11176831,0
-3.7564013,-2.3466539,0.96240902,-0.87465906,-0.4716773,0.11176831,0
3.9229159,1.7924454,-1.9981575,0.87465906,0.4716773,-0.11176831,0
-2.5415926,-1.8474492,-1.2566197,0.40062937,-0.83321792,-0.38110894,0
1.3223644,2.4623563,-1.7982175,-0.27288783,0.28856269,-0.9177494,0
0.70990115,-0.32142588,-1.1749265,0.40062937,-0.83321792,-0.38110894,0
0.07895577,0.50164139,1.6101838,-0.40062937,0.83321792,0.38110894,0
2.730432,2.0541203,1.0032862,-0.40062937,0.83321792,0.38110894,0
3.4533458,1.6828728,1.6815468,0.27288783,-0.28856269,0.9177494,0
-2.4986629,-0.5496676,-1.6091094,-0.27288783,0.28856269,-0.9177494,0
-1.9875972,-2.6534035,1.0878081,0.40062937,-0.83321792,-0.38110894,0
0.062990546,-0.21935058,-2.0781388,0.40062937,-0.83321792,-0.38110894,0
4.1052575,2.0741341,0.61754441,0.87465906,0.4716773,-0.11176831,0
3.3534932,3.0096204,-1.3176136,0.87465906,0.4716773,-0.11176831,0
-4.1315274,-1.7115419,0.7070632,-0.87465906,-0.4716773,0.11176831,0
3.9836111,1.7046473,-1.8936996,0.87465906,0.4716773,-0.11176831,0
-3.4956205,-1.3279899,-1.5573932,-0.27288783,0.28856269,-0.9177494,0
-0.42962936,-1.9444425,1.1755753,0.40062937,-0.83321792,-0.38110894,0
0.26066768,0.26266122,2.1843233,0.27288783,-0.28856269,0.9177494,0
-2.9076998,-3.0277903,0.93909979,0.40062937,-0.83321792,-0.38110894,0
-2.9327753,0.26378861,-1.035791,-0.40062937,0.83321792,0.38110894,0
3.6361337,2.6867008,-0.46853805,0.87465906,0.4716773,-0.11176831,0
-4.2041531,-1.7785202,-0.14394116,-0.87465906,-0.4716773,0.11176831,0
-2.5745552,-1.0408223,-1.7409742,-0.27288783,0.28856269,-0.9177494,0
-4.2887096,-1.9240451,-1.4197819,-0.87465906,-0.4716773,0.11176831,0
-0.16379499,-0.24372536,-2.2071741,-0.27288783,0.28856269,-0.9177494,0
-3.2598901,-1.0246669,-1.5321138,-0.27288783,0.28856269,-0.9177494,0
-1.1565907,-1.8231984,1.9498925,0.27288783,-0.28856269,0.9177494,0
3.6540356,2.5891001,-0.74032664,0.87465906,0.4716773,-0.11176831,0
0.97815704,-0.26276848,1.805774,0.27288783,-0.28856269,0.9177494,0
-0.34708437,0.97297144,0.13185342,-0.40062937,0.83321792,0.38110894,0
3.2410245,3.2105601,-1.3497622,0.87465906,0.4716773,-0.11176831,0
2.6736393,0.36640364,1.4994586,0.27288783,-0.28856269,0.9177494,0
-0.55584466,1.1238241,-0.41740838,-0.40062937,0.83321792,0.38110894,0
4.4719534,1.5642954,1.335592,0.87465906,0.4716773,-0.11176831,0
-3.9949975,-2.0428495,0.37733459,-0.87465906,-0.4716773,0.11176831,0
4.0901904,2.3323896,1.5895097,0.87465906,0.4716773,-0.11176831,0
1.1334937,1.22988,-2.1295786,-0.27288783,0.28856269,-0.9177494,0
-4.1529713,-1.7361387,0.43544722,-0.87465906,-0.4716773,0.11176831,0
3.0611172,-0.25628808,1.1543084,0.40062937,-0.83321792,-0.38110894,0
3.7974405,2.4055474,-0.39271116,0.87465906,0.4716773,-0.11176831,0
-2.0461884,-2.6006761,0.91093898,0.40062937,-0.83321792,-0.38110894,0
2.2628546,1.0209365,1.8274039,0.27288783,-0.28856269,0.9177494,0
-4.0102367,-2.0157413,0.37247801,-0.87465906,-0.4716773,0.11176831,0
-1.1094122,1.0652587,-1.5144235,-0.27288783,0.28856269,-0.9177494,0
-4.5068607,-1.3814836,-1.273526,-0.27288783,0.28856269,-0.9177494,0
-3.3892279,-2.0843153,2.5316536,0.27288783,-0.28856269,0.9177494,0
1.4471341,0.64947903,1.953159,0.27288783,-0.28856269,0.9177494,0
-4.0112472,-1.8042341,1.2571592,-0.87465906,-0.4716773,0.11176831,0
-1.4001487,-2.3764796,1.8483481,0.27288783,-0.28856269,0.9177494,0
-4.2157807,-2.0076907,-1.2020612,-0.87465906,-0.4716773,0.11176831,0
3.1028979,2.5544348,-2.2986979,-0.27288783,0.28856269,-0.9177494,0
-2.0123079,-2.76001,1.2949057,0.40062937,-0.83321792,-0.38110894,0
-3.8381035,-2.3787341,0.18765497,-0.87465906,-0.4716773,0.11176831,0
4.223527,1.5653781,-0.60393763,0.87465906,0.4716773,-0.11176831,0
-2.9731207,0.089292571,-0.69670284,-0.40062937,0.83321792,0.38110894,0
-1.2176356,0.83497787,-0.48159218,-0.40062937,0.83321792,0.38110894,0
-4.073041,-2.041924,-0.22949839,-0.87465906,-0.4716773,0.11176831,0
3.809639,1.5739319,1.5413517,0.27288783,-0.28856269,0.9177494,0
2.1598783,1.7828227,0.99664664,-0.40062937,0.83321792,0.38110894,0
1.4732196,0.69803536,-2.397819,-0.27288783,0.28856269,-0.9177494,0
-2.1751776,-1.0018574,2.5110135,0.27288783,-0.28856269,0.9177494,0
-1.9995543,0.42548928,-1.4509035,-0.27288783,0.28856269,-0.9177494,0
3.3563032,1.683707,1.7106645,0.27288783,-0.28856269,0.9177494,0
-0.53823471,-1.2804868,1.9366695,0.27288783,-0.28856269,0.9177494,0
-1.6658165,-1.6336465,2.1609075,0.27288783,-0.28856269,0.9177494,0
3.5711029,2.6597302,0.56297255,-0.40062937,0.83321792,0.38110894,0
0.52084768,1.7126918,-1.7956039,-0.27288783,0.28856269,-0.9177494,0
-3.8787632,-2.5732625,-0.95147228,-0.87465906,-0.4716773,0.11176831,0
-1.5314918,-1.8446214,2.0546315,0.27288783,-0.28856269,0.9177494,0
-2.9044125,-0.41326874,0.47427416,-0.40062937,0.83321792,0.38110894,0
-3.9304285,-1.8772233,1.581593,-0.87465906,-0.4716773,0.11176831,0
-4.5072727,-1.4299884,-1.045193,-0.87465906,-0.4716773,0.11176831,0
-4.1925192,-1.8815126,-0.48753524,-0.87465906,-0.4716773,0.11176831,0
-2.8408983,-1.9135921,2.4222901,0.27288783,-0.28856269,0.9177494,0
-0.26219609,1.0472249,0.058749549,-0.40062937,0.83321792,0.38110894,0
-3.2400637,-3.143286,1.6411886,-0.87465906,-0.4716773,0.11176831,0
-3.2502437,-1.4234481,2.3192832,-0.40062937,0.83321792,0.38110894,0
2.4280603,2.5932906,-0.49336004,-0.40062937,0.83321792,0.38110894,0
-1.2613388,0.99723947,-1.4906359,-0.27288783,0.28856269,-0.9177494,0
-4.2083635,-1.4312416,1.2886748,-0.87465906,-0.4716773,0.11176831,0
-1.3095255,-1.3047717,2.1583726,0.27288783,-0.28856269,0.9177494,0
-4.2208385,-1.5933335,0.50699902,-0.87465906,-0.4716773,0.11176831,0
2.9339499,3.3153193,-2.0092218,-0.27288783,0.28856269,-0.9177494,0
-2.3820894,-0.20871563,0.57613611,-0.40062937,0.83321792,0.38110894,0
3.2220495,0.3356646,0.029298306,0.40062937,-0.83321792,-0.38110894,0
3.3387842,2.5112078,0.64346886,-0.40062937,0.83321792,0.38110894,0
3.7890482,2.6587985,0.61036658,0.87465906,0.4716773,-0.11176831,0
2.2365417,-0.59598488,1.3268286,0.27288783,-0.28856269,0.9177494,0
2.572139,0.45990342,-0.92552376,0.40062937,-0.83321792,-0.38110894,0
-2.082051,-1.8381104,2.2203846,0.27288783,-0.28856269,0.9177494,0
-0.025149643,0.98575908,0.44232035,-0.40062937,0.83321792,0.38110894,0
3.3860731,3.0313516,-0.97094679,0.87465906,0.4716773,-0.11176831,0
-1.8683554,-2.3328931,0.51242685,0.40062937,-0.83321792,-0.38110894,0
2.167783,0.27726865,1.6218458,0.27288783,-0.28856269,0.9177494,0
-4.6305294,-0.98075902,-0.11394668,-0.87465906,-0.4716773,0.11176831,0
-1.1741552,-1.5751143,-0.41454709,0.40062937,-0.83321792,-0.38110894,0
1.1061454,0.35540104,1.962085,0.27288783,-0.28856269,0.9177494,0
3.5155048,2.5301092,-2.0733709,0.87465906,0.4716773,-0.11176831,0
-4.2607861,-1.4639275,0.74049711,-0.87465906,-0.4716773,0.11176831,0
-0.17573488,0.65046978,-1.9224671,-0.27288783,0.28856269,-0.9177494,0
-4.4499412,-1.1794918,0.46059179,-0.87465906,-0.4716773,0.11176831,0
2.653698,-0.37012559,1.2738051,0.27288783,-0.28856269,0.9177494,0
3.5923424,2.8428326,-0.15233588,0.87465906,0.4716773,-0.11176831,0
-3.3644576,-2.7874637,2.1693442,-0.87465906,-0.4716773,0.11176831,0
3.4660902,2.7461784,-1.5482304,0.87465906,0.4716773,-0.11176831,0
3.6759126,0.81694621,-0.5458169,0.40062937,-0.83321792,-0.38110894,0
-4.7948837,-0.89192748,-1.025245,-0.87465906,-0.4716773,0.11176831,0
3.4486895,3.027024,-0.49919748,0.87465906,0.4716773,-0.11176831,0
0.063360214,0.13565773,-2.1554301,-0.27288783,0.28856269,-0.9177494,0
-3.3552389,-1.8229756,-1.7547705,-0.27288783,0.28856269,-0.9177494,0
4.4883056,1.3640076,0.6183145,0.87465906,0.4716773,-0.11176831,0
-4.2722864,-1.8947265,-1.1675286,-0.87465906,-0.4716773,0.11176831,0
-3.4703922,-0.30740118,-0.35215354,-0.40062937,0.83321792,0.38110894,0
-2.764585,-1.3704808,-1.7881224,-0.27288783,0.28856269,-0.9177494,0
-3.6734567,-2.8085451,-0.33774424,-0.87465906,-0.4716773,0.11176831,0
-0.021228313,-1.242282,0.0697622,0.40062937,-0.83321792,-0.38110894,0
-3.9644043,-2.0351076,0.64941931,-0.87465906,-0.4716773,0.11176831,0
3.9337873,2.5118225,1.1227865,0.87465906,0.4716773,-0.11176831,0
-3.4900162,-2.9172676,0.638978,-0.87465906,-0.4716773,0.11176831,0
1.8463387,2.43209,-0.75244498,-0.40062937,0.83321792,0.38110894,0
4.1961722,1.4651976,-1.2407823,0.87465906,0.4716773,-0.11176831,0
-3.6222608,-2.7731094,0.21244168,-0.87465906,-0.4716773,0.11176831,0
0.59911996,2.0020196,-1.7279059,-0.27288783,0.28856269,-0.9177494,0
3.6465092,2.3938098,-1.6233785,0.87465906,0.4716773,-0.11176831,0
4.159502,2.1581302,1.3965201,0.87465906,0.4716773,-0.11176831,0
0.078328371,0.59496617,-2.0154631,-0.27288783,0.28856269,-0.9177494,0
-3.9336457,-1.7469363,2.1062489,-0.87465906,-0.4716773,0.11176831,0
-2.7384644,-1.1777087,-1.7352772,-0.27288783,0.28856269,-0.9177494,0
1.0857233,-0.61838484,-0.13061357,0.40062937,-0.83321792,-0.38110894,0
-2.0978184,0.074581176,0.25559628,-0.40062937,0.83321792,0.38110894,0
3.8549042,1.8798103,-2.1617045,0.87465906,0.4716773,-0.11176831,0
-0.78545904,-0.84481686,-1.6025902,0.40062937,-0.83321792,-0.38110894,0
-3.9331915,-2.1373637,0.46214247,-0.87465906,-0.4716773,0.11176831,0
3.995245,2.2147748,0.35015202,0.87465906,0.4716773,-0.11176831,0
-1.2517331,0.0036146045,1.3001723,-0.40062937,0.83321792,0.38110894,0
-3.9692619,-1.498379,1.7272582,-0.40062937,0.83321792,0.38110894,0
-1.8833935,-2.2594128,2.0288467,0.27288783,-0.28856269,0.9177494,0
4.0722585,1.2859973,1.3727293,0.27288783,-0.28856269,0.9177494,0
-3.9268525,-2.0153704,1.0265775,-0.87465906,-0.4716773,0.11176831,0
2.6945467,3.0589204,-2.0186546,-0.27288783,0.28856269,-0.9177494,0
3.9386792,1.8609512,-1.5856972,0.87465906,0.4716773,-0.11176831,0
4.3224502,1.5695437,0.18778086,0.87465906,0.4716773,-0.11176831,0
3.4533579,2.8914933,-1.0346224,0.87465906,0.4716773,-0.11176831,0
-4.3033781,-1.7267914,-0.70213723,-0.87465906,-0.4716773,0.11176831,0
-3.704453,-2.5955017,0.31876588,-0.87465906,-0.4716773,0.11176831,0
-4.1069527,-1.5689514,1.5011268,-0.87465906,-0.4716773,0.11176831,0
3.8776259,2.0021217,-1.4677205,0.87465906,0.4716773,-0.11176831,0
-1.2574607,-2.3388293,1.1675898,0.40062937,-0.83321792,-0.38110894,0
1.1052072,0.026719689,-1.520523,0.40062937,-0.83321792,-0.38110894,0
1.2657638,2.5620651,-1.6469216,-0.40062937,0.83321792,0.38110894,0
-3.9020569,-2.1642232,0.59244037,-0.87465906,-0.4716773,0.11176831,0
1.9757658,1.1543159,-2.4037828,-0.27288783,0.28856269,-0.9177494,0
-0.6444186,0.99978191,-0.23932579,-0.40062937,0.83321792,0.38110894,0
-0.46125883,-2.1349852,1.645106,0.27288783,-0.28856269,0.9177494,0
1.9637505,2.2948146,-0.32889438,-0.40062937,0.83321792,0.38110894,0
-4.3275981,-1.4117087,0.43801785,-0.87465906,-0.4716773,0.11176831,0
4.1184092,1.6392946,-1.1146145,0.87465906,0.4716773,-0.11176831,0
3.2473083,3.2573891,-1.1029644,0.87465906,0.4716773,-0.11176831,0
1.9598174,1.1180549,-2.4104419,-0.27288783,0.28856269,-0.9177494,0
1.3545144,1.8891826,-1.9879968,-0.27288783,0.28856269,-0.9177494,0
-2.8437555,0.016520068,-0.40160871,-0.40062937,0.83321792,0.38110894,0
-3.0145769,-1.4000394,2.5158427,-0.40062937,0.83321792,0.38110894,0
1.962023,0.99837941,-2.4487264,-0.27288783,0.28856269,-0.9177494,0
2.921068,-0.26831967,1.0333904,0.40062937,-0.83321792,-0.38110894,0
-1.5071964,-0.22671086,-1.8023711,-0.27288783,0.28856269,-0.9177494,0
4.8410673,0.79116702,0.96143723,0.87465906,0.4716773,-0.11176831,0
0.078424335,0.95449829,0.61954474,-0.40062937,0.83321792,0.38110894,0
-1.9096155,0.12199792,0.34977174,-0.40062937,0.83321792,0.38110894,0
-2.4177094,-1.5913939,-1.6862037,0.40062937,-0.83321792,-0.38110894,0
1.4176344,-1.0363834,1.4318544,0.27288783,-0.28856269,0.9177494,0
3.5709455,2.6289365,-1.2224467,0.87465906,0.4716773,-0.11176831,0
-0.8147589,-0.23152083,2.2736046,-0.40062937,0.83321792,0.38110894,0
-3.6296728,-2.3023896,2.1409421,-0.87465906,-0.4716773,0.11176831,0
-4.2118325,-1.7230493,0.030063152,-0.87465906,-0.4716773,0.11176831,0
-4.3508511,-1.2189091,0.71511889,-0.40062937,0.83321792,0.38110894,0
-3.5079384,-2.2357888,2.5193245,0.27288783,-0.28856269,0.9177494,0
-1.4094372,0.97104967,-1.4548342,-0.27288783,0.28856269,-0.9177494,0
4.6389141,1.0290973,1.123462,0.27288783,-0.28856269,0.9177494,0
3.7836013,0.96691895,-0.76049757,0.40062937,-0.83321792,-0.38110894,0
2.0103002,2.9434474,-1.6980653,-0.40062937,0.83321792,0.38110894,0
1.4947872,-0.76811361,0.62675434,0.40062937,-0.83321792,-0.38110894,0
0.48532307,0.79255593,-2.0743537,-0.27288783,0.28856269,-0.9177494,0
-3.4752243,-2.7774997,1.3445723,-0.87465906,-0.4716773,0.11176831,0
-1.5691984,0.32076633,0.27305782,-0.40062937,0.83321792,0.38110894,0
-3.7897232,-2.6095486,-0.40780926,-0.87465906,-0.4716773,0.11176831,0
-1.9095091,-2.7340021,1.3461094,0.40062937,-0.83321792,-0.38110894,0
-4.1857152,-1.6493806,0.54533911,-0.87465906,-0.4716773,0.11176831,0
-4.10044,-1.1468855,0.82089138,-0.40062937,0.83321792,0.38110894,0
-0.17522407,0.16347712,-2.0757413,-0.27288783,0.28856269,-0.9177494,0
-0.86400008,0.87016046,-1.6487392,-0.27288783,0.28856269,-0.9177494,0
1.2085775,1.4056139,0.82131094,-0.40062937,0.83321792,0.38110894,0
-1.8917196,0.43948698,-0.32554179,-0.40062937,0.83321792,0.38110894,0
1.1249352,-0.30854481,1.7477371,0.27288783,-0.28856269,0.9177494,0
-4.3675508,-1.3704553,0.29946327,-0.87465906,-0.4716773,0.11176831,0
-3.2657998,-3.079289,1.709862,-0.87465906,-0.4716773,0.11176831,0
-3.6928182,-2.7294729,-0.15556002,-0.87465906,-0.4716773,0.11176831,0
4.3651261,1.6945492,1.0492833,0.87465906,0.4716773,-0.11176831,0
3.8917594,2.291647,1.7047923,-0.40062937,0.83321792,0.38110894,0
2.0586758,0.8006984,-2.2103662,0.40062937,-0.83321792,-0.38110894,0
-4.5906849,-1.0600226,-0.13663864,-0.87465906,-0.4716773,0.11176831,0
-4.0140333,-1.9405357,0.66014338,-0.87465906,-0.4716773,0.11176831,0
-2.9585257,-2.132386,-1.071951,0.40062937,-0.83321792,-0.38110894,0
0.4210186,1.6596946,-0.56208301,-0.40062937,0.83321792,0.38110894,0
-2.0855319,-0.33548832,1.1650463,-0.40062937,0.83321792,0.38110894,0
4.0066323,2.1513472,0.17159152,0.87465906,0.4716773,-0.11176831,0
-3.2800465,-3.1965058,1.103704,-0.87465906,-0.4716773,0.11176831,0
3.8010702,2.6354167,0.60577083,0.87465906,0.4716773,-0.11176831,0
-3.986707,-0.94646353,0.50226712,-0.40062937,0.83321792,0.38110894,0
3.7339506,1.6899242,-2.3933971,0.40062937,-0.83321792,-0.38110894,0
1.6256971,1.1994278,-2.2855077,-0.27288783,0.28856269,-0.9177494,0
-1.2630745,-2.4471734,1.3985608,0.40062937,-0.83321792,-0.38110894,0
-3.8761427,-1.7971834,2.344193,-0.87465906,-0.4716773,0.11176831,0
2.3899374,0.14956787,-0.43857217,0.40062937,-0.83321792,-0.38110894,0
-2.6365614,-2.6954885,0.49761462,0.40062937,-0.83321792,-0.38110894,0
3.9599423,2.1473174,-0.21079493,0.87465906,0.4716773,-0.11176831,0
0.69937426,1.6728351,-1.8612196,-0.27288783,0.28856269,-0.9177494,0
4.5529022,0.69069982,0.65210438,0.40062937,-0.83321792,-0.38110894,0
0.22797924,0.91051877,0.87291235,-0.40062937,0.83321792,0.38110894,0
0.11129862,-0.83717239,-0.67661357,0.40062937,-0.83321792,-0.38110894,0
-1.45056,-1.8512387,2.028486,0.27288783,-0.28856269,0.9177494,0
-1.1352677,-1.4016306,-0.75295514,0.40062937,-0.83321792,-0.38110894,0
-0.39867878,-0.21057218,2.2315805,0.27288783,-0.28856269,0.9177494,0
2.4780424,1.9345551,-2.3078055,-0.27288783,0.28856269,-0.9177494,0
-2.3252797,-1.0386077,-1.8143985,-0.27288783,0.28856269,-0.9177494,0
4.3379507,1.5539263,0.24317336,0.87465906,0.4716773,-0.11176831,0
3.9346509,2.1282048,1.6784565,0.27288783,-0.28856269,0.9177494,0
-4.6873794,-0.96974176,-0.51234031,-0.87465906,-0.4716773,0.11176831,0
-1.0731753,-0.12927186,-1.9007877,-0.27288783,0.28856269,-0.9177494,0
3.4618449,2.5462716,-2.4079957,-0.27288783,0.28856269,-0.9177494,0
0.1640377,1.0373199,-1.9018614,-0.27288783,0.28856269,-0.9177494,0
4.1842022,2.0705609,1.2202618,0.87465906,0.4716773,-0.11176831,0
3.3199039,2.9168212,-1.9721,0.87465906,0.4716773,-0.11176831,0
3.2945313,1.9882183,-2.533711,-0.27288783,0.28856269,-0.9177494,0
2.5817995,0.23501755,-0.42370057,0.40062937,-0.83321792,-0.38110894,0
-3.9401009,-1.7322351,2.1177702,-0.87465906,-0.4716773,0.11176831,0
-3.2661848,-1.0316291,1.4458921,-0.40062937,0.83321792,0.38110894,0
4.540391,0.79642582,0.40780377,0.40062937,-0.83321792,-0.38110894,0
0.50408465,2.1266317,-1.4956262,-0.40062937,0.83321792,0.38110894,0
-2.0206304,-0.33798385,1.2387282,-0.40062937,0.83321792,0.38110894,0
2.5982058,-0.22035432,0.5891248,0.40062937,-0.83321792,-0.38110894,0
1.754647,2.3403735,-1.9651089,-0.27288783,0.28856269,-0.9177494,0
-3.9024353,-2.3660593,-0.26229858,-0.87465906,-0.4716773,0.11176831,0
4.0093193,1.9889252,-0.49282694,0.87465906,0.4716773,-0.11176831,0
3.8884869,2.5770359,1.043488,0.87465906,0.4716773,-0.11176831,0
-1.8280199,-2.6947184,1.3458862,0.40062937,-0.83321792,-0.38110894,0
-0.504879,0.10171133,-1.9971408,-0.27288783,0.28856269,-0.9177494,0
1.470389,0.28732008,1.8323727,0.27288783,-0.28856269,0.9177494,0
0.6029762,0.19567072,-2.2970126,-0.27288783,0.28856269,-0.9177494,0
2.4447656,3.153466,-1.9146554,-0.27288783,0.28856269,-0.9177494,0
-3.1308334,-1.3285385,2.2373085,-0.40062937,0.83321792,0.38110894,0
-0.43107259,-1.6536711,1.7874671,0.27288783,-0.28856269,0.9177494,0
-4.4749241,-1.0806417,0.28239727,-0.40062937,0.83321792,0.38110894,0
-0.32877517,-0.12164479,-2.1197329,-0.27288783,0.28856269,-0.9177494,0
4.5400486,1.3451563,0.94368315,0.87465906,0.4716773,-0.11176831,0
3.2117028,-0.15155779,1.0836351,0.40062937,-0.83321792,-0.38110894,0
0.36305737,0.37486708,2.1860037,-0.40062937,0.83321792,0.38110894,0
3.6298141,0.19476959,0.7659874,0.40062937,-0.83321792,-0.38110894,0
4.5734353,1.1777903,0.49864697,0.87465906,0.4716773,-0.11176831,0
2.8804047,1.210696,-2.2429256,0.40062937,-0.83321792,-0.38110894,0
3.8555119,1.8179827,-2.4178667,0.87465906,0.4716773,-0.11176831,0
1.280178,2.0427737,-0.49644315,-0.40062937,0.83321792,0.38110894,0
-0.90546352,0.11232436,1.4265058,-0.40062937,0.83321792,0.38110894,0
3.6956451,2.5495803,-0.58148646,0.87465906,0.4716773,-0.11176831,0
-0.59358519,-1.099817,2.0099344,0.27288783,-0.28856269,0.9177494,0
-0.50776803,-0.83850658,2.0665796,0.27288783,-0.28856269,0.9177494,0
3.933187,2.222337,-0.10358214,0.87465906,0.4716773,-0.11176831,0
