-2.7313499,-1.2940185,2.6866074,-0.72265089,-0.18055785,0.66721392,0
3.3324919,-1.0850284,-2.6793227,0.72265089,0.18055785,-0.66721392,0
-3.3437572,-0.17348599,1.8367871,-0.691185,0.19744688,-0.69518185,0
2.6440845,-0.98070145,-3.3966959,0.72265089,0.18055785,-0.66721392,0
1.0790303,-1.92697,-0.5607549,-0.006218791,-0.9635421,-0.26748398,0
0.3544659,-1.5488241,0.64614451,0.691185,-0.19744688,0.69518185,0
-2.5377584,0.69175422,3.4336629,-0.72265089,-0.18055785,0.66721392,0
-0.10842085,1.5815427,1.7825017,0.006218791,0.9635421,0.26748398,0
0.88363361,1.7873809,1.0179585,0.006218791,0.9635421,0.26748398,0
-0.062602997,1.6189969,1.6465176,0.006218791,0.9635421,0.26748398,0
-3.5435433,-1.0071609,1.8845588,-0.72265089,-0.18055785,0.66721392,0
3.5291567,-0.16676474,-2.2178221,0.72265089,0.18055785,-0.66721392,0
-0.70895302,-2.0705879,-0.0018398911,-0.006218791,-0.9635421,-0.26748398,0
-1.3725748,-2.007123,-0.21502757,-0.006218791,-0.9635421,-0.26748398,0
-1.9878129,1.6219457,1.6806544,0.006218791,0.9635421,0.26748398,0
2.2571616,-0.048381448,-3.563468,0.72265089,0.18055785,-0.66721392,0
-1.5081798,-2.5712972,1.8204165,-0.006218791,-0.9635421,-0.26748398,0
-3.1314721,-2.1903462,1.0528903,-0.691185,0.19744688,-0.69518185,0
-2.2997351,-2.6277423,2.0421491,-0.006218791,-0.9635421,-0.26748398,0
3.3212199,1.752929,-1.3657831,0.691185,-0.19744688,0.69518185,0
0.80023873,1.9360278,0.48443547,0.006218791,0.9635421,0.26748398,0
-0.71603692,-2.3243587,1.490224,0.691185,-0.19744688,0.69518185,0
3.1786985,-1.2768537,-2.8978057,0.72265089,0.18055785,-0.66721392,0
-2.3734701,0.78147817,3.6358819,-0.72265089,-0.18055785,0.66721392,0
2.343008,0.96308064,-3.1967721,0.72265089,0.18055785,-0.66721392,0
-2.4065094,-0.801489,3.1717238,-0.72265089,-0.18055785,0.66721392,0
1.8328898,-1.7876452,-1.0801629,-0.006218791,-0.9635421,-0.26748398,0
1.7258676,1.475592,0.14162746,0.691185,-0.19744688,0.69518185,0
-0.58185399,-2.2230172,0.54429317,-0.006218791,-0.9635421,-0.26748398,0
2.9045138,-0.5096494,-2.9871545,0.72265089,0.18055785,-0.66721392,0
-3.20468,0.054783344,2.5389552,-0.72265089,-0.18055785,0.66721392,0
2.5098395,-0.54308772,-3.4236705,0.72265089,0.18055785,-0.66721392,0
-0.88131714,-0.032177709,2.3055835,0.691185,-0.19744688,0.69518185,0
-1.5252291,-2.115109,0.17751396,-0.006218791,-0.9635421,-0.26748398,0
1.5916222,2.3360777,-0.97503948,0.006218791,0.9635421,0.26748398,0
-2.0748556,-1.8201877,0.10748148,-0.691185,0.19744688,-0.69518185,0
-3.3078494,-0.35083485,2.3174472,-0.72265089,-0.18055785,0.66721392,0
-1.5423672,1.8430314,0.87389469,0.006218791,0.9635421,0.26748398,0
-2.2432117,-2.723382,2.3853524,-0.006218791,-0.9635421,-0.26748398,0
2.2295632,2.3926826,-1.1937757,0.006218791,0.9635421,0.26748398,0
-2.0355418,1.5120286,2.0777125,0.006218791,0.9635421,0.26748398,0
-2.0144625,-1.6242983,2.9800169,0.691185,-0.19744688,0.69518185,0
0.047887921,0.49080047,1.5302578,0.691185,-0.19744688,0.69518185,0
0.065191209,0.074933052,-1.4820062,-0.691185,0.19744688,-0.69518185,0
-1.9131992,-2.5862782,1.8837987,-0.006218791,-0.9635421,-0.26748398,0
-1.9204559,0.99554926,3.630645,0.691185,-0.19744688,0.69518185,0
-2.9081326,0.66603553,3.0255558,-0.72265089,-0.18055785,0.66721392,0
-0.30042481,-1.5459454,-1.5788568,-0.691185,0.19744688,-0.69518185,0
-1.3130497,0.070867419,-0.11284363,-0.691185,0.19744688,-0.69518185,0
-2.1278973,-0.35717851,3.4526892,0.691185,-0.19744688,0.69518185,0
-0.36711764,-2.1935146,0.43302444,-0.006218791,-0.9635421,-0.26748398,0
-3.4735589,-0.13683152,2.1958818,-0.72265089,-0.18055785,0.66721392,0
-1.1344162,1.8079846,0.99065804,0.006218791,0.9635421,0.26748398,0
3.4971302,0.99892974,-1.9370559,0.72265089,0.18055785,-0.66721392,0
1.465278,-1.7746333,-1.1184893,-0.006218791,-0.9635421,-0.26748398,0
1.8667412,2.0350754,0.10284653,0.006218791,0.9635421,0.26748398,0
1.9255588,2.4571576,-1.4189627,0.006218791,0.9635421,0.26748398,0
1.2876399,-1.2886262,-2.8650737,-0.006218791,-0.9635421,-0.26748398,0
2.6511123,2.518904,-2.4420404,0.72265089,0.18055785,-0.66721392,0
0.41104794,-1.4995768,-2.0847988,-0.006218791,-0.9635421,-0.26748398,0
-3.0156317,-2.3601253,2.0902019,-0.72265089,-0.18055785,0.66721392,0
3.3056834,-1.2435598,-2.7512598,0.72265089,0.18055785,-0.66721392,0
-3.0136712,1.4995428,2.1454296,0.006218791,0.9635421,0.26748398,0
-0.88741541,0.06468612,-0.53778654,-0.691185,0.19744688,-0.69518185,0
-2.0876279,-0.60749149,0.4646126,-0.691185,0.19744688,-0.69518185,0
2.5215778,-0.43483067,-3.3816605,0.72265089,0.18055785,-0.66721392,0
0.2938956,2.0535741,-1.1474185,-0.691185,0.19744688,-0.69518185,0
3.2213078,-0.59667122,-2.6675887,0.72265089,0.18055785,-0.66721392,0
3.3110454,2.0606623,-1.851282,0.72265089,0.18055785,-0.66721392,0
1.3982203,-0.51118356,-2.9738414,-0.691185,0.19744688,-0.69518185,0
1.7652668,2.3434575,-1.005661,0.006218791,0.9635421,0.26748398,0
1.7406528,-1.5776706,-1.8343982,-0.006218791,-0.9635421,-0.26748398,0
2.2961867,-1.5624069,-1.9022979,-0.006218791,-0.9635421,-0.26748398,0
-1.128575,-2.0646801,-0.013364501,-0.006218791,-0.9635421,-0.26748398,0
3.5351365,-0.49829769,-2.3010631,0.72265089,0.18055785,-0.66721392,0
2.4039445,-1.3596878,-1.3378327,0.691185,-0.19744688,0.69518185,0
1.4970074,-0.27197364,-3.0041196,-0.691185,0.19744688,-0.69518185,0
1.0733246,-1.6281421,-1.6370726,-0.006218791,-0.9635421,-0.26748398,0
2.5055575,-1.6587522,-1.5601062,-0.006218791,-0.9635421,-0.26748398,0
-2.7069111,-2.0521073,2.5079269,-0.72265089,-0.18055785,0.66721392,0
-2.1372631,-2.3479965,1.0306599,-0.006218791,-0.9635421,-0.26748398,0
0.97716403,1.4247205,-2.0053668,-0.691185,0.19744688,-0.69518185,0
1.1319475,1.6972785,0.79509652,0.691185,-0.19744688,0.69518185,0
2.8986299,-1.0532489,-1.7426389,0.691185,-0.19744688,0.69518185,0
0.42205453,2.2800856,-0.74615097,0.006218791,0.9635421,0.26748398,0
-0.32037592,-0.54119581,-1.2736497,-0.691185,0.19744688,-0.69518185,0
-1.679168,-0.086328745,0.20652264,-0.691185,0.19744688,-0.69518185,0
-2.4989867,-2.6556578,2.569798,-0.72265089,-0.18055785,0.66721392,0
1.1823801,2.4571502,-1.4016577,0.006218791,0.9635421,0.26748398,0
-2.7306814,0.45503306,3.1606505,-0.72265089,-0.18055785,0.66721392,0
3.5396323,2.2724447,-1.5463908,0.72265089,0.18055785,-0.66721392,0
-1.157328,-2.371531,1.0926546,-0.006218791,-0.9635421,-0.26748398,0
-1.9137869,1.2309442,0.81392682,-0.691185,0.19744688,-0.69518185,0
-1.3143009,-0.3942014,2.6332555,0.691185,-0.19744688,0.69518185,0
2.6450987,2.559423,-2.4375882,0.72265089,0.18055785,-0.66721392,0
-2.5170808,1.1952095,3.2301664,0.006218791,0.9635421,0.26748398,0
-0.41345429,2.1719594,-0.33723015,0.006218791,0.9635421,0.26748398,0
-2.8695576,0.060677409,2.9035168,-0.72265089,-0.18055785,0.66721392,0
3.1596947,1.5618789,-2.1501858,0.72265089,0.18055785,-0.66721392,0
1.5486821,2.6450858,-2.0871634,0.006218791,0.9635421,0.26748398,0
3.4776297,0.65724707,-2.0506411,0.72265089,0.18055785,-0.66721392,0
1.5005437,1.6740762,0.42202967,0.691185,-0.19744688,0.69518185,0
3.2930424,0.81329083,-2.2083373,0.72265089,0.18055785,-0.66721392,0
-3.2875514,-0.22791708,2.372695,-0.72265089,-0.18055785,0.66721392,0
-3.2249625,0.37930775,2.6048083,-0.72265089,-0.18055785,0.66721392,0
2.9305248,-0.52059245,-1.6230638,0.691185,-0.19744688,0.69518185,0
3.455564,-0.53722024,-2.3977799,0.72265089,0.18055785,-0.66721392,0
2.4972582,2.1145344,-2.718106,0.72265089,0.18055785,-0.66721392,0
0.53392857,0.36183804,1.0103835,0.691185,-0.19744688,0.69518185,0
-2.8569589,0.042224765,2.9121692,-0.72265089,-0.18055785,0.66721392,0
3.3482611,-1.3573098,-2.665566,-0.006218791,-0.9635421,-0.26748398,0
2.2855072,1.3155895,-3.1636562,0.72265089,0.18055785,-0.66721392,0
-2.8727326,0.55309641,3.0333338,-0.72265089,-0.18055785,0.66721392,0
1.6759834,1.8174179,-2.588634,-0.691185,0.19744688,-0.69518185,0
-1.3438988,-0.51271522,2.6290226,0.691185,-0.19744688,0.69518185,0
2.8596015,-1.5066696,-1.8326159,0.691185,-0.19744688,0.69518185,0
1.0050017,2.1436272,-0.26814792,0.006218791,0.9635421,0.26748398,0
2.1192102,2.3470643,-1.0268817,0.006218791,0.9635421,0.26748398,0
-3.334522,0.34466338,2.4767702,-0.72265089,-0.18055785,0.66721392,0
-0.05519557,1.8659753,0.75666964,0.006218791,0.9635421,0.26748398,0
2.6616416,-0.12583447,-3.1463404,0.72265089,0.18055785,-0.66721392,0
1.8072051,2.125597,-0.22184989,0.006218791,0.9635421,0.26748398,0
1.6084924,0.47668687,-2.902328,-0.691185,0.19744688,-0.69518185,0
-2.6912713,-2.304785,0.88788247,-0.006218791,-0.9635421,-0.26748398,0
-2.7877836,-2.0894029,2.4102423,-0.72265089,-0.18055785,0.66721392,0
-2.8138425,-2.0581398,2.3904784,-0.72265089,-0.18055785,0.66721392,0
-2.98526,-1.231768,1.179776,-0.691185,0.19744688,-0.69518185,0
1.4460924,-1.5763118,-1.8324441,-0.006218791,-0.9635421,-0.26748398,0
2.2049277,0.82581741,-3.383471,0.72265089,0.18055785,-0.66721392,0
1.0743694,1.8165214,0.88621151,0.691185,-0.19744688,0.69518185,0
2.6026764,-1.1254544,-3.4807169,0.72265089,0.18055785,-0.66721392,0
-1.4120873,-2.6172101,2.0990963,0.691185,-0.19744688,0.69518185,0
3.199213,2.3907683,-1.883074,0.72265089,0.18055785,-0.66721392,0
3.3319216,0.19157457,-2.3344734,0.72265089,0.18055785,-0.66721392,0
0.36596894,-1.5163047,-2.0234919,-0.006218791,-0.9635421,-0.26748398,0
0.73213983,-0.91306412,0.45121157,0.691185,-0.19744688,0.69518185,0
-0.8597436,0.64026499,2.4751225,0.691185,-0.19744688,0.69518185,0
0.75123388,1.1886001,-1.8477989,-0.691185,0.19744688,-0.69518185,0
-3.2003589,0.05891037,2.5447521,-0.72265089,-0.18055785,0.66721392,0
-1.346033,-2.2452173,0.64202964,-0.006218791,-0.9635421,-0.26748398,0
-0.60568023,0.96888804,2.315856,0.691185,-0.19744688,0.69518185,0
-0.64963639,1.0669042,2.3873982,0.691185,-0.19744688,0.69518185,0
-0.68327045,1.5417157,1.9393334,0.006218791,0.9635421,0.26748398,0
2.2345977,-1.2807194,-2.9155722,-0.006218791,-0.9635421,-0.26748398,0
2.2828314,-1.0690405,-3.6792116,-0.006218791,-0.9635421,-0.26748398,0
1.7195735,0.3420949,-0.17405272,0.691185,-0.19744688,0.69518185,0
1.3901938,1.4902986,-2.3973963,-0.691185,0.19744688,-0.69518185,0
-1.0651188,0.2260256,2.5616641,0.691185,-0.19744688,0.69518185,0
-0.5870986,2.1453788,-0.24541479,-0.691185,0.19744688,-0.69518185,0
2.1676662,0.028358817,-3.5856218,-0.691185,0.19744688,-0.69518185,0
2.3608384,2.7163644,-2.7029967,0.72265089,0.18055785,-0.66721392,0
-1.0891912,-1.0910821,2.2115104,0.691185,-0.19744688,0.69518185,0
3.555553,1.1160109,-1.8420953,0.72265089,0.18055785,-0.66721392,0
-0.10489988,-1.5356352,1.1066151,0.691185,-0.19744688,0.69518185,0
0.58165538,1.451129,1.2723135,0.691185,-0.19744688,0.69518185,0
1.6669092,2.7089076,-2.3264093,-0.691185,0.19744688,-0.69518185,0
-2.3958132,-0.014205813,0.93953192,-0.691185,0.19744688,-0.69518185,0
0.58974481,1.244984,1.2057208,0.691185,-0.19744688,0.69518185,0
-0.037916422,1.8837146,0.69236672,0.006218791,0.9635421,0.26748398,0
2.49752,1.8488004,-2.7897339,0.72265089,0.18055785,-0.66721392,0
-2.223629,0.9410814,1.0396606,-0.691185,0.19744688,-0.69518185,0
-2.4051447,-0.67236698,3.2081447,-0.72265089,-0.18055785,0.66721392,0
-1.0891825,1.3102826,2.7824481,0.006218791,0.9635421,0.26748398,0
3.2664022,2.530654,-1.7148873,0.006218791,0.9635421,0.26748398,0
-1.8550353,-0.91285557,3.023572,0.691185,-0.19744688,0.69518185,0
-2.9050832,-2.4626687,1.4615875,-0.006218791,-0.9635421,-0.26748398,0
2.8929467,0.13717651,-2.8246422,0.72265089,0.18055785,-0.66721392,0
3.0502853,-0.92453432,-2.9415448,0.72265089,0.18055785,-0.66721392,0
-3.3511457,-0.10118842,2.3381116,-0.72265089,-0.18055785,0.66721392,0
2.7587624,1.3481507,-2.6422687,0.72265089,0.18055785,-0.66721392,0
-2.7352133,-0.062196374,3.0157723,-0.72265089,-0.18055785,0.66721392,0
-2.6986835,-2.5210171,1.6669745,-0.006218791,-0.9635421,-0.26748398,0
-3.4605792,-1.1344267,1.6800092,-0.691185,0.19744688,-0.69518185,0
2.3474832,2.2031078,-0.51362371,0.006218791,0.9635421,0.26748398,0
-3.1329319,-0.76017857,2.3961241,-0.72265089,-0.18055785,0.66721392,0
-2.7935147,-1.2111864,2.6416931,-0.72265089,-0.18055785,0.66721392,0
2.5057864,0.38085443,-3.1780281,0.72265089,0.18055785,-0.66721392,0
-1.6367899,1.2787057,2.9089265,0.006218791,0.9635421,0.26748398,0
2.9066219,0.70852745,-2.6552153,0.72265089,0.18055785,-0.66721392,0
-2.3980935,-1.5072064,2.9898617,-0.72265089,-0.18055785,0.66721392,0
-2.5133953,-2.213109,0.55350733,-0.006218791,-0.9635421,-0.26748398,0
0.61599076,-1.8821088,-0.71159047,-0.006218791,-0.9635421,-0.26748398,0
2.5392337,2.3256967,-2.6154995,0.72265089,0.18055785,-0.66721392,0
-3.375519,-1.6232786,1.8998135,-0.72265089,-0.18055785,0.66721392,0
3.143856,0.94746542,-2.3336098,0.72265089,0.18055785,-0.66721392,0
-3.1562853,0.75803685,2.7816813,-0.72265089,-0.18055785,0.66721392,0
3.4584382,-1.0221467,-2.5258954,0.72265089,0.18055785,-0.66721392,0
0.68880248,1.7442249,-1.6279168,-0.691185,0.19744688,-0.69518185,0
2.5410402,2.4110651,-2.5904408,0.72265089,0.18055785,-0.66721392,0
-2.3199508,0.45113182,3.6044521,-0.72265089,-0.18055785,0.66721392,0
-2.2731435,-1.3666259,3.1632366,-0.72265089,-0.18055785,0.66721392,0
0.84002471,-1.8603988,-0.79500407,-0.006218791,-0.9635421,-0.26748398,0
-2.607347,-2.0942087,2.6043706,-0.72265089,-0.18055785,0.66721392,0
0.55401254,-2.1503439,0.25609821,-0.006218791,-0.9635421,-0.26748398,0
3.0101676,-1.3718947,-1.9440373,0.691185,-0.19744688,0.69518185,0
-1.9653958,0.12383103,3.4277396,0.691185,-0.19744688,0.69518185,0
2.0375128,-1.1221952,-3.4820321,-0.006218791,-0.9635421,-0.26748398,0
-1.4010303,0.47672814,2.9668489,0.691185,-0.19744688,0.69518185,0
-1.7229451,-2.2890761,0.80878174,-0.006218791,-0.9635421,-0.26748398,0
-3.0488601,0.68974411,2.8795514,-0.72265089,-0.18055785,0.66721392,0
-3.5857022,-1.4480109,1.7153485,-0.691185,0.19744688,-0.69518185,0
0.45317966,0.44426972,-1.7628644,-0.691185,0.19744688,-0.69518185,0
0.86942649,-1.5118697,0.14464039,0.691185,-0.19744688,0.69518185,0
-0.54434264,0.48432535,-0.7597003,-0.691185,0.19744688,-0.69518185,0
-0.55292332,2.0294852,0.17923927,0.006218791,0.9635421,0.26748398,0
-2.5818839,-1.1523352,2.8868337,-0.72265089,-0.18055785,0.66721392,0
1.6514355,2.4790983,-1.4916253,0.006218791,0.9635421,0.26748398,0
-2.1816139,-2.7981942,2.6534114,-0.006218791,-0.9635421,-0.26748398,0
0.291879,0.39905649,1.2616123,0.691185,-0.19744688,0.69518185,0
1.1208427,-1.7571459,-0.17499435,0.691185,-0.19744688,0.69518185,0
-1.1406175,-2.1749029,0.38396335,-0.006218791,-0.9635421,-0.26748398,0
-2.4504628,-2.4835703,2.6689227,-0.72265089,-0.18055785,0.66721392,0
1.7147985,-1.8402504,-0.78913915,0.691185,-0.19744688,0.69518185,0
-3.4307921,-1.6263697,1.8391116,-0.72265089,-0.18055785,0.66721392,0
-1.8732061,1.8001814,1.0359418,0.006218791,0.9635421,0.26748398,0
3.4145048,1.7349644,-1.8273648,0.72265089,0.18055785,-0.66721392,0
-3.3290477,-0.21975064,2.3299613,-0.72265089,-0.18055785,0.66721392,0
-2.0759015,1.3647521,2.6091759,0.006218791,0.9635421,0.26748398,0
0.1684463,1.7113963,1.3083005,0.006218791,0.9635421,0.26748398,0
-0.88872671,1.8066787,0.98964959,0.006218791,0.9635421,0.26748398,0
1.5888245,2.5044506,-1.5814946,0.006218791,0.9635421,0.26748398,0
1.0005444,2.4359474,-1.3210526,0.006218791,0.9635421,0.26748398,0
0.74201828,-0.36059657,-2.2786419,-0.691185,0.19744688,-0.69518185,0
2.9134541,-0.68365693,-3.0245605,0.72265089,0.18055785,-0.66721392,0
2.9705539,0.65362012,-2.6008296,0.72265089,0.18055785,-0.66721392,0
1.6948538,2.2421687,-0.63915706,0.006218791,0.9635421,0.26748398,0
-1.2783296,-0.67985719,2.5163586,0.691185,-0.19744688,0.69518185,0
0.81094921,2.3617911,-1.0495162,0.006218791,0.9635421,0.26748398,0
1.017499,-1.5996003,-0.027498305,0.691185,-0.19744688,0.69518185,0
3.1115844,2.2581079,-1.0138711,0.691185,-0.19744688,0.69518185,0
-2.6120589,-1.162277,0.82845747,-0.691185,0.19744688,-0.69518185,0
-1.7680018,-1.0494227,0.021306157,-0.691185,0.19744688,-0.69518185,0
-3.5112667,-0.95272219,1.9342493,-0.72265089,-0.18055785,0.66721392,0
1.8858573,-1.1835356,-3.2575431,-0.006218791,-0.9635421,-0.26748398,0
0.26319879,-1.3861532,0.78308892,0.691185,-0.19744688,0.69518185,0
2.2900903,0.079082906,-3.4933095,0.72265089,0.18055785,-0.66721392,0
-2.7985208,-0.80422717,2.7464004,-0.72265089,-0.18055785,0.66721392,0
-2.5461409,-0.8164956,3.0164294,-0.72265089,-0.18055785,0.66721392,0
0.9422307,2.0786266,-0.032541167,0.006218791,0.9635421,0.26748398,0
0.43687785,2.2818584,-0.75288182,0.006218791,0.9635421,0.26748398,0
-1.2496102,-1.9377725,-0.46770304,-0.006218791,-0.9635421,-0.26748398,0
-3.4020815,-1.972693,1.7764878,-0.72265089,-0.18055785,0.66721392,0
1.2242272,-1.5307684,-1.9913447,-0.006218791,-0.9635421,-0.26748398,0
3.4099386,-0.010377645,-2.3046255,0.72265089,0.18055785,-0.66721392,0
0.23253027,0.64511156,-1.4864401,-0.691185,0.19744688,-0.69518185,0
-0.32962871,1.6239599,1.6348481,0.006218791,0.9635421,0.26748398,0
2.7679327,-1.529551,-2.0316195,-0.006218791,-0.9635421,-0.26748398,0
0.028121352,0.91398335,1.670104,0.691185,-0.19744688,0.69518185,0
-2.2003798,0.43628079,3.7299385,-0.72265089,-0.18055785,0.66721392,0
-3.3694272,-1.3105896,1.9910299,-0.72265089,-0.18055785,0.66721392,0
-2.1051893,1.2167481,1.0001971,-0.691185,0.19744688,-0.69518185,0
-1.5379636,-1.7837642,2.4609659,0.691185,-0.19744688,0.69518185,0
-0.71020484,-0.60211509,-0.90336454,-0.691185,0.19744688,-0.69518185,0
-1.343478,-1.4697006,2.3567994,0.691185,-0.19744688,0.69518185,0
1.223604,-0.47155011,0.087972581,0.691185,-0.19744688,0.69518185,0
-0.059592128,-2.2647924,0.68263471,-0.006218791,-0.9635421,-0.26748398,0
-1.4536726,-2.1717925,0.38003772,-0.006218791,-0.9635421,-0.26748398,0
0.44190586,0.45270765,1.1276859,0.691185,-0.19744688,0.69518185,0
1.309709,1.747382,0.63258779,0.691185,-0.19744688,0.69518185,0
-3.1742995,-0.21403229,2.4991145,-0.72265089,-0.18055785,0.66721392,0
-0.4984473,1.8751228,0.73402315,0.006218791,0.9635421,0.26748398,0
-2.4120073,-1.3428063,0.57828152,-0.691185,0.19744688,-0.69518185,0
1.6844862,1.499693,-2.6873286,-0.691185,0.19744688,-0.69518185,0
0.73354685,-1.8037972,-0.99642044,-0.006218791,-0.9635421,-0.26748398,0
-0.96538532,-1.5081282,1.9699662,0.691185,-0.19744688,0.69518185,0
-1.9526608,-2.4417696,1.3641613,-0.006218791,-0.9635421,-0.26748398,0
2.8835924,-0.11861765,-2.9039955,0.72265089,0.18055785,-0.66721392,0
3.3172727,-0.48510385,-2.5334587,0.72265089,0.18055785,-0.66721392,0
2.7124264,1.3549061,-0.87353659,0.691185,-0.19744688,0.69518185,0
2.5240147,0.1801331,-3.2126033,0.72265089,0.18055785,-0.66721392,0
-2.6973069,0.13300073,3.1096516,-0.72265089,-0.18055785,0.66721392,0
2.795305,2.2368789,-2.3621869,0.72265089,0.18055785,-0.66721392,0
2.0888717,1.7643566,-0.13727438,0.691185,-0.19744688,0.69518185,0
2.6478534,0.61912096,-2.9596786,0.72265089,0.18055785,-0.66721392,0
-3.0399919,-2.429846,1.3464891,-0.006218791,-0.9635421,-0.26748398,0
0.39273596,2.1238854,-0.18279915,0.006218791,0.9635421,0.26748398,0
-0.37841713,-2.212729,1.1862504,0.691185,-0.19744688,0.69518185,0
-1.8495624,1.2145848,3.1448526,0.006218791,0.9635421,0.26748398,0
-3.1230989,0.61900032,2.78,-0.72265089,-0.18055785,0.66721392,0
-2.1988742,0.58351779,3.7714138,-0.72265089,-0.18055785,0.66721392,0
2.5593879,1.418211,-2.8392491,0.72265089,0.18055785,-0.66721392,0
-1.4168816,1.8864906,0.50606799,-0.691185,0.19744688,-0.69518185,0
0.41160458,-1.7571985,0.53015137,0.691185,-0.19744688,0.69518185,0
2.1834314,0.25926697,-3.5357132,-0.691185,0.19744688,-0.69518185,0
-1.2908326,0.99027991,3.0031452,0.691185,-0.19744688,0.69518185,0
0.78982621,-0.82367736,0.41924456,0.691185,-0.19744688,0.69518185,0
2.8537219,1.0015574,-2.6332121,0.72265089,0.18055785,-0.66721392,0
-3.1634026,-1.3798119,2.1954403,-0.72265089,-0.18055785,0.66721392,0
2.850759,-0.28687382,-2.9850893,0.72265089,0.18055785,-0.66721392,0
0.77091253,1.9784975,0.33213082,0.006218791,0.9635421,0.26748398,0
3.4775746,-0.78385735,-2.4406843,0.72265089,0.18055785,-0.66721392,0
-2.2792892,-1.4462935,3.1350207,-0.72265089,-0.18055785,0.66721392,0
2.4321945,2.2636216,-0.73357868,0.006218791,0.9635421,0.26748398,0
-0.68437338,-1.0393111,-1.0532207,-0.691185,0.19744688,-0.69518185,0
1.0779141,1.4121683,0.76784205,0.691185,-0.19744688,0.69518185,0
-3.2565851,-0.42468727,2.3529854,-0.72265089,-0.18055785,0.66721392,0
-2.6601834,-0.37059557,3.0135784,-0.72265089,-0.18055785,0.66721392,0
-0.14954972,-0.98737633,1.3067259,0.691185,-0.19744688,0.69518185,0
-1.4962534,1.1509061,3.2530057,0.691185,-0.19744688,0.69518185,0
2.4558125,-0.48878622,-1.1420473,0.691185,-0.19744688,0.69518185,0
0.68556631,-1.6537949,-1.5356504,-0.006218791,-0.9635421,-0.26748398,0
-3.1690578,0.12903595,2.597631,-0.72265089,-0.18055785,0.66721392,0
-1.2940552,-1.1022772,2.4120171,0.691185,-0.19744688,0.69518185,0
2.0808392,1.4070268,-3.107722,-0.691185,0.19744688,-0.69518185,0
-2.9286079,-2.3766353,1.1522217,-0.006218791,-0.9635421,-0.26748398,0
2.9515524,2.497674,-2.1223822,0.72265089,0.18055785,-0.66721392,0
3.1641922,0.55077267,-1.5510968,0.691185,-0.19744688,0.69518185,0
-0.23515703,0.81683302,-0.97266889,-0.691185,0.19744688,-0.69518185,0
-2.7738163,-1.0538645,2.7056019,-0.72265089,-0.18055785,0.66721392,0
-1.6108954,1.6978372,1.3985119,0.006218791,0.9635421,0.26748398,0
0.13230237,0.27658215,-1.4914589,-0.691185,0.19744688,-0.69518185,0
-2.2844417,-1.8023231,3.0330939,-0.72265089,-0.18055785,0.66721392,0
-2.8324137,-2.2124543,2.3286047,-0.72265089,-0.18055785,0.66721392,0
2.9075499,2.3836677,-1.1770644,0.006218791,0.9635421,0.26748398,0
-2.9043365,-2.532423,1.7128427,-0.006218791,-0.9635421,-0.26748398,0
-3.4776506,-0.12267804,2.1952803,-0.72265089,-0.18055785,0.66721392,0
-0.46731192,-0.39694092,-1.0865871,-0.691185,0.19744688,-0.69518185,0
3.4518945,0.1194191,-2.2240586,0.72265089,0.18055785,-0.66721392,0
-2.9211969,-2.3174732,2.204025,-0.72265089,-0.18055785,0.66721392,0
0.74157733,1.1875614,-1.8384929,-0.691185,0.19744688,-0.69518185,0
-1.1734183,1.5848228,1.7954464,0.006218791,0.9635421,0.26748398,0
-3.559716,-0.30385351,2.0573678,-0.72265089,-0.18055785,0.66721392,0
2.4641538,2.454396,-1.4215362,0.006218791,0.9635421,0.26748398,0
2.1653388,-1.5463085,-1.153603,0.691185,-0.19744688,0.69518185,0
-1.6234919,0.16213524,3.0986807,0.691185,-0.19744688,0.69518185,0
0.14579463,1.847903,0.81709754,0.006218791,0.9635421,0.26748398,0
-3.3685815,-0.9077934,2.1009483,-0.72265089,-0.18055785,0.66721392,0
3.2657251,0.83713996,-2.2314701,0.72265089,0.18055785,-0.66721392,0
3.1378994,-0.81521058,-2.8170667,0.72265089,0.18055785,-0.66721392,0
-2.2217503,-2.7775254,2.5798914,-0.006218791,-0.9635421,-0.26748398,0
-0.20077848,1.4645146,-0.8228941,-0.691185,0.19744688,-0.69518185,0
-2.0477943,0.48588663,3.6124959,0.691185,-0.19744688,0.69518185,0
3.0956669,2.4811521,-1.9707649,0.72265089,0.18055785,-0.66721392,0
0.43434882,-1.7880572,-1.0461643,-0.006218791,-0.9635421,-0.26748398,0
3.3561664,-0.61276913,-2.5258813,0.72265089,0.18055785,-0.66721392,0
-0.43871152,2.038492,0.14413887,0.006218791,0.9635421,0.26748398,0
-2.2121832,1.255397,3.006269,0.006218791,0.9635421,0.26748398,0
0.34415591,1.8950632,0.64260375,0.006218791,0.9635421,0.26748398,0
-3.0301912,-0.92184913,2.4636507,-0.72265089,-0.18055785,0.66721392,0
-0.52191758,-2.3906021,1.1465807,-0.006218791,-0.9635421,-0.26748398,0
-0.51583982,2.0960493,-0.061403275,0.006218791,0.9635421,0.26748398,0
0.17799765,0.36549813,-1.5116372,-0.691185,0.19744688,-0.69518185,0
1.7189587,-1.6606138,-0.74225426,0.691185,-0.19744688,0.69518185,0
-2.7513087,0.53795803,1.4498106,-0.691185,0.19744688,-0.69518185,0
3.521538,1.0616788,-1.8936394,0.72265089,0.18055785,-0.66721392,0
-1.9324577,1.4029039,2.4684095,0.006218791,0.9635421,0.26748398,0
1.0947311,1.7032936,-2.0431371,-0.691185,0.19744688,-0.69518185,0
0.48808253,1.4705659,1.3708687,0.691185,-0.19744688,0.69518185,0
-2.0588465,-1.4708443,3.0677304,0.691185,-0.19744688,0.69518185,0
3.3867683,2.4465804,-1.4148327,0.006218791,0.9635421,0.26748398,0
-1.7732795,0.1744284,3.2510986,0.691185,-0.19744688,0.69518185,0
-0.1885075,1.7348789,-0.75830507,-0.691185,0.19744688,-0.69518185,0
2.9465811,2.4532692,-2.1397831,0.72265089,0.18055785,-0.66721392,0
1.0989934,0.25270304,-2.4593742,-0.691185,0.19744688,-0.69518185,0
-1.1908176,-1.6001859,2.1679559,0.691185,-0.19744688,0.69518185,0
-2.5821877,-1.6798429,2.7437537,-0.72265089,-0.18055785,0.66721392,0
2.1880183,-1.1569743,-3.3602486,-0.006218791,-0.9635421,-0.26748398,0
-2.1762419,-1.9042437,3.0613561,0.691185,-0.19744688,0.69518185,0
-2.6811817,-2.0663848,2.5319304,-0.72265089,-0.18055785,0.66721392,0
1.2428883,0.6791954,0.39563599,0.691185,-0.19744688,0.69518185,0
1.3698729,-1.2757176,-2.9134855,-0.006218791,-0.9635421,-0.26748398,0
-2.2362552,-0.41162604,3.4616268,-0.72265089,-0.18055785,0.66721392,0
-3.0388463,1.3082926,2.8349442,0.006218791,0.9635421,0.26748398,0
-2.7345397,-2.390985,2.3862979,-0.72265089,-0.18055785,0.66721392,0
-1.4887652,-0.68645263,-0.15323389,-0.691185,0.19744688,-0.69518185,0
2.3238118,1.31198,-3.1231465,0.72265089,0.18055785,-0.66721392,0
-1.8968486,0.85161364,0.68934774,-0.691185,0.19744688,-0.69518185,0
-3.5262699,-2.1699276,1.5886064,-0.72265089,-0.18055785,0.66721392,0
-2.3537214,0.84210408,3.6736779,-0.72265089,-0.18055785,0.66721392,0
-2.4856174,0.85227621,1.27492,-0.691185,0.19744688,-0.69518185,0
-1.9880341,0.44823074,0.66543972,-0.691185,0.19744688,-0.69518185,0
3.0911791,0.43117881,-2.5303779,0.72265089,0.18055785,-0.66721392,0
-2.2618766,-0.34515029,3.4518657,-0.72265089,-0.18055785,0.66721392,0
3.401463,-0.13213396,-2.3467536,0.72265089,0.18055785,-0.66721392,0
0.72511697,-1.9805871,-0.35938519,-0.006218791,-0.9635421,-0.26748398,0
-2.2733078,0.51293105,3.6716943,-0.72265089,-0.18055785,0.66721392,0
-2.2195005,1.6101308,1.7286023,0.006218791,0.9635421,0.26748398,0
-2.9165525,0.92268133,1.7233744,-0.691185,0.19744688,-0.69518185,0
-1.2153051,0.61784881,2.8222733,0.691185,-0.19744688,0.69518185,0
-3.0615368,-1.9055759,2.1634898,-0.72265089,-0.18055785,0.66721392,0
2.0472631,1.8017845,-0.085274816,0.691185,-0.19744688,0.69518185,0
-1.6586205,1.7643535,1.1600134,0.006218791,0.9635421,0.26748398,0
-2.6774144,0.32050204,3.1819372,-0.72265089,-0.18055785,0.66721392,0
2.6643183,1.5934056,-2.6781902,0.72265089,0.18055785,-0.66721392,0
-1.3139508,1.2340267,3.062366,0.006218791,0.9635421,0.26748398,0
-1.9044158,1.6307218,0.91815531,-0.691185,0.19744688,-0.69518185,0
-2.9341486,0.4603647,2.9417205,-0.72265089,-0.18055785,0.66721392,0
-2.7141614,-1.2959869,2.7046914,-0.72265089,-0.18055785,0.66721392,0
1.020247,2.0800369,-1.862078,-0.691185,0.19744688,-0.69518185,0
-0.034633398,0.40536225,-1.2889063,-0.691185,0.19744688,-0.69518185,0
3.153564,2.4090488,-1.9275696,0.72265089,0.18055785,-0.66721392,0
2.6349707,-1.1502193,-1.5080369,0.691185,-0.19744688,0.69518185,0
-2.8095224,-2.5150039,1.6478903,-0.006218791,-0.9635421,-0.26748398,0
-1.6049871,-1.1031722,-0.1560376,-0.691185,0.19744688,-0.69518185,0
-1.65391,1.5728177,0.65264356,-0.691185,0.19744688,-0.69518185,0
2.7145369,-0.89640653,-3.2975783,0.72265089,0.18055785,-0.66721392,0
-0.24951756,-0.5555231,-1.34817,-0.691185,0.19744688,-0.69518185,0
2.4885483,0.033261776,-3.2907619,0.72265089,0.18055785,-0.66721392,0
2.6546104,-0.39046717,-3.2255695,0.72265089,0.18055785,-0.66721392,0
2.5713711,1.9197801,-0.57285607,0.691185,-0.19744688,0.69518185,0
2.8078284,-0.51586246,-1.4997299,0.691185,-0.19744688,0.69518185,0
2.0937448,1.6874703,-0.16395676,0.691185,-0.19744688,0.69518185,0
-3.0624235,-1.4551469,1.1930511,-0.691185,0.19744688,-0.69518185,0
2.838419,1.8826019,-0.84892809,0.691185,-0.19744688,0.69518185,0
3.2849426,-0.52973294,-1.9780403,0.691185,-0.19744688,0.69518185,0
2.3097734,2.4533858,-1.4143091,0.006218791,0.9635421,0.26748398,0
3.0335569,0.054729581,-2.6946611,0.72265089,0.18055785,-0.66721392,0
-1.4425687,1.7684524,1.1402261,0.006218791,0.9635421,0.26748398,0
-3.4135826,-0.24149394,2.2325182,-0.72265089,-0.18055785,0.66721392,0
-1.9318794,-2.3323269,0.96943945,-0.006218791,-0.9635421,-0.26748398,0
3.0595851,-1.5285494,-2.0420089,-0.006218791,-0.9635421,-0.26748398,0
-3.1304705,-2.5428419,1.7556313,-0.006218791,-0.9635421,-0.26748398,0
1.517046,-1.4695506,-2.2186742,-0.006218791,-0.9635421,-0.26748398,0
2.9312778,0.09698987,-1.448406,0.691185,-0.19744688,0.69518185,0
-2.6831748,0.82928956,3.3133836,-0.72265089,-0.18055785,0.66721392,0
-3.3063233,-2.2576737,1.803082,-0.72265089,-0.18055785,0.66721392,0
1.4522634,2.0628953,-2.296479,-0.691185,0.19744688,-0.69518185,0
-1.7356533,-2.6964903,2.2766814,-0.006218791,-0.9635421,-0.26748398,0
0.68131316,-2.104625,0.088447928,-0.006218791,-0.9635421,-0.26748398,0
-2.324667,-0.20819199,3.4209211,-0.72265089,-0.18055785,0.66721392,0
3.4501143,0.56466424,-2.1054969,0.72265089,0.18055785,-0.66721392,0
-1.7819066,-2.3994687,1.2078134,-0.006218791,-0.9635421,-0.26748398,0
0.24401796,2.1157782,-0.15013705,0.006218791,0.9635421,0.26748398,0
-2.6998217,0.86280835,1.4908841,-0.691185,0.19744688,-0.69518185,0
-0.85703063,-2.2764032,1.6440276,0.691185,-0.19744688,0.69518185,0
-1.7554536,1.3872195,2.5207925,0.006218791,0.9635421,0.26748398,0
2.644752,1.9223127,-2.6103754,0.72265089,0.18055785,-0.66721392,0
2.5818157,1.2408619,-2.8629513,0.72265089,0.18055785,-0.66721392,0
-3.2476954,-2.103631,1.9082673,-0.72265089,-0.18055785,0.66721392,0
2.9923453,0.69332933,-2.5664816,0.72265089,0.18055785,-0.66721392,0
-2.7218454,1.3862394,2.5467923,0.006218791,0.9635421,0.26748398,0
-0.0068058968,-1.5760423,-1.7996366,-0.006218791,-0.9635421,-0.26748398,0
-2.2927604,-1.9010916,2.9973555,-0.72265089,-0.18055785,0.66721392,0
-2.4287829,-2.3704412,1.118289,-0.006218791,-0.9635421,-0.26748398,0
-1.7788223,-1.5588328,2.7643254,0.691185,-0.19744688,0.69518185,0
0.49458557,-0.4529404,-2.0588596,-0.691185,0.19744688,-0.69518185,0
-2.3066185,1.019964,3.7728262,-0.72265089,-0.18055785,0.66721392,0
-1.6619461,-2.0686145,0.013208538,-0.006218791,-0.9635421,-0.26748398,0
-1.1190225,-0.094824098,2.5241294,0.691185,-0.19744688,0.69518185,0
0.48877501,-1.4937409,-2.1076283,-0.006218791,-0.9635421,-0.26748398,0
3.5414252,-0.32430744,-2.1747031,0.691185,-0.19744688,0.69518185,0
-3.0888319,1.3320884,2.7503896,0.006218791,0.9635421,0.26748398,0
-2.5117061,-2.6844921,2.5482187,-0.72265089,-0.18055785,0.66721392,0
2.2961106,1.7198799,-3.0427654,0.72265089,0.18055785,-0.66721392,0
2.1853883,-0.75651693,-0.94921887,0.691185,-0.19744688,0.69518185,0
-0.65762502,0.46324021,-0.65305781,-0.691185,0.19744688,-0.69518185,0
0.76076144,0.64187205,0.86439025,0.691185,-0.19744688,0.69518185,0
-2.6882901,-0.61234933,2.9177148,-0.72265089,-0.18055785,0.66721392,0
-2.3403244,-2.8058476,2.6846709,-0.006218791,-0.9635421,-0.26748398,0
-2.2797549,-2.5637357,1.8111174,-0.006218791,-0.9635421,-0.26748398,0
2.2404609,-1.6319864,-1.6503593,-0.006218791,-0.9635421,-0.26748398,0
-2.9423201,1.4096111,2.4677267,0.006218791,0.9635421,0.26748398,0
-3.1207435,1.3991517,2.5095522,0.006218791,0.9635421,0.26748398,0
-1.685926,1.693004,0.71861112,-0.691185,0.19744688,-0.69518185,0
-3.0754418,1.4726509,2.243737,0.006218791,0.9635421,0.26748398,0
2.9007463,1.9928856,-2.314013,0.72265089,0.18055785,-0.66721392,0
2.3431985,-1.6118654,-1.3490597,0.691185,-0.19744688,0.69518185,0
-2.1738155,-0.91593039,0.46270132,-0.691185,0.19744688,-0.69518185,0
2.3955846,0.039703369,-3.3897066,0.72265089,0.18055785,-0.66721392,0
-2.5685797,-2.4357915,2.5539215,-0.72265089,-0.18055785,0.66721392,0
3.0241847,-0.52353239,-2.8612976,0.72265089,0.18055785,-0.66721392,0
1.0614161,-0.13230288,-2.5313632,-0.691185,0.19744688,-0.69518185,0
2.8190784,2.54846,-1.7686291,0.006218791,0.9635421,0.26748398,0
-2.1572895,-0.13586551,3.5447702,0.691185,-0.19744688,0.69518185,0
-3.040113,1.4928787,2.1700506,0.006218791,0.9635421,0.26748398,0
-1.3668708,-2.3195338,0.91022032,-0.006218791,-0.9635421,-0.26748398,0
-0.91195047,-0.96448636,2.071245,0.691185,-0.19744688,0.69518185,0
1.7240844,2.2300265,-2.5192683,-0.691185,0.19744688,-0.69518185,0
-2.7067077,-0.03161478,3.0549221,-0.72265089,-0.18055785,0.66721392,0
2.9593658,0.7495681,-2.5869827,0.72265089,0.18055785,-0.66721392,0
-1.4937264,-0.97768891,-0.23101863,-0.691185,0.19744688,-0.69518185,0
2.2767932,-0.34546155,-3.6225991,0.72265089,0.18055785,-0.66721392,0
1.5915864,-1.8600199,-0.81384206,-0.006218791,-0.9635421,-0.26748398,0
2.1968484,2.7541633,-2.4951565,0.006218791,0.9635421,0.26748398,0
-2.5744865,1.1954166,3.2307549,0.006218791,0.9635421,0.26748398,0
1.2655548,1.1821778,0.51595771,0.691185,-0.19744688,0.69518185,0
-3.3083231,0.38681531,2.5165529,-0.72265089,-0.18055785,0.66721392,0
-0.32889569,1.1007144,2.078104,0.691185,-0.19744688,0.69518185,0
-2.7041647,0.40801573,3.1766469,-0.72265089,-0.18055785,0.66721392,0
-1.5203543,-0.50501883,2.8066494,0.691185,-0.19744688,0.69518185,0
-2.3764808,-0.55895239,3.2698812,-0.72265089,-0.18055785,0.66721392,0
-2.61234,1.1085143,3.4656663,-0.72265089,-0.18055785,0.66721392,0
-2.6900666,-0.37370729,2.9803708,-0.72265089,-0.18055785,0.66721392,0
0.82433528,-0.36355296,-2.3613255,-0.691185,0.19744688,-0.69518185,0
-0.0016348362,1.1689579,1.7721075,0.691185,-0.19744688,0.69518185,0
-0.3613458,0.15009612,-1.0365734,-0.691185,0.19744688,-0.69518185,0
2.4377017,1.3325415,-0.60674369,0.691185,-0.19744688,0.69518185,0
3.4492197,2.0261803,-1.7109582,0.72265089,0.18055785,-0.66721392,0
-3.0680139,-2.0984983,1.0158833,-0.691185,0.19744688,-0.69518185,0
2.930728,1.1229143,-2.5169668,0.72265089,0.18055785,-0.66721392,0
-2.2703404,-0.48901278,3.4037676,-0.72265089,-0.18055785,0.66721392,0
3.2982969,-0.53279233,-1.9921868,0.691185,-0.19744688,0.69518185,0
-3.0942118,0.56798589,2.7974815,-0.72265089,-0.18055785,0.66721392,0
-3.4501677,0.30612063,2.3410854,-0.72265089,-0.18055785,0.66721392,0
-1.0907069,-0.019028351,2.5175042,0.691185,-0.19744688,0.69518185,0
1.9926689,0.41339886,-0.42532587,0.691185,-0.19744688,0.69518185,0
1.9977822,-1.1372659,-3.4268203,-0.006218791,-0.9635421,-0.26748398,0
2.2723296,-0.99538773,-3.8033135,0.72265089,0.18055785,-0.66721392,0
-3.3070614,-2.5218101,1.6839752,-0.006218791,-0.9635421,-0.26748398,0
0.10858941,1.4979239,1.7559502,0.691185,-0.19744688,0.69518185,0
0.97878659,-1.1897928,-2.7495589,-0.691185,0.19744688,-0.69518185,0
0.65753341,-1.9719907,-0.38878012,-0.006218791,-0.9635421,-0.26748398,0
2.0157022,0.91457707,-0.30588168,0.691185,-0.19744688,0.69518185,0
2.2052236,1.1094724,-3.3063893,0.72265089,0.18055785,-0.66721392,0
-3.1067631,-0.14700603,2.5904007,-0.72265089,-0.18055785,0.66721392,0
1.7800488,2.2487605,-0.66488278,0.006218791,0.9635421,0.26748398,0
3.4135616,0.51763237,-2.157814,0.72265089,0.18055785,-0.66721392,0
-2.3720484,0.41383183,3.5379314,-0.72265089,-0.18055785,0.66721392,0
-2.2270947,1.2062811,3.183542,0.006218791,0.9635421,0.26748398,0
-2.6232414,-2.4750156,1.499512,-0.006218791,-0.9635421,-0.26748398,0
-2.5452642,1.2678481,2.9691596,0.006218791,0.9635421,0.26748398,0
1.2584474,0.13692488,-2.6507955,-0.691185,0.19744688,-0.69518185,0
-3.4005711,-1.3852867,1.9370842,-0.72265089,-0.18055785,0.66721392,0
-0.039829493,-1.6552424,-1.5135715,-0.006218791,-0.9635421,-0.26748398,0
2.8053164,2.529547,-1.7001798,0.006218791,0.9635421,0.26748398,0
3.053036,1.3509871,-2.3227768,0.72265089,0.18055785,-0.66721392,0
-1.8187953,-2.5607386,1.7896044,-0.006218791,-0.9635421,-0.26748398,0
-3.1627588,0.86899102,2.8046956,-0.72265089,-0.18055785,0.66721392,0
-2.75455,1.2125297,3.173295,0.006218791,0.9635421,0.26748398,0
2.7034585,-0.99497986,-3.3362527,0.72265089,0.18055785,-0.66721392,0
3.4366984,-0.52635312,-2.4152725,0.72265089,0.18055785,-0.66721392,0
0.11719596,2.0285997,0.16684967,0.006218791,0.9635421,0.26748398,0
-2.1269948,-0.39528501,0.56402469,-0.691185,0.19744688,-0.69518185,0
-1.4100537,0.20398438,0.021410704,-0.691185,0.19744688,-0.69518185,0
-3.5533807,0.075875998,2.1160302,-0.691185,0.19744688,-0.69518185,0
-1.6794951,-0.36158133,0.12867016,-0.691185,0.19744688,-0.69518185,0
-3.1462867,-0.7371521,1.4803585,-0.691185,0.19744688,-0.69518185,0
-1.8901037,-2.3698678,1.1036993,-0.006218791,-0.9635421,-0.26748398,0
-2.5861831,0.2933892,3.2734118,-0.72265089,-0.18055785,0.66721392,0
3.142467,2.4842086,-1.9192493,0.72265089,0.18055785,-0.66721392,0
0.31421149,-2.1547301,0.27747339,-0.006218791,-0.9635421,-0.26748398,0
-2.409081,-2.2557733,2.7753882,-0.72265089,-0.18055785,0.66721392,0
2.7704334,0.20377564,-2.9393125,0.72265089,0.18055785,-0.66721392,0
-2.3843861,-1.0971549,3.1156738,-0.72265089,-0.18055785,0.66721392,0
-2.252974,1.6857405,1.4570159,0.006218791,0.9635421,0.26748398,0
2.3911762,0.16776037,-0.89130914,0.691185,-0.19744688,0.69518185,0
-0.018584937,-0.69760054,1.2588167,0.691185,-0.19744688,0.69518185,0
2.3778961,2.310111,-0.89978194,0.006218791,0.9635421,0.26748398,0
-3.2499266,0.42735147,1.914147,-0.691185,0.19744688,-0.69518185,0
-3.1177394,-1.4906471,1.2379663,-0.691185,0.19744688,-0.69518185,0
3.1212468,2.5846195,-1.9059111,0.006218791,0.9635421,0.26748398,0
1.9918077,-1.3826927,-2.5425944,-0.006218791,-0.9635421,-0.26748398,0
0.70736974,-1.2075957,0.39218578,0.691185,-0.19744688,0.69518185,0
-3.4898653,0.074630737,2.235445,-0.72265089,-0.18055785,0.66721392,0
-3.4037232,0.2437005,2.3744974,-0.72265089,-0.18055785,0.66721392,0
0.12730676,1.3951318,-1.1687994,-0.691185,0.19744688,-0.69518185,0
-1.5708835,-2.3352592,0.97160918,-0.006218791,-0.9635421,-0.26748398,0
-3.56057,-1.9992491,1.5337965,-0.691185,0.19744688,-0.69518185,0
-3.1937032,-0.35556364,2.4397984,-0.72265089,-0.18055785,0.66721392,0
-3.5026681,-1.2634444,1.8594761,-0.72265089,-0.18055785,0.66721392,0
-2.5871658,-1.2609854,2.8517108,-0.72265089,-0.18055785,0.66721392,0
-2.621465,1.6351948,1.6476603,0.006218791,0.9635421,0.26748398,0
2.1040232,-1.2120206,-3.160006,-0.006218791,-0.9635421,-0.26748398,0
-0.81275642,-2.4284363,1.2896299,-0.006218791,-0.9635421,-0.26748398,0
0.22071326,2.0286345,0.16431668,0.006218791,0.9635421,0.26748398,0
1.2334892,-1.3730632,-2.5596519,-0.006218791,-0.9635421,-0.26748398,0
-0.35861871,-1.2495605,1.4401269,0.691185,-0.19744688,0.69518185,0
-1.0237843,-1.0722047,2.1518412,0.691185,-0.19744688,0.69518185,0
-2.7058082,-0.26793361,2.9919448,-0.72265089,-0.18055785,0.66721392,0
-3.1358902,0.59192395,2.7588184,-0.72265089,-0.18055785,0.66721392,0
3.5010691,2.2143176,-1.6038879,0.72265089,0.18055785,-0.66721392,0
3.4862895,-1.2173998,-2.548568,0.72265089,0.18055785,-0.66721392,0
2.4535038,0.040560603,-3.3267426,0.72265089,0.18055785,-0.66721392,0
-3.0459092,-2.174149,0.97241938,-0.691185,0.19744688,-0.69518185,0
2.9344749,1.5531437,-2.3964825,0.72265089,0.18055785,-0.66721392,0
1.4788895,2.1271501,-0.21981075,0.006218791,0.9635421,0.26748398,0
-3.0293379,-1.872967,2.2071886,-0.72265089,-0.18055785,0.66721392,0
-2.0675292,0.58997637,3.6616812,0.691185,-0.19744688,0.69518185,0
-0.74675405,-2.0583785,-0.044942088,-0.006218791,-0.9635421,-0.26748398,0
1.0941122,1.7416681,0.84532207,0.691185,-0.19744688,0.69518185,0
0.091003418,-0.28248861,-1.6091856,-0.691185,0.19744688,-0.69518185,0
-0.13475859,2.0664697,-0.71756601,-0.691185,0.19744688,-0.69518185,0
-1.8311689,-0.4259882,0.26117891,-0.691185,0.19744688,-0.69518185,0
2.5791349,2.5416937,-2.5138307,0.72265089,0.18055785,-0.66721392,0
0.96278262,-1.2065929,0.13852602,0.691185,-0.19744688,0.69518185,0
-3.1936312,1.0634296,2.8238764,-0.72265089,-0.18055785,0.66721392,0
-3.1034992,1.0032566,1.9321314,-0.691185,0.19744688,-0.69518185,0
-1.724221,-2.3749413,1.1181185,-0.006218791,-0.9635421,-0.26748398,0
0.2019906,-1.5954322,-1.7346439,-0.006218791,-0.9635421,-0.26748398,0
0.17467767,0.98013717,-1.3337654,-0.691185,0.19744688,-0.69518185,0
-0.47592998,-2.3375475,0.95439601,-0.006218791,-0.9635421,-0.26748398,0
-0.87975514,1.7951553,1.0309505,0.006218791,0.9635421,0.26748398,0
3.5233774,-0.59879184,-2.3409946,0.72265089,0.18055785,-0.66721392,0
-2.928787,1.2654275,2.9867961,0.006218791,0.9635421,0.26748398,0
2.405313,1.7640234,-0.45199102,0.691185,-0.19744688,0.69518185,0
1.3639336,1.3657258,-2.4066684,-0.691185,0.19744688,-0.69518185,0
3.5224903,1.4410243,-1.6544843,0.691185,-0.19744688,0.69518185,0
-0.6013419,-0.13193494,-0.8780601,-0.691185,0.19744688,-0.69518185,0
-2.7077508,-2.4965537,2.3867443,-0.72265089,-0.18055785,0.66721392,0
