2.5009699,0.60938549,2.5349433,0.80910861,0.28499973,0.51392472,0
1.3482025,2.111346,2.6950624,-0.54139924,0.70160991,0.46328235,0
0.3713243,2.446454,0.94546223,0.22853924,0.65308416,-0.72197723,0
0.56029785,-1.6404185,-1.177946,0.54139924,-0.70160991,-0.46328235,0
2.5169208,1.4582796,2.0390711,0.80910861,0.28499973,0.51392472,0
-1.7113594,1.0234241,0.76719296,-0.54139924,0.70160991,0.46328235,0
-2.1193559,-1.0015903,-2.9182458,-0.80910861,-0.28499973,-0.51392472,0
1.0662854,2.0690708,0.82407761,0.22853924,0.65308416,-0.72197723,0
-0.79241484,-0.02425015,1.1123134,-0.22853924,-0.65308416,0.72197723,0
3.0146947,1.6881499,1.127914,0.80910861,0.28499973,0.51392472,0
3.8852587,-0.27161324,0.84411955,0.80910861,0.28499973,0.51392472,0
2.8826776,1.731266,1.3118482,0.80910861,0.28499973,0.51392472,0
-1.8234373,-1.5268639,-3.0928385,-0.80910861,-0.28499973,-0.51392472,0
-1.4589816,-0.33632046,0.61902231,-0.22853924,-0.65308416,0.72197723,0
2.6014555,0.3742013,2.507164,0.80910861,0.28499973,0.51392472,0
-0.62849289,0.60704851,-1.0349106,0.22853924,0.65308416,-0.72197723,0
1.7185483,-1.7046063,0.2728126,0.54139924,-0.70160991,-0.46328235,0
-2.5980487,-1.3701764,-1.9602034,-0.80910861,-0.28499973,-0.51392472,0
-2.9972289,0.25840744,0.42307091,-0.54139924,0.70160991,0.46328235,0
-1.9260368,-1.7654152,-2.7990191,-0.80910861,-0.28499973,-0.51392472,0
2.4065671,-0.99900031,0.0082501173,0.54139924,-0.70160991,-0.46328235,0
-3.6459637,-0.31549799,-0.89527345,-0.80910861,-0.28499973,-0.51392472,0
-2.1361485,-2.0428109,-2.314394,-0.80910861,-0.28499973,-0.51392472,0
-3.2887304,0.28609729,0.040482998,-0.54139924,0.70160991,0.46328235,0
-3.1037426,-0.38244057,-1.7118082,-0.80910861,-0.28499973,-0.51392472,0
-1.704147,0.45132256,-1.5162709,0.22853924,0.65308416,-0.72197723,0
-2.7133217,0.27215436,0.73403084,-0.54139924,0.70160991,0.46328235,0
0.80448693,-0.72574425,0.98325121,-0.22853924,-0.65308416,0.72197723,0
-2.7497935,-0.67710602,-2.1056471,-0.80910861,-0.28499973,-0.51392472,0
2.5633192,-0.98863089,1.3022019,-0.22853924,-0.65308416,0.72197723,0
0.045253038,-1.4938751,-2.001766,0.54139924,-0.70160991,-0.46328235,0
-0.8192203,-1.6150808,-2.8284457,0.54139924,-0.70160991,-0.46328235,0
-2.4338028,0.28788793,0.87509078,-0.22853924,-0.65308416,0.72197723,0
1.8085905,2.3191566,2.6768425,0.80910861,0.28499973,0.51392472,0
-2.6137357,-1.940104,-1.6194501,-0.80910861,-0.28499973,-0.51392472,0
2.5423598,1.916826,1.7447312,0.80910861,0.28499973,0.51392472,0
0.59081173,1.9223634,2.0961649,-0.54139924,0.70160991,0.46328235,0
-0.5882473,-1.6114137,-2.5640805,0.54139924,-0.70160991,-0.46328235,0
0.066687584,2.0247126,1.3286638,-0.54139924,0.70160991,0.46328235,0
1.5081007,1.9648196,0.86962938,0.22853924,0.65308416,-0.72197723,0
0.085176826,-0.5169884,0.94439214,-0.22853924,-0.65308416,0.72197723,0
3.8712873,-0.42891383,0.95334744,0.80910861,0.28499973,0.51392472,0
-3.5499153,-0.18197703,-1.1205337,-0.80910861,-0.28499973,-0.51392472,0
-1.8992691,-2.3741887,-2.503562,-0.80910861,-0.28499973,-0.51392472,0
1.7525647,0.89377344,-0.021830559,0.22853924,0.65308416,-0.72197723,0
2.9699442,0.68861496,1.7526658,0.80910861,0.28499973,0.51392472,0
1.5716906,0.46873152,2.3066025,-0.22853924,-0.65308416,0.72197723,0
2.0469675,-1.5184277,0.37465382,0.54139924,-0.70160991,-0.46328235,0
-0.20384574,-1.698571,-0.21592951,-0.22853924,-0.65308416,0.72197723,0
-0.83686507,-1.395247,-2.9121008,0.22853924,0.65308416,-0.72197723,0
-0.19505429,1.9558408,1.1270893,-0.54139924,0.70160991,0.46328235,0
0.68291855,1.4741694,0.16458988,0.22853924,0.65308416,-0.72197723,0
2.1840191,1.7797781,2.3848929,0.80910861,0.28499973,0.51392472,0
3.5016832,0.16837633,1.2040117,0.80910861,0.28499973,0.51392472,0
-1.7546835,-1.5628332,-3.1811357,-0.80910861,-0.28499973,-0.51392472,0
-2.1322422,-2.171267,-2.2493072,-0.80910861,-0.28499973,-0.51392472,0
1.5276144,1.700706,3.4070661,-0.22853924,-0.65308416,0.72197723,0
-3.2871027,-1.1692768,-0.9867866,-0.80910861,-0.28499973,-0.51392472,0
2.8653753,0.58090782,1.9770257,0.80910861,0.28499973,0.51392472,0
-1.6784711,1.5812954,-0.48599601,0.22853924,0.65308416,-0.72197723,0
-2.5456486,-2.2337704,-1.5637908,-0.80910861,-0.28499973,-0.51392472,0
1.8219327,-1.1689044,0.90444756,-0.22853924,-0.65308416,0.72197723,0
0.36984652,0.67713398,-0.65549201,0.22853924,0.65308416,-0.72197723,0
1.9528445,0.44626436,-0.36323917,0.22853924,0.65308416,-0.72197723,0
1.6207715,-0.13574719,1.7753415,-0.22853924,-0.65308416,0.72197723,0
1.4689679,2.1764853,2.7375419,-0.54139924,0.70160991,0.46328235,0
2.4945498,2.2805238,1.6183124,0.80910861,0.28499973,0.51392472,0
-0.40703273,2.1401596,0.42200947,0.22853924,0.65308416,-0.72197723,0
-3.9444561,-0.47814488,-0.33513832,-0.80910861,-0.28499973,-0.51392472,0
3.5801849,-0.82762325,1.1202207,0.54139924,-0.70160991,-0.46328235,0
-1.6903678,0.65674484,-1.326089,0.22853924,0.65308416,-0.72197723,0
-3.5031848,-0.34184051,-1.1054521,-0.80910861,-0.28499973,-0.51392472,0
3.2496166,-0.60222977,0.3925693,0.54139924,-0.70160991,-0.46328235,0
2.1322138,1.2431576,2.7640405,0.80910861,0.28499973,0.51392472,0
1.7237647,-1.1926782,-0.49637222,0.54139924,-0.70160991,-0.46328235,0
3.3388784,-0.60006046,1.8864679,0.80910861,0.28499973,0.51392472,0
3.6081028,0.47455752,0.86667252,0.80910861,0.28499973,0.51392472,0
2.1477013,0.34809253,-0.39036191,0.22853924,0.65308416,-0.72197723,0
3.2146811,0.77662075,1.3185544,0.80910861,0.28499973,0.51392472,0
3.3624554,-0.27278614,0.025514364,0.54139924,-0.70160991,-0.46328235,0
0.50976795,0.94038886,-0.37306607,0.22853924,0.65308416,-0.72197723,0
0.20483303,-1.868512,-1.2479154,0.54139924,-0.70160991,-0.46328235,0
1.3048362,2.7070527,1.7422261,-0.54139924,0.70160991,0.46328235,0
2.0807877,-0.51718932,-1.1021315,0.54139924,-0.70160991,-0.46328235,0
-0.92706406,-1.828813,-2.6307909,0.54139924,-0.70160991,-0.46328235,0
-2.365464,0.76651925,0.39186072,-0.54139924,0.70160991,0.46328235,0
-1.1758859,0.40491402,1.3791389,-0.22853924,-0.65308416,0.72197723,0
-2.4921868,-1.0447705,-2.3073256,-0.80910861,-0.28499973,-0.51392472,0
-1.425347,-2.3384361,-2.4413023,0.54139924,-0.70160991,-0.46328235,0
2.1124914,1.4484293,0.59383202,0.22853924,0.65308416,-0.72197723,0
-0.97406197,-0.62521619,0.51119351,-0.22853924,-0.65308416,0.72197723,0
2.7381401,-0.40805757,-0.49921131,0.54139924,-0.70160991,-0.46328235,0
2.853297,1.2875055,1.6041932,0.80910861,0.28499973,0.51392472,0
1.4602407,-1.5896456,0.40936226,-0.22853924,-0.65308416,0.72197723,0
-1.0281594,1.1678749,-0.65411258,0.22853924,0.65308416,-0.72197723,0
-1.8216944,-1.8904158,-2.8939729,-0.80910861,-0.28499973,-0.51392472,0
3.1071033,0.84803092,1.4483204,0.80910861,0.28499973,0.51392472,0
3.8765044,-0.45753932,0.90603685,0.54139924,-0.70160991,-0.46328235,0
-2.3580184,-1.70504,-2.1524,-0.80910861,-0.28499973,-0.51392472,0
2.0570371,0.93742871,2.8842101,-0.22853924,-0.65308416,0.72197723,0
1.2677174,-1.854849,-0.026503474,0.54139924,-0.70160991,-0.46328235,0
-3.8329291,0.1648246,-0.86728525,-0.80910861,-0.28499973,-0.51392472,0
3.4478037,0.72244906,0.35981536,0.22853924,0.65308416,-0.72197723,0
-2.7135544,-2.0520728,-1.4002051,-0.80910861,-0.28499973,-0.51392472,0
2.5749295,-1.3046188,0.66783941,0.54139924,-0.70160991,-0.46328235,0
2.9844906,-1.2666141,1.0889043,0.54139924,-0.70160991,-0.46328235,0
-0.48937416,-0.57018518,-2.0557714,0.22853924,0.65308416,-0.72197723,0
2.6027422,-0.40551099,-0.66129625,0.54139924,-0.70160991,-0.46328235,0
-2.5945983,-2.24176,-1.4822946,-0.80910861,-0.28499973,-0.51392472,0
0.30579615,2.1553407,1.4102631,-0.54139924,0.70160991,0.46328235,0
2.8281798,-0.1452266,-0.62120414,0.22853924,0.65308416,-0.72197723,0
0.27382195,2.1208649,1.4251082,-0.54139924,0.70160991,0.46328235,0
3.3634958,0.55175304,0.17872024,0.22853924,0.65308416,-0.72197723,0
-1.0627227,-1.7234391,-0.51029921,-0.22853924,-0.65308416,0.72197723,0
0.64647669,-0.85308564,-1.9521275,0.22853924,0.65308416,-0.72197723,0
0.54865527,-0.40564823,-1.5783508,0.22853924,0.65308416,-0.72197723,0
-0.39807403,1.1016223,2.1834941,-0.54139924,0.70160991,0.46328235,0
2.8835714,1.0498616,1.6883175,0.80910861,0.28499973,0.51392472,0
1.0998319,2.6859112,1.534673,-0.54139924,0.70160991,0.46328235,0
-0.10220087,1.8174351,0.22657323,0.22853924,0.65308416,-0.72197723,0
0.23117661,1.5700938,0.10836339,0.22853924,0.65308416,-0.72197723,0
-2.2966373,0.65905178,0.63504487,-0.54139924,0.70160991,0.46328235,0
0.88431704,-0.47469437,-1.5345558,0.22853924,0.65308416,-0.72197723,0
1.9307333,2.645,2.3038459,0.80910861,0.28499973,0.51392472,0
-3.4464498,0.34842849,-1.5775666,-0.80910861,-0.28499973,-0.51392472,0
3.0127015,1.6387932,1.1584225,0.80910861,0.28499973,0.51392472,0
-1.6480048,-1.6066793,-3.3247724,-0.80910861,-0.28499973,-0.51392472,0
-1.1572931,0.33243573,1.3194623,-0.22853924,-0.65308416,0.72197723,0
-1.5442091,1.1435345,0.78062832,-0.54139924,0.70160991,0.46328235,0
1.7173251,2.0322461,2.9796369,0.80910861,0.28499973,0.51392472,0
-1.6318485,-2.6460276,-2.2167971,0.54139924,-0.70160991,-0.46328235,0
-2.5188093,-1.8504549,-1.8186152,-0.80910861,-0.28499973,-0.51392472,0
-1.9848379,-2.3159242,-2.4011564,-0.80910861,-0.28499973,-0.51392472,0
-3.5211608,-0.38297635,-1.0543387,-0.80910861,-0.28499973,-0.51392472,0
2.1312418,1.3322382,2.7161705,0.80910861,0.28499973,0.51392472,0
2.2322342,0.034592152,-0.64718854,0.22853924,0.65308416,-0.72197723,0
0.63167989,2.4986026,1.2712488,-0.54139924,0.70160991,0.46328235,0
-0.3643595,1.5286167,1.5762389,-0.54139924,0.70160991,0.46328235,0
-2.1211417,-0.49320245,-2.502665,0.22853924,0.65308416,-0.72197723,0
-2.0174363,-0.91581285,-2.8521211,0.22853924,0.65308416,-0.72197723,0
-3.4400744,-0.64625716,-1.0359952,-0.80910861,-0.28499973,-0.51392472,0
-3.4059801,-0.11004305,-1.3870325,-0.80910861,-0.28499973,-0.51392472,0
-0.34273565,1.2491496,2.0247431,-0.54139924,0.70160991,0.46328235,0
-1.1694162,1.9050153,0.065406144,-0.54139924,0.70160991,0.46328235,0
-1.984396,-1.1127526,-0.24963856,-0.22853924,-0.65308416,0.72197723,0
0.34284246,-1.1902233,-2.1138582,0.54139924,-0.70160991,-0.46328235,0
-2.384654,-2.0229349,-1.9341757,-0.80910861,-0.28499973,-0.51392472,0
2.7689829,1.3707458,1.6907742,0.80910861,0.28499973,0.51392472,0
-3.6159353,0.34567446,-0.43211985,-0.54139924,0.70160991,0.46328235,0
0.2477138,-1.6111906,-1.5875006,0.54139924,-0.70160991,-0.46328235,0
-2.1128583,-2.7290349,-1.9705114,-0.80910861,-0.28499973,-0.51392472,0
3.1772099,-0.52373546,0.18907928,0.54139924,-0.70160991,-0.46328235,0
1.7049892,2.3083677,2.8136334,-0.54139924,0.70160991,0.46328235,0
2.1182904,0.62254071,2.6187589,-0.22853924,-0.65308416,0.72197723,0
0.97217798,-1.8179728,-0.4277221,0.54139924,-0.70160991,-0.46328235,0
-3.7690144,0.066112757,-0.91316962,-0.80910861,-0.28499973,-0.51392472,0
1.437237,0.62196207,-0.36752069,0.22853924,0.65308416,-0.72197723,0
2.4984968,0.9092387,2.372551,0.80910861,0.28499973,0.51392472,0
0.78598493,0.69257534,-0.50979686,0.22853924,0.65308416,-0.72197723,0
-0.9213773,-2.2614715,-1.9689136,0.54139924,-0.70160991,-0.46328235,0
3.1484518,0.085934401,1.8058479,0.80910861,0.28499973,0.51392472,0
3.1197469,-0.68684673,0.36894822,0.54139924,-0.70160991,-0.46328235,0
3.2232175,0.096688747,1.6821754,0.80910861,0.28499973,0.51392472,0
2.1394966,2.082624,1.1760583,0.22853924,0.65308416,-0.72197723,0
-2.755945,-1.202389,-0.57495284,-0.22853924,-0.65308416,0.72197723,0
-3.7942078,0.6612879,-1.1184275,-0.54139924,0.70160991,0.46328235,0
0.21618855,-2.152019,-0.80529332,0.54139924,-0.70160991,-0.46328235,0
2.3894978,2.4713469,1.6778808,0.80910861,0.28499973,0.51392472,0
-2.1052489,-2.0712881,-2.3472486,-0.80910861,-0.28499973,-0.51392472,0
1.3269314,0.10736668,1.9022423,-0.22853924,-0.65308416,0.72197723,0
-3.4580317,0.35564047,-0.26268363,-0.54139924,0.70160991,0.46328235,0
3.6312637,0.14099503,1.0151882,0.80910861,0.28499973,0.51392472,0
1.5758609,2.3613105,1.2497354,0.22853924,0.65308416,-0.72197723,0
1.5644559,-1.1899608,-0.68665802,0.54139924,-0.70160991,-0.46328235,0
-0.93316317,-0.85197604,-2.4511528,0.22853924,0.65308416,-0.72197723,0
3.0758266,-0.86745274,0.59113789,0.54139924,-0.70160991,-0.46328235,0
3.9802256,0.11805438,0.15554881,0.54139924,-0.70160991,-0.46328235,0
0.36252809,1.5505397,2.3924909,-0.54139924,0.70160991,0.46328235,0
1.4269354,2.4669082,2.248596,-0.54139924,0.70160991,0.46328235,0
-0.7427296,-0.079974651,1.0776341,-0.22853924,-0.65308416,0.72197723,0
-3.6073031,0.58798921,-1.4571736,-0.80910861,-0.28499973,-0.51392472,0
2.6396067,-0.10733294,2.1235528,-0.22853924,-0.65308416,0.72197723,0
2.8756204,-0.56922728,-0.094468832,0.54139924,-0.70160991,-0.46328235,0
-0.19154406,-0.29285598,-1.710629,0.22853924,0.65308416,-0.72197723,0
-3.4543676,-0.12755311,-1.3011429,-0.80910861,-0.28499973,-0.51392472,0
1.0710875,2.0505953,2.4632244,-0.54139924,0.70160991,0.46328235,0
3.1164265,-0.052279979,-0.44588327,0.22853924,0.65308416,-0.72197723,0
-1.9195223,-3.0216522,-1.9841189,0.54139924,-0.70160991,-0.46328235,0
-3.7896705,0.55948246,-1.1542506,-0.80910861,-0.28499973,-0.51392472,0
-1.8330034,0.995772,0.66691494,-0.54139924,0.70160991,0.46328235,0
-3.074641,-1.0621345,-1.3806968,-0.80910861,-0.28499973,-0.51392472,0
-0.045634687,0.69773662,2.0017965,-0.22853924,-0.65308416,0.72197723,0
-1.6269639,-0.26978552,0.62603408,-0.22853924,-0.65308416,0.72197723,0
-2.7764111,-0.83519471,-1.9760725,-0.80910861,-0.28499973,-0.51392472,0
-1.3939649,1.6800138,0.14374459,-0.54139924,0.70160991,0.46328235,0
-2.3646119,-0.99431908,-2.5361538,-0.80910861,-0.28499973,-0.51392472,0
0.9367485,2.3779726,1.8104429,-0.54139924,0.70160991,0.46328235,0
2.8650467,-1.2513906,0.92626536,0.54139924,-0.70160991,-0.46328235,0
0.63307154,1.6863434,2.5029867,-0.54139924,0.70160991,0.46328235,0
-1.4588938,-1.8539163,-0.75373244,-0.22853924,-0.65308416,0.72197723,0
2.218082,2.3064601,2.0391908,0.80910861,0.28499973,0.51392472,0
3.5373135,0.33183146,1.0572715,0.80910861,0.28499973,0.51392472,0
-1.7743323,1.1824059,0.4528344,-0.54139924,0.70160991,0.46328235,0
-2.9632187,-0.11209202,-2.0829678,-0.80910861,-0.28499973,-0.51392472,0
3.794307,0.15680975,0.74972725,0.80910861,0.28499973,0.51392472,0
-1.5602874,-2.7983346,-1.9025109,0.54139924,-0.70160991,-0.46328235,0
0.41563201,1.275605,2.6705353,-0.22853924,-0.65308416,0.72197723,0
1.5271618,0.62286699,2.4319344,-0.22853924,-0.65308416,0.72197723,0
-1.2285988,-2.3306625,-2.2231517,0.54139924,-0.70160991,-0.46328235,0
-3.5001113,-0.35011548,-1.1057019,-0.80910861,-0.28499973,-0.51392472,0
-0.45195436,-1.892192,-1.9795868,0.54139924,-0.70160991,-0.46328235,0
-0.4132753,0.80587864,-0.78692693,0.22853924,0.65308416,-0.72197723,0
3.3885798,1.1249813,0.85158753,0.80910861,0.28499973,0.51392472,0
-0.62695754,1.4669026,1.3628244,-0.54139924,0.70160991,0.46328235,0
1.6665347,-1.3531581,0.6885851,-0.22853924,-0.65308416,0.72197723,0
3.5326245,0.62630451,0.90135217,0.80910861,0.28499973,0.51392472,0
1.9433976,-1.0444324,1.0554916,-0.22853924,-0.65308416,0.72197723,0
1.8231765,2.1980388,2.7210455,0.80910861,0.28499973,0.51392472,0
0.90723062,2.1958675,2.051734,-0.54139924,0.70160991,0.46328235,0
1.5169859,-1.7094071,0.31899112,-0.22853924,-0.65308416,0.72197723,0
-2.0150526,0.51979065,-1.5527525,0.22853924,0.65308416,-0.72197723,0
-1.8522924,-1.7346311,-2.9321914,-0.80910861,-0.28499973,-0.51392472,0
-3.4031737,0.19712453,0.041485786,-0.54139924,0.70160991,0.46328235,0
2.6510594,1.2946839,1.9186094,0.80910861,0.28499973,0.51392472,0
-0.23938847,0.7607075,1.9974267,-0.22853924,-0.65308416,0.72197723,0
-3.5606401,0.67984891,-1.5815797,-0.80910861,-0.28499973,-0.51392472,0
-3.7894351,-0.1171748,0.066079617,-0.54139924,0.70160991,0.46328235,0
-1.4812213,-1.8623015,-3.2276716,0.54139924,-0.70160991,-0.46328235,0
0.44535196,1.2688003,-0.096383333,0.22853924,0.65308416,-0.72197723,0
0.46453291,-0.35783076,1.2084463,-0.22853924,-0.65308416,0.72197723,0
-1.4049808,1.0142678,-0.91234362,0.22853924,0.65308416,-0.72197723,0
0.34041223,-0.25028539,-1.5037316,0.22853924,0.65308416,-0.72197723,0
-2.0086462,-1.9138485,-2.5866466,-0.80910861,-0.28499973,-0.51392472,0
-4.0319924,-0.069221497,-0.42409444,-0.80910861,-0.28499973,-0.51392472,0
-2.0502841,-0.43636036,-2.4288173,0.22853924,0.65308416,-0.72197723,0
-2.7032247,-0.24358535,-2.4193747,-0.80910861,-0.28499973,-0.51392472,0
3.1129973,1.4871891,0.94559979,0.22853924,0.65308416,-0.72197723,0
3.8388124,0.40941393,0.53957605,0.80910861,0.28499973,0.51392472,0
-2.2215726,-1.7339613,-2.3511784,-0.80910861,-0.28499973,-0.51392472,0
-3.8180046,0.071766943,-0.25344706,-0.54139924,0.70160991,0.46328235,0
2.4036081,2.1323164,1.8436775,0.80910861,0.28499973,0.51392472,0
-1.5062013,-2.2922089,-2.605798,0.54139924,-0.70160991,-0.46328235,0
-0.9436605,-2.6228714,-1.4476376,0.54139924,-0.70160991,-0.46328235,0
-2.1478579,0.58056939,-1.5398122,0.22853924,0.65308416,-0.72197723,0
-0.43414927,2.0934815,0.63923156,-0.54139924,0.70160991,0.46328235,0
2.1358624,1.1874017,2.7892158,0.80910861,0.28499973,0.51392472,0
0.71828049,0.70880562,-0.51654702,0.22853924,0.65308416,-0.72197723,0
3.449995,0.55468589,1.0711575,0.80910861,0.28499973,0.51392472,0
3.2192054,-1.1574101,1.1978137,0.54139924,-0.70160991,-0.46328235,0
-2.924787,-1.6525244,-1.2892184,-0.80910861,-0.28499973,-0.51392472,0
-2.6349144,-0.58109462,-2.3397534,-0.80910861,-0.28499973,-0.51392472,0
-1.6418853,0.00072395802,0.86600757,-0.22853924,-0.65308416,0.72197723,0
-0.78711778,-0.56303817,0.62661469,-0.22853924,-0.65308416,0.72197723,0
-2.8953001,1.2426858,-0.9484365,-0.54139924,0.70160991,0.46328235,0
-2.6152914,-1.7649112,-1.0392742,-0.22853924,-0.65308416,0.72197723,0
0.34624255,1.3257592,2.6939392,-0.22853924,-0.65308416,0.72197723,0
-0.25609767,-1.8103917,-1.8745867,0.54139924,-0.70160991,-0.46328235,0
0.97833085,-1.892763,-0.30726713,0.54139924,-0.70160991,-0.46328235,0
1.4987862,-1.2216595,-0.71539527,0.54139924,-0.70160991,-0.46328235,0
-2.4145925,-0.33069706,-2.4485571,0.22853924,0.65308416,-0.72197723,0
1.1394734,-1.4029036,-0.86081207,0.54139924,-0.70160991,-0.46328235,0
-2.1205795,0.79246318,0.6387462,-0.54139924,0.70160991,0.46328235,0
3.3765101,0.44191134,0.083479643,0.22853924,0.65308416,-0.72197723,0
2.8026664,-1.1955644,0.7688216,0.54139924,-0.70160991,-0.46328235,0
-2.5900836,-1.7745383,-1.7485032,-0.80910861,-0.28499973,-0.51392472,0
-0.30866075,-0.95222259,-2.3441498,0.22853924,0.65308416,-0.72197723,0
3.0630822,-0.13924308,-0.5265801,0.54139924,-0.70160991,-0.46328235,0
1.2457989,2.1776135,2.4750345,-0.54139924,0.70160991,0.46328235,0
-3.1039248,-0.7494421,-1.5079987,-0.80910861,-0.28499973,-0.51392472,0
2.2731111,2.0190985,1.1608903,0.22853924,0.65308416,-0.72197723,0
0.74532646,-1.1333693,-1.7296102,0.54139924,-0.70160991,-0.46328235,0
-3.5026677,0.24939346,-1.4341378,-0.80910861,-0.28499973,-0.51392472,0
2.6600325,0.57383162,-0.023986816,0.22853924,0.65308416,-0.72197723,0
1.4407531,1.7837166,3.2993915,-0.54139924,0.70160991,0.46328235,0
-2.3316925,0.41427821,0.96477175,-0.54139924,0.70160991,0.46328235,0
0.79139495,-0.80967599,-1.8669868,0.22853924,0.65308416,-0.72197723,0
2.0561874,1.843407,2.5508628,0.80910861,0.28499973,0.51392472,0
1.0234632,1.2348336,2.8260612,-0.22853924,-0.65308416,0.72197723,0
-0.24963948,-0.71851057,0.6561147,-0.22853924,-0.65308416,0.72197723,0
-2.3801179,-0.93589312,-0.21491957,-0.22853924,-0.65308416,0.72197723,0
1.9365267,1.2283943,3.0803113,0.80910861,0.28499973,0.51392472,0
0.96782064,2.1238439,2.2316151,-0.54139924,0.70160991,0.46328235,0
2.6036034,0.533957,2.4151888,0.80910861,0.28499973,0.51392472,0
-2.0852129,-1.4575226,-0.59342289,-0.22853924,-0.65308416,0.72197723,0
-1.4675719,-2.0659566,-0.94828629,-0.22853924,-0.65308416,0.72197723,0
3.2396312,-0.079082251,1.7538083,0.80910861,0.28499973,0.51392472,0
-2.3721645,-0.16102815,-2.2816477,0.22853924,0.65308416,-0.72197723,0
1.5592916,2.4668002,2.4034336,-0.54139924,0.70160991,0.46328235,0
-1.3637533,1.4393483,0.54352182,-0.54139924,0.70160991,0.46328235,0
-3.6946299,-0.015130296,0.022330999,-0.54139924,0.70160991,0.46328235,0
-2.5303676,-0.65903652,-2.4611251,-0.80910861,-0.28499973,-0.51392472,0
-1.8701596,0.8188448,0.89143801,-0.54139924,0.70160991,0.46328235,0
1.5791779,0.77185655,2.5831726,-0.22853924,-0.65308416,0.72197723,0
3.7672458,-0.47768188,1.1441925,0.80910861,0.28499973,0.51392472,0
3.2223654,0.65831953,1.3720615,0.80910861,0.28499973,0.51392472,0
0.70243204,1.3017793,2.7849979,-0.22853924,-0.65308416,0.72197723,0
1.6995581,2.212827,2.9074662,0.80910861,0.28499973,0.51392472,0
3.1611872,1.4883068,1.0081038,0.80910861,0.28499973,0.51392472,0
0.19338024,1.6440296,0.16327989,0.22853924,0.65308416,-0.72197723,0
-2.9775569,-0.49339199,-1.8489423,-0.80910861,-0.28499973,-0.51392472,0
2.4479139,0.75073862,2.5400839,0.80910861,0.28499973,0.51392472,0
-3.1156557,-0.93386221,-1.387259,-0.80910861,-0.28499973,-0.51392472,0
-2.6348424,-1.6360068,-0.92885828,-0.22853924,-0.65308416,0.72197723,0
-2.8567686,-1.7256317,-1.355762,-0.80910861,-0.28499973,-0.51392472,0
2.6996853,1.0505719,1.9774287,0.80910861,0.28499973,0.51392472,0
-1.1225746,1.4102395,-0.46476209,0.22853924,0.65308416,-0.72197723,0
0.38404393,-1.8161914,-1.1177225,0.54139924,-0.70160991,-0.46328235,0
-3.5757039,0.60875893,-1.51844,-0.80910861,-0.28499973,-0.51392472,0
1.0509932,0.70214462,-0.41725343,0.22853924,0.65308416,-0.72197723,0
-2.7084432,0.70595402,0.08277142,-0.54139924,0.70160991,0.46328235,0
3.1417031,1.1965084,1.200598,0.80910861,0.28499973,0.51392472,0
-0.37246025,-1.2736782,0.11504436,-0.22853924,-0.65308416,0.72197723,0
2.7012825,1.8798648,1.5150244,0.80910861,0.28499973,0.51392472,0
-2.0444076,1.4566655,-0.27812767,-0.54139924,0.70160991,0.46328235,0
1.9583819,-0.21551967,1.81005,-0.22853924,-0.65308416,0.72197723,0
0.75353742,-0.096633911,1.5362023,-0.22853924,-0.65308416,0.72197723,0
-2.4266686,-0.10423875,-2.2475309,0.22853924,0.65308416,-0.72197723,0
1.5224266,1.419765,3.1512911,-0.22853924,-0.65308416,0.72197723,0
0.19201818,-0.25436926,-1.5543995,0.22853924,0.65308416,-0.72197723,0
2.5781238,-1.2291679,0.55730736,0.54139924,-0.70160991,-0.46328235,0
2.049051,1.4662849,2.7712326,0.80910861,0.28499973,0.51392472,0
0.49018875,0.80777305,-0.49922505,0.22853924,0.65308416,-0.72197723,0
2.5309937,0.80359733,2.3799725,0.80910861,0.28499973,0.51392472,0
-1.463853,-2.0813036,-2.8757105,0.54139924,-0.70160991,-0.46328235,0
-1.2265706,1.8196133,0.12795043,-0.54139924,0.70160991,0.46328235,0
-3.1912179,-1.4746821,-0.9590466,-0.22853924,-0.65308416,0.72197723,0
0.27637857,1.0628721,-0.33614916,0.22853924,0.65308416,-0.72197723,0
-1.5252167,0.72790426,1.4322672,-0.54139924,0.70160991,0.46328235,0
1.33638,-0.7407974,1.1380035,-0.22853924,-0.65308416,0.72197723,0
2.653523,-0.65501356,1.6325383,-0.22853924,-0.65308416,0.72197723,0
1.2746053,-0.72737646,1.130589,-0.22853924,-0.65308416,0.72197723,0
-0.85397196,-0.57426929,-2.1748781,0.22853924,0.65308416,-0.72197723,0
1.1915869,0.23481739,1.9746884,-0.22853924,-0.65308416,0.72197723,0
2.1099043,1.901723,2.433953,0.80910861,0.28499973,0.51392472,0
-0.52751559,-1.280391,0.059889913,-0.22853924,-0.65308416,0.72197723,0
-3.1185508,0.23494387,-2.0308676,-0.80910861,-0.28499973,-0.51392472,0
1.5792418,-0.88666385,-1.128702,0.54139924,-0.70160991,-0.46328235,0
1.8969867,-0.63670057,-1.1359326,0.54139924,-0.70160991,-0.46328235,0
3.2850108,-1.1836882,1.3542063,-0.22853924,-0.65308416,0.72197723,0
-2.9677029,-1.4936103,-1.3097799,-0.80910861,-0.28499973,-0.51392472,0
-3.4061019,-0.29737067,-1.282958,-0.80910861,-0.28499973,-0.51392472,0
0.15872443,1.5486237,2.1572244,-0.54139924,0.70160991,0.46328235,0
0.12486005,-1.9893486,-1.1583744,0.54139924,-0.70160991,-0.46328235,0
-2.0788696,-1.2583358,-0.41123509,-0.22853924,-0.65308416,0.72197723,0
2.244122,1.8200097,2.2679584,0.80910861,0.28499973,0.51392472,0
-2.9090593,-1.3528823,-1.4801474,-0.80910861,-0.28499973,-0.51392472,0
-2.063241,-2.39675,-1.4360712,-0.22853924,-0.65308416,0.72197723,0
3.0394945,1.4669061,0.9039855,0.22853924,0.65308416,-0.72197723,0
3.6793466,0.68062627,0.39527702,0.22853924,0.65308416,-0.72197723,0
-0.1396431,0.85028374,-0.66014171,0.22853924,0.65308416,-0.72197723,0
-2.1998036,1.2821935,-0.92158246,0.22853924,0.65308416,-0.72197723,0
1.144841,-0.87641197,-1.6518755,0.54139924,-0.70160991,-0.46328235,0
3.6337492,0.4485178,0.84073591,0.80910861,0.28499973,0.51392472,0
-0.46032995,-0.58979797,-2.0643191,0.22853924,0.65308416,-0.72197723,0
2.108839,1.0790161,2.891866,0.80910861,0.28499973,0.51392472,0
-3.1389761,-0.53421867,-1.5721676,-0.80910861,-0.28499973,-0.51392472,0
1.4860289,1.1418839,0.11823368,0.22853924,0.65308416,-0.72197723,0
1.7311852,1.8117207,3.0801086,0.80910861,0.28499973,0.51392472,0
-1.7440846,1.7171135,-0.32159606,-0.54139924,0.70160991,0.46328235,0
1.277212,1.4682642,3.1175406,-0.22853924,-0.65308416,0.72197723,0
3.9458351,0.22254863,0.47470903,0.80910861,0.28499973,0.51392472,0
2.8120747,-0.62121475,-0.089998007,0.54139924,-0.70160991,-0.46328235,0
4.0066433,0.17837811,0.095065594,0.54139924,-0.70160991,-0.46328235,0
-1.8354673,0.50055897,-1.5133021,0.22853924,0.65308416,-0.72197723,0
2.2003131,0.26824641,2.3242359,-0.22853924,-0.65308416,0.72197723,0
-0.63081414,0.66128135,1.7835834,-0.22853924,-0.65308416,0.72197723,0
-2.6311791,-1.293849,-0.61819124,-0.22853924,-0.65308416,0.72197723,0
-2.3377967,-2.2322259,-1.3741562,-0.22853924,-0.65308416,0.72197723,0
-3.6205232,1.0261316,-1.4679883,-0.54139924,0.70160991,0.46328235,0
2.5835917,1.9068713,1.1576533,0.22853924,0.65308416,-0.72197723,0
-3.4956698,-0.88856888,-0.52523518,-0.22853924,-0.65308416,0.72197723,0
2.0173061,-0.057775497,-0.79877698,0.22853924,0.65308416,-0.72197723,0
-3.7740171,0.51570117,-1.1546149,-0.80910861,-0.28499973,-0.51392472,0
-0.96914494,0.47735143,-1.2600638,0.22853924,0.65308416,-0.72197723,0
3.1107054,1.2690058,1.2091959,0.80910861,0.28499973,0.51392472,0
2.3870409,-1.0999751,0.13835096,0.54139924,-0.70160991,-0.46328235,0
-1.6037514,1.1500784,-0.85241258,0.22853924,0.65308416,-0.72197723,0
1.2126775,-1.9177911,0.034164339,-0.22853924,-0.65308416,0.72197723,0
0.15518892,-1.0021036,0.52773005,-0.22853924,-0.65308416,0.72197723,0
-1.182485,-2.6936064,-1.6196082,0.54139924,-0.70160991,-0.46328235,0
1.5282538,0.72194409,2.5219028,-0.22853924,-0.65308416,0.72197723,0
-2.3358812,-2.4448252,-1.5658622,-0.22853924,-0.65308416,0.72197723,0
1.6499294,2.3580258,2.6740859,-0.54139924,0.70160991,0.46328235,0
1.4951674,-0.96272314,-1.1117661,0.54139924,-0.70160991,-0.46328235,0
3.6648624,0.85513282,0.56626225,0.80910861,0.28499973,0.51392472,0
-0.83371669,0.69705045,-1.0184597,0.22853924,0.65308416,-0.72197723,0
-2.8648751,0.88969415,-0.37829959,-0.54139924,0.70160991,0.46328235,0
-0.64308047,-1.8049103,-2.3351221,0.54139924,-0.70160991,-0.46328235,0
-0.61953545,0.27451169,1.4372907,-0.22853924,-0.65308416,0.72197723,0
-3.7156348,0.366202,-1.1636248,-0.80910861,-0.28499973,-0.51392472,0
-2.2790301,0.44080269,0.98614442,-0.54139924,0.70160991,0.46328235,0
-2.045665,-1.9539191,-2.5061438,-0.80910861,-0.28499973,-0.51392472,0
-3.984971,-0.40286466,-0.31309962,-0.80910861,-0.28499973,-0.51392472,0
1.6504273,-0.43765581,1.511629,-0.22853924,-0.65308416,0.72197723,0
-1.8974977,-2.8740535,-2.1819096,0.54139924,-0.70160991,-0.46328235,0
-0.29770005,1.9351891,1.0384117,-0.54139924,0.70160991,0.46328235,0
-2.8701351,0.26411921,0.56294489,-0.54139924,0.70160991,0.46328235,0
2.0937598,1.9737613,1.0631058,0.22853924,0.65308416,-0.72197723,0
0.52902496,2.1203117,0.70036077,0.22853924,0.65308416,-0.72197723,0
0.77106899,1.1753458,-0.077815533,0.22853924,0.65308416,-0.72197723,0
1.9542451,-1.1662468,-0.26705766,0.54139924,-0.70160991,-0.46328235,0
2.6491578,-1.2223097,0.62993264,0.54139924,-0.70160991,-0.46328235,0
-3.6534119,0.51353407,-1.3432913,-0.80910861,-0.28499973,-0.51392472,0
2.2967057,0.9507314,2.6672354,0.80910861,0.28499973,0.51392472,0
-0.16942632,-1.3259261,-2.5069909,0.54139924,-0.70160991,-0.46328235,0
3.5973067,-0.82199919,1.1317117,0.54139924,-0.70160991,-0.46328235,0
-3.2946618,0.74267983,-1.7561877,0.22853924,0.65308416,-0.72197723,0
0.17263269,2.0616288,1.3965656,-0.54139924,0.70160991,0.46328235,0
-0.13278401,0.042839289,1.3818046,-0.22853924,-0.65308416,0.72197723,0
-3.0162711,0.40994942,0.17131782,-0.54139924,0.70160991,0.46328235,0
1.1561468,0.56661612,-0.50656337,0.22853924,0.65308416,-0.72197723,0
-3.4937272,0.42158675,-1.5437045,-0.80910861,-0.28499973,-0.51392472,0
0.21084607,0.87485969,2.243206,-0.22853924,-0.65308416,0.72197723,0
-1.7802186,0.32631385,1.1167399,-0.22853924,-0.65308416,0.72197723,0
2.2091022,1.504925,2.4978247,0.80910861,0.28499973,0.51392472,0
-0.61216402,1.665727,1.0790062,-0.54139924,0.70160991,0.46328235,0
0.9464919,-0.752689,-1.7663423,0.22853924,0.65308416,-0.72197723,0
2.2192805,1.1038675,2.7042091,0.80910861,0.28499973,0.51392472,0
2.8129668,-1.0479888,0.5573653,0.54139924,-0.70160991,-0.46328235,0
-3.6050866,0.57030368,-0.75962758,-0.54139924,0.70160991,0.46328235,0
-2.753818,-1.2221032,-1.7970803,-0.80910861,-0.28499973,-0.51392472,0
-0.25652802,-2.4352417,-0.92879558,0.54139924,-0.70160991,-0.46328235,0
2.9620457,0.2359755,2.0161142,0.80910861,0.28499973,0.51392472,0
-2.9478307,-1.5776608,-1.2944551,-0.80910861,-0.28499973,-0.51392472,0
-3.0544004,-0.0075778961,-1.9973722,-0.80910861,-0.28499973,-0.51392472,0
3.6088116,-0.096676826,1.182338,0.80910861,0.28499973,0.51392472,0
1.0439484,-1.3622396,-1.0340271,0.54139924,-0.70160991,-0.46328235,0
-2.5846734,1.4289458,-0.86751163,-0.54139924,0.70160991,0.46328235,0
0.88650262,-0.44457412,-1.5066179,0.22853924,0.65308416,-0.72197723,0
1.8371592,1.3795631,3.1529214,0.80910861,0.28499973,0.51392472,0
-1.1152291,1.70108,0.43757626,-0.54139924,0.70160991,0.46328235,0
0.89699888,-1.6963526,-0.69976282,0.54139924,-0.70160991,-0.46328235,0
-2.9457369,-0.17175364,-2.0774052,-0.80910861,-0.28499973,-0.51392472,0
2.3653588,1.2785006,2.3773835,0.80910861,0.28499973,0.51392472,0
-1.8641726,-2.8759251,-2.14013,0.54139924,-0.70160991,-0.46328235,0
-0.76125848,-1.5905969,-2.7977898,0.54139924,-0.70160991,-0.46328235,0
-2.2320142,-1.4149661,-2.5116401,-0.80910861,-0.28499973,-0.51392472,0
2.1419415,-0.20229024,-0.89004874,0.22853924,0.65308416,-0.72197723,0
-1.6500061,-1.9566485,-3.1275444,-0.80910861,-0.28499973,-0.51392472,0
0.054858685,0.47347116,1.8307421,-0.22853924,-0.65308416,0.72197723,0
-0.40159988,0.81723213,-0.77296102,0.22853924,0.65308416,-0.72197723,0
0.29380894,0.82894111,2.2279308,-0.22853924,-0.65308416,0.72197723,0
0.25006723,-1.7856615,-1.320526,0.54139924,-0.70160991,-0.46328235,0
-1.6660523,-1.1977751,-2.9959483,0.22853924,0.65308416,-0.72197723,0
-1.0626299,-2.697248,-1.4740291,0.54139924,-0.70160991,-0.46328235,0
2.0669029,1.1586739,2.9137146,0.80910861,0.28499973,0.51392472,0
-2.1813285,0.25086653,0.92152178,-0.22853924,-0.65308416,0.72197723,0
-3.1393483,-0.79410261,-1.4274616,-0.80910861,-0.28499973,-0.51392472,0
2.8140092,0.85957098,1.9033601,0.80910861,0.28499973,0.51392472,0
-2.1783001,0.99796081,-1.171886,0.22853924,0.65308416,-0.72197723,0
2.1820583,-0.87402964,1.2851809,-0.22853924,-0.65308416,0.72197723,0
2.2166805,-0.29298788,-0.94843352,0.22853924,0.65308416,-0.72197723,0
2.9496903,0.079416275,2.1223876,0.80910861,0.28499973,0.51392472,0
-2.3943105,0.98649311,0.025014639,-0.54139924,0.70160991,0.46328235,0
3.7169585,-0.5383687,1.2570176,0.80910861,0.28499973,0.51392472,0
-3.5662646,0.60510552,-0.76696467,-0.54139924,0.70160991,0.46328235,0
-2.4587975,-2.4107263,-1.5739264,-0.22853924,-0.65308416,0.72197723,0
0.29580531,-0.19017065,1.3066974,-0.22853924,-0.65308416,0.72197723,0
-2.6433697,-1.1387652,-0.48176455,-0.22853924,-0.65308416,0.72197723,0
2.9153214,1.3427155,0.75233889,0.22853924,0.65308416,-0.72197723,0
-0.7268759,-1.566656,-2.7938671,0.54139924,-0.70160991,-0.46328235,0
1.973904,1.5128791,2.8637035,0.80910861,0.28499973,0.51392472,0
0.083370715,-0.62492955,0.84617913,-0.22853924,-0.65308416,0.72197723,0
-2.081738,-0.21924043,-2.242372,0.22853924,0.65308416,-0.72197723,0
-0.97760379,-2.0960088,-2.2852025,0.54139924,-0.70160991,-0.46328235,0
0.16121781,2.1083682,1.3124429,-0.54139924,0.70160991,0.46328235,0
1.1156002,1.6051903,3.1897781,-0.54139924,0.70160991,0.46328235,0
0.063697577,0.92680478,-0.52655584,0.22853924,0.65308416,-0.72197723,0
-1.0956208,-2.0754929,-2.4541886,0.54139924,-0.70160991,-0.46328235,0
-1.0776887,0.7903142,1.758847,-0.22853924,-0.65308416,0.72197723,0
-1.3182964,1.4304401,0.61013448,-0.54139924,0.70160991,0.46328235,0
-1.882316,-2.6447282,-2.3802238,-0.80910861,-0.28499973,-0.51392472,0
-1.867056,-1.7587148,-2.8955925,-0.80910861,-0.28499973,-0.51392472,0
-1.2596143,-1.7324679,-0.58079195,-0.22853924,-0.65308416,0.72197723,0
0.74836206,0.60146177,2.1660454,-0.22853924,-0.65308416,0.72197723,0
-1.0623279,1.4172834,0.92918849,-0.54139924,0.70160991,0.46328235,0
0.65218562,0.13486958,-1.0566386,0.22853924,0.65308416,-0.72197723,0
-1.2398183,-1.212907,-2.8747132,0.22853924,0.65308416,-0.72197723,0
2.1225727,-0.97558564,-0.35909045,0.54139924,-0.70160991,-0.46328235,0
-1.8843849,-1.9074601,-2.7858233,-0.80910861,-0.28499973,-0.51392472,0
-3.1324632,-1.0566555,-1.292701,-0.80910861,-0.28499973,-0.51392472,0
3.3218172,-0.057249665,1.6123102,0.80910861,0.28499973,0.51392472,0
0.24165761,-2.2135983,-0.6822722,0.54139924,-0.70160991,-0.46328235,0
3.0876489,1.0211748,1.3829315,0.80910861,0.28499973,0.51392472,0
-0.91668856,1.5970801,-0.23057753,0.22853924,0.65308416,-0.72197723,0
2.3798716,0.14974856,2.2738848,-0.22853924,-0.65308416,0.72197723,0
-2.317637,1.2641261,-0.30583978,-0.54139924,0.70160991,0.46328235,0
-1.9243524,0.45459408,1.1871541,-0.22853924,-0.65308416,0.72197723,0
3.6499572,-0.26596111,0.35115767,0.54139924,-0.70160991,-0.46328235,0
-2.9462152,-1.4750156,-0.88179374,-0.22853924,-0.65308416,0.72197723,0
1.9697189,-0.62231207,-1.0727268,0.54139924,-0.70160991,-0.46328235,0
2.4920018,2.1037016,1.7203808,0.80910861,0.28499973,0.51392472,0
1.3249723,1.0838708,2.7849455,-0.22853924,-0.65308416,0.72197723,0
-1.1919726,0.84280741,-1.0000157,0.22853924,0.65308416,-0.72197723,0
-3.6066592,-0.56182492,-0.82055163,-0.80910861,-0.28499973,-0.51392472,0
-0.054739714,1.9552462,1.2919638,-0.54139924,0.70160991,0.46328235,0
0.80791634,-0.78392541,-1.8384633,0.22853924,0.65308416,-0.72197723,0
-3.7806716,0.050155163,-0.88596821,-0.80910861,-0.28499973,-0.51392472,0
-3.1258521,1.1322935,-1.0506821,-0.54139924,0.70160991,0.46328235,0
0.49842846,-0.23628843,1.3291202,-0.22853924,-0.65308416,0.72197723,0
-3.5988107,0.1001966,-1.2000353,-0.80910861,-0.28499973,-0.51392472,0
-0.15413594,-1.8961756,-1.6255181,0.54139924,-0.70160991,-0.46328235,0
3.0623035,-0.024491787,2.0027151,0.80910861,0.28499973,0.51392472,0
2.8358779,1.5852492,1.4665017,0.80910861,0.28499973,0.51392472,0
0.82957149,0.87201923,-0.33367902,0.22853924,0.65308416,-0.72197723,0
1.9004874,1.7730248,2.8350234,0.80910861,0.28499973,0.51392472,0
-0.20362437,-0.53304493,-1.9317223,0.22853924,0.65308416,-0.72197723,0
-0.3047123,-1.5487844,-2.327585,0.54139924,-0.70160991,-0.46328235,0
-2.9552116,-0.64181626,-0.13094854,-0.22853924,-0.65308416,0.72197723,0
-3.1486304,-0.26863158,-1.7042508,-0.80910861,-0.28499973,-0.51392472,0
-0.83622885,1.6340635,0.86511248,-0.54139924,0.70160991,0.46328235,0
3.716804,0.7684207,0.53257322,0.80910861,0.28499973,0.51392472,0
-1.6227015,-0.74539125,0.19716132,-0.22853924,-0.65308416,0.72197723,0
2.0616264,2.6803558,2.0781651,0.80910861,0.28499973,0.51392472,0
-0.71169907,0.58953023,-1.0770957,0.22853924,0.65308416,-0.72197723,0
-0.39983916,-2.0184605,-1.727459,0.54139924,-0.70160991,-0.46328235,0
-1.4155904,0.46617675,1.3586783,-0.22853924,-0.65308416,0.72197723,0
-2.3029497,1.3961884,-0.48867524,-0.54139924,0.70160991,0.46328235,0
-3.8933759,0.083165348,-0.35878921,-0.54139924,0.70160991,0.46328235,0
0.1731962,2.0312083,1.4432942,-0.54139924,0.70160991,0.46328235,0
-1.2677642,1.0465287,-0.83972567,0.22853924,0.65308416,-0.72197723,0
3.0429091,0.77683491,1.5888686,0.80910861,0.28499973,0.51392472,0
-1.0297812,-2.3253202,-1.9989014,0.54139924,-0.70160991,-0.46328235,0
2.8530819,0.15620351,2.2319019,0.80910861,0.28499973,0.51392472,0
-0.36048818,1.3910402,1.7891138,-0.54139924,0.70160991,0.46328235,0
-2.7576435,0.46334934,-1.8388722,0.22853924,0.65308416,-0.72197723,0
3.083178,1.6131974,1.061661,0.80910861,0.28499973,0.51392472,0
3.1723299,-0.61152107,0.31632161,0.54139924,-0.70160991,-0.46328235,0
-3.3246098,1.0023186,-1.0861154,-0.54139924,0.70160991,0.46328235,0
-2.187789,-1.3787501,-2.6013508,-0.80910861,-0.28499973,-0.51392472,0
0.11201566,-1.1248658,0.40301573,-0.22853924,-0.65308416,0.72197723,0
2.0451076,2.7862978,2.0454216,0.80910861,0.28499973,0.51392472,0
-0.31312346,-1.8413069,-1.8944085,0.54139924,-0.70160991,-0.46328235,0
1.2021792,0.78678834,-0.29282916,0.22853924,0.65308416,-0.72197723,0
-1.9843155,-1.3048028,-2.9627018,-0.80910861,-0.28499973,-0.51392472,0
1.526547,0.44793248,-0.49667311,0.22853924,0.65308416,-0.72197723,0
-2.6122217,-0.86074156,-0.22041106,-0.22853924,-0.65308416,0.72197723,0
2.1874599,-1.0200689,-0.21589535,0.54139924,-0.70160991,-0.46328235,0
-2.9616976,-0.76294684,-1.7244275,-0.80910861,-0.28499973,-0.51392472,0
-3.0616219,-0.15314865,-1.9052761,-0.80910861,-0.28499973,-0.51392472,0
-3.2343266,0.61682701,-0.39680791,-0.54139924,0.70160991,0.46328235,0
-2.4563985,0.12751269,-2.0473044,0.22853924,0.65308416,-0.72197723,0
-0.51259279,1.3614975,1.6561019,-0.54139924,0.70160991,0.46328235,0
-1.8552569,-2.6602726,-1.6086116,-0.22853924,-0.65308416,0.72197723,0
-0.081600547,-1.2642385,-2.4977789,0.54139924,-0.70160991,-0.46328235,0
0.15317491,-0.49301505,0.98760229,-0.22853924,-0.65308416,0.72197723,0
3.5826857,-0.45542789,1.4224179,0.80910861,0.28499973,0.51392472,0
0.37401724,2.1322989,1.5248823,-0.54139924,0.70160991,0.46328235,0
-0.16073024,-2.2510064,-1.0958574,0.54139924,-0.70160991,-0.46328235,0
-2.9879754,0.10880923,-2.1664934,-0.80910861,-0.28499973,-0.51392472,0
-1.4614527,0.48963088,1.3653767,-0.22853924,-0.65308416,0.72197723,0
-3.4789312,-0.97728121,-0.79124856,-0.80910861,-0.28499973,-0.51392472,0
-0.77547824,-1.2777617,-0.016223431,-0.22853924,-0.65308416,0.72197723,0
-2.4188805,-1.6175183,-2.1051161,-0.80910861,-0.28499973,-0.51392472,0
-1.2825632,1.7568607,0.15755075,-0.54139924,0.70160991,0.46328235,0
2.5839458,-0.17163277,2.0477691,-0.22853924,-0.65308416,0.72197723,0
-2.828398,-1.5594711,-0.92089581,-0.22853924,-0.65308416,0.72197723,0
0.43879408,0.63405299,2.0975339,-0.22853924,-0.65308416,0.72197723,0
1.2709236,0.88287354,2.5860193,-0.22853924,-0.65308416,0.72197723,0
0.45053172,-1.1103303,0.52332038,-0.22853924,-0.65308416,0.72197723,0
-0.5512408,-0.35513103,0.88934875,-0.22853924,-0.65308416,0.72197723,0
3.6714921,-0.66974509,1.4014544,0.80910861,0.28499973,0.51392472,0
0.53563011,0.94487035,-0.36082548,0.22853924,0.65308416,-0.72197723,0
3.2786081,-0.43193913,0.16855574,0.54139924,-0.70160991,-0.46328235,0
0.38857365,0.824965,2.2543316,-0.22853924,-0.65308416,0.72197723,0
-1.2713761,-2.4736557,-2.0565889,0.54139924,-0.70160991,-0.46328235,0
-2.3418818,-1.4351063,-2.3274982,-0.80910861,-0.28499973,-0.51392472,0
-0.90860814,-0.71707249,0.44882149,-0.22853924,-0.65308416,0.72197723,0
2.5893252,0.7063719,2.3420546,0.80910861,0.28499973,0.51392472,0
-1.0025409,1.8317454,0.37138164,-0.54139924,0.70160991,0.46328235,0
-2.2139721,-2.5552151,-1.9077134,-0.80910861,-0.28499973,-0.51392472,0
-0.73826563,-1.6292372,-2.7124016,0.54139924,-0.70160991,-0.46328235,0
2.294126,-0.78874052,-0.44157487,0.54139924,-0.70160991,-0.46328235,0
-1.6525329,1.5717061,0.0056022406,-0.54139924,0.70160991,0.46328235,0
-2.8184173,-1.5340037,-1.5224097,-0.80910861,-0.28499973,-0.51392472,0
1.1662207,-1.3914329,-0.84692657,0.54139924,-0.70160991,-0.46328235,0
-2.6357546,-0.65999424,-2.2946758,-0.80910861,-0.28499973,-0.51392472,0
0.29815447,-1.6707095,-1.4384173,0.54139924,-0.70160991,-0.46328235,0
1.1092769,1.9129366,2.7163284,-0.54139924,0.70160991,0.46328235,0
2.713182,-0.36326754,-0.59620929,0.54139924,-0.70160991,-0.46328235,0
