0.9948746,-1.3674854,1.4566108,0.93673408,-0.27730775,-0.2136106,0
1.3218929,1.6916815,0.20779195,0.33782995,0.8759855,0.34426773,0
0.39798355,-1.6658692,-0.77354157,0.93673408,-0.27730775,-0.2136106,0
1.0760791,0.33717632,-0.40026784,0.93673408,-0.27730775,-0.2136106,0
0.20191467,-0.044933975,2.1479511,0.091651633,-0.39465141,0.91424847,0
-0.40556526,0.96865523,-1.7287949,-0.091651633,0.39465141,-0.91424847,0
-1.4054756,-1.388768,-0.89653313,-0.33782995,-0.8759855,-0.34426773,0
0.29722023,-2.1945465,1.2104788,0.091651633,-0.39465141,0.91424847,0
0.4986012,-0.70942873,-1.5739532,0.93673408,-0.27730775,-0.2136106,0
1.1064085,0.42622399,-0.38286752,0.93673408,-0.27730775,-0.2136106,0
1.5427866,0.78099859,2.3082526,0.33782995,0.8759855,0.34426773,0
-0.16875362,-1.0578809,-2.6273248,-0.091651633,0.39465141,-0.91424847,0
0.46717834,-2.1171317,0.11572021,0.93673408,-0.27730775,-0.2136106,0
-0.17092919,2.567451,-0.55568713,0.33782995,0.8759855,0.34426773,0
0.0049157441,-0.83878851,1.8250185,0.091651633,-0.39465141,0.91424847,0
0.7976135,-1.6360576,0.9402318,0.93673408,-0.27730775,-0.2136106,0
-0.75348854,1.8837587,-1.2988958,-0.091651633,0.39465141,-0.91424847,0
-0.72209316,-0.1169697,1.6667112,-0.93673408,0.27730775,0.2136106,0
0.85479629,1.515681,1.1139859,0.33782995,0.8759855,0.34426773,0
0.59088206,0.24841541,-2.1395912,-0.091651633,0.39465141,-0.91424847,0
-0.26978147,1.1503263,2.0050128,-0.93673408,0.27730775,0.2136106,0
-0.96798813,-0.5894177,1.2017313,-0.93673408,0.27730775,0.2136106,0
-0.54191899,-2.1221426,0.12212256,-0.33782995,-0.8759855,-0.34426773,0
0.46434212,-2.3828235,0.44820309,0.93673408,-0.27730775,-0.2136106,0
-0.77079374,-0.054134905,-2.1336868,-0.091651633,0.39465141,-0.91424847,0
-1.5680673,-0.5518477,-2.2686081,-0.091651633,0.39465141,-0.91424847,0
-0.9884913,0.52936947,-0.34058243,-0.93673408,0.27730775,0.2136106,0
-0.67203999,-2.1799979,0.39702272,-0.33782995,-0.8759855,-0.34426773,0
0.077019691,2.1325686,0.30755383,0.33782995,0.8759855,0.34426773,0
1.4271182,0.046294212,2.0645068,0.091651633,-0.39465141,0.91424847,0
-0.71033788,-1.0651736,-2.4020538,-0.33782995,-0.8759855,-0.34426773,0
-1.4737215,-1.4873967,0.14971839,-0.93673408,0.27730775,0.2136106,0
1.2885859,1.4580749,-0.92351681,0.93673408,-0.27730775,-0.2136106,0
-1.5435028,-0.93440509,-1.917209,-0.33782995,-0.8759855,-0.34426773,0
-1.1226114,-2.1771364,0.83188748,-0.33782995,-0.8759855,-0.34426773,0
1.1456499,1.1310072,1.8073697,0.33782995,0.8759855,0.34426773,0
-1.5252548,-1.2426471,-1.1507972,-0.33782995,-0.8759855,-0.34426773,0
-0.57760191,-2.1775174,0.29803929,-0.33782995,-0.8759855,-0.34426773,0
-1.1593673,-1.5070705,1.5537779,-0.93673408,0.27730775,0.2136106,0
0.52676183,-0.5029543,-1.7185056,0.93673408,-0.27730775,-0.2136106,0
0.88472652,-1.020313,0.52288771,0.93673408,-0.27730775,-0.2136106,0
1.2282901,0.029081702,0.66718054,0.93673408,-0.27730775,-0.2136106,0
-1.3185911,-1.5452197,0.90506673,-0.93673408,0.27730775,0.2136106,0
1.133674,1.8199558,-1.515622,-0.091651633,0.39465141,-0.91424847,0
-1.283164,-1.0248655,-1.9425036,-0.33782995,-0.8759855,-0.34426773,0
-1.1395586,-1.043951,1.0394255,-0.93673408,0.27730775,0.2136106,0
0.81858706,1.2476751,-1.73107,-0.091651633,0.39465141,-0.91424847,0
-1.2292185,-1.4335203,-0.95562261,-0.33782995,-0.8759855,-0.34426773,0
-1.6372204,-0.75266266,-1.5210912,-0.93673408,0.27730775,0.2136106,0
-0.11967039,1.3775615,2.3682899,-0.93673408,0.27730775,0.2136106,0
-1.5788419,-1.4939528,-0.45876732,-0.33782995,-0.8759855,-0.34426773,0
-0.0084633827,1.4563823,2.1119878,0.33782995,0.8759855,0.34426773,0
0.21642971,-1.8438251,1.3699729,0.091651633,-0.39465141,0.91424847,0
1.0674585,1.1261091,1.896562,0.33782995,0.8759855,0.34426773,0
-1.2655149,0.44806612,-1.4498496,-0.93673408,0.27730775,0.2136106,0
0.42966712,0.58816165,-1.9767721,-0.091651633,0.39465141,-0.91424847,0
1.2034036,1.3311589,-1.1323007,0.93673408,-0.27730775,-0.2136106,0
1.2536533,0.89212203,-0.34198904,0.93673408,-0.27730775,-0.2136106,0
0.44837964,0.9991411,2.5739367,0.091651633,-0.39465141,0.91424847,0
-0.20026112,-1.6003907,-1.5407387,-0.33782995,-0.8759855,-0.34426773,0
1.0443459,1.9106452,-0.077001348,0.33782995,0.8759855,0.34426773,0
1.0130759,0.20808673,-0.50896895,0.93673408,-0.27730775,-0.2136106,0
-0.83076543,-1.5457926,1.6036032,0.091651633,-0.39465141,0.91424847,0
0.2901926,-2.4718857,0.19548893,-0.33782995,-0.8759855,-0.34426773,0
-0.12722516,2.0943894,0.60512584,0.33782995,0.8759855,0.34426773,0
-0.56247729,0.15058661,2.019326,-0.93673408,0.27730775,0.2136106,0
-0.97594368,-1.1310468,-1.9738015,-0.33782995,-0.8759855,-0.34426773,0
0.10083395,-0.27936763,2.0568867,0.091651633,-0.39465141,0.91424847,0
-0.27533674,-1.7059329,-1.1985158,-0.33782995,-0.8759855,-0.34426773,0
-0.76272571,1.536003,-0.65735042,-0.93673408,0.27730775,0.2136106,0
0.27146119,-0.26780266,-2.3304043,-0.091651633,0.39465141,-0.91424847,0
-1.2631856,-0.12870777,-0.69087195,-0.93673408,0.27730775,0.2136106,0
0.80069244,0.3904283,-1.6770365,0.93673408,-0.27730775,-0.2136106,0
1.4467269,2.1789308,-1.1545079,0.33782995,0.8759855,0.34426773,0
1.0030057,0.80586135,-1.3291564,0.93673408,-0.27730775,-0.2136106,0
-0.11511707,-1.8891115,-0.88964331,-0.33782995,-0.8759855,-0.34426773,0
1.6426318,0.56428778,1.7893689,0.93673408,-0.27730775,-0.2136106,0
-0.75791335,-1.384475,-1.5429095,-0.33782995,-0.8759855,-0.34426773,0
-0.82519603,1.825657,-1.3073245,-0.93673408,0.27730775,0.2136106,0
-0.026419371,-0.17904933,2.1129477,0.091651633,-0.39465141,0.91424847,0
0.94657207,2.3728952,-1.1572461,0.33782995,0.8759855,0.34426773,0
0.67965746,-0.67895448,1.8263721,0.091651633,-0.39465141,0.91424847,0
0.59995651,2.2027426,-0.38416082,0.33782995,0.8759855,0.34426773,0
-0.30878997,-1.4304378,-1.8666826,-0.33782995,-0.8759855,-0.34426773,0
-0.45456374,-0.2421045,-2.2465286,-0.091651633,0.39465141,-0.91424847,0
-1.2030073,-1.3953993,-1.0783423,-0.33782995,-0.8759855,-0.34426773,0
0.72900182,-0.68273044,-0.59824997,0.93673408,-0.27730775,-0.2136106,0
1.4682268,0.11174023,2.0886369,0.091651633,-0.39465141,0.91424847,0
1.4188685,1.6519544,-0.60388947,0.93673408,-0.27730775,-0.2136106,0
0.54713064,-0.33890277,1.986447,0.091651633,-0.39465141,0.91424847,0
-1.4378487,-0.58962011,-0.85845876,-0.93673408,0.27730775,0.2136106,0
1.4317967,0.34090996,1.1547927,0.93673408,-0.27730775,-0.2136106,0
-1.1519887,-0.5302422,-2.3009927,-0.091651633,0.39465141,-0.91424847,0
0.47573298,-0.29104036,-2.2173848,0.93673408,-0.27730775,-0.2136106,0
0.6814487,-1.216454,1.5941715,0.091651633,-0.39465141,0.91424847,0
0.68379939,0.17268521,-1.9069682,0.93673408,-0.27730775,-0.2136106,0
-0.24894786,1.5493035,1.5784233,-0.93673408,0.27730775,0.2136106,0
-0.69938874,-2.2947092,0.7157414,-0.33782995,-0.8759855,-0.34426773,0
1.7090688,0.60151637,2.0323811,0.93673408,-0.27730775,-0.2136106,0
-0.80678415,0.2476598,-1.9998038,-0.091651633,0.39465141,-0.91424847,0
-1.0326958,0.61205423,-1.8198594,-0.091651633,0.39465141,-0.91424847,0
0.71982265,1.9875567,0.045753032,0.33782995,0.8759855,0.34426773,0
-0.65410125,1.661927,-0.34447932,-0.93673408,0.27730775,0.2136106,0
0.08211422,1.256286,2.5322466,0.33782995,0.8759855,0.34426773,0
-0.48593712,1.3745154,0.76607776,-0.93673408,0.27730775,0.2136106,0
-0.2333312,-1.2903374,-2.297214,-0.33782995,-0.8759855,-0.34426773,0
-0.20802569,-1.3652812,-2.1313529,-0.33782995,-0.8759855,-0.34426773,0
-0.60689771,0.9885422,0.73670352,-0.93673408,0.27730775,0.2136106,0
0.14894092,-1.4518553,1.5459392,0.091651633,-0.39465141,0.91424847,0
1.1242882,0.73516905,-0.70553064,0.93673408,-0.27730775,-0.2136106,0
1.0457799,-1.0107404,1.2167189,0.93673408,-0.27730775,-0.2136106,0
-0.3855722,1.8115413,0.63885814,-0.93673408,0.27730775,0.2136106,0
0.5475688,1.5261759,1.3887639,0.33782995,0.8759855,0.34426773,0
0.030400276,-2.6644742,1.0343745,0.091651633,-0.39465141,0.91424847,0
-0.93506539,-0.84966683,1.6839588,-0.93673408,0.27730775,0.2136106,0
0.89469659,2.1649749,-1.3427312,-0.091651633,0.39465141,-0.91424847,0
-0.50626516,-1.9223466,-0.42124319,-0.33782995,-0.8759855,-0.34426773,0
0.092974901,-0.4057197,-2.3720458,-0.091651633,0.39465141,-0.91424847,0
0.44626832,-1.6134827,-0.62980866,0.93673408,-0.27730775,-0.2136106,0
0.19274783,-2.4945216,0.34870863,-0.33782995,-0.8759855,-0.34426773,0
-0.62283766,1.4490162,0.069018632,-0.93673408,0.27730775,0.2136106,0
1.0011315,1.7447076,0.38763112,0.33782995,0.8759855,0.34426773,0
0.74764752,1.2368252,1.9286766,0.33782995,0.8759855,0.34426773,0
0.42805797,0.60011274,-1.9714519,-0.091651633,0.39465141,-0.91424847,0
0.63451385,1.8406603,0.50324267,0.33782995,0.8759855,0.34426773,0
-0.25096226,2.0059464,0.95159167,0.33782995,0.8759855,0.34426773,0
-0.61291397,-1.1652405,-2.2430372,-0.33782995,-0.8759855,-0.34426773,0
-0.78563738,-2.2683437,0.73329043,-0.33782995,-0.8759855,-0.34426773,0
-0.2504952,-2.2354524,0.12446406,-0.33782995,-0.8759855,-0.34426773,0
0.31939799,-1.2059176,1.6350145,0.091651633,-0.39465141,0.91424847,0
-1.2132615,-1.379338,1.1516175,-0.93673408,0.27730775,0.2136106,0
1.476385,1.4309974,0.71949708,0.33782995,0.8759855,0.34426773,0
-0.6780293,-0.47767341,2.0493641,0.091651633,-0.39465141,0.91424847,0
1.1260014,1.5717825,0.70510316,0.33782995,0.8759855,0.34426773,0
-1.0616882,-1.4201174,1.6810027,0.091651633,-0.39465141,0.91424847,0
-1.4159086,0.24176943,-1.8415501,-0.93673408,0.27730775,0.2136106,0
0.64443803,1.5600193,1.207592,0.33782995,0.8759855,0.34426773,0
-1.1084259,-1.4600308,1.6684588,0.091651633,-0.39465141,0.91424847,0
1.5603075,1.2189629,1.1766635,0.33782995,0.8759855,0.34426773,0
0.68351245,-0.379556,-1.1913106,0.93673408,-0.27730775,-0.2136106,0
-0.13178086,2.5992565,-0.67503172,0.33782995,0.8759855,0.34426773,0
-0.38619876,2.7977207,-0.93036175,0.33782995,0.8759855,0.34426773,0
0.39127779,1.8538504,0.70836854,0.33782995,0.8759855,0.34426773,0
-0.71268201,0.92073697,-1.7186917,-0.091651633,0.39465141,-0.91424847,0
0.72558951,0.55836803,-2.0192988,-0.091651633,0.39465141,-0.91424847,0
0.18934727,-2.3068056,-0.12559545,-0.33782995,-0.8759855,-0.34426773,0
1.2394217,2.0852234,-0.71264154,0.33782995,0.8759855,0.34426773,0
-1.3215348,-1.8068655,1.2318258,-0.93673408,0.27730775,0.2136106,0
0.036336422,-2.5002782,0.5168426,-0.33782995,-0.8759855,-0.34426773,0
-0.88362437,0.43127292,0.24663304,-0.93673408,0.27730775,0.2136106,0
1.1996344,1.3858228,1.106019,0.33782995,0.8759855,0.34426773,0
-0.05227375,-2.3425794,1.1816139,0.091651633,-0.39465141,0.91424847,0
-0.89227629,-1.0056114,1.8429483,0.091651633,-0.39465141,0.91424847,0
0.47722387,1.7649102,0.85033673,0.33782995,0.8759855,0.34426773,0
-1.3431131,0.43407786,-1.7719777,-0.93673408,0.27730775,0.2136106,0
0.37468338,-2.7146502,0.73028994,-0.33782995,-0.8759855,-0.34426773,0
-0.93698752,-2.1315532,0.53374881,-0.33782995,-0.8759855,-0.34426773,0
-0.53782248,0.77517629,1.3166051,-0.93673408,0.27730775,0.2136106,0
1.3090203,0.6358887,0.233449,0.93673408,-0.27730775,-0.2136106,0
0.21631765,-2.7210293,0.90192556,-0.33782995,-0.8759855,-0.34426773,0
1.3510354,1.2122151,1.3991922,0.33782995,0.8759855,0.34426773,0
1.3561844,1.3345691,1.0828111,0.33782995,0.8759855,0.34426773,0
1.2637718,1.8956118,-0.25407141,0.33782995,0.8759855,0.34426773,0
0.48740625,1.5550786,1.374259,0.33782995,0.8759855,0.34426773,0
0.43232977,0.70765889,2.4497223,0.091651633,-0.39465141,0.91424847,0
0.45390737,-1.0654444,-1.3077695,0.93673408,-0.27730775,-0.2136106,0
-0.51661074,1.0725303,1.0236011,-0.93673408,0.27730775,0.2136106,0
0.67888224,-1.9035882,0.76687247,0.93673408,-0.27730775,-0.2136106,0
-0.27399343,0.14262034,2.2766211,0.091651633,-0.39465141,0.91424847,0
0.89507139,-1.6271987,1.356107,0.93673408,-0.27730775,-0.2136106,0
-0.5152564,-2.2496943,0.42051294,-0.33782995,-0.8759855,-0.34426773,0
-1.5029236,-1.7140095,0.026666116,-0.33782995,-0.8759855,-0.34426773,0
0.56924576,0.22778904,2.2288525,0.091651633,-0.39465141,0.91424847,0
0.97905302,-0.68995625,1.7916093,0.091651633,-0.39465141,0.91424847,0
0.18760872,1.2194237,2.522521,0.33782995,0.8759855,0.34426773,0
0.1831131,-2.4003091,0.11844015,-0.33782995,-0.8759855,-0.34426773,0
-0.90055013,-0.86499631,1.8552173,-0.93673408,0.27730775,0.2136106,0
-0.31506705,1.1753289,1.7739661,-0.93673408,0.27730775,0.2136106,0
-0.75639534,1.5860177,-1.4271295,-0.091651633,0.39465141,-0.91424847,0
-0.017062426,1.6008635,1.7527952,0.33782995,0.8759855,0.34426773,0
1.1636102,1.9486177,-0.29065609,0.33782995,0.8759855,0.34426773,0
-0.23586833,1.7416755,-1.4121189,-0.091651633,0.39465141,-0.91424847,0
1.1277449,0.19504905,0.010807887,0.93673408,-0.27730775,-0.2136106,0
0.75943351,-1.8076011,0.99549949,0.93673408,-0.27730775,-0.2136106,0
-1.5025991,-0.10911214,-1.766197,-0.93673408,0.27730775,0.2136106,0
0.29339957,1.161589,2.5658679,0.33782995,0.8759855,0.34426773,0
-1.4712203,-1.3220518,-0.053963132,-0.93673408,0.27730775,0.2136106,0
0.2825253,1.5729697,1.5297848,0.33782995,0.8759855,0.34426773,0
-0.62642264,-0.40084493,2.0773551,0.091651633,-0.39465141,0.91424847,0
-0.90338695,-1.5673487,1.6015784,0.091651633,-0.39465141,0.91424847,0
1.6446629,0.47330046,1.9163949,0.93673408,-0.27730775,-0.2136106,0
-0.65828836,1.7857964,-0.52364689,-0.93673408,0.27730775,0.2136106,0
0.21843433,-2.0903759,-0.70484185,-0.33782995,-0.8759855,-0.34426773,0
-1.2707349,-1.2761847,-1.3152213,-0.33782995,-0.8759855,-0.34426773,0
0.22878456,2.4737659,-0.70954561,0.33782995,0.8759855,0.34426773,0
-0.89899909,0.87768316,-0.40031552,-0.93673408,0.27730775,0.2136106,0
0.13169241,2.3250175,-0.23578033,0.33782995,0.8759855,0.34426773,0
-0.40638614,1.726917,0.65744144,-0.93673408,0.27730775,0.2136106,0
0.80219221,-1.7199793,1.0692565,0.93673408,-0.27730775,-0.2136106,0
-0.76111412,-2.0415177,0.13206983,-0.33782995,-0.8759855,-0.34426773,0
1.4444606,1.0735412,1.6603677,0.33782995,0.8759855,0.34426773,0
-1.1900171,0.84403396,-1.6328169,-0.93673408,0.27730775,0.2136106,0
1.0071752,-1.2709574,1.5379906,0.091651633,-0.39465141,0.91424847,0
-1.580304,-1.0518659,-1.5822179,-0.33782995,-0.8759855,-0.34426773,0
0.93771517,-0.39079571,-0.061979085,0.93673408,-0.27730775,-0.2136106,0
1.3327926,2.2088549,-1.367708,-0.091651633,0.39465141,-0.91424847,0
-0.75701678,-1.3288171,-1.68541,-0.33782995,-0.8759855,-0.34426773,0
0.7624104,-0.29452491,-0.95571107,0.93673408,-0.27730775,-0.2136106,0
0.96455961,0.94568628,-1.6792718,0.93673408,-0.27730775,-0.2136106,0
-0.50622487,1.5012097,0.5126372,-0.93673408,0.27730775,0.2136106,0
1.3974395,1.4033846,-0.3751699,0.93673408,-0.27730775,-0.2136106,0
1.6952326,0.91502512,1.8176287,0.33782995,0.8759855,0.34426773,0
0.31372094,2.4845181,-1.1465533,-0.091651633,0.39465141,-0.91424847,0
0.75641102,-0.74381524,-0.39875409,0.93673408,-0.27730775,-0.2136106,0
0.71060389,0.37236923,-2.0486526,0.93673408,-0.27730775,-0.2136106,0
0.71787763,0.33705729,-1.9709139,0.93673408,-0.27730775,-0.2136106,0
-0.55913758,-0.4147808,-2.3105841,-0.091651633,0.39465141,-0.91424847,0
-1.0785106,-1.0811038,-2.000232,-0.33782995,-0.8759855,-0.34426773,0
1.1317768,0.27714789,-0.078091726,0.93673408,-0.27730775,-0.2136106,0
1.296059,0.27348185,0.64708507,0.93673408,-0.27730775,-0.2136106,0
0.10684514,-2.3814998,1.148862,0.091651633,-0.39465141,0.91424847,0
-0.66167802,0.40746474,1.250829,-0.93673408,0.27730775,0.2136106,0
0.59829402,-1.8089619,0.29063118,0.93673408,-0.27730775,-0.2136106,0
0.19749284,2.0523808,0.39337105,0.33782995,0.8759855,0.34426773,0
0.529459,-2.4125741,0.77237684,0.93673408,-0.27730775,-0.2136106,0
0.26653838,2.1620288,-1.2810315,-0.091651633,0.39465141,-0.91424847,0
-0.70702589,1.3817903,-0.21289536,-0.93673408,0.27730775,0.2136106,0
-1.1022471,-0.54946685,0.56110871,-0.93673408,0.27730775,0.2136106,0
-0.95902425,1.4647803,-1.4257064,-0.93673408,0.27730775,0.2136106,0
0.25479329,0.57275283,2.4092855,0.091651633,-0.39465141,0.91424847,0
-0.57120669,1.4275992,-1.5140785,-0.091651633,0.39465141,-0.91424847,0
-0.2455759,-2.2003093,1.2624055,0.091651633,-0.39465141,0.91424847,0
-1.1221226,-1.4372801,-1.0511488,-0.33782995,-0.8759855,-0.34426773,0
1.525269,0.89021814,0.85158312,0.93673408,-0.27730775,-0.2136106,0
1.0671726,-0.088075876,0.1127345,0.93673408,-0.27730775,-0.2136106,0
0.17359269,-1.7517908,1.4139955,0.091651633,-0.39465141,0.91424847,0
-0.24230576,0.94332898,2.3942235,-0.93673408,0.27730775,0.2136106,0
1.0574964,0.86186332,2.4536154,0.091651633,-0.39465141,0.91424847,0
1.7374198,0.55233681,2.251842,0.091651633,-0.39465141,0.91424847,0
-0.71880126,-1.2134238,-2.0165277,-0.33782995,-0.8759855,-0.34426773,0
-1.2121277,-0.45768261,-0.039897248,-0.93673408,0.27730775,0.2136106,0
-0.16564959,-1.1648602,1.7013627,0.091651633,-0.39465141,0.91424847,0
-1.0379169,-1.9213983,0.098053962,-0.33782995,-0.8759855,-0.34426773,0
-0.239995,-2.3089304,0.30112422,-0.33782995,-0.8759855,-0.34426773,0
-0.83181894,-1.280283,-1.7355013,-0.33782995,-0.8759855,-0.34426773,0
1.0830142,1.59466,-1.6077962,-0.091651633,0.39465141,-0.91424847,0
-0.4735952,-0.14187357,2.1738238,0.091651633,-0.39465141,0.91424847,0
-0.13949251,-1.2880384,-2.395148,-0.33782995,-0.8759855,-0.34426773,0
-0.38092971,2.6308308,-0.51088226,0.33782995,0.8759855,0.34426773,0
1.4537492,0.65382969,0.84482992,0.93673408,-0.27730775,-0.2136106,0
-0.55756646,0.53364563,-1.9013367,-0.091651633,0.39465141,-0.91424847,0
-1.0154184,-2.372601,1.2240568,-0.33782995,-0.8759855,-0.34426773,0
-0.93837392,-1.3219748,-1.5248545,-0.33782995,-0.8759855,-0.34426773,0
0.0030891895,-1.087116,-2.6571715,-0.091651633,0.39465141,-0.91424847,0
0.095178127,2.0025272,-1.3327044,-0.091651633,0.39465141,-0.91424847,0
-1.4767499,-1.3934258,0.014446374,-0.93673408,0.27730775,0.2136106,0
-0.75361085,-2.4505825,1.1655679,-0.33782995,-0.8759855,-0.34426773,0
0.16056085,-0.26750818,-2.3191597,-0.091651633,0.39465141,-0.91424847,0
0.55383587,-1.8385293,1.3384347,0.091651633,-0.39465141,0.91424847,0
0.45007885,-0.35726351,-2.2439137,0.93673408,-0.27730775,-0.2136106,0
-0.07742095,-2.1503255,1.2671247,0.091651633,-0.39465141,0.91424847,0
1.048943,-0.86955261,1.0473003,0.93673408,-0.27730775,-0.2136106,0
-1.1035585,0.46222615,-0.75801528,-0.93673408,0.27730775,0.2136106,0
0.18220258,2.3061981,-0.23746026,0.33782995,0.8759855,0.34426773,0
-0.12419295,-1.7542245,-1.2239556,-0.33782995,-0.8759855,-0.34426773,0
-1.0722687,0.38336337,-0.51842225,-0.93673408,0.27730775,0.2136106,0
-1.0877635,-1.8967087,0.084145248,-0.33782995,-0.8759855,-0.34426773,0
1.5805517,1.5790837,0.19973084,0.93673408,-0.27730775,-0.2136106,0
0.35654914,-0.93880457,-1.8991115,0.93673408,-0.27730775,-0.2136106,0
0.69247615,-1.9225584,0.85111099,0.93673408,-0.27730775,-0.2136106,0
-0.76166368,-2.1211941,0.33534494,-0.33782995,-0.8759855,-0.34426773,0
-0.97778034,-1.3393772,-1.4419049,-0.33782995,-0.8759855,-0.34426773,0
-0.61378109,0.2613728,1.6505246,-0.93673408,0.27730775,0.2136106,0
-1.186147,0.57061005,-1.2608887,-0.93673408,0.27730775,0.2136106,0
-0.042764425,-2.5922208,0.82841164,-0.33782995,-0.8759855,-0.34426773,0
0.40788922,-0.18175894,2.0682397,0.091651633,-0.39465141,0.91424847,0
0.78369617,1.3673595,1.5611587,0.33782995,0.8759855,0.34426773,0
0.7759285,-1.3098258,0.42162585,0.93673408,-0.27730775,-0.2136106,0
-0.23460412,-2.0035415,-0.48122478,-0.33782995,-0.8759855,-0.34426773,0
-0.22611398,-1.1559832,1.7112561,0.091651633,-0.39465141,0.91424847,0
0.60950875,-1.1626499,1.6246089,0.091651633,-0.39465141,0.91424847,0
-1.4987062,-1.0010188,-1.7916696,-0.33782995,-0.8759855,-0.34426773,0
-0.99117005,0.11729133,0.18262792,-0.93673408,0.27730775,0.2136106,0
1.1756928,1.3762543,-1.3123617,0.93673408,-0.27730775,-0.2136106,0
1.5964965,0.56817245,1.58201,0.93673408,-0.27730775,-0.2136106,0
-1.007836,-1.1677135,-1.8492079,-0.33782995,-0.8759855,-0.34426773,0
-0.140311,-2.603682,1.0777299,0.091651633,-0.39465141,0.91424847,0
0.20030928,2.0908401,0.29274803,0.33782995,0.8759855,0.34426773,0
-1.2465074,-2.2480373,1.3421443,0.091651633,-0.39465141,0.91424847,0
1.4235982,1.2225746,1.3016263,0.33782995,0.8759855,0.34426773,0
-1.2017365,0.16476858,-0.80239135,-0.93673408,0.27730775,0.2136106,0
0.038345575,2.0861442,0.46363124,0.33782995,0.8759855,0.34426773,0
-1.4422117,-2.1767716,1.1445822,-0.33782995,-0.8759855,-0.34426773,0
-0.68676919,-1.1812673,1.7465217,0.091651633,-0.39465141,0.91424847,0
0.90691209,0.25195217,-1.0314692,0.93673408,-0.27730775,-0.2136106,0
0.50966072,1.7875711,-1.4670453,-0.091651633,0.39465141,-0.91424847,0
1.0925214,-0.21943438,0.3944242,0.93673408,-0.27730775,-0.2136106,0
-0.6403985,0.010035634,1.860085,-0.93673408,0.27730775,0.2136106,0
0.079438925,1.3528566,2.2891493,0.33782995,0.8759855,0.34426773,0
-0.71108508,0.23064584,1.2637124,-0.93673408,0.27730775,0.2136106,0
-0.17604327,2.1742547,0.44981518,0.33782995,0.8759855,0.34426773,0
-0.075856209,0.7244978,-1.8672425,-0.091651633,0.39465141,-0.91424847,0
0.84524047,0.56155795,2.3452616,0.091651633,-0.39465141,0.91424847,0
-1.3229301,-1.1691861,-1.5362583,-0.33782995,-0.8759855,-0.34426773,0
0.67534769,-0.54677045,1.8838638,0.091651633,-0.39465141,0.91424847,0
0.98579985,-0.77960509,1.7522345,0.091651633,-0.39465141,0.91424847,0
-0.7417509,0.39939702,-1.9408233,-0.091651633,0.39465141,-0.91424847,0
0.14666454,0.58244687,-1.9508685,-0.091651633,0.39465141,-0.91424847,0
0.37111473,-1.9338051,1.3156247,0.091651633,-0.39465141,0.91424847,0
0.14647174,0.72695476,2.4867084,0.091651633,-0.39465141,0.91424847,0
-1.3980129,-1.2003767,-1.3832157,-0.33782995,-0.8759855,-0.34426773,0
-0.61623216,-2.179276,0.34042177,-0.33782995,-0.8759855,-0.34426773,0
-1.1049718,-2.1871624,0.84008813,-0.33782995,-0.8759855,-0.34426773,0
-1.5713575,-0.32890773,-1.7823818,-0.93673408,0.27730775,0.2136106,0
-1.1782109,-0.32259762,-0.066530451,-0.93673408,0.27730775,0.2136106,0
0.63899696,-1.9149777,1.2968972,0.091651633,-0.39465141,0.91424847,0
-0.68945408,-1.8486016,-0.42912352,-0.33782995,-0.8759855,-0.34426773,0
-1.4007852,-0.18352616,-2.1263855,-0.091651633,0.39465141,-0.91424847,0
1.4091897,0.35757565,2.2006743,0.091651633,-0.39465141,0.91424847,0
1.4182009,-0.26768351,1.8852433,0.93673408,-0.27730775,-0.2136106,0
-0.64601731,1.9184039,-0.64198512,-0.93673408,0.27730775,0.2136106,0
0.43755195,-0.81402987,1.792335,0.091651633,-0.39465141,0.91424847,0
1.2605,-0.25313759,1.1748042,0.93673408,-0.27730775,-0.2136106,0
1.259313,1.3138106,1.2306904,0.33782995,0.8759855,0.34426773,0
0.96723694,0.16497505,-0.65401661,0.93673408,-0.27730775,-0.2136106,0
-1.4737465,-0.12923527,-1.6135473,-0.93673408,0.27730775,0.2136106,0
-1.5281261,-1.6310608,-0.15966463,-0.33782995,-0.8759855,-0.34426773,0
0.81976485,-0.40590864,-0.55960059,0.93673408,-0.27730775,-0.2136106,0
-1.3319483,-0.85925996,-0.044014871,-0.93673408,0.27730775,0.2136106,0
0.59147692,-1.983884,0.4878186,0.93673408,-0.27730775,-0.2136106,0
-0.55243301,2.5118992,-1.0020682,-0.93673408,0.27730775,0.2136106,0
-0.31405672,0.46362859,-1.9559721,-0.091651633,0.39465141,-0.91424847,0
-1.3270817,-1.6084331,0.94989872,-0.93673408,0.27730775,0.2136106,0
-0.28985023,1.6470919,1.2721087,-0.93673408,0.27730775,0.2136106,0
-0.3909725,0.10268274,2.2711084,0.091651633,-0.39465141,0.91424847,0
1.4294294,0.53818893,2.2766104,0.091651633,-0.39465141,0.91424847,0
-0.082951069,-2.4848928,0.59475136,-0.33782995,-0.8759855,-0.34426773,0
0.21799111,-1.9386456,-1.0904833,-0.33782995,-0.8759855,-0.34426773,0
-1.087042,-1.2648435,-1.5243371,-0.33782995,-0.8759855,-0.34426773,0
-1.1478997,0.75660872,-1.3346275,-0.93673408,0.27730775,0.2136106,0
-0.7640627,-1.4965377,1.6181781,0.091651633,-0.39465141,0.91424847,0
1.2176979,0.4307059,2.2514391,0.091651633,-0.39465141,0.91424847,0
1.0214281,0.5573796,2.3257954,0.091651633,-0.39465141,0.91424847,0
1.4940084,1.2054046,1.2762222,0.33782995,0.8759855,0.34426773,0
-0.95199347,1.4465365,-1.3711898,-0.93673408,0.27730775,0.2136106,0
-0.58221078,1.9873899,-1.2713318,-0.091651633,0.39465141,-0.91424847,0
1.4964095,0.34003019,1.4392781,0.93673408,-0.27730775,-0.2136106,0
0.11801112,-0.14554738,-2.2622476,-0.091651633,0.39465141,-0.91424847,0
-1.1015139,0.32376313,-1.9374063,-0.091651633,0.39465141,-0.91424847,0
0.94164997,0.13656342,2.1521406,0.091651633,-0.39465141,0.91424847,0
-0.34343821,0.67047215,-1.863739,-0.091651633,0.39465141,-0.91424847,0
-0.24239683,-2.1870165,1.2678249,0.091651633,-0.39465141,0.91424847,0
0.13812864,-1.695534,1.4418349,0.091651633,-0.39465141,0.91424847,0
1.0518881,-0.085182071,0.041951686,0.93673408,-0.27730775,-0.2136106,0
-0.073571444,-2.5531201,0.75915062,-0.33782995,-0.8759855,-0.34426773,0
-0.31853509,2.3487892,-1.1417605,-0.091651633,0.39465141,-0.91424847,0
1.0947824,0.58178806,-0.6358031,0.93673408,-0.27730775,-0.2136106,0
0.39069366,2.5140729,-0.9709872,0.33782995,0.8759855,0.34426773,0
-0.049799681,-2.6269677,1.0586046,0.091651633,-0.39465141,0.91424847,0
0.026744604,-2.5967245,0.77166194,-0.33782995,-0.8759855,-0.34426773,0
0.67661089,-0.89051127,-0.55825746,0.93673408,-0.27730775,-0.2136106,0
-1.3351461,-0.41702938,-0.63213891,-0.93673408,0.27730775,0.2136106,0
-0.63207757,-1.1792321,-2.1886301,-0.33782995,-0.8759855,-0.34426773,0
-0.3814795,1.6466831,0.87082279,-0.93673408,0.27730775,0.2136106,0
-1.1377463,-1.271605,-1.4573758,-0.33782995,-0.8759855,-0.34426773,0
-0.67653656,-1.571016,-1.1481131,-0.33782995,-0.8759855,-0.34426773,0
0.030811071,-2.2726712,-0.056878924,-0.33782995,-0.8759855,-0.34426773,0
-1.7100971,-0.84288967,-1.7235407,-0.93673408,0.27730775,0.2136106,0
1.3602633,2.0808325,-0.82005131,0.33782995,0.8759855,0.34426773,0
1.6063616,0.58092952,2.2773228,0.091651633,-0.39465141,0.91424847,0
0.52158427,-1.6434016,-0.26068887,0.93673408,-0.27730775,-0.2136106,0
-0.41668153,1.9469836,0.32660601,-0.93673408,0.27730775,0.2136106,0
0.60058379,-2.3483529,1.000906,0.93673408,-0.27730775,-0.2136106,0
0.18095994,2.529263,-0.80382735,0.33782995,0.8759855,0.34426773,0
0.20384508,-0.032216549,2.1532471,0.091651633,-0.39465141,0.91424847,0
-0.40441215,0.66224259,2.0482512,-0.93673408,0.27730775,0.2136106,0
0.55920362,1.4742384,-1.6072673,-0.091651633,0.39465141,-0.91424847,0
0.37290227,-1.415508,1.5391775,0.091651633,-0.39465141,0.91424847,0
0.67487586,2.2421739,-1.2873704,-0.091651633,0.39465141,-0.91424847,0
0.55648863,1.7127073,-1.5040559,-0.091651633,0.39465141,-0.91424847,0
1.235153,0.44060946,0.16303378,0.93673408,-0.27730775,-0.2136106,0
-1.356756,-1.0717825,0.12309188,-0.93673408,0.27730775,0.2136106,0
-1.2930819,-0.59662628,-0.21452563,-0.93673408,0.27730775,0.2136106,0
0.0011597872,-0.35678503,-2.341718,-0.091651633,0.39465141,-0.91424847,0
0.20971537,2.4711223,-0.68410659,0.33782995,0.8759855,0.34426773,0
1.3508527,1.2581317,-0.39089841,0.93673408,-0.27730775,-0.2136106,0
-0.68433803,0.71494287,0.75229311,-0.93673408,0.27730775,0.2136106,0
1.1885648,1.0541396,-0.83774775,0.93673408,-0.27730775,-0.2136106,0
-0.73544085,1.3189446,-0.25591591,-0.93673408,0.27730775,0.2136106,0
-0.69714904,-1.7484002,-0.67653346,-0.33782995,-0.8759855,-0.34426773,0
0.89385325,-1.1145239,0.6852144,0.93673408,-0.27730775,-0.2136106,0
1.1915236,0.06526351,0.45897925,0.93673408,-0.27730775,-0.2136106,0
0.027599428,-0.56573606,1.9406126,0.091651633,-0.39465141,0.91424847,0
-1.1110229,0.67599976,-1.0682673,-0.93673408,0.27730775,0.2136106,0
0.67473322,-0.93729913,-0.50575197,0.93673408,-0.27730775,-0.2136106,0
0.82277268,0.13073611,2.1615424,0.091651633,-0.39465141,0.91424847,0
1.0989773,0.93152994,2.3607371,0.33782995,0.8759855,0.34426773,0
-1.4202964,-0.25248349,-1.2191557,-0.93673408,0.27730775,0.2136106,0
-0.34676546,0.31668213,-2.0161252,-0.091651633,0.39465141,-0.91424847,0
1.6154802,0.23338902,2.1263866,0.091651633,-0.39465141,0.91424847,0
0.27453685,1.3985382,-1.6114073,-0.091651633,0.39465141,-0.91424847,0
-0.074426413,1.3090357,2.5516393,0.33782995,0.8759855,0.34426773,0
-1.0549177,-1.5028181,-0.95033652,-0.33782995,-0.8759855,-0.34426773,0
1.5559275,0.36335742,2.1884599,0.091651633,-0.39465141,0.91424847,0
-1.1376048,-0.58861232,0.45687532,-0.93673408,0.27730775,0.2136106,0
0.64518714,1.0308782,-1.8072712,-0.091651633,0.39465141,-0.91424847,0
-0.78307289,0.71191335,0.32324979,-0.93673408,0.27730775,0.2136106,0
1.480191,1.8579782,-0.37068552,0.33782995,0.8759855,0.34426773,0
0.15965772,-0.48279199,-2.4120002,-0.091651633,0.39465141,-0.91424847,0
-1.6756319,-0.44680274,-2.0866003,-0.93673408,0.27730775,0.2136106,0
-0.66016793,-1.5184028,-1.2980491,-0.33782995,-0.8759855,-0.34426773,0
1.459734,1.7416784,-0.054687407,0.33782995,0.8759855,0.34426773,0
0.34600925,-2.2260907,-0.27418518,0.93673408,-0.27730775,-0.2136106,0
0.58533108,1.388326,1.7024652,0.33782995,0.8759855,0.34426773,0
0.26826739,-1.8872423,-1.0549941,0.93673408,-0.27730775,-0.2136106,0
-1.3888932,-2.0208259,0.69545984,-0.33782995,-0.8759855,-0.34426773,0
0.47092927,-0.74893105,-1.6440197,0.93673408,-0.27730775,-0.2136106,0
-0.70596933,1.1434671,-1.6232193,-0.091651633,0.39465141,-0.91424847,0
0.5642283,1.0734295,2.5244246,0.33782995,0.8759855,0.34426773,0
-1.1291499,-1.2408006,1.340619,-0.93673408,0.27730775,0.2136106,0
0.0079903603,2.0335176,0.62732679,0.33782995,0.8759855,0.34426773,0
-0.52351928,1.6245106,0.27672812,-0.93673408,0.27730775,0.2136106,0
1.3943861,1.2309465,-0.16470104,0.93673408,-0.27730775,-0.2136106,0
-0.83126414,-0.13886821,1.2163987,-0.93673408,0.27730775,0.2136106,0
-0.12564421,-0.43660334,-2.3634613,-0.091651633,0.39465141,-0.91424847,0
1.2758422,1.1192709,1.7094743,0.33782995,0.8759855,0.34426773,0
-0.12637833,0.52956825,-1.9463224,-0.091651633,0.39465141,-0.91424847,0
0.28887391,-0.75373214,-2.4361439,0.93673408,-0.27730775,-0.2136106,0
-0.85513228,0.81773943,-0.13013071,-0.93673408,0.27730775,0.2136106,0
-1.5587572,-0.37877488,-1.6623899,-0.93673408,0.27730775,0.2136106,0
1.0712953,0.6369313,-0.81038624,0.93673408,-0.27730775,-0.2136106,0
0.16598117,2.0136902,-1.3349836,-0.091651633,0.39465141,-0.91424847,0
0.54154897,-0.22817689,2.0348032,0.091651633,-0.39465141,0.91424847,0
-0.54524779,2.2112775,-1.1783922,-0.091651633,0.39465141,-0.91424847,0
-1.1550195,-1.2334168,1.2175881,-0.93673408,0.27730775,0.2136106,0
-0.038992643,-2.1364272,-0.33505192,-0.33782995,-0.8759855,-0.34426773,0
-1.3066413,0.0882231,-1.1630545,-0.93673408,0.27730775,0.2136106,0
-1.4781414,0.022052169,-1.8292216,-0.93673408,0.27730775,0.2136106,0
0.33430409,2.4009595,-1.1846861,-0.091651633,0.39465141,-0.91424847,0
-0.74016511,1.2729151,-0.21687761,-0.93673408,0.27730775,0.2136106,0
-0.82836628,0.18482965,0.80888402,-0.93673408,0.27730775,0.2136106,0
1.6437252,0.77803934,1.5166721,0.93673408,-0.27730775,-0.2136106,0
-0.29758382,2.5742311,-0.44865245,0.33782995,0.8759855,0.34426773,0
-0.89636439,0.88816983,-0.40237516,-0.93673408,0.27730775,0.2136106,0
0.70518255,0.22821987,-1.8852929,0.93673408,-0.27730775,-0.2136106,0
-0.72268522,-0.11986691,1.6678759,-0.93673408,0.27730775,0.2136106,0
-0.43124723,1.4170074,0.95074201,-0.93673408,0.27730775,0.2136106,0
0.46911597,2.0408852,0.15607768,0.33782995,0.8759855,0.34426773,0
1.0486721,1.79886,0.20318995,0.33782995,0.8759855,0.34426773,0
0.69803566,-0.51223135,1.8964987,0.091651633,-0.39465141,0.91424847,0
-1.3984653,-1.0312148,-1.8132027,-0.33782995,-0.8759855,-0.34426773,0
1.170573,1.0485348,-0.90937048,0.93673408,-0.27730775,-0.2136106,0
-0.96959621,0.010839581,-2.08571,-0.091651633,0.39465141,-0.91424847,0
-1.3240106,-1.1896478,0.41970083,-0.93673408,0.27730775,0.2136106,0
0.1948359,-1.5325352,-1.8374859,0.93673408,-0.27730775,-0.2136106,0
-1.5356899,-1.729579,0.19236995,-0.93673408,0.27730775,0.2136106,0
-1.0070211,-0.72365338,1.2048264,-0.93673408,0.27730775,0.2136106,0
-0.27412894,-0.58859402,1.9609931,0.091651633,-0.39465141,0.91424847,0
1.2789521,-0.56303155,1.6580234,0.93673408,-0.27730775,-0.2136106,0
0.5965296,-0.78971261,-1.0402893,0.93673408,-0.27730775,-0.2136106,0
-0.73386353,0.7136628,0.53677416,-0.93673408,0.27730775,0.2136106,0
0.83245581,-1.2691226,0.61667186,0.93673408,-0.27730775,-0.2136106,0
-0.44788617,-0.13632995,-2.2015388,-0.091651633,0.39465141,-0.91424847,0
-0.71142602,-2.4624839,1.1959338,0.091651633,-0.39465141,0.91424847,0
-1.0369197,0.3771733,-0.35537225,-0.93673408,0.27730775,0.2136106,0
-0.0587008,2.1902933,0.29385719,0.33782995,0.8759855,0.34426773,0
-0.27928591,-2.58899,1.0522891,-0.33782995,-0.8759855,-0.34426773,0
-0.45277205,0.23765045,-2.0396137,-0.091651633,0.39465141,-0.91424847,0
-1.3869107,-2.0491946,0.76569724,-0.33782995,-0.8759855,-0.34426773,0
-0.16405511,-2.0012558,1.3401581,0.091651633,-0.39465141,0.91424847,0
-0.53548533,0.26305652,1.9916844,-0.93673408,0.27730775,0.2136106,0
0.19529629,-2.1149917,-0.61950213,-0.33782995,-0.8759855,-0.34426773,0
1.1769657,1.8553693,-0.066492483,0.33782995,0.8759855,0.34426773,0
-1.0763443,-0.57992876,-2.330024,-0.091651633,0.39465141,-0.91424847,0
0.19685733,-0.17726114,-2.2838416,-0.091651633,0.39465141,-0.91424847,0
1.3355573,0.82432199,2.4013708,0.33782995,0.8759855,0.34426773,0
1.0187862,-0.35264814,0.24401456,0.93673408,-0.27730775,-0.2136106,0
-0.3258791,2.3782783,0.077713668,0.33782995,0.8759855,0.34426773,0
-0.53303242,-1.7180333,1.4994054,0.091651633,-0.39465141,0.91424847,0
-0.72546792,-1.2450337,-1.9295546,-0.33782995,-0.8759855,-0.34426773,0
-0.42120671,-1.7999432,-0.81616509,-0.33782995,-0.8759855,-0.34426773,0
1.2153461,0.61640429,-0.15204017,0.93673408,-0.27730775,-0.2136106,0
-0.94858122,0.24802959,-1.9854293,-0.091651633,0.39465141,-0.91424847,0
-0.4994874,-1.2922813,-2.0310886,-0.33782995,-0.8759855,-0.34426773,0
1.1756173,2.3071854,-1.3095053,-0.091651633,0.39465141,-0.91424847,0
0.13172793,-1.6014302,1.483098,0.091651633,-0.39465141,0.91424847,0
-0.32664752,-1.2606775,-2.2811117,-0.33782995,-0.8759855,-0.34426773,0
-0.97390944,-1.6510968,1.5724968,0.091651633,-0.39465141,0.91424847,0
1.1644715,-0.39415348,1.9007097,0.091651633,-0.39465141,0.91424847,0
-0.18755198,-1.40439,1.6001612,0.091651633,-0.39465141,0.91424847,0
-1.2335647,0.58144403,-1.482891,-0.93673408,0.27730775,0.2136106,0
-0.91069889,0.72195637,-0.24945894,-0.93673408,0.27730775,0.2136106,0
-1.5723637,-0.22655869,-1.9196637,-0.93673408,0.27730775,0.2136106,0
0.46312058,-1.1989038,1.6236343,0.091651633,-0.39465141,0.91424847,0
1.0270239,1.3276532,1.4234139,0.33782995,0.8759855,0.34426773,0
-0.57618713,-1.6782439,-0.97374523,-0.33782995,-0.8759855,-0.34426773,0
-0.73649776,1.004288,-1.6802382,-0.091651633,0.39465141,-0.91424847,0
-0.47116256,2.7396266,-0.9413113,-0.93673408,0.27730775,0.2136106,0
-0.58521557,-1.8518587,1.4468685,0.091651633,-0.39465141,0.91424847,0
-1.7272096,-0.58254111,-2.2659037,-0.091651633,0.39465141,-0.91424847,0
-1.0600371,-1.8120786,-0.15840244,-0.33782995,-0.8759855,-0.34426773,0
-0.49896979,2.5288863,-0.789671,-0.93673408,0.27730775,0.2136106,0
1.2508262,-0.21980977,1.9673114,0.091651633,-0.39465141,0.91424847,0
-0.13755095,-1.5666292,1.5251154,0.091651633,-0.39465141,0.91424847,0
-1.1363974,-1.0787276,-1.9494741,-0.33782995,-0.8759855,-0.34426773,0
-0.20849991,-0.36743164,-2.3252957,-0.091651633,0.39465141,-0.91424847,0
-1.5863416,-0.61932611,-1.4710716,-0.93673408,0.27730775,0.2136106,0
-0.19947171,2.4382961,-0.19904494,0.33782995,0.8759855,0.34426773,0
-0.52765489,-0.1420601,2.179163,0.091651633,-0.39465141,0.91424847,0
0.65189195,2.4818666,-1.1453526,0.33782995,0.8759855,0.34426773,0
1.2413007,1.0689336,-0.6256938,0.93673408,-0.27730775,-0.2136106,0
0.054438114,-1.7273921,-1.4675206,-0.33782995,-0.8759855,-0.34426773,0
-0.25957561,-2.5299799,1.1215008,0.091651633,-0.39465141,0.91424847,0
1.4366293,1.4416058,-0.2529313,0.93673408,-0.27730775,-0.2136106,0
-0.42669868,-0.69918919,-2.4466307,-0.091651633,0.39465141,-0.91424847,0
-0.17352915,1.0494758,-1.7171685,-0.091651633,0.39465141,-0.91424847,0
-0.3175559,1.2377279,-1.6214678,-0.091651633,0.39465141,-0.91424847,0
0.75442314,1.813056,0.45581418,0.33782995,0.8759855,0.34426773,0
0.14574349,-0.14743441,-2.2658424,-0.091651633,0.39465141,-0.91424847,0
-1.2600588,-1.4528959,-0.87605774,-0.33782995,-0.8759855,-0.34426773,0
1.1136597,1.4324266,1.071803,0.33782995,0.8759855,0.34426773,0
-1.3646491,-0.96102583,-0.05530411,-0.93673408,0.27730775,0.2136106,0
-0.229321,1.9752405,1.0084864,0.33782995,0.8759855,0.34426773,0
-0.035763025,1.7933829,1.2812823,0.33782995,0.8759855,0.34426773,0
-0.39117584,0.17005545,-2.0749671,-0.091651633,0.39465141,-0.91424847,0
-0.61843061,-0.029008806,2.0071065,-0.93673408,0.27730775,0.2136106,0
1.1780679,1.8343985,-0.014213383,0.33782995,0.8759855,0.34426773,0
-0.65717936,0.00053530931,1.7988299,-0.93673408,0.27730775,0.2136106,0
-0.5062561,1.1127191,1.0168355,-0.93673408,0.27730775,0.2136106,0
1.3664632,0.56894732,2.2961998,0.091651633,-0.39465141,0.91424847,0
0.12287354,-2.0242205,-0.77940047,-0.33782995,-0.8759855,-0.34426773,0
0.50527549,0.83110225,2.4956961,0.091651633,-0.39465141,0.91424847,0
0.83913356,-0.19114703,-0.75346589,0.93673408,-0.27730775,-0.2136106,0
-0.41442269,0.38694942,-1.9790106,-0.091651633,0.39465141,-0.91424847,0
-0.44542336,2.4668462,-0.4743169,-0.93673408,0.27730775,0.2136106,0
1.466754,1.0367371,0.40477091,0.93673408,-0.27730775,-0.2136106,0
0.8858757,1.9502733,-0.022327423,0.33782995,0.8759855,0.34426773,0
0.97487915,-0.74327672,0.55858254,0.93673408,-0.27730775,-0.2136106,0
0.15902686,-2.6384077,0.74791539,-0.33782995,-0.8759855,-0.34426773,0
-0.042804718,1.2336388,2.7124548,0.33782995,0.8759855,0.34426773,0
-0.34939599,-2.4641213,0.80336088,-0.33782995,-0.8759855,-0.34426773,0
0.71461833,-2.0653713,1.1336105,0.93673408,-0.27730775,-0.2136106,0
-0.21918821,0.61459202,-1.9003166,-0.091651633,0.39465141,-0.91424847,0
-0.18924999,-1.3603814,-2.1622448,-0.33782995,-0.8759855,-0.34426773,0
0.98600161,2.1395087,-0.60208869,0.33782995,0.8759855,0.34426773,0
-0.097588778,2.1583004,-1.2461379,-0.091651633,0.39465141,-0.91424847,0
-0.50935745,-2.4407103,0.9007625,-0.33782995,-0.8759855,-0.34426773,0
0.11516285,1.9658521,0.69433308,0.33782995,0.8759855,0.34426773,0
1.1873242,1.8536358,-0.072245672,0.33782995,0.8759855,0.34426773,0
-0.34071851,2.2097175,0.31864294,-0.93673408,0.27730775,0.2136106,0
1.7140503,0.62738347,2.0206442,0.93673408,-0.27730775,-0.2136106,0
0.89424521,-0.97831535,0.51010919,0.93673408,-0.27730775,-0.2136106,0
-1.0177648,0.62089664,-0.58777344,-0.93673408,0.27730775,0.2136106,0
1.0433697,2.2135038,-0.84666359,0.33782995,0.8759855,0.34426773,0
1.0518671,-0.84241027,1.0248884,0.93673408,-0.27730775,-0.2136106,0
-0.5979408,-0.069104016,2.1490109,-0.93673408,0.27730775,0.2136106,0
-0.15972805,-1.8869786,-0.8512938,-0.33782995,-0.8759855,-0.34426773,0
0.18554842,0.68949151,-1.908559,-0.091651633,0.39465141,-0.91424847,0
0.15085697,-1.9995234,-0.8697021,-0.33782995,-0.8759855,-0.34426773,0
0.3434422,1.8218211,0.83680731,0.33782995,0.8759855,0.34426773,0
0.039442658,-1.5050257,1.5339643,0.091651633,-0.39465141,0.91424847,0
-1.7219557,-0.89410484,-1.7090575,-0.93673408,0.27730775,0.2136106,0
-0.55649376,0.86186236,1.1221913,-0.93673408,0.27730775,0.2136106,0
-1.5438644,-1.3933725,-0.74901611,-0.33782995,-0.8759855,-0.34426773,0
0.3637197,-2.6939964,0.98821598,0.091651633,-0.39465141,0.91424847,0
-0.19216847,2.2749405,0.20944545,0.33782995,0.8759855,0.34426773,0
-1.0282356,1.0599132,-1.2036188,-0.93673408,0.27730775,0.2136106,0
0.59369433,-1.4054611,-0.25336197,0.93673408,-0.27730775,-0.2136106,0
-1.0157027,-0.016353011,0.24854258,-0.93673408,0.27730775,0.2136106,0
0.81747496,-1.4819524,0.82727081,0.93673408,-0.27730775,-0.2136106,0
1.4305916,0.88117516,0.44813979,0.93673408,-0.27730775,-0.2136106,0
0.7830888,1.666365,0.80093837,0.33782995,0.8759855,0.34426773,0
0.12369967,-0.02902744,-2.2125201,-0.091651633,0.39465141,-0.91424847,0
1.600158,0.56183422,1.6062958,0.93673408,-0.27730775,-0.2136106,0
0.60818315,-1.4335258,1.5078133,0.091651633,-0.39465141,0.91424847,0
1.5938255,0.73146749,2.3435619,0.091651633,-0.39465141,0.91424847,0
-0.99462152,-1.4415727,-1.165343,-0.33782995,-0.8759855,-0.34426773,0
-1.3697212,-1.0063115,-1.9047754,-0.33782995,-0.8759855,-0.34426773,0
-0.15340638,-2.2013502,-0.057582021,-0.33782995,-0.8759855,-0.34426773,0
-0.77688462,-0.126405,-2.164273,-0.091651633,0.39465141,-0.91424847,0
-0.96539891,-1.7138966,-0.50109392,-0.33782995,-0.8759855,-0.34426773,0
