2.4993415,-1.1450984,-1.0940548,0.9485395,-0.27037761,0.16482985,0
-2.2499702,0.85720229,-0.81324148,-0.9485395,0.27037761,-0.16482985,0
1.9714776,-2.3449039,-0.024471283,0.9485395,-0.27037761,0.16482985,0
0.25861001,1.1757975,2.3654916,0.084745646,0.71829087,0.69056249,0
-2.4815021,1.0906647,0.90210414,-0.9485395,0.27037761,-0.16482985,0
1.5042338,1.9973407,1.3580978,0.084745646,0.71829087,0.69056249,0
2.3936501,-0.32915515,0.85259318,0.9485395,-0.27037761,0.16482985,0
2.4079049,0.38448673,-0.026766777,0.30510837,0.64105725,-0.70424056,0
-1.9284843,0.55063152,-1.7542453,0.30510837,0.64105725,-0.70424056,0
1.2793422,-2.0168574,0.13832974,-0.30510837,-0.64105725,0.70424056,0
-1.9857007,1.8966122,1.8911545,0.084745646,0.71829087,0.69056249,0
-2.543376,-0.99908078,-2.1697335,-0.9485395,0.27037761,-0.16482985,0
0.89172006,-2.2941923,-1.3433574,-0.084745646,-0.71829087,-0.69056249,0
1.7594197,-0.84090877,-1.4231743,0.30510837,0.64105725,-0.70424056,0
0.66155726,0.68944228,-0.50576693,0.30510837,0.64105725,-0.70424056,0
2.3534706,-0.68360668,0.50238729,0.9485395,-0.27037761,0.16482985,0
-1.7220114,2.5527956,1.1762635,0.084745646,0.71829087,0.69056249,0
0.5038228,-0.69878757,1.0021547,-0.30510837,-0.64105725,0.70424056,0
-1.939533,2.5055652,0.10418129,-0.9485395,0.27037761,-0.16482985,0
-1.5418305,-1.4393916,-1.9338369,-0.084745646,-0.71829087,-0.69056249,0
-1.003505,-0.77116942,0.2832253,-0.30510837,-0.64105725,0.70424056,0
-2.559128,-0.4269222,-1.1405489,-0.9485395,0.27037761,-0.16482985,0
1.5605171,1.8220382,1.5335324,0.084745646,0.71829087,0.69056249,0
1.8299592,-1.6796134,0.68386841,-0.30510837,-0.64105725,0.70424056,0
2.3929863,-0.49617487,0.58244228,0.9485395,-0.27037761,0.16482985,0
-2.512929,1.3742416,1.5481198,-0.9485395,0.27037761,-0.16482985,0
2.63853,0.99207836,1.6106687,0.9485395,-0.27037761,0.16482985,0
-1.6898482,-1.5052059,-1.8472152,-0.084745646,-0.71829087,-0.69056249,0
-1.752205,2.8590879,0.86137766,0.084745646,0.71829087,0.69056249,0
2.3141646,-1.2607813,-0.21818566,0.9485395,-0.27037761,0.16482985,0
-2.0341098,1.834131,-0.45294452,-0.9485395,0.27037761,-0.16482985,0
-1.4115918,-0.39896595,-2.3947053,0.30510837,0.64105725,-0.70424056,0
1.677809,-2.8197701,-0.41991329,-0.30510837,-0.64105725,0.70424056,0
-0.36374998,2.3844442,1.1846893,0.084745646,0.71829087,0.69056249,0
1.4850264,-1.7072413,0.50927889,-0.30510837,-0.64105725,0.70424056,0
1.4305139,1.419827,1.9678478,0.084745646,0.71829087,0.69056249,0
2.2938921,-1.9905161,-1.2985408,0.9485395,-0.27037761,0.16482985,0
2.216702,-0.35040581,1.8360119,0.9485395,-0.27037761,0.16482985,0
1.5309738,-2.7442055,-0.41474426,-0.30510837,-0.64105725,0.70424056,0
2.1692657,-1.4284377,0.34064627,0.9485395,-0.27037761,0.16482985,0
2.7987249,1.3142611,1.2172945,0.9485395,-0.27037761,0.16482985,0
-2.369714,-0.75724173,-2.54178,-0.084745646,-0.71829087,-0.69056249,0
-2.8219473,-1.4820831,-1.3589437,-0.9485395,0.27037761,-0.16482985,0
1.237817,-2.7126708,-0.51304692,-0.30510837,-0.64105725,0.70424056,0
-1.8567317,-1.9442415,-1.1542563,-0.30510837,-0.64105725,0.70424056,0
0.62097847,-0.90458524,0.865578,-0.30510837,-0.64105725,0.70424056,0
-2.0028787,2.7532732,0.87503994,-0.9485395,0.27037761,-0.16482985,0
-2.5272801,-0.68322325,-1.7442453,-0.9485395,0.27037761,-0.16482985,0
-2.339654,0.61749905,-0.69033837,-0.9485395,0.27037761,-0.16482985,0
2.6080644,1.5942004,1.641964,0.084745646,0.71829087,0.69056249,0
2.694237,0.6329636,0.70102262,0.9485395,-0.27037761,0.16482985,0
2.4986877,-0.21063712,0.44254589,0.9485395,-0.27037761,0.16482985,0
0.83491552,-1.9661949,-1.6775539,-0.084745646,-0.71829087,-0.69056249,0
1.1041411,-2.0843344,-1.5877099,-0.084745646,-0.71829087,-0.69056249,0
1.8838869,1.5723326,0.82747912,0.30510837,0.64105725,-0.70424056,0
2.0693309,-2.456883,-0.77126837,0.9485395,-0.27037761,0.16482985,0
-2.6997707,-1.2604672,-1.6985028,-0.9485395,0.27037761,-0.16482985,0
-0.70555317,0.10687423,1.2115781,-0.30510837,-0.64105725,0.70424056,0
1.8190193,1.1661376,2.1840463,0.084745646,0.71829087,0.69056249,0
0.3705864,-2.6622667,-0.89655042,-0.084745646,-0.71829087,-0.69056249,0
0.072948217,2.4303932,1.0833036,0.084745646,0.71829087,0.69056249,0
2.7635686,0.73715067,0.47294545,0.9485395,-0.27037761,0.16482985,0
0.18507314,-1.8578646,-1.7104857,-0.084745646,-0.71829087,-0.69056249,0
-2.0508916,-0.42196614,0.14732397,-0.30510837,-0.64105725,0.70424056,0
-2.3043184,2.0462949,1.7745621,0.084745646,0.71829087,0.69056249,0
1.970125,-2.4673624,-0.21756136,0.9485395,-0.27037761,0.16482985,0
-1.3759024,2.7048249,0.9756552,0.084745646,0.71829087,0.69056249,0
0.98966789,-1.9493216,0.074306369,-0.30510837,-0.64105725,0.70424056,0
-1.9288638,-1.7575054,-1.5554531,-0.084745646,-0.71829087,-0.69056249,0
-1.651312,0.54942751,1.2046813,-0.30510837,-0.64105725,0.70424056,0
-1.6903166,0.12297118,-2.0403519,0.30510837,0.64105725,-0.70424056,0
1.2562462,-0.84790254,1.1924013,-0.30510837,-0.64105725,0.70424056,0
-0.41099286,2.0882425,1.498582,0.084745646,0.71829087,0.69056249,0
-2.2817702,0.33246994,-1.4909849,-0.9485395,0.27037761,-0.16482985,0
2.5890043,1.5508754,1.6893678,0.084745646,0.71829087,0.69056249,0
-1.7090346,-0.30355799,-2.4367225,0.30510837,0.64105725,-0.70424056,0
1.7905151,-0.55414295,1.6912744,-0.30510837,-0.64105725,0.70424056,0
-2.5458474,0.47129905,0.25641727,-0.9485395,0.27037761,-0.16482985,0
-0.81481564,0.75127369,1.7508256,-0.30510837,-0.64105725,0.70424056,0
-2.1003914,1.6002333,1.9666493,-0.30510837,-0.64105725,0.70424056,0
-1.1961383,0.65456283,1.4975858,-0.30510837,-0.64105725,0.70424056,0
1.7646868,-1.5813242,-2.0948787,0.30510837,0.64105725,-0.70424056,0
2.2175469,-1.7079756,-0.39573622,0.9485395,-0.27037761,0.16482985,0
2.3192132,-2.0255766,-1.5017648,0.9485395,-0.27037761,0.16482985,0
0.2276926,-1.2179641,-2.3813105,-0.084745646,-0.71829087,-0.69056249,0
1.0535536,2.1899102,1.2131034,0.084745646,0.71829087,0.69056249,0
-0.84355497,-0.92486078,-2.5547199,-0.084745646,-0.71829087,-0.69056249,0
1.886399,-1.1525574,-1.6518492,0.30510837,0.64105725,-0.70424056,0
-2.4187629,-0.51039237,-2.0852249,-0.9485395,0.27037761,-0.16482985,0
0.37730861,-1.8194838,-0.072805822,-0.30510837,-0.64105725,0.70424056,0
2.368938,-0.49473363,0.72319627,0.9485395,-0.27037761,0.16482985,0
-0.69409728,-2.3740814,-1.0656495,-0.084745646,-0.71829087,-0.69056249,0
-2.3467398,0.10987818,-1.4822335,-0.9485395,0.27037761,-0.16482985,0
1.6099679,1.7269516,0.84955239,0.30510837,0.64105725,-0.70424056,0
-2.321094,0.23483777,-1.4248409,-0.9485395,0.27037761,-0.16482985,0
2.5381212,0.12146106,0.76037502,0.9485395,-0.27037761,0.16482985,0
0.62533045,1.1613076,2.3355594,0.084745646,0.71829087,0.69056249,0
1.10454,-2.0976181,-1.5739419,-0.084745646,-0.71829087,-0.69056249,0
1.3100435,-2.7713256,-0.89840192,-0.084745646,-0.71829087,-0.69056249,0
-1.9311824,1.7775221,2.0083358,0.084745646,0.71829087,0.69056249,0
0.94947159,-1.0726109,-1.9849939,0.30510837,0.64105725,-0.70424056,0
1.1193175,0.01843369,-0.91825151,0.30510837,0.64105725,-0.70424056,0
2.6698377,0.094287425,-0.042183399,0.9485395,-0.27037761,0.16482985,0
1.1795348,-2.3957124,-0.24977636,-0.30510837,-0.64105725,0.70424056,0
-1.5053006,2.231389,1.4839809,0.084745646,0.71829087,0.69056249,0
1.6884311,-0.43885848,-1.0879508,0.30510837,0.64105725,-0.70424056,0
2.1148679,-2.0381272,-1.7598085,-0.084745646,-0.71829087,-0.69056249,0
0.27157784,1.8784292,1.6330552,0.084745646,0.71829087,0.69056249,0
2.3303912,-1.5353587,-0.76196456,0.9485395,-0.27037761,0.16482985,0
0.77196538,-1.9879822,-1.6471667,-0.084745646,-0.71829087,-0.69056249,0
1.6211531,1.503216,1.8577157,0.084745646,0.71829087,0.69056249,0
-2.0078101,-1.872259,-1.154186,-0.30510837,-0.64105725,0.70424056,0
2.7105775,1.2841188,1.6751065,0.9485395,-0.27037761,0.16482985,0
1.5170366,-0.8446151,1.3083798,-0.30510837,-0.64105725,0.70424056,0
-0.6987462,-1.0039973,-2.4901767,-0.084745646,-0.71829087,-0.69056249,0
2.268738,-2.1484313,-1.4128219,0.9485395,-0.27037761,0.16482985,0
2.455518,0.25540376,1.4554417,0.9485395,-0.27037761,0.16482985,0
-2.309814,2.0147884,1.8080081,0.084745646,0.71829087,0.69056249,0
-1.6863495,-0.96997303,-0.19358075,-0.30510837,-0.64105725,0.70424056,0
2.4711635,-0.94526279,-0.6041007,0.9485395,-0.27037761,0.16482985,0
-0.98480082,-0.65631551,0.3958782,-0.30510837,-0.64105725,0.70424056,0
2.1986499,-1.7480441,-0.35271513,0.9485395,-0.27037761,0.16482985,0
-0.31746984,2.2556393,1.3129866,0.084745646,0.71829087,0.69056249,0
2.2683313,-1.2571368,-1.5815759,0.30510837,0.64105725,-0.70424056,0
1.6056938,-2.442426,-1.2767901,-0.084745646,-0.71829087,-0.69056249,0
2.4794641,1.2337579,0.77731156,0.30510837,0.64105725,-0.70424056,0
0.50274229,-2.6550198,-0.92030609,-0.084745646,-0.71829087,-0.69056249,0
-2.2643633,0.1613493,-1.8718529,-0.9485395,0.27037761,-0.16482985,0
-2.3999922,1.714009,1.4555435,-0.9485395,0.27037761,-0.16482985,0
-0.45570815,-1.6428323,-0.27290314,-0.30510837,-0.64105725,0.70424056,0
2.2637739,-0.91872752,-1.2755024,0.30510837,0.64105725,-0.70424056,0
-2.0481899,-1.8912959,-1.1890092,-0.30510837,-0.64105725,0.70424056,0
2.4000692,-1.9369855,-1.8217443,0.9485395,-0.27037761,0.16482985,0
2.1786141,-0.46632802,1.8650386,0.9485395,-0.27037761,0.16482985,0
-0.61600876,-1.9414132,-1.5252743,-0.084745646,-0.71829087,-0.69056249,0
-1.4792097,-1.7929878,-1.5737274,-0.084745646,-0.71829087,-0.69056249,0
-0.88453841,-1.1064734,-2.3607857,-0.084745646,-0.71829087,-0.69056249,0
0.65537143,1.9279727,0.61896431,0.30510837,0.64105725,-0.70424056,0
0.23110843,2.2135134,0.6950773,0.30510837,0.64105725,-0.70424056,0
0.95865011,-0.70195365,-1.643615,0.30510837,0.64105725,-0.70424056,0
2.5051224,-1.0819986,-1.0238171,0.9485395,-0.27037761,0.16482985,0
2.700557,0.4602339,0.38131666,0.9485395,-0.27037761,0.16482985,0
2.2693717,1.1841973,2.1099944,0.084745646,0.71829087,0.69056249,0
-2.2028444,1.4679217,-0.082644701,-0.9485395,0.27037761,-0.16482985,0
2.6846678,1.5096539,1.7205048,0.084745646,0.71829087,0.69056249,0
2.3419564,0.093474269,1.8433278,0.9485395,-0.27037761,0.16482985,0
-1.5786157,2.1323509,-0.16285694,0.30510837,0.64105725,-0.70424056,0
1.8092917,-1.5590779,0.78463566,-0.30510837,-0.64105725,0.70424056,0
2.2519264,1.713697,1.1156118,0.30510837,0.64105725,-0.70424056,0
-2.3370633,0.43017542,0.7990303,-0.30510837,-0.64105725,0.70424056,0
2.3881741,0.2238903,1.7912915,0.9485395,-0.27037761,0.16482985,0
2.7117393,1.7305477,1.4874191,0.084745646,0.71829087,0.69056249,0
2.2338917,-1.6569782,-0.40614235,0.9485395,-0.27037761,0.16482985,0
-1.5515187,0.90890026,-1.2648016,0.30510837,0.64105725,-0.70424056,0
2.2737658,0.60560733,0.11640024,0.30510837,0.64105725,-0.70424056,0
0.60320914,-1.6740452,0.15745437,-0.30510837,-0.64105725,0.70424056,0
-0.54680562,-2.128618,-1.3390449,-0.084745646,-0.71829087,-0.69056249,0
2.0903668,-0.11159599,-0.61591327,0.30510837,0.64105725,-0.70424056,0
2.4413564,-1.3301837,-1.0639743,0.9485395,-0.27037761,0.16482985,0
-0.058955669,1.7555728,1.8014078,0.084745646,0.71829087,0.69056249,0
-1.4645152,-1.0488999,-0.16931772,-0.30510837,-0.64105725,0.70424056,0
-1.2111691,-0.49078512,-2.3914545,0.30510837,0.64105725,-0.70424056,0
-0.22191405,-1.3830214,-2.1544499,-0.084745646,-0.71829087,-0.69056249,0
1.5951096,-2.4268308,-1.2917126,-0.084745646,-0.71829087,-0.69056249,0
2.4857728,0.16603482,1.1347384,0.9485395,-0.27037761,0.16482985,0
1.0271077,-2.8631065,-0.76821411,-0.084745646,-0.71829087,-0.69056249,0
2.0992298,-1.154687,1.1927235,0.9485395,-0.27037761,0.16482985,0
-0.016191363,-0.60665381,-1.97921,0.30510837,0.64105725,-0.70424056,0
1.1847095,1.1232134,0.1157397,0.30510837,0.64105725,-0.70424056,0
1.9613953,-2.5449805,-0.29464591,0.9485395,-0.27037761,0.16482985,0
-0.24680686,2.0956349,1.4707439,0.084745646,0.71829087,0.69056249,0
-0.42274714,-1.8655567,-1.6278932,-0.084745646,-0.71829087,-0.69056249,0
-1.6028757,-1.8721107,-1.4762511,-0.084745646,-0.71829087,-0.69056249,0
2.4287565,-0.84600157,-0.19724011,0.9485395,-0.27037761,0.16482985,0
-0.72458601,0.31142843,1.3895341,-0.30510837,-0.64105725,0.70424056,0
2.5053358,0.84484601,2.1356444,0.9485395,-0.27037761,0.16482985,0
2.0993524,-1.8672142,-1.9356802,-0.084745646,-0.71829087,-0.69056249,0
-1.7905482,0.55225289,-1.6930091,0.30510837,0.64105725,-0.70424056,0
2.5836618,0.06524922,0.40609741,0.9485395,-0.27037761,0.16482985,0
-2.0329237,1.9922403,-0.20041752,-0.9485395,0.27037761,-0.16482985,0
-0.26665545,-2.0827556,-1.4211285,-0.084745646,-0.71829087,-0.69056249,0
1.5846589,-2.8414121,-0.85920203,-0.084745646,-0.71829087,-0.69056249,0
-2.7448623,-0.93847775,-0.91084075,-0.9485395,0.27037761,-0.16482985,0
0.3652035,1.4177794,0.028831303,0.30510837,0.64105725,-0.70424056,0
-2.7019053,-1.0285735,-1.3058307,-0.9485395,0.27037761,-0.16482985,0
-1.5829819,1.6829901,2.0639327,0.084745646,0.71829087,0.69056249,0
-1.9954975,-0.79128122,-2.5522969,-0.084745646,-0.71829087,-0.69056249,0
-0.62305832,-1.4742596,-2.0103202,-0.084745646,-0.71829087,-0.69056249,0
-1.8735411,2.7632475,0.28366196,0.30510837,0.64105725,-0.70424056,0
1.5011125,1.9179242,1.4410866,0.084745646,0.71829087,0.69056249,0
-1.8443323,2.8994286,0.83072305,0.084745646,0.71829087,0.69056249,0
2.0599313,-1.9705002,0.080658436,0.9485395,-0.27037761,0.16482985,0
-2.6182508,-0.82200754,-1.4483938,-0.9485395,0.27037761,-0.16482985,0
-1.8786342,0.37445569,-1.8930175,0.30510837,0.64105725,-0.70424056,0
-1.969301,-1.9466314,-1.3537707,-0.084745646,-0.71829087,-0.69056249,0
-1.5636835,-1.2637013,-0.40781176,-0.30510837,-0.64105725,0.70424056,0
2.2621684,-0.04112184,2.0816996,0.9485395,-0.27037761,0.16482985,0
0.82473862,-2.3246465,-1.3034601,-0.084745646,-0.71829087,-0.69056249,0
0.73396647,-1.4333266,-2.2194302,-0.084745646,-0.71829087,-0.69056249,0
0.12522727,-0.04826355,-1.409649,0.30510837,0.64105725,-0.70424056,0
-1.0579487,-0.18162656,0.79628772,-0.30510837,-0.64105725,0.70424056,0
-2.3763366,0.2511037,-1.0802569,-0.9485395,0.27037761,-0.16482985,0
1.2343009,-1.2824564,-2.0526118,0.30510837,0.64105725,-0.70424056,0
2.2018471,-0.015670538,2.359643,-0.30510837,-0.64105725,0.70424056,0
1.952839,-2.4674506,-0.11823142,0.9485395,-0.27037761,0.16482985,0
2.3166552,-0.30040443,1.3428314,0.9485395,-0.27037761,0.16482985,0
-1.6237767,0.73638773,-1.4531418,0.30510837,0.64105725,-0.70424056,0
-0.71788919,-1.8091066,-0.53784841,-0.30510837,-0.64105725,0.70424056,0
-0.47371602,1.736329,1.8723235,0.084745646,0.71829087,0.69056249,0
0.54163146,-0.87933266,0.85418808,-0.30510837,-0.64105725,0.70424056,0
-1.0581245,2.0197511,1.6492393,0.084745646,0.71829087,0.69056249,0
0.054662466,-1.3733735,0.19349523,-0.30510837,-0.64105725,0.70424056,0
0.41698194,-2.1064289,-1.4804003,-0.084745646,-0.71829087,-0.69056249,0
-2.2257376,1.8900009,0.74145436,-0.9485395,0.27037761,-0.16482985,0
-2.3438909,0.25720739,-1.2569592,-0.9485395,0.27037761,-0.16482985,0
-0.62385654,-0.95303869,-2.5523715,-0.084745646,-0.71829087,-0.69056249,0
0.95219994,0.59983683,2.3785253,-0.30510837,-0.64105725,0.70424056,0
2.2975619,1.8745579,1.3884542,0.084745646,0.71829087,0.69056249,0
-0.99389678,1.8773235,-0.14167702,0.30510837,0.64105725,-0.70424056,0
2.3478274,-1.677007,-1.0946565,0.9485395,-0.27037761,0.16482985,0
-2.3346918,-1.8574955,-1.4016452,-0.084745646,-0.71829087,-0.69056249,0
-0.06821543,-0.10010815,-1.5406501,0.30510837,0.64105725,-0.70424056,0
1.6342003,0.80744368,2.579824,0.084745646,0.71829087,0.69056249,0
1.264138,0.97489905,0.015143991,0.30510837,0.64105725,-0.70424056,0
-2.786654,-0.94276786,-0.67737985,-0.9485395,0.27037761,-0.16482985,0
-2.529824,1.2414994,1.4276024,-0.9485395,0.27037761,-0.16482985,0
2.7355986,0.69929057,0.57179928,0.9485395,-0.27037761,0.16482985,0
1.6987598,-0.38374174,1.806635,-0.30510837,-0.64105725,0.70424056,0
0.22772121,-2.4095671,-1.1418644,-0.084745646,-0.71829087,-0.69056249,0
1.8548651,1.9950454,1.1996939,0.30510837,0.64105725,-0.70424056,0
1.2310131,-1.1477702,0.9085052,-0.30510837,-0.64105725,0.70424056,0
-2.2907598,-1.6056175,-1.669028,-0.084745646,-0.71829087,-0.69056249,0
-1.7184229,-0.027581453,0.65036535,-0.30510837,-0.64105725,0.70424056,0
1.518695,-2.2393768,-1.4773159,-0.084745646,-0.71829087,-0.69056249,0
-2.4815609,-1.8150858,-1.3073924,-0.30510837,-0.64105725,0.70424056,0
-2.2581968,0.013176918,-2.1503947,-0.9485395,0.27037761,-0.16482985,0
0.98983979,1.8151897,1.6106889,0.084745646,0.71829087,0.69056249,0
-0.77526522,0.94566,1.9449067,-0.30510837,-0.64105725,0.70424056,0
0.23566794,-1.1992618,-2.4017427,-0.084745646,-0.71829087,-0.69056249,0
0.16193628,1.5310488,2.0078394,0.084745646,0.71829087,0.69056249,0
-2.1427844,0.68545043,-1.7117932,-0.9485395,0.27037761,-0.16482985,0
-1.6563919,-0.4253583,0.3151511,-0.30510837,-0.64105725,0.70424056,0
0.80655479,-2.7781696,-0.82949501,-0.084745646,-0.71829087,-0.69056249,0
-2.5100334,0.23962204,-0.32971096,-0.9485395,0.27037761,-0.16482985,0
-0.57652688,2.1014738,1.5051339,0.084745646,0.71829087,0.69056249,0
2.4418623,-0.051949084,1.0298603,0.9485395,-0.27037761,0.16482985,0
2.2928607,-0.014316916,1.9490442,0.9485395,-0.27037761,0.16482985,0
-1.6687317,2.5993137,0.22316873,0.30510837,0.64105725,-0.70424056,0
-1.6933795,2.504385,0.12607849,0.30510837,0.64105725,-0.70424056,0
-0.49772501,1.9352065,1.6684067,0.084745646,0.71829087,0.69056249,0
2.6300077,0.8097384,1.3606136,0.9485395,-0.27037761,0.16482985,0
-2.7772298,-1.3483161,-1.3968542,-0.9485395,0.27037761,-0.16482985,0
-1.8938904,-1.4895039,-1.8385079,-0.084745646,-0.71829087,-0.69056249,0
-2.1396701,2.2234068,0.79306543,-0.9485395,0.27037761,-0.16482985,0
-2.0047622,-1.0295807,-0.38579082,-0.30510837,-0.64105725,0.70424056,0
1.9537046,1.6213961,1.693979,0.084745646,0.71829087,0.69056249,0
0.20982432,-2.2926917,-0.57612026,-0.30510837,-0.64105725,0.70424056,0
-0.35104251,-2.3228939,-1.160992,-0.084745646,-0.71829087,-0.69056249,0
-0.31819338,0.79157412,-0.8372699,0.30510837,0.64105725,-0.70424056,0
1.8115132,-0.14080614,-0.7633146,0.30510837,0.64105725,-0.70424056,0
0.82007957,-1.607142,-2.0492034,-0.084745646,-0.71829087,-0.69056249,0
0.73460001,-1.852133,0.052268445,-0.30510837,-0.64105725,0.70424056,0
-1.7624292,-0.77887386,-2.5938051,-0.084745646,-0.71829087,-0.69056249,0
1.9956666,-1.9732972,0.44589257,0.9485395,-0.27037761,0.16482985,0
-0.93469131,-0.71677488,-2.477386,0.30510837,0.64105725,-0.70424056,0
-2.2338884,-0.14706051,-2.5216558,0.30510837,0.64105725,-0.70424056,0
-1.6205617,2.5214336,1.1964347,0.084745646,0.71829087,0.69056249,0
2.126708,-1.6072367,0.29225945,0.9485395,-0.27037761,0.16482985,0
-2.4187069,-0.49975097,-2.06809,-0.9485395,0.27037761,-0.16482985,0
-1.4008588,2.6312773,0.36831915,0.30510837,0.64105725,-0.70424056,0
1.5765039,-2.7936764,-0.44005072,-0.30510837,-0.64105725,0.70424056,0
-1.6070504,1.2363017,1.8491063,-0.30510837,-0.64105725,0.70424056,0
-1.5272183,2.8489728,0.84428865,0.084745646,0.71829087,0.69056249,0
-1.0015552,-2.2217937,-1.0364063,-0.30510837,-0.64105725,0.70424056,0
0.065626144,2.2239985,1.2988844,0.084745646,0.71829087,0.69056249,0
0.50996804,1.2246526,-0.084250122,0.30510837,0.64105725,-0.70424056,0
-1.916669,-0.48173434,0.15106928,-0.30510837,-0.64105725,0.70424056,0
0.4979229,1.7376316,0.37748659,0.30510837,0.64105725,-0.70424056,0
2.5352879,0.26808035,1.0171881,0.9485395,-0.27037761,0.16482985,0
2.1727359,-2.4358118,-1.3317649,0.9485395,-0.27037761,0.16482985,0
0.53952372,-0.87324917,-1.9811264,0.30510837,0.64105725,-0.70424056,0
0.42390227,2.0628147,0.64142597,0.30510837,0.64105725,-0.70424056,0
-0.86620951,-1.7324075,-1.7119673,-0.084745646,-0.71829087,-0.69056249,0
-0.98430967,-2.2148583,-1.1956512,-0.084745646,-0.71829087,-0.69056249,0
-1.2177395,1.8970555,-0.22069395,0.30510837,0.64105725,-0.70424056,0
2.6424799,0.33039415,0.50254893,0.9485395,-0.27037761,0.16482985,0
2.2631726,-0.62514627,1.1179171,0.9485395,-0.27037761,0.16482985,0
-1.715579,1.7363884,-0.58263254,0.30510837,0.64105725,-0.70424056,0
1.2013839,0.35209966,2.2609723,-0.30510837,-0.64105725,0.70424056,0
1.1910385,0.14107835,2.0644014,-0.30510837,-0.64105725,0.70424056,0
-1.9717853,2.5203876,0.31409645,-0.9485395,0.27037761,-0.16482985,0
1.2135301,0.24068999,2.1648202,-0.30510837,-0.64105725,0.70424056,0
-1.9054861,-2.0039124,-1.302021,-0.084745646,-0.71829087,-0.69056249,0
-0.90284741,0.17183518,-1.6547048,0.30510837,0.64105725,-0.70424056,0
2.7945673,1.5358893,1.1888528,0.30510837,0.64105725,-0.70424056,0
0.19257092,-2.5701194,-0.83613223,-0.30510837,-0.64105725,0.70424056,0
-1.3123193,-1.2888719,-2.118566,-0.084745646,-0.71829087,-0.69056249,0
1.5119741,-1.4775279,0.73005784,-0.30510837,-0.64105725,0.70424056,0
1.6387486,1.6928288,1.6583298,0.084745646,0.71829087,0.69056249,0
2.4819725,-0.12569883,0.67806435,0.9485395,-0.27037761,0.16482985,0
-0.19958639,1.2524049,2.3420377,0.084745646,0.71829087,0.69056249,0
2.078248,-2.4824066,-0.86445117,0.9485395,-0.27037761,0.16482985,0
2.3068919,-0.64352292,0.8361845,0.9485395,-0.27037761,0.16482985,0
-2.3170371,0.62253773,-0.81222582,-0.9485395,0.27037761,-0.16482985,0
0.21954894,-1.6166452,-1.9656216,-0.084745646,-0.71829087,-0.69056249,0
-2.4750206,-0.52500236,-1.7854426,-0.9485395,0.27037761,-0.16482985,0
-1.0879279,0.65463638,-1.295405,0.30510837,0.64105725,-0.70424056,0
1.0763426,2.1442339,1.2578173,0.084745646,0.71829087,0.69056249,0
2.2650583,-0.94811511,0.57728672,0.9485395,-0.27037761,0.16482985,0
2.6114197,1.240818,0.84090757,0.30510837,0.64105725,-0.70424056,0
-2.4612422,1.7619779,1.9575458,-0.30510837,-0.64105725,0.70424056,0
1.9009753,-2.9571943,-0.62312162,0.9485395,-0.27037761,0.16482985,0
0.5880115,-1.5148878,-2.1166828,-0.084745646,-0.71829087,-0.69056249,0
-1.6120712,2.6039534,0.25194013,0.30510837,0.64105725,-0.70424056,0
2.3993502,-1.4854815,-1.0769852,0.9485395,-0.27037761,0.16482985,0
2.2104535,-0.043945432,-0.50230539,0.30510837,0.64105725,-0.70424056,0
-1.2902164,-0.7575261,0.1714282,-0.30510837,-0.64105725,0.70424056,0
-1.6466041,0.020076096,0.72486234,-0.30510837,-0.64105725,0.70424056,0
0.6698724,-0.36959291,1.3737547,-0.30510837,-0.64105725,0.70424056,0
-0.16020608,-0.7012713,0.71220672,-0.30510837,-0.64105725,0.70424056,0
0.54180956,2.3443878,1.1152241,0.084745646,0.71829087,0.69056249,0
-2.1981936,2.0108945,0.78125489,-0.9485395,0.27037761,-0.16482985,0
-1.0253258,-1.90804,-0.76110077,-0.30510837,-0.64105725,0.70424056,0
-1.2046688,-1.2237151,-2.1995502,-0.084745646,-0.71829087,-0.69056249,0
0.20434523,2.4176493,1.0804347,0.084745646,0.71829087,0.69056249,0
2.3199058,0.87264395,0.37946844,0.30510837,0.64105725,-0.70424056,0
-0.9935776,1.5443395,2.1358192,0.084745646,0.71829087,0.69056249,0
2.6760192,0.45349941,0.51147413,0.9485395,-0.27037761,0.16482985,0
-2.188477,2.1423459,0.94096649,-0.9485395,0.27037761,-0.16482985,0
-2.1070623,2.3962872,1.3863094,0.084745646,0.71829087,0.69056249,0
2.2475948,-1.808979,-2.014446,-0.084745646,-0.71829087,-0.69056249,0
1.2861563,-2.2393296,-1.4488282,-0.084745646,-0.71829087,-0.69056249,0
1.5188956,-2.9204552,-0.76891482,-0.084745646,-0.71829087,-0.69056249,0
2.3457239,-1.3568888,-0.55744696,0.9485395,-0.27037761,0.16482985,0
0.019857883,-1.8166754,-1.7330534,-0.084745646,-0.71829087,-0.69056249,0
-1.4072413,-0.092161834,0.72639674,-0.30510837,-0.64105725,0.70424056,0
-0.39022565,0.84166479,-0.8228808,0.30510837,0.64105725,-0.70424056,0
-1.8495736,2.7326593,1.004832,0.084745646,0.71829087,0.69056249,0
1.6623224,-2.781894,-0.93064064,-0.084745646,-0.71829087,-0.69056249,0
-0.88106596,-1.1017625,0.035338521,-0.30510837,-0.64105725,0.70424056,0
-1.1506023,-2.2386005,-1.1162792,-0.30510837,-0.64105725,0.70424056,0
1.8556468,-0.94958854,-1.4804137,0.30510837,0.64105725,-0.70424056,0
2.80217,1.3381304,1.2366214,0.9485395,-0.27037761,0.16482985,0
1.9755313,-2.8202353,-0.82750678,0.9485395,-0.27037761,0.16482985,0
-2.2869475,0.53642094,-1.1266408,-0.9485395,0.27037761,-0.16482985,0
-1.4635077,-1.4431071,-0.52772081,-0.30510837,-0.64105725,0.70424056,0
1.8089743,1.9414208,1.3788656,0.084745646,0.71829087,0.69056249,0
0.58530712,2.313714,1.1417918,0.084745646,0.71829087,0.69056249,0
1.4510959,1.4966893,0.57111847,0.30510837,0.64105725,-0.70424056,0
1.979033,-2.2306161,0.11952138,0.9485395,-0.27037761,0.16482985,0
-2.579627,0.66273463,0.76482868,-0.9485395,0.27037761,-0.16482985,0
-1.7234585,-2.0310993,-1.2960812,-0.084745646,-0.71829087,-0.69056249,0
-1.4596653,0.19773293,-1.8723688,0.30510837,0.64105725,-0.70424056,0
-1.9510007,-0.66032058,-0.02636826,-0.30510837,-0.64105725,0.70424056,0
-0.24506426,-2.102201,-0.59979779,-0.30510837,-0.64105725,0.70424056,0
0.87585223,-2.2536244,-1.3836071,-0.084745646,-0.71829087,-0.69056249,0
0.62040818,0.75775284,2.3785267,-0.30510837,-0.64105725,0.70424056,0
0.40040898,-1.4597251,-2.1510377,-0.084745646,-0.71829087,-0.69056249,0
-0.64569336,0.52458674,1.617748,-0.30510837,-0.64105725,0.70424056,0
0.99936932,1.0377903,-0.042316914,0.30510837,0.64105725,-0.70424056,0
-0.52791667,2.6270409,0.95249826,0.084745646,0.71829087,0.69056249,0
2.2931857,-0.68345404,0.84955835,0.9485395,-0.27037761,0.16482985,0
-2.5175581,-0.86163032,-2.0928404,-0.9485395,0.27037761,-0.16482985,0
1.869879,-2.459101,-1.2918663,-0.084745646,-0.71829087,-0.69056249,0
-2.6017098,-1.6637359,-1.2216749,-0.30510837,-0.64105725,0.70424056,0
-0.51012635,-1.9084978,-1.572505,-0.084745646,-0.71829087,-0.69056249,0
-2.2346129,2.2143025,1.3244956,-0.9485395,0.27037761,-0.16482985,0
-1.0532478,1.9318228,1.7400999,0.084745646,0.71829087,0.69056249,0
-2.756556,-0.80326933,-0.62175798,-0.9485395,0.27037761,-0.16482985,0
1.4163288,1.7030153,0.74387038,0.30510837,0.64105725,-0.70424056,0
2.4640844,-0.3848618,0.35588908,0.9485395,-0.27037761,0.16482985,0
2.0731144,-1.9793582,-0.0097358227,0.9485395,-0.27037761,0.16482985,0
-1.250827,1.7808079,1.9214253,0.084745646,0.71829087,0.69056249,0
0.95643139,1.3039979,2.146507,0.084745646,0.71829087,0.69056249,0
1.4280415,0.60831362,-0.24754167,0.30510837,0.64105725,-0.70424056,0
-2.2754066,-0.47227529,0.0042586327,-0.30510837,-0.64105725,0.70424056,0
-2.4494686,1.7364018,1.7769954,-0.9485395,0.27037761,-0.16482985,0
-0.29586363,-0.42132807,-1.9316779,0.30510837,0.64105725,-0.70424056,0
0.62738872,0.82291645,2.4408681,-0.30510837,-0.64105725,0.70424056,0
0.1336205,1.3327771,2.2175474,0.084745646,0.71829087,0.69056249,0
-2.4269333,1.9085945,1.9297676,-0.9485395,0.27037761,-0.16482985,0
-1.3369915,-2.0259717,-1.3488415,-0.084745646,-0.71829087,-0.69056249,0
-0.095460415,-1.7193191,-1.8201673,-0.084745646,-0.71829087,-0.69056249,0
1.8813106,0.58381325,-0.073467731,0.30510837,0.64105725,-0.70424056,0
-0.21145201,2.0344412,1.5300562,0.084745646,0.71829087,0.69056249,0
1.6772842,1.5420673,1.8104155,0.084745646,0.71829087,0.69056249,0
1.3105857,-1.1347041,-1.8850656,0.30510837,0.64105725,-0.70424056,0
2.4823363,1.8301693,1.3214583,0.30510837,0.64105725,-0.70424056,0
1.3470408,-2.4883387,-0.2615211,-0.30510837,-0.64105725,0.70424056,0
-2.7267299,-0.5787763,-0.4251492,-0.9485395,0.27037761,-0.16482985,0
-2.1185036,2.0169387,1.7822939,0.084745646,0.71829087,0.69056249,0
-1.1752217,1.8305149,-0.26284409,0.30510837,0.64105725,-0.70424056,0
2.4795566,-0.71053237,-0.2673614,0.9485395,-0.27037761,0.16482985,0
-2.5351477,-0.12995517,-0.79142022,-0.9485395,0.27037761,-0.16482985,0
2.524148,1.7725921,1.4667077,0.084745646,0.71829087,0.69056249,0
-0.14079475,-2.1445379,-1.3723111,-0.084745646,-0.71829087,-0.69056249,0
2.5457957,0.24687929,0.92193913,0.9485395,-0.27037761,0.16482985,0
0.64388871,1.228065,2.263844,0.084745646,0.71829087,0.69056249,0
1.1907823,0.91454607,2.5228372,0.084745646,0.71829087,0.69056249,0
2.1663253,-0.7469635,1.4754193,0.9485395,-0.27037761,0.16482985,0
-1.1898334,-1.2165852,-2.2087867,-0.084745646,-0.71829087,-0.69056249,0
2.668237,1.5926658,1.6361759,0.084745646,0.71829087,0.69056249,0
-0.3679564,0.045869589,-1.5376304,0.30510837,0.64105725,-0.70424056,0
2.3909261,-1.3116707,-0.74339795,0.9485395,-0.27037761,0.16482985,0
0.18117619,-2.5866339,-0.95197564,-0.084745646,-0.71829087,-0.69056249,0
-2.236074,0.19954753,-1.9719889,-0.9485395,0.27037761,-0.16482985,0
0.15085506,-1.8937912,-0.23855624,-0.30510837,-0.64105725,0.70424056,0
1.9785049,1.9103,1.3904316,0.084745646,0.71829087,0.69056249,0
-2.0962157,1.4350947,-0.75010467,-0.9485395,0.27037761,-0.16482985,0
-0.28352046,-2.3708048,-1.1194435,-0.084745646,-0.71829087,-0.69056249,0
-1.4509957,0.29145539,1.05664,-0.30510837,-0.64105725,0.70424056,0
-1.8875988,2.0784974,1.6899269,0.084745646,0.71829087,0.69056249,0
-1.0875471,-2.0046854,-0.87603223,-0.30510837,-0.64105725,0.70424056,0
0.32166606,-0.42385054,1.1735065,-0.30510837,-0.64105725,0.70424056,0
0.52431941,-2.0187314,-1.5847917,-0.084745646,-0.71829087,-0.69056249,0
2.0007293,-0.56008399,-1.0629987,0.30510837,0.64105725,-0.70424056,0
-1.6526335,1.8165507,-0.48239148,0.30510837,0.64105725,-0.70424056,0
2.7332449,0.57587993,0.28840685,0.30510837,0.64105725,-0.70424056,0
0.52428782,-0.1571036,-1.3358332,0.30510837,0.64105725,-0.70424056,0
-2.1944447,1.5726571,0.040820837,-0.9485395,0.27037761,-0.16482985,0
-1.3123012,-1.6218742,-0.62493968,-0.30510837,-0.64105725,0.70424056,0
2.5983548,0.8538841,1.6151781,0.9485395,-0.27037761,0.16482985,0
2.5177896,-0.11133614,0.49550939,0.9485395,-0.27037761,0.16482985,0
-2.4300463,1.0320038,0.50977123,-0.9485395,0.27037761,-0.16482985,0
2.5226021,-0.45021483,-0.088062763,0.9485395,-0.27037761,0.16482985,0
-1.9700768,-0.71618211,-2.6335313,-0.084745646,-0.71829087,-0.69056249,0
0.79256737,-2.4522562,-1.1667787,-0.084745646,-0.71829087,-0.69056249,0
-0.83562171,-1.5388464,-0.34284228,-0.30510837,-0.64105725,0.70424056,0
1.116873,-1.4205652,-2.2292047,0.30510837,0.64105725,-0.70424056,0
-0.038623929,1.4846671,-0.085238233,0.30510837,0.64105725,-0.70424056,0
-2.1466782,2.3155875,0.98460209,-0.9485395,0.27037761,-0.16482985,0
-2.4363048,0.28949738,-0.67218113,-0.9485395,0.27037761,-0.16482985,0
-1.622951,3.0000005,0.69894493,0.084745646,0.71829087,0.69056249,0
1.5496089,1.9990436,1.3507586,0.084745646,0.71829087,0.69056249,0
-1.6778929,-1.4393102,-1.917224,-0.084745646,-0.71829087,-0.69056249,0
-1.5503989,1.8026563,-0.45074677,0.30510837,0.64105725,-0.70424056,0
2.3825448,0.044167161,1.5288749,0.9485395,-0.27037761,0.16482985,0
-2.1597695,2.2487175,0.95024872,-0.9485395,0.27037761,-0.16482985,0
0.42671108,-0.973665,-2.1214087,0.30510837,0.64105725,-0.70424056,0
-1.1486568,-1.0992099,-2.3359282,-0.084745646,-0.71829087,-0.69056249,0
-2.6959949,-0.89618218,-1.1226757,-0.9485395,0.27037761,-0.16482985,0
-2.1534221,2.1175711,0.69859612,-0.9485395,0.27037761,-0.16482985,0
-0.077748537,-2.3301406,-1.1869926,-0.084745646,-0.71829087,-0.69056249,0
-0.56374431,-2.2367938,-1.2244468,-0.084745646,-0.71829087,-0.69056249,0
2.5828063,-0.56191337,-0.6177417,0.9485395,-0.27037761,0.16482985,0
0.74533492,0.13993335,-0.96967852,0.30510837,0.64105725,-0.70424056,0
-0.36089534,0.82369113,-0.82653475,0.30510837,0.64105725,-0.70424056,0
-2.5741975,-0.17756763,-0.64480281,-0.9485395,0.27037761,-0.16482985,0
2.3228338,-0.51062411,0.96244407,0.9485395,-0.27037761,0.16482985,0
-1.8436778,-1.2267908,-2.1179321,-0.084745646,-0.71829087,-0.69056249,0
2.4518783,0.71744353,2.2342937,0.9485395,-0.27037761,0.16482985,0
-1.0528696,2.7432568,0.89603758,0.084745646,0.71829087,0.69056249,0
-0.53059238,0.17737365,-1.4883857,0.30510837,0.64105725,-0.70424056,0
0.23001361,2.1860411,1.3181927,0.084745646,0.71829087,0.69056249,0
-1.9637753,2.7821481,0.69737875,-0.9485395,0.27037761,-0.16482985,0
-1.5759861,-0.83517116,-0.023058534,-0.30510837,-0.64105725,0.70424056,0
2.660213,0.82527661,1.2122786,0.9485395,-0.27037761,0.16482985,0
-2.5603004,0.6876415,0.69446564,-0.9485395,0.27037761,-0.16482985,0
2.283865,-2.1340909,-1.4763501,0.9485395,-0.27037761,0.16482985,0
-1.0853095,-0.86413091,-2.5882206,-0.084745646,-0.71829087,-0.69056249,0
-2.6872563,-0.86856371,-1.1276619,-0.9485395,0.27037761,-0.16482985,0
-1.5825982,2.4176414,1.2997355,0.084745646,0.71829087,0.69056249,0
-0.63649684,-0.24233603,0.92361689,-0.30510837,-0.64105725,0.70424056,0
-2.7017939,-0.93615389,-1.1548719,-0.9485395,0.27037761,-0.16482985,0
-1.589932,1.8901532,1.8493041,0.084745646,0.71829087,0.69056249,0
2.2467294,-1.7604227,-0.649701,0.9485395,-0.27037761,0.16482985,0
2.3916116,0.12468791,1.6087821,0.9485395,-0.27037761,0.16482985,0
2.2479868,-2.168443,-1.6405962,-0.084745646,-0.71829087,-0.69056249,0
-2.2251446,-0.56961668,-2.7546799,-0.084745646,-0.71829087,-0.69056249,0
2.0124426,-1.2196125,1.1816585,-0.30510837,-0.64105725,0.70424056,0
-2.687336,-0.68211234,-0.82135487,-0.9485395,0.27037761,-0.16482985,0
2.4229207,-1.1585889,-0.67640781,0.9485395,-0.27037761,0.16482985,0
-0.55578685,0.88959587,-0.85097855,0.30510837,0.64105725,-0.70424056,0
0.017779589,-0.90606916,-2.2370443,0.30510837,0.64105725,-0.70424056,0
2.3141754,-1.9025241,-1.2709264,0.9485395,-0.27037761,0.16482985,0
-1.9381461,2.8454218,0.65368199,-0.9485395,0.27037761,-0.16482985,0
0.92153502,-1.0661526,-1.9912184,0.30510837,0.64105725,-0.70424056,0
2.4972959,0.81008077,2.1248853,0.9485395,-0.27037761,0.16482985,0
-2.2983453,1.9157201,1.2014756,-0.9485395,0.27037761,-0.16482985,0
2.0395892,0.28192258,-0.2796998,0.30510837,0.64105725,-0.70424056,0
2.0993364,-1.4468098,0.7129283,0.9485395,-0.27037761,0.16482985,0
-0.31048203,1.9805576,1.5982563,0.084745646,0.71829087,0.69056249,0
1.6324439,-0.3208127,1.8351871,-0.30510837,-0.64105725,0.70424056,0
1.7671328,-1.7209805,0.61899352,-0.30510837,-0.64105725,0.70424056,0
-2.1597388,2.0288038,1.7750126,0.084745646,0.71829087,0.69056249,0
-2.3293693,2.0549018,1.7686839,0.084745646,0.71829087,0.69056249,0
2.1959124,-0.57864952,1.5812483,0.9485395,-0.27037761,0.16482985,0
-2.3685336,-1.1769233,-2.1053915,-0.084745646,-0.71829087,-0.69056249,0
-2.1736386,0.61249471,-1.6539102,-0.9485395,0.27037761,-0.16482985,0
-0.52702045,-1.8380082,-0.48146409,-0.30510837,-0.64105725,0.70424056,0
-1.9158061,2.9431739,0.68546915,-0.9485395,0.27037761,-0.16482985,0
0.18771267,2.4871194,1.010216,0.084745646,0.71829087,0.69056249,0
-1.7915294,0.49410778,1.0935764,-0.30510837,-0.64105725,0.70424056,0
0.53186488,2.0417361,1.4312485,0.084745646,0.71829087,0.69056249,0
0.74295449,-2.431659,-1.1821144,-0.084745646,-0.71829087,-0.69056249,0
2.1505141,1.1841282,2.1246524,0.084745646,0.71829087,0.69056249,0
0.65546989,1.7493443,1.7202122,0.084745646,0.71829087,0.69056249,0
-2.699404,-0.50676179,-0.46427393,-0.9485395,0.27037761,-0.16482985,0
-0.73445874,-0.62234026,0.53526449,-0.30510837,-0.64105725,0.70424056,0
2.6135421,1.094855,1.9230547,0.9485395,-0.27037761,0.16482985,0
2.3321791,-1.2316332,-0.2740376,0.9485395,-0.27037761,0.16482985,0
0.094726562,-1.4640749,-2.1090002,-0.084745646,-0.71829087,-0.69056249,0
-1.4593577,-1.2398819,-2.1514788,-0.084745646,-0.71829087,-0.69056249,0
2.5934277,-0.54752213,-0.65525806,0.9485395,-0.27037761,0.16482985,0
2.0028095,-2.6366844,-0.68339765,0.9485395,-0.27037761,0.16482985,0
0.5773381,0.16852367,1.8235021,-0.30510837,-0.64105725,0.70424056,0
2.204613,-0.98252392,0.8686862,0.9485395,-0.27037761,0.16482985,0
2.3232856,-1.2110633,-0.18911862,0.9485395,-0.27037761,0.16482985,0
-2.7974973,-1.0101418,-0.72549677,-0.9485395,0.27037761,-0.16482985,0
2.3417127,-1.7125809,-1.9643661,0.30510837,0.64105725,-0.70424056,0
2.1715252,-1.5793252,0.080135584,0.9485395,-0.27037761,0.16482985,0
-2.1639047,-1.1965562,-2.1100819,-0.084745646,-0.71829087,-0.69056249,0
0.64173508,-2.5164099,-1.0815389,-0.084745646,-0.71829087,-0.69056249,0
-2.4120312,1.8989251,1.8281507,-0.9485395,0.27037761,-0.16482985,0
-1.3883055,0.50876367,-1.5583273,0.30510837,0.64105725,-0.70424056,0
2.3740501,-0.25409487,-0.62272298,0.30510837,0.64105725,-0.70424056,0
-0.030679226,1.74125,1.8128356,0.084745646,0.71829087,0.69056249,0
-1.9774424,2.8512886,0.88944244,-0.9485395,0.27037761,-0.16482985,0
2.1429915,-0.69109809,1.7013347,0.9485395,-0.27037761,0.16482985,0
-2.5500259,0.9948886,1.1393315,-0.9485395,0.27037761,-0.16482985,0
-0.55316615,1.8894424,1.7228119,0.084745646,0.71829087,0.69056249,0
1.6649195,-2.1419401,-1.5966097,-0.084745646,-0.71829087,-0.69056249,0
-2.4183581,-1.3527237,-1.9164176,-0.084745646,-0.71829087,-0.69056249,0
-1.9676659,0.67348337,-1.6593904,0.30510837,0.64105725,-0.70424056,0
-0.41897559,-0.091679811,-1.684943,0.30510837,0.64105725,-0.70424056,0
1.6104258,-0.24755102,-0.94760245,0.30510837,0.64105725,-0.70424056,0
-1.2591662,-0.26718998,-2.2087145,0.30510837,0.64105725,-0.70424056,0
-1.4316489,1.7183346,2.0085974,0.084745646,0.71829087,0.69056249,0
2.0744894,1.4800308,1.8261981,0.084745646,0.71829087,0.69056249,0
0.21031976,-2.388624,-1.1615127,-0.084745646,-0.71829087,-0.69056249,0
2.1681552,-0.62967849,1.6572769,0.9485395,-0.27037761,0.16482985,0
1.1231387,0.30299062,-0.65756905,0.30510837,0.64105725,-0.70424056,0
-2.448626,-1.3722695,-1.8923726,-0.084745646,-0.71829087,-0.69056249,0
-2.2502995,2.1628366,1.3303432,-0.9485395,0.27037761,-0.16482985,0
0.49331403,-1.7686687,-1.8410903,-0.084745646,-0.71829087,-0.69056249,0
2.1181424,-2.4384744,-1.3437877,-0.084745646,-0.71829087,-0.69056249,0
-2.1632614,-0.79309261,-0.23918891,-0.30510837,-0.64105725,0.70424056,0
2.2515917,-0.71739125,1.0332489,0.9485395,-0.27037761,0.16482985,0
-2.0701566,1.6823773,-0.49443698,-0.9485395,0.27037761,-0.16482985,0
-2.1118329,-0.95544255,-2.3672678,-0.084745646,-0.71829087,-0.69056249,0
0.99931908,0.10329437,1.946946,-0.30510837,-0.64105725,0.70424056,0
2.0927629,-1.9476889,-0.070858955,0.9485395,-0.27037761,0.16482985,0
0.60023022,1.7871407,1.6876771,0.084745646,0.71829087,0.69056249,0
0.63225102,2.2018771,0.85827756,0.30510837,0.64105725,-0.70424056,0
-1.789506,-1.5548115,-1.783388,-0.084745646,-0.71829087,-0.69056249,0
0.49227285,-2.2137575,-0.38189846,-0.30510837,-0.64105725,0.70424056,0
-2.5787885,0.7970717,0.9803623,-0.9485395,0.27037761,-0.16482985,0
2.419627,-0.63505733,0.20131874,0.9485395,-0.27037761,0.16482985,0
-1.5082951,-1.4980111,-1.876979,-0.084745646,-0.71829087,-0.69056249,0
2.5528934,-0.84156501,-0.90432835,0.9485395,-0.27037761,0.16482985,0
0.94406736,0.023920059,1.8507556,-0.30510837,-0.64105725,0.70424056,0
2.51829,-0.73968238,-1.0022534,0.30510837,0.64105725,-0.70424056,0
0.045707464,-1.8750411,-1.6755166,-0.084745646,-0.71829087,-0.69056249,0
-0.20099413,0.2246753,1.5374079,-0.30510837,-0.64105725,0.70424056,0
1.942363,-0.31574237,-0.86586583,0.30510837,0.64105725,-0.70424056,0
2.7253907,0.40092564,0.14112234,0.9485395,-0.27037761,0.16482985,0
0.80306959,0.40907192,2.1402657,-0.30510837,-0.64105725,0.70424056,0
-1.8975821,-1.6977475,-1.6214492,-0.084745646,-0.71829087,-0.69056249,0
0.61755097,-1.51334,-2.1219177,-0.084745646,-0.71829087,-0.69056249,0
1.6638372,-1.6742024,0.61682236,-0.30510837,-0.64105725,0.70424056,0
1.0262653,-1.4753115,-2.2116301,-0.084745646,-0.71829087,-0.69056249,0
2.5896916,-0.75193453,-0.98247206,0.30510837,0.64105725,-0.70424056,0
0.43543994,1.9322898,0.52761018,0.30510837,0.64105725,-0.70424056,0
-0.73664021,2.7509189,0.76499552,0.30510837,0.64105725,-0.70424056,0
0.79872417,1.84402,1.6041551,0.084745646,0.71829087,0.69056249,0
-1.597996,-0.29647118,0.45777428,-0.30510837,-0.64105725,0.70424056,0
-1.9854164,1.7516174,2.0419364,0.084745646,0.71829087,0.69056249,0
2.3129857,-0.52188885,1.0006392,0.9485395,-0.27037761,0.16482985,0
-1.0571373,1.9945022,-0.062410116,0.30510837,0.64105725,-0.70424056,0
-0.12906861,-2.3281569,-1.1827582,-0.084745646,-0.71829087,-0.69056249,0
0.3171041,1.7354964,1.7761403,0.084745646,0.71829087,0.69056249,0
1.8664887,0.36952609,-0.27495086,0.30510837,0.64105725,-0.70424056,0
2.5248749,-0.08608067,0.4961617,0.9485395,-0.27037761,0.16482985,0
0.9926793,-0.64635956,-1.5782659,0.30510837,0.64105725,-0.70424056,0
-2.5606713,-0.22578837,-0.80174088,-0.9485395,0.27037761,-0.16482985,0
-2.2745619,0.27932763,-1.6196382,-0.9485395,0.27037761,-0.16482985,0
1.2547374,-2.0622964,0.086307287,-0.30510837,-0.64105725,0.70424056,0
0.25898528,2.1270049,0.6284076,0.30510837,0.64105725,-0.70424056,0
-0.99730921,2.4824693,1.1604781,0.084745646,0.71829087,0.69056249,0
2.1629853,-1.9182549,-0.42668247,0.9485395,-0.27037761,0.16482985,0
