3.1408253,0.99857593,-0.62530732,0.51618671,-0.088697314,0.85187101,0
-4.2208195,1.3207935,2.432646,-0.84175813,0.13105932,0.52370483,0
-0.67721069,1.3537265,1.7251897,0.51618671,-0.088697314,0.85187101,0
-1.6956701,-0.27907574,-0.17546213,-0.51618671,0.088697314,-0.85187101,0
2.8729463,-0.2242496,-0.59030879,0.51618671,-0.088697314,0.85187101,0
-1.3202417,-1.3045746,-0.44771057,-0.15809679,-0.98739874,-0.0070105791,0
-2.9871948,-1.0537963,1.8233817,-0.15809679,-0.98739874,-0.0070105791,0
2.6127765,-1.9284599,-1.2713451,-0.15809679,-0.98739874,-0.0070105791,0
-4.700572,-0.28370357,2.0630655,-0.84175813,0.13105932,0.52370483,0
-1.3663473,-0.44552541,-0.3923443,-0.51618671,0.088697314,-0.85187101,0
-0.62871706,1.6168554,0.41612855,0.15809679,0.98739874,0.0070105791,0
-3.8621819,-0.90953135,1.2364855,-0.15809679,-0.98739874,-0.0070105791,0
4.663578,-0.88921356,-1.8289993,0.84175813,-0.13105932,-0.52370483,0
-0.73100424,-0.029423326,1.6137713,0.51618671,-0.088697314,0.85187101,0
3.0023551,-1.135547,-3.1113815,-0.51618671,0.088697314,-0.85187101,0
-4.6252861,0.73151922,1.9300096,-0.84175813,0.13105932,0.52370483,0
4.1720176,-1.8672343,-2.3743379,0.84175813,-0.13105932,-0.52370483,0
0.69012457,0.4357633,-1.5466921,-0.51618671,0.088697314,-0.85187101,0
2.2191877,-1.8628219,-1.6401529,-0.15809679,-0.98739874,-0.0070105791,0
-3.9223309,-0.35437119,3.331629,-0.84175813,0.13105932,0.52370483,0
0.6609962,0.20534623,-1.5530331,-0.51618671,0.088697314,-0.85187101,0
0.46979475,1.4498253,-0.83141422,0.15809679,0.98739874,0.0070105791,0
-3.9738197,2.1385214,2.3785427,0.15809679,0.98739874,0.0070105791,0
4.3610654,0.086860895,-2.5594985,0.84175813,-0.13105932,-0.52370483,0
1.4415944,-0.92162955,-2.1433737,-0.51618671,0.088697314,-0.85187101,0
-2.6163604,0.59330142,0.47325754,-0.51618671,0.088697314,-0.85187101,0
-0.87704551,-0.54337174,1.6487517,0.51618671,-0.088697314,0.85187101,0
-4.6887321,-0.27583146,1.6385055,-0.51618671,0.088697314,-0.85187101,0
-4.1042261,1.7479758,2.513145,-0.84175813,0.13105932,0.52370483,0
3.8956659,-0.94932294,-3.0482321,0.84175813,-0.13105932,-0.52370483,0
-4.1398778,0.089239478,2.8709464,-0.84175813,0.13105932,0.52370483,0
-2.8953872,1.9713931,1.5976796,0.15809679,0.98739874,0.0070105791,0
-4.6549029,-0.44732738,2.1774178,-0.84175813,0.13105932,0.52370483,0
-4.1648722,0.97300172,2.6096075,-0.84175813,0.13105932,0.52370483,0
1.7706087,-0.40242147,-2.2886782,-0.51618671,0.088697314,-0.85187101,0
4.2557073,-1.4708101,-2.3390286,0.84175813,-0.13105932,-0.52370483,0
0.62039411,1.1809639,-1.4268484,-0.51618671,0.088697314,-0.85187101,0
1.6302762,-1.7643025,-2.2354035,-0.15809679,-0.98739874,-0.0070105791,0
-4.2980528,1.0407102,2.3786001,-0.84175813,0.13105932,0.52370483,0
-3.7836695,-0.93579113,3.1645212,-0.15809679,-0.98739874,-0.0070105791,0
4.4296103,-0.29671216,-2.3533344,0.84175813,-0.13105932,-0.52370483,0
-3.5468354,1.4780427,3.476598,-0.84175813,0.13105932,0.52370483,0
4.6319427,-0.57834458,-1.9576426,0.84175813,-0.13105932,-0.52370483,0
2.2712507,-0.95833004,-0.30214739,0.51618671,-0.088697314,0.85187101,0
4.5567698,-0.63462448,-2.0643854,0.84175813,-0.13105932,-0.52370483,0
4.2995386,-0.68616593,-2.4649384,0.84175813,-0.13105932,-0.52370483,0
4.4864659,-0.061610699,-2.320785,0.84175813,-0.13105932,-0.52370483,0
-4.0901356,-0.054703832,2.9869201,-0.84175813,0.13105932,0.52370483,0
3.0428114,0.62528807,-2.9525566,-0.51618671,0.088697314,-0.85187101,0
3.3743498,-2.00034,-3.4268327,-0.51618671,0.088697314,-0.85187101,0
0.81940103,1.3973457,-1.3239968,0.15809679,0.98739874,0.0070105791,0
-0.027833343,1.5168078,0.95658892,0.15809679,0.98739874,0.0070105791,0
4.1825833,0.86791003,-2.5998411,0.15809679,0.98739874,0.0070105791,0
-2.2602472,1.0276588,0.30269849,-0.51618671,0.088697314,-0.85187101,0
2.9441798,1.0576195,-1.3918204,0.15809679,0.98739874,0.0070105791,0
-1.0028946,1.1013117,1.8962545,0.51618671,-0.088697314,0.85187101,0
-4.4236865,-0.82791781,2.4042861,-0.15809679,-0.98739874,-0.0070105791,0
4.6475539,0.66722989,-2.2442617,0.84175813,-0.13105932,-0.52370483,0
-2.3515399,1.8777368,2.5241816,0.15809679,0.98739874,0.0070105791,0
4.7591619,0.50762129,-2.0249305,0.84175813,-0.13105932,-0.52370483,0
-2.9804585,1.1821883,3.1029699,0.51618671,-0.088697314,0.85187101,0
4.6742525,0.516819,-2.1637075,0.84175813,-0.13105932,-0.52370483,0
2.8817291,-1.7211404,-0.75148797,0.51618671,-0.088697314,0.85187101,0
-4.2962246,0.27032089,2.5743322,-0.84175813,0.13105932,0.52370483,0
3.7703018,0.928882,-1.8899593,0.15809679,0.98739874,0.0070105791,0
-4.4090862,0.85014319,2.2478251,-0.84175813,0.13105932,0.52370483,0
-2.3764679,-0.7082504,0.19237792,-0.51618671,0.088697314,-0.85187101,0
-4.1684198,-0.69286108,3.0207951,-0.84175813,0.13105932,0.52370483,0
4.2243958,-1.3958902,-2.4081056,0.84175813,-0.13105932,-0.52370483,0
-1.8867968,-1.2266117,1.3481663,-0.15809679,-0.98739874,-0.0070105791,0
-4.1748462,-0.86886144,2.5593758,-0.15809679,-0.98739874,-0.0070105791,0
4.2698841,0.84753776,-1.699264,0.15809679,0.98739874,0.0070105791,0
-3.6124744,-0.060633421,3.3565333,0.51618671,-0.088697314,0.85187101,0
-1.4877298,-0.025554657,-0.27506566,-0.51618671,0.088697314,-0.85187101,0
1.840476,0.65686148,-2.2207208,-0.51618671,0.088697314,-0.85187101,0
-4.2503934,-0.82803345,2.9228656,-0.84175813,0.13105932,0.52370483,0
-4.1579847,0.69056237,2.6913605,-0.84175813,0.13105932,0.52370483,0
0.86232954,1.3759494,0.72143996,0.15809679,0.98739874,0.0070105791,0
-4.333643,1.6930112,2.158155,-0.84175813,0.13105932,0.52370483,0
-3.6958857,1.425068,3.2502847,-0.84175813,0.13105932,0.52370483,0
0.049927711,-1.5193563,-1.0959337,-0.15809679,-0.98739874,-0.0070105791,0
2.7163339,1.0878049,-0.50510216,0.15809679,0.98739874,0.0070105791,0
-3.3809872,0.44591212,3.2690063,0.51618671,-0.088697314,0.85187101,0
-4.0657949,1.2231104,2.706265,-0.84175813,0.13105932,0.52370483,0
-3.9896042,0.42691755,3.0279787,-0.84175813,0.13105932,0.52370483,0
4.2498589,-1.92784,-2.2340553,0.84175813,-0.13105932,-0.52370483,0
-4.5256605,0.55556083,2.1341739,-0.84175813,0.13105932,0.52370483,0
3.7005105,-1.7439634,-3.1630459,0.84175813,-0.13105932,-0.52370483,0
-4.5822306,-0.69171786,2.3553851,-0.84175813,0.13105932,0.52370483,0
4.2010517,-1.1634973,-2.5037839,0.84175813,-0.13105932,-0.52370483,0
-0.82618678,1.3817213,1.8183758,0.51618671,-0.088697314,0.85187101,0
-0.80281842,1.6434221,0.60053635,0.15809679,0.98739874,0.0070105791,0
3.6378667,-1.8647158,-3.2335157,0.84175813,-0.13105932,-0.52370483,0
-4.1955094,1.0714152,2.5357354,-0.84175813,0.13105932,0.52370483,0
3.7499685,-0.29027987,-3.4473422,0.84175813,-0.13105932,-0.52370483,0
-4.2087169,0.096468687,1.3864069,-0.51618671,0.088697314,-0.85187101,0
0.57283485,1.4262953,0.15898359,0.15809679,0.98739874,0.0070105791,0
4.2306776,0.37463319,-2.8410892,0.84175813,-0.13105932,-0.52370483,0
-4.2203145,1.717437,2.3341966,-0.84175813,0.13105932,0.52370483,0
-4.0754328,2.154742,2.3854775,0.15809679,0.98739874,0.0070105791,0
3.2434328,-2.0222306,-2.2863431,-0.15809679,-0.98739874,-0.0070105791,0
-0.24177873,-1.487968,1.0615656,-0.15809679,-0.98739874,-0.0070105791,0
-0.50183624,-0.57445449,-0.92961431,-0.51618671,0.088697314,-0.85187101,0
-2.3900313,0.54208255,2.6785555,0.51618671,-0.088697314,0.85187101,0
-4.563673,0.065057278,2.1958268,-0.84175813,0.13105932,0.52370483,0
-3.3068922,-0.18487757,3.1584311,0.51618671,-0.088697314,0.85187101,0
-1.0540613,-1.3534453,0.43277991,-0.15809679,-0.98739874,-0.0070105791,0
-2.6228867,0.6194272,0.47993231,-0.51618671,0.088697314,-0.85187101,0
-2.9366307,0.20811272,2.9749913,0.51618671,-0.088697314,0.85187101,0
1.2249894,-1.7016966,-1.9133533,-0.15809679,-0.98739874,-0.0070105791,0
-3.8049779,1.67119,3.0133467,-0.84175813,0.13105932,0.52370483,0
4.2113647,-1.8521677,-2.3148649,0.84175813,-0.13105932,-0.52370483,0
-4.198966,1.3740427,2.4544466,-0.84175813,0.13105932,0.52370483,0
-2.3552282,1.8800949,2.2752435,0.15809679,0.98739874,0.0070105791,0
0.015672922,1.5115476,0.71634197,0.15809679,0.98739874,0.0070105791,0
-4.5358038,0.045642138,2.2454793,-0.84175813,0.13105932,0.52370483,0
-2.73017,0.058328152,0.4865185,-0.51618671,0.088697314,-0.85187101,0
2.3330417,1.1414766,-2.4687297,-0.51618671,0.088697314,-0.85187101,0
4.3647199,-1.4609033,-2.1662903,0.84175813,-0.13105932,-0.52370483,0
-2.548208,-0.62394297,2.6529946,0.51618671,-0.088697314,0.85187101,0
-3.9303234,-0.91286421,3.2426188,-0.15809679,-0.98739874,-0.0070105791,0
-3.4288988,2.0591903,1.2632715,0.15809679,0.98739874,0.0070105791,0
3.5063069,0.96755588,-1.3835237,0.15809679,0.98739874,0.0070105791,0
-3.9949644,-0.81125402,3.3292205,-0.84175813,0.13105932,0.52370483,0
4.6090698,0.75109887,-2.3271058,0.84175813,-0.13105932,-0.52370483,0
4.1763859,-0.088008881,-2.8125749,0.84175813,-0.13105932,-0.52370483,0
4.4426689,0.82536221,-2.4724658,0.15809679,0.98739874,0.0070105791,0
3.6218424,-0.2277565,-3.3922369,-0.51618671,0.088697314,-0.85187101,0
-3.020247,-0.9822855,0.55393934,-0.51618671,0.088697314,-0.85187101,0
-0.66146922,1.6214089,0.51339233,0.15809679,0.98739874,0.0070105791,0
-0.11887622,1.5407722,-0.36552864,0.15809679,0.98739874,0.0070105791,0
-0.60048759,-1.4285557,0.78301162,-0.15809679,-0.98739874,-0.0070105791,0
0.58368713,-1.3624153,-1.6694243,-0.51618671,0.088697314,-0.85187101,0
2.0695913,-0.3366394,-0.1152221,0.51618671,-0.088697314,0.85187101,0
3.8326516,-1.882707,-2.9159331,0.84175813,-0.13105932,-0.52370483,0
-0.57683647,1.6011199,1.4623923,0.15809679,0.98739874,0.0070105791,0
2.1423149,0.69110548,-2.4000528,-0.51618671,0.088697314,-0.85187101,0
-1.3639884,-1.3003807,-0.051850319,-0.15809679,-0.98739874,-0.0070105791,0
4.339119,-0.34634995,-2.4863605,0.84175813,-0.13105932,-0.52370483,0
4.3478975,-0.28246856,-1.4901094,0.51618671,-0.088697314,0.85187101,0
1.3354129,0.74533188,-1.9054687,-0.51618671,0.088697314,-0.85187101,0
4.6288824,0.78900719,-1.551393,0.15809679,0.98739874,0.0070105791,0
-3.8233542,0.0083012581,3.3999541,-0.84175813,0.13105932,0.52370483,0
-0.21803725,-0.042120278,-1.0461538,-0.51618671,0.088697314,-0.85187101,0
0.53136915,0.57007283,-1.4365107,-0.51618671,0.088697314,-0.85187101,0
-4.5259485,0.062358379,2.2571366,-0.84175813,0.13105932,0.52370483,0
0.63178861,1.4192946,-0.18450797,0.15809679,0.98739874,0.0070105791,0
-0.57946098,0.57461053,1.5848367,0.51618671,-0.088697314,0.85187101,0
3.5936182,0.45561653,-3.3039813,-0.51618671,0.088697314,-0.85187101,0
3.9754629,-1.4352453,-2.7983699,0.84175813,-0.13105932,-0.52370483,0
4.0731769,-2.0755572,-2.4810717,0.84175813,-0.13105932,-0.52370483,0
-0.29313821,-0.54012406,1.2952743,0.51618671,-0.088697314,0.85187101,0
2.1408186,-1.8593179,-0.36637253,-0.15809679,-0.98739874,-0.0070105791,0
-3.948631,0.26584601,3.1341438,-0.84175813,0.13105932,0.52370483,0
3.7574861,-0.76931208,-3.3153791,0.84175813,-0.13105932,-0.52370483,0
4.3603058,-1.7261952,-2.1069949,0.84175813,-0.13105932,-0.52370483,0
1.5059726,-1.7569901,-0.46213016,-0.15809679,-0.98739874,-0.0070105791,0
-4.2291479,-0.55647469,2.8890543,-0.84175813,0.13105932,0.52370483,0
-3.3703804,0.15709829,0.88473463,-0.51618671,0.088697314,-0.85187101,0
-0.17902815,1.5388219,1.2656569,0.15809679,0.98739874,0.0070105791,0
4.3924775,-0.010263681,-2.484704,0.84175813,-0.13105932,-0.52370483,0
2.174825,-1.8637701,-0.5062294,-0.15809679,-0.98739874,-0.0070105791,0
2.6070664,-0.77380776,-0.48642039,0.51618671,-0.088697314,0.85187101,0
-3.7296879,1.2744409,3.2336488,-0.84175813,0.13105932,0.52370483,0
0.7808677,1.3983802,-0.60072958,0.15809679,0.98739874,0.0070105791,0
1.2840582,-1.361308,-2.0936952,-0.51618671,0.088697314,-0.85187101,0
-4.7738285,0.21239376,1.8211699,-0.84175813,0.13105932,0.52370483,0
-3.9630156,-0.68144894,3.3480875,-0.84175813,0.13105932,0.52370483,0
0.077408314,1.5007632,0.84306222,0.15809679,0.98739874,0.0070105791,0
-0.47334489,-0.61674321,-0.95128155,-0.51618671,0.088697314,-0.85187101,0
-2.4862623,1.7750969,0.51747489,-0.51618671,0.088697314,-0.85187101,0
-0.88327444,1.6480901,1.7574813,0.15809679,0.98739874,0.0070105791,0
1.7993792,1.2389473,-1.114186,0.15809679,0.98739874,0.0070105791,0
0.019813001,0.90393704,1.2559996,0.51618671,-0.088697314,0.85187101,0
-3.8311327,-0.92595792,2.8499215,-0.15809679,-0.98739874,-0.0070105791,0
4.6001358,-0.49600911,-2.0293715,0.84175813,-0.13105932,-0.52370483,0
-0.8885715,-1.0357536,-0.74330497,-0.51618671,0.088697314,-0.85187101,0
-0.16021179,-0.51127255,-1.1300412,-0.51618671,0.088697314,-0.85187101,0
1.8774745,1.231817,-1.8710889,0.15809679,0.98739874,0.0070105791,0
4.7535067,-0.50138068,-1.7815125,0.84175813,-0.13105932,-0.52370483,0
3.9438248,0.90721178,-2.7509642,0.15809679,0.98739874,0.0070105791,0
-4.0282378,-0.89531565,2.9790728,-0.15809679,-0.98739874,-0.0070105791,0
0.44886649,-1.5878742,-0.44210458,-0.15809679,-0.98739874,-0.0070105791,0
-0.45331311,0.1475094,1.4639282,0.51618671,-0.088697314,0.85187101,0
4.1808424,-0.054151773,-2.813885,0.84175813,-0.13105932,-0.52370483,0
-2.3003619,1.8752252,1.7238193,0.15809679,0.98739874,0.0070105791,0
4.6146879,0.56828451,-2.2723262,0.84175813,-0.13105932,-0.52370483,0
1.400964,1.2977798,-0.41565204,0.15809679,0.98739874,0.0070105791,0
-4.0143147,1.8017664,2.6441994,-0.84175813,0.13105932,0.52370483,0
-4.2041306,-0.85770369,1.6482344,-0.15809679,-0.98739874,-0.0070105791,0
3.8498802,-1.1403785,-3.0740116,0.84175813,-0.13105932,-0.52370483,0
3.4405148,-1.9357581,-3.4602005,-0.51618671,0.088697314,-0.85187101,0
4.0037584,-1.9475658,-2.6246796,0.84175813,-0.13105932,-0.52370483,0
-3.3358722,1.3768696,3.3386011,0.51618671,-0.088697314,0.85187101,0
-4.2340188,1.9700859,2.2489426,-0.84175813,0.13105932,0.52370483,0
4.372786,-1.8513068,-2.0556254,0.84175813,-0.13105932,-0.52370483,0
4.6119742,-0.85486007,-1.9205394,0.84175813,-0.13105932,-0.52370483,0
0.15557277,1.490064,0.58728355,0.15809679,0.98739874,0.0070105791,0
-1.1731416,1.7031205,0.54360545,0.15809679,0.98739874,0.0070105791,0
4.6454077,0.053853035,-2.0942109,0.84175813,-0.13105932,-0.52370483,0
4.3718681,0.46790767,-2.6374938,0.84175813,-0.13105932,-0.52370483,0
-4.0427904,2.0359468,2.5398252,-0.84175813,0.13105932,0.52370483,0
1.6612945,1.2521061,0.14648247,0.15809679,0.98739874,0.0070105791,0
-3.9891331,1.3708735,2.7925067,-0.84175813,0.13105932,0.52370483,0
-1.5053859,1.7576334,0.35827085,0.15809679,0.98739874,0.0070105791,0
0.075494498,-0.028162062,1.125209,0.51618671,-0.088697314,0.85187101,0
-4.6874552,0.34889936,1.9258373,-0.84175813,0.13105932,0.52370483,0
-2.5008681,1.9082206,1.5982583,0.15809679,0.98739874,0.0070105791,0
3.2017395,-0.96516681,-0.86668408,0.51618671,-0.088697314,0.85187101,0
0.33697772,-1.5681812,-0.69253212,-0.15809679,-0.98739874,-0.0070105791,0
-0.58583975,1.6175449,-0.64792752,0.15809679,0.98739874,0.0070105791,0
-0.28143811,-1.1045513,1.2294161,0.51618671,-0.088697314,0.85187101,0
-0.052907825,-1.5140097,0.47011405,-0.15809679,-0.98739874,-0.0070105791,0
-2.8184047,-1.0731024,0.73613048,-0.15809679,-0.98739874,-0.0070105791,0
-4.0199637,-0.89191449,2.3134458,-0.15809679,-0.98739874,-0.0070105791,0
1.1135323,0.97547066,0.60071427,0.51618671,-0.088697314,0.85187101,0
4.026197,-0.89455724,-1.3589075,0.51618671,-0.088697314,0.85187101,0
-0.97843462,-1.2426089,-0.71039069,-0.51618671,0.088697314,-0.85187101,0
2.0003982,-1.4452081,-2.5364933,-0.51618671,0.088697314,-0.85187101,0
4.2801194,-0.4839642,-2.5467527,0.84175813,-0.13105932,-0.52370483,0
-1.019634,-0.76726532,-0.63593304,-0.51618671,0.088697314,-0.85187101,0
1.0928276,1.3452054,-0.14644229,0.15809679,0.98739874,0.0070105791,0
2.0289638,-1.7053018,-2.5808835,-0.51618671,0.088697314,-0.85187101,0
1.0529287,-0.59576833,-1.8739351,-0.51618671,0.088697314,-0.85187101,0
-2.1520333,-0.97463351,2.3764205,0.51618671,-0.088697314,0.85187101,0
-3.3093879,-1.0091019,2.794313,-0.15809679,-0.98739874,-0.0070105791,0
0.59494418,0.24757791,0.83916152,0.51618671,-0.088697314,0.85187101,0
0.60557556,-1.620379,0.6020475,-0.15809679,-0.98739874,-0.0070105791,0
-4.3327146,0.97121084,2.340281,-0.84175813,0.13105932,0.52370483,0
-4.1591353,-0.85764003,3.0769551,-0.84175813,0.13105932,0.52370483,0
-0.97692728,1.6784518,-0.40681165,0.15809679,0.98739874,0.0070105791,0
2.4449167,1.1366446,-1.2630985,0.15809679,0.98739874,0.0070105791,0
3.8272533,-1.0726779,-3.1273227,0.84175813,-0.13105932,-0.52370483,0
4.6708326,-0.077131748,-2.020566,0.84175813,-0.13105932,-0.52370483,0
-4.0039787,0.099691153,3.0867643,-0.84175813,0.13105932,0.52370483,0
-2.0752439,-1.1866803,-0.02622509,-0.15809679,-0.98739874,-0.0070105791,0
3.9106927,-2.1317558,-1.9078733,-0.15809679,-0.98739874,-0.0070105791,0
-4.7699642,0.2805109,1.8103337,-0.84175813,0.13105932,0.52370483,0
-0.12163448,-1.4915416,-1.1445018,-0.15809679,-0.98739874,-0.0070105791,0
4.0746779,-0.99616253,-2.7487824,0.84175813,-0.13105932,-0.52370483,0
1.0354475,-0.87765491,0.45508093,0.51618671,-0.088697314,0.85187101,0
-4.401298,1.029458,1.6002436,-0.51618671,0.088697314,-0.85187101,0
4.3566513,-0.56957269,-2.4023185,0.84175813,-0.13105932,-0.52370483,0
-3.4757326,-0.98034585,2.4954147,-0.15809679,-0.98739874,-0.0070105791,0
4.4063935,0.039615631,-2.4748192,0.84175813,-0.13105932,-0.52370483,0
-1.3001578,-0.10679567,-0.3971827,-0.51618671,0.088697314,-0.85187101,0
3.9124238,-1.7011442,-2.8331504,0.84175813,-0.13105932,-0.52370483,0
4.391058,-1.035691,-1.5946879,0.51618671,-0.088697314,0.85187101,0
-4.7961326,-0.23413754,1.8970661,-0.84175813,0.13105932,0.52370483,0
-1.1081622,0.54963374,1.9025998,0.51618671,-0.088697314,0.85187101,0
0.98423469,-0.75631577,0.4987469,0.51618671,-0.088697314,0.85187101,0
-2.3745403,1.8860366,1.8739033,0.15809679,0.98739874,0.0070105791,0
1.8208311,-1.8056897,-0.70349365,-0.15809679,-0.98739874,-0.0070105791,0
-3.4663393,1.7384403,3.4553041,0.51618671,-0.088697314,0.85187101,0
1.6126645,-1.7658226,-1.624121,-0.15809679,-0.98739874,-0.0070105791,0
-3.0257287,1.9927821,1.5244956,0.15809679,0.98739874,0.0070105791,0
4.2400684,-1.924044,-2.2507412,0.84175813,-0.13105932,-0.52370483,0
-4.4241104,0.40899563,2.3340759,-0.84175813,0.13105932,0.52370483,0
2.8948131,1.0706611,-2.1153994,0.15809679,0.98739874,0.0070105791,0
4.273335,-0.4683249,-2.5615716,0.84175813,-0.13105932,-0.52370483,0
3.0346696,1.0372655,-0.5657599,0.15809679,0.98739874,0.0070105791,0
-3.524507,-0.90854311,0.86717176,-0.51618671,0.088697314,-0.85187101,0
-0.36926138,-1.2776355,1.2646105,0.51618671,-0.088697314,0.85187101,0
-2.0649042,0.27596951,0.10606515,-0.51618671,0.088697314,-0.85187101,0
-3.4743831,2.0239413,3.4564383,-0.84175813,0.13105932,0.52370483,0
1.302227,-1.7138011,-1.9503026,-0.15809679,-0.98739874,-0.0070105791,0
3.1724739,1.020059,-1.2499363,0.15809679,0.98739874,0.0070105791,0
-2.9546275,-0.37992787,0.57689571,-0.51618671,0.088697314,-0.85187101,0
3.7231016,-2.1035428,-1.6510978,-0.15809679,-0.98739874,-0.0070105791,0
4.4522362,0.81549931,-2.5953038,0.84175813,-0.13105932,-0.52370483,0
-4.3734155,-0.39767647,2.6174307,-0.84175813,0.13105932,0.52370483,0
4.3651943,0.41105628,-2.6339936,0.84175813,-0.13105932,-0.52370483,0
-4.1687803,1.4119864,2.4934685,-0.84175813,0.13105932,0.52370483,0
-3.8214028,0.15145862,3.3672655,-0.84175813,0.13105932,0.52370483,0
-4.0331159,2.1537325,1.5733716,0.15809679,0.98739874,0.0070105791,0
-4.7777343,0.20571804,1.8165622,-0.84175813,0.13105932,0.52370483,0
-2.6628206,1.3744621,0.58274484,-0.51618671,0.088697314,-0.85187101,0
-0.28969502,1.5645525,0.13731788,0.15809679,0.98739874,0.0070105791,0
1.5451994,1.2695045,0.31406796,0.15809679,0.98739874,0.0070105791,0
0.18086162,-0.62034518,-1.3480695,-0.51618671,0.088697314,-0.85187101,0
3.7480061,-1.9516777,-3.0347242,0.84175813,-0.13105932,-0.52370483,0
-4.2788253,0.86639237,2.4531286,-0.84175813,0.13105932,0.52370483,0
-0.78053439,1.6354263,1.2241877,0.15809679,0.98739874,0.0070105791,0
2.1089067,1.1873238,-0.82355225,0.15809679,0.98739874,0.0070105791,0
-4.251605,1.5232333,2.3325031,-0.84175813,0.13105932,0.52370483,0
4.5212493,-1.5605543,-1.7282259,0.51618671,-0.088697314,0.85187101,0
-4.5745249,0.3914516,2.0967019,-0.84175813,0.13105932,0.52370483,0
-0.56367803,1.6038496,0.78119075,0.15809679,0.98739874,0.0070105791,0
-1.0625819,-1.3508954,0.26575911,-0.15809679,-0.98739874,-0.0070105791,0
2.4555955,0.35571325,-0.2770313,0.51618671,-0.088697314,0.85187101,0
3.8801408,-0.95481193,-3.0718126,0.84175813,-0.13105932,-0.52370483,0
-1.9392458,0.36036217,0.038709998,-0.51618671,0.088697314,-0.85187101,0
1.279578,1.3131889,0.15145993,0.15809679,0.98739874,0.0070105791,0
3.699163,-0.91182458,-3.3734589,0.84175813,-0.13105932,-0.52370483,0
1.4775295,-1.7452501,-1.4742057,-0.15809679,-0.98739874,-0.0070105791,0
-4.9047785,-0.74303055,1.8497901,-0.84175813,0.13105932,0.52370483,0
-0.92439067,1.6586459,1.1979451,0.15809679,0.98739874,0.0070105791,0
1.7618808,1.249195,-1.7118621,0.15809679,0.98739874,0.0070105791,0
-1.8634393,1.2264404,0.082952082,-0.51618671,0.088697314,-0.85187101,0
-3.1731105,0.11677021,3.1087744,0.51618671,-0.088697314,0.85187101,0
-0.90210527,0.28618062,-0.59746361,-0.51618671,0.088697314,-0.85187101,0
-4.7154131,0.59241676,1.8199584,-0.84175813,0.13105932,0.52370483,0
4.8045173,0.62450743,-1.9812808,0.84175813,-0.13105932,-0.52370483,0
-0.21498835,0.97153229,-0.94245923,-0.51618671,0.088697314,-0.85187101,0
4.4664283,-1.1152103,-2.0893242,0.84175813,-0.13105932,-0.52370483,0
-2.0580859,0.59148449,2.4825587,0.51618671,-0.088697314,0.85187101,0
-4.0513358,1.5782938,2.6406188,-0.84175813,0.13105932,0.52370483,0
-1.8655398,1.322577,0.094234586,-0.51618671,0.088697314,-0.85187101,0
-3.1272609,-1.035231,2.3672788,-0.15809679,-0.98739874,-0.0070105791,0
0.35904253,-1.330431,0.81780159,0.51618671,-0.088697314,0.85187101,0
-3.6837664,2.0937304,2.1460538,0.15809679,0.98739874,0.0070105791,0
-0.30020642,1.3931314,-0.84692466,-0.51618671,0.088697314,-0.85187101,0
-0.2267853,1.5546955,0.1069319,0.15809679,0.98739874,0.0070105791,0
-2.0888696,1.8483441,0.74045253,0.15809679,0.98739874,0.0070105791,0
0.79958427,1.4013767,-1.4448483,0.15809679,0.98739874,0.0070105791,0
-1.6978563,1.3524232,2.3435087,0.51618671,-0.088697314,0.85187101,0
-3.9319782,2.1334853,2.1442804,0.15809679,0.98739874,0.0070105791,0
2.4627445,-1.8953199,-2.5554972,-0.15809679,-0.98739874,-0.0070105791,0
-3.2425468,2.0272584,1.5582174,0.15809679,0.98739874,0.0070105791,0
-2.7983878,1.901612,0.71977842,-0.51618671,0.088697314,-0.85187101,0
2.1618781,-1.0397274,-2.5921221,-0.51618671,0.088697314,-0.85187101,0
2.5706484,-1.9179826,-0.58348513,0.51618671,-0.088697314,0.85187101,0
4.4582081,-0.064720631,-2.3654263,0.84175813,-0.13105932,-0.52370483,0
-2.3267763,0.49047869,2.6348534,0.51618671,-0.088697314,0.85187101,0
-2.4006979,1.5809528,2.7931867,0.51618671,-0.088697314,0.85187101,0
3.5988374,-0.723701,-3.429935,-0.51618671,0.088697314,-0.85187101,0
2.1559432,1.176942,-0.42205477,0.15809679,0.98739874,0.0070105791,0
4.1018443,-0.94586241,-2.717705,0.84175813,-0.13105932,-0.52370483,0
-1.7341061,1.7953814,0.19960856,0.15809679,0.98739874,0.0070105791,0
-3.9492531,0.95214736,2.9613941,-0.84175813,0.13105932,0.52370483,0
0.17384529,0.85269946,-1.1904439,-0.51618671,0.088697314,-0.85187101,0
-4.5111208,-0.77818012,2.4913182,-0.84175813,0.13105932,0.52370483,0
-2.2826476,1.0854771,0.32229185,-0.51618671,0.088697314,-0.85187101,0
2.0390167,-1.8285203,-2.4082756,-0.15809679,-0.98739874,-0.0070105791,0
1.776469,-1.7969394,-0.9355123,-0.15809679,-0.98739874,-0.0070105791,0
-2.5026989,1.906464,1.8869777,0.15809679,0.98739874,0.0070105791,0
-3.945174,1.2486916,2.8937392,-0.84175813,0.13105932,0.52370483,0
2.305783,-1.8194753,-0.41273499,0.51618671,-0.088697314,0.85187101,0
3.8786829,-1.5131063,-2.9344399,0.84175813,-0.13105932,-0.52370483,0
-3.9977961,0.60762012,2.9695904,-0.84175813,0.13105932,0.52370483,0
-3.8012288,2.118103,1.3622191,0.15809679,0.98739874,0.0070105791,0
4.5459256,-1.2468293,-1.9286089,0.84175813,-0.13105932,-0.52370483,0
3.2644315,-0.73924375,-0.88114846,0.51618671,-0.088697314,0.85187101,0
1.4641404,-1.7396095,-1.9667072,-0.15809679,-0.98739874,-0.0070105791,0
-3.0497305,1.9928282,2.0592806,0.15809679,0.98739874,0.0070105791,0
-4.3669686,-0.093634605,2.5517054,-0.84175813,0.13105932,0.52370483,0
-3.7170663,2.0430191,3.0615966,-0.84175813,0.13105932,0.52370483,0
-4.0113115,0.34905624,3.012573,-0.84175813,0.13105932,0.52370483,0
0.06965673,1.5054154,0.36261457,0.15809679,0.98739874,0.0070105791,0
-4.5931873,1.324554,1.8331935,-0.84175813,0.13105932,0.52370483,0
3.8238599,-2.1166801,-2.0729749,-0.15809679,-0.98739874,-0.0070105791,0
-1.561645,1.7606975,1.1954314,0.15809679,0.98739874,0.0070105791,0
-4.5624657,-0.16542935,2.2554481,-0.84175813,0.13105932,0.52370483,0
-4.4341235,-0.14128327,2.4556909,-0.84175813,0.13105932,0.52370483,0
-3.1378288,-0.84815031,2.986927,0.51618671,-0.088697314,0.85187101,0
4.4361448,-0.32471633,-2.3358235,0.84175813,-0.13105932,-0.52370483,0
-1.0782387,-0.30814195,1.7951558,0.51618671,-0.088697314,0.85187101,0
2.4085591,-0.65197957,-0.35345137,0.51618671,-0.088697314,0.85187101,0
-3.8144832,-0.25809598,1.1106055,-0.51618671,0.088697314,-0.85187101,0
2.7402103,1.0947673,-2.0240998,0.15809679,0.98739874,0.0070105791,0
-3.8286185,0.54183245,3.2579749,-0.84175813,0.13105932,0.52370483,0
0.73381078,-1.6348411,-0.25293568,-0.15809679,-0.98739874,-0.0070105791,0
3.7973576,-1.1921523,-3.1454761,0.84175813,-0.13105932,-0.52370483,0
-4.6488886,-0.52610874,1.5883036,-0.51618671,0.088697314,-0.85187101,0
-3.2968333,2.0333235,1.9282088,0.15809679,0.98739874,0.0070105791,0
1.8279594,-1.8065716,-0.74004674,-0.15809679,-0.98739874,-0.0070105791,0
4.6336308,-0.90204406,-1.8739228,0.84175813,-0.13105932,-0.52370483,0
0.47015083,1.0370562,0.99698031,0.51618671,-0.088697314,0.85187101,0
1.3019986,-1.7197129,-1.1125404,-0.15809679,-0.98739874,-0.0070105791,0
-0.88534558,1.6595619,0.18843427,0.15809679,0.98739874,0.0070105791,0
2.5883548,-1.9152653,-2.5789859,-0.15809679,-0.98739874,-0.0070105791,0
-2.6377566,1.7164731,0.60316789,-0.51618671,0.088697314,-0.85187101,0
0.62185973,-0.73645937,0.7203936,0.51618671,-0.088697314,0.85187101,0
1.2996795,1.3134376,-0.33688807,0.15809679,0.98739874,0.0070105791,0
-3.0138881,-0.94106698,0.55437851,-0.51618671,0.088697314,-0.85187101,0
-4.0640635,1.5122412,2.636692,-0.84175813,0.13105932,0.52370483,0
3.5111201,0.97771722,-2.9232397,0.15809679,0.98739874,0.0070105791,0
2.5365958,-1.9163915,-1.2531565,-0.15809679,-0.98739874,-0.0070105791,0
-0.82586777,1.6455355,0.82269233,0.15809679,0.98739874,0.0070105791,0
-2.8590722,1.048478,3.0154943,0.51618671,-0.088697314,0.85187101,0
3.2674308,0.37862635,-3.114346,-0.51618671,0.088697314,-0.85187101,0
-4.8171473,-0.75568581,1.9938078,-0.84175813,0.13105932,0.52370483,0
-3.4826527,-0.97060061,1.2789128,-0.15809679,-0.98739874,-0.0070105791,0
-0.0026453733,-1.518827,0.015113235,-0.15809679,-0.98739874,-0.0070105791,0
3.953969,-1.9047885,-2.7154117,0.84175813,-0.13105932,-0.52370483,0
4.5234871,0.25901294,-2.3415174,0.84175813,-0.13105932,-0.52370483,0
-2.9481921,-0.20807719,0.59088945,-0.51618671,0.088697314,-0.85187101,0
-0.22521365,0.95163834,-0.9383347,-0.51618671,0.088697314,-0.85187101,0
3.2755175,-2.0231032,-2.8869672,-0.15809679,-0.98739874,-0.0070105791,0
1.8106742,-0.34991407,0.04028523,0.51618671,-0.088697314,0.85187101,0
-0.95556295,0.33926713,-0.55954385,-0.51618671,0.088697314,-0.85187101,0
-0.23144841,1.5543516,0.26054597,0.15809679,0.98739874,0.0070105791,0
-2.4623365,0.99669027,0.42192888,-0.51618671,0.088697314,-0.85187101,0
1.4135158,-1.7396818,-0.81487215,-0.15809679,-0.98739874,-0.0070105791,0
2.1940377,1.1800932,-1.7249501,0.15809679,0.98739874,0.0070105791,0
0.027041137,-0.70611638,-1.2637935,-0.51618671,0.088697314,-0.85187101,0
3.7492063,-1.1721053,-3.2278869,0.84175813,-0.13105932,-0.52370483,0
0.67832243,-0.77043962,-1.6651312,-0.51618671,0.088697314,-0.85187101,0
-1.1562216,-1.1579407,-0.59384584,-0.51618671,0.088697314,-0.85187101,0
4.1597929,0.86536741,-1.7277679,0.15809679,0.98739874,0.0070105791,0
-0.63832009,-0.097316623,-0.79723275,-0.51618671,0.088697314,-0.85187101,0
-3.5875649,0.84605199,3.4358439,0.51618671,-0.088697314,0.85187101,0
1.846419,1.2325863,-1.2790829,0.15809679,0.98739874,0.0070105791,0
-3.3449473,2.0438335,1.5329776,0.15809679,0.98739874,0.0070105791,0
-4.55266,0.70820618,2.0525768,-0.84175813,0.13105932,0.52370483,0
-3.7812657,1.3456342,1.2574592,-0.51618671,0.088697314,-0.85187101,0
-0.88925457,-1.3822901,0.77878731,-0.15809679,-0.98739874,-0.0070105791,0
-4.5613794,-0.34928131,2.3032031,-0.84175813,0.13105932,0.52370483,0
-4.4626617,0.6420083,2.2137988,-0.84175813,0.13105932,0.52370483,0
3.6494522,0.95424247,-2.7364869,0.15809679,0.98739874,0.0070105791,0
4.4400125,-0.069356441,-2.3935127,0.84175813,-0.13105932,-0.52370483,0
3.5310755,-1.7880934,-3.4243376,0.84175813,-0.13105932,-0.52370483,0
4.3142591,0.6051178,-2.7644272,0.84175813,-0.13105932,-0.52370483,0
4.087182,-2.1314957,-2.444562,0.84175813,-0.13105932,-0.52370483,0
-4.478086,1.5558223,1.9603209,-0.84175813,0.13105932,0.52370483,0
1.1039473,-1.6930214,-0.40558532,-0.15809679,-0.98739874,-0.0070105791,0
3.4273305,-0.76043755,-3.3298364,-0.51618671,0.088697314,-0.85187101,0
-3.2954388,-1.0068032,2.155921,-0.15809679,-0.98739874,-0.0070105791,0
1.6231222,1.2570943,0.30471742,0.15809679,0.98739874,0.0070105791,0
-0.41731232,1.5759233,1.4137256,0.15809679,0.98739874,0.0070105791,0
-3.3676667,-1.0007952,2.9386044,-0.15809679,-0.98739874,-0.0070105791,0
-3.1165314,-1.0317844,1.6398647,-0.15809679,-0.98739874,-0.0070105791,0
-3.9922209,-0.73910487,3.3155746,-0.84175813,0.13105932,0.52370483,0
-3.0220892,-0.28365719,2.9755707,0.51618671,-0.088697314,0.85187101,0
3.318614,1.0024204,-2.0613174,0.15809679,0.98739874,0.0070105791,0
-3.0890794,-1.0335674,1.2718999,-0.15809679,-0.98739874,-0.0070105791,0
0.6922555,1.417762,-1.3322449,0.15809679,0.98739874,0.0070105791,0
-4.6763554,1.0281692,1.7736878,-0.84175813,0.13105932,0.52370483,0
-3.4582572,1.8092461,3.4577789,0.51618671,-0.088697314,0.85187101,0
-2.7935815,1.8955898,3.0640125,0.51618671,-0.088697314,0.85187101,0
-3.2101061,1.9786969,0.97728276,-0.51618671,0.088697314,-0.85187101,0
-4.4970732,0.26460505,2.2529354,-0.84175813,0.13105932,0.52370483,0
1.8089007,-1.7964258,-1.739216,-0.15809679,-0.98739874,-0.0070105791,0
4.7618666,-0.37298417,-1.8002074,0.84175813,-0.13105932,-0.52370483,0
0.036564708,-1.516293,-1.226007,-0.15809679,-0.98739874,-0.0070105791,0
-1.3566562,-0.83891892,1.9085966,0.51618671,-0.088697314,0.85187101,0
-1.8426423,-1.2393799,2.1507273,-0.15809679,-0.98739874,-0.0070105791,0
2.8023527,1.0871174,-2.3480821,0.15809679,0.98739874,0.0070105791,0
1.8496423,0.53553635,-2.2389073,-0.51618671,0.088697314,-0.85187101,0
2.5294404,1.1211317,-0.98427963,0.15809679,0.98739874,0.0070105791,0
2.00843,-1.8351597,-0.78341085,-0.15809679,-0.98739874,-0.0070105791,0
-2.9368954,1.9707478,2.6246018,0.15809679,0.98739874,0.0070105791,0
2.7430933,1.089036,-1.2819152,0.15809679,0.98739874,0.0070105791,0
-0.67423701,1.6251724,0.27124566,0.15809679,0.98739874,0.0070105791,0
-1.5292997,1.6681434,-0.073527753,-0.51618671,0.088697314,-0.85187101,0
0.17813718,-1.551084,0.48147658,-0.15809679,-0.98739874,-0.0070105791,0
-0.35545975,0.3033641,-0.92691141,-0.51618671,0.088697314,-0.85187101,0
-1.8239902,0.55706215,-0.010647893,-0.51618671,0.088697314,-0.85187101,0
-3.1561501,2.0109653,1.9046446,0.15809679,0.98739874,0.0070105791,0
-4.0823565,0.94378245,2.7495482,-0.84175813,0.13105932,0.52370483,0
1.3724947,1.3075069,-1.1436371,0.15809679,0.98739874,0.0070105791,0
2.563607,-1.9099631,-2.7676687,-0.15809679,-0.98739874,-0.0070105791,0
-2.5548995,-1.1137856,0.52377605,-0.15809679,-0.98739874,-0.0070105791,0
-4.5731597,1.0473092,1.9347661,-0.84175813,0.13105932,0.52370483,0
3.5136311,0.96847308,-1.6778486,0.15809679,0.98739874,0.0070105791,0
-3.1769004,1.0341727,3.2065914,0.51618671,-0.088697314,0.85187101,0
3.9829922,-1.2039587,-2.8441479,0.84175813,-0.13105932,-0.52370483,0
-4.0676932,-0.33675253,3.0935762,-0.84175813,0.13105932,0.52370483,0
3.3140919,0.69519877,-0.76188469,0.51618671,-0.088697314,0.85187101,0
-0.86424315,-1.3853387,0.64412344,-0.15809679,-0.98739874,-0.0070105791,0
-3.2350502,2.0237513,1.8831038,0.15809679,0.98739874,0.0070105791,0
-3.7717905,2.106812,2.2886117,0.15809679,0.98739874,0.0070105791,0
3.1586723,-2.0073001,-2.4777405,-0.15809679,-0.98739874,-0.0070105791,0
0.76728851,-0.14641917,0.69370711,0.51618671,-0.088697314,0.85187101,0
2.7171478,-1.9370025,-2.4218407,-0.15809679,-0.98739874,-0.0070105791,0
0.91070437,1.373697,-0.052241206,0.15809679,0.98739874,0.0070105791,0
-4.6071243,0.60806441,1.9900966,-0.84175813,0.13105932,0.52370483,0
-3.5988398,-0.96451283,3.0416675,-0.15809679,-0.98739874,-0.0070105791,0
4.023932,-2.151886,-1.626362,-0.15809679,-0.98739874,-0.0070105791,0
-2.0414407,-0.78136563,-0.018242955,-0.51618671,0.088697314,-0.85187101,0
3.9854009,0.89977109,-2.6405854,0.15809679,0.98739874,0.0070105791,0
-4.1246471,1.5390911,2.5325956,-0.84175813,0.13105932,0.52370483,0
-3.7431741,1.6101182,3.1279676,-0.84175813,0.13105932,0.52370483,0
3.8406029,-1.6361116,-2.9648638,0.84175813,-0.13105932,-0.52370483,0
-0.11178672,1.5333705,0.51708335,0.15809679,0.98739874,0.0070105791,0
3.892251,-0.70076537,-3.1159236,0.84175813,-0.13105932,-0.52370483,0
-3.9027107,0.93406689,3.0407276,-0.84175813,0.13105932,0.52370483,0
-1.4266611,-1.2978828,1.0096812,-0.15809679,-0.98739874,-0.0070105791,0
-0.92080748,-1.3768266,0.72083747,-0.15809679,-0.98739874,-0.0070105791,0
0.89935124,1.3724694,0.37672681,0.15809679,0.98739874,0.0070105791,0
-2.3817163,1.8868266,1.9244549,0.15809679,0.98739874,0.0070105791,0
3.5235858,0.041527748,-3.304661,-0.51618671,0.088697314,-0.85187101,0
-4.7462664,-0.65360641,2.0821905,-0.84175813,0.13105932,0.52370483,0
3.6372924,-1.1367505,-3.4166152,0.84175813,-0.13105932,-0.52370483,0
-0.99308407,-1.0387734,1.6674829,0.51618671,-0.088697314,0.85187101,0
4.0267582,0.2608372,-3.1403732,0.84175813,-0.13105932,-0.52370483,0
-1.4215012,-1.1876978,-0.43619955,-0.51618671,0.088697314,-0.85187101,0
1.8347369,-1.3582194,-2.4270544,-0.51618671,0.088697314,-0.85187101,0
4.4582148,-1.2910128,-2.0585299,0.84175813,-0.13105932,-0.52370483,0
-1.5234368,-1.2821832,0.98084974,-0.15809679,-0.98739874,-0.0070105791,0
1.477155,0.90541607,-1.9746884,-0.51618671,0.088697314,-0.85187101,0
-4.2148728,0.004650116,2.7715752,-0.84175813,0.13105932,0.52370483,0
-0.045114756,-0.74628222,1.1235205,0.51618671,-0.088697314,0.85187101,0
1.6107054,-0.45941377,-2.1977196,-0.51618671,0.088697314,-0.85187101,0
-4.6811638,0.13229966,1.9901552,-0.84175813,0.13105932,0.52370483,0
0.96342731,-1.6660602,-1.0340115,-0.15809679,-0.98739874,-0.0070105791,0
2.2246668,0.33083236,-0.13969171,0.51618671,-0.088697314,0.85187101,0
3.6679828,-1.8186479,-3.1966383,0.84175813,-0.13105932,-0.52370483,0
-3.4123559,1.4284142,1.0425392,-0.51618671,0.088697314,-0.85187101,0
-4.0784554,1.8535022,2.5281582,-0.84175813,0.13105932,0.52370483,0
4.3042898,-0.52776337,-2.4969425,0.84175813,-0.13105932,-0.52370483,0
1.2317076,-0.58553159,-1.9811994,-0.51618671,0.088697314,-0.85187101,0
-4.8564329,-0.2775414,1.8110065,-0.84175813,0.13105932,0.52370483,0
-1.3571922,-1.3024547,0.087003112,-0.15809679,-0.98739874,-0.0070105791,0
1.6302342,-1.7748411,-0.75015467,-0.15809679,-0.98739874,-0.0070105791,0
-4.1498623,-0.18473113,2.9234607,-0.84175813,0.13105932,0.52370483,0
-4.5390658,-0.80389738,1.623121,-0.15809679,-0.98739874,-0.0070105791,0
-4.0265384,-0.65306628,3.238884,-0.84175813,0.13105932,0.52370483,0
3.8272703,-2.1219828,-1.4030274,-0.15809679,-0.98739874,-0.0070105791,0
-4.7240601,-0.41313314,2.0577033,-0.84175813,0.13105932,0.52370483,0
-1.3797772,-1.3021733,0.5566591,-0.15809679,-0.98739874,-0.0070105791,0
2.0261357,1.2061974,-1.6151983,0.15809679,0.98739874,0.0070105791,0
3.7492001,-1.2498974,-1.2280607,0.51618671,-0.088697314,0.85187101,0
1.725872,1.2458975,-0.43538988,0.15809679,0.98739874,0.0070105791,0
3.514878,-1.8634027,-3.4315259,0.84175813,-0.13105932,-0.52370483,0
-2.9543598,1.0722107,0.7279309,-0.51618671,0.088697314,-0.85187101,0
-3.2693858,2.0352335,1.0402231,0.15809679,0.98739874,0.0070105791,0
4.7181444,0.69785476,-2.1384645,0.84175813,-0.13105932,-0.52370483,0
-2.5691679,1.2884542,0.51704133,-0.51618671,0.088697314,-0.85187101,0
4.4703031,0.048178911,-2.3742387,0.84175813,-0.13105932,-0.52370483,0
3.6603632,-1.2919102,-3.3407037,0.84175813,-0.13105932,-0.52370483,0
-4.4935703,-0.19946146,2.3747001,-0.84175813,0.13105932,0.52370483,0
3.2139521,0.60520297,-3.0583496,-0.51618671,0.088697314,-0.85187101,0
-2.5997126,-1.1134286,1.484066,-0.15809679,-0.98739874,-0.0070105791,0
4.4414005,-0.64717722,-2.2466781,0.84175813,-0.13105932,-0.52370483,0
-4.8276238,-0.023947716,1.7938483,-0.84175813,0.13105932,0.52370483,0
3.620002,-1.2065315,-3.4269438,0.84175813,-0.13105932,-0.52370483,0
-4.7286854,0.35765243,1.8573759,-0.84175813,0.13105932,0.52370483,0
1.6478657,-1.773077,-1.3962352,-0.15809679,-0.98739874,-0.0070105791,0
-0.56636769,0.80127108,-0.74727058,-0.51618671,0.088697314,-0.85187101,0
2.0600495,1.2005746,-1.5880625,0.15809679,0.98739874,0.0070105791,0
-4.8873649,-0.64165401,1.8524091,-0.84175813,0.13105932,0.52370483,0
2.7331858,-1.9500242,-0.9494859,-0.15809679,-0.98739874,-0.0070105791,0
-1.4073821,-1.0468823,1.9176805,0.51618671,-0.088697314,0.85187101,0
2.198451,0.30581686,-2.4741845,-0.51618671,0.088697314,-0.85187101,0
-3.8051059,-0.9287833,2.6609025,-0.15809679,-0.98739874,-0.0070105791,0
-4.2298155,-0.54812789,2.8858922,-0.84175813,0.13105932,0.52370483,0
2.011045,-1.8387473,-0.33709401,-0.15809679,-0.98739874,-0.0070105791,0
-1.2912905,-0.69793379,1.8836679,0.51618671,-0.088697314,0.85187101,0
-3.3547592,0.84813082,3.2949929,0.51618671,-0.088697314,0.85187101,0
1.375721,-0.59106362,-2.0690393,-0.51618671,0.088697314,-0.85187101,0
1.5253386,-1.5737951,-2.262022,-0.51618671,0.088697314,-0.85187101,0
3.6582737,-0.94059563,-1.1407599,0.51618671,-0.088697314,0.85187101,0
-4.6295137,1.113358,1.8276582,-0.84175813,0.13105932,0.52370483,0
-4.5849829,-0.52497959,2.3092344,-0.84175813,0.13105932,0.52370483,0
3.9631369,0.90658808,-3.0986426,0.15809679,0.98739874,0.0070105791,0
-2.9262359,0.6422044,3.0138905,0.51618671,-0.088697314,0.85187101,0
-2.707119,-0.30610591,2.7823794,0.51618671,-0.088697314,0.85187101,0
-2.0290229,-1.1953261,0.14910412,-0.15809679,-0.98739874,-0.0070105791,0
4.1784801,-1.3077242,-1.4942021,0.51618671,-0.088697314,0.85187101,0
-0.91091311,1.6539574,1.5543684,0.15809679,0.98739874,0.0070105791,0
-0.39889586,0.80467117,1.4993784,0.51618671,-0.088697314,0.85187101,0
1.5560961,-0.8648572,-2.2068443,-0.51618671,0.088697314,-0.85187101,0
-0.88095391,1.6575551,0.37204158,0.15809679,0.98739874,0.0070105791,0
0.21017289,-0.68634951,0.97507048,0.51618671,-0.088697314,0.85187101,0
-3.9002116,1.3422508,2.9425943,-0.84175813,0.13105932,0.52370483,0
3.1929824,-2.0193017,-1.5611399,-0.15809679,-0.98739874,-0.0070105791,0
-3.7366281,-0.63139558,1.0245616,-0.51618671,0.088697314,-0.85187101,0
-4.2537704,1.1413944,1.522505,-0.51618671,0.088697314,-0.85187101,0
-0.87827009,0.17169887,1.7239472,0.51618671,-0.088697314,0.85187101,0
-0.31049728,-1.47122,0.2523914,-0.15809679,-0.98739874,-0.0070105791,0
-3.0338171,-0.93889022,0.56668067,-0.51618671,0.088697314,-0.85187101,0
0.47833312,1.4422957,0.03653264,0.15809679,0.98739874,0.0070105791,0
-3.2688351,1.1168327,0.92313159,-0.51618671,0.088697314,-0.85187101,0
0.2962265,1.2685609,1.1264732,0.51618671,-0.088697314,0.85187101,0
4.6925735,0.32852221,-2.0871379,0.84175813,-0.13105932,-0.52370483,0
0.16084446,0.72355998,1.1517614,0.51618671,-0.088697314,0.85187101,0
-0.055973411,0.73207015,-1.0637463,-0.51618671,0.088697314,-0.85187101,0
-2.6814442,1.9413795,1.0002142,0.15809679,0.98739874,0.0070105791,0
1.7370636,-1.7917112,-0.78322095,-0.15809679,-0.98739874,-0.0070105791,0
-3.6328065,1.2012482,1.1524677,-0.51618671,0.088697314,-0.85187101,0
-2.4597948,0.15503713,2.6805289,0.51618671,-0.088697314,0.85187101,0
0.13154179,0.066972136,-1.2466207,-0.51618671,0.088697314,-0.85187101,0
