-0.98922473,-0.32810783,-3.3568058,-0.2045363,-0.14203084,-0.96849996,0
0.47194836,-0.9488337,3.6533124,0.2045363,0.14203084,0.96849996,0
-0.36906871,0.99202585,-3.6813736,-0.2045363,-0.14203084,-0.96849996,0
0.53910673,-2.8784876,1.979302,0.35389531,-0.93321997,0.062118277,0
-0.31202954,-0.046915293,2.9017975,-0.91264623,-0.33004218,0.24114141,0
1.4661593,-1.3796386,3.5065241,0.2045363,0.14203084,0.96849996,0
0.77900326,-2.6409907,3.480598,-0.91264623,-0.33004218,0.24114141,0
-0.66843009,3.1540854,2.8978481,-0.35389531,0.93321997,-0.062118277,0
-1.1599934,2.8967028,1.8316147,-0.35389531,0.93321997,-0.062118277,0
0.53378606,-2.6604574,2.5258827,-0.91264623,-0.33004218,0.24114141,0
0.25994304,0.4351781,3.49512,0.2045363,0.14203084,0.96849996,0
-0.54539764,1.0017848,3.4538913,-0.91264623,-0.33004218,0.24114141,0
0.28424683,0.88093907,-1.8654462,0.91264623,0.33004218,-0.24114141,0
-0.20371854,-2.9399762,-3.1396646,-0.2045363,-0.14203084,-0.96849996,0
1.1499479,1.100481,3.2095942,0.2045363,0.14203084,0.96849996,0
0.94516569,0.75033081,3.3041914,0.2045363,0.14203084,0.96849996,0
-0.050376058,-1.4338385,-3.3929243,-0.2045363,-0.14203084,-0.96849996,0
-0.71508753,2.3117166,-3.6893628,0.91264623,0.33004218,-0.24114141,0
0.94190884,-0.97100639,-1.9110926,0.91264623,0.33004218,-0.24114141,0
-0.89355934,-1.7405133,-1.617085,-0.91264623,-0.33004218,0.24114141,0
1.8912019,-1.5148153,3.4365835,0.2045363,0.14203084,0.96849996,0
0.18552569,0.084120691,-3.3296537,0.91264623,0.33004218,-0.24114141,0
-1.7629514,1.4680527,-0.51601076,-0.91264623,-0.33004218,0.24114141,0
-0.40713906,-2.2984595,-3.190783,-0.2045363,-0.14203084,-0.96849996,0
-1.3072269,2.8297498,1.6645697,-0.35389531,0.93321997,-0.062118277,0
-1.5855072,2.4781475,-2.032254,-0.35389531,0.93321997,-0.062118277,0
0.88012516,2.360393,2.4146492,0.91264623,0.33004218,-0.24114141,0
1.0718606,-2.6511219,-3.4514132,-0.2045363,-0.14203084,-0.96849996,0
1.3787429,-0.16183823,0.84967124,0.91264623,0.33004218,-0.24114141,0
-2.0341482,1.9396884,-0.89689511,-0.91264623,-0.33004218,0.24114141,0
-1.6396827,0.34016722,-1.5931749,-0.91264623,-0.33004218,0.24114141,0
0.43361127,-2.4229491,-3.3500836,-0.2045363,-0.14203084,-0.96849996,0
1.3712958,-2.5141304,2.7120607,0.35389531,-0.93321997,0.062118277,0
-1.3815709,1.6922569,1.2342585,-0.91264623,-0.33004218,0.24114141,0
-0.6304034,1.1082757,-3.6432307,-0.2045363,-0.14203084,-0.96849996,0
0.098596334,-3.2599275,-1.2415349,0.35389531,-0.93321997,0.062118277,0
1.3382504,-0.91273504,-0.33130717,0.91264623,0.33004218,-0.24114141,0
-0.40332294,2.9970467,-0.97172982,-0.35389531,0.93321997,-0.062118277,0
-2.3215508,1.1428325,-3.0752566,-0.91264623,-0.33004218,0.24114141,0
0.24425203,-0.45451984,3.6289082,0.2045363,0.14203084,0.96849996,0
-1.5107247,2.6052547,-0.54873335,-0.35389531,0.93321997,-0.062118277,0
-1.0015275,2.7263861,-1.6298988,-0.35389531,0.93321997,-0.062118277,0
-1.4938798,2.7312317,1.2478888,-0.35389531,0.93321997,-0.062118277,0
0.27277386,3.4501925,1.9841952,-0.35389531,0.93321997,-0.062118277,0
-0.83227432,2.4188185,3.4348826,0.2045363,0.14203084,0.96849996,0
-2.2823596,2.1464548,-1.5533044,-0.91264623,-0.33004218,0.24114141,0
1.0972224,-2.5583909,3.6085503,0.35389531,-0.93321997,0.062118277,0
-1.0112066,1.8716772,2.8815398,-0.91264623,-0.33004218,0.24114141,0
-2.2703471,2.1532133,-3.0122116,-0.35389531,0.93321997,-0.062118277,0
0.34159827,-2.2826099,-3.3512323,-0.2045363,-0.14203084,-0.96849996,0
0.93075192,-2.1574969,-3.4940028,-0.2045363,-0.14203084,-0.96849996,0
0.6005652,-2.8809533,1.5921206,0.35389531,-0.93321997,0.062118277,0
-1.4182417,2.4242818,2.0973682,-0.91264623,-0.33004218,0.24114141,0
-0.0072226524,3.3013031,1.3425641,-0.35389531,0.93321997,-0.062118277,0
-0.79239416,3.0698915,2.3392205,-0.35389531,0.93321997,-0.062118277,0
1.8381015,-0.30631942,2.3904562,0.91264623,0.33004218,-0.24114141,0
-2.0994773,0.51798928,-3.0899782,-0.91264623,-0.33004218,0.24114141,0
-1.7208927,0.3738046,-1.8544923,-0.91264623,-0.33004218,0.24114141,0
1.4298108,-2.7221751,-0.74682117,0.35389531,-0.93321997,0.062118277,0
-1.7429357,0.5415436,-1.7083391,-0.91264623,-0.33004218,0.24114141,0
0.78685105,-1.9998465,3.7409401,0.2045363,0.14203084,0.96849996,0
1.0531275,-2.1181679,3.7020574,0.2045363,0.14203084,0.96849996,0
0.047698379,1.3977798,-2.0533268,0.91264623,0.33004218,-0.24114141,0
-0.42924917,1.4658034,3.4895282,0.2045363,0.14203084,0.96849996,0
-1.6641648,1.5956395,0.032489866,-0.91264623,-0.33004218,0.24114141,0
-2.1047509,1.3539503,-3.3678937,-0.2045363,-0.14203084,-0.96849996,0
-1.2877443,0.33791283,-0.26428229,-0.91264623,-0.33004218,0.24114141,0
1.3628942,0.18018436,3.2995842,0.2045363,0.14203084,0.96849996,0
-0.18100548,-1.6497365,-3.3336754,-0.2045363,-0.14203084,-0.96849996,0
2.245575,-1.5517901,2.2279847,0.91264623,0.33004218,-0.24114141,0
-0.0070769787,-1.5800766,1.9575632,-0.91264623,-0.33004218,0.24114141,0
1.4178084,-0.19849694,0.94734865,0.91264623,0.33004218,-0.24114141,0
0.81516206,2.6506023,2.5659831,0.91264623,0.33004218,-0.24114141,0
-1.4720422,2.5156863,-2.1147203,-0.35389531,0.93321997,-0.062118277,0
-0.76961404,-1.0699856,-3.2943885,-0.2045363,-0.14203084,-0.96849996,0
-0.83167756,-0.54430276,0.25433204,-0.91264623,-0.33004218,0.24114141,0
1.3480905,-2.5204704,2.7490108,0.35389531,-0.93321997,0.062118277,0
0.48447096,-3.0297835,0.017608613,0.35389531,-0.93321997,0.062118277,0
-1.8110719,0.56566739,-3.3143132,-0.2045363,-0.14203084,-0.96849996,0
-1.3107649,2.5015674,-3.2456486,-0.35389531,0.93321997,-0.062118277,0
-0.40234846,0.47690022,-3.5988023,-0.2045363,-0.14203084,-0.96849996,0
-3.2424927e-05,2.5140963,-0.70610893,0.91264623,0.33004218,-0.24114141,0
-1.7595558,2.4550915,0.84776711,-0.91264623,-0.33004218,0.24114141,0
-0.29753572,1.6805609,-2.972899,0.91264623,0.33004218,-0.24114141,0
-0.8054626,2.9880865,1.1846948,-0.35389531,0.93321997,-0.062118277,0
0.25643444,-3.2151022,-1.4673333,0.35389531,-0.93321997,0.062118277,0
0.45667779,2.0429149,0.37750977,0.91264623,0.33004218,-0.24114141,0
1.5136653,0.17766464,3.2681124,0.2045363,0.14203084,0.96849996,0
0.90741992,-3.0475116,-2.6583138,0.35389531,-0.93321997,0.062118277,0
-0.65946674,0.44704396,2.2629194,-0.91264623,-0.33004218,0.24114141,0
-0.38660908,-3.1840401,-3.065248,-0.2045363,-0.14203084,-0.96849996,0
-0.044000804,1.7527188,-1.914587,0.91264623,0.33004218,-0.24114141,0
-1.9789711,1.4922125,-1.3005117,-0.91264623,-0.33004218,0.24114141,0
-0.37065125,3.2681391,3.2128396,0.2045363,0.14203084,0.96849996,0
0.96867025,-2.6115077,3.5429406,0.35389531,-0.93321997,0.062118277,0
0.73585391,-3.0466645,-1.6681613,0.35389531,-0.93321997,0.062118277,0
0.94987333,-2.8677392,-0.19940951,0.35389531,-0.93321997,0.062118277,0
-1.978559,0.30092323,-3.2401171,-0.2045363,-0.14203084,-0.96849996,0
-0.061608493,-0.74926674,-3.4909449,-0.2045363,-0.14203084,-0.96849996,0
-0.88602853,2.9925427,3.3620982,0.2045363,0.14203084,0.96849996,0
0.56257772,-3.1588957,-2.3670626,0.35389531,-0.93321997,0.062118277,0
1.1560056,-1.5949953,3.6036072,0.2045363,0.14203084,0.96849996,0
1.2700638,-2.739773,-0.10110223,0.35389531,-0.93321997,0.062118277,0
-0.10324109,2.868784,-0.61127239,0.91264623,0.33004218,-0.24114141,0
0.93687475,0.21272138,3.384783,0.2045363,0.14203084,0.96849996,0
0.54700118,-1.308929,3.6902704,0.2045363,0.14203084,0.96849996,0
0.27596641,2.0562937,3.2539988,0.2045363,0.14203084,0.96849996,0
-0.46881485,0.90869129,-3.6480875,-0.2045363,-0.14203084,-0.96849996,0
-1.7092979,2.5428967,-0.35425445,-0.35389531,0.93321997,-0.062118277,0
-0.043596387,2.3341835,3.2807343,0.2045363,0.14203084,0.96849996,0
2.5858784,-1.7423866,3.255065,0.91264623,0.33004218,-0.24114141,0
2.3097811,-2.1843445,2.3198581,0.35389531,-0.93321997,0.062118277,0
0.38102508,-3.0535424,0.25001526,0.35389531,-0.93321997,0.062118277,0
-0.540434,-1.1916093,0.47065252,-0.91264623,-0.33004218,0.24114141,0
0.75513315,-3.1095004,-2.7219946,0.35389531,-0.93321997,0.062118277,0
1.6914761,-0.023692906,2.2223456,0.91264623,0.33004218,-0.24114141,0
1.0047622,-1.884881,-2.9240022,0.91264623,0.33004218,-0.24114141,0
0.81628084,-2.9456744,-0.60915655,0.35389531,-0.93321997,0.062118277,0
0.22654617,2.4357438,0.04418382,0.91264623,0.33004218,-0.24114141,0
-0.12686151,-0.78874087,-3.4713752,-0.2045363,-0.14203084,-0.96849996,0
0.79690361,-2.8059731,1.6000068,0.35389531,-0.93321997,0.062118277,0
2.0368485,-2.1500556,0.61919343,0.91264623,0.33004218,-0.24114141,0
-1.5351875,2.462954,1.7076935,-0.91264623,-0.33004218,0.24114141,0
-1.0324526,2.7624552,-0.91183966,-0.35389531,0.93321997,-0.062118277,0
0.15771741,-0.4427717,3.6454606,0.2045363,0.14203084,0.96849996,0
0.52399868,2.2412581,0.90376377,0.91264623,0.33004218,-0.24114141,0
0.054814339,-2.4856977,-3.260884,-0.2045363,-0.14203084,-0.96849996,0
0.98940146,-2.6029069,3.5540414,0.35389531,-0.93321997,0.062118277,0
-2.1658113,2.2111259,-2.7377295,-0.35389531,0.93321997,-0.062118277,0
1.8197744,-2.4387727,1.2891423,0.35389531,-0.93321997,0.062118277,0
2.081516,-0.97088915,3.3166244,0.2045363,0.14203084,0.96849996,0
2.0658107,-1.1431473,3.3452029,0.2045363,0.14203084,0.96849996,0
2.0002947,-2.2721508,2.7639043,0.35389531,-0.93321997,0.062118277,0
-0.24057579,2.9613805,3.2303557,0.2045363,0.14203084,0.96849996,0
1.2958617,-2.9030118,-2.7004519,0.35389531,-0.93321997,0.062118277,0
-0.23822463,-2.8677647,-3.142967,-0.2045363,-0.14203084,-0.96849996,0
-0.94759512,-1.8925492,-2.0296805,-0.91264623,-0.33004218,0.24114141,0
0.92149615,-2.9711223,-1.5908916,0.35389531,-0.93321997,0.062118277,0
1.708526,-1.9919486,-0.40701047,0.91264623,0.33004218,-0.24114141,0
-0.76835704,-2.0187967,-1.5241096,-0.91264623,-0.33004218,0.24114141,0
-0.11594521,0.81894499,-3.4648993,0.91264623,0.33004218,-0.24114141,0
-0.18461297,-0.49404168,2.772063,-0.91264623,-0.33004218,0.24114141,0
-1.0288746,2.8461626,0.32533613,-0.35389531,0.93321997,-0.062118277,0
-1.6609862,2.645515,0.91216642,-0.35389531,0.93321997,-0.062118277,0
-1.4897382,1.922417,-3.5811431,-0.2045363,-0.14203084,-0.96849996,0
-1.7584857,2.5327477,-0.22649522,-0.35389531,0.93321997,-0.062118277,0
-0.78929186,2.7486219,-2.5049729,-0.35389531,0.93321997,-0.062118277,0
-1.2018387,1.9023218,2.2019982,-0.91264623,-0.33004218,0.24114141,0
-0.56967014,0.29151338,-3.5362785,-0.2045363,-0.14203084,-0.96849996,0
-0.31741351,-1.7261662,-3.2936592,-0.2045363,-0.14203084,-0.96849996,0
1.7446963,-0.58845866,3.3316734,0.2045363,0.14203084,0.96849996,0
1.1478498,-2.819963,-0.60954893,0.35389531,-0.93321997,0.062118277,0
-0.31449971,0.37622359,-3.6025906,-0.2045363,-0.14203084,-0.96849996,0
-1.2983484,2.6978662,2.9255733,-0.91264623,-0.33004218,0.24114141,0
0.92766392,2.6623204,3.027494,0.2045363,0.14203084,0.96849996,0
0.39209485,-3.2131104,-2.2102821,0.35389531,-0.93321997,0.062118277,0
0.83572638,-2.3591869,3.7833154,0.2045363,0.14203084,0.96849996,0
0.78731269,-0.80892652,-2.2743583,0.91264623,0.33004218,-0.24114141,0
-0.61529493,-0.74991369,0.79186046,-0.91264623,-0.33004218,0.24114141,0
-0.072927952,-3.3308799,-3.1099601,-0.2045363,-0.14203084,-0.96849996,0
0.55892086,-3.209717,-3.1097307,0.35389531,-0.93321997,0.062118277,0
-1.2938235,2.7885525,0.96928924,-0.35389531,0.93321997,-0.062118277,0
0.90035343,-3.0778747,-3.0742071,0.35389531,-0.93321997,0.062118277,0
-1.0037345,2.6169884,-3.2608352,-0.35389531,0.93321997,-0.062118277,0
-0.98729897,-1.1793673,-3.2323749,-0.2045363,-0.14203084,-0.96849996,0
-0.12892294,3.213098,0.71077794,-0.35389531,0.93321997,-0.062118277,0
-0.62603974,3.0120764,0.52290475,-0.35389531,0.93321997,-0.062118277,0
-1.0445503,-1.1084476,-1.3234515,-0.91264623,-0.33004218,0.24114141,0
1.1072093,1.4979563,2.0937054,0.91264623,0.33004218,-0.24114141,0
0.010509968,3.3465338,1.921051,-0.35389531,0.93321997,-0.062118277,0
-0.67335272,2.9088006,-0.75908625,-0.35389531,0.93321997,-0.062118277,0
1.1816635,0.51363814,1.0282879,0.91264623,0.33004218,-0.24114141,0
1.2403625,-2.7537131,-0.14131621,0.35389531,-0.93321997,0.062118277,0
-1.1079262,2.7008982,-1.4066416,-0.35389531,0.93321997,-0.062118277,0
1.5080389,0.70451313,3.1920381,0.2045363,0.14203084,0.96849996,0
1.0877311,1.1872524,3.2100086,0.2045363,0.14203084,0.96849996,0
0.9103359,-2.8765109,-0.10593417,0.35389531,-0.93321997,0.062118277,0
-1.4720168,-0.96251988,-3.161809,-0.2045363,-0.14203084,-0.96849996,0
-0.65292668,2.9020584,-0.97674412,-0.35389531,0.93321997,-0.062118277,0
0.83124006,-0.74270469,-2.0174711,0.91264623,0.33004218,-0.24114141,0
2.2163119,-0.74975729,3.2149477,0.91264623,0.33004218,-0.24114141,0
1.6375878,-1.9618363,3.5556998,0.2045363,0.14203084,0.96849996,0
-0.87377954,-2.1417954,-3.1152086,-0.2045363,-0.14203084,-0.96849996,0
1.3509609,0.098611057,3.3140669,0.2045363,0.14203084,0.96849996,0
0.59209698,-0.038161814,-1.95827,0.91264623,0.33004218,-0.24114141,0
1.402122,-0.44599879,3.3831296,0.2045363,0.14203084,0.96849996,0
0.53030586,-3.1767762,-2.451829,0.35389531,-0.93321997,0.062118277,0
1.9407552,-1.9558922,3.4908025,0.2045363,0.14203084,0.96849996,0
1.1677805,-0.62567973,-0.58360058,0.91264623,0.33004218,-0.24114141,0
-2.171711,2.2001996,-2.8682661,-0.35389531,0.93321997,-0.062118277,0
1.6680332,0.078875184,2.2740028,0.91264623,0.33004218,-0.24114141,0
-0.61456758,0.33155692,2.274786,-0.91264623,-0.33004218,0.24114141,0
0.33402324,-2.9764717,-3.2478776,-0.2045363,-0.14203084,-0.96849996,0
-0.45351839,-3.096432,-3.0639653,-0.2045363,-0.14203084,-0.96849996,0
-1.2500706,1.380531,1.3052975,-0.91264623,-0.33004218,0.24114141,0
0.76245546,-2.9749658,-0.74256086,0.35389531,-0.93321997,0.062118277,0
-0.57713246,3.1523919,2.3522694,-0.35389531,0.93321997,-0.062118277,0
2.3443761,-1.883922,2.1473391,0.91264623,0.33004218,-0.24114141,0
-1.107855,2.7770219,-0.26342165,-0.35389531,0.93321997,-0.062118277,0
-0.78814077,0.32151082,1.6041151,-0.91264623,-0.33004218,0.24114141,0
-1.1697642,2.6724777,-1.4813117,-0.35389531,0.93321997,-0.062118277,0
1.7939039,-0.79744506,1.550995,0.91264623,0.33004218,-0.24114141,0
-0.83718222,0.42421436,1.5590748,-0.91264623,-0.33004218,0.24114141,0
-1.4713287,2.7101195,0.80223489,-0.35389531,0.93321997,-0.062118277,0
1.815654,-0.39107311,2.1894996,0.91264623,0.33004218,-0.24114141,0
0.67202997,-3.0384459,-1.1810769,0.35389531,-0.93321997,0.062118277,0
-0.015578985,3.3055646,1.4541914,-0.35389531,0.93321997,-0.062118277,0
-0.82879502,0.50458038,1.7008122,-0.91264623,-0.33004218,0.24114141,0
0.74892855,-3.0529201,-1.8366265,0.35389531,-0.93321997,0.062118277,0
0.6382699,-2.8927758,1.1997057,0.35389531,-0.93321997,0.062118277,0
1.2716455,-1.9914176,-2.0597436,0.91264623,0.33004218,-0.24114141,0
-0.044926524,0.23859096,-3.6393373,-0.2045363,-0.14203084,-0.96849996,0
1.3155855,-1.4076635,-1.0944786,0.91264623,0.33004218,-0.24114141,0
-0.64159536,2.9694686,-0.028579026,-0.35389531,0.93321997,-0.062118277,0
-0.96233392,2.7060599,-2.1585557,-0.35389531,0.93321997,-0.062118277,0
1.178666,0.46704286,0.95316982,0.91264623,0.33004218,-0.24114141,0
-0.63410282,-0.87930238,0.54358852,-0.91264623,-0.33004218,0.24114141,0
-0.13738105,-0.32779396,3.178359,-0.91264623,-0.33004218,0.24114141,0
-1.0045296,0.20103572,-3.4311726,-0.2045363,-0.14203084,-0.96849996,0
1.477484,-0.40713343,0.88764888,0.91264623,0.33004218,-0.24114141,0
-0.56218028,-1.1533784,0.44067478,-0.91264623,-0.33004218,0.24114141,0
0.40779757,3.5424743,2.6013193,-0.35389531,0.93321997,-0.062118277,0
-1.3298196,2.3747785,-3.6812551,-0.2045363,-0.14203084,-0.96849996,0
1.3872973,-1.257359,-0.61735606,0.91264623,0.33004218,-0.24114141,0
-2.00967,1.2577667,-3.3738682,-0.2045363,-0.14203084,-0.96849996,0
0.83108038,1.3100791,3.2461977,0.2045363,0.14203084,0.96849996,0
-0.21215272,-2.8706977,-3.1480432,-0.2045363,-0.14203084,-0.96849996,0
-1.0162442,1.7786021,2.735086,-0.91264623,-0.33004218,0.24114141,0
-0.062477112,1.7508383,-1.9870881,0.91264623,0.33004218,-0.24114141,0
1.3438563,1.1887532,2.5661454,0.91264623,0.33004218,-0.24114141,0
0.34195721,1.8620393,3.2685497,0.2045363,0.14203084,0.96849996,0
-1.2580678,0.70606089,0.35190621,-0.91264623,-0.33004218,0.24114141,0
0.81373966,-2.8701048,0.54062247,0.35389531,-0.93321997,0.062118277,0
-0.95968783,2.7466598,-1.5636852,-0.35389531,0.93321997,-0.062118277,0
1.2134527,-2.7627635,-0.12397137,0.35389531,-0.93321997,0.062118277,0
1.9314313,-0.72948492,2.1645086,0.91264623,0.33004218,-0.24114141,0
1.3928113,0.22052562,1.4262445,0.91264623,0.33004218,-0.24114141,0
2.4140511,-1.5579367,2.8572016,0.91264623,0.33004218,-0.24114141,0
-2.0248036,0.97132456,-3.3286653,-0.2045363,-0.14203084,-0.96849996,0
1.8086523,-2.0637908,3.5345244,0.2045363,0.14203084,0.96849996,0
1.3255858,-2.5503356,2.428555,0.35389531,-0.93321997,0.062118277,0
-1.7655121,0.21432674,-2.2416353,-0.91264623,-0.33004218,0.24114141,0
-1.3321905,0.9919973,-3.4779689,-0.2045363,-0.14203084,-0.96849996,0
-0.55471754,-2.679059,-3.103801,-0.2045363,-0.14203084,-0.96849996,0
0.090101242,3.3551893,1.5976459,-0.35389531,0.93321997,-0.062118277,0
0.48190868,-2.989531,0.63693178,0.35389531,-0.93321997,0.062118277,0
-0.23257232,-3.4562998,-2.3049819,0.35389531,-0.93321997,0.062118277,0
0.12050915,-3.3694534,-3.0118127,0.35389531,-0.93321997,0.062118277,0
-1.2227539,-0.72869343,-3.2487411,-0.2045363,-0.14203084,-0.96849996,0
1.002167,-2.0216329,3.6986628,0.2045363,0.14203084,0.96849996,0
0.67587793,-2.9063182,0.78199148,0.35389531,-0.93321997,0.062118277,0
0.70403087,2.8276243,2.3876705,0.91264623,0.33004218,-0.24114141,0
0.4911229,-0.27827698,-2.669064,0.91264623,0.33004218,-0.24114141,0
1.6192139,0.80385858,3.15399,0.2045363,0.14203084,0.96849996,0
2.0555749,-0.80733037,2.5278084,0.91264623,0.33004218,-0.24114141,0
0.2694127,-0.15258569,-3.336139,0.91264623,0.33004218,-0.24114141,0
-2.3402381,2.1679747,-2.3922698,-0.35389531,0.93321997,-0.062118277,0
0.50307649,1.0950265,3.3470061,0.2045363,0.14203084,0.96849996,0
-1.3023648,-1.6190207,-2.9980056,-0.91264623,-0.33004218,0.24114141,0
-0.93267608,2.4070165,-3.769855,-0.2045363,-0.14203084,-0.96849996,0
1.4413531,-2.6826692,-2.3635457,0.91264623,0.33004218,-0.24114141,0
-0.57995552,-2.0207222,-3.1950164,-0.2045363,-0.14203084,-0.96849996,0
0.22690761,-1.1675255,-3.4905384,-0.2045363,-0.14203084,-0.96849996,0
-2.127171,2.3356671,-1.0868487,-0.35389531,0.93321997,-0.062118277,0
0.2373791,-0.38750023,3.6205313,0.2045363,0.14203084,0.96849996,0
1.9188604,-2.057045,3.5102606,0.2045363,0.14203084,0.96849996,0
2.0085053,-2.3661513,1.304931,0.35389531,-0.93321997,0.062118277,0
-0.68273675,-2.854677,-3.0510104,-0.2045363,-0.14203084,-0.96849996,0
2.1090422,-2.3117034,1.5501446,0.35389531,-0.93321997,0.062118277,0
-1.3648157,2.8142834,1.760304,-0.35389531,0.93321997,-0.062118277,0
1.3444288,0.32935953,1.3920891,0.91264623,0.33004218,-0.24114141,0
-0.88113683,-0.48189962,0.15255281,-0.91264623,-0.33004218,0.24114141,0
0.39731503,-3.2093325,-2.1832638,0.35389531,-0.93321997,0.062118277,0
-1.4735373,-0.32854366,-1.8796084,-0.91264623,-0.33004218,0.24114141,0
-0.55295074,0.16179031,2.2756331,-0.91264623,-0.33004218,0.24114141,0
-0.47467455,0.35255027,-3.5652916,-0.2045363,-0.14203084,-0.96849996,0
0.62759006,1.4971176,3.2617433,0.2045363,0.14203084,0.96849996,0
-0.82032126,-0.15426189,-3.4179709,-0.2045363,-0.14203084,-0.96849996,0
-2.0038888,2.1008334,-0.56181842,-0.91264623,-0.33004218,0.24114141,0
-0.69560289,2.9490662,-0.027405471,-0.35389531,0.93321997,-0.062118277,0
-2.0760918,0.78111774,-3.2899399,-0.2045363,-0.14203084,-0.96849996,0
1.9773188,-1.9873384,0.61659694,0.91264623,0.33004218,-0.24114141,0
-0.69150853,-3.2136388,-2.868602,-0.91264623,-0.33004218,0.24114141,0
-0.64396536,2.9328191,-0.56567496,-0.35389531,0.93321997,-0.062118277,0
2.4453359,-2.0952699,2.885782,0.35389531,-0.93321997,0.062118277,0
-1.8947529,2.4071391,-1.3372233,-0.35389531,0.93321997,-0.062118277,0
-1.5981574,2.1759005,1.0764915,-0.91264623,-0.33004218,0.24114141,0
-1.3719387,2.4905062,-3.0633099,-0.35389531,0.93321997,-0.062118277,0
-1.826102,0.34181935,-2.2964542,-0.91264623,-0.33004218,0.24114141,0
-0.24484563,3.2419872,1.8052092,-0.35389531,0.93321997,-0.062118277,0
1.0402942,-3.0311441,-3.1694171,0.35389531,-0.93321997,0.062118277,0
0.049980879,3.4220304,2.8303869,-0.35389531,0.93321997,-0.062118277,0
-1.1554321,2.1792121,2.7566025,-0.91264623,-0.33004218,0.24114141,0
-0.58921075,3.0420728,0.7637319,-0.35389531,0.93321997,-0.062118277,0
-1.2303035,2.7731459,0.37595135,-0.35389531,0.93321997,-0.062118277,0
0.23857331,-2.0962234,2.1808403,-0.91264623,-0.33004218,0.24114141,0
0.59311152,2.7070868,3.0915825,0.2045363,0.14203084,0.96849996,0
0.27407312,-3.085007,0.38663399,0.35389531,-0.93321997,0.062118277,0
-0.60244417,3.1154637,1.9416981,-0.35389531,0.93321997,-0.062118277,0
0.61659271,1.205508,-0.16339268,0.91264623,0.33004218,-0.24114141,0
1.2135555,-1.0524387,-0.99444735,0.91264623,0.33004218,-0.24114141,0
-0.060723543,-3.3852899,-2.2172225,0.35389531,-0.93321997,0.062118277,0
-0.0061999559,1.5329857,-2.072264,0.91264623,0.33004218,-0.24114141,0
-0.75130224,1.0820992,2.7845287,-0.91264623,-0.33004218,0.24114141,0
-0.7913028,2.7717264,-2.146414,-0.35389531,0.93321997,-0.062118277,0
-1.8645626,0.26670253,-2.5448256,-0.91264623,-0.33004218,0.24114141,0
-2.1321843,1.6685121,-1.6390814,-0.91264623,-0.33004218,0.24114141,0
-1.2918338,2.6278751,-1.455947,-0.35389531,0.93321997,-0.062118277,0
0.36804914,3.2887802,1.7472506,0.91264623,0.33004218,-0.24114141,0
0.47364259,-0.69001335,3.6149986,0.2045363,0.14203084,0.96849996,0
0.67777872,2.81617,2.2726364,0.91264623,0.33004218,-0.24114141,0
0.64777088,-3.1530936,-2.7652504,0.35389531,-0.93321997,0.062118277,0
-2.0051064,1.8741559,-3.4652257,-0.2045363,-0.14203084,-0.96849996,0
1.0480703,-2.7434499,1.1083837,0.35389531,-0.93321997,0.062118277,0
0.81817448,-2.8956258,0.1319496,0.35389531,-0.93321997,0.062118277,0
2.2072308,-1.7628956,3.4062228,0.2045363,0.14203084,0.96849996,0
-0.47678396,1.0801377,-3.6715472,-0.2045363,-0.14203084,-0.96849996,0
-0.99070418,-0.19348589,-3.3762355,-0.2045363,-0.14203084,-0.96849996,0
-1.817968,1.8251748,-0.23545034,-0.91264623,-0.33004218,0.24114141,0
-1.2588804,-1.2103434,-2.2740872,-0.91264623,-0.33004218,0.24114141,0
-0.97279298,-1.1906455,-3.2337844,-0.2045363,-0.14203084,-0.96849996,0
0.31765401,3.4691296,2.013005,-0.35389531,0.93321997,-0.062118277,0
1.4563429,0.86403888,2.547447,0.91264623,0.33004218,-0.24114141,0
-1.6562274,0.91219372,-3.3978329,-0.2045363,-0.14203084,-0.96849996,0
0.11078107,-2.150996,1.6222211,-0.91264623,-0.33004218,0.24114141,0
1.5710334,-0.81616765,0.6818729,0.91264623,0.33004218,-0.24114141,0
-0.14932323,3.3152008,2.360914,-0.35389531,0.93321997,-0.062118277,0
1.5274014,-2.119771,-1.2674583,0.91264623,0.33004218,-0.24114141,0
-1.1508489,-0.022859395,-0.23995167,-0.91264623,-0.33004218,0.24114141,0
-1.0030582,-2.3659971,-2.8875833,-0.91264623,-0.33004218,0.24114141,0
-1.2747688,2.7785845,0.7109791,-0.35389531,0.93321997,-0.062118277,0
1.5489805,-2.5795,0.71770394,0.35389531,-0.93321997,0.062118277,0
-0.15521097,-3.4445517,-2.569221,0.35389531,-0.93321997,0.062118277,0
-0.11580038,-3.1995862,-3.1201601,-0.2045363,-0.14203084,-0.96849996,0
-0.18283665,0.96909904,3.5103304,0.2045363,0.14203084,0.96849996,0
1.1941103,-2.5707624,2.8707082,0.35389531,-0.93321997,0.062118277,0
-0.079553843,3.1901803,0.085213482,-0.35389531,0.93321997,-0.062118277,0
0.86897981,-0.011358753,3.431983,0.2045363,0.14203084,0.96849996,0
-0.064378455,-0.5919798,3.0930693,-0.91264623,-0.33004218,0.24114141,0
0.34680676,2.742703,0.91945779,0.91264623,0.33004218,-0.24114141,0
2.1389923,-2.1794269,3.3667407,0.35389531,-0.93321997,0.062118277,0
1.3110226,0.13198239,0.99551356,0.91264623,0.33004218,-0.24114141,0
0.94958466,1.8984429,2.0452766,0.91264623,0.33004218,-0.24114141,0
2.2493277,-2.223537,2.0754676,0.35389531,-0.93321997,0.062118277,0
-0.89366055,2.7091951,-2.5026929,-0.35389531,0.93321997,-0.062118277,0
0.92154908,-2.870759,-0.083408713,0.35389531,-0.93321997,0.062118277,0
1.3298931,-2.7326796,-0.33538634,0.35389531,-0.93321997,0.062118277,0
-0.89090908,-2.6323235,-3.039655,-0.2045363,-0.14203084,-0.96849996,0
0.65586895,1.7028878,0.66600311,0.91264623,0.33004218,-0.24114141,0
0.81390238,-2.7705138,2.0358789,0.35389531,-0.93321997,0.062118277,0
-0.036961198,2.6421027,-0.67067444,0.91264623,0.33004218,-0.24114141,0
0.46584493,-0.7485882,-3.408432,0.91264623,0.33004218,-0.24114141,0
-0.9165467,2.7610257,-1.5936456,-0.35389531,0.93321997,-0.062118277,0
1.4255509,-2.802434,-1.9283041,0.35389531,-0.93321997,0.062118277,0
-1.7416533,-0.2472918,-2.7831383,-0.91264623,-0.33004218,0.24114141,0
-0.027492046,2.8848782,-0.30255753,0.91264623,0.33004218,-0.24114141,0
-1.184376,-0.9861328,-1.6852415,-0.91264623,-0.33004218,0.24114141,0
-1.2205279,-1.6971006,-3.1071939,-0.2045363,-0.14203084,-0.96849996,0
-1.6114335,0.87019199,-3.4011333,-0.2045363,-0.14203084,-0.96849996,0
-0.67305934,2.9340463,-0.38148323,-0.35389531,0.93321997,-0.062118277,0
-0.22706056,3.1334176,0.072815686,-0.35389531,0.93321997,-0.062118277,0
-0.18682051,-3.4057007,-1.8054709,0.35389531,-0.93321997,0.062118277,0
2.3737032,-1.5901895,2.6603539,0.91264623,0.33004218,-0.24114141,0
1.5409795,0.10410488,3.2731316,0.2045363,0.14203084,0.96849996,0
-0.032872438,-3.3228695,-1.4381331,0.35389531,-0.93321997,0.062118277,0
-0.84099936,2.77426,-1.8252232,-0.35389531,0.93321997,-0.062118277,0
2.3505807,-2.1690567,2.3170934,0.35389531,-0.93321997,0.062118277,0
0.75381947,0.42475635,3.3923473,0.2045363,0.14203084,0.96849996,0
0.44284856,2.71104,1.2396101,0.91264623,0.33004218,-0.24114141,0
-1.3582885,2.6745315,-0.37641311,-0.35389531,0.93321997,-0.062118277,0
0.1884923,1.1608784,3.4037855,0.2045363,0.14203084,0.96849996,0
1.2908452,-1.3605628,3.540751,0.2045363,0.14203084,0.96849996,0
0.5034461,-3.0718169,-0.72197336,0.35389531,-0.93321997,0.062118277,0
0.73209608,3.0053771,2.7371731,0.91264623,0.33004218,-0.24114141,0
-0.2527597,-3.4793391,-2.536097,0.35389531,-0.93321997,0.062118277,0
-0.71275145,1.4937623,-3.6823716,-0.2045363,-0.14203084,-0.96849996,0
1.8475513,-0.84206784,3.3471434,0.2045363,0.14203084,0.96849996,0
-0.89830029,-1.0337114,-3.272531,-0.2045363,-0.14203084,-0.96849996,0
-1.3226752,2.6725745,-0.60870641,-0.35389531,0.93321997,-0.062118277,0
1.4801486,0.25626123,1.8056992,0.91264623,0.33004218,-0.24114141,0
-0.18725783,1.6282225,-2.6271646,0.91264623,0.33004218,-0.24114141,0
1.4377015,1.2754494,3.0399783,0.91264623,0.33004218,-0.24114141,0
-0.79747212,2.7991366,-1.6994724,-0.35389531,0.93321997,-0.062118277,0
-0.32618117,2.7109821,3.2851555,0.2045363,0.14203084,0.96849996,0
0.13218951,2.1386745,3.2722819,0.2045363,0.14203084,0.96849996,0
1.3301746,0.2125802,1.1783091,0.91264623,0.33004218,-0.24114141,0
-1.4190605,1.2521302,-3.4977717,-0.2045363,-0.14203084,-0.96849996,0
-1.2139655,-1.6593273,-2.7186079,-0.91264623,-0.33004218,0.24114141,0
1.2613733,-2.7438469,-0.11279416,0.35389531,-0.93321997,0.062118277,0
-1.8932937,0.022331297,-2.9880269,-0.91264623,-0.33004218,0.24114141,0
-1.371673,2.5637894,-1.9638679,-0.35389531,0.93321997,-0.062118277,0
0.24964142,2.8325648,0.67470765,0.91264623,0.33004218,-0.24114141,0
-1.9097292,2.4744163,-0.24117783,-0.35389531,0.93321997,-0.062118277,0
-1.0405229,0.26545727,0.57220691,-0.91264623,-0.33004218,0.24114141,0
1.806568,-2.4048934,1.8733604,0.35389531,-0.93321997,0.062118277,0
-2.0798273,1.8929567,-1.1337364,-0.91264623,-0.33004218,0.24114141,0
0.71619213,-2.9216895,0.32138941,0.35389531,-0.93321997,0.062118277,0
-0.233711,1.1645737,3.492408,0.2045363,0.14203084,0.96849996,0
1.6697829,-0.37167129,3.3157022,0.2045363,0.14203084,0.96849996,0
0.35757056,0.14711708,-2.5922956,0.91264623,0.33004218,-0.24114141,0
0.22815454,3.0351343,0.8706364,0.91264623,0.33004218,-0.24114141,0
1.8316444,-0.96817172,3.3689959,0.2045363,0.14203084,0.96849996,0
1.38211,0.57825083,3.2371492,0.2045363,0.14203084,0.96849996,0
-1.3347925,2.5765765,-1.9818795,-0.35389531,0.93321997,-0.062118277,0
2.5823975,-2.0397427,2.9391227,0.35389531,-0.93321997,0.062118277,0
-0.67567813,-3.2747579,-2.9908962,-0.2045363,-0.14203084,-0.96849996,0
0.85526586,-0.38765776,-1.4405999,0.91264623,0.33004218,-0.24114141,0
0.071152925,-1.7019852,-3.379266,-0.2045363,-0.14203084,-0.96849996,0
-0.22171164,-2.8690681,-0.618963,-0.91264623,-0.33004218,0.24114141,0
1.4827076,0.23215222,3.2666597,0.2045363,0.14203084,0.96849996,0
0.91671109,2.000519,3.1268601,0.2045363,0.14203084,0.96849996,0
0.76053524,-2.8299818,1.4465125,0.35389531,-0.93321997,0.062118277,0
-0.96866071,2.6856179,-2.4296191,-0.35389531,0.93321997,-0.062118277,0
0.16785014,-2.0103264,2.0307398,-0.91264623,-0.33004218,0.24114141,0
-0.40345716,-0.048305526,-3.5215466,-0.2045363,-0.14203084,-0.96849996,0
1.8244801,-1.258624,1.035516,0.91264623,0.33004218,-0.24114141,0
0.2939764,0.33365023,3.5028214,0.2045363,0.14203084,0.96849996,0
-1.2120771,-1.9209266,-3.0761545,-0.2045363,-0.14203084,-0.96849996,0
-1.2483327,2.5945225,2.9734244,-0.91264623,-0.33004218,0.24114141,0
-1.5679858,2.6226296,0.038522154,-0.35389531,0.93321997,-0.062118277,0
1.3811402,0.4683888,1.7213147,0.91264623,0.33004218,-0.24114141,0
1.8212929,-2.2897623,3.519114,0.35389531,-0.93321997,0.062118277,0
1.1109793,-2.6447339,2.2330179,0.35389531,-0.93321997,0.062118277,0
0.39331388,-2.7030663,-3.300494,-0.2045363,-0.14203084,-0.96849996,0
-1.1964765,2.550148,-3.1669235,-0.35389531,0.93321997,-0.062118277,0
1.7054267,-2.3797565,2.8272135,0.35389531,-0.93321997,0.062118277,0
0.19291592,1.2982796,3.3827014,0.2045363,0.14203084,0.96849996,0
0.40530181,-3.2324417,-2.5759408,0.35389531,-0.93321997,0.062118277,0
0.074447155,-3.3265467,-2.1047859,0.35389531,-0.93321997,0.062118277,0
-1.404999,0.28194031,-0.78466302,-0.91264623,-0.33004218,0.24114141,0
-0.85613823,3.056251,2.4974508,-0.35389531,0.93321997,-0.062118277,0
-0.22841966,2.5026717,3.2950583,0.2045363,0.14203084,0.96849996,0
1.4617891,-0.10320932,1.2442189,0.91264623,0.33004218,-0.24114141,0
-0.9409129,0.7652629,-3.5273519,-0.2045363,-0.14203084,-0.96849996,0
1.1805959,-0.95412731,-0.98463404,0.91264623,0.33004218,-0.24114141,0
2.2517757,-1.2348428,3.3193762,0.2045363,0.14203084,0.96849996,0
-1.0621972,2.6889451,-1.8467407,-0.35389531,0.93321997,-0.062118277,0
-0.0077201128,-1.6186993,1.902267,-0.91264623,-0.33004218,0.24114141,0
2.392221,-2.0950799,3.1912363,0.35389531,-0.93321997,0.062118277,0
-0.60782385,2.8847363,-1.4939396,-0.35389531,0.93321997,-0.062118277,0
0.79073107,1.1022503,3.285197,0.2045363,0.14203084,0.96849996,0
1.7066764,-0.59397876,3.3405125,0.2045363,0.14203084,0.96849996,0
-1.8882532,2.0096838,-3.5097787,-0.2045363,-0.14203084,-0.96849996,0
-1.4588804,2.7427926,1.2221746,-0.35389531,0.93321997,-0.062118277,0
1.5808256,-2.6643493,-0.73843783,0.35389531,-0.93321997,0.062118277,0
-1.0912373,2.6694837,-1.9736717,-0.35389531,0.93321997,-0.062118277,0
1.2812495,1.4133078,2.636538,0.91264623,0.33004218,-0.24114141,0
-0.66607499,-0.017221451,1.6024851,-0.91264623,-0.33004218,0.24114141,0
-0.46828222,-1.2012041,0.73059285,-0.91264623,-0.33004218,0.24114141,0
0.23333526,-3.3185573,-3.1764464,-0.2045363,-0.14203084,-0.96849996,0
0.31429625,-1.2922895,-3.4906974,-0.2045363,-0.14203084,-0.96849996,0
0.49932259,1.7952373,0.19991827,0.91264623,0.33004218,-0.24114141,0
-1.0674353,1.0779151,-3.5464821,-0.2045363,-0.14203084,-0.96849996,0
0.084816933,3.3371599,1.3568863,-0.35389531,0.93321997,-0.062118277,0
0.77342761,-2.8426075,1.1833839,0.35389531,-0.93321997,0.062118277,0
-0.13960719,-3.0611398,-3.1354353,-0.2045363,-0.14203084,-0.96849996,0
1.4340692,-2.5734067,1.4639039,0.35389531,-0.93321997,0.062118277,0
-1.443614,-0.37217486,-3.2543814,-0.2045363,-0.14203084,-0.96849996,0
0.38969743,3.2126412,3.0604014,0.2045363,0.14203084,0.96849996,0
1.7980465,-2.3732719,2.3969607,0.35389531,-0.93321997,0.062118277,0
1.0652633,0.020209074,-0.087590918,0.91264623,0.33004218,-0.24114141,0
0.50401056,2.7036161,1.4609289,0.91264623,0.33004218,-0.24114141,0
0.13490286,0.01697287,-3.6131487,0.91264623,0.33004218,-0.24114141,0
1.1384908,-2.5669236,3.2452474,0.35389531,-0.93321997,0.062118277,0
-1.1209732,-1.3482738,-1.9409317,-0.91264623,-0.33004218,0.24114141,0
-1.6193876,-0.34196961,-2.4499829,-0.91264623,-0.33004218,0.24114141,0
1.2731167,-2.6469681,1.2757372,0.35389531,-0.93321997,0.062118277,0
-0.060041428,0.34863022,3.5753894,0.2045363,0.14203084,0.96849996,0
-0.61617291,2.116107,3.4336371,0.2045363,0.14203084,0.96849996,0
-0.77978539,3.0416224,1.8426906,-0.35389531,0.93321997,-0.062118277,0
-1.931321,1.6534296,-0.89951944,-0.91264623,-0.33004218,0.24114141,0
-0.40468091,-1.4436035,-3.3166671,-0.2045363,-0.14203084,-0.96849996,0
2.231174,-2.164758,3.0619457,0.35389531,-0.93321997,0.062118277,0
0.48628995,-0.21719593,-2.6037552,0.91264623,0.33004218,-0.24114141,0
-1.5043728,2.5327044,1.9197835,-0.91264623,-0.33004218,0.24114141,0
-0.52779579,2.1639705,3.4079537,0.2045363,0.14203084,0.96849996,0
1.4202728,-0.075191915,1.1254393,0.91264623,0.33004218,-0.24114141,0
-1.0910518,2.6341648,-2.5053353,-0.35389531,0.93321997,-0.062118277,0
0.0053906441,-3.2554951,-0.64393944,0.35389531,-0.93321997,0.062118277,0
0.63062596,2.3564684,1.4649998,0.91264623,0.33004218,-0.24114141,0
-0.71835792,1.6360404,-3.7020526,-0.2045363,-0.14203084,-0.96849996,0
1.4382101,-2.6373572,0.47957,0.35389531,-0.93321997,0.062118277,0
1.633064,-2.6661243,-1.0627092,0.35389531,-0.93321997,0.062118277,0
0.83942115,2.3456345,2.2403977,0.91264623,0.33004218,-0.24114141,0
1.5024407,-2.4404893,3.0712438,0.35389531,-0.93321997,0.062118277,0
0.93397832,-1.6966562,-2.9342797,0.91264623,0.33004218,-0.24114141,0
0.58461189,1.9051124,3.2109873,0.2045363,0.14203084,0.96849996,0
0.41124663,0.93312716,3.390142,0.2045363,0.14203084,0.96849996,0
1.3118747,-2.7207279,-0.053183317,0.35389531,-0.93321997,0.062118277,0
0.19268584,2.9994411,0.68754601,0.91264623,0.33004218,-0.24114141,0
0.83163679,2.1007643,1.8757902,0.91264623,0.33004218,-0.24114141,0
-0.32402885,-1.9313483,0.27722368,-0.91264623,-0.33004218,0.24114141,0
-0.37817013,-2.1063867,-0.16725373,-0.91264623,-0.33004218,0.24114141,0
1.6690323,-1.0399727,0.74645525,0.91264623,0.33004218,-0.24114141,0
-0.75547898,-2.9218373,-2.7113323,-0.91264623,-0.33004218,0.24114141,0
2.0277638,-2.2920618,2.3082774,0.35389531,-0.93321997,0.062118277,0
1.1116644,-2.0858698,-2.7944963,0.91264623,0.33004218,-0.24114141,0
-0.57075113,-1.1470003,0.41696614,-0.91264623,-0.33004218,0.24114141,0
0.35825953,-0.3451933,3.5887985,0.2045363,0.14203084,0.96849996,0
-0.3247962,-3.029325,-3.1009915,-0.2045363,-0.14203084,-0.96849996,0
1.9219136,-2.5040584,-0.27356002,0.35389531,-0.93321997,0.062118277,0
-0.57364821,2.8578262,-2.0929148,-0.35389531,0.93321997,-0.062118277,0
0.23857453,-0.013837278,-3.2629521,0.91264623,0.33004218,-0.24114141,0
-0.87407422,3.0214767,2.0772123,-0.35389531,0.93321997,-0.062118277,0
-1.472232,2.1233106,1.4811026,-0.91264623,-0.33004218,0.24114141,0
-0.38433617,-1.8483901,0.16252092,-0.91264623,-0.33004218,0.24114141,0
0.46034878,0.26683325,3.4774845,0.2045363,0.14203084,0.96849996,0
2.5987763,-1.8196805,3.3318605,0.2045363,0.14203084,0.96849996,0
1.6400607,-1.4153504,3.4750352,0.2045363,0.14203084,0.96849996,0
-1.3014766,1.1333557,-3.5051858,-0.2045363,-0.14203084,-0.96849996,0
0.35749114,1.8537526,-0.25678164,0.91264623,0.33004218,-0.24114141,0
-1.849195,2.0189939,-0.088361159,-0.91264623,-0.33004218,0.24114141,0
-0.069204137,0.29977128,-3.6431825,-0.2045363,-0.14203084,-0.96849996,0
-1.7693884,1.2216042,-3.4193096,-0.2045363,-0.14203084,-0.96849996,0
-0.76279157,-0.89505339,-3.3214834,-0.2045363,-0.14203084,-0.96849996,0
-0.63268018,2.7981448,-2.6532114,-0.35389531,0.93321997,-0.062118277,0
0.89638472,-2.7675555,1.6104139,0.35389531,-0.93321997,0.062118277,0
1.4164368,-0.21786094,0.91565454,0.91264623,0.33004218,-0.24114141,0
-0.86057496,-0.38862669,0.3580322,-0.91264623,-0.33004218,0.24114141,0
1.5214494,-2.5251586,1.6909364,0.35389531,-0.93321997,0.062118277,0
0.50596744,-1.8898383,3.4753182,-0.91264623,-0.33004218,0.24114141,0
0.60030055,-3.1888881,-3.0325577,0.35389531,-0.93321997,0.062118277,0
-0.92425787,2.8230758,-0.61751729,-0.35389531,0.93321997,-0.062118277,0
-0.57016206,3.0322351,0.50741273,-0.35389531,0.93321997,-0.062118277,0
-1.2450693,-1.0040715,-1.9394993,-0.91264623,-0.33004218,0.24114141,0
-0.050414324,-3.3600836,-1.8972728,0.35389531,-0.93321997,0.062118277,0
-1.6266414,1.1998775,-0.36716175,-0.91264623,-0.33004218,0.24114141,0
-1.3174474,-1.3950078,-2.7484901,-0.91264623,-0.33004218,0.24114141,0
2.0520177,-2.3581436,0.39180115,0.91264623,0.33004218,-0.24114141,0
-0.37759125,-3.3595183,-3.0414186,-0.2045363,-0.14203084,-0.96849996,0
1.5462947,1.042907,3.1326971,0.91264623,0.33004218,-0.24114141,0
0.85144693,0.75869548,3.3227572,0.2045363,0.14203084,0.96849996,0
1.4765764,-2.4369051,-1.8938661,0.91264623,0.33004218,-0.24114141,0
1.2534153,1.3903465,2.4997685,0.91264623,0.33004218,-0.24114141,0
-1.7805821,2.5269859,-0.18717547,-0.35389531,0.93321997,-0.062118277,0
0.46608043,1.8378781,3.2458797,0.2045363,0.14203084,0.96849996,0
0.10243124,-0.80364656,-3.5176134,-0.2045363,-0.14203084,-0.96849996,0
1.0665963,-0.31890634,-0.54668188,0.91264623,0.33004218,-0.24114141,0
-1.4585533,0.82773817,-0.24033462,-0.91264623,-0.33004218,0.24114141,0
0.88699651,-2.9058595,-0.41388297,0.35389531,-0.93321997,0.062118277,0
1.169683,1.331706,3.1715171,0.2045363,0.14203084,0.96849996,0
-1.7110196,2.4875305,-1.1762326,-0.35389531,0.93321997,-0.062118277,0
-1.8975492,1.2380692,-1.3401921,-0.91264623,-0.33004218,0.24114141,0
1.3687088,-2.6086779,1.3063834,0.35389531,-0.93321997,0.062118277,0
1.4958705,-2.5021579,2.1822064,0.35389531,-0.93321997,0.062118277,0
0.61880869,-0.94561648,-3.0991778,0.91264623,0.33004218,-0.24114141,0
2.1449182,-2.3294473,1.0791831,0.35389531,-0.93321997,0.062118277,0
-1.0181555,2.7065687,-1.8328867,-0.35389531,0.93321997,-0.062118277,0
-0.62793541,-0.43173635,-3.4179089,-0.2045363,-0.14203084,-0.96849996,0
0.98794615,-2.1129553,-3.2998033,0.91264623,0.33004218,-0.24114141,0
-1.1711831,0.28832433,-3.4087782,-0.2045363,-0.14203084,-0.96849996,0
1.8132347,-1.3256063,3.425302,0.2045363,0.14203084,0.96849996,0
2.4285736,-1.8677573,2.4881234,0.91264623,0.33004218,-0.24114141,0
0.5771594,-3.0159075,-0.30198583,0.35389531,-0.93321997,0.062118277,0
-0.35860062,3.2542503,2.6375191,-0.35389531,0.93321997,-0.062118277,0
-1.2725024,0.9621346,0.64775556,-0.91264623,-0.33004218,0.24114141,0
1.3567457,-2.675704,0.3675881,0.35389531,-0.93321997,0.062118277,0
1.2245814,-1.7363019,-1.8886981,0.91264623,0.33004218,-0.24114141,0
1.1654055,0.77946919,1.330591,0.91264623,0.33004218,-0.24114141,0
0.96068001,0.32618925,3.3631153,0.2045363,0.14203084,0.96849996,0
0.54086339,3.3971932,2.5496807,0.91264623,0.33004218,-0.24114141,0
1.0049193,1.3007904,3.2108469,0.2045363,0.14203084,0.96849996,0
-1.1419592,1.9707246,-3.6616745,-0.2045363,-0.14203084,-0.96849996,0
-2.4534883,1.609319,-3.3316941,-0.2045363,-0.14203084,-0.96849996,0
1.6118517,-2.5515962,0.77872515,0.35389531,-0.93321997,0.062118277,0
-0.72325468,1.6299839,-3.7001305,-0.2045363,-0.14203084,-0.96849996,0
1.41748,-2.662266,0.22346057,0.35389531,-0.93321997,0.062118277,0
1.4501699,-1.8455493,-1.1844375,0.91264623,0.33004218,-0.24114141,0
0.94559854,1.6851819,1.7383071,0.91264623,0.33004218,-0.24114141,0
0.30006528,1.1969328,-1.3730882,0.91264623,0.33004218,-0.24114141,0
-1.4078794,0.37006769,-0.6749469,-0.91264623,-0.33004218,0.24114141,0
2.00735,-2.3322854,1.8202915,0.35389531,-0.93321997,0.062118277,0
2.4064488,-1.9330354,2.3150454,0.91264623,0.33004218,-0.24114141,0
0.75050747,-2.7034981,3.2871981,-0.91264623,-0.33004218,0.24114141,0
0.85891157,0.89960289,3.3005166,0.2045363,0.14203084,0.96849996,0
-0.052188158,3.3114533,1.7512282,-0.35389531,0.93321997,-0.062118277,0
1.2258596,-0.91057062,3.4884839,0.2045363,0.14203084,0.96849996,0
0.11188757,1.7206371,-1.3685066,0.91264623,0.33004218,-0.24114141,0
0.24890387,-2.6274915,1.49281,-0.91264623,-0.33004218,0.24114141,0
1.3476053,1.446517,3.1171048,0.2045363,0.14203084,0.96849996,0
0.67523861,-3.0202978,-0.92671311,0.35389531,-0.93321997,0.062118277,0
