-1.9992995,-1.1704385,1.4867613,-0.90020251,0.17909944,-0.39693657,0
-0.95390153,-3.0104508,0.80744267,-0.017887712,-0.92594886,-0.3772248,0
0.11121297,1.8274527,-1.9469569,-0.90020251,0.17909944,-0.39693657,0
1.1008949,2.1378398,-2.7609482,0.43510377,0.33247843,-0.83674532,0
-1.4041274,-2.3932188,2.5017948,-0.43510377,-0.33247843,0.83674532,0
2.3533893,1.6672909,-2.2966282,0.43510377,0.33247843,-0.83674532,0
-1.4691502,-1.5343993,0.12022829,-0.90020251,0.17909944,-0.39693657,0
-0.467935,0.35429168,3.7403696,0.90020251,-0.17909944,0.39693657,0
2.108882,-0.8448754,-3.4219735,0.43510377,0.33247843,-0.83674532,0
-1.9028931,-1.949515,0.91660142,-0.90020251,0.17909944,-0.39693657,0
-0.72893822,-1.9798026,-1.7330903,-0.017887712,-0.92594886,-0.3772248,0
-1.7307305,1.3989717,3.2754536,0.017887712,0.92594886,0.3772248,0
0.14238024,-1.5915697,-2.7273774,-0.017887712,-0.92594886,-0.3772248,0
-0.09288764,-2.4495564,-0.61017752,-0.017887712,-0.92594886,-0.3772248,0
1.4223368,-2.0454831,-1.6738803,-0.017887712,-0.92594886,-0.3772248,0
0.135741,1.8135233,2.1693735,0.017887712,0.92594886,0.3772248,0
-0.71069181,1.458514,-0.24944621,-0.90020251,0.17909944,-0.39693657,0
1.6793857,0.0083743632,-3.3062732,0.43510377,0.33247843,-0.83674532,0
0.1921947,-2.3797293,-0.7950958,-0.017887712,-0.92594886,-0.3772248,0
1.4726939,-0.87679005,-1.2162032,0.90020251,-0.17909944,0.39693657,0
1.5108402,1.9104061,-0.045119941,0.90020251,-0.17909944,0.39693657,0
0.73960268,0.16733789,0.91747087,0.90020251,-0.17909944,0.39693657,0
-0.72061479,1.8186955,2.1972857,0.017887712,0.92594886,0.3772248,0
1.0359414,2.7702985,-0.22184563,0.017887712,0.92594886,0.3772248,0
0.12919188,2.9766426,-0.68534887,0.017887712,0.92594886,0.3772248,0
0.66827452,-1.277282,-3.5237761,-0.017887712,-0.92594886,-0.3772248,0
-1.7702813,0.13943028,3.3177376,-0.43510377,-0.33247843,0.83674532,0
2.0521214,3.1150484,-1.1162668,0.017887712,0.92594886,0.3772248,0
0.18420315,-1.0705711,1.6184982,0.90020251,-0.17909944,0.39693657,0
-0.80640483,2.1960614,0.30040324,-0.90020251,0.17909944,-0.39693657,0
-1.2741171,0.38594121,0.54438299,-0.90020251,0.17909944,-0.39693657,0
0.58431077,2.9433703,-2.5163777,-0.90020251,0.17909944,-0.39693657,0
0.71704352,2.2633526,1.0376426,0.017887712,0.92594886,0.3772248,0
0.15521708,-0.15499401,-2.9412405,-0.90020251,0.17909944,-0.39693657,0
1.1905999,2.5158319,-2.5641079,0.43510377,0.33247843,-0.83674532,0
-0.89952278,2.4513476,0.65284008,0.017887712,0.92594886,0.3772248,0
0.15001458,-0.53251833,1.9388051,0.90020251,-0.17909944,0.39693657,0
-1.2011952,-0.50043756,3.35941,-0.43510377,-0.33247843,0.83674532,0
1.4188461,2.7854199,-0.27712083,0.017887712,0.92594886,0.3772248,0
1.1690439,-0.30381063,-3.6956944,0.43510377,0.33247843,-0.83674532,0
-1.2627037,1.9533304,1.8925116,0.017887712,0.92594886,0.3772248,0
-0.59649563,1.4022741,3.2135625,0.017887712,0.92594886,0.3772248,0
1.8112776,-0.80328071,-3.5601988,0.43510377,0.33247843,-0.83674532,0
1.3712646,-0.19617443,-3.5477717,0.43510377,0.33247843,-0.83674532,0
-1.2872829,-3.3707263,2.1741433,-0.43510377,-0.33247843,0.83674532,0
-0.71084452,-2.6490695,-0.091142535,-0.017887712,-0.92594886,-0.3772248,0
2.0065856,3.0658436,-0.99332798,0.017887712,0.92594886,0.3772248,0
1.4128515,-0.26886815,-3.5550313,0.43510377,0.33247843,-0.83674532,0
1.202448,2.7045398,-0.068327546,0.017887712,0.92594886,0.3772248,0
2.0598102,0.74867201,-1.8142945,0.90020251,-0.17909944,0.39693657,0
1.6400065,-0.42563891,-1.392086,0.90020251,-0.17909944,0.39693657,0
2.4159601,1.0276332,-2.5182581,0.43510377,0.33247843,-0.83674532,0
-2.1227934,0.033172488,2.3099041,-0.90020251,0.17909944,-0.39693657,0
-1.5384183,-0.92566967,0.55198097,-0.90020251,0.17909944,-0.39693657,0
-1.3026596,-2.5643573,-0.27101701,-0.017887712,-0.92594886,-0.3772248,0
-2.3287344,-2.608885,1.9353088,-0.43510377,-0.33247843,0.83674532,0
0.7888974,-1.0170996,-4.1681485,-0.017887712,-0.92594886,-0.3772248,0
-0.92538404,0.39009655,3.8566818,-0.43510377,-0.33247843,0.83674532,0
0.33986604,1.9644296,1.7892752,0.017887712,0.92594886,0.3772248,0
1.6903131,-1.4583325,-3.1278276,-0.017887712,-0.92594886,-0.3772248,0
0.12516522,1.3770717,2.8567748,0.90020251,-0.17909944,0.39693657,0
1.0449162,-1.0617827,-4.0614185,0.43510377,0.33247843,-0.83674532,0
0.60769475,-1.8814963,0.29217958,0.90020251,-0.17909944,0.39693657,0
-0.037660003,1.614862,-1.7052536,-0.90020251,0.17909944,-0.39693657,0
1.2041045,2.315074,-2.6368561,0.43510377,0.33247843,-0.83674532,0
1.6415875,-1.6436093,-2.6707304,-0.017887712,-0.92594886,-0.3772248,0
0.017123461,2.9782965,-0.68409336,0.017887712,0.92594886,0.3772248,0
1.3743736,1.3541557,-2.9301357,0.43510377,0.33247843,-0.83674532,0
0.41613531,2.9802341,-0.70777106,0.017887712,0.92594886,0.3772248,0
-2.3791122,-0.45034981,2.7668009,-0.43510377,-0.33247843,0.83674532,0
0.46817198,0.74156928,-3.2464502,-0.90020251,0.17909944,-0.39693657,0
0.58005846,-1.1101482,-3.9298453,-0.017887712,-0.92594886,-0.3772248,0
-0.85921055,-1.5317299,3.1274593,-0.43510377,-0.33247843,0.83674532,0
-0.027361393,-1.1039535,-2.9553494,-0.90020251,0.17909944,-0.39693657,0
-0.73662901,2.567802,0.35926276,0.017887712,0.92594886,0.3772248,0
-0.38391033,-0.62359464,-1.9300014,-0.90020251,0.17909944,-0.39693657,0
0.32701683,-2.1776612,-1.2974921,-0.017887712,-0.92594886,-0.3772248,0
-1.4085875,-3.1974332,1.2879764,-0.017887712,-0.92594886,-0.3772248,0
0.22079158,3.2380514,-1.331355,0.017887712,0.92594886,0.3772248,0
-0.52010775,2.2614994,1.1008567,0.017887712,0.92594886,0.3772248,0
0.90535933,0.78055352,-3.4019401,0.43510377,0.33247843,-0.83674532,0
1.6647648,-0.5261718,-1.4935957,0.90020251,-0.17909944,0.39693657,0
2.0912099,3.1010551,-1.863258,0.43510377,0.33247843,-0.83674532,0
0.18150592,-3.0089202,0.74984455,-0.017887712,-0.92594886,-0.3772248,0
0.22659266,0.84371579,2.3860977,0.90020251,-0.17909944,0.39693657,0
0.22201014,-2.3489594,-0.87203795,-0.017887712,-0.92594886,-0.3772248,0
2.2055602,1.8753948,-1.6364553,0.90020251,-0.17909944,0.39693657,0
-0.82899404,1.7158101,0.1349414,-0.90020251,0.17909944,-0.39693657,0
-1.4662187,-1.163815,2.9580078,-0.43510377,-0.33247843,0.83674532,0
2.1253922,3.0508163,-1.8654454,0.43510377,0.33247843,-0.83674532,0
-0.67695004,-0.3678751,-1.1500422,-0.90020251,0.17909944,-0.39693657,0
0.25655317,2.0022802,-2.1976871,-0.90020251,0.17909944,-0.39693657,0
1.8641338,2.8767123,-0.5223248,0.017887712,0.92594886,0.3772248,0
0.95286119,1.1255605,-3.2401516,0.43510377,0.33247843,-0.83674532,0
1.2680383,2.1982772,-2.6500196,0.43510377,0.33247843,-0.83674532,0
-0.57839197,-1.3580195,3.2182703,0.90020251,-0.17909944,0.39693657,0
-1.9271014,0.98025799,3.5702925,-0.43510377,-0.33247843,0.83674532,0
-1.609576,1.0413996,3.7596989,-0.43510377,-0.33247843,0.83674532,0
-0.79119492,-3.1491292,2.5201578,-0.43510377,-0.33247843,0.83674532,0
2.3736629,-1.031233,-3.3583374,0.43510377,0.33247843,-0.83674532,0
-1.3645978,-0.32320786,0.429611,-0.90020251,0.17909944,-0.39693657,0
-0.43833089,-0.24961674,3.4007452,0.90020251,-0.17909944,0.39693657,0
-0.3708092,-0.20658463,3.2670307,0.90020251,-0.17909944,0.39693657,0
-0.72936964,2.1855588,0.12095827,-0.90020251,0.17909944,-0.39693657,0
-1.0925033,-1.7402772,2.9232824,-0.43510377,-0.33247843,0.83674532,0
1.3379991,-1.8714302,-2.0971174,-0.017887712,-0.92594886,-0.3772248,0
0.70202732,-1.9091659,-1.9743329,-0.017887712,-0.92594886,-0.3772248,0
0.28834867,-1.9126658,-1.946125,-0.017887712,-0.92594886,-0.3772248,0
1.6839978,-0.5868656,-1.5645986,0.90020251,-0.17909944,0.39693657,0
-2.1185253,-1.3143439,2.5589991,-0.43510377,-0.33247843,0.83674532,0
-1.1288605,0.1133931,3.6409278,-0.43510377,-0.33247843,0.83674532,0
-0.61102188,-0.32663214,3.7353585,-0.43510377,-0.33247843,0.83674532,0
1.5456438,0.40705514,-0.80236852,0.90020251,-0.17909944,0.39693657,0
-1.7760595,-2.8024151,2.1457987,-0.43510377,-0.33247843,0.83674532,0
-2.3654299,-0.63166404,2.5601959,-0.90020251,0.17909944,-0.39693657,0
-0.11171801,-0.26391625,2.6535761,0.90020251,-0.17909944,0.39693657,0
-1.6234164,0.013504297,3.3440704,-0.43510377,-0.33247843,0.83674532,0
-1.2689455,-3.0879965,1.0127274,-0.017887712,-0.92594886,-0.3772248,0
0.72225964,1.982662,1.7263882,0.017887712,0.92594886,0.3772248,0
0.24127686,1.0511576,-2.5921929,-0.90020251,0.17909944,-0.39693657,0
-0.34894443,2.8622551,-0.43647039,-0.90020251,0.17909944,-0.39693657,0
-1.2864112,0.37075216,3.661263,-0.43510377,-0.33247843,0.83674532,0
0.7612673,-1.2844532,-3.5105834,-0.017887712,-0.92594886,-0.3772248,0
-2.2744224,0.10730565,2.6872289,-0.90020251,0.17909944,-0.39693657,0
-1.7451035,-2.356221,2.3391898,-0.43510377,-0.33247843,0.83674532,0
-1.1367383,-3.5223367,2.192184,-0.43510377,-0.33247843,0.83674532,0
-0.63829589,-1.2043581,3.3724144,-0.43510377,-0.33247843,0.83674532,0
1.3573518,2.3034792,-2.5617757,0.43510377,0.33247843,-0.83674532,0
1.2557132,0.5802722,-0.066685647,0.90020251,-0.17909944,0.39693657,0
-0.66332161,1.3221434,3.4134228,0.017887712,0.92594886,0.3772248,0
-1.5944824,-3.1522138,1.1857942,-0.017887712,-0.92594886,-0.3772248,0
0.46557081,1.0232052,-3.1134758,-0.90020251,0.17909944,-0.39693657,0
-1.8880606,-2.4068346,2.2447414,-0.43510377,-0.33247843,0.83674532,0
1.7139397,2.0032032,-2.4956653,0.43510377,0.33247843,-0.83674532,0
-0.13715458,-1.8942107,-1.9712489,-0.017887712,-0.92594886,-0.3772248,0
1.380677,1.9888526,0.28546846,0.90020251,-0.17909944,0.39693657,0
-0.34940171,1.4407618,3.107372,0.017887712,0.92594886,0.3772248,0
2.092072,-1.5272553,-2.9776983,-0.017887712,-0.92594886,-0.3772248,0
1.4422905,-1.1023936,-3.8709223,0.43510377,0.33247843,-0.83674532,0
1.6861335,0.13894188,-1.2419553,0.90020251,-0.17909944,0.39693657,0
-0.60238957,-2.321491,-0.9003709,-0.017887712,-0.92594886,-0.3772248,0
0.84069443,-1.2702568,-3.5491967,-0.017887712,-0.92594886,-0.3772248,0
-0.38480759,-3.3235757,1.5490633,-0.017887712,-0.92594886,-0.3772248,0
-2.117573,-1.8355808,2.3523822,-0.43510377,-0.33247843,0.83674532,0
-1.700274,-0.50418442,3.0984025,-0.43510377,-0.33247843,0.83674532,0
0.90458226,0.047132254,0.48908037,0.90020251,-0.17909944,0.39693657,0
0.15688825,2.789969,-0.22844601,0.017887712,0.92594886,0.3772248,0
-0.22883952,-1.7439574,-2.3357182,-0.017887712,-0.92594886,-0.3772248,0
0.26672506,2.8312867,-0.33507466,0.017887712,0.92594886,0.3772248,0
-0.89071679,-3.1337404,2.4745214,-0.43510377,-0.33247843,0.83674532,0
0.86975157,-1.4082121,-3.2119443,-0.017887712,-0.92594886,-0.3772248,0
0.66644287,-2.2118101,-1.2297637,-0.017887712,-0.92594886,-0.3772248,0
-1.7668486,0.38086408,3.4154556,-0.43510377,-0.33247843,0.83674532,0
0.6190303,-0.57815814,-4.0907102,0.43510377,0.33247843,-0.83674532,0
-1.7085649,0.055625051,3.31653,-0.43510377,-0.33247843,0.83674532,0
-0.16059899,-2.9993339,1.5302013,0.90020251,-0.17909944,0.39693657,0
0.24145436,-1.1808374,-3.5996804,-0.90020251,0.17909944,-0.39693657,0
-0.020144343,-0.80392003,-2.8363404,-0.90020251,0.17909944,-0.39693657,0
-1.5510271,-2.659431,2.3196287,-0.43510377,-0.33247843,0.83674532,0
-0.15880561,-1.990741,-1.7332758,-0.017887712,-0.92594886,-0.3772248,0
0.015878201,-2.8740654,1.1864939,0.90020251,-0.17909944,0.39693657,0
-0.74747717,-2.2669106,-1.0274655,-0.017887712,-0.92594886,-0.3772248,0
1.9029145,1.2440741,-2.6990371,0.43510377,0.33247843,-0.83674532,0
-0.17209029,-2.6500418,-0.11430287,-0.017887712,-0.92594886,-0.3772248,0
2.1428397,-1.2185103,-3.5527787,0.43510377,0.33247843,-0.83674532,0
-0.061690688,-1.9617779,1.774039,0.90020251,-0.17909944,0.39693657,0
-1.027837,-3.4619694,2.2727985,-0.43510377,-0.33247843,0.83674532,0
-1.3960323,-0.41599679,0.45903358,-0.90020251,0.17909944,-0.39693657,0
-1.5454381,-0.87722206,3.0306909,-0.43510377,-0.33247843,0.83674532,0
1.955458,0.42624784,-2.996676,0.43510377,0.33247843,-0.83674532,0
-1.199883,-2.2122767,2.6798975,-0.43510377,-0.33247843,0.83674532,0
2.1207285,-0.87159473,-3.4264302,0.43510377,0.33247843,-0.83674532,0
0.55969357,-1.9041557,-1.9798813,-0.017887712,-0.92594886,-0.3772248,0
-1.3533404,1.2549818,3.6110001,0.017887712,0.92594886,0.3772248,0
-1.3392749,1.293165,3.5166075,0.017887712,0.92594886,0.3772248,0
1.8011857,-0.50773412,-3.4480119,0.43510377,0.33247843,-0.83674532,0
-1.2944661,-2.4921157,-0.44873136,-0.017887712,-0.92594886,-0.3772248,0
0.65032494,-1.5514275,-2.849998,-0.017887712,-0.92594886,-0.3772248,0
-1.336071,-1.8915883,-0.34274381,-0.90020251,0.17909944,-0.39693657,0
1.3629454,-1.9263539,-1.9634824,-0.017887712,-0.92594886,-0.3772248,0
-0.63460118,-0.45204365,3.6732657,-0.43510377,-0.33247843,0.83674532,0
-1.2536399,-3.2365377,1.3766159,-0.017887712,-0.92594886,-0.3772248,0
1.1515577,1.290067,0.48978817,0.90020251,-0.17909944,0.39693657,0
2.2670684,0.31529367,-2.8787272,0.43510377,0.33247843,-0.83674532,0
-0.61439502,-0.53418505,-1.3669491,-0.90020251,0.17909944,-0.39693657,0
-1.9880759,-1.6581886,2.4902065,-0.43510377,-0.33247843,0.83674532,0
0.30977094,-1.7968303,-2.2314749,-0.017887712,-0.92594886,-0.3772248,0
0.14851356,-2.8383617,0.33275068,-0.017887712,-0.92594886,-0.3772248,0
-0.9453795,-2.2714899,-1.0068413,-0.017887712,-0.92594886,-0.3772248,0
1.0524209,-1.2192066,-0.41757601,0.90020251,-0.17909944,0.39693657,0
-1.637038,1.0929596,1.6864517,-0.90020251,0.17909944,-0.39693657,0
-1.953694,-0.096517384,3.1286106,-0.43510377,-0.33247843,0.83674532,0
1.0128649,1.0291417,0.68659556,0.90020251,-0.17909944,0.39693657,0
1.2679634,3.1834624,-1.2470149,0.017887712,0.92594886,0.3772248,0
-0.96232438,-2.5692852,2.6615708,-0.43510377,-0.33247843,0.83674532,0
-1.6514239,-3.2803047,2.0207205,-0.43510377,-0.33247843,0.83674532,0
-0.41805148,-3.1468368,1.1168097,-0.017887712,-0.92594886,-0.3772248,0
-0.88566291,1.9250202,1.944124,0.017887712,0.92594886,0.3772248,0
-1.6908715,1.8238983,2.1383414,-0.90020251,0.17909944,-0.39693657,0
-0.96915436,0.89725477,0.083472356,-0.90020251,0.17909944,-0.39693657,0
0.24122453,-2.6309738,0.78512084,0.90020251,-0.17909944,0.39693657,0
-2.4012997,-1.0004725,2.475137,-0.90020251,0.17909944,-0.39693657,0
-2.022253,-3.3106256,1.8158429,-0.43510377,-0.33247843,0.83674532,0
-0.12906051,1.5141129,2.9168732,0.017887712,0.92594886,0.3772248,0
0.2265842,2.0932424,1.4784584,0.017887712,0.92594886,0.3772248,0
0.78809762,-2.2301002,-0.27424335,0.90020251,-0.17909944,0.39693657,0
0.2672236,-1.9059594,-1.9615858,-0.017887712,-0.92594886,-0.3772248,0
1.8299551,2.6280224,-2.1870675,0.43510377,0.33247843,-0.83674532,0
1.8035269,0.60933375,-3.0029306,0.43510377,0.33247843,-0.83674532,0
-1.3835788,-3.492348,2.0106988,-0.017887712,-0.92594886,-0.3772248,0
-2.1980238,-3.1165693,1.1269196,-0.017887712,-0.92594886,-0.3772248,0
-1.6274153,0.30154216,3.4564421,-0.43510377,-0.33247843,0.83674532,0
0.52681518,2.4834766,0.5063386,0.017887712,0.92594886,0.3772248,0
0.689574,2.7877564,-0.24827433,0.017887712,0.92594886,0.3772248,0
2.4113255,0.84504008,-2.5680051,0.90020251,-0.17909944,0.39693657,0
-0.40972641,-0.59145612,3.1816349,0.90020251,-0.17909944,0.39693657,0
0.75292301,-1.9910958,-1.7756381,-0.017887712,-0.92594886,-0.3772248,0
-0.94634676,-1.0766124,-0.85886931,-0.90020251,0.17909944,-0.39693657,0
0.26782387,0.76900601,-2.779706,-0.90020251,0.17909944,-0.39693657,0
-1.4880524,1.3756264,1.4761114,-0.90020251,0.17909944,-0.39693657,0
0.26251796,0.52109444,2.1590555,0.90020251,-0.17909944,0.39693657,0
-2.0966594,1.3450638,2.8425663,-0.90020251,0.17909944,-0.39693657,0
-1.5147482,-2.7495308,2.3026929,-0.43510377,-0.33247843,0.83674532,0
2.2884717,-0.87184769,-3.0640552,0.90020251,-0.17909944,0.39693657,0
1.6146042,0.15655231,-3.281081,0.43510377,0.33247843,-0.83674532,0
-2.1820447,1.0044119,2.8825054,-0.90020251,0.17909944,-0.39693657,0
1.7409165,3.3509243,-1.9461241,0.43510377,0.33247843,-0.83674532,0
-0.4684087,1.5344969,-0.7646299,-0.90020251,0.17909944,-0.39693657,0
2.327363,2.4694355,-1.9914321,0.43510377,0.33247843,-0.83674532,0
1.8127413,3.2233186,-1.3706796,0.017887712,0.92594886,0.3772248,0
0.20629787,-1.8076361,-2.2000442,-0.017887712,-0.92594886,-0.3772248,0
0.94061327,-2.0826547,-1.5597945,-0.017887712,-0.92594886,-0.3772248,0
0.0104139,-0.078423738,-2.5782962,-0.90020251,0.17909944,-0.39693657,0
2.2237401,2.9873867,-1.1759498,0.90020251,-0.17909944,0.39693657,0
-0.68030214,-3.0452147,0.8798008,-0.017887712,-0.92594886,-0.3772248,0
-0.78747469,-0.18386275,3.7003331,-0.43510377,-0.33247843,0.83674532,0
-0.80062723,-2.7395597,2.6779943,-0.43510377,-0.33247843,0.83674532,0
1.3334126,2.9629655,-0.70887971,0.017887712,0.92594886,0.3772248,0
-1.7087574,0.7907548,3.6085317,-0.43510377,-0.33247843,0.83674532,0
2.0140719,0.23751724,-1.9412011,0.90020251,-0.17909944,0.39693657,0
-1.6410775,-2.565557,2.3101037,-0.43510377,-0.33247843,0.83674532,0
1.2298906,2.8127604,-0.33527076,0.017887712,0.92594886,0.3772248,0
2.3427954,0.67601299,-2.6960187,0.43510377,0.33247843,-0.83674532,0
-0.7593298,-3.5995023,2.2441216,-0.017887712,-0.92594886,-0.3772248,0
-1.2720456,0.73897958,0.69897699,-0.90020251,0.17909944,-0.39693657,0
-0.25208646,0.0099992752,3.095506,0.90020251,-0.17909944,0.39693657,0
-1.1770267,1.9907086,1.7966994,0.017887712,0.92594886,0.3772248,0
1.3088398,0.6074695,-3.2609065,0.43510377,0.33247843,-0.83674532,0
-1.5656297,-1.034194,2.957819,-0.43510377,-0.33247843,0.83674532,0
-2.2743144,0.14642304,3.0584211,-0.43510377,-0.33247843,0.83674532,0
-0.80821502,0.56725287,3.9880018,-0.43510377,-0.33247843,0.83674532,0
-0.82947493,-2.4874744,-0.48217398,-0.017887712,-0.92594886,-0.3772248,0
0.044997334,-0.30491519,-2.7589207,-0.90020251,0.17909944,-0.39693657,0
1.0958098,-1.3914698,-3.2637603,-0.017887712,-0.92594886,-0.3772248,0
-1.6399281,-0.0018390715,3.3293877,-0.43510377,-0.33247843,0.83674532,0
1.8322142,-0.44112077,-3.4054086,0.43510377,0.33247843,-0.83674532,0
-1.3314131,1.6005516,2.761713,0.017887712,0.92594886,0.3772248,0
0.5010469,2.3247046,0.89728862,0.017887712,0.92594886,0.3772248,0
-0.41896057,-0.16990381,3.3927824,0.90020251,-0.17909944,0.39693657,0
0.51161814,3.1314652,-1.0835159,0.017887712,0.92594886,0.3772248,0
1.5649369,1.1311008,-0.51943046,0.90020251,-0.17909944,0.39693657,0
0.48511338,-2.5394406,-0.41695291,-0.017887712,-0.92594886,-0.3772248,0
0.82221091,-1.9155749,-1.9642997,-0.017887712,-0.92594886,-0.3772248,0
-0.97441971,1.7105262,2.4748371,0.017887712,0.92594886,0.3772248,0
0.70976877,3.0288935,-2.6102743,0.43510377,0.33247843,-0.83674532,0
-1.0674455,1.4736038,3.060806,0.017887712,0.92594886,0.3772248,0
1.4921068,3.0015161,-0.81103194,0.017887712,0.92594886,0.3772248,0
2.1604421,0.19086093,-2.9836154,0.43510377,0.33247843,-0.83674532,0
0.257972,3.3279428,-1.5537688,0.017887712,0.92594886,0.3772248,0
1.2698433,-0.23776354,-3.6170356,0.43510377,0.33247843,-0.83674532,0
-1.5231875,-1.141916,0.41986793,-0.90020251,0.17909944,-0.39693657,0
-0.26142383,2.1935966,1.2552663,0.017887712,0.92594886,0.3772248,0
1.361245,-1.7553012,-2.3832741,-0.017887712,-0.92594886,-0.3772248,0
-0.58724976,2.1082997,1.4800893,0.017887712,0.92594886,0.3772248,0
0.1046164,-3.032275,0.91386116,0.90020251,-0.17909944,0.39693657,0
-0.03859508,-1.5587485,-2.7993598,-0.017887712,-0.92594886,-0.3772248,0
-0.92485952,-3.5584989,2.1513228,-0.017887712,-0.92594886,-0.3772248,0
1.8275241,1.4333556,-2.6630292,0.43510377,0.33247843,-0.83674532,0
0.36646664,-0.56052774,1.4352808,0.90020251,-0.17909944,0.39693657,0
-0.0090448856,-2.286144,-1.0152706,-0.017887712,-0.92594886,-0.3772248,0
1.3004994,-1.6234055,-2.704149,-0.017887712,-0.92594886,-0.3772248,0
0.60008001,1.0701531,1.6412445,0.90020251,-0.17909944,0.39693657,0
1.2167206,1.4390581,0.40923199,0.90020251,-0.17909944,0.39693657,0
-1.0830438,-1.3709643,3.0749469,-0.43510377,-0.33247843,0.83674532,0
1.9395051,0.48391277,-2.9820583,0.43510377,0.33247843,-0.83674532,0
-0.99814129,-2.4822605,2.6775253,-0.43510377,-0.33247843,0.83674532,0
-1.3305731,-1.3189125,-0.096819103,-0.90020251,0.17909944,-0.39693657,0
0.69807458,-0.62009615,-4.0662718,0.43510377,0.33247843,-0.83674532,0
0.68704367,-2.3722382,-0.10919905,0.90020251,-0.17909944,0.39693657,0
2.2870643,2.6539412,-1.470014,0.90020251,-0.17909944,0.39693657,0
-0.53217077,-2.951551,0.64286649,-0.017887712,-0.92594886,-0.3772248,0
-0.54580224,1.1828823,3.7496853,0.017887712,0.92594886,0.3772248,0
2.0272443,-0.20709372,-2.1716845,0.90020251,-0.17909944,0.39693657,0
-0.12143636,-2.7396317,0.10320592,-0.017887712,-0.92594886,-0.3772248,0
0.43266678,2.8876042,-0.48118234,0.017887712,0.92594886,0.3772248,0
2.2827785,-0.11209416,-2.7083399,0.90020251,-0.17909944,0.39693657,0
-1.7869929,0.25411165,1.648039,-0.90020251,0.17909944,-0.39693657,0
1.8711088,-0.93536103,-3.5815687,0.43510377,0.33247843,-0.83674532,0
0.43868482,0.81766915,1.893347,0.90020251,-0.17909944,0.39693657,0
-1.695415,1.1816211,1.8588476,-0.90020251,0.17909944,-0.39693657,0
-0.67513824,-0.002997756,-0.98951709,-0.90020251,0.17909944,-0.39693657,0
-1.8248646,0.37767932,3.3840222,-0.43510377,-0.33247843,0.83674532,0
2.3980131,1.4535443,-2.2632546,0.90020251,-0.17909944,0.39693657,0
-1.515878,1.9726237,1.8571594,0.017887712,0.92594886,0.3772248,0
0.74788153,1.9133949,-3.0336964,0.43510377,0.33247843,-0.83674532,0
0.049584448,-0.70079982,2.0906386,0.90020251,-0.17909944,0.39693657,0
0.84096062,1.8741707,-3.0008812,0.43510377,0.33247843,-0.83674532,0
0.42768592,-0.69705951,-3.8037481,-0.90020251,0.17909944,-0.39693657,0
1.082193,1.179516,-3.1514606,0.43510377,0.33247843,-0.83674532,0
-1.7129897,-1.9312466,2.5247512,-0.43510377,-0.33247843,0.83674532,0
-0.59829998,-3.0903549,2.481782,0.90020251,-0.17909944,0.39693657,0
0.098114252,-0.66013741,-3.0396612,-0.90020251,0.17909944,-0.39693657,0
-1.0889878,-1.0654156,-0.53032488,-0.90020251,0.17909944,-0.39693657,0
0.30801964,2.0731678,1.5238721,0.017887712,0.92594886,0.3772248,0
-2.2221763,-0.46458936,2.3106999,-0.90020251,0.17909944,-0.39693657,0
1.1918796,0.67179525,0.11937642,0.90020251,-0.17909944,0.39693657,0
0.047303878,-0.12232542,2.3568206,0.90020251,-0.17909944,0.39693657,0
-1.2404541,1.9864696,1.8101122,0.017887712,0.92594886,0.3772248,0
1.7590923,-0.054249763,-1.4945854,0.90020251,-0.17909944,0.39693657,0
-0.30532861,-2.3328226,2.1591623,0.90020251,-0.17909944,0.39693657,0
-0.5308063,-3.0250602,0.82323956,-0.017887712,-0.92594886,-0.3772248,0
-1.2547052,0.90065646,3.8883061,-0.43510377,-0.33247843,0.83674532,0
-1.7801441,-2.0873044,2.4278221,-0.43510377,-0.33247843,0.83674532,0
0.25834763,1.5820044,-2.3913872,-0.90020251,0.17909944,-0.39693657,0
0.74488115,-1.601535,0.10737729,0.90020251,-0.17909944,0.39693657,0
-1.6417154,1.4626304,3.1149733,0.017887712,0.92594886,0.3772248,0
-0.13673019,0.80400199,-1.8464379,-0.90020251,0.17909944,-0.39693657,0
1.256961,-1.496594,-1.0066054,0.90020251,-0.17909944,0.39693657,0
2.4251475,2.1081994,-2.0841208,0.43510377,0.33247843,-0.83674532,0
-1.0938208,-3.2181604,2.3353643,-0.43510377,-0.33247843,0.83674532,0
-0.80630076,-1.9944874,-1.5906248,-0.90020251,0.17909944,-0.39693657,0
0.94408572,1.9461334,1.2563279,0.90020251,-0.17909944,0.39693657,0
0.48607087,3.0812235,-0.95897853,0.017887712,0.92594886,0.3772248,0
-1.1474881,2.1863222,1.0695434,-0.90020251,0.17909944,-0.39693657,0
1.322387,1.9050248,-2.7382817,0.43510377,0.33247843,-0.83674532,0
-1.3001605,-1.7471322,2.8125777,-0.43510377,-0.33247843,0.83674532,0
0.82512021,3.2732112,-1.446317,0.017887712,0.92594886,0.3772248,0
-2.3509779,-2.0745583,1.8763814,-0.90020251,0.17909944,-0.39693657,0
1.5245587,-1.826596,-2.2160158,-0.017887712,-0.92594886,-0.3772248,0
0.91351855,2.2911808,-2.7974534,0.43510377,0.33247843,-0.83674532,0
-2.1695428,-1.2435613,2.5605953,-0.43510377,-0.33247843,0.83674532,0
0.94752085,0.90009516,-3.3325167,0.43510377,0.33247843,-0.83674532,0
-1.6133858,0.043539017,3.3612206,-0.43510377,-0.33247843,0.83674532,0
1.4629908,2.2239866,-2.5384302,0.43510377,0.33247843,-0.83674532,0
-1.82148,-0.19491649,1.5236481,-0.90020251,0.17909944,-0.39693657,0
1.4136087,2.9351728,-2.2815204,0.43510377,0.33247843,-0.83674532,0
1.8841994,0.049446821,-3.1834509,0.43510377,0.33247843,-0.83674532,0
0.20275021,-2.2552016,-1.1012661,-0.017887712,-0.92594886,-0.3772248,0
1.260874,-1.2611545,-0.90924865,0.90020251,-0.17909944,0.39693657,0
-1.3324754,2.0848837,1.4433016,-0.90020251,0.17909944,-0.39693657,0
0.94185066,-0.957434,-4.0735493,0.43510377,0.33247843,-0.83674532,0
0.047941983,-0.40827179,2.2263534,0.90020251,-0.17909944,0.39693657,0
-2.360105,-0.2197057,2.86833,-0.43510377,-0.33247843,0.83674532,0
-1.878032,-0.93869883,2.8333161,-0.43510377,-0.33247843,0.83674532,0
1.9618604,2.4882865,-2.1740012,0.43510377,0.33247843,-0.83674532,0
-1.4655132,-3.0654519,0.96670985,-0.017887712,-0.92594886,-0.3772248,0
0.70766437,1.7412351,1.7000519,0.90020251,-0.17909944,0.39693657,0
0.8584162,-0.59621495,-3.9734056,0.43510377,0.33247843,-0.83674532,0
-0.89654362,1.1856407,3.7595463,0.017887712,0.92594886,0.3772248,0
2.322314,-0.35650897,-3.1169386,0.43510377,0.33247843,-0.83674532,0
-2.1949878,1.4702419,3.1225257,0.017887712,0.92594886,0.3772248,0
1.3785958,0.86900842,-0.21508944,0.90020251,-0.17909944,0.39693657,0
1.8125885,-0.68378258,-3.5120351,0.43510377,0.33247843,-0.83674532,0
0.1434781,-0.65119755,-3.1385069,-0.90020251,0.17909944,-0.39693657,0
1.2595822,2.2191744,-2.6461134,0.43510377,0.33247843,-0.83674532,0
-1.3578445,-0.24386835,0.45009345,-0.90020251,0.17909944,-0.39693657,0
-1.1505656,1.9761834,1.8310984,0.017887712,0.92594886,0.3772248,0
-0.30111885,-2.5678968,-0.30982047,-0.017887712,-0.92594886,-0.3772248,0
0.19054508,-1.892617,-1.9907,-0.017887712,-0.92594886,-0.3772248,0
0.85666025,1.0163243,-3.3335805,0.43510377,0.33247843,-0.83674532,0
1.0121968,3.1987429,-1.2723944,0.017887712,0.92594886,0.3772248,0
0.048761606,2.3626964,0.82547915,0.017887712,0.92594886,0.3772248,0
1.3172237,0.98649836,-0.022893131,0.90020251,-0.17909944,0.39693657,0
1.7650838,1.9363689,-0.6099987,0.90020251,-0.17909944,0.39693657,0
-0.25630307,2.3467197,0.87916231,0.017887712,0.92594886,0.3772248,0
1.0314856,3.5100474,-2.0374484,0.017887712,0.92594886,0.3772248,0
1.8662841,2.8494713,-0.45556021,0.017887712,0.92594886,0.3772248,0
1.9479055,1.9165401,-2.4084396,0.43510377,0.33247843,-0.83674532,0
1.8352985,3.1692419,-1.2390122,0.017887712,0.92594886,0.3772248,0
-0.90557742,2.0712404,1.5861509,0.017887712,0.92594886,0.3772248,0
-2.3170633,-1.4967591,2.3832779,-0.43510377,-0.33247843,0.83674532,0
0.61176753,-2.5579069,-0.37763029,-0.017887712,-0.92594886,-0.3772248,0
-0.93768811,-3.1716495,1.2023566,-0.017887712,-0.92594886,-0.3772248,0
2.2781267,3.2381439,-1.4291393,0.017887712,0.92594886,0.3772248,0
0.3114922,2.6057618,0.21638429,0.017887712,0.92594886,0.3772248,0
-0.7226119,2.0911381,1.5286336,0.017887712,0.92594886,0.3772248,0
0.088646889,-2.7014756,-0.00041592121,-0.017887712,-0.92594886,-0.3772248,0
-2.2900901,-3.0228362,1.3104284,-0.90020251,0.17909944,-0.39693657,0
-1.6511728,-1.5814747,0.51179159,-0.90020251,0.17909944,-0.39693657,0
-0.53779435,-3.0628061,2.3569942,0.90020251,-0.17909944,0.39693657,0
1.6730742,2.7353475,-2.2259994,0.43510377,0.33247843,-0.83674532,0
0.15217519,2.3058643,0.96007746,0.017887712,0.92594886,0.3772248,0
2.1355062,1.0698838,-1.841032,0.90020251,-0.17909944,0.39693657,0
1.7490163,3.301204,-1.5588393,0.017887712,0.92594886,0.3772248,0
-1.4958434,0.42626894,3.5744185,-0.43510377,-0.33247843,0.83674532,0
-1.7477782,1.1698689,1.9722981,-0.90020251,0.17909944,-0.39693657,0
-1.3645577,0.42917538,3.6438413,-0.43510377,-0.33247843,0.83674532,0
-1.4383787,-0.50371462,3.2347736,-0.43510377,-0.33247843,0.83674532,0
-1.8640038,-0.098439634,3.1744852,-0.43510377,-0.33247843,0.83674532,0
0.54251158,-1.5257823,-2.907835,-0.017887712,-0.92594886,-0.3772248,0
-0.47485065,-1.6375554,-2.1812634,-0.90020251,0.17909944,-0.39693657,0
-2.1336131,-1.6732397,1.5645013,-0.90020251,0.17909944,-0.39693657,0
1.1789794,-0.94173121,-3.9440041,0.43510377,0.33247843,-0.83674532,0
0.78294516,3.5922241,-2.2273765,0.017887712,0.92594886,0.3772248,0
-2.0918748,0.14235497,3.1516726,-0.43510377,-0.33247843,0.83674532,0
1.0333443,-1.9779205,-1.8212758,-0.017887712,-0.92594886,-0.3772248,0
0.96282303,2.2422047,1.0778983,0.017887712,0.92594886,0.3772248,0
2.0723634,-0.037828624,-3.1202853,0.43510377,0.33247843,-0.83674532,0
1.105511,-1.377088,-3.2995224,-0.017887712,-0.92594886,-0.3772248,0
1.1475378,-1.9790652,-0.97614062,0.90020251,-0.17909944,0.39693657,0
1.3106573,1.8255471,-2.7759616,0.43510377,0.33247843,-0.83674532,0
2.2069039,1.4415181,-1.8352697,0.90020251,-0.17909944,0.39693657,0
-2.3780336,-2.6496201,1.8934875,-0.43510377,-0.33247843,0.83674532,0
2.0278223,0.93143487,-1.6592863,0.90020251,-0.17909944,0.39693657,0
1.3191085,2.0445113,0.45021212,0.90020251,-0.17909944,0.39693657,0
-2.1179054,0.26577568,3.1871777,-0.43510377,-0.33247843,0.83674532,0
0.61230183,3.3694375,-1.6724252,0.017887712,0.92594886,0.3772248,0
-0.92835617,-1.9165692,2.9385889,-0.43510377,-0.33247843,0.83674532,0
-0.3156265,-0.1535027,-1.8727533,-0.90020251,0.17909944,-0.39693657,0
-1.9483312,1.2214918,3.6551065,-0.43510377,-0.33247843,0.83674532,0
0.57536626,-0.56562257,0.95922387,0.90020251,-0.17909944,0.39693657,0
-0.52063727,-0.81868637,3.3306394,0.90020251,-0.17909944,0.39693657,0
-0.062593341,0.57596707,2.9211261,0.90020251,-0.17909944,0.39693657,0
0.33914852,2.9275856,-0.57488692,0.017887712,0.92594886,0.3772248,0
-1.7765346,-0.62088311,3.0123775,-0.43510377,-0.33247843,0.83674532,0
-1.4100609,-2.0363841,2.6404967,-0.43510377,-0.33247843,0.83674532,0
-1.5316945,0.68254417,1.2623645,-0.90020251,0.17909944,-0.39693657,0
1.2668858,1.9245939,-2.7593665,0.43510377,0.33247843,-0.83674532,0
0.92334723,-1.1026504,-3.9645286,-0.017887712,-0.92594886,-0.3772248,0
0.69555044,2.6757469,-2.7579896,0.43510377,0.33247843,-0.83674532,0
0.050476074,2.1482799,1.3517122,0.017887712,0.92594886,0.3772248,0
-0.68491894,-0.69214737,3.5516961,-0.43510377,-0.33247843,0.83674532,0
2.0483961,2.0589142,-1.1972228,0.90020251,-0.17909944,0.39693657,0
1.3947763,3.1250672,-2.2158589,0.43510377,0.33247843,-0.83674532,0
-1.6915634,-2.8737662,0.50691068,-0.017887712,-0.92594886,-0.3772248,0
-1.5481468,-1.0861971,2.9462466,-0.43510377,-0.33247843,0.83674532,0
-1.7143673,-2.7718153,0.25773931,-0.017887712,-0.92594886,-0.3772248,0
-2.2292347,-1.8273326,2.2975957,-0.43510377,-0.33247843,0.83674532,0
-0.39352417,2.1384294,-0.66196257,-0.90020251,0.17909944,-0.39693657,0
0.58473277,-2.5980072,-0.27791703,-0.017887712,-0.92594886,-0.3772248,0
-2.1902034,-3.1925752,1.7754166,-0.43510377,-0.33247843,0.83674532,0
0.84563774,-0.65560603,0.30568093,0.90020251,-0.17909944,0.39693657,0
0.26710868,0.72880745,2.2423654,0.90020251,-0.17909944,0.39693657,0
-0.025109053,-1.4343975,1.9290323,0.90020251,-0.17909944,0.39693657,0
-0.7919668,-0.45685667,3.5895238,-0.43510377,-0.33247843,0.83674532,0
0.16672993,2.6388855,0.14194155,0.017887712,0.92594886,0.3772248,0
1.1336536,-2.2308943,-1.0582794,0.90020251,-0.17909944,0.39693657,0
0.91256475,-1.2792935,-3.5304227,-0.017887712,-0.92594886,-0.3772248,0
1.093787,3.5236959,-2.2139778,0.43510377,0.33247843,-0.83674532,0
0.060918972,-0.078965783,-2.6930799,-0.90020251,0.17909944,-0.39693657,0
1.0427434,3.1630087,-1.1861292,0.017887712,0.92594886,0.3772248,0
-0.24923015,1.6737822,2.5306423,0.017887712,0.92594886,0.3772248,0
2.2594762,-1.2522104,-3.5055187,0.43510377,0.33247843,-0.83674532,0
0.74879223,0.30657136,0.95945293,0.90020251,-0.17909944,0.39693657,0
-0.19660944,0.55099702,3.2137914,0.90020251,-0.17909944,0.39693657,0
1.6788321,-0.70837331,-1.6077082,0.90020251,-0.17909944,0.39693657,0
1.4587175,2.8371577,-0.40600908,0.017887712,0.92594886,0.3772248,0
0.18997765,2.1373394,1.3719522,0.017887712,0.92594886,0.3772248,0
1.621747,0.55315226,-3.1197791,0.43510377,0.33247843,-0.83674532,0
-0.2651639,-1.3044686,-2.5065167,-0.90020251,0.17909944,-0.39693657,0
-0.22170496,-2.9528787,0.63140345,-0.017887712,-0.92594886,-0.3772248,0
0.58900714,-2.3520608,-0.88182801,-0.017887712,-0.92594886,-0.3772248,0
-0.75671959,1.0796354,-0.3160125,-0.90020251,0.17909944,-0.39693657,0
-0.91325784,-3.0987523,1.0222625,-0.017887712,-0.92594886,-0.3772248,0
-0.57892787,-1.8216326,3.0103021,0.90020251,-0.17909944,0.39693657,0
-0.6477406,-2.8660812,0.43855,-0.017887712,-0.92594886,-0.3772248,0
0.71228433,-2.0252352,-0.0098725557,0.90020251,-0.17909944,0.39693657,0
1.0923045,2.9361708,-0.63167512,0.017887712,0.92594886,0.3772248,0
-1.1560129,1.5439123,2.8924243,0.017887712,0.92594886,0.3772248,0
-0.8586607,1.6853122,2.5312395,0.017887712,0.92594886,0.3772248,0
0.19074655,2.09266,1.4815876,0.017887712,0.92594886,0.3772248,0
-1.7240171,0.90632713,3.6465192,-0.43510377,-0.33247843,0.83674532,0
-1.1457514,0.28376827,3.6998427,-0.43510377,-0.33247843,0.83674532,0
1.6490321,1.693074,-0.45658308,0.90020251,-0.17909944,0.39693657,0
2.169847,-0.41128999,-3.217988,0.43510377,0.33247843,-0.83674532,0
-1.6344726,-0.10773385,3.2901475,-0.43510377,-0.33247843,0.83674532,0
1.4299251,-2.0222096,-1.7313676,-0.017887712,-0.92594886,-0.3772248,0
-2.1660485,-2.6611958,1.192292,-0.90020251,0.17909944,-0.39693657,0
-1.8389181,-0.5934639,2.9908333,-0.43510377,-0.33247843,0.83674532,0
-0.94216001,1.6781621,2.5527494,0.017887712,0.92594886,0.3772248,0
0.94917452,-1.293759,-0.21706443,0.90020251,-0.17909944,0.39693657,0
0.37867761,-2.515614,-0.47039133,-0.017887712,-0.92594886,-0.3772248,0
-0.92213655,1.8849852,2.0441251,0.017887712,0.92594886,0.3772248,0
-1.617565,1.3926605,3.2855787,0.017887712,0.92594886,0.3772248,0
1.9874576,2.9167352,-1.9904478,0.43510377,0.33247843,-0.83674532,0
2.1298299,-1.3274852,-3.4698513,-0.017887712,-0.92594886,-0.3772248,0
-0.60482818,-0.88953733,3.4896057,0.90020251,-0.17909944,0.39693657,0
-0.33846867,-0.98478681,2.8425589,0.90020251,-0.17909944,0.39693657,0
1.1374507,0.070253223,-3.5634894,0.43510377,0.33247843,-0.83674532,0
-1.6368133,-2.111079,0.24026716,-0.90020251,0.17909944,-0.39693657,0
0.51292872,-2.3768394,-0.81739861,-0.017887712,-0.92594886,-0.3772248,0
1.1593117,2.3972101,-2.627512,0.43510377,0.33247843,-0.83674532,0
0.60987079,1.4902979,1.8086114,0.90020251,-0.17909944,0.39693657,0
-0.80063212,-1.8362508,3.0369194,-0.43510377,-0.33247843,0.83674532,0
0.60160232,1.7612708,-3.0889602,-0.90020251,0.17909944,-0.39693657,0
-0.76685643,0.6821993,4.055182,-0.43510377,-0.33247843,0.83674532,0
1.1968606,2.7939992,-2.4503233,0.43510377,0.33247843,-0.83674532,0
0.06881547,-1.0701492,1.8803732,0.90020251,-0.17909944,0.39693657,0
0.51965809,-2.4948869,-0.52795374,-0.017887712,-0.92594886,-0.3772248,0
1.3488669,1.3468881,-2.9462867,0.43510377,0.33247843,-0.83674532,0
0.031641722,-0.7852453,-2.9453588,-0.90020251,0.17909944,-0.39693657,0
-1.6645453,-2.2672305,2.4164398,-0.43510377,-0.33247843,0.83674532,0
0.87347561,1.3548714,1.1496836,0.90020251,-0.17909944,0.39693657,0
2.0383041,1.6618041,-1.3535125,0.90020251,-0.17909944,0.39693657,0
-0.99969983,0.82350314,0.11946855,-0.90020251,0.17909944,-0.39693657,0
-0.94000578,2.1946652,1.284821,0.017887712,0.92594886,0.3772248,0
1.9708893,-0.99162984,-3.5520418,0.43510377,0.33247843,-0.83674532,0
1.0230801,2.6276789,0.12884247,0.017887712,0.92594886,0.3772248,0
-2.0966573,-0.88467675,2.7410975,-0.43510377,-0.33247843,0.83674532,0
-0.53601599,-2.649972,-0.09721756,-0.017887712,-0.92594886,-0.3772248,0
1.5750849,2.4560146,-2.3879457,0.43510377,0.33247843,-0.83674532,0
-0.16011626,0.9911989,-1.7089373,-0.90020251,0.17909944,-0.39693657,0
1.3339646,-0.92663205,-3.8574131,0.43510377,0.33247843,-0.83674532,0
-1.4864597,1.6593971,1.6005375,-0.90020251,0.17909944,-0.39693657,0
0.74266839,3.1617708,-2.5403681,0.43510377,0.33247843,-0.83674532,0
0.98317075,2.9469669,-2.5006599,0.43510377,0.33247843,-0.83674532,0
0.32448173,-1.2939,-3.4666831,-0.017887712,-0.92594886,-0.3772248,0
-2.0334804,0.17713654,2.1723104,-0.90020251,0.17909944,-0.39693657,0
1.2549522,2.0600731,-2.7117398,0.43510377,0.33247843,-0.83674532,0
-0.29706335,1.4473503,3.0887184,0.017887712,0.92594886,0.3772248,0
1.9586731,3.2874389,-1.534992,0.017887712,0.92594886,0.3772248,0
0.80952609,2.2079759,1.1691865,0.017887712,0.92594886,0.3772248,0
1.0802023,0.19463003,0.15734753,0.90020251,-0.17909944,0.39693657,0
-0.96163082,0.056749463,-0.31282943,-0.90020251,0.17909944,-0.39693657,0
0.50565505,-1.4723477,0.708202,0.90020251,-0.17909944,0.39693657,0
-1.6958985,-0.22649729,1.2245957,-0.90020251,0.17909944,-0.39693657,0
-0.52645183,-3.205925,1.2669904,-0.017887712,-0.92594886,-0.3772248,0
1.9378372,-1.2951097,-2.4598372,0.90020251,-0.17909944,0.39693657,0
-0.78317815,0.89620101,-0.33877379,-0.90020251,0.17909944,-0.39693657,0
1.1468996,-1.0194447,-3.9915645,0.43510377,0.33247843,-0.83674532,0
0.82062912,2.4335241,-2.789196,0.43510377,0.33247843,-0.83674532,0
-2.3800774,-3.3068345,1.6025832,-0.017887712,-0.92594886,-0.3772248,0
-0.69516373,2.2169518,0.057548702,-0.90020251,0.17909944,-0.39693657,0
-1.3596005,-3.4064727,1.7987696,-0.017887712,-0.92594886,-0.3772248,0
1.8252287,0.092728019,-3.1969178,0.43510377,0.33247843,-0.83674532,0
0.17478359,-0.96929216,-3.3530295,-0.90020251,0.17909944,-0.39693657,0
-2.2126818,-0.04166615,2.4799919,-0.90020251,0.17909944,-0.39693657,0
-2.0112553,-2.2760048,1.0150393,-0.90020251,0.17909944,-0.39693657,0
-2.0105972,0.07973206,3.1690536,-0.43510377,-0.33247843,0.83674532,0
0.94313025,-1.02965,-4.1015787,0.43510377,0.33247843,-0.83674532,0
1.0182495,-0.3584379,0.04830246,0.90020251,-0.17909944,0.39693657,0
0.9232403,1.3891126,1.0522728,0.90020251,-0.17909944,0.39693657,0
-1.3380611,-0.0180806,3.4799037,-0.43510377,-0.33247843,0.83674532,0
-2.1953022,-2.3012269,2.1269403,-0.43510377,-0.33247843,0.83674532,0
2.1379347,-0.45144171,-3.2505364,0.43510377,0.33247843,-0.83674532,0
-1.7810166,-0.45741117,1.3134437,-0.90020251,0.17909944,-0.39693657,0
1.8846439,-1.5780897,-2.8430824,-0.017887712,-0.92594886,-0.3772248,0
-1.9358739,1.3300591,3.4543362,0.017887712,0.92594886,0.3772248,0
1.0148734,0.74445015,-3.3593388,0.43510377,0.33247843,-0.83674532,0
1.0195367,1.2898968,-3.1401823,0.43510377,0.33247843,-0.83674532,0
-1.0372839,-2.1532538,2.7879009,-0.43510377,-0.33247843,0.83674532,0
-2.2818432,-3.1015632,1.2562041,-0.90020251,0.17909944,-0.39693657,0
0.60826516,3.1270282,-1.0772074,0.017887712,0.92594886,0.3772248,0
2.391469,3.2358389,-1.6535686,0.43510377,0.33247843,-0.83674532,0
0.029229164,-1.8265495,1.6288589,0.90020251,-0.17909944,0.39693657,0
-0.083154559,-1.6373489,-2.604311,-0.017887712,-0.92594886,-0.3772248,0
0.96800303,0.79187995,-3.3648648,0.43510377,0.33247843,-0.83674532,0
-0.53141737,2.5083354,-0.18233407,-0.90020251,0.17909944,-0.39693657,0
0.64309788,2.0219965,-3.0450308,0.43510377,0.33247843,-0.83674532,0
-1.5589203,-2.8838139,2.2263665,-0.43510377,-0.33247843,0.83674532,0
0.95745188,0.84384769,-3.3497024,0.43510377,0.33247843,-0.83674532,0
0.05498594,-0.34031177,-2.797545,-0.90020251,0.17909944,-0.39693657,0
-0.76938438,0.47442663,-0.56036282,-0.90020251,0.17909944,-0.39693657,0
-0.8454628,-0.83029497,-0.97652227,-0.90020251,0.17909944,-0.39693657,0
1.8746341,2.1900554,-0.74398041,0.90020251,-0.17909944,0.39693657,0
-1.9062073,-0.69152296,2.9168797,-0.43510377,-0.33247843,0.83674532,0
-0.82461339,-1.1874394,3.2822526,-0.43510377,-0.33247843,0.83674532,0
-2.2471681,-1.550739,1.877303,-0.90020251,0.17909944,-0.39693657,0
-0.28979295,-0.73210955,-2.1924102,-0.90020251,0.17909944,-0.39693657,0
0.48584938,3.2174575,-1.2933738,0.017887712,0.92594886,0.3772248,0
-0.34392548,-3.0045073,0.76392806,-0.017887712,-0.92594886,-0.3772248,0
0.84346408,1.4327918,1.2529041,0.90020251,-0.17909944,0.39693657,0
-2.3771319,-0.71082211,2.5510187,-0.90020251,0.17909944,-0.39693657,0
0.18189251,1.6513002,2.5653841,0.017887712,0.92594886,0.3772248,0
-0.86413789,-0.81632525,3.4091613,-0.43510377,-0.33247843,0.83674532,0
1.5720377,-0.26156092,-1.1639086,0.90020251,-0.17909944,0.39693657,0
-1.4642705,-2.7681305,0.23683608,-0.017887712,-0.92594886,-0.3772248,0
1.1611729,-1.5213516,-0.80054134,0.90020251,-0.17909944,0.39693657,0
0.95562917,-0.73233038,-3.9769404,0.43510377,0.33247843,-0.83674532,0
-0.52528191,-1.8680823,-2.0169802,-0.017887712,-0.92594886,-0.3772248,0
0.87439704,0.70108956,-3.449615,0.43510377,0.33247843,-0.83674532,0
