-0.94487834,-1.9705927,-2.368212,0.70719761,-0.69579828,-0.12544516,0
-3.3608298,-1.9145786,-1.6339386,-0.70490146,-0.68018281,-0.20116019,0
-2.6441774,-3.1866884,0.15616894,-0.70490146,-0.68018281,-0.20116019,0
1.3032159,2.8196375,-1.8305218,0.054641128,0.23068643,-0.97149277,0
3.0786481,2.1979892,1.6644585,0.70490146,0.68018281,0.20116019,0
-1.9941586,-0.76460922,0.97054064,-0.70719761,0.69579828,0.12544516,0
1.5813638,0.81901896,-2.2899356,0.054641128,0.23068643,-0.97149277,0
1.3387988,-0.30820584,2.5754745,-0.054641128,-0.23068643,0.97149277,0
-3.2561831,-2.3023095,-0.68960404,-0.70490146,-0.68018281,-0.20116019,0
2.6384373,2.9732218,-1.7189534,0.054641128,0.23068643,-0.97149277,0
3.2955384,1.6608132,2.7207878,0.70490146,0.68018281,0.20116019,0
-2.6785109,-2.9295163,-0.59309769,-0.70490146,-0.68018281,-0.20116019,0
3.2803168,1.6985574,2.6465037,0.70490146,0.68018281,0.20116019,0
-2.8970978,-1.9078207,-3.1893287,0.054641128,0.23068643,-0.97149277,0
1.8261122,0.5261026,-0.59499401,0.70719761,-0.69579828,-0.12544516,0
-1.1814187,-0.13667065,2.0694201,-0.70719761,0.69579828,0.12544516,0
0.9475286,-0.020100832,-2.5184231,0.70719761,-0.69579828,-0.12544516,0
-2.9240735,-2.4301007,-1.4212768,-0.70490146,-0.68018281,-0.20116019,0
-2.3430772,-3.6011398,0.50244331,-0.70490146,-0.68018281,-0.20116019,0
-0.18178356,1.0625668,1.0531384,-0.70719761,0.69579828,0.12544516,0
0.089928865,-0.6148423,2.4324198,-0.054641128,-0.23068643,0.97149277,0
3.4755759,2.2946486,-0.053284168,0.70490146,0.68018281,0.20116019,0
3.1823721,2.7012944,-1.7529306,0.054641128,0.23068643,-0.97149277,0
0.034428984,1.5009115,-0.15929902,-0.70719761,0.69579828,0.12544516,0
2.6332314,1.8281695,3.1555734,-0.054641128,-0.23068643,0.97149277,0
2.2196574,3.0454485,1.8090019,0.70490146,0.68018281,0.20116019,0
2.9699688,1.7062602,-0.69239879,0.70719761,-0.69579828,-0.12544516,0
-1.1943474,-0.78129399,-2.8260579,0.054641128,0.23068643,-0.97149277,0
-2.137063,-3.177135,-1.6531558,-0.70490146,-0.68018281,-0.20116019,0
0.57256532,2.347672,-1.8222222,-0.70719761,0.69579828,0.12544516,0
-2.5504112,-2.4757159,1.8420401,-0.054641128,-0.23068643,0.97149277,0
0.50132096,-0.7733531,-0.85590678,0.70719761,-0.69579828,-0.12544516,0
2.6015091,2.988672,0.66290283,0.70490146,0.68018281,0.20116019,0
3.3975248,1.9273157,1.4622836,0.70490146,0.68018281,0.20116019,0
-1.0091246,0.087703526,1.7962074,-0.70719761,0.69579828,0.12544516,0
-2.1806307,-0.98513508,-2.929934,0.054641128,0.23068643,-0.97149277,0
3.0719981,3.0847199,-1.3105438,0.70490146,0.68018281,0.20116019,0
2.7258422,0.88472152,2.4881101,0.70719761,-0.69579828,-0.12544516,0
-0.79454041,-2.016351,-1.2668784,0.70719761,-0.69579828,-0.12544516,0
-2.1822608,-1.0883383,1.7057201,-0.70719761,0.69579828,0.12544516,0
2.8264759,1.0591898,2.983844,-0.054641128,-0.23068643,0.97149277,0
-2.5667851,-3.2876956,0.22650719,-0.70490146,-0.68018281,-0.20116019,0
0.66078466,2.0538144,0.30503392,-0.70719761,0.69579828,0.12544516,0
-1.1853477,0.53976691,-1.7046789,-0.70719761,0.69579828,0.12544516,0
-0.6722157,-2.0117297,-0.60290504,0.70719761,-0.69579828,-0.12544516,0
2.5609419,3.6768258,-1.5562375,0.054641128,0.23068643,-0.97149277,0
-3.2648072,-2.1788568,1.6515653,-0.70719761,0.69579828,0.12544516,0
3.5197425,2.53896,-1.7725027,0.054641128,0.23068643,-0.97149277,0
-0.85112739,-1.6651162,2.1300969,-0.054641128,-0.23068643,0.97149277,0
3.1211107,2.097482,1.8555071,0.70490146,0.68018281,0.20116019,0
-1.9266953,-0.75521833,1.2987766,-0.70719761,0.69579828,0.12544516,0
3.3590379,1.4817793,3.1036413,0.70490146,0.68018281,0.20116019,0
-0.18226171,0.66751772,-2.4251051,0.054641128,0.23068643,-0.97149277,0
1.3535688,-0.4748379,2.2928877,0.70719761,-0.69579828,-0.12544516,0
-1.3893853,-2.5600684,-1.6045198,0.70719761,-0.69579828,-0.12544516,0
2.3545895,3.6701033,-0.77596998,0.70490146,0.68018281,0.20116019,0
2.4198937,3.6299522,-0.86904573,0.70490146,0.68018281,0.20116019,0
2.8445432,1.3443577,0.60785437,0.70719761,-0.69579828,-0.12544516,0
-1.766197,-0.45799065,-2.781451,0.054641128,0.23068643,-0.97149277,0
3.3894506,2.0853369,-0.43016839,0.70719761,-0.69579828,-0.12544516,0
2.3378634,1.415408,-2.1057706,0.054641128,0.23068643,-0.97149277,0
0.7688055,1.9435818,1.5254228,-0.70719761,0.69579828,0.12544516,0
2.900017,2.4410994,1.4683843,0.70490146,0.68018281,0.20116019,0
0.013874888,-1.2083578,-1.1910739,0.70719761,-0.69579828,-0.12544516,0
2.576457,3.0937264,0.39546871,0.70490146,0.68018281,0.20116019,0
-3.3727012,-2.521137,0.45861745,-0.70490146,-0.68018281,-0.20116019,0
-3.3852379,-1.5636885,-2.7348742,-0.70490146,-0.68018281,-0.20116019,0
-0.074445963,-0.56681031,2.4345801,-0.054641128,-0.23068643,0.97149277,0
-0.53681374,-2.223053,1.332556,0.70719761,-0.69579828,-0.12544516,0
0.18949819,-0.014387369,2.5806015,-0.054641128,-0.23068643,0.97149277,0
2.6433327,2.8161843,1.0995784,0.70490146,0.68018281,0.20116019,0
-1.8524004,-0.6926381,1.3705049,-0.70719761,0.69579828,0.12544516,0
3.371702,2.2271252,-1.3166728,0.70719761,-0.69579828,-0.12544516,0
-0.6486398,-2.3336511,1.3155835,0.70719761,-0.69579828,-0.12544516,0
1.8038608,0.56464159,-0.9341985,0.70719761,-0.69579828,-0.12544516,0
-0.97208071,-0.57075298,2.3831568,-0.054641128,-0.23068643,0.97149277,0
2.8932996,3.0576408,-0.59278965,0.70490146,0.68018281,0.20116019,0
2.1379838,3.4165385,0.84043264,0.70490146,0.68018281,0.20116019,0
1.9377679,2.6804807,-1.8278754,0.054641128,0.23068643,-0.97149277,0
0.49343967,-0.40592539,-2.6419954,0.054641128,0.23068643,-0.97149277,0
2.1517627,3.5632463,0.29608727,0.70490146,0.68018281,0.20116019,0
1.6529684,1.1336536,2.9355226,-0.054641128,-0.23068643,0.97149277,0
2.3901043,1.5576251,3.0776567,-0.054641128,-0.23068643,0.97149277,0
1.2182715,1.2859945,2.9472473,-0.054641128,-0.23068643,0.97149277,0
-1.7219094,-2.9344513,-1.4025595,0.70719761,-0.69579828,-0.12544516,0
1.2436717,2.3540425,1.925806,-0.70719761,0.69579828,0.12544516,0
3.2999339,1.5846457,2.9629312,0.70490146,0.68018281,0.20116019,0
0.91047215,0.39324713,-2.4287717,0.054641128,0.23068643,-0.97149277,0
-2.5816751,-1.437732,1.3919799,-0.70719761,0.69579828,0.12544516,0
-1.0623775,-2.7278137,1.1694119,0.70719761,-0.69579828,-0.12544516,0
-0.27769467,1.1594329,-0.024840832,-0.70719761,0.69579828,0.12544516,0
3.393388,1.9588081,1.3702948,0.70490146,0.68018281,0.20116019,0
0.12449765,-1.3027035,2.2710276,-0.054641128,-0.23068643,0.97149277,0
-2.3656819,-3.3166394,-0.38032722,-0.70490146,-0.68018281,-0.20116019,0
0.58800125,0.57747245,-2.4031637,0.054641128,0.23068643,-0.97149277,0
-0.53500253,-2.1284487,0.81803036,0.70719761,-0.69579828,-0.12544516,0
-2.5086184,-3.1823993,-0.33335829,-0.70490146,-0.68018281,-0.20116019,0
-1.2290677,-0.36443511,2.4176941,-0.054641128,-0.23068643,0.97149277,0
-0.44060874,-1.6207432,-1.4658777,0.70719761,-0.69579828,-0.12544516,0
-1.8060148,-1.3452574,-2.9943771,0.054641128,0.23068643,-0.97149277,0
-0.060689092,1.6637157,-1.5985416,-0.70719761,0.69579828,0.12544516,0
3.1289473,2.0733271,1.9097207,0.70490146,0.68018281,0.20116019,0
3.075531,2.9170108,-0.75584745,0.70490146,0.68018281,0.20116019,0
-3.5188475,-2.1026053,-0.44444036,-0.70490146,-0.68018281,-0.20116019,0
-1.1268063,-0.07990849,-2.6557112,0.054641128,0.23068643,-0.97149277,0
-2.3553288,-3.7784672,1.1449723,-0.70490146,-0.68018281,-0.20116019,0
0.55619562,2.3574748,-1.9822809,0.054641128,0.23068643,-0.97149277,0
1.2609472,-0.2037394,2.595902,-0.054641128,-0.23068643,0.97149277,0
1.7576377,2.7667086,2.5343871,-0.70719761,0.69579828,0.12544516,0
-1.1276219,0.085146189,1.142364,-0.70719761,0.69579828,0.12544516,0
-2.977361,-3.0192208,0.7574451,-0.70490146,-0.68018281,-0.20116019,0
-1.2878494,-1.739567,2.0878551,-0.054641128,-0.23068643,0.97149277,0
0.13747883,-1.109396,2.3176599,-0.054641128,-0.23068643,0.97149277,0
-1.9425038,-3.1616185,-1.3861465,0.70719761,-0.69579828,-0.12544516,0
1.9333985,0.27070689,1.4264182,0.70719761,-0.69579828,-0.12544516,0
0.53573275,0.42975676,2.7055399,-0.054641128,-0.23068643,0.97149277,0
-3.1173651,-2.8665042,0.73166466,-0.70490146,-0.68018281,-0.20116019,0
-3.1703408,-2.0146415,-1.9631026,-0.70490146,-0.68018281,-0.20116019,0
1.6190369,0.53521311,-1.8129156,0.70719761,-0.69579828,-0.12544516,0
3.0673366,2.831013,-0.43635058,0.70490146,0.68018281,0.20116019,0
-1.6685064,-1.0328057,-2.9124494,0.054641128,0.23068643,-0.97149277,0
1.6994114,0.31428462,-0.13439465,0.70719761,-0.69579828,-0.12544516,0
-3.3812354,-2.2653461,-0.37638235,-0.70490146,-0.68018281,-0.20116019,0
-0.49468327,-1.2017729,-2.8865504,0.054641128,0.23068643,-0.97149277,0
-2.6372967,-1.9122148,-3.1757596,0.054641128,0.23068643,-0.97149277,0
2.6311495,3.0660639,0.29735184,0.70490146,0.68018281,0.20116019,0
0.55645514,-0.66076517,-1.1695718,0.70719761,-0.69579828,-0.12544516,0
1.778214,-0.023919702,2.1857502,0.70719761,-0.69579828,-0.12544516,0
2.0998394,0.68441534,2.8539824,-0.054641128,-0.23068643,0.97149277,0
-2.4375877,-3.081738,1.7044823,-0.054641128,-0.23068643,0.97149277,0
-2.8594525,-2.0491989,-2.9356644,-0.70490146,-0.68018281,-0.20116019,0
-3.1529193,-1.4541732,-1.7372203,-0.70719761,0.69579828,0.12544516,0
-3.0659206,-2.8534846,0.50737166,-0.70490146,-0.68018281,-0.20116019,0
1.763826,0.11063659,1.3583033,0.70719761,-0.69579828,-0.12544516,0
-2.0864363,-0.84908283,0.91886938,-0.70719761,0.69579828,0.12544516,0
0.17281061,1.5709965,0.23209119,-0.70719761,0.69579828,0.12544516,0
1.7441905,2.7473764,2.5658028,-0.70719761,0.69579828,0.12544516,0
1.3376424,1.9088018,3.1018505,-0.054641128,-0.23068643,0.97149277,0
-1.9865223,-3.4868712,0.16975546,0.70719761,-0.69579828,-0.12544516,0
0.39468849,-0.71979475,-1.7541163,0.70719761,-0.69579828,-0.12544516,0
-0.6650784,1.1515245,-2.1648545,-0.70719761,0.69579828,0.12544516,0
0.81350785,2.5450046,-1.5584395,-0.70719761,0.69579828,0.12544516,0
2.7248969,2.4137745,2.1744301,0.70490146,0.68018281,0.20116019,0
-2.4350867,-2.9222457,-1.4706836,-0.70490146,-0.68018281,-0.20116019,0
3.2660599,2.9119506,-1.6982019,0.054641128,0.23068643,-0.97149277,0
0.42114401,-0.10560523,-2.574749,0.054641128,0.23068643,-0.97149277,0
-1.8013361,-0.54592782,0.8446331,-0.70719761,0.69579828,0.12544516,0
-1.0372019,-2.5824022,0.50479484,0.70719761,-0.69579828,-0.12544516,0
1.6576254,3.015291,0.59176922,-0.70719761,0.69579828,0.12544516,0
-1.3820655,-2.268595,-3.1799476,0.70719761,-0.69579828,-0.12544516,0
-2.3315673,-2.3856263,1.8757411,-0.054641128,-0.23068643,0.97149277,0
-2.5010283,-3.5126243,0.75663543,-0.70490146,-0.68018281,-0.20116019,0
3.1767204,1.5607234,3.1226356,-0.054641128,-0.23068643,0.97149277,0
0.067396402,-0.81893086,-2.7640285,0.054641128,0.23068643,-0.97149277,0
2.6194515,2.748101,1.4134717,0.70490146,0.68018281,0.20116019,0
1.6842227,2.0359273,-1.9951887,0.054641128,0.23068643,-0.97149277,0
0.44454241,-1.3648088,2.2742813,-0.054641128,-0.23068643,0.97149277,0
-2.403872,-3.1090903,-0.94828749,-0.70490146,-0.68018281,-0.20116019,0
0.14543724,1.2351875,1.940383,-0.70719761,0.69579828,0.12544516,0
2.6675141,3.3195486,-0.68718481,0.70490146,0.68018281,0.20116019,0
-0.66062248,-2.4422131,1.8501835,0.70719761,-0.69579828,-0.12544516,0
-1.3864658,-2.5020123,-1.9100749,0.70719761,-0.69579828,-0.12544516,0
3.2555814,2.5927019,-0.29019189,0.70490146,0.68018281,0.20116019,0
-0.78980613,-2.4339335,1.0759873,0.70719761,-0.69579828,-0.12544516,0
1.7734807,1.6073854,3.054791,-0.054641128,-0.23068643,0.97149277,0
-0.81383181,-1.4780054,2.1766253,-0.054641128,-0.23068643,0.97149277,0
-1.4952416,-0.20686436,0.68958074,-0.70719761,0.69579828,0.12544516,0
2.7753944,1.5439098,-0.88881397,0.70719761,-0.69579828,-0.12544516,0
0.40819347,2.1986651,-2.0283155,0.054641128,0.23068643,-0.97149277,0
1.2520881,2.4277477,1.5644374,-0.70719761,0.69579828,0.12544516,0
2.3537166,3.2238045,0.73615837,0.70490146,0.68018281,0.20116019,0
-2.2187376,-3.1665146,-1.4028645,-0.70490146,-0.68018281,-0.20116019,0
-2.6646426,-2.9254477,-0.65545225,-0.70490146,-0.68018281,-0.20116019,0
-0.95496905,-2.4481297,0.22362232,0.70719761,-0.69579828,-0.12544516,0
2.6997218,1.5260594,-1.2164099,0.70719761,-0.69579828,-0.12544516,0
-1.25014,-2.2600055,1.9663951,-0.054641128,-0.23068643,0.97149277,0
2.9044261,2.3264427,-1.8575745,0.054641128,0.23068643,-0.97149277,0
3.3300536,2.1717298,0.87227774,0.70490146,0.68018281,0.20116019,0
-1.2943869,-2.2791097,-2.6273379,0.70719761,-0.69579828,-0.12544516,0
2.0633283,2.0261421,-1.9761897,0.054641128,0.23068643,-0.97149277,0
-1.9226334,-0.26562333,-1.3939259,-0.70719761,0.69579828,0.12544516,0
1.1641661,1.4419361,-2.1654856,0.054641128,0.23068643,-0.97149277,0
-1.8850627,-0.64912319,-2.8335218,0.054641128,0.23068643,-0.97149277,0
2.2507257,1.1878929,2.9820225,-0.054641128,-0.23068643,0.97149277,0
-1.8976765,-2.4986274,-3.2734067,0.054641128,0.23068643,-0.97149277,0
-1.8087311,-0.5968107,1.0851722,-0.70719761,0.69579828,0.12544516,0
2.7678738,2.3773482,2.1469996,0.70490146,0.68018281,0.20116019,0
-2.04321,-3.0071762,-2.5567145,-0.70490146,-0.68018281,-0.20116019,0
3.3763835,2.3082528,0.24830484,0.70490146,0.68018281,0.20116019,0
-2.7358565,-2.5432849,-1.6981122,-0.70490146,-0.68018281,-0.20116019,0
0.75095296,2.4713554,-1.502588,-0.70719761,0.69579828,0.12544516,0
-2.4920781,-1.1953826,0.55286014,-0.70719761,0.69579828,0.12544516,0
2.8637028,2.9014382,-1.7233291,0.054641128,0.23068643,-0.97149277,0
-1.4481739,-1.9223268,2.0354404,-0.054641128,-0.23068643,0.97149277,0
-0.17447734,-1.783731,0.93847108,0.70719761,-0.69579828,-0.12544516,0
-2.3837166,-3.7173097,1.0376568,-0.70490146,-0.68018281,-0.20116019,0
2.3256412,3.5211382,-0.17083406,0.70490146,0.68018281,0.20116019,0
-2.2099166,-3.4140475,-0.59679127,-0.70490146,-0.68018281,-0.20116019,0
-1.0422918,-0.11314744,2.4878688,-0.054641128,-0.23068643,0.97149277,0
1.6628782,2.1345515,-1.9729702,0.054641128,0.23068643,-0.97149277,0
1.2426403,2.2383504,2.5616925,-0.70719761,0.69579828,0.12544516,0
0.1625917,-0.27739048,2.5166366,-0.054641128,-0.23068643,0.97149277,0
3.1225924,1.3701345,2.0323815,0.70719761,-0.69579828,-0.12544516,0
-0.065345764,-0.17298798,-2.6181118,0.054641128,0.23068643,-0.97149277,0
-1.1435313,-2.6366029,0.20599294,0.70719761,-0.69579828,-0.12544516,0
-1.5518878,-2.5087657,-2.8051808,0.70719761,-0.69579828,-0.12544516,0
-1.5929254,-0.44212618,1.4437991,-0.70719761,0.69579828,0.12544516,0
3.2264493,2.1515141,-1.7161496,0.70719761,-0.69579828,-0.12544516,0
2.5086606,1.3187866,3.0276113,-0.054641128,-0.23068643,0.97149277,0
0.33810446,-1.1551552,0.341676,0.70719761,-0.69579828,-0.12544516,0
-0.2872982,-1.6077359,-0.67373669,0.70719761,-0.69579828,-0.12544516,0
-3.1467361,-1.7095737,-3.0773442,-0.70490146,-0.68018281,-0.20116019,0
2.5707426,2.5716915,2.1806517,0.70490146,0.68018281,0.20116019,0
2.2254858,3.3134525,0.88237476,0.70490146,0.68018281,0.20116019,0
-2.946703,-2.5554104,-0.91826892,-0.70490146,-0.68018281,-0.20116019,0
1.6556251,-0.052628756,1.6538925,0.70719761,-0.69579828,-0.12544516,0
-2.7543852,-2.4355989,-1.997303,-0.70490146,-0.68018281,-0.20116019,0
-0.082933664,-0.26291555,2.5062644,-0.054641128,-0.23068643,0.97149277,0
2.2363789,0.34200943,2.7389822,0.70719761,-0.69579828,-0.12544516,0
-2.7893248,-3.2482548,0.87296581,-0.70490146,-0.68018281,-0.20116019,0
1.3119924,2.6563163,0.63436294,-0.70719761,0.69579828,0.12544516,0
1.2765858,2.1292217,3.1507561,-0.054641128,-0.23068643,0.97149277,0
1.6290965,0.75338954,-2.302835,0.054641128,0.23068643,-0.97149277,0
-2.1900525,-2.6844766,-3.1332984,-0.70490146,-0.68018281,-0.20116019,0
-0.041505508,1.3825748,0.068989515,-0.70719761,0.69579828,0.12544516,0
0.068306684,-1.6430855,2.1870415,-0.054641128,-0.23068643,0.97149277,0
1.6401134,0.015637636,1.1877966,0.70719761,-0.69579828,-0.12544516,0
-0.65139937,-2.2214148,0.67749453,0.70719761,-0.69579828,-0.12544516,0
-2.5371258,-3.2751598,0.080189705,-0.70490146,-0.68018281,-0.20116019,0
-2.9068437,-1.4773291,-0.2215271,-0.70719761,0.69579828,0.12544516,0
-0.086511612,0.46260452,2.6783419,-0.054641128,-0.23068643,0.97149277,0
0.64551723,1.0215075,-2.2944899,0.054641128,0.23068643,-0.97149277,0
-3.1181271,-3.0411472,1.3248551,-0.70490146,-0.68018281,-0.20116019,0
1.5063086,-0.36175895,2.5721796,-0.054641128,-0.23068643,0.97149277,0
-2.4127412,-3.8251264,1.5039256,-0.70490146,-0.68018281,-0.20116019,0
-2.6577513,-1.2598515,-0.023539066,-0.70719761,0.69579828,0.12544516,0
1.4518642,1.929413,3.1131687,-0.054641128,-0.23068643,0.97149277,0
2.6277561,2.7317224,1.4397519,0.70490146,0.68018281,0.20116019,0
-1.8395967,-1.034162,2.2243247,-0.054641128,-0.23068643,0.97149277,0
2.846637,1.8974092,-1.962701,0.054641128,0.23068643,-0.97149277,0
1.3313956,1.8444121,-2.0605099,0.054641128,0.23068643,-0.97149277,0
-1.0654702,-2.7713618,1.39352,0.70719761,-0.69579828,-0.12544516,0
-2.6571755,-0.87581336,-2.1504104,-0.70719761,0.69579828,0.12544516,0
3.4534731,2.7475009,-1.5070624,0.70490146,0.68018281,0.20116019,0
-2.6487699,-0.80190158,-2.512985,-0.70719761,0.69579828,0.12544516,0
0.76892447,0.92634255,2.8365729,-0.054641128,-0.23068643,0.97149277,0
-0.38902318,0.73566186,1.6980453,-0.70719761,0.69579828,0.12544516,0
-2.4026532,-3.1990685,-0.64831448,-0.70490146,-0.68018281,-0.20116019,0
-1.4190303,-2.806464,-0.40497756,0.70719761,-0.69579828,-0.12544516,0
3.2103798,1.842101,2.4062102,0.70490146,0.68018281,0.20116019,0
1.3472984,0.14204097,2.6828663,-0.054641128,-0.23068643,0.97149277,0
0.85131669,-0.35613084,2.5366764,-0.054641128,-0.23068643,0.97149277,0
0.67425036,1.7501916,2.065032,-0.70719761,0.69579828,0.12544516,0
2.5460782,1.5059755,-1.9711764,0.70719761,-0.69579828,-0.12544516,0
1.726536,3.1939499,-1.7178297,0.054641128,0.23068643,-0.97149277,0
1.2161074,-0.54541123,1.9093913,0.70719761,-0.69579828,-0.12544516,0
-2.5627842,-2.3062685,-3.106015,-0.70490146,-0.68018281,-0.20116019,0
3.4070096,2.3104453,-1.5797739,0.70719761,-0.69579828,-0.12544516,0
2.7378511,2.5465546,1.6800673,0.70490146,0.68018281,0.20116019,0
-1.0281984,-1.1207867,2.2493918,-0.054641128,-0.23068643,0.97149277,0
0.89067686,1.065218,-2.2703218,0.054641128,0.23068643,-0.97149277,0
2.2114284,2.7017522,2.99998,0.70490146,0.68018281,0.20116019,0
0.80779541,1.6665809,-2.1321864,0.054641128,0.23068643,-0.97149277,0
1.7097907,0.25017512,0.27971101,0.70719761,-0.69579828,-0.12544516,0
0.50237167,1.0068164,-2.3060296,0.054641128,0.23068643,-0.97149277,0
-0.62813926,-0.59040773,2.3978343,-0.054641128,-0.23068643,0.97149277,0
-0.79460251,0.59005272,0.21923067,-0.70719761,0.69579828,0.12544516,0
-2.9924331,-3.1935039,1.3995643,-0.70490146,-0.68018281,-0.20116019,0
-0.92683947,-2.3400285,-0.21739531,0.70719761,-0.69579828,-0.12544516,0
-3.2368779,-2.0625699,-1.567884,-0.70490146,-0.68018281,-0.20116019,0
-2.3814712,-2.77142,-2.1685488,-0.70490146,-0.68018281,-0.20116019,0
-2.167968,-0.71691024,-2.8655305,0.054641128,0.23068643,-0.97149277,0
2.3956704,0.628757,2.8574049,-0.054641128,-0.23068643,0.97149277,0
-2.4923909,-2.3662858,-3.149749,-0.70490146,-0.68018281,-0.20116019,0
1.9020439,3.1093638,-1.728044,0.054641128,0.23068643,-0.97149277,0
1.0323869,-0.34434474,-0.24157256,0.70719761,-0.69579828,-0.12544516,0
3.353101,1.8782047,1.7840121,0.70490146,0.68018281,0.20116019,0
-2.1293092,-3.254873,-1.4174719,-0.70490146,-0.68018281,-0.20116019,0
1.1348732,-0.64631951,2.4837179,-0.054641128,-0.23068643,0.97149277,0
2.2928166,3.687777,-0.61926746,0.70490146,0.68018281,0.20116019,0
-2.6483994,-1.3641764,0.60783422,-0.70719761,0.69579828,0.12544516,0
-2.212121,-3.8125789,0.75848842,-0.70490146,-0.68018281,-0.20116019,0
-2.2795823,-3.7228978,0.6916461,-0.70490146,-0.68018281,-0.20116019,0
-2.4757247,-2.9056582,1.7441487,-0.054641128,-0.23068643,0.97149277,0
2.2020895,2.9076457,2.3365169,0.70490146,0.68018281,0.20116019,0
-1.3230525,-1.199281,2.214169,-0.054641128,-0.23068643,0.97149277,0
-1.9617084,-3.6114364,1.605468,-0.054641128,-0.23068643,0.97149277,0
2.7766631,2.2338114,2.6015399,0.70490146,0.68018281,0.20116019,0
-0.70338035,0.92986572,-1.1513213,-0.70719761,0.69579828,0.12544516,0
1.5920591,-0.13027453,1.7262115,0.70719761,-0.69579828,-0.12544516,0
-0.424703,-1.5835373,2.1734524,-0.054641128,-0.23068643,0.97149277,0
-0.92144096,-2.6135116,1.3299491,0.70719761,-0.69579828,-0.12544516,0
3.3806829,1.8579489,1.7558503,0.70490146,0.68018281,0.20116019,0
-2.837563,-2.5385494,-1.3577266,-0.70490146,-0.68018281,-0.20116019,0
-1.636917,-0.12183905,-0.58071613,-0.70719761,0.69579828,0.12544516,0
-2.0934353,-3.1870706,-1.7724395,-0.70490146,-0.68018281,-0.20116019,0
-2.2756357,-3.6769323,0.52239466,-0.70490146,-0.68018281,-0.20116019,0
2.5075188,1.5506388,3.0826015,-0.054641128,-0.23068643,0.97149277,0
-2.5950463,-1.7693472,2.0072608,-0.054641128,-0.23068643,0.97149277,0
3.6053987,2.4413528,-1.1874511,0.70719761,-0.69579828,-0.12544516,0
-0.73880112,-1.8596761,-1.8216655,0.70719761,-0.69579828,-0.12544516,0
-1.443285,-2.796277,-0.59821463,0.70719761,-0.69579828,-0.12544516,0
2.2532072,2.8220832,2.446702,0.70490146,0.68018281,0.20116019,0
3.3026183,2.7193625,-0.88329482,0.70490146,0.68018281,0.20116019,0
0.020780683,1.3166131,0.78599298,-0.70719761,0.69579828,0.12544516,0
2.0620666,2.9026661,2.8440189,0.70490146,0.68018281,0.20116019,0
1.521842,2.0171626,-2.0087774,0.054641128,0.23068643,-0.97149277,0
-1.7437904,-1.9554086,-3.135761,0.054641128,0.23068643,-0.97149277,0
3.5127964,2.180784,0.20130038,0.70490146,0.68018281,0.20116019,0
-2.5777023,-0.70755768,-2.6356306,-0.70719761,0.69579828,0.12544516,0
-1.3124598,0.22749591,-0.68922061,-0.70719761,0.69579828,0.12544516,0
2.3492,3.7897925,-1.1617918,0.70490146,0.68018281,0.20116019,0
2.1610043,1.172866,-2.1733112,0.054641128,0.23068643,-0.97149277,0
3.1117892,2.0671048,-1.8943568,0.70719761,-0.69579828,-0.12544516,0
-2.8200839,-2.7665539,-0.64802504,-0.70490146,-0.68018281,-0.20116019,0
0.11705661,-1.1703491,-0.82020748,0.70719761,-0.69579828,-0.12544516,0
-3.3631101,-1.8651897,-1.792948,-0.70490146,-0.68018281,-0.20116019,0
-2.5042028,-0.78348935,-1.8001142,-0.70719761,0.69579828,0.12544516,0
-0.21228504,1.5440801,-1.7895893,-0.70719761,0.69579828,0.12544516,0
1.0505059,-0.46665406,2.5216351,-0.054641128,-0.23068643,0.97149277,0
3.3583746,2.7503843,-1.7313747,0.054641128,0.23068643,-0.97149277,0
-3.1689923,-1.6157008,-0.93189526,-0.70719761,0.69579828,0.12544516,0
-1.81761,-3.4128165,0.71124458,0.70719761,-0.69579828,-0.12544516,0
-1.5917387,-2.5061004,-3.0446265,0.70719761,-0.69579828,-0.12544516,0
-2.9621494,-2.5666184,-0.82624221,-0.70490146,-0.68018281,-0.20116019,0
2.0701137,3.3111322,1.2762513,-0.70719761,0.69579828,0.12544516,0
-1.3190706,-0.5137009,-2.7695312,0.054641128,0.23068643,-0.97149277,0
2.8663907,2.8020043,0.36588907,0.70490146,0.68018281,0.20116019,0
1.1406742,-0.10688722,-0.94819134,0.70719761,-0.69579828,-0.12544516,0
1.8619119,0.65406656,-1.102942,0.70719761,-0.69579828,-0.12544516,0
2.122997,1.0759578,2.9482589,-0.054641128,-0.23068643,0.97149277,0
3.0563555,2.1062012,2.0529377,0.70490146,0.68018281,0.20116019,0
3.4881334,2.5707481,-1.0308635,0.70490146,0.68018281,0.20116019,0
3.3994074,2.5013778,-0.48539042,0.70490146,0.68018281,0.20116019,0
-2.936615,-2.2722266,-1.9111466,-0.70490146,-0.68018281,-0.20116019,0
-2.4699721,-1.2472819,0.96534884,-0.70719761,0.69579828,0.12544516,0
1.6718585,2.5234127,-1.8801279,0.054641128,0.23068643,-0.97149277,0
-0.84134591,-2.184104,-0.60028005,0.70719761,-0.69579828,-0.12544516,0
0.89903498,-0.49763381,-0.14310591,0.70719761,-0.69579828,-0.12544516,0
0.9311713,2.6816597,-1.6530873,-0.70719761,0.69579828,0.12544516,0
-3.0160654,-1.2836514,-1.911526,-0.70719761,0.69579828,0.12544516,0
1.2722992,2.7101004,0.11227393,-0.70719761,0.69579828,0.12544516,0
-3.5389633,-2.1622152,-0.17239189,-0.70490146,-0.68018281,-0.20116019,0
-0.85855818,-2.557734,1.3750732,0.70719761,-0.69579828,-0.12544516,0
0.25068569,-0.8802402,2.3784413,-0.054641128,-0.23068643,0.97149277,0
-0.4607774,-1.5707432,-1.8569117,0.70719761,-0.69579828,-0.12544516,0
3.3220828,2.1164618,-0.98259139,0.70719761,-0.69579828,-0.12544516,0
-0.33192778,-1.0297773,2.310164,-0.054641128,-0.23068643,0.97149277,0
1.8031951,3.4588661,-1.0479283,-0.70719761,0.69579828,0.12544516,0
2.6670148,1.8467984,3.1618979,-0.054641128,-0.23068643,0.97149277,0
-1.4152286,-1.2780032,-2.9564276,0.054641128,0.23068643,-0.97149277,0
-2.8427846,-2.265074,-2.2641325,-0.70490146,-0.68018281,-0.20116019,0
-1.0425395,-2.2077489,-1.6033599,0.70719761,-0.69579828,-0.12544516,0
-3.1067986,-1.6232995,-0.5391326,-0.70719761,0.69579828,0.12544516,0
-2.6717629,-3.3557544,0.82449532,-0.70490146,-0.68018281,-0.20116019,0
-0.32072473,0.10659117,2.5806313,-0.054641128,-0.23068643,0.97149277,0
0.40664411,1.3425143,2.8176355,-0.70719761,0.69579828,0.12544516,0
3.2233648,1.6630143,2.9662545,0.70490146,0.68018281,0.20116019,0
-2.3651981,-2.7024138,-2.458904,-0.70490146,-0.68018281,-0.20116019,0
0.065010071,0.76023471,2.7575378,-0.054641128,-0.23068643,0.97149277,0
3.533143,2.1258886,0.31561732,0.70490146,0.68018281,0.20116019,0
-0.81888986,-1.7340069,-2.9702065,0.70719761,-0.69579828,-0.12544516,0
0.76440692,-0.59112906,-0.38348895,0.70719761,-0.69579828,-0.12544516,0
-3.5614979,-2.3834569,1.113812,-0.70719761,0.69579828,0.12544516,0
2.1037371,2.5510859,-1.8492659,0.054641128,0.23068643,-0.97149277,0
-3.1112328,-2.7140656,0.19473386,-0.70490146,-0.68018281,-0.20116019,0
1.2059996,-0.25800312,2.5799263,-0.054641128,-0.23068643,0.97149277,0
2.6474361,2.8301888,1.0378447,0.70490146,0.68018281,0.20116019,0
2.3548074,1.0008547,-0.24774849,0.70719761,-0.69579828,-0.12544516,0
2.6327367,3.4103656,-0.87239647,0.70490146,0.68018281,0.20116019,0
3.245471,1.7608144,2.5581002,0.70490146,0.68018281,0.20116019,0
-2.8369212,-1.6338198,1.0406551,-0.70719761,0.69579828,0.12544516,0
-2.8837938,-2.390209,-1.69731,-0.70490146,-0.68018281,-0.20116019,0
-0.86321163,0.97788835,-2.3897054,0.054641128,0.23068643,-0.97149277,0
1.9000931,2.9858565,2.1219454,-0.70719761,0.69579828,0.12544516,0
2.4835982,2.5663865,2.5039585,0.70490146,0.68018281,0.20116019,0
2.3779283,3.1924639,0.75728846,0.70490146,0.68018281,0.20116019,0
-1.3924404,-0.88557577,2.2847574,-0.054641128,-0.23068643,0.97149277,0
0.69588858,2.2221873,-0.430969,-0.70719761,0.69579828,0.12544516,0
2.4060977,3.8008304,-1.3984921,0.70490146,0.68018281,0.20116019,0
2.4769537,3.2188392,0.32110071,0.70490146,0.68018281,0.20116019,0
-0.36743987,0.79489046,1.4912021,-0.70719761,0.69579828,0.12544516,0
2.5421689,2.4378204,-1.8515022,0.054641128,0.23068643,-0.97149277,0
2.3990364,2.5297244,-1.8377296,0.054641128,0.23068643,-0.97149277,0
1.4598575,0.020218372,0.14619672,0.70719761,-0.69579828,-0.12544516,0
0.57649517,-0.7883538,-0.34890842,0.70719761,-0.69579828,-0.12544516,0
2.9869995,1.2828692,3.0459869,-0.054641128,-0.23068643,0.97149277,0
1.6355128,0.71771502,2.8357735,-0.054641128,-0.23068643,0.97149277,0
-2.1556783,-2.9912515,-2.2164531,-0.70490146,-0.68018281,-0.20116019,0
3.2633731,1.716738,2.6444018,0.70490146,0.68018281,0.20116019,0
-0.66629159,0.94191074,-1.0090408,-0.70719761,0.69579828,0.12544516,0
-2.5419593,-3.3665922,0.40628505,-0.70490146,-0.68018281,-0.20116019,0
0.49974823,-0.25593805,2.5406938,-0.054641128,-0.23068643,0.97149277,0
-2.8190129,-1.9806937,-3.2022405,0.054641128,0.23068643,-0.97149277,0
0.85092199,-0.34989226,-1.2338111,0.70719761,-0.69579828,-0.12544516,0
2.2549927,3.7289245,-1.5610743,0.054641128,0.23068643,-0.97149277,0
-3.1221151,-1.3751543,-2.001847,-0.70719761,0.69579828,0.12544516,0
0.22788614,-1.0092839,-1.0887749,0.70719761,-0.69579828,-0.12544516,0
1.3979869,-0.31033218,1.6308435,0.70719761,-0.69579828,-0.12544516,0
-2.7455401,-2.1375415,-3.0361207,-0.70490146,-0.68018281,-0.20116019,0
2.4858177,3.5535982,-0.84187913,0.70490146,0.68018281,0.20116019,0
1.2147219,0.2245743,-2.3692427,0.70719761,-0.69579828,-0.12544516,0
1.898819,3.2465155,0.66898179,-0.70719761,0.69579828,0.12544516,0
1.0065957,-0.66278994,1.3793265,0.70719761,-0.69579828,-0.12544516,0
1.0461855,1.9316964,3.0908942,-0.054641128,-0.23068643,0.97149277,0
-3.2460713,-2.7824178,0.89835382,-0.70490146,-0.68018281,-0.20116019,0
-3.3546417,-1.7048045,-2.364933,-0.70490146,-0.68018281,-0.20116019,0
-1.2823095,-1.8970082,2.0507812,-0.054641128,-0.23068643,0.97149277,0
-2.2346134,-3.2462268,-1.077702,-0.70490146,-0.68018281,-0.20116019,0
-2.0665309,-1.3008724,-2.9984901,0.054641128,0.23068643,-0.97149277,0
3.0460408,2.0363619,2.3252296,0.70490146,0.68018281,0.20116019,0
-0.47379693,-1.8843389,-0.19090855,0.70719761,-0.69579828,-0.12544516,0
2.1216083,0.6346854,0.46859717,0.70719761,-0.69579828,-0.12544516,0
1.0412838,-0.024886191,-1.9633347,0.70719761,-0.69579828,-0.12544516,0
-0.55219543,0.68457985,1.061494,-0.70719761,0.69579828,0.12544516,0
-0.072781026,-1.6862723,0.9712168,0.70719761,-0.69579828,-0.12544516,0
0.78864145,-0.91119385,1.5284142,0.70719761,-0.69579828,-0.12544516,0
1.7214928,2.6379082,3.0450251,-0.70719761,0.69579828,0.12544516,0
-0.29952621,0.097307801,-2.5671,0.054641128,0.23068643,-0.97149277,0
3.476934,1.8689442,1.3813927,0.70490146,0.68018281,0.20116019,0
2.6211567,1.2877696,-0.33761549,0.70719761,-0.69579828,-0.12544516,0
-1.0000408,0.45297825,-2.5220442,0.054641128,0.23068643,-0.97149277,0
2.9905698,1.128234,2.6298366,0.70719761,-0.69579828,-0.12544516,0
3.3533468,1.5419052,2.9202819,0.70490146,0.68018281,0.20116019,0
2.4997435,2.9500625,1.1500573,0.70490146,0.68018281,0.20116019,0
-0.94464958,0.02659443,2.4986351,-0.70719761,0.69579828,0.12544516,0
-0.44876623,-0.91074741,-2.8148623,0.054641128,0.23068643,-0.97149277,0
-2.4250135,-2.7971294,-1.9290373,-0.70490146,-0.68018281,-0.20116019,0
0.61076248,1.8131618,1.3578458,-0.70719761,0.69579828,0.12544516,0
0.15904129,-0.92171246,-1.9626143,0.70719761,-0.69579828,-0.12544516,0
0.52894258,1.6418287,1.8469065,-0.70719761,0.69579828,0.12544516,0
0.10257268,0.129289,2.6098292,-0.054641128,-0.23068643,0.97149277,0
-0.73868537,0.34443516,1.8968138,-0.70719761,0.69579828,0.12544516,0
2.7774596,2.3330536,2.2631838,0.70490146,0.68018281,0.20116019,0
3.5414708,2.319103,-0.36688042,0.70490146,0.68018281,0.20116019,0
-2.0948567,-3.1501107,-1.8924313,-0.70490146,-0.68018281,-0.20116019,0
3.203445,2.0690315,1.6631911,0.70490146,0.68018281,0.20116019,0
-0.45675921,-0.56785733,2.4128284,-0.054641128,-0.23068643,0.97149277,0
-2.3157887,-3.2028158,-0.94003487,-0.70490146,-0.68018281,-0.20116019,0
-1.8835912,-0.69106853,1.1859618,-0.70719761,0.69579828,0.12544516,0
-1.5336509,-2.48682,-2.8240957,0.70719761,-0.69579828,-0.12544516,0
2.2221656,1.0199835,-1.1016176,0.70719761,-0.69579828,-0.12544516,0
-3.0468163,-2.8291755,0.35822916,-0.70490146,-0.68018281,-0.20116019,0
3.0246127,2.977263,-0.78115177,0.70490146,0.68018281,0.20116019,0
1.7941475,0.2141912,0.95486164,0.70719761,-0.69579828,-0.12544516,0
-3.171628,-1.6540101,-3.1445007,0.054641128,0.23068643,-0.97149277,0
-3.0997443,-2.4784775,-0.64211798,-0.70490146,-0.68018281,-0.20116019,0
-1.2293296,-1.6026099,2.1236677,-0.054641128,-0.23068643,0.97149277,0
0.90914559,2.0235813,1.8728609,-0.70719761,0.69579828,0.12544516,0
2.6343012,2.5432711,2.0540283,0.70490146,0.68018281,0.20116019,0
1.7378982,0.62653339,-1.6493533,0.70719761,-0.69579828,-0.12544516,0
2.6404977,2.2842541,-1.8824369,0.054641128,0.23068643,-0.97149277,0
-0.12173128,0.6501826,2.7209024,-0.054641128,-0.23068643,0.97149277,0
-3.1349199,-1.9109528,-2.4378276,-0.70490146,-0.68018281,-0.20116019,0
-1.0970254,0.026780427,1.6385849,-0.70719761,0.69579828,0.12544516,0
3.0974379,2.3890109,0.95271301,0.70490146,0.68018281,0.20116019,0
1.9753723,0.85222858,2.8868301,-0.054641128,-0.23068643,0.97149277,0
-0.17493987,-1.2876236,-1.8158594,0.70719761,-0.69579828,-0.12544516,0
-2.2698395,-3.4181874,-0.37281227,-0.70490146,-0.68018281,-0.20116019,0
2.5556431,1.9662862,-1.9627128,0.054641128,0.23068643,-0.97149277,0
3.5178041,2.4526086,-1.7436945,0.70719761,-0.69579828,-0.12544516,0
-2.3576474,-1.4951216,2.0857296,-0.054641128,-0.23068643,0.97149277,0
-2.2574451,-2.2541492,1.91113,-0.054641128,-0.23068643,0.97149277,0
-2.6655016,-3.4966962,1.2791221,-0.70490146,-0.68018281,-0.20116019,0
-2.4210436,-2.3362086,1.8824431,-0.054641128,-0.23068643,0.97149277,0
2.6837115,3.4459574,-1.1713684,0.70490146,0.68018281,0.20116019,0
2.6943886,3.0658572,-1.6938097,0.054641128,0.23068643,-0.97149277,0
-2.207844,-2.2315664,1.9192822,-0.054641128,-0.23068643,0.97149277,0
2.3754647,1.3138365,-1.8672876,0.70719761,-0.69579828,-0.12544516,0
1.7865511,3.3016279,-0.26961589,-0.70719761,0.69579828,0.12544516,0
3.307744,2.18455,-1.4410872,0.70719761,-0.69579828,-0.12544516,0
1.9579105,1.5967481,3.062638,-0.054641128,-0.23068643,0.97149277,0
-0.60423183,0.094064057,2.5617108,-0.054641128,-0.23068643,0.97149277,0
-0.89841497,-0.28699353,2.4546804,-0.054641128,-0.23068643,0.97149277,0
-2.1889367,-1.3163424,-3.0090482,0.054641128,0.23068643,-0.97149277,0
-2.4904904,-3.5133824,0.72227216,-0.70490146,-0.68018281,-0.20116019,0
1.5718069,1.4864662,-2.1319842,0.054641128,0.23068643,-0.97149277,0
-0.2572566,-1.7551942,0.31352043,0.70719761,-0.69579828,-0.12544516,0
-0.48083496,-1.4843118,2.193857,-0.054641128,-0.23068643,0.97149277,0
-2.9202397,-1.9501541,-3.0575545,-0.70490146,-0.68018281,-0.20116019,0
2.4431436,2.9383857,1.387877,0.70490146,0.68018281,0.20116019,0
-2.4452844,-2.60777,-2.4982889,-0.70490146,-0.68018281,-0.20116019,0
-1.0591847,-2.7859192,1.5096986,0.70719761,-0.69579828,-0.12544516,0
-2.3240495,-3.7242172,0.85192823,-0.70490146,-0.68018281,-0.20116019,0
1.9835815,0.89325231,-1.7437046,0.70719761,-0.69579828,-0.12544516,0
0.1128962,-0.42072558,2.4798057,-0.054641128,-0.23068643,0.97149277,0
-3.3392062,-2.2331226,-0.63261676,-0.70490146,-0.68018281,-0.20116019,0
-0.66251111,0.72161323,0.23417944,-0.70719761,0.69579828,0.12544516,0
2.3486485,0.7223419,1.2623385,0.70719761,-0.69579828,-0.12544516,0
1.8059034,2.5380054,-1.8691237,0.054641128,0.23068643,-0.97149277,0
2.9112687,2.6313829,0.78555012,0.70490146,0.68018281,0.20116019,0
-0.10938972,1.4393846,-0.62881011,-0.70719761,0.69579828,0.12544516,0
-0.402349,1.4249889,-2.20052,-0.70719761,0.69579828,0.12544516,0
-0.35564542,-1.5357491,2.188684,-0.054641128,-0.23068643,0.97149277,0
2.7211893,2.242173,2.7676587,0.70490146,0.68018281,0.20116019,0
3.2504783,1.5804,1.58707,0.70719761,-0.69579828,-0.12544516,0
2.7973785,2.4596834,1.7652102,0.70490146,0.68018281,0.20116019,0
-3.4973803,-1.9247309,-1.1211135,-0.70490146,-0.68018281,-0.20116019,0
0.95847964,0.35714817,2.7120757,-0.054641128,-0.23068643,0.97149277,0
-1.7562163,-1.0692528,2.2206819,-0.054641128,-0.23068643,0.97149277,0
0.90657735,1.8227643,2.9722402,-0.70719761,0.69579828,0.12544516,0
-2.7255149,-2.1814301,1.9020712,-0.054641128,-0.23068643,0.97149277,0
-2.5896528,-0.77094746,-2.9020793,0.054641128,0.23068643,-0.97149277,0
-0.37905717,-0.43199784,-2.6972599,0.054641128,0.23068643,-0.97149277,0
-2.5559583,-3.3260603,0.31829095,-0.70490146,-0.68018281,-0.20116019,0
2.231791,3.6424961,-1.582902,0.054641128,0.23068643,-0.97149277,0
0.99777162,1.5478693,-2.1496902,0.054641128,0.23068643,-0.97149277,0
3.5340154,2.6050849,-1.3077462,0.70490146,0.68018281,0.20116019,0
0.9774276,-0.10777205,-1.863587,0.70719761,-0.69579828,-0.12544516,0
-0.99884391,0.79700184,-2.4402866,0.054641128,0.23068643,-0.97149277,0
2.9172497,2.4105809,1.5111899,0.70490146,0.68018281,0.20116019,0
-0.90862107,-2.4853702,0.691468,0.70719761,-0.69579828,-0.12544516,0
3.2657371,2.3325582,0.55384564,0.70490146,0.68018281,0.20116019,0
-0.72780824,0.49791974,1.1068119,-0.70719761,0.69579828,0.12544516,0
-1.3085136,-2.1791921,1.9823012,-0.054641128,-0.23068643,0.97149277,0
-2.2796292,-3.1797152,-1.1448536,-0.70490146,-0.68018281,-0.20116019,0
0.82963371,0.43872949,2.7242007,-0.054641128,-0.23068643,0.97149277,0
1.9455693,0.29793322,2.7535334,-0.054641128,-0.23068643,0.97149277,0
-3.4219933,-2.332016,-0.0081284046,-0.70490146,-0.68018281,-0.20116019,0
1.3066916,2.2996712,2.582659,-0.70719761,0.69579828,0.12544516,0
-0.54064357,0.91913092,-0.17434984,-0.70719761,0.69579828,0.12544516,0
-1.7551385,-1.346251,2.1549675,-0.054641128,-0.23068643,0.97149277,0
0.76264811,2.3210537,-0.60298908,-0.70719761,0.69579828,0.12544516,0
-1.0964859,-0.018601239,1.8933421,-0.70719761,0.69579828,0.12544516,0
0.92916679,1.4331176,2.9659219,-0.054641128,-0.23068643,0.97149277,0
-0.8316896,-1.4656463,-2.9681635,0.054641128,0.23068643,-0.97149277,0
2.2128024,0.92917228,-0.6507057,0.70719761,-0.69579828,-0.12544516,0
2.5398221,2.0149522,-1.9520466,0.054641128,0.23068643,-0.97149277,0
0.60159898,0.0030873045,-2.5387897,0.054641128,0.23068643,-0.97149277,0
2.9727998,2.4166386,1.2960491,0.70490146,0.68018281,0.20116019,0
2.4003468,0.93357027,0.38218164,0.70719761,-0.69579828,-0.12544516,0
1.1198756,-0.5680567,1.4924932,0.70719761,-0.69579828,-0.12544516,0
2.1090407,1.1187775,2.9576421,-0.054641128,-0.23068643,0.97149277,0
2.1624529,1.1128696,-1.9534531,0.70719761,-0.69579828,-0.12544516,0
-0.12445557,1.464542,-0.85328299,-0.70719761,0.69579828,0.12544516,0
0.86953413,1.9449116,-2.0626228,0.054641128,0.23068643,-0.97149277,0
2.8908267,1.9025224,3.1877179,-0.054641128,-0.23068643,0.97149277,0
-2.5603497,-1.1977048,0.18085837,-0.70719761,0.69579828,0.12544516,0
-1.8444963,-0.54676616,0.6059677,-0.70719761,0.69579828,0.12544516,0
2.0483663,1.8239801,3.1216834,-0.054641128,-0.23068643,0.97149277,0
-0.48665071,-1.1223156,2.2794878,-0.054641128,-0.23068643,0.97149277,0
3.1378634,2.0246413,2.0430982,0.70490146,0.68018281,0.20116019,0
-2.8654969,-2.5319474,-1.2821653,-0.70490146,-0.68018281,-0.20116019,0
-3.0333877,-2.9059606,0.57080626,-0.70490146,-0.68018281,-0.20116019,0
1.7732267,1.5601455,3.0435588,-0.054641128,-0.23068643,0.97149277,0
-2.8901467,-2.2438459,-2.1699443,-0.70490146,-0.68018281,-0.20116019,0
3.3393512,2.2464328,-1.6061406,0.70719761,-0.69579828,-0.12544516,0
0.022366762,-0.038236022,2.5655384,-0.054641128,-0.23068643,0.97149277,0
-0.80917549,-1.500077,-2.9750729,0.054641128,0.23068643,-0.97149277,0
2.4380519,0.54327977,2.8394916,-0.054641128,-0.23068643,0.97149277,0
-0.60928881,-1.7910458,-1.4722066,0.70719761,-0.69579828,-0.12544516,0
-2.6693234,-3.2908564,1.6417921,-0.054641128,-0.23068643,0.97149277,0
0.29721999,-0.40232614,-2.6521773,0.054641128,0.23068643,-0.97149277,0
-1.7204821,-0.85545456,-2.87326,0.054641128,0.23068643,-0.97149277,0
1.3074324,2.8325205,-1.8272256,0.054641128,0.23068643,-0.97149277,0
-2.2218699,-3.7050667,0.42912006,-0.70490146,-0.68018281,-0.20116019,0
-1.6659046,-2.8422451,-1.5982647,0.70719761,-0.69579828,-0.12544516,0
2.4129746,2.5581322,2.7793465,0.70490146,0.68018281,0.20116019,0
2.3758435,2.9730563,1.5064778,0.70490146,0.68018281,0.20116019,0
2.3577752,2.9336991,1.7028689,0.70490146,0.68018281,0.20116019,0
-3.0137963,-1.6402333,0.079093933,-0.70719761,0.69579828,0.12544516,0
-2.9539504,-3.2957268,1.6103601,-0.70490146,-0.68018281,-0.20116019,0
1.1752208,-0.32734108,0.46934003,0.70719761,-0.69579828,-0.12544516,0
-0.94878054,-2.5087094,0.59452248,0.70719761,-0.69579828,-0.12544516,0
3.3512745,2.215796,0.64891458,0.70490146,0.68018281,0.20116019,0
-3.2829139,-1.6935101,-2.6544673,-0.70490146,-0.68018281,-0.20116019,0
3.23242,2.5784104,-0.16070461,0.70490146,0.68018281,0.20116019,0
-2.3031788,-3.1941016,-1.0136862,-0.70490146,-0.68018281,-0.20116019,0
-3.1183271,-2.0000103,-2.1948402,-0.70490146,-0.68018281,-0.20116019,0
0.28636098,-0.24194224,-2.6147039,0.054641128,0.23068643,-0.97149277,0
-3.2906084,-2.1828909,1.5284874,-0.70719761,0.69579828,0.12544516,0
-3.0140412,-1.157585,-3.0177581,0.054641128,0.23068643,-0.97149277,0
-2.9111831,-1.9766034,-2.999856,-0.70490146,-0.68018281,-0.20116019,0
2.9591384,2.5381937,0.93290782,0.70490146,0.68018281,0.20116019,0
1.5240173,3.0917611,-0.58559728,-0.70719761,0.69579828,0.12544516,0
1.9400586,3.0436964,2.0264328,-0.70719761,0.69579828,0.12544516,0
-2.4645648,-2.7299435,-2.0176196,-0.70490146,-0.68018281,-0.20116019,0
2.3380306,2.6811242,2.6260896,0.70490146,0.68018281,0.20116019,0
3.4508471,2.2433193,-0.96031523,0.70719761,-0.69579828,-0.12544516,0
-1.3665644,-2.4940736,-1.8419125,0.70719761,-0.69579828,-0.12544516,0
-2.1740296,-3.4639409,1.6285496,-0.054641128,-0.23068643,0.97149277,0
