1.5797529,-0.32322377,2.9105492,0.047929525,-0.13331516,0.98991424,0
-1.405159,0.32516512,3.1423926,0.047929525,-0.13331516,0.98991424,0
-3.0217552,0.3651017,-0.23337054,-0.9987554,-0.020103239,0.045650244,0
3.0938771,0.64924979,2.257982,0.9987554,0.020103239,-0.045650244,0
3.0842738,-0.050386712,1.7397726,0.9987554,0.020103239,-0.045650244,0
-2.0939016,0.46495292,3.194566,0.047929525,-0.13331516,0.98991424,0
-3.0045352,-0.85054123,-0.39196372,-0.9987554,-0.020103239,0.045650244,0
2.85429,1.1734881,-2.7529438,0.9987554,0.020103239,-0.045650244,0
-3.0201688,-0.91755223,-0.76351261,-0.9987554,-0.020103239,0.045650244,0
-0.67280221,0.70233625,2.1980147,-0.013814632,0.99086976,0.13411275,0
2.4039438,-0.96110713,-0.10780811,0.013814632,-0.99086976,-0.13411275,0
1.5810463,-0.6613391,-2.4073596,0.013814632,-0.99086976,-0.13411275,0
-0.75519776,-0.39598769,3.0138025,0.047929525,-0.13331516,0.98991424,0
-0.042364597,-1.1456909,2.8783236,0.047929525,-0.13331516,0.98991424,0
0.88365197,-0.81787515,-1.3226554,0.013814632,-0.99086976,-0.13411275,0
0.54721117,1.3350354,-2.3509088,-0.013814632,0.99086976,0.13411275,0
-2.0317321,-0.38255396,-2.9837146,-0.047929525,0.13331516,-0.98991424,0
-2.9239638,-0.94586611,1.3288333,-0.9987554,-0.020103239,0.045650244,0
1.4892886,-0.47999626,-3.1673176,-0.047929525,0.13331516,-0.98991424,0
2.427026,0.33626539,-3.102792,-0.047929525,0.13331516,-0.98991424,0
-0.42681813,0.097039536,3.0643008,0.047929525,-0.13331516,0.98991424,0
-1.446659,1.2125767,-1.6515263,-0.013814632,0.99086976,0.13411275,0
-2.8916726,0.19536218,2.5378747,-0.9987554,-0.020103239,0.045650244,0
3.1020288,0.55214906,2.3935618,0.9987554,0.020103239,-0.045650244,0
3.1290424,-0.10781372,2.6939507,0.9987554,0.020103239,-0.045650244,0
2.9859405,0.12479842,-0.33446097,0.9987554,0.020103239,-0.045650244,0
-2.9049656,-0.041473508,2.142751,-0.9987554,-0.020103239,0.045650244,0
2.6880369,0.39760414,2.9539647,0.047929525,-0.13331516,0.98991424,0
2.9945214,0.95250374,0.21778107,0.9987554,0.020103239,-0.045650244,0
-0.39783001,-1.2806832,2.8773546,0.047929525,-0.13331516,0.98991424,0
-1.8929005,0.57817978,2.9896448,-0.013814632,0.99086976,0.13411275,0
2.7163444,1.3729283,-2.4074371,-0.013814632,0.99086976,0.13411275,0
-2.3518393,-0.33806184,3.0989096,0.047929525,-0.13331516,0.98991424,0
2.9887714,-0.53528619,-0.5632062,0.9987554,0.020103239,-0.045650244,0
-1.6201551,-1.4064925,2.7683356,0.013814632,-0.99086976,-0.13411275,0
1.5835772,-1.070371,2.8097429,0.047929525,-0.13331516,0.98991424,0
2.3450639,-0.6354996,-2.5195713,0.013814632,-0.99086976,-0.13411275,0
1.8367317,0.23223904,2.9729123,0.047929525,-0.13331516,0.98991424,0
-1.6169116,-0.7326026,-2.2102542,0.013814632,-0.99086976,-0.13411275,0
-1.2012855,-0.86122698,-1.2171217,0.013814632,-0.99086976,-0.13411275,0
-0.80686927,-0.51825118,2.9998388,0.047929525,-0.13331516,0.98991424,0
-3.0222468,-0.46973777,-0.61177111,-0.9987554,-0.020103239,0.045650244,0
1.9339743,0.67164814,2.6932659,-0.013814632,0.99086976,0.13411275,0
-2.9298887,-0.51002431,1.3911468,-0.9987554,-0.020103239,0.045650244,0
-2.9708557,-0.34853649,0.56595707,-0.9987554,-0.020103239,0.045650244,0
3.0907474,-0.1396867,1.8420711,0.9987554,0.020103239,-0.045650244,0
-0.35887623,-0.54337919,2.9747639,0.047929525,-0.13331516,0.98991424,0
-1.5444932,-0.75029176,3.0043035,0.047929525,-0.13331516,0.98991424,0
-2.3710773,-1.0960613,2.9977589,0.047929525,-0.13331516,0.98991424,0
1.4960408,-0.57901669,-3.0243411,0.013814632,-0.99086976,-0.13411275,0
-1.8124685,-0.26492655,-2.9784894,-0.047929525,0.13331516,-0.98991424,0
1.9767011,1.0736535,-0.2724824,-0.013814632,0.99086976,0.13411275,0
2.2350016,-0.62422746,-2.6141906,0.013814632,-0.99086976,-0.13411275,0
-2.9383101,-0.84557784,1.0591204,-0.9987554,-0.020103239,0.045650244,0
0.42989635,1.3516394,-2.4856679,-0.013814632,0.99086976,0.13411275,0
1.4271464,0.92314839,-2.9753423,-0.047929525,0.13331516,-0.98991424,0
-2.9297523,-0.82432973,1.2557175,-0.9987554,-0.020103239,0.045650244,0
0.13117743,1.1994268,-1.3918407,-0.013814632,0.99086976,0.13411275,0
1.1067221,1.4134117,-2.872345,-0.013814632,0.99086976,0.13411275,0
1.1271747,-0.98224056,-0.083184242,0.013814632,-0.99086976,-0.13411275,0
3.0506315,0.60725272,1.2933402,0.9987554,0.020103239,-0.045650244,0
3.0244534,-0.17137842,0.37771058,0.9987554,0.020103239,-0.045650244,0
2.9176311,-0.065543741,-1.9127761,0.9987554,0.020103239,-0.045650244,0
0.73628616,1.3604528,-2.8829994,-0.047929525,0.13331516,-0.98991424,0
0.49395365,1.0181986,-0.015497804,-0.013814632,0.99086976,0.13411275,0
-2.9780576,-0.42766467,0.3735466,-0.9987554,-0.020103239,0.045650244,0
0.65517712,1.3403424,-2.3789971,-0.013814632,0.99086976,0.13411275,0
-0.54225421,0.17547673,3.0804534,0.047929525,-0.13331516,0.98991424,0
-0.56616902,0.36872911,3.1076372,0.047929525,-0.13331516,0.98991424,0
2.3041215,0.69232672,2.5786135,-0.013814632,0.99086976,0.13411275,0
-2.0206861,0.56230396,3.0937781,-0.013814632,0.99086976,0.13411275,0
3.0854411,-0.08924818,1.7481964,0.9987554,0.020103239,-0.045650244,0
-2.9017274,-0.62325609,1.9573998,-0.9987554,-0.020103239,0.045650244,0
3.1227441,-0.63794166,2.3226912,0.9987554,0.020103239,-0.045650244,0
-2.9024994,0.32531831,2.3582416,-0.9987554,-0.020103239,0.045650244,0
-1.3464482,1.2057563,-1.5908118,-0.013814632,0.99086976,0.13411275,0
-1.5919797,-0.98602223,2.9748559,0.047929525,-0.13331516,0.98991424,0
-3.0803936,-0.76673657,-2.0147159,-0.9987554,-0.020103239,0.045650244,0
2.8429964,1.2510366,-2.9658821,0.9987554,0.020103239,-0.045650244,0
2.6797307,1.1697555,-3.0027785,-0.047929525,0.13331516,-0.98991424,0
3.0086093,0.96134984,0.52989984,0.9987554,0.020103239,-0.045650244,0
2.9112844,-0.32053739,-2.1639271,0.9987554,0.020103239,-0.045650244,0
2.9532204,-0.082131535,-1.1414485,0.9987554,0.020103239,-0.045650244,0
-0.43703783,-0.74350893,-2.0081389,0.013814632,-0.99086976,-0.13411275,0
0.46617663,-0.88289285,-0.88528568,0.013814632,-0.99086976,-0.13411275,0
-0.55691433,-1.3948007,2.7914748,0.013814632,-0.99086976,-0.13411275,0
2.9253039,0.45456788,-1.515871,0.9987554,0.020103239,-0.045650244,0
-0.47215986,-0.41463742,-3.0635462,-0.047929525,0.13331516,-0.98991424,0
-0.23856807,0.25616777,3.0766165,0.047929525,-0.13331516,0.98991424,0
2.8693824,0.027324915,-2.9274931,0.9987554,0.020103239,-0.045650244,0
1.0860267,1.3221523,-2.9050908,-0.047929525,0.13331516,-0.98991424,0
0.35865664,-1.2147613,2.8496051,0.047929525,-0.13331516,0.98991424,0
-1.8811444,-0.80945784,-1.6696402,0.013814632,-0.99086976,-0.13411275,0
-3.0693619,-0.78059494,-1.7794671,-0.9987554,-0.020103239,0.045650244,0
0.97967362,-1.0825993,2.8373356,0.047929525,-0.13331516,0.98991424,0
3.040163,0.22540115,0.89615178,0.9987554,0.020103239,-0.045650244,0
-0.5383904,0.20206156,3.0838466,0.047929525,-0.13331516,0.98991424,0
-2.9949744,-0.10200201,0.14685154,-0.9987554,-0.020103239,0.045650244,0
-1.0342324,0.72101349,2.0227914,-0.013814632,0.99086976,0.13411275,0
-1.2091184,0.13769728,3.1076536,0.047929525,-0.13331516,0.98991424,0
-1.4804041,-0.72562045,3.0045228,0.047929525,-0.13331516,0.98991424,0
-1.2401531,1.2968999,-2.2532632,-0.013814632,0.99086976,0.13411275,0
-2.6193333,0.63703007,-2.8179526,-0.047929525,0.13331516,-0.98991424,0
2.2438159,1.2307755,-1.405838,-0.013814632,0.99086976,0.13411275,0
-2.921423,-0.095969349,-2.9020422,-0.047929525,0.13331516,-0.98991424,0
-2.9627419,-0.4043715,0.71889186,-0.9987554,-0.020103239,0.045650244,0
-3.1011333,-0.38018808,-2.2982495,-0.9987554,-0.020103239,0.045650244,0
-3.1444347,0.68780243,-2.7752974,-0.9987554,-0.020103239,0.045650244,0
2.0538254,0.53217596,-3.0583386,-0.047929525,0.13331516,-0.98991424,0
0.76563573,0.47422165,-3.0037723,-0.047929525,0.13331516,-0.98991424,0
2.9209652,-0.67489576,-2.1081822,0.9987554,0.020103239,-0.045650244,0
2.4124174,-0.70245075,-2.0179753,0.013814632,-0.99086976,-0.13411275,0
0.21656609,0.051527619,-3.0341129,-0.047929525,0.13331516,-0.98991424,0
-2.8584592,-0.82331371,2.8159368,-0.9987554,-0.020103239,0.045650244,0
0.32026792,0.95336568,-2.9176803,-0.047929525,0.13331516,-0.98991424,0
2.9605081,-1.2160851,1.8333845,0.013814632,-0.99086976,-0.13411275,0
3.0809383,0.53014433,1.9224477,0.9987554,0.020103239,-0.045650244,0
2.9628668,0.85529137,-0.51758242,0.9987554,0.020103239,-0.045650244,0
-0.52720082,0.95754713,0.32742923,-0.013814632,0.99086976,0.13411275,0
2.6067688,-0.7960155,-1.3066686,0.013814632,-0.99086976,-0.13411275,0
1.6143448,-1.2340153,1.8271945,0.013814632,-0.99086976,-0.13411275,0
2.8891888,0.45099568,-2.3075893,0.9987554,0.020103239,-0.045650244,0
2.8732889,1.1058834,-2.3670602,0.9987554,0.020103239,-0.045650244,0
3.1275384,0.47479567,2.917608,0.9987554,0.020103239,-0.045650244,0
0.97097397,-0.55968833,-3.1529541,-0.047929525,0.13331516,-0.98991424,0
1.8499761,-0.47095695,-3.1835637,-0.047929525,0.13331516,-0.98991424,0
-2.8474646,-0.57000816,3.09167,0.047929525,-0.13331516,0.98991424,0
0.35651636,-0.52622271,-3.1186967,-0.047929525,0.13331516,-0.98991424,0
-2.9227123,-1.1168092,1.2809353,-0.9987554,-0.020103239,0.045650244,0
3.0147552,0.44671679,0.43773031,0.9987554,0.020103239,-0.045650244,0
-2.9183974,0.46233478,2.0707555,-0.9987554,-0.020103239,0.045650244,0
2.8527889,0.94653177,-2.8857379,0.9987554,0.020103239,-0.045650244,0
-3.0496206,0.3697958,-0.84095645,-0.9987554,-0.020103239,0.045650244,0
2.8690944,0.70374155,-2.6359162,0.9987554,0.020103239,-0.045650244,0
0.95706803,-0.98432279,-0.085321963,0.013814632,-0.99086976,-0.13411275,0
1.3214684,-0.13792884,2.9480085,0.047929525,-0.13331516,0.98991424,0
-3.0526981,-0.58594096,-1.329165,-0.9987554,-0.020103239,0.045650244,0
-2.028338,-0.86166817,-1.2990541,0.013814632,-0.99086976,-0.13411275,0
-0.11821485,-0.2849451,2.997916,0.047929525,-0.13331516,0.98991424,0
-3.09936,0.93159944,-1.6817675,-0.9987554,-0.020103239,0.045650244,0
-2.7546968,-0.591479,-2.9768462,-0.047929525,0.13331516,-0.98991424,0
-2.6472042,0.49637759,3.2255874,0.047929525,-0.13331516,0.98991424,0
2.9953043,0.45880866,0.017498016,0.9987554,0.020103239,-0.045650244,0
2.8902698,0.61305881,-2.212574,0.9987554,0.020103239,-0.045650244,0
-2.1235828,-1.1650691,2.9764824,0.047929525,-0.13331516,0.98991424,0
1.539858,0.70168626,2.430737,-0.013814632,0.99086976,0.13411275,0
-0.27539659,-0.67598921,-2.4903474,0.013814632,-0.99086976,-0.13411275,0
-2.0534506,0.74692649,-2.8305521,-0.047929525,0.13331516,-0.98991424,0
-2.8799284,0.078791946,2.7434866,-0.9987554,-0.020103239,0.045650244,0
0.40751338,-0.98086125,-0.16750538,0.013814632,-0.99086976,-0.13411275,0
0.51944399,-0.84944648,-1.1269121,0.013814632,-0.99086976,-0.13411275,0
0.57359624,0.027540013,3.0065031,0.047929525,-0.13331516,0.98991424,0
-2.5168526,-0.42295918,3.0954659,0.047929525,-0.13331516,0.98991424,0
2.3186226,1.4143994,-2.7548079,-0.013814632,0.99086976,0.13411275,0
-2.8363853,-0.50367284,-2.961066,-0.047929525,0.13331516,-0.98991424,0
2.910363,-0.36564973,-2.2039557,0.9987554,0.020103239,-0.045650244,0
-2.9234366,-1.1219811,1.2628102,-0.9987554,-0.020103239,0.045650244,0
1.3042378,1.2013342,-2.9319274,-0.047929525,0.13331516,-0.98991424,0
1.8316007,1.1556526,-0.89326692,-0.013814632,0.99086976,0.13411275,0
-0.95660686,0.33877689,3.1225078,0.047929525,-0.13331516,0.98991424,0
2.7586064,-0.54935795,-3.1134167,0.013814632,-0.99086976,-0.13411275,0
1.0187819,-0.2959463,-3.11975,-0.047929525,0.13331516,-0.98991424,0
-1.6890757,-1.161042,0.94776654,0.013814632,-0.99086976,-0.13411275,0
-1.7955437,-0.96764553,2.9871869,0.047929525,-0.13331516,0.98991424,0
2.9254229,-0.22526082,-1.8126422,0.9987554,0.020103239,-0.045650244,0
-2.3777392,-0.59337485,3.0657797,0.047929525,-0.13331516,0.98991424,0
-0.65042019,0.22939496,3.0929518,0.047929525,-0.13331516,0.98991424,0
-1.488919,-0.86489189,-1.2196723,0.013814632,-0.99086976,-0.13411275,0
2.4145236,1.2367271,-1.4322268,-0.013814632,0.99086976,0.13411275,0
1.7777824,1.0575217,-0.17378592,-0.013814632,0.99086976,0.13411275,0
1.5244625,1.221032,-2.9399371,-0.047929525,0.13331516,-0.98991424,0
2.4145713,-0.66155237,-2.3199244,0.013814632,-0.99086976,-0.13411275,0
3.0397429,-0.53933978,0.55018592,0.9987554,0.020103239,-0.045650244,0
-0.25204301,1.351236,-2.552933,-0.013814632,0.99086976,0.13411275,0
-2.9736626,-0.59429455,0.3963275,-0.9987554,-0.020103239,0.045650244,0
0.92568326,1.3844469,-2.888938,-0.047929525,0.13331516,-0.98991424,0
-3.0474453,0.093954384,-0.9148376,-0.9987554,-0.020103239,0.045650244,0
-1.9383384,0.20117512,-2.9096234,-0.047929525,0.13331516,-0.98991424,0
2.8683844,1.2630105,-2.4051595,0.9987554,0.020103239,-0.045650244,0
-0.23973155,-0.1936238,-3.0450354,-0.047929525,0.13331516,-0.98991424,0
-0.79779458,-0.7499904,-1.9974123,0.013814632,-0.99086976,-0.13411275,0
3.0273416,-0.54301655,0.27724314,0.9987554,0.020103239,-0.045650244,0
0.56259656,-0.81135821,-1.4038761,0.013814632,-0.99086976,-0.13411275,0
3.0787458,-0.064630553,1.6125565,0.9987554,0.020103239,-0.045650244,0
-3.1505613,1.0964451,-2.7303607,-0.047929525,0.13331516,-0.98991424,0
2.837965,-0.6903044,-2.0638819,0.013814632,-0.99086976,-0.13411275,0
0.87708735,1.2521204,-1.7043242,-0.013814632,0.99086976,0.13411275,0
-2.6448913,-0.30361766,-2.9433961,-0.047929525,0.13331516,-0.98991424,0
2.7954924,1.2870896,-1.765079,-0.013814632,0.99086976,0.13411275,0
-1.830537,-1.1557366,0.89399683,0.013814632,-0.99086976,-0.13411275,0
-3.1220124,0.70911711,-2.7839067,-0.047929525,0.13331516,-0.98991424,0
-3.0835984,0.033792712,-1.7323008,-0.9987554,-0.020103239,0.045650244,0
-2.3268633,1.2291445,-1.8646023,-0.013814632,0.99086976,0.13411275,0
-2.8895996,-0.66388178,2.204854,-0.9987554,-0.020103239,0.045650244,0
-3.1086411,-0.27960494,-2.4182146,-0.9987554,-0.020103239,0.045650244,0
-3.1105783,-0.6504283,-2.6238933,-0.9987554,-0.020103239,0.045650244,0
2.0889978,-0.064006418,2.9208016,0.047929525,-0.13331516,0.98991424,0
2.8171086,1.1779025,-3.0083327,-0.047929525,0.13331516,-0.98991424,0
1.9072994,-0.81004071,2.8291283,0.047929525,-0.13331516,0.98991424,0
-3.0243304,-0.67811441,-0.74912381,-0.9987554,-0.020103239,0.045650244,0
1.7799816,0.38469455,-3.0649414,-0.047929525,0.13331516,-0.98991424,0
0.72231364,1.1609752,-1.0468563,-0.013814632,0.99086976,0.13411275,0
-0.22004437,-0.31251454,-3.062,-0.047929525,0.13331516,-0.98991424,0
-2.9111731,-0.049008876,2.003634,-0.9987554,-0.020103239,0.045650244,0
0.21478951,-0.74780023,-1.9092902,0.013814632,-0.99086976,-0.13411275,0
-2.9677682,-0.15657671,0.71804976,-0.9987554,-0.020103239,0.045650244,0
-2.3099566,1.3329059,-2.7392166,-0.047929525,0.13331516,-0.98991424,0
-3.1139934,-0.16198534,-2.9016089,-0.047929525,0.13331516,-0.98991424,0
-1.4740233,0.5353983,-2.8870935,-0.047929525,0.13331516,-0.98991424,0
2.3621852,-0.62127334,-2.6229157,0.013814632,-0.99086976,-0.13411275,0
3.0273943,-0.24751689,0.40852141,0.9987554,0.020103239,-0.045650244,0
-2.668875,1.2674608,-2.1829262,-0.013814632,0.99086976,0.13411275,0
-1.8012202,1.2273967,-1.7975438,-0.013814632,0.99086976,0.13411275,0
2.884366,0.19926921,-2.523953,0.9987554,0.020103239,-0.045650244,0
-1.6880319,-1.1892625,1.1563766,0.013814632,-0.99086976,-0.13411275,0
0.54144478,-0.64546072,-2.6317611,0.013814632,-0.99086976,-0.13411275,0
0.74521804,-0.27268893,2.9577608,0.047929525,-0.13331516,0.98991424,0
2.2381871,-1.2975178,2.7474573,0.047929525,-0.13331516,0.98991424,0
-0.43535683,0.97397137,0.21554235,-0.013814632,0.99086976,0.13411275,0
-1.1739792,0.86769396,-2.8568697,-0.047929525,0.13331516,-0.98991424,0
1.4814014,0.72929794,2.2207122,-0.013814632,0.99086976,0.13411275,0
3.0353565,0.22164318,0.78933477,0.9987554,0.020103239,-0.045650244,0
3.0845287,-0.22328392,1.6692114,0.9987554,0.020103239,-0.045650244,0
-0.7256813,-0.98546886,-0.25019038,0.013814632,-0.99086976,-0.13411275,0
-2.996917,0.27310318,0.26954007,-0.9987554,-0.020103239,0.045650244,0
0.38124204,1.3965633,-2.822593,-0.013814632,0.99086976,0.13411275,0
-1.9809659,0.53432524,3.1984406,0.047929525,-0.13331516,0.98991424,0
3.110857,-0.88009334,1.955982,0.9987554,0.020103239,-0.045650244,0
3.056154,0.20461345,1.2368524,0.9987554,0.020103239,-0.045650244,0
-3.0506086,-0.0813106,-1.0612278,-0.9987554,-0.020103239,0.045650244,0
0.43419266,-1.3608267,2.642555,0.013814632,-0.99086976,-0.13411275,0
-3.0782461,0.92597443,-1.2223067,-0.9987554,-0.020103239,0.045650244,0
-2.4638906,0.97373247,0.0083525181,-0.013814632,0.99086976,0.13411275,0
0.70770335,-0.93580419,-0.46947995,0.013814632,-0.99086976,-0.13411275,0
2.8715811,-0.34763983,-3.0445125,0.9987554,0.020103239,-0.045650244,0
-2.4544284,1.0210979,-0.34062409,-0.013814632,0.99086976,0.13411275,0
-2.536988,-0.77365041,-2.0017543,0.013814632,-0.99086976,-0.13411275,0
-1.7209824,1.0925158,-0.79273343,-0.013814632,0.99086976,0.13411275,0
3.0389614,-0.059801191,0.74426007,0.9987554,0.020103239,-0.045650244,0
3.0151219,-0.56943661,-0.0017347336,0.9987554,0.020103239,-0.045650244,0
-1.7646658,1.2817005,-2.194993,-0.013814632,0.99086976,0.13411275,0
2.7087936,-0.37911275,-3.2127771,-0.047929525,0.13331516,-0.98991424,0
-3.1097028,0.28191319,-2.1941588,-0.9987554,-0.020103239,0.045650244,0
3.0979519,-1.0511004,1.5983369,0.9987554,0.020103239,-0.045650244,0
-2.6427319,0.2597473,3.1935031,0.047929525,-0.13331516,0.98991424,0
0.88008344,0.77365059,1.8310794,-0.013814632,0.99086976,0.13411275,0
-2.893203,-0.40698904,2.2391286,-0.9987554,-0.020103239,0.045650244,0
-2.0221677,-0.98086989,2.9963787,0.047929525,-0.13331516,0.98991424,0
0.077697992,-0.42729622,2.969259,0.047929525,-0.13331516,0.98991424,0
-2.9823134,0.76276565,0.80467319,-0.9987554,-0.020103239,0.045650244,0
2.2775812,0.11632825,2.9359572,0.047929525,-0.13331516,0.98991424,0
2.5880926,-0.84466887,-0.94912446,0.013814632,-0.99086976,-0.13411275,0
1.8265758,0.22865486,-3.0882115,-0.047929525,0.13331516,-0.98991424,0
-2.9147739,-1.2079769,1.4144644,-0.9987554,-0.020103239,0.045650244,0
2.1768064,1.2370375,-1.4590075,-0.013814632,0.99086976,0.13411275,0
-2.4238319,-1.1669704,0.91588187,0.013814632,-0.99086976,-0.13411275,0
-1.467598,-1.3983183,2.7236571,0.013814632,-0.99086976,-0.13411275,0
-0.39666176,1.0105301,-2.8752697,-0.047929525,0.13331516,-0.98991424,0
2.8084517,0.27435088,2.9315355,0.047929525,-0.13331516,0.98991424,0
3.0535254,-0.3768419,0.92327976,0.9987554,0.020103239,-0.045650244,0
-2.2823622,-1.4128703,2.9507978,0.047929525,-0.13331516,0.98991424,0
-3.1285005,0.70761049,-2.4179592,-0.9987554,-0.020103239,0.045650244,0
-2.4591534,-0.76694715,-2.0432627,0.013814632,-0.99086976,-0.13411275,0
-0.64818406,-0.9039287,2.9402151,0.047929525,-0.13331516,0.98991424,0
-3.0526795,-0.63198429,-1.3490353,-0.9987554,-0.020103239,0.045650244,0
-2.9228871,-0.34090602,1.6187942,-0.9987554,-0.020103239,0.045650244,0
3.0253735,-0.037543043,0.45677972,0.9987554,0.020103239,-0.045650244,0
-1.3187041,-0.5770455,-3.0444305,-0.047929525,0.13331516,-0.98991424,0
-2.4013264,1.1650317,-1.3985844,-0.013814632,0.99086976,0.13411275,0
-0.29730558,0.5996207,2.9955907,-0.013814632,0.99086976,0.13411275,0
-0.47535157,-0.16260123,-3.0294492,-0.047929525,0.13331516,-0.98991424,0
-0.65007854,0.79668033,1.5033094,-0.013814632,0.99086976,0.13411275,0
-1.5112634,-0.89838099,2.9827504,0.047929525,-0.13331516,0.98991424,0
-0.0072340965,-1.3263221,2.3421538,0.013814632,-0.99086976,-0.13411275,0
-3.108871,-0.30057311,-2.432471,-0.9987554,-0.020103239,0.045650244,0
-0.11069775,-0.14263926,3.0167167,0.047929525,-0.13331516,0.98991424,0
2.289701,-0.493637,2.8532245,0.047929525,-0.13331516,0.98991424,0
2.1156147,0.36574179,-3.0837445,-0.047929525,0.13331516,-0.98991424,0
0.7722373,1.3675511,-2.5679655,-0.013814632,0.99086976,0.13411275,0
1.1905535,-0.61260206,2.8904214,0.047929525,-0.13331516,0.98991424,0
2.4403222,0.7747246,1.98386,-0.013814632,0.99086976,0.13411275,0
-2.8581669,-1.0757372,2.7111747,-0.9987554,-0.020103239,0.045650244,0
-0.54355597,0.67513543,-2.913326,-0.047929525,0.13331516,-0.98991424,0
-2.9501123,-0.15417941,1.1053779,-0.9987554,-0.020103239,0.045650244,0
-0.22740746,-0.60691565,2.9598417,0.047929525,-0.13331516,0.98991424,0
-2.6132941,1.0017667,-0.21416283,-0.013814632,0.99086976,0.13411275,0
0.10062337,-1.2167921,1.5440196,0.013814632,-0.99086976,-0.13411275,0
2.6213562,0.15330856,-3.1368401,-0.047929525,0.13331516,-0.98991424,0
-3.0878782,0.9728893,-1.4123797,-0.9987554,-0.020103239,0.045650244,0
-1.105541,-0.77014923,2.9803758,0.047929525,-0.13331516,0.98991424,0
-0.16226947,-1.15371,1.0508678,0.013814632,-0.99086976,-0.13411275,0
-0.0012406111,1.1699953,-1.1880313,-0.013814632,0.99086976,0.13411275,0
-2.056921,-1.0125974,-0.18688273,0.013814632,-0.99086976,-0.13411275,0
-0.040157884,-0.95147222,-0.43075478,0.013814632,-0.99086976,-0.13411275,0
3.1141732,0.4805263,2.6277244,0.9987554,0.020103239,-0.045650244,0
-0.32346559,0.91911018,-2.8911252,-0.047929525,0.13331516,-0.98991424,0
1.2623161,0.4815571,3.034301,0.047929525,-0.13331516,0.98991424,0
-2.9361286,1.2570131,-2.7191191,-0.047929525,0.13331516,-0.98991424,0
1.7365334,1.1612325,-2.9582589,-0.047929525,0.13331516,-0.98991424,0
-2.1126883,-1.0966351,0.42827094,0.013814632,-0.99086976,-0.13411275,0
2.953855,0.070981026,-1.0601351,0.9987554,0.020103239,-0.045650244,0
-1.8672528,0.1099405,3.1357813,0.047929525,-0.13331516,0.98991424,0
1.0093658,-0.42729166,-3.1369829,-0.047929525,0.13331516,-0.98991424,0
-1.6534394,1.1981721,-1.5664001,-0.013814632,0.99086976,0.13411275,0
-1.0842643,-1.329257,2.9040489,0.047929525,-0.13331516,0.98991424,0
-2.8065968,0.79564846,-2.7875245,-0.047929525,0.13331516,-0.98991424,0
3.080817,-0.38120997,2.830061,0.047929525,-0.13331516,0.98991424,0
2.6477048,-0.74970698,-1.644594,0.013814632,-0.99086976,-0.13411275,0
1.7355855,1.3261437,-2.9360037,-0.047929525,0.13331516,-0.98991424,0
-1.4357448,-1.3653603,2.4834328,0.013814632,-0.99086976,-0.13411275,0
2.3300309,1.0262576,0.11408901,-0.013814632,0.99086976,0.13411275,0
3.0317512,0.28175539,0.73692393,0.9987554,0.020103239,-0.045650244,0
1.2818289,0.92085683,-2.9686151,-0.047929525,0.13331516,-0.98991424,0
-2.9374199,-0.15292229,1.3836306,-0.9987554,-0.020103239,0.045650244,0
0.63374829,-0.72970158,2.9016104,0.047929525,-0.13331516,0.98991424,0
-1.069477,-1.2073867,1.3540009,0.013814632,-0.99086976,-0.13411275,0
-3.0499876,0.63630939,-0.73161864,-0.9987554,-0.020103239,0.045650244,0
0.066826701,-0.78939486,-1.6172163,0.013814632,-0.99086976,-0.13411275,0
-0.05271244,0.33833671,3.0786839,0.047929525,-0.13331516,0.98991424,0
0.37678719,0.2303227,3.0433419,0.047929525,-0.13331516,0.98991424,0
-2.9970272,1.1317123,-2.7330453,-0.047929525,0.13331516,-0.98991424,0
-0.82386851,0.23627201,-2.9588571,-0.047929525,0.13331516,-0.98991424,0
3.1167257,-0.97104168,2.0443318,0.9987554,0.020103239,-0.045650244,0
-0.58565593,0.38827455,-2.9499199,-0.047929525,0.13331516,-0.98991424,0
1.6503026,-1.2627517,2.0432124,0.013814632,-0.99086976,-0.13411275,0
-2.770057,-1.4193828,2.7451255,0.013814632,-0.99086976,-0.13411275,0
-2.8602331,-0.11015379,3.0911837,-0.9987554,-0.020103239,0.045650244,0
-3.1301527,0.1620065,-2.6943703,-0.9987554,-0.020103239,0.045650244,0
-1.3496093,1.275465,-2.1061692,-0.013814632,0.99086976,0.13411275,0
-2.476728,0.5824703,-2.8322055,-0.047929525,0.13331516,-0.98991424,0
-3.006424,-0.96669203,-0.4844327,-0.9987554,-0.020103239,0.045650244,0
-2.9770594,-0.24005257,0.47801471,-0.9987554,-0.020103239,0.045650244,0
-3.1313026,0.41039979,-2.6101432,-0.9987554,-0.020103239,0.045650244,0
3.0866737,-1.0511622,1.3515611,0.9987554,0.020103239,-0.045650244,0
-2.8521464,-1.0894333,2.8368566,-0.9987554,-0.020103239,0.045650244,0
-1.7394031,0.88608015,0.73058569,-0.013814632,0.99086976,0.13411275,0
3.118165,-0.81541342,2.1443591,0.9987554,0.020103239,-0.045650244,0
-1.8586119,-0.96363616,-0.52819765,0.013814632,-0.99086976,-0.13411275,0
-2.5652196,1.0029697,-0.21809936,-0.013814632,0.99086976,0.13411275,0
-2.8710237,-0.039535463,2.886199,-0.9987554,-0.020103239,0.045650244,0
3.1309018,-0.74040872,2.4560478,0.9987554,0.020103239,-0.045650244,0
1.1609774,-0.39351109,-3.1397743,-0.047929525,0.13331516,-0.98991424,0
1.2258437,-0.36667368,2.921833,0.047929525,-0.13331516,0.98991424,0
3.111603,0.51973104,2.5887561,0.9987554,0.020103239,-0.045650244,0
2.7560675,0.67571062,2.7479327,-0.013814632,0.99086976,0.13411275,0
-0.94500226,-0.7889266,-1.7249023,0.013814632,-0.99086976,-0.13411275,0
-0.40592694,0.43993741,-2.9516647,-0.047929525,0.13331516,-0.98991424,0
-2.9309328,1.2230623,-2.7239432,-0.047929525,0.13331516,-0.98991424,0
2.9109821,0.51792473,-1.8013031,0.9987554,0.020103239,-0.045650244,0
2.8701577,0.71886265,-2.6059849,0.9987554,0.020103239,-0.045650244,0
1.3683852,0.75424522,2.0247514,-0.013814632,0.99086976,0.13411275,0
1.8400164,-1.0105901,0.19969952,0.013814632,-0.99086976,-0.13411275,0
-1.0605116,0.66502368,2.4337559,-0.013814632,0.99086976,0.13411275,0
-2.9533176,-0.43357059,0.91221833,-0.9987554,-0.020103239,0.045650244,0
-0.42140985,-0.10659291,3.0366151,0.047929525,-0.13331516,0.98991424,0
-1.7571971,-1.2030146,2.9536324,0.047929525,-0.13331516,0.98991424,0
1.1264099,1.2414324,-1.5996764,-0.013814632,0.99086976,0.13411275,0
2.943563,0.48761904,-1.1018326,0.9987554,0.020103239,-0.045650244,0
2.9270587,0.12481916,-1.6226912,0.9987554,0.020103239,-0.045650244,0
-3.1082137,-0.023604702,-2.2961252,-0.9987554,-0.020103239,0.045650244,0
2.9227662,0.31728184,-1.6318557,0.9987554,0.020103239,-0.045650244,0
2.6186461,1.3491932,-2.2421381,-0.013814632,0.99086976,0.13411275,0
-2.5990419,1.1167687,-1.0623682,-0.013814632,0.99086976,0.13411275,0
-0.25606632,-1.2031072,1.4061688,0.013814632,-0.99086976,-0.13411275,0
-3.0355477,-0.71991783,-1.0129399,-0.9987554,-0.020103239,0.045650244,0
-1.8658094,-0.53158516,-3.0118189,-0.047929525,0.13331516,-0.98991424,0
2.8900187,-0.7130881,-1.890187,0.013814632,-0.99086976,-0.13411275,0
2.8610392,0.74535537,-2.7938256,0.9987554,0.020103239,-0.045650244,0
-0.3908205,-1.0582949,2.9069648,0.047929525,-0.13331516,0.98991424,0
3.1430285,-0.70523804,2.7368486,0.9987554,0.020103239,-0.045650244,0
-2.4609754,-0.44518465,3.089767,0.047929525,-0.13331516,0.98991424,0
2.9223113,1.1124097,-1.29164,0.9987554,0.020103239,-0.045650244,0
0.83979154,0.86913836,-2.9541779,-0.047929525,0.13331516,-0.98991424,0
3.1155069,0.50678152,2.6684709,0.9987554,0.020103239,-0.045650244,0
0.63995695,0.070501059,3.0090759,0.047929525,-0.13331516,0.98991424,0
2.8992152,0.58061242,-2.0311413,0.9987554,0.020103239,-0.045650244,0
-0.41828752,-1.2073298,2.8882241,0.047929525,-0.13331516,0.98991424,0
-0.6894393,-1.257605,2.8945818,0.047929525,-0.13331516,0.98991424,0
-3.0548348,0.1641524,-1.0455966,-0.9987554,-0.020103239,0.045650244,0
0.088754654,0.91630876,-2.9114616,-0.047929525,0.13331516,-0.98991424,0
-2.8891871,-1.2274953,1.9656665,-0.9987554,-0.020103239,0.045650244,0
1.6442947,0.71200299,2.3652718,-0.013814632,0.99086976,0.13411275,0
-2.8551853,-0.48167345,3.0380147,-0.9987554,-0.020103239,0.045650244,0
0.31555343,0.57185256,3.0923014,0.047929525,-0.13331516,0.98991424,0
3.029048,-0.481947,0.34146357,0.9987554,0.020103239,-0.045650244,0
-2.6241555,1.1932738,-2.7428083,-0.047929525,0.13331516,-0.98991424,0
-1.9089543,-0.90664136,-0.95448005,0.013814632,-0.99086976,-0.13411275,0
3.0394058,-0.51254714,0.55460954,0.9987554,0.020103239,-0.045650244,0
2.7138803,-0.73087394,-1.7769231,0.013814632,-0.99086976,-0.13411275,0
1.178947,0.51963508,-3.0176678,-0.047929525,0.13331516,-0.98991424,0
2.3221173,-0.82270008,-1.1388345,0.013814632,-0.99086976,-0.13411275,0
-3.0452924,-0.79420471,-1.9022512,0.013814632,-0.99086976,-0.13411275,0
-3.0128372,-0.70187259,-2.5810885,0.013814632,-0.99086976,-0.13411275,0
-3.1203809,0.76282626,-2.776752,-0.047929525,0.13331516,-0.98991424,0
-0.66225004,0.19276893,-2.9725411,-0.047929525,0.13331516,-0.98991424,0
-3.0412896,-0.24287537,-0.92848969,-0.9987554,-0.020103239,0.045650244,0
2.9069755,1.1099646,-0.44493651,-0.013814632,0.99086976,0.13411275,0
-0.68278933,0.34058404,3.1094935,0.047929525,-0.13331516,0.98991424,0
2.992964,-0.65612614,-0.52469707,0.9987554,0.020103239,-0.045650244,0
0.84429765,0.90848851,-2.9490964,-0.047929525,0.13331516,-0.98991424,0
-1.0779781,-1.0249839,0.0054711103,0.013814632,-0.99086976,-0.13411275,0
-2.3089905,-0.10554703,-2.9329846,-0.047929525,0.13331516,-0.98991424,0
2.9197702,-0.54235733,-2.0759501,0.9987554,0.020103239,-0.045650244,0
2.8928888,0.89114338,-2.032804,0.9987554,0.020103239,-0.045650244,0
-2.0225868,0.13998756,-2.9137845,-0.047929525,0.13331516,-0.98991424,0
2.0099068,-0.13751346,-3.1464016,-0.047929525,0.13331516,-0.98991424,0
-0.27734566,-1.3076279,2.1762104,0.013814632,-0.99086976,-0.13411275,0
-1.2451737,-0.20165887,-2.9974365,-0.047929525,0.13331516,-0.98991424,0
-3.024565,0.70976263,-0.14306045,-0.9987554,-0.020103239,0.045650244,0
-3.1092007,0.46230388,-2.1037316,-0.9987554,-0.020103239,0.045650244,0
-2.2985363,0.38703096,3.1939797,0.047929525,-0.13331516,0.98991424,0
-0.98433828,1.0844727,-2.8368573,-0.047929525,0.13331516,-0.98991424,0
-3.070735,-0.48465955,-1.6791933,-0.9987554,-0.020103239,0.045650244,0
-3.0524993,-0.85526222,-1.4434187,-0.9987554,-0.020103239,0.045650244,0
-0.8174665,0.7838577,-2.885422,-0.047929525,0.13331516,-0.98991424,0
-2.875397,-0.2145756,2.7134447,-0.9987554,-0.020103239,0.045650244,0
-3.0822778,0.57824123,-1.4636457,-0.9987554,-0.020103239,0.045650244,0
2.5208316,-0.95782983,-0.11998129,0.013814632,-0.99086976,-0.13411275,0
0.027901888,-0.31975979,2.9861526,0.047929525,-0.13331516,0.98991424,0
-3.0568862,-0.15257436,-1.2299547,-0.9987554,-0.020103239,0.045650244,0
-1.2962722,-0.95898646,-0.50462604,0.013814632,-0.99086976,-0.13411275,0
-2.0278502,0.027608395,3.1324692,0.047929525,-0.13331516,0.98991424,0
2.7303238,-1.2581929,2.7289255,0.047929525,-0.13331516,0.98991424,0
1.0749519,-1.037392,0.31891465,0.013814632,-0.99086976,-0.13411275,0
-0.79343748,1.0363464,-0.28219104,-0.013814632,0.99086976,0.13411275,0
-0.47037125,1.3217238,-2.3573766,-0.013814632,0.99086976,0.13411275,0
3.1114039,-0.78756511,2.008698,0.9987554,0.020103239,-0.045650244,0
-3.0775542,0.54942334,-1.372992,-0.9987554,-0.020103239,0.045650244,0
-1.5880423,-0.84968871,-1.342209,0.013814632,-0.99086976,-0.13411275,0
-3.017832,0.88921106,0.083267927,-0.9987554,-0.020103239,0.045650244,0
0.09087038,1.3591187,-2.5758507,-0.013814632,0.99086976,0.13411275,0
-1.1917138,-0.48003435,3.0236192,0.047929525,-0.13331516,0.98991424,0
3.0435076,-0.41817167,0.68590593,0.9987554,0.020103239,-0.045650244,0
1.2584317,0.23350273,-3.0600505,-0.047929525,0.13331516,-0.98991424,0
-2.9768906,-0.47715256,0.37729383,-0.9987554,-0.020103239,0.045650244,0
-3.1005917,-0.28154999,-2.2429564,-0.9987554,-0.020103239,0.045650244,0
2.878921,0.11575603,-2.6798594,0.9987554,0.020103239,-0.045650244,0
-2.1314561,-0.11969078,3.1176481,0.047929525,-0.13331516,0.98991424,0
1.8765256,0.092856526,-3.1089189,-0.047929525,0.13331516,-0.98991424,0
-0.77653021,-1.034565,0.10731024,0.013814632,-0.99086976,-0.13411275,0
-1.1944201,-0.63692248,-2.8736515,0.013814632,-0.99086976,-0.13411275,0
-3.0786834,0.72909689,-1.3185794,-0.9987554,-0.020103239,0.045650244,0
2.9525547,-0.48996675,-1.3356123,0.9987554,0.020103239,-0.045650244,0
0.29567015,-0.95060211,-0.40259025,0.013814632,-0.99086976,-0.13411275,0
-2.8871412,0.58902979,2.8070674,-0.013814632,0.99086976,0.13411275,0
-3.1440783,1.0910542,-2.5899131,-0.9987554,-0.020103239,0.045650244,0
1.8962158,0.88780153,1.0923625,-0.013814632,0.99086976,0.13411275,0
2.8833494,0.32635856,-2.4902258,0.9987554,0.020103239,-0.045650244,0
1.6593173,-0.22351134,-3.1410081,-0.047929525,0.13331516,-0.98991424,0
2.950335,-0.25983208,-1.2828363,0.9987554,0.020103239,-0.045650244,0
-1.7263155,-0.29714134,-2.986999,-0.047929525,0.13331516,-0.98991424,0
3.0730109,0.78540206,1.8614213,0.9987554,0.020103239,-0.045650244,0
1.0885907,-0.98197192,-0.089143157,0.013814632,-0.99086976,-0.13411275,0
-1.5676224,0.63763309,2.58389,-0.013814632,0.99086976,0.13411275,0
-1.2029632,-1.0555488,0.21842033,0.013814632,-0.99086976,-0.13411275,0
-1.2164259,-1.2017704,2.9276171,0.047929525,-0.13331516,0.98991424,0
0.73029852,-1.3792092,2.8094642,0.047929525,-0.13331516,0.98991424,0
3.0688436,-0.15939651,1.3541803,0.9987554,0.020103239,-0.045650244,0
-3.0345852,0.34689793,-0.52208424,-0.9987554,-0.020103239,0.045650244,0
-1.1107942,1.0226997,-2.8390536,-0.047929525,0.13331516,-0.98991424,0
-0.11372995,0.1950371,-2.9987938,-0.047929525,0.13331516,-0.98991424,0
-2.9410133,0.14856935,1.4377794,-0.9987554,-0.020103239,0.045650244,0
-2.1013749,1.3330826,-2.6093037,-0.013814632,0.99086976,0.13411275,0
-1.4522523,1.2129052,-1.6545295,-0.013814632,0.99086976,0.13411275,0
1.5007167,-0.97675794,2.8263619,0.047929525,-0.13331516,0.98991424,0
1.8576319,0.59679282,-3.0401373,-0.047929525,0.13331516,-0.98991424,0
2.8859968,1.0039959,-2.1338835,0.9987554,0.020103239,-0.045650244,0
-3.1095374,-0.53975177,-2.5523856,-0.9987554,-0.020103239,0.045650244,0
1.3485153,-0.39278087,2.9123771,0.047929525,-0.13331516,0.98991424,0
-3.0970809,0.26768035,-1.9242816,-0.9987554,-0.020103239,0.045650244,0
2.3817046,0.39095542,-3.0932322,-0.047929525,0.13331516,-0.98991424,0
-1.6686479,-1.1650484,0.97947037,0.013814632,-0.99086976,-0.13411275,0
-2.8940556,-0.93933749,1.9860469,-0.9987554,-0.020103239,0.045650244,0
3.1303473,0.060404621,2.8871367,0.047929525,-0.13331516,0.98991424,0
3.0188644,-0.58439434,0.073552847,0.9987554,0.020103239,-0.045650244,0
2.990382,0.59772229,-0.029022932,0.9987554,0.020103239,-0.045650244,0
0.64551473,1.2529442,-1.7342653,-0.013814632,0.99086976,0.13411275,0
-3.060873,0.23139857,-1.148088,-0.9987554,-0.020103239,0.045650244,0
3.1180177,-1.1351963,2.0003049,0.9987554,0.020103239,-0.045650244,0
2.2522006,-0.18913153,-3.1650844,-0.047929525,0.13331516,-0.98991424,0
-0.64835548,-0.26269513,3.0265806,0.047929525,-0.13331516,0.98991424,0
1.3069504,-0.41499126,2.9113984,0.047929525,-0.13331516,0.98991424,0
3.1085184,0.45020613,2.4906504,0.9987554,0.020103239,-0.045650244,0
0.31015778,1.273277,-1.9190348,-0.013814632,0.99086976,0.13411275,0
-2.9659145,-0.7402451,-2.2927461,0.013814632,-0.99086976,-0.13411275,0
-3.0408745,0.093182251,-0.77141809,-0.9987554,-0.020103239,0.045650244,0
-1.1902184,-0.10459084,-2.9870248,-0.047929525,0.13331516,-0.98991424,0
-2.5985494,-0.072633356,3.1466012,0.047929525,-0.13331516,0.98991424,0
-1.9223901,-1.2612852,1.6643635,0.013814632,-0.99086976,-0.13411275,0
-0.94382906,0.91857749,0.57243425,-0.013814632,0.99086976,0.13411275,0
2.5886664,0.78483319,1.9244549,-0.013814632,0.99086976,0.13411275,0
-0.75564146,1.0740962,-2.8493278,-0.047929525,0.13331516,-0.98991424,0
-0.23563731,1.1670607,-1.1904941,-0.013814632,0.99086976,0.13411275,0
2.9179635,-0.072068542,-1.908375,0.9987554,0.020103239,-0.045650244,0
-1.9035535,1.2388251,-1.8925213,-0.013814632,0.99086976,0.13411275,0
2.2263021,0.72540885,2.3261757,-0.013814632,0.99086976,0.13411275,0
-2.4626036,-0.34517747,-2.9578187,-0.047929525,0.13331516,-0.98991424,0
1.671824,1.0422993,-2.9711428,-0.047929525,0.13331516,-0.98991424,0
-2.7701063,0.55056679,3.1033003,-0.013814632,0.99086976,0.13411275,0
-0.24907076,0.81637263,1.3991234,-0.013814632,0.99086976,0.13411275,0
-2.9867907,0.16074568,0.44160485,-0.9987554,-0.020103239,0.045650244,0
-0.012432814,0.56430835,3.1071658,0.047929525,-0.13331516,0.98991424,0
-1.9312387,-0.20003898,-2.9640005,-0.047929525,0.13331516,-0.98991424,0
3.0369182,0.88130325,1.1140025,0.9987554,0.020103239,-0.045650244,0
1.9123619,1.3890139,-2.9360962,-0.047929525,0.13331516,-0.98991424,0
2.8949983,-0.015749345,2.8882761,0.047929525,-0.13331516,0.98991424,0
-3.0915742,-0.54282862,-2.1607299,-0.9987554,-0.020103239,0.045650244,0
2.6223822,-0.55497682,2.828856,0.047929525,-0.13331516,0.98991424,0
2.7406139,0.57882518,2.9758246,0.047929525,-0.13331516,0.98991424,0
-1.6932565,-0.86307687,-1.254131,0.013814632,-0.99086976,-0.13411275,0
-3.0808091,0.51651484,-1.4586995,-0.9987554,-0.020103239,0.045650244,0
1.1393495,0.1575627,2.9966214,0.047929525,-0.13331516,0.98991424,0
-2.9105091,0.4304693,2.2292991,-0.9987554,-0.020103239,0.045650244,0
-2.8534184,-1.0397916,2.8308933,-0.9987554,-0.020103239,0.045650244,0
-2.9056668,-0.93623197,1.7333797,-0.9987554,-0.020103239,0.045650244,0
2.1684885,-0.15718733,2.9044039,0.047929525,-0.13331516,0.98991424,0
1.3775599,0.30422691,3.0048397,0.047929525,-0.13331516,0.98991424,0
3.0949368,-0.96830797,1.5688357,0.9987554,0.020103239,-0.045650244,0
-2.5114288,-1.1613113,0.86504745,0.013814632,-0.99086976,-0.13411275,0
-3.0110698,0.50040603,0.059993267,-0.9987554,-0.020103239,0.045650244,0
3.0956545,-0.12186179,1.9572847,0.9987554,0.020103239,-0.045650244,0
-1.0334506,-1.0893853,0.4858768,0.013814632,-0.99086976,-0.13411275,0
0.03291297,-1.2851093,2.041795,0.013814632,-0.99086976,-0.13411275,0
-2.8717186,-0.37192941,2.7246168,-0.9987554,-0.020103239,0.045650244,0
2.8499205,0.91444135,-2.962626,0.9987554,0.020103239,-0.045650244,0
-0.84236383,0.081439435,3.0823197,0.047929525,-0.13331516,0.98991424,0
-2.0649884,0.32012111,-2.8874726,-0.047929525,0.13331516,-0.98991424,0
-0.68612242,-1.155499,1.0101252,0.013814632,-0.99086976,-0.13411275,0
3.1165054,0.15593365,2.5357985,0.9987554,0.020103239,-0.045650244,0
-1.3547978,0.051084429,3.1030426,0.047929525,-0.13331516,0.98991424,0
-0.45551729,-0.11449616,3.0372024,0.047929525,-0.13331516,0.98991424,0
3.0635448,0.4533487,1.508086,0.9987554,0.020103239,-0.045650244,0
2.7740839,-0.36509001,2.8470833,0.047929525,-0.13331516,0.98991424,0
-3.022629,1.033293,-0.48925471,-0.013814632,0.99086976,0.13411275,0
2.782161,1.3690372,-2.9808998,-0.047929525,0.13331516,-0.98991424,0
1.4544516,0.99058479,0.28746045,-0.013814632,0.99086976,0.13411275,0
-1.764616,1.201447,-1.6020479,-0.013814632,0.99086976,0.13411275,0
0.059915304,1.1071914,-2.8843584,-0.047929525,0.13331516,-0.98991424,0
0.7294333,-1.3725307,2.7594399,0.013814632,-0.99086976,-0.13411275,0
-0.87692523,-1.2234468,1.4924922,0.013814632,-0.99086976,-0.13411275,0
2.7919278,-0.073221952,-3.1756067,-0.047929525,0.13331516,-0.98991424,0
-3.0688848,-0.38131648,-1.5932007,-0.9987554,-0.020103239,0.045650244,0
1.2678736,-0.8472513,-1.0660369,0.013814632,-0.99086976,-0.13411275,0
-0.77637529,-1.4084345,2.8784783,0.047929525,-0.13331516,0.98991424,0
-1.2719957,-0.71660715,-2.2929053,0.013814632,-0.99086976,-0.13411275,0
1.4524393,0.39078912,-3.0482616,-0.047929525,0.13331516,-0.98991424,0
0.46387294,-1.0443212,0.30716401,0.013814632,-0.99086976,-0.13411275,0
-0.46963555,1.0179168,-0.11267233,-0.013814632,0.99086976,0.13411275,0
-0.23605299,-1.3160075,2.8647645,0.047929525,-0.13331516,0.98991424,0
-2.9331229,0.084237456,1.5820789,-0.9987554,-0.020103239,0.045650244,0
2.2441149,0.91954303,-3.0153837,-0.047929525,0.13331516,-0.98991424,0
1.0234482,1.1021016,-0.58085954,-0.013814632,0.99086976,0.13411275,0
-1.1842991,-0.035317972,-2.9779818,-0.047929525,0.13331516,-0.98991424,0
-1.197799,1.1889359,-2.8124537,-0.047929525,0.13331516,-0.98991424,0
-1.663609,-0.37588102,3.0604939,0.047929525,-0.13331516,0.98991424,0
1.1814843,-1.2552791,1.9397105,0.013814632,-0.99086976,-0.13411275,0
-2.3819284,-1.0406717,-0.012938738,0.013814632,-0.99086976,-0.13411275,0
3.1142163,0.0085867271,2.4208381,0.9987554,0.020103239,-0.045650244,0
1.222605,-1.2167754,1.6594676,0.013814632,-0.99086976,-0.13411275,0
2.6023364,-0.61751378,-2.6259551,0.013814632,-0.99086976,-0.13411275,0
0.99012303,1.3709227,-2.5704322,-0.013814632,0.99086976,0.13411275,0
-1.3446192,1.3533819,-2.6813316,-0.013814632,0.99086976,0.13411275,0
0.63900751,-1.1835753,1.3540597,0.013814632,-0.99086976,-0.13411275,0
3.0757523,-0.15921406,1.5054078,0.9987554,0.020103239,-0.045650244,0
2.9959891,-0.83171523,-0.53583455,0.9987554,0.020103239,-0.045650244,0
-1.8732271,0.68899608,2.1729236,-0.013814632,0.99086976,0.13411275,0
0.9985435,1.0626689,-0.29208273,-0.013814632,0.99086976,0.13411275,0
-3.0109541,0.45278531,0.041552782,-0.9987554,-0.020103239,0.045650244,0
2.8643258,1.2603427,-2.4951243,0.9987554,0.020103239,-0.045650244,0
2.9177296,0.91890466,-1.4770955,0.9987554,0.020103239,-0.045650244,0
1.7570268,0.81133181,1.6430095,-0.013814632,0.99086976,0.13411275,0
