1.2379887,2.6301992,-1.028013,0.55373287,0.8169232,-0.16129595,0
0.69689363,3.1118326,-0.44625354,0.55373287,0.8169232,-0.16129595,0
-1.2175856,2.1456356,-1.7076615,-0.54580796,0.20979337,-0.8112216,0
-2.0351508,-1.4202207,0.85962713,-0.62886691,0.53723657,0.56205267,0
-1.2735323,-2.5328701,1.3989379,-0.55373287,-0.8169232,0.16129595,0
3.440726,1.5259812,0.94145298,0.55373287,0.8169232,-0.16129595,0
0.80270839,-2.1003623,1.9985085,0.54580796,-0.20979337,0.8112216,0
-1.730728,-1.6392206,1.4095687,-0.62886691,0.53723657,0.56205267,0
-0.70795751,-0.71317279,1.668761,-0.62886691,0.53723657,0.56205267,0
0.78844953,-2.0034361,2.0331688,0.54580796,-0.20979337,0.8112216,0
1.6061645,-0.27448487,0.28027076,0.62886691,-0.53723657,-0.56205267,0
0.71068764,2.4391246,-2.9291465,-0.54580796,0.20979337,-0.8112216,0
1.1808472,2.0664024,-2.4331379,0.62886691,-0.53723657,-0.56205267,0
1.1435037,-0.85705173,2.0907516,0.54580796,-0.20979337,0.8112216,0
0.32856083,-2.5275028,2.2070608,0.54580796,-0.20979337,0.8112216,0
-3.2851768,-0.96771449,-0.97152352,-0.62886691,0.53723657,0.56205267,0
-2.0516908,-2.3974791,-0.58677864,-0.55373287,-0.8169232,0.16129595,0
-3.5282805,-1.4702474,-0.95975256,-0.55373287,-0.8169232,0.16129595,0
2.5911081,2.1927192,1.4015543,0.55373287,0.8169232,-0.16129595,0
2.1778347,2.5201921,1.6413441,0.55373287,0.8169232,-0.16129595,0
2.4289212,2.2654738,1.2132442,0.55373287,0.8169232,-0.16129595,0
0.91965938,2.9097562,-0.70495987,0.55373287,0.8169232,-0.16129595,0
-0.33987164,3.0683374,-2.0595832,-0.54580796,0.20979337,-0.8112216,0
-0.75553727,-0.37862226,-2.2626395,0.62886691,-0.53723657,-0.56205267,0
-2.3485682,-2.0225248,0.29308319,-0.55373287,-0.8169232,0.16129595,0
2.6204226,0.73934305,1.5098984,0.54580796,-0.20979337,0.8112216,0
1.6790338,2.1976521,-1.7046359,0.55373287,0.8169232,-0.16129595,0
-0.98751879,-2.9436686,0.30023789,-0.55373287,-0.8169232,0.16129595,0
0.11606836,-3.2910166,1.4963835,0.62886691,-0.53723657,-0.56205267,0
0.81072527,2.5831695,0.21717715,-0.62886691,0.53723657,0.56205267,0
2.4679031,0.759049,1.6176126,0.54580796,-0.20979337,0.8112216,0
-2.9661522,-0.80421752,-1.2940608,-0.54580796,0.20979337,-0.8112216,0
-0.032236338,-3.1715255,2.2832601,0.54580796,-0.20979337,0.8112216,0
-1.50441,-1.7821524,1.7994113,-0.62886691,0.53723657,0.56205267,0
0.55312759,-0.84065557,-0.35677317,0.62886691,-0.53723657,-0.56205267,0
-0.54989719,1.7260092,-2.2654185,-0.54580796,0.20979337,-0.8112216,0
-2.8944204,-1.5766802,-1.5420933,-0.54580796,0.20979337,-0.8112216,0
0.99162388,0.68104661,2.2377198,-0.62886691,0.53723657,0.56205267,0
-1.0255015,0.37126669,-2.2957773,-0.54580796,0.20979337,-0.8112216,0
-2.7824521,-1.5205461,0.11938572,-0.62886691,0.53723657,0.56205267,0
-0.37434435,-0.67391741,-1.5538751,0.62886691,-0.53723657,-0.56205267,0
-2.6079748,-0.20553493,-1.380223,-0.54580796,0.20979337,-0.8112216,0
-0.91252577,1.0682353,-0.26288003,-0.62886691,0.53723657,0.56205267,0
0.36321354,-1.4431028,2.4641871,0.54580796,-0.20979337,0.8112216,0
-0.34933662,2.045434,-2.3177526,-0.54580796,0.20979337,-0.8112216,0
-1.0915692,-1.0593755,-1.9879214,0.62886691,-0.53723657,-0.56205267,0
-0.1622777,2.2966957,-2.3786299,-0.54580796,0.20979337,-0.8112216,0
2.9489958,0.45173049,1.0885807,0.62886691,-0.53723657,-0.56205267,0
2.3618329,1.9340622,-0.69558573,0.55373287,0.8169232,-0.16129595,0
-1.4123814,-0.51170284,-2.263824,-0.54580796,0.20979337,-0.8112216,0
0.23031986,0.80103159,1.2712281,-0.62886691,0.53723657,0.56205267,0
1.8879704,-1.1799382,1.5063548,0.54580796,-0.20979337,0.8112216,0
2.3408673,0.85506475,1.7279161,0.54580796,-0.20979337,0.8112216,0
-2.0074983,0.89309978,-1.5001144,-0.54580796,0.20979337,-0.8112216,0
0.9539094,2.922945,0.052608728,-0.62886691,0.53723657,0.56205267,0
0.02289176,-2.5721478,2.401176,0.54580796,-0.20979337,0.8112216,0
-2.5660372,-2.0516391,-0.60095024,-0.55373287,-0.8169232,0.16129595,0
2.9419773,1.9977403,1.618578,0.55373287,0.8169232,-0.16129595,0
0.24237037,-2.4276276,2.2908809,0.54580796,-0.20979337,0.8112216,0
-1.7040246,-0.28085959,0.14106047,-0.62886691,0.53723657,0.56205267,0
3.2536187,1.7198801,1.33745,0.54580796,-0.20979337,0.8112216,0
-0.51040816,-3.181989,0.73113847,-0.55373287,-0.8169232,0.16129595,0
1.5258856,-0.73627687,1.8647106,0.54580796,-0.20979337,0.8112216,0
1.9135246,2.3183222,-0.28846025,0.55373287,0.8169232,-0.16129595,0
0.62521577,2.1529958,-2.945636,-0.54580796,0.20979337,-0.8112216,0
-0.086005569,-0.83894855,-1.0735152,0.62886691,-0.53723657,-0.56205267,0
-1.5576835,1.5808692,-1.624893,-0.54580796,0.20979337,-0.8112216,0
1.3134804,2.6524508,-0.65614915,0.55373287,0.8169232,-0.16129595,0
2.7915773,1.7388413,-0.2090075,0.55373287,0.8169232,-0.16129595,0
-0.99631619,-0.65868986,-2.2643394,0.62886691,-0.53723657,-0.56205267,0
0.74169362,1.2093401,1.4531107,-0.62886691,0.53723657,0.56205267,0
0.64350975,2.7771995,-2.3243539,0.55373287,0.8169232,-0.16129595,0
-1.0305426,2.0729442,-1.8523073,-0.54580796,0.20979337,-0.8112216,0
-1.6027548,-2.5904152,-0.022742748,-0.55373287,-0.8169232,0.16129595,0
0.91469002,-1.2572138,2.1412151,0.54580796,-0.20979337,0.8112216,0
1.3378249,0.47120535,-0.73273373,0.62886691,-0.53723657,-0.56205267,0
0.26279569,1.21472,0.91214097,-0.62886691,0.53723657,0.56205267,0
-1.1923252,-2.3657851,-0.85192633,0.62886691,-0.53723657,-0.56205267,0
-0.53454661,2.0492864,-2.1921427,-0.54580796,0.20979337,-0.8112216,0
0.38885355,1.6590495,-2.9143476,-0.54580796,0.20979337,-0.8112216,0
0.28840804,0.84020454,1.2987777,-0.62886691,0.53723657,0.56205267,0
1.1803586,2.7435765,-0.65163159,0.55373287,0.8169232,-0.16129595,0
-0.74399495,0.32738626,-2.4965291,-0.54580796,0.20979337,-0.8112216,0
0.459849,3.0416455,-0.61364365,-0.62886691,0.53723657,0.56205267,0
2.9957638,1.9079441,1.3484316,0.55373287,0.8169232,-0.16129595,0
1.1916368,2.9012833,0.1858325,0.55373287,0.8169232,-0.16129595,0
1.6063128,2.520674,-0.31826425,0.55373287,0.8169232,-0.16129595,0
-0.31248987,2.9702802,-1.4095798,-0.62886691,0.53723657,0.56205267,0
0.19693065,-0.27251273,-1.2983712,0.62886691,-0.53723657,-0.56205267,0
-0.39048699,0.57133657,0.79617584,-0.62886691,0.53723657,0.56205267,0
-1.1446838,-1.540448,-1.5875179,0.62886691,-0.53723657,-0.56205267,0
1.8194776,0.13410151,1.8922672,0.54580796,-0.20979337,0.8112216,0
2.5913608,0.40570056,1.4431667,0.54580796,-0.20979337,0.8112216,0
-0.38717294,-2.7502933,0.41647029,0.62886691,-0.53723657,-0.56205267,0
-0.0026810169,-2.8831336,2.3379569,0.54580796,-0.20979337,0.8112216,0
0.8544333,-0.11204624,-0.71608913,0.62886691,-0.53723657,-0.56205267,0
-2.5351143,-1.1965649,0.086449146,-0.62886691,0.53723657,0.56205267,0
-0.87623608,-1.1387137,1.8872305,-0.62886691,0.53723657,0.56205267,0
-1.0019709,0.90083563,-0.2029494,-0.62886691,0.53723657,0.56205267,0
-0.18430471,-2.3110952,2.6080945,0.54580796,-0.20979337,0.8112216,0
0.88258636,-1.9920223,1.112381,0.62886691,-0.53723657,-0.56205267,0
2.0843408,0.99694383,1.9372048,0.54580796,-0.20979337,0.8112216,0
0.06926918,3.3438525,-1.4257805,0.55373287,0.8169232,-0.16129595,0
0.5815956,2.934572,-1.7398541,0.55373287,0.8169232,-0.16129595,0
0.085701942,3.3510604,-1.3280208,-0.62886691,0.53723657,0.56205267,0
1.9516566,2.3282869,-0.10708332,0.55373287,0.8169232,-0.16129595,0
2.6859543,2.2159629,1.844887,0.55373287,0.8169232,-0.16129595,0
2.9466586,1.9729143,1.5089092,0.55373287,0.8169232,-0.16129595,0
1.5658538,1.8399253,1.7724999,-0.62886691,0.53723657,0.56205267,0
0.12716639,-0.2364791,-1.4108714,0.62886691,-0.53723657,-0.56205267,0
-2.2476082,-2.2975526,-0.75326538,-0.55373287,-0.8169232,0.16129595,0
-2.4748161,-1.628201,0.56649351,-0.62886691,0.53723657,0.56205267,0
-2.5784354,-0.74849927,-0.39030409,-0.62886691,0.53723657,0.56205267,0
-0.54643947,-0.55285937,1.6962445,-0.62886691,0.53723657,0.56205267,0
-1.2602494,0.29594776,-2.1573119,-0.54580796,0.20979337,-0.8112216,0
0.54175949,-3.0726309,1.9226384,0.54580796,-0.20979337,0.8112216,0
1.6512122,2.2060828,-1.7574482,0.55373287,0.8169232,-0.16129595,0
-3.0186019,-1.4431944,-1.4240198,-0.54580796,0.20979337,-0.8112216,0
1.3781397,1.9212028,-2.0736032,0.62886691,-0.53723657,-0.56205267,0
-1.9281905,-0.57342583,0.16989541,-0.62886691,0.53723657,0.56205267,0
1.8296648,2.3672476,-0.32855749,0.55373287,0.8169232,-0.16129595,0
-0.06289649,3.325242,-1.973766,0.55373287,0.8169232,-0.16129595,0
0.10958123,-2.9745445,2.2387841,0.54580796,-0.20979337,0.8112216,0
0.405747,1.8923351,0.42438936,-0.62886691,0.53723657,0.56205267,0
-2.3762488,-1.2954876,-1.8180103,-0.54580796,0.20979337,-0.8112216,0
0.68410158,-2.2822957,2.0312593,0.54580796,-0.20979337,0.8112216,0
-1.4467834,-2.5329874,0.80356956,-0.55373287,-0.8169232,0.16129595,0
-0.73365372,-3.0072815,0.84957933,-0.55373287,-0.8169232,0.16129595,0
-2.0296154,-2.3712034,-0.37791252,-0.55373287,-0.8169232,0.16129595,0
2.2231731,0.30913448,0.41277599,0.62886691,-0.53723657,-0.56205267,0
2.7367165,1.9092712,0.4658401,0.55373287,0.8169232,-0.16129595,0
0.99017668,2.6003208,-2.0300837,0.55373287,0.8169232,-0.16129595,0
-1.5849679,-2.4136817,0.93343091,-0.55373287,-0.8169232,0.16129595,0
-2.1132908,-1.5751842,-2.0672681,-0.54580796,0.20979337,-0.8112216,0
-2.8783917,-1.9626154,-1.2223885,-0.55373287,-0.8169232,0.16129595,0
1.2069041,2.7891114,-0.32987714,0.55373287,0.8169232,-0.16129595,0
0.072261572,-0.62361979,2.4561296,-0.62886691,0.53723657,0.56205267,0
-2.873054,-1.7496854,-1.6012111,-0.54580796,0.20979337,-0.8112216,0
1.393342,-1.6613988,1.7146389,0.54580796,-0.20979337,0.8112216,0
2.5234804,1.9142282,-0.24109936,0.55373287,0.8169232,-0.16129595,0
0.97324181,2.9795053,-0.1677475,0.55373287,0.8169232,-0.16129595,0
-1.3009849,-1.572036,1.8261797,-0.62886691,0.53723657,0.56205267,0
1.5837536,0.80913132,2.2254398,0.54580796,-0.20979337,0.8112216,0
0.48901904,1.7217283,-2.8777511,0.62886691,-0.53723657,-0.56205267,0
-0.92235327,-2.4825511,2.8593976,-0.55373287,-0.8169232,0.16129595,0
-2.683507,-2.1240628,-1.3710349,-0.55373287,-0.8169232,0.16129595,0
-0.30087888,-1.2890905,-0.88366461,0.62886691,-0.53723657,-0.56205267,0
0.41209322,3.1104932,-1.4307641,0.55373287,0.8169232,-0.16129595,0
1.0028368,1.7987313,-2.3764563,0.62886691,-0.53723657,-0.56205267,0
-1.1859219,0.81595814,-2.072839,-0.54580796,0.20979337,-0.8112216,0
-0.7029506,-3.0442965,0.34417653,0.62886691,-0.53723657,-0.56205267,0
2.7284787,0.086755276,1.1907104,0.62886691,-0.53723657,-0.56205267,0
1.3863699,-0.35647821,0.11272132,0.62886691,-0.53723657,-0.56205267,0
-1.6848879,1.4995723,-1.5603313,-0.54580796,0.20979337,-0.8112216,0
1.4509412,2.5658798,-0.62270236,0.55373287,0.8169232,-0.16129595,0
-0.35582829,1.2464178,0.1896795,-0.62886691,0.53723657,0.56205267,0
-3.0587826,-1.5584913,-0.15352392,-0.62886691,0.53723657,0.56205267,0
-1.7397361,-2.6026323,-0.5548811,-0.55373287,-0.8169232,0.16129595,0
0.075768977,-1.3106632,-0.44162226,0.62886691,-0.53723657,-0.56205267,0
0.41417432,1.7136323,-2.9172683,-0.54580796,0.20979337,-0.8112216,0
0.99226809,-0.54079121,2.2742956,0.54580796,-0.20979337,0.8112216,0
-1.3582454,0.47280204,-0.19244137,-0.62886691,0.53723657,0.56205267,0
-3.1277261,-0.7958802,-0.95960319,-0.62886691,0.53723657,0.56205267,0
-1.9680748,-1.2780495,0.79878259,-0.62886691,0.53723657,0.56205267,0
-1.4471285,1.1568137,-1.8089434,-0.54580796,0.20979337,-0.8112216,0
-3.580241,-1.3580296,-1.024112,-0.54580796,0.20979337,-0.8112216,0
-1.3534772,-0.92168355,1.1458093,-0.62886691,0.53723657,0.56205267,0
-0.46654063,0.77178758,0.51948059,-0.62886691,0.53723657,0.56205267,0
-1.6401042,-2.5092642,-1.2157912,0.62886691,-0.53723657,-0.56205267,0
0.11151886,-3.1191859,1.3270495,0.62886691,-0.53723657,-0.56205267,0
2.7067926,0.12288773,1.2923621,0.54580796,-0.20979337,0.8112216,0
1.5484314,2.2177858,-2.0510249,0.55373287,0.8169232,-0.16129595,0
1.3110245,2.3304791,-2.2952857,0.55373287,0.8169232,-0.16129595,0
-1.4663465,0.89884377,-1.8627278,-0.54580796,0.20979337,-0.8112216,0
-0.65019912,-2.9608068,1.3714646,-0.55373287,-0.8169232,0.16129595,0
0.68007874,-1.7378246,2.1747739,0.54580796,-0.20979337,0.8112216,0
1.8201876,2.5932789,0.78369856,0.55373287,0.8169232,-0.16129595,0
-1.2656038,-0.75593591,-2.4257412,-0.54580796,0.20979337,-0.8112216,0
-1.1187437,0.89097846,-2.0986369,-0.54580796,0.20979337,-0.8112216,0
-0.05853498,-0.68799496,-1.1870677,0.62886691,-0.53723657,-0.56205267,0
-2.0437982,0.94472218,-1.4105729,-0.62886691,0.53723657,0.56205267,0
-0.18171859,1.2255707,-2.6425576,-0.54580796,0.20979337,-0.8112216,0
-0.33604717,2.6958838,-2.1584785,-0.54580796,0.20979337,-0.8112216,0
1.6935148,-0.23971236,1.8803447,0.54580796,-0.20979337,0.8112216,0
1.1608515,-1.5201886,1.9075831,0.54580796,-0.20979337,0.8112216,0
2.0833759,1.0238425,1.9448103,0.54580796,-0.20979337,0.8112216,0
-2.7961895,-2.0166235,-1.2137229,-0.55373287,-0.8169232,0.16129595,0
1.2536548,-0.71796024,0.30975145,0.62886691,-0.53723657,-0.56205267,0
-1.1618968,-2.279516,2.6580448,-0.62886691,0.53723657,0.56205267,0
-1.4186323,-0.66122156,-2.2982855,-0.54580796,0.20979337,-0.8112216,0
-0.15858036,-1.1660998,-0.84201092,0.62886691,-0.53723657,-0.56205267,0
-1.9273214,-2.3526449,0.067258835,-0.55373287,-0.8169232,0.16129595,0
-1.7466273,-0.78666109,0.57686251,-0.62886691,0.53723657,0.56205267,0
1.5883157,2.566097,-0.14999342,0.55373287,0.8169232,-0.16129595,0
0.39666343,2.1967258,-2.7805519,-0.54580796,0.20979337,-0.8112216,0
-0.63231015,0.49439865,-2.528481,-0.54580796,0.20979337,-0.8112216,0
0.68315846,0.42669952,-1.4226832,0.62886691,-0.53723657,-0.56205267,0
-1.6174147,-0.21440263,-2.0489869,-0.54580796,0.20979337,-0.8112216,0
-0.64361835,-2.9738863,1.3278118,-0.55373287,-0.8169232,0.16129595,0
-2.0001159,0.28772163,-1.6616408,-0.54580796,0.20979337,-0.8112216,0
0.064235926,1.5814404,-2.7160087,-0.54580796,0.20979337,-0.8112216,0
-1.7808578,-1.4921197,-2.2694545,-0.54580796,0.20979337,-0.8112216,0
1.6404173,0.24161144,2.0405471,0.54580796,-0.20979337,0.8112216,0
-1.5079069,-1.749842,-1.7937706,0.62886691,-0.53723657,-0.56205267,0
-0.71023917,-0.91990453,-1.6945732,0.62886691,-0.53723657,-0.56205267,0
-0.42717558,0.31027228,1.0046636,-0.62886691,0.53723657,0.56205267,0
1.9894898,1.2764237,2.0733008,0.54580796,-0.20979337,0.8112216,0
-0.46398228,-2.1139731,-0.27769494,0.62886691,-0.53723657,-0.56205267,0
1.6332146,2.7255836,0.81190515,0.55373287,0.8169232,-0.16129595,0
2.5441303,2.2213261,1.3851647,0.55373287,0.8169232,-0.16129595,0
-2.171994,-2.0609686,0.70455861,-0.55373287,-0.8169232,0.16129595,0
0.1676818,2.3855796,-0.31344271,-0.62886691,0.53723657,0.56205267,0
-1.7920334,0.66721559,-1.7035006,-0.54580796,0.20979337,-0.8112216,0
1.2129462,2.6756914,-0.88357735,0.55373287,0.8169232,-0.16129595,0
2.1060381,0.97183526,1.9161131,0.54580796,-0.20979337,0.8112216,0
-0.66702378,-2.9046996,1.5978746,-0.55373287,-0.8169232,0.16129595,0
2.2190313,2.0463274,-0.61723256,0.55373287,0.8169232,-0.16129595,0
1.2058759,0.89151955,2.2762613,-0.62886691,0.53723657,0.56205267,0
-0.39495945,-0.37361726,1.6944036,-0.62886691,0.53723657,0.56205267,0
-0.53103673,-0.88200313,2.0280895,-0.62886691,0.53723657,0.56205267,0
0.72599584,2.9521255,-1.1552198,0.55373287,0.8169232,-0.16129595,0
2.2152317,2.005789,-0.8355937,0.55373287,0.8169232,-0.16129595,0
2.0076721,1.8006378,2.1966352,0.54580796,-0.20979337,0.8112216,0
0.74106479,2.6556098,-2.6052666,0.55373287,0.8169232,-0.16129595,0
1.3492651,1.5677261,-1.7680402,0.62886691,-0.53723657,-0.56205267,0
1.0992687,1.070482,1.9859201,-0.62886691,0.53723657,0.56205267,0
-0.06428051,-1.2384961,2.804729,0.54580796,-0.20979337,0.8112216,0
-0.32986158,-3.1317818,1.6052458,-0.55373287,-0.8169232,0.16129595,0
-1.114624,-2.38836,2.6763806,-0.55373287,-0.8169232,0.16129595,0
1.4018559,1.4195614,1.9908106,-0.62886691,0.53723657,0.56205267,0
-1.8771218,-1.8430824,1.4406331,-0.62886691,0.53723657,0.56205267,0
-2.7639709,-1.9919174,-0.97798681,-0.55373287,-0.8169232,0.16129595,0
-0.56309581,0.69049716,0.48914868,-0.62886691,0.53723657,0.56205267,0
-0.85253698,1.0907859,-0.21731493,-0.62886691,0.53723657,0.56205267,0
2.5468042,1.0136788,0.10144174,0.62886691,-0.53723657,-0.56205267,0
2.5612471,2.2629871,1.6549301,0.55373287,0.8169232,-0.16129595,0
-1.8775724,-2.223774,0.89074802,-0.55373287,-0.8169232,0.16129595,0
-0.86948389,1.2425636,-0.38135281,-0.62886691,0.53723657,0.56205267,0
0.013334155,0.36425,1.4459445,-0.62886691,0.53723657,0.56205267,0
-1.624469,0.19251817,-1.9390053,-0.54580796,0.20979337,-0.8112216,0
-1.9274113,-1.8392992,1.3807491,-0.62886691,0.53723657,0.56205267,0
-2.0277195,-1.0396299,0.5041548,-0.62886691,0.53723657,0.56205267,0
2.0722513,0.0062040687,1.6891195,0.54580796,-0.20979337,0.8112216,0
0.6874994,2.4292445,-2.9160995,-0.54580796,0.20979337,-0.8112216,0
0.43918395,0.9229539,-2.1700039,0.62886691,-0.53723657,-0.56205267,0
-3.0228684,-1.8223715,-1.0080788,-0.55373287,-0.8169232,0.16129595,0
0.21985853,-2.1684854,0.53954339,0.62886691,-0.53723657,-0.56205267,0
0.83117372,-0.60501587,-0.27091002,0.62886691,-0.53723657,-0.56205267,0
-0.88797796,-2.9120553,0.8020792,-0.55373287,-0.8169232,0.16129595,0
1.910691,0.8662852,2.0202501,0.54580796,-0.20979337,0.8112216,0
0.10227038,-1.3804417,-0.34527314,0.62886691,-0.53723657,-0.56205267,0
-0.22097698,1.8314099,-0.21860182,-0.62886691,0.53723657,0.56205267,0
-0.44232047,-2.3895011,2.7614164,0.54580796,-0.20979337,0.8112216,0
-0.67620933,-3.0205894,0.97938776,-0.55373287,-0.8169232,0.16129595,0
-2.1994767,-2.3422093,-0.8142035,-0.55373287,-0.8169232,0.16129595,0
2.0681655,2.2450175,-0.12884235,0.55373287,0.8169232,-0.16129595,0
-2.9607368,-1.0602242,-1.3639119,-0.54580796,0.20979337,-0.8112216,0
-1.469401,-2.4114656,1.341399,-0.55373287,-0.8169232,0.16129595,0
-0.82728648,-0.92520761,-1.8204657,0.62886691,-0.53723657,-0.56205267,0
-2.4441416,-2.0649445,-1.971323,-0.54580796,0.20979337,-0.8112216,0
-1.4767052,-2.4866095,0.93573976,-0.55373287,-0.8169232,0.16129595,0
0.58812881,2.1296167,-2.926729,-0.54580796,0.20979337,-0.8112216,0
-1.3837056,-2.4414935,1.4835099,-0.55373287,-0.8169232,0.16129595,0
0.33773232,-0.40283269,2.54212,-0.62886691,0.53723657,0.56205267,0
0.70917499,2.8959353,-1.4975555,0.55373287,0.8169232,-0.16129595,0
-2.2019942,-2.3937807,-1.0840418,-0.55373287,-0.8169232,0.16129595,0
-3.4194775,-1.5311816,-1.1770568,-0.54580796,0.20979337,-0.8112216,0
1.9779527,2.4271305,0.48381066,0.55373287,0.8169232,-0.16129595,0
-3.280714,-1.6396425,-0.96779203,-0.55373287,-0.8169232,0.16129595,0
-1.8894653,-2.0799258,1.5784734,-0.55373287,-0.8169232,0.16129595,0
2.8250408,2.0471292,1.4672728,0.55373287,0.8169232,-0.16129595,0
1.6806457,0.27811927,2.022922,0.54580796,-0.20979337,0.8112216,0
0.51998925,2.7893419,-2.686904,0.55373287,0.8169232,-0.16129595,0
0.74953079,-1.5711424,2.1711514,0.54580796,-0.20979337,0.8112216,0
-1.7491045,1.0285299,-1.160955,-0.62886691,0.53723657,0.56205267,0
-1.2497847,1.9746189,-1.5065955,-0.62886691,0.53723657,0.56205267,0
-0.78011417,0.76295257,0.17707577,-0.62886691,0.53723657,0.56205267,0
0.80531192,-2.3369389,1.3556082,0.62886691,-0.53723657,-0.56205267,0
-2.4967623,-0.14519429,-0.87558985,-0.62886691,0.53723657,0.56205267,0
2.5726697,1.6202854,1.7698514,0.54580796,-0.20979337,0.8112216,0
1.0486653,1.5936947,-2.1291959,0.62886691,-0.53723657,-0.56205267,0
-1.1129048,0.63528776,-0.073247358,-0.62886691,0.53723657,0.56205267,0
-1.9190351,-2.357842,0.069384813,-0.55373287,-0.8169232,0.16129595,0
3.2636211,1.2740103,1.2154121,0.54580796,-0.20979337,0.8112216,0
-1.5413986,-2.7807894,-0.77630353,-0.55373287,-0.8169232,0.16129595,0
1.1866446,2.3706472,-2.5188441,0.55373287,0.8169232,-0.16129595,0
-2.5342467,-2.1344764,-0.91136193,-0.55373287,-0.8169232,0.16129595,0
-1.8241221,0.21370578,-0.466043,-0.62886691,0.53723657,0.56205267,0
-2.0268736,0.81758666,-1.5066071,-0.54580796,0.20979337,-0.8112216,0
0.034971476,-2.5740583,2.3925548,0.54580796,-0.20979337,0.8112216,0
-0.073341727,-3.1848626,2.2170429,-0.55373287,-0.8169232,0.16129595,0
-0.39576888,0.70747447,-2.6325271,-0.54580796,0.20979337,-0.8112216,0
-1.3603275,-2.0776696,2.2430911,-0.62886691,0.53723657,0.56205267,0
3.0383053,1.7375579,0.63151622,0.55373287,0.8169232,-0.16129595,0
-1.3642901,0.88993883,-0.59792405,-0.62886691,0.53723657,0.56205267,0
-0.39785743,0.72599721,-2.6263318,-0.54580796,0.20979337,-0.8112216,0
-0.55298042,2.1360102,-2.1573119,-0.54580796,0.20979337,-0.8112216,0
-0.36374056,-3.1579823,0.83237696,0.62886691,-0.53723657,-0.56205267,0
0.84432161,2.1456156,-2.8853831,0.62886691,-0.53723657,-0.56205267,0
-1.7811871,0.2423476,-1.8206751,-0.54580796,0.20979337,-0.8112216,0
0.70118868,2.7623734,-2.2014318,0.55373287,0.8169232,-0.16129595,0
1.3346989,-0.67268372,2.0097914,0.54580796,-0.20979337,0.8112216,0
-1.9000638,-2.4888837,-0.52917981,-0.55373287,-0.8169232,0.16129595,0
-0.80781341,-2.9907379,0.67877746,-0.55373287,-0.8169232,0.16129595,0
0.35770822,-0.76255941,2.6438894,0.54580796,-0.20979337,0.8112216,0
0.98183036,2.676532,-1.6727458,0.55373287,0.8169232,-0.16129595,0
-1.8087599,-1.5946988,1.2797047,-0.62886691,0.53723657,0.56205267,0
-2.3284945,-2.0114181,0.41825008,-0.55373287,-0.8169232,0.16129595,0
0.76401818,2.1235449,0.60424852,-0.62886691,0.53723657,0.56205267,0
-1.1949875,0.04607873,-2.265841,-0.54580796,0.20979337,-0.8112216,0
2.946588,1.992382,1.6072681,0.55373287,0.8169232,-0.16129595,0
-3.4715059,-1.3061651,-0.8564949,-0.62886691,0.53723657,0.56205267,0
0.6447466,-1.5568485,0.43030816,0.62886691,-0.53723657,-0.56205267,0
-2.5272818,-1.8321667,0.64367199,-0.55373287,-0.8169232,0.16129595,0
2.982512,1.2595435,1.4008074,0.54580796,-0.20979337,0.8112216,0
-2.8296609,-1.0677246,-1.4540422,-0.54580796,0.20979337,-0.8112216,0
2.0173934,2.4377728,0.67311239,0.55373287,0.8169232,-0.16129595,0
-1.7744863,-1.4460905,1.1760055,-0.62886691,0.53723657,0.56205267,0
2.1518741,0.35136431,1.7248111,0.54580796,-0.20979337,0.8112216,0
0.26054698,3.25595,-1.2143223,0.55373287,0.8169232,-0.16129595,0
-2.487582,-1.8670151,0.60346293,-0.55373287,-0.8169232,0.16129595,0
3.5898902,1.3447984,1.0141978,0.54580796,-0.20979337,0.8112216,0
2.4978921,-0.0015443563,1.4007349,0.54580796,-0.20979337,0.8112216,0
-1.2148836,-2.8598652,-0.055868387,-0.55373287,-0.8169232,0.16129595,0
-0.18792117,-3.0807195,2.3511493,-0.55373287,-0.8169232,0.16129595,0
3.1642075,1.6287158,0.51248288,0.55373287,0.8169232,-0.16129595,0
2.8214412,0.65914655,1.3539083,0.54580796,-0.20979337,0.8112216,0
-0.88629651,-0.15772057,0.93829429,-0.62886691,0.53723657,0.56205267,0
-1.2874968,-2.4324751,1.859473,-0.55373287,-0.8169232,0.16129595,0
1.9113281,2.6317015,1.2911868,0.55373287,0.8169232,-0.16129595,0
-0.31238317,-0.95708239,-1.2138858,0.62886691,-0.53723657,-0.56205267,0
-1.3434892,0.1382345,0.14386469,-0.62886691,0.53723657,0.56205267,0
1.4139442,-0.57620937,1.9814228,0.54580796,-0.20979337,0.8112216,0
2.0981896,2.5647769,1.59373,0.55373287,0.8169232,-0.16129595,0
0.33949047,3.0522459,-0.75844145,-0.62886691,0.53723657,0.56205267,0
0.73479539,2.0366516,0.65460896,-0.62886691,0.53723657,0.56205267,0
-3.5194376,-1.4422375,-0.78752923,-0.55373287,-0.8169232,0.16129595,0
-2.5395386,-2.077697,-0.64195514,-0.55373287,-0.8169232,0.16129595,0
0.81389832,-1.4224236,2.1663043,0.54580796,-0.20979337,0.8112216,0
-1.3721215,-2.7800236,-0.19129086,-0.55373287,-0.8169232,0.16129595,0
0.026538432,-0.67625141,-1.1031064,0.62886691,-0.53723657,-0.56205267,0
0.021850348,1.7465348,-2.6447949,-0.54580796,0.20979337,-0.8112216,0
-2.5640218,-0.15006781,-0.94618601,-0.62886691,0.53723657,0.56205267,0
2.4293511,1.9476898,-0.39477468,0.55373287,0.8169232,-0.16129595,0
-1.4910655,0.46278417,-0.33147481,-0.62886691,0.53723657,0.56205267,0
1.7024481,2.1602454,-1.8137091,0.55373287,0.8169232,-0.16129595,0
0.076884031,-2.6455557,2.3458645,0.54580796,-0.20979337,0.8112216,0
1.5482459,2.3698516,-1.2814872,0.55373287,0.8169232,-0.16129595,0
0.70135379,1.6349385,1.0011685,-0.62886691,0.53723657,0.56205267,0
0.3104316,-2.2916217,0.75858235,0.62886691,-0.53723657,-0.56205267,0
2.4315004,2.1833775,0.80630255,0.55373287,0.8169232,-0.16129595,0
-2.7355442,-1.87968,-0.3119421,-0.55373287,-0.8169232,0.16129595,0
3.0671477,0.65605545,1.1877919,0.54580796,-0.20979337,0.8112216,0
1.330584,2.5541341,-1.0953807,0.55373287,0.8169232,-0.16129595,0
1.7881296,0.40062928,-0.16143906,0.62886691,-0.53723657,-0.56205267,0
-3.4604924,-1.3625395,-1.1058476,-0.54580796,0.20979337,-0.8112216,0
-0.23845351,-3.0276115,2.4466484,-0.55373287,-0.8169232,0.16129595,0
0.52255201,1.4247782,-2.5563931,0.62886691,-0.53723657,-0.56205267,0
-1.0181082,-2.7089889,1.3838173,-0.55373287,-0.8169232,0.16129595,0
0.2372508,-1.6167905,2.5040195,0.54580796,-0.20979337,0.8112216,0
-0.53593779,-2.4683723,2.8040068,0.54580796,-0.20979337,0.8112216,0
-0.59755254,-1.4947972,-1.0189812,0.62886691,-0.53723657,-0.56205267,0
-2.2099898,-0.19022733,-1.6440368,-0.54580796,0.20979337,-0.8112216,0
-0.5322547,1.1656336,-2.4222097,-0.54580796,0.20979337,-0.8112216,0
-2.6275396,-2.1816478,-1.4705501,-0.55373287,-0.8169232,0.16129595,0
1.3540362,2.414108,-1.7240655,0.55373287,0.8169232,-0.16129595,0
-1.4979265,-0.75880897,0.82850528,-0.62886691,0.53723657,0.56205267,0
-0.55296755,-2.9839144,1.5882289,-0.55373287,-0.8169232,0.16129595,0
-1.066214,-2.6925271,-0.39850783,0.62886691,-0.53723657,-0.56205267,0
1.7840662,0.97862214,2.1344981,0.54580796,-0.20979337,0.8112216,0
0.38104722,-0.23204619,-1.1310475,0.62886691,-0.53723657,-0.56205267,0
-0.1259563,2.300283,-2.4021404,-0.54580796,0.20979337,-0.8112216,0
0.41861948,-0.16032958,-1.1575592,0.62886691,-0.53723657,-0.56205267,0
-0.60011601,2.6743977,-1.4485788,-0.62886691,0.53723657,0.56205267,0
0.1176573,2.8070598,-0.77228439,-0.62886691,0.53723657,0.56205267,0
-2.5737119,-0.68860894,-0.44226503,-0.62886691,0.53723657,0.56205267,0
0.16677105,0.77322519,-2.3316822,0.62886691,-0.53723657,-0.56205267,0
0.615646,-0.49588716,-0.61636907,0.62886691,-0.53723657,-0.56205267,0
2.5732646,1.4203689,-0.25768661,0.62886691,-0.53723657,-0.56205267,0
1.0217308,0.79186958,-1.3929099,0.62886691,-0.53723657,-0.56205267,0
-2.3665755,-1.6582712,-1.9183395,-0.54580796,0.20979337,-0.8112216,0
-1.1329668,1.2859582,-0.71763599,-0.62886691,0.53723657,0.56205267,0
2.9736927,1.6180813,1.499464,0.54580796,-0.20979337,0.8112216,0
-0.72467554,-2.2869477,2.9779127,0.54580796,-0.20979337,0.8112216,0
-2.1980963,-0.024541974,-0.65674478,-0.62886691,0.53723657,0.56205267,0
2.1830673,2.2428734,0.25475931,0.55373287,0.8169232,-0.16129595,0
1.7373989,-0.10696542,1.8851489,0.54580796,-0.20979337,0.8112216,0
-0.86500484,-2.5388196,-0.32030106,0.62886691,-0.53723657,-0.56205267,0
2.2769184,0.45183396,0.33651078,0.62886691,-0.53723657,-0.56205267,0
-2.8525932,-0.98725224,-0.46884131,-0.62886691,0.53723657,0.56205267,0
-1.4849424,-0.34393281,-2.1716158,-0.54580796,0.20979337,-0.8112216,0
2.0109653,-0.57146215,1.0170579,0.62886691,-0.53723657,-0.56205267,0
-1.2554349,-2.9013958,-0.40542197,-0.55373287,-0.8169232,0.16129595,0
2.0680475,1.7014738,-1.0916551,0.62886691,-0.53723657,-0.56205267,0
-2.5254037,-1.5302178,-1.7783599,-0.54580796,0.20979337,-0.8112216,0
-0.46924937,2.2795823,-0.9247719,-0.62886691,0.53723657,0.56205267,0
-1.0218737,-1.4679253,-1.5194293,0.62886691,-0.53723657,-0.56205267,0
1.5644863,0.90534979,2.2632871,0.54580796,-0.20979337,0.8112216,0
-0.86236048,0.025824934,-2.4948778,-0.54580796,0.20979337,-0.8112216,0
-2.6501689,-1.984959,-0.55205941,-0.55373287,-0.8169232,0.16129595,0
-3.3454552,-1.5615309,-0.79443574,-0.55373287,-0.8169232,0.16129595,0
-0.81273913,2.5709672,-1.5876136,-0.62886691,0.53723657,0.56205267,0
2.2927363,2.0523667,-0.33361506,0.55373287,0.8169232,-0.16129595,0
-0.18690968,1.1738611,-2.6524377,-0.54580796,0.20979337,-0.8112216,0
-0.63865203,-3.0819116,0.7977407,-0.55373287,-0.8169232,0.16129595,0
2.0784318,2.1723258,-0.46176338,0.55373287,0.8169232,-0.16129595,0
0.8484273,-0.054529876,2.4968293,0.54580796,-0.20979337,0.8112216,0
1.2897524,-1.464329,1.0635549,0.62886691,-0.53723657,-0.56205267,0
2.8269565,1.9837894,1.1530514,0.55373287,0.8169232,-0.16129595,0
0.52451372,1.1594123,1.2578366,-0.62886691,0.53723657,0.56205267,0
1.7033974,2.5786932,0.30888224,0.55373287,0.8169232,-0.16129595,0
-0.88607925,-2.5774765,2.503154,-0.55373287,-0.8169232,0.16129595,0
0.66962123,-0.70679682,2.4484484,0.54580796,-0.20979337,0.8112216,0
-1.4703438,0.83494014,-1.8765647,-0.54580796,0.20979337,-0.8112216,0
1.969298,2.1653516,-0.87174511,0.55373287,0.8169232,-0.16129595,0
1.3146584,0.91850829,-1.1862077,0.62886691,-0.53723657,-0.56205267,0
2.4840901,0.055651426,1.4248128,0.54580796,-0.20979337,0.8112216,0
-0.2117517,0.23886582,-2.2444358,0.62886691,-0.53723657,-0.56205267,0
-0.88470948,-2.7576523,1.5953103,-0.55373287,-0.8169232,0.16129595,0
-0.41852462,-1.4068451,2.6556454,-0.62886691,0.53723657,0.56205267,0
2.4099908,0.79420686,0.1581459,0.62886691,-0.53723657,-0.56205267,0
-2.0338497,-2.1634135,0.65995431,-0.55373287,-0.8169232,0.16129595,0
-1.8505814,1.2015222,-1.4398491,-0.62886691,0.53723657,0.56205267,0
2.8381281,1.8156147,0.33963823,0.55373287,0.8169232,-0.16129595,0
-0.66016304,1.6208347,-0.50871819,-0.62886691,0.53723657,0.56205267,0
-0.46791494,-2.1637409,2.8370216,0.54580796,-0.20979337,0.8112216,0
-2.6074798,-0.57906938,-1.4771571,-0.54580796,0.20979337,-0.8112216,0
1.2303164,-1.7802384,1.7935929,0.54580796,-0.20979337,0.8112216,0
-0.80908465,-1.8593452,2.6511784,-0.62886691,0.53723657,0.56205267,0
-1.9931774,-2.5920231,-1.3712173,-0.55373287,-0.8169232,0.16129595,0
2.8786011,0.5080353,1.2763699,0.54580796,-0.20979337,0.8112216,0
0.30044389,-1.346458,2.5314136,0.54580796,-0.20979337,0.8112216,0
1.1339308,2.5295067,-1.8952281,0.55373287,0.8169232,-0.16129595,0
0.51331735,-3.0553527,1.946243,0.54580796,-0.20979337,0.8112216,0
0.0097658634,-1.1862309,-0.63441008,0.62886691,-0.53723657,-0.56205267,0
-2.7926402,-0.36334872,-0.99811804,-0.62886691,0.53723657,0.56205267,0
1.9880915,1.8370874,-1.3107417,0.62886691,-0.53723657,-0.56205267,0
-2.6732879,-1.392771,-1.6433146,-0.54580796,0.20979337,-0.8112216,0
-2.5002668,-2.1610587,-1.9584167,-0.54580796,0.20979337,-0.8112216,0
-1.8477201,-2.558531,-0.70222998,-0.55373287,-0.8169232,0.16129595,0
-2.2333679,-0.38646358,-1.6790576,-0.54580796,0.20979337,-0.8112216,0
-1.3664818,-2.0112257,2.1726954,-0.62886691,0.53723657,0.56205267,0
-2.4315283,-0.48499179,-1.5712115,-0.54580796,0.20979337,-0.8112216,0
-2.4423981,-2.258883,-1.22613,-0.55373287,-0.8169232,0.16129595,0
-1.293934,-2.4355898,1.8215976,-0.55373287,-0.8169232,0.16129595,0
2.9613323,0.53383601,1.2273792,0.54580796,-0.20979337,0.8112216,0
-2.1567976,-0.80896699,-1.8398409,-0.54580796,0.20979337,-0.8112216,0
0.01425004,1.2420986,-2.7701354,-0.54580796,0.20979337,-0.8112216,0
2.0120549,1.994813,2.1236947,-0.62886691,0.53723657,0.56205267,0
-2.9863627,-0.46009874,-1.1223906,-0.62886691,0.53723657,0.56205267,0
0.1335963,3.2261798,-1.800928,0.55373287,0.8169232,-0.16129595,0
1.1346455,0.49405566,2.4461269,0.54580796,-0.20979337,0.8112216,0
-1.0868928,-1.1199574,-1.9247823,0.62886691,-0.53723657,-0.56205267,0
-0.70628083,0.12324548,0.87114859,-0.62886691,0.53723657,0.56205267,0
0.91469586,2.5513332,-2.5373211,0.55373287,0.8169232,-0.16129595,0
-0.071259499,-1.2959319,2.7945707,0.54580796,-0.20979337,0.8112216,0
-3.1015511,-1.7873983,-1.1010683,-0.55373287,-0.8169232,0.16129595,0
0.33989215,3.0983419,-1.7401749,0.55373287,0.8169232,-0.16129595,0
0.84149551,2.8940127,-1.0530353,0.55373287,0.8169232,-0.16129595,0
2.1196609,0.59561032,1.8096503,0.54580796,-0.20979337,0.8112216,0
2.3589888,2.3687906,1.4964392,0.55373287,0.8169232,-0.16129595,0
0.53143525,1.8117502,0.64204597,-0.62886691,0.53723657,0.56205267,0
0.65482962,3.0707664,-0.79864931,0.55373287,0.8169232,-0.16129595,0
1.1512766,2.6193402,-1.3806949,0.55373287,0.8169232,-0.16129595,0
0.98188376,-0.45837891,-0.24244678,0.62886691,-0.53723657,-0.56205267,0
1.0111327,-0.71896887,0.039363503,0.62886691,-0.53723657,-0.56205267,0
1.6495466,2.4860723,-0.34509087,0.55373287,0.8169232,-0.16129595,0
-1.5211127,-2.4000492,1.2216939,-0.55373287,-0.8169232,0.16129595,0
2.9591253,1.8012953,1.5566475,0.54580796,-0.20979337,0.8112216,0
1.0033844,2.6909432,-1.5257627,0.55373287,0.8169232,-0.16129595,0
0.99190438,2.6367891,-1.8394504,0.55373287,0.8169232,-0.16129595,0
-0.40590751,3.3094497,-1.952798,-0.54580796,0.20979337,-0.8112216,0
-1.9019146,-0.72932303,-1.9907349,-0.54580796,0.20979337,-0.8112216,0
2.2067523,-0.6987108,1.4163235,0.54580796,-0.20979337,0.8112216,0
0.70661688,-2.61308,1.930565,0.54580796,-0.20979337,0.8112216,0
0.12363533,2.1291471,-0.11761475,-0.62886691,0.53723657,0.56205267,0
0.23522043,-0.92016768,2.6855421,0.54580796,-0.20979337,0.8112216,0
-0.071530223,3.147227,-1.3091098,-0.62886691,0.53723657,0.56205267,0
-2.6920819,-2.0852785,-1.2040391,-0.55373287,-0.8169232,0.16129595,0
1.685046,0.72679853,2.1359959,0.54580796,-0.20979337,0.8112216,0
-0.23717237,2.8349247,-1.1959298,-0.62886691,0.53723657,0.56205267,0
0.85311055,2.9765539,-0.59510827,0.55373287,0.8169232,-0.16129595,0
1.6498865,2.2817886,-1.378569,0.55373287,0.8169232,-0.16129595,0
1.3113565,2.421639,-1.8324434,0.55373287,0.8169232,-0.16129595,0
2.0824399,2.195255,-0.33187342,0.55373287,0.8169232,-0.16129595,0
-0.48601913,1.6834791,-2.319396,-0.54580796,0.20979337,-0.8112216,0
-1.0161676,-2.5921481,1.9822487,-0.55373287,-0.8169232,0.16129595,0
-1.4247468,-2.3477807,1.8172462,-0.55373287,-0.8169232,0.16129595,0
0.26171684,2.4346972,-2.6282139,-0.54580796,0.20979337,-0.8112216,0
-0.79762918,-2.6692419,2.3420367,-0.55373287,-0.8169232,0.16129595,0
-0.86286485,-2.5489352,2.7274048,-0.55373287,-0.8169232,0.16129595,0
-1.6286442,-2.6259494,-0.29159212,-0.55373287,-0.8169232,0.16129595,0
0.42071974,0.6619212,1.6172299,-0.62886691,0.53723657,0.56205267,0
0.34289759,2.2008739,0.059152603,-0.62886691,0.53723657,0.56205267,0
-0.38045484,-0.10764021,1.4563988,-0.62886691,0.53723657,0.56205267,0
0.75144911,1.6665229,-2.5313566,0.62886691,-0.53723657,-0.56205267,0
0.71537173,0.56481856,-1.5186614,0.62886691,-0.53723657,-0.56205267,0
0.67779565,-0.54486525,2.4848261,0.54580796,-0.20979337,0.8112216,0
2.428596,0.53769088,1.5868129,0.54580796,-0.20979337,0.8112216,0
0.81267327,2.8712442,-1.2672992,0.55373287,0.8169232,-0.16129595,0
0.83223772,0.68528068,2.0553393,-0.62886691,0.53723657,0.56205267,0
-2.4953701,-1.8346529,0.74063253,-0.55373287,-0.8169232,0.16129595,0
1.1708343,1.5784678,1.5804354,-0.62886691,0.53723657,0.56205267,0
1.7704668,2.2522435,-1.1142517,0.55373287,0.8169232,-0.16129595,0
1.3659058,1.8637092,-2.0323362,0.62886691,-0.53723657,-0.56205267,0
-0.059330463,-2.900547,2.3715682,0.54580796,-0.20979337,0.8112216,0
-1.6456738,-0.036730409,-0.027002573,-0.62886691,0.53723657,0.56205267,0
-0.20461059,-1.6400959,2.7952867,0.54580796,-0.20979337,0.8112216,0
-1.063848,0.76253855,-0.13999137,-0.62886691,0.53723657,0.56205267,0
-0.6811986,2.0462081,-2.0942681,-0.54580796,0.20979337,-0.8112216,0
2.0327859,2.4069958,0.57007647,0.55373287,0.8169232,-0.16129595,0
-1.6978294,-1.5706537,1.3808388,-0.62886691,0.53723657,0.56205267,0
-1.575336,-2.2412505,1.8398175,-0.55373287,-0.8169232,0.16129595,0
-1.8368394,-0.40079868,-1.949558,-0.54580796,0.20979337,-0.8112216,0
-0.51182914,-2.8514843,2.4001837,-0.55373287,-0.8169232,0.16129595,0
2.4468985,2.2309754,2.0124059,0.54580796,-0.20979337,0.8112216,0
-0.84962571,-2.8850634,1.0704494,-0.55373287,-0.8169232,0.16129595,0
-2.1265814,-2.447829,-1.0988891,-0.55373287,-0.8169232,0.16129595,0
0.54129684,2.8998351,-2.054136,0.55373287,0.8169232,-0.16129595,0
0.39339334,-2.2584291,0.81967926,0.62886691,-0.53723657,-0.56205267,0
-0.33313072,3.0196548,-1.4798688,-0.62886691,0.53723657,0.56205267,0
0.368765,2.9621875,-2.3306415,0.55373287,0.8169232,-0.16129595,0
3.2880774,1.6749345,1.1718166,0.55373287,0.8169232,-0.16129595,0
1.6688006,0.51100862,2.09112,0.54580796,-0.20979337,0.8112216,0
1.9374521,2.4158416,0.28759408,0.55373287,0.8169232,-0.16129595,0
1.3575079,-0.39470005,2.0663354,0.54580796,-0.20979337,0.8112216,0
-1.6348832,-0.81858778,0.73240733,-0.62886691,0.53723657,0.56205267,0
0.75764704,-0.7006582,2.3908103,0.54580796,-0.20979337,0.8112216,0
-1.4029106,0.92371273,-0.67341816,-0.62886691,0.53723657,0.56205267,0
-2.3142881,-2.3267601,-1.1301053,-0.55373287,-0.8169232,0.16129595,0
1.318575,-1.531885,1.160377,0.62886691,-0.53723657,-0.56205267,0
1.2133329,2.5754898,-1.3897467,0.55373287,0.8169232,-0.16129595,0
-0.16454399,-0.26817584,1.8514236,-0.62886691,0.53723657,0.56205267,0
-1.9785635,-2.5659487,-1.1889858,-0.55373287,-0.8169232,0.16129595,0
1.3995481,1.3363185,2.0677962,-0.62886691,0.53723657,0.56205267,0
1.1856309,2.5173345,-1.7793902,0.55373287,0.8169232,-0.16129595,0
0.33176553,1.8859742,0.34769332,-0.62886691,0.53723657,0.56205267,0
1.9646945,-0.85535777,1.5386742,0.54580796,-0.20979337,0.8112216,0
-1.0768321,1.9995543,-1.8401425,-0.54580796,0.20979337,-0.8112216,0
0.98699617,1.6975499,-2.297466,0.62886691,-0.53723657,-0.56205267,0
0.78248239,1.7275774,1.0033923,-0.62886691,0.53723657,0.56205267,0
-3.0965493,-1.1131892,-0.62142134,-0.62886691,0.53723657,0.56205267,0
0.68049121,1.7477576,-2.6883976,0.62886691,-0.53723657,-0.56205267,0
-2.6872597,-1.3171701,0.031497717,-0.62886691,0.53723657,0.56205267,0
-3.2683158,-1.512767,-0.43167067,-0.62886691,0.53723657,0.56205267,0
-1.1494473,-0.87458444,1.3290739,-0.62886691,0.53723657,0.56205267,0
1.831203,0.56136525,-0.26688433,0.62886691,-0.53723657,-0.56205267,0
2.2115607,2.4386909,1.344341,0.55373287,0.8169232,-0.16129595,0
2.0264616,0.42753035,1.8288888,0.54580796,-0.20979337,0.8112216,0
-0.34565544,2.4390905,-2.2184238,-0.54580796,0.20979337,-0.8112216,0
-1.6723927,1.1580085,-1.1988864,-0.62886691,0.53723657,0.56205267,0
-0.77680123,-2.7059438,2.2276523,-0.55373287,-0.8169232,0.16129595,0
-0.958534,1.950255,-1.157434,-0.62886691,0.53723657,0.56205267,0
1.6591704,2.5939574,1.1561697,-0.62886691,0.53723657,0.56205267,0
-1.192964,-2.8601372,0.018004894,-0.55373287,-0.8169232,0.16129595,0
1.4771602,1.2027988,2.282259,-0.62886691,0.53723657,0.56205267,0
0.94727421,-1.4518386,0.66842568,0.62886691,-0.53723657,-0.56205267,0
-0.70128787,-1.7004476,-0.93847799,0.62886691,-0.53723657,-0.56205267,0
-0.071162194,1.685903,0.088104963,-0.62886691,0.53723657,0.56205267,0
1.1574774,2.5622561,-1.6485238,0.55373287,0.8169232,-0.16129595,0
-2.1463923,0.6922729,-1.4586,-0.54580796,0.20979337,-0.8112216,0
-1.8573205,-0.40478528,-1.9368087,-0.54580796,0.20979337,-0.8112216,0
-0.26170468,-3.0174847,2.4181163,-0.55373287,-0.8169232,0.16129595,0
-2.2270839,-0.97427166,-1.8353008,-0.54580796,0.20979337,-0.8112216,0
2.5701952,2.2218623,1.4773607,0.55373287,0.8169232,-0.16129595,0
-0.19111699,1.511518,0.12057602,-0.62886691,0.53723657,0.56205267,0
-0.37779903,-0.41171092,-1.80837,0.62886691,-0.53723657,-0.56205267,0
2.1323192,1.1432704,1.9427662,0.54580796,-0.20979337,0.8112216,0
0.68341291,2.6705766,-2.7273839,0.55373287,0.8169232,-0.16129595,0
1.8841336,-1.0659784,1.538408,0.54580796,-0.20979337,0.8112216,0
2.9583497,1.915738,1.2594628,0.55373287,0.8169232,-0.16129595,0
-2.4646752,-1.923656,0.39523053,-0.55373287,-0.8169232,0.16129595,0
2.6248131,1.1827573,1.6216172,0.54580796,-0.20979337,0.8112216,0
0.98318529,-1.8822885,1.9334767,0.54580796,-0.20979337,0.8112216,0
-2.9387662,-0.37897384,-1.2025126,-0.54580796,0.20979337,-0.8112216,0
1.4029696,0.56333303,2.283509,0.54580796,-0.20979337,0.8112216,0
1.6027534,1.1114643,-1.0483017,0.62886691,-0.53723657,-0.56205267,0
-0.76923484,0.65314066,0.29421189,-0.62886691,0.53723657,0.56205267,0
-1.4450397,0.82602954,-1.8958941,-0.54580796,0.20979337,-0.8112216,0
-0.15679812,0.87250072,0.76977748,-0.62886691,0.53723657,0.56205267,0
-0.7173717,-2.7955079,1.9780567,-0.55373287,-0.8169232,0.16129595,0
1.379513,2.7991896,0.31373739,0.55373287,0.8169232,-0.16129595,0
2.2092109,2.1540835,-0.10519004,0.55373287,0.8169232,-0.16129595,0
-0.62924552,0.53882527,-2.5190539,-0.54580796,0.20979337,-0.8112216,0
1.1520147,0.17809808,2.3527296,0.54580796,-0.20979337,0.8112216,0
1.3945472,-1.1753116,1.8395374,0.54580796,-0.20979337,0.8112216,0
-2.5080748,-1.9021566,0.35512805,-0.55373287,-0.8169232,0.16129595,0
