-0.94574618,-1.5654659,4.2561579,-0.25991833,0.49493158,0.82914722,0
-1.1333458,-0.30858743,0.30466473,-0.95658469,-0.014716148,-0.29108265,0
-1.7255598,0.69119596,2.2003117,-0.95658469,-0.014716148,-0.29108265,0
1.9081132,1.7277888,-2.9225328,0.95658469,0.014716148,0.29108265,0
-0.44459438,4.8075027,0.60912752,-0.25991833,0.49493158,0.82914722,0
-2.0815775,-2.3357954,3.5538836,-0.13186413,-0.86880732,0.47726905,0
0.18191206,1.7499554,-4.1217403,-0.95658469,-0.014716148,-0.29108265,0
-1.5894523,-0.72152102,1.8244432,-0.95658469,-0.014716148,-0.29108265,0
0.93868709,2.52193,0.22314227,0.95658469,0.014716148,0.29108265,0
1.1536906,-2.1994677,-1.9436216,0.25991833,-0.49493158,-0.82914722,0
-1.5719976,-3.1326282,2.2441421,-0.13186413,-0.86880732,0.47726905,0
-1.5170672,0.92664468,1.5032392,-0.95658469,-0.014716148,-0.29108265,0
-0.50256908,-3.3385665,2.1647291,-0.13186413,-0.86880732,0.47726905,0
-0.3498497,4.7569451,0.18173409,0.13186413,0.86880732,-0.47726905,0
-0.43412244,1.7274821,-2.0961299,-0.95658469,-0.014716148,-0.29108265,0
0.43985796,4.394371,1.1329877,-0.25991833,0.49493158,0.82914722,0
0.043473721,3.9244928,1.2892089,-0.25991833,0.49493158,0.82914722,0
-0.57573509,-4.8943353,-0.68756437,-0.13186413,-0.86880732,0.47726905,0
1.6057272,-2.2037888,-1.7300324,0.95658469,0.014716148,0.29108265,0
0.46565771,-2.248142,2.0188184,0.95658469,0.014716148,0.29108265,0
0.20792723,-1.332217,-2.7577724,0.25991833,-0.49493158,-0.82914722,0
-0.95927978,-2.0162249,4.4456992,-0.13186413,-0.86880732,0.47726905,0
-1.7200776,-1.8949901,2.3130445,-0.95658469,-0.014716148,-0.29108265,0
1.3044915,-3.3785808,-0.68068951,0.95658469,0.014716148,0.29108265,0
1.2820425,2.2937994,-0.8936919,0.95658469,0.014716148,0.29108265,0
0.12215686,0.10806465,-3.6443875,0.25991833,-0.49493158,-0.82914722,0
-0.87717414,-0.44839722,-0.53012407,-0.95658469,-0.014716148,-0.29108265,0
-0.13322115,-1.8991309,-2.5263143,0.25991833,-0.49493158,-0.82914722,0
0.90335029,2.5122871,-3.5581336,0.13186413,0.86880732,-0.47726905,0
0.90746748,1.0088531,-3.9359064,0.25991833,-0.49493158,-0.82914722,0
-1.7305194,-2.5940726,2.3827019,-0.95658469,-0.014716148,-0.29108265,0
0.18242261,-2.4710021,2.9608808,0.95658469,0.014716148,0.29108265,0
1.2056159,-2.0706077,-0.42188096,0.95658469,0.014716148,0.29108265,0
-0.45058799,-0.24757415,3.6247075,-0.25991833,0.49493158,0.82914722,0
-0.48575512,-2.6759398,3.3756022,-0.13186413,-0.86880732,0.47726905,0
0.98931742,0.37735486,-3.5332961,0.25991833,-0.49493158,-0.82914722,0
0.38902169,3.1524417,-2.5349174,0.13186413,0.86880732,-0.47726905,0
0.48635912,3.1676986,-2.4802508,0.13186413,0.86880732,-0.47726905,0
-0.71990824,-0.46591163,3.6706109,-0.25991833,0.49493158,0.82914722,0
0.1651969,4.4851751,-0.17068648,0.13186413,0.86880732,-0.47726905,0
1.7306194,1.2821684,-3.8410134,0.25991833,-0.49493158,-0.82914722,0
-0.29552865,-0.59159988,3.8786695,-0.25991833,0.49493158,0.82914722,0
1.8104501,2.7979405,-2.7875171,0.13186413,0.86880732,-0.47726905,0
-0.37708217,1.4891436,-2.2715316,-0.95658469,-0.014716148,-0.29108265,0
0.87443066,-4.7823906,-0.48937345,0.25991833,-0.49493158,-0.82914722,0
1.3666799,-0.8920058,-1.0107715,0.95658469,0.014716148,0.29108265,0
0.47159922,-2.7075465,2.0225191,0.95658469,0.014716148,0.29108265,0
1.0959065,3.1110902,-2.4148884,0.13186413,0.86880732,-0.47726905,0
-1.5065621,-0.024106741,1.5167819,-0.95658469,-0.014716148,-0.29108265,0
0.37031198,-1.1941144,-2.7893043,0.25991833,-0.49493158,-0.82914722,0
-0.06539917,-2.739176,-2.003617,0.25991833,-0.49493158,-0.82914722,0
-1.8562235,-0.6329813,2.6966569,-0.95658469,-0.014716148,-0.29108265,0
0.51182473,1.7883594,-4.5252314,0.25991833,-0.49493158,-0.82914722,0
-0.92632174,1.2478521,-0.45436716,-0.95658469,-0.014716148,-0.29108265,0
1.6732709,-1.7541292,-2.0465751,0.25991833,-0.49493158,-0.82914722,0
-1.44811,-0.38635278,3.3948464,-0.25991833,0.49493158,0.82914722,0
-0.81071258,2.8428557,1.6670882,-0.25991833,0.49493158,0.82914722,0
-0.40803957,0.24567169,3.3436189,-0.25991833,0.49493158,0.82914722,0
-0.74150056,0.0021597147,-0.9987669,-0.95658469,-0.014716148,-0.29108265,0
1.4967813,1.7631612,-1.5725613,0.95658469,0.014716148,0.29108265,0
-0.016418278,-2.7335773,3.4003527,-0.13186413,-0.86880732,0.47726905,0
0.11829361,2.6607745,-3.5047336,0.13186413,0.86880732,-0.47726905,0
0.57951915,-2.2647972,1.6454775,0.95658469,0.014716148,0.29108265,0
0.19119835,4.4282513,-0.26712632,0.13186413,0.86880732,-0.47726905,0
0.92975032,2.983516,-2.6930277,0.13186413,0.86880732,-0.47726905,0
0.55556321,1.1004866,-4.1009178,0.25991833,-0.49493158,-0.82914722,0
0.18284571,-0.7596578,2.8729703,0.95658469,0.014716148,0.29108265,0
-0.15595007,-4.6723127,-0.87808132,0.25991833,-0.49493158,-0.82914722,0
-1.5044634,2.3555653,1.3895769,-0.95658469,-0.014716148,-0.29108265,0
-0.3273921,4.31282,-0.62053394,0.13186413,0.86880732,-0.47726905,0
0.21280241,-4.7389808,-0.18689704,-0.13186413,-0.86880732,0.47726905,0
1.4534557,-2.7941883,-1.4946537,0.25991833,-0.49493158,-0.82914722,0
0.56971931,0.55208576,-3.7691305,0.25991833,-0.49493158,-0.82914722,0
-0.33407879,4.7793484,0.66057777,-0.25991833,0.49493158,0.82914722,0
0.66467881,-0.51265955,-3.1037989,0.25991833,-0.49493158,-0.82914722,0
1.4660754,2.853621,-2.7813044,0.13186413,0.86880732,-0.47726905,0
1.145797,4.1008973,-0.59928632,0.13186413,0.86880732,-0.47726905,0
-1.1039019,-1.9362478,0.29019213,-0.95658469,-0.014716148,-0.29108265,0
-0.36480141,4.4496965,-0.38170314,0.13186413,0.86880732,-0.47726905,0
0.44648743,-1.3615185,-2.6654987,0.25991833,-0.49493158,-0.82914722,0
0.5412885,0.30805895,1.6410401,0.95658469,0.014716148,0.29108265,0
-1.5378734,0.21020317,1.6078351,-0.95658469,-0.014716148,-0.29108265,0
0.30901885,-0.59371686,-3.1669054,0.25991833,-0.49493158,-0.82914722,0
-1.5131866,-1.2927639,3.9154983,-0.25991833,0.49493158,0.82914722,0
-1.629745,1.2184597,2.3799694,-0.25991833,0.49493158,0.82914722,0
0.44287884,-1.9103458,2.0765986,0.95658469,0.014716148,0.29108265,0
-0.46442592,-3.7049761,1.5082657,-0.13186413,-0.86880732,0.47726905,0
-2.1938288,-1.713408,3.9532223,-0.25991833,0.49493158,0.82914722,0
-1.090903,-3.4606767,1.7798929,-0.13186413,-0.86880732,0.47726905,0
1.171306,-0.14861274,-0.40629849,0.95658469,0.014716148,0.29108265,0
0.54005623,3.4836731,1.4845403,0.95658469,0.014716148,0.29108265,0
0.31517231,1.9761959,-4.5711112,-0.95658469,-0.014716148,-0.29108265,0
-1.5492659,-2.7229376,2.996212,-0.13186413,-0.86880732,0.47726905,0
-1.1524456,1.5598032,2.3258379,-0.25991833,0.49493158,0.82914722,0
0.78101444,1.1329536,0.81152493,0.95658469,0.014716148,0.29108265,0
2.2362819,1.8473086,-4.0198417,0.25991833,-0.49493158,-0.82914722,0
-0.92191267,0.40636277,-0.42631376,-0.95658469,-0.014716148,-0.29108265,0
0.32553816,-4.8503938,-0.35856271,-0.13186413,-0.86880732,0.47726905,0
0.69116068,-4.5367317,-0.69346273,0.25991833,-0.49493158,-0.82914722,0
1.4116859,-0.23234379,-3.0369549,0.25991833,-0.49493158,-0.82914722,0
0.59446239,4.1192131,-0.71827221,0.13186413,0.86880732,-0.47726905,0
-0.49705139,-2.8264544,3.0984879,-0.13186413,-0.86880732,0.47726905,0
0.030552864,4.5196986,0.92987037,-0.25991833,0.49493158,0.82914722,0
-0.65308547,-0.35326159,3.6243155,-0.25991833,0.49493158,0.82914722,0
1.5021346,-1.0376512,-2.5278997,0.25991833,-0.49493158,-0.82914722,0
0.92235327,0.62656301,0.3726446,0.95658469,0.014716148,0.29108265,0
-1.85271,-2.6172647,3.104738,-0.13186413,-0.86880732,0.47726905,0
-1.5566504,-3.2600563,1.8449874,-0.95658469,-0.014716148,-0.29108265,0
1.4345092,-0.042840242,-3.1429181,0.25991833,-0.49493158,-0.82914722,0
0.18254733,-1.9240351,-2.4124627,0.25991833,-0.49493158,-0.82914722,0
0.55386448,4.2446489,-0.50114918,0.13186413,0.86880732,-0.47726905,0
-0.24560797,-2.11622,4.3495803,0.95658469,0.014716148,0.29108265,0
0.42072654,-4.5835543,0.15348411,-0.13186413,-0.86880732,0.47726905,0
-0.18942332,0.81685334,3.0712023,-0.25991833,0.49493158,0.82914722,0
0.47161967,-1.34395,1.9535128,0.95658469,0.014716148,0.29108265,0
-0.26062024,-3.3147593,2.2749152,-0.13186413,-0.86880732,0.47726905,0
-0.34777546,4.1863542,1.0102519,-0.25991833,0.49493158,0.82914722,0
-0.10277271,-2.6413956,-2.0736997,0.25991833,-0.49493158,-0.82914722,0
-0.033601761,-4.5238414,-0.92835331,0.25991833,-0.49493158,-0.82914722,0
-1.0868311,-1.6877562,0.2215296,-0.95658469,-0.014716148,-0.29108265,0
-0.94699663,0.22406769,-0.3346639,-0.95658469,-0.014716148,-0.29108265,0
0.4637413,1.7733117,1.8218043,0.95658469,0.014716148,0.29108265,0
0.38534665,3.6233459,-1.6787117,0.13186413,0.86880732,-0.47726905,0
1.0076854,-2.666729,-1.7104746,0.25991833,-0.49493158,-0.82914722,0
-1.2054211,2.164747,0.41648164,-0.95658469,-0.014716148,-0.29108265,0
-1.5961528,-1.0369546,3.7367935,-0.25991833,0.49493158,0.82914722,0
1.7303843,-0.11805558,-2.2451425,0.95658469,0.014716148,0.29108265,0
-0.5628444,1.7373247,-1.673609,-0.95658469,-0.014716148,-0.29108265,0
-1.7043917,-2.7223165,2.954483,-0.13186413,-0.86880732,0.47726905,0
1.0257742,3.1003332,-2.4538465,0.13186413,0.86880732,-0.47726905,0
0.30968761,-3.9672861,-1.1529568,0.25991833,-0.49493158,-0.82914722,0
1.4840605,-3.1028705,-1.3008025,0.25991833,-0.49493158,-0.82914722,0
1.2625492,1.3572838,-0.78228402,0.95658469,0.014716148,0.29108265,0
1.3392001,-1.3563675,-0.89698863,0.95658469,0.014716148,0.29108265,0
-0.74837542,2.4556875,1.9177364,-0.25991833,0.49493158,0.82914722,0
1.1267133,3.3886275,-0.43858528,0.95658469,0.014716148,0.29108265,0
0.31509256,3.6353149,1.5469698,-0.25991833,0.49493158,0.82914722,0
0.38369131,-2.383404,-2.0752039,0.25991833,-0.49493158,-0.82914722,0
-1.366122,1.7840576,0.96383876,-0.95658469,-0.014716148,-0.29108265,0
-1.9770242,-0.38734221,3.0812259,-0.95658469,-0.014716148,-0.29108265,0
0.37536407,4.4723449,-0.1359756,0.13186413,0.86880732,-0.47726905,0
0.36758137,-4.4806213,0.32617688,-0.13186413,-0.86880732,0.47726905,0
0.069551468,-0.61528176,3.2379897,0.95658469,0.014716148,0.29108265,0
0.16622072,2.4554217,-3.8653109,0.13186413,0.86880732,-0.47726905,0
-0.040975332,1.3175594,2.8188572,-0.25991833,0.49493158,0.82914722,0
1.5149105,1.6763965,-1.6277521,0.95658469,0.014716148,0.29108265,0
0.98903781,3.3555412,-1.9994226,0.13186413,0.86880732,-0.47726905,0
-0.47270298,-4.4809799,-1.0915859,0.25991833,-0.49493158,-0.82914722,0
-1.2527221,-0.38672125,3.4563162,-0.25991833,0.49493158,0.82914722,0
-0.51170993,-4.4172201,0.19865251,-0.13186413,-0.86880732,0.47726905,0
1.4699278,-1.6992588,-1.3092631,0.95658469,0.014716148,0.29108265,0
-1.617152,-2.2880838,3.7690525,-0.13186413,-0.86880732,0.47726905,0
0.78224754,-2.4239943,-1.9260368,0.25991833,-0.49493158,-0.82914722,0
1.0632002,-2.8459682,0.085338354,0.95658469,0.014716148,0.29108265,0
0.36753029,-2.41401,2.3496804,0.95658469,0.014716148,0.29108265,0
-0.45009232,1.3143733,-2.0227625,-0.95658469,-0.014716148,-0.29108265,0
1.1899984,-2.8767569,-1.5279545,0.25991833,-0.49493158,-0.82914722,0
1.2415845,-2.3068898,-1.8519468,0.25991833,-0.49493158,-0.82914722,0
0.42681003,0.46136737,-3.759778,0.25991833,-0.49493158,-0.82914722,0
0.47646284,1.7907807,1.7791144,0.95658469,0.014716148,0.29108265,0
0.4446187,-1.6219128,-2.5106511,0.25991833,-0.49493158,-0.82914722,0
0.26687121,4.2608414,-0.55096674,0.13186413,0.86880732,-0.47726905,0
0.37768489,2.492671,-3.739078,0.13186413,0.86880732,-0.47726905,0
-0.026885509,4.4352369,0.96228123,-0.25991833,0.49493158,0.82914722,0
0.2143544,3.3889573,-2.1526296,0.13186413,0.86880732,-0.47726905,0
0.10996842,2.1273286,-3.9043903,-0.95658469,-0.014716148,-0.29108265,0
-1.4010146,3.4958181,1.0922782,-0.25991833,0.49493158,0.82914722,0
1.633233,-0.38926077,-1.9121621,0.95658469,0.014716148,0.29108265,0
1.4758021,2.6207755,-3.2024827,0.13186413,0.86880732,-0.47726905,0
0.90469503,-4.7843037,-0.078238964,-0.13186413,-0.86880732,0.47726905,0
0.20019913,-3.4253201,-1.5107877,0.25991833,-0.49493158,-0.82914722,0
-1.44719,1.1809819,2.4595673,-0.25991833,0.49493158,0.82914722,0
-0.26333308,4.191896,-0.82296205,0.13186413,0.86880732,-0.47726905,0
0.078269958,4.5833573,0.9068296,-0.25991833,0.49493158,0.82914722,0
0.24510741,3.9106197,-1.1945133,0.13186413,0.86880732,-0.47726905,0
-1.4448812,-2.3122337,3.7726865,-0.13186413,-0.86880732,0.47726905,0
0.98588145,-1.3348484,0.26303452,0.95658469,0.014716148,0.29108265,0
-1.1757262,-3.2591889,2.1232402,-0.13186413,-0.86880732,0.47726905,0
0.48210812,-4.8663487,-0.56224179,0.25991833,-0.49493158,-0.82914722,0
1.4210378,1.6985402,-4.1865997,0.25991833,-0.49493158,-0.82914722,0
-1.4416605,-2.4383523,3.5439932,-0.13186413,-0.86880732,0.47726905,0
-1.0344656,-2.5729611,3.411459,-0.13186413,-0.86880732,0.47726905,0
0.088490009,3.1577492,1.7610023,-0.25991833,0.49493158,0.82914722,0
0.57727861,3.1691041,-2.4525721,0.13186413,0.86880732,-0.47726905,0
-0.26294899,-2.8933825,3.0413342,-0.13186413,-0.86880732,0.47726905,0
-0.029571414,-2.9455981,3.010762,-0.13186413,-0.86880732,0.47726905,0
-0.78763676,-2.9106045,2.8650179,-0.13186413,-0.86880732,0.47726905,0
0.77841377,4.3259783,0.65864205,0.95658469,0.014716148,0.29108265,0
-0.95897341,0.49418205,-0.30896094,-0.95658469,-0.014716148,-0.29108265,0
0.57886887,-3.9901683,-1.0549163,0.25991833,-0.49493158,-0.82914722,0
-1.0028633,-1.8252665,-0.047461748,-0.95658469,-0.014716148,-0.29108265,0
-0.0045871735,-4.5293722,0.1346066,-0.13186413,-0.86880732,0.47726905,0
-0.81511247,-3.6402044,1.5292838,-0.13186413,-0.86880732,0.47726905,0
1.2824869,1.3551792,-4.0250745,0.25991833,-0.49493158,-0.82914722,0
-1.1441557,-0.49402976,3.5544033,-0.25991833,0.49493158,0.82914722,0
1.5261149,-1.1884938,-2.4303422,0.25991833,-0.49493158,-0.82914722,0
1.3596421,0.95891106,-3.7643487,0.25991833,-0.49493158,-0.82914722,0
0.63155937,-4.0774026,1.1331193,-0.13186413,-0.86880732,0.47726905,0
-1.8018323,0.67532897,2.4517682,-0.95658469,-0.014716148,-0.29108265,0
-0.52785683,4.8957839,0.53033042,-0.25991833,0.49493158,0.82914722,0
1.3039633,0.29419243,-0.86463678,0.95658469,0.014716148,0.29108265,0
0.52589667,0.47508866,1.6831779,0.95658469,0.014716148,0.29108265,0
-1.6123428,-1.9016638,4.2478776,-0.25991833,0.49493158,0.82914722,0
0.17259288,-1.1402171,-2.8834567,0.25991833,-0.49493158,-0.82914722,0
-0.52295983,3.7033644,-1.7840039,0.13186413,0.86880732,-0.47726905,0
-0.58500844,2.7265334,-1.6507818,-0.95658469,-0.014716148,-0.29108265,0
0.42281735,3.654057,-1.6124537,0.13186413,0.86880732,-0.47726905,0
-0.29026175,-0.57719707,3.8717232,-0.25991833,0.49493158,0.82914722,0
-1.2885482,-3.0212986,2.5251176,-0.13186413,-0.86880732,0.47726905,0
0.77797341,1.1585895,0.82022244,0.95658469,0.014716148,0.29108265,0
-1.109103,-3.3172958,2.0358713,-0.13186413,-0.86880732,0.47726905,0
1.497213,-1.0827314,-1.4301003,0.95658469,0.014716148,0.29108265,0
0.47486496,-4.188489,0.88760805,-0.13186413,-0.86880732,0.47726905,0
0.23743403,2.0119519,-4.3174472,-0.95658469,-0.014716148,-0.29108265,0
-1.7537339,0.76515603,2.6116862,-0.25991833,0.49493158,0.82914722,0
-0.63468266,4.0960541,0.97421479,-0.25991833,0.49493158,0.82914722,0
0.070720673,-2.771749,-1.9415033,0.25991833,-0.49493158,-0.82914722,0
1.3716838,-3.1373792,-0.91369885,0.95658469,0.014716148,0.29108265,0
1.0469711,-0.92004192,-2.7407858,0.25991833,-0.49493158,-0.82914722,0
1.526624,3.0623083,-2.3846867,0.13186413,0.86880732,-0.47726905,0
0.97035575,-2.5227697,-1.8081084,0.25991833,-0.49493158,-0.82914722,0
0.3717041,-1.5442052,2.2919893,0.95658469,0.014716148,0.29108265,0
0.21641183,-3.2570734,2.5117233,-0.13186413,-0.86880732,0.47726905,0
1.2800426,1.1999131,-3.9331594,0.25991833,-0.49493158,-0.82914722,0
-0.94061351,3.8341928,-0.53815639,-0.95658469,-0.014716148,-0.29108265,0
-0.27816296,-4.6794167,-0.2141161,-0.13186413,-0.86880732,0.47726905,0
-0.505301,-3.3990774,2.0538216,-0.13186413,-0.86880732,0.47726905,0
-0.5092448,-3.5954471,1.6952662,-0.13186413,-0.86880732,0.47726905,0
-0.86731863,-4.4006205,0.13061953,-0.13186413,-0.86880732,0.47726905,0
-0.422851,-2.8853214,3.0118289,-0.13186413,-0.86880732,0.47726905,0
-1.2376059,-0.40002286,0.65191692,-0.95658469,-0.014716148,-0.29108265,0
1.53058,0.92871094,-1.6414465,0.95658469,0.014716148,0.29108265,0
-1.2641548,-2.5203116,0.84635949,-0.95658469,-0.014716148,-0.29108265,0
-1.1746976,2.8904498,1.5245779,-0.25991833,0.49493158,0.82914722,0
0.75573754,-4.372807,0.62968278,-0.13186413,-0.86880732,0.47726905,0
-0.099769473,1.2607483,-3.1713173,-0.95658469,-0.014716148,-0.29108265,0
0.50138074,2.7872546,-3.1686506,0.13186413,0.86880732,-0.47726905,0
1.9899448,0.8872869,-3.5240099,0.25991833,-0.49493158,-0.82914722,0
0.73857689,-0.46764565,-3.1075029,0.25991833,-0.49493158,-0.82914722,0
-0.4376893,4.6122403,0.72784734,-0.25991833,0.49493158,0.82914722,0
-1.3299177,-0.74130797,0.97253537,-0.95658469,-0.014716148,-0.29108265,0
-1.179028,-3.5682967,0.61959076,-0.95658469,-0.014716148,-0.29108265,0
0.20333433,-0.85393441,-3.0447071,0.25991833,-0.49493158,-0.82914722,0
1.2273903,0.41905367,-3.4835567,0.25991833,-0.49493158,-0.82914722,0
1.6379898,-0.91689897,-2.5573916,0.25991833,-0.49493158,-0.82914722,0
-0.17692733,4.4856973,-0.26426148,0.13186413,0.86880732,-0.47726905,0
0.81003523,-3.983392,-0.98649561,0.25991833,-0.49493158,-0.82914722,0
-0.92262673,-3.7972708,-0.21144533,-0.95658469,-0.014716148,-0.29108265,0
0.50715423,-1.6098907,-2.498224,0.25991833,-0.49493158,-0.82914722,0
-1.2949982,4.3306446,0.60135877,-0.95658469,-0.014716148,-0.29108265,0
-1.2871184,-0.03306222,3.2344286,-0.25991833,0.49493158,0.82914722,0
0.48513496,1.5608939,-4.3978195,0.25991833,-0.49493158,-0.82914722,0
-1.0691853,-1.3785155,4.1058693,-0.25991833,0.49493158,0.82914722,0
-1.2385907,2.0529671,0.53113818,-0.95658469,-0.014716148,-0.29108265,0
0.92569304,-0.96014893,-2.7548633,0.25991833,-0.49493158,-0.82914722,0
1.6509055,0.79059613,-2.0298889,0.95658469,0.014716148,0.29108265,0
0.99600929,2.3946939,-3.7465966,0.13186413,0.86880732,-0.47726905,0
0.018051147,-3.2217293,-1.6894132,0.25991833,-0.49493158,-0.82914722,0
0.68231797,3.6149068,-1.6120241,0.13186413,0.86880732,-0.47726905,0
-1.0031815,2.3266392,1.9148921,-0.25991833,0.49493158,0.82914722,0
-0.19524038,-2.356874,4.0366859,-0.13186413,-0.86880732,0.47726905,0
-0.61902976,4.1167884,-1.0579603,0.13186413,0.86880732,-0.47726905,0
-0.63870382,2.5706801,1.8834752,-0.25991833,0.49493158,0.82914722,0
-0.90823424,3.1174943,-0.60833085,-0.95658469,-0.014716148,-0.29108265,0
0.88905883,2.3996885,-3.7670541,0.13186413,0.86880732,-0.47726905,0
-0.13628221,-0.75831598,3.9216523,0.95658469,0.014716148,0.29108265,0
-0.22146302,3.2295995,-2.5631313,0.13186413,0.86880732,-0.47726905,0
-0.22714496,4.1183147,-0.94690919,0.13186413,0.86880732,-0.47726905,0
-0.74365115,-2.1895719,4.1897187,-0.13186413,-0.86880732,0.47726905,0
-1.6301254,-3.0135167,2.4449093,-0.13186413,-0.86880732,0.47726905,0
-1.2547059,-2.2950985,0.80392182,-0.95658469,-0.014716148,-0.29108265,0
1.6767814,-1.7351581,-2.0567987,0.25991833,-0.49493158,-0.82914722,0
-0.50505018,4.6056538,0.71066284,-0.25991833,0.49493158,0.82914722,0
1.2472436,-3.3011663,-1.2566727,0.25991833,-0.49493158,-0.82914722,0
-0.49778509,-4.2908955,-1.2129133,0.25991833,-0.49493158,-0.82914722,0
-0.90709925,-3.5773084,-0.27359295,-0.95658469,-0.014716148,-0.29108265,0
-1.117509,2.0035903,0.13572335,-0.95658469,-0.014716148,-0.29108265,0
0.97182655,4.2177997,0.028498173,0.95658469,0.014716148,0.29108265,0
-1.651854,-2.7959671,2.1343913,-0.95658469,-0.014716148,-0.29108265,0
-1.5618346,0.65377688,2.7383261,-0.25991833,0.49493158,0.82914722,0
0.35870409,-3.6724925,1.7948196,-0.13186413,-0.86880732,0.47726905,0
0.52023649,4.2482405,1.2454123,-0.25991833,0.49493158,0.82914722,0
0.43050814,-2.9366739,-1.7302719,0.25991833,-0.49493158,-0.82914722,0
0.71320862,-2.3820314,1.2120609,0.95658469,0.014716148,0.29108265,0
-0.96168113,-3.623179,1.5197811,-0.13186413,-0.86880732,0.47726905,0
1.1280532,-4.5390434,-0.042189598,0.95658469,0.014716148,0.29108265,0
0.12492275,3.4915433,-1.9905934,0.13186413,0.86880732,-0.47726905,0
-1.5941862,1.073674,1.7492406,-0.95658469,-0.014716148,-0.29108265,0
2.0942001,0.98502803,-3.4965181,0.95658469,0.014716148,0.29108265,0
0.49372578,-4.9117384,-0.53150606,0.25991833,-0.49493158,-0.82914722,0
0.49089766,-0.95615488,-2.8935456,0.25991833,-0.49493158,-0.82914722,0
0.090170622,4.4482622,-0.2586112,0.13186413,0.86880732,-0.47726905,0
-0.28186655,4.7563562,0.69066882,-0.25991833,0.49493158,0.82914722,0
1.3441691,-1.2640311,-2.4422884,0.25991833,-0.49493158,-0.82914722,0
-1.6219215,-1.4559629,3.9788287,-0.25991833,0.49493158,0.82914722,0
-0.84478521,-4.6454577,-0.42437315,-0.95658469,-0.014716148,-0.29108265,0
1.0292323,-1.4853003,-2.4089346,0.25991833,-0.49493158,-0.82914722,0
-1.5402987,2.1666448,1.8420215,-0.25991833,0.49493158,0.82914722,0
0.75558877,-0.84255064,-2.8783834,0.25991833,-0.49493158,-0.82914722,0
0.55517566,2.376977,-3.9006453,0.13186413,0.86880732,-0.47726905,0
1.1466012,-1.3269612,-2.4666574,0.25991833,-0.49493158,-0.82914722,0
-0.31403893,-3.1667328,2.5296192,-0.13186413,-0.86880732,0.47726905,0
-1.8711913,-2.035274,4.1590714,-0.13186413,-0.86880732,0.47726905,0
1.0295744,-4.7011347,0.1076622,-0.13186413,-0.86880732,0.47726905,0
-0.41645813,-3.1248789,-1.8834331,0.25991833,-0.49493158,-0.82914722,0
-1.5770148,-1.7774782,1.8369563,-0.95658469,-0.014716148,-0.29108265,0
1.5456808,1.5997732,-1.7249991,0.95658469,0.014716148,0.29108265,0
-0.87174606,2.954484,-0.72000062,-0.95658469,-0.014716148,-0.29108265,0
-1.0175219,-3.3290117,2.0398469,-0.13186413,-0.86880732,0.47726905,0
0.278234,-3.9005928,-1.2026272,0.25991833,-0.49493158,-0.82914722,0
-0.021826565,-3.2174215,2.5180817,-0.13186413,-0.86880732,0.47726905,0
1.4146247,-3.344388,-1.1784029,0.25991833,-0.49493158,-0.82914722,0
-1.6708562,-2.2436602,3.8350811,-0.13186413,-0.86880732,0.47726905,0
-0.66002655,4.4878111,-0.39388847,0.13186413,0.86880732,-0.47726905,0
0.92080855,-3.8145401,-1.0525612,0.25991833,-0.49493158,-0.82914722,0
-1.061951,0.079880595,0.050400436,-0.95658469,-0.014716148,-0.29108265,0
-1.847314,-0.87859297,3.5635316,-0.25991833,0.49493158,0.82914722,0
-1.2648275,0.38912511,0.70147848,-0.95658469,-0.014716148,-0.29108265,0
-1.1228411,4.1381946,0.045326829,-0.95658469,-0.014716148,-0.29108265,0
0.7813288,-0.9278565,0.91467947,0.95658469,0.014716148,0.29108265,0
0.26442814,0.40741152,-3.7784736,0.25991833,-0.49493158,-0.82914722,0
-1.0908442,3.2448533,1.3393145,-0.25991833,0.49493158,0.82914722,0
0.19658232,0.84468335,-4.0607567,0.25991833,-0.49493158,-0.82914722,0
0.37519479,1.9267198,-4.6506515,0.25991833,-0.49493158,-0.82914722,0
0.43853521,3.2512131,1.8149428,-0.25991833,0.49493158,0.82914722,0
-0.032500267,-3.629715,-1.4617268,0.25991833,-0.49493158,-0.82914722,0
-0.61463332,-3.9662352,0.99117637,-0.13186413,-0.86880732,0.47726905,0
0.10021329,2.4501956,2.1870277,-0.25991833,0.49493158,0.82914722,0
1.6971915,2.1329441,-4.0293498,0.13186413,0.86880732,-0.47726905,0
-0.29459286,4.0306177,-1.1251855,0.13186413,0.86880732,-0.47726905,0
-0.40418935,-4.4277592,0.20917392,-0.13186413,-0.86880732,0.47726905,0
0.1305294,-1.4836738,-2.691628,0.25991833,-0.49493158,-0.82914722,0
1.2333803,-1.4026959,-2.3942466,0.25991833,-0.49493158,-0.82914722,0
0.89494824,-1.2916306,-2.5666342,0.25991833,-0.49493158,-0.82914722,0
-0.44941163,-3.5304837,1.8300552,-0.13186413,-0.86880732,0.47726905,0
0.23387814,-3.931819,1.2882614,-0.13186413,-0.86880732,0.47726905,0
0.061485529,4.1201344,-0.86385179,0.13186413,0.86880732,-0.47726905,0
-0.23566675,-2.7606349,-2.0441825,0.25991833,-0.49493158,-0.82914722,0
-1.3327681,-0.10013974,3.2601583,-0.25991833,0.49493158,0.82914722,0
-0.31996226,-3.5658555,1.8014307,-0.13186413,-0.86880732,0.47726905,0
-0.30941582,4.7079067,0.10363746,0.13186413,0.86880732,-0.47726905,0
0.50560236,3.7427168,-1.4281871,0.13186413,0.86880732,-0.47726905,0
-1.1883488,-1.4311929,0.54217637,-0.95658469,-0.014716148,-0.29108265,0
-0.74075949,2.5992067,-1.1325002,-0.95658469,-0.014716148,-0.29108265,0
0.52641368,-0.45190972,1.7283446,0.95658469,0.014716148,0.29108265,0
-0.70372105,-4.9283543,-0.78485274,-0.13186413,-0.86880732,0.47726905,0
-0.38883424,-4.4916768,0.097062349,-0.13186413,-0.86880732,0.47726905,0
-0.48475695,4.9052558,0.41444135,0.13186413,0.86880732,-0.47726905,0
1.6850038,0.42716813,-2.1235728,0.95658469,0.014716148,0.29108265,0
0.27979946,-3.3495133,-1.531085,0.25991833,-0.49493158,-0.82914722,0
-1.6118391,0.19692707,2.995352,-0.25991833,0.49493158,0.82914722,0
-1.016782,3.0528183,1.47716,-0.25991833,0.49493158,0.82914722,0
0.51470923,2.4650016,-3.7515886,0.13186413,0.86880732,-0.47726905,0
1.7695527,-0.3837204,-2.3604295,0.95658469,0.014716148,0.29108265,0
1.5231507,2.9635224,-1.7199061,0.95658469,0.014716148,0.29108265,0
-0.17224357,2.3806105,-2.9897623,-0.95658469,-0.014716148,-0.29108265,0
-0.46466494,1.5062447,-1.9845731,-0.95658469,-0.014716148,-0.29108265,0
0.78553486,-4.9051833,-0.33120823,-0.13186413,-0.86880732,0.47726905,0
-0.34957933,2.3417878,2.1107385,-0.25991833,0.49493158,0.82914722,0
-1.3144103,-3.7325151,1.0728004,-0.95658469,-0.014716148,-0.29108265,0
-0.66881323,4.5612278,-0.26267004,0.13186413,0.86880732,-0.47726905,0
-1.7183716,0.7780453,2.1722982,-0.95658469,-0.014716148,-0.29108265,0
0.15825021,3.3114748,-2.3091774,0.13186413,0.86880732,-0.47726905,0
0.14993858,-3.5853276,-1.4310319,0.25991833,-0.49493158,-0.82914722,0
1.736161,2.1199417,-4.0422525,0.13186413,0.86880732,-0.47726905,0
0.091407299,-4.774847,-0.28572702,-0.13186413,-0.86880732,0.47726905,0
0.42463171,2.1905642,-4.2760544,0.13186413,0.86880732,-0.47726905,0
-0.20718145,-4.4033747,-1.0546744,0.25991833,-0.49493158,-0.82914722,0
0.1720109,3.1534214,1.7897675,-0.25991833,0.49493158,0.82914722,0
-1.2713698,-2.6417844,3.2207212,-0.13186413,-0.86880732,0.47726905,0
1.3278649,-1.6684428,-2.2059994,0.25991833,-0.49493158,-0.82914722,0
-0.14854288,-4.0737667,0.92420435,-0.13186413,-0.86880732,0.47726905,0
-0.53123951,3.9718561,-1.2975361,0.13186413,0.86880732,-0.47726905,0
0.3669281,0.45081705,2.2068224,0.95658469,0.014716148,0.29108265,0
-0.52317834,-3.9156456,1.1085365,-0.13186413,-0.86880732,0.47726905,0
-1.8173232,0.0081281662,2.5364063,-0.95658469,-0.014716148,-0.29108265,0
-1.3358638,-1.5482428,1.0328721,-0.95658469,-0.014716148,-0.29108265,0
0.85277224,-1.7386553,-2.3130188,0.25991833,-0.49493158,-0.82914722,0
-0.88358033,-3.4244034,1.9032047,-0.13186413,-0.86880732,0.47726905,0
-1.6359622,1.7972157,2.0325515,-0.25991833,0.49493158,0.82914722,0
-0.78449106,0.43572164,3.1121659,-0.25991833,0.49493158,0.82914722,0
-0.056387901,-4.6138382,-0.88177538,0.25991833,-0.49493158,-0.82914722,0
0.58950949,-2.3248839,-2.0456161,0.25991833,-0.49493158,-0.82914722,0
1.6168028,-0.76748216,-1.8390466,0.95658469,0.014716148,0.29108265,0
-0.036333919,3.4476314,-2.1150835,0.13186413,0.86880732,-0.47726905,0
-0.60191894,-2.7484212,-1.3184135,-0.95658469,-0.014716148,-0.29108265,0
1.517767,0.7143259,-1.5884999,0.95658469,0.014716148,0.29108265,0
-0.71838498,-0.20757878,3.5168853,-0.25991833,0.49493158,0.82914722,0
1.3902168,0.16797209,-3.28264,0.25991833,-0.49493158,-0.82914722,0
0.9515692,3.6355932,-1.4999766,0.13186413,0.86880732,-0.47726905,0
-0.74690175,-3.6283965,1.5696244,-0.13186413,-0.86880732,0.47726905,0
-1.3357756,2.5528202,1.67562,-0.25991833,0.49493158,0.82914722,0
-1.6927876,-1.1477185,3.7726176,-0.25991833,0.49493158,0.82914722,0
-1.5829155,-3.2654109,1.9994118,-0.13186413,-0.86880732,0.47726905,0
-0.080645084,-1.3857316,-2.8162894,0.25991833,-0.49493158,-0.82914722,0
-1.765379,0.76945925,2.6054668,-0.25991833,0.49493158,0.82914722,0
-1.5712746,-2.2006319,1.8394853,-0.95658469,-0.014716148,-0.29108265,0
0.016278744,0.74971968,-3.52685,-0.95658469,-0.014716148,-0.29108265,0
1.6478572,-1.4762803,-1.905266,0.95658469,0.014716148,0.29108265,0
-0.79109144,3.5146575,-1.0133772,-0.95658469,-0.014716148,-0.29108265,0
0.054340363,4.2995567,-0.5392108,0.13186413,0.86880732,-0.47726905,0
1.0297153,0.7974906,0.011178732,0.95658469,0.014716148,0.29108265,0
0.11382723,3.8138351,1.3773161,-0.25991833,0.49493158,0.82914722,0
-1.2615077,-1.5988106,0.79107213,-0.95658469,-0.014716148,-0.29108265,0
-0.84677565,-2.0181167,-0.55066276,-0.95658469,-0.014716148,-0.29108265,0
-0.33338857,4.5276589,-0.23110414,0.13186413,0.86880732,-0.47726905,0
0.1048708,2.8816562,1.9309416,-0.25991833,0.49493158,0.82914722,0
0.44965458,-0.61807907,-3.1082773,0.25991833,-0.49493158,-0.82914722,0
1.6693623,-0.90128624,-2.5568764,0.25991833,-0.49493158,-0.82914722,0
0.85186112,1.2763183,-4.1129918,0.25991833,-0.49493158,-0.82914722,0
-1.2846971,-3.4279943,1.7858443,-0.13186413,-0.86880732,0.47726905,0
0.25472522,2.1768529,2.3986261,-0.25991833,0.49493158,0.82914722,0
0.28283072,0.22677097,2.494519,0.95658469,0.014716148,0.29108265,0
-0.54025459,3.9042692,1.1182957,-0.25991833,0.49493158,0.82914722,0
1.3681908,-0.28281832,-1.0465358,0.95658469,0.014716148,0.29108265,0
1.0607703,-0.10550737,-3.2226694,0.25991833,-0.49493158,-0.82914722,0
-0.25391722,1.8443153,2.4376757,-0.25991833,0.49493158,0.82914722,0
-0.58908892,-2.2237568,4.1701937,-0.13186413,-0.86880732,0.47726905,0
0.74295616,2.4686501,0.86906683,0.95658469,0.014716148,0.29108265,0
0.15270036,2.5241685,-3.7439015,0.13186413,0.86880732,-0.47726905,0
0.75463349,0.64157784,0.9230628,0.95658469,0.014716148,0.29108265,0
-1.0179257,1.5781798,2.3570375,-0.25991833,0.49493158,0.82914722,0
0.32236385,2.6307893,2.1488671,-0.25991833,0.49493158,0.82914722,0
0.23616219,-4.2952251,-0.98025298,0.25991833,-0.49493158,-0.82914722,0
0.59897685,4.5257168,0.022962809,0.13186413,0.86880732,-0.47726905,0
-1.3243105,-2.4695232,3.5196729,-0.13186413,-0.86880732,0.47726905,0
-1.2615712,-3.5184648,1.627543,-0.13186413,-0.86880732,0.47726905,0
-1.0271076,-3.6651387,1.4253216,-0.13186413,-0.86880732,0.47726905,0
-0.078790903,4.2538266,-0.65923882,0.13186413,0.86880732,-0.47726905,0
0.64633083,-1.9618297,1.4105976,0.95658469,0.014716148,0.29108265,0
0.88857704,3.0286911,-2.6221685,0.13186413,0.86880732,-0.47726905,0
0.49513388,4.5100064,1.0812912,-0.25991833,0.49493158,0.82914722,0
1.800267,2.5930228,-3.1633568,0.13186413,0.86880732,-0.47726905,0
-0.21986532,-2.4819412,-2.205586,0.25991833,-0.49493158,-0.82914722,0
0.13431597,-1.4401432,-2.7164249,0.25991833,-0.49493158,-0.82914722,0
1.6253139,0.24488771,-1.9181983,0.95658469,0.014716148,0.29108265,0
-0.6013999,4.4440541,-0.45734382,0.13186413,0.86880732,-0.47726905,0
0.32498455,4.7398243,0.33701754,0.13186413,0.86880732,-0.47726905,0
1.8927143,2.6242034,-3.0810537,0.13186413,0.86880732,-0.47726905,0
-1.3180993,1.2757989,2.4434364,-0.25991833,0.49493158,0.82914722,0
-1.0050585,-3.3083143,0.03473115,-0.95658469,-0.014716148,-0.29108265,0
0.042250499,2.7445335,-3.3732712,0.13186413,0.86880732,-0.47726905,0
0.71469581,0.94598716,-3.9588101,0.25991833,-0.49493158,-0.82914722,0
1.3328775,2.9380112,-1.0933201,0.95658469,0.014716148,0.29108265,0
0.093984604,2.7015052,-3.437305,0.13186413,0.86880732,-0.47726905,0
0.77490091,-4.5601873,0.29387593,-0.13186413,-0.86880732,0.47726905,0
-0.57801461,3.9291501,-1.3882006,0.13186413,0.86880732,-0.47726905,0
-0.58021164,-4.7448397,-0.41666389,-0.13186413,-0.86880732,0.47726905,0
-0.21251296,2.3154798,-2.8541324,-0.95658469,-0.014716148,-0.29108265,0
0.42814296,2.3892846,-3.9133389,0.13186413,0.86880732,-0.47726905,0
0.6875509,1.1305254,-4.0774732,0.25991833,-0.49493158,-0.82914722,0
-0.78197408,-2.5537088,3.5162659,-0.13186413,-0.86880732,0.47726905,0
0.70132017,4.0090585,0.9280169,0.95658469,0.014716148,0.29108265,0
1.3865893,-2.0757802,-1.0163523,0.95658469,0.014716148,0.29108265,0
-0.94270182,4.8581791,0.20221877,0.13186413,0.86880732,-0.47726905,0
1.7596408,2.9042349,-2.6080594,0.13186413,0.86880732,-0.47726905,0
0.042492867,0.19730276,3.285831,0.95658469,0.014716148,0.29108265,0
-0.93661332,-3.6144559,1.5425861,-0.13186413,-0.86880732,0.47726905,0
0.25638771,4.580565,0.9643321,-0.25991833,0.49493158,0.82914722,0
0.53922415,3.5545115,1.4836936,0.95658469,0.014716148,0.29108265,0
-0.82461834,-1.6354375,4.335896,-0.25991833,0.49493158,0.82914722,0
-0.96465135,-0.31412578,3.5032861,-0.25991833,0.49493158,0.82914722,0
0.039447546,3.7156057,-1.6063328,0.13186413,0.86880732,-0.47726905,0
0.060277343,-1.1081783,3.2933872,0.95658469,0.014716148,0.29108265,0
1.0717613,-2.7612121,0.052919626,0.95658469,0.014716148,0.29108265,0
1.1364406,1.3755867,-4.0830379,0.25991833,-0.49493158,-0.82914722,0
0.64522505,4.8786182,0.67815304,0.13186413,0.86880732,-0.47726905,0
-0.31006265,-3.9346929,1.1327448,-0.13186413,-0.86880732,0.47726905,0
0.57983124,-1.2004533,1.5906423,0.95658469,0.014716148,0.29108265,0
-0.23957825,-2.8220687,-2.0087383,0.25991833,-0.49493158,-0.82914722,0
-0.8351717,-4.4207182,-0.46732974,-0.95658469,-0.014716148,-0.29108265,0
1.1834033,0.30130661,-0.46879983,0.95658469,0.014716148,0.29108265,0
2.0855827,1.9843175,-4.1488652,0.25991833,-0.49493158,-0.82914722,0
-1.9376076,-1.4051586,3.0031488,-0.95658469,-0.014716148,-0.29108265,0
1.5852895,2.941587,-2.5882356,0.13186413,0.86880732,-0.47726905,0
0.60067767,-0.53854167,1.4886706,0.95658469,0.014716148,0.29108265,0
-1.4637493,-2.0801375,4.1899748,-0.13186413,-0.86880732,0.47726905,0
-0.26820838,-1.693578,4.4024858,0.95658469,0.014716148,0.29108265,0
-1.3798209,0.37314606,1.080189,-0.95658469,-0.014716148,-0.29108265,0
-1.0156348,0.32734734,-0.11432007,-0.95658469,-0.014716148,-0.29108265,0
-1.1424493,-0.3892684,0.33866024,-0.95658469,-0.014716148,-0.29108265,0
-0.44614077,3.5292082,-2.0798085,0.13186413,0.86880732,-0.47726905,0
1.7315509,2.7181327,-2.9545956,0.13186413,0.86880732,-0.47726905,0
0.23794937,-2.7816801,2.7941101,0.95658469,0.014716148,0.29108265,0
-0.68213046,-2.3770416,3.8654513,-0.13186413,-0.86880732,0.47726905,0
-0.85297489,4.5744581,-0.28946829,0.13186413,0.86880732,-0.47726905,0
-0.1837256,-1.2836559,4.1041255,0.95658469,0.014716148,0.29108265,0
1.1171541,-4.0285139,-0.86328697,0.25991833,-0.49493158,-0.82914722,0
0.12103128,-2.2397346,-2.2433002,0.25991833,-0.49493158,-0.82914722,0
1.6955013,2.4901037,-3.3796537,0.13186413,0.86880732,-0.47726905,0
0.50630361,2.682626,-3.357753,0.13186413,0.86880732,-0.47726905,0
0.30713487,-4.1456923,0.91917181,-0.13186413,-0.86880732,0.47726905,0
0.1896956,4.1524224,-0.76965189,0.13186413,0.86880732,-0.47726905,0
0.65534472,-4.3947225,0.56205106,-0.13186413,-0.86880732,0.47726905,0
1.4645698,3.4846351,-1.553736,0.95658469,0.014716148,0.29108265,0
-0.86611605,4.736908,0.0026209354,0.13186413,0.86880732,-0.47726905,0
-2.0808749,-0.99387598,3.4531746,-0.95658469,-0.014716148,-0.29108265,0
0.0022382736,-4.7503405,-0.78191686,0.25991833,-0.49493158,-0.82914722,0
1.0610498,-2.46245,0.073016047,0.95658469,0.014716148,0.29108265,0
-1.2062445,-3.7222199,1.2719193,-0.13186413,-0.86880732,0.47726905,0
0.8269124,-4.7855444,-0.10198832,-0.13186413,-0.86880732,0.47726905,0
-0.52169085,-0.18248942,-1.7117918,-0.95658469,-0.014716148,-0.29108265,0
1.2251753,3.4164138,-1.82337,0.13186413,0.86880732,-0.47726905,0
-0.63557398,-2.6854775,3.3168464,-0.13186413,-0.86880732,0.47726905,0
0.61077487,2.0301251,-4.5166831,0.13186413,0.86880732,-0.47726905,0
-0.084874034,3.6168952,-1.8203709,0.13186413,0.86880732,-0.47726905,0
1.4567001,-3.3053167,-1.184597,0.95658469,0.014716148,0.29108265,0
-0.61091524,0.11581424,-1.433655,-0.95658469,-0.014716148,-0.29108265,0
0.12974012,3.5973506,-1.7966539,0.13186413,0.86880732,-0.47726905,0
1.5301441,3.0571461,-2.393111,0.13186413,0.86880732,-0.47726905,0
-0.32171643,1.9185774,-2.4751909,-0.95658469,-0.014716148,-0.29108265,0
1.7594187,-0.91684914,-2.5193558,0.25991833,-0.49493158,-0.82914722,0
-2.0410435,-2.0511813,4.0831861,-0.13186413,-0.86880732,0.47726905,0
-0.720523,-3.7003539,1.4459236,-0.13186413,-0.86880732,0.47726905,0
1.538379,-2.7091112,-1.518816,0.25991833,-0.49493158,-0.82914722,0
-0.14773768,-3.2019992,2.5113688,-0.13186413,-0.86880732,0.47726905,0
1.7433544,2.1542239,-3.9778585,0.13186413,0.86880732,-0.47726905,0
0.61126697,3.0690031,-2.6254029,0.13186413,0.86880732,-0.47726905,0
0.91476977,1.2216551,-4.0606422,0.25991833,-0.49493158,-0.82914722,0
-0.74057734,-2.9415483,2.821691,-0.13186413,-0.86880732,0.47726905,0
-1.300632,-3.0875554,2.4011664,-0.13186413,-0.86880732,0.47726905,0
-1.5311105,-2.7658336,2.9231415,-0.13186413,-0.86880732,0.47726905,0
-0.9367106,-2.8362799,-0.21374607,-0.95658469,-0.014716148,-0.29108265,0
-0.75049627,-2.0828309,4.3821363,-0.13186413,-0.86880732,0.47726905,0
-1.4583566,3.2550013,1.1925846,-0.95658469,-0.014716148,-0.29108265,0
-0.69373488,4.5849771,-0.22632313,0.13186413,0.86880732,-0.47726905,0
-1.4179062,-2.5719771,1.3542447,-0.95658469,-0.014716148,-0.29108265,0
0.50555634,3.1370707,1.6154397,0.95658469,0.014716148,0.29108265,0
-1.7589693,-1.2472941,3.8113093,-0.25991833,0.49493158,0.82914722,0
1.0788534,-1.9738979,-2.1017277,0.25991833,-0.49493158,-0.82914722,0
-1.2468309,3.5254736,1.1229093,-0.25991833,0.49493158,0.82914722,0
0.0045466423,-4.5949559,-0.87394476,0.25991833,-0.49493158,-0.82914722,0
0.43786979,0.42460734,-3.7343681,0.25991833,-0.49493158,-0.82914722,0
0.49626827,4.672502,0.26178932,0.13186413,0.86880732,-0.47726905,0
-0.69917822,3.6589613,1.2149048,-0.25991833,0.49493158,0.82914722,0
2.0805106,2.1205087,-3.9460807,0.13186413,0.86880732,-0.47726905,0
-1.3381405,-0.18436897,0.97140098,-0.95658469,-0.014716148,-0.29108265,0
0.82486498,-0.27330214,0.73851436,0.95658469,0.014716148,0.29108265,0
-1.5417171,2.4721584,1.6592106,-0.25991833,0.49493158,0.82914722,0
-0.990309,0.36982667,3.0869806,-0.25991833,0.49493158,0.82914722,0
0.35070276,3.5646286,-1.7951713,0.13186413,0.86880732,-0.47726905,0
1.5024598,1.4288853,-1.5743221,0.95658469,0.014716148,0.29108265,0
0.69567633,4.4796939,0.92277145,0.95658469,0.014716148,0.29108265,0
-1.2606953,-3.758028,1.1916916,-0.13186413,-0.86880732,0.47726905,0
-0.084586859,0.88623184,3.0626526,-0.25991833,0.49493158,0.82914722,0
1.5852141,-2.3554034,-1.7152684,0.25991833,-0.49493158,-0.82914722,0
0.49573779,4.2541871,-0.49984598,0.13186413,0.86880732,-0.47726905,0
-1.1607707,-2.7447593,0.51795554,-0.95658469,-0.014716148,-0.29108265,0
0.86098051,-3.7429559,-1.1140455,0.25991833,-0.49493158,-0.82914722,0
0.23796749,2.5580106,2.165854,-0.25991833,0.49493158,0.82914722,0
0.57664251,-4.1108556,-0.98357391,0.25991833,-0.49493158,-0.82914722,0
-1.3525646,3.3062716,0.84232754,-0.95658469,-0.014716148,-0.29108265,0
1.2227968,0.73828042,-3.6755486,0.25991833,-0.49493158,-0.82914722,0
1.3251488,-2.0983238,-1.9502479,0.25991833,-0.49493158,-0.82914722,0
-0.15707207,0.26089907,3.4132016,-0.25991833,0.49493158,0.82914722,0
1.2064345,-2.772573,-1.5849916,0.25991833,-0.49493158,-0.82914722,0
-0.40875387,1.857793,2.3810933,-0.25991833,0.49493158,0.82914722,0
1.1903338,-3.853327,-0.94491851,0.25991833,-0.49493158,-0.82914722,0
-0.22230864,4.1258655,1.0856894,-0.25991833,0.49493158,0.82914722,0
1.9332258,1.0891452,-2.9727716,0.95658469,0.014716148,0.29108265,0
-0.7253952,0.99956882,2.7941215,-0.25991833,0.49493158,0.82914722,0
0.74617147,2.9933097,-2.7259202,0.13186413,0.86880732,-0.47726905,0
-0.30897045,3.3695078,-2.332624,0.13186413,0.86880732,-0.47726905,0
-0.68794632,4.0660801,0.97540975,-0.25991833,0.49493158,0.82914722,0
0.79662704,2.9676828,0.66745865,0.95658469,0.014716148,0.29108265,0
0.8395679,-0.64102018,-2.9723549,0.25991833,-0.49493158,-0.82914722,0
-1.7634722,-0.01243782,3.0727921,-0.25991833,0.49493158,0.82914722,0
0.53375936,-1.9600722,1.7804521,0.95658469,0.014716148,0.29108265,0
1.7113135,2.2189608,-3.8688655,0.13186413,0.86880732,-0.47726905,0
1.2782339,0.98327935,-0.81492054,0.95658469,0.014716148,0.29108265,0
-0.39348459,-4.6721916,-0.23282576,-0.13186413,-0.86880732,0.47726905,0
-0.78454196,3.2919259,-1.0236392,-0.95658469,-0.014716148,-0.29108265,0
-0.55843711,-3.6488457,1.5844698,-0.13186413,-0.86880732,0.47726905,0
1.2171454,3.1883967,-2.2406647,0.13186413,0.86880732,-0.47726905,0
-0.31483757,-2.1284242,4.419507,-0.13186413,-0.86880732,0.47726905,0
-0.21970296,1.0857964,2.9011736,-0.25991833,0.49493158,0.82914722,0
1.6161776,-1.1606609,-2.4187238,0.25991833,-0.49493158,-0.82914722,0
1.390792,1.8783555,-4.3034153,0.25991833,-0.49493158,-0.82914722,0
