1.1631078,0.82965279,-3.2805538,0.96468008,-0.26182097,-0.029017435,0
0.98163414,1.5320292,4.3669701,0.047789894,0.065618493,0.99669957,0
-1.3223178,-2.6097648,1.9066725,-0.25905275,-0.96288311,0.075813249,0
0.36922407,2.2637246,4.3481622,0.047789894,0.065618493,0.99669957,0
1.0867376,2.2462869,4.3149071,0.047789894,0.065618493,0.99669957,0
0.88515115,2.5895336,-3.6574152,0.25905275,0.96288311,-0.075813249,0
0.56581265,-1.5434676,-1.7251608,0.96468008,-0.26182097,-0.029017435,0
0.21453428,-2.3808632,4.6613593,0.047789894,0.065618493,0.99669957,0
1.5429275,1.8591396,0.057543695,0.96468008,-0.26182097,-0.029017435,0
-0.63330323,0.37366414,-4.5091343,-0.047789894,-0.065618493,-0.99669957,0
1.7722378,2.300431,3.6992135,0.96468008,-0.26182097,-0.029017435,0
0.83537322,1.3011806,4.3891816,0.047789894,0.065618493,0.99669957,0
1.3817296,0.94043374,2.9879243,0.96468008,-0.26182097,-0.029017435,0
-0.11735082,3.2405427,1.3216903,-0.96468008,0.26182097,0.029017435,0
-0.022442341,0.24937123,-4.5302415,-0.047789894,-0.065618493,-0.99669957,0
0.11301351,-3.0879474,-2.8427324,0.96468008,-0.26182097,-0.029017435,0
-0.42031455,-3.0125177,-0.12645054,-0.25905275,-0.96288311,0.075813249,0
0.98751563,-0.20726925,0.23793027,0.96468008,-0.26182097,-0.029017435,0
0.60213709,2.5471933,4.3183327,0.047789894,0.065618493,0.99669957,0
0.73709321,-1.4881136,4.577529,0.047789894,0.065618493,0.99669957,0
-1.1617298,-2.5134659,3.6784651,-0.25905275,-0.96288311,0.075813249,0
-1.0462875,-2.7644696,0.88499874,-0.25905275,-0.96288311,0.075813249,0
0.055975199,2.9041076,-2.4953811,0.25905275,0.96288311,-0.075813249,0
1.175691,0.78117931,-2.4248626,0.96468008,-0.26182097,-0.029017435,0
1.0181162,3.0635154,2.8168342,0.25905275,0.96288311,-0.075813249,0
-1.4844558,-2.0582161,3.68256,-0.96468008,0.26182097,0.029017435,0
0.65779769,1.3376149,4.3952971,0.047789894,0.065618493,0.99669957,0
-0.73064184,-3.1949658,-3.5040524,-0.25905275,-0.96288311,0.075813249,0
-0.93044865,-0.079699278,4.2485337,-0.96468008,0.26182097,0.029017435,0
-0.78565383,1.2295351,-2.7508509,-0.96468008,0.26182097,0.029017435,0
-1.365329,-2.7888026,-0.51420695,-0.25905275,-0.96288311,0.075813249,0
-0.34573627,-2.8219392,2.5488706,-0.25905275,-0.96288311,0.075813249,0
-0.03433156,-2.7770023,4.1836672,-0.25905275,-0.96288311,0.075813249,0
0.46532249,1.0820622,-4.6084495,-0.047789894,-0.065618493,-0.99669957,0
0.65955544,-1.0923209,-2.679337,0.96468008,-0.26182097,-0.029017435,0
-0.61322683,0.087762997,-4.4912748,-0.047789894,-0.065618493,-0.99669957,0
0.11853719,-2.8167052,4.2017608,-0.25905275,-0.96288311,0.075813249,0
1.0881379,2.8481638,0.32097942,0.25905275,0.96288311,-0.075813249,0
0.30588198,-2.8604574,4.2862329,-0.25905275,-0.96288311,0.075813249,0
0.34026802,0.5868783,-4.5698528,-0.047789894,-0.065618493,-0.99669957,0
0.7025336,-0.72137642,4.5287066,0.047789894,0.065618493,0.99669957,0
1.6229138,2.682636,0.045975685,0.25905275,0.96288311,-0.075813249,0
0.22934604,-2.8130951,-1.455242,0.96468008,-0.26182097,-0.029017435,0
-1.1989248,-0.17689037,-3.7999706,-0.96468008,0.26182097,0.029017435,0
0.3286736,-2.5840352,-0.21988884,0.96468008,-0.26182097,-0.029017435,0
-0.84357476,-3.2222147,-4.2360253,-0.25905275,-0.96288311,0.075813249,0
1.7997029,2.4710608,3.0727313,0.96468008,-0.26182097,-0.029017435,0
-0.3785646,2.4250522,-0.0042336285,-0.96468008,0.26182097,0.029017435,0
0.35085797,2.0004215,-4.6634216,-0.047789894,-0.065618493,-0.99669957,0
-0.52459943,2.2588511,-3.3595374,-0.96468008,0.26182097,0.029017435,0
-1.6340172,-2.2250333,0.21558939,-0.96468008,0.26182097,0.029017435,0
1.202617,0.69322503,-0.7361083,0.96468008,-0.26182097,-0.029017435,0
-0.49440742,-2.3937864,4.6962028,0.047789894,0.065618493,0.99669957,0
0.45311758,-1.4639567,-4.4402452,-0.047789894,-0.065618493,-0.99669957,0
-0.91838789,-0.66197765,4.6025167,0.047789894,0.065618493,0.99669957,0
0.0030006189,-0.66441441,-4.4713016,-0.047789894,-0.065618493,-0.99669957,0
0.51870441,1.7492527,-4.6549339,-0.047789894,-0.065618493,-0.99669957,0
-1.3352754,-2.7643213,-0.10058373,-0.25905275,-0.96288311,0.075813249,0
0.34150815,-2.4336672,-1.1499585,0.96468008,-0.26182097,-0.029017435,0
0.096413374,-3.2260146,-2.1488373,0.96468008,-0.26182097,-0.029017435,0
0.94779956,-0.13168186,-1.7644351,0.96468008,-0.26182097,-0.029017435,0
0.27514768,-2.8339384,4.5180264,-0.25905275,-0.96288311,0.075813249,0
1.3278437,1.5756608,-4.5350819,0.96468008,-0.26182097,-0.029017435,0
-1.6224301,-2.0388706,-1.0789164,-0.96468008,0.26182097,0.029017435,0
-0.83330727,-2.7651975,1.6035093,-0.25905275,-0.96288311,0.075813249,0
0.057984829,2.8030362,-3.7721934,0.25905275,0.96288311,-0.075813249,0
1.455425,2.3361771,-4.7384892,-0.047789894,-0.065618493,-0.99669957,0
0.9256351,2.6249931,-3.0687184,0.25905275,0.96288311,-0.075813249,0
1.3035173,2.6205497,-1.8339405,0.25905275,0.96288311,-0.075813249,0
-0.93961239,-2.9601796,-1.2361529,-0.25905275,-0.96288311,0.075813249,0
-1.2155538,-1.0523512,3.5463836,-0.96468008,0.26182097,0.029017435,0
0.84858119,0.21252337,4.4602203,0.047789894,0.065618493,0.99669957,0
0.14293015,-1.390729,4.5996065,0.047789894,0.065618493,0.99669957,0
1.004017,-0.41870213,2.6942518,0.96468008,-0.26182097,-0.029017435,0
-0.083260953,1.2068272,4.4394398,0.047789894,0.065618493,0.99669957,0
1.5705669,2.0374098,-0.6320861,0.96468008,-0.26182097,-0.029017435,0
-0.48093164,2.1094668,-0.5599286,-0.96468008,0.26182097,0.029017435,0
0.53639871,-1.4486253,-3.5587702,0.96468008,-0.26182097,-0.029017435,0
0.70867485,-1.0284464,4.5486293,0.047789894,0.065618493,0.99669957,0
0.98285747,2.7357104,-1.4670019,0.25905275,0.96288311,-0.075813249,0
-1.304054,-2.6773715,1.1104233,-0.25905275,-0.96288311,0.075813249,0
0.14797449,-2.9052193,-3.3291907,0.96468008,-0.26182097,-0.029017435,0
0.0015249252,-3.216141,-1.2711896,-0.25905275,-0.96288311,0.075813249,0
1.2400305,1.9666721,4.3259659,0.047789894,0.065618493,0.99669957,0
0.2208252,-2.9378462,-0.61290598,0.96468008,-0.26182097,-0.029017435,0
-0.37585354,2.637321,-1.8293872,-0.96468008,0.26182097,0.029017435,0
1.4274795,2.4571495,-3.4856615,0.25905275,0.96288311,-0.075813249,0
0.74165916,2.4440351,4.3184338,0.047789894,0.065618493,0.99669957,0
-1.6105084,-2.4241886,2.7941003,-0.96468008,0.26182097,0.029017435,0
-0.87793779,-2.9175794,-0.48434883,-0.25905275,-0.96288311,0.075813249,0
-0.34314954,-1.7395451,-4.3839221,-0.047789894,-0.065618493,-0.99669957,0
0.15340567,-2.9940648,2.0683103,-0.25905275,-0.96288311,0.075813249,0
-0.85378528,-2.7629988,1.5614569,-0.25905275,-0.96288311,0.075813249,0
0.30293959,0.90870064,4.4405499,0.047789894,0.065618493,0.99669957,0
1.0911707,0.19972116,0.011702925,0.96468008,-0.26182097,-0.029017435,0
0.12153125,1.4276958,-4.6147208,-0.047789894,-0.065618493,-0.99669957,0
0.83988369,-0.58062184,-1.3013508,0.96468008,-0.26182097,-0.029017435,0
-0.62412483,0.29430008,-4.5043497,-0.047789894,-0.065618493,-0.99669957,0
1.2272305,2.5768764,-2.6492891,0.25905275,0.96288311,-0.075813249,0
-0.22797513,2.8010895,1.6091357,-0.96468008,0.26182097,0.029017435,0
0.52774334,-1.0650204,-4.4700875,-0.047789894,-0.065618493,-0.99669957,0
1.1249738,-0.063994467,3.5149565,0.96468008,-0.26182097,-0.029017435,0
-0.48648477,-3.0934365,-1.3802774,-0.25905275,-0.96288311,0.075813249,0
0.60344172,-1.5299556,4.5866919,0.047789894,0.065618493,0.99669957,0
-0.15686375,-0.10838281,-4.5002437,-0.047789894,-0.065618493,-0.99669957,0
-0.5588553,-1.0153201,4.6085401,0.047789894,0.065618493,0.99669957,0
0.48469973,3.1491084,2.0812511,0.25905275,0.96288311,-0.075813249,0
0.84237099,-0.54829985,-1.5102991,0.96468008,-0.26182097,-0.029017435,0
0.21128237,-2.6853764,-3.2081485,0.96468008,-0.26182097,-0.029017435,0
0.68428183,2.5924616,-4.3065958,0.25905275,0.96288311,-0.075813249,0
-0.44682798,-0.80246449,-4.4406443,-0.047789894,-0.065618493,-0.99669957,0
1.7615137,2.2484787,3.8114505,0.96468008,-0.26182097,-0.029017435,0
0.36735868,-2.6213326,1.4027202,0.96468008,-0.26182097,-0.029017435,0
1.7640142,2.3455732,3.0185194,0.96468008,-0.26182097,-0.029017435,0
-0.43481827,-1.3003536,4.6213584,0.047789894,0.065618493,0.99669957,0
0.28607392,-2.9335127,1.5171795,0.96468008,-0.26182097,-0.029017435,0
-1.0331554,-2.5083163,4.1832056,-0.25905275,-0.96288311,0.075813249,0
0.18422174,1.9047838,-4.6491365,-0.047789894,-0.065618493,-0.99669957,0
1.2884516,0.91574615,0.10966179,0.96468008,-0.26182097,-0.029017435,0
-0.73869789,1.5263823,-3.868222,-0.96468008,0.26182097,0.029017435,0
0.81026316,2.8703709,-0.34647277,0.25905275,0.96288311,-0.075813249,0
0.21635604,2.9528608,-1.3281589,0.25905275,0.96288311,-0.075813249,0
0.23654103,1.744505,-4.6410928,-0.047789894,-0.065618493,-0.99669957,0
-0.031503916,1.4065762,-4.6059928,-0.047789894,-0.065618493,-0.99669957,0
0.59193355,1.0678442,4.4162159,0.047789894,0.065618493,0.99669957,0
-0.35589957,-2.6276329,4.704957,0.047789894,0.065618493,0.99669957,0
-0.30328655,-2.7531576,3.5674937,-0.25905275,-0.96288311,0.075813249,0
0.032173395,-2.2757068,4.6631808,0.047789894,0.065618493,0.99669957,0
1.447602,1.5866221,-0.65263814,0.96468008,-0.26182097,-0.029017435,0
1.037324,2.612155,-2.8501334,0.25905275,0.96288311,-0.075813249,0
0.84294951,0.86695057,4.4174056,0.047789894,0.065618493,0.99669957,0
1.4514279,2.3125319,-4.7367411,-0.047789894,-0.065618493,-0.99669957,0
-0.99787378,-2.6060264,3.062773,-0.25905275,-0.96288311,0.075813249,0
0.05391109,-1.0535748,4.5816779,0.047789894,0.065618493,0.99669957,0
-1.34728,-2.4920573,-4.2862334,-0.047789894,-0.065618493,-0.99669957,0
-1.2542515,-2.941592,-2.0751896,-0.25905275,-0.96288311,0.075813249,0
-1.299727,-1.3912603,3.8059924,-0.96468008,0.26182097,0.029017435,0
1.9091108,2.7629504,4.0762868,0.96468008,-0.26182097,-0.029017435,0
-1.2565486,-2.5413437,3.0004058,-0.25905275,-0.96288311,0.075813249,0
1.5855727,2.6740592,-0.19054845,0.25905275,0.96288311,-0.075813249,0
1.0616727,2.5472679,-3.5910497,0.25905275,0.96288311,-0.075813249,0
-0.29142952,2.9100065,-3.607537,0.25905275,0.96288311,-0.075813249,0
1.2579476,0.89320064,-0.70100987,0.96468008,-0.26182097,-0.029017435,0
-0.039610863,-2.9396436,2.099966,-0.25905275,-0.96288311,0.075813249,0
-1.0945522,-0.53037846,2.8593595,-0.96468008,0.26182097,0.029017435,0
-1.1166329,-3.0672708,-3.20116,-0.25905275,-0.96288311,0.075813249,0
-0.82585239,-1.9556059,4.6832466,0.047789894,0.065618493,0.99669957,0
1.0911684,0.44620514,-2.2123673,0.96468008,-0.26182097,-0.029017435,0
-0.29141879,2.8176093,-0.64908898,-0.96468008,0.26182097,0.029017435,0
0.25829005,1.4978825,4.4039011,0.047789894,0.065618493,0.99669957,0
-0.32805422,1.3905376,4.4390821,0.047789894,0.065618493,0.99669957,0
-1.3758502,-0.88958418,-3.2512801,-0.96468008,0.26182097,0.029017435,0
1.8709388,2.7713284,2.7316804,0.96468008,-0.26182097,-0.029017435,0
0.76831126,3.0098171,1.2812459,0.25905275,0.96288311,-0.075813249,0
-0.71504676,0.68622428,4.4986992,-0.96468008,0.26182097,0.029017435,0
-0.49810946,2.0879781,-0.93711561,-0.96468008,0.26182097,0.029017435,0
0.014015436,-0.45296216,4.5440493,0.047789894,0.065618493,0.99669957,0
0.031032324,2.3291211,4.3600726,0.047789894,0.065618493,0.99669957,0
0.40369672,-1.9382626,-3.5524871,0.96468008,-0.26182097,-0.029017435,0
-0.67232633,-2.7116442,2.8337431,-0.25905275,-0.96288311,0.075813249,0
-0.30653369,-1.207746,4.6091099,0.047789894,0.065618493,0.99669957,0
-1.4152203,-2.515805,2.7825871,-0.25905275,-0.96288311,0.075813249,0
0.45764375,-2.4219689,2.6054008,0.96468008,-0.26182097,-0.029017435,0
0.88877356,-0.27306509,-2.4510632,0.96468008,-0.26182097,-0.029017435,0
1.3283958,0.83433157,2.1722057,0.96468008,-0.26182097,-0.029017435,0
1.0215993,2.878262,0.47588205,0.25905275,0.96288311,-0.075813249,0
-0.50471222,1.5182337,3.9841175,-0.96468008,0.26182097,0.029017435,0
-0.43517017,-3.1882675,-4.2841325,-0.047789894,-0.065618493,-0.99669957,0
-0.4918505,1.354424,4.4493132,0.047789894,0.065618493,0.99669957,0
-0.64428926,1.4421316,0.030557133,-0.96468008,0.26182097,0.029017435,0
-0.31530297,-2.5545835,-4.3315988,-0.047789894,-0.065618493,-0.99669957,0
1.3558829,0.83786047,3.0541649,0.96468008,-0.26182097,-0.029017435,0
0.77774554,-1.0736483,4.5482931,0.047789894,0.065618493,0.99669957,0
-0.23627305,-3.0529749,-0.011418223,-0.25905275,-0.96288311,0.075813249,0
-0.44250464,2.5666244,-3.4073086,-0.96468008,0.26182097,0.029017435,0
-1.502667,-1.9879404,2.4430606,-0.96468008,0.26182097,0.029017435,0
-0.77635801,1.0428593,-0.75745958,-0.96468008,0.26182097,0.029017435,0
-0.010936618,0.89982712,-4.573616,-0.047789894,-0.065618493,-0.99669957,0
1.3828216,2.4294572,-3.9899724,0.25905275,0.96288311,-0.075813249,0
0.63175368,-1.7880338,2.673732,0.96468008,-0.26182097,-0.029017435,0
-1.1010106,-0.66587961,3.8672657,-0.96468008,0.26182097,0.029017435,0
-0.10891175,-3.0190997,0.85401541,-0.25905275,-0.96288311,0.075813249,0
0.57636201,-2.084024,3.5029371,0.96468008,-0.26182097,-0.029017435,0
0.62286782,-1.6952941,1.5415454,0.96468008,-0.26182097,-0.029017435,0
-0.83598912,0.64185977,0.87828451,-0.96468008,0.26182097,0.029017435,0
1.2452928,0.59698302,1.5510235,0.96468008,-0.26182097,-0.029017435,0
-0.88740003,-1.4565225,-4.3764591,-0.047789894,-0.065618493,-0.99669957,0
-0.095713377,2.7732375,4.3369112,0.047789894,0.065618493,0.99669957,0
-1.0558755,-2.5055373,4.1408639,-0.25905275,-0.96288311,0.075813249,0
-0.67088968,0.77096522,-4.5334888,-0.047789894,-0.065618493,-0.99669957,0
0.85839605,2.8227401,-0.78694922,0.25905275,0.96288311,-0.075813249,0
0.40650344,-2.1029441,-1.9732757,0.96468008,-0.26182097,-0.029017435,0
-0.4172368,-3.0468268,-0.55168027,-0.25905275,-0.96288311,0.075813249,0
-0.03067112,-1.7709789,4.6329641,0.047789894,0.065618493,0.99669957,0
-1.4335179,-2.5591617,-4.2776809,-0.047789894,-0.065618493,-0.99669957,0
0.55883312,-2.1086688,3.1425557,0.96468008,-0.26182097,-0.029017435,0
-0.41571259,2.6865411,-3.5985985,-0.96468008,0.26182097,0.029017435,0
0.27131855,-2.339957,-4.3289394,0.96468008,-0.26182097,-0.029017435,0
-0.17188406,-3.2201273,-1.9143553,-0.25905275,-0.96288311,0.075813249,0
0.78136551,0.2099607,-4.5661879,-0.047789894,-0.065618493,-0.99669957,0
-1.4255784,-2.7327669,-0.0083799958,-0.25905275,-0.96288311,0.075813249,0
-0.68206668,1.134263,1.552515,-0.96468008,0.26182097,0.029017435,0
1.1746,0.63719916,-1.1620164,0.96468008,-0.26182097,-0.029017435,0
-0.82682139,0.73579955,0.33545604,-0.96468008,0.26182097,0.029017435,0
-0.097766161,-1.7876655,4.63728,0.047789894,0.065618493,0.99669957,0
0.799079,-1.1451136,2.4354463,0.96468008,-0.26182097,-0.029017435,0
-1.377491,-1.4986587,2.189786,-0.96468008,0.26182097,0.029017435,0
0.78427911,-0.78358752,4.528883,0.047789894,0.065618493,0.99669957,0
-0.75453097,0.75906789,2.5287926,-0.96468008,0.26182097,0.029017435,0
1.232911,0.82923079,-0.9561519,0.96468008,-0.26182097,-0.029017435,0
0.68065357,2.4418068,-4.7082949,-0.047789894,-0.065618493,-0.99669957,0
-0.46217287,1.0183339,-4.5597825,-0.047789894,-0.065618493,-0.99669957,0
1.2384232,1.1936494,4.376935,0.047789894,0.065618493,0.99669957,0
-0.50323868,-2.0338423,4.6729293,0.047789894,0.065618493,0.99669957,0
-0.13097191,-1.8066921,4.6401248,0.047789894,0.065618493,0.99669957,0
0.45815343,-1.0708967,-4.4663644,-0.047789894,-0.065618493,-0.99669957,0
0.78967005,-0.5073899,-3.6314573,0.96468008,-0.26182097,-0.029017435,0
-0.39073896,-3.0294456,-0.24038607,-0.25905275,-0.96288311,0.075813249,0
-0.49940896,2.4452338,-4.651938,-0.047789894,-0.065618493,-0.99669957,0
0.042323858,-0.91524607,-4.4566736,-0.047789894,-0.065618493,-0.99669957,0
-0.10203385,-2.9405854,1.8747101,-0.25905275,-0.96288311,0.075813249,0
-0.48362494,-3.0484426,-0.79904854,-0.25905275,-0.96288311,0.075813249,0
-1.4940948,-2.9936535,-3.5559525,-0.25905275,-0.96288311,0.075813249,0
-1.5937896,-2.9009333,-2.7189929,-0.25905275,-0.96288311,0.075813249,0
-0.39124972,0.47300029,-4.5272813,-0.047789894,-0.065618493,-0.99669957,0
0.52155232,0.75431401,-4.5895686,-0.047789894,-0.065618493,-0.99669957,0
0.75716496,2.6945889,-2.7604659,0.25905275,0.96288311,-0.075813249,0
0.24366879,3.3372741,3.6474919,0.25905275,0.96288311,-0.075813249,0
1.3027416,0.63262033,3.1393468,0.96468008,-0.26182097,-0.029017435,0
-0.45713973,2.3797262,-2.2074904,-0.96468008,0.26182097,0.029017435,0
-1.0389572,0.4101623,-3.7787821,-0.96468008,0.26182097,0.029017435,0
-0.35029399,2.2869849,2.1813717,-0.96468008,0.26182097,0.029017435,0
0.84418583,-1.1928035,4.3653102,0.96468008,-0.26182097,-0.029017435,0
-0.72283149,0.66691458,-4.524148,-0.047789894,-0.065618493,-0.99669957,0
0.58351421,-0.22738355,4.5018916,0.047789894,0.065618493,0.99669957,0
0.63699424,2.2678609,4.3350506,0.047789894,0.065618493,0.99669957,0
0.66292739,-1.8874555,4.6071701,0.96468008,-0.26182097,-0.029017435,0
-0.35297951,1.048737,4.462781,0.047789894,0.065618493,0.99669957,0
0.65052688,0.022438735,4.4822311,0.047789894,0.065618493,0.99669957,0
-0.98895979,-2.7350698,1.4542885,-0.25905275,-0.96288311,0.075813249,0
0.34405851,3.0480719,4.2977304,0.047789894,0.065618493,0.99669957,0
-1.5101392,-3.0229197,-3.9824786,-0.25905275,-0.96288311,0.075813249,0
-0.44074678,2.3919497,-1.7727938,-0.96468008,0.26182097,0.029017435,0
-0.3401587,-2.687727,4.2725201,-0.25905275,-0.96288311,0.075813249,0
0.79195142,2.8022864,-1.2737619,0.25905275,0.96288311,-0.075813249,0
-0.40259624,-3.1881766,-2.2968962,-0.25905275,-0.96288311,0.075813249,0
1.1124184,2.7182679,-1.2458284,0.25905275,0.96288311,-0.075813249,0
1.7077506,2.1158817,4.2937155,0.047789894,0.065618493,0.99669957,0
1.6449075,2.3073916,-0.59665167,0.96468008,-0.26182097,-0.029017435,0
0.12783742,-2.9083481,3.0696073,-0.25905275,-0.96288311,0.075813249,0
-1.4437308,-1.7900902,2.617203,-0.96468008,0.26182097,0.029017435,0
1.0463505,-0.45650658,4.4427242,0.96468008,-0.26182097,-0.029017435,0
0.90538704,-0.074164033,4.4763713,0.047789894,0.065618493,0.99669957,0
0.78933644,2.8904774,-0.16261086,0.25905275,0.96288311,-0.075813249,0
0.90467525,2.5293036,-4.3556633,0.25905275,0.96288311,-0.075813249,0
1.213973,0.36498886,2.6030619,0.96468008,-0.26182097,-0.029017435,0
0.060879469,-3.1188064,0.16784023,-0.25905275,-0.96288311,0.075813249,0
-1.3497742,-1.0235837,-1.1753268,-0.96468008,0.26182097,0.029017435,0
-0.32679462,-3.1494706,-1.5462893,-0.25905275,-0.96288311,0.075813249,0
-1.5553346,-2.9832892,-4.2439175,-0.047789894,-0.065618493,-0.99669957,0
0.44789362,2.5516791,4.3254323,0.047789894,0.065618493,0.99669957,0
0.18291473,-2.9829907,2.3097925,-0.25905275,-0.96288311,0.075813249,0
-1.4899271,-2.7688682,-4.2611699,-0.047789894,-0.065618493,-0.99669957,0
-0.75637436,-2.7455161,2.1163526,-0.25905275,-0.96288311,0.075813249,0
1.3701117,2.6419818,-1.3341831,0.25905275,0.96288311,-0.075813249,0
1.2339454,0.56676042,4.4184217,0.047789894,0.065618493,0.99669957,0
-0.48754954,-2.6899226,3.7410064,-0.25905275,-0.96288311,0.075813249,0
0.26635098,2.9144518,4.3102536,0.047789894,0.065618493,0.99669957,0
0.5342834,3.2809939,3.9257216,0.25905275,0.96288311,-0.075813249,0
0.16323519,3.3871539,4.0061617,0.25905275,0.96288311,-0.075813249,0
0.76235867,0.69524568,-4.5972252,-0.047789894,-0.065618493,-0.99669957,0
-1.4668062,-1.8955164,2.8013105,-0.96468008,0.26182097,0.029017435,0
-0.66095567,-2.6841013,3.2224138,-0.25905275,-0.96288311,0.075813249,0
-0.37022233,-3.1422052,-1.6024094,-0.25905275,-0.96288311,0.075813249,0
0.85845602,-0.28568065,-3.3451347,0.96468008,-0.26182097,-0.029017435,0
-0.020088971,-1.2667423,-4.4305396,-0.047789894,-0.065618493,-0.99669957,0
0.093225479,2.5194674,-4.6852412,-0.047789894,-0.065618493,-0.99669957,0
-1.4323537,-2.5719743,-4.2768931,-0.047789894,-0.065618493,-0.99669957,0
-0.90131426,0.51841629,-0.17962344,-0.96468008,0.26182097,0.029017435,0
0.44967723,3.0173497,0.28815144,0.25905275,0.96288311,-0.075813249,0
-1.2845006,-2.9215009,-1.9233785,-0.25905275,-0.96288311,0.075813249,0
-0.89744902,0.65692919,-1.3009093,-0.96468008,0.26182097,0.029017435,0
-0.6460011,1.1017811,3.0445895,-0.96468008,0.26182097,0.029017435,0
1.4818375,2.7665668,0.62990046,0.25905275,0.96288311,-0.075813249,0
-0.38247657,-3.2565627,-3.0967028,-0.25905275,-0.96288311,0.075813249,0
-1.5798783,-2.007808,0.055429429,-0.96468008,0.26182097,0.029017435,0
0.53958726,2.918231,-0.66351146,0.25905275,0.96288311,-0.075813249,0
0.9038434,2.8755617,0.039217889,0.25905275,0.96288311,-0.075813249,0
-0.38766336,2.3207319,-4.6490998,-0.047789894,-0.065618493,-0.99669957,0
0.50181818,-1.8757653,-0.85436106,0.96468008,-0.26182097,-0.029017435,0
1.0717703,-0.050444543,1.6239566,0.96468008,-0.26182097,-0.029017435,0
-0.43320006,0.67694533,-4.5386958,-0.047789894,-0.065618493,-0.99669957,0
-0.69993615,0.86404705,3.396574,-0.96468008,0.26182097,0.029017435,0
0.36012614,-0.87510353,4.5552459,0.047789894,0.065618493,0.99669957,0
-1.0294402,-2.8138578,0.31530431,-0.25905275,-0.96288311,0.075813249,0
0.088348091,-0.074094385,-4.5142584,-0.047789894,-0.065618493,-0.99669957,0
0.67606139,-0.83625805,-4.4410248,0.96468008,-0.26182097,-0.029017435,0
1.2044165,0.5641157,0.48865259,0.96468008,-0.26182097,-0.029017435,0
-1.6939645,-2.6546309,0.066931218,-0.25905275,-0.96288311,0.075813249,0
0.81545568,1.9152699,-4.6800928,-0.047789894,-0.065618493,-0.99669957,0
-1.3454758,-0.87952542,-2.3322477,-0.96468008,0.26182097,0.029017435,0
0.1896615,-2.6881065,4.6827788,0.047789894,0.065618493,0.99669957,0
-1.6495657,-2.6936262,-0.27663028,-0.25905275,-0.96288311,0.075813249,0
1.7490664,2.807718,2.0656707,0.25905275,0.96288311,-0.075813249,0
-1.2359321,-0.36913478,-3.2956736,-0.96468008,0.26182097,0.029017435,0
-0.5878644,-3.0255523,-4.2875237,-0.047789894,-0.065618493,-0.99669957,0
-1.495622,-2.1758771,-4.2999372,-0.047789894,-0.065618493,-0.99669957,0
-0.30059934,-2.8325438,2.5684156,-0.25905275,-0.96288311,0.075813249,0
-0.13725591,-2.8560247,2.8283358,-0.25905275,-0.96288311,0.075813249,0
0.81301737,2.0379686,-4.6880541,-0.047789894,-0.065618493,-0.99669957,0
-0.74990654,0.37439603,4.5262074,0.047789894,0.065618493,0.99669957,0
-0.84366757,1.1741046,-4.179369,-0.96468008,0.26182097,0.029017435,0
-1.0072303,-1.1870087,4.6413417,0.047789894,0.065618493,0.99669957,0
-0.80032516,-3.2018216,-3.8292365,-0.25905275,-0.96288311,0.075813249,0
1.1381726,2.7746692,-0.44148979,0.25905275,0.96288311,-0.075813249,0
-0.048893094,-0.84456146,4.5728464,0.047789894,0.065618493,0.99669957,0
-0.64068651,-2.8116686,1.6714729,-0.25905275,-0.96288311,0.075813249,0
-0.60855448,1.7369807,-1.441828,-0.96468008,0.26182097,0.029017435,0
-0.4143492,0.9075948,4.4750152,0.047789894,0.065618493,0.99669957,0
1.2551832,2.4319923,-4.3939118,0.25905275,0.96288311,-0.075813249,0
1.4981003,1.7124922,-0.10953763,0.96468008,-0.26182097,-0.029017435,0
-1.7511451,-2.8272176,-2.32043,-0.25905275,-0.96288311,0.075813249,0
0.39084959,-2.3145566,-0.58433408,0.96468008,-0.26182097,-0.029017435,0
1.0449558,0.53137791,-4.5171962,0.96468008,-0.26182097,-0.029017435,0
1.3505561,2.966671,4.2548299,0.047789894,0.065618493,0.99669957,0
0.37089992,2.6494334,-4.6538343,0.25905275,0.96288311,-0.075813249,0
0.9717012,-0.27675164,0.33911636,0.96468008,-0.26182097,-0.029017435,0
0.1818614,1.6232338,4.3993125,0.047789894,0.065618493,0.99669957,0
1.4314926,1.0875747,3.3146513,0.96468008,-0.26182097,-0.029017435,0
-0.91429949,0.21377498,2.1374264,-0.96468008,0.26182097,0.029017435,0
0.60374928,2.1764367,-4.6871357,-0.047789894,-0.065618493,-0.99669957,0
0.35578975,-0.208351,4.5115581,0.047789894,0.065618493,0.99669957,0
0.22673059,-2.9586487,2.7686689,-0.25905275,-0.96288311,0.075813249,0
-0.61419487,-2.9514687,-0.013570875,-0.25905275,-0.96288311,0.075813249,0
0.31855607,2.9808352,-0.62365317,0.25905275,0.96288311,-0.075813249,0
1.0112406,-0.44557425,3.1768644,0.96468008,-0.26182097,-0.029017435,0
-1.5911224,-2.7758121,-1.1207455,-0.25905275,-0.96288311,0.075813249,0
0.70322186,-0.79002917,-3.9551954,0.96468008,-0.26182097,-0.029017435,0
0.15364146,-1.8907037,4.6320095,0.047789894,0.065618493,0.99669957,0
-0.024134636,-3.2894855,-2.2903976,-0.25905275,-0.96288311,0.075813249,0
-0.6498096,1.7781558,-3.1848731,-0.96468008,0.26182097,0.029017435,0
0.13931847,3.1195686,0.52591133,0.25905275,0.96288311,-0.075813249,0
1.2140818,2.7971091,0.10289681,0.25905275,0.96288311,-0.075813249,0
-0.61278659,1.0845873,-4.556922,-0.047789894,-0.065618493,-0.99669957,0
0.33744937,1.5117266,4.3991938,0.047789894,0.065618493,0.99669957,0
0.70114535,-0.46076208,4.5116167,0.047789894,0.065618493,0.99669957,0
-1.3903098,-1.7690675,4.2034922,-0.96468008,0.26182097,0.029017435,0
-0.64768887,-1.1245238,-4.4098101,-0.047789894,-0.065618493,-0.99669957,0
0.92534232,2.6008744,4.2993011,0.047789894,0.065618493,0.99669957,0
-1.0850987,-2.8081217,0.19797079,-0.25905275,-0.96288311,0.075813249,0
-0.84081364,-3.0176184,-1.6280675,-0.25905275,-0.96288311,0.075813249,0
0.28856015,2.9819458,-0.71203864,0.25905275,0.96288311,-0.075813249,0
-0.65492773,-3.1606395,-2.8093746,-0.25905275,-0.96288311,0.075813249,0
-0.33354998,2.237175,3.1874537,-0.96468008,0.26182097,0.029017435,0
0.69843149,2.958904,0.39583814,0.25905275,0.96288311,-0.075813249,0
1.2245806,0.23196787,4.1559401,0.96468008,-0.26182097,-0.029017435,0
-0.6346795,0.43493658,4.5166969,0.047789894,0.065618493,0.99669957,0
1.282912,2.6938746,-0.973068,0.25905275,0.96288311,-0.075813249,0
-1.6084476,-1.9512843,-1.4043452,-0.96468008,0.26182097,0.029017435,0
0.35427594,3.1187568,1.2501094,0.25905275,0.96288311,-0.075813249,0
-0.76978111,-3.1197016,-2.6818819,-0.25905275,-0.96288311,0.075813249,0
-0.091147423,3.0785587,-0.78244245,0.25905275,0.96288311,-0.075813249,0
-1.6656795,-2.9488556,-3.573287,-0.25905275,-0.96288311,0.075813249,0
0.8921324,0.90921205,-4.6175346,-0.047789894,-0.065618493,-0.99669957,0
0.85652292,-0.48445654,-1.6158706,0.96468008,-0.26182097,-0.029017435,0
-0.39563584,-2.7378139,3.4468105,-0.25905275,-0.96288311,0.075813249,0
0.88129997,2.7507377,-1.6231686,0.25905275,0.96288311,-0.075813249,0
0.625108,2.6648486,-3.5894241,0.25905275,0.96288311,-0.075813249,0
-0.57078624,1.9674509,-2.2657375,-0.96468008,0.26182097,0.029017435,0
1.1230216,2.7982183,-0.19416617,0.25905275,0.96288311,-0.075813249,0
-1.8597403,-2.8912745,-3.5050673,-0.25905275,-0.96288311,0.075813249,0
-0.62017512,0.92868829,-4.5463052,-0.047789894,-0.065618493,-0.99669957,0
-0.34807849,-3.1609185,-1.7644155,-0.25905275,-0.96288311,0.075813249,0
-1.8736374,-2.7856424,-4.2416673,-0.047789894,-0.065618493,-0.99669957,0
0.097680807,3.074573,-0.18784091,0.25905275,0.96288311,-0.075813249,0
-0.42319047,1.8574698,-4.6168966,-0.047789894,-0.065618493,-0.99669957,0
0.61277926,0.17122409,4.4742455,0.047789894,0.065618493,0.99669957,0
-1.5108333,-1.4788386,-2.4219894,-0.96468008,0.26182097,0.029017435,0
-0.87712502,-0.16839767,4.5680428,0.047789894,0.065618493,0.99669957,0
0.7333746,1.6072923,-4.6558809,-0.047789894,-0.065618493,-0.99669957,0
0.25844216,-2.9977028,2.3810155,-0.25905275,-0.96288311,0.075813249,0
-0.25571918,-0.86131561,4.5838666,0.047789894,0.065618493,0.99669957,0
-1.8135912,-2.585459,-2.5022438,-0.96468008,0.26182097,0.029017435,0
0.23128164,2.5096543,4.3385859,0.047789894,0.065618493,0.99669957,0
0.82762456,2.7811759,-1.4199905,0.25905275,0.96288311,-0.075813249,0
0.95551592,0.00093865395,-2.7045264,0.96468008,-0.26182097,-0.029017435,0
0.98218524,-0.40137404,1.8121097,0.96468008,-0.26182097,-0.029017435,0
1.309042,3.0491517,3.6284919,0.25905275,0.96288311,-0.075813249,0
0.15070081,-3.0941794,-1.5336019,0.96468008,-0.26182097,-0.029017435,0
-0.65568638,-3.1643386,-2.858942,-0.25905275,-0.96288311,0.075813249,0
-0.44133019,-3.2348642,-3.0222185,-0.25905275,-0.96288311,0.075813249,0
-0.29389453,2.8234487,-0.78407973,-0.96468008,0.26182097,0.029017435,0
-0.5959478,-1.4847414,-4.388576,-0.047789894,-0.065618493,-0.99669957,0
-0.055484533,-3.2058139,-1.3348281,-0.25905275,-0.96288311,0.075813249,0
1.0496652,3.0864489,3.2159088,0.25905275,0.96288311,-0.075813249,0
1.2598554,0.87585461,-0.48107302,0.96468008,-0.26182097,-0.029017435,0
1.8677139,2.6764355,3.4806695,0.96468008,-0.26182097,-0.029017435,0
0.65045857,2.1946878,-4.690577,-0.047789894,-0.065618493,-0.99669957,0
0.10866165,3.1576605,0.90495229,0.25905275,0.96288311,-0.075813249,0
-1.178098,-2.9472649,-1.8870237,-0.25905275,-0.96288311,0.075813249,0
-1.4189065,-3.0555823,-4.0855703,-0.25905275,-0.96288311,0.075813249,0
1.8428581,2.9304702,3.945199,0.25905275,0.96288311,-0.075813249,0
-0.20597506,2.9853797,-2.3582466,0.25905275,0.96288311,-0.075813249,0
-0.6754384,-0.48905301,4.5794835,0.047789894,0.065618493,0.99669957,0
-0.013729572,-2.9350252,2.2470586,-0.25905275,-0.96288311,0.075813249,0
-0.37784076,-3.0476642,-0.427697,-0.25905275,-0.96288311,0.075813249,0
0.057840824,1.5302284,-4.6184168,-0.047789894,-0.065618493,-0.99669957,0
-0.66927361,-3.0352433,-1.2657661,-0.25905275,-0.96288311,0.075813249,0
-0.15675604,-0.77930993,4.5737228,0.047789894,0.065618493,0.99669957,0
0.59244061,3.1545196,2.5181239,0.25905275,0.96288311,-0.075813249,0
0.81350243,-0.40022856,-3.8060572,0.96468008,-0.26182097,-0.029017435,0
-0.59571636,1.9224749,-4.6129041,-0.047789894,-0.065618493,-0.99669957,0
-0.89263952,0.47988451,-4.5036926,-0.047789894,-0.065618493,-0.99669957,0
1.4222345,1.533186,-1.0138243,0.96468008,-0.26182097,-0.029017435,0
-0.46085846,-0.30451095,4.557045,0.047789894,0.065618493,0.99669957,0
0.027421713,-2.7714851,4.4647489,-0.25905275,-0.96288311,0.075813249,0
1.3005495,2.9452147,2.2794011,0.25905275,0.96288311,-0.075813249,0
0.94297385,-0.21517807,-1.1714888,0.96468008,-0.26182097,-0.029017435,0
-0.22060061,2.8419452,1.4856713,-0.96468008,0.26182097,0.029017435,0
-0.099056005,-3.4119534,-4.1018333,-0.25905275,-0.96288311,0.075813249,0
-1.3327894,-1.1460675,0.49448568,-0.96468008,0.26182097,0.029017435,0
1.0125855,0.036797404,-1.1308069,0.96468008,-0.26182097,-0.029017435,0
1.6670917,2.0312104,4.30124,0.047789894,0.065618493,0.99669957,0
0.60407841,-0.53687334,4.5212808,0.047789894,0.065618493,0.99669957,0
-1.4836998,-2.4691858,-4.2811985,-0.047789894,-0.065618493,-0.99669957,0
0.76287591,-0.36145043,-4.5276823,-0.047789894,-0.065618493,-0.99669957,0
-1.0402327,-0.21019495,1.7762238,-0.96468008,0.26182097,0.029017435,0
-0.094132841,1.3727069,4.42904,0.047789894,0.065618493,0.99669957,0
-0.86220241,-0.92643183,4.6172338,0.047789894,0.065618493,0.99669957,0
-1.3146391,-3.0279512,-3.3783548,-0.25905275,-0.96288311,0.075813249,0
-1.5396175,-1.7230557,-1.1753789,-0.96468008,0.26182097,0.029017435,0
0.4093194,-2.160723,4.6375265,0.047789894,0.065618493,0.99669957,0
0.058413744,-2.2615173,4.6609879,0.047789894,0.065618493,0.99669957,0
-1.7087986,-2.140496,-3.0332785,-0.96468008,0.26182097,0.029017435,0
-0.76103449,-3.0817468,-2.1699438,-0.25905275,-0.96288311,0.075813249,0
0.36339056,-1.1950052,4.5761504,0.047789894,0.065618493,0.99669957,0
1.5021911,2.0745676,-3.2405069,0.96468008,-0.26182097,-0.029017435,0
0.93666393,-0.6930905,2.9308822,0.96468008,-0.26182097,-0.029017435,0
-1.461136,-1.6969942,-4.333118,-0.047789894,-0.065618493,-0.99669957,0
-0.37896204,-3.073422,-0.75867331,-0.25905275,-0.96288311,0.075813249,0
-1.3071198,-1.0749437,0.70612812,-0.96468008,0.26182097,0.029017435,0
0.53061247,3.0798664,1.3587127,0.25905275,0.96288311,-0.075813249,0
1.1517936,1.8037841,4.34092,0.047789894,0.065618493,0.99669957,0
-1.2508032,-1.1822296,3.5463922,-0.96468008,0.26182097,0.029017435,0
0.83954847,-0.67180371,-0.48977274,0.96468008,-0.26182097,-0.029017435,0
-0.36471343,2.2787309,1.7764794,-0.96468008,0.26182097,0.029017435,0
0.040533543,-1.5087504,4.6122866,0.047789894,0.065618493,0.99669957,0
-1.4635824,-1.4141877,-4.3516197,-0.047789894,-0.065618493,-0.99669957,0
0.92274952,-0.17739397,-2.1847689,0.96468008,-0.26182097,-0.029017435,0
1.8665321,2.6461339,4.251193,0.047789894,0.065618493,0.99669957,0
-0.7498005,-0.39264992,-4.4530978,-0.047789894,-0.065618493,-0.99669957,0
0.10284352,-0.79424244,4.5622582,0.047789894,0.065618493,0.99669957,0
-0.66844416,-2.0016673,4.6787324,0.047789894,0.065618493,0.99669957,0
-0.74415129,0.99763751,0.72127873,-0.96468008,0.26182097,0.029017435,0
-1.4774612,-1.2772563,-4.3599691,-0.047789894,-0.065618493,-0.99669957,0
-0.035342693,-2.2845545,-4.3627996,-0.047789894,-0.065618493,-0.99669957,0
-0.11099565,2.5717313,4.3509102,0.047789894,0.065618493,0.99669957,0
1.168282,0.68497241,-1.8031013,0.96468008,-0.26182097,-0.029017435,0
0.86340201,-0.99160421,3.188756,0.96468008,-0.26182097,-0.029017435,0
-0.2963357,-2.9214096,-4.3083582,-0.047789894,-0.065618493,-0.99669957,0
-1.1398333,-1.9081469,-4.3346229,-0.047789894,-0.065618493,-0.99669957,0
0.0092740059,-3.0439296,0.94249421,-0.25905275,-0.96288311,0.075813249,0
-1.1754947,-2.6581578,1.7937433,-0.25905275,-0.96288311,0.075813249,0
-1.1037991,-2.9471979,-1.6322961,-0.25905275,-0.96288311,0.075813249,0
0.80667794,-0.92794991,0.72862577,0.96468008,-0.26182097,-0.029017435,0
-0.042553186,-2.9004622,2.5875437,-0.25905275,-0.96288311,0.075813249,0
0.1958375,-3.0691755,1.2593379,-0.25905275,-0.96288311,0.075813249,0
-0.15632021,1.4521986,-4.6030111,-0.047789894,-0.065618493,-0.99669957,0
-0.69769263,1.1139375,1.2164266,-0.96468008,0.26182097,0.029017435,0
-0.49467641,1.7951305,1.8193467,-0.96468008,0.26182097,0.029017435,0
1.1169004,1.4907231,-4.6665964,-0.047789894,-0.065618493,-0.99669957,0
-1.2200272,-2.5558639,2.9407804,-0.25905275,-0.96288311,0.075813249,0
-1.6199094,-2.0968633,-4.2991796,-0.047789894,-0.065618493,-0.99669957,0
0.87980485,-0.5093745,-0.61703593,0.96468008,-0.26182097,-0.029017435,0
0.64665127,3.1428585,2.5552592,0.25905275,0.96288311,-0.075813249,0
0.1266892,-1.0409166,4.5773549,0.047789894,0.065618493,0.99669957,0
-0.71504688,-2.9920022,-4.2836342,-0.047789894,-0.065618493,-0.99669957,0
1.4663773,1.7104224,-1.1454881,0.96468008,-0.26182097,-0.029017435,0
-0.39313102,2.6850519,-4.672823,-0.047789894,-0.065618493,-0.99669957,0
0.99701929,2.1291304,-4.7028785,-0.047789894,-0.065618493,-0.99669957,0
-0.57658947,1.5865521,0.97814095,-0.96468008,0.26182097,0.029017435,0
1.2269515,1.5918742,4.3512678,0.047789894,0.065618493,0.99669957,0
0.9190281,-0.69056088,4.5162973,0.047789894,0.065618493,0.99669957,0
1.0627718,2.7631755,-0.84511292,0.25905275,0.96288311,-0.075813249,0
0.39118123,-1.3246727,4.5833545,0.047789894,0.065618493,0.99669957,0
0.6391511,-1.0445328,-3.7888629,0.96468008,-0.26182097,-0.029017435,0
-0.77677071,-0.46163362,4.5825362,0.047789894,0.065618493,0.99669957,0
0.15734696,-2.8087506,4.4354029,-0.25905275,-0.96288311,0.075813249,0
0.99273694,0.7734282,-4.6134195,-0.047789894,-0.065618493,-0.99669957,0
-1.1686468,-2.5074854,3.7307823,-0.25905275,-0.96288311,0.075813249,0
0.64440012,2.9996781,0.7290709,0.25905275,0.96288311,-0.075813249,0
0.74748707,2.7973204,-1.4887702,0.25905275,0.96288311,-0.075813249,0
0.11444288,-0.85027587,-4.4644089,-0.047789894,-0.065618493,-0.99669957,0
0.74733984,-0.96323752,-0.92566127,0.96468008,-0.26182097,-0.029017435,0
0.50194561,1.2861146,-4.6236401,-0.047789894,-0.065618493,-0.99669957,0
1.5340705,2.3639905,-4.3046236,0.25905275,0.96288311,-0.075813249,0
-0.501508,2.1012077,-1.1694652,-0.96468008,0.26182097,0.029017435,0
-0.59052801,-0.87056255,4.6005287,0.047789894,0.065618493,0.99669957,0
-1.3075068,-2.3997881,4.6241364,-0.25905275,-0.96288311,0.075813249,0
-0.047081232,2.6521723,-4.6872506,-0.047789894,-0.065618493,-0.99669957,0
-0.73328531,1.0153905,0.92233205,-0.96468008,0.26182097,0.029017435,0
1.3821313,1.6712964,-3.5932026,0.96468008,-0.26182097,-0.029017435,0
0.99988437,2.854665,4.2790184,0.047789894,0.065618493,0.99669957,0
1.3864615,2.3033924,-4.7330236,-0.047789894,-0.065618493,-0.99669957,0
0.58751738,-0.031409606,4.4887972,0.047789894,0.065618493,0.99669957,0
1.4202087,1.2143059,1.7960353,0.96468008,-0.26182097,-0.029017435,0
-0.014382124,3.1357479,0.20620751,0.25905275,0.96288311,-0.075813249,0
1.1731181,0.18802518,2.8415654,0.96468008,-0.26182097,-0.029017435,0
1.8954542,2.8954232,3.6797919,0.25905275,0.96288311,-0.075813249,0
-0.99594069,-0.27930391,3.8722651,-0.96468008,0.26182097,0.029017435,0
0.50170314,1.0441426,4.422102,0.047789894,0.065618493,0.99669957,0
0.064701006,0.39488515,4.4858003,0.047789894,0.065618493,0.99669957,0
0.3291074,1.7838006,4.3816824,0.047789894,0.065618493,0.99669957,0
0.25705808,1.598217,4.3973546,0.047789894,0.065618493,0.99669957,0
-0.27126193,-2.9248304,-4.3093352,-0.047789894,-0.065618493,-0.99669957,0
-0.35196352,-2.1821871,4.6754422,0.047789894,0.065618493,0.99669957,0
0.11118031,3.1596799,0.93920577,0.25905275,0.96288311,-0.075813249,0
-0.80156374,-3.1136253,-2.7133074,-0.25905275,-0.96288311,0.075813249,0
-0.82991576,-0.92929298,4.6158733,0.047789894,0.065618493,0.99669957,0
0.50399899,2.2417262,-4.6866522,-0.047789894,-0.065618493,-0.99669957,0
-0.61297929,1.9209248,-3.2486465,-0.96468008,0.26182097,0.029017435,0
0.23030579,-0.88280249,4.5619769,0.047789894,0.065618493,0.99669957,0
-0.35248137,2.6325178,-1.0090508,-0.96468008,0.26182097,0.029017435,0
-1.7599409,-2.8923917,-3.178246,-0.25905275,-0.96288311,0.075813249,0
-1.6142402,-1.8409979,-2.59202,-0.96468008,0.26182097,0.029017435,0
1.6129951,2.3833418,-2.3428645,0.96468008,-0.26182097,-0.029017435,0
0.93589926,-0.26077503,-0.99527156,0.96468008,-0.26182097,-0.029017435,0
1.1383264,3.1111705,3.8328424,0.25905275,0.96288311,-0.075813249,0
-0.37031332,0.35178006,4.5094962,0.047789894,0.065618493,0.99669957,0
-1.3955039,-0.98732394,-3.0227687,-0.96468008,0.26182097,0.029017435,0
-1.3895969,-2.3875289,4.4993372,-0.25905275,-0.96288311,0.075813249,0
-0.39469826,-0.30993015,4.5542293,0.047789894,0.065618493,0.99669957,0
-1.7311277,-2.2887321,-2.4380751,-0.96468008,0.26182097,0.029017435,0
0.033315897,2.9349158,-2.1815214,0.25905275,0.96288311,-0.075813249,0
1.0808136,0.22267079,-0.53968453,0.96468008,-0.26182097,-0.029017435,0
-0.17183328,-3.1029303,-0.42569649,-0.25905275,-0.96288311,0.075813249,0
-0.59205645,1.2028075,3.9264216,-0.96468008,0.26182097,0.029017435,0
-0.88824677,-3.0023463,-4.2746477,-0.047789894,-0.065618493,-0.99669957,0
0.9442116,0.15597177,-4.4791803,0.96468008,-0.26182097,-0.029017435,0
0.68206555,-1.1405011,-1.4962676,0.96468008,-0.26182097,-0.029017435,0
0.97987986,2.7675798,-1.0724132,0.25905275,0.96288311,-0.075813249,0
0.040726185,-2.5249209,4.6791773,0.047789894,0.065618493,0.99669957,0
-0.10619354,-2.7459488,-4.3290267,-0.047789894,-0.065618493,-0.99669957,0
-0.97776717,0.45122167,-4.497725,-0.047789894,-0.065618493,-0.99669957,0
0.52397025,-2.0247066,1.2259599,0.96468008,-0.26182097,-0.029017435,0
1.6725345,2.416322,-0.66106927,0.96468008,-0.26182097,-0.029017435,0
-1.8858693,-2.8910699,-3.5917501,-0.25905275,-0.96288311,0.075813249,0
-1.0293825,-0.28246742,-4.4469471,-0.047789894,-0.065618493,-0.99669957,0
1.2211868,2.2853425,4.3058891,0.047789894,0.065618493,0.99669957,0
-1.0032136,-3.1153762,-3.4245827,-0.25905275,-0.96288311,0.075813249,0
-0.20857513,-1.9532787,-4.3763032,-0.047789894,-0.065618493,-0.99669957,0
1.7854261,2.796088,2.0421982,0.25905275,0.96288311,-0.075813249,0
0.31060624,-2.9253776,3.4778407,-0.25905275,-0.96288311,0.075813249,0
-0.33784199,-1.3942889,4.6228929,0.047789894,0.065618493,0.99669957,0
-0.32533813,-2.9159992,1.4239446,-0.25905275,-0.96288311,0.075813249,0
-0.68308735,1.2046031,0.88391429,-0.96468008,0.26182097,0.029017435,0
-0.27549767,-2.4822195,4.6915283,0.047789894,0.065618493,0.99669957,0
0.30918574,2.7259581,-3.8927896,0.25905275,0.96288311,-0.075813249,0
-1.1723001,-2.4592414,4.3310351,-0.25905275,-0.96288311,0.075813249,0
-1.696691,-2.3875585,-0.40154338,-0.96468008,0.26182097,0.029017435,0
-1.3096085,-1.1835148,1.6030217,-0.96468008,0.26182097,0.029017435,0
-0.096263647,-2.9832973,1.3519487,-0.25905275,-0.96288311,0.075813249,0
0.54252255,-1.9416265,1.0931071,0.96468008,-0.26182097,-0.029017435,0
0.29966399,-0.79081559,-4.4772043,-0.047789894,-0.065618493,-0.99669957,0
-0.34193301,-2.9946241,0.36864376,-0.25905275,-0.96288311,0.075813249,0
-0.65826237,0.59798431,-4.522706,-0.047789894,-0.065618493,-0.99669957,0
1.5832801,2.3396063,-2.9361112,0.96468008,-0.26182097,-0.029017435,0
-0.26294202,-0.850815,-4.4462781,-0.047789894,-0.065618493,-0.99669957,0
1.3682454,2.7139177,4.2706227,0.047789894,0.065618493,0.99669957,0
