0.79462659,1.2244401,-1.4084949,-0.42771345,0.88550794,-0.18148521,0
4.6376228,1.3763185,-0.69753742,0.3996619,0.0051752478,-0.91664797,0
-0.78346777,-1.8320215,-1.5823331,0.42771345,-0.88550794,0.18148521,0
3.7530732,2.5212703,2.2065439,0.81075984,0.46459541,0.35611731,0
-1.0999789,-1.3211536,1.6562431,0.42771345,-0.88550794,0.18148521,0
1.2642308,1.5140783,3.287086,-0.3996619,-0.0051752478,0.91664797,0
-4.2763395,-2.994391,-0.39800262,-0.81075984,-0.46459541,-0.35611731,0
4.1380291,2.3907528,1.5004027,0.81075984,0.46459541,0.35611731,0
3.9851584,1.5999464,2.8801351,0.81075984,0.46459541,0.35611731,0
1.0429415,0.38452548,3.1842256,-0.3996619,-0.0051752478,0.91664797,0
4.6955004,1.6312526,1.2220814,0.81075984,0.46459541,0.35611731,0
1.0714272,0.24234545,3.1958425,-0.3996619,-0.0051752478,0.91664797,0
4.6179066,2.944453,-0.69727945,0.3996619,0.0051752478,-0.91664797,0
-4.1710258,-2.4818377,-1.3064508,-0.81075984,-0.46459541,-0.35611731,0
0.37915015,0.81068027,-2.4481547,-0.42771345,0.88550794,-0.18148521,0
-3.4495206,-2.9914558,-2.2842207,-0.81075984,-0.46459541,-0.35611731,0
0.22179413,0.70510036,2.8280122,-0.3996619,-0.0051752478,0.91664797,0
-4.5055485,-1.0141878,0.15985966,-0.42771345,0.88550794,-0.18148521,0
3.8717079,1.784036,2.8982577,0.81075984,0.46459541,0.35611731,0
2.430378,0.11091733,-1.6670482,0.3996619,0.0051752478,-0.91664797,0
-3.6729362,-3.1910298,-1.5152111,-0.81075984,-0.46459541,-0.35611731,0
2.5057073,1.3397399,3.8273897,-0.3996619,-0.0051752478,0.91664797,0
-5.2516708,-1.3460621,0.29898787,-0.42771345,0.88550794,-0.18148521,0
1.476707,-0.332533,0.40737188,0.42771345,-0.88550794,0.18148521,0
1.90382,-0.23602247,-0.12832606,0.42771345,-0.88550794,0.18148521,0
4.2796998,1.4368553,2.4223344,0.81075984,0.46459541,0.35611731,0
3.7133982,2.3350618,2.5398009,0.81075984,0.46459541,0.35611731,0
3.7376056,2.5305214,2.2296889,0.81075984,0.46459541,0.35611731,0
-2.6833584,-0.95438153,-3.8427587,-0.42771345,0.88550794,-0.18148521,0
4.1981001,1.0733733,0.85349393,0.42771345,-0.88550794,0.18148521,0
-3.7944663,-2.2122202,-2.5154958,-0.81075984,-0.46459541,-0.35611731,0
-2.1431079,-0.3639971,-2.2353678,-0.42771345,0.88550794,-0.18148521,0
-1.0521088,-2.0472155,-3.1976097,0.3996619,0.0051752478,-0.91664797,0
1.7328671,-0.12976944,0.79299885,0.42771345,-0.88550794,0.18148521,0
3.1009562,3.1437714,2.5209436,-0.42771345,0.88550794,-0.18148521,0
0.4910112,1.2959116,-0.34422618,-0.42771345,0.88550794,-0.18148521,0
-0.5997622,-1.9458642,-2.9998128,0.3996619,0.0051752478,-0.91664797,0
3.6542637,2.2641573,-1.1212726,0.3996619,0.0051752478,-0.91664797,0
4.3988953,1.6635841,1.8551714,0.81075984,0.46459541,0.35611731,0
-4.5115647,-1.780579,-1.4460278,-0.81075984,-0.46459541,-0.35611731,0
4.3834004,2.2617726,1.1100435,0.81075984,0.46459541,0.35611731,0
5.1204023,1.8046368,0.028524399,0.81075984,0.46459541,0.35611731,0
2.7429903,0.47165513,-1.5287117,0.3996619,0.0051752478,-0.91664797,0
-1.5386287,-1.2295913,-3.4051182,0.3996619,0.0051752478,-0.91664797,0
4.470953,1.5672041,-0.76912761,0.3996619,0.0051752478,-0.91664797,0
3.6517611,2.6666822,2.2474904,0.81075984,0.46459541,0.35611731,0
-0.8686626,-1.15048,-3.1125636,0.3996619,0.0051752478,-0.91664797,0
-5.0135775,-2.2330329,0.28716469,-0.81075984,-0.46459541,-0.35611731,0
4.6950874,1.5621917,-0.67143297,0.3996619,0.0051752478,-0.91664797,0
3.7798495,2.2718654,2.4709592,0.81075984,0.46459541,0.35611731,0
2.032347,1.8007026,3.6236055,-0.3996619,-0.0051752478,0.91664797,0
2.9486756,3.0705357,2.5224936,-0.42771345,0.88550794,-0.18148521,0
1.8579644,1.8714938,-0.75738358,-0.42771345,0.88550794,-0.18148521,0
-5.1878405,-1.6550925,-0.07008791,-0.81075984,-0.46459541,-0.35611731,0
2.5625997,2.3294289,-0.18365479,-0.42771345,0.88550794,-0.18148521,0
-0.36912674,-1.2281044,0.38782382,0.42771345,-0.88550794,0.18148521,0
4.8212051,2.1297948,-0.61324024,0.3996619,0.0051752478,-0.91664797,0
2.5736032,2.8483753,2.3224721,-0.42771345,0.88550794,-0.18148521,0
1.3217739,-0.078440189,2.0122852,0.42771345,-0.88550794,0.18148521,0
-2.2209663,0.061699986,0.025198102,-0.42771345,0.88550794,-0.18148521,0
-4.3916149,-2.843936,-0.33184338,-0.81075984,-0.46459541,-0.35611731,0
-0.9406321,0.15415704,2.3180795,-0.3996619,-0.0051752478,0.91664797,0
0.61558461,1.9168788,2.3920281,-0.42771345,0.88550794,-0.18148521,0
-0.37140465,1.424003,2.5734339,-0.3996619,-0.0051752478,0.91664797,0
2.0141234,2.0377116,3.6169984,-0.3996619,-0.0051752478,0.91664797,0
-1.0075114,-0.23884687,2.286701,-0.3996619,-0.0051752478,0.91664797,0
-3.7501764,-1.4655598,-3.5904324,-0.81075984,-0.46459541,-0.35611731,0
-4.7564344,-2.756556,0.38473129,-0.81075984,-0.46459541,-0.35611731,0
1.0263046,-0.87079835,-1.1574682,0.42771345,-0.88550794,0.18148521,0
-2.7711904,-0.58153164,-1.8165416,-0.42771345,0.88550794,-0.18148521,0
5.2645683,1.4890354,0.11204195,0.81075984,0.46459541,0.35611731,0
-1.5084429,-0.72258908,2.065562,-0.3996619,-0.0051752478,0.91664797,0
-2.7998242,-0.4634524,1.5039777,-0.3996619,-0.0051752478,0.91664797,0
3.8839159,2.626159,1.7718201,0.81075984,0.46459541,0.35611731,0
3.4182696,1.984377,3.6692176,0.81075984,0.46459541,0.35611731,0
-1.1073223,-0.27287793,-3.2116652,0.3996619,0.0051752478,-0.91664797,0
-1.4137979,-0.7357626,2.1067533,-0.3996619,-0.0051752478,0.91664797,0
-2.1408815,-0.22532296,1.7926235,-0.3996619,-0.0051752478,0.91664797,0
1.9724452,-0.14905238,-1.8681761,0.3996619,0.0051752478,-0.91664797,0
4.4331312,3.0951138,-0.77699232,0.3996619,0.0051752478,-0.91664797,0
-2.4399085,-2.0024436,-3.8024433,0.3996619,0.0051752478,-0.91664797,0
1.8797373,0.30718374,2.5788584,0.42771345,-0.88550794,0.18148521,0
-2.9249845,-2.5480506,-4.0170183,0.3996619,0.0051752478,-0.91664797,0
-3.3995042,-2.3378108,-3.2508454,-0.81075984,-0.46459541,-0.35611731,0
4.2851086,2.4855235,1.0419116,0.81075984,0.46459541,0.35611731,0
0.9386754,0.2033952,-2.3169138,0.3996619,0.0051752478,-0.91664797,0
-3.6035612,-0.43785739,0.84615898,-0.42771345,0.88550794,-0.18148521,0
-0.81229949,0.076335937,2.3735936,-0.3996619,-0.0051752478,0.91664797,0
-4.8103418,-2.048543,-0.41622305,-0.81075984,-0.46459541,-0.35611731,0
-1.0356117,-1.5961277,0.16288579,0.42771345,-0.88550794,0.18148521,0
2.0670347,1.5137205,3.637109,-0.3996619,-0.0051752478,0.91664797,0
2.5934045,0.77674258,-1.5922087,0.3996619,0.0051752478,-0.91664797,0
3.010695,2.6164069,3.7725739,0.81075984,0.46459541,0.35611731,0
-0.6499815,0.90960252,0.45990631,-0.42771345,0.88550794,-0.18148521,0
2.9786625,0.74531692,2.1267297,0.42771345,-0.88550794,0.18148521,0
-1.1355474,-0.87592626,-3.2273765,0.3996619,0.0051752478,-0.91664797,0
-3.9869328,-1.7802253,-2.6409009,-0.81075984,-0.46459541,-0.35611731,0
2.8626382,0.52261174,-1.4762566,0.3996619,0.0051752478,-0.91664797,0
1.1453516,0.012785017,-2.2278786,0.3996619,0.0051752478,-0.91664797,0
2.908927,2.9703622,3.5424898,0.81075984,0.46459541,0.35611731,0
4.7181358,1.9211763,0.79231071,0.81075984,0.46459541,0.35611731,0
-0.48618138,-1.2727144,-2.9464908,0.3996619,0.0051752478,-0.91664797,0
-2.7460909,-1.8657594,1.5194888,-0.3996619,-0.0051752478,0.91664797,0
-2.8546495,-2.9848492,-3.6471627,-0.81075984,-0.46459541,-0.35611731,0
3.5575552,2.2610493,2.9911606,0.81075984,0.46459541,0.35611731,0
3.6399519,1.6346147,3.6208258,0.81075984,0.46459541,0.35611731,0
3.8465264,2.8199358,1.6041389,0.81075984,0.46459541,0.35611731,0
-3.2828286,-3.1443014,-2.464318,-0.81075984,-0.46459541,-0.35611731,0
-0.73081136,0.89790893,0.59334475,-0.42771345,0.88550794,-0.18148521,0
4.264626,2.4728248,1.1051114,0.81075984,0.46459541,0.35611731,0
0.40347207,1.0175388,2.9089885,-0.3996619,-0.0051752478,0.91664797,0
-0.17279816,-0.2239154,-2.8039329,0.3996619,0.0051752478,-0.91664797,0
-3.2451382,-0.27523172,0.79493666,-0.42771345,0.88550794,-0.18148521,0
-0.21729755,-1.4322331,-2.8301568,0.3996619,0.0051752478,-0.91664797,0
-2.6360512,-1.5324752,-3.8853083,0.3996619,0.0051752478,-0.91664797,0
4.3461275,1.5285962,2.1514137,0.81075984,0.46459541,0.35611731,0
-1.9122655,0.41131508,1.8958956,-0.3996619,-0.0051752478,0.91664797,0
1.7934783,0.24681836,2.4876118,0.42771345,-0.88550794,0.18148521,0
4.4824538,2.4858387,0.59221315,0.81075984,0.46459541,0.35611731,0
4.8908434,1.8510731,0.49057102,0.81075984,0.46459541,0.35611731,0
-2.648314,-0.63894874,-2.3862798,-0.42771345,0.88550794,-0.18148521,0
1.0857328,-0.97520971,-1.8069711,0.42771345,-0.88550794,0.18148521,0
-0.21036911,0.026334301,-2.8189013,0.3996619,0.0051752478,-0.91664797,0
-1.2829669,-1.3783504,-3.2944884,0.3996619,0.0051752478,-0.91664797,0
-4.6060781,-2.2888401,-0.56776905,-0.81075984,-0.46459541,-0.35611731,0
3.5909717,3.1683421,1.7314162,0.81075984,0.46459541,0.35611731,0
-3.7357793,-1.6118083,-3.4324119,-0.81075984,-0.46459541,-0.35611731,0
4.7280397,1.0578004,-0.47141862,0.42771345,-0.88550794,0.18148521,0
-1.4180641,-2.1966002,-3.3580112,0.3996619,0.0051752478,-0.91664797,0
-0.39023399,-0.10078032,-2.8980405,0.3996619,0.0051752478,-0.91664797,0
-4.8357663,-2.5743032,0.32757235,-0.81075984,-0.46459541,-0.35611731,0
4.4725542,1.9393696,1.3276823,0.81075984,0.46459541,0.35611731,0
-3.0956764,-3.0338445,-3.0345049,-0.81075984,-0.46459541,-0.35611731,0
-3.6172676,-2.2153981,-2.9147727,-0.81075984,-0.46459541,-0.35611731,0
-3.0545187,-0.46874714,-0.59850931,-0.42771345,0.88550794,-0.18148521,0
2.5643473,1.838112,-1.5988855,0.3996619,0.0051752478,-0.91664797,0
2.296828,1.894019,3.7394474,-0.3996619,-0.0051752478,0.91664797,0
4.7796068,1.5448016,1.1433849,0.81075984,0.46459541,0.35611731,0
2.1025457,0.52804959,3.131412,0.42771345,-0.88550794,0.18148521,0
-2.6771505,-2.990742,-3.9114611,0.3996619,0.0051752478,-0.91664797,0
-3.9828291,-3.1310525,-0.88793659,-0.81075984,-0.46459541,-0.35611731,0
-4.375443,-2.0381787,-1.4198642,-0.81075984,-0.46459541,-0.35611731,0
5.0751386,2.2789583,-0.48723269,0.81075984,0.46459541,0.35611731,0
1.5999808,0.80367756,3.4294629,-0.3996619,-0.0051752478,0.91664797,0
-1.6566159,0.52495015,0.95547372,-0.42771345,0.88550794,-0.18148521,0
0.095343947,0.95398271,-1.0800916,-0.42771345,0.88550794,-0.18148521,0
-5.0802536,-1.4550643,-0.57598495,-0.81075984,-0.46459541,-0.35611731,0
-0.76629227,-1.6661463,-0.81346667,0.42771345,-0.88550794,0.18148521,0
-3.4423051,-0.34795165,0.90479183,-0.42771345,0.88550794,-0.18148521,0
-1.8577329,-1.9233706,-3.5481656,0.3996619,0.0051752478,-0.91664797,0
3.5276339,1.0463959,-1.1833591,0.3996619,0.0051752478,-0.91664797,0
-2.0502138,-0.32237929,1.8316075,-0.3996619,-0.0051752478,0.91664797,0
0.31606936,-1.0015559,-2.5951755,0.3996619,0.0051752478,-0.91664797,0
-2.1616328,-0.5709427,-3.2014441,-0.42771345,0.88550794,-0.18148521,0
3.2746909,1.6669307,4.1645169,-0.3996619,-0.0051752478,0.91664797,0
-1.9242268,-1.8939607,0.80392432,0.42771345,-0.88550794,0.18148521,0
-3.7842534,-1.0351212,-1.6421828,-0.42771345,0.88550794,-0.18148521,0
0.35691047,0.89775378,-1.9708891,-0.42771345,0.88550794,-0.18148521,0
-1.2146988,0.61124253,0.33503085,-0.42771345,0.88550794,-0.18148521,0
-2.90713,-1.0802889,-3.9297175,-0.42771345,0.88550794,-0.18148521,0
0.98309636,1.410275,3.163924,-0.3996619,-0.0051752478,0.91664797,0
-3.8138471,-0.84582406,-0.64881539,-0.42771345,0.88550794,-0.18148521,0
4.0254054,0.99531215,0.87961221,0.42771345,-0.88550794,0.18148521,0
3.5036156,3.1632423,1.6669815,-0.42771345,0.88550794,-0.18148521,0
3.6751618,1.5570614,-1.1161532,0.3996619,0.0051752478,-0.91664797,0
0.42057705,-0.086639374,2.910212,-0.3996619,-0.0051752478,0.91664797,0
-1.6910809,-2.21398,-3.4771454,0.3996619,0.0051752478,-0.91664797,0
-2.9299011,-0.30290532,-0.083019495,-0.42771345,0.88550794,-0.18148521,0
3.4655981,1.5966278,4.0673294,0.81075984,0.46459541,0.35611731,0
2.335237,2.0070729,3.7568316,-0.3996619,-0.0051752478,0.91664797,0
-1.2766879,-0.082238674,-2.9025307,-0.42771345,0.88550794,-0.18148521,0
4.8426657,2.2587438,-0.60315609,0.3996619,0.0051752478,-0.91664797,0
-0.69625938,-0.45137554,-3.0334482,0.3996619,0.0051752478,-0.91664797,0
4.4274449,1.7275467,1.706728,0.81075984,0.46459541,0.35611731,0
-4.842752,-2.0340049,-0.36140299,-0.81075984,-0.46459541,-0.35611731,0
4.4577379,2.8191791,0.21360254,0.81075984,0.46459541,0.35611731,0
-2.556057,-2.7513847,-3.8573124,0.3996619,0.0051752478,-0.91664797,0
1.4742856,2.0311162,0.92568326,-0.42771345,0.88550794,-0.18148521,0
2.9711936,0.51336843,-1.4289784,0.3996619,0.0051752478,-0.91664797,0
-1.7562718,-1.4506471,-3.5012593,0.3996619,0.0051752478,-0.91664797,0
4.4397058,2.7992661,0.28063345,0.81075984,0.46459541,0.35611731,0
0.93437105,1.8857071,1.4886363,-0.42771345,0.88550794,-0.18148521,0
2.8425226,2.5790923,3.9812398,-0.3996619,-0.0051752478,0.91664797,0
3.2866735,2.4034452,3.4220953,0.81075984,0.46459541,0.35611731,0
-0.94389951,-0.84605622,-3.1436484,0.3996619,0.0051752478,-0.91664797,0
-1.302011,0.65684843,0.7633239,-0.42771345,0.88550794,-0.18148521,0
-2.7281017,-0.17202652,0.079978943,-0.42771345,0.88550794,-0.18148521,0
3.9282384,0.88035762,-1.0096314,0.3996619,0.0051752478,-0.91664797,0
-0.40424228,0.93875366,2.5563772,-0.3996619,-0.0051752478,0.91664797,0
-4.6368999,-2.1074443,0.69372463,-0.3996619,-0.0051752478,0.91664797,0
-0.90507054,-1.5198128,-3.1305227,0.3996619,0.0051752478,-0.91664797,0
2.2970562,2.6097634,3.7435873,-0.3996619,-0.0051752478,0.91664797,0
-2.7669654,-1.3238287,1.513447,-0.3996619,-0.0051752478,0.91664797,0
-3.2309339,-0.82990706,-1.9449257,-0.42771345,0.88550794,-0.18148521,0
0.72369695,0.96260953,-2.406359,0.3996619,0.0051752478,-0.91664797,0
-2.5516624,-1.9200784,1.6039536,-0.3996619,-0.0051752478,0.91664797,0
4.3478017,3.1903086,-0.19048214,-0.42771345,0.88550794,-0.18148521,0
-3.3646574,-2.9424567,-2.5413511,-0.81075984,-0.46459541,-0.35611731,0
-2.447155,-2.8185594,-2.4749985,0.42771345,-0.88550794,0.18148521,0
-4.7734613,-2.4871669,0.07204771,-0.81075984,-0.46459541,-0.35611731,0
-0.58257139,-1.3805499,-2.9891257,0.3996619,0.0051752478,-0.91664797,0
-1.308763,0.68174636,0.90072066,-0.42771345,0.88550794,-0.18148521,0
-4.4830608,-1.5967565,-1.7507386,-0.81075984,-0.46459541,-0.35611731,0
4.4443712,2.3424275,0.86600971,0.81075984,0.46459541,0.35611731,0
0.4201799,-0.87592089,0.2460171,0.42771345,-0.88550794,0.18148521,0
-5.0858622,-2.2510004,0.47517395,-0.81075984,-0.46459541,-0.35611731,0
1.90641,-0.44322658,-1.8986287,0.3996619,0.0051752478,-0.91664797,0
3.3092902,2.6251559,-0.50048995,-0.42771345,0.88550794,-0.18148521,0
-2.8792205,-0.88439202,-3.0396681,-0.42771345,0.88550794,-0.18148521,0
-5.0854568,-1.4712458,-0.54302788,-0.81075984,-0.46459541,-0.35611731,0
-3.8450384,-2.7301214,-1.7246997,-0.81075984,-0.46459541,-0.35611731,0
4.2047791,2.3266845,1.4320199,0.81075984,0.46459541,0.35611731,0
-2.9076874,-3.026403,-2.4037592,0.42771345,-0.88550794,0.18148521,0
-1.5995563,0.13987589,-1.0578656,-0.42771345,0.88550794,-0.18148521,0
2.8725793,0.74258906,2.36343,0.42771345,-0.88550794,0.18148521,0
3.2658641,0.72937495,1.3720851,0.42771345,-0.88550794,0.18148521,0
1.7606441,2.1816125,0.98511517,-0.42771345,0.88550794,-0.18148521,0
2.4755397,1.7986073,3.8168273,-0.3996619,-0.0051752478,0.91664797,0
-3.6672187,-1.0001175,-1.7472122,-0.42771345,0.88550794,-0.18148521,0
2.2216721,1.9439992,3.7069607,-0.3996619,-0.0051752478,0.91664797,0
-0.2557261,0.39137661,-2.836616,0.3996619,0.0051752478,-0.91664797,0
2.3051801,0.59399527,2.9756193,0.42771345,-0.88550794,0.18148521,0
-4.4050732,-1.2055824,0.79989409,-0.3996619,-0.0051752478,0.91664797,0
-4.1263742,-2.4114225,-1.4999702,-0.81075984,-0.46459541,-0.35611731,0
-4.1506219,-1.8822873,-2.1350846,-0.81075984,-0.46459541,-0.35611731,0
3.2409215,0.55275458,-1.3111539,0.3996619,0.0051752478,-0.91664797,0
-0.64550209,-1.3107076,-3.0161695,0.3996619,0.0051752478,-0.91664797,0
3.3321202,2.5633962,-0.85563517,-0.42771345,0.88550794,-0.18148521,0
-2.482625,-0.5286833,1.6419095,-0.3996619,-0.0051752478,0.91664797,0
3.5085623,0.89156157,-1.1925483,0.3996619,0.0051752478,-0.91664797,0
2.6737492,2.2790532,-0.69139981,-0.42771345,0.88550794,-0.18148521,0
2.1200314,-0.14301276,-0.18406439,0.42771345,-0.88550794,0.18148521,0
-4.648243,-2.9062743,0.33374071,-0.81075984,-0.46459541,-0.35611731,0
-0.76750231,-1.4444077,0.27129745,0.42771345,-0.88550794,0.18148521,0
2.7864943,0.61005253,1.919634,0.42771345,-0.88550794,0.18148521,0
1.667868,-0.1792078,0.70496368,0.42771345,-0.88550794,0.18148521,0
-3.6301403,-1.9977552,-3.169405,-0.81075984,-0.46459541,-0.35611731,0
-1.6769493,-0.86590564,1.9912832,-0.3996619,-0.0051752478,0.91664797,0
0.67718351,1.8071364,3.0327854,-0.3996619,-0.0051752478,0.91664797,0
-0.9360826,-0.26702654,2.3176854,-0.3996619,-0.0051752478,0.91664797,0
1.7205353,1.6008503,-1.7540282,-0.42771345,0.88550794,-0.18148521,0
3.3701687,1.1885341,3.3666096,0.42771345,-0.88550794,0.18148521,0
-3.6740324,-3.0025382,-1.7586246,-0.81075984,-0.46459541,-0.35611731,0
0.73047066,0.49777734,-2.4060297,0.3996619,0.0051752478,-0.91664797,0
-4.3938036,-1.6595057,-1.8720849,-0.81075984,-0.46459541,-0.35611731,0
-3.0586507,-2.52633,-3.78091,-0.81075984,-0.46459541,-0.35611731,0
-3.449472,-2.9077468,-2.393539,-0.81075984,-0.46459541,-0.35611731,0
-4.831162,-2.4007239,0.090636253,-0.81075984,-0.46459541,-0.35611731,0
4.529798,2.0477762,1.0559275,0.81075984,0.46459541,0.35611731,0
-3.0862963,-0.27310503,1.3801498,-0.3996619,-0.0051752478,0.91664797,0
-1.239527,-1.6995506,0.13883686,0.42771345,-0.88550794,0.18148521,0
2.8450897,2.8917246,3.7904181,0.81075984,0.46459541,0.35611731,0
2.5811436,-0.12377703,-1.602639,0.3996619,0.0051752478,-0.91664797,0
2.8163753,0.79805928,2.7665403,0.42771345,-0.88550794,0.18148521,0
0.38664484,-1.4266995,-2.5668046,0.3996619,0.0051752478,-0.91664797,0
-0.024055958,0.56198168,-2.7113595,-0.42771345,0.88550794,-0.18148521,0
1.3230782,0.91281509,3.3093488,-0.3996619,-0.0051752478,0.91664797,0
1.4799721,-0.087212086,1.5966536,0.42771345,-0.88550794,0.18148521,0
4.4979372,3.2158833,-0.39546394,0.81075984,0.46459541,0.35611731,0
-2.3138437,-2.7904561,-2.652055,0.42771345,-0.88550794,0.18148521,0
3.0238411,0.42045927,-1.4065486,0.3996619,0.0051752478,-0.91664797,0
0.12396646,1.5000508,2.7898471,-0.3996619,-0.0051752478,0.91664797,0
1.8732665,-0.22894812,-0.021801591,0.42771345,-0.88550794,0.18148521,0
-1.6667883,-0.30864659,1.9988601,-0.3996619,-0.0051752478,0.91664797,0
0.49513185,-1.3244202,-2.1189547,0.42771345,-0.88550794,0.18148521,0
3.354526,2.4789076,3.169168,0.81075984,0.46459541,0.35611731,0
-3.1178677,-1.0269449,-3.1727858,-0.42771345,0.88550794,-0.18148521,0
1.9693973,2.1018429,0.10392523,-0.42771345,0.88550794,-0.18148521,0
3.2873015,2.2551172,-1.2813208,0.3996619,0.0051752478,-0.91664797,0
-3.354743,-3.0809941,-1.6165276,0.42771345,-0.88550794,0.18148521,0
-3.0421414,-2.9517455,-3.2634926,-0.81075984,-0.46459541,-0.35611731,0
-2.9401886,-3.1562848,-3.2287607,-0.81075984,-0.46459541,-0.35611731,0
4.2676792,2.6426065,0.8766613,0.81075984,0.46459541,0.35611731,0
2.9866765,1.979908,-1.4139481,0.3996619,0.0051752478,-0.91664797,0
2.165318,1.0888443,3.6775625,-0.3996619,-0.0051752478,0.91664797,0
-4.6484308,-2.629014,-0.02755022,-0.81075984,-0.46459541,-0.35611731,0
-3.4693553,-2.9142356,-2.3398063,-0.81075984,-0.46459541,-0.35611731,0
-2.2431185,-2.3028965,-0.43982244,0.42771345,-0.88550794,0.18148521,0
3.82182,2.7053299,1.8099029,0.81075984,0.46459541,0.35611731,0
1.7736516,2.0889707,0.50243998,-0.42771345,0.88550794,-0.18148521,0
4.4793139,1.60376,1.7501333,0.81075984,0.46459541,0.35611731,0
-3.429564,-1.1830504,-3.1998739,-0.42771345,0.88550794,-0.18148521,0
-0.8178423,-1.4924865,0.15534866,0.42771345,-0.88550794,0.18148521,0
0.17279398,-0.87206119,0.8478744,0.42771345,-0.88550794,0.18148521,0
4.6750326,2.6546898,-0.066510201,0.81075984,0.46459541,0.35611731,0
-1.1201113,-2.2944694,-3.2286551,0.3996619,0.0051752478,-0.91664797,0
-0.8860271,0.58829474,2.3443384,-0.3996619,-0.0051752478,0.91664797,0
-4.6189251,-1.6887975,-1.3213449,-0.81075984,-0.46459541,-0.35611731,0
0.38741982,1.6387513,1.5727048,-0.42771345,0.88550794,-0.18148521,0
-3.1364164,-2.6947799,-0.2466383,0.42771345,-0.88550794,0.18148521,0
0.64252853,-0.55178225,1.3035458,0.42771345,-0.88550794,0.18148521,0
4.2210627,1.8589375,2.0051751,0.81075984,0.46459541,0.35611731,0
4.243072,2.5802627,1.0140181,0.81075984,0.46459541,0.35611731,0
4.5169764,1.4387591,1.8796504,0.81075984,0.46459541,0.35611731,0
-2.5346992,-2.6907301,-1.6449718,0.42771345,-0.88550794,0.18148521,0
-2.5617638,-1.3100924,-3.8516629,0.3996619,0.0051752478,-0.91664797,0
-0.049500227,-0.8796016,-2.7538767,0.3996619,0.0051752478,-0.91664797,0
2.688776,3.1316776,3.4333358,-0.42771345,0.88550794,-0.18148521,0
1.7513094,2.0099967,0.1697638,-0.42771345,0.88550794,-0.18148521,0
-3.3986311,-2.2248406,-3.4002151,-0.81075984,-0.46459541,-0.35611731,0
-3.7051146,-0.80129147,-0.68778443,-0.42771345,0.88550794,-0.18148521,0
0.0040659904,1.4712617,2.7374074,-0.3996619,-0.0051752478,0.91664797,0
-3.6986616,-3.162936,-1.2058153,0.42771345,-0.88550794,0.18148521,0
0.5096277,-0.91945183,-0.17718577,0.42771345,-0.88550794,0.18148521,0
2.4529672,1.329182,3.8043356,-0.3996619,-0.0051752478,0.91664797,0
-2.4557865,-1.8611405,-3.808568,0.3996619,0.0051752478,-0.91664797,0
2.5234838,1.3097501,-1.6196854,0.3996619,0.0051752478,-0.91664797,0
0.14670563,0.16583088,2.7922287,-0.3996619,-0.0051752478,0.91664797,0
4.1328039,3.200628,0.45572615,0.81075984,0.46459541,0.35611731,0
-3.8073792,-1.5136349,1.0587509,-0.3996619,-0.0051752478,0.91664797,0
1.9004564,1.047491,3.5618482,-0.3996619,-0.0051752478,0.91664797,0
3.5884204,1.0964701,2.4030464,0.42771345,-0.88550794,0.18148521,0
0.86857641,-0.85569668,-0.71205807,0.42771345,-0.88550794,0.18148521,0
3.4703708,2.9024072,0.47265697,-0.42771345,0.88550794,-0.18148521,0
0.5770458,1.3173736,2.9863601,-0.3996619,-0.0051752478,0.91664797,0
-2.9767628,-0.65700847,-1.7003295,-0.42771345,0.88550794,-0.18148521,0
3.7633469,2.3541942,2.4011238,0.81075984,0.46459541,0.35611731,0
-1.4804645,-2.3102052,-2.2728605,0.42771345,-0.88550794,0.18148521,0
3.4904616,2.4197764,2.9368317,0.81075984,0.46459541,0.35611731,0
4.5157242,0.95473909,-0.47390747,0.42771345,-0.88550794,0.18148521,0
0.54610062,0.2051647,2.9665885,-0.3996619,-0.0051752478,0.91664797,0
-2.3716793,-1.1996722,1.6864939,-0.3996619,-0.0051752478,0.91664797,0
1.8929983,-0.353616,-0.67658722,0.42771345,-0.88550794,0.18148521,0
3.2604051,1.0547757,2.9726555,0.42771345,-0.88550794,0.18148521,0
-0.90166998,-1.831141,-3.1307979,0.3996619,0.0051752478,-0.91664797,0
0.2865501,1.6087252,1.6639236,-0.42771345,0.88550794,-0.18148521,0
-4.8412113,-1.9663746,-0.45314121,-0.81075984,-0.46459541,-0.35611731,0
-0.52037007,0.87622917,-0.0083906502,-0.42771345,0.88550794,-0.18148521,0
-2.6496983,-1.8438028,1.5616403,-0.3996619,-0.0051752478,0.91664797,0
-1.5020561,-0.0079826117,-2.0090837,-0.42771345,0.88550794,-0.18148521,0
-4.2001314,-0.97315693,-0.35972857,-0.42771345,0.88550794,-0.18148521,0
5.052516,1.8396963,0.13733721,0.81075984,0.46459541,0.35611731,0
-4.2446313,-1.4186909,-2.4287174,-0.42771345,0.88550794,-0.18148521,0
-3.1628394,-2.822423,-3.1574204,-0.81075984,-0.46459541,-0.35611731,0
0.31297326,-0.14588714,2.8629622,-0.3996619,-0.0051752478,0.91664797,0
4.3286619,2.5029128,0.92006922,0.81075984,0.46459541,0.35611731,0
-3.6357341,-0.48672187,0.68356204,-0.42771345,0.88550794,-0.18148521,0
-4.8287477,-2.7716,0.56899214,-0.81075984,-0.46459541,-0.35611731,0
1.9100835,1.0740628,-1.8884606,0.3996619,0.0051752478,-0.91664797,0
2.5601954,0.96035379,3.8490047,-0.3996619,-0.0051752478,0.91664797,0
2.3610337,0.62332857,-1.6943893,0.3996619,0.0051752478,-0.91664797,0
3.5542221,0.71224076,-1.1736526,0.3996619,0.0051752478,-0.91664797,0
-3.7086363,-1.3696183,1.1026163,-0.3996619,-0.0051752478,0.91664797,0
-0.11534452,-0.85497379,-2.7824459,0.3996619,0.0051752478,-0.91664797,0
-0.90476036,-1.5498629,-3.1305573,0.3996619,0.0051752478,-0.91664797,0
0.99179077,1.191061,-2.0360239,-0.42771345,0.88550794,-0.18148521,0
4.953557,2.370851,-0.33031797,0.81075984,0.46459541,0.35611731,0
4.3702173,2.3754954,0.99169421,0.81075984,0.46459541,0.35611731,0
-3.0883994,-2.7282057,-3.4498119,-0.81075984,-0.46459541,-0.35611731,0
-3.1972992,-2.6789749,-3.2661114,-0.81075984,-0.46459541,-0.35611731,0
-4.2573709,-1.935648,-1.8224366,-0.81075984,-0.46459541,-0.35611731,0
-4.4290657,-0.8944962,0.56361508,-0.42771345,0.88550794,-0.18148521,0
-3.3999085,-2.3728981,-3.2041497,-0.81075984,-0.46459541,-0.35611731,0
3.9031327,2.9729986,1.2755783,0.81075984,0.46459541,0.35611731,0
1.726647,1.6903648,3.4896963,-0.3996619,-0.0051752478,0.91664797,0
5.2323241,1.6449596,-0.017967701,0.81075984,0.46459541,0.35611731,0
5.1869044,1.5712357,0.18161678,0.81075984,0.46459541,0.35611731,0
-1.0619968,-0.86138511,-3.1952262,0.3996619,0.0051752478,-0.91664797,0
-2.115495,-0.33084404,1.803097,-0.3996619,-0.0051752478,0.91664797,0
-0.28213191,-0.70679837,2.600327,-0.3996619,-0.0051752478,0.91664797,0
-2.6816409,-2.1159556,-3.9084802,0.3996619,0.0051752478,-0.91664797,0
-4.8316255,-1.4267077,-1.0844386,-0.42771345,0.88550794,-0.18148521,0
-2.3810048,-2.3287992,-0.24124551,0.42771345,-0.88550794,0.18148521,0
2.124712,0.017805219,-1.8008456,0.3996619,0.0051752478,-0.91664797,0
-4.8734202,-1.7118526,0.592834,-0.3996619,-0.0051752478,0.91664797,0
-3.626888,-2.6472721,1.1310461,-0.3996619,-0.0051752478,0.91664797,0
-1.2619858,-2.0866697,-1.6970763,0.42771345,-0.88550794,0.18148521,0
2.1464305,-0.38815296,-1.4423757,0.42771345,-0.88550794,0.18148521,0
-3.2780957,-3.136816,-2.4848585,-0.81075984,-0.46459541,-0.35611731,0
2.476249,2.4546916,3.8208408,-0.3996619,-0.0051752478,0.91664797,0
-1.7050292,0.68537676,1.8523304,-0.42771345,0.88550794,-0.18148521,0
-5.2378931,-1.7117982,0.11784744,-0.81075984,-0.46459541,-0.35611731,0
5.2502832,1.809291,-0.2732439,0.81075984,0.46459541,0.35611731,0
0.78193003,-0.51750761,1.1422467,0.42771345,-0.88550794,0.18148521,0
3.7481232,1.8128028,-1.0828977,0.3996619,0.0051752478,-0.91664797,0
4.2506027,0.75300229,-0.86979866,0.3996619,0.0051752478,-0.91664797,0
-3.3055997,-0.78405493,-1.5452353,-0.42771345,0.88550794,-0.18148521,0
-3.6129818,-0.49558675,0.58668613,-0.42771345,0.88550794,-0.18148521,0
3.9223275,2.2951369,2.1162245,0.81075984,0.46459541,0.35611731,0
1.7889616,2.2952015,1.4726067,-0.42771345,0.88550794,-0.18148521,0
4.8641782,1.8357632,0.57125187,0.81075984,0.46459541,0.35611731,0
1.0934983,0.39812589,3.2063453,-0.3996619,-0.0051752478,0.91664797,0
2.4793582,0.27495122,1.0084383,0.42771345,-0.88550794,0.18148521,0
-0.89086056,0.41244721,-1.39814,-0.42771345,0.88550794,-0.18148521,0
2.3397655,0.49162185,2.3946075,0.42771345,-0.88550794,0.18148521,0
1.1618994,1.8247759,3.2442231,-0.3996619,-0.0051752478,0.91664797,0
-2.9244146,-0.16281152,0.58759904,-0.42771345,0.88550794,-0.18148521,0
-4.7104096,-1.7489591,-1.0345769,-0.81075984,-0.46459541,-0.35611731,0
-3.1252375,-2.7479146,-3.3402319,-0.81075984,-0.46459541,-0.35611731,0
-4.2735548,-2.0937877,-1.5792811,-0.81075984,-0.46459541,-0.35611731,0
2.0371895,-0.33979642,-1.8410242,0.3996619,0.0051752478,-0.91664797,0
3.5094543,2.4364858,2.871793,0.81075984,0.46459541,0.35611731,0
3.9798362,1.5757473,2.9238217,0.81075984,0.46459541,0.35611731,0
-1.1757017,-1.201786,-3.2467237,0.3996619,0.0051752478,-0.91664797,0
5.2161517,1.6700046,-0.4436388,0.3996619,0.0051752478,-0.91664797,0
-0.91654205,-2.1760392,-2.9472513,0.42771345,-0.88550794,0.18148521,0
4.5114651,3.1107357,-0.28908443,0.81075984,0.46459541,0.35611731,0
2.0549431,2.0526257,-0.33782554,-0.42771345,0.88550794,-0.18148521,0
4.3042383,1.5334516,-0.84200668,0.3996619,0.0051752478,-0.91664797,0
-0.168975,-1.1454303,0.31950426,0.42771345,-0.88550794,0.18148521,0
-0.25022578,-1.514057,-1.2876236,0.42771345,-0.88550794,0.18148521,0
-1.9504775,-2.3037403,-3.5907505,0.3996619,0.0051752478,-0.91664797,0
4.0388746,0.6470567,-0.96271062,0.3996619,0.0051752478,-0.91664797,0
-5.1210976,-1.9969196,0.22391558,-0.81075984,-0.46459541,-0.35611731,0
-2.0740616,-2.5293455,-1.9431412,0.42771345,-0.88550794,0.18148521,0
-3.6168549,-1.4444433,1.1422112,-0.3996619,-0.0051752478,0.91664797,0
-1.3333364,-1.9822586,-1.0194765,0.42771345,-0.88550794,0.18148521,0
-0.44225717,1.0450881,0.63141865,-0.42771345,0.88550794,-0.18148521,0
-3.8124883,-0.61081946,1.0616205,-0.3996619,-0.0051752478,0.91664797,0
4.8911877,1.846252,0.49607611,0.81075984,0.46459541,0.35611731,0
-4.4309473,-1.168434,-0.76855826,-0.42771345,0.88550794,-0.18148521,0
2.524055,0.66801775,2.8209608,0.42771345,-0.88550794,0.18148521,0
1.5135468,1.7722069,3.3972456,-0.3996619,-0.0051752478,0.91664797,0
1.2333621,2.1716261,2.1790559,-0.42771345,0.88550794,-0.18148521,0
3.737164,3.0483656,1.5551076,0.81075984,0.46459541,0.35611731,0
4.7998657,2.2250929,0.20974493,0.81075984,0.46459541,0.35611731,0
2.5170109,3.038981,3.8419116,-0.3996619,-0.0051752478,0.91664797,0
-4.9230986,-2.5696528,0.52033234,-0.81075984,-0.46459541,-0.35611731,0
2.6513073,0.52623087,-1.5683773,0.3996619,0.0051752478,-0.91664797,0
-3.2918015,-2.9931982,-2.6410215,-0.81075984,-0.46459541,-0.35611731,0
4.5019917,2.1575046,0.97607994,0.81075984,0.46459541,0.35611731,0
-1.538034,-0.80831617,2.0521762,-0.3996619,-0.0051752478,0.91664797,0
4.8331919,1.8730483,0.59315395,0.81075984,0.46459541,0.35611731,0
0.7902087,-0.62294412,0.60828769,0.42771345,-0.88550794,0.18148521,0
-3.531271,-1.2434844,-3.2550473,-0.42771345,0.88550794,-0.18148521,0
-5.2555361,-1.7905343,0.26073265,-0.81075984,-0.46459541,-0.35611731,0
-2.5951788,-2.1331043,1.2183475,0.42771345,-0.88550794,0.18148521,0
-3.5161808,-0.68595505,1.1903877,-0.3996619,-0.0051752478,0.91664797,0
4.741868,1.2040627,-0.65305853,0.3996619,0.0051752478,-0.91664797,0
-2.7785654,-2.2930515,0.87012339,0.42771345,-0.88550794,0.18148521,0
-0.76663041,-0.15071483,2.3922234,-0.3996619,-0.0051752478,0.91664797,0
-4.1135178,-1.8447592,-2.2685182,-0.81075984,-0.46459541,-0.35611731,0
-1.7792134,0.56680477,1.9547848,-0.3996619,-0.0051752478,0.91664797,0
-3.6265841,-3.2053406,-1.5825841,0.42771345,-0.88550794,0.18148521,0
-2.5829046,-2.3435574,0.16257215,0.42771345,-0.88550794,0.18148521,0
4.6299224,2.9412711,-0.33768654,0.81075984,0.46459541,0.35611731,0
-3.9349873,-2.7164259,0.99632311,-0.3996619,-0.0051752478,0.91664797,0
-4.9076958,-1.8885347,-0.4033289,-0.81075984,-0.46459541,-0.35611731,0
-1.8153632,-1.195359,-3.5255821,0.3996619,0.0051752478,-0.91664797,0
-4.5965281,-2.0867133,0.7114439,-0.3996619,-0.0051752478,0.91664797,0
2.4837766,0.70213628,-1.6404281,0.3996619,0.0051752478,-0.91664797,0
-2.3606501,-2.7815809,-2.4984405,0.42771345,-0.88550794,0.18148521,0
-2.9894109,-0.79906118,-2.3636293,-0.42771345,0.88550794,-0.18148521,0
2.2822647,-0.22848988,-0.98346686,0.42771345,-0.88550794,0.18148521,0
-1.9658949,-0.62424916,1.8666664,-0.3996619,-0.0051752478,0.91664797,0
0.92513776,-1.0542742,-2.329917,0.3996619,0.0051752478,-0.91664797,0
-1.428862,0.39413798,-0.21954477,-0.42771345,0.88550794,-0.18148521,0
-1.3737502,-1.1835202,-3.3329701,0.3996619,0.0051752478,-0.91664797,0
0.70506448,-0.71823752,0.34399179,0.42771345,-0.88550794,0.18148521,0
-4.7128067,-2.1506188,0.66038513,-0.3996619,-0.0051752478,0.91664797,0
2.0861742,0.18306297,-1.816715,0.3996619,0.0051752478,-0.91664797,0
1.73491,1.7521958,3.4936481,-0.3996619,-0.0051752478,0.91664797,0
-4.0619106,-1.7045805,-2.5688877,-0.81075984,-0.46459541,-0.35611731,0
-0.48560619,-1.4041378,-2.9469817,0.3996619,0.0051752478,-0.91664797,0
2.8399878,2.361866,-0.67911839,-0.42771345,0.88550794,-0.18148521,0
3.8259683,1.8406267,2.9285626,0.81075984,0.46459541,0.35611731,0
-4.127583,-2.0433688,-1.977387,-0.81075984,-0.46459541,-0.35611731,0
4.6844554,1.8493633,0.96267724,0.81075984,0.46459541,0.35611731,0
-1.9909663,-0.1437608,-1.5193422,-0.42771345,0.88550794,-0.18148521,0
1.4014467,1.0617322,3.3443584,-0.3996619,-0.0051752478,0.91664797,0
1.2329278,-0.85066867,-2.1945701,0.3996619,0.0051752478,-0.91664797,0
1.9221559,2.7075303,3.1705482,-0.42771345,0.88550794,-0.18148521,0
-3.4512479,-0.28875303,1.2147119,-0.42771345,0.88550794,-0.18148521,0
-3.9000981,-1.4307423,-3.2945342,-0.81075984,-0.46459541,-0.35611731,0
-2.2441425,-0.8484419,-3.710573,0.3996619,0.0051752478,-0.91664797,0
1.8642743,2.1098108,3.5520706,-0.3996619,-0.0051752478,0.91664797,0
-1.7422318,-1.6165804,1.7284131,0.42771345,-0.88550794,0.18148521,0
2.5584185,-0.19799483,-1.4854983,0.42771345,-0.88550794,0.18148521,0
-3.010988,-1.841548,-4.0505271,0.3996619,0.0051752478,-0.91664797,0
-3.1591392,-2.5950584,-3.4624677,-0.81075984,-0.46459541,-0.35611731,0
0.28507495,-0.43170571,2.7318518,0.42771345,-0.88550794,0.18148521,0
-3.9313598,-2.3662152,-2.0029316,-0.81075984,-0.46459541,-0.35611731,0
0.088865995,-0.78086591,1.490633,0.42771345,-0.88550794,0.18148521,0
0.66730797,1.5357907,3.0269477,-0.3996619,-0.0051752478,0.91664797,0
0.94618118,2.2304811,3.1430347,-0.42771345,0.88550794,-0.18148521,0
-4.3471036,-2.1008954,0.82011366,-0.3996619,-0.0051752478,0.91664797,0
-2.3952048,-2.8832664,-3.787925,0.3996619,0.0051752478,-0.91664797,0
-4.4707346,-2.2484488,0.76537657,-0.3996619,-0.0051752478,0.91664797,0
-0.47184801,0.14807367,-2.9322197,0.3996619,0.0051752478,-0.91664797,0
-0.30403984,-0.96476382,1.5193293,0.42771345,-0.88550794,0.18148521,0
-1.4501743,0.13048786,2.0957835,-0.3996619,-0.0051752478,0.91664797,0
3.2713408,2.8070929,0.47665882,-0.42771345,0.88550794,-0.18148521,0
-3.3371511,-2.6337614,-3.0067019,-0.81075984,-0.46459541,-0.35611731,0
3.2258677,2.8264208,0.67813301,-0.42771345,0.88550794,-0.18148521,0
-3.7171159,-3.0586782,-1.5872972,-0.81075984,-0.46459541,-0.35611731,0
-4.6647,-2.3134551,-0.40219355,-0.81075984,-0.46459541,-0.35611731,0
-2.0886452,0.45912206,1.6524658,-0.42771345,0.88550794,-0.18148521,0
-4.2868185,-1.3454728,-1.9720447,-0.42771345,0.88550794,-0.18148521,0
-4.2257485,-2.1805754,0.87257528,-0.3996619,-0.0051752478,0.91664797,0
2.09203,2.6936455,2.702451,-0.42771345,0.88550794,-0.18148521,0
-3.0903158,-0.45099688,-0.42753696,-0.42771345,0.88550794,-0.18148521,0
-1.0360799,0.84072387,2.2803402,-0.3996619,-0.0051752478,0.91664797,0
-3.0013509,-2.7629275,-3.6026947,-0.81075984,-0.46459541,-0.35611731,0
-3.6750808,-0.89089549,-1.1957636,-0.42771345,0.88550794,-0.18148521,0
0.85695577,-0.30165452,2.0186274,0.42771345,-0.88550794,0.18148521,0
-1.6450175,0.54675341,1.034524,-0.42771345,0.88550794,-0.18148521,0
0.53249121,-1.2006378,-2.5019386,0.3996619,0.0051752478,-0.91664797,0
3.5524876,2.66628,-0.87298918,-0.42771345,0.88550794,-0.18148521,0
1.1068162,-0.77799177,-0.89438772,0.42771345,-0.88550794,0.18148521,0
0.023290396,-1.2420415,-2.7241859,0.3996619,0.0051752478,-0.91664797,0
-4.1968832,-3.1419783,0.070620537,0.42771345,-0.88550794,0.18148521,0
-2.2947819,-2.6036849,-1.7856796,0.42771345,-0.88550794,0.18148521,0
-4.8568916,-1.8195552,-0.6089859,-0.81075984,-0.46459541,-0.35611731,0
-4.5630713,-2.8412759,0.055036068,-0.81075984,-0.46459541,-0.35611731,0
2.0580359,-0.27137721,-1.8315489,0.3996619,0.0051752478,-0.91664797,0
-0.9559319,-1.3138936,1.3521868,0.42771345,-0.88550794,0.18148521,0
-3.6962676,-2.0118976,-3.0004053,-0.81075984,-0.46459541,-0.35611731,0
-0.55121887,0.34478664,-2.5287185,-0.42771345,0.88550794,-0.18148521,0
-0.24081314,1.4766328,2.262274,-0.42771345,0.88550794,-0.18148521,0
-1.1889615,-0.96280241,2.203501,-0.3996619,-0.0051752478,0.91664797,0
-0.53827667,-1.3259002,-2.9695046,0.3996619,0.0051752478,-0.91664797,0
2.4078071,0.26332939,-1.6760287,0.3996619,0.0051752478,-0.91664797,0
-1.7458959,-0.048052132,1.9658396,-0.3996619,-0.0051752478,0.91664797,0
3.5647008,2.6659482,2.4466555,0.81075984,0.46459541,0.35611731,0
4.5679145,2.8677006,-0.10053492,0.81075984,0.46459541,0.35611731,0
-5.1227365,-1.6827383,0.48429537,-0.3996619,-0.0051752478,0.91664797,0
3.4538214,2.7229381,2.6247411,0.81075984,0.46459541,0.35611731,0
-1.8518409,0.1919229,-0.20934772,-0.42771345,0.88550794,-0.18148521,0
-1.120239,-1.8873837,-1.0587746,0.42771345,-0.88550794,0.18148521,0
3.3455088,2.9272866,2.6047363,0.81075984,0.46459541,0.35611731,0
1.7888017,1.892323,3.517936,-0.3996619,-0.0051752478,0.91664797,0
2.1998129,-0.38815033,-1.568171,0.42771345,-0.88550794,0.18148521,0
2.3861144,2.8780227,2.9089909,-0.42771345,0.88550794,-0.18148521,0
3.4251714,2.1515751,3.4353757,0.81075984,0.46459541,0.35611731,0
1.7804883,0.063311815,1.6228554,0.42771345,-0.88550794,0.18148521,0
3.7117529,2.7488792,-0.84531593,-0.42771345,0.88550794,-0.18148521,0
2.1122811,-0.13036144,-1.8071016,0.3996619,0.0051752478,-0.91664797,0
2.859832,2.8238091,3.8454578,0.81075984,0.46459541,0.35611731,0
0.47978088,1.3862336,0.12294209,-0.42771345,0.88550794,-0.18148521,0
-1.3172805,-1.7492654,0.079512,0.42771345,-0.88550794,0.18148521,0
-3.2973447,-2.6316454,-3.1000879,-0.81075984,-0.46459541,-0.35611731,0
0.3766396,1.7630726,2.9014986,-0.3996619,-0.0051752478,0.91664797,0
1.5133393,0.13512123,-2.0667439,0.3996619,0.0051752478,-0.91664797,0
-0.339748,-1.3079027,-0.070769072,0.42771345,-0.88550794,0.18148521,0
-4.4773207,-1.145417,-0.54696083,-0.42771345,0.88550794,-0.18148521,0
4.3192563,3.0217924,0.26454639,0.81075984,0.46459541,0.35611731,0
4.1131439,1.5124307,2.7029293,0.81075984,0.46459541,0.35611731,0
-3.4901395,-3.0797148,-2.0766015,-0.81075984,-0.46459541,-0.35611731,0
-1.7261701,-0.40479398,1.9724261,-0.3996619,-0.0051752478,0.91664797,0
-4.932879,-1.2927132,-0.19202185,-0.42771345,0.88550794,-0.18148521,0
-2.3830347,-0.36080825,-1.6543636,-0.42771345,0.88550794,-0.18148521,0
-4.7750936,-1.9658198,-0.60439301,-0.81075984,-0.46459541,-0.35611731,0
-4.2618093,-2.986141,-0.44184351,-0.81075984,-0.46459541,-0.35611731,0
-1.7171108,0.35182953,0.2533496,-0.42771345,0.88550794,-0.18148521,0
-2.6979394,-0.75617814,-2.841315,-0.42771345,0.88550794,-0.18148521,0
-0.33152986,-0.55248511,-2.8749957,0.3996619,0.0051752478,-0.91664797,0
-3.6002066,-3.1615725,-1.4311945,0.42771345,-0.88550794,0.18148521,0
-0.63459247,0.48194087,-1.6630213,-0.42771345,0.88550794,-0.18148521,0
-3.0561476,-3.0242705,-3.1369886,-0.81075984,-0.46459541,-0.35611731,0
2.1318703,0.32267404,2.0602276,0.42771345,-0.88550794,0.18148521,0
-2.5326118,-2.5187912,-0.81096125,0.42771345,-0.88550794,0.18148521,0
-2.8627527,-3.0590279,-3.531939,-0.81075984,-0.46459541,-0.35611731,0
1.4104962,1.746779,-0.31132996,-0.42771345,0.88550794,-0.18148521,0
-0.75575638,0.28076237,-2.3590655,-0.42771345,0.88550794,-0.18148521,0
-3.6720545,-2.4308372,-2.5089755,-0.81075984,-0.46459541,-0.35611731,0
2.9541731,2.0064547,4.0266867,-0.3996619,-0.0051752478,0.91664797,0
1.4583156,-0.83493686,-2.096211,0.3996619,0.0051752478,-0.91664797,0
2.797214,0.28104591,0.28907251,0.42771345,-0.88550794,0.18148521,0
4.5060282,1.8062521,-0.7524848,0.3996619,0.0051752478,-0.91664797,0
1.073845,1.4926088,-0.75808394,-0.42771345,0.88550794,-0.18148521,0
2.8162103,2.8669138,3.8885345,0.81075984,0.46459541,0.35611731,0
3.0038142,2.718785,3.6546752,0.81075984,0.46459541,0.35611731,0
1.0440015,1.3524839,-1.3714521,-0.42771345,0.88550794,-0.18148521,0
2.6377532,1.4698077,-1.5689595,0.3996619,0.0051752478,-0.91664797,0
-4.9564676,-1.5547049,-0.72781134,-0.81075984,-0.46459541,-0.35611731,0
0.30507183,0.95443952,2.8657293,-0.3996619,-0.0051752478,0.91664797,0
4.4203491,2.0382104,1.3175867,0.81075984,0.46459541,0.35611731,0
2.8834887,2.4837987,3.9985633,-0.3996619,-0.0051752478,0.91664797,0
-4.5490494,-2.484807,-0.44194269,-0.81075984,-0.46459541,-0.35611731,0
4.1700115,0.80156541,-0.40652204,0.42771345,-0.88550794,0.18148521,0
3.91225,0.72924924,-0.15189123,0.42771345,-0.88550794,0.18148521,0
-3.5703044,-2.8027914,-2.2553701,-0.81075984,-0.46459541,-0.35611731,0
-3.7056286,-3.0963128,-1.5643516,-0.81075984,-0.46459541,-0.35611731,0
4.1335764,2.8453708,0.91743994,0.81075984,0.46459541,0.35611731,0
2.8473065,2.1350765,3.9808187,-0.3996619,-0.0051752478,0.91664797,0
4.3898373,2.5509629,0.7181077,0.81075984,0.46459541,0.35611731,0
2.6694176,2.1090994,-1.5104356,-0.42771345,0.88550794,-0.18148521,0
-3.8453364,-1.6794479,-3.0947433,-0.81075984,-0.46459541,-0.35611731,0
3.5700064,2.8697886,0.078686714,-0.42771345,0.88550794,-0.18148521,0
4.3741264,3.1880598,-0.077289581,0.81075984,0.46459541,0.35611731,0
