0.59510505,-0.5699262,-3.5204241,-0.12931585,0.55486387,-0.82182944,0
-0.44431353,3.9768715,-0.28706908,-0.12931585,0.55486387,-0.82182944,0
0.83670402,-4.206799,-1.7890449,0.29168329,-0.77083647,-0.5663321,0
-0.43368006,3.9952159,2.2846048,-0.29168329,0.77083647,0.5663321,0
-1.1963968,4.6472712,1.004262,-0.29168329,0.77083647,0.5663321,0
1.4058487,-0.7923364,-1.3578476,0.94773334,0.31294966,0.062163204,0
1.7424341,-1.7227666,-1.8053067,0.94773334,0.31294966,0.062163204,0
0.86794627,0.016636848,2.7703238,0.94773334,0.31294966,0.062163204,0
-0.030369163,-1.6564273,-4.1555634,-0.12931585,0.55486387,-0.82182944,0
0.18059134,1.4436225,-2.0957386,-0.12931585,0.55486387,-0.82182944,0
0.70024443,-4.3669791,-1.6413059,0.29168329,-0.77083647,-0.5663321,0
-2.2417264,3.0773749,2.597928,-0.94773334,-0.31294966,-0.062163204,0
-1.0507188,4.0507345,1.8912387,-0.29168329,0.77083647,0.5663321,0
0.30374894,-2.5065722,-4.3777213,0.29168329,-0.77083647,-0.5663321,0
-1.393764,0.45030016,2.89553,-0.94773334,-0.31294966,-0.062163204,0
-1.2607031,4.4300637,1.2667828,-0.29168329,0.77083647,0.5663321,0
-1.9592695,2.1872041,2.7730274,-0.94773334,-0.31294966,-0.062163204,0
0.057735801,2.1875529,4.1936135,0.94773334,0.31294966,0.062163204,0
0.22854085,1.8754445,3.16079,0.94773334,0.31294966,0.062163204,0
1.9228082,-2.6342802,-3.370019,0.29168329,-0.77083647,-0.5663321,0
-0.24478436,0.42066264,-2.7194638,-0.12931585,0.55486387,-0.82182944,0
-2.0274529,2.8259323,0.59697282,-0.94773334,-0.31294966,-0.062163204,0
-0.15726161,-1.4588156,2.08181,0.12931585,-0.55486387,0.82182944,0
-0.81908584,-0.62561882,-0.44943064,-0.94773334,-0.31294966,-0.062163204,0
-0.13067317,1.8782381,-1.7533273,-0.12931585,0.55486387,-0.82182944,0
-1.0210569,3.3497558,2.8606205,-0.29168329,0.77083647,0.5663321,0
-1.5043797,2.6234422,-1.0340431,-0.12931585,0.55486387,-0.82182944,0
-0.21509719,0.46700943,3.3911443,0.12931585,-0.55486387,0.82182944,0
0.36933672,-3.3021531,-3.2610741,0.29168329,-0.77083647,-0.5663321,0
-1.6738997,2.1327057,-1.3033316,-0.94773334,-0.31294966,-0.062163204,0
-1.1169715,4.4723754,1.2832201,-0.29168329,0.77083647,0.5663321,0
1.4149587,-4.4800186,-0.20536637,0.12931585,-0.55486387,0.82182944,0
0.90797782,-4.3218269,-1.5957718,0.29168329,-0.77083647,-0.5663321,0
1.1967292,-2.4939752,1.169863,0.12931585,-0.55486387,0.82182944,0
-1.1302906,-0.15153432,1.9084707,-0.94773334,-0.31294966,-0.062163204,0
1.880904,-2.1558599,-4.0427799,0.29168329,-0.77083647,-0.5663321,0
-1.5378826,1.1684693,4.0728817,0.12931585,-0.55486387,0.82182944,0
1.1444433,0.20587374,-2.3978007,0.94773334,0.31294966,0.062163204,0
-1.5398601,1.8191556,4.5125074,0.12931585,-0.55486387,0.82182944,0
-2.2659736,3.2499752,2.0986702,-0.94773334,-0.31294966,-0.062163204,0
-0.36390352,0.71269625,3.5804365,0.12931585,-0.55486387,0.82182944,0
-0.64255053,-0.9086889,-1.7158031,-0.94773334,-0.31294966,-0.062163204,0
-0.47617126,-0.9157362,2.4986544,0.12931585,-0.55486387,0.82182944,0
-1.8806634,2.0415826,2.3077099,-0.94773334,-0.31294966,-0.062163204,0
2.1445744,-3.3577783,-2.271045,0.29168329,-0.77083647,-0.5663321,0
-0.66696501,4.8352818,0.32752705,-0.12931585,0.55486387,-0.82182944,0
-0.40752077,4.2913237,-0.08055377,-0.12931585,0.55486387,-0.82182944,0
0.12311244,2.7131615,0.5508045,0.94773334,0.31294966,0.062163204,0
0.99534976,-0.18481243,1.842104,0.94773334,0.31294966,0.062163204,0
0.54484165,-1.1190302,-3.8832464,-0.12931585,0.55486387,-0.82182944,0
-0.067692518,-0.79998261,2.5125318,0.12931585,-0.55486387,0.82182944,0
1.2348291,-0.0085463375,-2.6963553,0.94773334,0.31294966,0.062163204,0
-0.38809538,3.1733603,3.4267128,-0.29168329,0.77083647,0.5663321,0
1.3675227,-3.5007844,-2.4766109,0.29168329,-0.77083647,-0.5663321,0
-2.428309,4.5604458,0.48795629,-0.29168329,0.77083647,0.5663321,0
-1.9505967,1.9514899,3.8274651,-0.94773334,-0.31294966,-0.062163204,0
-2.1601853,2.7670631,3.067029,-0.29168329,0.77083647,0.5663321,0
-0.82878685,2.8022289,-1.0196394,-0.12931585,0.55486387,-0.82182944,0
-2.0909212,3.5636792,-0.30694294,-0.12931585,0.55486387,-0.82182944,0
-1.0348655,3.2293634,3.0173745,-0.29168329,0.77083647,0.5663321,0
-2.1638715,4.4509559,0.30358696,-0.12931585,0.55486387,-0.82182944,0
0.18063575,1.537284,4.0514784,0.12931585,-0.55486387,0.82182944,0
1.8476375,-2.9592352,-2.9664376,0.29168329,-0.77083647,-0.5663321,0
-1.5494287,1.5639143,-0.33752388,-0.94773334,-0.31294966,-0.062163204,0
-1.5447654,1.5928565,-0.55432159,-0.94773334,-0.31294966,-0.062163204,0
-2.1369822,4.4702659,0.760746,-0.29168329,0.77083647,0.5663321,0
-0.32346216,2.3048849,4.6420856,-0.29168329,0.77083647,0.5663321,0
-1.5922937,1.8717346,-1.2336743,-0.94773334,-0.31294966,-0.062163204,0
1.0597498,-3.0585475,-3.2370563,0.29168329,-0.77083647,-0.5663321,0
-1.7471433,1.5675747,4.3752675,0.12931585,-0.55486387,0.82182944,0
0.28169668,1.9347589,2.051775,0.94773334,0.31294966,0.062163204,0
0.14596635,2.309782,2.2331181,0.94773334,0.31294966,0.062163204,0
1.2936794,-2.906127,-3.3240333,0.29168329,-0.77083647,-0.5663321,0
1.9722605,-2.8462436,0.34673643,0.94773334,0.31294966,0.062163204,0
0.74683571,-4.978179,-0.43657279,0.12931585,-0.55486387,0.82182944,0
-2.2686903,3.4156413,1.3060691,-0.94773334,-0.31294966,-0.062163204,0
0.47454238,-3.8092246,-2.5167127,0.29168329,-0.77083647,-0.5663321,0
0.72718072,-4.4698925,-1.4873571,0.29168329,-0.77083647,-0.5663321,0
-0.84477639,1.7324374,-1.7394004,-0.12931585,0.55486387,-0.82182944,0
0.59652495,1.7639067,-1.8879412,0.94773334,0.31294966,0.062163204,0
-2.0758536,2.8700271,1.1129078,-0.94773334,-0.31294966,-0.062163204,0
-0.78240621,3.2205677,3.1593728,-0.29168329,0.77083647,0.5663321,0
-1.6553761,1.5418196,4.3434391,0.12931585,-0.55486387,0.82182944,0
1.2825196,-4.6981802,-0.33182025,0.12931585,-0.55486387,0.82182944,0
-0.67654657,4.9681501,0.4187417,-0.12931585,0.55486387,-0.82182944,0
1.2147489,-4.7730827,-0.82356668,0.29168329,-0.77083647,-0.5663321,0
1.5358677,-0.80670828,-3.2677524,0.94773334,0.31294966,0.062163204,0
1.2403607,-2.32797,-4.1384258,0.29168329,-0.77083647,-0.5663321,0
0.74575871,-1.4719265,-4.153121,-0.12931585,0.55486387,-0.82182944,0
1.9816304,-2.6525042,-3.3149185,0.29168329,-0.77083647,-0.5663321,0
-1.7075408,3.024086,-0.73157823,-0.12931585,0.55486387,-0.82182944,0
1.7313865,-1.4342757,-3.0892344,0.94773334,0.31294966,0.062163204,0
2.1409183,-2.94854,-2.8299437,0.29168329,-0.77083647,-0.5663321,0
-1.3568792,2.3924172,-1.2132308,-0.12931585,0.55486387,-0.82182944,0
-0.3706665,2.9536676,-0.9894805,-0.12931585,0.55486387,-0.82182944,0
-1.9695524,3.8615432,1.6755126,-0.29168329,0.77083647,0.5663321,0
-1.1822404,-0.1064873,2.4737117,-0.94773334,-0.31294966,-0.062163204,0
-1.1240876,0.12077951,0.44298357,-0.94773334,-0.31294966,-0.062163204,0
0.0055131316,-2.5889089,-3.1373448,-0.94773334,-0.31294966,-0.062163204,0
-1.8774862,3.4408929,2.2954786,-0.29168329,0.77083647,0.5663321,0
-1.564366,1.7331984,-0.96202171,-0.94773334,-0.31294966,-0.062163204,0
0.56355119,1.2307031,-2.299752,-0.12931585,0.55486387,-0.82182944,0
2.1291127,-2.701035,-2.7756481,0.94773334,0.31294966,0.062163204,0
0.97551036,-4.9246149,-0.74053311,0.29168329,-0.77083647,-0.5663321,0
2.0952787,-3.1095333,-2.6343217,0.29168329,-0.77083647,-0.5663321,0
-2.1602368,4.6566505,0.49508047,-0.29168329,0.77083647,0.5663321,0
-0.033514142,1.5527211,4.0955977,0.12931585,-0.55486387,0.82182944,0
1.3272752,-0.71618885,-0.54327542,0.94773334,0.31294966,0.062163204,0
2.2120514,-3.3367827,-0.83955646,0.94773334,0.31294966,0.062163204,0
0.87423849,0.010520697,2.7051864,0.94773334,0.31294966,0.062163204,0
-1.658644,4.6583633,0.75108862,-0.29168329,0.77083647,0.5663321,0
0.96734202,-3.2625031,-3.0070457,0.29168329,-0.77083647,-0.5663321,0
-0.77133405,3.3625426,2.9718328,-0.29168329,0.77083647,0.5663321,0
0.70837736,0.14336279,-3.0566654,-0.12931585,0.55486387,-0.82182944,0
-1.9721658,2.6518903,0.6302588,-0.94773334,-0.31294966,-0.062163204,0
-2.0199952,3.3396184,-0.46937943,-0.12931585,0.55486387,-0.82182944,0
-2.4793246,4.3794765,0.70799947,-0.29168329,0.77083647,0.5663321,0
-1.2713623,3.7905178,2.1317806,-0.29168329,0.77083647,0.5663321,0
-1.8281279,4.3357868,1.1028576,-0.29168329,0.77083647,0.5663321,0
-1.2277403,0.077363223,2.2418313,-0.94773334,-0.31294966,-0.062163204,0
-1.4028574,2.7710853,3.4516082,-0.29168329,0.77083647,0.5663321,0
-0.49226904,2.3045628,4.5555816,-0.29168329,0.77083647,0.5663321,0
0.78201544,0.43691349,1.9646087,0.94773334,0.31294966,0.062163204,0
0.023923635,2.664803,2.306478,0.94773334,0.31294966,0.062163204,0
-0.54369092,2.2064121,-1.4667695,-0.12931585,0.55486387,-0.82182944,0
-1.4818248,3.6385226,2.2302654,-0.29168329,0.77083647,0.5663321,0
0.38217759,-1.3889059,2.0441284,0.12931585,-0.55486387,0.82182944,0
0.25533605,-3.7462988,-1.1194401,-0.94773334,-0.31294966,-0.062163204,0
-1.3316054,4.547298,0.23767495,-0.12931585,0.55486387,-0.82182944,0
0.38727039,-1.3482461,-4.0132089,-0.12931585,0.55486387,-0.82182944,0
1.487184,-3.3062551,-2.6797557,0.29168329,-0.77083647,-0.5663321,0
-0.31135964,-2.2553923,1.5682431,0.12931585,-0.55486387,0.82182944,0
-0.95094001,-0.82245743,2.5517578,-0.94773334,-0.31294966,-0.062163204,0
0.3822515,-4.0162482,-1.6953642,-0.94773334,-0.31294966,-0.062163204,0
-1.1235614,1.0832766,-2.1338186,-0.12931585,0.55486387,-0.82182944,0
0.26649284,-3.6644924,-1.7013762,-0.94773334,-0.31294966,-0.062163204,0
1.1500371,-3.1491885,-3.067183,0.29168329,-0.77083647,-0.5663321,0
-0.079562426,3.4021807,0.17201376,0.94773334,0.31294966,0.062163204,0
-0.21794474,-2.2193873,-1.5908201,-0.94773334,-0.31294966,-0.062163204,0
-0.24345303,3.8273528,0.53021884,0.94773334,0.31294966,0.062163204,0
-1.3600633,4.5120282,1.1040463,-0.29168329,0.77083647,0.5663321,0
-0.56214565,-1.3438377,-0.75096691,-0.94773334,-0.31294966,-0.062163204,0
0.94127202,-2.1994767,1.4088922,0.12931585,-0.55486387,0.82182944,0
-1.5034344,2.502521,-1.1158326,-0.12931585,0.55486387,-0.82182944,0
0.80226445,0.40894651,1.7966882,0.94773334,0.31294966,0.062163204,0
-1.0691919,4.9507957,0.4688077,-0.12931585,0.55486387,-0.82182944,0
-1.4185925,1.2180716,-0.59115601,-0.94773334,-0.31294966,-0.062163204,0
-0.18598056,-1.8328762,1.8337793,0.12931585,-0.55486387,0.82182944,0
-2.4828308,4.4611979,0.36069059,-0.12931585,0.55486387,-0.82182944,0
-0.36119938,3.9433472,-0.32278109,-0.12931585,0.55486387,-0.82182944,0
1.1065722,-4.1926103,-1.6693647,0.29168329,-0.77083647,-0.5663321,0
1.6795834,-2.1740923,-4.1216521,0.29168329,-0.77083647,-0.5663321,0
0.60559344,1.6653283,-1.5299232,0.94773334,0.31294966,0.062163204,0
-0.68353587,-0.93718064,-0.94750887,-0.94773334,-0.31294966,-0.062163204,0
1.2593839,-4.2178574,-1.5562966,0.29168329,-0.77083647,-0.5663321,0
0.7304759,-3.852695,-2.3257291,0.29168329,-0.77083647,-0.5663321,0
1.0059096,-3.0114555,-3.3288827,0.29168329,-0.77083647,-0.5663321,0
1.4840453,-3.4683084,-2.4608009,0.29168329,-0.77083647,-0.5663321,0
-0.81978858,2.3773429,4.2878351,-0.29168329,0.77083647,0.5663321,0
-1.0657054,0.4209708,-1.9583721,-0.94773334,-0.31294966,-0.062163204,0
-1.5983794,1.492996,0.76580149,-0.94773334,-0.31294966,-0.062163204,0
-0.96270013,2.1173723,-1.4609536,-0.12931585,0.55486387,-0.82182944,0
-1.1419754,2.3756399,4.1242146,-0.29168329,0.77083647,0.5663321,0
-0.20368096,-1.8210057,-3.8138671,-0.94773334,-0.31294966,-0.062163204,0
0.14712596,0.49520564,-2.730803,-0.12931585,0.55486387,-0.82182944,0
0.69726229,-3.4706492,-2.8628387,0.29168329,-0.77083647,-0.5663321,0
-1.4107289,3.9898531,1.7886858,-0.29168329,0.77083647,0.5663321,0
-0.23138142,3.339756,2.8008966,0.94773334,0.31294966,0.062163204,0
2.0567493,-2.4988894,-2.6900699,0.94773334,0.31294966,0.062163204,0
-2.048759,4.2997832,0.18340802,-0.12931585,0.55486387,-0.82182944,0
-1.2149148,0.71509814,-1.164268,-0.94773334,-0.31294966,-0.062163204,0
0.47894263,-0.70763648,-3.5951216,-0.12931585,0.55486387,-0.82182944,0
1.75685,-3.7365184,-1.9552343,0.29168329,-0.77083647,-0.5663321,0
-0.43712679,-1.391903,-2.4150186,-0.94773334,-0.31294966,-0.062163204,0
0.45501584,1.6454912,0.86563694,0.94773334,0.31294966,0.062163204,0
0.19831467,-3.3948941,0.71870315,0.12931585,-0.55486387,0.82182944,0
-0.11327016,1.8501813,4.3089795,0.12931585,-0.55486387,0.82182944,0
-0.83950841,-0.12626982,-2.6519575,-0.94773334,-0.31294966,-0.062163204,0
-0.051405206,2.6048274,3.7568717,0.94773334,0.31294966,0.062163204,0
0.647542,-2.835644,-3.7527537,0.29168329,-0.77083647,-0.5663321,0
-1.6412868,4.3918133,1.1228304,-0.29168329,0.77083647,0.5663321,0
2.0400181,-2.4319298,-2.7720823,0.94773334,0.31294966,0.062163204,0
1.4225049,-1.707522,1.6653165,0.12931585,-0.55486387,0.82182944,0
-0.99734879,5.0396519,0.57270861,-0.29168329,0.77083647,0.5663321,0
0.01615119,3.019433,-1.0059447,-0.12931585,0.55486387,-0.82182944,0
-1.50573,3.3367944,2.6286364,-0.29168329,0.77083647,0.5663321,0
-1.8998004,3.8869123,1.6769075,-0.29168329,0.77083647,0.5663321,0
0.51697695,1.3672546,1.3217169,0.94773334,0.31294966,0.062163204,0
0.13225794,1.3313277,3.9200382,0.12931585,-0.55486387,0.82182944,0
0.35351562,2.2490795,-0.62555671,0.94773334,0.31294966,0.062163204,0
-1.3046083,3.5477927,2.4450314,-0.29168329,0.77083647,0.5663321,0
0.87477899,-4.1701593,0.088835001,0.12931585,-0.55486387,0.82182944,0
1.2430861,-0.73803598,-3.7358851,-0.12931585,0.55486387,-0.82182944,0
-0.098279715,-1.2517927,-3.871686,-0.12931585,0.55486387,-0.82182944,0
0.48373508,-3.6482558,0.50273299,0.12931585,-0.55486387,0.82182944,0
-1.4025458,0.85690749,0.98241973,-0.94773334,-0.31294966,-0.062163204,0
1.3376211,-0.86467385,0.046513289,0.94773334,0.31294966,0.062163204,0
-1.691402,2.4084821,3.7965364,-0.29168329,0.77083647,0.5663321,0
-1.9445978,2.1741221,2.6152031,-0.94773334,-0.31294966,-0.062163204,0
0.82688129,-3.6363358,-2.5705633,0.29168329,-0.77083647,-0.5663321,0
-0.30402553,-2.1345272,-0.70565319,-0.94773334,-0.31294966,-0.062163204,0
0.95967197,-4.9397793,-0.4441371,0.12931585,-0.55486387,0.82182944,0
1.9503032,-2.5196476,-0.96269763,0.94773334,0.31294966,0.062163204,0
-0.23862797,3.0370142,3.689275,-0.29168329,0.77083647,0.5663321,0
-1.7426646,1.5871381,2.4916184,-0.94773334,-0.31294966,-0.062163204,0
0.94523978,0.39417174,-2.9246006,-0.12931585,0.55486387,-0.82182944,0
-0.076982617,-0.10754251,2.9814992,0.12931585,-0.55486387,0.82182944,0
-0.069711208,3.0869048,1.6090238,0.94773334,0.31294966,0.062163204,0
0.60891509,-0.41525406,-3.418169,-0.12931585,0.55486387,-0.82182944,0
0.59523439,0.47580516,3.2695763,0.12931585,-0.55486387,0.82182944,0
-0.47965533,3.2742991,3.2421675,-0.29168329,0.77083647,0.5663321,0
-0.14843428,1.9391861,4.3746047,0.12931585,-0.55486387,0.82182944,0
1.838105,-2.5312037,0.80604911,0.94773334,0.31294966,0.062163204,0
-1.0806882,2.3760228,4.1552587,-0.29168329,0.77083647,0.5663321,0
-0.84955788,3.732831,-0.38806891,-0.12931585,0.55486387,-0.82182944,0
0.38107347,-3.0116544,-3.6504283,0.29168329,-0.77083647,-0.5663321,0
-0.65444553,0.22241151,-2.7888536,-0.12931585,0.55486387,-0.82182944,0
-2.0203729,2.3657081,2.8059552,-0.94773334,-0.31294966,-0.062163204,0
1.3028506,-0.46378076,-1.441605,0.94773334,0.31294966,0.062163204,0
-1.2998745,4.5599098,1.0698748,-0.29168329,0.77083647,0.5663321,0
0.69539368,-2.6780348,-3.9426308,0.29168329,-0.77083647,-0.5663321,0
-0.43625498,4.026751,-0.25466037,-0.12931585,0.55486387,-0.82182944,0
-1.9424682,2.8249013,3.1004381,-0.29168329,0.77083647,0.5663321,0
-2.4196329,3.8795893,1.2716565,-0.94773334,-0.31294966,-0.062163204,0
1.5868258,-1.6559695,0.23080283,0.94773334,0.31294966,0.062163204,0
1.3580923,-4.3451266,-0.10534501,0.12931585,-0.55486387,0.82182944,0
-0.18727577,1.871951,4.3353224,0.12931585,-0.55486387,0.82182944,0
-0.89616013,3.4970293,2.724493,-0.29168329,0.77083647,0.5663321,0
-2.2012382,3.1421709,1.6544418,-0.94773334,-0.31294966,-0.062163204,0
0.39792061,1.0440676,3.6842902,0.12931585,-0.55486387,0.82182944,0
1.264327,-4.4987073,-1.1714857,0.29168329,-0.77083647,-0.5663321,0
-0.083393693,0.24062431,3.2175751,0.12931585,-0.55486387,0.82182944,0
0.61032385,-1.5831753,-4.2069206,-0.12931585,0.55486387,-0.82182944,0
0.28249037,1.5925932,3.7622514,0.94773334,0.31294966,0.062163204,0
2.3761864,-4.5398293,-0.54286242,0.29168329,-0.77083647,-0.5663321,0
-0.6525563,-0.60999572,2.7328315,0.12931585,-0.55486387,0.82182944,0
-1.8976003,3.3342094,2.430326,-0.29168329,0.77083647,0.5663321,0
0.77942824,-3.0675225,0.84829152,0.12931585,-0.55486387,0.82182944,0
0.49560642,-3.4588704,-2.9827318,0.29168329,-0.77083647,-0.5663321,0
-0.46620369,4.5080705,0.49929953,0.94773334,0.31294966,0.062163204,0
1.9955268,-2.8365242,-3.0572906,0.29168329,-0.77083647,-0.5663321,0
1.1813867,-1.1419326,2.0851178,0.12931585,-0.55486387,0.82182944,0
2.2199821,-3.7219296,-1.7365601,0.29168329,-0.77083647,-0.5663321,0
0.036480427,-2.9587152,-1.7477405,-0.94773334,-0.31294966,-0.062163204,0
0.39698136,-1.033129,-3.8019836,-0.12931585,0.55486387,-0.82182944,0
-0.07531172,2.2205925,4.5530925,0.12931585,-0.55486387,0.82182944,0
-0.46957922,1.3291743,-2.0707042,-0.12931585,0.55486387,-0.82182944,0
1.623704,-1.2240502,-4.1239114,-0.12931585,0.55486387,-0.82182944,0
0.28069925,2.4108286,-0.32970572,0.94773334,0.31294966,0.062163204,0
-0.64792871,2.1142657,-1.5125809,-0.12931585,0.55486387,-0.82182944,0
1.9195361,-2.7450752,0.6412518,0.94773334,0.31294966,0.062163204,0
1.4271538,-2.6062851,1.0577788,0.12931585,-0.55486387,0.82182944,0
1.3699253,-4.696424,-0.84798574,0.29168329,-0.77083647,-0.5663321,0
2.3694391,-3.9271562,-0.26694298,0.94773334,0.31294966,0.062163204,0
-1.8615367,4.4073052,0.98830676,-0.29168329,0.77083647,0.5663321,0
-0.80028725,-0.13116986,3.07936,0.12931585,-0.55486387,0.82182944,0
1.5872835,-1.5112917,-0.50452894,0.94773334,0.31294966,0.062163204,0
-0.6807797,-0.75604701,-1.9014158,-0.94773334,-0.31294966,-0.062163204,0
1.4569511,-3.7277226,0.29594398,0.12931585,-0.55486387,0.82182944,0
0.70849389,-2.4126334,-4.2971225,0.29168329,-0.77083647,-0.5663321,0
-0.033284426,0.17828381,3.1676006,0.12931585,-0.55486387,0.82182944,0
-0.43211389,4.4409952,0.31725335,0.94773334,0.31294966,0.062163204,0
0.68752861,-5.1409488,-0.59440255,0.29168329,-0.77083647,-0.5663321,0
2.3705063,-3.8185511,-0.82996082,0.94773334,0.31294966,0.062163204,0
-1.2873042,4.336421,0.088329077,-0.12931585,0.55486387,-0.82182944,0
0.65407318,-2.5941544,-4.0780826,0.29168329,-0.77083647,-0.5663321,0
2.1472831,-3.0900438,-1.0942748,0.94773334,0.31294966,0.062163204,0
-1.6519904,1.2243577,2.9355636,-0.94773334,-0.31294966,-0.062163204,0
1.6208084,-3.0906861,0.7002604,0.12931585,-0.55486387,0.82182944,0
1.6362057,-1.1141851,-3.2495563,0.94773334,0.31294966,0.062163204,0
-0.81682479,-1.0324913,1.5644259,-0.94773334,-0.31294966,-0.062163204,0
-1.4027867,3.9579382,1.836216,-0.29168329,0.77083647,0.5663321,0
1.3200214,-3.4810643,-2.5279176,0.29168329,-0.77083647,-0.5663321,0
-1.8722637,4.564218,0.76920748,-0.29168329,0.77083647,0.5663321,0
2.1567526,-3.3932252,-2.216526,0.29168329,-0.77083647,-0.5663321,0
-1.0248566,1.6276239,4.3021574,0.12931585,-0.55486387,0.82182944,0
-0.20639729,-2.3030159,-1.3458556,-0.94773334,-0.31294966,-0.062163204,0
-0.82532752,-0.4956882,-1.0083855,-0.94773334,-0.31294966,-0.062163204,0
0.72205615,-0.3607738,2.6847987,0.12931585,-0.55486387,0.82182944,0
0.81072724,0.9752385,-1.1832342,0.94773334,0.31294966,0.062163204,0
0.072710752,2.5497053,-1.331984,-0.12931585,0.55486387,-0.82182944,0
1.4964526,-2.5146146,1.1087666,0.12931585,-0.55486387,0.82182944,0
0.99678135,-4.7498336,-0.96747327,0.29168329,-0.77083647,-0.5663321,0
1.1624792,-4.8344965,-0.76689744,0.29168329,-0.77083647,-0.5663321,0
2.0522575,-3.458499,0.38403964,0.12931585,-0.55486387,0.82182944,0
-1.2517211,0.1116258,3.3143184,0.12931585,-0.55486387,0.82182944,0
0.17536306,-0.55799317,-3.4463205,-0.12931585,0.55486387,-0.82182944,0
-0.33611965,1.2182889,3.917419,0.12931585,-0.55486387,0.82182944,0
-2.5214267,4.3411093,0.73853731,-0.29168329,0.77083647,0.5663321,0
-1.9819657,3.9381247,1.5648839,-0.29168329,0.77083647,0.5663321,0
-2.0700941,2.8488162,1.1318794,-0.94773334,-0.31294966,-0.062163204,0
-0.21425083,2.8534913,3.9516239,-0.29168329,0.77083647,0.5663321,0
0.2279222,-3.7927432,-0.46767282,-0.94773334,-0.31294966,-0.062163204,0
0.87915015,-3.5618501,0.49885106,0.12931585,-0.55486387,0.82182944,0
-0.15189981,-0.47170413,-3.3365664,-0.12931585,0.55486387,-0.82182944,0
-1.0875452,4.8923454,0.72675276,-0.29168329,0.77083647,0.5663321,0
-1.5759573,0.91785729,3.3193941,-0.94773334,-0.31294966,-0.062163204,0
1.2112007,-3.5488369,0.45538878,0.12931585,-0.55486387,0.82182944,0
2.1252041,-3.0564094,-0.92698586,0.94773334,0.31294966,0.062163204,0
0.55819696,-3.2282066,-3.2644525,0.29168329,-0.77083647,-0.5663321,0
0.15654349,-1.2414601,2.1791816,0.12931585,-0.55486387,0.82182944,0
0.70295334,0.50483549,2.8280406,0.94773334,0.31294966,0.062163204,0
-2.2314935,4.3591814,0.86326647,-0.29168329,0.77083647,0.5663321,0
0.99917459,0.20587569,-0.18306069,0.94773334,0.31294966,0.062163204,0
1.4259732,-0.54164207,-2.9267414,0.94773334,0.31294966,0.062163204,0
0.7152034,-0.80776441,-3.6998997,-0.12931585,0.55486387,-0.82182944,0
-0.46488968,-1.3976095,-1.9630179,-0.94773334,-0.31294966,-0.062163204,0
-1.3724461,0.47521275,2.4450979,-0.94773334,-0.31294966,-0.062163204,0
-2.2905831,3.3096879,2.261301,-0.29168329,0.77083647,0.5663321,0
0.2557559,2.5848758,-0.82563448,0.94773334,0.31294966,0.062163204,0
2.1457162,-4.5340838,-0.66938424,0.29168329,-0.77083647,-0.5663321,0
1.7004979,-2.5986185,1.0199438,0.12931585,-0.55486387,0.82182944,0
2.1539266,-4.3291535,-0.94408727,0.29168329,-0.77083647,-0.5663321,0
-0.51769471,2.9866014,-0.94411016,-0.12931585,0.55486387,-0.82182944,0
-0.94522691,1.940655,-1.5830153,-0.12931585,0.55486387,-0.82182944,0
0.47262263,-4.2417083,-1.9290464,0.29168329,-0.77083647,-0.5663321,0
0.41736388,0.043215513,3.0054984,0.12931585,-0.55486387,0.82182944,0
-1.4109175,0.89377499,3.8674417,0.12931585,-0.55486387,0.82182944,0
1.2690239,-2.5854347,-3.7732272,0.29168329,-0.77083647,-0.5663321,0
-0.46897268,0.062471509,-2.9260225,-0.12931585,0.55486387,-0.82182944,0
-0.31008577,0.5158422,-2.6449273,-0.12931585,0.55486387,-0.82182944,0
1.3477887,-1.3851963,1.8946933,0.12931585,-0.55486387,0.82182944,0
-0.88096416,-0.92804831,2.0164905,-0.94773334,-0.31294966,-0.062163204,0
-1.6345279,0.9756707,3.9213026,-0.94773334,-0.31294966,-0.062163204,0
-1.0828574,-0.065169692,0.75052065,-0.94773334,-0.31294966,-0.062163204,0
-1.7108264,1.1837193,4.0371609,-0.94773334,-0.31294966,-0.062163204,0
1.8513446,-2.3900979,-3.7391827,0.29168329,-0.77083647,-0.5663321,0
1.9851062,-2.1628368,-3.9796159,0.29168329,-0.77083647,-0.5663321,0
-1.4774382,3.5182996,-0.4341135,-0.12931585,0.55486387,-0.82182944,0
0.068917274,-0.49324143,2.6981344,0.12931585,-0.55486387,0.82182944,0
-1.1548662,4.7739096,0.85328341,-0.29168329,0.77083647,0.5663321,0
1.645849,-3.0849829,-2.8992107,0.29168329,-0.77083647,-0.5663321,0
-0.66861254,-0.99694437,-0.87415773,-0.94773334,-0.31294966,-0.062163204,0
-1.2251167,4.0806837,1.7606528,-0.29168329,0.77083647,0.5663321,0
0.16599596,2.4354475,1.2951043,0.94773334,0.31294966,0.062163204,0
-0.17029738,3.7535839,-0.48093987,-0.12931585,0.55486387,-0.82182944,0
1.150178,-3.6322675,-2.4095905,0.29168329,-0.77083647,-0.5663321,0
-0.90829706,-0.31333482,-0.66146582,-0.94773334,-0.31294966,-0.062163204,0
0.47919881,-1.2818775,-3.9828649,-0.12931585,0.55486387,-0.82182944,0
1.037231,-0.43756557,2.4760337,0.94773334,0.31294966,0.062163204,0
0.7595284,1.102731,-1.0445024,0.94773334,0.31294966,0.062163204,0
0.59042883,-4.4540944,-0.058122873,0.12931585,-0.55486387,0.82182944,0
-1.3443856,0.7570768,0.59829545,-0.94773334,-0.31294966,-0.062163204,0
1.485636,-2.8204157,-3.3418298,0.29168329,-0.77083647,-0.5663321,0
0.39798895,-2.998162,-3.66008,0.29168329,-0.77083647,-0.5663321,0
-0.5365659,1.471024,4.1195951,0.12931585,-0.55486387,0.82182944,0
-1.3455856,4.7855501,0.73921204,-0.29168329,0.77083647,0.5663321,0
-1.7396419,4.5350499,0.2936101,-0.12931585,0.55486387,-0.82182944,0
0.92559302,0.1458776,1.2408061,0.94773334,0.31294966,0.062163204,0
0.55302298,1.6681685,-0.74273497,0.94773334,0.31294966,0.062163204,0
-1.3066034,4.7339802,0.8294816,-0.29168329,0.77083647,0.5663321,0
0.60528672,-0.088725984,-3.1971405,-0.12931585,0.55486387,-0.82182944,0
-1.5577117,1.9625795,4.4723115,-0.29168329,0.77083647,0.5663321,0
0.45982218,1.56706,-2.0563362,-0.12931585,0.55486387,-0.82182944,0
1.7466469,-3.128418,-2.7881765,0.29168329,-0.77083647,-0.5663321,0
0.83443171,-2.6831861,-3.8640099,0.29168329,-0.77083647,-0.5663321,0
-1.4154117,1.3091054,-1.0979409,-0.94773334,-0.31294966,-0.062163204,0
1.8869877,-3.2577448,-2.5398686,0.29168329,-0.77083647,-0.5663321,0
0.1543541,-1.577014,1.9529743,0.12931585,-0.55486387,0.82182944,0
-1.1090722,4.5600295,1.1679826,-0.29168329,0.77083647,0.5663321,0
-0.25799435,-1.968129,-2.245142,-0.94773334,-0.31294966,-0.062163204,0
0.5745132,1.8064194,-1.7663729,0.94773334,0.31294966,0.062163204,0
-0.24119282,1.7883458,-1.796628,-0.12931585,0.55486387,-0.82182944,0
1.0624859,-3.6985447,-2.3645449,0.29168329,-0.77083647,-0.5663321,0
-0.99959946,4.6249108,1.136055,-0.29168329,0.77083647,0.5663321,0
2.2225595,-4.4245157,-0.29497004,0.12931585,-0.55486387,0.82182944,0
-0.41755998,1.4337664,4.0757141,0.12931585,-0.55486387,0.82182944,0
-0.84007525,0.43563569,-2.6156847,-0.12931585,0.55486387,-0.82182944,0
1.7179689,-4.7284336,-0.42076445,0.12931585,-0.55486387,0.82182944,0
-1.8987803,2.2292755,1.639014,-0.94773334,-0.31294966,-0.062163204,0
1.1120251,-0.44778466,1.3871734,0.94773334,0.31294966,0.062163204,0
-0.73260057,-1.1877218,1.0618312,-0.94773334,-0.31294966,-0.062163204,0
-0.049682617,2.9523387,1.9811225,0.94773334,0.31294966,0.062163204,0
0.60688734,-2.6212647,1.1767347,0.12931585,-0.55486387,0.82182944,0
2.002634,-2.8386064,-0.15478384,0.94773334,0.31294966,0.062163204,0
1.3235848,-2.0316408,-4.4988966,0.29168329,-0.77083647,-0.5663321,0
1.0116426,-3.7311063,-2.3464119,0.29168329,-0.77083647,-0.5663321,0
-0.55592084,2.0017145,-1.6030481,-0.12931585,0.55486387,-0.82182944,0
0.44496202,-2.0470495,-4.4940886,-0.12931585,0.55486387,-0.82182944,0
-0.43062258,1.777505,-1.7741404,-0.12931585,0.55486387,-0.82182944,0
-0.95319152,3.1154358,-0.7886008,-0.12931585,0.55486387,-0.82182944,0
-2.3118434,3.7210336,1.6904674,-0.29168329,0.77083647,0.5663321,0
0.55810261,-1.5905781,1.8802863,0.12931585,-0.55486387,0.82182944,0
0.10101521,-2.8660319,-3.1982312,-0.94773334,-0.31294966,-0.062163204,0
1.6267236,-1.3399177,-1.9685832,0.94773334,0.31294966,0.062163204,0
1.5876961,-1.0849643,-2.6570916,0.94773334,0.31294966,0.062163204,0
0.30650163,2.485136,-1.0971833,0.94773334,0.31294966,0.062163204,0
1.5590935,-0.84833992,-3.8600814,-0.12931585,0.55486387,-0.82182944,0
-0.044645667,2.9137747,2.0984747,0.94773334,0.31294966,0.062163204,0
-0.83493245,0.15776443,-2.8041005,-0.12931585,0.55486387,-0.82182944,0
0.15582302,2.1843719,2.7141976,0.94773334,0.31294966,0.062163204,0
-1.1697618,2.4381809,4.0247784,-0.29168329,0.77083647,0.5663321,0
-1.5196755,4.6888614,0.36284518,-0.12931585,0.55486387,-0.82182944,0
-1.7742381,3.884491,1.744873,-0.29168329,0.77083647,0.5663321,0
1.6139053,-1.7298961,0.19012219,0.94773334,0.31294966,0.062163204,0
-0.82811928,5.0095539,0.70083451,-0.29168329,0.77083647,0.5663321,0
2.5045357,-4.5099545,-0.51742077,0.29168329,-0.77083647,-0.5663321,0
1.0245821,-4.6762986,-0.27645993,0.12931585,-0.55486387,0.82182944,0
-1.0939335,2.2812922,4.2773743,-0.29168329,0.77083647,0.5663321,0
-1.2415303,3.2814522,2.8400357,-0.29168329,0.77083647,0.5663321,0
0.89068866,-4.100852,-1.9054463,0.29168329,-0.77083647,-0.5663321,0
-0.46594954,4.5697622,0.18484545,0.94773334,0.31294966,0.062163204,0
1.1611426,-0.14104116,-0.90591425,0.94773334,0.31294966,0.062163204,0
1.9238006,-2.0729549,-2.8074398,0.94773334,0.31294966,0.062163204,0
-1.1690114,4.4426508,1.2968757,-0.29168329,0.77083647,0.5663321,0
1.751744,-2.1878042,0.39390719,0.94773334,0.31294966,0.062163204,0
-1.0459177,4.0726919,1.8638258,-0.29168329,0.77083647,0.5663321,0
0.0051936507,-2.4774582,-3.6935496,-0.94773334,-0.31294966,-0.062163204,0
1.3487189,-0.92008835,-3.8754203,-0.12931585,0.55486387,-0.82182944,0
1.3212619,-4.0585289,-1.7412896,0.29168329,-0.77083647,-0.5663321,0
0.33669466,-2.7688413,-4.0037785,0.29168329,-0.77083647,-0.5663321,0
-0.19094056,1.4628379,4.0596838,0.12931585,-0.55486387,0.82182944,0
-1.0846783,2.5771384,3.8794641,-0.29168329,0.77083647,0.5663321,0
0.17823482,-3.7243252,-0.054583549,-0.94773334,-0.31294966,-0.062163204,0
-1.2913221,1.8405423,4.4878392,0.12931585,-0.55486387,0.82182944,0
0.48126096,-1.2421713,-3.9563811,-0.12931585,0.55486387,-0.82182944,0
-0.62211573,0.655343,3.5823438,0.12931585,-0.55486387,0.82182944,0
-1.6355834,3.6832833,2.0901501,-0.29168329,0.77083647,0.5663321,0
-1.9219025,3.8142154,1.764472,-0.29168329,0.77083647,0.5663321,0
0.34327269,-3.9517994,-1.4255588,-0.94773334,-0.31294966,-0.062163204,0
0.62831783,-4.060998,-2.0948231,0.29168329,-0.77083647,-0.5663321,0
-0.46308658,2.9926295,3.6340823,-0.29168329,0.77083647,0.5663321,0
1.6928065,-2.3817792,1.1675546,0.12931585,-0.55486387,0.82182944,0
-0.51583552,-1.758034,0.62819123,-0.94773334,-0.31294966,-0.062163204,0
-0.52217591,3.6676102,2.684931,-0.29168329,0.77083647,0.5663321,0
0.036221027,2.9058752,-1.0857723,-0.12931585,0.55486387,-0.82182944,0
-0.50000095,-0.54192257,-3.329201,-0.12931585,0.55486387,-0.82182944,0
-1.6474686,1.0982401,3.5015419,-0.94773334,-0.31294966,-0.062163204,0
0.93869495,0.13214886,1.1101735,0.94773334,0.31294966,0.062163204,0
-1.5138812,3.6291435,-0.35354209,-0.12931585,0.55486387,-0.82182944,0
0.92695737,-3.4116435,0.59274185,0.12931585,-0.55486387,0.82182944,0
1.4561009,-3.7501216,-2.0916162,0.29168329,-0.77083647,-0.5663321,0
1.1094472,-1.1584125,2.0853112,0.12931585,-0.55486387,0.82182944,0
1.0537517,-4.206706,-1.6773829,0.29168329,-0.77083647,-0.5663321,0
0.86288047,-3.6264639,0.45778704,0.12931585,-0.55486387,0.82182944,0
0.047236919,-3.4128046,0.7303828,0.12931585,-0.55486387,0.82182944,0
-0.6767844,3.566926,2.7423429,-0.29168329,0.77083647,0.5663321,0
0.48578906,-3.1575031,0.83374465,0.12931585,-0.55486387,0.82182944,0
1.0768456,-3.107193,-3.1620395,0.29168329,-0.77083647,-0.5663321,0
1.9349204,-3.8153148,-1.7562714,0.29168329,-0.77083647,-0.5663321,0
-1.4689941,0.57879347,3.3956044,-0.94773334,-0.31294966,-0.062163204,0
0.77547693,-3.5727358,0.50781488,0.12931585,-0.55486387,0.82182944,0
1.5300874,-1.2839211,-0.77718139,0.94773334,0.31294966,0.062163204,0
-0.5725975,1.8758184,-1.6854236,-0.12931585,0.55486387,-0.82182944,0
1.9994624,-2.9775419,0.59301889,0.94773334,0.31294966,0.062163204,0
1.6533134,-1.4444166,-1.8478847,0.94773334,0.31294966,0.062163204,0
-1.8659315,4.3627157,1.0467343,-0.29168329,0.77083647,0.5663321,0
0.7943449,-1.9576566,1.5952777,0.12931585,-0.55486387,0.82182944,0
0.33927,-1.874522,-4.3609748,-0.12931585,0.55486387,-0.82182944,0
-0.73813581,-0.6466912,-1.5775026,-0.94773334,-0.31294966,-0.062163204,0
1.4879118,-3.4623137,-2.4669685,0.29168329,-0.77083647,-0.5663321,0
2.043066,-2.6094069,-1.9250754,0.94773334,0.31294966,0.062163204,0
0.9704107,-2.3058321,-4.3075924,0.29168329,-0.77083647,-0.5663321,0
0.75217772,-4.6400642,-0.20913291,0.12931585,-0.55486387,0.82182944,0
0.11711884,-3.0884304,-2.32412,-0.94773334,-0.31294966,-0.062163204,0
0.53246665,1.2895544,1.4767337,0.94773334,0.31294966,0.062163204,0
-1.0626773,-0.02079916,0.21947981,-0.94773334,-0.31294966,-0.062163204,0
-1.9534392,4.1797523,0.087370157,-0.12931585,0.55486387,-0.82182944,0
-1.3397554,0.5259611,1.6912169,-0.94773334,-0.31294966,-0.062163204,0
0.70440602,-2.0300233,1.5605707,0.12931585,-0.55486387,0.82182944,0
-2.1442699,3.1585534,0.70343089,-0.94773334,-0.31294966,-0.062163204,0
-1.3389363,4.8231249,0.69149303,-0.29168329,0.77083647,0.5663321,0
1.8340014,-3.8257732,-1.7940133,0.29168329,-0.77083647,-0.5663321,0
-0.34645379,-1.2626821,-3.8399875,-0.12931585,0.55486387,-0.82182944,0
-0.29728556,2.9386134,-1.011191,-0.12931585,0.55486387,-0.82182944,0
0.4621312,-1.5977507,-4.1934428,-0.12931585,0.55486387,-0.82182944,0
1.2919872,-4.0233583,-1.8042383,0.29168329,-0.77083647,-0.5663321,0
1.5202831,-2.9789836,-3.1081586,0.29168329,-0.77083647,-0.5663321,0
0.617212,1.0502971,1.3892115,0.94773334,0.31294966,0.062163204,0
1.394948,-1.2240435,-4.0879116,-0.12931585,0.55486387,-0.82182944,0
-0.32627809,1.3879623,4.0304265,0.12931585,-0.55486387,0.82182944,0
-2.2014368,4.3109784,0.94435525,-0.29168329,0.77083647,0.5663321,0
-0.084928393,-2.5534244,-1.9371217,-0.94773334,-0.31294966,-0.062163204,0
-0.78458619,4.3279023,1.6510541,-0.29168329,0.77083647,0.5663321,0
1.2716297,-2.029593,-4.5284429,0.29168329,-0.77083647,-0.5663321,0
2.3261924,-3.5125163,-1.6950424,0.94773334,0.31294966,0.062163204,0
-0.90515697,3.1766782,3.1558895,-0.29168329,0.77083647,0.5663321,0
-2.4918985,4.3708229,0.71330214,-0.29168329,0.77083647,0.5663321,0
0.84992743,-2.4074402,1.2828574,0.12931585,-0.55486387,0.82182944,0
1.2193655,-3.1087403,-3.0865307,0.29168329,-0.77083647,-0.5663321,0
-1.6039515,1.1324955,2.6656313,-0.94773334,-0.31294966,-0.062163204,0
0.80271459,-3.0051208,-3.4421587,0.29168329,-0.77083647,-0.5663321,0
-0.28344655,-2.0127211,-1.6326095,-0.94773334,-0.31294966,-0.062163204,0
-1.231061,1.7150402,4.3936238,0.12931585,-0.55486387,0.82182944,0
-2.4289522,4.0980625,0.3138752,-0.94773334,-0.31294966,-0.062163204,0
-1.1837761,4.8595853,0.7217803,-0.29168329,0.77083647,0.5663321,0
0.22971654,2.6259291,-1.3052266,-0.12931585,0.55486387,-0.82182944,0
-1.5465657,3.8808601,1.867075,-0.29168329,0.77083647,0.5663321,0
0.26410282,-3.3566318,-3.2148092,-0.94773334,-0.31294966,-0.062163204,0
-0.27625966,2.4364104,-1.3535655,-0.12931585,0.55486387,-0.82182944,0
0.30455822,1.5087894,3.8476992,0.94773334,0.31294966,0.062163204,0
1.0800759,-3.1105723,-3.1557765,0.29168329,-0.77083647,-0.5663321,0
2.2792621,-4.334806,-0.87184048,0.29168329,-0.77083647,-0.5663321,0
-1.8894545,2.4135876,0.56894314,-0.94773334,-0.31294966,-0.062163204,0
-1.6470671,1.5206432,1.3689032,-0.94773334,-0.31294966,-0.062163204,0
-1.1029997,2.8546302,-0.941113,-0.12931585,0.55486387,-0.82182944,0
0.15686655,2.6600666,0.30348396,0.94773334,0.31294966,0.062163204,0
1.6782963,-4.2114034,-1.3493254,0.29168329,-0.77083647,-0.5663321,0
2.0161269,-2.3447807,-2.8465779,0.94773334,0.31294966,0.062163204,0
0.18021584,0.35508364,-2.8306141,-0.12931585,0.55486387,-0.82182944,0
-1.2301123,4.2222352,1.565414,-0.29168329,0.77083647,0.5663321,0
0.2645247,-2.1714005,-4.5496531,-0.12931585,0.55486387,-0.82182944,0
1.8318547,-1.8472549,-2.5418899,0.94773334,0.31294966,0.062163204,0
-1.9903389,2.6651676,0.84047961,-0.94773334,-0.31294966,-0.062163204,0
-0.29173601,0.08650732,-2.9376831,-0.12931585,0.55486387,-0.82182944,0
-0.31160307,3.8247318,1.5824199,0.94773334,0.31294966,0.062163204,0
0.21601534,2.6802716,-0.70000815,0.94773334,0.31294966,0.062163204,0
-2.1492629,3.1572473,0.78613734,-0.94773334,-0.31294966,-0.062163204,0
0.10021663,1.8787318,-1.7893245,-0.12931585,0.55486387,-0.82182944,0
-2.3443785,3.5858417,1.8577204,-0.29168329,0.77083647,0.5663321,0
-1.7103611,1.9419396,0.21293604,-0.94773334,-0.31294966,-0.062163204,0
-0.86111712,1.9196467,-1.6104336,-0.12931585,0.55486387,-0.82182944,0
1.6001334,-2.8665819,0.85481894,0.12931585,-0.55486387,0.82182944,0
-0.46505308,4.3609428,1.2224505,0.94773334,0.31294966,0.062163204,0
-0.28825068,2.8153751,-1.0958177,-0.12931585,0.55486387,-0.82182944,0
0.18348384,0.41446447,-2.7910368,-0.12931585,0.55486387,-0.82182944,0
-0.76923746,3.2322867,3.1502051,-0.29168329,0.77083647,0.5663321,0
2.4939523,-4.4874148,-0.55355096,0.29168329,-0.77083647,-0.5663321,0
-0.58452702,2.5195098,4.2155004,-0.29168329,0.77083647,0.5663321,0
-1.9054649,2.4658744,3.6081686,-0.29168329,0.77083647,0.5663321,0
-1.6905105,3.9545455,1.6926446,-0.29168329,0.77083647,0.5663321,0
1.4719093,-1.0164351,-1.2368132,0.94773334,0.31294966,0.062163204,0
0.60384297,-1.6758256,1.8155336,0.12931585,-0.55486387,0.82182944,0
-0.77286601,3.3761301,2.9525504,-0.29168329,0.77083647,0.5663321,0
0.2228229,1.3825517,-2.1436162,-0.12931585,0.55486387,-0.82182944,0
-2.0352359,2.9674087,2.8586917,-0.29168329,0.77083647,0.5663321,0
-0.89130712,3.6577301,2.5082617,-0.29168329,0.77083647,0.5663321,0
1.8200395,-3.8992996,-1.7011271,0.29168329,-0.77083647,-0.5663321,0
-1.4330604,4.8406925,0.61910391,-0.29168329,0.77083647,0.5663321,0
1.2621801,-4.410955,-1.2920315,0.29168329,-0.77083647,-0.5663321,0
0.29507685,0.31621033,-2.8749328,-0.12931585,0.55486387,-0.82182944,0
-1.8688152,1.9560761,2.557544,-0.94773334,-0.31294966,-0.062163204,0
1.4288495,-2.292017,-4.0902824,0.29168329,-0.77083647,-0.5663321,0
0.78718716,-3.124238,-3.2880249,0.29168329,-0.77083647,-0.5663321,0
-0.76118112,1.8661649,4.4217205,0.12931585,-0.55486387,0.82182944,0
-1.3149438,4.5754418,1.040972,-0.29168329,0.77083647,0.5663321,0
0.46447355,-3.2588639,-3.2709956,0.29168329,-0.77083647,-0.5663321,0
0.72015071,-3.6651781,0.45410752,0.12931585,-0.55486387,0.82182944,0
1.6299362,-1.1597283,-2.9246919,0.94773334,0.31294966,0.062163204,0
-0.34039211,-2.2874031,0.61841679,-0.94773334,-0.31294966,-0.062163204,0
-1.5511928,1.1770864,1.6367915,-0.94773334,-0.31294966,-0.062163204,0
0.24703288,-3.7050402,-1.2005587,-0.94773334,-0.31294966,-0.062163204,0
-0.27724874,3.4919095,2.7341943,0.94773334,0.31294966,0.062163204,0
0.75077009,-0.048121214,2.8913698,0.12931585,-0.55486387,0.82182944,0
-0.038207054,-1.7595104,-4.2239275,-0.12931585,0.55486387,-0.82182944,0
-0.095062017,2.8170993,3.3538134,0.94773334,0.31294966,0.062163204,0
-1.5480442,3.4334288,2.4753132,-0.29168329,0.77083647,0.5663321,0
-0.70499599,2.2849066,4.4727736,-0.29168329,0.77083647,0.5663321,0
0.56731415,-4.0584888,0.21261001,0.12931585,-0.55486387,0.82182944,0
-0.66648364,2.4421294,4.2786121,-0.29168329,0.77083647,0.5663321,0
0.13016677,2.9452038,-0.72492361,0.94773334,0.31294966,0.062163204,0
-0.90083742,4.9597225,0.44834399,-0.12931585,0.55486387,-0.82182944,0
-0.99415308,2.7377787,3.7074406,-0.29168329,0.77083647,0.5663321,0
1.2602307,-3.1510262,-3.0079274,0.29168329,-0.77083647,-0.5663321,0
-0.51879382,0.65202308,-2.520143,-0.12931585,0.55486387,-0.82182944,0
-1.3492918,2.4367929,-1.184464,-0.12931585,0.55486387,-0.82182944,0
2.0626986,-3.9905126,-1.451998,0.29168329,-0.77083647,-0.5663321,0
-0.28832096,-1.9686995,-1.7799162,-0.94773334,-0.31294966,-0.062163204,0
2.2793272,-3.6196008,-0.44144273,0.94773334,0.31294966,0.062163204,0
-0.89131117,4.5225201,1.3311913,-0.29168329,0.77083647,0.5663321,0
-0.16866353,-1.9942122,-3.4757595,-0.94773334,-0.31294966,-0.062163204,0
1.6797968,-2.8794031,-3.1615419,0.29168329,-0.77083647,-0.5663321,0
1.3262348,-3.2906594,-2.7838776,0.29168329,-0.77083647,-0.5663321,0
2.1380224,-3.3765249,-2.2489038,0.29168329,-0.77083647,-0.5663321,0
-2.0295942,3.2215946,-0.5475533,-0.12931585,0.55486387,-0.82182944,0
-1.2769647,0.65776622,0.070362896,-0.94773334,-0.31294966,-0.062163204,0
-1.6388125,1.1613431,3.0518923,-0.94773334,-0.31294966,-0.062163204,0
0.77452087,-1.8143939,1.6951221,0.12931585,-0.55486387,0.82182944,0
-1.6410155,4.5443506,0.91535115,-0.29168329,0.77083647,0.5663321,0
-0.057959318,0.25902247,-2.8579931,-0.12931585,0.55486387,-0.82182944,0
1.0085204,-3.5133085,0.5112679,0.12931585,-0.55486387,0.82182944,0
-1.7112603,1.4262365,2.8228617,-0.94773334,-0.31294966,-0.062163204,0
-0.86035073,0.53354371,-2.546391,-0.12931585,0.55486387,-0.82182944,0
-2.3021183,4.6228409,0.46802378,-0.29168329,0.77083647,0.5663321,0
-0.6833334,0.83769846,3.715095,0.12931585,-0.55486387,0.82182944,0
0.3894074,-1.9730974,1.6485703,0.12931585,-0.55486387,0.82182944,0
-1.3226531,2.708292,3.5783844,-0.29168329,0.77083647,0.5663321,0
0.69899082,-4.8297281,-1.0121024,0.29168329,-0.77083647,-0.5663321,0
-1.7906426,2.434731,3.7096963,-0.29168329,0.77083647,0.5663321,0
0.72164798,-1.817425,1.7013949,0.12931585,-0.55486387,0.82182944,0
-2.0593705,4.5909176,0.38163996,-0.12931585,0.55486387,-0.82182944,0
2.0210721,-4.0782752,-1.3539834,0.29168329,-0.77083647,-0.5663321,0
