3.7919974,-3.4783359,-0.79093409,0.70514363,-0.69760662,0.12695456,0
2.9347606,-0.647385,-3.4237123,-0.50192809,-0.61755329,-0.6055544,0
3.0631299,-3.9841042,0.4782505,0.70514363,-0.69760662,0.12695456,0
2.5503857,-4.2727504,1.7400966,0.70514363,-0.69760662,0.12695456,0
-0.48897219,3.0950637,-1.0997162,0.50192809,0.61755329,0.6055544,0
-4.4884295,1.3746239,2.865777,-0.50084007,-0.36328077,0.78561217,0
2.8189123,0.13411057,-3.2324557,0.50084007,0.36328077,-0.78561217,0
-2.3509853,3.2163427,-2.9827831,-0.50192809,-0.61755329,-0.6055544,0
-3.9826925,1.0499054,3.0380375,-0.50084007,-0.36328077,0.78561217,0
-2.3040445,-0.73520011,3.2827377,-0.50084007,-0.36328077,0.78561217,0
-5.0563831,1.2451863,2.4438443,-0.50084007,-0.36328077,0.78561217,0
3.5832324,-3.2324572,1.7196975,0.70514363,-0.69760662,0.12695456,0
4.5396376,-2.7739091,-1.0727715,0.70514363,-0.69760662,0.12695456,0
-4.1836824,2.8400352,-0.54094887,-0.70514363,0.69760662,-0.12695456,0
2.1729603,0.80511737,-3.3339751,0.50084007,0.36328077,-0.78561217,0
3.0404177,-4.0372648,0.31228876,0.70514363,-0.69760662,0.12695456,0
-0.2256819,-1.8545532,0.4269833,-0.50192809,-0.61755329,-0.6055544,0
-2.4830625,-0.64509463,3.2102771,-0.50084007,-0.36328077,0.78561217,0
-5.6192245,1.8852935,2.1862411,-0.70514363,0.69760662,-0.12695456,0
1.5551848,-4.5478382,3.980026,-0.50084007,-0.36328077,0.78561217,0
-5.6138511,1.9115723,2.3007975,-0.70514363,0.69760662,-0.12695456,0
-1.3781819,4.6386304,-3.8252001,0.50084007,0.36328077,-0.78561217,0
3.9500968,-0.43905473,-1.1749976,0.50192809,0.61755329,0.6055544,0
-0.79122257,2.625505,-3.673085,-0.50192809,-0.61755329,-0.6055544,0
3.2126682,-3.1214364,-1.1309881,-0.50192809,-0.61755329,-0.6055544,0
-0.57720304,0.46099579,-1.6430813,-0.50192809,-0.61755329,-0.6055544,0
3.3626668,-0.52363896,-0.60183215,0.50192809,0.61755329,0.6055544,0
-2.227699,3.2761903,0.15675282,0.50192809,0.61755329,0.6055544,0
3.1462502,-3.5784798,2.2454524,0.70514363,-0.69760662,0.12695456,0
-1.621228,-0.75710207,0.46451759,-0.50192809,-0.61755329,-0.6055544,0
1.423069,1.4622564,-3.5081697,0.50084007,0.36328077,-0.78561217,0
-1.1174707,5.0392876,-3.4737215,0.50084007,0.36328077,-0.78561217,0
3.605684,-2.0911887,-2.507411,-0.50192809,-0.61755329,-0.6055544,0
0.58486223,-2.9438119,4.1031604,-0.50084007,-0.36328077,0.78561217,0
-2.7223802,-1.8548247,2.4983084,-0.50084007,-0.36328077,0.78561217,0
-0.74339867,4.0949721,-3.6719134,0.50084007,0.36328077,-0.78561217,0
4.995544,-2.60499,-2.6768165,0.70514363,-0.69760662,0.12695456,0
0.47971725,1.8472172,-3.9315586,0.50084007,0.36328077,-0.78561217,0
-0.76395178,-2.5736208,3.4144533,-0.50084007,-0.36328077,0.78561217,0
3.2230372,-3.8102028,-0.4371686,-0.50192809,-0.61755329,-0.6055544,0
-3.0936007,3.6792541,-1.9841385,-0.70514363,0.69760662,-0.12695456,0
-3.4946737,3.7552838,0.66132069,-0.70514363,0.69760662,-0.12695456,0
1.6715603,-5.0328131,2.4448624,0.70514363,-0.69760662,0.12695456,0
0.73662233,-4.5637541,3.4508195,-0.50084007,-0.36328077,0.78561217,0
0.97625208,-4.2613373,3.7434301,-0.50084007,-0.36328077,0.78561217,0
2.0766282,-4.512527,3.0539284,0.70514363,-0.69760662,0.12695456,0
2.4965069,-4.1863346,2.5142057,0.70514363,-0.69760662,0.12695456,0
1.9363732,-4.5924282,3.3938916,0.70514363,-0.69760662,0.12695456,0
0.23632574,-4.3992162,2.6391225,-0.50192809,-0.61755329,-0.6055544,0
-2.3353605,-1.0859369,1.3917941,-0.50192809,-0.61755329,-0.6055544,0
-1.063417,3.9876735,-3.9255464,0.50084007,0.36328077,-0.78561217,0
1.3263767,1.4114846,-0.88747221,0.50192809,0.61755329,0.6055544,0
1.4246753,-0.66874915,-2.1502547,-0.50192809,-0.61755329,-0.6055544,0
0.41348076,2.6383359,-3.6079583,0.50084007,0.36328077,-0.78561217,0
2.7940135,-4.1387544,1.1232095,0.70514363,-0.69760662,0.12695456,0
3.3568492,-3.7939744,-0.10840273,0.70514363,-0.69760662,0.12695456,0
-1.7604027,4.9808311,-2.2370372,-0.70514363,0.69760662,-0.12695456,0
-4.8827152,0.31716514,2.1254268,-0.50084007,-0.36328077,0.78561217,0
-3.2921498,3.8012178,-0.21115446,-0.70514363,0.69760662,-0.12695456,0
-2.979955,-0.84255362,2.802192,-0.50084007,-0.36328077,0.78561217,0
-1.852654,4.9001231,-2.1681335,-0.70514363,0.69760662,-0.12695456,0
4.1983271,-1.2094208,-2.9743297,0.50084007,0.36328077,-0.78561217,0
1.8513273,0.23449862,-0.12228227,0.50192809,0.61755329,0.6055544,0
0.54787302,3.0022082,-3.3540201,0.50084007,0.36328077,-0.78561217,0
-0.64229012,-2.6937051,1.6280782,-0.50192809,-0.61755329,-0.6055544,0
-1.2607422,2.3164954,-2.96878,-0.50192809,-0.61755329,-0.6055544,0
-2.0680218,3.7180562,-3.7289798,-0.50192809,-0.61755329,-0.6055544,0
3.5881925,-3.2051444,1.8422298,0.70514363,-0.69760662,0.12695456,0
2.6867952,-4.1059828,1.8988118,0.70514363,-0.69760662,0.12695456,0
-4.5762348,0.31788683,1.817555,-0.50192809,-0.61755329,-0.6055544,0
1.774466,-4.594223,4.0983715,-0.50084007,-0.36328077,0.78561217,0
1.0846403,-2.1028168,-0.40592527,-0.50192809,-0.61755329,-0.6055544,0
-1.4069487,0.96699238,1.8314091,0.50192809,0.61755329,0.6055544,0
2.3061328,-2.2998068,-1.217495,-0.50192809,-0.61755329,-0.6055544,0
2.2875276,-4.4604821,1.0014155,-0.50192809,-0.61755329,-0.6055544,0
4.2705603,-3.1013703,-1.3776188,0.70514363,-0.69760662,0.12695456,0
3.9325047,0.56253684,-2.3244119,0.50084007,0.36328077,-0.78561217,0
-4.681798,1.406865,2.757411,-0.50084007,-0.36328077,0.78561217,0
0.52499628,1.3120184,-3.4245505,-0.50192809,-0.61755329,-0.6055544,0
4.2484722,-2.9391856,-0.36373758,0.70514363,-0.69760662,0.12695456,0
1.9640878,-1.0515891,-2.2069337,-0.50192809,-0.61755329,-0.6055544,0
-4.5519228,0.11901474,2.0002165,-0.50192809,-0.61755329,-0.6055544,0
-1.7972999,-0.76286393,3.5930026,-0.50084007,-0.36328077,0.78561217,0
-1.9533975,2.7838991,-2.8713212,-0.50192809,-0.61755329,-0.6055544,0
4.5939236,-2.6999948,-0.96814299,0.70514363,-0.69760662,0.12695456,0
-1.7729192,2.162781,0.9152689,0.50192809,0.61755329,0.6055544,0
0.69877768,3.3088055,-3.1160405,0.50084007,0.36328077,-0.78561217,0
-0.34349155,-2.2996683,3.8091836,-0.50084007,-0.36328077,0.78561217,0
1.692585,-4.8751264,3.1945615,0.70514363,-0.69760662,0.12695456,0
-0.96878195,2.1922145,0.21872437,0.50192809,0.61755329,0.6055544,0
-0.64510679,4.8706036,-3.2505851,0.50084007,0.36328077,-0.78561217,0
-5.1073475,1.0281432,2.3109894,-0.50084007,-0.36328077,0.78561217,0
-4.8033752,2.7153068,2.2156367,-0.70514363,0.69760662,-0.12695456,0
4.1090856,-3.1043627,-1.891417,-0.50192809,-0.61755329,-0.6055544,0
0.4323225,-2.8703208,0.91747582,-0.50192809,-0.61755329,-0.6055544,0
-1.9763782,4.7944932,-2.0613627,-0.70514363,0.69760662,-0.12695456,0
-1.9470723,0.21806383,3.0428715,0.50192809,0.61755329,0.6055544,0
1.8558264,-4.7140179,3.1731493,0.70514363,-0.69760662,0.12695456,0
-0.001065731,-0.955755,2.626956,0.50192809,0.61755329,0.6055544,0
-0.90417433,3.8647099,-3.880887,0.50084007,0.36328077,-0.78561217,0
-2.6025391,4.2795591,-1.4130046,-0.70514363,0.69760662,-0.12695456,0
-1.1671004,5.0007248,-3.5231936,0.50084007,0.36328077,-0.78561217,0
-0.267519,4.4639592,-3.1979063,0.50084007,0.36328077,-0.78561217,0
1.066359,-4.4245429,3.7254055,-0.50084007,-0.36328077,0.78561217,0
-0.2631011,2.7688735,-3.9789274,0.50084007,0.36328077,-0.78561217,0
-2.4447198,3.6052475,-3.3017006,-0.50192809,-0.61755329,-0.6055544,0
-1.1954432,3.4330106,-4.1615429,-0.50192809,-0.61755329,-0.6055544,0
-3.5452642,3.6189013,0.19290543,-0.70514363,0.69760662,-0.12695456,0
3.7807679,-3.2586524,0.47858143,0.70514363,-0.69760662,0.12695456,0
-3.0782647,2.6020918,1.5492203,0.50192809,0.61755329,0.6055544,0
0.26472616,-3.2210894,3.7708502,-0.50084007,-0.36328077,0.78561217,0
-3.7834535,1.7565411,-0.30672121,-0.50192809,-0.61755329,-0.6055544,0
3.9915473,-3.0304043,0.56205797,0.70514363,-0.69760662,0.12695456,0
5.0427556,-2.5065012,-2.3978562,0.70514363,-0.69760662,0.12695456,0
0.75946546,-1.0117849,2.0537119,0.50192809,0.61755329,0.6055544,0
1.9938254,1.6745481,-3.0461361,0.50084007,0.36328077,-0.78561217,0
4.1500087,-3.0224462,-0.27435398,0.70514363,-0.69760662,0.12695456,0
-4.8059225,2.3575385,0.26387358,-0.70514363,0.69760662,-0.12695456,0
-1.1650664,-0.3729617,-0.30533469,-0.50192809,-0.61755329,-0.6055544,0
2.1091769,-4.6236467,2.2625494,0.70514363,-0.69760662,0.12695456,0
1.9450397,-4.4169054,4.2891107,-0.50084007,-0.36328077,0.78561217,0
-2.5460923,-0.56176746,1.0319082,-0.50192809,-0.61755329,-0.6055544,0
-4.4597492,2.5926261,-0.3670826,-0.70514363,0.69760662,-0.12695456,0
4.4274387,-1.3116461,-2.8755386,0.50084007,0.36328077,-0.78561217,0
-0.73105669,3.2990565,-4.0320902,0.50084007,0.36328077,-0.78561217,0
-4.2210441,2.9471939,0.25539684,-0.70514363,0.69760662,-0.12695456,0
-4.3061776,0.072926998,2.380038,-0.50084007,-0.36328077,0.78561217,0
2.0618722,1.4977325,-3.0845182,0.50084007,0.36328077,-0.78561217,0
2.7535775,-3.0916412,2.5219133,0.50192809,0.61755329,0.6055544,0
-4.5567226,1.0124844,2.6547801,-0.50084007,-0.36328077,0.78561217,0
5.3746643,-2.0043616,-1.4821544,0.70514363,-0.69760662,0.12695456,0
1.7748952,-4.7237968,3.5689321,0.70514363,-0.69760662,0.12695456,0
1.8986316,-2.0830288,2.2019572,0.50192809,0.61755329,0.6055544,0
1.4685907,1.2385128,-3.5826118,0.50084007,0.36328077,-0.78561217,0
-2.1315906,0.43274608,2.9768779,0.50192809,0.61755329,0.6055544,0
-0.08273983,-2.2484584,3.9990973,-0.50084007,-0.36328077,0.78561217,0
-0.6266101,-1.1837169,0.075173199,-0.50192809,-0.61755329,-0.6055544,0
2.1085138,-4.7661028,1.4834437,0.70514363,-0.69760662,0.12695456,0
-5.1519485,2.4211636,2.5354199,-0.70514363,0.69760662,-0.12695456,0
0.40011311,-3.2670317,3.8359175,-0.50084007,-0.36328077,0.78561217,0
-0.4482162,-2.9463921,1.7249097,-0.50192809,-0.61755329,-0.6055544,0
-0.43724537,-3.4962392,2.2765582,-0.50192809,-0.61755329,-0.6055544,0
-3.5363679,3.7084398,0.63549709,-0.70514363,0.69760662,-0.12695456,0
3.5761652,-3.6459918,-0.51339769,0.70514363,-0.69760662,0.12695456,0
4.6714687,-2.1329241,-0.045490265,0.50192809,0.61755329,0.6055544,0
4.8791809,-2.750577,-2.8304911,0.70514363,-0.69760662,0.12695456,0
-3.1292963,-0.98304689,2.6420178,-0.50084007,-0.36328077,0.78561217,0
-1.278234,-2.929981,2.9218028,-0.50084007,-0.36328077,0.78561217,0
3.4475067,0.25949025,-2.7737391,0.50084007,0.36328077,-0.78561217,0
4.140275,-2.5306902,-2.5023088,-0.50192809,-0.61755329,-0.6055544,0
-3.0203543,4.0546045,-0.32844353,-0.70514363,0.69760662,-0.12695456,0
-3.114428,1.1657614,-0.25877285,-0.50192809,-0.61755329,-0.6055544,0
-2.9171357,3.8887153,-1.8133018,-0.70514363,0.69760662,-0.12695456,0
-2.1404917,4.6504059,-1.9415793,-0.70514363,0.69760662,-0.12695456,0
4.912982,-1.0584482,-2.4489141,0.50084007,0.36328077,-0.78561217,0
0.98862243,-3.7403479,1.3436396,-0.50192809,-0.61755329,-0.6055544,0
2.5787089,0.022347033,-3.4372706,0.50084007,0.36328077,-0.78561217,0
-1.7129779,-0.74344116,3.655741,-0.50084007,-0.36328077,0.78561217,0
1.9977219,-4.7849388,1.9953158,0.70514363,-0.69760662,0.12695456,0
1.9416928,-2.0128536,-1.2080595,-0.50192809,-0.61755329,-0.6055544,0
0.12543344,2.4407158,-3.8829756,0.50084007,0.36328077,-0.78561217,0
2.0304031,-0.86825669,-2.4488661,-0.50192809,-0.61755329,-0.6055544,0
3.7126672,-3.27369,0.77420378,0.70514363,-0.69760662,0.12695456,0
-4.189189,3.2032294,1.4853678,-0.70514363,0.69760662,-0.12695456,0
-2.7232141,-1.5223317,2.6515272,-0.50084007,-0.36328077,0.78561217,0
0.7304039,-2.23774,0.025288701,-0.50192809,-0.61755329,-0.6055544,0
-0.77666044,-1.4535897,3.7775249,0.50192809,0.61755329,0.6055544,0
-1.7956963,4.6682806,-3.7584541,-0.70514363,0.69760662,-0.12695456,0
4.4603777,-1.1430856,-2.7765934,0.50084007,0.36328077,-0.78561217,0
-2.0525246,4.5526485,-2.9673426,-0.70514363,0.69760662,-0.12695456,0
2.0320363,-4.5199385,3.2608814,0.70514363,-0.69760662,0.12695456,0
-3.4943008,3.6494615,0.077760696,-0.70514363,0.69760662,-0.12695456,0
3.1808321,-0.76502299,-3.4175017,0.50084007,0.36328077,-0.78561217,0
2.1703625,-3.8743367,3.8035288,0.50192809,0.61755329,0.6055544,0
2.3308139,-1.9524066,1.7105227,0.50192809,0.61755329,0.6055544,0
4.0885787,-2.960072,0.40958977,0.70514363,-0.69760662,0.12695456,0
4.2333374,-2.8623781,0.14237833,0.70514363,-0.69760662,0.12695456,0
2.9681454,-3.7641842,2.2142684,0.70514363,-0.69760662,0.12695456,0
1.5680227,-2.9999008,0.10827136,-0.50192809,-0.61755329,-0.6055544,0
3.2426012,-3.7901466,0.54719925,0.70514363,-0.69760662,0.12695456,0
2.2904291,-4.5323772,1.7573407,0.70514363,-0.69760662,0.12695456,0
-3.8891344,3.3603392,0.68208122,-0.70514363,0.69760662,-0.12695456,0
0.33008289,4.0178223,-3.023227,0.50084007,0.36328077,-0.78561217,0
0.84470415,3.2982123,-3.0279083,0.50084007,0.36328077,-0.78561217,0
0.34234595,-2.1854143,0.29357696,-0.50192809,-0.61755329,-0.6055544,0
-3.9929552,-0.26789927,1.9314835,-0.50192809,-0.61755329,-0.6055544,0
2.7846513,-4.2195845,0.73105621,0.70514363,-0.69760662,0.12695456,0
-0.11974478,3.8470495,-3.388968,0.50084007,0.36328077,-0.78561217,0
2.3194487,-0.16062409,-3.4101024,-0.50192809,-0.61755329,-0.6055544,0
-3.5168331,1.9276557,-0.70222044,-0.50192809,-0.61755329,-0.6055544,0
-1.763043,-0.0043385029,-0.18561494,-0.50192809,-0.61755329,-0.6055544,0
2.1307507,-1.3166529,-2.0747604,-0.50192809,-0.61755329,-0.6055544,0
0.29309797,-3.4433365,3.6861672,-0.50084007,-0.36328077,0.78561217,0
3.8474507,-3.505136,-1.2462053,0.70514363,-0.69760662,0.12695456,0
-2.2705016,-0.032204151,3.5661807,0.50192809,0.61755329,0.6055544,0
1.9200954,2.3586743,-2.7767885,0.50084007,0.36328077,-0.78561217,0
4.4279666,-0.98757267,-2.7253444,0.50084007,0.36328077,-0.78561217,0
-4.4997602,2.9261036,1.6875811,-0.70514363,0.69760662,-0.12695456,0
-4.8187985,2.7084844,2.2638159,-0.70514363,0.69760662,-0.12695456,0
1.7092326,-0.51198632,-2.5459859,-0.50192809,-0.61755329,-0.6055544,0
-4.7689948,1.9509839,0.31187296,-0.50192809,-0.61755329,-0.6055544,0
3.125963,-3.9346077,0.40123606,0.70514363,-0.69760662,0.12695456,0
-0.022922039,4.0756388,-2.4860182,0.50192809,0.61755329,0.6055544,0
4.6464891,-1.3456331,-2.7516065,0.50084007,0.36328077,-0.78561217,0
3.3849697,-2.0401726,0.92626524,0.50192809,0.61755329,0.6055544,0
-5.0175748,2.2989001,2.9558406,-0.50084007,-0.36328077,0.78561217,0
-2.0387452,-2.2424195,2.325335,-0.50192809,-0.61755329,-0.6055544,0
-2.5014894,4.1155457,-2.8755066,-0.70514363,0.69760662,-0.12695456,0
0.035601139,-4.0569754,3.2382522,-0.50084007,-0.36328077,0.78561217,0
2.7452366,-4.1354752,1.4121509,0.70514363,-0.69760662,0.12695456,0
1.2456541,-5.3546972,3.0417433,0.70514363,-0.69760662,0.12695456,0
-2.8258481,-1.0632675,1.7752272,-0.50192809,-0.61755329,-0.6055544,0
0.38885403,2.2023392,-3.8252709,0.50084007,0.36328077,-0.78561217,0
2.989675,-4.08356,0.33973932,0.70514363,-0.69760662,0.12695456,0
1.7877345,-4.7162485,3.5390971,0.70514363,-0.69760662,0.12695456,0
-0.78543997,-1.4101515,3.7405031,0.50192809,0.61755329,0.6055544,0
3.01477,0.62114131,-2.8823819,0.50084007,0.36328077,-0.78561217,0
4.2846427,-2.9098322,-0.40334511,0.70514363,-0.69760662,0.12695456,0
-3.9913878,0.3744421,1.275115,-0.50192809,-0.61755329,-0.6055544,0
2.0675635,1.1000985,-1.1842663,0.50192809,0.61755329,0.6055544,0
-0.5717411,-1.2510595,3.40113,0.50192809,0.61755329,0.6055544,0
2.8643076,-4.0644169,1.1412568,0.70514363,-0.69760662,0.12695456,0
3.457808,-3.5733864,0.54295731,0.70514363,-0.69760662,0.12695456,0
-5.5528255,1.3863683,2.1926398,-0.50084007,-0.36328077,0.78561217,0
-1.1550522,5.4155474,-3.2106047,-0.70514363,0.69760662,-0.12695456,0
-0.31929398,4.7114058,-3.1164904,0.50084007,0.36328077,-0.78561217,0
2.1792917,-4.4816761,2.6532297,0.70514363,-0.69760662,0.12695456,0
-1.2778332,2.3345687,-2.9730449,-0.50192809,-0.61755329,-0.6055544,0
-1.7846032,0.75821865,2.3573472,0.50192809,0.61755329,0.6055544,0
-2.4244137,2.7643774,0.84175873,0.50192809,0.61755329,0.6055544,0
-2.4666095,1.8463171,1.8129852,0.50192809,0.61755329,0.6055544,0
-0.64917803,-1.4623363,3.6807787,0.50192809,0.61755329,0.6055544,0
-4.4610405,1.300429,0.72006273,-0.50192809,-0.61755329,-0.6055544,0
4.6497459,-1.6370058,-2.8842659,0.50084007,0.36328077,-0.78561217,0
1.7695818,-3.230962,3.4796031,0.50192809,0.61755329,0.6055544,0
4.9395337,-2.6974156,-2.8735914,0.70514363,-0.69760662,0.12695456,0
-0.47123766,4.1107407,-3.4911146,0.50084007,0.36328077,-0.78561217,0
2.599638,-3.8528764,0.12306976,-0.50192809,-0.61755329,-0.6055544,0
5.8484755,-1.6231954,-2.0193601,0.70514363,-0.69760662,0.12695456,0
2.0416603,0.93752509,-3.3564534,0.50084007,0.36328077,-0.78561217,0
-1.8426414,4.5631723,-4.0752678,-0.70514363,0.69760662,-0.12695456,0
3.1881135,-1.7958983,-2.4624391,-0.50192809,-0.61755329,-0.6055544,0
-4.1584725,2.4384098,-0.69125748,-0.50192809,-0.61755329,-0.6055544,0
-3.5745192,3.3311021,-1.2260437,-0.70514363,0.69760662,-0.12695456,0
4.3387246,-1.3409474,-2.9456441,0.50084007,0.36328077,-0.78561217,0
-0.14696836,-4.3503652,2.9861917,-0.50084007,-0.36328077,0.78561217,0
3.1655982,-3.6159244,1.9322362,0.70514363,-0.69760662,0.12695456,0
3.7583711,0.28279662,-2.5647805,0.50084007,0.36328077,-0.78561217,0
3.5815616,0.21021616,-2.7110627,0.50084007,0.36328077,-0.78561217,0
1.1035385,1.6317102,-3.633517,0.50084007,0.36328077,-0.78561217,0
3.3297467,-3.584507,1.19314,0.70514363,-0.69760662,0.12695456,0
-3.095212,0.28514385,0.62336636,-0.50192809,-0.61755329,-0.6055544,0
3.13818,-0.093739867,-3.1342797,0.50084007,0.36328077,-0.78561217,0
-4.3559589,3.0197048,1.4032011,-0.70514363,0.69760662,-0.12695456,0
1.0218153,-4.821064,3.5136504,-0.50084007,-0.36328077,0.78561217,0
1.5192461,-3.8337793,4.2873077,-0.50084007,-0.36328077,0.78561217,0
-2.8870971,0.39409459,0.33975601,-0.50192809,-0.61755329,-0.6055544,0
-2.5880692,4.1583862,-2.1592102,-0.70514363,0.69760662,-0.12695456,0
-5.3957968,1.940786,1.2501841,-0.70514363,0.69760662,-0.12695456,0
2.5276411,-0.27949023,-0.15868759,0.50192809,0.61755329,0.6055544,0
-2.2274003,2.6741705,-2.5323048,-0.50192809,-0.61755329,-0.6055544,0
-3.0567598,3.8879132,-1.0421948,-0.70514363,0.69760662,-0.12695456,0
-0.77304363,4.7274532,-3.3983421,0.50084007,0.36328077,-0.78561217,0
0.11868715,2.2775152,-3.9627435,0.50084007,0.36328077,-0.78561217,0
-4.3552241,2.6493402,-0.63601017,-0.70514363,0.69760662,-0.12695456,0
3.6892898,-3.2834358,-1.3608375,-0.50192809,-0.61755329,-0.6055544,0
5.1609702,-2.1882076,-1.3054523,0.70514363,-0.69760662,0.12695456,0
2.9127417,-3.6865466,2.948607,0.70514363,-0.69760662,0.12695456,0
-0.33110762,4.1824975,-3.3685975,0.50084007,0.36328077,-0.78561217,0
1.6235275,-5.0215101,2.7737594,0.70514363,-0.69760662,0.12695456,0
-1.0291437,-1.4099782,0.63956738,-0.50192809,-0.61755329,-0.6055544,0
-1.0938439,3.5676446,-4.1391726,0.50084007,0.36328077,-0.78561217,0
4.8969817,-2.4349222,-1.1948619,0.70514363,-0.69760662,0.12695456,0
-1.9958699,0.09483397,-0.093768597,-0.50192809,-0.61755329,-0.6055544,0
1.1430993,-2.0798604,2.8249671,0.50192809,0.61755329,0.6055544,0
5.4071374,-2.111732,-2.2525082,0.70514363,-0.69760662,0.12695456,0
-0.075056076,2.2665899,-0.59791064,0.50192809,0.61755329,0.6055544,0
1.379478,0.5965094,-0.10036266,0.50192809,0.61755329,0.6055544,0
4.9764767,-0.61681414,-2.2042155,0.50084007,0.36328077,-0.78561217,0
5.3268957,-1.7700551,-2.5140963,0.50084007,0.36328077,-0.78561217,0
-3.1861939,3.8479052,-0.54312325,-0.70514363,0.69760662,-0.12695456,0
-0.75531912,3.307713,-1.0958115,0.50192809,0.61755329,0.6055544,0
-4.821816,2.1079724,0.19555521,-0.50192809,-0.61755329,-0.6055544,0
5.2701788,-2.1740251,-1.8340945,0.70514363,-0.69760662,0.12695456,0
1.6202807,-0.33186889,-2.6559424,-0.50192809,-0.61755329,-0.6055544,0
2.2278428,0.6727289,-3.3602052,0.50084007,0.36328077,-0.78561217,0
-1.9406567,1.6705072,-1.7464283,-0.50192809,-0.61755329,-0.6055544,0
3.0596123,-2.2388308,-1.9042182,-0.50192809,-0.61755329,-0.6055544,0
0.77274656,-5.1854324,3.1863744,-0.50084007,-0.36328077,0.78561217,0
-1.0098668,0.39653707,2.0840371,0.50192809,0.61755329,0.6055544,0
-4.5403666,2.5207958,-0.31401682,-0.70514363,0.69760662,-0.12695456,0
-5.6728053,1.8461417,2.268714,-0.70514363,0.69760662,-0.12695456,0
4.8423543,-1.9619939,-2.9117556,0.50084007,0.36328077,-0.78561217,0
4.0655689,-1.5298312,-3.2071283,0.50084007,0.36328077,-0.78561217,0
0.60896528,-2.228384,0.11640441,-0.50192809,-0.61755329,-0.6055544,0
1.4636636,1.5648997,-3.4348264,0.50084007,0.36328077,-0.78561217,0
-3.3789542,3.8092899,0.31533766,-0.70514363,0.69760662,-0.12695456,0
1.9904476,-3.0799191,-0.16026163,-0.50192809,-0.61755329,-0.6055544,0
1.08356,-2.5349007,3.3383741,0.50192809,0.61755329,0.6055544,0
4.4435067,-2.5920339,0.46055508,0.70514363,-0.69760662,0.12695456,0
-5.1438379,2.3615854,2.1629949,-0.70514363,0.69760662,-0.12695456,0
0.10966229,0.88150346,-2.6412458,-0.50192809,-0.61755329,-0.6055544,0
-4.4681511,0.44649935,2.4495242,-0.50084007,-0.36328077,0.78561217,0
-2.4937167,2.6774116,-2.3148673,-0.50192809,-0.61755329,-0.6055544,0
-1.3131833,-1.1281828,3.7327054,-0.50084007,-0.36328077,0.78561217,0
-5.2253923,2.3956423,2.803112,-0.70514363,0.69760662,-0.12695456,0
3.5020299,-3.5829959,0.24453354,0.70514363,-0.69760662,0.12695456,0
-2.8074527,2.4015746,1.5292416,0.50192809,0.61755329,0.6055544,0
0.060683727,2.5250311,-3.8852661,0.50084007,0.36328077,-0.78561217,0
4.8457942,-1.217436,-2.5652661,0.50084007,0.36328077,-0.78561217,0
5.3765945,-1.7038244,-2.451787,0.50084007,0.36328077,-0.78561217,0
4.07195,-0.27675188,-2.6236143,0.50084007,0.36328077,-0.78561217,0
-2.3631768,-2.1297586,2.6001716,-0.50084007,-0.36328077,0.78561217,0
-2.5216258,1.4512241,-1.04125,-0.50192809,-0.61755329,-0.6055544,0
5.4133029,-1.9949192,-1.6448789,0.70514363,-0.69760662,0.12695456,0
-5.2528872,2.3559761,2.7378635,-0.70514363,0.69760662,-0.12695456,0
3.4671044,-3.6797888,-0.093352795,0.70514363,-0.69760662,0.12695456,0
-0.6599369,4.7892113,-3.2976766,0.50084007,0.36328077,-0.78561217,0
1.0677867,-4.8582592,3.5257578,-0.50084007,-0.36328077,0.78561217,0
5.3919411,-2.0813887,-2.0013709,0.70514363,-0.69760662,0.12695456,0
-4.8019295,2.4028583,0.49072313,-0.70514363,0.69760662,-0.12695456,0
5.8090634,-1.6657915,-2.0345187,0.70514363,-0.69760662,0.12695456,0
-4.6504984,2.8567595,2.1437888,-0.70514363,0.69760662,-0.12695456,0
1.3452408,-0.53846395,1.0854782,0.50192809,0.61755329,0.6055544,0
-2.0342784,4.5414267,-3.1303511,-0.70514363,0.69760662,-0.12695456,0
2.109647,0.5616883,-3.4869039,0.50084007,0.36328077,-0.78561217,0
-4.1922889,1.7320063,3.2198317,-0.50084007,-0.36328077,0.78561217,0
0.70432043,3.0649917,-2.0581369,0.50192809,0.61755329,0.6055544,0
-2.470242,4.0131397,-3.6117775,-0.70514363,0.69760662,-0.12695456,0
-5.3117089,1.9827306,1.0136204,-0.70514363,0.69760662,-0.12695456,0
-4.1275802,1.0323049,2.9375303,-0.50084007,-0.36328077,0.78561217,0
3.7219856,-3.1743431,1.2683511,0.70514363,-0.69760662,0.12695456,0
-3.8196588,3.3812335,0.41100264,-0.70514363,0.69760662,-0.12695456,0
3.41435,-0.21138918,-0.96310759,0.50192809,0.61755329,0.6055544,0
2.986033,0.6343677,-2.8945866,0.50084007,0.36328077,-0.78561217,0
-4.2331476,2.9838121,0.52383995,-0.70514363,0.69760662,-0.12695456,0
-0.45181316,-0.88163853,-0.37777531,-0.50192809,-0.61755329,-0.6055544,0
-0.48003608,0.99060893,1.039031,0.50192809,0.61755329,0.6055544,0
0.6059618,2.9814966,-3.3265655,0.50084007,0.36328077,-0.78561217,0
1.7392721,1.9035469,-3.102525,0.50084007,0.36328077,-0.78561217,0
3.6300509,-0.4767561,-0.87127161,0.50192809,0.61755329,0.6055544,0
-4.302907,-0.25175548,2.2319851,-0.50084007,-0.36328077,0.78561217,0
0.7024585,-0.64597213,1.7279021,0.50192809,0.61755329,0.6055544,0
0.2789917,0.97335547,-2.8752704,-0.50192809,-0.61755329,-0.6055544,0
4.905108,-0.37709546,-2.0297675,0.50192809,0.61755329,0.6055544,0
-1.0934377,3.5052724,-1.0170279,0.50192809,0.61755329,0.6055544,0
-1.5158019,-2.9542394,2.7591319,-0.50084007,-0.36328077,0.78561217,0
3.3723586,-3.3696809,2.1369157,0.70514363,-0.69760662,0.12695456,0
-1.4344001,-0.56503332,3.4165452,0.50192809,0.61755329,0.6055544,0
3.1938398,-2.7339194,-1.5105774,-0.50192809,-0.61755329,-0.6055544,0
3.5160327,0.37289262,-2.6776137,0.50084007,0.36328077,-0.78561217,0
0.0017824173,-1.797524,3.4830437,0.50192809,0.61755329,0.6055544,0
-4.9252462,2.5477266,3.1297631,-0.50084007,-0.36328077,0.78561217,0
0.89442754,-3.9419742,1.6273369,-0.50192809,-0.61755329,-0.6055544,0
-5.1737022,2.1162496,0.98076677,-0.70514363,0.69760662,-0.12695456,0
1.8325075,1.1159182,-1.0055676,0.50192809,0.61755329,0.6055544,0
1.6377201,1.0687637,-3.5532842,0.50084007,0.36328077,-0.78561217,0
2.6491749,-1.9850929,1.479975,0.50192809,0.61755329,0.6055544,0
3.0180478,-2.3103595,1.5059381,0.50192809,0.61755329,0.6055544,0
-2.7041469,4.0245123,-2.2501109,-0.70514363,0.69760662,-0.12695456,0
5.0554247,-1.5288101,-2.5756083,0.50084007,0.36328077,-0.78561217,0
-0.98204613,5.4982824,-3.1751392,0.50084007,0.36328077,-0.78561217,0
-2.8469815,3.6224253,-2.9857945,-0.50192809,-0.61755329,-0.6055544,0
2.4602838,-4.1218395,3.0697947,0.70514363,-0.69760662,0.12695456,0
1.6783171,2.6592638,-2.4516904,0.50192809,0.61755329,0.6055544,0
-0.4674859,3.643095,-3.7049699,0.50084007,0.36328077,-0.78561217,0
-5.451201,2.1199315,2.5966387,-0.50084007,-0.36328077,0.78561217,0
0.51274443,0.95194221,-3.0471845,-0.50192809,-0.61755329,-0.6055544,0
2.566371,-2.3248491,1.895098,0.50192809,0.61755329,0.6055544,0
-4.2485099,2.9122369,0.21586657,-0.70514363,0.69760662,-0.12695456,0
-4.6479301,1.7917719,2.9569902,-0.50084007,-0.36328077,0.78561217,0
-1.2383089,4.2535477,-1.6600502,0.50192809,0.61755329,0.6055544,0
1.1290607,-3.4583168,4.2121787,-0.50084007,-0.36328077,0.78561217,0
-3.7278702,3.1144056,1.5651956,0.50192809,0.61755329,0.6055544,0
-3.5980654,3.685832,0.85395622,-0.70514363,0.69760662,-0.12695456,0
-0.96292353,-2.0594931,3.5253465,-0.50084007,-0.36328077,0.78561217,0
-1.8668535,4.9205322,-1.9771202,-0.70514363,0.69760662,-0.12695456,0
3.6265461,-2.7296629,-1.8735771,-0.50192809,-0.61755329,-0.6055544,0
4.2059536,-2.8888535,0.1489954,0.70514363,-0.69760662,0.12695456,0
-4.299613,2.8575318,0.19910717,-0.70514363,0.69760662,-0.12695456,0
3.7288713,-1.3258177,-0.087295532,0.50192809,0.61755329,0.6055544,0
-1.5205064,-2.9402664,2.7625942,-0.50084007,-0.36328077,0.78561217,0
0.42669487,-1.1552614,2.4758558,0.50192809,0.61755329,0.6055544,0
0.77426004,-4.240829,3.6241405,-0.50084007,-0.36328077,0.78561217,0
-3.1092851,0.9639681,3.2455149,0.50192809,0.61755329,0.6055544,0
1.7373149,0.22203374,-3.317827,-0.50192809,-0.61755329,-0.6055544,0
-3.3535931,-1.0612143,2.210567,-0.50192809,-0.61755329,-0.6055544,0
-3.5274115,1.8941175,2.6435087,0.50192809,0.61755329,0.6055544,0
-0.21602249,-3.4830589,3.343226,-0.50084007,-0.36328077,0.78561217,0
-1.1460104,5.4112349,-3.2845211,-0.70514363,0.69760662,-0.12695456,0
3.5906098,-1.1805437,-3.3484058,0.50084007,0.36328077,-0.78561217,0
0.40490627,-2.4279132,3.7917848,0.50192809,0.61755329,0.6055544,0
1.673388,-4.8092151,1.8661025,-0.50192809,-0.61755329,-0.6055544,0
2.480341,-4.2437725,2.2883763,0.70514363,-0.69760662,0.12695456,0
2.3711269,1.5074878,-2.8828518,0.50084007,0.36328077,-0.78561217,0
-3.9239712,3.2143226,0.073218822,-0.70514363,0.69760662,-0.12695456,0
2.3743594,1.9897821,-2.6577702,0.50084007,0.36328077,-0.78561217,0
-1.6398621,-2.5782502,2.8539059,-0.50084007,-0.36328077,0.78561217,0
-1.427012,2.6291342,0.15296197,0.50192809,0.61755329,0.6055544,0
-2.6042986,1.3102629,-0.82897067,-0.50192809,-0.61755329,-0.6055544,0
-4.3705153,0.30444145,1.6607511,-0.50192809,-0.61755329,-0.6055544,0
-1.2479327,2.5596104,0.075429201,0.50192809,0.61755329,0.6055544,0
0.53113723,1.3941497,-0.21064079,0.50192809,0.61755329,0.6055544,0
1.1211332,-1.0536871,1.7966673,0.50192809,0.61755329,0.6055544,0
4.8241987,-2.6508176,-2.9466877,-0.50192809,-0.61755329,-0.6055544,0
0.8106513,1.8513513,-3.7186713,0.50084007,0.36328077,-0.78561217,0
-4.3200665,2.9244132,0.68021917,-0.70514363,0.69760662,-0.12695456,0
1.1212029,3.2040608,-2.8951731,0.50084007,0.36328077,-0.78561217,0
0.12464762,-4.1991906,2.5277007,-0.50192809,-0.61755329,-0.6055544,0
4.9252253,-2.3774395,-1.0358696,0.70514363,-0.69760662,0.12695456,0
-0.698874,0.58406782,-1.6677421,-0.50192809,-0.61755329,-0.6055544,0
-4.8122215,2.3422046,0.21460295,-0.70514363,0.69760662,-0.12695456,0
4.160162,-3.0464725,-0.46277142,0.70514363,-0.69760662,0.12695456,0
0.30621243,-4.6579137,2.8450189,-0.50192809,-0.61755329,-0.6055544,0
4.7093515,-2.8087893,-2.2070813,0.70514363,-0.69760662,0.12695456,0
-4.6717491,2.5530953,0.59320784,-0.70514363,0.69760662,-0.12695456,0
2.4910073,-3.9850888,3.6505811,0.70514363,-0.69760662,0.12695456,0
-4.7447867,1.3422123,2.6873579,-0.50084007,-0.36328077,0.78561217,0
-4.2054,0.92753327,2.8394709,-0.50084007,-0.36328077,0.78561217,0
1.2854509,-4.8712339,3.6585226,-0.50084007,-0.36328077,0.78561217,0
-1.5873389,-2.8735576,2.7508349,-0.50084007,-0.36328077,0.78561217,0
4.8531399,-1.418298,-2.6534648,0.50084007,0.36328077,-0.78561217,0
2.7628653,-4.0793967,1.6223841,0.70514363,-0.69760662,0.12695456,0
0.51067668,-1.1319331,-0.92030358,-0.50192809,-0.61755329,-0.6055544,0
1.9250684,1.5554032,-3.1450644,0.50084007,0.36328077,-0.78561217,0
2.8493593,-4.1066442,0.99224997,0.70514363,-0.69760662,0.12695456,0
3.8799529,-3.4181685,-0.9488492,0.70514363,-0.69760662,0.12695456,0
-0.91542935,1.6247444,0.75321615,0.50192809,0.61755329,0.6055544,0
3.3757148,-3.7189882,0.19885492,0.70514363,-0.69760662,0.12695456,0
-2.0599389,0.49218071,-0.44588375,-0.50192809,-0.61755329,-0.6055544,0
-0.48395324,2.7134173,-0.71466804,0.50192809,0.61755329,0.6055544,0
-4.7079153,2.4830613,0.40925264,-0.70514363,0.69760662,-0.12695456,0
-0.93225884,4.180274,-1.8390011,0.50192809,0.61755329,0.6055544,0
-1.0463877,-3.2533422,2.9200807,-0.50084007,-0.36328077,0.78561217,0
-1.4158678,2.5994556,-3.1287673,-0.50192809,-0.61755329,-0.6055544,0
-3.0228424,3.8154979,-1.6285005,-0.70514363,0.69760662,-0.12695456,0
-4.6586266,2.7907848,1.8264065,-0.70514363,0.69760662,-0.12695456,0
3.2237899,-0.12757957,-3.0953498,0.50084007,0.36328077,-0.78561217,0
-4.1048708,3.2099724,1.05409,-0.70514363,0.69760662,-0.12695456,0
-0.47224188,-2.0271053,3.8531408,-0.50084007,-0.36328077,0.78561217,0
5.0975513,-2.2567267,-1.3297153,0.70514363,-0.69760662,0.12695456,0
-4.6652923,2.6117899,0.87986469,-0.70514363,0.69760662,-0.12695456,0
1.328176,2.0308683,-3.3057294,0.50084007,0.36328077,-0.78561217,0
-1.2944934,1.8168273,0.8715235,0.50192809,0.61755329,0.6055544,0
-1.5731244,5.0920677,-2.6660056,-0.70514363,0.69760662,-0.12695456,0
3.5709159,-0.90104163,-3.2317142,0.50084007,0.36328077,-0.78561217,0
3.8461747,-2.1479042,0.65385103,0.50192809,0.61755329,0.6055544,0
2.0924606,-4.5767565,2.6130533,0.70514363,-0.69760662,0.12695456,0
1.5368886,-3.252317,3.6942534,0.50192809,0.61755329,0.6055544,0
4.049159,-3.3415396,-1.4675999,0.70514363,-0.69760662,0.12695456,0
2.5486925,-2.1189253,-1.6030114,-0.50192809,-0.61755329,-0.6055544,0
-0.83445311,5.1215553,-2.8800025,0.50192809,0.61755329,0.6055544,0
5.4266543,-2.1537161,-2.5916123,0.70514363,-0.69760662,0.12695456,0
-5.1507998,2.4427452,2.9374242,-0.50084007,-0.36328077,0.78561217,0
4.3177195,-1.9324375,-3.2325504,0.50084007,0.36328077,-0.78561217,0
0.30944395,-2.6577628,4.0598507,-0.50084007,-0.36328077,0.78561217,0
-0.20398498,2.0664885,-0.28697842,0.50192809,0.61755329,0.6055544,0
3.3576915,-3.612128,0.88615084,0.70514363,-0.69760662,0.12695456,0
-5.5955253,1.9410242,2.3608451,-0.70514363,0.69760662,-0.12695456,0
4.7829313,-2.4929805,-0.8804183,0.70514363,-0.69760662,0.12695456,0
-4.2971735,3.1531715,1.8100796,-0.70514363,0.69760662,-0.12695456,0
5.7716594,-1.6155658,-1.5507746,0.70514363,-0.69760662,0.12695456,0
-5.1950526,2.1900556,2.7923641,-0.50084007,-0.36328077,0.78561217,0
-3.8951283,1.4570239,3.2821198,-0.50084007,-0.36328077,0.78561217,0
-3.6030881,1.784676,2.8178456,0.50192809,0.61755329,0.6055544,0
-2.8066278,2.1959443,1.7382624,0.50192809,0.61755329,0.6055544,0
-5.0030499,2.2743988,0.90192938,-0.70514363,0.69760662,-0.12695456,0
-4.9508057,2.5864818,2.3266225,-0.70514363,0.69760662,-0.12695456,0
-3.8524849,0.25712693,2.754452,-0.50084007,-0.36328077,0.78561217,0
-1.3990173,5.2749462,-2.6281395,-0.70514363,0.69760662,-0.12695456,0
-3.7422583,0.87645006,3.1111093,-0.50084007,-0.36328077,0.78561217,0
3.2724817,-3.4966776,1.9938259,0.70514363,-0.69760662,0.12695456,0
1.5363116,1.8676599,-3.2485104,0.50084007,0.36328077,-0.78561217,0
2.0173864,1.9290946,-2.9134092,0.50084007,0.36328077,-0.78561217,0
2.8111169,1.6730165,-2.5258081,0.50084007,0.36328077,-0.78561217,0
-3.014571,3.7053032,-2.2799554,-0.70514363,0.69760662,-0.12695456,0
-5.5084429,1.7450075,1.1348395,-0.50192809,-0.61755329,-0.6055544,0
-1.9167657,3.3946776,-3.5245657,-0.50192809,-0.61755329,-0.6055544,0
-0.97225714,-2.6119316,1.8181856,-0.50192809,-0.61755329,-0.6055544,0
2.8102651,1.726377,-2.43856,0.50192809,0.61755329,0.6055544,0
4.2504282,-0.060522795,-2.4098442,0.50084007,0.36328077,-0.78561217,0
-4.5831928,1.2635424,2.7539985,-0.50084007,-0.36328077,0.78561217,0
-1.1726112,-2.6999438,3.0955119,-0.50084007,-0.36328077,0.78561217,0
0.52101707,-5.0012493,3.1110632,-0.50084007,-0.36328077,0.78561217,0
2.467247,-4.1200118,0.50523376,-0.50192809,-0.61755329,-0.6055544,0
1.4352689,-5.0911345,3.4368222,0.70514363,-0.69760662,0.12695456,0
-0.22569752,-3.8703222,3.1579809,-0.50084007,-0.36328077,0.78561217,0
-0.6228385,-2.4849677,3.5454097,-0.50084007,-0.36328077,0.78561217,0
4.591826,-0.31469226,-2.3097301,0.50084007,0.36328077,-0.78561217,0
-5.1053629,2.1849766,0.97884178,-0.70514363,0.69760662,-0.12695456,0
5.7317214,-1.6580374,-2.204215,0.50084007,0.36328077,-0.78561217,0
-1.0284488,-0.0088297725,-0.78992045,-0.50192809,-0.61755329,-0.6055544,0
-5.2031274,0.73334074,2.1136065,-0.50084007,-0.36328077,0.78561217,0
-1.8910692,4.8864713,-2.0297799,-0.70514363,0.69760662,-0.12695456,0
-1.6523752,-0.99139553,3.5797181,-0.50084007,-0.36328077,0.78561217,0
-5.4662132,2.0707469,2.3554263,-0.70514363,0.69760662,-0.12695456,0
0.48978758,2.4896414,-3.6280708,0.50084007,0.36328077,-0.78561217,0
3.2694075,0.42921174,-2.8087983,0.50084007,0.36328077,-0.78561217,0
1.8982825,-4.8251648,2.3265905,0.70514363,-0.69760662,0.12695456,0
5.3942761,-2.0839102,-2.6162724,0.50084007,0.36328077,-0.78561217,0
-3.1010609,3.9311988,-0.55828381,-0.70514363,0.69760662,-0.12695456,0
0.31227469,-3.0038722,1.1531779,-0.50192809,-0.61755329,-0.6055544,0
-0.69861507,-3.0045037,1.9917217,-0.50192809,-0.61755329,-0.6055544,0
-0.088371873,-0.17795619,-1.3966479,-0.50192809,-0.61755329,-0.6055544,0
-0.4249835,-1.5709754,3.605741,0.50192809,0.61755329,0.6055544,0
1.2912354,-0.5741592,1.1666447,0.50192809,0.61755329,0.6055544,0
0.96136141,2.4758232,-3.3338246,0.50084007,0.36328077,-0.78561217,0
-4.3325729,2.7759657,-0.066020012,-0.70514363,0.69760662,-0.12695456,0
5.0496564,-1.1789839,-1.3318024,0.50192809,0.61755329,0.6055544,0
2.4882464,-4.2422056,2.253077,0.70514363,-0.69760662,0.12695456,0
-5.1299534,1.8615265,2.6819491,-0.50084007,-0.36328077,0.78561217,0
0.62879515,2.6989577,-3.4426594,0.50084007,0.36328077,-0.78561217,0
-1.4684796,-0.044993654,2.9144487,0.50192809,0.61755329,0.6055544,0
5.1582422,-2.080894,-0.70061874,0.70514363,-0.69760662,0.12695456,0
-2.9119587,4.1319017,-0.50576496,-0.70514363,0.69760662,-0.12695456,0
-2.3287592,4.3317552,-2.6468475,-0.70514363,0.69760662,-0.12695456,0
-5.2489715,1.5663091,2.4695587,-0.50084007,-0.36328077,0.78561217,0
1.2151847,1.8410733,-3.465528,0.50084007,0.36328077,-0.78561217,0
-3.6093915,3.5253696,0.035133362,-0.70514363,0.69760662,-0.12695456,0
1.8217993,0.48130065,-3.6522579,-0.50192809,-0.61755329,-0.6055544,0
3.2791905,-3.8945417,-0.22967482,0.70514363,-0.69760662,0.12695456,0
-0.13358533,0.15291858,1.6061561,0.50192809,0.61755329,0.6055544,0
-2.1360779,4.4351006,-3.1491797,-0.70514363,0.69760662,-0.12695456,0
-5.0510106,2.4235675,1.9879899,-0.70514363,0.69760662,-0.12695456,0
4.0659518,-3.0154316,-1.9463577,-0.50192809,-0.61755329,-0.6055544,0
1.0736465,-2.3917954,3.2006502,0.50192809,0.61755329,0.6055544,0
1.4562411,2.8283038,-2.8553381,0.50084007,0.36328077,-0.78561217,0
3.8220801,-3.0423825,1.4375114,0.70514363,-0.69760662,0.12695456,0
0.50773537,0.9163236,0.29605058,0.50192809,0.61755329,0.6055544,0
-2.2637537,-1.3071482,3.0439448,-0.50084007,-0.36328077,0.78561217,0
-4.8115163,2.7981236,2.7159276,-0.70514363,0.69760662,-0.12695456,0
-1.0314493,0.6662215,-1.4758608,-0.50192809,-0.61755329,-0.6055544,0
-1.4410428,2.3641844,0.4347918,0.50192809,0.61755329,0.6055544,0
0.58221579,2.2466085,-3.6815286,0.50084007,0.36328077,-0.78561217,0
-3.4526229,2.0251215,2.4479187,0.50192809,0.61755329,0.6055544,0
-0.55738902,2.3805175,-0.31430244,0.50192809,0.61755329,0.6055544,0
4.0945139,-3.0330746,-0.024524212,0.70514363,-0.69760662,0.12695456,0
3.9166908,-1.4559703,-0.11024237,0.50192809,0.61755329,0.6055544,0
1.7732124,2.4115081,-2.8459973,0.50084007,0.36328077,-0.78561217,0
0.85365295,-5.3065233,3.1819596,-0.50084007,-0.36328077,0.78561217,0
-3.8624249,3.4821267,1.202939,-0.70514363,0.69760662,-0.12695456,0
2.909265,0.36833048,-3.0665467,0.50084007,0.36328077,-0.78561217,0
-3.7323663,1.6946681,-0.28596687,-0.50192809,-0.61755329,-0.6055544,0
4.2492166,-3.1608796,-1.5860672,0.70514363,-0.69760662,0.12695456,0
-3.4390197,2.9921372,-1.8522925,-0.50192809,-0.61755329,-0.6055544,0
1.0093743,-0.5779497,1.4041371,0.50192809,0.61755329,0.6055544,0
0.65999508,3.7508769,-2.7208734,0.50192809,0.61755329,0.6055544,0
-2.2537723,4.1874394,-3.8563511,-0.70514363,0.69760662,-0.12695456,0
-1.5462551,3.3122964,-3.7476587,-0.50192809,-0.61755329,-0.6055544,0
-4.9037142,1.6587691,2.7324209,-0.50084007,-0.36328077,0.78561217,0
-1.0826914,1.0233197,1.5051973,0.50192809,0.61755329,0.6055544,0
1.8793499,-4.4037538,1.2818904,-0.50192809,-0.61755329,-0.6055544,0
-1.2592901,0.92024899,-1.5460706,-0.50192809,-0.61755329,-0.6055544,0
-4.4598131,1.6973839,3.0332713,-0.50084007,-0.36328077,0.78561217,0
1.6191139,-4.9764695,3.0457702,0.70514363,-0.69760662,0.12695456,0
2.4062514,-4.1008673,3.4851439,0.70514363,-0.69760662,0.12695456,0
-3.2755535,3.8793788,0.12615442,-0.70514363,0.69760662,-0.12695456,0
-5.086153,1.9365488,0.58947706,-0.50192809,-0.61755329,-0.6055544,0
-2.5968428,3.9410653,-3.3046446,-0.70514363,0.69760662,-0.12695456,0
-3.6189575,-0.72573102,2.4488392,-0.50084007,-0.36328077,0.78561217,0
2.7000902,-0.15329361,-3.4411068,0.50084007,0.36328077,-0.78561217,0
4.5176363,-2.4078345,-2.940383,-0.50192809,-0.61755329,-0.6055544,0
-2.9753306,3.8548183,-1.676332,-0.70514363,0.69760662,-0.12695456,0
-0.26534939,-3.0823517,3.4970739,-0.50084007,-0.36328077,0.78561217,0
4.5844994,-0.33273268,-2.3227425,0.50084007,0.36328077,-0.78561217,0
-2.457366,4.040309,-3.5340023,-0.70514363,0.69760662,-0.12695456,0
-2.3150702,-0.69800568,0.97935772,-0.50192809,-0.61755329,-0.6055544,0
-2.3212528,4.3061638,-2.8291616,-0.70514363,0.69760662,-0.12695456,0
-0.37192833,0.58312339,1.3649831,0.50192809,0.61755329,0.6055544,0
1.7721334,-4.679522,3.8275588,0.70514363,-0.69760662,0.12695456,0
-0.24216151,3.0656471,-1.2742915,0.50192809,0.61755329,0.6055544,0
-4.3606791,0.10540676,2.360312,-0.50084007,-0.36328077,0.78561217,0
3.7040286,-2.0224483,-2.6590281,-0.50192809,-0.61755329,-0.6055544,0
-1.5819707,1.1852132,1.7539352,0.50192809,0.61755329,0.6055544,0
4.6222105,-2.6843371,-1.039217,0.70514363,-0.69760662,0.12695456,0
0.55099583,1.8547119,-3.8826518,0.50084007,0.36328077,-0.78561217,0
-4.5476694,2.7024751,0.72485971,-0.70514363,0.69760662,-0.12695456,0
-2.8196001,4.0430908,-1.5067592,-0.70514363,0.69760662,-0.12695456,0
-5.5863791,1.8490797,1.8048172,-0.70514363,0.69760662,-0.12695456,0
2.7939813,-4.1745057,0.92693949,0.70514363,-0.69760662,0.12695456,0
-1.1626101,-1.3004169,3.749054,-0.50084007,-0.36328077,0.78561217,0
-0.66149092,0.94030118,1.2407386,0.50192809,0.61755329,0.6055544,0
-1.2785649,1.1806538,-1.7956589,-0.50192809,-0.61755329,-0.6055544,0
2.6341383,0.86397004,-3.0127523,0.50084007,0.36328077,-0.78561217,0
-2.2731237,0.33662781,3.1922135,0.50192809,0.61755329,0.6055544,0
-3.2144735,-0.14721012,2.9742212,-0.50084007,-0.36328077,0.78561217,0
1.253727,-0.41041711,-2.272011,-0.50192809,-0.61755329,-0.6055544,0
0.18057919,3.2293038,-3.4831629,0.50084007,0.36328077,-0.78561217,0
