-2.9884529,1.7391356,2.4857721,-0.76278186,0.57970494,0.2865414,0
0.84111571,2.4180114,-2.3925591,0.28180993,0.69682229,-0.65956187,0
0.91180301,-4.607935,0.8278873,-0.28180993,-0.69682229,0.65956187,0
1.7553694,2.2806296,-2.1470704,0.28180993,0.69682229,-0.65956187,0
3.2896228,-1.5120891,-2.1433887,0.76278186,-0.57970494,-0.2865414,0
1.2457825,-3.0977159,-0.59972715,-0.58201969,-0.4223516,-0.69488996,0
2.5870674,0.25763631,-0.88436645,0.58201969,0.4223516,0.69488996,0
0.10026622,2.6064873,-0.22911692,0.58201969,0.4223516,0.69488996,0
-3.2478716,2.606564,0.04028821,-0.76278186,0.57970494,0.2865414,0
-2.1413856,4.4363775,-0.71612787,-0.76278186,0.57970494,0.2865414,0
-3.3578291,2.0764081,0.82014227,-0.76278186,0.57970494,0.2865414,0
1.7102838,1.4194409,-3.076174,0.28180993,0.69682229,-0.65956187,0
3.0090322,1.6374947,-2.2908874,0.28180993,0.69682229,-0.65956187,0
-1.0526307,-2.4575708,2.2603912,-0.28180993,-0.69682229,0.65956187,0
3.4875369,-1.8760023,-0.88029957,0.76278186,-0.57970494,-0.2865414,0
2.4277046,-3.8900054,0.37294674,0.76278186,-0.57970494,-0.2865414,0
2.8354855,1.0477268,-2.9881239,0.28180993,0.69682229,-0.65956187,0
-3.6906552,1.7209728,0.65323257,-0.76278186,0.57970494,0.2865414,0
-0.15996099,0.72897768,1.1299853,0.58201969,0.4223516,0.69488996,0
1.1742325,2.8602571,-1.7829998,0.28180993,0.69682229,-0.65956187,0
2.9199867,-1.1197141,-3.2042146,-0.58201969,-0.4223516,-0.69488996,0
-3.2371287,2.4629152,0.35950351,-0.76278186,0.57970494,0.2865414,0
-2.7669699,3.7769628,-1.0473843,-0.76278186,0.57970494,0.2865414,0
1.8125107,2.2357559,-2.1700647,0.28180993,0.69682229,-0.65956187,0
-3.0073767,0.38568908,3.7235477,0.58201969,0.4223516,0.69488996,0
3.3014221,0.70488691,-3.1512516,0.28180993,0.69682229,-0.65956187,0
-1.0298007,-1.2901671,3.0857663,0.58201969,0.4223516,0.69488996,0
1.2100093,-4.6852584,0.87361026,-0.28180993,-0.69682229,0.65956187,0
-0.034060001,-0.38953555,1.7043626,0.58201969,0.4223516,0.69488996,0
3.0938756,-1.786411,-2.1094906,0.76278186,-0.57970494,-0.2865414,0
-0.83516765,-0.69651639,-0.31622419,-0.58201969,-0.4223516,-0.69488996,0
-1.6729369,4.9107757,-0.42886448,-0.76278186,0.57970494,0.2865414,0
-2.7575514,3.3136196,-1.1434376,-0.58201969,-0.4223516,-0.69488996,0
0.23056054,-4.1262712,1.0456889,-0.28180993,-0.69682229,0.65956187,0
3.4193304,-1.8497751,-1.1149282,0.76278186,-0.57970494,-0.2865414,0
-0.49135566,3.7983019,-1.5036159,0.28180993,0.69682229,-0.65956187,0
-0.99227726,2.5973194,0.6915381,0.58201969,0.4223516,0.69488996,0
2.1806254,-4.1838393,0.30967379,0.76278186,-0.57970494,-0.2865414,0
-3.8082488,-0.4921518,3.1594539,-0.28180993,-0.69682229,0.65956187,0
-0.72216767,0.92950141,-1.3991575,-0.58201969,-0.4223516,-0.69488996,0
3.1746426,-2.775044,0.46674967,0.58201969,0.4223516,0.69488996,0
3.3773339,-0.54659128,-3.8632083,0.76278186,-0.57970494,-0.2865414,0
-2.6570022,0.39291799,0.54753733,-0.58201969,-0.4223516,-0.69488996,0
3.1380243,-1.6110603,-2.3467188,0.76278186,-0.57970494,-0.2865414,0
3.0955353,-2.6138015,-0.43117046,0.76278186,-0.57970494,-0.2865414,0
-1.4893851,-1.3148432,3.2810636,-0.28180993,-0.69682229,0.65956187,0
3.9746184,-0.40605932,-2.5575314,0.76278186,-0.57970494,-0.2865414,0
-0.7999121,-1.753659,0.29677427,-0.58201969,-0.4223516,-0.69488996,0
-2.0695405,3.8801742,0.60038757,-0.76278186,0.57970494,0.2865414,0
-1.7069659,2.1131825,-1.2937566,-0.58201969,-0.4223516,-0.69488996,0
-2.5775418,2.6298947,1.7775269,-0.76278186,0.57970494,0.2865414,0
3.9590354,-0.64313567,-1.486001,0.58201969,0.4223516,0.69488996,0
2.0668082,2.345747,-1.9452068,0.28180993,0.69682229,-0.65956187,0
3.6204846,0.63625002,-3.0874407,0.28180993,0.69682229,-0.65956187,0
-2.2429397,4.3077812,-0.72630358,-0.76278186,0.57970494,0.2865414,0
0.33382583,2.5679693,-2.4508791,0.28180993,0.69682229,-0.65956187,0
-0.55995941,-1.8070856,0.12826943,-0.58201969,-0.4223516,-0.69488996,0
3.1556311,-1.6693555,-2.1819115,0.76278186,-0.57970494,-0.2865414,0
-0.8318181,-2.8827507,1.9055381,-0.28180993,-0.69682229,0.65956187,0
0.65427423,-3.9480457,1.4150224,-0.28180993,-0.69682229,0.65956187,0
-1.1846188,-0.14358175,2.5185475,0.58201969,0.4223516,0.69488996,0
3.6529365,-0.97689176,-2.2590008,0.76278186,-0.57970494,-0.2865414,0
-1.0213007,-1.3673127,0.24738294,-0.58201969,-0.4223516,-0.69488996,0
2.8665254,-1.9782825,-2.3265264,0.76278186,-0.57970494,-0.2865414,0
-1.9752512,2.028461,-1.0175546,-0.58201969,-0.4223516,-0.69488996,0
-0.58754396,-2.0499115,2.8897977,-0.28180993,-0.69682229,0.65956187,0
-3.0901997,-0.77600491,1.6208383,-0.58201969,-0.4223516,-0.69488996,0
-0.77065706,-2.6185617,2.2107844,-0.28180993,-0.69682229,0.65956187,0
2.377007,-2.0103445,0.67004466,0.58201969,0.4223516,0.69488996,0
-2.9658556,-0.33235013,1.2470392,-0.58201969,-0.4223516,-0.69488996,0
1.5776095,-5.0742316,0.61972713,-0.28180993,-0.69682229,0.65956187,0
3.0195198,-1.8545226,-2.1696303,0.76278186,-0.57970494,-0.2865414,0
1.8841995,-2.8813324,-1.2659643,-0.58201969,-0.4223516,-0.69488996,0
2.9686139,-2.1082091,-1.7919075,0.76278186,-0.57970494,-0.2865414,0
-2.2918506,4.0380011,-0.31071043,-0.76278186,0.57970494,0.2865414,0
0.6348179,0.98698348,0.30748653,0.58201969,0.4223516,0.69488996,0
-0.78201342,2.3898654,-2.2366364,-0.58201969,-0.4223516,-0.69488996,0
2.8830819,-0.26449275,-0.81495154,0.58201969,0.4223516,0.69488996,0
2.2675271,-4.2377162,0.65000725,0.76278186,-0.57970494,-0.2865414,0
-1.0420139,3.1355517,-2.4390845,0.28180993,0.69682229,-0.65956187,0
2.0463097,-4.5261464,0.64464569,0.76278186,-0.57970494,-0.2865414,0
2.6217461,1.0810691,-1.4138916,0.58201969,0.4223516,0.69488996,0
-2.6052771,-1.7554594,1.8099896,-0.58201969,-0.4223516,-0.69488996,0
3.8389626,-0.84963608,-2.0212455,0.76278186,-0.57970494,-0.2865414,0
3.5654569,0.71580696,-3.026901,0.28180993,0.69682229,-0.65956187,0
-0.53161478,3.1353774,-2.2211916,0.28180993,0.69682229,-0.65956187,0
0.2258507,1.8199023,0.14378059,0.58201969,0.4223516,0.69488996,0
0.52239585,-1.9915161,-0.66618407,-0.58201969,-0.4223516,-0.69488996,0
1.3650361,0.19275761,0.17860448,0.58201969,0.4223516,0.69488996,0
1.2830577,1.554908,-3.1155939,0.28180993,0.69682229,-0.65956187,0
2.1381292,-4.6783962,1.1970901,0.76278186,-0.57970494,-0.2865414,0
0.6780901,-3.0785918,2.3437696,-0.28180993,-0.69682229,0.65956187,0
0.49320459,-2.761066,2.6002378,-0.28180993,-0.69682229,0.65956187,0
3.9697838,1.035892,-2.5155106,0.58201969,0.4223516,0.69488996,0
1.0996258,1.0984249,-0.14955696,0.58201969,0.4223516,0.69488996,0
1.5510927,-0.40058422,-2.4947534,-0.58201969,-0.4223516,-0.69488996,0
-1.3663921,4.4524937,-1.1863422,0.28180993,0.69682229,-0.65956187,0
2.1211421,0.20359576,-0.46127525,0.58201969,0.4223516,0.69488996,0
-0.71029663,4.4106436,-0.9502275,0.28180993,0.69682229,-0.65956187,0
0.057521343,3.8867769,-1.1756246,0.28180993,0.69682229,-0.65956187,0
-0.80896401,3.3266134,-2.1376548,0.28180993,0.69682229,-0.65956187,0
-0.88683844,4.5253778,-0.90444231,0.28180993,0.69682229,-0.65956187,0
-2.657289,2.6561499,-0.82780671,-0.58201969,-0.4223516,-0.69488996,0
-2.9905539,-0.12056512,3.9014077,-0.28180993,-0.69682229,0.65956187,0
-2.9326811,2.7822139,0.52397537,-0.76278186,0.57970494,0.2865414,0
-3.2960114,1.390944,2.3714719,-0.76278186,0.57970494,0.2865414,0
3.1081741,-1.748585,-2.1479533,0.76278186,-0.57970494,-0.2865414,0
1.7116224,0.45711493,-0.27236155,0.58201969,0.4223516,0.69488996,0
0.72047377,1.9341164,-2.9553375,0.28180993,0.69682229,-0.65956187,0
-0.67168462,0.076652527,-0.92308211,-0.58201969,-0.4223516,-0.69488996,0
2.0101166,1.4789569,-2.8851864,0.28180993,0.69682229,-0.65956187,0
-0.077854872,-2.4247351,2.7115731,-0.28180993,-0.69682229,0.65956187,0
2.2088206,-0.14429063,-3.2014215,-0.58201969,-0.4223516,-0.69488996,0
2.4203608,-4.4794426,1.5458949,0.76278186,-0.57970494,-0.2865414,0
-0.62949443,4.1130857,-1.2300708,0.28180993,0.69682229,-0.65956187,0
0.95604634,-4.6889429,0.7612071,-0.28180993,-0.69682229,0.65956187,0
-0.98808193,3.2706227,-2.27334,0.28180993,0.69682229,-0.65956187,0
-2.4566026,3.5649025,0.20784569,-0.76278186,0.57970494,0.2865414,0
-0.20188236,-3.6957312,1.3157818,-0.28180993,-0.69682229,0.65956187,0
-2.0647316,3.1340148,-1.6145606,-0.58201969,-0.4223516,-0.69488996,0
3.3093967,-1.7385721,-1.6325488,0.76278186,-0.57970494,-0.2865414,0
-0.89726186,-1.7951381,3.0266309,-0.28180993,-0.69682229,0.65956187,0
-0.55475307,-2.6688664,2.2498865,-0.28180993,-0.69682229,0.65956187,0
1.0667531,2.0072823,-2.7300839,0.28180993,0.69682229,-0.65956187,0
-0.93730974,2.4065881,-2.1167288,-0.58201969,-0.4223516,-0.69488996,0
-2.0132279,-1.9562025,2.3796506,-0.28180993,-0.69682229,0.65956187,0
-1.4528141,-2.5764549,1.9638056,-0.28180993,-0.69682229,0.65956187,0
1.1043618,-1.0154059,-1.7468979,-0.58201969,-0.4223516,-0.69488996,0
4.044672,-0.59300375,-1.9928359,0.76278186,-0.57970494,-0.2865414,0
3.4911933,-2.2036004,-0.20779848,0.76278186,-0.57970494,-0.2865414,0
-1.9608192,-1.9170508,2.4434071,-0.28180993,-0.69682229,0.65956187,0
-2.6909204,-1.2147681,1.5530921,-0.58201969,-0.4223516,-0.69488996,0
3.5378013,1.2760198,-2.4468565,0.28180993,0.69682229,-0.65956187,0
-0.92654991,4.511476,-0.93609715,0.28180993,0.69682229,-0.65956187,0
-2.640758,-1.0737356,3.0438466,-0.28180993,-0.69682229,0.65956187,0
3.1963594,-2.0508513,-1.3016839,0.76278186,-0.57970494,-0.2865414,0
2.6693435,0.44950283,-1.0698942,0.58201969,0.4223516,0.69488996,0
3.0579677,-1.5948029,-2.5927238,0.76278186,-0.57970494,-0.2865414,0
-1.3172946,-1.416293,3.2474113,-0.28180993,-0.69682229,0.65956187,0
-2.1713204,3.6403022,0.81473303,-0.76278186,0.57970494,0.2865414,0
0.06529212,3.643147,-1.4296975,0.28180993,0.69682229,-0.65956187,0
-3.2133889,-0.4000808,1.4955323,-0.58201969,-0.4223516,-0.69488996,0
-1.2856259,3.3420358,0.48460221,0.58201969,0.4223516,0.69488996,0
4.0403142,-0.84031236,-1.5041043,0.76278186,-0.57970494,-0.2865414,0
2.4092286,-3.9834187,0.51274967,0.76278186,-0.57970494,-0.2865414,0
4.2478142,0.35534257,-3.1161792,0.28180993,0.69682229,-0.65956187,0
-4.2907104,-0.21318513,2.9688849,-0.76278186,0.57970494,0.2865414,0
-0.79181945,-1.5174856,0.14645076,-0.58201969,-0.4223516,-0.69488996,0
-2.4118371,3.950243,-0.45257521,-0.76278186,0.57970494,0.2865414,0
-2.6994691,2.6252854,1.4622774,-0.76278186,0.57970494,0.2865414,0
2.5638204,-3.6630468,0.27612877,0.76278186,-0.57970494,-0.2865414,0
-0.068479598,1.2087504,0.76175892,0.58201969,0.4223516,0.69488996,0
-2.6806936,2.9433105,0.8688581,-0.76278186,0.57970494,0.2865414,0
3.1831949,0.20184809,-3.733223,0.28180993,0.69682229,-0.65956187,0
3.0900545,1.2887878,-1.9323843,0.58201969,0.4223516,0.69488996,0
0.051545262,1.1649905,-2.1903265,-0.58201969,-0.4223516,-0.69488996,0
-1.401383,-1.9087555,0.89481586,-0.58201969,-0.4223516,-0.69488996,0
-2.9352522,3.2776785,-0.48524857,-0.76278186,0.57970494,0.2865414,0
-2.2348983,-1.1677965,1.142592,-0.58201969,-0.4223516,-0.69488996,0
2.030658,-2.2237945,1.0898706,0.58201969,0.4223516,0.69488996,0
-0.25121689,-2.84074,2.1979949,-0.28180993,-0.69682229,0.65956187,0
-3.7416596,0.49634993,1.3931497,-0.58201969,-0.4223516,-0.69488996,0
3.8986211,-0.13004506,-3.3182447,0.76278186,-0.57970494,-0.2865414,0
1.4062691,-0.025959969,0.27700475,0.58201969,0.4223516,0.69488996,0
2.5310137,-3.9938581,0.8580637,0.76278186,-0.57970494,-0.2865414,0
2.1912575,-2.8351827,1.3269567,0.58201969,0.4223516,0.69488996,0
0.12572145,-2.5700641,0.017698288,-0.58201969,-0.4223516,-0.69488996,0
1.2900448,-4.5471001,0.24413013,-0.58201969,-0.4223516,-0.69488996,0
3.1060255,-2.7070019,-0.21469021,0.76278186,-0.57970494,-0.2865414,0
1.3349519,2.6923361,-1.8917367,0.28180993,0.69682229,-0.65956187,0
-3.1908371,-0.32730508,3.5974138,-0.28180993,-0.69682229,0.65956187,0
2.6940382,0.74876046,-3.3644154,0.28180993,0.69682229,-0.65956187,0
2.841553,0.46291876,-3.6033769,0.28180993,0.69682229,-0.65956187,0
-0.82858431,0.11971629,2.0603118,0.58201969,0.4223516,0.69488996,0
-1.1237707,3.4909294,-2.0985634,0.28180993,0.69682229,-0.65956187,0
2.6726158,-2.3073034,-2.177074,0.76278186,-0.57970494,-0.2865414,0
2.3296061,0.815889,-3.4492052,0.28180993,0.69682229,-0.65956187,0
-2.5289035,3.1825318,0.78895521,-0.76278186,0.57970494,0.2865414,0
-1.7215463,-1.4715905,3.0162659,-0.28180993,-0.69682229,0.65956187,0
-2.7031064,1.5484424,-0.11617088,-0.58201969,-0.4223516,-0.69488996,0
3.8880537,1.0411509,-2.545342,0.28180993,0.69682229,-0.65956187,0
-3.536875,-1.2037317,2.5236244,-0.28180993,-0.69682229,0.65956187,0
-0.0016424656,2.28719,0.050306797,0.58201969,0.4223516,0.69488996,0
-4.1597891,-0.35012543,2.2578466,-0.58201969,-0.4223516,-0.69488996,0
-2.7335439,3.6553805,-0.71242809,-0.76278186,0.57970494,0.2865414,0
1.4507577,1.4534907,-3.1510878,0.28180993,0.69682229,-0.65956187,0
1.4982834,-3.1844478,2.1196537,0.58201969,0.4223516,0.69488996,0
-3.4031954,2.1457272,0.55913615,-0.76278186,0.57970494,0.2865414,0
2.1147654,-3.5454469,1.8227203,0.58201969,0.4223516,0.69488996,0
-0.90719748,1.9889579,-1.8881156,-0.58201969,-0.4223516,-0.69488996,0
-1.3671255,-0.53013849,2.9063575,0.58201969,0.4223516,0.69488996,0
-1.3878831,-1.7993906,2.8125112,-0.28180993,-0.69682229,0.65956187,0
-0.12192512,-3.3931026,1.6696701,-0.28180993,-0.69682229,0.65956187,0
-0.68547821,-2.4438472,0.62042165,-0.58201969,-0.4223516,-0.69488996,0
1.8872263,-1.6478665,0.8599577,0.58201969,0.4223516,0.69488996,0
2.5986145,-2.5380516,0.80517101,0.58201969,0.4223516,0.69488996,0
3.5426872,1.0370461,-2.697243,0.28180993,0.69682229,-0.65956187,0
0.20069385,3.3615346,-1.669366,0.28180993,0.69682229,-0.65956187,0
3.2349517,-1.4064871,-2.5025699,0.76278186,-0.57970494,-0.2865414,0
-1.7359209,-2.3981421,2.031229,-0.28180993,-0.69682229,0.65956187,0
-0.42209864,3.0743821,-2.2388401,0.28180993,0.69682229,-0.65956187,0
-3.0081403,3.4205852,-0.96839523,-0.76278186,0.57970494,0.2865414,0
3.2779179,-1.4297776,-2.3410726,0.76278186,-0.57970494,-0.2865414,0
2.2256107,-3.6847115,-0.58036494,0.76278186,-0.57970494,-0.2865414,0
3.2241054,0.30757761,-1.4482851,0.58201969,0.4223516,0.69488996,0
0.13964272,-1.8728331,2.4604173,0.58201969,0.4223516,0.69488996,0
3.3617361,-1.2939712,-2.3926978,0.76278186,-0.57970494,-0.2865414,0
-3.751102,-0.47413573,3.2029045,-0.28180993,-0.69682229,0.65956187,0
-3.6981788,1.0524788,1.9856435,-0.76278186,0.57970494,0.2865414,0
1.6758456,2.6664042,-1.7734805,0.28180993,0.69682229,-0.65956187,0
1.1675941,-1.5923402,-1.449201,-0.58201969,-0.4223516,-0.69488996,0
1.6590111,-4.7618065,0.98458147,-0.28180993,-0.69682229,0.65956187,0
-2.1805177,0.40375316,0.14186192,-0.58201969,-0.4223516,-0.69488996,0
1.9176922,-4.685564,1.1756577,-0.28180993,-0.69682229,0.65956187,0
-2.3565042,-0.56283748,3.7050595,-0.28180993,-0.69682229,0.65956187,0
3.0605531,-1.4740092,-2.8302193,0.76278186,-0.57970494,-0.2865414,0
-1.8929025,-1.8642783,2.5281792,-0.28180993,-0.69682229,0.65956187,0
2.6916337,1.0912004,-3.0036578,0.28180993,0.69682229,-0.65956187,0
-1.1562942,-2.165072,0.84532481,-0.58201969,-0.4223516,-0.69488996,0
0.67323875,2.6564355,-2.2123945,0.28180993,0.69682229,-0.65956187,0
-2.693846,2.3361597,2.0621786,-0.76278186,0.57970494,0.2865414,0
-0.022193432,4.0170317,-1.0720708,0.28180993,0.69682229,-0.65956187,0
2.6889639,-0.4072479,-0.56559777,0.58201969,0.4223516,0.69488996,0
-0.0054261684,3.2460718,-0.5293293,0.58201969,0.4223516,0.69488996,0
-1.1096919,2.8908157,-2.2666583,-0.58201969,-0.4223516,-0.69488996,0
0.13602924,-1.1291823,2.0114553,0.58201969,0.4223516,0.69488996,0
4.3510399,-0.033117056,-2.3099887,0.76278186,-0.57970494,-0.2865414,0
-1.0863261,-1.8471763,2.8908715,-0.28180993,-0.69682229,0.65956187,0
-0.92546469,1.2624458,1.446909,0.58201969,0.4223516,0.69488996,0
2.7080472,1.3614097,-2.7111707,0.28180993,0.69682229,-0.65956187,0
-1.1440842,1.6032569,-1.4552786,-0.58201969,-0.4223516,-0.69488996,0
-0.94502228,0.6663962,1.8255666,0.58201969,0.4223516,0.69488996,0
2.6255643,2.0190554,-1.9871945,0.58201969,0.4223516,0.69488996,0
1.0145284,-2.4403236,-0.80559635,-0.58201969,-0.4223516,-0.69488996,0
-2.1092284,3.9447038,0.36418676,-0.76278186,0.57970494,0.2865414,0
4.182652,0.18986982,-3.2093689,0.76278186,-0.57970494,-0.2865414,0
-3.526551,0.62939966,3.2984571,-0.76278186,0.57970494,0.2865414,0
1.6146616,1.9717776,-1.1117563,0.58201969,0.4223516,0.69488996,0
-2.8532636,3.6239176,-0.96747231,-0.76278186,0.57970494,0.2865414,0
2.9106846,-3.1386821,0.13864303,0.76278186,-0.57970494,-0.2865414,0
3.1180215,-2.8099036,0.53536129,0.58201969,0.4223516,0.69488996,0
-0.073143005,-2.9135513,2.197156,-0.28180993,-0.69682229,0.65956187,0
0.15875602,-2.8002989,2.4158893,-0.28180993,-0.69682229,0.65956187,0
-0.18053102,3.7887824,-1.3808675,0.28180993,0.69682229,-0.65956187,0
-2.131583,4.624578,-1.0707836,-0.76278186,0.57970494,0.2865414,0
2.9516072,-2.5538449,-0.9356091,0.76278186,-0.57970494,-0.2865414,0
-1.4685705,-0.33952713,-0.0026812255,-0.58201969,-0.4223516,-0.69488996,0
2.8860006,-2.7650182,-0.68302917,0.76278186,-0.57970494,-0.2865414,0
1.4661798,1.0598735,-3.3112936,-0.58201969,-0.4223516,-0.69488996,0
-1.4011565,-1.741976,2.8674979,-0.28180993,-0.69682229,0.65956187,0
-1.2501242,3.8900542,0.12178349,0.58201969,0.4223516,0.69488996,0
2.8673053,1.7967486,-2.1831923,0.28180993,0.69682229,-0.65956187,0
3.9920032,-0.024117231,-3.283963,0.76278186,-0.57970494,-0.2865414,0
-2.4647985,-0.80528122,1.114814,-0.58201969,-0.4223516,-0.69488996,0
-1.4362611,1.2533991,-0.99791735,-0.58201969,-0.4223516,-0.69488996,0
1.4599154,-3.884042,1.8268664,-0.28180993,-0.69682229,0.65956187,0
-0.97618914,-1.959039,2.8197479,-0.28180993,-0.69682229,0.65956187,0
2.3664584,-3.081593,-1.4256001,0.76278186,-0.57970494,-0.2865414,0
-3.1416454,-0.068830252,3.8915081,-0.28180993,-0.69682229,0.65956187,0
3.6448073,-1.4339515,-1.3559575,0.76278186,-0.57970494,-0.2865414,0
3.4981699,-2.1515265,-0.29457831,0.76278186,-0.57970494,-0.2865414,0
1.7941432,-4.1980667,1.6379061,-0.28180993,-0.69682229,0.65956187,0
-2.5073137,2.7506781,1.7201173,-0.76278186,0.57970494,0.2865414,0
1.2062659,-2.6363401,2.0311012,0.58201969,0.4223516,0.69488996,0
2.3974473,-3.0654461,-1.3757741,0.76278186,-0.57970494,-0.2865414,0
0.85249233,-3.0239573,-0.31514931,-0.58201969,-0.4223516,-0.69488996,0
-2.7243168,2.936527,0.76645517,-0.76278186,0.57970494,0.2865414,0
-2.4465928,1.4613909,-0.27810955,-0.58201969,-0.4223516,-0.69488996,0
-4.4758177,-0.37850952,2.8105931,-0.76278186,0.57970494,0.2865414,0
0.43074989,2.3771815,-2.6110322,0.28180993,0.69682229,-0.65956187,0
-3.1063905,1.009095,3.4275751,0.58201969,0.4223516,0.69488996,0
2.3645256,1.5116925,-2.6991737,0.28180993,0.69682229,-0.65956187,0
-2.4373021,4.4430504,-1.5173657,-0.76278186,0.57970494,0.2865414,0
-4.4393182,-0.31459177,2.7784424,-0.76278186,0.57970494,0.2865414,0
1.1170286,0.10887742,-2.4408426,-0.58201969,-0.4223516,-0.69488996,0
0.82472587,3.0192161,-1.7643937,0.28180993,0.69682229,-0.65956187,0
2.5100691,0.71038675,-3.483561,0.28180993,0.69682229,-0.65956187,0
-1.1582339,3.2448149,-2.373306,0.28180993,0.69682229,-0.65956187,0
-2.1934988,-0.79578662,3.5285974,-0.28180993,-0.69682229,0.65956187,0
-0.89411855,-1.8488575,2.9712198,-0.28180993,-0.69682229,0.65956187,0
-2.1218245,-0.084528685,0.38947845,-0.58201969,-0.4223516,-0.69488996,0
-2.3184779,3.3995852,0.90999222,-0.76278186,0.57970494,0.2865414,0
0.76748586,-4.4285755,0.60977197,-0.58201969,-0.4223516,-0.69488996,0
3.3667974,-2.2379789,-0.4693923,0.76278186,-0.57970494,-0.2865414,0
-3.2721453,-0.093089044,3.8101208,-0.28180993,-0.69682229,0.65956187,0
1.9144382,-0.61800414,-2.666934,-0.58201969,-0.4223516,-0.69488996,0
1.9358559,-4.7875161,1.075707,-0.28180993,-0.69682229,0.65956187,0
-2.2983217,4.4382463,-1.5995784,0.28180993,0.69682229,-0.65956187,0
2.730516,-0.83539879,-3.2183256,-0.58201969,-0.4223516,-0.69488996,0
0.62906146,-4.1483178,1.192663,-0.28180993,-0.69682229,0.65956187,0
2.5271096,-3.5095992,-0.13203812,0.76278186,-0.57970494,-0.2865414,0
-2.235044,3.7488949,0.42540455,-0.76278186,0.57970494,0.2865414,0
2.1644905,-0.7238735,0.066129923,0.58201969,0.4223516,0.69488996,0
-2.6484098,-1.5762266,1.7371795,-0.58201969,-0.4223516,-0.69488996,0
-1.175478,4.0304799,-1.5506253,0.28180993,0.69682229,-0.65956187,0
-1.6799049,-0.85983098,0.4905653,-0.58201969,-0.4223516,-0.69488996,0
3.7054172,-1.3327194,-1.3994162,0.76278186,-0.57970494,-0.2865414,0
1.8719864,-4.265048,-0.34764099,0.76278186,-0.57970494,-0.2865414,0
-2.8338032,-0.99901688,3.0403047,-0.28180993,-0.69682229,0.65956187,0
0.40436459,2.7896781,-2.1865063,0.28180993,0.69682229,-0.65956187,0
-0.78241682,4.3292146,-1.067071,0.28180993,0.69682229,-0.65956187,0
-3.1090143,2.3652458,0.89814472,-0.76278186,0.57970494,0.2865414,0
-3.5590129,0.2537553,3.9720135,-0.76278186,0.57970494,0.2865414,0
3.6614816,-1.4708271,-1.2369673,0.76278186,-0.57970494,-0.2865414,0
-2.0986662,-1.3916745,2.9395652,-0.28180993,-0.69682229,0.65956187,0
-3.2823782,0.74059582,3.7234898,-0.76278186,0.57970494,0.2865414,0
3.8102052,-0.12978834,-3.5541303,0.76278186,-0.57970494,-0.2865414,0
-3.4700971,-1.1859238,2.5709703,-0.28180993,-0.69682229,0.65956187,0
-2.3597198,3.6548944,0.28368711,-0.76278186,0.57970494,0.2865414,0
-2.4779184,2.1730289,-0.68440294,-0.58201969,-0.4223516,-0.69488996,0
3.3597372,0.11263251,-3.7520478,0.28180993,0.69682229,-0.65956187,0
-3.1928697,2.1291718,1.1525216,-0.76278186,0.57970494,0.2865414,0
2.6708279,-3.0826318,-0.61325717,0.76278186,-0.57970494,-0.2865414,0
0.83452249,-3.7978129,1.6507566,-0.28180993,-0.69682229,0.65956187,0
-3.5214591,1.3340662,1.8863943,-0.76278186,0.57970494,0.2865414,0
3.8092587,-0.081465334,-3.654413,0.76278186,-0.57970494,-0.2865414,0
-1.669885,-1.5411803,2.964818,-0.28180993,-0.69682229,0.65956187,0
-2.5576882,3.5810959,-0.094007969,-0.76278186,0.57970494,0.2865414,0
0.78667283,-3.3023617,2.1537526,-0.28180993,-0.69682229,0.65956187,0
2.5040655,-2.7688549,-1.6919906,0.76278186,-0.57970494,-0.2865414,0
-1.2459629,0.75526249,2.023613,0.58201969,0.4223516,0.69488996,0
3.2321525,1.5376414,-2.3010492,0.28180993,0.69682229,-0.65956187,0
-1.2689497,-1.9253256,2.730278,-0.28180993,-0.69682229,0.65956187,0
-2.1059942,3.7709548,0.72430825,-0.76278186,0.57970494,0.2865414,0
-3.3189855,1.4087318,2.2743278,-0.76278186,0.57970494,0.2865414,0
-2.7653234,2.7565563,1.0213952,-0.76278186,0.57970494,0.2865414,0
-0.32643819,2.8374274,-2.4483082,0.28180993,0.69682229,-0.65956187,0
-2.3965797,3.7571507,-0.021312714,-0.76278186,0.57970494,0.2865414,0
-0.12284017,1.2745426,0.76730162,0.58201969,0.4223516,0.69488996,0
2.0286405,-1.5388913,-2.2028744,-0.58201969,-0.4223516,-0.69488996,0
3.2895591,-1.8298985,-1.5005953,0.76278186,-0.57970494,-0.2865414,0
-2.8346345,2.8230162,0.70243096,-0.76278186,0.57970494,0.2865414,0
-2.5276608,-0.72941202,3.4559448,-0.28180993,-0.69682229,0.65956187,0
-1.0599078,-0.92762852,0.012480736,-0.58201969,-0.4223516,-0.69488996,0
-0.93143821,3.1229358,0.32111311,0.58201969,0.4223516,0.69488996,0
3.5895562,-1.2041483,-1.9679556,0.76278186,-0.57970494,-0.2865414,0
-3.0336165,1.8331846,2.1752739,-0.76278186,0.57970494,0.2865414,0
3.8192434,-1.0529324,-1.1198428,0.58201969,0.4223516,0.69488996,0
-1.0542799,-0.22763312,-0.41768771,-0.58201969,-0.4223516,-0.69488996,0
2.493731,-0.66778791,-0.24372113,0.58201969,0.4223516,0.69488996,0
-2.8943958,-1.132993,2.8728702,-0.28180993,-0.69682229,0.65956187,0
-0.19307208,-2.7925735,2.273726,-0.28180993,-0.69682229,0.65956187,0
-3.4489961,1.510618,1.7221091,-0.76278186,0.57970494,0.2865414,0
3.3593483,-0.64125693,-3.7195673,0.76278186,-0.57970494,-0.2865414,0
-0.26221824,3.2850978,-1.9479082,0.28180993,0.69682229,-0.65956187,0
-0.48387575,-2.9504738,1.9826539,-0.28180993,-0.69682229,0.65956187,0
-1.1262071,3.2516289,-2.3524241,0.28180993,0.69682229,-0.65956187,0
4.1204338,0.14871073,-3.2917271,0.76278186,-0.57970494,-0.2865414,0
2.4712801,-2.964669,-1.3831124,0.76278186,-0.57970494,-0.2865414,0
-0.22244957,-0.63127428,-0.86907297,-0.58201969,-0.4223516,-0.69488996,0
-2.103601,3.7013426,0.87151241,-0.76278186,0.57970494,0.2865414,0
-0.09440279,-2.8464696,2.2589433,-0.28180993,-0.69682229,0.65956187,0
-3.3804634,1.9781201,0.95873594,-0.76278186,0.57970494,0.2865414,0
2.6918097,-2.8925231,-0.94201517,0.76278186,-0.57970494,-0.2865414,0
-1.9644756,4.4244528,-0.22106409,-0.76278186,0.57970494,0.2865414,0
-2.974355,-0.63348687,1.437188,-0.58201969,-0.4223516,-0.69488996,0
-0.96077609,3.2704494,-2.2618566,0.28180993,0.69682229,-0.65956187,0
-1.4298048,2.1846154,-1.569315,-0.58201969,-0.4223516,-0.69488996,0
2.678246,0.70314324,-3.4193573,0.28180993,0.69682229,-0.65956187,0
-3.6952047,1.098791,1.8998654,-0.76278186,0.57970494,0.2865414,0
-0.84959722,-3.3554149,1.3119303,-0.58201969,-0.4223516,-0.69488996,0
-3.255064,2.2793734,0.68308473,-0.76278186,0.57970494,0.2865414,0
2.8782568,1.0834996,-2.9320555,0.28180993,0.69682229,-0.65956187,0
-0.33615828,2.3209307,-2.5681736,-0.58201969,-0.4223516,-0.69488996,0
2.8981776,-2.716481,-0.74880981,0.76278186,-0.57970494,-0.2865414,0
-0.14299893,3.180553,-2.007421,0.28180993,0.69682229,-0.65956187,0
-3.8527546,0.43230742,2.8288336,-0.76278186,0.57970494,0.2865414,0
1.3380151,-0.57248449,0.66634768,0.58201969,0.4223516,0.69488996,0
3.7317061,0.94040823,-2.7185786,0.28180993,0.69682229,-0.65956187,0
-2.3914666,3.7396033,0.02780056,-0.76278186,0.57970494,0.2865414,0
1.8164616,1.5954018,-1.0520183,0.58201969,0.4223516,0.69488996,0
-1.2583287,4.4770155,-0.22809696,0.58201969,0.4223516,0.69488996,0
-3.1470952,1.8548719,1.8293145,-0.76278186,0.57970494,0.2865414,0
-2.7014771,2.8743522,0.95304203,-0.76278186,0.57970494,0.2865414,0
-3.4692006,1.8236569,1.035012,-0.76278186,0.57970494,0.2865414,0
0.019371986,-3.2296262,1.9027536,-0.28180993,-0.69682229,0.65956187,0
-3.2430267,1.7500865,1.785934,-0.76278186,0.57970494,0.2865414,0
-1.9952898,3.7321558,-2.0362706,-0.58201969,-0.4223516,-0.69488996,0
3.0047092,-2.5083001,0.44695497,0.58201969,0.4223516,0.69488996,0
3.3645594,-0.89077604,-3.2008901,0.76278186,-0.57970494,-0.2865414,0
-4.1144128,-0.00083631277,3.0085886,-0.76278186,0.57970494,0.2865414,0
3.243535,-1.7033639,-1.8791065,0.76278186,-0.57970494,-0.2865414,0
-2.6844931,4.1491961,-1.5808964,-0.76278186,0.57970494,0.2865414,0
-1.2054436,-2.218446,2.4477329,-0.28180993,-0.69682229,0.65956187,0
-2.0876706,4.6160192,-1.3217578,0.28180993,0.69682229,-0.65956187,0
-0.65264487,-2.1832864,2.7210722,-0.28180993,-0.69682229,0.65956187,0
-1.7347521,2.1278939,1.5987284,0.58201969,0.4223516,0.69488996,0
-1.9611571,1.2338575,2.3317506,0.58201969,0.4223516,0.69488996,0
2.8699236,0.98697793,-3.0375903,0.28180993,0.69682229,-0.65956187,0
3.4429414,0.028207958,-3.8056912,0.28180993,0.69682229,-0.65956187,0
1.5104852,-4.3598418,1.3457949,-0.28180993,-0.69682229,0.65956187,0
-2.5041227,-1.4884467,2.6640873,-0.28180993,-0.69682229,0.65956187,0
3.1520865,-1.7026377,-2.1240141,0.76278186,-0.57970494,-0.2865414,0
1.6368034,-3.7168198,2.0791137,-0.28180993,-0.69682229,0.65956187,0
-0.90703773,3.250248,-2.2602382,0.28180993,0.69682229,-0.65956187,0
-2.3318346,2.0274258,2.1598914,0.58201969,0.4223516,0.69488996,0
-3.4163425,1.2895985,2.2561805,-0.76278186,0.57970494,0.2865414,0
-0.73630476,3.5652096,-1.8545349,0.28180993,0.69682229,-0.65956187,0
3.9474659,-0.56222522,-2.3138704,0.76278186,-0.57970494,-0.2865414,0
-3.3925898,0.63727534,3.639133,-0.76278186,0.57970494,0.2865414,0
-1.858223,-1.5690583,1.0709852,-0.58201969,-0.4223516,-0.69488996,0
-1.9265988,4.5285044,-0.33074141,-0.76278186,0.57970494,0.2865414,0
2.0392606,-4.0545731,-0.32816458,0.76278186,-0.57970494,-0.2865414,0
-2.3051019,2.4168391,1.9008172,0.58201969,0.4223516,0.69488996,0
-1.860723,0.81097567,2.5046558,0.58201969,0.4223516,0.69488996,0
2.4914677,-4.2510743,1.2731678,0.76278186,-0.57970494,-0.2865414,0
2.7373238,-3.0773044,-0.4470222,0.76278186,-0.57970494,-0.2865414,0
3.3263001,0.64034784,-3.2088072,0.28180993,0.69682229,-0.65956187,0
2.6179695,-2.5046856,-1.9232178,0.76278186,-0.57970494,-0.2865414,0
2.8486497,-1.4228868,-2.9601974,-0.58201969,-0.4223516,-0.69488996,0
2.4368274,-4.4736009,1.577909,0.76278186,-0.57970494,-0.2865414,0
1.602551,-3.0742667,-0.91279888,-0.58201969,-0.4223516,-0.69488996,0
2.3032019,1.5916213,-2.6409314,0.28180993,0.69682229,-0.65956187,0
-1.7388086,0.0063654184,2.8915834,0.58201969,0.4223516,0.69488996,0
2.5118332,-3.8870399,1.6977665,0.58201969,0.4223516,0.69488996,0
3.4197702,-0.51437962,-1.1125855,0.58201969,0.4223516,0.69488996,0
-0.37535262,-2.514112,2.490036,-0.28180993,-0.69682229,0.65956187,0
-3.5229149,-0.15945578,3.6328588,-0.28180993,-0.69682229,0.65956187,0
-3.8691688,0.27928606,3.0947175,-0.76278186,0.57970494,0.2865414,0
-3.4666102,0.77026761,3.1730299,-0.76278186,0.57970494,0.2865414,0
1.6951983,-1.8001323,1.1133415,0.58201969,0.4223516,0.69488996,0
-1.0047481,-1.615528,3.1704624,-0.28180993,-0.69682229,0.65956187,0
-1.4886348,5.1726818,-0.46811056,-0.76278186,0.57970494,0.2865414,0
2.1591144,-0.31825298,-3.0540552,-0.58201969,-0.4223516,-0.69488996,0
1.4473788,-1.0086774,-2.0382886,-0.58201969,-0.4223516,-0.69488996,0
-3.4954832,0.40622652,1.2417361,-0.58201969,-0.4223516,-0.69488996,0
2.722425,-3.7778647,0.93062711,0.76278186,-0.57970494,-0.2865414,0
-0.41837716,-0.43479961,-0.8243863,-0.58201969,-0.4223516,-0.69488996,0
2.0028155,-4.7903614,1.0633974,0.76278186,-0.57970494,-0.2865414,0
-0.77100092,0.97159815,1.4943109,0.58201969,0.4223516,0.69488996,0
-2.7998991,3.5936236,-1.2781537,-0.58201969,-0.4223516,-0.69488996,0
2.3731122,-2.7106638,-1.7791951,-0.58201969,-0.4223516,-0.69488996,0
4.2942138,0.42129159,-3.0266795,0.28180993,0.69682229,-0.65956187,0
-0.87419605,4.3132963,-1.1231029,0.28180993,0.69682229,-0.65956187,0
2.1063104,-4.6436625,1.0421162,0.76278186,-0.57970494,-0.2865414,0
-1.1857541,3.476429,-2.1403658,0.28180993,0.69682229,-0.65956187,0
-3.9634769,-0.66333866,2.9122722,-0.28180993,-0.69682229,0.65956187,0
-0.28592134,-2.3684723,2.6821141,-0.28180993,-0.69682229,0.65956187,0
-0.68523407,-2.6258535,2.2395787,-0.28180993,-0.69682229,0.65956187,0
-3.0638473,-0.50003248,3.469187,-0.28180993,-0.69682229,0.65956187,0
-2.3123064,-1.1745396,3.0776849,-0.28180993,-0.69682229,0.65956187,0
2.3940983,1.0937291,-3.1281135,0.28180993,0.69682229,-0.65956187,0
-0.76165152,-2.7117097,2.1162214,-0.28180993,-0.69682229,0.65956187,0
-2.0755715,-1.5460174,2.7863708,-0.28180993,-0.69682229,0.65956187,0
-0.32718468,3.3897126,-1.8651421,0.28180993,0.69682229,-0.65956187,0
-0.36798358,1.3813852,-1.9704652,-0.58201969,-0.4223516,-0.69488996,0
1.3466405,1.306429,-3.3509431,0.28180993,0.69682229,-0.65956187,0
-0.83085525,-1.0824455,-0.085269868,-0.58201969,-0.4223516,-0.69488996,0
-2.8677382,1.2332256,3.0914612,0.58201969,0.4223516,0.69488996,0
-2.5323915,3.1243567,0.89736462,-0.76278186,0.57970494,0.2865414,0
-1.9684827,-2.0909801,2.2563772,-0.28180993,-0.69682229,0.65956187,0
0.009459734,-3.7455444,1.3534539,-0.28180993,-0.69682229,0.65956187,0
-1.80074,3.1762128,-1.8613195,-0.58201969,-0.4223516,-0.69488996,0
0.79274344,-2.9830651,2.4936805,-0.28180993,-0.69682229,0.65956187,0
-2.3829765,-0.49814165,3.7377574,0.58201969,0.4223516,0.69488996,0
-3.25105,2.0956607,1.0654409,-0.76278186,0.57970494,0.2865414,0
-2.7274528,3.3832176,-0.14559793,-0.76278186,0.57970494,0.2865414,0
3.3374169,-0.60088027,-3.8596358,0.76278186,-0.57970494,-0.2865414,0
0.66504216,-3.8450909,1.528394,-0.28180993,-0.69682229,0.65956187,0
-1.0972098,2.9223499,0.58187389,0.58201969,0.4223516,0.69488996,0
-1.6047616,-2.2742031,2.21821,-0.28180993,-0.69682229,0.65956187,0
-0.17992401,-2.8905501,2.1758323,-0.28180993,-0.69682229,0.65956187,0
3.0338075,-2.7588167,-0.30210924,0.76278186,-0.57970494,-0.2865414,0
-2.2759774,3.905117,0.00038385391,-0.76278186,0.57970494,0.2865414,0
-0.47900844,-3.5228419,1.3800309,-0.28180993,-0.69682229,0.65956187,0
-2.9850624,3.1271644,-0.31333733,-0.76278186,0.57970494,0.2865414,0
2.1987412,-4.3088045,0.61071491,0.76278186,-0.57970494,-0.2865414,0
-1.3462062,-2.7355499,1.841273,-0.28180993,-0.69682229,0.65956187,0
2.0731304,-3.9946051,1.9720647,-0.28180993,-0.69682229,0.65956187,0
2.2452207,-3.7514803,-0.39308262,0.76278186,-0.57970494,-0.2865414,0
3.5375996,-1.2136148,-2.0871143,0.76278186,-0.57970494,-0.2865414,0
-1.0163405,3.5471959,0.13436127,0.58201969,0.4223516,0.69488996,0
2.6832149,-3.7679877,0.8062675,0.76278186,-0.57970494,-0.2865414,0
1.9782888,-3.327353,-1.0736809,-0.58201969,-0.4223516,-0.69488996,0
-1.4062188,4.1001005,0.12485838,0.58201969,0.4223516,0.69488996,0
-3.9137368,0.5037306,2.5219998,-0.76278186,0.57970494,0.2865414,0
-0.12865043,3.9719694,-1.1651649,0.28180993,0.69682229,-0.65956187,0
3.3073931,-1.5060947,-2.1082115,0.76278186,-0.57970494,-0.2865414,0
2.4050202,-3.625356,-0.22285557,0.76278186,-0.57970494,-0.2865414,0
-0.90697432,4.6651464,-0.76538157,0.28180993,0.69682229,-0.65956187,0
-0.95133853,0.94043577,-1.2138565,-0.58201969,-0.4223516,-0.69488996,0
0.6520083,0.95046866,-2.562871,-0.58201969,-0.4223516,-0.69488996,0
-1.1377351,-0.37860215,-0.25602964,-0.58201969,-0.4223516,-0.69488996,0
-3.3528633,-0.33530647,3.5197315,-0.28180993,-0.69682229,0.65956187,0
-0.92503768,1.849072,1.0900022,0.58201969,0.4223516,0.69488996,0
-3.9019442,-0.42158329,2.0853157,-0.58201969,-0.4223516,-0.69488996,0
1.96576,-4.6512499,1.2324491,-0.28180993,-0.69682229,0.65956187,0
-2.119945,-1.4344064,2.8853273,-0.28180993,-0.69682229,0.65956187,0
-4.1900373,-0.60730708,2.8746669,-0.28180993,-0.69682229,0.65956187,0
2.2040458,-4.6279292,1.3588994,-0.28180993,-0.69682229,0.65956187,0
-0.24791765,3.1103268,-2.1264429,0.28180993,0.69682229,-0.65956187,0
0.89200258,2.689579,-2.0839074,0.28180993,0.69682229,-0.65956187,0
-4.4692249,-0.65243888,2.7076974,-0.28180993,-0.69682229,0.65956187,0
3.9423225,-0.52302969,-2.4068599,0.76278186,-0.57970494,-0.2865414,0
-3.3169532,-1.0153632,2.8166001,-0.28180993,-0.69682229,0.65956187,0
-1.7527695,4.5129981,-1.2875063,0.28180993,0.69682229,-0.65956187,0
0.87339497,1.722321,-3.113759,0.28180993,0.69682229,-0.65956187,0
-0.76302099,4.3184047,-1.070205,0.28180993,0.69682229,-0.65956187,0
3.7853811,-0.10437379,-3.6716292,0.76278186,-0.57970494,-0.2865414,0
3.4393349,-2.2538657,-0.24415469,0.76278186,-0.57970494,-0.2865414,0
-2.6224,-1.6855315,2.4053326,-0.28180993,-0.69682229,0.65956187,0
2.2778697,-1.0334316,-2.7188382,-0.58201969,-0.4223516,-0.69488996,0
-3.3415222,0.80388004,3.4380169,-0.76278186,0.57970494,0.2865414,0
-3.1803064,-0.027833045,3.918303,-0.28180993,-0.69682229,0.65956187,0
0.57933712,3.2294126,-1.0089846,0.58201969,0.4223516,0.69488996,0
1.7120435,-1.7131472,-1.8317897,-0.58201969,-0.4223516,-0.69488996,0
2.2028518,-3.2436495,1.5655103,0.58201969,0.4223516,0.69488996,0
0.061602831,-3.555665,1.5763397,-0.28180993,-0.69682229,0.65956187,0
4.201293,0.079577923,-2.9366131,0.76278186,-0.57970494,-0.2865414,0
-3.9346986,0.57734931,2.3172603,-0.76278186,0.57970494,0.2865414,0
2.8737142,-2.7547369,-0.73653603,0.76278186,-0.57970494,-0.2865414,0
1.7625661,-1.661829,0.97285616,0.58201969,0.4223516,0.69488996,0
-2.4001443,3.659899,0.1659503,-0.76278186,0.57970494,0.2865414,0
-3.6375179,0.74260235,2.7740383,-0.76278186,0.57970494,0.2865414,0
3.942204,-0.36403543,-2.728838,0.76278186,-0.57970494,-0.2865414,0
2.4037752,-3.0069146,-1.4773436,0.76278186,-0.57970494,-0.2865414,0
2.9313836,-0.27556121,-3.7268333,-0.58201969,-0.4223516,-0.69488996,0
3.5007997,-0.69386411,-3.2365894,0.76278186,-0.57970494,-0.2865414,0
-0.4564445,3.2599487,-2.0574653,0.28180993,0.69682229,-0.65956187,0
-2.4926271,0.44961023,3.2535572,0.58201969,0.4223516,0.69488996,0
2.0158658,1.3514879,-3.0174003,0.28180993,0.69682229,-0.65956187,0
3.7673845,-0.32098421,-3.2813101,0.76278186,-0.57970494,-0.2865414,0
2.0609517,1.9819164,-2.3320932,0.28180993,0.69682229,-0.65956187,0
3.5358033,-1.0600176,-2.4026403,0.76278186,-0.57970494,-0.2865414,0
-0.055531979,-2.5859625,2.5507753,-0.28180993,-0.69682229,0.65956187,0
-2.7845721,-0.60777301,3.4746854,-0.28180993,-0.69682229,0.65956187,0
-2.6646733,-1.0489762,3.0597866,-0.28180993,-0.69682229,0.65956187,0
0.06612587,2.3913333,-0.069752455,0.58201969,0.4223516,0.69488996,0
-3.1346781,1.7537955,2.0668578,-0.76278186,0.57970494,0.2865414,0
-0.45033336,-2.3981326,2.5805302,-0.28180993,-0.69682229,0.65956187,0
4.1553812,-0.32465911,-2.2410159,0.76278186,-0.57970494,-0.2865414,0
4.448441,0.25537634,-2.6343582,0.76278186,-0.57970494,-0.2865414,0
1.0603025,-1.1802144,1.2683282,0.58201969,0.4223516,0.69488996,0
1.8712709,-3.7919233,2.0999486,-0.28180993,-0.69682229,0.65956187,0
-3.4366374,0.95483589,2.8794169,-0.76278186,0.57970494,0.2865414,0
0.54830241,2.3879185,-2.5494621,0.28180993,0.69682229,-0.65956187,0
-3.4727864,-0.043028355,3.777282,-0.28180993,-0.69682229,0.65956187,0
3.3182802,-1.2300084,-2.6377826,0.76278186,-0.57970494,-0.2865414,0
2.1800005,-4.0918875,1.9149494,-0.28180993,-0.69682229,0.65956187,0
0.93311977,-2.5540528,2.2098663,0.58201969,0.4223516,0.69488996,0
2.5644557,0.42220545,-3.7647848,0.28180993,0.69682229,-0.65956187,0
-3.2454875,1.0328548,3.2304235,-0.76278186,0.57970494,0.2865414,0
0.90522707,1.472929,-3.0925093,-0.58201969,-0.4223516,-0.69488996,0
0.27020943,-1.6063603,2.1890972,0.58201969,0.4223516,0.69488996,0
-2.1297379,-2.1659191,2.1083055,-0.28180993,-0.69682229,0.65956187,0
4.1284862,0.027071178,-3.0242014,0.76278186,-0.57970494,-0.2865414,0
-2.3036048,4.2707052,-0.81278706,-0.76278186,0.57970494,0.2865414,0
2.0372195,0.28413475,-0.43993548,0.58201969,0.4223516,0.69488996,0
2.3267565,-4.3642392,1.0636466,0.76278186,-0.57970494,-0.2865414,0
0.29485774,0.76061225,-2.1483383,-0.58201969,-0.4223516,-0.69488996,0
-1.0762022,-3.2051699,1.4604872,-0.28180993,-0.69682229,0.65956187,0
2.5772033,-3.3067486,-0.40907693,0.76278186,-0.57970494,-0.2865414,0
3.3907795,-1.3469962,-2.2081079,0.76278186,-0.57970494,-0.2865414,0
-0.25389814,3.4391432,-1.7816063,0.28180993,0.69682229,-0.65956187,0
2.6818407,-3.1216202,-0.50506473,0.76278186,-0.57970494,-0.2865414,0
0.91244006,2.4587092,-2.3190877,0.28180993,0.69682229,-0.65956187,0
2.6084099,-3.5821431,0.23114848,0.76278186,-0.57970494,-0.2865414,0
3.9934735,0.35226989,-2.1198497,0.58201969,0.4223516,0.69488996,0
1.2453334,-3.2453485,-0.50962067,-0.58201969,-0.4223516,-0.69488996,0
-1.5361263,3.427563,0.64243126,0.58201969,0.4223516,0.69488996,0
-3.3923428,-0.55442655,3.2713645,-0.28180993,-0.69682229,0.65956187,0
2.0689592,-1.5511081,0.64893413,0.58201969,0.4223516,0.69488996,0
-3.7976789,1.335184,1.1488268,-0.76278186,0.57970494,0.2865414,0
-0.65154624,-3.1869886,1.6611377,-0.28180993,-0.69682229,0.65956187,0
-2.580986,-1.4611179,2.6601186,-0.28180993,-0.69682229,0.65956187,0
-3.5430136,0.60737216,3.2991977,-0.76278186,0.57970494,0.2865414,0
-1.3748386,-2.8736248,1.683164,-0.28180993,-0.69682229,0.65956187,0
-0.25977957,-2.0179789,0.0050272942,-0.58201969,-0.4223516,-0.69488996,0
3.7890501,-0.18139362,-3.506043,0.76278186,-0.57970494,-0.2865414,0
0.35374284,-2.6210685,2.6885567,-0.28180993,-0.69682229,0.65956187,0
-1.4589185,2.0888305,1.3914406,0.58201969,0.4223516,0.69488996,0
3.2773848,-2.3530684,-0.47457337,0.76278186,-0.57970494,-0.2865414,0
-2.2421608,4.4814544,-1.0755911,-0.76278186,0.57970494,0.2865414,0
0.3747983,-2.6723864,2.6433353,-0.28180993,-0.69682229,0.65956187,0
4.2756987,-0.30624306,-1.957985,0.76278186,-0.57970494,-0.2865414,0
2.8561831,-3.598712,0.92425132,0.76278186,-0.57970494,-0.2865414,0
2.6541464,-4.2566471,1.7174988,0.76278186,-0.57970494,-0.2865414,0
2.3415916,1.7720672,-2.4338889,0.28180993,0.69682229,-0.65956187,0
-2.5467165,3.1243725,0.85920048,-0.76278186,0.57970494,0.2865414,0
0.71261621,-3.0260563,2.4140248,-0.28180993,-0.69682229,0.65956187,0
-0.92234945,3.9307263,-1.5478599,0.28180993,0.69682229,-0.65956187,0
2.1499391,1.1052517,-3.2202616,0.28180993,0.69682229,-0.65956187,0
2.9963968,1.3313929,-2.6196804,0.28180993,0.69682229,-0.65956187,0
-2.4127164,3.3967431,0.66487694,-0.76278186,0.57970494,0.2865414,0
3.5210214,-2.0111501,-0.51774335,0.76278186,-0.57970494,-0.2865414,0
3.0523262,1.6680498,-2.240108,0.28180993,0.69682229,-0.65956187,0
1.9865433,1.0876744,-3.3086457,0.28180993,0.69682229,-0.65956187,0
-1.685683,-1.9501103,1.1580725,-0.58201969,-0.4223516,-0.69488996,0
