-0.2538377,-1.8111961,-1.4188228,0.43079033,0.090858579,-0.89786649,0
-3.1687491,1.7924964,-0.85807681,-0.89457858,0.17412984,-0.41159201,0
-0.3008275,2.8166289,-0.97306049,0.43079033,0.090858579,-0.89786649,0
2.897738,2.8872278,0.56873387,0.43079033,0.090858579,-0.89786649,0
-0.3443397,-0.23220253,0.92504185,-0.43079033,-0.090858579,0.89786649,0
3.1253498,0.19882417,1.7948607,0.89457858,-0.17412984,0.41159201,0
1.4928005,3.1663156,1.3934718,0.11894876,0.98052204,0.15629366,0
2.9464915,0.99038863,0.40017724,0.43079033,0.090858579,-0.89786649,0
-0.39216399,3.6320128,-0.093551397,0.11894876,0.98052204,0.15629366,0
3.6952393,2.8816853,1.5029393,0.11894876,0.98052204,0.15629366,0
-1.7772474,3.7330215,0.32689118,0.11894876,0.98052204,0.15629366,0
-3.2476468,2.2592928,-0.48911095,-0.89457858,0.17412984,-0.41159201,0
1.1633813,-3.7208927,0.064203739,-0.11894876,-0.98052204,-0.15629366,0
0.51250839,-3.7727504,0.88489318,-0.11894876,-0.98052204,-0.15629366,0
3.5414867,0.6540159,1.0829792,0.89457858,-0.17412984,0.41159201,0
3.242053,2.4835696,2.5078058,0.89457858,-0.17412984,0.41159201,0
-0.39552283,-3.3636403,-0.99063092,-0.11894876,-0.98052204,-0.15629366,0
-2.1983016,2.6378851,0.32595849,-0.43079033,-0.090858579,0.89786649,0
2.7444849,-3.4491973,1.0793073,0.89457858,-0.17412984,0.41159201,0
2.4367335,0.88298523,0.14473009,0.43079033,0.090858579,-0.89786649,0
3.0669861,-0.044411421,1.8188071,0.89457858,-0.17412984,0.41159201,0
-1.36444,-3.3988829,-0.032130599,-0.11894876,-0.98052204,-0.15629366,0
2.2145543,2.9080901,2.4641755,0.11894876,0.98052204,0.15629366,0
1.4466749,-1.1963722,1.6867907,-0.43079033,-0.090858579,0.89786649,0
-0.58718729,-3.4419434,-0.35352135,-0.11894876,-0.98052204,-0.15629366,0
-0.624964,-3.3457084,-0.92851067,-0.11894876,-0.98052204,-0.15629366,0
1.72609,3.0933833,1.6734737,0.11894876,0.98052204,0.15629366,0
3.3123724,1.4491844,1.9173572,0.89457858,-0.17412984,0.41159201,0
1.2675672,3.1820359,1.4662654,0.11894876,0.98052204,0.15629366,0
2.8825336,-3.7832894,0.63792157,0.89457858,-0.17412984,0.41159201,0
3.2302079,2.9488089,1.4357508,0.11894876,0.98052204,0.15629366,0
3.0689144,1.3543992,2.4064035,0.89457858,-0.17412984,0.41159201,0
2.5368986,-3.0509689,1.6989644,0.89457858,-0.17412984,0.41159201,0
-0.94243336,3.7812974,-0.61131358,0.11894876,0.98052204,0.15629366,0
2.4520662,-3.6201665,1.6425369,0.89457858,-0.17412984,0.41159201,0
3.0018291,-3.4498565,0.51970053,0.89457858,-0.17412984,0.41159201,0
3.0906897,2.7707253,2.6591547,0.11894876,0.98052204,0.15629366,0
1.6238205,-3.7240736,-0.26626182,-0.11894876,-0.98052204,-0.15629366,0
-0.13145393,1.0465822,1.1565882,-0.43079033,-0.090858579,0.89786649,0
3.2393434,0.68797582,1.7540425,0.89457858,-0.17412984,0.41159201,0
1.9141154,-0.48465383,1.9830871,-0.43079033,-0.090858579,0.89786649,0
1.0306821,3.0334206,1.9152293,-0.43079033,-0.090858579,0.89786649,0
2.1176009,2.9714775,2.1402955,0.11894876,0.98052204,0.15629366,0
-2.1120152,1.3576257,-1.9896986,0.43079033,0.090858579,-0.89786649,0
-2.3147707,-2.9448156,-2.157505,-0.11894876,-0.98052204,-0.15629366,0
-1.0227559,3.8141396,-0.75622249,0.11894876,0.98052204,0.15629366,0
-2.6475348,2.0492158,-1.8823068,-0.89457858,0.17412984,-0.41159201,0
-0.25923181,3.2782805,-0.90638721,0.43079033,0.090858579,-0.89786649,0
-2.4935205,2.4196439,-2.0603352,-0.89457858,0.17412984,-0.41159201,0
1.0187609,-3.6187789,-0.4663496,-0.11894876,-0.98052204,-0.15629366,0
-1.0707896,3.8757315,-1.1060677,0.11894876,0.98052204,0.15629366,0
-2.1381078,2.3795156,0.32869339,-0.43079033,-0.090858579,0.89786649,0
3.4367294,-1.1578171,0.54414296,0.89457858,-0.17412984,0.41159201,0
1.7791482,2.4090111,-0.016350508,0.43079033,0.090858579,-0.89786649,0
2.4192281,3.0154734,1.6347269,0.11894876,0.98052204,0.15629366,0
-3.609839,-1.8749685,-0.80796099,-0.43079033,-0.090858579,0.89786649,0
3.3287945,2.6667356,2.3967676,0.89457858,-0.17412984,0.41159201,0
0.89161736,1.7009346,1.7136674,-0.43079033,-0.090858579,0.89786649,0
3.101007,-1.3901083,1.1755481,0.89457858,-0.17412984,0.41159201,0
0.57487941,-3.6254447,-0.086712837,-0.11894876,-0.98052204,-0.15629366,0
0.65740991,-2.5640771,1.1697031,-0.43079033,-0.090858579,0.89786649,0
-2.9595306,2.1677034,-1.1540682,-0.89457858,0.17412984,-0.41159201,0
3.4901206,2.6282108,0.82674432,0.43079033,0.090858579,-0.89786649,0
1.8316599,2.8888276,2.2849011,-0.43079033,-0.090858579,0.89786649,0
2.9137602,-3.2836714,0.78142118,0.89457858,-0.17412984,0.41159201,0
0.51911098,-0.78498787,-0.94412118,0.43079033,0.090858579,-0.89786649,0
-2.8278964,3.2049317,-1.0013554,-0.89457858,0.17412984,-0.41159201,0
-1.6431868,-3.1969986,-1.0865278,-0.11894876,-0.98052204,-0.15629366,0
-3.3143501,0.41225553,-1.1255503,-0.89457858,0.17412984,-0.41159201,0
-2.4077656,-0.1035912,-0.05196166,-0.43079033,-0.090858579,0.89786649,0
2.9127936,-3.3084447,0.77304101,0.89457858,-0.17412984,0.41159201,0
-2.3971238,3.8738403,-1.6546304,-0.89457858,0.17412984,-0.41159201,0
-3.1427698,-2.6470106,-2.7927392,-0.89457858,0.17412984,-0.41159201,0
-3.6900909,-2.1360335,-0.87288368,-0.43079033,-0.090858579,0.89786649,0
3.7684987,2.1348355,1.2160604,0.89457858,-0.17412984,0.41159201,0
-3.1505167,0.5526799,-1.4222264,-0.89457858,0.17412984,-0.41159201,0
-3.345844,-1.8981616,-2.0345547,-0.89457858,0.17412984,-0.41159201,0
2.9439032,2.9365561,1.730514,0.11894876,0.98052204,0.15629366,0
3.2827513,-0.18074894,1.2921712,0.89457858,-0.17412984,0.41159201,0
1.2125921,-3.6973341,1.3213973,-0.43079033,-0.090858579,0.89786649,0
1.9690801,-2.9210837,1.7629073,-0.43079033,-0.090858579,0.89786649,0
2.4648485,-3.8220143,-0.2918961,-0.11894876,-0.98052204,-0.15629366,0
2.6814716,-1.5029184,2.0396652,0.89457858,-0.17412984,0.41159201,0
-2.7123175,3.9783542,-0.50058246,0.11894876,0.98052204,0.15629366,0
2.3969448,1.2802531,2.3933432,-0.43079033,-0.090858579,0.89786649,0
0.059479713,3.5919228,-0.18577099,0.11894876,0.98052204,0.15629366,0
0.4579289,-1.75462,-1.0715967,0.43079033,0.090858579,-0.89786649,0
-3.4583817,-2.9268775,-1.3996845,-0.11894876,-0.98052204,-0.15629366,0
3.0935621,-0.1718713,1.7071217,0.89457858,-0.17412984,0.41159201,0
0.82814479,-3.5250571,-0.90925407,-0.11894876,-0.98052204,-0.15629366,0
3.0961173,1.2046255,2.2839153,0.89457858,-0.17412984,0.41159201,0
1.8281436,1.8656399,2.1796737,-0.43079033,-0.090858579,0.89786649,0
-1.8833002,-2.920258,-2.3128586,0.43079033,0.090858579,-0.89786649,0
2.5725131,-2.6200936,1.8038452,0.89457858,-0.17412984,0.41159201,0
2.9674177,-0.93230033,1.6595812,0.89457858,-0.17412984,0.41159201,0
2.2822568,1.727802,2.383606,-0.43079033,-0.090858579,0.89786649,0
-2.1148152,3.8454833,-0.12173557,0.11894876,0.98052204,0.15629366,0
2.4002442,-4.0283279,1.5824914,0.89457858,-0.17412984,0.41159201,0
-3.3296981,-1.4224098,-1.8683734,-0.89457858,0.17412984,-0.41159201,0
-0.098375916,1.7715017,1.2458162,-0.43079033,-0.090858579,0.89786649,0
-3.2233407,-1.6120527,-2.1797678,-0.89457858,0.17412984,-0.41159201,0
-2.7290163,-2.979975,-1.6216635,-0.11894876,-0.98052204,-0.15629366,0
-2.6415977,2.1339922,-1.8593442,-0.89457858,0.17412984,-0.41159201,0
-1.6183822,-3.3153315,-0.36303133,-0.11894876,-0.98052204,-0.15629366,0
1.9472029,2.9643989,2.3143878,0.11894876,0.98052204,0.15629366,0
0.88174081,-3.5268371,-0.93887484,-0.11894876,-0.98052204,-0.15629366,0
-0.40633011,3.5849597,0.21242285,0.11894876,0.98052204,0.15629366,0
-0.34104347,3.5686255,0.26520872,0.11894876,0.98052204,0.15629366,0
3.131557,-0.01200211,1.6921762,0.89457858,-0.17412984,0.41159201,0
3.0485642,-2.2581758,0.9222815,0.89457858,-0.17412984,0.41159201,0
3.1569266,-0.18324661,1.5645891,0.89457858,-0.17412984,0.41159201,0
-2.5781379,1.8860989,-2.1021469,-0.89457858,0.17412984,-0.41159201,0
1.1449873,0.30057979,1.6935253,-0.43079033,-0.090858579,0.89786649,0
1.0825143,1.5185544,-0.44069964,0.43079033,0.090858579,-0.89786649,0
0.60163164,3.3196208,1.1099293,0.11894876,0.98052204,0.15629366,0
-3.3386922,-0.35236609,-1.3961273,-0.89457858,0.17412984,-0.41159201,0
-2.252202,3.8127353,0.18827057,0.11894876,0.98052204,0.15629366,0
-3.2203608,0.97202063,-1.0930152,-0.89457858,0.17412984,-0.41159201,0
-3.252002,-2.13095,-2.3370006,-0.89457858,0.17412984,-0.41159201,0
-0.75907755,-3.0188429,0.44406259,-0.43079033,-0.090858579,0.89786649,0
-3.0825851,0.9230926,-0.27184153,-0.43079033,-0.090858579,0.89786649,0
2.0463364,3.1646848,0.9824298,0.11894876,0.98052204,0.15629366,0
-1.6228523,-1.4594517,0.1874298,-0.43079033,-0.090858579,0.89786649,0
3.3635173,-1.7297063,0.4613204,0.89457858,-0.17412984,0.41159201,0
3.0841274,0.93535471,2.1960554,0.89457858,-0.17412984,0.41159201,0
-2.2982569,3.4408298,0.35925388,-0.43079033,-0.090858579,0.89786649,0
-2.7462938,3.9374902,-0.21835804,0.11894876,0.98052204,0.15629366,0
-0.20911407,-3.2976284,0.67972004,-0.43079033,-0.090858579,0.89786649,0
0.62457943,-3.6931496,0.30021691,-0.11894876,-0.98052204,-0.15629366,0
-3.0482755,3.1150873,-0.56037998,-0.89457858,0.17412984,-0.41159201,0
-0.65981239,-0.14629561,-1.445129,0.43079033,0.090858579,-0.89786649,0
1.5849335,3.1936088,1.1521292,0.11894876,0.98052204,0.15629366,0
3.4563453,0.56561863,0.60181761,0.43079033,0.090858579,-0.89786649,0
-1.7516773,-3.1755562,-1.1384802,-0.11894876,-0.98052204,-0.15629366,0
-2.3481827,3.7452917,-1.815387,-0.89457858,0.17412984,-0.41159201,0
3.0889697,2.3075364,2.766053,0.89457858,-0.17412984,0.41159201,0
2.9170122,-0.3927803,1.9973874,0.89457858,-0.17412984,0.41159201,0
-3.6126206,-1.0356051,-1.0898092,-0.89457858,0.17412984,-0.41159201,0
0.5872159,1.1711005,-0.71350068,0.43079033,0.090858579,-0.89786649,0
-3.1948111,-0.77453369,-1.8874515,-0.89457858,0.17412984,-0.41159201,0
2.3316238,-0.72693825,-0.068615079,0.43079033,0.090858579,-0.89786649,0
3.3868461,0.41130841,1.3164039,0.89457858,-0.17412984,0.41159201,0
3.4304214,2.8124921,2.1385713,0.11894876,0.98052204,0.15629366,0
0.77810526,2.708432,-0.46634459,0.43079033,0.090858579,-0.89786649,0
-0.97422707,-1.8667769,0.45741722,-0.43079033,-0.090858579,0.89786649,0
-1.0087159,-3.2680285,-1.1237857,-0.11894876,-0.98052204,-0.15629366,0
2.9666996,2.8892314,2.0100598,0.11894876,0.98052204,0.15629366,0
-2.5005627,3.6934664,-1.5061209,-0.89457858,0.17412984,-0.41159201,0
2.0659981,1.8515275,2.2923665,-0.43079033,-0.090858579,0.89786649,0
-2.878078,0.2574023,-2.1392827,-0.89457858,0.17412984,-0.41159201,0
-2.9565041,2.6300743,-0.96503401,-0.89457858,0.17412984,-0.41159201,0
-1.2782021,0.34062853,-1.6925545,0.43079033,0.090858579,-0.89786649,0
-3.099905,3.0948379,-0.45673251,-0.89457858,0.17412984,-0.41159201,0
1.9400039,3.2344453,0.62570393,0.11894876,0.98052204,0.15629366,0
3.4549391,1.9594245,0.74218756,0.43079033,0.090858579,-0.89786649,0
-1.6944768,0.1835835,0.3193298,-0.43079033,-0.090858579,0.89786649,0
1.9523623,-3.154598,1.7312553,-0.43079033,-0.090858579,0.89786649,0
1.8707447,-3.8917081,0.5974853,-0.11894876,-0.98052204,-0.15629366,0
1.1675169,1.636494,1.8395212,-0.43079033,-0.090858579,0.89786649,0
-1.7738903,3.8434184,-0.36824632,0.11894876,0.98052204,0.15629366,0
2.8827205,0.47636077,2.4396219,0.89457858,-0.17412984,0.41159201,0
-0.8815906,-3.3797762,-0.51947451,-0.11894876,-0.98052204,-0.15629366,0
-2.6413531,3.3414207,-1.3490567,-0.89457858,0.17412984,-0.41159201,0
-0.53273559,-2.3891914,0.61637682,-0.43079033,-0.090858579,0.89786649,0
0.038775206,3.3406224,-0.75709665,0.43079033,0.090858579,-0.89786649,0
2.2458022,-3.8389513,-0.01893115,-0.11894876,-0.98052204,-0.15629366,0
-3.7338905,-2.8905215,-1.4180884,-0.11894876,-0.98052204,-0.15629366,0
0.05503726,-3.4680831,-0.6783042,-0.11894876,-0.98052204,-0.15629366,0
-1.0324225,-3.1644769,-1.7553819,-0.11894876,-0.98052204,-0.15629366,0
2.9383662,0.47185016,2.3167698,0.89457858,-0.17412984,0.41159201,0
0.015433311,-3.4827607,-0.55608082,-0.11894876,-0.98052204,-0.15629366,0
-2.7024589,-3.0660965,-1.1015844,-0.11894876,-0.98052204,-0.15629366,0
-2.9847348,-2.8539991,-2.2173672,-0.11894876,-0.98052204,-0.15629366,0
-1.4080482,3.7347291,0.035197496,0.11894876,0.98052204,0.15629366,0
-1.3791764,2.0309815,-1.569948,0.43079033,0.090858579,-0.89786649,0
-0.22760773,1.8982048,-1.0308691,0.43079033,0.090858579,-0.89786649,0
3.0472527,-3.6389339,0.3409822,0.89457858,-0.17412984,0.41159201,0
-3.3085539,-0.83171999,-1.6644293,-0.89457858,0.17412984,-0.41159201,0
-0.0036247969,-0.86554796,1.0244238,-0.43079033,-0.090858579,0.89786649,0
-0.92220592,3.7868261,-0.66139197,0.11894876,0.98052204,0.15629366,0
1.1588058,-2.0613194,-0.76635683,0.43079033,0.090858579,-0.89786649,0
-1.4658643,-2.3437397,0.17326713,-0.43079033,-0.090858579,0.89786649,0
0.58384299,-0.089204967,1.3848481,-0.43079033,-0.090858579,0.89786649,0
-0.54461384,3.7175746,-0.51430726,0.11894876,0.98052204,0.15629366,0
-2.5440152,0.20837402,-2.3132668,0.43079033,0.090858579,-0.89786649,0
1.7457194,-3.4782517,-0.62814403,0.43079033,0.090858579,-0.89786649,0
2.8565595,-0.64104992,2.0237446,0.89457858,-0.17412984,0.41159201,0
-1.5872815,3.9317615,-1.4774482,0.43079033,0.090858579,-0.89786649,0
-3.5335915,-2.6118131,-1.9284127,-0.89457858,0.17412984,-0.41159201,0
2.8501613,-1.2379613,1.7851188,0.89457858,-0.17412984,0.41159201,0
2.5881097,0.61737251,2.4179833,-0.43079033,-0.090858579,0.89786649,0
3.4768248,-0.47018218,0.74791121,0.89457858,-0.17412984,0.41159201,0
3.0146239,-0.62379456,1.6874982,0.89457858,-0.17412984,0.41159201,0
2.8694887,-0.3147583,2.1336861,0.89457858,-0.17412984,0.41159201,0
-1.4790381,2.447947,0.6518358,-0.43079033,-0.090858579,0.89786649,0
3.1166692,-1.9953411,0.88545394,0.89457858,-0.17412984,0.41159201,0
2.1207728,-2.9273267,-0.39244604,0.43079033,0.090858579,-0.89786649,0
2.709101,3.1241686,0.73220938,0.11894876,0.98052204,0.15629366,0
2.4820137,2.9974189,1.7002099,0.11894876,0.98052204,0.15629366,0
-2.786325,1.7725633,-1.6976931,-0.89457858,0.17412984,-0.41159201,0
2.7678707,2.8054526,2.6869743,0.11894876,0.98052204,0.15629366,0
-2.7094021,3.7517505,-1.0275578,-0.89457858,0.17412984,-0.41159201,0
2.2513983,-1.9365615,1.9979889,-0.43079033,-0.090858579,0.89786649,0
-0.54096067,-1.299427,0.72270787,-0.43079033,-0.090858579,0.89786649,0
-1.5564938,-3.2608843,-0.7517131,-0.11894876,-0.98052204,-0.15629366,0
-0.024790764,-3.6784058,0.72962451,-0.43079033,-0.090858579,0.89786649,0
0.81537318,-2.9470501,1.2067385,-0.43079033,-0.090858579,0.89786649,0
2.2817006,-3.2362061,-0.34649062,0.43079033,0.090858579,-0.89786649,0
2.8792763,-3.0707023,0.94647193,0.89457858,-0.17412984,0.41159201,0
-3.0619431,-2.9923947,-1.2903692,-0.11894876,-0.98052204,-0.15629366,0
-3.1639009,-2.4996767,-2.6844804,-0.89457858,0.17412984,-0.41159201,0
3.3666883,-1.8057067,0.42227554,0.89457858,-0.17412984,0.41159201,0
-2.8426199,2.0044208,-1.477248,-0.89457858,0.17412984,-0.41159201,0
1.3709521,3.168493,1.472545,0.11894876,0.98052204,0.15629366,0
-1.4203746,0.79237759,0.51244861,-0.43079033,-0.090858579,0.89786649,0
-1.279218,1.9232924,0.6946162,-0.43079033,-0.090858579,0.89786649,0
-0.90926623,-1.7900169,0.49635252,-0.43079033,-0.090858579,0.89786649,0
-3.1219277,0.92830193,-1.3254511,-0.89457858,0.17412984,-0.41159201,0
3.1145172,0.46672082,1.9317427,0.89457858,-0.17412984,0.41159201,0
-2.9390991,1.4396315,-1.5064974,-0.89457858,0.17412984,-0.41159201,0
3.4700909,1.6838566,1.6738442,0.89457858,-0.17412984,0.41159201,0
1.4862312,2.9663904,2.1270156,-0.43079033,-0.090858579,0.89786649,0
3.2621965,0.06138432,1.4392834,0.89457858,-0.17412984,0.41159201,0
-3.1254885,-1.6803812,-2.4213536,-0.89457858,0.17412984,-0.41159201,0
0.97304642,-2.3003132,1.3478348,-0.43079033,-0.090858579,0.89786649,0
3.2180731,0.27420747,1.625222,0.89457858,-0.17412984,0.41159201,0
2.2525101,0.89960682,0.058022797,0.43079033,0.090858579,-0.89786649,0
-3.0141602,0.30139893,-1.8249006,-0.89457858,0.17412984,-0.41159201,0
3.0780957,-3.3285382,0.026270866,0.43079033,0.090858579,-0.89786649,0
1.3028526,3.3755298,0.22550964,0.11894876,0.98052204,0.15629366,0
0.090242624,3.545917,0.079437613,0.11894876,0.98052204,0.15629366,0
-1.0552211,-3.3539047,-0.54963869,-0.11894876,-0.98052204,-0.15629366,0
-3.0307269,3.9430704,-0.036896229,0.11894876,0.98052204,0.15629366,0
-2.603653,-3.0547566,-1.2479222,-0.11894876,-0.98052204,-0.15629366,0
0.18119335,3.6507089,-0.64720309,0.11894876,0.98052204,0.15629366,0
-2.3865895,2.0351937,-2.0528722,0.43079033,0.090858579,-0.89786649,0
0.57723093,-3.7029073,0.39746833,-0.11894876,-0.98052204,-0.15629366,0
3.1947184,-2.5792136,0.4688015,0.89457858,-0.17412984,0.41159201,0
-1.8897948,-3.0471261,-1.8390826,-0.11894876,-0.98052204,-0.15629366,0
-1.4382174,-3.3766708,-0.11532998,-0.11894876,-0.98052204,-0.15629366,0
-2.933588,3.9570768,-0.45343399,-0.89457858,0.17412984,-0.41159201,0
-0.33007789,3.5754635,0.21396422,0.11894876,0.98052204,0.15629366,0
3.4835558,1.1793272,1.4311306,0.89457858,-0.17412984,0.41159201,0
2.5192225,-1.0258149,2.2186513,-0.43079033,-0.090858579,0.89786649,0
-3.7103493,-0.8269639,-0.78913105,-0.89457858,0.17412984,-0.41159201,0
0.35710454,-3.7288389,0.72768235,-0.11894876,-0.98052204,-0.15629366,0
-3.4152255,-2.4010646,-2.0965168,-0.89457858,0.17412984,-0.41159201,0
3.428025,2.579123,2.1440277,0.89457858,-0.17412984,0.41159201,0
1.3596056,-2.6015909,1.502816,-0.43079033,-0.090858579,0.89786649,0
2.8381701,-1.3747659,1.7533042,0.89457858,-0.17412984,0.41159201,0
1.3043184,-3.659533,-0.42800188,-0.11894876,-0.98052204,-0.15629366,0
-2.971684,0.10476983,-2.0004077,-0.89457858,0.17412984,-0.41159201,0
3.15727,-3.5162385,0.045264244,0.43079033,0.090858579,-0.89786649,0
3.3615785,0.89156526,1.5745013,0.89457858,-0.17412984,0.41159201,0
2.9543068,-0.36533278,1.9279407,0.89457858,-0.17412984,0.41159201,0
3.2064703,1.1538594,2.0225902,0.89457858,-0.17412984,0.41159201,0
2.5253646,-4.0535345,1.2998822,0.89457858,-0.17412984,0.41159201,0
-2.9324713,3.5690336,-0.62002802,-0.89457858,0.17412984,-0.41159201,0
2.3909426,-4.0568666,1.5906334,0.89457858,-0.17412984,0.41159201,0
-3.1017423,-0.68414837,-2.0514939,-0.89457858,0.17412984,-0.41159201,0
-1.0237496,-3.4872017,0.26266003,-0.11894876,-0.98052204,-0.15629366,0
2.8256612,-0.82078302,0.1589241,0.43079033,0.090858579,-0.89786649,0
2.2042363,-2.3054459,1.9380322,-0.43079033,-0.090858579,0.89786649,0
0.7202673,-3.6242568,-0.20481205,-0.11894876,-0.98052204,-0.15629366,0
-2.8370936,1.0409236,-1.8968804,-0.89457858,0.17412984,-0.41159201,0
3.2303095,2.8227866,2.226285,0.11894876,0.98052204,0.15629366,0
2.5947304,-4.0098162,0.78744936,-0.11894876,-0.98052204,-0.15629366,0
3.1739218,0.83312106,0.49338233,0.43079033,0.090858579,-0.89786649,0
2.2050171,-0.64964449,2.1059637,-0.43079033,-0.090858579,0.89786649,0
-1.8061932,-3.0327592,-1.9928418,-0.11894876,-0.98052204,-0.15629366,0
-2.1497455,0.30758893,0.11344373,-0.43079033,-0.090858579,0.89786649,0
0.48897266,-3.6494715,0.1294024,-0.11894876,-0.98052204,-0.15629366,0
1.8045311,-4.0267091,1.4948168,-0.11894876,-0.98052204,-0.15629366,0
3.1103323,-1.9133806,0.93390179,0.89457858,-0.17412984,0.41159201,0
-3.8110819,-2.2872021,-1.1879675,-0.89457858,0.17412984,-0.41159201,0
-0.097984791,-3.5345874,-0.14462209,-0.11894876,-0.98052204,-0.15629366,0
-2.1684887,2.7754986,-1.8733146,0.43079033,0.090858579,-0.89786649,0
-3.135983,2.127986,-0.787359,-0.89457858,0.17412984,-0.41159201,0
-2.3285341,-0.87744033,-0.092255533,-0.43079033,-0.090858579,0.89786649,0
-0.79861355,3.554013,0.7051208,0.11894876,0.98052204,0.15629366,0
-3.3605311,1.2095126,-0.68788671,-0.89457858,0.17412984,-0.41159201,0
-0.84141135,-3.4672451,-0.0013097525,-0.11894876,-0.98052204,-0.15629366,0
-0.33975649,3.4146845,1.2299917,0.11894876,0.98052204,0.15629366,0
2.5456691,-3.7069874,1.4023628,0.89457858,-0.17412984,0.41159201,0
-3.1636481,2.6795506,-0.49388194,-0.89457858,0.17412984,-0.41159201,0
-0.10665131,3.436476,0.91587543,0.11894876,0.98052204,0.15629366,0
-2.7460649,2.1553416,-1.6232567,-0.89457858,0.17412984,-0.41159201,0
2.7650316,0.25401366,2.4660997,-0.43079033,-0.090858579,0.89786649,0
-0.6741811,0.09627974,-1.4274759,0.43079033,0.090858579,-0.89786649,0
-1.9613752,-1.3793002,-2.1943827,0.43079033,0.090858579,-0.89786649,0
2.6696529,-2.6715589,1.5709422,0.89457858,-0.17412984,0.41159201,0
0.058157325,-0.80245304,1.0604514,-0.43079033,-0.090858579,0.89786649,0
2.8954806,-2.1359644,1.3067064,0.89457858,-0.17412984,0.41159201,0
0.68067884,-3.4932814,-0.99637032,-0.11894876,-0.98052204,-0.15629366,0
0.22201586,3.5791559,-0.22937524,0.11894876,0.98052204,0.15629366,0
-2.5350099,-1.7896197,-0.28362831,-0.43079033,-0.090858579,0.89786649,0
2.4505184,1.3163006,2.4226952,-0.43079033,-0.090858579,0.89786649,0
-3.2630877,-0.060446501,-1.4369497,-0.89457858,0.17412984,-0.41159201,0
-2.2973819,2.4009395,-1.9730594,0.43079033,0.090858579,-0.89786649,0
3.1931696,-1.7917777,0.80530405,0.89457858,-0.17412984,0.41159201,0
-3.3139753,-1.166081,-1.7941029,-0.89457858,0.17412984,-0.41159201,0
2.3702416,-3.663209,-0.34721923,0.43079033,0.090858579,-0.89786649,0
3.2446156,-2.0758834,0.57329345,0.89457858,-0.17412984,0.41159201,0
-1.800589,3.5401895,0.60808611,-0.43079033,-0.090858579,0.89786649,0
3.1554856,-1.0708961,1.192188,0.89457858,-0.17412984,0.41159201,0
0.046352148,-3.5986133,0.14719892,-0.11894876,-0.98052204,-0.15629366,0
-0.27745032,3.5795655,0.14817667,0.11894876,0.98052204,0.15629366,0
1.3511833,-0.63029212,1.6982583,-0.43079033,-0.090858579,0.89786649,0
-3.1887326,0.42047012,-1.3950989,-0.89457858,0.17412984,-0.41159201,0
2.9534607,1.7219267,0.47754788,0.43079033,0.090858579,-0.89786649,0
-2.9678445,-0.79299396,-2.3885641,-0.89457858,0.17412984,-0.41159201,0
3.4729066,-0.40455747,0.78419018,0.89457858,-0.17412984,0.41159201,0
3.0879383,-1.6598827,1.0898204,0.89457858,-0.17412984,0.41159201,0
-1.3748052,-3.3251808,-0.4866184,-0.11894876,-0.98052204,-0.15629366,0
1.319571,-3.8495474,0.7524631,-0.11894876,-0.98052204,-0.15629366,0
0.31945896,-2.3180814,-1.1950524,0.43079033,0.090858579,-0.89786649,0
3.7470698,1.4371297,0.82949686,0.43079033,0.090858579,-0.89786649,0
0.071659625,-0.99263149,-1.1798176,0.43079033,0.090858579,-0.89786649,0
2.2695069,-0.97709209,2.1037698,-0.43079033,-0.090858579,0.89786649,0
1.8403556,3.1224308,1.4042772,0.11894876,0.98052204,0.15629366,0
3.9487295,2.8455555,1.1250157,0.89457858,-0.17412984,0.41159201,0
1.0053174,2.4436517,-0.38412404,0.43079033,0.090858579,-0.89786649,0
2.939522,0.19557381,0.31640279,0.43079033,0.090858579,-0.89786649,0
0.3485477,-3.570513,-0.2590785,-0.11894876,-0.98052204,-0.15629366,0
-0.46759385,0.79134715,-1.2580202,0.43079033,0.090858579,-0.89786649,0
2.7832646,-3.4717698,0.98547125,0.89457858,-0.17412984,0.41159201,0
3.063283,-2.6618099,0.7195282,0.89457858,-0.17412984,0.41159201,0
1.0023079,3.2507613,1.2369883,0.11894876,0.98052204,0.15629366,0
-1.8737457,3.8868518,-1.619436,0.43079033,0.090858579,-0.89786649,0
0.82811916,1.7899305,1.6922073,-0.43079033,-0.090858579,0.89786649,0
2.9932327,-0.69606769,1.703415,0.89457858,-0.17412984,0.41159201,0
-3.3136296,-0.87909496,-1.6734402,-0.89457858,0.17412984,-0.41159201,0
-2.408529,-1.4826994,-2.4193878,0.43079033,0.090858579,-0.89786649,0
3.0905824,-0.54390156,1.5562052,0.89457858,-0.17412984,0.41159201,0
-2.4621668,-2.9298925,-2.1389484,-0.11894876,-0.98052204,-0.15629366,0
-2.716038,2.0610583,-1.7284074,-0.89457858,0.17412984,-0.41159201,0
3.4019063,1.0055966,1.5350931,0.89457858,-0.17412984,0.41159201,0
-1.8472303,2.3174915,-1.7655239,0.43079033,0.090858579,-0.89786649,0
3.2766342,-2.3232408,0.39905429,0.89457858,-0.17412984,0.41159201,0
1.8325949,-3.9263783,0.84402752,-0.11894876,-0.98052204,-0.15629366,0
-0.66052485,3.5275116,0.76628447,0.11894876,0.98052204,0.15629366,0
1.0041652,-3.4299154,-0.97904587,0.43079033,0.090858579,-0.89786649,0
2.4154544,2.9558318,2.0117664,0.11894876,0.98052204,0.15629366,0
-3.1210294,-0.24569869,-1.8240817,-0.89457858,0.17412984,-0.41159201,0
3.1669166,0.15508199,1.6860108,0.89457858,-0.17412984,0.41159201,0
-1.5885692,-3.0992165,-1.7415404,-0.11894876,-0.98052204,-0.15629366,0
-2.50458,4.0738626,-1.2578597,0.11894876,0.98052204,0.15629366,0
-3.2184563,1.6772277,-0.79880714,-0.89457858,0.17412984,-0.41159201,0
2.5660362,-4.0665302,1.1650922,-0.11894876,-0.98052204,-0.15629366,0
-3.0888438,2.065464,-0.91626477,-0.89457858,0.17412984,-0.41159201,0
-0.44985437,-3.4038014,-0.69732749,-0.11894876,-0.98052204,-0.15629366,0
0.69661713,2.2324843,-0.5536052,0.43079033,0.090858579,-0.89786649,0
3.5036285,0.72862542,1.1968272,0.89457858,-0.17412984,0.41159201,0
3.1524267,0.40677851,1.8239877,0.89457858,-0.17412984,0.41159201,0
3.0865312,-2.8133843,0.60487318,0.89457858,-0.17412984,0.41159201,0
-0.26650667,3.4512026,0.94514477,0.11894876,0.98052204,0.15629366,0
-3.1641414,1.8961409,-0.82424355,-0.89457858,0.17412984,-0.41159201,0
-0.73995805,3.2900457,1.0916569,-0.43079033,-0.090858579,0.89786649,0
-3.4147167,-0.53338182,-0.57858241,-0.43079033,-0.090858579,0.89786649,0
1.4547721,1.7549037,1.9893267,-0.43079033,-0.090858579,0.89786649,0
3.1059341,-2.9083028,0.52254438,0.89457858,-0.17412984,0.41159201,0
-3.1900361,3.0603008,-0.10712314,-0.43079033,-0.090858579,0.89786649,0
0.5966028,-2.095324,1.1879634,-0.43079033,-0.090858579,0.89786649,0
-1.4001838,-0.12910485,0.42888772,-0.43079033,-0.090858579,0.89786649,0
-0.66608644,-3.1591215,0.47448349,-0.43079033,-0.090858579,0.89786649,0
-0.29944277,3.6712432,-0.41023278,0.11894876,0.98052204,0.15629366,0
3.6458447,0.44893646,0.76939929,0.89457858,-0.17412984,0.41159201,0
-3.8381476,-2.4128165,-0.97192901,-0.43079033,-0.090858579,0.89786649,0
-0.21726608,3.6367011,-0.25607157,0.11894876,0.98052204,0.15629366,0
-1.5994781,0.17511752,-1.8634496,0.43079033,0.090858579,-0.89786649,0
-1.258184,-3.1998234,-1.3618141,-0.11894876,-0.98052204,-0.15629366,0
-1.515651,3.7588077,-0.033969641,0.11894876,0.98052204,0.15629366,0
-3.1106472,0.45884728,-1.5485789,-0.89457858,0.17412984,-0.41159201,0
3.0027325,2.9064541,1.8745886,0.11894876,0.98052204,0.15629366,0
-3.73472,-1.0559956,-0.83305812,-0.89457858,0.17412984,-0.41159201,0
-2.5996051,-1.6933844,-0.30488223,-0.43079033,-0.090858579,0.89786649,0
-3.3444462,1.1615596,-0.74313259,-0.89457858,0.17412984,-0.41159201,0
2.2909546,0.72910035,2.2867165,-0.43079033,-0.090858579,0.89786649,0
-1.3409657,3.8847446,-0.9569943,0.11894876,0.98052204,0.15629366,0
0.57247818,1.2328374,1.513178,-0.43079033,-0.090858579,0.89786649,0
2.755115,-3.8118587,-0.17760205,0.43079033,0.090858579,-0.89786649,0
0.91195518,-0.0075979233,-0.67697001,0.43079033,0.090858579,-0.89786649,0
-2.8091121,3.8823094,0.15882349,-0.43079033,-0.090858579,0.89786649,0
-3.4827495,-1.4835134,-1.5615731,-0.89457858,0.17412984,-0.41159201,0
1.792115,-3.9477158,1.0086946,-0.11894876,-0.98052204,-0.15629366,0
-2.3706503,3.8640532,-0.043533325,0.11894876,0.98052204,0.15629366,0
0.99027252,-3.6116972,-0.48909855,-0.11894876,-0.98052204,-0.15629366,0
-0.16684103,1.5180705,-1.0401809,0.43079033,0.090858579,-0.89786649,0
0.2727766,-3.4451749,-0.98773289,-0.11894876,-0.98052204,-0.15629366,0
-1.3906882,3.6127665,0.78712845,0.11894876,0.98052204,0.15629366,0
2.901803,-3.9689386,0.51749754,0.89457858,-0.17412984,0.41159201,0
2.3337824,3.1075907,1.1218522,0.11894876,0.98052204,0.15629366,0
1.8440683,3.0052574,2.1365504,0.11894876,0.98052204,0.15629366,0
2.9749126,2.3731337,2.7812412,-0.43079033,-0.090858579,0.89786649,0
-3.0082245,3.2193277,-0.60332942,-0.89457858,0.17412984,-0.41159201,0
-2.9161453,2.7018173,-1.0224001,-0.89457858,0.17412984,-0.41159201,0
3.2397044,2.2075205,2.3961236,0.89457858,-0.17412984,0.41159201,0
3.4645138,1.8916782,1.7738879,0.89457858,-0.17412984,0.41159201,0
1.3546239,1.4443018,-0.31765705,0.43079033,0.090858579,-0.89786649,0
1.3098279,1.6673392,-0.31658,0.43079033,0.090858579,-0.89786649,0
-3.3020544,-0.02377975,-1.3367448,-0.89457858,0.17412984,-0.41159201,0
3.7948661,2.9457045,1.0254873,0.11894876,0.98052204,0.15629366,0
2.3442156,-3.8589344,0.031536341,-0.11894876,-0.98052204,-0.15629366,0
1.8027918,-3.8336139,0.28474307,-0.11894876,-0.98052204,-0.15629366,0
1.6635079,-1.8399062,-0.50179815,0.43079033,0.090858579,-0.89786649,0
-2.7518418,3.9768791,-0.84007263,-0.89457858,0.17412984,-0.41159201,0
3.4399736,1.6099322,1.7080282,0.89457858,-0.17412984,0.41159201,0
-0.59734464,3.6849401,-0.26944137,0.11894876,0.98052204,0.15629366,0
-2.9478059,-1.1024839,-2.5630522,-0.89457858,0.17412984,-0.41159201,0
-3.2095284,1.9217294,-0.71477103,-0.89457858,0.17412984,-0.41159201,0
-2.3997507,-0.14452934,-0.05225873,-0.43079033,-0.090858579,0.89786649,0
-2.2455866,-3.0633645,-1.4664303,-0.11894876,-0.98052204,-0.15629366,0
-0.92945266,-3.2544267,-1.2694407,-0.11894876,-0.98052204,-0.15629366,0
1.1439219,-3.8677201,1.0001493,-0.11894876,-0.98052204,-0.15629366,0
3.4789724,-0.78246164,0.61112928,0.89457858,-0.17412984,0.41159201,0
-3.0034344,2.3690748,-0.087540865,-0.43079033,-0.090858579,0.89786649,0
2.9259858,0.28995061,2.2667229,0.89457858,-0.17412984,0.41159201,0
-1.182544,3.8196988,-0.66948938,0.11894876,0.98052204,0.15629366,0
0.21991229,3.510417,0.20346487,0.11894876,0.98052204,0.15629366,0
-2.0792956,-2.1825376,-2.332243,0.43079033,0.090858579,-0.89786649,0
-3.2607412,0.15776742,-1.3497314,-0.89457858,0.17412984,-0.41159201,0
-2.8477664,-0.1437315,-2.3748691,-0.89457858,0.17412984,-0.41159201,0
-1.2899373,-3.1892157,-1.4041955,-0.11894876,-0.98052204,-0.15629366,0
-2.5753417,-2.4579902,-0.37061405,-0.43079033,-0.090858579,0.89786649,0
1.2802637,3.1736908,1.5089574,0.11894876,0.98052204,0.15629366,0
-3.3895047,-1.8517269,-1.9200149,-0.89457858,0.17412984,-0.41159201,0
-1.7500994,4.0080509,-1.4191914,0.11894876,0.98052204,0.15629366,0
-0.41922507,-0.24911249,-1.3401012,0.43079033,0.090858579,-0.89786649,0
1.7274525,-2.8698421,-0.57534146,0.43079033,0.090858579,-0.89786649,0
2.1353374,1.7657964,2.3169599,-0.43079033,-0.090858579,0.89786649,0
-1.8060005,-0.95196301,0.15091142,-0.43079033,-0.090858579,0.89786649,0
1.110903,-3.5673709,-0.85898972,-0.11894876,-0.98052204,-0.15629366,0
2.1654248,-4.0874,1.6009083,-0.11894876,-0.98052204,-0.15629366,0
-3.3125005,-1.4527632,-0.62257504,-0.43079033,-0.090858579,0.89786649,0
2.3670287,-1.5796446,-0.13791704,0.43079033,0.090858579,-0.89786649,0
3.4128294,2.8604426,1.851138,0.11894876,0.98052204,0.15629366,0
-2.3623426,1.8161349,-2.063406,0.43079033,0.090858579,-0.89786649,0
-2.8926263,2.2954369,-1.2454431,-0.89457858,0.17412984,-0.41159201,0
1.2810404,3.425833,-0.073471904,0.11894876,0.98052204,0.15629366,0
-0.76492381,1.9349072,0.94254661,-0.43079033,-0.090858579,0.89786649,0
2.1342082,0.9827106,0.0096721053,0.43079033,0.090858579,-0.89786649,0
2.6001935,-3.0058286,1.5804925,0.89457858,-0.17412984,0.41159201,0
1.6496332,3.1231015,1.5452216,0.11894876,0.98052204,0.15629366,0
-3.4636407,0.98393703,-0.55921483,-0.89457858,0.17412984,-0.41159201,0
-0.9112767,1.3827519,-1.4110495,0.43079033,0.090858579,-0.89786649,0
1.8015716,-0.87639582,-0.3380549,0.43079033,0.090858579,-0.89786649,0
3.3052821,0.13729119,1.3777523,0.89457858,-0.17412984,0.41159201,0
-1.455404,3.3048682,-1.4776123,0.43079033,0.090858579,-0.89786649,0
-1.505778,1.0163568,-1.7333643,0.43079033,0.090858579,-0.89786649,0
2.8992367,-3.8373528,-0.1110332,0.43079033,0.090858579,-0.89786649,0
1.1054411,-1.4058121,-0.72562742,0.43079033,0.090858579,-0.89786649,0
1.8969822,3.0025151,2.1134841,0.11894876,0.98052204,0.15629366,0
0.094174981,-2.0766792,-1.2787137,0.43079033,0.090858579,-0.89786649,0
-2.8033557,0.23081398,-2.3129368,-0.89457858,0.17412984,-0.41159201,0
1.0487962,1.4488766,1.7635741,-0.43079033,-0.090858579,0.89786649,0
3.824425,2.3519917,1.186377,0.89457858,-0.17412984,0.41159201,0
1.3641731,-3.213407,-0.78440714,0.43079033,0.090858579,-0.89786649,0
2.8016908,-2.5397527,1.339726,0.89457858,-0.17412984,0.41159201,0
-1.8154633,3.7447708,0.28226781,0.11894876,0.98052204,0.15629366,0
-1.8200343,-2.648859,-2.2550399,0.43079033,0.090858579,-0.89786649,0
0.60161197,1.1625063,-0.70746326,0.43079033,0.090858579,-0.89786649,0
-0.53491592,-3.1236389,-1.6864934,0.43079033,0.090858579,-0.89786649,0
2.7685196,-2.9586434,1.2346039,0.89457858,-0.17412984,0.41159201,0
-2.9822309,-2.7676651,-2.7608969,-0.11894876,-0.98052204,-0.15629366,0
1.0724375,-3.8429997,0.89946747,-0.11894876,-0.98052204,-0.15629366,0
1.2221006,2.6247644,1.9657171,-0.43079033,-0.090858579,0.89786649,0
3.1129427,1.0547968,2.1839585,0.89457858,-0.17412984,0.41159201,0
2.9874151,2.5236835,2.8024745,-0.43079033,-0.090858579,0.89786649,0
1.8062563,-3.8047643,0.10111451,-0.11894876,-0.98052204,-0.15629366,0
3.1140397,1.8741646,2.5282197,0.89457858,-0.17412984,0.41159201,0
-3.2672486,-0.26173449,-1.5130638,-0.89457858,0.17412984,-0.41159201,0
3.0942726,-0.5519383,1.5447845,0.89457858,-0.17412984,0.41159201,0
-3.3659573,0.14184844,-1.1277832,-0.89457858,0.17412984,-0.41159201,0
1.6200814,3.0739121,1.8763047,0.11894876,0.98052204,0.15629366,0
-3.3528364,-0.60799003,-1.4735316,-0.89457858,0.17412984,-0.41159201,0
-0.30351123,-0.13053679,0.95491904,-0.43079033,-0.090858579,0.89786649,0
-2.7057419,2.523567,-1.555114,-0.89457858,0.17412984,-0.41159201,0
3.5707715,1.1944103,1.2479511,0.89457858,-0.17412984,0.41159201,0
0.12451863,-3.4854786,-0.6220504,-0.11894876,-0.98052204,-0.15629366,0
0.3377018,3.5728841,-0.2780726,0.11894876,0.98052204,0.15629366,0
1.213553,-3.0198445,1.3904164,-0.43079033,-0.090858579,0.89786649,0
-1.4442704,0.97467244,0.51943064,-0.43079033,-0.090858579,0.89786649,0
2.0778873,-0.028247714,-0.11965322,0.43079033,0.090858579,-0.89786649,0
0.69924879,-3.4833868,-1.0725793,-0.11894876,-0.98052204,-0.15629366,0
3.1163607,2.8891621,1.896594,0.11894876,0.98052204,0.15629366,0
-2.778192,3.0735593,-1.1649656,-0.89457858,0.17412984,-0.41159201,0
-1.0842633,3.0003371,-1.3303576,0.43079033,0.090858579,-0.89786649,0
3.4630909,0.54743814,0.60321426,0.43079033,0.090858579,-0.89786649,0
-0.7923708,-0.30590326,-1.524881,0.43079033,0.090858579,-0.89786649,0
-1.1162312,-3.4583125,0.22823095,-0.43079033,-0.090858579,0.89786649,0
3.0348172,-0.81109631,1.5643685,0.89457858,-0.17412984,0.41159201,0
-2.2214599,-3.0736208,-1.4204478,-0.11894876,-0.98052204,-0.15629366,0
0.674891,-3.537358,1.0796006,-0.43079033,-0.090858579,0.89786649,0
-3.51489,-0.72893834,-1.172483,-0.89457858,0.17412984,-0.41159201,0
-3.115602,-0.55905569,-1.968448,-0.89457858,0.17412984,-0.41159201,0
-2.4921629,3.5925975,-1.5670519,-0.89457858,0.17412984,-0.41159201,0
-2.0604675,4.0720139,-1.5842593,0.11894876,0.98052204,0.15629366,0
0.71617448,-0.74042469,1.3824406,-0.43079033,-0.090858579,0.89786649,0
-2.5434146,-2.8668027,-2.4729142,-0.11894876,-0.98052204,-0.15629366,0
-3.1172173,-1.2363831,-0.5069834,-0.43079033,-0.090858579,0.89786649,0
0.37069631,2.5288236,1.5475104,-0.43079033,-0.090858579,0.89786649,0
-2.2264667,4.0022974,-1.0205495,0.11894876,0.98052204,0.15629366,0
-3.11113,-2.0225885,-2.5973365,-0.89457858,0.17412984,-0.41159201,0
3.3196306,0.30833364,1.418929,0.89457858,-0.17412984,0.41159201,0
0.80889392,-3.7645481,0.60786605,-0.11894876,-0.98052204,-0.15629366,0
1.7123889,2.2722197,-0.062223852,0.43079033,0.090858579,-0.89786649,0
2.8351552,-1.6209869,1.6556895,0.89457858,-0.17412984,0.41159201,0
-2.1393666,-2.3683958,-2.3798721,0.43079033,0.090858579,-0.89786649,0
-2.6644707,2.4725108,-1.6664166,-0.89457858,0.17412984,-0.41159201,0
-2.889174,2.4370265,-1.1930442,-0.89457858,0.17412984,-0.41159201,0
-1.4677296,-1.8266436,0.22469914,-0.43079033,-0.090858579,0.89786649,0
1.9352202,3.2171531,0.73783118,0.11894876,0.98052204,0.15629366,0
2.8760931,-0.52059531,2.032249,0.89457858,-0.17412984,0.41159201,0
-0.74770778,0.056031227,0.76067597,-0.43079033,-0.090858579,0.89786649,0
3.1802583,-2.1589394,0.67803359,0.89457858,-0.17412984,0.41159201,0
-2.4409838,-0.515091,-2.337043,0.43079033,0.090858579,-0.89786649,0
-0.00087332726,0.67862725,-1.0454973,0.43079033,0.090858579,-0.89786649,0
0.72523475,2.5026848,-0.51253188,0.43079033,0.090858579,-0.89786649,0
3.6026907,1.6463466,1.3697743,0.89457858,-0.17412984,0.41159201,0
3.8644342,2.182024,1.027511,0.89457858,-0.17412984,0.41159201,0
-3.2782061,-2.3063352,-2.3542469,-0.89457858,0.17412984,-0.41159201,0
-2.8849456,2.7918024,-1.0521417,-0.89457858,0.17412984,-0.41159201,0
-2.3239603,1.5004961,-2.076931,0.43079033,0.090858579,-0.89786649,0
-3.1572978,0.77824938,-1.312058,-0.89457858,0.17412984,-0.41159201,0
1.3135915,-3.8858843,0.98497581,-0.11894876,-0.98052204,-0.15629366,0
-2.2659655,2.9238763,0.32243443,-0.43079033,-0.090858579,0.89786649,0
1.0651987,0.17569429,1.6426057,-0.43079033,-0.090858579,0.89786649,0
-2.7944579,3.9359999,-0.76474309,-0.89457858,0.17412984,-0.41159201,0
-0.14855689,0.48281279,-1.1361701,0.43079033,0.090858579,-0.89786649,0
-1.5239444,-3.1485033,-1.4815189,-0.11894876,-0.98052204,-0.15629366,0
-2.974328,0.96774286,-1.6295679,-0.89457858,0.17412984,-0.41159201,0
-2.1061125,-2.9848585,-2.0650916,-0.11894876,-0.98052204,-0.15629366,0
2.3567171,3.0588958,1.4098873,0.11894876,0.98052204,0.15629366,0
-2.8822613,1.511652,-1.5995617,-0.89457858,0.17412984,-0.41159201,0
-3.0834262,-1.2830771,-2.3446887,-0.89457858,0.17412984,-0.41159201,0
-3.1401219,-2.5929646,-2.7756305,-0.89457858,0.17412984,-0.41159201,0
0.69290709,2.4363449,1.6927465,-0.43079033,-0.090858579,0.89786649,0
0.01966548,-2.4144592,0.87885833,-0.43079033,-0.090858579,0.89786649,0
-2.4391046,3.9185398,-1.5444772,-0.89457858,0.17412984,-0.41159201,0
-0.25933743,-3.2975616,-1.5088283,-0.11894876,-0.98052204,-0.15629366,0
-3.8285928,-2.1454496,-0.9402886,-0.43079033,-0.090858579,0.89786649,0
-1.6692152,0.16612543,-1.8978186,0.43079033,0.090858579,-0.89786649,0
0.39933729,-1.5601344,1.1474745,-0.43079033,-0.090858579,0.89786649,0
3.0826461,-2.5005465,0.7456677,0.89457858,-0.17412984,0.41159201,0
0.26112127,3.3993669,0.86878359,0.11894876,0.98052204,0.15629366,0
-0.68099976,-3.5418758,0.34481025,-0.11894876,-0.98052204,-0.15629366,0
-0.04916358,3.5566554,0.11816716,0.11894876,0.98052204,0.15629366,0
3.1084375,-0.14551246,1.6859421,0.89457858,-0.17412984,0.41159201,0
0.99215794,3.3833756,0.41274476,0.11894876,0.98052204,0.15629366,0
3.0222614,-0.84716856,1.5763969,0.89457858,-0.17412984,0.41159201,0
3.2962751,2.1965432,2.2685249,0.89457858,-0.17412984,0.41159201,0
-1.9001722,3.8037894,-0.0235219,0.11894876,0.98052204,0.15629366,0
-0.76324654,-3.4415822,-0.22179592,-0.11894876,-0.98052204,-0.15629366,0
-3.2776666,0.74183273,-1.0658476,-0.89457858,0.17412984,-0.41159201,0
3.3749671,0.52354574,1.3897055,0.89457858,-0.17412984,0.41159201,0
-0.20871902,3.5093246,-0.85877109,0.43079033,0.090858579,-0.89786649,0
-3.4822216,-0.64125061,-1.2063892,-0.89457858,0.17412984,-0.41159201,0
-1.454164,-3.162291,-1.4481254,-0.11894876,-0.98052204,-0.15629366,0
0.022123337,-3.6582394,0.53970885,-0.11894876,-0.98052204,-0.15629366,0
-2.2627678,3.8992708,-0.34657836,0.11894876,0.98052204,0.15629366,0
-2.981041,3.965317,-0.21427536,0.11894876,0.98052204,0.15629366,0
-3.6773782,-2.2768207,-1.4741755,-0.89457858,0.17412984,-0.41159201,0
-0.67855787,-3.3725836,-0.71911842,-0.11894876,-0.98052204,-0.15629366,0
3.4528446,-0.32375193,0.51013899,0.43079033,0.090858579,-0.89786649,0
3.3069868,1.8170106,2.0846767,0.89457858,-0.17412984,0.41159201,0
0.41518283,1.0772079,1.42196,-0.43079033,-0.090858579,0.89786649,0
2.7680364,-3.5714641,-0.14707613,0.43079033,0.090858579,-0.89786649,0
-1.4739885,3.6916437,0.35568333,0.11894876,0.98052204,0.15629366,0
-2.0710959,-1.7449869,-2.2840312,0.43079033,0.090858579,-0.89786649,0
1.9674715,-3.0452256,-0.47792935,0.43079033,0.090858579,-0.89786649,0
1.3467727,3.2094028,1.2342955,0.11894876,0.98052204,0.15629366,0
1.6845298,3.0630634,1.8953171,0.11894876,0.98052204,0.15629366,0
3.1502709,-2.3396811,0.66674399,0.89457858,-0.17412984,0.41159201,0
0.81904435,-3.0915365,1.1938787,-0.43079033,-0.090858579,0.89786649,0
1.2535754,1.1121972,-0.39974651,0.43079033,0.090858579,-0.89786649,0
3.3893304,0.12689722,1.1906798,0.89457858,-0.17412984,0.41159201,0
3.5761166,1.9675285,1.5634131,0.89457858,-0.17412984,0.41159201,0
-2.0908105,3.7876902,0.22256398,0.11894876,0.98052204,0.15629366,0
-1.8071967,-1.9812965,0.046175167,-0.43079033,-0.090858579,0.89786649,0
-0.39301407,-2.3275602,-1.5378516,0.43079033,0.090858579,-0.89786649,0
