3.9054239,-2.7217309,-2.2162771,0.30077147,-0.66563308,-0.68298519,0
-4.2139339,-0.9960202,-1.3224683,-0.95285785,-0.2397574,-0.18595147,0
-3.6290896,-1.9888157,-3.0392816,-0.95285785,-0.2397574,-0.18595147,0
5.0311365,-0.83692396,-0.50174856,0.95285785,0.2397574,0.18595147,0
-3.2416844,2.3975573,2.8245108,-0.30077147,0.66563308,0.68298519,0
3.3761694,3.6500161,2.1934257,0.95285785,0.2397574,0.18595147,0
-3.0001144,-3.5929806,-4.1939588,-0.95285785,-0.2397574,-0.18595147,0
3.961525,1.9119058,1.4349723,0.95285785,0.2397574,0.18595147,0
-3.5221186,-2.9984555,-2.2856402,-0.95285785,-0.2397574,-0.18595147,0
2.5952597,4.5343637,3.3124526,-0.30077147,0.66563308,0.68298519,0
-3.8485622,-2.3244505,-1.4819028,-0.95285785,-0.2397574,-0.18595147,0
-1.2936723,-1.7129622,-3.0562963,-0.039975256,0.70671701,-0.70636606,0
-2.9628916,-3.1665916,-4.4161816,-0.039975256,0.70671701,-0.70636606,0
2.2821579,1.4609262,-0.083198547,-0.039975256,0.70671701,-0.70636606,0
-4.1132603,-1.2976408,-1.4494479,-0.95285785,-0.2397574,-0.18595147,0
1.4227886,-2.9042001,-1.5704658,0.039975256,-0.70671701,0.70636606,0
-1.1702433,3.5327992,2.6303277,-0.30077147,0.66563308,0.68298519,0
4.9637823,-0.91978836,-0.049767017,0.95285785,0.2397574,0.18595147,0
0.73500037,2.8841739,1.428314,-0.039975256,0.70671701,-0.70636606,0
3.9821296,-2.771023,-2.1344576,0.30077147,-0.66563308,-0.68298519,0
-1.7170196,3.1852798,2.7282295,-0.30077147,0.66563308,0.68298519,0
-1.7065824,-0.36432433,-1.6836209,-0.039975256,0.70671701,-0.70636606,0
-3.0584776,2.0000651,0.75845003,-0.039975256,0.70671701,-0.70636606,0
5.2359185,-1.2908516,-0.96582651,0.95285785,0.2397574,0.18595147,0
-3.192831,2.9421463,2.3152709,-0.30077147,0.66563308,0.68298519,0
-1.450016,-4.2222967,-3.1122518,0.30077147,-0.66563308,-0.68298519,0
-2.832237,2.5290103,2.8767085,-0.30077147,0.66563308,0.68298519,0
-5.0873151,2.0614355,2.3393173,-0.30077147,0.66563308,0.68298519,0
-3.320394,2.0175421,3.1602089,-0.30077147,0.66563308,0.68298519,0
-2.7338219,-2.3695102,-3.6316679,-0.039975256,0.70671701,-0.70636606,0
-3.3608451,-2.9772754,-3.1393528,-0.95285785,-0.2397574,-0.18595147,0
4.4714003,0.086889982,1.1753454,0.95285785,0.2397574,0.18595147,0
-1.5087857,-3.7381368,-3.6099918,0.30077147,-0.66563308,-0.68298519,0
4.2173057,1.84114,0.2155323,0.95285785,0.2397574,0.18595147,0
-5.014029,0.86931527,0.37232161,-0.95285785,-0.2397574,-0.18595147,0
-2.1920595,-3.6806965,-3.9668715,0.30077147,-0.66563308,-0.68298519,0
2.9803782,3.7824855,4.0507507,0.95285785,0.2397574,0.18595147,0
-3.8727255,1.7858703,0.59022951,-0.039975256,0.70671701,-0.70636606,0
5.5089769,-1.6366713,-2.5676003,0.30077147,-0.66563308,-0.68298519,0
1.7997341,2.713855,4.0290465,0.039975256,-0.70671701,0.70636606,0
2.0385981,-1.0673251,0.23247099,0.039975256,-0.70671701,0.70636606,0
-3.8625765,-1.706043,-2.2074339,-0.95285785,-0.2397574,-0.18595147,0
3.6362832,-3.1013455,-1.9648302,0.30077147,-0.66563308,-0.68298519,0
-2.0217848,-1.4241583,0.1052494,0.039975256,-0.70671701,0.70636606,0
5.1116114,-0.7318449,-1.0496049,0.95285785,0.2397574,0.18595147,0
2.56739,2.2460604,0.68618345,-0.039975256,0.70671701,-0.70636606,0
-5.3411403,0.80907607,2.1261816,-0.95285785,-0.2397574,-0.18595147,0
-4.8024645,1.776994,0.63396549,-0.039975256,0.70671701,-0.70636606,0
-1.9710422,0.22660889,1.7539648,0.039975256,-0.70671701,0.70636606,0
4.7554359,0.18350983,-0.40469742,0.95285785,0.2397574,0.18595147,0
-2.819953,-3.5297582,-4.3904853,0.30077147,-0.66563308,-0.68298519,0
2.8956797,-3.1943958,-1.9441607,0.039975256,-0.70671701,0.70636606,0
-3.4777999,-3.0644493,-2.4276512,-0.95285785,-0.2397574,-0.18595147,0
-4.0267878,1.92872,2.9356942,-0.30077147,0.66563308,0.68298519,0
4.8816748,0.17819804,-1.5136781,-0.039975256,0.70671701,-0.70636606,0
0.038054943,-2.4690385,-3.8881145,-0.039975256,0.70671701,-0.70636606,0
-4.8841481,0.29236817,0.45067215,-0.95285785,-0.2397574,-0.18595147,0
-0.36081553,3.6226873,2.8991773,-0.30077147,0.66563308,0.68298519,0
3.0638938,1.1080235,2.3508749,0.039975256,-0.70671701,0.70636606,0
0.53498894,-0.14226079,1.2430884,0.039975256,-0.70671701,0.70636606,0
1.5702863,0.53116953,1.8582625,0.039975256,-0.70671701,0.70636606,0
0.32292271,4.1173563,2.6854296,-0.039975256,0.70671701,-0.70636606,0
1.0139854,-2.9889815,-1.6321537,0.039975256,-0.70671701,0.70636606,0
-1.9766903,0.10663152,-1.1971451,-0.039975256,0.70671701,-0.70636606,0
-5.3602705,2.1230922,2.1590242,-0.30077147,0.66563308,0.68298519,0
-3.5593412,-2.0885112,-3.2681451,-0.95285785,-0.2397574,-0.18595147,0
2.9387302,4.3199248,3.5712154,0.95285785,0.2397574,0.18595147,0
-5.3948674,1.3336866,1.7250848,-0.95285785,-0.2397574,-0.18595147,0
-5.0035944,0.04483211,1.3819036,-0.95285785,-0.2397574,-0.18595147,0
-1.1798167,-0.86532998,-2.2146866,-0.039975256,0.70671701,-0.70636606,0
0.18072414,3.3126469,3.4398227,-0.30077147,0.66563308,0.68298519,0
0.19180346,3.4989173,3.263164,-0.30077147,0.66563308,0.68298519,0
1.9036846,-3.5353651,-2.3048358,0.30077147,-0.66563308,-0.68298519,0
-4.4499612,0.28170109,1.9493737,0.039975256,-0.70671701,0.70636606,0
-1.5031109,2.8466346,3.1524715,-0.30077147,0.66563308,0.68298519,0
-3.3287337,1.8349758,3.3344638,-0.30077147,0.66563308,0.68298519,0
4.8271422,0.16604805,-0.74962044,0.95285785,0.2397574,0.18595147,0
-3.1961317,-3.3258615,-3.5339308,-0.95285785,-0.2397574,-0.18595147,0
2.1246827,-3.1266801,-2.6058147,0.30077147,-0.66563308,-0.68298519,0
-3.2403362,2.5935745,2.6340671,-0.30077147,0.66563308,0.68298519,0
4.9900889,-0.88124704,-0.2342639,0.95285785,0.2397574,0.18595147,0
-3.5794013,-2.3356309,-2.84673,-0.95285785,-0.2397574,-0.18595147,0
-4.3427515,-0.613222,-1.155942,-0.95285785,-0.2397574,-0.18595147,0
0.54750538,-3.4859195,-2.9502563,0.30077147,-0.66563308,-0.68298519,0
3.230448,3.6488037,2.052099,-0.039975256,0.70671701,-0.70636606,0
4.305748,0.48149014,-1.1776419,-0.039975256,0.70671701,-0.70636606,0
-0.086633205,3.7075741,2.937191,-0.30077147,0.66563308,0.68298519,0
-0.69215965,2.1316538,3.58758,0.039975256,-0.70671701,0.70636606,0
-2.0817704,-0.56381142,0.96941841,0.039975256,-0.70671701,0.70636606,0
-3.9379153,-2.1423185,-1.2588673,-0.95285785,-0.2397574,-0.18595147,0
-1.0430992,1.3394389,2.8148324,0.039975256,-0.70671701,0.70636606,0
3.8918428,2.2612927,1.341553,0.95285785,0.2397574,0.18595147,0
1.4270372,1.3069503,2.6425354,0.039975256,-0.70671701,0.70636606,0
-3.7519159,-2.1923456,-2.1474698,-0.95285785,-0.2397574,-0.18595147,0
0.35724044,1.2038333,2.59991,0.039975256,-0.70671701,0.70636606,0
-5.0240602,0.77137446,0.55000305,-0.95285785,-0.2397574,-0.18595147,0
0.45851159,-0.64393318,0.74549484,0.039975256,-0.70671701,0.70636606,0
-0.36739349,2.1764731,3.6140423,0.039975256,-0.70671701,0.70636606,0
5.6123586,-2.585778,-1.5970793,0.30077147,-0.66563308,-0.68298519,0
4.1859589,1.1626116,1.2510285,0.95285785,0.2397574,0.18595147,0
3.5961115,2.2794688,2.8335142,0.95285785,0.2397574,0.18595147,0
-4.5148039,1.708824,2.935092,-0.30077147,0.66563308,0.68298519,0
0.32866478,-3.5354843,-2.9983237,0.30077147,-0.66563308,-0.68298519,0
-3.5828967,-2.1177309,-3.109766,-0.95285785,-0.2397574,-0.18595147,0
-3.0541329,2.921515,2.3964584,-0.30077147,0.66563308,0.68298519,0
1.690546,-3.2183788,-2.7076299,0.30077147,-0.66563308,-0.68298519,0
-2.5901332,-3.4440928,-4.372767,0.30077147,-0.66563308,-0.68298519,0
-4.8424125,2.5801816,1.9416008,-0.30077147,0.66563308,0.68298519,0
-5.1207161,1.6299388,2.7451429,-0.30077147,0.66563308,0.68298519,0
1.5141015,-3.227093,-2.776839,0.30077147,-0.66563308,-0.68298519,0
0.80646133,3.7937803,3.2464743,-0.30077147,0.66563308,0.68298519,0
0.61578643,1.2862928,-0.16361392,-0.039975256,0.70671701,-0.70636606,0
5.0999737,-0.46239567,-1.3373842,0.95285785,0.2397574,0.18595147,0
-5.0433054,1.4721525,2.9330106,-0.30077147,0.66563308,0.68298519,0
-4.3973746,-0.61257601,-0.87687445,-0.95285785,-0.2397574,-0.18595147,0
-3.6646676,-1.1294214,-2.3382843,-0.039975256,0.70671701,-0.70636606,0
-1.6391621,-3.2227886,-4.169662,0.30077147,-0.66563308,-0.68298519,0
3.3947825,3.2634993,2.5964055,0.95285785,0.2397574,0.18595147,0
-3.4775777,-2.4058628,-3.2779429,-0.95285785,-0.2397574,-0.18595147,0
1.3237367,3.7575645,3.5095665,-0.30077147,0.66563308,0.68298519,0
-2.601908,-2.5766594,-1.0149932,0.039975256,-0.70671701,0.70636606,0
1.9927986,-3.1071806,-2.6828978,0.30077147,-0.66563308,-0.68298519,0
5.1660051,-0.71476424,-1.3503532,0.95285785,0.2397574,0.18595147,0
-3.1343045,2.770318,2.5085075,-0.30077147,0.66563308,0.68298519,0
3.6069872,-3.0579453,-2.0200291,0.30077147,-0.66563308,-0.68298519,0
-2.2081075,2.2957604,3.3788853,-0.30077147,0.66563308,0.68298519,0
-4.8969002,0.23114455,0.59495544,-0.95285785,-0.2397574,-0.18595147,0
3.1371462,-2.9104989,-2.3706374,0.30077147,-0.66563308,-0.68298519,0
3.8285172,2.0755699,1.9055095,0.95285785,0.2397574,0.18595147,0
5.5795984,-2.3415673,-1.3721733,0.95285785,0.2397574,0.18595147,0
-5.3201132,1.0386941,1.7223787,-0.95285785,-0.2397574,-0.18595147,0
2.9721308,4.2069044,3.5457871,0.95285785,0.2397574,0.18595147,0
-2.8813844,-1.5726521,0.0053291321,0.039975256,-0.70671701,0.70636606,0
-1.3893929,3.2542276,2.8053131,-0.30077147,0.66563308,0.68298519,0
-1.4689074,2.5323806,1.2010719,-0.039975256,0.70671701,-0.70636606,0
3.8657112,2.2916656,1.4362986,0.95285785,0.2397574,0.18595147,0
0.54841185,0.43749106,-1.0090243,-0.039975256,0.70671701,-0.70636606,0
-0.5706687,-2.2879329,-3.6724696,-0.039975256,0.70671701,-0.70636606,0
1.5202622,-1.1802654,0.1488086,0.039975256,-0.70671701,0.70636606,0
2.1756768,-2.7134664,-2.9860737,0.30077147,-0.66563308,-0.68298519,0
0.42289829,4.0425162,2.835145,-0.30077147,0.66563308,0.68298519,0
3.3551376,-2.9932542,-2.1939859,0.30077147,-0.66563308,-0.68298519,0
-0.81717539,-3.0988526,-3.9284637,0.30077147,-0.66563308,-0.68298519,0
1.9255483,-3.4412224,-2.3869586,0.30077147,-0.66563308,-0.68298519,0
3.4057362,-3.0888834,-2.0785036,0.30077147,-0.66563308,-0.68298519,0
4.7912035,0.47681916,-0.96615744,0.95285785,0.2397574,0.18595147,0
-3.2796338,-3.4939311,-2.8893471,-0.95285785,-0.2397574,-0.18595147,0
2.0229321,-2.9251614,-2.8470223,0.30077147,-0.66563308,-0.68298519,0
-1.14502,-4.3044405,-2.8978813,0.30077147,-0.66563308,-0.68298519,0
-3.201503,-3.6709497,-3.0614667,-0.95285785,-0.2397574,-0.18595147,0
3.3754675,-2.8784192,-2.2969506,0.30077147,-0.66563308,-0.68298519,0
3.7119331,2.2507224,2.2770808,0.95285785,0.2397574,0.18595147,0
1.2876277,3.5666666,2.0798709,-0.039975256,0.70671701,-0.70636606,0
0.58042622,2.0233865,3.4072397,0.039975256,-0.70671701,0.70636606,0
4.5634193,0.33155596,0.38835716,0.95285785,0.2397574,0.18595147,0
4.3338013,1.2129307,0.42856932,0.95285785,0.2397574,0.18595147,0
4.861536,0.20813799,-0.98013115,0.95285785,0.2397574,0.18595147,0
4.2240882,0.91586256,1.3737907,0.95285785,0.2397574,0.18595147,0
3.2472181,-2.5470164,-2.6764121,0.30077147,-0.66563308,-0.68298519,0
3.4925153,2.6938136,2.8301287,0.95285785,0.2397574,0.18595147,0
-2.2912271,2.7849951,2.8654766,-0.30077147,0.66563308,0.68298519,0
4.2277546,0.99479628,1.2532296,0.95285785,0.2397574,0.18595147,0
1.6766858,3.1853938,1.6763909,-0.039975256,0.70671701,-0.70636606,0
2.1201859,4.3516221,3.2813401,-0.30077147,0.66563308,0.68298519,0
4.8212953,-0.10991979,-0.36383915,0.95285785,0.2397574,0.18595147,0
-2.6458473,-4.6689196,-3.203594,0.30077147,-0.66563308,-0.68298519,0
-4.7547693,-0.35566425,0.62324715,-0.95285785,-0.2397574,-0.18595147,0
-2.8399773,-0.25274473,1.3235488,0.039975256,-0.70671701,0.70636606,0
-3.1750917,-3.8378093,-2.9816642,-0.95285785,-0.2397574,-0.18595147,0
-3.7411737,-2.8356757,-1.3730352,-0.95285785,-0.2397574,-0.18595147,0
3.2686021,3.4280453,3.0308275,0.95285785,0.2397574,0.18595147,0
-4.8090558,-0.41640812,0.97974539,-0.95285785,-0.2397574,-0.18595147,0
-4.9032178,2.7488732,1.7504182,-0.30077147,0.66563308,0.68298519,0
-1.9439597,-0.28164232,-1.5874642,-0.039975256,0.70671701,-0.70636606,0
2.5351706,3.5587337,4.236834,-0.30077147,0.66563308,0.68298519,0
2.2249513,3.7323742,3.9309912,-0.30077147,0.66563308,0.68298519,0
4.9374933,-0.032745242,-1.0587726,0.95285785,0.2397574,0.18595147,0
3.0989866,3.6362162,3.6315684,0.95285785,0.2397574,0.18595147,0
1.0112019,-2.531436,-3.6762877,0.30077147,-0.66563308,-0.68298519,0
-1.9523816,-2.4046855,-3.7110848,-0.039975256,0.70671701,-0.70636606,0
-0.56496239,-3.1764705,-3.7417488,0.30077147,-0.66563308,-0.68298519,0
3.1455617,3.5154266,3.5486479,0.95285785,0.2397574,0.18595147,0
-4.1761556,-1.4780443,-0.894557,-0.95285785,-0.2397574,-0.18595147,0
-3.9093587,1.9272501,2.9888403,-0.30077147,0.66563308,0.68298519,0
5.5818257,-2.5958266,-1.6007328,0.30077147,-0.66563308,-0.68298519,0
1.2121716,0.10645147,-1.3777924,-0.039975256,0.70671701,-0.70636606,0
-2.6484804,2.8985517,2.5974779,-0.30077147,0.66563308,0.68298519,0
-3.4992306,-2.7123413,-2.7718279,-0.95285785,-0.2397574,-0.18595147,0
0.17420334,-0.45765492,0.94795549,0.039975256,-0.70671701,0.70636606,0
0.69842482,-3.7064142,-2.6689017,0.30077147,-0.66563308,-0.68298519,0
0.42364454,3.8200288,3.0523083,-0.30077147,0.66563308,0.68298519,0
1.1001997,4.2180853,2.7422204,-0.039975256,0.70671701,-0.70636606,0
-2.8546352,2.3398046,3.0512431,-0.30077147,0.66563308,0.68298519,0
4.1523504,1.8491627,0.53803635,0.95285785,0.2397574,0.18595147,0
-4.9302921,2.1205332,2.3508706,-0.30077147,0.66563308,0.68298519,0
1.8056316,0.041505814,1.3550366,0.039975256,-0.70671701,0.70636606,0
3.8268166,2.6426892,1.1830084,0.95285785,0.2397574,0.18595147,0
-4.3483038,-1.3834797,-0.13435698,-0.95285785,-0.2397574,-0.18595147,0
-2.9058409,3.104476,2.2834499,-0.30077147,0.66563308,0.68298519,0
-1.2072263,-3.3519113,-3.8536048,0.30077147,-0.66563308,-0.68298519,0
0.84625196,-3.2658927,-3.0331314,0.30077147,-0.66563308,-0.68298519,0
3.4137771,3.0669611,2.75248,0.95285785,0.2397574,0.18595147,0
3.8025687,2.5851474,1.3814526,0.95285785,0.2397574,0.18595147,0
-0.42786455,3.7922306,2.7044148,-0.30077147,0.66563308,0.68298519,0
-4.5748034,0.92547077,2.6005282,0.039975256,-0.70671701,0.70636606,0
-0.8564496,3.5383167,2.1728463,-0.039975256,0.70671701,-0.70636606,0
-3.956182,-2.2965856,-0.96636152,-0.95285785,-0.2397574,-0.18595147,0
-1.1799848,0.23547375,-1.1133268,-0.039975256,0.70671701,-0.70636606,0
5.2464209,-1.0545154,-1.3243613,0.95285785,0.2397574,0.18595147,0
-3.7059374,-2.7488468,-1.6655471,-0.95285785,-0.2397574,-0.18595147,0
0.60877943,-3.867872,-2.5510242,0.30077147,-0.66563308,-0.68298519,0
1.9512239,-1.8593187,-3.386364,-0.039975256,0.70671701,-0.70636606,0
4.2401819,-1.1642376,0.010916233,0.039975256,-0.70671701,0.70636606,0
-3.4666679,-2.3085911,-3.4592617,-0.95285785,-0.2397574,-0.18595147,0
-5.5985823,2.3089652,1.511488,-0.95285785,-0.2397574,-0.18595147,0
-3.4401984,-0.38501343,1.2251828,0.039975256,-0.70671701,0.70636606,0
3.585393,-2.1956482,-2.8699284,0.30077147,-0.66563308,-0.68298519,0
-2.0153356,-0.60852098,0.92092693,0.039975256,-0.70671701,0.70636606,0
-1.7188401,-3.5334883,-3.9019444,0.30077147,-0.66563308,-0.68298519,0
4.3543458,-2.3645971,-2.3666415,0.30077147,-0.66563308,-0.68298519,0
4.1214571,-1.6402867,-3.1751089,0.30077147,-0.66563308,-0.68298519,0
5.48664,-1.9286677,-1.4282093,0.95285785,0.2397574,0.18595147,0
-4.8692918,0.19086289,0.50542116,-0.95285785,-0.2397574,-0.18595147,0
-3.5281348,-2.5514526,-2.8311608,-0.95285785,-0.2397574,-0.18595147,0
-3.2215586,-3.2638464,-3.483597,-0.95285785,-0.2397574,-0.18595147,0
3.2317777,3.1946533,3.5204465,0.95285785,0.2397574,0.18595147,0
-3.2430818,-2.4979732,-3.731375,-0.039975256,0.70671701,-0.70636606,0
4.2967706,1.1571544,0.69023943,0.95285785,0.2397574,0.18595147,0
2.270386,-0.21270847,1.0743942,0.039975256,-0.70671701,0.70636606,0
-5.5881681,1.9921342,1.866631,-0.95285785,-0.2397574,-0.18595147,0
-1.4457729,1.3707385,0.037543535,-0.039975256,0.70671701,-0.70636606,0
-2.9426746,3.1984837,2.1756098,-0.30077147,0.66563308,0.68298519,0
0.65161717,0.12538522,1.504267,0.039975256,-0.70671701,0.70636606,0
4.6456962,0.42417145,-0.15266132,0.95285785,0.2397574,0.18595147,0
-3.1470883,1.9744828,3.2784941,-0.30077147,0.66563308,0.68298519,0
-1.6042242,1.8798015,0.55582643,-0.039975256,0.70671701,-0.70636606,0
-1.4047353,-1.530719,-2.8676777,-0.039975256,0.70671701,-0.70636606,0
3.1292577,3.3253634,3.8772485,0.95285785,0.2397574,0.18595147,0
-1.6748058,-0.60109103,-1.9223037,-0.039975256,0.70671701,-0.70636606,0
3.8586226,2.2870157,1.4786177,0.95285785,0.2397574,0.18595147,0
-0.13152647,2.7151313,3.884649,-0.30077147,0.66563308,0.68298519,0
3.7621522,1.9727564,2.3781452,0.95285785,0.2397574,0.18595147,0
-4.3848133,-0.38999379,-1.22823,-0.95285785,-0.2397574,-0.18595147,0
-5.1734343,0.56953692,1.5756688,-0.95285785,-0.2397574,-0.18595147,0
3.4510283,2.7464674,2.9748278,0.95285785,0.2397574,0.18595147,0
4.911922,-2.1946743,-2.2867031,0.30077147,-0.66563308,-0.68298519,0
0.35633945,3.2467101,3.5814214,-0.30077147,0.66563308,0.68298519,0
0.91436386,3.2843165,3.7905121,-0.30077147,0.66563308,0.68298519,0
-5.1380515,0.9300189,0.9295702,-0.95285785,-0.2397574,-0.18595147,0
1.8905902,1.6037676,0.081873536,-0.039975256,0.70671701,-0.70636606,0
-5.544045,1.510064,2.2620935,-0.95285785,-0.2397574,-0.18595147,0
5.2065349,-1.3214254,-3.0080247,0.30077147,-0.66563308,-0.68298519,0
-1.0948043,0.31228387,1.7900934,0.039975256,-0.70671701,0.70636606,0
0.051035166,1.2727151,2.6861553,0.039975256,-0.70671701,0.70636606,0
1.0578938,3.6134968,3.532902,-0.30077147,0.66563308,0.68298519,0
-2.4401095,1.5547603,3.1093216,0.039975256,-0.70671701,0.70636606,0
2.7489223,4.5129566,2.9439321,-0.039975256,0.70671701,-0.70636606,0
0.07236433,3.7080452,3.0067506,-0.30077147,0.66563308,0.68298519,0
1.6909022,4.1507006,3.2881095,-0.30077147,0.66563308,0.68298519,0
-1.8697771,0.44195068,-0.86770999,-0.039975256,0.70671701,-0.70636606,0
-2.8635767,3.3044934,2.0524969,-0.039975256,0.70671701,-0.70636606,0
-0.07984066,-2.891933,-3.8054211,0.30077147,-0.66563308,-0.68298519,0
-0.0099506378,3.6068578,2.1935158,-0.039975256,0.70671701,-0.70636606,0
1.7548957,4.0072956,2.4942746,-0.039975256,0.70671701,-0.70636606,0
-0.025330544,-3.8173184,-2.8795409,0.30077147,-0.66563308,-0.68298519,0
3.5733821,2.7792614,2.3055747,0.95285785,0.2397574,0.18595147,0
-1.8775425,2.7763729,3.056057,-0.30077147,0.66563308,0.68298519,0
1.9004874,-0.77793795,0.52981806,0.039975256,-0.70671701,0.70636606,0
2.2361336,4.0941925,3.5832906,-0.30077147,0.66563308,0.68298519,0
-0.86183327,0.2116372,-1.1551802,-0.039975256,0.70671701,-0.70636606,0
-1.0313251,0.67436415,-0.68263155,-0.039975256,0.70671701,-0.70636606,0
-5.510488,1.5391362,2.0526538,-0.95285785,-0.2397574,-0.18595147,0
1.3519175,0.5305348,-0.96140707,-0.039975256,0.70671701,-0.70636606,0
-4.1601791,-1.6216222,-0.7913003,-0.95285785,-0.2397574,-0.18595147,0
-5.3732128,1.271435,1.694386,-0.95285785,-0.2397574,-0.18595147,0
-4.438839,-1.0918173,-0.046489716,-0.95285785,-0.2397574,-0.18595147,0
-0.036681652,-2.802361,-3.8737111,0.30077147,-0.66563308,-0.68298519,0
5.0765915,-1.1887535,-0.2810359,0.95285785,0.2397574,0.18595147,0
-5.3742476,1.5902119,1.2886715,-0.95285785,-0.2397574,-0.18595147,0
2.2093408,2.6830041,1.143607,-0.039975256,0.70671701,-0.70636606,0
-1.0595555,-1.3387103,-2.6951079,-0.039975256,0.70671701,-0.70636606,0
-1.1860647,-0.081355691,-1.4299695,-0.039975256,0.70671701,-0.70636606,0
4.2445283,-1.1002204,0.074719429,0.039975256,-0.70671701,0.70636606,0
-0.27951014,-0.79081196,0.64030993,0.039975256,-0.70671701,0.70636606,0
-0.53006697,3.067678,1.6835032,-0.039975256,0.70671701,-0.70636606,0
-5.3556781,0.67056346,2.3792715,-0.95285785,-0.2397574,-0.18595147,0
-4.6353741,2.23016,2.3739052,-0.30077147,0.66563308,0.68298519,0
3.6777756,1.9386854,2.8544378,0.95285785,0.2397574,0.18595147,0
-2.899991,-4.4376431,-3.5409138,0.30077147,-0.66563308,-0.68298519,0
-0.47155523,-2.9900742,-3.8822756,0.30077147,-0.66563308,-0.68298519,0
-2.5201955,-3.1397026,-4.4143329,-0.039975256,0.70671701,-0.70636606,0
2.4707916,-2.2621264,-3.2959847,0.30077147,-0.66563308,-0.68298519,0
5.5136976,-1.4494624,-2.1847243,0.95285785,0.2397574,0.18595147,0
2.6936316,0.84652197,2.110198,0.039975256,-0.70671701,0.70636606,0
-4.2829208,-1.6820978,-0.084370136,-0.95285785,-0.2397574,-0.18595147,0
3.3056092,3.7845974,2.3814709,0.95285785,0.2397574,0.18595147,0
-1.1095967,2.923872,3.2504916,-0.30077147,0.66563308,0.68298519,0
1.1277852,3.796128,3.3856902,-0.30077147,0.66563308,0.68298519,0
3.1642418,3.5037403,3.467994,0.95285785,0.2397574,0.18595147,0
0.82964563,2.3224447,3.6923423,0.039975256,-0.70671701,0.70636606,0
0.47037888,2.8850117,3.9841509,-0.30077147,0.66563308,0.68298519,0
3.0061989,3.4286318,4.3746829,0.95285785,0.2397574,0.18595147,0
2.9024832,1.6110398,0.031883478,-0.039975256,0.70671701,-0.70636606,0
-1.0350518,-4.1089396,-3.039988,0.30077147,-0.66563308,-0.68298519,0
2.3526113,-1.4743782,-0.19255495,0.039975256,-0.70671701,0.70636606,0
-5.3222399,0.77048463,2.079093,-0.95285785,-0.2397574,-0.18595147,0
-0.37933746,-0.87088418,0.5658474,0.039975256,-0.70671701,0.70636606,0
3.0359349,3.4473615,4.1981587,0.95285785,0.2397574,0.18595147,0
4.1679182,0.83901799,1.7606964,0.95285785,0.2397574,0.18595147,0
5.5367422,-2.4601626,-1.7528033,0.30077147,-0.66563308,-0.68298519,0
3.4171948,1.120005,-0.48852444,-0.039975256,0.70671701,-0.70636606,0
4.7399368,-1.9056846,-2.6440897,0.30077147,-0.66563308,-0.68298519,0
-0.42721748,-2.3811789,-0.94248766,0.039975256,-0.70671701,0.70636606,0
-3.6751456,2.4352438,2.5968945,-0.30077147,0.66563308,0.68298519,0
-5.3783698,0.80067581,2.3277874,-0.95285785,-0.2397574,-0.18595147,0
4.6964598,0.74456513,-0.82588863,0.95285785,0.2397574,0.18595147,0
1.7492127,-2.6299508,-3.2552726,0.30077147,-0.66563308,-0.68298519,0
0.66863394,-0.49620759,0.88140237,0.039975256,-0.70671701,0.70636606,0
4.1417704,1.9964745,0.4023118,0.95285785,0.2397574,0.18595147,0
5.6130023,-2.324019,-1.5659709,0.95285785,0.2397574,0.18595147,0
-1.8150406,3.277204,2.5954742,-0.30077147,0.66563308,0.68298519,0
3.7548604,-1.9258052,-3.0582855,0.30077147,-0.66563308,-0.68298519,0
-1.251009,3.7062609,2.4257057,-0.30077147,0.66563308,0.68298519,0
4.8390107,0.46919769,-1.2201195,-0.039975256,0.70671701,-0.70636606,0
-3.9549232,-1.3013504,-2.2560229,-0.95285785,-0.2397574,-0.18595147,0
-4.9263744,0.026830912,1.0094204,-0.95285785,-0.2397574,-0.18595147,0
-3.6895242,-1.8628938,-2.8919594,-0.95285785,-0.2397574,-0.18595147,0
0.94570255,-1.5425205,-0.18111026,0.039975256,-0.70671701,0.70636606,0
-4.5697622,0.14402628,-0.96904945,-0.95285785,-0.2397574,-0.18595147,0
3.0297632,4.3507566,2.7657571,-0.039975256,0.70671701,-0.70636606,0
4.8429527,0.20137393,-0.87618351,0.95285785,0.2397574,0.18595147,0
-2.303921,3.1305926,2.5230694,-0.30077147,0.66563308,0.68298519,0
0.62605524,-3.4086928,-2.9909291,0.30077147,-0.66563308,-0.68298519,0
-3.3084099,0.18891978,-1.0394504,-0.039975256,0.70671701,-0.70636606,0
3.6548095,-2.3839777,-2.6558139,0.30077147,-0.66563308,-0.68298519,0
-5.4294052,2.0668366,2.1834054,-0.30077147,0.66563308,0.68298519,0
0.86417818,3.6591561,3.4030952,-0.30077147,0.66563308,0.68298519,0
0.52975178,-2.2721951,-3.7190003,-0.039975256,0.70671701,-0.70636606,0
-5.3834739,0.93911064,2.1754484,-0.95285785,-0.2397574,-0.18595147,0
4.7484818,-1.7433081,-2.7985773,0.30077147,-0.66563308,-0.68298519,0
3.5924904,2.4794362,2.5942411,0.95285785,0.2397574,0.18595147,0
3.6052136,-1.1831831,0.027895927,0.039975256,-0.70671701,0.70636606,0
-1.219244,2.3768809,3.7352993,-0.30077147,0.66563308,0.68298519,0
4.5510855,0.39079338,-1.282268,-0.039975256,0.70671701,-0.70636606,0
-4.3313169,-0.91252327,-0.82863092,-0.95285785,-0.2397574,-0.18595147,0
-4.7051525,-0.61971349,0.70945263,-0.95285785,-0.2397574,-0.18595147,0
-3.0194862,1.9562147,3.3524909,-0.30077147,0.66563308,0.68298519,0
-1.7626919,-0.34904063,-1.6651545,-0.039975256,0.70671701,-0.70636606,0
0.13661671,-3.7450552,-2.8786504,0.30077147,-0.66563308,-0.68298519,0
3.05164,3.7186525,3.7678924,0.95285785,0.2397574,0.18595147,0
-4.8946285,-0.12872028,1.0473099,-0.95285785,-0.2397574,-0.18595147,0
0.72418165,-0.48945829,-1.9463812,-0.039975256,0.70671701,-0.70636606,0
1.171555,-3.1004002,-3.0511634,0.30077147,-0.66563308,-0.68298519,0
-3.9125783,1.9381754,2.9767747,-0.30077147,0.66563308,0.68298519,0
0.20244122,3.8620982,2.9138947,-0.30077147,0.66563308,0.68298519,0
-2.78369,-3.7743597,-4.1361284,0.30077147,-0.66563308,-0.68298519,0
4.3006091,0.49214256,1.5280061,0.95285785,0.2397574,0.18595147,0
1.7333083,-2.7919261,-3.1044168,0.30077147,-0.66563308,-0.68298519,0
-0.45930409,-2.6796722,-1.2393132,0.039975256,-0.70671701,0.70636606,0
5.5189743,-1.516314,-2.1255665,0.95285785,0.2397574,0.18595147,0
-0.002322197,3.9985368,2.6907492,-0.30077147,0.66563308,0.68298519,0
-3.6790221,-2.2655456,-2.4266152,-0.95285785,-0.2397574,-0.18595147,0
2.155623,4.2067261,3.4381604,-0.30077147,0.66563308,0.68298519,0
3.0511315,-2.316539,-2.9873855,0.30077147,-0.66563308,-0.68298519,0
2.7735994,1.0234473,2.2826858,0.039975256,-0.70671701,0.70636606,0
-1.3205709,-4.1072841,-3.1673381,0.30077147,-0.66563308,-0.68298519,0
2.8403361,-2.1113515,-3.2801895,0.30077147,-0.66563308,-0.68298519,0
5.02492,-0.05947876,-1.4722929,0.95285785,0.2397574,0.18595147,0
4.6135616,-2.4523799,-2.1669364,0.30077147,-0.66563308,-0.68298519,0
1.5666332,3.07342,4.2832952,-0.30077147,0.66563308,0.68298519,0
-3.4447205,-3.4068067,-2.1557386,-0.95285785,-0.2397574,-0.18595147,0
0.73047268,1.1651807,-0.29127669,-0.039975256,0.70671701,-0.70636606,0
4.7065797,-0.30929196,0.48104906,0.95285785,0.2397574,0.18595147,0
-3.1590476,1.2203709,-0.015939951,-0.039975256,0.70671701,-0.70636606,0
3.3870571,3.0211565,2.9484577,0.95285785,0.2397574,0.18595147,0
-0.7737186,-0.8866111,-2.2589607,-0.039975256,0.70671701,-0.70636606,0
-4.8960319,0.27677023,0.53167772,-0.95285785,-0.2397574,-0.18595147,0
5.0595908,-0.35223854,-1.2724853,0.95285785,0.2397574,0.18595147,0
2.7021875,3.5100188,4.3578615,-0.30077147,0.66563308,0.68298519,0
3.0009429,3.0173683,1.4333382,-0.039975256,0.70671701,-0.70636606,0
3.1672082,3.2768962,3.745276,0.95285785,0.2397574,0.18595147,0
4.4038601,1.2073661,0.076743126,0.95285785,0.2397574,0.18595147,0
2.5237403,2.0535915,0.49608922,-0.039975256,0.70671701,-0.70636606,0
3.3084636,3.6945882,2.4828994,0.95285785,0.2397574,0.18595147,0
4.5498266,0.74208724,-0.07131052,0.95285785,0.2397574,0.18595147,0
-2.9733829,-4.2960377,-2.7142019,0.039975256,-0.70671701,0.70636606,0
-4.4902587,-0.37161195,-0.71160269,-0.95285785,-0.2397574,-0.18595147,0
-3.2333226,-2.2990024,-0.70146465,0.039975256,-0.70671701,0.70636606,0
4.7725878,-0.75414199,-2.4403071,-0.039975256,0.70671701,-0.70636606,0
-1.2272305,-3.0197592,-4.1861272,0.30077147,-0.66563308,-0.68298519,0
-0.54744959,-2.8484795,-4.0536947,0.30077147,-0.66563308,-0.68298519,0
-3.0772815,-4.1715775,-3.0525205,-0.95285785,-0.2397574,-0.18595147,0
-0.97519493,-3.4567571,-3.6492412,0.30077147,-0.66563308,-0.68298519,0
4.9878616,-0.31960475,-0.94700575,0.95285785,0.2397574,0.18595147,0
3.8092065,1.5437732,2.6901362,0.95285785,0.2397574,0.18595147,0
-4.5336018,-1.0359418,0.36705446,-0.95285785,-0.2397574,-0.18595147,0
5.1770759,-0.68684125,-1.4430847,0.95285785,0.2397574,0.18595147,0
4.6216617,-1.2986392,-0.14514065,0.039975256,-0.70671701,0.70636606,0
4.2412839,-1.3242825,-2.9806633,-0.039975256,0.70671701,-0.70636606,0
4.8941851,-1.5881809,-2.8855991,0.30077147,-0.66563308,-0.68298519,0
3.6267464,1.9483329,3.103487,0.95285785,0.2397574,0.18595147,0
2.459991,2.7613554,4.0392051,0.039975256,-0.70671701,0.70636606,0
-5.4117351,1.6177896,1.445209,-0.95285785,-0.2397574,-0.18595147,0
-3.128449,-3.1412702,-4.1187553,-0.95285785,-0.2397574,-0.18595147,0
-3.1360979,-3.506391,-3.6087906,-0.95285785,-0.2397574,-0.18595147,0
3.8953936,-1.9543103,-2.968617,0.30077147,-0.66563308,-0.68298519,0
-0.21643925,3.2438581,3.3319621,-0.30077147,0.66563308,0.68298519,0
-2.2939031,3.2995777,2.3627887,-0.30077147,0.66563308,0.68298519,0
-0.42768741,-1.4000256,-2.792213,-0.039975256,0.70671701,-0.70636606,0
4.0559959,1.5925294,1.3626702,0.95285785,0.2397574,0.18595147,0
3.4003906,-2.094249,-3.0502222,0.30077147,-0.66563308,-0.68298519,0
1.3141508,3.9110723,3.355737,-0.30077147,0.66563308,0.68298519,0
3.6775405,1.9319351,2.8643456,0.95285785,0.2397574,0.18595147,0
4.1125689,1.0429544,1.7813747,0.95285785,0.2397574,0.18595147,0
5.5703096,-2.0946019,-1.6430049,0.95285785,0.2397574,0.18595147,0
4.2922916,0.46177435,1.6097794,0.95285785,0.2397574,0.18595147,0
5.4088092,-1.4233478,-1.6809182,0.95285785,0.2397574,0.18595147,0
4.7769737,-0.17677736,-0.05052042,0.95285785,0.2397574,0.18595147,0
-4.5869956,-0.34425104,-0.25117826,-0.95285785,-0.2397574,-0.18595147,0
5.556294,-2.1679478,-1.4766154,0.95285785,0.2397574,0.18595147,0
-4.4801865,-0.14174175,-1.0596004,-0.95285785,-0.2397574,-0.18595147,0
0.33217478,-1.8976364,-3.3330736,-0.039975256,0.70671701,-0.70636606,0
2.8661833,-2.3066046,-3.0785146,0.30077147,-0.66563308,-0.68298519,0
-2.096529,-3.1222687,-4.420867,-0.039975256,0.70671701,-0.70636606,0
-2.8406541,-3.4358196,-1.8610685,0.039975256,-0.70671701,0.70636606,0
-0.81293058,2.3729398,3.8358204,0.039975256,-0.70671701,0.70636606,0
2.962018,4.0502214,3.7996259,0.95285785,0.2397574,0.18595147,0
-2.669764,-0.94433832,-2.2094135,-0.039975256,0.70671701,-0.70636606,0
-1.0152621,2.8233595,3.3899937,-0.30077147,0.66563308,0.68298519,0
-5.4518533,1.5022405,1.7997675,-0.95285785,-0.2397574,-0.18595147,0
5.5693774,-2.2975681,-1.3765268,0.95285785,0.2397574,0.18595147,0
1.5816822,3.601861,3.7749071,-0.30077147,0.66563308,0.68298519,0
-1.8868699,-3.146009,-4.3535757,0.30077147,-0.66563308,-0.68298519,0
3.94118,2.3125279,1.0226779,0.95285785,0.2397574,0.18595147,0
4.5182467,0.045726776,0.98836756,0.95285785,0.2397574,0.18595147,0
5.0391359,-2.1157739,-2.3075767,0.30077147,-0.66563308,-0.68298519,0
4.2831802,0.54451323,1.549788,0.95285785,0.2397574,0.18595147,0
5.5254259,-1.7697911,-1.8318028,0.95285785,0.2397574,0.18595147,0
-3.1283257,1.405261,2.9986961,0.039975256,-0.70671701,0.70636606,0
-2.7309418,2.484452,2.9647431,-0.30077147,0.66563308,0.68298519,0
-3.1170611,3.2384603,2.0598526,-0.30077147,0.66563308,0.68298519,0
3.4287133,0.056388497,1.2780719,0.039975256,-0.70671701,0.70636606,0
3.4122508,2.0975373,0.48977351,-0.039975256,0.70671701,-0.70636606,0
-5.6336422,2.1339459,1.9168057,-0.95285785,-0.2397574,-0.18595147,0
4.6533537,-2.4498355,-2.1518927,0.30077147,-0.66563308,-0.68298519,0
-4.4078045,-0.709957,-0.69787121,-0.95285785,-0.2397574,-0.18595147,0
5.0618229,-1.1304519,-0.28052998,0.95285785,0.2397574,0.18595147,0
1.7052021,3.679044,3.7540805,-0.30077147,0.66563308,0.68298519,0
4.3007612,0.53094661,1.4771929,0.95285785,0.2397574,0.18595147,0
1.6878333,-3.5742984,-2.3619475,0.30077147,-0.66563308,-0.68298519,0
1.5964763,-1.7409173,-3.2478275,-0.039975256,0.70671701,-0.70636606,0
-2.7587404,-3.6235051,-2.053483,0.039975256,-0.70671701,0.70636606,0
4.4930801,0.6362381,0.35594893,0.95285785,0.2397574,0.18595147,0
-1.3650508,3.0683918,2.9971476,-0.30077147,0.66563308,0.68298519,0
-3.9496913,2.4270139,2.4840119,-0.30077147,0.66563308,0.68298519,0
2.6796892,-2.4576969,-3.0133889,0.30077147,-0.66563308,-0.68298519,0
-1.9771521,3.2625074,2.5384073,-0.30077147,0.66563308,0.68298519,0
5.6566019,-2.5560808,-1.4901729,0.95285785,0.2397574,0.18595147,0
-0.55147988,1.4652394,0.081480622,-0.039975256,0.70671701,-0.70636606,0
-5.6158142,1.9281291,2.0908203,-0.95285785,-0.2397574,-0.18595147,0
-2.9623752,-3.8558447,-4.0484138,-0.95285785,-0.2397574,-0.18595147,0
-4.9216928,0.68847966,0.13233042,-0.95285785,-0.2397574,-0.18595147,0
3.7604446,-2.3132122,-2.678262,0.30077147,-0.66563308,-0.68298519,0
4.390595,1.1876459,0.17014647,0.95285785,0.2397574,0.18595147,0
2.7222364,-3.0718489,-1.8117378,0.039975256,-0.70671701,0.70636606,0
-5.0071239,1.0981469,0.041894913,-0.95285785,-0.2397574,-0.18595147,0
-3.6251132,1.7683756,3.2688537,-0.30077147,0.66563308,0.68298519,0
-2.1608696,-1.7117238,-0.17458773,0.039975256,-0.70671701,0.70636606,0
2.0797586,-2.1448493,-3.5824842,0.30077147,-0.66563308,-0.68298519,0
-0.50146818,3.323225,3.129091,-0.30077147,0.66563308,0.68298519,0
0.41437364,0.44071484,1.8331795,0.039975256,-0.70671701,0.70636606,0
3.9797821,-0.41007221,-2.0511997,-0.039975256,0.70671701,-0.70636606,0
-4.6686363,-0.007078886,-0.26756716,-0.95285785,-0.2397574,-0.18595147,0
-4.5261297,-0.9975602,0.27927971,-0.95285785,-0.2397574,-0.18595147,0
-3.0796666,-4.1438737,-3.0760164,-0.95285785,-0.2397574,-0.18595147,0
-3.2325497,-2.6674452,-1.0701342,0.039975256,-0.70671701,0.70636606,0
-5.3324776,2.3112106,1.1984429,-0.039975256,0.70671701,-0.70636606,0
2.1504548,-3.3386905,-2.3878417,0.30077147,-0.66563308,-0.68298519,0
4.8089304,-0.22708893,-0.14940691,0.95285785,0.2397574,0.18595147,0
5.5524616,-1.1564445,-2.7611637,0.95285785,0.2397574,0.18595147,0
-2.3089118,2.4434581,3.1905479,-0.30077147,0.66563308,0.68298519,0
5.150548,-0.46620679,-1.5916233,0.95285785,0.2397574,0.18595147,0
-0.77867413,3.652354,2.6862485,-0.30077147,0.66563308,0.68298519,0
3.3783519,1.8749819,3.1004186,0.039975256,-0.70671701,0.70636606,0
4.863214,-2.2032545,-2.2997909,0.30077147,-0.66563308,-0.68298519,0
2.0366769,-2.9051402,-2.8604822,0.30077147,-0.66563308,-0.68298519,0
2.5520744,-2.8043723,-2.73172,0.30077147,-0.66563308,-0.68298519,0
5.1776943,-0.91316998,-1.1544347,0.95285785,0.2397574,0.18595147,0
-4.8493776,0.52572119,-0.028373718,-0.95285785,-0.2397574,-0.18595147,0
-4.6829195,0.18129241,-0.43725252,-0.95285785,-0.2397574,-0.18595147,0
3.0356183,3.3492129,4.3263321,0.95285785,0.2397574,0.18595147,0
3.713825,2.0617142,2.5110877,0.95285785,0.2397574,0.18595147,0
4.5631561,-2.0511975,-2.5801234,0.30077147,-0.66563308,-0.68298519,0
-2.4204125,-2.1815729,-3.4613743,-0.039975256,0.70671701,-0.70636606,0
0.51451421,3.2335796,1.7903712,-0.039975256,0.70671701,-0.70636606,0
3.6103072,2.9065623,1.9522266,0.95285785,0.2397574,0.18595147,0
2.4643586,1.7539246,0.19963408,-0.039975256,0.70671701,-0.70636606,0
4.6758671,0.047186375,0.17880249,0.95285785,0.2397574,0.18595147,0
3.554543,2.0760682,0.4602406,-0.039975256,0.70671701,-0.70636606,0
-3.3695264,-2.8694272,-3.2339232,-0.95285785,-0.2397574,-0.18595147,0
-1.9493155,0.099340342,1.6254035,0.039975256,-0.70671701,0.70636606,0
-0.43025255,3.7295973,2.7644048,-0.30077147,0.66563308,0.68298519,0
-4.9225292,0.038806021,1.7331014,0.039975256,-0.70671701,0.70636606,0
1.7494016,3.313473,4.1298285,-0.30077147,0.66563308,0.68298519,0
-4.5551467,0.12964654,-1.0254006,-0.95285785,-0.2397574,-0.18595147,0
-3.3908873,1.8835293,3.259773,-0.30077147,0.66563308,0.68298519,0
-2.921267,-4.3456655,-3.6275136,-0.95285785,-0.2397574,-0.18595147,0
-0.8597405,-0.96204251,-2.3295612,-0.039975256,0.70671701,-0.70636606,0
5.5483012,-2.0388887,-1.6020617,0.95285785,0.2397574,0.18595147,0
-0.41301823,3.3700957,3.1223621,-0.30077147,0.66563308,0.68298519,0
4.8730459,-1.4466457,-3.0328469,0.30077147,-0.66563308,-0.68298519,0
-3.5671988,-0.69053435,-1.904695,-0.039975256,0.70671701,-0.70636606,0
5.2110004,-0.67434764,-1.6330299,0.95285785,0.2397574,0.18595147,0
5.5939612,-1.3026516,-2.7853017,0.95285785,0.2397574,0.18595147,0
3.6263022,2.5375655,2.3460302,0.95285785,0.2397574,0.18595147,0
-5.122653,0.86457455,0.93505001,-0.95285785,-0.2397574,-0.18595147,0
-2.0380974,3.0138505,2.7539077,-0.30077147,0.66563308,0.68298519,0
3.8577106,2.4752488,1.2405901,0.95285785,0.2397574,0.18595147,0
-4.759377,1.4553767,3.0743952,-0.30077147,0.66563308,0.68298519,0
0.092165649,0.45782098,-0.96286392,-0.039975256,0.70671701,-0.70636606,0
0.14201307,-0.097742379,1.3098683,0.039975256,-0.70671701,0.70636606,0
-4.6384287,2.0072219,2.5898337,-0.30077147,0.66563308,0.68298519,0
-4.4571609,-1.277773,0.28715897,-0.95285785,-0.2397574,-0.18595147,0
-4.9266195,-0.23221475,1.344676,-0.95285785,-0.2397574,-0.18595147,0
-1.2325621,-3.9360242,-2.4525285,0.039975256,-0.70671701,0.70636606,0
4.612258,0.47489321,-0.046714783,0.95285785,0.2397574,0.18595147,0
2.4997361,0.89465374,-0.66206574,-0.039975256,0.70671701,-0.70636606,0
-4.0314455,1.6460278,0.45930004,-0.039975256,0.70671701,-0.70636606,0
-2.0767593,-3.4068365,-4.1829982,0.30077147,-0.66563308,-0.68298519,0
-0.073874474,2.7055128,3.9194121,-0.30077147,0.66563308,0.68298519,0
-4.9210229,0.86910629,-0.10399342,-0.95285785,-0.2397574,-0.18595147,0
1.5475019,0.79751241,-0.70536554,-0.039975256,0.70671701,-0.70636606,0
-2.4963455,-2.4329326,-3.7085614,-0.039975256,0.70671701,-0.70636606,0
-1.4381365,0.51962256,-0.81442738,-0.039975256,0.70671701,-0.70636606,0
-0.55354834,-2.9893212,-3.919117,0.30077147,-0.66563308,-0.68298519,0
-4.6583495,-0.75771946,0.6475625,-0.95285785,-0.2397574,-0.18595147,0
0.96623421,-2.1339502,-3.6053882,-0.039975256,0.70671701,-0.70636606,0
5.6492653,-2.1561172,-1.9682722,0.95285785,0.2397574,0.18595147,0
4.4539518,-1.7452079,-2.9264302,0.30077147,-0.66563308,-0.68298519,0
4.1624413,0.99618709,1.5861161,0.95285785,0.2397574,0.18595147,0
-2.3519001,-3.5263565,-4.1876807,0.30077147,-0.66563308,-0.68298519,0
-0.34911919,3.1985836,3.3176565,-0.30077147,0.66563308,0.68298519,0
1.2532783,-3.5030615,-2.1600316,0.039975256,-0.70671701,0.70636606,0
3.6096473,2.5650907,0.94638777,-0.039975256,0.70671701,-0.70636606,0
-2.6299865,-1.3581681,-2.6257005,-0.039975256,0.70671701,-0.70636606,0
-1.5225892,3.2703176,2.7309752,-0.30077147,0.66563308,0.68298519,0
-1.8357575,3.2279675,2.6343372,-0.30077147,0.66563308,0.68298519,0
-5.6391635,1.9812704,2.1419501,-0.95285785,-0.2397574,-0.18595147,0
1.9775698,-1.3100139,-2.8382773,-0.039975256,0.70671701,-0.70636606,0
5.2197008,-0.44037896,-1.9792819,0.95285785,0.2397574,0.18595147,0
-4.356029,-0.65717053,-1.03124,-0.95285785,-0.2397574,-0.18595147,0
1.3247991,4.1521163,3.1255069,-0.30077147,0.66563308,0.68298519,0
2.4062288,1.2183902,-0.33287644,-0.039975256,0.70671701,-0.70636606,0
-1.8808627,-2.8403673,-4.1510301,-0.039975256,0.70671701,-0.70636606,0
3.6588378,-0.054842949,-1.6776307,-0.039975256,0.70671701,-0.70636606,0
-3.43542,-2.507628,-3.3627572,-0.95285785,-0.2397574,-0.18595147,0
-2.3341262,2.3165369,3.3031406,-0.30077147,0.66563308,0.68298519,0
-1.7060198,1.9694892,0.6513195,-0.039975256,0.70671701,-0.70636606,0
3.9280014,2.1675317,1.2771604,0.95285785,0.2397574,0.18595147,0
3.8915231,2.4248216,1.1323478,0.95285785,0.2397574,0.18595147,0
-0.50556564,3.7148862,2.7455761,-0.30077147,0.66563308,0.68298519,0
0.96190739,2.8618128,4.223218,-0.30077147,0.66563308,0.68298519,0
-3.234901,2.5663939,2.6629508,-0.30077147,0.66563308,0.68298519,0
-4.489284,-0.31551468,-0.78892612,-0.95285785,-0.2397574,-0.18595147,0
-4.6070533,-0.98675704,0.6800189,-0.95285785,-0.2397574,-0.18595147,0
1.4077682,3.7865081,3.5183635,-0.30077147,0.66563308,0.68298519,0
2.3240411,-1.9040738,-3.45224,-0.039975256,0.70671701,-0.70636606,0
4.4330673,-1.3318106,-2.9990487,-0.039975256,0.70671701,-0.70636606,0
-2.4577627,0.68752575,-0.58873701,-0.039975256,0.70671701,-0.70636606,0
-4.3738117,-1.0255991,-0.46508217,-0.95285785,-0.2397574,-0.18595147,0
2.383589,0.78842473,-0.7617743,-0.039975256,0.70671701,-0.70636606,0
0.88988066,2.8799355,4.1738372,-0.30077147,0.66563308,0.68298519,0
-3.2414618,2.0039501,0.77269268,-0.039975256,0.70671701,-0.70636606,0
0.52864575,1.5797818,2.9663453,0.039975256,-0.70671701,0.70636606,0
-4.6234126,0.84744203,-0.30618143,-0.039975256,0.70671701,-0.70636606,0
-0.88201451,0.4782002,1.9440496,0.039975256,-0.70671701,0.70636606,0
0.83081865,-2.9820175,-3.3165908,0.30077147,-0.66563308,-0.68298519,0
-2.0575409,2.2546101,3.4852965,-0.30077147,0.66563308,0.68298519,0
3.4930313,-0.22312909,-1.836617,-0.039975256,0.70671701,-0.70636606,0
5.3965683,-1.1162119,-2.014204,0.95285785,0.2397574,0.18595147,0
-5.1251049,0.31640744,1.6543941,-0.95285785,-0.2397574,-0.18595147,0
-5.4893923,1.1544269,2.4405813,-0.95285785,-0.2397574,-0.18595147,0
-2.6702113,-4.2622118,-3.6106973,0.30077147,-0.66563308,-0.68298519,0
-2.327575,-0.46867561,-1.7528806,-0.039975256,0.70671701,-0.70636606,0
-3.622591,-2.5647087,-2.3300531,-0.95285785,-0.2397574,-0.18595147,0
-3.1873031,-3.8836875,-2.8599334,-0.95285785,-0.2397574,-0.18595147,0
