4.8316331,-2.6604104,-0.1301899,0.47404736,-0.84298325,0.25427991,0
4.4500527,-0.71636742,0.24788451,0.86715746,0.39688939,-0.30085981,0
3.4932783,1.0051482,-0.23879588,0.86715746,0.39688939,-0.30085981,0
-3.835736,2.3542871,0.79510736,0.15269881,0.36312246,0.91914368,0
0.30440462,-3.6605718,2.4835658,0.15269881,0.36312246,0.91914368,0
4.7702923,-2.5557392,0.33117056,0.47404736,-0.84298325,0.25427991,0
0.25957227,-4.1640549,2.689923,0.15269881,0.36312246,0.91914368,0
1.9983644,3.6771531,-1.0226681,0.86715746,0.39688939,-0.30085981,0
3.2691729,-3.1947756,1.011148,0.47404736,-0.84298325,0.25427991,0
-0.42797077,4.7610407,-1.1154778,-0.47404736,0.84298325,-0.25427991,0
-0.97890145,2.4437585,0.28514981,0.15269881,0.36312246,0.91914368,0
0.97853953,-4.2655988,1.7315469,0.47404736,-0.84298325,0.25427991,0
-2.8705654,-2.1421475,0.53370875,-0.86715746,-0.39688939,0.30085981,0
1.5001347,0.96207798,-1.7172734,-0.15269881,-0.36312246,-0.91914368,0
-4.2987833,0.62459809,0.06705451,-0.86715746,-0.39688939,0.30085981,0
-4.6199579,2.7812605,0.13620806,-0.47404736,0.84298325,-0.25427991,0
-0.77915084,4.6449857,-0.84552431,-0.47404736,0.84298325,-0.25427991,0
-3.9762897,0.72585738,1.1301463,-0.86715746,-0.39688939,0.30085981,0
3.3581777,0.8432126,-0.84181607,0.86715746,0.39688939,-0.30085981,0
-4.81282,2.3856311,-0.81582546,-0.47404736,0.84298325,-0.25427991,0
-1.6112982,0.83701646,-1.1509584,-0.15269881,-0.36312246,-0.91914368,0
-1.0434499,-5.5062814,1.3620276,-0.86715746,-0.39688939,0.30085981,0
4.0484428,-1.3079683,0.93212867,0.15269881,0.36312246,0.91914368,0
-4.1504221,3.135314,0.43461752,-0.47404736,0.84298325,-0.25427991,0
-2.1060064,-3.2916942,1.2209063,-0.86715746,-0.39688939,0.30085981,0
0.99280512,-0.70584202,1.2018871,0.15269881,0.36312246,0.91914368,0
4.8941336,-2.1550262,-0.37001371,0.86715746,0.39688939,-0.30085981,0
-4.3565073,3.0094957,0.4017067,-0.47404736,0.84298325,-0.25427991,0
3.220412,-3.3421445,0.61349797,0.47404736,-0.84298325,0.25427991,0
-2.8961873,-1.1451734,1.7750521,-0.86715746,-0.39688939,0.30085981,0
0.65843987,3.7519517,-2.679626,-0.15269881,-0.36312246,-0.91914368,0
1.2245424,4.8683991,-1.6815544,0.86715746,0.39688939,-0.30085981,0
-3.6931899,1.715701,1.0237093,0.15269881,0.36312246,0.91914368,0
0.70619774,5.1118698,-1.0488794,0.15269881,0.36312246,0.91914368,0
-3.3637896,3.0976005,-1.1569104,-0.47404736,0.84298325,-0.25427991,0
-2.1739683,3.9537663,-0.53671932,-0.47404736,0.84298325,-0.25427991,0
-1.4455104,-4.3908486,1.6746457,-0.86715746,-0.39688939,0.30085981,0
-4.391736,2.6021025,-0.8831985,-0.47404736,0.84298325,-0.25427991,0
-0.60524869,3.9686649,-0.37936521,0.15269881,0.36312246,0.91914368,0
-0.42074293,2.9724965,-0.016464949,0.15269881,0.36312246,0.91914368,0
3.7675471,-2.9219475,0.986516,0.47404736,-0.84298325,0.25427991,0
1.0973625,-0.014200032,0.91127253,0.15269881,0.36312246,0.91914368,0
-2.5303895,3.6180279,-0.98528481,-0.47404736,0.84298325,-0.25427991,0
-0.41448176,-1.1193163,-0.57690668,-0.15269881,-0.36312246,-0.91914368,0
-4.1167221,0.32883093,0.20163345,-0.86715746,-0.39688939,0.30085981,0
4.2406683,-0.71132505,-0.34896636,0.86715746,0.39688939,-0.30085981,0
-3.5133991,-1.0740409,0.089921474,-0.86715746,-0.39688939,0.30085981,0
3.2498717,-3.1513443,1.1911128,0.47404736,-0.84298325,0.25427991,0
-2.6665778,-2.4685972,0.69100708,-0.86715746,-0.39688939,0.30085981,0
-0.56778622,-5.3188725,1.1225309,0.47404736,-0.84298325,0.25427991,0
2.1478181,-3.6310425,1.6553581,0.47404736,-0.84298325,0.25427991,0
3.8555207,-3.0863948,0.27733755,0.47404736,-0.84298325,0.25427991,0
-4.8875942,2.7060575,0.38584518,-0.47404736,0.84298325,-0.25427991,0
-1.9010828,-3.9154456,0.98870933,-0.86715746,-0.39688939,0.30085981,0
-2.5445244,-1.0426886,-0.25331232,-0.15269881,-0.36312246,-0.91914368,0
4.8207979,-1.8515886,-0.1810956,0.86715746,0.39688939,-0.30085981,0
-1.8378217,3.7267852,-1.9158723,-0.47404736,0.84298325,-0.25427991,0
1.7251322,4.1003761,-1.2518862,0.86715746,0.39688939,-0.30085981,0
-3.6763101,2.7399261,-1.5596697,-0.15269881,-0.36312246,-0.91914368,0
2.8641477,-2.4579735,1.5832057,0.15269881,0.36312246,0.91914368,0
2.8657138,2.1076956,-0.59314078,0.86715746,0.39688939,-0.30085981,0
-0.83709347,4.3009858,-1.8779261,-0.47404736,0.84298325,-0.25427991,0
3.3802104,0.17619276,-1.6582319,0.86715746,0.39688939,-0.30085981,0
-2.859647,-1.2618457,1.7264594,-0.86715746,-0.39688939,0.30085981,0
-0.27453494,-4.8249288,2.2133403,0.47404736,-0.84298325,0.25427991,0
-0.79882884,-4.7716365,0.92985368,-0.15269881,-0.36312246,-0.91914368,0
0.98245436,-4.2410312,1.8056929,0.47404736,-0.84298325,0.25427991,0
3.1868179,0.60980111,-1.6436338,0.86715746,0.39688939,-0.30085981,0
-0.3068521,1.4996411,-1.6294488,-0.15269881,-0.36312246,-0.91914368,0
-2.0263624,3.754396,-1.4728448,-0.47404736,0.84298325,-0.25427991,0
-1.6835902,-3.8684342,1.6775951,-0.86715746,-0.39688939,0.30085981,0
1.213356,4.1468544,-2.6656473,0.86715746,0.39688939,-0.30085981,0
-3.7220316,2.670794,0.65117598,0.15269881,0.36312246,0.91914368,0
2.0194871,3.8293388,-0.7610265,0.86715746,0.39688939,-0.30085981,0
-4.2076378,1.9075738,1.0333729,0.15269881,0.36312246,0.91914368,0
-1.3402586,3.4971094,-2.2468996,-0.15269881,-0.36312246,-0.91914368,0
3.9732647,-0.54214835,-0.89651752,0.86715746,0.39688939,-0.30085981,0
-0.25845098,-4.9678664,1.7094929,0.47404736,-0.84298325,0.25427991,0
3.8664219,-2.7180741,1.4780631,0.47404736,-0.84298325,0.25427991,0
-0.76054847,-0.58290285,-0.73133278,-0.15269881,-0.36312246,-0.91914368,0
-0.029974937,-4.521812,2.7623007,0.47404736,-0.84298325,0.25427991,0
1.0976609,-3.924408,0.28007555,-0.15269881,-0.36312246,-0.91914368,0
-1.8155448,-3.7089264,0.67892122,-0.15269881,-0.36312246,-0.91914368,0
-1.6959014,-3.657028,0.63854158,-0.15269881,-0.36312246,-0.91914368,0
1.1769644,-1.9366999,-0.5183754,-0.15269881,-0.36312246,-0.91914368,0
-0.75703746,3.1768036,-2.2172489,-0.15269881,-0.36312246,-0.91914368,0
3.4265807,-1.653725,-1.003902,-0.15269881,-0.36312246,-0.91914368,0
3.2936869,-3.3761668,0.36410332,0.47404736,-0.84298325,0.25427991,0
4.8142743,-1.6324687,0.93309879,0.15269881,0.36312246,0.91914368,0
2.880163,1.3378744,0.080934197,0.15269881,0.36312246,0.91914368,0
-2.0971992,-0.37064999,-0.59312671,-0.15269881,-0.36312246,-0.91914368,0
3.7355886,-2.7703557,1.54865,0.47404736,-0.84298325,0.25427991,0
-0.23578262,-5.1535902,1.0515251,0.47404736,-0.84298325,0.25427991,0
1.3489606,-3.6378226,0.12510633,-0.15269881,-0.36312246,-0.91914368,0
2.4408455,2.5109546,-1.2857499,0.86715746,0.39688939,-0.30085981,0
-2.0754721,3.7169778,-1.5053396,-0.47404736,0.84298325,-0.25427991,0
-2.5473044,3.4270525,-1.5868695,-0.47404736,0.84298325,-0.25427991,0
-0.69641775,3.7846069,-0.29150414,0.15269881,0.36312246,0.91914368,0
1.3937545,3.9252717,-2.438,0.86715746,0.39688939,-0.30085981,0
0.34694886,3.2404413,-0.24985862,0.15269881,0.36312246,0.91914368,0
3.8421364,-2.3652885,1.3841143,0.15269881,0.36312246,0.91914368,0
0.63479614,3.2176876,-0.28868997,0.15269881,0.36312246,0.91914368,0
0.11119461,3.6641111,-2.5540085,-0.15269881,-0.36312246,-0.91914368,0
-4.4922733,2.6345172,-0.58830976,-0.47404736,0.84298325,-0.25427991,0
-1.1940708,4.4674239,-0.66065073,-0.47404736,0.84298325,-0.25427991,0
-2.7805459,-1.9424314,1.0566313,-0.86715746,-0.39688939,0.30085981,0
-3.8575215,2.1681581,0.87225914,0.15269881,0.36312246,0.91914368,0
3.0160301,1.8878741,-0.15892404,0.15269881,0.36312246,0.91914368,0
1.9919052,2.829339,-2.1597075,0.86715746,0.39688939,-0.30085981,0
-2.8807993,-1.7571708,1.0120683,-0.86715746,-0.39688939,0.30085981,0
-0.068282604,-4.9529676,1.4043579,0.47404736,-0.84298325,0.25427991,0
-0.97335839,-5.0971408,2.1037817,-0.86715746,-0.39688939,0.30085981,0
-4.4251447,1.4353895,0.77242994,-0.86715746,-0.39688939,0.30085981,0
-4.3105803,3.0689039,0.51303434,-0.47404736,0.84298325,-0.25427991,0
2.6316075,2.1609385,-1.19766,0.86715746,0.39688939,-0.30085981,0
2.5745461,-3.7104301,-0.049817562,-0.15269881,-0.36312246,-0.91914368,0
-5.2635245,2.1412778,-0.78566265,-0.47404736,0.84298325,-0.25427991,0
-1.3566506,-4.2544203,2.1107361,-0.86715746,-0.39688939,0.30085981,0
-4.7217007,2.4835305,-0.6611433,-0.47404736,0.84298325,-0.25427991,0
1.8201506,-3.8119643,1.6664317,0.47404736,-0.84298325,0.25427991,0
-1.5158329,4.2889185,-0.65257478,-0.47404736,0.84298325,-0.25427991,0
-2.2290945,-2.4845052,1.9309654,-0.86715746,-0.39688939,0.30085981,0
2.8856237,-2.7131147,-0.49550271,-0.15269881,-0.36312246,-0.91914368,0
1.5829322,-2.1840699,-0.48809218,-0.15269881,-0.36312246,-0.91914368,0
-4.0817127,0.88658047,1.0383129,-0.86715746,-0.39688939,0.30085981,0
0.72001362,5.0285883,-2.3686676,-0.47404736,0.84298325,-0.25427991,0
0.71500993,-1.0866121,-0.7774713,-0.15269881,-0.36312246,-0.91914368,0
-4.7560453,2.6624677,0.82624817,0.15269881,0.36312246,0.91914368,0
-0.92005444,-4.3171487,2.9463785,0.15269881,0.36312246,0.91914368,0
1.5188955,0.97482306,0.45051301,0.15269881,0.36312246,0.91914368,0
0.11910963,4.5791569,-2.7383633,-0.47404736,0.84298325,-0.25427991,0
-4.5811949,1.1077712,-0.10953546,-0.86715746,-0.39688939,0.30085981,0
3.517427,-3.1170177,0.80611515,0.47404736,-0.84298325,0.25427991,0
0.75991273,4.9218926,-2.7967653,-0.47404736,0.84298325,-0.25427991,0
-3.9166796,2.6156225,-1.4706287,-0.15269881,-0.36312246,-0.91914368,0
-5.1711488,1.8469393,-0.83484221,-0.86715746,-0.39688939,0.30085981,0
-3.0363278,-0.8719418,1.7315719,-0.86715746,-0.39688939,0.30085981,0
2.2238457,1.841512,-0.0090010911,0.15269881,0.36312246,0.91914368,0
2.695493,2.1967809,-0.22771114,0.15269881,0.36312246,0.91914368,0
0.076140285,-1.6343365,1.7209909,0.15269881,0.36312246,0.91914368,0
0.76078218,-2.9369459,-0.054071188,-0.15269881,-0.36312246,-0.91914368,0
-3.0177662,-1.5717096,0.8619504,-0.86715746,-0.39688939,0.30085981,0
2.3587017,-1.3770318,1.2401329,0.15269881,0.36312246,0.91914368,0
-0.6934762,-5.2600913,1.5517211,0.47404736,-0.84298325,0.25427991,0
3.1038051,-3.3893881,0.674263,0.47404736,-0.84298325,0.25427991,0
-0.62479973,-5.0625944,2.0784278,0.47404736,-0.84298325,0.25427991,0
3.5816724,0.8086679,-0.24321485,0.86715746,0.39688939,-0.30085981,0
4.1366434,0.0055891573,0.29694724,0.86715746,0.39688939,-0.30085981,0
-4.7936726,2.4247475,-0.72184467,-0.47404736,0.84298325,-0.25427991,0
0.68343782,-4.4069433,1.8131146,0.47404736,-0.84298325,0.25427991,0
4.5715675,-2.8241632,-0.73171949,-0.15269881,-0.36312246,-0.91914368,0
-2.5289216,-2.034719,1.6601343,-0.86715746,-0.39688939,0.30085981,0
4.8694572,-2.1123571,-0.38484764,0.86715746,0.39688939,-0.30085981,0
1.8072504,-2.6410866,1.8311316,0.15269881,0.36312246,0.91914368,0
4.3144464,-2.6373117,0.91056466,0.47404736,-0.84298325,0.25427991,0
1.5950043,3.5551624,-2.3461871,0.86715746,0.39688939,-0.30085981,0
-2.0882361,3.886601,-0.91921353,-0.47404736,0.84298325,-0.25427991,0
-1.4365151,-0.21531242,-0.764256,-0.15269881,-0.36312246,-0.91914368,0
2.460829,2.714607,-0.95949763,0.86715746,0.39688939,-0.30085981,0
3.5152321,-2.9212432,1.4592357,0.47404736,-0.84298325,0.25427991,0
-4.3692493,1.5784175,1.1222169,-0.86715746,-0.39688939,0.30085981,0
1.6418879,-3.9909019,1.4055514,0.47404736,-0.84298325,0.25427991,0
-2.2730873,2.6690583,0.41114593,0.15269881,0.36312246,0.91914368,0
0.46717387,-1.4765515,-0.58224595,-0.15269881,-0.36312246,-0.91914368,0
4.4250946,-0.63666487,0.28108978,0.86715746,0.39688939,-0.30085981,0
-1.3468376,4.0878696,-1.6341422,-0.47404736,0.84298325,-0.25427991,0
1.4974444,4.6402621,-1.1959336,0.86715746,0.39688939,-0.30085981,0
1.7394704,-1.465035,1.377774,0.15269881,0.36312246,0.91914368,0
2.3590186,-3.41325,1.9836431,0.47404736,-0.84298325,0.25427991,0
2.3306851,2.8907137,-1.1022906,0.86715746,0.39688939,-0.30085981,0
-2.3049521,3.8015418,-0.79718137,-0.47404736,0.84298325,-0.25427991,0
0.17342281,-4.3676028,0.60871196,-0.15269881,-0.36312246,-0.91914368,0
-2.602886,3.5295768,-1.1433635,-0.47404736,0.84298325,-0.25427991,0
-1.0198958,4.5468483,-0.72205305,-0.47404736,0.84298325,-0.25427991,0
-0.79681325,-4.9777241,2.6804667,0.47404736,-0.84298325,0.25427991,0
-1.7725077,-1.4487579,1.9547938,0.15269881,0.36312246,0.91914368,0
-4.9839602,2.3770249,-0.52530479,-0.47404736,0.84298325,-0.25427991,0
-1.4736693,4.3198152,-0.62875175,-0.47404736,0.84298325,-0.25427991,0
-2.526643,-2.0191059,1.6872985,-0.86715746,-0.39688939,0.30085981,0
1.5508748,-3.4707942,0.025574684,-0.15269881,-0.36312246,-0.91914368,0
-3.3746147,-1.1899923,0.33697289,-0.86715746,-0.39688939,0.30085981,0
3.5273337,-2.9767988,1.2524977,0.47404736,-0.84298325,0.25427991,0
3.8373556,-3.1710567,0.03053093,0.47404736,-0.84298325,0.25427991,0
1.4260461,4.5451975,-1.5271295,0.86715746,0.39688939,-0.30085981,0
-4.9020834,2.7593279,0.58945799,-0.47404736,0.84298325,-0.25427991,0
-0.94800472,-5.0817108,2.1972132,-0.86715746,-0.39688939,0.30085981,0
4.9148264,-2.0881443,-0.22214127,0.86715746,0.39688939,-0.30085981,0
-2.8017251,-0.22847295,-0.53225207,-0.15269881,-0.36312246,-0.91914368,0
-4.2170477,2.7558951,-0.69901752,-0.47404736,0.84298325,-0.25427991,0
-3.8555133,1.2941412,-0.95871782,-0.15269881,-0.36312246,-0.91914368,0
3.9023938,-2.3800693,1.3799431,0.15269881,0.36312246,0.91914368,0
-3.6993341,0.36882961,-0.61910498,-0.15269881,-0.36312246,-0.91914368,0
-0.30268717,0.54727948,0.92204338,0.15269881,0.36312246,0.91914368,0
3.9207973,-0.52209091,-1.0212827,0.86715746,0.39688939,-0.30085981,0
-2.038141,-2.6131101,2.3116899,-0.86715746,-0.39688939,0.30085981,0
-4.3978801,0.90328765,0.1490736,-0.86715746,-0.39688939,0.30085981,0
-0.028411388,-2.5237556,2.0897396,0.15269881,0.36312246,0.91914368,0
0.348021,-0.79799438,1.3454125,0.15269881,0.36312246,0.91914368,0
0.0088176578,0.61021638,0.84542847,0.15269881,0.36312246,0.91914368,0
2.4496961,3.0075212,-0.60517973,0.86715746,0.39688939,-0.30085981,0
3.2111745,1.0798049,-0.95340961,0.86715746,0.39688939,-0.30085981,0
-3.2076745,-0.94514096,1.1411418,-0.86715746,-0.39688939,0.30085981,0
2.076318,-4.0927544,0.18399763,-0.15269881,-0.36312246,-0.91914368,0
2.2316248,-1.1914411,1.1879239,0.15269881,0.36312246,0.91914368,0
2.4234116,-2.3356018,-0.56785703,-0.15269881,-0.36312246,-0.91914368,0
-1.3593007,4.1865611,-1.2837267,-0.47404736,0.84298325,-0.25427991,0
-1.1476164,2.329004,-1.8174244,-0.15269881,-0.36312246,-0.91914368,0
2.4493632,-3.7836235,0.58736205,0.47404736,-0.84298325,0.25427991,0
-3.8688068,3.1570177,-0.018438816,-0.47404736,0.84298325,-0.25427991,0
-3.9188957,3.1076775,-0.088632107,-0.47404736,0.84298325,-0.25427991,0
-1.7821453,-3.7097893,0.67371356,-0.15269881,-0.36312246,-0.91914368,0
1.7321784,4.2363725,-1.0521715,0.86715746,0.39688939,-0.30085981,0
-1.9191515,3.8049188,-1.5052235,-0.47404736,0.84298325,-0.25427991,0
-0.88241935,-4.9522161,2.5570755,-0.86715746,-0.39688939,0.30085981,0
-2.8478484,0.92229748,1.1967183,0.15269881,0.36312246,0.91914368,0
3.891783,0.35399947,0.050815344,0.86715746,0.39688939,-0.30085981,0
1.3306479,4.3355808,-2.0786157,0.86715746,0.39688939,-0.30085981,0
-1.8672421,-1.5448205,-0.16745481,-0.15269881,-0.36312246,-0.91914368,0
-3.7704465,-0.32000548,0.34375501,-0.86715746,-0.39688939,0.30085981,0
-4.3999319,1.6327224,1.1054189,-0.86715746,-0.39688939,0.30085981,0
1.294049,4.2246304,-2.3304677,0.86715746,0.39688939,-0.30085981,0
-0.32096314,-4.7341409,2.6008735,0.47404736,-0.84298325,0.25427991,0
3.631814,0.21804285,-0.87783778,0.86715746,0.39688939,-0.30085981,0
-1.092834,-4.5269017,2.5116718,-0.86715746,-0.39688939,0.30085981,0
-3.3036075,3.0880551,-1.3007498,-0.47404736,0.84298325,-0.25427991,0
4.6280794,-1.9969194,-0.92827916,0.86715746,0.39688939,-0.30085981,0
-0.74166816,0.2295717,1.1204877,0.15269881,0.36312246,0.91914368,0
-1.9957091,3.9837427,-0.76966643,-0.47404736,0.84298325,-0.25427991,0
5.1720324,-1.8773229,0.79730678,0.86715746,0.39688939,-0.30085981,0
-5.2812328,2.0955887,-0.82411933,-0.86715746,-0.39688939,0.30085981,0
-2.2973623,-3.3236785,0.60676831,-0.15269881,-0.36312246,-0.91914368,0
-1.8514242,-2.3560777,0.15041751,-0.15269881,-0.36312246,-0.91914368,0
1.6912143,3.2655036,-2.4509983,0.86715746,0.39688939,-0.30085981,0
-3.2108078,-1.1868103,0.81330734,-0.86715746,-0.39688939,0.30085981,0
-0.21122491,3.0130672,-2.2432389,-0.15269881,-0.36312246,-0.91914368,0
-4.7478447,2.0014348,0.58904123,-0.86715746,-0.39688939,0.30085981,0
-1.2208917,-2.2318475,2.1725252,0.15269881,0.36312246,0.91914368,0
-2.7633505,3.6842439,-0.33146334,-0.47404736,0.84298325,-0.25427991,0
-4.5457726,2.8217947,0.13228703,-0.47404736,0.84298325,-0.25427991,0
-2.2741561,3.9192686,-0.46430874,-0.47404736,0.84298325,-0.25427991,0
-0.12392497,3.3411691,-0.21142578,0.15269881,0.36312246,0.91914368,0
0.023676872,4.6545448,-0.75481725,0.15269881,0.36312246,0.91914368,0
3.4412446,-2.4088142,1.4679108,0.15269881,0.36312246,0.91914368,0
-5.1309633,2.4007399,-0.17262936,-0.47404736,0.84298325,-0.25427991,0
0.50784844,-2.2800646,1.904376,0.15269881,0.36312246,0.91914368,0
-4.9480915,2.5285249,0.70720625,-0.86715746,-0.39688939,0.30085981,0
2.1737649,-2.4674113,1.7016287,0.15269881,0.36312246,0.91914368,0
-0.71005225,4.4372444,-1.663044,-0.47404736,0.84298325,-0.25427991,0
0.30934393,0.59538031,-1.3745756,-0.15269881,-0.36312246,-0.91914368,0
-1.0499704,-4.8474936,2.2122965,-0.86715746,-0.39688939,0.30085981,0
2.0761707,-3.6893749,1.5955448,0.47404736,-0.84298325,0.25427991,0
3.3233485,-3.2362697,0.77258968,0.47404736,-0.84298325,0.25427991,0
-2.025491,-3.4596391,1.2314223,-0.86715746,-0.39688939,0.30085981,0
2.149693,-1.0527719,1.1467516,0.15269881,0.36312246,0.91914368,0
-0.20799185,0.63755023,-1.3052896,-0.15269881,-0.36312246,-0.91914368,0
-1.2293968,-0.72369421,-0.5978204,-0.15269881,-0.36312246,-0.91914368,0
-0.93204665,-4.2343006,2.9156404,0.15269881,0.36312246,0.91914368,0
1.8855228,4.067699,-0.83270645,0.86715746,0.39688939,-0.30085981,0
3.3938868,1.1141256,-0.38150865,0.86715746,0.39688939,-0.30085981,0
-3.1735473,3.5418046,0.21594858,0.15269881,0.36312246,0.91914368,0
2.945971,-3.437717,0.80829144,0.47404736,-0.84298325,0.25427991,0
3.0737305,-2.0608687,-0.78443336,-0.15269881,-0.36312246,-0.91914368,0
2.8897693,1.1424822,0.15653104,0.15269881,0.36312246,0.91914368,0
-0.49916077,-5.2283058,1.2948399,0.47404736,-0.84298325,0.25427991,0
0.75052845,2.298408,0.055259347,0.15269881,0.36312246,0.91914368,0
2.3267345,-3.9355865,0.080303192,-0.15269881,-0.36312246,-0.91914368,0
1.4469273,-3.5691566,2.2576418,0.15269881,0.36312246,0.91914368,0
0.68418968,-4.5065641,0.57875657,-0.15269881,-0.36312246,-0.91914368,0
-0.17075658,2.6009154,-2.0871348,-0.15269881,-0.36312246,-0.91914368,0
4.761981,-1.4203746,0.21822906,0.86715746,0.39688939,-0.30085981,0
0.53096521,2.8759649,-0.1364373,0.15269881,0.36312246,0.91914368,0
-3.2225697,-1.0742396,0.92790699,-0.86715746,-0.39688939,0.30085981,0
1.5838988,0.039978504,-1.3668989,-0.15269881,-0.36312246,-0.91914368,0
2.7748916,1.5686209,-1.5660542,0.86715746,0.39688939,-0.30085981,0
-4.9214878,2.3799834,-0.63196182,-0.47404736,0.84298325,-0.25427991,0
1.8415136,-3.7348232,1.8823411,0.47404736,-0.84298325,0.25427991,0
0.38338393,-2.3224168,1.9417851,0.15269881,0.36312246,0.91914368,0
-1.1154579,-0.10489929,1.3147241,0.15269881,0.36312246,0.91914368,0
-4.8168888,2.4054978,-0.74237823,-0.47404736,0.84298325,-0.25427991,0
1.117209,4.5205135,-2.4498434,0.86715746,0.39688939,-0.30085981,0
-3.7595189,-0.12422642,0.63351965,-0.86715746,-0.39688939,0.30085981,0
-4.332036,2.5840364,-1.0543897,-0.47404736,0.84298325,-0.25427991,0
-4.6373792,2.0898805,1.0241082,-0.86715746,-0.39688939,0.30085981,0
4.301116,-1.1323212,-0.73011065,0.86715746,0.39688939,-0.30085981,0
4.1992574,-0.44481054,-0.11674142,0.86715746,0.39688939,-0.30085981,0
3.7610469,-2.9452119,0.92150831,0.47404736,-0.84298325,0.25427991,0
-0.83361197,-4.8735657,2.8015039,-0.86715746,-0.39688939,0.30085981,0
-2.0786424,-2.5258183,2.3101089,-0.86715746,-0.39688939,0.30085981,0
-1.9103172,-1.7333012,2.0901017,0.15269881,0.36312246,0.91914368,0
2.2077398,2.2480927,-2.3043871,0.86715746,0.39688939,-0.30085981,0
4.4356537,-1.6471908,-1.0215468,0.86715746,0.39688939,-0.30085981,0
4.3035851,-2.9196353,-0.0051398277,0.47404736,-0.84298325,0.25427991,0
3.8327627,-0.39956403,-1.1133885,0.86715746,0.39688939,-0.30085981,0
2.5459497,1.6342725,-2.1393178,0.86715746,0.39688939,-0.30085981,0
0.25718582,-1.8249745,1.7662281,0.15269881,0.36312246,0.91914368,0
5.2032523,-1.8789024,0.88520575,0.86715746,0.39688939,-0.30085981,0
-2.6230969,3.7826445,-0.26671886,-0.47404736,0.84298325,-0.25427991,0
1.5811939,3.3987479,-2.5923307,0.86715746,0.39688939,-0.30085981,0
-3.2823448,2.4497643,0.66545177,0.15269881,0.36312246,0.91914368,0
1.350296,4.4976764,-1.8081518,0.86715746,0.39688939,-0.30085981,0
0.310148,4.3452516,-2.8561561,-0.15269881,-0.36312246,-0.91914368,0
-4.3614864,1.4708495,1.0026879,-0.86715746,-0.39688939,0.30085981,0
-0.73346233,-4.3584685,2.9317038,0.15269881,0.36312246,0.91914368,0
-4.7683535,2.3266618,-1.0942168,-0.47404736,0.84298325,-0.25427991,0
-3.2023594,3.2501166,-0.95224118,-0.47404736,0.84298325,-0.25427991,0
-2.3899055,-2.1438789,1.9168136,-0.86715746,-0.39688939,0.30085981,0
5.043828,-2.3018019,0.66307163,0.47404736,-0.84298325,0.25427991,0
-3.4471016,1.7524078,0.96832466,0.15269881,0.36312246,0.91914368,0
5.1058183,-2.1622124,0.23063803,0.86715746,0.39688939,-0.30085981,0
1.8938627,-3.8380218,1.442627,0.47404736,-0.84298325,0.25427991,0
3.0993421,1.866462,-0.23799333,0.86715746,0.39688939,-0.30085981,0
-2.628438,-1.9621235,1.4690688,-0.86715746,-0.39688939,0.30085981,0
-2.7979155,-1.7264946,1.2914288,-0.86715746,-0.39688939,0.30085981,0
-3.1010044,-0.88243055,1.5313206,-0.86715746,-0.39688939,0.30085981,0
-0.64028299,3.4908485,-0.18477583,0.15269881,0.36312246,0.91914368,0
0.69206703,2.280508,0.0720433,0.15269881,0.36312246,0.91914368,0
2.5321786,2.6924124,-0.78312898,0.86715746,0.39688939,-0.30085981,0
-4.1034689,0.88720441,0.97642851,-0.86715746,-0.39688939,0.30085981,0
-2.4771552,-2.2808192,1.4846894,-0.86715746,-0.39688939,0.30085981,0
1.5497646,3.7069092,-2.2763975,0.86715746,0.39688939,-0.30085981,0
0.48138785,2.7510748,-2.2547994,-0.15269881,-0.36312246,-0.91914368,0
1.203943,-4.2690344,1.2999427,0.47404736,-0.84298325,0.25427991,0
-0.81284142,3.9200811,-2.5016217,-0.15269881,-0.36312246,-0.91914368,0
-4.3669167,0.54077321,-0.23990536,-0.86715746,-0.39688939,0.30085981,0
1.3418258,0.086905479,0.83071601,0.15269881,0.36312246,0.91914368,0
-2.0996346,3.5894139,-1.8831911,-0.47404736,0.84298325,-0.25427991,0
-0.27136946,4.9084239,-0.91882443,-0.47404736,0.84298325,-0.25427991,0
-0.14092827,4.8487935,-1.3596885,-0.47404736,0.84298325,-0.25427991,0
1.606508,-1.2387959,-0.86545455,-0.15269881,-0.36312246,-0.91914368,0
-0.21593037,0.26606172,-1.1572082,-0.15269881,-0.36312246,-0.91914368,0
-2.675858,-2.6359594,0.44347918,-0.86715746,-0.39688939,0.30085981,0
-0.69679737,-4.9521976,2.5786359,0.47404736,-0.84298325,0.25427991,0
-0.070668399,-0.10324627,1.1404985,0.15269881,0.36312246,0.91914368,0
2.4775391,2.1264625,-1.6872054,0.86715746,0.39688939,-0.30085981,0
2.1247895,-1.6885,-0.77389503,-0.15269881,-0.36312246,-0.91914368,0
1.8126435,3.7571826,-0.69750357,0.15269881,0.36312246,0.91914368,0
2.9027491,2.1441443,-0.43831304,0.86715746,0.39688939,-0.30085981,0
-2.2175021,3.6822546,-1.3556705,-0.47404736,0.84298325,-0.25427991,0
4.2113223,-2.1465414,1.2363613,0.15269881,0.36312246,0.91914368,0
-1.64579,4.0635877,-1.1573112,-0.47404736,0.84298325,-0.25427991,0
-2.4911947,0.11834216,1.4550825,0.15269881,0.36312246,0.91914368,0
2.1155715,-3.7292118,1.3900254,0.47404736,-0.84298325,0.25427991,0
0.54474664,-4.7787118,0.83919406,0.47404736,-0.84298325,0.25427991,0
-2.2178197,-2.0623212,2.2711725,0.15269881,0.36312246,0.91914368,0
-1.1440091,-4.6904588,2.1484094,-0.86715746,-0.39688939,0.30085981,0
1.9894719,-4.1361542,0.27602196,0.47404736,-0.84298325,0.25427991,0
-1.2412699,3.896399,-0.245152,0.15269881,0.36312246,0.91914368,0
-2.7031028,-1.8480389,1.4043652,-0.86715746,-0.39688939,0.30085981,0
1.3002228,-4.3057775,0.99864149,0.47404736,-0.84298325,0.25427991,0
-1.8496861,2.2249432,-1.6596776,-0.15269881,-0.36312246,-0.91914368,0
0.046478748,-4.4621429,2.817585,0.47404736,-0.84298325,0.25427991,0
0.1631341,-4.7073259,1.7872813,0.47404736,-0.84298325,0.25427991,0
1.8865225,3.4427342,-0.58554983,0.15269881,0.36312246,0.91914368,0
-3.9174342,3.1236274,-0.038479805,-0.47404736,0.84298325,-0.25427991,0
-0.66454339,-5.191957,1.7236609,0.47404736,-0.84298325,0.25427991,0
-4.125442,3.056854,0.12793827,-0.47404736,0.84298325,-0.25427991,0
-2.4153614,-2.5766969,0.33126447,-0.15269881,-0.36312246,-0.91914368,0
-2.2949221,3.2354898,-1.9849427,-0.15269881,-0.36312246,-0.91914368,0
-0.41001558,-1.2869219,1.6645049,0.15269881,0.36312246,0.91914368,0
1.558006,3.5931752,-2.4026809,0.86715746,0.39688939,-0.30085981,0
2.9385328,-3.1585608,1.747611,0.47404736,-0.84298325,0.25427991,0
-1.3129956,3.9521475,-2.1471753,-0.47404736,0.84298325,-0.25427991,0
0.53218281,-4.0124273,0.40879273,-0.15269881,-0.36312246,-0.91914368,0
3.8437715,-0.62320662,-1.3766816,0.86715746,0.39688939,-0.30085981,0
-0.14183354,-4.9359846,1.5977795,0.47404736,-0.84298325,0.25427991,0
-1.1123415,-0.36808932,1.4181838,0.15269881,0.36312246,0.91914368,0
1.8653965,-3.9016349,1.284807,0.47404736,-0.84298325,0.25427991,0
5.1502337,-2.2882502,0.19238806,0.86715746,0.39688939,-0.30085981,0
-4.5737991,2.567112,-0.65978289,-0.47404736,0.84298325,-0.25427991,0
4.7065144,-2.6269143,0.21411133,0.47404736,-0.84298325,0.25427991,0
-1.6803492,3.760608,-2.0973158,-0.47404736,0.84298325,-0.25427991,0
-2.3842688,1.5328017,0.8785131,0.15269881,0.36312246,0.91914368,0
-1.2130928,-4.7667108,1.8487022,-0.86715746,-0.39688939,0.30085981,0
4.616334,-1.7161236,-0.59171295,0.86715746,0.39688939,-0.30085981,0
0.19735813,4.7115636,-2.445287,-0.47404736,0.84298325,-0.25427991,0
4.1032453,-2.8758669,0.51344776,0.47404736,-0.84298325,0.25427991,0
-1.6916324,4.2780614,-0.36083078,-0.47404736,0.84298325,-0.25427991,0
-1.2059262,4.2459402,-1.372807,-0.47404736,0.84298325,-0.25427991,0
0.59452772,1.4597127,-1.763422,-0.15269881,-0.36312246,-0.91914368,0
-4.1234822,2.9294903,-0.29794788,-0.47404736,0.84298325,-0.25427991,0
4.3977356,-1.127598,-0.44539571,0.86715746,0.39688939,-0.30085981,0
-2.6902947,-1.8262057,1.470083,-0.86715746,-0.39688939,0.30085981,0
0.88722897,5.3639078,-1.5687599,-0.47404736,0.84298325,-0.25427991,0
1.3505344,-3.0036952,2.050261,0.15269881,0.36312246,0.91914368,0
-4.3255711,3.0751934,0.56183147,-0.47404736,0.84298325,-0.25427991,0
0.085739613,-4.5490413,2.4563076,0.47404736,-0.84298325,0.25427991,0
3.6910517,0.43065214,-0.42662668,0.86715746,0.39688939,-0.30085981,0
3.4962058,-2.7969217,1.6121078,0.15269881,0.36312246,0.91914368,0
3.7576284,-2.9088809,1.0483246,0.47404736,-0.84298325,0.25427991,0
-3.9006915,2.4059825,0.78547502,0.15269881,0.36312246,0.91914368,0
3.880913,0.47411957,0.17794323,0.86715746,0.39688939,-0.30085981,0
0.55717015,5.0662117,-1.0060833,0.15269881,0.36312246,0.91914368,0
-1.5135589,4.343915,-0.47449183,-0.47404736,0.84298325,-0.25427991,0
-2.5083051,-2.5491371,1.0409449,-0.86715746,-0.39688939,0.30085981,0
0.19478822,-4.6933465,1.7746124,0.47404736,-0.84298325,0.25427991,0
-3.3928928,3.2904422,-0.46334887,-0.47404736,0.84298325,-0.25427991,0
4.0612774,0.094383806,0.19685936,0.86715746,0.39688939,-0.30085981,0
-1.794311,4.238605,-0.30021334,-0.47404736,0.84298325,-0.25427991,0
-0.89055914,4.5088563,-1.0891228,-0.47404736,0.84298325,-0.25427991,0
-1.9684442,4.085566,-0.48293161,-0.47404736,0.84298325,-0.25427991,0
1.7349992,4.2151537,-1.0720351,0.86715746,0.39688939,-0.30085981,0
-2.201756,3.8988316,-0.66703343,-0.47404736,0.84298325,-0.25427991,0
-2.2414505,-2.8283131,1.4418058,-0.86715746,-0.39688939,0.30085981,0
-3.6784816,-0.49926725,0.37234294,-0.86715746,-0.39688939,0.30085981,0
-4.4810157,0.8152023,-0.20674634,-0.86715746,-0.39688939,0.30085981,0
-0.53647447,-3.7262638,2.6492152,0.15269881,0.36312246,0.91914368,0
5.1704197,-2.0077951,0.62054396,0.86715746,0.39688939,-0.30085981,0
-3.1450844,-0.71061724,1.6309242,-0.86715746,-0.39688939,0.30085981,0
-1.8092086,-2.9931164,2.4702346,-0.86715746,-0.39688939,0.30085981,0
0.38876665,2.3049245,-2.0631533,-0.15269881,-0.36312246,-0.91914368,0
2.1208708,-3.7059417,1.4572916,0.47404736,-0.84298325,0.25427991,0
-1.9567268,3.6605952,-1.9136322,-0.47404736,0.84298325,-0.25427991,0
-1.6224251,4.093914,-1.1003313,-0.47404736,0.84298325,-0.25427991,0
-1.2192737,3.6784968,-0.16272068,0.15269881,0.36312246,0.91914368,0
4.5348086,-2.9146116,-0.41954994,0.47404736,-0.84298325,0.25427991,0
4.2498951,-0.46290553,0.0053398609,0.86715746,0.39688939,-0.30085981,0
-1.1994648,-5.0383244,1.5296731,-0.86715746,-0.39688939,0.30085981,0
0.99436188,4.8353438,-0.98750639,0.15269881,0.36312246,0.91914368,0
-0.93899721,4.5641012,-0.81567478,-0.47404736,0.84298325,-0.25427991,0
-4.1188493,2.9723725,-0.16442394,-0.47404736,0.84298325,-0.25427991,0
1.8283496,-2.3079216,1.6960042,0.15269881,0.36312246,0.91914368,0
0.65293992,2.37605,0.040798426,0.15269881,0.36312246,0.91914368,0
2.9003487,-3.57988,0.42204762,0.47404736,-0.84298325,0.25427991,0
-4.3282547,1.3864483,0.98713017,-0.86715746,-0.39688939,0.30085981,0
3.7140818,-2.9264867,1.071142,0.47404736,-0.84298325,0.25427991,0
-2.5039058,3.6163628,-1.0401781,-0.47404736,0.84298325,-0.25427991,0
-3.9010344,-0.18504237,0.14540625,-0.86715746,-0.39688939,0.30085981,0
-3.3925951,-0.66484398,-0.26169455,-0.15269881,-0.36312246,-0.91914368,0
0.54013735,-1.3547878,1.5334661,0.15269881,0.36312246,0.91914368,0
-0.66767526,-5.094903,2.0512495,0.47404736,-0.84298325,0.25427991,0
1.7364967,-3.6879642,2.2334685,0.47404736,-0.84298325,0.25427991,0
-1.3927423,1.0085137,-1.2550201,-0.15269881,-0.36312246,-0.91914368,0
-2.3272152,-2.5171764,1.6050553,-0.86715746,-0.39688939,0.30085981,0
0.33513701,-2.8454249,-0.019515276,-0.15269881,-0.36312246,-0.91914368,0
0.92265964,4.6028471,-2.9019737,0.86715746,0.39688939,-0.30085981,0
-2.5072832,-1.8349148,1.9860809,-0.86715746,-0.39688939,0.30085981,0
2.2072535,2.6339483,-0.31930923,0.15269881,0.36312246,0.91914368,0
-3.8105378,-0.19855076,-0.3764776,-0.15269881,-0.36312246,-0.91914368,0
4.534276,-1.8383601,-0.98947597,0.86715746,0.39688939,-0.30085981,0
4.8486528,-2.751642,-0.46436787,0.47404736,-0.84298325,0.25427991,0
2.7547605,1.9143785,-1.167959,0.86715746,0.39688939,-0.30085981,0
0.26623821,-4.9377527,0.83115888,0.47404736,-0.84298325,0.25427991,0
-1.4902159,4.1514874,-1.1559405,-0.47404736,0.84298325,-0.25427991,0
-5.2012081,2.1443646,-0.52912331,-0.86715746,-0.39688939,0.30085981,0
-1.0978577,-4.545064,2.4732327,-0.86715746,-0.39688939,0.30085981,0
-4.8190432,2.3553147,0.85066175,-0.86715746,-0.39688939,0.30085981,0
-1.0373433,4.5218997,-0.7722373,-0.47404736,0.84298325,-0.25427991,0
1.1083581,4.2511148,-2.8307409,0.86715746,0.39688939,-0.30085981,0
-0.30799556,-4.6307287,2.9195299,0.47404736,-0.84298325,0.25427991,0
1.621232,-3.7685046,2.1813474,0.47404736,-0.84298325,0.25427991,0
0.17774034,-4.7100124,1.7511456,0.47404736,-0.84298325,0.25427991,0
0.68635726,5.189764,-1.7715971,-0.47404736,0.84298325,-0.25427991,0
0.3837871,-2.2072661,-0.2797122,-0.15269881,-0.36312246,-0.91914368,0
-1.4632368,-0.09029758,1.3667326,0.15269881,0.36312246,0.91914368,0
-2.0644748,-3.3794425,1.2248555,-0.86715746,-0.39688939,0.30085981,0
-1.8534837,-3.7529204,1.3403022,-0.86715746,-0.39688939,0.30085981,0
-0.52338469,2.9902873,-2.18238,-0.15269881,-0.36312246,-0.91914368,0
3.7405143,-2.8086219,1.412607,0.47404736,-0.84298325,0.25427991,0
-2.0958228,4.1029811,-0.18772984,-0.47404736,0.84298325,-0.25427991,0
-2.6247511,-2.3273296,0.99792111,-0.86715746,-0.39688939,0.30085981,0
-1.3849049,-0.24242944,-0.76211703,-0.15269881,-0.36312246,-0.91914368,0
0.46363997,4.9979258,-1.9923697,-0.47404736,0.84298325,-0.25427991,0
1.0690649,4.899425,-2.0887547,0.86715746,0.39688939,-0.30085981,0
2.6052456,-1.2190135,1.1367464,0.15269881,0.36312246,0.91914368,0
2.1678483,0.77712607,-1.7551335,-0.15269881,-0.36312246,-0.91914368,0
-3.6622555,0.9044795,-0.83688188,-0.15269881,-0.36312246,-0.91914368,0
-3.1682346,3.3195691,-0.78561163,-0.47404736,0.84298325,-0.25427991,0
-2.7438059,3.3633475,-1.4317305,-0.47404736,0.84298325,-0.25427991,0
2.0523095,3.0287213,-1.7225851,0.86715746,0.39688939,-0.30085981,0
1.3929436,-3.2673995,2.1473961,0.15269881,0.36312246,0.91914368,0
3.3744071,0.5535174,-1.1772001,0.86715746,0.39688939,-0.30085981,0
3.3112466,-3.3517148,0.41242886,0.47404736,-0.84298325,0.25427991,0
1.6448526,4.2017283,-1.3495723,0.86715746,0.39688939,-0.30085981,0
-3.3651478,-1.2908403,0.23122358,-0.86715746,-0.39688939,0.30085981,0
3.4025502,1.2577546,0.025801897,0.15269881,0.36312246,0.91914368,0
-2.4219792,-0.13385022,1.5432162,0.15269881,0.36312246,0.91914368,0
2.0652413,-3.5894008,1.9473536,0.47404736,-0.84298325,0.25427991,0
-2.1832218,-2.674751,1.8122137,-0.86715746,-0.39688939,0.30085981,0
2.1583307,3.350862,-0.99204153,0.86715746,0.39688939,-0.30085981,0
0.49933767,4.7773414,-2.7901964,-0.47404736,0.84298325,-0.25427991,0
3.2835448,0.92197114,-0.95303202,0.86715746,0.39688939,-0.30085981,0
2.1583643,-2.1267688,1.5696108,0.15269881,0.36312246,0.91914368,0
0.47259724,-4.312438,2.5194819,0.47404736,-0.84298325,0.25427991,0
5.1472092,-1.9939742,0.5718751,0.86715746,0.39688939,-0.30085981,0
2.8070946,-3.0231559,1.8159685,0.15269881,0.36312246,0.91914368,0
4.6805897,-1.0154247,0.51784158,0.86715746,0.39688939,-0.30085981,0
-4.9825315,2.555212,0.062754631,-0.47404736,0.84298325,-0.25427991,0
2.9117227,-3.5585787,0.47146034,0.47404736,-0.84298325,0.25427991,0
1.7892182,-2.6069694,1.8206488,0.15269881,0.36312246,0.91914368,0
-0.8565259,-4.8560801,0.97279978,-0.15269881,-0.36312246,-0.91914368,0
1.2919945,1.2937225,0.36222208,0.15269881,0.36312246,0.91914368,0
3.0754671,-2.48946,-0.61540008,-0.15269881,-0.36312246,-0.91914368,0
3.6616704,-0.17128396,-1.3053772,0.86715746,0.39688939,-0.30085981,0
0.70757324,-3.5777545,0.20793056,-0.15269881,-0.36312246,-0.91914368,0
1.9903333,2.8064256,-2.1944664,0.86715746,0.39688939,-0.30085981,0
2.4357686,2.2872012,-1.595557,0.86715746,0.39688939,-0.30085981,0
-2.6106617,0.58613431,1.2901207,0.15269881,0.36312246,0.91914368,0
-2.0545039,-2.6990337,2.1511774,-0.86715746,-0.39688939,0.30085981,0
-4.1686959,1.0613369,1.0181394,-0.86715746,-0.39688939,0.30085981,0
2.6771071,-3.3292749,1.6690314,0.47404736,-0.84298325,0.25427991,0
1.6926785,-3.9453185,1.4619813,0.47404736,-0.84298325,0.25427991,0
1.7907739,-0.89412367,-1.0322353,-0.15269881,-0.36312246,-0.91914368,0
0.012373209,-4.7643199,1.8793952,0.47404736,-0.84298325,0.25427991,0
-1.4691944,3.2029915,0.066655159,0.15269881,0.36312246,0.91914368,0
-0.038492203,4.4756346,-2.7877455,-0.47404736,0.84298325,-0.25427991,0
-2.6670296,-2.3500204,0.84613079,-0.86715746,-0.39688939,0.30085981,0
3.9213982,-2.9451785,0.62268162,0.47404736,-0.84298325,0.25427991,0
4.758244,-2.6549878,0.024603844,0.47404736,-0.84298325,0.25427991,0
0.53453285,-1.9912245,1.7858317,0.15269881,0.36312246,0.91914368,0
1.4293411,3.8667326,-0.67710459,0.15269881,0.36312246,0.91914368,0
1.2275414,-2.3149016,-0.37736368,-0.15269881,-0.36312246,-0.91914368,0
-4.8737893,2.1238017,0.38745928,-0.86715746,-0.39688939,0.30085981,0
4.7218494,-1.4061158,0.85902953,0.15269881,0.36312246,0.91914368,0
-0.10227939,0.53810465,-1.2835643,-0.15269881,-0.36312246,-0.91914368,0
-3.3624341,3.2078705,-0.79387116,-0.47404736,0.84298325,-0.25427991,0
0.70950127,2.7111645,-0.10099077,0.15269881,0.36312246,0.91914368,0
-0.16632128,4.7003694,-1.8044012,-0.47404736,0.84298325,-0.25427991,0
0.71441692,0.1366834,0.91528285,0.15269881,0.36312246,0.91914368,0
-1.0270405,2.3454132,-1.8439385,-0.15269881,-0.36312246,-0.91914368,0
-4.1366563,0.44711024,0.30020761,-0.86715746,-0.39688939,0.30085981,0
-1.7468667,-3.1121144,0.43173158,-0.15269881,-0.36312246,-0.91914368,0
-2.8445404,3.7492862,0.035523415,-0.47404736,0.84298325,-0.25427991,0
1.1533332,5.096417,-1.1170578,0.15269881,0.36312246,0.91914368,0
-0.28433061,-4.8874927,2.0241926,0.47404736,-0.84298325,0.25427991,0
1.5439909,3.5290711,-2.5276406,0.86715746,0.39688939,-0.30085981,0
2.6354475,1.6196767,-1.9006165,0.86715746,0.39688939,-0.30085981,0
0.88341057,-0.3513639,1.0800186,0.15269881,0.36312246,0.91914368,0
1.132786,4.7911549,-2.0479212,0.86715746,0.39688939,-0.30085981,0
4.4488554,-2.7148335,0.40298986,0.47404736,-0.84298325,0.25427991,0
2.1412435,-3.5344746,1.9877548,0.47404736,-0.84298325,0.25427991,0
5.1840181,-1.9436461,0.74435997,0.86715746,0.39688939,-0.30085981,0
0.77368104,-0.47320083,1.146382,0.15269881,0.36312246,0.91914368,0
-1.693172,-1.7945271,2.0782154,0.15269881,0.36312246,0.91914368,0
-2.7937303,-1.4705293,1.6411568,-0.86715746,-0.39688939,0.30085981,0
-3.1965518,-1.1835172,-0.089353263,-0.15269881,-0.36312246,-0.91914368,0
3.8181109,-2.9156117,0.91325498,0.47404736,-0.84298325,0.25427991,0
-0.70603132,-3.2402272,0.30942905,-0.15269881,-0.36312246,-0.91914368,0
-4.1592083,0.19623613,-0.095744133,-0.86715746,-0.39688939,0.30085981,0
0.13796556,1.5014524,0.47187555,0.15269881,0.36312246,0.91914368,0
-0.33931708,4.3795681,-2.545403,-0.47404736,0.84298325,-0.25427991,0
-0.15994668,4.9806838,-0.88699245,-0.47404736,0.84298325,-0.25427991,0
-4.7175074,2.6130776,-0.23948812,-0.47404736,0.84298325,-0.25427991,0
2.5412574,2.0479491,-1.607128,0.86715746,0.39688939,-0.30085981,0
-2.5028696,-2.2991188,1.3864322,-0.86715746,-0.39688939,0.30085981,0
-2.7614534,-2.1914542,0.78315318,-0.86715746,-0.39688939,0.30085981,0
-0.44197977,4.3836198,-2.34058,-0.47404736,0.84298325,-0.25427991,0
0.29024768,4.8451495,-2.1755984,-0.47404736,0.84298325,-0.25427991,0
-0.7545985,0.67365348,0.9471941,0.15269881,0.36312246,0.91914368,0
4.1581187,-3.0672045,-0.22316885,0.47404736,-0.84298325,0.25427991,0
4.2782269,-2.5338612,1.3210452,0.47404736,-0.84298325,0.25427991,0
0.15500998,2.3954637,-2.0600879,-0.15269881,-0.36312246,-0.91914368,0
-4.4663053,1.3863645,0.58912134,-0.86715746,-0.39688939,0.30085981,0
-1.4874141,-3.4810376,2.7103159,0.15269881,0.36312246,0.91914368,0
2.2195659,3.0736952,-1.1811793,0.86715746,0.39688939,-0.30085981,0
-0.089857817,4.0114484,-2.6578283,-0.15269881,-0.36312246,-0.91914368,0
-0.69249338,2.3606725,0.27039218,0.15269881,0.36312246,0.91914368,0
2.5070424,2.8664858,-0.62594283,0.86715746,0.39688939,-0.30085981,0
1.9564269,-3.6130533,0.014401436,-0.15269881,-0.36312246,-0.91914368,0
-4.6606526,1.9963572,0.8336525,-0.86715746,-0.39688939,0.30085981,0
1.3365786,3.1797857,-0.39030445,0.15269881,0.36312246,0.91914368,0
-2.8255196,-1.2095735,1.8937808,-0.86715746,-0.39688939,0.30085981,0
0.74923682,4.9153352,-2.7986026,-0.47404736,0.84298325,-0.25427991,0
2.3514261,-3.889806,0.4179287,0.47404736,-0.84298325,0.25427991,0
3.5582623,-2.9359007,1.3304219,0.47404736,-0.84298325,0.25427991,0
-2.3870878,0.33701298,-0.82454079,-0.15269881,-0.36312246,-0.91914368,0
-3.9278829,2.8060715,-1.0717547,-0.47404736,0.84298325,-0.25427991,0
0.86277503,-2.7344594,2.0249271,0.15269881,0.36312246,0.91914368,0
2.4013002,3.0403817,-0.70131868,0.86715746,0.39688939,-0.30085981,0
-2.9450326,-0.4073571,1.7381651,0.15269881,0.36312246,0.91914368,0
3.2765255,0.73086095,-1.2253721,0.86715746,0.39688939,-0.30085981,0
-1.7144387,3.9062054,-1.5510817,-0.47404736,0.84298325,-0.25427991,0
1.4063498,-0.42460743,1.022078,0.15269881,0.36312246,0.91914368,0
-4.7890921,1.7111669,0.08723855,-0.86715746,-0.39688939,0.30085981,0
-0.45408458,0.71251661,-1.2940224,-0.15269881,-0.36312246,-0.91914368,0
-3.2368712,3.5146973,-0.010768414,-0.47404736,0.84298325,-0.25427991,0
4.5732336,-1.9639552,-1.0428739,0.86715746,0.39688939,-0.30085981,0
-2.9114435,-1.6370884,1.0821544,-0.86715746,-0.39688939,0.30085981,0
0.93400908,-0.98677325,-0.85329688,-0.15269881,-0.36312246,-0.91914368,0
3.7669744,-3.0926712,0.42160368,0.47404736,-0.84298325,0.25427991,0
0.11821771,4.9643788,-1.4596207,-0.47404736,0.84298325,-0.25427991,0
3.1875458,-3.4191751,0.41939926,0.47404736,-0.84298325,0.25427991,0
5.2310901,-2.1283398,0.88902235,0.47404736,-0.84298325,0.25427991,0
1.8544927,-3.9757297,1.0594971,0.47404736,-0.84298325,0.25427991,0
