0.81399363,-2.2031674,-0.33341134,0.92347777,-0.16510665,0.34630725,0
0.063694119,-4.4016228,-3.5449867,-0.20423377,-0.97569335,0.079443216,0
0.02518034,-4.3517284,-3.5996463,0.32477289,-0.14409158,-0.93475151,0
-0.639503,-3.8063612,1.9580212,-0.20423377,-0.97569335,0.079443216,0
-0.068640471,-4.2860117,-2.4652944,-0.20423377,-0.97569335,0.079443216,0
1.4819212,1.5231769,-0.33794928,0.92347777,-0.16510665,0.34630725,0
2.2412214,2.5174365,-1.8887057,0.92347777,-0.16510665,0.34630725,0
0.74866128,4.0355873,1.1378772,0.20423377,0.97569335,-0.079443216,0
-0.11348549,4.2885518,2.02828,0.20423377,0.97569335,-0.079443216,0
-1.4847759,-3.7497435,0.48034,-0.20423377,-0.97569335,0.079443216,0
-0.20120043,-4.1292534,-0.88082838,-0.20423377,-0.97569335,0.079443216,0
-0.95153737,-3.7944322,1.3023481,-0.20423377,-0.97569335,0.079443216,0
1.3992206,-3.336009,-2.4341013,0.92347777,-0.16510665,0.34630725,0
-1.2110376,-3.7117004,1.6513011,-0.20423377,-0.97569335,0.079443216,0
-2.096266,-0.66332722,3.653132,-0.32477289,0.14409158,0.93475151,0
1.0877984,3.5861669,-3.5098836,0.20423377,0.97569335,-0.079443216,0
2.4956365,0.56918693,-3.495996,0.92347777,-0.16510665,0.34630725,0
0.59802055,3.6921582,-2.7220314,-0.92347777,0.16510665,-0.34630725,0
0.74652445,-3.119379,-3.5389867,0.32477289,-0.14409158,-0.93475151,0
-1.8908345,1.659692,2.9458532,-0.92347777,0.16510665,-0.34630725,0
-2.0890927,-1.0748552,2.1708035,-0.92347777,0.16510665,-0.34630725,0
1.4537003,0.78523993,-3.8951797,0.32477289,-0.14409158,-0.93475151,0
-0.34647381,0.53065002,-1.7106934,-0.92347777,0.16510665,-0.34630725,0
1.4129128,2.6229653,-4.192636,0.32477289,-0.14409158,-0.93475151,0
-0.69187999,4.4849977,2.9540167,0.20423377,0.97569335,-0.079443216,0
1.7478986,3.456517,-3.4052088,0.20423377,0.97569335,-0.079443216,0
-0.82849061,0.6983152,-0.34538954,-0.92347777,0.16510665,-0.34630725,0
0.18472028,-1.6462282,-3.9612679,0.32477289,-0.14409158,-0.93475151,0
0.24112678,2.666903,-2.2591276,-0.92347777,0.16510665,-0.34630725,0
-1.1174498,4.5638475,2.8283639,0.20423377,0.97569335,-0.079443216,0
0.67881799,4.1676207,2.5799088,0.20423377,0.97569335,-0.079443216,0
1.5995978,0.83114338,-0.98168814,0.92347777,-0.16510665,0.34630725,0
0.87266898,-1.8911983,-3.6844826,0.32477289,-0.14409158,-0.93475151,0
0.2678051,-4.1973128,-0.51098609,-0.20423377,-0.97569335,0.079443216,0
-1.0275779,-3.6450825,2.9411244,-0.20423377,-0.97569335,0.079443216,0
-1.1574616,-2.9238865,4.3277779,-0.32477289,0.14409158,0.93475151,0
1.498734,3.5684724,-2.6707604,0.20423377,0.97569335,-0.079443216,0
1.8252656,-0.42969096,-3.5788002,0.32477289,-0.14409158,-0.93475151,0
0.068099201,-4.175796,-0.76013517,-0.20423377,-0.97569335,0.079443216,0
-0.015685558,-1.47664,2.2254303,0.92347777,-0.16510665,0.34630725,0
-1.0337766,-0.22567767,-0.2384913,-0.92347777,0.16510665,-0.34630725,0
0.25320518,4.3421507,3.6292605,0.20423377,0.97569335,-0.079443216,0
-1.9572408,-3.4908042,2.4459224,-0.20423377,-0.97569335,0.079443216,0
2.3111706,3.3189774,-3.6463501,0.20423377,0.97569335,-0.079443216,0
1.0950196,3.7703464,-1.2292933,0.20423377,0.97569335,-0.079443216,0
0.5539186,0.060509443,-4.0960855,0.32477289,-0.14409158,-0.93475151,0
-2.1836901,-0.31146204,3.5685167,-0.32477289,0.14409158,0.93475151,0
-1.4442964,-3.6793447,1.4490209,-0.20423377,-0.97569335,0.079443216,0
1.5748032,-2.4149506,-3.3597946,0.32477289,-0.14409158,-0.93475151,0
1.8440157,-0.18992442,-2.1202717,0.92347777,-0.16510665,0.34630725,0
-1.8738604,-3.0868435,4.1039891,-0.32477289,0.14409158,0.93475151,0
-0.97314119,-3.2225194,3.9462509,0.92347777,-0.16510665,0.34630725,0
0.95065939,3.9703634,0.85611629,0.20423377,0.97569335,-0.079443216,0
-2.6989777,-1.6005707,3.5465071,-0.92347777,0.16510665,-0.34630725,0
-0.73136914,-4.0977039,-1.8563209,-0.20423377,-0.97569335,0.079443216,0
1.8513103,1.8060706,-1.1881053,0.92347777,-0.16510665,0.34630725,0
1.2153149,0.6047821,-3.9501872,0.32477289,-0.14409158,-0.93475151,0
-0.77781957,4.3743439,1.3740728,0.20423377,0.97569335,-0.079443216,0
-0.14895511,-2.7808125,1.9590304,0.92347777,-0.16510665,0.34630725,0
1.7672601,3.0941162,-4.142148,0.32477289,-0.14409158,-0.93475151,0
-1.0958164,-3.7122138,1.9412105,-0.20423377,-0.97569335,0.079443216,0
-0.97491527,-3.7939548,1.2481062,-0.20423377,-0.97569335,0.079443216,0
-1.1319277,-3.903863,-0.50538921,-0.20423377,-0.97569335,0.079443216,0
0.21371055,4.0271807,-0.34062648,0.20423377,0.97569335,-0.079443216,0
1.5483334,0.016379498,-1.2334342,0.92347777,-0.16510665,0.34630725,0
-1.4706146,-1.8508058,0.1515975,-0.92347777,0.16510665,-0.34630725,0
-0.8758173,-4.0762429,-1.9640944,-0.20423377,-0.97569335,0.079443216,0
0.1995939,-2.9399469,0.95370412,0.92347777,-0.16510665,0.34630725,0
1.4796727,-0.81960487,-1.4489079,0.92347777,-0.16510665,0.34630725,0
-1.6014309,-2.5370016,4.1138849,-0.32477289,0.14409158,0.93475151,0
1.2607698,-1.3436137,-3.6340497,0.32477289,-0.14409158,-0.93475151,0
1.6030152,1.6959769,-3.9836907,0.32477289,-0.14409158,-0.93475151,0
1.7987816,3.5303955,-2.3670452,0.20423377,0.97569335,-0.079443216,0
-0.54314584,4.3365946,1.5137463,0.20423377,0.97569335,-0.079443216,0
0.7202704,-0.040764809,-4.0226765,0.32477289,-0.14409158,-0.93475151,0
-1.7667041,-3.3136868,4.176188,-0.32477289,0.14409158,0.93475151,0
-1.1800662,-3.8770022,-0.29925489,-0.20423377,-0.97569335,0.079443216,0
-1.6331551,-1.5805546,3.9554267,-0.32477289,0.14409158,0.93475151,0
1.1798795,3.7337623,1.5214148,0.92347777,-0.16510665,0.34630725,0
-0.93307996,-3.7475581,1.9254913,-0.20423377,-0.97569335,0.079443216,0
2.0902612,1.0980226,-3.7222261,0.32477289,-0.14409158,-0.93475151,0
1.4173497,3.7274492,-0.92749548,0.20423377,0.97569335,-0.079443216,0
-1.6728048,-2.5968649,4.0983148,-0.32477289,0.14409158,0.93475151,0
-0.21034467,-1.6624693,-3.1193013,-0.92347777,0.16510665,-0.34630725,0
1.3061816,-3.1409736,-3.3412089,0.32477289,-0.14409158,-0.93475151,0
-0.55647373,0.46404314,4.014338,-0.32477289,0.14409158,0.93475151,0
0.90164781,4.0807338,2.0856495,0.20423377,0.97569335,-0.079443216,0
-1.5848064,0.44256473,1.5495026,-0.92347777,0.16510665,-0.34630725,0
-1.6042885,-3.7007108,0.77529788,-0.20423377,-0.97569335,0.079443216,0
1.5275741,-3.8105488,-3.161073,0.32477289,-0.14409158,-0.93475151,0
1.7033739,3.5703211,-2.1219699,0.20423377,0.97569335,-0.079443216,0
-0.6992892,-4.1870713,-2.8714256,-0.20423377,-0.97569335,0.079443216,0
1.4124262,-1.8935381,-1.7815976,0.92347777,-0.16510665,0.34630725,0
0.28305477,4.2821565,2.9691701,0.20423377,0.97569335,-0.079443216,0
-1.7687823,-0.10121036,1.7808481,-0.92347777,0.16510665,-0.34630725,0
1.8355448,3.4386308,-3.3995543,0.20423377,0.97569335,-0.079443216,0
1.600634,1.6191446,-0.60876036,0.92347777,-0.16510665,0.34630725,0
-2.8131602,-3.2573304,3.1129541,-0.20423377,-0.97569335,0.079443216,0
0.093666106,-4.2588158,-1.7140229,-0.20423377,-0.97569335,0.079443216,0
-0.81327307,-3.869858,0.73144722,-0.20423377,-0.97569335,0.079443216,0
-1.6516199,-1.9341961,4.0035253,-0.32477289,0.14409158,0.93475151,0
-2.6935437,-2.7627342,2.9779384,-0.92347777,0.16510665,-0.34630725,0
-2.5575206,-3.308769,3.1384075,-0.20423377,-0.97569335,0.079443216,0
0.019804597,3.998796,3.6696806,-0.32477289,0.14409158,0.93475151,0
-2.0259447,-1.9359565,3.8737397,-0.32477289,0.14409158,0.93475151,0
-0.5165658,-3.0791478,2.7970815,0.92347777,-0.16510665,0.34630725,0
-0.020737648,4.1812525,0.94890571,0.20423377,0.97569335,-0.079443216,0
-0.53835565,2.3075283,-0.35186148,-0.92347777,0.16510665,-0.34630725,0
0.074454546,0.65484917,3.0012755,0.92347777,-0.16510665,0.34630725,0
2.0058064,3.6183624,-0.75444365,0.20423377,0.97569335,-0.079443216,0
0.13058266,4.249897,2.1809907,0.20423377,0.97569335,-0.079443216,0
-1.9044113,0.64604008,2.4987848,-0.92347777,0.16510665,-0.34630725,0
-2.1899345,-3.3398118,3.7021453,-0.20423377,-0.97569335,0.079443216,0
-0.26895523,4.2475781,1.1253731,0.20423377,0.97569335,-0.079443216,0
-0.5083636,-1.0012417,-2.009342,-0.92347777,0.16510665,-0.34630725,0
-1.3475361,1.3343012,3.6053388,-0.32477289,0.14409158,0.93475151,0
-1.536737,3.8963151,3.0679412,-0.92347777,0.16510665,-0.34630725,0
-0.85130429,-0.44950819,4.0527253,-0.32477289,0.14409158,0.93475151,0
-1.4289629,0.59193873,1.2051399,-0.92347777,0.16510665,-0.34630725,0
0.72402513,-4.4045343,-1.8831542,-0.20423377,-0.97569335,0.079443216,0
0.31873658,-4.3098054,-1.7616506,-0.20423377,-0.97569335,0.079443216,0
2.1219368,3.3623569,-3.6000657,0.20423377,0.97569335,-0.079443216,0
-1.8704857,0.24264112,2.2159913,-0.92347777,0.16510665,-0.34630725,0
0.64064503,2.0155187,2.1401653,0.92347777,-0.16510665,0.34630725,0
0.28264987,-0.11031282,2.081291,0.92347777,-0.16510665,0.34630725,0
-1.9364979,-2.7011569,4.0227728,-0.32477289,0.14409158,0.93475151,0
0.14471912,-3.6888664,-3.6602936,0.32477289,-0.14409158,-0.93475151,0
0.43682742,-2.4922037,-3.743268,0.32477289,-0.14409158,-0.93475151,0
-1.2239547,0.84541738,3.7236378,-0.32477289,0.14409158,0.93475151,0
1.4583217,-1.5655702,-1.7476218,0.92347777,-0.16510665,0.34630725,0
-0.68109012,-2.353147,3.5819402,0.92347777,-0.16510665,0.34630725,0
0.076384306,-3.5459991,-3.706059,0.32477289,-0.14409158,-0.93475151,0
0.043143868,4.3600469,3.3090253,0.20423377,0.97569335,-0.079443216,0
1.8538327,-0.52083921,-2.3042185,0.92347777,-0.16510665,0.34630725,0
1.2490604,2.0530481,0.53563094,0.92347777,-0.16510665,0.34630725,0
-0.53145862,-3.9078934,0.98880029,-0.20423377,-0.97569335,0.079443216,0
1.4138691,-4.5322461,-3.089329,0.32477289,-0.14409158,-0.93475151,0
1.3087678,1.8369386,0.27337885,0.92347777,-0.16510665,0.34630725,0
-1.4415393,-1.4637873,4.0040026,-0.32477289,0.14409158,0.93475151,0
-1.0608907,-3.72769,-1.8358209,-0.92347777,0.16510665,-0.34630725,0
-0.31617761,-2.7481947,2.4205029,0.92347777,-0.16510665,0.34630725,0
2.8205104,2.7666683,-3.7257271,0.32477289,-0.14409158,-0.93475151,0
2.4397867,3.1309588,-3.9141624,0.32477289,-0.14409158,-0.93475151,0
0.19562554,3.0316081,3.8113089,0.92347777,-0.16510665,0.34630725,0
1.050169,-2.2483215,-3.5677609,0.32477289,-0.14409158,-0.93475151,0
-1.5904522,-3.6678567,1.2143745,-0.20423377,-0.97569335,0.079443216,0
0.91642702,1.7935766,1.2989388,0.92347777,-0.16510665,0.34630725,0
0.95402002,-2.803499,-3.5155871,0.32477289,-0.14409158,-0.93475151,0
-1.6757779,1.2009478,3.5118499,-0.32477289,0.14409158,0.93475151,0
-0.90627193,-1.4855646,-1.1791694,-0.92347777,0.16510665,-0.34630725,0
-1.8534367,1.1713251,3.4546897,-0.32477289,0.14409158,0.93475151,0
0.46669352,1.1671126,2.1995425,0.92347777,-0.16510665,0.34630725,0
1.5895748,2.9516182,-4.1819172,0.32477289,-0.14409158,-0.93475151,0
-0.5521332,4.0875993,3.4572761,-0.32477289,0.14409158,0.93475151,0
1.4322679,-1.2663821,-1.5355031,0.92347777,-0.16510665,0.34630725,0
-0.5018177,-4.1682959,-2.1331656,-0.20423377,-0.97569335,0.079443216,0
-1.1957178,-2.5994527,4.2644744,-0.32477289,0.14409158,0.93475151,0
0.49202514,4.0239897,0.33567858,0.20423377,0.97569335,-0.079443216,0
1.0924093,3.8726711,0.020713806,0.20423377,0.97569335,-0.079443216,0
-1.1000561,4.0993147,3.2650979,-0.32477289,0.14409158,0.93475151,0
-2.3304098,-3.3750067,2.9087584,-0.20423377,-0.97569335,0.079443216,0
0.43433583,-3.9174566,-0.13831067,0.92347777,-0.16510665,0.34630725,0
-0.90316194,4.5345736,3.0197225,0.20423377,0.97569335,-0.079443216,0
-1.4774297,-1.6173161,0.2810905,-0.92347777,0.16510665,-0.34630725,0
0.18539357,-4.2429996,-3.5607424,0.32477289,-0.14409158,-0.93475151,0
-0.53168631,4.3413529,1.6016524,0.20423377,0.97569335,-0.079443216,0
-1.6894263,-3.7239234,0.27133465,-0.20423377,-0.97569335,0.079443216,0
1.1206133,-1.889128,-3.598655,0.32477289,-0.14409158,-0.93475151,0
1.8134501,2.0513692,-0.97019577,0.92347777,-0.16510665,0.34630725,0
-1.1878912,-3.7808061,0.86207294,-0.20423377,-0.97569335,0.079443216,0
1.2608699,1.5057504,0.24320698,0.92347777,-0.16510665,0.34630725,0
-2.1737478,-0.83469015,2.5110514,-0.92347777,0.16510665,-0.34630725,0
-0.78422713,-3.8422353,1.1453676,-0.20423377,-0.97569335,0.079443216,0
1.6865289,1.9096322,-0.69931698,0.92347777,-0.16510665,0.34630725,0
1.5866063,-0.76999599,-1.7104099,0.92347777,-0.16510665,0.34630725,0
0.06933707,4.1480346,0.77249813,0.20423377,0.97569335,-0.079443216,0
0.43113422,-3.3084707,-3.6194189,0.32477289,-0.14409158,-0.93475151,0
-1.8591269,1.3750705,2.7256033,-0.92347777,0.16510665,-0.34630725,0
1.7015349,-2.7277112,-3.2675505,0.32477289,-0.14409158,-0.93475151,0
1.8593159,0.63817847,-3.7315817,0.32477289,-0.14409158,-0.93475151,0
1.6177634,3.7147827,-0.56782866,0.20423377,0.97569335,-0.079443216,0
-1.7944982,-1.0243034,3.8136232,-0.32477289,0.14409158,0.93475151,0
-0.82115906,-3.9962637,-0.84129715,-0.20423377,-0.97569335,0.079443216,0
-1.5320678,-0.91476691,3.8879178,-0.32477289,0.14409158,0.93475151,0
1.6872164,3.7178044,-0.35216856,0.20423377,0.97569335,-0.079443216,0
-1.6945932,0.053389668,3.6822085,-0.32477289,0.14409158,0.93475151,0
0.17076051,-4.1360979,-0.008651495,-0.20423377,-0.97569335,0.079443216,0
0.21943927,-2.7318485,0.9999969,0.92347777,-0.16510665,0.34630725,0
0.81006521,-2.5252154,-0.47647619,0.92347777,-0.16510665,0.34630725,0
1.1479003,-0.081820965,-3.8677704,0.32477289,-0.14409158,-0.93475151,0
-2.269963,-2.4547672,1.9952283,-0.92347777,0.16510665,-0.34630725,0
-0.53835803,1.7560863,-0.61476266,-0.92347777,0.16510665,-0.34630725,0
-1.4748039,-3.5343242,3.1516836,-0.20423377,-0.97569335,0.079443216,0
-0.78222466,4.4644423,2.4692986,0.20423377,0.97569335,-0.079443216,0
0.36856893,-4.3528423,-2.1621032,-0.20423377,-0.97569335,0.079443216,0
2.926018,3.1340673,-3.7457042,0.32477289,-0.14409158,-0.93475151,0
-1.9925044,1.3203907,3.3833933,-0.32477289,0.14409158,0.93475151,0
1.3039206,-4.6078477,-2.8893726,-0.20423377,-0.97569335,0.079443216,0
-0.84524167,-3.9645195,-0.51333952,-0.20423377,-0.97569335,0.079443216,0
0.47790182,-1.8030303,0.75359684,0.92347777,-0.16510665,0.34630725,0
0.45686436,-4.4697518,-3.3709531,-0.20423377,-0.97569335,0.079443216,0
-2.4124556,-3.0945053,3.9180393,-0.32477289,0.14409158,0.93475151,0
-1.0709507,-2.6900785,-1.3142993,-0.92347777,0.16510665,-0.34630725,0
-1.3858938,-1.3763704,4.009861,-0.32477289,0.14409158,0.93475151,0
-0.56131458,-3.8219278,1.9678495,-0.20423377,-0.97569335,0.079443216,0
-1.6511319,-2.1205285,4.0324178,-0.32477289,0.14409158,0.93475151,0
-0.068667769,-3.5518291,-3.7555575,0.32477289,-0.14409158,-0.93475151,0
-1.6952662,-3.110333,0.15016651,-0.92347777,0.16510665,-0.34630725,0
-1.8820186,-3.5148468,2.3440261,-0.20423377,-0.97569335,0.079443216,0
1.3080927,-3.5191655,-3.2822468,0.32477289,-0.14409158,-0.93475151,0
-1.0287188,-2.9469008,-1.5493596,-0.92347777,0.16510665,-0.34630725,0
-1.8210394,-3.6088233,1.3466036,-0.20423377,-0.97569335,0.079443216,0
0.91180086,-0.76383519,-3.8446693,0.32477289,-0.14409158,-0.93475151,0
2.0241828,1.7255081,-3.8419116,0.32477289,-0.14409158,-0.93475151,0
-2.6029675,-2.2968361,3.7288868,-0.32477289,0.14409158,0.93475151,0
-1.6687813,0.68700421,3.5935049,-0.32477289,0.14409158,0.93475151,0
-1.5412273,-0.2364285,3.7801695,-0.32477289,0.14409158,0.93475151,0
-0.32850206,-4.2975206,-3.2747011,-0.20423377,-0.97569335,0.079443216,0
-0.095984221,-3.321589,1.5599525,0.92347777,-0.16510665,0.34630725,0
0.97960341,-2.537437,-3.5477114,0.32477289,-0.14409158,-0.93475151,0
-1.1590383,4.1395421,3.2384038,-0.32477289,0.14409158,0.93475151,0
1.0358329,-2.1185486,-0.88463426,0.92347777,-0.16510665,0.34630725,0
1.9132447,3.0265608,-4.0810127,0.32477289,-0.14409158,-0.93475151,0
0.96053743,-1.6186123,-0.44549644,0.92347777,-0.16510665,0.34630725,0
1.5326029,-3.0102992,-2.6344979,0.92347777,-0.16510665,0.34630725,0
-0.36614645,4.2304277,0.6648767,0.20423377,0.97569335,-0.079443216,0
0.012295485,-0.75548685,-3.2805877,-0.92347777,0.16510665,-0.34630725,0
1.1961582,3.789587,-0.73297906,0.20423377,0.97569335,-0.079443216,0
-0.98957705,2.4217963,0.90586412,-0.92347777,0.16510665,-0.34630725,0
0.41054916,-2.7365837,-3.7147272,0.32477289,-0.14409158,-0.93475151,0
-1.6645517,-3.1660047,4.1889148,-0.32477289,0.14409158,0.93475151,0
2.4822309,0.96329504,-3.272351,0.92347777,-0.16510665,0.34630725,0
1.1059238,3.8790436,0.13372374,0.20423377,0.97569335,-0.079443216,0
-0.46349192,3.4297364,-0.016468287,-0.92347777,0.16510665,-0.34630725,0
-2.250308,-3.42871,2.4551194,-0.20423377,-0.97569335,0.079443216,0
-1.3305945,-3.5095921,3.8261707,-0.20423377,-0.97569335,0.079443216,0
-1.7828033,-3.2107301,0.33573031,-0.92347777,0.16510665,-0.34630725,0
-1.4339385,1.4622786,1.6333545,-0.92347777,0.16510665,-0.34630725,0
0.96519136,3.6237564,-3.3634288,0.20423377,0.97569335,-0.079443216,0
1.4072607,0.72918475,-3.9026737,0.32477289,-0.14409158,-0.93475151,0
-0.049546957,3.5777895,-1.0497253,-0.92347777,0.16510665,-0.34630725,0
-0.57049096,3.7765615,3.4988441,-0.32477289,0.14409158,0.93475151,0
1.469764,3.6763945,-1.4197791,0.20423377,0.97569335,-0.079443216,0
1.0773797,3.6443572,-2.8219981,0.20423377,0.97569335,-0.079443216,0
2.4679148,3.065588,-3.8943129,0.32477289,-0.14409158,-0.93475151,0
1.3789523,-4.3108907,-2.8448417,0.92347777,-0.16510665,0.34630725,0
1.1853142,-0.6862607,-3.7615969,0.32477289,-0.14409158,-0.93475151,0
-1.0867124,2.2269073,3.5583651,-0.32477289,0.14409158,0.93475151,0
-2.0605764,1.3233086,3.3592925,-0.32477289,0.14409158,0.93475151,0
1.3932313,-3.3334429,-3.2812953,0.32477289,-0.14409158,-0.93475151,0
0.50283885,3.9355745,-0.72240639,0.20423377,0.97569335,-0.079443216,0
-2.6376438,-1.7176678,3.6275599,-0.32477289,0.14409158,0.93475151,0
0.051305294,3.1407158,3.8128986,-0.32477289,0.14409158,0.93475151,0
1.5712078,0.62464774,-3.8295972,0.32477289,-0.14409158,-0.93475151,0
1.4496813,2.9773402,-4.234488,0.32477289,-0.14409158,-0.93475151,0
-0.37320256,-4.2993493,-3.412076,-0.20423377,-0.97569335,0.079443216,0
0.31293702,4.1481109,1.3996887,0.20423377,0.97569335,-0.079443216,0
0.44347173,-4.2296238,-0.45621133,-0.20423377,-0.97569335,0.079443216,0
0.47848195,-4.2348919,-0.43090963,-0.20423377,-0.97569335,0.079443216,0
-1.28009,-2.6303654,-0.72812963,-0.92347777,0.16510665,-0.34630725,0
-1.4520459,2.0006452,1.9383142,-0.92347777,0.16510665,-0.34630725,0
-1.4876449,1.7086284,3.4989564,-0.32477289,0.14409158,0.93475151,0
-0.41217959,4.3448515,1.9518425,0.20423377,0.97569335,-0.079443216,0
0.077990413,4.3772793,3.61025,0.20423377,0.97569335,-0.079443216,0
0.27651906,-4.3625937,-3.5106456,0.32477289,-0.14409158,-0.93475151,0
-0.79785937,4.3888717,1.5009761,0.20423377,0.97569335,-0.079443216,0
0.2475431,-2.4511211,-3.8153663,0.32477289,-0.14409158,-0.93475151,0
-0.35047698,-4.3018718,-3.3846309,-0.20423377,-0.97569335,0.079443216,0
0.84169245,-0.18034983,-3.958972,0.32477289,-0.14409158,-0.93475151,0
-0.52825356,-2.7686186,2.9762964,0.92347777,-0.16510665,0.34630725,0
1.2191647,-2.0208929,-1.3269564,0.92347777,-0.16510665,0.34630725,0
-1.1951194,-3.329669,4.3772454,-0.32477289,0.14409158,0.93475151,0
-1.4596469,-2.1827712,-0.035918474,-0.92347777,0.16510665,-0.34630725,0
-0.64565903,-2.5226774,-2.3685896,-0.92347777,0.16510665,-0.34630725,0
-0.72608978,-4.0993476,-1.8629324,-0.20423377,-0.97569335,0.079443216,0
0.22095895,-4.1684408,-3.5598783,0.32477289,-0.14409158,-0.93475151,0
-0.65921795,3.5115261,3.5088716,-0.32477289,0.14409158,0.93475151,0
0.29661727,2.4842687,-2.4941735,-0.92347777,0.16510665,-0.34630725,0
-0.038956642,1.2625633,3.5934398,0.92347777,-0.16510665,0.34630725,0
2.0501115,1.7021799,-3.8293068,0.32477289,-0.14409158,-0.93475151,0
1.5553648,3.5561223,-2.6768577,0.20423377,0.97569335,-0.079443216,0
1.8907006,3.3980379,-3.7563052,0.20423377,0.97569335,-0.079443216,0
0.1212827,-4.0730424,-3.6092157,0.32477289,-0.14409158,-0.93475151,0
-2.1638346,-3.4706337,2.1625369,-0.20423377,-0.97569335,0.079443216,0
0.30935574,0.47283483,-3.4871218,-0.92347777,0.16510665,-0.34630725,0
0.71931529,-2.3314857,-3.669894,0.32477289,-0.14409158,-0.93475151,0
-0.4744904,2.5113039,3.7272382,-0.32477289,0.14409158,0.93475151,0
-1.6349127,-3.5476322,2.5766253,-0.20423377,-0.97569335,0.079443216,0
-0.24637938,0.9654541,4.0049109,0.92347777,-0.16510665,0.34630725,0
1.2384261,3.3517413,1.1831584,0.92347777,-0.16510665,0.34630725,0
2.14256,1.3457397,-2.1842341,0.92347777,-0.16510665,0.34630725,0
-0.96377367,-3.9330099,-0.43107462,-0.20423377,-0.97569335,0.079443216,0
1.4281611,-1.1851074,-3.6003246,0.32477289,-0.14409158,-0.93475151,0
0.14317691,4.1284809,0.7221756,0.20423377,0.97569335,-0.079443216,0
-0.85876453,-3.9141331,0.070725441,-0.20423377,-0.97569335,0.079443216,0
1.4931369,3.7632287,-0.29322577,0.20423377,0.97569335,-0.079443216,0
-0.8458392,-0.27006769,-0.76081735,-0.92347777,0.16510665,-0.34630725,0
1.6017957,0.58000803,-3.8120885,0.32477289,-0.14409158,-0.93475151,0
-1.8483617,-3.5205739,2.3602123,-0.20423377,-0.97569335,0.079443216,0
-1.5382626,-3.7778163,-0.58673811,-0.92347777,0.16510665,-0.34630725,0
1.3964958,2.0279486,-4.1066184,0.32477289,-0.14409158,-0.93475151,0
-1.3275163,-0.1809833,3.8458753,-0.32477289,0.14409158,0.93475151,0
0.010535479,2.0708439,-1.9284012,-0.92347777,0.16510665,-0.34630725,0
-0.22276652,-3.3890572,-3.8341894,0.32477289,-0.14409158,-0.93475151,0
-1.6619774,1.7418308,2.3747337,-0.92347777,0.16510665,-0.34630725,0
-2.4984801,-1.8529046,3.696758,-0.32477289,0.14409158,0.93475151,0
1.0001585,1.3633909,-4.1418815,0.32477289,-0.14409158,-0.93475151,0
0.77949262,-2.6493354,-0.45412576,0.92347777,-0.16510665,0.34630725,0
1.8553404,-1.3131083,-2.6859641,0.92347777,-0.16510665,0.34630725,0
0.60375857,3.7585919,-2.6365981,0.20423377,0.97569335,-0.079443216,0
1.5771101,1.1692978,-3.9115043,0.32477289,-0.14409158,-0.93475151,0
-1.0647039,-2.2688465,4.2590318,-0.32477289,0.14409158,0.93475151,0
2.2589862,2.0235515,-3.8062739,0.32477289,-0.14409158,-0.93475151,0
1.318109,3.5193424,-3.7385178,0.20423377,0.97569335,-0.079443216,0
0.93730205,3.6924739,2.1485982,0.92347777,-0.16510665,0.34630725,0
-0.86581767,4.4959836,2.641777,0.20423377,0.97569335,-0.079443216,0
-0.55249548,4.4215879,2.5335705,0.20423377,0.97569335,-0.079443216,0
0.83141834,-1.7121716,-0.1457876,0.92347777,-0.16510665,0.34630725,0
1.8695745,3.5694728,-1.7051172,0.20423377,0.97569335,-0.079443216,0
-0.10600245,4.0717759,-0.61484766,0.20423377,0.97569335,-0.079443216,0
-1.4256264,0.70483863,1.250069,-0.92347777,0.16510665,-0.34630725,0
0.27610087,0.52007771,-3.3759189,-0.92347777,0.16510665,-0.34630725,0
1.1804862,3.5521183,-3.6897798,0.20423377,0.97569335,-0.079443216,0
-1.1662074,3.0953298,3.396878,-0.32477289,0.14409158,0.93475151,0
-1.383581,-3.6016767,-0.91524243,-0.92347777,0.16510665,-0.34630725,0
-1.3307743,-2.5785151,4.2143221,-0.32477289,0.14409158,0.93475151,0
-0.35115981,-2.549031,-3.1664786,-0.92347777,0.16510665,-0.34630725,0
-0.79685104,2.6102347,0.48177326,-0.92347777,0.16510665,-0.34630725,0
-2.1422999,0.7405014,3.178185,-0.92347777,0.16510665,-0.34630725,0
-1.1264247,4.5212212,2.2817657,0.20423377,0.97569335,-0.079443216,0
-2.1320751,-1.1615001,2.2441134,-0.92347777,0.16510665,-0.34630725,0
-0.25507331,-2.8788998,-3.579977,-0.92347777,0.16510665,-0.34630725,0
2.6111777,3.30584,-3.0364411,0.20423377,0.97569335,-0.079443216,0
0.04535532,2.2844038,-1.9194362,-0.92347777,0.16510665,-0.34630725,0
-1.5882144,-0.26956585,1.2190723,-0.92347777,0.16510665,-0.34630725,0
0.16292763,0.4197228,-3.1219721,-0.92347777,0.16510665,-0.34630725,0
-0.84449673,0.39785028,3.9244702,-0.32477289,0.14409158,0.93475151,0
-0.85684061,3.1411219,0.89485145,-0.92347777,0.16510665,-0.34630725,0
1.5908856,2.4540544,-4.1047626,0.32477289,-0.14409158,-0.93475151,0
-0.65362954,4.3170128,0.98921895,0.20423377,0.97569335,-0.079443216,0
0.053073645,-3.1144304,-3.7806842,0.32477289,-0.14409158,-0.93475151,0
-2.8373051,-2.2371318,3.6118882,-0.92347777,0.16510665,-0.34630725,0
0.077019691,-4.243897,-3.5982575,0.32477289,-0.14409158,-0.93475151,0
1.8959475,0.97755933,-3.7711697,0.32477289,-0.14409158,-0.93475151,0
-0.05479002,-4.3587346,-3.6263518,0.32477289,-0.14409158,-0.93475151,0
2.3361845,2.2088568,-3.8080165,0.32477289,-0.14409158,-0.93475151,0
0.029760122,-3.5067298,-3.7283115,0.32477289,-0.14409158,-0.93475151,0
-0.31220245,-4.0847216,-0.61927271,-0.20423377,-0.97569335,0.079443216,0
0.83448386,4.0941267,2.0774715,0.20423377,0.97569335,-0.079443216,0
-1.0876012,-3.720592,1.8594282,-0.20423377,-0.97569335,0.079443216,0
-1.5145693,-1.4411061,3.9751327,-0.32477289,0.14409158,0.93475151,0
1.9560952,3.5200701,-2.0894361,0.20423377,0.97569335,-0.079443216,0
2.451695,3.155632,-3.9138284,0.32477289,-0.14409158,-0.93475151,0
-0.020787239,-1.5611787,-3.5764925,-0.92347777,0.16510665,-0.34630725,0
-0.45225692,-3.8874552,1.4434273,-0.20423377,-0.97569335,0.079443216,0
0.073982477,-0.63289165,2.3885865,0.92347777,-0.16510665,0.34630725,0
0.55838895,-2.5224686,-3.6963673,0.32477289,-0.14409158,-0.93475151,0
-1.2510132,-3.8944149,-0.6955018,-0.20423377,-0.97569335,0.079443216,0
-0.052720547,-3.1956229,1.5046403,0.92347777,-0.16510665,0.34630725,0
-2.2846258,-0.087736726,3.1628432,-0.92347777,0.16510665,-0.34630725,0
-1.1658518,2.9140308,3.4249487,-0.32477289,0.14409158,0.93475151,0
0.69913661,3.9297085,-0.2898047,0.20423377,0.97569335,-0.079443216,0
-0.062542796,4.1178622,0.06289506,0.20423377,0.97569335,-0.079443216,0
-0.10524791,4.1636353,0.51527262,0.20423377,0.97569335,-0.079443216,0
0.12407136,4.3637424,3.5624578,0.20423377,0.97569335,-0.079443216,0
-0.62873471,-0.63605356,-1.5142466,-0.92347777,0.16510665,-0.34630725,0
-0.56282735,-2.9572449,2.9785638,0.92347777,-0.16510665,0.34630725,0
1.2655849,3.6078315,-2.7867534,0.20423377,0.97569335,-0.079443216,0
2.5252213,3.3524795,-2.6846051,0.20423377,0.97569335,-0.079443216,0
-0.23987138,-3.4197273,-3.8354046,0.32477289,-0.14409158,-0.93475151,0
-1.3661693,-3.8062186,0.091648579,-0.20423377,-0.97569335,0.079443216,0
-1.890967,-1.1783367,1.5931369,-0.92347777,0.16510665,-0.34630725,0
2.076124,0.97012556,-3.7074227,0.32477289,-0.14409158,-0.93475151,0
1.0471438,-4.0241365,-3.2950704,0.32477289,-0.14409158,-0.93475151,0
0.47141707,-3.5571229,-0.065398455,0.92347777,-0.16510665,0.34630725,0
2.4977722,1.1666429,-3.591217,0.32477289,-0.14409158,-0.93475151,0
-0.45760393,-4.2696786,-3.2646477,-0.20423377,-0.97569335,0.079443216,0
-1.6859566,2.5175493,2.8085122,-0.92347777,0.16510665,-0.34630725,0
-0.087975502,1.0678116,3.6313047,0.92347777,-0.16510665,0.34630725,0
-1.7163261,1.2375851,2.2792554,-0.92347777,0.16510665,-0.34630725,0
-1.2604584,-3.2095454,-1.0566123,-0.92347777,0.16510665,-0.34630725,0
0.53453547,-4.4266376,-2.6417627,-0.20423377,-0.97569335,0.079443216,0
1.0297706,0.35114527,-3.9755554,0.32477289,-0.14409158,-0.93475151,0
-0.50739878,3.0807631,-0.065761805,-0.92347777,0.16510665,-0.34630725,0
0.44053745,-0.7930696,-4.0039001,0.32477289,-0.14409158,-0.93475151,0
1.2231295,-0.13506317,-0.43843344,0.92347777,-0.16510665,0.34630725,0
1.3853936,-0.72075653,-1.1503714,0.92347777,-0.16510665,0.34630725,0
0.58920145,-0.31226754,-4.0263629,0.32477289,-0.14409158,-0.93475151,0
1.4441516,3.5903296,-2.5426419,0.20423377,0.97569335,-0.079443216,0
1.0975132,3.6747923,-2.3964484,0.20423377,0.97569335,-0.079443216,0
1.9943101,3.4578764,-2.7550328,0.20423377,0.97569335,-0.079443216,0
1.0986526,-2.3604498,-1.1674823,0.92347777,-0.16510665,0.34630725,0
-0.69286954,-4.1993184,-3.0053363,-0.20423377,-0.97569335,0.079443216,0
1.6875293,3.5530937,-2.374284,0.20423377,0.97569335,-0.079443216,0
-0.56151652,-1.2780936,-1.9995949,-0.92347777,0.16510665,-0.34630725,0
0.50420785,3.3956308,-2.6132386,-0.92347777,0.16510665,-0.34630725,0
0.62422574,3.9116619,-0.7040329,0.20423377,0.97569335,-0.079443216,0
0.021849126,4.2281609,1.6345041,0.20423377,0.97569335,-0.079443216,0
-0.10183239,-4.1451874,-0.82107687,-0.20423377,-0.97569335,0.079443216,0
0.77523088,-3.4657001,-0.83197498,0.92347777,-0.16510665,0.34630725,0
-0.52576339,4.280313,0.86720443,0.20423377,0.97569335,-0.079443216,0
0.15933251,-4.4188313,-3.5104647,-0.20423377,-0.97569335,0.079443216,0
2.2648168,-0.19714653,-3.4619279,0.32477289,-0.14409158,-0.93475151,0
-0.053688765,-4.1680603,-0.97822094,-0.20423377,-0.97569335,0.079443216,0
-0.53470111,-3.0672479,2.8511147,0.92347777,-0.16510665,0.34630725,0
-0.68977928,4.4007125,1.9242539,0.20423377,0.97569335,-0.079443216,0
-1.7711127,-0.26441014,3.7046111,-0.32477289,0.14409158,0.93475151,0
-1.2885132,1.542134,3.5938087,-0.32477289,0.14409158,0.93475151,0
1.757589,-2.3915381,-3.2998958,0.32477289,-0.14409158,-0.93475151,0
-2.7511544,-3.2780137,3.0183349,-0.20423377,-0.97569335,0.079443216,0
2.1077437,3.4390309,-2.6948659,0.20423377,0.97569335,-0.079443216,0
-2.4521766,-1.0513021,3.5892792,-0.32477289,0.14409158,0.93475151,0
-1.1669426,-0.97810245,4.0245409,-0.32477289,0.14409158,0.93475151,0
-1.4977251,-3.8444324,-0.71588516,-0.20423377,-0.97569335,0.079443216,0
0.9793002,3.9782145,1.026175,0.20423377,0.97569335,-0.079443216,0
0.58563602,-1.1545014,0.77550322,0.92347777,-0.16510665,0.34630725,0
1.7346563,3.7299757,-0.080726147,0.20423377,0.97569335,-0.079443216,0
0.41430652,1.0923494,2.3035958,0.92347777,-0.16510665,0.34630725,0
-0.99813008,2.0071678,3.6230152,-0.32477289,0.14409158,0.93475151,0
-0.13835144,2.6201386,3.8272502,-0.32477289,0.14409158,0.93475151,0
0.15313888,0.68143249,-2.9710951,-0.92347777,0.16510665,-0.34630725,0
1.0173858,0.13873351,0.24074799,0.92347777,-0.16510665,0.34630725,0
1.1461027,1.8941796,-4.1729951,0.32477289,-0.14409158,-0.93475151,0
-0.42936277,-0.96001649,-2.2003546,-0.92347777,0.16510665,-0.34630725,0
-2.5259409,-3.2629352,3.782506,-0.20423377,-0.97569335,0.079443216,0
1.0030894,3.968926,0.97325325,0.20423377,0.97569335,-0.079443216,0
-1.0843852,-3.8861818,-0.16601801,-0.20423377,-0.97569335,0.079443216,0
0.11432385,3.85923,3.7240345,-0.32477289,0.14409158,0.93475151,0
-1.1763225,-3.7119417,1.7375844,-0.20423377,-0.97569335,0.079443216,0
-0.064310074,0.23887575,-2.602232,-0.92347777,0.16510665,-0.34630725,0
-1.0195823,-0.32847095,3.9756002,-0.32477289,0.14409158,0.93475151,0
1.0133667,2.7615099,-4.2733102,-0.92347777,0.16510665,-0.34630725,0
1.6445165,3.4109259,-4.2309136,0.20423377,0.97569335,-0.079443216,0
-1.3728878,0.46517837,0.99517232,-0.92347777,0.16510665,-0.34630725,0
-0.50736827,-4.0528708,-0.72982717,-0.20423377,-0.97569335,0.079443216,0
-0.78603816,4.4272833,2.0031283,0.20423377,0.97569335,-0.079443216,0
-0.56395769,-0.14656591,4.1058631,-0.32477289,0.14409158,0.93475151,0
0.2412796,-4.3957186,-3.0159287,-0.20423377,-0.97569335,0.079443216,0
-0.41631985,3.0452282,-0.32557893,-0.92347777,0.16510665,-0.34630725,0
-0.20664418,1.2217301,-1.7540876,-0.92347777,0.16510665,-0.34630725,0
0.46573091,3.8548682,-1.80901,0.20423377,0.97569335,-0.079443216,0
-0.54908687,4.3096561,1.1676223,0.20423377,0.97569335,-0.079443216,0
2.135603,2.5683341,-3.9331203,0.32477289,-0.14409158,-0.93475151,0
0.93767619,3.9830446,0.97849131,0.20423377,0.97569335,-0.079443216,0
1.5415344,2.3286428,-4.1025772,0.32477289,-0.14409158,-0.93475151,0
0.010461211,-4.2458596,-3.6210802,0.32477289,-0.14409158,-0.93475151,0
0.46425736,4.2765822,3.366549,0.20423377,0.97569335,-0.079443216,0
0.52464855,4.2524276,3.5159643,0.92347777,-0.16510665,0.34630725,0
0.20132256,-0.64611435,-3.7325096,-0.92347777,0.16510665,-0.34630725,0
-1.9987093,-2.4461749,1.2759876,-0.92347777,0.16510665,-0.34630725,0
-2.0831821,-3.4871645,2.1668506,-0.20423377,-0.97569335,0.079443216,0
1.7048414,3.7228887,-0.24441671,0.20423377,0.97569335,-0.079443216,0
1.5009439,-0.68204331,-1.4400458,0.92347777,-0.16510665,0.34630725,0
-0.87255454,-4.0353479,-1.4534471,-0.20423377,-0.97569335,0.079443216,0
-0.025438339,4.2705121,2.0330744,0.20423377,0.97569335,-0.079443216,0
0.40532231,4.1911049,2.16523,0.20423377,0.97569335,-0.079443216,0
-2.3066919,-0.65109122,2.9530988,-0.92347777,0.16510665,-0.34630725,0
-1.3052788,-0.50546098,3.9036198,-0.32477289,0.14409158,0.93475151,0
-1.8765547,-0.92877758,1.6736853,-0.92347777,0.16510665,-0.34630725,0
2.3641033,0.35608149,-3.2468445,0.92347777,-0.16510665,0.34630725,0
-0.43953538,3.3465912,3.6106234,-0.32477289,0.14409158,0.93475151,0
-0.69612622,-0.85880196,-1.4407361,-0.92347777,0.16510665,-0.34630725,0
1.2705547,-3.4474368,-2.1441193,0.92347777,-0.16510665,0.34630725,0
0.87889242,2.268868,-4.1495886,-0.92347777,0.16510665,-0.34630725,0
-2.1634231,-3.3379571,1.2900512,-0.92347777,0.16510665,-0.34630725,0
-1.3210999,-2.1081779,-0.36981106,-0.92347777,0.16510665,-0.34630725,0
-2.1142776,-1.0119179,3.7006087,-0.32477289,0.14409158,0.93475151,0
-2.3483629,-3.3069379,3.6986034,-0.20423377,-0.97569335,0.079443216,0
-0.26739073,3.7596653,3.6067584,-0.32477289,0.14409158,0.93475151,0
0.38296199,3.3574505,3.467099,0.92347777,-0.16510665,0.34630725,0
-2.5173309,-1.3204676,3.6081333,-0.32477289,0.14409158,0.93475151,0
1.7477157,2.5372002,-4.0630903,0.32477289,-0.14409158,-0.93475151,0
-0.59193921,2.5440555,3.6813822,-0.32477289,0.14409158,0.93475151,0
1.4562751,1.6311116,-0.21810126,0.92347777,-0.16510665,0.34630725,0
1.8532984,3.6583099,-0.65588999,0.20423377,0.97569335,-0.079443216,0
-1.744634,1.2748611,2.3725152,-0.92347777,0.16510665,-0.34630725,0
0.19447279,-1.68002,-3.9526703,0.32477289,-0.14409158,-0.93475151,0
-0.79860377,-0.55458522,4.0872331,-0.32477289,0.14409158,0.93475151,0
-0.26235187,1.4132447,-1.5142276,-0.92347777,0.16510665,-0.34630725,0
1.6970267,1.2203418,-3.8777082,0.32477289,-0.14409158,-0.93475151,0
0.11632681,-4.3947392,-3.3251319,-0.20423377,-0.97569335,0.079443216,0
-1.3451669,-1.3163232,4.0147548,-0.32477289,0.14409158,0.93475151,0
-1.900785,1.5468426,2.9185848,-0.92347777,0.16510665,-0.34630725,0
0.90063822,-4.5015888,-2.6211019,-0.20423377,-0.97569335,0.079443216,0
1.4635265,1.4377213,-3.9923453,0.32477289,-0.14409158,-0.93475151,0
-1.8606675,-3.6262684,1.0304668,-0.20423377,-0.97569335,0.079443216,0
-0.84691411,3.0083265,0.80506968,-0.92347777,0.16510665,-0.34630725,0
-0.65431738,4.1255183,3.4159274,-0.32477289,0.14409158,0.93475151,0
-1.0652583,1.2904956,3.7101669,-0.32477289,0.14409158,0.93475151,0
-1.5695701,-2.7604918,4.1594062,-0.32477289,0.14409158,0.93475151,0
-0.31946766,-3.8957033,-3.7896881,0.32477289,-0.14409158,-0.93475151,0
2.1619978,3.3688126,-3.4177895,0.20423377,0.97569335,-0.079443216,0
1.4908876,-1.0516367,-1.5894386,0.92347777,-0.16510665,0.34630725,0
-1.5265586,-0.8512553,0.77732992,-0.92347777,0.16510665,-0.34630725,0
0.38167834,3.7122159,-2.1355603,-0.92347777,0.16510665,-0.34630725,0
0.032458544,4.3227015,2.822891,0.20423377,0.97569335,-0.079443216,0
-2.2321386,-3.3582745,3.3668928,-0.20423377,-0.97569335,0.079443216,0
1.0676546,3.9277086,0.6330204,0.20423377,0.97569335,-0.079443216,0
2.3425386,0.67551184,-3.5694444,0.32477289,-0.14409158,-0.93475151,0
1.5784883,3.419354,0.30856895,0.92347777,-0.16510665,0.34630725,0
-1.4374871,-3.8409352,-0.51807737,-0.20423377,-0.97569335,0.079443216,0
1.0889153,2.8564143,1.3456967,0.92347777,-0.16510665,0.34630725,0
-0.84051156,1.5308104,3.751209,-0.32477289,0.14409158,0.93475151,0
3.0138714,3.0891545,-3.7082567,0.32477289,-0.14409158,-0.93475151,0
1.030334,0.99958491,-4.0753164,0.32477289,-0.14409158,-0.93475151,0
1.0514278,2.1863225,1.1261873,0.92347777,-0.16510665,0.34630725,0
-0.66801256,-4.1443672,-2.2665401,-0.20423377,-0.97569335,0.079443216,0
1.6594584,-2.6052065,-3.3010538,0.32477289,-0.14409158,-0.93475151,0
-1.6349697,-0.80223304,1.0897956,-0.92347777,0.16510665,-0.34630725,0
-1.3306495,3.0416844,2.1109231,-0.92347777,0.16510665,-0.34630725,0
-0.14347637,4.3839674,3.1230423,0.20423377,0.97569335,-0.079443216,0
-2.5006821,-3.2648032,3.824502,-0.20423377,-0.97569335,0.079443216,0
-2.0069852,-2.8699894,1.0959966,-0.92347777,0.16510665,-0.34630725,0
0.52738416,4.2301826,2.9589636,0.20423377,0.97569335,-0.079443216,0
2.5045357,2.4939551,-3.7934718,0.32477289,-0.14409158,-0.93475151,0
1.3108294,-2.3802454,-3.4568603,0.32477289,-0.14409158,-0.93475151,0
0.56518114,-4.3153219,-1.1958327,-0.20423377,-0.97569335,0.079443216,0
2.3285584,3.3885982,-2.746592,0.20423377,0.97569335,-0.079443216,0
-0.7252965,0.48086977,3.953088,-0.32477289,0.14409158,0.93475151,0
0.39051652,1.3118665,2.4716926,0.92347777,-0.16510665,0.34630725,0
-1.4584739,2.0721085,1.9895272,-0.92347777,0.16510665,-0.34630725,0
-0.17724419,2.045063,3.902385,-0.32477289,0.14409158,0.93475151,0
-2.6682482,-2.83658,3.7894068,-0.32477289,0.14409158,0.93475151,0
-0.33671522,-2.6106014,2.5408697,0.92347777,-0.16510665,0.34630725,0
-0.84559333,-1.1142542,-1.1639507,-0.92347777,0.16510665,-0.34630725,0
1.1841655,0.66599154,-3.9704456,0.32477289,-0.14409158,-0.93475151,0
0.88086337,-1.0736313,0.026793063,0.92347777,-0.16510665,0.34630725,0
-0.097369909,-1.8814769,2.2502413,0.92347777,-0.16510665,0.34630725,0
0.25856984,4.1819086,1.675014,0.20423377,0.97569335,-0.079443216,0
-0.53619093,1.180948,-0.89474702,-0.92347777,0.16510665,-0.34630725,0
1.4373338,1.9110727,-4.0744128,0.32477289,-0.14409158,-0.93475151,0
-1.0084498,3.4886289,1.4648185,-0.92347777,0.16510665,-0.34630725,0
-0.62169397,1.966797,-0.29207599,-0.92347777,0.16510665,-0.34630725,0
-0.8680774,-4.1067743,-2.3191669,-0.20423377,-0.97569335,0.079443216,0
1.9196522,0.0018820763,-3.6125336,0.32477289,-0.14409158,-0.93475151,0
1.4157685,3.7443218,-0.72433329,0.20423377,0.97569335,-0.079443216,0
0.65534306,2.7926102,2.4714603,0.92347777,-0.16510665,0.34630725,0
-0.075568914,-3.5713809,-3.7549412,0.32477289,-0.14409158,-0.93475151,0
0.18952166,-4.2706628,-1.6131003,-0.20423377,-0.97569335,0.079443216,0
2.5877063,2.4384201,-3.7560143,0.32477289,-0.14409158,-0.93475151,0
2.0430422,0.10319436,-3.5852795,0.32477289,-0.14409158,-0.93475151,0
1.2833605,3.5366342,-3.6154766,0.20423377,0.97569335,-0.079443216,0
1.2625569,-2.198437,-3.501658,0.32477289,-0.14409158,-0.93475151,0
-2.5318127,-2.372757,3.7653122,-0.32477289,0.14409158,0.93475151,0
-0.67038524,-3.8933771,0.80993295,-0.20423377,-0.97569335,0.079443216,0
1.4305634,3.2145185,0.60537457,0.92347777,-0.16510665,0.34630725,0
-0.8528986,-2.7031047,3.873244,0.92347777,-0.16510665,0.34630725,0
-0.97275877,-3.589191,3.7684922,-0.20423377,-0.97569335,0.079443216,0
-0.58243823,2.6623728,3.6664448,-0.32477289,0.14409158,0.93475151,0
2.8171232,2.6362567,-3.7068014,0.32477289,-0.14409158,-0.93475151,0
-0.36074209,-3.917419,1.3106894,-0.20423377,-0.97569335,0.079443216,0
0.204813,-4.124722,0.21860218,-0.20423377,-0.97569335,0.079443216,0
-0.88677055,-0.96923864,-0.98500729,-0.92347777,0.16510665,-0.34630725,0
1.0459251,-3.0404634,-3.4471269,0.32477289,-0.14409158,-0.93475151,0
2.2774746,0.36932552,-3.5448515,0.32477289,-0.14409158,-0.93475151,0
0.76371288,-3.9802063,-3.4003184,0.32477289,-0.14409158,-0.93475151,0
-1.4229908,-3.4525442,4.2892742,-0.20423377,-0.97569335,0.079443216,0
0.95821142,-2.8300686,-3.5100346,0.32477289,-0.14409158,-0.93475151,0
0.38268566,0.16586733,-3.8290181,-0.92347777,0.16510665,-0.34630725,0
-1.6968036,1.6736504,3.4316776,-0.32477289,0.14409158,0.93475151,0
-2.2445667,-3.0646043,3.9717617,-0.32477289,0.14409158,0.93475151,0
2.2711842,-0.024669826,-3.1805909,0.92347777,-0.16510665,0.34630725,0
-2.329067,-1.9145161,2.4104102,-0.92347777,0.16510665,-0.34630725,0
-1.5030823,0.98568916,3.6050339,-0.32477289,0.14409158,0.93475151,0
-0.08195062,4.2337074,1.435766,0.20423377,0.97569335,-0.079443216,0
-1.4900303,-3.0634027,4.2337351,-0.32477289,0.14409158,0.93475151,0
-1.2481847,-3.0803957,4.3203816,-0.32477289,0.14409158,0.93475151,0
-2.10782,0.53054214,2.9861374,-0.92347777,0.16510665,-0.34630725,0
-1.9078712,-3.389987,3.811048,-0.20423377,-0.97569335,0.079443216,0
2.0083542,3.4873719,-2.356673,0.20423377,0.97569335,-0.079443216,0
-0.37992215,3.0316842,-0.42909598,-0.92347777,0.16510665,-0.34630725,0
-1.989305,-3.5433836,1.7177267,-0.20423377,-0.97569335,0.079443216,0
-1.0912554,4.5111852,2.2489214,0.20423377,0.97569335,-0.079443216,0
-1.1917639,1.4618411,0.98735249,-0.92347777,0.16510665,-0.34630725,0
2.0770383,2.6560779,-1.3847876,0.92347777,-0.16510665,0.34630725,0
-2.3801301,-2.5282056,3.8419752,-0.32477289,0.14409158,0.93475151,0
0.6290946,-4.3812685,-1.8414621,-0.20423377,-0.97569335,0.079443216,0
-2.5626354,-1.473555,3.2434876,-0.92347777,0.16510665,-0.34630725,0
0.48509026,-2.0097301,0.63588071,0.92347777,-0.16510665,0.34630725,0
