4.8021984,-2.9027228,2.1039076,0.39417481,-0.88116944,0.26108727,0
-4.9977012,2.8720074,-1.9124126,-0.39417481,0.88116944,-0.26108727,0
5.0691218,-2.9392486,1.5776463,0.39417481,-0.88116944,0.26108727,0
0.32431841,-5.0265865,1.6963193,0.39417481,-0.88116944,0.26108727,0
-6.3512216,2.4516959,-1.2874951,-0.39417481,0.88116944,-0.26108727,0
-1.7994156,-6.3610449,0.3988173,0.39417481,-0.88116944,0.26108727,0
3.7141197,3.9244976,-0.27860332,0.90429366,0.42255086,0.060857296,0
4.4189529,-3.2726884,1.4338751,0.39417481,-0.88116944,0.26108727,0
2.630409,2.8625257,0.85538888,-0.16394821,0.21211123,0.96339494,0
1.2296915,2.2737176,0.74665624,-0.16394821,0.21211123,0.96339494,0
-1.7840528,4.5425415,-1.1261446,-0.39417481,0.88116944,-0.26108727,0
4.7661285,-2.9767292,1.9085908,0.39417481,-0.88116944,0.26108727,0
-1.241177,-1.0576428,1.0596371,-0.16394821,0.21211123,0.96339494,0
-1.7188063,-5.8915901,1.8615253,0.39417481,-0.88116944,0.26108727,0
0.57097864,5.3758974,-1.8690625,-0.39417481,0.88116944,-0.26108727,0
5.5342913,-1.6489992,0.26687813,0.16394821,-0.21211123,-0.96339494,0
0.47744691,2.1778941,0.63973856,-0.16394821,0.21211123,0.96339494,0
-4.7052903,1.087991,-0.0022826195,-0.16394821,0.21211123,0.96339494,0
4.3388643,2.4447906,0.71221828,0.90429366,0.42255086,0.060857296,0
0.72271776,-4.7168279,2.1402724,0.39417481,-0.88116944,0.26108727,0
-3.9069319,-3.6300049,1.0988891,-0.90429366,-0.42255086,-0.060857296,0
1.5845048,0.64374018,1.1659106,-0.16394821,0.21211123,0.96339494,0
-4.5058231,0.58869809,-1.9344001,0.16394821,-0.21211123,-0.96339494,0
-6.4702282,2.5574696,-0.75083828,-0.39417481,0.88116944,-0.26108727,0
4.9261589,1.3188021,-0.1964612,0.90429366,0.42255086,0.060857296,0
-4.1846628,3.623054,-0.60511065,-0.39417481,0.88116944,-0.26108727,0
4.3207984,2.4293802,1.0876632,0.90429366,0.42255086,0.060857296,0
1.4384044,1.7328639,0.90125453,-0.16394821,0.21211123,0.96339494,0
-0.39632893,-5.5699396,0.95049411,0.39417481,-0.88116944,0.26108727,0
-1.209043,-4.6357265,1.8528939,-0.16394821,0.21211123,0.96339494,0
-1.8647904,4.4518328,-1.3103927,-0.39417481,0.88116944,-0.26108727,0
4.6787663,1.6143439,1.4275775,0.90429366,0.42255086,0.060857296,0
0.44809484,5.342227,-1.7971774,-0.39417481,0.88116944,-0.26108727,0
-0.12548161,5.1279764,-1.6543193,-0.39417481,0.88116944,-0.26108727,0
-4.2294087,-2.6490602,-0.92033911,-0.90429366,-0.42255086,-0.060857296,0
-3.5345099,-2.7415392,-1.0358844,0.16394821,-0.21211123,-0.96339494,0
1.5204611,-1.4460795,-0.46086335,0.16394821,-0.21211123,-0.96339494,0
-5.83885,0.94151771,-1.9357309,-0.90429366,-0.42255086,-0.060857296,0
0.15796828,0.60862041,0.93087828,-0.16394821,0.21211123,0.96339494,0
3.0641499,-3.6471391,2.2155092,0.39417481,-0.88116944,0.26108727,0
3.7975147,3.8453085,-0.96795821,0.90429366,0.42255086,0.060857296,0
0.7643944,-0.31258094,-0.8390919,0.16394821,-0.21211123,-0.96339494,0
0.5640626,4.1470933,-1.8550727,0.16394821,-0.21211123,-0.96339494,0
-4.3793678,-2.5762279,0.80224276,-0.90429366,-0.42255086,-0.060857296,0
-6.3750525,2.0526552,-1.6831331,-0.90429366,-0.42255086,-0.060857296,0
3.7392974,3.7518754,0.54584742,0.90429366,0.42255086,0.060857296,0
-3.5902956,0.025912523,0.42130303,-0.16394821,0.21211123,0.96339494,0
-4.3944864,-1.5086958,0.62232351,-0.16394821,0.21211123,0.96339494,0
2.6886849,-4.2875304,0.62104487,0.39417481,-0.88116944,0.26108727,0
-1.6893382,3.8079424,-2.1638799,0.16394821,-0.21211123,-0.96339494,0
2.6487093,6.3890028,-1.5592213,0.90429366,0.42255086,0.060857296,0
4.261764,2.6397059,0.50451374,0.90429366,0.42255086,0.060857296,0
6.1598058,-1.5698624,1.5293632,0.90429366,0.42255086,0.060857296,0
4.9057841,1.1023455,1.6092248,0.90429366,0.42255086,0.060857296,0
4.6816807,0.76992452,1.6651988,-0.16394821,0.21211123,0.96339494,0
1.2919111,0.25676772,1.2013175,-0.16394821,0.21211123,0.96339494,0
-2.3264275,-0.32029209,-1.3633829,0.16394821,-0.21211123,-0.96339494,0
5.0903654,0.75088704,1.3067622,0.90429366,0.42255086,0.060857296,0
4.7406306,-0.58806598,1.9742203,-0.16394821,0.21211123,0.96339494,0
2.6950552,2.973654,0.84192324,-0.16394821,0.21211123,0.96339494,0
2.7779787,3.0795465,-1.2432716,0.16394821,-0.21211123,-0.96339494,0
1.1683202,-4.5584979,2.0018902,0.39417481,-0.88116944,0.26108727,0
-1.9748883,4.4771028,-1.058888,-0.39417481,0.88116944,-0.26108727,0
5.1157513,-2.3389895,0.34756708,0.16394821,-0.21211123,-0.96339494,0
4.5710421,2.092802,-0.29380274,0.90429366,0.42255086,0.060857296,0
4.9853745,1.0306013,0.92470884,0.90429366,0.42255086,0.060857296,0
6.2498078,-1.6722131,0.90264988,0.90429366,0.42255086,0.060857296,0
-1.3414116,4.7148261,-0.22834814,-0.16394821,0.21211123,0.96339494,0
2.8173788,5.8338046,-0.21060801,0.90429366,0.42255086,0.060857296,0
4.9085035,1.2722119,0.38938618,0.90429366,0.42255086,0.060857296,0
-4.0141969,-3.1276953,-0.79491735,-0.90429366,-0.42255086,-0.060857296,0
3.9331656,3.2736497,0.98557568,0.90429366,0.42255086,0.060857296,0
4.5367169,2.0397081,0.5848875,0.90429366,0.42255086,0.060857296,0
2.7624907,5.9802713,-0.41197968,0.90429366,0.42255086,0.060857296,0
-4.4463968,3.1693861,-1.741086,-0.39417481,0.88116944,-0.26108727,0
-0.038654089,2.4747288,-1.5894365,0.16394821,-0.21211123,-0.96339494,0
-5.7422419,0.56248927,-0.73954725,-0.90429366,-0.42255086,-0.060857296,0
-2.9821658,-5.5996633,1.0335131,-0.90429366,-0.42255086,-0.060857296,0
2.5870228,-4.2964344,0.74447942,0.39417481,-0.88116944,0.26108727,0
-3.4934559,-4.5545559,1.374403,-0.90429366,-0.42255086,-0.060857296,0
6.2019997,-1.6035144,1.136044,0.90429366,0.42255086,0.060857296,0
3.1227567,4.8186178,-1.5674901,0.16394821,-0.21211123,-0.96339494,0
-2.6387215,-6.3098922,0.86151457,-0.90429366,-0.42255086,-0.060857296,0
3.7186937,3.9410207,-0.46129489,0.90429366,0.42255086,0.060857296,0
3.0456953,-0.78263545,1.7286181,-0.16394821,0.21211123,0.96339494,0
6.39044,-2.0696011,1.5721502,0.90429366,0.42255086,0.060857296,0
-1.2841293,-1.6388688,-0.89569527,0.16394821,-0.21211123,-0.96339494,0
1.2615361,-4.9800425,0.43844664,0.39417481,-0.88116944,0.26108727,0
-3.7893906,-3.7793131,0.38901091,-0.90429366,-0.42255086,-0.060857296,0
-3.9058681,-3.5808372,0.74169683,-0.90429366,-0.42255086,-0.060857296,0
1.4032426,6.1280231,-0.58714354,-0.39417481,0.88116944,-0.26108727,0
2.6583323,-0.60525787,1.6236446,-0.16394821,0.21211123,0.96339494,0
-5.9691105,1.0461593,-0.72671366,-0.90429366,-0.42255086,-0.060857296,0
6.4273615,-2.1363859,1.487227,0.90429366,0.42255086,0.060857296,0
-0.033753395,5.5431566,-0.39157319,-0.39417481,0.88116944,-0.26108727,0
4.4044476,-3.4963446,0.48133421,0.16394821,-0.21211123,-0.96339494,0
-3.4936595,0.21843952,-1.6806326,0.16394821,-0.21211123,-0.96339494,0
-0.034072876,-5.5909572,0.33264753,0.39417481,-0.88116944,0.26108727,0
6.1239076,-1.4907358,1.5133772,0.90429366,0.42255086,0.060857296,0
5.4258471,-2.6977005,1.8543081,0.39417481,-0.88116944,0.26108727,0
5.6490035,-0.45105743,1.3512926,0.90429366,0.42255086,0.060857296,0
5.6714516,-1.7823935,0.31958866,0.16394821,-0.21211123,-0.96339494,0
4.3939037,-2.9870851,2.4356058,0.39417481,-0.88116944,0.26108727,0
3.2154851,0.12434435,1.5578227,-0.16394821,0.21211123,0.96339494,0
0.043025494,5.1053772,-1.9849949,-0.39417481,0.88116944,-0.26108727,0
1.8053925,1.3310206,-1.02381,0.16394821,-0.21211123,-0.96339494,0
4.2425647,2.7627587,-0.064593315,0.90429366,0.42255086,0.060857296,0
-6.0619445,1.3358307,-1.3585453,-0.90429366,-0.42255086,-0.060857296,0
0.37027502,1.0846007,-1.2137806,0.16394821,-0.21211123,-0.96339494,0
-3.935708,2.4576094,-2.2488582,0.16394821,-0.21211123,-0.96339494,0
6.3324757,-1.9161242,1.3678207,0.90429366,0.42255086,0.060857296,0
2.065846,-3.609077,2.1841688,-0.16394821,0.21211123,0.96339494,0
-0.8156023,2.7404811,0.29582536,-0.16394821,0.21211123,0.96339494,0
-3.6177268,-4.2526674,1.1248596,-0.90429366,-0.42255086,-0.060857296,0
6.3201847,-2.5617623,0.96287584,0.39417481,-0.88116944,0.26108727,0
2.2396812,-4.0848594,1.9829389,0.39417481,-0.88116944,0.26108727,0
-5.3281813,2.6962729,-2.0065761,-0.39417481,0.88116944,-0.26108727,0
-5.7688432,0.82640529,-2.1767173,-0.90429366,-0.42255086,-0.060857296,0
3.6109498,4.1096983,-0.031479836,0.90429366,0.42255086,0.060857296,0
-1.3588934,4.4914861,-1.9403392,-0.39417481,0.88116944,-0.26108727,0
-1.0494766,4.8210869,-1.2950773,-0.39417481,0.88116944,-0.26108727,0
-4.3083448,-2.6337922,0.14658356,-0.90429366,-0.42255086,-0.060857296,0
0.008358717,-2.0551302,-0.58409429,0.16394821,-0.21211123,-0.96339494,0
-2.6769905,-6.2820115,1.2365873,-0.90429366,-0.42255086,-0.060857296,0
2.7124455,1.6738479,1.1310613,-0.16394821,0.21211123,0.96339494,0
0.79460716,2.3192716,-1.4134067,0.16394821,-0.21211123,-0.96339494,0
3.9032228,3.3659368,0.78972316,0.90429366,0.42255086,0.060857296,0
2.6639633,6.180418,-0.33761072,0.90429366,0.42255086,0.060857296,0
3.5026398,4.3918409,-0.38108253,0.90429366,0.42255086,0.060857296,0
2.5899465,-2.3227236,1.9901421,-0.16394821,0.21211123,0.96339494,0
-1.5349226,-5.8950644,1.5721825,0.39417481,-0.88116944,0.26108727,0
-5.7661819,0.65261269,-1.0095682,-0.90429366,-0.42255086,-0.060857296,0
4.0323644,0.6577003,-0.49658394,0.16394821,-0.21211123,-0.96339494,0
1.7099848,6.158515,-0.94733763,-0.39417481,0.88116944,-0.26108727,0
-1.2356883,0.65617335,0.68323946,-0.16394821,0.21211123,0.96339494,0
-4.7544641,-1.4776751,-1.2516928,-0.90429366,-0.42255086,-0.060857296,0
0.43018103,5.3159113,-1.8589494,-0.39417481,0.88116944,-0.26108727,0
-5.7545962,0.58192873,-0.69094229,-0.90429366,-0.42255086,-0.060857296,0
-2.3276911,4.222517,-1.3854744,-0.39417481,0.88116944,-0.26108727,0
3.4200351,4.5438657,-0.20919561,0.90429366,0.42255086,0.060857296,0
0.6519475,-4.9494262,1.462098,0.39417481,-0.88116944,0.26108727,0
-1.1727777,-5.292582,-0.072305679,0.16394821,-0.21211123,-0.96339494,0
-3.2949107,-4.8799701,0.68360901,-0.90429366,-0.42255086,-0.060857296,0
-4.192524,0.38211966,0.24039078,-0.16394821,0.21211123,0.96339494,0
3.9097023,-3.2965431,2.1222036,0.39417481,-0.88116944,0.26108727,0
-2.809113,1.9627137,-1.9481759,0.16394821,-0.21211123,-0.96339494,0
-0.20114151,-0.61508113,-0.93680298,0.16394821,-0.21211123,-0.96339494,0
-2.6221342,-6.2803283,0.40977073,-0.90429366,-0.42255086,-0.060857296,0
3.9789608,-3.5398266,1.1965594,0.39417481,-0.88116944,0.26108727,0
1.9640665,-4.5791364,0.73086405,0.39417481,-0.88116944,0.26108727,0
-5.5173521,2.8550434,-1.1851249,-0.39417481,0.88116944,-0.26108727,0
-4.647089,3.0309842,-1.9052005,-0.39417481,0.88116944,-0.26108727,0
-4.2478456,-2.6868436,-0.38404036,-0.90429366,-0.42255086,-0.060857296,0
-3.9895644,-1.7228377,0.73837924,-0.16394821,0.21211123,0.96339494,0
3.8954949,1.4774832,1.3756237,-0.16394821,0.21211123,0.96339494,0
4.1970081,-3.1835003,2.0699646,0.39417481,-0.88116944,0.26108727,0
-3.7261534,-3.8090832,-0.34393883,-0.90429366,-0.42255086,-0.060857296,0
-4.7520552,-1.5278238,-0.93929529,-0.90429366,-0.42255086,-0.060857296,0
3.3144884,-3.7579019,1.4637389,0.39417481,-0.88116944,0.26108727,0
1.0934758,6.0987043,-0.21842605,-0.39417481,0.88116944,-0.26108727,0
-6.3864288,2.0441413,-1.4549761,-0.90429366,-0.42255086,-0.060857296,0
-4.0225344,-3.3281937,0.72109485,-0.90429366,-0.42255086,-0.060857296,0
-3.5115619,2.2566583,-2.1324348,0.16394821,-0.21211123,-0.96339494,0
0.45586729,5.2633543,-2.0751071,-0.39417481,0.88116944,-0.26108727,0
-4.6891069,3.0133173,-1.9013901,-0.39417481,0.88116944,-0.26108727,0
-6.3562512,2.2308295,-2.0253248,-0.39417481,0.88116944,-0.26108727,0
-4.8317375,-1.3658463,-0.87993956,-0.90429366,-0.42255086,-0.060857296,0
1.7354069,6.0535102,-1.340109,-0.39417481,0.88116944,-0.26108727,0
0.16131294,-1.6873738,-0.63903403,0.16394821,-0.21211123,-0.96339494,0
-2.8562341,-5.8018007,0.56575823,-0.90429366,-0.42255086,-0.060857296,0
5.3550138,0.29224181,0.55880499,0.90429366,0.42255086,0.060857296,0
3.8067083,-3.4740553,1.6785955,0.39417481,-0.88116944,0.26108727,0
2.444097,-2.8506119,0.0055556297,0.16394821,-0.21211123,-0.96339494,0
-2.8067255,-5.9836545,1.0927706,-0.90429366,-0.42255086,-0.060857296,0
1.8908076,5.9379106,-1.9648724,-0.39417481,0.88116944,-0.26108727,0
2.948081,5.7251401,-1.3982565,0.90429366,0.42255086,0.060857296,0
2.1027844,2.1118469,0.93087637,-0.16394821,0.21211123,0.96339494,0
-2.9751148,-2.0111432,-1.1014996,0.16394821,-0.21211123,-0.96339494,0
3.9938207,3.2920172,-0.043241978,0.90429366,0.42255086,0.060857296,0
4.695384,1.6969523,0.60706902,0.90429366,0.42255086,0.060857296,0
1.6589828,5.8817811,-1.8043115,-0.39417481,0.88116944,-0.26108727,0
2.1687856,-4.4125757,0.98393261,0.39417481,-0.88116944,0.26108727,0
-0.40650654,5.0570536,-1.4694099,-0.39417481,0.88116944,-0.26108727,0
-5.2264566,-0.60557318,-0.29351234,-0.90429366,-0.42255086,-0.060857296,0
3.612195,4.0678792,0.2403748,0.90429366,0.42255086,0.060857296,0
-6.3568177,1.9358194,-1.1428618,-0.90429366,-0.42255086,-0.060857296,0
-0.14800692,-5.5695581,0.57687867,0.39417481,-0.88116944,0.26108727,0
-5.6788921,0.40559793,-0.59153175,-0.90429366,-0.42255086,-0.060857296,0
-3.1803055,3.6994152,-1.8637128,-0.39417481,0.88116944,-0.26108727,0
4.2121406,-1.7832576,0.071437359,0.16394821,-0.21211123,-0.96339494,0
4.059319,1.4587526,-0.668365,0.16394821,-0.21211123,-0.96339494,0
-0.15201759,-5.5951867,0.49643898,0.39417481,-0.88116944,0.26108727,0
1.0510499,0.60790896,-0.99297422,0.16394821,-0.21211123,-0.96339494,0
-1.9437017,-0.99954265,-1.1487004,0.16394821,-0.21211123,-0.96339494,0
6.0423894,-1.5044537,0.32151985,0.16394821,-0.21211123,-0.96339494,0
3.5799468,2.8023677,-1.0457683,0.16394821,-0.21211123,-0.96339494,0
-5.2171969,2.7950253,-1.8408456,-0.39417481,0.88116944,-0.26108727,0
3.0993216,5.165288,0.24164867,0.90429366,0.42255086,0.060857296,0
-4.2353792,-2.6489964,-0.83206749,-0.90429366,-0.42255086,-0.060857296,0
-1.6132306,-0.13968927,-1.2817762,0.16394821,-0.21211123,-0.96339494,0
3.569139,-0.1557402,1.679673,-0.16394821,0.21211123,0.96339494,0
2.761035,5.8985319,0.17718887,0.90429366,0.42255086,0.060857296,0
2.2351265,-4.2885275,0.28657985,0.16394821,-0.21211123,-0.96339494,0
-6.2231236,2.6006284,-0.97824478,-0.39417481,0.88116944,-0.26108727,0
-2.533236,-2.7512822,1.2126474,-0.16394821,0.21211123,0.96339494,0
-4.9647021,-1.2130592,0.034974098,-0.90429366,-0.42255086,-0.060857296,0
-4.5031147,-2.0403202,-1.0799441,-0.90429366,-0.42255086,-0.060857296,0
-5.5341592,0.0092954636,0.009496212,-0.90429366,-0.42255086,-0.060857296,0
-1.4699955,1.0412974,0.55857265,-0.16394821,0.21211123,0.96339494,0
-6.2969484,1.7021432,-0.40999556,-0.90429366,-0.42255086,-0.060857296,0
-3.890161,3.6770577,-0.43360186,-0.16394821,0.21211123,0.96339494,0
-0.8381114,-5.4336734,2.0773716,0.39417481,-0.88116944,0.26108727,0
-3.4501958,-4.4253559,-0.16549468,-0.90429366,-0.42255086,-0.060857296,0
6.1581788,-1.406662,0.42038488,0.90429366,0.42255086,0.060857296,0
0.90947151,-5.0350237,0.7844106,0.39417481,-0.88116944,0.26108727,0
6.1825361,-2.4949841,1.3960686,0.39417481,-0.88116944,0.26108727,0
0.17972267,-0.53910398,-0.88871634,0.16394821,-0.21211123,-0.96339494,0
-0.73687744,-5.5722022,1.4570005,0.39417481,-0.88116944,0.26108727,0
-5.7533498,0.53551841,-0.38722849,-0.90429366,-0.42255086,-0.060857296,0
6.1644106,-1.6374484,1.930212,0.90429366,0.42255086,0.060857296,0
4.0770178,-3.3171909,1.7999129,0.39417481,-0.88116944,0.26108727,0
3.4131029,-2.1002507,2.081243,-0.16394821,0.21211123,0.96339494,0
6.3197527,-2.3415704,1.7066774,0.39417481,-0.88116944,0.26108727,0
-3.7650719,-1.3852189,0.70224929,-0.16394821,0.21211123,0.96339494,0
4.5566783,2.0727737,0.058691025,0.90429366,0.42255086,0.060857296,0
0.47021866,5.6371784,-0.83511811,-0.39417481,0.88116944,-0.26108727,0
-2.9013302,0.080822468,0.52645993,-0.16394821,0.21211123,0.96339494,0
3.1687143,3.2266583,-1.2091668,0.16394821,-0.21211123,-0.96339494,0
3.6993814,-3.463356,1.8767397,0.39417481,-0.88116944,0.26108727,0
3.4251568,-1.4091877,1.9311428,-0.16394821,0.21211123,0.96339494,0
-2.5349283,4.226903,-1.0577955,-0.39417481,0.88116944,-0.26108727,0
2.6263971,-4.1551757,1.1617801,0.39417481,-0.88116944,0.26108727,0
-1.3796101,-6.0476522,0.822716,0.39417481,-0.88116944,0.26108727,0
4.2172637,2.7518167,0.38733864,0.90429366,0.42255086,0.060857296,0
3.4085565,4.7135921,-1.2170894,0.90429366,0.42255086,0.060857296,0
4.687459,1.6517524,1.0386753,0.90429366,0.42255086,0.060857296,0
0.82767963,-4.47331,2.1637397,-0.16394821,0.21211123,0.96339494,0
-2.7623117,-5.9187064,-0.01814723,-0.90429366,-0.42255086,-0.060857296,0
3.2902794,0.39547825,1.5108552,-0.16394821,0.21211123,0.96339494,0
-6.3624353,2.3454156,-1.6292596,-0.39417481,0.88116944,-0.26108727,0
1.8537723,-0.3784675,1.4367937,-0.16394821,0.21211123,0.96339494,0
-2.1243429,-6.0502748,1.9382211,0.39417481,-0.88116944,0.26108727,0
1.4190612,-4.7741456,0.89552617,0.39417481,-0.88116944,0.26108727,0
4.1396956,3.0760512,-1.0107682,0.16394821,-0.21211123,-0.96339494,0
0.98359156,5.535244,-1.9542071,-0.39417481,0.88116944,-0.26108727,0
3.1449475,5.2687998,-1.1550305,0.90429366,0.42255086,0.060857296,0
-2.1311285,-1.2239758,0.94480884,-0.16394821,0.21211123,0.96339494,0
-3.2619562,3.6736526,-1.8273897,-0.39417481,0.88116944,-0.26108727,0
6.3526688,-2.0471954,1.9778209,0.90429366,0.42255086,0.060857296,0
-0.72524929,-5.6899352,1.0420948,0.39417481,-0.88116944,0.26108727,0
2.4282875,-4.0995283,1.648685,0.39417481,-0.88116944,0.26108727,0
2.2381468,-4.3931966,0.9446187,0.39417481,-0.88116944,0.26108727,0
4.9596329,-2.9977834,1.5453916,0.39417481,-0.88116944,0.26108727,0
1.5411649,-4.3993869,1.975991,0.39417481,-0.88116944,0.26108727,0
2.1389341,-4.1363988,1.9610974,0.39417481,-0.88116944,0.26108727,0
-6.2098513,1.6921495,-1.6347914,-0.90429366,-0.42255086,-0.060857296,0
5.0492277,-2.7746952,2.1630478,0.39417481,-0.88116944,0.26108727,0
6.1017041,-1.3053558,0.55615377,0.90429366,0.42255086,0.060857296,0
4.5737615,2.1049047,-0.41824627,0.90429366,0.42255086,0.060857296,0
0.2220366,2.2198043,-1.4889457,0.16394821,-0.21211123,-0.96339494,0
-4.0582442,3.1777573,-0.35227489,-0.16394821,0.21211123,0.96339494,0
-0.50870609,3.0213995,-1.7897896,0.16394821,-0.21211123,-0.96339494,0
-4.9724994,0.95774579,-0.019079685,-0.16394821,0.21211123,0.96339494,0
-3.3319139,-4.9108095,1.4475815,-0.90429366,-0.42255086,-0.060857296,0
2.2168415,1.7391572,1.0323416,-0.16394821,0.21211123,0.96339494,0
-0.085071087,5.4186606,-0.73426986,-0.39417481,0.88116944,-0.26108727,0
5.8387542,-0.84762144,1.2852111,0.90429366,0.42255086,0.060857296,0
-5.9861608,1.1057971,-0.88745213,-0.90429366,-0.42255086,-0.060857296,0
-0.90399981,-5.5178347,1.8928016,0.39417481,-0.88116944,0.26108727,0
3.0261307,3.4030657,0.80372095,-0.16394821,0.21211123,0.96339494,0
-5.1118298,-0.90773249,0.10120201,-0.90429366,-0.42255086,-0.060857296,0
5.8950005,-1.0209041,1.6525812,0.90429366,0.42255086,0.060857296,0
-1.9953146,4.20543,-1.9449465,-0.39417481,0.88116944,-0.26108727,0
6.2784538,-1.8601069,1.7815962,0.90429366,0.42255086,0.060857296,0
-2.5261705,-2.2021656,1.0929501,-0.16394821,0.21211123,0.96339494,0
1.8493505,6.0422158,-1.5502512,-0.39417481,0.88116944,-0.26108727,0
-1.877831,-6.1990628,1.0638913,0.39417481,-0.88116944,0.26108727,0
5.8290439,-2.5291321,1.8145018,0.39417481,-0.88116944,0.26108727,0
-6.1135054,1.3437076,-0.64708948,-0.90429366,-0.42255086,-0.060857296,0
-1.972271,4.2731981,-1.7510176,-0.39417481,0.88116944,-0.26108727,0
-1.4770713,-6.1490002,0.62780976,0.39417481,-0.88116944,0.26108727,0
-2.286144,-0.96856785,-1.2137963,0.16394821,-0.21211123,-0.96339494,0
-2.6737027,4.0037136,-1.6015458,-0.39417481,0.88116944,-0.26108727,0
0.26474118,-1.7300464,1.4639541,-0.16394821,0.21211123,0.96339494,0
1.1807694,5.6908941,-1.7265776,-0.39417481,0.88116944,-0.26108727,0
-5.6901121,0.62966001,-1.9805446,-0.90429366,-0.42255086,-0.060857296,0
2.8649244,-4.1586008,0.79010725,0.39417481,-0.88116944,0.26108727,0
-2.9639485,-5.5069065,0.11877251,-0.90429366,-0.42255086,-0.060857296,0
3.7376328,3.9908576,-1.0887439,0.90429366,0.42255086,0.060857296,0
-3.2132921,3.8447344,-1.3234591,-0.39417481,0.88116944,-0.26108727,0
2.3447366,-1.7830763,-0.2463932,0.16394821,-0.21211123,-0.96339494,0
-4.1914101,1.4989886,-2.0813131,0.16394821,-0.21211123,-0.96339494,0
1.60969,-2.6779866,1.9015429,-0.16394821,0.21211123,0.96339494,0
1.2194409,5.4996705,0.034651995,-0.16394821,0.21211123,0.96339494,0
-2.3445902,-6.4993711,0.75503993,0.39417481,-0.88116944,0.26108727,0
1.0306878,6.0871334,-0.16268349,-0.39417481,0.88116944,-0.26108727,0
-6.0067949,2.5268784,-1.5537481,-0.39417481,0.88116944,-0.26108727,0
-4.7151093,2.9017551,-2.2386541,-0.39417481,0.88116944,-0.26108727,0
2.9963536,3.2991884,0.82152438,-0.16394821,0.21211123,0.96339494,0
1.2735581,-4.247376,2.1898739,-0.16394821,0.21211123,0.96339494,0
3.7092595,-3.3757863,2.1573751,0.39417481,-0.88116944,0.26108727,0
2.377768,-4.0157499,2.0077093,0.39417481,-0.88116944,0.26108727,0
3.4539769,-2.7802711,2.2379191,-0.16394821,0.21211123,0.96339494,0
0.38166082,2.5148685,0.54924607,-0.16394821,0.21211123,0.96339494,0
-5.7069058,0.64497352,-0.075196266,-0.16394821,0.21211123,0.96339494,0
3.5239549,4.1903071,0.70150232,0.90429366,0.42255086,0.060857296,0
-5.388381,-0.17645621,-0.86692333,-0.90429366,-0.42255086,-0.060857296,0
1.6618462,-0.90451276,1.5199521,-0.16394821,0.21211123,0.96339494,0
6.0668449,-1.2716429,0.84006166,0.90429366,0.42255086,0.060857296,0
0.1208396,-5.2281461,0.13365211,0.16394821,-0.21211123,-0.96339494,0
-2.0468214,-3.3857245,-0.64088225,0.16394821,-0.21211123,-0.96339494,0
-3.1886435,-4.9422636,-0.46292162,-0.90429366,-0.42255086,-0.060857296,0
-3.5035033,-4.2570624,-0.54190302,-0.90429366,-0.42255086,-0.060857296,0
2.873194,5.7150235,-0.21525192,0.90429366,0.42255086,0.060857296,0
-1.4662242,4.5594616,-1.5488796,-0.39417481,0.88116944,-0.26108727,0
-3.6397512,2.181438,-0.061696529,-0.16394821,0.21211123,0.96339494,0
-3.3644915,-4.8480296,1.4957573,-0.90429366,-0.42255086,-0.060857296,0
-3.8205824,3.5701561,-1.3333085,-0.39417481,0.88116944,-0.26108727,0
0.66599894,-3.4976854,1.9214213,-0.16394821,0.21211123,0.96339494,0
1.5339417,-4.5542641,1.4641867,0.39417481,-0.88116944,0.26108727,0
2.0298886,1.5220724,1.0483221,-0.16394821,0.21211123,0.96339494,0
5.7007785,-0.66453815,2.0642176,0.90429366,0.42255086,0.060857296,0
-4.3322926,3.2195566,-1.744031,-0.39417481,0.88116944,-0.26108727,0
-1.2993145,-6.0732918,0.6149562,0.39417481,-0.88116944,0.26108727,0
-1.15288,2.4206541,-1.7671468,0.16394821,-0.21211123,-0.96339494,0
5.1234946,0.82110524,0.32694769,0.90429366,0.42255086,0.060857296,0
-1.8708899,3.8068175,-0.11853695,-0.16394821,0.21211123,0.96339494,0
2.8269615,6.042666,-1.8031974,0.90429366,0.42255086,0.060857296,0
-1.1884079,-5.7982225,1.3758769,0.39417481,-0.88116944,0.26108727,0
2.0729871,1.6903117,-1.0573766,0.16394821,-0.21211123,-0.96339494,0
-5.7705889,0.74781227,-1.6050811,-0.90429366,-0.42255086,-0.060857296,0
5.5510235,-0.170892,0.86192703,0.90429366,0.42255086,0.060857296,0
4.6158276,-3.0739419,1.8074155,0.39417481,-0.88116944,0.26108727,0
-2.514497,-5.0482941,-0.35442114,0.16394821,-0.21211123,-0.96339494,0
3.3947577,1.1048771,1.3724461,-0.16394821,0.21211123,0.96339494,0
-0.4415822,-5.6817861,0.6413334,0.39417481,-0.88116944,0.26108727,0
-5.2019329,2.7921438,-1.8736129,-0.39417481,0.88116944,-0.26108727,0
-3.917382,-3.3409855,-0.75257301,-0.90429366,-0.42255086,-0.060857296,0
0.20797825,5.5605555,-0.69780588,-0.39417481,0.88116944,-0.26108727,0
-3.3840513,3.7556462,-1.3663287,-0.39417481,0.88116944,-0.26108727,0
-4.9511976,3.1597488,-1.0114932,-0.39417481,0.88116944,-0.26108727,0
3.5840874,4.2319469,-0.48113775,0.90429366,0.42255086,0.060857296,0
-4.3017654,-0.26213312,-1.7123463,0.16394821,-0.21211123,-0.96339494,0
-3.5350409,2.0206339,-2.0844646,0.16394821,-0.21211123,-0.96339494,0
2.7236145,-1.8255966,1.9034367,-0.16394821,0.21211123,0.96339494,0
2.4921417,6.5185695,-0.13236523,0.90429366,0.42255086,0.060857296,0
6.1754928,-1.5055213,0.8495183,0.90429366,0.42255086,0.060857296,0
-5.4085026,-0.16778135,-0.62816858,-0.90429366,-0.42255086,-0.060857296,0
-0.58764076,-1.9653046,-0.70529699,0.16394821,-0.21211123,-0.96339494,0
-3.3754668,-4.7910523,1.2632318,-0.90429366,-0.42255086,-0.060857296,0
0.40157866,2.4541135,-1.5099797,0.16394821,-0.21211123,-0.96339494,0
-3.1276441,3.9120789,-1.2254784,-0.39417481,0.88116944,-0.26108727,0
-6.0131865,2.7272501,-0.8678441,-0.39417481,0.88116944,-0.26108727,0
1.843822,6.4457679,-0.17991805,-0.39417481,0.88116944,-0.26108727,0
-5.2701998,2.6243033,-2.3370094,-0.39417481,0.88116944,-0.26108727,0
-2.1497293,-5.1322412,1.8021282,-0.16394821,0.21211123,0.96339494,0
-2.115545,-2.7221551,1.277316,-0.16394821,0.21211123,0.96339494,0
2.9258361,3.4783742,0.77007198,-0.16394821,0.21211123,0.96339494,0
-0.34964228,-4.327364,-0.14473902,0.16394821,-0.21211123,-0.96339494,0
0.41278517,-1.6837813,-0.59703004,0.16394821,-0.21211123,-0.96339494,0
-6.0400386,1.3738737,-1.9482026,-0.90429366,-0.42255086,-0.060857296,0
-5.2005143,-0.68226004,-0.1465373,-0.90429366,-0.42255086,-0.060857296,0
0.27322483,3.1484103,-1.6846862,0.16394821,-0.21211123,-0.96339494,0
2.9580739,-4.1974258,0.51843977,0.39417481,-0.88116944,0.26108727,0
-4.8421321,-1.45085,-0.13526964,-0.90429366,-0.42255086,-0.060857296,0
3.4427571,4.442873,0.15439916,0.90429366,0.42255086,0.060857296,0
-5.8016052,0.8806529,-2.066565,-0.90429366,-0.42255086,-0.060857296,0
4.2771044,-3.494493,0.89944029,0.39417481,-0.88116944,0.26108727,0
5.5174479,-2.9294834,0.93374681,0.39417481,-0.88116944,0.26108727,0
4.5262356,2.1849184,-0.26760626,0.90429366,0.42255086,0.060857296,0
3.7225614,4.0093021,-0.99286819,0.90429366,0.42255086,0.060857296,0
2.4965007,1.6733644,-0.98157287,0.16394821,-0.21211123,-0.96339494,0
-0.072041035,2.7872598,-1.663928,0.16394821,-0.21211123,-0.96339494,0
-2.9008942,-5.7859139,1.1190648,-0.90429366,-0.42255086,-0.060857296,0
-4.3478665,3.1777542,-1.8616009,-0.39417481,0.88116944,-0.26108727,0
3.9736288,3.0403757,-1.0311742,0.16394821,-0.21211123,-0.96339494,0
4.9124284,-2.4741249,0.34271908,0.16394821,-0.21211123,-0.96339494,0
-6.0785956,2.6146445,-1.149138,-0.39417481,0.88116944,-0.26108727,0
5.4700003,0.072426796,0.37643909,0.90429366,0.42255086,0.060857296,0
5.9158602,-1.0851911,1.7889919,0.90429366,0.42255086,0.060857296,0
-2.0006385,4.3518448,-1.4427575,-0.39417481,0.88116944,-0.26108727,0
-6.1106892,1.5730422,-2.2812743,-0.90429366,-0.42255086,-0.060857296,0
4.1591129,-0.63493305,1.8855774,-0.16394821,0.21211123,0.96339494,0
5.4070115,-1.2756133,0.16300917,0.16394821,-0.21211123,-0.96339494,0
-3.3802102,0.87010038,0.27118945,-0.16394821,0.21211123,0.96339494,0
1.5611854,5.4218559,0.1099416,-0.16394821,0.21211123,0.96339494,0
2.7101359,5.1028852,-1.7002962,0.16394821,-0.21211123,-0.96339494,0
-0.31804991,4.7701902,-0.066384375,-0.16394821,0.21211123,0.96339494,0
3.3703425,3.7000513,-1.2790813,0.16394821,-0.21211123,-0.96339494,0
-3.585144,-2.4583094,0.96913171,-0.16394821,0.21211123,0.96339494,0
-1.8307805,4.3581266,-1.6779981,-0.39417481,0.88116944,-0.26108727,0
-2.3972416,4.120223,-1.6257116,-0.39417481,0.88116944,-0.26108727,0
3.6858244,-3.7850847,0.81137419,0.39417481,-0.88116944,0.26108727,0
2.8217208,2.3644948,-1.0783942,0.16394821,-0.21211123,-0.96339494,0
-0.59252143,2.4250929,0.4032281,-0.16394821,0.21211123,0.96339494,0
1.260891,-3.8359914,2.0971437,-0.16394821,0.21211123,0.96339494,0
-0.66305315,-1.9827912,-0.71428049,0.16394821,-0.21211123,-0.96339494,0
-4.5475459,-1.9885378,-0.77926636,-0.90429366,-0.42255086,-0.060857296,0
-5.2782197,-0.27070546,-1.8494396,-0.90429366,-0.42255086,-0.060857296,0
1.2840829,-4.9108462,0.6379441,0.39417481,-0.88116944,0.26108727,0
4.8775663,1.2498578,1.0042939,0.90429366,0.42255086,0.060857296,0
-2.7880912,-5.8539386,-0.084781408,-0.90429366,-0.42255086,-0.060857296,0
3.1445196,5.2668133,-1.1348844,0.90429366,0.42255086,0.060857296,0
3.5791335,1.4265759,-0.74299741,0.16394821,-0.21211123,-0.96339494,0
2.799875,-3.5154865,0.21248698,0.16394821,-0.21211123,-0.96339494,0
-0.17315674,4.227941,0.077660263,-0.16394821,0.21211123,0.96339494,0
4.4720726,2.3672152,-0.72852468,0.90429366,0.42255086,0.060857296,0
5.7809086,-0.72057843,1.2626481,0.90429366,0.42255086,0.060857296,0
0.084477901,-5.3032408,1.1247058,0.39417481,-0.88116944,0.26108727,0
-0.96976614,1.6283314,-1.5615389,0.16394821,-0.21211123,-0.96339494,0
5.2211857,-2.6391351,0.43159294,0.16394821,-0.21211123,-0.96339494,0
2.0579367,6.5116644,-0.28077555,-0.39417481,0.88116944,-0.26108727,0
5.0569553,-3.1541581,0.87069607,0.39417481,-0.88116944,0.26108727,0
-3.3574176,3.5456686,-2.1152132,-0.39417481,0.88116944,-0.26108727,0
0.99058151,-4.6081667,2.1025975,0.39417481,-0.88116944,0.26108727,0
-3.8510334,3.4145646,-1.8124571,-0.39417481,0.88116944,-0.26108727,0
1.1915221,5.6706595,-1.8111032,-0.39417481,0.88116944,-0.26108727,0
-6.3213654,2.2631583,-1.968884,-0.39417481,0.88116944,-0.26108727,0
-1.060149,2.143429,-1.6903293,0.16394821,-0.21211123,-0.96339494,0
-4.5403795,3.0624936,-1.9599595,-0.39417481,0.88116944,-0.26108727,0
-0.62568021,-4.3794899,-0.18023807,0.16394821,-0.21211123,-0.96339494,0
-5.3922276,-0.056237817,-1.644475,-0.90429366,-0.42255086,-0.060857296,0
-1.5456939,-1.2382706,1.0475841,-0.16394821,0.21211123,0.96339494,0
0.26271081,-1.7369962,-0.61085302,0.16394821,-0.21211123,-0.96339494,0
1.0834174,-5.0168471,0.58314443,0.39417481,-0.88116944,0.26108727,0
3.7038066,-3.5536854,1.5651975,0.39417481,-0.88116944,0.26108727,0
-5.2208357,-0.64988089,-0.069391251,-0.90429366,-0.42255086,-0.060857296,0
-5.3531857,2.9759631,-1.0248704,-0.39417481,0.88116944,-0.26108727,0
1.7619729,6.109158,-1.1924051,-0.39417481,0.88116944,-0.26108727,0
-3.9688287,-3.2441401,-0.66054106,-0.90429366,-0.42255086,-0.060857296,0
-2.8393943,1.7740276,-1.9117858,0.16394821,-0.21211123,-0.96339494,0
-2.3108768,-5.5047636,-0.21926856,0.16394821,-0.21211123,-0.96339494,0
5.060111,0.91432619,0.62151623,0.90429366,0.42255086,0.060857296,0
5.0092821,-3.0164967,1.4072766,0.39417481,-0.88116944,0.26108727,0
3.2008142,5.0754981,-1.6107643,0.16394821,-0.21211123,-0.96339494,0
-1.4211283,4.7704611,-0.90484107,-0.39417481,0.88116944,-0.26108727,0
-5.5918694,0.36721373,-1.6181064,-0.90429366,-0.42255086,-0.060857296,0
3.5471451,3.9236403,-1.2982211,0.16394821,-0.21211123,-0.96339494,0
-2.8695107,4.0994744,-0.98273277,-0.39417481,0.88116944,-0.26108727,0
4.7625227,-3.3105164,0.78750467,0.39417481,-0.88116944,0.26108727,0
-5.6859035,0.45519543,-0.83171844,-0.90429366,-0.42255086,-0.060857296,0
-5.3495808,-0.33115435,-0.36935902,-0.90429366,-0.42255086,-0.060857296,0
-4.4888058,0.17735779,-1.840939,0.16394821,-0.21211123,-0.96339494,0
2.0650277,-3.5404034,0.092918396,0.16394821,-0.21211123,-0.96339494,0
-3.0035598,4.1626072,-0.56727982,-0.39417481,0.88116944,-0.26108727,0
-2.3742576,-4.9310884,1.7196306,-0.16394821,0.21211123,0.96339494,0
5.5606022,-2.9295397,0.55329275,0.16394821,-0.21211123,-0.96339494,0
-0.94023371,5.0190353,-0.79192907,-0.39417481,0.88116944,-0.26108727,0
4.2536893,2.7673035,-0.26145458,0.90429366,0.42255086,0.060857296,0
0.37016392,-1.7316338,-0.5937475,0.16394821,-0.21211123,-0.96339494,0
5.4858599,0.036346674,0.39129066,0.90429366,0.42255086,0.060857296,0
5.8913879,-2.5671268,1.5921464,0.39417481,-0.88116944,0.26108727,0
-0.49159479,5.2725039,-0.61380297,-0.39417481,0.88116944,-0.26108727,0
4.1248045,2.9133976,0.63930464,0.90429366,0.42255086,0.060857296,0
-3.3437955,-4.8050842,0.89004493,-0.90429366,-0.42255086,-0.060857296,0
4.6566472,-2.9851451,2.0454764,0.39417481,-0.88116944,0.26108727,0
1.2193179,5.1430159,-1.962836,0.16394821,-0.21211123,-0.96339494,0
5.1234684,0.75355291,0.79637194,0.90429366,0.42255086,0.060857296,0
-5.4167767,2.9167037,-1.1288662,-0.39417481,0.88116944,-0.26108727,0
-4.447372,-2.2706342,-0.30909777,-0.90429366,-0.42255086,-0.060857296,0
6.2026296,-1.7231385,1.9572783,0.90429366,0.42255086,0.060857296,0
-3.4015923,-4.543139,-0.069901705,-0.90429366,-0.42255086,-0.060857296,0
-1.8266101,-6.3858271,0.35623264,0.39417481,-0.88116944,0.26108727,0
-3.1614707,-5.197648,0.90653324,-0.90429366,-0.42255086,-0.060857296,0
-5.3372231,-0.39097381,-0.13763571,-0.90429366,-0.42255086,-0.060857296,0
-0.953578,4.9487181,-1.0091041,-0.39417481,0.88116944,-0.26108727,0
2.5855083,-4.0368071,1.6230059,0.39417481,-0.88116944,0.26108727,0
-4.8510728,-1.5046203,0.37092304,-0.90429366,-0.42255086,-0.060857296,0
3.2517593,-4.0507693,0.57001662,0.39417481,-0.88116944,0.26108727,0
-5.0479794,1.8985993,-2.3150644,0.16394821,-0.21211123,-0.96339494,0
-1.8331017,-4.0033827,-0.46852195,0.16394821,-0.21211123,-0.96339494,0
0.95507336,-4.7191858,1.7815163,0.39417481,-0.88116944,0.26108727,0
1.1569178,-1.7171431,1.6129417,-0.16394821,0.21211123,0.96339494,0
1.8338412,0.26337138,1.292088,-0.16394821,0.21211123,0.96339494,0
-3.8944175,-3.4726267,-0.17978716,-0.90429366,-0.42255086,-0.060857296,0
2.4698348,6.55053,-0.022806168,0.90429366,0.42255086,0.060857296,0
3.1106553,-3.921701,1.2186522,0.39417481,-0.88116944,0.26108727,0
-4.9923058,3.0906825,-1.1825294,-0.39417481,0.88116944,-0.26108727,0
-1.9446747,-1.5997752,-1.0167128,0.16394821,-0.21211123,-0.96339494,0
-3.9567688,-3.2754157,-0.62258458,-0.90429366,-0.42255086,-0.060857296,0
-5.5946035,0.31437683,-1.210619,-0.90429366,-0.42255086,-0.060857296,0
-4.6696491,2.6630511,-0.34299946,-0.16394821,0.21211123,0.96339494,0
5.1732659,0.67137861,0.62697649,0.90429366,0.42255086,0.060857296,0
-5.8919892,0.83789897,-0.42666769,-0.90429366,-0.42255086,-0.060857296,0
2.8787551,5.8719168,-1.3872428,0.90429366,0.42255086,0.060857296,0
3.0716419,5.4467578,-1.301389,0.90429366,0.42255086,0.060857296,0
-0.91767836,4.876195,-1.3080685,-0.39417481,0.88116944,-0.26108727,0
-2.5439334,0.21666777,0.55737138,-0.16394821,0.21211123,0.96339494,0
3.794333,3.6626804,0.34735966,0.90429366,0.42255086,0.060857296,0
-2.6048214,-3.1063983,-0.79734063,0.16394821,-0.21211123,-0.96339494,0
4.9261336,-1.190681,2.1384664,-0.16394821,0.21211123,0.96339494,0
1.1965036,5.6563973,-1.8667586,-0.39417481,0.88116944,-0.26108727,0
4.7939906,1.6039774,-0.21259069,0.90429366,0.42255086,0.060857296,0
4.9312344,1.0448276,1.6304164,0.90429366,0.42255086,0.060857296,0
5.7350297,-2.3945372,2.410696,0.39417481,-0.88116944,0.26108727,0
1.2628765,4.9646978,0.15982878,-0.16394821,0.21211123,0.96339494,0
-0.055150986,-5.1728711,1.7755089,0.39417481,-0.88116944,0.26108727,0
-4.1053185,-3.1641083,0.8119092,-0.90429366,-0.42255086,-0.060857296,0
-1.3267035,4.4668698,-2.0720184,-0.39417481,0.88116944,-0.26108727,0
1.8450842,5.9333382,-1.9112748,-0.39417481,0.88116944,-0.26108727,0
-1.9934187,-6.4272137,0.4683913,0.39417481,-0.88116944,0.26108727,0
3.5856676,4.3116798,-1.0582249,0.90429366,0.42255086,0.060857296,0
4.4327793,2.2765808,0.48464394,0.90429366,0.42255086,0.060857296,0
-5.4997454,-0.0699296,0.048213959,-0.90429366,-0.42255086,-0.060857296,0
2.4160109,4.3136916,0.49939895,-0.16394821,0.21211123,0.96339494,0
-2.8531036,-5.9310656,1.416774,-0.90429366,-0.42255086,-0.060857296,0
-4.6832061,-1.781603,-0.20027304,-0.90429366,-0.42255086,-0.060857296,0
3.8220737,2.8601704,-1.0172899,0.16394821,-0.21211123,-0.96339494,0
-2.3321157,-6.0689054,1.977316,-0.16394821,0.21211123,0.96339494,0
6.1188545,-1.3352907,0.50915909,0.90429366,0.42255086,0.060857296,0
-1.4082472,-1.663547,1.1646078,-0.16394821,0.21211123,0.96339494,0
-3.8204517,-1.6760303,-1.3191385,0.16394821,-0.21211123,-0.96339494,0
0.84155858,0.44572437,-0.99291694,0.16394821,-0.21211123,-0.96339494,0
0.080489159,-5.1728563,1.5707779,0.39417481,-0.88116944,0.26108727,0
-5.481524,1.5922413,-0.24540138,-0.16394821,0.21211123,0.96339494,0
-5.0441208,2.214782,-2.3840222,0.16394821,-0.21211123,-0.96339494,0
-6.049283,1.2545404,-0.9822669,-0.90429366,-0.42255086,-0.060857296,0
6.2467914,-1.6773837,0.98336554,0.90429366,0.42255086,0.060857296,0
-3.7711697,3.3786774,-2.0541492,-0.39417481,0.88116944,-0.26108727,0
1.1123629,-4.6153803,1.8943944,0.39417481,-0.88116944,0.26108727,0
4.8516226,1.2834224,1.156754,0.90429366,0.42255086,0.060857296,0
0.62347841,-5.3227501,0.24511182,0.39417481,-0.88116944,0.26108727,0
2.4126163,3.6816072,-1.4380038,0.16394821,-0.21211123,-0.96339494,0
5.9077473,-1.0067508,1.3649068,0.90429366,0.42255086,0.060857296,0
-0.41859633,-0.64034152,-0.96824723,0.16394821,-0.21211123,-0.96339494,0
-5.3972778,-0.11952281,-1.130034,-0.90429366,-0.42255086,-0.060857296,0
-3.3797855,1.5368712,0.12445831,-0.16394821,0.21211123,0.96339494,0
0.56078672,-5.1238952,1.0108955,0.39417481,-0.88116944,0.26108727,0
-1.9296012,4.6074448,-0.30480266,-0.16394821,0.21211123,0.96339494,0
4.069335,3.1697462,-0.31637144,0.90429366,0.42255086,0.060857296,0
2.5497482,0.056578964,1.4594488,-0.16394821,0.21211123,0.96339494,0
4.7762752,1.4677047,0.99683046,0.90429366,0.42255086,0.060857296,0
-1.882905,4.4696827,-1.2228024,-0.39417481,0.88116944,-0.26108727,0
-0.49768734,4.9513583,-1.6884699,-0.39417481,0.88116944,-0.26108727,0
-3.4731984,-4.3447599,-0.38329577,-0.90429366,-0.42255086,-0.060857296,0
5.3765306,-2.9036126,1.233808,0.39417481,-0.88116944,0.26108727,0
1.1997863,0.8062675,-1.0113354,0.16394821,-0.21211123,-0.96339494,0
5.0272427,1.1260097,-0.35986853,0.90429366,0.42255086,0.060857296,0
4.4628654,2.3907475,-0.75510597,0.90429366,0.42255086,0.060857296,0
-0.39170647,4.724164,-2.1447773,0.16394821,-0.21211123,-0.96339494,0
-5.8595252,1.1523082,-0.21286821,-0.16394821,0.21211123,0.96339494,0
1.366231,-4.6976061,1.2336071,0.39417481,-0.88116944,0.26108727,0
-4.5301313,-2.2391095,0.7017622,-0.90429366,-0.42255086,-0.060857296,0
-1.5659657,-3.0782309,-0.62675238,0.16394821,-0.21211123,-0.96339494,0
-5.3737459,-0.20397687,-0.89330864,-0.90429366,-0.42255086,-0.060857296,0
-4.854507,-1.4714534,0.19166327,-0.90429366,-0.42255086,-0.060857296,0
0.83289146,-4.7749672,1.7777172,0.39417481,-0.88116944,0.26108727,0
3.4219542,-0.59834105,1.7520728,-0.16394821,0.21211123,0.96339494,0
-3.199955,3.5959439,-2.1832614,-0.39417481,0.88116944,-0.26108727,0
-3.4237342,3.6898475,-1.5284877,-0.39417481,0.88116944,-0.26108727,0
-2.9549694,-5.514297,0.036664248,-0.90429366,-0.42255086,-0.060857296,0
3.3881059,-3.705873,1.5281935,0.39417481,-0.88116944,0.26108727,0
3.6780834,4.1148334,-1.0646935,0.90429366,0.42255086,0.060857296,0
-2.5932274,4.0784297,-1.4708753,-0.39417481,0.88116944,-0.26108727,0
-1.3222728,-5.7819552,1.632879,0.39417481,-0.88116944,0.26108727,0
3.8808794,-3.64838,0.97826958,0.39417481,-0.88116944,0.26108727,0
-0.45674014,0.79343569,-1.2904141,0.16394821,-0.21211123,-0.96339494,0
-5.0510168,-1.0064707,-0.1168642,-0.90429366,-0.42255086,-0.060857296,0
-5.1829662,-0.73991227,-0.0069909096,-0.90429366,-0.42255086,-0.060857296,0
3.8486936,3.6850474,-0.61569548,0.90429366,0.42255086,0.060857296,0
4.9849858,1.1048667,0.41484022,0.90429366,0.42255086,0.060857296,0
-3.1336064,-5.3615689,1.6306415,-0.90429366,-0.42255086,-0.060857296,0
0.089553356,5.2297673,-1.6354234,-0.39417481,0.88116944,-0.26108727,0
-5.0455427,2.9012764,-1.7414012,-0.39417481,0.88116944,-0.26108727,0
3.2136407,3.6624341,-1.2974663,0.16394821,-0.21211123,-0.96339494,0
4.3587003,2.5681314,-0.43892479,0.90429366,0.42255086,0.060857296,0
5.4547291,-0.073959827,1.6197624,0.90429366,0.42255086,0.060857296,0
1.485209,-4.7535934,0.86502326,0.39417481,-0.88116944,0.26108727,0
-2.2340746,-5.1656313,-0.28086567,0.16394821,-0.21211123,-0.96339494,0
3.213969,-0.50284338,-0.38033891,0.16394821,-0.21211123,-0.96339494,0
-1.2527466,-5.6958098,1.8186526,0.39417481,-0.88116944,0.26108727,0
-2.6204123,-0.025303602,0.59763122,-0.16394821,0.21211123,0.96339494,0
-1.8929195,4.7052078,-0.41278672,-0.39417481,0.88116944,-0.26108727,0
-4.4472623,-2.4045017,0.61875677,-0.90429366,-0.42255086,-0.060857296,0
1.5997436,-0.36930409,1.3915465,-0.16394821,0.21211123,0.96339494,0
-2.2609787,-2.038569,-0.97393119,0.16394821,-0.21211123,-0.96339494,0
5.7060299,-0.51667356,0.95951986,0.90429366,0.42255086,0.060857296,0
-4.4332867,-2.3810389,0.2481823,-0.90429366,-0.42255086,-0.060857296,0
3.659904,1.0318844,-0.64235234,0.16394821,-0.21211123,-0.96339494,0
-4.5351992,3.0987272,-1.8454933,-0.39417481,0.88116944,-0.26108727,0
