3.771867,-2.2687523,0.35061729,0.9863838,-0.10343152,0.12786292,0
2.7679195,-4.7985406,0.87988472,-0.11003809,-0.99287564,0.045714259,0
-2.8207698,-4.2642708,-0.96865773,-0.11003809,-0.99287564,0.045714259,0
-3.4377646,4.1125345,-1.4365299,-0.9863838,0.10343152,-0.12786292,0
3.9857421,0.67427897,1.0813943,0.9863838,-0.10343152,0.12786292,0
-0.96741068,4.6319909,-0.1632452,0.11003809,0.99287564,-0.045714259,0
-3.3507979,4.8606811,-0.93329573,0.11003809,0.99287564,-0.045714259,0
4.1954937,0.80838346,-0.42823005,0.9863838,-0.10343152,0.12786292,0
1.9421164,-4.7416,0.12881041,-0.11003809,-0.99287564,0.045714259,0
-1.9349437,-1.5059516,0.8605696,-0.12222365,0.059161544,0.99073786,0
-0.71273166,-4.4849629,-0.68768048,-0.11003809,-0.99287564,0.045714259,0
-4.5422683,-3.8884387,0.61184835,-0.9863838,0.10343152,-0.12786292,0
4.1566634,2.5019526,1.2412932,0.9863838,-0.10343152,0.12786292,0
3.4055114,1.5008302,1.3398528,-0.12222365,0.059161544,0.99073786,0
4.2676744,3.0866997,0.85792899,0.9863838,-0.10343152,0.12786292,0
3.5455966,4.1415758,0.048544407,0.11003809,0.99287564,-0.045714259,0
1.6807603,0.32907224,-0.82165021,0.12222365,-0.059161544,-0.99073786,0
-3.8472848,0.41926867,-1.2649096,-0.9863838,0.10343152,-0.12786292,0
1.516011,4.3420968,-0.48169041,0.11003809,0.99287564,-0.045714259,0
-3.4406588,-4.1505666,0.0087690353,-0.11003809,-0.99287564,0.045714259,0
0.19631018,3.9923749,-1.2235341,0.12222365,-0.059161544,-0.99073786,0
4.4285569,3.9037795,0.27777267,0.9863838,-0.10343152,0.12786292,0
3.5872345,-4.4911728,-0.022827148,0.9863838,-0.10343152,0.12786292,0
3.4884341,-3.7080479,1.3728476,0.9863838,-0.10343152,0.12786292,0
1.2477924,-1.3422709,-0.77526021,0.12222365,-0.059161544,-0.99073786,0
3.8485856,-0.49182642,1.1961807,0.9863838,-0.10343152,0.12786292,0
0.69851243,-4.6206264,-0.23720551,-0.11003809,-0.99287564,0.045714259,0
2.1327169,-4.7598085,0.19213963,-0.11003809,-0.99287564,0.045714259,0
-1.6270401,-4.3078089,0.95913839,-0.11003809,-0.99287564,0.045714259,0
-1.927345,4.0749006,0.52824807,-0.12222365,0.059161544,0.99073786,0
1.8999408,-0.42171115,1.2689199,-0.12222365,0.059161544,0.99073786,0
-0.64841747,4.5241141,0.65919995,-0.12222365,0.059161544,0.99073786,0
-3.7130558,3.6078744,0.27893877,-0.9863838,0.10343152,-0.12786292,0
2.3476729,4.2658873,1.0442369,-0.12222365,0.059161544,0.99073786,0
-4.1893616,-1.0199156,0.20981252,-0.9863838,0.10343152,-0.12786292,0
-3.2926285,4.8658319,-0.68139601,0.11003809,0.99287564,-0.045714259,0
-3.6329594,3.5607288,-0.37709284,-0.9863838,0.10343152,-0.12786292,0
0.96512222,-4.576829,1.3558006,-0.11003809,-0.99287564,0.045714259,0
-3.7344184,1.7457674,-1.0625671,-0.9863838,0.10343152,-0.12786292,0
3.9770999,-1.048438,-0.24548569,0.9863838,-0.10343152,0.12786292,0
0.66565025,1.4587338,-1.014338,0.12222365,-0.059161544,-0.99073786,0
-4.1685534,-4.0644107,0.12790108,-0.11003809,-0.99287564,0.045714259,0
0.3553389,-1.6175628,-0.86891985,0.12222365,-0.059161544,-0.99073786,0
-4.3223147,-4.0739803,-0.45005417,-0.11003809,-0.99287564,0.045714259,0
4.2298932,1.7979759,0.10690546,0.9863838,-0.10343152,0.12786292,0
-3.6724029,2.4404399,-0.97903943,-0.9863838,0.10343152,-0.12786292,0
-4.423429,-3.2269306,0.2301867,-0.9863838,0.10343152,-0.12786292,0
3.8430297,-1.410012,0.49629897,0.9863838,-0.10343152,0.12786292,0
0.19871524,4.5328202,0.48982,0.11003809,0.99287564,-0.045714259,0
-1.1993072,-4.3506413,1.0584393,-0.11003809,-0.99287564,0.045714259,0
3.941123,-0.56144166,0.42599869,0.9863838,-0.10343152,0.12786292,0
-3.787894,-0.16020501,-1.4670808,0.12222365,-0.059161544,-0.99073786,0
-3.5766892,3.9318748,-0.51095295,-0.9863838,0.10343152,-0.12786292,0
-3.5204217,3.7865112,-1.0626099,-0.9863838,0.10343152,-0.12786292,0
-3.23931,4.8565292,-0.75510311,0.11003809,0.99287564,-0.045714259,0
-1.2300415,-4.3650036,0.67252398,-0.11003809,-0.99287564,0.045714259,0
-1.6659656,-0.39450875,0.82738286,-0.12222365,0.059161544,0.99073786,0
-1.4869016,-4.4068289,-0.85416985,-0.11003809,-0.99287564,0.045714259,0
-0.42035291,4.5649714,-0.30203295,0.11003809,0.99287564,-0.045714259,0
1.4208324,-4.6284018,1.3326254,-0.11003809,-0.99287564,0.045714259,0
-3.8840184,1.4199159,-0.1720829,-0.9863838,0.10343152,-0.12786292,0
-3.9599202,1.3475941,0.35494906,-0.9863838,0.10343152,-0.12786292,0
2.951056,-4.7249489,-0.36313963,0.12222365,-0.059161544,-0.99073786,0
0.4884147,1.9468793,0.95334584,-0.12222365,0.059161544,0.99073786,0
4.1089025,1.2976651,0.63555992,0.9863838,-0.10343152,0.12786292,0
2.641109,-4.7759209,1.0659404,-0.11003809,-0.99287564,0.045714259,0
4.4083223,3.7095716,0.27677155,0.9863838,-0.10343152,0.12786292,0
3.1729105,-4.8620033,0.47638273,-0.11003809,-0.99287564,0.045714259,0
-3.8976126,-2.0994453,0.6538825,-0.12222365,0.059161544,0.99073786,0
-4.3164845,-4.0636339,-0.21130228,-0.11003809,-0.99287564,0.045714259,0
-3.7901111,2.8521075,0.26201558,-0.9863838,0.10343152,-0.12786292,0
-3.6124823,3.1644716,-0.85560393,-0.9863838,0.10343152,-0.12786292,0
-3.532721,3.887145,-0.88632345,-0.9863838,0.10343152,-0.12786292,0
-0.27706617,-1.3723098,1.0571153,-0.12222365,0.059161544,0.99073786,0
1.9206865,1.9939629,1.1272283,-0.12222365,0.059161544,0.99073786,0
-1.0039834,-4.4454813,-0.53123546,-0.11003809,-0.99287564,0.045714259,0
-4.1861854,-0.82683074,0.34149921,-0.9863838,0.10343152,-0.12786292,0
3.5208111,-1.3721212,-0.49306381,0.12222365,-0.059161544,-0.99073786,0
-4.2849569,-4.0554519,0.042289257,-0.11003809,-0.99287564,0.045714259,0
1.372124,4.3926492,0.2699194,0.11003809,0.99287564,-0.045714259,0
-3.9831259,-0.75041747,-1.1631668,-0.9863838,0.10343152,-0.12786292,0
-3.8228326,-4.1638565,-1.1997926,-0.11003809,-0.99287564,0.045714259,0
-3.8257904,1.2226341,-0.78086287,-0.9863838,0.10343152,-0.12786292,0
3.4955275,-4.0411448,1.0486748,0.9863838,-0.10343152,0.12786292,0
-1.3250871,4.6715527,-0.16494274,0.11003809,0.99287564,-0.045714259,0
-2.2877851,4.2397246,0.47393966,-0.12222365,0.059161544,0.99073786,0
1.7321799,-4.3223991,1.4811523,-0.12222365,0.059161544,0.99073786,0
-0.95885795,-4.3815789,0.96528244,-0.11003809,-0.99287564,0.045714259,0
3.5146291,-4.2719746,0.71459341,0.9863838,-0.10343152,0.12786292,0
-3.9581161,-0.038161755,-0.77994084,-0.9863838,0.10343152,-0.12786292,0
1.7838652,-1.9840672,-0.67080224,0.12222365,-0.059161544,-0.99073786,0
-1.5731442,-2.1116738,0.94137383,-0.12222365,0.059161544,0.99073786,0
-2.5071397,3.5623982,0.48732495,-0.12222365,0.059161544,0.99073786,0
-3.994236,-4.0707722,0.40933275,-0.11003809,-0.99287564,0.045714259,0
1.3859502,3.5165963,0.9703362,-0.12222365,0.059161544,0.99073786,0
0.37314147,4.4594841,-0.68312025,0.11003809,0.99287564,-0.045714259,0
-3.5088596,4.3088531,-0.72926807,-0.9863838,0.10343152,-0.12786292,0
-3.0754647,0.20885026,0.61746883,-0.12222365,0.059161544,0.99073786,0
-0.35089171,4.234313,-1.3054876,0.12222365,-0.059161544,-0.99073786,0
-2.0679269,-4.3136883,-0.22980928,-0.11003809,-0.99287564,0.045714259,0
3.6886971,4.0978293,-0.55712843,0.11003809,0.99287564,-0.045714259,0
-2.5406601,4.7833276,-0.66327715,0.11003809,0.99287564,-0.045714259,0
3.8621359,-1.5106953,0.26745939,0.9863838,-0.10343152,0.12786292,0
-4.2527518,-1.2028266,0.55086565,-0.9863838,0.10343152,-0.12786292,0
0.45025313,1.550195,0.97232568,-0.12222365,0.059161544,0.99073786,0
-4.3076587,-2.2906446,0.09447813,-0.9863838,0.10343152,-0.12786292,0
4.0049658,1.5565007,1.4104809,-0.12222365,0.059161544,0.99073786,0
-2.7362666,-4.2408705,-0.25700998,-0.11003809,-0.99287564,0.045714259,0
-1.6962515,-2.4477565,0.94625568,-0.12222365,0.059161544,0.99073786,0
-3.5162277,4.040679,-0.88936257,-0.9863838,0.10343152,-0.12786292,0
3.342685,-4.6942644,1.6994352,0.9863838,-0.10343152,0.12786292,0
-1.3260398,3.8019257,0.61873007,-0.12222365,0.059161544,0.99073786,0
-0.9920162,0.4942022,-1.1612414,0.12222365,-0.059161544,-0.99073786,0
-3.9067559,0.87602866,-0.43664062,-0.9863838,0.10343152,-0.12786292,0
-0.061456438,-4.4663363,1.2684727,-0.12222365,0.059161544,0.99073786,0
-4.2324748,-1.7278472,-0.030261517,-0.9863838,0.10343152,-0.12786292,0
-3.3857141,-1.846696,-1.3167572,0.12222365,-0.059161544,-0.99073786,0
-0.23781416,-4.0126815,1.2196269,-0.12222365,0.059161544,0.99073786,0
-0.31411093,-4.5064464,-0.19477558,-0.11003809,-0.99287564,0.045714259,0
-4.1322308,-1.2212774,-0.39380443,-0.9863838,0.10343152,-0.12786292,0
3.6648233,-1.9910734,1.4010159,0.9863838,-0.10343152,0.12786292,0
-1.2217487,-4.1573696,1.1068821,-0.12222365,0.059161544,0.99073786,0
-3.7543166,1.9035344,-0.781443,-0.9863838,0.10343152,-0.12786292,0
3.4473507,-3.7532048,1.6532507,0.9863838,-0.10343152,0.12786292,0
-1.5382357,0.56023568,-1.2325697,0.12222365,-0.059161544,-0.99073786,0
3.6156218,2.799047,-0.73044705,0.12222365,-0.059161544,-0.99073786,0
-3.6324184,2.8167779,-0.98306656,-0.9863838,0.10343152,-0.12786292,0
-4.3080187,-4.0430346,0.25647306,-0.11003809,-0.99287564,0.045714259,0
-3.2323761,-4.2006488,-0.57761669,-0.11003809,-0.99287564,0.045714259,0
-4.1443095,-2.3943648,-1.2495632,-0.9863838,0.10343152,-0.12786292,0
-3.708709,-1.5501242,0.64438426,-0.12222365,0.059161544,0.99073786,0
-3.1725752,3.6294456,0.40122914,-0.12222365,0.059161544,0.99073786,0
3.9891026,-0.80264378,-0.13924876,0.9863838,-0.10343152,0.12786292,0
1.7464154,-0.55797416,-0.76058084,0.12222365,-0.059161544,-0.99073786,0
1.0536745,-4.6007152,1.0501666,-0.11003809,-0.99287564,0.045714259,0
1.0448031,-4.6092453,0.84354401,-0.11003809,-0.99287564,0.045714259,0
-0.85662532,-4.4730473,-0.77525568,-0.11003809,-0.99287564,0.045714259,0
2.8961835,-4.8642282,-0.23805237,-0.11003809,-0.99287564,0.045714259,0
-0.66190588,4.5621805,-0.94409037,0.11003809,0.99287564,-0.045714259,0
-3.1085722,2.3481359,-1.5330603,0.12222365,-0.059161544,-0.99073786,0
4.1089211,0.97371721,0.373366,0.9863838,-0.10343152,0.12786292,0
4.0210352,0.37304771,0.56545699,0.9863838,-0.10343152,0.12786292,0
1.3238387,4.3880963,0.054807663,0.11003809,0.99287564,-0.045714259,0
4.2789497,1.4356239,-0.56465054,0.9863838,-0.10343152,0.12786292,0
-1.3971453,4.7120285,0.54071593,0.11003809,0.99287564,-0.045714259,0
-3.4948332,4.9043593,-0.33133316,0.11003809,0.99287564,-0.045714259,0
-3.6735137,3.7248445,0.068515539,-0.9863838,0.10343152,-0.12786292,0
-3.6141887,4.4853325,0.22603703,-0.9863838,0.10343152,-0.12786292,0
2.1594179,-4.7560468,0.33810282,-0.11003809,-0.99287564,0.045714259,0
3.8691571,0.031019926,1.4604273,0.9863838,-0.10343152,0.12786292,0
3.9527588,4.1442494,1.0866928,0.11003809,0.99287564,-0.045714259,0
1.2146868,0.14488631,-0.86814928,0.12222365,-0.059161544,-0.99073786,0
-0.035325363,3.917928,0.77103305,-0.12222365,0.059161544,0.99073786,0
2.8228395,3.606813,1.1422129,-0.12222365,0.059161544,0.99073786,0
4.0418525,0.96284175,0.88196492,0.9863838,-0.10343152,0.12786292,0
-0.47154725,1.4586895,0.86407077,-0.12222365,0.059161544,0.99073786,0
2.5165098,-4.8098965,0.028101444,-0.11003809,-0.99287564,0.045714259,0
-0.65039366,4.5587153,-0.99163294,0.11003809,0.99287564,-0.045714259,0
2.6083612,-4.8381891,-0.36530733,-0.11003809,-0.99287564,0.045714259,0
-3.4839313,4.8561525,-0.47885084,-0.9863838,0.10343152,-0.12786292,0
0.46470118,-4.1207962,1.3127496,-0.12222365,0.059161544,0.99073786,0
3.6398737,-1.1453803,1.5267828,-0.12222365,0.059161544,0.99073786,0
2.6339216,4.2016764,-0.84058952,0.11003809,0.99287564,-0.045714259,0
3.6797562,-3.7366819,-0.12625003,0.9863838,-0.10343152,0.12786292,0
3.8042965,-1.1453904,1.00916,0.9863838,-0.10343152,0.12786292,0
-0.52749425,4.3319283,-1.3331037,0.12222365,-0.059161544,-0.99073786,0
0.79934281,-4.5670977,1.1681113,-0.11003809,-0.99287564,0.045714259,0
-2.7901342,2.691797,0.50440061,-0.12222365,0.059161544,0.99073786,0
4.2913642,3.0151503,0.61729479,0.9863838,-0.10343152,0.12786292,0
3.7028518,-2.5313225,0.67062902,0.9863838,-0.10343152,0.12786292,0
2.5831993,-4.8028846,0.34091854,-0.11003809,-0.99287564,0.045714259,0
-3.7208455,1.6518791,-1.2432227,-0.9863838,0.10343152,-0.12786292,0
3.4126079,3.1783562,1.2405555,-0.12222365,0.059161544,0.99073786,0
2.0663879,2.3043342,-0.89202857,0.12222365,-0.059161544,-0.99073786,0
0.14733605,-4.4936466,1.1939754,-0.11003809,-0.99287564,0.045714259,0
3.1369328,4.1730542,-0.25145435,0.11003809,0.99287564,-0.045714259,0
-1.3117443,-4.3375044,1.0731282,-0.11003809,-0.99287564,0.045714259,0
4.3994942,3.0131354,-0.21848798,0.9863838,-0.10343152,0.12786292,0
-2.7645333,-1.8822834,0.78069854,-0.12222365,0.059161544,0.99073786,0
-2.0522327,2.1895859,-1.3932755,0.12222365,-0.059161544,-0.99073786,0
-2.1454034,3.3221383,0.54629803,-0.12222365,0.059161544,0.99073786,0
-2.1309636,4.7269006,-0.90265179,0.11003809,0.99287564,-0.045714259,0
-3.7223957,2.9193039,-0.20601177,-0.9863838,0.10343152,-0.12786292,0
-2.1099882,-4.2584643,0.86837149,-0.11003809,-0.99287564,0.045714259,0
3.8507421,-0.63606632,1.0628666,0.9863838,-0.10343152,0.12786292,0
-3.882658,1.7269074,0.065753937,-0.9863838,0.10343152,-0.12786292,0
2.5267122,-4.7598991,1.1385508,-0.11003809,-0.99287564,0.045714259,0
2.213331,-4.5322857,1.5530429,-0.12222365,0.059161544,0.99073786,0
-3.879714,-4.1429996,-0.88371396,-0.11003809,-0.99287564,0.045714259,0
4.0995307,0.70591313,0.22917414,0.9863838,-0.10343152,0.12786292,0
3.8855064,-1.0853634,0.43123299,0.9863838,-0.10343152,0.12786292,0
-4.2706175,-1.652208,0.32517362,-0.9863838,0.10343152,-0.12786292,0
3.9581776,0.070474625,0.80560607,0.9863838,-0.10343152,0.12786292,0
-0.090133384,-4.486619,0.77500105,-0.11003809,-0.99287564,0.045714259,0
-4.0171752,0.17468496,-0.15216258,-0.9863838,0.10343152,-0.12786292,0
2.4321914,4.2509232,-0.25658846,0.11003809,0.99287564,-0.045714259,0
-2.4912083,4.7571096,-1.1136775,0.11003809,0.99287564,-0.045714259,0
-0.63592696,-4.4904799,-0.62263107,-0.11003809,-0.99287564,0.045714259,0
3.048908,-4.8712077,-0.022010326,-0.11003809,-0.99287564,0.045714259,0
-2.2548132,4.7602463,-0.47651672,0.11003809,0.99287564,-0.045714259,0
0.77313673,-4.5263181,-0.64368272,0.12222365,-0.059161544,-0.99073786,0
3.63887,-3.6529999,0.25685525,0.9863838,-0.10343152,0.12786292,0
-1.9327775,0.076567292,0.76633716,-0.12222365,0.059161544,0.99073786,0
4.3700705,3.3506513,0.28152251,0.9863838,-0.10343152,0.12786292,0
0.44100675,-2.2927794,1.2006669,-0.12222365,0.059161544,0.99073786,0
4.0088506,-0.39229116,0.040351022,0.9863838,-0.10343152,0.12786292,0
-2.2506845,-4.2738481,0.1955781,-0.11003809,-0.99287564,0.045714259,0
-3.1196699,4.1909447,0.37422609,-0.12222365,0.059161544,0.99073786,0
4.342906,3.948534,0.97472239,0.9863838,-0.10343152,0.12786292,0
-3.6857944,3.4037189,-0.096512556,-0.9863838,0.10343152,-0.12786292,0
-4.1561909,-2.427856,-1.1850001,-0.9863838,0.10343152,-0.12786292,0
-3.6776989,3.9613228,0.29209566,-0.9863838,0.10343152,-0.12786292,0
-3.8569813,1.478204,-0.33350694,-0.9863838,0.10343152,-0.12786292,0
3.5486722,-3.5536623,1.0330341,0.9863838,-0.10343152,0.12786292,0
0.67903459,4.444685,-0.26823235,0.11003809,0.99287564,-0.045714259,0
2.9282413,-2.3466804,-0.50797153,0.12222365,-0.059161544,-0.99073786,0
-3.4748471,4.8805256,-0.52921534,-0.9863838,0.10343152,-0.12786292,0
4.3613157,3.4474387,0.42735267,0.9863838,-0.10343152,0.12786292,0
1.1647199,4.4350657,0.69192481,0.11003809,0.99287564,-0.045714259,0
2.867064,4.2359924,0.46591735,0.11003809,0.99287564,-0.045714259,0
0.30332676,-2.5736203,-0.81824577,0.12222365,-0.059161544,-0.99073786,0
-1.1817577,4.6681299,0.10572863,0.11003809,0.99287564,-0.045714259,0
2.6398225,-4.8080835,0.36428738,-0.11003809,-0.99287564,0.045714259,0
-3.2624433,4.821794,-1.5652051,0.11003809,0.99287564,-0.045714259,0
3.9297159,-1.2404854,-0.035299063,0.9863838,-0.10343152,0.12786292,0
-2.5755994,0.47782445,-1.3556243,0.12222365,-0.059161544,-0.99073786,0
1.0802947,3.8521616,0.91259027,-0.12222365,0.059161544,0.99073786,0
3.7965126,-1.4112196,0.85417151,0.9863838,-0.10343152,0.12786292,0
4.1637411,2.2023029,0.9442966,0.9863838,-0.10343152,0.12786292,0
4.3201571,3.9514265,1.152555,0.9863838,-0.10343152,0.12786292,0
-2.5790236,-4.2425046,0.085992813,-0.11003809,-0.99287564,0.045714259,0
3.6117013,-3.7389615,0.39690876,0.9863838,-0.10343152,0.12786292,0
1.2339543,4.4149251,0.42114282,0.11003809,0.99287564,-0.045714259,0
-2.3534527,-2.2782464,-1.1636411,0.12222365,-0.059161544,-0.99073786,0
0.92918974,-4.388948,1.3860641,-0.12222365,0.059161544,0.99073786,0
1.213195,3.2235546,0.96652317,-0.12222365,0.059161544,0.99073786,0
-4.120419,-1.6900561,-0.86413479,-0.9863838,0.10343152,-0.12786292,0
3.9585686,0.69277155,1.3059825,0.9863838,-0.10343152,0.12786292,0
1.7288946,4.3070836,-0.7297101,0.11003809,0.99287564,-0.045714259,0
4.4139237,3.2754645,-0.11759925,0.9863838,-0.10343152,0.12786292,0
0.12319136,-4.5492501,-0.071816444,-0.11003809,-0.99287564,0.045714259,0
1.6556926,4.3636398,0.32243776,0.11003809,0.99287564,-0.045714259,0
-3.7359064,2.2949424,-0.60684538,-0.9863838,0.10343152,-0.12786292,0
1.2004371,-4.644805,0.44584227,-0.11003809,-0.99287564,0.045714259,0
-4.3568025,-4.0904894,-0.89163637,-0.11003809,-0.99287564,0.045714259,0
2.394593,-4.7406569,1.2384486,-0.11003809,-0.99287564,0.045714259,0
-1.6672605,3.7383485,-1.4382668,0.12222365,-0.059161544,-0.99073786,0
0.69655073,-4.6368217,-0.59366894,-0.11003809,-0.99287564,0.045714259,0
1.2395744,-1.7312238,-0.75304776,0.12222365,-0.059161544,-0.99073786,0
2.5610228,-4.7475433,1.4894857,-0.11003809,-0.99287564,0.045714259,0
-3.2143068,-4.1815391,-0.11906433,-0.11003809,-0.99287564,0.045714259,0
3.4169548,-4.9090629,0.041722775,-0.11003809,-0.99287564,0.045714259,0
1.1799265,-1.5438061,1.2471001,-0.12222365,0.059161544,0.99073786,0
-2.5252016,1.3266282,-1.400093,0.12222365,-0.059161544,-0.99073786,0
-1.3567687,-4.388823,-0.14984846,-0.11003809,-0.99287564,0.045714259,0
1.382548,4.3521996,-0.58351994,0.11003809,0.99287564,-0.045714259,0
3.5065391,-0.1252166,1.4494151,-0.12222365,0.059161544,0.99073786,0
-3.0260575,4.8014555,-1.4379411,0.11003809,0.99287564,-0.045714259,0
-4.2227221,-2.0679557,-0.38061762,-0.9863838,0.10343152,-0.12786292,0
3.8576677,-2.0545213,-0.13798571,0.9863838,-0.10343152,0.12786292,0
-4.3615108,-2.5355456,0.31180239,-0.9863838,0.10343152,-0.12786292,0
3.409148,4.1920505,0.81637001,0.11003809,0.99287564,-0.045714259,0
0.90601408,-0.19055879,-0.88619816,0.12222365,-0.059161544,-0.99073786,0
-4.1255536,-0.95437735,-0.22941017,-0.9863838,0.10343152,-0.12786292,0
-2.3389313,4.3425164,-1.5572062,0.12222365,-0.059161544,-0.99073786,0
-4.1772652,-0.85337263,0.25121474,-0.9863838,0.10343152,-0.12786292,0
-0.97214532,-0.78847313,0.9365024,-0.12222365,0.059161544,0.99073786,0
3.9098234,-1.76598,-0.30692613,0.9863838,-0.10343152,0.12786292,0
2.3151729,2.8404398,-0.89335036,0.12222365,-0.059161544,-0.99073786,0
-2.9503798,2.171109,-1.5029734,0.12222365,-0.059161544,-0.99073786,0
-0.50488782,3.3068516,-1.2691021,0.12222365,-0.059161544,-0.99073786,0
-2.9090598,-4.2598596,-1.0853763,-0.11003809,-0.99287564,0.045714259,0
-2.9969432,-0.67097712,0.67969418,-0.12222365,0.059161544,0.99073786,0
2.3856299,2.2878771,1.1670356,-0.12222365,0.059161544,0.99073786,0
2.5844364,0.99391663,-0.74986804,0.12222365,-0.059161544,-0.99073786,0
-2.9233654,-4.2402554,-0.69402266,-0.11003809,-0.99287564,0.045714259,0
2.3519759,-1.237352,1.3733915,-0.12222365,0.059161544,0.99073786,0
3.665463,-1.8929355,1.4754684,0.9863838,-0.10343152,0.12786292,0
-2.4870663,1.1572289,0.63342524,-0.12222365,0.059161544,0.99073786,0
-3.8633554,0.46722734,-1.1021399,-0.9863838,0.10343152,-0.12786292,0
-4.4041491,-2.7989969,0.42762089,-0.9863838,0.10343152,-0.12786292,0
-0.95942998,-4.4615393,-0.7727716,-0.11003809,-0.99287564,0.045714259,0
1.7572979,-4.7325082,-0.11858988,-0.11003809,-0.99287564,0.045714259,0
-4.4498749,-3.834049,-0.056914806,-0.9863838,0.10343152,-0.12786292,0
-2.9926634,-2.1814699,-1.2482772,0.12222365,-0.059161544,-0.99073786,0
1.1702892,-4.2748361,-0.60970449,0.12222365,-0.059161544,-0.99073786,0
-4.3195133,-2.0616202,0.37119222,-0.9863838,0.10343152,-0.12786292,0
1.3713306,-2.2967424,-0.70302379,0.12222365,-0.059161544,-0.99073786,0
-2.4985762,4.8209362,0.25486183,0.11003809,0.99287564,-0.045714259,0
4.2593117,2.9603853,0.82026267,0.9863838,-0.10343152,0.12786292,0
1.5603282,4.0958323,-1.0614381,0.12222365,-0.059161544,-0.99073786,0
0.67086154,-4.5947781,0.25765038,-0.11003809,-0.99287564,0.045714259,0
2.0148873,4.2832499,-0.55895472,0.11003809,0.99287564,-0.045714259,0
-0.88531369,4.6457887,0.334059,0.11003809,0.99287564,-0.045714259,0
-2.8853564,-4.1713071,0.89496136,-0.11003809,-0.99287564,0.045714259,0
-0.98430049,-4.3994017,0.51694536,-0.11003809,-0.99287564,0.045714259,0
-4.1117826,-0.19273765,0.28045994,-0.9863838,0.10343152,-0.12786292,0
3.0351348,-4.8603253,0.18118811,-0.11003809,-0.99287564,0.045714259,0
1.8382148,4.3173013,-0.24466133,0.11003809,0.99287564,-0.045714259,0
2.6124492,3.1371427,1.1443036,-0.12222365,0.059161544,0.99073786,0
-4.174509,-1.8315977,-0.56136072,-0.9863838,0.10343152,-0.12786292,0
2.7707279,-4.8199949,0.42068052,-0.11003809,-0.99287564,0.045714259,0
-0.16195011,3.8545127,0.7591989,-0.12222365,0.059161544,0.99073786,0
-3.7818756,1.1185615,-1.2038255,-0.9863838,0.10343152,-0.12786292,0
2.3968203,-4.7592168,0.84069967,-0.11003809,-0.99287564,0.045714259,0
4.406559,3.3836117,0.026699781,0.9863838,-0.10343152,0.12786292,0
-4.465034,-3.6421878,0.21523285,-0.9863838,0.10343152,-0.12786292,0
3.5289974,-4.009232,-0.33457971,0.12222365,-0.059161544,-0.99073786,0
-4.1130519,-0.11124365,0.35617328,-0.9863838,0.10343152,-0.12786292,0
2.2923758,1.0334865,1.2304366,-0.12222365,0.059161544,0.99073786,0
2.6258042,4.2711315,0.64837337,0.11003809,0.99287564,-0.045714259,0
1.9903178,-1.9497461,1.3713157,-0.12222365,0.059161544,0.99073786,0
-1.439826,3.3584189,-1.3875215,0.12222365,-0.059161544,-0.99073786,0
-3.8648033,2.1830835,0.29702926,-0.9863838,0.10343152,-0.12786292,0
-3.6260645,3.2868791,-0.65180588,-0.9863838,0.10343152,-0.12786292,0
-3.1382134,4.8510151,-0.6315279,0.11003809,0.99287564,-0.045714259,0
-1.2642623,4.633357,-0.84812117,0.11003809,0.99287564,-0.045714259,0
-3.0171275,2.296803,-1.5187135,0.12222365,-0.059161544,-0.99073786,0
-3.2793262,-4.2037759,-0.75854564,-0.11003809,-0.99287564,0.045714259,0
-4.4535055,-3.9467525,-0.12007236,-0.9863838,0.10343152,-0.12786292,0
3.7577755,-2.8474698,-0.0088150501,0.9863838,-0.10343152,0.12786292,0
0.62105602,4.4603639,-0.067256451,0.11003809,0.99287564,-0.045714259,0
-2.5424495,-4.2238307,0.57959986,-0.11003809,-0.99287564,0.045714259,0
-3.0136549,4.8604779,-0.12616825,0.11003809,0.99287564,-0.045714259,0
-1.0763147,4.6106086,-0.88979053,0.11003809,0.99287564,-0.045714259,0
-2.1980305,4.7319613,-0.95416164,0.11003809,0.99287564,-0.045714259,0
-3.9156003,-0.28146839,-1.3047409,-0.9863838,0.10343152,-0.12786292,0
-4.2063632,-0.83769697,0.4883703,-0.9863838,0.10343152,-0.12786292,0
-4.2908611,-2.0950871,0.12308168,-0.9863838,0.10343152,-0.12786292,0
-3.0604925,1.4506788,0.54516047,-0.12222365,0.059161544,0.99073786,0
2.0795407,-4.7321849,0.66409969,-0.11003809,-0.99287564,0.045714259,0
-1.0407676,3.9545107,0.64481091,-0.12222365,0.059161544,0.99073786,0
0.53691685,1.432888,-1.0286759,0.12222365,-0.059161544,-0.99073786,0
-3.9311159,1.4075872,0.18127078,-0.9863838,0.10343152,-0.12786292,0
-4.1357856,-1.2563512,-0.39475298,-0.9863838,0.10343152,-0.12786292,0
-1.7870343,-4.3009882,0.72216129,-0.11003809,-0.99287564,0.045714259,0
3.47736,-4.1825104,1.0744708,0.9863838,-0.10343152,0.12786292,0
-1.5395186,-3.4877543,-0.99100351,0.12222365,-0.059161544,-0.99073786,0
-1.4485407,4.6865664,-0.13601923,0.11003809,0.99287564,-0.045714259,0
-4.1854925,-2.0346525,-0.64088154,-0.9863838,0.10343152,-0.12786292,0
3.8491385,-1.3140503,0.52679747,0.9863838,-0.10343152,0.12786292,0
-4.3394938,-3.4576364,-0.60394454,-0.9863838,0.10343152,-0.12786292,0
1.8914468,-4.7216601,0.43992996,-0.11003809,-0.99287564,0.045714259,0
-3.6730328,1.841567,-1.4586245,-0.9863838,0.10343152,-0.12786292,0
-3.9203105,-4.0759358,0.47512817,-0.11003809,-0.99287564,0.045714259,0
-0.54558498,4.549376,-0.9421916,0.11003809,0.99287564,-0.045714259,0
3.2200115,-3.9746923,-0.37476087,0.12222365,-0.059161544,-0.99073786,0
4.3045425,1.8920281,-0.39288831,0.9863838,-0.10343152,0.12786292,0
2.6661448,-4.7998719,0.60600471,-0.11003809,-0.99287564,0.045714259,0
-0.689996,-4.4129004,0.93217993,-0.11003809,-0.99287564,0.045714259,0
-0.35130376,1.3463631,0.88561231,-0.12222365,0.059161544,0.99073786,0
3.4586074,-2.341248,1.5758317,-0.12222365,0.059161544,0.99073786,0
0.56370503,-0.24139756,1.0933061,-0.12222365,0.059161544,0.99073786,0
-4.0333734,-0.31275308,-0.42150041,-0.9863838,0.10343152,-0.12786292,0
-4.1907215,-0.96085876,0.26807475,-0.9863838,0.10343152,-0.12786292,0
3.5961509,3.9386516,-0.80089998,0.12222365,-0.059161544,-0.99073786,0
-4.459291,-3.6674168,0.15051913,-0.9863838,0.10343152,-0.12786292,0
-3.5133052,4.3645606,-0.6499126,-0.9863838,0.10343152,-0.12786292,0
-2.9454551,-4.1684947,0.81138802,-0.11003809,-0.99287564,0.045714259,0
-0.1244017,-4.5118699,0.14407682,-0.11003809,-0.99287564,0.045714259,0
-4.37956,-3.1323214,-0.031701565,-0.9863838,0.10343152,-0.12786292,0
-0.59340793,4.6173878,0.41986275,0.11003809,0.99287564,-0.045714259,0
-3.8823805,0.71618092,0.48762748,-0.12222365,0.059161544,0.99073786,0
-4.3492761,-4.0925674,-1.0420945,-0.9863838,0.10343152,-0.12786292,0
3.5716803,-3.6208282,0.80120611,0.9863838,-0.10343152,0.12786292,0
2.3572099,-4.7448378,1.0576615,-0.11003809,-0.99287564,0.045714259,0
-3.8914609,0.59359229,-0.78310275,-0.9863838,0.10343152,-0.12786292,0
3.3860385,-4.8503551,1.2387238,0.9863838,-0.10343152,0.12786292,0
-3.6265619,3.0493004,-0.84015322,-0.9863838,0.10343152,-0.12786292,0
-4.1978097,-1.8083078,-0.36277032,-0.9863838,0.10343152,-0.12786292,0
0.16150317,0.85875392,0.97799295,-0.12222365,0.059161544,0.99073786,0
2.8872728,-2.899231,-0.4800303,0.12222365,-0.059161544,-0.99073786,0
3.531327,-3.0561371,1.5693023,0.9863838,-0.10343152,0.12786292,0
0.045372009,-4.4847221,1.1423631,-0.11003809,-0.99287564,0.045714259,0
2.2837763,-0.30363345,-0.70947659,0.12222365,-0.059161544,-0.99073786,0
-3.8482244,1.5825099,-0.31668532,-0.9863838,0.10343152,-0.12786292,0
0.38561237,4.5015182,0.2598381,0.11003809,0.99287564,-0.045714259,0
-1.9020324,-4.3202767,0.026423931,-0.11003809,-0.99287564,0.045714259,0
-4.2675362,-3.1698651,-0.9262712,-0.9863838,0.10343152,-0.12786292,0
-3.324492,1.0208317,-1.4804378,0.12222365,-0.059161544,-0.99073786,0
-1.8365318,-4.2860436,0.92759418,-0.11003809,-0.99287564,0.045714259,0
3.6098313,-3.3653946,0.71352267,0.9863838,-0.10343152,0.12786292,0
1.2392199,4.4179063,0.49857497,0.11003809,0.99287564,-0.045714259,0
-2.2783811,4.7479997,-0.79923868,0.11003809,0.99287564,-0.045714259,0
4.2389312,2.6648498,0.73841882,0.9863838,-0.10343152,0.12786292,0
-3.6689112,-2.1276002,0.68377757,-0.12222365,0.059161544,0.99073786,0
-1.8179345,2.1642547,-1.3628584,0.12222365,-0.059161544,-0.99073786,0
2.496732,-1.10413,1.3832943,-0.12222365,0.059161544,0.99073786,0
-4.239862,-2.3294976,-0.45996428,-0.9863838,0.10343152,-0.12786292,0
-1.2961307,4.6891189,0.28627491,0.11003809,0.99287564,-0.045714259,0
4.1523886,2.2775142,1.092715,0.9863838,-0.10343152,0.12786292,0
-4.2617064,-1.6630437,0.24766254,-0.9863838,0.10343152,-0.12786292,0
-3.8107848,1.8504899,-0.38873315,-0.9863838,0.10343152,-0.12786292,0
-2.5610356,0.35425276,-1.3464485,0.12222365,-0.059161544,-0.99073786,0
1.4003866,2.8739219,1.0104941,-0.12222365,0.059161544,0.99073786,0
1.5240879,1.9902378,-0.9401741,0.12222365,-0.059161544,-0.99073786,0
-3.3395617,4.8684831,-0.73679113,0.11003809,0.99287564,-0.045714259,0
-3.4658813,-4.1724377,-0.52696013,-0.11003809,-0.99287564,0.045714259,0
1.2046466,-4.6193309,1.0092483,-0.11003809,-0.99287564,0.045714259,0
4.4341416,3.3622804,-0.20334101,0.9863838,-0.10343152,0.12786292,0
-3.3490005,-4.1289501,0.69889307,-0.11003809,-0.99287564,0.045714259,0
-3.3531537,4.8958201,-0.17577314,0.11003809,0.99287564,-0.045714259,0
4.032649,0.88367593,0.88892055,0.9863838,-0.10343152,0.12786292,0
-2.3351283,0.1479007,0.71244091,-0.12222365,0.059161544,0.99073786,0
-3.5201514,3.3382852,-1.4272778,-0.9863838,0.10343152,-0.12786292,0
-2.950757,-2.5814619,-1.2192218,0.12222365,-0.059161544,-0.99073786,0
-4.3869934,-2.4625649,0.56742406,-0.9863838,0.10343152,-0.12786292,0
-3.9252272,-4.0668926,0.65970898,-0.11003809,-0.99287564,0.045714259,0
1.6747524,-4.6796494,0.83076286,-0.11003809,-0.99287564,0.045714259,0
3.6027231,-3.9998691,0.25511551,0.9863838,-0.10343152,0.12786292,0
4.353106,3.6245449,0.63395023,0.9863838,-0.10343152,0.12786292,0
-1.5612373,4.6437726,-1.3367443,0.11003809,0.99287564,-0.045714259,0
3.6494448,-3.0068121,0.69799519,0.9863838,-0.10343152,0.12786292,0
4.5063725,3.9076228,-0.31941795,0.9863838,-0.10343152,0.12786292,0
-3.5231578,3.7961431,-1.03371,-0.9863838,0.10343152,-0.12786292,0
4.144855,1.6637466,0.65434337,0.9863838,-0.10343152,0.12786292,0
-2.9453862,-4.2346082,-0.62437344,-0.11003809,-0.99287564,0.045714259,0
-2.1084578,1.8530772,0.6385805,-0.12222365,0.059161544,0.99073786,0
0.37704936,-4.5960264,-0.47669053,-0.11003809,-0.99287564,0.045714259,0
2.2800612,0.68403924,-0.76891333,0.12222365,-0.059161544,-0.99073786,0
-3.619014,4.511517,0.28444386,-0.9863838,0.10343152,-0.12786292,0
-2.1342344,4.7227182,-1.0013661,0.11003809,0.99287564,-0.045714259,0
3.7416534,-3.2138031,-0.18078017,0.9863838,-0.10343152,0.12786292,0
-1.3778679,-4.3299551,-0.92076993,0.12222365,-0.059161544,-0.99073786,0
-2.2742112,1.9514421,-1.4064397,0.12222365,-0.059161544,-0.99073786,0
-3.1406367,-3.5628467,-1.1840436,0.12222365,-0.059161544,-0.99073786,0
-3.659678,3.975122,0.16423821,-0.9863838,0.10343152,-0.12786292,0
-3.7886524,1.907074,-0.51369941,-0.9863838,0.10343152,-0.12786292,0
3.6181316,-4.3190346,-0.12193346,0.9863838,-0.10343152,0.12786292,0
-1.7423222,-1.5030677,0.88416016,-0.12222365,0.059161544,0.99073786,0
3.7735884,-2.0924127,0.4799844,0.9863838,-0.10343152,0.12786292,0
1.3724923,4.4081016,0.60642433,0.11003809,0.99287564,-0.045714259,0
-4.4652376,-3.4175839,0.39848924,-0.9863838,0.10343152,-0.12786292,0
3.2831402,1.4646341,1.3269179,-0.12222365,0.059161544,0.99073786,0
3.1179795,-4.8489532,0.6275878,-0.11003809,-0.99287564,0.045714259,0
-3.4727271,-4.1448884,0.054900646,-0.11003809,-0.99287564,0.045714259,0
3.890739,-0.75822806,0.65549493,0.9863838,-0.10343152,0.12786292,0
-1.6863668,4.0842214,0.55742025,-0.12222365,0.059161544,0.99073786,0
-2.3349128,-4.3062072,-0.70998168,-0.11003809,-0.99287564,0.045714259,0
-0.52981019,4.5737834,-0.37411833,0.11003809,0.99287564,-0.045714259,0
-4.4607911,-3.3629246,0.4084065,-0.9863838,0.10343152,-0.12786292,0
-1.0651439,-4.4035821,0.23155355,-0.11003809,-0.99287564,0.045714259,0
4.0853701,0.28386581,-0.0029914379,0.9863838,-0.10343152,0.12786292,0
3.3965404,1.172256,-0.66033113,0.12222365,-0.059161544,-0.99073786,0
0.2406822,1.9831023,0.92062086,-0.12222365,0.059161544,0.99073786,0
-3.8433862,1.2187632,-0.64825356,-0.9863838,0.10343152,-0.12786292,0
-2.1395338,-4.2516012,0.94630957,-0.11003809,-0.99287564,0.045714259,0
-3.6138921,2.8712344,-1.0819342,-0.9863838,0.10343152,-0.12786292,0
3.9506512,-0.21258387,0.63469589,0.9863838,-0.10343152,0.12786292,0
-4.3622632,-2.6604581,0.21656346,-0.9863838,0.10343152,-0.12786292,0
3.6716974,-2.384321,1.0298777,0.9863838,-0.10343152,0.12786292,0
-1.1790968,3.3096547,0.66625333,-0.12222365,0.059161544,0.99073786,0
3.9671137,0.42384619,1.022519,0.9863838,-0.10343152,0.12786292,0
-3.6684127,2.134315,-1.2574545,-0.9863838,0.10343152,-0.12786292,0
2.6224656,-3.229944,-0.4929502,0.12222365,-0.059161544,-0.99073786,0
-3.1819103,4.8323426,-1.1422491,0.11003809,0.99287564,-0.045714259,0
3.7918041,-1.0723422,1.1646225,0.9863838,-0.10343152,0.12786292,0
-2.435266,4.8074512,0.11436415,0.11003809,0.99287564,-0.045714259,0
0.50866783,0.67436516,-0.98686606,0.12222365,-0.059161544,-0.99073786,0
-2.7414193,2.8668077,-1.5187383,0.12222365,-0.059161544,-0.99073786,0
-3.0964761,-3.561672,-1.1786659,0.12222365,-0.059161544,-0.99073786,0
4.2892499,1.7993988,-0.3498435,0.9863838,-0.10343152,0.12786292,0
1.714089,4.2959952,-1.0061827,0.11003809,0.99287564,-0.045714259,0
1.2054565,4.3645701,-0.74112272,0.11003809,0.99287564,-0.045714259,0
2.3524489,-4.8086643,-0.34006476,-0.11003809,-0.99287564,0.045714259,0
4.3943057,3.3942609,0.12983871,0.9863838,-0.10343152,0.12786292,0
-1.7351865,-4.3021393,0.82195854,-0.11003809,-0.99287564,0.045714259,0
-3.4234643,4.629858,-1.1283746,-0.9863838,0.10343152,-0.12786292,0
0.018293459,4.52384,-0.13951778,0.11003809,0.99287564,-0.045714259,0
-4.0041113,-1.10426,-1.2875121,-0.9863838,0.10343152,-0.12786292,0
-0.13781297,-4.4767103,0.87543106,-0.11003809,-0.99287564,0.045714259,0
1.741841,-4.0931234,-0.55004501,0.12222365,-0.059161544,-0.99073786,0
-3.9180987,-0.23207307,-1.2455115,-0.9863838,0.10343152,-0.12786292,0
2.6070898,-4.8259115,-0.10171413,-0.11003809,-0.99287564,0.045714259,0
3.3455307,-4.777482,1.6101651,0.9863838,-0.10343152,0.12786292,0
2.2401764,-4.7649169,0.33985567,-0.11003809,-0.99287564,0.045714259,0
3.8232946,-2.664278,-0.36606574,0.9863838,-0.10343152,0.12786292,0
1.568306,-4.7276459,-0.46790624,-0.11003809,-0.99287564,0.045714259,0
4.0114322,-0.20140886,0.17484559,0.9863838,-0.10343152,0.12786292,0
-3.9538629,-0.037020743,-0.81183046,-0.9863838,0.10343152,-0.12786292,0
-3.5649626,3.9656608,-0.5740869,-0.9863838,0.10343152,-0.12786292,0
1.2470449,-3.4501688,-0.64947987,0.12222365,-0.059161544,-0.99073786,0
-2.9953628,4.8782306,0.30343246,0.11003809,0.99287564,-0.045714259,0
-0.38548696,-3.2591581,-0.86228561,0.12222365,-0.059161544,-0.99073786,0
-3.5204375,-2.4951897,-1.2946532,0.12222365,-0.059161544,-0.99073786,0
3.7383411,-1.7726189,1.010586,0.9863838,-0.10343152,0.12786292,0
3.8019404,-1.8618014,0.4478128,0.9863838,-0.10343152,0.12786292,0
-4.1415815,-4.09409,-0.45177698,-0.11003809,-0.99287564,0.045714259,0
1.7066309,4.3634968,0.44194651,0.11003809,0.99287564,-0.045714259,0
2.3741441,-4.8075519,-0.26367617,-0.11003809,-0.99287564,0.045714259,0
2.0764492,4.3144445,0.26674843,0.11003809,0.99287564,-0.045714259,0
4.1552205,1.1714983,0.17618608,0.9863838,-0.10343152,0.12786292,0
4.1428757,4.0755558,0.052344799,0.11003809,0.99287564,-0.045714259,0
-2.6178799,4.829052,0.14394283,0.11003809,0.99287564,-0.045714259,0
-0.93458104,-4.0310516,-0.88393188,0.12222365,-0.059161544,-0.99073786,0
3.7213781,-1.9186294,1.0233325,0.9863838,-0.10343152,0.12786292,0
-0.093015119,4.4930768,-1.0755959,0.11003809,0.99287564,-0.045714259,0
2.3471138,-4.7992716,-0.14889574,-0.11003809,-0.99287564,0.045714259,0
-1.8621033,-2.4875939,0.92817402,-0.12222365,0.059161544,0.99073786,0
-4.0379276,-0.9781397,-0.92461759,-0.9863838,0.10343152,-0.12786292,0
4.0258341,0.89298499,0.949027,0.9863838,-0.10343152,0.12786292,0
-1.7781072,-4.3125496,0.49253798,-0.11003809,-0.99287564,0.045714259,0
2.3100588,-1.9522032,-0.60779041,0.12222365,-0.059161544,-0.99073786,0
-2.6679978,-4.2121882,0.53026247,-0.11003809,-0.99287564,0.045714259,0
0.6125375,2.3854795,-1.0762305,0.12222365,-0.059161544,-0.99073786,0
1.4333147,4.4109659,0.81503797,0.11003809,0.99287564,-0.045714259,0
-0.82824582,1.3998303,0.82358098,-0.12222365,0.059161544,0.99073786,0
2.0565243,-4.7624874,-0.049455643,-0.11003809,-0.99287564,0.045714259,0
0.63431424,-4.5839357,0.40517044,-0.11003809,-0.99287564,0.045714259,0
-4.1598091,-2.1767564,-0.95396364,-0.9863838,0.10343152,-0.12786292,0
-4.0729356,0.13022667,0.24203253,-0.9863838,0.10343152,-0.12786292,0
-4.2400184,-3.0314336,-1.0265703,-0.9863838,0.10343152,-0.12786292,0
-4.1911941,-1.1753241,0.098229766,-0.9863838,0.10343152,-0.12786292,0
1.6163011,-3.878052,1.4403224,-0.12222365,0.059161544,0.99073786,0
0.69459146,-4.5979943,0.24490929,-0.11003809,-0.99287564,0.045714259,0
0.36263075,3.7522438,-1.1886764,0.12222365,-0.059161544,-0.99073786,0
3.9155309,-0.17241603,-0.51600856,0.12222365,-0.059161544,-0.99073786,0
1.1960514,4.3743219,-0.55196667,0.11003809,0.99287564,-0.045714259,0
-4.3262601,-3.4206636,-0.67612791,-0.9863838,0.10343152,-0.12786292,0
3.4445236,2.8098297,-0.75219846,0.12222365,-0.059161544,-0.99073786,0
-3.7148159,-4.1751246,-1.1845272,-0.11003809,-0.99287564,0.045714259,0
4.2318277,2.4826984,0.64587116,0.9863838,-0.10343152,0.12786292,0
3.6810813,4.1753635,1.1085114,0.11003809,0.99287564,-0.045714259,0
3.4752696,4.1758528,0.62372994,0.11003809,0.99287564,-0.045714259,0
1.2104963,1.1024935,1.0928484,-0.12222365,0.059161544,0.99073786,0
-4.3237982,-2.6639142,-0.082967281,-0.9863838,0.10343152,-0.12786292,0
0.079525977,-4.4982562,0.93063116,-0.11003809,-0.99287564,0.045714259,0
2.5362461,-4.7946019,0.40777636,-0.11003809,-0.99287564,0.045714259,0
-1.4317018,-4.3480988,0.55427504,-0.11003809,-0.99287564,0.045714259,0
-0.84467602,-0.85761487,0.95635659,-0.12222365,0.059161544,0.99073786,0
-1.5859441,4.7034812,-0.099395275,0.11003809,0.99287564,-0.045714259,0
1.0765582,1.4535899,-0.96333873,0.12222365,-0.059161544,-0.99073786,0
2.2206924,-4.7768989,0.032711029,-0.11003809,-0.99287564,0.045714259,0
-3.6351748,3.8068104,-0.16093946,-0.9863838,0.10343152,-0.12786292,0
0.55392069,-2.6005411,-0.78572357,0.12222365,-0.059161544,-0.99073786,0
2.8489971,0.46660376,1.3329562,-0.12222365,0.059161544,0.99073786,0
-2.5886493,-4.2944593,-1.065599,-0.11003809,-0.99287564,0.045714259,0
-4.2142296,-4.0423217,0.49772072,-0.11003809,-0.99287564,0.045714259,0
-3.6339638,2.3995242,-1.3086706,-0.9863838,0.10343152,-0.12786292,0
-2.874068,-1.4177002,0.73944318,-0.12222365,0.059161544,0.99073786,0
3.5488622,-4.339499,0.39588284,0.9863838,-0.10343152,0.12786292,0
-3.9915228,0.097984165,-0.41209888,-0.9863838,0.10343152,-0.12786292,0
3.2569268,0.86200809,1.3596697,-0.12222365,0.059161544,0.99073786,0
-1.8889147,3.6160042,0.56039238,-0.12222365,0.059161544,0.99073786,0
3.7882984,-2.3749528,0.13795233,0.9863838,-0.10343152,0.12786292,0
-4.0699501,-0.30689865,-0.13460004,-0.9863838,0.10343152,-0.12786292,0
3.1820004,-3.1122699,-0.43094921,0.12222365,-0.059161544,-0.99073786,0
-4.1632266,-2.709038,-1.3581812,-0.9863838,0.10343152,-0.12786292,0
-0.49908245,-4.4021959,-0.808043,0.12222365,-0.059161544,-0.99073786,0
4.2307291,2.6171486,0.76310539,0.9863838,-0.10343152,0.12786292,0
3.9262218,-0.5389359,0.55915642,0.9863838,-0.10343152,0.12786292,0
-3.1309257,4.286757,-1.6515818,0.12222365,-0.059161544,-0.99073786,0
3.2588632,4.2216263,1.0969877,0.11003809,0.99287564,-0.045714259,0
4.1374607,2.3326032,1.2524402,0.9863838,-0.10343152,0.12786292,0
-2.7466998,0.55789912,-1.381514,0.12222365,-0.059161544,-0.99073786,0
-2.8913903,3.62205,0.43635941,-0.12222365,0.059161544,0.99073786,0
0.2759842,3.9617107,0.80682397,-0.12222365,0.059161544,0.99073786,0
2.6970277,-4.842978,-0.25589943,-0.11003809,-0.99287564,0.045714259,0
-2.7660048,-0.094096005,0.67373598,-0.12222365,0.059161544,0.99073786,0
-3.7472413,2.7232516,-0.17293406,-0.9863838,0.10343152,-0.12786292,0
4.1558876,4.1087008,0.8035481,0.11003809,0.99287564,-0.045714259,0
-2.2784879,4.7863841,0.034182549,0.11003809,0.99287564,-0.045714259,0
3.4479423,4.1733794,0.5042336,0.11003809,0.99287564,-0.045714259,0
4.2011423,4.0885201,0.47417927,0.11003809,0.99287564,-0.045714259,0
-2.9724863,-4.1867466,0.34990644,-0.11003809,-0.99287564,0.045714259,0
-3.372535,-2.6263509,0.75012302,-0.12222365,0.059161544,0.99073786,0
4.0767584,1.1187832,0.73882997,0.9863838,-0.10343152,0.12786292,0
-3.7851586,2.9577966,0.30930448,-0.9863838,0.10343152,-0.12786292,0
-2.635952,1.2019244,-1.4063091,0.12222365,-0.059161544,-0.99073786,0
-1.4028562,3.6612692,0.61765265,-0.12222365,0.059161544,0.99073786,0
-3.5638328,4.1032066,-0.47153807,-0.9863838,0.10343152,-0.12786292,0
-0.93902552,-4.4449191,-0.36267281,-0.11003809,-0.99287564,0.045714259,0
-0.80858779,4.5699368,-1.1287055,0.11003809,0.99287564,-0.045714259,0
4.4217935,3.1389647,-0.28872752,0.9863838,-0.10343152,0.12786292,0
-1.5491525,4.662972,-0.89065552,0.11003809,0.99287564,-0.045714259,0
2.2070844,0.43164963,-0.76284486,0.12222365,-0.059161544,-0.99073786,0
-0.092701256,4.4898639,-1.1446176,0.11003809,0.99287564,-0.045714259,0
4.4871488,3.6221485,-0.40204501,0.9863838,-0.10343152,0.12786292,0
3.7565737,2.4481316,-0.69210362,0.12222365,-0.059161544,-0.99073786,0
