2.4804146,1.5647007,-0.43148804,0.14726466,0.13546371,-0.97977674,0
-4.8057728,0.31486654,0.34184551,-0.14726466,-0.13546371,0.97977674,0
0.24203897,-3.9738207,-1.533681,0.14726466,0.13546371,-0.97977674,0
-0.11193562,4.2452183,0.28786588,-0.58962393,0.80735016,0.023001075,0
2.7435658,0.97056997,-0.47407985,0.14726466,0.13546371,-0.97977674,0
-4.762516,-1.492281,-1.8155148,-0.79413879,-0.57431269,-0.19876695,0
-2.0385461,-5.6169486,-0.78094292,-0.79413879,-0.57431269,-0.19876695,0
-3.9663439,-2.9726367,-0.71917772,-0.79413879,-0.57431269,-0.19876695,0
-3.3399565,-3.5446982,-1.5688975,-0.79413879,-0.57431269,-0.19876695,0
-1.1667032,-5.1680007,-0.67515779,0.58962393,-0.80735016,-0.023001075,0
3.3744092,3.6426997,1.1480846,0.79413879,0.57431269,0.19876695,0
2.0435817,-2.8590221,0.5729146,0.58962393,-0.80735016,-0.023001075,0
-4.5449781,-2.1025641,-0.9213109,-0.79413879,-0.57431269,-0.19876695,0
0.99280834,5.0321269,0.98667359,-0.58962393,0.80735016,0.023001075,0
-3.3086853,0.99155259,-1.3808584,0.14726466,0.13546371,-0.97977674,0
1.9052594,5.7115765,0.52795172,-0.58962393,0.80735016,0.023001075,0
2.3695133,5.3936043,0.10394788,0.79413879,0.57431269,0.19876695,0
-3.5706825,-3.419291,-1.0094204,-0.79413879,-0.57431269,-0.19876695,0
4.9385672,-0.7549839,0.93194008,0.58962393,-0.80735016,-0.023001075,0
-1.4195116,1.1504226,0.96633899,-0.14726466,-0.13546371,0.97977674,0
5.23452,1.4025002,0.189116,0.79413879,0.57431269,0.19876695,0
3.9835482,2.5599649,1.8428047,0.79413879,0.57431269,0.19876695,0
-1.0228705,2.2825539,1.1824841,-0.14726466,-0.13546371,0.97977674,0
-0.77349615,-4.8776221,-0.78787374,0.58962393,-0.80735016,-0.023001075,0
-5.1846757,-0.35197258,-1.8485837,0.14726466,0.13546371,-0.97977674,0
0.1500442,-3.8098989,-1.5248444,0.14726466,0.13546371,-0.97977674,0
-1.6457008,-3.3076298,0.31597209,-0.14726466,-0.13546371,0.97977674,0
-1.2476897,3.4377756,-0.48508963,-0.58962393,0.80735016,0.023001075,0
-4.2229977,1.2568527,-0.20442986,-0.58962393,0.80735016,0.023001075,0
4.3594422,1.8057942,1.9255526,-0.14726466,-0.13546371,0.97977674,0
-4.2711754,1.2486252,-1.1506388,-0.58962393,0.80735016,0.023001075,0
1.0298197,1.1676984,1.3368727,-0.14726466,-0.13546371,0.97977674,0
0.29589123,-0.26500368,1.0284748,-0.14726466,-0.13546371,0.97977674,0
-5.356051,-0.65781617,-1.8552346,-0.79413879,-0.57431269,-0.19876695,0
4.8129001,0.72814536,-0.19656706,0.14726466,0.13546371,-0.97977674,0
5.6663475,-0.23499799,1.3365045,0.58962393,-0.80735016,-0.023001075,0
-3.1404729,-3.8204017,-1.5692897,-0.79413879,-0.57431269,-0.19876695,0
-3.0282469,1.1940128,0.73056555,-0.14726466,-0.13546371,0.97977674,0
1.516217,5.3873506,1.9355044,-0.58962393,0.80735016,0.023001075,0
-5.6311326,-0.47371364,-1.2881331,-0.79413879,-0.57431269,-0.19876695,0
0.40331471,-1.1898177,0.91675639,-0.14726466,-0.13546371,0.97977674,0
-5.3334808,-0.77361727,0.11203432,-0.14726466,-0.13546371,0.97977674,0
0.72755796,-0.95595539,-1.0434557,0.14726466,0.13546371,-0.97977674,0
-3.2040594,2.0089521,-0.48341036,-0.58962393,0.80735016,0.023001075,0
-4.1601872,-2.6318226,-0.92944956,-0.79413879,-0.57431269,-0.19876695,0
2.9784284,4.3767538,0.60919857,0.79413879,0.57431269,0.19876695,0
-1.1789246,3.4811673,-0.24537678,-0.58962393,0.80735016,0.023001075,0
2.3565044,5.084096,1.0502114,0.79413879,0.57431269,0.19876695,0
1.3787038,-2.0781417,-1.1007389,0.14726466,0.13546371,-0.97977674,0
-4.4422727,-2.1474457,-1.2019753,-0.79413879,-0.57431269,-0.19876695,0
5.588191,0.51147461,1.3505907,0.79413879,0.57431269,0.19876695,0
-0.37474203,2.1117208,-0.78499961,0.14726466,0.13546371,-0.97977674,0
5.3888998,0.65934193,1.7195826,0.79413879,0.57431269,0.19876695,0
-3.7941792,1.6025333,-1.345403,-0.58962393,0.80735016,0.023001075,0
0.53985167,4.0385065,1.6601459,-0.14726466,-0.13546371,0.97977674,0
-1.6341696,3.1212888,0.71649796,-0.58962393,0.80735016,0.023001075,0
0.25853872,4.5018225,0.77790189,-0.58962393,0.80735016,0.023001075,0
1.0169423,1.3591104,1.3614018,-0.14726466,-0.13546371,0.97977674,0
0.93760347,4.4777775,-0.26061738,0.14726466,0.13546371,-0.97977674,0
4.9517474,1.5626307,0.8562088,0.79413879,0.57431269,0.19876695,0
-1.5120821,2.4266284,1.1288733,-0.14726466,-0.13546371,0.97977674,0
0.57962084,-3.5428991,-1.4233618,0.14726466,0.13546371,-0.97977674,0
-2.4353025,2.5744081,-0.62442863,-0.58962393,0.80735016,0.023001075,0
-5.3700976,-0.9242487,-1.0292892,-0.79413879,-0.57431269,-0.19876695,0
-2.200165,1.3480961,-1.1649473,0.14726466,0.13546371,-0.97977674,0
-3.2902389,-3.5602074,-1.7227244,-0.79413879,-0.57431269,-0.19876695,0
5.2854223,0.93880641,1.3255296,0.79413879,0.57431269,0.19876695,0
0.23213863,-4.1546488,-0.38556147,0.58962393,-0.80735016,-0.023001075,0
-4.3704967,1.1586193,-0.53746057,-0.58962393,0.80735016,0.023001075,0
1.7590213,-3.0664971,0.56080192,0.58962393,-0.80735016,-0.023001075,0
1.1235509,-3.5119622,-0.093185931,0.58962393,-0.80735016,-0.023001075,0
1.2670801,-2.6681554,-1.1990917,0.14726466,0.13546371,-0.97977674,0
-2.4781065,-4.9979677,-0.81322479,-0.79413879,-0.57431269,-0.19876695,0
5.7203341,0.49947405,0.85731125,0.79413879,0.57431269,0.19876695,0
-0.85979211,-2.4510717,0.55252504,-0.14726466,-0.13546371,0.97977674,0
1.9202862,-0.26126838,1.273145,-0.14726466,-0.13546371,0.97977674,0
4.5693035,-1.0366724,1.353405,0.58962393,-0.80735016,-0.023001075,0
-2.7468643,2.3446436,-0.54633486,-0.58962393,0.80735016,0.023001075,0
1.0461955,5.0839844,0.53499556,-0.58962393,0.80735016,0.023001075,0
-2.9350324,-4.4505286,-0.569417,-0.79413879,-0.57431269,-0.19876695,0
-1.3578235,-0.32784596,-1.2700552,0.14726466,0.13546371,-0.97977674,0
1.5187757,-3.2171588,-0.30950981,0.58962393,-0.80735016,-0.023001075,0
-0.29853404,1.0572764,1.1219484,-0.14726466,-0.13546371,0.97977674,0
-0.90644264,3.6748438,-0.058575284,-0.58962393,0.80735016,0.023001075,0
5.509027,-0.32721329,0.54047203,0.58962393,-0.80735016,-0.023001075,0
-5.3515158,-0.80673528,-1.4430685,-0.79413879,-0.57431269,-0.19876695,0
-0.79633904,-4.8919864,-0.86926389,0.58962393,-0.80735016,-0.023001075,0
1.3033156,-3.3913651,0.28200725,0.58962393,-0.80735016,-0.023001075,0
2.489778,0.49176753,1.4628568,-0.14726466,-0.13546371,0.97977674,0
5.4992146,0.90120125,-0.069484711,0.14726466,0.13546371,-0.97977674,0
-3.5916691,-3.4306483,-0.89275599,-0.79413879,-0.57431269,-0.19876695,0
-1.8680034,-5.1822042,-2.0179005,0.14726466,0.13546371,-0.97977674,0
2.7056577,-1.3050606,1.246875,-0.14726466,-0.13546371,0.97977674,0
2.5124378,4.5623116,1.9348366,0.79413879,0.57431269,0.19876695,0
-3.5146549,1.7485276,0.69561672,-0.58962393,0.80735016,0.023001075,0
-0.39640141,-4.6015472,-0.81157386,0.58962393,-0.80735016,-0.023001075,0
-0.87467098,3.6816549,0.51681519,-0.58962393,0.80735016,0.023001075,0
-2.672981,2.3837333,-0.024436951,-0.58962393,0.80735016,0.023001075,0
4.1419411,-1.3450086,1.2208931,0.58962393,-0.80735016,-0.023001075,0
4.6839914,0.16944766,1.7480924,-0.14726466,-0.13546371,0.97977674,0
-3.3770154,1.8981893,-1.0292428,-0.58962393,0.80735016,0.023001075,0
-0.64806473,-0.87927669,-1.239616,0.14726466,0.13546371,-0.97977674,0
-1.986243,2.8984115,-0.48564702,-0.58962393,0.80735016,0.023001075,0
0.62413406,-3.8687773,-0.37115461,0.58962393,-0.80735016,-0.023001075,0
-3.6413,1.6851348,-0.32575536,-0.58962393,0.80735016,0.023001075,0
4.0388393,-1.3905933,0.17795753,0.58962393,-0.80735016,-0.023001075,0
-1.4038424,-0.85411918,-1.3497347,0.14726466,0.13546371,-0.97977674,0
2.694778,4.3920746,1.6982076,0.79413879,0.57431269,0.19876695,0
-3.9090466,-3.1044683,-0.56718588,-0.79413879,-0.57431269,-0.19876695,0
1.2482662,4.4603205,-0.2163372,0.14726466,0.13546371,-0.97977674,0
4.5362544,1.8836992,-0.078381538,0.14726466,0.13546371,-0.97977674,0
1.4491735,-3.2597466,-0.59887266,0.58962393,-0.80735016,-0.023001075,0
3.1330197,-2.0419915,-0.17797947,0.58962393,-0.80735016,-0.023001075,0
-5.8723712,-0.039952993,-1.5776048,-0.79413879,-0.57431269,-0.19876695,0
3.4989562,3.4118819,1.3173988,0.79413879,0.57431269,0.19876695,0
-5.728394,0.17217207,-0.72182941,-0.58962393,0.80735016,0.023001075,0
-0.22594166,1.5758581,-0.83672249,0.14726466,0.13546371,-0.97977674,0
0.80410051,-3.7361679,-0.41242874,0.58962393,-0.80735016,-0.023001075,0
-4.9277172,-1.7704458,-0.35175848,-0.79413879,-0.57431269,-0.19876695,0
-4.8754644,-1.7803574,-0.53188896,-0.79413879,-0.57431269,-0.19876695,0
3.6319754,3.636116,0.13804626,0.79413879,0.57431269,0.19876695,0
-2.270699,1.3628086,-1.1735147,0.14726466,0.13546371,-0.97977674,0
-3.8163171,-3.214448,-0.61989975,-0.79413879,-0.57431269,-0.19876695,0
3.4770188,-1.8066192,0.37864351,0.58962393,-0.80735016,-0.023001075,0
-3.8309481,1.3027508,0.62495041,-0.14726466,-0.13546371,0.97977674,0
3.0481565,3.9058454,1.6912446,0.79413879,0.57431269,0.19876695,0
5.3299379,0.98507595,1.0139861,0.79413879,0.57431269,0.19876695,0
-5.4447727,-0.028035164,-1.8428898,0.14726466,0.13546371,-0.97977674,0
3.6249747,3.1837471,1.4730816,0.79413879,0.57431269,0.19876695,0
2.3188281,5.1720538,0.94659591,0.79413879,0.57431269,0.19876695,0
5.781477,0.69109249,0.059369564,0.79413879,0.57431269,0.19876695,0
4.0770121,0.74648613,1.7366421,-0.14726466,-0.13546371,0.97977674,0
-5.2465167,-1.0233879,-1.2365861,-0.79413879,-0.57431269,-0.19876695,0
5.0267982,-0.54544491,1.7007771,-0.14726466,-0.13546371,0.97977674,0
-3.5902634,-3.6464319,-0.2748909,-0.79413879,-0.57431269,-0.19876695,0
-1.4307752,3.2892725,0.034130037,-0.58962393,0.80735016,0.023001075,0
4.0711851,2.5694849,1.4651585,0.79413879,0.57431269,0.19876695,0
3.4441047,-1.1668465,-0.66430449,0.14726466,0.13546371,-0.97977674,0
0.29638934,-4.0765371,-1.4802901,0.58962393,-0.80735016,-0.023001075,0
-5.0915442,-1.1104958,-1.6040621,-0.79413879,-0.57431269,-0.19876695,0
-2.9950607,-4.0437794,-1.5048363,-0.79413879,-0.57431269,-0.19876695,0
-1.1300824,1.9777454,-0.91705406,0.14726466,0.13546371,-0.97977674,0
-2.2057571,0.45671624,-1.2890298,0.14726466,0.13546371,-0.97977674,0
4.6634655,2.0276821,0.66427994,0.79413879,0.57431269,0.19876695,0
-0.31062365,4.085866,0.78792876,-0.58962393,0.80735016,0.023001075,0
-1.9042327,-3.9621978,0.18661284,-0.14726466,-0.13546371,0.97977674,0
-4.4717259,-2.2415986,-0.81225681,-0.79413879,-0.57431269,-0.19876695,0
0.82804954,1.1264806,1.3008471,-0.14726466,-0.13546371,0.97977674,0
1.1485399,1.1713772,1.3552256,-0.14726466,-0.13546371,0.97977674,0
4.9657979,1.5218545,0.91788864,0.79413879,0.57431269,0.19876695,0
2.2610664,0.91862506,1.4874977,-0.14726466,-0.13546371,0.97977674,0
3.380722,3.6239932,1.1769123,0.79413879,0.57431269,0.19876695,0
2.9725618,4.3620543,0.67510843,0.79413879,0.57431269,0.19876695,0
2.26526,-0.78620142,1.2524188,-0.14726466,-0.13546371,0.97977674,0
-2.1807158,-0.81145084,0.58067846,-0.14726466,-0.13546371,0.97977674,0
-2.1967027,2.7099452,0.73456299,-0.58962393,0.80735016,0.023001075,0
-4.5168304,-1.8616543,-1.7298505,-0.79413879,-0.57431269,-0.19876695,0
2.3787696,-0.67476201,1.2848876,-0.14726466,-0.13546371,0.97977674,0
4.1143241,2.8646846,0.43986177,0.79413879,0.57431269,0.19876695,0
-2.0863812,2.8380113,-0.93258113,-0.58962393,0.80735016,0.023001075,0
5.1780891,-0.58431685,1.0814667,0.58962393,-0.80735016,-0.023001075,0
-0.09698236,1.0719068,-0.88701558,0.14726466,0.13546371,-0.97977674,0
-2.156208,-5.2152715,-1.4714458,-0.79413879,-0.57431269,-0.19876695,0
-1.1758714,2.176388,-0.89647198,0.14726466,0.13546371,-0.97977674,0
-4.8969173,0.4918316,-1.6886683,0.14726466,0.13546371,-0.97977674,0
-5.3637466,-1.2633595,-0.074842453,-0.79413879,-0.57431269,-0.19876695,0
2.8134661,4.3860531,1.2414074,0.79413879,0.57431269,0.19876695,0
-3.3384063,-3.9597833,-0.3757515,-0.79413879,-0.57431269,-0.19876695,0
3.9018331,3.0904264,0.63657808,0.79413879,0.57431269,0.19876695,0
-3.4719489,1.8118074,-0.43077683,-0.58962393,0.80735016,0.023001075,0
-4.9779544,-1.0244617,-1.9104905,0.14726466,0.13546371,-0.97977674,0
2.15679,5.263073,1.331001,0.79413879,0.57431269,0.19876695,0
-0.42305994,4.0037069,0.7895087,-0.58962393,0.80735016,0.023001075,0
-4.7317181,-1.8694007,-0.84891987,-0.79413879,-0.57431269,-0.19876695,0
0.85163164,-0.45006597,-0.95486259,0.14726466,0.13546371,-0.97977674,0
4.6071067,2.1156759,0.63520145,0.79413879,0.57431269,0.19876695,0
2.690351,4.8932891,0.26769304,0.79413879,0.57431269,0.19876695,0
-3.6616511,-3.244072,-1.1522441,-0.79413879,-0.57431269,-0.19876695,0
3.0194321,3.8674979,1.9168086,0.79413879,0.57431269,0.19876695,0
1.1770787,-3.4486079,-0.94477922,0.58962393,-0.80735016,-0.023001075,0
-4.5689545,1.0342796,-1.2604561,-0.58962393,0.80735016,0.023001075,0
-1.3033948,-5.1787491,0.10872102,-0.14726466,-0.13546371,0.97977674,0
-0.068809986,4.2734342,0.40299523,-0.58962393,0.80735016,0.023001075,0
-2.3167243,-5.0878329,-1.1983464,-0.79413879,-0.57431269,-0.19876695,0
-3.2733674,-4.0295668,-0.43397379,-0.79413879,-0.57431269,-0.19876695,0
-4.8040719,0.83692634,-0.36040831,-0.58962393,0.80735016,0.023001075,0
2.2750704,4.8575392,2.0301728,0.79413879,0.57431269,0.19876695,0
-4.9154205,-1.5297872,-1.096241,-0.79413879,-0.57431269,-0.19876695,0
-2.4992585,-2.4465246,-1.7345462,0.14726466,0.13546371,-0.97977674,0
-3.5460374,1.7579592,-0.43990564,-0.58962393,0.80735016,0.023001075,0
-4.9913583,-1.4467001,-1.0329161,-0.79413879,-0.57431269,-0.19876695,0
5.7052908,0.51508737,0.87230349,0.79413879,0.57431269,0.19876695,0
5.2567663,-0.4904542,-0.19630289,0.58962393,-0.80735016,-0.023001075,0
2.8759155,4.0403819,1.9906774,0.79413879,0.57431269,0.19876695,0
0.33172607,-4.1054707,0.44114992,0.58962393,-0.80735016,-0.023001075,0
5.3292875,-0.47751629,1.2086248,0.58962393,-0.80735016,-0.023001075,0
4.3121014,-1.2184008,1.1388824,0.58962393,-0.80735016,-0.023001075,0
-1.6898932,3.1241143,-0.81113327,-0.58962393,0.80735016,0.023001075,0
3.1863809,3.4807427,-0.060466528,0.14726466,0.13546371,-0.97977674,0
0.10363746,-2.5017467,0.69032633,-0.14726466,-0.13546371,0.97977674,0
-1.37432,-3.9550405,-1.7740302,0.14726466,0.13546371,-0.97977674,0
-4.2988605,1.2223575,-0.93834209,-0.58962393,0.80735016,0.023001075,0
-3.8817902,-2.8315833,-1.4645543,-0.79413879,-0.57431269,-0.19876695,0
3.8917193,2.4837897,1.9489913,-0.14726466,-0.13546371,0.97977674,0
2.0104101,4.5572987,1.9529055,-0.14726466,-0.13546371,0.97977674,0
3.1884036,-1.5085955,1.2912934,-0.14726466,-0.13546371,0.97977674,0
2.2076938,-2.7169485,-0.20699716,0.58962393,-0.80735016,-0.023001075,0
2.8205843,4.4257131,1.0983753,0.79413879,0.57431269,0.19876695,0
-0.62672806,-4.7749586,-0.62907088,0.58962393,-0.80735016,-0.023001075,0
-3.8199093,-2.989362,-1.2559047,-0.79413879,-0.57431269,-0.19876695,0
3.1596031,3.9671483,1.0688508,0.79413879,0.57431269,0.19876695,0
3.0102289,1.1393528,-0.41066313,0.14726466,0.13546371,-0.97977674,0
3.9064083,3.0998902,0.59095383,0.79413879,0.57431269,0.19876695,0
4.083828,-1.3688185,0.56692457,0.58962393,-0.80735016,-0.023001075,0
0.39507341,1.1103858,1.2335435,-0.14726466,-0.13546371,0.97977674,0
2.153764,5.2371521,1.4179871,0.79413879,0.57431269,0.19876695,0
5.42732,1.1457982,0.16052771,0.79413879,0.57431269,0.19876695,0
4.3084126,0.71691036,-0.27394724,0.14726466,0.13546371,-0.97977674,0
-2.6318035,2.3979919,0.53066361,-0.58962393,0.80735016,0.023001075,0
4.1814322,1.4597726,-0.19032526,0.14726466,0.13546371,-0.97977674,0
5.1030922,1.2488426,1.1581883,0.79413879,0.57431269,0.19876695,0
5.9776511,0.019357681,0.38862514,0.58962393,-0.80735016,-0.023001075,0
-1.9497981,2.9086652,0.088694692,-0.58962393,0.80735016,0.023001075,0
-5.186182,0.52088821,-1.7281284,0.14726466,0.13546371,-0.97977674,0
3.5184433,-1.7726694,0.24887657,0.58962393,-0.80735016,-0.023001075,0
-5.7976012,-0.4440949,-0.70861578,-0.79413879,-0.57431269,-0.19876695,0
5.6246691,0.4144479,1.485199,0.79413879,0.57431269,0.19876695,0
-5.0674148,-1.6366544,0.032701969,-0.14726466,-0.13546371,0.97977674,0
2.1167493,5.2108283,1.6419322,0.79413879,0.57431269,0.19876695,0
-5.0878043,0.65137076,-1.1206884,-0.58962393,0.80735016,0.023001075,0
-3.2746873,1.978708,-1.2323415,-0.58962393,0.80735016,0.023001075,0
1.5142045,-1.1141224,1.0941935,-0.14726466,-0.13546371,0.97977674,0
-1.3043959,-5.2492065,-1.3544815,0.58962393,-0.80735016,-0.023001075,0
-4.3379383,-2.0715585,-1.8380928,-0.79413879,-0.57431269,-0.19876695,0
-4.8489814,-1.6973953,-0.87740421,-0.79413879,-0.57431269,-0.19876695,0
-2.2226222,2.715486,-0.12436402,-0.58962393,0.80735016,0.023001075,0
-1.7109935,3.0628781,0.79741615,-0.58962393,0.80735016,0.023001075,0
-0.66663384,-2.1722026,-1.4211669,0.14726466,0.13546371,-0.97977674,0
3.3484004,3.9109774,0.47684383,0.79413879,0.57431269,0.19876695,0
-3.8872235,-2.9883158,-0.98998499,-0.79413879,-0.57431269,-0.19876695,0
1.4391068,-1.516439,-1.013999,0.14726466,0.13546371,-0.97977674,0
-0.050302982,4.2801228,0.64264417,-0.58962393,0.80735016,0.023001075,0
-4.8892078,-0.56835902,-1.8340912,0.14726466,0.13546371,-0.97977674,0
0.46317238,1.7382597,1.3305889,-0.14726466,-0.13546371,0.97977674,0
-3.0955906,2.0751085,-0.02498436,-0.58962393,0.80735016,0.023001075,0
3.8378072,-0.071452618,-0.45368052,0.14726466,0.13546371,-0.97977674,0
1.1954347,-0.29850194,1.1590487,-0.14726466,-0.13546371,0.97977674,0
4.4478383,1.9473424,1.7579114,0.79413879,0.57431269,0.19876695,0
-1.4438345,3.2828569,-0.075456977,-0.58962393,0.80735016,0.023001075,0
-2.1945088,-4.778409,0.030133963,-0.14726466,-0.13546371,0.97977674,0
0.11397123,-3.9325817,-1.5472283,0.14726466,0.13546371,-0.97977674,0
3.0805097,0.11541277,1.4996116,-0.14726466,-0.13546371,0.97977674,0
-0.97175646,3.6406643,-0.53313684,-0.58962393,0.80735016,0.023001075,0
-3.8825743,1.4850188,0.51344824,-0.58962393,0.80735016,0.023001075,0
0.70481277,4.8064895,1.5240028,-0.58962393,0.80735016,0.023001075,0
-3.1866665,-3.6277561,-1.9413559,-0.79413879,-0.57431269,-0.19876695,0
1.3139768,-3.3560362,-0.68477964,0.58962393,-0.80735016,-0.023001075,0
2.6477032,4.5120244,1.5397062,0.79413879,0.57431269,0.19876695,0
3.6597216,3.5665717,0.22812891,0.79413879,0.57431269,0.19876695,0
-2.4866562,-0.66917729,-1.4869163,0.14726466,0.13546371,-0.97977674,0
0.30941105,-4.0743885,-1.2218955,0.58962393,-0.80735016,-0.023001075,0
-2.6937623,-4.6369066,-0.99485183,-0.79413879,-0.57431269,-0.19876695,0
-1.4132881,3.0742085,1.2332568,-0.14726466,-0.13546371,0.97977674,0
-0.92478466,2.0298793,-0.87898874,0.14726466,0.13546371,-0.97977674,0
-0.17222595,-1.8492578,0.7390759,-0.14726466,-0.13546371,0.97977674,0
4.0541091,-1.3672144,-0.25122046,0.58962393,-0.80735016,-0.023001075,0
-5.865294,0.057323217,-0.19993973,-0.58962393,0.80735016,0.023001075,0
-2.3770056,-5.2802567,-0.40151715,-0.79413879,-0.57431269,-0.19876695,0
0.40023088,-1.8853881,0.82012326,-0.14726466,-0.13546371,0.97977674,0
-5.6437607,0.20852637,0.17167234,-0.58962393,0.80735016,0.023001075,0
-0.22566843,-4.4970846,-0.10159159,0.58962393,-0.80735016,-0.023001075,0
-2.8647516,2.2284565,0.50989485,-0.58962393,0.80735016,0.023001075,0
1.1384125,-3.502357,-0.04937014,0.58962393,-0.80735016,-0.023001075,0
-4.3400407,1.2043993,-1.3636582,-0.58962393,0.80735016,0.023001075,0
-2.1430275,2.751091,0.66625822,-0.58962393,0.80735016,0.023001075,0
1.6812747,0.22016461,1.3037832,-0.14726466,-0.13546371,0.97977674,0
-1.9018092,2.9713159,-0.88021117,-0.58962393,0.80735016,0.023001075,0
2.838156,-2.019999,-0.8733381,0.14726466,0.13546371,-0.97977674,0
1.6524956,3.7831469,-0.24920535,0.14726466,0.13546371,-0.97977674,0
4.6275444,-0.98131585,0.90333939,0.58962393,-0.80735016,-0.023001075,0
2.8071003,4.397049,1.2350705,0.79413879,0.57431269,0.19876695,0
-2.6720109,2.406208,-0.78844929,-0.58962393,0.80735016,0.023001075,0
5.9828835,0.42679906,0.018327713,0.79413879,0.57431269,0.19876695,0
-5.1743174,0.57429576,-0.63302612,-0.58962393,0.80735016,0.023001075,0
1.1581054,5.1531224,0.97697806,-0.58962393,0.80735016,0.023001075,0
-3.3407764,1.5116575,-1.3137722,0.14726466,0.13546371,-0.97977674,0
-2.2493203,-5.0957398,-1.4448016,-0.79413879,-0.57431269,-0.19876695,0
0.76421976,-3.7525139,-0.86101341,0.58962393,-0.80735016,-0.023001075,0
-4.9850845,0.72509718,-1.0753341,-0.58962393,0.80735016,0.023001075,0
2.869055,4.1826887,1.6069083,0.79413879,0.57431269,0.19876695,0
1.3451258,-1.0590124,1.0763999,-0.14726466,-0.13546371,0.97977674,0
-2.0196028,-5.6880193,-0.6512804,-0.79413879,-0.57431269,-0.19876695,0
4.228673,-1.2407048,-0.21690059,0.58962393,-0.80735016,-0.023001075,0
-4.7727761,-1.6332251,-1.3672833,-0.79413879,-0.57431269,-0.19876695,0
4.7512178,-0.87919319,0.48910284,0.58962393,-0.80735016,-0.023001075,0
-4.8418579,-1.8728669,-0.39886093,-0.79413879,-0.57431269,-0.19876695,0
5.0903006,-0.64292097,0.88809967,0.58962393,-0.80735016,-0.023001075,0
-0.85450125,-4.7991862,0.22867012,-0.14726466,-0.13546371,0.97977674,0
-2.0028656,-5.533824,-1.1636772,-0.79413879,-0.57431269,-0.19876695,0
-3.8075891,0.53648651,-1.5187633,0.14726466,0.13546371,-0.97977674,0
-0.35805976,0.26805544,-1.0373971,0.14726466,0.13546371,-0.97977674,0
-1.7158581,1.6514809,0.99107307,-0.14726466,-0.13546371,0.97977674,0
1.1758971,1.1313715,-0.68747473,0.14726466,0.13546371,-0.97977674,0
0.97386456,-3.5999477,-0.84200281,0.58962393,-0.80735016,-0.023001075,0
4.5891657,-0.97612906,-0.26255989,0.58962393,-0.80735016,-0.023001075,0
-1.6290386,1.7885333,1.0230713,-0.14726466,-0.13546371,0.97977674,0
-4.9515381,-0.24565673,0.24243832,-0.14726466,-0.13546371,0.97977674,0
-0.90226221,-4.955327,-1.3612722,0.58962393,-0.80735016,-0.023001075,0
2.3879879,5.2791748,0.36076641,0.79413879,0.57431269,0.19876695,0
-4.6840544,-1.5717959,-1.8992462,-0.79413879,-0.57431269,-0.19876695,0
1.606173,-0.55594361,-0.85609031,0.14726466,0.13546371,-0.97977674,0
4.1770906,2.6450005,0.82383919,0.79413879,0.57431269,0.19876695,0
5.6563053,-0.21767378,0.47099066,0.58962393,-0.80735016,-0.023001075,0
-4.0980878,1.0578527,-1.4903426,0.14726466,0.13546371,-0.97977674,0
2.4272509,5.1162367,0.67468667,0.79413879,0.57431269,0.19876695,0
-4.8704538,0.78721368,-0.31714201,-0.58962393,0.80735016,0.023001075,0
5.3438878,1.3003156,0.047404766,0.79413879,0.57431269,0.19876695,0
-2.1820743,-0.38289091,-1.4015542,0.14726466,0.13546371,-0.97977674,0
-4.4798131,1.0939813,-1.0709238,-0.58962393,0.80735016,0.023001075,0
-3.1760695,-4.2244492,-0.25962305,-0.79413879,-0.57431269,-0.19876695,0
-4.5285606,1.0416467,-0.48355865,-0.58962393,0.80735016,0.023001075,0
2.3883493,-0.49867868,-0.73060822,0.14726466,0.13546371,-0.97977674,0
1.7329981,5.5754952,0.88864589,-0.58962393,0.80735016,0.023001075,0
4.5898943,1.3271918,-0.1472621,0.14726466,0.13546371,-0.97977674,0
2.6216438,1.4844319,1.6199224,-0.14726466,-0.13546371,0.97977674,0
1.8849409,-2.952013,-0.22975051,0.58962393,-0.80735016,-0.023001075,0
-0.54900527,3.3323684,1.3988554,-0.14726466,-0.13546371,0.97977674,0
0.55409193,-3.9185615,-0.41919881,0.58962393,-0.80735016,-0.023001075,0
1.3398697,-1.4779648,1.0176855,-0.14726466,-0.13546371,0.97977674,0
4.7427926,-0.86297345,-0.29619503,0.58962393,-0.80735016,-0.023001075,0
-3.1320395,1.4124144,0.74516153,-0.14726466,-0.13546371,0.97977674,0
-1.3424003,3.3547173,0.0024425983,-0.58962393,0.80735016,0.023001075,0
-2.5941532,-4.1500649,-1.9843404,0.14726466,0.13546371,-0.97977674,0
0.31639695,-3.7157102,-1.4868182,0.14726466,0.13546371,-0.97977674,0
3.5902114,-1.3002059,1.3804986,-0.14726466,-0.13546371,0.97977674,0
-2.0991864,-2.6725137,0.33562207,-0.14726466,-0.13546371,0.97977674,0
2.6815844,4.8917742,0.30709624,0.79413879,0.57431269,0.19876695,0
-3.3957436,-3.753828,-0.74175406,-0.79413879,-0.57431269,-0.19876695,0
5.355113,0.7325815,1.6429553,0.79413879,0.57431269,0.19876695,0
5.1210423,0.38828468,-0.19724083,0.14726466,0.13546371,-0.97977674,0
0.60815048,4.7301888,1.7242881,-0.58962393,0.80735016,0.023001075,0
-4.0948954,1.3836018,-1.3695207,-0.58962393,0.80735016,0.023001075,0
2.9887271,4.2428412,0.95497513,0.79413879,0.57431269,0.19876695,0
2.0895863,-2.8023643,-0.23649883,0.58962393,-0.80735016,-0.023001075,0
2.4738977,-2.1785305,-0.95000613,0.14726466,0.13546371,-0.97977674,0
3.5821505,2.4470277,-0.14390182,0.14726466,0.13546371,-0.97977674,0
4.1701088,-1.2964957,0.24014211,0.58962393,-0.80735016,-0.023001075,0
-4.9652123,0.69041061,-1.6714776,0.14726466,0.13546371,-0.97977674,0
2.4056759,5.1824045,0.56970143,0.79413879,0.57431269,0.19876695,0
-0.28819913,-1.5328412,-1.2758886,0.14726466,0.13546371,-0.97977674,0
0.78634024,-3.7559063,-0.17487665,0.58962393,-0.80735016,-0.023001075,0
1.1927738,-3.439661,-0.85650134,0.58962393,-0.80735016,-0.023001075,0
-0.9252429,-4.9830217,-0.97825766,0.58962393,-0.80735016,-0.023001075,0
-4.5748181,-2.0719936,-0.89042234,-0.79413879,-0.57431269,-0.19876695,0
2.2433043,-1.4347558,-0.88183117,0.14726466,0.13546371,-0.97977674,0
4.5970535,2.3117492,0.1088376,0.79413879,0.57431269,0.19876695,0
1.6300716,-3.1568811,0.42775267,0.58962393,-0.80735016,-0.023001075,0
0.072773814,-1.2839613,0.85405833,-0.14726466,-0.13546371,0.97977674,0
-4.0687408,-2.6334617,-1.2900717,-0.79413879,-0.57431269,-0.19876695,0
1.0179467,1.4140015,1.3691421,-0.14726466,-0.13546371,0.97977674,0
-1.6631877,-0.70752418,-1.3684471,0.14726466,0.13546371,-0.97977674,0
4.4568653,2.1885781,1.0248246,0.79413879,0.57431269,0.19876695,0
5.6730351,-0.2116468,0.68830872,0.58962393,-0.80735016,-0.023001075,0
-5.8463593,-0.36766505,-0.73464632,-0.79413879,-0.57431269,-0.19876695,0
-5.9466534,-0.32652354,-0.45281172,-0.79413879,-0.57431269,-0.19876695,0
3.9662864,3.1352024,0.24969244,0.79413879,0.57431269,0.19876695,0
5.191442,-0.44536173,1.7393613,-0.14726466,-0.13546371,0.97977674,0
-0.71983385,-2.5015233,-1.474695,0.14726466,0.13546371,-0.97977674,0
3.3460636,3.5214775,1.6115906,0.79413879,0.57431269,0.19876695,0
0.012207985,-2.2407739,0.71266627,-0.14726466,-0.13546371,0.97977674,0
5.6438875,-0.22033286,0.24599695,0.58962393,-0.80735016,-0.023001075,0
-1.4412681,-0.66690135,-1.329475,0.14726466,0.13546371,-0.97977674,0
2.9457891,-0.13953029,1.4441142,-0.14726466,-0.13546371,0.97977674,0
-0.32841015,4.1060386,-0.37609494,-0.58962393,0.80735016,0.023001075,0
-3.7058115,-3.3448355,-0.68466568,-0.79413879,-0.57431269,-0.19876695,0
-2.0317764,-2.6673961,0.34646153,-0.14726466,-0.13546371,0.97977674,0
-3.3212814,-3.5648577,-1.5852625,-0.79413879,-0.57431269,-0.19876695,0
-1.3537548,1.8032308,-0.97480118,0.14726466,0.13546371,-0.97977674,0
3.1653085,4.239799,0.25826311,0.79413879,0.57431269,0.19876695,0
-3.3000152,1.6748626,0.75620008,-0.14726466,-0.13546371,0.97977674,0
-1.6373341,3.1101172,1.0275242,-0.58962393,0.80735016,0.023001075,0
-1.5246754,-4.0702963,-1.8125644,0.14726466,0.13546371,-0.97977674,0
0.74648046,-3.8025503,0.44054025,0.58962393,-0.80735016,-0.023001075,0
-2.8066683,2.2805386,0.17072606,-0.58962393,0.80735016,0.023001075,0
0.4692626,4.6315308,1.6269141,-0.58962393,0.80735016,0.023001075,0
-4.5914764,0.96869946,0.46409464,-0.58962393,0.80735016,0.023001075,0
1.7249155,-1.6417161,1.0529194,-0.14726466,-0.13546371,0.97977674,0
4.9996896,1.5418673,0.72465658,0.79413879,0.57431269,0.19876695,0
3.5948627,3.6520476,0.24029064,0.79413879,0.57431269,0.19876695,0
2.9227567,4.5901203,0.2151258,0.79413879,0.57431269,0.19876695,0
4.4449835,1.7613864,1.9322701,-0.14726466,-0.13546371,0.97977674,0
-4.9744987,0.70173025,0.016211987,-0.58962393,0.80735016,0.023001075,0
-3.8895092,-1.5824032,-1.8240337,0.14726466,0.13546371,-0.97977674,0
-2.8168049,-4.5862608,-0.64959192,-0.79413879,-0.57431269,-0.19876695,0
4.0281363,2.6927431,1.2810135,0.79413879,0.57431269,0.19876695,0
3.2689829,-1.9487829,0.035740852,0.58962393,-0.80735016,-0.023001075,0
-4.206368,-2.762732,-0.36669588,-0.79413879,-0.57431269,-0.19876695,0
-5.0373168,-0.48048186,0.19707823,-0.14726466,-0.13546371,0.97977674,0
3.5627384,-1.7521262,0.6632967,0.58962393,-0.80735016,-0.023001075,0
-4.3745337,-2.3047194,-1.0181904,-0.79413879,-0.57431269,-0.19876695,0
4.45331,-1.1188027,1.2627897,0.58962393,-0.80735016,-0.023001075,0
-4.8488784,-1.7642962,-0.68451548,-0.79413879,-0.57431269,-0.19876695,0
3.424453,3.7676249,0.58718777,0.79413879,0.57431269,0.19876695,0
-2.0830007,2.2905424,1.0242465,-0.14726466,-0.13546371,0.97977674,0
1.5609698,5.4383783,1.2916224,-0.58962393,0.80735016,0.023001075,0
0.099684,-2.621017,0.67324185,-0.14726466,-0.13546371,0.97977674,0
1.0266666,5.0355048,1.7360432,-0.58962393,0.80735016,0.023001075,0
4.3223834,-1.1771808,-0.044386864,0.58962393,-0.80735016,-0.023001075,0
1.5885944,-3.1941018,0.67095256,0.58962393,-0.80735016,-0.023001075,0
3.185122,4.2469978,0.15830231,0.79413879,0.57431269,0.19876695,0
3.4529347,3.2960865,1.8358467,0.79413879,0.57431269,0.19876695,0
-3.847156,-3.1246982,-0.75600815,-0.79413879,-0.57431269,-0.19876695,0
-1.8401986,-1.5964265,0.52332878,-0.14726466,-0.13546371,0.97977674,0
-2.6040497,-1.4976419,0.42217684,-0.14726466,-0.13546371,0.97977674,0
3.4813306,0.9619559,1.6768994,-0.14726466,-0.13546371,0.97977674,0
3.0818193,4.38764,0.16466403,0.79413879,0.57431269,0.19876695,0
-5.4325099,-1.2005677,0.018460751,-0.79413879,-0.57431269,-0.19876695,0
-0.1412077,-4.4323611,-0.20828784,0.58962393,-0.80735016,-0.023001075,0
-3.581202,-1.1139715,0.32835245,-0.14726466,-0.13546371,0.97977674,0
1.0042195,5.0539346,0.51373363,-0.58962393,0.80735016,0.023001075,0
-3.8644099,-3.0006132,-1.0456004,-0.79413879,-0.57431269,-0.19876695,0
4.1265593,2.3636899,1.8385434,0.79413879,0.57431269,0.19876695,0
1.083539,-3.3273542,0.72346163,-0.14726466,-0.13546371,0.97977674,0
1.4492097,5.342814,1.7810698,-0.58962393,0.80735016,0.023001075,0
-0.92838144,-2.7124665,0.50607526,-0.14726466,-0.13546371,0.97977674,0
3.7298474,3.5198739,0.082881927,0.79413879,0.57431269,0.19876695,0
4.744041,1.5788704,1.6391401,0.79413879,0.57431269,0.19876695,0
2.3883898,-2.6134315,0.79158592,0.58962393,-0.80735016,-0.023001075,0
5.0212693,1.6153831,0.42602301,0.79413879,0.57431269,0.19876695,0
-2.3249841,-5.1687832,-0.93144965,-0.79413879,-0.57431269,-0.19876695,0
2.1087847,5.7304902,0.17225266,0.79413879,0.57431269,0.19876695,0
-5.171649,-1.2082916,-1.0014472,-0.79413879,-0.57431269,-0.19876695,0
0.97620034,-1.6839373,0.93454671,-0.14726466,-0.13546371,0.97977674,0
-2.7015655,1.7556248,0.85731602,-0.14726466,-0.13546371,0.97977674,0
2.4566264,4.8298712,1.3847401,0.79413879,0.57431269,0.19876695,0
-2.3237159,-0.42911488,-1.4292345,0.14726466,0.13546371,-0.97977674,0
0.60874361,0.33937204,-0.88222206,0.14726466,0.13546371,-0.97977674,0
0.11822844,-1.5087008,0.82981783,-0.14726466,-0.13546371,0.97977674,0
-3.5464075,-3.5900607,-0.61298847,-0.79413879,-0.57431269,-0.19876695,0
4.4202561,-1.1275412,0.72217274,0.58962393,-0.80735016,-0.023001075,0
1.2579584,2.667901,1.578581,-0.14726466,-0.13546371,0.97977674,0
1.6509216,-0.63618791,-0.86045897,0.14726466,0.13546371,-0.97977674,0
1.3269382,3.5732563,-0.32715774,0.14726466,0.13546371,-0.97977674,0
2.9798656,4.0685115,1.494086,0.79413879,0.57431269,0.19876695,0
-4.4284286,-2.3065848,-0.79747105,-0.79413879,-0.57431269,-0.19876695,0
-3.0700839,0.10705233,-1.4672863,0.14726466,0.13546371,-0.97977674,0
-0.46546531,3.9551575,1.4065671,-0.58962393,0.80735016,0.023001075,0
-1.758703,-5.6185064,-0.037857771,0.58962393,-0.80735016,-0.023001075,0
3.6523306,3.3617284,0.8495295,0.79413879,0.57431269,0.19876695,0
4.5078306,2.4568548,0.046049118,0.79413879,0.57431269,0.19876695,0
0.49266696,2.8294876,1.485895,-0.14726466,-0.13546371,0.97977674,0
5.2829223,1.4011676,-0.00041818619,0.79413879,0.57431269,0.19876695,0
3.9424675,-0.49811128,1.5443416,-0.14726466,-0.13546371,0.97977674,0
-4.0391951,-2.8036098,-0.91649294,-0.79413879,-0.57431269,-0.19876695,0
-2.2233047,-3.2301717,0.23986483,-0.14726466,-0.13546371,0.97977674,0
2.2072439,4.1081395,-0.12089109,0.14726466,0.13546371,-0.97977674,0
3.7730215,2.8966379,1.7111523,0.79413879,0.57431269,0.19876695,0
2.6004651,4.5079045,1.7403419,0.79413879,0.57431269,0.19876695,0
3.8627386,3.0607517,0.8785162,0.79413879,0.57431269,0.19876695,0
-5.9638157,-0.37334275,-0.24896383,-0.79413879,-0.57431269,-0.19876695,0
2.4886971,-0.87417793,-0.76744199,0.14726466,0.13546371,-0.97977674,0
4.9218941,-0.74132514,0.025073051,0.58962393,-0.80735016,-0.023001075,0
2.6344936,4.388113,1.9505093,0.79413879,0.57431269,0.19876695,0
0.97877312,-2.0396557,0.88575184,-0.14726466,-0.13546371,0.97977674,0
-3.3010163,-3.9865463,-0.44780993,-0.79413879,-0.57431269,-0.19876695,0
5.8454127,0.24983549,1.0788827,0.79413879,0.57431269,0.19876695,0
-5.053371,0.66119283,-1.6887681,0.14726466,0.13546371,-0.97977674,0
1.1395471,5.132369,1.2297052,-0.58962393,0.80735016,0.023001075,0
1.6237011,-3.1370988,-0.42992455,0.58962393,-0.80735016,-0.023001075,0
3.9457097,2.9740734,0.79746628,0.79413879,0.57431269,0.19876695,0
-4.6913385,-1.9426082,-0.79872656,-0.79413879,-0.57431269,-0.19876695,0
2.1906028,2.0868549,-0.40285468,0.14726466,0.13546371,-0.97977674,0
0.93114114,0.33190799,-0.83479637,0.14726466,0.13546371,-0.97977674,0
4.2372904,-1.2349434,-0.19821215,0.58962393,-0.80735016,-0.023001075,0
-3.2075138,-2.9504948,0.13060212,-0.14726466,-0.13546371,0.97977674,0
2.7261438,4.8329515,0.29902887,0.79413879,0.57431269,0.19876695,0
-1.7042732,-4.4047179,0.15548491,-0.14726466,-0.13546371,0.97977674,0
3.2100105,0.6886425,-0.44295049,0.14726466,0.13546371,-0.97977674,0
-3.1914332,-3.7147195,-1.671041,-0.79413879,-0.57431269,-0.19876695,0
0.050496578,2.6056867,1.3884923,-0.14726466,-0.13546371,0.97977674,0
5.6277676,0.70390129,0.63647842,0.79413879,0.57431269,0.19876695,0
5.4092603,-0.38016224,-0.15847683,0.58962393,-0.80735016,-0.023001075,0
-3.2619312,1.939518,0.47024584,-0.58962393,0.80735016,0.023001075,0
-4.3647366,-2.3564463,-0.90787601,-0.79413879,-0.57431269,-0.19876695,0
2.5117688,4.6503463,-0.00015449524,0.14726466,0.13546371,-0.97977674,0
0.1782732,4.4267888,1.3540567,-0.58962393,0.80735016,0.023001075,0
3.7495704,2.370717,-0.12928867,0.14726466,0.13546371,-0.97977674,0
5.4217405,1.0607131,0.42865896,0.79413879,0.57431269,0.19876695,0
-5.1755567,-1.271564,-0.80301666,-0.79413879,-0.57431269,-0.19876695,0
2.5775871,4.8635974,0.80401516,0.79413879,0.57431269,0.19876695,0
1.9932742,-2.8653483,-0.49463105,0.58962393,-0.80735016,-0.023001075,0
-3.358362,-3.7327397,-0.9520371,-0.79413879,-0.57431269,-0.19876695,0
5.3318343,1.0934958,0.69314241,0.79413879,0.57431269,0.19876695,0
3.4795818,3.2299848,1.9203758,0.79413879,0.57431269,0.19876695,0
1.4070274,3.2388518,-0.36135459,0.14726466,0.13546371,-0.97977674,0
-0.79725885,3.7705321,-0.61839068,-0.58962393,0.80735016,0.023001075,0
-5.2155695,0.55411732,-0.98224211,-0.58962393,0.80735016,0.023001075,0
-5.3256011,-0.85801625,-1.3984365,-0.79413879,-0.57431269,-0.19876695,0
-1.3806958,-5.2940965,-1.7347429,0.58962393,-0.80735016,-0.023001075,0
1.086473,5.1013498,0.95795786,-0.58962393,0.80735016,0.023001075,0
-4.4666119,1.078779,-0.19889832,-0.58962393,0.80735016,0.023001075,0
-1.5354385,3.2296009,-0.55436301,-0.58962393,0.80735016,0.023001075,0
-4.004612,-2.9814124,-0.54092789,-0.79413879,-0.57431269,-0.19876695,0
-3.4307044,1.8531965,-0.82627106,-0.58962393,0.80735016,0.023001075,0
-3.7997975,-2.8166065,-1.8354151,-0.79413879,-0.57431269,-0.19876695,0
-1.4024584,-5.3452964,-0.49546981,0.58962393,-0.80735016,-0.023001075,0
2.9519846,4.3088503,0.91104889,0.79413879,0.57431269,0.19876695,0
-2.7498403,-0.19210839,0.58076668,-0.14726466,-0.13546371,0.97977674,0
2.3085496,5.2199225,0.84935117,0.79413879,0.57431269,0.19876695,0
3.0860064,3.7887626,1.8783188,0.79413879,0.57431269,0.19876695,0
-0.4656415,2.5482888,-0.73830229,0.14726466,0.13546371,-0.97977674,0
3.8015656,-1.5667125,0.27741361,0.58962393,-0.80735016,-0.023001075,0
3.531317,3.6693096,0.4442997,0.79413879,0.57431269,0.19876695,0
-2.5097177,2.5225506,-0.71181846,-0.58962393,0.80735016,0.023001075,0
2.7897375,3.5062659,-0.11655498,0.14726466,0.13546371,-0.97977674,0
-5.9254804,-0.29148507,-0.63864517,-0.79413879,-0.57431269,-0.19876695,0
-2.6307631,1.5118667,0.83425605,-0.14726466,-0.13546371,0.97977674,0
-5.0607796,0.043139696,0.26594782,-0.14726466,-0.13546371,0.97977674,0
-1.6986666,-5.5310192,-1.5697031,0.58962393,-0.80735016,-0.023001075,0
-4.3643551,-2.4670162,-0.58991861,-0.79413879,-0.57431269,-0.19876695,0
-1.9212928,2.9095933,0.78684795,-0.58962393,0.80735016,0.023001075,0
-3.2154014,-4.2376499,-0.0643363,-0.79413879,-0.57431269,-0.19876695,0
4.8170571,1.6321172,1.1935668,0.79413879,0.57431269,0.19876695,0
5.8565788,0.097340345,1.4748893,0.79413879,0.57431269,0.19876695,0
-2.306417,2.6747053,-0.84099019,-0.58962393,0.80735016,0.023001075,0
0.4246161,-2.2955322,0.7670821,-0.14726466,-0.13546371,0.97977674,0
-3.4964542,1.7954051,-0.48324108,-0.58962393,0.80735016,0.023001075,0
0.071907997,-3.949342,-1.555868,0.14726466,0.13546371,-0.97977674,0
-2.1724806,2.2835362,1.0098284,-0.14726466,-0.13546371,0.97977674,0
-2.6463552,-4.0277114,0.066010952,-0.14726466,-0.13546371,0.97977674,0
-4.1011724,-2.9556479,-0.2295785,-0.79413879,-0.57431269,-0.19876695,0
-0.49840832,-4.6695504,-1.0395358,0.58962393,-0.80735016,-0.023001075,0
1.6119518,-3.1756458,0.62191403,0.58962393,-0.80735016,-0.023001075,0
-0.99155688,0.70077097,0.96849358,-0.14726466,-0.13546371,0.97977674,0
2.4121029,-2.5949192,0.74966717,0.58962393,-0.80735016,-0.023001075,0
1.8971529,5.5358791,1.580096,0.79413879,0.57431269,0.19876695,0
-0.7203393,-4.8533244,-0.27808738,0.58962393,-0.80735016,-0.023001075,0
-4.2521744,0.36496973,0.43198037,-0.14726466,-0.13546371,0.97977674,0
-1.311296,-3.8237505,-1.7464054,0.14726466,0.13546371,-0.97977674,0
-0.70079893,-1.0369871,0.77193362,-0.14726466,-0.13546371,0.97977674,0
-3.7581925,-3.4348755,-0.21522617,-0.79413879,-0.57431269,-0.19876695,0
-0.066191196,-4.3907967,0.25578618,0.58962393,-0.80735016,-0.023001075,0
-2.6385696,-2.5612917,0.26992798,-0.14726466,-0.13546371,0.97977674,0
-4.2593126,-2.6895933,-0.36649084,-0.79413879,-0.57431269,-0.19876695,0
-0.6068368,3.8820996,0.34692219,-0.58962393,0.80735016,0.023001075,0
-0.11119533,2.5658245,1.3586779,-0.14726466,-0.13546371,0.97977674,0
-2.7949536,2.2919571,0.07022357,-0.58962393,0.80735016,0.023001075,0
-2.3607128,-0.21619272,0.6359241,-0.14726466,-0.13546371,0.97977674,0
5.9793544,0.13705778,0.8696003,0.79413879,0.57431269,0.19876695,0
1.8022908,4.1478643,1.865016,-0.14726466,-0.13546371,0.97977674,0
-2.3007507,0.12299204,0.6918323,-0.14726466,-0.13546371,0.97977674,0
4.1325769,2.8078852,0.53105116,0.79413879,0.57431269,0.19876695,0
1.7340618,0.50241947,1.3507421,-0.14726466,-0.13546371,0.97977674,0
-3.4983256,0.14542556,0.51493335,-0.14726466,-0.13546371,0.97977674,0
3.5359588,-1.7720385,0.67574668,0.58962393,-0.80735016,-0.023001075,0
1.7098436,-1.9671037,-1.035615,0.14726466,0.13546371,-0.97977674,0
-1.1616213,-5.1478109,-1.2535342,0.58962393,-0.80735016,-0.023001075,0
1.5230784,2.6250689,-0.42877352,0.14726466,0.13546371,-0.97977674,0
-2.8882203,-4.5413246,-0.49410272,-0.79413879,-0.57431269,-0.19876695,0
2.2695549,5.1260872,1.2762723,0.79413879,0.57431269,0.19876695,0
1.997874,5.6934404,0.72242999,0.79413879,0.57431269,0.19876695,0
4.2938428,-1.2407719,1.456069,0.58962393,-0.80735016,-0.023001075,0
-2.7281294,-4.3808064,-1.5975144,-0.79413879,-0.57431269,-0.19876695,0
-4.3325081,-2.2457991,0.058941841,-0.14726466,-0.13546371,0.97977674,0
2.6301029,4.5596437,1.4724338,0.79413879,0.57431269,0.19876695,0
1.7883691,2.9391937,1.6958127,-0.14726466,-0.13546371,0.97977674,0
5.1252403,1.5167894,0.29549789,0.79413879,0.57431269,0.19876695,0
0.70489645,4.8449903,0.17474675,-0.58962393,0.80735016,0.023001075,0
-5.5869503,0.27891684,-0.84275341,-0.58962393,0.80735016,0.023001075,0
4.9126315,1.2514324,-0.10922766,0.14726466,0.13546371,-0.97977674,0
1.3969729,5.305315,1.7582211,-0.58962393,0.80735016,0.023001075,0
1.2454789,5.1953468,1.7346563,-0.58962393,0.80735016,0.023001075,0
-1.5932693,-3.9540651,0.23447657,-0.14726466,-0.13546371,0.97977674,0
3.6543093,-0.39347267,-0.5257833,0.14726466,0.13546371,-0.97977674,0
-1.493232,3.2468433,-0.077632666,-0.58962393,0.80735016,0.023001075,0
-0.73040998,-2.646317,-1.4963038,0.14726466,0.13546371,-0.97977674,0
-4.6035323,-2.0080576,-0.96043205,-0.79413879,-0.57431269,-0.19876695,0
-0.29036427,4.1289196,-0.20393819,-0.58962393,0.80735016,0.023001075,0
-3.4410067,-3.3876023,-1.6190786,-0.79413879,-0.57431269,-0.19876695,0
