-1.1750765,-0.19684112,1.5338959,-0.14292727,0.75548065,0.63939118,0
-0.55516028,3.1784387,-4.9815941,-0.61497754,0.43838823,-0.65545321,0
2.1821537,-3.3620753,3.3322468,0.61497754,-0.43838823,0.65545321,0
2.3644555,3.5120754,-2.3794215,0.77548343,0.48689324,-0.40194589,0
-0.29697466,2.0102766,-4.0056405,0.14292727,-0.75548065,-0.63939118,0
1.5145584,1.4361967,-2.9223852,0.14292727,-0.75548065,-0.63939118,0
-2.5302501,-2.28951,3.5404925,-0.77548343,-0.48689324,0.40194589,0
3.6029608,0.66443163,-1.5436621,0.14292727,-0.75548065,-0.63939118,0
-4.9442773,1.008848,-2.3146057,-0.61497754,0.43838823,-0.65545321,0
-5.3745127,1.3458979,-1.6855078,-0.61497754,0.43838823,-0.65545321,0
1.7040364,-2.9951038,4.0262833,0.61497754,-0.43838823,0.65545321,0
-0.64088595,-2.7930567,1.5929213,0.14292727,-0.75548065,-0.63939118,0
4.4053578,-1.6437652,2.3955922,0.61497754,-0.43838823,0.65545321,0
6.2662649,-0.64951348,1.3145871,0.61497754,-0.43838823,0.65545321,0
-0.040618792,-0.58255529,-0.88474262,0.14292727,-0.75548065,-0.63939118,0
4.2019548,1.978932,-0.69144958,0.77548343,0.48689324,-0.40194589,0
-0.9598676,-0.36919081,1.7856448,-0.14292727,0.75548065,0.63939118,0
4.3562169,2.0782385,-0.27353379,0.77548343,0.48689324,-0.40194589,0
-2.0976362,2.6820028,-3.8664002,-0.61497754,0.43838823,-0.65545321,0
0.73314714,3.4332504,-2.3287265,-0.14292727,0.75548065,0.63939118,0
-2.3627012,3.377749,-3.1523662,-0.61497754,0.43838823,-0.65545321,0
-2.0709343,-3.659971,2.766567,-0.77548343,-0.48689324,0.40194589,0
-0.010238409,4.7077494,-4.0008011,-0.14292727,0.75548065,0.63939118,0
5.8145819,-1.17389,1.3876581,0.61497754,-0.43838823,0.65545321,0
0.23216584,0.32994592,1.2260342,-0.14292727,0.75548065,0.63939118,0
2.1598237,2.1074522,-3.5712752,0.14292727,-0.75548065,-0.63939118,0
-0.59882689,-3.7256048,5.5272331,-0.77548343,-0.48689324,0.40194589,0
3.376205,-1.3687425,3.5451365,0.61497754,-0.43838823,0.65545321,0
1.8581367,3.4477687,-3.434171,0.77548343,0.48689324,-0.40194589,0
1.5557346,1.0787441,-2.4908283,0.14292727,-0.75548065,-0.63939118,0
1.7801518,-2.5565763,4.2481689,0.61497754,-0.43838823,0.65545321,0
-0.9902308,-3.7283311,4.768786,-0.77548343,-0.48689324,0.40194589,0
6.4901619,-0.095911145,1.2099009,0.77548343,0.48689324,-0.40194589,0
-1.6915965,1.3321353,-3.5161235,0.14292727,-0.75548065,-0.63939118,0
1.8273867,-2.7655678,4.0640712,0.61497754,-0.43838823,0.65545321,0
-2.4488473,-3.0692916,2.7529643,-0.77548343,-0.48689324,0.40194589,0
3.8314056,2.2665155,-1.0579973,0.77548343,0.48689324,-0.40194589,0
-6.5606751,0.21605647,-1.2004075,-0.77548343,-0.48689324,0.40194589,0
-2.9253106,-2.9225483,2.0114689,-0.77548343,-0.48689324,0.40194589,0
5.2591472,0.61138546,-0.30834723,0.77548343,0.48689324,-0.40194589,0
-3.1087272,2.0879662,-3.3150573,-0.61497754,0.43838823,-0.65545321,0
1.2082388,4.0711222,-3.9329419,0.77548343,0.48689324,-0.40194589,0
2.3988354,-2.5744746,3.6557188,0.61497754,-0.43838823,0.65545321,0
2.7510779,-1.6489853,3.9442253,0.61497754,-0.43838823,0.65545321,0
-3.4250185,2.1667185,-2.9656258,-0.61497754,0.43838823,-0.65545321,0
-6.3957639,-0.58638382,-1.8542686,-0.77548343,-0.48689324,0.40194589,0
4.8764601,0.11439539,-0.60908628,0.14292727,-0.75548065,-0.63939118,0
0.034183264,-4.2335134,4.7647309,0.61497754,-0.43838823,0.65545321,0
-2.5044489,-2.6235495,3.185636,-0.77548343,-0.48689324,0.40194589,0
0.99975073,-2.0421872,4.2004404,-0.14292727,0.75548065,0.63939118,0
2.2197862,2.7898512,-1.236192,-0.14292727,0.75548065,0.63939118,0
-0.74889827,3.4477959,-2.6772041,-0.14292727,0.75548065,0.63939118,0
-2.0684783,-3.4271228,3.0533631,-0.77548343,-0.48689324,0.40194589,0
-2.1873267,2.3290997,-4.0182829,-0.61497754,0.43838823,-0.65545321,0
5.3032532,0.95535463,0.19341135,0.77548343,0.48689324,-0.40194589,0
6.2427516,0.0042152405,0.85385418,0.77548343,0.48689324,-0.40194589,0
1.1953602,-4.1028447,3.5509853,0.14292727,-0.75548065,-0.63939118,0
6.0194478,0.77143383,1.3523917,0.77548343,0.48689324,-0.40194589,0
0.81792974,-3.3868713,4.595644,0.61497754,-0.43838823,0.65545321,0
-0.27945578,0.27108741,-1.9467638,0.14292727,-0.75548065,-0.63939118,0
-3.9089513,-1.4955921,1.8422371,-0.77548343,-0.48689324,0.40194589,0
2.0721211,-2.4760725,4.0280733,0.61497754,-0.43838823,0.65545321,0
-3.7450681,2.3379574,-2.035614,-0.14292727,0.75548065,0.63939118,0
-3.8871608,-2.4304187,0.75188529,-0.77548343,-0.48689324,0.40194589,0
6.3112316,0.22719264,1.2560754,0.77548343,0.48689324,-0.40194589,0
2.5228455,-2.8953424,3.3247614,0.61497754,-0.43838823,0.65545321,0
-3.5697732,0.48783755,-2.9383743,0.14292727,-0.75548065,-0.63939118,0
-1.2659509,-3.8191514,4.1268182,-0.77548343,-0.48689324,0.40194589,0
-0.48548579,-0.92773199,2.5516381,-0.14292727,0.75548065,0.63939118,0
2.3891761,-3.2977459,3.181035,0.61497754,-0.43838823,0.65545321,0
2.6928806,-0.79413199,3.1042621,-0.14292727,0.75548065,0.63939118,0
-1.1354973,-1.8813201,0.40508354,0.14292727,-0.75548065,-0.63939118,0
0.65648293,2.4981194,-4.3689241,0.14292727,-0.75548065,-0.63939118,0
0.4441216,1.5394715,-3.2836928,0.14292727,-0.75548065,-0.63939118,0
2.2833395,-2.2139904,4.0051866,0.61497754,-0.43838823,0.65545321,0
-2.5416753,-1.3583887,-0.52712446,0.14292727,-0.75548065,-0.63939118,0
-5.7251244,1.2193365,-1.1565089,-0.14292727,0.75548065,0.63939118,0
-0.19126177,-4.2666101,4.9541178,0.61497754,-0.43838823,0.65545321,0
-5.5241656,-0.104876,0.41059589,-0.77548343,-0.48689324,0.40194589,0
1.0801247,-2.6933112,1.8597746,0.14292727,-0.75548065,-0.63939118,0
-2.5390973,1.2631119,-0.49603891,-0.14292727,0.75548065,0.63939118,0
-0.45285821,-4.9220767,4.3595195,-0.77548343,-0.48689324,0.40194589,0
-0.93067837,2.8397832,-4.8557677,-0.61497754,0.43838823,-0.65545321,0
-0.46507263,2.0485504,-0.96046281,-0.14292727,0.75548065,0.63939118,0
-1.0405655,-3.3097057,5.1787724,-0.77548343,-0.48689324,0.40194589,0
0.78714019,-0.22296202,2.0033865,-0.14292727,0.75548065,0.63939118,0
3.9258192,1.7187673,-1.5393527,0.77548343,0.48689324,-0.40194589,0
1.8445894,0.034753203,-1.1927181,0.14292727,-0.75548065,-0.63939118,0
3.0846245,2.6156685,-0.83706069,-0.14292727,0.75548065,0.63939118,0
1.3724947,3.7039142,-4.060853,0.77548343,0.48689324,-0.40194589,0
4.7396626,1.4781804,0.87691402,-0.14292727,0.75548065,0.63939118,0
-1.3320611,-3.725554,4.112649,-0.77548343,-0.48689324,0.40194589,0
-2.9059489,1.5553503,-3.8615446,-0.61497754,0.43838823,-0.65545321,0
-3.8524559,-1.7632945,1.6269565,-0.77548343,-0.48689324,0.40194589,0
3.1797481,1.7708449,-2.9156809,0.77548343,0.48689324,-0.40194589,0
4.9875689,0.17970705,2.4665573,-0.14292727,0.75548065,0.63939118,0
-2.2583468,-0.91991341,-0.98187643,0.14292727,-0.75548065,-0.63939118,0
2.6512582,-0.19475681,-0.74121785,0.14292727,-0.75548065,-0.63939118,0
4.6482878,1.0818024,-0.91705787,0.77548343,0.48689324,-0.40194589,0
-5.4533706,-0.7789678,-0.26937103,-0.77548343,-0.48689324,0.40194589,0
-1.7975861,0.23644066,-2.2451842,0.14292727,-0.75548065,-0.63939118,0
-2.1411996,-2.7205672,3.76894,-0.77548343,-0.48689324,0.40194589,0
1.9359915,2.7657237,-4.1101522,0.77548343,0.48689324,-0.40194589,0
3.3820956,-1.3942436,3.5225534,0.61497754,-0.43838823,0.65545321,0
5.6993446,0.076807737,2.3322864,0.61497754,-0.43838823,0.65545321,0
-6.3870687,0.13199162,-0.96729469,-0.77548343,-0.48689324,0.40194589,0
-2.1584802,-2.519449,3.9792228,-0.77548343,-0.48689324,0.40194589,0
-5.4302692,1.5372103,-1.5052381,-0.61497754,0.43838823,-0.65545321,0
5.2756348,-1.1976459,1.8774352,0.61497754,-0.43838823,0.65545321,0
4.4359775,1.3205587,0.99526918,-0.14292727,0.75548065,0.63939118,0
5.6148853,-0.89812917,1.7594609,0.61497754,-0.43838823,0.65545321,0
-6.3262205,-0.43730807,-1.9852352,-0.61497754,0.43838823,-0.65545321,0
-2.5987711,-0.37117219,-1.7063456,0.14292727,-0.75548065,-0.63939118,0
-2.5429499,2.8402417,-3.3427505,-0.61497754,0.43838823,-0.65545321,0
5.2711239,1.066944,0.26659632,0.77548343,0.48689324,-0.40194589,0
-1.2144314,3.3463926,-4.250701,-0.61497754,0.43838823,-0.65545321,0
3.1939282,2.8155477,-1.6228319,0.77548343,0.48689324,-0.40194589,0
-3.1196189,0.66639167,0.079255819,-0.14292727,0.75548065,0.63939118,0
1.2647475,1.8190711,-0.30264044,-0.14292727,0.75548065,0.63939118,0
3.0535688,-2.0887208,3.3663049,0.61497754,-0.43838823,0.65545321,0
-5.9446688,0.74907506,-1.5497332,-0.61497754,0.43838823,-0.65545321,0
1.0704479,-1.7597647,0.7545681,0.14292727,-0.75548065,-0.63939118,0
-4.4651308,-0.9656356,1.411145,-0.77548343,-0.48689324,0.40194589,0
1.8239529,-1.978967,1.1820052,0.14292727,-0.75548065,-0.63939118,0
-4.3095117,-1.0083065,1.6596946,-0.77548343,-0.48689324,0.40194589,0
2.4267428,-0.32522339,-0.63725078,0.14292727,-0.75548065,-0.63939118,0
-1.2169474,-1.0998381,-0.53649294,0.14292727,-0.75548065,-0.63939118,0
1.4195297,3.9795251,-3.6362488,0.77548343,0.48689324,-0.40194589,0
-2.41558,-1.9792726,0.23467511,0.14292727,-0.75548065,-0.63939118,0
-0.99142623,4.2672253,-3.8440514,-0.61497754,0.43838823,-0.65545321,0
5.7323012,0.35737705,0.29682851,0.77548343,0.48689324,-0.40194589,0
1.1543603,-3.5786719,4.1517062,0.61497754,-0.43838823,0.65545321,0
-4.6980319,-1.471982,0.34844577,-0.77548343,-0.48689324,0.40194589,0
-1.5654905,-3.8930449,3.4593999,-0.77548343,-0.48689324,0.40194589,0
4.9987154,1.493561,0.25781107,0.77548343,0.48689324,-0.40194589,0
-0.33514977,3.1325898,-5.2186837,-0.61497754,0.43838823,-0.65545321,0
-0.153548,-3.9159036,5.1532979,0.61497754,-0.43838823,0.65545321,0
-1.3119146,3.1611588,-4.2831278,-0.61497754,0.43838823,-0.65545321,0
1.8224325,3.8113854,-3.0625918,0.77548343,0.48689324,-0.40194589,0
2.9306602,3.0969882,-1.7898418,0.77548343,0.48689324,-0.40194589,0
2.8992405,-1.8840348,3.6480031,0.61497754,-0.43838823,0.65545321,0
-5.5546236,0.68056059,-1.9615178,-0.61497754,0.43838823,-0.65545321,0
0.021300316,-4.2786837,3.4963055,0.14292727,-0.75548065,-0.63939118,0
4.722703,-1.7231046,2.0447793,0.61497754,-0.43838823,0.65545321,0
3.3229704,-1.2675517,3.6627626,0.61497754,-0.43838823,0.65545321,0
-5.9238977,-1.106735,-1.5742092,-0.77548343,-0.48689324,0.40194589,0
-6.2500968,-0.64163685,-1.6401601,-0.77548343,-0.48689324,0.40194589,0
-3.5191424,0.39194286,0.31422615,-0.14292727,0.75548065,0.63939118,0
-3.1009812,2.0530257,-1.5549731,-0.14292727,0.75548065,0.63939118,0
0.906703,-4.3890214,3.8420825,0.61497754,-0.43838823,0.65545321,0
0.20678091,4.2872267,-4.9548893,-0.61497754,0.43838823,-0.65545321,0
2.2812214,1.6192018,-2.9672399,0.14292727,-0.75548065,-0.63939118,0
2.0086715,3.2868426,-3.3386774,0.77548343,0.48689324,-0.40194589,0
-1.5256376,3.2292442,-4.0370646,-0.61497754,0.43838823,-0.65545321,0
0.86262178,-4.2945871,3.7031617,0.14292727,-0.75548065,-0.63939118,0
-0.62558627,4.5514097,-3.9972286,-0.61497754,0.43838823,-0.65545321,0
-2.0140626,2.3345916,-1.6446946,-0.14292727,0.75548065,0.63939118,0
-3.1908097,2.9002218,-2.6947803,-0.61497754,0.43838823,-0.65545321,0
-6.1606817,0.33687735,-1.6227517,-0.61497754,0.43838823,-0.65545321,0
-3.925725,1.4542706,-2.9723473,-0.61497754,0.43838823,-0.65545321,0
-4.7285767,0.99914658,-2.5234747,-0.61497754,0.43838823,-0.65545321,0
2.3658996,-2.6507463,3.6356077,0.61497754,-0.43838823,0.65545321,0
-6.3588958,-0.67699146,-2.1148858,-0.61497754,0.43838823,-0.65545321,0
2.3120575,2.76422,-3.3864212,0.77548343,0.48689324,-0.40194589,0
-4.0483971,-0.27398014,-2.1452289,0.14292727,-0.75548065,-0.63939118,0
0.75042558,1.6740894,-3.3742819,0.14292727,-0.75548065,-0.63939118,0
4.8181572,1.5071919,-0.074034095,0.77548343,0.48689324,-0.40194589,0
-0.065256357,3.0875959,-2.0987864,-0.14292727,0.75548065,0.63939118,0
-5.4395299,-1.3561387,-0.94181943,-0.77548343,-0.48689324,0.40194589,0
-1.5697231,-4.1828642,3.1001635,-0.77548343,-0.48689324,0.40194589,0
3.5423365,2.7766509,-0.99775714,0.77548343,0.48689324,-0.40194589,0
-2.6266751,1.8523504,-3.9249282,-0.61497754,0.43838823,-0.65545321,0
-1.5693858,2.4994185,-4.484149,-0.61497754,0.43838823,-0.65545321,0
3.7313051,-1.9166821,2.8454847,0.61497754,-0.43838823,0.65545321,0
-5.2887063,-1.4876642,-0.81015253,-0.77548343,-0.48689324,0.40194589,0
-4.275784,-1.3838773,1.2698231,-0.77548343,-0.48689324,0.40194589,0
-1.0762089,1.9231799,-4.0769181,0.14292727,-0.75548065,-0.63939118,0
2.5436752,2.3300061,-3.4655361,0.77548343,0.48689324,-0.40194589,0
2.7939413,3.1266069,-2.0177383,0.77548343,0.48689324,-0.40194589,0
2.2622135,1.1873131,-2.4611855,0.14292727,-0.75548065,-0.63939118,0
-5.1769061,0.70731688,-2.2980151,-0.61497754,0.43838823,-0.65545321,0
-1.4278507,-3.1535916,4.6206803,-0.77548343,-0.48689324,0.40194589,0
-5.612709,-0.72627521,-0.51295829,-0.77548343,-0.48689324,0.40194589,0
3.3104057,2.4099066,-0.54347026,-0.14292727,0.75548065,0.63939118,0
-2.5952568,-1.7679577,3.0728059,-0.14292727,0.75548065,0.63939118,0
2.1735659,3.7505417,-2.4588459,0.77548343,0.48689324,-0.40194589,0
-2.7116399,-3.0780263,2.2353716,-0.77548343,-0.48689324,0.40194589,0
-1.3294863,3.6345739,-3.9500046,-0.61497754,0.43838823,-0.65545321,0
0.67443502,-0.76355767,-0.5110364,0.14292727,-0.75548065,-0.63939118,0
4.4518862,1.9527229,-0.24099892,0.77548343,0.48689324,-0.40194589,0
3.4903927,1.5558959,-2.5767229,0.77548343,0.48689324,-0.40194589,0
2.6007879,3.108767,-2.412003,0.77548343,0.48689324,-0.40194589,0
5.4937615,0.83140993,0.41082406,0.77548343,0.48689324,-0.40194589,0
-3.2624717,2.7308104,-2.7408519,-0.61497754,0.43838823,-0.65545321,0
0.26709843,-3.3717244,5.122591,0.61497754,-0.43838823,0.65545321,0
2.4457521,-1.9502254,1.2870402,0.14292727,-0.75548065,-0.63939118,0
0.84998202,3.9384463,-4.7848501,0.77548343,0.48689324,-0.40194589,0
2.3274541,2.9209218,-3.1668971,0.77548343,0.48689324,-0.40194589,0
1.050925,-3.0098667,4.6291895,0.61497754,-0.43838823,0.65545321,0
-3.3574333,2.2010114,-3.0061007,-0.61497754,0.43838823,-0.65545321,0
4.1948442,1.9741691,-0.71093774,0.77548343,0.48689324,-0.40194589,0
0.54140788,0.79604721,-2.3835435,0.14292727,-0.75548065,-0.63939118,0
-1.1300328,-3.5563512,4.7073884,-0.77548343,-0.48689324,0.40194589,0
-1.888275,2.7779391,-3.9986672,-0.61497754,0.43838823,-0.65545321,0
2.2269459,3.0750465,-3.1741128,0.77548343,0.48689324,-0.40194589,0
-1.4760008,3.612246,-3.8274717,-0.61497754,0.43838823,-0.65545321,0
-5.6361995,-0.86732817,-0.72914171,-0.77548343,-0.48689324,0.40194589,0
0.13019133,4.3195553,-4.8614078,-0.61497754,0.43838823,-0.65545321,0
-4.4118319,-1.6133338,0.72939253,-0.77548343,-0.48689324,0.40194589,0
3.3260059,-1.9163244,1.4437523,0.14292727,-0.75548065,-0.63939118,0
-2.9816074,-1.8665088,3.1028867,-0.14292727,0.75548065,0.63939118,0
-0.87734413,-4.5905972,3.9420834,-0.77548343,-0.48689324,0.40194589,0
-2.5930018,-2.7688799,2.8387442,-0.77548343,-0.48689324,0.40194589,0
0.49419355,-2.8171551,5.0031037,-0.14292727,0.75548065,0.63939118,0
3.3887782,1.5339608,-2.618943,0.14292727,-0.75548065,-0.63939118,0
0.15497112,4.6091719,-4.6909533,-0.61497754,0.43838823,-0.65545321,0
-6.2246175,0.23936599,-0.523808,-0.77548343,-0.48689324,0.40194589,0
-4.8743372,0.403476,-2.7851186,-0.61497754,0.43838823,-0.65545321,0
-3.2400103,-1.5963964,2.7259696,-0.14292727,0.75548065,0.63939118,0
-0.97326875,-3.3722169,5.2328868,-0.77548343,-0.48689324,0.40194589,0
-3.6182666,2.5733275,-2.5123572,-0.61497754,0.43838823,-0.65545321,0
-5.049634,1.6625286,-1.529171,-0.14292727,0.75548065,0.63939118,0
3.925765,1.6651847,-1.6043637,0.77548343,0.48689324,-0.40194589,0
-4.2086401,-1.3004737,1.5003951,-0.77548343,-0.48689324,0.40194589,0
-1.4820895,-0.98909724,-0.72660983,0.14292727,-0.75548065,-0.63939118,0
2.987396,2.9444034,-1.8652116,0.77548343,0.48689324,-0.40194589,0
-2.4988606,-0.7665863,-1.2168055,0.14292727,-0.75548065,-0.63939118,0
-6.180069,0.048497319,-0.66906595,-0.77548343,-0.48689324,0.40194589,0
0.83203244,3.8997734,-4.8663278,0.77548343,0.48689324,-0.40194589,0
-6.3283353,-0.40676618,-1.5065989,-0.77548343,-0.48689324,0.40194589,0
4.1421351,1.2803785,-1.6530468,0.77548343,0.48689324,-0.40194589,0
2.3923573,-2.8451021,3.4807925,0.61497754,-0.43838823,0.65545321,0
-2.3728015,-2.3950553,3.7164111,-0.77548343,-0.48689324,0.40194589,0
3.3107824,2.9077098,-1.2857429,0.77548343,0.48689324,-0.40194589,0
-5.3559942,0.44550174,-0.15966058,-0.14292727,0.75548065,0.63939118,0
3.7098942,-2.1689329,1.8280387,0.14292727,-0.75548065,-0.63939118,0
0.34225318,-0.13951218,1.8053367,-0.14292727,0.75548065,0.63939118,0
-2.9763384,-0.12946492,1.0516387,-0.14292727,0.75548065,0.63939118,0
3.6767902,1.0968586,1.0898788,-0.14292727,0.75548065,0.63939118,0
-0.047740221,3.3595974,-5.3365145,-0.61497754,0.43838823,-0.65545321,0
0.17660499,-4.4755502,4.4692221,0.61497754,-0.43838823,0.65545321,0
0.50832641,-1.546677,3.5051136,-0.14292727,0.75548065,0.63939118,0
5.2275701,0.9295041,0.016079187,0.77548343,0.48689324,-0.40194589,0
-5.4598427,1.0875578,-1.7782331,-0.61497754,0.43838823,-0.65545321,0
4.4682937,1.595696,-0.64182496,0.77548343,0.48689324,-0.40194589,0
1.6082432,-3.886863,3.5197234,0.61497754,-0.43838823,0.65545321,0
1.7894261,1.1378736,0.61952198,-0.14292727,0.75548065,0.63939118,0
-0.92170644,3.3937149,-4.4936981,-0.61497754,0.43838823,-0.65545321,0
4.1039357,1.2986259,-1.7046421,0.77548343,0.48689324,-0.40194589,0
-2.3639131,-3.4239779,2.487184,-0.77548343,-0.48689324,0.40194589,0
2.3978422,1.5735751,0.24071631,-0.14292727,0.75548065,0.63939118,0
2.1001344,3.6489744,-2.723551,0.77548343,0.48689324,-0.40194589,0
-0.9972204,-2.0346103,3.7450924,-0.14292727,0.75548065,0.63939118,0
0.0063485801,-0.020934701,1.5901432,-0.14292727,0.75548065,0.63939118,0
-4.8815598,0.52306461,-2.6983576,-0.61497754,0.43838823,-0.65545321,0
5.6604223,0.12901568,2.4037237,0.61497754,-0.43838823,0.65545321,0
1.8256304,3.2419801,-3.7461662,0.77548343,0.48689324,-0.40194589,0
0.86436117,0.35927701,-1.7952802,0.14292727,-0.75548065,-0.63939118,0
-3.0886955,-2.2848918,2.4686646,-0.77548343,-0.48689324,0.40194589,0
0.11927164,-2.7716563,1.7375584,0.14292727,-0.75548065,-0.63939118,0
-0.75128675,-3.6802266,5.2880569,-0.77548343,-0.48689324,0.40194589,0
-1.1873934,3.9168019,-3.8945603,-0.61497754,0.43838823,-0.65545321,0
1.6241364,0.3596431,1.5021017,-0.14292727,0.75548065,0.63939118,0
3.9779539,-2.0405002,2.5312538,0.61497754,-0.43838823,0.65545321,0
-0.051129341,3.2891357,-5.3804622,-0.61497754,0.43838823,-0.65545321,0
3.4962189,-2.5382845,2.6503062,0.61497754,-0.43838823,0.65545321,0
-2.4726574,-0.99710435,2.1894,-0.14292727,0.75548065,0.63939118,0
5.6026702,1.1761305,1.0385184,0.77548343,0.48689324,-0.40194589,0
3.5960422,1.8514123,-2.0149205,0.77548343,0.48689324,-0.40194589,0
-0.46669328,2.8180761,-1.8700683,-0.14292727,0.75548065,0.63939118,0
-5.7807369,-1.0057714,-1.6678133,0.14292727,-0.75548065,-0.63939118,0
2.3061993,2.7027183,-3.4722233,0.77548343,0.48689324,-0.40194589,0
-1.0189352,-1.4718974,3.0753579,-0.14292727,0.75548065,0.63939118,0
1.0359004,3.4654596,-4.9991007,0.77548343,0.48689324,-0.40194589,0
-5.3956776,-1.3886471,-0.8965919,-0.77548343,-0.48689324,0.40194589,0
4.343637,1.1845992,-1.3803062,0.77548343,0.48689324,-0.40194589,0
1.9639515,0.47444844,-1.6855639,0.14292727,-0.75548065,-0.63939118,0
3.1937346,-2.3448672,3.0634756,0.61497754,-0.43838823,0.65545321,0
-0.79663873,3.89891,-4.2731514,-0.61497754,0.43838823,-0.65545321,0
3.5184255,-1.1226134,3.5763173,0.61497754,-0.43838823,0.65545321,0
6.2572093,0.10109735,0.9991045,0.77548343,0.48689324,-0.40194589,0
-1.0975828,2.6962285,-1.8671238,-0.14292727,0.75548065,0.63939118,0
-0.33208203,-4.913126,4.6033773,-0.77548343,-0.48689324,0.40194589,0
1.2083609,3.943141,-4.0877352,0.77548343,0.48689324,-0.40194589,0
-0.30794048,1.3695942,-3.2510855,0.14292727,-0.75548065,-0.63939118,0
3.0278058,1.9244124,-3.022804,0.77548343,0.48689324,-0.40194589,0
0.10728383,-3.8294339,4.9664054,0.61497754,-0.43838823,0.65545321,0
-1.7834039,2.3638649,-4.3740091,-0.61497754,0.43838823,-0.65545321,0
-4.8171301,-1.1111354,0.55577457,-0.77548343,-0.48689324,0.40194589,0
2.2352209,-1.1418296,0.28480864,0.14292727,-0.75548065,-0.63939118,0
-5.8150072,-0.68142021,-0.84892225,-0.77548343,-0.48689324,0.40194589,0
-3.592411,-2.1558127,1.653194,-0.77548343,-0.48689324,0.40194589,0
-5.5580049,0.83822989,-1.8528914,-0.61497754,0.43838823,-0.65545321,0
-5.3494525,-0.29776695,0.5140183,-0.77548343,-0.48689324,0.40194589,0
3.0773411,0.88070405,-1.9166968,0.14292727,-0.75548065,-0.63939118,0
3.4785104,-1.8215737,3.1462808,0.61497754,-0.43838823,0.65545321,0
3.4495544,2.091248,-2.0070195,0.77548343,0.48689324,-0.40194589,0
-5.63515,1.1242994,-1.5891776,-0.61497754,0.43838823,-0.65545321,0
-4.0209975,-1.5885978,1.5134022,-0.77548343,-0.48689324,0.40194589,0
-1.5240598,-4.0470424,3.3527892,-0.77548343,-0.48689324,0.40194589,0
1.5557475,3.7014451,-3.7102895,0.77548343,0.48689324,-0.40194589,0
-6.5791278,0.26414728,-1.2787895,-0.61497754,0.43838823,-0.65545321,0
-3.6509781,1.8504051,-2.9651799,-0.61497754,0.43838823,-0.65545321,0
-3.7256484,-2.4603059,1.0272913,-0.77548343,-0.48689324,0.40194589,0
-3.3057547,-1.822666,2.6098001,-0.77548343,-0.48689324,0.40194589,0
-5.355309,1.5834082,-1.5446711,-0.61497754,0.43838823,-0.65545321,0
1.719242,2.8415248,-1.4091372,-0.14292727,0.75548065,0.63939118,0
1.3712701,2.1384158,-3.7841313,0.14292727,-0.75548065,-0.63939118,0
4.9123211,-1.1716194,0.918437,0.14292727,-0.75548065,-0.63939118,0
-6.1758747,-0.20556068,-0.96872425,-0.77548343,-0.48689324,0.40194589,0
-4.0511942,1.8605127,-2.5829182,-0.61497754,0.43838823,-0.65545321,0
-1.4407955,-1.3954587,2.8907394,-0.14292727,0.75548065,0.63939118,0
-1.7610713,1.8494496,-1.0149159,-0.14292727,0.75548065,0.63939118,0
-2.5460215,-1.6968365,-0.12819897,0.14292727,-0.75548065,-0.63939118,0
-0.18495905,2.4482012,-1.3700593,-0.14292727,0.75548065,0.63939118,0
-2.0120327,2.1801982,-4.282342,-0.61497754,0.43838823,-0.65545321,0
-0.16561747,-4.6770277,4.6555576,0.61497754,-0.43838823,0.65545321,0
-0.061457872,3.797673,-5.0306454,-0.61497754,0.43838823,-0.65545321,0
3.4207926,2.8865006,-1.099189,0.77548343,0.48689324,-0.40194589,0
4.3482113,-2.1264818,2.1263528,0.61497754,-0.43838823,0.65545321,0
1.2219532,-0.027117252,1.8691807,-0.14292727,0.75548065,0.63939118,0
-2.1660502,-0.74226344,1.9568274,-0.14292727,0.75548065,0.63939118,0
-5.1714835,1.4408318,-1.2944603,-0.14292727,0.75548065,0.63939118,0
-1.8976513,3.5048208,-3.5037084,-0.61497754,0.43838823,-0.65545321,0
-5.5046549,-1.0538766,-0.70132399,-0.77548343,-0.48689324,0.40194589,0
-1.885002,-0.55164087,1.7944196,-0.14292727,0.75548065,0.63939118,0
-1.4052496,3.2420785,-4.1414347,-0.61497754,0.43838823,-0.65545321,0
3.139467,0.49713248,-1.4495957,0.14292727,-0.75548065,-0.63939118,0
3.994031,1.5145347,-1.6551448,0.77548343,0.48689324,-0.40194589,0
3.8140247,-0.10830617,2.544533,-0.14292727,0.75548065,0.63939118,0
0.20858872,0.22782266,-1.7865481,0.14292727,-0.75548065,-0.63939118,0
0.41594863,3.5804982,-2.5736146,-0.14292727,0.75548065,0.63939118,0
-3.4523439,1.0291996,-3.5517769,0.14292727,-0.75548065,-0.63939118,0
0.50489092,2.5870292,-1.3798864,-0.14292727,0.75548065,0.63939118,0
4.1909256,-1.3251034,2.8099141,0.61497754,-0.43838823,0.65545321,0
-4.344645,-1.3087112,1.2280196,-0.77548343,-0.48689324,0.40194589,0
4.3893695,1.1309364,-1.3570769,0.77548343,0.48689324,-0.40194589,0
5.0357733,1.5909818,0.44731641,0.77548343,0.48689324,-0.40194589,0
-6.51963,0.51686347,-0.75683832,-0.77548343,-0.48689324,0.40194589,0
3.3637974,-2.3187864,2.9213572,0.61497754,-0.43838823,0.65545321,0
4.3595829,0.18054867,-0.8027916,0.14292727,-0.75548065,-0.63939118,0
-2.4127071,3.2214746,-3.209969,-0.61497754,0.43838823,-0.65545321,0
3.2365236,2.0177031,-2.5071137,0.77548343,0.48689324,-0.40194589,0
5.7921972,-0.14579391,2.0962849,0.61497754,-0.43838823,0.65545321,0
-6.4255705,0.31346703,-0.82174921,-0.77548343,-0.48689324,0.40194589,0
0.050083637,-1.1513078,2.9355261,-0.14292727,0.75548065,0.63939118,0
-0.75469446,-4.6777487,4.073144,-0.77548343,-0.48689324,0.40194589,0
-1.3740067,-4.2617121,3.16435,0.14292727,-0.75548065,-0.63939118,0
1.4906011,-0.10649753,2.023026,-0.14292727,0.75548065,0.63939118,0
-3.0981231,1.6617868,-3.6100492,-0.61497754,0.43838823,-0.65545321,0
-1.3253123,1.8785827,-0.95193028,-0.14292727,0.75548065,0.63939118,0
-1.2981302,-1.3220035,2.8358383,-0.14292727,0.75548065,0.63939118,0
5.9516497,0.2398138,0.57761359,0.77548343,0.48689324,-0.40194589,0
0.11717939,-3.1689868,5.3345394,-0.14292727,0.75548065,0.63939118,0
0.12412596,-3.3288546,2.3970077,0.14292727,-0.75548065,-0.63939118,0
1.5893761,1.8451741,-0.26091629,-0.14292727,0.75548065,0.63939118,0
3.4994848,0.61917013,-1.5133135,0.14292727,-0.75548065,-0.63939118,0
-3.618181,1.9846189,-2.9061852,-0.61497754,0.43838823,-0.65545321,0
-6.3684235,0.28081411,-0.75104809,-0.77548343,-0.48689324,0.40194589,0
5.8881674,-0.31971467,1.8899169,0.61497754,-0.43838823,0.65545321,0
1.9153755,-3.7099071,3.3499112,0.61497754,-0.43838823,0.65545321,0
-0.39948344,-3.7940164,5.4655681,0.61497754,-0.43838823,0.65545321,0
5.6379375,-1.1022922,1.6012812,0.61497754,-0.43838823,0.65545321,0
1.4243091,-3.9175935,3.6717453,0.61497754,-0.43838823,0.65545321,0
5.8820386,-0.086662799,0.047837257,0.77548343,0.48689324,-0.40194589,0
-2.3273942,2.0193055,-4.0940638,-0.61497754,0.43838823,-0.65545321,0
1.7529647,3.4299045,-3.6587214,0.77548343,0.48689324,-0.40194589,0
5.2815351,0.93787414,0.13033485,0.77548343,0.48689324,-0.40194589,0
-2.0330195,3.0376279,-3.6891732,-0.61497754,0.43838823,-0.65545321,0
-1.6757385,-1.9190555,3.4568834,-0.14292727,0.75548065,0.63939118,0
-1.591186,-0.9614718,-0.78363764,0.14292727,-0.75548065,-0.63939118,0
-2.153234,0.50989223,0.48019218,-0.14292727,0.75548065,0.63939118,0
3.9852128,-1.5830994,2.8303676,0.61497754,-0.43838823,0.65545321,0
-0.010623217,-4.5091224,4.6224341,0.61497754,-0.43838823,0.65545321,0
-1.0640333,-0.17312002,-1.5972867,0.14292727,-0.75548065,-0.63939118,0
4.8822627,1.7457699,0.33864582,0.77548343,0.48689324,-0.40194589,0
-5.1361265,-0.61518276,0.5410943,-0.77548343,-0.48689324,0.40194589,0
3.2710414,-0.97705084,0.32165575,0.14292727,-0.75548065,-0.63939118,0
-1.147306,1.6404644,-3.7587647,0.14292727,-0.75548065,-0.63939118,0
-2.4699709,1.6131229,-4.0221229,0.14292727,-0.75548065,-0.63939118,0
5.733151,-0.23914766,2.0892467,0.61497754,-0.43838823,0.65545321,0
2.4614391,3.3308794,-2.411798,0.77548343,0.48689324,-0.40194589,0
4.0391946,-1.2214699,3.0215893,0.61497754,-0.43838823,0.65545321,0
-2.3432863,-3.5476346,2.3771892,-0.77548343,-0.48689324,0.40194589,0
-5.471734,-0.23701137,0.35169291,-0.77548343,-0.48689324,0.40194589,0
-3.7270985,1.1328948,-3.3736553,-0.61497754,0.43838823,-0.65545321,0
-2.6702352,3.1617401,-3.0082965,-0.61497754,0.43838823,-0.65545321,0
-5.2685719,-0.97808927,-0.15403867,-0.77548343,-0.48689324,0.40194589,0
-1.57603,3.2192519,-3.9964671,-0.61497754,0.43838823,-0.65545321,0
-4.76507,1.9707973,-1.8393631,-0.61497754,0.43838823,-0.65545321,0
-5.1156502,0.85556114,-0.59044552,-0.14292727,0.75548065,0.63939118,0
6.1018486,0.2078594,0.82868886,0.77548343,0.48689324,-0.40194589,0
-0.017345786,1.0118566,-2.7634373,0.14292727,-0.75548065,-0.63939118,0
1.2906449,-3.5475063,4.0446825,0.61497754,-0.43838823,0.65545321,0
3.3164785,-2.4210567,2.8973541,0.61497754,-0.43838823,0.65545321,0
-1.135901,-3.8357968,4.3575635,-0.77548343,-0.48689324,0.40194589,0
-4.6158562,-1.6209383,0.32655245,-0.77548343,-0.48689324,0.40194589,0
-2.2100835,3.1852503,-3.4243093,-0.61497754,0.43838823,-0.65545321,0
-6.1664639,-0.70970368,-1.5612566,-0.77548343,-0.48689324,0.40194589,0
5.2749176,0.38626599,-0.55061746,0.77548343,0.48689324,-0.40194589,0
6.342433,0.09543848,1.7413707,0.61497754,-0.43838823,0.65545321,0
-3.8171368,2.1845188,-1.8704271,-0.14292727,0.75548065,0.63939118,0
-1.1823053,-0.51755512,-1.2167532,0.14292727,-0.75548065,-0.63939118,0
4.9961624,-1.608454,1.8648887,0.61497754,-0.43838823,0.65545321,0
2.5467737,-2.3440206,3.671051,0.61497754,-0.43838823,0.65545321,0
1.3380153,3.2016606,-4.735774,0.77548343,0.48689324,-0.40194589,0
-1.8458687,-1.6206833,-0.061669022,0.14292727,-0.75548065,-0.63939118,0
5.5032854,0.50930697,0.039022923,0.77548343,0.48689324,-0.40194589,0
5.7594037,0.40359688,2.3745515,-0.14292727,0.75548065,0.63939118,0
-6.0173211,-0.49982893,-1.0192819,-0.77548343,-0.48689324,0.40194589,0
-4.2070918,1.4097409,-1.0421481,-0.14292727,0.75548065,0.63939118,0
3.6035531,1.1425109,1.0195662,-0.14292727,0.75548065,0.63939118,0
2.3373208,3.0480494,-2.9938662,0.77548343,0.48689324,-0.40194589,0
5.4699144,-0.59744024,2.09659,0.61497754,-0.43838823,0.65545321,0
-5.6936798,-1.0867277,-1.1058078,-0.77548343,-0.48689324,0.40194589,0
-5.1552792,-1.1267898,-0.11558795,-0.77548343,-0.48689324,0.40194589,0
2.3719525,-1.5304523,3.9025316,-0.14292727,0.75548065,0.63939118,0
-4.6999984,-1.9711334,-0.25999057,-0.77548343,-0.48689324,0.40194589,0
-4.2225099,-2.0214736,0.60025978,-0.77548343,-0.48689324,0.40194589,0
1.8767965,-2.0055101,1.2251794,0.14292727,-0.75548065,-0.63939118,0
2.7589808,-2.350836,3.467391,0.61497754,-0.43838823,0.65545321,0
-2.2027097,-3.465795,2.7475426,-0.77548343,-0.48689324,0.40194589,0
-0.027507544,-4.6067452,4.5729828,0.61497754,-0.43838823,0.65545321,0
6.2136741,-0.42675853,1.5129161,0.61497754,-0.43838823,0.65545321,0
-3.2976761,-2.6072845,1.6749463,-0.77548343,-0.48689324,0.40194589,0
5.111784,0.53311086,2.0767555,-0.14292727,0.75548065,0.63939118,0
3.4821591,1.6632591,-2.4625554,0.77548343,0.48689324,-0.40194589,0
-0.031102002,-0.76585257,-0.66603816,0.14292727,-0.75548065,-0.63939118,0
4.7577972,1.6206808,-0.053014755,0.77548343,0.48689324,-0.40194589,0
-0.25260282,-4.7551808,4.6848989,0.61497754,-0.43838823,0.65545321,0
-1.7984776,3.4394133,-3.6405044,-0.61497754,0.43838823,-0.65545321,0
1.2908056,-2.4829345,4.7565508,0.61497754,-0.43838823,0.65545321,0
-0.21159601,-2.9675865,5.023078,-0.14292727,0.75548065,0.63939118,0
-6.5218697,-0.18040085,-1.6057839,-0.77548343,-0.48689324,0.40194589,0
-2.4539599,2.2231479,-3.8389778,-0.61497754,0.43838823,-0.65545321,0
2.5426776,-2.6760526,3.4528208,0.61497754,-0.43838823,0.65545321,0
3.3780417,2.878227,-1.1916924,0.77548343,0.48689324,-0.40194589,0
0.57625008,4.0306587,-5.2012668,0.77548343,0.48689324,-0.40194589,0
-1.3365002,-3.9357357,2.7875729,0.14292727,-0.75548065,-0.63939118,0
-0.17469954,-3.7904973,5.2570176,0.61497754,-0.43838823,0.65545321,0
-4.6323614,0.48314905,-2.9588637,-0.61497754,0.43838823,-0.65545321,0
5.4825559,0.18237309,-0.39700031,0.77548343,0.48689324,-0.40194589,0
6.1145267,0.065186739,1.9349699,0.61497754,-0.43838823,0.65545321,0
1.0346291,3.6609414,-4.7647591,0.77548343,0.48689324,-0.40194589,0
-2.8260322,-1.0161283,2.1328857,-0.14292727,0.75548065,0.63939118,0
-5.872045,-1.1161714,-1.4855988,-0.77548343,-0.48689324,0.40194589,0
-0.01317358,3.3624845,-5.3670158,-0.61497754,0.43838823,-0.65545321,0
-1.7272154,0.80117083,0.23125899,-0.14292727,0.75548065,0.63939118,0
2.1467483,-3.0681572,3.5620484,0.61497754,-0.43838823,0.65545321,0
3.9578447,-2.0072885,2.5723333,0.61497754,-0.43838823,0.65545321,0
-1.7095479,2.0213192,-4.3344493,0.14292727,-0.75548065,-0.63939118,0
0.22684097,4.5139036,-3.7187634,-0.14292727,0.75548065,0.63939118,0
-4.4278708,1.1294086,-0.76027012,-0.14292727,0.75548065,0.63939118,0
-0.030496612,-0.15550911,-1.3870618,0.14292727,-0.75548065,-0.63939118,0
-0.32096028,3.5960441,-4.9220228,-0.61497754,0.43838823,-0.65545321,0
6.156981,-0.54278851,1.4885039,0.61497754,-0.43838823,0.65545321,0
-4.0205002,-1.9058855,1.1300187,-0.77548343,-0.48689324,0.40194589,0
0.63425469,3.9591031,-5.1760349,0.77548343,0.48689324,-0.40194589,0
5.2605367,-0.53859138,2.3323975,0.61497754,-0.43838823,0.65545321,0
-5.3027329,0.030311346,-2.6327624,-0.61497754,0.43838823,-0.65545321,0
1.1838745,0.77955031,-2.2204366,0.14292727,-0.75548065,-0.63939118,0
-3.7851157,-1.6624649,1.879016,-0.77548343,-0.48689324,0.40194589,0
2.0841234,2.582459,-4.0463543,0.77548343,0.48689324,-0.40194589,0
4.8470955,0.60761988,-1.1078904,0.77548343,0.48689324,-0.40194589,0
5.6674261,-0.036572218,2.2864017,0.61497754,-0.43838823,0.65545321,0
0.97668993,-3.3440919,2.6055913,0.14292727,-0.75548065,-0.63939118,0
-0.35806125,0.52867687,-2.268693,0.14292727,-0.75548065,-0.63939118,0
-0.61934876,3.9053044,-4.4352174,-0.61497754,0.43838823,-0.65545321,0
-1.6897819,-3.7866135,3.3485258,-0.77548343,-0.48689324,0.40194589,0
-4.5341501,1.4773186,-2.3860774,-0.61497754,0.43838823,-0.65545321,0
2.951757,-2.0912871,1.566824,0.14292727,-0.75548065,-0.63939118,0
5.3056135,-0.58997214,2.2557397,0.61497754,-0.43838823,0.65545321,0
-2.3733633,-3.5893734,2.1465473,0.14292727,-0.75548065,-0.63939118,0
-2.1140954,-1.9747963,3.4247561,-0.14292727,0.75548065,0.63939118,0
3.3404832,-1.1949661,0.59465909,0.14292727,-0.75548065,-0.63939118,0
-6.3758583,0.13616872,-1.5551028,-0.61497754,0.43838823,-0.65545321,0
-1.0981338,-3.2780914,5.1059995,-0.77548343,-0.48689324,0.40194589,0
-2.1307833,2.0322256,-4.2698927,-0.61497754,0.43838823,-0.65545321,0
-4.7139745,-0.90059602,1.0098302,-0.77548343,-0.48689324,0.40194589,0
-6.0428052,1.0090706,-0.9790802,-0.14292727,0.75548065,0.63939118,0
2.801502,1.3363239,-2.5167003,0.14292727,-0.75548065,-0.63939118,0
-3.9379175,1.8601146,-2.689466,-0.61497754,0.43838823,-0.65545321,0
-2.7952557,-2.5207059,2.7491541,-0.77548343,-0.48689324,0.40194589,0
0.37654305,-3.783433,4.7445412,0.61497754,-0.43838823,0.65545321,0
-5.5562248,1.2495309,-1.5794697,-0.61497754,0.43838823,-0.65545321,0
2.2163846,-2.1618347,4.1028914,0.61497754,-0.43838823,0.65545321,0
5.4614358,0.46553811,-0.094737768,0.77548343,0.48689324,-0.40194589,0
-0.94493079,3.0089486,-4.7292528,-0.61497754,0.43838823,-0.65545321,0
-6.5670495,0.34402019,-1.0576978,-0.77548343,-0.48689324,0.40194589,0
5.7679086,0.23270154,2.3722229,0.61497754,-0.43838823,0.65545321,0
0.25196195,3.3694563,-5.4888887,0.14292727,-0.75548065,-0.63939118,0
0.37766409,-3.6714425,4.8183913,0.61497754,-0.43838823,0.65545321,0
-4.959959,-1.364082,-0.026193142,-0.77548343,-0.48689324,0.40194589,0
3.6500623,-2.4441259,2.5689392,0.61497754,-0.43838823,0.65545321,0
-0.46988297,-4.7160778,4.5762086,-0.77548343,-0.48689324,0.40194589,0
-5.1557903,1.0325259,-2.100317,-0.61497754,0.43838823,-0.65545321,0
0.29715896,-3.3573444,5.1040049,0.61497754,-0.43838823,0.65545321,0
-6.3686614,0.3635059,-0.65134001,-0.77548343,-0.48689324,0.40194589,0
5.2756224,1.4921575,0.79035211,0.77548343,0.48689324,-0.40194589,0
3.9719448,-1.7087398,1.3428698,0.14292727,-0.75548065,-0.63939118,0
-0.73016429,-3.8953834,5.0681806,-0.77548343,-0.48689324,0.40194589,0
2.6945517,-1.857115,3.858058,0.61497754,-0.43838823,0.65545321,0
1.2873282,4.3731241,-3.3153663,-0.14292727,0.75548065,0.63939118,0
3.6559482,0.60427368,-1.4607371,0.14292727,-0.75548065,-0.63939118,0
-1.6016512,-3.2356853,4.1859198,-0.77548343,-0.48689324,0.40194589,0
-1.2778522,3.5100691,-4.0817242,-0.61497754,0.43838823,-0.65545321,0
-3.5360248,-2.0506792,1.8893335,-0.77548343,-0.48689324,0.40194589,0
1.4654436,-3.4044726,3.9763436,0.61497754,-0.43838823,0.65545321,0
-4.4781766,-2.033926,0.091911674,-0.77548343,-0.48689324,0.40194589,0
4.3065176,1.5282967,-1.0355871,0.77548343,0.48689324,-0.40194589,0
-2.7870283,0.48897132,0.36323524,-0.14292727,0.75548065,0.63939118,0
-1.0700555,-4.5310535,3.6424093,-0.77548343,-0.48689324,0.40194589,0
-1.3075323,-3.1512651,4.8556328,-0.77548343,-0.48689324,0.40194589,0
5.2557569,0.32713532,2.3523118,-0.14292727,0.75548065,0.63939118,0
-2.7866375,2.7000039,-3.2079067,-0.61497754,0.43838823,-0.65545321,0
-4.9071188,1.7708344,-1.839828,-0.61497754,0.43838823,-0.65545321,0
-3.9577684,1.6604321,-2.8043952,-0.61497754,0.43838823,-0.65545321,0
-4.9902487,-1.3182895,-0.029161811,-0.77548343,-0.48689324,0.40194589,0
-4.426548,-2.0167327,0.21234667,-0.77548343,-0.48689324,0.40194589,0
-1.8969913,-3.0566354,3.833004,-0.77548343,-0.48689324,0.40194589,0
2.2451367,0.576882,-1.7437403,0.14292727,-0.75548065,-0.63939118,0
-0.99506438,-0.0092279911,1.3524585,-0.14292727,0.75548065,0.63939118,0
3.2623551,2.9218919,-1.3619956,0.77548343,0.48689324,-0.40194589,0
-2.3674324,2.835187,-3.5108099,-0.61497754,0.43838823,-0.65545321,0
-2.1969142,1.332896,-3.6299794,0.14292727,-0.75548065,-0.63939118,0
-1.5149803,-3.8156183,3.6506405,-0.77548343,-0.48689324,0.40194589,0
0.82164955,-3.7092085,4.376565,0.61497754,-0.43838823,0.65545321,0
-1.8039207,-2.9837101,4.1009049,-0.77548343,-0.48689324,0.40194589,0
4.8978577,-1.1594658,0.90084362,0.14292727,-0.75548065,-0.63939118,0
0.46751738,-3.6304927,4.7614756,0.61497754,-0.43838823,0.65545321,0
3.9810739,0.7484653,1.5695455,-0.14292727,0.75548065,0.63939118,0
-3.8221085,-1.5156693,1.9854643,-0.77548343,-0.48689324,0.40194589,0
0.22876334,1.8406944,-0.55977011,-0.14292727,0.75548065,0.63939118,0
-4.9171581,1.5263244,-1.9939442,-0.61497754,0.43838823,-0.65545321,0
-0.29050159,3.5100379,-5.0081239,-0.61497754,0.43838823,-0.65545321,0
2.9749732,0.36621052,-1.3316737,0.14292727,-0.75548065,-0.63939118,0
2.0102618,1.2006891,-2.5333102,0.14292727,-0.75548065,-0.63939118,0
-5.2668257,-0.73267001,0.1466167,-0.77548343,-0.48689324,0.40194589,0
-2.301266,2.506537,-3.7927017,-0.61497754,0.43838823,-0.65545321,0
-1.0787314,0.39413249,-2.2708163,0.14292727,-0.75548065,-0.63939118,0
4.3743486,-1.4536254,2.5518579,0.61497754,-0.43838823,0.65545321,0
-4.129045,1.1741997,-2.9689026,-0.61497754,0.43838823,-0.65545321,0
2.8136134,-2.1105611,3.5768352,0.61497754,-0.43838823,0.65545321,0
-4.2320986,-1.1564498,1.6295985,-0.77548343,-0.48689324,0.40194589,0
-2.3120215,-2.368736,0.71799964,0.14292727,-0.75548065,-0.63939118,0
0.22800303,-3.6867702,4.9485588,0.61497754,-0.43838823,0.65545321,0
0.052200079,-1.7751648,3.673125,-0.14292727,0.75548065,0.63939118,0
0.077090263,4.1173267,-4.9468417,-0.61497754,0.43838823,-0.65545321,0
5.5368061,-0.034961939,2.4100323,0.61497754,-0.43838823,0.65545321,0
2.5621085,2.3637321,-3.3891196,0.77548343,0.48689324,-0.40194589,0
-4.7751141,1.3737679,-2.2292519,-0.61497754,0.43838823,-0.65545321,0
1.303895,1.5634655,-3.1198521,0.14292727,-0.75548065,-0.63939118,0
-0.040970325,4.6692653,-4.466918,-0.61497754,0.43838823,-0.65545321,0
2.3880568,0.48760521,1.5216708,-0.14292727,0.75548065,0.63939118,0
3.6739972,-1.6726892,3.0624442,0.61497754,-0.43838823,0.65545321,0
-1.5596862,-1.7046125,0.10147095,0.14292727,-0.75548065,-0.63939118,0
1.8596454,3.524497,-3.3383164,0.77548343,0.48689324,-0.40194589,0
-4.4743557,-0.23857391,0.84569597,-0.14292727,0.75548065,0.63939118,0
3.3826854,-2.1285563,3.0308676,0.61497754,-0.43838823,0.65545321,0
0.99427533,1.061621,0.5318737,-0.14292727,0.75548065,0.63939118,0
-1.9397359,1.3832549,-0.50401568,-0.14292727,0.75548065,0.63939118,0
5.0916357,-1.0089343,2.1762881,0.61497754,-0.43838823,0.65545321,0
3.604449,1.6461891,-2.2472963,0.77548343,0.48689324,-0.40194589,0
0.66024292,-3.2176118,2.3854098,0.14292727,-0.75548065,-0.63939118,0
-3.0763919,0.98562884,-0.28828001,-0.14292727,0.75548065,0.63939118,0
-0.44805551,-4.773931,4.5482402,-0.77548343,-0.48689324,0.40194589,0
-2.760951,-2.9199715,2.3316922,-0.77548343,-0.48689324,0.40194589,0
4.3280048,-1.3252801,2.6811824,0.61497754,-0.43838823,0.65545321,0
1.3624678,-4.101665,3.6066546,0.61497754,-0.43838823,0.65545321,0
2.1334901,3.1168516,-1.6418531,-0.14292727,0.75548065,0.63939118,0
-4.7037039,1.9413738,-1.9166188,-0.61497754,0.43838823,-0.65545321,0
1.5837471,2.8716583,-4.6030064,0.14292727,-0.75548065,-0.63939118,0
2.3277016,3.1470518,-2.8924997,0.77548343,0.48689324,-0.40194589,0
0.79047728,3.5026536,-5.427547,0.77548343,0.48689324,-0.40194589,0
5.042994,0.67902708,-0.64344001,0.77548343,0.48689324,-0.40194589,0
-6.2243328,0.9261381,-1.1689143,-0.61497754,0.43838823,-0.65545321,0
2.114373,2.730993,-3.8080678,0.77548343,0.48689324,-0.40194589,0
-3.0405469,-2.3370662,2.4983585,-0.77548343,-0.48689324,0.40194589,0
-0.3578608,1.9001781,-0.76118588,-0.14292727,0.75548065,0.63939118,0
-1.1857314,0.76842213,0.39099509,-0.14292727,0.75548065,0.63939118,0
-5.6885228,-0.86991322,-0.8332212,-0.77548343,-0.48689324,0.40194589,0
-1.2075149,3.0858026,-2.3520041,-0.14292727,0.75548065,0.63939118,0
4.8420258,1.6235303,0.1129421,0.77548343,0.48689324,-0.40194589,0
-5.0829077,1.3799053,-1.9363608,-0.61497754,0.43838823,-0.65545321,0
