0.84424722,2.3153195,0.672001,-0.23968768,0.86385334,-0.44306576,0
2.0502415,-0.076251507,2.127703,0.23968768,-0.86385334,0.44306576,0
-2.6558976,-1.5541005,-0.057598829,-0.93074477,-0.33427641,-0.14823484,0
-1.0090665,1.6595932,0.39611697,-0.23968768,0.86385334,-0.44306576,0
2.4799783,1.2450874,1.8590103,0.93074477,0.33427641,0.14823484,0
2.4039717,1.5613859,1.6229777,0.93074477,0.33427641,0.14823484,0
-2.8393188,-1.7237289,1.4765968,-0.93074477,-0.33427641,-0.14823484,0
0.32167447,1.7822044,-0.084723949,-0.23968768,0.86385334,-0.44306576,0
1.9761008,-1.4093671,-0.47860658,0.27615952,-0.37685108,-0.88414884,0
0.44446957,-1.0568128,1.0845679,0.23968768,-0.86385334,0.44306576,0
0.52612841,1.2971034,-1.1411388,-0.23968768,0.86385334,-0.44306576,0
1.6253314,-1.127413,0.30810034,0.23968768,-0.86385334,0.44306576,0
3.0276356,-0.41113853,0.94602156,0.23968768,-0.86385334,0.44306576,0
2.4889555,1.2647163,1.7583814,0.93074477,0.33427641,0.14823484,0
-2.980952,-0.43798137,-0.53353214,-0.93074477,-0.33427641,-0.14823484,0
3.1052999,0.71998417,-0.88316083,0.93074477,0.33427641,0.14823484,0
3.0252197,1.0316508,-1.0831707,0.93074477,0.33427641,0.14823484,0
-0.70453042,-0.98572576,-1.4964573,0.27615952,-0.37685108,-0.88414884,0
-0.55805433,-1.9131031,-0.042615771,0.23968768,-0.86385334,0.44306576,0
2.6754138,1.7203883,-0.43992686,0.93074477,0.33427641,0.14823484,0
2.7856648,0.80688834,0.92781019,0.93074477,0.33427641,0.14823484,0
-2.0458639,-0.94878983,-1.9311593,0.27615952,-0.37685108,-0.88414884,0
2.6551881,1.744645,-0.36763072,0.93074477,0.33427641,0.14823484,0
-3.1605287,-0.53034824,0.80229545,-0.93074477,-0.33427641,-0.14823484,0
-2.6474986,-1.0975903,-1.1397891,-0.93074477,-0.33427641,-0.14823484,0
-3.0640445,-0.35766464,-0.19292569,-0.93074477,-0.33427641,-0.14823484,0
-1.9687407,-2.5941796,-0.60737658,0.23968768,-0.86385334,0.44306576,0
-3.1259573,0.25285745,-1.1809381,-0.93074477,-0.33427641,-0.14823484,0
-1.3216194,-0.28419232,-1.9882166,0.27615952,-0.37685108,-0.88414884,0
-2.6735258,-0.66217494,1.1437232,-0.27615952,0.37685108,0.88414884,0
2.8024383,0.87215614,0.6753099,0.93074477,0.33427641,0.14823484,0
-1.4123154,-2.2851977,-1.1636562,0.27615952,-0.37685108,-0.88414884,0
2.1906283,1.5657109,1.7134253,-0.27615952,0.37685108,0.88414884,0
0.40643823,-1.8344638,-0.41105831,0.23968768,-0.86385334,0.44306576,0
-3.0558639,-0.95346683,1.0992739,-0.93074477,-0.33427641,-0.14823484,0
1.1126525,-0.54452813,1.7219079,0.23968768,-0.86385334,0.44306576,0
-0.70870316,1.813594,0.70217818,-0.27615952,0.37685108,0.88414884,0
0.26112854,0.10659409,-1.6604184,0.27615952,-0.37685108,-0.88414884,0
-1.0724549,0.56305134,-1.7075391,-0.23968768,0.86385334,-0.44306576,0
0.39462429,1.9689087,0.23983276,-0.23968768,0.86385334,-0.44306576,0
2.6350908,0.83508766,1.8096508,0.93074477,0.33427641,0.14823484,0
-2.0520806,0.51465774,0.83622694,-0.27615952,0.37685108,0.88414884,0
0.80640304,2.1476736,0.36561191,-0.23968768,0.86385334,-0.44306576,0
0.3038826,1.7648946,-0.10884809,-0.23968768,0.86385334,-0.44306576,0
2.1695685,2.176625,-0.31538081,-0.23968768,0.86385334,-0.44306576,0
-3.0623612,-0.74658984,0.67355299,-0.93074477,-0.33427641,-0.14823484,0
-1.9993525,-0.97353947,-1.9060829,0.27615952,-0.37685108,-0.88414884,0
1.1976492,2.3601527,1.0646579,-0.27615952,0.37685108,0.88414884,0
0.81403702,1.4016901,-1.0929755,-0.23968768,0.86385334,-0.44306576,0
-2.6408072,-0.81445754,-1.8202804,-0.93074477,-0.33427641,-0.14823484,0
-2.5711672,0.77739596,0.56210577,-0.27615952,0.37685108,0.88414884,0
3.1540551,0.34259769,-0.33826208,0.93074477,0.33427641,0.14823484,0
-2.8623848,-1.5966116,1.334769,-0.93074477,-0.33427641,-0.14823484,0
2.5389037,1.6970022,0.46993756,0.93074477,0.33427641,0.14823484,0
2.9005766,1.3568804,-1.0339642,0.93074477,0.33427641,0.14823484,0
-0.82979679,0.18896973,-2.0362744,0.27615952,-0.37685108,-0.88414884,0
3.2883675,-0.5523876,0.5295763,0.23968768,-0.86385334,0.44306576,0
2.2720337,0.15941572,2.3382578,-0.27615952,0.37685108,0.88414884,0
2.6727943,1.693185,-0.36213493,0.93074477,0.33427641,0.14823484,0
-1.3842431,1.5242807,0.61449069,-0.27615952,0.37685108,0.88414884,0
-1.2763277,-0.41193449,-1.9196224,0.27615952,-0.37685108,-0.88414884,0
-2.8149109,-0.68315673,-1.0231981,-0.93074477,-0.33427641,-0.14823484,0
-2.8585558,-0.3926121,-1.4043497,-0.93074477,-0.33427641,-0.14823484,0
0.075268209,-1.7119977,0.0068707466,0.23968768,-0.86385334,0.44306576,0
-1.3575251,-1.5696542,1.0595069,0.23968768,-0.86385334,0.44306576,0
-3.2622952,0.041169643,0.15247369,-0.93074477,-0.33427641,-0.14823484,0
3.2005596,0.20951959,-0.33016181,0.93074477,0.33427641,0.14823484,0
3.4378638,-0.61041033,0.028820515,0.93074477,0.33427641,0.14823484,0
1.5408398,0.069620669,-1.2449477,0.27615952,-0.37685108,-0.88414884,0
1.1574736,0.5385657,-1.5645689,0.27615952,-0.37685108,-0.88414884,0
-0.37384558,0.71622777,-1.786819,-0.23968768,0.86385334,-0.44306576,0
-1.4863257,-2.1908178,-1.2270005,0.27615952,-0.37685108,-0.88414884,0
2.6358352,-0.16836238,1.6313212,0.23968768,-0.86385334,0.44306576,0
2.9673128,0.66825157,0.099900484,0.93074477,0.33427641,0.14823484,0
2.4128506,1.5210638,-1.5912285,0.27615952,-0.37685108,-0.88414884,0
-2.5949314,-1.3990686,-0.79000211,-0.93074477,-0.33427641,-0.14823484,0
-2.9669917,-1.2578382,1.2276289,-0.93074477,-0.33427641,-0.14823484,0
-2.3901105,-0.088105679,-2.2642922,-0.23968768,0.86385334,-0.44306576,0
-2.7709532,-0.80272567,-1.0295687,-0.93074477,-0.33427641,-0.14823484,0
-0.29229188,0.65401351,-1.9522376,-0.23968768,0.86385334,-0.44306576,0
-3.0468929,-0.37244159,-0.26729274,-0.93074477,-0.33427641,-0.14823484,0
0.53549725,-1.3992002,0.3677654,0.23968768,-0.86385334,0.44306576,0
1.7590897,-0.34459817,1.7620083,0.23968768,-0.86385334,0.44306576,0
-1.8462806,-0.076590598,1.1525155,-0.27615952,0.37685108,0.88414884,0
-2.2316115,1.1360745,0.036769986,-0.23968768,0.86385334,-0.44306576,0
-2.3569241,-2.3135295,-0.22226238,-0.93074477,-0.33427641,-0.14823484,0
3.3422253,-0.36209139,0.069350958,0.93074477,0.33427641,0.14823484,0
1.5366197,-0.023380756,2.1864681,-0.27615952,0.37685108,0.88414884,0
-1.0461094,1.3681219,0.78666472,-0.27615952,0.37685108,0.88414884,0
2.7901824,0.82408631,0.86066222,0.93074477,0.33427641,0.14823484,0
-2.8461957,-0.06855493,0.83677173,-0.27615952,0.37685108,0.88414884,0
0.86034405,0.22127068,1.8709589,-0.27615952,0.37685108,0.88414884,0
2.7671685,1.7943711,-1.1828761,0.93074477,0.33427641,0.14823484,0
-1.1571324,0.77832264,-1.2420123,-0.23968768,0.86385334,-0.44306576,0
-0.18801892,-0.79690069,1.9334841,0.23968768,-0.86385334,0.44306576,0
-0.096035123,0.063724399,1.6393896,-0.27615952,0.37685108,0.88414884,0
1.4366815,-0.98307425,-0.82879049,0.27615952,-0.37685108,-0.88414884,0
3.1781135,-0.025745809,0.34131002,0.93074477,0.33427641,0.14823484,0
-0.27539665,1.7253408,0.1274091,-0.23968768,0.86385334,-0.44306576,0
2.8711011,1.5420147,-1.2663782,0.93074477,0.33427641,0.14823484,0
-0.59662157,1.8877958,0.61792529,-0.23968768,0.86385334,-0.44306576,0
1.013227,1.7958412,-0.43224883,-0.23968768,0.86385334,-0.44306576,0
2.9873357,0.70200276,-0.1019311,0.93074477,0.33427641,0.14823484,0
-0.91900581,-0.3023054,1.5383518,-0.27615952,0.37685108,0.88414884,0
2.8622937,0.54915631,1.0278649,0.93074477,0.33427641,0.14823484,0
0.63210511,1.6317493,-0.5460043,-0.23968768,0.86385334,-0.44306576,0
3.2028956,0.26493996,-0.46980524,0.93074477,0.33427641,0.14823484,0
-2.9917307,0.92433351,0.035140514,-0.23968768,0.86385334,-0.44306576,0
-3.0209301,-0.53362489,-0.066832542,-0.93074477,-0.33427641,-0.14823484,0
-2.0538685,0.063016117,1.0281719,-0.27615952,0.37685108,0.88414884,0
-3.2717786,0.23592532,-0.22716451,-0.93074477,-0.33427641,-0.14823484,0
-2.4358168,-1.8584139,-0.75321555,-0.93074477,-0.33427641,-0.14823484,0
-2.0877724,0.85992777,-0.57945186,-0.23968768,0.86385334,-0.44306576,0
2.8755226,0.64496505,0.72875023,0.93074477,0.33427641,0.14823484,0
0.84805113,1.4726249,1.3337542,-0.27615952,0.37685108,0.88414884,0
-2.9505806,-0.87616485,0.2638948,-0.93074477,-0.33427641,-0.14823484,0
-2.8536747,-0.50224936,-1.1877594,-0.93074477,-0.33427641,-0.14823484,0
1.2115612,1.544812,-1.0289789,-0.23968768,0.86385334,-0.44306576,0
-1.1855402,-0.059788108,1.351733,-0.27615952,0.37685108,0.88414884,0
3.0383635,0.81439346,-0.67577338,0.93074477,0.33427641,0.14823484,0
1.1839366,1.4944354,-1.1122547,-0.23968768,0.86385334,-0.44306576,0
-2.2741349,-1.7176101,-1.6747642,0.27615952,-0.37685108,-0.88414884,0
-0.51531124,0.14501703,-1.9193125,0.27615952,-0.37685108,-0.88414884,0
-2.2538373,-2.5182459,-0.40788436,-0.93074477,-0.33427641,-0.14823484,0
-2.9153237,-0.76630008,-0.20522833,-0.93074477,-0.33427641,-0.14823484,0
3.095649,0.52685499,-0.38704896,0.93074477,0.33427641,0.14823484,0
0.41682172,-0.40161526,1.9979196,-0.27615952,0.37685108,0.88414884,0
2.6005223,1.3456631,0.87532902,0.93074477,0.33427641,0.14823484,0
1.7404181,-1.134378,-0.6694296,0.27615952,-0.37685108,-0.88414884,0
2.9533427,0.01734376,1.6554447,0.93074477,0.33427641,0.14823484,0
-1.9369044,-2.4748731,-1.2466633,0.27615952,-0.37685108,-0.88414884,0
0.13600361,-1.3247108,0.72911459,0.23968768,-0.86385334,0.44306576,0
-1.2720156,0.92083448,-0.9020052,-0.23968768,0.86385334,-0.44306576,0
-0.66508996,-0.064273357,-1.8768892,0.27615952,-0.37685108,-0.88414884,0
1.8646414,2.0096345,-0.47600675,-0.23968768,0.86385334,-0.44306576,0
-0.84233475,-1.0900693,1.7158568,0.23968768,-0.86385334,0.44306576,0
0.09570533,-1.83123,-0.2366544,0.23968768,-0.86385334,0.44306576,0
2.3458796,0.74133015,2.1132934,-0.27615952,0.37685108,0.88414884,0
-2.6055923,-0.5983215,1.1377258,-0.27615952,0.37685108,0.88414884,0
-2.8281219,0.74691057,0.49484086,-0.27615952,0.37685108,0.88414884,0
-1.6749792,-0.61540329,1.435679,-0.27615952,0.37685108,0.88414884,0
0.67206615,1.8652703,-0.11232233,-0.23968768,0.86385334,-0.44306576,0
2.5849862,1.2645347,1.1558273,0.93074477,0.33427641,0.14823484,0
-2.4522405,-0.18739653,-2.3826182,0.27615952,-0.37685108,-0.88414884,0
3.0774224,0.17867374,0.51255989,0.93074477,0.33427641,0.14823484,0
1.5660155,-1.3684262,-0.12971908,0.23968768,-0.86385334,0.44306576,0
-0.67162174,1.4528263,-0.18956953,-0.23968768,0.86385334,-0.44306576,0
3.0466807,0.43088639,0.13682961,0.93074477,0.33427641,0.14823484,0
-1.9482055,-2.4412515,-0.32031894,0.23968768,-0.86385334,0.44306576,0
2.9414997,-0.75869447,0.31498277,0.23968768,-0.86385334,0.44306576,0
-1.1658657,-2.2539725,-1.0999877,0.27615952,-0.37685108,-0.88414884,0
-0.24212068,0.54373026,1.3891674,-0.27615952,0.37685108,0.88414884,0
-3.2393844,0.54676849,-0.56703019,-0.23968768,0.86385334,-0.44306576,0
-3.1352005,-0.52190912,0.93973589,-0.27615952,0.37685108,0.88414884,0
2.2373166,2.5160856,0.51648831,0.93074477,0.33427641,0.14823484,0
-2.5973065,-0.59781981,1.1401,-0.27615952,0.37685108,0.88414884,0
0.15182185,-1.7552772,-0.9009738,0.27615952,-0.37685108,-0.88414884,0
2.0529332,-0.62939191,-0.7870574,0.27615952,-0.37685108,-0.88414884,0
-0.53571838,1.3983283,-0.36934546,-0.23968768,0.86385334,-0.44306576,0
-3.0547817,-0.50386482,0.078603983,-0.93074477,-0.33427641,-0.14823484,0
-0.055261731,-2.0245311,-0.5318675,0.23968768,-0.86385334,0.44306576,0
1.4879888,1.1514075,1.6705481,-0.27615952,0.37685108,0.88414884,0
2.3247387,2.0132585,1.1014757,0.93074477,0.33427641,0.14823484,0
3.0637894,0.20575118,0.53709745,0.93074477,0.33427641,0.14823484,0
-2.9444168,-0.32935238,-1.0078943,-0.93074477,-0.33427641,-0.14823484,0
3.1606638,-0.93692899,-0.15108681,0.23968768,-0.86385334,0.44306576,0
-3.3669045,0.23316629,0.37633777,-0.93074477,-0.33427641,-0.14823484,0
-0.2842434,-2.0129864,-0.92733312,0.27615952,-0.37685108,-0.88414884,0
-2.3101802,-2.3603427,-0.4101963,-0.93074477,-0.33427641,-0.14823484,0
-1.1288836,-1.265991,1.5278748,0.23968768,-0.86385334,0.44306576,0
-1.7882204,-1.1651065,1.6346089,-0.27615952,0.37685108,0.88414884,0
0.72212279,0.099937081,1.8795023,-0.27615952,0.37685108,0.88414884,0
-3.1292527,0.017609835,-0.62975216,-0.93074477,-0.33427641,-0.14823484,0
2.8883657,0.89842618,0.076542377,0.93074477,0.33427641,0.14823484,0
-0.34310126,-1.1096489,1.4076089,0.23968768,-0.86385334,0.44306576,0
-0.84139562,-0.70821035,1.735602,-0.27615952,0.37685108,0.88414884,0
-2.6154346,1.0383557,0.053884506,-0.23968768,0.86385334,-0.44306576,0
-1.1102471,-1.8556187,0.36818528,0.23968768,-0.86385334,0.44306576,0
-1.3199061,0.67124695,-1.362723,-0.23968768,0.86385334,-0.44306576,0
-0.29790103,-1.3246528,0.96395957,0.23968768,-0.86385334,0.44306576,0
0.0025515556,-1.0996587,1.2400974,0.23968768,-0.86385334,0.44306576,0
1.3180336,-1.0320814,0.66021085,0.23968768,-0.86385334,0.44306576,0
0.35102695,-0.085979342,-1.5502583,0.27615952,-0.37685108,-0.88414884,0
-1.9181643,-2.7312953,-0.90207386,0.23968768,-0.86385334,0.44306576,0
2.3550377,2.0607932,0.80404115,0.93074477,0.33427641,0.14823484,0
2.8596382,0.44063091,1.289269,0.93074477,0.33427641,0.14823484,0
-0.6369803,1.1049438,-0.88658249,-0.23968768,0.86385334,-0.44306576,0
3.3354585,-0.8975789,-0.16892481,0.23968768,-0.86385334,0.44306576,0
2.782943,1.3313628,-0.23781586,0.93074477,0.33427641,0.14823484,0
-2.9270611,-1.4187758,1.3398321,-0.93074477,-0.33427641,-0.14823484,0
-3.2211435,0.14743376,-0.34554338,-0.93074477,-0.33427641,-0.14823484,0
2.5017414,-0.91530424,0.2475363,0.23968768,-0.86385334,0.44306576,0
0.34981489,-1.0962143,1.0589519,0.23968768,-0.86385334,0.44306576,0
-0.56775212,0.050295115,1.4977751,-0.27615952,0.37685108,0.88414884,0
-3.3326294,0.45913351,-0.34843707,-0.93074477,-0.33427641,-0.14823484,0
-0.2613337,0.6441952,-1.9881277,-0.23968768,0.86385334,-0.44306576,0
-3.1153388,-0.74729431,1.0077798,-0.93074477,-0.33427641,-0.14823484,0
2.7748795,1.5429341,-1.4874723,0.27615952,-0.37685108,-0.88414884,0
1.2283785,0.39155221,-1.4797604,0.27615952,-0.37685108,-0.88414884,0
1.0469941,2.0105901,1.1665959,-0.27615952,0.37685108,0.88414884,0
1.4065967,-0.73132527,-0.94549036,0.27615952,-0.37685108,-0.88414884,0
2.8893886,0.51614594,0.93218064,0.93074477,0.33427641,0.14823484,0
0.88049698,2.1895919,1.0382953,-0.27615952,0.37685108,0.88414884,0
-2.1930637,-1.3706331,1.5957596,-0.27615952,0.37685108,0.88414884,0
-2.592073,-1.0407114,1.3305082,-0.27615952,0.37685108,0.88414884,0
-2.9767127,-0.07595139,0.7991581,-0.27615952,0.37685108,0.88414884,0
-2.708509,-1.4184383,-0.03318572,-0.93074477,-0.33427641,-0.14823484,0
-2.8683472,-0.94947624,-0.087115765,-0.93074477,-0.33427641,-0.14823484,0
-3.1749983,-0.33938244,0.46251273,-0.93074477,-0.33427641,-0.14823484,0
2.9515924,-0.036818184,-0.75893855,0.27615952,-0.37685108,-0.88414884,0
-1.5433046,-0.81600183,1.5623081,-0.27615952,0.37685108,0.88414884,0
0.79277873,-1.1807172,-0.94566894,0.27615952,-0.37685108,-0.88414884,0
-2.5956922,-1.821321,0.16697311,-0.93074477,-0.33427641,-0.14823484,0
0.3610642,-1.4374191,0.38761318,0.23968768,-0.86385334,0.44306576,0
0.68801504,0.9400363,1.5107732,-0.27615952,0.37685108,0.88414884,0
-0.82323712,-0.65675962,-1.6737502,0.27615952,-0.37685108,-0.88414884,0
1.2277228,-1.1242213,-0.83389652,0.27615952,-0.37685108,-0.88414884,0
-2.9906688,0.46334088,0.5649364,-0.27615952,0.37685108,0.88414884,0
0.43427056,1.7862767,-0.13769567,-0.23968768,0.86385334,-0.44306576,0
-2.9067936,0.2392354,-1.3465568,-0.23968768,0.86385334,-0.44306576,0
-2.2682314,0.31412679,0.85418582,-0.27615952,0.37685108,0.88414884,0
-2.7451634,-1.3151847,-0.035879612,-0.93074477,-0.33427641,-0.14823484,0
-2.7052193,-1.165493,-0.62424374,-0.93074477,-0.33427641,-0.14823484,0
2.61147,1.0623165,1.44555,0.93074477,0.33427641,0.14823484,0
1.2602899,-0.85467982,1.0373313,0.23968768,-0.86385334,0.44306576,0
-1.4709616,0.86183012,-0.90942228,-0.23968768,0.86385334,-0.44306576,0
-2.926187,-0.52244329,-0.68692708,-0.93074477,-0.33427641,-0.14823484,0
-0.61628735,-1.5512731,-1.2278415,0.27615952,-0.37685108,-0.88414884,0
0.24793851,1.8511653,0.089619875,-0.23968768,0.86385334,-0.44306576,0
-0.91863579,-1.4488971,-1.3659143,0.27615952,-0.37685108,-0.88414884,0
3.1939454,0.27592927,-0.43838763,0.93074477,0.33427641,0.14823484,0
-1.1936206,-0.64729691,-1.7934707,0.27615952,-0.37685108,-0.88414884,0
0.74820471,0.96145141,1.5204453,-0.27615952,0.37685108,0.88414884,0
-2.8796358,0.39749026,0.62768435,-0.27615952,0.37685108,0.88414884,0
-0.3637428,0.57382965,1.3383501,-0.27615952,0.37685108,0.88414884,0
-1.8858504,-2.7275333,-0.91222072,0.23968768,-0.86385334,0.44306576,0
1.0002921,1.5364385,-0.9310137,-0.23968768,0.86385334,-0.44306576,0
-3.5432959,0.84315389,0.17524648,-0.23968768,0.86385334,-0.44306576,0
-1.0037985,-1.6924726,0.6286881,0.23968768,-0.86385334,0.44306576,0
1.063004,-1.067475,0.72916782,0.23968768,-0.86385334,0.44306576,0
-2.4007099,-1.2105546,-1.9304218,0.27615952,-0.37685108,-0.88414884,0
-2.944458,-0.10853803,-1.5055814,-0.93074477,-0.33427641,-0.14823484,0
-1.3118802,-2.1066577,-0.012191772,0.23968768,-0.86385334,0.44306576,0
2.8254955,1.6819674,-1.2956252,0.93074477,0.33427641,0.14823484,0
-2.8045211,-1.0934459,-0.16321087,-0.93074477,-0.33427641,-0.14823484,0
-0.40362114,-0.60191357,-1.5660622,0.27615952,-0.37685108,-0.88414884,0
2.7375422,0.34393311,2.2739496,0.93074477,0.33427641,0.14823484,0
-3.5187011,0.78958219,0.074701786,-0.93074477,-0.33427641,-0.14823484,0
-0.63345122,1.5714589,0.021081239,-0.23968768,0.86385334,-0.44306576,0
-2.9293458,-1.4236221,1.3651083,-0.93074477,-0.33427641,-0.14823484,0
0.18823636,1.8496041,0.11887324,-0.23968768,0.86385334,-0.44306576,0
0.097703457,0.082163811,1.6920434,-0.27615952,0.37685108,0.88414884,0
-3.0451374,-0.63125384,0.30531788,-0.93074477,-0.33427641,-0.14823484,0
-2.3003249,-0.18592151,1.057297,-0.27615952,0.37685108,0.88414884,0
-2.7321496,-1.0482367,-0.71957088,-0.93074477,-0.33427641,-0.14823484,0
-1.0570201,-2.2907479,-1.0503159,0.27615952,-0.37685108,-0.88414884,0
-1.2330023,-0.67201447,-1.7952361,0.27615952,-0.37685108,-0.88414884,0
-0.78346729,-2.3890624,-0.84865952,0.23968768,-0.86385334,0.44306576,0
-0.47117084,-0.060147524,1.5750158,-0.27615952,0.37685108,0.88414884,0
0.41559291,1.055975,-1.5514741,-0.23968768,0.86385334,-0.44306576,0
1.7714766,0.10044169,2.2070477,-0.27615952,0.37685108,0.88414884,0
-2.9592881,-1.1412627,0.91637635,-0.93074477,-0.33427641,-0.14823484,0
3.1268501,0.01450038,0.57242918,0.93074477,0.33427641,0.14823484,0
2.6363819,0.80645728,1.8661077,0.93074477,0.33427641,0.14823484,0
0.40086079,0.15356016,1.7563018,-0.27615952,0.37685108,0.88414884,0
-2.7658527,-0.73783016,-1.207937,-0.93074477,-0.33427641,-0.14823484,0
-0.41017592,-1.5525095,0.58044112,0.23968768,-0.86385334,0.44306576,0
-0.66676807,-1.4131753,0.99091375,0.23968768,-0.86385334,0.44306576,0
1.3439605,-1.0381546,-0.83427453,0.27615952,-0.37685108,-0.88414884,0
0.40222555,-1.4225446,0.39434698,0.23968768,-0.86385334,0.44306576,0
0.34889054,0.85192442,-1.913231,-0.23968768,0.86385334,-0.44306576,0
1.7814842,-0.090462923,2.2453861,0.23968768,-0.86385334,0.44306576,0
3.1157191,0.68932009,-1.0171764,0.27615952,-0.37685108,-0.88414884,0
-1.7762736,-0.22323704,1.236887,-0.27615952,0.37685108,0.88414884,0
-2.6875296,-1.3887596,-0.2318399,-0.93074477,-0.33427641,-0.14823484,0
2.2446997,2.3867486,0.76179218,0.93074477,0.33427641,0.14823484,0
0.68437445,1.493295,-0.84422755,-0.23968768,0.86385334,-0.44306576,0
-2.4416254,-1.3524996,-1.8576035,-0.93074477,-0.33427641,-0.14823484,0
-1.0472496,-2.1724908,-0.28370595,0.23968768,-0.86385334,0.44306576,0
3.1181827,0.4013938,-0.24561381,0.93074477,0.33427641,0.14823484,0
-2.6390784,-1.0019883,-1.4082444,-0.93074477,-0.33427641,-0.14823484,0
2.2592099,-0.88887018,0.43027878,0.23968768,-0.86385334,0.44306576,0
0.15956855,-1.876284,-0.35904527,0.23968768,-0.86385334,0.44306576,0
2.9475718,1.0112954,-0.54972744,0.93074477,0.33427641,0.14823484,0
-2.2766023,0.59441483,-0.99497473,-0.23968768,0.86385334,-0.44306576,0
2.0639746,2.7941036,0.97793412,0.93074477,0.33427641,0.14823484,0
1.0681124,-0.57793748,1.6808645,0.23968768,-0.86385334,0.44306576,0
-3.1534681,-0.15549809,-0.087342024,-0.93074477,-0.33427641,-0.14823484,0
-3.2708457,-0.1775361,0.69935131,-0.93074477,-0.33427641,-0.14823484,0
0.22585277,-1.7050442,-0.89926136,0.27615952,-0.37685108,-0.88414884,0
-3.1865461,0.80377597,-0.094522238,-0.23968768,0.86385334,-0.44306576,0
1.8688438,-1.0359542,0.35468471,0.23968768,-0.86385334,0.44306576,0
0.42417741,-0.30630958,1.9595952,-0.27615952,0.37685108,0.88414884,0
-1.1456249,-1.8020213,0.49182391,0.23968768,-0.86385334,0.44306576,0
1.2263213,0.03164506,2.0660944,-0.27615952,0.37685108,0.88414884,0
1.1095113,0.34711957,1.8951445,-0.27615952,0.37685108,0.88414884,0
1.9838372,2.081502,-0.40036702,-0.23968768,0.86385334,-0.44306576,0
1.1199584,-1.0446181,0.74292117,0.23968768,-0.86385334,0.44306576,0
2.5888634,1.2549021,1.1532052,0.93074477,0.33427641,0.14823484,0
-0.45874095,-0.41563725,-1.6626751,0.27615952,-0.37685108,-0.88414884,0
-2.9015162,-0.61237895,-0.63902307,-0.93074477,-0.33427641,-0.14823484,0
-2.066426,-0.21289185,1.1418499,-0.27615952,0.37685108,0.88414884,0
-1.2327752,-1.199338,1.7140324,0.23968768,-0.86385334,0.44306576,0
0.71293753,2.337544,0.78636801,-0.23968768,0.86385334,-0.44306576,0
2.8405662,1.5081556,-0.99829936,0.93074477,0.33427641,0.14823484,0
-3.3590164,0.29342616,0.19092059,-0.93074477,-0.33427641,-0.14823484,0
-2.9272337,-0.26245701,-1.2666364,-0.93074477,-0.33427641,-0.14823484,0
2.4745238,1.5025413,1.3126869,0.93074477,0.33427641,0.14823484,0
0.39521325,1.5785693,-0.52153754,-0.23968768,0.86385334,-0.44306576,0
-1.5177264,0.94037145,-0.73099017,-0.23968768,0.86385334,-0.44306576,0
-2.6658142,-0.62585998,-2.088563,-0.93074477,-0.33427641,-0.14823484,0
-2.7251773,-1.4598887,0.16494441,-0.93074477,-0.33427641,-0.14823484,0
-0.15489471,-1.4030032,0.73383546,0.23968768,-0.86385334,0.44306576,0
-0.45446134,-0.25973177,1.6653038,-0.27615952,0.37685108,0.88414884,0
-2.7471561,-1.5160722,0.42964268,-0.93074477,-0.33427641,-0.14823484,0
-1.9561039,-0.087365866,-2.2702885,0.27615952,-0.37685108,-0.88414884,0
3.0054357,-0.27644217,1.2206507,0.23968768,-0.86385334,0.44306576,0
0.054167628,0.94356388,-1.575122,-0.23968768,0.86385334,-0.44306576,0
-2.5764909,-0.54622602,-2.2684832,0.27615952,-0.37685108,-0.88414884,0
-0.3273021,-0.38006604,1.7563114,-0.27615952,0.37685108,0.88414884,0
-0.44165415,-2.0057511,-0.28622341,0.23968768,-0.86385334,0.44306576,0
-0.24658871,1.8570349,0.82800138,-0.27615952,0.37685108,0.88414884,0
-2.8618836,-0.98508883,1.2225266,-0.27615952,0.37685108,0.88414884,0
-3.2758665,0.27071917,-0.27995896,-0.93074477,-0.33427641,-0.14823484,0
-0.028562307,-1.0893751,1.276979,0.23968768,-0.86385334,0.44306576,0
2.735914,1.0812243,0.62154746,0.93074477,0.33427641,0.14823484,0
2.8650653,1.4537024,-1.0293312,0.93074477,0.33427641,0.14823484,0
1.9372934,-1.1850743,0.026913166,0.23968768,-0.86385334,0.44306576,0
-3.0167065,0.026520252,-1.3565072,-0.93074477,-0.33427641,-0.14823484,0
2.8662887,1.2481527,-0.57348919,0.93074477,0.33427641,0.14823484,0
-0.21504992,1.4350343,1.0177219,-0.27615952,0.37685108,0.88414884,0
0.62466818,-1.6201984,-0.11135823,0.23968768,-0.86385334,0.44306576,0
2.1345224,-0.82657349,-0.6775285,0.27615952,-0.37685108,-0.88414884,0
0.064534903,2.1548324,0.78090179,-0.23968768,0.86385334,-0.44306576,0
2.4471588,-0.22452796,1.6238831,0.23968768,-0.86385334,0.44306576,0
-0.5776912,0.70959294,-1.6894791,-0.23968768,0.86385334,-0.44306576,0
2.5333076,1.4719774,1.0125172,0.93074477,0.33427641,0.14823484,0
-2.9567719,0.69257641,-0.43563247,-0.23968768,0.86385334,-0.44306576,0
-3.0598583,0.3423053,-1.0627953,-0.23968768,0.86385334,-0.44306576,0
1.5573988,0.47722659,-1.4135097,0.27615952,-0.37685108,-0.88414884,0
0.37310266,-1.1857761,0.87173361,0.23968768,-0.86385334,0.44306576,0
-1.4504511,0.032659888,1.2295851,-0.27615952,0.37685108,0.88414884,0
0.73300081,-1.7427042,-0.72480434,0.27615952,-0.37685108,-0.88414884,0
-0.18822515,1.0987949,-1.1413367,-0.23968768,0.86385334,-0.44306576,0
1.9258769,0.15520588,-1.1611623,0.27615952,-0.37685108,-0.88414884,0
1.4492925,-1.4899635,-0.30353832,0.23968768,-0.86385334,0.44306576,0
-1.842165,0.49108887,-1.4314516,-0.23968768,0.86385334,-0.44306576,0
-0.61626941,1.4096955,-0.30360669,-0.23968768,0.86385334,-0.44306576,0
2.8213928,1.0284876,-1.2536714,0.27615952,-0.37685108,-0.88414884,0
1.2538527,0.51959229,-1.5263782,0.27615952,-0.37685108,-0.88414884,0
-3.1638608,-0.38310081,0.4911685,-0.93074477,-0.33427641,-0.14823484,0
0.31399846,0.91400313,-1.7733195,-0.23968768,0.86385334,-0.44306576,0
2.6561089,1.6835859,-0.23572111,0.93074477,0.33427641,0.14823484,0
2.6514184,1.1086648,1.0902038,0.93074477,0.33427641,0.14823484,0
2.9099355,1.2202348,-0.78458309,0.93074477,0.33427641,0.14823484,0
1.4257767,1.322417,-1.578472,-0.23968768,0.86385334,-0.44306576,0
0.088761687,-1.4417119,0.52655238,0.23968768,-0.86385334,0.44306576,0
2.182157,-0.25025183,-0.90829599,0.27615952,-0.37685108,-0.88414884,0
0.52653813,-0.9652372,1.2187173,0.23968768,-0.86385334,0.44306576,0
-2.7520053,-1.4578832,0.32887173,-0.93074477,-0.33427641,-0.14823484,0
-2.7646382,-0.35494232,-2.0789905,-0.93074477,-0.33427641,-0.14823484,0
-2.2328773,-2.3888643,-0.83125091,-0.93074477,-0.33427641,-0.14823484,0
1.2694834,-1.1232817,0.5086599,0.23968768,-0.86385334,0.44306576,0
-2.7584109,0.012699604,0.8295579,-0.27615952,0.37685108,0.88414884,0
1.7062542,0.18356562,2.1512458,-0.27615952,0.37685108,0.88414884,0
3.0963113,0.38630968,-0.074270725,0.93074477,0.33427641,0.14823484,0
-1.4186424,-0.40776563,1.4272431,-0.27615952,0.37685108,0.88414884,0
-2.5722337,-1.4613632,-0.79204059,-0.93074477,-0.33427641,-0.14823484,0
2.790102,1.7219594,-1.5375435,-0.23968768,0.86385334,-0.44306576,0
-1.0386491,-1.8688366,0.30368137,0.23968768,-0.86385334,0.44306576,0
2.307658,2.1332779,0.93807387,0.93074477,0.33427641,0.14823484,0
-1.3805918,-0.79288006,1.6032755,-0.27615952,0.37685108,0.88414884,0
2.908498,-0.9380033,-0.38828647,0.27615952,-0.37685108,-0.88414884,0
-0.51351106,0.7206127,1.2290072,-0.27615952,0.37685108,0.88414884,0
0.74653733,-0.96066701,1.1086138,0.23968768,-0.86385334,0.44306576,0
-2.0508521,-2.8130226,-1.0176644,-0.93074477,-0.33427641,-0.14823484,0
2.6556726,1.0304993,1.2397583,0.93074477,0.33427641,0.14823484,0
0.27445883,1.88731,0.14574516,-0.23968768,0.86385334,-0.44306576,0
1.4932823,-1.4471684,-0.24389735,0.23968768,-0.86385334,0.44306576,0
-2.7540276,-1.7070794,0.9035182,-0.93074477,-0.33427641,-0.14823484,0
2.4637628,2.1214967,-0.58201671,-0.23968768,0.86385334,-0.44306576,0
-2.0550194,-1.5509186,1.4733634,0.23968768,-0.86385334,0.44306576,0
-1.5173606,-1.7564263,0.78182077,0.23968768,-0.86385334,0.44306576,0
1.5878532,-0.53555477,1.4823319,0.23968768,-0.86385334,0.44306576,0
-2.6743348,0.75587893,-0.46500182,-0.23968768,0.86385334,-0.44306576,0
-2.2803578,-1.1214534,1.4622858,-0.27615952,0.37685108,0.88414884,0
0.35445571,0.12309694,-1.6383021,0.27615952,-0.37685108,-0.88414884,0
-2.6773105,-0.92238712,-1.3476951,-0.93074477,-0.33427641,-0.14823484,0
-2.4644032,-1.8917121,-0.49863553,-0.93074477,-0.33427641,-0.14823484,0
2.015574,-1.12238,0.10680139,0.23968768,-0.86385334,0.44306576,0
-0.19662166,-1.6476935,0.27933168,0.23968768,-0.86385334,0.44306576,0
-0.53380013,1.1103148,-0.93192846,-0.23968768,0.86385334,-0.44306576,0
-2.7876174,-0.45066738,-1.7188425,-0.93074477,-0.33427641,-0.14823484,0
-2.2709541,-0.113621,-2.3574398,0.27615952,-0.37685108,-0.88414884,0
2.5929291,1.4967527,0.58229136,0.93074477,0.33427641,0.14823484,0
0.274194,0.43441963,-1.7960666,0.27615952,-0.37685108,-0.88414884,0
-2.6677532,-1.8755126,0.74163771,-0.93074477,-0.33427641,-0.14823484,0
1.9860755,2.1263428,-0.31415129,-0.23968768,0.86385334,-0.44306576,0
-1.5386623,-2.1265781,0.071652889,0.23968768,-0.86385334,0.44306576,0
1.9677073,2.3523276,0.13639235,-0.23968768,0.86385334,-0.44306576,0
0.0012322664,0.090811372,1.6582253,-0.27615952,0.37685108,0.88414884,0
-1.940274,-1.6974075,1.1256769,0.23968768,-0.86385334,0.44306576,0
3.3647366,-0.17168482,-0.50136852,0.93074477,0.33427641,0.14823484,0
3.0759311,0.37580192,-0.89597344,0.27615952,-0.37685108,-0.88414884,0
2.8959305,0.84020454,0.16033697,0.93074477,0.33427641,0.14823484,0
-0.3802923,1.1530018,-0.93174499,-0.23968768,0.86385334,-0.44306576,0
-0.39050677,1.4929709,0.93822455,-0.27615952,0.37685108,0.88414884,0
-2.1275034,-1.2738521,-1.818108,0.27615952,-0.37685108,-0.88414884,0
0.90266502,-0.51152766,1.899848,0.23968768,-0.86385334,0.44306576,0
-2.1842518,-2.1798763,-1.4496582,0.27615952,-0.37685108,-0.88414884,0
-1.3896275,-0.6765573,1.5508728,-0.27615952,0.37685108,0.88414884,0
0.34819043,-0.59464657,-1.334335,0.27615952,-0.37685108,-0.88414884,0
0.8066206,2.0503476,0.17573571,-0.23968768,0.86385334,-0.44306576,0
-1.2895012,-0.21291828,-2.008564,0.27615952,-0.37685108,-0.88414884,0
0.89484817,1.7534845,-0.45079243,-0.23968768,0.86385334,-0.44306576,0
-2.9632795,-0.72010249,-0.0082983971,-0.93074477,-0.33427641,-0.14823484,0
-2.6958735,1.0441309,0.10865998,-0.23968768,0.86385334,-0.44306576,0
0.48211166,2.078783,0.96109176,-0.27615952,0.37685108,0.88414884,0
2.9226055,1.0928689,-0.57692003,0.93074477,0.33427641,0.14823484,0
-3.1971517,-0.35483238,0.63644958,-0.93074477,-0.33427641,-0.14823484,0
-1.7333585,-0.2168133,1.2475535,-0.27615952,0.37685108,0.88414884,0
1.6039354,0.63305837,-1.4653944,0.27615952,-0.37685108,-0.88414884,0
-2.542311,-2.026051,0.81060147,0.23968768,-0.86385334,0.44306576,0
1.3513144,1.9735565,1.2774336,-0.27615952,0.37685108,0.88414884,0
-1.0850978,-0.42318702,1.5379972,-0.27615952,0.37685108,0.88414884,0
2.6492486,-0.28264499,-0.74859524,0.27615952,-0.37685108,-0.88414884,0
-2.6796002,-0.54534245,-2.1835716,-0.93074477,-0.33427641,-0.14823484,0
2.2054341,1.4669265,-1.6329391,0.27615952,-0.37685108,-0.88414884,0
3.0857673,0.037481546,0.77855825,0.93074477,0.33427641,0.14823484,0
-2.1060858,-0.13207483,-2.2980781,0.27615952,-0.37685108,-0.88414884,0
2.5816951,1.7634263,0.051468134,0.93074477,0.33427641,0.14823484,0
-0.58225751,-2.2098994,-0.60819173,0.23968768,-0.86385334,0.44306576,0
-0.11798668,0.67309427,1.3728012,-0.27615952,0.37685108,0.88414884,0
-0.80982482,-0.031836987,-1.9359218,0.27615952,-0.37685108,-0.88414884,0
-0.076233149,1.5105186,-0.39917648,-0.23968768,0.86385334,-0.44306576,0
-2.6397104,-0.84755266,-1.7525371,-0.93074477,-0.33427641,-0.14823484,0
-2.4697995,-1.6834096,-0.93448567,-0.93074477,-0.33427641,-0.14823484,0
2.0675092,-1.0596125,-0.59913158,0.27615952,-0.37685108,-0.88414884,0
1.7260786,1.6192709,1.5454965,-0.27615952,0.37685108,0.88414884,0
2.1809883,1.1630685,-1.511061,0.27615952,-0.37685108,-0.88414884,0
-2.4659381,-1.8825233,-0.50971937,-0.93074477,-0.33427641,-0.14823484,0
-2.974844,-0.22789741,-1.0456312,-0.93074477,-0.33427641,-0.14823484,0
-2.9170618,-1.3629005,1.1510472,-0.93074477,-0.33427641,-0.14823484,0
1.8270859,1.4486901,1.6497525,-0.27615952,0.37685108,0.88414884,0
-1.5565903,0.82632881,0.85814714,-0.27615952,0.37685108,0.88414884,0
-3.0126338,-1.0407064,1.0245662,-0.93074477,-0.33427641,-0.14823484,0
-3.0319843,-0.32047927,-0.47807932,-0.93074477,-0.33427641,-0.14823484,0
3.084543,-0.013132691,0.90038228,0.93074477,0.33427641,0.14823484,0
-3.0323687,-0.84175509,0.69983602,-0.93074477,-0.33427641,-0.14823484,0
-3.0061095,-1.1519475,1.2344563,-0.93074477,-0.33427641,-0.14823484,0
-1.6565953,-0.83576733,1.5353471,-0.27615952,0.37685108,0.88414884,0
-3.231324,-0.23504828,0.58089352,-0.93074477,-0.33427641,-0.14823484,0
-1.7814071,-0.45015687,1.3320038,-0.27615952,0.37685108,0.88414884,0
1.8029013,0.16253436,-1.2026968,0.27615952,-0.37685108,-0.88414884,0
3.025357,0.15258825,0.89829469,0.93074477,0.33427641,0.14823484,0
1.079954,2.0681174,0.062514782,-0.23968768,0.86385334,-0.44306576,0
2.9020958,0.61589575,0.62745309,0.93074477,0.33427641,0.14823484,0
1.3496642,-1.2439914,-0.74475914,0.27615952,-0.37685108,-0.88414884,0
-3.2357349,0.070524395,0.65582132,-0.27615952,0.37685108,0.88414884,0
2.8564467,0.29707861,1.6330267,0.93074477,0.33427641,0.14823484,0
-2.8070643,-1.1176813,-0.092592716,-0.93074477,-0.33427641,-0.14823484,0
-2.210572,-1.8619905,-1.5933714,0.27615952,-0.37685108,-0.88414884,0
-0.82177174,0.12614834,-2.0069914,0.27615952,-0.37685108,-0.88414884,0
1.9191687,2.1363795,-0.25838757,-0.23968768,0.86385334,-0.44306576,0
-3.1020899,0.95475304,0.32067966,-0.27615952,0.37685108,0.88414884,0
2.5002384,1.8717186,0.31871724,0.93074477,0.33427641,0.14823484,0
-2.6971436,-0.87443542,-1.3312984,-0.93074477,-0.33427641,-0.14823484,0
2.9381194,-0.98454309,-0.12352991,0.23968768,-0.86385334,0.44306576,0
0.26944554,1.2060512,-1.1798055,-0.23968768,0.86385334,-0.44306576,0
1.4139405,0.16943598,-1.3271284,0.27615952,-0.37685108,-0.88414884,0
-2.6141176,-0.09142866,0.91900969,-0.27615952,0.37685108,0.88414884,0
-0.62301517,1.0493548,1.0546844,-0.27615952,0.37685108,0.88414884,0
2.4057662,2.1846726,0.20616913,0.93074477,0.33427641,0.14823484,0
1.7651995,0.91528738,1.857775,-0.27615952,0.37685108,0.88414884,0
2.3329525,-0.65686578,0.84272909,0.23968768,-0.86385334,0.44306576,0
-2.4937825,-1.8219602,-0.4714601,-0.93074477,-0.33427641,-0.14823484,0
-3.1200864,-0.19494861,-0.20797658,-0.93074477,-0.33427641,-0.14823484,0
-1.699675,0.5169276,-1.4581567,-0.23968768,0.86385334,-0.44306576,0
2.0004852,2.4083035,0.22779751,-0.23968768,0.86385334,-0.44306576,0
2.5445817,2.0474298,-0.35594463,0.93074477,0.33427641,0.14823484,0
-1.4589343,-2.3880363,-0.48124743,0.23968768,-0.86385334,0.44306576,0
1.6983583,0.14271617,2.1661909,-0.27615952,0.37685108,0.88414884,0
1.5499264,-0.69322056,1.1954454,0.23968768,-0.86385334,0.44306576,0
2.084784,2.7723579,0.89631224,0.93074477,0.33427641,0.14823484,0
1.1027931,-1.0740173,0.69488704,0.23968768,-0.86385334,0.44306576,0
3.3570764,-0.34153289,-0.070257187,0.93074477,0.33427641,0.14823484,0
0.61434579,-0.71456444,1.6599569,0.23968768,-0.86385334,0.44306576,0
-1.8091619,1.2734631,0.58867556,-0.27615952,0.37685108,0.88414884,0
2.8268409,1.0995191,0.0093741417,0.93074477,0.33427641,0.14823484,0
-0.32978582,1.5482522,0.9336279,-0.27615952,0.37685108,0.88414884,0
-1.3622456,1.0090247,0.84097922,-0.27615952,0.37685108,0.88414884,0
-0.92298496,1.3178245,0.84656036,-0.27615952,0.37685108,0.88414884,0
2.0860837,-0.48869252,1.3041692,0.23968768,-0.86385334,0.44306576,0
-2.373981,-1.9017686,-1.0437047,-0.93074477,-0.33427641,-0.14823484,0
-2.6166561,-1.8961282,0.46729589,-0.93074477,-0.33427641,-0.14823484,0
0.57577515,-1.5580481,0.036267281,0.23968768,-0.86385334,0.44306576,0
3.2701719,-0.42189878,0.65663242,0.93074477,0.33427641,0.14823484,0
0.81516498,-0.13326842,-1.3851311,0.27615952,-0.37685108,-0.88414884,0
-2.16978,-0.31891364,1.1547575,-0.27615952,0.37685108,0.88414884,0
-2.9629078,-1.2996869,1.2963583,-0.93074477,-0.33427641,-0.14823484,0
1.2352487,1.8499676,-0.44682622,-0.23968768,0.86385334,-0.44306576,0
0.69089985,0.91267127,-1.869756,0.27615952,-0.37685108,-0.88414884,0
2.4298811,0.95809865,2.0471377,-0.27615952,0.37685108,0.88414884,0
-2.8377151,-1.2524966,0.40387416,-0.93074477,-0.33427641,-0.14823484,0
-1.0712415,0.081157148,1.3273582,-0.27615952,0.37685108,0.88414884,0
-1.5151027,-2.2618237,-1.205724,0.27615952,-0.37685108,-0.88414884,0
-1.4983152,-2.3277211,-0.34234595,0.23968768,-0.86385334,0.44306576,0
-2.9316201,-0.072817087,-1.6667434,-0.93074477,-0.33427641,-0.14823484,0
-1.6688751,-1.9790201,0.42979121,0.23968768,-0.86385334,0.44306576,0
-1.3266437,0.81057793,-1.0874219,-0.23968768,0.86385334,-0.44306576,0
1.2784196,2.1940439,0.2006712,-0.23968768,0.86385334,-0.44306576,0
1.2307906,2.1025751,0.048099279,-0.23968768,0.86385334,-0.44306576,0
-2.3764119,0.088389874,-1.9275866,-0.23968768,0.86385334,-0.44306576,0
0.065564603,-1.6307811,-0.9809798,0.27615952,-0.37685108,-0.88414884,0
1.9385779,-0.48565924,1.3898802,0.23968768,-0.86385334,0.44306576,0
2.7086902,1.2539759,-1.3849835,0.27615952,-0.37685108,-0.88414884,0
1.8471688,-1.2927551,-0.13427901,0.23968768,-0.86385334,0.44306576,0
0.49879548,1.0507827,1.4044677,-0.27615952,0.37685108,0.88414884,0
-2.663209,0.67918664,0.57521677,-0.27615952,0.37685108,0.88414884,0
0.76125151,2.0329466,0.16635251,-0.23968768,0.86385334,-0.44306576,0
2.2376175,2.1081605,1.4344893,0.93074477,0.33427641,0.14823484,0
-0.085706115,-2.0994668,-0.66150105,0.23968768,-0.86385334,0.44306576,0
2.3231885,2.1211667,0.86787081,0.93074477,0.33427641,0.14823484,0
-1.2759058,0.60947728,1.0382463,-0.27615952,0.37685108,0.88414884,0
0.89914483,1.4218178,-1.0997736,-0.23968768,0.86385334,-0.44306576,0
-0.37758309,1.7125732,0.15779603,-0.23968768,0.86385334,-0.44306576,0
-0.60813248,0.7950561,-1.5063821,-0.23968768,0.86385334,-0.44306576,0
3.1785369,0.47894287,-0.79944587,0.93074477,0.33427641,0.14823484,0
2.3569462,-1.2159916,-0.26038897,0.23968768,-0.86385334,0.44306576,0
-2.910779,-0.23913765,0.88930678,-0.27615952,0.37685108,0.88414884,0
3.0686333,0.51415741,-0.18878698,0.93074477,0.33427641,0.14823484,0
1.0867991,0.12026024,1.9847448,-0.27615952,0.37685108,0.88414884,0
0.39827609,-0.035702944,-1.5569297,0.27615952,-0.37685108,-0.88414884,0
-2.949127,-1.0952268,0.74876237,-0.93074477,-0.33427641,-0.14823484,0
2.3028574,-0.35016799,1.4569836,0.23968768,-0.86385334,0.44306576,0
2.6926615,0.57748699,2.0290742,0.93074477,0.33427641,0.14823484,0
2.0392697,1.5400523,-1.4860291,-0.23968768,0.86385334,-0.44306576,0
-1.1625521,1.1156846,-0.58131939,-0.23968768,0.86385334,-0.44306576,0
-3.0087564,-0.56772709,-0.066368818,-0.93074477,-0.33427641,-0.14823484,0
1.24036,2.2657847,1.118221,-0.27615952,0.37685108,0.88414884,0
2.3018208,2.3566351,0.4710443,0.93074477,0.33427641,0.14823484,0
-1.1410968,1.6734129,0.62687159,-0.27615952,0.37685108,0.88414884,0
-3.0277386,-0.85992855,0.71174622,-0.93074477,-0.33427641,-0.14823484,0
-0.33306098,0.56136429,-2.0398474,0.27615952,-0.37685108,-0.88414884,0
2.1620746,-1.2932546,-0.30560911,0.23968768,-0.86385334,0.44306576,0
-2.5303915,-1.1908979,-1.6646745,-0.93074477,-0.33427641,-0.14823484,0
1.2663764,2.0220783,1.2302225,-0.27615952,0.37685108,0.88414884,0
-0.83834457,-1.2818134,-1.4120522,0.27615952,-0.37685108,-0.88414884,0
2.7362764,1.8545558,-1.1246266,0.93074477,0.33427641,0.14823484,0
3.099158,0.3392489,0.013979673,0.93074477,0.33427641,0.14823484,0
-2.8519621,-0.48389399,-1.2399065,-0.93074477,-0.33427641,-0.14823484,0
0.83370507,1.0548348,-1.7798856,-0.23968768,0.86385334,-0.44306576,0
-3.4595308,0.53625286,0.2744503,-0.93074477,-0.33427641,-0.14823484,0
-2.4436011,-2.0641649,0.68289018,0.23968768,-0.86385334,0.44306576,0
2.6385736,1.7708396,-1.3602679,-0.23968768,0.86385334,-0.44306576,0
2.9419856,0.61053771,0.3890729,0.93074477,0.33427641,0.14823484,0
-0.56617093,0.28685915,-1.9956558,0.27615952,-0.37685108,-0.88414884,0
3.1527755,0.23269516,-0.082393646,0.93074477,0.33427641,0.14823484,0
3.3012762,-0.33683872,0.26951909,0.93074477,0.33427641,0.14823484,0
2.6992254,0.62333488,1.8844714,0.93074477,0.33427641,0.14823484,0
-2.197305,-2.4300413,-0.96174932,-0.93074477,-0.33427641,-0.14823484,0
-2.3737068,-1.8521591,-1.1572978,-0.93074477,-0.33427641,-0.14823484,0
0.62007272,2.2713723,0.92209578,-0.27615952,0.37685108,0.88414884,0
-2.9321184,0.31343877,0.6471169,-0.27615952,0.37685108,0.88414884,0
2.9052906,1.5229332,-1.4380181,0.93074477,0.33427641,0.14823484,0
-0.49988174,0.14493978,-1.9144602,0.27615952,-0.37685108,-0.88414884,0
-3.1093881,-0.22008133,-0.21847415,-0.93074477,-0.33427641,-0.14823484,0
0.30887789,1.6647702,-0.30676472,-0.23968768,0.86385334,-0.44306576,0
1.8093052,-0.44677219,-0.9409914,0.27615952,-0.37685108,-0.88414884,0
2.1560459,0.55418158,2.1337686,-0.27615952,0.37685108,0.88414884,0
-2.052269,-2.4720926,-0.3241539,0.23968768,-0.86385334,0.44306576,0
-1.4846693,1.3942642,0.63854003,-0.27615952,0.37685108,0.88414884,0
2.452307,1.915264,0.52147508,0.93074477,0.33427641,0.14823484,0
2.3096795,1.9264083,1.3918827,0.93074477,0.33427641,0.14823484,0
3.1364079,0.65148717,-0.92401791,0.93074477,0.33427641,0.14823484,0
2.2425911,-0.55764389,1.0850673,0.23968768,-0.86385334,0.44306576,0
0.45299649,0.6438036,-1.8294643,0.27615952,-0.37685108,-0.88414884,0
3.2040722,-0.64677805,0.39114261,0.23968768,-0.86385334,0.44306576,0
