3.8641119,1.5993485,-0.92805243,0.77913702,0.62669742,0.013987541,0
3.2529597,2.3081653,1.3566811,0.77913702,0.62669742,0.013987541,0
-2.6826694,-0.31183374,0.40557313,-0.61308724,0.75718606,0.22537379,0
-3.1589985,-2.4304819,-1.1102583,-0.77913702,-0.62669742,-0.013987541,0
-3.4099667,-1.1256688,1.1613297,-0.61308724,0.75718606,0.22537379,0
3.5535698,1.9856695,-0.93887472,0.77913702,0.62669742,0.013987541,0
-1.3949611,-1.9097081,-1.7137263,-0.1306501,0.1841727,-0.97417188,0
2.4523952,1.1604019,1.4302491,0.1306501,-0.1841727,0.97417188,0
0.24655372,0.74630159,-1.4317429,-0.1306501,0.1841727,-0.97417188,0
0.030911982,1.8521261,0.51713085,-0.61308724,0.75718606,0.22537379,0
0.11414474,-1.6971757,1.2036002,0.1306501,-0.1841727,0.97417188,0
-3.3383634,-2.2134535,-0.84295678,-0.77913702,-0.62669742,-0.013987541,0
3.6253619,0.64600158,1.1756876,0.1306501,-0.1841727,0.97417188,0
0.82473695,2.1908216,1.5386711,-0.61308724,0.75718606,0.22537379,0
3.6774712,1.2322192,1.2795272,0.1306501,-0.1841727,0.97417188,0
0.77896452,1.9824078,-1.2694539,-0.1306501,0.1841727,-0.97417188,0
0.81203473,-0.34294778,1.3660277,0.1306501,-0.1841727,0.97417188,0
-1.3450472,-2.6980603,-1.2499135,0.61308724,-0.75718606,-0.22537379,0
-2.9028006,-2.7679408,-0.26155877,-0.77913702,-0.62669742,-0.013987541,0
-3.543364,-1.1069604,0.73559403,-0.61308724,0.75718606,0.22537379,0
3.7353132,0.83933568,0.68570328,0.61308724,-0.75718606,-0.22537379,0
2.3400772,-0.20440522,1.187288,0.1306501,-0.1841727,0.97417188,0
0.90397441,1.4359785,1.6900133,0.1306501,-0.1841727,0.97417188,0
0.90068805,2.7431982,-0.11053181,-0.61308724,0.75718606,0.22537379,0
1.0614595,0.58970779,-1.5706381,-0.1306501,0.1841727,-0.97417188,0
3.2268894,1.0782864,1.3108542,0.1306501,-0.1841727,0.97417188,0
-3.0962422,-2.5190592,-0.63731146,-0.77913702,-0.62669742,-0.013987541,0
-0.13337719,-1.7250237,-1.2228923,0.61308724,-0.75718606,-0.22537379,0
2.6819947,1.6942056,-1.5791633,-0.1306501,0.1841727,-0.97417188,0
2.7294598,2.9685147,0.93052244,0.77913702,0.62669742,0.013987541,0
-0.91360486,-0.047021955,-1.4261317,-0.1306501,0.1841727,-0.97417188,0
0.12232023,-2.1496911,1.1169531,0.1306501,-0.1841727,0.97417188,0
-0.85136068,1.6026933,-1.0449097,-0.61308724,0.75718606,0.22537379,0
-2.8985553,-0.13346806,-0.78095698,-0.61308724,0.75718606,0.22537379,0
1.5144218,3.1136758,0.31432557,-0.61308724,0.75718606,0.22537379,0
3.5934687,1.892556,1.010529,0.77913702,0.62669742,0.013987541,0
-1.7306699,0.45643866,0.41415346,-0.61308724,0.75718606,0.22537379,0
2.5548096,3.1910357,0.68909001,0.77913702,0.62669742,0.013987541,0
2.1539137,2.5103455,-1.354044,-0.1306501,0.1841727,-0.97417188,0
2.6652074,3.0355189,1.5074744,0.77913702,0.62669742,0.013987541,0
1.4012957,-0.46830797,-1.2702768,0.61308724,-0.75718606,-0.22537379,0
0.30185395,0.6939559,-1.4490557,-0.1306501,0.1841727,-0.97417188,0
-3.1632893,-2.4229133,-1.2103546,-0.77913702,-0.62669742,-0.013987541,0
-3.4347172,-2.0815201,-1.3869905,-0.77913702,-0.62669742,-0.013987541,0
3.6764956,1.1551532,1.2650878,0.1306501,-0.1841727,0.97417188,0
-2.9757967,-1.6000758,-1.4431765,-0.1306501,0.1841727,-0.97417188,0
-0.73542845,1.5829366,-0.66316146,-0.61308724,0.75718606,0.22537379,0
1.5173298,3.3874259,-0.59747767,-0.61308724,0.75718606,0.22537379,0
-1.9096044,0.1095649,-1.2629507,-0.1306501,0.1841727,-0.97417188,0
-0.58704746,-0.56556165,1.5115778,0.1306501,-0.1841727,0.97417188,0
-2.7897148,-0.038560659,-0.80373526,-0.61308724,0.75718606,0.22537379,0
0.34683889,2.3764935,-0.38516045,-0.61308724,0.75718606,0.22537379,0
1.3130289,-0.29945016,-1.7724773,-0.1306501,0.1841727,-0.97417188,0
0.70194072,0.10168839,-1.6146845,-0.1306501,0.1841727,-0.97417188,0
2.9218438,2.7614241,-0.50722051,0.77913702,0.62669742,0.013987541,0
1.1882451,2.8892522,0.18101716,-0.61308724,0.75718606,0.22537379,0
0.39935791,1.8560879,1.5061078,-0.61308724,0.75718606,0.22537379,0
-0.58770108,0.98280483,1.7549584,-0.61308724,0.75718606,0.22537379,0
0.48658252,1.9106884,1.5599455,-0.61308724,0.75718606,0.22537379,0
-3.1870251,-1.0636406,1.5594056,-0.61308724,0.75718606,0.22537379,0
-2.1032267,-3.7781324,0.46100378,-0.77913702,-0.62669742,-0.013987541,0
2.1593969,0.48153198,-1.7383382,-0.1306501,0.1841727,-0.97417188,0
-2.6187484,-3.1371977,0.46029067,-0.77913702,-0.62669742,-0.013987541,0
-0.69064248,0.32487607,1.6938134,0.1306501,-0.1841727,0.97417188,0
2.5238457,3.2357113,0.41219234,0.77913702,0.62669742,0.013987541,0
-2.7670255,-2.9240274,-0.83122039,-0.77913702,-0.62669742,-0.013987541,0
3.9231002,1.4798158,1.1417069,0.77913702,0.62669742,0.013987541,0
2.8458037,1.0769154,-1.7178342,-0.1306501,0.1841727,-0.97417188,0
3.431159,1.4239476,1.3488078,0.1306501,-0.1841727,0.97417188,0
-4.150322,-1.2052265,-0.78764129,-0.77913702,-0.62669742,-0.013987541,0
-1.7273597,-1.3946923,1.5077579,0.1306501,-0.1841727,0.97417188,0
-3.569468,-1.9725472,1.2365146,-0.77913702,-0.62669742,-0.013987541,0
2.9810851,2.680881,-0.19843936,0.77913702,0.62669742,0.013987541,0
0.71620703,0.38400903,-1.5632236,-0.1306501,0.1841727,-0.97417188,0
-2.9495621,-2.0864568,1.54089,0.1306501,-0.1841727,0.97417188,0
1.6277406,1.2973027,1.5667288,0.1306501,-0.1841727,0.97417188,0
2.9400346,0.32387468,0.25408602,0.61308724,-0.75718606,-0.22537379,0
3.4142799,2.1676955,-1.3355975,0.77913702,0.62669742,0.013987541,0
3.2773244,2.2774014,1.3778732,0.77913702,0.62669742,0.013987541,0
2.6986141,3.0490329,-0.95885205,0.77913702,0.62669742,0.013987541,0
3.4314537,2.1398671,-1.0454097,0.77913702,0.62669742,0.013987541,0
2.5875325,1.5740315,-1.5892138,-0.1306501,0.1841727,-0.97417188,0
0.77263033,-1.3187523,-0.12321457,0.61308724,-0.75718606,-0.22537379,0
-1.4644573,-2.8194947,1.2031322,0.1306501,-0.1841727,0.97417188,0
0.51685458,-1.3038371,-0.86911523,0.61308724,-0.75718606,-0.22537379,0
2.265085,1.4849391,-1.5628126,-0.1306501,0.1841727,-0.97417188,0
-2.0878472,-1.9869694,1.4441309,0.1306501,-0.1841727,0.97417188,0
-3.7200365,-0.94398141,-1.2193253,-0.1306501,0.1841727,-0.97417188,0
-3.3549252,-0.79577303,0.20271397,-0.61308724,0.75718606,0.22537379,0
3.8490324,1.6323484,-1.5666285,0.77913702,0.62669742,0.013987541,0
-2.4872169,-3.2931828,0.12245584,-0.77913702,-0.62669742,-0.013987541,0
-0.68242902,1.6981736,-1.1271966,-0.1306501,0.1841727,-0.97417188,0
3.8396664,1.5100176,-1.2837057,0.61308724,-0.75718606,-0.22537379,0
3.841013,1.585734,0.96859026,0.77913702,0.62669742,0.013987541,0
0.64549863,-0.86936849,-1.7906985,-0.1306501,0.1841727,-0.97417188,0
-0.94103247,-2.7218242,1.1513987,0.1306501,-0.1841727,0.97417188,0
0.99471653,0.88379604,-1.506088,-0.1306501,0.1841727,-0.97417188,0
0.50416863,2.3746572,-1.1584431,-0.1306501,0.1841727,-0.97417188,0
-2.3242548,-0.13371783,0.78215957,-0.61308724,0.75718606,0.22537379,0
-0.74882686,-2.8433201,0.86001992,0.61308724,-0.75718606,-0.22537379,0
-2.8553617,-2.851779,0.85229445,-0.77913702,-0.62669742,-0.013987541,0
-0.17233264,1.3081394,1.7918682,-0.61308724,0.75718606,0.22537379,0
-1.4317845,0.90772521,-0.28896749,-0.61308724,0.75718606,0.22537379,0
-0.78120327,1.5852154,-0.79533958,-0.61308724,0.75718606,0.22537379,0
-2.9413645,-2.7432775,0.78153586,-0.77913702,-0.62669742,-0.013987541,0
0.36647618,-1.173826,-1.714988,0.61308724,-0.75718606,-0.22537379,0
-3.9993465,-1.41198,0.066036701,-0.77913702,-0.62669742,-0.013987541,0
-1.3432283,-3.1236079,0.18474221,0.61308724,-0.75718606,-0.22537379,0
-1.14043,0.98297405,-1.2009847,-0.1306501,0.1841727,-0.97417188,0
-0.80826432,1.57427,-1.133745,-0.1306501,0.1841727,-0.97417188,0
3.3442819,2.2548609,-1.3419213,0.77913702,0.62669742,0.013987541,0
0.40039644,2.3260703,-0.070060968,-0.61308724,0.75718606,0.22537379,0
-3.4092014,-2.1157644,-1.2740078,-0.77913702,-0.62669742,-0.013987541,0
2.9053385,2.7475495,1.033783,0.77913702,0.62669742,0.013987541,0
-0.0078008175,0.33784288,1.6046864,0.1306501,-0.1841727,0.97417188,0
-1.0810751,1.3273029,-0.74457842,-0.61308724,0.75718606,0.22537379,0
-2.649982,-2.2424629,-1.6083195,-0.1306501,0.1841727,-0.97417188,0
-1.3790081,0.018656373,1.7282403,0.1306501,-0.1841727,0.97417188,0
-0.77574146,0.72843707,-1.2980163,-0.1306501,0.1841727,-0.97417188,0
0.55936408,-0.70093071,1.3322357,0.1306501,-0.1841727,0.97417188,0
3.0540614,2.5725322,0.59106851,0.77913702,0.62669742,0.013987541,0
-3.9101517,-1.5234377,0.091465473,-0.77913702,-0.62669742,-0.013987541,0
-3.5209765,-1.8353875,-1.414547,-0.1306501,0.1841727,-0.97417188,0
-2.7147474,-0.23521861,0.060908318,-0.61308724,0.75718606,0.22537379,0
-0.38318217,0.63292348,-1.3687214,-0.1306501,0.1841727,-0.97417188,0
-1.7360575,0.63364327,-0.19585502,-0.61308724,0.75718606,0.22537379,0
2.2703495,3.547235,0.57500005,0.77913702,0.62669742,0.013987541,0
-2.7548127,-1.6007681,1.6065938,0.1306501,-0.1841727,0.97417188,0
0.21713257,-2.0190191,0.71833605,0.61308724,-0.75718606,-0.22537379,0
-3.6949706,-1.0877525,0.25864315,-0.61308724,0.75718606,0.22537379,0
0.25143439,-1.7343421,-0.14477795,0.61308724,-0.75718606,-0.22537379,0
1.965282,3.0780482,1.6605045,-0.61308724,0.75718606,0.22537379,0
-3.4798589,-2.0635736,0.32341909,-0.77913702,-0.62669742,-0.013987541,0
1.4970961,2.8267262,1.231256,-0.61308724,0.75718606,0.22537379,0
2.698236,3.0110874,0.76230597,0.77913702,0.62669742,0.013987541,0
3.3092055,1.1851085,-1.6351316,0.61308724,-0.75718606,-0.22537379,0
2.9884839,2.6373565,1.3395047,0.77913702,0.62669742,0.013987541,0
-2.9179606,-2.7659185,0.49230886,-0.77913702,-0.62669742,-0.013987541,0
3.3366461,2.2601621,-1.1541052,0.77913702,0.62669742,0.013987541,0
-1.2450087,-2.1363642,-1.7766876,-0.1306501,0.1841727,-0.97417188,0
-2.8512783,-2.8364482,-0.062039375,-0.77913702,-0.62669742,-0.013987541,0
0.3583172,2.1225283,0.49930805,-0.61308724,0.75718606,0.22537379,0
-1.4424843,-3.0240393,-0.41978455,0.61308724,-0.75718606,-0.22537379,0
2.7712038,2.9391375,-0.078503847,0.77913702,0.62669742,0.013987541,0
1.7091968,-0.17589617,-1.4151021,0.61308724,-0.75718606,-0.22537379,0
1.1990076,-0.11911759,1.3564456,0.1306501,-0.1841727,0.97417188,0
3.3584576,2.2321365,-1.1134081,0.77913702,0.62669742,0.013987541,0
-1.9982167,-3.8672402,0.90134168,0.61308724,-0.75718606,-0.22537379,0
2.2781477,1.8837812,1.5903771,0.1306501,-0.1841727,0.97417188,0
1.1762486,2.2054667,1.7989734,0.1306501,-0.1841727,0.97417188,0
-2.5219579,0.091590494,-0.51262057,-0.61308724,0.75718606,0.22537379,0
3.3505211,2.2454495,-1.2677865,0.77913702,0.62669742,0.013987541,0
-0.66004485,-2.6930504,1.1191541,0.1306501,-0.1841727,0.97417188,0
-2.4656818,-3.3240991,0.30808187,-0.77913702,-0.62669742,-0.013987541,0
3.4531281,2.0921402,-0.11434793,0.77913702,0.62669742,0.013987541,0
-0.22378194,-1.4763081,-1.788861,-0.1306501,0.1841727,-0.97417188,0
-2.6456206,-0.40904838,0.83296824,-0.61308724,0.75718606,0.22537379,0
-0.33507222,-2.559433,1.0317897,0.61308724,-0.75718606,-0.22537379,0
0.28611785,1.4516642,-1.3036964,-0.1306501,0.1841727,-0.97417188,0
3.5578604,1.9450343,0.6427412,0.77913702,0.62669742,0.013987541,0
0.75894642,-1.3259759,-0.13617006,0.61308724,-0.75718606,-0.22537379,0
-3.2481015,-2.361999,0.78466749,-0.77913702,-0.62669742,-0.013987541,0
2.7113664,3.0246971,-0.57886171,0.77913702,0.62669742,0.013987541,0
-0.02039665,1.7648293,0.67084497,-0.61308724,0.75718606,0.22537379,0
-3.0290475,-0.68448973,0.71532512,-0.61308724,0.75718606,0.22537379,0
-1.6728132,-2.8096459,-1.7666454,0.61308724,-0.75718606,-0.22537379,0
-3.1213589,-2.5213623,0.86494827,-0.77913702,-0.62669742,-0.013987541,0
0.78875035,-1.5594214,0.72921002,0.61308724,-0.75718606,-0.22537379,0
2.6212077,-0.14027666,0.94618165,0.61308724,-0.75718606,-0.22537379,0
-4.1816311,-1.165426,-0.82688856,-0.77913702,-0.62669742,-0.013987541,0
-1.3384593,0.78035468,0.3928318,-0.61308724,0.75718606,0.22537379,0
3.498106,2.0245216,0.40985489,0.77913702,0.62669742,0.013987541,0
-1.5257108,1.0060636,-0.87486219,-0.61308724,0.75718606,0.22537379,0
0.99221224,2.8579235,-0.24699879,-0.61308724,0.75718606,0.22537379,0
-3.6405838,-1.8715949,0.67473698,-0.77913702,-0.62669742,-0.013987541,0
2.4278276,3.3657963,-0.067690849,0.77913702,0.62669742,0.013987541,0
-1.1299367,-0.51993823,1.593012,0.1306501,-0.1841727,0.97417188,0
0.96407723,-1.4036226,0.6827184,0.61308724,-0.75718606,-0.22537379,0
-0.24173093,1.0334136,-1.311977,-0.1306501,0.1841727,-0.97417188,0
-1.1596394,0.56595504,1.5995936,-0.61308724,0.75718606,0.22537379,0
3.480593,0.95119953,-0.38304281,0.61308724,-0.75718606,-0.22537379,0
-3.5600927,-1.9612963,0.21019745,-0.77913702,-0.62669742,-0.013987541,0
-3.1218643,-0.39695889,-0.50317931,-0.61308724,0.75718606,0.22537379,0
-2.3919678,-3.4073033,-0.070089102,-0.77913702,-0.62669742,-0.013987541,0
-2.8611047,-0.25405481,-0.27394581,-0.61308724,0.75718606,0.22537379,0
3.8568997,1.5671573,0.91599846,0.77913702,0.62669742,0.013987541,0
-2.3347397,-2.1099234,-1.6255409,-0.1306501,0.1841727,-0.97417188,0
-1.4351892,-1.3122458,-1.5953776,-0.1306501,0.1841727,-0.97417188,0
3.3547392,2.1848214,1.2136471,0.77913702,0.62669742,0.013987541,0
-2.8286784,-2.8776479,0.52499342,-0.77913702,-0.62669742,-0.013987541,0
-3.7629762,-1.7111732,0.30474138,-0.77913702,-0.62669742,-0.013987541,0
3.4787052,2.0304337,1.2256536,0.77913702,0.62669742,0.013987541,0
-0.79455447,-0.56116122,1.5402393,0.1306501,-0.1841727,0.97417188,0
1.2889817,2.1759331,1.778271,0.1306501,-0.1841727,0.97417188,0
0.0023878813,-0.0060524344,-1.5412335,-0.1306501,0.1841727,-0.97417188,0
0.29319876,1.2974029,-1.3338099,-0.1306501,0.1841727,-0.97417188,0
-1.9622213,-0.016334303,-1.279696,-0.1306501,0.1841727,-0.97417188,0
1.9993376,3.4123626,0.62995386,-0.61308724,0.75718606,0.22537379,0
-3.5321698,-1.2939918,1.3944123,-0.61308724,0.75718606,0.22537379,0
-1.456095,-0.28884184,-1.3990936,-0.1306501,0.1841727,-0.97417188,0
-2.4104972,-3.4079819,0.99246788,-0.77913702,-0.62669742,-0.013987541,0
3.143975,0.8090046,-0.8210175,0.61308724,-0.75718606,-0.22537379,0
-2.606523,-0.18904793,0.20019317,-0.61308724,0.75718606,0.22537379,0
-0.86639726,-1.3499476,1.40075,0.1306501,-0.1841727,0.97417188,0
3.9247422,1.505654,-0.1073966,0.77913702,0.62669742,0.013987541,0
2.6585603,3.0762079,0.054697037,0.77913702,0.62669742,0.013987541,0
-0.080975533,-0.41680992,1.4718288,0.1306501,-0.1841727,0.97417188,0
1.4461725,3.043344,0.36495996,-0.61308724,0.75718606,0.22537379,0
2.0870535,3.7979143,-0.44644618,0.77913702,0.62669742,0.013987541,0
-0.72581565,-0.5704124,-1.5502667,-0.1306501,0.1841727,-0.97417188,0
-1.0196102,0.66117758,1.660599,-0.61308724,0.75718606,0.22537379,0
-1.8610811,-2.3787155,1.3396566,0.1306501,-0.1841727,0.97417188,0
3.3148966,2.2823148,-0.9351368,0.77913702,0.62669742,0.013987541,0
2.6746602,3.0430086,0.64534974,0.77913702,0.62669742,0.013987541,0
0.15589359,2.1928577,-0.28763258,-0.61308724,0.75718606,0.22537379,0
-0.72080112,-2.3869112,-0.5971328,0.61308724,-0.75718606,-0.22537379,0
0.7646904,1.8160665,1.7805508,0.1306501,-0.1841727,0.97417188,0
-1.2560947,-1.9076873,-1.731968,-0.1306501,0.1841727,-0.97417188,0
2.1771386,3.6744432,0.067621231,0.77913702,0.62669742,0.013987541,0
-2.8560464,-2.8340106,0.094327927,-0.77913702,-0.62669742,-0.013987541,0
1.9560664,-0.24671984,-0.50559437,0.61308724,-0.75718606,-0.22537379,0
-1.1132082,-1.3327049,1.4371104,0.1306501,-0.1841727,0.97417188,0
-3.7962947,-1.6805472,0.78851461,-0.77913702,-0.62669742,-0.013987541,0
-0.40522301,-0.17091256,1.5618031,0.1306501,-0.1841727,0.97417188,0
-1.8924741,-1.8092498,-1.6280104,-0.1306501,0.1841727,-0.97417188,0
2.620687,-0.094606265,1.1704125,0.1306501,-0.1841727,0.97417188,0
1.0323057,2.717638,0.33338392,-0.61308724,0.75718606,0.22537379,0
-2.8128216,-2.8806875,-0.22206712,-0.77913702,-0.62669742,-0.013987541,0
-1.7620749,-0.61504614,-1.4197282,-0.1306501,0.1841727,-0.97417188,0
1.0357465,1.197053,1.6271704,0.1306501,-0.1841727,0.97417188,0
2.6561384,3.0791583,0.05739522,0.77913702,0.62669742,0.013987541,0
2.6414294,0.056098878,0.34142995,0.61308724,-0.75718606,-0.22537379,0
-3.5575984,-1.0589457,-1.262845,-0.1306501,0.1841727,-0.97417188,0
-3.344002,-2.2146292,-0.47622824,-0.77913702,-0.62669742,-0.013987541,0
-2.4156485,-2.0903592,1.4685471,0.1306501,-0.1841727,0.97417188,0
-1.8737625,-3.0621192,-1.46506,0.61308724,-0.75718606,-0.22537379,0
0.46148056,0.59173137,-1.48979,-0.1306501,0.1841727,-0.97417188,0
-4.0223446,-1.3563209,-1.1466594,-0.77913702,-0.62669742,-0.013987541,0
0.42545557,-0.45487097,1.3967137,0.1306501,-0.1841727,0.97417188,0
1.0236952,2.4748557,1.1256338,-0.61308724,0.75718606,0.22537379,0
-1.8574262,0.39133334,0.28807044,-0.61308724,0.75718606,0.22537379,0
0.51087111,1.0278316,-1.4139668,-0.1306501,0.1841727,-0.97417188,0
0.64823848,2.5537314,-0.16072416,-0.61308724,0.75718606,0.22537379,0
0.26885748,-1.2229761,-1.8070371,-0.1306501,0.1841727,-0.97417188,0
2.4834599,1.4266419,-1.603121,-0.1306501,0.1841727,-0.97417188,0
1.9500421,0.35628533,1.3455989,0.1306501,-0.1841727,0.97417188,0
-1.3830819,-1.1599969,1.5059559,0.1306501,-0.1841727,0.97417188,0
-2.6890063,0.060129672,-0.86134613,-0.61308724,0.75718606,0.22537379,0
-2.3272207,-3.51087,0.96356845,-0.77913702,-0.62669742,-0.013987541,0
-1.707471,-3.2288647,-0.45248294,0.61308724,-0.75718606,-0.22537379,0
3.217648,2.3936119,-0.50471449,0.77913702,0.62669742,0.013987541,0
-3.7931719,-1.6999019,1.4817061,-0.77913702,-0.62669742,-0.013987541,0
0.7376709,1.9615512,-1.2678587,-0.1306501,0.1841727,-0.97417188,0
0.47195566,2.2468491,0.39076126,-0.61308724,0.75718606,0.22537379,0
-2.9933994,-2.6834254,0.99839234,-0.77913702,-0.62669742,-0.013987541,0
-2.9569206,-0.15935436,-0.85275841,-0.61308724,0.75718606,0.22537379,0
-3.0301139,-2.5981083,-0.77909589,-0.77913702,-0.62669742,-0.013987541,0
-0.80780417,0.91653341,1.3788614,-0.61308724,0.75718606,0.22537379,0
1.280327,-0.69952148,-0.8225441,0.61308724,-0.75718606,-0.22537379,0
-3.5446007,-0.80088955,-0.29607296,-0.61308724,0.75718606,0.22537379,0
0.70322526,2.4670048,0.2802316,-0.61308724,0.75718606,0.22537379,0
3.6636875,1.8453279,-0.78479719,0.77913702,0.62669742,0.013987541,0
-2.3140867,-2.3519454,1.405472,0.1306501,-0.1841727,0.97417188,0
-0.23739088,1.3240378,1.561476,-0.61308724,0.75718606,0.22537379,0
0.43474084,2.3543077,-1.152979,-0.1306501,0.1841727,-0.97417188,0
3.1704206,2.4696,-1.2786374,0.77913702,0.62669742,0.013987541,0
-3.3981917,-2.159194,0.058553219,-0.77913702,-0.62669742,-0.013987541,0
-0.55165589,0.58595896,-1.3550055,-0.1306501,0.1841727,-0.97417188,0
-3.7166746,-1.7705917,0.38784647,-0.77913702,-0.62669742,-0.013987541,0
3.8360827,1.6079676,0.24708176,0.77913702,0.62669742,0.013987541,0
0.28668731,-1.7701991,0.071589231,0.61308724,-0.75718606,-0.22537379,0
2.2002563,3.6693211,-0.99060321,0.77913702,0.62669742,0.013987541,0
1.5894561,-0.51961058,-0.58606052,0.61308724,-0.75718606,-0.22537379,0
1.8646419,0.24371505,-1.743768,-0.1306501,0.1841727,-0.97417188,0
2.8404045,0.0053016245,1.0533667,0.61308724,-0.75718606,-0.22537379,0
0.33179188,2.2370653,0.042342305,-0.61308724,0.75718606,0.22537379,0
-0.87866515,-2.684855,-0.025575161,0.61308724,-0.75718606,-0.22537379,0
0.54457963,-0.063538074,-1.6248171,-0.1306501,0.1841727,-0.97417188,0
3.941364,1.4958158,-0.59247875,0.77913702,0.62669742,0.013987541,0
-1.8388884,0.00085330009,1.65039,-0.61308724,0.75718606,0.22537379,0
1.438455,0.47038272,1.4357808,0.1306501,-0.1841727,0.97417188,0
1.5951962,-0.28624886,-1.3544687,0.61308724,-0.75718606,-0.22537379,0
-0.66776359,-2.7718942,1.1052835,0.1306501,-0.1841727,0.97417188,0
2.6276283,3.0901103,1.1547976,0.77913702,0.62669742,0.013987541,0
2.768234,2.903007,1.7056992,0.77913702,0.62669742,0.013987541,0
3.6815464,1.811188,-0.2499795,0.77913702,0.62669742,0.013987541,0
-1.3675859,-2.2126184,1.3048737,0.1306501,-0.1841727,0.97417188,0
1.9827044,3.2441308,-1.1923563,-0.1306501,0.1841727,-0.97417188,0
-0.46006376,1.3362149,-1.2254492,-0.1306501,0.1841727,-0.97417188,0
0.47054863,0.68047297,1.605309,0.1306501,-0.1841727,0.97417188,0
-2.6132202,-0.94182521,-1.367357,-0.1306501,0.1841727,-0.97417188,0
-3.976124,-1.150591,-0.2950635,-0.61308724,0.75718606,0.22537379,0
2.3231964,3.4652705,1.3036442,0.77913702,0.62669742,0.013987541,0
-3.5818887,-1.9463671,0.75540352,-0.77913702,-0.62669742,-0.013987541,0
-2.7775078,-0.26911342,-1.2181439,-0.1306501,0.1841727,-0.97417188,0
1.6045648,1.0819036,-1.5504239,-0.1306501,0.1841727,-0.97417188,0
0.53592259,-1.7224782,1.1422503,0.1306501,-0.1841727,0.97417188,0
3.3114171,2.2626729,0.13872051,0.77913702,0.62669742,0.013987541,0
1.3741045,1.591433,-1.4231864,-0.1306501,0.1841727,-0.97417188,0
-1.8220401,-3.3454516,-0.3724494,0.61308724,-0.75718606,-0.22537379,0
-3.4910278,-2.0218682,-0.92297864,-0.77913702,-0.62669742,-0.013987541,0
-2.2852037,-2.6787388,-1.7397218,-0.1306501,0.1841727,-0.97417188,0
-0.61440992,-2.3848522,-0.31463373,0.61308724,-0.75718606,-0.22537379,0
0.18511117,0.29638398,1.5709761,0.1306501,-0.1841727,0.97417188,0
0.81772995,0.68222952,1.5590792,0.1306501,-0.1841727,0.97417188,0
-3.516542,-2.0048792,-0.26299763,-0.77913702,-0.62669742,-0.013987541,0
-2.4462605,0.052886128,-0.17666578,-0.61308724,0.75718606,0.22537379,0
3.3499255,2.2469361,-1.3012261,0.77913702,0.62669742,0.013987541,0
-0.78824186,-2.8503816,0.77652264,0.61308724,-0.75718606,-0.22537379,0
2.0025096,0.045468926,-1.3609171,0.61308724,-0.75718606,-0.22537379,0
1.1819528,-1.1766416,0.51282251,0.61308724,-0.75718606,-0.22537379,0
-0.021102786,-1.6916969,-1.0294387,0.61308724,-0.75718606,-0.22537379,0
1.939737,1.9701601,1.6520931,0.1306501,-0.1841727,0.97417188,0
-1.1312847,-2.5069172,-1.3105935,0.61308724,-0.75718606,-0.22537379,0
3.2161655,2.3885055,-0.19336176,0.77913702,0.62669742,0.013987541,0
-2.1188593,-1.3606181,-1.5128329,-0.1306501,0.1841727,-0.97417188,0
1.4749033,2.681541,-1.2306139,-0.1306501,0.1841727,-0.97417188,0
1.5409763,1.4458055,1.6064401,0.1306501,-0.1841727,0.97417188,0
1.6710565,2.6476531,1.8162106,0.1306501,-0.1841727,0.97417188,0
3.5410032,1.9825916,-0.10098505,0.77913702,0.62669742,0.013987541,0
1.674135,3.5674067,-1.0898557,-0.1306501,0.1841727,-0.97417188,0
-2.9622149,-2.6691201,-1.379606,-0.77913702,-0.62669742,-0.013987541,0
1.7225554,3.5796804,-0.68511605,-0.61308724,0.75718606,0.22537379,0
1.0826664,2.0345433,1.7792104,0.1306501,-0.1841727,0.97417188,0
-0.22190607,-1.7719896,-1.3059275,0.61308724,-0.75718606,-0.22537379,0
1.5258913,2.7429497,-1.2258425,-0.1306501,0.1841727,-0.97417188,0
2.1822054,3.6884871,-0.8438437,0.77913702,0.62669742,0.013987541,0
-0.10020065,-1.0150976,-1.7182405,-0.1306501,0.1841727,-0.97417188,0
-0.077295661,-0.64399397,1.4283849,0.1306501,-0.1841727,0.97417188,0
-2.2652428,-3.563977,-0.10934663,-0.77913702,-0.62669742,-0.013987541,0
3.6203945,1.5173559,-1.7384503,-0.1306501,0.1841727,-0.97417188,0
3.4611888,0.54706168,0.92194915,0.61308724,-0.75718606,-0.22537379,0
2.4533958,0.13527209,-0.43607736,0.61308724,-0.75718606,-0.22537379,0
2.7953396,0.67562443,-1.3212993,0.61308724,-0.75718606,-0.22537379,0
0.44147635,1.3678528,-1.3403771,-0.1306501,0.1841727,-0.97417188,0
3.8123121,1.6414372,0.071584225,0.77913702,0.62669742,0.013987541,0
-2.692817,-3.0190442,-0.7076664,-0.77913702,-0.62669742,-0.013987541,0
1.0968518,0.32771713,-1.6249156,-0.1306501,0.1841727,-0.97417188,0
-3.03372,-0.45061851,-0.083120346,-0.61308724,0.75718606,0.22537379,0
-0.34331143,1.4888827,0.71951139,-0.61308724,0.75718606,0.22537379,0
1.2786953,-0.69877028,1.2361717,0.1306501,-0.1841727,0.97417188,0
1.9834622,-0.49050516,0.38797283,0.61308724,-0.75718606,-0.22537379,0
-3.6092443,-1.9090927,0.6091361,-0.77913702,-0.62669742,-0.013987541,0
-2.8578858,-2.2593513,1.4959083,0.1306501,-0.1841727,0.97417188,0
-1.4587781,0.41870344,1.2805623,-0.61308724,0.75718606,0.22537379,0
2.8917432,0.28584728,0.25047874,0.61308724,-0.75718606,-0.22537379,0
-0.75895274,0.54177839,-1.3355567,-0.1306501,0.1841727,-0.97417188,0
-2.0920978,-0.81789672,-1.4138174,-0.1306501,0.1841727,-0.97417188,0
3.1265197,0.69521141,1.2518928,0.1306501,-0.1841727,0.97417188,0
-0.85615039,-2.3052874,-1.2395554,0.61308724,-0.75718606,-0.22537379,0
-3.6131668,-0.88155645,-0.21157861,-0.61308724,0.75718606,0.22537379,0
-1.9461037,0.32230866,0.27874124,-0.61308724,0.75718606,0.22537379,0
-2.6856382,-3.0569348,0.59009719,-0.77913702,-0.62669742,-0.013987541,0
-2.2087383,-2.998548,1.2690995,0.1306501,-0.1841727,0.97417188,0
-2.424046,-0.52836269,1.7649777,0.1306501,-0.1841727,0.97417188,0
0.8525759,-0.56253201,-1.7604613,-0.1306501,0.1841727,-0.97417188,0
-2.5815191,-3.1503925,-1.0222943,-0.77913702,-0.62669742,-0.013987541,0
-0.69535744,-2.5924308,0.16256344,0.61308724,-0.75718606,-0.22537379,0
-3.8602862,-1.5871937,0.17035246,-0.77913702,-0.62669742,-0.013987541,0
3.6975498,1.81534,-1.3274403,0.77913702,0.62669742,0.013987541,0
1.2203138,-0.60579073,-1.300705,0.61308724,-0.75718606,-0.22537379,0
2.4068475,3.3733423,0.76284909,0.77913702,0.62669742,0.013987541,0
-3.4588535,-2.0818043,-0.029809475,-0.77913702,-0.62669742,-0.013987541,0
-2.1645212,-3.2616308,-1.585717,0.61308724,-0.75718606,-0.22537379,0
2.3292489,3.4676821,0.85846496,0.77913702,0.62669742,0.013987541,0
2.5726495,2.9505899,1.7525666,0.1306501,-0.1841727,0.97417188,0
2.1629796,0.2911258,1.3047223,0.1306501,-0.1841727,0.97417188,0
2.1561246,3.7174447,-0.68848491,0.77913702,0.62669742,0.013987541,0
-2.8614099,-2.8441434,0.84709692,-0.77913702,-0.62669742,-0.013987541,0
-0.77204788,0.36377203,-1.3674536,-0.1306501,0.1841727,-0.97417188,0
-1.0611002,-1.4143521,-1.6648519,-0.1306501,0.1841727,-0.97417188,0
-2.7679727,-2.9539981,0.56435752,-0.77913702,-0.62669742,-0.013987541,0
-0.97368699,-3.0206394,0.84406781,0.61308724,-0.75718606,-0.22537379,0
-2.6580877,-2.0349569,-1.5680025,-0.1306501,0.1841727,-0.97417188,0
-1.331467,0.49708474,1.3635514,-0.61308724,0.75718606,0.22537379,0
-0.70733863,1.678697,-0.90847361,-0.61308724,0.75718606,0.22537379,0
2.905561,2.7501111,0.90661764,0.77913702,0.62669742,0.013987541,0
-1.9028615,-1.6317507,1.4864776,0.1306501,-0.1841727,0.97417188,0
-0.48178995,-1.0946333,-1.6821008,-0.1306501,0.1841727,-0.97417188,0
0.78462052,1.8302758,-1.2989737,-0.1306501,0.1841727,-0.97417188,0
0.42844892,-0.78301102,1.3342756,0.1306501,-0.1841727,0.97417188,0
2.3511438,0.13978398,-0.72939277,0.61308724,-0.75718606,-0.22537379,0
2.8515518,0.57806891,-0.84062815,0.61308724,-0.75718606,-0.22537379,0
-1.30448,0.43253708,1.6538248,-0.61308724,0.75718606,0.22537379,0
0.038013697,0.69217879,-1.4140069,-0.1306501,0.1841727,-0.97417188,0
-3.289845,-2.2675362,-1.1224401,-0.77913702,-0.62669742,-0.013987541,0
1.2434599,1.381861,1.6342521,0.1306501,-0.1841727,0.97417188,0
-2.1504989,-1.9098196,1.4671192,0.1306501,-0.1841727,0.97417188,0
3.6568196,1.1840502,-0.68595672,0.61308724,-0.75718606,-0.22537379,0
-0.64255518,-2.4708738,-0.10219204,0.61308724,-0.75718606,-0.22537379,0
3.1135592,1.5690305,1.4188313,0.1306501,-0.1841727,0.97417188,0
-0.33213055,1.29667,1.3957014,-0.61308724,0.75718606,0.22537379,0
-0.51751536,-2.4778671,0.26145136,0.61308724,-0.75718606,-0.22537379,0
-3.519495,-2.0022759,-0.21512008,-0.77913702,-0.62669742,-0.013987541,0
0.39250332,2.6197579,-1.078232,-0.61308724,0.75718606,0.22537379,0
1.0406404,0.14875346,-1.6512108,-0.1306501,0.1841727,-0.97417188,0
-2.2631917,-3.583612,0.65612149,-0.77913702,-0.62669742,-0.013987541,0
2.6522729,3.1050596,-0.88777733,0.77913702,0.62669742,0.013987541,0
3.6960452,1.3150151,-1.0192523,0.61308724,-0.75718606,-0.22537379,0
-1.5251923,0.20552957,1.7831751,0.1306501,-0.1841727,0.97417188,0
-2.3545969,-3.3600421,-1.7721498,0.61308724,-0.75718606,-0.22537379,0
-2.5477095,-1.3291615,-1.449371,-0.1306501,0.1841727,-0.97417188,0
-0.41741264,-0.33071893,-1.5463126,-0.1306501,0.1841727,-0.97417188,0
-2.0536261,-3.4175375,-0.7602489,0.61308724,-0.75718606,-0.22537379,0
-3.8135462,-1.6768802,1.5851569,-0.77913702,-0.62669742,-0.013987541,0
3.1248925,0.2264691,1.0842091,0.61308724,-0.75718606,-0.22537379,0
2.1362741,3.5828667,0.42962265,-0.61308724,0.75718606,0.22537379,0
-2.5385704,-3.2082062,-0.82436109,-0.77913702,-0.62669742,-0.013987541,0
1.7541595,-0.8822068,1.080194,0.61308724,-0.75718606,-0.22537379,0
-0.18143034,1.5592687,0.92340291,-0.61308724,0.75718606,0.22537379,0
-0.56491482,1.7096739,-0.62510914,-0.61308724,0.75718606,0.22537379,0
-3.2974229,-2.2982852,1.5474963,0.1306501,-0.1841727,0.97417188,0
-0.1265564,1.6166414,0.87992227,-0.61308724,0.75718606,0.22537379,0
-2.5663257,-0.098446608,0.0051505566,-0.61308724,0.75718606,0.22537379,0
-0.26364395,-2.3553927,0.54058433,0.61308724,-0.75718606,-0.22537379,0
-0.232068,-2.0446155,-0.41763318,0.61308724,-0.75718606,-0.22537379,0
3.6915195,1.7938843,-0.030225754,0.77913702,0.62669742,0.013987541,0
-3.0617867,-2.588738,0.5653348,-0.77913702,-0.62669742,-0.013987541,0
0.96440291,-1.1453118,-0.18423927,0.61308724,-0.75718606,-0.22537379,0
3.656781,1.8440571,-0.34317017,0.77913702,0.62669742,0.013987541,0
1.9683809,-0.67929935,0.98123705,0.61308724,-0.75718606,-0.22537379,0
2.9633822,1.7739259,1.4777088,0.1306501,-0.1841727,0.97417188,0
-1.9467555,-0.81818902,1.646173,0.1306501,-0.1841727,0.97417188,0
-2.370389,-3.4451709,0.42455339,-0.77913702,-0.62669742,-0.013987541,0
-2.9118633,-2.2272003,1.5092263,0.1306501,-0.1841727,0.97417188,0
0.55981123,0.097787261,1.4831778,0.1306501,-0.1841727,0.97417188,0
2.2696242,3.5477695,0.59145951,0.77913702,0.62669742,0.013987541,0
-3.404273,-2.1606801,0.46389008,-0.77913702,-0.62669742,-0.013987541,0
0.80616444,2.37293,-1.1992714,-0.1306501,0.1841727,-0.97417188,0
-2.0134077,0.29982686,0.17118514,-0.61308724,0.75718606,0.22537379,0
-3.3542998,-2.2096548,-0.12547112,-0.77913702,-0.62669742,-0.013987541,0
1.7937558,3.2658339,-1.1629124,-0.1306501,0.1841727,-0.97417188,0
-3.4109263,-0.68614447,-0.31794572,-0.61308724,0.75718606,0.22537379,0
-0.27684128,-1.3099247,-1.7502894,-0.1306501,0.1841727,-0.97417188,0
2.3586421,-0.11389953,0.14330184,0.61308724,-0.75718606,-0.22537379,0
-2.4639192,-0.81306857,1.7164998,0.1306501,-0.1841727,0.97417188,0
0.28061259,1.223918,1.7335236,0.1306501,-0.1841727,0.97417188,0
1.9588724,3.8568647,-0.97351265,-0.61308724,0.75718606,0.22537379,0
-2.7592309,-1.04346,-1.3669894,-0.1306501,0.1841727,-0.97417188,0
2.2924111,-0.34342855,0.73427856,0.61308724,-0.75718606,-0.22537379,0
-0.75843477,-2.2366743,-1.2042584,0.61308724,-0.75718606,-0.22537379,0
-3.1727459,-2.4666018,1.2738333,-0.77913702,-0.62669742,-0.013987541,0
-1.5650626,-3.316926,0.23077178,0.61308724,-0.75718606,-0.22537379,0
-2.3086066,-3.4871566,-1.1357555,-0.77913702,-0.62669742,-0.013987541,0
-1.7660563,0.085434437,1.5643499,-0.61308724,0.75718606,0.22537379,0
2.9757421,2.6764231,0.29889655,0.77913702,0.62669742,0.013987541,0
-0.6902802,1.2038968,0.73311144,-0.61308724,0.75718606,0.22537379,0
-0.55572069,0.6691274,-1.3387369,-0.1306501,0.1841727,-0.97417188,0
-2.6015711,-3.1369803,-0.50627923,-0.77913702,-0.62669742,-0.013987541,0
-2.3543754,-3.4402702,-0.6870141,-0.77913702,-0.62669742,-0.013987541,0
-2.8864877,-2.7586567,-1.5861862,-0.77913702,-0.62669742,-0.013987541,0
-2.6495938,-3.0691183,-0.87178588,-0.77913702,-0.62669742,-0.013987541,0
-1.598788,-3.268024,-0.025267363,0.61308724,-0.75718606,-0.22537379,0
1.3555834,2.6689258,1.3764585,-0.61308724,0.75718606,0.22537379,0
2.0503614,2.8113749,-1.2832451,-0.1306501,0.1841727,-0.97417188,0
-1.6956546,0.28949797,-1.2576268,-0.1306501,0.1841727,-0.97417188,0
2.3993137,-0.16838941,0.43701041,0.61308724,-0.75718606,-0.22537379,0
-1.8698142,-3.5803645,1.1136494,0.1306501,-0.1841727,0.97417188,0
-0.19220334,1.8282446,-0.0095780492,-0.61308724,0.75718606,0.22537379,0
-1.9030569,-0.9343828,-1.4611928,-0.1306501,0.1841727,-0.97417188,0
2.392765,3.4340429,-1.1723661,0.77913702,0.62669742,0.013987541,0
3.7852101,1.6992239,-1.0078406,0.77913702,0.62669742,0.013987541,0
-0.28458649,-2.2556252,1.1514977,0.1306501,-0.1841727,0.97417188,0
-1.0794096,0.8009057,-1.2435895,-0.1306501,0.1841727,-0.97417188,0
1.2678357,1.7897396,-1.3714434,-0.1306501,0.1841727,-0.97417188,0
3.7276745,1.7853951,-1.6638227,0.77913702,0.62669742,0.013987541,0
-1.3207419,-2.4096017,-1.8181878,-0.1306501,0.1841727,-0.97417188,0
-1.4619672,-3.0596399,-0.35317731,0.61308724,-0.75718606,-0.22537379,0
3.5590317,1.9604521,-0.1132741,0.77913702,0.62669742,0.013987541,0
-3.5987811,-1.9240882,0.69817352,-0.77913702,-0.62669742,-0.013987541,0
-2.575743,-0.85682398,1.7232251,0.1306501,-0.1841727,0.97417188,0
2.683413,2.4629352,-1.434021,-0.1306501,0.1841727,-0.97417188,0
1.3062249,3.1927259,-0.51761794,-0.61308724,0.75718606,0.22537379,0
-3.6292388,-1.2405417,-1.2875686,-0.1306501,0.1841727,-0.97417188,0
-1.1345212,0.85238975,0.70559168,-0.61308724,0.75718606,0.22537379,0
3.0175614,2.6286829,0.10842085,0.77913702,0.62669742,0.013987541,0
0.23537254,-1.2763661,-1.7271277,0.61308724,-0.75718606,-0.22537379,0
1.7571177,3.0814581,-1.1928561,-0.1306501,0.1841727,-0.97417188,0
-0.51622552,-0.50795174,1.5129709,0.1306501,-0.1841727,0.97417188,0
0.56902134,2.1349895,1.030623,-0.61308724,0.75718606,0.22537379,0
2.745091,0.22240442,0.064687252,0.61308724,-0.75718606,-0.22537379,0
-0.98175609,-1.0493623,-1.6064897,-0.1306501,0.1841727,-0.97417188,0
-1.5714622,-2.7775271,-1.5988487,0.61308724,-0.75718606,-0.22537379,0
-1.1811634,-1.1847979,1.4741869,0.1306501,-0.1841727,0.97417188,0
1.9892907,-0.33428603,-0.12101877,0.61308724,-0.75718606,-0.22537379,0
-2.5012238,-1.2404197,1.6407099,0.1306501,-0.1841727,0.97417188,0
-1.5012544,-2.7694423,-1.4350233,0.61308724,-0.75718606,-0.22537379,0
-0.99863791,-1.2075628,-1.6341343,-0.1306501,0.1841727,-0.97417188,0
3.4312372,2.1320233,-0.68192244,0.77913702,0.62669742,0.013987541,0
2.6920438,2.8867216,-1.3550589,-0.1306501,0.1841727,-0.97417188,0
2.9194138,2.7394123,0.61433864,0.77913702,0.62669742,0.013987541,0
-1.9012697,-3.4526956,-0.22767186,0.61308724,-0.75718606,-0.22537379,0
2.677459,2.5883818,-1.4095056,-0.1306501,0.1841727,-0.97417188,0
-0.8961792,-0.028820723,-1.4250276,-0.1306501,0.1841727,-0.97417188,0
1.7579097,2.1865339,-1.3621528,-0.1306501,0.1841727,-0.97417188,0
-4.137166,-1.2226228,-0.74104953,-0.77913702,-0.62669742,-0.013987541,0
1.3607877,3.1668928,-0.28239846,-0.61308724,0.75718606,0.22537379,0
-2.7409811,-3.0029435,1.2537937,-0.77913702,-0.62669742,-0.013987541,0
-2.0237088,0.021518052,1.0781938,-0.61308724,0.75718606,0.22537379,0
0.37051773,2.4888377,-0.69818819,-0.61308724,0.75718606,0.22537379,0
-3.7919683,-1.6923403,1.0758867,-0.77913702,-0.62669742,-0.013987541,0
1.0809044,-1.1403301,0.11594355,0.61308724,-0.75718606,-0.22537379,0
-2.2732468,-3.3802888,1.2055809,0.1306501,-0.1841727,0.97417188,0
-0.7513001,0.28956544,-1.3842653,-0.1306501,0.1841727,-0.97417188,0
3.8702288,1.5589521,0.54114676,0.77913702,0.62669742,0.013987541,0
3.3743227,2.2084713,-0.93683147,0.77913702,0.62669742,0.013987541,0
2.9881539,2.6651108,0.11435938,0.77913702,0.62669742,0.013987541,0
-0.76716006,0.43881789,-1.3539212,-0.1306501,0.1841727,-0.97417188,0
0.98789412,1.3136518,-1.4239062,-0.1306501,0.1841727,-0.97417188,0
-2.9414129,-2.7343984,0.38641763,-0.77913702,-0.62669742,-0.013987541,0
0.90120268,2.321074,1.3090737,-0.61308724,0.75718606,0.22537379,0
2.4591916,3.3104789,0.66370368,0.77913702,0.62669742,0.013987541,0
-2.4026937,-3.3797324,-0.70791817,-0.77913702,-0.62669742,-0.013987541,0
2.6039,3.1628246,-0.78141212,0.77913702,0.62669742,0.013987541,0
-0.62580079,1.3286997,0.48921674,-0.61308724,0.75718606,0.22537379,0
-0.075187445,-2.0154836,1.1688144,0.1306501,-0.1841727,0.97417188,0
3.0434468,0.46825641,0.050322056,0.61308724,-0.75718606,-0.22537379,0
-1.8383946,-1.9237549,-1.6569111,-0.1306501,0.1841727,-0.97417188,0
3.3072093,2.2844825,-0.60404873,0.77913702,0.62669742,0.013987541,0
3.6325567,1.6419617,-1.7165236,-0.1306501,0.1841727,-0.97417188,0
-1.39166,-2.6032813,-1.695142,0.61308724,-0.75718606,-0.22537379,0
3.3760943,2.1531801,1.4417856,0.77913702,0.62669742,0.013987541,0
2.4620392,3.3218989,-0.0065834522,0.77913702,0.62669742,0.013987541,0
2.3608789,3.4707706,-1.2002275,-0.1306501,0.1841727,-0.97417188,0
-3.1077743,-2.5353179,0.7335,-0.77913702,-0.62669742,-0.013987541,0
2.9900966,2.638541,1.1966131,0.77913702,0.62669742,0.013987541,0
2.1163216,0.34025896,1.3202686,0.1306501,-0.1841727,0.97417188,0
2.9500945,2.7316048,-0.74483061,0.77913702,0.62669742,0.013987541,0
-1.0992618,-2.9575024,0.29034424,0.61308724,-0.75718606,-0.22537379,0
-3.8021104,-1.6628591,0.31994724,-0.77913702,-0.62669742,-0.013987541,0
-3.0234704,-1.7674726,1.6111081,0.1306501,-0.1841727,0.97417188,0
-1.9622333,-2.8623691,1.261785,0.1306501,-0.1841727,0.97417188,0
2.1308334,-0.28019917,0.082306504,0.61308724,-0.75718606,-0.22537379,0
3.3426883,0.69781721,1.2233939,0.1306501,-0.1841727,0.97417188,0
-1.6712704,-2.7514029,1.2437418,0.1306501,-0.1841727,0.97417188,0
-1.9036764,-0.64412683,1.6733029,0.1306501,-0.1841727,0.97417188,0
-4.0920362,-1.0922308,-0.80645227,-0.61308724,0.75718606,0.22537379,0
3.687079,1.7974677,0.056561947,0.77913702,0.62669742,0.013987541,0
-3.1297793,-1.6652824,1.6446855,0.1306501,-0.1841727,0.97417188,0
-0.76082587,1.2874075,0.26063511,-0.61308724,0.75718606,0.22537379,0
0.39346939,2.519412,-0.73847306,-0.61308724,0.75718606,0.22537379,0
-3.1430051,-2.4820058,0.30736208,-0.77913702,-0.62669742,-0.013987541,0
1.1292135,2.7232287,0.57821977,-0.61308724,0.75718606,0.22537379,0
-2.7314847,-2.9727073,-0.62988615,-0.77913702,-0.62669742,-0.013987541,0
-3.2563968,-2.310015,-1.0823801,-0.77913702,-0.62669742,-0.013987541,0
3.381793,2.1799991,-0.077257633,0.77913702,0.62669742,0.013987541,0
-0.80728364,1.2495929,0.26130092,-0.61308724,0.75718606,0.22537379,0
-2.199579,-3.6545119,0.2893641,-0.77913702,-0.62669742,-0.013987541,0
-2.6425433,-1.6816115,-1.5032852,-0.1306501,0.1841727,-0.97417188,0
1.7394783,-0.45616314,1.2202405,0.1306501,-0.1841727,0.97417188,0
1.0488968,-1.1366149,0.016391158,0.61308724,-0.75718606,-0.22537379,0
3.5023012,0.69753742,1.2019351,0.1306501,-0.1841727,0.97417188,0
2.7586348,2.956111,-0.13884926,0.77913702,0.62669742,0.013987541,0
3.9459782,1.055167,1.2100434,0.1306501,-0.1841727,0.97417188,0
1.595004,2.0707326,1.7173402,0.1306501,-0.1841727,0.97417188,0
-1.1990552,-0.61790621,-1.4957777,-0.1306501,0.1841727,-0.97417188,0
3.9186139,1.4915218,0.86713219,0.77913702,0.62669742,0.013987541,0
-3.2899177,-0.5365653,-0.49130368,-0.61308724,0.75718606,0.22537379,0
1.8741689,-0.63180822,0.56539595,0.61308724,-0.75718606,-0.22537379,0
3.0660436,2.58215,-0.50728607,0.77913702,0.62669742,0.013987541,0
-2.4777734,-3.2812824,-0.93677211,-0.77913702,-0.62669742,-0.013987541,0
3.7581339,1.712079,-0.075600147,0.77913702,0.62669742,0.013987541,0
2.9494429,2.7256525,-0.44185257,0.77913702,0.62669742,0.013987541,0
2.8400345,2.8635614,-0.52641773,0.77913702,0.62669742,0.013987541,0
0.64740181,0.075032294,1.4671288,0.1306501,-0.1841727,0.97417188,0
-1.7167212,-3.0115135,-1.2078773,0.61308724,-0.75718606,-0.22537379,0
2.5460744,3.2255666,-0.3714745,0.77913702,0.62669742,0.013987541,0
2.3401966,3.4418728,1.405009,0.77913702,0.62669742,0.013987541,0
-2.8091478,-0.34096166,0.15937328,-0.61308724,0.75718606,0.22537379,0
1.6840563,2.8434012,1.6838231,-0.61308724,0.75718606,0.22537379,0
-2.8124282,-2.9032621,0.76745272,-0.77913702,-0.62669742,-0.013987541,0
-3.7593226,-0.84565896,-0.72977281,-0.61308724,0.75718606,0.22537379,0
0.66966295,2.3276582,0.65709257,-0.61308724,0.75718606,0.22537379,0
-0.77656198,0.63438421,-1.3156874,-0.1306501,0.1841727,-0.97417188,0
-2.0975544,-3.7906942,0.70787048,-0.77913702,-0.62669742,-0.013987541,0
2.3462758,0.33525094,1.2884818,0.1306501,-0.1841727,0.97417188,0
0.58273929,-1.146782,-1.2175437,0.61308724,-0.75718606,-0.22537379,0
0.83397543,0.50336587,-1.5564528,-0.1306501,0.1841727,-0.97417188,0
-1.5858603,-2.301146,1.3174107,0.1306501,-0.1841727,0.97417188,0
-2.3163412,-0.63849956,-1.3498273,-0.1306501,0.1841727,-0.97417188,0
2.9900327,2.6584966,0.30606198,0.77913702,0.62669742,0.013987541,0
-1.3183274,-1.3825685,1.4551932,0.1306501,-0.1841727,0.97417188,0
0.95311153,0.90136266,1.5823512,0.1306501,-0.1841727,0.97417188,0
3.6325715,1.1978892,-0.79841304,0.61308724,-0.75718606,-0.22537379,0
-3.5287209,-1.0513548,0.58861017,-0.61308724,0.75718606,0.22537379,0
