-2.0464699,-0.56299007,-0.80658817,-0.35470599,-0.036477923,-0.93426597,0
1.7761672,0.17213047,-1.5721594,0.69847792,-0.67459673,-0.23884675,0
-1.003978,-2.6471634,-0.28601313,-0.62154019,-0.73728454,0.26476252,0
-1.3255091,-2.1039479,0.47187352,-0.62154019,-0.73728454,0.26476252,0
0.99817419,2.8063941,0.71579838,0.62154019,0.73728454,-0.26476252,0
0.67899179,1.641021,-1.9273992,-0.35470599,-0.036477923,-0.93426597,0
2.3268709,0.50326914,-0.89695919,0.69847792,-0.67459673,-0.23884675,0
0.50792468,-1.7559655,0.16471982,0.69847792,-0.67459673,-0.23884675,0
0.094552755,-0.82844257,1.6019863,0.35470599,0.036477923,0.93426597,0
-0.13106012,0.85266304,1.6220053,0.35470599,0.036477923,0.93426597,0
2.1700754,0.97753108,-1.6259558,0.62154019,0.73728454,-0.26476252,0
0.71281934,2.6379762,-0.42307687,0.62154019,0.73728454,-0.26476252,0
0.67955279,2.8017044,-0.045237541,0.62154019,0.73728454,-0.26476252,0
-0.67731345,-2.1514413,1.8612827,-0.62154019,-0.73728454,0.26476252,0
-2.5949092,-0.59175944,0.36304522,-0.69847792,0.67459673,0.23884675,0
0.45600283,-0.91886103,-1.7427893,-0.35470599,-0.036477923,-0.93426597,0
-2.680306,-0.80045086,0.70273924,-0.69847792,0.67459673,0.23884675,0
-0.56993431,-0.54265404,-1.367968,-0.35470599,-0.036477923,-0.93426597,0
3.0757656,0.93926442,0.3936255,0.62154019,0.73728454,-0.26476252,0
2.4812927,1.3444126,0.1262939,0.62154019,0.73728454,-0.26476252,0
-2.3956661,-1.158473,-0.65076137,-0.35470599,-0.036477923,-0.93426597,0
-2.5439672,-0.24532098,-0.46645916,-0.69847792,0.67459673,0.23884675,0
0.15693384,-2.0997388,0.10924101,0.69847792,-0.67459673,-0.23884675,0
2.2154996,0.98363012,0.72599053,0.35470599,0.036477923,0.93426597,0
-1.5665178,-1.9253049,0.4035635,-0.62154019,-0.73728454,0.26476252,0
1.1971986,-0.88039303,-0.29254282,0.69847792,-0.67459673,-0.23884675,0
1.5424094,2.2610455,0.47477794,0.62154019,0.73728454,-0.26476252,0
-0.67207974,1.6891096,-1.4163251,-0.35470599,-0.036477923,-0.93426597,0
0.5623017,2.5573964,-1.000813,0.62154019,0.73728454,-0.26476252,0
1.5743908,1.8467568,-0.60381484,0.62154019,0.73728454,-0.26476252,0
1.067548,2.0468175,-1.2365384,0.62154019,0.73728454,-0.26476252,0
2.1357322,-0.28383809,0.7671777,0.69847792,-0.67459673,-0.23884675,0
-1.2648582,-0.51065135,2.105696,0.35470599,0.036477923,0.93426597,0
2.1572862,1.112107,0.74307561,0.35470599,0.036477923,0.93426597,0
-1.013308,0.77600861,1.1251303,-0.69847792,0.67459673,0.23884675,0
-1.1342219,-2.6910167,-0.7138834,-0.62154019,-0.73728454,0.26476252,0
-2.1812916,-0.89837718,1.8200462,-0.62154019,-0.73728454,0.26476252,0
-1.9212162,-1.2365097,1.488984,-0.62154019,-0.73728454,0.26476252,0
-0.17753518,-0.9721657,-1.5001771,-0.35470599,-0.036477923,-0.93426597,0
-2.237731,-1.6527922,-0.41326857,-0.62154019,-0.73728454,0.26476252,0
-1.2659607,0.31648433,1.6841552,-0.69847792,0.67459673,0.23884675,0
0.83874166,-1.4978993,1.3455842,0.35470599,0.036477923,0.93426597,0
0.51180243,-1.1854386,-1.4353317,0.69847792,-0.67459673,-0.23884675,0
-2.06794,-0.95762992,1.9211422,-0.62154019,-0.73728454,0.26476252,0
-1.5355705,0.36503863,-1.0367922,-0.35470599,-0.036477923,-0.93426597,0
2.3532486,1.280701,-0.35171247,0.62154019,0.73728454,-0.26476252,0
2.6769018,0.91210932,-0.61834145,0.62154019,0.73728454,-0.26476252,0
-0.73412317,0.65649641,-1.3524518,-0.35470599,-0.036477923,-0.93426597,0
-0.17128104,-0.10951459,1.6748433,0.35470599,0.036477923,0.93426597,0
-0.51202297,1.6475866,-1.4754717,-0.35470599,-0.036477923,-0.93426597,0
0.90683186,2.0373721,-1.6401287,0.62154019,0.73728454,-0.26476252,0
0.96525306,2.0662613,-1.4225336,0.62154019,0.73728454,-0.26476252,0
-0.84706819,1.618207,-1.3471203,-0.35470599,-0.036477923,-0.93426597,0
-0.55921209,2.023587,-1.0705718,-0.69847792,0.67459673,0.23884675,0
2.065897,1.4391161,0.76500463,0.35470599,0.036477923,0.93426597,0
-1.2667105,-2.3666401,-0.12161374,-0.62154019,-0.73728454,0.26476252,0
-0.78142893,1.6581024,-0.68814582,-0.69847792,0.67459673,0.23884675,0
0.061891533,2.7463589,-1.6493417,0.62154019,0.73728454,-0.26476252,0
1.8419411,1.7647332,-0.2041409,0.62154019,0.73728454,-0.26476252,0
0.91759694,-1.1865268,-0.24556178,0.69847792,-0.67459673,-0.23884675,0
0.15475157,1.5269741,-1.7239118,-0.35470599,-0.036477923,-0.93426597,0
1.8164032,1.9204996,0.16967058,0.62154019,0.73728454,-0.26476252,0
2.73069,0.98498845,-0.28912497,0.62154019,0.73728454,-0.26476252,0
0.14087419,-2.0412369,1.6317526,0.35470599,0.036477923,0.93426597,0
2.2438097,0.91916859,-1.6153849,0.62154019,0.73728454,-0.26476252,0
0.33376527,0.069186449,1.4761188,0.35470599,0.036477923,0.93426597,0
-1.7792702,-0.45481944,-0.91225755,-0.35470599,-0.036477923,-0.93426597,0
-0.24839538,-0.60784256,1.7235777,0.35470599,0.036477923,0.93426597,0
2.4129379,0.26144412,0.037741303,0.69847792,-0.67459673,-0.23884675,0
-1.4315004,0.36272538,1.0694528,-0.69847792,0.67459673,0.23884675,0
0.41044343,1.1675007,1.4041237,0.35470599,0.036477923,0.93426597,0
-0.13061233,-2.7929068,1.3583951,-0.62154019,-0.73728454,0.26476252,0
-1.7592585,-1.7875733,-0.86781883,-0.35470599,-0.036477923,-0.93426597,0
1.498913,0.82986283,-2.2070215,-0.35470599,-0.036477923,-0.93426597,0
-1.108676,-2.6938052,-0.66167927,-0.62154019,-0.73728454,0.26476252,0
2.5705385,1.0721946,-0.42224407,0.62154019,0.73728454,-0.26476252,0
1.6794943,1.6363785,-0.94292021,0.62154019,0.73728454,-0.26476252,0
-1.0088966,-2.8257642,-1.1121674,-0.35470599,-0.036477923,-0.93426597,0
-1.7720193,-0.016842723,1.1456957,-0.69847792,0.67459673,0.23884675,0
-2.5668728,-0.91982394,0.85515642,-0.62154019,-0.73728454,0.26476252,0
0.12914741,2.0406408,0.89428437,-0.69847792,0.67459673,0.23884675,0
2.2174103,-0.01934208,0.25899541,0.69847792,-0.67459673,-0.23884675,0
1.4146552,2.1817355,-0.045984268,0.62154019,0.73728454,-0.26476252,0
-0.59828436,-2.3779011,1.4161828,-0.62154019,-0.73728454,0.26476252,0
-1.3925083,-1.4974512,2.0035024,-0.62154019,-0.73728454,0.26476252,0
2.2444663,1.409881,0.69835019,0.35470599,0.036477923,0.93426597,0
1.281774,-0.82602048,-0.19878197,0.69847792,-0.67459673,-0.23884675,0
-0.88012123,1.1541209,0.44668174,-0.69847792,0.67459673,0.23884675,0
-1.4038347,-2.4316502,-0.62455201,-0.62154019,-0.73728454,0.26476252,0
1.9854249,0.93608212,-2.1748528,0.62154019,0.73728454,-0.26476252,0
1.7546253,2.0898576,0.49625564,0.62154019,0.73728454,-0.26476252,0
-0.13652921,-0.83785033,1.6900868,0.35470599,0.036477923,0.93426597,0
1.1082699,-0.62717068,-1.2678025,0.69847792,-0.67459673,-0.23884675,0
-0.93156374,0.67059708,1.6619047,-0.69847792,0.67459673,0.23884675,0
0.93219048,1.3274223,1.199792,0.35470599,0.036477923,0.93426597,0
0.80367446,-1.3803377,-0.031316102,0.69847792,-0.67459673,-0.23884675,0
1.2003938,0.40160894,-2.0769637,-0.35470599,-0.036477923,-0.93426597,0
0.55435389,-1.5094357,1.4540061,0.35470599,0.036477923,0.93426597,0
-0.29277137,-2.5369503,1.6904825,-0.62154019,-0.73728454,0.26476252,0
0.070018068,2.4664812,-1.7284243,-0.35470599,-0.036477923,-0.93426597,0
2.494251,1.0907515,-0.54965591,0.62154019,0.73728454,-0.26476252,0
2.3201923,0.41540474,-0.66832566,0.69847792,-0.67459673,-0.23884675,0
1.2814066,-0.46104383,-1.230693,0.69847792,-0.67459673,-0.23884675,0
-0.15698826,1.9145977,0.41351116,-0.69847792,0.67459673,0.23884675,0
1.2934179,2.590621,0.80802989,0.62154019,0.73728454,-0.26476252,0
-2.5947366,-0.83273637,1.032257,-0.62154019,-0.73728454,0.26476252,0
-0.77071536,-2.4289742,0.86917233,-0.62154019,-0.73728454,0.26476252,0
-1.5908833,-0.044895887,1.7546389,-0.69847792,0.67459673,0.23884675,0
1.0135329,2.8535528,0.88317585,0.62154019,0.73728454,-0.26476252,0
-0.58249164,-2.4057658,1.3756635,-0.62154019,-0.73728454,0.26476252,0
-0.87218857,-1.6057665,1.9993721,0.35470599,0.036477923,0.93426597,0
-1.9189699,-1.4651921,0.85744572,-0.62154019,-0.73728454,0.26476252,0
-1.8268633,-0.02763772,1.0158002,-0.69847792,0.67459673,0.23884675,0
0.62468362,2.6478777,-0.60240626,0.62154019,0.73728454,-0.26476252,0
0.65555656,2.4426315,-1.1014802,0.62154019,0.73728454,-0.26476252,0
0.18584204,1.9358926,1.3559307,-0.69847792,0.67459673,0.23884675,0
0.15968031,0.64384413,1.5197752,0.35470599,0.036477923,0.93426597,0
-0.31716901,1.6813514,0.60386062,-0.69847792,0.67459673,0.23884675,0
1.504935,-0.28975689,-1.0607935,0.69847792,-0.67459673,-0.23884675,0
-0.48112571,1.0088574,1.7488136,0.35470599,0.036477923,0.93426597,0
0.69621545,2.0707262,-1.9507159,-0.35470599,-0.036477923,-0.93426597,0
-1.0137929,0.27436233,1.9797255,0.35470599,0.036477923,0.93426597,0
1.4403102,0.57926929,1.0360891,0.35470599,0.036477923,0.93426597,0
1.974642,1.0870334,-1.7798127,0.62154019,0.73728454,-0.26476252,0
-1.3880726,-2.5703645,-0.97382808,-0.62154019,-0.73728454,0.26476252,0
-0.27597415,-2.5439119,1.7105289,-0.62154019,-0.73728454,0.26476252,0
1.567935,2.0544643,-0.04056716,0.62154019,0.73728454,-0.26476252,0
1.6780641,-0.50511265,0.053750098,0.69847792,-0.67459673,-0.23884675,0
1.5254653,2.1126051,0.02163887,0.62154019,0.73728454,-0.26476252,0
0.014690638,-0.72231293,1.6281632,0.35470599,0.036477923,0.93426597,0
-0.93485498,1.565124,-0.87421405,-0.69847792,0.67459673,0.23884675,0
0.62639219,1.3381083,1.3154747,0.35470599,0.036477923,0.93426597,0
-2.2209508,-1.0034586,1.4343235,-0.62154019,-0.73728454,0.26476252,0
-1.923829,-1.1278205,1.7855175,-0.62154019,-0.73728454,0.26476252,0
-0.38185948,-2.4264109,1.7891637,-0.62154019,-0.73728454,0.26476252,0
-2.5948029,-1.2802849,-0.21418691,-0.62154019,-0.73728454,0.26476252,0
-1.5365334,-0.45309275,-1.0044832,-0.35470599,-0.036477923,-0.93426597,0
1.8099102,-0.60180497,0.94188005,0.35470599,0.036477923,0.93426597,0
2.6879971,0.72157168,-0.45746183,0.69847792,-0.67459673,-0.23884675,0
0.2219165,0.36081386,1.5071973,0.35470599,0.036477923,0.93426597,0
0.91120279,-1.2161168,1.3070713,0.35470599,0.036477923,0.93426597,0
0.66489315,0.62828827,1.328572,0.35470599,0.036477923,0.93426597,0
-0.1554594,1.774662,0.81321466,-0.69847792,0.67459673,0.23884675,0
-0.22760525,2.3178391,-0.93191135,-0.69847792,0.67459673,0.23884675,0
0.61507213,2.5485008,-0.90170455,0.62154019,0.73728454,-0.26476252,0
0.13356936,2.4057245,-0.12392378,-0.69847792,0.67459673,0.23884675,0
0.39398527,-1.8047873,1.5264239,0.35470599,0.036477923,0.93426597,0
-0.32336095,-1.2341484,1.7764933,0.35470599,0.036477923,0.93426597,0
2.3438504,1.0806495,-0.93085814,0.62154019,0.73728454,-0.26476252,0
2.1571369,0.28112811,-0.76591194,0.69847792,-0.67459673,-0.23884675,0
-0.037459344,1.0172533,-1.6310347,-0.35470599,-0.036477923,-0.93426597,0
2.9131291,0.94040084,0.014994621,0.62154019,0.73728454,-0.26476252,0
-1.4313865,0.03144908,-1.0633222,-0.35470599,-0.036477923,-0.93426597,0
2.6387701,1.1684277,0.0059127808,0.62154019,0.73728454,-0.26476252,0
0.31699765,-1.7136765,-0.51306331,0.69847792,-0.67459673,-0.23884675,0
1.3880781,1.2840036,1.0284036,0.35470599,0.036477923,0.93426597,0
-0.10627162,1.7264094,1.0933427,-0.69847792,0.67459673,0.23884675,0
-2.0707788,-0.27896547,-0.80844867,-0.35470599,-0.036477923,-0.93426597,0
-0.17358886,-1.7979382,1.7416432,0.35470599,0.036477923,0.93426597,0
-2.1429279,-1.3892794,0.54308987,-0.62154019,-0.73728454,0.26476252,0
0.68155205,2.8513341,0.22000766,-0.69847792,0.67459673,0.23884675,0
0.1375649,2.6795533,-0.88563871,-0.69847792,0.67459673,0.23884675,0
-0.13210571,-2.1317039,-0.64573765,0.69847792,-0.67459673,-0.23884675,0
1.9389853,1.9777381,0.61682892,0.62154019,0.73728454,-0.26476252,0
0.36994255,2.7617803,-0.88323545,0.62154019,0.73728454,-0.26476252,0
-0.99400979,-0.81005454,2.014555,0.35470599,0.036477923,0.93426597,0
-0.24618334,-0.52189386,1.7193822,0.35470599,0.036477923,0.93426597,0
-1.4889437,0.78591841,-0.29379627,-0.69847792,0.67459673,0.23884675,0
-0.95676982,-0.70382023,1.9962684,0.35470599,0.036477923,0.93426597,0
-1.0101794,0.81983519,1.010496,-0.69847792,0.67459673,0.23884675,0
-2.5342822,-1.1897357,0.18003988,-0.62154019,-0.73728454,0.26476252,0
-0.98630369,-2.3742967,0.51533031,-0.62154019,-0.73728454,0.26476252,0
-1.2582086,-1.8190224,1.4232963,-0.62154019,-0.73728454,0.26476252,0
1.4900501,-0.34270525,-0.95477569,0.69847792,-0.67459673,-0.23884675,0
-0.90892851,-2.7170234,-0.25741982,-0.62154019,-0.73728454,0.26476252,0
2.1333473,1.8396001,0.68842816,0.62154019,0.73728454,-0.26476252,0
-0.55331725,-2.7346551,0.5282917,-0.62154019,-0.73728454,0.26476252,0
0.92452234,2.8011165,0.5282011,0.62154019,0.73728454,-0.26476252,0
-0.86637604,0.058876991,-1.2789065,-0.35470599,-0.036477923,-0.93426597,0
-1.0977123,-2.5833812,-0.328444,-0.62154019,-0.73728454,0.26476252,0
2.7322111,0.78306878,0.53764534,0.35470599,0.036477923,0.93426597,0
1.1307007,-0.36411107,-1.9451901,0.69847792,-0.67459673,-0.23884675,0
0.61392176,-2.0799131,1.4536642,0.35470599,0.036477923,0.93426597,0
2.3373089,0.19128084,0.014742613,0.69847792,-0.67459673,-0.23884675,0
0.19264472,0.83579171,-1.7113115,-0.35470599,-0.036477923,-0.93426597,0
-1.3733534,-1.7514799,1.3410758,-0.62154019,-0.73728454,0.26476252,0
-1.0529721,-1.9972745,1.4087182,-0.62154019,-0.73728454,0.26476252,0
-2.3021193,-0.84010386,1.6986717,-0.62154019,-0.73728454,0.26476252,0
1.0687246,-0.53747058,-1.6367965,0.69847792,-0.67459673,-0.23884675,0
0.56057441,-1.0897465,-1.5629759,0.69847792,-0.67459673,-0.23884675,0
0.85074508,-1.3385453,-0.011702001,0.69847792,-0.67459673,-0.23884675,0
2.017211,1.5258878,-0.45780087,0.62154019,0.73728454,-0.26476252,0
0.79138136,-1.4408841,0.10374105,0.69847792,-0.67459673,-0.23884675,0
-1.9758614,-1.5460982,0.49859118,-0.62154019,-0.73728454,0.26476252,0
-2.8417964,-0.55198729,-0.47127748,-0.69847792,0.67459673,0.23884675,0
-0.66374052,0.45786774,-1.371418,-0.35470599,-0.036477923,-0.93426597,0
-1.1502454,-1.8022288,-1.0984659,-0.35470599,-0.036477923,-0.93426597,0
-2.1165919,-0.21882021,0.70849907,-0.69847792,0.67459673,0.23884675,0
2.0918252,1.827378,0.55691886,0.62154019,0.73728454,-0.26476252,0
2.0793412,0.77764225,-2.3955884,0.62154019,0.73728454,-0.26476252,0
1.0873054,2.3960779,-0.21757102,0.62154019,0.73728454,-0.26476252,0
-2.2575018,-0.54998147,1.231755,-0.69847792,0.67459673,0.23884675,0
-0.87885296,0.91039497,1.1387678,-0.69847792,0.67459673,0.23884675,0
-0.023493484,1.5449467,-1.6569405,-0.35470599,-0.036477923,-0.93426597,0
0.71207333,1.9013337,1.2609541,0.35470599,0.036477923,0.93426597,0
-0.69413471,-2.2798476,1.4642206,-0.62154019,-0.73728454,0.26476252,0
1.9124954,1.2542371,0.83046412,0.35470599,0.036477923,0.93426597,0
0.61134952,-0.61719155,1.3975297,0.35470599,0.036477923,0.93426597,0
-0.19954292,2.5898216,-1.6180321,-0.69847792,0.67459673,0.23884675,0
2.8769097,0.75107223,0.48395777,0.35470599,0.036477923,0.93426597,0
-1.7103043,-1.0941489,-0.91347933,-0.35470599,-0.036477923,-0.93426597,0
-0.77663624,0.61243033,-1.3345906,-0.35470599,-0.036477923,-0.93426597,0
-1.7912666,-1.9580647,-0.21526885,-0.62154019,-0.73728454,0.26476252,0
-2.5162911,-0.93598151,-0.61365151,-0.35470599,-0.036477923,-0.93426597,0
1.6504948,2.0688074,0.193187,0.62154019,0.73728454,-0.26476252,0
1.348702,1.1651671,-2.1630836,-0.35470599,-0.036477923,-0.93426597,0
-0.15862668,-0.073409915,-1.5424476,-0.35470599,-0.036477923,-0.93426597,0
-1.1268033,-1.346282,-1.1251683,-0.35470599,-0.036477923,-0.93426597,0
-2.2727187,-0.066948116,-0.17702115,-0.69847792,0.67459673,0.23884675,0
0.50213003,-2.1474655,1.2535228,0.69847792,-0.67459673,-0.23884675,0
1.0678253,2.1989667,-0.81219697,0.62154019,0.73728454,-0.26476252,0
-0.97876102,-2.8394756,-0.7623477,-0.62154019,-0.73728454,0.26476252,0
0.72098553,-0.60895073,1.3555832,0.35470599,0.036477923,0.93426597,0
0.95125788,-0.68002462,-1.5776846,0.69847792,-0.67459673,-0.23884675,0
-1.2524858,-2.6680079,-1.0258453,-0.35470599,-0.036477923,-0.93426597,0
1.6536752,0.50586617,0.95794833,0.35470599,0.036477923,0.93426597,0
-1.0526105,-2.136054,1.0231068,-0.62154019,-0.73728454,0.26476252,0
2.4920335,0.69135487,-0.94518924,0.69847792,-0.67459673,-0.23884675,0
-0.41273224,2.0415676,-0.69299293,-0.69847792,0.67459673,0.23884675,0
1.7165167,0.2783711,-2.046665,0.69847792,-0.67459673,-0.23884675,0
-2.1264839,-0.92809284,1.8659593,-0.62154019,-0.73728454,0.26476252,0
-1.9916718,-0.25372612,1.1724007,-0.69847792,0.67459673,0.23884675,0
1.0875425,1.8576062,1.1201098,0.35470599,0.036477923,0.93426597,0
1.0880946,-0.035009146,-2.0172806,-0.35470599,-0.036477923,-0.93426597,0
0.23745066,0.050920844,-1.6976777,-0.35470599,-0.036477923,-0.93426597,0
0.30492485,-0.91688442,1.5255691,0.35470599,0.036477923,0.93426597,0
1.2287486,1.6162287,-2.0571744,0.62154019,0.73728454,-0.26476252,0
1.4046028,-1.0862459,0.89539385,0.69847792,-0.67459673,-0.23884675,0
-0.87507641,-1.6842813,-1.2075427,-0.35470599,-0.036477923,-0.93426597,0
-2.3764029,-0.34406585,0.3024565,-0.69847792,0.67459673,0.23884675,0
-2.279866,-0.11517306,-0.061716199,-0.69847792,0.67459673,0.23884675,0
1.4502766,1.8564337,-0.86822987,0.62154019,0.73728454,-0.26476252,0
0.646649,2.1019349,1.2779608,0.35470599,0.036477923,0.93426597,0
0.43483204,1.7836254,1.3708081,0.35470599,0.036477923,0.93426597,0
0.72884238,-0.64716625,1.3540924,0.35470599,0.036477923,0.93426597,0
1.6433501,2.2353148,0.6400888,0.62154019,0.73728454,-0.26476252,0
1.3708144,-0.42107457,-1.0821198,0.69847792,-0.67459673,-0.23884675,0
1.920532,-0.13462463,-0.28358549,0.69847792,-0.67459673,-0.23884675,0
1.5874617,-0.93942428,1.015461,0.69847792,-0.67459673,-0.23884675,0
-1.9270405,-0.1020323,0.93296361,-0.69847792,0.67459673,0.23884675,0
2.5299344,1.3767002,0.59126401,0.35470599,0.036477923,0.93426597,0
1.2825413,-1.0701495,0.49297825,0.69847792,-0.67459673,-0.23884675,0
2.2033982,1.1570995,-1.0476846,0.62154019,0.73728454,-0.26476252,0
1.6887106,-0.46549687,-0.02700603,0.69847792,-0.67459673,-0.23884675,0
-1.33255,-1.8865085,1.0608485,-0.62154019,-0.73728454,0.26476252,0
0.81950647,0.97509414,1.2563303,0.35470599,0.036477923,0.93426597,0
-0.89544272,-0.64563042,-1.2403638,-0.35470599,-0.036477923,-0.93426597,0
1.5514338,-0.21250927,-1.1429905,0.69847792,-0.67459673,-0.23884675,0
-2.2553906,-1.4266779,0.1749351,-0.62154019,-0.73728454,0.26476252,0
1.0589135,2.6986814,0.55843735,0.62154019,0.73728454,-0.26476252,0
0.17755061,2.7170608,-1.459414,0.62154019,0.73728454,-0.26476252,0
-1.7641008,-1.1947312,1.9741589,-0.62154019,-0.73728454,0.26476252,0
1.7531618,0.71120739,-2.2989173,-0.35470599,-0.036477923,-0.93426597,0
1.7778342,1.9010084,0.024850845,0.62154019,0.73728454,-0.26476252,0
-0.45155701,2.0443373,-0.81435442,-0.69847792,0.67459673,0.23884675,0
-2.1079571,-0.24201125,0.79925025,-0.69847792,0.67459673,0.23884675,0
-2.1733546,-1.4670974,0.25496197,-0.62154019,-0.73728454,0.26476252,0
-0.3697322,-1.0775225,-1.4230936,-0.35470599,-0.036477923,-0.93426597,0
-0.73240912,-2.8097322,-0.10120082,-0.62154019,-0.73728454,0.26476252,0
0.60221028,0.50516915,-1.8538992,-0.35470599,-0.036477923,-0.93426597,0
1.603302,0.98684198,0.95829356,0.35470599,0.036477923,0.93426597,0
1.9905205,1.9554632,0.77346206,0.35470599,0.036477923,0.93426597,0
1.4726306,0.85892153,-2.1981773,-0.35470599,-0.036477923,-0.93426597,0
-0.30910885,-0.86801445,-1.4542902,-0.35470599,-0.036477923,-0.93426597,0
-1.7855214,-0.098508596,1.3368664,-0.69847792,0.67459673,0.23884675,0
-0.12264037,1.7669373,0.9310081,-0.69847792,0.67459673,0.23884675,0
1.6267442,1.2014835,-2.2700636,-0.35470599,-0.036477923,-0.93426597,0
-1.3484019,-2.3476536,-0.26051569,-0.62154019,-0.73728454,0.26476252,0
1.068042,1.1317844,1.1558527,0.35470599,0.036477923,0.93426597,0
-0.83412844,-2.4390109,0.69235802,-0.62154019,-0.73728454,0.26476252,0
1.7632294,2.1276693,0.85303211,0.35470599,0.036477923,0.93426597,0
1.067203,-0.79718065,1.2314867,0.35470599,0.036477923,0.93426597,0
-0.37049526,-0.58079422,1.7688785,0.35470599,0.036477923,0.93426597,0
-1.1595236,-2.7014322,-1.0598347,-0.35470599,-0.036477923,-0.93426597,0
0.24411911,-1.7355208,-0.66449046,0.69847792,-0.67459673,-0.23884675,0
-2.0599506,-1.368854,0.79476094,-0.62154019,-0.73728454,0.26476252,0
0.94482356,-1.6680956,1.311954,0.35470599,0.036477923,0.93426597,0
-0.29812169,-2.7101173,0.50243521,0.69847792,-0.67459673,-0.23884675,0
-0.27957767,0.42967355,1.6949073,0.35470599,0.036477923,0.93426597,0
0.076742411,-1.9939419,-0.42408109,0.69847792,-0.67459673,-0.23884675,0
2.1547742,1.1466753,-1.1908597,0.62154019,0.73728454,-0.26476252,0
-0.80210316,-2.4917383,0.62070918,-0.62154019,-0.73728454,0.26476252,0
1.1480422,0.56534672,-2.0634809,-0.35470599,-0.036477923,-0.93426597,0
-1.3856711,-2.2981355,-0.21011353,-0.62154019,-0.73728454,0.26476252,0
-2.4967062,-0.8829993,1.1224204,-0.62154019,-0.73728454,0.26476252,0
0.23458737,0.68495417,-1.7213461,-0.35470599,-0.036477923,-0.93426597,0
0.63658339,0.23400211,-1.8563619,-0.35470599,-0.036477923,-0.93426597,0
-0.59930682,-2.4483168,-1.1177714,0.69847792,-0.67459673,-0.23884675,0
0.059831142,-1.6958959,-1.315334,0.69847792,-0.67459673,-0.23884675,0
0.28133941,2.7453117,-0.65091586,-0.69847792,0.67459673,0.23884675,0
0.98857194,0.56931949,-2.0030911,-0.35470599,-0.036477923,-0.93426597,0
-0.91403341,-2.6169951,0.0091454983,-0.62154019,-0.73728454,0.26476252,0
0.22063595,-0.03577435,1.523168,0.35470599,0.036477923,0.93426597,0
-1.6533251,-1.3518304,1.7967354,-0.62154019,-0.73728454,0.26476252,0
1.1134914,2.6320996,0.5011518,0.62154019,0.73728454,-0.26476252,0
-0.14553869,1.8383508,0.66234457,-0.69847792,0.67459673,0.23884675,0
-0.54376906,-2.7747524,0.43904757,-0.62154019,-0.73728454,0.26476252,0
2.5677977,0.96624202,-0.72372389,0.62154019,0.73728454,-0.26476252,0
0.95813626,-1.4723229,1.2992558,0.35470599,0.036477923,0.93426597,0
0.51481169,2.7525201,0.011485815,-0.69847792,0.67459673,0.23884675,0
0.10457516,1.9077547,1.1977482,-0.69847792,0.67459673,0.23884675,0
0.61560142,0.68174613,1.3451991,0.35470599,0.036477923,0.93426597,0
-2.7743402,-0.93898988,-0.51556253,-0.35470599,-0.036477923,-0.93426597,0
-0.74597728,-1.0521839,-1.2812365,-0.35470599,-0.036477923,-0.93426597,0
1.376224,-1.112077,1.1264579,0.35470599,0.036477923,0.93426597,0
1.511924,-0.16948509,-1.380049,0.69847792,-0.67459673,-0.23884675,0
-0.16150939,1.7710695,0.80566895,-0.69847792,0.67459673,0.23884675,0
1.5231565,-0.50305045,-0.40508235,0.69847792,-0.67459673,-0.23884675,0
1.0196915,-0.72076845,-1.2624831,0.69847792,-0.67459673,-0.23884675,0
0.53965795,2.8229015,-0.11463857,-0.69847792,0.67459673,0.23884675,0
-1.6757178,-0.61625242,2.2658074,0.35470599,0.036477923,0.93426597,0
1.6162808,1.8241131,-0.56853199,0.62154019,0.73728454,-0.26476252,0
-0.92778683,1.2599968,0.0082548857,-0.69847792,0.67459673,0.23884675,0
0.63507742,-1.9467081,1.0752941,0.69847792,-0.67459673,-0.23884675,0
2.4597919,1.291479,-0.071584225,0.62154019,0.73728454,-0.26476252,0
2.2877421,1.49454,0.67861438,0.35470599,0.036477923,0.93426597,0
0.46680054,-2.0295365,0.81712914,0.69847792,-0.67459673,-0.23884675,0
1.8360983,-0.36631504,0.12388283,0.69847792,-0.67459673,-0.23884675,0
-1.0960712,-2.2273796,0.66676736,-0.62154019,-0.73728454,0.26476252,0
1.6697631,1.5414519,0.91140652,0.35470599,0.036477923,0.93426597,0
1.3494956,2.3057437,1.0031586,0.35470599,0.036477923,0.93426597,0
0.83090246,-0.46111524,1.3080796,0.35470599,0.036477923,0.93426597,0
-1.3278953,-2.243247,-1.0137997,-0.35470599,-0.036477923,-0.93426597,0
-0.40177357,-2.2668128,-1.0527472,0.69847792,-0.67459673,-0.23884675,0
0.75015134,2.0968595,-1.8422874,0.62154019,0.73728454,-0.26476252,0
-0.75089651,0.83936965,-1.3532238,-0.35470599,-0.036477923,-0.93426597,0
1.2382114,0.35625196,-2.089551,-0.35470599,-0.036477923,-0.93426597,0
-2.5028172,-1.0546708,-0.61413312,-0.35470599,-0.036477923,-0.93426597,0
-2.5230227,-1.201092,0.17484879,-0.62154019,-0.73728454,0.26476252,0
-2.1285388,-0.014879704,0.097553611,-0.69847792,0.67459673,0.23884675,0
-0.13764101,0.32628846,1.6450558,0.35470599,0.036477923,0.93426597,0
-0.49208874,-2.3927608,-0.96113682,0.69847792,-0.67459673,-0.23884675,0
1.8270891,0.45831633,-2.231545,0.69847792,-0.67459673,-0.23884675,0
1.8906019,0.13798118,-1.141058,0.69847792,-0.67459673,-0.23884675,0
-1.5254353,-1.3317072,-0.97439158,-0.35470599,-0.036477923,-0.93426597,0
0.52270836,-0.53971672,1.4281585,0.35470599,0.036477923,0.93426597,0
-0.77137911,-1.2661053,-1.2632401,-0.35470599,-0.036477923,-0.93426597,0
-1.6155148,0.9118889,-1.0197277,-0.69847792,0.67459673,0.23884675,0
1.9755731,-0.29360497,0.86695057,0.35470599,0.036477923,0.93426597,0
0.81125897,-1.4474789,0.18049693,0.69847792,-0.67459673,-0.23884675,0
-0.77898216,1.5157962,-0.27906203,-0.69847792,0.67459673,0.23884675,0
0.41491675,-0.78169632,-1.7325459,-0.35470599,-0.036477923,-0.93426597,0
-1.1775142,1.0032825,0.0030196011,-0.69847792,0.67459673,0.23884675,0
0.0094124079,-2.3592038,0.41066384,0.69847792,-0.67459673,-0.23884675,0
1.6896044,-0.42936391,-0.12644571,0.69847792,-0.67459673,-0.23884675,0
-1.4562379,0.23852205,1.347909,-0.69847792,0.67459673,0.23884675,0
-1.5366116,-2.4153163,-0.89076591,-0.62154019,-0.73728454,0.26476252,0
3.0046606,0.82544363,0.17520618,0.69847792,-0.67459673,-0.23884675,0
1.845387,1.748395,0.83664846,0.35470599,0.036477923,0.93426597,0
-0.88009596,-1.0001299,-1.2323494,-0.35470599,-0.036477923,-0.93426597,0
3.0253205,0.78301215,0.42636466,0.35470599,0.036477923,0.93426597,0
1.8917131,0.35184741,-1.7418498,0.69847792,-0.67459673,-0.23884675,0
2.1171632,1.2930667,-0.87149715,0.62154019,0.73728454,-0.26476252,0
0.060495257,2.4895658,-0.57442045,-0.69847792,0.67459673,0.23884675,0
-1.6498512,-1.4660512,1.4868196,-0.62154019,-0.73728454,0.26476252,0
0.88075548,2.4939997,-0.42977142,0.62154019,0.73728454,-0.26476252,0
-0.35399169,-0.72366834,1.7681911,0.35470599,0.036477923,0.93426597,0
0.021426797,-1.6702752,-1.500006,0.69847792,-0.67459673,-0.23884675,0
0.21841045,2.7853725,-1.1732662,0.62154019,0.73728454,-0.26476252,0
0.72964752,-0.6458075,1.3537335,0.35470599,0.036477923,0.93426597,0
0.5011636,-1.3436973,-1.0194584,0.69847792,-0.67459673,-0.23884675,0
-0.33385462,-0.89698505,1.7673128,0.35470599,0.036477923,0.93426597,0
-0.72721428,-2.8637085,-0.31859136,0.69847792,-0.67459673,-0.23884675,0
1.3112192,1.9119058,-1.0401993,0.62154019,0.73728454,-0.26476252,0
1.6407949,2.1460695,0.89879727,0.35470599,0.036477923,0.93426597,0
-2.5049186,-0.31201711,-0.16388941,-0.69847792,0.67459673,0.23884675,0
1.7859694,1.515749,-1.0288837,0.62154019,0.73728454,-0.26476252,0
-0.39887205,0.32313991,-1.4667184,-0.35470599,-0.036477923,-0.93426597,0
-2.2160699,-1.310141,0.59176302,-0.62154019,-0.73728454,0.26476252,0
-0.19768739,-1.7086588,-1.46377,-0.35470599,-0.036477923,-0.93426597,0
3.024538,0.90548158,0.17929077,0.62154019,0.73728454,-0.26476252,0
-0.59630513,-2.8348982,0.14822865,-0.62154019,-0.73728454,0.26476252,0
-0.55023909,-2.5610039,1.019084,-0.62154019,-0.73728454,0.26476252,0
-2.3261547,-1.3668358,0.17545605,-0.62154019,-0.73728454,0.26476252,0
-0.73211145,-1.6342489,1.9473021,0.35470599,0.036477923,0.93426597,0
0.68950653,2.5908124,0.97908521,-0.69847792,0.67459673,0.23884675,0
0.68329144,2.6012256,-0.59473372,0.62154019,0.73728454,-0.26476252,0
-2.1859353,-1.6405615,-0.71156526,-0.35470599,-0.036477923,-0.93426597,0
-2.239819,-0.04005444,-0.75359881,-0.35470599,-0.036477923,-0.93426597,0
1.8288226,1.9070764,0.16144633,0.62154019,0.73728454,-0.26476252,0
-1.8250881,-0.089521766,1.195776,-0.69847792,0.67459673,0.23884675,0
-0.066951156,-2.1923258,-0.28398108,0.69847792,-0.67459673,-0.23884675,0
-2.6968257,-0.9729836,-0.54366469,-0.35470599,-0.036477923,-0.93426597,0
-1.0296406,-2.1241961,1.1100514,-0.62154019,-0.73728454,0.26476252,0
1.7858635,0.2217679,-1.6839991,0.69847792,-0.67459673,-0.23884675,0
1.898459,0.50964522,-2.1678052,0.69847792,-0.67459673,-0.23884675,0
-1.6389217,-1.2464192,2.1240857,-0.62154019,-0.73728454,0.26476252,0
-0.73965728,0.92257905,1.5114162,-0.69847792,0.67459673,0.23884675,0
-0.37612295,-0.12788236,-1.4577454,-0.35470599,-0.036477923,-0.93426597,0
1.2413762,1.5813223,-2.1247349,0.62154019,0.73728454,-0.26476252,0
2.6646512,0.95213819,-0.53563237,0.62154019,0.73728454,-0.26476252,0
2.6246123,0.70973819,-0.60940075,0.69847792,-0.67459673,-0.23884675,0
-0.045549154,-2.4799149,0.59087014,0.69847792,-0.67459673,-0.23884675,0
0.46802926,0.6307795,-1.8078601,-0.35470599,-0.036477923,-0.93426597,0
-0.12785226,-0.060491323,-1.5546358,-0.35470599,-0.036477923,-0.93426597,0
0.87388498,-1.0232089,-0.83466607,0.69847792,-0.67459673,-0.23884675,0
1.6114711,-0.17438936,-1.0750848,0.69847792,-0.67459673,-0.23884675,0
2.4181883,0.26393303,0.046066284,0.69847792,-0.67459673,-0.23884675,0
0.77089196,-0.88269675,1.3473239,0.35470599,0.036477923,0.93426597,0
2.2868409,1.6833072,0.67158651,0.35470599,0.036477923,0.93426597,0
2.283834,0.6163851,-1.3422987,0.69847792,-0.67459673,-0.23884675,0
0.076730728,-1.7289032,-1.1726881,0.69847792,-0.67459673,-0.23884675,0
1.7862661,-0.36955565,-0.012692511,0.69847792,-0.67459673,-0.23884675,0
2.3490751,1.3261623,-0.23491359,0.62154019,0.73728454,-0.26476252,0
0.75300288,1.2916725,-1.9418583,-0.35470599,-0.036477923,-0.93426597,0
0.77220082,2.5345144,-0.5717864,0.62154019,0.73728454,-0.26476252,0
-1.0437938,-1.5511889,-1.1486834,-0.35470599,-0.036477923,-0.93426597,0
1.2141745,2.2862763,-0.22550607,0.62154019,0.73728454,-0.26476252,0
-1.9042218,-0.18867695,1.2444134,-0.69847792,0.67459673,0.23884675,0
2.1148391,0.99434173,-1.7088127,0.62154019,0.73728454,-0.26476252,0
0.18163049,-0.20527089,1.5445948,0.35470599,0.036477923,0.93426597,0
-1.6081169,-1.5493455,1.3528426,-0.62154019,-0.73728454,0.26476252,0
-0.83337641,0.8042109,-1.3205364,-0.35470599,-0.036477923,-0.93426597,0
-1.6371372,0.025027156,-0.98495555,-0.35470599,-0.036477923,-0.93426597,0
1.8397862,0.38870144,-1.997794,0.69847792,-0.67459673,-0.23884675,0
1.3351738,2.5693314,0.84676886,0.62154019,0.73728454,-0.26476252,0
-0.74932051,1.8655403,-1.1801341,-0.69847792,0.67459673,0.23884675,0
-1.1957636,-1.6556908,2.0247188,-0.62154019,-0.73728454,0.26476252,0
0.69456267,-0.96580613,1.3795482,0.35470599,0.036477923,0.93426597,0
-0.1655044,-0.77153397,1.6984984,0.35470599,0.036477923,0.93426597,0
-2.3818645,-1.3177831,0.18127251,-0.62154019,-0.73728454,0.26476252,0
-0.29629821,-2.6113915,1.4749062,-0.62154019,-0.73728454,0.26476252,0
-0.56193548,-2.6166861,0.83656931,-0.62154019,-0.73728454,0.26476252,0
-1.0090154,1.1147038,0.18107599,-0.69847792,0.67459673,0.23884675,0
1.6019633,1.8771909,-0.45433712,0.62154019,0.73728454,-0.26476252,0
1.0580566,2.2140806,-0.79304266,0.62154019,0.73728454,-0.26476252,0
-1.1639683,1.0954967,-0.21781591,-0.69847792,0.67459673,0.23884675,0
-2.5159771,-1.4383125,-0.46920061,-0.62154019,-0.73728454,0.26476252,0
0.7991991,2.3103518,-1.1326327,0.62154019,0.73728454,-0.26476252,0
0.30609781,-1.9976387,0.25708175,0.69847792,-0.67459673,-0.23884675,0
1.2418399,2.1932209,-0.41969132,0.62154019,0.73728454,-0.26476252,0
2.0427666,1.5324848,-0.3794384,0.62154019,0.73728454,-0.26476252,0
-0.70752519,-0.42693806,1.8908288,0.35470599,0.036477923,0.93426597,0
1.9906063,0.089483619,-0.71163142,0.69847792,-0.67459673,-0.23884675,0
0.86811161,-1.7530172,1.2097147,0.69847792,-0.67459673,-0.23884675,0
1.3591663,-0.65337634,-0.46007252,0.69847792,-0.67459673,-0.23884675,0
0.89565235,-1.7068713,1.3321364,0.35470599,0.036477923,0.93426597,0
-0.90596414,0.73512805,-1.2902803,-0.35470599,-0.036477923,-0.93426597,0
-1.9001577,-1.8735889,-0.23565531,-0.62154019,-0.73728454,0.26476252,0
0.58852851,-1.9719558,1.0104771,0.69847792,-0.67459673,-0.23884675,0
-1.2783535,1.0555608,-1.1614091,-0.35470599,-0.036477923,-0.93426597,0
-0.95039517,-1.5269337,-1.1850905,-0.35470599,-0.036477923,-0.93426597,0
1.5177212,1.8778908,-0.65014982,0.62154019,0.73728454,-0.26476252,0
2.4634774,0.76781952,-1.2446642,0.69847792,-0.67459673,-0.23884675,0
1.4712244,2.4605517,0.86323404,0.62154019,0.73728454,-0.26476252,0
-0.93079031,0.44956267,-1.2697049,-0.35470599,-0.036477923,-0.93426597,0
-1.5042224,0.97878397,-0.88320518,-0.69847792,0.67459673,0.23884675,0
0.52707434,2.5726519,-1.041029,0.62154019,0.73728454,-0.26476252,0
1.3700342,2.3297572,0.26146197,0.62154019,0.73728454,-0.26476252,0
-2.1433918,-1.123684,1.2816037,-0.62154019,-0.73728454,0.26476252,0
-0.2050643,0.26799917,1.6729299,0.35470599,0.036477923,0.93426597,0
0.096345879,-1.9195865,1.6439087,0.35470599,0.036477923,0.93426597,0
1.9357744,1.3325118,-1.1874704,0.62154019,0.73728454,-0.26476252,0
-0.29183829,-2.1201942,-1.1453636,0.69847792,-0.67459673,-0.23884675,0
0.067661047,-1.0870111,-1.5887851,-0.35470599,-0.036477923,-0.93426597,0
0.5737769,2.5446723,-1.0093083,0.62154019,0.73728454,-0.26476252,0
2.0532,-0.36750275,0.8403638,0.35470599,0.036477923,0.93426597,0
0.48700792,2.5510349,-1.1952827,0.62154019,0.73728454,-0.26476252,0
-0.12902579,-2.2633891,1.7428976,0.35470599,0.036477923,0.93426597,0
-0.65095001,-0.74539554,1.8817835,0.35470599,0.036477923,0.93426597,0
-2.3139145,-1.0731126,1.0221219,-0.62154019,-0.73728454,0.26476252,0
-0.25331998,-0.58102059,1.7244003,0.35470599,0.036477923,0.93426597,0
-0.082667172,-2.7377298,1.6245993,-0.62154019,-0.73728454,0.26476252,0
2.9907188,0.71711034,0.44207478,0.35470599,0.036477923,0.93426597,0
-2.9263496,-0.9051643,0.052093506,-0.62154019,-0.73728454,0.26476252,0
1.1170485,2.7167506,1.0753622,0.35470599,0.036477923,0.93426597,0
0.29743916,2.7538159,-0.62785268,-0.69847792,0.67459673,0.23884675,0
-2.4627476,-0.44264603,0.32838202,-0.69847792,0.67459673,0.23884675,0
0.8545413,1.6247071,-1.9934118,-0.35470599,-0.036477923,-0.93426597,0
-1.3207515,-1.8609134,1.1598206,-0.62154019,-0.73728454,0.26476252,0
0.41813767,-1.2827476,-1.4344037,0.69847792,-0.67459673,-0.23884675,0
1.1149397,0.85028195,-2.0620384,-0.35470599,-0.036477923,-0.93426597,0
1.5986149,1.4131161,-1.7545068,0.62154019,0.73728454,-0.26476252,0
-2.375845,-1.4360317,-0.13388348,-0.62154019,-0.73728454,0.26476252,0
2.6092572,0.35444489,0.34918284,0.69847792,-0.67459673,-0.23884675,0
-2.4033887,-1.502247,-0.3829329,-0.62154019,-0.73728454,0.26476252,0
-0.63560504,1.2177711,0.98196679,-0.69847792,0.67459673,0.23884675,0
-0.58332121,-1.7249202,-1.3167244,-0.35470599,-0.036477923,-0.93426597,0
0.72418731,1.4420526,1.2742873,0.35470599,0.036477923,0.93426597,0
-0.90575826,-1.3403715,-1.2093216,-0.35470599,-0.036477923,-0.93426597,0
-0.83863944,-0.85078382,1.9571569,0.35470599,0.036477923,0.93426597,0
2.3288119,0.46395117,-0.78023374,0.69847792,-0.67459673,-0.23884675,0
0.54438257,-0.47009468,-1.7938657,-0.35470599,-0.036477923,-0.93426597,0
1.3283138,1.7853249,1.0315201,0.35470599,0.036477923,0.93426597,0
2.208056,0.62990475,-1.6020868,0.69847792,-0.67459673,-0.23884675,0
0.78541839,-1.7889342,1.3771923,0.35470599,0.036477923,0.93426597,0
0.91569412,2.4419742,-0.49262738,0.62154019,0.73728454,-0.26476252,0
0.74954998,-1.4723357,0.07024169,0.69847792,-0.67459673,-0.23884675,0
1.168855,-0.61145079,-1.135028,0.69847792,-0.67459673,-0.23884675,0
0.94229007,-1.6654313,1.3128119,0.35470599,0.036477923,0.93426597,0
1.5567224,1.6786491,-1.113421,0.62154019,0.73728454,-0.26476252,0
2.1774969,1.6909047,0.37799811,0.62154019,0.73728454,-0.26476252,0
2.0073628,1.8369551,0.77169418,0.35470599,0.036477923,0.93426597,0
1.1937956,2.4124508,0.078012228,0.62154019,0.73728454,-0.26476252,0
-0.41886091,-2.4110875,1.7449725,-0.62154019,-0.73728454,0.26476252,0
-2.2913301,-0.76268589,1.7335887,-0.69847792,0.67459673,0.23884675,0
2.0603585,1.6790123,0.069895506,0.62154019,0.73728454,-0.26476252,0
-0.1511324,0.3907243,-1.5634147,-0.35470599,-0.036477923,-0.93426597,0
0.36073303,-0.8209672,1.5006357,0.35470599,0.036477923,0.93426597,0
-1.5986159,0.39530316,0.48873144,-0.69847792,0.67459673,0.23884675,0
-1.6338099,-2.2291667,-0.60057163,-0.62154019,-0.73728454,0.26476252,0
0.46936595,-0.9953692,-1.7448754,-0.35470599,-0.036477923,-0.93426597,0
0.84255487,2.8790202,0.61264491,-0.69847792,0.67459673,0.23884675,0
2.831193,0.92102903,-0.23129797,0.62154019,0.73728454,-0.26476252,0
-2.6518457,-0.72939813,0.58528709,-0.69847792,0.67459673,0.23884675,0
0.59279788,-1.8259139,0.61048329,0.69847792,-0.67459673,-0.23884675,0
0.9335224,2.1328468,1.1678391,0.35470599,0.036477923,0.93426597,0
-1.3255661,-1.9160082,0.99509525,-0.62154019,-0.73728454,0.26476252,0
-0.24791747,-2.7637308,0.80067611,0.69847792,-0.67459673,-0.23884675,0
1.1091473,-0.15983784,1.1906772,0.35470599,0.036477923,0.93426597,0
0.29737318,-2.0319681,0.32852781,0.69847792,-0.67459673,-0.23884675,0
0.030249059,-1.5207223,1.6534296,0.35470599,0.036477923,0.93426597,0
-1.6765149,0.15810096,-0.97520125,-0.35470599,-0.036477923,-0.93426597,0
-1.6240736,0.40393281,0.38990963,-0.69847792,0.67459673,0.23884675,0
2.7595754,0.77070135,-0.38690138,0.69847792,-0.67459673,-0.23884675,0
-2.2414231,-0.88253272,1.723006,-0.62154019,-0.73728454,0.26476252,0
0.81023145,-0.99020207,1.3365858,0.35470599,0.036477923,0.93426597,0
2.0716379,0.53078294,-1.7210658,0.69847792,-0.67459673,-0.23884675,0
1.5908835,2.1025476,0.1472044,0.62154019,0.73728454,-0.26476252,0
2.5940096,0.62811518,-0.46835947,0.69847792,-0.67459673,-0.23884675,0
1.9700676,1.6378261,-0.25675726,0.62154019,0.73728454,-0.26476252,0
-0.4458065,-2.3953626,1.7255056,-0.62154019,-0.73728454,0.26476252,0
-0.43699443,-1.0409424,1.8120921,0.35470599,0.036477923,0.93426597,0
0.59513283,2.4713097,-1.1634672,0.62154019,0.73728454,-0.26476252,0
0.076526999,-2.6377764,1.3937292,0.69847792,-0.67459673,-0.23884675,0
-1.7298567,-0.52837944,2.2829309,0.35470599,0.036477923,0.93426597,0
2.5271878,0.45687491,-0.18012154,0.69847792,-0.67459673,-0.23884675,0
0.7381773,1.0303037,1.2850522,0.35470599,0.036477923,0.93426597,0
-0.627931,-2.6604762,-0.60225749,0.69847792,-0.67459673,-0.23884675,0
-1.347074,0.017131329,-1.0947735,-0.35470599,-0.036477923,-0.93426597,0
-1.4362458,-1.3622677,2.2040164,0.35470599,0.036477923,0.93426597,0
-0.15718955,2.1180408,-0.16168046,-0.69847792,0.67459673,0.23884675,0
-2.2149715,0.18279749,-0.71352583,-0.69847792,0.67459673,0.23884675,0
-0.039581656,-0.76524138,-1.5606321,-0.35470599,-0.036477923,-0.93426597,0
0.53508031,-0.72511923,-1.7803766,-0.35470599,-0.036477923,-0.93426597,0
-2.5930896,-0.93976629,0.7380774,-0.62154019,-0.73728454,0.26476252,0
0.10711467,2.2750554,0.16777349,-0.69847792,0.67459673,0.23884675,0
-1.6765924,-0.13763523,1.7659252,-0.69847792,0.67459673,0.23884675,0
-1.3867246,-2.5412874,-0.88969302,-0.62154019,-0.73728454,0.26476252,0
0.000628829,-1.9895487,-0.65907335,0.69847792,-0.67459673,-0.23884675,0
1.6792954,1.6787717,-0.82533526,0.62154019,0.73728454,-0.26476252,0
-0.57152843,-2.3157525,1.6520592,-0.62154019,-0.73728454,0.26476252,0
-0.81815523,-2.6746874,-1.118407,0.69847792,-0.67459673,-0.23884675,0
0.15221125,2.3144579,0.18836498,-0.69847792,0.67459673,0.23884675,0
0.49354112,0.82474554,-1.8251193,-0.35470599,-0.036477923,-0.93426597,0
1.7480019,0.16588998,-1.6368989,0.69847792,-0.67459673,-0.23884675,0
-2.1627221,-0.24638093,-0.77481353,-0.35470599,-0.036477923,-0.93426597,0
-1.207938,0.61096692,1.0221016,-0.69847792,0.67459673,0.23884675,0
-1.8766408,-1.1962517,1.7057331,-0.62154019,-0.73728454,0.26476252,0
-2.7770247,-1.1560662,-0.29604769,-0.62154019,-0.73728454,0.26476252,0
1.121736,-0.95785332,-0.29444569,0.69847792,-0.67459673,-0.23884675,0
0.46317279,-1.4174504,1.4850326,0.35470599,0.036477923,0.93426597,0
2.7598732,0.96558011,-0.27466297,0.62154019,0.73728454,-0.26476252,0
-1.9661843,-1.6072276,0.35108113,-0.62154019,-0.73728454,0.26476252,0
-1.7373729,-1.3446466,1.6194351,-0.62154019,-0.73728454,0.26476252,0
-0.67848748,-2.8104954,-0.32639074,0.69847792,-0.67459673,-0.23884675,0
-0.084739953,-1.8102633,1.7083917,0.35470599,0.036477923,0.93426597,0
-0.42498702,-0.49818146,-1.4247354,-0.35470599,-0.036477923,-0.93426597,0
1.3600419,0.22756618,1.080296,0.35470599,0.036477923,0.93426597,0
1.8378594,0.68209684,0.88113952,0.35470599,0.036477923,0.93426597,0
-2.3160789,0.050176919,-0.63462973,-0.69847792,0.67459673,0.23884675,0
-1.3178201,-2.2288563,-1.0181868,-0.35470599,-0.036477923,-0.93426597,0
2.4144709,1.5706487,0.59942675,0.62154019,0.73728454,-0.26476252,0
0.57133031,-1.4499861,-0.51406354,0.69847792,-0.67459673,-0.23884675,0
-1.9070418,-1.6764903,0.29704499,-0.62154019,-0.73728454,0.26476252,0
