-0.39200664,-1.3398917,-1.550699,-0.62072158,-0.031227544,-0.78340888,0
0.79182214,-1.9989181,-1.3621755,0.75244856,-0.30446991,-0.58405411,0
-0.79261243,-1.3558449,0.16293097,-0.22028588,-0.95200992,0.21248814,0
-0.86651009,1.8609974,1.337852,-0.75244856,0.30446991,0.58405411,0
-1.3311751,1.5561582,0.89812881,-0.75244856,0.30446991,0.58405411,0
-1.0255034,-0.79088134,2.4526975,-0.22028588,-0.95200992,0.21248814,0
1.2143464,0.28662604,0.9411155,0.62072158,0.031227544,0.78340888,0
-0.086495817,-0.63903809,-1.8207026,-0.62072158,-0.031227544,-0.78340888,0
-1.1352661,-0.41466373,-0.9986698,-0.62072158,-0.031227544,-0.78340888,0
-1.6787348,0.32895166,1.0901086,-0.75244856,0.30446991,0.58405411,0
2.2180345,-0.40436411,-0.35600567,0.75244856,-0.30446991,-0.58405411,0
-0.85055268,1.6215806,1.4832193,-0.75244856,0.30446991,0.58405411,0
-2.2958856,-0.24518909,0.59432316,-0.75244856,0.30446991,0.58405411,0
-0.67012399,1.9267111,0.87830436,0.22028588,0.95200992,-0.21248814,0
-0.76883447,0.29668403,2.2791724,-0.75244856,0.30446991,0.58405411,0
0.25949332,-1.6772165,-0.18619442,-0.22028588,-0.95200992,0.21248814,0
-0.42213789,0.028156936,2.2480609,0.62072158,0.031227544,0.78340888,0
-2.47141,0.079363436,0.19900101,-0.75244856,0.30446991,0.58405411,0
-1.0904932,1.1531425,1.4182978,-0.75244856,0.30446991,0.58405411,0
0.19187728,-0.51184142,-2.0463374,-0.62072158,-0.031227544,-0.78340888,0
-0.35005474,1.4507457,2.1342406,0.62072158,0.031227544,0.78340888,0
-1.3240451,-1.1820683,0.39056686,-0.22028588,-0.95200992,0.21248814,0
-1.8727727,1.4844265,-0.49001795,-0.62072158,-0.031227544,-0.78340888,0
1.2416902,1.4530954,0.87295336,0.62072158,0.031227544,0.78340888,0
-0.34761298,1.3167815,-1.5200149,0.22028588,0.95200992,-0.21248814,0
-0.081710845,1.8050584,1.9074997,0.62072158,0.031227544,0.78340888,0
0.99816865,-1.703503,0.46181673,-0.22028588,-0.95200992,0.21248814,0
0.24659267,1.1382129,-1.7040433,0.22028588,0.95200992,-0.21248814,0
2.0397208,0.68307811,-1.1526189,0.75244856,-0.30446991,-0.58405411,0
-1.2162576,0.46759504,1.6136519,-0.75244856,0.30446991,0.58405411,0
0.62693352,-1.4200965,-1.8763466,0.75244856,-0.30446991,-0.58405411,0
-0.48161751,1.4474373,-1.0735601,0.22028588,0.95200992,-0.21248814,0
1.5111442,1.3672926,0.63325816,0.22028588,0.95200992,-0.21248814,0
-0.92848337,-1.4191647,-1.1224703,-0.62072158,-0.031227544,-0.78340888,0
-1.0835238,-1.4511718,-0.99835068,-0.62072158,-0.031227544,-0.78340888,0
-0.19698162,-1.5865811,-0.25334689,-0.22028588,-0.95200992,0.21248814,0
0.37139729,1.003799,-2.1768732,0.22028588,0.95200992,-0.21248814,0
0.38377059,-1.6569459,0.033461809,-0.22028588,-0.95200992,0.21248814,0
-2.2708528,0.34715539,-0.12927282,-0.62072158,-0.031227544,-0.78340888,0
-0.8930797,1.5161562,-1.192241,0.22028588,0.95200992,-0.21248814,0
-0.63909858,-1.122752,1.3664035,-0.22028588,-0.95200992,0.21248814,0
-1.4581313,1.6538749,0.6836285,-0.75244856,0.30446991,0.58405411,0
-0.21549776,1.8957036,1.2106912,0.22028588,0.95200992,-0.21248814,0
-2.4790194,-0.72516102,0.078408599,-0.62072158,-0.031227544,-0.78340888,0
-0.99105239,-0.84064877,2.26544,-0.22028588,-0.95200992,0.21248814,0
1.1902182,-1.2544578,1.0216624,0.62072158,0.031227544,0.78340888,0
0.39012808,1.2237461,-1.1720273,0.22028588,0.95200992,-0.21248814,0
-0.54520273,1.9584169,1.1498616,0.22028588,0.95200992,-0.21248814,0
-0.094939157,-1.5913006,-0.16870478,-0.22028588,-0.95200992,0.21248814,0
-0.78712362,-1.599203,-0.92169577,-0.22028588,-0.95200992,0.21248814,0
-2.3533902,-0.54971504,0.67898923,-0.75244856,0.30446991,0.58405411,0
0.94676799,0.096058115,1.1607232,0.62072158,0.031227544,0.78340888,0
0.10601354,-1.6936182,-0.41879028,-0.22028588,-0.95200992,0.21248814,0
0.3972877,-1.5662779,0.45369455,-0.22028588,-0.95200992,0.21248814,0
0.19190699,-1.7439628,-0.55530369,-0.22028588,-0.95200992,0.21248814,0
1.3421034,-0.068545803,0.85404682,0.62072158,0.031227544,0.78340888,0
-1.7029096,-1.1857969,-0.51816827,-0.62072158,-0.031227544,-0.78340888,0
-0.35587764,0.47974509,-1.651858,-0.62072158,-0.031227544,-0.78340888,0
-0.83915943,1.4384726,1.5933523,-0.75244856,0.30446991,0.58405411,0
-0.88131261,1.6616209,1.4227173,-0.75244856,0.30446991,0.58405411,0
0.59670597,-2.0023997,-1.2935243,-0.22028588,-0.95200992,0.21248814,0
0.24406552,1.5116502,-0.033554077,0.22028588,0.95200992,-0.21248814,0
-0.64299506,2.0078201,1.2698212,0.22028588,0.95200992,-0.21248814,0
0.35091221,1.6256362,0.58790517,0.22028588,0.95200992,-0.21248814,0
1.5401411,-1.9617796,-0.41746163,0.75244856,-0.30446991,-0.58405411,0
1.6940229,-0.49662077,-0.98300606,0.75244856,-0.30446991,-0.58405411,0
0.92508018,1.0420223,1.1402001,0.62072158,0.031227544,0.78340888,0
0.032431856,-1.6632292,-0.35892075,-0.22028588,-0.95200992,0.21248814,0
0.61588514,0.55478621,-2.4248099,-0.62072158,-0.031227544,-0.78340888,0
0.26545113,1.136024,1.6590996,0.62072158,0.031227544,0.78340888,0
0.15622196,-2.028451,-1.8668898,-0.22028588,-0.95200992,0.21248814,0
1.3660631,-0.3305614,-1.4920905,0.75244856,-0.30446991,-0.58405411,0
0.41269946,1.1864314,-1.3158081,0.22028588,0.95200992,-0.21248814,0
-1.9633182,-0.6459859,1.2317133,-0.75244856,0.30446991,0.58405411,0
-1.4042175,1.5050123,-0.86209083,-0.62072158,-0.031227544,-0.78340888,0
1.2032299,1.2548476,-0.18974262,0.22028588,0.95200992,-0.21248814,0
0.32986727,0.55616069,-2.1982431,-0.62072158,-0.031227544,-0.78340888,0
-1.180352,0.7804597,1.4968121,-0.75244856,0.30446991,0.58405411,0
-0.56614965,0.79062927,-1.4976445,-0.62072158,-0.031227544,-0.78340888,0
1.682315,1.0995936,-0.38866043,0.22028588,0.95200992,-0.21248814,0
-1.5642188,-0.14439401,1.4843991,-0.75244856,0.30446991,0.58405411,0
1.4253879,-0.26362213,-1.4505572,0.75244856,-0.30446991,-0.58405411,0
-1.8513157,1.3517084,-0.50172871,-0.62072158,-0.031227544,-0.78340888,0
0.41952652,1.1402625,-1.5155808,0.22028588,0.95200992,-0.21248814,0
0.64689648,1.063446,-1.6240275,0.22028588,0.95200992,-0.21248814,0
-2.3984888,-0.20624381,-0.0060833097,-0.62072158,-0.031227544,-0.78340888,0
-1.5866828,1.2595564,-0.70773315,-0.62072158,-0.031227544,-0.78340888,0
1.3866413,1.4069115,0.68169069,0.22028588,0.95200992,-0.21248814,0
-1.7731516,-0.078681812,1.1809704,-0.75244856,0.30446991,0.58405411,0
-0.9396826,-0.71976435,2.5889442,-0.75244856,0.30446991,0.58405411,0
1.1611049,-0.39561719,-1.7222285,0.75244856,-0.30446991,-0.58405411,0
-0.46501628,1.0560535,2.2410617,0.62072158,0.031227544,0.78340888,0
1.9034927,0.3246471,-1.1412723,0.75244856,-0.30446991,-0.58405411,0
1.7960997,-1.9693567,0.097926676,-0.22028588,-0.95200992,0.21248814,0
-0.35716021,-1.1605091,-1.5854595,-0.62072158,-0.031227544,-0.78340888,0
-1.8513764,0.60905826,0.72167015,-0.75244856,0.30446991,0.58405411,0
1.2735772,1.2557468,-0.1127851,0.22028588,0.95200992,-0.21248814,0
-0.080494918,-1.663139,-0.47558782,-0.22028588,-0.95200992,0.21248814,0
-0.46730363,1.7436303,0.26831117,0.22028588,0.95200992,-0.21248814,0
-1.7995179,-1.1815734,-0.10013714,-0.22028588,-0.95200992,0.21248814,0
1.927922,-1.9416401,0.071625113,0.75244856,-0.30446991,-0.58405411,0
0.73235101,1.5007902,1.274619,0.62072158,0.031227544,0.78340888,0
1.5445919,-1.2793808,-0.76746488,0.75244856,-0.30446991,-0.58405411,0
-0.074384749,-1.4871743,-1.7964909,-0.62072158,-0.031227544,-0.78340888,0
2.3045373,-0.97440147,0.052600682,0.75244856,-0.30446991,-0.58405411,0
0.74651605,-0.17283446,-2.3724892,0.75244856,-0.30446991,-0.58405411,0
-0.30723459,1.2797394,-1.6441138,0.22028588,0.95200992,-0.21248814,0
0.35503125,1.2129704,1.5850551,0.62072158,0.031227544,0.78340888,0
0.45009127,-1.3719096,-2.1292963,0.75244856,-0.30446991,-0.58405411,0
1.4127103,-1.0716382,-1.0456676,0.75244856,-0.30446991,-0.58405411,0
-0.45596987,-1.7615294,-1.483212,-0.62072158,-0.031227544,-0.78340888,0
-0.21767178,-1.5887403,-1.6789111,-0.62072158,-0.031227544,-0.78340888,0
-1.9151868,1.3807359,0.23718333,-0.75244856,0.30446991,0.58405411,0
-2.3992696,-0.94250762,0.34918749,-0.22028588,-0.95200992,0.21248814,0
-1.8071587,1.8832508,-0.49517113,0.22028588,0.95200992,-0.21248814,0
-2.2347646,-0.91569674,0.63984978,-0.22028588,-0.95200992,0.21248814,0
-2.0779738,1.6046735,-0.33222318,-0.62072158,-0.031227544,-0.78340888,0
-0.36910641,-1.0694964,1.8849044,-0.22028588,-0.95200992,0.21248814,0
1.225351,0.18447572,-1.9418638,0.75244856,-0.30446991,-0.58405411,0
1.0929099,-1.2107613,-1.3851473,0.75244856,-0.30446991,-0.58405411,0
1.3074431,-1.0761518,0.92167354,0.62072158,0.031227544,0.78340888,0
-0.22873032,1.2704644,-1.6042838,0.22028588,0.95200992,-0.21248814,0
-0.46254942,-1.3175485,0.67668521,-0.22028588,-0.95200992,0.21248814,0
0.31845486,-0.17566982,1.6693887,0.62072158,0.031227544,0.78340888,0
1.200056,-0.09681543,-1.8278137,0.75244856,-0.30446991,-0.58405411,0
-1.1651855,1.7044059,1.0346944,-0.75244856,0.30446991,0.58405411,0
-0.47412318,1.7465633,0.27438208,0.22028588,0.95200992,-0.21248814,0
2.2702236,-0.099288069,-0.44780654,0.75244856,-0.30446991,-0.58405411,0
-0.0090206265,1.8913779,1.8464639,0.62072158,0.031227544,0.78340888,0
1.522575,-0.71014667,0.73662788,0.62072158,0.031227544,0.78340888,0
-0.3992992,1.331476,-1.5077621,0.22028588,0.95200992,-0.21248814,0
2.3932095,-0.55502045,-0.051786363,0.75244856,-0.30446991,-0.58405411,0
-2.5538514,-0.65605474,0.47616678,-0.75244856,0.30446991,0.58405411,0
0.81004804,-1.4802476,1.2670432,-0.22028588,-0.95200992,0.21248814,0
-0.80656171,1.1802225,1.7699754,-0.75244856,0.30446991,0.58405411,0
1.4112873,-1.3566358,-0.89893043,0.75244856,-0.30446991,-0.58405411,0
0.060082555,-0.46657476,1.8857015,0.62072158,0.031227544,0.78340888,0
0.77215993,1.5601578,0.73124826,0.22028588,0.95200992,-0.21248814,0
0.63440472,-0.53781533,1.4334862,0.62072158,0.031227544,0.78340888,0
-1.5439377,-0.96420991,1.1386747,-0.22028588,-0.95200992,0.21248814,0
-0.74880737,-0.87284541,2.372324,-0.22028588,-0.95200992,0.21248814,0
2.2322505,0.5474053,-0.83385235,0.75244856,-0.30446991,-0.58405411,0
-0.23389615,1.9226558,2.0233936,0.62072158,0.031227544,0.78340888,0
2.2523308,0.75214386,-0.9147132,0.75244856,-0.30446991,-0.58405411,0
-1.9675089,-0.59318811,-0.33213925,-0.62072158,-0.031227544,-0.78340888,0
0.56332743,1.1927161,-1.131495,0.22028588,0.95200992,-0.21248814,0
-1.1523776,-0.40017879,-0.98568916,-0.62072158,-0.031227544,-0.78340888,0
-0.0576002,1.2843704,-1.364571,0.22028588,0.95200992,-0.21248814,0
-1.1992558,1.1429586,1.2834857,-0.75244856,0.30446991,0.58405411,0
0.42683488,0.86550754,-2.2874045,-0.62072158,-0.031227544,-0.78340888,0
1.0462108,-1.896788,-0.35435218,-0.22028588,-0.95200992,0.21248814,0
-0.013121039,1.0432014,1.8835219,0.62072158,0.031227544,0.78340888,0
-1.6888573,1.46496,0.48486155,-0.75244856,0.30446991,0.58405411,0
2.3865817,-0.44738051,-0.11643791,0.75244856,-0.30446991,-0.58405411,0
-1.8769879,-1.1876857,-0.20783523,-0.22028588,-0.95200992,0.21248814,0
1.8161042,-1.818848,-0.13644385,0.75244856,-0.30446991,-0.58405411,0
0.52052099,-1.4892195,0.92669463,-0.22028588,-0.95200992,0.21248814,0
1.6915662,-0.4043524,-1.034271,0.75244856,-0.30446991,-0.58405411,0
2.0696359,1.0610111,-0.15998709,0.22028588,0.95200992,-0.21248814,0
0.34151724,0.27625334,-2.1963162,-0.62072158,-0.031227544,-0.78340888,0
1.7054508,0.079415224,-1.2685734,0.75244856,-0.30446991,-0.58405411,0
-2.1101284,0.40053311,0.49702013,-0.75244856,0.30446991,0.58405411,0
-0.51995045,-1.123455,1.4867741,-0.22028588,-0.95200992,0.21248814,0
1.3059108,-0.087924302,-1.6960735,0.75244856,-0.30446991,-0.58405411,0
0.46247748,1.3379171,1.4949414,0.62072158,0.031227544,0.78340888,0
-2.1107547,0.73180717,0.32351857,-0.75244856,0.30446991,0.58405411,0
0.52223694,-1.5377729,0.71094048,-0.22028588,-0.95200992,0.21248814,0
-0.17374352,1.8757749,1.9776014,0.62072158,0.031227544,0.78340888,0
-1.3883743,-0.98595333,1.2025301,-0.22028588,-0.95200992,0.21248814,0
0.44991702,1.6120535,0.6296885,0.22028588,0.95200992,-0.21248814,0
-2.3235686,-0.41333351,0.64631295,-0.75244856,0.30446991,0.58405411,0
0.49443576,-1.5921881,0.43832213,-0.22028588,-0.95200992,0.21248814,0
0.02289325,-1.9322528,-1.5741148,-0.22028588,-0.95200992,0.21248814,0
0.036428481,1.3381236,-1.026261,0.22028588,0.95200992,-0.21248814,0
-0.75418323,0.075932831,2.4131265,-0.75244856,0.30446991,0.58405411,0
0.33854097,1.3642946,-0.59580803,0.22028588,0.95200992,-0.21248814,0
1.3143272,-1.713793,0.74347544,-0.22028588,-0.95200992,0.21248814,0
-0.99105513,-0.28744385,2.2973895,-0.75244856,0.30446991,0.58405411,0
-0.41831851,1.6502197,-0.099412948,0.22028588,0.95200992,-0.21248814,0
0.76524889,-1.1806519,1.355438,0.62072158,0.031227544,0.78340888,0
-0.025810838,-1.2103056,1.6099309,-0.22028588,-0.95200992,0.21248814,0
1.3294069,-1.0468528,-1.1659098,0.75244856,-0.30446991,-0.58405411,0
-0.72545558,-0.2740522,-1.3289816,-0.62072158,-0.031227544,-0.78340888,0
-0.79698229,1.6109643,-0.66784871,0.22028588,0.95200992,-0.21248814,0
0.53875035,0.48408684,1.4685423,0.62072158,0.031227544,0.78340888,0
0.49190313,0.10818431,-2.3087728,-0.62072158,-0.031227544,-0.78340888,0
1.067669,-1.9665567,-1.0236664,0.75244856,-0.30446991,-0.58405411,0
-1.5520111,-0.91611034,1.345805,-0.22028588,-0.95200992,0.21248814,0
1.510659,0.03926491,0.71619707,0.62072158,0.031227544,0.78340888,0
-0.081890501,-1.5402378,0.073599577,-0.22028588,-0.95200992,0.21248814,0
0.50473768,-1.1916761,-2.1528506,0.75244856,-0.30446991,-0.58405411,0
-0.90511787,1.4043431,1.5261686,-0.75244856,0.30446991,0.58405411,0
1.664149,1.1185354,-0.32262814,0.22028588,0.95200992,-0.21248814,0
1.4365386,1.3500909,0.47884607,0.22028588,0.95200992,-0.21248814,0
-1.094179,2.0173261,0.96304679,-0.75244856,0.30446991,0.58405411,0
-0.43487129,1.6984205,0.099380732,0.22028588,0.95200992,-0.21248814,0
0.30387142,0.43539941,-2.172832,-0.62072158,-0.031227544,-0.78340888,0
0.32869738,-0.0030862689,1.6543938,0.62072158,0.031227544,0.78340888,0
-2.2815983,-0.12974748,0.5525496,-0.75244856,0.30446991,0.58405411,0
-1.1135902,1.3015722,1.3111644,-0.75244856,0.30446991,0.58405411,0
-1.2451484,1.3791914,1.1012123,-0.75244856,0.30446991,0.58405411,0
-1.0373847,-1.4716309,-0.60957992,-0.22028588,-0.95200992,0.21248814,0
1.3222249,-1.5937791,0.93059468,0.62072158,0.031227544,0.78340888,0
-0.1261763,-0.805058,-1.7826446,-0.62072158,-0.031227544,-0.78340888,0
-1.577949,1.3060424,0.71059144,-0.75244856,0.30446991,0.58405411,0
0.43964729,-1.5039719,-2.0739064,0.75244856,-0.30446991,-0.58405411,0
2.5676217,0.23858257,-0.12921572,0.62072158,0.031227544,0.78340888,0
-0.022166133,-1.5189437,0.23091969,-0.22028588,-0.95200992,0.21248814,0
-0.46171874,1.5156859,-0.7471571,0.22028588,0.95200992,-0.21248814,0
0.68140727,1.0604353,-1.6017389,0.22028588,0.95200992,-0.21248814,0
-1.6225401,0.70548248,-0.6572361,-0.62072158,-0.031227544,-0.78340888,0
-1.480944,1.6653278,0.64826787,-0.75244856,0.30446991,0.58405411,0
-0.53305513,1.784745,1.8071994,-0.75244856,0.30446991,0.58405411,0
-0.14144987,-0.037763044,-1.8011279,-0.62072158,-0.031227544,-0.78340888,0
-0.98350084,1.0117635,1.6298397,-0.75244856,0.30446991,0.58405411,0
0.48228109,1.6645334,0.89836538,0.22028588,0.95200992,-0.21248814,0
0.87502384,1.3740091,0.0038858652,0.22028588,0.95200992,-0.21248814,0
-2.2451546,1.1087549,-0.17999226,-0.62072158,-0.031227544,-0.78340888,0
0.33708411,-1.797569,-0.64497125,-0.22028588,-0.95200992,0.21248814,0
0.99312747,-0.54787552,1.149659,0.62072158,0.031227544,0.78340888,0
2.1487894,-1.73211,0.24694467,0.75244856,-0.30446991,-0.58405411,0
-0.36792818,-1.4698402,0.092467234,-0.22028588,-0.95200992,0.21248814,0
-1.8482038,0.17119496,0.95401758,-0.75244856,0.30446991,0.58405411,0
-1.0727965,1.9185604,1.0420814,-0.75244856,0.30446991,0.58405411,0
0.67574072,1.630408,1.3143067,0.62072158,0.031227544,0.78340888,0
-1.300477,-1.0656549,-0.84181827,-0.62072158,-0.031227544,-0.78340888,0
1.7094793,-0.33084944,0.5734179,0.62072158,0.031227544,0.78340888,0
-2.0140722,1.4851092,-0.37808868,-0.62072158,-0.031227544,-0.78340888,0
-0.29296678,0.14062759,-1.6881868,-0.62072158,-0.031227544,-0.78340888,0
0.71708536,-0.2619932,-2.3639264,0.75244856,-0.30446991,-0.58405411,0
1.8364992,-0.23092294,-0.93796051,0.75244856,-0.30446991,-0.58405411,0
2.5835748,0.93961394,-0.16979969,0.62072158,0.031227544,0.78340888,0
-2.0340002,0.38255352,0.60447043,-0.75244856,0.30446991,0.58405411,0
1.613816,0.80611551,-1.7654603,0.75244856,-0.30446991,-0.58405411,0
-0.56830812,2.0308514,1.4504353,0.22028588,0.95200992,-0.21248814,0
-1.1798795,-0.50598454,2.1680493,-0.75244856,0.30446991,0.58405411,0
0.12639245,1.5261345,-0.090651289,0.22028588,0.95200992,-0.21248814,0
1.2498872,0.41920501,0.90767056,0.62072158,0.031227544,0.78340888,0
2.1458156,0.93329769,-0.65320557,0.22028588,0.95200992,-0.21248814,0
0.80952108,0.90487123,-2.1658974,0.22028588,0.95200992,-0.21248814,0
-0.32618397,-1.1087672,1.7534571,-0.22028588,-0.95200992,0.21248814,0
0.070835821,1.7338648,0.78244692,0.22028588,0.95200992,-0.21248814,0
-2.644161,-0.70913488,0.20861703,-0.62072158,-0.031227544,-0.78340888,0
1.8674136,-0.99956107,-0.49743849,0.75244856,-0.30446991,-0.58405411,0
0.082316667,-0.82431722,-1.947073,-0.62072158,-0.031227544,-0.78340888,0
2.1915803,0.70781374,-0.96986991,0.75244856,-0.30446991,-0.58405411,0
-0.11138658,-1.4545135,0.42709064,-0.22028588,-0.95200992,0.21248814,0
0.28953663,0.0092865527,-2.1444886,-0.62072158,-0.031227544,-0.78340888,0
-1.1818082,-0.90088868,1.7977912,-0.22028588,-0.95200992,0.21248814,0
0.29888302,-2.0432646,-1.7853625,-0.22028588,-0.95200992,0.21248814,0
-2.4384415,-0.77972627,0.048432291,-0.62072158,-0.031227544,-0.78340888,0
-1.0491678,1.0367987,1.5321887,-0.75244856,0.30446991,0.58405411,0
1.4166875,-0.022050992,-1.587698,0.75244856,-0.30446991,-0.58405411,0
1.0595369,-0.030175269,1.0764043,0.62072158,0.031227544,0.78340888,0
-1.8787661,0.66470242,-0.4525941,-0.62072158,-0.031227544,-0.78340888,0
-0.11097622,-1.3546954,0.87473083,-0.22028588,-0.95200992,0.21248814,0
2.3274324,0.65910918,0.044331789,0.62072158,0.031227544,0.78340888,0
-1.7251459,0.71684563,-0.57639098,-0.62072158,-0.031227544,-0.78340888,0
-0.872899,0.67034817,1.9503114,-0.75244856,0.30446991,0.58405411,0
-1.3274634,-1.3620025,-0.41913569,-0.22028588,-0.95200992,0.21248814,0
0.44371426,0.14440653,1.5573827,0.62072158,0.031227544,0.78340888,0
-0.43124163,-0.038331613,-1.5714934,-0.62072158,-0.031227544,-0.78340888,0
-1.2004153,-1.1609076,0.61353952,-0.22028588,-0.95200992,0.21248814,0
0.6285097,1.0582601,-1.6663234,0.22028588,0.95200992,-0.21248814,0
-0.89212018,1.8102343,0.12631062,0.22028588,0.95200992,-0.21248814,0
-0.067639232,-1.3936893,0.74495459,-0.22028588,-0.95200992,0.21248814,0
-0.33008796,1.0188781,-1.6937826,-0.62072158,-0.031227544,-0.78340888,0
0.56720519,-0.20118929,-2.3561053,-0.62072158,-0.031227544,-0.78340888,0
-1.436553,-0.97752833,1.1903296,-0.22028588,-0.95200992,0.21248814,0
1.4037571,0.71646178,-1.9893463,0.75244856,-0.30446991,-0.58405411,0
-1.0257287,-1.3173867,-1.0494766,-0.62072158,-0.031227544,-0.78340888,0
2.3544028,0.8546598,-0.78928477,0.22028588,0.95200992,-0.21248814,0
-0.054691553,1.2808508,-1.3773242,0.22028588,0.95200992,-0.21248814,0
1.028571,-0.3150675,-1.9349654,0.75244856,-0.30446991,-0.58405411,0
-1.3617761,-0.82285964,1.9608122,-0.22028588,-0.95200992,0.21248814,0
-1.6495951,-1.0769888,-0.56474841,-0.62072158,-0.031227544,-0.78340888,0
-0.81062931,1.397361,-1.3281199,-0.62072158,-0.031227544,-0.78340888,0
-0.77003801,-0.17378384,2.5228791,-0.75244856,0.30446991,0.58405411,0
2.2272511,0.028780511,-0.56993163,0.75244856,-0.30446991,-0.58405411,0
-2.484807,-0.86344367,0.61474103,-0.22028588,-0.95200992,0.21248814,0
1.9188874,-1.7666117,0.46472791,0.62072158,0.031227544,0.78340888,0
1.9533904,0.43645558,-1.1352744,0.75244856,-0.30446991,-0.58405411,0
0.57678032,-0.57616186,-2.3487451,-0.62072158,-0.031227544,-0.78340888,0
-2.3182182,-0.25356087,0.56991595,-0.75244856,0.30446991,0.58405411,0
-1.8480546,1.908118,-0.42615512,0.22028588,0.95200992,-0.21248814,0
2.2028739,0.84819645,-0.97533208,0.22028588,0.95200992,-0.21248814,0
-1.0306782,-0.79811543,2.4149222,-0.22028588,-0.95200992,0.21248814,0
-0.52357328,0.63710916,2.304158,0.62072158,0.031227544,0.78340888,0
-1.2561669,1.7531352,-0.50691617,0.22028588,0.95200992,-0.21248814,0
-0.99327344,1.8573583,1.1764374,-0.75244856,0.30446991,0.58405411,0
-0.78783566,-0.54624701,2.5607119,0.62072158,0.031227544,0.78340888,0
-0.52502894,0.92011476,2.2682753,-0.75244856,0.30446991,0.58405411,0
2.0089779,-1.6600528,0.029258847,0.75244856,-0.30446991,-0.58405411,0
-0.195088,-1.7153602,-0.82835221,-0.22028588,-0.95200992,0.21248814,0
1.2724426,-1.161074,0.95279086,0.62072158,0.031227544,0.78340888,0
2.0872662,-1.7660582,0.33129361,0.62072158,0.031227544,0.78340888,0
2.025995,0.63210803,-1.143731,0.75244856,-0.30446991,-0.58405411,0
-0.55803531,0.5823524,-1.4957715,-0.62072158,-0.031227544,-0.78340888,0
-2.245605,0.73218507,0.14959151,-0.75244856,0.30446991,0.58405411,0
0.60603422,1.0008166,-1.946988,0.22028588,0.95200992,-0.21248814,0
-2.2853582,-0.092766009,0.52842695,-0.75244856,0.30446991,0.58405411,0
-2.0864391,-0.10174374,0.78937817,-0.75244856,0.30446991,0.58405411,0
0.2039898,-1.8603501,-1.0642272,-0.22028588,-0.95200992,0.21248814,0
0.14201882,1.2680461,-1.2307637,0.22028588,0.95200992,-0.21248814,0
-1.6477702,0.73609865,0.91775364,-0.75244856,0.30446991,0.58405411,0
-1.2684041,0.15912445,-0.91605186,-0.62072158,-0.031227544,-0.78340888,0
-1.4024159,-0.10836361,1.6740701,-0.75244856,0.30446991,0.58405411,0
-0.38658193,1.3772042,2.1661141,0.62072158,0.031227544,0.78340888,0
1.8726786,-1.7876207,-0.079836905,0.75244856,-0.30446991,-0.58405411,0
1.9805018,0.36099443,0.33110017,0.62072158,0.031227544,0.78340888,0
1.3685319,0.051595874,0.82831764,0.62072158,0.031227544,0.78340888,0
-1.0142454,-1.2696027,0.3195554,-0.22028588,-0.95200992,0.21248814,0
-0.35511261,1.9217277,1.1825485,0.22028588,0.95200992,-0.21248814,0
0.099270403,-1.1854622,-1.9461105,-0.62072158,-0.031227544,-0.78340888,0
0.60532415,-1.1715277,1.4817882,0.62072158,0.031227544,0.78340888,0
1.1284739,0.83220792,-2.1607928,0.22028588,0.95200992,-0.21248814,0
0.25905019,-0.27667743,1.7204831,0.62072158,0.031227544,0.78340888,0
1.2231821,-0.80193543,-1.4304377,0.75244856,-0.30446991,-0.58405411,0
0.99538976,-1.656173,0.67098856,-0.22028588,-0.95200992,0.21248814,0
2.6454701,0.64476979,-0.20708859,0.62072158,0.031227544,0.78340888,0
-1.4072628,-0.97541904,-0.76080525,-0.62072158,-0.031227544,-0.78340888,0
-0.96506363,1.8774626,1.2023001,-0.75244856,0.30446991,0.58405411,0
1.4201224,-0.062477306,-1.5621986,0.75244856,-0.30446991,-0.58405411,0
-2.0971568,-0.88148552,0.93578404,-0.22028588,-0.95200992,0.21248814,0
0.54918635,-0.31032699,-2.3374782,-0.62072158,-0.031227544,-0.78340888,0
1.1319354,1.0707716,-1.0883688,0.22028588,0.95200992,-0.21248814,0
-0.68819761,0.70371068,2.1708741,-0.75244856,0.30446991,0.58405411,0
-0.97407317,1.7371415,1.2638431,-0.75244856,0.30446991,0.58405411,0
-0.70423484,1.7239696,-0.065400392,0.22028588,0.95200992,-0.21248814,0
0.94462597,-0.16380116,-2.1219692,0.75244856,-0.30446991,-0.58405411,0
-1.2926162,1.7690616,-0.47334814,0.22028588,0.95200992,-0.21248814,0
-1.5754244,0.44315618,1.1636701,-0.75244856,0.30446991,0.58405411,0
-0.69610012,1.8251767,0.39647073,0.22028588,0.95200992,-0.21248814,0
0.09307,-0.8978157,-1.9526637,-0.62072158,-0.031227544,-0.78340888,0
-1.7426033,-0.19045085,-0.52639323,-0.62072158,-0.031227544,-0.78340888,0
-1.0513741,-0.22189203,2.1855073,-0.75244856,0.30446991,0.58405411,0
0.57716095,-1.8898002,-0.80930656,-0.22028588,-0.95200992,0.21248814,0
-0.30029333,1.7741929,0.57837993,0.22028588,0.95200992,-0.21248814,0
0.022468477,-1.1729901,-1.8857547,-0.62072158,-0.031227544,-0.78340888,0
0.80082923,-1.2914431,-1.7193809,0.75244856,-0.30446991,-0.58405411,0
1.0161617,-1.034765,1.1508161,0.62072158,0.031227544,0.78340888,0
-1.0932255,-0.94517863,1.6911926,-0.22028588,-0.95200992,0.21248814,0
-2.1822824,0.17725779,0.52045703,-0.75244856,0.30446991,0.58405411,0
-1.6169848,1.2225485,0.70382655,-0.75244856,0.30446991,0.58405411,0
2.2316558,-0.47403285,0.16538721,0.62072158,0.031227544,0.78340888,0
-0.21592212,1.0521382,2.0438519,0.62072158,0.031227544,0.78340888,0
-0.58084476,-1.7041453,-1.1780194,-0.22028588,-0.95200992,0.21248814,0
-0.071704894,1.9759235,1.7191697,0.22028588,0.95200992,-0.21248814,0
2.0625215,0.35456598,0.2663694,0.62072158,0.031227544,0.78340888,0
-0.36439645,-1.592453,-0.45321339,-0.22028588,-0.95200992,0.21248814,0
-0.46495295,-1.3719407,0.43050027,-0.22028588,-0.95200992,0.21248814,0
-1.6264946,-0.098665848,1.3803295,-0.75244856,0.30446991,0.58405411,0
-0.422194,1.2664125,-1.6306708,-0.62072158,-0.031227544,-0.78340888,0
-0.98561859,1.7721448,-0.14127114,0.22028588,0.95200992,-0.21248814,0
-0.20253521,0.27651402,-1.7652553,-0.62072158,-0.031227544,-0.78340888,0
2.4789765,0.77992123,-0.63720173,0.75244856,-0.30446991,-0.58405411,0
1.2057288,0.82726771,-2.1028366,0.22028588,0.95200992,-0.21248814,0
-0.82636631,2.0086923,1.3125761,-0.75244856,0.30446991,0.58405411,0
-1.3209933,1.5239968,-0.92878902,-0.62072158,-0.031227544,-0.78340888,0
-2.1149228,-0.78075302,1.1066526,-0.75244856,0.30446991,0.58405411,0
-1.3199651,-1.4359229,-0.81161803,-0.62072158,-0.031227544,-0.78340888,0
0.8940137,0.8311317,-2.4086785,0.22028588,0.95200992,-0.21248814,0
0.82400191,0.80895615,-2.5806131,0.22028588,0.95200992,-0.21248814,0
0.54618466,1.1751294,-1.2280605,0.22028588,0.95200992,-0.21248814,0
0.44119599,-1.1535455,-2.2183018,-0.62072158,-0.031227544,-0.78340888,0
-2.0734873,0.13626215,-0.27724543,-0.62072158,-0.031227544,-0.78340888,0
0.31155106,-0.80912876,-2.1293087,-0.62072158,-0.031227544,-0.78340888,0
-0.68800938,-1.0878155,1.4722232,-0.22028588,-0.95200992,0.21248814,0
-0.11877823,-1.1243477,1.8986689,-0.22028588,-0.95200992,0.21248814,0
1.4138032,0.87627482,-1.6675599,0.22028588,0.95200992,-0.21248814,0
0.15809298,-1.5682714,-1.9774584,-0.62072158,-0.031227544,-0.78340888,0
0.76997256,-1.8836938,-0.58206081,-0.22028588,-0.95200992,0.21248814,0
-0.10515115,-1.7150477,-1.7630304,-0.62072158,-0.031227544,-0.78340888,0
0.85552227,-1.1850169,1.2840854,0.62072158,0.031227544,0.78340888,0
0.42559993,1.5582376,1.5153785,0.62072158,0.031227544,0.78340888,0
-0.24159139,-1.7551723,-1.6533247,-0.62072158,-0.031227544,-0.78340888,0
0.89415765,-0.39304608,-2.0674822,0.75244856,-0.30446991,-0.58405411,0
1.3256336,-0.83502859,0.89764929,0.62072158,0.031227544,0.78340888,0
0.77670711,1.1460342,-1.1194338,0.22028588,0.95200992,-0.21248814,0
-1.5486287,-0.66924357,-0.66100073,-0.62072158,-0.031227544,-0.78340888,0
-2.0907097,1.4202638,-0.0095521808,-0.75244856,0.30446991,0.58405411,0
1.5495008,-0.33089587,0.70017636,0.62072158,0.031227544,0.78340888,0
1.467816,1.2914441,0.24851599,0.22028588,0.95200992,-0.21248814,0
-0.90277559,-0.57469463,-1.176501,-0.62072158,-0.031227544,-0.78340888,0
1.0463836,-1.2657796,1.1360787,0.62072158,0.031227544,0.78340888,0
2.119168,-0.81774408,-0.26787984,0.75244856,-0.30446991,-0.58405411,0
-0.52673173,-1.361069,0.41516304,-0.22028588,-0.95200992,0.21248814,0
1.1226119,0.28888607,-2.128654,0.75244856,-0.30446991,-0.58405411,0
0.80857158,-1.7743989,-0.052372187,-0.22028588,-0.95200992,0.21248814,0
1.3555413,0.82737464,0.80768722,0.62072158,0.031227544,0.78340888,0
-1.2190812,-1.4650213,-0.76833063,-0.22028588,-0.95200992,0.21248814,0
1.4787709,0.70178348,-1.8850528,0.75244856,-0.30446991,-0.58405411,0
-0.27226278,1.872627,1.0484536,0.22028588,0.95200992,-0.21248814,0
-0.11479419,-1.0496556,-1.781913,-0.62072158,-0.031227544,-0.78340888,0
0.92644274,-1.2697738,-1.5688467,0.75244856,-0.30446991,-0.58405411,0
-2.6527429,-0.47571239,0.25474972,-0.75244856,0.30446991,0.58405411,0
0.84770441,1.4144549,1.186662,0.62072158,0.031227544,0.78340888,0
-1.8837535,0.11617534,-0.42677751,-0.62072158,-0.031227544,-0.78340888,0
-2.0152512,0.4027127,0.61811626,-0.75244856,0.30446991,0.58405411,0
0.16288409,-1.7579527,-0.64807105,-0.22028588,-0.95200992,0.21248814,0
1.3423564,-1.4078026,0.90723062,0.62072158,0.031227544,0.78340888,0
0.28421971,1.554149,0.19848111,0.22028588,0.95200992,-0.21248814,0
0.088882402,-1.6386569,-0.19030716,-0.22028588,-0.95200992,0.21248814,0
-1.1893938,0.4791379,-0.99141055,-0.62072158,-0.031227544,-0.78340888,0
-2.2378902,-0.22856537,-0.13244104,-0.62072158,-0.031227544,-0.78340888,0
-1.2687191,1.8910924,0.098159969,0.22028588,0.95200992,-0.21248814,0
-0.25705913,1.8421021,0.92745399,0.22028588,0.95200992,-0.21248814,0
1.694672,-1.2972786,-0.56478333,0.75244856,-0.30446991,-0.58405411,0
-1.5114205,0.61256689,1.1578133,-0.75244856,0.30446991,0.58405411,0
-1.3625069,-1.0040113,1.1484418,-0.22028588,-0.95200992,0.21248814,0
-1.9466611,1.7540014,-0.44221914,-0.62072158,-0.031227544,-0.78340888,0
2.2684808,-0.39566505,-0.29554909,0.75244856,-0.30446991,-0.58405411,0
-1.2752446,-0.75255597,2.1737275,-0.75244856,0.30446991,0.58405411,0
-0.68307233,-1.2423923,0.78479171,-0.22028588,-0.95200992,0.21248814,0
1.7587702,0.59233665,-1.4672691,0.75244856,-0.30446991,-0.58405411,0
0.092008412,0.16183648,-1.9940612,-0.62072158,-0.031227544,-0.78340888,0
-2.0743041,1.7433653,-0.15685117,-0.75244856,0.30446991,0.58405411,0
0.30658776,-1.2055959,1.7198452,0.62072158,0.031227544,0.78340888,0
-1.2323846,-0.51301122,2.1040695,-0.75244856,0.30446991,0.58405411,0
0.27682137,-1.2533917,1.73063,-0.22028588,-0.95200992,0.21248814,0
-0.5855974,-1.3721032,0.30470067,-0.22028588,-0.95200992,0.21248814,0
-2.1697381,0.40125734,0.41984618,-0.75244856,0.30446991,0.58405411,0
-0.14473063,-0.42921403,-1.7829249,-0.62072158,-0.031227544,-0.78340888,0
-1.225764,1.7398334,-0.53499389,0.22028588,0.95200992,-0.21248814,0
1.5422729,-0.55788845,0.7149514,0.62072158,0.031227544,0.78340888,0
1.8732324,0.73956776,-1.3965572,0.75244856,-0.30446991,-0.58405411,0
1.3222356,-1.9754446,-0.69107002,0.75244856,-0.30446991,-0.58405411,0
-1.9251993,-0.71837997,1.3185619,-0.75244856,0.30446991,0.58405411,0
-0.54537582,1.8308847,0.57829964,0.22028588,0.95200992,-0.21248814,0
-0.25296104,-0.48181435,2.1343441,0.62072158,0.031227544,0.78340888,0
0.64193016,-1.698588,0.11452629,-0.22028588,-0.95200992,0.21248814,0
0.61772215,-0.84677857,-2.1870868,0.75244856,-0.30446991,-0.58405411,0
-0.62803614,-0.84452331,2.4459867,0.62072158,0.031227544,0.78340888,0
1.9810534,-1.9473697,0.38817573,-0.22028588,-0.95200992,0.21248814,0
-0.61650026,0.19399303,-1.4339674,-0.62072158,-0.031227544,-0.78340888,0
-1.8286166,1.8684124,0.094485521,-0.75244856,0.30446991,0.58405411,0
1.1332556,1.2691569,0.96620178,0.62072158,0.031227544,0.78340888,0
-1.0474843,1.9389383,1.0640686,-0.75244856,0.30446991,0.58405411,0
1.0993289,1.0619338,1.0013433,0.62072158,0.031227544,0.78340888,0
0.14466387,-0.54093027,1.8216488,0.62072158,0.031227544,0.78340888,0
-0.67006689,-1.1572461,-1.3376629,-0.62072158,-0.031227544,-0.78340888,0
0.36573133,-1.542912,0.52566624,-0.22028588,-0.95200992,0.21248814,0
-1.2826236,0.3467398,1.5911536,-0.75244856,0.30446991,0.58405411,0
-0.38460279,0.80901694,-1.6422231,-0.62072158,-0.031227544,-0.78340888,0
1.735689,-1.9922873,-0.067436397,-0.22028588,-0.95200992,0.21248814,0
0.48852983,-1.5696583,-1.9766879,0.75244856,-0.30446991,-0.58405411,0
0.49191895,-1.9408021,-1.1261809,-0.22028588,-0.95200992,0.21248814,0
-0.15350062,1.6455077,0.15401158,0.22028588,0.95200992,-0.21248814,0
-0.80263382,0.8411926,-1.3122855,-0.62072158,-0.031227544,-0.78340888,0
0.4949069,1.4811885,1.4635354,0.62072158,0.031227544,0.78340888,0
-0.091778189,1.482186,1.9283464,0.62072158,0.031227544,0.78340888,0
-1.5762622,-1.2912139,-0.61431324,-0.62072158,-0.031227544,-0.78340888,0
-1.4002527,-0.056869343,1.6500127,-0.75244856,0.30446991,0.58405411,0
0.63837463,-1.7616814,-1.6835372,0.75244856,-0.30446991,-0.58405411,0
-0.50396407,1.9718935,1.2529929,0.22028588,0.95200992,-0.21248814,0
-2.2704258,1.2264707,-0.16466135,-0.62072158,-0.031227544,-0.78340888,0
-1.3184736,0.0083165765,1.7213888,-0.75244856,0.30446991,0.58405411,0
-1.9633834,1.4594874,0.13403696,-0.75244856,0.30446991,0.58405411,0
-1.214499,0.29935873,-0.96435267,-0.62072158,-0.031227544,-0.78340888,0
0.33652443,1.4463338,-0.23033902,0.22028588,0.95200992,-0.21248814,0
-0.66646922,-1.176702,-1.3397379,-0.62072158,-0.031227544,-0.78340888,0
-0.72687972,-1.1814499,-1.2916833,-0.62072158,-0.031227544,-0.78340888,0
-2.4029479,0.68730456,-0.038167775,-0.62072158,-0.031227544,-0.78340888,0
0.96969867,-1.5592521,-1.3622131,0.75244856,-0.30446991,-0.58405411,0
-1.2164551,1.7986729,0.91950077,-0.75244856,0.30446991,0.58405411,0
0.24546881,1.6298025,0.49725795,0.22028588,0.95200992,-0.21248814,0
-0.61908662,-1.6790292,-1.1051375,-0.22028588,-0.95200992,0.21248814,0
0.47166094,1.3957459,-0.31689215,0.22028588,0.95200992,-0.21248814,0
1.5201066,-1.8915024,-0.47990847,0.75244856,-0.30446991,-0.58405411,0
0.61036491,-0.34481853,1.4448407,0.62072158,0.031227544,0.78340888,0
-0.9164753,1.3229169,1.5539844,-0.75244856,0.30446991,0.58405411,0
-0.59481996,-0.77723038,2.4169862,0.62072158,0.031227544,0.78340888,0
0.66835302,-1.4462191,1.2726065,-0.22028588,-0.95200992,0.21248814,0
1.0091847,0.15281364,-2.2038496,0.75244856,-0.30446991,-0.58405411,0
1.2168182,-1.2279652,-1.2165456,0.75244856,-0.30446991,-0.58405411,0
2.0768244,0.78449148,-1.1576846,0.75244856,-0.30446991,-0.58405411,0
-1.1580191,-0.64588839,2.269145,-0.75244856,0.30446991,0.58405411,0
1.2604141,-0.39923131,-1.5924023,0.75244856,-0.30446991,-0.58405411,0
1.3581606,1.1348733,-0.56664705,0.22028588,0.95200992,-0.21248814,0
1.6690878,-0.37142283,-1.0803968,0.75244856,-0.30446991,-0.58405411,0
1.1448019,-1.6123717,1.0221264,-0.22028588,-0.95200992,0.21248814,0
-0.31015068,0.49785587,-1.6888111,-0.62072158,-0.031227544,-0.78340888,0
-0.92439097,0.088283569,2.1874061,-0.75244856,0.30446991,0.58405411,0
-2.4650085,0.39155138,0.044503033,-0.75244856,0.30446991,0.58405411,0
-1.1235068,1.8497359,0.063411653,0.22028588,0.95200992,-0.21248814,0
-1.47456,0.60189563,1.2108642,-0.75244856,0.30446991,0.58405411,0
0.58240956,1.225978,-0.9626894,0.22028588,0.95200992,-0.21248814,0
-1.2461245,1.1413317,1.2239518,-0.75244856,0.30446991,0.58405411,0
-0.58994967,-1.0072628,-1.4071209,-0.62072158,-0.031227544,-0.78340888,0
-0.41948345,1.7593408,1.9667592,-0.75244856,0.30446991,0.58405411,0
-2.2431235,-0.37981826,-0.12226564,-0.62072158,-0.031227544,-0.78340888,0
-1.8953544,0.95633435,0.48397619,-0.75244856,0.30446991,0.58405411,0
-2.1111388,0.60919183,0.3869437,-0.75244856,0.30446991,0.58405411,0
-1.4064541,0.6606459,1.2679795,-0.75244856,0.30446991,0.58405411,0
-0.91697943,-1.0194651,1.5410811,-0.22028588,-0.95200992,0.21248814,0
-0.67724288,-1.264519,-1.3277011,-0.62072158,-0.031227544,-0.78340888,0
-1.5461428,0.41261682,-0.70609438,-0.62072158,-0.031227544,-0.78340888,0
-0.61079681,-1.6098243,-1.3665843,-0.62072158,-0.031227544,-0.78340888,0
0.5735091,-1.0784439,1.5032859,0.62072158,0.031227544,0.78340888,0
-1.7192669,0.52656662,0.93487287,-0.75244856,0.30446991,0.58405411,0
-1.7919253,1.1535783,0.51440185,-0.75244856,0.30446991,0.58405411,0
-1.0593952,1.9636467,0.6402303,0.22028588,0.95200992,-0.21248814,0
-0.07578814,-1.9453804,-1.7352335,-0.22028588,-0.95200992,0.21248814,0
-0.1435262,-1.1998006,1.534961,-0.22028588,-0.95200992,0.21248814,0
0.087763846,1.226692,-1.4722888,0.22028588,0.95200992,-0.21248814,0
-0.72573507,-1.4411622,-0.14998461,-0.22028588,-0.95200992,0.21248814,0
2.0450716,-1.788951,0.14295393,0.75244856,-0.30446991,-0.58405411,0
0.517389,0.71393967,-2.3531122,-0.62072158,-0.031227544,-0.78340888,0
1.4075474,1.0807732,-0.75783217,0.22028588,0.95200992,-0.21248814,0
0.69852233,0.47451514,1.3423311,0.62072158,0.031227544,0.78340888,0
-1.4681933,-0.96999919,1.1912614,-0.22028588,-0.95200992,0.21248814,0
0.96059221,-1.0746384,-1.6265764,0.75244856,-0.30446991,-0.58405411,0
0.39905089,-1.588962,0.35389107,-0.22028588,-0.95200992,0.21248814,0
0.65042412,-1.769868,-0.19602376,-0.22028588,-0.95200992,0.21248814,0
0.99746996,-1.5518616,1.1404909,-0.22028588,-0.95200992,0.21248814,0
-0.64123929,1.5933441,-0.58533394,0.22028588,0.95200992,-0.21248814,0
0.84100723,1.0557477,1.2062669,0.62072158,0.031227544,0.78340888,0
-1.1440264,-1.42854,-0.52707464,-0.22028588,-0.95200992,0.21248814,0
1.6411955,-1.6349603,-0.45764339,0.75244856,-0.30446991,-0.58405411,0
-0.4505448,-1.1042095,1.6449523,-0.22028588,-0.95200992,0.21248814,0
1.1852123,-1.3643278,-1.1861776,0.75244856,-0.30446991,-0.58405411,0
-1.1025121,0.63173151,1.6746274,-0.75244856,0.30446991,0.58405411,0
2.2554207,0.92428768,0.090819061,0.62072158,0.031227544,0.78340888,0
-1.3742096,-1.1733801,0.37748653,-0.22028588,-0.95200992,0.21248814,0
1.2939663,-0.020097554,-1.7468204,0.75244856,-0.30446991,-0.58405411,0
-2.1450174,1.0146681,-0.25558412,-0.62072158,-0.031227544,-0.78340888,0
1.7826337,0.12416867,-1.1924672,0.75244856,-0.30446991,-0.58405411,0
-1.2498699,1.6536264,0.95206541,-0.75244856,0.30446991,0.58405411,0
0.25272807,1.518033,0.0040235147,0.22028588,0.95200992,-0.21248814,0
0.6195246,-1.5261407,0.86391342,-0.22028588,-0.95200992,0.21248814,0
2.0990298,0.30930904,-0.88136238,0.75244856,-0.30446991,-0.58405411,0
1.4377576,-0.52629477,-1.2976885,0.75244856,-0.30446991,-0.58405411,0
-0.19793701,-1.4446762,0.38143879,-0.22028588,-0.95200992,0.21248814,0
-1.4651893,1.6990092,-0.82151365,-0.62072158,-0.031227544,-0.78340888,0
-1.4919347,-0.52980858,1.7784421,-0.75244856,0.30446991,0.58405411,0
0.20480639,0.8761614,1.7175089,0.62072158,0.031227544,0.78340888,0
1.1165959,-1.086669,-1.419322,0.75244856,-0.30446991,-0.58405411,0
1.9656554,0.38783094,-1.0941249,0.75244856,-0.30446991,-0.58405411,0
-1.6911501,0.35694578,1.0595204,-0.75244856,0.30446991,0.58405411,0
-0.27038068,-0.72013956,-1.6717715,-0.62072158,-0.031227544,-0.78340888,0
-2.5499759,-0.91073966,0.33528036,-0.22028588,-0.95200992,0.21248814,0
-0.68941468,0.40281451,2.3261642,-0.75244856,0.30446991,0.58405411,0
-2.3774614,0.18992391,-0.038535416,-0.62072158,-0.031227544,-0.78340888,0
-0.34027115,1.9259766,1.9819421,-0.75244856,0.30446991,0.58405411,0
-1.0472178,-1.3325865,0.0031860322,-0.22028588,-0.95200992,0.21248814,0
-0.37276587,-0.94201612,-1.5818039,-0.62072158,-0.031227544,-0.78340888,0
-1.9034877,0.91784596,0.4935621,-0.75244856,0.30446991,0.58405411,0
2.1873951,-1.3041059,0.073560476,0.75244856,-0.30446991,-0.58405411,0
-1.3215605,1.1038237,1.1463194,-0.75244856,0.30446991,0.58405411,0
1.3926184,-1.9683592,-0.31589276,-0.22028588,-0.95200992,0.21248814,0
-2.2837152,-0.58039623,0.7847473,-0.75244856,0.30446991,0.58405411,0
1.8033268,0.90173161,-1.149688,0.22028588,0.95200992,-0.21248814,0
-1.5963014,0.46310443,1.126375,-0.75244856,0.30446991,0.58405411,0
-0.9301796,0.40402943,2.0153489,-0.75244856,0.30446991,0.58405411,0
0.022263527,-1.1535974,1.9138393,-0.22028588,-0.95200992,0.21248814,0
-1.6706331,1.936286,0.26263636,-0.75244856,0.30446991,0.58405411,0
0.095773704,-1.7930228,-0.87476778,-0.22028588,-0.95200992,0.21248814,0
1.9988112,0.052216947,0.32890105,0.62072158,0.031227544,0.78340888,0
0.52161694,1.3128355,1.4490829,0.62072158,0.031227544,0.78340888,0
0.59581715,1.3024589,-0.60613358,0.22028588,0.95200992,-0.21248814,0
0.46043921,-0.21006785,1.5582607,0.62072158,0.031227544,0.78340888,0
-0.018415421,-1.813241,-1.0837311,-0.22028588,-0.95200992,0.21248814,0
-1.4972491,0.0082616806,-0.72871661,-0.62072158,-0.031227544,-0.78340888,0
0.56853551,1.4590305,0.067071281,0.22028588,0.95200992,-0.21248814,0
1.1119061,0.91755885,0.99713278,0.62072158,0.031227544,0.78340888,0
-0.32679868,1.7363813,0.38149428,0.22028588,0.95200992,-0.21248814,0
2.412797,-0.3483915,0.016854644,0.62072158,0.031227544,0.78340888,0
-1.3820395,-1.2589425,-0.013975143,-0.22028588,-0.95200992,0.21248814,0
0.7150386,-0.60807061,-2.1861515,0.75244856,-0.30446991,-0.58405411,0
-0.96270478,2.0276735,1.1270336,-0.75244856,0.30446991,0.58405411,0
1.1876632,-0.98215199,1.0128324,0.62072158,0.031227544,0.78340888,0
-0.80988514,1.1032531,-1.316986,-0.62072158,-0.031227544,-0.78340888,0
2.0614467,0.79749095,-1.1842725,0.75244856,-0.30446991,-0.58405411,0
0.50376266,1.6266015,0.75068957,0.22028588,0.95200992,-0.21248814,0
