1.4399548,1.2245775,2.6830907,-0.0100604,-0.56736529,0.82340467,0
1.6739075,2.1490557,1.0501869,0.98907506,0.11546291,0.091644064,0
0.10481801,-2.1080275,0.37045288,-0.0100604,-0.56736529,0.82340467,0
1.1189923,1.9042714,1.9856176,-0.14706838,0.8153311,0.56000543,0
0.20453963,-2.637583,-0.57037866,0.14706838,-0.8153311,-0.56000543,0
0.44674486,2.0917363,1.5361354,-0.14706838,0.8153311,0.56000543,0
-0.72701609,-2.5086174,0.084263563,-0.0100604,-0.56736529,0.82340467,0
-1.8041323,2.458827,-0.14949727,0.0100604,0.56736529,-0.82340467,0
-1.7585216,-2.245573,-0.015381575,-0.98907506,-0.11546291,-0.091644064,0
-1.4498936,2.1714725,0.92195046,-0.14706838,0.8153311,0.56000543,0
-0.11509363,0.39611948,-1.5501654,0.0100604,0.56736529,-0.82340467,0
1.7707533,0.85753745,1.6321627,0.98907506,0.11546291,0.091644064,0
1.5065889,2.6019373,1.0716522,-0.14706838,0.8153311,0.56000543,0
-1.2161995,-2.0870795,-1.7449896,0.14706838,-0.8153311,-0.56000543,0
0.31074333,2.7939587,0.10726428,0.0100604,0.56736529,-0.82340467,0
-1.5992483,-0.36790001,-2.0947452,0.0100604,0.56736529,-0.82340467,0
-1.6930752,2.728328,0.047341347,-0.14706838,0.8153311,0.56000543,0
-2.2544231,1.5527053,0.55120206,-0.98907506,-0.11546291,-0.091644064,0
0.53984541,1.621785,2.2448039,-0.14706838,0.8153311,0.56000543,0
1.9245138,0.9550873,-0.15021142,0.98907506,0.11546291,0.091644064,0
-1.7238622,-2.5214767,-0.041831255,-0.98907506,-0.11546291,-0.091644064,0
-0.8885076,1.273108,2.3773413,-0.14706838,0.8153311,0.56000543,0
1.5229021,-2.6551204,-0.19861746,0.14706838,-0.8153311,-0.56000543,0
-2.1184177,2.0316901,-0.44765496,0.0100604,0.56736529,-0.82340467,0
0.66473311,-1.466099,-2.1551266,0.14706838,-0.8153311,-0.56000543,0
-1.2303464,2.5532086,0.42382526,-0.14706838,0.8153311,0.56000543,0
-2.3296313,1.6450549,1.2465411,-0.98907506,-0.11546291,-0.091644064,0
2.095284,-0.378445,-0.31313479,0.98907506,0.11546291,0.091644064,0
0.47525215,-0.3365339,1.5956231,-0.0100604,-0.56736529,0.82340467,0
-2.2561965,1.466614,0.67880678,-0.98907506,-0.11546291,-0.091644064,0
1.7089895,1.1162908,1.9727457,0.98907506,0.11546291,0.091644064,0
-0.13449121,-2.0650077,-1.493047,0.14706838,-0.8153311,-0.56000543,0
-2.1057405,1.0370855,-0.40383446,-0.98907506,-0.11546291,-0.091644064,0
2.0636134,-2.1142411,-0.84410107,0.14706838,-0.8153311,-0.56000543,0
0.87165749,-0.76149929,-2.3357642,0.0100604,0.56736529,-0.82340467,0
1.7473712,1.3078866,1.3171182,0.98907506,0.11546291,0.091644064,0
1.9189016,-1.5994418,-1.6316192,0.14706838,-0.8153311,-0.56000543,0
-0.82270086,1.4300692,2.1660986,-0.14706838,0.8153311,0.56000543,0
-1.7487276,-2.3751528,0.16374373,-0.0100604,-0.56736529,0.82340467,0
1.5930717,-2.0633962,-1.0417012,0.14706838,-0.8153311,-0.56000543,0
-1.7950935,-1.3769108,0.85101414,-0.0100604,-0.56736529,0.82340467,0
-1.8320988,2.6306131,0.15309739,-0.14706838,0.8153311,0.56000543,0
-0.58398139,-0.2564137,-2.0055208,0.0100604,0.56736529,-0.82340467,0
0.51375484,-1.7169666,-1.8295299,0.14706838,-0.8153311,-0.56000543,0
1.8580339,1.6920753,-0.36125863,0.98907506,0.11546291,0.091644064,0
2.1221147,-1.2557026,0.50255466,0.98907506,0.11546291,0.091644064,0
-1.5498154,2.0732892,1.0386573,-0.14706838,0.8153311,0.56000543,0
-0.44502425,-1.2394075,-2.6811533,0.0100604,0.56736529,-0.82340467,0
-1.4291024,-1.3658807,-2.780323,0.0100604,0.56736529,-0.82340467,0
-1.7651742,-2.001647,-0.25090325,-0.98907506,-0.11546291,-0.091644064,0
-1.7309618,-1.7064934,-0.99200875,-0.98907506,-0.11546291,-0.091644064,0
-1.6257262,-1.5297406,-2.3504634,-0.98907506,-0.11546291,-0.091644064,0
0.9048481,0.22564662,1.9882413,-0.0100604,-0.56736529,0.82340467,0
-1.5403221,-1.7469192,-2.325362,0.14706838,-0.8153311,-0.56000543,0
-1.8075988,-1.0011096,-1.0536169,-0.98907506,-0.11546291,-0.091644064,0
-1.3980088,-2.5100949,0.075047612,-0.0100604,-0.56736529,0.82340467,0
0.70587301,1.0637479,2.5633023,-0.0100604,-0.56736529,0.82340467,0
-1.2345505,-2.4751208,-1.1848462,0.14706838,-0.8153311,-0.56000543,0
0.31027141,-0.38209617,1.5622127,-0.0100604,-0.56736529,0.82340467,0
-1.9058871,0.16175306,-1.4579293,-0.98907506,-0.11546291,-0.091644064,0
0.20450205,1.2976024,2.6287251,-0.14706838,0.8153311,0.56000543,0
2.0352612,-2.1724539,0.34964609,-0.0100604,-0.56736529,0.82340467,0
-1.5571008,2.1555603,0.91696334,-0.14706838,0.8153311,0.56000543,0
2.0912142,-0.9621079,0.46614981,0.98907506,0.11546291,0.091644064,0
1.3228971,2.0028048,-0.42551243,0.0100604,0.56736529,-0.82340467,0
1.1010448,1.9440566,1.9229796,-0.14706838,0.8153311,0.56000543,0
1.6919847,1.9680276,1.0831642,0.98907506,0.11546291,0.091644064,0
-2.1842628,1.6418493,-0.31832194,-0.98907506,-0.11546291,-0.091644064,0
-1.5855515,2.4144871,0.53251076,-0.14706838,0.8153311,0.56000543,0
-0.43505573,2.4203055,0.82618248,-0.14706838,0.8153311,0.56000543,0
-0.073937386,1.8649888,1.7295239,-0.14706838,0.8153311,0.56000543,0
0.39249983,-2.3304362,-0.96820223,0.14706838,-0.8153311,-0.56000543,0
1.9933169,-0.030922025,0.34950167,0.98907506,0.11546291,0.091644064,0
-0.086602747,2.4476149,0.87793243,-0.14706838,0.8153311,0.56000543,0
0.23063938,0.47320974,-1.4928222,0.0100604,0.56736529,-0.82340467,0
1.9474376,-0.10035688,0.93214154,0.98907506,0.11546291,0.091644064,0
1.6557691,2.5541606,0.73555446,0.98907506,0.11546291,0.091644064,0
-0.007039994,-1.3340602,-2.5237873,0.14706838,-0.8153311,-0.56000543,0
1.7023113,1.51732,1.5395633,0.98907506,0.11546291,0.091644064,0
0.9955796,-1.1968981,1.009148,-0.0100604,-0.56736529,0.82340467,0
1.7531402,1.8153043,0.61555493,0.98907506,0.11546291,0.091644064,0
2.1254976,-0.30492815,-0.73184329,0.98907506,0.11546291,0.091644064,0
0.3372508,-2.722805,-0.41144872,0.14706838,-0.8153311,-0.56000543,0
2.052032,-1.3109964,0.94343662,-0.0100604,-0.56736529,0.82340467,0
-1.0133947,-2.7007,-0.79833746,0.14706838,-0.8153311,-0.56000543,0
0.66305506,-2.1114221,-1.2160193,0.14706838,-0.8153311,-0.56000543,0
-0.81864554,1.9051493,-0.51896703,0.0100604,0.56736529,-0.82340467,0
-1.8946455,-1.2289984,0.17295885,-0.98907506,-0.11546291,-0.091644064,0
-0.44627935,-1.2918504,-2.7005949,0.14706838,-0.8153311,-0.56000543,0
-1.6568699,2.2787738,0.71137094,-0.14706838,0.8153311,0.56000543,0
1.0719903,1.3473747,-0.88020086,0.0100604,0.56736529,-0.82340467,0
0.74185157,1.0657754,2.5651391,-0.0100604,-0.56736529,0.82340467,0
-1.9941281,1.9437466,1.1105777,-0.14706838,0.8153311,0.56000543,0
-1.9304544,0.30568135,-1.3741225,-0.98907506,-0.11546291,-0.091644064,0
-1.8310509,-1.0648284,-0.72022665,-0.98907506,-0.11546291,-0.091644064,0
1.8176186,1.3987653,0.44446754,0.98907506,0.11546291,0.091644064,0
-1.2489138,2.1329436,1.0308276,-0.14706838,0.8153311,0.56000543,0
2.2345223,-0.3418076,-1.8620352,0.98907506,0.11546291,0.091644064,0
-0.009908855,0.72923237,2.3240595,-0.0100604,-0.56736529,0.82340467,0
-0.87957537,-0.089841127,1.749053,-0.0100604,-0.56736529,0.82340467,0
-2.2840164,1.8004371,0.55846822,-0.98907506,-0.11546291,-0.091644064,0
2.226985,-1.6612899,-0.1182673,0.98907506,0.11546291,0.091644064,0
-1.657007,-2.0746198,-1.3263698,-0.98907506,-0.11546291,-0.091644064,0
-1.6993439,-1.2052211,-1.9648032,-0.98907506,-0.11546291,-0.091644064,0
1.1505572,1.5798213,-0.71907401,0.0100604,0.56736529,-0.82340467,0
-1.5203094,-3.098835,-0.35180545,0.14706838,-0.8153311,-0.56000543,0
-2.1333048,0.95857084,-0.0074242353,-0.98907506,-0.11546291,-0.091644064,0
0.015211195,1.9512426,-0.47701859,0.0100604,0.56736529,-0.82340467,0
-1.4134697,-1.7238784,-2.3255935,0.14706838,-0.8153311,-0.56000543,0
-0.12615253,0.68640804,2.2931314,-0.0100604,-0.56736529,0.82340467,0
2.2119627,-0.56986117,-1.3312366,0.98907506,0.11546291,0.091644064,0
-0.72684395,2.7090311,0.036067724,0.0100604,0.56736529,-0.82340467,0
-1.9727696,1.8491907,1.2538543,-0.14706838,0.8153311,0.56000543,0
-0.24986023,-2.442306,-0.97402346,0.14706838,-0.8153311,-0.56000543,0
-1.7051363,0.54076684,2.1734855,-0.0100604,-0.56736529,0.82340467,0
0.31807059,2.3649504,-0.1882534,0.0100604,0.56736529,-0.82340467,0
-1.7446342,-1.6806464,-0.87701404,-0.98907506,-0.11546291,-0.091644064,0
0.84574986,1.9593755,1.833631,-0.14706838,0.8153311,0.56000543,0
-1.9415282,-0.7328378,1.2930224,-0.0100604,-0.56736529,0.82340467,0
-0.86979169,2.7589002,0.21904063,-0.14706838,0.8153311,0.56000543,0
-1.8285911,-1.9879317,0.41625035,-0.98907506,-0.11546291,-0.091644064,0
1.7074392,2.1325445,0.70909095,0.98907506,0.11546291,0.091644064,0
-0.53174639,-2.6234121,-0.78437364,0.14706838,-0.8153311,-0.56000543,0
2.0325501,0.44032276,-0.66765022,0.98907506,0.11546291,0.091644064,0
2.1191158,-1.2264286,0.49803281,0.98907506,0.11546291,0.091644064,0
1.3298495,1.6324779,-0.68060064,0.0100604,0.56736529,-0.82340467,0
0.7224952,-1.5448196,-2.0253453,0.14706838,-0.8153311,-0.56000543,0
0.4520669,0.5946449,-1.4064422,0.0100604,0.56736529,-0.82340467,0
1.4111096,-1.1101489,1.0739994,-0.0100604,-0.56736529,0.82340467,0
-1.6193099,-1.4841497,-2.4771512,-0.98907506,-0.11546291,-0.091644064,0
-1.6413732,-2.8950825,-0.46139014,-0.98907506,-0.11546291,-0.091644064,0
-1.583975,-0.12608707,-1.9279376,0.0100604,0.56736529,-0.82340467,0
2.3072097,-2.3780055,-0.081100702,0.98907506,0.11546291,0.091644064,0
0.58169794,-0.073726416,-1.8653984,0.0100604,0.56736529,-0.82340467,0
0.071559846,-1.4333373,-2.3586044,0.14706838,-0.8153311,-0.56000543,0
-0.89926255,2.3786392,0.76493621,-0.14706838,0.8153311,0.56000543,0
-0.34126031,-0.15877998,1.708128,-0.0100604,-0.56736529,0.82340467,0
-0.91881967,2.689538,0.30715203,-0.14706838,0.8153311,0.56000543,0
0.90934241,-1.5287936,-1.9996083,0.14706838,-0.8153311,-0.56000543,0
2.0881228,-0.69671094,0.16513491,0.98907506,0.11546291,0.091644064,0
2.1619813,0.11593294,-1.6558444,0.98907506,0.11546291,0.091644064,0
-0.90823781,2.4689388,0.63110852,-0.14706838,0.8153311,0.56000543,0
1.8098643,-1.2399185,-2.1836967,0.14706838,-0.8153311,-0.56000543,0
-1.9978822,0.027294636,-0.29566216,-0.98907506,-0.11546291,-0.091644064,0
1.7288677,-0.58134007,-2.2011523,0.0100604,0.56736529,-0.82340467,0
1.1802859,0.30411518,2.0456753,-0.0100604,-0.56736529,0.82340467,0
-1.836082,-1.6095567,0.020375371,-0.98907506,-0.11546291,-0.091644064,0
-1.1510053,2.5312114,-0.091641188,0.0100604,0.56736529,-0.82340467,0
1.4689865,2.5900092,1.0791438,-0.14706838,0.8153311,0.56000543,0
1.6236129,1.7128778,2.1425352,0.98907506,0.11546291,0.091644064,0
-0.41497222,1.2041231,2.6021383,-0.14706838,0.8153311,0.56000543,0
0.75297207,-0.23390639,1.6697316,-0.0100604,-0.56736529,0.82340467,0
0.88789761,-2.4277542,-0.69641244,0.14706838,-0.8153311,-0.56000543,0
0.43278888,-1.4963696,-2.1719675,0.14706838,-0.8153311,-0.56000543,0
2.0956564,-1.1072223,0.60103554,0.98907506,0.11546291,0.091644064,0
-1.9578438,-0.1046049,-0.56159896,-0.98907506,-0.11546291,-0.091644064,0
1.5902417,0.17654693,-1.6806254,0.0100604,0.56736529,-0.82340467,0
0.051657587,-1.2385426,-2.6474395,0.14706838,-0.8153311,-0.56000543,0
1.2056035,2.9953446,0.41983247,-0.14706838,0.8153311,0.56000543,0
-1.6831595,0.21701515,1.9506735,-0.0100604,-0.56736529,0.82340467,0
-1.7286162,-1.835266,0.53599757,-0.0100604,-0.56736529,0.82340467,0
0.25902992,1.9519619,1.6903404,-0.14706838,0.8153311,0.56000543,0
1.6268314,1.3879075,2.5172329,0.98907506,0.11546291,0.091644064,0
-0.50623685,-1.1317301,1.0357028,-0.0100604,-0.56736529,0.82340467,0
-1.8471308,2.1820953,0.80216229,-0.14706838,0.8153311,0.56000543,0
0.93838918,0.034018159,1.8566098,-0.0100604,-0.56736529,0.82340467,0
0.49727905,2.2646437,-0.2551806,0.0100604,0.56736529,-0.82340467,0
2.0383725,-0.48505962,0.4354074,0.98907506,0.11546291,0.091644064,0
2.2359896,-1.8465914,-1.1885123,0.14706838,-0.8153311,-0.56000543,0
-0.4998405,0.29460001,-1.624818,0.0100604,0.56736529,-0.82340467,0
-1.8594416,-0.41890037,-1.2276266,-0.98907506,-0.11546291,-0.091644064,0
1.8285691,0.43845433,1.5361869,0.98907506,0.11546291,0.091644064,0
2.1708341,-2.0193064,-0.95416152,0.14706838,-0.8153311,-0.56000543,0
2.2775817,-1.3853639,-1.849106,0.14706838,-0.8153311,-0.56000543,0
1.6435157,-1.2476935,-2.2160633,0.14706838,-0.8153311,-0.56000543,0
-1.8704271,-1.1398395,-0.20075148,-0.98907506,-0.11546291,-0.091644064,0
-0.62278116,1.4599693,-0.82332474,0.0100604,0.56736529,-0.82340467,0
-1.4553577,-1.5662096,0.72472894,-0.0100604,-0.56736529,0.82340467,0
2.0649142,0.39739084,-0.96284509,0.98907506,0.11546291,0.091644064,0
0.46116343,-2.674644,-0.015619516,-0.0100604,-0.56736529,0.82340467,0
-0.13947159,-0.011748314,-1.8315036,0.0100604,0.56736529,-0.82340467,0
2.2288721,-2.1307254,0.38076508,-0.0100604,-0.56736529,0.82340467,0
-1.7232251,-0.74768949,-2.2835133,-0.98907506,-0.11546291,-0.091644064,0
-1.7351861,-0.634547,-2.2801385,0.0100604,0.56736529,-0.82340467,0
0.40495056,0.36619401,-1.5644314,0.0100604,0.56736529,-0.82340467,0
-1.6292667,-1.5376229,-2.3023224,-0.98907506,-0.11546291,-0.091644064,0
-0.49398851,-0.19916153,1.678437,-0.0100604,-0.56736529,0.82340467,0
-1.7170182,1.781423,1.4196849,-0.14706838,0.8153311,0.56000543,0
-0.38002473,1.6765163,1.923543,-0.14706838,0.8153311,0.56000543,0
-0.4503181,-0.55321378,-2.2083974,0.0100604,0.56736529,-0.82340467,0
0.67278707,1.7309337,2.1208041,-0.14706838,0.8153311,0.56000543,0
-2.1541924,1.4158801,-0.3581605,-0.98907506,-0.11546291,-0.091644064,0
-0.57815373,-2.6151052,-0.80865586,0.14706838,-0.8153311,-0.56000543,0
-2.1385901,1.3658853,1.9139675,-0.14706838,0.8153311,0.56000543,0
0.62815678,-0.32897627,-2.0407102,0.0100604,0.56736529,-0.82340467,0
-1.8080921,-1.6278573,0.6779412,-0.0100604,-0.56736529,0.82340467,0
-1.9419504,0.81006819,2.3561537,-0.0100604,-0.56736529,0.82340467,0
-0.34200633,1.5424138,2.1287718,-0.14706838,0.8153311,0.56000543,0
0.57836103,-1.6659105,-1.8868973,0.14706838,-0.8153311,-0.56000543,0
-2.3351731,1.1846142,1.8864602,-0.98907506,-0.11546291,-0.091644064,0
1.5500338,-1.4047055,-2.0120139,0.14706838,-0.8153311,-0.56000543,0
-1.9544615,2.1089361,0.88049018,-0.14706838,0.8153311,0.56000543,0
-0.53265905,-1.4408133,-2.5063996,0.14706838,-0.8153311,-0.56000543,0
-1.6409285,-2.5345764,-0.92039394,-0.98907506,-0.11546291,-0.091644064,0
-1.9415929,-1.2298137,0.6806702,-0.98907506,-0.11546291,-0.091644064,0
0.40123275,-1.8838243,-1.6161464,0.14706838,-0.8153311,-0.56000543,0
-1.8293585,-0.30391979,-1.6971669,-0.98907506,-0.11546291,-0.091644064,0
-2.198931,1.2296602,0.35930157,-0.98907506,-0.11546291,-0.091644064,0
2.1680574,-0.27525726,-1.2285564,0.98907506,0.11546291,0.091644064,0
-0.62340653,-1.3986906,-2.5915596,0.14706838,-0.8153311,-0.56000543,0
-0.26504982,2.4602025,0.81274211,-0.14706838,0.8153311,0.56000543,0
-1.5476061,-2.4414077,0.12054837,-0.0100604,-0.56736529,0.82340467,0
1.6258231,-2.5566745,-0.31491923,0.14706838,-0.8153311,-0.56000543,0
1.1814151,1.5027829,-0.77178019,0.0100604,0.56736529,-0.82340467,0
1.9276749,-0.34829521,1.4578109,0.98907506,0.11546291,0.091644064,0
2.3017905,-2.3787374,-0.021693945,0.98907506,0.11546291,0.091644064,0
-1.7065125,-1.3191006,-1.7439611,-0.98907506,-0.11546291,-0.091644064,0
0.090444177,-2.0931184,-1.3930471,0.14706838,-0.8153311,-0.56000543,0
-0.26066422,-2.4867074,-0.91221511,0.14706838,-0.8153311,-0.56000543,0
-1.9456404,0.44966435,-1.3916315,-0.98907506,-0.11546291,-0.091644064,0
0.76925778,-2.7568092,-0.24848652,0.14706838,-0.8153311,-0.56000543,0
-1.4596518,-2.9327357,-0.57770503,0.14706838,-0.8153311,-0.56000543,0
-1.1476095,-1.0330262,-2.5475309,0.0100604,0.56736529,-0.82340467,0
-1.8144619,-1.8327657,0.068266749,-0.98907506,-0.11546291,-0.091644064,0
-1.7856486,-2.0511332,0.032414198,-0.98907506,-0.11546291,-0.091644064,0
0.90432686,-1.394564,-2.1963549,0.14706838,-0.8153311,-0.56000543,0
0.65315449,2.2689035,1.3323991,-0.14706838,0.8153311,0.56000543,0
-1.611655,-2.1358984,-1.7386308,-0.98907506,-0.11546291,-0.091644064,0
-0.084777027,1.7970026,1.8256607,-0.14706838,0.8153311,0.56000543,0
-0.82952899,1.5892873,-0.73674428,0.0100604,0.56736529,-0.82340467,0
-2.2556524,2.5039825,0.22622991,-0.14706838,0.8153311,0.56000543,0
0.14151278,-2.6854229,-0.026952028,-0.0100604,-0.56736529,0.82340467,0
-2.2850113,1.9060271,0.43616998,-0.98907506,-0.11546291,-0.091644064,0
-1.7167829,1.8905809,-0.53997898,0.0100604,0.56736529,-0.82340467,0
1.8416889,1.6948996,-0.18841463,0.98907506,0.11546291,0.091644064,0
-1.2917949,-1.0994173,-2.5950391,0.0100604,0.56736529,-0.82340467,0
-0.58256781,-1.8274562,-1.9565798,0.14706838,-0.8153311,-0.56000543,0
-1.0037534,1.7423366,-0.63341463,0.0100604,0.56736529,-0.82340467,0
0.84340107,2.7403026,0.69603574,-0.14706838,0.8153311,0.56000543,0
1.7266448,1.8099678,0.90823281,0.98907506,0.11546291,0.091644064,0
1.4039634,0.67312711,2.3026752,-0.0100604,-0.56736529,0.82340467,0
2.0677428,-0.65968722,0.33844149,0.98907506,0.11546291,0.091644064,0
-2.0706711,0.76476175,-0.43922371,-0.98907506,-0.11546291,-0.091644064,0
-1.4245418,-0.93764317,1.158218,-0.0100604,-0.56736529,0.82340467,0
-1.2658117,1.6951835,1.6637396,-0.14706838,0.8153311,0.56000543,0
1.9310367,-0.10758686,1.1182588,0.98907506,0.11546291,0.091644064,0
1.8247086,-1.4998564,0.81052566,-0.0100604,-0.56736529,0.82340467,0
-0.64869952,-1.3160949,-2.718456,0.14706838,-0.8153311,-0.56000543,0
0.56578028,-1.5079275,-2.1202142,0.14706838,-0.8153311,-0.56000543,0
-1.2679707,1.1280872,-1.0598904,0.0100604,0.56736529,-0.82340467,0
-2.1237073,-0.095725,1.2173086,-0.98907506,-0.11546291,-0.091644064,0
2.0033817,-1.0569938,1.1178622,-0.0100604,-0.56736529,0.82340467,0
1.0141507,-0.16615868,1.7196041,-0.0100604,-0.56736529,0.82340467,0
0.23954958,2.1288366,1.4277065,-0.14706838,0.8153311,0.56000543,0
1.0776173,-1.9123282,0.51718473,-0.0100604,-0.56736529,0.82340467,0
-1.6486785,-2.82073,-0.47622406,-0.98907506,-0.11546291,-0.091644064,0
-1.6936786,-2.0094264,-1.0127261,-0.98907506,-0.11546291,-0.091644064,0
-0.75259554,0.60047156,2.226263,-0.0100604,-0.56736529,0.82340467,0
0.15020829,2.4018078,1.0068157,-0.14706838,0.8153311,0.56000543,0
1.077749,-2.2767048,0.26611328,-0.0100604,-0.56736529,0.82340467,0
1.6338582,2.9586794,0.46236908,0.98907506,0.11546291,0.091644064,0
-0.26840585,-2.9545894,-0.23304296,0.14706838,-0.8153311,-0.56000543,0
2.1874747,-1.1569157,-0.32731223,0.98907506,0.11546291,0.091644064,0
1.9446416,0.93512815,-0.34229523,0.98907506,0.11546291,0.091644064,0
0.24556059,1.542861,2.2824273,-0.14706838,0.8153311,0.56000543,0
1.1975719,1.8097868,2.1438174,-0.14706838,0.8153311,0.56000543,0
0.71445632,-1.7428354,-1.7391585,0.14706838,-0.8153311,-0.56000543,0
1.6488652,2.959384,0.29952002,0.98907506,0.11546291,0.091644064,0
-0.85908931,2.2559867,0.95406055,-0.14706838,0.8153311,0.56000543,0
0.14458771,-0.2862376,1.6262395,-0.0100604,-0.56736529,0.82340467,0
-1.5020899,1.4776626,-0.82187659,0.0100604,0.56736529,-0.82340467,0
-1.6580329,-1.6668767,0.65288824,-0.0100604,-0.56736529,0.82340467,0
1.6333187,2.2686467,1.337572,0.98907506,0.11546291,0.091644064,0
-0.018722862,-2.1235995,0.35821366,-0.0100604,-0.56736529,0.82340467,0
-1.9953161,0.47872305,-0.8921119,-0.98907506,-0.11546291,-0.091644064,0
-2.0928118,-0.51353025,1.4422873,-0.0100604,-0.56736529,0.82340467,0
-1.7880378,2.6320381,0.16259336,-0.14706838,0.8153311,0.56000543,0
-1.0213885,-2.7590528,-0.091894865,-0.0100604,-0.56736529,0.82340467,0
-0.85335034,-0.1360153,1.7175572,-0.0100604,-0.56736529,0.82340467,0
-1.0824616,-2.513525,0.076539159,-0.0100604,-0.56736529,0.82340467,0
1.1344928,2.9719682,0.23998594,0.0100604,0.56736529,-0.82340467,0
-2.2850361,1.6496823,0.75941241,-0.98907506,-0.11546291,-0.091644064,0
-1.058534,2.2058952,0.97461212,-0.14706838,0.8153311,0.56000543,0
1.7094293,-2.5808065,-0.25782824,0.14706838,-0.8153311,-0.56000543,0
1.4917983,-2.4113703,0.17838097,-0.0100604,-0.56736529,0.82340467,0
-1.6578939,-1.2014458,-2.4169111,-0.98907506,-0.11546291,-0.091644064,0
-1.1102655,1.1964908,2.4306531,-0.14706838,0.8153311,0.56000543,0
-0.77974951,1.9191092,-0.50887311,0.0100604,0.56736529,-0.82340467,0
2.0091755,-0.093349278,0.25700074,0.98907506,0.11546291,0.091644064,0
-1.2249572,-0.15566158,-1.9439294,0.0100604,0.56736529,-0.82340467,0
-1.9277959,-0.98417765,0.22228917,-0.98907506,-0.11546291,-0.091644064,0
0.2223891,1.5547998,2.2589598,-0.14706838,0.8153311,0.56000543,0
1.1857047,-1.9444603,-1.3218467,0.14706838,-0.8153311,-0.56000543,0
0.77572429,1.9022861,1.8983594,-0.14706838,0.8153311,0.56000543,0
1.0662123,-2.5603147,-0.45658422,0.14706838,-0.8153311,-0.56000543,0
-2.3046134,0.70312399,2.1632745,-0.98907506,-0.11546291,-0.091644064,0
0.90168846,1.4084256,-0.84021467,0.0100604,0.56736529,-0.82340467,0
-0.73865378,2.4058881,0.76744258,-0.14706838,0.8153311,0.56000543,0
-2.2129202,1.9951568,-0.45417202,-0.98907506,-0.11546291,-0.091644064,0
1.8490942,1.674446,-0.24256474,0.98907506,0.11546291,0.091644064,0
-1.9331343,-0.19297242,-0.71694225,-0.98907506,-0.11546291,-0.091644064,0
1.7605391,1.3251944,1.1531951,0.98907506,0.11546291,0.091644064,0
2.2761836,-1.7859713,-0.49216104,0.98907506,0.11546291,0.091644064,0
-1.8189543,-0.52271652,-1.5337926,-0.98907506,-0.11546291,-0.091644064,0
-0.40539056,1.2898207,-0.93790901,0.0100604,0.56736529,-0.82340467,0
1.9281681,1.3157924,-0.64410865,0.98907506,0.11546291,0.091644064,0
1.7231195,1.3952979,1.4687247,0.98907506,0.11546291,0.091644064,0
1.4714999,0.75864971,-1.2809793,0.0100604,0.56736529,-0.82340467,0
0.63601935,-1.9091538,-1.5176086,0.14706838,-0.8153311,-0.56000543,0
0.91219997,2.0978103,1.6495302,-0.14706838,0.8153311,0.56000543,0
1.4930522,-2.5849261,-0.30865479,0.14706838,-0.8153311,-0.56000543,0
-0.30376196,-2.0472913,-1.5632944,0.14706838,-0.8153311,-0.56000543,0
-1.4131722,-1.6588231,-2.4202318,0.14706838,-0.8153311,-0.56000543,0
-0.56298214,-1.872076,-1.8864729,0.14706838,-0.8153311,-0.56000543,0
-2.2792559,2.0387478,0.20684159,-0.98907506,-0.11546291,-0.091644064,0
-0.28964862,1.2141836,2.6204035,-0.14706838,0.8153311,0.56000543,0
-0.86325973,1.2647394,-0.96078575,0.0100604,0.56736529,-0.82340467,0
-0.33225715,0.2258625,1.9732751,-0.0100604,-0.56736529,0.82340467,0
2.1949663,-1.1954143,-0.35966206,0.98907506,0.11546291,0.091644064,0
-0.088382706,0.32414234,-1.5994349,0.0100604,0.56736529,-0.82340467,0
-2.0334961,0.69324279,-0.75032425,-0.98907506,-0.11546291,-0.091644064,0
2.163465,-0.30197257,-1.1453363,0.98907506,0.11546291,0.091644064,0
-1.7538527,-0.71671337,-1.9919884,-0.98907506,-0.11546291,-0.091644064,0
2.1717553,-2.5888162,-0.12475085,0.14706838,-0.8153311,-0.56000543,0
-1.6972589,-1.382391,-1.7640876,-0.98907506,-0.11546291,-0.091644064,0
1.3231437,-0.26418006,1.655838,-0.0100604,-0.56736529,0.82340467,0
-0.70904362,2.3340797,0.87976706,-0.14706838,0.8153311,0.56000543,0
1.722093,0.95054805,2.0401466,0.98907506,0.11546291,0.091644064,0
-0.33790019,0.61357987,-1.4030471,0.0100604,0.56736529,-0.82340467,0
2.3363893,-2.2485561,-0.55912006,0.98907506,0.11546291,0.091644064,0
2.2200327,-1.0780165,-0.77810162,0.98907506,0.11546291,0.091644064,0
-1.8979101,0.070274472,-1.4287677,-0.98907506,-0.11546291,-0.091644064,0
1.2871523,1.0076647,-1.1116486,0.0100604,0.56736529,-0.82340467,0
0.72451961,-2.0689087,-1.2617739,0.14706838,-0.8153311,-0.56000543,0
-2.1193445,1.9566678,-0.49936056,0.0100604,0.56736529,-0.82340467,0
-0.21508914,2.772192,0.085841417,0.0100604,0.56736529,-0.82340467,0
-2.032872,-0.77616894,1.0942545,-0.98907506,-0.11546291,-0.091644064,0
2.1077266,-1.7166296,-1.4114122,0.14706838,-0.8153311,-0.56000543,0
-1.3394511,-1.436197,-2.7249999,0.14706838,-0.8153311,-0.56000543,0
-2.1781733,1.7945588,-0.57644713,-0.98907506,-0.11546291,-0.091644064,0
0.30615813,-1.750088,0.61955035,-0.0100604,-0.56736529,0.82340467,0
0.10489607,0.34508049,-1.5826459,0.0100604,0.56736529,-0.82340467,0
-1.5520277,1.8082823,1.4239093,-0.14706838,0.8153311,0.56000543,0
0.3734231,1.3375278,2.614958,-0.14706838,0.8153311,0.56000543,0
-1.3984863,0.82945758,2.3761539,-0.0100604,-0.56736529,0.82340467,0
0.95337152,-1.8234006,-1.5591166,0.14706838,-0.8153311,-0.56000543,0
0.208386,-1.8321426,-1.7420371,0.14706838,-0.8153311,-0.56000543,0
-1.91137,0.27309251,-1.539034,-0.98907506,-0.11546291,-0.091644064,0
0.20509177,2.3370919,1.115451,-0.14706838,0.8153311,0.56000543,0
1.5601467,0.50348902,-1.4557145,0.0100604,0.56736529,-0.82340467,0
-1.2716424,-2.7966657,-0.726439,0.14706838,-0.8153311,-0.56000543,0
-1.2964767,0.0075960159,-1.8323108,0.0100604,0.56736529,-0.82340467,0
2.2563944,-0.78843564,-1.5353822,0.98907506,0.11546291,0.091644064,0
1.6895359,-0.89246416,1.2273966,-0.0100604,-0.56736529,0.82340467,0
0.29924092,-0.32430971,-2.0415132,0.0100604,0.56736529,-0.82340467,0
-0.86108249,1.0079983,-1.1376657,0.0100604,0.56736529,-0.82340467,0
-1.2251376,-1.5508684,-2.5280252,0.14706838,-0.8153311,-0.56000543,0
-0.97840416,2.5854907,0.44298935,-0.14706838,0.8153311,0.56000543,0
-1.9826155,-0.83965272,0.63184243,-0.98907506,-0.11546291,-0.091644064,0
1.8996992,1.509393,-0.58077264,0.98907506,0.11546291,0.091644064,0
-1.9918119,0.68454683,-1.1892525,-0.98907506,-0.11546291,-0.091644064,0
0.77018631,0.52026069,-1.4538097,0.0100604,0.56736529,-0.82340467,0
-2.2735372,1.6128868,1.5189097,-0.14706838,0.8153311,0.56000543,0
1.5967118,-2.2334719,-0.79312599,0.14706838,-0.8153311,-0.56000543,0
0.7795378,-2.0840507,0.3952179,-0.0100604,-0.56736529,0.82340467,0
-0.26630396,1.3853656,2.3773048,-0.14706838,0.8153311,0.56000543,0
-2.347496,1.3027138,1.9510784,-0.14706838,0.8153311,0.56000543,0
-1.1841409,-2.1416161,-1.6571689,0.14706838,-0.8153311,-0.56000543,0
1.2630814,-1.5633774,0.75989461,-0.0100604,-0.56736529,0.82340467,0
-1.4879184,-1.6815333,0.64486766,-0.0100604,-0.56736529,0.82340467,0
2.0432124,-0.99182248,1.0216472,0.98907506,0.11546291,0.091644064,0
-1.0410042,-2.5772107,-0.98538101,0.14706838,-0.8153311,-0.56000543,0
1.5217283,1.8646739,-0.51826185,0.0100604,0.56736529,-0.82340467,0
-0.07279633,0.76178068,2.3457186,-0.0100604,-0.56736529,0.82340467,0
2.1715701,-0.36468264,-1.1537957,0.98907506,0.11546291,0.091644064,0
0.81394529,1.8551632,-0.533463,0.0100604,0.56736529,-0.82340467,0
-1.688059,1.5156275,1.8142711,-0.14706838,0.8153311,0.56000543,0
-2.0590329,0.19819528,0.14899528,-0.98907506,-0.11546291,-0.091644064,0
0.44051647,0.55481625,2.2093818,-0.0100604,-0.56736529,0.82340467,0
-0.69894964,0.012539864,1.8218052,-0.0100604,-0.56736529,0.82340467,0
-0.36915821,1.5878289,-0.73212439,0.0100604,0.56736529,-0.82340467,0
1.810479,-0.46245205,1.5251732,-0.0100604,-0.56736529,0.82340467,0
1.8749888,0.057701707,1.5149122,0.98907506,0.11546291,0.091644064,0
0.75514227,-2.5668294,0.062262058,-0.0100604,-0.56736529,0.82340467,0
-1.8415143,-1.1242298,-0.53246027,-0.98907506,-0.11546291,-0.091644064,0
-2.1138787,1.7179327,1.4078993,-0.14706838,0.8153311,0.56000543,0
2.0602093,0.33600521,-0.83473307,0.98907506,0.11546291,0.091644064,0
0.58116984,1.4509497,2.5043817,-0.14706838,0.8153311,0.56000543,0
-1.419136,2.3649256,0.64837289,-0.14706838,0.8153311,0.56000543,0
0.073487222,-2.6946616,-0.52169287,0.14706838,-0.8153311,-0.56000543,0
-0.48920572,-2.0167503,-1.6564615,0.14706838,-0.8153311,-0.56000543,0
0.9830941,-0.90461516,1.2103926,-0.0100604,-0.56736529,0.82340467,0
0.034550473,-1.4374449,0.83165801,-0.0100604,-0.56736529,0.82340467,0
1.7997572,1.2689724,0.80076325,0.98907506,0.11546291,0.091644064,0
0.33930105,2.4328456,1.0112859,-0.14706838,0.8153311,0.56000543,0
0.51377034,-0.10149813,-1.8853643,0.0100604,0.56736529,-0.82340467,0
2.0173392,0.51038623,-0.59175766,0.98907506,0.11546291,0.091644064,0
-1.428418,1.549906,1.8325504,-0.14706838,0.8153311,0.56000543,0
-1.9775541,-0.99739408,0.77595764,-0.98907506,-0.11546291,-0.091644064,0
-1.1404078,-1.1403219,-2.6213746,0.0100604,0.56736529,-0.82340467,0
-0.64620799,1.5452774,2.0447133,-0.14706838,0.8153311,0.56000543,0
-2.1316919,2.6368041,0.065404654,-0.14706838,0.8153311,0.56000543,0
-2.0190496,-0.70110512,0.85050309,-0.98907506,-0.11546291,-0.091644064,0
0.65855944,-2.7950625,-0.09618187,-0.0100604,-0.56736529,0.82340467,0
1.4829268,2.5315998,1.1678448,-0.14706838,0.8153311,0.56000543,0
-2.1801281,0.032376885,1.6648366,-0.98907506,-0.11546291,-0.091644064,0
1.6191819,2.3118708,1.4356807,0.98907506,0.11546291,0.091644064,0
0.40800869,0.26660001,2.0103898,-0.0100604,-0.56736529,0.82340467,0
1.8674643,1.4982216,-0.21880007,0.98907506,0.11546291,0.091644064,0
1.9581892,0.91965389,-0.4690181,0.98907506,0.11546291,0.091644064,0
-1.6778712,-1.143011,-2.2749281,-0.98907506,-0.11546291,-0.091644064,0
0.57751173,-2.6231055,0.021314859,-0.0100604,-0.56736529,0.82340467,0
0.70100963,1.4319128,2.5635703,-0.14706838,0.8153311,0.56000543,0
2.0917466,-0.17169344,-0.53544867,0.98907506,0.11546291,0.091644064,0
1.2650354,-1.7365215,-1.6037581,0.14706838,-0.8153311,-0.56000543,0
0.1565374,-1.4881718,0.79819489,-0.0100604,-0.56736529,0.82340467,0
-2.1767821,1.3285745,1.9582596,-0.14706838,0.8153311,0.56000543,0
-1.8669609,2.4767017,0.36802649,-0.14706838,0.8153311,0.56000543,0
-0.45248935,2.3864658,0.87087202,-0.14706838,0.8153311,0.56000543,0
-1.9678648,-0.56239522,0.12332837,-0.98907506,-0.11546291,-0.091644064,0
1.9114484,-0.0060477257,1.2017363,0.98907506,0.11546291,0.091644064,0
-1.4347845,2.7463684,0.088907957,-0.14706838,0.8153311,0.56000543,0
-0.80550969,-2.0405102,0.40585291,-0.0100604,-0.56736529,0.82340467,0
-2.0555334,0.63848692,-0.44350511,-0.98907506,-0.11546291,-0.091644064,0
-1.5430512,1.2404233,2.2530322,-0.14706838,0.8153311,0.56000543,0
2.0652704,-0.55231696,0.22985125,0.98907506,0.11546291,0.091644064,0
-1.8465673,-0.55470115,-1.1954782,-0.98907506,-0.11546291,-0.091644064,0
-1.3376112,-0.50697863,-2.1873803,0.0100604,0.56736529,-0.82340467,0
1.2916687,-2.329169,-0.73390758,0.14706838,-0.8153311,-0.56000543,0
0.86845076,-1.2409908,0.97721297,-0.0100604,-0.56736529,0.82340467,0
-1.7732871,-2.063139,-0.085869551,-0.98907506,-0.11546291,-0.091644064,0
-0.55359566,2.7809019,0.087706804,0.0100604,0.56736529,-0.82340467,0
0.43921918,1.7446411,2.0395074,-0.14706838,0.8153311,0.56000543,0
1.6017768,1.4492068,2.7104039,0.98907506,0.11546291,0.091644064,0
-1.5603552,-2.7507129,-0.86916518,0.14706838,-0.8153311,-0.56000543,0
-1.9362264,-0.2573427,-0.60246933,-0.98907506,-0.11546291,-0.091644064,0
-2.1366696,1.3272555,-0.43561876,-0.98907506,-0.11546291,-0.091644064,0
-0.33596718,-2.3344674,-1.1536429,0.14706838,-0.8153311,-0.56000543,0
0.18997693,1.4398868,2.4177535,-0.14706838,0.8153311,0.56000543,0
0.90785706,-2.0364356,0.42959452,-0.0100604,-0.56736529,0.82340467,0
-1.6642315,-2.4812913,-0.73602641,-0.98907506,-0.11546291,-0.091644064,0
-1.2820876,-0.5140022,1.4518677,-0.0100604,-0.56736529,0.82340467,0
-0.96681094,-2.8919077,-0.50771821,0.14706838,-0.8153311,-0.56000543,0
1.9144932,-2.4952021,-0.32860875,0.14706838,-0.8153311,-0.56000543,0
-2.2580678,0.39918572,2.04386,-0.98907506,-0.11546291,-0.091644064,0
2.1537008,-1.2450178,0.14819872,0.98907506,0.11546291,0.091644064,0
-1.2894002,-2.0395243,-1.8334507,0.14706838,-0.8153311,-0.56000543,0
-1.6543238,-1.8401154,-1.6507798,-0.98907506,-0.11546291,-0.091644064,0
-1.9068731,0.1349411,-1.4135088,-0.98907506,-0.11546291,-0.091644064,0
0.28083417,-2.4633141,-0.80406654,0.14706838,-0.8153311,-0.56000543,0
0.64967304,-0.70241034,1.3456478,-0.0100604,-0.56736529,0.82340467,0
-1.8378768,-0.71626478,-1.0857145,-0.98907506,-0.11546291,-0.091644064,0
0.88317817,-2.2037659,0.31399477,-0.0100604,-0.56736529,0.82340467,0
2.170836,-0.016257286,-1.5848603,0.98907506,0.11546291,0.091644064,0
-0.71802199,-1.7388006,-2.1212296,0.14706838,-0.8153311,-0.56000543,0
2.339294,-1.3576361,-1.7129457,0.98907506,0.11546291,0.091644064,0
-2.2917945,2.0150492,0.37202251,-0.98907506,-0.11546291,-0.091644064,0
-1.9814323,2.124887,0.85018373,-0.14706838,0.8153311,0.56000543,0
1.1911842,0.70130408,-1.3239182,0.0100604,0.56736529,-0.82340467,0
-0.035529017,1.3108287,2.5464315,-0.14706838,0.8153311,0.56000543,0
-0.808635,-1.801841,-2.0532436,0.14706838,-0.8153311,-0.56000543,0
1.8949184,1.1647513,-0.094960928,0.98907506,0.11546291,0.091644064,0
0.38884604,1.1175003,2.596467,-0.0100604,-0.56736529,0.82340467,0
-1.620542,-1.8166287,-2.0449624,-0.98907506,-0.11546291,-0.091644064,0
1.1949596,0.53368676,2.2040405,-0.0100604,-0.56736529,0.82340467,0
-1.0040777,-1.4808124,-2.5719674,0.14706838,-0.8153311,-0.56000543,0
-1.074807,-0.08286953,-1.8919377,0.0100604,0.56736529,-0.82340467,0
1.7218817,-1.3967122,-1.9785216,0.14706838,-0.8153311,-0.56000543,0
-0.24897537,-1.1660669,1.0151864,-0.0100604,-0.56736529,0.82340467,0
0.00245139,1.4981009,2.2837498,-0.14706838,0.8153311,0.56000543,0
-1.5353525,-2.5025105,-1.2239649,0.14706838,-0.8153311,-0.56000543,0
1.3872803,0.9351638,2.4830272,-0.0100604,-0.56736529,0.82340467,0
0.27569917,-2.05796,0.40703928,-0.0100604,-0.56736529,0.82340467,0
1.8404137,1.0209141,-1.0957592,0.0100604,0.56736529,-0.82340467,0
-1.7768224,1.656003,1.5865824,-0.14706838,0.8153311,0.56000543,0
-1.9747527,-1.0328339,0.79037213,-0.98907506,-0.11546291,-0.091644064,0
2.3500824,-1.4496802,-1.7364258,0.14706838,-0.8153311,-0.56000543,0
1.9216802,-0.83486366,1.2699225,-0.0100604,-0.56736529,0.82340467,0
0.85249144,-1.0428039,-2.5298309,0.0100604,0.56736529,-0.82340467,0
-1.9131776,0.033736229,-1.2179574,-0.98907506,-0.11546291,-0.091644064,0
2.035563,-0.8451339,0.91938668,0.98907506,0.11546291,0.091644064,0
-1.3126411,-2.1977479,-1.6091914,0.14706838,-0.8153311,-0.56000543,0
-0.62248671,0.99395621,2.4989827,-0.0100604,-0.56736529,0.82340467,0
1.6777704,-1.0375254,-2.5130582,0.14706838,-0.8153311,-0.56000543,0
-1.4326284,2.1640532,-0.34807169,0.0100604,0.56736529,-0.82340467,0
0.89864814,2.0985646,-0.36471272,0.0100604,0.56736529,-0.82340467,0
-0.54619598,-2.6128855,-0.80349481,0.14706838,-0.8153311,-0.56000543,0
-0.35399759,2.0370793,-0.42238414,0.0100604,0.56736529,-0.82340467,0
0.12727693,-1.5101957,-2.2320714,0.14706838,-0.8153311,-0.56000543,0
2.0068297,-1.2881037,0.95865858,-0.0100604,-0.56736529,0.82340467,0
-1.7841554,-0.96656609,-1.3501513,-0.98907506,-0.11546291,-0.091644064,0
2.2291412,-0.71171647,-1.3379055,0.98907506,0.11546291,0.091644064,0
1.2417014,1.824482,2.1340117,-0.14706838,0.8153311,0.56000543,0
-2.2677064,2.0757477,0.035574913,-0.98907506,-0.11546291,-0.091644064,0
-0.22340679,-2.462199,-0.93811345,0.14706838,-0.8153311,-0.56000543,0
-2.3066778,1.0313368,1.772036,-0.98907506,-0.11546291,-0.091644064,0
-2.0961342,0.55685002,0.097539723,-0.98907506,-0.11546291,-0.091644064,0
0.80708122,-1.9963635,0.45597529,-0.0100604,-0.56736529,0.82340467,0
-2.1795816,0.48141727,1.0931944,-0.98907506,-0.11546291,-0.091644064,0
1.1803975,1.7365786,2.2458935,-0.14706838,0.8153311,0.56000543,0
-1.3927017,-2.667496,-0.033344626,-0.0100604,-0.56736529,0.82340467,0
1.7841721,-1.6388443,-1.6096342,0.14706838,-0.8153311,-0.56000543,0
-0.98503721,-2.1173811,-1.6401646,0.14706838,-0.8153311,-0.56000543,0
-0.07983315,-0.53237891,1.4538944,-0.0100604,-0.56736529,0.82340467,0
1.5530136,-0.10918975,-1.8779666,0.0100604,0.56736529,-0.82340467,0
-1.0598314,2.763948,0.1617825,-0.14706838,0.8153311,0.56000543,0
-1.8099641,0.44536936,-1.5369377,0.0100604,0.56736529,-0.82340467,0
2.1915803,-2.3372507,-0.4858067,0.14706838,-0.8153311,-0.56000543,0
-2.0031619,-0.8377018,0.85113138,-0.98907506,-0.11546291,-0.091644064,0
-1.8209599,-0.54492879,1.4239739,-0.0100604,-0.56736529,0.82340467,0
0.39732182,2.0489483,1.5854528,-0.14706838,0.8153311,0.56000543,0
-2.1301405,-0.1787852,1.3913834,-0.98907506,-0.11546291,-0.091644064,0
-0.8609851,-0.81824303,1.2473763,-0.0100604,-0.56736529,0.82340467,0
0.71647453,2.9574394,0.34656501,-0.14706838,0.8153311,0.56000543,0
-0.99265385,2.4824679,0.58924186,-0.14706838,0.8153311,0.56000543,0
-1.4770266,0.53565103,2.1727474,-0.0100604,-0.56736529,0.82340467,0
-1.7181972,2.0807981,-0.40892744,0.0100604,0.56736529,-0.82340467,0
-2.2614913,1.1310253,1.1587617,-0.98907506,-0.11546291,-0.091644064,0
-0.57819611,1.539022,2.0716817,-0.14706838,0.8153311,0.56000543,0
1.8290057,1.5148633,0.17529905,0.98907506,0.11546291,0.091644064,0
-0.59640193,-1.2218947,-2.6709356,0.0100604,0.56736529,-0.82340467,0
0.31411964,1.0271702,2.5333121,-0.0100604,-0.56736529,0.82340467,0
1.2038496,-2.1953745,-0.95176721,0.14706838,-0.8153311,-0.56000543,0
-0.41107094,-2.7737699,-0.53377116,0.14706838,-0.8153311,-0.56000543,0
-0.34072798,-2.1885424,-1.3673502,0.14706838,-0.8153311,-0.56000543,0
2.0842402,-1.0858216,0.69728208,0.98907506,0.11546291,0.091644064,0
1.6750624,-1.8446662,0.57110655,-0.0100604,-0.56736529,0.82340467,0
1.7291746,1.0206246,1.8754253,0.98907506,0.11546291,0.091644064,0
2.0746379,0.056410402,-0.63818771,0.98907506,0.11546291,0.091644064,0
0.64526433,1.4748337,-0.79758924,0.0100604,0.56736529,-0.82340467,0
2.0556836,-1.0387874,0.94622189,0.98907506,0.11546291,0.091644064,0
1.2988303,0.17961943,1.9613401,-0.0100604,-0.56736529,0.82340467,0
-1.6156404,-3.116189,-0.35157442,0.14706838,-0.8153311,-0.56000543,0
0.7658363,-2.3183165,-0.88780224,0.14706838,-0.8153311,-0.56000543,0
-1.8932686,-1.3215556,0.27471405,-0.98907506,-0.11546291,-0.091644064,0
0.31499887,-1.8085997,0.57934105,-0.0100604,-0.56736529,0.82340467,0
-2.2021298,2.0166714,0.94977903,-0.14706838,0.8153311,0.56000543,0
-1.7537849,-1.1235021,-1.4802008,-0.98907506,-0.11546291,-0.091644064,0
-1.9865811,-0.25965962,-0.056097068,-0.98907506,-0.11546291,-0.091644064,0
-2.2192919,1.0159442,0.84831274,-0.98907506,-0.11546291,-0.091644064,0
0.5388515,1.6766601,2.1646485,-0.14706838,0.8153311,0.56000543,0
1.5645092,1.5777557,2.5780044,-0.14706838,0.8153311,0.56000543,0
-1.1326725,1.2671319,2.3219197,-0.14706838,0.8153311,0.56000543,0
2.1401291,0.22653389,-1.5593483,0.98907506,0.11546291,0.091644064,0
0.69926941,2.789609,0.58639717,-0.14706838,0.8153311,0.56000543,0
1.8958386,-0.21759582,1.6367391,0.98907506,0.11546291,0.091644064,0
-2.0069442,0.72385907,-1.0754648,-0.98907506,-0.11546291,-0.091644064,0
-2.2456288,1.4778342,0.55062175,-0.98907506,-0.11546291,-0.091644064,0
0.014964625,-1.2259952,0.97711772,-0.0100604,-0.56736529,0.82340467,0
-2.2997591,2.4565866,-0.098311901,-0.98907506,-0.11546291,-0.091644064,0
1.7402639,-1.4126612,-1.9504733,0.14706838,-0.8153311,-0.56000543,0
-1.0333797,2.4115441,0.68180668,-0.14706838,0.8153311,0.56000543,0
-1.8949218,0.69783449,2.2793937,-0.0100604,-0.56736529,0.82340467,0
1.8562063,-2.6235039,-0.15711665,0.14706838,-0.8153311,-0.56000543,0
2.2102506,-1.2795947,-2.0207815,0.14706838,-0.8153311,-0.56000543,0
0.33868027,2.69155,0.63446629,-0.14706838,0.8153311,0.56000543,0
-1.2947999,-2.088408,0.366871,-0.0100604,-0.56736529,0.82340467,0
-1.5847446,1.6961668,1.57855,-0.14706838,0.8153311,0.56000543,0
-1.7173395,-2.5068829,-0.13061535,-0.98907506,-0.11546291,-0.091644064,0
-0.71735537,2.6035047,0.4853189,-0.14706838,0.8153311,0.56000543,0
1.8574932,-1.4716779,0.83034241,-0.0100604,-0.56736529,0.82340467,0
0.36025637,1.3272289,2.6264946,-0.14706838,0.8153311,0.56000543,0
1.7109189,1.778502,1.117599,0.98907506,0.11546291,0.091644064,0
-0.44438556,1.1185166,2.5869865,-0.0100604,-0.56736529,0.82340467,0
-1.1326635,-2.9715307,-0.23966169,-0.0100604,-0.56736529,0.82340467,0
0.67036039,-1.412295,0.85675597,-0.0100604,-0.56736529,0.82340467,0
0.64723301,-1.5266674,-2.0715392,0.14706838,-0.8153311,-0.56000543,0
2.0585051,-2.5873547,0.064043283,-0.0100604,-0.56736529,0.82340467,0
-2.3248084,1.5681865,1.291332,-0.98907506,-0.11546291,-0.091644064,0
1.9348679,0.51544428,0.2919476,0.98907506,0.11546291,0.091644064,0
0.24619567,1.8993742,1.7635341,-0.14706838,0.8153311,0.56000543,0
-2.2971911,1.6544338,0.88460743,-0.98907506,-0.11546291,-0.091644064,0
2.0428646,-0.6248343,0.56303048,0.98907506,0.11546291,0.091644064,0
2.2583096,-2.5300126,-0.18763375,0.14706838,-0.8153311,-0.56000543,0
0.91380346,2.1661944,-0.3179276,0.0100604,0.56736529,-0.82340467,0
-0.011848032,-1.48155,-2.3103147,0.14706838,-0.8153311,-0.56000543,0
1.931869,1.1559519,-0.48266789,0.98907506,0.11546291,0.091644064,0
-1.8002418,-0.46908236,1.4764888,-0.0100604,-0.56736529,0.82340467,0
-1.7577655,-1.1257107,-1.4344585,-0.98907506,-0.11546291,-0.091644064,0
-1.5141274,1.4369148,-0.8501007,0.0100604,0.56736529,-0.82340467,0
2.3248858,-1.7342311,-1.0829682,0.98907506,0.11546291,0.091644064,0
2.0040302,0.10263929,0.065606862,0.98907506,0.11546291,0.091644064,0
