0.29881382,-1.8553019,1.0632558,-0.080888391,-0.66608733,0.74147457,0
-0.30485678,-2.1623619,0.72155988,-0.080888391,-0.66608733,0.74147457,0
-1.9642589,1.2341638,-1.7055707,-0.89046913,-0.285923,-0.35399526,0
2.3803911,1.0777922,-1.4694359,0.080888391,0.66608733,-0.74147457,0
-1.2087307,-0.13495576,-2.5002475,-0.89046913,-0.285923,-0.35399526,0
1.9430094,0.34849691,-1.5263175,0.44779637,-0.68889439,-0.57000238,0
1.7221097,1.9537449,-0.26019096,0.89046913,0.285923,0.35399526,0
-1.8840268,0.30524909,-1.1571059,-0.89046913,-0.285923,-0.35399526,0
-0.85612512,-1.8211195,0.96796882,-0.080888391,-0.66608733,0.74147457,0
0.67059016,-0.82477337,2.029566,-0.080888391,-0.66608733,0.74147457,0
-0.073868513,-1.2120017,1.600494,-0.080888391,-0.66608733,0.74147457,0
-1.9710642,-0.20103323,-0.52923822,-0.89046913,-0.285923,-0.35399526,0
-0.77510691,-1.2459819,1.4934695,-0.080888391,-0.66608733,0.74147457,0
-2.2333646,-1.114463,0.86835396,-0.89046913,-0.285923,-0.35399526,0
1.6013432,1.1802948,0.66831315,0.89046913,0.285923,0.35399526,0
0.39766955,-2.1836827,0.32000273,0.44779637,-0.68889439,-0.57000238,0
-0.030919313,1.9754138,-0.92613107,0.080888391,0.66608733,-0.74147457,0
-1.4151835,-1.8287097,-0.61286759,-0.89046913,-0.285923,-0.35399526,0
-1.7748293,0.37624511,-1.4891342,-0.89046913,-0.285923,-0.35399526,0
-1.3841004,-1.7086645,-0.78801823,-0.89046913,-0.285923,-0.35399526,0
-1.9695309,0.51827401,-1.1140823,-0.89046913,-0.285923,-0.35399526,0
0.94339561,1.9439368,-0.84811795,0.080888391,0.66608733,-0.74147457,0
-2.3357854,-0.68446457,0.77868092,-0.89046913,-0.285923,-0.35399526,0
-1.4288988,0.81392038,-2.1220407,0.080888391,0.66608733,-0.74147457,0
-1.7474241,0.39680707,-1.5746794,-0.89046913,-0.285923,-0.35399526,0
-0.090994239,0.80800587,-1.9813998,0.080888391,0.66608733,-0.74147457,0
-0.54884577,-0.2066772,2.4501779,-0.44779637,0.68889439,0.57000238,0
-2.1086137,-0.63663387,0.16860116,-0.89046913,-0.285923,-0.35399526,0
0.45687652,0.85575396,-1.8787384,0.080888391,0.66608733,-0.74147457,0
-1.6532474,1.8927529,-1.1773697,0.080888391,0.66608733,-0.74147457,0
-0.98469877,-0.66184258,1.9953537,-0.080888391,-0.66608733,0.74147457,0
2.0575411,-0.63797665,0.98937804,0.89046913,0.285923,0.35399526,0
0.85322356,-1.5452313,-0.093733251,0.44779637,-0.68889439,-0.57000238,0
-2.213151,1.4594322,-1.261436,-0.89046913,-0.285923,-0.35399526,0
-2.1699133,-0.51312399,0.22303951,-0.89046913,-0.285923,-0.35399526,0
1.8432289,1.586156,-1.0713587,0.080888391,0.66608733,-0.74147457,0
2.35395,0.73839426,-1.674704,0.44779637,-0.68889439,-0.57000238,0
-0.43917906,-0.11053419,2.420136,-0.44779637,0.68889439,0.57000238,0
1.4787204,0.22113255,1.751487,0.89046913,0.285923,0.35399526,0
0.3659445,0.2196517,-2.4600871,0.080888391,0.66608733,-0.74147457,0
-0.7866075,-0.3356185,2.31002,-0.080888391,-0.66608733,0.74147457,0
-0.89327514,1.3217022,-1.6074541,0.080888391,0.66608733,-0.74147457,0
2.3704424,-0.46309972,-0.20964372,0.44779637,-0.68889439,-0.57000238,0
-2.3843279,-0.21463847,1.017837,-0.44779637,0.68889439,0.57000238,0
0.39856195,2.3893549,-0.50742328,0.080888391,0.66608733,-0.74147457,0
-0.247931,-2.3317485,0.57560527,-0.080888391,-0.66608733,0.74147457,0
-1.3302073,-0.54090929,2.0662992,-0.080888391,-0.66608733,0.74147457,0
-1.3817927,0.14748549,1.3677765,-0.44779637,0.68889439,0.57000238,0
-0.90810847,-2.2580674,-0.61592269,0.44779637,-0.68889439,-0.57000238,0
-2.1973062,1.0553051,-0.37006807,-0.44779637,0.68889439,0.57000238,0
-2.5091481,-0.97903967,1.4527016,-0.89046913,-0.285923,-0.35399526,0
0.60530436,0.030778408,-2.1932361,0.44779637,-0.68889439,-0.57000238,0
2.07394,-1.696208,1.047735,0.44779637,-0.68889439,-0.57000238,0
2.1012297,0.50731075,-0.045572162,0.89046913,0.285923,0.35399526,0
1.6674211,-1.6574756,0.68156064,0.44779637,-0.68889439,-0.57000238,0
1.0485442,1.3065777,-1.4092047,0.080888391,0.66608733,-0.74147457,0
0.41890109,-0.66793299,2.143003,-0.080888391,-0.66608733,0.74147457,0
1.6338241,-0.53573126,1.9726478,0.89046913,0.285923,0.35399526,0
-1.9714682,0.84870714,-1.3761013,-0.89046913,-0.285923,-0.35399526,0
-0.47923797,0.57734621,1.5573059,-0.44779637,0.68889439,0.57000238,0
-0.51959872,0.72255909,1.3500965,-0.44779637,0.68889439,0.57000238,0
-0.25210106,-0.32201254,2.3805525,-0.080888391,-0.66608733,0.74147457,0
-1.7828062,-1.4572827,0.011878014,-0.89046913,-0.285923,-0.35399526,0
2.2212582,-0.4177134,-0.38169658,0.44779637,-0.68889439,-0.57000238,0
0.4626739,-0.30928791,2.4699593,-0.080888391,-0.66608733,0.74147457,0
1.6453491,0.45693359,1.1418782,0.89046913,0.285923,0.35399526,0
0.48197222,-0.78297925,2.0465343,-0.080888391,-0.66608733,0.74147457,0
-1.5644748,-0.81491637,-1.056172,-0.89046913,-0.285923,-0.35399526,0
1.6014099,-1.7697469,0.76539087,0.44779637,-0.68889439,-0.57000238,0
1.8071717,0.78837961,0.46710622,0.89046913,0.285923,0.35399526,0
1.1403506,0.01786983,2.7668273,0.89046913,0.285923,0.35399526,0
-0.64622939,0.74996102,-2.0941145,0.080888391,0.66608733,-0.74147457,0
-1.1595911,-2.1703768,-0.91946983,0.44779637,-0.68889439,-0.57000238,0
1.6508391,0.035820767,1.4682026,0.89046913,0.285923,0.35399526,0
0.24356556,-1.0946122,1.7405777,-0.080888391,-0.66608733,0.74147457,0
-0.45126247,-2.6597316,0.25878692,-0.080888391,-0.66608733,0.74147457,0
-0.18054378,-0.67263722,2.0733829,-0.080888391,-0.66608733,0.74147457,0
-2.2684691,1.1013112,-0.83302909,-0.89046913,-0.285923,-0.35399526,0
-1.2047468,-2.0105302,-0.99536085,-0.89046913,-0.285923,-0.35399526,0
1.6607821,1.0301001,0.64010811,0.89046913,0.285923,0.35399526,0
1.5423942,0.22790258,1.5858489,0.89046913,0.285923,0.35399526,0
-2.4616418,0.22413397,0.42680681,-0.44779637,0.68889439,0.57000238,0
0.39516592,2.4316661,-0.4697845,0.080888391,0.66608733,-0.74147457,0
-0.72720385,1.9003859,-0.23649842,-0.44779637,0.68889439,0.57000238,0
2.4450648,0.65746522,-1.0317649,0.89046913,0.285923,0.35399526,0
1.8755399,-1.7888881,1.2949245,-0.080888391,-0.66608733,0.74147457,0
-1.8527899,1.5162152,-0.65646219,-0.44779637,0.68889439,0.57000238,0
-0.90526164,1.952961,-1.0416843,0.080888391,0.66608733,-0.74147457,0
-1.1071692,-2.16694,-0.88244057,0.44779637,-0.68889439,-0.57000238,0
0.55894345,-0.10351086,-2.067358,0.44779637,-0.68889439,-0.57000238,0
-1.6903194,1.9222324,-1.1549315,0.080888391,0.66608733,-0.74147457,0
2.2568204,1.2021236,-0.99816084,0.89046913,0.285923,0.35399526,0
0.59325123,1.8568556,0.85346663,-0.44779637,0.68889439,0.57000238,0
-1.1519648,-1.8879049,-1.2271781,-0.89046913,-0.285923,-0.35399526,0
-1.3157097,1.2509292,-1.7171154,0.080888391,0.66608733,-0.74147457,0
-1.0257833,0.43864584,-2.4151838,0.080888391,0.66608733,-0.74147457,0
-2.0485814,0.47293615,-0.87861276,-0.89046913,-0.285923,-0.35399526,0
-0.64962757,-1.4632984,1.3119367,-0.080888391,-0.66608733,0.74147457,0
-2.2241416,-0.096387625,1.0007645,-0.44779637,0.68889439,0.57000238,0
-0.56025267,-2.6448553,0.26026118,-0.080888391,-0.66608733,0.74147457,0
-2.1666405,-0.26852787,0.017246127,-0.89046913,-0.285923,-0.35399526,0
1.4900658,0.7481209,1.2972978,0.89046913,0.285923,0.35399526,0
-0.19667479,0.96669805,1.3087255,-0.44779637,0.68889439,0.57000238,0
-0.9850558,1.4494529,-1.5027045,0.080888391,0.66608733,-0.74147457,0
1.013189,-0.8691678,-0.78514135,0.44779637,-0.68889439,-0.57000238,0
-2.0709722,-0.32106376,-0.18097222,-0.89046913,-0.285923,-0.35399526,0
0.25612652,-1.3207521,1.5387999,-0.080888391,-0.66608733,0.74147457,0
-2.1935382,0.09837079,0.78942478,-0.44779637,0.68889439,0.57000238,0
0.87899423,2.4483612,-0.40200543,0.080888391,0.66608733,-0.74147457,0
1.729353,-1.0443951,-0.010743678,0.44779637,-0.68889439,-0.57000238,0
-0.42991328,-1.5746796,1.2358489,-0.080888391,-0.66608733,0.74147457,0
2.3873808,-0.82648289,0.31192923,0.89046913,0.285923,0.35399526,0
0.072444916,-1.2125068,1.6160018,-0.080888391,-0.66608733,0.74147457,0
0.78588772,2.3781643,0.3747592,-0.44779637,0.68889439,0.57000238,0
-2.0793035,-1.1489247,0.50865066,-0.89046913,-0.285923,-0.35399526,0
1.5204507,-1.1475165,1.8323494,-0.080888391,-0.66608733,0.74147457,0
-1.8392059,-0.62835169,-0.5157795,-0.89046913,-0.285923,-0.35399526,0
-0.66878688,-1.9827139,-0.76069784,0.44779637,-0.68889439,-0.57000238,0
-1.3401859,1.5201797,-0.25855005,-0.44779637,0.68889439,0.57000238,0
-1.3195138,-2.3439419,-0.43736935,-0.89046913,-0.285923,-0.35399526,0
-1.8485804,-0.95815253,-0.22581697,-0.89046913,-0.285923,-0.35399526,0
-2.0424273,0.057543516,0.95748138,-0.44779637,0.68889439,0.57000238,0
2.0772157,1.4837457,-0.77383471,0.89046913,0.285923,0.35399526,0
0.2320801,-0.1237551,2.6114726,-0.080888391,-0.66608733,0.74147457,0
-1.5854537,-0.29585022,-1.4226518,-0.89046913,-0.285923,-0.35399526,0
-1.4746337,1.6402254,-0.5092575,-0.44779637,0.68889439,0.57000238,0
0.42444408,1.8821664,0.69026089,-0.44779637,0.68889439,0.57000238,0
0.79214644,0.16163588,-2.2046039,0.44779637,-0.68889439,-0.57000238,0
1.328359,-1.7940035,0.58019686,0.44779637,-0.68889439,-0.57000238,0
1.8397472,0.3372761,0.74952042,0.89046913,0.285923,0.35399526,0
-1.8386947,-0.67428708,1.8910103,-0.080888391,-0.66608733,0.74147457,0
0.69217479,0.45293391,2.6279354,-0.44779637,0.68889439,0.57000238,0
2.3499918,-1.1295824,0.65079516,0.89046913,0.285923,0.35399526,0
-0.82111144,-0.73732579,-2.3855176,0.44779637,-0.68889439,-0.57000238,0
-1.9578832,-0.33525693,-0.45398188,-0.89046913,-0.285923,-0.35399526,0
-0.47019875,-0.63724113,2.0735812,-0.080888391,-0.66608733,0.74147457,0
0.44870716,0.69747913,2.1411133,-0.44779637,0.68889439,0.57000238,0
0.60257488,0.6002481,2.379504,-0.44779637,0.68889439,0.57000238,0
0.15576816,-0.051852942,2.6677394,-0.080888391,-0.66608733,0.74147457,0
1.5243579,0.91895545,1.0730525,0.89046913,0.285923,0.35399526,0
1.4196587,-0.22010204,2.2564428,0.89046913,0.285923,0.35399526,0
-0.68259907,-2.3097048,0.54798973,-0.080888391,-0.66608733,0.74147457,0
-1.2345243,-2.5403805,-0.49249482,-0.89046913,-0.285923,-0.35399526,0
-2.1993515,0.054775715,-0.16160333,-0.89046913,-0.285923,-0.35399526,0
1.1295421,-1.9867676,1.0357819,-0.080888391,-0.66608733,0.74147457,0
2.134474,0.83587313,-1.7135862,0.080888391,0.66608733,-0.74147457,0
-0.029318571,1.9556183,0.24501038,-0.44779637,0.68889439,0.57000238,0
0.68595624,-0.46183848,-1.5345075,0.44779637,-0.68889439,-0.57000238,0
0.64793897,0.66490579,-2.0293396,0.080888391,0.66608733,-0.74147457,0
-0.88264006,-0.50685108,-2.7124021,0.44779637,-0.68889439,-0.57000238,0
-1.3089812,-2.6388223,-0.22568703,-0.89046913,-0.285923,-0.35399526,0
0.16954172,0.1295228,2.6082211,-0.44779637,0.68889439,0.57000238,0
1.8283714,-0.80375457,1.6997502,0.89046913,0.285923,0.35399526,0
-0.648,0.19304693,-2.5945992,0.080888391,0.66608733,-0.74147457,0
-2.3223174,-0.38074017,1.2673001,-0.44779637,0.68889439,0.57000238,0
-2.286756,1.2582155,-0.68557441,-0.44779637,0.68889439,0.57000238,0
1.5594637,2.1543868,-0.013116598,0.89046913,0.285923,0.35399526,0
-0.71488595,0.13827944,1.9028275,-0.44779637,0.68889439,0.57000238,0
-0.7426312,-1.4403982,1.3223627,-0.080888391,-0.66608733,0.74147457,0
1.5947975,-0.28088096,1.8649755,0.89046913,0.285923,0.35399526,0
-0.2066704,1.0529165,-1.774009,0.080888391,0.66608733,-0.74147457,0
-0.30359364,0.92706102,-1.8976421,0.080888391,0.66608733,-0.74147457,0
-0.36507416,-2.318007,-0.11687088,0.44779637,-0.68889439,-0.57000238,0
-2.2070215,1.2418196,-1.1010888,-0.89046913,-0.285923,-0.35399526,0
0.86746889,1.3084097,1.731735,-0.44779637,0.68889439,0.57000238,0
-2.328933,-0.48312378,0.59882009,-0.89046913,-0.285923,-0.35399526,0
-0.33528149,0.48616433,-2.2971687,0.080888391,0.66608733,-0.74147457,0
-2.3059757,0.34353101,-0.12662017,-0.89046913,-0.285923,-0.35399526,0
-1.7330241,-1.0914829,-0.40880489,-0.89046913,-0.285923,-0.35399526,0
-1.8195953,0.030670166,-1.0974038,-0.89046913,-0.285923,-0.35399526,0
1.2368658,2.8169558,0.19873405,-0.44779637,0.68889439,0.57000238,0
0.94778216,-1.4841074,-0.093320519,0.44779637,-0.68889439,-0.57000238,0
-0.4124527,2.0060527,-0.94022918,0.080888391,0.66608733,-0.74147457,0
0.17173791,1.9930863,-0.888147,0.080888391,0.66608733,-0.74147457,0
1.3753222,1.3320947,1.1142558,0.89046913,0.285923,0.35399526,0
2.1106048,-1.1988088,0.47539133,0.44779637,-0.68889439,-0.57000238,0
-1.3664026,0.20256144,-2.3762398,-0.89046913,-0.285923,-0.35399526,0
-0.88697231,0.73982519,-2.1294827,0.080888391,0.66608733,-0.74147457,0
1.7136066,-1.1349912,0.086378962,0.44779637,-0.68889439,-0.57000238,0
-1.8337188,1.7173295,-0.88454306,-0.44779637,0.68889439,0.57000238,0
-0.37420714,0.030650377,-2.7106164,0.080888391,0.66608733,-0.74147457,0
2.4049253,0.59416032,-0.87966251,0.89046913,0.285923,0.35399526,0
-1.1092496,0.28119487,-2.565732,0.080888391,0.66608733,-0.74147457,0
-2.0947239,-0.30420911,-0.13483882,-0.89046913,-0.285923,-0.35399526,0
2.1116087,0.14752948,0.21891594,0.89046913,0.285923,0.35399526,0
0.67623824,-0.56715405,-1.4148598,0.44779637,-0.68889439,-0.57000238,0
-1.6691754,-0.15316008,-1.3273022,-0.89046913,-0.285923,-0.35399526,0
-1.0316182,0.78722537,-2.1026816,0.080888391,0.66608733,-0.74147457,0
2.0635793,-1.1823938,1.4139165,0.89046913,0.285923,0.35399526,0
1.7119099,-1.5783746,1.4661843,-0.080888391,-0.66608733,0.74147457,0
0.67537403,2.2560418,0.43553364,-0.44779637,0.68889439,0.57000238,0
-1.7513099,-1.9367108,0.76647282,-0.080888391,-0.66608733,0.74147457,0
0.39198607,1.4244756,1.2179186,-0.44779637,0.68889439,0.57000238,0
-0.1164887,-2.2967091,0.62142169,-0.080888391,-0.66608733,0.74147457,0
1.7451853,-1.7265215,0.82609975,0.44779637,-0.68889439,-0.57000238,0
-1.5897124,1.752912,-1.2960615,0.080888391,0.66608733,-0.74147457,0
0.65069479,-0.35841632,-1.6872029,0.44779637,-0.68889439,-0.57000238,0
1.2975039,2.7001932,0.20498872,0.89046913,0.285923,0.35399526,0
-1.0306207,-0.3267132,-2.7933974,-0.89046913,-0.285923,-0.35399526,0
0.24927464,0.4053731,2.3374722,-0.44779637,0.68889439,0.57000238,0
0.95055807,0.78528035,2.4292545,-0.44779637,0.68889439,0.57000238,0
-0.73449945,-0.059370041,2.1262949,-0.44779637,0.68889439,0.57000238,0
-1.2437055,-2.7420058,-0.29468989,0.44779637,-0.68889439,-0.57000238,0
2.1530936,-1.5231278,1.4639572,0.89046913,0.285923,0.35399526,0
0.6571691,-0.61609578,2.2155628,-0.080888391,-0.66608733,0.74147457,0
0.80387616,1.7747792,1.1181308,-0.44779637,0.68889439,0.57000238,0
-2.1070604,-0.59798312,1.6989629,-0.44779637,0.68889439,0.57000238,0
1.5221527,2.3708415,-0.094093084,0.89046913,0.285923,0.35399526,0
-0.97205079,1.4742895,-1.4789742,0.080888391,0.66608733,-0.74147457,0
-1.9803326,1.0006742,-0.13358724,-0.44779637,0.68889439,0.57000238,0
0.88670492,2.0510406,0.84931672,-0.44779637,0.68889439,0.57000238,0
2.0060651,0.42587018,-1.5702929,0.44779637,-0.68889439,-0.57000238,0
1.6926252,0.73350978,-1.8537445,0.080888391,0.66608733,-0.74147457,0
-1.4729795,-1.2742002,-0.91536224,-0.89046913,-0.285923,-0.35399526,0
1.1732794,1.2756994,1.6680421,0.89046913,0.285923,0.35399526,0
-1.8052208,-0.25623685,-0.90182686,-0.89046913,-0.285923,-0.35399526,0
-0.93442124,1.1854007,0.46482828,-0.44779637,0.68889439,0.57000238,0
-0.88210678,0.010094881,1.9263798,-0.44779637,0.68889439,0.57000238,0
-1.3743385,-0.79737169,-1.5486281,-0.89046913,-0.285923,-0.35399526,0
1.1662126,0.48765612,2.322324,0.89046913,0.285923,0.35399526,0
0.5218963,0.021546841,-2.2476046,0.44779637,-0.68889439,-0.57000238,0
-0.54765308,1.5968428,0.27141404,-0.44779637,0.68889439,0.57000238,0
1.8654988,1.8895286,-0.56901622,0.89046913,0.285923,0.35399526,0
-1.464391,-2.4745452,0.31462121,-0.080888391,-0.66608733,0.74147457,0
-0.30014521,1.3303857,0.78789258,-0.44779637,0.68889439,0.57000238,0
-2.5587776,-0.54400277,1.226163,-0.89046913,-0.285923,-0.35399526,0
1.7630634,1.5054796,-0.0011446476,0.89046913,0.285923,0.35399526,0
-0.31989253,0.68840247,-2.1138139,0.080888391,0.66608733,-0.74147457,0
0.26110637,-0.89367878,1.9229953,-0.080888391,-0.66608733,0.74147457,0
1.8259319,1.0719886,0.19084263,0.89046913,0.285923,0.35399526,0
0.92194128,-0.64551651,-1.1271269,0.44779637,-0.68889439,-0.57000238,0
2.30321,0.21405506,-0.31678712,0.89046913,0.285923,0.35399526,0
2.1904223,0.28324342,-1.2530847,0.44779637,-0.68889439,-0.57000238,0
1.25354,-1.5087543,0.17667189,0.44779637,-0.68889439,-0.57000238,0
-1.7548016,1.7467744,-1.3195848,0.080888391,0.66608733,-0.74147457,0
1.8723863,1.9264731,-0.76246166,0.080888391,0.66608733,-0.74147457,0
-1.124001,1.3265048,-1.62831,0.080888391,0.66608733,-0.74147457,0
-1.2841144,-1.6836065,-1.0597712,-0.89046913,-0.285923,-0.35399526,0
-1.1541141,-1.2950522,1.408042,-0.080888391,-0.66608733,0.74147457,0
0.68392348,-2.0036273,0.97202325,-0.080888391,-0.66608733,0.74147457,0
-1.1487761,-1.6021054,-1.466041,-0.89046913,-0.285923,-0.35399526,0
-0.6483922,-1.6828517,1.1148407,-0.080888391,-0.66608733,0.74147457,0
-0.26687384,2.0597248,-0.87613261,0.080888391,0.66608733,-0.74147457,0
-1.3919157,1.6159343,-0.4149161,-0.44779637,0.68889439,0.57000238,0
-1.0277367,-0.94975364,1.7320199,-0.080888391,-0.66608733,0.74147457,0
0.40902296,0.38928699,2.4824123,-0.44779637,0.68889439,0.57000238,0
1.3293988,1.1130126,1.4067286,0.89046913,0.285923,0.35399526,0
0.30371979,1.0195961,1.637906,-0.44779637,0.68889439,0.57000238,0
-0.76455641,-2.7691541,0.12631202,-0.080888391,-0.66608733,0.74147457,0
-2.1743817,1.7504658,-1.3620415,0.080888391,0.66608733,-0.74147457,0
-0.55194235,0.92611337,1.0786754,-0.44779637,0.68889439,0.57000238,0
1.2203315,0.98883128,1.7813876,0.89046913,0.285923,0.35399526,0
-0.17233908,-1.5083649,-0.94397575,0.44779637,-0.68889439,-0.57000238,0
-1.8175008,-0.24826324,-0.87737679,-0.89046913,-0.285923,-0.35399526,0
1.420012,0.64183426,-1.9658384,0.080888391,0.66608733,-0.74147457,0
1.8565292,0.20846361,0.81134832,0.89046913,0.285923,0.35399526,0
-0.57352871,-0.67848754,-2.2621264,0.44779637,-0.68889439,-0.57000238,0
1.7180028,0.49871397,-1.8846335,0.44779637,-0.68889439,-0.57000238,0
1.393901,1.0864097,-1.5693123,0.080888391,0.66608733,-0.74147457,0
1.5075032,1.1253561,-1.5219327,0.080888391,0.66608733,-0.74147457,0
1.6122237,1.3062327,0.53922296,0.89046913,0.285923,0.35399526,0
0.8993367,0.46528077,2.7757604,-0.44779637,0.68889439,0.57000238,0
-0.56643689,0.24283218,1.8930897,-0.44779637,0.68889439,0.57000238,0
-1.0581836,-0.84668052,-2.3040836,-0.89046913,-0.285923,-0.35399526,0
1.8678554,-1.7235452,1.3527858,-0.080888391,-0.66608733,0.74147457,0
0.49010015,-2.2603164,0.4852342,0.44779637,-0.68889439,-0.57000238,0
0.98391783,-1.7983276,1.1891763,-0.080888391,-0.66608733,0.74147457,0
-1.5990301,-2.0750797,0.048589706,-0.89046913,-0.285923,-0.35399526,0
0.41232979,0.84968752,-1.8890479,0.080888391,0.66608733,-0.74147457,0
-2.1956429,-0.58793974,0.34819162,-0.89046913,-0.285923,-0.35399526,0
-1.7263331,-1.3163424,-0.244017,-0.89046913,-0.285923,-0.35399526,0
1.8751292,1.2184389,-0.051200628,0.89046913,0.285923,0.35399526,0
0.10948145,0.2983557,-2.4173627,0.080888391,0.66608733,-0.74147457,0
0.52687216,-1.9475049,1.0053066,-0.080888391,-0.66608733,0.74147457,0
-1.7093976,0.2193692,-1.5270172,-0.89046913,-0.285923,-0.35399526,0
-0.6631391,-0.95141953,1.770298,-0.080888391,-0.66608733,0.74147457,0
-2.2212815,-1.2426786,0.94151962,-0.89046913,-0.285923,-0.35399526,0
-1.1067975,-2.118372,0.67359245,-0.080888391,-0.66608733,0.74147457,0
0.80064511,2.244925,0.54738271,-0.44779637,0.68889439,0.57000238,0
1.0133898,-0.8691442,-0.78501225,0.44779637,-0.68889439,-0.57000238,0
-0.50362301,1.0502119,-1.8088338,0.080888391,0.66608733,-0.74147457,0
1.7175382,-0.64040053,1.8466079,0.89046913,0.285923,0.35399526,0
-1.7639598,0.09707582,-1.2909901,-0.89046913,-0.285923,-0.35399526,0
1.6003847,1.7825059,0.18431616,0.89046913,0.285923,0.35399526,0
-0.5096643,2.0992854,-0.30598485,-0.44779637,0.68889439,0.57000238,0
-1.5221884,-2.283381,0.023541212,-0.89046913,-0.285923,-0.35399526,0
0.19996881,2.0372574,0.32647181,-0.44779637,0.68889439,0.57000238,0
-0.8573209,-0.84308207,1.8464371,-0.080888391,-0.66608733,0.74147457,0
0.96974921,-2.0667391,0.62809473,0.44779637,-0.68889439,-0.57000238,0
1.3593217,2.3193095,0.35712886,0.89046913,0.285923,0.35399526,0
0.76535797,1.263347,-1.4789335,0.080888391,0.66608733,-0.74147457,0
0.19480109,-1.5892143,1.2909429,-0.080888391,-0.66608733,0.74147457,0
0.5929004,-0.34582222,2.4513459,-0.080888391,-0.66608733,0.74147457,0
-2.2151501,1.5943433,-1.0355582,-0.44779637,0.68889439,0.57000238,0
-2.2865028,0.080760956,0.036635876,-0.89046913,-0.285923,-0.35399526,0
-1.4778073,0.86460584,-2.0818439,0.080888391,0.66608733,-0.74147457,0
1.3516829,0.11186433,2.1593044,0.89046913,0.285923,0.35399526,0
-0.22132111,-1.3690133,1.4433602,-0.080888391,-0.66608733,0.74147457,0
-0.89330757,1.4187691,0.21508276,-0.44779637,0.68889439,0.57000238,0
-0.21460319,2.4018555,-0.56308448,0.080888391,0.66608733,-0.74147457,0
-1.5473304,-1.3252819,1.3379892,-0.080888391,-0.66608733,0.74147457,0
2.0863326,-1.2189515,1.3862092,0.89046913,0.285923,0.35399526,0
-2.2727222,1.5478171,-1.1829748,-0.89046913,-0.285923,-0.35399526,0
-0.95930415,0.52305114,-2.332108,0.080888391,0.66608733,-0.74147457,0
0.83555436,1.3356376,-1.4063349,0.080888391,0.66608733,-0.74147457,0
-0.47219217,-0.12080598,-2.8565199,0.44779637,-0.68889439,-0.57000238,0
1.1601832,2.369848,0.6788578,-0.44779637,0.68889439,0.57000238,0
-1.6695597,0.41297138,-1.7836018,-0.89046913,-0.285923,-0.35399526,0
1.2533066,1.7494001,-0.9890672,0.080888391,0.66608733,-0.74147457,0
0.96296644,-0.81097984,2.073853,-0.080888391,-0.66608733,0.74147457,0
-0.54295141,-1.426012,-1.3346604,0.44779637,-0.68889439,-0.57000238,0
-2.0805857,1.3594698,-0.64598036,-0.44779637,0.68889439,0.57000238,0
-1.9123797,0.80172217,0.16024679,-0.44779637,0.68889439,0.57000238,0
0.99516368,-0.95571679,1.9473441,-0.080888391,-0.66608733,0.74147457,0
-1.93002,-0.62814379,-0.28750634,-0.89046913,-0.285923,-0.35399526,0
-1.0911157,0.089929819,1.6656944,-0.44779637,0.68889439,0.57000238,0
1.2271068,0.19489694,-1.9030957,0.44779637,-0.68889439,-0.57000238,0
1.2375757,1.3532152,-1.3466873,0.080888391,0.66608733,-0.74147457,0
-1.6951038,0.31972241,0.91347575,-0.44779637,0.68889439,0.57000238,0
0.19226599,2.3600125,-0.55628741,0.080888391,0.66608733,-0.74147457,0
1.4552525,2.3104272,0.12298965,0.89046913,0.285923,0.35399526,0
-1.9066083,0.24118966,-1.0485613,-0.89046913,-0.285923,-0.35399526,0
2.2319217,0.42396533,-0.30700755,0.89046913,0.285923,0.35399526,0
-0.030127704,-0.953462,-1.5028994,0.44779637,-0.68889439,-0.57000238,0
-1.2838519,-1.4999459,-1.2087742,-0.89046913,-0.285923,-0.35399526,0
-1.4755434,-0.66084176,-1.4043243,-0.89046913,-0.285923,-0.35399526,0
0.65132904,-0.67368478,2.163192,-0.080888391,-0.66608733,0.74147457,0
0.4480606,-0.56748259,-1.5937197,0.44779637,-0.68889439,-0.57000238,0
-1.0608494,0.35516131,-2.4940057,0.080888391,0.66608733,-0.74147457,0
-0.38160121,-0.077405214,-2.8084922,0.080888391,0.66608733,-0.74147457,0
-0.017866254,-0.21735764,-2.3829088,0.44779637,-0.68889439,-0.57000238,0
1.9269753,0.80780685,0.150051,0.89046913,0.285923,0.35399526,0
-1.3039528,-1.9085104,-0.82821143,-0.89046913,-0.285923,-0.35399526,0
-1.3787235,-0.90541196,1.7335634,-0.080888391,-0.66608733,0.74147457,0
2.2352223,-0.064999461,0.079628348,0.89046913,0.285923,0.35399526,0
-1.5886343,-1.0379517,1.5915999,-0.080888391,-0.66608733,0.74147457,0
0.12299776,1.7489326,-1.1127944,0.080888391,0.66608733,-0.74147457,0
0.49396801,-0.063038588,2.694586,-0.080888391,-0.66608733,0.74147457,0
-0.4192982,0.91635287,1.1946776,-0.44779637,0.68889439,0.57000238,0
-1.6206267,-0.20118302,-1.4106379,-0.89046913,-0.285923,-0.35399526,0
1.0184506,1.1213881,-1.5788488,0.080888391,0.66608733,-0.74147457,0
-2.2944088,1.1587895,-0.5714218,-0.44779637,0.68889439,0.57000238,0
2.1760039,1.0398964,-0.66383672,0.89046913,0.285923,0.35399526,0
0.58071017,0.49792242,2.485996,-0.44779637,0.68889439,0.57000238,0
1.4819312,-0.12135601,2.0200398,0.89046913,0.285923,0.35399526,0
0.82041836,-1.6146563,-0.035599262,0.44779637,-0.68889439,-0.57000238,0
2.1254721,-0.11847544,-0.8185997,0.44779637,-0.68889439,-0.57000238,0
2.0892141,1.469928,-1.1489346,0.080888391,0.66608733,-0.74147457,0
-0.027630091,-1.2350036,1.584875,-0.080888391,-0.66608733,0.74147457,0
-1.2557595,-0.85042036,-1.8040638,-0.89046913,-0.285923,-0.35399526,0
1.8907838,0.88411415,0.179456,0.89046913,0.285923,0.35399526,0
1.0586684,-1.2715919,1.6705126,-0.080888391,-0.66608733,0.74147457,0
2.2859743,-0.49211931,-0.2409296,0.44779637,-0.68889439,-0.57000238,0
0.54373169,2.0624926,0.56603467,-0.44779637,0.68889439,0.57000238,0
1.3918457,-0.26868486,-1.2133999,0.44779637,-0.68889439,-0.57000238,0
-1.7684226,0.4641026,-1.576213,-0.89046913,-0.285923,-0.35399526,0
0.41218996,-0.53318477,2.263319,-0.080888391,-0.66608733,0.74147457,0
1.581181,-0.37138453,1.9723272,0.89046913,0.285923,0.35399526,0
2.3902595,0.010905504,-0.37167442,0.89046913,0.285923,0.35399526,0
1.4731691,1.2214139,0.95752132,0.89046913,0.285923,0.35399526,0
1.1826341,0.2061379,-1.9516191,0.44779637,-0.68889439,-0.57000238,0
1.4667697,1.4256936,0.80862129,0.89046913,0.285923,0.35399526,0
-1.5403563,-1.5969653,-0.48517811,-0.89046913,-0.285923,-0.35399526,0
2.3462157,-1.068073,0.61061257,0.89046913,0.285923,0.35399526,0
-0.43187749,0.72954476,-2.0890713,0.080888391,0.66608733,-0.74147457,0
-2.0110979,-1.6455449,0.73820233,-0.89046913,-0.285923,-0.35399526,0
-0.087899297,0.44704235,2.0222263,-0.44779637,0.68889439,0.57000238,0
0.96636969,-1.0542276,-0.59826291,0.44779637,-0.68889439,-0.57000238,0
1.073257,2.2170625,0.79522192,-0.44779637,0.68889439,0.57000238,0
1.6583928,0.71688759,0.8991015,0.89046913,0.285923,0.35399526,0
-0.73924989,0.70029247,1.2044489,-0.44779637,0.68889439,0.57000238,0
2.0799916,-0.003929615,-0.99276745,0.44779637,-0.68889439,-0.57000238,0
0.89269739,-1.5260606,-0.085891575,0.44779637,-0.68889439,-0.57000238,0
-1.2958061,-0.7423811,1.8890643,-0.080888391,-0.66608733,0.74147457,0
1.3635173,-0.42943826,2.4602993,-0.080888391,-0.66608733,0.74147457,0
0.98894346,2.2463949,0.69353426,-0.44779637,0.68889439,0.57000238,0
0.17800897,1.1442537,1.3884878,-0.44779637,0.68889439,0.57000238,0
-1.469009,0.40365553,0.98965681,-0.44779637,0.68889439,0.57000238,0
1.9477274,1.342324,-0.33388257,0.89046913,0.285923,0.35399526,0
-2.2819173,0.18512225,0.61514735,-0.44779637,0.68889439,0.57000238,0
1.3688419,-0.402349,-1.0699272,0.44779637,-0.68889439,-0.57000238,0
1.6740379,-1.1372041,1.8583684,-0.080888391,-0.66608733,0.74147457,0
0.4027853,2.1270661,-0.74258399,0.080888391,0.66608733,-0.74147457,0
0.37704217,1.378795,1.261387,-0.44779637,0.68889439,0.57000238,0
-0.73454285,-2.1502812,-0.60983741,0.44779637,-0.68889439,-0.57000238,0
1.6638459,1.4024796,0.33162916,0.89046913,0.285923,0.35399526,0
-1.1322662,-0.83018863,-2.1310506,-0.89046913,-0.285923,-0.35399526,0
1.7393965,-0.72170895,1.8572972,0.89046913,0.285923,0.35399526,0
1.6576149,0.10437393,-1.4554824,0.44779637,-0.68889439,-0.57000238,0
-1.9128584,-0.04346931,-0.80291915,-0.89046913,-0.285923,-0.35399526,0
0.30279684,2.5591209,-0.36536455,0.080888391,0.66608733,-0.74147457,0
1.7278497,1.7636743,-0.12110901,0.89046913,0.285923,0.35399526,0
-1.5471754,0.18861668,-1.9102458,-0.89046913,-0.285923,-0.35399526,0
1.1511292,0.83027875,2.0835285,0.89046913,0.285923,0.35399526,0
0.51595104,1.0837916,1.7270502,-0.44779637,0.68889439,0.57000238,0
-1.9637923,0.55608296,0.41673189,-0.44779637,0.68889439,0.57000238,0
-0.68406582,-1.154142,1.5859036,-0.080888391,-0.66608733,0.74147457,0
-0.059899807,-2.4028728,0.22544277,0.44779637,-0.68889439,-0.57000238,0
1.6983337,-0.29422188,1.6153071,0.89046913,0.285923,0.35399526,0
0.88014472,2.2205174,0.63933647,-0.44779637,0.68889439,0.57000238,0
1.6777982,-1.2598433,1.7486084,-0.080888391,-0.66608733,0.74147457,0
-1.1416192,-2.5594034,0.27360249,-0.080888391,-0.66608733,0.74147457,0
-2.2947421,-1.2960745,1.1694366,-0.89046913,-0.285923,-0.35399526,0
-1.2531577,-2.2333696,-0.6935966,-0.89046913,-0.285923,-0.35399526,0
-1.6165776,-0.35819161,-1.2940063,-0.89046913,-0.285923,-0.35399526,0
-1.9159127,1.7474595,-0.9855293,-0.44779637,0.68889439,0.57000238,0
-0.7410897,-0.62128568,2.0583625,-0.080888391,-0.66608733,0.74147457,0
-0.85584247,1.8873303,-0.32177913,-0.44779637,0.68889439,0.57000238,0
-0.50677001,0.57226652,-2.2385287,0.080888391,0.66608733,-0.74147457,0
-0.66227889,2.2120609,-0.56217808,-0.44779637,0.68889439,0.57000238,0
-1.9304765,0.013629913,1.0985036,-0.44779637,0.68889439,0.57000238,0
-2.2819338,-1.1585358,1.4076428,-0.080888391,-0.66608733,0.74147457,0
0.98032546,0.37593472,2.8801577,0.89046913,0.285923,0.35399526,0
1.7279886,-0.26826072,-0.94983703,0.44779637,-0.68889439,-0.57000238,0
-2.0730824,-0.18769908,1.2297945,-0.44779637,0.68889439,0.57000238,0
1.5015099,2.222924,0.077307224,0.89046913,0.285923,0.35399526,0
0.080249786,-1.3920203,-0.88615263,0.44779637,-0.68889439,-0.57000238,0
-0.32384574,-1.1933483,1.5899806,-0.080888391,-0.66608733,0.74147457,0
-0.74513197,0.75087398,-2.104084,0.080888391,0.66608733,-0.74147457,0
-1.3172941,-1.2606099,1.4211808,-0.080888391,-0.66608733,0.74147457,0
2.2869287,-1.6002936,1.1896249,0.89046913,0.285923,0.35399526,0
-0.60680854,-1.4359002,-1.3728764,0.44779637,-0.68889439,-0.57000238,0
-0.66425723,-0.54091847,-2.4996667,0.44779637,-0.68889439,-0.57000238,0
-1.723982,0.87003219,-2.0158732,-0.89046913,-0.285923,-0.35399526,0
-0.66377234,-2.3677795,0.49787283,-0.080888391,-0.66608733,0.74147457,0
-1.0368484,-1.0400945,1.6498704,-0.080888391,-0.66608733,0.74147457,0
1.6931882,-1.4917805,1.5419316,-0.080888391,-0.66608733,0.74147457,0
-0.03184557,-2.044867,-0.18519676,0.44779637,-0.68889439,-0.57000238,0
1.0621157,-0.25782311,2.5815856,-0.080888391,-0.66608733,0.74147457,0
-0.27219033,-2.3033218,-0.061648607,0.44779637,-0.68889439,-0.57000238,0
-0.53763962,-2.6742883,0.23628783,-0.080888391,-0.66608733,0.74147457,0
0.14028621,1.8862641,0.46207297,-0.44779637,0.68889439,0.57000238,0
1.8814226,-0.85546458,-0.11961484,0.44779637,-0.68889439,-0.57000238,0
1.6814388,-1.7608435,1.2989428,-0.080888391,-0.66608733,0.74147457,0
2.2241969,1.4195625,-1.0917234,0.89046913,0.285923,0.35399526,0
1.2371118,-0.27826148,2.5823157,-0.080888391,-0.66608733,0.74147457,0
1.4485167,1.2493613,-1.4169706,0.080888391,0.66608733,-0.74147457,0
0.1421355,-1.1824273,1.6506258,-0.080888391,-0.66608733,0.74147457,0
1.3060341,-1.4679099,1.5211401,-0.080888391,-0.66608733,0.74147457,0
2.1413426,0.93921614,-0.49532747,0.89046913,0.285923,0.35399526,0
1.8974663,-0.92400682,1.6230716,0.89046913,0.285923,0.35399526,0
2.260329,-0.79735184,0.1078217,0.44779637,-0.68889439,-0.57000238,0
0.8268283,-0.82611966,-0.98357451,0.44779637,-0.68889439,-0.57000238,0
1.7536356,1.0494825,0.39088154,0.89046913,0.285923,0.35399526,0
0.47049952,-1.6403599,-0.27943242,0.44779637,-0.68889439,-0.57000238,0
-1.4160583,-0.46438459,-1.7126373,-0.89046913,-0.285923,-0.35399526,0
-0.84447753,-0.81694829,1.8713149,-0.080888391,-0.66608733,0.74147457,0
2.4680476,1.0001884,-1.366396,0.89046913,0.285923,0.35399526,0
-0.081690192,-0.51922631,2.2219803,-0.080888391,-0.66608733,0.74147457,0
0.64358294,2.0037317,0.71549571,-0.44779637,0.68889439,0.57000238,0
0.22583476,0.92120659,1.6956308,-0.44779637,0.68889439,0.57000238,0
-0.64329565,1.7311289,-1.212384,0.080888391,0.66608733,-0.74147457,0
1.3047805,1.6386659,-1.0829276,0.080888391,0.66608733,-0.74147457,0
-1.1097097,-2.0330989,0.74987769,-0.080888391,-0.66608733,0.74147457,0
1.7465534,1.4496701,-1.2045143,0.080888391,0.66608733,-0.74147457,0
-0.44558799,-1.0542169,-1.7075161,0.44779637,-0.68889439,-0.57000238,0
-0.85092235,2.0975046,-0.9059087,0.080888391,0.66608733,-0.74147457,0
-0.095947146,1.1364028,-1.6869322,0.080888391,0.66608733,-0.74147457,0
0.97273624,-1.2445194,-0.36327836,0.44779637,-0.68889439,-0.57000238,0
2.288229,-0.25806677,0.10223222,0.89046913,0.285923,0.35399526,0
-0.55243111,-0.48123395,2.204756,-0.080888391,-0.66608733,0.74147457,0
1.6853065,-0.42534447,-0.79351962,0.44779637,-0.68889439,-0.57000238,0
-0.085778952,-1.5989304,-0.76651812,0.44779637,-0.68889439,-0.57000238,0
1.3336771,-0.60249346,2.3015835,-0.080888391,-0.66608733,0.74147457,0
0.73083103,1.2130473,-1.5278857,0.080888391,0.66608733,-0.74147457,0
1.1092677,2.1062665,0.95741773,-0.44779637,0.68889439,0.57000238,0
-1.176406,0.38178903,-2.4826915,0.080888391,0.66608733,-0.74147457,0
0.9852854,-1.0140859,-0.63191712,0.44779637,-0.68889439,-0.57000238,0
-1.6207564,1.3597559,-0.28508219,-0.44779637,0.68889439,0.57000238,0
1.4418576,-1.0844398,-0.18820383,0.44779637,-0.68889439,-0.57000238,0
1.8009059,1.03564,-1.5705197,0.080888391,0.66608733,-0.74147457,0
-0.40122008,0.38090324,-2.398921,0.080888391,0.66608733,-0.74147457,0
0.95803308,2.4353697,-0.40505326,0.080888391,0.66608733,-0.74147457,0
1.5039785,1.5520226,0.61298668,0.89046913,0.285923,0.35399526,0
-1.3332512,-1.7753927,-0.86203146,-0.89046913,-0.285923,-0.35399526,0
-0.4700619,0.16333604,-2.6018779,0.080888391,0.66608733,-0.74147457,0
0.76998687,2.0470059,0.76249886,-0.44779637,0.68889439,0.57000238,0
-1.751164,0.7627852,-1.860873,-0.89046913,-0.285923,-0.35399526,0
-1.4718056,-0.26501,-1.7334418,-0.89046913,-0.285923,-0.35399526,0
1.6446388,2.245178,-0.30070615,0.89046913,0.285923,0.35399526,0
-0.76014888,-2.0130758,-0.79577696,0.44779637,-0.68889439,-0.57000238,0
2.2201288,-1.3900626,1.1878541,0.89046913,0.285923,0.35399526,0
-2.4621811,-0.7412591,1.1425005,-0.89046913,-0.285923,-0.35399526,0
1.7699113,1.6575236,-0.14117742,0.89046913,0.285923,0.35399526,0
-2.1584346,0.82081532,-0.056130588,-0.44779637,0.68889439,0.57000238,0
2.4811609,0.30005693,-0.833884,0.89046913,0.285923,0.35399526,0
-0.10022485,-0.19617295,-2.4732132,0.44779637,-0.68889439,-0.57000238,0
1.3767908,-0.23846063,2.3791046,0.89046913,0.285923,0.35399526,0
1.8883562,0.65813971,0.36808288,0.89046913,0.285923,0.35399526,0
-0.027866602,2.2725456,-0.6588763,0.080888391,0.66608733,-0.74147457,0
-0.038607478,-1.2734975,-1.1227721,0.44779637,-0.68889439,-0.57000238,0
-0.54831111,0.48912698,-2.3177471,0.080888391,0.66608733,-0.74147457,0
1.3266592,2.1772585,0.55402541,0.89046913,0.285923,0.35399526,0
-1.5553343,0.66788423,0.6024971,-0.44779637,0.68889439,0.57000238,0
-0.15704834,-0.33683503,2.3776064,-0.080888391,-0.66608733,0.74147457,0
1.3113457,-0.97123575,1.9678957,-0.080888391,-0.66608733,0.74147457,0
1.3952525,2.5667353,-0.23934746,0.080888391,0.66608733,-0.74147457,0
1.5818491,-1.1945345,1.7968099,-0.080888391,-0.66608733,0.74147457,0
-0.26406205,0.96879584,-1.8558379,0.080888391,0.66608733,-0.74147457,0
0.5798164,-0.25106525,-1.8726283,0.44779637,-0.68889439,-0.57000238,0
-1.0346073,-0.33576953,-2.7760539,-0.89046913,-0.285923,-0.35399526,0
0.26729989,2.4702313,-0.44908965,0.080888391,0.66608733,-0.74147457,0
2.1763916,-1.5499783,1.4270384,0.89046913,0.285923,0.35399526,0
1.5455511,-0.59928393,2.2460291,0.89046913,0.285923,0.35399526,0
-1.6903419,-0.39986217,-1.0747963,-0.89046913,-0.285923,-0.35399526,0
-1.1013963,-2.6115766,0.23112202,-0.080888391,-0.66608733,0.74147457,0
-0.93171239,1.3779366,-1.5611303,0.080888391,0.66608733,-0.74147457,0
0.71734405,0.11005521,2.8744493,-0.080888391,-0.66608733,0.74147457,0
-0.73671639,-0.36373329,2.2902062,-0.080888391,-0.66608733,0.74147457,0
0.67203474,-1.3191943,1.5855716,-0.080888391,-0.66608733,0.74147457,0
1.5049558,-1.4404002,0.29157385,0.44779637,-0.68889439,-0.57000238,0
2.293916,0.64916563,-0.64484835,0.89046913,0.285923,0.35399526,0
0.24898553,0.31435061,2.447253,-0.44779637,0.68889439,0.57000238,0
0.27179754,0.92830539,1.72316,-0.44779637,0.68889439,0.57000238,0
1.2949111,0.75911975,1.7793224,0.89046913,0.285923,0.35399526,0
-2.3058672,0.72107601,-0.43183774,-0.89046913,-0.285923,-0.35399526,0
0.40740645,0.38076448,-2.3108315,0.080888391,0.66608733,-0.74147457,0
1.7282773,0.8069672,0.65055001,0.89046913,0.285923,0.35399526,0
-1.9323146,-1.6539896,0.5468452,-0.89046913,-0.285923,-0.35399526,0
-2.4058034,-0.32739568,0.66640484,-0.89046913,-0.285923,-0.35399526,0
1.7725421,-1.916405,1.0770807,0.44779637,-0.68889439,-0.57000238,0
-0.72764689,-0.68711627,-2.3727739,0.44779637,-0.68889439,-0.57000238,0
0.98261809,0.054497957,2.8534796,-0.080888391,-0.66608733,0.74147457,0
-1.7310591,-1.9271321,0.26120782,-0.89046913,-0.285923,-0.35399526,0
-0.96786857,1.8231785,-1.1651013,0.080888391,0.66608733,-0.74147457,0
1.8460352,-0.96981442,1.7894447,0.89046913,0.285923,0.35399526,0
-0.53059137,0.20274663,1.9696969,-0.44779637,0.68889439,0.57000238,0
-2.530139,-0.79555273,1.6053697,-0.44779637,0.68889439,0.57000238,0
0.78284013,0.11445737,2.8855491,-0.080888391,-0.66608733,0.74147457,0
0.58015919,-1.3838921,1.5174289,-0.080888391,-0.66608733,0.74147457,0
1.0722053,-1.8916949,0.49702942,0.44779637,-0.68889439,-0.57000238,0
-1.4620833,-2.3674464,-0.059752226,-0.89046913,-0.285923,-0.35399526,0
-1.2877411,-2.1395764,-0.68235934,-0.89046913,-0.285923,-0.35399526,0
0.88146317,-0.73099202,2.136817,-0.080888391,-0.66608733,0.74147457,0
2.3213041,-1.2984023,0.76128435,0.44779637,-0.68889439,-0.57000238,0
1.6313632,2.0332699,-0.6928165,0.080888391,0.66608733,-0.74147457,0
1.8385079,0.42087817,-1.695893,0.44779637,-0.68889439,-0.57000238,0
1.7446115,0.17683125,-1.4747077,0.44779637,-0.68889439,-0.57000238,0
1.5373137,1.2879562,-1.3726128,0.080888391,0.66608733,-0.74147457,0
-0.1267755,-1.8569895,1.0153117,-0.080888391,-0.66608733,0.74147457,0
-0.38759899,-2.214371,0.66581202,-0.080888391,-0.66608733,0.74147457,0
-0.42533374,0.42771685,-2.3594975,0.080888391,0.66608733,-0.74147457,0
-1.238318,-2.4437382,-0.56100917,-0.89046913,-0.285923,-0.35399526,0
0.18419039,0.47870135,-2.2472034,0.080888391,0.66608733,-0.74147457,0
-1.2834859,-1.6813734,1.0468855,-0.080888391,-0.66608733,0.74147457,0
1.0234368,-0.81394362,-0.84383357,0.44779637,-0.68889439,-0.57000238,0
0.081798315,2.351975,-0.14672494,-0.44779637,0.68889439,0.57000238,0
0.72506171,-0.47599477,2.3488262,-0.080888391,-0.66608733,0.74147457,0
0.24759746,1.3972918,-1.4150902,0.080888391,0.66608733,-0.74147457,0
-0.56542659,0.75769496,-2.0783522,0.080888391,0.66608733,-0.74147457,0
-1.7625154,-1.7276464,0.95305908,-0.080888391,-0.66608733,0.74147457,0
0.45845684,0.33088589,2.5918305,-0.44779637,0.68889439,0.57000238,0
-1.443226,-0.19443575,-1.8623362,-0.89046913,-0.285923,-0.35399526,0
0.18671727,1.476669,-1.3504252,0.080888391,0.66608733,-0.74147457,0
1.1380171,1.537321,1.5454317,0.89046913,0.285923,0.35399526,0
-1.8253053,-0.69613111,-0.49600053,-0.89046913,-0.285923,-0.35399526,0
0.86953485,-1.1273135,-0.58600646,0.44779637,-0.68889439,-0.57000238,0
0.56028581,1.8093624,0.88496828,-0.44779637,0.68889439,0.57000238,0
-0.11214519,-2.3395088,0.10781789,0.44779637,-0.68889439,-0.57000238,0
1.1660337,-0.36892676,2.4931147,-0.080888391,-0.66608733,0.74147457,0
-0.87151349,2.0261309,-0.50184178,-0.44779637,0.68889439,0.57000238,0
1.6383283,1.7282138,0.13272119,0.89046913,0.285923,0.35399526,0
-1.7440733,-0.77795058,-0.63425279,-0.89046913,-0.285923,-0.35399526,0
2.3104677,-1.4245148,0.98843455,0.89046913,0.285923,0.35399526,0
0.23483872,1.164452,-1.6256487,0.080888391,0.66608733,-0.74147457,0
-0.91114163,-1.4547461,-1.5891846,0.44779637,-0.68889439,-0.57000238,0
-0.41126823,-0.036822319,2.3529761,-0.44779637,0.68889439,0.57000238,0
1.1129079,2.6088054,0.35291862,-0.44779637,0.68889439,0.57000238,0
2.1444807,0.45959044,-1.5023066,0.44779637,-0.68889439,-0.57000238,0
-0.57118952,-1.7512426,-0.96377659,0.44779637,-0.68889439,-0.57000238,0
-0.87561107,1.2694458,-1.6524706,0.080888391,0.66608733,-0.74147457,0
-0.75001061,1.7059131,-0.019379377,-0.44779637,0.68889439,0.57000238,0
-2.5873065,-0.65410686,1.3868585,-0.89046913,-0.285923,-0.35399526,0
0.89200878,-0.47475928,2.3681486,-0.080888391,-0.66608733,0.74147457,0
0.59537792,-0.27361917,-1.8331449,0.44779637,-0.68889439,-0.57000238,0
2.4643729,0.72700047,-1.1364971,0.89046913,0.285923,0.35399526,0
2.2665539,-0.25361264,0.15315795,0.89046913,0.285923,0.35399526,0
1.5231102,-0.77187288,2.1700907,-0.080888391,-0.66608733,0.74147457,0
-0.76570129,-0.96267343,-2.0696363,0.44779637,-0.68889439,-0.57000238,0
2.0817447,0.39569473,0.09359467,0.89046913,0.285923,0.35399526,0
-1.3111695,0.90812922,-2.0245669,0.080888391,0.66608733,-0.74147457,0
