3.7666922,-0.31700736,-3.4240389,0.84596753,0.029828615,-0.53239977,0
-2.5313103,1.3425739,0.99523783,-0.1472396,0.97268379,-0.17946309,0
-1.4649589,-1.45726,1.6618862,0.1472396,-0.97268379,0.17946309,0
1.4268624,0.8419739,-2.9315214,-0.51250327,-0.23021024,-0.82725072,0
3.0658824,1.6716328,-0.55134654,0.51250327,0.23021024,0.82725072,0
2.9770255,1.0828658,-0.33245373,0.51250327,0.23021024,0.82725072,0
0.24742015,1.4837902,-0.51917017,-0.1472396,0.97268379,-0.17946309,0
-1.2339275,1.7084855,1.9140348,-0.1472396,0.97268379,-0.17946309,0
3.72259,0.75480032,-3.4340668,0.84596753,0.029828615,-0.53239977,0
-4.1505404,-1.2176762,2.7281322,-0.84596753,-0.029828615,0.53239977,0
-4.7940898,-0.20084669,1.2127204,-0.51250327,-0.23021024,-0.82725072,0
3.5876405,-0.059224695,-3.6941042,0.84596753,0.029828615,-0.53239977,0
-3.2727444,-1.5242361,2.7820673,0.1472396,-0.97268379,0.17946309,0
-2.6790397,1.4328557,1.6057668,-0.1472396,0.97268379,-0.17946309,0
-2.8653259,0.45033741,-0.16341281,-0.51250327,-0.23021024,-0.82725072,0
1.1521437,-1.1904901,0.96058035,0.1472396,-0.97268379,0.17946309,0
4.1751933,1.5091093,-2.6726327,0.84596753,0.029828615,-0.53239977,0
-3.6433229,-1.4573843,3.4484396,0.1472396,-0.97268379,0.17946309,0
4.1300397,0.88103974,-2.7795682,0.84596753,0.029828615,-0.53239977,0
1.1670367,-1.7362971,-2.0098932,0.1472396,-0.97268379,0.17946309,0
-2.6140904,0.38373607,3.3259454,0.51250327,0.23021024,0.82725072,0
-2.4356897,-1.5759836,1.8148386,0.1472396,-0.97268379,0.17946309,0
2.5136375,1.6938306,-1.2400656,-0.1472396,0.97268379,-0.17946309,0
3.7991924,0.33344924,-3.3359566,0.84596753,0.029828615,-0.53239977,0
-4.0838165,-0.34026414,2.8833146,-0.84596753,-0.029828615,0.53239977,0
-0.34160143,1.5703343,0.43315625,-0.1472396,0.97268379,-0.17946309,0
-3.5304532,-1.5501548,2.8530245,0.1472396,-0.97268379,0.17946309,0
1.6652532,-1.7258606,-2.362087,0.1472396,-0.97268379,0.17946309,0
-1.088323,-0.41121316,2.6019139,0.51250327,0.23021024,0.82725072,0
-1.0020167,-0.31255984,2.5209908,0.51250327,0.23021024,0.82725072,0
1.1568,-0.34980854,-2.4325569,-0.51250327,-0.23021024,-0.82725072,0
-3.0367968,1.2805989,1.0740597,-0.1472396,0.97268379,-0.17946309,0
2.7646122,-0.81017232,-3.3005271,-0.51250327,-0.23021024,-0.82725072,0
-3.2593851,-1.8384227,1.0682254,0.1472396,-0.97268379,0.17946309,0
2.8232291,-0.12369215,0.098592758,0.51250327,0.23021024,0.82725072,0
-0.43819433,-1.4567405,0.82229787,0.1472396,-0.97268379,0.17946309,0
3.4809012,-1.4816294,-3.5574312,-0.51250327,-0.23021024,-0.82725072,0
3.6757393,1.5279881,-3.0923657,-0.1472396,0.97268379,-0.17946309,0
1.2108643,-1.3033903,-2.2006853,-0.51250327,-0.23021024,-0.82725072,0
0.10691082,0.1487585,1.7056042,0.51250327,0.23021024,0.82725072,0
3.188745,-1.5795064,-3.349196,-0.51250327,-0.23021024,-0.82725072,0
4.1197906,0.66376495,-2.8080277,0.84596753,0.029828615,-0.53239977,0
-3.4314933,1.120718,3.6272573,0.51250327,0.23021024,0.82725072,0
4.3275485,1.3878609,-2.4373369,0.84596753,0.029828615,-0.53239977,0
-4.0337877,-0.99967992,2.9258623,-0.84596753,-0.029828615,0.53239977,0
4.9140987,0.95115364,-1.5297933,0.84596753,0.029828615,-0.53239977,0
-2.4588337,-1.5579084,0.14361668,-0.51250327,-0.23021024,-0.82725072,0
0.83805823,-1.2867676,-1.9743481,-0.51250327,-0.23021024,-0.82725072,0
4.3150058,0.11712331,-2.5284624,0.84596753,0.029828615,-0.53239977,0
-2.7594156,0.14528516,3.4823351,0.51250327,0.23021024,0.82725072,0
-4.4518452,-1.3045952,1.3078461,-0.51250327,-0.23021024,-0.82725072,0
1.1424992,-0.42185527,1.2228225,0.51250327,0.23021024,0.82725072,0
2.7856617,-0.87145972,0.32995808,0.51250327,0.23021024,0.82725072,0
-5.0180216,-0.15784885,1.4091096,-0.84596753,-0.029828615,0.53239977,0
4.0528474,-1.2709839,-3.0227957,0.84596753,0.029828615,-0.53239977,0
3.3759017,-1.5154024,-2.6249046,0.1472396,-0.97268379,0.17946309,0
2.6290641,1.640172,-1.6255932,-0.1472396,0.97268379,-0.17946309,0
2.2914464,-1.0569903,0.68776751,0.51250327,0.23021024,0.82725072,0
-1.8118219,0.70599431,2.7392399,0.51250327,0.23021024,0.82725072,0
1.1274978,-0.01875028,-2.506532,-0.51250327,-0.23021024,-0.82725072,0
1.0407909,-0.80561078,1.3926264,0.51250327,0.23021024,0.82725072,0
-4.6001549,0.37792036,2.1031036,-0.84596753,-0.029828615,0.53239977,0
-2.8391747,-1.8408679,0.71021271,0.1472396,-0.97268379,0.17946309,0
-3.8300238,0.85409629,3.3534994,-0.84596753,-0.029828615,0.53239977,0
0.090544224,1.6093786,0.29022214,-0.1472396,0.97268379,-0.17946309,0
2.7023802,0.69747984,-0.055057049,0.51250327,0.23021024,0.82725072,0
-4.4011779,0.209068,2.4098129,-0.84596753,-0.029828615,0.53239977,0
4.5260816,0.72887975,-2.1587944,0.84596753,0.029828615,-0.53239977,0
2.2604685,-1.2526948,-0.28588581,0.1472396,-0.97268379,0.17946309,0
-4.8444366,0.77716368,1.7373166,-0.84596753,-0.029828615,0.53239977,0
-3.4763851,-1.4031715,3.6053066,0.1472396,-0.97268379,0.17946309,0
-0.67891586,0.51732218,2.089879,0.51250327,0.23021024,0.82725072,0
-0.91492724,1.4890444,0.46295118,-0.1472396,0.97268379,-0.17946309,0
4.0570235,0.88690031,-2.8952608,0.84596753,0.029828615,-0.53239977,0
4.7390566,-0.18679905,-1.0707507,0.51250327,0.23021024,0.82725072,0
4.822629,0.84999436,-1.6808038,0.84596753,0.029828615,-0.53239977,0
1.5232186,1.2296436,-2.9433587,-0.1472396,0.97268379,-0.17946309,0
0.703412,1.7933571,0.78455633,-0.1472396,0.97268379,-0.17946309,0
4.2037716,0.96550786,-2.6576772,0.84596753,0.029828615,-0.53239977,0
3.9714594,0.20325178,-3.0695224,0.84596753,0.029828615,-0.53239977,0
-1.2866029,-0.79694784,2.8320973,0.51250327,0.23021024,0.82725072,0
2.1955886,-1.1391611,0.38269305,0.1472396,-0.97268379,0.17946309,0
-2.3768964,-1.7420402,0.86658239,0.1472396,-0.97268379,0.17946309,0
2.3413904,-1.2431176,-0.30037117,0.1472396,-0.97268379,0.17946309,0
-0.76370382,1.4271727,0.0035361052,-0.1472396,0.97268379,-0.17946309,0
-1.0005071,1.5812775,1.0330635,-0.1472396,0.97268379,-0.17946309,0
-3.9257927,0.27407604,3.168829,-0.84596753,-0.029828615,0.53239977,0
-1.4319985,-1.7887843,-0.16200548,0.1472396,-0.97268379,0.17946309,0
4.8543768,-0.94633758,-1.7309999,0.84596753,0.029828615,-0.53239977,0
-2.0424256,-1.7373976,0.61733043,0.1472396,-0.97268379,0.17946309,0
-2.0665786,-0.37310624,3.1973643,0.51250327,0.23021024,0.82725072,0
-4.714088,0.26829946,1.0326018,-0.51250327,-0.23021024,-0.82725072,0
-4.9433045,0.32116646,1.5546703,-0.84596753,-0.029828615,0.53239977,0
4.6736221,0.8447215,-1.3172674,0.51250327,0.23021024,0.82725072,0
0.49839878,-0.787503,1.7236133,0.51250327,0.23021024,0.82725072,0
-2.6940737,-1.6595211,1.5740588,0.1472396,-0.97268379,0.17946309,0
3.1617978,-1.564981,-2.7179575,0.1472396,-0.97268379,0.17946309,0
4.8788099,-1.0581807,-1.6984429,0.84596753,0.029828615,-0.53239977,0
1.6189154,-1.4942873,-2.4003603,-0.51250327,-0.23021024,-0.82725072,0
2.931288,0.39804912,-3.7400146,-0.51250327,-0.23021024,-0.82725072,0
0.96282578,-1.6828511,-1.5526738,0.1472396,-0.97268379,0.17946309,0
4.0242634,1.4536728,-1.084434,0.51250327,0.23021024,0.82725072,0
-4.7356992,-1.5923516,1.5637789,-0.51250327,-0.23021024,-0.82725072,0
-0.64335215,1.6611987,1.1732075,-0.1472396,0.97268379,-0.17946309,0
4.1519084,0.82790804,-2.7477975,0.84596753,0.029828615,-0.53239977,0
1.8189707,0.0050514936,0.68492979,0.51250327,0.23021024,0.82725072,0
2.0533147,-1.6444095,-2.2390099,0.1472396,-0.97268379,0.17946309,0
5.0207963,0.28028071,-1.397841,0.84596753,0.029828615,-0.53239977,0
-0.93897527,0.34536117,-1.3276238,-0.51250327,-0.23021024,-0.82725072,0
3.1538329,0.509229,-0.2823565,0.51250327,0.23021024,0.82725072,0
4.2508736,-1.0163901,-0.63813972,0.1472396,-0.97268379,0.17946309,0
-3.3772039,-1.5060164,2.9665203,0.1472396,-0.97268379,0.17946309,0
4.3233323,0.98165089,-1.1383591,0.51250327,0.23021024,0.82725072,0
-4.4604011,-1.09526,2.2426324,-0.84596753,-0.029828615,0.53239977,0
-2.5170393,1.1788327,0.096058607,-0.1472396,0.97268379,-0.17946309,0
4.4889755,-1.0249187,-2.3160143,0.84596753,0.029828615,-0.53239977,0
-5.0631528,0.96851265,1.4005036,-0.84596753,-0.029828615,0.53239977,0
-4.2480817,1.3482302,2.434412,-0.1472396,0.97268379,-0.17946309,0
-3.5847831,0.83383596,3.7420449,-0.84596753,-0.029828615,0.53239977,0
-4.6140761,-1.1019523,1.9980717,-0.84596753,-0.029828615,0.53239977,0
1.8288996,-1.5161421,-1.3596833,0.1472396,-0.97268379,0.17946309,0
-0.68272781,1.399363,1.8467834,0.51250327,0.23021024,0.82725072,0
2.3847744,-0.55952346,0.49151146,0.51250327,0.23021024,0.82725072,0
4.4943619,-1.1228416,-2.3129416,0.84596753,0.029828615,-0.53239977,0
-3.096272,1.4517511,2.0504949,-0.1472396,0.97268379,-0.17946309,0
2.1045091,1.7920825,0.010729909,0.51250327,0.23021024,0.82725072,0
3.6076038,-0.99784875,-3.7149725,0.84596753,0.029828615,-0.53239977,0
-0.78463954,-1.3062463,1.9222109,0.1472396,-0.97268379,0.17946309,0
-1.9203794,-1.7584575,0.40305388,0.1472396,-0.97268379,0.17946309,0
-0.64410943,-1.7865609,-0.91702235,-0.51250327,-0.23021024,-0.82725072,0
1.9085002,-0.60525215,-2.8271697,-0.51250327,-0.23021024,-0.82725072,0
-4.592907,-1.6629735,2.0002766,-0.84596753,-0.029828615,0.53239977,0
4.6677628,-0.46842185,-2.0007477,0.84596753,0.029828615,-0.53239977,0
-2.3162174,1.2002399,0.047320843,-0.1472396,0.97268379,-0.17946309,0
4.0215402,-1.3380522,-2.1933813,0.1472396,-0.97268379,0.17946309,0
3.0516624,1.1534216,-4.0247984,-0.51250327,-0.23021024,-0.82725072,0
-4.0057321,-1.5793113,2.9379683,-0.84596753,-0.029828615,0.53239977,0
3.4153647,-1.0149775,-0.020220757,0.51250327,0.23021024,0.82725072,0
2.9127924,-0.21961929,-3.5566702,-0.51250327,-0.23021024,-0.82725072,0
3.5099597,-1.4799688,-2.5428433,0.1472396,-0.97268379,0.17946309,0
-0.21615636,-1.2607145,-1.3284848,-0.51250327,-0.23021024,-0.82725072,0
0.63414156,0.95071113,-2.4706695,-0.51250327,-0.23021024,-0.82725072,0
4.460783,0.57143503,-2.2713742,0.84596753,0.029828615,-0.53239977,0
1.8783088,-0.95909131,0.91647333,0.51250327,0.23021024,0.82725072,0
-4.2046623,1.116593,1.1433234,-0.1472396,0.97268379,-0.17946309,0
4.1251392,1.2807752,-2.7649584,0.84596753,0.029828615,-0.53239977,0
4.4106474,-0.16366263,-2.3922224,0.84596753,0.029828615,-0.53239977,0
0.21873784,-0.018156022,-1.9436966,-0.51250327,-0.23021024,-0.82725072,0
-3.9345407,-0.59425867,0.78968763,-0.51250327,-0.23021024,-0.82725072,0
-5.0328279,-0.22374403,1.3818908,-0.84596753,-0.029828615,0.53239977,0
-2.880322,-1.7411003,0.45571876,-0.51250327,-0.23021024,-0.82725072,0
-2.3527544,-1.0080657,-0.075114489,-0.51250327,-0.23021024,-0.82725072,0
3.6940081,1.531363,-3.0890617,-0.1472396,0.97268379,-0.17946309,0
4.0321746,1.8304206,-1.7456288,-0.1472396,0.97268379,-0.17946309,0
-4.2364893,1.025394,2.7172346,-0.84596753,-0.029828615,0.53239977,0
2.0629406,0.93805134,0.27414548,0.51250327,0.23021024,0.82725072,0
-1.1781415,-1.1909921,2.8697298,0.1472396,-0.97268379,0.17946309,0
1.2693739,1.6229692,-0.60328186,-0.1472396,0.97268379,-0.17946309,0
-2.0037208,1.3083954,2.6904879,0.51250327,0.23021024,0.82725072,0
-3.3304789,-0.54374522,0.40139842,-0.51250327,-0.23021024,-0.82725072,0
-3.6058445,-1.5108736,0.8411305,-0.51250327,-0.23021024,-0.82725072,0
3.856416,-0.24475724,-0.5078032,0.51250327,0.23021024,0.82725072,0
-2.9772596,0.15968186,-0.013181925,-0.51250327,-0.23021024,-0.82725072,0
-2.7434449,0.91920781,3.2570705,0.51250327,0.23021024,0.82725072,0
1.0815291,-1.2489098,-2.13572,-0.51250327,-0.23021024,-0.82725072,0
-3.340935,0.24411349,3.8150983,0.51250327,0.23021024,0.82725072,0
3.6486921,1.4037971,-3.5151272,0.84596753,0.029828615,-0.53239977,0
0.9002893,-0.77000606,-2.1567082,-0.51250327,-0.23021024,-0.82725072,0
-3.7934837,-0.97245634,3.3092241,-0.84596753,-0.029828615,0.53239977,0
-1.7705232,-1.3727462,-0.33433741,-0.51250327,-0.23021024,-0.82725072,0
3.9474566,0.87267518,-3.0701571,0.84596753,0.029828615,-0.53239977,0
3.6630461,-1.5424826,-3.0072632,0.1472396,-0.97268379,0.17946309,0
-4.6964536,0.36832422,1.9495516,-0.84596753,-0.029828615,0.53239977,0
-4.4777746,-0.35046273,2.2567544,-0.84596753,-0.029828615,0.53239977,0
-1.2218072,-1.6137151,0.61441326,0.1472396,-0.97268379,0.17946309,0
3.6654494,0.54882574,-0.61033511,0.51250327,0.23021024,0.82725072,0
3.6817737,1.1309581,-3.4778481,0.84596753,0.029828615,-0.53239977,0
1.7502036,1.3961736,-2.227,-0.1472396,0.97268379,-0.17946309,0
-0.89346439,-1.7334352,-0.77732438,-0.51250327,-0.23021024,-0.82725072,0
-1.3962697,1.6355345,1.6518364,-0.1472396,0.97268379,-0.17946309,0
2.0445857,1.7988954,-0.28578663,-0.1472396,0.97268379,-0.17946309,0
3.8101439,-1.1977758,-3.4043422,0.84596753,0.029828615,-0.53239977,0
-2.4563575,1.1571308,3.0130026,0.51250327,0.23021024,0.82725072,0
0.4776473,0.34066111,1.4225199,0.51250327,0.23021024,0.82725072,0
2.9673705,1.8316832,-0.86517191,-0.1472396,0.97268379,-0.17946309,0
-1.4053812,1.6732264,2.2182746,0.51250327,0.23021024,0.82725072,0
-4.7593446,-0.46409938,1.8029809,-0.84596753,-0.029828615,0.53239977,0
2.576956,-1.5099612,-1.9399216,0.1472396,-0.97268379,0.17946309,0
2.0753844,-1.6360804,-2.211971,0.1472396,-0.97268379,0.17946309,0
0.46062529,-1.1108909,-1.7894621,-0.51250327,-0.23021024,-0.82725072,0
4.7029181,0.23871334,-1.9052696,0.84596753,0.029828615,-0.53239977,0
0.87084067,-1.7262422,-1.7123828,0.1472396,-0.97268379,0.17946309,0
4.0086522,-1.0228906,-3.0791221,0.84596753,0.029828615,-0.53239977,0
-3.9349642,0.47482347,3.1655025,-0.84596753,-0.029828615,0.53239977,0
4.4978614,1.0449119,-2.1859298,0.84596753,0.029828615,-0.53239977,0
-2.8647013,0.71427119,-0.23724794,-0.51250327,-0.23021024,-0.82725072,0
3.9268522,0.25950742,-3.1372514,0.84596753,0.029828615,-0.53239977,0
4.5436268,-0.36544237,-2.1922269,0.84596753,0.029828615,-0.53239977,0
2.9231021,1.7178168,-1.4460049,-0.1472396,0.97268379,-0.17946309,0
1.5618187,1.0131851,0.56369519,0.51250327,0.23021024,0.82725072,0
-1.181165,-1.7438663,-0.12434804,0.1472396,-0.97268379,0.17946309,0
-1.1529535,-0.86312914,-0.85875595,-0.51250327,-0.23021024,-0.82725072,0
0.76425993,0.92508519,-2.5441504,-0.51250327,-0.23021024,-0.82725072,0
-0.52258724,1.5337325,0.38326454,-0.1472396,0.97268379,-0.17946309,0
-3.3614945,-0.872428,0.51208067,-0.51250327,-0.23021024,-0.82725072,0
-1.5293448,-1.5427028,1.251614,0.1472396,-0.97268379,0.17946309,0
-4.0970287,-0.47917831,2.8545361,-0.84596753,-0.029828615,0.53239977,0
-2.8755829,0.57734549,-0.1924026,-0.51250327,-0.23021024,-0.82725072,0
-4.9505801,-0.74698132,1.4616508,-0.51250327,-0.23021024,-0.82725072,0
4.5977097,0.99058974,-2.0303164,0.84596753,0.029828615,-0.53239977,0
0.099015355,-0.11092818,1.7827623,0.51250327,0.23021024,0.82725072,0
-5.1314821,0.73910964,1.2790771,-0.84596753,-0.029828615,0.53239977,0
-3.2165868,-1.8489293,0.97616673,0.1472396,-0.97268379,0.17946309,0
5.0823531,-0.41689402,-1.3390889,0.84596753,0.029828615,-0.53239977,0
-0.64015239,-1.6812758,-0.22897969,0.1472396,-0.97268379,0.17946309,0
4.0398455,-1.2090687,-1.509315,0.1472396,-0.97268379,0.17946309,0
-0.58140767,1.4057577,-0.26209575,-0.1472396,0.97268379,-0.17946309,0
1.0441762,1.5750983,-0.67797637,-0.1472396,0.97268379,-0.17946309,0
-3.1737251,-0.42619529,0.27157307,-0.51250327,-0.23021024,-0.82725072,0
-3.4401536,1.0346789,3.6565657,0.51250327,0.23021024,0.82725072,0
0.64148808,-0.39921403,-2.0995593,-0.51250327,-0.23021024,-0.82725072,0
0.79624605,0.42063791,-2.4235873,-0.51250327,-0.23021024,-0.82725072,0
4.2372956,-0.70590556,-2.6980543,0.84596753,0.029828615,-0.53239977,0
1.1923182,0.32057709,-2.6411188,-0.51250327,-0.23021024,-0.82725072,0
3.6743147,1.6647272,-2.3500762,-0.1472396,0.97268379,-0.17946309,0
0.089161992,0.84664667,-2.1040814,-0.51250327,-0.23021024,-0.82725072,0
-2.7906542,-0.95356953,3.8074813,0.51250327,0.23021024,0.82725072,0
2.1334324,0.91857105,0.23589504,0.51250327,0.23021024,0.82725072,0
-3.7705345,1.022473,0.27701855,-0.1472396,0.97268379,-0.17946309,0
-0.45262772,-1.354483,1.3883719,0.1472396,-0.97268379,0.17946309,0
2.8539906,-0.73234838,-3.3775563,-0.51250327,-0.23021024,-0.82725072,0
-3.1860566,-1.8575889,0.90418291,0.1472396,-0.97268379,0.17946309,0
0.6994372,1.5134579,-0.72922689,-0.1472396,0.97268379,-0.17946309,0
3.1004224,-1.5630633,-2.6572094,0.1472396,-0.97268379,0.17946309,0
-0.6589846,-0.70503831,-1.2087766,-0.51250327,-0.23021024,-0.82725072,0
1.7141587,0.30850011,0.6654188,0.51250327,0.23021024,0.82725072,0
0.78780925,0.80835044,1.1002163,0.51250327,0.23021024,0.82725072,0
-3.8837988,-1.0267389,3.1626759,-0.84596753,-0.029828615,0.53239977,0
3.6840463,0.31198004,-0.55594635,0.51250327,0.23021024,0.82725072,0
0.8659631,-1.3225166,0.47979796,0.1472396,-0.97268379,0.17946309,0
-1.6492126,-1.3159052,2.5791938,0.1472396,-0.97268379,0.17946309,0
4.353425,0.88487005,-2.4244018,0.84596753,0.029828615,-0.53239977,0
3.8396082,-1.0118102,-3.347106,0.84596753,0.029828615,-0.53239977,0
4.3061042,-1.3512501,-2.4983859,0.1472396,-0.97268379,0.17946309,0
-4.2193837,-0.50971484,2.6584082,-0.84596753,-0.029828615,0.53239977,0
-2.9010172,-1.6046388,2.0413051,0.1472396,-0.97268379,0.17946309,0
-1.1126446,0.99998784,-1.4022031,-0.51250327,-0.23021024,-0.82725072,0
4.3492899,1.4078016,-2.4016743,0.84596753,0.029828615,-0.53239977,0
0.82030666,-1.7491436,-1.7950461,0.1472396,-0.97268379,0.17946309,0
-2.1339195,-0.40051377,-0.37976003,-0.51250327,-0.23021024,-0.82725072,0
-2.7843964,-1.6428634,1.7384474,0.1472396,-0.97268379,0.17946309,0
1.7095263,0.70446146,-3.0683715,-0.51250327,-0.23021024,-0.82725072,0
3.8865895,-1.4554768,-3.2973118,0.84596753,0.029828615,-0.53239977,0
0.089721084,-0.3141827,1.8450828,0.51250327,0.23021024,0.82725072,0
3.8592994,1.36564,-0.95773625,0.51250327,0.23021024,0.82725072,0
-2.3896074,0.56990045,-0.49140501,-0.51250327,-0.23021024,-0.82725072,0
-0.27618134,-0.44914347,2.1093261,0.51250327,0.23021024,0.82725072,0
-4.4022861,-1.5249655,1.3384686,-0.51250327,-0.23021024,-0.82725072,0
4.4827151,1.6255604,-2.1774645,0.84596753,0.029828615,-0.53239977,0
0.86999321,-1.3954329,0.081285954,0.1472396,-0.97268379,0.17946309,0
4.1113186,1.8546213,-1.6793942,-0.1472396,0.97268379,-0.17946309,0
-2.5268579,0.46837795,3.248348,0.51250327,0.23021024,0.82725072,0
-1.3969121,1.0403876,2.3891358,0.51250327,0.23021024,0.82725072,0
3.4085975,-1.2890735,-3.5662231,-0.51250327,-0.23021024,-0.82725072,0
-2.0760486,0.24485579,3.0312624,0.51250327,0.23021024,0.82725072,0
-0.82083398,-1.3395798,1.7712387,0.1472396,-0.97268379,0.17946309,0
3.482944,1.0897918,-3.7960896,0.84596753,0.029828615,-0.53239977,0
2.8112364,1.2488954,-3.8957615,-0.1472396,0.97268379,-0.17946309,0
5.0813622,-0.21339402,-1.3292627,0.84596753,0.029828615,-0.53239977,0
-0.84098482,-0.087579548,2.3586197,0.51250327,0.23021024,0.82725072,0
-1.8509302,-0.069106102,2.9791665,0.51250327,0.23021024,0.82725072,0
1.0480309,1.6681772,-0.17665529,-0.1472396,0.97268379,-0.17946309,0
2.9897003,1.7103176,-1.5412896,-0.1472396,0.97268379,-0.17946309,0
4.540309,-0.37205866,-2.1978703,0.84596753,0.029828615,-0.53239977,0
-3.6290252,1.0181439,3.6820722,-0.84596753,-0.029828615,0.53239977,0
-4.5082226,-1.699788,2.1327748,-0.84596753,-0.029828615,0.53239977,0
-3.3458412,1.4934628,2.4813285,-0.1472396,0.97268379,-0.17946309,0
-4.1701937,-0.84652996,1.0058837,-0.51250327,-0.23021024,-0.82725072,0
-4.2871332,1.145601,2.6434989,-0.84596753,-0.029828615,0.53239977,0
2.1072071,-1.327814,-0.56728649,0.1472396,-0.97268379,0.17946309,0
-1.8361416,-1.7326839,0.47363305,0.1472396,-0.97268379,0.17946309,0
4.3624272,1.5406115,-2.3733587,0.84596753,0.029828615,-0.53239977,0
1.6143503,0.18238193,-2.8641214,-0.51250327,-0.23021024,-0.82725072,0
-1.467728,0.37447709,-1.0081502,-0.51250327,-0.23021024,-0.82725072,0
-1.7485266,0.7405144,-0.93605042,-0.51250327,-0.23021024,-0.82725072,0
0.46362197,-1.6708812,-1.0782282,0.1472396,-0.97268379,0.17946309,0
-1.2782445,-1.4982021,1.2867925,0.1472396,-0.97268379,0.17946309,0
-3.2937975,-1.1275299,4.0945225,-0.84596753,-0.029828615,0.53239977,0
-4.388618,-0.32430947,2.399888,-0.84596753,-0.029828615,0.53239977,0
-4.3395252,0.93914896,2.5486813,-0.84596753,-0.029828615,0.53239977,0
-0.56826627,-1.1795121,2.4315825,0.1472396,-0.97268379,0.17946309,0
-4.7103248,-0.8272655,1.3351479,-0.51250327,-0.23021024,-0.82725072,0
-0.2777288,-1.2513493,1.8038565,0.1472396,-0.97268379,0.17946309,0
1.9239388,-1.1246438,0.68425041,0.1472396,-0.97268379,0.17946309,0
-3.784858,-0.70053935,3.3381653,-0.84596753,-0.029828615,0.53239977,0
4.2057924,-0.18271837,-0.74151516,0.51250327,0.23021024,0.82725072,0
4.4694157,0.51783293,-2.2606597,0.84596753,0.029828615,-0.53239977,0
-1.5473042,-1.0409799,-0.56495261,-0.51250327,-0.23021024,-0.82725072,0
3.180871,-1.121217,-0.32842135,0.1472396,-0.97268379,0.17946309,0
3.5063949,0.39524788,-3.7977405,0.84596753,0.029828615,-0.53239977,0
-2.6834338,1.0483154,-0.44250703,-0.51250327,-0.23021024,-0.82725072,0
3.3391976,-1.517066,-2.603807,0.1472396,-0.97268379,0.17946309,0
-4.0445971,-0.90903401,2.913765,-0.84596753,-0.029828615,0.53239977,0
2.1400485,-1.3028424,-0.45888638,0.1472396,-0.97268379,0.17946309,0
-0.040783286,1.2965209,1.4777012,0.51250327,0.23021024,0.82725072,0
-3.8600173,1.0742968,0.6313169,-0.1472396,0.97268379,-0.17946309,0
3.5536287,0.092020638,-0.41393781,0.51250327,0.23021024,0.82725072,0
0.59056705,-1.4705462,-0.096571922,0.1472396,-0.97268379,0.17946309,0
-0.038630247,1.0447637,1.5464275,0.51250327,0.23021024,0.82725072,0
-0.10766155,1.5111617,-0.079491779,-0.1472396,0.97268379,-0.17946309,0
-0.48174858,-1.7801092,-0.89461523,0.1472396,-0.97268379,0.17946309,0
2.2690535,1.7454602,-0.75956678,-0.1472396,0.97268379,-0.17946309,0
4.3139453,0.87142837,-2.487886,0.84596753,0.029828615,-0.53239977,0
-3.5829649,-1.1657428,3.6329017,-0.84596753,-0.029828615,0.53239977,0
-3.1235714,-1.5097325,2.7382865,0.1472396,-0.97268379,0.17946309,0
-3.6078241,0.5752548,0.26182175,-0.51250327,-0.23021024,-0.82725072,0
2.9222949,-1.3044174,-1.1092117,0.1472396,-0.97268379,0.17946309,0
-2.7887597,-0.27186373,-0.0098707676,-0.51250327,-0.23021024,-0.82725072,0
4.5506802,0.2444391,-2.1468492,0.84596753,0.029828615,-0.53239977,0
-4.0399733,1.209793,3.039824,-0.84596753,-0.029828615,0.53239977,0
-2.5766487,1.4172826,3.0151305,0.51250327,0.23021024,0.82725072,0
-3.6558306,-1.2558477,3.512074,-0.84596753,-0.029828615,0.53239977,0
-0.37863982,0.20444453,-1.6355517,-0.51250327,-0.23021024,-0.82725072,0
-1.9183705,-0.84808946,-0.38874543,-0.51250327,-0.23021024,-0.82725072,0
4.7403121,-1.0597969,-1.9186034,0.84596753,0.029828615,-0.53239977,0
-4.1866364,0.52270126,0.63503599,-0.51250327,-0.23021024,-0.82725072,0
2.6376872,-0.37995529,0.28485453,0.51250327,0.23021024,0.82725072,0
-2.2613127,1.1206683,2.9023142,0.51250327,0.23021024,0.82725072,0
-4.5627003,-1.4258877,2.0615578,-0.84596753,-0.029828615,0.53239977,0
-4.0654893,-0.39507353,2.9093642,-0.84596753,-0.029828615,0.53239977,0
1.8486581,-1.4176217,-0.8419168,0.1472396,-0.97268379,0.17946309,0
0.46464354,-0.76227236,1.7375045,0.51250327,0.23021024,0.82725072,0
-4.8667741,-1.2511955,1.5881801,-0.84596753,-0.029828615,0.53239977,0
-1.4827654,-0.15779282,-0.8507123,-0.51250327,-0.23021024,-0.82725072,0
-3.9924426,1.1454513,3.1117449,-0.84596753,-0.029828615,0.53239977,0
-2.5494483,1.1769586,0.11249042,-0.1472396,0.97268379,-0.17946309,0
-4.4344006,-1.3260615,1.3030124,-0.51250327,-0.23021024,-0.82725072,0
-2.7945821,1.1754969,0.30568695,-0.1472396,0.97268379,-0.17946309,0
-1.1950395,-1.4390783,-0.67240542,-0.51250327,-0.23021024,-0.82725072,0
-3.591887,1.4999404,3.6210938,0.51250327,0.23021024,0.82725072,0
-0.98950887,0.1408819,-1.2394139,-0.51250327,-0.23021024,-0.82725072,0
-0.63109678,-1.3395396,1.6157876,0.1472396,-0.97268379,0.17946309,0
-1.9967917,1.1266496,-0.61360747,-0.1472396,0.97268379,-0.17946309,0
1.9324143,-1.6375916,-2.5547016,-0.51250327,-0.23021024,-0.82725072,0
-0.14756304,1.287033,-1.2615255,-0.1472396,0.97268379,-0.17946309,0
1.2715738,-0.097069204,-2.5739958,-0.51250327,-0.23021024,-0.82725072,0
-0.35802042,-1.1161368,-1.2808299,-0.51250327,-0.23021024,-0.82725072,0
-3.6626899,-0.61634982,3.5370049,-0.84596753,-0.029828615,0.53239977,0
5.033989,0.20066349,-1.3813386,0.84596753,0.029828615,-0.53239977,0
0.32927346,1.0184437,-2.3006449,-0.51250327,-0.23021024,-0.82725072,0
4.7589202,-1.1246659,-1.8926687,0.84596753,0.029828615,-0.53239977,0
-4.8119245,-1.0960529,1.6840272,-0.84596753,-0.029828615,0.53239977,0
3.2732012,-1.124715,-0.4231317,0.1472396,-0.97268379,0.17946309,0
4.2194948,-0.69397318,-2.7256708,0.84596753,0.029828615,-0.53239977,0
-4.1725135,-1.6652132,2.6681437,-0.84596753,-0.029828615,0.53239977,0
0.21275759,0.34585667,1.5851802,0.51250327,0.23021024,0.82725072,0
-2.1656518,1.6278137,2.2412245,-0.1472396,0.97268379,-0.17946309,0
-3.5082169,0.76853287,3.7727971,0.51250327,0.23021024,0.82725072,0
5.1983299,-0.97130561,-1.1858673,0.84596753,0.029828615,-0.53239977,0
3.4135652,1.1928596,-3.9005551,0.84596753,0.029828615,-0.53239977,0
1.9233745,-1.57749,-1.7696981,0.1472396,-0.97268379,0.17946309,0
2.0000322,-1.1942255,-2.7199743,-0.51250327,-0.23021024,-0.82725072,0
1.622952,1.7037373,-0.45561182,-0.1472396,0.97268379,-0.17946309,0
-4.4723492,0.67062628,0.77087736,-0.51250327,-0.23021024,-0.82725072,0
-0.3814781,-1.6517173,-0.28100219,0.1472396,-0.97268379,0.17946309,0
-3.3906319,-1.2397095,3.9343715,-0.84596753,-0.029828615,0.53239977,0
4.1277227,-0.96834743,-2.8868656,0.84596753,0.029828615,-0.53239977,0
-2.2986174,0.84257209,3.0028152,0.51250327,0.23021024,0.82725072,0
4.8128271,1.549448,-1.6571903,0.84596753,0.029828615,-0.53239977,0
3.7647736,0.76979697,-3.366199,0.84596753,0.029828615,-0.53239977,0
0.24919581,1.1564982,1.3370178,0.51250327,0.23021024,0.82725072,0
-4.8738523,0.25966513,1.6615825,-0.84596753,-0.029828615,0.53239977,0
-2.8376627,-0.64336598,3.7502794,0.51250327,0.23021024,0.82725072,0
-4.7796278,0.64001071,1.8326116,-0.84596753,-0.029828615,0.53239977,0
-0.11455142,0.45722792,1.7569641,0.51250327,0.23021024,0.82725072,0
-1.1528614,-1.4060985,1.6831213,0.1472396,-0.97268379,0.17946309,0
-4.4709759,-0.7045598,2.2477183,-0.84596753,-0.029828615,0.53239977,0
2.9339905,1.3455747,-3.472476,-0.1472396,0.97268379,-0.17946309,0
4.1060352,1.9276302,-1.2793546,-0.1472396,0.97268379,-0.17946309,0
-1.826544,-1.3114281,2.7489505,0.1472396,-0.97268379,0.17946309,0
-1.402632,-1.0763073,-0.6447497,-0.51250327,-0.23021024,-0.82725072,0
-4.3733859,-0.39420283,2.4201736,-0.84596753,-0.029828615,0.53239977,0
4.7006745,0.82307673,-1.8760939,0.84596753,0.029828615,-0.53239977,0
0.19830251,-1.7028553,-1.4622124,-0.51250327,-0.23021024,-0.82725072,0
-4.920846,0.97160923,1.6267991,-0.84596753,-0.029828615,0.53239977,0
-3.5750771,-0.47849047,3.6839423,-0.84596753,-0.029828615,0.53239977,0
-4.4111238,1.3214272,2.4563303,-0.84596753,-0.029828615,0.53239977,0
-2.4105182,1.6243352,2.854589,0.51250327,0.23021024,0.82725072,0
-2.9510243,1.4738971,2.0513587,-0.1472396,0.97268379,-0.17946309,0
3.3655105,-0.076793432,-3.8768859,-0.51250327,-0.23021024,-0.82725072,0
4.2948494,-0.54606307,-2.5976462,0.84596753,0.029828615,-0.53239977,0
4.7490921,1.5590572,-1.757925,0.84596753,0.029828615,-0.53239977,0
4.7345881,-1.0929135,-1.9295521,0.84596753,0.029828615,-0.53239977,0
3.0005841,-0.20637074,-3.6147466,-0.51250327,-0.23021024,-0.82725072,0
-2.9700031,-1.5902905,2.1756713,0.1472396,-0.97268379,0.17946309,0
3.5826733,-1.1929833,-3.700808,-0.51250327,-0.23021024,-0.82725072,0
0.4363226,-1.4382943,0.20478253,0.1472396,-0.97268379,0.17946309,0
4.7789474,0.24770071,-1.7839575,0.84596753,0.029828615,-0.53239977,0
-4.9622903,0.38776278,1.528234,-0.84596753,-0.029828615,0.53239977,0
1.4150186,-1.554003,-1.22532,0.1472396,-0.97268379,0.17946309,0
4.3253155,1.2646867,-2.4477863,0.84596753,0.029828615,-0.53239977,0
3.9768875,1.2758515,-3.000803,0.84596753,0.029828615,-0.53239977,0
1.8569959,-1.1228579,-2.6512201,-0.51250327,-0.23021024,-0.82725072,0
-0.98596954,0.29811031,2.3411105,0.51250327,0.23021024,0.82725072,0
3.1217442,-0.40176386,-0.0089621544,0.51250327,0.23021024,0.82725072,0
0.067097425,1.2220337,-1.7899358,-0.1472396,0.97268379,-0.17946309,0
-4.9482026,0.69605541,1.5678911,-0.84596753,-0.029828615,0.53239977,0
-4.5283036,-1.7440393,2.0983872,-0.84596753,-0.029828615,0.53239977,0
-4.4538078,-0.037923932,0.95656872,-0.51250327,-0.23021024,-0.82725072,0
-1.1615403,1.5379815,0.93052018,-0.1472396,0.97268379,-0.17946309,0
-3.1017227,-1.2628576,4.0584159,0.1472396,-0.97268379,0.17946309,0
-1.200902,1.1322941,-1.2359979,-0.1472396,0.97268379,-0.17946309,0
-2.6586187,1.1897358,0.27131033,-0.1472396,0.97268379,-0.17946309,0
2.8970735,0.84794986,-0.21754766,0.51250327,0.23021024,0.82725072,0
-4.3000379,-0.31199187,2.5413299,-0.84596753,-0.029828615,0.53239977,0
1.7654836,-1.3037546,-0.15652096,0.1472396,-0.97268379,0.17946309,0
2.8388608,1.8030957,-0.91467834,-0.1472396,0.97268379,-0.17946309,0
4.5977192,-1.1361457,-2.1494546,0.84596753,0.029828615,-0.53239977,0
-1.1785165,1.6718764,1.670154,-0.1472396,0.97268379,-0.17946309,0
3.3501744,0.11788344,-3.9215608,-0.51250327,-0.23021024,-0.82725072,0
4.5609021,-1.2132261,-2.2122765,0.84596753,0.029828615,-0.53239977,0
-4.5966721,-1.7013975,1.5079937,-0.51250327,-0.23021024,-0.82725072,0
3.8963799,0.81679893,-3.1544461,0.84596753,0.029828615,-0.53239977,0
0.70397675,1.5524778,-0.52146506,-0.1472396,0.97268379,-0.17946309,0
-4.8747997,0.60835421,1.0375357,-0.51250327,-0.23021024,-0.82725072,0
0.82461154,-0.051215678,-2.3098512,-0.51250327,-0.23021024,-0.82725072,0
0.4781394,-1.5665141,-0.5244717,0.1472396,-0.97268379,0.17946309,0
-3.2648017,1.2499057,1.0947702,-0.1472396,0.97268379,-0.17946309,0
-3.7871008,-1.7072592,2.2120891,0.1472396,-0.97268379,0.17946309,0
-0.37557539,-1.5461544,0.28630269,0.1472396,-0.97268379,0.17946309,0
-3.9524419,1.4576586,3.1927958,-0.84596753,-0.029828615,0.53239977,0
4.3885636,1.1895126,-1.2366161,0.51250327,0.23021024,0.82725072,0
-2.6174381,0.58102119,-0.35335267,-0.51250327,-0.23021024,-0.82725072,0
-4.3130407,-1.4166495,2.458777,-0.84596753,-0.029828615,0.53239977,0
-4.2030611,-1.7663872,2.2328906,0.1472396,-0.97268379,0.17946309,0
-3.8970087,0.18988238,3.2098484,-0.84596753,-0.029828615,0.53239977,0
2.9396462,-1.1343435,-0.2016542,0.1472396,-0.97268379,0.17946309,0
-3.2082438,1.5314887,2.5745368,-0.1472396,0.97268379,-0.17946309,0
-0.57596266,1.5512885,0.52220863,-0.1472396,0.97268379,-0.17946309,0
3.527,-1.109339,-0.54802132,0.1472396,-0.97268379,0.17946309,0
-4.8431878,-0.86500078,1.6472955,-0.84596753,-0.029828615,0.53239977,0
3.1792221,-1.520474,-2.4910269,0.1472396,-0.97268379,0.17946309,0
-2.986073,0.37608555,3.558527,0.51250327,0.23021024,0.82725072,0
0.022105098,-0.81609535,2.0266466,0.51250327,0.23021024,0.82725072,0
2.1688874,-1.1221452,0.49682391,0.1472396,-0.97268379,0.17946309,0
0.023723841,-1.154079,2.083734,0.1472396,-0.97268379,0.17946309,0
-3.9550834,0.76221716,3.1496348,-0.84596753,-0.029828615,0.53239977,0
-4.4359188,-1.8928779,1.7383618,0.1472396,-0.97268379,0.17946309,0
-4.0369954,-0.65834206,2.9398904,-0.84596753,-0.029828615,0.53239977,0
1.0877584,1.4670467,0.73108572,0.51250327,0.23021024,0.82725072,0
0.19398344,1.2323245,-1.8382633,-0.1472396,0.97268379,-0.17946309,0
2.0985527,0.79857826,-3.3355749,-0.51250327,-0.23021024,-0.82725072,0
-2.0564656,-1.7882159,0.35341561,0.1472396,-0.97268379,0.17946309,0
3.8962128,0.96912205,-3.1461763,0.84596753,0.029828615,-0.53239977,0
-4.0527039,-0.55097657,0.8508482,-0.51250327,-0.23021024,-0.82725072,0
-2.8389657,-1.4338139,2.9162598,0.1472396,-0.97268379,0.17946309,0
-4.3407621,-1.2948197,2.4215541,-0.84596753,-0.029828615,0.53239977,0
-3.73245,-1.2593368,3.390132,-0.84596753,-0.029828615,0.53239977,0
-0.92768884,0.61605287,-1.4099454,-0.51250327,-0.23021024,-0.82725072,0
0.57133448,-1.7214061,-1.4404438,0.1472396,-0.97268379,0.17946309,0
2.933217,-0.43049282,0.11582971,0.51250327,0.23021024,0.82725072,0
2.5059533,1.3349265,-3.1790087,-0.1472396,0.97268379,-0.17946309,0
4.2695961,-1.3707283,-2.5740018,0.1472396,-0.97268379,0.17946309,0
-0.25674498,-0.37725329,2.0772789,0.51250327,0.23021024,0.82725072,0
-4.138845,-1.3461155,2.7395215,-0.84596753,-0.029828615,0.53239977,0
1.5968046,-1.2133211,0.47201836,0.1472396,-0.97268379,0.17946309,0
4.5168724,-1.0718752,-2.2743192,0.84596753,0.029828615,-0.53239977,0
1.0054681,1.5416015,-0.82777226,-0.1472396,0.97268379,-0.17946309,0
3.3802726,0.17949182,-0.3308816,0.51250327,0.23021024,0.82725072,0
2.2957306,0.33419627,-3.3285019,-0.51250327,-0.23021024,-0.82725072,0
-4.034935,-0.56922436,2.9481568,-0.84596753,-0.029828615,0.53239977,0
-4.131886,-1.0924875,2.7647872,-0.84596753,-0.029828615,0.53239977,0
-1.6272464,1.0737215,2.522558,0.51250327,0.23021024,0.82725072,0
4.6049981,1.1406323,-1.3571,0.51250327,0.23021024,0.82725072,0
-4.2450094,0.12361421,2.653172,-0.84596753,-0.029828615,0.53239977,0
-2.9742126,-1.4997685,0.44672799,-0.51250327,-0.23021024,-0.82725072,0
-4.384284,-1.0985311,2.3633966,-0.84596753,-0.029828615,0.53239977,0
-4.111917,0.38942444,2.8795452,-0.84596753,-0.029828615,0.53239977,0
4.4181094,-1.0867417,-1.1566525,0.1472396,-0.97268379,0.17946309,0
4.2395849,0.97221673,-2.6003957,0.84596753,0.029828615,-0.53239977,0
5.0327816,-0.47894132,-1.4213333,0.84596753,0.029828615,-0.53239977,0
-2.7572114,0.98962772,-0.38046789,-0.51250327,-0.23021024,-0.82725072,0
0.65094137,1.805584,0.89387399,-0.1472396,0.97268379,-0.17946309,0
3.4096828,-0.92740631,-0.041070223,0.51250327,0.23021024,0.82725072,0
-0.97895277,0.86607927,2.1787064,0.51250327,0.23021024,0.82725072,0
4.1375732,1.1336726,-2.7534442,0.84596753,0.029828615,-0.53239977,0
-0.064129978,-1.5492635,0.013927046,0.1472396,-0.97268379,0.17946309,0
-4.0578003,1.0988221,0.92651391,-0.1472396,0.97268379,-0.17946309,0
3.7781641,1.6337081,-2.6034007,-0.1472396,0.97268379,-0.17946309,0
1.2650132,-0.40976423,1.1435573,0.51250327,0.23021024,0.82725072,0
4.7515283,0.45828202,-1.8157272,0.84596753,0.029828615,-0.53239977,0
4.3698974,0.2212514,-2.4354076,0.84596753,0.029828615,-0.53239977,0
-0.80881226,1.2184095,-1.090943,-0.1472396,0.97268379,-0.17946309,0
4.9009237,0.57875454,-1.5715923,0.84596753,0.029828615,-0.53239977,0
2.7420969,-1.2381922,-0.60243297,0.1472396,-0.97268379,0.17946309,0
-0.79976153,-0.81484687,2.5354671,0.51250327,0.23021024,0.82725072,0
2.0944571,1.0783482,0.21557808,0.51250327,0.23021024,0.82725072,0
4.2736964,-0.81445616,-2.6462941,0.84596753,0.029828615,-0.53239977,0
4.8695688,0.84651947,-1.6064119,0.84596753,0.029828615,-0.53239977,0
3.9164815,1.1559087,-3.1035061,0.84596753,0.029828615,-0.53239977,0
3.0926409,1.0013222,-4.0078578,-0.51250327,-0.23021024,-0.82725072,0
-0.13735199,-0.58720177,-1.5647336,-0.51250327,-0.23021024,-0.82725072,0
1.078032,0.064018071,-2.4989192,-0.51250327,-0.23021024,-0.82725072,0
-3.8642566,-0.52321315,3.2219372,-0.84596753,-0.029828615,0.53239977,0
-1.6593032,-1.2025528,-0.45060319,-0.51250327,-0.23021024,-0.82725072,0
-4.8314314,0.3390218,1.7334332,-0.84596753,-0.029828615,0.53239977,0
-0.46772254,-1.0579941,-1.2290467,-0.51250327,-0.23021024,-0.82725072,0
-3.5594716,-1.2834375,3.6636391,-0.84596753,-0.029828615,0.53239977,0
4.4833093,-0.9068712,-0.71192455,0.51250327,0.23021024,0.82725072,0
-0.95965898,1.4508219,2.0040293,0.51250327,0.23021024,0.82725072,0
0.078029871,-0.49516964,1.9026914,0.51250327,0.23021024,0.82725072,0
5.0599546,-1.014735,-1.2929769,0.1472396,-0.97268379,0.17946309,0
-4.163115,0.26561105,2.791256,-0.84596753,-0.029828615,0.53239977,0
-3.1219492,-1.4362305,3.1353335,0.1472396,-0.97268379,0.17946309,0
2.4342039,1.4393903,-2.5539508,-0.1472396,0.97268379,-0.17946309,0
-3.9586518,1.4439683,2.715848,-0.1472396,0.97268379,-0.17946309,0
2.9937396,0.89393884,-0.29023314,0.51250327,0.23021024,0.82725072,0
-0.060896754,-0.80427957,-1.5516903,-0.51250327,-0.23021024,-0.82725072,0
4.7204175,0.22444625,-1.8782616,0.84596753,0.029828615,-0.53239977,0
1.9469055,0.92992353,0.34829414,0.51250327,0.23021024,0.82725072,0
-3.5611515,0.37831658,3.7540731,-0.84596753,-0.029828615,0.53239977,0
-0.87267435,-1.4499731,1.2154441,0.1472396,-0.97268379,0.17946309,0
4.3147888,-1.1468478,-1.397656,0.1472396,-0.97268379,0.17946309,0
2.1753592,-0.12443361,0.50017142,0.51250327,0.23021024,0.82725072,0
4.7169266,1.1795582,-1.4372749,0.51250327,0.23021024,0.82725072,0
3.8852015,-0.51209664,-3.2466621,0.84596753,0.029828615,-0.53239977,0
-3.4634423,0.33721977,3.8650856,0.51250327,0.23021024,0.82725072,0
2.0494363,1.278384,0.18780291,0.51250327,0.23021024,0.82725072,0
0.16999459,1.7295157,0.87617671,-0.1472396,0.97268379,-0.17946309,0
4.3936477,-0.67411423,-2.4478331,0.84596753,0.029828615,-0.53239977,0
1.7798791,1.5046351,-1.6634891,-0.1472396,0.97268379,-0.17946309,0
-3.846334,0.58896577,3.3127279,-0.84596753,-0.029828615,0.53239977,0
-4.9737029,0.81897008,1.5342588,-0.84596753,-0.029828615,0.53239977,0
2.947515,-1.1417844,-0.2484405,0.1472396,-0.97268379,0.17946309,0
-4.2513347,1.3300843,2.7107158,-0.84596753,-0.029828615,0.53239977,0
-1.4466937,1.014325,2.4272301,0.51250327,0.23021024,0.82725072,0
4.9226546,-0.17324969,-1.579195,0.84596753,0.029828615,-0.53239977,0
-4.3442907,-1.4491333,2.4073019,-0.84596753,-0.029828615,0.53239977,0
2.4909337,-1.5038645,-1.8363006,0.1472396,-0.97268379,0.17946309,0
-2.0731263,-1.3994163,-0.13944495,-0.51250327,-0.23021024,-0.82725072,0
3.0044298,1.7958034,-0.54782987,0.51250327,0.23021024,0.82725072,0
4.4978261,-0.011841208,-2.2451911,0.84596753,0.029828615,-0.53239977,0
1.2011672,-0.63208622,-2.3814907,-0.51250327,-0.23021024,-0.82725072,0
4.3093948,-0.045529269,-2.5464911,0.84596753,0.029828615,-0.53239977,0
-3.4026284,1.0901098,0.34176064,-0.1472396,0.97268379,-0.17946309,0
4.4224448,0.41476792,-2.3410692,0.84596753,0.029828615,-0.53239977,0
-1.0816909,1.6510781,1.4779874,-0.1472396,0.97268379,-0.17946309,0
0.26484859,0.9837538,-2.2510784,-0.51250327,-0.23021024,-0.82725072,0
4.2483091,1.8943913,-1.5762348,-0.1472396,0.97268379,-0.17946309,0
4.0307884,-0.85215056,-3.03438,0.84596753,0.029828615,-0.53239977,0
3.4850044,0.66332561,-0.53040838,0.51250327,0.23021024,0.82725072,0
-0.74471205,1.31686,-0.60993499,-0.1472396,0.97268379,-0.17946309,0
-3.6400542,1.3419454,1.9014955,-0.1472396,0.97268379,-0.17946309,0
0.41849983,-1.1466804,-1.7534046,-0.51250327,-0.23021024,-0.82725072,0
2.6035888,-1.1659005,-0.096976042,0.1472396,-0.97268379,0.17946309,0
4.7722926,0.81750715,-1.7626071,0.84596753,0.029828615,-0.53239977,0
-3.3246198,0.42478848,0.12824178,-0.51250327,-0.23021024,-0.82725072,0
3.7063808,0.62280905,-3.4672174,0.84596753,0.029828615,-0.53239977,0
-4.9062719,0.45376527,1.6209431,-0.84596753,-0.029828615,0.53239977,0
-0.64481723,-1.4157999,-1.0197606,-0.51250327,-0.23021024,-0.82725072,0
2.9665227,-1.436981,-3.2511849,-0.51250327,-0.23021024,-0.82725072,0
-3.9570217,0.82917106,3.1503062,-0.84596753,-0.029828615,0.53239977,0
1.2493479,1.3109821,-2.2778094,-0.1472396,0.97268379,-0.17946309,0
0.85385197,0.81170762,1.0583669,0.51250327,0.23021024,0.82725072,0
-0.71559823,1.5483068,1.8256989,0.51250327,0.23021024,0.82725072,0
-1.6623886,1.7259889,2.360431,-0.1472396,0.97268379,-0.17946309,0
-4.455081,-0.080840021,2.3079195,-0.84596753,-0.029828615,0.53239977,0
0.56599116,1.2154241,-2.235076,-0.1472396,0.97268379,-0.17946309,0
2.7604852,-1.4182708,-1.5935376,0.1472396,-0.97268379,0.17946309,0
2.0893903,-1.25186,-0.1410017,0.1472396,-0.97268379,0.17946309,0
4.7545609,0.080847234,-1.8320546,0.84596753,0.029828615,-0.53239977,0
-0.36601651,-0.36813235,2.1424375,0.51250327,0.23021024,0.82725072,0
3.6620245,-0.22994918,-3.5854769,0.84596753,0.029828615,-0.53239977,0
2.5073495,-0.53428084,-3.2179224,-0.51250327,-0.23021024,-0.82725072,0
4.3894701,-1.1760669,-1.6172957,0.1472396,-0.97268379,0.17946309,0
3.6835918,1.6256286,-2.5696006,-0.1472396,0.97268379,-0.17946309,0
-0.91106039,-1.3455652,1.8128247,0.1472396,-0.97268379,0.17946309,0
-1.8029966,0.64583814,-0.87595803,-0.51250327,-0.23021024,-0.82725072,0
3.6167178,-0.52527207,-0.28124094,0.51250327,0.23021024,0.82725072,0
-3.8712883,-0.11699635,3.2335243,-0.84596753,-0.029828615,0.53239977,0
-0.63462508,1.4482695,1.8033726,0.51250327,0.23021024,0.82725072,0
-4.547626,1.004003,2.2216496,-0.84596753,-0.029828615,0.53239977,0
-3.6785078,1.022736,3.6037025,-0.84596753,-0.029828615,0.53239977,0
