0.63730556,2.1183071,-2.855535,0.34691304,0.68660712,-0.63892257,0
0.26208091,-3.0131536,0.95071065,0.11681145,-0.70755506,-0.69693702,0
0.68616962,-2.9607863,1.1256387,0.9305948,-0.16714311,0.32566369,0
0.62138247,-1.1179421,-0.91315311,0.11681145,-0.70755506,-0.69693702,0
-1.7340237,0.32210135,0.51436496,-0.9305948,0.16714311,-0.32566369,0
-1.2605654,-1.257246,3.2173958,-0.11681145,0.70755506,0.69693702,0
-0.79403353,-1.3855369,-0.87871504,0.11681145,-0.70755506,-0.69693702,0
-2.1643126,-2.3594637,0.36764777,-0.9305948,0.16714311,-0.32566369,0
-2.4482148,-2.4427028,1.5236677,-0.34691304,-0.68660712,0.63892257,0
-0.033154011,2.5843077,-2.7187924,0.34691304,0.68660712,-0.63892257,0
-0.2930795,-2.2311039,0.063697457,0.11681145,-0.70755506,-0.69693702,0
-0.69074917,-1.3857772,-0.86115998,0.11681145,-0.70755506,-0.69693702,0
-1.047087,-2.5115132,2.2104859,-0.34691304,-0.68660712,0.63892257,0
-0.15316579,0.51275051,-2.698509,0.11681145,-0.70755506,-0.69693702,0
-1.29477,0.65277231,-0.57110441,-0.9305948,0.16714311,-0.32566369,0
0.23017955,-2.4849193,2.6728797,0.9305948,-0.16714311,0.32566369,0
-0.59285593,1.0110387,-2.3929715,-0.9305948,0.16714311,-0.32566369,0
-2.1842804,-3.1137552,0.94584024,-0.34691304,-0.68660712,0.63892257,0
0.67936468,-0.30970895,2.5057192,0.9305948,-0.16714311,0.32566369,0
-0.057659149,2.3706198,-0.26412511,-0.11681145,0.70755506,0.69693702,0
-0.26068783,-3.4770641,1.5998616,-0.34691304,-0.68660712,0.63892257,0
2.5879653,1.1938223,-2.176502,0.9305948,-0.16714311,0.32566369,0
0.17228925,-1.5537826,-0.54594386,0.11681145,-0.70755506,-0.69693702,0
-1.5708815,0.13235128,1.7546169,-0.11681145,0.70755506,0.69693702,0
-2.2498872,-1.8183258,2.3023283,-0.34691304,-0.68660712,0.63892257,0
-1.8295441,0.69049758,1.1446135,-0.11681145,0.70755506,0.69693702,0
-1.3590844,-2.8087969,1.7216114,-0.34691304,-0.68660712,0.63892257,0
0.97313321,1.4248682,-3.4183843,0.34691304,0.68660712,-0.63892257,0
1.5934889,1.1131139,0.62382495,0.9305948,-0.16714311,0.32566369,0
-1.9083657,-0.35601473,0.664518,-0.9305948,0.16714311,-0.32566369,0
0.16092503,-1.7319108,-0.3670063,0.11681145,-0.70755506,-0.69693702,0
1.5434607,-0.23192823,0.076455206,0.9305948,-0.16714311,0.32566369,0
0.41089714,1.3393934,-3.4432049,0.11681145,-0.70755506,-0.69693702,0
-0.80415177,1.9396054,-1.3126104,-0.9305948,0.16714311,-0.32566369,0
0.1954881,0.80504388,1.3677316,-0.11681145,0.70755506,0.69693702,0
-1.5420012,0.07314837,-0.16211757,-0.9305948,0.16714311,-0.32566369,0
-0.34824729,2.3294268,-0.27100933,-0.11681145,0.70755506,0.69693702,0
-0.91226888,2.0049765,-0.97011125,-0.9305948,0.16714311,-0.32566369,0
-0.17640382,-0.55046105,-1.6229942,0.11681145,-0.70755506,-0.69693702,0
-1.5746024,-2.16188,-0.2213732,0.11681145,-0.70755506,-0.69693702,0
1.5776124,1.0596682,0.64176255,0.9305948,-0.16714311,0.32566369,0
-2.3610573,-3.0880218,0.58706295,0.11681145,-0.70755506,-0.69693702,0
-0.4118585,1.0708765,-2.8794665,-0.9305948,0.16714311,-0.32566369,0
-1.3580067,0.63177109,-0.40118158,-0.9305948,0.16714311,-0.32566369,0
-0.46700424,1.7869024,-2.354394,-0.9305948,0.16714311,-0.32566369,0
0.92883635,0.3736819,1.9285794,-0.11681145,0.70755506,0.69693702,0
0.7049315,-2.8661156,0.87565696,0.11681145,-0.70755506,-0.69693702,0
-2.5276589,-1.9446642,2.0157404,-0.34691304,-0.68660712,0.63892257,0
-1.1327634,1.7236936,-0.48440528,-0.9305948,0.16714311,-0.32566369,0
-0.61245131,1.3976269,0.63070428,-0.11681145,0.70755506,0.69693702,0
-1.0278779,-1.6734474,3.1215284,-0.34691304,-0.68660712,0.63892257,0
-1.6486945,-0.49400449,-0.14832267,-0.9305948,0.16714311,-0.32566369,0
-0.22396123,0.98119819,1.1185908,-0.11681145,0.70755506,0.69693702,0
2.3336086,2.3219719,-1.7156357,0.34691304,0.68660712,-0.63892257,0
1.3986847,-0.57209611,0.31557018,0.9305948,-0.16714311,0.32566369,0
-1.4378784,0.65606534,-0.16047698,-0.9305948,0.16714311,-0.32566369,0
1.5113199,-0.27991283,0.14367113,0.9305948,-0.16714311,0.32566369,0
2.0795894,3.0294559,-1.0932747,0.34691304,0.68660712,-0.63892257,0
-0.085603356,1.6910003,-3.4934802,-0.9305948,0.16714311,-0.32566369,0
1.6970682,1.4352977,0.49320129,0.9305948,-0.16714311,0.32566369,0
-1.207472,1.5108408,0.41603601,-0.11681145,0.70755506,0.69693702,0
1.1232802,1.1987962,-3.1810656,0.11681145,-0.70755506,-0.69693702,0
1.4051096,-0.96390218,0.096121311,0.9305948,-0.16714311,0.32566369,0
-2.6431549,-1.4734031,2.190716,-0.9305948,0.16714311,-0.32566369,0
1.061543,-0.012134433,1.5663579,0.9305948,-0.16714311,0.32566369,0
-2.4960518,-1.2450165,1.8875818,-0.9305948,0.16714311,-0.32566369,0
0.99891907,0.80013251,1.5073783,-0.11681145,0.70755506,0.69693702,0
1.5513389,2.494971,-1.954471,0.34691304,0.68660712,-0.63892257,0
1.0304365,0.63786626,1.6773993,-0.11681145,0.70755506,0.69693702,0
-1.6437333,-1.2233114,-0.5368076,-0.9305948,0.16714311,-0.32566369,0
1.7700601,2.9560339,-1.3402398,0.34691304,0.68660712,-0.63892257,0
-2.2505093,-1.4553089,2.6921,-0.34691304,-0.68660712,0.63892257,0
-0.68998456,-1.1263233,3.1801116,-0.11681145,0.70755506,0.69693702,0
2.2920594,0.74955571,-1.5589558,0.9305948,-0.16714311,0.32566369,0
1.8503265,-0.093641877,-0.72944999,0.9305948,-0.16714311,0.32566369,0
1.4368246,2.8406682,-1.645151,0.34691304,0.68660712,-0.63892257,0
-0.57259387,-1.1249863,-1.1061203,0.11681145,-0.70755506,-0.69693702,0
-2.4423945,-2.4611607,1.1100818,-0.9305948,0.16714311,-0.32566369,0
0.19323882,-1.3569304,3.3573661,0.9305948,-0.16714311,0.32566369,0
-2.1133864,-0.85175633,0.99593782,-0.9305948,0.16714311,-0.32566369,0
-0.082368135,-1.673331,3.6350331,-0.34691304,-0.68660712,0.63892257,0
2.2650948,2.4373579,-0.61565781,0.9305948,-0.16714311,0.32566369,0
-2.1607537,-0.70587063,1.2061656,-0.9305948,0.16714311,-0.32566369,0
1.5533762,1.3502481,-3.1835213,0.34691304,0.68660712,-0.63892257,0
0.7724514,2.2012634,-2.6930082,0.34691304,0.68660712,-0.63892257,0
-0.82092488,-3.2626381,1.526101,-0.34691304,-0.68660712,0.63892257,0
0.3685284,-1.0099655,3.0345459,0.9305948,-0.16714311,0.32566369,0
0.58731616,-1.5823197,-0.44741035,0.11681145,-0.70755506,-0.69693702,0
1.4190133,3.342629,-1.1153988,0.34691304,0.68660712,-0.63892257,0
2.6908579,1.2710655,-2.4308772,0.9305948,-0.16714311,0.32566369,0
0.50163579,3.2093115,-1.0218526,-0.11681145,0.70755506,0.69693702,0
-1.9509084,-2.4786782,1.7550273,-0.34691304,-0.68660712,0.63892257,0
-1.6020073,1.183465,0.68227255,-0.11681145,0.70755506,0.69693702,0
-1.4636616,0.52102911,-0.15610647,-0.9305948,0.16714311,-0.32566369,0
2.3915355,0.67169583,-1.883173,0.9305948,-0.16714311,0.32566369,0
2.6289396,1.5169724,-2.1277344,0.9305948,-0.16714311,0.32566369,0
-0.46219683,2.9029202,-1.7953479,-0.9305948,0.16714311,-0.32566369,0
-2.2102828,-0.59435177,1.4049327,-0.9305948,0.16714311,-0.32566369,0
-1.781455,-0.33865422,2.1975045,-0.11681145,0.70755506,0.69693702,0
-1.9976658,0.1528008,1.1808398,-0.9305948,0.16714311,-0.32566369,0
-2.3446255,-2.81406,1.1808405,-0.34691304,-0.68660712,0.63892257,0
-0.35901904,-1.7967908,-0.38828427,0.11681145,-0.70755506,-0.69693702,0
-1.1093047,-1.7206855,-0.59130216,0.11681145,-0.70755506,-0.69693702,0
1.9260153,1.1082168,-2.9545619,0.11681145,-0.70755506,-0.69693702,0
-0.29552034,-1.0053952,3.123456,-0.11681145,0.70755506,0.69693702,0
0.96327519,-0.30849051,1.6950608,0.9305948,-0.16714311,0.32566369,0
-0.32973015,-1.9900894,3.1603251,-0.34691304,-0.68660712,0.63892257,0
-0.30966663,3.2904606,-1.2402177,-0.11681145,0.70755506,0.69693702,0
0.6239779,2.4372785,-2.5199947,0.34691304,0.68660712,-0.63892257,0
0.96490413,2.2076378,-2.5816631,0.34691304,0.68660712,-0.63892257,0
1.5279577,0.29911035,-2.1998463,0.11681145,-0.70755506,-0.69693702,0
1.7428733,1.5101608,-2.9087837,0.34691304,0.68660712,-0.63892257,0
0.52146381,-1.3612785,2.4172199,0.9305948,-0.16714311,0.32566369,0
1.2291235,3.0229356,-1.5620553,0.34691304,0.68660712,-0.63892257,0
0.89069229,-0.38614053,-1.6109655,0.11681145,-0.70755506,-0.69693702,0
1.2825556,3.0256896,-1.5300837,0.34691304,0.68660712,-0.63892257,0
0.28407669,-2.5776939,0.51230347,0.11681145,-0.70755506,-0.69693702,0
2.2363603,2.3076696,-1.7838082,0.34691304,0.68660712,-0.63892257,0
1.2334371,1.2990686,1.0401478,-0.11681145,0.70755506,0.69693702,0
0.52709556,1.3758987,-3.4607909,0.11681145,-0.70755506,-0.69693702,0
1.7802286,2.9379687,-1.3541323,0.34691304,0.68660712,-0.63892257,0
-1.2465093,0.57760876,1.3569428,-0.11681145,0.70755506,0.69693702,0
0.017285872,-1.1162806,3.2884593,-0.11681145,0.70755506,0.69693702,0
0.19500184,3.0573714,-0.91899192,-0.11681145,0.70755506,0.69693702,0
1.9188209,1.9008396,-2.3934138,0.34691304,0.68660712,-0.63892257,0
-2.2532337,-2.7776432,0.40711725,-0.9305948,0.16714311,-0.32566369,0
0.78647053,-2.2648158,0.27886319,0.11681145,-0.70755506,-0.69693702,0
1.1379387,2.5773063,-0.27357018,-0.11681145,0.70755506,0.69693702,0
-0.38433087,2.144722,-2.4069889,-0.9305948,0.16714311,-0.32566369,0
-0.84704405,0.82652676,-1.7613188,-0.9305948,0.16714311,-0.32566369,0
-1.4723723,0.88731688,0.056777596,-0.9305948,0.16714311,-0.32566369,0
-1.7702519,-1.766816,-0.45422393,-0.9305948,0.16714311,-0.32566369,0
-0.65734041,-1.6672599,-0.56978893,0.11681145,-0.70755506,-0.69693702,0
0.0090795755,-2.6831326,2.5995202,-0.34691304,-0.68660712,0.63892257,0
-1.0881149,0.6123966,1.348173,-0.11681145,0.70755506,0.69693702,0
1.1313684,-0.39918637,1.1681798,0.9305948,-0.16714311,0.32566369,0
-1.485402,1.348412,0.53435624,-0.11681145,0.70755506,0.69693702,0
-2.1489701,-2.1588664,1.9911669,-0.34691304,-0.68660712,0.63892257,0
-1.8050184,-1.3341713,-0.13282776,-0.9305948,0.16714311,-0.32566369,0
0.4267751,-0.52697897,-1.545737,0.11681145,-0.70755506,-0.69693702,0
-1.7548051,0.28470969,0.5545578,-0.9305948,0.16714311,-0.32566369,0
-0.96169674,-2.8995087,1.8398973,-0.34691304,-0.68660712,0.63892257,0
0.15266943,-3.1022849,1.0228615,0.11681145,-0.70755506,-0.69693702,0
1.3545353,-0.85041219,-1.0618773,0.11681145,-0.70755506,-0.69693702,0
1.0437305,-2.2346776,0.29138434,0.11681145,-0.70755506,-0.69693702,0
2.5803454,1.1444494,-2.1800678,0.9305948,-0.16714311,0.32566369,0
-2.3379526,-2.4389701,1.5875473,-0.34691304,-0.68660712,0.63892257,0
1.203056,3.2240577,-1.3600764,0.34691304,0.68660712,-0.63892257,0
1.3221284,-0.32976854,-1.5958846,0.11681145,-0.70755506,-0.69693702,0
-0.59813046,-2.5743535,0.3610481,0.11681145,-0.70755506,-0.69693702,0
1.3750831,1.078051,-3.0162766,0.11681145,-0.70755506,-0.69693702,0
0.59083223,-0.63913834,2.5896275,0.9305948,-0.16714311,0.32566369,0
1.4348092,2.7243466,-1.7712482,0.34691304,0.68660712,-0.63892257,0
-0.48866069,-0.69725299,-1.5263023,0.11681145,-0.70755506,-0.69693702,0
1.4014239,1.0195357,1.1246295,0.9305948,-0.16714311,0.32566369,0
0.38566959,2.1652887,0.018639088,-0.11681145,0.70755506,0.69693702,0
-0.65254307,-2.9341161,0.71717155,0.11681145,-0.70755506,-0.69693702,0
-0.0035601854,-1.728543,3.6184905,-0.34691304,-0.68660712,0.63892257,0
1.9860997,1.7191546,-2.5521286,0.34691304,0.68660712,-0.63892257,0
-2.0544744,-1.5741253,2.6708565,-0.34691304,-0.68660712,0.63892257,0
2.1576076,1.2732775,-2.9381595,0.34691304,0.68660712,-0.63892257,0
-0.27782929,-2.3064651,2.8485174,-0.34691304,-0.68660712,0.63892257,0
0.25439417,2.9060597,-2.2168984,0.34691304,0.68660712,-0.63892257,0
-1.2539538,1.3829676,-0.31297326,-0.9305948,0.16714311,-0.32566369,0
1.0680866,2.4803317,-2.2325923,0.34691304,0.68660712,-0.63892257,0
-1.0702376,-3.2061074,0.92329848,0.11681145,-0.70755506,-0.69693702,0
-0.21024632,1.1163936,0.98363459,-0.11681145,0.70755506,0.69693702,0
-0.050349116,0.73684657,1.3957639,-0.11681145,0.70755506,0.69693702,0
-0.07395035,-0.085406184,-2.0779624,0.11681145,-0.70755506,-0.69693702,0
-0.88782132,1.2251363,0.75966883,-0.11681145,0.70755506,0.69693702,0
-1.3707979,1.488672,0.41116798,-0.11681145,0.70755506,0.69693702,0
0.095987946,-0.72191131,2.901273,-0.11681145,0.70755506,0.69693702,0
0.63411546,2.6439466,-0.42567003,-0.11681145,0.70755506,0.69693702,0
-0.99761534,0.41252089,-1.5435398,-0.9305948,0.16714311,-0.32566369,0
-0.95170724,-2.6589019,0.38762259,0.11681145,-0.70755506,-0.69693702,0
0.68673819,-0.0534392,-1.9829196,0.11681145,-0.70755506,-0.69693702,0
0.57223368,-2.5458791,0.52830088,0.11681145,-0.70755506,-0.69693702,0
-0.50549448,-0.22832227,-2.0051987,0.11681145,-0.70755506,-0.69693702,0
1.0635368,-0.59251142,1.2627892,0.9305948,-0.16714311,0.32566369,0
-1.0310668,-2.7292025,0.4456929,0.11681145,-0.70755506,-0.69693702,0
-0.81917441,-0.8987515,2.9274199,-0.11681145,0.70755506,0.69693702,0
2.0426514,1.9941916,-2.2258587,0.34691304,0.68660712,-0.63892257,0
0.67269719,-0.018753231,-2.0204875,0.11681145,-0.70755506,-0.69693702,0
-0.18674839,2.5570574,-2.7599611,-0.9305948,0.16714311,-0.32566369,0
1.724191,-0.8233031,-1.0274425,0.11681145,-0.70755506,-0.69693702,0
2.4628212,1.4408423,-2.5923684,0.34691304,0.68660712,-0.63892257,0
-2.0035257,-1.5129932,0.34263551,-0.9305948,0.16714311,-0.32566369,0
2.2145646,3.1897669,-0.84771204,0.34691304,0.68660712,-0.63892257,0
1.4710938,1.7878609,0.5837419,-0.11681145,0.70755506,0.69693702,0
-1.9756948,0.14038634,1.1116853,-0.9305948,0.16714311,-0.32566369,0
2.0010321,-0.00065469742,-1.1123719,0.9305948,-0.16714311,0.32566369,0
-2.6045272,-0.73529875,2.4591601,-0.9305948,0.16714311,-0.32566369,0
1.1535491,1.3927869,-3.3549004,0.34691304,0.68660712,-0.63892257,0
-1.8555342,-3.039197,0.62222409,0.11681145,-0.70755506,-0.69693702,0
0.015566587,-3.0253587,2.2352753,-0.34691304,-0.68660712,0.63892257,0
-0.59835184,-1.6317205,3.3995872,-0.34691304,-0.68660712,0.63892257,0
1.224147,1.9092348,-2.7615762,0.34691304,0.68660712,-0.63892257,0
-1.3155086,-1.71682,2.918745,-0.34691304,-0.68660712,0.63892257,0
1.1705346,1.4289508,-3.3068149,0.34691304,0.68660712,-0.63892257,0
-1.5679539,0.19579542,-0.025009662,-0.9305948,0.16714311,-0.32566369,0
0.9379186,-0.63583696,-1.3495495,0.11681145,-0.70755506,-0.69693702,0
-1.3866009,-3.1076972,1.3854626,-0.34691304,-0.68660712,0.63892257,0
1.3242879,-0.68701386,-1.2328346,0.11681145,-0.70755506,-0.69693702,0
-1.1829553,-1.0822328,-1.251826,0.11681145,-0.70755506,-0.69693702,0
0.25247991,0.25962007,-2.3735332,0.11681145,-0.70755506,-0.69693702,0
-0.79192007,0.1605736,-2.2606304,-0.9305948,0.16714311,-0.32566369,0
0.92795563,3.1904287,-0.9312278,-0.11681145,0.70755506,0.69693702,0
2.1667423,0.31595123,-1.4233997,0.9305948,-0.16714311,0.32566369,0
-0.8319037,2.5237219,-0.93351734,-0.9305948,0.16714311,-0.32566369,0
1.5631871,2.045922,-2.4306006,0.34691304,0.68660712,-0.63892257,0
2.0473094,-0.038201809,-1.2638811,0.9305948,-0.16714311,0.32566369,0
0.4688251,2.8118021,-0.62378645,-0.11681145,0.70755506,0.69693702,0
-2.3761053,-2.7747808,0.75969744,-0.9305948,0.16714311,-0.32566369,0
-0.041851878,2.0811527,-3.2642217,0.34691304,0.68660712,-0.63892257,0
0.75245309,2.2942603,-2.603929,0.34691304,0.68660712,-0.63892257,0
1.8743124,1.1568395,-0.15619564,0.9305948,-0.16714311,0.32566369,0
-0.28498769,-3.2993121,1.7776855,-0.34691304,-0.68660712,0.63892257,0
-0.73328996,-3.2007165,1.6402268,-0.34691304,-0.68660712,0.63892257,0
-0.66085994,-2.1749034,2.7819257,-0.34691304,-0.68660712,0.63892257,0
1.6493428,0.92368019,0.36699578,0.9305948,-0.16714311,0.32566369,0
1.4611387,0.052391291,-1.9605676,0.11681145,-0.70755506,-0.69693702,0
-1.7581444,-0.76641726,0.024621099,-0.9305948,0.16714311,-0.32566369,0
0.73382729,0.6360172,1.6295625,-0.11681145,0.70755506,0.69693702,0
-0.94135833,1.0916562,-1.3557382,-0.9305948,0.16714311,-0.32566369,0
-2.3108034,-2.1883442,0.87407541,-0.9305948,0.16714311,-0.32566369,0
1.8988357,1.6720208,0.038139105,0.9305948,-0.16714311,0.32566369,0
0.24855897,1.6795084,-3.5381584,0.34691304,0.68660712,-0.63892257,0
-0.18900537,-3.3274441,1.1941838,0.11681145,-0.70755506,-0.69693702,0
2.0245929,0.12347293,-1.1159906,0.9305948,-0.16714311,0.32566369,0
-1.6602242,0.93846506,0.61982208,-0.9305948,0.16714311,-0.32566369,0
-0.71854299,0.35741401,-2.3692818,-0.9305948,0.16714311,-0.32566369,0
-1.9097588,-2.7360125,0.30533135,0.11681145,-0.70755506,-0.69693702,0
-0.52616549,-2.3047531,2.7155194,-0.34691304,-0.68660712,0.63892257,0
-0.81083578,0.98458743,-1.7836623,-0.9305948,0.16714311,-0.32566369,0
2.749784,1.2302051,-2.6202312,0.9305948,-0.16714311,0.32566369,0
-2.1143064,-2.290086,1.8689752,-0.34691304,-0.68660712,0.63892257,0
2.3079121,1.8332461,-1.0480635,0.9305948,-0.16714311,0.32566369,0
-0.34274638,-1.6672035,3.5002413,-0.34691304,-0.68660712,0.63892257,0
-1.8706601,-0.29856229,0.58625996,-0.9305948,0.16714311,-0.32566369,0
-1.1226238,-0.055666186,2.0206299,-0.11681145,0.70755506,0.69693702,0
-0.61445832,-3.0220714,1.8967264,-0.34691304,-0.68660712,0.63892257,0
1.940016,2.5494056,-1.6849356,0.34691304,0.68660712,-0.63892257,0
2.2512469,1.0261534,-1.3003722,0.9305948,-0.16714311,0.32566369,0
-2.1792603,-1.2427081,0.98352349,-0.9305948,0.16714311,-0.32566369,0
-0.064200163,-2.3042986,0.17636895,0.11681145,-0.70755506,-0.69693702,0
-0.77008855,0.96992731,-1.9076232,-0.9305948,0.16714311,-0.32566369,0
1.1538841,-2.1000814,0.23087573,0.9305948,-0.16714311,0.32566369,0
0.78217685,-1.1505997,1.7803525,0.9305948,-0.16714311,0.32566369,0
1.456001,2.8759134,-0.52341676,-0.11681145,0.70755506,0.69693702,0
-0.12950695,-0.86082315,-1.3000435,0.11681145,-0.70755506,-0.69693702,0
0.44955158,2.4466915,-2.6045868,0.34691304,0.68660712,-0.63892257,0
1.0146754,0.37844038,1.9007419,0.9305948,-0.16714311,0.32566369,0
0.4383938,0.28686011,-2.3700278,0.11681145,-0.70755506,-0.69693702,0
-0.7587657,0.046527416,1.9778644,-0.11681145,0.70755506,0.69693702,0
1.5982287,-0.48433009,-1.3926921,0.11681145,-0.70755506,-0.69693702,0
0.33549714,3.4565897,-1.3007441,-0.11681145,0.70755506,0.69693702,0
2.7008712,1.3643482,-2.4116144,0.9305948,-0.16714311,0.32566369,0
0.94572604,2.3954999,-2.390193,0.34691304,0.68660712,-0.63892257,0
-0.65779567,2.9024472,-1.2366595,-0.9305948,0.16714311,-0.32566369,0
1.1497694,2.8211737,-1.8219616,0.34691304,0.68660712,-0.63892257,0
0.29254556,3.3509765,-1.2007208,-0.11681145,0.70755506,0.69693702,0
0.12451878,1.7164047,-3.5658581,0.34691304,0.68660712,-0.63892257,0
-0.018088341,-0.60007346,-1.5460913,0.11681145,-0.70755506,-0.69693702,0
0.1506352,-1.0699526,3.2637761,-0.11681145,0.70755506,0.69693702,0
-2.0858736,-0.77962136,0.95434213,-0.9305948,0.16714311,-0.32566369,0
-2.4898057,-2.2699308,1.6867514,-0.34691304,-0.68660712,0.63892257,0
0.59343362,-3.1331105,1.1280317,0.11681145,-0.70755506,-0.69693702,0
1.4740975,1.0714052,0.94358397,0.9305948,-0.16714311,0.32566369,0
1.0516289,0.91903126,1.3955029,-0.11681145,0.70755506,0.69693702,0
-1.9666255,-1.9081465,0.034384012,-0.9305948,0.16714311,-0.32566369,0
2.382539,2.3310618,-1.0058146,0.9305948,-0.16714311,0.32566369,0
-0.22523391,-1.4979234,3.6352682,-0.11681145,0.70755506,0.69693702,0
0.66399121,3.2725668,-1.6006407,0.34691304,0.68660712,-0.63892257,0
1.8831227,0.49584365,-0.52061963,0.9305948,-0.16714311,0.32566369,0
-1.7759287,-1.1839806,-0.13886958,-0.9305948,0.16714311,-0.32566369,0
-0.84785748,2.0434728,-1.1344112,-0.9305948,0.16714311,-0.32566369,0
1.2896103,2.2706587,0.063170552,-0.11681145,0.70755506,0.69693702,0
0.60723245,2.8738213,-2.0599637,0.34691304,0.68660712,-0.63892257,0
1.9678146,1.5321872,-0.23073792,0.9305948,-0.16714311,0.32566369,0
-2.3935313,-1.8789287,2.1592088,-0.34691304,-0.68660712,0.63892257,0
-1.4175253,-3.2512963,1.2143557,-0.34691304,-0.68660712,0.63892257,0
0.86759591,-0.040051207,-1.9661986,0.11681145,-0.70755506,-0.69693702,0
-1.5632449,-1.8094866,2.6846504,-0.34691304,-0.68660712,0.63892257,0
-2.62708,-1.7499956,2.0028234,-0.9305948,0.16714311,-0.32566369,0
1.7931101,2.6215069,-1.6872177,0.34691304,0.68660712,-0.63892257,0
-2.4223318,-1.0282366,2.7901771,-0.11681145,0.70755506,0.69693702,0
-1.8733368,-1.8525237,-0.20364404,-0.9305948,0.16714311,-0.32566369,0
0.075839996,2.4125879,-2.8441477,0.34691304,0.68660712,-0.63892257,0
-0.96454716,0.58051145,-1.5518144,-0.9305948,0.16714311,-0.32566369,0
-0.96755934,-1.8917725,-0.39385092,0.11681145,-0.70755506,-0.69693702,0
0.22047889,-1.7356657,-0.35321265,0.11681145,-0.70755506,-0.69693702,0
-0.78777599,2.7146611,-0.96161604,-0.9305948,0.16714311,-0.32566369,0
-1.2303481,0.66826773,-0.7472387,-0.9305948,0.16714311,-0.32566369,0
-1.5805089,-0.1142467,2.0033581,-0.11681145,0.70755506,0.69693702,0
2.2619469,1.9996409,-0.83131611,0.9305948,-0.16714311,0.32566369,0
-2.1311116,-1.3673065,2.8514996,-0.34691304,-0.68660712,0.63892257,0
0.051548004,3.4717059,-1.7191751,0.34691304,0.68660712,-0.63892257,0
-0.6379239,-2.1095958,2.8645611,-0.34691304,-0.68660712,0.63892257,0
-1.3289685,-3.0756595,1.4511838,-0.34691304,-0.68660712,0.63892257,0
-0.68005764,-2.6987305,2.2085807,-0.34691304,-0.68660712,0.63892257,0
0.51801795,-0.10539001,-1.9584562,0.11681145,-0.70755506,-0.69693702,0
0.68305695,1.6496522,0.59197563,-0.11681145,0.70755506,0.69693702,0
2.0190234,2.8847742,-1.2816398,0.34691304,0.68660712,-0.63892257,0
-2.5774419,-1.3653803,2.6112273,-0.34691304,-0.68660712,0.63892257,0
-1.2020208,1.9293965,-0.0079827309,-0.11681145,0.70755506,0.69693702,0
1.5778207,-0.31169343,-0.062668085,0.9305948,-0.16714311,0.32566369,0
1.2102664,2.9067757,-1.6971229,0.34691304,0.68660712,-0.63892257,0
-0.66264266,-0.61510277,2.6656854,-0.11681145,0.70755506,0.69693702,0
-1.9699589,0.35162091,1.2037086,-0.9305948,0.16714311,-0.32566369,0
1.7182178,-0.13244134,-1.7298307,0.11681145,-0.70755506,-0.69693702,0
0.79678726,-0.99150229,1.8202575,0.9305948,-0.16714311,0.32566369,0
-1.1873723,0.78028572,-0.81255186,-0.9305948,0.16714311,-0.32566369,0
0.29779088,0.43053031,1.7650976,-0.11681145,0.70755506,0.69693702,0
-0.38851798,-2.1090584,-0.076203585,0.11681145,-0.70755506,-0.69693702,0
2.0501332,1.244082,-3.0278888,0.34691304,0.68660712,-0.63892257,0
0.39630234,1.5487094,0.64639401,-0.11681145,0.70755506,0.69693702,0
-0.31657934,-1.724084,-0.45498568,0.11681145,-0.70755506,-0.69693702,0
-1.9063352,-2.1264989,2.1576924,-0.34691304,-0.68660712,0.63892257,0
0.58934164,3.2686892,-1.6453402,0.34691304,0.68660712,-0.63892257,0
-0.057734966,2.7457094,-0.64494216,-0.11681145,0.70755506,0.69693702,0
-1.3207281,-1.4841182,3.1659801,-0.34691304,-0.68660712,0.63892257,0
-1.8915577,-3.1812201,0.76037288,0.11681145,-0.70755506,-0.69693702,0
1.9202833,1.9852477,-2.3019123,0.34691304,0.68660712,-0.63892257,0
1.7126088,2.1697249,0.2365396,-0.11681145,0.70755506,0.69693702,0
-2.086751,-1.815484,2.3939595,-0.34691304,-0.68660712,0.63892257,0
-2.3441885,-0.26062298,1.9588553,-0.9305948,0.16714311,-0.32566369,0
-1.9691011,-1.6210386,2.6667967,-0.34691304,-0.68660712,0.63892257,0
1.0576327,-2.0082893,0.55302846,0.9305948,-0.16714311,0.32566369,0
0.56926203,-1.6701694,2.1221001,0.9305948,-0.16714311,0.32566369,0
0.11166179,2.3275795,-2.9160509,0.34691304,0.68660712,-0.63892257,0
-0.6854341,2.7481461,-1.2368762,-0.9305948,0.16714311,-0.32566369,0
-1.768489,-1.9247569,2.4493365,-0.34691304,-0.68660712,0.63892257,0
2.6646709,1.2614204,-2.6755836,0.34691304,0.68660712,-0.63892257,0
-1.7955263,-2.8142469,0.4039042,0.11681145,-0.70755506,-0.69693702,0
-2.2198148,-1.3547311,2.8168507,-0.34691304,-0.68660712,0.63892257,0
1.5873626,0.21684825,-2.106374,0.11681145,-0.70755506,-0.69693702,0
-1.0289431,0.098094702,-1.6153951,-0.9305948,0.16714311,-0.32566369,0
0.40233088,2.1094038,0.078168035,-0.11681145,0.70755506,0.69693702,0
-0.37223053,-2.0292008,-0.15454769,0.11681145,-0.70755506,-0.69693702,0
0.85079503,1.9164841,-2.9565032,0.34691304,0.68660712,-0.63892257,0
-1.4521232,-1.8037941,2.7511029,-0.34691304,-0.68660712,0.63892257,0
-2.1411185,-0.40264535,1.3056846,-0.9305948,0.16714311,-0.32566369,0
0.80972064,-0.45882607,2.05669,0.9305948,-0.16714311,0.32566369,0
-0.15246773,-3.3163867,1.8312905,-0.34691304,-0.68660712,0.63892257,0
-0.096674919,-3.1879053,1.0679947,0.11681145,-0.70755506,-0.69693702,0
1.8160481,1.4916757,-2.8889167,0.34691304,0.68660712,-0.63892257,0
1.1678638,-1.127949,-0.8113997,0.11681145,-0.70755506,-0.69693702,0
-2.6238089,-1.0910525,2.8201814,-0.11681145,0.70755506,0.69693702,0
-1.173223,-0.61553526,-1.5693729,-0.9305948,0.16714311,-0.32566369,0
-0.70071411,1.0508846,-2.0643125,-0.9305948,0.16714311,-0.32566369,0
1.1504486,2.3462188,-2.3319945,0.34691304,0.68660712,-0.63892257,0
-1.8313676,-0.64908767,0.29407704,-0.9305948,0.16714311,-0.32566369,0
-2.1178238,-2.0744767,0.38107145,-0.9305948,0.16714311,-0.32566369,0
-0.81656671,-1.6278845,3.2852268,-0.34691304,-0.68660712,0.63892257,0
-1.3764677,0.96082288,-0.17954671,-0.9305948,0.16714311,-0.32566369,0
-1.5952139,-2.5957372,1.8223617,-0.34691304,-0.68660712,0.63892257,0
-0.73529315,2.403667,-1.2712021,-0.9305948,0.16714311,-0.32566369,0
0.36505342,3.2420573,-1.7957402,0.34691304,0.68660712,-0.63892257,0
0.30894971,2.5379119,-0.37251997,-0.11681145,0.70755506,0.69693702,0
-1.5394942,-0.82299483,2.7297783,-0.11681145,0.70755506,0.69693702,0
0.39488673,1.2767997,0.92220896,-0.11681145,0.70755506,0.69693702,0
-2.5351396,-1.6858264,1.7730354,-0.9305948,0.16714311,-0.32566369,0
-1.9185238,-1.8744215,-0.085758924,-0.9305948,0.16714311,-0.32566369,0
-2.2215149,-0.45868641,2.2456083,-0.11681145,0.70755506,0.69693702,0
-0.61376762,2.8987226,-1.3643842,-0.9305948,0.16714311,-0.32566369,0
-0.67746049,-1.5799423,3.4122765,-0.34691304,-0.68660712,0.63892257,0
2.5226982,1.8296833,-2.1419961,0.34691304,0.68660712,-0.63892257,0
-2.2006176,-2.7486486,1.3293247,-0.34691304,-0.68660712,0.63892257,0
1.4129797,1.6718633,-2.9141335,0.34691304,0.68660712,-0.63892257,0
-1.0680729,-2.9006462,0.61354601,0.11681145,-0.70755506,-0.69693702,0
-1.6103311,0.67306495,0.34103721,-0.9305948,0.16714311,-0.32566369,0
2.4111545,2.2401295,-1.7614818,0.34691304,0.68660712,-0.63892257,0
0.59668779,-1.6394688,2.0594873,0.9305948,-0.16714311,0.32566369,0
-1.5446957,-2.8464191,0.47860754,0.11681145,-0.70755506,-0.69693702,0
1.9970241,1.1863662,-3.0220006,0.11681145,-0.70755506,-0.69693702,0
-2.3739879,-2.5590835,1.4389036,-0.34691304,-0.68660712,0.63892257,0
0.95363319,-2.3894689,0.43343282,0.11681145,-0.70755506,-0.69693702,0
0.11041963,-0.94717544,-1.1721624,0.11681145,-0.70755506,-0.69693702,0
0.59477496,3.1709375,-1.7474372,0.34691304,0.68660712,-0.63892257,0
-2.0566974,0.056817532,1.3002615,-0.9305948,0.16714311,-0.32566369,0
0.029740628,-1.147743,3.3224888,-0.11681145,0.70755506,0.69693702,0
0.80043173,3.0900004,-1.7227502,0.34691304,0.68660712,-0.63892257,0
-0.81493199,-2.5641215,0.31432295,0.11681145,-0.70755506,-0.69693702,0
-0.065753698,2.8042083,-2.5001807,0.34691304,0.68660712,-0.63892257,0
-1.1412697,-2.2785306,-0.030315757,0.11681145,-0.70755506,-0.69693702,0
-1.3742549,1.014653,-0.15824258,-0.9305948,0.16714311,-0.32566369,0
1.6473864,-0.95947742,-0.90206665,0.11681145,-0.70755506,-0.69693702,0
-0.077553272,-2.8899274,2.3302531,-0.34691304,-0.68660712,0.63892257,0
0.6504488,3.1612306,-0.94809711,-0.11681145,0.70755506,0.69693702,0
2.2667181,0.8052808,-1.4579418,0.9305948,-0.16714311,0.32566369,0
2.0149536,2.715405,-0.26677883,-0.11681145,0.70755506,0.69693702,0
0.83247614,1.8656704,0.39770985,-0.11681145,0.70755506,0.69693702,0
1.8323796,2.5350468,-1.7588091,0.34691304,0.68660712,-0.63892257,0
2.09478,0.41237801,-2.219836,0.11681145,-0.70755506,-0.69693702,0
-0.57647061,1.538339,0.4938789,-0.11681145,0.70755506,0.69693702,0
-0.018460393,0.15925753,1.9874972,-0.11681145,0.70755506,0.69693702,0
1.4725207,3.0249221,-1.4277638,0.34691304,0.68660712,-0.63892257,0
-1.898175,-2.026319,2.2697797,-0.34691304,-0.68660712,0.63892257,0
-1.8776258,0.35426003,1.4779148,-0.11681145,0.70755506,0.69693702,0
1.4104097,1.0229166,1.100688,0.9305948,-0.16714311,0.32566369,0
-0.99683177,0.27257121,-1.6176069,-0.9305948,0.16714311,-0.32566369,0
0.93920767,1.0426781,-3.0534205,0.11681145,-0.70755506,-0.69693702,0
-0.28812087,1.3199998,0.76387399,-0.11681145,0.70755506,0.69693702,0
-0.4609462,1.9494708,0.095846415,-0.11681145,0.70755506,0.69693702,0
0.95870978,-0.12909019,1.8001814,0.9305948,-0.16714311,0.32566369,0
-0.87324774,0.3906256,-1.9101621,-0.9305948,0.16714311,-0.32566369,0
-1.2568294,-0.71267462,-1.3803202,-0.9305948,0.16714311,-0.32566369,0
2.2804317,2.2278142,-1.8456941,0.34691304,0.68660712,-0.63892257,0
-2.3149984,-2.7916758,0.57641053,-0.9305948,0.16714311,-0.32566369,0
-2.6262667,-2.0373228,1.8530333,-0.9305948,0.16714311,-0.32566369,0
0.60852778,-0.78607845,2.4636469,0.9305948,-0.16714311,0.32566369,0
0.45546478,1.6430184,-3.4650292,0.34691304,0.68660712,-0.63892257,0
-1.3204552,-1.2834104,-1.0706294,0.11681145,-0.70755506,-0.69693702,0
-0.092829227,-3.4127693,1.7600963,-0.34691304,-0.68660712,0.63892257,0
-0.038707197,1.8202465,-3.5428925,0.34691304,0.68660712,-0.63892257,0
0.5548802,-1.393787,2.305047,0.9305948,-0.16714311,0.32566369,0
1.9048443,2.4765179,-1.7823598,0.34691304,0.68660712,-0.63892257,0
-0.92339158,2.2371998,-0.81914127,-0.9305948,0.16714311,-0.32566369,0
2.0253153,2.0659738,-0.1210885,0.9305948,-0.16714311,0.32566369,0
-1.6133356,-1.0413058,-0.53025788,-0.9305948,0.16714311,-0.32566369,0
0.34734237,-0.45034003,2.6676931,-0.11681145,0.70755506,0.69693702,0
0.86633408,-1.0563622,1.5882363,0.9305948,-0.16714311,0.32566369,0
0.95303822,-2.473022,0.61339164,0.9305948,-0.16714311,0.32566369,0
-0.63899708,-3.5288193,1.3388345,-0.34691304,-0.68660712,0.63892257,0
-1.1645077,-2.113878,2.5740421,-0.34691304,-0.68660712,0.63892257,0
-2.3026173,-1.1033102,1.4075644,-0.9305948,0.16714311,-0.32566369,0
0.87353599,2.1576037,0.10821092,-0.11681145,0.70755506,0.69693702,0
1.6789687,0.34432709,-0.015007053,0.9305948,-0.16714311,0.32566369,0
-1.0280956,1.2073061,0.75425959,-0.11681145,0.70755506,0.69693702,0
1.984627,-0.056867361,-1.0943445,0.9305948,-0.16714311,0.32566369,0
2.0497754,1.0624286,-0.70604229,0.9305948,-0.16714311,0.32566369,0
1.7601709,1.4535418,-2.9602361,0.34691304,0.68660712,-0.63892257,0
-1.6885453,-0.3486979,0.040129423,-0.9305948,0.16714311,-0.32566369,0
1.6115658,1.9310719,-2.5277543,0.34691304,0.68660712,-0.63892257,0
-2.4627883,-2.5207324,1.1377834,-0.9305948,0.16714311,-0.32566369,0
0.79925746,1.909049,-2.9924765,0.34691304,0.68660712,-0.63892257,0
-0.60489416,-3.4335201,1.2321703,0.11681145,-0.70755506,-0.69693702,0
-0.76985121,1.3417778,0.66102278,-0.11681145,0.70755506,0.69693702,0
-0.88978934,-1.7003808,3.1675625,-0.34691304,-0.68660712,0.63892257,0
1.1260633,3.0599568,-1.5782291,0.34691304,0.68660712,-0.63892257,0
-0.050101459,1.842006,-3.5174263,-0.9305948,0.16714311,-0.32566369,0
-2.4566209,-1.4069717,1.691784,-0.9305948,0.16714311,-0.32566369,0
-1.200947,0.60496032,-0.86374521,-0.9305948,0.16714311,-0.32566369,0
0.11747515,2.7430539,-2.4664121,0.34691304,0.68660712,-0.63892257,0
2.364825,1.1795617,-2.9263575,0.34691304,0.68660712,-0.63892257,0
1.4239122,3.2042093,-1.2614889,0.34691304,0.68660712,-0.63892257,0
-2.0342941,-1.3138599,2.9615035,-0.34691304,-0.68660712,0.63892257,0
1.1867034,2.9281149,-1.6869854,0.34691304,0.68660712,-0.63892257,0
1.7566352,1.6177436,-2.7856994,0.34691304,0.68660712,-0.63892257,0
-2.0765381,-2.2844963,0.15530574,-0.9305948,0.16714311,-0.32566369,0
-1.2248201,0.086475953,1.8591933,-0.11681145,0.70755506,0.69693702,0
2.6069598,0.90135372,-2.3808854,0.9305948,-0.16714311,0.32566369,0
1.1092308,-0.0032340288,1.4346566,0.9305948,-0.16714311,0.32566369,0
-0.33830762,3.4679897,-1.8593504,-0.9305948,0.16714311,-0.32566369,0
-2.5702403,-2.383965,1.5205334,-0.34691304,-0.68660712,0.63892257,0
0.018567018,1.0984592,-3.2643576,0.11681145,-0.70755506,-0.69693702,0
2.1427112,0.49323678,-2.2938931,0.11681145,-0.70755506,-0.69693702,0
0.91964144,-0.58465791,-1.4045717,0.11681145,-0.70755506,-0.69693702,0
-1.8591884,-3.1306314,1.104218,-0.34691304,-0.68660712,0.63892257,0
2.3822463,0.8112421,-1.7850077,0.9305948,-0.16714311,0.32566369,0
1.4069772,0.53089249,0.85797036,0.9305948,-0.16714311,0.32566369,0
1.6931458,-0.071198344,-0.26878205,0.9305948,-0.16714311,0.32566369,0
0.88355291,0.29867244,1.997142,-0.11681145,0.70755506,0.69693702,0
1.8793383,1.8209401,-2.5007143,0.34691304,0.68660712,-0.63892257,0
-1.6876502,-2.5054004,1.8692511,-0.34691304,-0.68660712,0.63892257,0
0.8931967,2.8574696,-1.9222671,0.34691304,0.68660712,-0.63892257,0
0.70109159,2.186106,-2.7480428,0.34691304,0.68660712,-0.63892257,0
-1.9788496,-1.0405912,2.8770506,-0.11681145,0.70755506,0.69693702,0
0.45164937,-1.7947081,2.3942645,0.9305948,-0.16714311,0.32566369,0
-0.80583715,-1.7869223,3.1201453,-0.34691304,-0.68660712,0.63892257,0
2.483253,1.584136,-2.4272866,0.34691304,0.68660712,-0.63892257,0
-1.361185,0.94035649,0.96944809,-0.11681145,0.70755506,0.69693702,0
-0.15753853,0.85924196,1.253538,-0.11681145,0.70755506,0.69693702,0
0.81972969,0.067483783,-2.0833945,0.11681145,-0.70755506,-0.69693702,0
0.54307187,-1.9844233,2.0356526,0.9305948,-0.16714311,0.32566369,0
0.67265368,2.6865339,-0.46244693,-0.11681145,0.70755506,0.69693702,0
-0.31583428,-2.6037722,0.43822956,0.11681145,-0.70755506,-0.69693702,0
-0.23467076,1.6573308,-3.0847955,-0.9305948,0.16714311,-0.32566369,0
1.0533423,2.592407,-2.1201587,0.34691304,0.68660712,-0.63892257,0
1.0215602,-0.27405918,1.5461806,0.9305948,-0.16714311,0.32566369,0
-1.2660077,1.3308425,-0.30528182,-0.9305948,0.16714311,-0.32566369,0
1.3561946,2.1164865,-2.4671597,0.34691304,0.68660712,-0.63892257,0
0.70324183,3.1353207,-0.91294408,-0.11681145,0.70755506,0.69693702,0
-0.80874598,-3.2403915,1.5566208,-0.34691304,-0.68660712,0.63892257,0
-0.033313751,3.6406322,-1.5837185,0.34691304,0.68660712,-0.63892257,0
-1.70894,-0.26691818,0.14037995,-0.9305948,0.16714311,-0.32566369,0
-0.7719357,1.9677176,-1.3902404,-0.9305948,0.16714311,-0.32566369,0
-0.26969612,2.5044124,-2.5499539,-0.9305948,0.16714311,-0.32566369,0
1.1351994,2.1776729,-2.5213995,0.34691304,0.68660712,-0.63892257,0
-0.60953736,-2.7458487,2.1962357,-0.34691304,-0.68660712,0.63892257,0
2.2886603,2.6235678,-1.4159366,0.34691304,0.68660712,-0.63892257,0
1.2120762,-1.4407068,-0.48646671,0.11681145,-0.70755506,-0.69693702,0
-2.1901221,-3.1591482,0.68792284,0.11681145,-0.70755506,-0.69693702,0
-2.1543949,-2.030972,0.50790203,-0.9305948,0.16714311,-0.32566369,0
-0.12223959,-3.1049938,2.0748725,-0.34691304,-0.68660712,0.63892257,0
0.44031203,1.8728622,0.3246792,-0.11681145,0.70755506,0.69693702,0
1.6588062,2.2195215,-2.1921268,0.34691304,0.68660712,-0.63892257,0
0.16617477,2.9120536,-2.2583575,0.34691304,0.68660712,-0.63892257,0
-1.6293145,-0.04312104,1.9229686,-0.11681145,0.70755506,0.69693702,0
-1.0835322,0.81448662,-1.0917255,-0.9305948,0.16714311,-0.32566369,0
-0.73512852,0.25264114,1.7725724,-0.11681145,0.70755506,0.69693702,0
0.78591073,-1.574087,-0.42248255,0.11681145,-0.70755506,-0.69693702,0
-0.09989804,0.27087241,1.8605322,-0.11681145,0.70755506,0.69693702,0
0.63694906,-0.75281996,-1.2812288,0.11681145,-0.70755506,-0.69693702,0
0.17045546,3.3246059,-1.812691,0.34691304,0.68660712,-0.63892257,0
0.43878627,-2.358227,0.31542301,0.11681145,-0.70755506,-0.69693702,0
1.7630063,1.648753,0.414334,0.9305948,-0.16714311,0.32566369,0
1.102175,-1.0676956,0.90849596,0.9305948,-0.16714311,0.32566369,0
-0.40202165,-1.7638247,3.3642247,-0.34691304,-0.68660712,0.63892257,0
0.68172574,3.2999644,-1.5615693,0.34691304,0.68660712,-0.63892257,0
0.75402999,-2.3815832,1.2289951,0.9305948,-0.16714311,0.32566369,0
-1.6557308,-0.010504723,0.11993435,-0.9305948,0.16714311,-0.32566369,0
2.0212538,0.84171879,-0.73781753,0.9305948,-0.16714311,0.32566369,0
-2.1856568,-1.8030412,0.7142176,-0.9305948,0.16714311,-0.32566369,0
0.24856043,-2.9417005,2.3859181,0.9305948,-0.16714311,0.32566369,0
-0.39399898,-2.5185046,2.5575771,-0.34691304,-0.68660712,0.63892257,0
-0.69449514,-0.8336693,2.8822432,-0.11681145,0.70755506,0.69693702,0
0.14301181,-0.86128855,-1.253895,0.11681145,-0.70755506,-0.69693702,0
1.4118121,2.5474107,-1.9738759,0.34691304,0.68660712,-0.63892257,0
-0.80583096,-1.7137476,3.1987844,-0.34691304,-0.68660712,0.63892257,0
-1.4896038,0.85143036,0.087598622,-0.9305948,0.16714311,-0.32566369,0
0.18809623,-1.1451882,3.3464365,-0.11681145,0.70755506,0.69693702,0
-0.56145179,1.3402115,0.69754219,-0.11681145,0.70755506,0.69693702,0
-2.299542,-1.8303556,2.2624395,-0.34691304,-0.68660712,0.63892257,0
-2.0031109,-1.6032289,0.29513812,-0.9305948,0.16714311,-0.32566369,0
-0.12141204,2.2681079,-0.17073715,-0.11681145,0.70755506,0.69693702,0
-0.77986944,-0.98919821,3.0258324,-0.11681145,0.70755506,0.69693702,0
1.6302297,0.90413582,0.41158172,0.9305948,-0.16714311,0.32566369,0
-2.0775926,-1.1001871,0.76615196,-0.9305948,0.16714311,-0.32566369,0
-0.58338404,-3.0771103,0.8739363,0.11681145,-0.70755506,-0.69693702,0
-2.4087496,-1.216772,2.8625207,-0.34691304,-0.68660712,0.63892257,0
2.2492516,2.0593896,-0.7643733,0.9305948,-0.16714311,0.32566369,0
1.4012154,0.8166728,1.0211086,0.9305948,-0.16714311,0.32566369,0
-1.58899,-0.048899561,1.9355938,-0.11681145,0.70755506,0.69693702,0
-1.4931468,1.0002229,0.17408943,-0.9305948,0.16714311,-0.32566369,0
0.50659794,-0.89862096,2.6971536,0.9305948,-0.16714311,0.32566369,0
0.89435357,1.1267133,1.1582961,-0.11681145,0.70755506,0.69693702,0
-0.79999131,0.09621489,1.9205104,-0.11681145,0.70755506,0.69693702,0
-2.0233126,-2.3247018,1.8811822,-0.34691304,-0.68660712,0.63892257,0
-2.2116632,-0.49571466,1.4595015,-0.9305948,0.16714311,-0.32566369,0
-0.82926828,-0.49685317,2.5177066,-0.11681145,0.70755506,0.69693702,0
0.50264883,3.0413814,-0.85119414,-0.11681145,0.70755506,0.69693702,0
-0.12327376,0.44019437,-2.6198373,0.11681145,-0.70755506,-0.69693702,0
-1.4162207,-2.1024649,2.4496355,-0.34691304,-0.68660712,0.63892257,0
1.597976,1.8713498,-2.5993123,0.34691304,0.68660712,-0.63892257,0
0.31278497,-0.1500057,2.3569911,-0.11681145,0.70755506,0.69693702,0
1.2849164,2.8729353,-1.6929567,0.34691304,0.68660712,-0.63892257,0
2.615299,1.9315318,-1.8759878,0.9305948,-0.16714311,0.32566369,0
-1.1782478,-1.9287107,2.7655687,-0.34691304,-0.68660712,0.63892257,0
0.90906823,-1.8670019,1.0500712,0.9305948,-0.16714311,0.32566369,0
-0.99352622,2.152329,-0.66228855,-0.9305948,0.16714311,-0.32566369,0
0.078201413,-1.9442625,-0.16528475,0.11681145,-0.70755506,-0.69693702,0
0.51603407,-1.255669,2.4869387,0.9305948,-0.16714311,0.32566369,0
-0.7262013,2.1224818,-1.4414974,-0.9305948,0.16714311,-0.32566369,0
0.24532893,-1.4964205,3.1369247,0.9305948,-0.16714311,0.32566369,0
-0.4427731,-2.4453835,2.6096725,-0.34691304,-0.68660712,0.63892257,0
-0.26935422,2.2494869,-2.6817694,-0.9305948,0.16714311,-0.32566369,0
1.458589,3.0562689,-1.4016423,0.34691304,0.68660712,-0.63892257,0
-0.9365747,-2.9405506,0.67609835,0.11681145,-0.70755506,-0.69693702,0
-1.5540973,-1.295684,-0.83009022,-0.9305948,0.16714311,-0.32566369,0
-1.528119,0.067718923,1.8274012,-0.11681145,0.70755506,0.69693702,0
0.043717086,-0.25409937,-1.8869772,0.11681145,-0.70755506,-0.69693702,0
-1.6035728,-0.22862971,-0.14105889,-0.9305948,0.16714311,-0.32566369,0
0.59409666,-3.1033444,1.3155745,0.9305948,-0.16714311,0.32566369,0
2.2083564,1.0438685,-2.8419111,0.11681145,-0.70755506,-0.69693702,0
-1.3356841,-1.9622726,2.6440194,-0.34691304,-0.68660712,0.63892257,0
2.4508612,1.8679773,-1.4387205,0.9305948,-0.16714311,0.32566369,0
-0.82188129,2.1292343,-1.1646224,-0.9305948,0.16714311,-0.32566369,0
0.78373045,-0.01407671,2.297925,-0.11681145,0.70755506,0.69693702,0
-1.7362134,0.16151643,0.43820402,-0.9305948,0.16714311,-0.32566369,0
-1.4654227,-0.44101608,2.3543952,-0.11681145,0.70755506,0.69693702,0
1.3968755,0.53491676,-2.4612153,0.11681145,-0.70755506,-0.69693702,0
1.7525256,2.0616913,-2.3108501,0.34691304,0.68660712,-0.63892257,0
-1.7311094,-0.20407045,0.2359857,-0.9305948,0.16714311,-0.32566369,0
-1.3905522,-2.2256484,2.3311954,-0.34691304,-0.68660712,0.63892257,0
-2.0355809,-0.60267425,0.90144467,-0.9305948,0.16714311,-0.32566369,0
0.31001806,3.4719987,-1.5785203,0.34691304,0.68660712,-0.63892257,0
-1.2074273,-0.26133883,-1.2898459,-0.9305948,0.16714311,-0.32566369,0
1.3847828,0.5759567,0.94452101,0.9305948,-0.16714311,0.32566369,0
-0.51337349,-2.4869711,2.5266476,-0.34691304,-0.68660712,0.63892257,0
0.00039076805,2.8500152,-2.4150407,0.34691304,0.68660712,-0.63892257,0
-0.77585047,-1.5221195,3.4209924,-0.34691304,-0.68660712,0.63892257,0
-1.8415205,-1.3218426,3.0575943,-0.34691304,-0.68660712,0.63892257,0
