-1.3972948,-4.4259973,1.0649633,-0.072599828,-0.99725759,-0.014369607,0
-0.49765134,-4.4921708,1.1121442,-0.072599828,-0.99725759,-0.014369607,0
-0.81798744,-1.5722919,1.3648072,-0.19967872,0.00041761994,0.97986132,0
-1.267872,-1.6571143,1.2731647,-0.19967872,0.00041761994,0.97986132,0
1.2563388,4.4149342,0.41494799,0.072599828,0.99725759,0.014369607,0
-0.10097337,-4.5182915,0.92077684,-0.072599828,-0.99725759,-0.014369607,0
1.1774133,-3.4896495,0.45797205,0.9771682,-0.074007094,0.19916141,0
-1.3307636,4.0742579,0.51166344,-0.9771682,0.074007094,-0.19916141,0
1.6758128,4.3936019,-0.22386646,0.072599828,0.99725759,0.014369607,0
-0.47535181,-1.4211808,1.434566,-0.19967872,0.00041761994,0.97986132,0
0.66229093,-0.96789443,1.6662047,-0.19967872,0.00041761994,0.97986132,0
0.51869392,4.4883385,-0.9525032,0.072599828,0.99725759,0.014369607,0
-1.940963,-3.1011891,0.83920622,-0.9771682,0.074007094,-0.19916141,0
2.0232363,3.7444298,-1.003849,0.9771682,-0.074007094,0.19916141,0
1.618583,-1.2096661,-1.2004743,0.19967872,-0.00041761994,-0.97986132,0
-0.0011683702,0.61215568,1.5303299,-0.19967872,0.00041761994,0.97986132,0
-0.010111332,4.5310335,-1.5348203,0.19967872,-0.00041761994,-0.97986132,0
-1.4079728,-2.1936619,-1.4386327,-0.9771682,0.074007094,-0.19916141,0
1.7793695,3.7242768,0.18517399,0.9771682,-0.074007094,0.19916141,0
-1.0032338,-0.38053128,1.3265494,-0.19967872,0.00041761994,0.97986132,0
0.5346669,0.89889163,-1.4222561,0.19967872,-0.00041761994,-0.97986132,0
-0.99824655,-0.38379884,-1.7340906,0.19967872,-0.00041761994,-0.97986132,0
-0.83454919,0.48047364,-1.7011002,0.19967872,-0.00041761994,-0.97986132,0
1.280128,-0.05843389,1.2290286,0.9771682,-0.074007094,0.19916141,0
-0.50020063,0.31678045,-1.6328959,0.19967872,-0.00041761994,-0.97986132,0
-1.5954969,-4.3895073,-0.46608782,-0.072599828,-0.99725759,-0.014369607,0
-0.035811424,4.5228105,-0.54334188,0.072599828,0.99725759,0.014369607,0
-0.17653292,-4.480247,-1.3377531,-0.072599828,-0.99725759,-0.014369607,0
1.1514976,-3.7362514,-1.2945814,0.19967872,-0.00041761994,-0.97986132,0
0.23664016,2.8709168,1.5778284,-0.19967872,0.00041761994,0.97986132,0
1.0118926,-2.2196574,1.7379808,-0.19967872,0.00041761994,0.97986132,0
0.93142962,-2.8380344,1.7218475,-0.19967872,0.00041761994,0.97986132,0
1.5391288,4.3971281,0.22199488,0.072599828,0.99725759,0.014369607,0
0.46768451,-2.0772929,1.6270201,-0.19967872,0.00041761994,0.97986132,0
1.7962303,4.388588,-0.48425817,0.072599828,0.99725759,0.014369607,0
-1.2535946,1.0260715,-0.99964452,-0.9771682,0.074007094,-0.19916141,0
0.84967577,4.4383011,0.8478961,0.072599828,0.99725759,0.014369607,0
-1.4718409,-2.56177,-1.2620566,-0.9771682,0.074007094,-0.19916141,0
1.4047681,-1.7180995,0.00077235699,0.9771682,-0.074007094,0.19916141,0
-1.4485607,1.9956534,0.31722927,-0.9771682,0.074007094,-0.19916141,0
1.5778054,1.7758319,0.45010185,0.9771682,-0.074007094,0.19916141,0
-0.49484193,4.5374155,0.76223969,0.072599828,0.99725759,0.014369607,0
-0.23837805,-2.243639,1.4832078,-0.19967872,0.00041761994,0.97986132,0
-1.7000933,-0.42492652,0.65188009,-0.9771682,0.074007094,-0.19916141,0
0.32018664,-2.5529962,-1.4644923,0.19967872,-0.00041761994,-0.97986132,0
1.4375658,4.0671101,-1.2396109,0.19967872,-0.00041761994,-0.97986132,0
-1.3718438,-2.2296295,-1.629262,-0.9771682,0.074007094,-0.19916141,0
1.0707649,-4.1148605,0.74890852,0.9771682,-0.074007094,0.19916141,0
-0.9090054,-4.4546261,0.58482027,-0.072599828,-0.99725759,-0.014369607,0
-1.3149,4.1238208,0.4522481,-0.9771682,0.074007094,-0.19916141,0
1.1650418,-0.9647876,1.4568932,0.9771682,-0.074007094,0.19916141,0
0.64679801,1.0325844,1.662195,-0.19967872,0.00041761994,0.97986132,0
1.6589645,4.3868842,0.3274498,0.072599828,0.99725759,0.014369607,0
1.3830419,4.4250231,-0.9253397,0.072599828,0.99725759,0.014369607,0
1.6001492,1.2357047,0.13976645,0.9771682,-0.074007094,0.19916141,0
-1.3576057,3.382184,0.38619232,-0.9771682,0.074007094,-0.19916141,0
1.7297347,2.6315708,0.022660017,0.9771682,-0.074007094,0.19916141,0
1.2282591,4.4065027,1.142005,0.072599828,0.99725759,0.014369607,0
-0.27338052,-4.5132627,1.4428658,-0.072599828,-0.99725759,-0.014369607,0
-0.32019579,4.5205569,1.0498848,0.072599828,0.99725759,0.014369607,0
-0.91358662,2.3288758,-1.7179942,0.19967872,-0.00041761994,-0.97986132,0
-1.1622339,4.1713324,-0.27914023,-0.9771682,0.074007094,-0.19916141,0
1.6041818,-0.51303333,-0.5298385,0.9771682,-0.074007094,0.19916141,0
0.79178429,-1.4013699,-1.3688798,0.19967872,-0.00041761994,-0.97986132,0
-1.019532,4.5789042,0.53381538,0.072599828,0.99725759,0.014369607,0
0.29436642,-2.7741666,-1.4696598,0.19967872,-0.00041761994,-0.97986132,0
-1.2280257,2.8034785,-0.46462369,-0.9771682,0.074007094,-0.19916141,0
-1.3272181,-4.3164315,-1.7994533,0.19967872,-0.00041761994,-0.97986132,0
-1.8548324,-4.2033124,0.0070705414,-0.9771682,0.074007094,-0.19916141,0
-1.7204608,-2.9904401,-0.20151567,-0.9771682,0.074007094,-0.19916141,0
1.205196,-3.4900103,0.3215251,0.9771682,-0.074007094,0.19916141,0
-1.3958689,1.3178401,1.2458134,-0.19967872,0.00041761994,0.97986132,0
-1.0903631,-0.64753103,-1.7527499,0.19967872,-0.00041761994,-0.97986132,0
1.7512014,1.830292,-1.1747444,0.19967872,-0.00041761994,-0.97986132,0
-1.2350712,4.3493795,0.14439011,-0.9771682,0.074007094,-0.19916141,0
0.11543453,-0.88404679,1.5547291,-0.19967872,0.00041761994,0.97986132,0
-1.9175951,-4.3817658,0.62401199,-0.072599828,-0.99725759,-0.014369607,0
-1.3753878,-4.3947129,-1.2168889,-0.072599828,-0.99725759,-0.014369607,0
-0.65822411,-1.8206092,1.39747,-0.19967872,0.00041761994,0.97986132,0
1.7641517,2.1047857,-0.34195328,0.9771682,-0.074007094,0.19916141,0
-1.6308126,-2.3788216,-0.41409326,-0.9771682,0.074007094,-0.19916141,0
1.3070174,-3.442595,-1.2630143,0.19967872,-0.00041761994,-0.97986132,0
1.2360078,-3.8573334,0.033854723,0.9771682,-0.074007094,0.19916141,0
-0.61267066,-3.2666364,1.4073694,-0.19967872,0.00041761994,0.97986132,0
-0.1457963,-4.4868784,-1.0328269,-0.072599828,-0.99725759,-0.014369607,0
1.4144956,2.9658227,1.6935594,0.9771682,-0.074007094,0.19916141,0
-1.8172961,-4.2697129,-0.20177031,-0.9771682,0.074007094,-0.19916141,0
1.7639642,2.7468472,-0.10244656,0.9771682,-0.074007094,0.19916141,0
-1.433835,-0.85975242,1.2390046,-0.19967872,0.00041761994,0.97986132,0
0.63926482,-3.4641337,1.6625761,-0.19967872,0.00041761994,0.97986132,0
0.4487102,1.350813,-1.4399651,0.19967872,-0.00041761994,-0.97986132,0
1.9076267,1.900606,-1.1217723,0.9771682,-0.074007094,0.19916141,0
1.1168836,-1.9420286,1.3300416,0.9771682,-0.074007094,0.19916141,0
-1.1469791,-4.4165373,-0.85623741,-0.072599828,-0.99725759,-0.014369607,0
0.17688203,4.5203023,-1.4438722,0.072599828,0.99725759,0.014369607,0
-0.39076138,4.5302515,0.73359323,0.072599828,0.99725759,0.014369607,0
-1.0823365,-3.1821382,-1.7500343,0.19967872,-0.00041761994,-0.97986132,0
-0.17623565,2.575644,1.4938176,-0.19967872,0.00041761994,0.97986132,0
1.0481732,1.2516531,1.7438949,-0.19967872,0.00041761994,0.97986132,0
-1.0530244,2.3173099,-1.5039091,-0.9771682,0.074007094,-0.19916141,0
0.078797728,-2.4328759,-1.5137343,0.19967872,-0.00041761994,-0.97986132,0
1.1829513,-2.6082664,0.75831604,0.9771682,-0.074007094,0.19916141,0
0.26958692,-1.2885172,1.5863152,-0.19967872,0.00041761994,0.97986132,0
-1.8683978,-3.7852087,0.22899437,-0.9771682,0.074007094,-0.19916141,0
1.1486474,-4.1623273,0.34914613,0.9771682,-0.074007094,0.19916141,0
0.64298069,-2.0348718,1.6627243,-0.19967872,0.00041761994,0.97986132,0
-0.92304373,-2.9069996,1.3439674,-0.19967872,0.00041761994,0.97986132,0
1.3898907,1.6338396,1.3193246,0.9771682,-0.074007094,0.19916141,0
-0.12860313,2.4067721,1.5035961,-0.19967872,0.00041761994,0.97986132,0
1.4313965,1.5842648,1.0972588,0.9771682,-0.074007094,0.19916141,0
0.69161272,-2.7488956,1.6729389,-0.19967872,0.00041761994,0.97986132,0
-0.365996,-4.4800053,-0.39732456,-0.072599828,-0.99725759,-0.014369607,0
-0.3786273,4.5560961,-1.1213467,0.072599828,0.99725759,0.014369607,0
-1.7970009,-3.3753977,0.030974865,-0.9771682,0.074007094,-0.19916141,0
-0.90325356,0.71899247,1.3464551,-0.19967872,0.00041761994,0.97986132,0
-1.1978614,1.9463372,-0.93112886,-0.9771682,0.074007094,-0.19916141,0
-0.15512586,-1.4160254,1.4998204,-0.19967872,0.00041761994,0.97986132,0
-1.6155627,0.1616236,0.45509645,-0.9771682,0.074007094,-0.19916141,0
-1.0718775,-4.3455791,-1.747407,0.19967872,-0.00041761994,-0.97986132,0
0.85157984,4.4312315,1.3289356,0.072599828,0.99725759,0.014369607,0
-1.7910564,-1.3285033,0.7624203,-0.9771682,0.074007094,-0.19916141,0
0.9701972,3.9700327,-1.3348112,0.19967872,-0.00041761994,-0.97986132,0
-0.31357026,4.5507469,-1.0788243,0.072599828,0.99725759,0.014369607,0
0.77121973,-4.5640564,-0.30969024,-0.072599828,-0.99725759,-0.014369607,0
-0.17257513,3.4143414,1.4942062,-0.19967872,0.00041761994,0.97986132,0
-0.64315498,-4.4646635,-0.061743736,-0.072599828,-0.99725759,-0.014369607,0
1.2698381,-4.4241004,-0.34273791,0.9771682,-0.074007094,0.19916141,0
1.3503758,-2.2165661,-1.254701,0.19967872,-0.00041761994,-0.97986132,0
0.40627718,-3.471251,1.6151004,-0.19967872,0.00041761994,0.97986132,0
0.14383388,-4.5440784,1.4735773,-0.072599828,-0.99725759,-0.014369607,0
1.4272301,-1.2314317,0.071406543,0.9771682,-0.074007094,0.19916141,0
1.5175381,2.0945632,0.86423612,0.9771682,-0.074007094,0.19916141,0
-0.54294199,0.71012706,1.4198841,-0.19967872,0.00041761994,0.97986132,0
1.2340841,4.4274044,-0.33804512,0.072599828,0.99725759,0.014369607,0
-1.2813299,2.520134,1.2686421,-0.19967872,0.00041761994,0.97986132,0
-1.5260516,-2.1427588,-0.84037375,-0.9771682,0.074007094,-0.19916141,0
1.6004612,3.9258862,-1.2063553,0.19967872,-0.00041761994,-0.97986132,0
1.4506751,-4.2872467,-1.1791444,0.9771682,-0.074007094,0.19916141,0
0.65341187,-2.6484396,-1.3965462,0.19967872,-0.00041761994,-0.97986132,0
1.3870414,-2.458405,-0.18734622,0.9771682,-0.074007094,0.19916141,0
-0.74064875,4.5568881,0.6527338,0.072599828,0.99725759,0.014369607,0
1.0552685,-3.4081874,-1.3143311,0.19967872,-0.00041761994,-0.97986132,0
1.8338041,1.9486766,-1.1579618,0.19967872,-0.00041761994,-0.97986132,0
0.66778255,4.4698486,-0.4225378,0.072599828,0.99725759,0.014369607,0
1.3412871,-1.7614551,0.29612577,0.9771682,-0.074007094,0.19916141,0
1.5482633,4.320817,-1.2171607,0.19967872,-0.00041761994,-0.97986132,0
0.13545084,-3.192477,-1.5018659,0.19967872,-0.00041761994,-0.97986132,0
-1.5355682,-3.23505,-1.1995695,-0.9771682,0.074007094,-0.19916141,0
1.3477675,-0.63337934,0.68351477,0.9771682,-0.074007094,0.19916141,0
0.9405179,-3.7397695,1.5273361,0.9771682,-0.074007094,0.19916141,0
-0.13209414,-4.5242262,1.4899054,-0.072599828,-0.99725759,-0.014369607,0
0.81805778,-0.11245529,-1.3640749,0.19967872,-0.00041761994,-0.97986132,0
1.4085602,0.065001965,0.64475518,0.9771682,-0.074007094,0.19916141,0
0.98406267,-2.7901804,1.6665467,0.9771682,-0.074007094,0.19916141,0
-1.3148882,1.8304056,1.2620974,-0.19967872,0.00041761994,0.97986132,0
-1.2020261,3.4975314,-0.3342824,-0.9771682,0.074007094,-0.19916141,0
1.3205181,-1.4199677,0.52492094,0.9771682,-0.074007094,0.19916141,0
-1.84764,-3.082129,0.38840723,-0.9771682,0.074007094,-0.19916141,0
1.2447189,-0.014127254,1.4192238,0.9771682,-0.074007094,0.19916141,0
-1.5978982,0.78456664,0.59990942,-0.9771682,0.074007094,-0.19916141,0
0.30981255,0.72244853,-1.4680023,0.19967872,-0.00041761994,-0.97986132,0
-1.4190438,-4.3986883,-0.72042084,-0.072599828,-0.99725759,-0.014369607,0
1.5630804,-2.0440383,-0.89709067,0.9771682,-0.074007094,0.19916141,0
-1.5461448,-1.6535786,1.2164559,-0.19967872,0.00041761994,0.97986132,0
0.72345316,-2.7771842,-1.382218,0.19967872,-0.00041761994,-0.97986132,0
-1.2790563,-4.4371805,1.2437243,-0.072599828,-0.99725759,-0.014369607,0
-0.58051074,-3.171803,-1.6477752,0.19967872,-0.00041761994,-0.97986132,0
1.440685,-1.0820618,0.060896412,0.9771682,-0.074007094,0.19916141,0
-0.46610749,0.11361498,1.4357958,-0.19967872,0.00041761994,0.97986132,0
0.0049300194,4.5333915,-1.4835076,0.072599828,0.99725759,0.014369607,0
-1.6438093,-2.37444,-0.34869814,-0.9771682,0.074007094,-0.19916141,0
-0.82709801,4.5687742,0.26460147,0.072599828,0.99725759,0.014369607,0
-0.72328734,2.3961029,1.3824143,-0.19967872,0.00041761994,0.97986132,0
1.6002731,1.1808256,0.118765,0.9771682,-0.074007094,0.19916141,0
1.8277676,3.7620978,-0.038232327,0.9771682,-0.074007094,0.19916141,0
0.29950958,3.9334464,1.5901878,-0.19967872,0.00041761994,0.97986132,0
1.1790603,1.3419753,1.7705289,-0.19967872,0.00041761994,0.97986132,0
1.0084572,-2.4692223,1.6661248,0.9771682,-0.074007094,0.19916141,0
-1.4761562,2.7725797,0.74132562,-0.9771682,0.074007094,-0.19916141,0
-0.41386914,2.5869977,-1.6162707,0.19967872,-0.00041761994,-0.97986132,0
0.018996954,-4.5346804,1.4520597,-0.072599828,-0.99725759,-0.014369607,0
-1.1746315,1.3979859,-1.2488693,-0.9771682,0.074007094,-0.19916141,0
0.79683495,4.4535074,0.059558392,0.072599828,0.99725759,0.014369607,0
-0.87408102,4.5795321,-0.24462581,0.072599828,0.99725759,0.014369607,0
-1.2457261,0.53730011,-1.2198747,-0.9771682,0.074007094,-0.19916141,0
-1.7371968,-4.3894048,0.24271631,-0.072599828,-0.99725759,-0.014369607,0
-1.1444006,4.3560147,-0.29800963,-0.9771682,0.074007094,-0.19916141,0
-0.48036003,4.5369325,-1.6306512,0.19967872,-0.00041761994,-0.97986132,0
-0.88972378,-3.0639675,1.3508241,-0.19967872,0.00041761994,0.97986132,0
-0.52342272,4.2257199,-1.6392941,0.19967872,-0.00041761994,-0.97986132,0
-0.89642477,4.5957918,-1.260195,0.072599828,0.99725759,0.014369607,0
1.2509081,2.7580457,1.7845669,-0.19967872,0.00041761994,0.97986132,0
0.78345215,-1.4214568,1.6910886,-0.19967872,0.00041761994,0.97986132,0
-0.51713967,4.5698643,-1.3770561,0.072599828,0.99725759,0.014369607,0
0.78619075,1.6595703,-1.3713241,0.19967872,-0.00041761994,-0.97986132,0
-0.9598186,4.5969458,-1.0199935,0.072599828,0.99725759,0.014369607,0
0.046427727,4.4913349,1.2255988,0.072599828,0.99725759,0.014369607,0
-0.24859309,-4.5113654,1.1859367,-0.072599828,-0.99725759,-0.014369607,0
1.6442983,4.3803024,0.85831451,0.072599828,0.99725759,0.014369607,0
-1.5823433,-4.398881,0.11801195,-0.072599828,-0.99725759,-0.014369607,0
0.84394813,2.173425,1.7018846,-0.19967872,0.00041761994,0.97986132,0
1.513252,2.514313,1.0412409,0.9771682,-0.074007094,0.19916141,0
-1.1713663,-4.4017057,-1.7623239,-0.072599828,-0.99725759,-0.014369607,0
1.7222037,2.6411977,-1.180999,0.19967872,-0.00041761994,-0.97986132,0
-1.9255508,-2.7554817,0.89204812,-0.9771682,0.074007094,-0.19916141,0
-1.5676353,-4.3880877,-0.70537233,-0.072599828,-0.99725759,-0.014369607,0
-1.9901812,-3.9152665,0.77818584,-0.9771682,0.074007094,-0.19916141,0
0.74935198,-4.5658851,-0.072292089,-0.072599828,-0.99725759,-0.014369607,0
-0.53922153,-4.4922724,1.3292239,-0.072599828,-0.99725759,-0.014369607,0
-1.1625899,3.1024897,-0.67456853,-0.9771682,0.074007094,-0.19916141,0
-1.3098872,4.5905933,0.60110188,-0.9771682,0.074007094,-0.19916141,0
1.4751534,-2.2713482,-0.55015123,0.9771682,-0.074007094,0.19916141,0
0.83308083,4.434268,1.2116261,0.072599828,0.99725759,0.014369607,0
0.37628686,-4.5236292,-1.1200366,-0.072599828,-0.99725759,-0.014369607,0
1.4120799,-0.8195554,0.29879001,0.9771682,-0.074007094,0.19916141,0
-1.4438949,-3.9944897,1.2382901,-0.19967872,0.00041761994,0.97986132,0
1.3203073,-3.1317275,-1.2604386,0.19967872,-0.00041761994,-0.97986132,0
-0.79166764,-4.435791,-1.3151517,-0.072599828,-0.99725759,-0.014369607,0
1.7354208,2.294198,-1.178158,0.19967872,-0.00041761994,-0.97986132,0
-1.6588385,-0.70686102,0.34470296,-0.9771682,0.074007094,-0.19916141,0
0.12285745,1.0939187,1.5553988,-0.19967872,0.00041761994,0.97986132,0
0.45606196,4.4664211,0.88499975,0.072599828,0.99725759,0.014369607,0
-0.27467525,-4.4743891,-1.2484529,-0.072599828,-0.99725759,-0.014369607,0
-0.12324011,-0.4326272,1.505899,-0.19967872,0.00041761994,0.97986132,0
-1.0078664,4.1494083,-1.044677,-0.9771682,0.074007094,-0.19916141,0
-1.4301348,2.2612619,0.32552278,-0.9771682,0.074007094,-0.19916141,0
-0.43646717,4.5574574,-0.92361903,0.072599828,0.99725759,0.014369607,0
1.4706012,1.6249948,0.92003894,0.9771682,-0.074007094,0.19916141,0
-0.81570959,-4.4298711,-1.6045456,-0.072599828,-0.99725759,-0.014369607,0
0.79418778,-4.5893054,1.3265483,-0.072599828,-0.99725759,-0.014369607,0
-0.34075856,-4.5040922,1.1468441,-0.072599828,-0.99725759,-0.014369607,0
1.6218667,1.3830838,-1.20091,0.19967872,-0.00041761994,-0.97986132,0
-0.59012485,-4.4753356,0.41098404,-0.072599828,-0.99725759,-0.014369607,0
-0.93966222,4.4173679,1.3374596,-0.19967872,0.00041761994,0.97986132,0
-0.017611265,2.3480043,-1.5354184,0.19967872,-0.00041761994,-0.97986132,0
-1.8385711,-3.8920438,1.1578186,-0.19967872,0.00041761994,0.97986132,0
1.2931583,2.8819218,-1.2685335,0.19967872,-0.00041761994,-0.97986132,0
0.89502633,-4.5711961,-0.43972015,-0.072599828,-0.99725759,-0.014369607,0
-1.1648096,-3.5421071,-1.7666872,0.19967872,-0.00041761994,-0.97986132,0
-1.4233289,-2.4427943,-1.4558656,-0.9771682,0.074007094,-0.19916141,0
0.87953776,-1.6791258,-1.3508787,0.19967872,-0.00041761994,-0.97986132,0
1.2638103,-0.96834958,0.97097099,0.9771682,-0.074007094,0.19916141,0
-0.66221845,2.1178293,1.3949777,-0.19967872,0.00041761994,0.97986132,0
0.24441791,4.5003109,-0.39766502,0.072599828,0.99725759,0.014369607,0
-1.9045541,-2.3710487,0.93188381,-0.9771682,0.074007094,-0.19916141,0
0.66689038,-4.5654316,0.31285572,-0.072599828,-0.99725759,-0.014369607,0
-0.53990591,-1.0327222,1.4212455,-0.19967872,0.00041761994,0.97986132,0
-1.7443066,-3.5929761,-0.30841732,-0.9771682,0.074007094,-0.19916141,0
-2.0175922,-4.3769069,0.79201365,-0.072599828,-0.99725759,-0.014369607,0
-1.2230921,3.5013697,-0.22949839,-0.9771682,0.074007094,-0.19916141,0
1.4809264,-3.3470058,-0.97818303,0.9771682,-0.074007094,0.19916141,0
0.10740566,-4.5087247,-0.79592919,-0.072599828,-0.99725759,-0.014369607,0
1.0616449,-3.8627348,0.88734293,0.9771682,-0.074007094,0.19916141,0
1.5242642,1.9309936,0.77045321,0.9771682,-0.074007094,0.19916141,0
-0.60189664,4.5536523,0.17626739,0.072599828,0.99725759,0.014369607,0
-1.8087678,-2.2265,0.51562929,-0.9771682,0.074007094,-0.19916141,0
1.7325692,2.5581479,-1.1788514,0.19967872,-0.00041761994,-0.97986132,0
-0.63616031,-1.9090065,-1.6596537,0.19967872,-0.00041761994,-0.97986132,0
0.0536834,-4.5125651,-0.25797319,-0.072599828,-0.99725759,-0.014369607,0
-0.79017687,4.5723319,-0.16884422,0.072599828,0.99725759,0.014369607,0
0.11177087,2.7202477,-1.5092112,0.19967872,-0.00041761994,-0.97986132,0
0.9795962,0.51433253,1.7302344,-0.19967872,0.00041761994,0.97986132,0
-1.3350741,3.2289999,1.2573879,-0.19967872,0.00041761994,0.97986132,0
-1.6537793,-2.5944235,-0.38152528,-0.9771682,0.074007094,-0.19916141,0
-0.69293714,0.93564063,1.3892214,-0.19967872,0.00041761994,0.97986132,0
1.306597,2.6929855,1.7959425,-0.19967872,0.00041761994,0.97986132,0
-1.4449782,-4.4013739,-0.40298557,-0.072599828,-0.99725759,-0.014369607,0
-1.4013202,1.5393901,-0.084096074,-0.9771682,0.074007094,-0.19916141,0
-1.6790643,-2.1542895,-0.093916893,-0.9771682,0.074007094,-0.19916141,0
1.5695246,2.1285837,0.62181044,0.9771682,-0.074007094,0.19916141,0
0.92296243,-1.1271558,-1.3422647,0.19967872,-0.00041761994,-0.97986132,0
0.97701359,-0.420582,-1.3315512,0.19967872,-0.00041761994,-0.97986132,0
-1.4383385,-0.87470496,-0.79953086,-0.9771682,0.074007094,-0.19916141,0
1.5227194,3.5253088,1.3704703,0.9771682,-0.074007094,0.19916141,0
1.4272287,0.44255841,0.69345665,0.9771682,-0.074007094,0.19916141,0
0.010883451,4.5062981,0.36671495,0.072599828,0.99725759,0.014369607,0
-0.33536381,-3.3879724,-1.5977261,0.19967872,-0.00041761994,-0.97986132,0
-0.3759588,-4.4760456,-0.62177801,-0.072599828,-0.99725759,-0.014369607,0
-1.4527245,4.3527708,1.2135477,-0.9771682,0.074007094,-0.19916141,0
0.17698288,-4.5159988,-0.6426115,-0.072599828,-0.99725759,-0.014369607,0
0.31692505,1.1658075,1.5949159,-0.19967872,0.00041761994,0.97986132,0
1.853173,3.425612,-0.28791857,0.9771682,-0.074007094,0.19916141,0
-0.19456923,0.57465982,-1.5707235,0.19967872,-0.00041761994,-0.97986132,0
-0.95315778,-4.4403996,-0.17941713,-0.072599828,-0.99725759,-0.014369607,0
1.1971278,-3.8692315,0.22019362,0.9771682,-0.074007094,0.19916141,0
-1.7178075,-0.23322707,0.81002873,-0.9771682,0.074007094,-0.19916141,0
-1.704067,-3.5391338,-0.4858408,-0.9771682,0.074007094,-0.19916141,0
-0.90889162,-4.4277186,-1.2831569,-0.072599828,-0.99725759,-0.014369607,0
1.8463962,2.3867292,-0.64071012,0.9771682,-0.074007094,0.19916141,0
-0.59690714,-4.4869571,1.2517893,-0.072599828,-0.99725759,-0.014369607,0
1.3117415,2.7690811,1.7969587,-0.19967872,0.00041761994,0.97986132,0
-1.5182029,0.44498265,0.082703769,-0.9771682,0.074007094,-0.19916141,0
0.30599213,-4.549643,1.0405064,-0.072599828,-0.99725759,-0.014369607,0
1.5345891,1.8170153,0.67744231,0.9771682,-0.074007094,0.19916141,0
1.2759542,-2.5962875,0.30645692,0.9771682,-0.074007094,0.19916141,0
1.2195878,-1.476187,-1.2816689,0.19967872,-0.00041761994,-0.97986132,0
1.6612151,3.3892806,0.64040613,0.9771682,-0.074007094,0.19916141,0
-1.1413224,2.3473499,-1.0595198,-0.9771682,0.074007094,-0.19916141,0
-0.80919862,0.77055508,1.3655999,-0.19967872,0.00041761994,0.97986132,0
1.6045859,1.083226,0.061337709,0.9771682,-0.074007094,0.19916141,0
-1.1519852,1.5001377,-1.3220211,-0.9771682,0.074007094,-0.19916141,0
-0.76458824,-4.1915131,-1.6848526,0.19967872,-0.00041761994,-0.97986132,0
1.2155881,4.4227266,0.08005476,0.072599828,0.99725759,0.014369607,0
-1.1621066,0.9045186,-1.4936901,-0.9771682,0.074007094,-0.19916141,0
1.4744079,-3.9381433,-1.1658633,0.9771682,-0.074007094,0.19916141,0
-1.8671238,-2.3559897,0.75383162,-0.9771682,0.074007094,-0.19916141,0
-0.55126357,-4.4599848,-0.85070515,-0.072599828,-0.99725759,-0.014369607,0
-1.5655646,-0.82433337,-0.15658879,-0.9771682,0.074007094,-0.19916141,0
-1.480956,-3.590003,-1.5994186,-0.9771682,0.074007094,-0.19916141,0
1.3516726,1.4928937,-1.2560177,0.19967872,-0.00041761994,-0.97986132,0
-0.15111053,-4.4817147,-1.364337,-0.072599828,-0.99725759,-0.014369607,0
0.30611658,-4.5350256,0.025388718,-0.072599828,-0.99725759,-0.014369607,0
-0.5968442,4.5631828,-0.51066661,0.072599828,0.99725759,0.014369607,0
-0.88236904,2.3565583,-1.7116446,0.19967872,-0.00041761994,-0.97986132,0
1.2973356,1.9621609,1.7943672,-0.19967872,0.00041761994,0.97986132,0
0.58880609,3.1875677,1.6494586,-0.19967872,0.00041761994,0.97986132,0
-1.1639211,1.0293468,-1.4384027,-0.9771682,0.074007094,-0.19916141,0
1.5858666,4.3877516,0.63656235,0.072599828,0.99725759,0.014369607,0
-0.97163749,4.5926547,-0.66246653,0.072599828,0.99725759,0.014369607,0
1.2311747,-3.2191353,0.29471731,0.9771682,-0.074007094,0.19916141,0
-1.3001539,-3.5806589,-1.7942517,0.19967872,-0.00041761994,-0.97986132,0
1.6058962,0.82638878,-1.2039273,0.19967872,-0.00041761994,-0.97986132,0
-1.8064026,-2.3206489,0.46904039,-0.9771682,0.074007094,-0.19916141,0
1.3125821,-2.9095542,0.010337591,0.9771682,-0.074007094,0.19916141,0
-1.6469043,-2.6272411,-0.42745137,-0.9771682,0.074007094,-0.19916141,0
-1.4539294,-0.13801694,-0.44928706,-0.9771682,0.074007094,-0.19916141,0
-0.65297556,-1.151715,-1.663403,0.19967872,-0.00041761994,-0.97986132,0
-0.014585972,2.3830509,-1.5348167,0.19967872,-0.00041761994,-0.97986132,0
-1.023839,-0.68958938,-1.7391756,0.19967872,-0.00041761994,-0.97986132,0
-1.333358,3.6896231,0.38146567,-0.9771682,0.074007094,-0.19916141,0
1.0734274,3.1261616,-1.3134151,0.19967872,-0.00041761994,-0.97986132,0
-0.71131635,4.582705,-1.2871842,0.072599828,0.99725759,0.014369607,0
-0.56048083,-3.0302186,-1.6437538,0.19967872,-0.00041761994,-0.97986132,0
1.565012,2.056473,0.61715531,0.9771682,-0.074007094,0.19916141,0
1.1985848,4.4365788,-0.79538155,0.072599828,0.99725759,0.014369607,0
1.9569694,2.7783475,-1.1332166,0.19967872,-0.00041761994,-0.97986132,0
1.2629411,0.93557,1.6827199,0.9771682,-0.074007094,0.19916141,0
1.4219375,-2.0680866,-0.21352088,0.9771682,-0.074007094,0.19916141,0
-1.7458632,-2.4565685,0.12150264,-0.9771682,0.074007094,-0.19916141,0
-1.1674023,0.11084795,-1.7626305,-0.9771682,0.074007094,-0.19916141,0
-1.066469,-4.4181657,-1.1499739,-0.072599828,-0.99725759,-0.014369607,0
-1.2222358,1.7906018,-0.86940891,-0.9771682,0.074007094,-0.19916141,0
1.2246338,-0.97140956,1.1620504,0.9771682,-0.074007094,0.19916141,0
-0.96681136,-4.4201717,-1.5142884,-0.072599828,-0.99725759,-0.014369607,0
1.7690883,1.1930989,-0.70495129,0.9771682,-0.074007094,0.19916141,0
-0.495983,-4.4545569,-1.5066957,-0.072599828,-0.99725759,-0.014369607,0
-0.19230199,4.5289021,-0.17545271,0.072599828,0.99725759,0.014369607,0
0.75993037,4.4545164,0.1759634,0.072599828,0.99725759,0.014369607,0
-1.5164136,1.862765,0.60076296,-0.9771682,0.074007094,-0.19916141,0
-1.4442505,1.8446068,0.23995394,-0.9771682,0.074007094,-0.19916141,0
0.14916062,-0.048125267,1.5612457,-0.19967872,0.00041761994,0.97986132,0
1.1030078,-2.7967105,1.0805285,0.9771682,-0.074007094,0.19916141,0
-1.8135607,-0.76056004,1.0838796,-0.9771682,0.074007094,-0.19916141,0
1.6487925,-1.604319,-1.1542319,0.9771682,-0.074007094,0.19916141,0
-0.46563396,-2.8168631,-1.6245165,0.19967872,-0.00041761994,-0.97986132,0
-1.6013598,-3.1091008,-0.82996845,-0.9771682,0.074007094,-0.19916141,0
1.5637542,1.5505986,0.43534756,0.9771682,-0.074007094,0.19916141,0
1.4963911,4.4156127,-0.84493351,0.072599828,0.99725759,0.014369607,0
0.71995234,4.4609733,-0.070153713,0.072599828,0.99725759,0.014369607,0
-0.94130564,-4.4420209,-0.12678289,-0.072599828,-0.99725759,-0.014369607,0
1.4058235,-4.1322412,-0.90148377,0.9771682,-0.074007094,0.19916141,0
1.0852587,-2.1487801,1.4083785,0.9771682,-0.074007094,0.19916141,0
0.63266981,4.4434705,1.585516,0.072599828,0.99725759,0.014369607,0
0.20630717,-4.5351372,0.53743029,-0.072599828,-0.99725759,-0.014369607,0
-1.0902653,4.5932293,-0.10296893,0.072599828,0.99725759,0.014369607,0
-0.90101719,-4.4561896,0.6529851,-0.072599828,-0.99725759,-0.014369607,0
-1.6384237,-3.4624643,-0.77942419,-0.9771682,0.074007094,-0.19916141,0
-0.12369633,4.3347483,-1.5578833,0.19967872,-0.00041761994,-0.97986132,0
1.3203577,0.31160307,1.169148,0.9771682,-0.074007094,0.19916141,0
0.41096449,-4.2830305,-1.4452562,0.19967872,-0.00041761994,-0.97986132,0
-1.723006,-4.3951426,0.56921721,-0.072599828,-0.99725759,-0.014369607,0
1.0834599,-4.5926085,0.094286442,-0.072599828,-0.99725759,-0.014369607,0
0.92366672,-4.1389022,1.461699,0.9771682,-0.074007094,0.19916141,0
1.6050477,-1.0922767,-1.2032825,0.19967872,-0.00041761994,-0.97986132,0
-1.3510081,3.2563787,0.30707407,-0.9771682,0.074007094,-0.19916141,0
1.7261736,4.3935814,-0.47688484,0.072599828,0.99725759,0.014369607,0
-1.0594301,-4.4378109,0.17787218,-0.072599828,-0.99725759,-0.014369607,0
-0.78260422,-0.19342753,1.3714302,-0.19967872,0.00041761994,0.97986132,0
1.5202415,1.5351309,-1.2216842,0.19967872,-0.00041761994,-0.97986132,0
1.4438943,-4.2685809,-1.1389382,0.9771682,-0.074007094,0.19916141,0
1.10952,4.4292116,0.16590977,0.072599828,0.99725759,0.014369607,0
-1.5103668,2.6139126,0.85021663,-0.9771682,0.074007094,-0.19916141,0
-1.094615,-4.4075885,-1.7418456,-0.072599828,-0.99725759,-0.014369607,0
0.92436481,3.4599431,1.7177236,-0.19967872,0.00041761994,0.97986132,0
-0.27285314,-2.6384516,-1.5853074,0.19967872,-0.00041761994,-0.97986132,0
-1.4184451,4.3564596,1.0467288,-0.9771682,0.074007094,-0.19916141,0
-1.7842844,-1.2800815,0.74718666,-0.9771682,0.074007094,-0.19916141,0
1.0154603,-4.5975366,0.77983856,-0.072599828,-0.99725759,-0.014369607,0
1.2025208,-3.4511278,0.34909868,0.9771682,-0.074007094,0.19916141,0
-1.9291315,-3.5096617,0.62936926,-0.9771682,0.074007094,-0.19916141,0
1.7766821,0.92598379,-0.84146643,0.9771682,-0.074007094,0.19916141,0
-1.2902761,2.2381353,-0.36927521,-0.9771682,0.074007094,-0.19916141,0
-1.4907317,2.2087412,0.60331976,-0.9771682,0.074007094,-0.19916141,0
1.9834039,3.5137041,-0.89415193,0.9771682,-0.074007094,0.19916141,0
-0.70258594,-4.4797611,1.2862968,-0.072599828,-0.99725759,-0.014369607,0
0.3412559,4.5083632,-1.4457679,0.072599828,0.99725759,0.014369607,0
-1.2908993,-4.4352512,1.1696343,-0.072599828,-0.99725759,-0.014369607,0
-1.4598482,-4.0003572,1.2350421,-0.19967872,0.00041761994,0.97986132,0
0.0066488981,4.4912271,1.4340284,0.072599828,0.99725759,0.014369607,0
-1.4965849,1.7152916,1.2251198,-0.19967872,0.00041761994,0.97986132,0
-0.83223152,0.74313581,-1.7007399,0.19967872,-0.00041761994,-0.97986132,0
0.58060765,-4.5743289,1.3662608,-0.072599828,-0.99725759,-0.014369607,0
1.0800552,-1.8090415,1.5601542,0.9771682,-0.074007094,0.19916141,0
-1.6326277,-2.2960856,1.1991062,-0.19967872,0.00041761994,0.97986132,0
-0.80899251,-2.0540688,1.3668457,-0.19967872,0.00041761994,0.97986132,0
-0.0069146156,-2.122107,-1.5313336,0.19967872,-0.00041761994,-0.97986132,0
-0.2985518,-1.8493036,1.4707772,-0.19967872,0.00041761994,0.97986132,0
1.6496646,4.3963461,-0.28220701,0.072599828,0.99725759,0.014369607,0
1.489545,-3.5106237,-1.0812688,0.9771682,-0.074007094,0.19916141,0
-0.088390112,-3.8983421,1.5144777,-0.19967872,0.00041761994,0.97986132,0
-0.29469109,4.3046274,-1.5927162,0.19967872,-0.00041761994,-0.97986132,0
-1.1553218,-3.8153911,-1.7646375,0.19967872,-0.00041761994,-0.97986132,0
-0.61148393,-3.2919731,-1.6540358,0.19967872,-0.00041761994,-0.97986132,0
-1.9031669,-4.1682358,0.25725603,-0.9771682,0.074007094,-0.19916141,0
-0.3557359,1.3601761,-1.6039013,0.19967872,-0.00041761994,-0.97986132,0
-1.2447491,-2.6636677,1.278306,-0.19967872,0.00041761994,0.97986132,0
1.4743776,1.2429464,0.75954354,0.9771682,-0.074007094,0.19916141,0
-1.455519,-1.215802,-0.84198582,-0.9771682,0.074007094,-0.19916141,0
0.88153315,-1.8487269,1.7112578,-0.19967872,0.00041761994,0.97986132,0
0.18990278,4.5175381,-1.3178034,0.072599828,0.99725759,0.014369607,0
1.4364932,-0.60478055,0.25881767,0.9771682,-0.074007094,0.19916141,0
-1.4759312,-1.2863761,-0.76805925,-0.9771682,0.074007094,-0.19916141,0
-1.157909,-3.7519572,-1.7651913,0.19967872,-0.00041761994,-0.97986132,0
-1.578986,-1.127701,-0.20346725,-0.9771682,0.074007094,-0.19916141,0
0.64704967,-4.5721908,0.88216352,-0.072599828,-0.99725759,-0.014369607,0
-1.3314118,3.4568367,0.28541541,-0.9771682,0.074007094,-0.19916141,0
1.2249466,4.4259,-0.18745089,0.072599828,0.99725759,0.014369607,0
-1.6448326,-4.3983445,0.39649534,-0.072599828,-0.99725759,-0.014369607,0
2.044909,3.968462,-1.0269318,0.9771682,-0.074007094,0.19916141,0
-1.3098912,-4.3998904,-1.1884727,-0.072599828,-0.99725759,-0.014369607,0
1.5267529,-0.93536907,-0.30687836,0.9771682,-0.074007094,0.19916141,0
1.65825,4.3900957,0.10820246,0.072599828,0.99725759,0.014369607,0
1.7752857,4.0425072,0.32346201,0.9771682,-0.074007094,0.19916141,0
-0.57511032,-0.66177291,1.4139132,-0.19967872,0.00041761994,0.97986132,0
-0.66719657,1.6516819,1.3941619,-0.19967872,0.00041761994,0.97986132,0
-1.1922365,4.5982499,0.06377697,0.072599828,0.99725759,0.014369607,0
0.89006388,1.2152327,-1.3499672,0.19967872,-0.00041761994,-0.97986132,0
-0.64319801,3.6925111,-1.663475,0.19967872,-0.00041761994,-0.97986132,0
-1.2116387,-4.4054365,-1.2999806,-0.072599828,-0.99725759,-0.014369607,0
1.3296318,1.4502163,1.5467464,0.9771682,-0.074007094,0.19916141,0
1.6594267,-1.2256783,-1.0657077,0.9771682,-0.074007094,0.19916141,0
1.2407355,3.9918826,-1.2796898,0.19967872,-0.00041761994,-0.97986132,0
0.70348859,4.4787197,-1.2185869,0.072599828,0.99725759,0.014369607,0
-1.1317861,-4.0933685,1.301935,-0.19967872,0.00041761994,0.97986132,0
1.7675004,1.7275866,-0.49854898,0.9771682,-0.074007094,0.19916141,0
1.5048459,-3.6652873,-1.2138126,0.9771682,-0.074007094,0.19916141,0
-0.38002229,-4.5018506,1.1896405,-0.072599828,-0.99725759,-0.014369607,0
-1.627648,-1.2820375,-0.022062778,-0.9771682,0.074007094,-0.19916141,0
-0.83159256,-2.7626815,1.3625422,-0.19967872,0.00041761994,0.97986132,0
-1.2691983,-1.9795882,1.2730321,-0.19967872,0.00041761994,0.97986132,0
1.496678,-2.5244877,-0.74982369,0.9771682,-0.074007094,0.19916141,0
-0.46640754,-4.4851127,0.46446514,-0.072599828,-0.99725759,-0.014369607,0
1.6469038,-0.51841462,-0.74145001,0.9771682,-0.074007094,0.19916141,0
0.50538212,-3.3021972,-1.4264336,0.19967872,-0.00041761994,-0.97986132,0
-1.3318276,3.8462391,0.43215442,-0.9771682,0.074007094,-0.19916141,0
-0.97373772,3.8197098,-1.3346384,-0.9771682,0.074007094,-0.19916141,0
1.12052,-4.5983238,0.32513833,0.9771682,-0.074007094,0.19916141,0
1.523905,-1.0170301,-0.32325047,0.9771682,-0.074007094,0.19916141,0
1.3540847,-4.4972887,-0.78328252,0.9771682,-0.074007094,0.19916141,0
1.8707947,2.5039768,-0.716851,0.9771682,-0.074007094,0.19916141,0
-0.33921534,1.2335386,1.4611769,-0.19967872,0.00041761994,0.97986132,0
-1.5949266,-4.3869581,-0.64583731,-0.072599828,-0.99725759,-0.014369607,0
-0.50021005,4.5554552,-0.46260214,0.072599828,0.99725759,0.014369607,0
0.44082832,-4.5638242,1.3434432,-0.072599828,-0.99725759,-0.014369607,0
0.61123228,4.4707232,-0.19750786,0.072599828,0.99725759,0.014369607,0
1.1213942,4.4417148,-0.76183224,0.072599828,0.99725759,0.014369607,0
-1.3128927,-4.4286213,0.82063389,-0.072599828,-0.99725759,-0.014369607,0
-0.0014812946,-4.4945869,-1.2269917,-0.072599828,-0.99725759,-0.014369607,0
1.0483801,-1.7470245,1.7386103,0.9771682,-0.074007094,0.19916141,0
0.49884796,-4.5593429,0.73928714,-0.072599828,-0.99725759,-0.014369607,0
1.822095,1.8620118,-0.71645951,0.9771682,-0.074007094,0.19916141,0
-1.4907618,-1.4574004,-0.7588464,-0.9771682,0.074007094,-0.19916141,0
-1.3523071,-4.3899956,-1.6608782,-0.072599828,-0.99725759,-0.014369607,0
-1.6434982,-4.0751472,-0.98219585,-0.9771682,0.074007094,-0.19916141,0
1.6200125,1.1291831,0.0027257204,0.9771682,-0.074007094,0.19916141,0
0.39160478,4.4791136,0.32982969,0.072599828,0.99725759,0.014369607,0
-1.610846,1.0649904,0.76764065,-0.9771682,0.074007094,-0.19916141,0
-1.2415051,0.1781069,-1.3740584,-0.9771682,0.074007094,-0.19916141,0
1.7652776,-0.024706542,-1.1387829,0.9771682,-0.074007094,0.19916141,0
-0.78395194,4.5551929,0.98916268,0.072599828,0.99725759,0.014369607,0
-1.0566604,-4.4522195,1.1638074,-0.072599828,-0.99725759,-0.014369607,0
-0.15710604,-1.7176,-1.5621123,0.19967872,-0.00041761994,-0.97986132,0
-1.8454641,-2.0516095,0.76066661,-0.9771682,0.074007094,-0.19916141,0
-1.0830175,4.5922875,-0.074227095,0.072599828,0.99725759,0.014369607,0
0.35554338,4.5043859,-1.2419248,0.072599828,0.99725759,0.014369607,0
1.987258,4.3355813,-0.607656,0.9771682,-0.074007094,0.19916141,0
0.45267916,-4.5675759,1.5439208,-0.072599828,-0.99725759,-0.014369607,0
-2.0508273,-4.3474183,1.1147585,-0.19967872,0.00041761994,0.97986132,0
-1.1675061,4.5972104,0.010965347,0.072599828,0.99725759,0.014369607,0
1.0253794,-3.5114708,-1.3203778,0.19967872,-0.00041761994,-0.97986132,0
1.2782183,-3.0778868,-1.2690384,0.19967872,-0.00041761994,-0.97986132,0
-0.35152006,4.5494709,-0.79852509,0.072599828,0.99725759,0.014369607,0
-1.4010127,-4.3971682,-0.91698599,-0.072599828,-0.99725759,-0.014369607,0
0.80785751,4.4564853,-0.20280981,0.072599828,0.99725759,0.014369607,0
-0.62955165,-1.879158,1.403338,-0.19967872,0.00041761994,0.97986132,0
0.47797298,-3.4959879,1.6297214,-0.19967872,0.00041761994,0.97986132,0
0.96127421,-3.2494109,-1.3335531,0.19967872,-0.00041761994,-0.97986132,0
-1.5566568,-3.2224174,1.2149823,-0.19967872,0.00041761994,0.97986132,0
-1.7287315,0.56387973,1.1598253,-0.9771682,0.074007094,-0.19916141,0
-0.67007917,1.9909577,1.3934298,-0.19967872,0.00041761994,0.97986132,0
1.4557137,2.6664419,1.3800788,0.9771682,-0.074007094,0.19916141,0
0.055752635,4.4981976,0.70219851,0.072599828,0.99725759,0.014369607,0
-1.0695206,-2.1696692,1.3138038,-0.19967872,0.00041761994,0.97986132,0
-1.4781325,-4.4048429,0.005259037,-0.072599828,-0.99725759,-0.014369607,0
0.24753487,4.4744368,1.3822634,0.072599828,0.99725759,0.014369607,0
-0.047091961,4.50741,0.58243895,0.072599828,0.99725759,0.014369607,0
-1.2549403,2.6521211,-0.38881195,-0.9771682,0.074007094,-0.19916141,0
1.8008418,1.0553774,-0.91192365,0.9771682,-0.074007094,0.19916141,0
0.98773837,1.1750619,-1.3300457,0.19967872,-0.00041761994,-0.97986132,0
1.4419507,-1.8082931,-0.21517581,0.9771682,-0.074007094,0.19916141,0
-0.40664506,-4.4968452,0.97676158,-0.072599828,-0.99725759,-0.014369607,0
-0.45807147,2.1361442,-1.6250862,0.19967872,-0.00041761994,-0.97986132,0
-0.29792595,-4.5010972,0.72259283,-0.072599828,-0.99725759,-0.014369607,0
-0.337823,3.0588222,1.4606829,-0.19967872,0.00041761994,0.97986132,0
-1.6321492,-4.3979421,0.30447626,-0.072599828,-0.99725759,-0.014369607,0
0.13917994,-2.6595078,1.5603247,-0.19967872,0.00041761994,0.97986132,0
0.76467562,2.2385755,-1.3759553,0.19967872,-0.00041761994,-0.97986132,0
-1.262038,1.6329342,-0.7327112,-0.9771682,0.074007094,-0.19916141,0
-1.3094383,4.5915017,1.1242495,0.072599828,0.99725759,0.014369607,0
1.8424888,1.0700192,-1.1108189,0.9771682,-0.074007094,0.19916141,0
-0.42656708,4.5510187,-0.52678442,0.072599828,0.99725759,0.014369607,0
-0.84155655,-4.4658637,1.0239391,-0.072599828,-0.99725759,-0.014369607,0
1.4628582,2.9478221,1.4495835,0.9771682,-0.074007094,0.19916141,0
1.3535727,-0.74563801,0.61331719,0.9771682,-0.074007094,0.19916141,0
-0.30632854,4.536869,-0.15224552,0.072599828,0.99725759,0.014369607,0
1.5348097,4.3787584,1.5186501,0.072599828,0.99725759,0.014369607,0
0.91093111,-0.90631616,-1.3448106,0.19967872,-0.00041761994,-0.97986132,0
0.23951888,-4.0123229,1.5813482,-0.19967872,0.00041761994,0.97986132,0
1.3847973,-3.6578152,-0.62202859,0.9771682,-0.074007094,0.19916141,0
0.86995029,-3.7865741,1.709723,-0.19967872,0.00041761994,0.97986132,0
-0.24832369,2.101366,1.4793293,-0.19967872,0.00041761994,0.97986132,0
-1.3237212,-4.4114437,-0.31680727,-0.072599828,-0.99725759,-0.014369607,0
1.6077805,4.0795956,1.1590962,0.9771682,-0.074007094,0.19916141,0
1.2989268,-1.3966584,0.63951814,0.9771682,-0.074007094,0.19916141,0
1.6374662,3.3486605,0.74183369,0.9771682,-0.074007094,0.19916141,0
1.3309128,4.3521757,-1.2614665,0.19967872,-0.00041761994,-0.97986132,0
0.56004065,-2.1756599,-1.4157751,0.19967872,-0.00041761994,-0.97986132,0
0.53638625,-0.2503792,1.6402419,-0.19967872,0.00041761994,0.97986132,0
0.47179556,-4.5378938,-0.61261845,-0.072599828,-0.99725759,-0.014369607,0
-1.7746015,-1.8203719,0.49890995,-0.9771682,0.074007094,-0.19916141,0
1.5772653,2.7548993,0.81656694,0.9771682,-0.074007094,0.19916141,0
-1.727468,-1.3671631,0.43606365,-0.9771682,0.074007094,-0.19916141,0
-0.3658179,-4.4739475,-0.81859827,-0.072599828,-0.99725759,-0.014369607,0
-1.8676515,-4.3892498,0.89107084,-0.072599828,-0.99725759,-0.014369607,0
-1.3784287,-1.6205299,-1.3706164,-0.9771682,0.074007094,-0.19916141,0
0.18588603,0.54801977,1.5684756,-0.19967872,0.00041761994,0.97986132,0
-1.356679,-4.3942637,-1.3425608,-0.072599828,-0.99725759,-0.014369607,0
1.5549071,4.4058256,-0.46135616,0.072599828,0.99725759,0.014369607,0
-1.2659243,-4.4069004,-0.92410135,-0.072599828,-0.99725759,-0.014369607,0
1.3663648,-3.8436923,-0.60066175,0.9771682,-0.074007094,0.19916141,0
0.16977835,-4.5055265,-1.3330305,-0.072599828,-0.99725759,-0.014369607,0
0.047273874,4.523829,-1.0338097,0.072599828,0.99725759,0.014369607,0
-0.58331561,-0.80385751,1.4123019,-0.19967872,0.00041761994,0.97986132,0
-1.6019295,0.055064201,0.34861052,-0.9771682,0.074007094,-0.19916141,0
0.017122507,-4.5207868,0.49729919,-0.072599828,-0.99725759,-0.014369607,0
-1.0382969,-4.4432669,0.44971848,-0.072599828,-0.99725759,-0.014369607,0
0.02010119,4.4985657,0.85676336,0.072599828,0.99725759,0.014369607,0
0.20738578,-4.5317125,0.29430532,-0.072599828,-0.99725759,-0.014369607,0
0.83982182,-4.5938764,1.4132445,-0.072599828,-0.99725759,-0.014369607,0
1.2301185,2.655134,1.7803745,-0.19967872,0.00041761994,0.97986132,0
-1.2021019,-4.4309292,0.42103863,-0.072599828,-0.99725759,-0.014369607,0
0.83371592,0.81152505,-1.3612779,0.19967872,-0.00041761994,-0.97986132,0
0.77579188,-4.561018,-0.54367518,-0.072599828,-0.99725759,-0.014369607,0
-0.27227753,-0.40504718,-1.5861417,0.19967872,-0.00041761994,-0.97986132,0
-1.1286943,-4.4234319,-0.47012997,-0.072599828,-0.99725759,-0.014369607,0
-1.4020383,-3.7572565,1.2467191,-0.19967872,0.00041761994,0.97986132,0
1.3607843,-1.9489652,0.1307869,0.9771682,-0.074007094,0.19916141,0
-0.45643389,4.5353975,0.70824981,0.072599828,0.99725759,0.014369607,0
