-1.0218189,-1.1626259,0.83823359,-0.50373316,-0.2516396,0.82639587,0
-0.66538715,-1.5893581,-0.30336016,0.14962459,-0.96758914,-0.20342901,0
0.24542439,-1.2433147,-1.2793659,0.14962459,-0.96758914,-0.20342901,0
-0.032417893,0.5658356,-1.6625724,0.50373316,0.2516396,-0.82639587,0
1.8054883,-0.20227647,-0.06062448,0.85080266,0.021175385,0.52505851,0
-1.715139,1.2070473,0.37087333,-0.14962459,0.96758914,0.20342901,0
-1.0101492,0.23003769,1.2694163,-0.50373316,-0.2516396,0.82639587,0
1.3100711,1.1331793,0.68829012,0.85080266,0.021175385,0.52505851,0
0.53023481,-1.1773486,1.7798115,-0.50373316,-0.2516396,0.82639587,0
1.8608875,-1.0987463,-0.1142391,0.85080266,0.021175385,0.52505851,0
-1.381529,0.84882581,-0.65243292,-0.85080266,-0.021175385,-0.52505851,0
-1.6579884,-0.46500278,0.66288143,-0.50373316,-0.2516396,0.82639587,0
-1.1880267,0.9435935,-0.96980542,-0.85080266,-0.021175385,-0.52505851,0
0.84478676,-1.6479602,1.5543962,0.85080266,0.021175385,0.52505851,0
0.22089265,-0.055793643,-1.6974533,0.50373316,0.2516396,-0.82639587,0
2.0623205,-0.35735416,-0.47054005,0.85080266,0.021175385,0.52505851,0
0.85668409,-0.042186171,1.4703585,0.85080266,0.021175385,0.52505851,0
0.51552141,-1.4411086,-0.13991988,0.14962459,-0.96758914,-0.20342901,0
-0.11706811,0.89582133,2.0165305,-0.50373316,-0.2516396,0.82639587,0
0.15673518,-0.12812912,1.8716332,-0.50373316,-0.2516396,0.82639587,0
1.3151144,-0.43142366,-1.1448461,0.50373316,0.2516396,-0.82639587,0
-0.012968257,-0.49778378,-1.9745915,0.50373316,0.2516396,-0.82639587,0
0.62979847,-0.47328424,1.8553891,0.85080266,0.021175385,0.52505851,0
0.67943525,-1.7572765,1.694168,-0.50373316,-0.2516396,0.82639587,0
-1.3130643,0.45517683,1.1533287,-0.50373316,-0.2516396,0.82639587,0
1.032835,0.73538285,1.1535653,0.85080266,0.021175385,0.52505851,0
-1.2201647,-1.7199588,-0.090217814,0.14962459,-0.96758914,-0.20342901,0
0.35542548,1.5934832,0.055758536,-0.14962459,0.96758914,0.20342901,0
0.82246828,-1.2172283,-0.97902071,0.14962459,-0.96758914,-0.20342901,0
2.0490882,-1.0825586,-0.41985178,0.85080266,0.021175385,0.52505851,0
1.6869482,-1.031782,0.16491127,0.85080266,0.021175385,0.52505851,0
-0.68249726,0.059729099,1.4172786,-0.50373316,-0.2516396,0.82639587,0
2.0919456,-0.034879446,-0.55057657,0.50373316,0.2516396,-0.82639587,0
-0.49124807,0.041213393,-2.0624704,-0.85080266,-0.021175385,-0.52505851,0
1.581725,0.028998852,-0.84213251,0.50373316,0.2516396,-0.82639587,0
0.21888137,-1.5332561,0.080187738,0.14962459,-0.96758914,-0.20342901,0
-1.1237423,1.1359079,1.1442213,-0.14962459,0.96758914,0.20342901,0
-0.39155698,1.1115364,1.7986742,-0.14962459,0.96758914,0.20342901,0
0.60043252,0.12854314,1.8787022,0.85080266,0.021175385,0.52505851,0
0.49539864,-1.407335,1.6885453,-0.50373316,-0.2516396,0.82639587,0
-1.4546983,1.4179094,-0.44051325,-0.14962459,0.96758914,0.20342901,0
-0.3409757,-0.24583972,1.5324082,-0.50373316,-0.2516396,0.82639587,0
-1.3510456,-1.6530596,-0.50468081,0.14962459,-0.96758914,-0.20342901,0
-1.3074034,1.0671169,-0.78134894,-0.85080266,-0.021175385,-0.52505851,0
-1.9195224,1.0950034,0.20940149,-0.85080266,-0.021175385,-0.52505851,0
-0.96174085,-0.66671538,1.0258602,-0.50373316,-0.2516396,0.82639587,0
-0.95624912,-0.10789094,-1.3029712,-0.85080266,-0.021175385,-0.52505851,0
-0.45021415,-1.5202638,-0.4737373,0.14962459,-0.96758914,-0.20342901,0
0.71585286,-0.74066526,1.7267301,0.85080266,0.021175385,0.52505851,0
-1.614572,1.2979314,0.012561321,-0.14962459,0.96758914,0.20342901,0
-0.43839216,-1.4769337,1.0981562,-0.50373316,-0.2516396,0.82639587,0
-0.45759034,1.5797783,-1.6129899,0.50373316,0.2516396,-0.82639587,0
0.8825655,-0.85005438,1.4610012,0.85080266,0.021175385,0.52505851,0
-1.611998,0.22409546,-0.25378704,-0.85080266,-0.021175385,-0.52505851,0
-0.16129971,-1.8169019,1.1635379,-0.50373316,-0.2516396,0.82639587,0
2.1090343,-0.59097195,-0.53681338,0.85080266,0.021175385,0.52505851,0
0.50487614,1.5366724,-1.03944,0.50373316,0.2516396,-0.82639587,0
-0.66367102,1.7835428,-1.5978012,-0.14962459,0.96758914,0.20342901,0
-0.59994256,-1.726571,0.39741471,0.14962459,-0.96758914,-0.20342901,0
1.9095081,0.64297998,-0.26326597,0.85080266,0.021175385,0.52505851,0
-0.69611001,1.6120579,-0.80600911,-0.14962459,0.96758914,0.20342901,0
-0.47581816,1.6445045,-1.6043915,0.50373316,0.2516396,-0.82639587,0
-0.23800218,1.5939286,-0.3828342,-0.14962459,0.96758914,0.20342901,0
-1.7310784,1.2897055,-0.034006238,-0.14962459,0.96758914,0.20342901,0
-0.52262539,0.22027951,-2.0188484,-0.85080266,-0.021175385,-0.52505851,0
-1.361398,-1.7461951,0.45354325,-0.50373316,-0.2516396,0.82639587,0
-1.6065689,-1.8183622,0.28212315,-0.50373316,-0.2516396,0.82639587,0
-0.48882699,-1.3262494,-1.4249482,0.14962459,-0.96758914,-0.20342901,0
0.24754797,0.7183671,2.1847486,-0.50373316,-0.2516396,0.82639587,0
1.2642474,-0.43772179,0.82589585,0.85080266,0.021175385,0.52505851,0
-0.1351667,0.77299809,1.9680988,-0.50373316,-0.2516396,0.82639587,0
0.67038023,1.2447802,1.7203422,0.85080266,0.021175385,0.52505851,0
-0.22915885,-0.58254325,-2.1321807,0.50373316,0.2516396,-0.82639587,0
0.81997025,1.6934419,-0.078005798,-0.14962459,0.96758914,0.20342901,0
-1.7239481,0.76569092,0.99742478,-0.50373316,-0.2516396,0.82639587,0
-0.54081309,1.6246738,-0.75179261,-0.14962459,0.96758914,0.20342901,0
-1.4847028,0.017790079,0.91552019,-0.50373316,-0.2516396,0.82639587,0
1.2118351,0.02589345,0.89212728,0.85080266,0.021175385,0.52505851,0
-0.3389008,1.506157,-0.039570034,-0.14962459,0.96758914,0.20342901,0
-0.19152117,0.27227199,1.7812752,-0.50373316,-0.2516396,0.82639587,0
0.806036,1.7857877,-0.52748877,-0.14962459,0.96758914,0.20342901,0
-0.025337934,1.3890123,0.74824613,-0.14962459,0.96758914,0.20342901,0
1.005446,1.6871259,0.088455439,-0.14962459,0.96758914,0.20342901,0
2.1444495,-0.43839979,-0.600353,0.85080266,0.021175385,0.52505851,0
0.42137671,-1.163867,1.7175618,-0.50373316,-0.2516396,0.82639587,0
-0.64573741,-0.52247214,-1.7894034,-0.85080266,-0.021175385,-0.52505851,0
0.8454479,-0.35353184,1.5011219,0.85080266,0.021175385,0.52505851,0
1.4607911,0.84244001,0.45578897,0.85080266,0.021175385,0.52505851,0
1.1018481,-1.2544222,1.1219841,0.85080266,0.021175385,0.52505851,0
-0.87225318,-0.4941138,1.1329653,-0.50373316,-0.2516396,0.82639587,0
1.3145663,-0.39520693,0.74264485,0.85080266,0.021175385,0.52505851,0
-0.042524874,-0.90917504,-2.1178775,0.50373316,0.2516396,-0.82639587,0
0.2950893,0.45380795,-1.4970515,0.50373316,0.2516396,-0.82639587,0
-0.4634093,-1.6735282,1.0230433,-0.50373316,-0.2516396,0.82639587,0
-0.015462041,-0.92389333,1.5243576,-0.50373316,-0.2516396,0.82639587,0
1.117373,-1.6089501,1.1010718,0.14962459,-0.96758914,-0.20342901,0
-0.86377549,-0.60845053,1.1033173,-0.50373316,-0.2516396,0.82639587,0
-0.80358934,1.5575088,-0.62560463,-0.14962459,0.96758914,0.20342901,0
-1.0858058,0.94627744,-1.1355519,-0.85080266,-0.021175385,-0.52505851,0
0.65325904,-1.5413842,0.43833935,0.14962459,-0.96758914,-0.20342901,0
-0.13508323,-0.35073769,-2.0042515,0.50373316,0.2516396,-0.82639587,0
-0.087987065,0.42622399,-1.7389568,0.50373316,0.2516396,-0.82639587,0
1.3101052,0.16907287,-0.96504676,0.50373316,0.2516396,-0.82639587,0
0.98034239,1.7424004,-0.19291686,-0.14962459,0.96758914,0.20342901,0
-2.0332174,0.63906097,0.77034926,-0.50373316,-0.2516396,0.82639587,0
0.046326458,-0.37114,1.7303356,-0.50373316,-0.2516396,0.82639587,0
1.7708197,-0.37716222,0.0026057959,0.85080266,0.021175385,0.52505851,0
-0.18841267,-1.7387577,0.7580657,0.14962459,-0.96758914,-0.20342901,0
-0.6014241,-1.6813953,0.18145129,0.14962459,-0.96758914,-0.20342901,0
-1.9834228,-0.6133846,0.38184369,-0.85080266,-0.021175385,-0.52505851,0
1.6537482,0.24972343,0.16702616,0.85080266,0.021175385,0.52505851,0
1.6237253,-0.74089944,-1.0509672,0.50373316,0.2516396,-0.82639587,0
1.5938028,1.1880643,0.22631842,0.85080266,0.021175385,0.52505851,0
-1.3455112,0.63989615,1.189798,-0.50373316,-0.2516396,0.82639587,0
-0.77552009,-0.01579693,-1.5995378,-0.85080266,-0.021175385,-0.52505851,0
-1.6707531,0.55899847,-0.1720866,-0.85080266,-0.021175385,-0.52505851,0
-1.8063631,-1.6192416,0.13550258,-0.85080266,-0.021175385,-0.52505851,0
0.17869198,1.2132716,1.7342067,-0.14962459,0.96758914,0.20342901,0
0.91284204,0.75224739,1.3473213,0.85080266,0.021175385,0.52505851,0
-0.096993148,-1.0392145,-2.1906762,0.50373316,0.2516396,-0.82639587,0
0.75641823,1.8309567,-0.77882463,-0.14962459,0.96758914,0.20342901,0
-0.064442396,-1.5344024,1.3085998,-0.50373316,-0.2516396,0.82639587,0
-1.2433487,-0.443896,-0.82420516,-0.85080266,-0.021175385,-0.52505851,0
-0.29539311,1.5696335,-0.30948919,-0.14962459,0.96758914,0.20342901,0
1.6521862,-1.099501,-0.92870909,0.14962459,-0.96758914,-0.20342901,0
1.044122,1.0039792,1.1244437,0.85080266,0.021175385,0.52505851,0
-1.4462024,-0.27192819,-0.50243706,-0.85080266,-0.021175385,-0.52505851,0
-0.72877777,-0.99531507,1.0678046,-0.50373316,-0.2516396,0.82639587,0
-1.0022099,0.70576966,-1.2613108,-0.85080266,-0.021175385,-0.52505851,0
-0.92354453,-0.025187105,-1.3593009,-0.85080266,-0.021175385,-0.52505851,0
1.7367079,-0.71033025,0.071316719,0.85080266,0.021175385,0.52505851,0
0.41389501,-1.2170198,-1.2805231,0.14962459,-0.96758914,-0.20342901,0
-0.32190993,0.92099881,1.8993351,-0.50373316,-0.2516396,0.82639587,0
-1.4497753,-1.7792729,0.023023158,0.14962459,-0.96758914,-0.20342901,0
-1.5359166,-1.3080411,0.48058367,-0.50373316,-0.2516396,0.82639587,0
0.76764083,1.3566258,1.4855371,-0.14962459,0.96758914,0.20342901,0
-0.88532335,1.1967998,1.0299563,-0.14962459,0.96758914,0.20342901,0
-0.3930918,1.0124867,1.8838041,-0.50373316,-0.2516396,0.82639587,0
-1.3662854,1.41976,-0.70015907,-0.85080266,-0.021175385,-0.52505851,0
0.10953045,0.04626739,1.8959635,-0.50373316,-0.2516396,0.82639587,0
-0.73565549,-1.388639,-1.3097441,0.14962459,-0.96758914,-0.20342901,0
-0.77882445,-1.6280925,-0.2025581,0.14962459,-0.96758914,-0.20342901,0
-1.4247334,1.2466383,0.39616024,-0.14962459,0.96758914,0.20342901,0
-1.0042709,1.5790193,-0.87552071,-0.14962459,0.96758914,0.20342901,0
0.27004021,-0.45239699,-1.788262,0.50373316,0.2516396,-0.82639587,0
0.13572198,0.93260324,2.1818202,-0.50373316,-0.2516396,0.82639587,0
0.86743212,1.6831374,0.0059150718,-0.14962459,0.96758914,0.20342901,0
1.4007186,-1.1458442,-0.89324087,0.14962459,-0.96758914,-0.20342901,0
-1.5903366,-0.22588992,-0.27073938,-0.85080266,-0.021175385,-0.52505851,0
0.40986693,-1.1763301,-1.4770228,0.14962459,-0.96758914,-0.20342901,0
1.0533903,1.8127149,-0.47363305,-0.14962459,0.96758914,0.20342901,0
0.0069657564,1.6394517,-0.41918355,-0.14962459,0.96758914,0.20342901,0
-1.7129458,0.57708526,0.94670051,-0.50373316,-0.2516396,0.82639587,0
-0.66261292,-1.3271406,1.007094,-0.50373316,-0.2516396,0.82639587,0
-1.6168418,0.083095551,-0.24025142,-0.85080266,-0.021175385,-0.52505851,0
0.66518009,1.7258061,-0.34579414,-0.14962459,0.96758914,0.20342901,0
-1.8993404,0.25957286,0.21039116,-0.85080266,-0.021175385,-0.52505851,0
0.48754659,0.18429375,2.0593739,0.85080266,0.021175385,0.52505851,0
-0.15343571,1.5376565,-0.052982211,-0.14962459,0.96758914,0.20342901,0
0.95929146,0.40312159,-1.1076182,0.50373316,0.2516396,-0.82639587,0
0.093374372,1.4627628,0.4847745,-0.14962459,0.96758914,0.20342901,0
0.16641593,-0.25078881,1.840184,-0.50373316,-0.2516396,0.82639587,0
0.83070707,0.77298373,1.4795765,0.85080266,0.021175385,0.52505851,0
1.1070539,1.6603341,0.2906214,-0.14962459,0.96758914,0.20342901,0
-0.2731359,-1.6608071,0.32498592,0.14962459,-0.96758914,-0.20342901,0
1.027009,0.5441761,-1.0233893,0.50373316,0.2516396,-0.82639587,0
-0.35308409,1.6188779,-0.58614683,-0.14962459,0.96758914,0.20342901,0
1.1137713,-1.5928591,1.0218886,0.14962459,-0.96758914,-0.20342901,0
0.22106504,1.6083168,-1.1906226,0.50373316,0.2516396,-0.82639587,0
1.5555782,1.3801012,-0.44665635,0.50373316,0.2516396,-0.82639587,0
-0.9118731,-1.5557743,0.78553671,-0.50373316,-0.2516396,0.82639587,0
-1.6998173,-1.5400959,-0.040335953,-0.85080266,-0.021175385,-0.52505851,0
0.29497135,1.4543751,0.67294693,-0.14962459,0.96758914,0.20342901,0
0.73879695,-1.4050756,1.7163465,0.85080266,0.021175385,0.52505851,0
-0.013069034,-1.1811718,1.447474,-0.50373316,-0.2516396,0.82639587,0
-0.00062251091,1.8101137,-1.2365021,-0.14962459,0.96758914,0.20342901,0
0.018187404,1.5020511,0.24260277,-0.14962459,0.96758914,0.20342901,0
1.4990296,0.84042776,0.39390874,0.85080266,0.021175385,0.52505851,0
-1.6789231,1.0721675,1.0390537,-0.14962459,0.96758914,0.20342901,0
-1.9887697,0.14973974,0.6484431,-0.50373316,-0.2516396,0.82639587,0
-0.9615401,1.6443955,-1.3650664,-0.85080266,-0.021175385,-0.52505851,0
-1.5134839,1.13115,0.88019133,-0.14962459,0.96758914,0.20342901,0
0.57420397,-1.5754945,0.54243588,0.14962459,-0.96758914,-0.20342901,0
1.2235527,1.7228024,0.079183936,-0.14962459,0.96758914,0.20342901,0
-1.3217657,1.3988971,-0.25230873,-0.14962459,0.96758914,0.20342901,0
-1.7202064,-0.79183638,0.52543449,-0.50373316,-0.2516396,0.82639587,0
-0.15584636,-1.6853361,0.52792335,0.14962459,-0.96758914,-0.20342901,0
0.11047989,0.56126559,-1.5768598,0.50373316,0.2516396,-0.82639587,0
-0.60379624,1.5798857,-0.5850876,-0.14962459,0.96758914,0.20342901,0
1.4516299,-1.3580475,0.15352929,0.14962459,-0.96758914,-0.20342901,0
1.0004094,1.5608015,0.68560004,-0.14962459,0.96758914,0.20342901,0
-0.053561248,0.32581878,1.8816744,-0.50373316,-0.2516396,0.82639587,0
-0.96888053,1.0282712,1.537636,-0.50373316,-0.2516396,0.82639587,0
0.81441122,1.1920288,1.4890821,0.85080266,0.021175385,0.52505851,0
1.5496578,1.3316187,0.29206178,0.85080266,0.021175385,0.52505851,0
1.1453208,0.092951924,0.99720258,0.85080266,0.021175385,0.52505851,0
-0.070361972,-1.4624076,-0.46953839,0.14962459,-0.96758914,-0.20342901,0
1.6530528,1.8366647,-0.14648768,-0.14962459,0.96758914,0.20342901,0
-1.3368499,1.1818106,0.76914549,-0.14962459,0.96758914,0.20342901,0
-1.7040594,0.87923884,-0.13103223,-0.85080266,-0.021175385,-0.52505851,0
-1.9854325,1.0971863,0.69461238,-0.14962459,0.96758914,0.20342901,0
-1.5762999,-1.2661833,-0.25152993,-0.85080266,-0.021175385,-0.52505851,0
-0.073828757,-0.050206065,1.7548196,-0.50373316,-0.2516396,0.82639587,0
-0.30442896,0.52673805,1.7899374,-0.50373316,-0.2516396,0.82639587,0
-0.53580838,1.1714654,1.4075284,-0.14962459,0.96758914,0.20342901,0
-0.44510174,1.7735028,-1.389286,-0.14962459,0.96758914,0.20342901,0
0.89660853,-1.2952392,-0.55343771,0.14962459,-0.96758914,-0.20342901,0
1.2723861,-1.1414697,-1.0084376,0.14962459,-0.96758914,-0.20342901,0
0.76927161,-1.1955814,-1.1211081,0.14962459,-0.96758914,-0.20342901,0
-0.035417676,-1.4275684,-0.60954523,0.14962459,-0.96758914,-0.20342901,0
-1.3328702,0.1392225,1.0450468,-0.50373316,-0.2516396,0.82639587,0
0.50682807,1.307905,-1.1079104,0.50373316,0.2516396,-0.82639587,0
-0.47767079,1.1541057,-1.7548485,0.50373316,0.2516396,-0.82639587,0
1.126583,1.6756053,0.23234937,-0.14962459,0.96758914,0.20342901,0
-0.05325222,-0.75344676,1.5532236,-0.50373316,-0.2516396,0.82639587,0
-1.8132162,0.33851993,0.067651868,-0.85080266,-0.021175385,-0.52505851,0
-0.7252171,0.61254287,-1.7063892,-0.85080266,-0.021175385,-0.52505851,0
-1.1631962,-1.7867503,0.26937029,0.14962459,-0.96758914,-0.20342901,0
-0.95018685,-1.323838,0.83280766,-0.50373316,-0.2516396,0.82639587,0
-0.015746653,0.2185216,1.8720522,-0.50373316,-0.2516396,0.82639587,0
-0.35593843,-1.74975,0.68713272,0.14962459,-0.96758914,-0.20342901,0
0.47037223,-0.62134457,-1.7175937,0.50373316,0.2516396,-0.82639587,0
-0.5565908,-0.53183442,-1.9334787,-0.85080266,-0.021175385,-0.52505851,0
0.53671837,-0.86231983,-1.7505298,0.50373316,0.2516396,-0.82639587,0
0.89575267,0.33685625,1.3917655,0.85080266,0.021175385,0.52505851,0
-0.97515488,1.1867027,1.0119087,-0.14962459,0.96758914,0.20342901,0
-0.48531127,-1.2328236,-1.8667322,0.14962459,-0.96758914,-0.20342901,0
1.4487253,1.7464609,0.13227165,-0.14962459,0.96758914,0.20342901,0
-1.1890868,-1.7010328,-0.15737939,0.14962459,-0.96758914,-0.20342901,0
1.3673831,1.7471049,-0.44961786,0.50373316,0.2516396,-0.82639587,0
-0.20281076,-0.35257006,1.5841275,-0.50373316,-0.2516396,0.82639587,0
0.96622658,1.5895349,0.5237903,-0.14962459,0.96758914,0.20342901,0
-1.4709282,1.3108459,0.056787372,-0.14962459,0.96758914,0.20342901,0
1.9766275,-1.1124884,-0.30122924,0.85080266,0.021175385,0.52505851,0
0.99230862,1.6511838,0.24974769,-0.14962459,0.96758914,0.20342901,0
1.0510108,-1.2562168,-0.62547934,0.14962459,-0.96758914,-0.20342901,0
1.3587247,1.8177223,-0.27287176,-0.14962459,0.96758914,0.20342901,0
0.840114,-1.7460659,1.5493217,0.14962459,-0.96758914,-0.20342901,0
1.6983012,-1.0738307,-1.016889,0.14962459,-0.96758914,-0.20342901,0
-0.082669199,-0.40633547,1.6409886,-0.50373316,-0.2516396,0.82639587,0
0.034473181,1.1422427,-1.4462811,0.50373316,0.2516396,-0.82639587,0
0.42349565,-1.4893646,0.021919668,0.14962459,-0.96758914,-0.20342901,0
-0.64382052,-1.6017474,-0.22856867,0.14962459,-0.96758914,-0.20342901,0
-0.92738438,-1.7702719,0.3644363,0.14962459,-0.96758914,-0.20342901,0
1.2113994,-0.096139431,0.89775479,0.85080266,0.021175385,0.52505851,0
-1.849782,0.42913234,0.12324846,-0.85080266,-0.021175385,-0.52505851,0
0.78011751,-0.47396782,1.61184,0.85080266,0.021175385,0.52505851,0
1.6521524,-0.69887388,-1.0208423,0.50373316,0.2516396,-0.82639587,0
0.15094805,1.2636446,1.4742069,-0.14962459,0.96758914,0.20342901,0
0.20768714,0.50881958,-1.5335768,0.50373316,0.2516396,-0.82639587,0
-0.45654705,-0.72864366,-2.0876522,-0.85080266,-0.021175385,-0.52505851,0
-1.4434067,-0.2407338,-0.50822532,-0.85080266,-0.021175385,-0.52505851,0
0.18281353,0.80170661,-1.4595537,0.50373316,0.2516396,-0.82639587,0
-0.19204783,1.6451008,-1.4312365,0.50373316,0.2516396,-0.82639587,0
0.35471547,1.5273457,0.36981288,-0.14962459,0.96758914,0.20342901,0
1.3047901,0.74041581,0.71268737,0.85080266,0.021175385,0.52505851,0
0.30779529,1.3142489,1.348876,-0.14962459,0.96758914,0.20342901,0
1.8971292,0.5447067,-0.49284208,0.50373316,0.2516396,-0.82639587,0
0.98070759,-0.48253074,1.2871499,0.85080266,0.021175385,0.52505851,0
0.41258729,-1.0474998,-1.8825822,0.50373316,0.2516396,-0.82639587,0
-1.1226664,-0.24905138,-1.0276163,-0.85080266,-0.021175385,-0.52505851,0
1.937627,-0.86719847,-0.89808536,0.50373316,0.2516396,-0.82639587,0
1.2957259,-0.48077813,0.7766248,0.85080266,0.021175385,0.52505851,0
-0.97288215,0.69320261,1.4331676,-0.50373316,-0.2516396,0.82639587,0
0.16305207,0.21034491,1.97855,-0.50373316,-0.2516396,0.82639587,0
-1.2587805,-1.3663452,-0.76199788,-0.85080266,-0.021175385,-0.52505851,0
-0.90308738,-0.60984236,-1.368871,-0.85080266,-0.021175385,-0.52505851,0
0.80471784,-0.84980255,1.5871348,0.85080266,0.021175385,0.52505851,0
-1.2058696,-1.5069551,0.62119544,-0.50373316,-0.2516396,0.82639587,0
-1.4542966,0.33013165,1.0291634,-0.50373316,-0.2516396,0.82639587,0
-1.6209283,0.3446722,-0.24417877,-0.85080266,-0.021175385,-0.52505851,0
-0.22015862,0.11611593,1.7162691,-0.50373316,-0.2516396,0.82639587,0
-1.7484826,-1.0527751,0.42874223,-0.50373316,-0.2516396,0.82639587,0
0.50890005,-1.2472764,1.7455137,-0.50373316,-0.2516396,0.82639587,0
0.40500152,1.6023905,0.049854904,-0.14962459,0.96758914,0.20342901,0
1.1418645,-1.2609853,1.0574065,0.85080266,0.021175385,0.52505851,0
2.0127068,-0.11605811,-0.62359607,0.50373316,0.2516396,-0.82639587,0
-1.3219956,-0.78669441,0.76973146,-0.50373316,-0.2516396,0.82639587,0
-1.0253866,-0.77897871,0.95288014,-0.50373316,-0.2516396,0.82639587,0
-0.034379333,-0.82236505,-2.0864785,0.50373316,0.2516396,-0.82639587,0
1.1238295,1.767843,-0.2083949,-0.14962459,0.96758914,0.20342901,0
-1.2341485,0.12227055,-0.86194611,-0.85080266,-0.021175385,-0.52505851,0
-0.3167102,0.69905198,1.8349212,-0.50373316,-0.2516396,0.82639587,0
0.5245226,1.308253,1.5368004,-0.14962459,0.96758914,0.20342901,0
-0.23535442,1.7630111,-1.1851106,-0.14962459,0.96758914,0.20342901,0
-1.0575445,-0.97112453,0.87476945,-0.50373316,-0.2516396,0.82639587,0
1.1797764,-1.1755304,-0.91454655,0.14962459,-0.96758914,-0.20342901,0
-1.1565537,1.5544096,-0.87047374,-0.14962459,0.96758914,0.20342901,0
1.4917569,-0.25818944,0.44999993,0.85080266,0.021175385,0.52505851,0
-0.51824808,1.316571,0.73026443,-0.14962459,0.96758914,0.20342901,0
1.2425528,-0.75844461,0.8739844,0.85080266,0.021175385,0.52505851,0
-0.16928786,0.3649081,-1.8071849,0.50373316,0.2516396,-0.82639587,0
-0.52356946,0.32319033,-2.0214689,-0.85080266,-0.021175385,-0.52505851,0
1.316788,0.55080867,-0.84473366,0.50373316,0.2516396,-0.82639587,0
-1.7471495,-0.088359118,-0.022186756,-0.85080266,-0.021175385,-0.52505851,0
-0.52477497,-0.6117788,-1.9818089,-0.85080266,-0.021175385,-0.52505851,0
-1.4305503,-0.28608322,0.85599881,-0.50373316,-0.2516396,0.82639587,0
-1.5290215,0.90706366,-0.41578543,-0.85080266,-0.021175385,-0.52505851,0
1.4984342,-1.3467716,0.13432157,0.14962459,-0.96758914,-0.20342901,0
-0.37986922,-0.87343919,1.3175948,-0.50373316,-0.2516396,0.82639587,0
0.90867686,1.5699162,0.57477623,-0.14962459,0.96758914,0.20342901,0
1.5955219,-0.6959089,0.29951239,0.85080266,0.021175385,0.52505851,0
-1.8377714,-0.2559166,0.13141406,-0.85080266,-0.021175385,-0.52505851,0
-0.062028527,-1.4987102,-0.2907396,0.14962459,-0.96758914,-0.20342901,0
0.45522898,-0.28611135,2.0054755,-0.50373316,-0.2516396,0.82639587,0
-0.88202614,0.86639386,-1.462534,-0.85080266,-0.021175385,-0.52505851,0
1.1014006,-1.2673237,-0.53558731,0.14962459,-0.96758914,-0.20342901,0
-0.080390692,1.4624078,0.35865712,-0.14962459,0.96758914,0.20342901,0
-2.0601754,0.31473732,0.46878278,-0.85080266,-0.021175385,-0.52505851,0
-0.61315274,1.5295026,-0.35232705,-0.14962459,0.96758914,0.20342901,0
-1.506012,-0.11751354,-0.41174918,-0.85080266,-0.021175385,-0.52505851,0
0.29572737,-1.1185175,1.6547809,-0.50373316,-0.2516396,0.82639587,0
-0.92185795,-1.0980651,-1.3187652,-0.85080266,-0.021175385,-0.52505851,0
-2.1525049,1.0065562,0.59049273,-0.85080266,-0.021175385,-0.52505851,0
0.62325633,0.58156359,-1.2581139,0.50373316,0.2516396,-0.82639587,0
-1.7685225,0.95223379,1.0270569,-0.50373316,-0.2516396,0.82639587,0
-0.25761127,1.4847854,0.12187183,-0.14962459,0.96758914,0.20342901,0
0.74149406,-1.2307203,1.704945,0.85080266,0.021175385,0.52505851,0
0.72962511,-1.4224621,-0.071134329,0.14962459,-0.96758914,-0.20342901,0
-1.968478,0.20921111,0.6789211,-0.50373316,-0.2516396,0.82639587,0
0.90943336,0.56452668,-1.0888612,0.50373316,0.2516396,-0.82639587,0
0.88903546,1.6344259,0.25349563,-0.14962459,0.96758914,0.20342901,0
0.71117717,-0.6351223,1.7300501,0.85080266,0.021175385,0.52505851,0
1.447298,-1.3038769,-0.10731387,0.14962459,-0.96758914,-0.20342901,0
-0.22260892,-1.6185441,0.16112933,0.14962459,-0.96758914,-0.20342901,0
-0.77315378,-1.6123998,0.85285121,-0.50373316,-0.2516396,0.82639587,0
1.0083483,-1.5091381,0.54613674,0.14962459,-0.96758914,-0.20342901,0
-0.54293048,1.3614048,-1.7315044,0.50373316,0.2516396,-0.82639587,0
0.088769317,-1.5552547,0.089122474,0.14962459,-0.96758914,-0.20342901,0
-0.25419784,-1.3772905,-1.0096034,0.14962459,-0.96758914,-0.20342901,0
0.068258882,-0.66192925,1.6551585,-0.50373316,-0.2516396,0.82639587,0
-1.6100823,-1.6811786,0.32175404,-0.50373316,-0.2516396,0.82639587,0
-0.88579661,-0.11834574,1.2391323,-0.50373316,-0.2516396,0.82639587,0
0.98853862,-1.4350916,0.1793716,0.14962459,-0.96758914,-0.20342901,0
-0.64265364,-0.79068708,1.1826117,-0.50373316,-0.2516396,0.82639587,0
-0.58877635,0.12589848,1.4945555,-0.50373316,-0.2516396,0.82639587,0
0.14603211,-0.59835088,-1.908295,0.50373316,0.2516396,-0.82639587,0
-1.7322361,-1.4854763,0.30688664,-0.50373316,-0.2516396,0.82639587,0
1.4185123,-1.0875722,-1.1573184,0.14962459,-0.96758914,-0.20342901,0
-0.3924489,0.71259844,-1.8373411,0.50373316,0.2516396,-0.82639587,0
0.47782362,-1.2854297,-0.90811759,0.14962459,-0.96758914,-0.20342901,0
0.2922622,-1.450686,-0.25857639,0.14962459,-0.96758914,-0.20342901,0
-1.2513405,1.4018958,-0.21477306,-0.14962459,0.96758914,0.20342901,0
-1.4485204,-0.19361454,-0.5018391,-0.85080266,-0.021175385,-0.52505851,0
0.55508006,-0.92574084,1.8715713,-0.50373316,-0.2516396,0.82639587,0
1.1023235,0.61678362,-0.95537186,0.50373316,0.2516396,-0.82639587,0
0.1618216,-1.0064473,1.6072835,-0.50373316,-0.2516396,0.82639587,0
0.84801745,-1.6828682,1.2545416,0.14962459,-0.96758914,-0.20342901,0
1.0598459,1.5084696,0.97822785,-0.14962459,0.96758914,0.20342901,0
-0.1250906,1.3710786,0.76017791,-0.14962459,0.96758914,0.20342901,0
-1.636381,-1.7523271,-0.13456857,-0.85080266,-0.021175385,-0.52505851,0
-0.91336381,-1.2450969,0.87923008,-0.50373316,-0.2516396,0.82639587,0
-1.904516,-0.38409495,0.24473643,-0.85080266,-0.021175385,-0.52505851,0
1.5528076,-0.65360969,0.36702085,0.85080266,0.021175385,0.52505851,0
0.29031467,-1.6557397,0.71530879,0.14962459,-0.96758914,-0.20342901,0
-1.096386,1.1739895,-1.1275916,-0.85080266,-0.021175385,-0.52505851,0
1.1887575,0.057007223,0.92826742,0.85080266,0.021175385,0.52505851,0
-0.97270995,-0.70216942,1.0083783,-0.50373316,-0.2516396,0.82639587,0
-1.7362674,-0.85333657,-0.0089687109,-0.85080266,-0.021175385,-0.52505851,0
0.50451398,1.6042836,-1.0190731,0.50373316,0.2516396,-0.82639587,0
-1.2994106,0.29350442,-0.76310176,-0.85080266,-0.021175385,-0.52505851,0
-1.6753374,0.58121002,-0.16555381,-0.85080266,-0.021175385,-0.52505851,0
-0.51416421,-1.4261842,-0.96825415,0.14962459,-0.96758914,-0.20342901,0
-0.86358631,-1.1490805,0.93880939,-0.50373316,-0.2516396,0.82639587,0
-1.5944668,0.051049948,0.85874081,-0.50373316,-0.2516396,0.82639587,0
-1.6889269,-1.7097193,0.26500344,-0.50373316,-0.2516396,0.82639587,0
1.0308148,-1.1422994,-1.1821703,0.14962459,-0.96758914,-0.20342901,0
0.36122185,1.0240272,2.2302041,0.85080266,0.021175385,0.52505851,0
-0.76102698,-1.6753874,0.035485089,0.14962459,-0.96758914,-0.20342901,0
1.6932443,0.47499299,0.093941689,0.85080266,0.021175385,0.52505851,0
-1.9590278,1.1262016,0.27215791,-0.85080266,-0.021175385,-0.52505851,0
0.75121927,-1.2721112,-0.7703805,0.14962459,-0.96758914,-0.20342901,0
-2.1490309,1.0854473,0.63011885,-0.14962459,0.96758914,0.20342901,0
-0.93348515,1.4066077,-0.0033988953,-0.14962459,0.96758914,0.20342901,0
1.2008841,-1.446777,0.39113533,0.14962459,-0.96758914,-0.20342901,0
0.52078187,-1.1821812,1.772578,-0.50373316,-0.2516396,0.82639587,0
-0.43912256,-1.2336416,-1.8288685,0.14962459,-0.96758914,-0.20342901,0
1.9333038,0.93921804,-0.31377172,0.85080266,0.021175385,0.52505851,0
-0.061469913,-0.090066552,1.7502155,-0.50373316,-0.2516396,0.82639587,0
-1.0418535,-0.79015625,0.93943924,-0.50373316,-0.2516396,0.82639587,0
0.30715394,0.67220747,-1.4231942,0.50373316,0.2516396,-0.82639587,0
0.31230664,1.5848882,0.0649257,-0.14962459,0.96758914,0.20342901,0
-0.45857799,1.2683961,1.0032926,-0.14962459,0.96758914,0.20342901,0
-1.7226094,-0.87910044,0.49739781,-0.50373316,-0.2516396,0.82639587,0
-0.37650704,-0.84439445,1.3284886,-0.50373316,-0.2516396,0.82639587,0
0.57127869,1.4457972,0.91697526,-0.14962459,0.96758914,0.20342901,0
-1.9226474,1.2013808,0.2452004,-0.14962459,0.96758914,0.20342901,0
-1.6197796,0.17556429,-0.23922026,-0.85080266,-0.021175385,-0.52505851,0
-0.20670867,-1.4051378,-0.84222174,0.14962459,-0.96758914,-0.20342901,0
1.0579472,-0.081943393,1.1458359,0.85080266,0.021175385,0.52505851,0
-1.0230393,0.96451533,-1.237994,-0.85080266,-0.021175385,-0.52505851,0
0.80095184,1.4487755,-0.88573068,0.50373316,0.2516396,-0.82639587,0
-0.24985957,-1.4815545,-0.51049083,0.14962459,-0.96758914,-0.20342901,0
0.66265523,1.6940906,-0.1967992,-0.14962459,0.96758914,0.20342901,0
2.2066643,-0.74223638,-0.68891215,0.85080266,0.021175385,0.52505851,0
-1.5185268,1.1419634,-0.4422642,-0.85080266,-0.021175385,-0.52505851,0
1.4596405,0.66711849,0.46472424,0.85080266,0.021175385,0.52505851,0
-1.9446446,-0.42708659,0.31149459,-0.85080266,-0.021175385,-0.52505851,0
0.19613135,-1.3064817,-1.0151745,0.14962459,-0.96758914,-0.20342901,0
0.5408389,0.92118216,1.9433008,0.85080266,0.021175385,0.52505851,0
0.036118746,-1.721604,0.8416211,0.14962459,-0.96758914,-0.20342901,0
-1.152238,-0.96666312,-0.9507575,-0.85080266,-0.021175385,-0.52505851,0
-0.80361032,1.7214679,-1.4054747,-0.14962459,0.96758914,0.20342901,0
-1.0327933,1.3738559,0.079339504,-0.14962459,0.96758914,0.20342901,0
0.33247972,-1.1969233,-1.4359928,0.14962459,-0.96758914,-0.20342901,0
-0.62096798,1.5578986,-0.49313837,-0.14962459,0.96758914,0.20342901,0
0.70098454,-0.69586521,1.7490159,0.85080266,0.021175385,0.52505851,0
-0.95281678,-0.71227157,1.017428,-0.50373316,-0.2516396,0.82639587,0
1.1511987,-1.2635882,1.0423864,0.85080266,0.021175385,0.52505851,0
0.62655592,1.7532347,-0.50466371,-0.14962459,0.96758914,0.20342901,0
-0.68384641,1.2559038,0.89702237,-0.14962459,0.96758914,0.20342901,0
-0.43397954,0.080148578,1.5749816,-0.50373316,-0.2516396,0.82639587,0
-1.4997332,-1.2867665,-0.37476805,-0.85080266,-0.021175385,-0.52505851,0
0.13922071,1.6552477,-1.2262206,0.50373316,0.2516396,-0.82639587,0
-0.75593323,-0.61458898,1.1671839,-0.50373316,-0.2516396,0.82639587,0
-0.1078912,0.79095125,1.9901915,-0.50373316,-0.2516396,0.82639587,0
-0.98027706,1.3969409,-1.3247249,-0.85080266,-0.021175385,-0.52505851,0
0.7779488,-1.2588271,-0.81390411,0.14962459,-0.96758914,-0.20342901,0
-1.5586709,-0.047590494,-0.32924092,-0.85080266,-0.021175385,-0.52505851,0
0.98294818,-1.0588014,1.3067601,0.85080266,0.021175385,0.52505851,0
1.1150311,0.64966488,1.023832,0.85080266,0.021175385,0.52505851,0
-1.7119507,0.74683046,0.99899495,-0.50373316,-0.2516396,0.82639587,0
0.28435993,0.5909971,-1.4618173,0.50373316,0.2516396,-0.82639587,0
-0.84249353,-0.44402546,-1.4737444,-0.85080266,-0.021175385,-0.52505851,0
-0.15543485,-1.087734,1.3891464,-0.50373316,-0.2516396,0.82639587,0
-0.060122728,1.4282953,0.53581679,-0.14962459,0.96758914,0.20342901,0
0.86024207,-1.1294379,-1.3688027,0.14962459,-0.96758914,-0.20342901,0
1.3725908,0.48326623,-0.83128554,0.50373316,0.2516396,-0.82639587,0
-1.2499934,-0.70543456,0.83836454,-0.50373316,-0.2516396,0.82639587,0
-0.49623036,-1.7936352,0.79268116,0.14962459,-0.96758914,-0.20342901,0
-1.3260169,-1.5154761,0.54536432,-0.50373316,-0.2516396,0.82639587,0
-1.165114,-1.6641843,-0.31501254,0.14962459,-0.96758914,-0.20342901,0
0.93662047,1.8133152,-0.5623737,-0.14962459,0.96758914,0.20342901,0
-1.8111248,-1.6138881,0.14300245,-0.85080266,-0.021175385,-0.52505851,0
1.7022614,0.1190114,0.093686819,0.85080266,0.021175385,0.52505851,0
0.0063759089,-0.86629587,1.5552074,-0.50373316,-0.2516396,0.82639587,0
0.3328104,-1.763814,1.4808905,-0.50373316,-0.2516396,0.82639587,0
-1.2554533,0.73677111,1.2741919,-0.50373316,-0.2516396,0.82639587,0
1.158289,-1.3045158,-0.31684518,0.14962459,-0.96758914,-0.20342901,0
-1.5772768,-0.3582983,-0.28656119,-0.85080266,-0.021175385,-0.52505851,0
0.85521066,1.5905677,0.4372251,-0.14962459,0.96758914,0.20342901,0
-1.522446,0.73168784,-0.41936743,-0.85080266,-0.021175385,-0.52505851,0
0.19139159,1.5204437,0.28251496,-0.14962459,0.96758914,0.20342901,0
1.303717,0.046635985,-1.0062227,0.50373316,0.2516396,-0.82639587,0
-1.28667,1.3401848,0.052763343,-0.14962459,0.96758914,0.20342901,0
-1.2658747,0.11696857,-0.81032336,-0.85080266,-0.021175385,-0.52505851,0
-1.0705447,-1.3034375,-1.0695513,-0.85080266,-0.021175385,-0.52505851,0
0.11973572,1.7673496,-0.94457316,-0.14962459,0.96758914,0.20342901,0
0.81275702,0.83098209,1.5063235,0.85080266,0.021175385,0.52505851,0
-0.91931891,1.3192881,-1.4203701,-0.85080266,-0.021175385,-0.52505851,0
0.78732103,0.1037885,-1.3035913,0.50373316,0.2516396,-0.82639587,0
-1.1595603,-1.4211769,0.67554307,-0.50373316,-0.2516396,0.82639587,0
-1.7934577,1.2340074,-0.00047898293,-0.85080266,-0.021175385,-0.52505851,0
-0.32252395,0.37851405,-1.8964475,0.50373316,0.2516396,-0.82639587,0
1.4792656,-1.0306298,-1.2272466,0.50373316,0.2516396,-0.82639587,0
-1.2445922,1.2526827,0.49990743,-0.14962459,0.96758914,0.20342901,0
1.6891186,-0.57336771,0.14290655,0.85080266,0.021175385,0.52505851,0
-1.1238968,0.29617804,-1.0476112,-0.85080266,-0.021175385,-0.52505851,0
-0.21551299,-1.3136561,-1.2838205,0.14962459,-0.96758914,-0.20342901,0
-0.43714523,1.1308773,-1.737219,0.50373316,0.2516396,-0.82639587,0
-0.95699131,1.102675,1.4249389,-0.14962459,0.96758914,0.20342901,0
-0.17097425,-1.8076708,1.0986702,0.14962459,-0.96758914,-0.20342901,0
1.0202627,0.62877274,-1.0017416,0.50373316,0.2516396,-0.82639587,0
-1.6263717,1.2016979,0.46160746,-0.14962459,0.96758914,0.20342901,0
-0.26052713,0.96077508,-1.6813573,0.50373316,0.2516396,-0.82639587,0
0.78381014,-1.6326187,0.96830988,0.14962459,-0.96758914,-0.20342901,0
-0.12925598,-0.18420899,-1.9499909,0.50373316,0.2516396,-0.82639587,0
0.9618817,-1.3268726,-0.35496747,0.14962459,-0.96758914,-0.20342901,0
-2.1441169,0.37996221,0.60217071,-0.85080266,-0.021175385,-0.52505851,0
-1.8516859,0.92342532,0.10639918,-0.85080266,-0.021175385,-0.52505851,0
1.0834892,-1.074782,1.1444885,0.85080266,0.021175385,0.52505851,0
-0.4316282,0.94858515,1.8408558,-0.50373316,-0.2516396,0.82639587,0
-1.0691631,-1.821734,0.60867441,-0.50373316,-0.2516396,0.82639587,0
1.7795677,1.0939521,-0.070898652,0.85080266,0.021175385,0.52505851,0
0.40091777,1.401823,1.0008311,-0.14962459,0.96758914,0.20342901,0
-1.2125649,-1.1889596,-0.84403884,-0.85080266,-0.021175385,-0.52505851,0
-2.0349844,0.81532466,0.40777504,-0.85080266,-0.021175385,-0.52505851,0
-1.0899328,1.5256484,-1.1522301,-0.85080266,-0.021175385,-0.52505851,0
-0.46427086,0.11330867,-2.0636058,0.50373316,0.2516396,-0.82639587,0
1.9804981,-0.8271091,-0.85974574,0.50373316,0.2516396,-0.82639587,0
-1.7628856,1.1889323,0.42191839,-0.14962459,0.96758914,0.20342901,0
-0.26022357,-1.129629,-2.1920123,0.14962459,-0.96758914,-0.20342901,0
1.7948456,1.5034542,-0.11216974,0.85080266,0.021175385,0.52505851,0
1.5866914,-0.011536121,-0.85144824,0.50373316,0.2516396,-0.82639587,0
-1.1946543,1.097949,1.2726125,-0.14962459,0.96758914,0.20342901,0
-1.3820792,0.53242904,-0.63878119,-0.85080266,-0.021175385,-0.52505851,0
1.5046054,-0.42995185,0.43610716,0.85080266,0.021175385,0.52505851,0
1.6695509,-1.1628431,0.19838738,0.85080266,0.021175385,0.52505851,0
1.5018615,0.38351846,-0.78286147,0.50373316,0.2516396,-0.82639587,0
0.064001858,1.1499016,1.9512644,-0.14962459,0.96758914,0.20342901,0
1.1708894,-1.1851025,1.0073144,0.85080266,0.021175385,0.52505851,0
-0.0044238567,-1.6742978,1.3025856,-0.50373316,-0.2516396,0.82639587,0
0.93876356,0.89449048,-0.97050804,0.50373316,0.2516396,-0.82639587,0
0.81348854,1.4100357,1.2652198,-0.14962459,0.96758914,0.20342901,0
-1.9581473,-0.055523634,0.3183893,-0.85080266,-0.021175385,-0.52505851,0
0.66623437,-1.3742466,-0.34709048,0.14962459,-0.96758914,-0.20342901,0
1.7362905,1.2325424,-0.38143444,0.50373316,0.2516396,-0.82639587,0
0.69667041,-1.6584679,1.7347612,-0.50373316,-0.2516396,0.82639587,0
-1.2756131,0.12030202,-0.79467762,-0.85080266,-0.021175385,-0.52505851,0
0.22926569,1.7804071,-0.92611873,-0.14962459,0.96758914,0.20342901,0
0.37857473,-1.4266918,-0.30921823,0.14962459,-0.96758914,-0.20342901,0
-0.73117256,0.98419178,1.6691096,-0.50373316,-0.2516396,0.82639587,0
1.6284139,0.20088434,0.21004713,0.85080266,0.021175385,0.52505851,0
1.8705664,-0.84728456,-0.93289852,0.50373316,0.2516396,-0.82639587,0
-0.82570249,-0.54409921,1.1461201,-0.50373316,-0.2516396,0.82639587,0
0.84741747,-1.0944951,1.5278131,0.85080266,0.021175385,0.52505851,0
-0.35196972,-0.41202796,1.4751018,-0.50373316,-0.2516396,0.82639587,0
-1.4330721,-1.158901,-0.48794231,-0.85080266,-0.021175385,-0.52505851,0
0.24981502,-0.46159029,-1.8033898,0.50373316,0.2516396,-0.82639587,0
0.46572739,-0.91256869,-1.8091035,0.50373316,0.2516396,-0.82639587,0
-1.820858,0.54336441,0.07177341,-0.85080266,-0.021175385,-0.52505851,0
1.0544616,-1.1347433,1.1939427,0.85080266,0.021175385,0.52505851,0
-1.3030794,-1.06498,0.69652343,-0.50373316,-0.2516396,0.82639587,0
-1.2111015,1.4947696,-0.95464301,-0.85080266,-0.021175385,-0.52505851,0
-1.7335684,0.20542586,-0.056041598,-0.85080266,-0.021175385,-0.52505851,0
0.6870209,-1.0717853,1.7868031,0.85080266,0.021175385,0.52505851,0
-1.1812698,-0.13440669,-0.93727911,-0.85080266,-0.021175385,-0.52505851,0
-0.075077295,1.3854088,0.72880292,-0.14962459,0.96758914,0.20342901,0
-0.011179619,0.31650448,1.904672,-0.50373316,-0.2516396,0.82639587,0
0.31201804,-0.78324646,1.7668017,-0.50373316,-0.2516396,0.82639587,0
0.362746,1.5470887,0.2818135,-0.14962459,0.96758914,0.20342901,0
-1.9770277,1.0736134,0.30344558,-0.85080266,-0.021175385,-0.52505851,0
-0.49946994,-0.78301573,-2.0159073,-0.85080266,-0.021175385,-0.52505851,0
-0.66240221,0.50458044,-1.8038203,-0.85080266,-0.021175385,-0.52505851,0
-1.7772746,0.88272774,-0.012535334,-0.85080266,-0.021175385,-0.52505851,0
1.2013397,-1.5232713,0.75530767,0.14962459,-0.96758914,-0.20342901,0
-0.86973107,-1.0618504,0.9616257,-0.50373316,-0.2516396,0.82639587,0
-1.1038139,-1.5228491,-0.94217223,0.14962459,-0.96758914,-0.20342901,0
-0.15502948,-0.23311603,1.649627,-0.50373316,-0.2516396,0.82639587,0
-1.2440419,-1.693964,-0.23142028,0.14962459,-0.96758914,-0.20342901,0
0.78107882,-0.090862393,-1.3666679,0.50373316,0.2516396,-0.82639587,0
-0.61754239,1.3190582,0.64540255,-0.14962459,0.96758914,0.20342901,0
0.058546185,-1.6345688,0.44414341,0.14962459,-0.96758914,-0.20342901,0
-0.56518924,-1.0110433,-1.9002197,-0.85080266,-0.021175385,-0.52505851,0
1.8932376,1.0025201,-0.25140154,0.85080266,0.021175385,0.52505851,0
-1.3467922,-1.2899551,-0.62246448,-0.85080266,-0.021175385,-0.52505851,0
1.8627909,0.32546854,-0.58053172,0.50373316,0.2516396,-0.82639587,0
0.80619311,-0.239259,-1.3965466,0.50373316,0.2516396,-0.82639587,0
-0.55025232,0.98365819,-1.8509924,0.50373316,0.2516396,-0.82639587,0
0.29659104,-1.7959539,1.3868403,0.14962459,-0.96758914,-0.20342901,0
-1.4785477,-1.448151,0.47288924,-0.50373316,-0.2516396,0.82639587,0
-0.13392222,0.97178781,2.0293894,-0.50373316,-0.2516396,0.82639587,0
1.1189742,0.27281797,1.0326405,0.85080266,0.021175385,0.52505851,0
-1.4268368,-0.60444421,-0.52040666,-0.85080266,-0.021175385,-0.52505851,0
-0.058416605,1.7053884,-0.78089482,-0.14962459,0.96758914,0.20342901,0
-0.920295,0.15258849,1.300604,-0.50373316,-0.2516396,0.82639587,0
2.0246513,-0.53184915,-0.74292457,0.50373316,0.2516396,-0.82639587,0
0.15810329,-1.1553926,-1.7617847,0.14962459,-0.96758914,-0.20342901,0
2.1203632,-1.0329649,-0.83717406,0.50373316,0.2516396,-0.82639587,0
1.7793219,0.88863873,-0.45992392,0.50373316,0.2516396,-0.82639587,0
-0.59085989,0.072246253,-1.9023113,-0.85080266,-0.021175385,-0.52505851,0
-2.0362275,0.064326763,0.59350634,-0.50373316,-0.2516396,0.82639587,0
1.1491936,-0.5055629,1.0150647,0.85080266,0.021175385,0.52505851,0
0.391397,-0.007506609,2.0514021,-0.50373316,-0.2516396,0.82639587,0
-1.5158182,-1.7305777,0.36417103,-0.50373316,-0.2516396,0.82639587,0
0.81723285,-0.21045136,1.5410711,0.85080266,0.021175385,0.52505851,0
1.935498,0.73455322,-0.41164547,0.50373316,0.2516396,-0.82639587,0
-0.4202745,0.80876172,-1.8250204,0.50373316,0.2516396,-0.82639587,0
-0.19743939,-0.56074095,-2.1062074,0.50373316,0.2516396,-0.82639587,0
0.018773317,1.2844115,1.2782143,-0.14962459,0.96758914,0.20342901,0
-0.49873042,1.7240045,-1.1932974,-0.14962459,0.96758914,0.20342901,0
1.5240369,0.78370833,-0.64748544,0.50373316,0.2516396,-0.82639587,0
-1.8056997,0.99318802,1.0168662,-0.50373316,-0.2516396,0.82639587,0
-0.19461823,0.80068743,1.9402912,-0.50373316,-0.2516396,0.82639587,0
-1.7632132,-0.37940109,0.015580416,-0.85080266,-0.021175385,-0.52505851,0
-0.50093853,1.5215888,-0.23215139,-0.14962459,0.96758914,0.20342901,0
-2.0703492,0.46631002,0.47915542,-0.85080266,-0.021175385,-0.52505851,0
-1.2546678,-1.208711,-0.77501917,-0.85080266,-0.021175385,-0.52505851,0
0.6753484,-1.5711,0.59592676,0.14962459,-0.96758914,-0.20342901,0
-1.1773661,-0.94415635,-0.91094792,-0.85080266,-0.021175385,-0.52505851,0
1.044112,0.77136219,-0.94378525,0.50373316,0.2516396,-0.82639587,0
-1.1839868,-1.4309357,0.65768236,-0.50373316,-0.2516396,0.82639587,0
-0.97632444,0.67588794,-1.3020504,-0.85080266,-0.021175385,-0.52505851,0
-1.8080926,0.59793472,0.89505184,-0.50373316,-0.2516396,0.82639587,0
-0.65552986,1.0970408,1.6734662,-0.14962459,0.96758914,0.20342901,0
-0.63425428,-1.2833699,-1.7358634,0.14962459,-0.96758914,-0.20342901,0
