0.34589887,-3.497695,2.848496,-0.0044694245,-0.81424177,0.58050883,0
-0.25826907,-0.59482646,3.9737256,0.43230414,0.52189183,0.7353518,0
0.21414328,4.9909883,-0.74963951,0.0044694245,0.81424177,-0.58050883,0
-2.0923686,2.981688,-3.585712,0.0044694245,0.81424177,-0.58050883,0
0.011525095,-3.3091757,3.1103451,-0.0044694245,-0.81424177,0.58050883,0
0.43772995,1.1170057,-3.9731541,0.90171695,-0.25424302,-0.34966743,0
0.41006389,-2.7530017,3.8935223,-0.0044694245,-0.81424177,0.58050883,0
0.9729284,-1.8036144,-0.46941257,0.90171695,-0.25424302,-0.34966743,0
1.4185511,2.2891302,-2.2960792,0.90171695,-0.25424302,-0.34966743,0
-2.2197971,2.5538142,-3.2914619,-0.90171695,0.25424302,0.34966743,0
-0.96595991,2.5784068,-4.1426954,0.0044694245,0.81424177,-0.58050883,0
-0.12531996,3.554498,-2.7671237,0.0044694245,0.81424177,-0.58050883,0
1.5139601,-0.5825839,0.037981212,0.90171695,-0.25424302,-0.34966743,0
-0.23189735,2.0312366,2.09446,0.43230414,0.52189183,0.7353518,0
-1.8527709,-2.6859937,1.4648789,-0.90171695,0.25424302,0.34966743,0
-2.235935,-2.948267,0.0071796179,-0.43230414,-0.52189183,-0.7353518,0
-1.2316313,-4.547246,0.55158472,-0.43230414,-0.52189183,-0.7353518,0
0.26781678,0.64762712,2.7826557,0.43230414,0.52189183,0.7353518,0
-1.5274181,-3.8597164,2.3262892,-0.0044694245,-0.81424177,0.58050883,0
-0.91532993,-2.7559612,3.8791668,-0.0044694245,-0.81424177,0.58050883,0
0.4398551,2.4387536,-4.327754,0.0044694245,0.81424177,-0.58050883,0
2.3257675,1.1244192,1.2344252,0.43230414,0.52189183,0.7353518,0
-0.052350998,-4.538311,-0.14804125,-0.43230414,-0.52189183,-0.7353518,0
-0.37743235,-1.4631653,4.3803401,-0.90171695,0.25424302,0.34966743,0
0.3514421,0.48129416,2.8515429,0.43230414,0.52189183,0.7353518,0
2.0058568,-0.55003929,2.6108882,0.43230414,0.52189183,0.7353518,0
-1.5562012,2.5519705,-1.5788518,-0.90171695,0.25424302,0.34966743,0
-0.37673426,-0.54420716,-2.7920234,-0.43230414,-0.52189183,-0.7353518,0
-1.3097613,-3.4570794,2.8927178,-0.0044694245,-0.81424177,0.58050883,0
1.394815,0.70019805,-1.2019781,0.90171695,-0.25424302,-0.34966743,0
-0.77192765,-3.3725543,3.0154161,-0.0044694245,-0.81424177,0.58050883,0
0.12708926,0.83384323,-4.0662408,-0.43230414,-0.52189183,-0.7353518,0
-2.1801913,2.6700609,-3.2738504,-0.90171695,0.25424302,0.34966743,0
-1.1102049,3.6623173,-1.2360549,-0.90171695,0.25424302,0.34966743,0
-0.13978219,4.188242,-1.8783247,0.0044694245,0.81424177,-0.58050883,0
-0.15363234,-2.4845061,4.2657838,-0.0044694245,-0.81424177,0.58050883,0
0.25489879,-4.4099398,1.5682499,-0.0044694245,-0.81424177,0.58050883,0
-1.8457795,-1.2789007,-1.4069655,-0.43230414,-0.52189183,-0.7353518,0
-1.0075722,3.8951659,-1.1406918,-0.90171695,0.25424302,0.34966743,0
1.1862216,-1.0016218,-0.5025034,0.90171695,-0.25424302,-0.34966743,0
-1.9532599,-4.1161532,1.9633236,-0.0044694245,-0.81424177,0.58050883,0
0.30978203,-5.093555,0.21258974,0.90171695,-0.25424302,-0.34966743,0
1.0910592,-3.3590107,0.96614861,0.90171695,-0.25424302,-0.34966743,0
0.077791095,-2.5838127,4.1282749,-0.0044694245,-0.81424177,0.58050883,0
0.04051137,-4.0434976,2.0805836,-0.0044694245,-0.81424177,0.58050883,0
1.6371427,-0.74273741,2.9644115,0.43230414,0.52189183,0.7353518,0
-1.4022393,0.57465816,0.25588512,-0.90171695,0.25424302,0.34966743,0
0.46184421,-3.8186383,2.3992221,-0.0044694245,-0.81424177,0.58050883,0
-2.1060357,2.8851635,-3.2390203,-0.90171695,0.25424302,0.34966743,0
0.76440835,-3.1479981,3.3422155,-0.0044694245,-0.81424177,0.58050883,0
2.3436799,1.4210726,0.72079229,0.90171695,-0.25424302,-0.34966743,0
2.4000587,1.6812649,0.67699534,0.90171695,-0.25424302,-0.34966743,0
0.16488409,5.1993217,-0.38724613,0.43230414,0.52189183,0.7353518,0
-0.55072808,4.3431315,-1.6642346,0.0044694245,0.81424177,-0.58050883,0
0.47283316,-4.1684842,1.9086015,-0.0044694245,-0.81424177,0.58050883,0
-1.8646482,-0.95480227,-1.6258911,-0.43230414,-0.52189183,-0.7353518,0
-2.3799524,-4.5231409,1.3891835,-0.0044694245,-0.81424177,0.58050883,0
-1.0683563,-1.3952566,-1.7814231,-0.43230414,-0.52189183,-0.7353518,0
-0.50765169,-3.7255859,2.5222769,-0.0044694245,-0.81424177,0.58050883,0
-0.56326652,-2.4790018,-1.3092065,-0.43230414,-0.52189183,-0.7353518,0
0.72913218,-3.4973516,2.8519282,-0.0044694245,-0.81424177,0.58050883,0
1.4172285,4.5427175,-1.369137,0.0044694245,0.81424177,-0.58050883,0
0.32856345,2.6077971,-4.0915046,0.0044694245,0.81424177,-0.58050883,0
-0.51296973,4.2545033,-1.7882571,0.0044694245,0.81424177,-0.58050883,0
2.0176544,-1.8148118,2.2328515,0.90171695,-0.25424302,-0.34966743,0
1.1077269,2.8378611,-3.4966087,0.90171695,-0.25424302,-0.34966743,0
0.66566861,2.4664378,-4.2871847,0.0044694245,0.81424177,-0.58050883,0
1.0105834,1.3574367,1.8422285,0.43230414,0.52189183,0.7353518,0
-1.858825,3.1790795,-3.3070459,0.0044694245,0.81424177,-0.58050883,0
-0.68745244,-0.64073193,2.9828751,-0.90171695,0.25424302,0.34966743,0
-0.25209403,4.8127947,-1.00317,0.0044694245,0.81424177,-0.58050883,0
1.2619982,3.1769974,0.40305173,0.43230414,0.52189183,0.7353518,0
-0.90163612,4.4081397,-1.5757537,0.0044694245,0.81424177,-0.58050883,0
-2.0489893,-0.31503344,-1.9715744,-0.43230414,-0.52189183,-0.7353518,0
2.2308137,0.031400681,1.4401643,0.90171695,-0.25424302,-0.34966743,0
-2.0248244,1.6721225,-2.1475921,-0.90171695,0.25424302,0.34966743,0
-0.19012356,5.1366673,-0.1340754,0.43230414,0.52189183,0.7353518,0
0.5926919,4.352437,-1.642379,0.0044694245,0.81424177,-0.58050883,0
0.17289925,-0.30754074,-3.2831125,-0.43230414,-0.52189183,-0.7353518,0
-2.2858934,-0.99134088,-1.3523142,-0.43230414,-0.52189183,-0.7353518,0
0.722049,-2.3843052,-0.69415605,0.90171695,-0.25424302,-0.34966743,0
-0.064068317,4.6353283,-1.2506423,0.0044694245,0.81424177,-0.58050883,0
0.59950042,0.8292765,2.4587433,0.43230414,0.52189183,0.7353518,0
1.067462,4.026525,-2.0958595,0.0044694245,0.81424177,-0.58050883,0
0.917364,-3.8050702,2.421761,-0.0044694245,-0.81424177,0.58050883,0
-1.2621679,-2.2247176,-1.0788012,-0.43230414,-0.52189183,-0.7353518,0
0.6021595,3.7404182,-2.5007443,0.0044694245,0.81424177,-0.58050883,0
0.81195354,-1.4927366,3.9818172,0.43230414,0.52189183,0.7353518,0
-0.058539391,-4.1777487,-0.40030026,-0.43230414,-0.52189183,-0.7353518,0
1.259342,-3.7580035,2.4904108,-0.0044694245,-0.81424177,0.58050883,0
1.6188082,-0.28011835,2.6468616,0.43230414,0.52189183,0.7353518,0
0.036073685,-1.3431872,4.3318095,0.43230414,0.52189183,0.7353518,0
-1.3620064,-4.1731782,1.8878906,-0.0044694245,-0.81424177,0.58050883,0
0.13730311,3.7253809,-2.5254161,0.0044694245,0.81424177,-0.58050883,0
-1.5190187,-3.325331,2.790416,-0.90171695,0.25424302,0.34966743,0
0.28500786,-2.9593318,3.6031537,-0.0044694245,-0.81424177,0.58050883,0
-0.61373949,-1.2148383,3.5903971,-0.90171695,0.25424302,0.34966743,0
2.2790859,2.5697956,-0.28101814,0.90171695,-0.25424302,-0.34966743,0
1.3652759,2.3174822,-2.4540792,0.90171695,-0.25424302,-0.34966743,0
0.6689055,-3.0275455,3.5104308,-0.0044694245,-0.81424177,0.58050883,0
-1.3131435,2.2468939,-0.73023713,-0.90171695,0.25424302,0.34966743,0
1.5707291,0.82799172,-0.84125185,0.90171695,-0.25424302,-0.34966743,0
-0.93055153,1.2529739,-3.7419317,-0.43230414,-0.52189183,-0.7353518,0
-0.88668376,0.096172571,1.933298,-0.90171695,0.25424302,0.34966743,0
1.737886,3.4352169,-0.059979558,0.43230414,0.52189183,0.7353518,0
-0.24205923,2.1268041,2.0326087,0.43230414,0.52189183,0.7353518,0
0.036259174,-2.2849102,-1.7994103,-0.43230414,-0.52189183,-0.7353518,0
1.4022232,-1.5348234,0.44220853,0.90171695,-0.25424302,-0.34966743,0
0.082472801,0.80644441,-4.020566,-0.43230414,-0.52189183,-0.7353518,0
0.34961629,2.1746333,1.6508247,0.43230414,0.52189183,0.7353518,0
-1.263267,-4.1594925,0.29498768,-0.43230414,-0.52189183,-0.7353518,0
-1.0066482,2.2733836,0.040887237,-0.90171695,0.25424302,0.34966743,0
2.0952351,-2.0160735,2.5792527,0.90171695,-0.25424302,-0.34966743,0
0.23109007,4.2598104,0.24061894,0.43230414,0.52189183,0.7353518,0
1.690207,-1.5698074,3.5202014,0.43230414,0.52189183,0.7353518,0
1.5564473,3.9947116,-2.1367168,0.0044694245,0.81424177,-0.58050883,0
-0.74000293,-1.0091341,3.1152239,-0.90171695,0.25424302,0.34966743,0
0.4260608,-2.1849213,4.6904545,-0.0044694245,-0.81424177,0.58050883,0
-0.34561443,3.8420739,0.60495567,-0.90171695,0.25424302,0.34966743,0
0.43103552,4.4825616,-1.4611063,0.0044694245,0.81424177,-0.58050883,0
2.2243102,-1.648129,3.2617953,0.43230414,0.52189183,0.7353518,0
-2.197973,1.5292017,-2.4901876,-0.90171695,0.25424302,0.34966743,0
-1.7908618,-0.01878047,-2.3335803,-0.43230414,-0.52189183,-0.7353518,0
-1.8287489,-0.42989349,-0.11358213,-0.90171695,0.25424302,0.34966743,0
-1.3533914,-4.3198919,1.6821711,-0.0044694245,-0.81424177,0.58050883,0
0.013427734,1.4151597,2.3874769,0.43230414,0.52189183,0.7353518,0
-0.051656842,2.6222434,-4.0741692,0.0044694245,0.81424177,-0.58050883,0
1.4332812,4.4092932,-1.556159,0.0044694245,0.81424177,-0.58050883,0
1.5812829,4.4273024,-1.5297587,0.0044694245,0.81424177,-0.58050883,0
-1.7083552,-4.7103715,0.94761777,-0.43230414,-0.52189183,-0.7353518,0
0.61403251,-4.3026156,0.42209482,0.90171695,-0.25424302,-0.34966743,0
-0.90816057,-1.3594737,2.9363134,-0.90171695,0.25424302,0.34966743,0
-2.3051157,2.3569169,-3.7173295,-0.43230414,-0.52189183,-0.7353518,0
0.44093367,3.0931649,-3.4098454,0.0044694245,0.81424177,-0.58050883,0
0.49914807,-3.3931441,2.9963224,-0.0044694245,-0.81424177,0.58050883,0
0.33225846,-3.0266981,-1.2322583,0.90171695,-0.25424302,-0.34966743,0
-1.2309704,-1.4395001,-1.654424,-0.43230414,-0.52189183,-0.7353518,0
0.88356423,-2.1766629,-0.42861938,0.90171695,-0.25424302,-0.34966743,0
0.39092374,-0.66584551,3.6424768,0.43230414,0.52189183,0.7353518,0
0.33987558,1.5245031,-4.5217905,0.90171695,-0.25424302,-0.34966743,0
-0.55526698,-1.598372,4.0200524,-0.90171695,0.25424302,0.34966743,0
-0.53853035,3.6007307,0.28294921,-0.90171695,0.25424302,0.34966743,0
-0.38829961,-3.0347235,3.4922228,-0.0044694245,-0.81424177,0.58050883,0
0.48066497,-4.156095,-0.028366327,0.90171695,-0.25424302,-0.34966743,0
-2.3983738,0.98036504,-2.6079202,-0.90171695,0.25424302,0.34966743,0
-0.41984487,4.2903156,-1.7373092,0.0044694245,0.81424177,-0.58050883,0
0.99970174,-3.0675688,3.4568396,-0.0044694245,-0.81424177,0.58050883,0
-1.0710278,2.8649817,-3.7415442,0.0044694245,0.81424177,-0.58050883,0
0.95324707,-2.9754739,3.5856576,-0.0044694245,-0.81424177,0.58050883,0
0.59709609,-3.3108037,3.1125705,-0.0044694245,-0.81424177,0.58050883,0
0.70477712,3.6008325,-2.6957424,0.0044694245,0.81424177,-0.58050883,0
0.96827251,3.3988154,-2.9770699,0.0044694245,0.81424177,-0.58050883,0
0.69266653,3.7134881,0.35699773,0.43230414,0.52189183,0.7353518,0
-1.7334208,1.9388566,-3.7567172,-0.43230414,-0.52189183,-0.7353518,0
-2.2454031,2.4212112,-3.2610788,-0.90171695,0.25424302,0.34966743,0
2.0522625,1.076897,0.2195396,0.90171695,-0.25424302,-0.34966743,0
1.1636542,-2.8032918,3.8287859,-0.0044694245,-0.81424177,0.58050883,0
1.3628352,1.3360443,1.6503268,0.43230414,0.52189183,0.7353518,0
-0.053895712,-4.4530005,1.5054736,-0.0044694245,-0.81424177,0.58050883,0
-1.7177366,-3.7874768,2.4261498,-0.0044694245,-0.81424177,0.58050883,0
-0.49419403,-4.1621833,1.9099941,-0.0044694245,-0.81424177,0.58050883,0
1.0840279,3.0110607,-3.520057,0.0044694245,0.81424177,-0.58050883,0
0.89273697,0.2805934,-2.1916342,0.90171695,-0.25424302,-0.34966743,0
2.3100386,0.15324545,1.5558751,0.90171695,-0.25424302,-0.34966743,0
-1.7059159,-1.1752114,-1.5627798,-0.43230414,-0.52189183,-0.7353518,0
-1.8502669,-1.5606358,0.65308976,-0.90171695,0.25424302,0.34966743,0
-1.371031,-3.5210958,-0.094740391,-0.43230414,-0.52189183,-0.7353518,0
-0.46762967,-0.86972213,-2.5075638,-0.43230414,-0.52189183,-0.7353518,0
-1.2705402,1.2058821,-3.5086343,-0.43230414,-0.52189183,-0.7353518,0
0.40307426,-4.5722561,1.3417199,-0.0044694245,-0.81424177,0.58050883,0
-0.64303756,-1.7842773,-1.7553682,-0.43230414,-0.52189183,-0.7353518,0
1.7967336,2.6429894,-1.5781188,0.90171695,-0.25424302,-0.34966743,0
-0.31345034,-4.2664413,-0.18749404,-0.43230414,-0.52189183,-0.7353518,0
-1.1947153,-4.4249687,0.4430995,-0.43230414,-0.52189183,-0.7353518,0
-0.74052095,3.3150415,-0.030216932,-0.90171695,0.25424302,0.34966743,0
2.3030417,-2.3301299,3.3434916,0.90171695,-0.25424302,-0.34966743,0
-0.022919416,4.3264766,-1.6835322,0.0044694245,0.81424177,-0.58050883,0
-0.52077889,4.8315768,-0.97889423,0.0044694245,0.81424177,-0.58050883,0
1.2340698,1.4599173,1.6381118,0.43230414,0.52189183,0.7353518,0
-1.5867188,2.1513066,-1.366227,-0.90171695,0.25424302,0.34966743,0
0.92060328,-3.6732295,0.75504851,0.90171695,-0.25424302,-0.34966743,0
-0.80701351,3.3589602,-0.23361921,-0.90171695,0.25424302,0.34966743,0
1.8604676,-2.3694749,3.9876447,0.43230414,0.52189183,0.7353518,0
0.9883064,-0.34732282,-1.4886242,0.90171695,-0.25424302,-0.34966743,0
2.1469026,-0.56798935,1.6595911,0.90171695,-0.25424302,-0.34966743,0
1.4611356,4.5588489,-1.3461726,0.0044694245,0.81424177,-0.58050883,0
-1.8438849,3.3969541,-3.0013323,0.0044694245,0.81424177,-0.58050883,0
1.9921205,2.6299264,-1.06476,0.90171695,-0.25424302,-0.34966743,0
1.5777135,4.5427108,-1.3679106,0.0044694245,0.81424177,-0.58050883,0
-0.56152081,2.3391809,1.140934,-0.90171695,0.25424302,0.34966743,0
-0.15968943,4.9205232,0.0014340878,0.43230414,0.52189183,0.7353518,0
-0.49826443,-3.4700229,2.8808105,-0.0044694245,-0.81424177,0.58050883,0
2.2621768,3.6011696,-1.0745338,0.90171695,-0.25424302,-0.34966743,0
1.247151,-0.74955237,3.1985197,0.43230414,0.52189183,0.7353518,0
2.3470559,-2.010776,3.447011,0.43230414,0.52189183,0.7353518,0
1.2801485,-2.4131277,4.3597889,0.43230414,0.52189183,0.7353518,0
-0.52695727,-0.40656391,3.2264941,-0.90171695,0.25424302,0.34966743,0
0.16831255,-4.9964137,0.047357082,-0.43230414,-0.52189183,-0.7353518,0
2.1043606,4.3511162,-0.92545462,0.43230414,0.52189183,0.7353518,0
0.41110754,3.826015,0.44266081,0.43230414,0.52189183,0.7353518,0
0.62503052,0.80019319,-3.2597921,0.90171695,-0.25424302,-0.34966743,0
0.95396686,3.9912951,-2.1461473,0.0044694245,0.81424177,-0.58050883,0
2.3479755,-1.1457059,2.8325155,0.43230414,0.52189183,0.7353518,0
1.1435612,0.4526931,-1.6699466,0.90171695,-0.25424302,-0.34966743,0
1.01123,0.4814865,-2.032136,0.90171695,-0.25424302,-0.34966743,0
1.3369927,-3.6612573,2.6267085,-0.0044694245,-0.81424177,0.58050883,0
-1.9478204,3.2241635,-3.2444942,0.0044694245,0.81424177,-0.58050883,0
0.37284195,-2.0771222,4.6547136,0.43230414,0.52189183,0.7353518,0
0.52866435,-3.9937754,-0.022609472,0.90171695,-0.25424302,-0.34966743,0
0.4258604,4.3714018,0.046916962,0.43230414,0.52189183,0.7353518,0
0.17197716,2.0378985,-4.8920698,0.0044694245,0.81424177,-0.58050883,0
-1.9629278,1.3499022,-1.7536886,-0.90171695,0.25424302,0.34966743,0
2.1465693,2.9241009,0.062508702,0.43230414,0.52189183,0.7353518,0
-2.1838796,-3.4736772,0.34946942,-0.43230414,-0.52189183,-0.7353518,0
-0.061105967,1.6334939,2.2763391,0.43230414,0.52189183,0.7353518,0
2.3142099,-1.8270707,3.335942,0.43230414,0.52189183,0.7353518,0
-2.104198,-1.8972503,0.24300775,-0.90171695,0.25424302,0.34966743,0
1.3956461,-3.4882047,1.8455491,0.90171695,-0.25424302,-0.34966743,0
-0.13603973,-0.61576122,3.9167264,0.43230414,0.52189183,0.7353518,0
-1.5647844,3.5213585,-2.8246896,0.0044694245,0.81424177,-0.58050883,0
-1.1772983,4.0217891,-2.1197851,0.0044694245,0.81424177,-0.58050883,0
1.1249789,-1.1966003,3.5876207,0.43230414,0.52189183,0.7353518,0
1.1453959,-3.1804032,3.2996962,-0.0044694245,-0.81424177,0.58050883,0
0.3029449,-4.5891657,1.3172319,-0.0044694245,-0.81424177,0.58050883,0
1.0741217,-3.6608515,1.141938,0.90171695,-0.25424302,-0.34966743,0
-0.26129436,-4.2215195,-0.25003815,-0.43230414,-0.52189183,-0.7353518,0
-2.2287226,-2.206171,0.14650273,-0.90171695,0.25424302,0.34966743,0
0.21088982,5.1748514,-0.49177241,0.0044694245,0.81424177,-0.58050883,0
-0.50859618,3.3153102,0.56767249,-0.90171695,0.25424302,0.34966743,0
-0.08709681,-1.4492801,4.4795156,0.43230414,0.52189183,0.7353518,0
-2.0458736,-0.40034699,-1.9128572,-0.43230414,-0.52189183,-0.7353518,0
-0.63203949,-1.9171836,4.0538802,-0.90171695,0.25424302,0.34966743,0
-0.75017661,-3.267972,3.1622741,-0.0044694245,-0.81424177,0.58050883,0
0.15027857,-4.8957462,-0.013485909,-0.43230414,-0.52189183,-0.7353518,0
0.57973242,4.0847621,-2.0179291,0.0044694245,0.81424177,-0.58050883,0
2.0537193,1.3994298,-0.011217624,0.90171695,-0.25424302,-0.34966743,0
0.051150799,0.041638091,-3.4593558,-0.43230414,-0.52189183,-0.7353518,0
-0.25139329,-3.0853324,3.4222915,-0.0044694245,-0.81424177,0.58050883,0
-1.7804731,0.58209562,-0.72490585,-0.90171695,0.25424302,0.34966743,0
-0.87949467,-4.6048574,1.2861178,-0.0044694245,-0.81424177,0.58050883,0
-0.017514467,0.74873352,2.8786414,0.43230414,0.52189183,0.7353518,0
1.6087176,-2.0849438,1.3747053,0.90171695,-0.25424302,-0.34966743,0
-1.3326728,2.4626975,-0.93750966,-0.90171695,0.25424302,0.34966743,0
-0.51302385,4.3134785,-1.7055368,0.0044694245,0.81424177,-0.58050883,0
-2.3783712,-0.93390965,-1.3387078,-0.43230414,-0.52189183,-0.7353518,0
1.3441015,-0.071100235,2.6600149,0.43230414,0.52189183,0.7353518,0
-0.3740747,0.89006245,2.677969,-0.90171695,0.25424302,0.34966743,0
-1.9060757,-4.2489552,0.73637986,-0.43230414,-0.52189183,-0.7353518,0
0.2940979,3.4604855,-2.8957601,0.0044694245,0.81424177,-0.58050883,0
0.81455147,-2.6572061,4.031003,-0.0044694245,-0.81424177,0.58050883,0
1.113076,-1.3689508,-0.42404568,0.90171695,-0.25424302,-0.34966743,0
-1.0516076,-4.7794046,0.61051822,-0.43230414,-0.52189183,-0.7353518,0
0.70825315,1.6420426,1.8179753,0.43230414,0.52189183,0.7353518,0
-1.124693,-1.6242929,2.5704727,-0.90171695,0.25424302,0.34966743,0
0.68223166,-1.031491,3.7307253,0.43230414,0.52189183,0.7353518,0
-2.1924951,-0.14926195,-1.2556521,-0.90171695,0.25424302,0.34966743,0
-0.67087996,2.9137249,-3.6700945,0.0044694245,0.81424177,-0.58050883,0
0.18484926,-2.9866343,-1.388739,-0.43230414,-0.52189183,-0.7353518,0
1.5055125,1.8430829,-1.7475036,0.90171695,-0.25424302,-0.34966743,0
0.0033583641,4.3130822,-1.702117,0.0044694245,0.81424177,-0.58050883,0
1.0294862,-3.9955018,1.2701581,0.90171695,-0.25424302,-0.34966743,0
1.3543684,1.5160795,1.5275304,0.43230414,0.52189183,0.7353518,0
0.62518382,-0.93395543,3.6950402,0.43230414,0.52189183,0.7353518,0
-0.3464072,-2.8948274,3.6887684,-0.0044694245,-0.81424177,0.58050883,0
-1.2949493,-1.7500354,-1.3964192,-0.43230414,-0.52189183,-0.7353518,0
-0.12564969,1.9478983,2.0911453,0.43230414,0.52189183,0.7353518,0
0.71830106,3.2245462,0.6889385,0.43230414,0.52189183,0.7353518,0
-0.83051372,3.0288842,-0.054223776,-0.90171695,0.25424302,0.34966743,0
2.2156379,-0.48488069,1.776417,0.90171695,-0.25424302,-0.34966743,0
-0.92442656,-4.7044091,0.48252439,-0.43230414,-0.52189183,-0.7353518,0
-0.99929428,-2.0501091,-1.3572639,-0.43230414,-0.52189183,-0.7353518,0
-0.46400189,3.6453443,0.44270277,-0.90171695,0.25424302,0.34966743,0
-0.16466135,3.2985303,-3.1264563,0.0044694245,0.81424177,-0.58050883,0
1.4283891,-1.178414,3.3963428,0.43230414,0.52189183,0.7353518,0
-0.59744191,-3.3411169,3.0608549,-0.0044694245,-0.81424177,0.58050883,0
0.34271097,4.8582873,-0.93478131,0.0044694245,0.81424177,-0.58050883,0
2.0272119,-0.75032449,1.4835107,0.90171695,-0.25424302,-0.34966743,0
-0.42656755,-4.6172533,0.12798333,-0.43230414,-0.52189183,-0.7353518,0
0.30822444,1.8230829,-4.820509,0.90171695,-0.25424302,-0.34966743,0
-1.2042987,-1.9199748,-1.3291031,-0.43230414,-0.52189183,-0.7353518,0
-1.7332153,1.6671414,-3.5639973,-0.43230414,-0.52189183,-0.7353518,0
-1.8588424,-4.7344007,1.0968754,-0.0044694245,-0.81424177,0.58050883,0
1.5715691,-3.1300297,3.3736324,-0.0044694245,-0.81424177,0.58050883,0
-1.8419461,-0.92683971,-1.6590829,-0.43230414,-0.52189183,-0.7353518,0
-1.2246697,-4.4053884,0.44681334,-0.43230414,-0.52189183,-0.7353518,0
-0.80825424,4.4691005,-1.0440021,-0.90171695,0.25424302,0.34966743,0
-1.38308,2.4294224,-1.0433042,-0.90171695,0.25424302,0.34966743,0
2.2759113,4.5271358,-1.3843809,0.0044694245,0.81424177,-0.58050883,0
-0.36314678,-4.837616,0.24709368,-0.43230414,-0.52189183,-0.7353518,0
0.18387938,2.2223291,1.7144089,0.43230414,0.52189183,0.7353518,0
0.41804981,3.4894824,-2.8541336,0.0044694245,0.81424177,-0.58050883,0
-1.167942,-2.4263067,-0.99112427,-0.43230414,-0.52189183,-0.7353518,0
-1.6256101,-2.5021563,1.9170094,-0.90171695,0.25424302,0.34966743,0
-0.76390433,-2.8262076,3.7818027,-0.0044694245,-0.81424177,0.58050883,0
-0.60024941,2.8254094,-3.7934248,0.0044694245,0.81424177,-0.58050883,0
-1.5188725,-1.8520629,1.7195804,-0.90171695,0.25424302,0.34966743,0
-1.6229374,1.520582,-1.0010281,-0.90171695,0.25424302,0.34966743,0
-1.4839325,0.034946322,-2.552151,-0.43230414,-0.52189183,-0.7353518,0
0.27235138,1.2129849,-4.420722,-0.43230414,-0.52189183,-0.7353518,0
-1.6982306,1.6231669,-1.2697822,-0.90171695,0.25424302,0.34966743,0
0.050593376,-3.7630296,-0.75879073,-0.43230414,-0.52189183,-0.7353518,0
-0.19496322,4.3649416,-1.6309044,0.0044694245,0.81424177,-0.58050883,0
0.15917587,-4.9839439,0.76239467,-0.0044694245,-0.81424177,0.58050883,0
1.7284143,2.3566215,-1.5460818,0.90171695,-0.25424302,-0.34966743,0
0.41737795,5.1534729,-0.50314498,0.43230414,0.52189183,0.7353518,0
1.0615666,-2.6516709,4.0406685,-0.0044694245,-0.81424177,0.58050883,0
-1.7873857,2.6838598,-4.0011077,0.0044694245,0.81424177,-0.58050883,0
-0.14246535,1.2816156,2.5739031,0.43230414,0.52189183,0.7353518,0
2.2239413,0.34688783,1.1930509,0.90171695,-0.25424302,-0.34966743,0
-2.1583645,1.1376987,-2.9383025,-0.43230414,-0.52189183,-0.7353518,0
1.1172795,4.0014262,-0.096981049,0.43230414,0.52189183,0.7353518,0
-0.33882332,3.5035586,-2.8402171,0.0044694245,0.81424177,-0.58050883,0
-0.93657494,2.1457705,0.3143791,-0.90171695,0.25424302,0.34966743,0
2.1322498,-0.1556046,2.2566464,0.43230414,0.52189183,0.7353518,0
1.030751,3.2488978,-3.1868687,0.0044694245,0.81424177,-0.58050883,0
0.8648684,-4.5964813,1.311296,-0.0044694245,-0.81424177,0.58050883,0
0.98164749,-4.1741705,1.2767017,0.90171695,-0.25424302,-0.34966743,0
0.48044574,2.1468673,-4.6118107,0.90171695,-0.25424302,-0.34966743,0
1.3789318,2.5323691,-2.5751076,0.90171695,-0.25424302,-0.34966743,0
-1.9271029,1.1252892,-3.0654516,-0.43230414,-0.52189183,-0.7353518,0
1.3598351,4.4377151,-1.5168586,0.0044694245,0.81424177,-0.58050883,0
-1.3962837,2.7971163,-3.8392391,0.0044694245,0.81424177,-0.58050883,0
0.013632774,-2.3584192,-1.7339381,-0.43230414,-0.52189183,-0.7353518,0
-0.64862043,2.8866677,-3.7078748,0.0044694245,0.81424177,-0.58050883,0
0.54927027,2.0481586,-4.362556,0.90171695,-0.25424302,-0.34966743,0
2.3197649,-0.84412837,2.6350656,0.43230414,0.52189183,0.7353518,0
-1.5992604,0.75156784,-0.38082039,-0.90171695,0.25424302,0.34966743,0
-1.1501997,0.029576659,-2.7445374,-0.43230414,-0.52189183,-0.7353518,0
0.018554211,-4.8905845,0.89226151,-0.0044694245,-0.81424177,0.58050883,0
1.9482076,-2.6003695,4.0999336,0.43230414,0.52189183,0.7353518,0
-2.0440841,-4.6614804,1.1977298,-0.0044694245,-0.81424177,0.58050883,0
-0.85263944,4.3738866,-1.0892317,-0.90171695,0.25424302,0.34966743,0
-2.4508259,-4.1513276,0.98806667,-0.90171695,0.25424302,0.34966743,0
-0.14887333,-0.1145857,3.5685782,0.43230414,0.52189183,0.7353518,0
0.7927804,-1.9376097,-0.8365472,0.90171695,-0.25424302,-0.34966743,0
-1.0756876,0.11427188,1.4327378,-0.90171695,0.25424302,0.34966743,0
-1.834591,2.6398475,-4.0632048,0.0044694245,0.81424177,-0.58050883,0
1.2103869,0.019659877,2.6742096,0.43230414,0.52189183,0.7353518,0
0.073353291,1.2383031,2.4777656,0.43230414,0.52189183,0.7353518,0
-2.0182517,0.48163271,-1.265038,-0.90171695,0.25424302,0.34966743,0
-1.7656932,0.88014436,-0.90350235,-0.90171695,0.25424302,0.34966743,0
0.4975965,0.43907675,2.7955828,0.43230414,0.52189183,0.7353518,0
1.0723408,-2.9101985,3.6781325,-0.0044694245,-0.81424177,0.58050883,0
-1.6956873,-1.4106328,0.94264996,-0.90171695,0.25424302,0.34966743,0
-0.45347548,-3.9697084,2.1802793,-0.0044694245,-0.81424177,0.58050883,0
1.0293812,-3.074522,0.60024285,0.90171695,-0.25424302,-0.34966743,0
0.7970686,-0.79523039,3.4955359,0.43230414,0.52189183,0.7353518,0
1.2591934,2.3739672,0.97462511,0.43230414,0.52189183,0.7353518,0
2.3290253,0.97382331,1.0081952,0.90171695,-0.25424302,-0.34966743,0
-1.0192432,2.3412693,-0.040951848,-0.90171695,0.25424302,0.34966743,0
-0.69544458,-4.9342909,0.51105952,-0.43230414,-0.52189183,-0.7353518,0
-0.017797947,3.330214,1.0466876,0.43230414,0.52189183,0.7353518,0
1.2611432,1.7211444,1.4367981,0.43230414,0.52189183,0.7353518,0
-2.1257303,2.7189922,-3.9544344,0.0044694245,0.81424177,-0.58050883,0
1.3694962,-2.8907127,3.707751,-0.0044694245,-0.81424177,0.58050883,0
0.4599483,-0.49870509,-2.7410755,0.90171695,-0.25424302,-0.34966743,0
0.46248245,-0.48524481,3.4722328,0.43230414,0.52189183,0.7353518,0
-1.1980746,-4.406662,1.5616603,-0.0044694245,-0.81424177,0.58050883,0
0.6414032,4.8974085,-0.8776083,0.0044694245,0.81424177,-0.58050883,0
-0.17366219,-3.2471428,-0.99308753,-0.43230414,-0.52189183,-0.7353518,0
-1.4074693,-4.8530178,0.93397427,-0.0044694245,-0.81424177,0.58050883,0
1.0981903,1.5214641,1.6743124,0.43230414,0.52189183,0.7353518,0
-0.62531805,1.9758046,-4.4343791,-0.43230414,-0.52189183,-0.7353518,0
-1.1772363,2.2666986,-4.3163662,-0.43230414,-0.52189183,-0.7353518,0
2.2906401,3.4948263,-0.42724288,0.43230414,0.52189183,0.7353518,0
2.1072888,4.1673183,-0.79673195,0.43230414,0.52189183,0.7353518,0
1.4126854,2.341687,0.90729874,0.43230414,0.52189183,0.7353518,0
2.0901027,2.8396645,-0.96458519,0.90171695,-0.25424302,-0.34966743,0
2.3214617,2.6644979,-0.24059713,0.90171695,-0.25424302,-0.34966743,0
0.8923645,4.4330521,-0.27108836,0.43230414,0.52189183,0.7353518,0
-0.044279099,4.7640734,0.044621229,0.43230414,0.52189183,0.7353518,0
0.89317417,-1.5029244,-0.89371282,0.90171695,-0.25424302,-0.34966743,0
-0.77092338,0.5210492,-3.3163152,-0.43230414,-0.52189183,-0.7353518,0
-0.45383406,-4.9792585,0.76424718,-0.0044694245,-0.81424177,0.58050883,0
-1.0858507,-0.30570209,1.7118924,-0.90171695,0.25424302,0.34966743,0
-0.044514298,-3.7406847,2.5046644,-0.0044694245,-0.81424177,0.58050883,0
2.3488531,3.499459,-0.77705991,0.90171695,-0.25424302,-0.34966743,0
-0.16964722,4.2533398,-1.7872462,0.0044694245,0.81424177,-0.58050883,0
-1.3947752,-4.7331147,1.1022522,-0.0044694245,-0.81424177,0.58050883,0
0.12948084,-3.6829863,-0.86197567,-0.43230414,-0.52189183,-0.7353518,0
0.59148294,2.922596,-3.647933,0.0044694245,0.81424177,-0.58050883,0
-0.46411109,-4.4674873,1.4819963,-0.0044694245,-0.81424177,0.58050883,0
-1.0509146,3.0966022,-0.67182779,-0.90171695,0.25424302,0.34966743,0
-2.0355394,2.6987472,-3.9821374,0.0044694245,0.81424177,-0.58050883,0
1.1136742,-0.65249133,-0.94344008,0.90171695,-0.25424302,-0.34966743,0
-1.0848136,-3.0300999,3.4933457,-0.0044694245,-0.81424177,0.58050883,0
-1.7327565,2.0388372,-3.8280659,-0.43230414,-0.52189183,-0.7353518,0
0.96243596,2.0496392,1.3792663,0.43230414,0.52189183,0.7353518,0
0.63018,-0.20208317,-2.5177588,0.90171695,-0.25424302,-0.34966743,0
1.4441171,1.1335104,-1.3898996,0.90171695,-0.25424302,-0.34966743,0
-2.0022855,-4.622107,1.0577726,-0.43230414,-0.52189183,-0.7353518,0
0.38212657,-3.5611382,-0.71506953,0.90171695,-0.25424302,-0.34966743,0
-0.90362477,3.5271327,-0.60503817,-0.90171695,0.25424302,0.34966743,0
0.51739395,1.3600557,-3.9444392,0.90171695,-0.25424302,-0.34966743,0
-0.67969763,-0.50134188,2.9015231,-0.90171695,0.25424302,0.34966743,0
-2.1102021,1.7073951,-3.3709402,-0.43230414,-0.52189183,-0.7353518,0
-0.41916406,3.6102393,-2.6912017,0.0044694245,0.81424177,-0.58050883,0
-0.56329811,-1.1157103,3.6483986,-0.90171695,0.25424302,0.34966743,0
-0.62916756,-5.0980568,0.59626675,-0.0044694245,-0.81424177,0.58050883,0
-0.73803949,3.7826469,-0.3638134,-0.90171695,0.25424302,0.34966743,0
1.9578134,1.7959692,-0.54686135,0.90171695,-0.25424302,-0.34966743,0
-2.2061777,0.88340688,-2.7297189,-0.43230414,-0.52189183,-0.7353518,0
-1.0742915,-1.6299194,-1.6113896,-0.43230414,-0.52189183,-0.7353518,0
0.70921111,4.7478762,-1.0868249,0.0044694245,0.81424177,-0.58050883,0
-2.0630975,-1.3633641,-0.039191052,-0.90171695,0.25424302,0.34966743,0
-0.1526053,-0.078020677,3.5448213,0.43230414,0.52189183,0.7353518,0
-0.89513361,2.4551497,0.19629776,-0.90171695,0.25424302,0.34966743,0
-0.42751849,3.44769,-2.9192634,0.0044694245,0.81424177,-0.58050883,0
-0.96814287,1.4394441,0.7465412,-0.90171695,0.25424302,0.34966743,0
0.58482331,-3.5013874,2.8451564,-0.0044694245,-0.81424177,0.58050883,0
-0.347857,-4.187283,-0.22344685,-0.43230414,-0.52189183,-0.7353518,0
-0.60015166,-1.9480479,4.1585531,-0.90171695,0.25424302,0.34966743,0
-1.6554927,-0.75968766,-1.8873272,-0.43230414,-0.52189183,-0.7353518,0
-0.038909912,-3.8912778,2.2934804,-0.0044694245,-0.81424177,0.58050883,0
0.32006288,-0.73398072,-2.9307408,0.90171695,-0.25424302,-0.34966743,0
2.1757965,1.1600039,0.47768024,0.90171695,-0.25424302,-0.34966743,0
0.84441113,3.7848551,-2.4365511,0.0044694245,0.81424177,-0.58050883,0
0.49291635,-2.3336349,4.4823785,-0.0044694245,-0.81424177,0.58050883,0
0.35387528,3.4742458,-2.875999,0.0044694245,0.81424177,-0.58050883,0
-0.54521716,1.8939407,-4.4233699,-0.43230414,-0.52189183,-0.7353518,0
0.28637838,-3.9977131,-0.64454865,0.90171695,-0.25424302,-0.34966743,0
-0.87027693,-4.7665725,0.49480891,-0.43230414,-0.52189183,-0.7353518,0
-1.1851714,2.4008069,-0.51213479,-0.90171695,0.25424302,0.34966743,0
-2.0437355,-2.8012669,1.0562372,-0.90171695,0.25424302,0.34966743,0
-1.6625637,-2.1952477,1.598561,-0.90171695,0.25424302,0.34966743,0
-0.46965027,-1.6326594,4.2657695,-0.90171695,0.25424302,0.34966743,0
0.45337391,2.8514168,1.1095021,0.43230414,0.52189183,0.7353518,0
-0.92637897,-4.1744585,1.8894486,-0.0044694245,-0.81424177,0.58050883,0
-1.6493664,-2.7784719,2.0566554,-0.90171695,0.25424302,0.34966743,0
-2.3083415,-1.3259557,-0.69882119,-0.90171695,0.25424302,0.34966743,0
-0.69666076,-4.7360058,1.1035719,-0.0044694245,-0.81424177,0.58050883,0
-0.50294101,1.1155509,-3.8957868,-0.43230414,-0.52189183,-0.7353518,0
-1.1670084,-1.8326433,-1.4130063,-0.43230414,-0.52189183,-0.7353518,0
1.5665355,1.9824917,1.0717793,0.43230414,0.52189183,0.7353518,0
-1.231138,2.2109041,-4.2450795,-0.43230414,-0.52189183,-0.7353518,0
-1.4969306,3.0430229,-1.7830496,-0.90171695,0.25424302,0.34966743,0
-0.55965281,2.2432404,1.2155088,-0.90171695,0.25424302,0.34966743,0
-0.83900642,4.1832638,-1.8906908,0.0044694245,0.81424177,-0.58050883,0
-2.4000504,-2.7222123,-0.056773484,-0.43230414,-0.52189183,-0.7353518,0
0.98704529,-3.1917496,3.2825618,-0.0044694245,-0.81424177,0.58050883,0
0.062885046,-3.8734288,2.3193002,-0.0044694245,-0.81424177,0.58050883,0
-0.96959996,-3.9450388,2.2109079,-0.0044694245,-0.81424177,0.58050883,0
-1.8961033,-2.1270227,0.94670695,-0.90171695,0.25424302,0.34966743,0
-2.2322097,-0.48365116,-1.7441903,-0.43230414,-0.52189183,-0.7353518,0
-0.76772022,-1.6041216,3.4763618,-0.90171695,0.25424302,0.34966743,0
-1.9596072,-0.64423978,-1.7904775,-0.43230414,-0.52189183,-0.7353518,0
-2.3036616,-1.5415686,-0.95136267,-0.43230414,-0.52189183,-0.7353518,0
-1.8112121,-4.7187099,1.014003,-0.43230414,-0.52189183,-0.7353518,0
-1.939384,3.2462127,-3.0717802,-0.90171695,0.25424302,0.34966743,0
0.038754702,4.5962939,-1.3046019,0.0044694245,0.81424177,-0.58050883,0
1.4983264,-3.1682198,3.3195024,-0.0044694245,-0.81424177,0.58050883,0
-0.61986899,-4.3977914,1.5785546,-0.0044694245,-0.81424177,0.58050883,0
-0.6902163,-3.4623883,2.8900409,-0.0044694245,-0.81424177,0.58050883,0
1.8638535,2.3869774,0.60991967,0.43230414,0.52189183,0.7353518,0
0.1737361,-3.6113708,2.6877246,-0.0044694245,-0.81424177,0.58050883,0
1.3196673,4.3495483,-1.6408339,0.0044694245,0.81424177,-0.58050883,0
-0.31344545,2.1801441,-4.6962886,0.0044694245,0.81424177,-0.58050883,0
0.24300766,5.1687427,-0.41147184,0.43230414,0.52189183,0.7353518,0
0.77744067,-3.8547308,2.3510282,-0.0044694245,-0.81424177,0.58050883,0
-0.99360228,-4.963058,0.70675921,-0.43230414,-0.52189183,-0.7353518,0
-0.28197026,4.4755535,-1.4764261,0.0044694245,0.81424177,-0.58050883,0
1.1470556,-4.1856475,1.7115982,0.90171695,-0.25424302,-0.34966743,0
0.22335434,1.6598992,2.0903678,0.43230414,0.52189183,0.7353518,0
-0.7122128,-3.5786591,2.7267861,-0.0044694245,-0.81424177,0.58050883,0
1.7370175,-1.6500322,1.3893389,0.90171695,-0.25424302,-0.34966743,0
0.31778431,-4.624352,-0.10793114,0.90171695,-0.25424302,-0.34966743,0
2.0394764,4.4845896,-1.4458784,0.0044694245,0.81424177,-0.58050883,0
-0.40235841,1.5540066,-4.2660975,-0.43230414,-0.52189183,-0.7353518,0
0.40522683,3.8316889,-2.3742414,0.0044694245,0.81424177,-0.58050883,0
-0.18608522,-2.3069921,4.5145206,-0.0044694245,-0.81424177,0.58050883,0
-0.36642194,2.3889933,1.6078333,-0.90171695,0.25424302,0.34966743,0
0.54656625,-4.8884397,0.89933515,-0.0044694245,-0.81424177,0.58050883,0
2.1921134,3.1322589,-0.91426754,0.90171695,-0.25424302,-0.34966743,0
-1.6939247,-1.4185402,0.95294487,-0.90171695,0.25424302,0.34966743,0
-1.3786507,-3.3235893,3.0794244,-0.0044694245,-0.81424177,0.58050883,0
0.43178844,-4.9830871,0.44689584,0.90171695,-0.25424302,-0.34966743,0
-0.14484787,4.9702954,-0.042615175,0.43230414,0.52189183,0.7353518,0
2.2369647,-1.1662889,2.9123855,0.43230414,0.52189183,0.7353518,0
-2.0519421,1.6739573,-2.2188568,-0.90171695,0.25424302,0.34966743,0
1.1229348,2.7652009,0.77706444,0.43230414,0.52189183,0.7353518,0
2.0260756,1.5582281,-0.19796616,0.90171695,-0.25424302,-0.34966743,0
-2.2092443,1.3916388,-3.0886168,-0.43230414,-0.52189183,-0.7353518,0
-2.3240166,0.70846558,-2.2184699,-0.90171695,0.25424302,0.34966743,0
1.7386509,-3.1790085,2.5052691,0.90171695,-0.25424302,-0.34966743,0
-1.0842948,-4.793932,1.0193379,-0.0044694245,-0.81424177,0.58050883,0
-1.5805988,-0.27295792,-2.2767971,-0.43230414,-0.52189183,-0.7353518,0
1.3379829,1.8279305,1.3158373,0.43230414,0.52189183,0.7353518,0
-1.9427414,0.75656319,-1.270216,-0.90171695,0.25424302,0.34966743,0
-0.14480591,4.001842,0.64468741,0.43230414,0.52189183,0.7353518,0
2.1073842,-0.39546418,2.4414971,0.43230414,0.52189183,0.7353518,0
0.3314293,2.4949822,-4.2497206,0.0044694245,0.81424177,-0.58050883,0
-0.67350596,-2.1585636,4.1224542,-0.90171695,0.25424302,0.34966743,0
1.1185614,-3.9603899,2.2054529,-0.0044694245,-0.81424177,0.58050883,0
-2.3444288,1.1652782,-2.6032567,-0.90171695,0.25424302,0.34966743,0
-2.0787532,1.3836923,-3.1596911,-0.43230414,-0.52189183,-0.7353518,0
0.37974167,-3.1228256,3.3745615,-0.0044694245,-0.81424177,0.58050883,0
-1.0432374,-3.2046447,3.2488432,-0.0044694245,-0.81424177,0.58050883,0
-1.6794219,-2.59864,1.8483942,-0.90171695,0.25424302,0.34966743,0
1.0457077,-3.6443534,1.0566692,0.90171695,-0.25424302,-0.34966743,0
0.021081924,-4.7411671,1.1018581,-0.0044694245,-0.81424177,0.58050883,0
-0.98289895,-0.014174581,1.7654133,-0.90171695,0.25424302,0.34966743,0
0.1705761,-0.58830959,3.7169876,0.43230414,0.52189183,0.7353518,0
0.079837292,-2.6781094,3.9960265,-0.0044694245,-0.81424177,0.58050883,0
-0.64975834,3.8660083,-2.3342273,0.0044694245,0.81424177,-0.58050883,0
0.80576587,-0.13396847,-2.1144862,0.90171695,-0.25424302,-0.34966743,0
-1.3080521,-0.81813174,1.5114703,-0.90171695,0.25424302,0.34966743,0
1.204217,2.2127411,-2.793258,0.90171695,-0.25424302,-0.34966743,0
-0.48579013,-0.49146777,3.3943892,-0.90171695,0.25424302,0.34966743,0
0.17591214,-0.91204149,-2.8558593,-0.43230414,-0.52189183,-0.7353518,0
-0.2859664,3.6401691,0.90558243,-0.90171695,0.25424302,0.34966743,0
-1.9002846,-0.68782675,-0.11051367,-0.90171695,0.25424302,0.34966743,0
-1.0948807,-0.93770492,2.1481345,-0.90171695,0.25424302,0.34966743,0
2.3151867,-2.044251,3.4895048,0.43230414,0.52189183,0.7353518,0
-1.1770797,-0.57899284,-2.2968223,-0.43230414,-0.52189183,-0.7353518,0
2.0333343,2.9147093,-1.1655444,0.90171695,-0.25424302,-0.34966743,0
1.2309051,-2.7029479,3.9700496,-0.0044694245,-0.81424177,0.58050883,0
-1.2928797,2.5496869,-0.8981421,-0.90171695,0.25424302,0.34966743,0
-1.4619088,2.655968,-4.0377235,0.0044694245,0.81424177,-0.58050883,0
-1.7114556,0.56736207,-2.7962575,-0.43230414,-0.52189183,-0.7353518,0
-1.3030925,2.0371988,-0.55184865,-0.90171695,0.25424302,0.34966743,0
1.4174728,3.0958922,-2.8854556,0.90171695,-0.25424302,-0.34966743,0
-0.46657562,2.1082826,1.5536624,-0.90171695,0.25424302,0.34966743,0
1.0799334,2.2436161,1.1725221,0.43230414,0.52189183,0.7353518,0
1.5988069,4.2200441,-1.8203317,0.0044694245,0.81424177,-0.58050883,0
-0.45967865,4.9924755,-0.75274158,0.0044694245,0.81424177,-0.58050883,0
-0.89361179,4.0986924,-2.0097337,0.0044694245,0.81424177,-0.58050883,0
1.493849,-0.9099369,0.22413695,0.90171695,-0.25424302,-0.34966743,0
-0.97484589,-1.6211276,-1.6760924,-0.43230414,-0.52189183,-0.7353518,0
-1.3356903,-3.4527731,-0.16400659,-0.43230414,-0.52189183,-0.7353518,0
1.5736978,2.7536547,0.52026123,0.43230414,0.52189183,0.7353518,0
1.4279418,4.3069396,-1.6997645,0.0044694245,0.81424177,-0.58050883,0
1.5192583,-3.2321849,3.2299433,-0.0044694245,-0.81424177,0.58050883,0
-0.28516626,2.7481551,1.556228,-0.90171695,0.25424302,0.34966743,0
-0.55286217,-1.7537017,-1.8300811,-0.43230414,-0.52189183,-0.7353518,0
-0.14058098,2.7843013,-3.8475459,0.0044694245,0.81424177,-0.58050883,0
-2.3119583,1.8662472,-3.3650703,-0.43230414,-0.52189183,-0.7353518,0
2.2345042,0.62631893,1.641588,0.43230414,0.52189183,0.7353518,0
2.390867,3.8724327,-0.93990493,0.90171695,-0.25424302,-0.34966743,0
0.15862274,3.8389454,-2.3659623,0.0044694245,0.81424177,-0.58050883,0
-0.008058548,4.9308443,-0.835711,0.0044694245,0.81424177,-0.58050883,0
-0.089941978,2.7057948,1.5322607,0.43230414,0.52189183,0.7353518,0
-0.39257479,0.92106771,2.6077175,-0.90171695,0.25424302,0.34966743,0
1.4499257,-0.94810975,0.13862371,0.90171695,-0.25424302,-0.34966743,0
-1.8182468,0.44632959,-2.647577,-0.43230414,-0.52189183,-0.7353518,0
-0.17003214,1.5420345,-4.3941822,-0.43230414,-0.52189183,-0.7353518,0
-0.97805983,-3.2748013,3.1509409,-0.0044694245,-0.81424177,0.58050883,0
-0.5962801,4.7589269,-1.0813768,0.0044694245,0.81424177,-0.58050883,0
-1.2722788,3.8327897,-2.3856134,0.0044694245,0.81424177,-0.58050883,0
0.14700437,3.7996666,-2.4211454,0.0044694245,0.81424177,-0.58050883,0
-0.56860566,0.5029965,2.457751,-0.90171695,0.25424302,0.34966743,0
2.1942749,-0.66366839,1.8513224,0.90171695,-0.25424302,-0.34966743,0
1.9956838,-0.66077805,2.695462,0.43230414,0.52189183,0.7353518,0
1.5161541,2.1029072,-1.9089795,0.90171695,-0.25424302,-0.34966743,0
1.6359942,0.61512423,-0.51817214,0.90171695,-0.25424302,-0.34966743,0
-0.11857009,0.32865065,-3.5632768,-0.43230414,-0.52189183,-0.7353518,0
1.6440465,4.8049097,-0.99963045,0.0044694245,0.81424177,-0.58050883,0
0.44208825,-1.578174,4.2598929,0.43230414,0.52189183,0.7353518,0
0.81775784,-2.5644491,4.1611319,-0.0044694245,-0.81424177,0.58050883,0
0.075071812,-5.2608294,0.37337828,-0.0044694245,-0.81424177,0.58050883,0
-0.96922106,-3.037699,3.4835768,-0.0044694245,-0.81424177,0.58050883,0
-1.8880043,2.7005587,-3.9784598,0.0044694245,0.81424177,-0.58050883,0
2.1784723,4.5986362,-1.1446929,0.43230414,0.52189183,0.7353518,0
-1.1676199,1.0471904,0.51734018,-0.90171695,0.25424302,0.34966743,0
1.2825313,-2.7208645,0.99591851,0.90171695,-0.25424302,-0.34966743,0
0.42209291,-2.680989,-1.2519596,0.90171695,-0.25424302,-0.34966743,0
-1.3431873,-2.4412601,-0.87748712,-0.43230414,-0.52189183,-0.7353518,0
2.415051,-2.2644839,3.5870986,0.43230414,0.52189183,0.7353518,0
-0.68953657,2.1076915,-4.4902287,-0.43230414,-0.52189183,-0.7353518,0
0.68419933,5.0294504,-0.57198548,0.43230414,0.52189183,0.7353518,0
-1.4760574,0.9873029,-0.23450899,-0.90171695,0.25424302,0.34966743,0
-0.1032958,4.0679884,-2.0467153,0.0044694245,0.81424177,-0.58050883,0
-1.4686984,2.8285785,-3.7956667,0.0044694245,0.81424177,-0.58050883,0
-2.0961814,-2.3160963,-0.52364194,-0.43230414,-0.52189183,-0.7353518,0
-0.93244588,0.83001339,-3.4406354,-0.43230414,-0.52189183,-0.7353518,0
-1.0863111,3.3896043,-0.97614956,-0.90171695,0.25424302,0.34966743,0
0.21045244,3.7474077,-2.4939568,0.0044694245,0.81424177,-0.58050883,0
-1.7999852,-1.3666563,-1.3716059,-0.43230414,-0.52189183,-0.7353518,0
-2.2671955,1.6536222,-2.7591629,-0.90171695,0.25424302,0.34966743,0
0.0030026436,1.4644792,2.358603,0.43230414,0.52189183,0.7353518,0
