-0.27277327,3.6371434,1.1372247,-0.31366599,0.71993691,-0.61911583,0
-0.27431893,-3.5591748,-2.395952,0.14084172,-0.60953319,-0.78014922,0
-0.87758756,2.3423173,-0.062039554,-0.31366599,0.71993691,-0.61911583,0
-0.45473671,3.7481019,2.116725,-0.14084172,0.60953319,0.78014922,0
1.0751891,-1.7550669,-3.5618787,0.14084172,-0.60953319,-0.78014922,0
2.3283377,-3.0063443,-1.4451232,0.31366599,-0.71993691,0.61911583,0
1.8488089,-2.2974908,-2.9984179,0.14084172,-0.60953319,-0.78014922,0
-0.55539346,-3.00456,-0.20887622,-0.93902987,-0.33190364,0.089792669,0
-0.9162727,-1.392356,1.9763789,-0.93902987,-0.33190364,0.089792669,0
-0.73319411,-3.1875591,-2.7446969,-0.93902987,-0.33190364,0.089792669,0
1.4786947,-2.4097965,-2.9774907,0.14084172,-0.60953319,-0.78014922,0
-1.0041809,3.7006114,2.0546374,-0.14084172,0.60953319,0.78014922,0
2.4710798,-3.0404005,-2.1015344,0.93902987,0.33190364,-0.089792669,0
-1.2964267,1.4141371,3.7883074,-0.14084172,0.60953319,0.78014922,0
1.5600537,0.11841983,0.047232985,0.93902987,0.33190364,-0.089792669,0
1.1482279,0.92496777,-1.2782705,0.93902987,0.33190364,-0.089792669,0
1.9119871,-1.7569288,-3.2042446,0.93902987,0.33190364,-0.089792669,0
0.94636184,2.5910323,3.2736902,-0.14084172,0.60953319,0.78014922,0
-0.31866217,4.0256066,1.6121972,-0.31366599,0.71993691,-0.61911583,0
-0.15902993,1.9648061,3.5634046,-0.14084172,0.60953319,0.78014922,0
1.0915594,-3.1230934,-0.95428932,0.31366599,-0.71993691,0.61911583,0
-1.0003086,-0.15306664,-2.9016144,-0.31366599,0.71993691,-0.61911583,0
1.2898982,-0.057227492,-3.4272399,0.93902987,0.33190364,-0.089792669,0
0.5925132,2.5375319,3.2516093,-0.14084172,0.60953319,0.78014922,0
-0.23354778,1.5110606,3.9044645,-0.14084172,0.60953319,0.78014922,0
-1.2807915,-0.32636368,2.104594,-0.93902987,-0.33190364,0.089792669,0
0.70746255,0.18753302,-3.3707664,-0.31366599,0.71993691,-0.61911583,0
-1.335753,-0.0060896873,2.7136583,-0.93902987,-0.33190364,0.089792669,0
-0.88817501,3.8183024,1.9836278,-0.14084172,0.60953319,0.78014922,0
1.9752803,-2.1739788,-0.29833841,0.31366599,-0.71993691,0.61911583,0
1.3590223,1.2875774,2.2664907,0.93902987,0.33190364,-0.089792669,0
-0.88695717,-2.4520271,-3.3715711,0.14084172,-0.60953319,-0.78014922,0
1.8318753,-1.3142864,-2.4058812,0.93902987,0.33190364,-0.089792669,0
0.89557123,-0.15291151,2.5988724,0.31366599,-0.71993691,0.61911583,0
0.73692888,2.1311355,-1.1211383,0.93902987,0.33190364,-0.089792669,0
1.6760381,-1.9968808,0.059206069,0.31366599,-0.71993691,0.61911583,0
-0.96540636,-1.4124463,-4.1979613,0.14084172,-0.60953319,-0.78014922,0
-2.2349486,2.506381,2.5970178,-0.93902987,-0.33190364,0.089792669,0
-1.8677444,1.9527321,3.2643607,-0.14084172,0.60953319,0.78014922,0
2.0094275,-2.6202788,-2.7172258,0.14084172,-0.60953319,-0.78014922,0
0.93817466,-2.2087307,-3.2321649,0.14084172,-0.60953319,-0.78014922,0
0.70270997,3.253742,2.6705346,0.93902987,0.33190364,-0.089792669,0
0.59636116,-2.4856286,-3.0775318,0.14084172,-0.60953319,-0.78014922,0
-1.072626,1.2894521,3.9261274,-0.14084172,0.60953319,0.78014922,0
-0.51476657,-3.2590239,-0.72459334,-0.93902987,-0.33190364,0.089792669,0
-1.0300562,3.8926506,1.8180069,-0.31366599,0.71993691,-0.61911583,0
-0.31425846,-3.999599,-2.0590577,0.14084172,-0.60953319,-0.78014922,0
-0.75752848,0.319792,-2.4747534,-0.31366599,0.71993691,-0.61911583,0
-1.5552094,0.53428864,2.4160552,-0.93902987,-0.33190364,0.089792669,0
0.68217826,-1.3555566,1.3084927,0.31366599,-0.71993691,0.61911583,0
1.0692332,2.3831277,3.2854648,0.93902987,0.33190364,-0.089792669,0
1.6821315,-0.4370417,-0.72927552,0.93902987,0.33190364,-0.089792669,0
-1.7356226,1.1317554,2.7377713,-0.93902987,-0.33190364,0.089792669,0
-0.25236416,2.4968159,-0.19914186,-0.31366599,0.71993691,-0.61911583,0
0.93213618,-2.4688849,-3.0299959,0.14084172,-0.60953319,-0.78014922,0
2.2289844,-2.6505175,-0.98101544,0.31366599,-0.71993691,0.61911583,0
-1.6803967,1.5671582,3.5994329,-0.14084172,0.60953319,0.78014922,0
-0.7862317,2.293072,3.1936994,-0.14084172,0.60953319,0.78014922,0
1.7451415,-1.2644203,-3.1286011,0.93902987,0.33190364,-0.089792669,0
1.021229,1.5980654,-0.11840056,0.93902987,0.33190364,-0.089792669,0
1.1675173,0.49152982,-2.678678,0.93902987,0.33190364,-0.089792669,0
1.0717145,2.08022,2.1917684,0.93902987,0.33190364,-0.089792669,0
-0.23399356,-1.0757278,-4.3289976,0.14084172,-0.60953319,-0.78014922,0
1.0886858,0.15031338,-3.6071882,-0.31366599,0.71993691,-0.61911583,0
0.71243709,2.528409,0.091187835,0.93902987,0.33190364,-0.089792669,0
0.85230047,-2.1849313,-3.2662623,0.14084172,-0.60953319,-0.78014922,0
1.6970834,-2.2955081,-0.29871416,0.31366599,-0.71993691,0.61911583,0
-2.1842782,1.9377097,1.0249188,-0.93902987,-0.33190364,0.089792669,0
-1.1430879,1.2782185,3.922184,-0.14084172,0.60953319,0.78014922,0
-0.038313627,-1.9897659,0.93603098,0.31366599,-0.71993691,0.61911583,0
-0.85271358,3.3173943,2.3813908,-0.14084172,0.60953319,0.78014922,0
-1.1302397,-0.96527499,-3.780261,-0.31366599,0.71993691,-0.61911583,0
-0.98067838,-2.4350531,-2.5513141,-0.93902987,-0.33190364,0.089792669,0
1.5987113,-3.4790373,-1.6251386,0.31366599,-0.71993691,0.61911583,0
-0.33888185,-2.8802772,-2.9380326,0.14084172,-0.60953319,-0.78014922,0
-2.1140857,1.5354241,-0.37387896,-0.31366599,0.71993691,-0.61911583,0
-1.0936263,-1.4406872,-0.056990478,-0.93902987,-0.33190364,0.089792669,0
-1.098431,1.4976492,-0.93237233,-0.31366599,0.71993691,-0.61911583,0
-1.2835838,-1.1742287,-1.0585985,-0.93902987,-0.33190364,0.089792669,0
-0.39113724,1.8912687,-0.83299315,-0.31366599,0.71993691,-0.61911583,0
-1.305885,2.6473436,0.50964987,-0.31366599,0.71993691,-0.61911583,0
-1.4417086,3.4041085,1.4584646,-0.31366599,0.71993691,-0.61911583,0
0.0370996,-2.2104728,0.64117539,0.31366599,-0.71993691,0.61911583,0
1.2704768,-3.5459616,-1.5366664,0.31366599,-0.71993691,0.61911583,0
1.4516459,-3.7703905,-1.9193368,0.14084172,-0.60953319,-0.78014922,0
-0.54804128,-1.2538974,2.0499797,0.31366599,-0.71993691,0.61911583,0
0.70426643,0.74351931,-2.7226207,-0.31366599,0.71993691,-0.61911583,0
-1.043835,-1.0406122,1.942525,-0.93902987,-0.33190364,0.089792669,0
-1.4910426,1.3988993,3.765079,-0.14084172,0.60953319,0.78014922,0
1.3266199,-2.7938747,-2.7048633,0.14084172,-0.60953319,-0.78014922,0
1.4104197,-0.5233109,-3.8896532,0.93902987,0.33190364,-0.089792669,0
-1.8357555,0.68400836,-1.5049572,-0.31366599,0.71993691,-0.61911583,0
-0.80103058,-0.96609998,2.5128174,0.31366599,-0.71993691,0.61911583,0
1.2924209,0.16184986,-2.5910752,0.93902987,0.33190364,-0.089792669,0
-1.3283708,-1.2950122,-1.9734281,-0.93902987,-0.33190364,0.089792669,0
0.34516215,-2.9770999,-2.7388933,0.14084172,-0.60953319,-0.78014922,0
-1.030429,-1.9500774,-1.278964,-0.93902987,-0.33190364,0.089792669,0
-0.50158727,-3.3789334,-1.0299938,-0.93902987,-0.33190364,0.089792669,0
-1.4570713,0.44941247,3.128629,-0.93902987,-0.33190364,0.089792669,0
0.21225628,1.0549991,4.3412685,-0.14084172,0.60953319,0.78014922,0
1.2348824,-0.40246174,2.1367767,0.31366599,-0.71993691,0.61911583,0
-0.074206591,-0.62195706,2.5447679,0.31366599,-0.71993691,0.61911583,0
-1.3198214,-0.084861994,2.5890982,-0.93902987,-0.33190364,0.089792669,0
-1.6705564,1.1121681,3.3458185,-0.93902987,-0.33190364,0.089792669,0
1.2270998,-2.4732037,-0.26723647,0.31366599,-0.71993691,0.61911583,0
0.12608683,3.8617496,2.1327887,-0.14084172,0.60953319,0.78014922,0
-0.90272212,3.0312159,2.5959547,-0.14084172,0.60953319,0.78014922,0
1.3340753,-1.7992917,0.46222246,0.31366599,-0.71993691,0.61911583,0
-0.039404035,-3.4901111,-2.4075022,0.14084172,-0.60953319,-0.78014922,0
0.11141205,-3.8459828,-2.1022313,0.14084172,-0.60953319,-0.78014922,0
-1.6828419,1.1630769,3.4055161,-0.93902987,-0.33190364,0.089792669,0
-1.1118293,2.071403,3.3081095,-0.14084172,0.60953319,0.78014922,0
2.3118057,-2.5036368,-1.783121,0.93902987,0.33190364,-0.089792669,0
0.66249597,1.7237846,3.9000268,-0.14084172,0.60953319,0.78014922,0
-1.8330791,0.24711826,-1.5513148,-0.93902987,-0.33190364,0.089792669,0
-1.4210027,-0.36675,0.489016,-0.93902987,-0.33190364,0.089792669,0
0.84768814,2.5413637,1.5534948,0.93902987,0.33190364,-0.089792669,0
1.2608404,0.91675675,-0.1309469,0.93902987,0.33190364,-0.089792669,0
1.8095548,-0.90961027,-1.1434855,0.93902987,0.33190364,-0.089792669,0
-1.2512321,1.5016288,3.7281089,-0.14084172,0.60953319,0.78014922,0
0.81726873,2.6535525,1.6500638,0.93902987,0.33190364,-0.089792669,0
-0.67856097,1.9617618,3.4719913,-0.14084172,0.60953319,0.78014922,0
1.8363082,-1.0413109,-1.3505148,0.93902987,0.33190364,-0.089792669,0
-0.70480031,-2.4973264,-3.3032935,0.14084172,-0.60953319,-0.78014922,0
-1.4317861,-0.56586158,-3.1630301,-0.31366599,0.71993691,-0.61911583,0
0.61266387,2.7915664,0.020499527,0.93902987,0.33190364,-0.089792669,0
-0.17208433,-4.0822778,-1.9687933,0.14084172,-0.60953319,-0.78014922,0
1.143786,1.0300186,-0.93642032,0.93902987,0.33190364,-0.089792669,0
2.4540224,-2.9269688,-1.4164987,0.31366599,-0.71993691,0.61911583,0
0.12183702,3.3096888,0.55652153,-0.31366599,0.71993691,-0.61911583,0
-0.43163705,-3.550384,-0.93220818,-0.93902987,-0.33190364,0.089792669,0
0.82557857,1.3191004,4.2456493,-0.14084172,0.60953319,0.78014922,0
-1.1053625,0.7416752,-1.8079426,-0.31366599,0.71993691,-0.61911583,0
1.3292205,1.3271019,2.1009278,0.93902987,0.33190364,-0.089792669,0
2.0629072,-3.1452727,-2.2973914,0.14084172,-0.60953319,-0.78014922,0
-1.2253349,3.4188848,1.3660245,-0.31366599,0.71993691,-0.61911583,0
-1.6818693,0.88935763,2.4039299,-0.93902987,-0.33190364,0.089792669,0
-1.6691371,1.92558,3.3214293,-0.14084172,0.60953319,0.78014922,0
1.2919838,-0.20134389,-3.9381299,0.93902987,0.33190364,-0.089792669,0
-0.2877748,4.0152698,1.5845283,-0.31366599,0.71993691,-0.61911583,0
-0.40818286,3.7663696,1.3560984,-0.31366599,0.71993691,-0.61911583,0
0.27328622,0.60205257,3.7920518,0.31366599,-0.71993691,0.61911583,0
0.0093327761,-3.3972526,-2.4712543,0.14084172,-0.60953319,-0.78014922,0
-2.2545748,2.3407793,1.7796519,-0.93902987,-0.33190364,0.089792669,0
1.591502,-2.8290763,-2.6295407,0.14084172,-0.60953319,-0.78014922,0
0.80532682,-2.8660336,-0.51035231,0.31366599,-0.71993691,0.61911583,0
0.10043585,3.2678905,0.51875889,-0.31366599,0.71993691,-0.61911583,0
1.4170071,0.099257112,-1.5195444,0.93902987,0.33190364,-0.089792669,0
-1.0197347,0.57563567,-2.0444031,-0.31366599,0.71993691,-0.61911583,0
-1.6848403,2.5436497,2.8356948,-0.14084172,0.60953319,0.78014922,0
0.23205066,3.7277131,2.2566419,-0.14084172,0.60953319,0.78014922,0
-1.0754445,3.2863123,2.3654652,-0.14084172,0.60953319,0.78014922,0
-0.86955327,0.79676831,4.347724,-0.14084172,0.60953319,0.78014922,0
-0.28369516,-1.5147226,-3.994982,0.14084172,-0.60953319,-0.78014922,0
-1.1113896,-1.6520468,-4.0371151,0.14084172,-0.60953319,-0.78014922,0
0.46834266,2.0405159,-1.0948846,-0.31366599,0.71993691,-0.61911583,0
1.1147351,-1.7006084,0.68810159,0.31366599,-0.71993691,0.61911583,0
0.73004591,2.6871676,0.86216176,0.93902987,0.33190364,-0.089792669,0
2.1271403,-3.1163394,-1.4710975,0.31366599,-0.71993691,0.61911583,0
1.6134027,-0.13122606,-0.31763059,0.93902987,0.33190364,-0.089792669,0
-1.3272991,1.8632281,-0.39130709,-0.31366599,0.71993691,-0.61911583,0
-1.226492,-0.18863964,3.1815181,-0.93902987,-0.33190364,0.089792669,0
1.3097818,-2.0708852,-3.2727773,0.14084172,-0.60953319,-0.78014922,0
0.57998455,3.340528,1.7078936,0.93902987,0.33190364,-0.089792669,0
1.0257256,1.3181098,4.2435045,0.31366599,-0.71993691,0.61911583,0
0.23472488,3.6007364,2.3563318,-0.14084172,0.60953319,0.78014922,0
1.1167358,-3.3986504,-2.2702408,0.14084172,-0.60953319,-0.78014922,0
0.96056688,-1.495326,-3.7855082,0.14084172,-0.60953319,-0.78014922,0
-2.1536624,1.4996167,-0.39546663,-0.31366599,0.71993691,-0.61911583,0
-0.72854745,-1.6025593,-4.0066652,0.14084172,-0.60953319,-0.78014922,0
1.2487171,0.90357006,-0.30647233,0.93902987,0.33190364,-0.089792669,0
0.91801345,-1.6157271,0.88647181,0.31366599,-0.71993691,0.61911583,0
-1.8499258,3.2022524,1.430554,-0.31366599,0.71993691,-0.61911583,0
-0.16499329,-3.6997504,-0.98823911,0.31366599,-0.71993691,0.61911583,0
-1.8042755,3.4740057,1.7234339,-0.31366599,0.71993691,-0.61911583,0
-0.99778807,-2.1286836,-1.5978007,-0.93902987,-0.33190364,0.089792669,0
-1.0396554,-2.3809457,-2.9680848,-0.93902987,-0.33190364,0.089792669,0
-1.0198896,-1.8342127,-0.74047065,-0.93902987,-0.33190364,0.089792669,0
0.036336422,0.67029959,-2.4693668,-0.31366599,0.71993691,-0.61911583,0
1.4631021,-1.5623145,0.67242104,0.31366599,-0.71993691,0.61911583,0
0.81132537,2.5754366,1.2991667,0.93902987,0.33190364,-0.089792669,0
-1.329915,-0.92865312,-0.63539022,-0.93902987,-0.33190364,0.089792669,0
-0.28513968,2.7181482,2.952049,-0.14084172,0.60953319,0.78014922,0
0.73331702,-1.3976256,-3.9028673,0.14084172,-0.60953319,-0.78014922,0
1.1670858,1.1757616,4.0063572,0.31366599,-0.71993691,0.61911583,0
1.4419483,0.46083277,0.077787369,0.93902987,0.33190364,-0.089792669,0
0.088231564,3.963918,2.0461304,-0.14084172,0.60953319,0.78014922,0
0.32564026,-1.5905612,-3.8257248,0.14084172,-0.60953319,-0.78014922,0
-1.9385977,3.3554401,2.1556289,-0.14084172,0.60953319,0.78014922,0
0.80820745,2.7589474,3.1175563,-0.14084172,0.60953319,0.78014922,0
0.14597225,-2.8438914,-0.15055227,0.31366599,-0.71993691,0.61911583,0
1.0719095,1.7985708,1.1527377,0.93902987,0.33190364,-0.089792669,0
1.2582138,0.10068595,-3.1748843,0.93902987,0.33190364,-0.089792669,0
-1.079139,-1.5267148,-0.22347254,-0.93902987,-0.33190364,0.089792669,0
-0.78480679,0.099122405,-2.7175381,-0.31366599,0.71993691,-0.61911583,0
-1.1112273,-0.47978401,3.2354851,0.31366599,-0.71993691,0.61911583,0
1.1737089,0.90894926,3.6927395,0.31366599,-0.71993691,0.61911583,0
2.1535239,-2.0631292,-1.810133,0.93902987,0.33190364,-0.089792669,0
-0.80339742,0.79589832,4.3603473,-0.14084172,0.60953319,0.78014922,0
-0.95209813,2.6722755,0.35940081,-0.31366599,0.71993691,-0.61911583,0
-0.13466251,0.88047522,4.3224955,0.31366599,-0.71993691,0.61911583,0
-1.1709033,3.3083205,2.3310366,-0.14084172,0.60953319,0.78014922,0
1.1512408,1.1316609,-0.48275518,0.93902987,0.33190364,-0.089792669,0
-0.20782864,-3.4521766,-0.67864656,0.31366599,-0.71993691,0.61911583,0
1.4180298,0.52441549,0.062676132,0.93902987,0.33190364,-0.089792669,0
1.8389113,-0.88844204,1.2656333,0.31366599,-0.71993691,0.61911583,0
0.54833513,1.2265551,-2.0819232,-0.31366599,0.71993691,-0.61911583,0
-0.74688238,-2.8391347,-1.5999529,-0.93902987,-0.33190364,0.089792669,0
-1.0633109,-1.6186759,-4.0545082,0.14084172,-0.60953319,-0.78014922,0
1.0303338,-2.7912359,-2.7604141,0.14084172,-0.60953319,-0.78014922,0
1.5659,-0.95753622,-3.8687196,0.93902987,0.33190364,-0.089792669,0
-1.6850986,-0.53884697,-3.0032792,-0.31366599,0.71993691,-0.61911583,0
-0.49188441,2.3308458,3.2173254,-0.14084172,0.60953319,0.78014922,0
0.48130494,-1.6458406,-3.7544322,0.14084172,-0.60953319,-0.78014922,0
0.63781786,-3.506671,-1.1704499,0.31366599,-0.71993691,0.61911583,0
-0.65091056,-3.2745268,-2.2056575,-0.93902987,-0.33190364,0.089792669,0
1.3729402,1.5334749,3.3209605,0.93902987,0.33190364,-0.089792669,0
1.4109023,-3.47822,-2.1549661,0.14084172,-0.60953319,-0.78014922,0
0.61587644,-1.0535197,-4.1929202,0.14084172,-0.60953319,-0.78014922,0
-1.272197,-1.1368376,-0.80130839,-0.93902987,-0.33190364,0.089792669,0
-0.25055361,2.1228905,3.4233696,-0.14084172,0.60953319,0.78014922,0
1.3138535,-0.89763945,1.5209513,0.31366599,-0.71993691,0.61911583,0
0.61536574,-3.5713956,-1.2343396,0.31366599,-0.71993691,0.61911583,0
-0.67939258,0.6278969,-2.1560607,-0.31366599,0.71993691,-0.61911583,0
-1.400457,-0.066949368,1.8120415,-0.93902987,-0.33190364,0.089792669,0
0.21876466,-2.4441328,-3.1781211,0.14084172,-0.60953319,-0.78014922,0
-0.95902407,1.3978033,3.8619812,-0.14084172,0.60953319,0.78014922,0
-1.6251736,2.2038887,3.111923,-0.14084172,0.60953319,0.78014922,0
-1.5911973,2.7895098,2.6605091,-0.14084172,0.60953319,0.78014922,0
-0.31591332,3.4501612,2.3745692,-0.14084172,0.60953319,0.78014922,0
0.27127987,0.91294241,-2.3062408,-0.31366599,0.71993691,-0.61911583,0
-0.78373206,-2.2838757,-3.4843128,0.14084172,-0.60953319,-0.78014922,0
0.92502534,1.471927,-1.5907259,0.93902987,0.33190364,-0.089792669,0
0.77487379,2.7814982,1.6796367,0.93902987,0.33190364,-0.089792669,0
-1.6362817,1.3194382,-0.86711013,-0.31366599,0.71993691,-0.61911583,0
1.4674556,-0.75968695,-4.1669106,0.93902987,0.33190364,-0.089792669,0
-0.27287579,3.8673434,2.0563927,-0.14084172,0.60953319,0.78014922,0
-1.913291,3.5849738,1.9808619,-0.14084172,0.60953319,0.78014922,0
0.6834079,-2.5390487,-3.0200799,0.14084172,-0.60953319,-0.78014922,0
-1.3376856,-0.098980427,2.3500919,-0.93902987,-0.33190364,0.089792669,0
0.39790493,-2.0573835,-3.4479489,0.14084172,-0.60953319,-0.78014922,0
-0.94057441,2.9665589,0.69576931,-0.31366599,0.71993691,-0.61911583,0
1.2531769,-1.246896,-3.9267817,0.14084172,-0.60953319,-0.78014922,0
-1.650666,-0.54664838,-3.0297956,-0.31366599,0.71993691,-0.61911583,0
-0.27884686,-1.6115724,-3.9184377,0.14084172,-0.60953319,-0.78014922,0
-0.17301583,-1.0571756,-4.3324838,0.14084172,-0.60953319,-0.78014922,0
-1.7969595,0.52965152,-0.12924814,-0.93902987,-0.33190364,0.089792669,0
1.6052108,0.20839787,0.85206294,0.93902987,0.33190364,-0.089792669,0
1.6412989,-0.92072266,-2.9441409,0.93902987,0.33190364,-0.089792669,0
-2.2398291,2.3044562,1.7995999,-0.93902987,-0.33190364,0.089792669,0
0.19535482,-3.3966525,-2.4381402,0.14084172,-0.60953319,-0.78014922,0
0.38953686,2.2753725,3.4197917,-0.14084172,0.60953319,0.78014922,0
2.1308875,-2.4080253,-2.8611326,0.14084172,-0.60953319,-0.78014922,0
0.35078979,4.0701427,2.0079315,0.93902987,0.33190364,-0.089792669,0
0.77183056,-3.1745098,-0.85209262,0.31366599,-0.71993691,0.61911583,0
0.35624886,-3.2890644,-0.77475369,0.31366599,-0.71993691,0.61911583,0
-0.14352559,-1.477262,-3.998945,0.14084172,-0.60953319,-0.78014922,0
2.1767673,-2.109134,-1.7371049,0.93902987,0.33190364,-0.089792669,0
-0.43917155,1.9315287,3.5388298,-0.14084172,0.60953319,0.78014922,0
-2.1224718,1.5036317,0.066780925,-0.93902987,-0.33190364,0.089792669,0
-1.2950516,0.71720386,-1.7402958,-0.31366599,0.71993691,-0.61911583,0
0.93830884,-0.33776319,-4.0985603,-0.31366599,0.71993691,-0.61911583,0
-0.059770525,-0.54491311,2.6270444,0.31366599,-0.71993691,0.61911583,0
1.2691628,1.5539428,2.311336,0.93902987,0.33190364,-0.089792669,0
-1.1631478,-0.13493721,-2.7980328,-0.31366599,0.71993691,-0.61911583,0
-0.55487418,-1.8147396,1.4012676,0.31366599,-0.71993691,0.61911583,0
0.24280226,-0.81717002,2.1571572,0.31366599,-0.71993691,0.61911583,0
-1.0024576,2.8883066,2.6896048,-0.14084172,0.60953319,0.78014922,0
-1.3577629,1.2090578,3.9374635,-0.14084172,0.60953319,0.78014922,0
-1.1973987,-1.7515451,-2.2912495,-0.93902987,-0.33190364,0.089792669,0
1.7048137,-1.6378601,0.46211356,0.31366599,-0.71993691,0.61911583,0
-1.0622524,-1.8210945,-1.1350017,-0.93902987,-0.33190364,0.089792669,0
-2.0734506,1.2839317,-0.23265409,-0.93902987,-0.33190364,0.089792669,0
1.0283185,-2.4098811,-0.092892408,0.31366599,-0.71993691,0.61911583,0
0.84511369,1.7772447,-1.2978655,0.93902987,0.33190364,-0.089792669,0
1.5650899,0.31619751,0.83095419,0.93902987,0.33190364,-0.089792669,0
-1.1583323,3.8820519,1.8706716,-0.31366599,0.71993691,-0.61911583,0
1.506758,-2.0972621,0.028241217,0.31366599,-0.71993691,0.61911583,0
1.3530517,-0.28674006,-3.6151495,0.93902987,0.33190364,-0.089792669,0
1.8681819,-1.1674118,0.92640477,0.31366599,-0.71993691,0.61911583,0
1.5205488,-0.20100451,-1.5465987,0.93902987,0.33190364,-0.089792669,0
-1.5806873,3.0855396,1.1584294,-0.31366599,0.71993691,-0.61911583,0
-0.53496855,0.50278914,4.0861139,0.31366599,-0.71993691,0.61911583,0
0.59486413,1.8942125,-1.3291132,-0.31366599,0.71993691,-0.61911583,0
-1.5566063,-0.044085979,0.26358294,-0.93902987,-0.33190364,0.089792669,0
-1.5530059,-0.7521441,-2.3159838,-0.93902987,-0.33190364,0.089792669,0
1.146203,-1.872345,-3.4574285,0.14084172,-0.60953319,-0.78014922,0
-1.2622302,1.1831143,-1.2151418,-0.31366599,0.71993691,-0.61911583,0
-0.51164377,1.9661648,-0.68484747,-0.31366599,0.71993691,-0.61911583,0
1.98145,-0.77151561,1.1645963,0.93902987,0.33190364,-0.089792669,0
-1.0190682,3.6007626,1.4730186,-0.31366599,0.71993691,-0.61911583,0
-0.3816371,0.19679618,-2.8082185,-0.31366599,0.71993691,-0.61911583,0
1.6524112,-0.030423045,0.46291256,0.93902987,0.33190364,-0.089792669,0
-0.6577301,2.2762585,3.2300344,-0.14084172,0.60953319,0.78014922,0
-0.6005528,3.4322777,1.0650618,-0.31366599,0.71993691,-0.61911583,0
0.52194047,-3.9504795,-1.6278234,0.31366599,-0.71993691,0.61911583,0
-0.82125187,2.4540868,3.0615757,-0.14084172,0.60953319,0.78014922,0
-0.39881563,2.5490897,-0.064157784,-0.31366599,0.71993691,-0.61911583,0
1.2465084,0.34957922,-2.3773053,0.93902987,0.33190364,-0.089792669,0
0.19845724,-3.4857333,-2.3679812,0.14084172,-0.60953319,-0.78014922,0
1.5348289,0.8553232,2.5072777,0.93902987,0.33190364,-0.089792669,0
-0.41398436,-1.9183424,-3.7031541,0.14084172,-0.60953319,-0.78014922,0
0.87338376,2.8156528,2.8360777,0.93902987,0.33190364,-0.089792669,0
1.1968406,-1.162639,1.2720801,0.31366599,-0.71993691,0.61911583,0
-0.4873808,-0.22873425,-3.2494717,-0.31366599,0.71993691,-0.61911583,0
0.64717686,-3.0087695,-2.659626,0.14084172,-0.60953319,-0.78014922,0
0.54469359,3.4357591,1.6908362,0.93902987,0.33190364,-0.089792669,0
1.2556584,1.0232272,0.20841058,0.93902987,0.33190364,-0.089792669,0
-0.4889881,-0.55246866,2.8357153,0.31366599,-0.71993691,0.61911583,0
-0.44908154,2.3211441,3.2326331,-0.14084172,0.60953319,0.78014922,0
0.52616262,-2.1404257,0.4748528,0.31366599,-0.71993691,0.61911583,0
-1.8929535,0.87413412,0.14019281,-0.93902987,-0.33190364,0.089792669,0
-1.9435165,2.7278051,2.6451144,-0.14084172,0.60953319,0.78014922,0
0.75819719,1.808954,3.8507609,-0.14084172,0.60953319,0.78014922,0
-0.68702751,-2.7456853,-0.62858635,-0.93902987,-0.33190364,0.089792669,0
0.80540514,0.85009527,3.8108971,0.31366599,-0.71993691,0.61911583,0
-0.34919667,-3.2665844,-2.638072,0.14084172,-0.60953319,-0.78014922,0
0.70589954,2.200247,-1.0294962,-0.31366599,0.71993691,-0.61911583,0
0.69810975,-0.8390072,-4.345674,0.14084172,-0.60953319,-0.78014922,0
-0.84515727,0.32444084,-2.4249516,-0.31366599,0.71993691,-0.61911583,0
0.26110542,2.8973954,0.0065290332,-0.31366599,0.71993691,-0.61911583,0
1.4598129,-1.2668546,-3.8738835,0.14084172,-0.60953319,-0.78014922,0
-0.6265924,-2.9824824,-0.87185037,-0.93902987,-0.33190364,0.089792669,0
1.8621753,-1.6227754,-3.2292898,0.93902987,0.33190364,-0.089792669,0
-0.93842888,3.2903042,1.0711484,-0.31366599,0.71993691,-0.61911583,0
1.6836469,0.10405338,1.2866366,0.93902987,0.33190364,-0.089792669,0
-1.2056382,2.0916009,3.275393,-0.14084172,0.60953319,0.78014922,0
-1.5339985,-0.77974081,-2.2192159,-0.93902987,-0.33190364,0.089792669,0
-0.17806309,-2.345737,-3.3266377,0.14084172,-0.60953319,-0.78014922,0
-1.1854762,1.9190353,-0.39826441,-0.31366599,0.71993691,-0.61911583,0
1.5297519,-0.96092314,1.33798,0.31366599,-0.71993691,0.61911583,0
0.43936229,2.1753182,3.5069594,-0.14084172,0.60953319,0.78014922,0
0.48228937,-1.3122964,-4.0148535,0.14084172,-0.60953319,-0.78014922,0
1.776808,-3.3321283,-1.5445361,0.31366599,-0.71993691,0.61911583,0
0.39661026,-1.2910163,-4.046948,0.14084172,-0.60953319,-0.78014922,0
-0.44930875,1.5412323,3.8419399,-0.14084172,0.60953319,0.78014922,0
0.71133733,3.1306176,2.3056493,0.93902987,0.33190364,-0.089792669,0
-0.29207587,-3.7300739,-0.95911592,0.31366599,-0.71993691,0.61911583,0
-0.086650252,-1.582793,1.4337671,0.31366599,-0.71993691,0.61911583,0
-1.7786648,3.0051515,1.1652528,-0.31366599,0.71993691,-0.61911583,0
0.47925419,-0.40363467,2.5182407,0.31366599,-0.71993691,0.61911583,0
-0.82223076,2.2273169,3.238575,-0.14084172,0.60953319,0.78014922,0
0.65740919,-2.3203325,-3.1956573,0.14084172,-0.60953319,-0.78014922,0
1.1923938,-2.4086928,-0.17463678,0.31366599,-0.71993691,0.61911583,0
-0.45244929,1.5533156,3.8319321,-0.14084172,0.60953319,0.78014922,0
0.10757959,-3.6487019,-2.2570596,0.14084172,-0.60953319,-0.78014922,0
0.45439577,-1.2544601,1.541455,0.31366599,-0.71993691,0.61911583,0
0.13791037,-1.2365199,1.7226595,0.31366599,-0.71993691,0.61911583,0
1.4866819,-2.1233633,-3.1998398,0.14084172,-0.60953319,-0.78014922,0
2.3447392,-3.1163993,-1.5814099,0.31366599,-0.71993691,0.61911583,0
-0.89341474,-1.4579589,1.9729302,-0.93902987,-0.33190364,0.089792669,0
-1.4853566,1.815515,3.4406018,-0.14084172,0.60953319,0.78014922,0
0.30920312,1.2375122,4.2161722,-0.14084172,0.60953319,0.78014922,0
-0.53435624,-3.1467671,-0.51451808,-0.93902987,-0.33190364,0.089792669,0
1.4652733,1.4942616,4.2242808,-0.14084172,0.60953319,0.78014922,0
1.643249,-2.57881,-2.8157325,0.14084172,-0.60953319,-0.78014922,0
0.27753824,0.54989815,-2.7315764,-0.31366599,0.71993691,-0.61911583,0
1.1975887,-0.57669729,1.9530616,0.31366599,-0.71993691,0.61911583,0
0.023805857,-3.9685524,-2.0222831,0.14084172,-0.60953319,-0.78014922,0
-0.56756335,-3.0851941,-2.8192148,0.14084172,-0.60953319,-0.78014922,0
0.048038483,-3.9489629,-1.3859643,0.31366599,-0.71993691,0.61911583,0
-0.29559231,2.9607568,2.7606111,-0.14084172,0.60953319,0.78014922,0
-0.87195778,3.9410794,1.8906293,-0.14084172,0.60953319,0.78014922,0
-1.8385842,0.60673755,-0.279614,-0.93902987,-0.33190364,0.089792669,0
1.5645177,0.25692755,0.60588658,0.93902987,0.33190364,-0.089792669,0
1.104265,-2.8098538,-0.59647667,0.31366599,-0.71993691,0.61911583,0
1.0816619,2.2506926,2.9259181,0.93902987,0.33190364,-0.089792669,0
-1.5198677,2.1285152,0.01474309,-0.31366599,0.71993691,-0.61911583,0
0.4018929,-1.0263506,1.8333113,0.31366599,-0.71993691,0.61911583,0
-1.05743,-2.0642307,-1.9832819,-0.93902987,-0.33190364,0.089792669,0
-1.0776373,-1.7438846,-1.0104983,-0.93902987,-0.33190364,0.089792669,0
-1.886894,0.96368736,0.53458172,-0.93902987,-0.33190364,0.089792669,0
-0.5976882,3.8129673,2.0402381,-0.14084172,0.60953319,0.78014922,0
0.23478627,0.41008443,3.5883276,0.31366599,-0.71993691,0.61911583,0
-1.6391021,1.3315336,-0.85161608,-0.31366599,0.71993691,-0.61911583,0
1.9389462,-3.0866528,-1.3412308,0.31366599,-0.71993691,0.61911583,0
-1.9657207,1.3134387,1.0030253,-0.93902987,-0.33190364,0.089792669,0
1.4748123,1.4720644,4.1593204,0.93902987,0.33190364,-0.089792669,0
0.26114368,-1.8373556,0.96154499,0.31366599,-0.71993691,0.61911583,0
2.1958485,-2.9704676,-2.4099672,0.14084172,-0.60953319,-0.78014922,0
-0.69907451,2.777833,2.8306887,-0.14084172,0.60953319,0.78014922,0
1.7258828,0.34674931,2.7592363,0.31366599,-0.71993691,0.61911583,0
1.2432277,-1.4037665,-3.8060141,0.14084172,-0.60953319,-0.78014922,0
-1.5036613,0.38754976,-2.0179441,-0.31366599,0.71993691,-0.61911583,0
-0.4923377,1.5875986,-1.1348432,-0.31366599,0.71993691,-0.61911583,0
0.10606146,-2.6978374,-3.0002472,0.14084172,-0.60953319,-0.78014922,0
1.1235133,-0.79386061,1.7380631,0.31366599,-0.71993691,0.61911583,0
1.7306597,-0.04977721,1.2096777,0.93902987,0.33190364,-0.089792669,0
-0.71461272,3.6949482,1.4282945,-0.31366599,0.71993691,-0.61911583,0
-2.2064626,2.2911081,0.55166721,-0.31366599,0.71993691,-0.61911583,0
1.3540812,-3.0261683,-0.97458327,0.31366599,-0.71993691,0.61911583,0
-1.5870976,2.1505127,3.1604996,-0.14084172,0.60953319,0.78014922,0
2.1284213,-1.3966657,0.52797115,0.31366599,-0.71993691,0.61911583,0
0.97155356,1.5929528,-0.656793,0.93902987,0.33190364,-0.089792669,0
-0.88067675,-2.1402926,-3.6139965,0.14084172,-0.60953319,-0.78014922,0
0.2823875,2.421941,-0.55713391,-0.31366599,0.71993691,-0.61911583,0
-0.1926285,0.73403889,-2.2792459,-0.31366599,0.71993691,-0.61911583,0
-2.0759239,3.4396749,2.0650244,-0.14084172,0.60953319,0.78014922,0
1.4129677,-2.065284,-3.2585254,0.14084172,-0.60953319,-0.78014922,0
-0.14813662,0.17236233,3.5058956,0.31366599,-0.71993691,0.61911583,0
-1.7725508,0.28230059,-0.78827953,-0.93902987,-0.33190364,0.089792669,0
1.8564796,-2.0222309,-3.2120943,0.14084172,-0.60953319,-0.78014922,0
0.83023781,2.5927527,3.2513819,-0.14084172,0.60953319,0.78014922,0
1.8659279,-1.3827529,-2.3028419,0.93902987,0.33190364,-0.089792669,0
-0.86876285,-1.9795043,0.30293047,-0.93902987,-0.33190364,0.089792669,0
0.058521569,0.45348954,-2.7327232,-0.31366599,0.71993691,-0.61911583,0
-0.21154594,3.4654357,0.90653479,-0.31366599,0.71993691,-0.61911583,0
1.6969481,-2.1007416,-3.1795545,0.14084172,-0.60953319,-0.78014922,0
-0.50750363,1.3554372,3.9765961,-0.14084172,0.60953319,0.78014922,0
0.60861659,2.8831649,0.31675485,0.93902987,0.33190364,-0.089792669,0
0.12943482,4.0417895,1.9927275,-0.14084172,0.60953319,0.78014922,0
0.088083327,-1.7918408,-3.7113509,0.14084172,-0.60953319,-0.78014922,0
2.0064762,-1.9231712,-2.8305888,0.93902987,0.33190364,-0.089792669,0
-1.771475,0.52036405,0.10293341,-0.93902987,-0.33190364,0.089792669,0
-0.74808383,2.2346864,3.2462032,-0.14084172,0.60953319,0.78014922,0
2.3935513,-2.7564392,-1.8626897,0.93902987,0.33190364,-0.089792669,0
1.477231,1.1560552,3.0165408,0.93902987,0.33190364,-0.089792669,0
-1.357645,0.52392995,-1.9333318,-0.31366599,0.71993691,-0.61911583,0
-0.85756958,-2.4334304,-1.2578768,-0.93902987,-0.33190364,0.089792669,0
0.55012393,-4.0130801,-1.8924761,0.14084172,-0.60953319,-0.78014922,0
1.0798218,0.9683187,-1.8334053,0.93902987,0.33190364,-0.089792669,0
1.2541674,-3.0466065,-2.520483,0.14084172,-0.60953319,-0.78014922,0
-0.49285555,-2.2798429,-3.4349513,0.14084172,-0.60953319,-0.78014922,0
1.8993003,-0.67509115,0.66191161,0.93902987,0.33190364,-0.089792669,0
-1.8581269,1.8376614,3.3560021,-0.14084172,0.60953319,0.78014922,0
-0.79523802,3.5786948,1.3339568,-0.31366599,0.71993691,-0.61911583,0
0.27881336,3.2972388,0.46251446,-0.31366599,0.71993691,-0.61911583,0
-2.225704,3.4187789,1.8727238,-0.31366599,0.71993691,-0.61911583,0
-1.9548994,1.1187569,0.39658356,-0.93902987,-0.33190364,0.089792669,0
0.93070042,-0.64250231,2.0117555,0.31366599,-0.71993691,0.61911583,0
0.60504103,1.677472,3.9258387,-0.14084172,0.60953319,0.78014922,0
1.9878629,-0.79966772,1.1276004,0.93902987,0.33190364,-0.089792669,0
0.47914764,2.6872203,3.1141911,-0.14084172,0.60953319,0.78014922,0
-0.37614942,3.7019014,2.1670089,-0.14084172,0.60953319,0.78014922,0
-0.86336052,0.14299256,-2.6267259,-0.31366599,0.71993691,-0.61911583,0
1.0315796,1.5905493,4.0707555,-0.14084172,0.60953319,0.78014922,0
0.43932846,2.4888995,3.2619512,-0.14084172,0.60953319,0.78014922,0
-2.3890867,2.7621105,1.9303416,-0.93902987,-0.33190364,0.089792669,0
1.1940994,0.18274045,-3.5420775,0.93902987,0.33190364,-0.089792669,0
-2.0506587,2.5587292,0.7839334,-0.31366599,0.71993691,-0.61911583,0
-1.5797491,0.26305223,1.1568444,-0.93902987,-0.33190364,0.089792669,0
-0.16173935,-1.0066839,2.1417367,0.31366599,-0.71993691,0.61911583,0
1.9937474,-1.5989336,-1.7652153,0.93902987,0.33190364,-0.089792669,0
1.3261837,0.2530477,-1.9008921,0.93902987,0.33190364,-0.089792669,0
0.016960382,-0.94482052,2.1231387,0.31366599,-0.71993691,0.61911583,0
-0.8873409,1.6615213,-0.84875977,-0.31366599,0.71993691,-0.61911583,0
-0.39593339,-0.32011735,-3.4020667,-0.31366599,0.71993691,-0.61911583,0
-1.4639556,-0.90860462,-1.9630489,-0.93902987,-0.33190364,0.089792669,0
-1.7800193,3.5713177,2.0155914,-0.14084172,0.60953319,0.78014922,0
-0.58648705,0.90239704,-1.8839283,-0.31366599,0.71993691,-0.61911583,0
0.30412829,0.57253945,3.7421069,0.31366599,-0.71993691,0.61911583,0
-1.6262479,2.4682672,2.905169,-0.14084172,0.60953319,0.78014922,0
-1.5205103,0.55609536,2.8595359,-0.93902987,-0.33190364,0.089792669,0
-1.1253681,0.83466721,4.2719307,-0.14084172,0.60953319,0.78014922,0
1.9035504,-0.75404149,0.41453043,0.93902987,0.33190364,-0.089792669,0
0.40908384,3.6642609,1.1172793,0.93902987,0.33190364,-0.089792669,0
-1.5389888,3.3598418,2.2243319,-0.14084172,0.60953319,0.78014922,0
-2.0917335,1.2826144,-0.67918277,-0.31366599,0.71993691,-0.61911583,0
1.2618848,-3.310725,-2.3127329,0.14084172,-0.60953319,-0.78014922,0
2.2860126,-2.4995928,-2.0379105,0.93902987,0.33190364,-0.089792669,0
-0.11041242,2.2722864,3.3319459,-0.14084172,0.60953319,0.78014922,0
-2.4721603,3.3986454,1.9741755,-0.31366599,0.71993691,-0.61911583,0
-0.42132783,3.7407224,2.1285219,-0.14084172,0.60953319,0.78014922,0
1.0917253,1.5479307,0.43351752,0.93902987,0.33190364,-0.089792669,0
1.0821643,-3.7024555,-2.0391181,0.14084172,-0.60953319,-0.78014922,0
-0.44975454,-1.6325779,1.5598364,0.31366599,-0.71993691,0.61911583,0
1.4850338,-3.4005976,-2.20223,0.14084172,-0.60953319,-0.78014922,0
-1.2219834,-0.55501211,1.8744317,-0.93902987,-0.33190364,0.089792669,0
1.1447151,-3.7807708,-1.9666375,0.14084172,-0.60953319,-0.78014922,0
0.59937322,-2.4381504,0.09155339,0.31366599,-0.71993691,0.61911583,0
-1.7668369,3.2033048,1.3896823,-0.31366599,0.71993691,-0.61911583,0
0.097222805,4.3079839,1.778934,-0.14084172,0.60953319,0.78014922,0
2.427887,-2.8106461,-1.7039829,0.93902987,0.33190364,-0.089792669,0
-0.44352674,1.7977829,3.6425393,-0.14084172,0.60953319,0.78014922,0
1.0102003,-1.9022826,0.50654626,0.31366599,-0.71993691,0.61911583,0
1.9210697,-0.63593477,1.0343064,0.93902987,0.33190364,-0.089792669,0
-1.7536521,0.079514384,-1.3402052,-0.93902987,-0.33190364,0.089792669,0
-0.84553957,-2.4761462,-1.2899599,-0.93902987,-0.33190364,0.089792669,0
-0.016682506,-3.5968752,-2.3199849,0.14084172,-0.60953319,-0.78014922,0
1.3070315,0.91728073,0.35404515,0.93902987,0.33190364,-0.089792669,0
0.10662258,3.4460118,2.4540923,-0.14084172,0.60953319,0.78014922,0
1.2174044,1.7352909,2.440383,0.93902987,0.33190364,-0.089792669,0
-2.2916622,2.1732845,0.77268553,-0.93902987,-0.33190364,0.089792669,0
0.99049217,1.4269682,-1.0722725,0.93902987,0.33190364,-0.089792669,0
2.3891993,-2.7210169,-1.7772698,0.93902987,0.33190364,-0.089792669,0
1.5165274,-0.88935542,-4.1330261,0.93902987,0.33190364,-0.089792669,0
-0.48938298,-3.4246023,-1.071171,-0.93902987,-0.33190364,0.089792669,0
0.14517689,3.2214665,2.6364903,-0.14084172,0.60953319,0.78014922,0
1.1957388,1.2380342,0.3757847,0.93902987,0.33190364,-0.089792669,0
-2.2896769,3.431587,2.0327539,-0.14084172,0.60953319,0.78014922,0
-0.7372207,-2.3362074,0.36007154,-0.93902987,-0.33190364,0.089792669,0
-0.59142208,-3.4475312,-2.2230246,-0.93902987,-0.33190364,0.089792669,0
-0.62635136,-2.8436551,-3.018543,0.14084172,-0.60953319,-0.78014922,0
0.4696815,-2.8956583,-0.37475169,0.31366599,-0.71993691,0.61911583,0
-0.2957139,-3.1781092,-2.6975427,0.14084172,-0.60953319,-0.78014922,0
-0.90608686,0.15909132,-2.5863588,-0.31366599,0.71993691,-0.61911583,0
-0.30273902,-2.7777927,-3.0115793,0.14084172,-0.60953319,-0.78014922,0
-0.48841047,-1.6881157,1.5148387,0.31366599,-0.71993691,0.61911583,0
-1.3958136,0.51907623,4.0267472,-0.93902987,-0.33190364,0.089792669,0
1.1973057,1.2630414,4.0925398,0.31366599,-0.71993691,0.61911583,0
1.6005701,-1.888925,-3.362447,0.14084172,-0.60953319,-0.78014922,0
-1.1211385,-0.87651503,1.7406619,-0.93902987,-0.33190364,0.089792669,0
1.3145866,-0.16088581,-3.5522084,0.93902987,0.33190364,-0.089792669,0
-1.8527606,0.42110267,-1.1140356,-0.93902987,-0.33190364,0.089792669,0
2.0208607,-1.8525562,-2.4191432,0.93902987,0.33190364,-0.089792669,0
-1.3422055,0.65320832,-1.790823,-0.31366599,0.71993691,-0.61911583,0
-0.25268984,3.7287796,1.2336082,-0.31366599,0.71993691,-0.61911583,0
-0.73965228,-3.0000968,-2.9167693,0.14084172,-0.60953319,-0.78014922,0
1.2972302,-0.80775368,-4.2619319,0.14084172,-0.60953319,-0.78014922,0
1.2023666,-1.3957875,-3.8196249,0.14084172,-0.60953319,-0.78014922,0
-1.1502316,2.1533275,3.2371688,-0.14084172,0.60953319,0.78014922,0
0.10366726,-3.6262841,-1.0389221,0.31366599,-0.71993691,0.61911583,0
1.8985211,-2.558136,-0.70616567,0.31366599,-0.71993691,0.61911583,0
0.12911987,-2.8643968,-2.8659511,0.14084172,-0.60953319,-0.78014922,0
0.72211033,2.671988,3.1699548,-0.14084172,0.60953319,0.78014922,0
-0.75961596,-2.8289127,-1.6953347,-0.93902987,-0.33190364,0.089792669,0
0.12314081,4.0636191,1.9745357,-0.14084172,0.60953319,0.78014922,0
-0.10666919,1.4104764,-1.5362023,-0.31366599,0.71993691,-0.61911583,0
1.0484107,-3.2008324,-2.4371314,0.14084172,-0.60953319,-0.78014922,0
1.508649,0.95809931,2.61339,0.93902987,0.33190364,-0.089792669,0
0.6799016,0.97664785,-2.4391832,-0.31366599,0.71993691,-0.61911583,0
-0.18609318,1.4746715,3.9414625,-0.14084172,0.60953319,0.78014922,0
-0.085043371,-2.2981663,-3.347012,0.14084172,-0.60953319,-0.78014922,0
1.1495597,-0.78860772,-4.3035502,0.14084172,-0.60953319,-0.78014922,0
-1.7497091,0.21131003,-0.81180948,-0.93902987,-0.33190364,0.089792669,0
-1.1206164,-1.948983,-2.2180758,-0.93902987,-0.33190364,0.089792669,0
-0.75100589,-1.3702015,-4.1922612,0.14084172,-0.60953319,-0.78014922,0
0.66846395,2.6510403,3.1766362,-0.14084172,0.60953319,0.78014922,0
-0.65865374,-0.89990854,2.5176544,0.31366599,-0.71993691,0.61911583,0
1.5091578,0.35602689,0.39325082,0.93902987,0.33190364,-0.089792669,0
2.0458689,-1.1188954,0.55424178,0.93902987,0.33190364,-0.089792669,0
-0.18720555,0.34445786,-2.7350163,-0.31366599,0.71993691,-0.61911583,0
-0.11912847,-0.90334058,2.2403209,0.31366599,-0.71993691,0.61911583,0
0.84155154,-1.4520512,-3.8408048,0.14084172,-0.60953319,-0.78014922,0
-1.9041759,1.5943505,2.6849899,-0.93902987,-0.33190364,0.089792669,0
1.7841823,-0.73890591,-0.77784568,0.93902987,0.33190364,-0.089792669,0
-0.69311672,-2.4255447,0.49108046,-0.93902987,-0.33190364,0.089792669,0
-1.9906042,3.290596,1.6045572,-0.31366599,0.71993691,-0.61911583,0
-1.3138106,0.88608277,4.1977396,-0.14084172,0.60953319,0.78014922,0
0.59382957,-1.1926924,-4.0881643,0.14084172,-0.60953319,-0.78014922,0
0.85619926,2.0493269,-0.17622899,0.93902987,0.33190364,-0.089792669,0
-0.16525292,-0.05692625,-3.2128868,-0.31366599,0.71993691,-0.61911583,0
0.34507143,-1.6400049,1.1485127,0.31366599,-0.71993691,0.61911583,0
1.2498536,1.3518,1.3622196,0.93902987,0.33190364,-0.089792669,0
1.9303155,-1.4024923,-1.7024558,0.93902987,0.33190364,-0.089792669,0
0.012324572,3.6958373,2.241879,-0.14084172,0.60953319,0.78014922,0
1.8963641,-3.2303901,-2.2609553,0.14084172,-0.60953319,-0.78014922,0
-1.571342,1.0135686,4.0189219,-0.93902987,-0.33190364,0.089792669,0
1.8460405,-2.5167265,-2.8276284,0.14084172,-0.60953319,-0.78014922,0
-1.1960405,-2.0374393,-3.7512891,0.14084172,-0.60953319,-0.78014922,0
0.31748104,-3.2187085,-0.67329949,0.31366599,-0.71993691,0.61911583,0
1.1306996,-0.092842326,2.5495992,0.31366599,-0.71993691,0.61911583,0
-1.6084448,1.9555154,3.3089976,-0.14084172,0.60953319,0.78014922,0
0.50980914,1.3135251,4.1929989,-0.14084172,0.60953319,0.78014922,0
-1.7213527,-0.19283128,-2.0091083,-0.93902987,-0.33190364,0.089792669,0
-1.8607367,0.54565728,-0.73705316,-0.93902987,-0.33190364,0.089792669,0
-1.2370656,-1.1602261,-0.52036428,-0.93902987,-0.33190364,0.089792669,0
-0.86280304,-0.23080844,-3.0616815,-0.31366599,0.71993691,-0.61911583,0
-2.4366858,2.6843767,1.1452304,-0.93902987,-0.33190364,0.089792669,0
-0.56284761,-3.4662797,-1.9935014,-0.93902987,-0.33190364,0.089792669,0
-0.31506976,-1.8035729,-3.7749667,0.14084172,-0.60953319,-0.78014922,0
1.6082487,-0.91740954,-3.2775249,0.93902987,0.33190364,-0.089792669,0
-0.18884015,2.4458437,3.1821866,-0.14084172,0.60953319,0.78014922,0
-0.092307925,-1.3313892,1.7289777,0.31366599,-0.71993691,0.61911583,0
1.0708108,-0.45213351,2.1621404,0.31366599,-0.71993691,0.61911583,0
0.10671592,3.1337323,2.6980939,-0.14084172,0.60953319,0.78014922,0
-0.77967906,-2.3291535,-0.057874888,-0.93902987,-0.33190364,0.089792669,0
-0.52915418,-1.1805789,2.1256688,0.31366599,-0.71993691,0.61911583,0
0.83834291,-2.101546,-3.3339314,0.14084172,-0.60953319,-0.78014922,0
-0.2344563,1.0559316,-1.8837425,-0.31366599,0.71993691,-0.61911583,0
1.6338116,0.24762559,1.2961631,0.93902987,0.33190364,-0.089792669,0
-2.2963228,2.4568789,1.7722056,-0.93902987,-0.33190364,0.089792669,0
-1.0624155,3.1206346,2.4972618,-0.14084172,0.60953319,0.78014922,0
-1.0191557,2.4091213,0.087366581,-0.31366599,0.71993691,-0.61911583,0
1.2706881,0.6550014,-0.99549675,0.93902987,0.33190364,-0.089792669,0
1.1168655,1.8369887,1.7648809,0.93902987,0.33190364,-0.089792669,0
-1.9004619,0.95531762,0.36175245,-0.93902987,-0.33190364,0.089792669,0
-1.9485244,1.3865583,1.4531369,-0.93902987,-0.33190364,0.089792669,0
-0.94444019,-2.2280996,-1.4073768,-0.93902987,-0.33190364,0.089792669,0
