0.85291117,-1.723083,-2.7305527,0.97285277,-0.024263501,-0.23014921,0
2.046349,2.3865905,1.8809068,0.97285277,-0.024263501,-0.23014921,0
-1.9803066,-2.8560772,-1.6533856,-0.18083054,-0.70031577,-0.69054902,0
-1.5338286,1.2254138,-0.095253706,-0.97285277,0.024263501,0.23014921,0
1.1915444,-2.9362915,-0.38923645,0.14442194,-0.71342057,0.68569177,0
0.86378944,-3.1555684,-2.0944271,-0.18083054,-0.70031577,-0.69054902,0
-0.39949179,-0.16834357,2.8257527,0.14442194,-0.71342057,0.68569177,0
0.58139431,3.4231322,0.52234411,-0.14442194,0.71342057,-0.68569177,0
-0.87823027,1.134216,2.6856098,-0.97285277,0.024263501,0.23014921,0
1.5837587,-1.9928795,0.38722122,0.97285277,-0.024263501,-0.23014921,0
1.5523934,2.2898583,-0.19687164,0.97285277,-0.024263501,-0.23014921,0
1.4201962,2.5723627,2.087786,0.18083054,0.70031577,0.69054902,0
0.18995798,3.2645392,0.43978286,-0.14442194,0.71342057,-0.68569177,0
0.51035547,-0.64245677,-3.6926916,-0.14442194,0.71342057,-0.68569177,0
1.1409438,-3.2014728,-0.65448427,0.14442194,-0.71342057,0.68569177,0
-0.73380572,3.7575345,1.4499092,0.18083054,0.70031577,0.69054902,0
1.9609637,-0.0097203255,1.7726108,0.97285277,-0.024263501,-0.23014921,0
-0.4704392,-0.52352172,-3.3623693,-0.14442194,0.71342057,-0.68569177,0
1.8749588,1.5930449,1.2400918,0.97285277,-0.024263501,-0.23014921,0
-1.1763439,2.0873294,1.3249855,-0.97285277,0.024263501,0.23014921,0
-0.35469007,1.2613865,3.8820839,0.18083054,0.70031577,0.69054902,0
1.0735688,2.0900366,2.6677036,0.18083054,0.70031577,0.69054902,0
-1.1062479,2.4417439,1.58392,-0.97285277,0.024263501,0.23014921,0
-1.1055266,3.509402,0.96740603,-0.14442194,0.71342057,-0.68569177,0
-1.0354424,3.2066045,1.802583,-0.97285277,0.024263501,0.23014921,0
2.1019449,2.0256968,2.4636576,0.18083054,0.70031577,0.69054902,0
-2.0273466,-1.3028634,-3.216249,-0.18083054,-0.70031577,-0.69054902,0
0.51885307,-2.4660408,0.24171424,0.14442194,-0.71342057,0.68569177,0
0.76302624,-0.024241507,2.73083,0.14442194,-0.71342057,0.68569177,0
1.7736857,2.5671442,2.0005114,0.18083054,0.70031577,0.69054902,0
-1.2327213,-3.7237861,-0.6979723,0.14442194,-0.71342057,0.68569177,0
0.44501615,1.2268453,3.7076983,0.18083054,0.70031577,0.69054902,0
-1.0274186,2.8797452,1.8709588,-0.97285277,0.024263501,0.23014921,0
0.27894413,3.4219005,0.5847652,-0.14442194,0.71342057,-0.68569177,0
-1.0223091,-3.3334024,-0.33611941,0.14442194,-0.71342057,0.68569177,0
0.83680081,2.6019568,-0.38583338,-0.14442194,0.71342057,-0.68569177,0
0.61443901,0.30026278,3.0997522,0.14442194,-0.71342057,0.68569177,0
1.1067342,-1.8417044,-1.6451249,0.97285277,-0.024263501,-0.23014921,0
-1.1409847,0.069420576,1.6871897,-0.97285277,0.024263501,0.23014921,0
1.0683308,-2.6450715,-1.7227616,0.97285277,-0.024263501,-0.23014921,0
0.79639697,0.57895935,3.3513949,0.14442194,-0.71342057,0.68569177,0
1.553216,0.22872114,2.8275905,0.14442194,-0.71342057,0.68569177,0
0.38117552,-3.3436458,-0.64238238,0.14442194,-0.71342057,0.68569177,0
1.1170774,-0.98352432,1.6581833,0.14442194,-0.71342057,0.68569177,0
1.2021208,-2.0771317,0.50243914,0.14442194,-0.71342057,0.68569177,0
-1.0651451,-0.87429541,2.1072595,-0.97285277,0.024263501,0.23014921,0
1.9032326,1.4277711,3.1220758,0.18083054,0.70031577,0.69054902,0
0.2175467,-0.33816037,2.5191064,0.14442194,-0.71342057,0.68569177,0
0.86617625,1.9307528,2.8835485,0.18083054,0.70031577,0.69054902,0
1.6100744,2.3439748,2.2696815,0.18083054,0.70031577,0.69054902,0
0.10986495,2.5319178,2.4719324,0.18083054,0.70031577,0.69054902,0
-0.99510682,2.0892398,2.0908828,-0.97285277,0.024263501,0.23014921,0
1.1402897,-2.9793072,-0.42319655,0.14442194,-0.71342057,0.68569177,0
-0.77543092,1.175751,-1.5301414,-0.14442194,0.71342057,-0.68569177,0
-1.0812957,-1.3631071,-3.4028904,-0.18083054,-0.70031577,-0.69054902,0
-1.2684429,-0.26739287,1.1839256,-0.97285277,0.024263501,0.23014921,0
-1.8474721,0.91141951,-1.3879381,-0.97285277,0.024263501,0.23014921,0
-0.049070597,-0.91522276,-3.85866,-0.14442194,0.71342057,-0.68569177,0
-1.1534601,0.8429842,1.552902,-0.97285277,0.024263501,0.23014921,0
1.4469554,2.2041271,2.454222,0.18083054,0.70031577,0.69054902,0
1.8320233,0.49849582,1.1739941,0.97285277,-0.024263501,-0.23014921,0
1.724396,1.8950762,2.6949925,0.18083054,0.70031577,0.69054902,0
-0.14958429,-2.7157488,0.1226964,0.14442194,-0.71342057,0.68569177,0
0.77694178,0.43643796,3.2072077,0.14442194,-0.71342057,0.68569177,0
0.56580663,-1.2127964,-3.986645,-0.18083054,-0.70031577,-0.69054902,0
-0.85709012,-0.3833186,2.6984644,0.14442194,-0.71342057,0.68569177,0
0.0035283566,2.5963948,-0.21611428,-0.14442194,0.71342057,-0.68569177,0
-2.1464655,-1.4439359,-3.0419881,-0.18083054,-0.70031577,-0.69054902,0
-0.68678743,-2.5467446,-2.30582,-0.18083054,-0.70031577,-0.69054902,0
-0.39678001,-0.51902401,-3.3732042,-0.14442194,0.71342057,-0.68569177,0
-1.5365968,-2.0543029,-2.5826917,-0.18083054,-0.70031577,-0.69054902,0
1.0003861,1.2456454,-1.8314474,-0.14442194,0.71342057,-0.68569177,0
2.1399505,2.0963154,2.3820879,0.18083054,0.70031577,0.69054902,0
0.1009078,1.4337618,-1.4462736,-0.14442194,0.71342057,-0.68569177,0
0.50828481,2.2532806,2.650178,0.18083054,0.70031577,0.69054902,0
-1.4958556,0.64727128,0.12621129,-0.97285277,0.024263501,0.23014921,0
-0.84817064,-3.6589427,-0.7115016,0.14442194,-0.71342057,0.68569177,0
-1.8754224,-1.249912,-1.2782259,-0.97285277,0.024263501,0.23014921,0
1.4384556,-0.29821789,2.3035135,0.14442194,-0.71342057,0.68569177,0
-1.3415136,-0.51914787,-3.1743503,-0.14442194,0.71342057,-0.68569177,0
0.66936135,2.7237296,2.1308954,0.18083054,0.70031577,0.69054902,0
-0.48022458,-3.400466,-1.4941158,-0.18083054,-0.70031577,-0.69054902,0
-1.9767179,-1.5871055,-1.6708591,-0.97285277,0.024263501,0.23014921,0
1.3086532,0.63230449,-1.0524255,0.97285277,-0.024263501,-0.23014921,0
0.90700555,-3.80404,-1.448101,-0.18083054,-0.70031577,-0.69054902,0
1.4530014,-0.9402355,-0.27647245,0.97285277,-0.024263501,-0.23014921,0
-2.1945167,-0.7148689,-2.6834617,-0.97285277,0.024263501,0.23014921,0
1.3650382,0.91064852,-0.8434279,0.97285277,-0.024263501,-0.23014921,0
-1.229757,1.7025465,1.139771,-0.97285277,0.024263501,0.23014921,0
1.0888491,1.0837342,3.6842368,0.18083054,0.70031577,0.69054902,0
-0.24216032,1.8684274,3.2369895,0.18083054,0.70031577,0.69054902,0
-0.032783188,3.2292795,1.802062,0.18083054,0.70031577,0.69054902,0
0.59880495,-3.4067464,-0.75387168,0.14442194,-0.71342057,0.68569177,0
0.89329827,3.2542765,1.5342033,0.18083054,0.70031577,0.69054902,0
-1.5676997,-1.4658821,0.045302749,-0.97285277,0.024263501,0.23014921,0
2.233927,1.6038729,2.7563272,0.97285277,-0.024263501,-0.23014921,0
0.84474313,-1.7043641,-2.7670531,0.97285277,-0.024263501,-0.23014921,0
1.4424047,1.0253742,3.6508384,0.18083054,0.70031577,0.69054902,0
0.33357358,1.5206634,3.4389079,0.18083054,0.70031577,0.69054902,0
0.15050375,2.7465048,2.2436683,0.18083054,0.70031577,0.69054902,0
-0.46798086,-1.2352324,-3.6931791,-0.18083054,-0.70031577,-0.69054902,0
-1.5132627,1.3094079,-0.017175674,-0.97285277,0.024263501,0.23014921,0
-0.06515193,1.4434133,3.6216621,0.18083054,0.70031577,0.69054902,0
2.0978596,2.0212393,2.4692481,0.18083054,0.70031577,0.69054902,0
-1.0913527,-3.6016827,-1.1300206,-0.18083054,-0.70031577,-0.69054902,0
0.46484506,1.4336171,-1.5230775,-0.14442194,0.71342057,-0.68569177,0
-1.4132152,-3.8369362,-0.80715513,-0.18083054,-0.70031577,-0.69054902,0
2.1193306,0.72296727,2.3647926,0.97285277,-0.024263501,-0.23014921,0
1.5586286,1.6000924,-0.097796082,0.97285277,-0.024263501,-0.23014921,0
0.044465184,-3.4391813,-0.67086244,0.14442194,-0.71342057,0.68569177,0
1.9086626,1.0087875,3.5455632,0.18083054,0.70031577,0.69054902,0
-0.24675274,0.7848506,-2.0482008,-0.14442194,0.71342057,-0.68569177,0
-1.7784196,-1.3863263,-0.85380793,-0.97285277,0.024263501,0.23014921,0
-0.85015923,1.151119,2.8024857,-0.97285277,0.024263501,0.23014921,0
-0.29296976,3.0236976,2.0786855,0.18083054,0.70031577,0.69054902,0
0.57793963,-1.589314,-3.60798,-0.18083054,-0.70031577,-0.69054902,0
0.39879394,-0.96895581,-4.0088964,-0.14442194,0.71342057,-0.68569177,0
2.2085311,0.35492373,2.8208723,0.14442194,-0.71342057,0.68569177,0
1.5954657,3.0758669,1.5312638,0.18083054,0.70031577,0.69054902,0
1.181031,-1.2948399,1.3208085,0.14442194,-0.71342057,0.68569177,0
-1.0990303,1.5854224,-1.0357459,-0.14442194,0.71342057,-0.68569177,0
2.1710386,1.5486633,2.4963148,0.97285277,-0.024263501,-0.23014921,0
-1.6051843,0.68984568,-0.3404156,-0.97285277,0.024263501,0.23014921,0
0.18949872,-2.7607839,-2.318222,-0.18083054,-0.70031577,-0.69054902,0
1.7866926,-1.1535838,1.1565495,0.97285277,-0.024263501,-0.23014921,0
1.5047591,2.3121722,-0.40057671,0.97285277,-0.024263501,-0.23014921,0
-0.46158504,2.8420601,0.13744879,-0.14442194,0.71342057,-0.68569177,0
-1.67382,-1.4554918,-3.154038,-0.18083054,-0.70031577,-0.69054902,0
0.64623535,-2.4663138,-2.7364602,-0.18083054,-0.70031577,-0.69054902,0
1.1779608,-1.230001,-1.408535,0.97285277,-0.024263501,-0.23014921,0
0.97955954,-2.59516,-2.1032646,0.97285277,-0.024263501,-0.23014921,0
-0.56070971,0.016682565,3.052217,0.14442194,-0.71342057,0.68569177,0
-0.47080487,-3.6333432,-0.76434875,0.14442194,-0.71342057,0.68569177,0
-1.3005848,0.93446362,0.9213537,-0.97285277,0.024263501,0.23014921,0
0.10775298,3.334017,1.6590421,0.18083054,0.70031577,0.69054902,0
1.8312356,0.2743696,1.1942934,0.97285277,-0.024263501,-0.23014921,0
1.1709797,0.0021563768,-1.567945,0.97285277,-0.024263501,-0.23014921,0
-1.2441862,1.6197672,-0.96943951,-0.14442194,0.71342057,-0.68569177,0
0.32776022,-3.754612,-1.058717,0.14442194,-0.71342057,0.68569177,0
-1.2398014,1.6915572,-0.89566946,-0.14442194,0.71342057,-0.68569177,0
-1.9790702,-0.077613115,-2.5806775,-0.14442194,0.71342057,-0.68569177,0
0.56571651,-2.6722994,-2.5064759,-0.18083054,-0.70031577,-0.69054902,0
0.94774181,2.2214041,-0.80514187,-0.14442194,0.71342057,-0.68569177,0
0.34136224,-1.6926526,-3.4412279,-0.18083054,-0.70031577,-0.69054902,0
-0.068968296,-2.3787115,0.45638406,0.14442194,-0.71342057,0.68569177,0
-0.58616757,-0.89856339,-3.7282019,-0.14442194,0.71342057,-0.68569177,0
1.4966223,1.0492651,3.6124117,0.18083054,0.70031577,0.69054902,0
0.33048654,-2.081768,-3.0437615,-0.18083054,-0.70031577,-0.69054902,0
0.11804998,-1.7945411,1.0247872,0.14442194,-0.71342057,0.68569177,0
-1.3097391,0.32555699,-2.3021796,-0.14442194,0.71342057,-0.68569177,0
0.67471433,-2.8435817,-0.18392181,0.14442194,-0.71342057,0.68569177,0
1.9872395,0.50327325,1.829597,0.97285277,-0.024263501,-0.23014921,0
1.3207569,3.5133379,0.46047139,-0.14442194,0.71342057,-0.68569177,0
0.38695115,-2.5452328,-2.5885277,-0.18083054,-0.70031577,-0.69054902,0
0.34776878,-0.47368088,2.350678,0.14442194,-0.71342057,0.68569177,0
0.40257776,-1.6892076,-3.4607515,-0.18083054,-0.70031577,-0.69054902,0
-1.9527013,-2.2510812,-1.4993384,-0.97285277,0.024263501,0.23014921,0
-1.6527624,0.2993536,-0.50036216,-0.97285277,0.024263501,0.23014921,0
-1.9501054,-2.5960741,-1.9249747,-0.18083054,-0.70031577,-0.69054902,0
0.2106204,1.4608204,3.5317948,0.18083054,0.70031577,0.69054902,0
-1.8607674,-2.963347,-1.5759013,-0.18083054,-0.70031577,-0.69054902,0
0.016107798,1.8519751,3.1860433,0.18083054,0.70031577,0.69054902,0
-0.30530787,1.4969031,3.6303048,0.18083054,0.70031577,0.69054902,0
-0.30077612,-2.855442,-2.0938394,-0.18083054,-0.70031577,-0.69054902,0
-0.82806742,2.2453215,2.7805114,-0.97285277,0.024263501,0.23014921,0
1.6574155,1.6920745,2.9184043,0.18083054,0.70031577,0.69054902,0
-0.82492542,-0.039938629,3.0347176,-0.97285277,0.024263501,0.23014921,0
-1.9755429,-2.1517076,-1.606369,-0.97285277,0.024263501,0.23014921,0
0.068267733,3.2628279,1.7415774,0.18083054,0.70031577,0.69054902,0
0.78540277,-1.4868407,1.2043712,0.14442194,-0.71342057,0.68569177,0
-0.70937759,-2.9731183,-0.027175903,0.14442194,-0.71342057,0.68569177,0
-1.0728137,2.5668461,1.7120597,-0.97285277,0.024263501,0.23014921,0
-0.4845736,2.6271527,-0.081307173,-0.14442194,0.71342057,-0.68569177,0
-0.011529267,-3.8248987,-1.1864147,-0.18083054,-0.70031577,-0.69054902,0
-0.65109837,2.653513,2.5478868,0.18083054,0.70031577,0.69054902,0
-1.1220038,-2.7088475,-2.0274568,-0.18083054,-0.70031577,-0.69054902,0
-0.47191834,-0.50025207,2.4956765,0.14442194,-0.71342057,0.68569177,0
1.2519865,3.394599,1.2979691,0.18083054,0.70031577,0.69054902,0
-0.21432084,-3.6596208,-1.3009269,-0.18083054,-0.70031577,-0.69054902,0
1.8796887,0.85161197,1.3382504,0.97285277,-0.024263501,-0.23014921,0
0.48064086,3.6381299,1.2529814,0.18083054,0.70031577,0.69054902,0
1.7850497,1.3286014,0.88791966,0.97285277,-0.024263501,-0.23014921,0
-1.4615003,-0.63558924,0.40667951,-0.97285277,0.024263501,0.23014921,0
-0.31371331,-1.8204697,1.0887491,0.14442194,-0.71342057,0.68569177,0
1.2589681,3.1503973,0.095867634,-0.14442194,0.71342057,-0.68569177,0
-1.4873037,-0.3579824,0.26833984,-0.97285277,0.024263501,0.23014921,0
1.0576286,3.3268616,1.4175596,0.18083054,0.70031577,0.69054902,0
-1.4622538,-0.4514935,0.38408574,-0.97285277,0.024263501,0.23014921,0
0.7463699,3.6562498,1.1650207,0.18083054,0.70031577,0.69054902,0
0.0013501644,-0.9372834,-3.8922329,-0.14442194,0.71342057,-0.68569177,0
-1.7837769,-2.7606635,-0.73156333,-0.97285277,0.024263501,0.23014921,0
-0.82783717,-2.7111468,-2.1021566,-0.18083054,-0.70031577,-0.69054902,0
0.56500924,-2.8370743,-0.15404487,0.14442194,-0.71342057,0.68569177,0
-0.42182994,3.3350778,0.64203,-0.14442194,0.71342057,-0.68569177,0
0.85478926,-2.5088687,-2.6397724,0.97285277,-0.024263501,-0.23014921,0
1.0543911,-1.1162783,1.533264,0.14442194,-0.71342057,0.68569177,0
-0.53253126,2.689265,-0.0065824986,-0.14442194,0.71342057,-0.68569177,0
1.2521901,1.5692341,3.1490972,0.18083054,0.70031577,0.69054902,0
0.67162979,1.0218101,-1.9950908,-0.14442194,0.71342057,-0.68569177,0
-1.0755475,-0.56356317,2.0305293,-0.97285277,0.024263501,0.23014921,0
-0.42577028,-2.3083105,-2.6159775,-0.18083054,-0.70031577,-0.69054902,0
2.0315351,2.5420029,1.9584866,0.18083054,0.70031577,0.69054902,0
0.23803806,0.39746594,-2.553359,-0.14442194,0.71342057,-0.68569177,0
0.80256671,-2.291307,-2.8834565,0.97285277,-0.024263501,-0.23014921,0
1.254629,1.341107,-1.3555148,0.97285277,-0.024263501,-0.23014921,0
-0.20590222,2.2980127,2.7918341,0.18083054,0.70031577,0.69054902,0
0.27745295,-1.4587585,1.3405747,0.14442194,-0.71342057,0.68569177,0
-0.64765668,-2.3969958,0.55924475,0.14442194,-0.71342057,0.68569177,0
0.43857431,-1.7461406,1.0076355,0.14442194,-0.71342057,0.68569177,0
-0.44108129,0.6698516,-2.1269205,-0.14442194,0.71342057,-0.68569177,0
-1.0459849,1.2709192,1.96209,-0.97285277,0.024263501,0.23014921,0
-0.79914469,-2.6361699,0.3423053,0.14442194,-0.71342057,0.68569177,0
-0.43596673,1.3294978,-1.4416761,-0.14442194,0.71342057,-0.68569177,0
-1.8471541,-2.5188723,-2.0302272,-0.18083054,-0.70031577,-0.69054902,0
0.59184253,3.8550825,0.96956134,-0.14442194,0.71342057,-0.68569177,0
-1.4995511,0.88128197,0.085919678,-0.97285277,0.024263501,0.23014921,0
1.0512216,-2.9403088,-1.7639575,0.97285277,-0.024263501,-0.23014921,0
-1.2938483,2.8951354,0.36796355,-0.14442194,0.71342057,-0.68569177,0
1.4868536,2.3427546,2.3031862,0.18083054,0.70031577,0.69054902,0
-0.074791908,2.4021437,-0.40172482,-0.14442194,0.71342057,-0.68569177,0
-1.9741702,0.021636009,-1.8296921,-0.97285277,0.024263501,0.23014921,0
0.6556251,-1.2563241,-3.6136997,0.97285277,-0.024263501,-0.23014921,0
1.385464,-1.0778116,1.5035548,0.14442194,-0.71342057,0.68569177,0
-0.14671183,-3.3361058,-0.52335215,0.14442194,-0.71342057,0.68569177,0
-1.2488992,-0.73004091,1.3153126,-0.97285277,0.024263501,0.23014921,0
-0.94398504,1.1482556,2.4061816,-0.97285277,0.024263501,0.23014921,0
-1.4427366,0.93468165,0.32044709,-0.97285277,0.024263501,0.23014921,0
1.5295179,0.2755841,-0.081211217,0.97285277,-0.024263501,-0.23014921,0
0.8225944,-3.7559841,-1.4747319,-0.18083054,-0.70031577,-0.69054902,0
-0.73737627,-3.4067037,-1.4204507,-0.18083054,-0.70031577,-0.69054902,0
1.2251939,2.4439526,-0.63203156,-0.14442194,0.71342057,-0.68569177,0
-1.8599648,-1.2965535,-3.266479,-0.18083054,-0.70031577,-0.69054902,0
0.68274784,3.8666594,0.9624598,-0.14442194,0.71342057,-0.68569177,0
-1.6911148,0.95706153,-0.73181915,-0.97285277,0.024263501,0.23014921,0
-0.92423362,-2.4304199,0.58272231,0.14442194,-0.71342057,0.68569177,0
-1.985337,-2.4268813,-2.0873342,-0.18083054,-0.70031577,-0.69054902,0
1.3546215,1.7521319,2.9367895,0.18083054,0.70031577,0.69054902,0
1.4374237,2.8261244,-0.27910507,-0.14442194,0.71342057,-0.68569177,0
-1.3741915,2.283664,0.46797347,-0.97285277,0.024263501,0.23014921,0
-0.89997935,-2.2308452,-2.5703599,-0.18083054,-0.70031577,-0.69054902,0
0.15008622,2.6760983,2.3151796,0.18083054,0.70031577,0.69054902,0
-1.2631807,-2.9915805,-1.7037559,-0.18083054,-0.70031577,-0.69054902,0
0.71365166,-0.3864395,-3.4601266,0.97285277,-0.024263501,-0.23014921,0
1.4038869,-2.2032046,-0.3509326,0.97285277,-0.024263501,-0.23014921,0
-1.307983,-3.3309791,-0.27342868,0.14442194,-0.71342057,0.68569177,0
0.73820114,-0.89860255,1.8263389,0.14442194,-0.71342057,0.68569177,0
-1.5123957,-1.383656,0.2704066,-0.97285277,0.024263501,0.23014921,0
1.4121131,-1.0919379,-0.43331611,0.97285277,-0.024263501,-0.23014921,0
1.2809294,-1.4131424,1.1766808,0.14442194,-0.71342057,0.68569177,0
0.1207962,0.71151316,3.6316059,0.14442194,-0.71342057,0.68569177,0
-1.3914595,-1.8875659,0.83473629,-0.97285277,0.024263501,0.23014921,0
-1.8103302,-0.73837876,-3.3037035,-0.14442194,0.71342057,-0.68569177,0
1.9708688,2.2250891,2.2957695,0.18083054,0.70031577,0.69054902,0
-1.0154583,2.7352986,1.9367449,-0.97285277,0.024263501,0.23014921,0
-1.5358517,-2.505208,-2.1256039,-0.18083054,-0.70031577,-0.69054902,0
0.82238638,-0.14556634,-3.0258937,0.97285277,-0.024263501,-0.23014921,0
0.24461532,3.6174939,0.79549885,-0.14442194,0.71342057,-0.68569177,0
0.16392589,3.0727844,1.9092591,0.18083054,0.70031577,0.69054902,0
2.0189338,0.34052134,1.9807296,0.97285277,-0.024263501,-0.23014921,0
0.74504566,1.5333169,-1.4783624,-0.14442194,0.71342057,-0.68569177,0
1.1380612,1.0630904,-1.8189425,0.97285277,-0.024263501,-0.23014921,0
1.3053472,2.228334,2.4667554,0.18083054,0.70031577,0.69054902,0
2.1126661,0.66046512,2.3432109,0.97285277,-0.024263501,-0.23014921,0
1.5037678,3.0364146,1.5952861,0.18083054,0.70031577,0.69054902,0
0.37430644,1.0564554,3.8990147,0.18083054,0.70031577,0.69054902,0
-0.32379436,-0.31020027,2.6622157,0.14442194,-0.71342057,0.68569177,0
0.742365,-2.7496033,-0.10039163,0.14442194,-0.71342057,0.68569177,0
1.1917359,1.4853932,-1.6223069,-0.14442194,0.71342057,-0.68569177,0
0.54796124,0.76978654,-2.2312589,-0.14442194,0.71342057,-0.68569177,0
-0.61321557,-1.2640491,1.7307528,0.14442194,-0.71342057,0.68569177,0
-1.4204214,0.60421503,0.4496153,-0.97285277,0.024263501,0.23014921,0
0.34200835,-2.1125569,-3.0155542,-0.18083054,-0.70031577,-0.69054902,0
0.75454038,-2.1444993,-3.0911872,-0.18083054,-0.70031577,-0.69054902,0
1.1564498,-0.9161979,-1.5325456,0.97285277,-0.024263501,-0.23014921,0
1.1488236,-0.95135796,-1.5610758,0.97285277,-0.024263501,-0.23014921,0
-2.1207752,-1.3004555,-2.3100178,-0.97285277,0.024263501,0.23014921,0
-1.8166287,-0.24476838,-1.1356699,-0.97285277,0.024263501,0.23014921,0
0.19800901,0.51499641,-2.4226449,-0.14442194,0.71342057,-0.68569177,0
1.6257671,-1.1376863,0.47463423,0.97285277,-0.024263501,-0.23014921,0
0.86738384,-2.4457345,0.18943381,0.14442194,-0.71342057,0.68569177,0
1.6962442,-0.40396583,2.1391933,0.14442194,-0.71342057,0.68569177,0
0.91547012,-1.961219,-2.4410069,0.97285277,-0.024263501,-0.23014921,0
-1.7316637,1.0077759,-0.9085688,-0.97285277,0.024263501,0.23014921,0
0.53974986,0.58436477,3.4110746,0.14442194,-0.71342057,0.68569177,0
0.28303051,0.68466049,-2.2640271,-0.14442194,0.71342057,-0.68569177,0
0.34983242,2.2451172,2.69995,0.18083054,0.70031577,0.69054902,0
2.0365329,1.5208936,1.9306803,0.97285277,-0.024263501,-0.23014921,0
-1.3972434,-3.1149359,-0.029848576,0.14442194,-0.71342057,0.68569177,0
0.21925545,1.0037993,3.9149737,0.14442194,-0.71342057,0.68569177,0
0.46852708,-3.6715107,-1.4676824,-0.18083054,-0.70031577,-0.69054902,0
-0.90450859,0.53710753,-2.1674247,-0.14442194,0.71342057,-0.68569177,0
-0.55424333,-0.019643128,3.0130606,0.14442194,-0.71342057,0.68569177,0
1.2676065,0.43809426,3.1055858,0.14442194,-0.71342057,0.68569177,0
-1.0555311,1.3192636,-1.32183,-0.14442194,0.71342057,-0.68569177,0
-0.016241491,2.5825348,2.4536223,0.18083054,0.70031577,0.69054902,0
1.2173136,2.5848324,2.1282678,0.18083054,0.70031577,0.69054902,0
-0.58715338,2.4152389,2.7727857,0.18083054,0.70031577,0.69054902,0
-0.77840602,0.5580768,3.1683121,-0.97285277,0.024263501,0.23014921,0
-0.54601109,1.855775,-0.87093866,-0.14442194,0.71342057,-0.68569177,0
-0.60867488,-1.3758748,1.6134483,0.14442194,-0.71342057,0.68569177,0
0.43891132,-3.2206681,-0.52659178,0.14442194,-0.71342057,0.68569177,0
-0.82271957,-0.79039228,-3.5658333,-0.14442194,0.71342057,-0.68569177,0
1.1425874,1.674341,3.0712044,0.18083054,0.70031577,0.69054902,0
-0.23127139,-3.238447,-0.40393424,0.14442194,-0.71342057,0.68569177,0
1.3852013,1.3290257,-0.80230504,0.97285277,-0.024263501,-0.23014921,0
1.8014629,3.3148339,1.2349732,0.18083054,0.70031577,0.69054902,0
-1.2048095,-0.54334998,1.4820001,-0.97285277,0.024263501,0.23014921,0
1.327832,0.34740388,-0.94131994,0.97285277,-0.024263501,-0.23014921,0
1.2384975,-3.3916044,-0.92475533,0.97285277,-0.024263501,-0.23014921,0
2.0667343,1.5530665,2.0549512,0.97285277,-0.024263501,-0.23014921,0
1.091311,-1.5350138,-1.7426524,0.97285277,-0.024263501,-0.23014921,0
-0.61966527,2.3703058,-0.32008755,-0.14442194,0.71342057,-0.68569177,0
0.84463751,1.9982674,2.820719,0.18083054,0.70031577,0.69054902,0
0.30657554,3.7627976,0.93362856,-0.14442194,0.71342057,-0.68569177,0
-1.0914553,-3.1098011,-0.088911772,0.14442194,-0.71342057,0.68569177,0
1.4589846,-1.8483089,-0.15544772,0.97285277,-0.024263501,-0.23014921,0
0.82424808,-0.86064619,-2.9426365,0.97285277,-0.024263501,-0.23014921,0
-1.5414121,0.1020596,-0.0088791549,-0.97285277,0.024263501,0.23014921,0
-1.4983292,-0.21001697,0.2061356,-0.97285277,0.024263501,0.23014921,0
0.67602968,-3.3581719,-0.71959853,0.14442194,-0.71342057,0.68569177,0
0.78581738,-0.82272983,1.8952508,0.14442194,-0.71342057,0.68569177,0
1.3514384,-1.5058166,-0.64615786,0.97285277,-0.024263501,-0.23014921,0
2.128103,0.88637114,3.3907514,0.14442194,-0.71342057,0.68569177,0
-0.68809557,-1.4972565,1.503886,0.14442194,-0.71342057,0.68569177,0
0.061644726,-3.0527656,-1.9886301,-0.18083054,-0.70031577,-0.69054902,0
0.80558908,-3.1248903,-0.50417185,0.14442194,-0.71342057,0.68569177,0
-1.0236073,0.64228845,-2.0329051,-0.14442194,0.71342057,-0.68569177,0
1.9342022,0.53898609,1.6016409,0.97285277,-0.024263501,-0.23014921,0
-0.11295891,-1.87221,-3.1401601,-0.18083054,-0.70031577,-0.69054902,0
-1.5887394,1.3556296,-1.1716876,-0.14442194,0.71342057,-0.68569177,0
1.9143243,1.7640615,1.3884616,0.97285277,-0.024263501,-0.23014921,0
-1.5148883,1.0864682,-0.00054395199,-0.97285277,0.024263501,0.23014921,0
-0.10894275,-0.69316971,2.2185071,0.14442194,-0.71342057,0.68569177,0
-1.4314909,-0.40100789,0.50879967,-0.97285277,0.024263501,0.23014921,0
-1.8711231,-1.5110736,-1.23252,-0.97285277,0.024263501,0.23014921,0
0.027225137,-2.1420889,0.68231481,0.14442194,-0.71342057,0.68569177,0
-1.4648626,-3.677876,-0.60131145,0.14442194,-0.71342057,0.68569177,0
-1.1488043,1.6612501,1.4863157,-0.97285277,0.024263501,0.23014921,0
-2.0528688,-1.77573,-1.9728668,-0.97285277,0.024263501,0.23014921,0
-1.9363389,-0.9448266,-3.4919608,-0.14442194,0.71342057,-0.68569177,0
0.55330062,-1.4162955,1.3266551,0.14442194,-0.71342057,0.68569177,0
-0.056549907,2.2004049,2.8517125,0.18083054,0.70031577,0.69054902,0
1.1700583,0.88838804,-1.6652718,0.97285277,-0.024263501,-0.23014921,0
1.9580561,2.1896126,2.3351021,0.18083054,0.70031577,0.69054902,0
-0.7612226,-2.5710568,-2.2616723,-0.18083054,-0.70031577,-0.69054902,0
-1.146369,-3.4694414,-0.4515295,0.14442194,-0.71342057,0.68569177,0
1.0948485,3.7501712,0.75446343,-0.14442194,0.71342057,-0.68569177,0
-1.2875665,-1.9059901,1.2048855,0.14442194,-0.71342057,0.68569177,0
0.61566114,0.041743815,2.8305221,0.14442194,-0.71342057,0.68569177,0
1.5483065,1.2160931,-0.10094488,0.97285277,-0.024263501,-0.23014921,0
-0.56999874,-3.5634665,-0.67075348,0.14442194,-0.71342057,0.68569177,0
-1.1159925,0.091430783,1.7905124,-0.97285277,0.024263501,0.23014921,0
-1.156003,1.3859724,1.4849079,-0.97285277,0.024263501,0.23014921,0
0.035735518,-3.3978889,-1.6318409,-0.18083054,-0.70031577,-0.69054902,0
2.0331311,1.3579471,1.9334793,0.97285277,-0.024263501,-0.23014921,0
0.011549473,-0.49156278,2.4028883,0.14442194,-0.71342057,0.68569177,0
1.5744876,3.4591331,0.35063314,-0.14442194,0.71342057,-0.68569177,0
-1.8774064,-2.2691734,-2.2755363,-0.18083054,-0.70031577,-0.69054902,0
-0.18194044,-1.7420834,1.1425508,0.14442194,-0.71342057,0.68569177,0
-0.90894604,0.16716033,2.6577253,-0.97285277,0.024263501,0.23014921,0
-1.8304149,0.30791736,-1.2522117,-0.97285277,0.024263501,0.23014921,0
-2.0638781,-0.45146215,-2.9517817,-0.14442194,0.71342057,-0.68569177,0
-0.10205865,1.7968457,-1.0257577,-0.14442194,0.71342057,-0.68569177,0
-0.27529955,0.95051491,-1.8698249,-0.14442194,0.71342057,-0.68569177,0
-2.0084286,-2.0902367,-1.7518589,-0.97285277,0.024263501,0.23014921,0
-1.3835983,2.3709826,0.41900587,-0.97285277,0.024263501,0.23014921,0
-0.15546465,0.00069156289,2.9502258,0.14442194,-0.71342057,0.68569177,0
0.14935207,-2.7360067,0.038656712,0.14442194,-0.71342057,0.68569177,0
-1.7124252,-2.375838,-2.2105653,-0.18083054,-0.70031577,-0.69054902,0
-1.4867549,-1.9552343,-2.6962128,-0.18083054,-0.70031577,-0.69054902,0
-1.6766191,-3.3746319,-1.207022,-0.18083054,-0.70031577,-0.69054902,0
-0.48507088,2.76684,2.3894804,0.18083054,0.70031577,0.69054902,0
-0.27340508,-2.2420521,0.64162838,0.14442194,-0.71342057,0.68569177,0
0.3694942,-0.020534426,2.8175731,0.14442194,-0.71342057,0.68569177,0
-1.4950086,-2.1807251,0.42793524,-0.97285277,0.024263501,0.23014921,0
-0.52688622,-1.316891,-3.5949404,-0.18083054,-0.70031577,-0.69054902,0
-1.6114438,-2.9916248,0.021246433,-0.97285277,0.024263501,0.23014921,0
-0.74437237,-3.2427583,-1.584883,-0.18083054,-0.70031577,-0.69054902,0
-0.81452537,-0.6492672,-3.4207277,-0.14442194,0.71342057,-0.68569177,0
1.4294289,-0.89957821,-0.38040078,0.97285277,-0.024263501,-0.23014921,0
1.1654451,-1.4424218,-1.439045,0.97285277,-0.024263501,-0.23014921,0
1.8235716,-0.24682665,1.2168444,0.97285277,-0.024263501,-0.23014921,0
0.30152535,0.23889846,-2.7317104,-0.14442194,0.71342057,-0.68569177,0
-0.61715388,3.4855404,1.6952028,0.18083054,0.70031577,0.69054902,0
-0.14417106,2.464129,2.6072035,0.18083054,0.70031577,0.69054902,0
-0.48498392,0.39966625,3.4347386,0.14442194,-0.71342057,0.68569177,0
-1.8784347,-1.2518803,-3.3069479,-0.18083054,-0.70031577,-0.69054902,0
1.3520606,1.8890426,-1.0014324,0.97285277,-0.024263501,-0.23014921,0
-2.0966632,-1.0362797,-2.2359445,-0.97285277,0.024263501,0.23014921,0
1.670787,1.9131806,0.34329593,0.97285277,-0.024263501,-0.23014921,0
-1.9228671,0.33066678,-1.6454093,-0.97285277,0.024263501,0.23014921,0
-1.7278335,-2.6578791,-0.50592422,-0.97285277,0.024263501,0.23014921,0
1.0727051,2.6578393,2.0920961,0.18083054,0.70031577,0.69054902,0
-1.5681543,0.35985005,-0.1490971,-0.97285277,0.024263501,0.23014921,0
-1.0966147,3.6330605,1.4990458,-0.97285277,0.024263501,0.23014921,0
1.4796444,3.3909202,0.29963803,-0.14442194,0.71342057,-0.68569177,0
2.0613065,2.5181494,1.930264,0.97285277,-0.024263501,-0.23014921,0
1.1519108,-3.7384973,-1.2155356,0.14442194,-0.71342057,0.68569177,0
0.95153093,-0.18692613,-2.4756327,0.97285277,-0.024263501,-0.23014921,0
1.4286597,0.55667692,-0.53717881,0.97285277,-0.024263501,-0.23014921,0
-0.728769,-3.8300498,-0.99337125,-0.18083054,-0.70031577,-0.69054902,0
0.97296119,1.430007,3.3634129,0.18083054,0.70031577,0.69054902,0
0.57051241,3.2674329,0.36264038,-0.14442194,0.71342057,-0.68569177,0
0.4096036,0.082453698,-2.9172456,-0.14442194,0.71342057,-0.68569177,0
1.3754573,1.6455066,3.0394666,0.18083054,0.70031577,0.69054902,0
-1.8090727,0.32568014,-1.1638699,-0.97285277,0.024263501,0.23014921,0
1.8406978,1.7296898,1.080862,0.97285277,-0.024263501,-0.23014921,0
-1.0097018,1.4988672,2.0914295,-0.97285277,0.024263501,0.23014921,0
0.91949302,3.732872,0.77339816,-0.14442194,0.71342057,-0.68569177,0
0.52349079,0.58617234,-2.4171441,-0.14442194,0.71342057,-0.68569177,0
-1.3224478,0.56565404,-2.0496964,-0.14442194,0.71342057,-0.68569177,0
1.1796037,-2.2593729,-1.2930677,0.97285277,-0.024263501,-0.23014921,0
-0.58772731,-3.3357244,-1.5316222,-0.18083054,-0.70031577,-0.69054902,0
1.3100479,-0.51415479,2.1058898,0.14442194,-0.71342057,0.68569177,0
0.5171684,3.4910243,1.3926027,0.18083054,0.70031577,0.69054902,0
-1.331784,-1.0707121,-3.6338265,-0.18083054,-0.70031577,-0.69054902,0
-1.7219145,-0.57167709,-3.1488836,-0.14442194,0.71342057,-0.68569177,0
0.27503085,2.176024,2.7896085,0.18083054,0.70031577,0.69054902,0
-1.9429636,-2.2017584,-2.3267374,-0.18083054,-0.70031577,-0.69054902,0
-0.84257436,-0.61519241,-3.3793671,-0.14442194,0.71342057,-0.68569177,0
1.7028537,2.7705541,0.38845515,0.97285277,-0.024263501,-0.23014921,0
0.32482401,2.7767932,2.1673031,0.18083054,0.70031577,0.69054902,0
0.70734048,3.5959041,1.2364397,0.18083054,0.70031577,0.69054902,0
-0.65820956,2.0632799,-0.63141102,-0.14442194,0.71342057,-0.68569177,0
0.047644019,2.7105248,-0.10666084,-0.14442194,0.71342057,-0.68569177,0
0.30900788,-0.036785662,2.8134043,0.14442194,-0.71342057,0.68569177,0
0.98767912,1.8589747,-1.1906394,-0.14442194,0.71342057,-0.68569177,0
0.1388582,-2.9325042,-0.16357684,0.14442194,-0.71342057,0.68569177,0
1.6454178,0.3576771,0.400049,0.97285277,-0.024263501,-0.23014921,0
-1.2959359,-0.38952684,-3.0490878,-0.14442194,0.71342057,-0.68569177,0
0.47089362,0.22718795,-2.7795677,-0.14442194,0.71342057,-0.68569177,0
-0.83068395,-3.6069562,-1.1929326,-0.18083054,-0.70031577,-0.69054902,0
-0.9421854,0.213175,2.5123692,-0.97285277,0.024263501,0.23014921,0
0.62032282,-1.7976053,0.91580939,0.14442194,-0.71342057,0.68569177,0
2.0204878,1.9302131,1.8197041,0.97285277,-0.024263501,-0.23014921,0
0.33899376,3.3270955,1.6055076,0.18083054,0.70031577,0.69054902,0
-1.056536,-2.4176204,-2.3399465,-0.18083054,-0.70031577,-0.69054902,0
0.86274433,-3.5601976,-1.6838017,-0.18083054,-0.70031577,-0.69054902,0
0.49809217,1.3032365,3.6163282,0.18083054,0.70031577,0.69054902,0
1.4006326,1.3893416,3.2926617,0.18083054,0.70031577,0.69054902,0
1.6284944,-1.4799049,0.52224052,0.97285277,-0.024263501,-0.23014921,0
1.240984,1.5364013,3.1853282,0.18083054,0.70031577,0.69054902,0
-1.9353551,-0.81338382,-1.5775856,-0.97285277,0.024263501,0.23014921,0
-1.5544295,1.2600437,-0.18598598,-0.97285277,0.024263501,0.23014921,0
1.890182,1.860732,2.6864088,0.18083054,0.70031577,0.69054902,0
1.4795403,-2.3425152,-0.016454697,0.97285277,-0.024263501,-0.23014921,0
1.4793053,2.8341036,-0.27962446,-0.14442194,0.71342057,-0.68569177,0
-1.1442796,0.39518511,1.6389179,-0.97285277,0.024263501,0.23014921,0
-0.22219682,1.8056815,-0.99126053,-0.14442194,0.71342057,-0.68569177,0
-1.7305349,1.1881545,-1.3160703,-0.14442194,0.71342057,-0.68569177,0
-0.63323522,0.72794837,-2.0260024,-0.14442194,0.71342057,-0.68569177,0
0.1600914,-3.0348835,-0.27456832,0.14442194,-0.71342057,0.68569177,0
-1.2570728,-1.2058315,1.3309233,-0.97285277,0.024263501,0.23014921,0
1.5547318,-0.64215434,1.9211783,0.14442194,-0.71342057,0.68569177,0
-1.4575039,-1.5081011,0.51555741,-0.97285277,0.024263501,0.23014921,0
-0.200351,0.58948541,-2.2612398,-0.14442194,0.71342057,-0.68569177,0
0.020559072,-2.1479664,0.67760348,0.14442194,-0.71342057,0.68569177,0
-0.31992435,-0.93254095,-3.8196304,-0.14442194,0.71342057,-0.68569177,0
0.3312102,3.4788842,1.4536102,0.18083054,0.70031577,0.69054902,0
-0.59149671,1.4446371,-1.2891226,-0.14442194,0.71342057,-0.68569177,0
0.58705229,-2.1356277,-3.0563257,-0.18083054,-0.70031577,-0.69054902,0
-1.4532619,-0.43551457,0.42041081,-0.97285277,0.024263501,0.23014921,0
1.0895631,0.20803523,-1.933802,0.97285277,-0.024263501,-0.23014921,0
-0.35771853,-3.7560871,-1.165545,-0.18083054,-0.70031577,-0.69054902,0
1.1048226,2.9753256,1.761709,0.18083054,0.70031577,0.69054902,0
1.866859,0.1500572,1.3579807,0.97285277,-0.024263501,-0.23014921,0
-1.7853105,-1.419078,-0.8794837,-0.97285277,0.024263501,0.23014921,0
1.5023576,-1.3173666,1.229692,0.14442194,-0.71342057,0.68569177,0
-1.3454505,1.3591698,0.68692935,-0.97285277,0.024263501,0.23014921,0
0.96133828,-0.10231251,-2.4430964,0.97285277,-0.024263501,-0.23014921,0
1.5854526,1.0332172,0.075353324,0.97285277,-0.024263501,-0.23014921,0
-1.491457,-2.6042254,0.48759532,-0.97285277,0.024263501,0.23014921,0
-0.23932622,-3.2444687,-1.7154021,-0.18083054,-0.70031577,-0.69054902,0
0.90990686,0.78994185,-2.2865224,-0.14442194,0.71342057,-0.68569177,0
-1.3969246,2.3829808,-0.14319205,-0.14442194,0.71342057,-0.68569177,0
-0.6658994,-1.7376266,-3.1318519,-0.18083054,-0.70031577,-0.69054902,0
2.303818,1.3636944,3.0770822,0.97285277,-0.024263501,-0.23014921,0
1.1433481,-2.9825177,-1.3700848,0.97285277,-0.024263501,-0.23014921,0
1.049525,1.5011387,3.2712262,0.18083054,0.70031577,0.69054902,0
-0.88234282,-2.0352449,-2.7733452,-0.18083054,-0.70031577,-0.69054902,0
-1.9930316,-2.0838628,-2.4331894,-0.18083054,-0.70031577,-0.69054902,0
-1.9271722,-2.3261764,-2.204695,-0.18083054,-0.70031577,-0.69054902,0
-1.4713261,2.4716015,0.037567377,-0.97285277,0.024263501,0.23014921,0
-0.90404081,0.069848299,2.6887193,-0.97285277,0.024263501,0.23014921,0
-0.087150723,2.9933863,2.0555286,0.18083054,0.70031577,0.69054902,0
-2.2527275,-1.0359136,-3.4279552,-0.18083054,-0.70031577,-0.69054902,0
-1.63612,-2.1803744,-2.4287758,-0.18083054,-0.70031577,-0.69054902,0
1.4002125,2.0956564,-0.81967396,0.97285277,-0.024263501,-0.23014921,0
1.2735,0.83550155,-1.2224426,0.97285277,-0.024263501,-0.23014921,0
-0.67779773,3.8820448,1.3089709,0.18083054,0.70031577,0.69054902,0
0.8924942,-0.20137924,-2.72366,0.97285277,-0.024263501,-0.23014921,0
1.9147445,-0.037571669,1.5801754,0.97285277,-0.024263501,-0.23014921,0
-0.43602014,-0.35252517,2.6418166,0.14442194,-0.71342057,0.68569177,0
-1.1532584,-1.7438822,-2.997885,-0.18083054,-0.70031577,-0.69054902,0
1.5976332,3.576432,0.46780062,-0.14442194,0.71342057,-0.68569177,0
-1.9633052,-2.4922016,-2.0268595,-0.18083054,-0.70031577,-0.69054902,0
0.22563529,-2.0445566,0.74200135,0.14442194,-0.71342057,0.68569177,0
0.84010291,2.7077935,2.1023457,0.18083054,0.70031577,0.69054902,0
0.57560182,-0.94968283,1.80744,0.14442194,-0.71342057,0.68569177,0
-0.75535822,-0.87932301,2.1609755,0.14442194,-0.71342057,0.68569177,0
-0.95480394,-0.14721197,2.4970243,-0.97285277,0.024263501,0.23014921,0
-1.172524,-0.78165317,1.6435962,-0.97285277,0.024263501,0.23014921,0
-1.4335974,-1.2632709,0.59079975,-0.97285277,0.024263501,0.23014921,0
0.24062085,2.1554263,-0.72485232,-0.14442194,0.71342057,-0.68569177,0
-0.74462152,2.4105358,-0.25191224,-0.14442194,0.71342057,-0.68569177,0
1.2878276,-2.2767873,-0.83376431,0.97285277,-0.024263501,-0.23014921,0
-1.0307996,2.3850029,-0.21820211,-0.14442194,0.71342057,-0.68569177,0
-0.77600986,-3.3825412,-0.43912125,0.14442194,-0.71342057,0.68569177,0
-1.5733236,1.074387,-0.24627912,-0.97285277,0.024263501,0.23014921,0
-0.63524246,-1.6674008,-3.2110987,-0.18083054,-0.70031577,-0.69054902,0
0.78729326,3.6106253,1.2005734,0.18083054,0.70031577,0.69054902,0
1.1989884,3.3150673,1.3925033,0.18083054,0.70031577,0.69054902,0
-1.7826203,-3.7246785,-0.62504292,-0.97285277,0.024263501,0.23014921,0
1.3422379,-0.53527403,-0.78736901,0.97285277,-0.024263501,-0.23014921,0
-1.1904778,-0.30173004,-2.9799523,-0.14442194,0.71342057,-0.68569177,0
2.1771574,1.4900393,2.5283594,0.97285277,-0.024263501,-0.23014921,0
-1.311363,-3.2818708,-1.3967423,-0.18083054,-0.70031577,-0.69054902,0
0.52629584,3.233645,1.651232,0.18083054,0.70031577,0.69054902,0
1.2294453,2.3338642,-0.74746686,-0.14442194,0.71342057,-0.68569177,0
0.24142373,3.4636617,0.6361177,-0.14442194,0.71342057,-0.68569177,0
-0.45321101,-3.8467569,-0.990098,0.14442194,-0.71342057,0.68569177,0
0.95276856,-0.91980964,-2.3931365,0.97285277,-0.024263501,-0.23014921,0
-0.36761856,-2.9433246,-0.068159342,0.14442194,-0.71342057,0.68569177,0
0.5837636,2.3833089,-0.56002796,-0.14442194,0.71342057,-0.68569177,0
-0.8661983,0.71732539,-1.9879875,-0.14442194,0.71342057,-0.68569177,0
1.9047433,1.9127501,2.6298416,0.18083054,0.70031577,0.69054902,0
-1.0863873,3.4108763,0.86086464,-0.14442194,0.71342057,-0.68569177,0
0.69945908,-3.6310349,-1.5692034,-0.18083054,-0.70031577,-0.69054902,0
-1.5906447,-2.814394,0.090481043,-0.97285277,0.024263501,0.23014921,0
0.12752271,2.296874,2.7056761,0.18083054,0.70031577,0.69054902,0
-1.7478896,-1.6089946,-0.70128238,-0.97285277,0.024263501,0.23014921,0
0.3147881,3.8374064,1.0943174,0.18083054,0.70031577,0.69054902,0
1.8896726,1.9363766,2.6098275,0.18083054,0.70031577,0.69054902,0
0.022613287,0.87681985,-2.0092471,-0.14442194,0.71342057,-0.68569177,0
0.71185893,-2.2700858,-2.9526482,-0.18083054,-0.70031577,-0.69054902,0
-1.1388562,-2.8596516,-1.8701072,-0.18083054,-0.70031577,-0.69054902,0
-1.0822339,-0.16800123,1.9605625,-0.97285277,0.024263501,0.23014921,0
-1.2211324,-0.55420023,1.4141467,-0.97285277,0.024263501,0.23014921,0
0.45806193,1.4701622,-1.4836259,-0.14442194,0.71342057,-0.68569177,0
1.8224657,2.7240982,1.8285639,0.18083054,0.70031577,0.69054902,0
0.094988763,2.5985744,2.4082282,0.18083054,0.70031577,0.69054902,0
0.47635531,-0.49656826,2.2997818,0.14442194,-0.71342057,0.68569177,0
-1.4752883,-1.4490412,0.4341554,-0.97285277,0.024263501,0.23014921,0
-1.3549669,1.8119825,0.59896541,-0.97285277,0.024263501,0.23014921,0
-0.40671778,-0.39671904,-3.2438602,-0.14442194,0.71342057,-0.68569177,0
-1.0526851,2.8181365,0.23705626,-0.14442194,0.71342057,-0.68569177,0
0.31714141,2.5032344,2.446743,0.18083054,0.70031577,0.69054902,0
-0.067767024,-3.8410578,-1.1553011,-0.18083054,-0.70031577,-0.69054902,0
-0.41239083,2.178915,-0.56287467,-0.14442194,0.71342057,-0.68569177,0
-2.0823083,-1.9591707,-2.0779696,-0.97285277,0.024263501,0.23014921,0
-0.38865685,-3.6289294,-1.2863989,-0.18083054,-0.70031577,-0.69054902,0
0.92282045,-2.7861562,-2.3229675,0.97285277,-0.024263501,-0.23014921,0
-0.87473583,0.44562662,2.7729757,-0.97285277,0.024263501,0.23014921,0
0.68591273,-1.5023072,-3.4597404,0.97285277,-0.024263501,-0.23014921,0
-1.0707923,-1.8569834,1.2102165,0.14442194,-0.71342057,0.68569177,0
1.351757,1.9369304,2.7501268,0.18083054,0.70031577,0.69054902,0
-0.37835687,3.5347807,1.5827336,0.18083054,0.70031577,0.69054902,0
1.6279889,2.0002663,0.15320539,0.97285277,-0.024263501,-0.23014921,0
-1.5736694,0.79509091,-1.7580687,-0.14442194,0.71342057,-0.68569177,0
1.3891352,2.7836833,-0.31309211,-0.14442194,0.71342057,-0.68569177,0
1.5836823,1.5374879,0.014707088,0.97285277,-0.024263501,-0.23014921,0
-1.8512424,0.05634129,-1.3137285,-0.97285277,0.024263501,0.23014921,0
1.2432561,-2.399437,-1.0092394,0.97285277,-0.024263501,-0.23014921,0
-1.4447473,-1.2386472,0.54107261,-0.97285277,0.024263501,0.23014921,0
-0.14067042,-2.2605093,-2.7391131,-0.18083054,-0.70031577,-0.69054902,0
1.7130787,0.96495336,3.5599241,0.14442194,-0.71342057,0.68569177,0
-1.0697918,-3.2717957,-0.26202035,0.14442194,-0.71342057,0.68569177,0
0.089789927,-3.8332021,-1.2045259,-0.18083054,-0.70031577,-0.69054902,0
-0.8146832,0.10461479,-2.6363263,-0.14442194,0.71342057,-0.68569177,0
-1.5695462,-1.9023989,0.083517671,-0.97285277,0.024263501,0.23014921,0
-1.6244755,1.5535264,-0.51301289,-0.97285277,0.024263501,0.23014921,0
1.9936763,0.23254752,1.8853474,0.97285277,-0.024263501,-0.23014921,0
-0.063512325,-1.1191123,1.7657709,0.14442194,-0.71342057,0.68569177,0
0.25688052,0.5355047,-2.4137068,-0.14442194,0.71342057,-0.68569177,0
-0.93934023,0.26397395,2.5190406,-0.97285277,0.024263501,0.23014921,0
-0.77121031,3.7875037,1.1863389,-0.14442194,0.71342057,-0.68569177,0
-0.35805464,3.3817225,1.7326398,0.18083054,0.70031577,0.69054902,0
1.3060668,-0.18514585,2.4490418,0.14442194,-0.71342057,0.68569177,0
-0.33629394,-1.3285916,-3.6329839,-0.18083054,-0.70031577,-0.69054902,0
