-2.7997336,-0.63553286,1.734937,-0.57083446,0.45207816,0.68540019,0
-1.0725021,-1.1939659,-0.7304436,-0.81227559,-0.18911839,-0.5517633,0
2.0297599,-0.33519617,-1.7359325,0.57083446,-0.45207816,-0.68540019,0
-1.3811057,-0.17808509,2.6147144,-0.57083446,0.45207816,0.68540019,0
-2.4720316,1.109702,0.85673618,-0.57083446,0.45207816,0.68540019,0
0.84999084,-1.756071,2.0691457,0.81227559,0.18911839,0.5517633,0
0.81826764,1.8858386,-1.5953808,0.11981839,0.87169933,-0.47516739,0
-2.8353457,-1.1609018,2.0518017,-0.57083446,0.45207816,0.68540019,0
-0.24045849,-1.0861838,3.2080567,-0.11981839,-0.87169933,0.47516739,0
0.67398405,-3.3171229,-0.65403891,-0.11981839,-0.87169933,0.47516739,0
-1.4588987,1.6541231,1.3414316,-0.57083446,0.45207816,0.68540019,0
0.77269256,-2.499418,-1.3553956,0.57083446,-0.45207816,-0.68540019,0
1.3146864,-1.1462109,-1.7965488,0.57083446,-0.45207816,-0.68540019,0
1.5981599,0.62541544,-2.7289925,0.57083446,-0.45207816,-0.68540019,0
2.7909625,0.65756971,-1.7567772,0.57083446,-0.45207816,-0.68540019,0
1.1074033,-0.49518037,1.2580236,0.81227559,0.18911839,0.5517633,0
-2.8162878,-1.3404511,2.0920775,-0.11981839,-0.87169933,0.47516739,0
-1.3081661,2.3892612,-1.2080483,0.11981839,0.87169933,-0.47516739,0
-1.9825013,-0.86915416,2.5696602,-0.57083446,0.45207816,0.68540019,0
0.43125939,3.2654078,0.83786559,0.11981839,0.87169933,-0.47516739,0
-0.21056497,1.6973671,2.3525817,-0.57083446,0.45207816,0.68540019,0
-2.6357994,-0.29722998,1.2635982,-0.81227559,-0.18911839,-0.5517633,0
-1.2767123,-2.1836333,0.93347144,-0.11981839,-0.87169933,0.47516739,0
-1.3999196,0.46750581,2.1732244,-0.57083446,0.45207816,0.68540019,0
1.6053185,-0.66355014,0.58272916,0.81227559,0.18911839,0.5517633,0
-1.1996456,1.4710853,-1.4567235,-0.81227559,-0.18911839,-0.5517633,0
0.62813735,2.58307,0.908494,0.81227559,0.18911839,0.5517633,0
-1.4986649,-0.2396313,2.5574002,-0.57083446,0.45207816,0.68540019,0
2.0309687,1.0814781,-0.64200234,0.81227559,0.18911839,0.5517633,0
2.8168414,1.0386146,-1.9865544,0.57083446,-0.45207816,-0.68540019,0
2.9157438,1.13693,-1.9635262,0.81227559,0.18911839,0.5517633,0
0.91945463,-3.3265696,-0.68758988,0.57083446,-0.45207816,-0.68540019,0
-0.45493758,-1.8842251,1.6899581,-0.11981839,-0.87169933,0.47516739,0
1.1954668,0.42335069,-2.9310966,0.57083446,-0.45207816,-0.68540019,0
-0.057703137,-0.98835063,-2.2948501,-0.81227559,-0.18911839,-0.5517633,0
-0.15777349,-3.4754977,-1.1543148,-0.11981839,-0.87169933,0.47516739,0
1.6488616,-2.3959856,-0.69390142,0.57083446,-0.45207816,-0.68540019,0
-0.64397675,-0.070387363,-1.7464049,-0.81227559,-0.18911839,-0.5517633,0
-2.5781357,0.2730422,1.3202138,-0.57083446,0.45207816,0.68540019,0
-0.1342227,2.7785716,-0.19783282,0.11981839,0.87169933,-0.47516739,0
-0.97656161,-0.97391069,-0.9471066,-0.81227559,-0.18911839,-0.5517633,0
-1.4233301,-2.4979892,0.31981134,-0.11981839,-0.87169933,0.47516739,0
0.86821508,-1.8054299,-1.7335825,0.57083446,-0.45207816,-0.68540019,0
1.9074838,2.0058148,-1.100626,0.11981839,0.87169933,-0.47516739,0
-2.1882563,3.0085864,-0.29381418,0.11981839,0.87169933,-0.47516739,0
-0.35271537,1.0186548,-2.5484562,-0.81227559,-0.18911839,-0.5517633,0
1.8054682,-2.1240654,-0.74282587,0.57083446,-0.45207816,-0.68540019,0
-0.66934937,-2.9247,-0.27287078,-0.11981839,-0.87169933,0.47516739,0
2.0083606,0.49788958,-2.3032436,0.57083446,-0.45207816,-0.68540019,0
0.53886628,-2.9639158,-1.2437625,0.57083446,-0.45207816,-0.68540019,0
-0.38906443,2.3033414,1.8042284,-0.57083446,0.45207816,0.68540019,0
1.4138107,-2.2289677,-0.99982572,0.57083446,-0.45207816,-0.68540019,0
-0.20737851,1.0318677,-2.7669415,-0.81227559,-0.18911839,-0.5517633,0
-0.56408691,-2.2823114,0.93214154,-0.11981839,-0.87169933,0.47516739,0
2.3732033,-0.30409494,-1.4704099,0.57083446,-0.45207816,-0.68540019,0
-1.8034091,-0.49426925,0.10573447,-0.81227559,-0.18911839,-0.5517633,0
1.5715593,-0.49644619,-2.0111861,0.57083446,-0.45207816,-0.68540019,0
0.92142022,-2.8157375,0.3281517,-0.11981839,-0.87169933,0.47516739,0
0.0077539682,-2.9623027,-0.17111373,-0.11981839,-0.87169933,0.47516739,0
-2.2831969,0.49100363,0.47434676,-0.81227559,-0.18911839,-0.5517633,0
-2.2487023,1.4203523,0.83783615,-0.57083446,0.45207816,0.68540019,0
2.3717377,-2.7769175,0.17881155,0.81227559,0.18911839,0.5517633,0
-2.1310539,1.9761449,-0.25866556,-0.81227559,-0.18911839,-0.5517633,0
1.4045432,-0.67463517,0.88209921,0.81227559,0.18911839,0.5517633,0
-1.2568339,-1.3693161,2.4323571,-0.11981839,-0.87169933,0.47516739,0
-0.011435628,1.6674669,-2.2052035,0.11981839,0.87169933,-0.47516739,0
-0.40443736,3.2880478,0.66866922,0.11981839,0.87169933,-0.47516739,0
1.9254969,1.9053206,-1.280441,0.11981839,0.87169933,-0.47516739,0
-0.70121092,2.9286859,1.1317914,-0.57083446,0.45207816,0.68540019,0
2.1204896,1.9454365,-1.1576784,0.11981839,0.87169933,-0.47516739,0
2.2231417,0.66412151,-2.2340071,0.57083446,-0.45207816,-0.68540019,0
-0.53750718,1.896457,-1.917774,0.11981839,0.87169933,-0.47516739,0
-2.2555151,2.9163964,-0.39771438,-0.81227559,-0.18911839,-0.5517633,0
0.00099354982,2.1843932,-1.2537627,0.11981839,0.87169933,-0.47516739,0
1.4711714,-0.10942435,-2.3500671,0.57083446,-0.45207816,-0.68540019,0
-0.88565207,0.79102993,2.3881404,-0.57083446,0.45207816,0.68540019,0
-1.0185199,1.0338017,2.1173539,-0.57083446,0.45207816,0.68540019,0
-0.30503845,-0.067537785,3.1907675,0.81227559,0.18911839,0.5517633,0
-0.73989022,3.0654657,0.17575216,0.11981839,0.87169933,-0.47516739,0
0.24618483,-2.672327,-1.6798487,0.57083446,-0.45207816,-0.68540019,0
-0.69907832,1.1593226,2.3006089,-0.57083446,0.45207816,0.68540019,0
-2.0924749,2.8094711,-0.60108423,-0.81227559,-0.18911839,-0.5517633,0
-0.46280336,-0.87652922,3.5366023,-0.11981839,-0.87169933,0.47516739,0
0.57917041,-2.8866043,0.11184382,-0.11981839,-0.87169933,0.47516739,0
2.5894823,1.5010061,-1.8547297,0.11981839,0.87169933,-0.47516739,0
0.78448695,2.30443,-0.83598804,0.11981839,0.87169933,-0.47516739,0
0.56889045,-0.83530068,-2.6227551,0.57083446,-0.45207816,-0.68540019,0
-1.447295,1.7631795,1.2791641,-0.57083446,0.45207816,0.68540019,0
-0.90680575,2.4718235,-0.95538044,0.11981839,0.87169933,-0.47516739,0
-2.4148493,1.6435353,0.55225313,-0.57083446,0.45207816,0.68540019,0
-0.68460476,1.0781374,-2.0802546,-0.81227559,-0.18911839,-0.5517633,0
-1.937572,2.5029151,-0.72405088,-0.81227559,-0.18911839,-0.5517633,0
1.1264855,-2.0582891,1.7656915,0.81227559,0.18911839,0.5517633,0
2.7919171,0.54607302,-1.5787177,0.81227559,0.18911839,0.5517633,0
2.7568638,0.1589976,-1.3944432,0.81227559,0.18911839,0.5517633,0
1.0534015,-2.5567656,0.836519,-0.11981839,-0.87169933,0.47516739,0
2.3277183,1.5641375,-1.8049207,0.11981839,0.87169933,-0.47516739,0
-0.77194077,-2.1761267,1.0745254,-0.11981839,-0.87169933,0.47516739,0
-0.49464011,3.2564309,1.0876584,-0.57083446,0.45207816,0.68540019,0
1.7389836,0.63496673,-2.6180077,0.57083446,-0.45207816,-0.68540019,0
-0.03518784,-1.1690693,-2.2660542,-0.81227559,-0.18911839,-0.5517633,0
2.2311342,0.2666887,-0.65740407,0.81227559,0.18911839,0.5517633,0
1.7045267,-1.3815358,0.6827718,0.81227559,0.18911839,0.5517633,0
-1.9871655,-0.17779315,2.109766,-0.57083446,0.45207816,0.68540019,0
-0.092400074,-0.068155289,2.8779445,0.81227559,0.18911839,0.5517633,0
-1.1475844,-2.6293082,0.14843726,-0.11981839,-0.87169933,0.47516739,0
-1.4037416,1.4140488,-1.1367149,-0.81227559,-0.18911839,-0.5517633,0
-2.2064831,0.030007988,1.7900455,-0.57083446,0.45207816,0.68540019,0
1.1751819,1.4587018,-2.2889671,0.11981839,0.87169933,-0.47516739,0
-1.0983255,-2.7490039,-0.058724642,-0.11981839,-0.87169933,0.47516739,0
2.5827737,0.80029529,-2.0243061,0.57083446,-0.45207816,-0.68540019,0
-0.87038732,-2.2628663,0.89057684,-0.11981839,-0.87169933,0.47516739,0
1.3080162,1.5293217,-2.1259198,0.11981839,0.87169933,-0.47516739,0
-2.5354731,-1.1657929,1.4136055,-0.81227559,-0.18911839,-0.5517633,0
0.32168901,2.9039834,0.14719963,0.11981839,0.87169933,-0.47516739,0
-1.5121237,2.8920007,-0.33719802,0.11981839,0.87169933,-0.47516739,0
-2.3021243,-1.083917,1.0420191,-0.81227559,-0.18911839,-0.5517633,0
-0.87063408,3.0449901,0.913975,-0.57083446,0.45207816,0.68540019,0
2.2829542,0.078220159,-1.7977421,0.57083446,-0.45207816,-0.68540019,0
-2.7036357,0.28620219,1.2070115,-0.57083446,0.45207816,0.68540019,0
-1.8640358,0.99874109,1.4362924,-0.57083446,0.45207816,0.68540019,0
0.20640922,1.0640697,-3.25721,0.11981839,0.87169933,-0.47516739,0
-0.31461775,-2.8629961,-0.070224285,-0.11981839,-0.87169933,0.47516739,0
2.3900492,1.2925689,-1.2429729,0.81227559,0.18911839,0.5517633,0
0.11650807,3.1864309,0.61361313,0.11981839,0.87169933,-0.47516739,0
0.87755311,-2.2418718,-1.4379357,0.57083446,-0.45207816,-0.68540019,0
-0.61573333,3.0060735,0.098103762,0.11981839,0.87169933,-0.47516739,0
-1.084276,2.6227398,1.0145527,-0.57083446,0.45207816,0.68540019,0
-0.55148101,-0.83707261,3.5866251,-0.11981839,-0.87169933,0.47516739,0
-0.27433228,-1.0365741,3.2905238,-0.11981839,-0.87169933,0.47516739,0
-1.7206995,-1.5831764,1.9230604,-0.11981839,-0.87169933,0.47516739,0
0.2669605,1.4521488,1.8278252,0.81227559,0.18911839,0.5517633,0
1.680118,1.5393181,-2.0137513,0.11981839,0.87169933,-0.47516739,0
-0.14918029,-2.8470838,-1.5230966,-0.81227559,-0.18911839,-0.5517633,0
-0.75443673,0.38349032,2.7662294,-0.57083446,0.45207816,0.68540019,0
-0.67168927,1.4778973,-2.2362866,-0.81227559,-0.18911839,-0.5517633,0
-2.4236994,-0.79559863,2.153693,-0.57083446,0.45207816,0.68540019,0
-0.7084049,2.8771541,-0.16176844,0.11981839,0.87169933,-0.47516739,0
-1.2525632,0.03940618,-0.88810927,-0.81227559,-0.18911839,-0.5517633,0
-1.3441252,1.8776779,1.2895676,-0.57083446,0.45207816,0.68540019,0
0.63620329,0.18626738,-3.2405024,0.57083446,-0.45207816,-0.68540019,0
1.7890832,-2.5954812,0.95100427,-0.11981839,-0.87169933,0.47516739,0
-0.5016607,0.75795484,-2.2398312,-0.81227559,-0.18911839,-0.5517633,0
-1.4652256,-1.9606799,1.294946,-0.11981839,-0.87169933,0.47516739,0
-0.30722541,-3.3056128,-0.88034511,-0.11981839,-0.87169933,0.47516739,0
1.2346208,-0.96522689,-1.9826053,0.57083446,-0.45207816,-0.68540019,0
-1.1174346,-1.040242,-0.7169857,-0.81227559,-0.18911839,-0.5517633,0
1.6191695,1.031365,-2.9609649,0.11981839,0.87169933,-0.47516739,0
-1.1443594,-0.84454179,3.2514718,-0.57083446,0.45207816,0.68540019,0
0.45357412,1.9955127,-1.4861436,0.11981839,0.87169933,-0.47516739,0
2.3778663,-0.9403677,-0.45969296,0.81227559,0.18911839,0.5517633,0
1.6795921,-3.1105726,-0.021545172,-0.11981839,-0.87169933,0.47516739,0
-0.40229952,1.6699666,-2.2991786,0.11981839,0.87169933,-0.47516739,0
-1.7639202,0.035007715,2.1553357,-0.57083446,0.45207816,0.68540019,0
1.0958534,-2.3940537,1.1457202,-0.11981839,-0.87169933,0.47516739,0
0.14869189,2.2651112,1.7232884,0.81227559,0.18911839,0.5517633,0
-0.035025835,-1.8879364,1.7890348,-0.11981839,-0.87169933,0.47516739,0
2.1400089,-1.4275205,0.057440519,0.81227559,0.18911839,0.5517633,0
0.54758179,-3.0050185,-0.11335325,-0.11981839,-0.87169933,0.47516739,0
-1.7348013,-1.628605,0.39353037,-0.81227559,-0.18911839,-0.5517633,0
-1.1605647,-2.4723709,-0.16262603,-0.81227559,-0.18911839,-0.5517633,0
0.69112355,-3.2736716,-0.91264582,0.57083446,-0.45207816,-0.68540019,0
-0.37125492,-0.22571874,-2.0946503,-0.81227559,-0.18911839,-0.5517633,0
1.460897,1.9342766,-1.3444746,0.11981839,0.87169933,-0.47516739,0
-1.0828239,2.2394149,-1.426121,0.11981839,0.87169933,-0.47516739,0
0.13089383,3.5143142,1.3213222,0.81227559,0.18911839,0.5517633,0
2.0748627,-1.3518689,-1.0277885,0.57083446,-0.45207816,-0.68540019,0
1.0107151,-2.6606047,0.63526106,-0.11981839,-0.87169933,0.47516739,0
-2.5434973,-0.70350879,1.993179,-0.57083446,0.45207816,0.68540019,0
1.6163543,1.0808765,-2.8708458,0.11981839,0.87169933,-0.47516739,0
-1.0971634,-2.1409993,-0.36954045,-0.81227559,-0.18911839,-0.5517633,0
-0.47043812,0.68337011,-2.2602315,-0.81227559,-0.18911839,-0.5517633,0
-1.8978689,-1.1327491,2.7046981,-0.11981839,-0.87169933,0.47516739,0
0.19573033,2.8507638,0.017805576,0.11981839,0.87169933,-0.47516739,0
-0.372648,-0.30872154,-2.0641503,-0.81227559,-0.18911839,-0.5517633,0
1.7165052,-0.43215793,-1.9328717,0.57083446,-0.45207816,-0.68540019,0
0.28045106,1.2905122,-2.8231287,0.11981839,0.87169933,-0.47516739,0
-1.1796118,0.31781113,-1.0909286,-0.81227559,-0.18911839,-0.5517633,0
-1.3480593,1.1369871,1.7748382,-0.57083446,0.45207816,0.68540019,0
-1.0453314,3.3002996,0.52953649,0.11981839,0.87169933,-0.47516739,0
-2.1306694,-0.73570544,2.3582382,-0.57083446,0.45207816,0.68540019,0
-1.0725602,2.4400649,1.1447994,-0.57083446,0.45207816,0.68540019,0
-1.316144,2.6949389,-0.64929152,0.11981839,0.87169933,-0.47516739,0
-1.9659644,-0.81771553,2.5495052,-0.57083446,0.45207816,0.68540019,0
2.2022388,0.46939775,-2.1229796,0.57083446,-0.45207816,-0.68540019,0
-0.4278335,-2.097034,-1.3699605,-0.81227559,-0.18911839,-0.5517633,0
-1.4069996,-0.7355293,2.9608295,-0.57083446,0.45207816,0.68540019,0
-0.23664695,2.4969854,-0.74023318,0.11981839,0.87169933,-0.47516739,0
0.90956777,-3.3192544,-0.70064926,0.57083446,-0.45207816,-0.68540019,0
2.1901774,-2.950778,0.40034842,-0.11981839,-0.87169933,0.47516739,0
0.20264298,-3.0986803,-0.37215686,-0.11981839,-0.87169933,0.47516739,0
-2.5772414,-0.67773652,1.9480764,-0.57083446,0.45207816,0.68540019,0
1.3782587,1.7494011,-1.704469,0.11981839,0.87169933,-0.47516739,0
-1.8901907,2.3988786,-0.7581445,-0.81227559,-0.18911839,-0.5517633,0
1.4746699,-2.8590841,0.38813925,-0.11981839,-0.87169933,0.47516739,0
0.11255336,-1.0727551,2.9205527,0.81227559,0.18911839,0.5517633,0
0.29995096,0.62872124,2.0614905,0.81227559,0.18911839,0.5517633,0
0.072900295,2.4937265,1.7565063,0.81227559,0.18911839,0.5517633,0
-1.2439492,-0.93324947,-0.56741011,-0.81227559,-0.18911839,-0.5517633,0
0.11792129,-2.068789,1.4958258,-0.11981839,-0.87169933,0.47516739,0
2.3647034,1.3485994,-2.1910009,0.11981839,0.87169933,-0.47516739,0
0.76670653,-1.9247355,1.9236913,-0.11981839,-0.87169933,0.47516739,0
0.77823782,-0.046099186,-2.9689441,0.57083446,-0.45207816,-0.68540019,0
0.55176067,0.82080531,-3.6163974,0.11981839,0.87169933,-0.47516739,0
0.56109798,2.4361057,1.0575581,0.81227559,0.18911839,0.5517633,0
0.23214519,-1.1238539,2.7620096,0.81227559,0.18911839,0.5517633,0
-1.217401,-1.5315926,-0.40140891,-0.81227559,-0.18911839,-0.5517633,0
-0.15987074,-2.1657968,-1.7408719,-0.81227559,-0.18911839,-0.5517633,0
-2.0263743,2.2739563,0.45997906,-0.57083446,0.45207816,0.68540019,0
1.7688584,-1.1206117,0.49863377,0.81227559,0.18911839,0.5517633,0
1.3944963,1.9413593,-1.3482251,0.11981839,0.87169933,-0.47516739,0
-0.8390758,2.4669933,-0.94716239,0.11981839,0.87169933,-0.47516739,0
-2.3426969,1.0132346,0.38294351,-0.81227559,-0.18911839,-0.5517633,0
-2.0452104,0.70279872,0.051402688,-0.81227559,-0.18911839,-0.5517633,0
-0.65366828,2.4386702,1.4945929,-0.57083446,0.45207816,0.68540019,0
0.90719235,-1.9286717,1.951895,-0.11981839,-0.87169933,0.47516739,0
-0.28928196,-0.67407298,-2.0616522,-0.81227559,-0.18911839,-0.5517633,0
-1.1357018,-0.4087019,-0.90655577,-0.81227559,-0.18911839,-0.5517633,0
-0.37749386,0.56617761,2.9596682,-0.57083446,0.45207816,0.68540019,0
0.24164379,-3.3329904,-1.2478685,0.57083446,-0.45207816,-0.68540019,0
-2.37709,1.6575569,0.21273208,-0.81227559,-0.18911839,-0.5517633,0
1.3783672,-3.1549132,-0.41860676,0.57083446,-0.45207816,-0.68540019,0
0.42489004,-3.0037966,-1.3123829,0.57083446,-0.45207816,-0.68540019,0
-0.37653828,0.56109023,2.9638195,-0.57083446,0.45207816,0.68540019,0
-2.066396,0.656129,0.098587453,-0.81227559,-0.18911839,-0.5517633,0
0.49736807,3.1066525,0.56329703,0.11981839,0.87169933,-0.47516739,0
-1.9210794,-1.8350666,1.4104364,-0.11981839,-0.87169933,0.47516739,0
1.2506443,-1.5594865,-1.5772967,0.57083446,-0.45207816,-0.68540019,0
-0.5853278,3.0544441,0.19450736,0.11981839,0.87169933,-0.47516739,0
-1.5810179,0.26890683,2.1533899,-0.57083446,0.45207816,0.68540019,0
-0.78215277,0.66410124,2.5580599,-0.57083446,0.45207816,0.68540019,0
0.32124317,2.2343593,1.4798081,0.81227559,0.18911839,0.5517633,0
-2.1393077,1.2693839,1.0285213,-0.57083446,0.45207816,0.68540019,0
-0.32894528,1.7814701,2.1985159,-0.57083446,0.45207816,0.68540019,0
-2.2393508,2.1435537,0.36861312,-0.57083446,0.45207816,0.68540019,0
-0.87385029,1.9006503,-1.9948937,0.11981839,0.87169933,-0.47516739,0
-0.15185535,3.1936557,0.55919695,0.11981839,0.87169933,-0.47516739,0
2.0761552,0.23062712,-2.0704994,0.57083446,-0.45207816,-0.68540019,0
2.8345654,1.0194243,-1.8037443,0.81227559,0.18911839,0.5517633,0
1.7825681,1.1742221,-2.6576896,0.11981839,0.87169933,-0.47516739,0
-2.5372539,1.4267993,0.5932638,-0.57083446,0.45207816,0.68540019,0
-1.8199998,2.1498697,0.71370316,-0.57083446,0.45207816,0.68540019,0
-0.51601458,-2.1911507,1.1114991,-0.11981839,-0.87169933,0.47516739,0
-0.99590802,1.8458205,1.6005924,-0.57083446,0.45207816,0.68540019,0
-0.3107127,-2.2933276,0.97582293,-0.11981839,-0.87169933,0.47516739,0
0.14600921,-1.4110323,2.7095695,-0.11981839,-0.87169933,0.47516739,0
-0.7088449,-1.0268271,3.1988382,-0.11981839,-0.87169933,0.47516739,0
-2.0538559,0.86805838,1.364397,-0.57083446,0.45207816,0.68540019,0
-0.29027557,-1.254792,-1.8611465,-0.81227559,-0.18911839,-0.5517633,0
-0.5134995,-1.7920809,1.8442309,-0.11981839,-0.87169933,0.47516739,0
-0.68267286,0.88472605,2.4953914,-0.57083446,0.45207816,0.68540019,0
0.76263595,2.7446465,-0.033916235,0.11981839,0.87169933,-0.47516739,0
-0.6233508,2.6265483,-0.60005999,0.11981839,0.87169933,-0.47516739,0
2.2890911,1.7191854,-1.240572,0.81227559,0.18911839,0.5517633,0
2.2866976,-0.51119423,-0.47258028,0.81227559,0.18911839,0.5517633,0
-1.8742819,2.2217793,0.62106419,-0.57083446,0.45207816,0.68540019,0
-1.5008736,2.6184683,0.6704073,-0.57083446,0.45207816,0.68540019,0
0.95582521,-0.78737926,-2.3321052,0.57083446,-0.45207816,-0.68540019,0
-0.94379437,-0.77809131,-1.0624622,-0.81227559,-0.18911839,-0.5517633,0
-1.2603121,-2.1507974,0.9978447,-0.11981839,-0.87169933,0.47516739,0
-0.99644047,-2.7845807,-0.098299265,-0.11981839,-0.87169933,0.47516739,0
0.23002565,-2.1166101,1.4363661,-0.11981839,-0.87169933,0.47516739,0
0.27732384,1.4184206,1.8241291,0.81227559,0.18911839,0.5517633,0
0.24785461,2.5784512,-0.46861076,0.11981839,0.87169933,-0.47516739,0
-0.88608384,0.11111832,2.8362389,-0.57083446,0.45207816,0.68540019,0
-0.55382156,1.6519378,-2.37046,0.11981839,0.87169933,-0.47516739,0
-0.3060894,1.8122395,2.1972563,-0.57083446,0.45207816,0.68540019,0
-0.79851198,-1.4882854,-1.0329183,-0.81227559,-0.18911839,-0.5517633,0
-0.16885996,0.9526701,-2.7965014,-0.81227559,-0.18911839,-0.5517633,0
0.61553538,-0.0044157505,1.8139136,0.81227559,0.18911839,0.5517633,0
-1.5329909,2.3992076,-1.2464937,0.11981839,0.87169933,-0.47516739,0
0.056568414,-2.4957907,0.697016,-0.11981839,-0.87169933,0.47516739,0
-0.40322351,2.0739241,1.9437556,-0.57083446,0.45207816,0.68540019,0
1.8285215,-3.034076,-0.12339854,0.57083446,-0.45207816,-0.68540019,0
0.3369348,2.8042839,-0.03185606,0.11981839,0.87169933,-0.47516739,0
0.048228025,0.40571332,-2.9286156,-0.81227559,-0.18911839,-0.5517633,0
-2.0674028,-1.8148158,1.4106905,-0.11981839,-0.87169933,0.47516739,0
1.1523092,0.81791961,0.74184686,0.81227559,0.18911839,0.5517633,0
-1.907075,-0.32964867,0.2019217,-0.81227559,-0.18911839,-0.5517633,0
-0.94012845,0.46088398,-1.4925213,-0.81227559,-0.18911839,-0.5517633,0
-0.5889554,1.5308089,-2.3762183,-0.81227559,-0.18911839,-0.5517633,0
-1.7187171,1.548147,1.1949425,-0.57083446,0.45207816,0.68540019,0
2.7380295,0.22124748,-1.3880526,0.81227559,0.18911839,0.5517633,0
0.72902751,0.62680817,-3.4537671,0.57083446,-0.45207816,-0.68540019,0
0.12419248,-0.085752249,2.5651202,0.81227559,0.18911839,0.5517633,0
-0.96158034,-2.3500295,-0.49749255,-0.81227559,-0.18911839,-0.5517633,0
-0.32261929,3.0485277,0.2498982,0.11981839,0.87169933,-0.47516739,0
-0.59964252,2.6101646,1.4264733,-0.57083446,0.45207816,0.68540019,0
1.3640792,-1.8154931,1.3326998,0.81227559,0.18911839,0.5517633,0
1.278069,1.0419081,-3.0276356,0.11981839,0.87169933,-0.47516739,0
-0.96555674,-1.6187053,-0.74230254,-0.81227559,-0.18911839,-0.5517633,0
-1.8712597,-1.9663379,1.1821806,-0.11981839,-0.87169933,0.47516739,0
-1.3213334,-2.359061,0.60039568,-0.11981839,-0.87169933,0.47516739,0
2.0289893,0.25188226,-2.123801,0.57083446,-0.45207816,-0.68540019,0
-1.8043385,2.4260926,-0.89385951,-0.81227559,-0.18911839,-0.5517633,0
1.9790034,-0.42973346,-1.7158496,0.57083446,-0.45207816,-0.68540019,0
0.72559237,2.0699441,0.94090104,0.81227559,0.18911839,0.5517633,0
-0.16418099,-1.0985246,3.2046504,-0.11981839,-0.87169933,0.47516739,0
1.2421956,-0.49188817,-2.2885027,0.57083446,-0.45207816,-0.68540019,0
-0.10567468,2.1799405,-1.2888288,0.11981839,0.87169933,-0.47516739,0
-0.29428387,0.35129118,3.0313802,0.81227559,0.18911839,0.5517633,0
-0.32510972,-2.3293328,0.90614033,-0.11981839,-0.87169933,0.47516739,0
1.5032943,-2.1247456,1.2337521,0.81227559,0.18911839,0.5517633,0
0.22523773,-2.2794967,1.1363411,-0.11981839,-0.87169933,0.47516739,0
1.6828985,-0.77153343,-1.7370147,0.57083446,-0.45207816,-0.68540019,0
-1.1839994,2.7804525,0.8274734,-0.57083446,0.45207816,0.68540019,0
1.1043384,-2.4031494,1.1311731,-0.11981839,-0.87169933,0.47516739,0
0.32712984,-0.046048164,2.252758,0.81227559,0.18911839,0.5517633,0
-1.3870478,2.8326111,0.62396216,-0.57083446,0.45207816,0.68540019,0
2.5150485,-1.4303887,-0.60939014,0.57083446,-0.45207816,-0.68540019,0
-0.5534246,3.1346879,0.34976006,0.11981839,0.87169933,-0.47516739,0
-1.4938545,-2.3251522,0.6190989,-0.11981839,-0.87169933,0.47516739,0
1.9177885,0.36677688,-0.2304194,0.81227559,0.18911839,0.5517633,0
-2.5183079,-0.3564713,1.7852578,-0.57083446,0.45207816,0.68540019,0
0.94528973,1.3674356,-2.5143664,0.11981839,0.87169933,-0.47516739,0
-2.2596111,-0.69467723,2.223788,-0.57083446,0.45207816,0.68540019,0
-1.6090288,1.4838109,-0.85841376,-0.81227559,-0.18911839,-0.5517633,0
0.80243552,-3.2399604,-0.84217501,0.57083446,-0.45207816,-0.68540019,0
2.6953154,-0.34281808,-1.1765981,0.57083446,-0.45207816,-0.68540019,0
-1.3606206,3.1496201,0.17360997,0.11981839,0.87169933,-0.47516739,0
-1.7495918,2.0818727,0.81719208,-0.57083446,0.45207816,0.68540019,0
0.96755397,-2.5105627,-1.1857545,0.57083446,-0.45207816,-0.68540019,0
0.33934861,2.9882097,1.1947703,0.81227559,0.18911839,0.5517633,0
1.802748,1.2298657,-0.35688901,0.81227559,0.18911839,0.5517633,0
-0.98637438,0.11485088,-1.3058368,-0.81227559,-0.18911839,-0.5517633,0
2.469924,-1.4481722,-0.6352424,0.57083446,-0.45207816,-0.68540019,0
-0.99031764,-2.0489652,1.252739,-0.11981839,-0.87169933,0.47516739,0
0.32315302,-2.19402,-1.9312292,0.57083446,-0.45207816,-0.68540019,0
0.70941901,-2.5213237,0.81479883,-0.11981839,-0.87169933,0.47516739,0
0.34308332,2.5116315,-0.56717968,0.11981839,0.87169933,-0.47516739,0
-1.5805846,-0.82405627,2.8746502,-0.57083446,0.45207816,0.68540019,0
0.54684734,-0.66158891,-2.7556906,0.57083446,-0.45207816,-0.68540019,0
0.76870048,1.9178017,0.92958713,0.81227559,0.18911839,0.5517633,0
-1.0075115,0.83958924,2.2546215,-0.57083446,0.45207816,0.68540019,0
-1.2253907,3.1346684,0.55936623,-0.57083446,0.45207816,0.68540019,0
-1.4266045,-0.96507466,3.0959058,-0.57083446,0.45207816,0.68540019,0
-0.52894294,-1.75739,1.9039767,-0.11981839,-0.87169933,0.47516739,0
-0.38147771,3.1934986,0.5010066,0.11981839,0.87169933,-0.47516739,0
2.627944,1.5661496,-1.7255247,0.11981839,0.87169933,-0.47516739,0
-0.5977267,-1.6856868,2.0181723,-0.11981839,-0.87169933,0.47516739,0
1.9816555,0.46762812,-2.3055251,0.57083446,-0.45207816,-0.68540019,0
-2.063148,1.5867333,-0.22516131,-0.81227559,-0.18911839,-0.5517633,0
0.41499764,3.2477233,0.8013227,0.11981839,0.87169933,-0.47516739,0
-1.1915637,-1.0750324,2.9886827,-0.11981839,-0.87169933,0.47516739,0
-1.8148627,2.6094329,0.41486144,-0.57083446,0.45207816,0.68540019,0
-0.91638637,-1.0657108,3.0751719,-0.11981839,-0.87169933,0.47516739,0
-0.43299115,-0.48415613,-1.9151857,-0.81227559,-0.18911839,-0.5517633,0
0.21817327,1.9759688,1.7201064,0.81227559,0.18911839,0.5517633,0
-0.39111853,-0.54640007,-1.9554945,-0.81227559,-0.18911839,-0.5517633,0
-0.26580977,0.84059405,-2.6153629,-0.81227559,-0.18911839,-0.5517633,0
-0.11890888,0.1187501,2.8529069,0.81227559,0.18911839,0.5517633,0
-1.3866923,-0.64052594,-0.45760322,-0.81227559,-0.18911839,-0.5517633,0
-1.4008824,1.3155067,1.613096,-0.57083446,0.45207816,0.68540019,0
1.9671299,-0.60807979,-1.6081042,0.57083446,-0.45207816,-0.68540019,0
0.71044219,2.2420502,-0.96909595,0.11981839,0.87169933,-0.47516739,0
-1.9289012,0.65361601,1.6099081,-0.57083446,0.45207816,0.68540019,0
-2.5060637,-0.50650668,1.8944161,-0.57083446,0.45207816,0.68540019,0
-1.5118287,-1.1045698,-0.11433208,-0.81227559,-0.18911839,-0.5517633,0
-1.2884297,-0.71550786,3.0463746,-0.57083446,0.45207816,0.68540019,0
-1.8141439,-1.7464949,1.5998878,-0.11981839,-0.87169933,0.47516739,0
-1.1790979,-2.4607191,0.4497695,-0.11981839,-0.87169933,0.47516739,0
0.53884256,-2.47857,0.85021758,-0.11981839,-0.87169933,0.47516739,0
1.6030052,1.6883581,-0.21998811,0.81227559,0.18911839,0.5517633,0
-1.460763,-1.7583985,0.034593821,-0.81227559,-0.18911839,-0.5517633,0
0.62233508,1.5081123,-2.3377295,0.11981839,0.87169933,-0.47516739,0
-0.18053699,-1.8240465,-1.8275844,-0.81227559,-0.18911839,-0.5517633,0
0.38212103,2.8295665,0.025918961,0.11981839,0.87169933,-0.47516739,0
0.62952161,1.5056331,1.2757508,0.81227559,0.18911839,0.5517633,0
-2.1660872,3.0254722,-0.15206742,-0.57083446,0.45207816,0.68540019,0
2.0697224,-2.1556232,-0.50192726,0.57083446,-0.45207816,-0.68540019,0
-0.87315309,2.4894011,-0.91464806,0.11981839,0.87169933,-0.47516739,0
1.0165246,1.8192545,-1.6675372,0.11981839,0.87169933,-0.47516739,0
-0.9826172,2.0027699,-1.8349802,0.11981839,0.87169933,-0.47516739,0
0.72640252,-1.4419943,-2.0914063,0.57083446,-0.45207816,-0.68540019,0
0.78793561,-2.4606967,-1.3682402,0.57083446,-0.45207816,-0.68540019,0
-2.7606061,-0.80566001,1.8797375,-0.57083446,0.45207816,0.68540019,0
1.0586786,-1.6421545,-1.6826487,0.57083446,-0.45207816,-0.68540019,0
-1.2031876,0.4767766,-1.1107072,-0.81227559,-0.18911839,-0.5517633,0
1.5518553,0.42351174,0.28884143,0.81227559,0.18911839,0.5517633,0
0.89133084,-0.19434547,-2.7769737,0.57083446,-0.45207816,-0.68540019,0
2.1649492,1.820688,-1.3753204,0.11981839,0.87169933,-0.47516739,0
-0.43100718,-2.6548603,0.28225422,-0.11981839,-0.87169933,0.47516739,0
0.29811037,-2.6991618,-1.618903,0.57083446,-0.45207816,-0.68540019,0
0.51425099,0.83726573,-3.5956593,0.11981839,0.87169933,-0.47516739,0
-0.64670944,1.9984376,1.7907584,-0.57083446,0.45207816,0.68540019,0
-2.2053833,1.0549629,0.16649538,-0.81227559,-0.18911839,-0.5517633,0
0.020761847,-1.7876344,1.9871069,-0.11981839,-0.87169933,0.47516739,0
0.66157722,-0.40816069,-2.8272951,0.57083446,-0.45207816,-0.68540019,0
0.090546966,-2.2256951,-2.0889933,-0.81227559,-0.18911839,-0.5517633,0
-2.5481145,-1.1912071,1.4409263,-0.81227559,-0.18911839,-0.5517633,0
-1.1076907,1.3946084,-1.565882,-0.81227559,-0.18911839,-0.5517633,0
1.379126,0.24119532,0.60561359,0.81227559,0.18911839,0.5517633,0
-0.41179252,0.96465063,2.6682768,-0.57083446,0.45207816,0.68540019,0
-1.6071109,0.58467865,1.9233806,-0.57083446,0.45207816,0.68540019,0
-0.56163174,-2.2224045,1.0426605,-0.11981839,-0.87169933,0.47516739,0
-0.39530471,-2.6787927,0.2473526,-0.11981839,-0.87169933,0.47516739,0
2.4969866,1.3828735,-2.094768,0.11981839,0.87169933,-0.47516739,0
-0.55407536,1.5516608,-2.4347141,-0.81227559,-0.18911839,-0.5517633,0
2.86007,1.3350351,-1.9494672,0.81227559,0.18911839,0.5517633,0
2.4002564,1.499917,-1.9044425,0.11981839,0.87169933,-0.47516739,0
-1.5747206,1.3823712,1.4242125,-0.57083446,0.45207816,0.68540019,0
0.67360729,2.8305943,0.1013062,0.11981839,0.87169933,-0.47516739,0
0.5800631,-2.6754766,-1.3997015,0.57083446,-0.45207816,-0.68540019,0
-0.4730621,2.2292285,-1.2910502,0.11981839,0.87169933,-0.47516739,0
-0.48206806,0.16425514,3.137675,-0.57083446,0.45207816,0.68540019,0
-1.722963,-2.0060661,1.1466939,-0.11981839,-0.87169933,0.47516739,0
2.2892628,0.45968363,-2.044095,0.57083446,-0.45207816,-0.68540019,0
-0.57639599,-1.8587484,1.7060676,-0.11981839,-0.87169933,0.47516739,0
-2.0493972,0.048238516,0.28191864,-0.81227559,-0.18911839,-0.5517633,0
0.80470777,-0.20070696,1.6027036,0.81227559,0.18911839,0.5517633,0
-0.86317277,-2.7549036,-0.01025176,-0.11981839,-0.87169933,0.47516739,0
-0.59210253,-2.1505527,-1.1097888,-0.81227559,-0.18911839,-0.5517633,0
-1.7005589,-2.2818279,0.64645505,-0.11981839,-0.87169933,0.47516739,0
0.44918454,2.2934787,-0.94062877,0.11981839,0.87169933,-0.47516739,0
-2.4386625,0.68324375,1.165812,-0.57083446,0.45207816,0.68540019,0
0.18401742,-0.053822041,-2.9710102,-0.81227559,-0.18911839,-0.5517633,0
-0.96186018,-2.8815458,-0.31490183,-0.81227559,-0.18911839,-0.5517633,0
1.1641395,-1.7276732,-1.5384091,0.57083446,-0.45207816,-0.68540019,0
-0.6815753,-2.1162171,1.2072165,-0.11981839,-0.87169933,0.47516739,0
-0.66298527,3.3595262,0.87945247,-0.57083446,0.45207816,0.68540019,0
-0.78318918,1.8630947,1.7663611,-0.57083446,0.45207816,0.68540019,0
1.3617108,1.5449384,-2.0837305,0.11981839,0.87169933,-0.47516739,0
-0.66302538,2.0907509,-1.5929898,0.11981839,0.87169933,-0.47516739,0
1.8360615,-1.8215618,-0.91687244,0.57083446,-0.45207816,-0.68540019,0
-0.40639246,-2.2975779,-1.332788,-0.81227559,-0.18911839,-0.5517633,0
-1.0840527,-2.0840235,-0.40837026,-0.81227559,-0.18911839,-0.5517633,0
-1.1671104,2.4832509,-1.0000551,0.11981839,0.87169933,-0.47516739,0
-2.1262202,0.63011026,1.4610751,-0.57083446,0.45207816,0.68540019,0
2.0515392,1.4028405,-0.78243303,0.81227559,0.18911839,0.5517633,0
-0.63428855,-0.060336113,3.159035,-0.57083446,0.45207816,0.68540019,0
2.0592813,-0.65385467,-0.088892996,0.81227559,0.18911839,0.5517633,0
0.11452341,-1.8709227,1.8579566,-0.11981839,-0.87169933,0.47516739,0
-0.85564065,2.5975337,-0.71186161,0.11981839,0.87169933,-0.47516739,0
-2.0589128,2.8354392,-0.57883954,0.11981839,0.87169933,-0.47516739,0
-1.6224016,-1.9537441,1.2680359,-0.11981839,-0.87169933,0.47516739,0
1.2416271,-3.2746053,-0.43290257,-0.11981839,-0.87169933,0.47516739,0
-0.98900747,-2.2055504,0.96581221,-0.11981839,-0.87169933,0.47516739,0
0.89522296,-3.1165514,-0.23030043,-0.11981839,-0.87169933,0.47516739,0
0.64501941,-2.5312853,-1.4407088,0.57083446,-0.45207816,-0.68540019,0
0.18907487,0.15933752,2.3855984,0.81227559,0.18911839,0.5517633,0
-1.1749899,-2.1932335,-0.23706508,-0.81227559,-0.18911839,-0.5517633,0
1.0820217,-1.0436698,-2.0579576,0.57083446,-0.45207816,-0.68540019,0
-1.5182641,2.8582535,-0.40065622,0.11981839,0.87169933,-0.47516739,0
-1.1668212,1.5724411,-1.5397856,-0.81227559,-0.18911839,-0.5517633,0
-0.20600605,0.010740519,3.0181465,0.81227559,0.18911839,0.5517633,0
2.1968122,-1.9058702,0.13777339,0.81227559,0.18911839,0.5517633,0
0.43797988,-3.1663721,-0.43699551,-0.11981839,-0.87169933,0.47516739,0
0.77290416,1.6122019,-2.1088083,0.11981839,0.87169933,-0.47516739,0
2.5045202,-1.5716712,-0.42976549,0.81227559,0.18911839,0.5517633,0
-2.3260763,0.62745672,0.49070171,-0.81227559,-0.18911839,-0.5517633,0
-1.7184303,-1.8031245,0.4292469,-0.81227559,-0.18911839,-0.5517633,0
-1.3226159,2.8271477,-0.40838552,0.11981839,0.87169933,-0.47516739,0
-2.0309453,2.1874166,-0.47845411,-0.81227559,-0.18911839,-0.5517633,0
1.6704352,1.5584363,-1.9811206,0.11981839,0.87169933,-0.47516739,0
-1.3157928,-0.8076576,-0.50469255,-0.81227559,-0.18911839,-0.5517633,0
0.053460717,-2.354867,-1.9901224,-0.81227559,-0.18911839,-0.5517633,0
0.15707695,-2.7926013,-1.6747311,0.57083446,-0.45207816,-0.68540019,0
-1.4763465,2.8384178,0.54575992,-0.57083446,0.45207816,0.68540019,0
-0.13791847,0.76747632,-2.7785764,-0.81227559,-0.18911839,-0.5517633,0
-2.4221826,-1.7226707,1.4376972,-0.81227559,-0.18911839,-0.5517633,0
-2.3909132,0.53872842,1.3008997,-0.57083446,0.45207816,0.68540019,0
-1.8238034,1.3009356,1.2704778,-0.57083446,0.45207816,0.68540019,0
-1.5488987,3.1479301,0.123034,0.11981839,0.87169933,-0.47516739,0
0.28780031,1.1157917,1.9124331,0.81227559,0.18911839,0.5517633,0
-1.0140872,-0.8339324,3.3529708,-0.57083446,0.45207816,0.68540019,0
-1.630034,-1.0118254,2.9573154,-0.57083446,0.45207816,0.68540019,0
0.6720438,0.57157969,-3.464798,0.57083446,-0.45207816,-0.68540019,0
-1.1766137,3.1848652,0.28466702,0.11981839,0.87169933,-0.47516739,0
1.3087027,1.7266524,-1.763741,0.11981839,0.87169933,-0.47516739,0
-0.45520151,-0.67863464,-1.8158307,-0.81227559,-0.18911839,-0.5517633,0
-0.10285941,2.70401,-0.32670808,0.11981839,0.87169933,-0.47516739,0
2.490804,1.4537082,-1.9663811,0.11981839,0.87169933,-0.47516739,0
-1.1967858,-0.4308387,2.934937,-0.57083446,0.45207816,0.68540019,0
1.1083033,-2.1026144,-1.3376073,0.57083446,-0.45207816,-0.68540019,0
2.2556181,-0.94755161,-1.1439273,0.57083446,-0.45207816,-0.68540019,0
-0.21634519,3.3477104,1.2592297,-0.57083446,0.45207816,0.68540019,0
2.0133755,0.60127008,-2.3672552,0.57083446,-0.45207816,-0.68540019,0
1.0314507,0.5358696,-3.1419125,0.57083446,-0.45207816,-0.68540019,0
2.5296078,-0.23307392,-1.3869927,0.57083446,-0.45207816,-0.68540019,0
-1.8445336,-0.2222994,0.073057413,-0.81227559,-0.18911839,-0.5517633,0
-0.12997806,2.0233233,-1.582273,0.11981839,0.87169933,-0.47516739,0
-2.1398478,1.0315151,0.078054264,-0.81227559,-0.18911839,-0.5517633,0
-0.79442334,3.1023905,0.93958664,-0.57083446,0.45207816,0.68540019,0
-1.9539019,0.3520596,0.037200391,-0.81227559,-0.18911839,-0.5517633,0
1.1564441,-0.474213,-2.3715789,0.57083446,-0.45207816,-0.68540019,0
-2.2524905,1.9192271,-0.060384989,-0.81227559,-0.18911839,-0.5517633,0
1.0182663,-1.3039395,1.66645,0.81227559,0.18911839,0.5517633,0
-2.1085596,2.6739583,0.12769699,-0.57083446,0.45207816,0.68540019,0
-0.58359218,-3.1739159,-0.70843458,-0.11981839,-0.87169933,0.47516739,0
-0.87509513,-1.1937511,2.8506925,-0.11981839,-0.87169933,0.47516739,0
0.48911214,-0.053303719,-3.2049899,0.57083446,-0.45207816,-0.68540019,0
0.69696844,2.9137325,0.6938293,0.81227559,0.18911839,0.5517633,0
0.99407917,2.1150188,-1.1306143,0.11981839,0.87169933,-0.47516739,0
-0.30515039,1.5831933,2.3491137,-0.57083446,0.45207816,0.68540019,0
-0.51031077,-2.3020022,-1.1782882,-0.81227559,-0.18911839,-0.5517633,0
2.3417196,-1.8622756,-0.46888173,0.57083446,-0.45207816,-0.68540019,0
0.77804232,1.9939665,0.88972902,0.81227559,0.18911839,0.5517633,0
-1.4601409,0.68382716,-0.80340177,-0.81227559,-0.18911839,-0.5517633,0
1.6738038,-1.1654241,-1.4847857,0.57083446,-0.45207816,-0.68540019,0
-1.7964256,-1.2317369,2.5486841,-0.11981839,-0.87169933,0.47516739,0
-0.89061815,2.982758,-0.013983488,0.11981839,0.87169933,-0.47516739,0
-2.2430055,2.1076148,0.38927412,-0.57083446,0.45207816,0.68540019,0
-0.52503157,-1.6359315,2.1277804,-0.11981839,-0.87169933,0.47516739,0
0.88076144,1.9569132,-1.4492347,0.11981839,0.87169933,-0.47516739,0
-1.4979444,-0.084060788,2.4553888,-0.57083446,0.45207816,0.68540019,0
0.1614244,-2.3290157,-1.9768836,0.57083446,-0.45207816,-0.68540019,0
0.57808876,1.1400909,1.4767576,0.81227559,0.18911839,0.5517633,0
2.041086,1.8257198,-0.91198754,0.81227559,0.18911839,0.5517633,0
-2.654357,0.11520886,1.1495533,-0.81227559,-0.18911839,-0.5517633,0
-1.1271584,0.79556489,2.1840115,-0.57083446,0.45207816,0.68540019,0
1.54401,1.10707,-2.8410358,0.11981839,0.87169933,-0.47516739,0
0.12328178,2.4748251,-0.69012642,0.11981839,0.87169933,-0.47516739,0
0.48022568,1.4522209,-2.4760971,0.11981839,0.87169933,-0.47516739,0
0.49729201,2.3819585,-0.76618075,0.11981839,0.87169933,-0.47516739,0
-0.52888858,0.6945405,-2.1780124,-0.81227559,-0.18911839,-0.5517633,0
-0.29004669,2.5851078,1.700847,-0.57083446,0.45207816,0.68540019,0
-0.61873472,-2.9692793,-0.78996158,-0.81227559,-0.18911839,-0.5517633,0
-0.77718067,2.27529,1.4994885,-0.57083446,0.45207816,0.68540019,0
1.1967111,1.5792339,0.41553879,0.81227559,0.18911839,0.5517633,0
-0.58522701,-0.28604817,3.3487716,-0.57083446,0.45207816,0.68540019,0
0.3397367,-1.0334258,2.5726252,0.81227559,0.18911839,0.5517633,0
-0.35978389,1.2453822,2.5264263,-0.57083446,0.45207816,0.68540019,0
1.0087764,-2.3610311,-1.2500508,0.57083446,-0.45207816,-0.68540019,0
-0.70159197,-2.3048129,0.85618901,-0.11981839,-0.87169933,0.47516739,0
2.0464847,-1.0817542,0.076609284,0.81227559,0.18911839,0.5517633,0
-0.6286025,-1.8085594,1.7849767,-0.11981839,-0.87169933,0.47516739,0
-2.3345497,-0.54982352,0.90669167,-0.81227559,-0.18911839,-0.5517633,0
1.3730201,0.41854751,0.55381453,0.81227559,0.18911839,0.5517633,0
2.5993881,1.5587109,-1.6423712,0.81227559,0.18911839,0.5517633,0
1.1381129,-1.8242013,1.6683401,0.81227559,0.18911839,0.5517633,0
-1.9077379,0.30216628,1.8593441,-0.57083446,0.45207816,0.68540019,0
-0.95905209,0.75189722,2.3528209,-0.57083446,0.45207816,0.68540019,0
2.1079249,1.0961461,-2.6149213,0.57083446,-0.45207816,-0.68540019,0
-0.74050897,3.0003166,0.056078911,0.11981839,0.87169933,-0.47516739,0
0.50669885,-0.012970448,1.9770687,0.81227559,0.18911839,0.5517633,0
-0.72855663,2.006119,1.7175255,-0.57083446,0.45207816,0.68540019,0
-2.5146456,-1.2439681,2.3451393,-0.11981839,-0.87169933,0.47516739,0
-2.2244768,0.40009397,1.530957,-0.57083446,0.45207816,0.68540019,0
1.7106774,-2.1108122,-0.83051407,0.57083446,-0.45207816,-0.68540019,0
-1.5149922,2.4517841,0.76859069,-0.57083446,0.45207816,0.68540019,0
-0.15659881,1.2451019,2.5223317,0.81227559,0.18911839,0.5517633,0
-1.0188651,0.78175628,-1.4865892,-0.81227559,-0.18911839,-0.5517633,0
1.2371882,-2.8862665,-0.71338224,0.57083446,-0.45207816,-0.68540019,0
0.8444165,-2.4128358,1.0478613,-0.11981839,-0.87169933,0.47516739,0
-1.0888661,-0.29564881,-1.014254,-0.81227559,-0.18911839,-0.5517633,0
-0.20962007,-2.9338579,-0.17374492,-0.11981839,-0.87169933,0.47516739,0
-1.1335915,-2.2118812,0.91773987,-0.11981839,-0.87169933,0.47516739,0
1.747653,-0.74726439,-1.6990914,0.57083446,-0.45207816,-0.68540019,0
0.10695505,0.5791111,-3.0745025,-0.81227559,-0.18911839,-0.5517633,0
-0.10636157,2.4757795,-0.74628282,0.11981839,0.87169933,-0.47516739,0
0.46769226,-1.2111017,-2.4591658,0.57083446,-0.45207816,-0.68540019,0
2.1596243,1.8285296,-1.3622775,0.11981839,0.87169933,-0.47516739,0
-1.7439874,-1.1070307,2.7906821,-0.11981839,-0.87169933,0.47516739,0
-2.086123,-1.0481,0.71175742,-0.81227559,-0.18911839,-0.5517633,0
2.7883112,0.2039164,-1.4597633,0.57083446,-0.45207816,-0.68540019,0
-2.4582398,0.72840756,0.65066469,-0.81227559,-0.18911839,-0.5517633,0
-1.880609,2.9274344,0.15035629,-0.57083446,0.45207816,0.68540019,0
-1.7221032,-0.67048186,0.04643786,-0.81227559,-0.18911839,-0.5517633,0
-1.9884125,-1.0332329,0.56281734,-0.81227559,-0.18911839,-0.5517633,0
1.5443381,-0.74411768,-1.8704975,0.57083446,-0.45207816,-0.68540019,0
1.4816635,-1.1721394,-1.6403801,0.57083446,-0.45207816,-0.68540019,0
0.18457699,-2.4530673,-1.8757789,0.57083446,-0.45207816,-0.68540019,0
-0.66639888,-1.3229891,2.6662288,-0.11981839,-0.87169933,0.47516739,0
-1.4093165,1.271403,1.6351619,-0.57083446,0.45207816,0.68540019,0
2.533565,-0.73269236,-1.054157,0.57083446,-0.45207816,-0.68540019,0
0.20998776,1.5533015,1.8770269,0.81227559,0.18911839,0.5517633,0
-2.6405787,0.40233552,1.1829286,-0.57083446,0.45207816,0.68540019,0
-0.042461634,1.820563,-1.932171,0.11981839,0.87169933,-0.47516739,0
1.6510997,-2.5787423,0.94691801,-0.11981839,-0.87169933,0.47516739,0
-0.11390626,-1.090041,-2.1772563,-0.81227559,-0.18911839,-0.5517633,0
-1.1006396,3.2674561,0.57568026,-0.57083446,0.45207816,0.68540019,0
1.3921952,0.71054924,-2.9566829,0.57083446,-0.45207816,-0.68540019,0
2.1151481,1.6996126,-1.6099918,0.11981839,0.87169933,-0.47516739,0
1.3560702,0.7399677,0.46859944,0.81227559,0.18911839,0.5517633,0
1.1453385,1.1682534,0.63203108,0.81227559,0.18911839,0.5517633,0
0.238868,2.4961967,1.5113313,0.81227559,0.18911839,0.5517633,0
2.1816535,0.18172783,-1.9503821,0.57083446,-0.45207816,-0.68540019,0
-0.34171033,-1.8080347,1.8582817,-0.11981839,-0.87169933,0.47516739,0
-0.50988764,-2.5045481,-1.1094885,-0.81227559,-0.18911839,-0.5517633,0
-1.6771055,-0.86628044,2.8221135,-0.57083446,0.45207816,0.68540019,0
-2.0057034,1.1082832,1.2460527,-0.57083446,0.45207816,0.68540019,0
-1.4703964,-1.7814883,0.056689262,-0.81227559,-0.18911839,-0.5517633,0
