-3.6256211,-0.59749329,-0.89378178,-0.12875164,-0.73749596,-0.66296506,0
-4.5227518,0.82710278,-1.0756921,-0.9610526,-0.072061807,0.26680505,0
-3.0222368,0.12169158,-1.8109987,-0.12875164,-0.73749596,-0.66296506,0
4.2509246,-1.7145392,0.44198132,0.24454218,-0.67149591,0.6994943,0
-1.0246011,-0.045689762,-2.0127528,-0.12875164,-0.73749596,-0.66296506,0
-2.5832617,-0.92810357,3.5861597,0.24454218,-0.67149591,0.6994943,0
3.6311953,0.85475171,-1.6815088,0.9610526,0.072061807,-0.26680505,0
-2.9601836,-0.61483002,-1.0037282,-0.12875164,-0.73749596,-0.66296506,0
-4.0947089,-0.64863074,0.067567825,-0.9610526,-0.072061807,0.26680505,0
-0.12500501,-2.3881185,1.3251817,0.24454218,-0.67149591,0.6994943,0
-3.4870071,0.16097534,-1.7644377,-0.12875164,-0.73749596,-0.66296506,0
-3.5686784,1.07409,-1.295308,-0.24454218,0.67149591,-0.6994943,0
-3.940531,2.5166888,0.22822046,0.12875164,0.73749596,0.66296506,0
4.2774878,-1.5006616,0.010310888,0.9610526,0.072061807,-0.26680505,0
0.77134204,-1.1366073,2.2132373,0.24454218,-0.67149591,0.6994943,0
0.95759356,-2.0918474,1.2311192,0.24454218,-0.67149591,0.6994943,0
-1.7663112,-2.6948757,1.0783005,-0.12875164,-0.73749596,-0.66296506,0
-4.5578041,0.26313531,-1.354277,-0.9610526,-0.072061807,0.26680505,0
-3.4941535,-1.3604491,2.0385599,-0.9610526,-0.072061807,0.26680505,0
-0.61857164,-1.4869596,2.3628201,0.24454218,-0.67149591,0.6994943,0
4.4851704,-0.72715044,0.96731663,0.9610526,0.072061807,-0.26680505,0
3.9333117,-2.1158276,0.16779256,0.24454218,-0.67149591,0.6994943,0
3.904815,-1.3400972,-1.2887192,0.9610526,0.072061807,-0.26680505,0
-3.0565269,-0.92740977,3.7318847,-0.9610526,-0.072061807,0.26680505,0
3.7084367,1.3429528,-1.2714195,0.9610526,0.072061807,-0.26680505,0
3.0634069,1.311271,-3.3861871,-0.24454218,0.67149591,-0.6994943,0
-4.1283016,0.38043427,-1.7655554,-0.24454218,0.67149591,-0.6994943,0
-4.123189,-0.8532567,-0.51263523,-0.12875164,-0.73749596,-0.66296506,0
-2.0017364,0.99710941,1.5421065,0.12875164,0.73749596,0.66296506,0
1.2367382,0.12774062,1.8802795,0.12875164,0.73749596,0.66296506,0
-3.639997,-1.2897899,1.5323048,-0.9610526,-0.072061807,0.26680505,0
-0.23464024,1.1730152,1.0032449,0.12875164,0.73749596,0.66296506,0
1.2231979,0.96245599,-3.0777059,-0.24454218,0.67149591,-0.6994943,0
-3.6945262,-1.5539155,1.2645473,-0.9610526,-0.072061807,0.26680505,0
-1.0428114,1.9035952,-1.3820443,-0.24454218,0.67149591,-0.6994943,0
3.3631868,2.4848368,-2.2066245,0.9610526,0.072061807,-0.26680505,0
-1.6113288,-0.3094365,2.9197154,0.12875164,0.73749596,0.66296506,0
3.4152329,-1.4842573,0.95520258,0.24454218,-0.67149591,0.6994943,0
-1.107028,2.0981696,0.14350703,0.12875164,0.73749596,0.66296506,0
-4.0667391,0.078154087,0.36461711,-0.9610526,-0.072061807,0.26680505,0
3.2942643,0.60306728,-2.9631391,0.9610526,0.072061807,-0.26680505,0
-0.35765201,0.31628308,1.9801807,0.12875164,0.73749596,0.66296506,0
-3.9803927,0.7898075,0.86785364,-0.9610526,-0.072061807,0.26680505,0
-3.2910988,-2.0688276,2.5786507,-0.9610526,-0.072061807,0.26680505,0
4.2034869,-1.1907543,0.96138525,0.24454218,-0.67149591,0.6994943,0
2.9388597,2.8859572,-1.8309889,-0.24454218,0.67149591,-0.6994943,0
3.7283239,2.017518,-1.017591,0.9610526,0.072061807,-0.26680505,0
-0.010430813,1.8127558,-1.8301661,-0.24454218,0.67149591,-0.6994943,0
-0.65896195,-2.1702628,0.27965641,-0.12875164,-0.73749596,-0.66296506,0
-2.71487,-1.1881534,3.3825288,0.24454218,-0.67149591,0.6994943,0
-4.2466307,-0.44259489,-0.42401648,-0.9610526,-0.072061807,0.26680505,0
-3.3163314,0.62713921,-1.8125889,-0.24454218,0.67149591,-0.6994943,0
3.2722714,-1.5202259,0.97065276,0.24454218,-0.67149591,0.6994943,0
2.5355239,2.6860363,-1.2178528,0.12875164,0.73749596,0.66296506,0
-1.0385394,-0.51570535,3.0379338,0.12875164,0.73749596,0.66296506,0
-3.9577389,0.55270761,0.88541675,-0.9610526,-0.072061807,0.26680505,0
-3.6335421,0.54307067,2.050596,-0.9610526,-0.072061807,0.26680505,0
0.038671345,-1.1237755,-1.019962,-0.12875164,-0.73749596,-0.66296506,0
1.7220491,-1.3729578,-1.0696881,-0.12875164,-0.73749596,-0.66296506,0
2.6277378,-0.36589277,-2.3658581,-0.12875164,-0.73749596,-0.66296506,0
0.56649292,-1.0480702,-1.206684,-0.12875164,-0.73749596,-0.66296506,0
-0.59586453,2.3075185,-1.1505406,-0.24454218,0.67149591,-0.6994943,0
-3.1139386,-1.5620338,3.1631274,0.24454218,-0.67149591,0.6994943,0
3.1157076,2.0482092,-0.62099576,0.12875164,0.73749596,0.66296506,0
2.932384,1.55037,-3.1108532,-0.24454218,0.67149591,-0.6994943,0
1.4432898,-1.8643683,1.2796943,0.24454218,-0.67149591,0.6994943,0
-2.6305084,-1.8929816,2.6764193,0.24454218,-0.67149591,0.6994943,0
0.79948729,0.90646857,1.0989232,0.12875164,0.73749596,0.66296506,0
3.8876595,-2.4093676,-0.098038316,0.24454218,-0.67149591,0.6994943,0
-4.3204503,0.68587685,-0.38513064,-0.9610526,-0.072061807,0.26680505,0
3.609225,2.2353072,-1.3877704,0.9610526,0.072061807,-0.26680505,0
-1.4298998,1.5471511,0.81917477,0.12875164,0.73749596,0.66296506,0
-4.1110883,0.007732749,0.18584847,-0.9610526,-0.072061807,0.26680505,0
-1.0579031,1.1370732,1.20311,0.12875164,0.73749596,0.66296506,0
-3.5699263,-2.1680245,0.8424933,-0.12875164,-0.73749596,-0.66296506,0
1.5353771,0.39386952,1.5262346,0.12875164,0.73749596,0.66296506,0
-3.5422087,1.2377577,-1.1474452,-0.24454218,0.67149591,-0.6994943,0
4.4258585,-1.4816885,0.54987645,0.9610526,0.072061807,-0.26680505,0
3.3032367,1.7740448,-2.6145475,0.9610526,0.072061807,-0.26680505,0
-1.036213,1.3848377,0.92327929,0.12875164,0.73749596,0.66296506,0
-2.2805929,-2.4223566,0.87502098,-0.12875164,-0.73749596,-0.66296506,0
2.0583308,2.2742012,-2.1104271,-0.24454218,0.67149591,-0.6994943,0
-0.64814138,0.45215273,-2.6396735,-0.12875164,-0.73749596,-0.66296506,0
3.8823948,1.6550536,-0.56051302,0.9610526,0.072061807,-0.26680505,0
4.3146911,-0.40124929,0.44126081,0.9610526,0.072061807,-0.26680505,0
0.55827487,1.843779,0.10308474,0.12875164,0.73749596,0.66296506,0
-3.0723145,-0.10685086,-1.5470378,-0.12875164,-0.73749596,-0.66296506,0
-1.6148334,-0.92087728,3.2545354,0.24454218,-0.67149591,0.6994943,0
-4.1520824,1.7628319,0.51222062,-0.9610526,-0.072061807,0.26680505,0
1.1853429,1.5766658,-2.4748473,-0.24454218,0.67149591,-0.6994943,0
3.5352778,-2.4435101,-0.0076220036,0.24454218,-0.67149591,0.6994943,0
-2.7089009,1.7504411,-0.94660592,-0.24454218,0.67149591,-0.6994943,0
-1.6876109,-1.0966114,3.1112785,0.24454218,-0.67149591,0.6994943,0
2.0128088,-0.7779032,-1.7881062,-0.12875164,-0.73749596,-0.66296506,0
3.6686621,-1.5649569,-1.234148,-0.12875164,-0.73749596,-0.66296506,0
2.0879648,-0.3300705,2.2242448,0.12875164,0.73749596,0.66296506,0
0.081734814,-1.2967019,-0.83595812,-0.12875164,-0.73749596,-0.66296506,0
3.2432587,1.6029609,-2.8768017,0.9610526,0.072061807,-0.26680505,0
-0.65633357,2.6968021,-0.75569868,-0.24454218,0.67149591,-0.6994943,0
-3.8880877,1.2033281,-1.0595781,-0.24454218,0.67149591,-0.6994943,0
-3.0178161,-2.0281587,2.682056,0.24454218,-0.67149591,0.6994943,0
-0.02050972,-2.0331693,1.6293919,0.24454218,-0.67149591,0.6994943,0
0.31413803,-0.77853525,-1.4575114,-0.12875164,-0.73749596,-0.66296506,0
-2.50369,-2.8606212,1.4058826,-0.12875164,-0.73749596,-0.66296506,0
-0.94856644,-0.99188375,-0.97495353,-0.12875164,-0.73749596,-0.66296506,0
-3.6710234,-0.6067338,1.6050322,-0.9610526,-0.072061807,0.26680505,0
2.858356,2.2638998,-0.81095552,0.12875164,0.73749596,0.66296506,0
2.6642969,-1.3630733,-1.2636738,-0.12875164,-0.73749596,-0.66296506,0
3.1871638,-2.100281,-0.54513276,-0.12875164,-0.73749596,-0.66296506,0
4.4056067,-1.2118869,0.54980063,0.9610526,0.072061807,-0.26680505,0
-4.3542933,0.98205382,-1.1090105,-0.24454218,0.67149591,-0.6994943,0
1.3818402,-1.8878623,-0.43082726,-0.12875164,-0.73749596,-0.66296506,0
-1.1498392,-0.68564433,3.2485926,0.12875164,0.73749596,0.66296506,0
-1.9967242,2.5418861,-0.17730796,0.12875164,0.73749596,0.66296506,0
3.131983,-1.9535592,0.60370898,0.24454218,-0.67149591,0.6994943,0
-2.7978313,1.6702882,-0.99246049,-0.24454218,0.67149591,-0.6994943,0
3.2652087,0.27519926,-3.1563532,0.9610526,0.072061807,-0.26680505,0
-1.8311214,1.0743749,-1.9024816,-0.24454218,0.67149591,-0.6994943,0
0.042744219,-1.9389466,-0.1139397,-0.12875164,-0.73749596,-0.66296506,0
-0.2326628,2.2690597,-1.3144345,-0.24454218,0.67149591,-0.6994943,0
-1.6757445,0.31404513,2.2386513,0.12875164,0.73749596,0.66296506,0
-0.83754301,1.8604949,-1.495181,-0.24454218,0.67149591,-0.6994943,0
-0.52189219,2.542387,-0.46428603,0.12875164,0.73749596,0.66296506,0
0.32632256,-0.68297672,2.8042889,0.24454218,-0.67149591,0.6994943,0
-3.4200006,-0.31386727,2.5883367,-0.9610526,-0.072061807,0.26680505,0
1.0769758,-2.5204449,0.77794111,0.24454218,-0.67149591,0.6994943,0
-1.5668261,0.48753428,-2.5006189,-0.12875164,-0.73749596,-0.66296506,0
-3.195914,2.4843683,0.11956549,0.12875164,0.73749596,0.66296506,0
-0.36802471,-2.416949,1.3824643,0.24454218,-0.67149591,0.6994943,0
1.6083057,-1.6428769,1.4346309,0.24454218,-0.67149591,0.6994943,0
2.6987796,1.4498035,-3.1257265,-0.24454218,0.67149591,-0.6994943,0
-1.4966385,2.5039577,-0.23223536,0.12875164,0.73749596,0.66296506,0
3.5262432,1.8735116,-1.7843962,0.9610526,0.072061807,-0.26680505,0
-2.1692157,0.34236765,-2.2221446,-0.12875164,-0.73749596,-0.66296506,0
-3.7356372,-0.84696043,1.307405,-0.9610526,-0.072061807,0.26680505,0
3.6709504,0.82593024,-1.5460916,0.9610526,0.072061807,-0.26680505,0
0.55019212,-0.85650986,2.559437,0.24454218,-0.67149591,0.6994943,0
-3.9270504,0.1151557,0.87777972,-0.9610526,-0.072061807,0.26680505,0
-2.4899492,1.7534499,-1.0202625,-0.24454218,0.67149591,-0.6994943,0
1.6153966,-0.24877496,-2.2995396,-0.12875164,-0.73749596,-0.66296506,0
0.027820706,1.2788093,0.83458596,0.12875164,0.73749596,0.66296506,0
-0.505413,1.4843966,0.70944351,0.12875164,0.73749596,0.66296506,0
4.3510122,-0.31057394,0.59658289,0.9610526,0.072061807,-0.26680505,0
-1.9428298,-2.3586829,0.73859334,-0.12875164,-0.73749596,-0.66296506,0
0.16042256,1.4585516,-2.2299228,-0.24454218,0.67149591,-0.6994943,0
-1.1728511,-1.226699,2.8064384,0.24454218,-0.67149591,0.6994943,0
3.9939127,0.2837081,-0.52920556,0.9610526,0.072061807,-0.26680505,0
4.2759013,-2.4045055,-0.23952579,0.9610526,0.072061807,-0.26680505,0
-1.5253637,-0.44533253,-1.4709308,-0.12875164,-0.73749596,-0.66296506,0
-3.505105,1.95891,0.76414287,0.12875164,0.73749596,0.66296506,0
0.68598747,-0.8154406,-1.4886725,-0.12875164,-0.73749596,-0.66296506,0
-2.4382839,2.1000659,-0.7055825,-0.24454218,0.67149591,-0.6994943,0
-1.203985,2.1279552,-1.1103185,-0.24454218,0.67149591,-0.6994943,0
0.7529543,1.4447041,0.50921595,0.12875164,0.73749596,0.66296506,0
-1.478619,-1.21227,2.927186,0.24454218,-0.67149591,0.6994943,0
0.22240353,-1.539449,2.0184283,0.24454218,-0.67149591,0.6994943,0
2.3242307,2.7456591,-1.7507975,-0.24454218,0.67149591,-0.6994943,0
3.4954453,-0.97018856,1.4206526,0.24454218,-0.67149591,0.6994943,0
-0.012921214,0.2288014,-2.5145764,-0.12875164,-0.73749596,-0.66296506,0
-4.1066585,0.72052461,0.39432144,-0.9610526,-0.072061807,0.26680505,0
3.1075001,2.2408648,-2.5092173,-0.24454218,0.67149591,-0.6994943,0
-3.7184248,0.27796757,1.6732399,-0.9610526,-0.072061807,0.26680505,0
4.4219484,-1.2831395,0.58941841,0.9610526,0.072061807,-0.26680505,0
-3.8159695,-0.23773563,-1.2570168,-0.12875164,-0.73749596,-0.66296506,0
-1.0936906,-2.5771568,1.4823606,0.24454218,-0.67149591,0.6994943,0
1.5111806,-1.0404623,-1.3986108,-0.12875164,-0.73749596,-0.66296506,0
1.9854132,2.1669197,-2.1879218,-0.24454218,0.67149591,-0.6994943,0
-3.3787119,-0.91405725,-0.58958101,-0.12875164,-0.73749596,-0.66296506,0
3.1424134,0.3333824,-3.2436984,-0.12875164,-0.73749596,-0.66296506,0
-3.8437083,-1.0461628,0.86432171,-0.9610526,-0.072061807,0.26680505,0
-2.7433915,-2.7483194,1.3275065,-0.12875164,-0.73749596,-0.66296506,0
1.0332816,0.67552996,1.3104198,0.12875164,0.73749596,0.66296506,0
-4.3581972,0.74522042,-0.50506949,-0.9610526,-0.072061807,0.26680505,0
0.071755767,-2.4233608,1.2225624,0.24454218,-0.67149591,0.6994943,0
4.1082606,0.22134447,-0.13416052,0.9610526,0.072061807,-0.26680505,0
-3.4471016,-2.2982321,1.954757,-0.9610526,-0.072061807,0.26680505,0
-3.4275794,-0.27536845,2.5714359,-0.9610526,-0.072061807,0.26680505,0
1.5465549,2.2386184,-1.9656694,-0.24454218,0.67149591,-0.6994943,0
1.4201878,0.26099086,1.6964223,0.12875164,0.73749596,0.66296506,0
-2.9887991,-2.4360666,2.2803309,0.24454218,-0.67149591,0.6994943,0
3.8309822,1.560769,-0.77117229,0.9610526,0.072061807,-0.26680505,0
3.8348556,0.38208532,-1.0755718,0.9610526,0.072061807,-0.26680505,0
-1.3923796,-0.7829147,-1.1212239,-0.12875164,-0.73749596,-0.66296506,0
4.307044,0.046534657,0.53465915,0.9610526,0.072061807,-0.26680505,0
3.3384776,1.568526,-2.5431168,0.9610526,0.072061807,-0.26680505,0
3.3315949,1.3043873,-2.6392493,0.9610526,0.072061807,-0.26680505,0
3.5834465,-1.6274848,0.75890088,0.24454218,-0.67149591,0.6994943,0
-1.4801584,-0.97680986,3.1537595,0.24454218,-0.67149591,0.6994943,0
-0.97546756,-0.33581781,-1.6995504,-0.12875164,-0.73749596,-0.66296506,0
-3.544908,0.0037994981,2.2242095,-0.9610526,-0.072061807,0.26680505,0
2.7560105,-1.990021,0.70014608,0.24454218,-0.67149591,0.6994943,0
-0.9113664,-0.11102438,2.5630608,0.12875164,0.73749596,0.66296506,0
3.4171376,-1.8271986,-0.89357758,-0.12875164,-0.73749596,-0.66296506,0
-2.2633936,-2.7007761,1.7726157,0.24454218,-0.67149591,0.6994943,0
-4.2472181,0.21854162,-1.6808379,-0.12875164,-0.73749596,-0.66296506,0
3.2612753,-1.2817674,-1.4700568,-0.12875164,-0.73749596,-0.66296506,0
0.64980221,-1.7997694,1.6191094,0.24454218,-0.67149591,0.6994943,0
1.3430594,-2.4667633,0.73645169,0.24454218,-0.67149591,0.6994943,0
3.3050191,2.2436392,-2.4812934,0.9610526,0.072061807,-0.26680505,0
3.5107381,0.4915179,-2.213511,0.9610526,0.072061807,-0.26680505,0
3.9136529,0.31403089,-0.81011772,0.9610526,0.072061807,-0.26680505,0
0.25488222,2.0787747,-1.6675482,-0.24454218,0.67149591,-0.6994943,0
1.9930441,-0.22433598,-2.4000673,-0.12875164,-0.73749596,-0.66296506,0
3.8541563,-0.35047865,-1.2039082,0.9610526,0.072061807,-0.26680505,0
3.9746192,-0.59034002,-0.83477712,0.9610526,0.072061807,-0.26680505,0
-3.7473836,1.7989304,0.98915935,0.12875164,0.73749596,0.66296506,0
0.069871545,0.11886543,-2.4083602,-0.12875164,-0.73749596,-0.66296506,0
-0.74958253,-0.10297471,-2.0024378,-0.12875164,-0.73749596,-0.66296506,0
-0.6624887,2.6448269,-0.55093783,0.12875164,0.73749596,0.66296506,0
-2.4471512,1.1250546,1.4862798,0.12875164,0.73749596,0.66296506,0
-3.6754637,-1.1793566,1.434377,-0.9610526,-0.072061807,0.26680505,0
3.4118187,2.6181574,-1.3125248,0.12875164,0.73749596,0.66296506,0
1.9516801,-2.0587685,0.91534293,0.24454218,-0.67149591,0.6994943,0
-3.1228869,-1.3410351,-0.16428471,-0.12875164,-0.73749596,-0.66296506,0
-0.38733912,-1.4111683,-0.61752635,-0.12875164,-0.73749596,-0.66296506,0
-1.2824565,-1.5670489,2.5180299,0.24454218,-0.67149591,0.6994943,0
-3.4209919,-0.13234431,2.6337936,-0.9610526,-0.072061807,0.26680505,0
3.4619408,0.027748466,-2.5145435,0.9610526,0.072061807,-0.26680505,0
3.3378158,-1.9238188,0.56029987,0.24454218,-0.67149591,0.6994943,0
-3.3033752,-1.537066,2.6780541,-0.9610526,-0.072061807,0.26680505,0
2.1177282,-2.0617073,-0.38035244,-0.12875164,-0.73749596,-0.66296506,0
0.46239287,-0.37110126,-1.9395412,-0.12875164,-0.73749596,-0.66296506,0
-0.7696178,-2.5028081,1.4404383,0.24454218,-0.67149591,0.6994943,0
1.8380728,1.254238,-3.0125623,-0.24454218,0.67149591,-0.6994943,0
-2.5125246,1.7242581,-1.0403935,-0.24454218,0.67149591,-0.6994943,0
0.568757,-0.33089101,-2.0049286,-0.12875164,-0.73749596,-0.66296506,0
2.7455375,2.9444065,-1.707294,-0.24454218,0.67149591,-0.6994943,0
3.2521224,1.5884777,-2.8487856,0.9610526,0.072061807,-0.26680505,0
-2.0483923,1.9076686,-1.0265844,-0.24454218,0.67149591,-0.6994943,0
-0.70587546,-2.1745679,0.29355645,-0.12875164,-0.73749596,-0.66296506,0
1.1684594,-1.0334443,2.1734395,0.24454218,-0.67149591,0.6994943,0
-4.2108483,1.5123756,0.23289561,-0.9610526,-0.072061807,0.26680505,0
-3.6928933,0.64660287,1.8647707,-0.9610526,-0.072061807,0.26680505,0
2.6130376,2.3985186,-0.91306567,0.12875164,0.73749596,0.66296506,0
-0.98705375,-1.2653362,2.7043934,0.24454218,-0.67149591,0.6994943,0
4.4986567,-0.62490499,1.4013947,0.24454218,-0.67149591,0.6994943,0
-3.4080892,0.073191047,2.7357848,-0.9610526,-0.072061807,0.26680505,0
3.6185613,-0.65182042,-2.1339304,0.9610526,0.072061807,-0.26680505,0
-2.0448351,1.1901402,-1.7166359,-0.24454218,0.67149591,-0.6994943,0
-0.49841118,1.2941182,-2.1574473,-0.24454218,0.67149591,-0.6994943,0
2.1812906,-2.2619159,-0.16998047,-0.12875164,-0.73749596,-0.66296506,0
1.3955233,0.48980856,1.4466707,0.12875164,0.73749596,0.66296506,0
-2.1520321,-0.47048524,3.203877,0.12875164,0.73749596,0.66296506,0
4.0001769,-1.6209157,-1.0210655,0.9610526,0.072061807,-0.26680505,0
-1.5152147,-1.1782528,2.9726357,0.24454218,-0.67149591,0.6994943,0
-0.43901956,-1.570603,2.2197537,0.24454218,-0.67149591,0.6994943,0
1.6578639,0.39951897,1.4961625,0.12875164,0.73749596,0.66296506,0
-3.1429691,-1.1889282,3.3498778,-0.9610526,-0.072061807,0.26680505,0
3.110023,0.93527484,0.61815906,0.12875164,0.73749596,0.66296506,0
1.1022868,-0.66804147,2.5473502,0.24454218,-0.67149591,0.6994943,0
1.4776087,-2.3372769,0.050511822,-0.12875164,-0.73749596,-0.66296506,0
-4.2847042,-0.5512892,-0.59051776,-0.9610526,-0.072061807,0.26680505,0
-3.4209764,1.1351738,1.6641455,0.12875164,0.73749596,0.66296506,0
-3.8094792,0.358486,1.3670015,-0.9610526,-0.072061807,0.26680505,0
-3.6685019,-0.67593002,1.5954254,-0.9610526,-0.072061807,0.26680505,0
2.3646431,1.9728389,-2.5068128,-0.24454218,0.67149591,-0.6994943,0
-2.9645119,-1.1152724,-0.44618511,-0.12875164,-0.73749596,-0.66296506,0
-2.9083853,-0.71847689,-0.89848864,-0.12875164,-0.73749596,-0.66296506,0
0.9801935,-2.2226992,1.0976039,0.24454218,-0.67149591,0.6994943,0
4.1978116,-1.0594839,-0.15753078,0.9610526,0.072061807,-0.26680505,0
-3.4540744,-2.0857749,1.9870229,-0.9610526,-0.072061807,0.26680505,0
-4.1812024,0.83345151,0.15631008,-0.9610526,-0.072061807,0.26680505,0
-4.094523,2.2863927,0.052304506,-0.24454218,0.67149591,-0.6994943,0
0.29756901,-0.93141395,-1.2842282,-0.12875164,-0.73749596,-0.66296506,0
2.6299689,0.58989549,-3.4295294,-0.12875164,-0.73749596,-0.66296506,0
3.8462062,0.59980571,-0.97588205,0.9610526,0.072061807,-0.26680505,0
3.6825807,-0.77607942,-1.9368892,0.9610526,0.072061807,-0.26680505,0
1.7835174,-0.71124017,2.2677236,0.24454218,-0.67149591,0.6994943,0
3.4027057,1.8475196,-2.2364068,0.9610526,0.072061807,-0.26680505,0
1.116986,-1.7574261,1.4964312,0.24454218,-0.67149591,0.6994943,0
1.8917603,-2.1366391,0.86153734,0.24454218,-0.67149591,0.6994943,0
-0.52717996,-0.75629783,-1.3188598,-0.12875164,-0.73749596,-0.66296506,0
3.9204285,-0.16960263,-0.91633773,0.9610526,0.072061807,-0.26680505,0
-2.2495258,-1.3744221,3.0410321,0.24454218,-0.67149591,0.6994943,0
-4.0546045,1.6730306,-0.55046177,-0.24454218,0.67149591,-0.6994943,0
-4.4570165,1.147982,-0.75224125,-0.9610526,-0.072061807,0.26680505,0
-3.6210403,0.5327605,2.0928438,-0.9610526,-0.072061807,0.26680505,0
-3.0712619,2.4047534,-0.1918025,-0.24454218,0.67149591,-0.6994943,0
-4.0945716,-0.073256612,-1.3858807,-0.12875164,-0.73749596,-0.66296506,0
0.93980074,-1.8949602,-0.33708471,-0.12875164,-0.73749596,-0.66296506,0
4.2352099,-0.32962155,0.17430878,0.9610526,0.072061807,-0.26680505,0
2.834497,1.0121833,-3.593277,-0.24454218,0.67149591,-0.6994943,0
-0.55724394,-2.6408362,0.78337777,-0.12875164,-0.73749596,-0.66296506,0
1.2566786,-1.9309851,-0.35854939,-0.12875164,-0.73749596,-0.66296506,0
-4.2323275,2.3161731,0.37262535,-0.9610526,-0.072061807,0.26680505,0
-4.4527817,1.0891176,-0.97180068,-0.24454218,0.67149591,-0.6994943,0
-0.97701812,1.1852539,-2.0946341,-0.24454218,0.67149591,-0.6994943,0
0.87012565,-2.2042265,1.1538168,0.24454218,-0.67149591,0.6994943,0
-0.24080604,0.79040802,1.4300623,0.12875164,0.73749596,0.66296506,0
3.7999895,-0.17032081,-1.3503633,0.9610526,0.072061807,-0.26680505,0
3.7550097,0.0314641,1.4983163,0.12875164,0.73749596,0.66296506,0
3.8152518,-0.69601572,-1.4373724,0.9610526,0.072061807,-0.26680505,0
2.4857593,2.5553064,-1.9900014,-0.24454218,0.67149591,-0.6994943,0
-3.578166,1.3149124,-1.0608082,-0.24454218,0.67149591,-0.6994943,0
-2.8351102,-2.8891029,1.5019298,-0.12875164,-0.73749596,-0.66296506,0
1.4325845,-0.76816738,-1.6862538,-0.12875164,-0.73749596,-0.66296506,0
0.048716545,-2.0705559,1.5693003,0.24454218,-0.67149591,0.6994943,0
-3.010181,-0.21543884,-1.4383093,-0.12875164,-0.73749596,-0.66296506,0
1.0358269,-2.2627001,0.05334767,-0.12875164,-0.73749596,-0.66296506,0
-3.8254766,1.4155548,-0.87773478,-0.24454218,0.67149591,-0.6994943,0
-2.9643397,1.5254662,-1.0732747,-0.24454218,0.67149591,-0.6994943,0
0.14127636,1.0159717,-2.6480942,-0.24454218,0.67149591,-0.6994943,0
-3.5259502,-2.2074318,1.695262,-0.9610526,-0.072061807,0.26680505,0
-0.40780771,-2.4788251,1.3369728,0.24454218,-0.67149591,0.6994943,0
-1.0631902,2.3664155,-0.93062466,-0.24454218,0.67149591,-0.6994943,0
4.343452,-1.4809453,0.63387823,0.24454218,-0.67149591,0.6994943,0
0.36263442,0.85018259,-2.884634,-0.24454218,0.67149591,-0.6994943,0
-0.36848348,1.9312472,0.18576525,0.12875164,0.73749596,0.66296506,0
-3.4397788,-1.7422416,2.1313024,-0.9610526,-0.072061807,0.26680505,0
-3.3179893,2.3994787,0.2377063,0.12875164,0.73749596,0.66296506,0
1.436443,-1.4938443,1.6377813,0.24454218,-0.67149591,0.6994943,0
-1.1142317,-0.011391759,-2.0334997,-0.12875164,-0.73749596,-0.66296506,0
0.11890626,2.7024379,-1.0213112,-0.24454218,0.67149591,-0.6994943,0
-1.2184528,2.3689525,-0.87390959,-0.24454218,0.67149591,-0.6994943,0
-3.7347717,-0.8298409,1.3151462,-0.9610526,-0.072061807,0.26680505,0
-3.6755834,1.0238411,-1.3061718,-0.24454218,0.67149591,-0.6994943,0
-3.1336529,-2.4477694,2.319737,0.24454218,-0.67149591,0.6994943,0
1.6278315,2.5293219,-1.7150156,-0.24454218,0.67149591,-0.6994943,0
2.4237592,1.1737167,-3.2946157,-0.24454218,0.67149591,-0.6994943,0
2.3386302,2.8040171,-1.6998098,-0.24454218,0.67149591,-0.6994943,0
-0.8446517,-1.6107366,2.3230348,0.24454218,-0.67149591,0.6994943,0
-4.2510347,1.9941053,0.21825218,-0.9610526,-0.072061807,0.26680505,0
4.4662528,-0.43870866,0.97708142,0.9610526,0.072061807,-0.26680505,0
-0.30286705,-0.49663535,2.8738484,0.12875164,0.73749596,0.66296506,0
1.8671798,-1.3302207,-1.1454151,-0.12875164,-0.73749596,-0.66296506,0
-0.90080345,2.4013762,-0.95383346,-0.24454218,0.67149591,-0.6994943,0
3.464395,2.4151852,-1.8608758,0.9610526,0.072061807,-0.26680505,0
-0.4245044,-1.3608059,2.4160788,0.24454218,-0.67149591,0.6994943,0
-1.6391258,-1.1691216,3.0247202,0.24454218,-0.67149591,0.6994943,0
-1.1619167,-2.1714637,1.8956668,0.24454218,-0.67149591,0.6994943,0
2.0030577,0.39790177,1.4309227,0.12875164,0.73749596,0.66296506,0
3.8502581,-0.19208652,-1.1751699,0.9610526,0.072061807,-0.26680505,0
4.2708406,-1.6283075,-0.048110723,0.9610526,0.072061807,-0.26680505,0
1.5776294,2.3216543,-1.896821,-0.24454218,0.67149591,-0.6994943,0
-2.121434,-2.7273681,1.6974595,0.24454218,-0.67149591,0.6994943,0
-3.244885,-1.3548772,2.9379489,-0.9610526,-0.072061807,0.26680505,0
-2.5676365,1.8458611,-0.90439087,-0.24454218,0.67149591,-0.6994943,0
0.98476672,-2.0240717,1.2866822,0.24454218,-0.67149591,0.6994943,0
-4.258791,0.043393493,-0.33656001,-0.9610526,-0.072061807,0.26680505,0
-4.1315618,0.79130554,0.32373643,-0.9610526,-0.072061807,0.26680505,0
1.3172491,1.6312912,0.19206333,0.12875164,0.73749596,0.66296506,0
-4.0618868,1.5636387,0.78331137,-0.9610526,-0.072061807,0.26680505,0
-1.6726177,-0.36381376,2.9921083,0.12875164,0.73749596,0.66296506,0
-3.9940276,0.19930279,0.65925026,-0.9610526,-0.072061807,0.26680505,0
-0.86981028,1.0565645,1.2561407,0.12875164,0.73749596,0.66296506,0
4.3142433,-0.76958233,0.34016514,0.9610526,0.072061807,-0.26680505,0
2.91466,-0.87855566,1.7116594,0.24454218,-0.67149591,0.6994943,0
-0.93173599,1.750731,-1.5676215,-0.24454218,0.67149591,-0.6994943,0
-2.6130385,2.4990234,-0.2614997,-0.24454218,0.67149591,-0.6994943,0
4.1706944,-2.1691859,0.033581257,0.24454218,-0.67149591,0.6994943,0
3.2941256,1.4447222,-2.7363138,0.9610526,0.072061807,-0.26680505,0
-1.1278003,-0.55169743,-1.4298177,-0.12875164,-0.73749596,-0.66296506,0
0.47639418,-2.4765844,0.39992213,-0.12875164,-0.73749596,-0.66296506,0
-3.1839933,2.0910463,-0.45354235,-0.24454218,0.67149591,-0.6994943,0
1.9852378,-0.77045441,2.1403582,0.24454218,-0.67149591,0.6994943,0
4.0914879,-1.3668734,-0.62354231,0.9610526,0.072061807,-0.26680505,0
-3.7763026,1.1263194,1.6938918,-0.9610526,-0.072061807,0.26680505,0
4.1837764,-0.53577471,-0.066637754,0.9610526,0.072061807,-0.26680505,0
0.072990805,-1.3495731,-0.77544498,-0.12875164,-0.73749596,-0.66296506,0
-3.6238635,-0.46555144,1.8130391,-0.9610526,-0.072061807,0.26680505,0
-2.3451047,1.0908061,-1.70702,-0.24454218,0.67149591,-0.6994943,0
3.3891726,0.012047946,-2.7809007,0.9610526,0.072061807,-0.26680505,0
-4.1084528,1.89624,0.70541048,-0.9610526,-0.072061807,0.26680505,0
-1.5215628,-2.2925909,0.58325899,-0.12875164,-0.73749596,-0.66296506,0
-1.5053947,0.54249728,-2.5269432,-0.24454218,0.67149591,-0.6994943,0
0.38103116,2.5009122,-1.3064088,-0.24454218,0.67149591,-0.6994943,0
-2.932646,0.94945955,-1.6373056,-0.24454218,0.67149591,-0.6994943,0
-0.904441,2.4512222,-0.90471101,-0.24454218,0.67149591,-0.6994943,0
2.4370828,2.909945,-1.4478154,0.12875164,0.73749596,0.66296506,0
-3.1639702,-1.2669661,3.253154,-0.9610526,-0.072061807,0.26680505,0
4.1473165,-0.46415412,1.6785392,0.24454218,-0.67149591,0.6994943,0
3.5256805,0.62950021,-2.1224191,0.9610526,0.072061807,-0.26680505,0
-0.35831702,-0.22144735,-1.9466327,-0.12875164,-0.73749596,-0.66296506,0
2.2505951,-1.1907113,1.6441545,0.24454218,-0.67149591,0.6994943,0
1.0550127,2.7711642,-1.2825973,-0.24454218,0.67149591,-0.6994943,0
3.3405509,-1.3457536,1.1142709,0.24454218,-0.67149591,0.6994943,0
0.47285581,-0.62949514,-1.6541305,-0.12875164,-0.73749596,-0.66296506,0
1.6695082,2.3107402,-0.63218045,0.12875164,0.73749596,0.66296506,0
-3.9002151,-0.84347153,0.71552515,-0.9610526,-0.072061807,0.26680505,0
1.8894538,1.7856628,-0.090788245,0.12875164,0.73749596,0.66296506,0
3.1157188,-0.86242139,1.656858,0.24454218,-0.67149591,0.6994943,0
0.90037513,-0.39552587,2.5276954,0.12875164,0.73749596,0.66296506,0
-1.2130218,-2.5850797,1.5164732,0.24454218,-0.67149591,0.6994943,0
0.80681086,1.8763057,0.0186342,0.12875164,0.73749596,0.66296506,0
-4.3311653,0.49206412,-0.47607422,-0.9610526,-0.072061807,0.26680505,0
4.1319714,0.77019072,0.099486113,0.9610526,0.072061807,-0.26680505,0
-3.98663,-0.66664398,0.45201159,-0.9610526,-0.072061807,0.26680505,0
-0.36750031,0.80646789,-2.6713448,-0.24454218,0.67149591,-0.6994943,0
-3.9279497,1.481429,1.2435601,-0.9610526,-0.072061807,0.26680505,0
0.88812625,2.0235026,-1.9419889,-0.24454218,0.67149591,-0.6994943,0
-3.7529793,-1.8540056,0.97294378,-0.9610526,-0.072061807,0.26680505,0
4.1085043,-1.9138439,-0.70997977,0.9610526,0.072061807,-0.26680505,0
1.6651149,1.5279465,-2.6893435,-0.24454218,0.67149591,-0.6994943,0
-0.301566,-0.51770014,-1.6280963,-0.12875164,-0.73749596,-0.66296506,0
-1.1675485,-1.5119543,-0.35388875,-0.12875164,-0.73749596,-0.66296506,0
-4.3407636,0.27218306,-0.57003546,-0.9610526,-0.072061807,0.26680505,0
4.4084187,-0.565714,0.73445439,0.9610526,0.072061807,-0.26680505,0
-1.9192739,-2.9363089,1.4262068,0.24454218,-0.67149591,0.6994943,0
3.5444365,-0.23879492,-2.2893786,0.9610526,0.072061807,-0.26680505,0
-4.3284655,1.6761045,-0.14654994,-0.9610526,-0.072061807,0.26680505,0
0.36795735,2.7438467,-1.0686275,-0.24454218,0.67149591,-0.6994943,0
-4.4840908,0.66391051,-0.98051059,-0.9610526,-0.072061807,0.26680505,0
-0.46424067,0.5939132,1.6920395,0.12875164,0.73749596,0.66296506,0
-3.1463132,-0.78455234,3.4470527,-0.9610526,-0.072061807,0.26680505,0
-0.27938452,-1.5265911,-0.51009321,-0.12875164,-0.73749596,-0.66296506,0
-0.88681996,-1.4938051,2.4500279,0.24454218,-0.67149591,0.6994943,0
-3.7570505,-0.21325147,1.4014318,-0.9610526,-0.072061807,0.26680505,0
-0.12994075,-1.2743366,2.3961082,0.24454218,-0.67149591,0.6994943,0
-3.2388082,-2.3426256,2.4574339,0.24454218,-0.67149591,0.6994943,0
-3.5151124,-2.7144461,1.5973613,-0.9610526,-0.072061807,0.26680505,0
-4.2496119,2.0923038,-0.079796314,-0.24454218,0.67149591,-0.6994943,0
4.0839267,0.32616258,1.1066105,0.12875164,0.73749596,0.66296506,0
4.3482213,-0.51440489,0.53147674,0.9610526,0.072061807,-0.26680505,0
3.3956423,1.8843768,-2.2518952,0.9610526,0.072061807,-0.26680505,0
2.8031394,-0.80163497,1.8244888,0.24454218,-0.67149591,0.6994943,0
3.615617,2.1187077,-1.3962383,0.9610526,0.072061807,-0.26680505,0
-3.4856989,-1.5724707,2.0117478,-0.9610526,-0.072061807,0.26680505,0
-4.4073634,0.011321902,-0.88039017,-0.9610526,-0.072061807,0.26680505,0
0.356558,1.8016033,0.18917626,0.12875164,0.73749596,0.66296506,0
3.8301034,-0.12030333,-1.2283802,0.9610526,0.072061807,-0.26680505,0
-4.0234809,-0.85095775,0.26948977,-0.9610526,-0.072061807,0.26680505,0
4.3681536,0.4482336,0.86327648,0.9610526,0.072061807,-0.26680505,0
-3.8978281,0.98668838,1.2184336,-0.9610526,-0.072061807,0.26680505,0
4.0484552,1.1757683,-0.091801405,0.9610526,0.072061807,-0.26680505,0
-2.6245098,1.8358014,-0.89416504,-0.24454218,0.67149591,-0.6994943,0
-3.9269328,1.463817,1.2424657,-0.9610526,-0.072061807,0.26680505,0
-3.5728068,-0.090736508,2.0981834,-0.9610526,-0.072061807,0.26680505,0
4.1062112,1.0344787,0.0780797,0.9610526,0.072061807,-0.26680505,0
1.6546365,2.5207677,-0.86293125,0.12875164,0.73749596,0.66296506,0
-1.771305,0.39793742,2.1638865,0.12875164,0.73749596,0.66296506,0
2.5356691,-2.1054907,0.66632915,0.24454218,-0.67149591,0.6994943,0
3.2670679,2.6318364,-2.1896791,-0.24454218,0.67149591,-0.6994943,0
1.6681799,-1.7927376,1.2698367,0.24454218,-0.67149591,0.6994943,0
-2.5283914,0.22166471,2.5070064,0.12875164,0.73749596,0.66296506,0
0.44473696,-1.4850535,1.9929187,0.24454218,-0.67149591,0.6994943,0
-2.3162127,-2.0341697,0.45011139,-0.12875164,-0.73749596,-0.66296506,0
1.1374569,-1.1615556,2.0612943,0.24454218,-0.67149591,0.6994943,0
-4.4922099,-0.095082998,-1.2147537,-0.9610526,-0.072061807,0.26680505,0
3.162786,0.82352936,0.73221993,0.12875164,0.73749596,0.66296506,0
-3.5851769,-0.018574476,2.0731146,-0.9610526,-0.072061807,0.26680505,0
4.3362885,-0.41429031,1.6603427,0.24454218,-0.67149591,0.6994943,0
-2.0285082,-1.957793,2.4037442,0.24454218,-0.67149591,0.6994943,0
2.6892951,-0.51202857,2.142303,0.24454218,-0.67149591,0.6994943,0
-3.5041072,1.492574,1.2827108,0.12875164,0.73749596,0.66296506,0
3.9773583,0.068984747,-0.64683199,0.9610526,0.072061807,-0.26680505,0
1.7781976,-1.478744,-0.96291375,-0.12875164,-0.73749596,-0.66296506,0
-3.3350501,0.24559325,2.6370454,0.12875164,0.73749596,0.66296506,0
3.6070545,-1.4916068,0.88108659,0.24454218,-0.67149591,0.6994943,0
3.6259606,1.7255427,-1.4651711,0.9610526,0.072061807,-0.26680505,0
0.47384119,-0.18759847,-2.1458967,-0.12875164,-0.73749596,-0.66296506,0
0.97740018,2.7617772,-0.99951148,0.12875164,0.73749596,0.66296506,0
-1.7659191,-2.8121765,1.4917579,0.24454218,-0.67149591,0.6994943,0
-2.2209907,2.3089643,0.12535274,0.12875164,0.73749596,0.66296506,0
3.6650815,-0.66721374,-1.9705179,0.9610526,0.072061807,-0.26680505,0
-0.64629942,0.10200325,2.2746069,0.12875164,0.73749596,0.66296506,0
1.8010528,0.95418209,0.85133582,0.12875164,0.73749596,0.66296506,0
-4.2255783,-0.36268914,-1.0384674,-0.12875164,-0.73749596,-0.66296506,0
-0.17564821,-0.26694643,-1.9314939,-0.12875164,-0.73749596,-0.66296506,0
3.7168112,1.2917643,-1.2550802,0.9610526,0.072061807,-0.26680505,0
-3.5810196,-1.5169973,0.12043095,-0.12875164,-0.73749596,-0.66296506,0
-4.317451,1.5271902,-0.59857428,-0.24454218,0.67149591,-0.6994943,0
3.8020482,-1.0770882,-1.5878568,0.9610526,0.072061807,-0.26680505,0
2.5268555,-0.90421897,-1.7474208,-0.12875164,-0.73749596,-0.66296506,0
-0.70131928,0.53683496,1.8015767,0.12875164,0.73749596,0.66296506,0
4.1050663,-0.71475309,-0.39849925,0.9610526,0.072061807,-0.26680505,0
3.8886523,1.7747753,-0.50563693,0.9610526,0.072061807,-0.26680505,0
2.926949,-1.9663311,0.6631279,0.24454218,-0.67149591,0.6994943,0
-4.2531667,0.65553272,-0.15096617,-0.9610526,-0.072061807,0.26680505,0
-1.6469419,-2.5328684,1.718292,0.24454218,-0.67149591,0.6994943,0
2.0961118,-0.28924596,2.1772485,0.12875164,0.73749596,0.66296506,0
3.4763923,2.5461926,-1.7822781,0.9610526,0.072061807,-0.26680505,0
0.70413697,-1.593431,1.7981937,0.24454218,-0.67149591,0.6994943,0
-3.6200349,-2.3298519,1.032244,-0.12875164,-0.73749596,-0.66296506,0
-0.90222186,-2.1073246,0.25688505,-0.12875164,-0.73749596,-0.66296506,0
1.1530187,-2.133878,-0.11271588,-0.12875164,-0.73749596,-0.66296506,0
-2.137779,-1.3629876,-0.33117783,-0.12875164,-0.73749596,-0.66296506,0
3.7187548,-0.85057056,-1.8267064,0.9610526,0.072061807,-0.26680505,0
1.4769681,1.8903692,-2.2756519,-0.24454218,0.67149591,-0.6994943,0
0.21539581,2.7646952,-0.9952786,-0.24454218,0.67149591,-0.6994943,0
0.30005169,0.90075678,-2.8142054,-0.24454218,0.67149591,-0.6994943,0
-4.2293525,0.57529533,-0.086856604,-0.9610526,-0.072061807,0.26680505,0
-4.1264348,-0.64238954,-0.74657774,-0.12875164,-0.73749596,-0.66296506,0
-1.8993716,1.2812366,1.2061576,0.12875164,0.73749596,0.66296506,0
0.43491292,-1.3123547,2.1621394,0.24454218,-0.67149591,0.6994943,0
1.3800919,0.9074772,0.98504436,0.12875164,0.73749596,0.66296506,0
-3.1974633,-0.78423023,3.2628925,-0.9610526,-0.072061807,0.26680505,0
3.4740169,1.0808959,-2.1865973,0.9610526,0.072061807,-0.26680505,0
-3.4356861,-2.1098518,0.75171018,-0.12875164,-0.73749596,-0.66296506,0
4.2133117,0.66828012,0.36495519,0.9610526,0.072061807,-0.26680505,0
2.8978055,1.7065637,-2.9488225,-0.24454218,0.67149591,-0.6994943,0
-4.0166397,-0.65955663,0.34582829,-0.9610526,-0.072061807,0.26680505,0
0.39270675,-1.9788735,1.5370545,0.24454218,-0.67149591,0.6994943,0
-3.3260164,-0.31785116,2.9257994,-0.9610526,-0.072061807,0.26680505,0
-4.1739149,0.94290686,0.21212268,-0.9610526,-0.072061807,0.26680505,0
1.9318076,-0.065343104,-2.565042,-0.12875164,-0.73749596,-0.66296506,0
2.6177645,2.2852209,-2.2954252,-0.24454218,0.67149591,-0.6994943,0
2.2276397,-0.79906219,2.0281525,0.24454218,-0.67149591,0.6994943,0
4.0782504,-2.3474612,-0.10524035,0.24454218,-0.67149591,0.6994943,0
3.9582713,0.6135726,-0.56849623,0.9610526,0.072061807,-0.26680505,0
2.5246677,1.7056975,-2.819206,-0.24454218,0.67149591,-0.6994943,0
-0.77140605,1.971639,-1.4116068,-0.24454218,0.67149591,-0.6994943,0
-3.4780388,-0.71562397,-0.79103255,-0.12875164,-0.73749596,-0.66296506,0
-3.200105,-1.444123,3.0751445,-0.9610526,-0.072061807,0.26680505,0
-2.9261906,1.2972693,1.3877368,0.12875164,0.73749596,0.66296506,0
3.4785438,0.083040178,-2.4398041,0.9610526,0.072061807,-0.26680505,0
4.1026087,0.55212855,-0.065175533,0.9610526,0.072061807,-0.26680505,0
4.2769198,-0.42610276,0.2984941,0.9610526,0.072061807,-0.26680505,0
-1.1027505,-1.9589329,2.0790067,0.24454218,-0.67149591,0.6994943,0
3.1486187,1.3836656,-3.2769322,0.9610526,0.072061807,-0.26680505,0
-3.7660971,0.0071135759,1.4283655,-0.9610526,-0.072061807,0.26680505,0
-4.4639301,0.74380434,-0.88631046,-0.9610526,-0.072061807,0.26680505,0
-0.62543142,-2.3210433,0.44087601,-0.12875164,-0.73749596,-0.66296506,0
-1.3493187,0.858576,-2.2780802,-0.24454218,0.67149591,-0.6994943,0
-3.4504459,1.2388788,1.5545051,0.12875164,0.73749596,0.66296506,0
2.2475471,-2.1794782,0.69603014,0.24454218,-0.67149591,0.6994943,0
-2.4933178,-2.5019388,2.0438752,0.24454218,-0.67149591,0.6994943,0
-3.9716308,0.71099198,0.87812805,-0.9610526,-0.072061807,0.26680505,0
-3.6893764,-1.9279655,1.1820693,-0.9610526,-0.072061807,0.26680505,0
3.2667763,-2.1733432,0.3455987,0.24454218,-0.67149591,0.6994943,0
-4.0101767,0.66937661,0.72804236,-0.9610526,-0.072061807,0.26680505,0
3.9705987,0.63223827,-0.51905036,0.9610526,0.072061807,-0.26680505,0
-1.1089067,1.1727436,-2.0605354,-0.24454218,0.67149591,-0.6994943,0
-3.2374339,-1.2878175,2.9829009,-0.9610526,-0.072061807,0.26680505,0
3.7039013,-1.9584396,0.39908206,0.24454218,-0.67149591,0.6994943,0
2.1397719,-1.5955391,1.2942742,0.24454218,-0.67149591,0.6994943,0
0.37267244,-0.039434671,2.2340553,0.12875164,0.73749596,0.66296506,0
-2.3939538,-2.9403563,1.4732695,-0.12875164,-0.73749596,-0.66296506,0
-0.10497761,-1.1286497,2.5272365,0.24454218,-0.67149591,0.6994943,0
-1.6950188,-2.3132787,1.9459,0.24454218,-0.67149591,0.6994943,0
3.1436729,0.91959488,-3.4200881,0.9610526,0.072061807,-0.26680505,0
-3.8251915,0.1238398,1.2470281,-0.9610526,-0.072061807,0.26680505,0
-2.7948301,-2.6217208,2.034296,0.24454218,-0.67149591,0.6994943,0
-3.6930044,0.4720183,1.8172178,-0.9610526,-0.072061807,0.26680505,0
3.5937953,-0.25209183,-2.1151757,0.9610526,0.072061807,-0.26680505,0
-0.93436646,1.8067323,0.43417591,0.12875164,0.73749596,0.66296506,0
0.48686182,1.4596256,0.54429364,0.12875164,0.73749596,0.66296506,0
0.25090516,-0.81664312,-1.4028392,-0.12875164,-0.73749596,-0.66296506,0
3.2979832,0.82897902,-2.888725,0.9610526,0.072061807,-0.26680505,0
0.83245778,-0.55286616,2.715914,0.12875164,0.73749596,0.66296506,0
0.033067346,-2.7540393,0.79466534,-0.12875164,-0.73749596,-0.66296506,0
3.8093536,-1.1934192,-1.592963,0.9610526,0.072061807,-0.26680505,0
2.6708279,-2.5330715,0.036587954,-0.12875164,-0.73749596,-0.66296506,0
4.3937969,-0.52238727,0.69348741,0.9610526,0.072061807,-0.26680505,0
2.6638193,-0.86394715,-1.8188192,-0.12875164,-0.73749596,-0.66296506,0
0.040573359,1.0455921,-2.5844541,-0.24454218,0.67149591,-0.6994943,0
-4.1134815,1.4443645,0.56525016,-0.9610526,-0.072061807,0.26680505,0
2.7750957,-1.0573472,1.588816,0.24454218,-0.67149591,0.6994943,0
0.1953361,0.86549407,-2.8114481,-0.24454218,0.67149591,-0.6994943,0
3.3005757,1.3551693,-2.7372675,0.9610526,0.072061807,-0.26680505,0
4.2549205,-1.3221672,-0.022769928,0.9610526,0.072061807,-0.26680505,0
-3.3256381,-0.15329894,2.9716065,-0.9610526,-0.072061807,0.26680505,0
3.7825236,1.9377769,-0.84389639,0.9610526,0.072061807,-0.26680505,0
-3.0783319,2.0766263,-0.50432396,-0.24454218,0.67149591,-0.6994943,0
0.56556666,0.86368179,-2.9426198,-0.24454218,0.67149591,-0.6994943,0
3.8868439,0.21630263,-0.93308139,0.9610526,0.072061807,-0.26680505,0
-3.6637077,-0.13678795,1.7583122,-0.9610526,-0.072061807,0.26680505,0
-4.3855333,0.89700627,-0.56254053,-0.9610526,-0.072061807,0.26680505,0
-0.84277725,0.50772023,-2.6636884,-0.12875164,-0.73749596,-0.66296506,0
3.4645116,1.6723328,-2.0610948,0.9610526,0.072061807,-0.26680505,0
4.1944547,-0.71669042,-0.077039003,0.9610526,0.072061807,-0.26680505,0
4.3288898,-1.8266762,0.10740972,0.9610526,0.072061807,-0.26680505,0
-1.1110252,-0.04235214,-1.9996815,-0.12875164,-0.73749596,-0.66296506,0
1.5595137,0.95238394,0.90024447,0.12875164,0.73749596,0.66296506,0
4.046309,-0.52722031,-0.55949712,0.9610526,0.072061807,-0.26680505,0
-2.7434857,-0.60972708,3.4736364,0.12875164,0.73749596,0.66296506,0
0.0090839863,0.82888758,1.3387268,0.12875164,0.73749596,0.66296506,0
-1.7370772,0.55192578,-2.4368963,-0.24454218,0.67149591,-0.6994943,0
-1.0304271,-1.8517306,-0.0025446415,-0.12875164,-0.73749596,-0.66296506,0
-1.575361,-1.3006742,2.8761415,0.24454218,-0.67149591,0.6994943,0
-0.88506395,2.1690354,0.021567822,0.12875164,0.73749596,0.66296506,0
-0.89896655,2.6204829,-0.74413896,-0.24454218,0.67149591,-0.6994943,0
-1.7379001,-1.8780688,0.16415,-0.12875164,-0.73749596,-0.66296506,0
3.6363139,0.22243142,-1.8338559,0.9610526,0.072061807,-0.26680505,0
4.5577693,-0.047961473,1.4122683,0.9610526,0.072061807,-0.26680505,0
-3.8026474,2.0695686,-0.25787997,-0.24454218,0.67149591,-0.6994943,0
3.4357095,1.429559,-2.2304127,0.9610526,0.072061807,-0.26680505,0
-0.34808403,1.9722626,0.13617718,0.12875164,0.73749596,0.66296506,0
4.0054674,-1.0496687,-0.84771991,0.9610526,0.072061807,-0.26680505,0
-2.9587662,-1.4939368,3.1742506,0.24454218,-0.67149591,0.6994943,0
2.3062468,-0.23077074,-2.4537346,-0.12875164,-0.73749596,-0.66296506,0
2.5381141,1.6541723,-2.873369,-0.24454218,0.67149591,-0.6994943,0
-1.6473552,0.20547707,2.3539114,0.12875164,0.73749596,0.66296506,0
2.9188209,0.86618721,0.73214626,0.12875164,0.73749596,0.66296506,0
3.7762787,0.096451163,1.4218928,0.12875164,0.73749596,0.66296506,0
