1.6683919,0.70937848,-1.079237,0.61299157,0.78654552,0.07474649,0
1.6195736,-1.8990409,0.67057556,0.74817264,-0.54746199,-0.37486342,0
-0.21502697,2.1779008,-1.086458,0.61299157,0.78654552,0.07474649,0
1.1269801,0.99123931,0.39487287,0.61299157,0.78654552,0.07474649,0
1.0548112,1.2462788,-1.6970139,0.61299157,0.78654552,0.07474649,0
-0.045906067,2.1497421,-2.1771002,0.61299157,0.78654552,0.07474649,0
0.9664855,-2.68348,0.51272655,0.74817264,-0.54746199,-0.37486342,0
1.6189538,0.4996264,1.5333914,0.61299157,0.78654552,0.07474649,0
-0.25954682,1.5897593,-2.6836748,-0.25392637,0.28571144,-0.92406189,0
0.48935539,-0.23127937,3.0405545,0.25392637,-0.28571144,0.92406189,0
-0.6793142,-1.3967879,0.20136788,-0.61299157,-0.78654552,-0.07474649,0
-1.0436964,2.7066443,-0.70065725,-0.74817264,0.54746199,0.37486342,0
-1.3697615,-0.98522639,3.3183148,0.25392637,-0.28571144,0.92406189,0
-1.2596192,1.5274994,-2.4281116,-0.25392637,0.28571144,-0.92406189,0
1.5558591,-1.8684683,0.49876118,0.74817264,-0.54746199,-0.37486342,0
0.36305022,-1.9268533,-1.7966442,0.74817264,-0.54746199,-0.37486342,0
0.72134197,0.42505383,-3.3133333,-0.25392637,0.28571144,-0.92406189,0
-1.9086642,-0.2890172,1.9479485,-0.74817264,0.54746199,0.37486342,0
0.34293622,0.98392689,-3.0365515,-0.25392637,0.28571144,-0.92406189,0
-1.1420503,-0.98090732,3.2570763,0.25392637,-0.28571144,0.92406189,0
0.96635318,-1.2764781,-1.5423672,0.74817264,-0.54746199,-0.37486342,0
-0.036586523,0.15233292,3.3036895,0.25392637,-0.28571144,0.92406189,0
-1.2079902,1.8596182,-2.3396106,-0.25392637,0.28571144,-0.92406189,0
-2.8404026,0.50470686,-2.0848041,-0.61299157,-0.78654552,-0.07474649,0
-1.4483011,0.63985133,-2.6507158,-0.25392637,0.28571144,-0.92406189,0
-1.1913053,0.54158461,-2.7517197,-0.25392637,0.28571144,-0.92406189,0
1.2650101,0.75751209,1.7223721,0.61299157,0.78654552,0.07474649,0
1.9258158,0.32358885,0.86925226,0.61299157,0.78654552,0.07474649,0
0.81143188,0.96761227,3.2312899,0.61299157,0.78654552,0.07474649,0
-0.94015157,0.44909751,2.8029943,-0.74817264,0.54746199,0.37486342,0
-1.1771892,0.99007058,-2.6169307,-0.25392637,0.28571144,-0.92406189,0
1.3849238,0.90910161,-0.85618645,0.61299157,0.78654552,0.07474649,0
1.5454992,0.27193618,-2.6478276,0.74817264,-0.54746199,-0.37486342,0
3.0021262,-0.82776546,2.165633,0.25392637,-0.28571144,0.92406189,0
-0.062020779,-1.9029813,0.46557325,-0.61299157,-0.78654552,-0.07474649,0
-1.5747342,2.099627,-0.87402391,-0.74817264,0.54746199,0.37486342,0
-1.5440519,0.58754361,-2.6405768,-0.25392637,0.28571144,-0.92406189,0
-0.33026457,0.78303301,3.5325499,-0.74817264,0.54746199,0.37486342,0
0.86283427,1.0556697,1.8831307,0.61299157,0.78654552,0.07474649,0
0.26203442,0.92022294,-3.0340166,-0.25392637,0.28571144,-0.92406189,0
-0.96024317,-1.0466911,3.1867774,0.25392637,-0.28571144,0.92406189,0
0.63404071,0.43545038,3.2069428,0.25392637,-0.28571144,0.92406189,0
2.134047,0.25441027,-1.4475775,0.74817264,-0.54746199,-0.37486342,0
-1.5240389,-0.66755044,-0.544743,-0.61299157,-0.78654552,-0.07474649,0
-0.45095229,-0.030485153,-3.1320426,-0.25392637,0.28571144,-0.92406189,0
1.2637101,0.64546859,2.9120514,0.61299157,0.78654552,0.07474649,0
1.3932614,-1.5683775,-0.26402131,0.74817264,-0.54746199,-0.37486342,0
0.31393027,-1.8898463,2.5759466,0.25392637,-0.28571144,0.92406189,0
-2.0527358,1.7027129,-2.1559935,-0.25392637,0.28571144,-0.92406189,0
-1.0251179,-0.13338947,-3.0060828,-0.25392637,0.28571144,-0.92406189,0
-1.7611773,1.0165693,-2.4482615,-0.25392637,0.28571144,-0.92406189,0
-1.4749751,-0.71093905,-0.49054402,-0.61299157,-0.78654552,-0.07474649,0
-2.2530761,-0.16154718,0.10945174,-0.61299157,-0.78654552,-0.07474649,0
-1.8382411,2.2272191,-1.5862862,-0.74817264,0.54746199,0.37486342,0
-2.0402534,-0.27489543,-0.44314611,-0.61299157,-0.78654552,-0.07474649,0
-1.4242401,-1.0485897,3.3136935,0.25392637,-0.28571144,0.92406189,0
-0.033230543,-1.8981353,0.17847592,-0.61299157,-0.78654552,-0.07474649,0
1.1270571,0.11722004,-3.2570248,0.74817264,-0.54746199,-0.37486342,0
-0.56316948,0.62120062,3.3040512,-0.74817264,0.54746199,0.37486342,0
1.5967538,0.77582765,-1.1909715,0.61299157,0.78654552,0.07474649,0
-0.95936126,-0.90266812,-2.7015288,-0.61299157,-0.78654552,-0.07474649,0
0.010312319,-1.9914157,0.80295801,-0.61299157,-0.78654552,-0.07474649,0
-0.64944673,-1.4544421,0.56311274,-0.61299157,-0.78654552,-0.07474649,0
3.1072617,-0.71461725,1.9100153,0.74817264,-0.54746199,-0.37486342,0
-0.9710629,-0.56051731,3.3400712,0.25392637,-0.28571144,0.92406189,0
1.7774484,-1.4518533,0.33258468,0.74817264,-0.54746199,-0.37486342,0
-0.0097162724,1.3192824,3.3891628,-0.74817264,0.54746199,0.37486342,0
1.6612575,-0.071908236,-1.9146301,0.74817264,-0.54746199,-0.37486342,0
2.1832023,-0.75935709,0.13106751,0.74817264,-0.54746199,-0.37486342,0
-0.76707947,-1.0154417,3.1433592,0.25392637,-0.28571144,0.92406189,0
1.3765125,1.0567753,-2.3411531,0.61299157,0.78654552,0.07474649,0
0.25897712,0.30238265,-3.2242072,-0.25392637,0.28571144,-0.92406189,0
-1.868523,0.098455429,-2.702636,-0.25392637,0.28571144,-0.92406189,0
1.6981701,0.35336494,2.4228327,0.61299157,0.78654552,0.07474649,0
-1.0323685,-0.22732031,-3.0331328,-0.25392637,0.28571144,-0.92406189,0
-1.6073279,-0.58976078,-0.68026465,-0.61299157,-0.78654552,-0.07474649,0
0.61637831,-1.9559718,-1.2485127,0.74817264,-0.54746199,-0.37486342,0
-1.9317032,1.1423936,-2.3624983,-0.25392637,0.28571144,-0.92406189,0
-2.1478846,0.37526584,-2.540282,-0.25392637,0.28571144,-0.92406189,0
-0.8775636,-1.3320984,1.1464844,-0.61299157,-0.78654552,-0.07474649,0
-0.84963524,-1.0512934,3.1549599,0.25392637,-0.28571144,0.92406189,0
1.5297854,0.55723119,-3.0958443,0.74817264,-0.54746199,-0.37486342,0
2.2421653,0.10940623,0.52869523,0.61299157,0.78654552,0.07474649,0
-0.97809315,2.3904614,-2.2386532,-0.25392637,0.28571144,-0.92406189,0
-0.65559381,-1.376891,-0.20253161,-0.61299157,-0.78654552,-0.07474649,0
-1.0162148,2.292737,-2.258393,-0.25392637,0.28571144,-0.92406189,0
0.44086897,0.93100578,3.4132464,0.25392637,-0.28571144,0.92406189,0
-1.6504608,-0.48627043,2.7513604,-0.74817264,0.54746199,0.37486342,0
-0.81608558,1.6298966,1.3261364,-0.74817264,0.54746199,0.37486342,0
-0.40337265,-1.3664703,-2.3806381,-0.61299157,-0.78654552,-0.07474649,0
-3.0699735,0.72290516,-2.1794109,-0.25392637,0.28571144,-0.92406189,0
-2.7694502,0.40732908,-1.6419873,-0.61299157,-0.78654552,-0.07474649,0
-1.5357213,1.9409513,-0.56442672,-0.74817264,0.54746199,0.37486342,0
0.55982327,-0.66738629,-3.2432783,0.74817264,-0.54746199,-0.37486342,0
-0.29756808,2.0876594,0.54005355,0.61299157,0.78654552,0.07474649,0
-0.2656889,0.77138466,3.5580506,0.25392637,-0.28571144,0.92406189,0
1.6228364,-0.10969174,2.7666748,0.25392637,-0.28571144,0.92406189,0
0.73453832,1.6002353,-2.7951045,0.61299157,0.78654552,0.07474649,0
-1.3221967,2.264703,-2.1829789,-0.25392637,0.28571144,-0.92406189,0
0.059293628,0.64125943,-3.0645578,-0.25392637,0.28571144,-0.92406189,0
0.92593294,1.2560097,-0.7424897,0.61299157,0.78654552,0.07474649,0
-1.065889,-0.94375515,-1.3955474,-0.61299157,-0.78654552,-0.07474649,0
-1.3585196,0.89062655,1.3231698,-0.74817264,0.54746199,0.37486342,0
0.44310591,0.91931462,-3.0840547,-0.25392637,0.28571144,-0.92406189,0
-0.35171485,-1.3778446,-2.6845913,-0.61299157,-0.78654552,-0.07474649,0
1.4377687,0.034037352,2.8619702,0.25392637,-0.28571144,0.92406189,0
-0.55809879,2.0540185,1.2216393,-0.74817264,0.54746199,0.37486342,0
-1.2147193,0.038522482,2.8546131,-0.74817264,0.54746199,0.37486342,0
2.2835088,0.038404942,0.93677878,0.61299157,0.78654552,0.07474649,0
0.9285332,1.4557937,-2.8661079,0.61299157,0.78654552,0.07474649,0
0.75168812,-0.69300032,2.8257072,0.25392637,-0.28571144,0.92406189,0
-1.4316537,-0.27913988,2.8855672,-0.74817264,0.54746199,0.37486342,0
0.39820904,0.34838998,-3.2482424,-0.25392637,0.28571144,-0.92406189,0
-1.5684965,-0.8021102,1.2358034,-0.61299157,-0.78654552,-0.07474649,0
-1.0321919,0.63465059,2.3483076,-0.74817264,0.54746199,0.37486342,0
0.71457082,-0.050799072,3.0344698,0.25392637,-0.28571144,0.92406189,0
-0.94494009,2.4013426,-0.057682574,-0.74817264,0.54746199,0.37486342,0
-2.4626288,1.6758666,-2.0272622,-0.74817264,0.54746199,0.37486342,0
-1.4260526,2.397089,-1.0117002,-0.74817264,0.54746199,0.37486342,0
-2.514164,0.05802536,0.23262845,-0.74817264,0.54746199,0.37486342,0
2.5317864,-0.27331138,2.1808083,0.61299157,0.78654552,0.07474649,0
-1.3143712,-1.0406379,1.6617215,-0.61299157,-0.78654552,-0.07474649,0
-1.8601797,0.10969841,-2.7014525,-0.25392637,0.28571144,-0.92406189,0
-0.36287451,1.7492497,2.0563724,-0.74817264,0.54746199,0.37486342,0
-2.4328585,0.97914135,-0.95032436,-0.74817264,0.54746199,0.37486342,0
1.1467769,0.8050071,2.1922164,0.61299157,0.78654552,0.07474649,0
-0.48267382,-1.7468659,2.2725501,-0.61299157,-0.78654552,-0.07474649,0
2.2843456,-0.18314886,-0.50857782,0.74817264,-0.54746199,-0.37486342,0
-1.1870351,0.70223415,1.940562,-0.74817264,0.54746199,0.37486342,0
1.5090659,-1.841433,0.36588579,0.74817264,-0.54746199,-0.37486342,0
-1.0210757,-1.0395544,3.2057004,0.25392637,-0.28571144,0.92406189,0
-0.64697433,-1.4754125,0.76350605,-0.61299157,-0.78654552,-0.07474649,0
-0.98068213,2.5996058,-0.41856748,-0.74817264,0.54746199,0.37486342,0
0.36875248,-1.9346365,-1.7738965,0.74817264,-0.54746199,-0.37486342,0
-0.27815902,1.9905348,-2.5546443,-0.25392637,0.28571144,-0.92406189,0
-2.0780396,-0.3843112,1.7490718,-0.74817264,0.54746199,0.37486342,0
0.82359028,-1.0918584,-2.096926,0.74817264,-0.54746199,-0.37486342,0
0.92032266,-1.3123777,-1.581808,0.74817264,-0.54746199,-0.37486342,0
1.6441846,-2.2551663,1.2397923,0.74817264,-0.54746199,-0.37486342,0
-2.134994,-0.31031728,0.70655423,-0.61299157,-0.78654552,-0.07474649,0
-1.2435656,-0.87216842,-0.69172627,-0.61299157,-0.78654552,-0.07474649,0
0.75681615,-2.6300125,1.4007788,-0.61299157,-0.78654552,-0.07474649,0
0.13888383,-1.891764,2.623455,0.25392637,-0.28571144,0.92406189,0
-2.0883858,0.42607415,-2.5409224,-0.25392637,0.28571144,-0.92406189,0
-1.2292198,1.334888,-2.4960189,-0.25392637,0.28571144,-0.92406189,0
-2.0524163,-0.31794548,0.10960964,-0.61299157,-0.78654552,-0.07474649,0
-0.77503395,2.6503034,-1.4648919,0.61299157,0.78654552,0.07474649,0
1.4128187,-2.3425953,0.90570372,0.74817264,-0.54746199,-0.37486342,0
1.9867468,-0.59500647,-0.50105232,0.74817264,-0.54746199,-0.37486342,0
-0.79537857,-1.2456529,-0.43716398,-0.61299157,-0.78654552,-0.07474649,0
-1.9168506,2.3652544,-1.9447697,-0.74817264,0.54746199,0.37486342,0
-0.28821373,-1.4238434,-2.7213242,-0.61299157,-0.78654552,-0.07474649,0
1.5556924,-1.3763609,-0.22025949,0.74817264,-0.54746199,-0.37486342,0
-0.50287628,-1.3697343,-1.5302695,-0.61299157,-0.78654552,-0.07474649,0
0.42762268,-2.4169641,2.3817244,0.25392637,-0.28571144,0.92406189,0
-0.90890849,0.6099146,2.6304884,-0.74817264,0.54746199,0.37486342,0
2.1666551,-0.99813104,0.44675505,0.74817264,-0.54746199,-0.37486342,0
1.6614161,-0.92336023,-0.67082691,0.74817264,-0.54746199,-0.37486342,0
-2.4277835,1.0628166,-2.250783,-0.25392637,0.28571144,-0.92406189,0
1.2993487,1.0752101,-1.902323,0.61299157,0.78654552,0.07474649,0
0.38970053,-0.09960565,-3.3844204,-0.25392637,0.28571144,-0.92406189,0
1.5763974,0.61832464,0.63335103,0.61299157,0.78654552,0.07474649,0
0.51190484,1.66791,-1.6814325,0.61299157,0.78654552,0.07474649,0
0.82887006,1.2782182,-0.18017766,0.61299157,0.78654552,0.07474649,0
2.0573564,-1.3249726,0.70593947,0.74817264,-0.54746199,-0.37486342,0
-1.0808027,2.1311853,-2.2905951,-0.25392637,0.28571144,-0.92406189,0
-1.1599672,-1.0200369,0.1786848,-0.61299157,-0.78654552,-0.07474649,0
-0.31254673,-1.8914779,2.3990796,-0.61299157,-0.78654552,-0.07474649,0
-0.55488563,1.0739248,2.6594114,-0.74817264,0.54746199,0.37486342,0
-1.7141621,-0.33505964,-2.4843032,-0.61299157,-0.78654552,-0.07474649,0
-1.6080554,2.209734,-1.1013334,-0.74817264,0.54746199,0.37486342,0
2.1924603,-1.9271016,2.0482192,0.25392637,-0.28571144,0.92406189,0
-1.4915614,-0.6645,3.3287919,-0.74817264,0.54746199,0.37486342,0
-0.5588361,-1.4342539,-0.39241716,-0.61299157,-0.78654552,-0.07474649,0
2.5513346,-0.25020766,1.7773793,0.61299157,0.78654552,0.07474649,0
-2.3536754,1.3816968,-2.1725526,-0.25392637,0.28571144,-0.92406189,0
-1.9139791,1.41432,-0.55026573,-0.74817264,0.54746199,0.37486342,0
1.2960699,-2.4208007,0.78690279,0.74817264,-0.54746199,-0.37486342,0
0.49480271,-0.75411439,-3.2463884,0.74817264,-0.54746199,-0.37486342,0
2.0547209,-0.74104202,-0.15211013,0.74817264,-0.54746199,-0.37486342,0
-0.16990423,1.4192038,2.9235225,-0.74817264,0.54746199,0.37486342,0
-1.2825282,-0.22018838,-2.9621854,-0.25392637,0.28571144,-0.92406189,0
-0.20682955,-1.8749168,1.3578238,-0.61299157,-0.78654552,-0.07474649,0
0.19431055,1.9136029,-1.6622459,0.61299157,0.78654552,0.07474649,0
-1.1818259,2.1728473,-0.19677055,-0.74817264,0.54746199,0.37486342,0
1.1090972,-0.15514857,2.8937924,0.25392637,-0.28571144,0.92406189,0
2.4547625,-0.10899854,1.0834428,0.61299157,0.78654552,0.07474649,0
0.052580714,-1.9667585,0.19685578,-0.61299157,-0.78654552,-0.07474649,0
-0.61320466,-1.2862637,-1.5038217,-0.61299157,-0.78654552,-0.07474649,0
0.13019967,-1.9970194,-0.12126172,-0.61299157,-0.78654552,-0.07474649,0
2.2435043,0.1080606,0.53187346,0.61299157,0.78654552,0.07474649,0
-1.6514466,2.3494062,-1.3919168,-0.74817264,0.54746199,0.37486342,0
0.82952905,-1.9989238,-0.7603662,0.74817264,-0.54746199,-0.37486342,0
1.6121985,0.065791965,2.8238561,0.25392637,-0.28571144,0.92406189,0
0.38913137,1.711955,-1.1380525,0.61299157,0.78654552,0.07474649,0
1.2863045,0.73026633,1.8344415,0.61299157,0.78654552,0.07474649,0
-0.25413418,1.1123449,3.2035573,-0.74817264,0.54746199,0.37486342,0
1.7340654,0.42427301,-2.4939544,0.74817264,-0.54746199,-0.37486342,0
-0.040866852,1.9024369,0.38392919,0.61299157,0.78654552,0.07474649,0
-0.88351643,-1.3007107,0.86501509,-0.61299157,-0.78654552,-0.07474649,0
-2.6096559,1.0874386,-2.1931927,-0.25392637,0.28571144,-0.92406189,0
-1.5615168,2.6297066,-1.6217896,-0.74817264,0.54746199,0.37486342,0
-0.47374034,0.82032251,3.1917343,-0.74817264,0.54746199,0.37486342,0
1.7631884,-1.2362003,2.3798008,0.25392637,-0.28571144,0.92406189,0
-1.0289586,-0.64960885,-3.1646376,-0.25392637,0.28571144,-0.92406189,0
0.28843844,1.647163,0.36952388,0.61299157,0.78654552,0.07474649,0
2.0380678,-1.027823,0.23347592,0.74817264,-0.54746199,-0.37486342,0
-0.52142358,-0.91019809,3.1083949,0.25392637,-0.28571144,0.92406189,0
-1.813943,1.3612376,-2.3271933,-0.25392637,0.28571144,-0.92406189,0
-0.43373001,-1.3194877,-2.6260705,-0.61299157,-0.78654552,-0.07474649,0
1.6097397,0.62300944,-3.0323315,0.74817264,-0.54746199,-0.37486342,0
-0.83659351,1.8698386,-2.438508,-0.25392637,0.28571144,-0.92406189,0
-0.50782114,0.50952345,-2.9494498,-0.25392637,0.28571144,-0.92406189,0
-0.82867461,-1.406738,1.5309721,-0.61299157,-0.78654552,-0.07474649,0
-0.94517207,2.7992029,-1.6364448,0.61299157,0.78654552,0.07474649,0
0.34470463,-1.5923716,2.6594663,0.25392637,-0.28571144,0.92406189,0
0.32406354,-1.2342287,-2.8859859,0.74817264,-0.54746199,-0.37486342,0
2.6501658,-0.32171702,1.7193511,0.61299157,0.78654552,0.07474649,0
-0.86235803,-1.341372,1.1193691,-0.61299157,-0.78654552,-0.07474649,0
1.4273173,0.59590304,2.0918891,0.61299157,0.78654552,0.07474649,0
2.9050689,-0.89259851,1.7663968,0.74817264,-0.54746199,-0.37486342,0
-1.2838128,0.92233086,1.4259719,-0.74817264,0.54746199,0.37486342,0
-0.045964241,-1.2747991,-3.5652575,0.74817264,-0.54746199,-0.37486342,0
1.1106704,-1.5408067,2.4649272,0.25392637,-0.28571144,0.92406189,0
1.9275618,-1.7922635,2.1627026,0.25392637,-0.28571144,0.92406189,0
-1.3779449,-0.54728663,3.3843727,-0.74817264,0.54746199,0.37486342,0
-0.23042011,1.551528,2.6094911,-0.74817264,0.54746199,0.37486342,0
-3.0097761,0.87301207,-2.1495409,-0.25392637,0.28571144,-0.92406189,0
1.2462559,-1.4975395,-0.66087782,0.74817264,-0.54746199,-0.37486342,0
-2.8271031,0.4960382,-2.1026514,-0.61299157,-0.78654552,-0.07474649,0
0.56377542,1.2606486,-3.0116768,-0.25392637,0.28571144,-0.92406189,0
-1.6947428,1.1163143,-2.4356771,-0.25392637,0.28571144,-0.92406189,0
1.1713479,0.96750188,0.28080097,0.61299157,0.78654552,0.07474649,0
0.92366976,0.96148765,2.3752816,0.61299157,0.78654552,0.07474649,0
-2.1716592,0.19930685,-2.5881536,-0.25392637,0.28571144,-0.92406189,0
-0.60707891,-0.95480931,3.1181388,0.25392637,-0.28571144,0.92406189,0
1.8055136,-2.0630527,1.2812135,0.74817264,-0.54746199,-0.37486342,0
-0.28543758,-1.3986973,2.892508,0.25392637,-0.28571144,0.92406189,0
0.87606817,1.2071455,0.18064213,0.61299157,0.78654552,0.07474649,0
2.1198964,-1.5064837,2.1982107,0.25392637,-0.28571144,0.92406189,0
-0.75443214,-1.4156203,1.0155761,-0.61299157,-0.78654552,-0.07474649,0
-2.2756617,-0.14754248,0.14730792,-0.61299157,-0.78654552,-0.07474649,0
1.2972193,-2.7191989,1.2249875,0.74817264,-0.54746199,-0.37486342,0
0.79759622,-2.191385,-0.54302257,0.74817264,-0.54746199,-0.37486342,0
1.0193127,-0.77282804,-2.1722136,0.74817264,-0.54746199,-0.37486342,0
-2.5836573,1.4591968,-1.952384,-0.74817264,0.54746199,0.37486342,0
-1.6579583,-0.73568606,1.270502,-0.61299157,-0.78654552,-0.07474649,0
-2.0756598,-0.21006656,-0.83496499,-0.61299157,-0.78654552,-0.07474649,0
-0.96404213,-1.3341486,1.8772625,-0.61299157,-0.78654552,-0.07474649,0
2.8859138,-0.83522367,1.6443756,0.74817264,-0.54746199,-0.37486342,0
0.732095,-0.67866313,2.8355243,0.25392637,-0.28571144,0.92406189,0
0.62320578,0.2996152,-3.3251505,-0.25392637,0.28571144,-0.92406189,0
1.726558,-0.80090523,2.524456,0.25392637,-0.28571144,0.92406189,0
1.9111222,0.46688223,-2.2028027,0.74817264,-0.54746199,-0.37486342,0
0.91145527,1.0251313,1.805738,0.61299157,0.78654552,0.07474649,0
1.7828387,0.57094455,-0.56109035,0.61299157,0.78654552,0.07474649,0
1.1000013,-0.83418846,-1.9215578,0.74817264,-0.54746199,-0.37486342,0
-2.3608623,0.13169384,-2.0923307,-0.61299157,-0.78654552,-0.07474649,0
-0.70128471,-0.69517839,3.2243016,0.25392637,-0.28571144,0.92406189,0
-0.17271566,-1.9261968,1.6176734,-0.61299157,-0.78654552,-0.07474649,0
-0.84723938,-1.1544384,-0.97169083,-0.61299157,-0.78654552,-0.07474649,0
0.49653089,0.0020183325,-3.3823555,-0.25392637,0.28571144,-0.92406189,0
2.2390049,0.042660475,1.2569679,0.61299157,0.78654552,0.07474649,0
-0.43035316,1.2581813,2.6388662,-0.74817264,0.54746199,0.37486342,0
-1.6703058,-0.61084104,0.058038048,-0.61299157,-0.78654552,-0.07474649,0
-0.74121255,-1.4058343,0.80418873,-0.61299157,-0.78654552,-0.07474649,0
-1.6378098,2.0095763,-0.86840194,-0.74817264,0.54746199,0.37486342,0
-1.3358388,-0.40446508,3.2598283,-0.74817264,0.54746199,0.37486342,0
0.025966614,-1.4412882,2.7937672,0.25392637,-0.28571144,0.92406189,0
0.84406823,0.70754528,-3.2597139,-0.25392637,0.28571144,-0.92406189,0
0.75526059,1.2204753,1.0311089,0.61299157,0.78654552,0.07474649,0
1.7092569,-1.6402192,0.47157955,0.74817264,-0.54746199,-0.37486342,0
0.39647162,1.3060192,3.0733535,0.61299157,0.78654552,0.07474649,0
1.428771,0.061959267,2.8730757,0.25392637,-0.28571144,0.92406189,0
2.3163855,-1.343381,1.2498081,0.74817264,-0.54746199,-0.37486342,0
0.47468352,-1.9511557,-1.5383482,0.74817264,-0.54746199,-0.37486342,0
0.83045769,-2.5834906,0.30730158,-0.61299157,-0.78654552,-0.07474649,0
1.2919881,0.90528667,-0.053881273,0.61299157,0.78654552,0.07474649,0
0.64943421,0.84437943,3.3291497,0.25392637,-0.28571144,0.92406189,0
-2.8419085,0.48219061,-1.0409659,-0.74817264,0.54746199,0.37486342,0
1.0849547,-2.7927191,0.90871072,0.74817264,-0.54746199,-0.37486342,0
1.3719593,-0.88820738,2.5949044,0.25392637,-0.28571144,0.92406189,0
1.9901516,-0.94266289,2.4081919,0.25392637,-0.28571144,0.92406189,0
0.25506699,1.4915676,2.2805068,0.61299157,0.78654552,0.07474649,0
0.83544403,1.4578594,-2.1244264,0.61299157,0.78654552,0.07474649,0
0.93918043,1.4101887,-2.4735327,0.61299157,0.78654552,0.07474649,0
-2.7986333,0.84931874,-1.4907608,-0.74817264,0.54746199,0.37486342,0
0.21886039,-0.41806161,3.0571334,0.25392637,-0.28571144,0.92406189,0
1.2733334,-0.47115761,2.7509542,0.25392637,-0.28571144,0.92406189,0
1.0737174,0.34769201,-3.4340835,-0.25392637,0.28571144,-0.92406189,0
-1.2772273,2.1128983,-2.2422729,-0.25392637,0.28571144,-0.92406189,0
2.1626837,-0.70915449,0.01679796,0.74817264,-0.54746199,-0.37486342,0
-1.0874704,-0.20993865,-3.0126171,-0.25392637,0.28571144,-0.92406189,0
1.3512208,0.7305547,1.2990336,0.61299157,0.78654552,0.07474649,0
1.0623235,0.52868056,3.1180792,0.25392637,-0.28571144,0.92406189,0
0.044130802,1.9089619,-0.38179374,0.61299157,0.78654552,0.07474649,0
0.78251195,0.69613421,-3.2463269,-0.25392637,0.28571144,-0.92406189,0
-0.88118941,-0.63699698,-3.2013443,-0.25392637,0.28571144,-0.92406189,0
0.55550885,-1.869101,-1.4968678,0.74817264,-0.54746199,-0.37486342,0
0.59475064,-0.38998282,2.962523,0.25392637,-0.28571144,0.92406189,0
1.241894,-0.18894821,2.8468502,0.25392637,-0.28571144,0.92406189,0
1.9574463,-0.38753903,-0.86252356,0.74817264,-0.54746199,-0.37486342,0
0.62050998,-2.0906196,2.4296229,0.25392637,-0.28571144,0.92406189,0
-1.8023872,-0.43174267,-0.74339557,-0.61299157,-0.78654552,-0.07474649,0
-2.817162,0.52456546,-2.3102064,-0.25392637,0.28571144,-0.92406189,0
-0.61078882,1.4500449,1.9985392,-0.74817264,0.54746199,0.37486342,0
1.167737,0.78382218,2.2432446,0.61299157,0.78654552,0.07474649,0
-0.32270038,-1.3978331,-2.7122002,-0.61299157,-0.78654552,-0.07474649,0
1.5092468,0.57631826,-3.164711,0.74817264,-0.54746199,-0.37486342,0
1.4097757,0.72392225,0.88861877,0.61299157,0.78654552,0.07474649,0
-0.10798049,0.99946505,3.5852337,0.25392637,-0.28571144,0.92406189,0
-2.2652977,0.49784148,0.087008446,-0.74817264,0.54746199,0.37486342,0
-0.55236506,-0.10874903,-3.1283736,-0.25392637,0.28571144,-0.92406189,0
-1.3667483,-0.80919683,-0.34415096,-0.61299157,-0.78654552,-0.07474649,0
-2.0663691,1.0609841,-0.33839071,-0.74817264,0.54746199,0.37486342,0
-0.021942973,-0.30123574,3.1594262,0.25392637,-0.28571144,0.92406189,0
1.4120681,0.25055099,-2.8829057,0.74817264,-0.54746199,-0.37486342,0
-1.4856508,2.4291093,-2.08723,-0.25392637,0.28571144,-0.92406189,0
-0.57976294,1.3239628,-2.6778634,-0.25392637,0.28571144,-0.92406189,0
-1.3674372,0.34904748,-2.7628505,-0.25392637,0.28571144,-0.92406189,0
-0.069091558,1.7535059,2.1825767,0.61299157,0.78654552,0.07474649,0
-1.193457,0.87698328,-2.6474261,-0.25392637,0.28571144,-0.92406189,0
0.88861597,0.97753322,2.4939113,0.61299157,0.78654552,0.07474649,0
-1.4416121,-0.79044044,0.072428815,-0.61299157,-0.78654552,-0.07474649,0
0.031765223,1.0099509,3.5500746,0.25392637,-0.28571144,0.92406189,0
-0.441926,0.98302615,3.0176134,-0.74817264,0.54746199,0.37486342,0
0.65307564,1.2415489,-3.0421214,-0.25392637,0.28571144,-0.92406189,0
1.4712795,0.59164548,-3.2628734,0.74817264,-0.54746199,-0.37486342,0
-0.69714427,1.8625882,1.2236953,-0.74817264,0.54746199,0.37486342,0
1.3181571,1.1189504,-2.5168407,0.61299157,0.78654552,0.07474649,0
-0.86892509,2.7448084,-1.6893611,0.61299157,0.78654552,0.07474649,0
-1.7187792,0.19494593,1.6201373,-0.74817264,0.54746199,0.37486342,0
2.1160064,0.38293576,-1.314993,0.61299157,0.78654552,0.07474649,0
1.6619744,0.8162787,-3.2103353,0.74817264,-0.54746199,-0.37486342,0
0.312415,1.9162414,-2.7399011,-0.25392637,0.28571144,-0.92406189,0
1.7225834,0.078144789,-2.0113742,0.74817264,-0.54746199,-0.37486342,0
1.2135503,0.95140469,0.10408843,0.61299157,0.78654552,0.07474649,0
-1.4491587,-0.8807379,1.0845069,-0.61299157,-0.78654552,-0.07474649,0
0.83151698,-1.9132445,2.4264824,0.25392637,-0.28571144,0.92406189,0
2.7104959,-1.158731,1.7667258,0.74817264,-0.54746199,-0.37486342,0
-1.5023104,-0.94628024,2.2100949,-0.61299157,-0.78654552,-0.07474649,0
1.3270594,-1.5730438,2.3954976,0.25392637,-0.28571144,0.92406189,0
2.1436586,-0.68618631,-0.054717034,0.74817264,-0.54746199,-0.37486342,0
2.3299124,0.063034534,0.29704961,0.61299157,0.78654552,0.07474649,0
0.45439601,1.76686,-2.2510414,0.61299157,0.78654552,0.07474649,0
-2.5667739,0.16578436,-0.76238835,-0.61299157,-0.78654552,-0.07474649,0
-0.54049623,0.031806856,-3.0881765,-0.25392637,0.28571144,-0.92406189,0
-0.062096357,0.00067314506,3.2638075,0.25392637,-0.28571144,0.92406189,0
-0.85428333,1.0337431,2.1205392,-0.74817264,0.54746199,0.37486342,0
-0.73063123,0.43676376,3.2391787,-0.74817264,0.54746199,0.37486342,0
1.6452551,-2.0257173,0.9068343,0.74817264,-0.54746199,-0.37486342,0
-1.350462,2.8932555,-1.9808692,-0.25392637,0.28571144,-0.92406189,0
-0.63005805,2.4275689,-0.31003231,0.61299157,0.78654552,0.07474649,0
0.15685457,0.51596648,-3.1301062,-0.25392637,0.28571144,-0.92406189,0
-1.752244,0.26083648,-2.684382,-0.25392637,0.28571144,-0.92406189,0
-0.071944475,1.7327206,2.4246926,0.61299157,0.78654552,0.07474649,0
0.70308137,-0.65945941,-2.9689324,0.74817264,-0.54746199,-0.37486342,0
1.6775403,-2.4089491,1.5309548,0.74817264,-0.54746199,-0.37486342,0
-1.9275842,1.3774965,-0.52364051,-0.74817264,0.54746199,0.37486342,0
2.5543892,-0.5674926,0.5916971,0.74817264,-0.54746199,-0.37486342,0
-0.93571228,1.3601532,-2.568861,-0.25392637,0.28571144,-0.92406189,0
-1.8557169,2.1706567,-2.0654492,-0.25392637,0.28571144,-0.92406189,0
-0.49628901,2.3461175,-0.54996049,0.61299157,0.78654552,0.07474649,0
1.297786,0.88471222,0.11507051,0.61299157,0.78654552,0.07474649,0
-0.27538466,1.8262572,-2.6061997,-0.25392637,0.28571144,-0.92406189,0
-0.59797788,2.5178423,-1.5230509,0.61299157,0.78654552,0.07474649,0
-0.089105248,-1.9213736,0.88123316,-0.61299157,-0.78654552,-0.07474649,0
0.69600606,-0.71306455,2.8348048,0.25392637,-0.28571144,0.92406189,0
1.3704253,0.50521564,-3.3379388,0.74817264,-0.54746199,-0.37486342,0
-1.6139579,-0.45104134,-2.0856159,-0.61299157,-0.78654552,-0.07474649,0
-2.3207979,1.0627042,-2.2802167,-0.25392637,0.28571144,-0.92406189,0
-2.6097798,1.4571204,-2.0788562,-0.25392637,0.28571144,-0.92406189,0
-0.81996369,1.7227938,1.1827255,-0.74817264,0.54746199,0.37486342,0
-0.7956385,-1.5429094,2.6929543,-0.61299157,-0.78654552,-0.07474649,0
-1.0955765,1.057811,-2.6184127,-0.25392637,0.28571144,-0.92406189,0
1.4600759,-0.50111389,-1.6893342,0.74817264,-0.54746199,-0.37486342,0
-0.83402407,-0.28880501,3.3864245,0.25392637,-0.28571144,0.92406189,0
-1.6657071,-0.45374632,-1.6327584,-0.61299157,-0.78654552,-0.07474649,0
-1.1064117,2.0710092,0.10247254,-0.74817264,0.54746199,0.37486342,0
-0.13885427,-1.1364845,-3.5597703,-0.25392637,0.28571144,-0.92406189,0
-0.84874648,-1.399948,1.6241277,-0.61299157,-0.78654552,-0.07474649,0
-1.2642423,0.38875842,2.2442772,-0.74817264,0.54746199,0.37486342,0
-2.9339216,0.74207675,-2.2108693,-0.25392637,0.28571144,-0.92406189,0
-1.3935069,0.67636949,1.5662478,-0.74817264,0.54746199,0.37486342,0
-2.282793,0.98715889,-0.66252398,-0.74817264,0.54746199,0.37486342,0
2.5464153,-0.08827281,0.11370748,0.61299157,0.78654552,0.07474649,0
0.82291573,-1.1364708,2.6690173,0.25392637,-0.28571144,0.92406189,0
0.15425301,1.9437177,-1.6506304,0.61299157,0.78654552,0.07474649,0
1.8076377,-0.10951436,-1.5675555,0.74817264,-0.54746199,-0.37486342,0
-0.012409687,0.16468495,3.3008652,0.25392637,-0.28571144,0.92406189,0
1.370746,0.55201805,3.0176203,0.61299157,0.78654552,0.07474649,0
-0.65372705,1.8203812,1.3719909,-0.74817264,0.54746199,0.37486342,0
1.8419104,-0.79862452,-0.49275425,0.74817264,-0.54746199,-0.37486342,0
1.0538589,0.9792918,-3.2333415,-0.25392637,0.28571144,-0.92406189,0
1.3097348,-2.5547712,1.0098314,0.74817264,-0.54746199,-0.37486342,0
2.5617011,-0.23457646,1.5278794,0.61299157,0.78654552,0.07474649,0
-2.1982541,0.94442195,-0.43138319,-0.74817264,0.54746199,0.37486342,0
1.2366021,-2.8153203,1.2443835,0.74817264,-0.54746199,-0.37486342,0
-1.2542412,-0.68098319,-2.6159902,-0.61299157,-0.78654552,-0.07474649,0
2.4179375,-0.16280961,1.9516809,0.61299157,0.78654552,0.07474649,0
-2.0883706,1.781069,-2.1219742,-0.25392637,0.28571144,-0.92406189,0
0.68290967,-1.2986915,2.6573331,0.25392637,-0.28571144,0.92406189,0
-2.3185747,0.2175796,-2.5421326,-0.25392637,0.28571144,-0.92406189,0
-1.4490974,2.7904971,-1.9855367,-0.25392637,0.28571144,-0.92406189,0
-1.4077646,-0.592924,3.3915064,-0.74817264,0.54746199,0.37486342,0
-1.1599402,2.9101684,-1.2298964,-0.74817264,0.54746199,0.37486342,0
-1.5008981,-0.14091539,2.5454981,-0.74817264,0.54746199,0.37486342,0
2.6382141,-0.69261396,0.94173074,0.74817264,-0.54746199,-0.37486342,0
-0.53632379,1.8559732,-2.5253077,-0.25392637,0.28571144,-0.92406189,0
0.88832754,1.2659998,-0.53921306,0.61299157,0.78654552,0.07474649,0
0.14359033,1.8495994,-0.57279384,0.61299157,0.78654552,0.07474649,0
-0.89338464,-0.65879703,3.2883384,0.25392637,-0.28571144,0.92406189,0
-1.5039181,-0.75130522,0.17158607,-0.61299157,-0.78654552,-0.07474649,0
2.2821107,0.040099144,-0.83907759,0.74817264,-0.54746199,-0.37486342,0
1.2244143,-0.79824334,-1.7257428,0.74817264,-0.54746199,-0.37486342,0
0.6970768,-1.491987,-1.7650678,0.74817264,-0.54746199,-0.37486342,0
-2.8980796,0.73129916,-1.5168819,-0.74817264,0.54746199,0.37486342,0
1.3038641,-0.34377563,-2.2308919,0.74817264,-0.54746199,-0.37486342,0
-0.98665684,-1.3378586,2.101763,-0.61299157,-0.78654552,-0.07474649,0
1.9416881,0.20217204,-1.7552077,0.74817264,-0.54746199,-0.37486342,0
2.4032938,-1.6734561,1.9053168,0.74817264,-0.54746199,-0.37486342,0
2.3086226,-0.052416086,1.6865175,0.61299157,0.78654552,0.07474649,0
-1.7308583,0.59407794,1.013124,-0.74817264,0.54746199,0.37486342,0
0.40887022,-2.2109115,-0.15587246,-0.61299157,-0.78654552,-0.07474649,0
1.0355041,0.42217815,3.0925195,0.25392637,-0.28571144,0.92406189,0
-0.33149958,1.146143,2.9997878,-0.74817264,0.54746199,0.37486342,0
1.3506019,-2.4986989,1.0095068,0.74817264,-0.54746199,-0.37486342,0
1.3304436,-0.24708664,-2.3190503,0.74817264,-0.54746199,-0.37486342,0
1.8678491,-2.120122,1.4889706,0.74817264,-0.54746199,-0.37486342,0
1.3317049,1.1759217,-3.2274489,0.61299157,0.78654552,0.07474649,0
-0.65189099,2.3874829,0.29083663,0.61299157,0.78654552,0.07474649,0
2.0869653,0.25205779,0.30038172,0.61299157,0.78654552,0.07474649,0
1.6789833,0.74680471,-1.5599244,0.61299157,0.78654552,0.07474649,0
1.1436906,-1.1862609,-1.3201834,0.74817264,-0.54746199,-0.37486342,0
1.4478472,0.28790045,2.9376929,0.25392637,-0.28571144,0.92406189,0
-1.2010171,2.1123402,-2.2633874,-0.25392637,0.28571144,-0.92406189,0
0.64803112,1.6170421,-2.2625201,0.61299157,0.78654552,0.07474649,0
2.0954719,-1.6577227,2.1581607,0.25392637,-0.28571144,0.92406189,0
-0.068319798,-1.5567489,-3.1261151,-0.61299157,-0.78654552,-0.07474649,0
0.53099728,-1.2298168,-2.4794192,0.74817264,-0.54746199,-0.37486342,0
-2.6292539,0.83326685,-1.1292611,-0.74817264,0.54746199,0.37486342,0
-0.48889923,2.3018379,-0.14461923,0.61299157,0.78654552,0.07474649,0
-0.11326528,-0.17758182,3.222754,0.25392637,-0.28571144,0.92406189,0
1.3288732,0.15924168,-2.9156001,0.74817264,-0.54746199,-0.37486342,0
1.6816236,0.53610492,0.63558382,0.61299157,0.78654552,0.07474649,0
-1.5396547,1.2405732,0.45057747,-0.74817264,0.54746199,0.37486342,0
1.3337507,0.67693806,2.0065017,0.61299157,0.78654552,0.07474649,0
0.24710786,-2.024364,2.5527174,0.25392637,-0.28571144,0.92406189,0
-1.5750703,-0.11658478,-2.8497634,-0.25392637,0.28571144,-0.92406189,0
1.1733485,0.87470269,1.2409046,0.61299157,0.78654552,0.07474649,0
-0.92065006,0.80285776,-2.7453105,-0.25392637,0.28571144,-0.92406189,0
-1.956084,1.957225,-2.1038601,-0.25392637,0.28571144,-0.92406189,0
-0.16554379,0.79271311,3.5371261,0.25392637,-0.28571144,0.92406189,0
-1.1337965,1.5703011,0.77906615,-0.74817264,0.54746199,0.37486342,0
-0.15433598,1.6587951,2.6046867,-0.74817264,0.54746199,0.37486342,0
0.18822098,0.32679224,3.295855,0.25392637,-0.28571144,0.92406189,0
-1.480918,-0.96379614,2.2189732,-0.61299157,-0.78654552,-0.07474649,0
-0.94063497,2.6962366,-0.59015787,0.61299157,0.78654552,0.07474649,0
-1.4623907,0.43424362,-2.7104158,-0.25392637,0.28571144,-0.92406189,0
-1.4032762,2.0618014,-0.47657794,-0.74817264,0.54746199,0.37486342,0
1.3098493,-2.3469315,2.1609478,0.25392637,-0.28571144,0.92406189,0
2.199194,0.10529256,0.92438722,0.61299157,0.78654552,0.07474649,0
0.12058273,-1.1340715,2.8627558,0.25392637,-0.28571144,0.92406189,0
1.7353671,0.27597797,2.8549976,0.25392637,-0.28571144,0.92406189,0
-1.5419825,-0.44477582,-2.7418137,-0.61299157,-0.78654552,-0.07474649,0
-0.23168421,1.4259115,2.7904222,-0.74817264,0.54746199,0.37486342,0
2.182122,0.13297248,0.77312511,0.61299157,0.78654552,0.07474649,0
2.5391717,-0.47138786,0.42097086,0.74817264,-0.54746199,-0.37486342,0
-2.6184609,0.48546195,-0.59977502,-0.74817264,0.54746199,0.37486342,0
0.18111634,-0.54983026,3.0267639,0.25392637,-0.28571144,0.92406189,0
0.050044537,-0.35952708,-3.3714502,-0.25392637,0.28571144,-0.92406189,0
0.75544596,-2.619858,1.3051617,-0.61299157,-0.78654552,-0.07474649,0
0.68225348,-0.60719407,2.8713179,0.25392637,-0.28571144,0.92406189,0
-0.74912965,-0.74165273,-3.2699921,-0.25392637,0.28571144,-0.92406189,0
-0.78271884,-1.2197032,-0.81404978,-0.61299157,-0.78654552,-0.07474649,0
1.2546315,0.93245482,-0.033406869,0.61299157,0.78654552,0.07474649,0
-1.5258881,0.37435651,1.7431035,-0.74817264,0.54746199,0.37486342,0
-1.3170574,-1.0569382,1.8552783,-0.61299157,-0.78654552,-0.07474649,0
2.501122,-0.55058181,0.46068686,0.74817264,-0.54746199,-0.37486342,0
1.8236398,-0.22565424,-1.3660039,0.74817264,-0.54746199,-0.37486342,0
0.49179655,-0.67076647,2.9039984,0.25392637,-0.28571144,0.92406189,0
-1.7649097,0.28997028,1.3892903,-0.74817264,0.54746199,0.37486342,0
0.91812611,0.19993031,3.0560572,0.25392637,-0.28571144,0.92406189,0
-0.25575817,-1.6151383,-0.97452211,-0.61299157,-0.78654552,-0.07474649,0
1.3743134,-2.4226279,0.94573623,0.74817264,-0.54746199,-0.37486342,0
0.5964824,1.5906081,-1.5616083,0.61299157,0.78654552,0.07474649,0
-2.7783775,0.92769182,-2.1962214,-0.25392637,0.28571144,-0.92406189,0
0.07003355,-0.32496035,-3.3662553,-0.25392637,0.28571144,-0.92406189,0
-0.16985869,1.7821528,2.3935509,-0.74817264,0.54746199,0.37486342,0
0.85790157,-2.769551,2.15447,0.25392637,-0.28571144,0.92406189,0
-2.0072918,0.1255641,1.1456352,-0.74817264,0.54746199,0.37486342,0
1.7918458,-0.11216044,-1.5952097,0.74817264,-0.54746199,-0.37486342,0
-0.6126585,0.47665805,3.4163721,-0.74817264,0.54746199,0.37486342,0
1.0366952,0.60460865,-3.3444738,-0.25392637,0.28571144,-0.92406189,0
-2.494355,1.488327,-1.8166931,-0.74817264,0.54746199,0.37486342,0
1.2192662,-1.4635092,-0.76444358,0.74817264,-0.54746199,-0.37486342,0
1.8939757,0.50009203,-0.72694874,0.61299157,0.78654552,0.07474649,0
-0.28576446,-1.6862957,0.020335615,-0.61299157,-0.78654552,-0.07474649,0
1.2644839,-1.5182874,2.4296231,0.25392637,-0.28571144,0.92406189,0
-0.044901848,1.7407024,2.118928,0.61299157,0.78654552,0.07474649,0
0.7426517,-2.3930907,-0.35810751,0.74817264,-0.54746199,-0.37486342,0
0.141675,-1.4899786,2.7469168,0.25392637,-0.28571144,0.92406189,0
-1.9470204,-0.2531147,-1.4369406,-0.61299157,-0.78654552,-0.07474649,0
0.1080246,-1.8020625,-1.9909127,-0.61299157,-0.78654552,-0.07474649,0
-1.3910002,-0.41548562,3.1658301,-0.74817264,0.54746199,0.37486342,0
0.86980575,-1.3145101,2.6010842,0.25392637,-0.28571144,0.92406189,0
2.2042534,0.09095335,1.0337858,0.61299157,0.78654552,0.07474649,0
-0.84513235,2.7271676,-1.6988475,0.61299157,0.78654552,0.07474649,0
1.8251959,-0.14500451,-1.4806807,0.74817264,-0.54746199,-0.37486342,0
0.17700852,0.90633088,-3.0149474,-0.25392637,0.28571144,-0.92406189,0
-0.10463776,1.1694775,-2.8561904,-0.25392637,0.28571144,-0.92406189,0
0.75122786,-2.5899162,1.0246776,-0.61299157,-0.78654552,-0.07474649,0
2.1966989,-0.22490931,-0.62251991,0.74817264,-0.54746199,-0.37486342,0
0.27743649,-2.0882411,-0.36883354,-0.61299157,-0.78654552,-0.07474649,0
1.5852729,-0.49888873,-1.4427087,0.74817264,-0.54746199,-0.37486342,0
-1.5622963,0.44315952,-2.6802058,-0.25392637,0.28571144,-0.92406189,0
2.0374215,0.08194232,2.4967885,0.61299157,0.78654552,0.07474649,0
-0.61529815,-1.6055976,1.8736506,-0.61299157,-0.78654552,-0.07474649,0
-1.9181943,2.2380016,-1.7616076,-0.74817264,0.54746199,0.37486342,0
-1.1023349,1.6645941,-2.4289439,-0.25392637,0.28571144,-0.92406189,0
-1.4348536,-0.95933723,1.7942785,-0.61299157,-0.78654552,-0.07474649,0
2.0588434,-1.7026656,1.2605021,0.74817264,-0.54746199,-0.37486342,0
-1.5620717,-0.96474528,3.3774929,0.25392637,-0.28571144,0.92406189,0
0.9676702,0.41614723,3.1092951,0.25392637,-0.28571144,0.92406189,0
-1.4070514,-0.79819071,-0.12944341,-0.61299157,-0.78654552,-0.07474649,0
1.3767693,0.32237184,2.9678826,0.25392637,-0.28571144,0.92406189,0
2.1354327,0.0027325153,-1.0772536,0.74817264,-0.54746199,-0.37486342,0
0.26098919,-2.3257742,2.4557095,0.25392637,-0.28571144,0.92406189,0
-1.7819674,-0.45540428,-0.66187012,-0.61299157,-0.78654552,-0.07474649,0
0.50132275,1.7551186,-2.5123308,0.61299157,0.78654552,0.07474649,0
-0.79658771,0.68676502,2.7424295,-0.74817264,0.54746199,0.37486342,0
-2.0990548,0.87097853,-0.12613672,-0.74817264,0.54746199,0.37486342,0
-0.2597549,2.1464553,-0.3887521,0.61299157,0.78654552,0.07474649,0
0.10429418,-2.207453,2.5353522,0.25392637,-0.28571144,0.92406189,0
0.27095503,-1.0021889,2.8622112,0.25392637,-0.28571144,0.92406189,0
1.6204602,0.84623122,-2.12623,0.61299157,0.78654552,0.07474649,0
-0.12638217,1.1680355,-2.8506608,-0.25392637,0.28571144,-0.92406189,0
-1.6011963,0.90217423,-2.5275931,-0.25392637,0.28571144,-0.92406189,0
0.1322304,0.112765,3.2450657,0.25392637,-0.28571144,0.92406189,0
-1.0714904,-0.52930486,3.3773184,0.25392637,-0.28571144,0.92406189,0
0.61321014,1.5909868,-1.7027783,0.61299157,0.78654552,0.07474649,0
0.90634674,0.95467544,2.5890317,0.61299157,0.78654552,0.07474649,0
0.24366331,1.5559145,1.6969132,0.61299157,0.78654552,0.07474649,0
0.10390568,-1.4635869,-2.9904275,0.74817264,-0.54746199,-0.37486342,0
0.38359928,-2.2495732,0.45820349,-0.61299157,-0.78654552,-0.07474649,0
-1.6682205,-0.25347066,2.375926,-0.74817264,0.54746199,0.37486342,0
-1.6192151,-0.50220394,-1.5041238,-0.61299157,-0.78654552,-0.07474649,0
-0.77760839,-1.2492499,3.073961,0.25392637,-0.28571144,0.92406189,0
-2.4165535,1.3097177,-2.1775293,-0.25392637,0.28571144,-0.92406189,0
0.67858708,-1.3488107,2.6430244,0.25392637,-0.28571144,0.92406189,0
0.02703476,1.190021,3.6070507,0.25392637,-0.28571144,0.92406189,0
-0.88204336,0.79570699,2.4127703,-0.74817264,0.54746199,0.37486342,0
2.0719953,0.26289606,0.3091028,0.61299157,0.78654552,0.07474649,0
-0.18406141,0.21290484,-3.1301286,-0.25392637,0.28571144,-0.92406189,0
2.0985961,-1.1406844,0.51910722,0.74817264,-0.54746199,-0.37486342,0
0.44441819,-2.220516,-0.34633422,-0.61299157,-0.78654552,-0.07474649,0
0.052026749,-1.6895227,-2.715915,-0.61299157,-0.78654552,-0.07474649,0
2.4105139,-0.16712403,2.0579653,0.61299157,0.78654552,0.07474649,0
2.6939278,-0.3308599,1.4566739,0.61299157,0.78654552,0.07474649,0
-1.4814484,1.883576,-0.37231284,-0.74817264,0.54746199,0.37486342,0
-1.4957788,1.8804005,-0.39627606,-0.74817264,0.54746199,0.37486342,0
0.35406423,-1.291023,2.7500687,0.25392637,-0.28571144,0.92406189,0
-1.1065729,0.21905518,2.8068023,-0.74817264,0.54746199,0.37486342,0
1.1760741,-0.20418513,-2.6898043,0.74817264,-0.54746199,-0.37486342,0
1.5959102,0.68332148,-0.21062218,0.61299157,0.78654552,0.07474649,0
-2.0046015,1.4587535,-2.2446506,-0.25392637,0.28571144,-0.92406189,0
-0.92264485,1.5097208,1.2889676,-0.74817264,0.54746199,0.37486342,0
-2.4650178,0.96705484,-2.2701597,-0.25392637,0.28571144,-0.92406189,0
-0.73156381,0.63040966,2.9545112,-0.74817264,0.54746199,0.37486342,0
-2.2017636,1.2458212,-0.87856066,-0.74817264,0.54746199,0.37486342,0
-1.4965172,0.96743011,0.93557966,-0.74817264,0.54746199,0.37486342,0
-2.192137,1.8551397,-1.7492146,-0.74817264,0.54746199,0.37486342,0
-0.369335,0.020731449,-3.1386349,-0.25392637,0.28571144,-0.92406189,0
-2.15626,0.0078151226,-2.466701,-0.61299157,-0.78654552,-0.07474649,0
-0.78523624,1.6014379,-2.5356078,-0.25392637,0.28571144,-0.92406189,0
1.9507458,-0.49697554,2.5568228,0.25392637,-0.28571144,0.92406189,0
-0.79870653,1.1487703,-2.6718669,-0.25392637,0.28571144,-0.92406189,0
-0.777987,2.5362535,-0.24054474,0.61299157,0.78654552,0.07474649,0
0.92341912,-1.7899836,2.4393396,0.25392637,-0.28571144,0.92406189,0
0.6964159,1.4239782,-0.62773943,0.61299157,0.78654552,0.07474649,0
