1.2950318,0.3653385,2.1490152,-0.39066511,0.17816526,0.90312672,0
2.9481559,0.5688228,2.3475251,0.8728019,0.3835088,0.30189043,0
2.1944082,-0.89104974,-0.53587937,0.39066511,-0.17816526,-0.90312672,0
1.1795359,0.65842164,-1.280556,0.39066511,-0.17816526,-0.90312672,0
-3.6329393,0.41855741,-1.6220603,-0.8728019,-0.3835088,-0.30189043,0
0.70476484,1.4214122,-1.6364473,0.39066511,-0.17816526,-0.90312672,0
3.9095209,-0.45924377,0.87411523,0.8728019,0.3835088,0.30189043,0
-1.2780633,0.95579684,-2.4023037,0.39066511,-0.17816526,-0.90312672,0
-1.868454,-2.6589916,1.3772155,-0.39066511,0.17816526,0.90312672,0
0.050890684,0.85234624,-1.8070302,0.39066511,-0.17816526,-0.90312672,0
1.4715586,3.0897915,-0.42773998,-0.29257071,0.90618879,-0.30532649,0
-1.9602698,-0.55825007,-2.3987203,0.39066511,-0.17816526,-0.90312672,0
-0.30863523,-0.42687112,-1.7101912,0.39066511,-0.17816526,-0.90312672,0
1.7906209,3.5563316,1.7338855,-0.39066511,0.17816526,0.90312672,0
2.5362382,-1.0075951,2.7672014,0.29257071,-0.90618879,0.30532649,0
2.7047904,1.8175713,1.4647667,0.8728019,0.3835088,0.30189043,0
2.5535796,0.79734111,-0.71359205,0.39066511,-0.17816526,-0.90312672,0
0.8556695,2.7781584,-0.76248848,-0.29257071,0.90618879,-0.30532649,0
-3.6858754,-0.22139311,-0.65604949,-0.8728019,-0.3835088,-0.30189043,0
0.50175309,0.66743511,-1.5755223,0.39066511,-0.17816526,-0.90312672,0
-3.1858673,-2.156867,0.35711074,-0.8728019,-0.3835088,-0.30189043,0
-0.55652308,2.4827075,-0.28617221,-0.29257071,0.90618879,-0.30532649,0
-2.3739996,0.24498853,-2.7361472,0.39066511,-0.17816526,-0.90312672,0
-2.4348593,-3.3747315,0.5051136,0.29257071,-0.90618879,0.30532649,0
2.3950489,3.4450345,-0.25831258,-0.29257071,0.90618879,-0.30532649,0
-0.22609496,2.3519375,-0.99091232,-0.29257071,0.90618879,-0.30532649,0
-1.1792102,-3.5166602,-1.4772341,0.39066511,-0.17816526,-0.90312672,0
-1.684844,2.2659791,0.15177464,-0.29257071,0.90618879,-0.30532649,0
-1.0029178,-3.206254,-1.4622113,0.39066511,-0.17816526,-0.90312672,0
1.3481526,3.0898683,-0.30926263,-0.29257071,0.90618879,-0.30532649,0
-2.1999767,-2.7447767,-1.7463619,-0.8728019,-0.3835088,-0.30189043,0
0.25019121,2.6798551,1.2404504,-0.39066511,0.17816526,0.90312672,0
-0.43518806,2.5784962,-0.11814314,-0.29257071,0.90618879,-0.30532649,0
-0.79116225,0.77053034,-2.1551363,0.39066511,-0.17816526,-0.90312672,0
-0.25165224,2.952472,0.81592375,-0.29257071,0.90618879,-0.30532649,0
-3.1994367,0.54084718,-3.0307193,-0.8728019,-0.3835088,-0.30189043,0
-2.1826837,-3.3533027,0.32707274,0.29257071,-0.90618879,0.30532649,0
2.3848684,3.3494143,-0.53235078,-0.29257071,0.90618879,-0.30532649,0
-3.4874015,-1.0145917,0.35250711,-0.39066511,0.17816526,0.90312672,0
-1.0112325,0.27983367,1.1682634,-0.39066511,0.17816526,0.90312672,0
0.81081629,2.5334425,-1.4458101,-0.29257071,0.90618879,-0.30532649,0
-0.25061661,0.80252326,1.3941689,-0.39066511,0.17816526,0.90312672,0
-2.2696333,0.016995907,0.67576921,-0.39066511,0.17816526,0.90312672,0
-3.6417921,1.2109072,-1.1044164,-0.29257071,0.90618879,-0.30532649,0
-2.6401281,-3.3627875,0.73725581,0.29257071,-0.90618879,0.30532649,0
2.8480647,3.2857637,-1.0771128,0.39066511,-0.17816526,-0.90312672,0
0.20124722,1.550362,1.4421008,-0.39066511,0.17816526,0.90312672,0
1.7562675,3.3210545,-0.014182568,-0.29257071,0.90618879,-0.30532649,0
-1.4489614,0.75717461,0.88474762,-0.39066511,0.17816526,0.90312672,0
3.9812086,-1.3539193,0.35472989,0.29257071,-0.90618879,0.30532649,0
4.0654554,-0.38618922,0.3304832,0.8728019,0.3835088,0.30189043,0
-3.100925,-1.5774691,-0.62451005,-0.8728019,-0.3835088,-0.30189043,0
-2.615962,-1.8246803,-1.7125496,-0.8728019,-0.3835088,-0.30189043,0
3.278686,-0.68353581,2.9828665,0.8728019,0.3835088,0.30189043,0
1.7712505,2.4674535,-1.3814769,0.39066511,-0.17816526,-0.90312672,0
2.3361981,0.60151434,-0.76899254,0.39066511,-0.17816526,-0.90312672,0
-0.23931599,-1.4066433,1.8348727,-0.39066511,0.17816526,0.90312672,0
1.5450585,3.6152344,1.0613101,-0.29257071,0.90618879,-0.30532649,0
-0.066056728,2.5335817,-0.60515636,-0.29257071,0.90618879,-0.30532649,0
0.37077713,2.3778098,-1.4860618,-0.29257071,0.90618879,-0.30532649,0
-3.0280108,-2.3055129,0.089562893,-0.8728019,-0.3835088,-0.30189043,0
-0.45177817,-3.26843,-1.0796232,0.29257071,-0.90618879,0.30532649,0
-3.0761123,-1.7251105,-0.50868869,-0.8728019,-0.3835088,-0.30189043,0
3.6077108,-0.8256247,2.2121193,0.8728019,0.3835088,0.30189043,0
2.7114894,2.1734204,0.99334335,0.8728019,0.3835088,0.30189043,0
-3.0499935,1.1033003,-1.9908617,-0.29257071,0.90618879,-0.30532649,0
-0.32276225,-3.0422168,-1.2003572,0.39066511,-0.17816526,-0.90312672,0
-3.203862,1.0641724,-1.9595506,-0.29257071,0.90618879,-0.30532649,0
-3.3203623,-0.67827797,-1.1323843,-0.8728019,-0.3835088,-0.30189043,0
0.71748066,2.6811938,-0.91785765,-0.29257071,0.90618879,-0.30532649,0
1.9766494,3.2867203,1.7035666,0.8728019,0.3835088,0.30189043,0
-3.6435819,-1.0365524,0.25721931,-0.8728019,-0.3835088,-0.30189043,0
-0.48191845,0.6365962,-1.9949449,0.39066511,-0.17816526,-0.90312672,0
-1.078392,1.8379512,-1.6997001,-0.29257071,0.90618879,-0.30532649,0
-3.5387671,1.1797199,-1.2957003,-0.29257071,0.90618879,-0.30532649,0
2.6381409,2.8467867,0.34998727,0.8728019,0.3835088,0.30189043,0
-3.5053611,0.14082325,-1.6380818,-0.8728019,-0.3835088,-0.30189043,0
3.1012535,-0.23117185,-0.27378392,0.39066511,-0.17816526,-0.90312672,0
0.32096124,0.61238974,-1.6428683,0.39066511,-0.17816526,-0.90312672,0
2.4253662,2.3873296,1.5488192,0.8728019,0.3835088,0.30189043,0
0.51621389,2.6166346,-0.91660637,-0.29257071,0.90618879,-0.30532649,0
3.1213155,2.1336012,-0.14092827,0.8728019,0.3835088,0.30189043,0
3.6372614,-1.1658938,1.2423556,0.29257071,-0.90618879,0.30532649,0
-1.5005525,-0.69487411,-2.1729078,0.39066511,-0.17816526,-0.90312672,0
2.6700163,1.537499,1.9210944,0.8728019,0.3835088,0.30189043,0
0.85888624,2.3912897,-1.7611128,0.39066511,-0.17816526,-0.90312672,0
-3.1495824,-1.0264913,-1.1837745,-0.8728019,-0.3835088,-0.30189043,0
2.4927828,0.010400534,-0.58464634,0.39066511,-0.17816526,-0.90312672,0
-0.40486407,-0.75402862,1.6345165,-0.39066511,0.17816526,0.90312672,0
-1.7425692,-0.08017467,-2.3988624,0.39066511,-0.17816526,-0.90312672,0
-0.044792414,1.4081105,-1.9580588,0.39066511,-0.17816526,-0.90312672,0
-1.655463,-2.8194444,1.4063334,0.29257071,-0.90618879,0.30532649,0
1.4242325,-2.1962857,-0.61154246,0.39066511,-0.17816526,-0.90312672,0
3.4511318,1.2742198,-0.0027451515,0.8728019,0.3835088,0.30189043,0
1.6516916,-1.9709829,0.75552225,0.29257071,-0.90618879,0.30532649,0
0.40481174,-0.1822868,1.8719666,-0.39066511,0.17816526,0.90312672,0
-1.5802774,-0.21796207,-2.3014777,0.39066511,-0.17816526,-0.90312672,0
1.2066298,-2.0254416,1.0203606,0.29257071,-0.90618879,0.30532649,0
3.3148348,-1.4155557,0.81033158,0.29257071,-0.90618879,0.30532649,0
1.4534208,-2.0223317,0.79310977,0.29257071,-0.90618879,0.30532649,0
3.1888528,0.9827491,1.125807,0.8728019,0.3835088,0.30189043,0
3.717324,-0.56588054,1.5652463,0.8728019,0.3835088,0.30189043,0
-3.6857822,0.58271897,-1.6778278,-0.8728019,-0.3835088,-0.30189043,0
-3.706574,-0.036322117,0.064710855,-0.39066511,0.17816526,0.90312672,0
-3.2262063,-0.6069299,-1.4952388,-0.8728019,-0.3835088,-0.30189043,0
2.2569861,0.2381413,-0.73157239,0.39066511,-0.17816526,-0.90312672,0
-1.4426808,1.9789352,0.64644027,-0.39066511,0.17816526,0.90312672,0
1.9814315,3.1619051,1.8483001,0.8728019,0.3835088,0.30189043,0
-1.2629627,-0.71200269,-2.0667548,0.39066511,-0.17816526,-0.90312672,0
-0.17718005,2.7992759,0.2898863,-0.29257071,0.90618879,-0.30532649,0
-2.045013,-3.128159,-1.7073492,-0.8728019,-0.3835088,-0.30189043,0
-1.9500513,-3.6833749,-1.2765714,-0.8728019,-0.3835088,-0.30189043,0
-1.9590949,-3.4192901,-1.5859073,-0.8728019,-0.3835088,-0.30189043,0
-3.6619587,-0.33151412,-0.58530188,-0.8728019,-0.3835088,-0.30189043,0
0.41351545,-0.79040146,-1.3260951,0.39066511,-0.17816526,-0.90312672,0
2.9033136,-1.0302346,2.3482687,0.29257071,-0.90618879,0.30532649,0
-3.7741475,-0.075209141,-0.58654928,-0.8728019,-0.3835088,-0.30189043,0
-3.8360817,0.59876275,-1.263675,-0.8728019,-0.3835088,-0.30189043,0
-1.3247467,-0.27510309,-2.1796703,0.39066511,-0.17816526,-0.90312672,0
-3.5165746,0.81297421,-2.4054425,-0.29257071,0.90618879,-0.30532649,0
3.4423559,1.1965262,0.12132502,0.8728019,0.3835088,0.30189043,0
-2.1023421,-1.8684397,1.1200855,-0.39066511,0.17816526,0.90312672,0
3.4970601,0.66717577,0.63563275,0.8728019,0.3835088,0.30189043,0
-2.9398267,-3.1394484,0.89400852,-0.8728019,-0.3835088,-0.30189043,0
-1.7024596,1.1117636,0.70513999,-0.39066511,0.17816526,0.90312672,0
-3.3319118,1.13851,-0.0049881935,-0.39066511,0.17816526,0.90312672,0
2.5165203,2.174933,-1.0013887,0.39066511,-0.17816526,-0.90312672,0
-2.9249511,-2.6728342,0.25823331,-0.8728019,-0.3835088,-0.30189043,0
3.0716314,1.4119624,0.91945338,0.8728019,0.3835088,0.30189043,0
1.5063314,-0.96843672,2.5035391,-0.39066511,0.17816526,0.90312672,0
-0.54605794,-3.0464766,-0.33053914,0.29257071,-0.90618879,0.30532649,0
-0.88347524,0.46991408,1.1860292,-0.39066511,0.17816526,0.90312672,0
-4.1736808,1.0577106,-0.87066317,-0.8728019,-0.3835088,-0.30189043,0
2.6116495,1.4993962,2.1382446,0.8728019,0.3835088,0.30189043,0
1.3373833,-1.7173204,1.8095527,0.29257071,-0.90618879,0.30532649,0
1.0511529,-2.1250665,0.87366199,0.29257071,-0.90618879,0.30532649,0
0.30267143,-2.8337009,-0.51230663,0.29257071,-0.90618879,0.30532649,0
-3.2183182,-0.9329015,-1.1039424,-0.8728019,-0.3835088,-0.30189043,0
-3.6949117,1.1626289,-1.1968043,-0.29257071,0.90618879,-0.30532649,0
-0.94124818,-3.4272599,-1.3919356,0.39066511,-0.17816526,-0.90312672,0
-1.0110059,1.9854875,-1.3263922,-0.29257071,0.90618879,-0.30532649,0
-4.1277571,0.46432018,-0.24961686,-0.8728019,-0.3835088,-0.30189043,0
3.4902143,1.0885,-0.36587095,0.39066511,-0.17816526,-0.90312672,0
-0.73465168,0.023120999,1.3385472,-0.39066511,0.17816526,0.90312672,0
-2.2048984,1.4931448,-1.6436186,-0.29257071,0.90618879,-0.30532649,0
0.50414777,2.9926846,0.21104729,-0.29257071,0.90618879,-0.30532649,0
2.2593102,-0.46435469,2.7298114,-0.39066511,0.17816526,0.90312672,0
3.1769719,1.0857179,1.0293479,0.8728019,0.3835088,0.30189043,0
3.3487985,1.5134001,-0.010731936,0.8728019,0.3835088,0.30189043,0
-2.1856055,-3.0113645,-1.4492496,-0.8728019,-0.3835088,-0.30189043,0
-0.61654329,2.3211701,-0.70809186,-0.29257071,0.90618879,-0.30532649,0
0.33448744,-2.498565,-1.0233004,0.39066511,-0.17816526,-0.90312672,0
2.2354951,-0.34554765,2.6960719,-0.39066511,0.17816526,0.90312672,0
-0.87841725,-2.2515521,1.7250972,-0.39066511,0.17816526,0.90312672,0
0.29558468,2.3449013,1.3261646,-0.39066511,0.17816526,0.90312672,0
-0.86624694,-1.0658754,1.4964561,-0.39066511,0.17816526,0.90312672,0
1.0323087,-1.3238561,-0.95318604,0.39066511,-0.17816526,-0.90312672,0
2.0824082,2.0088732,2.1653805,-0.39066511,0.17816526,0.90312672,0
-0.46669626,2.374969,-0.69200683,-0.29257071,0.90618879,-0.30532649,0
2.9103143,1.1314034,1.7422512,0.8728019,0.3835088,0.30189043,0
-0.99125051,-3.0244322,0.16148007,0.29257071,-0.90618879,0.30532649,0
2.5584857,3.4746692,-0.21735609,0.8728019,0.3835088,0.30189043,0
-1.013648,2.1188881,-0.92793673,-0.29257071,0.90618879,-0.30532649,0
2.4216404,3.3415737,0.34735966,0.8728019,0.3835088,0.30189043,0
-0.84136224,-2.5637167,1.3852272,0.29257071,-0.90618879,0.30532649,0
-2.4790752,-3.3747234,-0.1391964,-0.8728019,-0.3835088,-0.30189043,0
0.82968748,3.1940327,1.389688,-0.39066511,0.17816526,0.90312672,0
-0.055599809,0.60456097,-1.8042126,0.39066511,-0.17816526,-0.90312672,0
-4.2473087,0.98344016,-0.56344724,-0.8728019,-0.3835088,-0.30189043,0
-1.348285,1.836906,-1.4441844,-0.29257071,0.90618879,-0.30532649,0
1.0672684,3.1052394,1.509975,-0.39066511,0.17816526,0.90312672,0
2.0842953,2.9060998,-1.3325979,0.39066511,-0.17816526,-0.90312672,0
-2.7573802,-1.7685779,-1.3749628,-0.8728019,-0.3835088,-0.30189043,0
-2.3390064,1.8104692,-0.57331586,-0.29257071,0.90618879,-0.30532649,0
-2.5005188,-1.997762,-1.8264351,-0.8728019,-0.3835088,-0.30189043,0
-1.4288719,-2.926568,0.87127399,0.29257071,-0.90618879,0.30532649,0
-1.5005755,-3.192199,0.15160644,0.29257071,-0.90618879,0.30532649,0
2.3291245,2.2756248,-1.1023142,0.39066511,-0.17816526,-0.90312672,0
3.2102628,-1.5975953,0.37025332,0.29257071,-0.90618879,0.30532649,0
-3.1586845,1.6142126,-0.37035704,-0.29257071,0.90618879,-0.30532649,0
3.6772795,0.69351387,0.081137896,0.8728019,0.3835088,0.30189043,0
-1.4482181,-3.6082633,-1.1334149,0.29257071,-0.90618879,0.30532649,0
-0.35721064,2.0818741,-1.6668044,-0.29257071,0.90618879,-0.30532649,0
3.1385465,1.896567,0.1103723,0.8728019,0.3835088,0.30189043,0
-3.3948829,-0.70044911,-0.8887701,-0.8728019,-0.3835088,-0.30189043,0
2.5590954,3.1640406,0.17549086,0.8728019,0.3835088,0.30189043,0
2.9797087,2.2357769,-0.81303084,0.39066511,-0.17816526,-0.90312672,0
2.7202897,1.4422581,1.8967391,0.8728019,0.3835088,0.30189043,0
-3.7304835,-0.4906466,-0.18503284,-0.8728019,-0.3835088,-0.30189043,0
0.88000691,2.1365824,1.6200643,-0.39066511,0.17816526,0.90312672,0
-2.27162,-2.8462539,-1.4103206,-0.8728019,-0.3835088,-0.30189043,0
-1.7820526,1.8436066,-1.0086519,-0.29257071,0.90618879,-0.30532649,0
0.47941446,-2.1303773,1.4057518,0.29257071,-0.90618879,0.30532649,0
-1.1739999,-2.2269588,-1.7294074,0.39066511,-0.17816526,-0.90312672,0
1.7428355,-0.83084846,2.5787008,-0.39066511,0.17816526,0.90312672,0
-2.6501892,-3.2021956,0.13634205,-0.8728019,-0.3835088,-0.30189043,0
-0.35209107,-0.96538258,1.6990395,-0.39066511,0.17816526,0.90312672,0
2.1513944,1.7904657,2.2383082,-0.39066511,0.17816526,0.90312672,0
-0.31843895,1.6757499,1.1925642,-0.39066511,0.17816526,0.90312672,0
-3.2565475,-0.22319531,-1.8949993,-0.8728019,-0.3835088,-0.30189043,0
-0.99400127,2.4717443,0.74330598,-0.39066511,0.17816526,0.90312672,0
-2.9867735,1.0041535,-2.3457026,-0.29257071,0.90618879,-0.30532649,0
-3.5666223,-0.73423457,-0.34933209,-0.8728019,-0.3835088,-0.30189043,0
-3.1988897,1.1278841,-1.7752225,-0.29257071,0.90618879,-0.30532649,0
-1.4476634,-0.96186918,-2.097358,0.39066511,-0.17816526,-0.90312672,0
3.7063589,0.1205883,0.72488642,0.8728019,0.3835088,0.30189043,0
0.76584435,-2.3653069,0.43403322,0.29257071,-0.90618879,0.30532649,0
-3.4774041,1.0370216,-1.778018,-0.29257071,0.90618879,-0.30532649,0
1.4126377,0.47428316,2.178396,-0.39066511,0.17816526,0.90312672,0
-2.6333876,-2.8391409,-0.37344241,-0.8728019,-0.3835088,-0.30189043,0
0.35705411,0.93099874,-1.6901095,0.39066511,-0.17816526,-0.90312672,0
2.3016434,-1.5314716,1.4371635,0.29257071,-0.90618879,0.30532649,0
-0.5030793,0.12445498,-1.9030653,0.39066511,-0.17816526,-0.90312672,0
2.8690252,-1.5380756,0.87388539,0.29257071,-0.90618879,0.30532649,0
0.27413714,-2.5510235,-1.0390573,0.39066511,-0.17816526,-0.90312672,0
-3.4108629,-0.58096468,-0.99435878,-0.8728019,-0.3835088,-0.30189043,0
-3.0854993,0.29814273,-3.0518053,-0.8728019,-0.3835088,-0.30189043,0
-3.2702603,-0.61286736,-1.3603301,-0.8728019,-0.3835088,-0.30189043,0
3.0250878,-1.3954998,1.1474988,0.29257071,-0.90618879,0.30532649,0
-3.9175117,1.0517457,-1.312597,-0.29257071,0.90618879,-0.30532649,0
2.545121,-1.6504869,0.85062814,0.29257071,-0.90618879,0.30532649,0
3.2543998,1.3259381,0.50032973,0.8728019,0.3835088,0.30189043,0
3.0512793,2.3343527,-0.80151772,0.39066511,-0.17816526,-0.90312672,0
-1.3683233,0.85713041,-2.4218826,0.39066511,-0.17816526,-0.90312672,0
0.37380695,-2.8848925,-0.73240316,0.29257071,-0.90618879,0.30532649,0
-3.6099789,0.90834618,-2.0328825,-0.29257071,0.90618879,-0.30532649,0
3.9516463,-1.3372457,0.3122716,0.39066511,-0.17816526,-0.90312672,0
-2.5638418,-3.1609709,-0.1656692,-0.8728019,-0.3835088,-0.30189043,0
2.9287434,0.29359341,2.7532887,0.8728019,0.3835088,0.30189043,0
3.4200935,-0.22983611,1.9976785,0.8728019,0.3835088,0.30189043,0
3.4553804,-0.94195127,2.0812843,0.29257071,-0.90618879,0.30532649,0
2.8816891,1.9146399,0.830019,0.8728019,0.3835088,0.30189043,0
-1.9471569,1.6261352,-1.4958854,-0.29257071,0.90618879,-0.30532649,0
-1.5097717,-1.0125339,-2.1142292,0.39066511,-0.17816526,-0.90312672,0
-2.2381411,-0.56622767,0.80444789,-0.39066511,0.17816526,0.90312672,0
-0.21769476,2.7788668,0.26813614,-0.29257071,0.90618879,-0.30532649,0
1.4011285,-1.7830273,1.5534565,0.29257071,-0.90618879,0.30532649,0
2.0443747,-1.5990472,1.4831251,0.29257071,-0.90618879,0.30532649,0
1.8439652,3.7152324,1.5428083,0.8728019,0.3835088,0.30189043,0
-2.13592,-2.8919573,-1.7445862,-0.8728019,-0.3835088,-0.30189043,0
1.8834448,0.075676441,-0.86110497,0.39066511,-0.17816526,-0.90312672,0
3.3008022,1.1079948,0.64304042,0.8728019,0.3835088,0.30189043,0
1.797204,-1.4967272,2.0236478,0.29257071,-0.90618879,0.30532649,0
3.9496346,-0.69657588,1.0596378,0.8728019,0.3835088,0.30189043,0
2.0472751,-1.5387939,1.659173,0.29257071,-0.90618879,0.30532649,0
-3.1650081,-1.0523913,-1.1062746,-0.8728019,-0.3835088,-0.30189043,0
3.4191923,1.1549407,0.24112248,0.8728019,0.3835088,0.30189043,0
2.5090308,-0.14686751,-0.54659271,0.39066511,-0.17816526,-0.90312672,0
2.288425,2.9345393,1.2495813,0.8728019,0.3835088,0.30189043,0
3.8359079,-1.1655827,1.0529315,0.29257071,-0.90618879,0.30532649,0
0.33974829,-1.3212061,-1.2532895,0.39066511,-0.17816526,-0.90312672,0
1.7864118,3.2197983,-0.34358788,-0.29257071,0.90618879,-0.30532649,0
-0.10163713,2.4534826,1.1329181,-0.39066511,0.17816526,0.90312672,0
2.4863071,2.3337305,1.4407215,0.8728019,0.3835088,0.30189043,0
-1.4957757,0.70907426,0.87398601,-0.39066511,0.17816526,0.90312672,0
1.6486325,3.1139531,1.7597365,-0.39066511,0.17816526,0.90312672,0
-1.1974427,1.0068276,0.94429642,-0.39066511,0.17816526,0.90312672,0
1.7646394,-0.38998535,2.5011606,-0.39066511,0.17816526,0.90312672,0
3.0756905,0.88085097,1.5824196,0.8728019,0.3835088,0.30189043,0
1.5240352,3.2961078,0.1343087,-0.29257071,0.90618879,-0.30532649,0
-3.095947,-0.26638037,-2.3044529,-0.8728019,-0.3835088,-0.30189043,0
0.5747391,0.82116079,-1.574277,0.39066511,-0.17816526,-0.90312672,0
2.4364998,3.4734981,0.13680911,0.8728019,0.3835088,0.30189043,0
-2.1491406,-3.0324416,1.2472262,0.29257071,-0.90618879,0.30532649,0
2.698436,-0.70917296,-0.35373211,0.39066511,-0.17816526,-0.90312672,0
1.9113009,-2.0223894,0.35418689,0.29257071,-0.90618879,0.30532649,0
-3.2400575,-0.2659812,-1.88832,-0.8728019,-0.3835088,-0.30189043,0
0.8317852,-2.2510879,0.70984179,0.29257071,-0.90618879,0.30532649,0
1.1369394,3.4451013,1.4730661,-0.39066511,0.17816526,0.90312672,0
-0.81618476,1.9307768,-1.6754527,-0.29257071,0.90618879,-0.30532649,0
-0.98090696,-3.0965071,-0.06234473,0.29257071,-0.90618879,0.30532649,0
3.790808,-1.1898263,0.21361589,0.39066511,-0.17816526,-0.90312672,0
1.61538,3.3577909,0.22985208,-0.29257071,0.90618879,-0.30532649,0
1.3302197,2.3385639,1.7749665,-0.39066511,0.17816526,0.90312672,0
3.2747946,1.8814635,-0.26435041,0.8728019,0.3835088,0.30189043,0
-0.79235363,-2.4276502,1.7421029,0.29257071,-0.90618879,0.30532649,0
3.8842354,0.01140523,0.34932518,0.8728019,0.3835088,0.30189043,0
-3.8264453,0.82574403,-1.5798824,-0.8728019,-0.3835088,-0.30189043,0
0.9815073,-2.1627846,0.82845235,0.29257071,-0.90618879,0.30532649,0
-3.5663128,-0.55101442,-0.58298182,-0.8728019,-0.3835088,-0.30189043,0
-1.4176674,-3.0291789,0.55599499,0.29257071,-0.90618879,0.30532649,0
-2.8064284,1.3267722,0.18518043,-0.39066511,0.17816526,0.90312672,0
0.84277654,3.1286633,0.29014152,-0.29257071,0.90618879,-0.30532649,0
-3.617928,0.31950271,-1.539623,-0.8728019,-0.3835088,-0.30189043,0
-0.832021,-2.5276682,-1.5221552,0.39066511,-0.17816526,-0.90312672,0
-0.99956942,-3.25089,-0.5026598,0.29257071,-0.90618879,0.30532649,0
-0.61511135,1.8241878,-2.1844749,-0.29257071,0.90618879,-0.30532649,0
3.7384591,-0.46277905,1.3731658,0.8728019,0.3835088,0.30189043,0
2.8848162,-1.1018015,2.1535871,0.29257071,-0.90618879,0.30532649,0
1.3127016,-2.3301942,0.014234662,0.29257071,-0.90618879,0.30532649,0
-1.8016257,-2.2616313,1.3277338,-0.39066511,0.17816526,0.90312672,0
3.9025278,-0.051622391,0.37650704,0.8728019,0.3835088,0.30189043,0
-3.0453529,-2.1933978,-0.0027251244,-0.8728019,-0.3835088,-0.30189043,0
3.3165045,0.13204253,1.8374524,0.8728019,0.3835088,0.30189043,0
1.7353446,2.8508973,-1.3895284,-0.29257071,0.90618879,-0.30532649,0
2.8845968,3.1126029,-0.70022798,0.8728019,0.3835088,0.30189043,0
-2.4043167,-2.1123381,1.0375758,-0.39066511,0.17816526,0.90312672,0
-0.89991117,-2.9288437,0.35765707,0.29257071,-0.90618879,0.30532649,0
2.5580678,1.4879146,2.3077421,0.8728019,0.3835088,0.30189043,0
-2.236953,0.8040635,-2.7871566,0.39066511,-0.17816526,-0.90312672,0
-1.8156421,1.4435432,-2.1638274,-0.29257071,0.90618879,-0.30532649,0
-3.1643827,-0.99880707,-1.1761537,-0.8728019,-0.3835088,-0.30189043,0
3.148639,0.18638527,2.2537372,0.8728019,0.3835088,0.30189043,0
-3.837728,-0.45637202,0.081482887,-0.8728019,-0.3835088,-0.30189043,0
-3.6345205,-0.61466479,0.20997238,-0.39066511,0.17816526,0.90312672,0
3.271584,-0.90569133,2.3650198,0.29257071,-0.90618879,0.30532649,0
-2.0389271,-2.6919,1.3099657,-0.39066511,0.17816526,0.90312672,0
1.4042809,1.6431851,-1.3776083,0.39066511,-0.17816526,-0.90312672,0
-3.339473,0.51524878,-2.593339,-0.8728019,-0.3835088,-0.30189043,0
2.7745385,3.3508158,-0.6846509,0.8728019,0.3835088,0.30189043,0
-2.9152884,-1.1625702,-1.6882772,-0.8728019,-0.3835088,-0.30189043,0
3.1197922,0.05928731,-0.32306504,0.39066511,-0.17816526,-0.90312672,0
-2.7018344,-2.0337539,0.89337611,-0.39066511,0.17816526,0.90312672,0
2.2218456,3.2192402,1.0803981,0.8728019,0.3835088,0.30189043,0
-0.056867957,-2.2617555,-1.2393057,0.39066511,-0.17816526,-0.90312672,0
3.9310765,0.028309107,0.19242859,0.8728019,0.3835088,0.30189043,0
3.5889235,0.92883873,0.03763938,0.8728019,0.3835088,0.30189043,0
2.6165023,2.0630274,-0.93606269,0.39066511,-0.17816526,-0.90312672,0
-3.2301676,-1.8703504,0.12121081,-0.8728019,-0.3835088,-0.30189043,0
-3.9675002,0.4544208,-0.70036221,-0.8728019,-0.3835088,-0.30189043,0
-0.075400829,-0.47061437,-1.6006716,0.39066511,-0.17816526,-0.90312672,0
-3.2465556,-1.5027713,-0.29836702,-0.8728019,-0.3835088,-0.30189043,0
1.7786775,3.7393756,1.2058938,-0.29257071,0.90618879,-0.30532649,0
2.3081694,-0.78589904,2.8143792,-0.39066511,0.17816526,0.90312672,0
-1.8806723,-2.6704428,-1.9476039,0.39066511,-0.17816526,-0.90312672,0
-0.58845341,-0.98225176,-1.7216687,0.39066511,-0.17816526,-0.90312672,0
0.76706839,1.5778133,1.6814421,-0.39066511,0.17816526,0.90312672,0
0.097326517,1.9498707,-2.0034587,0.39066511,-0.17816526,-0.90312672,0
2.1381822,3.0093908,-1.3051379,-0.29257071,0.90618879,-0.30532649,0
1.0059068,2.7449713,-1.0049462,-0.29257071,0.90618879,-0.30532649,0
-2.3603983,1.6370144,-1.0676186,-0.29257071,0.90618879,-0.30532649,0
0.92673898,-0.41713622,2.1440668,-0.39066511,0.17816526,0.90312672,0
0.64686513,-2.0154927,1.5862672,0.29257071,-0.90618879,0.30532649,0
1.2804543,-0.4888804,-1.0105665,0.39066511,-0.17816526,-0.90312672,0
1.0180538,3.296416,0.62006617,-0.29257071,0.90618879,-0.30532649,0
-0.41883039,-2.8579071,0.10721055,0.29257071,-0.90618879,0.30532649,0
2.6052427,-0.23437503,2.8340819,-0.39066511,0.17816526,0.90312672,0
-4.1811438,0.89494848,-0.64232087,-0.8728019,-0.3835088,-0.30189043,0
1.6963307,2.0929291,1.9817929,-0.39066511,0.17816526,0.90312672,0
-2.3660424,-1.9736251,1.0267674,-0.39066511,0.17816526,0.90312672,0
0.5104208,2.9264417,0.0084319264,-0.29257071,0.90618879,-0.30532649,0
2.2210424,3.4551787,-0.061468005,-0.29257071,0.90618879,-0.30532649,0
0.235865,2.8466949,1.2013398,-0.39066511,0.17816526,0.90312672,0
-2.5378118,-1.8148301,-1.9510046,-0.8728019,-0.3835088,-0.30189043,0
1.3070915,2.7277079,1.6881931,-0.39066511,0.17816526,0.90312672,0
-0.15530252,-2.9425857,-0.39662915,0.29257071,-0.90618879,0.30532649,0
2.494107,3.2822399,0.21322536,0.8728019,0.3835088,0.30189043,0
-1.345293,1.8911548,-1.2860445,-0.29257071,0.90618879,-0.30532649,0
-1.9620595,-3.5567217,-0.48806906,0.29257071,-0.90618879,0.30532649,0
-0.48005462,-3.0396628,-0.37356174,0.29257071,-0.90618879,0.30532649,0
1.0744853,3.4516959,1.026852,-0.29257071,0.90618879,-0.30532649,0
-2.4356527,1.756115,-0.64202642,-0.29257071,0.90618879,-0.30532649,0
3.7542381,0.12439227,0.58162808,0.8728019,0.3835088,0.30189043,0
-2.9833698,-1.9731481,-0.46172214,-0.8728019,-0.3835088,-0.30189043,0
-0.48292112,1.8627834,-2.196593,-0.29257071,0.90618879,-0.30532649,0
1.7735043,-1.7932913,1.1661748,0.29257071,-0.90618879,0.30532649,0
0.1567378,2.4571869,-1.045378,-0.29257071,0.90618879,-0.30532649,0
-1.7415751,-3.6583366,-1.6925466,0.39066511,-0.17816526,-0.90312672,0
-1.509531,2.1102872,-0.47829771,-0.29257071,0.90618879,-0.30532649,0
0.66776037,2.5919156,-1.1351855,-0.29257071,0.90618879,-0.30532649,0
-0.88263011,2.277256,0.82984966,-0.39066511,0.17816526,0.90312672,0
3.567991,0.43785119,0.72188735,0.8728019,0.3835088,0.30189043,0
-0.68788767,2.4975138,-0.11635172,-0.29257071,0.90618879,-0.30532649,0
2.1334248,2.985126,1.6334422,0.8728019,0.3835088,0.30189043,0
3.2177844,-0.41140908,2.8132412,0.8728019,0.3835088,0.30189043,0
-0.6531291,-1.3169003,1.6381656,-0.39066511,0.17816526,0.90312672,0
0.60734457,1.4951022,1.6286675,-0.39066511,0.17816526,0.90312672,0
1.0543849,1.0230628,1.9151655,-0.39066511,0.17816526,0.90312672,0
-1.2809193,1.2965869,0.85102427,-0.39066511,0.17816526,0.90312672,0
1.132848,-1.3127793,2.4099119,-0.39066511,0.17816526,0.90312672,0
-0.19629908,0.9391706,1.3907076,-0.39066511,0.17816526,0.90312672,0
3.283689,-0.64650786,2.9213631,0.8728019,0.3835088,0.30189043,0
-0.24649763,2.6807203,0.0044433475,-0.29257071,0.90618879,-0.30532649,0
-1.2202733,2.1205549,-0.72499657,-0.29257071,0.90618879,-0.30532649,0
0.027371168,-1.6731695,2.0028126,-0.39066511,0.17816526,0.90312672,0
2.4941294,-1.9881474,-0.10266376,0.29257071,-0.90618879,0.30532649,0
-0.46423554,-2.6305037,0.82563692,0.29257071,-0.90618879,0.30532649,0
-4.0219245,0.59954429,-0.72737432,-0.8728019,-0.3835088,-0.30189043,0
3.4757097,-0.26585007,1.8826361,0.8728019,0.3835088,0.30189043,0
-0.1678319,2.812536,0.32028401,-0.29257071,0.90618879,-0.30532649,0
-1.8439567,1.3709468,-2.3521569,-0.29257071,0.90618879,-0.30532649,0
2.6208789,3.4414792,-0.35557771,0.8728019,0.3835088,0.30189043,0
2.4207568,3.2826076,-0.76501811,-0.29257071,0.90618879,-0.30532649,0
-1.0087556,1.9066963,0.8483941,-0.39066511,0.17816526,0.90312672,0
1.3315523,-2.0570247,0.80692017,0.29257071,-0.90618879,0.30532649,0
-0.53882587,2.5922208,0.91643387,-0.39066511,0.17816526,0.90312672,0
2.8004174,2.8510332,-0.12456799,0.8728019,0.3835088,0.30189043,0
3.4534862,1.1736745,0.11817622,0.8728019,0.3835088,0.30189043,0
-3.4168293,0.43207657,-2.2640343,-0.8728019,-0.3835088,-0.30189043,0
-2.4206891,-0.15217826,-2.6779919,0.39066511,-0.17816526,-0.90312672,0
-2.4185529,1.3268045,-1.9325774,-0.29257071,0.90618879,-0.30532649,0
3.527612,0.86884046,0.29111814,0.8728019,0.3835088,0.30189043,0
-1.7370219,1.7900751,-1.2106792,-0.29257071,0.90618879,-0.30532649,0
-2.2275348,1.2083763,-2.4671016,-0.29257071,0.90618879,-0.30532649,0
-2.7720008,-2.6188474,-0.25254679,-0.8728019,-0.3835088,-0.30189043,0
0.85440826,-1.9123734,1.6934462,0.29257071,-0.90618879,0.30532649,0
0.82737756,-2.4139857,-0.8267765,0.39066511,-0.17816526,-0.90312672,0
3.203177,-0.99281043,2.1720042,0.29257071,-0.90618879,0.30532649,0
-2.931807,-2.8226905,0.46842647,-0.8728019,-0.3835088,-0.30189043,0
3.3624804,-0.021661401,1.8997896,0.8728019,0.3835088,0.30189043,0
3.000524,-0.86729443,2.7387145,0.29257071,-0.90618879,0.30532649,0
2.7225177,2.7491672,0.23005533,0.8728019,0.3835088,0.30189043,0
3.3970289,-1.4967713,0.10383201,0.39066511,-0.17816526,-0.90312672,0
-3.1187277,-2.5842643,0.70594978,-0.8728019,-0.3835088,-0.30189043,0
-1.6870661,-2.9779608,0.9661504,0.29257071,-0.90618879,0.30532649,0
3.9868143,-1.271121,0.59509873,0.29257071,-0.90618879,0.30532649,0
-2.742274,-3.3199191,0.96236467,0.29257071,-0.90618879,0.30532649,0
3.4372513,-0.44737637,2.2244277,0.8728019,0.3835088,0.30189043,0
1.6013187,0.55483443,2.2441227,-0.39066511,0.17816526,0.90312672,0
2.9754212,3.1045177,-0.95254123,0.8728019,0.3835088,0.30189043,0
1.6679962,1.7644737,2.0343325,-0.39066511,0.17816526,0.90312672,0
-3.2172799,-1.5116498,-0.37172723,-0.8728019,-0.3835088,-0.30189043,0
-3.2725937,-1.4134232,-0.33659196,-0.8728019,-0.3835088,-0.30189043,0
2.8916764,-0.9971652,2.4575667,0.29257071,-0.90618879,0.30532649,0
3.0093861,0.72270441,1.9750166,0.8728019,0.3835088,0.30189043,0
1.292382,3.1483684,-0.082197547,-0.29257071,0.90618879,-0.30532649,0
-2.985317,-2.4234598,0.11596465,-0.8728019,-0.3835088,-0.30189043,0
3.060689,-1.3489631,1.2515025,0.29257071,-0.90618879,0.30532649,0
-2.3793297,1.5481422,-1.3132455,-0.29257071,0.90618879,-0.30532649,0
-1.1992631,-3.1453304,0.0019841194,0.29257071,-0.90618879,0.30532649,0
1.7359183,-0.95652598,2.6005015,-0.39066511,0.17816526,0.90312672,0
-1.3232961,-0.55115891,-2.1245837,0.39066511,-0.17816526,-0.90312672,0
0.40844733,0.84020865,1.6718254,-0.39066511,0.17816526,0.90312672,0
0.72698331,-1.2848921,-1.0929472,0.39066511,-0.17816526,-0.90312672,0
1.991993,-1.0753664,2.7347159,-0.39066511,0.17816526,0.90312672,0
-2.4373488,1.9565872,-0.045413017,-0.29257071,0.90618879,-0.30532649,0
0.37048101,1.0423217,-1.7062626,0.39066511,-0.17816526,-0.90312672,0
2.9939122,1.5182956,-0.66534448,0.39066511,-0.17816526,-0.90312672,0
0.61528045,-1.7791729,-1.0437568,0.39066511,-0.17816526,-0.90312672,0
1.7419084,1.7908905,2.0610933,-0.39066511,0.17816526,0.90312672,0
1.5587416,3.7948797,1.5813742,-0.29257071,0.90618879,-0.30532649,0
3.2672462,0.44362724,1.584039,0.8728019,0.3835088,0.30189043,0
-1.4578695,-3.4333396,-0.60500526,0.29257071,-0.90618879,0.30532649,0
-2.2827048,-3.4098206,-0.66234183,-0.8728019,-0.3835088,-0.30189043,0
-1.4157062,1.0416751,0.84300745,-0.39066511,0.17816526,0.90312672,0
0.16831899,-2.9013414,-0.58432007,0.29257071,-0.90618879,0.30532649,0
-1.616771,-1.9094061,-1.9835825,0.39066511,-0.17816526,-0.90312672,0
2.9251885,0.97335768,1.9000225,0.8728019,0.3835088,0.30189043,0
3.7751422,-1.1689649,1.1011202,0.29257071,-0.90618879,0.30532649,0
-0.2833128,2.3397994,-0.97211015,-0.29257071,0.90618879,-0.30532649,0
-3.3674989,-0.52666259,-1.1887121,-0.8728019,-0.3835088,-0.30189043,0
2.3217044,1.7441301,-1.0006732,0.39066511,-0.17816526,-0.90312672,0
-0.87267184,-3.4722657,-1.2812843,0.29257071,-0.90618879,0.30532649,0
2.7152023,3.3174763,-0.47075117,0.8728019,0.3835088,0.30189043,0
2.7159476,1.0858938,2.3620021,0.8728019,0.3835088,0.30189043,0
-3.5054202,-0.3762188,0.21877718,-0.39066511,0.17816526,0.90312672,0
0.61085021,-2.0421393,-0.99379617,0.39066511,-0.17816526,-0.90312672,0
3.106477,0.22063142,2.3321269,0.8728019,0.3835088,0.30189043,0
-2.9445124,0.98298812,-2.4490144,-0.29257071,0.90618879,-0.30532649,0
2.9100642,1.9011064,0.76517653,0.8728019,0.3835088,0.30189043,0
-3.4599206,1.3570974,-0.10348248,-0.39066511,0.17816526,0.90312672,0
2.0969169,0.16499387,2.5354095,-0.39066511,0.17816526,0.90312672,0
3.1287138,-0.12965375,2.7128253,0.8728019,0.3835088,0.30189043,0
3.4374897,-1.0466025,0.032526493,0.39066511,-0.17816526,-0.90312672,0
-0.81534088,-0.97628385,-1.8209907,0.39066511,-0.17816526,-0.90312672,0
2.9289649,0.52513003,2.4585145,0.8728019,0.3835088,0.30189043,0
-2.3781195,-2.0288546,-2.1408076,-0.8728019,-0.3835088,-0.30189043,0
-2.9774044,-0.840698,-1.9175858,-0.8728019,-0.3835088,-0.30189043,0
-0.98160303,0.73804641,1.0906861,-0.39066511,0.17816526,0.90312672,0
-3.1690795,-0.5346086,0.39551449,-0.39066511,0.17816526,0.90312672,0
-2.9755034,0.81254733,-2.9251759,-0.29257071,0.90618879,-0.30532649,0
-0.017746449,-3.019423,-0.7564863,0.29257071,-0.90618879,0.30532649,0
-3.6680188,0.78145278,-1.981647,-0.8728019,-0.3835088,-0.30189043,0
0.060701132,2.094022,-2.0312033,-0.29257071,0.90618879,-0.30532649,0
-3.3731647,0.82596666,-2.5042996,-0.29257071,0.90618879,-0.30532649,0
3.4677219,0.71242332,0.66297364,0.8728019,0.3835088,0.30189043,0
2.6993284,1.8474257,1.4426321,0.8728019,0.3835088,0.30189043,0
-1.1963148,-1.4844441,1.4362524,-0.39066511,0.17816526,0.90312672,0
-3.8063474,-0.42622876,-0.047534704,-0.8728019,-0.3835088,-0.30189043,0
1.2015176,-1.7320774,-0.79945922,0.39066511,-0.17816526,-0.90312672,0
1.5668386,-1.6723543,-0.65321445,0.39066511,-0.17816526,-0.90312672,0
0.80274928,-0.34294197,2.0757957,-0.39066511,0.17816526,0.90312672,0
-2.8816154,-2.3371511,-0.29349256,-0.8728019,-0.3835088,-0.30189043,0
3.3678765,-0.10124981,1.9852939,0.8728019,0.3835088,0.30189043,0
2.5873456,-0.99198341,2.7645631,0.29257071,-0.90618879,0.30532649,0
-2.6746554,1.9109417,0.046506643,-0.29257071,0.90618879,-0.30532649,0
1.0330766,3.0742955,1.5012892,-0.39066511,0.17816526,0.90312672,0
-3.1114731,0.14808422,-2.7860842,-0.8728019,-0.3835088,-0.30189043,0
1.3456016,-0.88343465,2.4172435,-0.39066511,0.17816526,0.90312672,0
2.1417513,2.9685519,1.630424,0.8728019,0.3835088,0.30189043,0
-3.5912461,-0.50823998,0.2076962,-0.39066511,0.17816526,0.90312672,0
-2.7368393,-1.700122,-1.5213124,-0.8728019,-0.3835088,-0.30189043,0
2.8607979,1.7561982,1.0916963,0.8728019,0.3835088,0.30189043,0
-2.8065748,-2.8037863,0.082349539,-0.8728019,-0.3835088,-0.30189043,0
1.9265199,-0.95844245,-0.63846493,0.39066511,-0.17816526,-0.90312672,0
0.25069094,2.5613444,-0.82627332,-0.29257071,0.90618879,-0.30532649,0
0.42805719,1.1079483,-1.6943035,0.39066511,-0.17816526,-0.90312672,0
-0.20270014,-2.2769103,1.6244693,0.29257071,-0.90618879,0.30532649,0
1.1561749,-2.2754588,0.32667279,0.29257071,-0.90618879,0.30532649,0
-3.1693802,-0.51289082,-1.7789924,-0.8728019,-0.3835088,-0.30189043,0
3.3643131,-0.9930805,2.0167983,0.29257071,-0.90618879,0.30532649,0
-2.3409426,-3.234421,-0.71678913,-0.8728019,-0.3835088,-0.30189043,0
2.7198424,0.42572314,2.7534328,-0.39066511,0.17816526,0.90312672,0
-2.1793761,-2.744071,1.2595038,-0.39066511,0.17816526,0.90312672,0
-1.3041478,0.002245903,1.0963188,-0.39066511,0.17816526,0.90312672,0
1.6296546,2.0215125,-1.3547536,0.39066511,-0.17816526,-0.90312672,0
-0.48511362,2.3431909,-0.76867425,-0.29257071,0.90618879,-0.30532649,0
-0.31572938,-2.2532282,1.8030635,0.29257071,-0.90618879,0.30532649,0
0.79790848,0.89869261,1.828757,-0.39066511,0.17816526,0.90312672,0
-0.03518033,-2.3057833,1.3782554,0.29257071,-0.90618879,0.30532649,0
-3.1708245,0.44478858,-2.9914117,-0.8728019,-0.3835088,-0.30189043,0
-2.3118744,-2.3100743,1.1165719,-0.39066511,0.17816526,0.90312672,0
-1.5123818,0.61281097,0.88579333,-0.39066511,0.17816526,0.90312672,0
2.8323975,2.2277679,0.57474375,0.8728019,0.3835088,0.30189043,0
-3.5546074,-1.1756492,0.17668653,-0.8728019,-0.3835088,-0.30189043,0
0.60277724,3.2982786,1.0235208,-0.29257071,0.90618879,-0.30532649,0
-1.5482824,1.3847845,-2.594409,-0.29257071,0.90618879,-0.30532649,0
3.204519,1.7421508,0.11580181,0.8728019,0.3835088,0.30189043,0
0.45957446,2.9562206,0.14553604,-0.29257071,0.90618879,-0.30532649,0
-0.36724329,2.143692,-1.4737194,-0.29257071,0.90618879,-0.30532649,0
0.83459103,-1.9680803,-0.91162282,0.39066511,-0.17816526,-0.90312672,0
0.75851536,-1.6209236,2.3087764,-0.39066511,0.17816526,0.90312672,0
-0.62712133,-1.8943126,-1.5584676,0.39066511,-0.17816526,-0.90312672,0
3.3033891,1.1204064,-0.45298028,0.39066511,-0.17816526,-0.90312672,0
-3.5942676,0.520944,-1.8639312,-0.8728019,-0.3835088,-0.30189043,0
-1.7823508,1.9972947,-0.55222988,-0.29257071,0.90618879,-0.30532649,0
-2.4677994,-2.7462792,-0.97014606,-0.8728019,-0.3835088,-0.30189043,0
3.9116693,-0.036807299,0.03843379,0.39066511,-0.17816526,-0.90312672,0
1.1423467,1.1838323,-1.4002938,0.39066511,-0.17816526,-0.90312672,0
1.9794745,3.5016289,1.4223871,0.8728019,0.3835088,0.30189043,0
-2.2186949,-3.4994273,-0.072108626,0.29257071,-0.90618879,0.30532649,0
-1.7657131,-2.7201495,-1.8880699,0.39066511,-0.17816526,-0.90312672,0
-1.1651504,1.576592,-2.3922625,-0.29257071,0.90618879,-0.30532649,0
2.1344843,-0.048326142,2.5937433,-0.39066511,0.17816526,0.90312672,0
2.2316885,2.9819489,1.353386,0.8728019,0.3835088,0.30189043,0
-0.73780346,2.1500869,-1.0996611,-0.29257071,0.90618879,-0.30532649,0
0.091869354,2.8982415,0.3258009,-0.29257071,0.90618879,-0.30532649,0
-3.4239044,-1.580878,0.31359363,-0.8728019,-0.3835088,-0.30189043,0
-2.9027414,-2.3692617,-0.19162273,-0.8728019,-0.3835088,-0.30189043,0
0.77721739,1.550827,-1.6306369,0.39066511,-0.17816526,-0.90312672,0
-2.048027,0.78079951,-2.7008438,0.39066511,-0.17816526,-0.90312672,0
-1.1804026,-0.12685287,1.1753154,-0.39066511,0.17816526,0.90312672,0
-1.3591741,2.1236391,-0.58274519,-0.29257071,0.90618879,-0.30532649,0
0.8912406,-1.5056428,2.3434474,-0.39066511,0.17816526,0.90312672,0
-0.86549902,2.0908947,-1.1529797,-0.29257071,0.90618879,-0.30532649,0
3.1049948,0.10450703,2.483932,0.8728019,0.3835088,0.30189043,0
1.5724759,-2.058862,0.57060921,0.29257071,-0.90618879,0.30532649,0
-4.1665859,0.60875988,-0.26153564,-0.39066511,0.17816526,0.90312672,0
3.5136611,0.68036318,0.57088494,0.8728019,0.3835088,0.30189043,0
3.47331,1.3156006,-0.1194334,0.8728019,0.3835088,0.30189043,0
3.5040827,1.4485018,-0.37723374,0.8728019,0.3835088,0.30189043,0
0.50078058,-2.2124658,1.1416465,0.29257071,-0.90618879,0.30532649,0
-2.1317456,-0.10064869,-2.5631692,0.39066511,-0.17816526,-0.90312672,0
3.8791485,-0.12756944,0.54058003,0.8728019,0.3835088,0.30189043,0
-0.41029248,0.582986,1.3684072,-0.39066511,0.17816526,0.90312672,0
1.9100149,-1.569998,1.6980875,0.29257071,-0.90618879,0.30532649,0
-2.21559,-2.610846,-1.8713622,-0.8728019,-0.3835088,-0.30189043,0
2.4561872,1.8337061,2.1630123,0.8728019,0.3835088,0.30189043,0
-2.0893908,1.1003693,0.54001307,-0.39066511,0.17816526,0.90312672,0
2.3330832,2.4461169,1.7409401,0.8728019,0.3835088,0.30189043,0
-2.5876133,-2.6223905,-0.78113198,-0.8728019,-0.3835088,-0.30189043,0
-2.5113528,0.5349611,-2.8527663,0.39066511,-0.17816526,-0.90312672,0
2.0201101,2.9591458,-1.3411223,-0.29257071,0.90618879,-0.30532649,0
-2.5859008,-1.4729779,-2.246248,-0.8728019,-0.3835088,-0.30189043,0
-3.434068,-0.53642404,-0.98385191,-0.8728019,-0.3835088,-0.30189043,0
-2.4600868,-2.5292509,-1.2681469,-0.8728019,-0.3835088,-0.30189043,0
-0.53468114,1.3857179,1.1562408,-0.39066511,0.17816526,0.90312672,0
-3.394388,1.377183,-0.8479898,-0.29257071,0.90618879,-0.30532649,0
2.5769584,2.3035011,-1.0006082,0.39066511,-0.17816526,-0.90312672,0
-2.6536632,-2.9093509,-0.225631,-0.8728019,-0.3835088,-0.30189043,0
1.2232976,3.1722572,0.054901242,-0.29257071,0.90618879,-0.30532649,0
0.2307353,3.1769087,1.0198026,-0.29257071,0.90618879,-0.30532649,0
2.2048998,3.1830461,1.17537,0.8728019,0.3835088,0.30189043,0
-1.1037047,-2.6470993,1.3891368,0.29257071,-0.90618879,0.30532649,0
-2.9622111,-2.994431,0.77450001,-0.8728019,-0.3835088,-0.30189043,0
-1.6634986,0.30551642,-2.4407465,0.39066511,-0.17816526,-0.90312672,0
2.3271294,0.23080385,2.62201,-0.39066511,0.17816526,0.90312672,0
2.4591432,2.6163759,1.1601949,0.8728019,0.3835088,0.30189043,0
1.1417518,-2.3857949,0.013023257,0.29257071,-0.90618879,0.30532649,0
-0.36577034,2.9411328,0.89162028,-0.29257071,0.90618879,-0.30532649,0
-2.6164808,0.065383196,0.51618791,-0.39066511,0.17816526,0.90312672,0
-3.0371518,1.4855441,-0.86869287,-0.29257071,0.90618879,-0.30532649,0
-3.9794996,0.86707711,-0.23156762,-0.39066511,0.17816526,0.90312672,0
2.6641872,2.9339283,-1.0872439,0.39066511,-0.17816526,-0.90312672,0
4.2597222,-0.93287945,0.46332669,0.8728019,0.3835088,0.30189043,0
-3.8578548,0.12000966,-0.5925386,-0.8728019,-0.3835088,-0.30189043,0
-2.2093003,-3.2403207,0.68790102,0.29257071,-0.90618879,0.30532649,0
2.8362162,0.97886276,2.1502588,0.8728019,0.3835088,0.30189043,0
4.2063818,-0.8304925,0.48747301,0.8728019,0.3835088,0.30189043,0
-2.766844,-0.81141877,-2.5635357,-0.8728019,-0.3835088,-0.30189043,0
-3.8056805,0.44538045,-1.156718,-0.8728019,-0.3835088,-0.30189043,0
-0.37893558,-2.3279164,1.6419599,0.29257071,-0.90618879,0.30532649,0
-2.0753858,0.56244862,0.65219021,-0.39066511,0.17816526,0.90312672,0
-1.974062,1.4229335,-2.0731933,-0.29257071,0.90618879,-0.30532649,0
-2.1259155,-3.5872185,-0.89028025,-0.8728019,-0.3835088,-0.30189043,0
-3.5661764,0.41083908,0.037228584,-0.39066511,0.17816526,0.90312672,0
-3.8492098,-0.063670158,-0.38419414,-0.8728019,-0.3835088,-0.30189043,0
