-3.3443456,3.526418,1.0485744,-0.79660392,-0.15649378,-0.5838939,0
0.72436094,1.8425932,-0.64565307,0.25362587,0.79025757,-0.55782348,0
1.0946178,1.2400031,-1.330986,0.25362587,0.79025757,-0.55782348,0
0.098028414,1.4147451,2.0560441,0.79660392,0.15649378,0.5838939,0
1.6463616,-3.0549779,-3.8768177,0.54872245,-0.59245491,-0.58983147,0
1.8718618,-4.594944,-2.0731225,-0.25362587,-0.79025757,0.55782348,0
2.4107995,0.45930922,-0.84318554,0.79660392,0.15649378,0.5838939,0
0.3842243,-3.6980128,-1.478843,-0.25362587,-0.79025757,0.55782348,0
-2.7581077,3.8657224,2.0282054,-0.54872245,0.59245491,0.58983147,0
-1.6281793,3.4854646,3.4613318,-0.54872245,0.59245491,0.58983147,0
3.158529,-3.4944131,-2.0286527,0.54872245,-0.59245491,-0.58983147,0
2.0680962,1.214357,-0.57800353,0.79660392,0.15649378,0.5838939,0
2.2895565,-1.4259145,-4.564436,0.25362587,0.79025757,-0.55782348,0
1.3509979,1.8839023,-0.30221832,0.25362587,0.79025757,-0.55782348,0
1.1273972,-4.3325496,-2.0398793,-0.25362587,-0.79025757,0.55782348,0
-0.83422983,-1.0679951,-1.144583,-0.79660392,-0.15649378,-0.5838939,0
-3.6362669,1.7424395,3.3439775,-0.54872245,0.59245491,0.58983147,0
0.86159766,-2.0295563,1.1018744,-0.25362587,-0.79025757,0.55782348,0
2.5922327,-2.2379858,-0.36779261,0.79660392,0.15649378,0.5838939,0
-1.6680346,0.33518469,3.3018079,-0.25362587,-0.79025757,0.55782348,0
1.4680859,-4.1385326,-2.9542942,0.54872245,-0.59245491,-0.58983147,0
3.240876,-1.0294278,-3.5702038,0.25362587,0.79025757,-0.55782348,0
-3.4017735,3.0339775,2.2648454,-0.54872245,0.59245491,0.58983147,0
3.8312461,-0.60967404,-2.7071238,0.25362587,0.79025757,-0.55782348,0
1.737267,-4.4953775,-2.3454413,0.54872245,-0.59245491,-0.58983147,0
-2.2240543,-0.7551235,1.5043838,-0.25362587,-0.79025757,0.55782348,0
3.2686844,-3.5126085,-1.9078984,0.54872245,-0.59245491,-0.58983147,0
3.3484342,-2.1295013,-3.2229662,0.54872245,-0.59245491,-0.58983147,0
-1.8561566,2.7674747,3.9704266,-0.54872245,0.59245491,0.58983147,0
-2.0992534,0.20409346,0.24034119,-0.79660392,-0.15649378,-0.5838939,0
-1.7869996,3.4330163,0.46562696,0.25362587,0.79025757,-0.55782348,0
2.0043907,1.3964475,-0.53989369,0.79660392,0.15649378,0.5838939,0
1.0802984,-4.454628,-2.8488884,-0.79660392,-0.15649378,-0.5838939,0
3.5702913,-3.6474462,-1.4918747,0.54872245,-0.59245491,-0.58983147,0
1.8249125,-1.956176,-4.5343909,-0.79660392,-0.15649378,-0.5838939,0
3.0258267,-1.4420875,-1.1726577,0.79660392,0.15649378,0.5838939,0
2.8421519,-2.3672304,-3.4551754,0.54872245,-0.59245491,-0.58983147,0
0.17092836,-3.5495892,-1.3655529,-0.25362587,-0.79025757,0.55782348,0
1.031709,2.2097282,0.01420188,0.25362587,0.79025757,-0.55782348,0
-0.86927688,4.1362181,2.6463327,0.79660392,0.15649378,0.5838939,0
-3.1522512,3.4748161,2.0541773,-0.54872245,0.59245491,0.58983147,0
-3.2994421,3.167793,2.2256331,-0.54872245,0.59245491,0.58983147,0
2.3121855,-0.7036258,-0.39696038,0.79660392,0.15649378,0.5838939,0
0.90221286,1.8111063,-0.6093958,0.25362587,0.79025757,-0.55782348,0
-2.553581,4.3676147,1.7143526,-0.54872245,0.59245491,0.58983147,0
-1.6804687,3.1079335,3.7918968,-0.54872245,0.59245491,0.58983147,0
-1.8448441,1.1542492,-0.36140633,-0.79660392,-0.15649378,-0.5838939,0
3.4836528,-2.3499942,-2.8756976,0.54872245,-0.59245491,-0.58983147,0
-2.1324658,-0.054265141,0.35489786,-0.79660392,-0.15649378,-0.5838939,0
3.1911111,-1.7614491,-3.7390141,0.54872245,-0.59245491,-0.58983147,0
-3.8114455,1.5334892,3.3908877,-0.54872245,0.59245491,0.58983147,0
-3.2251315,0.22548556,2.4384332,-0.25362587,-0.79025757,0.55782348,0
1.8735535,-0.019418597,0.018083692,0.79660392,0.15649378,0.5838939,0
0.67163432,-4.0620699,-1.863919,-0.25362587,-0.79025757,0.55782348,0
2.9912796,-0.91147363,-3.5165849,0.25362587,0.79025757,-0.55782348,0
-1.9040416,-1.4830533,0.61864036,-0.25362587,-0.79025757,0.55782348,0
0.5660761,-1.3189811,-2.9877455,-0.79660392,-0.15649378,-0.5838939,0
-1.5444703,4.1017661,2.9201636,-0.54872245,0.59245491,0.58983147,0
2.5811257,-2.8870044,-0.17869115,0.79660392,0.15649378,0.5838939,0
0.75955141,-4.4460764,-2.4135871,-0.79660392,-0.15649378,-0.5838939,0
2.2834139,-3.5464404,-0.40060782,-0.25362587,-0.79025757,0.55782348,0
2.8823617,0.21915078,-1.4221697,0.79660392,0.15649378,0.5838939,0
-2.2470982,3.7240121,0.66868162,0.25362587,0.79025757,-0.55782348,0
4.2515631,-1.6617457,-2.8526173,0.54872245,-0.59245491,-0.58983147,0
3.340698,-1.4461459,-3.9165583,0.54872245,-0.59245491,-0.58983147,0
-1.6824243,0.24460804,-0.33919513,-0.79660392,-0.15649378,-0.5838939,0
2.6811075,-1.6135639,-4.3620152,0.54872245,-0.59245491,-0.58983147,0
0.76804006,-4.2432346,-2.0767384,-0.25362587,-0.79025757,0.55782348,0
3.1929932,0.022650003,-2.1015165,0.25362587,0.79025757,-0.55782348,0
2.7296221,-1.6931823,-0.70124936,0.79660392,0.15649378,0.5838939,0
-3.8546216,2.6268439,2.2525034,-0.54872245,0.59245491,0.58983147,0
-1.5986073,4.5020256,2.0657282,0.25362587,0.79025757,-0.55782348,0
-3.1480875,3.7670372,1.7645297,-0.54872245,0.59245491,0.58983147,0
1.4303384,-3.8665397,-3.2626133,0.54872245,-0.59245491,-0.58983147,0
1.9685766,-1.9962318,-4.6405149,0.54872245,-0.59245491,-0.58983147,0
-1.1702954,-0.057791591,-0.95684218,-0.79660392,-0.15649378,-0.5838939,0
1.6681861,0.87786865,0.057777226,0.79660392,0.15649378,0.5838939,0
2.5494828,-3.862108,-2.2259202,0.54872245,-0.59245491,-0.58983147,0
-0.36424279,-1.6764506,1.0447589,-0.25362587,-0.79025757,0.55782348,0
3.2430041,-4.3270416,-1.1137328,0.54872245,-0.59245491,-0.58983147,0
-0.48521602,-0.8072083,-1.6906362,-0.79660392,-0.15649378,-0.5838939,0
2.093852,-0.96833599,-4.0051742,0.25362587,0.79025757,-0.55782348,0
-2.4042184,3.739871,0.61971068,0.25362587,0.79025757,-0.55782348,0
1.4643267,-4.6588235,-2.4351859,0.54872245,-0.59245491,-0.58983147,0
-3.4817574,3.8059084,1.415071,-0.54872245,0.59245491,0.58983147,0
-1.7459877,-1.1429474,1.1723242,-0.25362587,-0.79025757,0.55782348,0
0.42370987,0.6425088,-2.4824862,0.25362587,0.79025757,-0.55782348,0
0.66803265,0.3760705,1.5567726,0.79660392,0.15649378,0.5838939,0
2.0030272,-2.4555197,-4.1471353,0.54872245,-0.59245491,-0.58983147,0
-3.9537499,1.9635968,2.8264809,-0.54872245,0.59245491,0.58983147,0
3.579185,-1.3928764,-3.748199,0.54872245,-0.59245491,-0.58983147,0
-1.9443839,0.75727224,3.7741232,-0.25362587,-0.79025757,0.55782348,0
1.9953985,-4.229722,-1.4995522,-0.25362587,-0.79025757,0.55782348,0
2.8568814,-1.0145044,-3.7236538,0.25362587,0.79025757,-0.55782348,0
-1.7023978,3.9285643,1.206126,0.25362587,0.79025757,-0.55782348,0
0.99759817,-2.5605478,-3.2437079,-0.79660392,-0.15649378,-0.5838939,0
1.7116864,-4.5386791,-2.3257456,0.54872245,-0.59245491,-0.58983147,0
-2.5786963,-0.75596011,1.1517544,-0.79660392,-0.15649378,-0.5838939,0
-0.50316471,-0.72990549,-1.6868672,-0.79660392,-0.15649378,-0.5838939,0
-1.8218518,0.75729829,-0.28638464,-0.79660392,-0.15649378,-0.5838939,0
-1.0510981,-0.97020775,1.7329867,-0.25362587,-0.79025757,0.55782348,0
1.0252235,-2.2585745,0.85182452,-0.25362587,-0.79025757,0.55782348,0
-3.2375994,0.52671468,2.8595102,-0.25362587,-0.79025757,0.55782348,0
-3.0630867,2.9543173,2.6599412,-0.54872245,0.59245491,0.58983147,0
4.0622683,-1.2682139,-3.4240017,0.54872245,-0.59245491,-0.58983147,0
2.3990366,-3.030103,-3.2015867,0.54872245,-0.59245491,-0.58983147,0
1.901659,-0.048942566,-0.012347341,0.79660392,0.15649378,0.5838939,0
-0.016791821,0.90719837,-2.3077888,0.25362587,0.79025757,-0.55782348,0
3.5323553,-3.8373809,-1.3363867,0.54872245,-0.59245491,-0.58983147,0
-0.23695838,1.796488,-1.1480527,0.25362587,0.79025757,-0.55782348,0
3.6792417,-2.1701882,-1.8689647,0.79660392,0.15649378,0.5838939,0
-2.6584599,0.654383,3.3036926,-0.25362587,-0.79025757,0.55782348,0
2.0870736,-0.88325733,-3.8877273,0.25362587,0.79025757,-0.55782348,0
2.6130691,-4.2225828,-1.804688,0.54872245,-0.59245491,-0.58983147,0
0.049462318,-0.72286147,2.5837893,-0.25362587,-0.79025757,0.55782348,0
2.0787005,-2.290854,-4.2421341,0.54872245,-0.59245491,-0.58983147,0
-1.3158107,-0.20269886,2.6999443,-0.25362587,-0.79025757,0.55782348,0
3.8220201,-1.7868443,-3.1265678,0.54872245,-0.59245491,-0.58983147,0
4.0076914,-2.2702677,-2.4682641,0.54872245,-0.59245491,-0.58983147,0
0.4166975,-0.44617343,-3.0178769,-0.79660392,-0.15649378,-0.5838939,0
-1.8918486,0.51342958,3.4525626,-0.25362587,-0.79025757,0.55782348,0
-0.32938087,-2.8823838,-0.64781201,-0.25362587,-0.79025757,0.55782348,0
1.2169266,2.1438494,0.0050852895,0.25362587,0.79025757,-0.55782348,0
0.52156937,1.4441817,1.4703196,0.79660392,0.15649378,0.5838939,0
-1.7128689,0.95953143,-0.48927176,-0.79660392,-0.15649378,-0.5838939,0
1.1700146,0.95990747,-1.693511,0.25362587,0.79025757,-0.55782348,0
3.5736001,-0.91006088,-3.2498202,0.25362587,0.79025757,-0.55782348,0
3.557724,-3.1022718,-2.0511651,0.54872245,-0.59245491,-0.58983147,0
0.95766282,0.26566839,1.1912214,0.79660392,0.15649378,0.5838939,0
-0.63276833,-0.95607114,-1.4494333,-0.79660392,-0.15649378,-0.5838939,0
2.994555,-3.6199489,-0.54628897,0.79660392,0.15649378,0.5838939,0
2.4648976,0.040032387,-2.4079349,0.25362587,0.79025757,-0.55782348,0
2.755034,-2.7074418,-0.46407914,0.79660392,0.15649378,0.5838939,0
3.7289906,-1.8063796,-3.193491,0.54872245,-0.59245491,-0.58983147,0
-3.3648286,1.5597754,3.7799735,-0.54872245,0.59245491,0.58983147,0
-2.0052562,1.3094571,4.5287161,-0.25362587,-0.79025757,0.55782348,0
0.17306256,3.081012,0.85813165,0.25362587,0.79025757,-0.55782348,0
3.3172336,-1.8457968,-1.4620214,0.79660392,0.15649378,0.5838939,0
-2.0442441,-1.2817661,0.56352878,-0.79660392,-0.15649378,-0.5838939,0
1.3077853,-2.9670272,-3.5579515,-0.79660392,-0.15649378,-0.5838939,0
1.0542004,-4.1204224,-1.7726426,-0.25362587,-0.79025757,0.55782348,0
-0.35613465,3.3815908,1.0433455,0.25362587,0.79025757,-0.55782348,0
-3.7001247,3.1465762,1.635767,-0.79660392,-0.15649378,-0.5838939,0
3.07408,-4.1013508,-1.4975777,0.54872245,-0.59245491,-0.58983147,0
-3.3688281,0.50790966,2.7732036,-0.25362587,-0.79025757,0.55782348,0
-0.2270242,3.5075462,1.2804868,0.25362587,0.79025757,-0.55782348,0
-1.8669424,4.511385,2.2087264,-0.54872245,0.59245491,0.58983147,0
2.3472047,-2.6430676,0.075067282,0.79660392,0.15649378,0.5838939,0
-0.21876514,-2.7736349,-1.5271175,-0.79660392,-0.15649378,-0.5838939,0
-2.3468938,1.9434005,0.1120317,-0.79660392,-0.15649378,-0.5838939,0
-1.6431413,4.4527535,1.9756765,0.25362587,0.79025757,-0.55782348,0
-2.3625376,2.0069056,0.11635399,-0.79660392,-0.15649378,-0.5838939,0
-1.2264191,-2.3053737,-0.27788162,-0.79660392,-0.15649378,-0.5838939,0
0.32495904,1.5993561,-1.1718385,0.25362587,0.79025757,-0.55782348,0
-0.11416578,2.7154686,0.20967901,0.25362587,0.79025757,-0.55782348,0
0.69588661,-0.13631785,1.6561007,0.79660392,0.15649378,0.5838939,0
-2.3241229,4.1555166,2.1408601,-0.54872245,0.59245491,0.58983147,0
2.7432642,-3.8877645,-2.0198746,0.54872245,-0.59245491,-0.58983147,0
-1.9416337,3.4823527,3.1728492,-0.54872245,0.59245491,0.58983147,0
-0.2215693,-1.5024376,1.356149,-0.25362587,-0.79025757,0.55782348,0
0.71728629,-1.5601085,-3.1294148,-0.79660392,-0.15649378,-0.5838939,0
4.0518665,-1.7750213,-2.9246168,0.54872245,-0.59245491,-0.58983147,0
-2.2460048,1.0163391,4.0039997,-0.25362587,-0.79025757,0.55782348,0
1.611944,0.82604861,-1.6822143,0.25362587,0.79025757,-0.55782348,0
1.3354479,-3.5527072,-3.4387188,-0.79660392,-0.15649378,-0.5838939,0
0.37059999,0.030740261,-3.0828071,-0.79660392,-0.15649378,-0.5838939,0
1.9394987,-0.41593936,-3.2927847,0.25362587,0.79025757,-0.55782348,0
1.8643649,-0.85049546,0.25336289,0.79660392,0.15649378,0.5838939,0
-1.2653595,3.7266924,3.2964659,0.79660392,0.15649378,0.5838939,0
2.7413869,-3.7464182,-2.1635957,0.54872245,-0.59245491,-0.58983147,0
0.73180747,-2.8421292,-0.10829329,-0.25362587,-0.79025757,0.55782348,0
3.6836109,-1.2388991,-2.1245272,0.79660392,0.15649378,0.5838939,0
-0.61314249,3.7068882,1.3873341,0.25362587,0.79025757,-0.55782348,0
1.0377421,-0.74311101,1.3523396,0.79660392,0.15649378,0.5838939,0
-3.1724968,0.28468603,2.5462332,-0.25362587,-0.79025757,0.55782348,0
3.751328,-1.9197557,-3.0588307,0.54872245,-0.59245491,-0.58983147,0
3.5590014,-0.3865993,-2.1829543,0.79660392,0.15649378,0.5838939,0
0.46585178,2.0478542,-0.47240055,0.25362587,0.79025757,-0.55782348,0
-2.8445244,4.2928467,1.5187869,-0.54872245,0.59245491,0.58983147,0
-1.6422405,-1.6376059,0.11044788,-0.79660392,-0.15649378,-0.5838939,0
-3.7163534,3.2481914,1.7570224,-0.54872245,0.59245491,0.58983147,0
-1.3143189,3.3911476,0.62122655,0.25362587,0.79025757,-0.55782348,0
-2.1542697,-0.68585217,0.55392098,-0.79660392,-0.15649378,-0.5838939,0
-1.7260988,0.56540447,3.6015556,-0.25362587,-0.79025757,0.55782348,0
1.7597358,-2.3400402,-4.3425889,-0.79660392,-0.15649378,-0.5838939,0
-0.50510073,3.4391043,1.0570929,0.25362587,0.79025757,-0.55782348,0
2.8754122,-4.2785649,-1.5043974,0.54872245,-0.59245491,-0.58983147,0
-2.9981928,2.9636259,2.7109618,-0.54872245,0.59245491,0.58983147,0
-3.2731206,2.4143322,3.0069327,-0.54872245,0.59245491,0.58983147,0
2.1649532,-4.0605931,-2.3842816,0.54872245,-0.59245491,-0.58983147,0
2.1371489,-4.1417489,-1.310472,-0.25362587,-0.79025757,0.55782348,0
-1.0092926,-1.617065,0.83560413,-0.25362587,-0.79025757,0.55782348,0
-2.7445014,1.846547,4.0690203,-0.54872245,0.59245491,0.58983147,0
1.8453766,0.68803537,-0.13308442,0.79660392,0.15649378,0.5838939,0
0.92944431,-0.83243775,-3.613889,-0.79660392,-0.15649378,-0.5838939,0
-3.2239552,3.5161366,0.8870821,-0.79660392,-0.15649378,-0.5838939,0
4.038362,-2.3073764,-2.4024572,0.54872245,-0.59245491,-0.58983147,0
0.63406301,1.6174085,-1.0057235,0.25362587,0.79025757,-0.55782348,0
-2.362746,1.6943791,4.5770135,-0.54872245,0.59245491,0.58983147,0
2.8482413,-4.2869382,-1.1928463,-0.25362587,-0.79025757,0.55782348,0
-2.28251,-0.95883441,0.80204225,-0.79660392,-0.15649378,-0.5838939,0
-3.2462895,0.86465269,3.3343086,-0.25362587,-0.79025757,0.55782348,0
1.7738032,-4.2879453,-1.6827879,-0.25362587,-0.79025757,0.55782348,0
3.1226797,-4.0197992,-1.5342808,0.54872245,-0.59245491,-0.58983147,0
0.15014219,2.0285811,1.8204267,0.79660392,0.15649378,0.5838939,0
-1.6864064,-1.2109594,1.1030626,-0.25362587,-0.79025757,0.55782348,0
0.38099724,-1.7454016,-2.620955,-0.79660392,-0.15649378,-0.5838939,0
-1.7141843,0.12968734,2.9897008,-0.25362587,-0.79025757,0.55782348,0
3.1222081,-4.0482082,-1.5061836,0.54872245,-0.59245491,-0.58983147,0
-2.0130885,4.3646555,2.2201476,-0.54872245,0.59245491,0.58983147,0
2.8076038,-4.0134006,-1.8338242,0.54872245,-0.59245491,-0.58983147,0
1.4912224,-3.454977,-3.6193657,0.54872245,-0.59245491,-0.58983147,0
1.2700531,-1.1171781,1.1356554,0.79660392,0.15649378,0.5838939,0
-0.42740083,-1.2224089,1.6592751,-0.25362587,-0.79025757,0.55782348,0
2.8337572,-1.4428144,-0.9104228,0.79660392,0.15649378,0.5838939,0
1.2071176,1.0811089,-1.504938,0.25362587,0.79025757,-0.55782348,0
-3.600261,2.7198048,1.6139054,-0.79660392,-0.15649378,-0.5838939,0
3.0217097,-2.7052794,-2.9485798,0.54872245,-0.59245491,-0.58983147,0
-2.7282648,1.6454666,4.2860999,-0.54872245,0.59245491,0.58983147,0
-1.9662023,0.13939464,0.076160789,-0.79660392,-0.15649378,-0.5838939,0
-2.3766661,2.1031468,0.10983515,-0.79660392,-0.15649378,-0.5838939,0
0.79655254,-1.4379292,-3.270303,-0.79660392,-0.15649378,-0.5838939,0
1.4580157,0.92453384,-1.6126788,0.25362587,0.79025757,-0.55782348,0
1.4805665,-2.8259583,-3.8314843,-0.79660392,-0.15649378,-0.5838939,0
2.6925902,-3.4486945,-2.5080395,0.54872245,-0.59245491,-0.58983147,0
2.1941376,-2.099582,-4.3268647,0.54872245,-0.59245491,-0.58983147,0
0.42347097,2.7794037,1.2462919,0.79660392,0.15649378,0.5838939,0
0.97404575,0.15453476,-2.9235682,0.25362587,0.79025757,-0.55782348,0
2.1235867,-3.7614269,-2.7232618,0.54872245,-0.59245491,-0.58983147,0
-1.543689,2.7874079,-0.33836758,0.25362587,0.79025757,-0.55782348,0
2.890378,-2.3611341,-3.4164348,0.54872245,-0.59245491,-0.58983147,0
2.0751793,-3.1608644,0.050952196,-0.25362587,-0.79025757,0.55782348,0
-3.2132297,0.15231442,2.3401845,-0.25362587,-0.79025757,0.55782348,0
0.6888665,-2.0929561,0.93352139,-0.25362587,-0.79025757,0.55782348,0
0.37569165,3.0327859,1.243567,0.79660392,0.15649378,0.5838939,0
-0.18353605,1.8659396,-1.0253723,0.25362587,0.79025757,-0.55782348,0
-3.1811361,1.8620522,3.6472435,-0.54872245,0.59245491,0.58983147,0
-1.6467563,2.0405278,-0.86919487,-0.79660392,-0.15649378,-0.5838939,0
-3.7951136,1.592418,2.1819015,-0.79660392,-0.15649378,-0.5838939,0
1.6022699,-3.7342834,-3.2355094,0.54872245,-0.59245491,-0.58983147,0
-1.552603,4.6209493,2.3911052,-0.54872245,0.59245491,0.58983147,0
-2.3818085,2.7624192,3.4864888,-0.54872245,0.59245491,0.58983147,0
-2.3021648,3.1323159,-0.19459987,0.25362587,0.79025757,-0.55782348,0
-0.99458826,1.6752944,-1.661056,-0.79660392,-0.15649378,-0.5838939,0
2.2597122,-4.5078683,-1.8468623,0.54872245,-0.59245491,-0.58983147,0
-2.2900572,0.55132782,3.3251979,-0.25362587,-0.79025757,0.55782348,0
3.6255863,-3.4264064,-1.459075,0.79660392,0.15649378,0.5838939,0
-3.4027538,2.8298159,1.3149624,-0.79660392,-0.15649378,-0.5838939,0
-3.6121907,2.3376384,2.7685294,-0.54872245,0.59245491,0.58983147,0
2.6526983,-3.3618245,-2.6324072,0.54872245,-0.59245491,-0.58983147,0
-1.562301,-1.432377,-0.053617682,-0.79660392,-0.15649378,-0.5838939,0
-3.5668778,1.7266271,1.8345499,-0.79660392,-0.15649378,-0.5838939,0
-2.1100907,1.0487535,4.1117172,-0.25362587,-0.79025757,0.55782348,0
-3.8786929,0.69822264,2.8109961,-0.25362587,-0.79025757,0.55782348,0
-0.95714974,3.4342589,2.9543543,0.79660392,0.15649378,0.5838939,0
2.3235331,-4.2579184,-2.0385504,0.54872245,-0.59245491,-0.58983147,0
-0.67333257,0.27328324,3.4143403,0.79660392,0.15649378,0.5838939,0
0.83847117,1.0465996,-1.721439,0.25362587,0.79025757,-0.55782348,0
-2.6186585,1.3417399,0.64405417,-0.79660392,-0.15649378,-0.5838939,0
3.2202172,-1.9198976,-1.3098025,0.79660392,0.15649378,0.5838939,0
1.077338,-2.96573,-0.12629342,-0.25362587,-0.79025757,0.55782348,0
-1.1479566,-0.88815892,1.805185,-0.25362587,-0.79025757,0.55782348,0
-1.016319,-2.3000953,-0.13522637,-0.25362587,-0.79025757,0.55782348,0
-1.0361128,-0.54286933,-1.0098977,-0.79660392,-0.15649378,-0.5838939,0
2.0926509,-0.41242003,-3.2181656,0.25362587,0.79025757,-0.55782348,0
1.6463635,-2.8287826,0.32643604,-0.25362587,-0.79025757,0.55782348,0
-3.5821145,1.7696245,3.3670502,-0.54872245,0.59245491,0.58983147,0
-2.2090468,2.9627974,3.4459395,-0.54872245,0.59245491,0.58983147,0
-3.1346576,3.50279,2.0424457,-0.54872245,0.59245491,0.58983147,0
-0.55790496,0.65360022,3.1549315,0.79660392,0.15649378,0.5838939,0
-3.4626942,1.6830767,3.5650802,-0.54872245,0.59245491,0.58983147,0
-2.3153999,0.6019913,3.3854494,-0.25362587,-0.79025757,0.55782348,0
-0.80582333,4.2738376,2.5228786,0.79660392,0.15649378,0.5838939,0
-3.2249904,2.0615542,3.406055,-0.54872245,0.59245491,0.58983147,0
-2.0410507,2.9053733,3.6599069,-0.54872245,0.59245491,0.58983147,0
-2.2534201,3.2682829,3.097815,-0.54872245,0.59245491,0.58983147,0
-3.0107439,0.22442758,2.5344102,-0.25362587,-0.79025757,0.55782348,0
-3.1428523,3.1645324,2.3745847,-0.54872245,0.59245491,0.58983147,0
1.4394209,-3.5111289,-3.591712,-0.79660392,-0.15649378,-0.5838939,0
3.558481,-0.34496999,-2.1934023,0.79660392,0.15649378,0.5838939,0
1.1345448,-2.8635607,0.044458151,-0.25362587,-0.79025757,0.55782348,0
-2.1311069,0.52483535,3.359937,-0.25362587,-0.79025757,0.55782348,0
-0.70081055,0.95013452,3.2704201,0.79660392,0.15649378,0.5838939,0
-4.2358885,1.6931437,2.8356624,-0.54872245,0.59245491,0.58983147,0
1.0676532,1.3379809,-1.2044425,0.25362587,0.79025757,-0.55782348,0
1.4984764,-4.5445499,-2.1714988,-0.25362587,-0.79025757,0.55782348,0
1.0999684,-0.2219075,-3.3996134,0.25362587,0.79025757,-0.55782348,0
-0.77212358,1.4899977,3.2230198,0.79660392,0.15649378,0.5838939,0
1.3589725,-0.21827948,-3.2767112,0.25362587,0.79025757,-0.55782348,0
-3.6286006,2.4193146,2.6712227,-0.54872245,0.59245491,0.58983147,0
-2.1321316,2.4736433,4.0088248,-0.54872245,0.59245491,0.58983147,0
1.4990978,0.22872448,0.46244544,0.79660392,0.15649378,0.5838939,0
-1.7721335,1.3225176,-0.50570393,-0.79660392,-0.15649378,-0.5838939,0
3.8132124,-1.835901,-3.0854874,0.54872245,-0.59245491,-0.58983147,0
1.3616656,-0.73953921,0.90945506,0.79660392,0.15649378,0.5838939,0
-2.0044675,1.2325267,-0.16461253,-0.79660392,-0.15649378,-0.5838939,0
-0.26568377,2.4092617,2.2857075,0.79660392,0.15649378,0.5838939,0
-3.7590783,2.6721339,2.2958965,-0.54872245,0.59245491,0.58983147,0
2.3859034,-0.66337395,-0.5083214,0.79660392,0.15649378,0.5838939,0
0.45077801,1.9489406,1.4316157,0.79660392,0.15649378,0.5838939,0
-1.9089873,1.4327109,4.747098,-0.25362587,-0.79025757,0.55782348,0
-2.5943036,3.110888,2.9387851,-0.54872245,0.59245491,0.58983147,0
2.6228812,-1.6976612,-4.3317122,0.54872245,-0.59245491,-0.58983147,0
3.1432607,-3.4975729,-0.78196621,0.79660392,0.15649378,0.5838939,0
0.68239498,0.82774836,-2.1024446,0.25362587,0.79025757,-0.55782348,0
4.2599854,-1.1054447,-2.946641,0.79660392,0.15649378,0.5838939,0
-1.9806551,1.1693161,-0.18015814,-0.79660392,-0.15649378,-0.5838939,0
0.82325655,-2.3097172,-3.0730808,-0.79660392,-0.15649378,-0.5838939,0
3.0233917,-3.6800954,-1.9678631,0.54872245,-0.59245491,-0.58983147,0
-3.2144716,1.9011098,3.5770006,-0.54872245,0.59245491,0.58983147,0
-3.1160049,2.2653475,3.3027458,-0.54872245,0.59245491,0.58983147,0
-1.8658625,2.3912106,4.339335,-0.54872245,0.59245491,0.58983147,0
-3.2688177,2.7157347,1.1628094,-0.79660392,-0.15649378,-0.5838939,0
2.6446519,-4.2790756,-1.2742739,-0.25362587,-0.79025757,0.55782348,0
2.1780527,-0.3536005,-0.30777621,0.79660392,0.15649378,0.5838939,0
1.5871899,-2.5413933,0.70667017,-0.25362587,-0.79025757,0.55782348,0
-0.88563132,4.350008,2.1745372,0.25362587,0.79025757,-0.55782348,0
0.18526578,-1.7314532,1.216683,-0.25362587,-0.79025757,0.55782348,0
0.17330743,1.6120925,1.9004489,0.79660392,0.15649378,0.5838939,0
-1.6205105,3.8730564,3.0791507,-0.54872245,0.59245491,0.58983147,0
1.5395288,-3.556313,-0.75281692,-0.25362587,-0.79025757,0.55782348,0
-3.0716157,2.5724471,3.0355759,-0.54872245,0.59245491,0.58983147,0
2.4114032,-3.9727378,-0.94634151,-0.25362587,-0.79025757,0.55782348,0
3.3491209,-3.2210586,-2.1259141,0.54872245,-0.59245491,-0.58983147,0
-0.073612809,0.89694309,-2.3481519,0.25362587,0.79025757,-0.55782348,0
-0.69437337,-2.2412238,-1.0209427,-0.79660392,-0.15649378,-0.5838939,0
-0.11394554,-2.3899398,-1.7729597,-0.79660392,-0.15649378,-0.5838939,0
-4.0895491,0.90722895,3.0112209,-0.25362587,-0.79025757,0.55782348,0
1.5545479,1.8207202,-0.039887846,0.79660392,0.15649378,0.5838939,0
2.6585495,-0.88572937,-0.82069612,0.79660392,0.15649378,0.5838939,0
-1.7581251,3.7305558,3.0942612,-0.54872245,0.59245491,0.58983147,0
1.7842543,-3.9989178,-2.8003969,0.54872245,-0.59245491,-0.58983147,0
-1.4126728,3.8370028,3.3087163,-0.54872245,0.59245491,0.58983147,0
0.44349933,0.45796806,-2.7349238,0.25362587,0.79025757,-0.55782348,0
2.5709896,-2.8840914,-3.1882796,0.54872245,-0.59245491,-0.58983147,0
-2.7779286,2.3860683,3.4960012,-0.54872245,0.59245491,0.58983147,0
3.4243977,-3.1791241,-2.0980048,0.54872245,-0.59245491,-0.58983147,0
-2.8693366,0.63466549,3.1798801,-0.25362587,-0.79025757,0.55782348,0
-1.5536985,0.6399157,3.7854991,-0.25362587,-0.79025757,0.55782348,0
-3.3361301,1.433674,3.9333348,-0.54872245,0.59245491,0.58983147,0
1.3839481,-0.70853949,-3.9598982,0.25362587,0.79025757,-0.55782348,0
2.1674669,-3.7956028,-2.6481123,0.54872245,-0.59245491,-0.58983147,0
1.5375496,-1.6386945,-4.2274342,-0.79660392,-0.15649378,-0.5838939,0
0.61583853,-1.993101,-2.8749602,-0.79660392,-0.15649378,-0.5838939,0
-2.6965256,1.5992203,4.3620791,-0.54872245,0.59245491,0.58983147,0
4.2583814,-1.1755004,-2.9256754,0.79660392,0.15649378,0.5838939,0
-0.70704055,-2.2797453,0.034223199,-0.25362587,-0.79025757,0.55782348,0
-1.8191683,3.7785833,2.9892306,-0.54872245,0.59245491,0.58983147,0
-2.3571317,-0.32333314,0.73352337,-0.79660392,-0.15649378,-0.5838939,0
2.8356705,-3.9077787,-1.913805,0.54872245,-0.59245491,-0.58983147,0
-2.2615774,2.8146241,3.5459032,-0.54872245,0.59245491,0.58983147,0
3.9140573,-2.7569382,-2.0665369,0.54872245,-0.59245491,-0.58983147,0
-2.8620186,2.7797961,0.59064531,-0.79660392,-0.15649378,-0.5838939,0
-3.4344637,1.4879313,3.7873559,-0.54872245,0.59245491,0.58983147,0
2.7532792,-2.5096436,-3.3948078,0.54872245,-0.59245491,-0.58983147,0
1.9952391,0.085886598,-0.17615497,0.79660392,0.15649378,0.5838939,0
-2.7924166,2.2157135,3.653636,-0.54872245,0.59245491,0.58983147,0
2.4669032,-0.41754973,-0.68471467,0.79660392,0.15649378,0.5838939,0
1.7604421,1.6257552,-0.26853406,0.79660392,0.15649378,0.5838939,0
-2.4527998,-0.50439847,0.91257119,-0.79660392,-0.15649378,-0.5838939,0
1.3503166,-2.0492175,-3.8619657,-0.79660392,-0.15649378,-0.5838939,0
-2.6109521,2.8983963,3.1367335,-0.54872245,0.59245491,0.58983147,0
0.49136031,-2.4084473,0.39677083,-0.25362587,-0.79025757,0.55782348,0
1.676389,1.1223869,-1.2330961,0.25362587,0.79025757,-0.55782348,0
0.87101436,-4.066277,-2.667448,-0.79660392,-0.15649378,-0.5838939,0
-2.5169554,2.1196012,4.0064383,-0.54872245,0.59245491,0.58983147,0
-1.8145485,2.5558424,4.2217093,-0.54872245,0.59245491,0.58983147,0
-2.0907931,4.0015507,2.5125785,-0.54872245,0.59245491,0.58983147,0
-2.0587382,-1.0950655,1.0979587,-0.25362587,-0.79025757,0.55782348,0
-2.8095605,-0.41933358,1.7138782,-0.25362587,-0.79025757,0.55782348,0
2.8244612,-2.3598013,-3.4790959,0.54872245,-0.59245491,-0.58983147,0
-1.5457525,1.350337,4.3159103,0.79660392,0.15649378,0.5838939,0
-2.8121705,2.7385578,3.1100888,-0.54872245,0.59245491,0.58983147,0
2.6335039,-0.68980777,-0.83903718,0.79660392,0.15649378,0.5838939,0
0.56471944,0.81455576,-2.1746378,0.25362587,0.79025757,-0.55782348,0
2.7850306,-3.4572923,-2.4134054,0.54872245,-0.59245491,-0.58983147,0
3.9573252,-1.9056518,-2.8813572,0.54872245,-0.59245491,-0.58983147,0
-0.8596952,-0.26187134,2.8234982,-0.25362587,-0.79025757,0.55782348,0
-2.0473959,3.2361603,0.068350077,0.25362587,0.79025757,-0.55782348,0
-2.7860863,3.4122562,0.31754112,-0.79660392,-0.15649378,-0.5838939,0
-2.6465535,2.7635808,3.2390289,-0.54872245,0.59245491,0.58983147,0
-0.12977076,-0.53500539,2.768429,-0.25362587,-0.79025757,0.55782348,0
0.76603824,-4.0764928,-2.521492,-0.79660392,-0.15649378,-0.5838939,0
-0.51483464,2.8883114,0.2723701,0.25362587,0.79025757,-0.55782348,0
-3.3077781,1.2629205,3.8705697,-0.25362587,-0.79025757,0.55782348,0
2.0783207,-1.2776988,0.075961709,0.79660392,0.15649378,0.5838939,0
0.56106162,-4.1795149,-2.2142315,-0.79660392,-0.15649378,-0.5838939,0
-0.848526,3.0441451,2.910717,0.79660392,0.15649378,0.5838939,0
4.1484265,-1.2203717,-2.763639,0.79660392,0.15649378,0.5838939,0
-1.2820051,4.0959778,3.1701488,-0.54872245,0.59245491,0.58983147,0
0.71261358,1.0377828,-1.7911532,0.25362587,0.79025757,-0.55782348,0
1.7337297,-0.54534698,0.34980279,0.79660392,0.15649378,0.5838939,0
-2.8417621,2.7399793,3.0811315,-0.54872245,0.59245491,0.58983147,0
-3.3901653,4.052381,1.2527108,-0.54872245,0.59245491,0.58983147,0
1.3753234,0.70216238,0.50442076,0.79660392,0.15649378,0.5838939,0
-0.80244768,3.8766434,1.5417519,0.25362587,0.79025757,-0.55782348,0
-1.5664964,3.8570666,1.1666272,0.25362587,0.79025757,-0.55782348,0
2.4238698,-4.1328087,-2.0708742,0.54872245,-0.59245491,-0.58983147,0
2.5188355,-3.1904454,-2.9290819,0.54872245,-0.59245491,-0.58983147,0
1.1775582,-3.2231579,-0.44542003,-0.25362587,-0.79025757,0.55782348,0
-2.4214451,3.1784189,3.0317645,-0.54872245,0.59245491,0.58983147,0
3.1863198,-3.5447741,-0.82806063,0.79660392,0.15649378,0.5838939,0
1.0260915,-0.34281862,1.2609494,0.79660392,0.15649378,0.5838939,0
-2.866914,3.2149937,2.580605,-0.54872245,0.59245491,0.58983147,0
1.7844908,-2.9109035,-3.8930306,0.54872245,-0.59245491,-0.58983147,0
-0.6910755,2.4968147,2.842602,0.79660392,0.15649378,0.5838939,0
-0.11381412,0.044617414,-2.4256425,-0.79660392,-0.15649378,-0.5838939,0
-1.4363501,-1.1756974,-0.29424676,-0.79660392,-0.15649378,-0.5838939,0
-1.8645796,4.1233745,1.408371,0.25362587,0.79025757,-0.55782348,0
-0.81445479,0.66360527,-1.6356609,-0.79660392,-0.15649378,-0.5838939,0
1.0926541,-4.4933939,-2.2835417,-0.25362587,-0.79025757,0.55782348,0
2.1713715,-3.4608521,-0.33029938,-0.25362587,-0.79025757,0.55782348,0
0.67891252,-1.5028403,1.7650012,-0.25362587,-0.79025757,0.55782348,0
3.5949225,-2.1561515,-1.7576914,0.79660392,0.15649378,0.5838939,0
-1.036325,2.3436604,-0.73633254,0.25362587,0.79025757,-0.55782348,0
-3.5935717,2.3697801,2.7535667,-0.54872245,0.59245491,0.58983147,0
2.7006183,-1.1733459,-4.0197296,0.25362587,0.79025757,-0.55782348,0
1.2683239,0.069619834,-2.9100654,0.25362587,0.79025757,-0.55782348,0
-2.4026291,1.9183621,0.19478178,-0.79660392,-0.15649378,-0.5838939,0
-0.72453904,-1.1712143,1.596701,-0.25362587,-0.79025757,0.55782348,0
-2.0246186,1.2281539,-0.1359483,-0.79660392,-0.15649378,-0.5838939,0
-1.4170851,-0.75220871,-0.43403208,-0.79660392,-0.15649378,-0.5838939,0
-3.2848573,1.6037694,3.8101821,-0.54872245,0.59245491,0.58983147,0
1.8299469,-4.6220698,-2.130609,-0.25362587,-0.79025757,0.55782348,0
3.318861,0.03455174,-1.9682086,0.79660392,0.15649378,0.5838939,0
0.69723332,2.0391805,-0.37948573,0.25362587,0.79025757,-0.55782348,0
3.5742192,-3.4001086,-1.7366576,0.54872245,-0.59245491,-0.58983147,0
0.48067117,-3.4330523,-1.0596271,-0.25362587,-0.79025757,0.55782348,0
-3.2474852,2.7448487,1.1259027,-0.79660392,-0.15649378,-0.5838939,0
2.1982877,-4.4137964,-1.9984965,0.54872245,-0.59245491,-0.58983147,0
1.4185629,-1.3525459,-4.1417937,-0.79660392,-0.15649378,-0.5838939,0
-0.45684403,0.21855378,-2.004266,-0.79660392,-0.15649378,-0.5838939,0
0.32989097,-1.4369742,1.6996226,-0.25362587,-0.79025757,0.55782348,0
-1.5961655,3.4580717,0.58788896,0.25362587,0.79025757,-0.55782348,0
-1.134197,0.52926648,3.8194797,-0.25362587,-0.79025757,0.55782348,0
-0.36001813,1.6659422,-1.3889461,0.25362587,0.79025757,-0.55782348,0
-2.8454528,2.3026385,0.6959312,-0.79660392,-0.15649378,-0.5838939,0
0.8065834,-3.7615314,-2.6612229,-0.79660392,-0.15649378,-0.5838939,0
3.8037949,-1.4399437,-3.4919667,0.54872245,-0.59245491,-0.58983147,0
-1.2294905,3.3495946,0.60092807,0.25362587,0.79025757,-0.55782348,0
-2.2495584,1.1223272,0.1992991,-0.79660392,-0.15649378,-0.5838939,0
2.5431471,-3.5548303,-2.5404596,0.54872245,-0.59245491,-0.58983147,0
1.5892987,0.66457713,-1.9212636,0.25362587,0.79025757,-0.55782348,0
-2.1239562,-0.4288789,2.0120797,-0.25362587,-0.79025757,0.55782348,0
-1.6068532,2.4231744,-0.88308895,0.25362587,0.79025757,-0.55782348,0
-1.3253279,4.5863795,2.6372633,-0.54872245,0.59245491,0.58983147,0
-0.062368751,2.0152822,-0.7587105,0.25362587,0.79025757,-0.55782348,0
-1.7625312,4.2248144,2.5937047,-0.54872245,0.59245491,0.58983147,0
0.081799075,1.3908228,2.0845973,0.79660392,0.15649378,0.5838939,0
0.18872011,-3.7820394,-1.6867709,-0.25362587,-0.79025757,0.55782348,0
-0.48054004,0.01896739,3.2194753,0.79660392,0.15649378,0.5838939,0
0.99705583,-4.2111063,-2.8005896,-0.79660392,-0.15649378,-0.5838939,0
-2.3315725,3.4552646,2.837297,-0.54872245,0.59245491,0.58983147,0
3.8996894,-2.2806993,-2.55826,0.54872245,-0.59245491,-0.58983147,0
-2.9692893,1.0621979,3.7401114,-0.25362587,-0.79025757,0.55782348,0
-3.7436981,1.0497453,2.2572007,-0.79660392,-0.15649378,-0.5838939,0
2.2151461,-3.5041225,-2.896533,0.54872245,-0.59245491,-0.58983147,0
1.8570969,-0.23503131,-3.0739613,0.25362587,0.79025757,-0.55782348,0
-0.57329702,2.7135279,-0.0018231869,0.25362587,0.79025757,-0.55782348,0
-2.3774157,2.5918353,3.6619182,-0.54872245,0.59245491,0.58983147,0
-3.0104051,-0.34458852,1.6304784,-0.79660392,-0.15649378,-0.5838939,0
-0.91900969,1.9994574,3.2868719,0.79660392,0.15649378,0.5838939,0
-1.4705176,-1.0502269,-0.28126028,-0.79660392,-0.15649378,-0.5838939,0
2.2490971,-0.4908936,-3.2582059,0.25362587,0.79025757,-0.55782348,0
-2.5405927,2.5467458,3.5554037,-0.54872245,0.59245491,0.58983147,0
-0.040287852,3.4184518,1.7077203,0.79660392,0.15649378,0.5838939,0
-3.639364,2.5603285,2.5195694,-0.54872245,0.59245491,0.58983147,0
2.830225,-2.9724686,-2.8583412,0.54872245,-0.59245491,-0.58983147,0
1.4306993,-3.7677829,-3.3614736,0.54872245,-0.59245491,-0.58983147,0
1.9803383,1.0277988,-1.2289004,0.25362587,0.79025757,-0.55782348,0
-0.57800573,-0.76659071,-1.5749298,-0.79660392,-0.15649378,-0.5838939,0
0.15013266,3.2363234,1.4967439,0.79660392,0.15649378,0.5838939,0
1.369985,-3.5172696,-3.4953356,-0.79660392,-0.15649378,-0.5838939,0
1.4127417,-0.28975785,0.71922308,0.79660392,0.15649378,0.5838939,0
3.3479924,-3.1300838,-2.2183437,0.54872245,-0.59245491,-0.58983147,0
-2.6310942,0.55375576,0.87221408,-0.79660392,-0.15649378,-0.5838939,0
1.5468942,-4.2654314,-2.7535152,0.54872245,-0.59245491,-0.58983147,0
-1.7719314,-0.82660538,1.6086841,-0.25362587,-0.79025757,0.55782348,0
4.0035362,-2.2337043,-2.5088549,0.54872245,-0.59245491,-0.58983147,0
-0.61111903,3.4513149,1.0261884,0.25362587,0.79025757,-0.55782348,0
2.1163974,-0.80616796,-0.10236454,0.79660392,0.15649378,0.5838939,0
0.5775044,-0.014577508,-3.343442,0.25362587,0.79025757,-0.55782348,0
-1.6218295,-0.75144756,1.7834051,-0.25362587,-0.79025757,0.55782348,0
0.85140681,-3.488905,-2.795444,-0.79660392,-0.15649378,-0.5838939,0
-1.3282447,-0.99673104,-0.48970065,-0.79660392,-0.15649378,-0.5838939,0
3.9514329,-1.3330054,-3.4620328,0.54872245,-0.59245491,-0.58983147,0
-3.0501909,1.0379078,3.6689157,-0.25362587,-0.79025757,0.55782348,0
-0.19579768,-2.9982877,-1.4982414,-0.79660392,-0.15649378,-0.5838939,0
3.5037937,-3.4343548,-1.7677774,0.54872245,-0.59245491,-0.58983147,0
0.51628762,0.99002969,1.5992461,0.79660392,0.15649378,0.5838939,0
0.51834702,-3.7863646,-2.2613273,-0.79660392,-0.15649378,-0.5838939,0
0.4963032,-3.8124914,-2.2242508,-0.79660392,-0.15649378,-0.5838939,0
1.3787358,1.7023951,-0.54674423,0.25362587,0.79025757,-0.55782348,0
-2.0315905,3.4540734,3.1175666,-0.54872245,0.59245491,0.58983147,0
1.7003341,-1.9268029,-4.3723021,-0.79660392,-0.15649378,-0.5838939,0
1.8772,-2.0665433,-4.5761461,-0.79660392,-0.15649378,-0.5838939,0
2.7459316,-2.6964979,-3.2139578,0.54872245,-0.59245491,-0.58983147,0
-1.5808349,0.10777354,-0.44111919,-0.79660392,-0.15649378,-0.5838939,0
-2.3780198,1.6086353,4.6489296,-0.54872245,0.59245491,0.58983147,0
0.27798557,-2.3883967,0.32816112,-0.25362587,-0.79025757,0.55782348,0
-2.5221219,3.9121361,2.2011237,-0.54872245,0.59245491,0.58983147,0
0.056591868,1.8506019,-0.937922,0.25362587,0.79025757,-0.55782348,0
0.6327939,0.90286815,-2.0185759,0.25362587,0.79025757,-0.55782348,0
4.0218239,-1.1005527,-3.3158913,0.25362587,0.79025757,-0.55782348,0
-3.1555645,1.8385158,1.2434084,-0.79660392,-0.15649378,-0.5838939,0
-2.1545582,3.3720465,3.0855613,-0.54872245,0.59245491,0.58983147,0
2.3406315,-0.93967551,-0.37250376,0.79660392,0.15649378,0.5838939,0
-2.2092404,2.6982436,3.7114906,-0.54872245,0.59245491,0.58983147,0
-2.0575721,3.040303,3.509007,-0.54872245,0.59245491,0.58983147,0
0.52897441,-2.719347,-0.026572466,-0.25362587,-0.79025757,0.55782348,0
-4.0399919,1.6137854,3.0976171,-0.54872245,0.59245491,0.58983147,0
-1.045356,1.2288139,-1.4721291,-0.79660392,-0.15649378,-0.5838939,0
3.8694715,-2.0048547,-2.8634443,0.54872245,-0.59245491,-0.58983147,0
-0.46848536,0.36365688,3.1106465,0.79660392,0.15649378,0.5838939,0
1.3614354,-0.20910108,-3.262589,0.25362587,0.79025757,-0.55782348,0
-1.5878348,3.4080081,0.52075267,0.25362587,0.79025757,-0.55782348,0
1.4252813,0.60170275,-2.0849109,0.25362587,0.79025757,-0.55782348,0
2.8531189,-4.0853071,-1.7192545,0.54872245,-0.59245491,-0.58983147,0
0.28933537,-2.730433,-2.2318959,-0.79660392,-0.15649378,-0.5838939,0
-2.3838654,0.30010808,0.60290289,-0.79660392,-0.15649378,-0.5838939,0
-2.6987078,2.3277018,0.48901057,-0.79660392,-0.15649378,-0.5838939,0
-2.1927428,3.3069341,3.1154404,-0.54872245,0.59245491,0.58983147,0
3.1100864,-1.4380946,-4.1391845,0.54872245,-0.59245491,-0.58983147,0
0.93158829,2.0388355,-0.27342063,0.25362587,0.79025757,-0.55782348,0
3.5179195,-2.427423,-2.7660456,0.54872245,-0.59245491,-0.58983147,0
0.66439706,-3.0366206,-2.6615269,-0.79660392,-0.15649378,-0.5838939,0
-2.2264681,3.6616623,2.7277594,-0.54872245,0.59245491,0.58983147,0
-2.124254,-0.18769157,2.3536298,-0.25362587,-0.79025757,0.55782348,0
1.9790858,-2.0962152,-4.5303106,0.54872245,-0.59245491,-0.58983147,0
1.9968033,-4.3019075,-2.2983246,0.54872245,-0.59245491,-0.58983147,0
1.8995426,-2.6553633,-4.042675,0.54872245,-0.59245491,-0.58983147,0
-2.2327647,0.18915665,0.42649376,-0.79660392,-0.15649378,-0.5838939,0
0.43341374,1.2968258,1.6300839,0.79660392,0.15649378,0.5838939,0
1.1225545,1.349192,-1.1635979,0.25362587,0.79025757,-0.55782348,0
1.0733204,-2.8610907,-3.2664647,-0.79660392,-0.15649378,-0.5838939,0
-3.005923,2.8963833,2.7713122,-0.54872245,0.59245491,0.58983147,0
-3.8639798,2.3030186,2.5690627,-0.54872245,0.59245491,0.58983147,0
2.7353034,-2.8372679,-3.0824499,0.54872245,-0.59245491,-0.58983147,0
-0.27258331,-1.4703447,-1.8029978,-0.79660392,-0.15649378,-0.5838939,0
1.0375843,1.115541,-1.5332401,0.25362587,0.79025757,-0.55782348,0
3.3170052,-2.8606832,-1.1897025,0.79660392,0.15649378,0.5838939,0
2.0707026,0.99879241,-0.52378404,0.79660392,0.15649378,0.5838939,0
3.5536344,-3.7245708,-1.429903,0.54872245,-0.59245491,-0.58983147,0
-0.12046051,-0.7132231,2.5201855,-0.25362587,-0.79025757,0.55782348,0
1.1453935,-4.257575,-1.9254823,-0.25362587,-0.79025757,0.55782348,0
2.6614659,-3.6821032,-2.3025475,0.54872245,-0.59245491,-0.58983147,0
-1.8008028,2.982151,3.8062916,-0.54872245,0.59245491,0.58983147,0
0.13987732,1.235028,-1.7721262,0.25362587,0.79025757,-0.55782348,0
-1.4586581,4.1429238,2.9586544,-0.54872245,0.59245491,0.58983147,0
2.5032427,-3.292104,-2.8414774,0.54872245,-0.59245491,-0.58983147,0
-2.7200017,0.79150492,0.92978883,-0.79660392,-0.15649378,-0.5838939,0
-1.6246169,-0.73106068,1.8110197,-0.25362587,-0.79025757,0.55782348,0
-2.3630733,1.765098,4.5056758,-0.54872245,0.59245491,0.58983147,0
-2.209444,2.7927482,3.6163764,-0.54872245,0.59245491,0.58983147,0
-2.8042617,4.2221756,1.1210947,0.25362587,0.79025757,-0.55782348,0
2.2153013,-2.743021,0.28181148,0.79660392,0.15649378,0.5838939,0
2.9802589,-3.4579048,-2.2311683,0.54872245,-0.59245491,-0.58983147,0
-1.5366502,3.6993573,3.3316379,-0.54872245,0.59245491,0.58983147,0
3.3324075,-2.8494594,-2.5147147,0.54872245,-0.59245491,-0.58983147,0
2.0633905,-2.6493931,-3.8962431,0.54872245,-0.59245491,-0.58983147,0
-0.18979418,1.4828596,-1.5709196,0.25362587,0.79025757,-0.55782348,0
-0.56187594,3.7063334,2.3421636,0.79660392,0.15649378,0.5838939,0
-1.9906831,1.342966,4.5828133,-0.25362587,-0.79025757,0.55782348,0
-2.5881472,4.3785248,1.671237,-0.54872245,0.59245491,0.58983147,0
-0.56227803,-1.1693827,1.6730716,-0.25362587,-0.79025757,0.55782348,0
-2.6263232,2.494024,3.5286045,-0.54872245,0.59245491,0.58983147,0
-1.60233,4.2223711,1.6678538,0.25362587,0.79025757,-0.55782348,0
-1.4449513,1.4095867,-0.9754132,-0.79660392,-0.15649378,-0.5838939,0
-3.702086,2.7365215,2.2842422,-0.54872245,0.59245491,0.58983147,0
-3.0444784,-0.12568629,1.618295,-0.79660392,-0.15649378,-0.5838939,0
-2.0462503,1.8123152,4.7529893,-0.54872245,0.59245491,0.58983147,0
-0.37486196,3.3149915,2.1919072,0.79660392,0.15649378,0.5838939,0
-2.6676588,-0.046520054,2.3065543,-0.25362587,-0.79025757,0.55782348,0
-0.86935198,3.043509,0.33104658,0.25362587,0.79025757,-0.55782348,0
2.4254544,-2.9968834,-3.2103782,0.54872245,-0.59245491,-0.58983147,0
0.11055345,1.3911716,2.0452743,0.79660392,0.15649378,0.5838939,0
-2.9628682,3.5601034,2.1446939,-0.54872245,0.59245491,0.58983147,0
3.2887602,-1.5455071,-1.5036581,0.79660392,0.15649378,0.5838939,0
2.9881761,-3.0837631,-2.5996089,0.54872245,-0.59245491,-0.58983147,0
-0.29727077,-0.19970012,3.0280485,0.79660392,0.15649378,0.5838939,0
-0.26528251,3.1692653,0.78385592,0.25362587,0.79025757,-0.55782348,0
-1.1131048,1.7246025,-1.5125797,-0.79660392,-0.15649378,-0.5838939,0
-0.92058194,0.83022988,3.6023898,0.79660392,0.15649378,0.5838939,0
0.82603073,0.27438664,-2.821074,0.25362587,0.79025757,-0.55782348,0
-2.7833879,2.0435681,0.68069172,-0.79660392,-0.15649378,-0.5838939,0
1.8819716,0.52418059,-1.9870909,0.25362587,0.79025757,-0.55782348,0
-4.1095996,2.0062585,2.6386418,-0.54872245,0.59245491,0.58983147,0
