2.7047465,-0.69563758,2.5224888,0.8254149,0.3870227,0.41097897,0
0.39994168,0.97245705,-2.5761769,0.012214959,0.71559179,-0.69841206,0
1.8795135,0.17509735,-0.92336941,0.56439459,-0.5814997,-0.58593255,0
-1.9225153,-2.7561109,-0.84298706,-0.8254149,-0.3870227,-0.41097897,0
0.63556695,-1.4167937,2.1390212,-0.012214959,-0.71559179,0.69841206,0
3.174159,0.76650226,-0.26324415,0.56439459,-0.5814997,-0.58593255,0
-0.096800566,2.7200248,-0.23266697,-0.56439459,0.5814997,0.58593255,0
2.1664588,1.2100475,-1.6740922,0.56439459,-0.5814997,-0.58593255,0
2.3853829,-1.5211746,2.0626764,-0.012214959,-0.71559179,0.69841206,0
2.509304,0.33174515,1.9475212,0.8254149,0.3870227,0.41097897,0
0.32953215,-1.9572802,1.5798873,-0.012214959,-0.71559179,0.69841206,0
1.0635631,-1.8961136,1.6553961,-0.012214959,-0.71559179,0.69841206,0
2.8390722,1.8281524,-0.1239686,0.8254149,0.3870227,0.41097897,0
-2.5116634,-1.7593632,-0.598382,-0.8254149,-0.3870227,-0.41097897,0
3.2451262,-0.40675795,1.1651433,0.8254149,0.3870227,0.41097897,0
0.94982576,2.2706218,-1.2364626,0.012214959,0.71559179,-0.69841206,0
2.2759719,0.93374091,1.8492438,0.8254149,0.3870227,0.41097897,0
-0.082581282,2.100791,-1.428527,0.012214959,0.71559179,-0.69841206,0
1.7352393,-2.2135615,1.3082471,0.56439459,-0.5814997,-0.58593255,0
1.7040668,3.0736403,0.98270094,0.8254149,0.3870227,0.41097897,0
-1.5370221,-1.4670765,2.0495033,-0.012214959,-0.71559179,0.69841206,0
0.66517818,-1.8375381,1.7084448,-0.012214959,-0.71559179,0.69841206,0
0.21614754,-2.0873938,-0.28021789,0.56439459,-0.5814997,-0.58593255,0
-2.7969735,0.39307988,-2.0523381,-0.8254149,-0.3870227,-0.41097897,0
2.2905691,3.0875044,-0.37603664,0.012214959,0.71559179,-0.69841206,0
2.4921551,2.945601,-0.47952867,0.8254149,0.3870227,0.41097897,0
2.1291497,-1.1234223,2.4657309,-0.012214959,-0.71559179,0.69841206,0
-0.69027513,0.51285875,1.3861415,-0.56439459,0.5814997,0.58593255,0
2.3911898,-0.0098040104,2.5063837,0.8254149,0.3870227,0.41097897,0
-1.5979836,1.591503,-0.55868471,-0.56439459,0.5814997,0.58593255,0
-0.36753035,0.056535177,-2.9701495,0.56439459,-0.5814997,-0.58593255,0
-0.33718151,1.357895,0.88761258,-0.56439459,0.5814997,0.58593255,0
2.5665793,1.1920639,-1.2708317,0.56439459,-0.5814997,-0.58593255,0
1.0267622,2.0917854,-1.4183519,0.012214959,0.71559179,-0.69841206,0
2.862282,0.87541121,0.72662163,0.8254149,0.3870227,0.41097897,0
-2.0729642,-0.97761953,-2.2156453,-0.8254149,-0.3870227,-0.41097897,0
-2.6986599,-0.96589059,-0.97003675,-0.8254149,-0.3870227,-0.41097897,0
-1.5581937,-0.47071531,-3.5937839,0.56439459,-0.5814997,-0.58593255,0
3.0703363,1.9953449,-0.74588919,0.8254149,0.3870227,0.41097897,0
1.4611301,2.129092,1.8544581,-0.56439459,0.5814997,0.58593255,0
2.7451072,-1.1591961,1.2346051,0.56439459,-0.5814997,-0.58593255,0
-1.0828094,-0.58099914,2.0936184,-0.56439459,0.5814997,0.58593255,0
2.8057404,1.4229655,0.32454348,0.8254149,0.3870227,0.41097897,0
1.0478438,-1.0688944,2.5026889,-0.012214959,-0.71559179,0.69841206,0
-0.57290936,0.75806338,-2.8128591,0.012214959,0.71559179,-0.69841206,0
1.36123,3.0244446,0.8696512,-0.56439459,0.5814997,0.58593255,0
-1.0967267,-1.1909994,2.3400724,-0.012214959,-0.71559179,0.69841206,0
-1.4514699,-1.3391945,2.1820273,-0.012214959,-0.71559179,0.69841206,0
-1.1817894,-2.3798733,1.1204662,-0.012214959,-0.71559179,0.69841206,0
-2.9974394,-0.4134531,-0.89020014,-0.8254149,-0.3870227,-0.41097897,0
1.6958067,3.7141824,0.39608616,0.8254149,0.3870227,0.41097897,0
-2.8181767,0.48929048,-0.64015102,-0.56439459,0.5814997,0.58593255,0
0.56028271,-0.4287239,3.150079,-0.012214959,-0.71559179,0.69841206,0
0.058416128,0.64413667,-2.9185467,0.012214959,0.71559179,-0.69841206,0
-0.27264476,2.5098102,-1.0127708,0.012214959,0.71559179,-0.69841206,0
0.22636199,0.28938693,-2.6291778,0.56439459,-0.5814997,-0.58593255,0
-0.14834833,-2.2395024,-0.48035741,0.56439459,-0.5814997,-0.58593255,0
-0.76389956,0.69112164,-2.884788,0.012214959,0.71559179,-0.69841206,0
-2.8705828,-1.8784068,0.23458076,-0.8254149,-0.3870227,-0.41097897,0
-0.83750677,-2.5938473,0.90725052,-0.012214959,-0.71559179,0.69841206,0
-2.0736699,-1.8017764,-1.438112,-0.8254149,-0.3870227,-0.41097897,0
-3.1789763,-0.68700898,-0.26798916,-0.8254149,-0.3870227,-0.41097897,0
2.5502644,1.2813815,-1.3751892,0.56439459,-0.5814997,-0.58593255,0
2.7528355,0.53063989,-0.43500233,0.56439459,-0.5814997,-0.58593255,0
1.7250822,1.6996063,-1.807965,0.012214959,0.71559179,-0.69841206,0
-0.16450977,2.7450578,-0.32273117,-0.56439459,0.5814997,0.58593255,0
-3.1071091,0.090494871,-1.144511,-0.8254149,-0.3870227,-0.41097897,0
-2.5983403,-2.1667304,1.3140774,-0.012214959,-0.71559179,0.69841206,0
-0.84399009,-2.5532627,0.94872016,-0.012214959,-0.71559179,0.69841206,0
-0.29366815,-0.16932362,2.4451909,-0.56439459,0.5814997,0.58593255,0
-1.7073641,-1.1240946,-2.8119838,-0.8254149,-0.3870227,-0.41097897,0
-0.93082881,0.1236977,1.540647,-0.56439459,0.5814997,0.58593255,0
0.21759415,0.51073158,-2.8572938,0.56439459,-0.5814997,-0.58593255,0
-2.302676,-3.0816727,0.38180041,-0.012214959,-0.71559179,0.69841206,0
-1.9230441,-2.8312192,-0.77119482,-0.8254149,-0.3870227,-0.41097897,0
-2.0800068,-2.6478486,0.8301897,-0.012214959,-0.71559179,0.69841206,0
-2.9403238,-1.5846627,0.098027587,-0.8254149,-0.3870227,-0.41097897,0
-2.6439855,-1.8377584,-0.25879943,-0.8254149,-0.3870227,-0.41097897,0
3.0262005,0.23104775,0.12563992,0.56439459,-0.5814997,-0.58593255,0
-2.14521,-2.7781954,0.69549656,-0.012214959,-0.71559179,0.69841206,0
1.0226957,-0.63888156,2.9428394,-0.012214959,-0.71559179,0.69841206,0
-1.5650802,0.47259599,-3.1227012,0.012214959,0.71559179,-0.69841206,0
-1.7423873,-1.1659622,-2.7022157,-0.8254149,-0.3870227,-0.41097897,0
-0.8519938,2.5829415,-0.94797331,0.012214959,0.71559179,-0.69841206,0
1.7267044,-1.7784834,0.86823964,0.56439459,-0.5814997,-0.58593255,0
-0.56518769,-3.2983944,0.19013539,-0.012214959,-0.71559179,0.69841206,0
-0.97044247,0.85739273,0.77434528,-0.56439459,0.5814997,0.58593255,0
2.0670509,1.1153827,-1.6758971,0.56439459,-0.5814997,-0.58593255,0
-0.9298588,1.0294125,-2.5410781,0.012214959,0.71559179,-0.69841206,0
1.8901398,-1.7977976,1.770587,-0.012214959,-0.71559179,0.69841206,0
-0.72706401,1.0045679,0.86271572,-0.56439459,0.5814997,0.58593255,0
0.68431902,-0.29795101,3.286238,-0.012214959,-0.71559179,0.69841206,0
0.90088558,0.48296642,-2.1715639,0.56439459,-0.5814997,-0.58593255,0
0.73744327,-2.1262102,0.26043856,0.56439459,-0.5814997,-0.58593255,0
-2.6659744,-1.117812,-0.89261651,-0.8254149,-0.3870227,-0.41097897,0
-0.16975164,-0.79412699,2.7629197,-0.012214959,-0.71559179,0.69841206,0
3.1066537,0.42783177,0.65731239,0.8254149,0.3870227,0.41097897,0
-2.8293478,1.2134277,-2.3857584,0.012214959,0.71559179,-0.69841206,0
2.6523747,1.7685864,0.30709004,0.8254149,0.3870227,0.41097897,0
0.13468122,2.0198073,-1.5077032,0.012214959,0.71559179,-0.69841206,0
-1.7431473,-1.9163368,-1.9940549,-0.8254149,-0.3870227,-0.41097897,0
-3.228559,-1.2051172,0.64614046,-0.56439459,0.5814997,0.58593255,0
2.680661,-1.634546,1.9516804,-0.012214959,-0.71559179,0.69841206,0
3.2527637,2.0529947,-1.1665667,0.8254149,0.3870227,0.41097897,0
0.91858375,-1.3571806,-0.32829088,0.56439459,-0.5814997,-0.58593255,0
-0.23105359,-2.072608,1.4519181,-0.012214959,-0.71559179,0.69841206,0
2.8953543,0.86659038,-0.63113117,0.56439459,-0.5814997,-0.58593255,0
0.20511717,1.3229667,1.4446411,-0.56439459,0.5814997,0.58593255,0
-1.1638728,2.493984,-1.0445735,0.012214959,0.71559179,-0.69841206,0
-1.6084867,-1.0540797,-3.0632772,0.56439459,-0.5814997,-0.58593255,0
0.83973211,-1.5385716,-0.2242254,0.56439459,-0.5814997,-0.58593255,0
2.078795,1.1231705,2.0668683,0.8254149,0.3870227,0.41097897,0
1.8457675,-1.5664477,2.0068517,-0.012214959,-0.71559179,0.69841206,0
1.1051037,2.575577,-0.92128992,0.012214959,0.71559179,-0.69841206,0
-1.8162844,-1.9726989,-1.7940886,-0.8254149,-0.3870227,-0.41097897,0
2.4443657,2.7479498,-0.1974175,0.8254149,0.3870227,0.41097897,0
-2.0977404,-1.4730954,2.0013423,-0.56439459,0.5814997,0.58593255,0
2.049516,0.54127556,2.6736486,0.8254149,0.3870227,0.41097897,0
0.33775866,1.2115992,1.6829319,-0.56439459,0.5814997,0.58593255,0
-2.5243149,-2.6658916,0.28071356,-0.8254149,-0.3870227,-0.41097897,0
1.9088749,0.84472704,2.6703501,0.8254149,0.3870227,0.41097897,0
2.978581,0.64009583,0.71464396,0.8254149,0.3870227,0.41097897,0
0.58743978,-0.042752147,-1.9517467,0.56439459,-0.5814997,-0.58593255,0
-1.3270162,-0.35156304,-3.4893546,0.56439459,-0.5814997,-0.58593255,0
0.64574623,-2.3402801,1.1929963,-0.012214959,-0.71559179,0.69841206,0
-1.0876055,2.1728883,-0.64405417,-0.56439459,0.5814997,0.58593255,0
-1.1157644,-0.77076072,2.2502007,-0.56439459,0.5814997,0.58593255,0
1.4016716,1.5637335,-1.9528363,0.012214959,0.71559179,-0.69841206,0
-2.7879095,-1.9247422,1.5587027,-0.012214959,-0.71559179,0.69841206,0
-1.9405293,-2.8675227,-0.70188987,-0.8254149,-0.3870227,-0.41097897,0
2.5982556,0.71085399,1.4118603,0.8254149,0.3870227,0.41097897,0
1.7366918,0.61142945,3.235863,0.8254149,0.3870227,0.41097897,0
1.8021712,-0.073010802,-0.7516374,0.56439459,-0.5814997,-0.58593255,0
2.2849088,2.6269519,0.23678231,0.8254149,0.3870227,0.41097897,0
0.83662343,3.0631449,-0.42642432,0.012214959,0.71559179,-0.69841206,0
0.082046032,2.9636633,-0.30219007,-0.56439459,0.5814997,0.58593255,0
2.0524688,2.0138283,1.2810014,0.8254149,0.3870227,0.41097897,0
-3.1735687,-0.3861481,-0.56217313,-0.8254149,-0.3870227,-0.41097897,0
-3.1206274,-1.7414269,0.607777,-0.8254149,-0.3870227,-0.41097897,0
-1.7137676,-1.7977924,-2.1646957,-0.8254149,-0.3870227,-0.41097897,0
2.5366664,0.86766541,1.3878862,0.8254149,0.3870227,0.41097897,0
-2.6694484,-2.206084,0.13919604,-0.8254149,-0.3870227,-0.41097897,0
-0.66100764,-3.0578527,-0.16201276,0.56439459,-0.5814997,-0.58593255,0
-1.7158356,-2.1162815,-1.8606182,-0.8254149,-0.3870227,-0.41097897,0
-3.1342516,0.89323521,-1.8459454,-0.8254149,-0.3870227,-0.41097897,0
1.3105271,3.208601,-0.26910201,0.012214959,0.71559179,-0.69841206,0
0.74552375,-1.9345927,0.078054249,0.56439459,-0.5814997,-0.58593255,0
3.2514477,2.1726174,-1.2966229,0.012214959,0.71559179,-0.69841206,0
-1.8284783,-2.484139,1.0023258,-0.012214959,-0.71559179,0.69841206,0
2.1205933,0.28742176,2.7699518,0.8254149,0.3870227,0.41097897,0
-2.5744581,-1.8833596,1.6048363,-0.012214959,-0.71559179,0.69841206,0
-0.43259811,-2.9147677,0.58551759,-0.012214959,-0.71559179,0.69841206,0
-0.1648643,1.0693476,-2.4867814,0.012214959,0.71559179,-0.69841206,0
-3.059437,-2.1397748,0.86000955,-0.8254149,-0.3870227,-0.41097897,0
-2.8260951,-0.78135133,-0.88787675,-0.8254149,-0.3870227,-0.41097897,0
-0.6858955,1.7564685,0.15615875,-0.56439459,0.5814997,0.58593255,0
1.0134296,2.5855541,-0.91267073,0.012214959,0.71559179,-0.69841206,0
1.8694396,2.1207318,-1.3739557,0.012214959,0.71559179,-0.69841206,0
0.16601312,0.094154835,-2.4935534,0.56439459,-0.5814997,-0.58593255,0
-2.5180168,-1.8403801,-0.50932705,-0.8254149,-0.3870227,-0.41097897,0
-1.0752077,1.8020527,-0.26408213,-0.56439459,0.5814997,0.58593255,0
-0.43049377,1.936082,0.22391757,-0.56439459,0.5814997,0.58593255,0
0.7932682,0.92821085,2.4029419,-0.56439459,0.5814997,0.58593255,0
-3.1803238,-2.05864,1.0263947,-0.8254149,-0.3870227,-0.41097897,0
-2.2935681,-0.04391849,-2.6518569,-0.8254149,-0.3870227,-0.41097897,0
3.1017234,0.75359142,0.36044312,0.8254149,0.3870227,0.41097897,0
2.1379914,-1.5428627,1.0305699,0.56439459,-0.5814997,-0.58593255,0
-1.6575962,0.23326612,-3.3695364,0.012214959,0.71559179,-0.69841206,0
1.210619,0.97107303,2.762413,-0.56439459,0.5814997,0.58593255,0
-2.2351279,0.11497378,0.29295039,-0.56439459,0.5814997,0.58593255,0
-2.2464609,-3.1279335,0.33538437,-0.012214959,-0.71559179,0.69841206,0
1.3640031,-1.3181863,2.2527938,-0.012214959,-0.71559179,0.69841206,0
-1.3357478,-0.94964004,-2.9042137,0.56439459,-0.5814997,-0.58593255,0
-1.9285214,-2.7269568,0.75178558,-0.012214959,-0.71559179,0.69841206,0
3.1575758,2.0480251,-1.4259222,0.012214959,0.71559179,-0.69841206,0
0.58005261,1.4745245,-2.0586095,0.012214959,0.71559179,-0.69841206,0
2.1538067,-0.12897968,3.0953751,0.8254149,0.3870227,0.41097897,0
2.7001886,0.27346516,-0.23048496,0.56439459,-0.5814997,-0.58593255,0
-0.96434152,-0.29707012,-3.1940923,0.56439459,-0.5814997,-0.58593255,0
1.3442432,-0.34518331,-0.92261934,0.56439459,-0.5814997,-0.58593255,0
1.6785207,3.008749,1.095117,0.8254149,0.3870227,0.41097897,0
0.39257103,-1.3301847,-0.86175978,0.56439459,-0.5814997,-0.58593255,0
-0.74980801,-1.0487076,-2.2414939,0.56439459,-0.5814997,-0.58593255,0
0.42585182,2.5454507,-0.9640373,0.012214959,0.71559179,-0.69841206,0
-2.7715001,-0.1703546,-1.5729074,-0.8254149,-0.3870227,-0.41097897,0
1.6774504,0.37175953,3.580543,0.8254149,0.3870227,0.41097897,0
-3.2685866,-0.054995537,-0.53383636,-0.56439459,0.5814997,0.58593255,0
-0.39010787,2.2414131,-0.0402022,-0.56439459,0.5814997,0.58593255,0
-2.4798481,-2.437494,-0.023678184,-0.8254149,-0.3870227,-0.41097897,0
3.1938534,0.020288467,0.86596704,0.8254149,0.3870227,0.41097897,0
2.6209202,1.205834,-1.2321547,0.56439459,-0.5814997,-0.58593255,0
-0.79884243,-2.5944607,0.90729821,-0.012214959,-0.71559179,0.69841206,0
1.3659478,2.1050072,1.786677,-0.56439459,0.5814997,0.58593255,0
0.23838639,-0.79594946,2.7681904,-0.012214959,-0.71559179,0.69841206,0
-1.5578048,-0.39003986,1.446569,-0.56439459,0.5814997,0.58593255,0
-2.3289995,-0.93442988,-1.742093,-0.8254149,-0.3870227,-0.41097897,0
2.3185601,-0.67884266,2.9245594,-0.012214959,-0.71559179,0.69841206,0
2.1756241,-1.8275607,1.7450849,-0.012214959,-0.71559179,0.69841206,0
2.2144837,2.8751092,-0.59498745,0.012214959,0.71559179,-0.69841206,0
-1.6678569,-0.92885876,1.8753043,-0.56439459,0.5814997,0.58593255,0
-2.3945801,-0.64479768,0.89338285,-0.56439459,0.5814997,0.58593255,0
0.21478844,1.708891,-1.8248663,0.012214959,0.71559179,-0.69841206,0
3.1741443,-1.375044,2.2195477,0.8254149,0.3870227,0.41097897,0
1.6560833,3.1682856,-0.30436546,0.012214959,0.71559179,-0.69841206,0
-0.91034281,-2.966572,-0.4927727,0.56439459,-0.5814997,-0.58593255,0
2.0854368,-1.2775842,0.71667564,0.56439459,-0.5814997,-0.58593255,0
2.8729208,-0.12856281,1.6507063,0.8254149,0.3870227,0.41097897,0
2.7448745,0.17132628,1.6254675,0.8254149,0.3870227,0.41097897,0
0.95690846,3.274143,0.23238283,-0.56439459,0.5814997,0.58593255,0
1.6709895,0.39676598,3.5699711,0.8254149,0.3870227,0.41097897,0
-0.92416358,-2.8219171,0.67205501,-0.012214959,-0.71559179,0.69841206,0
1.2038949,1.8518256,-1.6611167,0.012214959,0.71559179,-0.69841206,0
0.64165711,2.4379992,-1.0703576,0.012214959,0.71559179,-0.69841206,0
-1.1061106,2.3314133,-1.2101333,0.012214959,0.71559179,-0.69841206,0
-0.32125735,2.5773573,-0.94441235,0.012214959,0.71559179,-0.69841206,0
1.9838772,0.52911413,2.8169308,0.8254149,0.3870227,0.41097897,0
-3.0241849,-2.138154,1.3359089,-0.012214959,-0.71559179,0.69841206,0
-2.2009795,-1.0105641,-1.9275144,-0.8254149,-0.3870227,-0.41097897,0
-0.26495028,-2.7279954,-0.10787578,0.56439459,-0.5814997,-0.58593255,0
-0.94328952,-2.018697,1.4946985,-0.012214959,-0.71559179,0.69841206,0
-2.6543429,-1.446148,-0.60678041,-0.8254149,-0.3870227,-0.41097897,0
1.1679404,1.3010488,2.3938243,-0.56439459,0.5814997,0.58593255,0
-0.37360406,-1.0541776,2.492907,-0.012214959,-0.71559179,0.69841206,0
-2.4387646,-1.4879638,-1.0003722,-0.8254149,-0.3870227,-0.41097897,0
-2.1987939,0.0099493265,-2.89293,-0.8254149,-0.3870227,-0.41097897,0
2.4142463,1.3309767,1.1974511,0.8254149,0.3870227,0.41097897,0
-2.3716638,0.23003721,-2.7529955,-0.8254149,-0.3870227,-0.41097897,0
-1.2683796,-1.6821302,-2.1123729,0.56439459,-0.5814997,-0.58593255,0
2.9919755,0.72090173,0.61164641,0.8254149,0.3870227,0.41097897,0
0.50374484,1.0000781,2.0527372,-0.56439459,0.5814997,0.58593255,0
-2.6225576,-1.202714,1.2274808,-0.56439459,0.5814997,0.58593255,0
0.57558823,1.2303624,-2.3088558,0.012214959,0.71559179,-0.69841206,0
-1.4004135,-1.4672275,2.0517383,-0.012214959,-0.71559179,0.69841206,0
2.1887729,-1.1212221,0.66103435,0.56439459,-0.5814997,-0.58593255,0
2.1532247,-0.17864692,3.1433163,0.8254149,0.3870227,0.41097897,0
2.9716053,0.2359041,1.1092856,0.8254149,0.3870227,0.41097897,0
-1.8948319,0.91420287,-2.6759987,0.012214959,0.71559179,-0.69841206,0
0.49884653,-1.1002584,2.4609513,-0.012214959,-0.71559179,0.69841206,0
-0.95285392,0.50993311,-3.0737379,0.012214959,0.71559179,-0.69841206,0
-2.5308094,0.5779655,-2.761013,-0.8254149,-0.3870227,-0.41097897,0
-2.8381243,-2.2845147,0.551826,-0.8254149,-0.3870227,-0.41097897,0
1.0455534,2.8824627,0.70648617,-0.56439459,0.5814997,0.58593255,0
2.0365796,1.4405384,1.8527858,0.8254149,0.3870227,0.41097897,0
-3.2623396,0.23517179,-0.81579065,-0.56439459,0.5814997,0.58593255,0
-1.8571912,0.40111309,-3.2010515,0.012214959,0.71559179,-0.69841206,0
-2.3812132,-1.9331946,-0.69668067,-0.8254149,-0.3870227,-0.41097897,0
1.6317298,3.4671926,0.00146842,0.012214959,0.71559179,-0.69841206,0
2.2926216,2.6937103,0.15842462,0.8254149,0.3870227,0.41097897,0
1.9962635,3.2755494,0.20571005,0.8254149,0.3870227,0.41097897,0
-2.9366698,-1.7163744,0.21472275,-0.8254149,-0.3870227,-0.41097897,0
0.87610871,0.84184301,2.5684514,-0.56439459,0.5814997,0.58593255,0
2.1905372,1.2961084,1.6795866,0.8254149,0.3870227,0.41097897,0
-1.3206744,-3.2848291,0.19082126,-0.012214959,-0.71559179,0.69841206,0
-2.9336448,-1.800117,0.28750813,-0.8254149,-0.3870227,-0.41097897,0
-1.356734,-3.6263127,-0.26800603,0.56439459,-0.5814997,-0.58593255,0
2.6869309,0.97830141,0.98190618,0.8254149,0.3870227,0.41097897,0
-2.0560637,-2.6606042,-0.66470659,-0.8254149,-0.3870227,-0.41097897,0
-1.147414,-3.53194,-0.059337974,-0.012214959,-0.71559179,0.69841206,0
-2.230902,-2.8244648,0.64659035,-0.012214959,-0.71559179,0.69841206,0
2.8413999,-0.42163789,1.9900043,0.8254149,0.3870227,0.41097897,0
-2.5444705,-1.4998584,-0.77686989,-0.8254149,-0.3870227,-0.41097897,0
1.5805402,1.3201518,2.7722988,-0.56439459,0.5814997,0.58593255,0
-1.0704097,0.26154459,-3.3302927,0.012214959,0.71559179,-0.69841206,0
-1.6465918,1.0496087,-0.067711473,-0.56439459,0.5814997,0.58593255,0
-0.29131079,-2.6215744,0.888394,-0.012214959,-0.71559179,0.69841206,0
0.96224642,2.9122643,0.59666538,-0.56439459,0.5814997,0.58593255,0
3.2311978,1.798214,-0.88332522,0.8254149,0.3870227,0.41097897,0
-2.7317278,-2.0663304,1.4146142,-0.012214959,-0.71559179,0.69841206,0
0.37580514,-1.5667169,1.9808668,-0.012214959,-0.71559179,0.69841206,0
0.44260931,3.020129,-0.010919066,-0.56439459,0.5814997,0.58593255,0
-0.94673789,-3.0657232,-0.42942905,0.56439459,-0.5814997,-0.58593255,0
0.36004567,1.0645189,-2.4825485,0.012214959,0.71559179,-0.69841206,0
2.4136798,2.520668,0.078245282,0.8254149,0.3870227,0.41097897,0
-1.9666709,-1.0408853,-2.3695483,-0.8254149,-0.3870227,-0.41097897,0
0.072119713,1.1937785,-2.355145,0.012214959,0.71559179,-0.69841206,0
-0.31061471,0.003317222,-2.8625107,0.56439459,-0.5814997,-0.58593255,0
-1.8582311,-0.27889395,-3.3049145,-0.8254149,-0.3870227,-0.41097897,0
-1.7167186,-3.1229625,-0.91084403,-0.8254149,-0.3870227,-0.41097897,0
0.15157247,-1.5887464,1.9543737,-0.012214959,-0.71559179,0.69841206,0
2.5267987,2.8187466,-0.42964756,0.8254149,0.3870227,0.41097897,0
-2.6455481,-0.38099015,-1.6275134,-0.8254149,-0.3870227,-0.41097897,0
0.46408617,2.9041564,0.12486367,-0.56439459,0.5814997,0.58593255,0
1.1764988,-2.1754384,1.3711756,-0.012214959,-0.71559179,0.69841206,0
-0.98238611,1.2931335,-2.2717888,0.012214959,0.71559179,-0.69841206,0
0.79657221,1.3746543,-2.1571493,0.012214959,0.71559179,-0.69841206,0
0.58400029,-1.8810455,-0.13067394,0.56439459,-0.5814997,-0.58593255,0
-0.062712431,0.89934158,-2.6591825,0.012214959,0.71559179,-0.69841206,0
2.3815908,-0.011424065,2.5271878,0.8254149,0.3870227,0.41097897,0
-1.7965001,-2.8684301,-0.99030554,-0.8254149,-0.3870227,-0.41097897,0
-1.3182621,-0.53157103,-3.3022766,0.56439459,-0.5814997,-0.58593255,0
1.9459862,-1.082669,0.38891053,0.56439459,-0.5814997,-0.58593255,0
0.048565388,2.689889,-0.82264453,0.012214959,0.71559179,-0.69841206,0
2.0769882,2.8679762,0.42739737,0.8254149,0.3870227,0.41097897,0
-0.44456625,-1.7975562,-1.2042894,0.56439459,-0.5814997,-0.58593255,0
-2.3875365,-2.4563622,-0.19130921,-0.8254149,-0.3870227,-0.41097897,0
0.06641674,0.78361684,1.8463086,-0.56439459,0.5814997,0.58593255,0
-3.0553954,0.5311861,-1.6633766,-0.8254149,-0.3870227,-0.41097897,0
3.3096614,-0.071027756,0.71936965,0.8254149,0.3870227,0.41097897,0
2.9091651,-0.98268735,2.3822491,0.8254149,0.3870227,0.41097897,0
-1.8319677,-2.8362401,-0.9493854,-0.8254149,-0.3870227,-0.41097897,0
-1.2930384,2.0748794,-0.74466789,-0.56439459,0.5814997,0.58593255,0
-0.69347644,-2.913645,0.58210516,-0.012214959,-0.71559179,0.69841206,0
-1.0902284,-2.7717016,-0.85944235,0.56439459,-0.5814997,-0.58593255,0
-2.4908357,0.22825432,-2.5119696,-0.8254149,-0.3870227,-0.41097897,0
0.12213111,2.4866428,0.20983297,-0.56439459,0.5814997,0.58593255,0
-1.4124789,-2.5462952,-1.3935481,0.56439459,-0.5814997,-0.58593255,0
2.5509269,-0.86551559,0.75610375,0.56439459,-0.5814997,-0.58593255,0
-0.41388756,-1.1298079,-1.8374349,0.56439459,-0.5814997,-0.58593255,0
2.8492911,0.6109612,1.0017474,0.8254149,0.3870227,0.41097897,0
0.19508457,1.6213341,-1.9149214,0.012214959,0.71559179,-0.69841206,0
-2.3090982,-1.6579928,-1.100677,-0.8254149,-0.3870227,-0.41097897,0
1.2083857,-1.9712155,0.56024766,0.56439459,-0.5814997,-0.58593255,0
0.62995607,1.5581262,1.6204829,-0.56439459,0.5814997,0.58593255,0
0.72689605,2.375484,-1.1329194,0.012214959,0.71559179,-0.69841206,0
-0.71406233,2.5746908,-0.9540146,0.012214959,0.71559179,-0.69841206,0
1.9326019,2.5491049,1.0176684,0.8254149,0.3870227,0.41097897,0
-1.8278714,-2.9436784,-0.85643637,-0.8254149,-0.3870227,-0.41097897,0
0.93741393,-1.3015003,2.2624297,-0.012214959,-0.71559179,0.69841206,0
-0.84417665,-0.46994916,-2.9067736,0.56439459,-0.5814997,-0.58593255,0
2.3711586,0.86031818,1.7272123,0.8254149,0.3870227,0.41097897,0
-3.2976556,-1.9601464,1.1692932,-0.8254149,-0.3870227,-0.41097897,0
-1.2394776,0.21227697,-3.3837287,0.012214959,0.71559179,-0.69841206,0
1.3853754,-0.84907681,-0.38291776,0.56439459,-0.5814997,-0.58593255,0
-1.9660541,-0.34098548,-3.0298891,-0.8254149,-0.3870227,-0.41097897,0
3.073401,1.7331632,-0.50514531,0.8254149,0.3870227,0.41097897,0
1.8202944,1.7429118,2.0024276,0.8254149,0.3870227,0.41097897,0
-1.2520087,-3.0337577,-0.75520211,0.56439459,-0.5814997,-0.58593255,0
2.330555,2.0728152,0.6669414,0.8254149,0.3870227,0.41097897,0
0.50104094,-1.0539129,-1.0314587,0.56439459,-0.5814997,-0.58593255,0
0.73160076,1.8173052,1.4611733,-0.56439459,0.5814997,0.58593255,0
2.4233871,-1.5995644,1.9830225,-0.012214959,-0.71559179,0.69841206,0
1.6389146,0.50542545,3.5320647,0.8254149,0.3870227,0.41097897,0
-0.59789145,1.8041669,-1.7414603,0.012214959,0.71559179,-0.69841206,0
-1.8146446,2.0897446,-1.470138,0.012214959,0.71559179,-0.69841206,0
-2.6976159,1.7084333,-1.8762722,0.012214959,0.71559179,-0.69841206,0
0.41026187,-1.6138227,1.933205,-0.012214959,-0.71559179,0.69841206,0
2.0681558,2.7911692,0.51746619,0.8254149,0.3870227,0.41097897,0
2.526999,0.31842685,1.9245249,0.8254149,0.3870227,0.41097897,0
1.4109595,1.6950471,2.2368927,-0.56439459,0.5814997,0.58593255,0
-2.4861121,-0.2818383,-2.0410986,-0.8254149,-0.3870227,-0.41097897,0
1.5252557,-0.19264865,-0.89964139,0.56439459,-0.5814997,-0.58593255,0
-2.8506763,-1.0164297,-0.61713195,-0.8254149,-0.3870227,-0.41097897,0
-0.54977226,1.2049725,-2.3545523,0.012214959,0.71559179,-0.69841206,0
2.840919,2.3511631,-0.62020314,0.8254149,0.3870227,0.41097897,0
2.8736324,1.4616861,0.15172434,0.8254149,0.3870227,0.41097897,0
2.1410961,0.15729129,-0.65373099,0.56439459,-0.5814997,-0.58593255,0
2.3159075,1.0698289,1.6408815,0.8254149,0.3870227,0.41097897,0
-3.1222904,-1.149261,0.053469419,-0.8254149,-0.3870227,-0.41097897,0
-2.1336582,-0.4040429,-2.6338899,-0.8254149,-0.3870227,-0.41097897,0
-2.6440749,-2.4569607,1.0159082,-0.012214959,-0.71559179,0.69841206,0
1.5824835,-0.69648278,-0.34449452,0.56439459,-0.5814997,-0.58593255,0
3.1549716,-1.1728514,2.0676482,0.8254149,0.3870227,0.41097897,0
-1.0364473,1.2419982,0.32907099,-0.56439459,0.5814997,0.58593255,0
-2.2827563,-0.91509092,-1.8531804,-0.8254149,-0.3870227,-0.41097897,0
-2.8766723,1.3395058,-1.5402796,-0.56439459,0.5814997,0.58593255,0
0.15182686,0.58765149,2.1230619,-0.56439459,0.5814997,0.58593255,0
-2.6748917,-0.83411282,0.81125808,-0.56439459,0.5814997,0.58593255,0
-1.0812752,-1.0464076,2.4884913,-0.012214959,-0.71559179,0.69841206,0
-2.0881844,-2.7453799,-0.52036083,-0.8254149,-0.3870227,-0.41097897,0
1.6547097,1.3498752,2.7051158,0.8254149,0.3870227,0.41097897,0
-2.3301768,0.4306823,-3.0252676,-0.8254149,-0.3870227,-0.41097897,0
0.26406026,-2.2259309,1.303483,-0.012214959,-0.71559179,0.69841206,0
-1.83108,-2.6008468,-1.1728402,-0.8254149,-0.3870227,-0.41097897,0
2.0893688,2.0752692,1.1490314,0.8254149,0.3870227,0.41097897,0
-0.19823337,0.45304275,1.9194598,-0.56439459,0.5814997,0.58593255,0
-3.2065711,-1.416399,0.47430551,-0.8254149,-0.3870227,-0.41097897,0
-2.2991812,-1.8117595,1.6830124,-0.012214959,-0.71559179,0.69841206,0
-1.9343504,-2.8512886,-0.72958732,-0.8254149,-0.3870227,-0.41097897,0
2.7318037,0.32696772,1.5051496,0.8254149,0.3870227,0.41097897,0
-2.7331865,0.21778142,-2.015368,-0.8254149,-0.3870227,-0.41097897,0
-2.7267394,-1.5723972,-0.34248841,-0.8254149,-0.3870227,-0.41097897,0
1.2059937,1.7475507,1.9873548,-0.56439459,0.5814997,0.58593255,0
-1.9581776,-0.90215653,-2.5172486,-0.8254149,-0.3870227,-0.41097897,0
2.5428634,-0.36066914,0.24730968,0.56439459,-0.5814997,-0.58593255,0
-1.8359444,-2.6037259,0.87966627,-0.012214959,-0.71559179,0.69841206,0
-0.97022259,1.8024089,-1.7497733,0.012214959,0.71559179,-0.69841206,0
-0.27314782,-1.1417638,-1.6900029,0.56439459,-0.5814997,-0.58593255,0
-1.0287957,1.0977874,0.47956094,-0.56439459,0.5814997,0.58593255,0
0.63864744,-0.002119571,3.1772966,-0.56439459,0.5814997,0.58593255,0
0.097192764,2.5471056,-0.96808982,0.012214959,0.71559179,-0.69841206,0
-3.2004464,-0.43697464,-0.46032882,-0.8254149,-0.3870227,-0.41097897,0
-0.67448545,1.7948121,-1.7523847,0.012214959,0.71559179,-0.69841206,0
-1.0471232,-2.636364,-0.95223498,0.56439459,-0.5814997,-0.58593255,0
1.0778658,0.95775032,-2.4722815,0.56439459,-0.5814997,-0.58593255,0
-2.1593814,-2.9127173,0.55741793,-0.012214959,-0.71559179,0.69841206,0
-2.8853145,-0.55951691,-0.97784305,-0.8254149,-0.3870227,-0.41097897,0
-1.7567054,0.69302797,0.18010557,-0.56439459,0.5814997,0.58593255,0
1.8105376,2.8377411,0.99101269,0.8254149,0.3870227,0.41097897,0
3.1050768,-1.0794587,1.5022082,0.56439459,-0.5814997,-0.58593255,0
0.39743555,2.7255311,0.23793676,-0.56439459,0.5814997,0.58593255,0
-2.1468401,-0.67747813,1.1644496,-0.56439459,0.5814997,0.58593255,0
1.8292295,0.93126142,2.7488213,0.8254149,0.3870227,0.41097897,0
-1.0228194,-2.8590467,-0.70782697,0.56439459,-0.5814997,-0.58593255,0
-1.0886514,-2.4097486,-1.2171378,0.56439459,-0.5814997,-0.58593255,0
1.1413275,-1.4394722,-0.032065868,0.56439459,-0.5814997,-0.58593255,0
-2.7759049,-0.31715,0.20090616,-0.56439459,0.5814997,0.58593255,0
0.24840498,2.9095788,-0.59405571,0.012214959,0.71559179,-0.69841206,0
-2.3876479,-0.68553805,-1.8586873,-0.8254149,-0.3870227,-0.41097897,0
2.3354993,2.6614866,0.10265434,0.8254149,0.3870227,0.41097897,0
2.5775955,2.4919684,-0.22393787,0.8254149,0.3870227,0.41097897,0
0.92244267,2.2770629,-1.2303416,0.012214959,0.71559179,-0.69841206,0
1.3236661,0.42871594,3.409559,-0.56439459,0.5814997,0.58593255,0
-1.0411031,0.14953387,-3.4445462,0.012214959,0.71559179,-0.69841206,0
2.5336986,-0.22153056,2.4195523,0.8254149,0.3870227,0.41097897,0
0.42835557,2.3987551,0.59202403,-0.56439459,0.5814997,0.58593255,0
-0.77170938,-1.8438827,-1.4734311,0.56439459,-0.5814997,-0.58593255,0
3.2176242,1.7144645,-0.77719605,0.8254149,0.3870227,0.41097897,0
-2.8611066,-0.40437746,-1.172559,-0.8254149,-0.3870227,-0.41097897,0
0.98320961,1.5732423,-1.9504123,0.012214959,0.71559179,-0.69841206,0
0.85428965,0.33664474,-2.0712326,0.56439459,-0.5814997,-0.58593255,0
3.2615588,-0.78798521,1.4911456,0.8254149,0.3870227,0.41097897,0
-2.4115412,-2.2074513,1.2756219,-0.012214959,-0.71559179,0.69841206,0
-2.5201764,-0.84861064,0.97467417,-0.56439459,0.5814997,0.58593255,0
-1.8081903,1.5711039,-0.74091971,-0.56439459,0.5814997,0.58593255,0
-2.231323,-2.7624037,0.71017069,-0.012214959,-0.71559179,0.69841206,0
0.88143241,0.15250158,-1.8623375,0.56439459,-0.5814997,-0.58593255,0
-2.2691853,-2.6246309,-0.27054703,-0.8254149,-0.3870227,-0.41097897,0
-3.279994,-1.3878165,0.59485173,-0.8254149,-0.3870227,-0.41097897,0
-2.3028114,0.96045518,-0.61132991,-0.56439459,0.5814997,0.58593255,0
-3.0909593,0.95827365,-1.3683414,-0.56439459,0.5814997,0.58593255,0
-0.49912885,-1.9341435,-1.1212924,0.56439459,-0.5814997,-0.58593255,0
-1.6299572,-1.574383,-2.5434079,-0.8254149,-0.3870227,-0.41097897,0
-1.849488,-1.8381276,1.6638604,-0.012214959,-0.71559179,0.69841206,0
-1.5720475,-3.4312487,0.036403835,-0.012214959,-0.71559179,0.69841206,0
-0.29239058,-0.86625803,2.6868691,-0.012214959,-0.71559179,0.69841206,0
-0.56290269,-2.1904352,1.3253886,-0.012214959,-0.71559179,0.69841206,0
-2.5466235,-2.3902898,0.065981746,-0.8254149,-0.3870227,-0.41097897,0
2.0973163,3.0804393,0.18649161,0.8254149,0.3870227,0.41097897,0
-0.12618065,-2.0158694,1.5118865,-0.012214959,-0.71559179,0.69841206,0
-1.2027862,-2.2376759,1.2657945,-0.012214959,-0.71559179,0.69841206,0
1.5952027,-1.7683947,0.73155928,0.56439459,-0.5814997,-0.58593255,0
-0.21849966,-0.36942732,-2.403857,0.56439459,-0.5814997,-0.58593255,0
-2.8352909,0.043967605,-0.21468234,-0.56439459,0.5814997,0.58593255,0
-1.1788621,1.0738239,-2.4999294,0.012214959,0.71559179,-0.69841206,0
-2.5817025,0.61170018,-0.53385305,-0.56439459,0.5814997,0.58593255,0
1.3084416,0.88276994,-2.1757681,0.56439459,-0.5814997,-0.58593255,0
2.0992801,2.3309011,0.88839471,0.8254149,0.3870227,0.41097897,0
1.6131064,0.76892328,-1.7693172,0.56439459,-0.5814997,-0.58593255,0
3.2185657,2.1142979,-1.1556132,0.8254149,0.3870227,0.41097897,0
0.97928023,1.6903719,-1.8304703,0.012214959,0.71559179,-0.69841206,0
0.48441821,2.0031826,1.0386057,-0.56439459,0.5814997,0.58593255,0
1.0745516,-1.725574,0.18755001,0.56439459,-0.5814997,-0.58593255,0
-2.6601942,-2.2075195,1.2712033,-0.012214959,-0.71559179,0.69841206,0
-2.5013936,-0.57732111,-1.7321481,-0.8254149,-0.3870227,-0.41097897,0
-1.7196746,-2.4528651,1.0362716,-0.012214959,-0.71559179,0.69841206,0
-1.1150146,-3.4400613,-0.22001404,0.56439459,-0.5814997,-0.58593255,0
1.9511917,3.1326337,0.43081772,0.8254149,0.3870227,0.41097897,0
-2.8036704,-1.6289009,-0.13476956,-0.8254149,-0.3870227,-0.41097897,0
1.6196294,-0.85152268,-0.15484738,0.56439459,-0.5814997,-0.58593255,0
1.3435493,0.085808247,3.6909668,-0.012214959,-0.71559179,0.69841206,0
2.3515863,2.5371959,0.18739033,0.8254149,0.3870227,0.41097897,0
1.9333401,1.1965587,2.2898912,0.8254149,0.3870227,0.41097897,0
2.2241373,0.1501379,2.6912751,0.8254149,0.3870227,0.41097897,0
-0.30077553,-3.0732977,0.42539352,-0.012214959,-0.71559179,0.69841206,0
2.268398,2.0076599,-1.4828314,0.012214959,0.71559179,-0.69841206,0
1.9768212,2.5729308,-0.9087556,0.012214959,0.71559179,-0.69841206,0
1.6760395,2.0878367,-1.4110425,0.012214959,0.71559179,-0.69841206,0
3.2674627,1.833609,-0.9894923,0.8254149,0.3870227,0.41097897,0
-2.4146969,-2.4850445,-0.10974991,-0.8254149,-0.3870227,-0.41097897,0
-0.30987883,-1.9769822,1.5485173,-0.012214959,-0.71559179,0.69841206,0
2.8462019,0.48741996,1.1242917,0.8254149,0.3870227,0.41097897,0
-0.20206559,-0.14306614,2.5073676,-0.56439459,0.5814997,0.58593255,0
1.9855899,1.2562264,2.1287625,0.8254149,0.3870227,0.41097897,0
-3.0207405,0.21731317,-1.4374006,-0.8254149,-0.3870227,-0.41097897,0
-2.5725231,0.7768352,-2.8285983,0.012214959,0.71559179,-0.69841206,0
2.5649545,1.4915487,0.74355495,0.8254149,0.3870227,0.41097897,0
2.042419,2.5520988,0.7942909,0.8254149,0.3870227,0.41097897,0
-2.7573209,-0.045046806,-1.719389,-0.8254149,-0.3870227,-0.41097897,0
1.8578422,2.3413625,-1.1481009,0.012214959,0.71559179,-0.69841206,0
2.8171959,1.5031915,0.22598648,0.8254149,0.3870227,0.41097897,0
0.39391112,3.0864258,-0.41031373,0.012214959,0.71559179,-0.69841206,0
0.92374396,2.7087278,0.76157492,-0.56439459,0.5814997,0.58593255,0
-1.2078977,-2.4970372,0.99996406,-0.012214959,-0.71559179,0.69841206,0
1.9480412,3.2714834,-0.19352293,0.012214959,0.71559179,-0.69841206,0
1.0720088,-1.4385945,-0.099707544,0.56439459,-0.5814997,-0.58593255,0
-2.4978609,0.91956449,-0.75862837,-0.56439459,0.5814997,0.58593255,0
2.8637118,-1.6301638,1.9593716,-0.012214959,-0.71559179,0.69841206,0
1.4014264,-2.1506197,1.4005387,-0.012214959,-0.71559179,0.69841206,0
-1.4986628,-3.0170186,-1.009402,0.56439459,-0.5814997,-0.58593255,0
-2.8332014,0.18691325,-1.7854278,-0.8254149,-0.3870227,-0.41097897,0
0.39025068,2.6400058,-0.8677789,0.012214959,0.71559179,-0.69841206,0
0.47933626,-2.69977,0.82175303,-0.012214959,-0.71559179,0.69841206,0
1.8497126,3.4811463,0.30643213,0.8254149,0.3870227,0.41097897,0
-0.26014301,1.7100275,0.61235094,-0.56439459,0.5814997,0.58593255,0
2.9427583,-1.0007586,1.2677517,0.56439459,-0.5814997,-0.58593255,0
-2.7314701,-0.10565805,-1.7142291,-0.8254149,-0.3870227,-0.41097897,0
0.089474261,2.0217786,0.63972414,-0.56439459,0.5814997,0.58593255,0
-2.9527571,-0.8581779,-0.56113911,-0.8254149,-0.3870227,-0.41097897,0
3.2717347,1.5804896,-0.9770844,0.56439459,-0.5814997,-0.58593255,0
1.9318943,1.7183454,-1.7851477,0.012214959,0.71559179,-0.69841206,0
-0.15410638,2.1510885,-1.3782434,0.012214959,0.71559179,-0.69841206,0
2.3854027,2.9211874,-0.24213564,0.8254149,0.3870227,0.41097897,0
0.8692801,1.148254,-2.3878472,0.012214959,0.71559179,-0.69841206,0
3.0014985,0.50647509,0.79444838,0.8254149,0.3870227,0.41097897,0
0.24918389,-0.049250931,-2.2711191,0.56439459,-0.5814997,-0.58593255,0
-1.7751938,-1.1530274,-2.6485076,-0.8254149,-0.3870227,-0.41097897,0
0.99229121,-0.66434562,2.9162171,-0.012214959,-0.71559179,0.69841206,0
-2.1114693,1.0978349,-0.56336188,-0.56439459,0.5814997,0.58593255,0
-1.6471297,0.63985145,-2.9527664,0.012214959,0.71559179,-0.69841206,0
-0.50349426,-3.2309089,0.16145754,0.56439459,-0.5814997,-0.58593255,0
-3.1773582,-0.83568358,-0.13123131,-0.8254149,-0.3870227,-0.41097897,0
1.9664452,2.5257461,-0.95728213,0.012214959,0.71559179,-0.69841206,0
-3.2302074,1.1537576,-1.8985627,-0.8254149,-0.3870227,-0.41097897,0
-0.039660454,-2.3039255,1.218258,-0.012214959,-0.71559179,0.69841206,0
2.9034553,-0.037568212,1.5036905,0.8254149,0.3870227,0.41097897,0
2.6405914,-1.268487,2.3260427,-0.012214959,-0.71559179,0.69841206,0
0.50431871,2.7477894,-0.75534916,0.012214959,0.71559179,-0.69841206,0
0.45065236,-2.6362624,0.49038327,0.56439459,-0.5814997,-0.58593255,0
-2.9793911,-2.0991328,0.660972,-0.8254149,-0.3870227,-0.41097897,0
1.9515258,0.35363978,3.0471516,0.8254149,0.3870227,0.41097897,0
-0.67572427,-0.11713307,-3.09466,0.56439459,-0.5814997,-0.58593255,0
-2.6967444,-1.9492879,-0.047809482,-0.8254149,-0.3870227,-0.41097897,0
1.0330298,-2.2097793,0.62809658,0.56439459,-0.5814997,-0.58593255,0
1.6501083,-0.9856171,2.5985477,-0.012214959,-0.71559179,0.69841206,0
-1.1740973,-3.3349164,0.14206555,-0.012214959,-0.71559179,0.69841206,0
2.7130978,-0.63425148,2.4479079,0.8254149,0.3870227,0.41097897,0
-1.8802092,-3.090148,-0.61338866,-0.8254149,-0.3870227,-0.41097897,0
-2.4062848,-1.6409844,1.856115,-0.012214959,-0.71559179,0.69841206,0
-0.38742208,-2.9787765,0.52072442,-0.012214959,-0.71559179,0.69841206,0
-0.043560982,1.2711573,-2.2778862,0.012214959,0.71559179,-0.69841206,0
0.039242148,-0.34370777,-2.1811144,0.56439459,-0.5814997,-0.58593255,0
0.89920259,-2.3389783,1.1987634,-0.012214959,-0.71559179,0.69841206,0
-2.7461457,-1.4819608,-0.388677,-0.8254149,-0.3870227,-0.41097897,0
-1.8985204,-1.6838028,-1.9009811,-0.8254149,-0.3870227,-0.41097897,0
-2.0490105,-0.99160206,1.57043,-0.56439459,0.5814997,0.58593255,0
-2.1681871,0.29717672,-3.2248859,-0.8254149,-0.3870227,-0.41097897,0
2.5367029,2.1271076,0.20178378,0.8254149,0.3870227,0.41097897,0
-1.0010594,-0.0091829896,1.6048735,-0.56439459,0.5814997,0.58593255,0
-2.6118796,-2.160074,-0.019753337,-0.8254149,-0.3870227,-0.41097897,0
1.2530448,3.3398004,-0.13568044,0.012214959,0.71559179,-0.69841206,0
-2.7106302,-1.3580589,-0.5766871,-0.8254149,-0.3870227,-0.41097897,0
1.9896722,1.5945462,-1.9109819,0.012214959,0.71559179,-0.69841206,0
-2.9292061,-0.5882324,0.32227123,-0.56439459,0.5814997,0.58593255,0
0.96383941,-2.0630372,1.4826226,-0.012214959,-0.71559179,0.69841206,0
0.46431398,-0.55556476,3.0184398,-0.012214959,-0.71559179,0.69841206,0
2.1125886,2.3139057,0.87767065,0.8254149,0.3870227,0.41097897,0
2.490973,2.5210779,-0.077377319,0.8254149,0.3870227,0.41097897,0
0.50546515,0.35848165,2.6911368,-0.56439459,0.5814997,0.58593255,0
1.9877664,-0.42170733,3.1822343,-0.012214959,-0.71559179,0.69841206,0
-3.0711081,-0.74756098,-0.42761135,-0.8254149,-0.3870227,-0.41097897,0
-1.6179349,-2.1661613,1.3318076,-0.012214959,-0.71559179,0.69841206,0
-2.141099,-2.6792977,-0.47631705,-0.8254149,-0.3870227,-0.41097897,0
1.1898267,1.7385771,-1.7773969,0.012214959,0.71559179,-0.69841206,0
2.5981143,-1.8062712,1.7742872,-0.012214959,-0.71559179,0.69841206,0
0.54980278,-0.47922683,3.0981505,-0.012214959,-0.71559179,0.69841206,0
0.61053705,0.97359455,-2.5713282,0.012214959,0.71559179,-0.69841206,0
-1.5932488,0.77119458,0.25997841,-0.56439459,0.5814997,0.58593255,0
-0.72011113,1.0847659,0.78982157,-0.56439459,0.5814997,0.58593255,0
-2.347966,1.8996004,-1.5868651,-0.56439459,0.5814997,0.58593255,0
1.5489054,1.2348499,-2.2872348,0.012214959,0.71559179,-0.69841206,0
-1.782408,-1.6123049,1.8964111,-0.012214959,-0.71559179,0.69841206,0
-1.0568578,0.48703808,1.0586593,-0.56439459,0.5814997,0.58593255,0
1.9703097,0.33245647,-0.99207896,0.56439459,-0.5814997,-0.58593255,0
1.8916643,-2.0455685,1.5167484,-0.012214959,-0.71559179,0.69841206,0
-0.17534924,-0.59321427,2.9686766,-0.012214959,-0.71559179,0.69841206,0
0.70647109,-0.96981233,2.5982375,-0.012214959,-0.71559179,0.69841206,0
2.8194957,-0.65690386,2.255549,0.8254149,0.3870227,0.41097897,0
1.8946949,-0.009306848,3.5030816,0.8254149,0.3870227,0.41097897,0
1.1724503,-0.69912267,2.8837357,-0.012214959,-0.71559179,0.69841206,0
1.7586794,-1.293947,2.2845321,-0.012214959,-0.71559179,0.69841206,0
-2.8060174,0.53040683,-2.163496,-0.8254149,-0.3870227,-0.41097897,0
-2.0568507,-2.4676871,1.0151881,-0.012214959,-0.71559179,0.69841206,0
1.9453057,2.19239,1.3280759,0.8254149,0.3870227,0.41097897,0
2.0796919,-1.2737124,2.3108792,-0.012214959,-0.71559179,0.69841206,0
2.6514583,1.2369394,-1.2336092,0.56439459,-0.5814997,-0.58593255,0
0.7838577,-2.2819102,1.2552176,-0.012214959,-0.71559179,0.69841206,0
-0.035857916,-0.71112096,2.8503094,-0.012214959,-0.71559179,0.69841206,0
-2.7723024,-2.5155592,0.63720489,-0.8254149,-0.3870227,-0.41097897,0
-1.5009936,1.2319741,-0.10845113,-0.56439459,0.5814997,0.58593255,0
2.0880532,1.6419631,1.5597222,0.8254149,0.3870227,0.41097897,0
1.3785076,1.1260045,-2.3496721,0.56439459,-0.5814997,-0.58593255,0
-1.9673498,-0.79730988,-2.5975618,-0.8254149,-0.3870227,-0.41097897,0
0.8914305,-0.20514445,3.3849497,-0.012214959,-0.71559179,0.69841206,0
-2.3375964,1.6633044,-1.9162142,0.012214959,0.71559179,-0.69841206,0
-3.2686334,-0.070407391,-0.5185864,-0.56439459,0.5814997,0.58593255,0
-2.4803443,1.3903068,-1.2089367,-0.56439459,0.5814997,0.58593255,0
-2.7012894,-2.0720892,1.409246,-0.012214959,-0.71559179,0.69841206,0
-1.8782678,-2.9255788,-0.77226484,-0.8254149,-0.3870227,-0.41097897,0
1.9175117,1.0569589,2.4531436,0.8254149,0.3870227,0.41097897,0
-0.38217688,-2.5739105,0.93564105,-0.012214959,-0.71559179,0.69841206,0
-1.6775775,-1.2454578,2.1801453,-0.56439459,0.5814997,0.58593255,0
-1.2242047,-1.9188905,-1.8348529,0.56439459,-0.5814997,-0.58593255,0
-1.7163943,-3.5035882,-0.55305701,-0.8254149,-0.3870227,-0.41097897,0
2.9439185,0.050662994,0.22540259,0.56439459,-0.5814997,-0.58593255,0
-2.4234552,-0.28152025,-2.1672382,-0.8254149,-0.3870227,-0.41097897,0
-1.4230894,2.0976753,-1.4551643,0.012214959,0.71559179,-0.69841206,0
