-3.9608467,-1.7925504,1.7133451,-0.70226926,-0.61358929,0.36100733,0
1.9908882,-0.87992275,-0.68853891,0.70125455,-0.5088048,0.4993594,0
3.7253432,2.5066977,-0.95766497,0.70226926,0.61358929,-0.36100733,0
2.3308859,0.41151667,-2.4916792,0.12271923,-0.60384268,-0.78760022,0
-1.3192019,-1.6761067,3.1486058,0.70125455,-0.5088048,0.4993594,0
2.9809823,3.1805058,-1.2604303,0.70226926,0.61358929,-0.36100733,0
2.7041063,0.97107327,0.1958909,0.70125455,-0.5088048,0.4993594,0
-2.9872024,-2.1759169,2.9557877,-0.70226926,-0.61358929,0.36100733,0
-3.1466548,-2.9147866,-0.79492426,0.12271923,-0.60384268,-0.78760022,0
3.2537091,2.4870682,-1.9085011,0.70226926,0.61358929,-0.36100733,0
0.85941005,2.0030856,-2.1697516,-0.70125455,0.5088048,-0.4993594,0
-3.327302,-2.9992685,0.89477396,-0.70226926,-0.61358929,0.36100733,0
4.1709123,1.8070824,-1.2800035,0.70226926,0.61358929,-0.36100733,0
0.84441191,-0.3180064,1.4940127,0.70125455,-0.5088048,0.4993594,0
2.9087934,3.3198318,-1.1640515,0.70226926,0.61358929,-0.36100733,0
2.0962994,3.9195831,-0.1390996,-0.12271923,0.60384268,0.78760022,0
0.10409254,-2.1724815,0.64409661,0.70125455,-0.5088048,0.4993594,0
0.97620559,-0.79330164,0.8246482,0.70125455,-0.5088048,0.4993594,0
0.40706027,-2.6254849,-0.2429359,0.70125455,-0.5088048,0.4993594,0
1.9564339,4.601223,-0.83875418,0.70226926,0.61358929,-0.36100733,0
1.0211596,-0.61948085,-1.9053009,0.12271923,-0.60384268,-0.78760022,0
-2.5909059,-3.6948576,1.1450243,-0.70226926,-0.61358929,0.36100733,0
1.5245605,2.572691,-2.5234485,-0.70125455,0.5088048,-0.4993594,0
-2.8685901,-0.17096579,2.2234697,-0.12271923,0.60384268,0.78760022,0
1.1020525,-1.2810875,0.15090773,0.70125455,-0.5088048,0.4993594,0
3.9487751,1.61234,-2.0431242,0.70226926,0.61358929,-0.36100733,0
2.4289246,3.2583535,0.41968393,-0.12271923,0.60384268,0.78760022,0
-1.6619112,1.0443982,1.4796841,-0.12271923,0.60384268,0.78760022,0
-2.0406206,-0.27372295,-0.41708875,-0.70125455,0.5088048,-0.4993594,0
-1.9312642,0.3077237,0.021785975,-0.70125455,0.5088048,-0.4993594,0
1.504389,3.4030547,0.16468716,-0.12271923,0.60384268,0.78760022,0
3.1047556,2.1901212,-2.7029688,0.70226926,0.61358929,-0.36100733,0
-2.6186404,-0.65046859,0.010757685,-0.70125455,0.5088048,-0.4993594,0
-2.3091798,-4.1825461,0.30754089,0.12271923,-0.60384268,-0.78760022,0
1.0871518,2.4627657,0.82058334,-0.12271923,0.60384268,0.78760022,0
0.065833807,0.98039371,1.7979624,-0.12271923,0.60384268,0.78760022,0
3.4837971,2.4634171,0.62153625,0.70125455,-0.5088048,0.4993594,0
0.28470686,2.7620864,-0.58933377,-0.70125455,0.5088048,-0.4993594,0
3.7348108,1.7429458,-2.2373643,0.70226926,0.61358929,-0.36100733,0
0.23463845,1.2083136,-2.1021848,-0.70125455,0.5088048,-0.4993594,0
0.38576534,-1.7664056,0.66229802,0.70125455,-0.5088048,0.4993594,0
-3.2360449,-0.21033587,1.3262422,-0.70125455,0.5088048,-0.4993594,0
0.46624923,0.61018264,-2.9345305,0.12271923,-0.60384268,-0.78760022,0
-4.0659547,-2.49558,0.31396723,-0.70226926,-0.61358929,0.36100733,0
1.0994819,-0.92839622,0.51388019,0.70125455,-0.5088048,0.4993594,0
1.4021919,1.6336471,-3.3084109,-0.70125455,0.5088048,-0.4993594,0
2.1862173,3.4401193,-2.3652349,0.70226926,0.61358929,-0.36100733,0
-3.3034136,0.13043815,1.9246356,-0.12271923,0.60384268,0.78760022,0
-3.9850168,-2.8146167,-0.070836544,-0.70226926,-0.61358929,0.36100733,0
0.49104333,0.68267143,-2.9862437,0.12271923,-0.60384268,-0.78760022,0
-2.8263524,-3.1042144,1.6909008,-0.70226926,-0.61358929,0.36100733,0
-0.53370166,-0.39913845,-2.3165038,0.12271923,-0.60384268,-0.78760022,0
3.3574681,1.7285407,-2.9958959,0.70226926,0.61358929,-0.36100733,0
-1.4695702,-0.96490908,3.050163,-0.12271923,0.60384268,0.78760022,0
0.62192202,2.4114351,-1.4201714,-0.70125455,0.5088048,-0.4993594,0
1.3052469,2.2833812,0.99209738,-0.12271923,0.60384268,0.78760022,0
-2.2934201,-2.0827458,-1.2998936,0.12271923,-0.60384268,-0.78760022,0
-1.189689,-3.1470037,-0.31196356,0.12271923,-0.60384268,-0.78760022,0
-2.0066702,-3.2293386,2.5314107,0.70125455,-0.5088048,0.4993594,0
-3.5338943,-3.319643,-0.54486418,0.12271923,-0.60384268,-0.78760022,0
-0.38912296,0.019786,-2.4372404,-0.70125455,0.5088048,-0.4993594,0
-0.08781147,1.2085124,1.5991268,-0.12271923,0.60384268,0.78760022,0
0.51399744,-0.19106114,2.087363,0.70125455,-0.5088048,0.4993594,0
1.7837095,-0.1340304,0.36240506,0.70125455,-0.5088048,0.4993594,0
-3.8215921,-0.74435884,2.5145919,-0.12271923,0.60384268,0.78760022,0
-2.9953766,-3.2828703,1.0584435,-0.70226926,-0.61358929,0.36100733,0
-1.9473236,0.27790093,0.01395154,-0.70125455,0.5088048,-0.4993594,0
-0.23845357,2.7198353,0.1022948,-0.70125455,0.5088048,-0.4993594,0
-1.3406115,-3.9977694,0.81309319,0.70125455,-0.5088048,0.4993594,0
2.1218338,3.9776421,-0.17963409,-0.12271923,0.60384268,0.78760022,0
3.4987135,2.1726606,0.30433321,0.70125455,-0.5088048,0.4993594,0
-2.0893693,1.042626,0.99261796,-0.70125455,0.5088048,-0.4993594,0
-1.0545887,0.84405023,-0.66286564,-0.70125455,0.5088048,-0.4993594,0
-4.2437315,-1.6429203,1.281662,-0.70125455,0.5088048,-0.4993594,0
3.2680101,1.2943203,-0.26664257,0.70125455,-0.5088048,0.4993594,0
-3.3525169,-2.2492814,2.1204457,-0.70226926,-0.61358929,0.36100733,0
2.2178044,1.8571169,-3.6176214,0.12271923,-0.60384268,-0.78760022,0
-3.803735,-1.1965929,2.8640957,-0.12271923,0.60384268,0.78760022,0
2.3565602,1.394896,-3.2416224,0.12271923,-0.60384268,-0.78760022,0
3.0419712,2.3056219,-2.6287918,0.70226926,0.61358929,-0.36100733,0
2.6084964,2.5020251,-3.1382139,0.70226926,0.61358929,-0.36100733,0
3.0130887,1.0299373,-2.8595173,0.12271923,-0.60384268,-0.78760022,0
-1.112173,0.73248696,1.8044791,-0.12271923,0.60384268,0.78760022,0
-3.8638616,-1.5601492,2.2970135,-0.70226926,-0.61358929,0.36100733,0
-1.7632637,-0.58594322,2.7138534,-0.12271923,0.60384268,0.78760022,0
-0.79181266,0.68436265,-1.1945925,-0.70125455,0.5088048,-0.4993594,0
-1.572457,0.81642538,0.036233783,-0.70125455,0.5088048,-0.4993594,0
-1.8168097,-3.3406706,-0.26119661,0.12271923,-0.60384268,-0.78760022,0
2.8173842,2.6876464,0.91776514,-0.12271923,0.60384268,0.78760022,0
2.102561,-1.2037375,-1.1753018,0.70125455,-0.5088048,0.4993594,0
3.3917603,2.0685904,-2.3512189,0.70226926,0.61358929,-0.36100733,0
3.5238886,1.5651462,-0.35002661,0.70125455,-0.5088048,0.4993594,0
3.2007689,2.7420006,-1.5781865,0.70226926,0.61358929,-0.36100733,0
-0.36048907,2.6440642,0.19646621,-0.70125455,0.5088048,-0.4993594,0
-3.1181736,-3.7675514,-0.13668299,0.12271923,-0.60384268,-0.78760022,0
-3.6294088,-1.449034,2.9419539,-0.70226926,-0.61358929,0.36100733,0
4.0387502,0.44476283,-2.2146268,0.70125455,-0.5088048,0.4993594,0
-2.1291313,0.91541576,1.5057735,-0.12271923,0.60384268,0.78760022,0
3.3578563,1.961869,-2.5985622,0.70226926,0.61358929,-0.36100733,0
-0.81319356,1.1951964,1.4963112,-0.12271923,0.60384268,0.78760022,0
-2.7588878,-2.2008257,3.3575933,-0.70226926,-0.61358929,0.36100733,0
1.006231,1.8511838,1.2768664,-0.12271923,0.60384268,0.78760022,0
3.9320388,2.065279,-1.30584,0.70226926,0.61358929,-0.36100733,0
-3.1190073,-0.065925032,1.3090279,-0.70125455,0.5088048,-0.4993594,0
-3.8155386,-2.292433,1.1463847,-0.70226926,-0.61358929,0.36100733,0
2.2299123,4.3346548,-0.75983047,0.70226926,0.61358929,-0.36100733,0
0.88576454,3.4322429,-0.75057125,-0.70125455,0.5088048,-0.4993594,0
0.52582979,1.6254429,-2.0860882,-0.70125455,0.5088048,-0.4993594,0
-0.78539503,1.4308233,-0.44302464,-0.70125455,0.5088048,-0.4993594,0
-2.9531052,0.11719316,1.9893734,-0.12271923,0.60384268,0.78760022,0
-0.15061492,-3.1011879,-0.18518758,0.12271923,-0.60384268,-0.78760022,0
-0.027017236,1.2306701,-1.7119602,-0.70125455,0.5088048,-0.4993594,0
-2.7322433,-2.3645308,3.1311815,-0.70226926,-0.61358929,0.36100733,0
0.19503617,-2.4552889,-0.62653267,0.12271923,-0.60384268,-0.78760022,0
-3.8181114,-2.8443441,0.2033186,-0.70226926,-0.61358929,0.36100733,0
2.1893342,3.656146,-1.9920006,0.70226926,0.61358929,-0.36100733,0
-2.6307983,-3.1970997,-0.49810123,0.12271923,-0.60384268,-0.78760022,0
0.87265825,1.4830782,-2.7181995,-0.70125455,0.5088048,-0.4993594,0
-2.3112228,-1.080235,3.0074403,-0.12271923,0.60384268,0.78760022,0
4.1317253,2.3545132,-0.42578983,0.70226926,0.61358929,-0.36100733,0
-1.6741545,-4.0320954,1.2465162,0.70125455,-0.5088048,0.4993594,0
-3.5794785,-2.418566,1.3912101,-0.70226926,-0.61358929,0.36100733,0
2.5700464,2.56265,-3.1099699,0.70226926,0.61358929,-0.36100733,0
1.9592267,4.0316558,-1.6472926,-0.70125455,0.5088048,-0.4993594,0
0.98656988,0.94365883,-3.1091292,0.12271923,-0.60384268,-0.78760022,0
-3.1497579,-0.87164032,0.53125525,-0.70125455,0.5088048,-0.4993594,0
3.2568035,0.44048011,-1.1208963,0.70125455,-0.5088048,0.4993594,0
3.0102353,2.0233641,-3.17027,0.70226926,0.61358929,-0.36100733,0
-3.4040322,-3.3746448,-0.4824605,0.12271923,-0.60384268,-0.78760022,0
0.0050278902,-2.2581191,-0.80730629,0.12271923,-0.60384268,-0.78760022,0
-2.8130503,-1.8977642,-0.9871192,-0.70125455,0.5088048,-0.4993594,0
0.19429445,0.93298304,-2.3260679,-0.70125455,0.5088048,-0.4993594,0
-0.18867457,0.9280864,1.7984099,-0.12271923,0.60384268,0.78760022,0
2.481108,3.8765128,-1.0498633,0.70226926,0.61358929,-0.36100733,0
2.6753778,3.3887112,-1.5010467,0.70226926,0.61358929,-0.36100733,0
-2.424695,-3.1110358,2.4606533,-0.70226926,-0.61358929,0.36100733,0
1.3217822,3.1348348,-1.6659088,-0.70125455,0.5088048,-0.4993594,0
2.157927,0.38472235,-2.4980857,0.12271923,-0.60384268,-0.78760022,0
0.72157061,1.5014553,1.5006448,-0.12271923,0.60384268,0.78760022,0
-3.9815974,-1.7968283,1.6657085,-0.70226926,-0.61358929,0.36100733,0
1.6907458,2.261622,1.0688462,-0.12271923,0.60384268,0.78760022,0
2.9441409,3.2386494,-1.233273,0.70226926,0.61358929,-0.36100733,0
3.8035316,2.85549,0.5720191,0.70125455,-0.5088048,0.4993594,0
-2.3826468,-3.6409636,1.6417542,-0.70226926,-0.61358929,0.36100733,0
2.9585819,3.4688125,-0.81398249,0.70226926,0.61358929,-0.36100733,0
-4.0590019,-2.2480688,0.74817848,-0.70226926,-0.61358929,0.36100733,0
-0.38617682,-0.32451022,2.7279856,-0.12271923,0.60384268,0.78760022,0
0.90145952,2.6863465,-1.5326169,-0.70125455,0.5088048,-0.4993594,0
-2.4587939,-3.1338832,2.3554876,-0.70226926,-0.61358929,0.36100733,0
-3.1178412,-2.7249544,1.7684803,-0.70226926,-0.61358929,0.36100733,0
3.0253122,-0.119642,-1.366528,0.70125455,-0.5088048,0.4993594,0
-2.5676112,-0.87807465,2.8124979,-0.12271923,0.60384268,0.78760022,0
-2.6852868,-0.05485338,2.1630094,-0.12271923,0.60384268,0.78760022,0
1.9661996,3.1736803,0.41250277,-0.12271923,0.60384268,0.78760022,0
-3.9410651,-0.37854373,2.1449187,-0.70125455,0.5088048,-0.4993594,0
2.7096093,3.6708212,-0.95496464,0.70226926,0.61358929,-0.36100733,0
0.42183626,1.9095175,-1.6506008,-0.70125455,0.5088048,-0.4993594,0
-2.9970067,-0.30133832,2.3034158,-0.12271923,0.60384268,0.78760022,0
-0.3655057,0.57446611,-1.9052343,-0.70125455,0.5088048,-0.4993594,0
4.041769,2.3545289,-0.60075521,0.70226926,0.61358929,-0.36100733,0
1.8638272,2.3289251,-3.2482603,-0.70125455,0.5088048,-0.4993594,0
-3.2093768,-1.7921911,3.1757939,-0.70226926,-0.61358929,0.36100733,0
-2.9454327,-1.786388,-0.68773079,-0.70125455,0.5088048,-0.4993594,0
0.1486032,1.6664875,-1.5145245,-0.70125455,0.5088048,-0.4993594,0
1.6057832,-0.17447448,-2.1553886,0.12271923,-0.60384268,-0.78760022,0
1.7737372,2.126483,-3.3280175,-0.70125455,0.5088048,-0.4993594,0
0.034337282,0.66664505,2.033602,-0.12271923,0.60384268,0.78760022,0
-2.5050521,-1.879402,-1.4009337,-0.70125455,0.5088048,-0.4993594,0
-4.1433668,-1.9772465,0.80006981,-0.70125455,0.5088048,-0.4993594,0
-0.25938225,0.17309701,2.3662333,-0.12271923,0.60384268,0.78760022,0
-1.5630178,-0.44589543,2.6376817,-0.12271923,0.60384268,0.78760022,0
-2.492044,0.10798267,0.60577488,-0.70125455,0.5088048,-0.4993594,0
-2.3982582,-3.0096889,2.6843367,-0.70226926,-0.61358929,0.36100733,0
-3.428143,-2.8065243,1.026207,-0.70226926,-0.61358929,0.36100733,0
-2.2214599,-3.9239366,1.4743538,-0.70226926,-0.61358929,0.36100733,0
2.4781175,2.1965537,-3.8373029,0.12271923,-0.60384268,-0.78760022,0
-2.3251131,0.32685474,1.926479,-0.12271923,0.60384268,0.78760022,0
3.6222165,2.7269254,-0.78396654,0.70226926,0.61358929,-0.36100733,0
2.276732,2.0070369,1.3553381,-0.12271923,0.60384268,0.78760022,0
2.8518496,3.5721841,0.24497175,-0.12271923,0.60384268,0.78760022,0
-2.0313442,0.55184269,1.799757,-0.12271923,0.60384268,0.78760022,0
-0.66135949,2.3167686,0.28549445,-0.70125455,0.5088048,-0.4993594,0
-3.9553938,-2.7942972,0.021326065,-0.70226926,-0.61358929,0.36100733,0
-0.25350857,1.8559355,1.0769382,-0.12271923,0.60384268,0.78760022,0
-0.57024086,-2.6631892,-0.58637929,0.12271923,-0.60384268,-0.78760022,0
-2.5598831,-3.3275483,1.8296747,-0.70226926,-0.61358929,0.36100733,0
4.3257747,1.3703598,-1.7210293,0.70226926,0.61358929,-0.36100733,0
-0.48744631,-2.0752754,-1.0242245,0.12271923,-0.60384268,-0.78760022,0
0.24433339,-1.7712231,-1.1433157,0.12271923,-0.60384268,-0.78760022,0
2.3132346,3.9050512,-1.3279223,0.70226926,0.61358929,-0.36100733,0
1.7807944,-0.26773131,0.23026884,0.70125455,-0.5088048,0.4993594,0
-3.7470424,-1.5082469,2.6124797,-0.70226926,-0.61358929,0.36100733,0
1.148757,-1.917406,-0.5630343,0.70125455,-0.5088048,0.4993594,0
-2.2945273,-4.1637669,0.9245863,-0.70226926,-0.61358929,0.36100733,0
-3.0806987,-2.7595503,1.7819324,-0.70226926,-0.61358929,0.36100733,0
-2.6010003,-1.9450846,3.6253581,-0.12271923,0.60384268,0.78760022,0
0.92554903,1.4239693,-2.8527014,-0.70125455,0.5088048,-0.4993594,0
-2.2619691,-2.2572448,-1.1612065,0.12271923,-0.60384268,-0.78760022,0
-0.96343511,2.1217043,0.51094794,-0.70125455,0.5088048,-0.4993594,0
0.55747974,3.5345538,-0.18531227,-0.70125455,0.5088048,-0.4993594,0
-2.6077271,-4.0819159,0.4544363,-0.70226926,-0.61358929,0.36100733,0
3.1296437,3.4415283,-0.52758932,0.70226926,0.61358929,-0.36100733,0
0.023958445,-0.26449406,2.700707,0.70125455,-0.5088048,0.4993594,0
3.8224068,1.6947677,-2.1488509,0.70226926,0.61358929,-0.36100733,0
2.445405,-0.55148917,-1.7355114,0.12271923,-0.60384268,-0.78760022,0
1.5881577,2.3292751,-2.8607786,-0.70125455,0.5088048,-0.4993594,0
1.7023015,0.49081993,-2.6504221,0.12271923,-0.60384268,-0.78760022,0
0.46045411,1.8256013,1.2114404,-0.12271923,0.60384268,0.78760022,0
0.76921511,0.043150187,-2.4525878,0.12271923,-0.60384268,-0.78760022,0
1.0789176,2.0799422,1.1128061,-0.12271923,0.60384268,0.78760022,0
-0.35637712,2.5828333,0.5036068,-0.12271923,0.60384268,0.78760022,0
0.68712211,3.5022597,-0.40027523,-0.70125455,0.5088048,-0.4993594,0
1.1453066,1.5734695,-3.0089808,-0.70125455,0.5088048,-0.4993594,0
-0.55994177,2.0734496,-0.10484874,-0.70125455,0.5088048,-0.4993594,0
0.4560647,1.6054418,-2.0084956,-0.70125455,0.5088048,-0.4993594,0
-0.051906347,-1.1335812,-1.6783458,0.12271923,-0.60384268,-0.78760022,0
-3.4763918,-1.4984736,0.35125971,-0.70125455,0.5088048,-0.4993594,0
1.4103217,-0.9123562,-1.6201202,0.12271923,-0.60384268,-0.78760022,0
-0.03454411,-0.96251869,2.071635,0.70125455,-0.5088048,0.4993594,0
1.4162264,0.61057162,-2.786809,0.12271923,-0.60384268,-0.78760022,0
2.5048819,4.2078958,-0.44037819,0.70226926,0.61358929,-0.36100733,0
2.8545554,0.35133722,-0.64684463,0.70125455,-0.5088048,0.4993594,0
0.092102289,1.0931338,-2.0193787,-0.70125455,0.5088048,-0.4993594,0
3.1414762,0.26096308,-2.2499499,0.12271923,-0.60384268,-0.78760022,0
-0.73468971,-0.054968476,-2.0281265,-0.70125455,0.5088048,-0.4993594,0
-1.446887,-2.4019828,2.5883081,0.70125455,-0.5088048,0.4993594,0
0.55596089,2.3437085,0.82909596,-0.12271923,0.60384268,0.78760022,0
4.0383453,1.2115861,-1.4327312,0.70125455,-0.5088048,0.4993594,0
-2.5463607,-3.0592284,2.3120325,-0.70226926,-0.61358929,0.36100733,0
1.7975347,2.4132774,-3.0692177,-0.70125455,0.5088048,-0.4993594,0
2.3688817,2.6285372,-3.3893108,0.70226926,0.61358929,-0.36100733,0
0.95138276,-0.52572811,-1.988052,0.12271923,-0.60384268,-0.78760022,0
-2.2209463,1.1526662,1.2895138,-0.70125455,0.5088048,-0.4993594,0
0.40317762,1.1212431,1.742538,-0.12271923,0.60384268,0.78760022,0
0.37020481,-2.0755105,-0.89040995,0.12271923,-0.60384268,-0.78760022,0
2.8392541,2.2958195,-3.039799,0.70226926,0.61358929,-0.36100733,0
-2.6451559,-4.070672,0.4007349,-0.70226926,-0.61358929,0.36100733,0
-1.7135816,-3.9881399,0.25129461,0.12271923,-0.60384268,-0.78760022,0
0.83871758,0.55018115,2.2482274,-0.12271923,0.60384268,0.78760022,0
-0.36326367,-2.7073994,-0.52023387,0.12271923,-0.60384268,-0.78760022,0
-1.317066,-1.8817233,2.9361002,0.70125455,-0.5088048,0.4993594,0
0.18314052,0.93154049,-2.3118742,-0.70125455,0.5088048,-0.4993594,0
-3.6512275,-1.8849401,2.158618,-0.70226926,-0.61358929,0.36100733,0
-4.2505212,-1.6354725,1.4168196,-0.70226926,-0.61358929,0.36100733,0
-3.1187456,-0.41891232,0.94899559,-0.70125455,0.5088048,-0.4993594,0
-3.7354815,-1.0201632,2.7394645,-0.12271923,0.60384268,0.78760022,0
3.1743827,3.6140749,0.26311016,-0.12271923,0.60384268,0.78760022,0
3.9024346,2.0578203,-1.3761067,0.70226926,0.61358929,-0.36100733,0
3.9561114,1.5904065,-2.0661325,0.70226926,0.61358929,-0.36100733,0
3.2146971,3.3647091,-0.4927001,0.70226926,0.61358929,-0.36100733,0
0.14461541,1.5996175,1.3354872,-0.12271923,0.60384268,0.78760022,0
0.48423943,-2.1094069,0.17452085,0.70125455,-0.5088048,0.4993594,0
0.67292762,-0.15857375,-2.3129315,0.12271923,-0.60384268,-0.78760022,0
4.2590041,0.74128288,-2.2218018,0.70125455,-0.5088048,0.4993594,0
-2.4924407,-1.2055726,-0.73206949,-0.70125455,0.5088048,-0.4993594,0
2.4049373,2.2476935,-3.8879137,0.12271923,-0.60384268,-0.78760022,0
-2.2297583,0.86829013,1.5262251,-0.12271923,0.60384268,0.78760022,0
2.1746957,4.0448389,-1.3598318,0.70226926,0.61358929,-0.36100733,0
-3.5066724,-2.7519379,0.96622086,-0.70226926,-0.61358929,0.36100733,0
2.3729849,3.282671,-2.2695239,0.70226926,0.61358929,-0.36100733,0
-1.5982615,-0.39274788,-1.1595737,-0.70125455,0.5088048,-0.4993594,0
-1.0767412,-1.4972765,2.9903278,0.70125455,-0.5088048,0.4993594,0
3.0061967,2.8386929,0.83137941,-0.12271923,0.60384268,0.78760022,0
1.7254324,1.266364,-3.2414176,0.12271923,-0.60384268,-0.78760022,0
2.9690557,2.8133767,-1.9076252,0.70226926,0.61358929,-0.36100733,0
1.4367467,-0.20794636,0.77433383,0.70125455,-0.5088048,0.4993594,0
-3.2027979,-2.3865726,2.1783457,-0.70226926,-0.61358929,0.36100733,0
1.6261343,1.9235185,1.3179982,-0.12271923,0.60384268,0.78760022,0
3.4281514,3.0069268,-0.68557405,0.70226926,0.61358929,-0.36100733,0
2.3649764,0.7607553,-2.7541239,0.12271923,-0.60384268,-0.78760022,0
2.8254571,3.6541786,-0.75789118,0.70226926,0.61358929,-0.36100733,0
1.6530656,-0.31196249,-2.0426111,0.12271923,-0.60384268,-0.78760022,0
2.2225018,4.4627581,-0.55651426,0.70226926,0.61358929,-0.36100733,0
2.6527216,3.6608171,-1.0826321,0.70226926,0.61358929,-0.36100733,0
3.7192676,2.4548621,-1.0575857,0.70226926,0.61358929,-0.36100733,0
0.29670262,0.23098397,-2.6702216,0.12271923,-0.60384268,-0.78760022,0
3.0485046,3.6606266,0.20780611,-0.12271923,0.60384268,0.78760022,0
-0.97566533,-1.5592363,2.7852545,0.70125455,-0.5088048,0.4993594,0
-0.52919781,-0.72568715,-2.0654414,0.12271923,-0.60384268,-0.78760022,0
-2.0749502,-2.71,3.1564591,0.70125455,-0.5088048,0.4993594,0
-2.8867059,-0.79236394,0.24262524,-0.70125455,0.5088048,-0.4993594,0
1.7136172,-1.1440529,-1.3952234,0.12271923,-0.60384268,-0.78760022,0
2.0219803,-1.2978258,-1.1580095,0.70125455,-0.5088048,0.4993594,0
3.4248741,0.65866727,-1.1346049,0.70125455,-0.5088048,0.4993594,0
-0.23951221,-1.3884219,1.9255142,0.70125455,-0.5088048,0.4993594,0
-1.5384141,-2.706233,-0.70423317,0.12271923,-0.60384268,-0.78760022,0
0.83396327,1.4087414,1.5892395,-0.12271923,0.60384268,0.78760022,0
1.8063457,0.23132873,-2.4352622,0.12271923,-0.60384268,-0.78760022,0
2.9377847,2.9834542,-1.6793833,0.70226926,0.61358929,-0.36100733,0
1.2870486,3.3583112,0.16512704,-0.12271923,0.60384268,0.78760022,0
-2.1015823,-1.1748593,-1.2496612,-0.70125455,0.5088048,-0.4993594,0
0.72644371,-1.2241584,0.73638439,0.70125455,-0.5088048,0.4993594,0
-1.647053,1.5135801,1.1222836,-0.12271923,0.60384268,0.78760022,0
3.7200253,3.01862,-0.09791708,0.70226926,0.61358929,-0.36100733,0
1.0108325,-1.9468462,-0.88923621,0.12271923,-0.60384268,-0.78760022,0
1.9658889,4.2282262,-1.4543276,0.70226926,0.61358929,-0.36100733,0
-2.2117682,-1.6189048,-1.5473707,-0.70125455,0.5088048,-0.4993594,0
2.6404474,2.6581552,-2.8106923,0.70226926,0.61358929,-0.36100733,0
-1.5980544,-2.1759465,-1.1200895,0.12271923,-0.60384268,-0.78760022,0
-2.0761859,-4.4446278,0.54477882,0.12271923,-0.60384268,-0.78760022,0
2.3500404,1.0261735,-2.9599438,0.12271923,-0.60384268,-0.78760022,0
3.2030082,3.1316538,-0.91155386,0.70226926,0.61358929,-0.36100733,0
0.40184724,-1.6277177,0.78102505,0.70125455,-0.5088048,0.4993594,0
-0.6203903,1.0853751,-1.0267247,-0.70125455,0.5088048,-0.4993594,0
1.6205428,-0.70620376,-1.745419,0.12271923,-0.60384268,-0.78760022,0
2.7648587,0.56980616,-2.5454183,0.12271923,-0.60384268,-0.78760022,0
1.1720819,2.1948333,-2.413465,-0.70125455,0.5088048,-0.4993594,0
0.51994944,-0.68857998,-1.9304192,0.12271923,-0.60384268,-0.78760022,0
-2.6834576,0.075552702,0.84153533,-0.70125455,0.5088048,-0.4993594,0
-1.6675858,0.23389602,-0.42372382,-0.70125455,0.5088048,-0.4993594,0
-4.0468802,-2.0700889,0.5699749,-0.70125455,0.5088048,-0.4993594,0
-1.9300911,-1.3162026,-1.6345046,-0.70125455,0.5088048,-0.4993594,0
2.3991179,2.7157931,-3.1821871,0.70226926,0.61358929,-0.36100733,0
0.38011289,0.23596621,2.4176745,-0.12271923,0.60384268,0.78760022,0
-3.683336,-2.3115337,1.3710938,-0.70226926,-0.61358929,0.36100733,0
-1.9054661,-3.5410833,-0.12135649,0.12271923,-0.60384268,-0.78760022,0
2.7979245,1.4343135,0.53614306,0.70125455,-0.5088048,0.4993594,0
-1.8541574,0.22841102,-0.16730869,-0.70125455,0.5088048,-0.4993594,0
2.8727641,3.132653,-1.5522804,0.70226926,0.61358929,-0.36100733,0
-3.3999493,-1.7777174,-0.040614605,-0.70125455,0.5088048,-0.4993594,0
2.9720664,1.9991148,-3.2857368,0.70226926,0.61358929,-0.36100733,0
2.1085904,-1.017386,-1.430795,0.12271923,-0.60384268,-0.78760022,0
-1.3433309,0.10112798,-1.0143573,-0.70125455,0.5088048,-0.4993594,0
3.2285662,2.4998145,-1.9357462,0.70226926,0.61358929,-0.36100733,0
3.7613173,2.6588058,0.43089628,0.70125455,-0.5088048,0.4993594,0
3.4373169,2.9640174,-0.74067593,0.70226926,0.61358929,-0.36100733,0
1.5161873,0.11119163,0.98794925,0.70125455,-0.5088048,0.4993594,0
-4.1812248,-1.1303924,1.7161064,-0.70125455,0.5088048,-0.4993594,0
-2.9812369,-3.1891501,1.2452421,-0.70226926,-0.61358929,0.36100733,0
3.8829887,2.5515642,-0.5747385,0.70226926,0.61358929,-0.36100733,0
-1.7707537,-3.0936143,2.338403,0.70125455,-0.5088048,0.4993594,0
-1.2495651,-2.9948373,1.707139,0.70125455,-0.5088048,0.4993594,0
2.4730985,1.9956515,1.3946638,-0.12271923,0.60384268,0.78760022,0
-0.83682215,0.38251269,2.1157036,-0.12271923,0.60384268,0.78760022,0
-3.299943,-2.1185594,2.444901,-0.70226926,-0.61358929,0.36100733,0
1.0513275,1.728331,-2.7192144,-0.70125455,0.5088048,-0.4993594,0
-1.9850143,-3.1864123,-0.40567255,0.12271923,-0.60384268,-0.78760022,0
-1.7780083,-1.2081852,-1.7380152,-0.70125455,0.5088048,-0.4993594,0
2.282557,2.7253923,-3.3926179,0.70226926,0.61358929,-0.36100733,0
-0.34471327,-2.3917341,-0.75935996,0.12271923,-0.60384268,-0.78760022,0
3.0942585,-0.091383964,-1.434557,0.70125455,-0.5088048,0.4993594,0
0.071816444,-0.68744326,2.2025504,0.70125455,-0.5088048,0.4993594,0
3.1800766,3.5581317,-0.23129511,0.70226926,0.61358929,-0.36100733,0
2.2224197,0.4604367,-2.5460858,0.12271923,-0.60384268,-0.78760022,0
-1.9029963,-2.9192662,2.7017584,0.70125455,-0.5088048,0.4993594,0
3.1103549,1.957588,0.63056707,0.70125455,-0.5088048,0.4993594,0
-0.87327814,0.065869331,2.3527894,-0.12271923,0.60384268,0.78760022,0
3.3386214,3.5421672,0.04998827,0.70226926,0.61358929,-0.36100733,0
-2.7114818,-2.7149746,-0.88031149,0.12271923,-0.60384268,-0.78760022,0
-3.2643347,-1.7190336,3.1932273,-0.70226926,-0.61358929,0.36100733,0
-2.8727036,-2.6858003,2.3118951,-0.70226926,-0.61358929,0.36100733,0
-3.0444179,-3.361443,0.82949734,-0.70226926,-0.61358929,0.36100733,0
1.4226767,-0.9557398,-1.5849334,0.12271923,-0.60384268,-0.78760022,0
-1.4981382,-3.1639028,1.883949,0.70125455,-0.5088048,0.4993594,0
-3.1719685,-2.192872,2.5675447,-0.70226926,-0.61358929,0.36100733,0
2.8634267,3.180913,-1.4884195,0.70226926,0.61358929,-0.36100733,0
3.7850535,1.9598265,-0.31463718,0.70125455,-0.5088048,0.4993594,0
-4.2070589,-2.0177765,0.85158062,-0.70226926,-0.61358929,0.36100733,0
1.2030048,1.3621336,-3.3053403,-0.70125455,0.5088048,-0.4993594,0
2.5628877,0.64801276,-2.636848,0.12271923,-0.60384268,-0.78760022,0
-0.88703847,-1.7686169,2.4474545,0.70125455,-0.5088048,0.4993594,0
2.3628068,2.6009421,-3.4480305,0.70226926,0.61358929,-0.36100733,0
3.8862047,1.5547562,-2.2627158,0.70226926,0.61358929,-0.36100733,0
2.2353539,2.3656831,1.0739217,-0.12271923,0.60384268,0.78760022,0
-2.2125812,-3.1949863,2.7305913,-0.70226926,-0.61358929,0.36100733,0
3.3732646,2.4053285,-1.814858,0.70226926,0.61358929,-0.36100733,0
-3.7160077,-2.707005,0.63537073,-0.70226926,-0.61358929,0.36100733,0
-0.34337354,-0.79715049,2.6738229,0.70125455,-0.5088048,0.4993594,0
3.7459521,1.6995673,-2.2894201,0.70226926,0.61358929,-0.36100733,0
-3.5871477,-2.8088555,0.71293211,-0.70226926,-0.61358929,0.36100733,0
4.4439688,0.84536159,-2.383424,0.70226926,0.61358929,-0.36100733,0
1.2797822,2.4773185,-2.27688,-0.70125455,0.5088048,-0.4993594,0
0.27387786,1.2029636,-2.1627402,-0.70125455,0.5088048,-0.4993594,0
2.3401127,3.3538892,-2.212424,0.70226926,0.61358929,-0.36100733,0
3.5728209,2.7883427,-0.77566624,0.70226926,0.61358929,-0.36100733,0
2.2892308,0.99479151,-2.9453588,0.12271923,-0.60384268,-0.78760022,0
1.2795229,-0.63325608,0.56176996,0.70125455,-0.5088048,0.4993594,0
-0.37515524,1.735068,-0.70912838,-0.70125455,0.5088048,-0.4993594,0
-1.6593019,1.0642043,0.41065687,-0.70125455,0.5088048,-0.4993594,0
-3.3979778,-2.334151,-0.61034203,-0.70125455,0.5088048,-0.4993594,0
3.9881001,2.4097691,-0.61126852,0.70226926,0.61358929,-0.36100733,0
2.0687497,1.2583876,1.3808765,0.70125455,-0.5088048,0.4993594,0
3.4179242,1.983107,-2.4456141,0.70226926,0.61358929,-0.36100733,0
2.140913,3.9803209,-0.17871523,-0.12271923,0.60384268,0.78760022,0
-0.33640814,-1.7325766,1.710921,0.70125455,-0.5088048,0.4993594,0
2.1216364,4.2454586,-1.1220627,0.70226926,0.61358929,-0.36100733,0
-3.1231346,-2.3709354,2.3598936,-0.70226926,-0.61358929,0.36100733,0
2.4053407,3.8164585,-1.2993264,0.70226926,0.61358929,-0.36100733,0
-2.041791,-3.5264213,2.2780292,0.70125455,-0.5088048,0.4993594,0
3.0167069,2.6533489,0.97511768,-0.12271923,0.60384268,0.78760022,0
-2.6486721,-0.31157357,0.39823651,-0.70125455,0.5088048,-0.4993594,0
-1.0609403,-1.6980599,-1.4027892,0.12271923,-0.60384268,-0.78760022,0
-1.0168846,-3.5938954,0.76999402,0.70125455,-0.5088048,0.4993594,0
3.3645542,0.64281499,-1.0660489,0.70125455,-0.5088048,0.4993594,0
-0.46146774,-1.9789001,1.6355611,0.70125455,-0.5088048,0.4993594,0
-0.77232075,0.66608435,1.9083431,-0.12271923,0.60384268,0.78760022,0
1.3644643,2.1222627,1.1248519,-0.12271923,0.60384268,0.78760022,0
2.0998373,4.1511002,-0.31604958,-0.12271923,0.60384268,0.78760022,0
-0.98867214,1.551865,1.1955161,-0.12271923,0.60384268,0.78760022,0
-3.4152808,-2.0641961,2.3129327,-0.70226926,-0.61358929,0.36100733,0
4.0509419,0.98187792,-1.6844735,0.70125455,-0.5088048,0.4993594,0
1.9343438,0.17202467,0.46271241,0.70125455,-0.5088048,0.4993594,0
3.2840171,2.1181505,-2.4765768,0.70226926,0.61358929,-0.36100733,0
3.7688084,2.2382948,-1.3293061,0.70226926,0.61358929,-0.36100733,0
1.4212978,1.8426703,1.3480668,-0.12271923,0.60384268,0.78760022,0
-1.4078829,-3.4619808,-0.10447216,0.12271923,-0.60384268,-0.78760022,0
-3.3458052,-1.9544206,2.6346645,-0.70226926,-0.61358929,0.36100733,0
-2.4445491,-0.51912367,-0.099890947,-0.70125455,0.5088048,-0.4993594,0
-1.5605628,-3.5399542,1.5884478,0.70125455,-0.5088048,0.4993594,0
-2.6275525,-3.8340621,0.83713579,-0.70226926,-0.61358929,0.36100733,0
-2.2050114,-4.2163653,1.0093222,-0.70226926,-0.61358929,0.36100733,0
1.4258189,-1.3101978,-1.3126855,0.12271923,-0.60384268,-0.78760022,0
-1.8888614,-0.86003733,-1.2276099,-0.70125455,0.5088048,-0.4993594,0
2.4085956,3.0821624,-2.5410469,0.70226926,0.61358929,-0.36100733,0
-2.0109229,-1.164524,3.118855,-0.12271923,0.60384268,0.78760022,0
-1.8633184,1.0174572,0.64952749,-0.70125455,0.5088048,-0.4993594,0
-3.3215816,-2.5985243,1.5870299,-0.70226926,-0.61358929,0.36100733,0
-2.3070841,-3.3810945,2.2304366,-0.70226926,-0.61358929,0.36100733,0
1.978088,0.24752378,-2.4209187,0.12271923,-0.60384268,-0.78760022,0
-0.048870087,0.033660173,-2.5727813,0.12271923,-0.60384268,-0.78760022,0
-2.869473,-3.9428778,0.18157816,-0.70226926,-0.61358929,0.36100733,0
0.15477872,0.22070289,-2.684453,0.12271923,-0.60384268,-0.78760022,0
-3.0178642,-3.0062044,1.4849367,-0.70226926,-0.61358929,0.36100733,0
4.1864119,1.6182482,-1.570807,0.70226926,0.61358929,-0.36100733,0
-0.37105918,-0.6922754,2.819561,0.70125455,-0.5088048,0.4993594,0
-1.4418113,1.6599977,0.71229577,-0.70125455,0.5088048,-0.4993594,0
-4.2294865,-1.4709287,1.7374067,-0.70226926,-0.61358929,0.36100733,0
-1.5002067,1.6171241,1.0657784,-0.12271923,0.60384268,0.78760022,0
2.456785,2.4010019,-3.6050448,0.70226926,0.61358929,-0.36100733,0
1.5709522,1.7148166,-3.4626985,-0.70125455,0.5088048,-0.4993594,0
2.2935388,2.9015255,0.67216444,-0.12271923,0.60384268,0.78760022,0
1.0025182,1.5644329,-2.8176694,-0.70125455,0.5088048,-0.4993594,0
-1.4998026,-1.2882836,-1.7853401,0.12271923,-0.60384268,-0.78760022,0
-3.9041326,-1.3089287,1.1450706,-0.70125455,0.5088048,-0.4993594,0
-2.2371712,-3.7565174,1.7283459,-0.70226926,-0.61358929,0.36100733,0
-3.3765864,-0.1373914,1.5979297,-0.70125455,0.5088048,-0.4993594,0
0.7219919,-2.3165951,-0.37046432,0.70125455,-0.5088048,0.4993594,0
-2.936753,-2.6322141,2.2783773,-0.70226926,-0.61358929,0.36100733,0
-1.8948475,-1.8426856,-1.4218409,0.12271923,-0.60384268,-0.78760022,0
3.5014651,3.2469878,-0.13493586,0.70226926,0.61358929,-0.36100733,0
-3.6025395,-1.4564509,2.9816167,-0.70226926,-0.61358929,0.36100733,0
-3.1137655,-2.5322976,2.1038589,-0.70226926,-0.61358929,0.36100733,0
-2.9722922,-2.6041379,2.2569628,-0.70226926,-0.61358929,0.36100733,0
0.5947693,2.9207942,0.39269853,-0.12271923,0.60384268,0.78760022,0
-0.0037879944,-2.1597118,-0.88412726,0.12271923,-0.60384268,-0.78760022,0
-1.3168439,1.7169209,0.59480256,-0.70125455,0.5088048,-0.4993594,0
0.1371932,-1.7836342,-1.1504941,0.12271923,-0.60384268,-0.78760022,0
2.9489937,0.66527057,-0.45959377,0.70125455,-0.5088048,0.4993594,0
1.2882565,1.7220217,1.4198368,-0.12271923,0.60384268,0.78760022,0
1.0520911,1.5728785,-2.8786802,-0.70125455,0.5088048,-0.4993594,0
2.1433916,2.7804015,0.74163342,-0.12271923,0.60384268,0.78760022,0
-2.5280042,-0.17310447,2.2781777,-0.12271923,0.60384268,0.78760022,0
1.5676204,-1.2100331,-0.43049461,0.70125455,-0.5088048,0.4993594,0
-2.9311795,-2.5473008,2.4335437,-0.70226926,-0.61358929,0.36100733,0
0.27592802,0.082548141,-2.559655,0.12271923,-0.60384268,-0.78760022,0
2.4155331,0.3320505,-0.049973249,0.70125455,-0.5088048,0.4993594,0
-2.1672564,-3.8030956,0.038734436,0.12271923,-0.60384268,-0.78760022,0
-3.4329813,-2.747992,1.1162801,-0.70226926,-0.61358929,0.36100733,0
1.3544619,3.761348,-1.0734367,-0.70125455,0.5088048,-0.4993594,0
2.3848569,4.2214789,-0.65077591,0.70226926,0.61358929,-0.36100733,0
-2.0495198,-1.3858854,3.2825556,-0.12271923,0.60384268,0.78760022,0
-3.5724173,-3.3475974,-0.17408991,-0.70226926,-0.61358929,0.36100733,0
-0.5363813,2.321171,0.11447227,-0.70125455,0.5088048,-0.4993594,0
-3.9762907,-2.5162137,0.45332146,-0.70226926,-0.61358929,0.36100733,0
1.0860822,1.3331171,-3.1707106,-0.70125455,0.5088048,-0.4993594,0
-2.751694,-3.3295777,1.4530945,-0.70226926,-0.61358929,0.36100733,0
0.3392328,2.722013,0.5052855,-0.12271923,0.60384268,0.78760022,0
-0.37838519,-1.7274798,1.7750633,0.70125455,-0.5088048,0.4993594,0
-2.9451485,-3.5246003,0.74529409,-0.70226926,-0.61358929,0.36100733,0
-0.79081738,1.9129665,0.94949293,-0.12271923,0.60384268,0.78760022,0
1.2414787,0.37696135,-2.6349311,0.12271923,-0.60384268,-0.78760022,0
0.96446675,1.9299175,1.209995,-0.12271923,0.60384268,0.78760022,0
2.3906441,-0.046121359,-2.1315031,0.12271923,-0.60384268,-0.78760022,0
-2.9143691,-3.4192023,0.98431063,-0.70226926,-0.61358929,0.36100733,0
3.396127,2.5368564,-1.5468307,0.70226926,0.61358929,-0.36100733,0
-1.9428331,-4.5679622,0.92174482,-0.70226926,-0.61358929,0.36100733,0
2.2740407,4.2601404,-0.80063629,0.70226926,0.61358929,-0.36100733,0
-2.6823592,-2.6757722,2.6992173,-0.70226926,-0.61358929,0.36100733,0
-2.5429795,-1.9886662,3.6678119,-0.12271923,0.60384268,0.78760022,0
1.4878361,1.8210001,-3.2377856,-0.70125455,0.5088048,-0.4993594,0
1.5419298,-0.1551072,0.68046284,0.70125455,-0.5088048,0.4993594,0
4.1830525,0.81667709,-2.5137162,0.12271923,-0.60384268,-0.78760022,0
-1.7298362,-0.02937603,2.2923489,-0.12271923,0.60384268,0.78760022,0
-3.523942,-1.4271067,3.0844235,-0.12271923,0.60384268,0.78760022,0
-3.2003384,-2.8267677,1.4349504,-0.70226926,-0.61358929,0.36100733,0
0.82954079,-0.46413028,1.3660083,0.70125455,-0.5088048,0.4993594,0
-3.3195105,-2.5297039,1.7080297,-0.70226926,-0.61358929,0.36100733,0
3.1600661,1.7821585,0.38200951,0.70125455,-0.5088048,0.4993594,0
-4.287786,-1.62006,1.3705244,-0.70226926,-0.61358929,0.36100733,0
-3.8213527,-3.1055944,-0.24702263,-0.70226926,-0.61358929,0.36100733,0
3.7270849,1.3451376,-2.9285319,0.70226926,0.61358929,-0.36100733,0
3.4702682,1.9104656,-2.4672542,0.70226926,0.61358929,-0.36100733,0
-4.1975646,-1.5515783,1.6624279,-0.70226926,-0.61358929,0.36100733,0
0.26136172,-1.1222401,-1.6382291,0.12271923,-0.60384268,-0.78760022,0
-4.0070124,-0.97089005,1.6339781,-0.70125455,0.5088048,-0.4993594,0
3.2983954,3.1212845,-0.74361992,0.70226926,0.61358929,-0.36100733,0
-3.9062035,-1.9664431,1.5240846,-0.70226926,-0.61358929,0.36100733,0
-1.7090515,-2.6113572,2.7431335,0.70125455,-0.5088048,0.4993594,0
-1.5709356,0.45109373,-0.33814454,-0.70125455,0.5088048,-0.4993594,0
-1.1276414,-2.0110812,-1.1731927,0.12271923,-0.60384268,-0.78760022,0
-2.1772859,-0.66209894,-0.62089062,-0.70125455,0.5088048,-0.4993594,0
-2.4578204,-2.8084302,2.9105408,-0.70226926,-0.61358929,0.36100733,0
-1.2342743,-1.2272459,-1.7907639,0.12271923,-0.60384268,-0.78760022,0
1.8344179,3.8744264,-0.1452837,-0.12271923,0.60384268,0.78760022,0
-3.4210749,-1.6781276,0.090525627,-0.70125455,0.5088048,-0.4993594,0
-1.9646382,1.2785895,1.0578833,-0.70125455,0.5088048,-0.4993594,0
2.8040614,2.1452894,-3.3641083,0.70226926,0.61358929,-0.36100733,0
-1.7280053,-2.8317327,2.5452063,0.70125455,-0.5088048,0.4993594,0
-0.48491156,1.5866363,1.2473503,-0.12271923,0.60384268,0.78760022,0
-3.5336604,-0.064779371,2.0384309,-0.12271923,0.60384268,0.78760022,0
2.7647021,-0.068897903,-2.0557566,0.12271923,-0.60384268,-0.78760022,0
-3.6597872,-2.1899757,-0.095778942,-0.70125455,0.5088048,-0.4993594,0
2.6238585,1.5891455,-3.3489025,0.12271923,-0.60384268,-0.78760022,0
0.74163193,2.5121942,0.72885013,-0.12271923,0.60384268,0.78760022,0
-2.3400693,0.8926878,1.1919038,-0.70125455,0.5088048,-0.4993594,0
-1.1620359,0.54721719,1.9387538,-0.12271923,0.60384268,0.78760022,0
-2.4032011,-0.15249327,0.21560931,-0.70125455,0.5088048,-0.4993594,0
-3.7084255,-1.535236,2.6417294,-0.70226926,-0.61358929,0.36100733,0
0.2308677,-2.5255275,0.10634112,0.70125455,-0.5088048,0.4993594,0
-2.9924238,-1.974179,3.2885172,-0.70226926,-0.61358929,0.36100733,0
-1.006916,0.5977782,-0.98074317,-0.70125455,0.5088048,-0.4993594,0
-1.1854241,-2.81075,-0.56910062,0.12271923,-0.60384268,-0.78760022,0
3.4577911,1.0337573,-2.7931554,0.12271923,-0.60384268,-0.78760022,0
1.6599418,-0.68906152,-0.029316545,0.70125455,-0.5088048,0.4993594,0
0.29910326,0.193627,-2.6412063,0.12271923,-0.60384268,-0.78760022,0
-2.6139593,-2.662077,2.8555541,-0.70226926,-0.61358929,0.36100733,0
1.3856734,0.92865324,2.0041552,0.70125455,-0.5088048,0.4993594,0
0.15384614,1.747421,-1.439423,-0.70125455,0.5088048,-0.4993594,0
2.8508749,3.7866061,-0.48336458,0.70226926,0.61358929,-0.36100733,0
-3.5405507,-1.904433,2.3407874,-0.70226926,-0.61358929,0.36100733,0
-3.0485933,-0.87617666,0.38456655,-0.70125455,0.5088048,-0.4993594,0
0.27002835,1.6632963,1.3062065,-0.12271923,0.60384268,0.78760022,0
1.6187255,2.7863863,-2.437948,-0.70125455,0.5088048,-0.4993594,0
1.6050552,-0.74627614,-0.010535717,0.70125455,-0.5088048,0.4993594,0
3.1680086,2.9227054,-1.3347802,0.70226926,0.61358929,-0.36100733,0
1.2424166,2.5213761,0.79983974,-0.12271923,0.60384268,0.78760022,0
0.82657123,0.84176183,-3.0559361,0.12271923,-0.60384268,-0.78760022,0
-1.6486994,-2.1702185,-1.1323726,0.12271923,-0.60384268,-0.78760022,0
3.2265587,3.4952512,-0.24774981,0.70226926,0.61358929,-0.36100733,0
3.1390524,2.0022006,-2.9556527,0.70226926,0.61358929,-0.36100733,0
4.3046556,1.0058107,-2.3817222,0.70226926,0.61358929,-0.36100733,0
-0.64596212,1.0499394,-1.0269198,-0.70125455,0.5088048,-0.4993594,0
-2.5488503,-2.8696558,2.6293969,-0.70226926,-0.61358929,0.36100733,0
2.2597241,4.2320142,-0.87629128,0.70226926,0.61358929,-0.36100733,0
-0.52500558,-2.0057228,1.6974577,0.70125455,-0.5088048,0.4993594,0
1.5040083,2.5490804,0.81935906,-0.12271923,0.60384268,0.78760022,0
2.7639041,2.8005264,-2.3285484,0.70226926,0.61358929,-0.36100733,0
3.2685466,2.9137909,-1.1543531,0.70226926,0.61358929,-0.36100733,0
-0.20959425,-0.44865847,-2.2280369,0.12271923,-0.60384268,-0.78760022,0
-1.0191519,-1.1144831,-1.8436985,0.12271923,-0.60384268,-0.78760022,0
3.4305313,2.5991626,-1.3740053,0.70226926,0.61358929,-0.36100733,0
1.323388,3.4139438,-1.3837752,-0.70125455,0.5088048,-0.4993594,0
-1.8768927,-2.4091434,-0.98474765,0.12271923,-0.60384268,-0.78760022,0
-2.358217,1.0312686,1.3585901,-0.70125455,0.5088048,-0.4993594,0
0.93597651,1.391734,-2.9001899,-0.70125455,0.5088048,-0.4993594,0
-1.4393389,-0.66912866,2.8281026,-0.12271923,0.60384268,0.78760022,0
2.2736697,2.9091496,0.66322279,-0.12271923,0.60384268,0.78760022,0
-2.864671,0.045966357,1.0658689,-0.70125455,0.5088048,-0.4993594,0
-2.001122,-3.8168974,0.075201988,0.12271923,-0.60384268,-0.78760022,0
3.9595082,0.92308378,-1.6159785,0.70125455,-0.5088048,0.4993594,0
-1.5718215,1.3627326,1.2496585,-0.12271923,0.60384268,0.78760022,0
2.4769154,4.2009625,-0.50656557,0.70226926,0.61358929,-0.36100733,0
-1.4837343,-0.33925402,-1.2658994,-0.70125455,0.5088048,-0.4993594,0
-2.9155908,-3.226459,1.3095307,-0.70226926,-0.61358929,0.36100733,0
-1.1770604,-0.077331781,2.4152462,-0.12271923,0.60384268,0.78760022,0
-3.3639634,-2.2723696,2.0589366,-0.70226926,-0.61358929,0.36100733,0
3.4291596,2.5450549,0.7814455,0.70125455,-0.5088048,0.4993594,0
-3.5401189,-1.4573152,0.48268986,-0.70125455,0.5088048,-0.4993594,0
-1.6571592,0.55332786,-0.11289203,-0.70125455,0.5088048,-0.4993594,0
-2.7160666,-1.5492156,-0.76817298,-0.70125455,0.5088048,-0.4993594,0
-3.4902551,-1.748908,0.11555672,-0.70125455,0.5088048,-0.4993594,0
-3.1901343,-0.24071527,2.226845,-0.12271923,0.60384268,0.78760022,0
3.79087,0.41895744,-1.8928204,0.70125455,-0.5088048,0.4993594,0
1.1804498,0.071288466,1.4187702,0.70125455,-0.5088048,0.4993594,0
-3.806354,-3.1124027,-0.2294178,-0.70226926,-0.61358929,0.36100733,0
-2.6828077,-2.767029,2.5432394,-0.70226926,-0.61358929,0.36100733,0
3.8228226,1.2514696,-2.9014971,0.70226926,0.61358929,-0.36100733,0
1.7351513,2.9847312,0.5213666,-0.12271923,0.60384268,0.78760022,0
-1.1191871,-3.1911259,-0.2671504,0.12271923,-0.60384268,-0.78760022,0
-2.017724,-4.5426664,0.62905312,0.12271923,-0.60384268,-0.78760022,0
-3.2794409,-3.42593,0.26269913,-0.70226926,-0.61358929,0.36100733,0
2.9914129,3.8034298,-0.18138075,0.70226926,0.61358929,-0.36100733,0
-1.3423938,-1.0485859,-1.944587,0.12271923,-0.60384268,-0.78760022,0
1.6474434,-0.7302981,-1.7227547,0.12271923,-0.60384268,-0.78760022,0
1.1039138,0.66934395,2.1356184,0.70125455,-0.5088048,0.4993594,0
3.1017823,2.6277378,1.0080094,-0.12271923,0.60384268,0.78760022,0
1.4269001,2.4978743,-2.4625351,-0.70125455,0.5088048,-0.4993594,0
0.21663666,-0.52606821,2.1636057,0.70125455,-0.5088048,0.4993594,0
2.191828,-0.54532766,-0.62979662,0.70125455,-0.5088048,0.4993594,0
-3.550662,-3.0957127,0.29634857,-0.70226926,-0.61358929,0.36100733,0
