1.2029388,1.870018,0.11419868,-0.18928561,0.94102079,-0.2804476,0
-0.91359115,-0.094443798,-4.7569704,-0.36619073,-0.3326568,-0.86904752,0
0.56788826,2.5849366,2.9416752,-0.18928561,0.94102079,-0.2804476,0
-3.1484072,-2.0387578,0.013586044,-0.91108453,-0.061800875,0.40756023,0
1.1462002,-0.079517126,4.3081608,0.18928561,-0.94102079,0.2804476,0
1.6283925,0.83810276,4.1711135,0.36619073,0.3326568,0.86904752,0
-0.91223025,2.4388189,3.4503818,-0.18928561,0.94102079,-0.2804476,0
2.3274796,-1.6070745,-2.401577,0.91108453,0.061800875,-0.40756023,0
-0.5626688,1.3014195,4.9170113,0.36619073,0.3326568,0.86904752,0
0.67217535,2.4075077,2.2759385,-0.18928561,0.94102079,-0.2804476,0
-2.590867,-0.30669466,1.5225878,-0.91108453,-0.061800875,0.40756023,0
-1.1418401,0.56017208,-2.698302,-0.18928561,0.94102079,-0.2804476,0
2.4959338,1.951196,-0.48611021,-0.18928561,0.94102079,-0.2804476,0
-0.90828347,-1.3016349,1.5940926,0.18928561,-0.94102079,0.2804476,0
-2.6349742,-2.8500495,-2.976831,-0.36619073,-0.3326568,-0.86904752,0
2.627301,-0.79900467,-1.6088048,0.91108453,0.061800875,-0.40756023,0
-1.7817172,-1.7184974,-3.7695069,-0.36619073,-0.3326568,-0.86904752,0
-0.99461639,-1.4546205,-4.202177,-0.36619073,-0.3326568,-0.86904752,0
0.74718118,1.7437125,-0.0020003319,-0.18928561,0.94102079,-0.2804476,0
1.2426538,2.7087414,3.6176028,0.36619073,0.3326568,0.86904752,0
-3.7096906,-2.0431409,-2.8328476,-0.36619073,-0.3326568,-0.86904752,0
0.76674712,2.4168077,3.929884,0.36619073,0.3326568,0.86904752,0
-0.14982438,-2.5773988,-3.1985517,0.18928561,-0.94102079,0.2804476,0
0.24694133,-0.88245785,-4.944346,-0.36619073,-0.3326568,-0.86904752,0
0.93227637,1.1539285,4.3435435,0.36619073,0.3326568,0.86904752,0
-0.015383482,-1.0111035,-4.7845654,-0.36619073,-0.3326568,-0.86904752,0
3.5364661,2.6034908,1.0003171,-0.18928561,0.94102079,-0.2804476,0
-4.0469122,-1.5341794,-2.8855743,-0.36619073,-0.3326568,-0.86904752,0
-1.9767013,0.15447176,-3.4961166,-0.18928561,0.94102079,-0.2804476,0
-1.0308124,1.5230896,0.45775747,-0.18928561,0.94102079,-0.2804476,0
-1.6086628,-1.078284,2.8162446,0.18928561,-0.94102079,0.2804476,0
1.1120014,-0.64914727,-4.9734735,0.91108453,0.061800875,-0.40756023,0
-1.8866184,-0.34475288,3.091136,-0.91108453,-0.061800875,0.40756023,0
3.734066,1.4288893,3.0577025,0.36619073,0.3326568,0.86904752,0
-1.2886162,0.99725068,4.631444,-0.91108453,-0.061800875,0.40756023,0
-0.80855274,-0.80996126,3.1765537,0.18928561,-0.94102079,0.2804476,0
-1.1916676,2.0141952,2.2141922,-0.18928561,0.94102079,-0.2804476,0
3.4608433,0.74584085,3.4342909,0.36619073,0.3326568,0.86904752,0
2.1242468,-1.7406083,-2.8761442,0.91108453,0.061800875,-0.40756023,0
0.59452081,1.6718025,-0.14025199,-0.18928561,0.94102079,-0.2804476,0
0.09616816,-1.075857,1.6737274,0.18928561,-0.94102079,0.2804476,0
4.338603,0.62660122,2.4329143,0.91108453,0.061800875,-0.40756023,0
-0.25482798,2.0027146,1.5433586,-0.18928561,0.94102079,-0.2804476,0
-1.9484577,-1.3227407,2.2253304,0.18928561,-0.94102079,0.2804476,0
-4.4200625,-0.61348903,-3.0807652,-0.36619073,-0.3326568,-0.86904752,0
0.24928689,-2.0270703,-1.6213422,0.18928561,-0.94102079,0.2804476,0
2.1291056,1.6210203,3.6604404,0.36619073,0.3326568,0.86904752,0
-3.5590928,-0.57606196,-0.68268728,-0.91108453,-0.061800875,0.40756023,0
0.043167233,-2.3168192,-2.4544544,0.18928561,-0.94102079,0.2804476,0
-1.4766159,-0.69396168,3.9547276,-0.91108453,-0.061800875,0.40756023,0
3.6427889,2.5308928,2.6743369,0.36619073,0.3326568,0.86904752,0
1.7233677,0.045256257,4.3372741,0.18928561,-0.94102079,0.2804476,0
-3.4086072,0.60835254,-0.1666832,-0.91108453,-0.061800875,0.40756023,0
-2.2555265,-1.2721899,-3.7406974,-0.36619073,-0.3326568,-0.86904752,0
-1.0563804,-1.6719337,0.45154011,0.18928561,-0.94102079,0.2804476,0
-4.3815765,-0.40246832,-2.4949927,-0.91108453,-0.061800875,0.40756023,0
1.8151989,-0.87193292,1.1977351,0.18928561,-0.94102079,0.2804476,0
1.49892,-2.5768921,-4.3096566,0.18928561,-0.94102079,0.2804476,0
-1.7721426,1.8619144,2.0950119,-0.18928561,0.94102079,-0.2804476,0
0.73550397,-0.8456136,2.0147781,0.18928561,-0.94102079,0.2804476,0
1.1358037,1.2024554,4.2392092,0.36619073,0.3326568,0.86904752,0
1.3070183,-2.5657554,-4.142766,0.18928561,-0.94102079,0.2804476,0
1.5049329,-0.7454682,-4.1096964,0.91108453,0.061800875,-0.40756023,0
-2.5324998,-0.49867859,1.6239544,-0.91108453,-0.061800875,0.40756023,0
-1.7956192,-2.4428153,-3.486392,-0.36619073,-0.3326568,-0.86904752,0
0.38591647,2.6858528,3.4031124,-0.18928561,0.94102079,-0.2804476,0
0.98127985,-1.0071907,1.306734,0.18928561,-0.94102079,0.2804476,0
-2.4920766,0.99300462,1.9405116,-0.91108453,-0.061800875,0.40756023,0
-0.17019558,0.71415615,4.9764304,0.36619073,0.3326568,0.86904752,0
-2.632019,0.41166282,-2.1908307,-0.18928561,0.94102079,-0.2804476,0
-3.4564338,-1.8871214,-2.9992862,-0.36619073,-0.3326568,-0.86904752,0
0.3158989,1.2723429,4.5579405,0.36619073,0.3326568,0.86904752,0
-2.2756579,-2.9460711,-3.0914812,-0.36619073,-0.3326568,-0.86904752,0
-2.1104476,-0.56930727,2.5567238,-0.91108453,-0.061800875,0.40756023,0
-0.89635611,0.20357144,-4.0605354,-0.18928561,0.94102079,-0.2804476,0
2.4610052,-1.4465116,-1.1661011,0.18928561,-0.94102079,0.2804476,0
0.78629184,-0.036779881,4.694479,0.18928561,-0.94102079,0.2804476,0
-1.7023538,-2.3867283,-1.5109046,0.18928561,-0.94102079,0.2804476,0
-2.3478551,-1.0868772,-3.772727,-0.36619073,-0.3326568,-0.86904752,0
-1.2852614,-1.2589643,1.9917086,0.18928561,-0.94102079,0.2804476,0
1.193732,2.2124872,1.2695422,-0.18928561,0.94102079,-0.2804476,0
1.196352,-1.7778232,-4.956059,0.91108453,0.061800875,-0.40756023,0
0.71535468,1.0319034,-2.3689408,-0.18928561,0.94102079,-0.2804476,0
-4.1104355,0.10734427,-2.2141042,-0.18928561,0.94102079,-0.2804476,0
-1.6848149,-0.26755482,3.5539665,-0.91108453,-0.061800875,0.40756023,0
0.51151252,-0.8344298,2.2034855,0.18928561,-0.94102079,0.2804476,0
0.66079664,0.098408341,-5.4643888,-0.18928561,0.94102079,-0.2804476,0
-0.34143758,1.8701576,4.6060877,0.36619073,0.3326568,0.86904752,0
3.6893775,-0.4793669,0.81389356,0.91108453,0.061800875,-0.40756023,0
3.9414487,1.3017143,1.6474628,0.91108453,0.061800875,-0.40756023,0
-1.2614776,-1.5568575,0.976098,0.18928561,-0.94102079,0.2804476,0
-1.1397469,0.39830744,-3.2428396,-0.18928561,0.94102079,-0.2804476,0
-1.8191862,-2.7544663,-3.3571668,-0.36619073,-0.3326568,-0.86904752,0
-1.329144,1.8010678,4.6627312,-0.91108453,-0.061800875,0.40756023,0
3.7966776,0.18087369,1.1538734,0.91108453,0.061800875,-0.40756023,0
-2.5155997,-0.67440569,-3.8599315,-0.36619073,-0.3326568,-0.86904752,0
-2.4402227,-0.59069037,-3.923739,-0.36619073,-0.3326568,-0.86904752,0
-1.4789629,0.8291918,-1.5680888,-0.18928561,0.94102079,-0.2804476,0
2.0523441,-0.72590899,-2.883014,0.91108453,0.061800875,-0.40756023,0
3.4189422,2.0604498,0.59447384,0.91108453,0.061800875,-0.40756023,0
0.5927279,-0.0087884665,4.9190454,0.18928561,-0.94102079,0.2804476,0
-2.7728782,0.98224413,1.3111591,-0.91108453,-0.061800875,0.40756023,0
-0.66536951,-0.014974117,5.46418,0.36619073,0.3326568,0.86904752,0
-3.1270158,-0.91221273,-3.51127,-0.36619073,-0.3326568,-0.86904752,0
-1.1951051,0.10660636,-4.1842575,-0.18928561,0.94102079,-0.2804476,0
1.2277098,-1.5565709,-0.70299524,0.18928561,-0.94102079,0.2804476,0
-1.6769767,0.65667838,3.7116358,-0.91108453,-0.061800875,0.40756023,0
-2.0485542,0.47434866,-2.3742976,-0.18928561,0.94102079,-0.2804476,0
-1.4957093,-2.3239262,-3.6582737,-0.36619073,-0.3326568,-0.86904752,0
1.0691891,0.26276267,4.626976,0.36619073,0.3326568,0.86904752,0
-3.1341372,-2.5482965,-1.0866656,0.18928561,-0.94102079,0.2804476,0
-1.5467622,-2.054126,-0.49989867,0.18928561,-0.94102079,0.2804476,0
2.286814,-0.6856513,-2.3527627,0.91108453,0.061800875,-0.40756023,0
2.9813445,-0.96592546,0.095270753,0.18928561,-0.94102079,0.2804476,0
-2.939513,0.39654684,-2.0340114,-0.18928561,0.94102079,-0.2804476,0
-2.8976576,-2.7744184,-2.8950944,-0.36619073,-0.3326568,-0.86904752,0
-0.1354057,-1.5730249,0.16181737,0.18928561,-0.94102079,0.2804476,0
-1.527637,-0.22853088,3.9112487,-0.91108453,-0.061800875,0.40756023,0
-1.492794,-0.9270224,-4.1942139,-0.36619073,-0.3326568,-0.86904752,0
3.2646976,0.55230343,0.020976782,0.91108453,0.061800875,-0.40756023,0
-2.1026783,1.0772274,2.8237672,-0.91108453,-0.061800875,0.40756023,0
0.8463645,-0.029143572,-5.473279,0.91108453,0.061800875,-0.40756023,0
0.9560405,1.0371869,4.3782182,0.36619073,0.3326568,0.86904752,0
-0.8392669,-1.6726341,-4.1841831,-0.36619073,-0.3326568,-0.86904752,0
-1.1153584,2.1209979,2.5210567,-0.18928561,0.94102079,-0.2804476,0
-0.43030071,0.0034751892,-4.9980955,-0.36619073,-0.3326568,-0.86904752,0
2.7564254,-0.76751733,-1.3153784,0.91108453,0.061800875,-0.40756023,0
2.1367452,-0.76931304,-2.7009203,0.91108453,0.061800875,-0.40756023,0
2.721926,0.578632,3.8096523,0.36619073,0.3326568,0.86904752,0
1.5254202,1.8289505,3.8352232,0.36619073,0.3326568,0.86904752,0
0.309201,0.90684593,4.7006683,0.36619073,0.3326568,0.86904752,0
3.2814631,1.8273695,0.25180197,0.91108453,0.061800875,-0.40756023,0
-4.1669245,-1.1226804,-2.1243587,-0.91108453,-0.061800875,0.40756023,0
4.3135443,1.0385566,2.9629397,0.36619073,0.3326568,0.86904752,0
-3.424192,-2.7752857,-2.6728964,-0.36619073,-0.3326568,-0.86904752,0
-2.1437874,0.34923488,2.6214793,-0.91108453,-0.061800875,0.40756023,0
-0.11057854,-1.3083099,-4.6306877,-0.36619073,-0.3326568,-0.86904752,0
1.4072347,-1.0869025,-4.3798704,0.91108453,0.061800875,-0.40756023,0
-1.8315833,2.0120485,2.6388948,-0.18928561,0.94102079,-0.2804476,0
1.6886086,-2.0237551,-2.581676,0.18928561,-0.94102079,0.2804476,0
-0.24799711,-1.49857,0.48763788,0.18928561,-0.94102079,0.2804476,0
2.5115783,1.1578054,3.6765895,0.36619073,0.3326568,0.86904752,0
1.3978577,-2.2904811,-4.5833392,0.91108453,0.061800875,-0.40756023,0
3.3338926,0.19747448,3.6976895,0.36619073,0.3326568,0.86904752,0
1.3433328,-0.13088828,-4.3777542,0.91108453,0.061800875,-0.40756023,0
1.4604394,1.1198089,4.1340518,0.36619073,0.3326568,0.86904752,0
2.5515804,-0.62379795,-1.7515082,0.91108453,0.061800875,-0.40756023,0
-2.0031619,-2.7570181,-3.2786689,-0.36619073,-0.3326568,-0.86904752,0
4.3002377,1.9927044,2.5543013,0.91108453,0.061800875,-0.40756023,0
0.38252759,0.24875736,4.9216766,0.36619073,0.3326568,0.86904752,0
1.2652073,1.9861388,3.8846998,0.36619073,0.3326568,0.86904752,0
1.066801,0.13107061,4.6783919,0.36619073,0.3326568,0.86904752,0
4.125176,-0.11201346,1.8438067,0.91108453,0.061800875,-0.40756023,0
0.99211448,1.7719353,-0.07261622,-0.18928561,0.94102079,-0.2804476,0
3.5475011,2.2497377,0.91056442,0.91108453,0.061800875,-0.40756023,0
1.1734121,2.1289306,3.868722,0.36619073,0.3326568,0.86904752,0
-1.6585003,-2.8163836,-3.401175,-0.36619073,-0.3326568,-0.86904752,0
2.1628375,-1.6969528,-1.8051922,0.18928561,-0.94102079,0.2804476,0
0.55461138,2.1222591,1.3981581,-0.18928561,0.94102079,-0.2804476,0
3.7870796,0.31900966,3.4602079,0.36619073,0.3326568,0.86904752,0
1.1606793,1.7184417,4.0312157,0.36619073,0.3326568,0.86904752,0
-1.6194494,-2.2293246,-3.6423459,-0.36619073,-0.3326568,-0.86904752,0
3.2887464,1.7719851,0.25968409,0.91108453,0.061800875,-0.40756023,0
2.6266603,-1.2570589,-1.6796954,0.91108453,0.061800875,-0.40756023,0
2.3273778,1.5387967,3.6083684,0.36619073,0.3326568,0.86904752,0
-1.3027577,1.2062851,4.6315269,-0.91108453,-0.061800875,0.40756023,0
0.73799419,-1.0174446,-5.0995908,-0.36619073,-0.3326568,-0.86904752,0
1.5315177,-1.8185039,-1.7869439,0.18928561,-0.94102079,0.2804476,0
-1.5459776,0.37778947,3.9621897,-0.91108453,-0.061800875,0.40756023,0
-2.167793,0.43259031,2.5804555,-0.91108453,-0.061800875,0.40756023,0
-3.5747514,-0.47466314,-3.4900942,-0.36619073,-0.3326568,-0.86904752,0
2.8291192,1.1741567,-0.85844612,0.91108453,0.061800875,-0.40756023,0
-2.9586306,-2.3057642,-3.0487952,-0.36619073,-0.3326568,-0.86904752,0
3.0042043,1.834018,-0.36699176,0.91108453,0.061800875,-0.40756023,0
-0.31034279,-2.0648165,-1.3702796,0.18928561,-0.94102079,0.2804476,0
2.6686034,-0.55406117,1.6883318,0.18928561,-0.94102079,0.2804476,0
-0.082752705,-0.8848024,2.4355578,0.18928561,-0.94102079,0.2804476,0
2.0466123,-1.1968968,-0.04884702,0.18928561,-0.94102079,0.2804476,0
2.2451875,2.4283836,3.3024831,0.36619073,0.3326568,0.86904752,0
3.0916436,1.4542935,-0.22910452,0.91108453,0.061800875,-0.40756023,0
3.242532,0.612764,3.577219,0.36619073,0.3326568,0.86904752,0
2.5279267,2.7678452,3.0534039,0.36619073,0.3326568,0.86904752,0
2.0591516,-0.12924899,-2.7773218,0.91108453,0.061800875,-0.40756023,0
0.1546917,-1.0621578,-4.836688,-0.36619073,-0.3326568,-0.86904752,0
2.8107023,0.38692951,3.8456249,0.36619073,0.3326568,0.86904752,0
4.4922409,1.1167159,2.8577247,0.36619073,0.3326568,0.86904752,0
0.10474658,2.7853489,4.06776,0.36619073,0.3326568,0.86904752,0
4.1556296,0.76582021,3.1338797,0.36619073,0.3326568,0.86904752,0
-2.6456864,-1.462577,1.2247684,-0.91108453,-0.061800875,0.40756023,0
-0.34481359,-1.9065821,-4.3029804,-0.36619073,-0.3326568,-0.86904752,0
2.3376606,0.79030991,-2.0152872,0.91108453,0.061800875,-0.40756023,0
0.1476326,0.42876261,-4.0095549,-0.18928561,0.94102079,-0.2804476,0
0.90786743,-1.4538606,-5.0041161,-0.36619073,-0.3326568,-0.86904752,0
3.6496677,1.9572126,2.8910317,0.36619073,0.3326568,0.86904752,0
-1.4644802,-2.7596841,-2.9228806,0.18928561,-0.94102079,0.2804476,0
-3.0140049,-0.31821334,-3.7862625,-0.36619073,-0.3326568,-0.86904752,0
2.3779457,-1.4591519,-2.2663307,0.91108453,0.061800875,-0.40756023,0
1.7359648,0.29910955,-3.4348378,0.91108453,0.061800875,-0.40756023,0
1.3324742,0.48998463,-4.3078818,0.91108453,0.061800875,-0.40756023,0
-1.505904,2.3720789,3.6271346,-0.18928561,0.94102079,-0.2804476,0
1.5046806,-1.6937037,-4.2540469,0.91108453,0.061800875,-0.40756023,0
0.21724272,-0.34382939,4.0482721,0.18928561,-0.94102079,0.2804476,0
0.50305963,-2.3521233,-4.4897032,-0.36619073,-0.3326568,-0.86904752,0
1.9462416,2.1939092,0.69930458,-0.18928561,0.94102079,-0.2804476,0
-0.86014843,2.25529,4.6772366,0.36619073,0.3326568,0.86904752,0
-2.7863643,-1.4934453,-3.4323244,-0.36619073,-0.3326568,-0.86904752,0
-1.7117422,-1.9135371,0.083188176,0.18928561,-0.94102079,0.2804476,0
-2.0031748,1.4674168,0.92723858,-0.18928561,0.94102079,-0.2804476,0
3.2546008,-0.66366094,-0.18597949,0.91108453,0.061800875,-0.40756023,0
2.9657691,1.729261,-0.46879745,0.91108453,0.061800875,-0.40756023,0
2.5700967,-1.564338,-1.8527355,0.91108453,0.061800875,-0.40756023,0
0.55927563,1.0731158,4.5316486,0.36619073,0.3326568,0.86904752,0
0.91299498,1.4357667,-1.1472038,-0.18928561,0.94102079,-0.2804476,0
2.0345182,-1.1841253,-2.9923449,0.91108453,0.061800875,-0.40756023,0
-3.9590394,-1.1528902,-3.0685539,-0.36619073,-0.3326568,-0.86904752,0
0.25738075,1.779695,0.44932258,-0.18928561,0.94102079,-0.2804476,0
3.559269,2.5581892,0.98364353,0.91108453,0.061800875,-0.40756023,0
3.0837123,2.9761343,2.5562768,-0.18928561,0.94102079,-0.2804476,0
4.1999617,0.22742105,2.0624585,0.91108453,0.061800875,-0.40756023,0
4.0881076,2.7383456,2.1931591,0.91108453,0.061800875,-0.40756023,0
-1.3919663,2.0407114,4.5586338,-0.91108453,-0.061800875,0.40756023,0
-3.6346245,-0.60438871,-0.85583091,-0.91108453,-0.061800875,0.40756023,0
1.0159966,2.825285,3.4456987,-0.18928561,0.94102079,-0.2804476,0
-2.1537127,0.78104496,2.6647699,-0.91108453,-0.061800875,0.40756023,0
-4.1325393,-2.5066392,-2.4772534,-0.36619073,-0.3326568,-0.86904752,0
0.96885419,1.0001616,-2.6465449,-0.18928561,0.94102079,-0.2804476,0
-3.7574797,-1.1676826,-3.1478224,-0.36619073,-0.3326568,-0.86904752,0
0.19745922,0.50280356,-3.7947459,-0.18928561,0.94102079,-0.2804476,0
-1.250483,2.5976233,4.7106714,0.36619073,0.3326568,0.86904752,0
-3.6966848,-2.1650968,-1.2312245,-0.91108453,-0.061800875,0.40756023,0
-1.394803,-1.9440463,-0.23309791,0.18928561,-0.94102079,0.2804476,0
-3.6765697,-2.2902496,-2.7522163,-0.36619073,-0.3326568,-0.86904752,0
-3.7654567,-1.2848849,-1.2514882,-0.91108453,-0.061800875,0.40756023,0
-0.28707492,1.5406446,0.01468268,-0.18928561,0.94102079,-0.2804476,0
-2.4483051,-0.40791786,1.8259302,-0.91108453,-0.061800875,0.40756023,0
-3.6621249,-1.3440262,-3.1205006,-0.36619073,-0.3326568,-0.86904752,0
2.6957169,0.95416057,-1.1900222,0.91108453,0.061800875,-0.40756023,0
-2.4449563,0.77450299,-1.0996048,-0.18928561,0.94102079,-0.2804476,0
2.0042233,0.70650136,-2.7733819,0.91108453,0.061800875,-0.40756023,0
0.66988993,-0.39728606,-5.3082786,-0.36619073,-0.3326568,-0.86904752,0
1.5019497,-1.4545016,-0.54560536,0.18928561,-0.94102079,0.2804476,0
2.9307702,0.36126381,-0.75447303,0.91108453,0.061800875,-0.40756023,0
-1.8751175,-0.39122403,-4.2382097,-0.36619073,-0.3326568,-0.86904752,0
-0.15496293,1.6404865,0.26052666,-0.18928561,0.94102079,-0.2804476,0
-2.5359182,-2.3683777,-0.88672376,0.18928561,-0.94102079,0.2804476,0
0.49619687,-1.7692086,-0.92275679,0.18928561,-0.94102079,0.2804476,0
1.2252249,1.1099051,4.2369556,0.36619073,0.3326568,0.86904752,0
1.0140388,2.4322124,2.1280954,-0.18928561,0.94102079,-0.2804476,0
3.6680908,0.25404608,3.5352125,0.36619073,0.3326568,0.86904752,0
-1.4798145,2.1181128,4.3739896,-0.91108453,-0.061800875,0.40756023,0
-2.0293653,0.0084251612,2.8255866,-0.91108453,-0.061800875,0.40756023,0
-3.7695472,-1.0088413,-1.218775,-0.91108453,-0.061800875,0.40756023,0
-1.6838055,-1.0164877,3.0743139,0.18928561,-0.94102079,0.2804476,0
0.058966875,0.51072848,-3.67468,-0.18928561,0.94102079,-0.2804476,0
-4.2153616,-1.1480501,-2.962399,-0.36619073,-0.3326568,-0.86904752,0
4.3986349,0.37468231,2.5289149,0.91108453,0.061800875,-0.40756023,0
-3.6901212,-1.1967813,-3.1650662,-0.36619073,-0.3326568,-0.86904752,0
4.2270026,0.14573586,2.1105204,0.91108453,0.061800875,-0.40756023,0
-2.3461568,1.7782351,2.3857784,-0.91108453,-0.061800875,0.40756023,0
1.2027133,-0.37469101,3.2795842,0.18928561,-0.94102079,0.2804476,0
-2.1403086,-1.6169099,1.367756,0.18928561,-0.94102079,0.2804476,0
-0.12176895,0.089505672,5.1951308,0.36619073,0.3326568,0.86904752,0
3.3027356,0.25019956,3.6906352,0.36619073,0.3326568,0.86904752,0
0.99124175,-0.70215988,2.3235183,0.18928561,-0.94102079,0.2804476,0
-1.615273,-0.16147017,3.7255111,-0.91108453,-0.061800875,0.40756023,0
3.2459071,1.2113583,0.078908205,0.91108453,0.061800875,-0.40756023,0
-0.66590261,2.2909529,2.787972,-0.18928561,0.94102079,-0.2804476,0
-0.091549635,-2.0927031,-4.3384533,-0.36619073,-0.3326568,-0.86904752,0
-2.0834498,1.666921,2.9561701,-0.91108453,-0.061800875,0.40756023,0
-1.9879894,-0.71389103,-4.0671372,-0.36619073,-0.3326568,-0.86904752,0
2.1638627,-1.174908,-2.7018034,0.91108453,0.061800875,-0.40756023,0
0.67949891,1.2366128,-1.6578536,-0.18928561,0.94102079,-0.2804476,0
0.32876968,-0.40901852,-5.1600504,-0.36619073,-0.3326568,-0.86904752,0
3.1264358,1.1619365,3.415925,0.36619073,0.3326568,0.86904752,0
1.0767621,1.3628932,-1.5022582,-0.18928561,0.94102079,-0.2804476,0
-3.5560565,-2.4314518,-2.7489467,-0.36619073,-0.3326568,-0.86904752,0
-1.8584176,-2.9020324,-3.1346354,0.18928561,-0.94102079,0.2804476,0
-1.4016078,-0.76768094,3.7186999,0.18928561,-0.94102079,0.2804476,0
1.2041773,2.6087103,2.5919893,-0.18928561,0.94102079,-0.2804476,0
1.1505833,-1.7329868,-1.2428894,0.18928561,-0.94102079,0.2804476,0
-0.22263789,-0.29926187,-4.969717,-0.36619073,-0.3326568,-0.86904752,0
0.99745047,0.46910703,4.5782194,0.36619073,0.3326568,0.86904752,0
3.6417964,0.94546771,3.2816281,0.36619073,0.3326568,0.86904752,0
2.607352,0.70790011,-1.4248992,0.91108453,0.061800875,-0.40756023,0
1.6149487,2.1407299,3.6781545,0.36619073,0.3326568,0.86904752,0
-1.6323183,-1.1981622,-4.0316353,-0.36619073,-0.3326568,-0.86904752,0
-1.9286895,1.5660775,3.2868407,-0.91108453,-0.061800875,0.40756023,0
-1.5526414,0.21326905,3.9223447,-0.91108453,-0.061800875,0.40756023,0
4.0505066,2.0688238,2.6794081,0.36619073,0.3326568,0.86904752,0
-3.7903728,-2.7123756,-1.5236468,-0.91108453,-0.061800875,0.40756023,0
0.24736834,0.25994086,4.9743462,0.36619073,0.3326568,0.86904752,0
2.7010415,2.2998312,3.1596065,0.36619073,0.3326568,0.86904752,0
1.4477706,-1.4810257,-4.3490181,0.91108453,0.061800875,-0.40756023,0
-2.9445376,-1.1992192,0.596632,-0.91108453,-0.061800875,0.40756023,0
-1.4414233,-2.6588042,-3.5529637,-0.36619073,-0.3326568,-0.86904752,0
2.5942986,-0.58568031,-1.6502331,0.91108453,0.061800875,-0.40756023,0
3.2230635,0.054329753,-0.14760566,0.91108453,0.061800875,-0.40756023,0
0.60234201,-1.8866448,-1.3884468,0.18928561,-0.94102079,0.2804476,0
-2.1372178,-0.88649255,-3.9381876,-0.36619073,-0.3326568,-0.86904752,0
-3.8048475,0.18654823,-1.1164231,-0.91108453,-0.061800875,0.40756023,0
-3.1232274,0.71910143,0.48806548,-0.91108453,-0.061800875,0.40756023,0
1.4980631,-0.1493386,-4.034658,0.91108453,0.061800875,-0.40756023,0
0.45561099,0.51413578,4.789299,0.36619073,0.3326568,0.86904752,0
3.2046504,-0.96937603,-0.34399807,0.91108453,0.061800875,-0.40756023,0
-2.8522515,-2.8531332,-2.299778,0.18928561,-0.94102079,0.2804476,0
1.5639598,2.2282324,1.0724919,-0.18928561,0.94102079,-0.2804476,0
2.5203829,-0.26640159,-1.7670538,0.91108453,0.061800875,-0.40756023,0
-2.9304566,0.091783166,-3.0627351,-0.18928561,0.94102079,-0.2804476,0
-0.13703942,-1.4581844,-4.5621691,-0.36619073,-0.3326568,-0.86904752,0
2.4876728,1.212492,3.665729,0.36619073,0.3326568,0.86904752,0
1.0985221,2.17661,1.2134202,-0.18928561,0.94102079,-0.2804476,0
1.0906467,-1.211484,-5.1064825,0.91108453,0.061800875,-0.40756023,0
-3.4927835,-1.1441858,-0.62060404,-0.91108453,-0.061800875,0.40756023,0
0.88995147,-2.1190379,-2.3623433,0.18928561,-0.94102079,0.2804476,0
-3.0645833,-0.020696104,0.50698137,-0.91108453,-0.061800875,0.40756023,0
-3.8116207,-2.3609629,-1.5178599,-0.91108453,-0.061800875,0.40756023,0
3.2877083,1.0688384,3.383606,0.36619073,0.3326568,0.86904752,0
0.92911899,0.15337968,4.7278676,0.36619073,0.3326568,0.86904752,0
-3.2502689,-2.2539403,-2.9457455,-0.36619073,-0.3326568,-0.86904752,0
0.59001613,1.8035462,4.2390995,0.36619073,0.3326568,0.86904752,0
-1.0547867,0.66693473,5.1040726,-0.91108453,-0.061800875,0.40756023,0
1.7767787,1.6600949,3.7939434,0.36619073,0.3326568,0.86904752,0
1.1858711,-1.2965059,-4.9065027,0.91108453,0.061800875,-0.40756023,0
-2.3975267,-2.4072256,-3.2463899,-0.36619073,-0.3326568,-0.86904752,0
-3.7363629,-1.7705811,-1.2600994,-0.91108453,-0.061800875,0.40756023,0
-4.5293598,-0.57642245,-2.8517361,-0.91108453,-0.061800875,0.40756023,0
0.20261145,-0.58749068,3.2405612,0.18928561,-0.94102079,0.2804476,0
3.6346459,2.7163887,2.606761,0.36619073,0.3326568,0.86904752,0
-1.2699139,-0.91127813,-4.2941556,-0.36619073,-0.3326568,-0.86904752,0
0.053936005,-1.7378178,-4.5356026,-0.36619073,-0.3326568,-0.86904752,0
0.40223145,-1.885823,-1.2506264,0.18928561,-0.94102079,0.2804476,0
3.7315502,2.1034808,1.2998214,0.91108453,0.061800875,-0.40756023,0
1.3805059,-1.675355,-1.2046945,0.18928561,-0.94102079,0.2804476,0
3.4846964,0.51102346,0.50651455,0.91108453,0.061800875,-0.40756023,0
0.35029721,1.2091632,-1.5277665,-0.18928561,0.94102079,-0.2804476,0
-2.0361998,1.4031066,0.73374021,-0.18928561,0.94102079,-0.2804476,0
-0.071967602,-2.3757527,-4.238358,-0.36619073,-0.3326568,-0.86904752,0
3.2859008,2.2298253,0.32274842,0.91108453,0.061800875,-0.40756023,0
0.33122087,1.8748038,4.3208714,0.36619073,0.3326568,0.86904752,0
1.3834887,-0.17496628,-4.2946706,0.91108453,0.061800875,-0.40756023,0
-1.0997666,-2.2087433,-3.8692021,-0.36619073,-0.3326568,-0.86904752,0
3.3059015,2.9262943,2.239078,-0.18928561,0.94102079,-0.2804476,0
1.7794242,-0.66437519,1.9183252,0.18928561,-0.94102079,0.2804476,0
-0.7210561,-1.9229503,-0.6170516,0.18928561,-0.94102079,0.2804476,0
0.79159498,0.12542021,-5.4620342,-0.18928561,0.94102079,-0.2804476,0
1.7611375,-1.4765322,-3.6478169,0.91108453,0.061800875,-0.40756023,0
-1.361752,1.0837117,4.481061,-0.91108453,-0.061800875,0.40756023,0
-1.4866166,2.4419818,4.4078937,-0.91108453,-0.061800875,0.40756023,0
-3.4861288,-1.6455042,-0.68174458,-0.91108453,-0.061800875,0.40756023,0
0.81034434,1.4087509,-1.16857,-0.18928561,0.94102079,-0.2804476,0
1.1357679,-0.68455988,-4.9257145,0.91108453,0.061800875,-0.40756023,0
0.58183193,0.2075597,4.8534632,0.36619073,0.3326568,0.86904752,0
2.6705387,1.6283289,-1.1440783,0.91108453,0.061800875,-0.40756023,0
-0.26953411,2.7173131,3.9510658,-0.18928561,0.94102079,-0.2804476,0
-3.592278,-2.9551935,-2.5332041,-0.36619073,-0.3326568,-0.86904752,0
1.1312473,0.89886391,4.3573375,0.36619073,0.3326568,0.86904752,0
-3.9180589,-0.30617762,-1.4442182,-0.91108453,-0.061800875,0.40756023,0
1.5496898,-2.0401793,-2.5430233,0.18928561,-0.94102079,0.2804476,0
0.79584289,-0.062134147,4.6029577,0.18928561,-0.94102079,0.2804476,0
-3.9181876,-2.1989112,-2.6853681,-0.36619073,-0.3326568,-0.86904752,0
0.57721519,0.034952402,-5.4346819,-0.36619073,-0.3326568,-0.86904752,0
2.1302114,2.1643286,3.4520054,0.36619073,0.3326568,0.86904752,0
0.043437958,1.8774585,4.4411182,0.36619073,0.3326568,0.86904752,0
2.9303188,0.12959677,-0.7906121,0.91108453,0.061800875,-0.40756023,0
-2.8978314,-1.9933294,-3.1940088,-0.36619073,-0.3326568,-0.86904752,0
0.55489445,0.00058960915,-5.4121232,-0.36619073,-0.3326568,-0.86904752,0
-0.087140799,-0.65482426,-4.8907075,-0.36619073,-0.3326568,-0.86904752,0
-1.012641,0.33637309,-3.5364449,-0.18928561,0.94102079,-0.2804476,0
-1.4581486,1.1581564,-0.47832179,-0.18928561,0.94102079,-0.2804476,0
-2.8470008,0.42046344,1.0602754,-0.91108453,-0.061800875,0.40756023,0
1.376283,-1.4503191,-0.44675374,0.18928561,-0.94102079,0.2804476,0
-2.7360823,-2.8061714,-2.2206092,0.18928561,-0.94102079,0.2804476,0
-1.1419646,-0.87542224,-4.3617949,-0.36619073,-0.3326568,-0.86904752,0
-1.0052456,-2.4981925,-3.7982345,-0.36619073,-0.3326568,-0.86904752,0
-1.7732425,-0.42241192,-4.269197,-0.36619073,-0.3326568,-0.86904752,0
-2.1455622,0.10345733,-3.5533209,-0.18928561,0.94102079,-0.2804476,0
-1.7384496,2.3421917,3.8297999,-0.91108453,-0.061800875,0.40756023,0
-0.019193172,-1.3165529,-4.6660385,-0.36619073,-0.3326568,-0.86904752,0
3.9042916,0.14940536,1.3896706,0.91108453,0.061800875,-0.40756023,0
1.5583801,-1.9932457,-4.1794243,0.91108453,0.061800875,-0.40756023,0
1.9761915,0.63054192,4.1040125,0.36619073,0.3326568,0.86904752,0
-4.4725542,-0.89784461,-2.7734876,-0.91108453,-0.061800875,0.40756023,0
-2.4547944,0.96661043,2.0198522,-0.91108453,-0.061800875,0.40756023,0
-0.96299052,0.56348395,-2.8079026,-0.18928561,0.94102079,-0.2804476,0
0.58102334,-0.76280916,2.3968873,0.18928561,-0.94102079,0.2804476,0
1.8018155,-2.0919261,-3.6501994,0.91108453,0.061800875,-0.40756023,0
-1.5854086,0.37349343,-3.0253055,-0.18928561,0.94102079,-0.2804476,0
-1.36622,1.8868972,4.592865,-0.91108453,-0.061800875,0.40756023,0
3.4882665,1.9941372,0.73938918,0.91108453,0.061800875,-0.40756023,0
0.75239491,-1.0476304,1.3255252,0.18928561,-0.94102079,0.2804476,0
-3.9709139,-0.85970134,-1.646307,-0.91108453,-0.061800875,0.40756023,0
2.4637289,-0.6479941,-1.9515665,0.91108453,0.061800875,-0.40756023,0
-0.70181084,0.99823821,5.0916958,0.36619073,0.3326568,0.86904752,0
-0.094776154,0.50707114,-3.583185,-0.18928561,0.94102079,-0.2804476,0
-0.65718496,-1.2358775,1.6452597,0.18928561,-0.94102079,0.2804476,0
2.1641545,1.6193832,-1.3755516,-0.18928561,0.94102079,-0.2804476,0
2.8800871,0.19641721,3.8893132,0.36619073,0.3326568,0.86904752,0
-1.6978812,-2.2801814,-1.156414,0.18928561,-0.94102079,0.2804476,0
-1.192458,1.069204,-0.95612025,-0.18928561,0.94102079,-0.2804476,0
0.73989439,0.25611651,4.7682753,0.36619073,0.3326568,0.86904752,0
-3.5957935,-0.21258587,-0.70961475,-0.91108453,-0.061800875,0.40756023,0
-1.4845829,2.3966792,4.405571,-0.91108453,-0.061800875,0.40756023,0
0.16325521,0.088376045,-5.16224,-0.18928561,0.94102079,-0.2804476,0
3.4390864,1.4369673,0.54496169,0.91108453,0.061800875,-0.40756023,0
1.4219437,-2.5702698,-4.5719204,0.91108453,0.061800875,-0.40756023,0
4.1626906,1.9954834,2.2472415,0.91108453,0.061800875,-0.40756023,0
3.3884289,-0.45001799,0.14558387,0.91108453,0.061800875,-0.40756023,0
2.1531518,0.29348707,4.1584654,0.36619073,0.3326568,0.86904752,0
-0.17706895,1.867002,4.5380363,0.36619073,0.3326568,0.86904752,0
-0.9917655,-1.7916107,-4.0743823,-0.36619073,-0.3326568,-0.86904752,0
2.4024239,-0.1818763,3.1168251,0.18928561,-0.94102079,0.2804476,0
3.6664052,0.087811112,3.1686282,0.18928561,-0.94102079,0.2804476,0
3.7918644,1.4093649,1.3293991,0.91108453,0.061800875,-0.40756023,0
2.1010818,2.5237036,3.3267169,0.36619073,0.3326568,0.86904752,0
1.1197238,0.45536065,-4.5764117,-0.18928561,0.94102079,-0.2804476,0
2.0055151,1.4761865,-1.7489649,-0.18928561,0.94102079,-0.2804476,0
-3.3273139,-0.41315773,-0.13985348,-0.91108453,-0.061800875,0.40756023,0
0.52860427,-2.4462967,-4.4644184,-0.36619073,-0.3326568,-0.86904752,0
1.3332143,-1.2367935,-4.5680685,0.91108453,0.061800875,-0.40756023,0
1.00625,1.9842563,0.63026977,-0.18928561,0.94102079,-0.2804476,0
2.2336066,-0.69556344,-2.473208,0.91108453,0.061800875,-0.40756023,0
1.3936737,-2.2539055,-3.1548648,0.18928561,-0.94102079,0.2804476,0
-3.6132374,-1.8883981,-2.9327245,-0.36619073,-0.3326568,-0.86904752,0
-3.7647142,-0.69143987,-1.1598413,-0.91108453,-0.061800875,0.40756023,0
-3.8204827,-0.69365907,-1.2848468,-0.91108453,-0.061800875,0.40756023,0
-2.603344,-0.51267457,-3.8848667,-0.36619073,-0.3326568,-0.86904752,0
-1.0798874,1.4682759,0.30695674,-0.18928561,0.94102079,-0.2804476,0
-2.8227956,-1.7111177,0.79115868,-0.91108453,-0.061800875,0.40756023,0
1.5669066,-0.09632349,3.9678168,0.18928561,-0.94102079,0.2804476,0
0.75865293,1.2255917,4.3892727,0.36619073,0.3326568,0.86904752,0
-3.5402057,-1.9550332,-0.84956694,-0.91108453,-0.061800875,0.40756023,0
-3.6041942,-0.49753022,-3.4689355,-0.36619073,-0.3326568,-0.86904752,0
1.5762441,2.2490764,3.6529899,0.36619073,0.3326568,0.86904752,0
-2.2802341,-0.37580866,2.2065156,-0.91108453,-0.061800875,0.40756023,0
3.9643486,2.9818554,1.9810958,-0.18928561,0.94102079,-0.2804476,0
-1.2044343,0.8673448,-1.6253603,-0.18928561,0.94102079,-0.2804476,0
-0.6318624,1.8212174,1.1888347,-0.18928561,0.94102079,-0.2804476,0
-2.3925505,-0.15473653,1.988959,-0.91108453,-0.061800875,0.40756023,0
1.3895845,-1.7307492,-4.5169573,0.91108453,0.061800875,-0.40756023,0
1.5301991,1.2189906,-2.2911558,-0.18928561,0.94102079,-0.2804476,0
0.74837613,-2.2207372,-2.6080332,0.18928561,-0.94102079,0.2804476,0
1.8434079,1.2227101,-2.4900727,-0.18928561,0.94102079,-0.2804476,0
0.05372262,2.5263238,3.0920367,-0.18928561,0.94102079,-0.2804476,0
-2.6147285,0.66736424,1.6169494,-0.91108453,-0.061800875,0.40756023,0
2.9375589,0.57529825,-0.70684183,0.91108453,0.061800875,-0.40756023,0
1.2828746,-2.1192362,-4.8144126,0.91108453,0.061800875,-0.40756023,0
2.1207097,0.34404767,-2.5679414,0.91108453,0.061800875,-0.40756023,0
-2.4069085,-2.7919507,-3.0951705,-0.36619073,-0.3326568,-0.86904752,0
1.5233221,1.9299003,0.098889112,-0.18928561,0.94102079,-0.2804476,0
-1.6706679,-1.4238666,1.6985179,0.18928561,-0.94102079,0.2804476,0
-4.1502943,-1.1267952,-2.9979534,-0.36619073,-0.3326568,-0.86904752,0
-3.6466768,-0.043668032,-0.79774666,-0.91108453,-0.061800875,0.40756023,0
1.4877135,1.2081573,4.0887413,0.36619073,0.3326568,0.86904752,0
4.2199674,0.041257024,2.0789504,0.91108453,0.061800875,-0.40756023,0
-3.6108482,0.54957181,-0.62769866,-0.91108453,-0.061800875,0.40756023,0
-4.2524552,-0.22111356,-2.1788473,-0.91108453,-0.061800875,0.40756023,0
-0.17544372,-1.7356765,-0.35692465,0.18928561,-0.94102079,0.2804476,0
-1.4273908,-2.0836401,-3.7790399,-0.36619073,-0.3326568,-0.86904752,0
-1.7991157,-1.6782681,0.93158782,0.18928561,-0.94102079,0.2804476,0
3.4943144,1.4190516,3.1624923,0.36619073,0.3326568,0.86904752,0
3.9133868,1.2705656,3.0427456,0.36619073,0.3326568,0.86904752,0
-0.97536922,2.3116779,3.0663846,-0.18928561,0.94102079,-0.2804476,0
3.2518487,2.1710179,2.97682,0.36619073,0.3326568,0.86904752,0
-2.5845702,-0.8454712,-3.7653885,-0.36619073,-0.3326568,-0.86904752,0
-1.1377192,0.7752707,-1.9793369,-0.18928561,0.94102079,-0.2804476,0
-0.28886437,1.6843597,4.655056,0.36619073,0.3326568,0.86904752,0
2.8644276,2.6454897,1.5948281,-0.18928561,0.94102079,-0.2804476,0
3.7784181,1.9653558,2.8336635,0.36619073,0.3326568,0.86904752,0
3.0600929,-0.79879522,-0.64128435,0.91108453,0.061800875,-0.40756023,0
1.6180779,1.8856497,3.7744765,0.36619073,0.3326568,0.86904752,0
2.4825003,2.2286091,3.2789564,0.36619073,0.3326568,0.86904752,0
-3.5619469,-1.4308233,-3.129488,-0.36619073,-0.3326568,-0.86904752,0
3.7430673,2.36747,2.6946363,0.36619073,0.3326568,0.86904752,0
0.3905654,1.1253409,4.5827479,0.36619073,0.3326568,0.86904752,0
1.3131247,2.705487,3.5891542,0.36619073,0.3326568,0.86904752,0
-3.8069642,0.4163003,-1.3822515,-0.18928561,0.94102079,-0.2804476,0
-4.0207305,-1.9064151,-1.9163895,-0.91108453,-0.061800875,0.40756023,0
2.9913971,0.10853457,3.6937551,0.18928561,-0.94102079,0.2804476,0
-1.5528622,1.0405129,4.0472918,-0.91108453,-0.061800875,0.40756023,0
0.16862106,1.0954417,-1.7867299,-0.18928561,0.94102079,-0.2804476,0
1.0300009,2.737005,3.6963902,0.36619073,0.3326568,0.86904752,0
-3.4984174,-2.0210171,-0.76615763,-0.91108453,-0.061800875,0.40756023,0
-3.7736168,0.11847639,-2.4040847,-0.18928561,0.94102079,-0.2804476,0
-3.0526135,-0.95597923,0.39191747,-0.91108453,-0.061800875,0.40756023,0
1.5603796,0.45579672,4.3461127,0.36619073,0.3326568,0.86904752,0
-1.2113967,-2.5600977,-3.6876721,-0.36619073,-0.3326568,-0.86904752,0
-2.8494127,1.3032976,1.1887531,-0.91108453,-0.061800875,0.40756023,0
-1.2281935,-2.2026122,-1.2131474,0.18928561,-0.94102079,0.2804476,0
-1.7347567,1.8823259,2.1382685,-0.18928561,0.94102079,-0.2804476,0
2.2166975,0.11251473,-2.3884745,0.91108453,0.061800875,-0.40756023,0
-1.9538696,2.1216857,3.0893109,-0.18928561,0.94102079,-0.2804476,0
3.9867973,1.2583861,3.0164747,0.36619073,0.3326568,0.86904752,0
-2.9214413,-2.2424276,-3.0887103,-0.36619073,-0.3326568,-0.86904752,0
-2.9671011,-1.4602833,0.50660634,-0.91108453,-0.061800875,0.40756023,0
4.0701408,-0.24744916,1.7002401,0.91108453,0.061800875,-0.40756023,0
-3.3406088,0.13675922,-0.086186409,-0.91108453,-0.061800875,0.40756023,0
-0.56510305,-1.0896889,-4.5228496,-0.36619073,-0.3326568,-0.86904752,0
3.4442337,1.6225939,0.58461618,0.91108453,0.061800875,-0.40756023,0
-1.353436,0.072357297,4.3462939,-0.91108453,-0.061800875,0.40756023,0
-0.13756156,2.0953131,4.4339948,0.36619073,0.3326568,0.86904752,0
0.81807709,-0.65404952,-5.2724357,-0.36619073,-0.3326568,-0.86904752,0
0.31315303,0.55815375,-3.6871092,-0.18928561,0.94102079,-0.2804476,0
0.17026186,-1.1459516,-4.8111734,-0.36619073,-0.3326568,-0.86904752,0
4.2144356,2.418961,2.4763069,0.36619073,0.3326568,0.86904752,0
1.8674905,-0.70380533,-3.292896,0.91108453,0.061800875,-0.40756023,0
3.9632096,1.7390738,2.8424158,0.36619073,0.3326568,0.86904752,0
-3.9542248,-0.30752027,-1.525269,-0.91108453,-0.061800875,0.40756023,0
-3.1869564,0.97458112,0.38434267,-0.91108453,-0.061800875,0.40756023,0
-3.2924631,0.49180377,-1.4761634,-0.18928561,0.94102079,-0.2804476,0
2.7592154,-1.0834596,-1.3570497,0.91108453,0.061800875,-0.40756023,0
-2.5458167,-1.8339521,0.91318142,0.18928561,-0.94102079,0.2804476,0
1.392549,0.75110549,-3.7682033,-0.18928561,0.94102079,-0.2804476,0
1.319963,-1.2874973,-4.6053791,0.91108453,0.061800875,-0.40756023,0
1.4860024,-2.1776791,-4.3691883,0.91108453,0.061800875,-0.40756023,0
-1.3000398,-1.7275997,-3.9689875,-0.36619073,-0.3326568,-0.86904752,0
-2.9314888,1.1001848,0.97447634,-0.91108453,-0.061800875,0.40756023,0
4.1150103,1.0351394,3.047905,0.36619073,0.3326568,0.86904752,0
-0.64864731,-0.78493035,3.152616,0.18928561,-0.94102079,0.2804476,0
3.7233024,2.1311133,1.285574,0.91108453,0.061800875,-0.40756023,0
-0.61333513,0.65254575,5.1867394,0.36619073,0.3326568,0.86904752,0
3.4570806,1.8964086,0.65485573,0.91108453,0.061800875,-0.40756023,0
1.4964525,-0.63906926,2.1942265,0.18928561,-0.94102079,0.2804476,0
1.8864183,0.63128632,-3.0481353,0.91108453,0.061800875,-0.40756023,0
-0.60925126,2.2762845,4.5634794,0.36619073,0.3326568,0.86904752,0
-2.0683222,0.937904,2.8794425,-0.91108453,-0.061800875,0.40756023,0
2.8783655,-0.43328512,1.9520097,0.18928561,-0.94102079,0.2804476,0
3.5801842,0.20076239,0.67292738,0.91108453,0.061800875,-0.40756023,0
2.8410161,2.7242813,1.8750086,-0.18928561,0.94102079,-0.2804476,0
-4.1714735,-1.0973761,-2.1306911,-0.91108453,-0.061800875,0.40756023,0
-0.33978891,2.3773067,4.4112663,0.36619073,0.3326568,0.86904752,0
-1.3598107,0.86683905,-1.5221872,-0.18928561,0.94102079,-0.2804476,0
3.8033717,2.6425295,1.5421143,0.91108453,0.061800875,-0.40756023,0
3.7095573,2.9605997,2.4817171,0.36619073,0.3326568,0.86904752,0
1.8097343,-1.8441644,-3.5949266,0.91108453,0.061800875,-0.40756023,0
0.24542165,-1.3766055,-4.7545528,-0.36619073,-0.3326568,-0.86904752,0
-3.4259996,-0.56213474,-0.38305163,-0.91108453,-0.061800875,0.40756023,0
1.190166,-1.2769599,-4.8939381,0.91108453,0.061800875,-0.40756023,0
-0.014412165,2.4292519,2.8123059,-0.18928561,0.94102079,-0.2804476,0
2.1089327,-1.6988661,-2.9040473,0.91108453,0.061800875,-0.40756023,0
-3.1176188,0.09465915,0.40591586,-0.91108453,-0.061800875,0.40756023,0
3.7764664,1.2329035,1.268218,0.91108453,0.061800875,-0.40756023,0
-1.5462785,1.217919,4.0889115,-0.91108453,-0.061800875,0.40756023,0
-1.973531,1.8926063,3.2361112,-0.91108453,-0.061800875,0.40756023,0
3.0132034,1.86949,-0.34149623,0.91108453,0.061800875,-0.40756023,0
-3.1025963,-1.6092955,-3.2547297,-0.36619073,-0.3326568,-0.86904752,0
-1.5327449,2.1621423,4.2623425,-0.91108453,-0.061800875,0.40756023,0
2.7316988,-0.8286342,-1.3799217,0.91108453,0.061800875,-0.40756023,0
-0.4303205,-0.68684268,3.3343842,0.18928561,-0.94102079,0.2804476,0
1.7258552,1.0056177,4.0659242,0.36619073,0.3326568,0.86904752,0
3.9345827,0.17999363,3.2969356,0.18928561,-0.94102079,0.2804476,0
2.5286658,0.33437741,-1.657439,0.91108453,0.061800875,-0.40756023,0
0.11749315,-0.43144459,3.8216114,0.18928561,-0.94102079,0.2804476,0
3.9119,2.8947639,1.8229728,0.91108453,0.061800875,-0.40756023,0
1.3029695,-2.1223819,-4.7699671,0.91108453,0.061800875,-0.40756023,0
-3.4221039,-1.6565491,-0.54029536,-0.91108453,-0.061800875,0.40756023,0
2.1414876,0.62558717,-2.4788017,0.91108453,0.061800875,-0.40756023,0
0.70344162,-0.40509957,-5.3194261,-0.36619073,-0.3326568,-0.86904752,0
-0.35507059,-1.0523322,-4.6256504,-0.36619073,-0.3326568,-0.86904752,0
1.2885916,0.40948606,4.4783635,0.36619073,0.3326568,0.86904752,0
3.4244995,1.5328138,0.52688861,0.91108453,0.061800875,-0.40756023,0
1.9347879,2.5277367,3.3952441,0.36619073,0.3326568,0.86904752,0
2.5273962,-0.72136545,-1.8203652,0.91108453,0.061800875,-0.40756023,0
-0.50275326,-1.1606586,-4.5219564,-0.36619073,-0.3326568,-0.86904752,0
-0.53352517,-2.2657843,-1.8939774,0.18928561,-0.94102079,0.2804476,0
1.2862759,-2.6281312,-4.7140751,-0.36619073,-0.3326568,-0.86904752,0
1.1354609,0.5991683,-4.1044974,-0.18928561,0.94102079,-0.2804476,0
0.4594872,0.45351154,-4.1369953,-0.18928561,0.94102079,-0.2804476,0
3.8336334,2.1840501,1.5402408,0.91108453,0.061800875,-0.40756023,0
-1.3929701,-2.1316471,-0.86381578,0.18928561,-0.94102079,0.2804476,0
-2.7309005,1.0749674,1.4190583,-0.91108453,-0.061800875,0.40756023,0
0.79914117,0.52879512,-4.1136332,-0.18928561,0.94102079,-0.2804476,0
3.7521424,2.2980399,1.3753572,0.91108453,0.061800875,-0.40756023,0
-3.015223,-1.8451805,-3.2012529,-0.36619073,-0.3326568,-0.86904752,0
-3.0759747,-0.4880451,-3.6951408,-0.36619073,-0.3326568,-0.86904752,0
-4.1407022,-0.90025687,-2.0320125,-0.91108453,-0.061800875,0.40756023,0
-1.0208535,0.14100564,-4.1864424,-0.18928561,0.94102079,-0.2804476,0
3.9877911,1.9883354,1.8551769,0.91108453,0.061800875,-0.40756023,0
-3.8008742,-0.54322386,-3.3685699,-0.36619073,-0.3326568,-0.86904752,0
2.4623365,0.38652995,-1.797806,0.91108453,0.061800875,-0.40756023,0
-2.546309,0.12616538,1.6878328,-0.91108453,-0.061800875,0.40756023,0
-2.9471691,0.301709,0.81834525,-0.91108453,-0.061800875,0.40756023,0
2.9869561,1.1475599,-0.50964153,0.91108453,0.061800875,-0.40756023,0
3.9986968,0.78001374,1.696331,0.91108453,0.061800875,-0.40756023,0
-2.0678084,-0.47873652,-4.1235161,-0.36619073,-0.3326568,-0.86904752,0
1.4521997,1.5827172,3.96033,0.36619073,0.3326568,0.86904752,0
-2.2090807,-0.37952256,-4.1019664,-0.36619073,-0.3326568,-0.86904752,0
