-2.2947643,-4.965354,-1.2298107,-0.77472579,-0.59820461,-0.20482004,0
3.8591509,3.521075,-0.46922398,0.77472579,0.59820461,0.20482004,0
-0.3905021,-3.2038488,1.2484641,0.58436185,-0.80110788,0.12941206,0
-4.1276836,-2.2795625,0.47297287,-0.24149778,-0.019430161,0.97020686,0
0.4741888,-1.1739347,-1.4515404,0.24149778,0.019430161,-0.97020686,0
-5.0998497,-0.78603172,-1.1555204,-0.58436185,0.80110788,-0.12941206,0
-4.4401455,-1.7834404,-2.4081783,-0.77472579,-0.59820461,-0.20482004,0
-1.6316991,-4.5179782,-1.281836,0.58436185,-0.80110788,0.12941206,0
-0.40366137,2.8941731,0.42058539,-0.58436185,0.80110788,-0.12941206,0
2.3423748,-0.96514726,2.1097827,-0.24149778,-0.019430161,0.97020686,0
2.5974097,-0.9927634,1.4439321,0.58436185,-0.80110788,0.12941206,0
-0.25028968,-3.2299633,0.45367551,0.58436185,-0.80110788,0.12941206,0
4.0051003,2.643327,1.5423074,0.77472579,0.59820461,0.20482004,0
4.6238556,0.63997483,2.4007344,0.58436185,-0.80110788,0.12941206,0
-0.91305768,-3.5884464,1.227272,0.58436185,-0.80110788,0.12941206,0
-3.53286,-3.2501884,-1.5561228,-0.77472579,-0.59820461,-0.20482004,0
-1.6887932,1.948662,0.37055808,-0.58436185,0.80110788,-0.12941206,0
-3.6664147,0.47096145,0.15302896,-0.58436185,0.80110788,-0.12941206,0
2.399332,-1.4048293,-0.21248323,0.58436185,-0.80110788,0.12941206,0
-0.37561178,2.7036109,-0.88572168,-0.58436185,0.80110788,-0.12941206,0
2.0881758,2.4255133,2.114413,-0.24149778,-0.019430161,0.97020686,0
-1.0460171,-3.6455088,-1.8794384,0.24149778,0.019430161,-0.97020686,0
0.039761037,0.71319139,1.5702422,-0.24149778,-0.019430161,0.97020686,0
1.4399142,0.45331049,1.9135551,-0.24149778,-0.019430161,0.97020686,0
4.9006033,1.7768424,0.68578005,0.77472579,0.59820461,0.20482004,0
-4.452374,-0.29223621,-1.0224338,-0.58436185,0.80110788,-0.12941206,0
-4.7855153,-1.8739506,-0.83747864,-0.77472579,-0.59820461,-0.20482004,0
5.3549347,0.99381971,1.2542069,0.77472579,0.59820461,0.20482004,0
4.3072519,2.1701293,1.7814684,0.77472579,0.59820461,0.20482004,0
-5.0663676,-0.65387011,-0.48858261,-0.58436185,0.80110788,-0.12941206,0
-0.26764384,2.3019829,1.5255433,-0.24149778,-0.019430161,0.97020686,0
0.10393047,3.3880928,1.1860909,-0.58436185,0.80110788,-0.12941206,0
-2.8130674,0.84368217,-1.3929951,-0.58436185,0.80110788,-0.12941206,0
0.42100999,1.5339286,1.681577,-0.24149778,-0.019430161,0.97020686,0
-3.6828747,-2.8813357,-2.0659814,-0.77472579,-0.59820461,-0.20482004,0
-2.1139998,-0.56029797,1.0086377,-0.24149778,-0.019430161,0.97020686,0
-3.2481661,-2.6460772,0.68455648,-0.24149778,-0.019430161,0.97020686,0
-4.8552513,-2.060638,-0.028459549,-0.77472579,-0.59820461,-0.20482004,0
4.430635,2.1256399,1.4447103,0.77472579,0.59820461,0.20482004,0
1.7216514,0.64171171,-1.1046681,0.24149778,0.019430161,-0.97020686,0
-1.6101946,2.043087,0.60017097,-0.58436185,0.80110788,-0.12941206,0
3.113333,4.1978722,0.37513256,0.77472579,0.59820461,0.20482004,0
3.5838513,3.268414,1.310019,0.77472579,0.59820461,0.20482004,0
-5.1626277,-1.1014394,0.23895502,-0.24149778,-0.019430161,0.97020686,0
-1.1974733,2.133471,1.2907212,-0.24149778,-0.019430161,0.97020686,0
-2.4884212,-1.1685374,-2.1888664,0.24149778,0.019430161,-0.97020686,0
4.000906,2.9536803,0.65174294,0.77472579,0.59820461,0.20482004,0
0.57995248,-2.7786005,-0.50119543,0.58436185,-0.80110788,0.12941206,0
-3.5420866,-3.2838063,-1.4230375,-0.77472579,-0.59820461,-0.20482004,0
-1.8030684,-4.4945889,-0.36322498,0.58436185,-0.80110788,0.12941206,0
-1.4511678,-1.2450359,-1.9322119,0.24149778,0.019430161,-0.97020686,0
-2.9296198,-3.6065936,0.74461079,-0.24149778,-0.019430161,0.97020686,0
0.87337422,1.7100902,-1.2944194,0.24149778,0.019430161,-0.97020686,0
0.22367579,0.23281395,1.6064007,-0.24149778,-0.019430161,0.97020686,0
2.7357163,4.5641756,0.73361683,0.77472579,0.59820461,0.20482004,0
-4.2360411,0.02604425,-0.029014826,-0.58436185,0.80110788,-0.12941206,0
3.2078991,4.0735674,0.38048887,0.77472579,0.59820461,0.20482004,0
-2.6255937,1.1178098,-0.54258597,-0.58436185,0.80110788,-0.12941206,0
-3.0295916,-3.8568451,-1.6878977,-0.77472579,-0.59820461,-0.20482004,0
-1.7803649,-1.6786346,-2.0228372,0.24149778,0.019430161,-0.97020686,0
-3.2679024,-3.5686889,-1.6280947,-0.77472579,-0.59820461,-0.20482004,0
3.4733005,3.8267999,-0.60487127,0.24149778,0.019430161,-0.97020686,0
0.20019948,3.1601486,-0.65967011,-0.58436185,0.80110788,-0.12941206,0
-4.3343096,-0.047044456,-0.037729979,-0.58436185,0.80110788,-0.12941206,0
-4.1601348,-2.2409818,0.4656682,-0.24149778,-0.019430161,0.97020686,0
-3.5235689,0.34568858,-1.2674773,-0.58436185,0.80110788,-0.12941206,0
3.2513812,4.3589392,-0.61744738,0.77472579,0.59820461,0.20482004,0
-1.1630704,0.42127335,1.2649947,-0.24149778,-0.019430161,0.97020686,0
-4.7961259,-1.4731424,-1.9679601,-0.77472579,-0.59820461,-0.20482004,0
2.995961,3.912734,1.6518731,0.77472579,0.59820461,0.20482004,0
0.50160277,1.2423782,-1.3963256,0.24149778,0.019430161,-0.97020686,0
-3.0013452,0.39176205,0.80683184,-0.24149778,-0.019430161,0.97020686,0
-2.1357694,-3.8953631,-2.1556964,0.24149778,0.019430161,-0.97020686,0
-0.67458951,-3.1924381,-1.7779112,0.24149778,0.019430161,-0.97020686,0
-3.9508073,-2.5324929,-2.0713756,-0.77472579,-0.59820461,-0.20482004,0
-4.2455611,-2.5190473,-0.99574804,-0.77472579,-0.59820461,-0.20482004,0
-2.8009195,-0.034276307,0.84818816,-0.24149778,-0.019430161,0.97020686,0
3.5779443,3.4076865,-0.58721781,0.24149778,0.019430161,-0.97020686,0
2.0418606,3.4454861,-0.96881294,0.24149778,0.019430161,-0.97020686,0
-4.7253165,-1.7409345,-1.453671,-0.77472579,-0.59820461,-0.20482004,0
-0.79652953,-3.4971075,1.2665064,0.58436185,-0.80110788,0.12941206,0
-0.95213395,-4.0848312,-1.6690817,0.58436185,-0.80110788,0.12941206,0
2.7114809,4.4043956,1.2919488,0.77472579,0.59820461,0.20482004,0
-3.8132694,-3.1344018,-0.83365297,-0.77472579,-0.59820461,-0.20482004,0
-2.3358498,-3.7112153,-2.2018111,0.24149778,0.019430161,-0.97020686,0
-2.4613786,-4.748035,-1.2343078,-0.77472579,-0.59820461,-0.20482004,0
-1.9786426,1.8013825,0.76766264,-0.58436185,0.80110788,-0.12941206,0
-1.7971624,-4.3375902,0.58198595,0.58436185,-0.80110788,0.12941206,0
3.8066607,3.5577879,-0.3779068,0.77472579,0.59820461,0.20482004,0
1.3111269,3.088891,-1.1578441,0.24149778,0.019430161,-0.97020686,0
2.890763,0.98377138,-0.80680966,0.24149778,0.019430161,-0.97020686,0
1.5191418,0.76138377,1.9394455,-0.24149778,-0.019430161,0.97020686,0
3.1699929,4.0169539,0.68921566,0.77472579,0.59820461,0.20482004,0
-2.468255,-4.8731394,0.29706669,0.58436185,-0.80110788,0.12941206,0
-4.9612579,-1.7536919,-0.5239687,-0.77472579,-0.59820461,-0.20482004,0
-0.10684919,-3.1063743,0.57102823,0.58436185,-0.80110788,0.12941206,0
0.56000751,-1.541685,-1.4375436,0.24149778,0.019430161,-0.97020686,0
0.22163433,0.17882919,1.6048113,-0.24149778,-0.019430161,0.97020686,0
-4.5811701,-2.341064,-0.24614334,-0.77472579,-0.59820461,-0.20482004,0
-1.7343855,-4.5785732,-1.1932554,0.58436185,-0.80110788,0.12941206,0
4.2597423,2.3649094,1.3922896,0.77472579,0.59820461,0.20482004,0
0.68358821,3.7947173,1.0857942,-0.58436185,0.80110788,-0.12941206,0
0.78552496,-0.64830983,1.7286065,-0.24149778,-0.019430161,0.97020686,0
-4.0558486,-2.4981575,-1.7743402,-0.77472579,-0.59820461,-0.20482004,0
0.92733008,-0.022159576,-1.3156809,0.24149778,0.019430161,-0.97020686,0
2.8487558,1.0507348,2.2761996,-0.24149778,-0.019430161,0.97020686,0
-5.076004,-1.8106754,0.076482773,-0.77472579,-0.59820461,-0.20482004,0
-0.37761784,1.3113463,-1.6137944,0.24149778,0.019430161,-0.97020686,0
-5.2840395,-1.3909813,-0.36240005,-0.77472579,-0.59820461,-0.20482004,0
4.8916755,0.41386282,-0.2083261,0.58436185,-0.80110788,0.12941206,0
-0.31123745,-3.5145657,-1.0329075,0.58436185,-0.80110788,0.12941206,0
-0.20633477,-0.69206011,1.4808428,-0.24149778,-0.019430161,0.97020686,0
3.3830037,-0.60207975,0.31504738,0.58436185,-0.80110788,0.12941206,0
3.7183845,3.0484457,1.4435987,0.77472579,0.59820461,0.20482004,0
4.3944244,2.5655203,0.2969451,0.77472579,0.59820461,0.20482004,0
-3.9057646,-2.6288402,0.52121639,-0.24149778,-0.019430161,0.97020686,0
1.6075209,4.1358275,-0.97463989,-0.58436185,0.80110788,-0.12941206,0
-0.066086531,2.9080365,-1.0179174,-0.58436185,0.80110788,-0.12941206,0
1.4236814,-0.56157529,-1.2029349,0.24149778,0.019430161,-0.97020686,0
-0.69060957,1.7364023,-1.6831899,0.24149778,0.019430161,-0.97020686,0
3.4453754,3.37005,1.5369587,0.77472579,0.59820461,0.20482004,0
1.1479537,1.8911369,-1.2224472,0.24149778,0.019430161,-0.97020686,0
-1.1583552,-0.48345804,-1.8440748,0.24149778,0.019430161,-0.97020686,0
-2.3514266,-4.6992273,-1.792747,-0.77472579,-0.59820461,-0.20482004,0
-0.6495508,-3.5131421,0.50356388,0.58436185,-0.80110788,0.12941206,0
2.6110384,5.007535,-0.089683056,0.77472579,0.59820461,0.20482004,0
3.8538461,3.2736745,0.27340698,0.77472579,0.59820461,0.20482004,0
1.2091051,-0.76003885,1.8318039,-0.24149778,-0.019430161,0.97020686,0
1.2074127,4.1492486,0.91513205,-0.58436185,0.80110788,-0.12941206,0
1.9626669,2.2013659,-1.0134411,0.24149778,0.019430161,-0.97020686,0
-5.0571117,-1.515273,-0.85774088,-0.77472579,-0.59820461,-0.20482004,0
-2.5594583,-3.2546999,-2.2483277,0.24149778,0.019430161,-0.97020686,0
2.5880954,-1.0192477,1.3220445,0.58436185,-0.80110788,0.12941206,0
0.15733194,3.1587763,1.6484845,-0.24149778,-0.019430161,0.97020686,0
-4.8813047,-1.0869739,-2.7736309,-0.77472579,-0.59820461,-0.20482004,0
-4.2897334,-1.8985138,-2.6410189,-0.77472579,-0.59820461,-0.20482004,0
-4.159977,-2.5316706,-1.2825994,-0.77472579,-0.59820461,-0.20482004,0
-3.1467652,-3.7214293,-1.6401911,-0.77472579,-0.59820461,-0.20482004,0
-4.6509314,-2.365845,0.090105057,-0.77472579,-0.59820461,-0.20482004,0
1.9670553,1.6592929,-1.0232046,0.24149778,0.019430161,-0.97020686,0
-0.97698587,2.4930317,1.3528047,-0.24149778,-0.019430161,0.97020686,0
3.1725354,3.4319632,-0.68764305,0.24149778,0.019430161,-0.97020686,0
-0.68374223,-3.3319988,-1.7829843,0.24149778,0.019430161,-0.97020686,0
-3.9928112,-0.75940055,0.53698778,-0.24149778,-0.019430161,0.97020686,0
-2.3434491,-2.4983015,-2.1794116,0.24149778,0.019430161,-0.97020686,0
4.8024664,2.1276355,0.032443047,0.77472579,0.59820461,0.20482004,0
-1.5003526,1.5914965,1.2044764,-0.24149778,-0.019430161,0.97020686,0
4.7974567,2.0585036,0.25329924,0.77472579,0.59820461,0.20482004,0
-1.8264207,1.8650115,0.47418988,-0.58436185,0.80110788,-0.12941206,0
-5.3542137,-0.76357168,0.13209724,-0.58436185,0.80110788,-0.12941206,0
-4.3489466,-2.5193224,0.41309595,-0.24149778,-0.019430161,0.97020686,0
3.1672204,-0.69878012,0.69080913,0.58436185,-0.80110788,0.12941206,0
2.7016869,1.9675522,-0.83417106,0.24149778,0.019430161,-0.97020686,0
-2.841619,-4.2575555,-1.2285714,-0.77472579,-0.59820461,-0.20482004,0
3.3368671,3.2757909,2.2226844,0.77472579,0.59820461,0.20482004,0
-2.2841668,1.1315898,-1.9990011,-0.58436185,0.80110788,-0.12941206,0
-3.507942,0.49279243,-0.42741513,-0.58436185,0.80110788,-0.12941206,0
0.27736855,-0.71463692,1.6007911,-0.24149778,-0.019430161,0.97020686,0
2.7775083,-0.62729025,2.2248595,-0.24149778,-0.019430161,0.97020686,0
1.3683645,2.7100596,-1.1511838,0.24149778,0.019430161,-0.97020686,0
-2.8415253,1.0261433,-0.13499188,-0.58436185,0.80110788,-0.12941206,0
3.3686314,1.9760518,-0.66798973,0.24149778,0.019430161,-0.97020686,0
0.57922947,-2.6814656,0.10336947,0.58436185,-0.80110788,0.12941206,0
-0.74118137,2.4268813,-0.94804537,-0.58436185,0.80110788,-0.12941206,0
-2.1890156,-3.4076211,0.93294191,-0.24149778,-0.019430161,0.97020686,0
-4.8332887,-2.0796032,-0.056141853,-0.77472579,-0.59820461,-0.20482004,0
1.1287217,-1.4426229,-1.293999,0.24149778,0.019430161,-0.97020686,0
-2.5307274,-4.530982,-1.6059299,-0.77472579,-0.59820461,-0.20482004,0
-4.7345266,-1.4915833,-2.1470976,-0.77472579,-0.59820461,-0.20482004,0
-0.91056859,2.6240275,1.0372335,-0.58436185,0.80110788,-0.12941206,0
3.2880292,2.0931416,2.4064167,-0.24149778,-0.019430161,0.97020686,0
-1.2050071,0.0098500252,-1.8458078,0.24149778,0.019430161,-0.97020686,0
-4.2204952,-2.131429,-2.2226512,-0.77472579,-0.59820461,-0.20482004,0
1.2412874,0.94777226,-1.2181077,0.24149778,0.019430161,-0.97020686,0
3.5040643,-0.12241316,2.4158206,-0.24149778,-0.019430161,0.97020686,0
3.7632742,3.1914792,0.85605621,0.77472579,0.59820461,0.20482004,0
0.17843926,3.2985637,0.29542971,-0.58436185,0.80110788,-0.12941206,0
2.6741538,2.3149774,-0.83406711,0.24149778,0.019430161,-0.97020686,0
-2.9446273,-4.055881,-1.4279613,-0.77472579,-0.59820461,-0.20482004,0
0.99219859,3.8439178,-0.0031728745,-0.58436185,0.80110788,-0.12941206,0
-4.7512298,-2.1080413,-0.2834692,-0.77472579,-0.59820461,-0.20482004,0
5.0809784,1.7414582,0.10686111,0.77472579,0.59820461,0.20482004,0
-3.8208187,-2.963506,-1.3042207,-0.77472579,-0.59820461,-0.20482004,0
-3.3069487,-4.1534476,0.22746372,-0.77472579,-0.59820461,-0.20482004,0
-3.1182718,-2.2003243,0.72581577,-0.24149778,-0.019430161,0.97020686,0
-4.95296,-1.310492,-1.8497791,-0.77472579,-0.59820461,-0.20482004,0
-4.3498578,-0.20590615,-0.95093369,-0.58436185,0.80110788,-0.12941206,0
0.15333855,3.2642658,0.19645452,-0.58436185,0.80110788,-0.12941206,0
4.7220674,0.63051844,1.8987198,0.58436185,-0.80110788,0.12941206,0
-4.9312992,-1.4903367,-1.4064527,-0.77472579,-0.59820461,-0.20482004,0
-0.59729457,-3.3842492,1.0654933,0.58436185,-0.80110788,0.12941206,0
0.093467712,-1.3922274,1.5414457,-0.24149778,-0.019430161,0.97020686,0
3.2436051,3.733243,-0.66391945,0.24149778,0.019430161,-0.97020686,0
-1.0119687,-3.4637914,-1.8673236,0.24149778,0.019430161,-0.97020686,0
2.0741863,-0.5590353,2.0511599,-0.24149778,-0.019430161,0.97020686,0
2.6741717,4.7258382,0.4942522,0.77472579,0.59820461,0.20482004,0
-3.3125134,-3.5874562,0.64968729,-0.24149778,-0.019430161,0.97020686,0
4.2434168,2.4967227,1.0690598,0.77472579,0.59820461,0.20482004,0
3.1740141,0.85949528,-0.73879337,0.24149778,0.019430161,-0.97020686,0
0.034028053,2.9597232,-1.1500263,-0.58436185,0.80110788,-0.12941206,0
2.7930326,0.70716953,-0.83667564,0.24149778,0.019430161,-0.97020686,0
2.9888473,4.6957331,-0.60807228,0.77472579,0.59820461,0.20482004,0
4.2703867,2.6615133,0.48575401,0.77472579,0.59820461,0.20482004,0
-3.6619055,-2.9494905,-1.9462409,-0.77472579,-0.59820461,-0.20482004,0
-4.2341142,-2.044198,-2.4259081,-0.77472579,-0.59820461,-0.20482004,0
3.9752259,0.14106226,2.2411804,0.58436185,-0.80110788,0.12941206,0
-1.9994965,-3.4652643,0.97896194,-0.24149778,-0.019430161,0.97020686,0
1.0912387,-0.40122354,-1.2824731,0.24149778,0.019430161,-0.97020686,0
2.8754168,0.84769106,2.2787695,-0.24149778,-0.019430161,0.97020686,0
-0.1055398,3.2584708,1.3295522,-0.58436185,0.80110788,-0.12941206,0
-4.1398211,-3.1281826,0.38335466,-0.77472579,-0.59820461,-0.20482004,0
4.6159072,0.61583281,2.2871797,0.58436185,-0.80110788,0.12941206,0
0.16797709,-2.8781252,0.74299145,0.58436185,-0.80110788,0.12941206,0
3.6495764,1.5300459,-0.60699058,0.24149778,0.019430161,-0.97020686,0
2.2386305,-1.4474483,0.24934059,0.58436185,-0.80110788,0.12941206,0
1.0499502,1.1572908,1.8305861,-0.24149778,-0.019430161,0.97020686,0
4.3891072,0.17363682,-0.45007563,0.24149778,0.019430161,-0.97020686,0
-2.3299241,-1.550251,-2.1570587,0.24149778,0.019430161,-0.97020686,0
3.3943763,3.5674474,1.153336,0.77472579,0.59820461,0.20482004,0
-3.8473096,-3.0208097,-1.0366578,-0.77472579,-0.59820461,-0.20482004,0
-4.9762249,-0.9761138,-2.7383788,-0.77472579,-0.59820461,-0.20482004,0
-1.7125429,-4.3234572,0.28737402,0.58436185,-0.80110788,0.12941206,0
-0.51689297,-0.93768573,-1.6935028,0.24149778,0.019430161,-0.97020686,0
1.5920513,0.67033076,1.9557703,-0.24149778,-0.019430161,0.97020686,0
-0.42505467,-3.2600453,1.0566096,0.58436185,-0.80110788,0.12941206,0
-4.4259639,-1.9088778,-2.0954618,-0.77472579,-0.59820461,-0.20482004,0
3.9087014,-0.0078094006,1.6200036,0.58436185,-0.80110788,0.12941206,0
2.4286149,4.8829265,0.96426678,0.77472579,0.59820461,0.20482004,0
-2.8649685,-3.8983579,0.7548604,-0.24149778,-0.019430161,0.97020686,0
1.6727314,-1.7028954,1.2233557,0.58436185,-0.80110788,0.12941206,0
2.1865323,-1.6826456,-0.97136706,0.58436185,-0.80110788,0.12941206,0
3.3444376,4.0214834,0.016154289,0.77472579,0.59820461,0.20482004,0
-3.9658823,-3.1336839,-0.25849581,-0.77472579,-0.59820461,-0.20482004,0
-0.54335356,2.6915922,-0.20268106,-0.58436185,0.80110788,-0.12941206,0
2.1302161,1.2202739,-0.99138403,0.24149778,0.019430161,-0.97020686,0
-1.2189592,1.9210665,-1.8110051,0.24149778,0.019430161,-0.97020686,0
4.919168,1.8458738,0.41394377,0.77472579,0.59820461,0.20482004,0
3.2085953,-0.53518069,1.5167215,0.58436185,-0.80110788,0.12941206,0
4.857512,0.61937881,1.2181621,0.58436185,-0.80110788,0.12941206,0
-4.2915049,-0.013101578,-0.020894289,-0.58436185,0.80110788,-0.12941206,0
-1.4100361,-4.1330342,0.10018587,0.58436185,-0.80110788,0.12941206,0
-3.5034144,-3.0794127,-2.1662731,-0.77472579,-0.59820461,-0.20482004,0
-2.3257275,1.2189757,-1.2703826,-0.58436185,0.80110788,-0.12941206,0
3.9161334,1.8971786,-0.53328848,0.24149778,0.019430161,-0.97020686,0
0.65626717,-2.7203598,-0.48526418,0.58436185,-0.80110788,0.12941206,0
-0.79625255,-1.5044954,1.3177336,-0.24149778,-0.019430161,0.97020686,0
2.3057632,-1.4770386,-0.23697355,0.58436185,-0.80110788,0.12941206,0
3.8248048,0.061555147,2.4282315,0.58436185,-0.80110788,0.12941206,0
-4.591176,-2.1641977,-0.72485399,-0.77472579,-0.59820461,-0.20482004,0
-3.7319419,-3.1726191,-1.0296535,-0.77472579,-0.59820461,-0.20482004,0
4.2733517,0.041993141,0.28171635,0.58436185,-0.80110788,0.12941206,0
-2.1169317,-0.75356191,1.0040371,-0.24149778,-0.019430161,0.97020686,0
-3.4399509,-4.0660934,0.47541142,-0.77472579,-0.59820461,-0.20482004,0
0.43469012,-2.6046696,1.2314349,0.58436185,-0.80110788,0.12941206,0
-3.8377752,-1.9848094,0.55103731,-0.24149778,-0.019430161,0.97020686,0
1.0272737,-2.5031543,-0.81596816,0.58436185,-0.80110788,0.12941206,0
-3.0326784,-1.916616,0.75280333,-0.24149778,-0.019430161,0.97020686,0
-3.5078712,0.16815472,-2.4158518,0.24149778,0.019430161,-0.97020686,0
3.5386157,1.2211792,2.451329,-0.24149778,-0.019430161,0.97020686,0
0.22378099,-2.8959632,0.38058472,0.58436185,-0.80110788,0.12941206,0
-4.3756933,-0.34811997,-1.714627,-0.58436185,0.80110788,-0.12941206,0
2.1975746,-0.12244344,2.0906165,-0.24149778,-0.019430161,0.97020686,0
-3.6614132,-2.8150816,-2.3406622,-0.77472579,-0.59820461,-0.20482004,0
-2.350965,-3.4921942,-2.2011874,0.24149778,0.019430161,-0.97020686,0
3.1556036,-0.90113175,-0.50936484,0.58436185,-0.80110788,0.12941206,0
-1.0667081,2.0907645,-1.5588094,-0.58436185,0.80110788,-0.12941206,0
-3.6996067,-3.714998,0.43213129,-0.77472579,-0.59820461,-0.20482004,0
-3.6404123,-3.7967334,0.44695044,-0.77472579,-0.59820461,-0.20482004,0
-1.1822959,-2.9483731,1.1927257,-0.24149778,-0.019430161,0.97020686,0
-3.2371972,-3.7240462,-1.290493,-0.77472579,-0.59820461,-0.20482004,0
5.192122,1.0075243,1.8300161,0.77472579,0.59820461,0.20482004,0
-0.45933092,0.13868463,1.4345058,-0.24149778,-0.019430161,0.97020686,0
3.8854399,2.4906714,2.4407718,0.77472579,0.59820461,0.20482004,0
-3.3315558,-3.9320872,-0.32597256,-0.77472579,-0.59820461,-0.20482004,0
-1.9369533,-1.3899088,-2.0560322,0.24149778,0.019430161,-0.97020686,0
2.3355618,4.7383599,1.7384634,0.77472579,0.59820461,0.20482004,0
-1.4239248,1.9117078,-1.0542184,-0.58436185,0.80110788,-0.12941206,0
3.4921739,3.8168278,0.055069447,0.77472579,0.59820461,0.20482004,0
2.0722618,4.5534706,-0.48781872,-0.58436185,0.80110788,-0.12941206,0
2.5046682,4.5922623,1.5255198,0.77472579,0.59820461,0.20482004,0
-0.65396237,-3.5380259,0.36944366,0.58436185,-0.80110788,0.12941206,0
-4.5777516,-1.727073,-2.0523133,-0.77472579,-0.59820461,-0.20482004,0
-1.4732327,-4.0296369,1.0256219,0.58436185,-0.80110788,0.12941206,0
-2.9862242,-4.27738,-0.62370634,-0.77472579,-0.59820461,-0.20482004,0
4.4548554,2.5624669,-0.3858695,0.24149778,0.019430161,-0.97020686,0
4.2911034,1.8111932,-0.44167519,0.24149778,0.019430161,-0.97020686,0
3.3811123,3.8454342,0.39160728,0.77472579,0.59820461,0.20482004,0
0.36744624,-2.0963347,-1.4965827,0.24149778,0.019430161,-0.97020686,0
-2.910243,-1.0772958,0.80008769,-0.24149778,-0.019430161,0.97020686,0
3.9264927,2.5295451,2.1719551,0.77472579,0.59820461,0.20482004,0
-1.6434374,0.64824504,1.1499703,-0.24149778,-0.019430161,0.97020686,0
-0.52182353,-3.5211172,-0.12256193,0.58436185,-0.80110788,0.12941206,0
-0.1861614,-3.3675466,-0.68758821,0.58436185,-0.80110788,0.12941206,0
1.3883054,-2.2772546,-1.0478097,0.58436185,-0.80110788,0.12941206,0
2.353518,2.05493,2.173039,-0.24149778,-0.019430161,0.97020686,0
-3.4981902,-3.8738694,0.13428402,-0.77472579,-0.59820461,-0.20482004,0
-2.8173196,-4.0598426,-1.8979282,-0.77472579,-0.59820461,-0.20482004,0
3.0775504,3.5783057,2.3200083,0.77472579,0.59820461,0.20482004,0
-0.13827962,2.4436843,1.5605819,-0.24149778,-0.019430161,0.97020686,0
-2.3402157,-4.6625099,0.87017441,-0.24149778,-0.019430161,0.97020686,0
3.881351,-0.072989702,1.3400149,0.58436185,-0.80110788,0.12941206,0
0.2618106,-3.1784749,-1.5399884,0.58436185,-0.80110788,0.12941206,0
2.2194612,4.8934383,0.9520216,-0.58436185,0.80110788,-0.12941206,0
2.2366719,4.4334478,-0.90053606,0.24149778,0.019430161,-0.97020686,0
1.1701034,-2.4656563,-1.2287905,0.58436185,-0.80110788,0.12941206,0
0.44942784,3.2425487,-1.2749779,-0.58436185,0.80110788,-0.12941206,0
-4.7162132,-1.383147,-2.5330696,-0.77472579,-0.59820461,-0.20482004,0
0.31560379,0.43927729,1.6334176,-0.24149778,-0.019430161,0.97020686,0
-1.8659618,1.7101988,-0.30560884,-0.58436185,0.80110788,-0.12941206,0
-4.3578167,-2.3741064,-0.99446392,-0.77472579,-0.59820461,-0.20482004,0
2.7141249,4.931849,-0.2585516,0.77472579,0.59820461,0.20482004,0
-4.3330274,-2.0115309,-2.1471786,-0.77472579,-0.59820461,-0.20482004,0
-3.3352799,0.43212175,-1.5826478,-0.58436185,0.80110788,-0.12941206,0
-2.6909425,-4.9201798,0.13678455,-0.77472579,-0.59820461,-0.20482004,0
-3.546473,-0.92870253,0.64469719,-0.24149778,-0.019430161,0.97020686,0
-1.3586923,-4.0922899,0.12056446,0.58436185,-0.80110788,0.12941206,0
-2.3695188,-4.7354965,0.7032814,0.58436185,-0.80110788,0.12941206,0
-4.2483425,-2.4365551,-1.2261553,-0.77472579,-0.59820461,-0.20482004,0
4.9792461,1.9994699,-0.26189852,0.77472579,0.59820461,0.20482004,0
0.76580226,0.96694136,1.7560456,-0.24149778,-0.019430161,0.97020686,0
-4.8069139,-1.5719194,-1.6386623,-0.77472579,-0.59820461,-0.20482004,0
0.11710906,-2.7940829,1.4929404,0.58436185,-0.80110788,0.12941206,0
3.7046578,2.8216765,2.1578283,0.77472579,0.59820461,0.20482004,0
2.4385734,4.5811691,1.8079219,0.77472579,0.59820461,0.20482004,0
4.8541508,2.0572073,0.04264307,0.77472579,0.59820461,0.20482004,0
-1.0784147,-3.7320635,1.0849004,0.58436185,-0.80110788,0.12941206,0
-3.2565141,0.60736918,-0.85347009,-0.58436185,0.80110788,-0.12941206,0
1.9823718,4.4469967,-0.74103737,-0.58436185,0.80110788,-0.12941206,0
-3.5865378,-0.37467432,-2.4463043,0.24149778,0.019430161,-0.97020686,0
-0.2423743,3.009629,0.40700626,-0.58436185,0.80110788,-0.12941206,0
0.48071492,-0.82035601,1.6492896,-0.24149778,-0.019430161,0.97020686,0
-2.4054747,-4.9717035,-0.79250717,-0.77472579,-0.59820461,-0.20482004,0
3.9739547,3.2751505,-0.49129963,0.24149778,0.019430161,-0.97020686,0
-3.2245007,-3.4645896,-2.0962954,-0.77472579,-0.59820461,-0.20482004,0
-1.2778144,-4.060483,-0.047742844,0.58436185,-0.80110788,0.12941206,0
-2.2305777,-1.4754739,-2.1308327,0.24149778,0.019430161,-0.97020686,0
0.49783754,3.3022289,-1.1241307,-0.58436185,0.80110788,-0.12941206,0
1.9869273,0.14484394,-1.0485878,0.24149778,0.019430161,-0.97020686,0
0.86065054,-0.65014648,1.7472695,-0.24149778,-0.019430161,0.97020686,0
3.9178443,1.2744505,2.5467904,-0.24149778,-0.019430161,0.97020686,0
-4.8608565,-1.9513724,-0.32638168,-0.77472579,-0.59820461,-0.20482004,0
-4.0376902,0.13977794,0.54382491,-0.24149778,-0.019430161,0.97020686,0
3.8745522,3.2838745,0.16529608,0.77472579,0.59820461,0.20482004,0
4.2771702,2.0757923,2.1707735,0.77472579,0.59820461,0.20482004,0
1.5148008,-1.7733741,1.500205,0.58436185,-0.80110788,0.12941206,0
-4.129745,-0.24055648,-2.1593523,-0.58436185,0.80110788,-0.12941206,0
2.6135197,4.2416096,2.1379213,0.77472579,0.59820461,0.20482004,0
0.078393459,-2.8396826,1.3854814,0.58436185,-0.80110788,0.12941206,0
-0.8155309,2.668817,0.88535357,-0.58436185,0.80110788,-0.12941206,0
3.7030988,-0.24158823,1.1012274,0.58436185,-0.80110788,0.12941206,0
1.1542624,-0.078938365,-1.2603313,0.24149778,0.019430161,-0.97020686,0
-4.8728981,-1.5799993,-1.3654814,-0.77472579,-0.59820461,-0.20482004,0
-4.2440295,-0.32100677,-2.1413159,-0.58436185,0.80110788,-0.12941206,0
2.7978103,4.3445954,1.1400623,0.77472579,0.59820461,0.20482004,0
3.2194586,3.8982918,0.84868097,0.77472579,0.59820461,0.20482004,0
2.9929593,4.0661545,1.2151418,0.77472579,0.59820461,0.20482004,0
-1.3064498,-3.8301191,1.1441636,-0.24149778,-0.019430161,0.97020686,0
-0.27351594,-3.5733519,-1.567148,0.58436185,-0.80110788,0.12941206,0
-4.1081204,-2.7765341,-0.763587,-0.77472579,-0.59820461,-0.20482004,0
4.2381239,0.035435796,0.40019369,0.58436185,-0.80110788,0.12941206,0
-3.3833094,0.36762452,-1.7650316,-0.58436185,0.80110788,-0.12941206,0
-2.9871781,-4.6527114,0.47610855,-0.77472579,-0.59820461,-0.20482004,0
1.8896961,4.5455813,0.28772116,-0.58436185,0.80110788,-0.12941206,0
2.9971352,4.4700212,0.019799709,0.77472579,0.59820461,0.20482004,0
0.15180862,-0.89701068,1.5658851,-0.24149778,-0.019430161,0.97020686,0
4.3644218,2.0662644,1.8685741,0.77472579,0.59820461,0.20482004,0
-3.6566553,-3.5305097,-0.26915455,-0.77472579,-0.59820461,-0.20482004,0
-1.7506716,-1.5324519,-2.0125184,0.24149778,0.019430161,-0.97020686,0
-2.2584436,-4.9040341,-1.5462861,-0.77472579,-0.59820461,-0.20482004,0
1.4025522,-1.4222724,-1.2254312,0.24149778,0.019430161,-0.97020686,0
-0.62139821,-3.0057092,1.3311927,-0.24149778,-0.019430161,0.97020686,0
-1.3033249,-0.55449206,1.2105421,-0.24149778,-0.019430161,0.97020686,0
2.2852042,4.8718696,0.52164412,-0.58436185,0.80110788,-0.12941206,0
3.6276822,3.6905034,-0.088537693,0.77472579,0.59820461,0.20482004,0
-1.4633445,-3.4024887,-1.9784496,0.24149778,0.019430161,-0.97020686,0
0.59781158,-1.7019383,-1.431343,0.24149778,0.019430161,-0.97020686,0
0.80060792,3.7058043,0.0069856644,-0.58436185,0.80110788,-0.12941206,0
-0.9890306,-2.5732441,1.2483449,-0.24149778,-0.019430161,0.97020686,0
-2.5125494,0.86969399,-2.154053,0.24149778,0.019430161,-0.97020686,0
0.86209297,-1.4335886,-1.3601856,0.24149778,0.019430161,-0.97020686,0
4.5836067,2.0279715,1.1513524,0.77472579,0.59820461,0.20482004,0
3.431232,3.1158268,2.3329487,0.77472579,0.59820461,0.20482004,0
2.7935932,4.5649471,0.51244831,0.77472579,0.59820461,0.20482004,0
-1.2693503,-2.7979102,1.1740704,-0.24149778,-0.019430161,0.97020686,0
0.70475084,-1.5126972,-1.4009345,0.24149778,0.019430161,-0.97020686,0
3.2561419,3.9741404,0.48840094,0.77472579,0.59820461,0.20482004,0
-4.1844573,-2.863431,-0.22105217,-0.77472579,-0.59820461,-0.20482004,0
-1.5240498,-0.31107354,1.1604754,-0.24149778,-0.019430161,0.97020686,0
0.78292644,-2.7227018,-1.0716926,0.58436185,-0.80110788,0.12941206,0
-5.1949844,-1.0948224,-1.5642228,-0.77472579,-0.59820461,-0.20482004,0
2.1231108,2.2089155,2.1187711,-0.24149778,-0.019430161,0.97020686,0
-1.1011519,-1.0443435,1.2510556,-0.24149778,-0.019430161,0.97020686,0
-3.1035235,0.63535666,-1.3710474,-0.58436185,0.80110788,-0.12941206,0
1.3124025,-2.3407085,-1.0978727,0.58436185,-0.80110788,0.12941206,0
5.3327932,1.1490946,0.88445616,0.77472579,0.59820461,0.20482004,0
0.20630608,-1.5129552,-1.5250094,0.24149778,0.019430161,-0.97020686,0
2.4590318,4.2976408,-0.84790707,0.24149778,0.019430161,-0.97020686,0
0.27568573,-0.43100584,1.6060524,-0.24149778,-0.019430161,0.97020686,0
-2.7222056,-4.6531706,-0.52480125,-0.77472579,-0.59820461,-0.20482004,0
-0.10826874,-2.1592963,1.4758689,-0.24149778,-0.019430161,0.97020686,0
2.7123842,3.1210785,2.2837172,-0.24149778,-0.019430161,0.97020686,0
3.403893,3.5010302,1.3113198,0.77472579,0.59820461,0.20482004,0
-4.7001176,-2.3098288,0.11254692,-0.77472579,-0.59820461,-0.20482004,0
-3.5644655,-3.6778266,0.58516216,-0.24149778,-0.019430161,0.97020686,0
-2.2087379,-4.6891379,0.26425076,0.58436185,-0.80110788,0.12941206,0
0.14468598,-3.037117,-0.13605499,0.58436185,-0.80110788,0.12941206,0
-2.2869084,-1.5435014,0.94590783,-0.24149778,-0.019430161,0.97020686,0
-4.2960243,-2.2994218,-1.4463196,-0.77472579,-0.59820461,-0.20482004,0
-0.15684354,3.1430986,0.84701705,-0.58436185,0.80110788,-0.12941206,0
5.0640764,1.6973047,0.2997489,0.77472579,0.59820461,0.20482004,0
1.1786368,-2.3166676,-0.34502792,0.58436185,-0.80110788,0.12941206,0
-5.0803146,-0.56675029,0.11369801,-0.58436185,0.80110788,-0.12941206,0
0.69322252,3.5219653,-0.64614391,-0.58436185,0.80110788,-0.12941206,0
-4.6308494,-0.59225893,-2.073777,-0.58436185,0.80110788,-0.12941206,0
-0.51188195,-3.3956056,0.60951233,0.58436185,-0.80110788,0.12941206,0
-3.1730275,-3.6300633,-1.8077021,-0.77472579,-0.59820461,-0.20482004,0
-2.856853,0.089583218,0.83674634,-0.24149778,-0.019430161,0.97020686,0
4.7591715,1.8424331,-0.32454062,0.24149778,0.019430161,-0.97020686,0
-3.2002444,-4.2232351,0.027682781,-0.77472579,-0.59820461,-0.20482004,0
-1.4981253,-0.49064296,1.1633321,-0.24149778,-0.019430161,0.97020686,0
-3.1942258,-3.2881193,0.68512487,-0.24149778,-0.019430161,0.97020686,0
-1.816487,-4.3002634,0.90031147,0.58436185,-0.80110788,0.12941206,0
-2.448329,-4.5159178,-1.9615965,-0.77472579,-0.59820461,-0.20482004,0
1.8980827,0.2275126,2.0230775,-0.24149778,-0.019430161,0.97020686,0
1.9087716,4.6412597,0.79386759,-0.58436185,0.80110788,-0.12941206,0
-1.7843336,-0.71736646,-2.0045738,0.24149778,0.019430161,-0.97020686,0
4.4906163,1.7291868,2.3757267,0.77472579,0.59820461,0.20482004,0
-2.9302893,1.0301608,0.83730376,-0.24149778,-0.019430161,0.97020686,0
-3.5112977,-3.4368467,-1.0925217,-0.77472579,-0.59820461,-0.20482004,0
-1.5355873,-4.3081694,-0.41703749,0.58436185,-0.80110788,0.12941206,0
4.1236644,2.588871,1.2528892,0.77472579,0.59820461,0.20482004,0
3.0890212,4.0438242,0.91700888,0.77472579,0.59820461,0.20482004,0
-2.932791,-4.1844497,-1.097229,-0.77472579,-0.59820461,-0.20482004,0
2.7026277,1.6451688,2.2517309,-0.24149778,-0.019430161,0.97020686,0
-0.1340723,-3.3052442,-0.53712487,0.58436185,-0.80110788,0.12941206,0
1.5983748,4.5337386,1.5298753,-0.58436185,0.80110788,-0.12941206,0
-1.5121799,-4.2937784,-0.43364811,0.58436185,-0.80110788,0.12941206,0
-2.325897,-3.9291127,0.88842678,-0.24149778,-0.019430161,0.97020686,0
-1.3714451,1.961503,-0.98294169,-0.58436185,0.80110788,-0.12941206,0
3.2330434,2.9169362,2.4092283,-0.24149778,-0.019430161,0.97020686,0
-4.5853152,-2.1470838,-0.79700708,-0.77472579,-0.59820461,-0.20482004,0
-3.927413,-0.13615108,-2.4266765,-0.58436185,0.80110788,-0.12941206,0
4.2140627,2.3546143,1.5951395,0.77472579,0.59820461,0.20482004,0
3.3198884,-0.63111025,0.42033553,0.58436185,-0.80110788,0.12941206,0
3.4487405,3.4363532,1.3305826,0.77472579,0.59820461,0.20482004,0
-1.1770627,2.2015376,-0.37477612,-0.58436185,0.80110788,-0.12941206,0
2.8092749,3.9491515,2.251647,0.77472579,0.59820461,0.20482004,0
4.9123459,1.1914847,2.350982,0.77472579,0.59820461,0.20482004,0
4.4309926,0.18159246,0.43405676,0.58436185,-0.80110788,0.12941206,0
-5.2021446,-1.2852235,-0.9810462,-0.77472579,-0.59820461,-0.20482004,0
4.3098106,1.9752893,2.3408444,0.77472579,0.59820461,0.20482004,0
-2.214324,-4.6002936,0.83945227,0.58436185,-0.80110788,0.12941206,0
-2.2965748,1.4742502,0.17822258,-0.58436185,0.80110788,-0.12941206,0
-2.7637794,-4.355195,0.7708993,-0.24149778,-0.019430161,0.97020686,0
-0.036407888,2.0846391,1.5787485,-0.24149778,-0.019430161,0.97020686,0
-4.8847809,-1.9256091,-0.31113529,-0.77472579,-0.59820461,-0.20482004,0
5.0009747,0.64559102,0.73261285,0.58436185,-0.80110788,0.12941206,0
5.4462814,0.98115957,0.79911804,0.58436185,-0.80110788,0.12941206,0
0.40594086,2.4789031,1.6967509,-0.24149778,-0.019430161,0.97020686,0
2.4999447,-1.1585029,0.85804993,0.58436185,-0.80110788,0.12941206,0
-2.1300473,-4.9668674,-1.8484268,-0.77472579,-0.59820461,-0.20482004,0
2.8286424,4.8595843,-0.48065281,0.77472579,0.59820461,0.20482004,0
-1.325714,-3.9328694,0.95852327,0.58436185,-0.80110788,0.12941206,0
-0.19437754,-3.2777827,-0.094816446,0.58436185,-0.80110788,0.12941206,0
-4.043735,-1.8836565,0.50179672,-0.24149778,-0.019430161,0.97020686,0
4.0122066,0.91511589,-0.52904201,0.24149778,0.019430161,-0.97020686,0
1.4757954,-1.8699069,1.0787599,0.58436185,-0.80110788,0.12941206,0
-3.6382823,-3.6176429,-0.084166527,-0.77472579,-0.59820461,-0.20482004,0
-5.146596,-0.88351059,-1.5478711,-0.58436185,0.80110788,-0.12941206,0
3.3096707,3.6936772,1.105062,0.77472579,0.59820461,0.20482004,0
-2.2171504,1.5880115,0.52380556,-0.58436185,0.80110788,-0.12941206,0
3.0634327,3.9907084,1.1689301,0.77472579,0.59820461,0.20482004,0
0.25438222,-0.61599278,-1.4950793,0.24149778,0.019430161,-0.97020686,0
4.9043026,0.66439486,1.2855427,0.58436185,-0.80110788,0.12941206,0
3.663779,3.3878915,0.65874434,0.77472579,0.59820461,0.20482004,0
3.6510737,-0.24448371,1.3182243,0.58436185,-0.80110788,0.12941206,0
4.0483432,2.2815347,2.4354081,0.77472579,0.59820461,0.20482004,0
-2.4221489,1.3939401,0.24810426,-0.58436185,0.80110788,-0.12941206,0
5.2881474,1.5580225,-0.1410017,0.77472579,0.59820461,0.20482004,0
0.12626278,1.9207346,1.6159569,-0.24149778,-0.019430161,0.97020686,0
0.66395164,3.8895149,1.7612929,-0.58436185,0.80110788,-0.12941206,0
1.9049443,-0.90201461,-1.0899599,0.24149778,0.019430161,-0.97020686,0
5.0181437,1.9283679,-0.20136452,0.77472579,0.59820461,0.20482004,0
1.171715,-2.2140393,0.32153368,0.58436185,-0.80110788,0.12941206,0
-5.2045603,-0.64295363,0.20300388,-0.58436185,0.80110788,-0.12941206,0
-1.2982814,0.066873193,1.2242414,-0.24149778,-0.019430161,0.97020686,0
3.1725593,-0.48319244,2.0012662,0.58436185,-0.80110788,0.12941206,0
4.6042638,1.3255146,2.7186723,-0.24149778,-0.019430161,0.97020686,0
-4.4862452,-0.23986876,-0.54531431,-0.58436185,0.80110788,-0.12941206,0
1.4972872,4.2668171,0.33399343,-0.58436185,0.80110788,-0.12941206,0
4.2423563,0.29546213,1.9907434,0.58436185,-0.80110788,0.12941206,0
4.1510282,2.1356308,2.4731367,0.77472579,0.59820461,0.20482004,0
2.8906457,4.1029253,1.4947462,0.77472579,0.59820461,0.20482004,0
3.4106171,3.8906054,0.14807796,0.77472579,0.59820461,0.20482004,0
1.3632588,1.9732571,1.924914,-0.24149778,-0.019430161,0.97020686,0
4.9744,1.3703408,1.5938878,0.77472579,0.59820461,0.20482004,0
-0.026350141,-0.50807488,1.5293281,-0.24149778,-0.019430161,0.97020686,0
-4.442832,-2.1026144,-1.4658241,-0.77472579,-0.59820461,-0.20482004,0
-3.4530649,-3.1296785,-2.2099109,-0.77472579,-0.59820461,-0.20482004,0
4.7779517,1.705645,1.3576479,0.77472579,0.59820461,0.20482004,0
0.67873716,1.1373118,1.7377859,-0.24149778,-0.019430161,0.97020686,0
-4.2969933,-1.938256,-2.4974859,-0.77472579,-0.59820461,-0.20482004,0
-3.7827826,-2.8736272,-1.7105942,-0.77472579,-0.59820461,-0.20482004,0
0.63366616,-1.1563796,-1.4114925,0.24149778,0.019430161,-0.97020686,0
-4.8898849,-0.6415863,-1.2094524,-0.58436185,0.80110788,-0.12941206,0
-3.8301425,-1.0037718,0.57258463,-0.24149778,-0.019430161,0.97020686,0
-3.7858019,-3.0724759,-1.118412,-0.77472579,-0.59820461,-0.20482004,0
-3.0190673,0.57706785,-2.1132402,-0.58436185,0.80110788,-0.12941206,0
-3.4268646,-3.3756719,-1.5905557,-0.77472579,-0.59820461,-0.20482004,0
1.9610492,4.4022732,-0.92160654,-0.58436185,0.80110788,-0.12941206,0
-0.55873477,-0.51827359,1.3966061,-0.24149778,-0.019430161,0.97020686,0
-3.4659576,-0.57900393,0.67174196,-0.24149778,-0.019430161,0.97020686,0
-2.8020091,-4.2113681,-1.5132895,-0.77472579,-0.59820461,-0.20482004,0
2.4556804,4.423624,2.2033477,0.77472579,0.59820461,0.20482004,0
1.0326183,-0.77173305,-1.3044846,0.24149778,0.019430161,-0.97020686,0
-3.1887228,0.68005407,-0.70963562,-0.58436185,0.80110788,-0.12941206,0
0.22008085,3.5218208,1.489439,-0.58436185,0.80110788,-0.12941206,0
5.0739832,1.5582337,0.66845179,0.77472579,0.59820461,0.20482004,0
-5.1038599,-1.7217425,-0.077894688,-0.77472579,-0.59820461,-0.20482004,0
-3.9457011,-3.3258519,0.22642183,-0.77472579,-0.59820461,-0.20482004,0
3.9601028,2.9079347,0.9396863,0.77472579,0.59820461,0.20482004,0
-0.0634422,-2.2323022,-1.6065599,0.24149778,0.019430161,-0.97020686,0
-1.234948,1.5081925,1.2688709,-0.24149778,-0.019430161,0.97020686,0
-2.5345078,1.3015625,0.18361157,-0.58436185,0.80110788,-0.12941206,0
2.919688,-0.5764218,-0.83085561,0.24149778,0.019430161,-0.97020686,0
-3.7627723,-0.095127106,-2.4845734,0.24149778,0.019430161,-0.97020686,0
-1.2728388,-3.5832281,1.1574748,-0.24149778,-0.019430161,0.97020686,0
-4.3842587,-2.448616,-0.67683125,-0.77472579,-0.59820461,-0.20482004,0
3.6720657,2.9232502,1.9844499,0.77472579,0.59820461,0.20482004,0
2.400444,-1.1850141,-0.97229075,0.24149778,0.019430161,-0.97020686,0
-4.7486763,-0.54493618,-1.2487817,-0.58436185,0.80110788,-0.12941206,0
-3.3260479,0.5948267,-0.61713076,-0.58436185,0.80110788,-0.12941206,0
3.4104004,3.2248142,2.0934329,0.77472579,0.59820461,0.20482004,0
3.9829569,2.6975334,1.4677472,0.77472579,0.59820461,0.20482004,0
4.4014788,2.2162247,1.2904291,0.77472579,0.59820461,0.20482004,0
1.1371897,-2.3494194,-0.36062014,0.58436185,-0.80110788,0.12941206,0
-0.063849449,-0.68954575,1.5163598,-0.24149778,-0.019430161,0.97020686,0
-4.9674602,-1.8884664,-0.10688257,-0.77472579,-0.59820461,-0.20482004,0
-4.9803653,-1.3578053,-1.6079369,-0.77472579,-0.59820461,-0.20482004,0
5.0605469,1.5374222,0.78005791,0.77472579,0.59820461,0.20482004,0
3.7875891,2.7757752,1.9782057,0.77472579,0.59820461,0.20482004,0
4.5418181,2.1999249,0.8072052,0.77472579,0.59820461,0.20482004,0
-2.7597649,-2.0099535,0.81886578,-0.24149778,-0.019430161,0.97020686,0
4.8940787,1.7092642,0.90782928,0.77472579,0.59820461,0.20482004,0
4.2994814,1.5835314,-0.44414902,0.24149778,0.019430161,-0.97020686,0
-2.3953862,-4.900136,-1.0396891,-0.77472579,-0.59820461,-0.20482004,0
2.0101175,4.5120835,2.1367707,-0.24149778,-0.019430161,0.97020686,0
2.8777986,-0.31756639,2.2560258,-0.24149778,-0.019430161,0.97020686,0
-0.2310679,2.9392667,-0.07961607,-0.58436185,0.80110788,-0.12941206,0
3.4767756,-0.28120923,1.877924,0.58436185,-0.80110788,0.12941206,0
-3.5255847,0.45340466,-0.59157252,-0.58436185,0.80110788,-0.12941206,0
0.037839532,1.1818256,-1.5129752,0.24149778,0.019430161,-0.97020686,0
-3.4902458,-3.6779561,0.60363436,-0.24149778,-0.019430161,0.97020686,0
-2.6307476,-5.0100079,0.171453,-0.77472579,-0.59820461,-0.20482004,0
0.85663164,-2.249388,1.5254757,0.58436185,-0.80110788,0.12941206,0
0.030892551,0.23116326,-1.5337431,0.24149778,0.019430161,-0.97020686,0
-1.0754604,-0.42098504,1.2699344,-0.24149778,-0.019430161,0.97020686,0
2.5019867,4.8418765,0.80663204,0.77472579,0.59820461,0.20482004,0
-3.5771985,-2.8736634,-2.4881055,-0.77472579,-0.59820461,-0.20482004,0
3.0729351,3.7404623,1.8638649,0.77472579,0.59820461,0.20482004,0
-0.82739127,2.4784844,-0.23932004,-0.58436185,0.80110788,-0.12941206,0
3.6000023,3.1593661,1.5674186,0.77472579,0.59820461,0.20482004,0
2.1160929,-0.60942429,-1.0315425,0.24149778,0.019430161,-0.97020686,0
1.9211659,-1.3885092,1.9964595,-0.24149778,-0.019430161,0.97020686,0
-0.21057904,3.0021069,0.21687007,-0.58436185,0.80110788,-0.12941206,0
-4.8856554,-1.876135,-0.45232201,-0.77472579,-0.59820461,-0.20482004,0
0.98859715,2.5388253,1.8429818,-0.24149778,-0.019430161,0.97020686,0
1.6245173,2.0956411,-1.0997286,0.24149778,0.019430161,-0.97020686,0
-3.4967411,0.50327826,-0.41308177,-0.58436185,0.80110788,-0.12941206,0
2.5042748,3.3905954,2.2373135,-0.24149778,-0.019430161,0.97020686,0
1.4572073,-2.1664603,-0.67307979,0.58436185,-0.80110788,0.12941206,0
-2.5249693,-4.9256682,0.2279892,0.58436185,-0.80110788,0.12941206,0
4.8107939,1.3867445,2.164814,0.77472579,0.59820461,0.20482004,0
-2.7448487,-4.856595,0.15497446,-0.77472579,-0.59820461,-0.20482004,0
2.2303042,-1.2451758,1.5390768,0.58436185,-0.80110788,0.12941206,0
0.97557878,-2.5137508,-0.64813471,0.58436185,-0.80110788,0.12941206,0
-4.06809,-0.66901243,0.5200603,-0.24149778,-0.019430161,0.97020686,0
-3.2117083,-3.5516334,-1.8904576,-0.77472579,-0.59820461,-0.20482004,0
4.1493177,2.2820659,2.0519214,0.77472579,0.59820461,0.20482004,0
