3.6318872,0.87600076,-0.26571441,0.83591092,0.54618573,0.054167747,0
1.216671,3.7074597,-1.5983444,-0.39041138,0.66105378,-0.64077055,0
0.91633379,1.4004387,-2.4378951,0.38578746,-0.5144794,-0.76581919,0
-0.73257542,-3.4672899,1.5511649,0.39041138,-0.66105378,0.64077055,0
-2.5916212,0.053321481,0.61731613,-0.38578746,0.5144794,0.76581919,0
-1.8202174,-0.62415087,-2.4563296,0.38578746,-0.5144794,-0.76581919,0
-2.4989443,-2.5310173,-0.52983332,-0.83591092,-0.54618573,-0.054167747,0
-0.83825839,-0.090097785,1.5969356,-0.38578746,0.5144794,0.76581919,0
2.5407364,2.4202805,-2.3047218,0.38578746,-0.5144794,-0.76581919,0
1.3873967,3.0264335,-2.4049489,-0.39041138,0.66105378,-0.64077055,0
-0.28893995,0.62375855,-2.5232854,0.38578746,-0.5144794,-0.76581919,0
3.1831274,1.6564057,-1.209507,0.83591092,0.54618573,0.054167747,0
-3.1217504,1.1087046,-0.3587501,-0.38578746,0.5144794,0.76581919,0
0.12521148,1.4585412,-2.8754628,0.38578746,-0.5144794,-0.76581919,0
2.8349576,1.8286638,2.1583183,-0.38578746,0.5144794,0.76581919,0
-3.4718788,1.3580312,-0.70262814,-0.38578746,0.5144794,0.76581919,0
2.5753715,-1.0002244,2.0808439,0.39041138,-0.66105378,0.64077055,0
-0.84723318,-0.53764546,1.8930783,-0.38578746,0.5144794,0.76581919,0
-2.8616934,-2.0300221,0.016419888,-0.83591092,-0.54618573,-0.054167747,0
0.42405605,2.7709503,-2.0815709,-0.39041138,0.66105378,-0.64077055,0
1.2305822,3.3580036,-1.967338,-0.39041138,0.66105378,-0.64077055,0
-0.12809682,-2.7013156,1.9730864,0.39041138,-0.66105378,0.64077055,0
3.2942133,1.3186204,0.482198,0.83591092,0.54618573,0.054167747,0
2.6935153,2.3189354,-0.33429289,0.83591092,0.54618573,0.054167747,0
2.8318276,2.2039962,-1.3097663,0.83591092,0.54618573,0.054167747,0
3.0485566,1.8164512,-0.74659467,0.83591092,0.54618573,0.054167747,0
1.5137389,0.76261199,2.2089202,-0.38578746,0.5144794,0.76581919,0
1.1502533,-2.377923,1.5278372,0.39041138,-0.66105378,0.64077055,0
-2.763865,-1.9787202,-2.0105457,-0.83591092,-0.54618573,-0.054167747,0
-3.2997718,-1.2333498,-1.2562282,-0.83591092,-0.54618573,-0.054167747,0
1.7118888,3.8388658,-0.51174355,0.83591092,0.54618573,0.054167747,0
-2.8268986,-2.0225039,-0.5963316,-0.83591092,-0.54618573,-0.054167747,0
3.2605441,1.1427813,2.7748082,0.83591092,0.54618573,0.054167747,0
-1.9382851,1.484082,-1.9698372,-0.39041138,0.66105378,-0.64077055,0
-2.5943692,-2.5436788,1.0704253,-0.83591092,-0.54618573,-0.054167747,0
-1.7518647,-2.8616815,2.7969801,0.39041138,-0.66105378,0.64077055,0
-3.6531396,-0.82123792,0.041491985,-0.83591092,-0.54618573,-0.054167747,0
-0.75058961,-3.21245,1.8250469,0.39041138,-0.66105378,0.64077055,0
-0.65162587,1.2586398,-2.9863565,-0.39041138,0.66105378,-0.64077055,0
3.3125539,-1.5333655,1.0816734,0.39041138,-0.66105378,0.64077055,0
-2.5011797,-2.8044608,2.2618601,-0.83591092,-0.54618573,-0.054167747,0
0.14669961,-1.5055028,-0.87338507,0.38578746,-0.5144794,-0.76581919,0
-0.57885873,-1.8891518,-0.98115444,0.38578746,-0.5144794,-0.76581919,0
-2.1337376,-3.3678124,2.2719378,-0.83591092,-0.54618573,-0.054167747,0
1.4134083,-2.1500394,0.19773084,0.38578746,-0.5144794,-0.76581919,0
-1.9214098,-3.5917521,1.2533491,-0.83591092,-0.54618573,-0.054167747,0
0.49438334,3.1877394,0.066204906,-0.38578746,0.5144794,0.76581919,0
2.4991531,2.7088864,-1.2668867,0.83591092,0.54618573,0.054167747,0
-2.2136788,-3.0577533,0.37918043,-0.83591092,-0.54618573,-0.054167747,0
-3.4686551,-0.96908557,-1.3146799,-0.83591092,-0.54618573,-0.054167747,0
-2.4043806,1.5569344,-0.29849148,-0.38578746,0.5144794,0.76581919,0
3.2595477,1.1739492,2.4759109,0.83591092,0.54618573,0.054167747,0
1.4416587,-2.5091493,0.45321336,0.38578746,-0.5144794,-0.76581919,0
-1.7602406,-3.8661697,1.5332178,-0.83591092,-0.54618573,-0.054167747,0
-2.9321129,-1.8194786,-1.0198302,-0.83591092,-0.54618573,-0.054167747,0
-2.5961776,-2.3485634,-0.86906624,-0.83591092,-0.54618573,-0.054167747,0
-1.9834502,1.8719646,-1.5421579,-0.39041138,0.66105378,-0.64077055,0
1.6693308,-1.1808399,2.4465475,0.39041138,-0.66105378,0.64077055,0
-2.4634998,2.0727735,-1.0425059,-0.39041138,0.66105378,-0.64077055,0
-0.70349169,2.5238059,-1.6495414,-0.39041138,0.66105378,-0.64077055,0
3.0603838,-1.7087677,1.0543623,0.39041138,-0.66105378,0.64077055,0
1.7049637,-1.6781123,1.9118241,0.39041138,-0.66105378,0.64077055,0
-3.465117,-1.0008202,-1.0492866,-0.83591092,-0.54618573,-0.054167747,0
-1.0960441,1.6651543,-2.2961974,-0.39041138,0.66105378,-0.64077055,0
3.7714996,-1.0090787,1.3429279,0.39041138,-0.66105378,0.64077055,0
3.1400011,1.599116,0.033690929,0.83591092,0.54618573,0.054167747,0
-1.1977601,-3.9225473,1.3649263,0.39041138,-0.66105378,0.64077055,0
3.6360571,0.59693968,2.483777,0.83591092,0.54618573,0.054167747,0
1.2934929,0.0042089224,2.6074669,-0.38578746,0.5144794,0.76581919,0
0.27783251,-3.3825233,1.0229895,0.39041138,-0.66105378,0.64077055,0
-0.5263108,-1.2430961,2.5286694,-0.38578746,0.5144794,0.76581919,0
0.32221222,3.9529905,-0.80006158,-0.39041138,0.66105378,-0.64077055,0
-1.5274825,-4.1182346,0.48294377,-0.83591092,-0.54618573,-0.054167747,0
-1.2788453,1.5896776,-2.2626851,-0.39041138,0.66105378,-0.64077055,0
-0.31184065,2.2227051,0.30837584,-0.38578746,0.5144794,0.76581919,0
-3.0780904,0.69290805,-2.0915895,-0.39041138,0.66105378,-0.64077055,0
-1.637172,2.6053791,-0.99650967,-0.39041138,0.66105378,-0.64077055,0
-0.43118179,-0.35471046,1.9797711,-0.38578746,0.5144794,0.76581919,0
-1.3789101,-0.22634637,-2.5012636,0.38578746,-0.5144794,-0.76581919,0
-1.7519904,-3.8755298,1.5002831,-0.83591092,-0.54618573,-0.054167747,0
2.8535151,2.1102695,-0.69937134,0.83591092,0.54618573,0.054167747,0
-2.5784707,-2.3949494,-0.6745944,-0.83591092,-0.54618573,-0.054167747,0
-2.0116286,-1.1288216,-2.2137156,0.38578746,-0.5144794,-0.76581919,0
-0.50544477,0.84052229,1.1394001,-0.38578746,0.5144794,0.76581919,0
1.5636946,1.42977,-2.1314869,0.38578746,-0.5144794,-0.76581919,0
-0.58752966,-2.398695,2.5652113,0.39041138,-0.66105378,0.64077055,0
4.016767,0.20344737,0.57637739,0.83591092,0.54618573,0.054167747,0
0.70123649,3.9964638,-0.98614621,-0.39041138,0.66105378,-0.64077055,0
3.8031507,0.61070585,-0.23360586,0.83591092,0.54618573,0.054167747,0
-3.0145512,-1.1515517,-2.7036755,0.38578746,-0.5144794,-0.76581919,0
-0.16781044,-1.1909903,2.6742616,-0.38578746,0.5144794,0.76581919,0
4.2421827,-1.0585065,1.0051556,0.39041138,-0.66105378,0.64077055,0
-0.085141897,-3.9203722,0.63213849,0.38578746,-0.5144794,-0.76581919,0
0.65807879,1.6343516,-2.7251363,0.38578746,-0.5144794,-0.76581919,0
3.4015744,-0.28815651,2.3120599,0.39041138,-0.66105378,0.64077055,0
-2.540195,-2.6562114,1.3691082,-0.83591092,-0.54618573,-0.054167747,0
1.7415433,-2.4979599,1.0437373,0.39041138,-0.66105378,0.64077055,0
0.85146093,-3.0929008,0.54806209,0.38578746,-0.5144794,-0.76581919,0
-2.8600945,-1.5424037,-2.363291,0.38578746,-0.5144794,-0.76581919,0
-1.8395902,-1.7370386,2.198926,-0.38578746,0.5144794,0.76581919,0
-2.3463647,-2.1710844,2.2352276,-0.38578746,0.5144794,0.76581919,0
-2.5735941,-0.96454597,-2.6071711,0.38578746,-0.5144794,-0.76581919,0
-2.399133,-1.7599595,1.9324503,-0.38578746,0.5144794,0.76581919,0
-2.5923176,-0.44802159,0.95376861,-0.38578746,0.5144794,0.76581919,0
3.1679378,1.3906566,1.7045119,0.83591092,0.54618573,0.054167747,0
1.4420397,-1.68712,-0.098836303,0.38578746,-0.5144794,-0.76581919,0
1.7306828,3.8710039,-1.1258323,0.83591092,0.54618573,0.054167747,0
0.1225784,1.0754226,1.297965,-0.38578746,0.5144794,0.76581919,0
-2.4331682,-2.8871326,2.0459132,-0.83591092,-0.54618573,-0.054167747,0
2.251148,2.9927974,-0.30243325,0.83591092,0.54618573,0.054167747,0
-1.5907733,2.2146683,-1.4278576,-0.39041138,0.66105378,-0.64077055,0
-2.9310164,-1.9576406,0.35637116,-0.83591092,-0.54618573,-0.054167747,0
2.6892087,2.3635347,-0.71754408,0.83591092,0.54618573,0.054167747,0
2.2141171,1.3868958,-1.7750285,0.38578746,-0.5144794,-0.76581919,0
-1.1435657,3.0371845,-0.85178137,-0.39041138,0.66105378,-0.64077055,0
0.36851501,-2.5056801,1.8723369,0.39041138,-0.66105378,0.64077055,0
0.44039416,-1.8354684,2.519969,0.39041138,-0.66105378,0.64077055,0
1.4286318,3.8291678,-1.6019279,-0.39041138,0.66105378,-0.64077055,0
1.9001179,1.1777928,2.1246419,-0.38578746,0.5144794,0.76581919,0
-3.8564317,1.1424018,-1.1536362,-0.39041138,0.66105378,-0.64077055,0
1.913609,3.4839878,-0.046353579,0.83591092,0.54618573,0.054167747,0
0.34083927,-1.7065215,-0.64054096,0.38578746,-0.5144794,-0.76581919,0
1.8159518,3.6905608,-0.62224388,0.83591092,0.54618573,0.054167747,0
4.0166063,0.25501668,0.058869839,0.83591092,0.54618573,0.054167747,0
4.0579691,-0.10420591,2.1019025,0.39041138,-0.66105378,0.64077055,0
-0.58238316,1.1060808,-2.9951353,0.38578746,-0.5144794,-0.76581919,0
-2.9262459,1.5261769,-0.54072213,-0.38578746,0.5144794,0.76581919,0
0.40845537,3.7073474,-1.1060271,-0.39041138,0.66105378,-0.64077055,0
1.9931502,3.4697242,-1.130002,0.83591092,0.54618573,0.054167747,0
2.5004654,2.6534553,-0.72821331,0.83591092,0.54618573,0.054167747,0
-0.43129396,3.0393453,-0.30042112,-0.38578746,0.5144794,0.76581919,0
2.8685217,2.0812411,-0.63825297,0.83591092,0.54618573,0.054167747,0
-1.2084987,1.4290779,0.38983795,-0.38578746,0.5144794,0.76581919,0
-2.983283,1.0251046,-1.8066428,-0.39041138,0.66105378,-0.64077055,0
1.2154567,0.57072484,2.1875687,-0.38578746,0.5144794,0.76581919,0
-3.1995368,-1.5424405,0.31359172,-0.83591092,-0.54618573,-0.054167747,0
2.8691957,-0.63538182,2.2782137,0.39041138,-0.66105378,0.64077055,0
1.9553636,3.5081751,-0.93459225,0.83591092,0.54618573,0.054167747,0
2.2898712,-0.39658701,-0.53871834,0.38578746,-0.5144794,-0.76581919,0
-1.294347,-4.4786282,0.51915407,-0.83591092,-0.54618573,-0.054167747,0
3.1452584,1.6914152,-0.97812176,0.83591092,0.54618573,0.054167747,0
-2.4801517,-2.6764896,0.64699173,-0.83591092,-0.54618573,-0.054167747,0
0.88623953,3.0836258,-2.0405984,-0.39041138,0.66105378,-0.64077055,0
0.92585588,-2.3359199,0.076997474,0.38578746,-0.5144794,-0.76581919,0
-1.7698253,-1.206615,-2.0396433,0.38578746,-0.5144794,-0.76581919,0
1.0642234,0.3786087,2.2404475,-0.38578746,0.5144794,0.76581919,0
3.7153659,0.66711879,0.55224943,0.83591092,0.54618573,0.054167747,0
0.0058870316,-1.3370579,2.8598919,-0.38578746,0.5144794,0.76581919,0
-3.2140372,-0.48191333,-3.2207692,-0.39041138,0.66105378,-0.64077055,0
-1.7793149,-3.6485956,2.0018818,0.39041138,-0.66105378,0.64077055,0
-1.761838,1.9821659,-1.563493,-0.39041138,0.66105378,-0.64077055,0
-0.85468411,-3.5278008,1.5631373,0.39041138,-0.66105378,0.64077055,0
0.66616774,-0.52556515,-1.2700238,0.38578746,-0.5144794,-0.76581919,0
4.2594213,-0.28611493,1.7681236,0.83591092,0.54618573,0.054167747,0
3.3070629,1.2015897,1.4639602,0.83591092,0.54618573,0.054167747,0
2.2844853,3.030107,-1.193095,0.83591092,0.54618573,0.054167747,0
-2.8407407,-1.9091923,-1.5252726,-0.83591092,-0.54618573,-0.054167747,0
-3.3268104,0.22634333,-2.4213822,-0.39041138,0.66105378,-0.64077055,0
-1.8151016,-2.4878931,2.7156885,-0.38578746,0.5144794,0.76581919,0
2.7359953,-1.4623919,1.506182,0.39041138,-0.66105378,0.64077055,0
-2.4521499,-2.6683557,0.13285637,-0.83591092,-0.54618573,-0.054167747,0
-4.0846386,-0.072321609,-0.85115361,-0.83591092,-0.54618573,-0.054167747,0
2.4502521,2.8160644,-1.592947,0.83591092,0.54618573,0.054167747,0
-2.0477853,0.34674776,-3.0764563,-0.39041138,0.66105378,-0.64077055,0
1.9390202,3.3750753,0.65969515,0.83591092,0.54618573,0.054167747,0
-0.58189738,-3.1285365,-0.15006316,0.38578746,-0.5144794,-0.76581919,0
3.8794203,0.27685034,1.9557624,0.83591092,0.54618573,0.054167747,0
1.3235542,3.2645969,-2.120348,-0.39041138,0.66105378,-0.64077055,0
3.539865,-1.1610718,1.3272552,0.39041138,-0.66105378,0.64077055,0
-2.8771331,-0.11055017,-3.0429208,-0.39041138,0.66105378,-0.64077055,0
-2.1116168,-3.4036334,2.2917614,-0.83591092,-0.54618573,-0.054167747,0
-3.8321195,-0.55340856,0.10290551,-0.83591092,-0.54618573,-0.054167747,0
-1.4950098,-3.0408018,2.4556923,0.39041138,-0.66105378,0.64077055,0
-1.9751999,-1.7975261,2.1712472,-0.38578746,0.5144794,0.76581919,0
2.1685216,3.2080848,-1.1981466,0.83591092,0.54618573,0.054167747,0
-2.7721615,1.1387939,-0.20285606,-0.38578746,0.5144794,0.76581919,0
-2.3138068,-2.8174367,-0.49882531,-0.83591092,-0.54618573,-0.054167747,0
1.7381978,-2.3274078,1.2217262,0.39041138,-0.66105378,0.64077055,0
2.7403409,-1.4123425,0.37059689,0.38578746,-0.5144794,-0.76581919,0
1.5358971,1.2303826,1.9058332,-0.38578746,0.5144794,0.76581919,0
1.8715523,3.5814459,-0.38003349,0.83591092,0.54618573,0.054167747,0
-3.0504587,-0.17162168,-3.0003216,-0.39041138,0.66105378,-0.64077055,0
2.4524074,1.0873992,2.4635885,-0.38578746,0.5144794,0.76581919,0
2.3706884,-1.0849892,-0.035535574,0.38578746,-0.5144794,-0.76581919,0
3.8341486,-1.3702021,0.89330101,0.38578746,-0.5144794,-0.76581919,0
-2.8263965,-1.454967,-2.4050558,0.38578746,-0.5144794,-0.76581919,0
3.0681813,1.6133815,0.99815774,0.83591092,0.54618573,0.054167747,0
2.9809349,-0.60458422,2.2419052,0.39041138,-0.66105378,0.64077055,0
0.068170547,2.6514373,-1.9880314,-0.39041138,0.66105378,-0.64077055,0
-1.0536484,0.17355585,-2.606066,0.38578746,-0.5144794,-0.76581919,0
0.96291018,-1.0756626,2.985465,0.39041138,-0.66105378,0.64077055,0
2.0015771,-1.3336933,2.0864236,0.39041138,-0.66105378,0.64077055,0
1.4072819,-2.8331156,0.90163261,0.39041138,-0.66105378,0.64077055,0
-2.1766582,-3.0650334,-0.11871529,-0.83591092,-0.54618573,-0.054167747,0
-0.4035306,-3.1406474,1.687665,0.39041138,-0.66105378,0.64077055,0
3.394748,1.1426666,0.70494318,0.83591092,0.54618573,0.054167747,0
-3.9209056,0.49696612,-0.35036325,-0.38578746,0.5144794,0.76581919,0
2.2293363,-1.4640577,0.14791644,0.38578746,-0.5144794,-0.76581919,0
2.2904942,3.1571774,-2.5671058,0.83591092,0.54618573,0.054167747,0
-1.1260356,-2.0695834,2.7817893,-0.38578746,0.5144794,0.76581919,0
-2.1545835,-3.0838542,-0.26959181,-0.83591092,-0.54618573,-0.054167747,0
-3.9689524,-0.23919228,-0.95382452,-0.83591092,-0.54618573,-0.054167747,0
2.5617008,-0.47485197,2.6311769,0.39041138,-0.66105378,0.64077055,0
-1.3195904,1.6500018,0.18545717,-0.38578746,0.5144794,0.76581919,0
3.6770673,-0.48001122,1.9462781,0.39041138,-0.66105378,0.64077055,0
2.7992971,2.0894508,0.34723806,0.83591092,0.54618573,0.054167747,0
0.1540513,3.0025713,-1.678108,-0.39041138,0.66105378,-0.64077055,0
-0.72888768,1.8753231,0.33165705,-0.38578746,0.5144794,0.76581919,0
0.69611764,-0.16623211,2.421037,-0.38578746,0.5144794,0.76581919,0
-0.42672062,1.4637386,-2.9117968,-0.39041138,0.66105378,-0.64077055,0
-1.8672411,-1.0078508,1.6951263,-0.38578746,0.5144794,0.76581919,0
-0.51472867,-1.0153801,2.3815236,-0.38578746,0.5144794,0.76581919,0
-2.3517919,-1.1891271,1.5728121,-0.38578746,0.5144794,0.76581919,0
4.0200176,0.10420138,1.5269365,0.83591092,0.54618573,0.054167747,0
0.88421082,3.1062293,-2.0160437,-0.39041138,0.66105378,-0.64077055,0
2.2313898,3.1616006,-1.6996154,0.83591092,0.54618573,0.054167747,0
-3.9236808,-0.38337168,-0.19864893,-0.83591092,-0.54618573,-0.054167747,0
3.270555,1.4652829,-0.63154268,0.83591092,0.54618573,0.054167747,0
4.2156057,-0.32680598,1.7762101,0.39041138,-0.66105378,0.64077055,0
-3.5690627,-0.0017175674,-2.5090621,-0.39041138,0.66105378,-0.64077055,0
2.4790311,-1.1133177,2.0228698,0.39041138,-0.66105378,0.64077055,0
3.7364604,0.51488405,1.7617502,0.83591092,0.54618573,0.054167747,0
-1.485515,-4.2267666,0.92966104,-0.83591092,-0.54618573,-0.054167747,0
-0.84153879,-3.6307087,0.056500912,0.38578746,-0.5144794,-0.76581919,0
1.6333795,-2.3552873,1.2568285,0.39041138,-0.66105378,0.64077055,0
-0.34926081,2.4723191,-1.9184849,-0.39041138,0.66105378,-0.64077055,0
1.3684056,3.2710323,-2.1410365,-0.39041138,0.66105378,-0.64077055,0
-2.3445599,2.2223976,-0.96061337,-0.39041138,0.66105378,-0.64077055,0
0.70546222,2.2854564,-2.7538891,-0.39041138,0.66105378,-0.64077055,0
-1.8093652,-3.1305523,2.5546327,0.39041138,-0.66105378,0.64077055,0
-3.849299,-0.37528354,-1.4280593,-0.83591092,-0.54618573,-0.054167747,0
-1.6809223,1.972774,-1.6224825,-0.39041138,0.66105378,-0.64077055,0
0.61538267,-2.300437,1.9336643,0.39041138,-0.66105378,0.64077055,0
-0.27584386,-2.8408816,1.919122,0.39041138,-0.66105378,0.64077055,0
-1.8403344,-3.7357109,1.4537725,-0.83591092,-0.54618573,-0.054167747,0
1.3026716,3.7140512,0.11980867,-0.38578746,0.5144794,0.76581919,0
-0.093023062,-2.5903716,-0.26532924,0.38578746,-0.5144794,-0.76581919,0
-0.10953426,-3.5058503,1.1317747,0.39041138,-0.66105378,0.64077055,0
-0.25262713,-2.1729801,2.5940204,0.39041138,-0.66105378,0.64077055,0
-2.674402,-0.23442543,0.76892364,-0.38578746,0.5144794,0.76581919,0
-1.8396761,0.62671971,-2.9144194,-0.39041138,0.66105378,-0.64077055,0
3.1730733,0.97263122,-1.0136425,0.38578746,-0.5144794,-0.76581919,0
-3.0289855,-1.7229797,-0.49792051,-0.83591092,-0.54618573,-0.054167747,0
-4.1729822,0.23236689,-1.8996089,-0.39041138,0.66105378,-0.64077055,0
1.0578878,4.2680254,-0.92328954,-0.39041138,0.66105378,-0.64077055,0
-1.1734861,-2.7403314,-0.70887804,0.38578746,-0.5144794,-0.76581919,0
1.6108751,2.8256173,-2.7482831,-0.39041138,0.66105378,-0.64077055,0
-2.6800702,-2.1582692,-1.4932218,-0.83591092,-0.54618573,-0.054167747,0
1.701292,2.981602,-2.6424508,-0.39041138,0.66105378,-0.64077055,0
0.20446944,-2.4462245,2.0336251,0.39041138,-0.66105378,0.64077055,0
-1.8398695,2.2118993,-0.45412177,-0.38578746,0.5144794,0.76581919,0
2.3802571,2.2251871,-2.2545004,0.38578746,-0.5144794,-0.76581919,0
-0.83481866,-0.44255686,1.8354514,-0.38578746,0.5144794,0.76581919,0
3.7904465,0.0063046217,2.3789089,0.39041138,-0.66105378,0.64077055,0
0.4092741,3.7324991,-1.0805779,-0.39041138,0.66105378,-0.64077055,0
2.8754227,2.0044191,0.029871225,0.83591092,0.54618573,0.054167747,0
-0.34145951,1.5446701,-2.8802519,-0.39041138,0.66105378,-0.64077055,0
4.3615971,-0.84165817,0.80393028,0.38578746,-0.5144794,-0.76581919,0
-2.8818786,-0.68758392,-2.9485352,0.38578746,-0.5144794,-0.76581919,0
1.4831992,-0.20631552,-1.0729105,0.38578746,-0.5144794,-0.76581919,0
1.0607181,1.7185614,-2.578876,0.38578746,-0.5144794,-0.76581919,0
1.7928765,2.7943058,-2.8914762,-0.39041138,0.66105378,-0.64077055,0
3.6618109,0.62351918,1.8183391,0.83591092,0.54618573,0.054167747,0
2.508044,2.7348926,-1.6663165,0.83591092,0.54618573,0.054167747,0
-3.2912023,-1.0511796,1.0069032,-0.38578746,0.5144794,0.76581919,0
-2.2567279,-3.0452662,0.91759801,-0.83591092,-0.54618573,-0.054167747,0
-3.7050924,-0.62347913,-1.1508286,-0.83591092,-0.54618573,-0.054167747,0
-0.32192373,0.86081374,1.2182186,-0.38578746,0.5144794,0.76581919,0
1.0511401,-0.45697451,2.7952042,-0.38578746,0.5144794,0.76581919,0
-0.76873207,-3.8588595,1.1692302,0.39041138,-0.66105378,0.64077055,0
-1.6577533,-3.9421763,0.71803904,-0.83591092,-0.54618573,-0.054167747,0
-2.1901135,0.21380925,-3.1268852,-0.39041138,0.66105378,-0.64077055,0
-3.9399393,0.89810127,-0.6294353,-0.38578746,0.5144794,0.76581919,0
-1.8392675,-0.13337791,1.1217452,-0.38578746,0.5144794,0.76581919,0
-2.2663012,-3.1479445,2.1006622,-0.83591092,-0.54618573,-0.054167747,0
-0.92905951,2.3878856,-0.1135219,-0.38578746,0.5144794,0.76581919,0
0.015063524,3.6472797,-0.9283089,-0.39041138,0.66105378,-0.64077055,0
-2.5686669,1.3059242,-0.21262264,-0.38578746,0.5144794,0.76581919,0
-2.7564168,0.73436886,-2.2448075,-0.39041138,0.66105378,-0.64077055,0
-2.3298478,-2.8982022,0.563097,-0.83591092,-0.54618573,-0.054167747,0
3.5708451,0.88190758,0.61672115,0.83591092,0.54618573,0.054167747,0
-1.5408382,0.60999322,0.77268243,-0.38578746,0.5144794,0.76581919,0
-0.947366,1.0688554,-3.0019588,-0.39041138,0.66105378,-0.64077055,0
2.7254608,1.9349896,-1.885646,0.38578746,-0.5144794,-0.76581919,0
2.1642642,1.4213424,2.0940907,-0.38578746,0.5144794,0.76581919,0
2.7104089,2.4635172,-2.0528507,0.83591092,0.54618573,0.054167747,0
1.6375735,3.9110441,-0.092710972,0.83591092,0.54618573,0.054167747,0
-1.9469233,-3.403564,-0.25047851,-0.83591092,-0.54618573,-0.054167747,0
1.3768673,-1.9845167,0.068124622,0.38578746,-0.5144794,-0.76581919,0
-2.5732951,-2.3992562,-0.71104121,-0.83591092,-0.54618573,-0.054167747,0
-3.8025405,-0.60966915,0.21373391,-0.83591092,-0.54618573,-0.054167747,0
-1.8916838,1.2470329,-2.2427831,-0.39041138,0.66105378,-0.64077055,0
-2.4325671,-2.7020187,0.17008686,-0.83591092,-0.54618573,-0.054167747,0
-4.2178521,0.21149197,-1.6571796,-0.83591092,-0.54618573,-0.054167747,0
0.17392564,-2.2401843,2.264797,0.39041138,-0.66105378,0.64077055,0
1.9154603,-2.4035084,1.0352131,0.39041138,-0.66105378,0.64077055,0
-0.22409534,3.1229572,-0.25221354,-0.38578746,0.5144794,0.76581919,0
0.33421206,-1.6050062,2.8224216,0.39041138,-0.66105378,0.64077055,0
-0.89677036,-2.0945678,2.9140682,-0.38578746,0.5144794,0.76581919,0
3.028142,-1.2855276,1.5106442,0.39041138,-0.66105378,0.64077055,0
-3.6186662,-0.57826746,-2.940433,-0.83591092,-0.54618573,-0.054167747,0
-3.8577828,-0.33347213,-1.71873,-0.83591092,-0.54618573,-0.054167747,0
-3.2430117,0.76671326,-1.9149644,-0.39041138,0.66105378,-0.64077055,0
-2.5172789,-0.29839802,0.89105237,-0.38578746,0.5144794,0.76581919,0
-3.7328002,-0.6926294,-0.025982857,-0.83591092,-0.54618573,-0.054167747,0
2.0056076,3.0990605,-2.7066886,-0.39041138,0.66105378,-0.64077055,0
-2.1662402,-2.3789515,2.4656124,-0.38578746,0.5144794,0.76581919,0
3.8204532,0.03020215,2.3852799,0.39041138,-0.66105378,0.64077055,0
3.1894956,1.1329601,-1.1130791,0.38578746,-0.5144794,-0.76581919,0
-0.73560953,-2.5047054,2.5460677,0.39041138,-0.66105378,0.64077055,0
-1.1049787,-1.3447145,-1.6119459,0.38578746,-0.5144794,-0.76581919,0
-0.42744517,-1.5052943,2.7546189,-0.38578746,0.5144794,0.76581919,0
0.87864542,4.0454974,-1.0436525,-0.39041138,0.66105378,-0.64077055,0
0.92525434,-3.088166,0.93220031,0.39041138,-0.66105378,0.64077055,0
2.9402661,-1.9310389,0.89824092,0.39041138,-0.66105378,0.64077055,0
0.68295914,2.6175082,0.54428411,-0.38578746,0.5144794,0.76581919,0
-3.929812,-0.2840628,-1.1053886,-0.83591092,-0.54618573,-0.054167747,0
3.6659892,0.74254644,0.55367661,0.83591092,0.54618573,0.054167747,0
0.11264372,3.3065841,-1.3392433,-0.39041138,0.66105378,-0.64077055,0
-1.2555819,2.9802942,-0.84222317,-0.39041138,0.66105378,-0.64077055,0
1.0860181,4.5559711,-0.64336872,-0.39041138,0.66105378,-0.64077055,0
1.690001,2.9623814,-2.6554003,-0.39041138,0.66105378,-0.64077055,0
1.3302265,0.6533916,2.1898489,-0.38578746,0.5144794,0.76581919,0
1.3691028,1.8148755,1.4291453,-0.38578746,0.5144794,0.76581919,0
1.4308698,1.9853338,1.3457465,-0.38578746,0.5144794,0.76581919,0
-2.9781349,0.033783197,0.43573236,-0.38578746,0.5144794,0.76581919,0
-2.5451701,1.4638519,-0.3068825,-0.38578746,0.5144794,0.76581919,0
-3.3641195,-0.63477182,-3.2269478,0.38578746,-0.5144794,-0.76581919,0
-2.3782823,-2.9361248,1.6929212,-0.83591092,-0.54618573,-0.054167747,0
2.0614853,-0.64561164,-0.48647392,0.38578746,-0.5144794,-0.76581919,0
0.86621511,0.65204453,1.9570044,-0.38578746,0.5144794,0.76581919,0
-2.1177764,-3.3971324,2.3212667,-0.83591092,-0.54618573,-0.054167747,0
-2.6612973,-2.3721189,0.37337542,-0.83591092,-0.54618573,-0.054167747,0
-3.307256,-0.13866222,-2.8098562,-0.39041138,0.66105378,-0.64077055,0
1.9240683,3.5699112,-1.0741487,0.83591092,0.54618573,0.054167747,0
3.0200424,1.5689039,2.1895165,0.83591092,0.54618573,0.054167747,0
-0.92530942,-4.0709863,1.0457883,0.39041138,-0.66105378,0.64077055,0
-3.4848433,0.012910366,0.19449639,-0.38578746,0.5144794,0.76581919,0
3.5852218,0.12288117,-0.23515511,0.38578746,-0.5144794,-0.76581919,0
1.279212,-1.08988,2.7780805,0.39041138,-0.66105378,0.64077055,0
-1.6227951,-0.44357759,1.4391878,-0.38578746,0.5144794,0.76581919,0
-2.3714604,0.60960782,0.354509,-0.38578746,0.5144794,0.76581919,0
-2.3331347,-3.0794621,2.4415097,-0.83591092,-0.54618573,-0.054167747,0
2.9599099,2.0287671,-1.5194397,0.83591092,0.54618573,0.054167747,0
3.2336736,1.5164564,-0.57837725,0.83591092,0.54618573,0.054167747,0
3.8368037,-0.2586855,2.077286,0.39041138,-0.66105378,0.64077055,0
-2.3138685,-1.2076764,1.604378,-0.38578746,0.5144794,0.76581919,0
2.118582,3.3055387,-1.4101353,0.83591092,0.54618573,0.054167747,0
-2.4770653,-1.1067145,1.4543396,-0.38578746,0.5144794,0.76581919,0
3.622438,0.40848947,2.8961895,0.39041138,-0.66105378,0.64077055,0
-0.98511052,2.7096963,-1.2861807,-0.39041138,0.66105378,-0.64077055,0
2.5739036,1.3454225,-1.5659213,0.38578746,-0.5144794,-0.76581919,0
1.9831958,1.2182494,2.1393144,-0.38578746,0.5144794,0.76581919,0
-0.99109697,-3.1078651,2.0794799,0.39041138,-0.66105378,0.64077055,0
-2.8501883,-2.0964334,0.50851679,-0.83591092,-0.54618573,-0.054167747,0
-0.60992932,-3.9175267,1.0119495,0.39041138,-0.66105378,0.64077055,0
0.28929996,3.327611,-1.4251845,-0.39041138,0.66105378,-0.64077055,0
-3.9713416,-0.31021178,-0.20084572,-0.83591092,-0.54618573,-0.054167747,0
0.54817963,-0.83012807,2.7925193,-0.38578746,0.5144794,0.76581919,0
0.34883881,-2.4462495,1.9456371,0.39041138,-0.66105378,0.64077055,0
-1.2646774,-3.0494356,2.3064473,0.39041138,-0.66105378,0.64077055,0
1.3982034,-2.5078745,1.2427,0.39041138,-0.66105378,0.64077055,0
-3.4268022,1.5519278,-0.9929142,-0.39041138,0.66105378,-0.64077055,0
2.7281833,0.11308634,-0.66031492,0.38578746,-0.5144794,-0.76581919,0
0.97164822,-2.5386753,1.4708177,0.39041138,-0.66105378,0.64077055,0
-3.661787,-0.70450324,-1.0021286,-0.83591092,-0.54618573,-0.054167747,0
2.2703328,3.1195841,-1.8769193,0.83591092,0.54618573,0.054167747,0
2.0067306,3.4600656,-1.2421846,0.83591092,0.54618573,0.054167747,0
0.76669693,-2.0996435,2.0486205,0.39041138,-0.66105378,0.64077055,0
2.0288093,3.248446,-2.5667107,-0.39041138,0.66105378,-0.64077055,0
1.095993,0.74169028,2.0125325,-0.38578746,0.5144794,0.76581919,0
0.83028269,4.1002393,-0.9577111,-0.39041138,0.66105378,-0.64077055,0
2.8446965,0.029058814,2.9786134,0.39041138,-0.66105378,0.64077055,0
0.59251428,-1.6815747,2.5860498,0.39041138,-0.66105378,0.64077055,0
1.8412428,0.44621158,2.5864618,-0.38578746,0.5144794,0.76581919,0
3.5781379,1.012097,-0.80854654,0.83591092,0.54618573,0.054167747,0
-3.2028966,-0.13156074,0.43358564,-0.38578746,0.5144794,0.76581919,0
-1.549008,-4.1291761,0.92545485,-0.83591092,-0.54618573,-0.054167747,0
-3.3573689,-1.302094,0.32576895,-0.83591092,-0.54618573,-0.054167747,0
1.9265176,2.4696231,1.2700861,-0.38578746,0.5144794,0.76581919,0
3.6661718,0.60077643,1.9803638,0.83591092,0.54618573,0.054167747,0
-1.1286395,1.7987236,-2.1385403,-0.39041138,0.66105378,-0.64077055,0
-0.27856714,-0.85053468,-1.527626,0.38578746,-0.5144794,-0.76581919,0
-0.81754804,-3.0035098,2.0813982,0.39041138,-0.66105378,0.64077055,0
-2.0085094,-3.2694211,-0.65267873,-0.83591092,-0.54618573,-0.054167747,0
-3.8743975,-0.33272749,-1.4698472,-0.83591092,-0.54618573,-0.054167747,0
1.6359249,3.1035702,-2.4767945,-0.39041138,0.66105378,-0.64077055,0
-3.3190503,-1.4001596,0.7232604,-0.83591092,-0.54618573,-0.054167747,0
0.34542704,-2.8454068,1.5359236,0.39041138,-0.66105378,0.64077055,0
0.53069782,3.4342363,-1.4622637,-0.39041138,0.66105378,-0.64077055,0
1.5771022,-0.079104781,2.8063073,-0.38578746,0.5144794,0.76581919,0
4.2629628,-0.19097725,0.75417495,0.83591092,0.54618573,0.054167747,0
-1.3300021,2.4740374,-1.3191624,-0.39041138,0.66105378,-0.64077055,0
-3.2498975,0.6322791,-2.0494585,-0.39041138,0.66105378,-0.64077055,0
1.6929097,1.1161464,2.0616739,-0.38578746,0.5144794,0.76581919,0
2.3899839,1.6877052,2.0288553,-0.38578746,0.5144794,0.76581919,0
-3.5799813,0.80518103,-1.6699691,-0.39041138,0.66105378,-0.64077055,0
0.85781002,0.23339844,2.2340178,-0.38578746,0.5144794,0.76581919,0
-4.4561167,0.47257817,-0.61289406,-0.83591092,-0.54618573,-0.054167747,0
2.3579721,-1.8793097,1.3063899,0.39041138,-0.66105378,0.64077055,0
-0.82205677,1.953944,0.23190466,-0.38578746,0.5144794,0.76581919,0
-2.0618017,2.4157224,-0.93344939,-0.39041138,0.66105378,-0.64077055,0
-3.2725818,1.1262209,-0.44650006,-0.38578746,0.5144794,0.76581919,0
2.1168067,-0.95598686,2.4058788,0.39041138,-0.66105378,0.64077055,0
2.8605201,2.0618839,-0.31959176,0.83591092,0.54618573,0.054167747,0
-3.6719,0.38509208,-0.14976764,-0.38578746,0.5144794,0.76581919,0
0.31136775,3.0586782,-1.7160758,-0.39041138,0.66105378,-0.64077055,0
-2.2390456,-3.0872948,1.0685132,-0.83591092,-0.54618573,-0.054167747,0
-2.0335097,-3.4738259,1.7941859,-0.83591092,-0.54618573,-0.054167747,0
-3.5284224,-1.0291693,0.21348977,-0.83591092,-0.54618573,-0.054167747,0
-1.4623234,-3.2642474,2.2052584,0.39041138,-0.66105378,0.64077055,0
-1.7934251,-3.5071034,2.1564496,0.39041138,-0.66105378,0.64077055,0
-0.84821892,-3.2415781,-0.20828319,0.38578746,-0.5144794,-0.76581919,0
2.3273778,2.790627,0.5597322,0.83591092,0.54618573,0.054167747,0
-3.3984075,-1.005922,-2.0273032,-0.83591092,-0.54618573,-0.054167747,0
-0.29276717,-0.40376747,2.0824554,-0.38578746,0.5144794,0.76581919,0
2.0147877,3.50209,-2.296495,-0.39041138,0.66105378,-0.64077055,0
0.1656971,3.7422695,-0.92209089,-0.39041138,0.66105378,-0.64077055,0
1.8269843,3.6693282,-0.57840276,0.83591092,0.54618573,0.054167747,0
3.135417,1.7008532,-0.92141294,0.83591092,0.54618573,0.054167747,0
-3.7257235,-0.70039082,-0.056932688,-0.83591092,-0.54618573,-0.054167747,0
1.4113488,-1.8502388,-0.0047134757,0.38578746,-0.5144794,-0.76581919,0
-2.5467641,1.5368725,-1.5446391,-0.39041138,0.66105378,-0.64077055,0
-0.29441357,3.2274928,-1.1728244,-0.39041138,0.66105378,-0.64077055,0
3.0035181,0.35110497,-0.68151402,0.38578746,-0.5144794,-0.76581919,0
0.83014762,0.15234911,2.2745318,-0.38578746,0.5144794,0.76581919,0
3.9189186,-1.184224,1.0724185,0.39041138,-0.66105378,0.64077055,0
-4.1368208,0.027117841,-1.0485601,-0.83591092,-0.54618573,-0.054167747,0
2.8971937,1.7843311,1.9131031,0.83591092,0.54618573,0.054167747,0
-0.5768888,-1.4280092,2.6274152,-0.38578746,0.5144794,0.76581919,0
2.5876639,-1.8572634,0.59258389,0.38578746,-0.5144794,-0.76581919,0
-3.9147246,-0.22194749,-1.9645424,-0.83591092,-0.54618573,-0.054167747,0
-3.2065058,-1.2949017,-2.0748563,-0.83591092,-0.54618573,-0.054167747,0
3.2482929,0.92246157,-0.94204593,0.38578746,-0.5144794,-0.76581919,0
-1.105458,2.3204348,-1.6144382,-0.39041138,0.66105378,-0.64077055,0
-0.4728899,-1.9218163,2.9873371,0.39041138,-0.66105378,0.64077055,0
0.13103342,-1.9515095,2.5887432,0.39041138,-0.66105378,0.64077055,0
1.0270123,-1.799381,2.1997812,0.39041138,-0.66105378,0.64077055,0
-3.1890602,-1.3389583,-1.8998351,-0.83591092,-0.54618573,-0.054167747,0
-2.2236996,-2.9320693,-0.73348236,-0.83591092,-0.54618573,-0.054167747,0
-4.2151661,0.50541872,-0.50427818,-0.38578746,0.5144794,0.76581919,0
-3.0197496,-0.69586957,0.90495133,-0.38578746,0.5144794,0.76581919,0
-3.0236907,-1.6643525,-1.1707814,-0.83591092,-0.54618573,-0.054167747,0
2.5316317,0.22840279,-0.83679926,0.38578746,-0.5144794,-0.76581919,0
-1.4507127,1.677299,-2.067574,-0.39041138,0.66105378,-0.64077055,0
2.3524618,2.9091158,-1.0221219,0.83591092,0.54618573,0.054167747,0
3.5232949,1.0060025,0.099229574,0.83591092,0.54618573,0.054167747,0
2.8265145,0.060834646,3.0224731,0.39041138,-0.66105378,0.64077055,0
-0.62829399,-4.1821837,0.53440726,0.38578746,-0.5144794,-0.76581919,0
2.8363721,-1.8098071,0.68599093,0.38578746,-0.5144794,-0.76581919,0
3.295289,-1.1070065,1.5320477,0.39041138,-0.66105378,0.64077055,0
-1.1632277,-0.62599957,-2.1241238,0.38578746,-0.5144794,-0.76581919,0
-0.50396538,2.9233398,-1.3589284,-0.39041138,0.66105378,-0.64077055,0
2.8721416,2.1240234,-1.1255007,0.83591092,0.54618573,0.054167747,0
1.61095,-0.77900612,2.8966718,0.39041138,-0.66105378,0.64077055,0
1.6143335,2.6563106,-2.9250565,-0.39041138,0.66105378,-0.64077055,0
-0.72730017,1.1115299,0.84557521,-0.38578746,0.5144794,0.76581919,0
2.3641436,2.8937168,-1.0471218,0.83591092,0.54618573,0.054167747,0
-1.0938739,0.29699409,1.2081182,-0.38578746,0.5144794,0.76581919,0
-1.3640962,0.58330584,-3.0377276,0.38578746,-0.5144794,-0.76581919,0
-2.8123202,-2.1604648,0.56978345,-0.83591092,-0.54618573,-0.054167747,0
2.3311923,1.7949231,-1.9901648,0.38578746,-0.5144794,-0.76581919,0
1.211978,-0.58130765,2.9597545,-0.38578746,0.5144794,0.76581919,0
3.2104423,0.60276818,3.171031,-0.38578746,0.5144794,0.76581919,0
3.3903663,-0.67677939,0.20389891,0.38578746,-0.5144794,-0.76581919,0
0.54777789,3.7373462,-0.27612484,-0.38578746,0.5144794,0.76581919,0
-2.8410742,1.5987474,-1.3014868,-0.39041138,0.66105378,-0.64077055,0
-2.3033924,-2.9647498,0.82585549,-0.83591092,-0.54618573,-0.054167747,0
-2.1676121,-2.9969954,-0.9443531,-0.83591092,-0.54618573,-0.054167747,0
-3.8428521,0.27069169,-2.061214,-0.39041138,0.66105378,-0.64077055,0
1.9025712,3.5765195,-0.80903625,0.83591092,0.54618573,0.054167747,0
2.6724238,2.1725106,1.4676175,0.83591092,0.54618573,0.054167747,0
3.4835994,-0.85171521,1.680686,0.39041138,-0.66105378,0.64077055,0
2.9089866,-0.30471063,2.595108,0.39041138,-0.66105378,0.64077055,0
-0.0022011995,2.0012364,0.61314201,-0.38578746,0.5144794,0.76581919,0
0.19647884,3.1242306,-1.5784479,-0.39041138,0.66105378,-0.64077055,0
1.5235634,-1.5160232,-0.17271161,0.38578746,-0.5144794,-0.76581919,0
-2.9734297,-1.7589183,-0.9928782,-0.83591092,-0.54618573,-0.054167747,0
1.7728095,2.4963531,1.1746972,-0.38578746,0.5144794,0.76581919,0
0.2533617,-1.5729933,2.9047086,0.39041138,-0.66105378,0.64077055,0
0.48684883,-0.025311947,2.2209456,-0.38578746,0.5144794,0.76581919,0
2.7065639,2.4222753,-1.5776628,0.83591092,0.54618573,0.054167747,0
-2.6608222,-2.3599653,0.24349403,-0.83591092,-0.54618573,-0.054167747,0
-0.49926138,-2.8279517,2.0685863,0.39041138,-0.66105378,0.64077055,0
0.025500208,0.85517573,1.3970236,-0.38578746,0.5144794,0.76581919,0
-0.49096346,-3.3920677,1.4815578,0.39041138,-0.66105378,0.64077055,0
1.9377222,2.9049652,-2.8655665,-0.39041138,0.66105378,-0.64077055,0
-0.34425592,-1.9367534,2.8935528,0.39041138,-0.66105378,0.64077055,0
0.87803137,2.3686178,0.80975866,-0.38578746,0.5144794,0.76581919,0
3.4459023,0.93295956,2.0300601,0.83591092,0.54618573,0.054167747,0
-0.94671822,1.7621189,-2.2871451,-0.39041138,0.66105378,-0.64077055,0
2.6488733,2.2773452,0.77397609,0.83591092,0.54618573,0.054167747,0
-2.5961838,-2.4114556,-0.23481226,-0.83591092,-0.54618573,-0.054167747,0
3.3192887,1.0091443,-0.96451473,0.38578746,-0.5144794,-0.76581919,0
1.5730662,-2.2366619,1.4159565,0.39041138,-0.66105378,0.64077055,0
2.9733462,1.6711584,1.879071,0.83591092,0.54618573,0.054167747,0
-2.4544919,-2.87657,2.2684717,-0.83591092,-0.54618573,-0.054167747,0
0.71446681,3.5630918,-1.4412974,-0.39041138,0.66105378,-0.64077055,0
-2.0793607,-3.2342978,0.086536884,-0.83591092,-0.54618573,-0.054167747,0
-2.5500717,-1.7526026,1.8514714,-0.38578746,0.5144794,0.76581919,0
2.2051759,3.1677897,-1.3574885,0.83591092,0.54618573,0.054167747,0
4.0207663,-0.9319976,1.2705748,0.39041138,-0.66105378,0.64077055,0
1.3263304,-2.3186836,1.4816707,0.39041138,-0.66105378,0.64077055,0
3.3988805,0.77494764,3.1502883,-0.38578746,0.5144794,0.76581919,0
-1.0790223,-1.5897758,2.4831367,-0.38578746,0.5144794,0.76581919,0
-3.8315732,-0.57605493,0.32282734,-0.83591092,-0.54618573,-0.054167747,0
3.9313023,-1.294395,0.95121527,0.39041138,-0.66105378,0.64077055,0
-0.14427,0.40782273,1.6120335,-0.38578746,0.5144794,0.76581919,0
-2.6495802,1.13345,-1.8981869,-0.39041138,0.66105378,-0.64077055,0
1.9060988,3.4861083,-2.2467599,-0.39041138,0.66105378,-0.64077055,0
-1.2647233,-3.0161889,2.3407745,0.39041138,-0.66105378,0.64077055,0
-1.3708018,-0.91882938,1.885407,-0.38578746,0.5144794,0.76581919,0
1.7728245,-1.747956,1.7984226,0.39041138,-0.66105378,0.64077055,0
2.8772392,1.9681079,0.36796784,0.83591092,0.54618573,0.054167747,0
-1.6360066,1.8074737,-1.8203821,-0.39041138,0.66105378,-0.64077055,0
3.2437737,-1.4892025,1.1691406,0.39041138,-0.66105378,0.64077055,0
2.4953938,0.040346622,-0.7287178,0.38578746,-0.5144794,-0.76581919,0
1.0921574,-2.8311267,0.49345431,0.38578746,-0.5144794,-0.76581919,0
1.3004675,3.9594884,-0.046187401,-0.38578746,0.5144794,0.76581919,0
3.424587,1.1738441,-0.069903612,0.83591092,0.54618573,0.054167747,0
2.1334867,3.2264895,-2.6531403,-0.39041138,0.66105378,-0.64077055,0
-4.2562695,0.25833166,-1.5366235,-0.83591092,-0.54618573,-0.054167747,0
-3.7677581,1.1524942,-1.197252,-0.39041138,0.66105378,-0.64077055,0
0.72450447,0.90930855,-2.2045879,0.38578746,-0.5144794,-0.76581919,0
-2.9927497,0.87858915,-1.9520273,-0.39041138,0.66105378,-0.64077055,0
-1.7837327,0.73036033,-2.8415837,-0.39041138,0.66105378,-0.64077055,0
0.95285869,3.825511,-1.315819,-0.39041138,0.66105378,-0.64077055,0
-4.1556597,0.03037101,-0.79063749,-0.83591092,-0.54618573,-0.054167747,0
2.4881682,2.6028306,-2.4538414,0.38578746,-0.5144794,-0.76581919,0
-0.55592954,1.6568346,0.56556708,-0.38578746,0.5144794,0.76581919,0
2.8532045,1.9640563,0.77972484,0.83591092,0.54618573,0.054167747,0
-0.46154094,3.3555329,-0.93890339,-0.39041138,0.66105378,-0.64077055,0
-2.9739852,-1.8614963,0.050017834,-0.83591092,-0.54618573,-0.054167747,0
2.5896637,-0.53215516,2.555022,0.39041138,-0.66105378,0.64077055,0
-1.603302,0.09990716,1.0838931,-0.38578746,0.5144794,0.76581919,0
3.457936,1.0295924,0.86998534,0.83591092,0.54618573,0.054167747,0
-3.4283056,0.94242328,-1.6207957,-0.39041138,0.66105378,-0.64077055,0
-0.0011291504,-2.821624,1.7716103,0.39041138,-0.66105378,0.64077055,0
0.41004241,-1.7701939,-0.56290376,0.38578746,-0.5144794,-0.76581919,0
2.7770853,-1.0864751,0.17018819,0.38578746,-0.5144794,-0.76581919,0
-1.2465603,-0.41770053,-2.3060393,0.38578746,-0.5144794,-0.76581919,0
3.5229406,1.0269742,-0.10675907,0.83591092,0.54618573,0.054167747,0
-0.14637852,3.0900028,-1.4048617,-0.39041138,0.66105378,-0.64077055,0
1.1833735,-2.6098685,0.39076322,0.38578746,-0.5144794,-0.76581919,0
3.0308576,1.5499648,2.2135837,0.83591092,0.54618573,0.054167747,0
3.4961812,0.88507426,1.7369957,0.83591092,0.54618573,0.054167747,0
-1.7819316,0.87148535,-2.6970887,-0.39041138,0.66105378,-0.64077055,0
1.1156429,2.0611129,1.1360397,-0.38578746,0.5144794,0.76581919,0
3.1573772,1.5341517,0.42058754,0.83591092,0.54618573,0.054167747,0
3.5915968,0.87443477,0.37183571,0.83591092,0.54618573,0.054167747,0
0.21369886,-0.13106894,-1.762982,0.38578746,-0.5144794,-0.76581919,0
-1.321854,-2.9591177,-0.63663816,0.38578746,-0.5144794,-0.76581919,0
0.32797003,3.4305305,-1.342568,-0.39041138,0.66105378,-0.64077055,0
0.1643039,2.2972796,0.49813759,-0.38578746,0.5144794,0.76581919,0
-0.2984181,-0.17560112,1.9263258,-0.38578746,0.5144794,0.76581919,0
-2.8474042,-1.9530672,-0.98003769,-0.83591092,-0.54618573,-0.054167747,0
3.1905184,1.4752386,0.50319505,0.83591092,0.54618573,0.054167747,0
3.4119084,0.90606403,2.8258514,0.83591092,0.54618573,0.054167747,0
1.2350833,-1.8436044,2.0273838,0.39041138,-0.66105378,0.64077055,0
-1.0394533,-2.2006435,-1.0039214,0.38578746,-0.5144794,-0.76581919,0
-0.73814178,1.542402,0.55065256,-0.38578746,0.5144794,0.76581919,0
-2.7879229,-2.0235786,-1.1869648,-0.83591092,-0.54618573,-0.054167747,0
-2.9701023,-2.0078945,1.466265,-0.83591092,-0.54618573,-0.054167747,0
3.6380005,0.8209734,0.1947968,0.83591092,0.54618573,0.054167747,0
4.1517797,-0.9778598,1.1434362,0.39041138,-0.66105378,0.64077055,0
-1.9754949,1.3533224,-2.0820642,-0.39041138,0.66105378,-0.64077055,0
-3.5322559,-1.0728934,0.71352792,-0.83591092,-0.54618573,-0.054167747,0
0.67350149,3.8987536,-1.0700506,-0.39041138,0.66105378,-0.64077055,0
0.16896176,-1.5894983,2.9391046,0.39041138,-0.66105378,0.64077055,0
2.4261758,2.3640165,1.5927396,-0.38578746,0.5144794,0.76581919,0
-1.6777855,0.26205122,0.93744266,-0.38578746,0.5144794,0.76581919,0
-2.3666458,-2.9590158,1.7441639,-0.83591092,-0.54618573,-0.054167747,0
2.6845529,2.3504651,-0.51391172,0.83591092,0.54618573,0.054167747,0
-1.4240476,-2.9588645,-0.68828893,0.38578746,-0.5144794,-0.76581919,0
-2.1815889,-3.0400634,-0.29439998,-0.83591092,-0.54618573,-0.054167747,0
0.069758177,1.9404767,-2.7224643,-0.39041138,0.66105378,-0.64077055,0
-1.5829766,-4.0200162,0.34896708,-0.83591092,-0.54618573,-0.054167747,0
0.88779974,3.946985,-0.24567246,-0.38578746,0.5144794,0.76581919,0
3.6093299,-0.95546287,1.4970479,0.39041138,-0.66105378,0.64077055,0
0.053738832,-1.1840475,2.7812047,-0.38578746,0.5144794,0.76581919,0
3.1780195,1.3188908,2.2725577,0.83591092,0.54618573,0.054167747,0
1.4058013,1.3416609,-2.151835,0.38578746,-0.5144794,-0.76581919,0
-3.7980771,1.0302815,-1.3048606,-0.39041138,0.66105378,-0.64077055,0
