-2.1298809,-2.4975922,0.40965366,-0.7613951,0.15208387,0.63019669,0
1.2509487,-2.9149613,-0.1653688,0.7613951,-0.15208387,-0.63019669,0
1.3653917,1.2357974,2.4791217,0.64122975,0.31972778,0.69756603,0
-0.82842165,2.9732518,-3.3444066,-0.095402837,0.93522429,-0.34095997,0
1.6976099,-2.090971,3.69855,0.64122975,0.31972778,0.69756603,0
2.1928573,4.2870913,0.31992936,0.64122975,0.31972778,0.69756603,0
-1.812065,2.7362638,-0.46943998,-0.7613951,0.15208387,0.63019669,0
-1.1096148,-4.6919661,-0.82760739,0.095402837,-0.93522429,0.34095997,0
1.9618852,1.6474799,1.7421077,0.64122975,0.31972778,0.69756603,0
0.79048514,-3.8991091,0.8154726,0.095402837,-0.93522429,0.34095997,0
0.84495664,4.288559,-0.20485163,-0.095402837,0.93522429,-0.34095997,0
-1.4034743,3.3925824,-0.13417411,-0.7613951,0.15208387,0.63019669,0
-0.41736484,1.8156278,1.4377929,-0.7613951,0.15208387,0.63019669,0
0.47809362,4.7071862,1.0460591,-0.095402837,0.93522429,-0.34095997,0
-2.8230138,-0.21433306,-1.6074047,-0.64122975,-0.31972778,-0.69756603,0
2.5317574,3.0739958,0.56441903,0.64122975,0.31972778,0.69756603,0
0.28130972,3.5971699,-1.9435618,-0.095402837,0.93522429,-0.34095997,0
-1.6744343,-2.0983796,0.86357719,-0.7613951,0.15208387,0.63019669,0
0.91080761,2.5497332,2.2947531,0.64122975,0.31972778,0.69756603,0
-1.3727944,-2.5528717,1.337696,-0.7613951,0.15208387,0.63019669,0
1.4982061,4.3858714,0.91320419,0.64122975,0.31972778,0.69756603,0
2.0290396,-2.9655197,3.0296743,0.095402837,-0.93522429,0.34095997,0
1.1457413,-2.660228,-0.35395288,0.7613951,-0.15208387,-0.63019669,0
1.4003487,-3.1343768,0.068084955,0.7613951,-0.15208387,-0.63019669,0
-2.7483344,2.7377722,-3.0291438,-0.64122975,-0.31972778,-0.69756603,0
2.3747425,4.4991612,-0.05523181,-0.095402837,0.93522429,-0.34095997,0
-2.2428129,0.5407238,-0.46001899,-0.7613951,0.15208387,0.63019669,0
-2.0558782,3.0683711,-0.84415817,-0.7613951,0.15208387,0.63019669,0
0.95044774,-2.9797606,3.2924099,0.095402837,-0.93522429,0.34095997,0
2.6712086,-3.1223054,2.4199414,0.095402837,-0.93522429,0.34095997,0
-1.5060759,0.46757025,-3.1305342,-0.64122975,-0.31972778,-0.69756603,0
-2.3567934,2.942831,-3.0001996,-0.095402837,0.93522429,-0.34095997,0
0.28512824,-2.546124,3.3391471,-0.7613951,0.15208387,0.63019669,0
-1.1963906,-0.75862652,-2.8531837,-0.64122975,-0.31972778,-0.69756603,0
-1.4696021,-2.902899,-1.6192154,-0.64122975,-0.31972778,-0.69756603,0
2.8513668,-1.1735122,2.2174573,0.64122975,0.31972778,0.69756603,0
2.2604947,0.093185663,0.32840234,0.7613951,-0.15208387,-0.63019669,0
1.4784012,3.3611908,1.40107,0.64122975,0.31972778,0.69756603,0
-0.74152374,1.5376961,1.1132213,-0.7613951,0.15208387,0.63019669,0
-0.99931061,3.4992599,-1.8537941,-0.095402837,0.93522429,-0.34095997,0
2.2572505,3.0175114,0.84264576,0.64122975,0.31972778,0.69756603,0
-1.9248011,-4.3388815,0.36896896,0.095402837,-0.93522429,0.34095997,0
-0.96116757,3.6578083,-1.4295824,-0.095402837,0.93522429,-0.34095997,0
0.3119688,3.2717206,1.967568,-0.7613951,0.15208387,0.63019669,0
-0.66414833,-2.0449874,2.071306,-0.7613951,0.15208387,0.63019669,0
-0.58631372,-4.4417028,-0.28757977,0.095402837,-0.93522429,0.34095997,0
1.3076074,-1.4980311,3.7852833,0.64122975,0.31972778,0.69756603,0
-1.4585874,0.68825603,-3.2753379,-0.64122975,-0.31972778,-0.69756603,0
1.1105821,-1.2693601,-0.7320869,0.7613951,-0.15208387,-0.63019669,0
1.7129498,2.7142324,1.4819958,0.64122975,0.31972778,0.69756603,0
1.6697755,3.8938887,-1.3025118,0.7613951,-0.15208387,-0.63019669,0
-0.21526933,-2.4799416,2.7186022,-0.7613951,0.15208387,0.63019669,0
-2.296762,-0.16851854,-0.35404027,-0.7613951,0.15208387,0.63019669,0
0.060662508,0.50716579,2.3311076,-0.7613951,0.15208387,0.63019669,0
0.96258128,-2.4957933,4.1454906,-0.7613951,0.15208387,0.63019669,0
-1.4946731,-2.4063103,1.1550744,-0.7613951,0.15208387,0.63019669,0
3.2946846,-2.4991591,2.2035015,0.7613951,-0.15208387,-0.63019669,0
-0.79127598,-2.7122288,-2.330152,-0.64122975,-0.31972778,-0.69756603,0
1.6713226,-2.6868834,3.8940415,0.095402837,-0.93522429,0.34095997,0
-0.80000651,-1.3956195,1.7504536,-0.7613951,0.15208387,0.63019669,0
2.0602925,-3.651926,0.99031997,0.7613951,-0.15208387,-0.63019669,0
1.1211215,1.0760955,-1.2853767,0.7613951,-0.15208387,-0.63019669,0
2.1864848,3.6303647,0.62679648,0.64122975,0.31972778,0.69756603,0
0.45217016,-3.4247432,2.2112815,0.095402837,-0.93522429,0.34095997,0
-0.16273475,1.7226244,1.7678781,-0.7613951,0.15208387,0.63019669,0
-1.4120774,2.4149222,-4.1095052,-0.64122975,-0.31972778,-0.69756603,0
2.0239708,3.7450352,-0.83865523,0.7613951,-0.15208387,-0.63019669,0
1.905755,-2.5314462,3.7091064,0.64122975,0.31972778,0.69756603,0
-0.98745775,-4.7271538,-1.2262776,-0.64122975,-0.31972778,-0.69756603,0
-0.86310053,-4.2736959,0.25069618,0.095402837,-0.93522429,0.34095997,0
-2.6021478,-3.0533879,-0.50915885,-0.64122975,-0.31972778,-0.69756603,0
0.17498481,-3.4873991,2.1169801,0.095402837,-0.93522429,0.34095997,0
-2.0653951,3.5753577,-0.9780066,-0.7613951,0.15208387,0.63019669,0
-2.3617601,-0.086006522,-2.0902247,-0.64122975,-0.31972778,-0.69756603,0
0.31262028,-3.9553387,0.79494929,0.095402837,-0.93522429,0.34095997,0
-1.2288165,-1.0637119,-2.6835418,-0.64122975,-0.31972778,-0.69756603,0
2.8338046,-0.51958561,1.9338748,0.64122975,0.31972778,0.69756603,0
-1.8854384,-4.0893421,1.0424204,0.095402837,-0.93522429,0.34095997,0
1.1003003,-3.7916079,1.0236516,0.095402837,-0.93522429,0.34095997,0
0.97028095,-3.5227749,1.7974174,0.095402837,-0.93522429,0.34095997,0
1.8319221,4.6075697,0.39400768,-0.095402837,0.93522429,-0.34095997,0
-1.1570861,-3.821559,1.5731294,0.095402837,-0.93522429,0.34095997,0
0.88675582,-2.0341954,-0.81793451,0.7613951,-0.15208387,-0.63019669,0
0.029448509,2.695776,-2.9951952,0.7613951,-0.15208387,-0.63019669,0
0.43640256,-0.10513011,2.9328356,-0.7613951,0.15208387,0.63019669,0
-1.0344737,-0.75760967,-3.0024903,-0.64122975,-0.31972778,-0.69756603,0
-0.95336962,-4.0676904,0.84101057,0.095402837,-0.93522429,0.34095997,0
-1.6576333,3.7653785,-0.93965006,-0.095402837,0.93522429,-0.34095997,0
1.4606358,-0.47219574,-0.50153458,0.7613951,-0.15208387,-0.63019669,0
2.4001708,-2.9525537,1.232178,0.7613951,-0.15208387,-0.63019669,0
1.258947,-4.0040236,0.39662218,0.095402837,-0.93522429,0.34095997,0
-0.62182409,3.4877758,-1.9909174,-0.095402837,0.93522429,-0.34095997,0
-2.1214588,-4.498158,-0.012886524,0.095402837,-0.93522429,0.34095997,0
2.0601437,-2.8661039,0.8004992,0.7613951,-0.15208387,-0.63019669,0
0.64618921,4.7930541,1.5097799,0.64122975,0.31972778,0.69756603,0
2.1997991,-2.1618986,3.269429,0.64122975,0.31972778,0.69756603,0
0.49927449,3.9581046,-1.0145357,-0.095402837,0.93522429,-0.34095997,0
2.6347227,2.8332517,0.58011341,0.64122975,0.31972778,0.69756603,0
-1.8930433,-2.0815592,-1.6064306,-0.64122975,-0.31972778,-0.69756603,0
0.38420749,-3.8285656,-0.99207544,0.7613951,-0.15208387,-0.63019669,0
-1.6446934,-0.59405518,-2.5165174,-0.64122975,-0.31972778,-0.69756603,0
-3.0563126,2.5312166,-2.6513638,-0.64122975,-0.31972778,-0.69756603,0
-0.12329543,2.8946991,-3.2277439,0.7613951,-0.15208387,-0.63019669,0
1.8788888,-2.7742825,3.5962343,0.095402837,-0.93522429,0.34095997,0
-0.002518177,3.9842803,-0.80233312,-0.095402837,0.93522429,-0.34095997,0
1.1164564,3.7747643,-1.6901151,-0.095402837,0.93522429,-0.34095997,0
-1.3469498,0.38633454,-3.2395744,-0.64122975,-0.31972778,-0.69756603,0
-2.0361104,1.2335011,-2.9943678,-0.64122975,-0.31972778,-0.69756603,0
-0.50011915,-0.76028311,1.9594493,-0.7613951,0.15208387,0.63019669,0
-1.4317582,-0.65229464,-2.6855624,-0.64122975,-0.31972778,-0.69756603,0
0.35864973,4.2310338,1.7924588,-0.7613951,0.15208387,0.63019669,0
0.70505559,-3.1632872,2.8576741,0.095402837,-0.93522429,0.34095997,0
2.323848,4.3350596,-0.49110866,-0.095402837,0.93522429,-0.34095997,0
0.070838928,4.7607002,1.3067966,-0.095402837,0.93522429,-0.34095997,0
-0.89431119,-0.30989051,-3.3365445,-0.64122975,-0.31972778,-0.69756603,0
-2.4991367,-2.4879036,-0.038814425,-0.7613951,0.15208387,0.63019669,0
-1.3223774,-1.6544279,-2.3267834,-0.64122975,-0.31972778,-0.69756603,0
-0.30653095,3.5680478,1.1487942,-0.7613951,0.15208387,0.63019669,0
-1.0005593,-1.1021279,-2.8757567,-0.64122975,-0.31972778,-0.69756603,0
-2.6901071,1.1861699,-2.3714952,-0.64122975,-0.31972778,-0.69756603,0
-0.99446851,3.8245516,-0.96290112,-0.095402837,0.93522429,-0.34095997,0
0.74927831,4.2777038,-0.2078557,-0.095402837,0.93522429,-0.34095997,0
-0.60349393,-1.8431394,-2.6645417,0.7613951,-0.15208387,-0.63019669,0
-1.9708499,-1.6122856,0.3881439,-0.7613951,0.15208387,0.63019669,0
-1.5003638,2.9100549,-3.3297362,-0.095402837,0.93522429,-0.34095997,0
-1.0818815,-0.33407331,1.1537154,-0.7613951,0.15208387,0.63019669,0
2.7178073,2.0328889,0.4128167,0.7613951,-0.15208387,-0.63019669,0
-0.41071773,-1.1707911,-2.5938878,0.7613951,-0.15208387,-0.63019669,0
-1.5784521,-4.6024847,-0.45098352,0.095402837,-0.93522429,0.34095997,0
-1.7387674,-1.5061595,0.64293158,-0.7613951,0.15208387,0.63019669,0
-2.7621872,1.8013008,-1.3917325,-0.7613951,0.15208387,0.63019669,0
2.5504503,1.1557276,0.42230123,0.7613951,-0.15208387,-0.63019669,0
2.0911715,1.7627306,1.570438,0.64122975,0.31972778,0.69756603,0
0.40792131,4.713274,1.0823917,-0.095402837,0.93522429,-0.34095997,0
0.59282398,3.1963487,-2.4353347,0.7613951,-0.15208387,-0.63019669,0
-2.1235189,-1.1311252,-1.8301976,-0.64122975,-0.31972778,-0.69756603,0
0.78406453,0.54283893,3.1965034,-0.7613951,0.15208387,0.63019669,0
2.2620599,0.40911341,0.25405109,0.7613951,-0.15208387,-0.63019669,0
1.9506054,1.2736769,1.9238085,0.64122975,0.31972778,0.69756603,0
-2.5576706,1.7496166,-2.7514901,-0.64122975,-0.31972778,-0.69756603,0
1.2795181,4.6886797,0.97543859,0.64122975,0.31972778,0.69756603,0
-1.9301057,3.566258,-1.4095812,-0.095402837,0.93522429,-0.34095997,0
1.3419414,-1.9913558,-0.2783246,0.7613951,-0.15208387,-0.63019669,0
-0.17354584,-3.3713036,-1.7762957,0.7613951,-0.15208387,-0.63019669,0
-0.89342761,-0.18131392,-3.3962893,-0.64122975,-0.31972778,-0.69756603,0
-1.1288571,-3.0869722,-1.8480716,-0.64122975,-0.31972778,-0.69756603,0
1.2175274,-0.98349673,3.6322527,0.64122975,0.31972778,0.69756603,0
-0.98720932,-4.7465067,-1.2176354,-0.64122975,-0.31972778,-0.69756603,0
-0.44990015,-1.1601295,-2.6438012,0.7613951,-0.15208387,-0.63019669,0
0.37343478,3.5467095,-2.1077476,-0.095402837,0.93522429,-0.34095997,0
-2.4861822,1.6030495,-1.0104234,-0.7613951,0.15208387,0.63019669,0
2.2007494,-3.5038223,1.5051091,0.095402837,-0.93522429,0.34095997,0
2.3522453,1.0431192,0.21000862,0.7613951,-0.15208387,-0.63019669,0
1.6639142,2.332046,1.7022451,0.64122975,0.31972778,0.69756603,0
2.608943,2.1734455,0.9062317,0.64122975,0.31972778,0.69756603,0
1.1560268,4.2358398,1.2965145,0.64122975,0.31972778,0.69756603,0
1.1689281,3.5307214,1.6078452,0.64122975,0.31972778,0.69756603,0
0.03937149,-4.574451,-0.82676697,0.095402837,-0.93522429,0.34095997,0
-2.3554473,-2.993788,0.25687337,-0.7613951,0.15208387,0.63019669,0
-0.8090533,1.5815279,1.0210552,-0.7613951,0.15208387,0.63019669,0
0.60721254,4.7974634,1.2575519,-0.095402837,0.93522429,-0.34095997,0
-1.5442841,-0.47254241,-2.6645129,-0.64122975,-0.31972778,-0.69756603,0
-1.9091117,-1.6354728,-1.7961226,-0.64122975,-0.31972778,-0.69756603,0
-1.1207016,2.2731235,-4.282793,0.7613951,-0.15208387,-0.63019669,0
-0.19733059,-2.4454496,2.7319515,-0.7613951,0.15208387,0.63019669,0
2.7000415,2.8580751,0.1922127,0.7613951,-0.15208387,-0.63019669,0
-1.9149053,-0.85982144,-2.1463153,-0.64122975,-0.31972778,-0.69756603,0
-2.2953475,1.053534,-0.64724612,-0.7613951,0.15208387,0.63019669,0
2.7947268,2.9288273,0.28953511,0.7613951,-0.15208387,-0.63019669,0
-0.48340893,-4.310607,0.043212652,0.095402837,-0.93522429,0.34095997,0
1.7842131,0.10742211,2.6113129,0.64122975,0.31972778,0.69756603,0
-2.6127825,0.55817533,-2.1547348,-0.64122975,-0.31972778,-0.69756603,0
-2.7468114,-2.9015033,-0.44579417,-0.64122975,-0.31972778,-0.69756603,0
2.0266404,-3.3736925,1.9107616,0.095402837,-0.93522429,0.34095997,0
-2.2482436,3.4198689,-1.7220972,-0.095402837,0.93522429,-0.34095997,0
0.52792108,2.1814678,-2.2688305,0.7613951,-0.15208387,-0.63019669,0
0.76234317,-3.8111262,1.0646765,0.095402837,-0.93522429,0.34095997,0
2.037967,1.4681041,1.7543873,0.64122975,0.31972778,0.69756603,0
2.0285506,1.3850379,1.801116,0.64122975,0.31972778,0.69756603,0
0.1503824,-3.4021735,2.3576298,0.095402837,-0.93522429,0.34095997,0
-1.3048164,-0.75104606,0.98499548,-0.7613951,0.15208387,0.63019669,0
3.0908294,-2.025666,2.387917,0.64122975,0.31972778,0.69756603,0
-1.308413,-4.1533632,-1.1942384,-0.64122975,-0.31972778,-0.69756603,0
2.7265196,3.2902222,0.28627849,0.64122975,0.31972778,0.69756603,0
1.9560994,-3.6231411,1.246284,0.095402837,-0.93522429,0.34095997,0
-1.6580107,-1.081426,-2.2808905,-0.64122975,-0.31972778,-0.69756603,0
0.056994915,4.7455854,1.2692106,-0.095402837,0.93522429,-0.34095997,0
-2.8665447,-1.3685138,-1.0383731,-0.64122975,-0.31972778,-0.69756603,0
1.308547,3.6633043,1.4187329,0.64122975,0.31972778,0.69756603,0
-0.13645363,-1.1718111,-2.26228,0.7613951,-0.15208387,-0.63019669,0
-3.0544269,2.3889151,-1.8866196,-0.7613951,0.15208387,0.63019669,0
1.0497084,-4.1884794,-0.050778151,0.095402837,-0.93522429,0.34095997,0
-1.5405022,-0.90428483,0.73722398,-0.7613951,0.15208387,0.63019669,0
-0.78860438,-0.25460708,1.4888715,-0.7613951,0.15208387,0.63019669,0
3.3640079,-2.4455414,2.2743173,0.7613951,-0.15208387,-0.63019669,0
0.37782431,-0.89301938,-1.7082163,0.7613951,-0.15208387,-0.63019669,0
2.1591845,-0.037479877,2.33304,0.64122975,0.31972778,0.69756603,0
1.1017728,-0.26586992,3.4097359,0.64122975,0.31972778,0.69756603,0
0.47762012,4.6348205,1.7372608,0.64122975,0.31972778,0.69756603,0
0.84781873,3.751004,-1.6801202,-0.095402837,0.93522429,-0.34095997,0
2.2047639,4.5576525,0.15276599,-0.095402837,0.93522429,-0.34095997,0
-2.6365569,-0.18164039,-1.7937878,-0.64122975,-0.31972778,-0.69756603,0
-2.7188616,2.5678167,-2.9783375,-0.64122975,-0.31972778,-0.69756603,0
-0.44930422,0.84714365,1.6329265,-0.7613951,0.15208387,0.63019669,0
-1.0895569,0.47769022,0.94854093,-0.7613951,0.15208387,0.63019669,0
1.8298638,3.3423901,1.0866085,0.64122975,0.31972778,0.69756603,0
1.4599996,4.2807717,-0.39830565,-0.095402837,0.93522429,-0.34095997,0
-0.68336862,3.0894814,-3.066185,-0.095402837,0.93522429,-0.34095997,0
-1.3435897,2.726275,-3.8776956,-0.095402837,0.93522429,-0.34095997,0
1.785543,2.1353226,-0.73825258,0.7613951,-0.15208387,-0.63019669,0
1.1346968,-2.9569459,3.3034348,0.095402837,-0.93522429,0.34095997,0
1.726559,-3.0077767,2.9984026,0.095402837,-0.93522429,0.34095997,0
1.1937895,-0.84641665,3.5912435,0.64122975,0.31972778,0.69756603,0
-2.0143437,3.5979261,-1.2991481,-0.095402837,0.93522429,-0.34095997,0
-0.12601542,-1.3320304,-2.2110031,0.7613951,-0.15208387,-0.63019669,0
-0.80240059,1.7373414,-3.7689273,0.7613951,-0.15208387,-0.63019669,0
-1.523708,1.6979009,0.12953496,-0.7613951,0.15208387,0.63019669,0
-0.40203393,2.5106111,-3.4718208,0.7613951,-0.15208387,-0.63019669,0
-0.22946745,2.9965444,-3.3805976,0.7613951,-0.15208387,-0.63019669,0
-1.0381784,-4.1044226,0.76398849,0.095402837,-0.93522429,0.34095997,0
0.70195174,0.052941918,-1.5448966,0.7613951,-0.15208387,-0.63019669,0
1.4534012,-3.3077779,2.2519557,0.095402837,-0.93522429,0.34095997,0
-2.194128,-2.0411634,-1.3481768,-0.64122975,-0.31972778,-0.69756603,0
-2.1886082,0.34277415,-2.4459236,-0.64122975,-0.31972778,-0.69756603,0
0.7241683,4.8169365,1.2782397,-0.095402837,0.93522429,-0.34095997,0
1.1461453,-2.7255058,3.9350522,0.095402837,-0.93522429,0.34095997,0
2.0696881,-1.0215667,0.3668927,0.7613951,-0.15208387,-0.63019669,0
1.338856,1.2771094,2.4845791,0.64122975,0.31972778,0.69756603,0
-3.2036424,1.2722027,-1.9388661,-0.64122975,-0.31972778,-0.69756603,0
2.6069636,-2.6314902,3.110383,0.64122975,0.31972778,0.69756603,0
-0.19092655,3.7194409,-1.4760473,-0.095402837,0.93522429,-0.34095997,0
-1.2344706,-2.429626,1.4750741,-0.7613951,0.15208387,0.63019669,0
0.8589797,3.6492283,1.8384447,0.64122975,0.31972778,0.69756603,0
-1.9137008,-1.7157673,-1.7551014,-0.64122975,-0.31972778,-0.69756603,0
-0.98126626,-2.0289056,-2.4687054,-0.64122975,-0.31972778,-0.69756603,0
-0.0044631958,-2.2584424,-1.8405762,0.7613951,-0.15208387,-0.63019669,0
-0.92507458,2.7104328,-4.0382533,-0.095402837,0.93522429,-0.34095997,0
1.6976397,2.1776614,-0.85467362,0.7613951,-0.15208387,-0.63019669,0
2.2733102,2.6560187,0.99357212,0.64122975,0.31972778,0.69756603,0
1.4715312,-1.8867885,3.8127842,0.64122975,0.31972778,0.69756603,0
2.7267995,1.5725224,1.0733256,0.64122975,0.31972778,0.69756603,0
3.2742672,-2.9730129,2.2931871,0.7613951,-0.15208387,-0.63019669,0
-1.4628034,-4.072176,0.97125053,0.095402837,-0.93522429,0.34095997,0
0.34351826,0.1737844,2.753304,-0.7613951,0.15208387,0.63019669,0
-0.97550869,-4.3753514,0.0033178329,0.095402837,-0.93522429,0.34095997,0
-2.1009572,1.256923,-0.46146953,-0.7613951,0.15208387,0.63019669,0
0.21510768,1.4147178,-2.4617293,0.7613951,-0.15208387,-0.63019669,0
-0.43962526,0.30985624,1.7742826,-0.7613951,0.15208387,0.63019669,0
1.222158,1.6377845,-1.2988569,0.7613951,-0.15208387,-0.63019669,0
-1.3501823,-0.60424173,-2.7825751,-0.64122975,-0.31972778,-0.69756603,0
1.5807539,-2.8603392,3.4436083,0.095402837,-0.93522429,0.34095997,0
2.8867462,1.7584469,0.84107834,0.64122975,0.31972778,0.69756603,0
-2.1311381,2.6824403,-0.84195065,-0.7613951,0.15208387,0.63019669,0
0.72514772,1.4584814,-1.8560672,0.7613951,-0.15208387,-0.63019669,0
0.31404495,4.1300721,1.7629325,-0.7613951,0.15208387,0.63019669,0
-2.5058084,-3.0949824,-0.57865334,-0.64122975,-0.31972778,-0.69756603,0
2.9000766,0.80010796,1.2680767,0.64122975,0.31972778,0.69756603,0
2.6055195,-1.5171708,2.600965,0.64122975,0.31972778,0.69756603,0
2.1545091,2.7277884,1.0698838,0.64122975,0.31972778,0.69756603,0
-3.1771867,2.9489076,-2.1700783,-0.7613951,0.15208387,0.63019669,0
0.1505847,3.9546194,1.607784,-0.7613951,0.15208387,0.63019669,0
0.30887556,2.6991873,-2.6584182,0.7613951,-0.15208387,-0.63019669,0
1.3494258,-0.8137176,3.4331887,0.64122975,0.31972778,0.69756603,0
-1.2804248,-4.2794714,0.3516264,0.095402837,-0.93522429,0.34095997,0
0.87217426,2.1989465,2.4910493,0.64122975,0.31972778,0.69756603,0
2.6623561,0.79705369,1.4879987,0.64122975,0.31972778,0.69756603,0
-1.1375856,-0.6110965,-2.97486,-0.64122975,-0.31972778,-0.69756603,0
-0.059846878,3.732641,1.4071131,-0.7613951,0.15208387,0.63019669,0
-2.6577137,-2.938823,-0.12158525,-0.7613951,0.15208387,0.63019669,0
0.8373096,-0.68277752,3.556608,-0.7613951,0.15208387,0.63019669,0
-1.5640392,-3.4323866,-1.2897155,-0.64122975,-0.31972778,-0.69756603,0
1.5525055,0.29208231,-0.57498044,0.7613951,-0.15208387,-0.63019669,0
-0.43849793,3.5172794,-1.9612877,-0.095402837,0.93522429,-0.34095997,0
-2.7783611,-0.16637588,-0.93641812,-0.7613951,0.15208387,0.63019669,0
-1.1204078,-0.020555973,1.031508,-0.7613951,0.15208387,0.63019669,0
0.5075953,4.4144192,0.23476839,-0.095402837,0.93522429,-0.34095997,0
2.1069126,2.9535451,1.0101609,0.64122975,0.31972778,0.69756603,0
-1.6656461,-0.034449279,-2.7537515,-0.64122975,-0.31972778,-0.69756603,0
1.6994259,2.3117337,1.6789112,0.64122975,0.31972778,0.69756603,0
-0.018145561,-3.7088847,1.563503,0.095402837,-0.93522429,0.34095997,0
-1.2156533,-2.9767253,1.6298393,-0.7613951,0.15208387,0.63019669,0
-1.4266722,0.49302053,-3.2151904,-0.64122975,-0.31972778,-0.69756603,0
2.1987255,4.4280658,-0.20098996,-0.095402837,0.93522429,-0.34095997,0
2.6837504,-3.056314,2.5974393,0.095402837,-0.93522429,0.34095997,0
1.5675974,2.5595868,1.6864903,0.64122975,0.31972778,0.69756603,0
1.0489151,4.4947448,0.3036294,-0.095402837,0.93522429,-0.34095997,0
1.2304664,3.6821713,1.48186,0.64122975,0.31972778,0.69756603,0
-2.6279423,-2.9095812,-0.092672825,-0.7613951,0.15208387,0.63019669,0
-0.92905092,-4.0216007,0.96062541,0.095402837,-0.93522429,0.34095997,0
1.9391774,-3.4174471,1.8152189,0.095402837,-0.93522429,0.34095997,0
-0.14357984,-3.8163643,1.3037915,0.095402837,-0.93522429,0.34095997,0
-2.1548948,2.3061643,-0.77984691,-0.7613951,0.15208387,0.63019669,0
-0.20002484,4.2718844,0.041804552,-0.095402837,0.93522429,-0.34095997,0
-0.85112739,3.8290837,-0.99057841,-0.095402837,0.93522429,-0.34095997,0
1.3125758,-0.47096303,3.3099618,0.64122975,0.31972778,0.69756603,0
1.8388591,-1.4049206,3.2542591,0.64122975,0.31972778,0.69756603,0
-0.68243909,1.6988577,-3.6147044,0.7613951,-0.15208387,-0.63019669,0
0.15698352,2.5366876,-2.8027165,0.7613951,-0.15208387,-0.63019669,0
-0.99153137,-3.2546351,-1.8974587,-0.64122975,-0.31972778,-0.69756603,0
1.6788174,3.564899,-1.2121931,0.7613951,-0.15208387,-0.63019669,0
1.4819047,4.4806647,0.14385629,-0.095402837,0.93522429,-0.34095997,0
-0.16609359,0.55987728,-2.7159948,0.7613951,-0.15208387,-0.63019669,0
-0.56790876,-4.3829365,-0.13153863,0.095402837,-0.93522429,0.34095997,0
-2.0130858,3.5530934,-1.4224732,-0.095402837,0.93522429,-0.34095997,0
-2.411978,0.82799983,-2.4629955,-0.64122975,-0.31972778,-0.69756603,0
-2.2251005,-1.8062146,-1.4273944,-0.64122975,-0.31972778,-0.69756603,0
-2.1402473,-0.47741473,-0.090395927,-0.7613951,0.15208387,0.63019669,0
0.27401519,-3.3165176,2.5579839,0.095402837,-0.93522429,0.34095997,0
-1.6568882,-3.9792984,1.2803117,0.095402837,-0.93522429,0.34095997,0
-0.90997052,2.0436211,0.78761268,-0.7613951,0.15208387,0.63019669,0
-1.2134852,-4.3287802,0.1976459,0.095402837,-0.93522429,0.34095997,0
-1.747026,3.580704,-1.4211843,-0.095402837,0.93522429,-0.34095997,0
-1.3748311,-3.6867809,1.6088789,-0.7613951,0.15208387,0.63019669,0
-1.4278398,2.9411042,-3.2648635,-0.095402837,0.93522429,-0.34095997,0
-0.26100671,-3.3237252,2.6879168,0.095402837,-0.93522429,0.34095997,0
-1.1584662,3.5700142,-1.6151881,-0.095402837,0.93522429,-0.34095997,0
-1.8069918,1.7368431,-3.4356887,-0.64122975,-0.31972778,-0.69756603,0
2.7481952,0.94817543,1.3398254,0.64122975,0.31972778,0.69756603,0
-2.9448059,1.3020911,-2.1904979,-0.64122975,-0.31972778,-0.69756603,0
1.3574536,0.22145343,2.9513407,0.64122975,0.31972778,0.69756603,0
0.92362934,-3.3964086,2.1570837,0.095402837,-0.93522429,0.34095997,0
2.5084381,3.483356,-0.19017816,0.7613951,-0.15208387,-0.63019669,0
1.6910415,4.3421645,-0.29455662,-0.095402837,0.93522429,-0.34095997,0
-2.1136091,-1.4071939,0.16616988,-0.7613951,0.15208387,0.63019669,0
-1.681545,3.584548,-0.51646209,-0.7613951,0.15208387,0.63019669,0
-1.3483447,-1.1345977,1.024967,-0.7613951,0.15208387,0.63019669,0
-0.28992009,1.9479445,1.5598385,-0.7613951,0.15208387,0.63019669,0
-0.80049038,4.005374,-0.52119684,-0.095402837,0.93522429,-0.34095997,0
-1.1917732,-4.2861729,0.30843878,0.095402837,-0.93522429,0.34095997,0
1.6059637,-3.2314565,2.4186115,0.095402837,-0.93522429,0.34095997,0
-0.26567125,-4.6934772,-1.0678928,0.095402837,-0.93522429,0.34095997,0
-1.07741,2.6550026,-4.1476688,-0.095402837,0.93522429,-0.34095997,0
2.046309,3.4826272,-0.74834049,0.7613951,-0.15208387,-0.63019669,0
-1.888617,-3.6555552,-0.88906193,-0.64122975,-0.31972778,-0.69756603,0
1.3502431,1.6917957,2.2840407,0.64122975,0.31972778,0.69756603,0
-2.9917614,2.9109998,-2.884774,-0.64122975,-0.31972778,-0.69756603,0
-2.1502032,0.94110322,-2.75547,-0.64122975,-0.31972778,-0.69756603,0
-0.74965572,-4.5914745,-0.65268564,0.095402837,-0.93522429,0.34095997,0
-2.2773139,-0.33412004,-0.2905789,-0.7613951,0.15208387,0.63019669,0
-0.26277208,-2.649627,-2.0582585,0.7613951,-0.15208387,-0.63019669,0
-1.5151107,-1.9316461,-2.0225537,-0.64122975,-0.31972778,-0.69756603,0
-1.4413711,3.0889797,-2.8554668,-0.095402837,0.93522429,-0.34095997,0
2.8058631,-1.4439421,1.3582603,0.7613951,-0.15208387,-0.63019669,0
0.0265131,4.4980812,0.5988555,-0.095402837,0.93522429,-0.34095997,0
2.7906194,1.298869,1.1400884,0.64122975,0.31972778,0.69756603,0
-0.69017237,3.3810363,-2.2645712,-0.095402837,0.93522429,-0.34095997,0
2.4981525,3.4786041,-0.20145774,0.7613951,-0.15208387,-0.63019669,0
2.2859406,4.4399829,0.16428614,0.64122975,0.31972778,0.69756603,0
-1.0625753,-3.404623,-1.7634057,-0.64122975,-0.31972778,-0.69756603,0
2.9397876,-1.051687,1.4254043,0.7613951,-0.15208387,-0.63019669,0
2.8248119,1.8271798,0.86650676,0.64122975,0.31972778,0.69756603,0
-1.898131,3.4976988,-1.6065812,-0.095402837,0.93522429,-0.34095997,0
0.19833314,-3.5094099,2.0500734,0.095402837,-0.93522429,0.34095997,0
1.3599775,-3.2298486,2.4918494,0.095402837,-0.93522429,0.34095997,0
-2.8185365,0.2699759,-1.0902616,-0.7613951,0.15208387,0.63019669,0
0.44772863,4.5871444,1.7865911,0.64122975,0.31972778,0.69756603,0
0.28454924,4.6851206,1.0396886,-0.095402837,0.93522429,-0.34095997,0
2.1182973,-2.2817242,3.3992693,0.64122975,0.31972778,0.69756603,0
1.9904847,-0.59497583,2.7436426,0.64122975,0.31972778,0.69756603,0
-0.47951937,-3.2882226,-2.166018,0.7613951,-0.15208387,-0.63019669,0
-2.3967896,-2.5405433,-0.93299299,-0.64122975,-0.31972778,-0.69756603,0
-2.9436688,-0.2563529,-1.4772336,-0.64122975,-0.31972778,-0.69756603,0
-1.6188698,-3.6540453,-1.1377163,-0.64122975,-0.31972778,-0.69756603,0
-2.2606504,2.843339,-1.037255,-0.7613951,0.15208387,0.63019669,0
2.4575784,4.2801275,-0.44390941,0.7613951,-0.15208387,-0.63019669,0
-0.53987014,2.7400441,-3.6937213,0.7613951,-0.15208387,-0.63019669,0
-2.7875309,2.0361147,-2.6715095,-0.64122975,-0.31972778,-0.69756603,0
-2.1566324,-0.70303214,-0.055744112,-0.7613951,0.15208387,0.63019669,0
-0.77652526,4.3206959,0.33699822,-0.095402837,0.93522429,-0.34095997,0
0.11409719,3.2042174,-2.9746108,-0.095402837,0.93522429,-0.34095997,0
2.2283013,3.0395002,0.85917854,0.64122975,0.31972778,0.69756603,0
-2.8741057,0.81322503,-2.0314178,-0.64122975,-0.31972778,-0.69756603,0
-1.1037331,-3.3030543,-1.7721254,-0.64122975,-0.31972778,-0.69756603,0
-1.5504177,-1.093276,-2.3743629,-0.64122975,-0.31972778,-0.69756603,0
2.281085,-2.9038677,3.1282558,0.095402837,-0.93522429,0.34095997,0
-2.4502554,0.28245521,-0.64832103,-0.7613951,0.15208387,0.63019669,0
2.3714178,-0.30755758,2.2617369,0.64122975,0.31972778,0.69756603,0
2.054117,1.4091246,1.7665744,0.64122975,0.31972778,0.69756603,0
-0.76819527,-1.540213,1.8237818,-0.7613951,0.15208387,0.63019669,0
1.9658246,-2.8098333,3.4743967,0.095402837,-0.93522429,0.34095997,0
1.2322838,2.627758,-1.5255308,0.7613951,-0.15208387,-0.63019669,0
0.97210449,1.2710187,-1.5124575,0.7613951,-0.15208387,-0.63019669,0
2.5950034,3.9704578,-0.20314252,0.7613951,-0.15208387,-0.63019669,0
-1.9289689,-2.5620203,-1.3531883,-0.64122975,-0.31972778,-0.69756603,0
-0.59135056,-4.6505032,-0.85889101,0.095402837,-0.93522429,0.34095997,0
0.17708111,3.8786464,-1.1423321,-0.095402837,0.93522429,-0.34095997,0
-2.9610596,1.4391065,-1.5445995,-0.7613951,0.15208387,0.63019669,0
2.2657356,-1.3769962,2.8490584,0.64122975,0.31972778,0.69756603,0
0.084969878,1.1194739,-2.5477097,0.7613951,-0.15208387,-0.63019669,0
-0.63493347,0.47981286,-3.2631195,0.7613951,-0.15208387,-0.63019669,0
-2.6659606,-2.2980301,-0.79671615,-0.64122975,-0.31972778,-0.69756603,0
1.7017326,3.1501541,1.2925029,0.64122975,0.31972778,0.69756603,0
-0.10110974,2.7770376,1.5878732,-0.7613951,0.15208387,0.63019669,0
0.1723218,-4.1106834,0.40810871,0.095402837,-0.93522429,0.34095997,0
-0.72944647,3.4442089,-2.0803049,-0.095402837,0.93522429,-0.34095997,0
0.42657375,-2.7987347,3.5710015,-0.7613951,0.15208387,0.63019669,0
-2.4135625,-3.8209732,-0.33069265,-0.64122975,-0.31972778,-0.69756603,0
2.5103126,1.2072735,1.4397396,0.64122975,0.31972778,0.69756603,0
-2.3929408,3.2522576,-2.1413536,-0.095402837,0.93522429,-0.34095997,0
-1.9144686,1.9759184,-3.4464715,-0.64122975,-0.31972778,-0.69756603,0
-2.7356739,1.7408743,-1.3451166,-0.7613951,0.15208387,0.63019669,0
1.9455938,-3.291631,2.1585271,0.095402837,-0.93522429,0.34095997,0
-0.9463048,2.8444846,-3.6646199,-0.095402837,0.93522429,-0.34095997,0
0.11271071,-3.9365916,0.9023068,0.095402837,-0.93522429,0.34095997,0
-3.2479532,1.6880496,-2.0887368,-0.64122975,-0.31972778,-0.69756603,0
-0.21154118,1.7669851,1.6982052,-0.7613951,0.15208387,0.63019669,0
1.491354,4.6526146,0.61285591,-0.095402837,0.93522429,-0.34095997,0
0.45587063,2.6966534,2.2802086,-0.7613951,0.15208387,0.63019669,0
-0.5837518,1.9087887,-3.5461338,0.7613951,-0.15208387,-0.63019669,0
-0.66569233,-3.0918047,-2.2716155,-0.64122975,-0.31972778,-0.69756603,0
1.7887881,-0.79152024,-0.028003454,0.7613951,-0.15208387,-0.63019669,0
1.3395728,-3.7883644,0.96559691,0.095402837,-0.93522429,0.34095997,0
-1.2060294,-2.603591,-1.9986883,-0.64122975,-0.31972778,-0.69756603,0
1.2824392,2.5705409,1.9435983,0.64122975,0.31972778,0.69756603,0
-0.75641835,3.8307815,-1.0124216,-0.095402837,0.93522429,-0.34095997,0
1.3624761,-3.3435619,2.1792445,0.095402837,-0.93522429,0.34095997,0
0.95252967,0.57453209,3.1617298,0.64122975,0.31972778,0.69756603,0
-0.19327259,-4.2212462,0.20713973,0.095402837,-0.93522429,0.34095997,0
2.7068467,0.84396231,1.4256006,0.64122975,0.31972778,0.69756603,0
2.4746106,0.75587809,0.42716762,0.7613951,-0.15208387,-0.63019669,0
0.158786,3.5100737,-2.1481762,-0.095402837,0.93522429,-0.34095997,0
0.012091398,2.6900647,1.7456305,-0.7613951,0.15208387,0.63019669,0
-0.61757177,-3.4508009,2.4391282,0.095402837,-0.93522429,0.34095997,0
-1.4924334,3.5176938,-1.6652524,-0.095402837,0.93522429,-0.34095997,0
1.7320426,-2.1913815,0.2412622,0.7613951,-0.15208387,-0.63019669,0
1.51712,3.3686337,-1.3601894,0.7613951,-0.15208387,-0.63019669,0
1.8413143,3.7991092,0.86674654,0.64122975,0.31972778,0.69756603,0
1.912456,-1.5033319,3.2317126,0.64122975,0.31972778,0.69756603,0
1.9708335,-0.37703395,2.661814,0.64122975,0.31972778,0.69756603,0
0.78985071,-2.9717441,-0.70875812,0.7613951,-0.15208387,-0.63019669,0
0.62443095,0.51736772,-1.7506351,0.7613951,-0.15208387,-0.63019669,0
1.1997211,0.92229068,2.7751079,0.64122975,0.31972778,0.69756603,0
0.47262508,3.3834784,-2.583231,-0.095402837,0.93522429,-0.34095997,0
-0.67407131,3.3450632,-2.3677473,-0.095402837,0.93522429,-0.34095997,0
0.59733295,4.4464922,1.713536,0.64122975,0.31972778,0.69756603,0
-1.0150707,-4.24084,0.38334012,0.095402837,-0.93522429,0.34095997,0
0.86646032,-2.4616916,4.0211296,-0.7613951,0.15208387,0.63019669,0
-2.3781912,2.9811215,-2.889185,-0.095402837,0.93522429,-0.34095997,0
0.6675396,3.7657452,-1.5892439,-0.095402837,0.93522429,-0.34095997,0
1.6455524,1.2440805,2.2177906,0.64122975,0.31972778,0.69756603,0
-0.42648137,2.3081689,-3.4525032,0.7613951,-0.15208387,-0.63019669,0
0.31249619,2.8976588,2.0584774,-0.7613951,0.15208387,0.63019669,0
2.3565574,-1.4890432,2.8169277,0.64122975,0.31972778,0.69756603,0
1.9136727,-2.963105,3.0685782,0.095402837,-0.93522429,0.34095997,0
-1.0417719,-4.5423937,-0.4363246,0.095402837,-0.93522429,0.34095997,0
1.0305389,0.91579187,-1.3561317,0.7613951,-0.15208387,-0.63019669,0
-2.7632897,-0.1942122,-1.6715276,-0.64122975,-0.31972778,-0.69756603,0
-2.9317789,0.51736641,-1.2867817,-0.7613951,0.15208387,0.63019669,0
0.79899466,-3.9514716,0.66946602,0.095402837,-0.93522429,0.34095997,0
-1.7246814,-4.234664,0.59883356,0.095402837,-0.93522429,0.34095997,0
-2.5491984,-4.2091327,0.31608224,-0.7613951,0.15208387,0.63019669,0
-2.3783777,2.4444749,-3.2347898,-0.64122975,-0.31972778,-0.69756603,0
0.035339475,3.7416754,-1.4783711,-0.095402837,0.93522429,-0.34095997,0
1.4052144,-1.8774813,-0.22935915,0.7613951,-0.15208387,-0.63019669,0
2.0607765,-3.1119435,2.6191661,0.095402837,-0.93522429,0.34095997,0
-2.833065,2.299448,-1.5975823,-0.7613951,0.15208387,0.63019669,0
-2.6631,2.9399402,-2.9224222,-0.095402837,0.93522429,-0.34095997,0
0.76259279,4.7511644,1.0870829,-0.095402837,0.93522429,-0.34095997,0
-0.78997111,-1.7322726,1.843822,-0.7613951,0.15208387,0.63019669,0
-1.8190188,-0.99018979,0.42145494,-0.7613951,0.15208387,0.63019669,0
-2.0910368,-1.4535525,-1.7122726,-0.64122975,-0.31972778,-0.69756603,0
-0.25746274,4.5621409,0.85402465,-0.095402837,0.93522429,-0.34095997,0
1.441126,-3.2009497,2.5484116,0.095402837,-0.93522429,0.34095997,0
-2.5302513,-4.2771611,-0.014335394,-0.64122975,-0.31972778,-0.69756603,0
1.1280103,2.8287184,-1.7000102,0.7613951,-0.15208387,-0.63019669,0
2.1136854,-3.6370265,1.1641033,0.095402837,-0.93522429,0.34095997,0
1.0640287,-4.1088939,0.16351008,0.095402837,-0.93522429,0.34095997,0
2.4402297,-3.3778567,1.3832147,0.7613951,-0.15208387,-0.63019669,0
1.1020602,-3.2944212,2.3868997,0.095402837,-0.93522429,0.34095997,0
0.47909594,4.7387857,1.1324532,-0.095402837,0.93522429,-0.34095997,0
1.6470122,4.6787877,0.6410923,-0.095402837,0.93522429,-0.34095997,0
-1.4337114,2.8473897,-3.5202713,-0.095402837,0.93522429,-0.34095997,0
-0.77143931,2.8262293,-3.7636209,-0.095402837,0.93522429,-0.34095997,0
-1.2949569,4.0364866,-0.29750395,-0.095402837,0.93522429,-0.34095997,0
-1.3343983,-0.75121129,-2.7297206,-0.64122975,-0.31972778,-0.69756603,0
0.52186799,-2.8028529,-1.0732889,0.7613951,-0.15208387,-0.63019669,0
-1.0334463,-4.246069,0.37413859,0.095402837,-0.93522429,0.34095997,0
1.24119,4.3382664,-0.17937708,-0.095402837,0.93522429,-0.34095997,0
-1.7701273,-3.3324625,1.0457805,-0.7613951,0.15208387,0.63019669,0
0.74222481,-2.5878096,3.9014654,-0.7613951,0.15208387,0.63019669,0
3.1348426,-2.9909685,2.1290691,0.7613951,-0.15208387,-0.63019669,0
2.4958906,-2.0028553,2.9243517,0.64122975,0.31972778,0.69756603,0
0.25318432,-1.1042084,2.9525788,-0.7613951,0.15208387,0.63019669,0
0.6980623,-3.1298053,2.951468,0.095402837,-0.93522429,0.34095997,0
0.081947207,-3.0035968,3.2040677,-0.7613951,0.15208387,0.63019669,0
1.6123043,-1.6214224,-0.040950298,0.7613951,-0.15208387,-0.63019669,0
-1.8430829,-0.97707283,-2.1585948,-0.64122975,-0.31972778,-0.69756603,0
0.89446783,-1.5881321,-0.91626453,0.7613951,-0.15208387,-0.63019669,0
-1.138649,3.519042,-1.7605462,-0.095402837,0.93522429,-0.34095997,0
-2.7690039,-0.84482539,-1.3680677,-0.64122975,-0.31972778,-0.69756603,0
-1.1875725,3.2046161,-2.6093011,-0.095402837,0.93522429,-0.34095997,0
-3.0513811,1.5959494,-1.6915754,-0.7613951,0.15208387,0.63019669,0
-0.27506042,-0.09706986,-2.6891079,0.7613951,-0.15208387,-0.63019669,0
2.5080838,-0.20194149,2.0876989,0.64122975,0.31972778,0.69756603,0
0.20185,3.3597941,-2.5724301,-0.095402837,0.93522429,-0.34095997,0
-1.692791,-4.5202198,-0.19334412,0.095402837,-0.93522429,0.34095997,0
0.76719117,-1.7709727,3.7345037,-0.7613951,0.15208387,0.63019669,0
-0.78092515,3.5882022,-1.6709387,-0.095402837,0.93522429,-0.34095997,0
2.1457143,3.7750678,0.5979501,0.64122975,0.31972778,0.69756603,0
2.366591,2.7968729,0.84326482,0.64122975,0.31972778,0.69756603,0
3.0188346,-2.9001219,2.8549023,0.64122975,0.31972778,0.69756603,0
0.13113117,-4.5587945,-0.80949783,0.095402837,-0.93522429,0.34095997,0
0.50633121,-2.7594972,-1.102523,0.7613951,-0.15208387,-0.63019669,0
1.6070223,0.083312392,-0.45873186,0.7613951,-0.15208387,-0.63019669,0
1.7935586,3.3333335,-1.0176815,0.7613951,-0.15208387,-0.63019669,0
0.053030014,4.7032032,1.1540692,-0.095402837,0.93522429,-0.34095997,0
-1.1887231,-3.903054,1.3584478,0.095402837,-0.93522429,0.34095997,0
-0.87309146,3.1810746,-2.7618673,-0.095402837,0.93522429,-0.34095997,0
-2.0495961,-0.38370967,-2.2407267,-0.64122975,-0.31972778,-0.69756603,0
-1.4268075,3.6877327,-1.2172124,-0.095402837,0.93522429,-0.34095997,0
1.8052204,3.8756299,-1.134463,0.7613951,-0.15208387,-0.63019669,0
2.0751595,-1.5860035,3.1200421,0.64122975,0.31972778,0.69756603,0
-0.25480723,-1.4297829,-2.3430171,0.7613951,-0.15208387,-0.63019669,0
0.73472285,-3.9016562,-0.55094886,0.7613951,-0.15208387,-0.63019669,0
0.89606667,3.4335701,1.9031992,0.64122975,0.31972778,0.69756603,0
-0.2098676,-3.716687,1.5957465,0.095402837,-0.93522429,0.34095997,0
2.408082,-3.4914207,1.4811132,0.095402837,-0.93522429,0.34095997,0
-0.048129797,-2.5664499,-1.8190031,0.7613951,-0.15208387,-0.63019669,0
-2.9976656,1.7253487,-1.6579051,-0.7613951,0.15208387,0.63019669,0
2.5864799,-3.1031296,2.4962466,0.095402837,-0.93522429,0.34095997,0
-1.5256736,3.9332283,-0.51617527,-0.095402837,0.93522429,-0.34095997,0
-2.0770254,2.9378333,-3.0921881,-0.095402837,0.93522429,-0.34095997,0
1.2851794,2.1911993,2.1149499,0.64122975,0.31972778,0.69756603,0
-2.5048592,2.5082326,-3.1477466,-0.64122975,-0.31972778,-0.69756603,0
0.78777313,4.8084106,1.2370574,-0.095402837,0.93522429,-0.34095997,0
-1.2412229,-2.7905753,-1.8806331,-0.64122975,-0.31972778,-0.69756603,0
-0.61534357,-3.3442588,2.4438214,-0.7613951,0.15208387,0.63019669,0
1.7477925,-1.5061269,3.3843584,0.64122975,0.31972778,0.69756603,0
-1.1500478,2.9392776,-3.3476019,-0.095402837,0.93522429,-0.34095997,0
-0.051242352,-4.53267,-0.68681049,0.095402837,-0.93522429,0.34095997,0
-3.1504164,0.20552945,-1.4988865,-0.64122975,-0.31972778,-0.69756603,0
0.30299163,4.402173,0.25842738,-0.095402837,0.93522429,-0.34095997,0
-0.10445786,0.19308531,2.2074075,-0.7613951,0.15208387,0.63019669,0
3.080204,-2.7064404,2.7097151,0.64122975,0.31972778,0.69756603,0
1.8857148,-3.7635841,0.88075328,0.095402837,-0.93522429,0.34095997,0
-2.6027474,-2.3324542,-0.839046,-0.64122975,-0.31972778,-0.69756603,0
-2.9299431,1.6918445,-2.382803,-0.64122975,-0.31972778,-0.69756603,0
-2.6615086,-0.62655926,-1.5669237,-0.64122975,-0.31972778,-0.69756603,0
-2.8938587,0.68969417,-1.2825541,-0.7613951,0.15208387,0.63019669,0
-1.7472274,-4.2553229,0.54847693,0.095402837,-0.93522429,0.34095997,0
1.8191495,3.4578457,1.043539,0.64122975,0.31972778,0.69756603,0
1.3785777,2.0580564,2.0901201,0.64122975,0.31972778,0.69756603,0
-0.20637345,3.6541326,-1.6508608,-0.095402837,0.93522429,-0.34095997,0
0.43724108,1.338735,2.5854039,-0.7613951,0.15208387,0.63019669,0
-0.28585729,3.2215075,-2.8152747,-0.095402837,0.93522429,-0.34095997,0
2.2683306,-2.6970303,3.4517078,0.64122975,0.31972778,0.69756603,0
1.4540584,-2.6647775,4.0154681,0.095402837,-0.93522429,0.34095997,0
-0.88698065,3.7344913,-1.2400053,-0.095402837,0.93522429,-0.34095997,0
-1.1843526,0.5958966,-3.4850926,-0.64122975,-0.31972778,-0.69756603,0
1.3352591,-2.6550748,4.0753231,0.095402837,-0.93522429,0.34095997,0
0.8851161,-0.21239254,3.5008507,-0.7613951,0.15208387,0.63019669,0
-0.26314229,-3.194634,2.8332379,-0.7613951,0.15208387,0.63019669,0
2.9672582,0.60062099,1.0598459,0.7613951,-0.15208387,-0.63019669,0
1.4377422,0.38419876,2.8029428,0.64122975,0.31972778,0.69756603,0
1.1488225,1.5215987,-1.359421,0.7613951,-0.15208387,-0.63019669,0
-1.4103265,-3.0056195,-1.6266215,-0.64122975,-0.31972778,-0.69756603,0
0.17723775,3.5649507,-2.0028162,-0.095402837,0.93522429,-0.34095997,0
-0.31633592,-3.8096447,1.3705616,0.095402837,-0.93522429,0.34095997,0
1.2731874,-2.8596413,3.5315819,0.095402837,-0.93522429,0.34095997,0
-1.053268,0.69035983,-3.6488876,-0.64122975,-0.31972778,-0.69756603,0
-2.7733223,2.9297104,-2.9196396,-0.095402837,0.93522429,-0.34095997,0
1.2397385,0.14376578,3.0951571,0.64122975,0.31972778,0.69756603,0
-0.7894972,3.2861927,-2.4969268,-0.095402837,0.93522429,-0.34095997,0
-0.023192406,-4.6034174,-0.88871503,0.095402837,-0.93522429,0.34095997,0
1.7354209,1.9616303,1.8062923,0.64122975,0.31972778,0.69756603,0
-0.88102937,2.6590128,-4.0863504,0.7613951,-0.15208387,-0.63019669,0
0.89674389,-3.529387,1.7998574,0.095402837,-0.93522429,0.34095997,0
-1.084583,1.7617209,-4.1111574,-0.64122975,-0.31972778,-0.69756603,0
-1.0904508,0.98794979,-3.7511072,-0.64122975,-0.31972778,-0.69756603,0
-0.20037436,3.2465,1.3546486,-0.7613951,0.15208387,0.63019669,0
-2.0995593,1.6006757,-3.104337,-0.64122975,-0.31972778,-0.69756603,0
0.73030126,1.0391593,-1.7486467,0.7613951,-0.15208387,-0.63019669,0
-1.8711004,3.6994405,-0.77320671,-0.7613951,0.15208387,0.63019669,0
2.8586597,-2.2291188,1.6115332,0.7613951,-0.15208387,-0.63019669,0
0.94047636,-3.1829658,2.7378244,0.095402837,-0.93522429,0.34095997,0
2.0855498,2.7410498,1.1271955,0.64122975,0.31972778,0.69756603,0
-1.085813,-2.1193707,-2.3311374,-0.64122975,-0.31972778,-0.69756603,0
0.18854761,-1.7610382,-1.727421,0.7613951,-0.15208387,-0.63019669,0
0.97434211,0.44785511,3.1997409,0.64122975,0.31972778,0.69756603,0
-1.141026,-2.0243678,1.4901726,-0.7613951,0.15208387,0.63019669,0
-2.4870999,0.43846333,-2.2153974,-0.64122975,-0.31972778,-0.69756603,0
1.180493,3.8904264,-1.3907814,-0.095402837,0.93522429,-0.34095997,0
-2.2359104,2.8366284,-3.3253276,-0.095402837,0.93522429,-0.34095997,0
-2.3440766,-1.7047598,-1.3645287,-0.64122975,-0.31972778,-0.69756603,0
