-4.0223837,-2.1929851,0.11403179,-0.90826303,-0.39345673,-0.14230293,0
2.8423142,2.6318429,1.6097023,-0.27961046,0.31778264,0.90599799,0
1.0984797,3.7229195,-1.5809467,-0.31124955,0.86267382,-0.39864475,0
-4.4479527,-0.15552805,-2.8031416,-0.90826303,-0.39345673,-0.14230293,0
-4.6593103,0.23764229,-2.5412173,-0.90826303,-0.39345673,-0.14230293,0
-4.8911014,1.0256306,-2.7414443,-0.31124955,0.86267382,-0.39864475,0
4.6775918,-0.42793325,2.9506731,0.90826303,0.39345673,0.14230293,0
-2.5905623,-2.6956959,1.8016565,-0.27961046,0.31778264,0.90599799,0
-3.7820888,-3.101361,1.5762148,-0.27961046,0.31778264,0.90599799,0
-3.8309867,2.1491854,-1.1377579,-0.31124955,0.86267382,-0.39864475,0
1.7389405,2.0198479,1.4838374,-0.27961046,0.31778264,0.90599799,0
-3.9008656,-2.7245545,0.80817986,-0.90826303,-0.39345673,-0.14230293,0
3.9462399,2.6637936,-0.92978525,0.90826303,0.39345673,0.14230293,0
-4.4837446,0.75273126,-3.3034365,0.27961046,-0.31778264,-0.90599799,0
-4.6510739,-0.69181728,-0.023901463,-0.90826303,-0.39345673,-0.14230293,0
4.8564334,-2.0345633,0.58516526,0.31124955,-0.86267382,0.39864475,0
1.3179615,4.6354237,0.22236252,-0.31124955,0.86267382,-0.39864475,0
2.3763146,-2.4443405,1.6348007,0.31124955,-0.86267382,0.39864475,0
-0.38414824,-0.60067832,1.747767,-0.27961046,0.31778264,0.90599799,0
3.8719239,2.6709733,-0.47530842,0.90826303,0.39345673,0.14230293,0
-3.3067651,-4.43507,1.7457132,-0.90826303,-0.39345673,-0.14230293,0
3.4757767,-1.3337322,3.1797495,0.31124955,-0.86267382,0.39864475,0
-1.5105107,-4.722734,-0.2609663,0.31124955,-0.86267382,0.39864475,0
-2.9635942,-1.4651303,1.2549045,-0.27961046,0.31778264,0.90599799,0
-1.0222161,3.3767514,-0.67428625,-0.31124955,0.86267382,-0.39864475,0
-3.6540287,-2.9364953,-0.18128157,-0.90826303,-0.39345673,-0.14230293,0
-4.8061223,0.345397,-1.9021077,-0.90826303,-0.39345673,-0.14230293,0
-4.0677738,-2.4050908,0.99019718,-0.90826303,-0.39345673,-0.14230293,0
-4.2018437,-1.1330715,-1.6711264,-0.90826303,-0.39345673,-0.14230293,0
-4.2454472,0.63760799,-3.1895127,0.27961046,-0.31778264,-0.90599799,0
-3.16956,-3.7432566,1.9904015,-0.27961046,0.31778264,0.90599799,0
-3.8481174,-1.7328203,1.0758152,-0.27961046,0.31778264,0.90599799,0
-3.7739401,-1.9650199,-2.1019921,-0.90826303,-0.39345673,-0.14230293,0
0.61594486,1.8985659,-2.131469,0.27961046,-0.31778264,-0.90599799,0
4.3998156,-2.1351211,0.724069,0.31124955,-0.86267382,0.39864475,0
-0.41051841,2.905072,-2.1726036,-0.31124955,0.86267382,-0.39864475,0
1.3525966,0.45456046,1.9136344,-0.27961046,0.31778264,0.90599799,0
-2.1089263,1.4538311,0.49483567,-0.27961046,0.31778264,0.90599799,0
0.72497249,3.7313552,-1.2710695,-0.31124955,0.86267382,-0.39864475,0
-4.2558208,-0.93665969,-1.8696754,-0.90826303,-0.39345673,-0.14230293,0
-3.2546353,-3.8024817,-0.33606911,-0.90826303,-0.39345673,-0.14230293,0
-1.342613,-0.71060896,-1.8207433,0.27961046,-0.31778264,-0.90599799,0
-3.0279093,-4.3508248,-0.26704121,-0.90826303,-0.39345673,-0.14230293,0
3.9136477,1.1383722,-0.84708595,0.27961046,-0.31778264,-0.90599799,0
3.8162792,2.9999695,-1.0297961,0.90826303,0.39345673,0.14230293,0
1.7869897,-0.10051703,-1.0688729,0.27961046,-0.31778264,-0.90599799,0
-1.7789831,-0.35267258,-2.0809641,0.27961046,-0.31778264,-0.90599799,0
4.6562223,0.23094511,1.2653189,0.90826303,0.39345673,0.14230293,0
-3.5685532,-0.33298838,-2.6401682,0.27961046,-0.31778264,-0.90599799,0
-4.284955,-1.3550481,-0.52691102,-0.90826303,-0.39345673,-0.14230293,0
-1.5097289,-2.7781053,-1.1471355,0.27961046,-0.31778264,-0.90599799,0
-0.40993595,3.9439707,0.075135946,-0.31124955,0.86267382,-0.39864475,0
1.1454034,-2.8445194,1.7298647,0.31124955,-0.86267382,0.39864475,0
-2.762207,-5.0054188,0.10458422,0.31124955,-0.86267382,0.39864475,0
-2.99594,1.9193393,-2.2871273,-0.31124955,0.86267382,-0.39864475,0
2.7598331,0.27685142,-0.90099597,0.27961046,-0.31778264,-0.90599799,0
-3.8271148,1.2834843,-3.0141726,-0.31124955,0.86267382,-0.39864475,0
3.6842744,-1.1292877,3.1887817,-0.27961046,0.31778264,0.90599799,0
3.5598888,2.6900682,1.4634917,0.90826303,0.39345673,0.14230293,0
-3.9312189,-2.1324313,-0.63526344,-0.90826303,-0.39345673,-0.14230293,0
-1.6178209,-1.0850347,-1.7743468,0.27961046,-0.31778264,-0.90599799,0
2.9692116,4.5709519,0.033052444,0.90826303,0.39345673,0.14230293,0
2.8713708,-2.8861303,0.29223529,0.31124955,-0.86267382,0.39864475,0
0.48206043,-3.4916668,0.84734464,0.31124955,-0.86267382,0.39864475,0
3.2522793,3.5600719,1.021348,0.90826303,0.39345673,0.14230293,0
2.160377,-1.2452695,-0.55211085,0.27961046,-0.31778264,-0.90599799,0
1.7333834,-2.2199187,-0.3420279,0.27961046,-0.31778264,-0.90599799,0
-4.6571746,-0.1124748,-1.5868018,-0.90826303,-0.39345673,-0.14230293,0
4.5970483,-1.0113972,3.0018327,0.31124955,-0.86267382,0.39864475,0
3.2866066,4.0155258,-0.4570446,0.90826303,0.39345673,0.14230293,0
-3.6309049,-2.3772004,-1.8752809,-0.90826303,-0.39345673,-0.14230293,0
-5.2656054,0.87883139,-0.44431448,-0.90826303,-0.39345673,-0.14230293,0
-2.8157387,-4.5425439,1.1480489,0.31124955,-0.86267382,0.39864475,0
0.1888783,4.0597591,-0.14183187,-0.31124955,0.86267382,-0.39864475,0
-2.8468332,-4.5797157,-0.78991127,-0.90826303,-0.39345673,-0.14230293,0
1.8956565,-1.3181423,2.7030172,-0.27961046,0.31778264,0.90599799,0
1.3065426,-3.1687202,0.90247571,0.31124955,-0.86267382,0.39864475,0
4.4740562,1.0055344,0.28633285,0.90826303,0.39345673,0.14230293,0
4.101449,2.2152655,-0.68028021,0.90826303,0.39345673,0.14230293,0
3.9541314,2.7953546,-1.3439112,0.90826303,0.39345673,0.14230293,0
-3.670078,-2.9224856,-0.11758089,-0.90826303,-0.39345673,-0.14230293,0
3.9545021,2.3238463,-0.042589664,0.90826303,0.39345673,0.14230293,0
-3.8992531,-1.4141326,-2.363013,0.27961046,-0.31778264,-0.90599799,0
-4.458684,2.199904,-0.53791559,-0.31124955,0.86267382,-0.39864475,0
-5.2869534,1.7661424,-0.82989538,-0.31124955,0.86267382,-0.39864475,0
-4.280447,-0.64345026,-2.5231972,-0.90826303,-0.39345673,-0.14230293,0
-0.49721098,3.8359852,-0.090404749,-0.31124955,0.86267382,-0.39864475,0
-2.0236228,-1.3705051,-1.799456,0.27961046,-0.31778264,-0.90599799,0
-0.50576377,3.3573356,-1.1195328,-0.31124955,0.86267382,-0.39864475,0
-4.1100245,-1.2507569,-1.9317811,-0.90826303,-0.39345673,-0.14230293,0
4.7741928,-0.10191,1.432678,0.90826303,0.39345673,0.14230293,0
4.2163639,-1.3108352,2.6510711,0.31124955,-0.86267382,0.39864475,0
-1.7973311,-1.5608101,1.6483984,-0.27961046,0.31778264,0.90599799,0
-3.0410771,2.5467632,-0.89412987,-0.31124955,0.86267382,-0.39864475,0
-2.2906799,2.6021605,-1.3601364,-0.31124955,0.86267382,-0.39864475,0
-0.14884567,3.3151844,-1.4894193,-0.31124955,0.86267382,-0.39864475,0
-4.1002531,-1.4860935,-1.3434594,-0.90826303,-0.39345673,-0.14230293,0
-3.6619639,1.5474603,-2.5718684,-0.31124955,0.86267382,-0.39864475,0
4.9115186,-0.38699114,1.3444109,0.90826303,0.39345673,0.14230293,0
-3.1248126,-3.8150213,-1.1300025,-0.90826303,-0.39345673,-0.14230293,0
2.0795531,0.37651032,2.1653652,-0.27961046,0.31778264,0.90599799,0
2.6743703,4.7850738,0.8026166,-0.27961046,0.31778264,0.90599799,0
3.4161017,3.9022503,-0.97036028,0.90826303,0.39345673,0.14230293,0
2.2397294,3.9758422,0.95231819,-0.27961046,0.31778264,0.90599799,0
-0.37306857,-3.4549379,1.5944846,0.31124955,-0.86267382,0.39864475,0
2.4097333,4.4482107,-1.0351906,-0.31124955,0.86267382,-0.39864475,0
-0.37727439,-2.313344,-0.96065307,0.27961046,-0.31778264,-0.90599799,0
-4.4578915,-1.2682953,0.33700967,-0.90826303,-0.39345673,-0.14230293,0
2.625247,4.6965151,-0.66612387,-0.31124955,0.86267382,-0.39864475,0
2.5166578,-1.7250643,3.0374012,-0.27961046,0.31778264,0.90599799,0
0.13781571,-3.2727799,1.5897954,0.31124955,-0.86267382,0.39864475,0
-1.1271025,1.6752992,0.72016674,-0.27961046,0.31778264,0.90599799,0
1.4614301,-2.3309445,2.5945051,0.31124955,-0.86267382,0.39864475,0
3.6244185,3.3966889,-0.90212631,0.90826303,0.39345673,0.14230293,0
-4.2968812,1.5336617,-2.1060054,-0.31124955,0.86267382,-0.39864475,0
-4.3485966,-0.81812,-1.6052783,-0.90826303,-0.39345673,-0.14230293,0
4.3466558,0.88646901,1.4286828,0.90826303,0.39345673,0.14230293,0
1.9933693,4.0971003,-1.4699161,-0.31124955,0.86267382,-0.39864475,0
-3.4149656,-3.9006171,0.95859432,-0.90826303,-0.39345673,-0.14230293,0
-0.38446188,-3.8737063,0.6971581,0.31124955,-0.86267382,0.39864475,0
-4.1552248,-1.3319539,-1.4187834,-0.90826303,-0.39345673,-0.14230293,0
-2.8377249,-4.5934672,-0.81002426,-0.90826303,-0.39345673,-0.14230293,0
-4.7107859,-0.63701344,0.20568657,-0.90826303,-0.39345673,-0.14230293,0
4.0271339,1.604345,1.4831941,0.90826303,0.39345673,0.14230293,0
3.9304276,-2.0068929,1.3680409,0.31124955,-0.86267382,0.39864475,0
2.924124,4.5094151,0.490973,0.90826303,0.39345673,0.14230293,0
-3.9126329,-1.8264387,-1.5999384,-0.90826303,-0.39345673,-0.14230293,0
-1.0900319,2.5367489,0.42945051,-0.27961046,0.31778264,0.90599799,0
-1.5733856,2.1726484,-2.8496494,-0.31124955,0.86267382,-0.39864475,0
-2.6422434,-3.6461363,-1.1921883,0.27961046,-0.31778264,-0.90599799,0
-0.45867804,0.74391747,-2.0581231,0.27961046,-0.31778264,-0.90599799,0
-2.6100726,2.7905941,-0.70299143,-0.31124955,0.86267382,-0.39864475,0
2.9945107,-2.2559893,1.5597279,0.31124955,-0.86267382,0.39864475,0
-1.2483433,-1.2496758,-1.6025696,0.27961046,-0.31778264,-0.90599799,0
2.4326808,4.9165649,-0.039581299,-0.31124955,0.86267382,-0.39864475,0
2.6928825,5.0343866,0.5153904,0.90826303,0.39345673,0.14230293,0
4.1178265,1.7158809,0.59595227,0.90826303,0.39345673,0.14230293,0
1.6350012,1.0117681,-1.5059185,0.27961046,-0.31778264,-0.90599799,0
3.3052745,4.1698427,-1.0028644,0.90826303,0.39345673,0.14230293,0
-1.9751315,3.168813,-0.3802619,-0.31124955,0.86267382,-0.39864475,0
1.0667586,1.6994759,1.3887595,-0.27961046,0.31778264,0.90599799,0
-3.9420037,-1.6553785,-1.8854444,-0.90826303,-0.39345673,-0.14230293,0
0.38090706,-3.1845119,1.5910103,0.31124955,-0.86267382,0.39864475,0
2.3797836,4.6148381,-0.65122223,-0.31124955,0.86267382,-0.39864475,0
-2.7955959,-2.1195524,1.5362937,-0.27961046,0.31778264,0.90599799,0
-1.4495115,-3.7281425,-0.7953217,0.27961046,-0.31778264,-0.90599799,0
1.0968775,2.4589074,-2.1795852,0.27961046,-0.31778264,-0.90599799,0
-3.9335756,-0.30598783,-2.7622924,0.27961046,-0.31778264,-0.90599799,0
-3.7570777,-3.2040303,1.2161541,-0.90826303,-0.39345673,-0.14230293,0
-3.1677902,1.7506042,-2.5180974,-0.31124955,0.86267382,-0.39864475,0
2.2076209,-1.919611,-0.30100209,0.27961046,-0.31778264,-0.90599799,0
-4.4691563,0.055356503,0.2569387,-0.27961046,0.31778264,0.90599799,0
-4.8977189,0.40437782,-1.480561,-0.90826303,-0.39345673,-0.14230293,0
-3.3015039,-3.4304814,-1.0654755,-0.90826303,-0.39345673,-0.14230293,0
0.57988083,0.37499237,1.7030665,-0.27961046,0.31778264,0.90599799,0
0.60746765,-3.0933378,1.6114209,0.31124955,-0.86267382,0.39864475,0
3.6709282,3.0246177,-0.1702323,0.90826303,0.39345673,0.14230293,0
-3.4482365,-3.1592839,-0.8787818,-0.90826303,-0.39345673,-0.14230293,0
-0.23835421,3.0238111,-2.0500703,-0.31124955,0.86267382,-0.39864475,0
-2.2399812,2.4729276,-1.6793826,-0.31124955,0.86267382,-0.39864475,0
-1.7528595,-3.0201068,-1.1372879,0.27961046,-0.31778264,-0.90599799,0
4.3477182,1.0240092,1.0416169,0.90826303,0.39345673,0.14230293,0
-4.1941919,-1.2953029,-1.2714071,-0.90826303,-0.39345673,-0.14230293,0
-0.62651646,-1.6238935,-1.2794021,0.27961046,-0.31778264,-0.90599799,0
4.3703518,-0.36901379,-0.17741537,0.27961046,-0.31778264,-0.90599799,0
-0.79551315,-3.1900175,2.4976089,0.31124955,-0.86267382,0.39864475,0
0.33140582,1.0292763,1.396889,-0.27961046,0.31778264,0.90599799,0
-2.7430086,2.1593273,-1.965271,-0.31124955,0.86267382,-0.39864475,0
-3.3441367,-2.8625741,1.6276207,-0.27961046,0.31778264,0.90599799,0
-0.60576224,3.7471457,-0.19790173,-0.31124955,0.86267382,-0.39864475,0
-2.3752704,2.2871695,-1.9757367,-0.31124955,0.86267382,-0.39864475,0
2.8803086,4.3522167,-1.6103344,-0.31124955,0.86267382,-0.39864475,0
-0.49702883,-3.0613346,2.5430326,0.31124955,-0.86267382,0.39864475,0
4.848424,0.28559852,-0.11254168,0.90826303,0.39345673,0.14230293,0
0.18681574,3.9468961,-0.3844595,-0.31124955,0.86267382,-0.39864475,0
0.38459492,3.8438859,-0.76179481,-0.31124955,0.86267382,-0.39864475,0
-1.353209,-4.4117451,-0.52582455,0.27961046,-0.31778264,-0.90599799,0
0.97444677,3.7226918,0.65061831,-0.27961046,0.31778264,0.90599799,0
-0.80294657,3.325088,0.24153805,-0.27961046,0.31778264,0.90599799,0
4.4311328,1.0566363,0.41899991,0.90826303,0.39345673,0.14230293,0
-2.0610855,-0.01502347,1.0248072,-0.27961046,0.31778264,0.90599799,0
-3.6359112,-1.0532773,0.9029541,-0.27961046,0.31778264,0.90599799,0
2.7866192,4.8420677,0.44885063,0.90826303,0.39345673,0.14230293,0
1.0041726,4.300005,-0.25849199,-0.31124955,0.86267382,-0.39864475,0
-2.8034625,-5.0021877,0.14378691,0.31124955,-0.86267382,0.39864475,0
-2.5270021,2.8492088,-0.64100665,-0.31124955,0.86267382,-0.39864475,0
4.8172674,-0.50948238,2.284657,0.90826303,0.39345673,0.14230293,0
3.5060768,3.2914593,0.14415312,0.90826303,0.39345673,0.14230293,0
1.4452267,-3.3870873,0.32164538,0.31124955,-0.86267382,0.39864475,0
-2.1516109,-4.5515089,0.61011744,0.31124955,-0.86267382,0.39864475,0
1.793915,-2.6594555,-0.16917717,0.27961046,-0.31778264,-0.90599799,0
3.796102,2.0035348,1.8540499,0.90826303,0.39345673,0.14230293,0
-4.2522225,1.5218468,-0.19048822,-0.27961046,0.31778264,0.90599799,0
2.989696,4.6074333,-0.19855928,0.90826303,0.39345673,0.14230293,0
-2.066854,-4.7008696,-0.64465857,0.27961046,-0.31778264,-0.90599799,0
-2.5386698,-0.67142558,1.10765,-0.27961046,0.31778264,0.90599799,0
-3.7798316,1.4456925,-2.7000685,-0.31124955,0.86267382,-0.39864475,0
-0.96451271,0.67447424,-2.189877,0.27961046,-0.31778264,-0.90599799,0
-2.8079247,2.3276267,-1.5503836,-0.31124955,0.86267382,-0.39864475,0
2.2093191,3.4395211,1.1310501,-0.27961046,0.31778264,0.90599799,0
1.4349082,3.859906,-1.5471783,-0.31124955,0.86267382,-0.39864475,0
3.8309269,2.2291937,1.0078466,0.90826303,0.39345673,0.14230293,0
-1.8240845,2.9444032,-0.98382109,-0.31124955,0.86267382,-0.39864475,0
-0.18085676,0.73892224,-1.9706293,0.27961046,-0.31778264,-0.90599799,0
0.16699767,-2.8229318,2.5404897,0.31124955,-0.86267382,0.39864475,0
4.0626793,0.2765339,2.8124676,-0.27961046,0.31778264,0.90599799,0
5.2462215,-1.0625825,1.0760939,0.90826303,0.39345673,0.14230293,0
-5.0851984,1.4763229,-1.6145929,-0.31124955,0.86267382,-0.39864475,0
-1.1379117,2.0953004,0.5695135,-0.27961046,0.31778264,0.90599799,0
0.82391882,3.7259667,-1.3599844,-0.31124955,0.86267382,-0.39864475,0
-2.0690656,2.8653433,0.012043715,-0.27961046,0.31778264,0.90599799,0
1.6881349,4.3195095,0.66154146,-0.27961046,0.31778264,0.90599799,0
3.1406798,3.9616978,0.62317848,0.90826303,0.39345673,0.14230293,0
3.9076643,2.2318239,0.51078892,0.90826303,0.39345673,0.14230293,0
-1.3217752,3.5517068,-0.061794281,-0.31124955,0.86267382,-0.39864475,0
-2.341979,2.2312818,-2.1226711,-0.31124955,0.86267382,-0.39864475,0
-1.4121485,-1.8673856,-1.4364591,0.27961046,-0.31778264,-0.90599799,0
2.0956368,-2.7463603,1.2003694,0.31124955,-0.86267382,0.39864475,0
2.1899185,3.3665662,-2.1606145,0.27961046,-0.31778264,-0.90599799,0
-3.5188529,-3.44611,0.36499071,-0.90826303,-0.39345673,-0.14230293,0
-1.3088474,3.043035,-1.1726618,-0.31124955,0.86267382,-0.39864475,0
1.6293792,-2.1848211,-0.38643634,0.27961046,-0.31778264,-0.90599799,0
1.7223258,1.0823262,1.8075494,-0.27961046,0.31778264,0.90599799,0
-2.6162689,-1.8830729,1.5086915,-0.27961046,0.31778264,0.90599799,0
-1.5236824,-3.9407434,1.4415569,0.31124955,-0.86267382,0.39864475,0
4.1477065,-1.5787538,2.1248965,0.31124955,-0.86267382,0.39864475,0
0.056074113,-0.28968382,-1.5367194,0.27961046,-0.31778264,-0.90599799,0
-2.4387701,-4.2393661,1.5098047,0.31124955,-0.86267382,0.39864475,0
-4.2650905,2.161448,-0.77228636,-0.31124955,0.86267382,-0.39864475,0
2.4586973,4.6439734,-0.64978743,-0.31124955,0.86267382,-0.39864475,0
-0.14397025,-3.5335231,1.2455518,0.31124955,-0.86267382,0.39864475,0
-1.2888176,-4.3771529,-0.518085,0.27961046,-0.31778264,-0.90599799,0
0.89338291,2.5103865,1.0508215,-0.27961046,0.31778264,0.90599799,0
0.43169737,-2.6542568,-0.59141016,0.27961046,-0.31778264,-0.90599799,0
2.3639596,-0.47235453,2.5508821,-0.27961046,0.31778264,0.90599799,0
-1.7517393,-4.0203114,1.4474308,0.31124955,-0.86267382,0.39864475,0
3.4696751,3.6480675,-0.60950375,0.90826303,0.39345673,0.14230293,0
-4.2689743,-0.73612326,-2.3401909,-0.90826303,-0.39345673,-0.14230293,0
-2.6367595,-5.1136265,-0.65451002,-0.90826303,-0.39345673,-0.14230293,0
-0.97705132,0.1111393,1.3151114,-0.27961046,0.31778264,0.90599799,0
2.265429,4.4902048,-0.83164597,-0.31124955,0.86267382,-0.39864475,0
2.2567534,3.8921843,-2.1189988,-0.31124955,0.86267382,-0.39864475,0
-1.419071,-4.4299841,-0.53975344,0.27961046,-0.31778264,-0.90599799,0
-3.2247758,-3.5200195,-1.3076348,-0.90826303,-0.39345673,-0.14230293,0
2.1778173,0.50351715,2.1511436,-0.27961046,0.31778264,0.90599799,0
-3.7780981,-3.1741171,1.2676115,-0.90826303,-0.39345673,-0.14230293,0
-0.76057601,-3.1986465,-0.76842451,0.27961046,-0.31778264,-0.90599799,0
-0.93375087,3.3414817,-0.81968212,-0.31124955,0.86267382,-0.39864475,0
-3.2275963,-4.1330414,0.40532541,-0.90826303,-0.39345673,-0.14230293,0
-3.1352286,-2.8763847,-1.6143279,0.27961046,-0.31778264,-0.90599799,0
-4.5108399,-0.57027984,-1.2550015,-0.90826303,-0.39345673,-0.14230293,0
-0.31568974,0.43365216,-1.905167,0.27961046,-0.31778264,-0.90599799,0
4.0549154,1.7352939,0.9438107,0.90826303,0.39345673,0.14230293,0
3.6264188,2.5333314,1.4722233,0.90826303,0.39345673,0.14230293,0
3.6184268,-2.2710683,1.0399618,0.31124955,-0.86267382,0.39864475,0
2.0204992,-3.0806291,0.53567129,0.31124955,-0.86267382,0.39864475,0
-1.2891107,1.4901026,-2.5761399,0.27961046,-0.31778264,-0.90599799,0
2.2963519,-1.78801,2.9914885,-0.27961046,0.31778264,0.90599799,0
-0.13711238,3.0893435,-1.9873037,-0.31124955,0.86267382,-0.39864475,0
3.8922219,1.9171914,1.4792871,0.90826303,0.39345673,0.14230293,0
-0.82268095,2.8597143,-1.9489542,-0.31124955,0.86267382,-0.39864475,0
3.8320732,-1.1538663,-0.068249226,0.27961046,-0.31778264,-0.90599799,0
0.13616729,-3.7915204,0.46851897,0.31124955,-0.86267382,0.39864475,0
-2.9923155,-4.4097443,-0.33131742,-0.90826303,-0.39345673,-0.14230293,0
-0.26357865,2.7484138,-2.6263394,-0.31124955,0.86267382,-0.39864475,0
4.7463946,-0.18698943,1.8453414,0.90826303,0.39345673,0.14230293,0
4.7600155,-0.070666552,1.4367814,0.90826303,0.39345673,0.14230293,0
-1.3472373,3.3115482,0.078307271,-0.27961046,0.31778264,0.90599799,0
-0.52949619,-4.1282959,0.25946093,0.31124955,-0.86267382,0.39864475,0
3.4541178,3.9246325,-1.2748871,0.90826303,0.39345673,0.14230293,0
-0.59777141,0.97645783,1.1286511,-0.27961046,0.31778264,0.90599799,0
-2.8557334,2.5749362,-0.97787452,-0.31124955,0.86267382,-0.39864475,0
-3.7242551,-1.32093,0.96956921,-0.27961046,0.31778264,0.90599799,0
3.7597897,2.6635551,-1.4295344,0.27961046,-0.31778264,-0.90599799,0
2.2491257,5.0085425,0.302773,-0.31124955,0.86267382,-0.39864475,0
2.3863535,0.29488206,2.2886817,-0.27961046,0.31778264,0.90599799,0
1.1836252,-1.5539081,2.5659649,-0.27961046,0.31778264,0.90599799,0
-0.059904337,3.4985902,-1.1619685,-0.31124955,0.86267382,-0.39864475,0
-1.3770092,2.5522988,-2.1814041,-0.31124955,0.86267382,-0.39864475,0
0.1648822,-0.21445239,1.7817392,-0.27961046,0.31778264,0.90599799,0
4.6072788,-0.22183084,-0.15591931,0.27961046,-0.31778264,-0.90599799,0
-4.7176614,-0.42196441,-0.34502101,-0.90826303,-0.39345673,-0.14230293,0
3.1179085,-1.1026146,-0.3066327,0.27961046,-0.31778264,-0.90599799,0
-4.2481298,-1.5095601,0.87405348,-0.27961046,0.31778264,0.90599799,0
-3.611964,0.39493781,-2.9088888,0.27961046,-0.31778264,-0.90599799,0
3.3924801,-1.6993721,2.4535336,0.31124955,-0.86267382,0.39864475,0
2.6632855,-1.5316802,-0.29644251,0.27961046,-0.31778264,-0.90599799,0
4.5583587,0.01454705,2.4882677,0.90826303,0.39345673,0.14230293,0
-3.9319692,-1.6083059,-2.0796411,-0.90826303,-0.39345673,-0.14230293,0
-0.44232583,2.2998562,0.71243739,-0.27961046,0.31778264,0.90599799,0
-1.3450199,-2.4465959,2.0986848,-0.27961046,0.31778264,0.90599799,0
1.56201,-2.0528681,2.8577549,-0.27961046,0.31778264,0.90599799,0
-4.3746219,-1.1520033,-0.51600599,-0.90826303,-0.39345673,-0.14230293,0
5.3797383,-1.239917,0.71422577,0.90826303,0.39345673,0.14230293,0
3.5300512,2.6867061,1.6632321,0.90826303,0.39345673,0.14230293,0
-3.4745915,-3.7463861,0.91272879,-0.90826303,-0.39345673,-0.14230293,0
-2.6270971,-4.0864387,1.9877827,0.31124955,-0.86267382,0.39864475,0
2.7701952,4.1536813,-1.9539955,-0.31124955,0.86267382,-0.39864475,0
3.6383483,2.7885232,0.69049644,0.90826303,0.39345673,0.14230293,0
3.5919163,3.2429326,-0.26955509,0.90826303,0.39345673,0.14230293,0
0.68945551,-3.413023,0.85560381,0.31124955,-0.86267382,0.39864475,0
-5.1509738,1.0669234,-1.6960232,-0.90826303,-0.39345673,-0.14230293,0
-3.5264072,-2.862376,-1.2007751,-0.90826303,-0.39345673,-0.14230293,0
3.6927214,-2.5155382,0.45291728,0.31124955,-0.86267382,0.39864475,0
3.4772801,3.0363791,1.0332279,0.90826303,0.39345673,0.14230293,0
-4.5098057,1.1275938,-2.8184977,-0.31124955,0.86267382,-0.39864475,0
-5.2837615,1.0484757,-0.79748511,-0.90826303,-0.39345673,-0.14230293,0
-5.1672063,1.8235518,-0.79915524,-0.31124955,0.86267382,-0.39864475,0
3.3840213,3.5865171,0.10737419,0.90826303,0.39345673,0.14230293,0
2.1249404,-2.3002052,2.142977,0.31124955,-0.86267382,0.39864475,0
-3.2799921,-4.2613163,1.0944176,-0.90826303,-0.39345673,-0.14230293,0
-3.3799603,-3.92541,0.80371857,-0.90826303,-0.39345673,-0.14230293,0
4.341876,1.730736,-0.87513971,0.90826303,0.39345673,0.14230293,0
4.7202501,-1.2499325,2.3894463,0.31124955,-0.86267382,0.39864475,0
-2.9956694,2.6035852,-0.80661958,-0.31124955,0.86267382,-0.39864475,0
-4.5460277,1.70139,-0.3441385,-0.27961046,0.31778264,0.90599799,0
-3.7499404,2.2013447,-1.0881624,-0.31124955,0.86267382,-0.39864475,0
-1.4599632,-1.3671961,-1.6266592,0.27961046,-0.31778264,-0.90599799,0
1.1132121,-3.28054,0.81144285,0.31124955,-0.86267382,0.39864475,0
-4.4291859,-0.44369185,-2.1261714,-0.90826303,-0.39345673,-0.14230293,0
2.7364233,-2.0948973,2.1098399,0.31124955,-0.86267382,0.39864475,0
-3.1847048,-4.1386185,0.14698505,-0.90826303,-0.39345673,-0.14230293,0
-2.4969888,-5.0113254,-0.11527109,0.31124955,-0.86267382,0.39864475,0
-1.143046,-0.71800756,1.5547087,-0.27961046,0.31778264,0.90599799,0
-0.80687284,3.5508008,-0.46577454,-0.31124955,0.86267382,-0.39864475,0
2.5646458,-2.9634383,0.36442178,0.31124955,-0.86267382,0.39864475,0
2.2311413,4.1338091,-1.576123,-0.31124955,0.86267382,-0.39864475,0
-0.89665818,-1.0325348,1.7410707,-0.27961046,0.31778264,0.90599799,0
-4.0481915,-2.4298718,0.93372822,-0.90826303,-0.39345673,-0.14230293,0
-1.8860925,1.584378,-2.7934489,0.27961046,-0.31778264,-0.90599799,0
0.9718715,2.5645528,-2.2552204,0.27961046,-0.31778264,-0.90599799,0
-4.1512442,-1.5225819,-0.91711712,-0.90826303,-0.39345673,-0.14230293,0
-2.1040969,2.1139808,0.2647759,-0.27961046,0.31778264,0.90599799,0
-2.8048539,-4.3647861,-0.99030399,0.27961046,-0.31778264,-0.90599799,0
-2.0081954,-1.6127836,-1.7097145,0.27961046,-0.31778264,-0.90599799,0
3.713701,2.3156254,1.5170767,0.90826303,0.39345673,0.14230293,0
3.66326,0.71656299,-0.77640986,0.27961046,-0.31778264,-0.90599799,0
1.6778052,-1.9925535,-0.43892989,0.27961046,-0.31778264,-0.90599799,0
-3.2951078,2.2914424,-1.2483084,-0.31124955,0.86267382,-0.39864475,0
-2.3217037,0.76365471,0.67125022,-0.27961046,0.31778264,0.90599799,0
3.2062016,4.0867214,-0.14069843,0.90826303,0.39345673,0.14230293,0
-3.4832935,-2.9515734,-1.2293291,-0.90826303,-0.39345673,-0.14230293,0
-2.6276042,-4.9508095,0.11766624,0.31124955,-0.86267382,0.39864475,0
5.2231665,-0.86082602,0.66540432,0.90826303,0.39345673,0.14230293,0
0.087860346,-3.303499,1.562322,0.31124955,-0.86267382,0.39864475,0
1.783757,4.3129535,-0.83914709,-0.31124955,0.86267382,-0.39864475,0
-0.11847878,-3.1138105,2.1339145,0.31124955,-0.86267382,0.39864475,0
-2.4470801,-2.2650449,1.6948855,-0.27961046,0.31778264,0.90599799,0
1.3652697,-3.2306809,0.72253966,0.31124955,-0.86267382,0.39864475,0
4.2209725,-2.1022317,0.93487757,0.31124955,-0.86267382,0.39864475,0
4.8022127,-1.0831275,2.6864216,0.31124955,-0.86267382,0.39864475,0
1.9271049,-2.4494829,1.9744015,0.31124955,-0.86267382,0.39864475,0
0.35503888,-3.8977175,-0.17891955,0.27961046,-0.31778264,-0.90599799,0
-3.6146214,2.4905963,-0.33350396,-0.27961046,0.31778264,0.90599799,0
3.214345,4.3613811,-0.95209074,0.90826303,0.39345673,0.14230293,0
3.2815366,3.4383466,1.1711707,0.90826303,0.39345673,0.14230293,0
4.2564669,0.97532946,1.7586331,0.90826303,0.39345673,0.14230293,0
-3.3133373,-3.8374062,1.9790521,-0.27961046,0.31778264,0.90599799,0
4.9382372,-0.20365071,0.66695285,0.90826303,0.39345673,0.14230293,0
1.3307343,-1.3830154,2.5514245,-0.27961046,0.31778264,0.90599799,0
2.0796628,3.1172943,1.2040575,-0.27961046,0.31778264,0.90599799,0
-5.2314019,1.0003169,-0.99851942,-0.90826303,-0.39345673,-0.14230293,0
-1.5226357,-3.1116366,-1.0341313,0.27961046,-0.31778264,-0.90599799,0
-2.9280283,-0.23832273,0.83557332,-0.27961046,0.31778264,0.90599799,0
-5.3492804,1.3963073,-1.3410307,-0.90826303,-0.39345673,-0.14230293,0
5.1504631,-1.111493,1.8225139,0.90826303,0.39345673,0.14230293,0
-1.2846577,-3.1780949,-0.93737602,0.27961046,-0.31778264,-0.90599799,0
-3.3347983,-4.329247,1.6320472,-0.90826303,-0.39345673,-0.14230293,0
-4.0337729,-1.3184485,-2.2313008,-0.90826303,-0.39345673,-0.14230293,0
-4.3874569,-0.5097307,-2.2099211,-0.90826303,-0.39345673,-0.14230293,0
-1.8992467,-4.8086863,-0.55511475,0.27961046,-0.31778264,-0.90599799,0
-2.6470752,-1.8219159,1.4777336,-0.27961046,0.31778264,0.90599799,0
2.9256387,3.9324915,-2.1320558,0.27961046,-0.31778264,-0.90599799,0
-0.081082344,-2.227391,-0.8993901,0.27961046,-0.31778264,-0.90599799,0
4.3340569,0.94080985,1.3588524,0.90826303,0.39345673,0.14230293,0
-4.8251715,0.087939024,-1.0686729,-0.90826303,-0.39345673,-0.14230293,0
-3.5979021,-3.6137774,1.3331141,-0.90826303,-0.39345673,-0.14230293,0
-3.8126194,-3.0485597,1.1407895,-0.90826303,-0.39345673,-0.14230293,0
0.70653212,-1.8196169,-0.79934371,0.27961046,-0.31778264,-0.90599799,0
2.0724211,0.73130369,-1.2725472,0.27961046,-0.31778264,-0.90599799,0
0.74621058,3.468045,-1.8574584,-0.31124955,0.86267382,-0.39864475,0
0.56571436,-3.8544271,-0.0029890537,0.31124955,-0.86267382,0.39864475,0
-0.58133942,0.0065732002,-1.8373525,0.27961046,-0.31778264,-0.90599799,0
-2.4027739,-3.6604378,2.1979992,-0.27961046,0.31778264,0.90599799,0
-3.2423677,-3.7192655,-0.64445257,-0.90826303,-0.39345673,-0.14230293,0
4.4174767,0.16950992,2.959003,0.90826303,0.39345673,0.14230293,0
4.0087667,-1.6993536,1.972396,0.31124955,-0.86267382,0.39864475,0
1.0425158,1.2700078,-1.7793508,0.27961046,-0.31778264,-0.90599799,0
-2.1974826,1.2849503,0.52674079,-0.27961046,0.31778264,0.90599799,0
1.1460204,3.2711811,0.86193919,-0.27961046,0.31778264,0.90599799,0
1.6509957,-2.962014,-0.10716152,0.27961046,-0.31778264,-0.90599799,0
4.6451406,0.22045743,1.3650436,0.90826303,0.39345673,0.14230293,0
-3.2170115,-3.6802859,-0.91406488,-0.90826303,-0.39345673,-0.14230293,0
-3.3846879,-3.2574549,-1.0129509,-0.90826303,-0.39345673,-0.14230293,0
-0.57822943,3.8882372,0.085926056,-0.31124955,0.86267382,-0.39864475,0
0.54145789,-1.9406207,-0.80784672,0.27961046,-0.31778264,-0.90599799,0
5.0668664,-0.37555718,0.32127047,0.90826303,0.39345673,0.14230293,0
-1.7474275,-3.5996053,2.35448,0.31124955,-0.86267382,0.39864475,0
-0.096228242,0.36168265,-1.8121928,0.27961046,-0.31778264,-0.90599799,0
2.235796,-2.0850835,2.5219512,0.31124955,-0.86267382,0.39864475,0
2.1362808,-2.8401132,0.96575284,0.31124955,-0.86267382,0.39864475,0
4.9458032,-0.79603553,2.2565598,0.90826303,0.39345673,0.14230293,0
3.9300017,1.6881095,1.871547,0.90826303,0.39345673,0.14230293,0
2.4051948,0.91392523,2.0773649,-0.27961046,0.31778264,0.90599799,0
-3.1963687,-3.7954361,-0.72743845,-0.90826303,-0.39345673,-0.14230293,0
1.2825484,-1.7937214,-0.63065577,0.27961046,-0.31778264,-0.90599799,0
-3.792625,-2.8188801,0.37812519,-0.90826303,-0.39345673,-0.14230293,0
-0.21577525,-3.6109104,1.1341481,0.31124955,-0.86267382,0.39864475,0
-2.9024904,-4.7986579,0.17068148,-0.90826303,-0.39345673,-0.14230293,0
2.0271907,4.0179348,-1.6676373,-0.31124955,0.86267382,-0.39864475,0
-0.72033143,3.3975949,-0.86488366,-0.31124955,0.86267382,-0.39864475,0
-1.0713789,3.1103854,-1.2123224,-0.31124955,0.86267382,-0.39864475,0
-4.0069447,0.84037751,-3.1870279,0.27961046,-0.31778264,-0.90599799,0
0.50364733,3.7057614,-1.1536503,-0.31124955,0.86267382,-0.39864475,0
-3.44191,-3.58812,0.26654053,-0.90826303,-0.39345673,-0.14230293,0
-1.008049,-4.2161279,0.44303012,0.31124955,-0.86267382,0.39864475,0
2.0105045,4.9015369,0.25751972,-0.31124955,0.86267382,-0.39864475,0
-4.4046283,-0.97146678,-0.82365727,-0.90826303,-0.39345673,-0.14230293,0
4.8140397,-0.36313212,1.9006107,0.90826303,0.39345673,0.14230293,0
-2.3052621,-2.6763868,1.8829336,-0.27961046,0.31778264,0.90599799,0
-4.1265306,-1.6419084,-0.74492335,-0.90826303,-0.39345673,-0.14230293,0
4.9558063,-0.018272161,0.042259932,0.90826303,0.39345673,0.14230293,0
4.0529227,2.2327368,-1.1879559,0.27961046,-0.31778264,-0.90599799,0
-0.58949661,2.0744834,-2.5651979,0.27961046,-0.31778264,-0.90599799,0
4.1814923,1.2279533,1.5386815,0.90826303,0.39345673,0.14230293,0
-2.4735916,-5.1947427,-0.59695864,0.27961046,-0.31778264,-0.90599799,0
4.6512108,-0.33555564,2.8636346,0.90826303,0.39345673,0.14230293,0
-4.849822,0.31743133,-1.5458667,-0.90826303,-0.39345673,-0.14230293,0
-3.6884181,-3.0839341,0.44586658,-0.90826303,-0.39345673,-0.14230293,0
-5.4166026,1.479075,-1.140185,-0.90826303,-0.39345673,-0.14230293,0
0.92882133,2.2835457,-2.1699419,0.27961046,-0.31778264,-0.90599799,0
-0.66208303,-1.8825765,2.1116214,-0.27961046,0.31778264,0.90599799,0
1.181318,3.218729,-2.4200354,0.27961046,-0.31778264,-0.90599799,0
3.8873916,2.7271619,-0.72938776,0.90826303,0.39345673,0.14230293,0
-1.6142651,1.5860277,0.60113025,-0.27961046,0.31778264,0.90599799,0
0.55371952,-3.5378709,0.69140935,0.31124955,-0.86267382,0.39864475,0
-2.1047204,0.52109003,0.82329655,-0.27961046,0.31778264,0.90599799,0
-0.84380758,2.4912658,-2.7297878,-0.31124955,0.86267382,-0.39864475,0
-3.7465844,2.4166594,-0.34829694,-0.27961046,0.31778264,0.90599799,0
-1.1163085,-3.9258847,1.1556473,0.31124955,-0.86267382,0.39864475,0
-1.5341914,1.5398908,-2.6692405,0.27961046,-0.31778264,-0.90599799,0
-2.6742735,0.058197141,-2.501384,0.27961046,-0.31778264,-0.90599799,0
-2.3252363,-0.43676823,-2.2200525,0.27961046,-0.31778264,-0.90599799,0
-0.57571328,1.0765903,1.1003369,-0.27961046,0.31778264,0.90599799,0
5.3522782,-1.3609016,1.2240027,0.90826303,0.39345673,0.14230293,0
4.8233976,-0.2824235,1.6177278,0.90826303,0.39345673,0.14230293,0
4.3812389,-1.88463,1.2806406,0.31124955,-0.86267382,0.39864475,0
2.0407972,4.1050248,-1.4897976,-0.31124955,0.86267382,-0.39864475,0
2.7883544,2.8498616,-1.7946882,0.27961046,-0.31778264,-0.90599799,0
-1.9877919,1.9927659,-2.9153621,-0.31124955,0.86267382,-0.39864475,0
5.0755091,-1.064177,2.1700883,0.90826303,0.39345673,0.14230293,0
2.5267372,-2.5757709,1.2329376,0.31124955,-0.86267382,0.39864475,0
5.2087221,-1.4664258,1.5395676,0.31124955,-0.86267382,0.39864475,0
-0.61394095,-0.48708963,-1.6742597,0.27961046,-0.31778264,-0.90599799,0
0.3947475,-3.9270899,-0.15636206,0.27961046,-0.31778264,-0.90599799,0
-0.96450043,-4.3146009,-0.43993402,0.27961046,-0.31778264,-0.90599799,0
4.4623117,-1.3568888,2.3593814,0.31124955,-0.86267382,0.39864475,0
0.53942764,2.6908386,-2.4329767,0.27961046,-0.31778264,-0.90599799,0
3.3585873,-1.6954625,2.4884567,0.31124955,-0.86267382,0.39864475,0
1.3930745,3.8966267,-1.4350524,-0.31124955,0.86267382,-0.39864475,0
3.1125174,-1.8714292,2.2997856,0.31124955,-0.86267382,0.39864475,0
-2.0302763,2.8653336,-0.99394083,-0.31124955,0.86267382,-0.39864475,0
-4.408215,-1.4561324,0.5393002,-0.90826303,-0.39345673,-0.14230293,0
-3.1308722,-4.3965645,0.51659536,-0.90826303,-0.39345673,-0.14230293,0
4.8722482,-0.39094317,1.6059842,0.90826303,0.39345673,0.14230293,0
4.1830263,1.4696692,0.8605659,0.90826303,0.39345673,0.14230293,0
4.8849339,0.00031375885,0.44322085,0.90826303,0.39345673,0.14230293,0
2.2386329,4.0516229,-1.759824,-0.31124955,0.86267382,-0.39864475,0
4.2911344,0.67904294,2.3565743,0.90826303,0.39345673,0.14230293,0
-3.755935,-2.3227179,-1.2279046,-0.90826303,-0.39345673,-0.14230293,0
-4.5153332,1.2748878,-2.4954355,-0.31124955,0.86267382,-0.39864475,0
-1.9850732,1.3586318,0.56645072,-0.27961046,0.31778264,0.90599799,0
4.2279358,-1.6824802,1.8377905,0.31124955,-0.86267382,0.39864475,0
3.8624573,-2.1391735,1.1348528,0.31124955,-0.86267382,0.39864475,0
3.9267924,2.4489546,-0.21164703,0.90826303,0.39345673,0.14230293,0
3.5145724,2.9795907,0.95222282,0.90826303,0.39345673,0.14230293,0
4.3068695,0.97734308,-0.66924763,0.27961046,-0.31778264,-0.90599799,0
3.486151,-2.1797733,1.3408028,0.31124955,-0.86267382,0.39864475,0
-1.0155189,3.1797857,-1.1057523,-0.31124955,0.86267382,-0.39864475,0
-2.0546594,-4.9846535,-0.40290928,0.31124955,-0.86267382,0.39864475,0
0.91979599,4.1502199,-0.516752,-0.31124955,0.86267382,-0.39864475,0
-2.72066,-4.5576658,1.0410914,0.31124955,-0.86267382,0.39864475,0
1.9415982,-3.2191217,0.29757428,0.31124955,-0.86267382,0.39864475,0
-1.1193972,-1.3520393,-1.5268694,0.27961046,-0.31778264,-0.90599799,0
1.2426968,0.18002856,1.9760101,-0.27961046,0.31778264,0.90599799,0
3.1771877,3.6176748,1.341361,0.90826303,0.39345673,0.14230293,0
1.3155222,-2.7533059,1.7944283,0.31124955,-0.86267382,0.39864475,0
3.3803239,3.306807,0.90435028,0.90826303,0.39345673,0.14230293,0
1.5160446,-2.2965491,2.626296,0.31124955,-0.86267382,0.39864475,0
-5.1219664,1.1692481,-2.1640849,-0.90826303,-0.39345673,-0.14230293,0
4.142344,-1.9406824,1.3458644,0.31124955,-0.86267382,0.39864475,0
-2.466486,0.10597968,0.85724944,-0.27961046,0.31778264,0.90599799,0
-3.5011735,1.9284925,-1.8728487,-0.31124955,0.86267382,-0.39864475,0
0.82292271,3.8134117,-1.1699736,-0.31124955,0.86267382,-0.39864475,0
-4.5578332,-0.63497472,-0.7761848,-0.90826303,-0.39345673,-0.14230293,0
4.881196,-0.22623253,1.093461,0.90826303,0.39345673,0.14230293,0
-2.8197184,-4.7224708,0.76179314,0.31124955,-0.86267382,0.39864475,0
-0.69354463,-3.3629043,2.0438652,0.31124955,-0.86267382,0.39864475,0
-3.9060893,-2.4004037,-0.054731846,-0.90826303,-0.39345673,-0.14230293,0
-3.9809842,-2.1860795,-0.16929817,-0.90826303,-0.39345673,-0.14230293,0
3.9992437,1.4613401,2.0566034,0.90826303,0.39345673,0.14230293,0
-0.97477794,3.1835103,-1.1295016,-0.31124955,0.86267382,-0.39864475,0
-2.7306519,-4.35009,1.4980893,0.31124955,-0.86267382,0.39864475,0
0.60430217,-0.15944958,1.8980613,-0.27961046,0.31778264,0.90599799,0
2.1882305,4.6246758,-0.48037672,-0.31124955,0.86267382,-0.39864475,0
-3.4032676,-3.3608027,-0.6086154,-0.90826303,-0.39345673,-0.14230293,0
-3.6279097,2.4396784,-0.66768271,-0.31124955,0.86267382,-0.39864475,0
-2.2414513,3.0199997,-0.095404685,-0.27961046,0.31778264,0.90599799,0
-5.2887411,0.90595412,-0.37164021,-0.90826303,-0.39345673,-0.14230293,0
2.0175753,-2.1266904,-0.28702024,0.27961046,-0.31778264,-0.90599799,0
-1.5346067,-3.6177759,2.1489949,0.31124955,-0.86267382,0.39864475,0
0.025272608,2.7542086,0.69738245,-0.27961046,0.31778264,0.90599799,0
2.9272819,1.3615379,2.08149,-0.27961046,0.31778264,0.90599799,0
-4.7885046,0.23150265,-1.6996439,-0.90826303,-0.39345673,-0.14230293,0
2.1715975,4.4663992,-0.80990314,-0.31124955,0.86267382,-0.39864475,0
-0.3111012,3.8004308,-0.31265378,-0.31124955,0.86267382,-0.39864475,0
-3.8890262,-1.9976134,-1.2773247,-0.90826303,-0.39345673,-0.14230293,0
-3.0884647,-4.1853247,-0.3381381,-0.90826303,-0.39345673,-0.14230293,0
-3.6879845,-2.3425794,-1.606689,-0.90826303,-0.39345673,-0.14230293,0
0.84614348,3.7077737,-1.4167061,-0.31124955,0.86267382,-0.39864475,0
3.4948115,3.8462121,-1.3177934,0.90826303,0.39345673,0.14230293,0
-3.9358211,-2.4123228,1.2870862,-0.27961046,0.31778264,0.90599799,0
1.05713,-1.0327492,2.3441272,-0.27961046,0.31778264,0.90599799,0
3.5889077,-2.440645,0.30804765,0.27961046,-0.31778264,-0.90599799,0
-3.0671868,1.8570194,-2.3663611,-0.31124955,0.86267382,-0.39864475,0
-1.4749782,0.70630562,0.95268339,-0.27961046,0.31778264,0.90599799,0
2.4072707,4.1472363,-1.6845808,-0.31124955,0.86267382,-0.39864475,0
2.3356507,0.94028187,-1.2646089,0.27961046,-0.31778264,-0.90599799,0
-1.4223596,-0.87249082,-1.7885741,0.27961046,-0.31778264,-0.90599799,0
3.704834,1.0008028,-0.86327744,0.27961046,-0.31778264,-0.90599799,0
-3.2085166,-4.4178848,1.7244816,0.31124955,-0.86267382,0.39864475,0
0.22892141,4.0742769,0.29721332,-0.27961046,0.31778264,0.90599799,0
-0.94737148,3.0336885,-1.4751164,-0.31124955,0.86267382,-0.39864475,0
5.0268555,-0.84540784,1.8757465,0.90826303,0.39345673,0.14230293,0
-3.5004821,-3.775718,1.1590743,-0.90826303,-0.39345673,-0.14230293,0
2.2967095,-2.7839689,0.96199274,0.31124955,-0.86267382,0.39864475,0
-0.91524249,1.1027235,-2.3248813,0.27961046,-0.31778264,-0.90599799,0
2.9369044,1.3229399,-1.2132678,0.27961046,-0.31778264,-0.90599799,0
3.6031268,2.8069575,0.86433363,0.90826303,0.39345673,0.14230293,0
1.1711586,3.133471,0.91799974,-0.27961046,0.31778264,0.90599799,0
5.0868416,-0.42704701,0.33614564,0.90826303,0.39345673,0.14230293,0
4.452518,-1.1595401,2.7940941,0.31124955,-0.86267382,0.39864475,0
-3.870332,-2.4008589,-0.28169775,-0.90826303,-0.39345673,-0.14230293,0
4.276001,1.1281455,1.2114289,0.90826303,0.39345673,0.14230293,0
-0.72646141,-3.6648016,1.4162548,0.31124955,-0.86267382,0.39864475,0
-4.7189589,-0.69527888,0.4189496,-0.90826303,-0.39345673,-0.14230293,0
-3.6784751,-3.3171492,1.0272264,-0.90826303,-0.39345673,-0.14230293,0
-0.62942004,3.7382259,-0.19873261,-0.31124955,0.86267382,-0.39864475,0
4.5697923,-1.0689986,2.8984632,0.31124955,-0.86267382,0.39864475,0
-2.1821706,-1.6896224,-1.7364554,0.27961046,-0.31778264,-0.90599799,0
5.2058506,-1.5847603,1.2857313,0.31124955,-0.86267382,0.39864475,0
-4.1797948,2.3026357,-0.53335071,-0.31124955,0.86267382,-0.39864475,0
2.9357109,-1.5354066,3.1002069,-0.27961046,0.31778264,0.90599799,0
0.23977637,-3.3593922,1.3227577,0.31124955,-0.86267382,0.39864475,0
1.8566536,1.7926275,1.5998645,-0.27961046,0.31778264,0.90599799,0
-4.0188708,-2.384053,0.61989927,-0.90826303,-0.39345673,-0.14230293,0
3.5647588,2.3885572,1.9179976,-0.27961046,0.31778264,0.90599799,0
4.2208571,0.8512392,2.3290133,0.90826303,0.39345673,0.14230293,0
-0.87500978,-3.0796912,-0.84546518,0.27961046,-0.31778264,-0.90599799,0
3.5496504,3.6389685,-1.0947967,0.90826303,0.39345673,0.14230293,0
-4.5513554,-0.42809665,-1.3895354,-0.90826303,-0.39345673,-0.14230293,0
0.57157302,0.89276969,-1.792376,0.27961046,-0.31778264,-0.90599799,0
1.4488391,-2.5979304,2.0265737,0.31124955,-0.86267382,0.39864475,0
-3.8998854,-2.9159358,1.3310771,-0.90826303,-0.39345673,-0.14230293,0
1.1741097,-3.1650074,1.0139107,0.31124955,-0.86267382,0.39864475,0
-1.5446124,-4.5607996,0.11608696,0.31124955,-0.86267382,0.39864475,0
2.4390955,-2.9324057,0.125678,0.27961046,-0.31778264,-0.90599799,0
-2.5626454,2.581008,-1.1935688,-0.31124955,0.86267382,-0.39864475,0
-3.0233324,-0.68457305,-2.3485816,0.27961046,-0.31778264,-0.90599799,0
-2.8166902,1.2226942,0.35747665,-0.27961046,0.31778264,0.90599799,0
0.47194177,0.58552742,-1.7153578,0.27961046,-0.31778264,-0.90599799,0
4.2454286,1.824934,-0.52000427,0.90826303,0.39345673,0.14230293,0
-3.9652452,-2.5781264,0.81422567,-0.90826303,-0.39345673,-0.14230293,0
3.4869356,0.63638699,2.5085607,-0.27961046,0.31778264,0.90599799,0
1.2683637,-2.4801996,2.4222548,0.31124955,-0.86267382,0.39864475,0
-0.14769197,-3.3845963,1.5707388,0.31124955,-0.86267382,0.39864475,0
0.0096445084,-3.8585758,0.42219496,0.31124955,-0.86267382,0.39864475,0
-4.6091766,-0.067050934,-2.018748,-0.90826303,-0.39345673,-0.14230293,0
-4.0554943,-2.4562204,1.2655497,-0.27961046,0.31778264,0.90599799,0
-2.5589881,-0.20047379,0.93619108,-0.27961046,0.31778264,0.90599799,0
3.1026394,4.6350517,-0.9957943,0.90826303,0.39345673,0.14230293,0
-4.2754583,0.30628133,-3.0825605,0.27961046,-0.31778264,-0.90599799,0
-3.3537822,-3.5002127,-0.53900242,-0.90826303,-0.39345673,-0.14230293,0
