-2.8719862,3.2248869,-3.7116592,-0.21757269,-0.32340884,-0.9209066,0
-3.2476194,1.9076747,-3.1603272,-0.21757269,-0.32340884,-0.9209066,0
0.47532833,-2.2771282,3.1270859,-0.86298597,-0.3770389,0.33629888,0
-2.487247,4.2217851,-1.0239515,-0.45597965,0.86789888,-0.19706392,0
0.81509161,0.42613053,2.915436,0.21757269,0.32340884,0.9209066,0
-1.0201182,3.7541518,2.1802692,0.21757269,0.32340884,0.9209066,0
-1.3829551,5.2241797,1.7497408,0.21757269,0.32340884,0.9209066,0
-0.99615407,2.1507766,-3.7776299,-0.21757269,-0.32340884,-0.9209066,0
0.65475392,-1.7154499,-2.8099103,-0.21757269,-0.32340884,-0.9209066,0
-0.10093117,0.2022979,3.2104616,0.21757269,0.32340884,0.9209066,0
-2.8832788,4.7025127,2.0096102,-0.45597965,0.86789888,-0.19706392,0
-2.9718411,1.2591431,-2.9977274,-0.21757269,-0.32340884,-0.9209066,0
-2.5439432,0.10637856,-2.6939883,-0.21757269,-0.32340884,-0.9209066,0
-2.0177929,3.8012421,-3.9623377,-0.45597965,0.86789888,-0.19706392,0
-2.811651,0.2291944,-2.4977779,-0.86298597,-0.3770389,0.33629888,0
3.1348598,-3.7116582,1.7721353,0.45597965,-0.86789888,0.19706392,0
2.2897401,-3.7793801,3.4293733,0.45597965,-0.86789888,0.19706392,0
-2.5690081,4.7073269,1.3036323,-0.45597965,0.86789888,-0.19706392,0
2.381249,-4.9185162,-2.0929415,-0.21757269,-0.32340884,-0.9209066,0
-3.3555245,3.7440739,-1.118783,-0.45597965,0.86789888,-0.19706392,0
-2.5391991,2.6332233,0.89662743,-0.86298597,-0.3770389,0.33629888,0
-2.6728938,0.14525843,-2.6771765,-0.21757269,-0.32340884,-0.9209066,0
-0.062684536,0.39388096,-3.381175,-0.21757269,-0.32340884,-0.9209066,0
-1.0971124,0.19341624,-3.0663817,-0.21757269,-0.32340884,-0.9209066,0
-1.0343552,0.50925028,-3.1921251,-0.21757269,-0.32340884,-0.9209066,0
3.0158894,-3.6805806,2.184289,0.45597965,-0.86789888,0.19706392,0
-1.0387473,5.4929895,1.2229879,-0.45597965,0.86789888,-0.19706392,0
-1.7460098,4.0630732,-3.4380667,-0.45597965,0.86789888,-0.19706392,0
1.2306569,-2.2308862,-2.7649596,-0.21757269,-0.32340884,-0.9209066,0
0.29825974,2.3796823,-1.026983,0.86298597,0.3770389,-0.33629888,0
1.493467,-0.67434776,-1.3839312,0.86298597,0.3770389,-0.33629888,0
-2.4258828,3.7180939,-3.3842711,-0.45597965,0.86789888,-0.19706392,0
2.6743388,-3.9143927,1.9448473,0.45597965,-0.86789888,0.19706392,0
-2.6919374,4.7818985,1.9164977,-0.45597965,0.86789888,-0.19706392,0
-0.37126648,-2.8422265,0.32106066,-0.86298597,-0.3770389,0.33629888,0
1.5594959,-5.2309399,-1.7890759,-0.21757269,-0.32340884,-0.9209066,0
-0.2674489,5.296443,0.79143977,0.86298597,0.3770389,-0.33629888,0
3.99195,-2.9242361,3.2568669,0.45597965,-0.86789888,0.19706392,0
0.55370367,-2.4447169,3.1403165,-0.86298597,-0.3770389,0.33629888,0
-1.7864634,1.5185913,1.5785822,-0.86298597,-0.3770389,0.33629888,0
-3.4944596,3.7002189,-0.3584404,-0.86298597,-0.3770389,0.33629888,0
-1.7125973,4.0430326,-3.6036396,-0.45597965,0.86789888,-0.19706392,0
-2.6662512,1.4921457,-0.7087152,-0.86298597,-0.3770389,0.33629888,0
-2.6197932,0.85464883,-1.3042226,-0.86298597,-0.3770389,0.33629888,0
0.85220397,-3.5272701,2.6926103,-0.86298597,-0.3770389,0.33629888,0
1.3291118,2.3205159,1.5519811,0.86298597,0.3770389,-0.33629888,0
2.1414833,-4.5249424,0.48885345,0.45597965,-0.86789888,0.19706392,0
0.27432942,-0.62405866,-3.1033123,-0.21757269,-0.32340884,-0.9209066,0
-2.5816221,3.5235739,-3.8806062,-0.45597965,0.86789888,-0.19706392,0
2.8019733,-4.584754,-1.3028536,0.45597965,-0.86789888,0.19706392,0
0.022993565,0.86820823,-3.4279287,0.86298597,0.3770389,-0.33629888,0
-3.1883729,3.6536665,-1.9037194,-0.45597965,0.86789888,-0.19706392,0
0.025967121,-4.7336178,-1.6014178,-0.21757269,-0.32340884,-0.9209066,0
-1.2720108,-2.6234186,-2.0358298,-0.21757269,-0.32340884,-0.9209066,0
0.95967269,-3.0191748,3.5380361,-0.86298597,-0.3770389,0.33629888,0
2.9939609,-4.5389643,-1.5454214,0.45597965,-0.86789888,0.19706392,0
-0.0085217953,-1.2783512,-2.8067081,-0.21757269,-0.32340884,-0.9209066,0
-1.6993542,0.32247198,0.46109533,-0.86298597,-0.3770389,0.33629888,0
1.2288698,1.9686784,0.90028703,0.86298597,0.3770389,-0.33629888,0
0.14786959,3.4345102,2.0165749,0.21757269,0.32340884,0.9209066,0
1.4384539,-4.8481894,0.69194078,0.45597965,-0.86789888,0.19706392,0
1.2664194,-4.8033113,-1.8700106,-0.21757269,-0.32340884,-0.9209066,0
-2.1202664,4.7758369,2.0813887,0.21757269,0.32340884,0.9209066,0
-3.2209201,2.5770121,-3.4016964,-0.21757269,-0.32340884,-0.9209066,0
-0.41933513,3.4690325,-1.6471064,0.86298597,0.3770389,-0.33629888,0
0.67144251,-5.4278207,-0.086079836,0.45597965,-0.86789888,0.19706392,0
-0.3419385,-1.8105319,1.5529962,-0.86298597,-0.3770389,0.33629888,0
-3.137795,4.0272155,-0.37558413,-0.45597965,0.86789888,-0.19706392,0
-2.490046,-0.24443412,-2.5835218,-0.21757269,-0.32340884,-0.9209066,0
-2.790719,3.317549,1.0184209,-0.86298597,-0.3770389,0.33629888,0
-0.17100206,-2.1082792,1.6578237,-0.86298597,-0.3770389,0.33629888,0
-3.534759,3.3488922,-2.444499,-0.45597965,0.86789888,-0.19706392,0
0.95179093,1.0596018,-0.82993674,0.86298597,0.3770389,-0.33629888,0
0.16437018,-1.7010102,2.9750383,-0.86298597,-0.3770389,0.33629888,0
-2.0370731,1.5027086,0.91767895,-0.86298597,-0.3770389,0.33629888,0
1.2474035,-4.7227058,1.6866534,0.45597965,-0.86789888,0.19706392,0
0.44831538,1.4375489,2.6468949,0.21757269,0.32340884,0.9209066,0
1.5303692,-2.9382162,3.9279537,0.21757269,0.32340884,0.9209066,0
-0.67399931,5.5179644,0.4890027,-0.45597965,0.86789888,-0.19706392,0
1.4318511,-4.8144102,0.85598779,0.45597965,-0.86789888,0.19706392,0
1.970032,0.39114428,1.0335637,0.86298597,0.3770389,-0.33629888,0
2.477704,-3.7713277,3.0299125,0.45597965,-0.86789888,0.19706392,0
2.6433105,-4.1511188,-2.3312411,0.86298597,0.3770389,-0.33629888,0
-3.8694148,3.1615634,-2.4951744,-0.45597965,0.86789888,-0.19706392,0
-2.8661456,3.6963463,-2.4613414,-0.45597965,0.86789888,-0.19706392,0
-0.092772245,-4.4433355,-0.75935948,-0.86298597,-0.3770389,0.33629888,0
1.3709922,-5.3627243,-1.4180508,0.45597965,-0.86789888,0.19706392,0
1.0440805,0.038897872,-1.7374642,0.86298597,0.3770389,-0.33629888,0
1.8475031,-1.1156852,-0.97023141,0.86298597,0.3770389,-0.33629888,0
-3.4984684,3.239655,-3.009567,-0.45597965,0.86789888,-0.19706392,0
-1.2527041,-1.0936048,-2.5776391,-0.21757269,-0.32340884,-0.9209066,0
0.94900703,-0.34505284,3.1546257,0.21757269,0.32340884,0.9209066,0
2.4120359,-4.4721198,0.095467567,0.45597965,-0.86789888,0.19706392,0
-2.1344607,4.626421,-0.058176041,-0.45597965,0.86789888,-0.19706392,0
1.3246181,-5.0976486,-0.14331388,0.45597965,-0.86789888,0.19706392,0
-3.2160683,3.9917426,-0.35069656,-0.45597965,0.86789888,-0.19706392,0
-3.2786345,2.4407468,-3.3402061,-0.21757269,-0.32340884,-0.9209066,0
3.0963764,-3.9398227,0.85631227,0.45597965,-0.86789888,0.19706392,0
0.89584631,0.87538588,-1.1800299,0.86298597,0.3770389,-0.33629888,0
0.45862937,2.4244101,2.2978871,0.21757269,0.32340884,0.9209066,0
1.2275791,-1.7166877,-2.9448111,-0.21757269,-0.32340884,-0.9209066,0
-1.3145161,4.0614543,-3.2800658,0.86298597,0.3770389,-0.33629888,0
0.34484577,-0.89157122,3.4892933,0.21757269,0.32340884,0.9209066,0
2.3956678,-3.5913045,3.9528742,0.21757269,0.32340884,0.9209066,0
0.62448215,-3.0539405,-2.3327005,-0.21757269,-0.32340884,-0.9209066,0
-2.6913028,1.3101141,-3.0819073,-0.21757269,-0.32340884,-0.9209066,0
1.7600143,-4.9516668,-0.50783706,0.45597965,-0.86789888,0.19706392,0
3.0520868,-2.3518043,3.3624952,0.21757269,0.32340884,0.9209066,0
2.7784543,-3.6282845,2.9640017,0.45597965,-0.86789888,0.19706392,0
0.22535014,3.76756,0.34193051,0.86298597,0.3770389,-0.33629888,0
-0.35961431,3.4005871,-1.5705923,0.86298597,0.3770389,-0.33629888,0
3.6679711,-3.4756522,1.0554628,0.86298597,0.3770389,-0.33629888,0
-1.6376297,3.0205185,-3.9315164,-0.21757269,-0.32340884,-0.9209066,0
-2.3977211,-0.35641885,-2.0921366,-0.86298597,-0.3770389,0.33629888,0
3.3173504,-3.1928799,0.472754,0.86298597,0.3770389,-0.33629888,0
-1.3851514,3.5625196,2.3338103,0.21757269,0.32340884,0.9209066,0
3.8330662,-3.266227,2.1183248,0.45597965,-0.86789888,0.19706392,0
-1.4855115,5.0852041,0.46079421,-0.45597965,0.86789888,-0.19706392,0
0.71878481,-2.2102611,3.8267941,-0.86298597,-0.3770389,0.33629888,0
-3.4298971,2.7647913,-3.4182689,-0.21757269,-0.32340884,-0.9209066,0
-2.4439993,3.8045783,-2.961462,-0.45597965,0.86789888,-0.19706392,0
4.1212273,-2.9522429,2.8053918,0.86298597,0.3770389,-0.33629888,0
-1.1722727,5.038465,-0.46984696,-0.45597965,0.86789888,-0.19706392,0
2.8545184,-1.3808882,1.3165681,0.86298597,0.3770389,-0.33629888,0
0.57837987,3.2849796,0.70680827,0.86298597,0.3770389,-0.33629888,0
1.7948389,1.0118531,2.4782646,0.21757269,0.32340884,0.9209066,0
-1.9344696,4.1606359,-2.5723159,-0.45597965,0.86789888,-0.19706392,0
4.0595484,-2.9544835,2.9672394,0.45597965,-0.86789888,0.19706392,0
3.7200084,-3.0868196,1.6249342,0.86298597,0.3770389,-0.33629888,0
-1.9720576,2.8546488,2.6002345,-0.86298597,-0.3770389,0.33629888,0
-1.5449083,3.424336,-4.0952373,-0.21757269,-0.32340884,-0.9209066,0
-3.5557008,1.7017109,-3.0152085,-0.21757269,-0.32340884,-0.9209066,0
1.6936101,1.5638163,1.6389618,0.86298597,0.3770389,-0.33629888,0
2.71141,-1.078835,1.2879786,0.86298597,0.3770389,-0.33629888,0
2.8889799,-3.8054402,-1.3132663,0.86298597,0.3770389,-0.33629888,0
-1.2105918,5.1089287,-0.07084918,-0.45597965,0.86789888,-0.19706392,0
-2.7319069,3.5521743,-3.4069059,-0.45597965,0.86789888,-0.19706392,0
2.4891062,-4.2977991,0.68487263,0.45597965,-0.86789888,0.19706392,0
0.049181223,-4.4602556,-0.41405845,-0.86298597,-0.3770389,0.33629888,0
-1.7255359,4.0773582,-3.4225268,-0.45597965,0.86789888,-0.19706392,0
-0.33636713,-4.4703865,-1.4147815,-0.86298597,-0.3770389,0.33629888,0
1.516715,-4.011291,-2.2072911,-0.21757269,-0.32340884,-0.9209066,0
3.6131897,-3.3536239,1.0516987,0.86298597,0.3770389,-0.33629888,0
-3.5383072,3.1789942,-3.1845436,-0.45597965,0.86789888,-0.19706392,0
-2.0139351,4.7074051,2.0802991,0.21757269,0.32340884,0.9209066,0
0.78379846,2.9482751,2.0370893,0.21757269,0.32340884,0.9209066,0
-3.5773275,3.0888691,-3.4911814,-0.45597965,0.86789888,-0.19706392,0
2.519424,-4.7627163,-1.4328432,0.45597965,-0.86789888,0.19706392,0
2.2030449,-4.6954823,-0.40467548,0.45597965,-0.86789888,0.19706392,0
-1.5619113,-0.29952002,0.11644948,-0.86298597,-0.3770389,0.33629888,0
-0.75587416,-0.24030042,-2.9946878,-0.21757269,-0.32340884,-0.9209066,0
-0.69182158,4.5768318,1.8137931,0.21757269,0.32340884,0.9209066,0
0.33152032,-0.49004725,-3.163887,-0.21757269,-0.32340884,-0.9209066,0
-1.6649508,-0.20476401,-0.041728139,-0.86298597,-0.3770389,0.33629888,0
0.38741088,-1.4946495,3.6910293,0.21757269,0.32340884,0.9209066,0
2.6664329,-4.0034313,1.571002,0.45597965,-0.86789888,0.19706392,0
1.6279179,-0.28110063,-0.59802711,0.86298597,0.3770389,-0.33629888,0
1.4802277,1.2726246,0.76492804,0.86298597,0.3770389,-0.33629888,0
-2.7222927,1.8341994,-0.46903396,-0.86298597,-0.3770389,0.33629888,0
-0.44358134,-3.3557887,-0.44028485,-0.86298597,-0.3770389,0.33629888,0
0.14636993,1.1711242,-2.7717168,0.86298597,0.3770389,-0.33629888,0
-2.0647798,3.4998927,-3.9989474,-0.21757269,-0.32340884,-0.9209066,0
3.2085474,-4.0778928,-0.011317253,0.45597965,-0.86789888,0.19706392,0
1.3868699,0.86435711,0.067634225,0.86298597,0.3770389,-0.33629888,0
1.3974663,0.72811556,-0.057920098,0.86298597,0.3770389,-0.33629888,0
2.3366721,-2.3209572,3.5206854,0.21757269,0.32340884,0.9209066,0
-2.1216969,-0.64009309,-1.7018628,-0.86298597,-0.3770389,0.33629888,0
-0.46125937,-2.195725,0.81494749,-0.86298597,-0.3770389,0.33629888,0
-0.37830853,1.8283761,-3.3812361,0.86298597,0.3770389,-0.33629888,0
-1.6745224,3.6844056,-4.1559477,-0.21757269,-0.32340884,-0.9209066,0
0.54131091,-3.6942921,1.7075639,-0.86298597,-0.3770389,0.33629888,0
-0.34225178,-2.6822636,-2.234828,-0.21757269,-0.32340884,-0.9209066,0
0.5193975,2.8396161,0.056135654,0.86298597,0.3770389,-0.33629888,0
1.6577151,-1.5388409,-1.9316686,0.86298597,0.3770389,-0.33629888,0
-0.91446167,3.6186948,-2.7498715,0.86298597,0.3770389,-0.33629888,0
-0.51098871,-1.7177477,-2.5336862,-0.21757269,-0.32340884,-0.9209066,0
0.85775542,1.6093524,2.4898264,0.21757269,0.32340884,0.9209066,0
1.4521575,-4.9433265,-1.864722,-0.21757269,-0.32340884,-0.9209066,0
1.9484663,-4.0236125,-2.3049695,-0.21757269,-0.32340884,-0.9209066,0
3.0683045,-2.0510917,1.1137772,0.86298597,0.3770389,-0.33629888,0
-2.5393744,1.335587,-0.55865717,-0.86298597,-0.3770389,0.33629888,0
-1.7452638,4.9378786,0.41298056,-0.45597965,0.86789888,-0.19706392,0
3.4355562,-1.9942731,3.1463373,0.21757269,0.32340884,0.9209066,0
2.8943655,-3.9996061,1.060442,0.45597965,-0.86789888,0.19706392,0
-0.78301573,-0.72008395,-2.8197823,-0.21757269,-0.32340884,-0.9209066,0
3.6681554,-1.9709454,2.7429266,0.86298597,0.3770389,-0.33629888,0
2.465313,-4.2330861,1.0249329,0.45597965,-0.86789888,0.19706392,0
-0.46231747,4.6352692,-0.44988704,0.86298597,0.3770389,-0.33629888,0
-1.7845445,4.0406609,-3.4476085,-0.45597965,0.86789888,-0.19706392,0
-0.25765678,2.7516298,-2.0365293,0.86298597,0.3770389,-0.33629888,0
3.1047816,-3.9696667,0.70542622,0.45597965,-0.86789888,0.19706392,0
-3.5081859,2.596139,-3.3405442,-0.21757269,-0.32340884,-0.9209066,0
-1.2392597,4.7075562,-1.7722189,-0.45597965,0.86789888,-0.19706392,0
1.1294553,2.1489809,0.84732211,0.86298597,0.3770389,-0.33629888,0
3.2243481,-3.9737148,0.4109354,0.45597965,-0.86789888,0.19706392,0
2.6933668,-4.0674782,-2.1090176,0.86298597,0.3770389,-0.33629888,0
-2.242969,-0.67284846,-2.0497854,-0.86298597,-0.3770389,0.33629888,0
0.15231085,-3.3043904,-2.1331913,-0.21757269,-0.32340884,-0.9209066,0
0.60709023,-1.783197,-2.774858,-0.21757269,-0.32340884,-0.9209066,0
-1.6103592,2.0351787,2.6096559,-0.86298597,-0.3770389,0.33629888,0
-0.152421,-3.8940697,-1.854109,-0.21757269,-0.32340884,-0.9209066,0
0.84573352,-4.8972492,1.1400647,-0.86298597,-0.3770389,0.33629888,0
-1.0885046,-1.0208547,0.52255285,-0.86298597,-0.3770389,0.33629888,0
0.18662453,-3.4038818,-2.1063583,-0.21757269,-0.32340884,-0.9209066,0
-2.7711542,0.38308668,-2.2213225,-0.86298597,-0.3770389,0.33629888,0
-0.47087574,1.9309406,-3.5037858,0.86298597,0.3770389,-0.33629888,0
-3.610724,3.2468193,-2.7182708,-0.45597965,0.86789888,-0.19706392,0
-1.9861186,4.6627154,-0.24157238,-0.45597965,0.86789888,-0.19706392,0
-3.3244779,3.3211465,-3.0532563,-0.45597965,0.86789888,-0.19706392,0
-0.42954588,2.0820742,2.62795,0.21757269,0.32340884,0.9209066,0
-2.8470192,3.4256051,-3.6979814,-0.45597965,0.86789888,-0.19706392,0
-3.1163478,3.1500459,-0.0049791336,-0.86298597,-0.3770389,0.33629888,0
1.1562359,-1.1655848,-2.8000553,0.86298597,0.3770389,-0.33629888,0
2.4717193,-3.1513853,3.7804134,0.21757269,0.32340884,0.9209066,0
-0.91805911,5.327199,0.21356463,-0.45597965,0.86789888,-0.19706392,0
2.5949485,-4.7740145,-1.6573536,0.45597965,-0.86789888,0.19706392,0
0.4291172,-2.6893935,-2.4145675,-0.21757269,-0.32340884,-0.9209066,0
-3.4303908,3.0115864,-0.96608639,-0.86298597,-0.3770389,0.33629888,0
3.6146405,-3.6416278,0.97041368,0.45597965,-0.86789888,0.19706392,0
-0.58180189,1.0151672,-3.4767153,-0.21757269,-0.32340884,-0.9209066,0
-0.025328636,2.775913,2.288784,0.21757269,0.32340884,0.9209066,0
2.9239504,-0.83025169,2.1120813,0.86298597,0.3770389,-0.33629888,0
2.6217568,-4.3684521,0.06677103,0.45597965,-0.86789888,0.19706392,0
-0.71721983,4.7592473,1.7557321,0.21757269,0.32340884,0.9209066,0
-2.2254639,1.1078161,-0.0084867477,-0.86298597,-0.3770389,0.33629888,0
-3.1961293,3.7388949,-1.5104132,-0.45597965,0.86789888,-0.19706392,0
3.1897118,-0.88223624,2.7357771,0.86298597,0.3770389,-0.33629888,0
1.917709,-4.5688372,0.81331944,0.45597965,-0.86789888,0.19706392,0
-1.6709864,4.4225383,-2.0285225,-0.45597965,0.86789888,-0.19706392,0
2.6183405,0.17619038,2.4562125,0.86298597,0.3770389,-0.33629888,0
1.2673702,-5.1313438,-0.15924859,0.45597965,-0.86789888,0.19706392,0
-2.5759742,-0.23193359,-2.5676105,-0.21757269,-0.32340884,-0.9209066,0
1.1957583,-5.3084679,-1.6759133,-0.21757269,-0.32340884,-0.9209066,0
2.9862535,-3.7711005,1.8541994,0.45597965,-0.86789888,0.19706392,0
0.29401326,3.7229695,0.46813607,0.86298597,0.3770389,-0.33629888,0
0.94682992,-2.5903718,3.9436631,0.21757269,0.32340884,0.9209066,0
2.6071007,-1.9929353,3.3415976,0.21757269,0.32340884,0.9209066,0
0.10128474,0.32396799,-3.3953621,-0.21757269,-0.32340884,-0.9209066,0
-0.57876348,4.8425651,-0.516294,0.86298597,0.3770389,-0.33629888,0
-3.5557241,2.8477306,-1.4714131,-0.86298597,-0.3770389,0.33629888,0
3.2564354,-3.7487097,1.3276467,0.45597965,-0.86789888,0.19706392,0
0.4105252,-3.2008164,1.9252073,-0.86298597,-0.3770389,0.33629888,0
-3.0832109,1.178484,-2.9430892,-0.21757269,-0.32340884,-0.9209066,0
0.74204969,0.90763438,2.7635958,0.21757269,0.32340884,0.9209066,0
0.47623444,-1.5221521,3.6797023,0.21757269,0.32340884,0.9209066,0
2.6147113,-0.63829064,2.8640685,0.21757269,0.32340884,0.9209066,0
1.4000139,-5.2560124,-1.0152273,0.45597965,-0.86789888,0.19706392,0
-3.0444372,3.7290123,-1.9049325,-0.45597965,0.86789888,-0.19706392,0
2.356185,0.16028833,2.6446984,0.21757269,0.32340884,0.9209066,0
-3.2031918,3.3830156,-3.0614166,-0.45597965,0.86789888,-0.19706392,0
1.8395938,-0.93492877,3.151372,0.21757269,0.32340884,0.9209066,0
-3.2788267,3.9706638,-0.29831696,-0.45597965,0.86789888,-0.19706392,0
-1.6052945,2.0242331,-3.5892751,-0.21757269,-0.32340884,-0.9209066,0
2.6473958,-0.27246594,2.7278738,0.21757269,0.32340884,0.9209066,0
1.9246035,-2.0732388,-1.8459357,0.86298597,0.3770389,-0.33629888,0
0.83157992,-1.1987908,-3.0331306,-0.21757269,-0.32340884,-0.9209066,0
0.19045877,-0.28757814,-3.2016642,-0.21757269,-0.32340884,-0.9209066,0
-1.6698717,2.0820415,-3.5943198,-0.21757269,-0.32340884,-0.9209066,0
-3.9061856,3.08023,-2.7682953,-0.45597965,0.86789888,-0.19706392,0
1.3266289,-4.0496359,3.3243992,-0.86298597,-0.3770389,0.33629888,0
-1.1061503,-0.84025371,0.6797511,-0.86298597,-0.3770389,0.33629888,0
3.3841915,-4.0200682,-0.16306877,0.45597965,-0.86789888,0.19706392,0
0.41156673,-2.442287,-2.497201,-0.21757269,-0.32340884,-0.9209066,0
-2.3563309,3.9459012,-2.5419078,-0.45597965,0.86789888,-0.19706392,0
-1.5481303,0.16531396,0.67295867,-0.86298597,-0.3770389,0.33629888,0
0.18328619,1.1259351,-2.727649,0.86298597,0.3770389,-0.33629888,0
-0.55578327,1.9200377,-3.7338936,0.86298597,0.3770389,-0.33629888,0
3.2242069,-3.0373316,0.40812778,0.86298597,0.3770389,-0.33629888,0
3.3869085,-3.5612636,1.8512907,0.45597965,-0.86789888,0.19706392,0
2.1312075,-4.8665781,-2.0521061,-0.21757269,-0.32340884,-0.9209066,0
-1.5085326,-0.26824331,0.28849161,-0.86298597,-0.3770389,0.33629888,0
-3.748487,2.167892,-3.1333768,-0.21757269,-0.32340884,-0.9209066,0
1.8323014,-0.33448315,2.9422274,0.21757269,0.32340884,0.9209066,0
-1.5266443,0.11786366,0.67489606,-0.86298597,-0.3770389,0.33629888,0
2.44912,-3.5515189,-2.1573222,0.86298597,0.3770389,-0.33629888,0
-1.2352676,5.270812,0.69920754,-0.45597965,0.86789888,-0.19706392,0
2.8273728,-0.41098428,2.7339988,0.21757269,0.32340884,0.9209066,0
-2.7139881,1.3025111,-3.073878,-0.21757269,-0.32340884,-0.9209066,0
-2.5368233,3.9912176,-1.9246919,-0.45597965,0.86789888,-0.19706392,0
-1.4287438,3.058342,2.5211687,0.21757269,0.32340884,0.9209066,0
-1.8919715,4.2531657,-2.2631333,-0.45597965,0.86789888,-0.19706392,0
-0.26018786,-3.501323,-0.13283873,-0.86298597,-0.3770389,0.33629888,0
0.73266125,0.58643907,-1.9227338,0.86298597,0.3770389,-0.33629888,0
3.3721554,-3.7757442,0.94082117,0.45597965,-0.86789888,0.19706392,0
1.4444213,-3.5090766,-2.3665814,-0.21757269,-0.32340884,-0.9209066,0
-1.0067778,4.9353943,-1.3067186,-0.45597965,0.86789888,-0.19706392,0
3.3219452,-3.9653273,0.22205019,0.45597965,-0.86789888,0.19706392,0
0.90103626,-5.4650021,-0.7810812,0.45597965,-0.86789888,0.19706392,0
3.6320014,-3.2322826,2.7330599,0.45597965,-0.86789888,0.19706392,0
-3.1017921,4.4140854,1.2449422,-0.45597965,0.86789888,-0.19706392,0
0.02305007,-1.8475993,2.448046,-0.86298597,-0.3770389,0.33629888,0
-2.7565663,3.8260624,-2.1436043,-0.45597965,0.86789888,-0.19706392,0
-2.5624795,2.7257006,0.94056749,-0.86298597,-0.3770389,0.33629888,0
2.47717,-4.3233185,0.60010052,0.45597965,-0.86789888,0.19706392,0
-0.75752139,2.0428915,2.7191978,0.21757269,0.32340884,0.9209066,0
1.535543,-3.3519621,-2.4432864,-0.21757269,-0.32340884,-0.9209066,0
2.4923513,-3.6758397,3.4165661,0.45597965,-0.86789888,0.19706392,0
-2.8347445,0.70408511,-2.8351893,-0.21757269,-0.32340884,-0.9209066,0
-1.7297032,-0.12608731,-2.8047214,-0.21757269,-0.32340884,-0.9209066,0
0.91823816,-0.92534614,-3.1414461,0.86298597,0.3770389,-0.33629888,0
3.0204237,-1.0183506,2.9016869,0.21757269,0.32340884,0.9209066,0
-0.42734432,-0.93608516,-2.8279562,-0.21757269,-0.32340884,-0.9209066,0
3.315279,-1.1862082,2.7172019,0.86298597,0.3770389,-0.33629888,0
-0.20539498,0.73233187,-3.4663174,-0.21757269,-0.32340884,-0.9209066,0
-2.3091557,4.0438867,-2.2195213,-0.45597965,0.86789888,-0.19706392,0
-1.6461192,-0.19969273,-2.7986197,-0.21757269,-0.32340884,-0.9209066,0
0.63651991,0.043726251,-2.7779038,0.86298597,0.3770389,-0.33629888,0
1.6798427,0.19008064,0.063480496,0.86298597,0.3770389,-0.33629888,0
0.88358814,-2.9286761,3.4442554,-0.86298597,-0.3770389,0.33629888,0
0.21174002,-3.9079139,0.62234282,-0.86298597,-0.3770389,0.33629888,0
-0.32145452,-3.7780325,-1.8549237,-0.21757269,-0.32340884,-0.9209066,0
-2.5080719,4.399436,-0.1933651,-0.45597965,0.86789888,-0.19706392,0
-2.3541474,-0.43079996,-2.55018,-0.21757269,-0.32340884,-0.9209066,0
0.75828099,3.1365199,1.9770092,0.21757269,0.32340884,0.9209066,0
-3.3404436,3.1084619,-3.5600953,-0.21757269,-0.32340884,-0.9209066,0
-1.1681025,2.0651703,2.8083773,0.21757269,0.32340884,0.9209066,0
1.3018703,-5.0427003,0.15132284,0.45597965,-0.86789888,0.19706392,0
1.7291993,-0.99653077,-1.1402246,0.86298597,0.3770389,-0.33629888,0
1.8872054,-2.263756,-2.1555004,0.86298597,0.3770389,-0.33629888,0
-0.095435858,2.2708075,2.4827332,0.21757269,0.32340884,0.9209066,0
2.0728071,-4.6150842,0.25076246,0.45597965,-0.86789888,0.19706392,0
-1.4142166,4.6164918,-1.7684526,-0.45597965,0.86789888,-0.19706392,0
3.8660152,-2.1990745,2.994894,0.86298597,0.3770389,-0.33629888,0
0.44911051,-2.8715014,2.3934307,-0.86298597,-0.3770389,0.33629888,0
-0.82022005,2.8985631,-3.3154058,0.86298597,0.3770389,-0.33629888,0
-1.8743627,2.3684952,2.3058839,-0.86298597,-0.3770389,0.33629888,0
1.8851767,-4.7251949,-2.0436311,-0.21757269,-0.32340884,-0.9209066,0
-1.051271,-2.0867438,-0.57691449,-0.86298597,-0.3770389,0.33629888,0
-0.98129201,-1.1802087,-2.6113486,-0.21757269,-0.32340884,-0.9209066,0
0.46734715,-5.4564595,-0.45787644,-0.86298597,-0.3770389,0.33629888,0
-0.34326267,-1.0212892,2.4344516,-0.86298597,-0.3770389,0.33629888,0
0.14197564,3.5692999,-0.094297647,0.86298597,0.3770389,-0.33629888,0
-3.4042859,3.4466136,-2.3160172,-0.45597965,0.86789888,-0.19706392,0
-0.33660483,-0.66829693,-2.9434376,-0.21757269,-0.32340884,-0.9209066,0
-2.3009069,-0.006062746,-1.4509006,-0.86298597,-0.3770389,0.33629888,0
-3.0160625,3.3718431,-3.5436125,-0.45597965,0.86789888,-0.19706392,0
-3.1824298,4.0007873,-0.38869762,-0.45597965,0.86789888,-0.19706392,0
3.4113173,-2.0080609,2.0422363,0.86298597,0.3770389,-0.33629888,0
-0.50207424,3.3234754,2.2091238,0.21757269,0.32340884,0.9209066,0
-3.5251253,3.6307545,-1.2254262,-0.45597965,0.86789888,-0.19706392,0
-2.2949328,4.932641,1.6617749,-0.45597965,0.86789888,-0.19706392,0
1.0638413,-1.1748452,-3.0475345,0.86298597,0.3770389,-0.33629888,0
-0.4216423,0.37328857,-3.2891364,-0.21757269,-0.32340884,-0.9209066,0
-3.4544339,3.4468198,-0.53982449,-0.86298597,-0.3770389,0.33629888,0
3.7229536,-3.116025,3.0346246,0.45597965,-0.86789888,0.19706392,0
-0.21439433,-3.7619305,-0.30750465,-0.86298597,-0.3770389,0.33629888,0
-2.6075242,1.0366092,-1.0687356,-0.86298597,-0.3770389,0.33629888,0
0.65229011,1.5979469,2.5423746,0.21757269,0.32340884,0.9209066,0
-0.58322287,5.593154,0.61010504,-0.45597965,0.86789888,-0.19706392,0
-0.44719541,-0.65073371,2.5831923,-0.86298597,-0.3770389,0.33629888,0
3.0978851,-3.5292239,2.6611576,0.45597965,-0.86789888,0.19706392,0
-1.0462297,-2.3879464,-0.90166873,-0.86298597,-0.3770389,0.33629888,0
0.82629859,0.85716987,-1.3789213,0.86298597,0.3770389,-0.33629888,0
1.9021912,-4.746089,-2.0403132,-0.21757269,-0.32340884,-0.9209066,0
-3.0763369,4.1180849,1.1830046,-0.86298597,-0.3770389,0.33629888,0
0.51510322,-2.2558103,3.2530546,-0.86298597,-0.3770389,0.33629888,0
-2.254077,4.4156756,-0.70955229,-0.45597965,0.86789888,-0.19706392,0
-1.1417447,3.2883973,-3.7034192,0.86298597,0.3770389,-0.33629888,0
0.28143573,3.4558723,0.13640654,0.86298597,0.3770389,-0.33629888,0
-2.3616469,-0.14860344,-1.7665745,-0.86298597,-0.3770389,0.33629888,0
0.903368,0.65452719,2.8143704,0.21757269,0.32340884,0.9209066,0
-2.6318164,4.2378545,-0.61866617,-0.45597965,0.86789888,-0.19706392,0
0.25922537,-5.6810455,-1.2437377,-0.86298597,-0.3770389,0.33629888,0
1.5047975,-1.5916281,-2.3832579,0.86298597,0.3770389,-0.33629888,0
2.7895436,-4.5813246,-1.2589886,0.45597965,-0.86789888,0.19706392,0
-1.2162985,4.6395283,-2.1249533,-0.45597965,0.86789888,-0.19706392,0
1.324136,1.7835991,0.93725199,0.86298597,0.3770389,-0.33629888,0
2.4649606,-3.6748137,3.4844627,0.45597965,-0.86789888,0.19706392,0
-0.33660913,-2.317554,-2.3642418,-0.21757269,-0.32340884,-0.9209066,0
2.0986412,-4.6197667,0.17036486,0.45597965,-0.86789888,0.19706392,0
1.060029,-4.877368,1.4390595,0.45597965,-0.86789888,0.19706392,0
-0.65047336,0.47992992,3.2427955,0.21757269,0.32340884,0.9209066,0
2.6759338,-3.6972861,2.8973272,0.45597965,-0.86789888,0.19706392,0
0.71866298,2.3081946,2.2772651,0.21757269,0.32340884,0.9209066,0
-1.2000093,3.1877639,2.4216771,0.21757269,0.32340884,0.9209066,0
3.0985382,-1.5521928,3.0707088,0.21757269,0.32340884,0.9209066,0
-3.4791713,2.6128607,-3.353272,-0.21757269,-0.32340884,-0.9209066,0
-2.2574997,3.7283058,2.481689,0.21757269,0.32340884,0.9209066,0
-2.8926775,3.4304814,-3.5708573,-0.45597965,0.86789888,-0.19706392,0
-2.6879981,4.6945477,1.5226765,-0.45597965,0.86789888,-0.19706392,0
1.8153406,-0.97360802,-0.89347529,0.86298597,0.3770389,-0.33629888,0
2.4617925,-4.5021157,-0.15176773,0.45597965,-0.86789888,0.19706392,0
-0.90395641,5.5236316,1.0460503,-0.45597965,0.86789888,-0.19706392,0
-2.066761,4.4974709,-0.78273964,-0.45597965,0.86789888,-0.19706392,0
0.88439512,-3.9527638,-2.078454,-0.21757269,-0.32340884,-0.9209066,0
-1.6411841,4.7605295,-0.60891771,-0.45597965,0.86789888,-0.19706392,0
0.57540321,-4.6798611,-1.7501059,-0.21757269,-0.32340884,-0.9209066,0
-1.2412262,4.6908531,-1.8412309,-0.45597965,0.86789888,-0.19706392,0
3.6825407,-3.360321,2.0522165,0.45597965,-0.86789888,0.19706392,0
-0.9435395,4.6941433,-1.618758,0.86298597,0.3770389,-0.33629888,0
2.8671639,-3.8509309,1.778172,0.45597965,-0.86789888,0.19706392,0
-2.3098974,4.7890215,1.0638771,-0.45597965,0.86789888,-0.19706392,0
-2.5403187,4.2440944,-0.80289793,-0.45597965,0.86789888,-0.19706392,0
3.4465513,-3.543618,1.7909966,0.45597965,-0.86789888,0.19706392,0
-2.6694295,4.2062936,-0.67063189,-0.45597965,0.86789888,-0.19706392,0
-0.71982169,-3.3020294,-1.0888809,-0.86298597,-0.3770389,0.33629888,0
-2.6207395,4.8132405,2.1864944,0.21757269,0.32340884,0.9209066,0
1.8067491,0.080996394,0.26683903,0.86298597,0.3770389,-0.33629888,0
-0.25107765,-3.8559868,-0.5070895,-0.86298597,-0.3770389,0.33629888,0
1.6123726,-4.904767,0.04033947,0.45597965,-0.86789888,0.19706392,0
1.7584987,-1.4271872,-1.5478665,0.86298597,0.3770389,-0.33629888,0
2.0585144,-1.9998589,3.4736378,0.21757269,0.32340884,0.9209066,0
0.64958262,2.863296,2.0986423,0.21757269,0.32340884,0.9209066,0
1.1749163,-1.3681883,-2.9792671,0.86298597,0.3770389,-0.33629888,0
-0.6527729,4.8111734,1.7222703,0.21757269,0.32340884,0.9209066,0
2.2268171,-3.2275875,3.8650348,0.21757269,0.32340884,0.9209066,0
-2.4504254,2.8995388,-3.6969991,-0.21757269,-0.32340884,-0.9209066,0
-0.23527145,-0.28547204,-3.1018209,-0.21757269,-0.32340884,-0.9209066,0
-2.9060628,0.93867064,-1.9446268,-0.86298597,-0.3770389,0.33629888,0
2.9561379,-4.5500288,-1.5066328,0.45597965,-0.86789888,0.19706392,0
-2.2930179,3.7815781,-3.4121079,-0.45597965,0.86789888,-0.19706392,0
-0.74271059,4.1000538,1.9932535,0.21757269,0.32340884,0.9209066,0
1.6346855,-4.890605,-1.9263608,-0.21757269,-0.32340884,-0.9209066,0
-1.7135544,3.9600916,-3.9667106,-0.45597965,0.86789888,-0.19706392,0
-0.66833377,-2.8260202,-2.1073029,-0.21757269,-0.32340884,-0.9209066,0
3.1752474,-4.2990909,-0.90845728,0.45597965,-0.86789888,0.19706392,0
-0.49139118,-0.12732556,3.0565953,-0.86298597,-0.3770389,0.33629888,0
-0.65109539,2.6091478,2.4951928,0.21757269,0.32340884,0.9209066,0
-2.5769141,2.9954362,1.2059386,-0.86298597,-0.3770389,0.33629888,0
0.4434371,-5.7530422,-0.99082828,0.45597965,-0.86789888,0.19706392,0
2.519906,-4.0512013,-2.4302881,-0.21757269,-0.32340884,-0.9209066,0
-1.5750215,-0.93332887,-0.6277827,-0.86298597,-0.3770389,0.33629888,0
-3.2545547,2.4992795,-3.3664515,-0.21757269,-0.32340884,-0.9209066,0
-0.3835206,5.4000745,0.60977173,0.86298597,0.3770389,-0.33629888,0
-0.34593725,3.5788529,2.08255,0.21757269,0.32340884,0.9209066,0
1.2550755,-4.0509901,3.1392655,-0.86298597,-0.3770389,0.33629888,0
-0.93020439,5.3344369,1.604053,0.21757269,0.32340884,0.9209066,0
2.2242169,-4.115572,2.100347,0.45597965,-0.86789888,0.19706392,0
2.0785575,-0.3405441,0.49172676,0.86298597,0.3770389,-0.33629888,0
2.2733443,-4.5669346,-0.0011963844,0.45597965,-0.86789888,0.19706392,0
-2.6353884,3.6255486,-3.3070872,-0.45597965,0.86789888,-0.19706392,0
-0.20140266,1.8653135,-2.8858612,0.86298597,0.3770389,-0.33629888,0
1.7746582,-5.1647687,-1.4802532,0.45597965,-0.86789888,0.19706392,0
-2.5191541,3.5584042,-3.8717508,-0.45597965,0.86789888,-0.19706392,0
1.0459847,-5.55791,-1.5256534,0.45597965,-0.86789888,0.19706392,0
-2.5953851,3.9672384,-1.8947942,-0.45597965,0.86789888,-0.19706392,0
0.10256791,3.6249678,-0.13301122,0.86298597,0.3770389,-0.33629888,0
-0.57140017,-1.0014492,-2.770967,-0.21757269,-0.32340884,-0.9209066,0
-0.21049929,-4.7655373,-1.5343406,-0.21757269,-0.32340884,-0.9209066,0
1.2152648,0.81393898,2.6846988,0.21757269,0.32340884,0.9209066,0
-0.10124516,1.223398,2.8519406,0.21757269,0.32340884,0.9209066,0
-0.60956168,1.2351377,-3.5474074,-0.21757269,-0.32340884,-0.9209066,0
-0.49129152,1.9865834,-3.4937923,0.86298597,0.3770389,-0.33629888,0
-2.9583085,0.90225792,-2.8755918,-0.21757269,-0.32340884,-0.9209066,0
-2.2156453,2.3011858,1.3546464,-0.86298597,-0.3770389,0.33629888,0
2.9395368,-3.1261852,-0.42198968,0.86298597,0.3770389,-0.33629888,0
0.59987402,3.9527059,1.7278018,0.21757269,0.32340884,0.9209066,0
1.3551476,-1.2705097,3.383678,0.21757269,0.32340884,0.9209066,0
0.35618973,-1.9955454,3.1370561,-0.86298597,-0.3770389,0.33629888,0
0.23128414,1.8299341,2.5603709,0.21757269,0.32340884,0.9209066,0
-0.3317627,-2.3358428,0.99016023,-0.86298597,-0.3770389,0.33629888,0
3.1117153,-3.3330853,3.4929807,0.45597965,-0.86789888,0.19706392,0
1.6966412,1.0887088,2.4744742,0.21757269,0.32340884,0.9209066,0
-1.5760028,5.0695286,0.60113978,-0.45597965,0.86789888,-0.19706392,0
3.3594522,-2.0033705,1.9144011,0.86298597,0.3770389,-0.33629888,0
1.2993687,0.70477617,-0.33581781,0.86298597,0.3770389,-0.33629888,0
-1.9798763,4.8748198,0.67812371,-0.45597965,0.86789888,-0.19706392,0
-0.97491837,5.4153271,0.73325801,-0.45597965,0.86789888,-0.19706392,0
3.1778326,-3.2985342,-0.0037202835,0.86298597,0.3770389,-0.33629888,0
1.3375306,1.9031904,2.2732832,0.21757269,0.32340884,0.9209066,0
0.37283301,-4.6806421,0.16938925,-0.86298597,-0.3770389,0.33629888,0
4.1140742,-2.8556123,3.2765203,0.45597965,-0.86789888,0.19706392,0
2.9566641,-4.1616578,0.20259237,0.45597965,-0.86789888,0.19706392,0
-0.87268949,5.0823951,-0.96956682,-0.45597965,0.86789888,-0.19706392,0
1.5299932,-4.6084108,1.5361524,0.45597965,-0.86789888,0.19706392,0
1.6969188,-1.2347059,-1.4900885,0.86298597,0.3770389,-0.33629888,0
2.4048111,-3.3503976,-2.0455391,0.86298597,0.3770389,-0.33629888,0
-0.74663591,5.2843366,-0.3718574,-0.45597965,0.86789888,-0.19706392,0
-0.58687019,-1.519534,-2.5853682,-0.21757269,-0.32340884,-0.9209066,0
1.1901195,1.5961831,0.38322875,0.86298597,0.3770389,-0.33629888,0
-0.75788212,4.2375808,1.9485406,0.21757269,0.32340884,0.9209066,0
-0.77211761,4.2117062,1.9609907,0.21757269,0.32340884,0.9209066,0
0.16605091,-1.8555642,2.8060741,-0.86298597,-0.3770389,0.33629888,0
-0.091588259,4.2177377,0.03333807,0.86298597,0.3770389,-0.33629888,0
1.0276132,-1.1705378,-3.0893674,-0.21757269,-0.32340884,-0.9209066,0
0.054123402,2.6157274,2.3262677,0.21757269,0.32340884,0.9209066,0
-0.16074228,3.5105767,2.0627737,0.21757269,0.32340884,0.9209066,0
0.032069683,0.40077245,3.1093376,0.21757269,0.32340884,0.9209066,0
2.9385293,-2.9182532,3.588253,0.21757269,0.32340884,0.9209066,0
-0.73682404,1.4477712,-3.5920146,-0.21757269,-0.32340884,-0.9209066,0
2.8206844,-2.8245471,-0.38880134,0.86298597,0.3770389,-0.33629888,0
-0.14658117,1.1173464,2.8998952,0.21757269,0.32340884,0.9209066,0
2.2053452,0.40222168,2.5953722,0.21757269,0.32340884,0.9209066,0
0.70866507,-3.5799761,2.2651806,-0.86298597,-0.3770389,0.33629888,0
2.9547045,-4.3756814,-0.73546505,0.45597965,-0.86789888,0.19706392,0
-2.1751263,4.5875988,-0.13505745,-0.45597965,0.86789888,-0.19706392,0
-2.0349452,2.3769968,-3.6116517,-0.21757269,-0.32340884,-0.9209066,0
0.24959481,1.4734821,-2.1678429,0.86298597,0.3770389,-0.33629888,0
2.1845055,-4.181303,-2.3053572,-0.21757269,-0.32340884,-0.9209066,0
-0.015851259,-3.1433628,0.89548445,-0.86298597,-0.3770389,0.33629888,0
-2.7063217,3.979063,-1.5860257,-0.45597965,0.86789888,-0.19706392,0
1.0601275,-2.0632882,-2.7835281,-0.21757269,-0.32340884,-0.9209066,0
0.24729753,0.082786798,3.1701598,0.21757269,0.32340884,0.9209066,0
-1.0433009,5.1283379,-0.37245655,-0.45597965,0.86789888,-0.19706392,0
-2.003191,4.4036627,-1.3429773,-0.45597965,0.86789888,-0.19706392,0
2.4581058,-3.3640318,3.8583081,0.21757269,0.32340884,0.9209066,0
2.5559783,-4.196249,0.97738123,0.45597965,-0.86789888,0.19706392,0
0.12779212,1.2647681,-2.7144024,0.86298597,0.3770389,-0.33629888,0
-2.9476545,1.5540074,-1.3614759,-0.86298597,-0.3770389,0.33629888,0
1.9337391,-0.99334383,3.1496439,0.21757269,0.32340884,0.9209066,0
-2.8871703,3.8075995,-1.9227178,-0.45597965,0.86789888,-0.19706392,0
-0.20760363,2.6418302,-2.0311878,0.86298597,0.3770389,-0.33629888,0
-1.8953282,-0.95172501,-2.4756393,-0.21757269,-0.32340884,-0.9209066,0
2.9441607,-1.0932661,1.8690662,0.86298597,0.3770389,-0.33629888,0
-2.5522873,0.25547147,-2.7443762,-0.21757269,-0.32340884,-0.9209066,0
-1.1278145,-2.7780142,-1.548347,-0.86298597,-0.3770389,0.33629888,0
-2.5545013,3.0849819,1.3638451,-0.86298597,-0.3770389,0.33629888,0
1.9162335,-5.0389757,-1.9407732,-0.21757269,-0.32340884,-0.9209066,0
-1.5766656,4.7909527,-0.62421656,-0.45597965,0.86789888,-0.19706392,0
-2.2457709,4.942091,1.5896409,-0.45597965,0.86789888,-0.19706392,0
-1.0559784,4.8233595,-1.6862922,-0.45597965,0.86789888,-0.19706392,0
2.8429549,-3.959991,1.3538704,0.45597965,-0.86789888,0.19706392,0
2.432394,-4.8764739,-1.7324736,0.45597965,-0.86789888,0.19706392,0
4.0292783,-2.951941,3.0484772,0.45597965,-0.86789888,0.19706392,0
-2.8340831,4.7333355,2.0315232,-0.45597965,0.86789888,-0.19706392,0
-1.2381763,4.58321,-2.3223658,-0.45597965,0.86789888,-0.19706392,0
0.23636818,3.6731708,0.2643801,0.86298597,0.3770389,-0.33629888,0
0.73410606,-3.9144547,-2.0564003,-0.21757269,-0.32340884,-0.9209066,0
0.93564415,-5.5970058,-1.4425232,0.45597965,-0.86789888,0.19706392,0
-0.96965313,1.0416375,-3.3943779,-0.21757269,-0.32340884,-0.9209066,0
3.5244102,-3.4015443,2.2365565,0.45597965,-0.86789888,0.19706392,0
-1.6916921,2.7399144,2.6951199,0.21757269,0.32340884,0.9209066,0
-2.2635252,2.9598413,1.9702265,-0.86298597,-0.3770389,0.33629888,0
1.3925097,-4.9081583,0.53413868,0.45597965,-0.86789888,0.19706392,0
-0.3365891,1.8558391,-3.2433887,0.86298597,0.3770389,-0.33629888,0
1.2226229,-4.5684624,-1.9421391,-0.21757269,-0.32340884,-0.9209066,0
-3.4553475,3.4975424,-1.9735675,-0.45597965,0.86789888,-0.19706392,0
2.3132052,0.27813864,1.7874948,0.86298597,0.3770389,-0.33629888,0
-0.16979313,-1.8874574,-2.5546973,-0.21757269,-0.32340884,-0.9209066,0
0.15429449,2.4789004,2.3506529,0.21757269,0.32340884,0.9209066,0
1.7821293,-5.2165756,-1.7257032,0.45597965,-0.86789888,0.19706392,0
0.77886057,-0.10664046,3.1110973,0.21757269,0.32340884,0.9209066,0
-1.5776653,4.7686348,-0.72019506,-0.45597965,0.86789888,-0.19706392,0
-1.6019416,1.167666,1.6586516,-0.86298597,-0.3770389,0.33629888,0
2.310811,-3.6639166,3.8891373,0.45597965,-0.86789888,0.19706392,0
-0.5430181,-3.5219662,-0.88176095,-0.86298597,-0.3770389,0.33629888,0
-1.4796987,-0.89067161,-0.33534718,-0.86298597,-0.3770389,0.33629888,0
1.6801897,-0.87042314,-1.1246049,0.86298597,0.3770389,-0.33629888,0
-2.3468156,2.2345614,-3.4879479,-0.21757269,-0.32340884,-0.9209066,0
0.52428818,-2.8329144,-2.3866501,-0.21757269,-0.32340884,-0.9209066,0
-0.92013192,-3.1649144,-1.4491773,-0.86298597,-0.3770389,0.33629888,0
-2.7850046,3.9261878,1.7154558,-0.86298597,-0.3770389,0.33629888,0
-2.4234815,4.1891785,-1.3151009,-0.45597965,0.86789888,-0.19706392,0
2.7026072,-0.70084453,1.6891699,0.86298597,0.3770389,-0.33629888,0
3.5114081,-3.1450839,3.3961298,0.45597965,-0.86789888,0.19706392,0
2.1493576,0.61538839,1.7451462,0.86298597,0.3770389,-0.33629888,0
-1.5134408,2.8823864,2.6029723,0.21757269,0.32340884,0.9209066,0
-1.0281451,5.1384735,-0.36288619,-0.45597965,0.86789888,-0.19706392,0
1.2859473,2.2922423,1.4095163,0.86298597,0.3770389,-0.33629888,0
3.4226286,-3.8630705,0.43943453,0.45597965,-0.86789888,0.19706392,0
-0.99017668,5.2344389,-0.028095007,-0.45597965,0.86789888,-0.19706392,0
-3.6293764,3.6575143,-0.75253153,-0.86298597,-0.3770389,0.33629888,0
-0.48579931,-1.6033915,-2.5797977,-0.21757269,-0.32340884,-0.9209066,0
-1.0826859,5.4487934,1.1300087,-0.45597965,0.86789888,-0.19706392,0
0.71992791,-1.8562449,3.7394557,0.21757269,0.32340884,0.9209066,0
0.61562777,-4.5635247,-1.8004647,-0.21757269,-0.32340884,-0.9209066,0
-0.64167142,5.0486937,-0.44662476,0.86298597,0.3770389,-0.33629888,0
0.79514337,2.7422612,2.1067581,0.21757269,0.32340884,0.9209066,0
-2.1404471,-1.100399,-2.2660468,-0.86298597,-0.3770389,0.33629888,0
1.1581843,-4.1832256,2.7423754,-0.86298597,-0.3770389,0.33629888,0
0.36335254,3.3859286,0.26819849,0.86298597,0.3770389,-0.33629888,0
1.8260789,-2.8533363,-2.6870379,-0.21757269,-0.32340884,-0.9209066,0
-3.3011863,3.5662289,-2.027771,-0.45597965,0.86789888,-0.19706392,0
-0.31473088,1.3328779,-3.6513889,-0.21757269,-0.32340884,-0.9209066,0
-0.15650153,0.81923407,-3.5083876,-0.21757269,-0.32340884,-0.9209066,0
-2.0670092,4.2266026,-1.9751091,-0.45597965,0.86789888,-0.19706392,0
2.913516,-4.4114757,-1.9297554,0.86298597,0.3770389,-0.33629888,0
0.2217294,-3.1792517,1.4649106,-0.86298597,-0.3770389,0.33629888,0
-1.9471736,4.0198879,-3.1627955,-0.45597965,0.86789888,-0.19706392,0
-3.580055,3.5964575,-1.2493758,-0.45597965,0.86789888,-0.19706392,0
2.0028691,-4.2767577,1.9026301,0.45597965,-0.86789888,0.19706392,0
-2.8640013,0.29688621,-2.5562229,-0.86298597,-0.3770389,0.33629888,0
-0.96590221,4.4397383,-1.9613683,0.86298597,0.3770389,-0.33629888,0
-2.1256788,3.5267522,-3.9939921,-0.21757269,-0.32340884,-0.9209066,0
3.2227316,-4.2137895,-0.64264679,0.45597965,-0.86789888,0.19706392,0
0.95542669,-0.17584884,3.0936871,0.21757269,0.32340884,0.9209066,0
-1.7168789,-1.9371356,-2.1172168,-0.86298597,-0.3770389,0.33629888,0
3.1332324,-3.1386242,3.6196432,0.21757269,0.32340884,0.9209066,0
2.715148,-2.3611815,-0.14012241,0.86298597,0.3770389,-0.33629888,0
0.49224257,0.088791355,-3.0976133,0.86298597,0.3770389,-0.33629888,0
1.6573136,-2.0010223,3.5688338,0.21757269,0.32340884,0.9209066,0
1.8159246,-3.0904632,-2.6013634,-0.21757269,-0.32340884,-0.9209066,0
-2.2918336,4.6029396,0.20255089,-0.45597965,0.86789888,-0.19706392,0
-3.6515055,3.1810441,-2.9135909,-0.45597965,0.86789888,-0.19706392,0
2.8712311,-4.5063925,-1.1179895,0.45597965,-0.86789888,0.19706392,0
-2.7319851,0.35325193,-2.7362599,-0.21757269,-0.32340884,-0.9209066,0
-2.9104795,0.39455295,-2.5659938,-0.86298597,-0.3770389,0.33629888,0
3.3562019,-1.9417404,3.1466372,0.21757269,0.32340884,0.9209066,0
