3.2618005,-2.2141521,-4.0612893,0.12774272,-0.51247936,-0.84914482,0
3.9037192,-0.63222009,-3.1754174,0.821105,0.53486031,-0.19927661,0
2.0505233,0.56134295,-4.6278763,-0.55629891,0.67178077,-0.48912385,0
-0.13295066,0.60566425,-2.0836568,-0.55629891,0.67178077,-0.48912385,0
-0.82236952,2.2593927,4.4009657,-0.12774272,0.51247936,0.84914482,0
3.5399563,-1.6966922,-4.3317442,0.12774272,-0.51247936,-0.84914482,0
0.6911701,-2.0302413,-0.50779402,0.55629891,-0.67178077,0.48912385,0
-3.1311462,-1.9033411,-0.44672072,-0.821105,-0.53486031,0.19927661,0
-0.54526591,-2.6293027,-4.3834591,0.12774272,-0.51247936,-0.84914482,0
2.8214338,-0.81901944,-1.2670863,0.55629891,-0.67178077,0.48912385,0
-0.45565695,-0.86958158,-3.7427881,-0.55629891,0.67178077,-0.48912385,0
-0.13335419,4.3901768,3.1145916,-0.55629891,0.67178077,-0.48912385,0
-0.9959178,1.0690974,5.0932298,-0.12774272,0.51247936,0.84914482,0
-3.1658897,-1.5325102,0.40543666,-0.821105,-0.53486031,0.19927661,0
-3.6295278,1.8510073,3.6035323,-0.55629891,0.67178077,-0.48912385,0
-3.3751843,0.0091008842,3.6807497,-0.821105,-0.53486031,0.19927661,0
1.9866676,-1.053108,-4.9538345,0.12774272,-0.51247936,-0.84914482,0
2.6116824,0.56276345,0.86926395,0.55629891,-0.67178077,0.48912385,0
-0.78098774,3.5993054,2.7649579,-0.55629891,0.67178077,-0.48912385,0
-2.7237024,-1.2163142,3.0761104,-0.821105,-0.53486031,0.19927661,0
1.1388572,-2.4753861,-1.6283443,0.55629891,-0.67178077,0.48912385,0
-3.4155695,2.0156648,3.5863361,-0.55629891,0.67178077,-0.48912385,0
3.9333789,-0.22656906,-1.9644356,0.821105,0.53486031,-0.19927661,0
2.8875272,0.88693392,1.0007629,0.55629891,-0.67178077,0.48912385,0
2.0290353,3.6324725,0.54655671,0.821105,0.53486031,-0.19927661,0
4.032474,-0.83754325,-2.669889,0.55629891,-0.67178077,0.48912385,0
1.0015717,2.1651106,4.7322545,-0.12774272,0.51247936,0.84914482,0
0.75014204,2.5454826,4.4648666,-0.12774272,0.51247936,0.84914482,0
2.2768884,2.2409701,-2.1669865,0.821105,0.53486031,-0.19927661,0
-2.0328848,-4.0675983,-1.730299,-0.821105,-0.53486031,0.19927661,0
1.0724151,3.1763096,4.1326294,-0.12774272,0.51247936,0.84914482,0
-2.6167927,-1.062452,3.9295919,-0.821105,-0.53486031,0.19927661,0
-3.9010034,0.63332373,2.2398796,-0.55629891,0.67178077,-0.48912385,0
1.9590881,3.5157208,-0.055017114,0.821105,0.53486031,-0.19927661,0
0.46023995,2.3399758,4.5452828,-0.12774272,0.51247936,0.84914482,0
1.8173187,4.1775947,1.1373065,0.821105,0.53486031,-0.19927661,0
-2.9141135,-2.0539179,0.043399036,-0.821105,-0.53486031,0.19927661,0
-3.8338442,1.7499112,4.2554121,-0.12774272,0.51247936,0.84914482,0
2.924016,0.5867852,-3.9403937,0.821105,0.53486031,-0.19927661,0
2.1885362,4.1679258,2.6409297,0.821105,0.53486031,-0.19927661,0
-0.40642512,-3.7418723,-3.6911097,0.12774272,-0.51247936,-0.84914482,0
-1.3518835,1.9300152,4.5200939,-0.12774272,0.51247936,0.84914482,0
-1.0758038,2.0259738,4.5037131,-0.12774272,0.51247936,0.84914482,0
0.82660091,3.0571797,4.1675472,-0.12774272,0.51247936,0.84914482,0
1.8241619,-1.8429025,-1.5390904,0.55629891,-0.67178077,0.48912385,0
-2.1875801,-0.83575988,-1.7265546,-0.55629891,0.67178077,-0.48912385,0
-1.682014,-4.8966646,-3.18606,0.12774272,-0.51247936,-0.84914482,0
2.8084893,-2.1665876,-4.1581893,0.12774272,-0.51247936,-0.84914482,0
-1.2250104,-1.6512241,-3.9413109,-0.55629891,0.67178077,-0.48912385,0
-3.1999967,-1.4801548,0.40542138,-0.821105,-0.53486031,0.19927661,0
-3.3258352,-0.35565314,2.9050872,-0.821105,-0.53486031,0.19927661,0
-0.24416196,-3.9074278,-2.0222032,0.55629891,-0.67178077,0.48912385,0
1.3499103,3.7598732,3.8221807,-0.12774272,0.51247936,0.84914482,0
2.7272089,1.1301687,-3.2928774,0.821105,0.53486031,-0.19927661,0
-3.7595735,0.48873737,3.3842528,-0.821105,-0.53486031,0.19927661,0
-2.4781046,-3.3179688,-4.2586031,0.12774272,-0.51247936,-0.84914482,0
0.7942543,-0.26421928,-4.3329325,-0.55629891,0.67178077,-0.48912385,0
2.734956,-2.4089007,-4.0230093,0.12774272,-0.51247936,-0.84914482,0
1.1990457,4.5878763,3.2997651,-0.12774272,0.51247936,0.84914482,0
-2.2931411,1.3694514,4.7168083,-0.12774272,0.51247936,0.84914482,0
-0.33452445,1.2908416,5.0589004,-0.12774272,0.51247936,0.84914482,0
2.9015937,0.77852547,-3.5181513,0.821105,0.53486031,-0.19927661,0
-1.9220109,-4.6660013,-2.8795719,-0.821105,-0.53486031,0.19927661,0
0.79213715,0.61776048,-3.1191804,-0.55629891,0.67178077,-0.48912385,0
-0.0073250532,-2.9889877,-4.0854535,0.12774272,-0.51247936,-0.84914482,0
-2.1033521,0.65104896,0.21968794,-0.55629891,0.67178077,-0.48912385,0
1.3801079,-1.9912452,-1.2377903,0.55629891,-0.67178077,0.48912385,0
3.5760677,-0.67213988,-4.6326261,0.821105,0.53486031,-0.19927661,0
0.76916265,-3.7921152,-3.4839344,0.12774272,-0.51247936,-0.84914482,0
3.081269,0.27870816,-4.1193242,0.821105,0.53486031,-0.19927661,0
2.2839091,-1.6164,-4.5691571,0.12774272,-0.51247936,-0.84914482,0
3.964047,-1.4220378,-4.4337053,0.12774272,-0.51247936,-0.84914482,0
-3.2346179,-1.2588,0.85688394,-0.821105,-0.53486031,0.19927661,0
-2.7754245,1.8577907,4.3495302,-0.12774272,0.51247936,0.84914482,0
-0.48735178,-0.88251621,2.4089112,0.55629891,-0.67178077,0.48912385,0
-3.8290572,0.93757087,4.3026218,-0.821105,-0.53486031,0.19927661,0
-3.1412694,-1.5229723,0.53248209,-0.821105,-0.53486031,0.19927661,0
0.014775276,-1.6211698,-4.9076409,0.12774272,-0.51247936,-0.84914482,0
1.3411727,-0.88448203,0.32656181,0.55629891,-0.67178077,0.48912385,0
3.1153171,2.6644378,2.4242885,0.821105,0.53486031,-0.19927661,0
-2.6230056,-1.8988323,1.6591381,-0.821105,-0.53486031,0.19927661,0
0.83049726,-2.6224668,-4.1806192,0.12774272,-0.51247936,-0.84914482,0
-1.1671724,3.0629642,2.4675493,-0.55629891,0.67178077,-0.48912385,0
-2.1984506,-4.2137198,-2.8046927,-0.821105,-0.53486031,0.19927661,0
1.542392,1.8458879,-2.2857175,-0.55629891,0.67178077,-0.48912385,0
0.092274308,2.5783052,0.36948466,-0.55629891,0.67178077,-0.48912385,0
-2.9351046,-3.561626,-4.089797,-0.821105,-0.53486031,0.19927661,0
2.1227021,-1.6741012,-4.5585856,0.12774272,-0.51247936,-0.84914482,0
3.2803075,-0.031258948,-4.131155,0.821105,0.53486031,-0.19927661,0
-1.1067815,-5.1947813,-2.9196024,0.12774272,-0.51247936,-0.84914482,0
-2.6240516,-1.4883504,2.7565675,-0.821105,-0.53486031,0.19927661,0
-2.2843728,-3.5586028,-4.0842309,0.12774272,-0.51247936,-0.84914482,0
-3.6949744,-0.041319966,2.2277503,-0.821105,-0.53486031,0.19927661,0
-2.0544434,-3.5318704,-0.38123214,-0.821105,-0.53486031,0.19927661,0
1.196867,0.54322338,-3.6818671,-0.55629891,0.67178077,-0.48912385,0
-0.60104442,1.354592,4.9803309,-0.12774272,0.51247936,0.84914482,0
-2.7273257,-0.31630796,5.4768047,-0.821105,-0.53486031,0.19927661,0
1.7934678,4.0168648,0.60762978,0.821105,0.53486031,-0.19927661,0
-3.0649226,1.9863397,4.2283969,-0.12774272,0.51247936,0.84914482,0
1.7839394,-0.98691779,-5.0242782,0.12774272,-0.51247936,-0.84914482,0
-2.7984576,-3.6511297,-3.7669821,-0.821105,-0.53486031,0.19927661,0
2.826122,0.51530641,-4.5356078,0.821105,0.53486031,-0.19927661,0
1.5194455,-1.3448322,-4.8480587,0.12774272,-0.51247936,-0.84914482,0
-3.0163941,-2.9886653,-2.886914,-0.821105,-0.53486031,0.19927661,0
2.560329,3.7800317,3.1317639,0.821105,0.53486031,-0.19927661,0
-2.6091464,-2.8430576,-0.81806397,-0.821105,-0.53486031,0.19927661,0
-3.3184955,-2.1367669,-1.8451962,-0.821105,-0.53486031,0.19927661,0
-2.4407973,-3.0814896,-0.76434898,-0.821105,-0.53486031,0.19927661,0
0.4122535,3.3083019,3.9536562,-0.12774272,0.51247936,0.84914482,0
1.6028852,1.1484962,-3.3123424,-0.55629891,0.67178077,-0.48912385,0
-3.4408484,-1.0379777,-0.57889879,-0.55629891,0.67178077,-0.48912385,0
1.2562261,3.0294046,-0.33476406,-0.55629891,0.67178077,-0.48912385,0
-1.8974891,-3.680583,-0.13365805,-0.821105,-0.53486031,0.19927661,0
0.7197963,3.5606041,3.847652,-0.12774272,0.51247936,0.84914482,0
1.7210994,0.30392861,-4.6067524,-0.55629891,0.67178077,-0.48912385,0
-1.0808022,-4.0604982,-3.6002617,0.12774272,-0.51247936,-0.84914482,0
-0.13718504,-0.54376769,2.475903,0.55629891,-0.67178077,0.48912385,0
-2.5110157,-3.0376241,-0.93594337,-0.821105,-0.53486031,0.19927661,0
-1.531486,3.4458003,3.4076982,-0.55629891,0.67178077,-0.48912385,0
2.5657506,3.5178692,2.4504578,0.821105,0.53486031,-0.19927661,0
2.4311516,3.3547835,4.22932,-0.12774272,0.51247936,0.84914482,0
2.1579437,3.7306166,1.3411336,0.821105,0.53486031,-0.19927661,0
-2.7464135,-1.2090604,3.0019987,-0.821105,-0.53486031,0.19927661,0
-2.8237851,-2.0220706,0.50106847,-0.821105,-0.53486031,0.19927661,0
0.53875363,-2.2055278,-0.57519031,0.55629891,-0.67178077,0.48912385,0
-0.6662401,-2.0048411,1.0709251,0.55629891,-0.67178077,0.48912385,0
2.2085493,3.9957614,2.2613015,0.821105,0.53486031,-0.19927661,0
3.4715104,0.90156603,-0.83960748,0.821105,0.53486031,-0.19927661,0
0.50155509,1.260681,4.2277365,0.55629891,-0.67178077,0.48912385,0
2.2359304,-0.066456914,0.43242598,0.55629891,-0.67178077,0.48912385,0
-1.1398563,-3.4909272,-3.9528952,0.12774272,-0.51247936,-0.84914482,0
-3.2808106,0.66084611,1.5723113,-0.55629891,0.67178077,-0.48912385,0
-2.5885961,-2.3590572,0.56567127,-0.821105,-0.53486031,0.19927661,0
1.3347666,-3.5704708,-3.5326142,0.12774272,-0.51247936,-0.84914482,0
0.99248242,1.4955287,-2.1414812,-0.55629891,0.67178077,-0.48912385,0
-1.0355134,-1.50915,2.1717143,0.55629891,-0.67178077,0.48912385,0
3.0621588,-0.13298529,-5.3030562,0.821105,0.53486031,-0.19927661,0
3.2283409,2.5498405,2.5824132,0.821105,0.53486031,-0.19927661,0
1.751847,4.6050482,3.3725629,-0.12774272,0.51247936,0.84914482,0
4.1665173,-1.163368,-3.5181859,0.821105,0.53486031,-0.19927661,0
2.889822,-0.85722554,-1.3973402,0.55629891,-0.67178077,0.48912385,0
0.83026022,-2.1937463,-4.4393973,0.12774272,-0.51247936,-0.84914482,0
-3.0208857,-3.2639554,-3.6443028,-0.821105,-0.53486031,0.19927661,0
-1.5676484,1.8140082,4.5576482,-0.12774272,0.51247936,0.84914482,0
-2.2276313,-3.926414,-3.8537097,0.12774272,-0.51247936,-0.84914482,0
2.1612961,2.8730576,-0.9467485,0.821105,0.53486031,-0.19927661,0
-2.9638803,-0.78815669,3.2356536,-0.821105,-0.53486031,0.19927661,0
-3.5629902,0.54636157,1.7360075,-0.55629891,0.67178077,-0.48912385,0
-2.3975983,-1.7942078,2.8687263,-0.821105,-0.53486031,0.19927661,0
3.0141926,2.2104523,0.7891109,0.821105,0.53486031,-0.19927661,0
1.9593534,4.3942327,3.5310121,-0.12774272,0.51247936,0.84914482,0
0.72909725,-0.88562655,-5.1122904,-0.55629891,0.67178077,-0.48912385,0
-3.7925076,1.7870708,4.2392049,-0.12774272,0.51247936,0.84914482,0
-2.030019,-3.2037287,0.60014212,-0.821105,-0.53486031,0.19927661,0
2.4803069,-0.16728842,0.016002268,0.55629891,-0.67178077,0.48912385,0
3.6242042,1.195756,0.57916546,0.821105,0.53486031,-0.19927661,0
-1.9469388,-3.9994006,-1.1931212,-0.821105,-0.53486031,0.19927661,0
0.079622865,3.6725793,3.6837664,-0.12774272,0.51247936,0.84914482,0
0.26872212,-3.0567422,-1.4371624,0.55629891,-0.67178077,0.48912385,0
2.0761042,4.3058267,2.5477886,0.821105,0.53486031,-0.19927661,0
-1.7630813,2.6399274,2.5642843,-0.55629891,0.67178077,-0.48912385,0
2.5556936,0.34554732,0.63460922,0.55629891,-0.67178077,0.48912385,0
1.3591907,-0.010893583,1.5058879,0.55629891,-0.67178077,0.48912385,0
0.68712622,-0.8131333,1.1684263,0.55629891,-0.67178077,0.48912385,0
3.7645454,0.17482531,-1.5827566,0.821105,0.53486031,-0.19927661,0
-0.043193161,3.4926703,3.773869,-0.12774272,0.51247936,0.84914482,0
-1.7000151,-4.4888482,-1.4893727,-0.821105,-0.53486031,0.19927661,0
-2.8586252,0.029611766,5.4403644,-0.12774272,0.51247936,0.84914482,0
1.2751887,0.53024411,-3.7887712,-0.55629891,0.67178077,-0.48912385,0
-1.9407125,1.6356546,4.6091676,-0.12774272,0.51247936,0.84914482,0
-3.6520317,0.66981494,4.3133855,-0.821105,-0.53486031,0.19927661,0
-2.4640129,-1.4521686,3.5131052,-0.821105,-0.53486031,0.19927661,0
1.0981542,-1.6037356,-0.38489366,0.55629891,-0.67178077,0.48912385,0
1.8865807,4.3406086,1.8602285,0.821105,0.53486031,-0.19927661,0
-0.88632417,-0.59659636,3.2553704,0.55629891,-0.67178077,0.48912385,0
2.1895521,-1.2777665,-4.7877259,0.12774272,-0.51247936,-0.84914482,0
3.2991085,-0.24421859,-1.0209106,0.55629891,-0.67178077,0.48912385,0
-3.1795533,-1.965982,-0.8143065,-0.821105,-0.53486031,0.19927661,0
1.9902408,-0.65409839,-5.1941094,0.12774272,-0.51247936,-0.84914482,0
3.2286839,1.2099416,-1.0124725,0.821105,0.53486031,-0.19927661,0
-1.7802975,2.2432704,2.0390816,-0.55629891,0.67178077,-0.48912385,0
-1.6887665,-4.8600149,-3.2091951,0.12774272,-0.51247936,-0.84914482,0
-0.71991062,-3.3953979,-0.77787566,0.55629891,-0.67178077,0.48912385,0
3.6792881,0.72130656,-0.46729168,0.821105,0.53486031,-0.19927661,0
-3.5408289,-0.32128632,2.1114602,-0.821105,-0.53486031,0.19927661,0
1.6729012,4.0571146,3.6913772,-0.12774272,0.51247936,0.84914482,0
2.5877717,-0.9855051,-4.9042053,0.12774272,-0.51247936,-0.84914482,0
1.8863478,3.4878204,-0.42182016,-0.55629891,0.67178077,-0.48912385,0
3.325882,-0.65741253,-4.991178,0.12774272,-0.51247936,-0.84914482,0
-2.3323264,-2.2741652,-3.5374889,-0.55629891,0.67178077,-0.48912385,0
2.8243554,0.39212608,0.39302307,0.55629891,-0.67178077,0.48912385,0
0.74995077,-0.82855189,1.0757971,0.55629891,-0.67178077,0.48912385,0
-2.4953077,-1.5497792,3.1221695,-0.821105,-0.53486031,0.19927661,0
1.8507611,-2.2758601,-4.2363195,0.12774272,-0.51247936,-0.84914482,0
-3.7621715,0.71143597,3.971271,-0.821105,-0.53486031,0.19927661,0
1.4247242,1.3002011,3.2320602,0.55629891,-0.67178077,0.48912385,0
-0.49328923,2.0653608,4.567575,-0.12774272,0.51247936,0.84914482,0
-2.910249,-1.1456028,2.4972465,-0.821105,-0.53486031,0.19927661,0
-2.3690898,0.90005982,4.9886727,-0.12774272,0.51247936,0.84914482,0
2.3859785,1.9441001,3.0231442,0.55629891,-0.67178077,0.48912385,0
-2.3131416,-1.9189142,2.8820107,-0.821105,-0.53486031,0.19927661,0
3.979363,-0.64520931,-2.8985972,0.821105,0.53486031,-0.19927661,0
1.9718633,-2.8679357,-3.1148953,0.55629891,-0.67178077,0.48912385,0
1.3685331,-2.7916751,-3.9975562,0.12774272,-0.51247936,-0.84914482,0
4.2768755,-1.5500193,-4.1012378,0.821105,0.53486031,-0.19927661,0
-3.4363275,0.45735037,1.4696981,-0.55629891,0.67178077,-0.48912385,0
0.8164196,0.069906473,-3.8992407,-0.55629891,0.67178077,-0.48912385,0
-2.8468692,-0.87981844,3.4717669,-0.821105,-0.53486031,0.19927661,0
0.65773785,-3.8993809,-3.4359598,0.12774272,-0.51247936,-0.84914482,0
-1.3664923,2.3129466,1.6641414,-0.55629891,0.67178077,-0.48912385,0
2.8474658,2.7920964,1.6632624,0.821105,0.53486031,-0.19927661,0
0.30572349,-3.2686949,-3.8695507,0.12774272,-0.51247936,-0.84914482,0
-0.13422698,3.6399925,3.6712627,-0.12774272,0.51247936,0.84914482,0
0.68236428,2.4313636,4.5235438,-0.12774272,0.51247936,0.84914482,0
2.1320772,3.810575,1.4491613,0.821105,0.53486031,-0.19927661,0
2.3097205,2.2236335,3.4937968,0.55629891,-0.67178077,0.48912385,0
-0.85211384,-1.550876,1.9058185,0.55629891,-0.67178077,0.48912385,0
-2.0519643,2.174228,4.2673888,-0.12774272,0.51247936,0.84914482,0
-1.8930125,-1.5606934,3.0761881,0.55629891,-0.67178077,0.48912385,0
0.15755433,-1.8658991,-4.738461,0.12774272,-0.51247936,-0.84914482,0
2.8899488,3.100786,2.6668367,0.821105,0.53486031,-0.19927661,0
1.464635,-1.2323718,-4.9241776,0.12774272,-0.51247936,-0.84914482,0
0.54380465,4.3035612,2.2254729,-0.55629891,0.67178077,-0.48912385,0
-3.7521834,-0.66944373,0.3061341,-0.821105,-0.53486031,0.19927661,0
3.5026693,-1.6832935,-4.3454394,0.12774272,-0.51247936,-0.84914482,0
-2.5341072,-1.7115381,2.5281377,-0.821105,-0.53486031,0.19927661,0
-0.020013809,0.73882699,4.1042032,0.55629891,-0.67178077,0.48912385,0
-0.43114269,-3.6752865,-1.4907117,0.55629891,-0.67178077,0.48912385,0
1.0270053,0.80066693,-3.1350942,-0.55629891,0.67178077,-0.48912385,0
2.1347275,3.7407486,1.2726662,0.821105,0.53486031,-0.19927661,0
-0.67966801,1.3994915,-0.37158269,-0.55629891,0.67178077,-0.48912385,0
-0.69572204,3.2491517,3.8226748,-0.12774272,0.51247936,0.84914482,0
-0.16898334,-4.0682759,-2.3286209,0.55629891,-0.67178077,0.48912385,0
-2.2087538,-2.2704487,-3.6729279,-0.55629891,0.67178077,-0.48912385,0
-1.5284839,-5.2665386,-2.8699193,-0.821105,-0.53486031,0.19927661,0
2.4088118,3.6210003,2.0806084,0.821105,0.53486031,-0.19927661,0
-1.9054322,-3.8699074,-0.6745348,-0.821105,-0.53486031,0.19927661,0
1.7687054,4.1933026,3.6235986,-0.12774272,0.51247936,0.84914482,0
-1.8117429,-1.1141317,-2.5363348,-0.55629891,0.67178077,-0.48912385,0
-1.5896187,1.8922089,4.5071464,-0.12774272,0.51247936,0.84914482,0
1.7461778,-3.0696459,-3.1352515,0.55629891,-0.67178077,0.48912385,0
-0.18599409,2.0971391,0.025118589,-0.55629891,0.67178077,-0.48912385,0
3.8661616,-1.5384805,-4.3781552,0.12774272,-0.51247936,-0.84914482,0
2.9635959,0.042745829,-5.237514,0.821105,0.53486031,-0.19927661,0
-2.6927238,-0.48749524,5.1599116,-0.821105,-0.53486031,0.19927661,0
-0.57151592,2.8462234,4.0845375,-0.12774272,0.51247936,0.84914482,0
3.5577717,0.4224546,-1.7701141,0.821105,0.53486031,-0.19927661,0
3.4838593,-0.76745027,-1.9496608,0.55629891,-0.67178077,0.48912385,0
-0.89938724,-3.6423845,-3.8253112,0.12774272,-0.51247936,-0.84914482,0
-2.8160434,-0.67024815,4.1612701,-0.821105,-0.53486031,0.19927661,0
2.4158635,2.118855,-1.9221087,0.821105,0.53486031,-0.19927661,0
-3.0315835,-3.2855921,-3.7464542,-0.821105,-0.53486031,0.19927661,0
-0.083341002,-4.5076737,-3.029511,0.55629891,-0.67178077,0.48912385,0
1.2034541,-2.5612128,-1.8196902,0.55629891,-0.67178077,0.48912385,0
3.364975,-1.4443786,-2.7441678,0.55629891,-0.67178077,0.48912385,0
-2.6008461,0.95390987,1.201467,-0.55629891,0.67178077,-0.48912385,0
0.20637713,-2.7219641,-4.2144608,0.12774272,-0.51247936,-0.84914482,0
-2.0227749,-3.3791435,0.15917563,-0.821105,-0.53486031,0.19927661,0
3.355845,1.6169362,0.60386109,0.821105,0.53486031,-0.19927661,0
2.2710845,2.2332201,-2.2117033,0.821105,0.53486031,-0.19927661,0
2.3620849,0.33148658,0.83549672,0.55629891,-0.67178077,0.48912385,0
-2.942812,-1.3570635,1.7955103,-0.821105,-0.53486031,0.19927661,0
3.1498551,2.8016438,2.9348638,0.821105,0.53486031,-0.19927661,0
-2.5558882,-1.0082413,-1.5445564,-0.55629891,0.67178077,-0.48912385,0
-0.9347105,-0.77146029,-3.0631793,-0.55629891,0.67178077,-0.48912385,0
-2.6083789,-2.3864133,0.41073546,-0.821105,-0.53486031,0.19927661,0
-3.7969759,0.6114893,3.5596042,-0.821105,-0.53486031,0.19927661,0
-1.3350434,-0.69545889,3.6299345,0.55629891,-0.67178077,0.48912385,0
-1.0515743,1.8333385,4.6236181,-0.12774272,0.51247936,0.84914482,0
-3.7939925,-0.013035059,1.8956687,-0.821105,-0.53486031,0.19927661,0
1.9241769,-0.37297976,0.36600521,0.55629891,-0.67178077,0.48912385,0
2.4566782,-2.7011714,-3.437253,0.55629891,-0.67178077,0.48912385,0
2.7204547,-2.6755114,-3.8642855,0.12774272,-0.51247936,-0.84914482,0
3.8044405,-0.5389334,-3.3341084,0.821105,0.53486031,-0.19927661,0
-1.8894343,-2.4288456,1.8797663,0.55629891,-0.67178077,0.48912385,0
-0.21102308,-2.113668,-4.6443748,0.12774272,-0.51247936,-0.84914482,0
3.0421753,1.3689387,-1.35422,0.821105,0.53486031,-0.19927661,0
-1.5555587,-4.3119698,-3.5199146,0.12774272,-0.51247936,-0.84914482,0
1.425508,5.3703232,2.7241735,0.821105,0.53486031,-0.19927661,0
-0.23393546,-1.0030427,-4.1782608,-0.55629891,0.67178077,-0.48912385,0
0.66039091,-3.4280643,-3.7200117,0.12774272,-0.51247936,-0.84914482,0
3.09869,0.24806857,-0.11684155,0.55629891,-0.67178077,0.48912385,0
-1.6898003,-4.4198933,-1.262207,-0.821105,-0.53486031,0.19927661,0
-2.7939427,-0.28329164,5.2909312,-0.821105,-0.53486031,0.19927661,0
-1.9314088,-2.7154803,-4.5399752,0.12774272,-0.51247936,-0.84914482,0
0.34133315,1.5095541,-1.3816415,-0.55629891,0.67178077,-0.48912385,0
-0.65813643,4.0560737,3.2525768,-0.55629891,0.67178077,-0.48912385,0
-1.5244436,3.2862067,3.6756411,-0.12774272,0.51247936,0.84914482,0
2.7089534,0.59049118,-4.816597,0.821105,0.53486031,-0.19927661,0
-1.8247496,0.96736026,0.33725661,-0.55629891,0.67178077,-0.48912385,0
0.43515193,-4.1094756,-3.0723133,0.55629891,-0.67178077,0.48912385,0
1.9569443,2.1581836,3.8051314,0.55629891,-0.67178077,0.48912385,0
2.0322952,4.2470479,2.2095156,0.821105,0.53486031,-0.19927661,0
2.6100101,-2.1696415,-4.1862054,0.12774272,-0.51247936,-0.84914482,0
0.71801555,-4.0076756,-3.3615332,0.12774272,-0.51247936,-0.84914482,0
2.7261438,2.6852207,0.87650883,0.821105,0.53486031,-0.19927661,0
3.770612,0.13479042,-1.6652137,0.821105,0.53486031,-0.19927661,0
-0.25471902,3.0828862,1.4571431,-0.55629891,0.67178077,-0.48912385,0
-3.9846489,1.1583787,3.056143,-0.55629891,0.67178077,-0.48912385,0
-1.095614,-0.83011031,-2.9607294,-0.55629891,0.67178077,-0.48912385,0
3.396678,1.4002663,0.19056803,0.821105,0.53486031,-0.19927661,0
-1.328969,-3.425508,-0.1265254,0.55629891,-0.67178077,0.48912385,0
-2.5427194,-1.8536777,2.1111455,-0.821105,-0.53486031,0.19927661,0
1.4524816,-1.648546,-4.6748338,0.12774272,-0.51247936,-0.84914482,0
-0.93736851,2.4298556,1.3366504,-0.55629891,0.67178077,-0.48912385,0
0.56212562,-2.3935297,-0.85998082,0.55629891,-0.67178077,0.48912385,0
3.6529412,-0.16262776,-2.9483428,0.821105,0.53486031,-0.19927661,0
-3.8729355,1.1660212,2.939584,-0.55629891,0.67178077,-0.48912385,0
0.044301331,0.81838977,4.1403298,0.55629891,-0.67178077,0.48912385,0
1.5047696,4.6247644,3.323494,-0.12774272,0.51247936,0.84914482,0
2.5457175,0.95240343,-4.5178242,0.821105,0.53486031,-0.19927661,0
2.6192782,1.1715485,-3.6265316,0.821105,0.53486031,-0.19927661,0
-3.4702098,2.2492816,4.0087352,-0.12774272,0.51247936,0.84914482,0
-3.6639392,0.26016426,1.4577465,-0.55629891,0.67178077,-0.48912385,0
0.24048901,3.9988942,3.5110269,-0.12774272,0.51247936,0.84914482,0
0.28814334,-3.1913128,-3.9188962,0.12774272,-0.51247936,-0.84914482,0
-2.2865453,-3.0748761,-0.11101472,-0.821105,-0.53486031,0.19927661,0
-1.3080697,2.3953266,4.2458587,-0.12774272,0.51247936,0.84914482,0
2.4164855,2.1862452,3.3210187,0.55629891,-0.67178077,0.48912385,0
-0.74282622,-4.3882227,-3.3516283,0.12774272,-0.51247936,-0.84914482,0
1.6321625,1.4219859,3.1633973,0.55629891,-0.67178077,0.48912385,0
1.932564,2.4044824,4.1711354,0.55629891,-0.67178077,0.48912385,0
-0.3604269,-4.1484318,-2.2209749,0.55629891,-0.67178077,0.48912385,0
-1.9244093,-1.7752624,-3.3162158,-0.55629891,0.67178077,-0.48912385,0
2.0779805,-2.8218479,-3.8726201,0.12774272,-0.51247936,-0.84914482,0
0.69468975,4.0907421,3.5239234,-0.12774272,0.51247936,0.84914482,0
-1.5980035,-2.5729597,-4.5758333,0.12774272,-0.51247936,-0.84914482,0
1.499896,2.185704,-1.7706692,-0.55629891,0.67178077,-0.48912385,0
-1.5537071,2.5916526,4.0904183,-0.12774272,0.51247936,0.84914482,0
-2.3396356,-2.6194513,0.89259708,-0.821105,-0.53486031,0.19927661,0
0.0063640848,-1.9861434,-4.6886358,0.12774272,-0.51247936,-0.84914482,0
-1.0024042,0.85753894,5.2199345,-0.12774272,0.51247936,0.84914482,0
-0.8493638,-2.5300381,-4.4891148,0.12774272,-0.51247936,-0.84914482,0
-0.21944737,-2.8426685,-4.2056723,0.12774272,-0.51247936,-0.84914482,0
-2.3986726,-3.1402926,-4.3538842,0.12774272,-0.51247936,-0.84914482,0
-2.6535907,0.18802994,5.3755999,-0.12774272,0.51247936,0.84914482,0
-2.1369107,-4.2360282,-2.6109967,-0.821105,-0.53486031,0.19927661,0
-3.380337,0.46567759,4.884975,-0.821105,-0.53486031,0.19927661,0
1.7164638,1.9615052,-2.3249025,-0.55629891,0.67178077,-0.48912385,0
-3.2852418,1.8330264,4.2877812,-0.12774272,0.51247936,0.84914482,0
2.0767798,3.4144988,0.15824044,0.821105,0.53486031,-0.19927661,0
3.0867805,3.2671213,3.9243121,0.821105,0.53486031,-0.19927661,0
0.96448708,0.96475983,-2.8386188,-0.55629891,0.67178077,-0.48912385,0
-2.8308091,-1.3047793,2.3973417,-0.821105,-0.53486031,0.19927661,0
2.2513707,-2.3666468,-4.1212611,0.12774272,-0.51247936,-0.84914482,0
-3.0746973,-0.46325716,3.6510706,-0.821105,-0.53486031,0.19927661,0
2.8755116,0.036949873,-0.15297124,0.55629891,-0.67178077,0.48912385,0
-0.88350439,-5.0008111,-2.7967491,0.55629891,-0.67178077,0.48912385,0
1.92142,2.2911713,4.0281849,0.55629891,-0.67178077,0.48912385,0
3.8871133,-0.90066439,-3.9643502,0.821105,0.53486031,-0.19927661,0
-0.30637503,-3.4552879,-1.330461,0.55629891,-0.67178077,0.48912385,0
-1.8473921,-4.205997,-1.3374529,-0.821105,-0.53486031,0.19927661,0
-1.43829,3.3672686,3.1938448,-0.55629891,0.67178077,-0.48912385,0
-0.36054051,-3.586395,-3.7780414,0.12774272,-0.51247936,-0.84914482,0
-2.6533999,-2.7800391,-0.83126724,-0.821105,-0.53486031,0.19927661,0
1.5328765,2.5817869,4.5607085,-0.12774272,0.51247936,0.84914482,0
3.0685024,2.690763,2.3020511,0.821105,0.53486031,-0.19927661,0
-4.0612059,1.2173829,3.2242525,-0.55629891,0.67178077,-0.48912385,0
-3.6136935,-0.35592341,1.7182634,-0.821105,-0.53486031,0.19927661,0
-2.4163611,-2.6037562,0.61858022,-0.821105,-0.53486031,0.19927661,0
0.37225351,-0.189556,2.3829873,0.55629891,-0.67178077,0.48912385,0
2.7585213,-1.3959188,-4.6308246,0.12774272,-0.51247936,-0.84914482,0
2.9222872,0.26153052,-4.8205028,0.821105,0.53486031,-0.19927661,0
2.9821892,-0.45469368,-0.94954085,0.55629891,-0.67178077,0.48912385,0
-0.72831535,-4.5478435,-3.2531109,0.12774272,-0.51247936,-0.84914482,0
-1.8925662,1.4348356,4.7376089,-0.12774272,0.51247936,0.84914482,0
-3.3481357,-1.5071288,-0.27737248,-0.821105,-0.53486031,0.19927661,0
-2.7610228,-2.1271105,0.47774866,-0.821105,-0.53486031,0.19927661,0
3.3924141,1.8067132,1.2639062,0.821105,0.53486031,-0.19927661,0
-2.1119664,-0.46538949,-1.3038727,-0.55629891,0.67178077,-0.48912385,0
2.0604577,-2.733788,-3.9284019,0.12774272,-0.51247936,-0.84914482,0
-2.5339553,1.1069034,1.3355165,-0.55629891,0.67178077,-0.48912385,0
-1.2891138,-5.058785,-3.02911,0.12774272,-0.51247936,-0.84914482,0
2.8231454,-1.8902273,-4.3227754,0.12774272,-0.51247936,-0.84914482,0
-0.46497893,-4.5274906,-3.2257781,0.12774272,-0.51247936,-0.84914482,0
3.5390506,-1.3044217,-2.7499285,0.55629891,-0.67178077,0.48912385,0
-2.5748813,-2.8569286,-0.71410799,-0.821105,-0.53486031,0.19927661,0
3.2249835,2.7664945,3.1500826,0.821105,0.53486031,-0.19927661,0
-3.5449917,0.00818187,2.9786029,-0.821105,-0.53486031,0.19927661,0
-1.0588822,-2.2797089,-4.6717138,0.12774272,-0.51247936,-0.84914482,0
3.1105895,2.2921848,1.4056773,0.821105,0.53486031,-0.19927661,0
-2.7119951,-0.46832997,5.1319451,-0.821105,-0.53486031,0.19927661,0
1.0861117,2.1043501,4.7216253,0.55629891,-0.67178077,0.48912385,0
-0.50038034,1.7072153,4.7826571,-0.12774272,0.51247936,0.84914482,0
-1.034772,3.8320541,3.3732624,-0.55629891,0.67178077,-0.48912385,0
-3.2581019,-0.011708781,4.1073265,-0.821105,-0.53486031,0.19927661,0
-3.3573329,-1.5187415,-0.3464371,-0.821105,-0.53486031,0.19927661,0
-3.2890255,-1.6294596,-0.36215085,-0.821105,-0.53486031,0.19927661,0
-0.023043156,3.0504644,1.1491206,-0.55629891,0.67178077,-0.48912385,0
1.9984779,-0.40092993,-5.3456626,0.12774272,-0.51247936,-0.84914482,0
-1.8581532,2.6134338,2.6360261,-0.55629891,0.67178077,-0.48912385,0
2.9841108,2.8859117,2.4781003,0.821105,0.53486031,-0.19927661,0
1.6020365,2.4397779,-1.5378832,-0.55629891,0.67178077,-0.48912385,0
3.0598986,3.1145468,3.4040365,0.821105,0.53486031,-0.19927661,0
1.8526788,-0.43393648,0.36360258,0.55629891,-0.67178077,0.48912385,0
-1.1168731,-2.3194752,-4.6564379,0.12774272,-0.51247936,-0.84914482,0
-2.6001713,-1.8453449,-2.6439011,-0.55629891,0.67178077,-0.48912385,0
-2.1679509,1.8452368,4.4484935,-0.12774272,0.51247936,0.84914482,0
-1.7191353,-1.9052241,-3.7281771,-0.55629891,0.67178077,-0.48912385,0
-4.2065749,1.3984653,3.9841328,-0.821105,-0.53486031,0.19927661,0
3.7175369,0.38894796,-1.2017443,0.821105,0.53486031,-0.19927661,0
-0.16082941,-2.0952382,-4.6479464,0.12774272,-0.51247936,-0.84914482,0
-1.6167927,-4.8240948,-2.046267,-0.821105,-0.53486031,0.19927661,0
-1.8046626,3.2776732,3.6386361,-0.12774272,0.51247936,0.84914482,0
1.8926729,0.86383688,2.1005266,0.55629891,-0.67178077,0.48912385,0
-2.9320948,-3.4078372,-4.2726617,0.12774272,-0.51247936,-0.84914482,0
-2.9364033,-3.0429363,-2.7029808,-0.821105,-0.53486031,0.19927661,0
3.5047078,0.79531866,-0.98798877,0.821105,0.53486031,-0.19927661,0
2.6448982,1.1902491,1.693298,0.55629891,-0.67178077,0.48912385,0
0.59986013,2.6637492,4.3708835,-0.12774272,0.51247936,0.84914482,0
-0.21587269,2.4230127,4.3934555,-0.12774272,0.51247936,0.84914482,0
0.22117269,-3.8669622,-2.4958696,0.55629891,-0.67178077,0.48912385,0
1.994066,0.073495269,-5.2336936,-0.55629891,0.67178077,-0.48912385,0
1.8931284,4.3076468,3.5733056,-0.12774272,0.51247936,0.84914482,0
-1.7861648,-4.2699623,-1.2568536,-0.821105,-0.53486031,0.19927661,0
-1.8304093,2.6716535,4.0005093,-0.12774272,0.51247936,0.84914482,0
1.4203808,4.1805129,3.5789156,-0.12774272,0.51247936,0.84914482,0
3.4080722,0.22919756,-2.9056437,0.821105,0.53486031,-0.19927661,0
2.7559814,-2.2908537,-3.2141166,0.55629891,-0.67178077,0.48912385,0
3.3091109,1.9382566,1.9652054,0.55629891,-0.67178077,0.48912385,0
-2.8542483,1.8679056,4.3315678,-0.12774272,0.51247936,0.84914482,0
2.2479177,0.27168691,0.88321209,0.55629891,-0.67178077,0.48912385,0
0.64244711,-2.4008701,-4.3426471,0.12774272,-0.51247936,-0.84914482,0
-1.4432728,0.0046823025,-1.4187894,-0.55629891,0.67178077,-0.48912385,0
-3.0555408,-2.3037665,-1.2099391,-0.821105,-0.53486031,0.19927661,0
1.5872903,3.4112344,4.0683026,-0.12774272,0.51247936,0.84914482,0
-1.3201568,1.1554699,0.021720886,-0.55629891,0.67178077,-0.48912385,0
-0.56398916,-3.7960396,-1.5054674,0.55629891,-0.67178077,0.48912385,0
-2.2241192,2.6315527,3.0771384,-0.55629891,0.67178077,-0.48912385,0
1.8384848,4.5726895,2.2849579,0.821105,0.53486031,-0.19927661,0
-1.9258692,-4.4873309,-2.4159164,-0.821105,-0.53486031,0.19927661,0
-2.565347,-0.99515772,4.3221893,-0.821105,-0.53486031,0.19927661,0
-0.50434661,-2.6879444,-0.051401973,0.55629891,-0.67178077,0.48912385,0
-3.0817955,-0.77632082,2.7815588,-0.821105,-0.53486031,0.19927661,0
-0.72193694,0.99485958,5.1792507,-0.12774272,0.51247936,0.84914482,0
-1.0885954,1.2802699,4.9518394,-0.12774272,0.51247936,0.84914482,0
-0.35042781,-0.15661585,-2.883256,-0.55629891,0.67178077,-0.48912385,0
-2.8269477,-0.65793526,-0.75514704,-0.55629891,0.67178077,-0.48912385,0
3.174202,2.2490091,2.5454414,0.55629891,-0.67178077,0.48912385,0
2.8915436,3.5714178,3.9365873,0.821105,0.53486031,-0.19927661,0
-3.15838,-0.68954545,2.698904,-0.821105,-0.53486031,0.19927661,0
2.4659216,3.0310087,0.73237932,0.821105,0.53486031,-0.19927661,0
2.91324,3.3395269,3.4035883,0.821105,0.53486031,-0.19927661,0
0.73658454,3.5239484,3.8722997,-0.12774272,0.51247936,0.84914482,0
-1.4567561,-4.9285679,-3.1329188,0.12774272,-0.51247936,-0.84914482,0
-0.32160175,3.8490005,3.516932,-0.12774272,0.51247936,0.84914482,0
2.3332713,3.9371402,3.8631291,-0.12774272,0.51247936,0.84914482,0
3.0498455,2.8076138,2.5388038,0.821105,0.53486031,-0.19927661,0
-2.5431826,-1.2245493,3.7978258,-0.821105,-0.53486031,0.19927661,0
3.352731,1.9045002,1.3628557,0.821105,0.53486031,-0.19927661,0
3.071583,-1.4609663,-2.433264,0.55629891,-0.67178077,0.48912385,0
2.5056884,0.54094291,0.95984542,0.55629891,-0.67178077,0.48912385,0
3.2150867,1.1896636,-1.1229274,0.821105,0.53486031,-0.19927661,0
2.0985022,-0.58760184,-5.2179542,0.12774272,-0.51247936,-0.84914482,0
-2.0237973,-3.9313111,-1.3270617,-0.821105,-0.53486031,0.19927661,0
-0.066725373,3.6995795,2.0903208,-0.55629891,0.67178077,-0.48912385,0
0.18448199,0.54959452,3.6117237,0.55629891,-0.67178077,0.48912385,0
-3.1782322,-0.84796399,2.1919074,-0.821105,-0.53486031,0.19927661,0
3.395942,1.6180109,0.77196383,0.821105,0.53486031,-0.19927661,0
-3.0503564,-0.30154455,-0.011575952,-0.55629891,0.67178077,-0.48912385,0
-1.6304287,-0.46113694,-1.845703,-0.55629891,0.67178077,-0.48912385,0
-2.8138695,-3.2039781,-2.6303267,-0.821105,-0.53486031,0.19927661,0
2.1161144,3.4413443,4.1296854,-0.12774272,0.51247936,0.84914482,0
-0.72259301,2.0582137,4.5373912,-0.12774272,0.51247936,0.84914482,0
-0.91119319,0.56203395,-1.2584555,-0.55629891,0.67178077,-0.48912385,0
-2.2410896,2.6078086,3.9772601,-0.12774272,0.51247936,0.84914482,0
-0.30415761,-1.0956273,1.9078631,0.55629891,-0.67178077,0.48912385,0
-3.0967124,-3.0414338,-3.7219191,-0.55629891,0.67178077,-0.48912385,0
-3.4378691,0.4601419,4.6330609,-0.821105,-0.53486031,0.19927661,0
1.729424,-0.55010545,-5.2961073,0.12774272,-0.51247936,-0.84914482,0
0.80792356,3.7949572,3.7194715,-0.12774272,0.51247936,0.84914482,0
3.0580461,1.4729168,1.6116362,0.55629891,-0.67178077,0.48912385,0
-2.7104385,-1.829802,1.4841561,-0.821105,-0.53486031,0.19927661,0
3.1695099,-2.4042606,-3.8401957,0.55629891,-0.67178077,0.48912385,0
2.255311,2.554841,-1.4134637,0.821105,0.53486031,-0.19927661,0
0.70763594,2.4923763,4.4905233,-0.12774272,0.51247936,0.84914482,0
-1.3186853,-4.6050634,-1.7582667,0.55629891,-0.67178077,0.48912385,0
-0.0076248646,-3.6895895,-1.9920387,0.55629891,-0.67178077,0.48912385,0
-3.5954814,-0.43923879,1.5696831,-0.821105,-0.53486031,0.19927661,0
1.7716433,-1.726095,-4.5800185,0.12774272,-0.51247936,-0.84914482,0
0.91162705,0.63890314,-3.226043,-0.55629891,0.67178077,-0.48912385,0
-2.0382473,-3.2901981,-4.2091923,0.12774272,-0.51247936,-0.84914482,0
1.3402386,1.2378312,3.2424879,0.55629891,-0.67178077,0.48912385,0
3.6234725,-0.98750567,-4.74719,0.12774272,-0.51247936,-0.84914482,0
3.1490729,1.8982021,2.0922101,0.55629891,-0.67178077,0.48912385,0
-1.4943581,-0.13511336,-1.5526884,-0.55629891,0.67178077,-0.48912385,0
3.2954485,0.14163411,-0.48680419,0.55629891,-0.67178077,0.48912385,0
-1.8687868,-1.5907153,3.0074024,0.55629891,-0.67178077,0.48912385,0
-2.45508,2.2470999,2.8117967,-0.55629891,0.67178077,-0.48912385,0
-0.51678497,2.3576541,4.3876333,-0.12774272,0.51247936,0.84914482,0
0.89964426,1.1792879,-2.4702296,-0.55629891,0.67178077,-0.48912385,0
-2.9275365,-1.9199467,0.34766865,-0.821105,-0.53486031,0.19927661,0
-1.906667,-4.3725286,-2.0286639,-0.821105,-0.53486031,0.19927661,0
3.7236285,-0.54140389,-3.6737192,0.821105,0.53486031,-0.19927661,0
3.6613708,-0.62790024,-4.1624017,0.821105,0.53486031,-0.19927661,0
-2.0643666,-4.0941696,-3.7279048,0.12774272,-0.51247936,-0.84914482,0
-0.29917121,-2.7145147,-0.32124817,0.55629891,-0.67178077,0.48912385,0
-0.067443013,0.97748792,-1.6474843,-0.55629891,0.67178077,-0.48912385,0
-1.287209,-4.4831114,-3.3762565,0.12774272,-0.51247936,-0.84914482,0
-1.2937275,-2.9194379,-4.320951,0.12774272,-0.51247936,-0.84914482,0
2.8710039,3.5781074,3.8699102,0.821105,0.53486031,-0.19927661,0
-2.3980141,-2.7365978,0.33762693,-0.821105,-0.53486031,0.19927661,0
1.6371101,-1.0243456,-5.0237784,0.12774272,-0.51247936,-0.84914482,0
2.515877,3.8325493,3.0895591,0.821105,0.53486031,-0.19927661,0
-1.6261439,-4.2471795,-3.5696344,0.12774272,-0.51247936,-0.84914482,0
-0.49327648,-1.165668,2.0267587,0.55629891,-0.67178077,0.48912385,0
2.5534852,2.4073124,3.4688256,0.55629891,-0.67178077,0.48912385,0
3.5391879,1.0649325,-0.12227135,0.821105,0.53486031,-0.19927661,0
-2.822078,-1.5707475,1.7194574,-0.821105,-0.53486031,0.19927661,0
-1.3082428,-0.32001626,4.1150999,0.55629891,-0.67178077,0.48912385,0
-1.7217495,1.6916155,1.2148297,-0.55629891,0.67178077,-0.48912385,0
2.9423561,-0.86021775,-4.9264779,0.12774272,-0.51247936,-0.84914482,0
2.5104601,-0.3869822,-5.2770591,0.12774272,-0.51247936,-0.84914482,0
-3.8744376,0.83739632,2.4899466,-0.55629891,0.67178077,-0.48912385,0
-2.6269937,2.1643589,2.8936806,-0.55629891,0.67178077,-0.48912385,0
0.56616277,-1.6341393,-4.816864,0.12774272,-0.51247936,-0.84914482,0
0.2838012,-3.926158,-2.6484003,0.55629891,-0.67178077,0.48912385,0
0.70810509,-3.9696355,-3.385983,0.12774272,-0.51247936,-0.84914482,0
3.3674657,1.5515186,0.47616261,0.821105,0.53486031,-0.19927661,0
-3.7931645,0.75945848,2.2904687,-0.55629891,0.67178077,-0.48912385,0
0.96545064,-2.8608477,-1.9605296,0.55629891,-0.67178077,0.48912385,0
3.2400975,-1.8577423,-3.1698685,0.55629891,-0.67178077,0.48912385,0
2.1814163,-3.0528736,-3.6072283,0.55629891,-0.67178077,0.48912385,0
-0.61064553,3.9829836,3.3925872,-0.12774272,0.51247936,0.84914482,0
-2.5248039,-2.9281189,-0.69884336,-0.821105,-0.53486031,0.19927661,0
1.6575398,4.7791777,2.0936055,0.821105,0.53486031,-0.19927661,0
-1.5569131,-3.0935783,-4.2554464,0.12774272,-0.51247936,-0.84914482,0
-2.1552982,1.3065847,4.7754869,-0.12774272,0.51247936,0.84914482,0
3.3146775,1.1283631,-0.8771019,0.821105,0.53486031,-0.19927661,0
-2.3115346,-2.5908828,1.0850601,-0.821105,-0.53486031,0.19927661,0
1.7478842,2.7539287,4.489162,-0.12774272,0.51247936,0.84914482,0
-0.4292677,1.8682613,4.6961603,-0.12774272,0.51247936,0.84914482,0
1.3434281,-1.3133941,-0.26508713,0.55629891,-0.67178077,0.48912385,0
1.9372983,-0.25570774,-5.4425116,0.12774272,-0.51247936,-0.84914482,0
-2.2301075,-2.2814925,2.2509847,-0.821105,-0.53486031,0.19927661,0
-2.3439257,-1.8627737,2.9058485,-0.821105,-0.53486031,0.19927661,0
-0.82673836,-4.7063594,-3.1722484,0.12774272,-0.51247936,-0.84914482,0
-0.99764103,-1.5145338,-4.0121703,-0.55629891,0.67178077,-0.48912385,0
-0.67510802,2.9784265,1.7917988,-0.55629891,0.67178077,-0.48912385,0
-1.6466887,1.3236017,0.6240164,-0.55629891,0.67178077,-0.48912385,0
1.9278147,2.3870771,-1.9807842,-0.55629891,0.67178077,-0.48912385,0
2.5177579,-2.5428247,-3.9748588,0.12774272,-0.51247936,-0.84914482,0
0.89200014,-2.2515724,-4.3952098,0.12774272,-0.51247936,-0.84914482,0
-1.4601889,2.5992644,4.0998931,-0.12774272,0.51247936,0.84914482,0
2.8403246,1.1244173,-2.8422258,0.821105,0.53486031,-0.19927661,0
-0.87629265,3.225903,3.8095412,-0.12774272,0.51247936,0.84914482,0
1.3443295,-1.6993748,-4.6604276,0.12774272,-0.51247936,-0.84914482,0
3.380446,2.1610065,2.1655173,0.821105,0.53486031,-0.19927661,0
1.7603886,1.7973955,-2.6002548,-0.55629891,0.67178077,-0.48912385,0
-0.73133206,-0.60368061,3.0693624,0.55629891,-0.67178077,0.48912385,0
-2.4109118,0.77524513,5.0577092,-0.12774272,0.51247936,0.84914482,0
3.6852789,0.59896517,-0.77097374,0.821105,0.53486031,-0.19927661,0
-3.511198,0.60227102,4.7123895,-0.821105,-0.53486031,0.19927661,0
-1.2064432,2.5447817,4.1709471,-0.12774272,0.51247936,0.84914482,0
-3.2683561,-0.68643105,2.2541132,-0.821105,-0.53486031,0.19927661,0
2.3735673,1.5081987,-3.6948395,-0.55629891,0.67178077,-0.48912385,0
1.9766204,4.3659797,2.2993259,0.821105,0.53486031,-0.19927661,0
0.78356022,-3.6772258,-3.5511069,0.12774272,-0.51247936,-0.84914482,0
2.739182,3.136559,2.1416283,0.821105,0.53486031,-0.19927661,0
-1.9960423,-4.406795,-2.4888992,-0.821105,-0.53486031,0.19927661,0
-1.628597,2.783905,3.9631228,-0.12774272,0.51247936,0.84914482,0
-2.3588438,-3.7680852,-2.269496,-0.821105,-0.53486031,0.19927661,0
-0.69706941,1.8517205,0.26931655,-0.55629891,0.67178077,-0.48912385,0
-4.1261768,1.6531098,4.2698569,-0.12774272,0.51247936,0.84914482,0
-2.3340669,-2.6097662,0.94153571,-0.821105,-0.53486031,0.19927661,0
1.4427121,3.9961944,3.6935153,-0.12774272,0.51247936,0.84914482,0
-3.0359421,0.9950822,1.7528658,-0.55629891,0.67178077,-0.48912385,0
-1.8592165,-4.3487101,-1.7692211,-0.821105,-0.53486031,0.19927661,0
-3.6602135,0.17158419,2.9424155,-0.821105,-0.53486031,0.19927661,0
-2.0158644,-4.3420668,-3.5709972,0.12774272,-0.51247936,-0.84914482,0
0.54025447,1.333176,4.2832899,0.55629891,-0.67178077,0.48912385,0
2.052352,-1.5220636,-4.6609268,0.12774272,-0.51247936,-0.84914482,0
-2.0879211,3.1276278,3.6865792,-0.12774272,0.51247936,0.84914482,0
-1.4495749,-5.2602363,-2.527864,-0.821105,-0.53486031,0.19927661,0
2.751488,3.7178288,4.058404,-0.12774272,0.51247936,0.84914482,0
-2.8342009,-1.1719177,2.7399676,-0.821105,-0.53486031,0.19927661,0
0.97778159,1.3423065,3.7982147,0.55629891,-0.67178077,0.48912385,0
-1.5262152,1.8640072,1.2292101,-0.55629891,0.67178077,-0.48912385,0
-3.5340867,2.1203113,3.8648562,-0.55629891,0.67178077,-0.48912385,0
-1.9977224,-4.6659079,-3.1912847,-0.821105,-0.53486031,0.19927661,0
-2.2945628,0.40633321,0.10105729,-0.55629891,0.67178077,-0.48912385,0
-1.3171644,-3.5061898,-0.25076234,0.55629891,-0.67178077,0.48912385,0
-1.9865019,-1.6242822,3.0951819,0.55629891,-0.67178077,0.48912385,0
1.8462375,-2.4022856,-4.1606984,0.12774272,-0.51247936,-0.84914482,0
-1.4140027,1.4579419,4.7956567,-0.12774272,0.51247936,0.84914482,0
-2.8123167,-2.3876209,-0.43281734,-0.821105,-0.53486031,0.19927661,0
-2.4082725,-0.097888231,5.5850635,-0.12774272,0.51247936,0.84914482,0
-1.3673671,2.3534851,4.2621908,-0.12774272,0.51247936,0.84914482,0
3.0433483,0.73965526,0.6212638,0.55629891,-0.67178077,0.48912385,0
-2.1891074,-1.6269554,-2.8114753,-0.55629891,0.67178077,-0.48912385,0
