-0.56606889,2.1179657,-3.1442986,0.7979728,0.027696967,-0.60205662,0
-0.53039998,1.79601,1.8710854,-0.7979728,-0.027696967,0.60205662,0
-2.1451452,0.70206106,-2.3763561,-0.58752394,-0.18696257,-0.78731215,0
-0.92231488,-3.228502,-0.34896159,0.1343683,-0.98197651,0.13291836,0
-2.3397138,0.40833044,-2.1614091,-0.58752394,-0.18696257,-0.78731215,0
0.30405855,-1.1816963,2.8400996,-0.7979728,-0.027696967,0.60205662,0
-1.9448655,-3.4948258,-1.2828078,0.1343683,-0.98197651,0.13291836,0
-2.3163881,2.1092944,-0.48167169,-0.7979728,-0.027696967,0.60205662,0
-1.2600772,-0.26301396,0.80923921,-0.7979728,-0.027696967,0.60205662,0
1.8381095,1.7262157,2.0288372,0.58752394,0.18696257,0.78731215,0
-0.27541995,0.85690981,2.1658363,-0.7979728,-0.027696967,0.60205662,0
-0.16187453,1.7542152,-2.6253085,0.7979728,0.027696967,-0.60205662,0
1.6927886,-2.5788999,1.8065476,0.1343683,-0.98197651,0.13291836,0
0.84540194,-3.0272555,-0.6491909,0.1343683,-0.98197651,0.13291836,0
-0.097744703,2.5069542,2.4772382,-0.7979728,-0.027696967,0.60205662,0
2.2652748,3.4064012,0.66767049,0.7979728,0.027696967,-0.60205662,0
-1.4974322,2.9096584,0.43954659,-0.1343683,0.98197651,-0.13291836,0
1.9471239,1.4112717,0.15420508,0.7979728,0.027696967,-0.60205662,0
-2.2083917,-2.2969809,-1.6169785,-0.58752394,-0.18696257,-0.78731215,0
-1.1117232,0.12263985,-3.0099425,-0.58752394,-0.18696257,-0.78731215,0
-1.397063,1.3918328,-3.0984054,-0.58752394,-0.18696257,-0.78731215,0
-1.1814895,0.24896161,-2.9878781,-0.58752394,-0.18696257,-0.78731215,0
-0.64745378,1.3664219,-3.2867413,0.7979728,0.027696967,-0.60205662,0
2.0585668,0.024627209,2.2683985,0.58752394,0.18696257,0.78731215,0
-1.4476408,-0.034803152,0.57113886,-0.7979728,-0.027696967,0.60205662,0
-1.5916955,0.028136432,-2.6293266,-0.58752394,-0.18696257,-0.78731215,0
-1.3414466,-2.9332409,-2.1128356,-0.58752394,-0.18696257,-0.78731215,0
1.9714603,-0.68399036,0.090070218,0.7979728,0.027696967,-0.60205662,0
3.0676615,-1.6076849,1.9029951,0.58752394,0.18696257,0.78731215,0
1.5037616,-2.7201858,0.95384312,0.1343683,-0.98197651,0.13291836,0
2.0691879,0.64804947,0.2808789,0.7979728,0.027696967,-0.60205662,0
0.042305708,1.3086247,-2.375185,0.7979728,0.027696967,-0.60205662,0
2.4437706,1.8747376,1.5415993,0.58752394,0.18696257,0.78731215,0
-2.4933777,-2.7573302,-0.94014096,-0.7979728,-0.027696967,0.60205662,0
-2.9660349,0.54157269,-1.7256644,-0.58752394,-0.18696257,-0.78731215,0
0.40266174,-3.2251968,-1.6639723,0.1343683,-0.98197651,0.13291836,0
1.4524229,0.8379125,2.5275974,0.58752394,0.18696257,0.78731215,0
1.6918299,2.7195425,1.9021127,0.58752394,0.18696257,0.78731215,0
-3.0412295,2.0340226,-2.0239623,-0.58752394,-0.18696257,-0.78731215,0
-0.073461294,2.8867106,-1.1694911,-0.1343683,0.98197651,-0.13291836,0
-2.6449032,-0.60025907,-1.6941553,-0.58752394,-0.18696257,-0.78731215,0
-0.78046775,-3.4818785,-2.3642559,0.1343683,-0.98197651,0.13291836,0
0.37404931,-0.79016387,-2.0320413,0.7979728,0.027696967,-0.60205662,0
-1.2315223,-1.3667594,-2.5668573,-0.58752394,-0.18696257,-0.78731215,0
-1.1288111,-1.7324584,-2.5566621,-0.58752394,-0.18696257,-0.78731215,0
-2.1291947,-3.0730162,-1.4917943,-0.58752394,-0.18696257,-0.78731215,0
-2.7116587,0.65065181,-1.0726715,-0.7979728,-0.027696967,0.60205662,0
2.8700571,-2.4340141,1.6868286,0.1343683,-0.98197651,0.13291836,0
-2.3969817,2.2678831,-2.5602608,-0.58752394,-0.18696257,-0.78731215,0
2.2992308,0.88892531,1.8835613,0.58752394,0.18696257,0.78731215,0
2.4719584,0.11983442,1.9373003,0.58752394,0.18696257,0.78731215,0
-0.2980271,-3.2257216,-0.95951962,0.1343683,-0.98197651,0.13291836,0
3.1124208,-1.3391281,1.8058207,0.58752394,0.18696257,0.78731215,0
-0.69688869,-0.54645663,-3.1606193,-0.58752394,-0.18696257,-0.78731215,0
-1.2635813,1.2285514,-3.1592407,-0.58752394,-0.18696257,-0.78731215,0
-0.68661404,0.037000507,-3.3068397,-0.58752394,-0.18696257,-0.78731215,0
-1.085196,-3.4326396,-1.692436,0.1343683,-0.98197651,0.13291836,0
0.62396383,-2.8388886,0.96628213,0.1343683,-0.98197651,0.13291836,0
-0.39589667,2.7154205,-2.1089973,-0.1343683,0.98197651,-0.13291836,0
3.0109968,0.10228753,1.5392151,0.58752394,0.18696257,0.78731215,0
-0.09088093,-3.0044594,0.46572018,0.1343683,-0.98197651,0.13291836,0
-1.3789855,-0.70828629,0.63115203,-0.7979728,-0.027696967,0.60205662,0
-2.4677958,-0.7664721,-0.81464654,-0.7979728,-0.027696967,0.60205662,0
0.91915655,-0.022323966,-1.2742261,0.7979728,0.027696967,-0.60205662,0
-2.2645669,0.57448834,-2.2569451,-0.58752394,-0.18696257,-0.78731215,0
-0.75850892,0.73720646,-3.419466,-0.58752394,-0.18696257,-0.78731215,0
-1.1444747,0.88940293,1.015476,-0.7979728,-0.027696967,0.60205662,0
0.37814224,2.8886223,-1.6118979,-0.1343683,0.98197651,-0.13291836,0
-0.14082646,1.3383536,-2.6165433,0.7979728,0.027696967,-0.60205662,0
1.3796067,-2.4402533,3.1474428,0.1343683,-0.98197651,0.13291836,0
-2.3251736,-1.594952,-1.6965418,-0.58752394,-0.18696257,-0.78731215,0
0.29141784,2.8949511,2.9055021,0.58752394,0.18696257,0.78731215,0
-2.1795654,1.0545628,-2.4343793,-0.58752394,-0.18696257,-0.78731215,0
1.2648911,-2.771307,0.81764627,0.1343683,-0.98197651,0.13291836,0
-1.2286111,-3.127629,0.70590568,0.1343683,-0.98197651,0.13291836,0
-1.8297733,-3.4873087,-1.6168528,-0.58752394,-0.18696257,-0.78731215,0
0.19864339,3.1083407,0.1927979,-0.1343683,0.98197651,-0.13291836,0
1.489614,-2.9112773,-0.44360209,0.1343683,-0.98197651,0.13291836,0
1.9599786,2.4796765,0.22039413,0.7979728,0.027696967,-0.60205662,0
-1.0141516,1.7442226,-3.4678311,-0.58752394,-0.18696257,-0.78731215,0
2.0292721,1.6222662,1.9108691,0.58752394,0.18696257,0.78731215,0
-1.278702,0.38282686,-2.9471233,-0.58752394,-0.18696257,-0.78731215,0
-1.2061894,-1.6551063,0.81662059,-0.7979728,-0.027696967,0.60205662,0
2.0996668,1.1246009,1.9765184,0.58752394,0.18696257,0.78731215,0
-1.7678089,-2.228188,-1.9620955,-0.58752394,-0.18696257,-0.78731215,0
-0.80017984,-3.0486674,0.85615444,0.1343683,-0.98197651,0.13291836,0
2.5733321,-0.76544464,2.071878,0.58752394,0.18696257,0.78731215,0
1.3871791,2.1714292,2.2596154,0.58752394,0.18696257,0.78731215,0
0.3258996,3.3297496,2.7765191,0.58752394,0.18696257,0.78731215,0
0.60558724,-2.3339739,3.1867399,-0.7979728,-0.027696967,0.60205662,0
-0.54573274,-1.3320634,-3.0868602,-0.58752394,-0.18696257,-0.78731215,0
0.011247218,3.150908,0.69671941,-0.1343683,0.98197651,-0.13291836,0
1.5208912,-1.8826987,-0.56226504,0.7979728,0.027696967,-0.60205662,0
1.4344418,0.10513997,-0.58539712,0.7979728,0.027696967,-0.60205662,0
-1.7019563,-2.6918585,0.11183071,-0.7979728,-0.027696967,0.60205662,0
2.7068329,1.4817181,1.1643736,0.7979728,0.027696967,-0.60205662,0
-1.70275,1.7763807,-2.9616077,-0.58752394,-0.18696257,-0.78731215,0
2.7400982,0.35160756,1.6821644,0.58752394,0.18696257,0.78731215,0
-0.80132055,-3.3979585,-1.7231913,0.1343683,-0.98197651,0.13291836,0
-1.447602,-0.1584177,0.56550336,-0.7979728,-0.027696967,0.60205662,0
-0.87743187,-0.34112224,-3.074651,-0.58752394,-0.18696257,-0.78731215,0
-0.92300582,2.1436315,1.3667133,-0.7979728,-0.027696967,0.60205662,0
-0.088266611,-0.76627666,2.3392186,-0.7979728,-0.027696967,0.60205662,0
1.9259174,2.092824,1.8762534,0.58752394,0.18696257,0.78731215,0
2.8268445,0.56043911,1.5678401,0.58752394,0.18696257,0.78731215,0
-1.3901452,-3.4964418,-1.8555191,0.1343683,-0.98197651,0.13291836,0
-0.27442718,1.8595117,-2.7696438,0.7979728,0.027696967,-0.60205662,0
-3.2183464,2.2143199,-1.9346057,-0.58752394,-0.18696257,-0.78731215,0
-2.5180962,2.536093,-1.2884884,-0.1343683,0.98197651,-0.13291836,0
-2.2141967,-0.81171322,-1.9653527,-0.58752394,-0.18696257,-0.78731215,0
-0.14497587,-3.0661948,0.064316511,0.1343683,-0.98197651,0.13291836,0
-2.6983914,2.5033078,-1.3484366,-0.1343683,0.98197651,-0.13291836,0
0.42140433,-3.177927,-1.3336993,0.1343683,-0.98197651,0.13291836,0
-0.5449034,-3.2513151,-0.89902997,0.1343683,-0.98197651,0.13291836,0
0.94620419,-2.737751,1.3877122,0.1343683,-0.98197651,0.13291836,0
0.66794419,0.76348484,3.1306813,0.58752394,0.18696257,0.78731215,0
-0.15215635,-0.48991942,2.2672522,-0.7979728,-0.027696967,0.60205662,0
0.32227305,3.0548372,-0.32745433,-0.1343683,0.98197651,-0.13291836,0
-0.42958736,-2.5452371,-2.8854411,-0.58752394,-0.18696257,-0.78731215,0
-0.075890541,2.5225673,2.5069222,-0.7979728,-0.027696967,0.60205662,0
-0.7840277,2.7977769,-1.1082001,-0.1343683,0.98197651,-0.13291836,0
-1.7670078,-1.3082725,0.089261055,-0.7979728,-0.027696967,0.60205662,0
1.8560958,-2.0628176,2.9151955,0.58752394,0.18696257,0.78731215,0
-2.4010339,2.5333619,-1.4270027,-0.1343683,0.98197651,-0.13291836,0
-0.71837282,2.6008961,-2.6290891,-0.1343683,0.98197651,-0.13291836,0
-0.99269462,-3.0026519,-2.3566055,-0.58752394,-0.18696257,-0.78731215,0
2.3108373,-0.51126146,2.2074015,0.58752394,0.18696257,0.78731215,0
0.031949699,3.2417612,1.3469961,-0.1343683,0.98197651,-0.13291836,0
2.434453,2.2220325,0.83741498,0.7979728,0.027696967,-0.60205662,0
-0.29409194,1.967805,-2.7907252,0.7979728,0.027696967,-0.60205662,0
1.9455819,-2.4377906,2.593487,0.1343683,-0.98197651,0.13291836,0
-2.1630785,-2.0240889,-0.46862626,-0.7979728,-0.027696967,0.60205662,0
-0.58790576,-3.0319335,0.76519227,0.1343683,-0.98197651,0.13291836,0
0.26332712,-2.8673248,1.1207724,0.1343683,-0.98197651,0.13291836,0
0.21180558,-0.17581111,-2.2188182,0.7979728,0.027696967,-0.60205662,0
0.26680124,1.8020048,-2.0549388,0.7979728,0.027696967,-0.60205662,0
0.34192967,-1.5960548,2.871232,-0.7979728,-0.027696967,0.60205662,0
-2.7433891,-1.2307165,-1.201278,-0.7979728,-0.027696967,0.60205662,0
-0.80427718,-0.71043301,-3.0415421,-0.58752394,-0.18696257,-0.78731215,0
1.1834403,-2.8314538,0.45563054,0.1343683,-0.98197651,0.13291836,0
-1.8172071,-1.4630092,-2.1069393,-0.58752394,-0.18696257,-0.78731215,0
2.231108,-2.5784836,1.2654326,0.1343683,-0.98197651,0.13291836,0
2.4315391,1.9808457,1.5255296,0.58752394,0.18696257,0.78731215,0
2.494983,-2.5161417,1.4592505,0.1343683,-0.98197651,0.13291836,0
0.28489351,3.0452211,2.8746865,0.58752394,0.18696257,0.78731215,0
-0.45747638,0.22641516,-3.0873883,0.7979728,0.027696967,-0.60205662,0
-0.75629258,0.98898214,-3.4483614,0.7979728,0.027696967,-0.60205662,0
-0.45082006,3.0799265,0.63942599,-0.1343683,0.98197651,-0.13291836,0
1.0554211,2.024857,-0.99944043,0.7979728,0.027696967,-0.60205662,0
-1.2095685,-2.0663059,-2.4171193,-0.58752394,-0.18696257,-0.78731215,0
2.375869,2.455761,1.4542953,0.58752394,0.18696257,0.78731215,0
1.7868624,-2.7691967,-0.25052619,0.7979728,0.027696967,-0.60205662,0
-0.45474267,-3.4541428,-2.4886274,0.1343683,-0.98197651,0.13291836,0
-1.2418451,-1.7502934,-2.4680762,-0.58752394,-0.18696257,-0.78731215,0
2.1762419,-0.7919848,2.374505,0.58752394,0.18696257,0.78731215,0
0.85910034,-1.1759361,3.4485857,0.58752394,0.18696257,0.78731215,0
1.5318712,-2.7851605,0.44540501,0.1343683,-0.98197651,0.13291836,0
-0.44653225,-0.039351702,-3.0851092,0.7979728,0.027696967,-0.60205662,0
0.074745297,-3.3649278,-2.3647847,0.1343683,-0.98197651,0.13291836,0
2.2443206,-0.059740186,2.1498163,0.58752394,0.18696257,0.78731215,0
1.8657882,-2.4604096,2.5070465,0.1343683,-0.98197651,0.13291836,0
0.5277915,-2.5847135,2.9413056,0.1343683,-0.98197651,0.13291836,0
-0.34559464,-2.877089,1.6642017,0.1343683,-0.98197651,0.13291836,0
-1.3727074,-1.7097737,-2.3800435,-0.58752394,-0.18696257,-0.78731215,0
0.83888495,1.2102842,-1.3239139,0.7979728,0.027696967,-0.60205662,0
-0.50317329,-3.1100922,0.10211349,0.1343683,-0.98197651,0.13291836,0
2.1590216,-2.3490901,0.26206446,0.7979728,0.027696967,-0.60205662,0
-1.7800241,-3.2326777,-0.016521454,-0.7979728,-0.027696967,0.60205662,0
0.35515499,2.9924369,2.8347893,0.58752394,0.18696257,0.78731215,0
0.89245653,-0.92549264,3.3642211,0.58752394,0.18696257,0.78731215,0
1.1290514,3.3106577,0.74692297,-0.1343683,0.98197651,-0.13291836,0
1.3871014,-2.6586468,1.5264153,0.1343683,-0.98197651,0.13291836,0
-0.6384123,3.1201589,1.1262944,-0.1343683,0.98197651,-0.13291836,0
0.80601639,-2.9736066,-0.21302557,0.1343683,-0.98197651,0.13291836,0
2.5499873,2.5072787,1.3121271,0.58752394,0.18696257,0.78731215,0
0.95661736,0.27811149,3.0305228,0.58752394,0.18696257,0.78731215,0
-1.5196335,-3.3647919,-0.75201106,0.1343683,-0.98197651,0.13291836,0
0.3004837,0.81344807,2.9271464,-0.7979728,-0.027696967,0.60205662,0
-0.82194865,-3.3300917,-1.200948,0.1343683,-0.98197651,0.13291836,0
-1.7214538,-0.48714411,0.18741441,-0.7979728,-0.027696967,0.60205662,0
-0.21836901,0.47003114,-2.7592649,0.7979728,0.027696967,-0.60205662,0
-1.8918799,2.133152,0.082073927,-0.7979728,-0.027696967,0.60205662,0
-1.0979228,-2.2713554,-2.4517407,-0.58752394,-0.18696257,-0.78731215,0
-2.7135034,2.3796079,-2.2470324,-0.1343683,0.98197651,-0.13291836,0
-1.9464629,-3.4827011,-1.1916203,0.1343683,-0.98197651,0.13291836,0
0.5969485,0.84614348,-1.6613312,0.7979728,0.027696967,-0.60205662,0
0.56868815,0.60378933,3.2426729,0.58752394,0.18696257,0.78731215,0
-0.28759369,3.033848,0.13400078,-0.1343683,0.98197651,-0.13291836,0
-2.5320935,-1.0776452,-1.6649746,-0.58752394,-0.18696257,-0.78731215,0
1.6628946,3.3158565,0.24566197,-0.1343683,0.98197651,-0.13291836,0
-2.5542438,2.5635345,-1.0492134,-0.1343683,0.98197651,-0.13291836,0
0.33193362,0.093315959,-2.0472178,0.7979728,0.027696967,-0.60205662,0
0.039116263,3.3406043,2.069984,-0.1343683,0.98197651,-0.13291836,0
-1.0460436,2.2234783,1.2073107,-0.7979728,-0.027696967,0.60205662,0
-0.46544862,1.4558307,-3.0413961,0.7979728,0.027696967,-0.60205662,0
-0.26788867,-0.057969987,2.1337304,-0.7979728,-0.027696967,0.60205662,0
0.42191553,0.12414169,3.0563829,-0.7979728,-0.027696967,0.60205662,0
-0.96381378,-3.1371198,0.3681066,0.1343683,-0.98197651,0.13291836,0
-2.6379769,0.64318824,-1.9946053,-0.58752394,-0.18696257,-0.78731215,0
1.5385954,2.9810686,1.954358,0.58752394,0.18696257,0.78731215,0
-1.1721842,2.8491817,-0.33603954,-0.1343683,0.98197651,-0.13291836,0
-0.55027127,-0.13536918,1.7558964,-0.7979728,-0.027696967,0.60205662,0
-2.9574187,-0.17776394,-1.5612738,-0.58752394,-0.18696257,-0.78731215,0
-2.9110487,2.0421469,-2.1230381,-0.58752394,-0.18696257,-0.78731215,0
1.6449859,2.6035805,1.9646072,0.58752394,0.18696257,0.78731215,0
-2.2651043,-2.982964,-1.4117572,-0.58752394,-0.18696257,-0.78731215,0
-1.0493863,2.5010688,-3.0319705,-0.1343683,0.98197651,-0.13291836,0
-2.0283201,1.1548865,-2.5710685,-0.58752394,-0.18696257,-0.78731215,0
1.2653422,1.0577319,2.6150038,0.58752394,0.18696257,0.78731215,0
0.013650656,-2.4705515,2.3958964,-0.7979728,-0.027696967,0.60205662,0
-2.8596559,0.066273212,-1.6921794,-0.58752394,-0.18696257,-0.78731215,0
1.348449,3.1516538,2.0557442,0.58752394,0.18696257,0.78731215,0
-2.5336518,1.8692718,-2.3636141,-0.58752394,-0.18696257,-0.78731215,0
-0.93655235,-3.2063427,-0.17085958,0.1343683,-0.98197651,0.13291836,0
1.7683432,-1.3503854,2.8114984,0.58752394,0.18696257,0.78731215,0
2.1962783,-2.6984854,0.41409087,0.1343683,-0.98197651,0.13291836,0
-0.56809115,-2.9519439,1.3361113,0.1343683,-0.98197651,0.13291836,0
0.34085393,0.19803986,2.952342,-0.7979728,-0.027696967,0.60205662,0
-1.0213536,-2.2124128,1.0359659,-0.7979728,-0.027696967,0.60205662,0
-0.87188101,2.7282696,-1.5328968,-0.1343683,0.98197651,-0.13291836,0
-0.95859528,2.6466739,-2.048049,-0.1343683,0.98197651,-0.13291836,0
-0.69194263,-3.060709,0.65777707,0.1343683,-0.98197651,0.13291836,0
-2.5615098,-0.4309032,-1.7966042,-0.58752394,-0.18696257,-0.78731215,0
1.6258681,-0.97898686,2.8296237,0.58752394,0.18696257,0.78731215,0
-1.1614236,2.103333,1.0488576,-0.7979728,-0.027696967,0.60205662,0
-0.34655571,-2.514421,-2.9547205,-0.58752394,-0.18696257,-0.78731215,0
-0.72171807,-3.2129331,-0.43672538,0.1343683,-0.98197651,0.13291836,0
-1.1854279,2.8374958,-0.40898561,-0.1343683,0.98197651,-0.13291836,0
-0.89695168,-2.0696933,-2.6496019,-0.58752394,-0.18696257,-0.78731215,0
-0.50385499,-2.9348555,1.3974175,0.1343683,-0.98197651,0.13291836,0
-1.7487392,2.6681855,-1.0903621,-0.1343683,0.98197651,-0.13291836,0
-1.4480036,-1.3602701,0.50968087,-0.7979728,-0.027696967,0.60205662,0
2.201571,-1.6540257,2.5603118,0.58752394,0.18696257,0.78731215,0
2.0925481,1.972546,0.37277341,0.7979728,0.027696967,-0.60205662,0
-1.9110398,-2.4706368,-1.7976367,-0.58752394,-0.18696257,-0.78731215,0
-0.36741531,-1.6178229,1.9300568,-0.7979728,-0.027696967,0.60205662,0
0.26348114,3.4490716,2.6445098,-0.1343683,0.98197651,-0.13291836,0
-2.1365197,-0.51398706,-2.0940189,-0.58752394,-0.18696257,-0.78731215,0
-1.0266007,-3.2406719,-0.33344746,0.1343683,-0.98197651,0.13291836,0
-1.3457403,2.437933,-3.1988223,-0.1343683,0.98197651,-0.13291836,0
-2.3561587,1.9324368,-2.5110664,-0.58752394,-0.18696257,-0.78731215,0
1.5998151,0.80362177,2.42575,0.58752394,0.18696257,0.78731215,0
-0.21997952,-2.8147321,1.9978957,0.1343683,-0.98197651,0.13291836,0
0.60414851,-3.1058142,-0.98568082,0.1343683,-0.98197651,0.13291836,0
-1.3848,1.4681284,-3.1256742,-0.58752394,-0.18696257,-0.78731215,0
-1.4100282,-2.1157999,0.5252564,-0.7979728,-0.027696967,0.60205662,0
2.7175555,-1.2211102,2.0724592,0.58752394,0.18696257,0.78731215,0
-0.90608978,3.020823,0.66301751,-0.1343683,0.98197651,-0.13291836,0
0.019968435,3.1426215,0.62668347,-0.1343683,0.98197651,-0.13291836,0
1.7846122,0.95825303,2.251127,0.58752394,0.18696257,0.78731215,0
1.8831055,-1.3770136,2.7321813,0.58752394,0.18696257,0.78731215,0
-0.93387902,1.4304439,1.3194922,-0.7979728,-0.027696967,0.60205662,0
1.5912248,-2.4590938,-0.49556041,0.7979728,0.027696967,-0.60205662,0
-0.95089793,-3.2140207,-0.21308279,0.1343683,-0.98197651,0.13291836,0
-2.6763587,2.1740513,-2.3294964,-0.58752394,-0.18696257,-0.78731215,0
-1.2721999,-3.4095273,-1.3326418,0.1343683,-0.98197651,0.13291836,0
-0.38925618,3.1585429,1.1579964,-0.1343683,0.98197651,-0.13291836,0
-1.3142267,-1.8350618,0.66514802,-0.7979728,-0.027696967,0.60205662,0
0.60947943,-2.8583672,0.83702397,0.1343683,-0.98197651,0.13291836,0
1.0243835,-2.4217956,3.6210985,0.58752394,0.18696257,0.78731215,0
-2.3551092,-0.22261536,-2.0000901,-0.58752394,-0.18696257,-0.78731215,0
-1.098436,3.0194535,0.8473444,-0.1343683,0.98197651,-0.13291836,0
0.84032142,-0.56267065,-1.4035732,0.7979728,0.027696967,-0.60205662,0
0.12640977,-3.2773561,-1.7700539,0.1343683,-0.98197651,0.13291836,0
1.9781179,2.5387797,0.24715543,0.7979728,0.027696967,-0.60205662,0
-1.091619,1.6607382,1.1210161,-0.7979728,-0.027696967,0.60205662,0
0.41855669,-3.2402139,-1.7909867,0.1343683,-0.98197651,0.13291836,0
-1.5912747,0.37890625,-2.7129376,-0.58752394,-0.18696257,-0.78731215,0
-0.4551847,2.6424704,-2.5880082,-0.1343683,0.98197651,-0.13291836,0
-1.9645519,-3.0286946,-0.2517128,-0.7979728,-0.027696967,0.60205662,0
-1.761014,1.1025896,-2.7581239,-0.58752394,-0.18696257,-0.78731215,0
1.5480199,3.3518565,0.62775278,-0.1343683,0.98197651,-0.13291836,0
0.44434011,1.6631655,-1.8260138,0.7979728,0.027696967,-0.60205662,0
2.3806207,1.3205975,1.7203161,0.58752394,0.18696257,0.78731215,0
-0.34483582,-2.9671147,0.99834156,0.1343683,-0.98197651,0.13291836,0
1.3646927,-1.0659961,3.0451846,0.58752394,0.18696257,0.78731215,0
1.852725,-2.2626715,2.965169,0.58752394,0.18696257,0.78731215,0
-1.1896772,-1.1458616,-2.6505401,-0.58752394,-0.18696257,-0.78731215,0
2.2451837,-2.5635884,1.3612459,0.1343683,-0.98197651,0.13291836,0
1.2011209,-3.0181508,-0.94152534,0.1343683,-0.98197651,0.13291836,0
2.9751353,0.15392876,1.5537131,0.58752394,0.18696257,0.78731215,0
-0.63013434,-0.012683362,-3.3272305,0.7979728,0.027696967,-0.60205662,0
-2.5328929,-2.1858847,-1.4012046,-0.58752394,-0.18696257,-0.78731215,0
-1.1001229,-0.95321208,-2.7631173,-0.58752394,-0.18696257,-0.78731215,0
0.069872141,2.2963579,-2.2932086,0.7979728,0.027696967,-0.60205662,0
1.5024161,-2.4718783,2.7896533,0.1343683,-0.98197651,0.13291836,0
2.693012,-0.55417919,1.9323986,0.58752394,0.18696257,0.78731215,0
-0.11155003,3.1074481,0.49978089,-0.1343683,0.98197651,-0.13291836,0
2.3050945,2.2532139,1.5552082,0.58752394,0.18696257,0.78731215,0
0.36010289,-0.26744461,2.9564407,-0.7979728,-0.027696967,0.60205662,0
0.48277855,-0.11141759,3.126214,-0.7979728,-0.027696967,0.60205662,0
-2.3712828,-1.1716825,-1.7626469,-0.58752394,-0.18696257,-0.78731215,0
-0.70630145,2.722594,-1.7422092,-0.1343683,0.98197651,-0.13291836,0
-0.33788025,3.0074096,-0.010486841,-0.1343683,0.98197651,-0.13291836,0
0.33846629,-1.5688171,-2.1150246,0.7979728,0.027696967,-0.60205662,0
0.77262092,-0.38293862,3.3248076,0.58752394,0.18696257,0.78731215,0
-0.73878753,0.24550736,1.5235566,-0.7979728,-0.027696967,0.60205662,0
-2.7486119,1.6040318,-2.1402159,-0.58752394,-0.18696257,-0.78731215,0
1.1841609,-2.7314162,-1.0476158,0.7979728,0.027696967,-0.60205662,0
1.7550986,-1.6013589,2.8809807,0.58752394,0.18696257,0.78731215,0
0.87256348,-2.0244431,-1.428087,0.7979728,0.027696967,-0.60205662,0
-0.26372099,3.1365104,2.2862136,-0.7979728,-0.027696967,0.60205662,0
-1.1354475,0.53547275,-3.0902743,-0.58752394,-0.18696257,-0.78731215,0
1.4634278,-2.8648767,-0.074333191,0.1343683,-0.98197651,0.13291836,0
-0.21481979,3.2878788,1.9371654,-0.1343683,0.98197651,-0.13291836,0
-2.3656642,2.5798607,-1.1192365,-0.1343683,0.98197651,-0.13291836,0
2.3697214,-2.4927821,1.7584522,0.1343683,-0.98197651,0.13291836,0
0.68414652,-3.1738768,-1.5693867,0.1343683,-0.98197651,0.13291836,0
0.54434896,1.3414471,3.0856645,0.58752394,0.18696257,0.78731215,0
-1.494081,2.4393387,-3.0384777,-0.1343683,0.98197651,-0.13291836,0
1.7543075,3.1069899,1.7634821,0.58752394,0.18696257,0.78731215,0
2.9568737,-2.0128109,2.0818746,0.58752394,0.18696257,0.78731215,0
-0.42493081,-1.4243312,1.8627263,-0.7979728,-0.027696967,0.60205662,0
-0.17785144,0.77757406,-2.6914146,0.7979728,0.027696967,-0.60205662,0
-1.8966607,-3.4366488,-0.90173793,0.1343683,-0.98197651,0.13291836,0
1.9248469,1.2162178,0.11570549,0.7979728,0.027696967,-0.60205662,0
-2.639071,2.4164734,-2.049922,-0.1343683,0.98197651,-0.13291836,0
0.74995291,3.3170035,1.1770363,-0.1343683,0.98197651,-0.13291836,0
2.3702126,0.39361668,1.9482124,0.58752394,0.18696257,0.78731215,0
-0.77504241,-0.29354429,1.4507053,-0.7979728,-0.027696967,0.60205662,0
1.1237128,2.2896099,2.4281604,0.58752394,0.18696257,0.78731215,0
0.67365289,-2.5573699,2.9958601,0.1343683,-0.98197651,0.13291836,0
-0.043722034,2.9158769,-0.98407984,-0.1343683,0.98197651,-0.13291836,0
0.76558912,-3.079278,-0.9528389,0.1343683,-0.98197651,0.13291836,0
1.2396932,-2.1525474,3.3964877,0.58752394,0.18696257,0.78731215,0
3.0870354,-0.55852056,1.6393938,0.58752394,0.18696257,0.78731215,0
3.0727494,-0.84252083,1.7174963,0.58752394,0.18696257,0.78731215,0
-1.2292559,-0.99225396,-2.6574819,-0.58752394,-0.18696257,-0.78731215,0
-2.1546681,0.49636763,-2.3204043,-0.58752394,-0.18696257,-0.78731215,0
2.0043962,-1.943253,2.7761343,0.58752394,0.18696257,0.78731215,0
-1.0457038,-3.2421579,-0.32511425,0.1343683,-0.98197651,0.13291836,0
-2.8309135,1.6731119,-1.183696,-0.7979728,-0.027696967,0.60205662,0
-0.66444373,-1.0792542,-3.0583079,-0.58752394,-0.18696257,-0.78731215,0
0.66711527,2.9824445,-1.2108803,-0.1343683,0.98197651,-0.13291836,0
-1.9587543,2.3215115,0.0021033287,-0.7979728,-0.027696967,0.60205662,0
1.1877844,3.1267221,2.1815586,0.58752394,0.18696257,0.78731215,0
-1.4732127,2.2429147,-3.2436855,-0.58752394,-0.18696257,-0.78731215,0
1.667305,-0.77589267,2.7504725,0.58752394,0.18696257,0.78731215,0
-1.5621232,2.1639714,0.5205555,-0.7979728,-0.027696967,0.60205662,0
-0.10232925,-0.86666179,-2.6669583,0.7979728,0.027696967,-0.60205662,0
1.5679483,-1.4253633,2.9788461,0.58752394,0.18696257,0.78731215,0
-0.11396408,-2.4882312,2.2259424,-0.7979728,-0.027696967,0.60205662,0
1.2439775,-1.7128576,3.2888772,0.58752394,0.18696257,0.78731215,0
0.4641757,0.54360604,-1.851228,0.7979728,0.027696967,-0.60205662,0
0.50089395,-3.0921082,-0.78004408,0.1343683,-0.98197651,0.13291836,0
-2.0407915,1.7297932,-0.13385105,-0.7979728,-0.027696967,0.60205662,0
-0.13557959,-3.137207,-2.8154833,0.7979728,0.027696967,-0.60205662,0
1.5012646,1.5440974,2.3234525,0.58752394,0.18696257,0.78731215,0
1.8994975,-1.3000178,2.7016652,0.58752394,0.18696257,0.78731215,0
2.3937736,-2.6030591,0.91943264,0.1343683,-0.98197651,0.13291836,0
-2.7269828,2.3867793,-2.1804223,-0.1343683,0.98197651,-0.13291836,0
1.6403832,-2.5082216,-0.43266559,0.7979728,0.027696967,-0.60205662,0
0.6363399,2.9329696,2.6390793,0.58752394,0.18696257,0.78731215,0
-0.15354922,-3.0634594,0.093191862,0.1343683,-0.98197651,0.13291836,0
1.3302667,-2.8290551,0.32492518,0.1343683,-0.98197651,0.13291836,0
-0.15043128,3.2984867,1.9504423,-0.1343683,0.98197651,-0.13291836,0
-2.4921758,2.5400436,-1.2855065,-0.1343683,0.98197651,-0.13291836,0
-1.6689353,-0.94735342,-2.3400378,-0.58752394,-0.18696257,-0.78731215,0
1.1342962,2.9919405,-0.85040879,0.7979728,0.027696967,-0.60205662,0
1.3184605,3.296382,0.44997716,-0.1343683,0.98197651,-0.13291836,0
0.58890176,3.0498097,-0.63413334,-0.1343683,0.98197651,-0.13291836,0
-2.6534557,0.36864138,-1.9178575,-0.58752394,-0.18696257,-0.78731215,0
2.3634353,0.55527413,1.914881,0.58752394,0.18696257,0.78731215,0
-1.935709,-2.7741492,-0.20177412,-0.7979728,-0.027696967,0.60205662,0
-2.8751957,-0.51993871,-1.3432771,-0.7979728,-0.027696967,0.60205662,0
-1.6187112,0.4212696,-2.7025232,-0.58752394,-0.18696257,-0.78731215,0
-0.039195031,-3.087605,-0.2007935,0.1343683,-0.98197651,0.13291836,0
-3.0674222,2.3248703,-1.4671829,-0.7979728,-0.027696967,0.60205662,0
-2.454433,-1.1242988,-0.81339633,-0.7979728,-0.027696967,0.60205662,0
1.8299224,-2.4252958,2.802717,0.1343683,-0.98197651,0.13291836,0
2.4235597,-2.6229026,0.74272251,0.1343683,-0.98197651,0.13291836,0
2.1274087,2.6225843,1.6000906,0.58752394,0.18696257,0.78731215,0
1.3470157,3.2290924,-0.076009512,-0.1343683,0.98197651,-0.13291836,0
1.8228281,2.6945775,0.048499346,0.7979728,0.027696967,-0.60205662,0
0.80886507,2.736547,2.5569785,0.58752394,0.18696257,0.78731215,0
1.2100108,-1.4457371,-0.95420742,0.7979728,0.027696967,-0.60205662,0
-0.56096643,2.5207515,1.8639135,-0.7979728,-0.027696967,0.60205662,0
-0.082242727,1.5052311,-2.5312176,0.7979728,0.027696967,-0.60205662,0
0.028109074,0.81548804,-2.416688,0.7979728,0.027696967,-0.60205662,0
-2.3140228,0.92482626,-0.53302693,-0.7979728,-0.027696967,0.60205662,0
-3.1756229,2.1690278,-1.6177636,-0.7979728,-0.027696967,0.60205662,0
0.92577523,3.1604283,-0.15745163,-0.1343683,0.98197651,-0.13291836,0
-0.71360195,-0.069546103,1.5424442,-0.7979728,-0.027696967,0.60205662,0
-2.8905609,0.59344876,-1.7943054,-0.58752394,-0.18696257,-0.78731215,0
-1.2846162,-0.22720087,0.77836239,-0.7979728,-0.027696967,0.60205662,0
-1.4044127,-3.0211973,0.49104714,-0.7979728,-0.027696967,0.60205662,0
-1.4926841,-1.9846076,-2.2252479,-0.58752394,-0.18696257,-0.78731215,0
-0.27694297,2.6814816,-2.4799855,-0.1343683,0.98197651,-0.13291836,0
0.11205053,2.4664643,2.7534406,-0.7979728,-0.027696967,0.60205662,0
0.32833993,0.42840874,-2.0365655,0.7979728,0.027696967,-0.60205662,0
-2.9780145,-0.21770716,-1.4656506,-0.7979728,-0.027696967,0.60205662,0
1.9508245,2.9061007,1.6645387,0.58752394,0.18696257,0.78731215,0
1.2059188,-2.8501534,0.29475713,0.1343683,-0.98197651,0.13291836,0
1.6174707,-1.4095564,2.9381371,0.58752394,0.18696257,0.78731215,0
-1.1721377,-3.312325,-0.71568513,0.1343683,-0.98197651,0.13291836,0
-0.41989195,-3.2987983,-1.3762021,0.1343683,-0.98197651,0.13291836,0
2.4634075,2.5668645,1.3625866,0.58752394,0.18696257,0.78731215,0
-1.2437739,0.071185187,-2.8991826,-0.58752394,-0.18696257,-0.78731215,0
-1.1844995,0.3743788,-3.0154145,-0.58752394,-0.18696257,-0.78731215,0
-0.53796518,-3.3293304,-1.4824069,0.1343683,-0.98197651,0.13291836,0
0.93601346,3.2818298,0.72909045,-0.1343683,0.98197651,-0.13291836,0
-0.8872292,2.8973174,-0.26848531,-0.1343683,0.98197651,-0.13291836,0
3.18152,-1.8323016,1.8713694,0.58752394,0.18696257,0.78731215,0
0.62802553,3.4504097,2.2858744,-0.1343683,0.98197651,-0.13291836,0
-2.0213935,0.13718045,-0.18140762,-0.7979728,-0.027696967,0.60205662,0
-0.68181109,-3.3616016,-1.5754049,0.1343683,-0.98197651,0.13291836,0
-0.71403837,-0.57931596,-3.1400182,-0.58752394,-0.18696257,-0.78731215,0
-1.9790835,0.84697568,-2.5346911,-0.58752394,-0.18696257,-0.78731215,0
1.0781393,-2.4287219,3.5373886,0.1343683,-0.98197651,0.13291836,0
0.24990821,-2.7934496,1.6801119,0.1343683,-0.98197651,0.13291836,0
1.5311301,3.2267764,-0.27924275,-0.1343683,0.98197651,-0.13291836,0
-2.2636867,-0.14287806,-0.51542938,-0.7979728,-0.027696967,0.60205662,0
1.2700231,-2.6124036,1.9864054,0.1343683,-0.98197651,0.13291836,0
-0.17875957,0.31688315,-2.7138119,0.7979728,0.027696967,-0.60205662,0
0.10004765,-3.1554065,-0.84246206,0.1343683,-0.98197651,0.13291836,0
-0.023817301,-1.4409059,2.3936045,-0.7979728,-0.027696967,0.60205662,0
2.8206584,-0.72366619,1.8773918,0.58752394,0.18696257,0.78731215,0
-2.8745897,1.0978976,-1.9260149,-0.58752394,-0.18696257,-0.78731215,0
-0.39815068,2.0120714,2.0563099,-0.7979728,-0.027696967,0.60205662,0
2.3364756,-2.5785692,1.1582842,0.1343683,-0.98197651,0.13291836,0
-1.3765016,-0.58476901,0.64012688,-0.7979728,-0.027696967,0.60205662,0
-1.0669391,-2.2257414,-2.4856939,-0.58752394,-0.18696257,-0.78731215,0
-0.8859396,2.7319288,-1.4916501,-0.1343683,0.98197651,-0.13291836,0
-0.80688787,-1.8608053,-2.7664158,-0.58752394,-0.18696257,-0.78731215,0
1.1119707,2.928134,-0.88293481,0.7979728,0.027696967,-0.60205662,0
-0.87181997,-2.2643085,-2.6221411,-0.58752394,-0.18696257,-0.78731215,0
-1.4749084,-1.4968553,-2.3543391,-0.58752394,-0.18696257,-0.78731215,0
1.5946746,3.3835931,0.81505346,-0.1343683,0.98197651,-0.13291836,0
-1.8574109,-1.069582,-2.1703646,-0.58752394,-0.18696257,-0.78731215,0
-2.9338732,0.074486494,-1.6387463,-0.58752394,-0.18696257,-0.78731215,0
2.4665906,-2.5042911,1.5755019,0.1343683,-0.98197651,0.13291836,0
0.27389175,3.153703,0.45185709,-0.1343683,0.98197651,-0.13291836,0
2.7755108,-2.4040463,2.0038018,0.1343683,-0.98197651,0.13291836,0
2.2330296,-0.23561728,2.2000074,0.58752394,0.18696257,0.78731215,0
-1.4489543,1.0982234,-2.9899585,-0.58752394,-0.18696257,-0.78731215,0
2.0798054,-2.3584273,2.8184521,0.58752394,0.18696257,0.78731215,0
2.2955151,-2.3853633,2.6270602,0.1343683,-0.98197651,0.13291836,0
-2.4230359,-0.16875267,-1.9621918,-0.58752394,-0.18696257,-0.78731215,0
2.0213208,-2.676343,0.75454259,0.1343683,-0.98197651,0.13291836,0
-1.2652431,-2.5883961,0.69541478,-0.7979728,-0.027696967,0.60205662,0
3.0066776,-1.058966,1.8182001,0.58752394,0.18696257,0.78731215,0
-1.2925973,-3.4619923,-1.6996226,0.1343683,-0.98197651,0.13291836,0
2.7062705,0.98227549,1.1406509,0.7979728,0.027696967,-0.60205662,0
1.2693369,3.0573685,2.1371703,0.58752394,0.18696257,0.78731215,0
1.6639382,-2.7484293,0.58326149,0.1343683,-0.98197651,0.13291836,0
0.43547821,3.3716154,1.8984056,-0.1343683,0.98197651,-0.13291836,0
2.6060061,2.0041306,1.3898059,0.58752394,0.18696257,0.78731215,0
0.071139395,3.0908253,0.19229317,-0.1343683,0.98197651,-0.13291836,0
-0.38015652,1.2464063,-2.9379838,0.7979728,0.027696967,-0.60205662,0
-2.418982,-1.229605,-1.7132969,-0.58752394,-0.18696257,-0.78731215,0
2.1440041,0.37167299,2.1222289,0.58752394,0.18696257,0.78731215,0
-0.68720317,-0.97777891,-3.0654211,-0.58752394,-0.18696257,-0.78731215,0
-0.43819904,0.064578295,1.9136366,-0.7979728,-0.027696967,0.60205662,0
-1.4932562,-2.9577713,0.37621069,-0.7979728,-0.027696967,0.60205662,0
1.4608331,-0.56800568,-0.58138537,0.7979728,0.027696967,-0.60205662,0
0.59421301,0.46346608,3.2569475,0.58752394,0.18696257,0.78731215,0
1.0213594,0.34000218,-1.1220967,0.7979728,0.027696967,-0.60205662,0
1.3672295,3.0874918,2.0569658,0.58752394,0.18696257,0.78731215,0
-0.99688768,1.318751,-3.3796775,-0.58752394,-0.18696257,-0.78731215,0
-0.83603102,-3.2561088,-0.64014101,0.1343683,-0.98197651,0.13291836,0
-1.7543457,2.7086778,0.29084039,-0.7979728,-0.027696967,0.60205662,0
0.49056768,2.9267888,-1.443583,-0.1343683,0.98197651,-0.13291836,0
1.4336932,3.4235942,1.2733095,-0.1343683,0.98197651,-0.13291836,0
2.8670037,-2.1736453,2.1871324,0.58752394,0.18696257,0.78731215,0
-0.23655879,0.15672243,2.1851315,-0.7979728,-0.027696967,0.60205662,0
1.8637769,0.40946627,2.322371,0.58752394,0.18696257,0.78731215,0
1.8188355,-2.7704458,-0.20820618,0.7979728,0.027696967,-0.60205662,0
2.5911584,0.77368927,1.693078,0.58752394,0.18696257,0.78731215,0
1.6671968,0.84183753,-0.24300981,0.7979728,0.027696967,-0.60205662,0
1.9373305,-0.50278246,0.053170256,0.7979728,0.027696967,-0.60205662,0
-1.2652916,-3.1901846,0.28083611,0.1343683,-0.98197651,0.13291836,0
-1.7876678,-0.72421539,-2.3044238,-0.58752394,-0.18696257,-0.78731215,0
-0.71059829,-3.2606926,-0.80080581,0.1343683,-0.98197651,0.13291836,0
-0.24494308,-2.9792161,0.80795622,0.1343683,-0.98197651,0.13291836,0
-1.6432409,2.3223891,-3.1356759,-0.58752394,-0.18696257,-0.78731215,0
-1.6028054,-0.83421695,-2.4162536,-0.58752394,-0.18696257,-0.78731215,0
-0.10811937,2.693228,2.4720569,-0.7979728,-0.027696967,0.60205662,0
2.182766,-2.697341,0.43620706,0.1343683,-0.98197651,0.13291836,0
1.4640802,-0.64661551,-0.58069789,0.7979728,0.027696967,-0.60205662,0
1.3728211,1.2855965,-0.612764,0.7979728,0.027696967,-0.60205662,0
0.70372272,-0.18808183,3.3299494,0.58752394,0.18696257,0.78731215,0
-1.4857769,2.8724847,0.1531322,-0.1343683,0.98197651,-0.13291836,0
-0.075656891,1.3954446,2.4553797,-0.7979728,-0.027696967,0.60205662,0
0.50055075,-1.4289995,3.0891562,-0.7979728,-0.027696967,0.60205662,0
1.1770775,3.4303455,1.5826035,-0.1343683,0.98197651,-0.13291836,0
0.74133515,2.4910004,-1.3942893,0.7979728,0.027696967,-0.60205662,0
-1.3051326,-3.3613474,-2.0382729,-0.58752394,-0.18696257,-0.78731215,0
2.0948403,-0.39056897,2.3399262,0.58752394,0.18696257,0.78731215,0
-2.8196626,1.2270335,-1.1893052,-0.7979728,-0.027696967,0.60205662,0
-1.3598423,2.4353056,-3.2039742,-0.1343683,0.98197651,-0.13291836,0
0.59572583,3.0459523,-0.66952872,-0.1343683,0.98197651,-0.13291836,0
-2.6872909,0.67944348,-1.9664143,-0.58752394,-0.18696257,-0.78731215,0
-2.4468777,1.5268308,-2.3470492,-0.58752394,-0.18696257,-0.78731215,0
0.8281498,-2.5074017,3.2088339,0.1343683,-0.98197651,0.13291836,0
0.10533261,-2.5967052,2.5116096,-0.7979728,-0.027696967,0.60205662,0
-1.5451853,-0.25876236,-2.5959046,-0.58752394,-0.18696257,-0.78731215,0
-2.5601301,-3.4333591,-1.0597155,-0.7979728,-0.027696967,0.60205662,0
-0.21007609,2.9631598,-0.46659255,-0.1343683,0.98197651,-0.13291836,0
2.5259817,-2.3865721,2.385149,0.1343683,-0.98197651,0.13291836,0
0.93017983,-0.6134733,3.2619753,0.58752394,0.18696257,0.78731215,0
1.556356,1.9810693,2.1785736,0.58752394,0.18696257,0.78731215,0
1.7740133,0.88689023,2.2759831,0.58752394,0.18696257,0.78731215,0
-1.1732335,-2.1936388,-2.413996,-0.58752394,-0.18696257,-0.78731215,0
-0.50169325,-3.3718262,-1.8330244,0.1343683,-0.98197651,0.13291836,0
0.71511418,0.12028003,-1.5381057,0.7979728,0.027696967,-0.60205662,0
-1.8049302,-3.3566089,-0.40315056,0.1343683,-0.98197651,0.13291836,0
0.31148911,3.037745,2.8566151,0.58752394,0.18696257,0.78731215,0
-0.77297664,-1.0216132,-2.991004,-0.58752394,-0.18696257,-0.78731215,0
0.20124894,-3.0573916,-0.22065163,0.1343683,-0.98197651,0.13291836,0
0.9683063,-0.39437532,3.181495,0.58752394,0.18696257,0.78731215,0
-0.74616623,3.0731068,0.88761187,-0.1343683,0.98197651,-0.13291836,0
1.7215877,3.5032306,1.5706139,-0.1343683,0.98197651,-0.13291836,0
1.895119,1.5884222,2.0190167,0.58752394,0.18696257,0.78731215,0
-1.6511023,0.22906673,0.31360769,-0.7979728,-0.027696967,0.60205662,0
0.43006122,-2.0742335,-2.0168748,0.7979728,0.027696967,-0.60205662,0
-2.5028231,-3.348031,-0.97983456,-0.7979728,-0.027696967,0.60205662,0
-2.6825507,2.3208718,-2.3597407,-0.58752394,-0.18696257,-0.78731215,0
2.1320927,-1.752925,2.6356449,0.58752394,0.18696257,0.78731215,0
1.1794825,1.7926543,2.5045543,0.58752394,0.18696257,0.78731215,0
2.1929269,0.94905889,0.45873177,0.7979728,0.027696967,-0.60205662,0
0.10858226,3.1830401,2.7818089,-0.7979728,-0.027696967,0.60205662,0
-2.3735905,2.2183018,-2.5659423,-0.58752394,-0.18696257,-0.78731215,0
-0.042040348,-3.1829481,-0.90229559,0.1343683,-0.98197651,0.13291836,0
2.3378682,3.3120613,0.759547,0.7979728,0.027696967,-0.60205662,0
-2.4783566,0.95373887,-2.1874666,-0.58752394,-0.18696257,-0.78731215,0
-2.3561473,2.4859815,-1.8224173,-0.1343683,0.98197651,-0.13291836,0
0.58818579,0.25950536,3.2829862,-0.7979728,-0.027696967,0.60205662,0
-1.0155053,2.0376458,-3.5364995,-0.58752394,-0.18696257,-0.78731215,0
-1.8391922,0.069394946,-2.4544322,-0.58752394,-0.18696257,-0.78731215,0
-0.70699269,3.0544786,0.71038985,-0.1343683,0.98197651,-0.13291836,0
-0.76518351,-3.0953763,0.47570086,0.1343683,-0.98197651,0.13291836,0
1.3806102,0.09477219,2.7576599,0.58752394,0.18696257,0.78731215,0
0.54636097,-1.6682509,3.1388667,-0.7979728,-0.027696967,0.60205662,0
2.6241331,-1.266428,0.92833567,0.7979728,0.027696967,-0.60205662,0
-2.8287354,1.9169912,-2.1547425,-0.58752394,-0.18696257,-0.78731215,0
-0.84792608,-3.1287422,0.31284308,0.1343683,-0.98197651,0.13291836,0
-1.4783053,1.8409561,0.61678839,-0.7979728,-0.027696967,0.60205662,0
-1.0154041,2.2439039,1.2488604,-0.7979728,-0.027696967,0.60205662,0
2.2794871,-0.25991845,2.1711102,0.58752394,0.18696257,0.78731215,0
1.5599189,-2.4154949,3.1480763,0.1343683,-0.98197651,0.13291836,0
2.0839047,-0.61009586,0.24250507,0.7979728,0.027696967,-0.60205662,0
1.4716799,-2.9225512,-0.50876307,0.1343683,-0.98197651,0.13291836,0
0.73707092,-2.4409976,-1.6268334,0.7979728,0.027696967,-0.60205662,0
2.1475482,-1.0041627,0.30872983,0.7979728,0.027696967,-0.60205662,0
-2.1840692,-3.0439911,-1.4577372,-0.58752394,-0.18696257,-0.78731215,0
-0.01055479,1.7039444,2.5558591,-0.7979728,-0.027696967,0.60205662,0
0.26716542,-1.2421813,2.7884188,-0.7979728,-0.027696967,0.60205662,0
-1.1135808,2.7840328,-0.87658978,-0.1343683,0.98197651,-0.13291836,0
0.11827445,3.4012208,2.4377878,-0.1343683,0.98197651,-0.13291836,0
2.274332,3.0638692,0.66391683,0.7979728,0.027696967,-0.60205662,0
0.96151233,-1.1307904,3.3614414,0.58752394,0.18696257,0.78731215,0
0.687096,1.3097363,-1.5205212,0.7979728,0.027696967,-0.60205662,0
-1.780885,-0.53471649,0.10645491,-0.7979728,-0.027696967,0.60205662,0
0.60019493,1.8850691,2.9148965,0.58752394,0.18696257,0.78731215,0
0.0054788291,3.1078482,0.38443089,-0.1343683,0.98197651,-0.13291836,0
-2.4208655,0.36083949,-2.0895736,-0.58752394,-0.18696257,-0.78731215,0
-2.8804402,1.3054663,-1.2662518,-0.7979728,-0.027696967,0.60205662,0
-0.21887016,-0.75620127,-2.8163409,0.7979728,0.027696967,-0.60205662,0
-2.4470837,-0.54864371,-1.8540339,-0.58752394,-0.18696257,-0.78731215,0
2.8506422,1.1953015,1.3993206,0.58752394,0.18696257,0.78731215,0
-0.51351929,-0.31790125,-3.1867089,0.7979728,0.027696967,-0.60205662,0
-0.96249461,-2.773808,-2.4334855,-0.58752394,-0.18696257,-0.78731215,0
-0.81080854,-3.1295793,0.26913881,0.1343683,-0.98197651,0.13291836,0
1.2836714,-2.5255613,2.6141839,0.1343683,-0.98197651,0.13291836,0
0.19383907,-3.3120494,-2.094523,0.1343683,-0.98197651,0.13291836,0
0.29735446,1.4763837,-2.0294232,0.7979728,0.027696967,-0.60205662,0
-1.3051138,0.56472081,-2.9706078,-0.58752394,-0.18696257,-0.78731215,0
0.38000178,1.087486,3.0451477,-0.7979728,-0.027696967,0.60205662,0
1.0025012,-2.832628,0.62986875,0.1343683,-0.98197651,0.13291836,0
-2.1872668,-1.1827437,-1.8973404,-0.58752394,-0.18696257,-0.78731215,0
-0.29710698,-1.1975923,-2.9403431,0.7979728,0.027696967,-0.60205662,0
1.8382275,1.5642532,2.0672107,0.58752394,0.18696257,0.78731215,0
-1.8573124,-1.6851207,-2.0242662,-0.58752394,-0.18696257,-0.78731215,0
-0.2348758,-0.22347611,2.1698718,-0.7979728,-0.027696967,0.60205662,0
-1.8665349,-1.8687526,-1.9737775,-0.58752394,-0.18696257,-0.78731215,0
1.294349,3.3320341,2.0532808,0.58752394,0.18696257,0.78731215,0
2.9103675,-1.0767577,1.8942958,0.58752394,0.18696257,0.78731215,0
1.9646721,-0.93599457,2.5665851,0.58752394,0.18696257,0.78731215,0
-0.72075868,1.0531968,1.5846093,-0.7979728,-0.027696967,0.60205662,0
0.14518499,-3.1193924,-0.6220243,0.1343683,-0.98197651,0.13291836,0
-1.4030163,-1.2286577,0.57536232,-0.7979728,-0.027696967,0.60205662,0
-0.90780735,0.82474583,-3.3288414,-0.58752394,-0.18696257,-0.78731215,0
-0.5409863,2.7883012,-1.4238966,-0.1343683,0.98197651,-0.13291836,0
2.7607594,1.0165079,1.2144465,0.7979728,0.027696967,-0.60205662,0
