-1.4624252,2.207144,2.2939794,0.61928421,0.37038922,0.69231415,0
-2.6139498,-0.059830427,0.20357585,-0.61928421,-0.37038922,-0.69231415,0
-3.8756893,2.9256804,1.7136209,-0.74290359,-0.0089741945,0.66933835,0
-4.642478,2.3055391,0.85424244,-0.74290359,-0.0089741945,0.66933835,0
-0.9201448,3.1040354,-1.4207163,-0.25412869,0.92883331,-0.2696059,0
-1.482954,-3.4145393,2.616127,0.25412869,-0.92883331,0.2696059,0
-0.60757971,-2.9952693,3.2354536,0.25412869,-0.92883331,0.2696059,0
2.584831,-2.7236142,1.162203,0.25412869,-0.92883331,0.2696059,0
-3.6696334,-0.16843009,1.9008393,-0.74290359,-0.0089741945,0.66933835,0
-1.1481705,2.400187,1.9095964,0.61928421,0.37038922,0.69231415,0
3.5125856,-3.4022155,-2.0501771,0.25412869,-0.92883331,0.2696059,0
0.41078615,-3.7915256,-0.46767551,0.25412869,-0.92883331,0.2696059,0
1.2832638,0.043677211,0.99538249,0.61928421,0.37038922,0.69231415,0
-2.5777981,-1.2974859,3.0975375,-0.74290359,-0.0089741945,0.66933835,0
-2.9305475,3.3812399,1.429288,-0.25412869,0.92883331,-0.2696059,0
1.0047975,3.5617883,-1.6581247,-0.25412869,0.92883331,-0.2696059,0
3.2295766,-3.5391121,-2.2550445,0.25412869,-0.92883331,0.2696059,0
-1.5676954,-3.0456085,3.9670267,0.25412869,-0.92883331,0.2696059,0
-0.11908358,-2.2786133,-0.84106266,-0.61928421,-0.37038922,-0.69231415,0
0.73771501,-2.1591203,2.6618834,0.61928421,0.37038922,0.69231415,0
-1.6021099,-3.0395596,4.0203056,0.25412869,-0.92883331,0.2696059,0
-4.1181679,3.0518887,1.4140651,-0.25412869,0.92883331,-0.2696059,0
3.5478492,-1.4662136,-2.0579255,0.74290359,0.0089741945,-0.66933835,0
2.7156203,-0.8116504,-2.9728463,0.74290359,0.0089741945,-0.66933835,0
-3.4347122,3.1798074,1.2105446,-0.25412869,0.92883331,-0.2696059,0
3.8368714,-1.6948825,-1.7402034,0.74290359,0.0089741945,-0.66933835,0
4.5720558,-2.7279582,-0.93806779,0.74290359,0.0089741945,-0.66933835,0
-0.56244135,3.6884902,0.69640958,0.61928421,0.37038922,0.69231415,0
2.5601418,0.52835631,-3.1274469,0.74290359,0.0089741945,-0.66933835,0
2.9832232,-2.7377264,0.73806298,0.25412869,-0.92883331,0.2696059,0
3.3538332,-3.4850621,-2.1859574,0.25412869,-0.92883331,0.2696059,0
2.8464315,-0.59235603,-2.824718,0.74290359,0.0089741945,-0.66933835,0
1.9129758,0.79733032,-3.842135,0.74290359,0.0089741945,-0.66933835,0
3.3799355,0.11167824,-2.2231383,0.74290359,0.0089741945,-0.66933835,0
2.4399316,-3.502892,-1.3859465,0.25412869,-0.92883331,0.2696059,0
-1.1410677,-1.8724844,4.1891289,0.61928421,0.37038922,0.69231415,0
-1.6912606,-1.156805,4.0833988,-0.74290359,-0.0089741945,0.66933835,0
-1.8440545,-0.46421075,3.9230976,-0.74290359,-0.0089741945,0.66933835,0
1.7440498,0.4151715,0.38445327,0.61928421,0.37038922,0.69231415,0
2.6101274,-2.8560829,0.68198389,0.25412869,-0.92883331,0.2696059,0
1.0367622,-2.8999562,2.0138769,0.25412869,-0.92883331,0.2696059,0
2.8283372,-2.216924,-2.8665824,0.74290359,0.0089741945,-0.66933835,0
-0.2137208,3.5306773,-0.61673963,-0.25412869,0.92883331,-0.2696059,0
-4.1960568,0.78180814,1.1685138,-0.61928421,-0.37038922,-0.69231415,0
1.7799133,3.1574168,-1.114733,0.61928421,0.37038922,0.69231415,0
-3.1103685,-2.63973,2.4884381,-0.74290359,-0.0089741945,0.66933835,0
3.1784785,2.0900347,-2.420212,0.74290359,0.0089741945,-0.66933835,0
0.96848989,-3.1987617,1.0488007,0.25412869,-0.92883331,0.2696059,0
-3.9341879,-0.27541947,1.6057745,-0.74290359,-0.0089741945,0.66933835,0
-1.867933,-1.1620347,3.8872383,-0.74290359,-0.0089741945,0.66933835,0
-2.9689136,1.4454601,2.700212,-0.74290359,-0.0089741945,0.66933835,0
-0.10123026,-3.0395014,-0.44995618,-0.61928421,-0.37038922,-0.69231415,0
3.1397259,-1.5233355,0.17310691,0.61928421,0.37038922,0.69231415,0
-0.28275466,3.6610072,-0.10266411,-0.25412869,0.92883331,-0.2696059,0
-1.4144729,-1.3152734,-0.19770807,-0.61928421,-0.37038922,-0.69231415,0
2.9178977,-0.1669873,-2.7396936,0.74290359,0.0089741945,-0.66933835,0
-2.2521961,3.1126671,-0.1353958,-0.25412869,0.92883331,-0.2696059,0
1.9646931,1.6724505,-3.7730002,0.74290359,0.0089741945,-0.66933835,0
-1.1542549,3.7783673,1.1231312,-0.25412869,0.92883331,-0.2696059,0
-3.7356486,2.2273273,1.85969,-0.74290359,-0.0089741945,0.66933835,0
-2.0935876,3.3576527,0.55911332,-0.25412869,0.92883331,-0.2696059,0
3.474791,-0.85708767,-2.1308465,0.74290359,0.0089741945,-0.66933835,0
0.10766315,3.6470964,-0.51859295,-0.25412869,0.92883331,-0.2696059,0
2.026592,-3.2239647,-0.03538841,0.25412869,-0.92883331,0.2696059,0
-4.0686593,2.8401618,0.63796788,-0.25412869,0.92883331,-0.2696059,0
-1.4504361,2.4274049,-2.1678777,-0.61928421,-0.37038922,-0.69231415,0
-3.7749386,2.4642775,-0.10830641,-0.61928421,-0.37038922,-0.69231415,0
4.3079233,-2.7986355,-0.72043133,0.25412869,-0.92883331,0.2696059,0
-4.3343177,1.2327584,1.181888,-0.74290359,-0.0089741945,0.66933835,0
3.057132,-0.045768976,-0.54351223,0.61928421,0.37038922,0.69231415,0
4.0927877,-1.8330781,-1.4580129,0.74290359,0.0089741945,-0.66933835,0
-0.10217482,-2.267246,-0.86226946,-0.61928421,-0.37038922,-0.69231415,0
1.9947567,1.9684286,-3.7356639,0.74290359,0.0089741945,-0.66933835,0
-0.35741746,-1.3869375,3.228375,0.61928421,0.37038922,0.69231415,0
-2.828371,3.7032807,2.4424565,-0.25412869,0.92883331,-0.2696059,0
4.1958189,-2.9987707,-1.30426,0.25412869,-0.92883331,0.2696059,0
2.8259435,-3.0948434,-2.8810098,0.74290359,0.0089741945,-0.66933835,0
4.2813334,-1.4806781,-1.2440201,0.74290359,0.0089741945,-0.66933835,0
2.0896509,3.7736106,-1.9509416,-0.25412869,0.92883331,-0.2696059,0
3.9180605,-1.5695372,-1.6484106,0.74290359,0.0089741945,-0.66933835,0
-2.1292894,2.300168,-1.4925623,-0.61928421,-0.37038922,-0.69231415,0
1.1501558,3.3605638,-0.66009057,0.61928421,0.37038922,0.69231415,0
-2.6119552,-1.338257,3.0590801,-0.74290359,-0.0089741945,0.66933835,0
2.6039257,-2.9327176,0.42381188,0.25412869,-0.92883331,0.2696059,0
1.9023948,2.7958426,-1.0308512,0.61928421,0.37038922,0.69231415,0
-2.2254858,0.62572885,3.5143573,-0.74290359,-0.0089741945,0.66933835,0
-1.5704795,-3.5688443,2.1670237,0.25412869,-0.92883331,0.2696059,0
0.71375942,-2.8853292,2.3687296,0.25412869,-0.92883331,0.2696059,0
-1.4094131,3.2261572,-0.53880686,-0.25412869,0.92883331,-0.2696059,0
1.0324399,-3.6209526,-0.46599162,0.25412869,-0.92883331,0.2696059,0
-1.3891959,2.6697178,-2.3522959,-0.61928421,-0.37038922,-0.69231415,0
1.1677814,-0.30907285,1.287405,0.61928421,0.37038922,0.69231415,0
3.0450118,-3.0058825,-0.24401753,0.25412869,-0.92883331,0.2696059,0
-2.7379577,-3.7715716,2.5690556,0.25412869,-0.92883331,0.2696059,0
-4.1399527,1.3250797,1.3988534,-0.74290359,-0.0089741945,0.66933835,0
-3.0351791,1.0130172,2.6208653,-0.74290359,-0.0089741945,0.66933835,0
-2.9214156,3.214962,0.84782732,-0.25412869,0.92883331,-0.2696059,0
3.5823076,-0.80262232,-2.0107827,0.74290359,0.0089741945,-0.66933835,0
1.585557,3.5449252,-2.2636411,-0.25412869,0.92883331,-0.2696059,0
2.8346393,-2.7216485,0.93350816,0.25412869,-0.92883331,0.2696059,0
3.3912654,-2.8992939,-2.2509332,0.74290359,0.0089741945,-0.66933835,0
3.7255833,0.88040304,-1.8291944,0.74290359,0.0089741945,-0.66933835,0
-0.34260222,1.7860007,1.5175954,0.61928421,0.37038922,0.69231415,0
-1.9240651,-1.6871061,0.4570601,-0.61928421,-0.37038922,-0.69231415,0
3.5008829,1.6299758,-2.0685415,0.74290359,0.0089741945,-0.66933835,0
-0.22963285,2.9590802,-2.5709803,-0.25412869,0.92883331,-0.2696059,0
-3.2342329,3.2345381,2.4297192,-0.74290359,-0.0089741945,0.66933835,0
1.5499861,-3.0246794,1.1004258,0.25412869,-0.92883331,0.2696059,0
3.6169562,-2.6025653,0.32360756,0.61928421,0.37038922,0.69231415,0
-2.9654796,-2.7553873,2.6477001,-0.74290359,-0.0089741945,0.66933835,0
0.85678697,2.075639,-4.0435243,-0.61928421,-0.37038922,-0.69231415,0
-0.61519289,-2.3076754,-0.38173819,-0.61928421,-0.37038922,-0.69231415,0
4.3765178,-2.4376967,-1.1512051,0.74290359,0.0089741945,-0.66933835,0
0.53560364,1.8096455,0.71937853,0.61928421,0.37038922,0.69231415,0
3.8683913,-0.55870581,-1.6899859,0.74290359,0.0089741945,-0.66933835,0
-4.4505963,1.9261653,1.0621266,-0.74290359,-0.0089741945,0.66933835,0
0.86666584,2.9469931,-3.6459858,-0.25412869,0.92883331,-0.2696059,0
2.8703163,2.8685374,-2.7518053,0.74290359,0.0089741945,-0.66933835,0
-0.48456705,-0.83259428,3.0455375,0.61928421,0.37038922,0.69231415,0
-2.7403986,0.38860327,2.9396725,-0.74290359,-0.0089741945,0.66933835,0
-2.3788092,3.2678514,0.51858211,-0.25412869,0.92883331,-0.2696059,0
3.7823539,-2.6919024,-1.8140807,0.74290359,0.0089741945,-0.66933835,0
0.71617126,2.0349362,0.43732744,0.61928421,0.37038922,0.69231415,0
3.0869431,1.7859637,-2.5258846,0.74290359,0.0089741945,-0.66933835,0
-1.3657312,2.6904421,-2.3843727,-0.61928421,-0.37038922,-0.69231415,0
-0.90872127,-1.6769238,-0.45662624,-0.61928421,-0.37038922,-0.69231415,0
3.693264,-0.6308825,-1.8853288,0.74290359,0.0089741945,-0.66933835,0
-2.4483593,0.95160198,3.2713575,-0.74290359,-0.0089741945,0.66933835,0
-1.1599748,-1.3935748,-0.38346881,-0.61928421,-0.37038922,-0.69231415,0
0.99234438,2.7721128,-4.3669386,-0.25412869,0.92883331,-0.2696059,0
0.66789341,-3.1345875,1.5532297,0.25412869,-0.92883331,0.2696059,0
0.46512389,-3.5183437,0.42226064,0.25412869,-0.92883331,0.2696059,0
-2.6053963,3.1611855,0.36468077,-0.25412869,0.92883331,-0.2696059,0
3.5356925,0.9068985,-1.48127,0.61928421,0.37038922,0.69231415,0
2.5983622,-3.6033597,-2.5631127,-0.61928421,-0.37038922,-0.69231415,0
-2.5029027,3.0529633,-0.10477006,-0.25412869,0.92883331,-0.2696059,0
-2.7544985,-1.8928777,2.8934336,-0.74290359,-0.0089741945,0.66933835,0
-1.1234304,-3.4926517,2.0081344,0.25412869,-0.92883331,0.2696059,0
-2.8832607,-1.1150757,2.7609477,-0.74290359,-0.0089741945,0.66933835,0
-2.5432208,-2.0470915,3.1258655,-0.74290359,-0.0089741945,0.66933835,0
1.9245406,-1.2415352,-3.2239501,-0.61928421,-0.37038922,-0.69231415,0
-0.36333537,2.9108484,-2.6111193,-0.25412869,0.92883331,-0.2696059,0
3.0474648,1.7232343,-2.5705426,0.74290359,0.0089741945,-0.66933835,0
3.3403263,-1.711113,0.09412843,0.61928421,0.37038922,0.69231415,0
2.2655544,-3.5655499,-1.4374454,0.25412869,-0.92883331,0.2696059,0
-0.083714008,3.7656555,0.070251107,-0.25412869,0.92883331,-0.2696059,0
-3.7864523,1.1410379,1.7887386,-0.74290359,-0.0089741945,0.66933835,0
-1.6061628,3.0741835,-0.87692416,-0.25412869,0.92883331,-0.2696059,0
2.186888,2.0174394,-0.86888742,0.61928421,0.37038922,0.69231415,0
4.2842555,-1.282871,-0.97933924,0.61928421,0.37038922,0.69231415,0
-2.0035372,0.49331152,-0.63837808,-0.61928421,-0.37038922,-0.69231415,0
3.4797981,0.65878272,-2.1049652,0.74290359,0.0089741945,-0.66933835,0
0.7160151,2.8071148,-3.9858854,-0.25412869,0.92883331,-0.2696059,0
-1.8093215,0.78231931,3.3665667,0.61928421,0.37038922,0.69231415,0
3.7396631,-1.970898,-0.12409824,0.61928421,0.37038922,0.69231415,0
1.1727567,0.29735371,-3.3747778,-0.61928421,-0.37038922,-0.69231415,0
-0.1341649,-1.0287828,-1.4962336,-0.61928421,-0.37038922,-0.69231415,0
-2.9487321,2.834424,-0.43743521,-0.25412869,0.92883331,-0.2696059,0
1.977294,3.2668676,-3.5908408,-0.25412869,0.92883331,-0.2696059,0
-1.3368382,2.2916033,2.1364546,0.61928421,0.37038922,0.69231415,0
-3.7870655,0.080567837,1.7738394,-0.74290359,-0.0089741945,0.66933835,0
-2.5034769,-0.99323046,3.1841071,-0.74290359,-0.0089741945,0.66933835,0
-3.155853,1.9802681,2.499897,-0.74290359,-0.0089741945,0.66933835,0
1.3103135,-0.67850471,-2.9757383,-0.61928421,-0.37038922,-0.69231415,0
2.8472126,-3.7426348,-2.5957983,0.25412869,-0.92883331,0.2696059,0
1.8873014,-3.0171769,0.80832177,0.25412869,-0.92883331,0.2696059,0
-1.1691643,-2.0140862,4.290019,0.61928421,0.37038922,0.69231415,0
1.9776427,0.58772826,-3.7731709,0.74290359,0.0089741945,-0.66933835,0
0.16199642,1.3338653,1.3081183,0.61928421,0.37038922,0.69231415,0
-0.75343239,-0.32592613,3.0149729,0.61928421,0.37038922,0.69231415,0
3.1735246,-2.7808533,0.41010749,0.25412869,-0.92883331,0.2696059,0
-1.6602062,-1.6188769,4.1116705,-0.74290359,-0.0089741945,0.66933835,0
1.3997742,3.3148053,-2.8813219,-0.25412869,0.92883331,-0.2696059,0
-0.2690866,-3.4276354,1.4268265,0.25412869,-0.92883331,0.2696059,0
-2.6408753,2.8123481,-0.80367464,-0.25412869,0.92883331,-0.2696059,0
0.81022799,3.6382143,-0.5045644,0.61928421,0.37038922,0.69231415,0
1.4223117,-3.738492,-1.2384226,0.25412869,-0.92883331,0.2696059,0
-2.8366437,0.39515328,2.832937,-0.74290359,-0.0089741945,0.66933835,0
-3.6619606,3.3210657,1.9114032,-0.25412869,0.92883331,-0.2696059,0
-1.1892502,3.5183606,0.26035413,-0.25412869,0.92883331,-0.2696059,0
3.3973143,-1.2459478,-2.2220521,0.74290359,0.0089741945,-0.66933835,0
0.56394076,3.5893478,-1.1476297,-0.25412869,0.92883331,-0.2696059,0
-3.1869264,3.2033012,1.0579226,-0.25412869,0.92883331,-0.2696059,0
1.3361748,3.6465812,-1.6783547,-0.25412869,0.92883331,-0.2696059,0
1.522362,1.6990826,-0.10413861,0.61928421,0.37038922,0.69231415,0
2.2672524,-1.6168141,1.003557,0.61928421,0.37038922,0.69231415,0
1.8037453,-2.9775476,1.0236099,0.25412869,-0.92883331,0.2696059,0
3.8752761,-0.30247021,-1.6789087,0.74290359,0.0089741945,-0.66933835,0
1.2539895,-3.1360755,0.99565262,0.25412869,-0.92883331,0.2696059,0
-4.0629463,1.7352977,1.4898232,-0.74290359,-0.0089741945,0.66933835,0
3.8994308,-0.017412901,-1.6482778,0.74290359,0.0089741945,-0.66933835,0
2.8838813,2.0723977,-2.7474241,0.74290359,0.0089741945,-0.66933835,0
1.4084314,3.5766184,-1.9874958,-0.25412869,0.92883331,-0.2696059,0
2.0212708,-0.14403865,-3.7345588,0.74290359,0.0089741945,-0.66933835,0
-2.7417104,-1.9552325,2.9067917,-0.74290359,-0.0089741945,0.66933835,0
3.1801829,-2.9293878,-0.10789311,0.25412869,-0.92883331,0.2696059,0
-2.7833571,2.7518029,2.9236774,-0.74290359,-0.0089741945,0.66933835,0
-0.68109918,3.5707207,-0.038237453,-0.25412869,0.92883331,-0.2696059,0
1.5408509,2.5588622,-4.2315407,0.74290359,0.0089741945,-0.66933835,0
-3.6092637,1.0075531,1.9836116,-0.74290359,-0.0089741945,0.66933835,0
3.2103865,2.4620574,-2.3798094,0.74290359,0.0089741945,-0.66933835,0
3.2426164,-3.0924847,-0.72863597,0.25412869,-0.92883331,0.2696059,0
-3.5945313,0.14147377,0.97302091,-0.61928421,-0.37038922,-0.69231415,0
-4.0469089,2.8173397,1.5221307,-0.74290359,-0.0089741945,0.66933835,0
-2.9034235,-3.1647234,2.7110884,-0.74290359,-0.0089741945,0.66933835,0
-2.8444381,2.7031748,2.8552313,-0.74290359,-0.0089741945,0.66933835,0
2.5879793,-2.1026483,-3.1318252,0.74290359,0.0089741945,-0.66933835,0
-2.4131973,3.5353153,1.4724494,-0.25412869,0.92883331,-0.2696059,0
-1.1357861,-3.080389,3.4400883,0.25412869,-0.92883331,0.2696059,0
-4.3130255,2.5630338,1.2233565,-0.74290359,-0.0089741945,0.66933835,0
-0.12290952,-1.4665504,-1.2720954,-0.61928421,-0.37038922,-0.69231415,0
3.1307583,2.837554,-2.1519549,0.61928421,0.37038922,0.69231415,0
1.2331827,1.3124945,0.36136138,0.61928421,0.37038922,0.69231415,0
-0.022036552,3.602941,-0.54846108,-0.25412869,0.92883331,-0.2696059,0
2.3416352,1.319599,-3.3593602,0.74290359,0.0089741945,-0.66933835,0
0.052963495,-3.6847742,0.2373811,0.25412869,-0.92883331,0.2696059,0
-0.19976163,2.8672767,-2.915415,-0.25412869,0.92883331,-0.2696059,0
2.9106627,3.1298304,-2.1114447,0.61928421,0.37038922,0.69231415,0
-2.3081656,-0.65417588,3.4054303,-0.74290359,-0.0089741945,0.66933835,0
-1.1096386,-3.4745533,2.0574844,0.25412869,-0.92883331,0.2696059,0
-3.4107199,0.93868566,2.2030535,-0.74290359,-0.0089741945,0.66933835,0
0.026277542,-3.5077517,0.87240469,0.25412869,-0.92883331,0.2696059,0
-2.113081,-3.4480357,3.0946803,0.25412869,-0.92883331,0.2696059,0
3.2041717,1.3409046,-2.4017391,0.74290359,0.0089741945,-0.66933835,0
2.0877104,-1.8449353,-3.0470877,-0.61928421,-0.37038922,-0.69231415,0
0.52725375,1.444128,-3.410893,-0.61928421,-0.37038922,-0.69231415,0
2.2619097,-0.044991136,0.16740835,0.61928421,0.37038922,0.69231415,0
0.63592112,3.5213521,-0.2861228,0.61928421,0.37038922,0.69231415,0
1.5013142,3.1038864,-3.7036796,-0.25412869,0.92883331,-0.2696059,0
-0.027654409,3.2926664,-1.6121089,-0.25412869,0.92883331,-0.2696059,0
0.49811339,-2.238806,2.9188423,0.61928421,0.37038922,0.69231415,0
-1.6762785,-1.0238677,4.1018095,-0.74290359,-0.0089741945,0.66933835,0
-3.1795206,-0.64772749,2.4383934,-0.74290359,-0.0089741945,0.66933835,0
3.8433971,-1.7890474,-1.7342231,0.74290359,0.0089741945,-0.66933835,0
1.6439295,-3.233161,0.29362398,0.25412869,-0.92883331,0.2696059,0
0.60611987,-3.1707201,1.486975,0.25412869,-0.92883331,0.2696059,0
0.47145462,2.902359,-3.4272339,-0.25412869,0.92883331,-0.2696059,0
1.5881779,2.8090229,-4.1756582,0.74290359,0.0089741945,-0.66933835,0
-0.3789587,3.7284913,0.22051102,-0.25412869,0.92883331,-0.2696059,0
3.5609686,0.12735415,-1.086822,0.61928421,0.37038922,0.69231415,0
2.9200563,-3.6804972,-2.7844057,0.74290359,0.0089741945,-0.66933835,0
-1.9516397,-1.8769943,3.7847462,-0.74290359,-0.0089741945,0.66933835,0
1.5671287,-3.5309107,-0.65977645,0.25412869,-0.92883331,0.2696059,0
3.3836374,-3.105762,-0.90730381,0.25412869,-0.92883331,0.2696059,0
-1.207348,-2.1814804,0.080438018,-0.61928421,-0.37038922,-0.69231415,0
1.6570574,-3.427628,-1.8151195,-0.61928421,-0.37038922,-0.69231415,0
2.3706913,1.1485362,-3.3294044,0.74290359,0.0089741945,-0.66933835,0
3.5973346,-3.1443784,-2.025501,0.74290359,0.0089741945,-0.66933835,0
-4.1115322,2.7077127,1.4489348,-0.74290359,-0.0089741945,0.66933835,0
-2.8298271,2.5311177,2.8691411,-0.74290359,-0.0089741945,0.66933835,0
-1.056361,-3.0996025,3.2990294,0.25412869,-0.92883331,0.2696059,0
-1.4377513,3.625016,0.86203367,-0.25412869,0.92883331,-0.2696059,0
-4.3917789,2.5797107,0.38170856,-0.61928421,-0.37038922,-0.69231415,0
0.6808393,0.53549176,1.2711377,0.61928421,0.37038922,0.69231415,0
0.65692735,3.4487755,-1.7195709,-0.25412869,0.92883331,-0.2696059,0
0.10820699,1.4004593,-3.012687,-0.61928421,-0.37038922,-0.69231415,0
-1.4882767,3.0381732,-1.1121039,-0.25412869,0.92883331,-0.2696059,0
1.0142901,-0.0084757805,1.2638851,0.61928421,0.37038922,0.69231415,0
-2.0322366,2.7722771,-1.5154239,-0.25412869,0.92883331,-0.2696059,0
-1.208413,-3.7020309,1.3668942,0.25412869,-0.92883331,0.2696059,0
-3.6662211,1.6440225,1.9289279,-0.74290359,-0.0089741945,0.66933835,0
2.1370213,-3.4067917,-0.76934505,0.25412869,-0.92883331,0.2696059,0
0.0027282238,1.4014392,-2.918859,-0.61928421,-0.37038922,-0.69231415,0
-0.88872361,-3.4208031,2.0344305,0.25412869,-0.92883331,0.2696059,0
-2.8707995,-1.0273392,2.7759554,-0.74290359,-0.0089741945,0.66933835,0
3.2639358,-0.058853626,-2.3541737,0.74290359,0.0089741945,-0.66933835,0
-1.4213111,-0.32313228,3.6109047,0.61928421,0.37038922,0.69231415,0
-3.665483,2.6668215,1.9434602,-0.74290359,-0.0089741945,0.66933835,0
3.9157653,-2.6711185,-1.6657275,0.74290359,0.0089741945,-0.66933835,0
-0.99501443,3.1619604,1.365046,0.61928421,0.37038922,0.69231415,0
-2.2899179,-3.6684122,2.5021362,0.25412869,-0.92883331,0.2696059,0
-4.1400642,2.4102511,1.4132793,-0.74290359,-0.0089741945,0.66933835,0
-0.31026435,3.4956851,-0.64629269,-0.25412869,0.92883331,-0.2696059,0
-3.2688441,2.9928358,0.41005212,-0.25412869,0.92883331,-0.2696059,0
2.7495689,0.63821518,-2.9157276,0.74290359,0.0089741945,-0.66933835,0
4.3933053,-1.4089791,-1.0094178,0.61928421,0.37038922,0.69231415,0
-1.8139753,3.1838224,-0.30331922,-0.25412869,0.92883331,-0.2696059,0
-0.18886793,-0.31533849,2.504298,0.61928421,0.37038922,0.69231415,0
-2.9844909,1.2742711,2.6806276,-0.74290359,-0.0089741945,0.66933835,0
-2.3540821,-0.26427352,3.3596945,-0.74290359,-0.0089741945,0.66933835,0
-1.4217405,-3.2103245,3.2619791,0.25412869,-0.92883331,0.2696059,0
-3.0786836,-3.4398062,2.4275789,-0.61928421,-0.37038922,-0.69231415,0
-0.26505017,-3.2056434,2.1878176,0.25412869,-0.92883331,0.2696059,0
3.7627668,1.0817482,-1.7779354,0.61928421,0.37038922,0.69231415,0
-3.9490719,2.7737558,1.630136,-0.74290359,-0.0089741945,0.66933835,0
-4.2212944,2.2482626,1.3209493,-0.74290359,-0.0089741945,0.66933835,0
-1.3966475,-2.3255692,0.32685661,-0.61928421,-0.37038922,-0.69231415,0
-3.5801537,0.53759634,2.0096202,-0.74290359,-0.0089741945,0.66933835,0
-1.6187131,-0.58224571,-0.40718359,-0.61928421,-0.37038922,-0.69231415,0
0.40445566,2.9656932,-3.1458859,-0.25412869,0.92883331,-0.2696059,0
-2.1535771,3.3963213,0.74887818,-0.25412869,0.92883331,-0.2696059,0
-1.2145066,-3.8050961,0.95547843,-0.61928421,-0.37038922,-0.69231415,0
0.80498719,3.3984745,-2.0324259,-0.25412869,0.92883331,-0.2696059,0
-2.2770269,-1.184113,3.4328861,-0.74290359,-0.0089741945,0.66933835,0
-0.21809363,-3.1215429,2.4332957,0.25412869,-0.92883331,0.2696059,0
2.7407575,3.4606795,-2.887665,0.74290359,0.0089741945,-0.66933835,0
0.19376111,-3.3287849,1.3311043,0.25412869,-0.92883331,0.2696059,0
-2.1230481,0.60166663,3.6277313,-0.74290359,-0.0089741945,0.66933835,0
2.4945061,1.5901809,-3.18606,0.74290359,0.0089741945,-0.66933835,0
-2.2613389,-1.0541686,3.4520402,-0.74290359,-0.0089741945,0.66933835,0
0.72686219,3.6856518,-0.9694159,-0.25412869,0.92883331,-0.2696059,0
-2.404963,-3.3327816,3.2620802,-0.74290359,-0.0089741945,0.66933835,0
-4.4326115,2.1901236,0.62666345,-0.61928421,-0.37038922,-0.69231415,0
-1.1911461,3.6565363,0.73817778,-0.25412869,0.92883331,-0.2696059,0
0.58322799,-1.7103879,-1.7732912,-0.61928421,-0.37038922,-0.69231415,0
0.77925849,-3.0607069,-1.2262205,-0.61928421,-0.37038922,-0.69231415,0
-2.847796,0.68955648,0.011831284,-0.61928421,-0.37038922,-0.69231415,0
0.39507532,3.1397133,-2.537518,-0.25412869,0.92883331,-0.2696059,0
1.3527793,-1.0879614,1.5386286,0.61928421,0.37038922,0.69231415,0
3.1453192,-2.9637165,-0.19329824,0.25412869,-0.92883331,0.2696059,0
2.9330926,-3.170083,-2.7630932,0.74290359,0.0089741945,-0.66933835,0
4.2048063,-1.7628539,-0.65147901,0.61928421,0.37038922,0.69231415,0
1.2710619,-0.52404237,-3.0232646,-0.61928421,-0.37038922,-0.69231415,0
1.8543938,0.21211031,-3.9150014,0.74290359,0.0089741945,-0.66933835,0
0.63414884,-2.4064159,2.8868282,0.61928421,0.37038922,0.69231415,0
-1.8118689,1.0907661,-1.1294672,-0.61928421,-0.37038922,-0.69231415,0
-2.5091274,1.2613397,3.2080636,-0.74290359,-0.0089741945,0.66933835,0
1.5278203,-3.6990278,-1.2019145,0.25412869,-0.92883331,0.2696059,0
4.2782345,-2.9152055,-1.0940493,0.25412869,-0.92883331,0.2696059,0
-1.5839493,3.7174215,1.3181908,-0.25412869,0.92883331,-0.2696059,0
-1.3632541,3.5732388,0.61343354,-0.25412869,0.92883331,-0.2696059,0
-3.7709713,3.1653337,1.8330615,-0.74290359,-0.0089741945,0.66933835,0
3.7870691,-3.1386862,-1.4010046,0.25412869,-0.92883331,0.2696059,0
0.58486056,-3.7012148,-0.32062083,0.25412869,-0.92883331,0.2696059,0
-3.5978808,1.2774984,1.9998648,-0.74290359,-0.0089741945,0.66933835,0
-1.1282344,3.534807,0.25950158,-0.25412869,0.92883331,-0.2696059,0
-1.8629371,-3.1988218,3.7174761,0.25412869,-0.92883331,0.2696059,0
-4.3807645,1.7084718,1.1367145,-0.74290359,-0.0089741945,0.66933835,0
-0.22803235,-2.736187,3.7702732,0.25412869,-0.92883331,0.2696059,0
3.1580076,1.5345728,-2.4503798,0.74290359,0.0089741945,-0.66933835,0
-2.2176974,-2.1814477,3.4853644,-0.74290359,-0.0089741945,0.66933835,0
0.249259,-3.3172638,1.3184844,0.25412869,-0.92883331,0.2696059,0
0.38868427,2.8375511,-3.5724881,-0.25412869,0.92883331,-0.2696059,0
3.1091733,-1.9995036,0.45518738,0.61928421,0.37038922,0.69231415,0
1.0990216,-0.68714786,1.5511823,0.61928421,0.37038922,0.69231415,0
1.5809212,2.7079165,-0.69624829,0.61928421,0.37038922,0.69231415,0
3.1690016,2.2403097,-2.4287157,0.74290359,0.0089741945,-0.66933835,0
3.1190023,2.830524,-2.1376772,0.61928421,0.37038922,0.69231415,0
3.4985604,-3.3847704,-1.9768559,0.25412869,-0.92883331,0.2696059,0
2.7545207,-0.51262766,-2.9256613,0.74290359,0.0089741945,-0.66933835,0
2.3928142,-0.4296841,-3.3260102,0.74290359,0.0089741945,-0.66933835,0
-3.3719554,2.3716471,2.2652912,-0.74290359,-0.0089741945,0.66933835,0
-0.78627467,-3.4672627,1.7778019,0.25412869,-0.92883331,0.2696059,0
-1.5657499,3.2691402,-0.24336141,-0.25412869,0.92883331,-0.2696059,0
-3.940263,2.020514,1.6298143,-0.74290359,-0.0089741945,0.66933835,0
-1.4310915,2.8693438,-1.7476494,-0.25412869,0.92883331,-0.2696059,0
-1.5999749,3.5493124,0.75413424,-0.25412869,0.92883331,-0.2696059,0
-3.2400999,3.109302,0.78420281,-0.25412869,0.92883331,-0.2696059,0
0.039060354,2.202457,-3.3799045,-0.61928421,-0.37038922,-0.69231415,0
-0.50524402,-3.1570663,2.5815783,0.25412869,-0.92883331,0.2696059,0
1.1483679,3.7112899,-1.2783976,-0.25412869,0.92883331,-0.2696059,0
-0.036005378,-2.3453155,-0.87969166,-0.61928421,-0.37038922,-0.69231415,0
2.9824913,1.989319,-2.6390901,0.74290359,0.0089741945,-0.66933835,0
2.9073362,-2.8224649,0.51765692,0.25412869,-0.92883331,0.2696059,0
3.2849655,-1.6773963,-2.3525333,0.74290359,0.0089741945,-0.66933835,0
2.5218349,2.3407807,-3.1456642,0.74290359,0.0089741945,-0.66933835,0
2.3574922,-2.8409457,0.97226626,0.25412869,-0.92883331,0.2696059,0
-2.6064653,-0.1259625,0.2322619,-0.61928421,-0.37038922,-0.69231415,0
-1.9312738,3.5861597,1.9755952,0.61928421,0.37038922,0.69231415,0
-0.33203578,-1.4794717,-1.0781162,-0.61928421,-0.37038922,-0.69231415,0
2.8311648,-0.69498253,-2.8430381,0.74290359,0.0089741945,-0.66933835,0
-3.3216462,-1.770609,2.2655919,-0.74290359,-0.0089741945,0.66933835,0
-0.21575439,-0.13753068,-1.9000721,-0.61928421,-0.37038922,-0.69231415,0
3.1832838,-2.85251,-2.4811463,0.74290359,0.0089741945,-0.66933835,0
-1.0907102,-2.750999,4.5323973,0.25412869,-0.92883331,0.2696059,0
2.088459,0.44597954,-3.6520758,0.74290359,0.0089741945,-0.66933835,0
3.4416871,2.1888981,-2.0830529,0.61928421,0.37038922,0.69231415,0
0.13084579,3.6336865,-0.5866437,-0.25412869,0.92883331,-0.2696059,0
0.76311433,1.9283805,0.45234376,0.61928421,0.37038922,0.69231415,0
3.0418625,-3.321816,-2.6444025,0.74290359,0.0089741945,-0.66933835,0
-0.4391593,1.3484913,1.8380352,0.61928421,0.37038922,0.69231415,0
-1.0416522,2.1520998,-2.3862517,-0.61928421,-0.37038922,-0.69231415,0
-2.842618,2.1151576,2.8493676,-0.74290359,-0.0089741945,0.66933835,0
-3.2207735,2.6953402,2.4374287,-0.74290359,-0.0089741945,0.66933835,0
-2.5611942,0.79969233,-0.30346081,-0.61928421,-0.37038922,-0.69231415,0
2.2813706,3.7108264,-2.3479552,-0.25412869,0.92883331,-0.2696059,0
-0.75559211,2.2585454,-2.6990845,-0.61928421,-0.37038922,-0.69231415,0
1.2160258,3.4028752,-2.4047074,-0.25412869,0.92883331,-0.2696059,0
-0.0021826029,-3.31758,-0.38978326,-0.61928421,-0.37038922,-0.69231415,0
-1.2141137,2.2157383,-2.2660294,-0.61928421,-0.37038922,-0.69231415,0
-2.124507,-0.78856355,3.6074724,-0.74290359,-0.0089741945,0.66933835,0
-1.1579169,-0.12713763,3.2704377,0.61928421,0.37038922,0.69231415,0
3.5095816,-3.0519423,-0.84060121,0.25412869,-0.92883331,0.2696059,0
1.7856281,3.385335,-1.2417811,0.61928421,0.37038922,0.69231415,0
1.2167424,-0.83867633,1.5269474,0.61928421,0.37038922,0.69231415,0
1.1769936,-3.4169307,0.10064089,0.25412869,-0.92883331,0.2696059,0
-1.4324622,2.8282092,-1.8880723,-0.25412869,0.92883331,-0.2696059,0
4.0711002,-2.7825856,-0.44190878,0.25412869,-0.92883331,0.2696059,0
1.3675061,2.052489,-4.430727,0.74290359,0.0089741945,-0.66933835,0
3.8822985,-1.2565081,-0.63388753,0.61928421,0.37038922,0.69231415,0
-2.2755756,3.3075666,0.55809969,-0.25412869,0.92883331,-0.2696059,0
0.98005795,3.5267744,-0.59685838,0.61928421,0.37038922,0.69231415,0
2.7999127,-3.2179272,-2.911552,0.74290359,0.0089741945,-0.66933835,0
-3.5443139,-1.2883837,2.0249166,-0.74290359,-0.0089741945,0.66933835,0
2.7193825,3.2559421,-2.9141343,0.74290359,0.0089741945,-0.66933835,0
-4.1827469,1.5080445,1.3538084,-0.74290359,-0.0089741945,0.66933835,0
0.42105001,-0.10519946,-2.4869995,-0.61928421,-0.37038922,-0.69231415,0
1.4430125,2.8399668,-4.3363638,0.74290359,0.0089741945,-0.66933835,0
2.842392,-2.9380767,0.18057153,0.25412869,-0.92883331,0.2696059,0
2.9917483,-3.690536,-2.7049685,0.74290359,0.0089741945,-0.66933835,0
3.4217401,-0.77869004,-2.1886768,0.74290359,0.0089741945,-0.66933835,0
-0.69223166,3.2173657,1.0645609,0.61928421,0.37038922,0.69231415,0
-1.4721022,-0.013939857,-0.84237373,-0.61928421,-0.37038922,-0.69231415,0
-2.9311438,-2.66085,2.6870773,-0.74290359,-0.0089741945,0.66933835,0
2.4490523,-3.2202911,-0.42094022,0.25412869,-0.92883331,0.2696059,0
-0.24617791,-1.7685437,-1.0002632,-0.61928421,-0.37038922,-0.69231415,0
3.2522912,1.9700609,-2.3398955,0.74290359,0.0089741945,-0.66933835,0
-2.5839727,1.5747559,3.1291947,-0.74290359,-0.0089741945,0.66933835,0
-1.8537121,3.1925259,-0.23587888,-0.25412869,0.92883331,-0.2696059,0
-2.5110781,-0.58958304,3.1810818,-0.74290359,-0.0089741945,0.66933835,0
1.0313659,3.6551342,-1.3615762,-0.25412869,0.92883331,-0.2696059,0
-2.5904648,-2.4154053,3.0684905,-0.74290359,-0.0089741945,0.66933835,0
-3.202755,1.4104035,-0.056307614,-0.61928421,-0.37038922,-0.69231415,0
-2.614929,-0.2232852,3.0707283,-0.74290359,-0.0089741945,0.66933835,0
3.8648565,-2.5929666,0.096722186,0.61928421,0.37038922,0.69231415,0
-3.4372239,2.908848,0.27941537,-0.25412869,0.92883331,-0.2696059,0
1.5928504,3.3628044,-2.8979478,-0.25412869,0.92883331,-0.2696059,0
0.83028501,2.5810802,0.043063164,0.61928421,0.37038922,0.69231415,0
-0.53469419,-2.776881,3.9191341,0.25412869,-0.92883331,0.2696059,0
3.7852383,-3.0148301,-1.8152087,0.74290359,0.0089741945,-0.66933835,0
0.95021796,-3.7710364,-0.90555048,0.25412869,-0.92883331,0.2696059,0
2.7076933,-1.4895375,-2.9907336,0.74290359,0.0089741945,-0.66933835,0
-2.3248296,-3.3537831,3.3507397,-0.74290359,-0.0089741945,0.66933835,0
-2.8488593,-2.9585986,1.9645519,-0.61928421,-0.37038922,-0.69231415,0
-2.5952806,3.6946301,2.1929431,-0.25412869,0.92883331,-0.2696059,0
1.8105253,1.3909525,-3.9478865,0.74290359,0.0089741945,-0.66933835,0
0.5220623,-2.7405014,3.0483747,0.25412869,-0.92883331,0.2696059,0
-2.0680034,-0.18616164,3.6782629,-0.74290359,-0.0089741945,0.66933835,0
-1.8764846,3.1777287,2.1450968,0.61928421,0.37038922,0.69231415,0
-2.8381541,1.9867303,2.8526001,-0.74290359,-0.0089741945,0.66933835,0
-1.9120922,3.5445859,1.980679,0.61928421,0.37038922,0.69231415,0
0.056915045,-3.6789715,0.2536478,0.25412869,-0.92883331,0.2696059,0
3.115566,-0.41334546,-2.523603,0.74290359,0.0089741945,-0.66933835,0
3.3016984,-2.1618075,-2.3404562,0.74290359,0.0089741945,-0.66933835,0
2.9642532,-1.509376,-2.7062418,0.74290359,0.0089741945,-0.66933835,0
-2.4836094,-1.5813895,3.1982722,-0.74290359,-0.0089741945,0.66933835,0
-0.68204427,3.3855348,-0.67533946,-0.25412869,0.92883331,-0.2696059,0
3.4968009,-3.1043544,-1.0091219,0.25412869,-0.92883331,0.2696059,0
0.065104961,2.6291387,-3.6314776,-0.61928421,-0.37038922,-0.69231415,0
2.4905,1.2442524,-3.1951447,0.74290359,0.0089741945,-0.66933835,0
-3.7782001,2.6507456,1.8181386,-0.74290359,-0.0089741945,0.66933835,0
-0.1606524,-3.5899601,0.76538301,0.25412869,-0.92883331,0.2696059,0
-3.6074264,-0.44800735,1.9661351,-0.74290359,-0.0089741945,0.66933835,0
3.289402,2.5906141,-2.2903852,0.74290359,0.0089741945,-0.66933835,0
-1.3606184,3.5750456,0.61717272,-0.25412869,0.92883331,-0.2696059,0
-3.4129474,0.91998905,2.2003303,-0.74290359,-0.0089741945,0.66933835,0
2.7219868,-3.7633328,-2.5490689,0.25412869,-0.92883331,0.2696059,0
3.0412474,0.9181447,-2.5882378,0.74290359,0.0089741945,-0.66933835,0
-1.566592,-1.6575017,0.1214571,-0.61928421,-0.37038922,-0.69231415,0
-1.5895735,-1.4544467,4.1922712,-0.74290359,-0.0089741945,0.66933835,0
2.291501,3.554415,-2.8963652,-0.25412869,0.92883331,-0.2696059,0
2.4828107,-3.1995549,-0.38132137,0.25412869,-0.92883331,0.2696059,0
-1.9188486,-1.9452201,3.8202262,-0.74290359,-0.0089741945,0.66933835,0
4.0450077,-0.4676367,-1.4927371,0.74290359,0.0089741945,-0.66933835,0
-1.6554618,3.6137674,1.0284928,-0.25412869,0.92883331,-0.2696059,0
3.1083879,-3.4057322,-1.6812987,0.25412869,-0.92883331,0.2696059,0
1.9393946,0.51767844,-3.8165617,0.74290359,0.0089741945,-0.66933835,0
1.7676873,-1.9085633,1.6065111,0.61928421,0.37038922,0.69231415,0
3.0248418,-3.2270789,-0.98706013,0.25412869,-0.92883331,0.2696059,0
-3.8736308,0.68561935,0.93156028,-0.61928421,-0.37038922,-0.69231415,0
-0.10679913,-3.2186081,1.9939853,0.25412869,-0.92883331,0.2696059,0
2.1384151,-3.5144339,-1.1415027,0.25412869,-0.92883331,0.2696059,0
1.8267844,-0.72095656,-3.4150164,-0.61928421,-0.37038922,-0.69231415,0
0.59372902,-2.7421901,2.9750059,0.25412869,-0.92883331,0.2696059,0
-1.3402035,3.115869,-0.98400313,-0.25412869,0.92883331,-0.2696059,0
-2.3424864,0.60255539,3.3841867,-0.74290359,-0.0089741945,0.66933835,0
3.3841732,-2.4583094,0.45465848,0.61928421,0.37038922,0.69231415,0
3.2821631,0.54514074,-1.0609434,0.61928421,0.37038922,0.69231415,0
0.62269688,-3.0481336,1.8936787,0.25412869,-0.92883331,0.2696059,0
-1.4815292,-3.2469232,3.1922474,0.25412869,-0.92883331,0.2696059,0
-0.90149927,3.0662172,-1.5685806,-0.25412869,0.92883331,-0.2696059,0
-0.80261934,2.6750755,1.4534304,0.61928421,0.37038922,0.69231415,0
2.0211987,1.3255777,-3.7149351,0.74290359,0.0089741945,-0.66933835,0
0.15223861,2.8086941,-3.4490328,-0.25412869,0.92883331,-0.2696059,0
1.0801671,-2.8752913,2.0579386,0.25412869,-0.92883331,0.2696059,0
1.5431564,3.1053071,-3.7382269,-0.25412869,0.92883331,-0.2696059,0
4.5813522,-2.7597995,-0.8443681,0.25412869,-0.92883331,0.2696059,0
-0.89127189,-0.97589314,-0.84728742,-0.61928421,-0.37038922,-0.69231415,0
1.1812968,-1.77783,-2.2721901,-0.61928421,-0.37038922,-0.69231415,0
0.36089468,-2.7584643,3.138407,0.25412869,-0.92883331,0.2696059,0
2.9269085,2.7846992,-1.9413311,0.61928421,0.37038922,0.69231415,0
-0.15855598,2.4143648,-3.3165054,-0.61928421,-0.37038922,-0.69231415,0
0.35455513,2.8959899,0.30013293,0.61928421,0.37038922,0.69231415,0
-1.7220163,3.0009265,-1.0201029,-0.25412869,0.92883331,-0.2696059,0
0.75626671,3.0589025,-0.14636207,0.61928421,0.37038922,0.69231415,0
-2.4121809,3.2225852,0.39408919,-0.25412869,0.92883331,-0.2696059,0
0.359267,-2.998611,2.3125985,0.25412869,-0.92883331,0.2696059,0
2.0312781,2.4547036,-0.96362948,0.61928421,0.37038922,0.69231415,0
-1.0635009,-2.9587431,3.7910404,0.25412869,-0.92883331,0.2696059,0
4.5146046,-2.6212459,-1.0004026,0.74290359,0.0089741945,-0.66933835,0
1.3414922,2.3547609,-4.4555473,0.74290359,0.0089741945,-0.66933835,0
3.5789497,-0.098251343,-0.98220706,0.61928421,0.37038922,0.69231415,0
1.3699207,3.6470382,-1.7085882,-0.25412869,0.92883331,-0.2696059,0
2.6186731,1.3682511,-3.0512216,0.74290359,0.0089741945,-0.66933835,0
-1.950457,-2.8097951,3.7735522,-0.74290359,-0.0089741945,0.66933835,0
2.6536868,2.7041426,-1.6538322,0.61928421,0.37038922,0.69231415,0
-2.4271669,0.7380712,3.2920165,-0.74290359,-0.0089741945,0.66933835,0
-3.4058876,-1.9197516,2.1700923,-0.74290359,-0.0089741945,0.66933835,0
-2.9710608,3.2274714,0.93772012,-0.25412869,0.92883331,-0.2696059,0
3.5567689,0.4566468,-2.0222445,0.74290359,0.0089741945,-0.66933835,0
-1.8928981,2.4009199,2.5753729,0.61928421,0.37038922,0.69231415,0
0.069096804,3.8022711,0.052359343,-0.25412869,0.92883331,-0.2696059,0
0.98259878,-3.7786784,-0.96240056,0.25412869,-0.92883331,0.2696059,0
3.2486744,0.038339853,-2.3698094,0.74290359,0.0089741945,-0.66933835,0
-1.1540744,3.3567452,-0.32959151,-0.25412869,0.92883331,-0.2696059,0
-3.2321644,2.8890915,2.4273839,-0.74290359,-0.0089741945,0.66933835,0
2.1096787,0.73991048,-3.6245823,0.74290359,0.0089741945,-0.66933835,0
-3.7840455,1.0517544,0.65554214,-0.61928421,-0.37038922,-0.69231415,0
-3.3482192,0.60279346,2.26792,-0.74290359,-0.0089741945,0.66933835,0
-1.5343175,0.90045434,3.0573695,0.61928421,0.37038922,0.69231415,0
2.9833536,-3.3597727,-1.4051049,0.25412869,-0.92883331,0.2696059,0
1.9715976,0.56942493,-3.7801259,0.74290359,0.0089741945,-0.66933835,0
3.0315957,1.1703445,-1.1712923,0.61928421,0.37038922,0.69231415,0
0.41454697,-3.0447659,2.1014819,0.25412869,-0.92883331,0.2696059,0
2.4421287,0.67205226,-0.37741923,0.61928421,0.37038922,0.69231415,0
0.83579123,3.7035117,-1.0105622,-0.25412869,0.92883331,-0.2696059,0
-2.7928324,0.67360389,2.8852971,-0.74290359,-0.0089741945,0.66933835,0
-2.8442998,3.5473158,1.9201478,-0.25412869,0.92883331,-0.2696059,0
-0.26306367,1.225374,-2.5869098,-0.61928421,-0.37038922,-0.69231415,0
3.4581199,0.22669089,-2.134819,0.74290359,0.0089741945,-0.66933835,0
2.4940698,-1.174132,-3.2236068,0.74290359,0.0089741945,-0.66933835,0
1.2520967,-3.1162298,1.0658088,0.25412869,-0.92883331,0.2696059,0
-2.1278374,-3.711,2.2026386,0.25412869,-0.92883331,0.2696059,0
-2.0487013,-2.7717075,3.6650205,-0.74290359,-0.0089741945,0.66933835,0
3.3090172,1.3234198,-1.5013454,0.61928421,0.37038922,0.69231415,0
-3.8275955,-0.033963919,1.2753594,-0.61928421,-0.37038922,-0.69231415,0
-3.7372098,1.8342263,1.8526868,-0.74290359,-0.0089741945,0.66933835,0
2.1811562,-3.6051297,-1.4942515,0.25412869,-0.92883331,0.2696059,0
-3.9786925,2.8918858,1.5988443,-0.74290359,-0.0089741945,0.66933835,0
-1.9416188,-3.4885669,2.7934246,0.25412869,-0.92883331,0.2696059,0
0.63265347,-3.2647762,1.1379266,0.25412869,-0.92883331,0.2696059,0
1.6456753,3.5823271,-2.1914525,-0.25412869,0.92883331,-0.2696059,0
-3.9893258,1.8719447,1.5733671,-0.74290359,-0.0089741945,0.66933835,0
2.7400503,-1.4466758,-2.9542453,0.74290359,0.0089741945,-0.66933835,0
3.7271271,-1.9988691,-1.8660851,0.74290359,0.0089741945,-0.66933835,0
1.5236318,2.9758441,-4.1658425,-0.25412869,0.92883331,-0.2696059,0
-2.7373085,-3.2712486,2.8940327,-0.74290359,-0.0089741945,0.66933835,0
-3.5102255,0.82052904,2.0910273,-0.74290359,-0.0089741945,0.66933835,0
-2.880903,-1.2156273,2.7622168,-0.74290359,-0.0089741945,0.66933835,0
-2.9653704,1.5673059,2.7057781,-0.74290359,-0.0089741945,0.66933835,0
2.697087,-1.3635498,-3.0008161,0.74290359,0.0089741945,-0.66933835,0
3.2509866,2.7457454,-2.3309433,0.74290359,0.0089741945,-0.66933835,0
-4.2799697,1.8980513,1.2511295,-0.74290359,-0.0089741945,0.66933835,0
-1.8385849,3.7574396,1.8010486,0.61928421,0.37038922,0.69231415,0
3.1497788,0.53738046,-2.4728832,0.74290359,0.0089741945,-0.66933835,0
-0.43907118,-2.7692256,3.8553743,0.25412869,-0.92883331,0.2696059,0
-2.8797028,3.1492887,0.58225507,-0.25412869,0.92883331,-0.2696059,0
-3.9954908,0.99472177,1.5547634,-0.74290359,-0.0089741945,0.66933835,0
-1.3585843,-3.4812102,2.2692056,0.25412869,-0.92883331,0.2696059,0
2.6866906,-2.016042,-3.0211039,0.74290359,0.0089741945,-0.66933835,0
-3.2523961,2.0132983,-0.33445269,-0.61928421,-0.37038922,-0.69231415,0
-2.6374283,-3.8067389,2.2291799,-0.61928421,-0.37038922,-0.69231415,0
0.78751826,2.7794626,-4.148551,-0.25412869,0.92883331,-0.2696059,0
3.1935847,1.4166898,-1.4479889,0.61928421,0.37038922,0.69231415,0
-0.38446033,-3.1666591,-0.12857366,-0.61928421,-0.37038922,-0.69231415,0
-1.6935236,2.5512364,-2.0166829,-0.61928421,-0.37038922,-0.69231415,0
-4.0026469,2.8322482,0.54848188,-0.25412869,0.92883331,-0.2696059,0
2.6865978,0.72952604,-0.6268487,0.61928421,0.37038922,0.69231415,0
-1.5799942,2.8750563,-1.5876142,-0.25412869,0.92883331,-0.2696059,0
1.8982723,2.2572868,-0.73903561,0.61928421,0.37038922,0.69231415,0
0.90893245,3.6525259,-0.60051286,0.61928421,0.37038922,0.69231415,0
1.8251303,3.0922217,-3.9088664,0.74290359,0.0089741945,-0.66933835,0
2.3054767,-2.7354298,1.3848139,0.25412869,-0.92883331,0.2696059,0
-1.5936035,-3.7711763,1.4917564,0.25412869,-0.92883331,0.2696059,0
0.6821723,-2.7538886,2.8513365,0.25412869,-0.92883331,0.2696059,0
-2.5742712,0.097077012,3.1201501,-0.74290359,-0.0089741945,0.66933835,0
-0.38052964,-2.2998106,3.7374377,0.61928421,0.37038922,0.69231415,0
-3.8808155,1.9218845,1.6944733,-0.74290359,-0.0089741945,0.66933835,0
1.0629427,-3.1832316,1.0132725,0.25412869,-0.92883331,0.2696059,0
0.022694826,-2.9662817,2.7412291,0.25412869,-0.92883331,0.2696059,0
-1.3917421,-3.7244313,1.462527,0.25412869,-0.92883331,0.2696059,0
-3.0529494,2.3251581,2.6187348,-0.74290359,-0.0089741945,0.66933835,0
-0.8912338,2.4363573,1.6604118,0.61928421,0.37038922,0.69231415,0
-2.8603439,0.64889765,0.044807911,-0.61928421,-0.37038922,-0.69231415,0
-2.2488558,3.2300787,0.26595697,-0.25412869,0.92883331,-0.2696059,0
0.090227127,1.3576009,-2.9736745,-0.61928421,-0.37038922,-0.69231415,0
-3.7380035,0.20982969,1.8300265,-0.74290359,-0.0089741945,0.66933835,0
2.7204254,-0.26323056,-2.96016,0.74290359,0.0089741945,-0.66933835,0
-0.91218543,-2.9137571,3.8033962,0.25412869,-0.92883331,0.2696059,0
3.5683491,-0.74458015,-2.0254972,0.74290359,0.0089741945,-0.66933835,0
-0.27322984,-3.0141771,2.8551583,0.25412869,-0.92883331,0.2696059,0
3.2218812,2.6700678,-2.3642621,0.74290359,0.0089741945,-0.66933835,0
