-1.6683896,-3.293411,-2.0658259,-0.024880886,-0.99595332,-0.086360365,0
-2.0527387,-0.74722826,-1.5492315,-0.95466876,-0.0019610524,0.2976642,0
-1.0302329,0.67627287,1.7395293,-0.95466876,-0.0019610524,0.2976642,0
-0.89910245,-3.5385947,0.54012537,-0.024880886,-0.99595332,-0.086360365,0
0.091420174,2.3300526,3.8729601,0.29662898,-0.089851715,0.95075667,0
1.5433927,-2.9968259,2.9165363,0.29662898,-0.089851715,0.95075667,0
0.7454322,2.0316844,-2.6350999,0.95466876,0.0019610524,-0.2976642,0
-2.0020306,-1.996775,-1.3948336,-0.95466876,-0.0019610524,0.2976642,0
0.089018464,-0.1461637,3.6396933,0.29662898,-0.089851715,0.95075667,0
-0.46485066,3.3098187,2.4912105,0.024880886,0.99595332,0.086360365,0
-1.3665845,-0.87623799,-3.3377252,-0.29662898,0.089851715,-0.95075667,0
0.34432507,-3.3184128,-2.3573728,-0.024880886,-0.99595332,-0.086360365,0
0.68004161,-0.55273259,3.4168758,0.29662898,-0.089851715,0.95075667,0
-1.3838778,-3.4663401,-0.15348932,-0.024880886,-0.99595332,-0.086360365,0
0.80927247,0.30945772,3.4580383,0.29662898,-0.089851715,0.95075667,0
1.0682662,-2.5160017,3.1102126,0.29662898,-0.089851715,0.95075667,0
1.8108013,-2.5120754,0.75181484,0.95466876,0.0019610524,-0.2976642,0
-1.1331061,-1.2472551,-3.4456317,-0.29662898,0.089851715,-0.95075667,0
-0.3569442,0.5952363,3.8488967,0.29662898,-0.089851715,0.95075667,0
0.12122798,3.2401929,3.1253247,0.024880886,0.99595332,0.086360365,0
-1.2415644,-1.0920185,-3.3971224,-0.29662898,0.089851715,-0.95075667,0
1.8268888,-2.3994529,0.80415177,0.95466876,0.0019610524,-0.2976642,0
0.54360056,3.6441269,-1.6547549,0.024880886,0.99595332,0.086360365,0
0.16317225,-3.2820091,-2.7250094,-0.024880886,-0.99595332,-0.086360365,0
1.568791,-2.0047741,-0.021018863,0.95466876,0.0019610524,-0.2976642,0
-0.72019994,2.1718419,-3.2513318,-0.29662898,0.089851715,-0.95075667,0
0.82147098,-3.2372901,-2.4259443,0.95466876,0.0019610524,-0.2976642,0
-0.049761295,3.1873927,3.7834985,0.024880886,0.99595332,0.086360365,0
-0.50007486,3.5081267,-3.1937232,-0.29662898,0.089851715,-0.95075667,0
0.62822437,3.7343125,-2.7192018,0.024880886,0.99595332,0.086360365,0
0.096862555,-2.3367972,3.4302192,0.29662898,-0.089851715,0.95075667,0
1.1804078,-3.5693722,0.29594111,-0.024880886,-0.99595332,-0.086360365,0
-0.039998531,3.2978382,2.5069695,0.024880886,0.99595332,0.086360365,0
-0.52754259,-3.6876514,3.3230052,-0.95466876,-0.0019610524,0.2976642,0
-1.8028612,-0.91957986,-3.2057056,-0.29662898,0.089851715,-0.95075667,0
-0.19426394,3.1750388,3.9676068,0.024880886,0.99595332,0.086360365,0
0.33066654,-3.7873514,3.0546114,-0.024880886,-0.99595332,-0.086360365,0
-2.0288301,2.6942449,-2.7936792,-0.29662898,0.089851715,-0.95075667,0
-0.068933487,2.2217216,3.912751,0.29662898,-0.089851715,0.95075667,0
-2.2203023,3.0414269,-2.7011304,-0.29662898,0.089851715,-0.95075667,0
-1.0436834,-3.4159865,1.6694273,-0.95466876,-0.0019610524,0.2976642,0
2.2454979,0.53954238,2.1660807,0.95466876,0.0019610524,-0.2976642,0
0.3087821,3.3965328,1.2682832,0.024880886,0.99595332,0.086360365,0
-1.2397242,-2.9671545,1.0436432,-0.95466876,-0.0019610524,0.2976642,0
-0.47381666,0.44840282,-3.491076,-0.29662898,0.089851715,-0.95075667,0
1.7087286,-1.2721734,3.0279417,0.29662898,-0.089851715,0.95075667,0
-0.22070646,1.7788296,3.9182479,0.29662898,-0.089851715,0.95075667,0
0.72074437,3.6743999,-2.7034554,0.95466876,0.0019610524,-0.2976642,0
1.6982393,-2.3174477,2.9324303,0.29662898,-0.089851715,0.95075667,0
-0.70967221,-2.5219955,-3.6982095,-0.29662898,0.089851715,-0.95075667,0
0.77649879,3.5951052,-1.1565096,0.024880886,0.99595332,0.086360365,0
0.46973896,1.9452953,3.7185659,0.29662898,-0.089851715,0.95075667,0
-1.4523335,3.6450553,-1.0904119,0.024880886,0.99595332,0.086360365,0
-2.1130095,1.439791,-1.7281227,-0.95466876,-0.0019610524,0.2976642,0
0.59485388,-2.2163625,3.2862315,0.29662898,-0.089851715,0.95075667,0
1.5971506,-3.6430347,2.8386941,0.29662898,-0.089851715,0.95075667,0
1.1664296,1.9690537,3.5034485,0.29662898,-0.089851715,0.95075667,0
-1.4399735,1.0894228,0.42813107,-0.95466876,-0.0019610524,0.2976642,0
-0.23066354,-3.340905,-1.9323251,-0.024880886,-0.99595332,-0.086360365,0
-2.0720398,1.3738806,-1.5971584,-0.95466876,-0.0019610524,0.2976642,0
0.51340055,3.6048529,-1.1931249,0.024880886,0.99595332,0.086360365,0
-0.87073994,3.4907649,0.5213815,0.024880886,0.99595332,0.086360365,0
0.098739862,-3.384582,-1.5235205,-0.024880886,-0.99595332,-0.086360365,0
0.38528347,-3.5891457,0.7530601,-0.024880886,-0.99595332,-0.086360365,0
-1.5127017,2.012249,0.20095706,-0.95466876,-0.0019610524,0.2976642,0
0.35838246,-3.4310923,-1.061941,-0.024880886,-0.99595332,-0.086360365,0
-1.3072748,-0.42904451,-3.313967,-0.29662898,0.089851715,-0.95075667,0
-2.343926,-2.3942282,-3.17626,-0.29662898,0.089851715,-0.95075667,0
1.0875623,1.6108975,-1.5405924,0.95466876,0.0019610524,-0.2976642,0
0.53912687,-3.3534536,3.1961567,0.29662898,-0.089851715,0.95075667,0
-2.1573763,-2.7980964,-3.27263,-0.29662898,0.089851715,-0.95075667,0
-0.99987674,1.367934,1.8414445,-0.95466876,-0.0019610524,0.2976642,0
-2.4227555,1.3896841,-2.7218697,-0.95466876,-0.0019610524,0.2976642,0
-0.40611005,3.5074511,0.19508171,0.024880886,0.99595332,0.086360365,0
1.5928035,3.3744025,1.1535685,0.024880886,0.99595332,0.086360365,0
1.7272201,-3.7757325,2.51826,-0.024880886,-0.99595332,-0.086360365,0
-1.2992971,-0.57552147,0.86833847,-0.95466876,-0.0019610524,0.2976642,0
0.044181585,-3.4592466,-0.64672983,-0.024880886,-0.99595332,-0.086360365,0
-1.782589,-1.4676709,-3.2638285,-0.29662898,0.089851715,-0.95075667,0
0.86937809,3.3733635,1.3739767,0.024880886,0.99595332,0.086360365,0
-1.106534,2.4473355,1.5064858,-0.95466876,-0.0019610524,0.2976642,0
-0.52846813,1.6182084,3.3549962,-0.95466876,-0.0019610524,0.2976642,0
-1.4865844,-3.3348289,-1.6405545,-0.024880886,-0.99595332,-0.086360365,0
-0.15780199,-1.9578794,3.5454826,0.29662898,-0.089851715,0.95075667,0
0.4426347,1.5460856,-3.6094322,0.95466876,0.0019610524,-0.2976642,0
-0.25091505,-3.3034,-2.3590157,-0.024880886,-0.99595332,-0.086360365,0
-0.8859002,-2.1906576,2.1835434,-0.95466876,-0.0019610524,0.2976642,0
-1.5898478,-3.3060384,-1.9428338,-0.024880886,-0.99595332,-0.086360365,0
-0.51104307,-2.2139206,3.385632,-0.95466876,-0.0019610524,0.2976642,0
-0.45613217,3.4462948,-3.2132764,-0.29662898,0.089851715,-0.95075667,0
-1.0097783,-2.993854,-3.6491721,-0.29662898,0.089851715,-0.95075667,0
-1.6321678,-1.512226,-3.3149691,-0.29662898,0.089851715,-0.95075667,0
-1.3784348,1.8119488,0.63025874,-0.95466876,-0.0019610524,0.2976642,0
-2.0127487,-1.4187095,-1.4254001,-0.95466876,-0.0019610524,0.2976642,0
1.5303376,-1.2780972,-0.13955826,0.95466876,0.0019610524,-0.2976642,0
2.3168285,1.0658547,2.3983202,0.95466876,0.0019610524,-0.2976642,0
1.7725933,-2.9564981,0.6263454,0.95466876,0.0019610524,-0.2976642,0
1.0740461,2.6624808,3.5978048,0.29662898,-0.089851715,0.95075667,0
-0.91851878,3.6177022,-0.92876101,0.024880886,0.99595332,0.086360365,0
1.5735185,2.7055502,3.446043,0.29662898,-0.089851715,0.95075667,0
-1.7513931,2.7892177,-0.55945396,-0.95466876,-0.0019610524,0.2976642,0
-1.6296828,3.7508919,-2.2598855,0.024880886,0.99595332,0.086360365,0
-0.12740684,-3.3688824,-1.6394225,-0.024880886,-0.99595332,-0.086360365,0
-0.077442169,3.7756648,-2.9927936,0.024880886,0.99595332,0.086360365,0
-1.0579087,-3.4434237,1.623624,-0.95466876,-0.0019610524,0.2976642,0
2.342885,-1.9204743,2.7688222,0.29662898,-0.089851715,0.95075667,0
-0.55922514,-1.6667099,3.2347081,-0.95466876,-0.0019610524,0.2976642,0
-0.80095005,3.7942796,-2.9990187,0.024880886,0.99595332,0.086360365,0
0.56883121,-3.6160727,1.0107164,-0.024880886,-0.99595332,-0.086360365,0
0.2765696,0.69451463,3.6606274,0.29662898,-0.089851715,0.95075667,0
-0.10130183,-1.1012341,3.6088126,0.29662898,-0.089851715,0.95075667,0
1.8412757,1.0645837,0.87311828,0.95466876,0.0019610524,-0.2976642,0
-1.6857157,-3.2124186,-2.9948816,-0.024880886,-0.99595332,-0.086360365,0
1.6175596,-1.3971339,3.0445764,0.29662898,-0.089851715,0.95075667,0
-1.29193,3.6337669,-1.0064518,0.024880886,0.99595332,0.086360365,0
-2.4534905,0.14010328,-2.9025686,-0.29662898,0.089851715,-0.95075667,0
-1.5269037,2.7496052,-2.9450445,-0.29662898,0.089851715,-0.95075667,0
-0.74799967,-3.2634878,-2.6760914,-0.024880886,-0.99595332,-0.086360365,0
0.76693082,3.4439497,0.58945346,0.024880886,0.99595332,0.086360365,0
1.1431713,3.2199013,3.0649002,0.024880886,0.99595332,0.086360365,0
-1.2113657,-2.5000112,-3.5396075,-0.29662898,0.089851715,-0.95075667,0
2.1624172,-1.5046706,1.8861547,0.95466876,0.0019610524,-0.2976642,0
0.028149366,-3.5543091,0.45420182,-0.024880886,-0.99595332,-0.086360365,0
-1.9584645,-1.3109555,-1.2505895,-0.95466876,-0.0019610524,0.2976642,0
-2.180187,-3.2196612,-2.7688959,-0.024880886,-0.99595332,-0.086360365,0
-0.72239351,3.4224596,1.2663732,0.024880886,0.99595332,0.086360365,0
0.27288997,-2.5179975,3.3581753,0.29662898,-0.089851715,0.95075667,0
1.7950138,-1.8149768,2.9497235,0.29662898,-0.089851715,0.95075667,0
0.91666853,-1.1867564,3.2831311,0.29662898,-0.089851715,0.95075667,0
-0.2717514,1.4778588,3.90573,0.29662898,-0.089851715,0.95075667,0
-2.140578,-0.62670708,-3.0726624,-0.29662898,0.089851715,-0.95075667,0
-1.2823758,-2.5992188,-3.5268285,-0.29662898,0.089851715,-0.95075667,0
0.53097701,-2.4217377,-3.3522434,0.95466876,0.0019610524,-0.2976642,0
-0.86612523,-3.0769212,2.2411265,-0.95466876,-0.0019610524,0.2976642,0
1.1584857,-3.6278718,0.97690487,-0.024880886,-0.99595332,-0.086360365,0
-0.80538368,-3.5390086,0.51789832,-0.024880886,-0.99595332,-0.086360365,0
1.239718,0.89002222,-1.0573483,0.95466876,0.0019610524,-0.2976642,0
2.1212754,-1.3294305,2.8938191,0.29662898,-0.089851715,0.95075667,0
-1.6427321,3.4048054,-2.8469872,-0.29662898,0.089851715,-0.95075667,0
2.5107365,2.9389884,3.0325642,0.95466876,0.0019610524,-0.2976642,0
0.63188148,-3.3678842,3.165854,0.29662898,-0.089851715,0.95075667,0
0.96489584,0.54870331,3.4320951,0.29662898,-0.089851715,0.95075667,0
-1.6356384,-1.2166975,-0.21460009,-0.95466876,-0.0019610524,0.2976642,0
-0.56901044,-0.35025513,-3.536854,-0.29662898,0.089851715,-0.95075667,0
-0.74338055,-3.525821,0.34794402,-0.024880886,-0.99595332,-0.086360365,0
-1.6169689,3.3956633,-0.12433243,-0.95466876,-0.0019610524,0.2976642,0
1.8925059,-2.7522345,1.012275,0.95466876,0.0019610524,-0.2976642,0
1.3331596,-0.09496814,3.2563691,0.29662898,-0.089851715,0.95075667,0
-0.87360108,1.7963927,-3.2389543,-0.29662898,0.089851715,-0.95075667,0
1.0395089,-1.2986913,3.2342277,0.29662898,-0.089851715,0.95075667,0
1.1605251,-3.576304,2.9812245,0.29662898,-0.089851715,0.95075667,0
-1.8544693,2.603631,-2.8566418,-0.29662898,0.089851715,-0.95075667,0
-1.1858001,3.4917297,0.60102743,0.024880886,0.99595332,0.086360365,0
0.10719085,-1.7486635,-3.8799808,-0.29662898,0.089851715,-0.95075667,0
2.1761353,0.02298975,1.9402175,0.95466876,0.0019610524,-0.2976642,0
-2.1884408,-2.212707,-3.2076154,-0.29662898,0.089851715,-0.95075667,0
1.8958037,-2.5323858,1.0243003,0.95466876,0.0019610524,-0.2976642,0
-1.9629695,2.1445136,-1.2422705,-0.95466876,-0.0019610524,0.2976642,0
-0.66151619,-3.4921072,-0.064448357,-0.024880886,-0.99595332,-0.086360365,0
-2.057447,-3.2677598,-2.249557,-0.024880886,-0.99595332,-0.086360365,0
0.12073362,2.816226,-3.4527986,-0.29662898,0.089851715,-0.95075667,0
1.5629172,-3.5518701,2.8579898,0.29662898,-0.089851715,0.95075667,0
0.025846243,3.6609621,-1.6997414,0.024880886,0.99595332,0.086360365,0
2.4849806,2.51829,3.1439767,0.29662898,-0.089851715,0.95075667,0
1.1349899,1.7924659,3.4965694,0.29662898,-0.089851715,0.95075667,0
-1.2694013,3.5800881,-0.39388382,0.024880886,0.99595332,0.086360365,0
-1.7020521,3.6799269,-1.4206283,0.024880886,0.99595332,0.086360365,0
-0.64607501,3.544569,-0.16384602,0.024880886,0.99595332,0.086360365,0
2.0862727,-2.9244478,2.7540021,0.29662898,-0.089851715,0.95075667,0
0.48398417,0.16492224,-3.4859157,0.95466876,0.0019610524,-0.2976642,0
-0.16652215,-0.74270582,-3.6995158,-0.29662898,0.089851715,-0.95075667,0
0.75689781,2.2106488,-2.5971479,0.95466876,0.0019610524,-0.2976642,0
-0.38283491,-3.4685102,-0.41686898,-0.024880886,-0.99595332,-0.086360365,0
0.22929883,-3.5268264,0.079305172,-0.024880886,-0.99595332,-0.086360365,0
2.0012422,0.71744621,1.3838756,0.95466876,0.0019610524,-0.2976642,0
1.7520306,2.2541952,0.59472996,0.95466876,0.0019610524,-0.2976642,0
-1.1666987,-2.037065,-3.5097923,-0.29662898,0.089851715,-0.95075667,0
0.17281961,3.6687768,-1.8322024,0.024880886,0.99595332,0.086360365,0
2.1531708,-3.1349392,2.7132378,0.29662898,-0.089851715,0.95075667,0
1.5714362,3.4230974,0.59814769,0.024880886,0.99595332,0.086360365,0
-0.18859696,-3.3314099,-2.0539436,-0.024880886,-0.99595332,-0.086360365,0
-1.5412331,-1.9149227,0.083576068,-0.95466876,-0.0019610524,0.2976642,0
-0.96851254,-3.2048178,-3.2891707,-0.024880886,-0.99595332,-0.086360365,0
1.4273393,0.60688162,-0.45747516,0.95466876,0.0019610524,-0.2976642,0
0.01853931,0.6313026,3.7351573,0.29662898,-0.089851715,0.95075667,0
0.25589037,-1.7632561,-3.9277537,-0.29662898,0.089851715,-0.95075667,0
-0.027563632,-0.87137163,3.6075301,0.29662898,-0.089851715,0.95075667,0
-0.82375932,3.7194641,-2.1296356,0.024880886,0.99595332,0.086360365,0
-2.2656622,-3.1945989,-3.0333025,-0.024880886,-0.99595332,-0.086360365,0
0.15207882,0.96472067,-3.6375563,-0.29662898,0.089851715,-0.95075667,0
-1.2714565,3.5156887,0.34939528,0.024880886,0.99595332,0.086360365,0
-0.92219448,3.6576791,-1.3887367,0.024880886,0.99595332,0.086360365,0
1.8630021,-0.27183509,0.93399394,0.95466876,0.0019610524,-0.2976642,0
-0.022555828,-2.1893559,-3.8811483,-0.29662898,0.089851715,-0.95075667,0
-0.69530129,3.4921141,0.45527363,0.024880886,0.99595332,0.086360365,0
0.99936545,0.60887706,-1.8300599,0.95466876,0.0019610524,-0.2976642,0
-0.7124846,-1.8135099,2.7422075,-0.95466876,-0.0019610524,0.2976642,0
1.2767646,-0.63057196,3.2233467,0.29662898,-0.089851715,0.95075667,0
-0.58178425,-0.21074259,-3.5196841,-0.29662898,0.089851715,-0.95075667,0
-1.7678823,-1.0227975,-3.2263734,-0.29662898,0.089851715,-0.95075667,0
0.71410608,3.3730807,1.4219737,0.024880886,0.99595332,0.086360365,0
-1.7583746,0.88639438,-0.59438348,-0.95466876,-0.0019610524,0.2976642,0
-0.30855942,-3.7103977,2.3513079,-0.024880886,-0.99595332,-0.086360365,0
1.9040127,1.0280051,1.0740875,0.95466876,0.0019610524,-0.2976642,0
0.54425621,3.501008,-0.0044208765,0.024880886,0.99595332,0.086360365,0
-0.079855442,1.9228748,3.8879161,0.29662898,-0.089851715,0.95075667,0
1.791775,2.960871,0.72685403,0.95466876,0.0019610524,-0.2976642,0
0.71690369,-1.9955322,-2.7531323,0.95466876,0.0019610524,-0.2976642,0
0.062242985,3.3227091,2.1906896,0.024880886,0.99595332,0.086360365,0
-0.32907343,3.5171857,0.060622692,0.024880886,0.99595332,0.086360365,0
-0.014508918,-1.0941975,3.5823984,0.29662898,-0.089851715,0.95075667,0
0.81566978,3.6467476,-1.7633648,0.024880886,0.99595332,0.086360365,0
0.52261519,-1.4073856,-3.3723786,0.95466876,0.0019610524,-0.2976642,0
1.3224516,2.6619735,-0.78032994,0.95466876,0.0019610524,-0.2976642,0
0.021974564,-3.6375632,1.416111,-0.024880886,-0.99595332,-0.086360365,0
-0.58581328,-1.1945764,3.1525455,-0.95466876,-0.0019610524,0.2976642,0
-0.41502559,-3.2201829,3.5064397,0.29662898,-0.089851715,0.95075667,0
1.950087,3.3013232,1.8934227,0.024880886,0.99595332,0.086360365,0
1.3948123,-0.88391197,-0.57161808,0.95466876,0.0019610524,-0.2976642,0
0.59939796,0.068208694,-3.1163986,0.95466876,0.0019610524,-0.2976642,0
1.4783485,3.3539538,1.4223675,0.024880886,0.99595332,0.086360365,0
0.513026,-3.6592934,1.5252383,-0.024880886,-0.99595332,-0.086360365,0
1.0544593,2.1545746,3.5559158,0.29662898,-0.089851715,0.95075667,0
-1.4720316,-0.76767331,-3.2945664,-0.29662898,0.089851715,-0.95075667,0
-1.4558716,3.6232822,-0.83830142,0.024880886,0.99595332,0.086360365,0
-0.59198415,-0.80468702,3.1353235,-0.95466876,-0.0019610524,0.2976642,0
-0.69770265,1.9662546,2.8145194,-0.95466876,-0.0019610524,0.2976642,0
-0.60540247,0.20514727,3.0989411,-0.95466876,-0.0019610524,0.2976642,0
1.4112031,-2.5442774,-0.529989,0.95466876,0.0019610524,-0.2976642,0
0.26174688,-3.1983228,-3.7185218,-0.024880886,-0.99595332,-0.086360365,0
-2.0548491,-1.115927,-1.5584295,-0.95466876,-0.0019610524,0.2976642,0
1.2528052,-3.6135616,0.78469586,-0.024880886,-0.99595332,-0.086360365,0
2.0884497,-3.1886351,1.6378303,0.95466876,0.0019610524,-0.2976642,0
-0.62217832,3.4799571,0.57441032,0.024880886,0.99595332,0.086360365,0
-0.79432368,-3.1376188,-3.729979,-0.29662898,0.089851715,-0.95075667,0
-0.37002134,-3.6480486,3.4519627,0.29662898,-0.089851715,0.95075667,0
-1.7237082,3.7033396,-1.6843951,0.024880886,0.99595332,0.086360365,0
-1.3283918,-1.5144787,-3.4099576,-0.29662898,0.089851715,-0.95075667,0
-0.02993536,-3.4533577,-0.69329321,-0.024880886,-0.99595332,-0.086360365,0
-1.054872,-0.49793643,-3.3992252,-0.29662898,0.089851715,-0.95075667,0
1.8749652,-3.0407636,2.8089361,0.29662898,-0.089851715,0.95075667,0
-1.7770878,-2.5598829,-0.6771068,-0.95466876,-0.0019610524,0.2976642,0
-1.8894446,-0.86415958,-1.0262852,-0.95466876,-0.0019610524,0.2976642,0
0.19336724,-2.6223166,-3.9894321,-0.29662898,0.089851715,-0.95075667,0
2.2970493,-2.702909,2.7091775,0.29662898,-0.089851715,0.95075667,0
2.5001783,2.8795416,3.1733754,0.29662898,-0.089851715,0.95075667,0
1.7307286,-3.7330785,2.0253396,-0.024880886,-0.99595332,-0.086360365,0
0.65525389,2.5395842,3.71685,0.29662898,-0.089851715,0.95075667,0
0.53146625,-2.6812093,-3.352385,0.95466876,0.0019610524,-0.2976642,0
-1.6232276,1.9035203,-2.994952,-0.29662898,0.089851715,-0.95075667,0
0.69511813,-1.4997023,3.3226776,0.29662898,-0.089851715,0.95075667,0
1.1092817,1.1948364,3.4481106,0.29662898,-0.089851715,0.95075667,0
-0.9752686,3.7175207,-2.0635707,0.024880886,0.99595332,0.086360365,0
0.19614816,-1.59807,-3.8935027,-0.29662898,0.089851715,-0.95075667,0
-2.1621578,0.63821381,-2.946388,-0.29662898,0.089851715,-0.95075667,0
-0.52634263,-0.39305139,3.348561,-0.95466876,-0.0019610524,0.2976642,0
0.12811524,0.021462083,-3.7192223,-0.29662898,0.089851715,-0.95075667,0
0.73083138,-1.3223996,-2.7040274,0.95466876,0.0019610524,-0.2976642,0
0.10608405,0.45052409,-3.6717999,-0.29662898,0.089851715,-0.95075667,0
-1.728014,-1.2593465,-0.51114839,-0.95466876,-0.0019610524,0.2976642,0
0.28664023,1.0062104,-3.6756172,-0.29662898,0.089851715,-0.95075667,0
-0.50681859,1.746495,-3.3581028,-0.29662898,0.089851715,-0.95075667,0
2.3157089,-0.64339131,2.383467,0.95466876,0.0019610524,-0.2976642,0
-0.93785501,2.6241221,2.0486381,-0.95466876,-0.0019610524,0.2976642,0
-2.1768212,-1.1811068,-1.950048,-0.95466876,-0.0019610524,0.2976642,0
0.7490797,-3.5946414,0.71162987,-0.024880886,-0.99595332,-0.086360365,0
-2.0687871,-3.3106499,-1.7516638,-0.024880886,-0.99595332,-0.086360365,0
2.3308315,-0.51626176,2.4328063,0.95466876,0.0019610524,-0.2976642,0
1.234732,-2.0027087,3.1067858,0.29662898,-0.089851715,0.95075667,0
-2.1671629,3.3743808,-1.8890569,-0.95466876,-0.0019610524,0.2976642,0
-1.3388534,2.9350824,0.76460409,-0.95466876,-0.0019610524,0.2976642,0
-0.83767009,-1.6862254,2.3415511,-0.95466876,-0.0019610524,0.2976642,0
-1.3515863,-3.398571,-0.94433969,-0.024880886,-0.99595332,-0.086360365,0
-1.4385448,2.8514543,0.44432414,-0.95466876,-0.0019610524,0.2976642,0
-0.50559926,-3.2730651,-2.635478,-0.024880886,-0.99595332,-0.086360365,0
1.0279872,-1.0425256,3.2620308,0.29662898,-0.089851715,0.95075667,0
-1.5080556,-1.7000176,0.1913992,-0.95466876,-0.0019610524,0.2976642,0
-2.5134311,-3.015559,-3.0417104,-0.95466876,-0.0019610524,0.2976642,0
0.77960873,-3.6495142,1.3356543,-0.024880886,-0.99595332,-0.086360365,0
-0.40958118,3.2871239,2.737015,0.024880886,0.99595332,0.086360365,0
2.1917925,-2.2376735,1.9755385,0.95466876,0.0019610524,-0.2976642,0
-0.49016929,-3.552474,0.58237112,-0.024880886,-0.99595332,-0.086360365,0
-1.6336454,-3.2637956,-0.22169609,-0.95466876,-0.0019610524,0.2976642,0
0.96286726,-3.5067832,-0.3631916,-0.024880886,-0.99595332,-0.086360365,0
-2.2146072,3.4379072,-2.6654382,-0.29662898,0.089851715,-0.95075667,0
-1.2744346,2.7490263,0.96998227,-0.95466876,-0.0019610524,0.2976642,0
-1.4617465,-3.3539915,-1.4267136,-0.024880886,-0.99595332,-0.086360365,0
-1.3444023,-3.3382435,-1.642139,-0.024880886,-0.99595332,-0.086360365,0
-0.18921709,-3.5808167,0.82252765,-0.024880886,-0.99595332,-0.086360365,0
-1.2560165,-2.738811,-3.5482442,-0.29662898,0.089851715,-0.95075667,0
-0.53957576,1.4313364,-3.3776672,-0.29662898,0.089851715,-0.95075667,0
2.3653693,1.4212778,3.0776207,0.29662898,-0.089851715,0.95075667,0
-2.2376127,3.7820764,-2.4443688,0.024880886,0.99595332,0.086360365,0
0.74712777,3.6869862,-2.2076683,0.024880886,0.99595332,0.086360365,0
-0.85647678,-3.3203063,-1.989574,-0.024880886,-0.99595332,-0.086360365,0
-1.730422,1.6576357,-0.49965131,-0.95466876,-0.0019610524,0.2976642,0
-0.70836878,-3.2739208,-2.5671906,-0.024880886,-0.99595332,-0.086360365,0
-2.2104299,2.7302604,-2.7336178,-0.29662898,0.089851715,-0.95075667,0
-1.3131237,-2.143295,-3.474148,-0.29662898,0.089851715,-0.95075667,0
0.64821005,3.4790912,0.21838686,0.024880886,0.99595332,0.086360365,0
-0.71522492,-0.82389081,2.7399387,-0.95466876,-0.0019610524,0.2976642,0
2.1295509,-2.0461962,2.8234992,0.29662898,-0.089851715,0.95075667,0
0.53827232,0.16534078,-3.3118005,0.95466876,0.0019610524,-0.2976642,0
0.034878254,-1.2495573,-3.810252,-0.29662898,0.089851715,-0.95075667,0
0.50213802,-0.10926032,3.5142906,0.29662898,-0.089851715,0.95075667,0
1.8698425,-3.7765465,2.4865527,-0.024880886,-0.99595332,-0.086360365,0
0.30154109,3.5253596,-0.21533096,0.024880886,0.99595332,0.086360365,0
1.5531862,-2.8007846,-0.07631135,0.95466876,0.0019610524,-0.2976642,0
-0.69134259,-3.4515395,-0.5236994,-0.024880886,-0.99595332,-0.086360365,0
-1.7039373,3.1271582,-2.8541303,-0.29662898,0.089851715,-0.95075667,0
1.5625474,2.6716728,3.446264,0.29662898,-0.089851715,0.95075667,0
2.2280109,0.50426924,3.0338132,0.29662898,-0.089851715,0.95075667,0
-0.5684495,-3.5546479,0.6299926,-0.024880886,-0.99595332,-0.086360365,0
-0.49251807,2.8728137,-3.2561212,-0.29662898,0.089851715,-0.95075667,0
0.13703197,-1.7462802,3.4734938,0.29662898,-0.089851715,0.95075667,0
-2.347456,0.22009242,-2.9280908,-0.29662898,0.089851715,-0.95075667,0
1.4782106,-1.4200642,3.0858848,0.29662898,-0.089851715,0.95075667,0
0.79123473,-3.0876622,-2.5219324,0.95466876,0.0019610524,-0.2976642,0
2.3155293,1.7942258,2.398953,0.95466876,0.0019610524,-0.2976642,0
2.5479922,3.0314827,3.1526592,0.95466876,0.0019610524,-0.2976642,0
-0.36963797,3.757776,-2.7023079,0.024880886,0.99595332,0.086360365,0
1.3277917,-0.14649773,-0.78170741,0.95466876,0.0019610524,-0.2976642,0
-2.1133986,-1.9622408,-1.7517852,-0.95466876,-0.0019610524,0.2976642,0
-1.7242472,2.4617901,-0.47455049,-0.95466876,-0.0019610524,0.2976642,0
0.26861727,-0.56675673,-3.8186481,-0.29662898,0.089851715,-0.95075667,0
1.4851514,-1.9858878,-0.28914344,0.95466876,0.0019610524,-0.2976642,0
0.75570607,-2.6042447,-2.6326947,0.95466876,0.0019610524,-0.2976642,0
-0.46670747,3.6901915,-1.8949199,0.024880886,0.99595332,0.086360365,0
-1.6949183,-0.67671335,-0.40116477,-0.95466876,-0.0019610524,0.2976642,0
-0.70850432,2.4044521,-3.2329981,-0.29662898,0.089851715,-0.95075667,0
0.2881484,-3.6434686,1.4075296,-0.024880886,-0.99595332,-0.086360365,0
0.35686779,3.6282845,-1.4182508,0.024880886,0.99595332,0.086360365,0
0.40133667,-3.2215555,-3.4908028,-0.024880886,-0.99595332,-0.086360365,0
1.7797612,0.24599397,3.1492555,0.29662898,-0.089851715,0.95075667,0
1.7082255,-3.7181818,1.8600228,-0.024880886,-0.99595332,-0.086360365,0
-0.078418732,3.3882427,1.4754491,0.024880886,0.99595332,0.086360365,0
1.6046829,2.400589,0.12311986,0.95466876,0.0019610524,-0.2976642,0
2.3539855,-3.5884764,2.6077232,0.29662898,-0.089851715,0.95075667,0
1.7633127,3.2781386,0.63766015,0.95466876,0.0019610524,-0.2976642,0
0.04117465,-3.5917017,3.3289981,0.29662898,-0.089851715,0.95075667,0
-1.3785596,3.5652108,-0.19086134,0.024880886,0.99595332,0.086360365,0
-1.2724768,-3.1005898,0.93771946,-0.95466876,-0.0019610524,0.2976642,0
1.7422724,0.59202766,0.55248129,0.95466876,0.0019610524,-0.2976642,0
0.29388285,3.3210721,-3.4591093,-0.29662898,0.089851715,-0.95075667,0
0.71545005,3.6742589,-2.0517642,0.024880886,0.99595332,0.086360365,0
-2.0384977,3.1038814,-2.7519498,-0.29662898,0.089851715,-0.95075667,0
0.29097021,-0.95132995,-3.8619659,-0.29662898,0.089851715,-0.95075667,0
-0.39962685,-0.12055159,3.7567596,-0.95466876,-0.0019610524,0.2976642,0
-0.74372077,3.791676,-2.9854798,0.024880886,0.99595332,0.086360365,0
2.387419,-2.2960467,2.6025662,0.95466876,0.0019610524,-0.2976642,0
-0.60472649,-0.51562023,3.0963607,-0.95466876,-0.0019610524,0.2976642,0
2.2092943,3.0079403,2.0662324,0.95466876,0.0019610524,-0.2976642,0
1.7323663,-2.5158982,2.9030285,0.29662898,-0.089851715,0.95075667,0
-0.82098174,3.605854,-0.820225,0.024880886,0.99595332,0.086360365,0
1.120465,-1.9046063,-1.4582304,0.95466876,0.0019610524,-0.2976642,0
-1.5333292,-1.8352588,0.10945006,-0.95466876,-0.0019610524,0.2976642,0
0.73408812,0.92361367,-2.6787837,0.95466876,0.0019610524,-0.2976642,0
0.10366893,3.4050469,1.2291929,0.024880886,0.99595332,0.086360365,0
2.2324207,-2.3090315,2.7665653,0.29662898,-0.089851715,0.95075667,0
0.012598615,-1.0515431,3.5779724,0.29662898,-0.089851715,0.95075667,0
0.41578221,-3.414516,-1.2696511,-0.024880886,-0.99595332,-0.086360365,0
1.3249881,1.7748899,-0.77803963,0.95466876,0.0019610524,-0.2976642,0
-1.5163305,3.6448541,-1.0696568,0.024880886,0.99595332,0.086360365,0
-0.49421,2.2632756,3.46912,-0.95466876,-0.0019610524,0.2976642,0
-0.99708289,0.13956964,1.8423114,-0.95466876,-0.0019610524,0.2976642,0
-1.0415432,-3.0976593,-3.6490717,-0.29662898,0.089851715,-0.95075667,0
-0.003828764,0.43931711,3.7239921,0.29662898,-0.089851715,0.95075667,0
-0.97103119,-1.9058464,-3.5584381,-0.29662898,0.089851715,-0.95075667,0
0.12430239,-3.3230662,-2.2403154,-0.024880886,-0.99595332,-0.086360365,0
0.1323173,-3.7064223,2.178437,-0.024880886,-0.99595332,-0.086360365,0
-2.206847,3.0645368,-2.0183733,-0.95466876,-0.0019610524,0.2976642,0
-0.17484879,-3.3880987,-1.4041383,-0.024880886,-0.99595332,-0.086360365,0
-0.8874104,-3.3097856,-2.1019926,-0.024880886,-0.99595332,-0.086360365,0
1.3675103,-3.6033201,2.914093,0.29662898,-0.089851715,0.95075667,0
-1.9774176,-0.9092012,-3.1502652,-0.29662898,0.089851715,-0.95075667,0
2.0249262,-1.9504112,1.4422576,0.95466876,0.0019610524,-0.2976642,0
-0.13985187,1.6881661,-3.478106,-0.29662898,0.089851715,-0.95075667,0
2.5075107,3.1091204,3.1927838,0.29662898,-0.089851715,0.95075667,0
-1.9089456,1.2437277,-1.0749404,-0.95466876,-0.0019610524,0.2976642,0
0.11887622,-3.759985,2.8000243,-0.024880886,-0.99595332,-0.086360365,0
-2.4931746,-3.1480687,-2.9776161,-0.95466876,-0.0019610524,0.2976642,0
-1.5614353,-0.90186316,0.025458217,-0.95466876,-0.0019610524,0.2976642,0
-1.475996,3.7834952,-2.6801653,0.024880886,0.99595332,0.086360365,0
2.5140934,3.176281,3.1729805,0.024880886,0.99595332,0.086360365,0
-1.4864,2.0890446,-3.020108,-0.29662898,0.089851715,-0.95075667,0
0.83502269,3.5351858,-0.48234975,0.024880886,0.99595332,0.086360365,0
-1.7067872,-0.34427932,-3.1813111,-0.29662898,0.089851715,-0.95075667,0
-1.7823969,-2.3007491,-3.3426187,-0.29662898,0.089851715,-0.95075667,0
-1.1075644,3.7492526,-2.3914044,0.024880886,0.99595332,0.086360365,0
0.48722553,3.2823882,2.533253,0.024880886,0.99595332,0.086360365,0
0.14604616,0.20889592,3.6554563,0.29662898,-0.089851715,0.95075667,0
0.24319291,-3.4532685,-0.77300751,-0.024880886,-0.99595332,-0.086360365,0
-0.97293663,3.7046981,-1.9163694,0.024880886,0.99595332,0.086360365,0
-2.0616763,2.9603295,-1.553467,-0.95466876,-0.0019610524,0.2976642,0
1.2205949,-3.450366,2.9743848,0.29662898,-0.089851715,0.95075667,0
-1.3241966,-0.46508679,-3.3120935,-0.29662898,0.089851715,-0.95075667,0
2.00669,2.6131291,3.3021624,0.29662898,-0.089851715,0.95075667,0
-1.5298481,3.7596889,-2.3900957,0.024880886,0.99595332,0.086360365,0
-1.0565882,0.36851597,1.6529751,-0.95466876,-0.0019610524,0.2976642,0
-0.024984598,3.6317756,-1.3484979,0.024880886,0.99595332,0.086360365,0
-0.98533726,1.6443548,1.8898971,-0.95466876,-0.0019610524,0.2976642,0
-2.3222172,2.718143,-2.3906708,-0.95466876,-0.0019610524,0.2976642,0
0.40395665,3.3857775,1.3649012,0.024880886,0.99595332,0.086360365,0
-0.94985771,-2.8406117,1.9741368,-0.95466876,-0.0019610524,0.2976642,0
1.0496111,-3.619154,0.90773392,-0.024880886,-0.99595332,-0.086360365,0
1.1044852,1.4673772,-1.4872631,0.95466876,0.0019610524,-0.2976642,0
-1.0760124,-3.4285338,-0.6781866,-0.024880886,-0.99595332,-0.086360365,0
1.9474666,-3.6364589,2.73002,0.29662898,-0.089851715,0.95075667,0
-0.92113113,3.4302859,1.2333766,0.024880886,0.99595332,0.086360365,0
-2.4197216,-2.6850846,-3.1801,-0.29662898,0.089851715,-0.95075667,0
-1.3013082,3.6713943,-1.43768,0.024880886,0.99595332,0.086360365,0
-0.60537535,0.84284186,-3.4127541,-0.29662898,0.089851715,-0.95075667,0
-0.69345403,-0.43216252,2.8123436,-0.95466876,-0.0019610524,0.2976642,0
-0.40255308,-3.6392956,1.5584013,-0.024880886,-0.99595332,-0.086360365,0
-0.34288549,1.7421699,3.9510133,-0.95466876,-0.0019610524,0.2976642,0
0.84617448,-3.3606868,-2.0144362,-0.024880886,-0.99595332,-0.086360365,0
-2.2904646,0.57626545,-2.3029466,-0.95466876,-0.0019610524,0.2976642,0
0.42282963,3.7654371,-3.0189738,0.024880886,0.99595332,0.086360365,0
0.39692092,3.1870828,3.658381,0.024880886,0.99595332,0.086360365,0
-0.042018652,2.6059322,3.9406643,0.29662898,-0.089851715,0.95075667,0
-1.1095905,-1.4780757,1.4708192,-0.95466876,-0.0019610524,0.2976642,0
0.67942786,3.7061653,-2.8357558,0.95466876,0.0019610524,-0.2976642,0
0.58433032,-3.5638108,0.40354061,-0.024880886,-0.99595332,-0.086360365,0
0.10890245,-3.4287114,-1.0175205,-0.024880886,-0.99595332,-0.086360365,0
1.3536005,3.415602,0.7473489,0.024880886,0.99595332,0.086360365,0
-0.1517837,-3.5797338,0.79925168,-0.024880886,-0.99595332,-0.086360365,0
-0.75373173,-3.2355845,-2.9962358,-0.024880886,-0.99595332,-0.086360365,0
-1.2550528,-3.2767844,-2.3766575,-0.024880886,-0.99595332,-0.086360365,0
-2.1056557,3.5171914,-2.691937,-0.29662898,0.089851715,-0.95075667,0
-2.5039904,-3.1692231,-3.1995623,-0.29662898,0.089851715,-0.95075667,0
-0.90568829,-3.5999358,1.2494389,-0.024880886,-0.99595332,-0.086360365,0
-0.97098589,3.143131,1.9458003,-0.95466876,-0.0019610524,0.2976642,0
0.47462958,0.26885927,-3.515233,0.95466876,0.0019610524,-0.2976642,0
1.1785364,-2.257679,-1.2743101,0.95466876,0.0019610524,-0.2976642,0
0.83329368,-3.127121,3.1257687,0.29662898,-0.089851715,0.95075667,0
1.8808768,-3.6156757,2.7527595,0.29662898,-0.089851715,0.95075667,0
-1.1532339,0.96932518,1.3469715,-0.95466876,-0.0019610524,0.2976642,0
-1.2368536,3.6177719,-0.83785176,0.024880886,0.99595332,0.086360365,0
0.22701645,3.5952773,-1.0001825,0.024880886,0.99595332,0.086360365,0
-0.59769368,-1.894798,-3.6738727,-0.29662898,0.089851715,-0.95075667,0
0.37913299,3.6501594,-1.6769376,0.024880886,0.99595332,0.086360365,0
-0.35100996,1.878603,-3.3942292,-0.29662898,0.089851715,-0.95075667,0
0.25547546,0.12200713,3.6131034,0.29662898,-0.089851715,0.95075667,0
-1.3047692,2.2394552,-3.0625608,-0.29662898,0.089851715,-0.95075667,0
1.4733427,0.54637891,-0.31033149,0.95466876,0.0019610524,-0.2976642,0
-1.4123614,1.8670739,0.52181202,-0.95466876,-0.0019610524,0.2976642,0
0.040474355,-1.6626513,3.5115223,0.29662898,-0.089851715,0.95075667,0
-1.4101706,2.0155013,-3.0508409,-0.29662898,0.089851715,-0.95075667,0
-0.53867292,-3.6786668,3.2873673,-0.95466876,-0.0019610524,0.2976642,0
0.18343997,-3.6676064,1.7160628,-0.024880886,-0.99595332,-0.086360365,0
-0.34167647,1.597949,3.938895,0.29662898,-0.089851715,0.95075667,0
-0.42090106,3.6276841,-1.1872501,0.024880886,0.99595332,0.086360365,0
-0.9902392,-0.031834841,1.8631315,-0.95466876,-0.0019610524,0.2976642,0
-0.52738404,-0.24586236,3.3461912,-0.95466876,-0.0019610524,0.2976642,0
1.0615664,-2.7783778,-1.6528867,0.95466876,0.0019610524,-0.2976642,0
1.5516181,-2.6694775,-0.080474734,0.95466876,0.0019610524,-0.2976642,0
0.84792638,-3.3459864,-2.184474,-0.024880886,-0.99595332,-0.086360365,0
-1.1955707,-1.6208854,-3.4614534,-0.29662898,0.089851715,-0.95075667,0
-0.80172634,3.4695587,0.74605703,0.024880886,0.99595332,0.086360365,0
2.1290894,1.7525237,3.1826429,0.29662898,-0.089851715,0.95075667,0
1.0752473,-2.7526283,-1.6088394,0.95466876,0.0019610524,-0.2976642,0
-2.1769679,-2.1484735,-3.2051246,-0.29662898,0.089851715,-0.95075667,0
-1.6456304,3.068583,-0.21841192,-0.95466876,-0.0019610524,0.2976642,0
2.0650084,3.2639735,2.2910476,0.024880886,0.99595332,0.086360365,0
-0.9043662,-1.3852386,2.1296263,-0.95466876,-0.0019610524,0.2976642,0
1.6799191,-2.1322718,0.33455193,0.95466876,0.0019610524,-0.2976642,0
0.59857148,0.38464046,3.5308807,0.29662898,-0.089851715,0.95075667,0
-0.91794062,-2.0730603,-3.5908046,-0.29662898,0.089851715,-0.95075667,0
-0.43740177,-2.6831329,-3.7983847,-0.29662898,0.089851715,-0.95075667,0
1.045063,-3.7214437,3.003531,0.29662898,-0.089851715,0.95075667,0
-1.1313002,3.5621376,-0.22665417,0.024880886,0.99595332,0.086360365,0
-0.99263382,3.6555302,-1.3436611,0.024880886,0.99595332,0.086360365,0
1.5575112,-2.4012852,2.9684134,0.29662898,-0.089851715,0.95075667,0
-1.7277098,-0.82880414,-0.50733578,-0.95466876,-0.0019610524,0.2976642,0
-2.3638184,1.0067375,-2.5353696,-0.95466876,-0.0019610524,0.2976642,0
-2.0032759,0.18203297,-3.0390697,-0.29662898,0.089851715,-0.95075667,0
0.9296276,2.0512118,-2.0442195,0.95466876,0.0019610524,-0.2976642,0
-0.17188191,-3.2187445,-3.3580809,-0.024880886,-0.99595332,-0.086360365,0
-1.6652279,3.7937219,-2.7435822,0.024880886,0.99595332,0.086360365,0
-0.43860245,-2.4760995,3.5841157,0.29662898,-0.089851715,0.95075667,0
2.2082481,3.2717347,2.0646145,0.95466876,0.0019610524,-0.2976642,0
1.4476752,-0.38887024,-0.39881396,0.95466876,0.0019610524,-0.2976642,0
-1.8676853,-3.370235,-1.122435,-0.024880886,-0.99595332,-0.086360365,0
-0.56241214,-2.2083027,3.2209182,-0.95466876,-0.0019610524,0.2976642,0
1.109663,0.63074636,-1.4761691,0.95466876,0.0019610524,-0.2976642,0
-0.044105291,-2.6960323,3.4402506,0.29662898,-0.089851715,0.95075667,0
-1.9215734,3.7430971,-2.0858912,0.024880886,0.99595332,0.086360365,0
-0.83061337,-3.3675716,-1.4519355,-0.024880886,-0.99595332,-0.086360365,0
-2.3818603,-1.682209,-2.6109509,-0.95466876,-0.0019610524,0.2976642,0
0.014235735,1.7633219,3.843482,0.29662898,-0.089851715,0.95075667,0
1.8663373,-3.7204576,1.840714,-0.024880886,-0.99595332,-0.086360365,0
1.2581227,0.68828523,3.3538015,0.29662898,-0.089851715,0.95075667,0
-0.86178303,-2.1237371,-3.6131146,-0.29662898,0.089851715,-0.95075667,0
-2.0932941,-0.81306064,-1.6797347,-0.95466876,-0.0019610524,0.2976642,0
-0.71938562,-3.5619273,0.75742793,-0.024880886,-0.99595332,-0.086360365,0
-1.4311976,3.428124,0.4716869,-0.95466876,-0.0019610524,0.2976642,0
-0.56356382,3.4354177,-3.1807866,-0.29662898,0.089851715,-0.95075667,0
1.4080789,-3.7892153,2.765697,-0.024880886,-0.99595332,-0.086360365,0
-0.91578233,-1.445435,2.0926156,-0.95466876,-0.0019610524,0.2976642,0
-2.2925727,3.4805391,-2.637084,-0.29662898,0.089851715,-0.95075667,0
2.3241956,0.35273406,2.9894834,0.29662898,-0.089851715,0.95075667,0
-0.80573207,-0.35335326,-3.4632914,-0.29662898,0.089851715,-0.95075667,0
-0.004597187,-3.3354673,-2.060163,-0.024880886,-0.99595332,-0.086360365,0
-2.1704946,1.6070004,-2.8522315,-0.29662898,0.089851715,-0.95075667,0
-1.6085554,1.907814,-2.9991241,-0.29662898,0.089851715,-0.95075667,0
0.18812871,-3.6274767,1.2519164,-0.024880886,-0.99595332,-0.086360365,0
-0.13996553,-3.6613679,1.7372959,-0.024880886,-0.99595332,-0.086360365,0
2.0871158,-3.512965,2.6981206,0.29662898,-0.089851715,0.95075667,0
-1.8674048,0.24485442,-3.0755231,-0.29662898,0.089851715,-0.95075667,0
0.14552116,2.2881298,3.8521194,0.29662898,-0.089851715,0.95075667,0
1.7648008,-1.1407669,3.0228665,0.29662898,-0.089851715,0.95075667,0
2.0425024,-3.6094036,1.4876966,0.95466876,0.0019610524,-0.2976642,0
-1.6745846,-3.257448,-2.4787896,-0.024880886,-0.99595332,-0.086360365,0
-0.80472064,3.7494199,-3.0758719,-0.29662898,0.089851715,-0.95075667,0
1.9022887,0.42804027,1.0646045,0.95466876,0.0019610524,-0.2976642,0
-1.8665984,0.48572552,-0.94411802,-0.95466876,-0.0019610524,0.2976642,0
0.30096412,-2.7401035,-4.0341334,-0.29662898,0.089851715,-0.95075667,0
-0.5171746,-2.3131738,3.3653133,-0.95466876,-0.0019610524,0.2976642,0
-0.98711008,-0.55168444,-3.4254465,-0.29662898,0.089851715,-0.95075667,0
-1.1740324,1.8642691,1.2861637,-0.95466876,-0.0019610524,0.2976642,0
-0.28563333,-1.688048,-3.751694,-0.29662898,0.089851715,-0.95075667,0
-0.25831676,3.670233,-1.724781,0.024880886,0.99595332,0.086360365,0
-2.4509468,0.709907,-2.8495126,-0.29662898,0.089851715,-0.95075667,0
-1.8037398,-3.1753421,-3.3884656,-0.024880886,-0.99595332,-0.086360365,0
1.1954951,-3.040782,-1.2250803,0.95466876,0.0019610524,-0.2976642,0
-0.34530902,-3.7222261,2.4983087,-0.024880886,-0.99595332,-0.086360365,0
-0.78643441,-0.20886171,2.5156078,-0.95466876,-0.0019610524,0.2976642,0
1.567502,-2.9868069,-0.03162384,0.95466876,0.0019610524,-0.2976642,0
-0.24005671,0.70706928,-3.5395622,-0.29662898,0.089851715,-0.95075667,0
1.1429764,-2.1058621,3.1256642,0.29662898,-0.089851715,0.95075667,0
-1.6210485,3.6499665,-1.098448,0.024880886,0.99595332,0.086360365,0
1.7672539,1.3692057,0.63772249,0.95466876,0.0019610524,-0.2976642,0
0.14304298,0.22942793,-3.7042263,-0.29662898,0.089851715,-0.95075667,0
-0.46344161,-3.6934543,2.200527,-0.024880886,-0.99595332,-0.086360365,0
-1.841946,-0.88868827,-3.1905925,-0.29662898,0.089851715,-0.95075667,0
-1.1084101,2.033165,1.4977403,-0.95466876,-0.0019610524,0.2976642,0
2.1785846,3.128531,3.2972405,0.29662898,-0.089851715,0.95075667,0
0.44481111,-1.9631755,-3.6255744,0.95466876,0.0019610524,-0.2976642,0
-0.21815968,3.4880371,0.36482683,0.024880886,0.99595332,0.086360365,0
0.85566187,-2.3429887,-2.3103962,0.95466876,0.0019610524,-0.2976642,0
-1.4159169,-3.2713752,-2.3926964,-0.024880886,-0.99595332,-0.086360365,0
1.1362067,-2.3467548,3.1050103,0.29662898,-0.089851715,0.95075667,0
2.462332,2.6729524,2.8755684,0.95466876,0.0019610524,-0.2976642,0
-1.9549185,1.3155265,-2.9470353,-0.29662898,0.089851715,-0.95075667,0
-0.4881618,-3.4874094,-0.16856974,-0.024880886,-0.99595332,-0.086360365,0
-0.99588203,0.9259249,1.8513442,-0.95466876,-0.0019610524,0.2976642,0
1.7804143,-3.1195371,0.6503551,0.95466876,0.0019610524,-0.2976642,0
-1.0823247,1.5618591,-3.1959984,-0.29662898,0.089851715,-0.95075667,0
0.055095017,1.6197486,-3.5453942,-0.29662898,0.089851715,-0.95075667,0
2.4410238,-0.51236844,2.7862411,0.95466876,0.0019610524,-0.2976642,0
-0.95569062,1.9994663,1.9873201,-0.95466876,-0.0019610524,0.2976642,0
1.2395313,3.4911752,-0.091336429,0.024880886,0.99595332,0.086360365,0
-1.2649249,-0.64767206,-3.3478415,-0.29662898,0.089851715,-0.95075667,0
-0.50524545,1.3426123,3.42766,-0.95466876,-0.0019610524,0.2976642,0
1.5334949,-1.6129839,-0.13163829,0.95466876,0.0019610524,-0.2976642,0
-2.3107238,-2.8461876,-3.2293315,-0.29662898,0.089851715,-0.95075667,0
2.0968635,-2.3809857,1.6701379,0.95466876,0.0019610524,-0.2976642,0
-2.1750793,-1.8868835,-1.9491119,-0.95466876,-0.0019610524,0.2976642,0
1.3318567,-2.3648031,-0.78328621,0.95466876,0.0019610524,-0.2976642,0
0.43632692,1.1609887,-3.6321995,0.95466876,0.0019610524,-0.2976642,0
0.42670012,3.6735575,-1.9604864,0.024880886,0.99595332,0.086360365,0
-1.7823417,2.8180189,-0.65852308,-0.95466876,-0.0019610524,0.2976642,0
-0.21417415,-0.37135458,3.7130055,0.29662898,-0.089851715,0.95075667,0
-1.7376893,-3.3026085,-1.9397886,-0.024880886,-0.99595332,-0.086360365,0
2.4058509,2.8944616,2.6958816,0.95466876,0.0019610524,-0.2976642,0
0.047864914,-3.7286959,2.4596426,-0.024880886,-0.99595332,-0.086360365,0
-0.96047521,2.5691004,1.9757274,-0.95466876,-0.0019610524,0.2976642,0
0.93690658,3.490804,0.0001322031,0.024880886,0.99595332,0.086360365,0
-0.62370467,-1.8593699,-3.6624088,-0.29662898,0.089851715,-0.95075667,0
-1.6615803,-0.062859893,-3.1688199,-0.29662898,0.089851715,-0.95075667,0
-0.017351151,1.1864488,3.7988191,0.29662898,-0.089851715,0.95075667,0
