-0.1111809,1.5453016,2.8635423,0.24441837,0.68243653,0.68886864,0
-1.293654,-2.7048538,-1.2163657,-0.24441837,-0.68243653,-0.68886864,0
2.8624051,-0.241997,0.64933336,0.52794933,-0.68954295,0.4957822,0
-1.9799328,1.9016598,0.71922779,-0.52794933,0.68954295,-0.4957822,0
-0.24040389,-2.3905418,0.96522152,0.52794933,-0.68954295,0.4957822,0
-0.38883138,-3.2782824,-0.11140645,0.52794933,-0.68954295,0.4957822,0
-0.14859414,1.635255,-1.6014518,-0.52794933,0.68954295,-0.4957822,0
0.47661293,-0.52659374,-3.2903905,0.81334442,0.24250948,-0.52882892,0
2.6793776,0.26470637,0.46035826,0.81334442,0.24250948,-0.52882892,0
0.75594497,2.4617281,-1.4152051,-0.52794933,0.68954295,-0.4957822,0
-2.0293198,-2.516721,-0.49328732,-0.81334442,-0.24250948,0.52882892,0
1.4646424,-1.5144056,0.36809573,0.52794933,-0.68954295,0.4957822,0
-1.3647851,-1.1386069,1.1607473,-0.81334442,-0.24250948,0.52882892,0
-2.0440781,-0.95825553,0.1986928,-0.81334442,-0.24250948,0.52882892,0
-2.3512793,-0.27999544,-1.9196182,-0.52794933,0.68954295,-0.4957822,0
1.4141504,0.24577415,2.8699536,0.52794933,-0.68954295,0.4957822,0
-1.3494463,-3.0442836,0.31043637,-0.81334442,-0.24250948,0.52882892,0
0.036308289,3.1258464,0.27479064,-0.52794933,0.68954295,-0.4957822,0
-2.0035815,-2.8566005,-0.60956287,-0.81334442,-0.24250948,0.52882892,0
-2.579324,-0.78156137,-2.3743646,-0.52794933,0.68954295,-0.4957822,0
2.1946805,-0.68613124,-0.7211448,0.81334442,0.24250948,-0.52882892,0
-1.4307287,-2.551971,-1.3191854,-0.24441837,-0.68243653,-0.68886864,0
1.2473731,-1.3561462,-2.485368,0.81334442,0.24250948,-0.52882892,0
1.0183041,0.67713749,3.3228459,0.24441837,0.68243653,0.68886864,0
-0.40700555,-2.1210225,-2.1093385,-0.24441837,-0.68243653,-0.68886864,0
1.5854994,-2.5155628,-2.4254453,-0.24441837,-0.68243653,-0.68886864,0
-0.49167037,-0.40199783,-3.7822723,-0.24441837,-0.68243653,-0.68886864,0
-0.35152054,1.4564801,-1.6340027,-0.52794933,0.68954295,-0.4957822,0
-0.59977549,2.1636128,2.4243629,0.24441837,0.68243653,0.68886864,0
-1.6969734,1.4411973,-0.22251041,-0.52794933,0.68954295,-0.4957822,0
-1.160198,0.41228807,2.1866114,-0.81334442,-0.24250948,0.52882892,0
2.351876,1.6916093,1.8446803,0.24441837,0.68243653,0.68886864,0
-0.9310236,-2.1686194,-1.8762583,-0.24441837,-0.68243653,-0.68886864,0
2.375931,-0.46174049,0.86174709,0.52794933,-0.68954295,0.4957822,0
1.5433965,-2.7232432,-1.3970419,0.52794933,-0.68954295,0.4957822,0
-1.6258801,-1.9858936,0.37063324,-0.81334442,-0.24250948,0.52882892,0
1.4173001,-0.95532918,-2.0402124,0.81334442,0.24250948,-0.52882892,0
-0.9076736,-1.72548,-2.3235447,-0.24441837,-0.68243653,-0.68886864,0
-0.15849996,-3.0811057,-0.082444906,0.52794933,-0.68954295,0.4957822,0
-2.606266,-1.4898248,-1.9543201,-0.24441837,-0.68243653,-0.68886864,0
-2.9020402,0.15231586,-0.73185647,-0.52794933,0.68954295,-0.4957822,0
-1.6697682,-0.022287607,1.2035999,-0.81334442,-0.24250948,0.52882892,0
1.3088882,3.648149,0.27647281,0.24441837,0.68243653,0.68886864,0
-1.817445,-1.9905517,0.073868155,-0.81334442,-0.24250948,0.52882892,0
1.0472189,2.2916515,1.7131478,0.24441837,0.68243653,0.68886864,0
0.85270774,0.84258115,3.2177026,0.24441837,0.68243653,0.68886864,0
-0.28486133,-3.2342675,-0.16090536,0.52794933,-0.68954295,0.4957822,0
-0.6008985,2.2915905,-0.20695794,-0.52794933,0.68954295,-0.4957822,0
0.47483492,-1.8429774,0.96514022,0.52794933,-0.68954295,0.4957822,0
1.2491109,2.6787183,1.2580615,0.24441837,0.68243653,0.68886864,0
-1.4009639,-2.3783114,0.53660214,-0.81334442,-0.24250948,0.52882892,0
-0.30332527,1.8281204,2.6515391,0.24441837,0.68243653,0.68886864,0
1.0464406,0.47302538,3.515069,0.24441837,0.68243653,0.68886864,0
-1.2717941,-3.2873802,0.31838739,-0.81334442,-0.24250948,0.52882892,0
0.44152832,-0.99416053,2.1811576,0.52794933,-0.68954295,0.4957822,0
-0.31063101,1.9012328,2.5817013,0.24441837,0.68243653,0.68886864,0
-1.3135694,1.3825375,-0.71237528,-0.52794933,0.68954295,-0.4957822,0
1.6004102,3.3911579,0.23461771,0.81334442,0.24250948,-0.52882892,0
-1.2976627,-1.9397018,-1.9729508,-0.24441837,-0.68243653,-0.68886864,0
-1.8754368,-1.5929341,0.16701472,-0.81334442,-0.24250948,0.52882892,0
0.029679537,-2.8872402,-1.5052159,-0.24441837,-0.68243653,-0.68886864,0
-0.31770277,0.82839495,3.6470313,0.24441837,0.68243653,0.68886864,0
0.14434171,-0.60630685,-3.8055353,-0.24441837,-0.68243653,-0.68886864,0
2.1183372,2.5034695,1.1232626,0.24441837,0.68243653,0.68886864,0
-0.20673728,2.8203673,0.10873985,-0.52794933,0.68954295,-0.4957822,0
1.1610613,0.33352637,-1.8432691,0.81334442,0.24250948,-0.52882892,0
-1.1190674,1.63281,2.8095753,-0.81334442,-0.24250948,0.52882892,0
-1.0326495,2.508729,0.55480587,-0.52794933,0.68954295,-0.4957822,0
-1.5663102,-1.2345364,0.80680883,-0.81334442,-0.24250948,0.52882892,0
-0.80730343,2.6990643,0.57956105,-0.52794933,0.68954295,-0.4957822,0
1.9650967,-2.8082776,-2.0474174,0.81334442,0.24250948,-0.52882892,0
-1.9877938,0.21715379,-1.615243,-0.52794933,0.68954295,-0.4957822,0
-1.4564764,-3.0729585,0.13267326,-0.81334442,-0.24250948,0.52882892,0
-1.1096578,-0.44433391,1.8715143,-0.81334442,-0.24250948,0.52882892,0
0.58175027,-1.1789628,-3.3934236,-0.24441837,-0.68243653,-0.68886864,0
-1.1753602,1.8454992,-0.21565609,-0.52794933,0.68954295,-0.4957822,0
1.5390265,-1.094057,-1.9166132,0.81334442,0.24250948,-0.52882892,0
1.1941973,-0.059842825,2.6791203,0.52794933,-0.68954295,0.4957822,0
-2.7675881,-0.53737688,-0.72106755,-0.81334442,-0.24250948,0.52882892,0
-0.7944268,2.3698809,2.2890856,0.24441837,0.68243653,0.68886864,0
-1.8995283,1.8593349,1.7130979,-0.81334442,-0.24250948,0.52882892,0
-1.5262072,-0.56660736,1.1747849,-0.81334442,-0.24250948,0.52882892,0
-0.29333854,-3.4272969,-0.8555913,-0.24441837,-0.68243653,-0.68886864,0
-0.83516574,3.245115,1.3686888,-0.52794933,0.68954295,-0.4957822,0
2.2013531,0.53256989,-0.15201187,0.81334442,0.24250948,-0.52882892,0
-0.51617604,-0.92890596,-3.2515888,-0.24441837,-0.68243653,-0.68886864,0
-1.3551755,-1.6380328,-2.2513971,-0.24441837,-0.68243653,-0.68886864,0
0.26223046,-1.741117,-2.7231491,-0.24441837,-0.68243653,-0.68886864,0
-1.5137403,-3.3115418,-0.064807892,-0.81334442,-0.24250948,0.52882892,0
2.5797956,0.1136384,1.444903,0.52794933,-0.68954295,0.4957822,0
-0.19017839,-3.5019836,-0.81820428,-0.24441837,-0.68243653,-0.68886864,0
-0.30436778,-0.52484846,-3.7270257,-0.24441837,-0.68243653,-0.68886864,0
-1.2009108,-3.1150723,0.50642335,-0.81334442,-0.24250948,0.52882892,0
-1.3418186,-2.8649147,-1.04071,-0.24441837,-0.68243653,-0.68886864,0
1.5372326,-2.5923007,-1.2083607,0.52794933,-0.68954295,0.4957822,0
-1.239964,-3.6822677,-0.26712775,-0.24441837,-0.68243653,-0.68886864,0
0.97678363,-0.97987455,1.631043,0.52794933,-0.68954295,0.4957822,0
1.1174197,-2.7565005,-0.98968178,0.52794933,-0.68954295,0.4957822,0
0.44188476,0.56202799,-2.8445847,0.81334442,0.24250948,-0.52882892,0
0.22656178,-1.937583,1.0979422,0.52794933,-0.68954295,0.4957822,0
-0.69978476,1.2575148,-1.5398669,-0.52794933,0.68954295,-0.4957822,0
-2.5638335,-0.16630554,-0.2375257,-0.81334442,-0.24250948,0.52882892,0
0.80746007,1.0027646,-2.0802135,0.81334442,0.24250948,-0.52882892,0
-1.3727989,-2.3620071,-1.5279294,-0.24441837,-0.68243653,-0.68886864,0
2.9680738,0.67292142,1.8092936,0.52794933,-0.68954295,0.4957822,0
-0.48924142,1.2057186,3.3340945,0.24441837,0.68243653,0.68886864,0
-1.6244845,-1.1108503,-2.678103,-0.24441837,-0.68243653,-0.68886864,0
-2.0128238,2.1388142,1.6670114,-0.81334442,-0.24250948,0.52882892,0
2.4126697,-0.082880974,1.3495494,0.52794933,-0.68954295,0.4957822,0
-1.710623,-0.61363912,0.86958402,-0.81334442,-0.24250948,0.52882892,0
-2.0274086,-2.0419531,-1.6127323,-0.24441837,-0.68243653,-0.68886864,0
0.49859327,1.5083175,2.6838262,0.24441837,0.68243653,0.68886864,0
-0.072707653,-2.8375664,-1.5180975,-0.24441837,-0.68243653,-0.68886864,0
2.8971319,1.5272789,1.3742548,0.81334442,0.24250948,-0.52882892,0
-0.16719866,-0.022235751,-3.8869083,-0.52794933,0.68954295,-0.4957822,0
0.072550774,3.4135051,0.94759238,0.24441837,0.68243653,0.68886864,0
0.5514164,0.43757451,-2.7331951,0.81334442,0.24250948,-0.52882892,0
2.0983973,1.9022189,1.7259742,0.24441837,0.68243653,0.68886864,0
-2.7005727,0.44631791,-0.53749239,-0.52794933,0.68954295,-0.4957822,0
-2.6826124,-1.5433567,-1.8741993,-0.24441837,-0.68243653,-0.68886864,0
2.3523772,-0.9678781,0.18288368,0.52794933,-0.68954295,0.4957822,0
-1.1544101,2.5905421,2.1982105,0.24441837,0.68243653,0.68886864,0
-3.0872483,-1.1202641,-1.4800073,-0.81334442,-0.24250948,0.52882892,0
1.5742543,-0.72386014,-1.6926683,0.81334442,0.24250948,-0.52882892,0
0.5251615,-2.2361488,0.36471784,0.52794933,-0.68954295,0.4957822,0
-1.9846516,0.2622261,-1.5559016,-0.52794933,0.68954295,-0.4957822,0
-2.7325888,-1.3739388,-1.0508676,-0.81334442,-0.24250948,0.52882892,0
1.1748477,1.7378395,2.2165046,0.24441837,0.68243653,0.68886864,0
0.34512043,3.0772457,1.184001,0.24441837,0.68243653,0.68886864,0
1.1268983,-3.0160098,-1.7669541,-0.24441837,-0.68243653,-0.68886864,0
-0.63346499,-1.2624288,-2.879565,-0.24441837,-0.68243653,-0.68886864,0
2.4632425,1.6086535,1.8873471,0.24441837,0.68243653,0.68886864,0
0.99690521,-1.9527917,-2.7741218,-0.24441837,-0.68243653,-0.68886864,0
0.52252126,-3.3020697,-1.2691255,-0.24441837,-0.68243653,-0.68886864,0
0.64640772,-1.2561829,-3.3398657,-0.24441837,-0.68243653,-0.68886864,0
0.66003489,1.1767703,2.9549963,0.24441837,0.68243653,0.68886864,0
-1.2733334,-1.3120058,1.2218838,-0.81334442,-0.24250948,0.52882892,0
1.8900858,1.9979482,0.041246176,0.81334442,0.24250948,-0.52882892,0
2.7391284,-0.083564043,0.3925457,0.81334442,0.24250948,-0.52882892,0
-2.2662969,1.5373275,1.0013384,-0.81334442,-0.24250948,0.52882892,0
-0.88795942,-1.4297683,-2.6234903,-0.24441837,-0.68243653,-0.68886864,0
-2.3442614,1.5020612,0.5514257,-0.52794933,0.68954295,-0.4957822,0
-1.4719255,-3.6063001,-0.13566637,-0.81334442,-0.24250948,0.52882892,0
1.0313342,-3.092967,-1.3659747,0.52794933,-0.68954295,0.4957822,0
0.31769943,-1.0670921,2.2115862,0.52794933,-0.68954295,0.4957822,0
2.0017586,2.3689191,0.38311946,0.81334442,0.24250948,-0.52882892,0
0.80378753,-0.33085525,-2.6974311,0.81334442,0.24250948,-0.52882892,0
-0.91723228,2.7663667,1.9398742,0.24441837,0.68243653,0.68886864,0
1.5942554,0.06393826,2.4252629,0.52794933,-0.68954295,0.4957822,0
1.9949789,1.7510428,0.089347124,0.81334442,0.24250948,-0.52882892,0
0.11729288,-1.7080016,1.5336065,0.52794933,-0.68954295,0.4957822,0
1.2031224,1.7201815,2.2239654,0.24441837,0.68243653,0.68886864,0
0.31934142,1.9153548,-1.7101798,-0.52794933,0.68954295,-0.4957822,0
1.3264678,2.8708348,-0.42531765,0.81334442,0.24250948,-0.52882892,0
-0.24698591,-3.330714,-0.96771872,-0.24441837,-0.68243653,-0.68886864,0
0.62379014,-2.3629816,-2.2353766,-0.24441837,-0.68243653,-0.68886864,0
2.8742738,1.212091,1.1945605,0.81334442,0.24250948,-0.52882892,0
-1.5766526,-2.2485106,-1.5680369,-0.24441837,-0.68243653,-0.68886864,0
0.16661239,-2.5871167,0.2583977,0.52794933,-0.68954295,0.4957822,0
-0.48662186,2.5350878,0.010011613,-0.52794933,0.68954295,-0.4957822,0
-2.4657519,0.92411137,0.41336665,-0.81334442,-0.24250948,0.52882892,0
-1.5573732,2.7444744,1.4414539,-0.52794933,0.68954295,-0.4957822,0
0.70113635,-3.2877445,-1.2852528,0.52794933,-0.68954295,0.4957822,0
0.15792394,-0.25855333,3.5062587,0.52794933,-0.68954295,0.4957822,0
1.5948197,0.45652521,2.9706788,0.52794933,-0.68954295,0.4957822,0
-2.5913062,-0.75560951,-0.55002058,-0.81334442,-0.24250948,0.52882892,0
-1.3697368,-0.83432102,-3.0424378,-0.24441837,-0.68243653,-0.68886864,0
0.45856929,3.446121,0.27057683,-0.52794933,0.68954295,-0.4957822,0
-0.6924181,-2.6165087,-1.5172111,-0.24441837,-0.68243653,-0.68886864,0
1.2232611,-2.2301013,-2.5797153,-0.24441837,-0.68243653,-0.68886864,0
3.3524156,1.057277,1.9345838,0.52794933,-0.68954295,0.4957822,0
0.2572968,0.99993956,3.273072,0.24441837,0.68243653,0.68886864,0
-2.9028354,-0.5814631,-0.94929588,-0.81334442,-0.24250948,0.52882892,0
2.6983547,1.2879369,2.121649,0.24441837,0.68243653,0.68886864,0
-0.59948182,-3.2372832,-0.93520784,-0.24441837,-0.68243653,-0.68886864,0
-2.2876842,0.22479129,0.36654371,-0.81334442,-0.24250948,0.52882892,0
1.0948157,0.50968373,-1.8643737,0.81334442,0.24250948,-0.52882892,0
1.4115885,-0.82640344,1.3814777,0.52794933,-0.68954295,0.4957822,0
-1.7177891,2.8972564,2.0942535,0.24441837,0.68243653,0.68886864,0
-0.32153469,-1.1464409,-3.1051462,-0.24441837,-0.68243653,-0.68886864,0
-1.5145335,-2.2279887,0.43086541,-0.81334442,-0.24250948,0.52882892,0
-0.60732436,1.3924861,-1.4506061,-0.52794933,0.68954295,-0.4957822,0
0.021760225,-2.3426919,-2.0418694,-0.24441837,-0.68243653,-0.68886864,0
-0.32596803,-2.425611,-1.8363472,-0.24441837,-0.68243653,-0.68886864,0
2.0653319,-0.68480289,0.88225925,0.52794933,-0.68954295,0.4957822,0
0.16188097,1.3866996,-2.2777662,-0.52794933,0.68954295,-0.4957822,0
-1.5516615,-3.1237693,-0.037023783,-0.81334442,-0.24250948,0.52882892,0
-1.9874643,0.12418008,0.78214675,-0.81334442,-0.24250948,0.52882892,0
-0.89099503,-1.5086352,1.7197541,-0.81334442,-0.24250948,0.52882892,0
-0.49426174,0.51969671,-2.7848957,-0.52794933,0.68954295,-0.4957822,0
1.6710297,-1.2627542,0.49831933,0.52794933,-0.68954295,0.4957822,0
-0.89812928,0.54039633,2.6484234,-0.81334442,-0.24250948,0.52882892,0
-0.82933259,0.25912774,-2.790489,-0.52794933,0.68954295,-0.4957822,0
1.4506793,-1.1597059,0.87628764,0.52794933,-0.68954295,0.4957822,0
0.95111418,-0.43746611,2.4127696,0.52794933,-0.68954295,0.4957822,0
-1.3436724,1.2360725,2.2821956,-0.81334442,-0.24250948,0.52882892,0
1.8549598,-2.9008615,-1.9758544,0.52794933,-0.68954295,0.4957822,0
-2.1535821,-1.2650841,-2.3375797,-0.24441837,-0.68243653,-0.68886864,0
0.11953688,3.0093844,0.024184465,-0.52794933,0.68954295,-0.4957822,0
-0.21293664,-3.4005046,-0.46870255,0.52794933,-0.68954295,0.4957822,0
1.8279057,-0.65885043,-1.2727382,0.81334442,0.24250948,-0.52882892,0
0.42134833,2.6857491,-0.74732649,-0.52794933,0.68954295,-0.4957822,0
-2.2651143,-2.5309448,-0.86246467,-0.81334442,-0.24250948,0.52882892,0
-0.059561491,1.3543988,-2.0868812,-0.52794933,0.68954295,-0.4957822,0
1.0877301,-2.1507978,-2.6101902,-0.24441837,-0.68243653,-0.68886864,0
2.7007332,-0.26069713,0.79548645,0.52794933,-0.68954295,0.4957822,0
0.10566783,2.4904201,-0.68283123,-0.52794933,0.68954295,-0.4957822,0
-0.90254086,-2.1657832,-1.8891741,-0.24441837,-0.68243653,-0.68886864,0
-1.3720493,-3.0997491,-0.79734182,-0.24441837,-0.68243653,-0.68886864,0
-1.556452,-0.28227615,1.2586561,-0.81334442,-0.24250948,0.52882892,0
-1.4151793,3.0166354,1.8686196,0.24441837,0.68243653,0.68886864,0
-3.2640104,-1.3238766,-1.8452419,-0.81334442,-0.24250948,0.52882892,0
-1.7976259,1.0634623,-0.6406883,-0.52794933,0.68954295,-0.4957822,0
1.4416471,1.4975822,-0.87791473,0.81334442,0.24250948,-0.52882892,0
-1.4486883,-3.396065,-0.47660041,-0.24441837,-0.68243653,-0.68886864,0
1.0780864,-1.7477312,-2.9253049,0.81334442,0.24250948,-0.52882892,0
0.046987623,-1.7434249,-2.6444924,-0.24441837,-0.68243653,-0.68886864,0
-1.1852305,2.1687422,0.24442714,-0.52794933,0.68954295,-0.4957822,0
1.8516269,0.58451831,2.8752246,0.52794933,-0.68954295,0.4957822,0
0.10608268,-3.0015194,-1.4191124,-0.24441837,-0.68243653,-0.68886864,0
0.76588225,1.2967229,-2.0093577,0.81334442,0.24250948,-0.52882892,0
0.49528408,1.2372593,-2.4528093,0.81334442,0.24250948,-0.52882892,0
-0.41290498,-3.2959399,-0.11032903,0.52794933,-0.68954295,0.4957822,0
-1.4539126,0.92602789,1.9704649,-0.81334442,-0.24250948,0.52882892,0
-1.4438748,2.6090875,2.2825437,0.24441837,0.68243653,0.68886864,0
-1.1442953,-1.979424,1.1142824,-0.81334442,-0.24250948,0.52882892,0
2.9028196,1.0853176,1.1803288,0.81334442,0.24250948,-0.52882892,0
0.90958524,1.5360371,-1.6785967,0.81334442,0.24250948,-0.52882892,0
0.91772795,3.7495029,0.20357633,-0.52794933,0.68954295,-0.4957822,0
1.3789644,-2.6297796,-1.0919498,0.52794933,-0.68954295,0.4957822,0
-3.2113214,-1.4011509,-1.7996418,-0.81334442,-0.24250948,0.52882892,0
2.446233,2.1499372,0.96630549,0.81334442,0.24250948,-0.52882892,0
-0.096022367,-0.90211773,2.8815999,0.52794933,-0.68954295,0.4957822,0
-0.67640495,-2.5114052,1.2614118,0.52794933,-0.68954295,0.4957822,0
-2.2647524,-1.5204315,-0.39850819,-0.81334442,-0.24250948,0.52882892,0
2.1546168,-1.0413666,-0.94566661,0.81334442,0.24250948,-0.52882892,0
-1.7761494,1.2316837,-0.42959264,-0.52794933,0.68954295,-0.4957822,0
1.0412211,2.3172805,1.689886,0.24441837,0.68243653,0.68886864,0
1.6253206,0.96471238,2.8225799,0.24441837,0.68243653,0.68886864,0
-1.7057205,-1.9195254,-1.8481554,-0.24441837,-0.68243653,-0.68886864,0
1.5608358,1.3177325,-0.77707577,0.81334442,0.24250948,-0.52882892,0
1.8319789,-2.7853751,-1.7907619,0.52794933,-0.68954295,0.4957822,0
-0.90619135,-3.7656975,-0.2383852,0.52794933,-0.68954295,0.4957822,0
-1.575843,2.2370453,2.3841395,-0.81334442,-0.24250948,0.52882892,0
-1.5267516,-0.31393993,1.2898152,-0.81334442,-0.24250948,0.52882892,0
0.88612986,0.78555554,3.2623372,0.24441837,0.68243653,0.68886864,0
0.15764666,1.496545,-2.1204822,-0.52794933,0.68954295,-0.4957822,0
-1.829792,2.924963,1.9825749,-0.52794933,0.68954295,-0.4957822,0
0.95475823,-2.1001172,-2.6132176,-0.24441837,-0.68243653,-0.68886864,0
-0.37999117,2.4000087,2.1121926,0.24441837,0.68243653,0.68886864,0
0.45830679,-2.7083304,-1.8345368,-0.24441837,-0.68243653,-0.68886864,0
-1.8744186,0.72570348,-1.028674,-0.52794933,0.68954295,-0.4957822,0
2.207876,1.3262975,2.2576737,0.24441837,0.68243653,0.68886864,0
-1.9191434,-2.7038608,-0.40965343,-0.81334442,-0.24250948,0.52882892,0
-0.0030045509,-1.4944665,1.9586977,0.52794933,-0.68954295,0.4957822,0
-0.9755342,2.0207291,-0.18473434,-0.52794933,0.68954295,-0.4957822,0
-1.8374182,-1.9922276,-1.7294042,-0.24441837,-0.68243653,-0.68886864,0
2.5996351,0.5520885,0.46950018,0.81334442,0.24250948,-0.52882892,0
2.918438,1.4978378,1.8356198,0.24441837,0.68243653,0.68886864,0
1.8370433,1.7760811,-0.14207768,0.81334442,0.24250948,-0.52882892,0
-1.2634797,2.2515116,2.5727749,0.24441837,0.68243653,0.68886864,0
-0.86740255,2.0266421,-0.29165769,-0.52794933,0.68954295,-0.4957822,0
-1.4463545,-2.7813056,-1.0864477,-0.24441837,-0.68243653,-0.68886864,0
1.578854,-2.4774392,-1.092931,0.52794933,-0.68954295,0.4957822,0
-0.12485623,-0.18890965,-4.0606017,0.81334442,0.24250948,-0.52882892,0
2.050736,0.28366923,-0.49780375,0.81334442,0.24250948,-0.52882892,0
1.3651145,-1.1441023,-2.2070417,0.81334442,0.24250948,-0.52882892,0
0.61589766,0.9995355,-2.3763189,0.81334442,0.24250948,-0.52882892,0
-1.3157748,-0.82234561,1.3811563,-0.81334442,-0.24250948,0.52882892,0
-3.031214,-0.69932556,-1.7787807,-0.52794933,0.68954295,-0.4957822,0
-0.50565708,0.026683331,3.0164721,-0.81334442,-0.24250948,0.52882892,0
-2.4890273,-0.29805946,-0.18289196,-0.81334442,-0.24250948,0.52882892,0
-1.9636941,-1.4309185,-2.2406683,-0.24441837,-0.68243653,-0.68886864,0
3.1266198,0.77661276,1.3829701,0.81334442,0.24250948,-0.52882892,0
2.417706,1.6256266,0.68199301,0.81334442,0.24250948,-0.52882892,0
2.2146709,1.6697872,1.9149805,0.24441837,0.68243653,0.68886864,0
-2.135143,0.7666297,0.84962904,-0.81334442,-0.24250948,0.52882892,0
2.394371,-0.61791539,-0.38273603,0.81334442,0.24250948,-0.52882892,0
0.54266644,3.1139646,-0.28094602,-0.52794933,0.68954295,-0.4957822,0
-0.72950602,-0.048432946,2.6377435,-0.81334442,-0.24250948,0.52882892,0
3.1137259,1.3379548,1.6205587,0.81334442,0.24250948,-0.52882892,0
-2.5182431,-1.0984721,-2.3732505,-0.24441837,-0.68243653,-0.68886864,0
-0.70573688,1.6850851,-0.93885624,-0.52794933,0.68954295,-0.4957822,0
-0.064934373,2.5422623,1.8594813,0.24441837,0.68243653,0.68886864,0
-1.6082306,-3.4176118,-0.39864731,-0.24441837,-0.68243653,-0.68886864,0
1.2930603,2.6747522,1.2463969,0.24441837,0.68243653,0.68886864,0
-2.2322557,-0.62349308,-2.5241072,-0.52794933,0.68954295,-0.4957822,0
0.40385664,0.11834121,-3.1065366,0.81334442,0.24250948,-0.52882892,0
1.102361,-1.9615011,0.13205382,0.52794933,-0.68954295,0.4957822,0
-1.448724,-0.12867188,1.4947829,-0.81334442,-0.24250948,0.52882892,0
-1.7511582,-1.8492581,-1.9016448,-0.24441837,-0.68243653,-0.68886864,0
-1.5320619,-1.8074875,-2.0207632,-0.24441837,-0.68243653,-0.68886864,0
-1.1276081,-3.5985382,0.22988617,0.52794933,-0.68954295,0.4957822,0
0.97807741,3.0370669,-0.85155785,-0.52794933,0.68954295,-0.4957822,0
-1.7003413,2.8694615,1.7675326,-0.52794933,0.68954295,-0.4957822,0
-1.4623176,1.6089195,-0.23911999,-0.52794933,0.68954295,-0.4957822,0
0.98600096,-0.15684402,-2.3373871,0.81334442,0.24250948,-0.52882892,0
2.6595917,1.5871778,1.8389554,0.24441837,0.68243653,0.68886864,0
-0.24398839,-2.7820246,-1.5123485,-0.24441837,-0.68243653,-0.68886864,0
1.5309995,-3.0584447,-1.8500444,0.52794933,-0.68954295,0.4957822,0
0.34365225,-1.0423328,2.2183852,0.52794933,-0.68954295,0.4957822,0
1.0465875,-2.1453977,-0.064320922,0.52794933,-0.68954295,0.4957822,0
-0.60664576,-1.0074488,-3.1416798,-0.24441837,-0.68243653,-0.68886864,0
-0.49884665,-1.1712596,-3.0176468,-0.24441837,-0.68243653,-0.68886864,0
1.6098356,-1.4225227,-1.9583358,0.81334442,0.24250948,-0.52882892,0
-2.5248573,-1.519062,-1.9542407,-0.24441837,-0.68243653,-0.68886864,0
-1.8294244,-0.34248567,0.81121123,-0.81334442,-0.24250948,0.52882892,0
-1.0859787,-2.4963431,-1.4966149,-0.24441837,-0.68243653,-0.68886864,0
2.026752,0.42589784,2.4681249,0.52794933,-0.68954295,0.4957822,0
0.29612654,-1.0112927,-3.4581857,-0.24441837,-0.68243653,-0.68886864,0
-1.0267313,2.5965588,0.67065954,-0.52794933,0.68954295,-0.4957822,0
-0.72773194,0.52332157,-2.5312362,-0.52794933,0.68954295,-0.4957822,0
-2.4714117,-2.1760368,-1.0169992,-0.81334442,-0.24250948,0.52882892,0
0.012352228,-0.69171506,3.0588257,0.52794933,-0.68954295,0.4957822,0
1.7155325,-2.7988048,-1.6854386,0.52794933,-0.68954295,0.4957822,0
-1.3347313,-3.2014334,-0.70984781,-0.24441837,-0.68243653,-0.68886864,0
-0.007735014,3.2576799,1.1304487,0.24441837,0.68243653,0.68886864,0
0.31416512,-0.31277287,3.2644706,0.52794933,-0.68954295,0.4957822,0
-2.9724069,-0.28764343,-0.92155898,-0.81334442,-0.24250948,0.52882892,0
-1.0548037,1.5062222,2.8503635,-0.81334442,-0.24250948,0.52882892,0
0.26757169,2.1234031,-1.3656938,-0.52794933,0.68954295,-0.4957822,0
2.0087259,0.2846272,2.2908392,0.52794933,-0.68954295,0.4957822,0
-1.448992,-0.87422347,-2.9747872,-0.24441837,-0.68243653,-0.68886864,0
-0.84634852,-1.3681294,-2.6993179,-0.24441837,-0.68243653,-0.68886864,0
0.14357042,2.8373311,1.4931879,0.24441837,0.68243653,0.68886864,0
-0.43729472,-3.5218825,-0.71081126,-0.24441837,-0.68243653,-0.68886864,0
-0.39783192,-3.168855,-1.0745448,-0.24441837,-0.68243653,-0.68886864,0
0.21172464,2.6365149,1.6679471,0.24441837,0.68243653,0.68886864,0
-0.52514505,-1.94348,1.8902194,0.52794933,-0.68954295,0.4957822,0
3.047061,1.529691,1.7584271,0.24441837,0.68243653,0.68886864,0
1.4258415,-1.3173316,-2.1930821,0.81334442,0.24250948,-0.52882892,0
1.8871516,0.34690833,-0.72039789,0.81334442,0.24250948,-0.52882892,0
0.37759018,-1.7902422,1.1420389,0.52794933,-0.68954295,0.4957822,0
1.4494216,-3.0886068,-1.8094698,-0.24441837,-0.68243653,-0.68886864,0
3.1325996,1.1529727,1.5647578,0.81334442,0.24250948,-0.52882892,0
-1.7367897,-3.2266874,-0.54217482,-0.24441837,-0.68243653,-0.68886864,0
-1.6836981,-2.7152333,-0.052751064,-0.81334442,-0.24250948,0.52882892,0
-1.3262703,2.5286043,0.89512068,-0.52794933,0.68954295,-0.4957822,0
-0.81699443,-3.5603518,-0.53797984,-0.24441837,-0.68243653,-0.68886864,0
1.308513,0.35824358,3.1388698,0.52794933,-0.68954295,0.4957822,0
-0.19193006,0.94533622,-2.5148559,-0.52794933,0.68954295,-0.4957822,0
-0.82499158,-0.26410174,2.3919847,-0.81334442,-0.24250948,0.52882892,0
-0.43665004,1.1750448,-1.9347752,-0.52794933,0.68954295,-0.4957822,0
-1.8973303,0.74149382,-0.98231441,-0.52794933,0.68954295,-0.4957822,0
0.65681905,2.2222266,1.9204426,0.24441837,0.68243653,0.68886864,0
0.079388142,-0.84436578,2.775131,0.52794933,-0.68954295,0.4957822,0
-1.8082849,2.8275611,2.1954069,0.24441837,0.68243653,0.68886864,0
-1.5915523,0.79866982,1.7003703,-0.81334442,-0.24250948,0.52882892,0
-1.7407306,2.2062235,0.88809812,-0.52794933,0.68954295,-0.4957822,0
0.88105893,-1.7633736,0.64327365,0.52794933,-0.68954295,0.4957822,0
-0.30697536,-2.9089293,-1.3642801,-0.24441837,-0.68243653,-0.68886864,0
0.85274386,3.137903,-0.57784808,-0.52794933,0.68954295,-0.4957822,0
-1.4838661,-0.25881422,-2.8138511,-0.52794933,0.68954295,-0.4957822,0
-1.2249818,-2.9605284,-0.98744428,-0.24441837,-0.68243653,-0.68886864,0
1.6412441,-1.7298169,-0.11956213,0.52794933,-0.68954295,0.4957822,0
1.7576262,-2.053751,-0.69402868,0.52794933,-0.68954295,0.4957822,0
-1.1457736,-2.8421149,0.71639788,-0.81334442,-0.24250948,0.52882892,0
0.47080994,0.56698346,3.6262286,0.24441837,0.68243653,0.68886864,0
-2.2736144,1.4832748,0.96529663,-0.81334442,-0.24250948,0.52882892,0
-2.2718773,-1.4470456,-0.37581313,-0.81334442,-0.24250948,0.52882892,0
0.17409921,-2.7515578,-1.6908729,-0.24441837,-0.68243653,-0.68886864,0
2.3429098,-0.64369416,-0.47370631,0.81334442,0.24250948,-0.52882892,0
0.76482475,0.045511067,3.2828794,0.52794933,-0.68954295,0.4957822,0
-0.36251807,-0.89771891,-3.3370044,-0.24441837,-0.68243653,-0.68886864,0
1.843448,-1.355274,0.18603602,0.52794933,-0.68954295,0.4957822,0
1.1048355,0.94782495,3.0239837,0.24441837,0.68243653,0.68886864,0
-1.9378542,1.0643001,1.2895665,-0.81334442,-0.24250948,0.52882892,0
0.040067457,1.5105348,2.8443198,0.24441837,0.68243653,0.68886864,0
1.4167382,2.0360682,-0.66928685,0.81334442,0.24250948,-0.52882892,0
0.56482172,3.2618594,0.92315865,0.24441837,0.68243653,0.68886864,0
1.8509467,0.32259583,-0.78723085,0.81334442,0.24250948,-0.52882892,0
-1.3977379,0.17890632,1.7142487,-0.81334442,-0.24250948,0.52882892,0
-1.5561156,-0.96201384,0.94746095,-0.81334442,-0.24250948,0.52882892,0
1.7215756,2.09954,1.6641961,0.24441837,0.68243653,0.68886864,0
-0.22378421,1.5342699,-1.6618352,-0.52794933,0.68954295,-0.4957822,0
-1.2296946,-0.29824531,1.7538893,-0.81334442,-0.24250948,0.52882892,0
-1.0574198,-1.0850811,-2.9048328,-0.24441837,-0.68243653,-0.68886864,0
-0.43449116,2.6590979,0.12697434,-0.52794933,0.68954295,-0.4957822,0
-0.25759816,-1.6014761,2.0809786,0.52794933,-0.68954295,0.4957822,0
2.370019,-0.96901464,-0.58119655,0.81334442,0.24250948,-0.52882892,0
-1.7163852,-2.4777,-1.2914085,-0.24441837,-0.68243653,-0.68886864,0
0.37580442,-2.6155422,-1.8971858,-0.24441837,-0.68243653,-0.68886864,0
-0.61160517,2.4385293,0.0088086724,-0.52794933,0.68954295,-0.4957822,0
0.87730145,-0.44807112,-2.6381183,0.81334442,0.24250948,-0.52882892,0
-2.7334793,0.56679845,-0.33488441,-0.52794933,0.68954295,-0.4957822,0
0.65313292,-0.37208468,2.8210182,0.52794933,-0.68954295,0.4957822,0
0.20802784,2.1974785,-1.1992613,-0.52794933,0.68954295,-0.4957822,0
-0.9112643,-0.17003614,-3.3001304,-0.52794933,0.68954295,-0.4957822,0
-1.5414391,-3.5451932,-0.29595566,-0.24441837,-0.68243653,-0.68886864,0
-2.6864188,-1.6166029,-1.0911376,-0.81334442,-0.24250948,0.52882892,0
0.78169441,-1.3112439,1.3779155,0.52794933,-0.68954295,0.4957822,0
-0.20048928,-0.69158477,3.1564412,-0.81334442,-0.24250948,0.52882892,0
2.4028356,1.1545342,2.3586593,0.24441837,0.68243653,0.68886864,0
-1.2679771,1.3735548,2.4616618,-0.81334442,-0.24250948,0.52882892,0
-0.037388563,3.0154333,0.19970429,-0.52794933,0.68954295,-0.4957822,0
0.15518504,2.1390009,2.1808767,0.24441837,0.68243653,0.68886864,0
-0.37257719,2.6544809,0.054622293,-0.52794933,0.68954295,-0.4957822,0
-2.627254,-1.8687961,-1.1157918,-0.81334442,-0.24250948,0.52882892,0
-0.072207451,-2.8810253,0.10393929,0.52794933,-0.68954295,0.4957822,0
-0.099084675,1.086179,3.314086,0.24441837,0.68243653,0.68886864,0
-1.2021674,-1.0685507,1.4429812,-0.81334442,-0.24250948,0.52882892,0
-0.82928205,-1.4593129,1.8372881,-0.81334442,-0.24250948,0.52882892,0
2.2050827,0.33488441,-0.23693025,0.81334442,0.24250948,-0.52882892,0
1.7873876,-1.5294244,-1.7342814,0.81334442,0.24250948,-0.52882892,0
1.7271829,-0.99267352,0.81415546,0.52794933,-0.68954295,0.4957822,0
-0.22803223,-0.77015829,-3.511091,-0.24441837,-0.68243653,-0.68886864,0
2.247829,-0.83748531,0.47556776,0.52794933,-0.68954295,0.4957822,0
2.5061164,1.2254367,2.2517738,0.24441837,0.68243653,0.68886864,0
2.9334834,0.70554805,1.8915061,0.52794933,-0.68954295,0.4957822,0
1.8959146,-2.2021754,-1.047721,0.52794933,-0.68954295,0.4957822,0
2.2852859,-0.36262918,-0.43344152,0.81334442,0.24250948,-0.52882892,0
-2.0886235,0.91313338,0.98835993,-0.81334442,-0.24250948,0.52882892,0
2.8732493,1.4310198,1.2933806,0.81334442,0.24250948,-0.52882892,0
0.35033047,0.010663152,-3.2382398,0.81334442,0.24250948,-0.52882892,0
1.3426158,-1.4387258,0.60329628,0.52794933,-0.68954295,0.4957822,0
-2.5542853,-0.51856112,-0.38437653,-0.81334442,-0.24250948,0.52882892,0
0.8685596,1.1712052,-1.9089985,0.81334442,0.24250948,-0.52882892,0
-1.2055092,-1.6956139,-2.247457,-0.24441837,-0.68243653,-0.68886864,0
-1.4302187,0.22962821,1.6875527,-0.81334442,-0.24250948,0.52882892,0
1.2116935,-0.34114474,2.269249,0.52794933,-0.68954295,0.4957822,0
-0.99730039,1.4616137,2.9183474,-0.81334442,-0.24250948,0.52882892,0
-0.057826757,-0.71907508,3.0955055,0.52794933,-0.68954295,0.4957822,0
-3.1734807,-1.3570659,-1.884585,-0.24441837,-0.68243653,-0.68886864,0
-0.47664475,2.7783561,0.33772963,-0.52794933,0.68954295,-0.4957822,0
1.8052778,-1.3748311,-1.6358728,0.81334442,0.24250948,-0.52882892,0
-2.3928766,-2.3406663,-0.97170711,-0.81334442,-0.24250948,0.52882892,0
-2.0637496,2.3535585,1.4369918,-0.52794933,0.68954295,-0.4957822,0
-2.5900371,0.73701072,0.13641441,-0.81334442,-0.24250948,0.52882892,0
1.5878437,-2.5379868,-2.4040623,-0.24441837,-0.68243653,-0.68886864,0
-1.0056897,-0.77031457,1.8819307,-0.81334442,-0.24250948,0.52882892,0
0.19358897,-3.0649056,-0.43484676,0.52794933,-0.68954295,0.4957822,0
0.71310568,-3.0394673,-0.95269078,0.52794933,-0.68954295,0.4957822,0
1.5676775,3.5218265,0.24419689,0.81334442,0.24250948,-0.52882892,0
-0.30877709,1.4760137,-1.6523516,-0.52794933,0.68954295,-0.4957822,0
-1.6949403,1.8947017,0.40606728,-0.52794933,0.68954295,-0.4957822,0
-0.4165616,-1.0300829,-3.1867011,-0.24441837,-0.68243653,-0.68886864,0
2.1176779,-2.0026796,-1.4433155,0.81334442,0.24250948,-0.52882892,0
-2.5051603,-0.35224175,-1.8562347,-0.52794933,0.68954295,-0.4957822,0
2.1639037,-1.7960902,-0.76830721,0.52794933,-0.68954295,0.4957822,0
2.7509913,-0.60872626,0.1699636,0.81334442,0.24250948,-0.52882892,0
0.63894421,-0.32055497,-2.946238,0.81334442,0.24250948,-0.52882892,0
0.73219335,1.7113851,2.3997707,0.24441837,0.68243653,0.68886864,0
-1.2543116,-1.0252295,-2.8942661,-0.24441837,-0.68243653,-0.68886864,0
-0.86916995,-2.8583465,-1.2149177,-0.24441837,-0.68243653,-0.68886864,0
0.75196207,2.1645067,1.9438659,0.24441837,0.68243653,0.68886864,0
2.2352066,-1.9591707,-1.0710511,0.52794933,-0.68954295,0.4957822,0
0.64086556,-2.2364898,0.24103251,0.52794933,-0.68954295,0.4957822,0
-2.9669495,-0.70947337,-1.8613286,-0.52794933,0.68954295,-0.4957822,0
1.321936,3.0944321,0.82039022,0.24441837,0.68243653,0.68886864,0
0.86316538,-0.54337573,-2.7035646,0.81334442,0.24250948,-0.52882892,0
0.34514785,0.52633727,3.7110815,0.24441837,0.68243653,0.68886864,0
1.0965922,2.6715226,1.3193053,0.24441837,0.68243653,0.68886864,0
1.5308844,-1.5713177,-2.1479976,0.81334442,0.24250948,-0.52882892,0
-0.46523929,-2.1632879,1.5207139,0.52794933,-0.68954295,0.4957822,0
0.023509741,0.01935184,3.8269744,-0.81334442,-0.24250948,0.52882892,0
1.6372452,3.2672002,0.23442602,0.81334442,0.24250948,-0.52882892,0
-1.4507021,-1.1226238,-2.7280998,-0.24441837,-0.68243653,-0.68886864,0
0.54056525,-3.2026033,-1.3740653,-0.24441837,-0.68243653,-0.68886864,0
1.3339007,-1.1768105,-2.2700481,0.81334442,0.24250948,-0.52882892,0
-0.72554636,-3.5571618,-0.57358682,-0.24441837,-0.68243653,-0.68886864,0
-0.58871186,0.39841354,3.0592005,-0.81334442,-0.24250948,0.52882892,0
1.3842051,0.951002,-1.216911,0.81334442,0.24250948,-0.52882892,0
1.9632375,1.9574999,0.13520539,0.81334442,0.24250948,-0.52882892,0
-0.96246815,2.9836278,1.740692,0.24441837,0.68243653,0.68886864,0
-0.10552597,-0.73480767,3.1244183,0.52794933,-0.68954295,0.4957822,0
-1.5077064,-0.10606718,1.4144332,-0.81334442,-0.24250948,0.52882892,0
1.987679,-0.43723369,-0.92537624,0.81334442,0.24250948,-0.52882892,0
-0.32065785,-2.4394026,-1.8245684,-0.24441837,-0.68243653,-0.68886864,0
-1.0855017,1.057772,2.5975003,-0.81334442,-0.24250948,0.52882892,0
0.67027497,0.071161747,3.4192388,0.52794933,-0.68954295,0.4957822,0
1.6396617,-1.3639197,-1.8855886,0.81334442,0.24250948,-0.52882892,0
-1.4454875,1.2450749,2.1297307,-0.81334442,-0.24250948,0.52882892,0
0.071537852,-2.5181198,-1.8857415,-0.24441837,-0.68243653,-0.68886864,0
2.2499983,-1.4443492,-0.98376775,0.81334442,0.24250948,-0.52882892,0
1.8067333,-0.99115527,-1.457689,0.81334442,0.24250948,-0.52882892,0
1.7894735,-0.067146897,2.0350628,0.52794933,-0.68954295,0.4957822,0
2.0869129,2.4928799,1.1449029,0.24441837,0.68243653,0.68886864,0
-0.93142915,-1.8508363,1.5006403,-0.81334442,-0.24250948,0.52882892,0
2.8997128,0.73420525,1.9673243,0.52794933,-0.68954295,0.4957822,0
2.4123254,0.89498067,0.33865905,0.81334442,0.24250948,-0.52882892,0
-1.7993593,-3.1375556,-0.42430758,-0.81334442,-0.24250948,0.52882892,0
-0.49516106,-0.98583752,2.5682945,-0.81334442,-0.24250948,0.52882892,0
-0.59150237,1.4144521,3.1635933,0.24441837,0.68243653,0.68886864,0
-2.0744138,-0.64814222,-2.7264724,-0.52794933,0.68954295,-0.4957822,0
-1.402537,0.54460084,-1.7830528,-0.52794933,0.68954295,-0.4957822,0
0.21711755,2.5243199,-0.75436324,-0.52794933,0.68954295,-0.4957822,0
-1.9896351,-1.683355,-0.050088048,-0.81334442,-0.24250948,0.52882892,0
1.9325584,1.3180009,2.3635786,0.24441837,0.68243653,0.68886864,0
-0.62356853,1.3821107,-1.4477382,-0.52794933,0.68954295,-0.4957822,0
1.7672006,-0.21794713,1.8490456,0.52794933,-0.68954295,0.4957822,0
-1.3633304,-0.50941926,-3.2907538,-0.52794933,0.68954295,-0.4957822,0
0.92861354,-1.0926552,-2.8547921,0.81334442,0.24250948,-0.52882892,0
-1.6884038,-0.31079984,1.0426331,-0.81334442,-0.24250948,0.52882892,0
0.16428518,0.088489175,-3.4886901,0.81334442,0.24250948,-0.52882892,0
-1.6989697,0.40662193,1.3553762,-0.81334442,-0.24250948,0.52882892,0
1.8651593,2.1912868,0.091569424,0.81334442,0.24250948,-0.52882892,0
1.0666907,-2.0548306,0.040234417,0.52794933,-0.68954295,0.4957822,0
1.7567368,-1.1937721,0.50299275,0.52794933,-0.68954295,0.4957822,0
-0.79104877,2.7203274,0.59182507,-0.52794933,0.68954295,-0.4957822,0
0.94662786,3.1075246,0.94058347,0.24441837,0.68243653,0.68886864,0
1.2630113,1.6602042,-1.0780832,0.81334442,0.24250948,-0.52882892,0
0.63477981,-0.26635325,-2.9277873,0.81334442,0.24250948,-0.52882892,0
-1.0719507,-0.010789871,2.1283221,-0.81334442,-0.24250948,0.52882892,0
0.81548977,2.2983985,-1.473714,0.81334442,0.24250948,-0.52882892,0
-1.7302568,0.27020502,-1.8157048,-0.52794933,0.68954295,-0.4957822,0
1.5375457,0.12507749,2.5706851,0.52794933,-0.68954295,0.4957822,0
0.69848835,-2.7951806,-1.8337168,-0.24441837,-0.68243653,-0.68886864,0
0.64067221,2.1287863,-1.7555144,-0.52794933,0.68954295,-0.4957822,0
2.5278406,1.5779777,1.8948166,0.24441837,0.68243653,0.68886864,0
0.50943184,0.048956439,3.5596344,0.52794933,-0.68954295,0.4957822,0
2.3585577,0.65977216,0.14810216,0.81334442,0.24250948,-0.52882892,0
-0.92666364,-1.3840189,-2.6550798,-0.24441837,-0.68243653,-0.68886864,0
0.34237897,1.0069867,3.2359023,0.24441837,0.68243653,0.68886864,0
-0.72082603,-0.055196881,2.6479912,-0.81334442,-0.24250948,0.52882892,0
-0.94246793,0.91466594,-1.7582788,-0.52794933,0.68954295,-0.4957822,0
0.53871632,3.2568166,-0.07805872,-0.52794933,0.68954295,-0.4957822,0
-0.59108472,-3.5647869,-0.29450595,0.52794933,-0.68954295,0.4957822,0
-2.77178,-1.7226324,-1.2710474,-0.81334442,-0.24250948,0.52882892,0
1.8293617,-2.0673814,-0.78937608,0.52794933,-0.68954295,0.4957822,0
-1.3527691,-0.12554181,-2.7680964,-0.52794933,0.68954295,-0.4957822,0
-0.48742771,-2.2163823,1.4704973,0.52794933,-0.68954295,0.4957822,0
1.4750896,-2.8944826,-2.0108886,-0.24441837,-0.68243653,-0.68886864,0
1.3286873,-1.8938389,-0.014851123,0.52794933,-0.68954295,0.4957822,0
-1.1276119,-0.56929994,1.7865939,-0.81334442,-0.24250948,0.52882892,0
0.35088444,0.2326605,3.983968,0.52794933,-0.68954295,0.4957822,0
-2.5163691,-0.22362304,-1.6654135,-0.52794933,0.68954295,-0.4957822,0
-0.48744798,3.2976203,1.0714357,-0.52794933,0.68954295,-0.4957822,0
1.7966334,1.4929974,-0.33404446,0.81334442,0.24250948,-0.52882892,0
2.8863213,0.96528959,1.0999122,0.81334442,0.24250948,-0.52882892,0
0.49288225,0.58577132,-2.7552612,0.81334442,0.24250948,-0.52882892,0
0.16236103,-1.6422297,-2.7856784,-0.24441837,-0.68243653,-0.68886864,0
-2.8159058,-0.41120887,-0.7375226,-0.81334442,-0.24250948,0.52882892,0
0.070876837,2.4086261,1.9436827,0.24441837,0.68243653,0.68886864,0
2.8110526,1.4970803,1.2280151,0.81334442,0.24250948,-0.52882892,0
-0.61526603,1.8929496,2.6979952,0.24441837,0.68243653,0.68886864,0
-0.89952505,-0.40053785,2.2147849,-0.81334442,-0.24250948,0.52882892,0
-2.8092537,-0.66582489,-0.84405315,-0.81334442,-0.24250948,0.52882892,0
1.514727,-0.23809505,2.0898774,0.52794933,-0.68954295,0.4957822,0
-1.3726637,-3.4234676,-0.47642827,-0.24441837,-0.68243653,-0.68886864,0
2.9089441,0.27468204,1.3183818,0.52794933,-0.68954295,0.4957822,0
0.63644433,-3.010844,-1.598053,-0.24441837,-0.68243653,-0.68886864,0
1.554554,2.362711,1.4627436,0.24441837,0.68243653,0.68886864,0
-0.10452032,-0.075158477,3.5867221,-0.81334442,-0.24250948,0.52882892,0
1.0190668,3.5851049,0.44176006,0.24441837,0.68243653,0.68886864,0
1.6987957,-0.4304862,1.6262853,0.52794933,-0.68954295,0.4957822,0
-1.5971168,2.5746646,2.371017,0.24441837,0.68243653,0.68886864,0
-1.1381658,0.93683195,2.4610415,-0.81334442,-0.24250948,0.52882892,0
-0.11081076,1.0225903,-2.4937918,-0.52794933,0.68954295,-0.4957822,0
1.1513468,-1.4400591,0.80512059,0.52794933,-0.68954295,0.4957822,0
1.3877702,1.0476834,-1.1670916,0.81334442,0.24250948,-0.52882892,0
1.1438365,0.79737103,3.1591949,0.24441837,0.68243653,0.68886864,0
0.60499072,-0.23863733,-2.9608934,0.81334442,0.24250948,-0.52882892,0
-0.12099868,-1.3534329,-2.9712391,-0.24441837,-0.68243653,-0.68886864,0
-0.44910979,0.25287488,-3.2040777,-0.52794933,0.68954295,-0.4957822,0
0.85299373,-1.2995757,1.3182182,0.52794933,-0.68954295,0.4957822,0
-2.5643411,0.13285351,-0.10111809,-0.81334442,-0.24250948,0.52882892,0
-1.5678629,2.7103157,1.4051154,-0.52794933,0.68954295,-0.4957822,0
1.9617105,-2.7378078,-2.0203097,0.81334442,0.24250948,-0.52882892,0
-0.48973107,-1.8538302,1.977194,0.52794933,-0.68954295,0.4957822,0
1.1689973,3.3660111,0.60561121,0.24441837,0.68243653,0.68886864,0
1.17308,-0.52594113,-2.2189174,0.81334442,0.24250948,-0.52882892,0
-1.0295405,1.6151117,2.9391525,-0.81334442,-0.24250948,0.52882892,0
1.1744096,1.8578727,-1.1237075,0.81334442,0.24250948,-0.52882892,0
-2.6197541,-1.0579605,-2.3773665,-0.24441837,-0.68243653,-0.68886864,0
0.25285316,-2.6157784,-1.8533275,-0.24441837,-0.68243653,-0.68886864,0
1.5155792,-2.2074008,-0.64997625,0.52794933,-0.68954295,0.4957822,0
-1.6486367,-3.0028112,-0.13070321,-0.81334442,-0.24250948,0.52882892,0
1.5629581,-2.9368703,-2.0000737,-0.24441837,-0.68243653,-0.68886864,0
1.6707048,-2.1615939,-2.2036402,0.81334442,0.24250948,-0.52882892,0
1.6088083,3.033133,0.083351851,0.81334442,0.24250948,-0.52882892,0
-1.5452174,-0.72389138,-3.0895739,-0.24441837,-0.68243653,-0.68886864,0
-1.442892,2.2818265,2.6064003,0.24441837,0.68243653,0.68886864,0
-1.3156421,2.4141278,0.72458708,-0.52794933,0.68954295,-0.4957822,0
-2.4036727,-1.2342927,-2.2793489,-0.24441837,-0.68243653,-0.68886864,0
-0.80074763,-0.34552231,-3.6618869,-0.52794933,0.68954295,-0.4957822,0
1.0377219,-3.0418677,-1.7096968,-0.24441837,-0.68243653,-0.68886864,0
-1.2589326,-1.1844783,1.3025137,-0.81334442,-0.24250948,0.52882892,0
-0.63714379,-2.1669524,-1.9821818,-0.24441837,-0.68243653,-0.68886864,0
1.5754386,1.6269263,-0.6128273,0.81334442,0.24250948,-0.52882892,0
1.5557122,-1.3066477,0.56007028,0.52794933,-0.68954295,0.4957822,0
0.1684196,-2.9178622,-1.5241063,-0.24441837,-0.68243653,-0.68886864,0
-1.4802246,-2.4678636,0.37363195,-0.81334442,-0.24250948,0.52882892,0
