1.5137811,-0.1521059,2.5057721,-0.20772302,0.27043352,0.94006222,0
-0.60349333,1.2005547,-2.6062424,0.20772302,-0.27043352,-0.94006222,0
2.654556,-1.6165788,0.76631677,0.97476751,0.1375224,0.17582977,0
0.35366571,-0.85070729,-1.8046422,0.20772302,-0.27043352,-0.94006222,0
2.733597,-0.80614698,-0.30573893,0.97476751,0.1375224,0.17582977,0
-1.4972156,0.12849715,1.7597177,-0.20772302,0.27043352,0.94006222,0
-0.95871896,-2.5257931,-1.1239326,0.0817293,-0.95286584,0.29217634,0
-1.9346073,-2.2776859,-0.041807055,0.0817293,-0.95286584,0.29217634,0
-0.449646,0.54766726,1.8706112,-0.20772302,0.27043352,0.94006222,0
-2.138958,-2.1768615,0.34417117,0.0817293,-0.95286584,0.29217634,0
-2.6415682,-0.8052088,1.0558429,-0.97476751,-0.1375224,-0.17582977,0
-1.1681926,1.6224668,-1.2271054,-0.0817293,0.95286584,-0.29217634,0
1.916463,-1.7913054,0.46716642,0.0817293,-0.95286584,0.29217634,0
-1.6914345,1.7712412,1.2442234,-0.20772302,0.27043352,0.94006222,0
-2.7913947,1.2709911,1.1450782,-0.20772302,0.27043352,0.94006222,0
-0.15258729,-1.749576,1.1820246,0.0817293,-0.95286584,0.29217634,0
-0.37843204,0.020206809,-2.2169533,0.20772302,-0.27043352,-0.94006222,0
1.9280332,-1.3043109,2.0521505,0.0817293,-0.95286584,0.29217634,0
-2.2610919,-0.85989547,-1.0106735,-0.97476751,-0.1375224,-0.17582977,0
1.7405038,2.0318835,-0.70552534,-0.0817293,0.95286584,-0.29217634,0
-2.5038798,-1.8157687,1.0829163,-0.97476751,-0.1375224,-0.17582977,0
1.1279703,-2.0534372,-0.16715452,0.0817293,-0.95286584,0.29217634,0
-0.91648853,-2.12867,0.15937936,0.0817293,-0.95286584,0.29217634,0
-1.7153118,-2.0337899,0.69226158,0.0817293,-0.95286584,0.29217634,0
2.3242958,-1.8342962,0.21288061,0.0817293,-0.95286584,0.29217634,0
-2.5372036,-1.0843161,0.69556451,-0.97476751,-0.1375224,-0.17582977,0
1.8936182,-1.2240244,2.3236132,0.0817293,-0.95286584,0.29217634,0
2.3075244,-0.76341468,2.0229058,0.97476751,0.1375224,0.17582977,0
1.9449989,-1.0357205,-1.3997858,0.20772302,-0.27043352,-0.94006222,0
-2.054647,-1.1113515,-1.9584935,-0.97476751,-0.1375224,-0.17582977,0
0.33205068,0.94289804,1.929642,-0.20772302,0.27043352,0.94006222,0
-0.92944312,0.50724816,1.7762194,-0.20772302,0.27043352,0.94006222,0
2.2299762,1.98321,-1.0011809,-0.0817293,0.95286584,-0.29217634,0
-2.1645896,-1.2407198,-1.2478089,-0.97476751,-0.1375224,-0.17582977,0
-2.5453362,-1.3984714,1.9673897,-0.20772302,0.27043352,0.94006222,0
-0.81926674,-1.9444185,0.73307836,0.0817293,-0.95286584,0.29217634,0
2.2228949,0.44497788,1.5469525,0.97476751,0.1375224,0.17582977,0
2.2867527,1.0255716,0.7388351,0.97476751,0.1375224,0.17582977,0
2.6734533,-0.44631532,-1.408379,0.20772302,-0.27043352,-0.94006222,0
2.0798123,1.7147434,-1.8347186,-0.0817293,0.95286584,-0.29217634,0
2.2614036,0.45377102,1.3265893,0.97476751,0.1375224,0.17582977,0
2.290091,2.0525837,-0.79175043,-0.0817293,0.95286584,-0.29217634,0
1.2813677,0.41072756,-1.9625351,0.20772302,-0.27043352,-0.94006222,0
2.0623283,0.68527651,2.2491581,0.97476751,0.1375224,0.17582977,0
0.57675672,-0.58234149,-1.832549,0.20772302,-0.27043352,-0.94006222,0
2.4892132,1.0813434,-1.8885612,0.20772302,-0.27043352,-0.94006222,0
-1.8124424,1.7345403,-0.68138993,-0.0817293,0.95286584,-0.29217634,0
0.77907991,-2.3824179,-1.1424551,0.0817293,-0.95286584,0.29217634,0
2.3725131,2.0803263,-0.56156349,0.97476751,0.1375224,0.17582977,0
-2.9365654,1.6995312,0.73221195,-0.97476751,-0.1375224,-0.17582977,0
-1.01054,-2.5830736,-1.2962444,0.0817293,-0.95286584,0.29217634,0
2.149734,-0.48289108,-1.5135818,0.20772302,-0.27043352,-0.94006222,0
0.059355415,2.0910864,-0.042187244,-0.0817293,0.95286584,-0.29217634,0
0.1540072,-0.35968554,2.2650225,-0.20772302,0.27043352,0.94006222,0
-2.2287416,1.6627488,-0.79907179,-0.0817293,0.95286584,-0.29217634,0
2.4699275,1.7493449,-0.84273934,0.97476751,0.1375224,0.17582977,0
-2.5884626,-0.56446218,0.57313824,-0.97476751,-0.1375224,-0.17582977,0
-2.5715337,-0.68799472,0.57590806,-0.97476751,-0.1375224,-0.17582977,0
2.7680137,-2.0536139,-0.62649286,0.0817293,-0.95286584,0.29217634,0
-2.2461221,-2.211868,-0.036241055,-0.97476751,-0.1375224,-0.17582977,0
-2.9648006,1.8617718,0.76184666,-0.97476751,-0.1375224,-0.17582977,0
2.0589821,0.49737516,2.4146717,0.97476751,0.1375224,0.17582977,0
1.5307854,1.6105278,-2.0210161,-0.0817293,0.95286584,-0.29217634,0
-1.9620737,-0.57757354,-2.3949192,0.20772302,-0.27043352,-0.94006222,0
2.5824523,0.076528639,-0.15819156,0.97476751,0.1375224,0.17582977,0
2.3627014,-0.62587249,1.6094388,0.97476751,0.1375224,0.17582977,0
-0.091261625,1.4890485,-1.9634643,-0.0817293,0.95286584,-0.29217634,0
0.6827395,1.0649816,1.9720123,-0.20772302,0.27043352,0.94006222,0
1.0781457,1.0245022,-2.1840091,0.20772302,-0.27043352,-0.94006222,0
-0.91956723,-2.058094,-1.7386485,0.20772302,-0.27043352,-0.94006222,0
-2.485496,-1.1470108,0.45794272,-0.97476751,-0.1375224,-0.17582977,0
-2.178556,-1.5269346,-0.9465239,-0.97476751,-0.1375224,-0.17582977,0
-1.2846293,1.2238081,-2.494669,-0.0817293,0.95286584,-0.29217634,0
1.6837038,-1.9654825,-0.035762608,0.0817293,-0.95286584,0.29217634,0
-0.58846128,-0.94789672,2.2701757,-0.20772302,0.27043352,0.94006222,0
1.3431059,-1.8534458,0.42489332,0.0817293,-0.95286584,0.29217634,0
0.64904952,1.423499,-2.3843236,-0.0817293,0.95286584,-0.29217634,0
2.7724893,-1.1848652,-0.22514081,0.97476751,0.1375224,0.17582977,0
-1.865119,0.69105738,-2.7384501,0.20772302,-0.27043352,-0.94006222,0
-1.1355668,1.1291344,-2.7032671,0.20772302,-0.27043352,-0.94006222,0
2.0848989,0.98988074,1.8857892,0.97476751,0.1375224,0.17582977,0
-1.4333854,-0.9331944,2.0792456,-0.20772302,0.27043352,0.94006222,0
-1.8906407,0.76516461,1.4896296,-0.20772302,0.27043352,0.94006222,0
2.4171844,1.0559835,-1.8971817,0.20772302,-0.27043352,-0.94006222,0
-2.3538046,-1.7654259,1.7460712,0.0817293,-0.95286584,0.29217634,0
-2.2282591,-0.11041445,-1.7788866,-0.97476751,-0.1375224,-0.17582977,0
2.5699477,0.66827333,-0.55168962,0.97476751,0.1375224,0.17582977,0
2.1129375,0.50819355,2.1070921,0.97476751,0.1375224,0.17582977,0
-0.95175767,-1.6723831,1.6573205,0.0817293,-0.95286584,0.29217634,0
-1.4508853,2.052336,1.2165127,-0.20772302,0.27043352,0.94006222,0
-2.0864196,-1.0895092,-1.7994351,-0.97476751,-0.1375224,-0.17582977,0
0.16288126,-1.4152273,2.1841817,0.0817293,-0.95286584,0.29217634,0
-1.1499009,-0.59448135,-2.2105913,0.20772302,-0.27043352,-0.94006222,0
-2.5372481,-1.8300121,1.2790442,-0.97476751,-0.1375224,-0.17582977,0
-1.525746,-0.38148338,-2.3549151,0.20772302,-0.27043352,-0.94006222,0
1.8559557,2.2238531,-0.11175525,-0.0817293,0.95286584,-0.29217634,0
0.13704801,2.4779668,1.1978005,-0.0817293,0.95286584,-0.29217634,0
2.1380217,1.4682226,1.2171586,0.97476751,0.1375224,0.17582977,0
1.802618,2.0981212,-0.50688159,-0.0817293,0.95286584,-0.29217634,0
2.12274,-2.1990008,-0.92013955,0.0817293,-0.95286584,0.29217634,0
0.93428516,1.9478637,-0.75401604,-0.0817293,0.95286584,-0.29217634,0
1.5217993,1.8217263,-1.3297273,-0.0817293,0.95286584,-0.29217634,0
-1.0842392,-0.66941774,2.0805132,-0.20772302,0.27043352,0.94006222,0
0.3032546,1.54246,-1.8996317,-0.0817293,0.95286584,-0.29217634,0
-1.9346218,1.7293905,-0.6640085,-0.0817293,0.95286584,-0.29217634,0
1.1365993,-2.0848329,-1.276611,0.20772302,-0.27043352,-0.94006222,0
1.3268852,-0.96288604,-1.5573214,0.20772302,-0.27043352,-0.94006222,0
2.1290824,2.1095695,0.76509809,0.97476751,0.1375224,0.17582977,0
0.2421422,-0.013792485,-2.0700457,0.20772302,-0.27043352,-0.94006222,0
2.3077488,0.33992106,1.1587074,0.97476751,0.1375224,0.17582977,0
-2.2103133,-2.0278094,0.85023022,0.0817293,-0.95286584,0.29217634,0
2.5302939,1.2772311,-0.80814409,0.97476751,0.1375224,0.17582977,0
-1.9843652,-2.4690349,-0.65192938,0.0817293,-0.95286584,0.29217634,0
1.3131179,2.2542541,1.7691796,-0.20772302,0.27043352,0.94006222,0
-0.32584369,-2.3147449,-1.5336226,0.20772302,-0.27043352,-0.94006222,0
-0.80251735,1.9800189,-0.16332108,-0.0817293,0.95286584,-0.29217634,0
1.1170783,1.9935031,-0.65630537,-0.0817293,0.95286584,-0.29217634,0
-2.4757395,1.664512,-0.72423005,-0.0817293,0.95286584,-0.29217634,0
1.1330404,1.4810474,-2.3032165,0.20772302,-0.27043352,-0.94006222,0
-2.6100395,1.6109225,-0.86143303,-0.0817293,0.95286584,-0.29217634,0
-0.50260401,0.25193805,-2.3110547,0.20772302,-0.27043352,-0.94006222,0
2.7704964,-1.5712812,0.0881356,0.97476751,0.1375224,0.17582977,0
0.94152021,0.80836487,2.1030169,-0.20772302,0.27043352,0.94006222,0
1.0740721,-1.9611965,0.14874443,0.0817293,-0.95286584,0.29217634,0
0.79952526,2.2551811,0.28592443,-0.0817293,0.95286584,-0.29217634,0
-2.4591839,2.0166488,0.41955233,-0.0817293,0.95286584,-0.29217634,0
-2.4319446,0.21945415,-0.9076941,-0.97476751,-0.1375224,-0.17582977,0
-2.4380906,0.96711129,1.3105657,-0.20772302,0.27043352,0.94006222,0
-1.6224974,-0.057288826,-2.4695573,0.20772302,-0.27043352,-0.94006222,0
0.16494536,-1.5330596,1.7993213,0.0817293,-0.95286584,0.29217634,0
-2.6781421,-0.7327981,1.2019672,-0.97476751,-0.1375224,-0.17582977,0
2.2690861,-1.0569707,2.4656003,0.97476751,0.1375224,0.17582977,0
2.7584488,0.065609545,-1.1253428,0.97476751,0.1375224,0.17582977,0
-1.1416476,-2.3524737,-0.50752223,0.0817293,-0.95286584,0.29217634,0
0.17439631,-1.8022772,0.91868603,0.0817293,-0.95286584,0.29217634,0
1.189362,-0.70231861,-1.6626685,0.20772302,-0.27043352,-0.94006222,0
-1.2175741,1.3530282,-2.0920048,-0.0817293,0.95286584,-0.29217634,0
2.5754776,-2.157223,-0.91053301,0.0817293,-0.95286584,0.29217634,0
0.44333911,-1.4920214,1.8552834,0.0817293,-0.95286584,0.29217634,0
0.93533409,2.5849364,1.3233563,-0.0817293,0.95286584,-0.29217634,0
2.3564882,1.4415131,-2.0215013,0.20772302,-0.27043352,-0.94006222,0
-2.3794446,-1.8456693,1.4915483,0.0817293,-0.95286584,0.29217634,0
1.7601576,0.5434652,2.3601143,-0.20772302,0.27043352,0.94006222,0
0.92002791,-1.7645509,0.83314902,0.0817293,-0.95286584,0.29217634,0
-2.4983354,1.9574423,0.23741555,-0.0817293,0.95286584,-0.29217634,0
-2.3380666,-0.45566994,-0.90009904,-0.97476751,-0.1375224,-0.17582977,0
-0.24076557,-1.9815792,-1.6106672,0.20772302,-0.27043352,-0.94006222,0
2.3647258,-0.11917511,1.2019114,0.97476751,0.1375224,0.17582977,0
0.39673561,-2.0450284,0.06481456,0.0817293,-0.95286584,0.29217634,0
0.19639075,-1.3425388,2.4118648,0.0817293,-0.95286584,0.29217634,0
-2.0493302,-0.74994791,-2.2706351,-0.97476751,-0.1375224,-0.17582977,0
0.47505915,2.3386605,0.64893442,-0.0817293,0.95286584,-0.29217634,0
-1.5207007,-0.9222939,-2.1982222,0.20772302,-0.27043352,-0.94006222,0
2.223299,0.86616343,1.2152889,0.97476751,0.1375224,0.17582977,0
0.90043783,-0.17801362,2.3776965,-0.20772302,0.27043352,0.94006222,0
-2.1663837,-1.1186085,-1.3333704,-0.97476751,-0.1375224,-0.17582977,0
2.7953854,-0.035821825,-1.2507793,0.97476751,0.1375224,0.17582977,0
2.2934048,-0.92063808,-1.3559058,0.20772302,-0.27043352,-0.94006222,0
0.45776892,-0.014335155,-2.022243,0.20772302,-0.27043352,-0.94006222,0
-2.4142811,-0.19763619,-0.67939782,-0.97476751,-0.1375224,-0.17582977,0
-2.6457829,0.02897498,0.42676532,-0.97476751,-0.1375224,-0.17582977,0
0.64187902,2.2369454,1.6258372,-0.20772302,0.27043352,0.94006222,0
2.5958681,-0.82549101,0.47293591,0.97476751,0.1375224,0.17582977,0
-0.38014114,-0.61519223,2.2204964,-0.20772302,0.27043352,0.94006222,0
-2.5371811,0.64190662,-0.65469778,-0.97476751,-0.1375224,-0.17582977,0
-0.38283014,1.8320521,1.5158883,-0.20772302,0.27043352,0.94006222,0
2.6071434,0.022661179,-0.25294018,0.97476751,0.1375224,0.17582977,0
1.9707496,-2.1243505,-0.63416886,0.0817293,-0.95286584,0.29217634,0
-0.69342017,0.24014121,1.905213,-0.20772302,0.27043352,0.94006222,0
2.526515,-1.5637013,1.0387979,0.0817293,-0.95286584,0.29217634,0
-2.6535177,-0.92039609,1.2121794,-0.97476751,-0.1375224,-0.17582977,0
-1.2425885,-1.4869643,-1.9743261,0.20772302,-0.27043352,-0.94006222,0
-2.784477,0.87690777,0.532462,-0.97476751,-0.1375224,-0.17582977,0
1.6028365,2.6016135,1.1910274,-0.0817293,0.95286584,-0.29217634,0
-0.9312911,1.0699975,1.6139213,-0.20772302,0.27043352,0.94006222,0
-1.0042648,0.95189154,-2.6232653,0.20772302,-0.27043352,-0.94006222,0
2.3468208,-1.7139195,0.59916043,0.0817293,-0.95286584,0.29217634,0
1.9877796,-1.9848922,-0.18412137,0.0817293,-0.95286584,0.29217634,0
-2.0767193,-1.6298707,-1.4305792,-0.97476751,-0.1375224,-0.17582977,0
1.3176799,-1.6399645,1.1282258,0.0817293,-0.95286584,0.29217634,0
2.3436797,1.7890658,-0.17391276,0.97476751,0.1375224,0.17582977,0
-1.7480445,-0.80870855,1.9739046,-0.20772302,0.27043352,0.94006222,0
2.5600884,-0.23178661,0.20693469,0.97476751,0.1375224,0.17582977,0
-2.6737514,-0.019234836,0.61952293,-0.97476751,-0.1375224,-0.17582977,0
-1.6385235,-1.9450778,0.96009535,0.0817293,-0.95286584,0.29217634,0
2.299628,-0.83275092,2.1209121,0.97476751,0.1375224,0.17582977,0
0.52246928,0.91558814,1.9795747,-0.20772302,0.27043352,0.94006222,0
-0.014247417,-1.8336902,0.86900866,0.0817293,-0.95286584,0.29217634,0
-2.7268372,-0.58968848,1.3599906,-0.97476751,-0.1375224,-0.17582977,0
0.81150007,-0.53318584,2.4602187,-0.20772302,0.27043352,0.94006222,0
-1.1480521,-1.8040129,1.2829489,0.0817293,-0.95286584,0.29217634,0
-0.23097166,1.7866353,-0.95387304,-0.0817293,0.95286584,-0.29217634,0
-2.6143205,2.0762665,0.65737736,-0.0817293,0.95286584,-0.29217634,0
2.3188403,-0.22227976,1.5369329,0.97476751,0.1375224,0.17582977,0
0.61181915,-1.7286189,1.0365472,0.0817293,-0.95286584,0.29217634,0
1.9207041,-2.1859033,-0.8209101,0.0817293,-0.95286584,0.29217634,0
-1.2248017,1.2522871,1.4966247,-0.20772302,0.27043352,0.94006222,0
0.91378337,0.41607824,2.2097394,-0.20772302,0.27043352,0.94006222,0
2.2238345,-2.1551919,-0.80554509,0.0817293,-0.95286584,0.29217634,0
2.7929282,-1.7359506,0.092570901,0.97476751,0.1375224,0.17582977,0
-1.3997029,1.9924035,0.044117272,-0.0817293,0.95286584,-0.29217634,0
-2.3809628,0.85257781,-1.685514,-0.97476751,-0.1375224,-0.17582977,0
-2.7036114,1.5075066,-0.40905416,-0.97476751,-0.1375224,-0.17582977,0
-0.91420197,-1.2293552,-1.9758714,0.20772302,-0.27043352,-0.94006222,0
2.7216578,0.39130452,-1.1761154,0.97476751,0.1375224,0.17582977,0
0.20918119,1.8704791,-0.80355775,-0.0817293,0.95286584,-0.29217634,0
-1.0391138,-1.9014645,0.93466002,0.0817293,-0.95286584,0.29217634,0
1.0737354,1.6807022,-1.66431,-0.0817293,0.95286584,-0.29217634,0
0.20916808,1.7436453,1.6721331,-0.20772302,0.27043352,0.94006222,0
-0.74664927,-1.5072346,2.13854,0.0817293,-0.95286584,0.29217634,0
0.30339414,2.4965255,1.2117946,-0.0817293,0.95286584,-0.29217634,0
-0.8593508,2.0047808,-0.066667855,-0.0817293,0.95286584,-0.29217634,0
2.0092804,1.7100221,1.7417574,0.97476751,0.1375224,0.17582977,0
2.8919027,-1.5716302,-0.58464587,0.97476751,0.1375224,0.17582977,0
-3.0118973,2.0866988,0.86169457,-0.20772302,0.27043352,0.94006222,0
-0.12316775,1.3756715,1.7045549,-0.20772302,0.27043352,0.94006222,0
1.7716527,-0.30319387,2.6062181,-0.20772302,0.27043352,0.94006222,0
-2.9006248,1.1468811,0.96520805,-0.97476751,-0.1375224,-0.17582977,0
2.5499506,0.36906329,-0.2068069,0.97476751,0.1375224,0.17582977,0
-2.7948353,0.49954766,0.88503265,-0.97476751,-0.1375224,-0.17582977,0
2.4572208,0.90528709,-0.11213017,0.97476751,0.1375224,0.17582977,0
-2.3486586,-2.0873621,0.69471145,0.0817293,-0.95286584,0.29217634,0
-2.5823393,2.1403646,0.94117445,-0.20772302,0.27043352,0.94006222,0
2.3424702,2.0999866,-0.41038966,0.97476751,0.1375224,0.17582977,0
-2.6955457,1.6115061,-0.53510904,-0.97476751,-0.1375224,-0.17582977,0
-2.2468567,0.030960314,-1.7863588,-0.97476751,-0.1375224,-0.17582977,0
1.3662933,1.9080039,1.8805376,-0.20772302,0.27043352,0.94006222,0
-2.946878,1.7759017,0.72965157,-0.97476751,-0.1375224,-0.17582977,0
0.99213815,-2.3164268,-1.2419081,0.20772302,-0.27043352,-0.94006222,0
0.51277459,1.170916,1.9039807,-0.20772302,0.27043352,0.94006222,0
-0.74426615,-2.1876392,-0.081109524,0.0817293,-0.95286584,0.29217634,0
2.2205014,1.1258795,1.0276644,0.97476751,0.1375224,0.17582977,0
1.1541315,-1.0064137,-1.5829724,0.20772302,-0.27043352,-0.94006222,0
-2.638788,-1.036576,1.2213899,-0.97476751,-0.1375224,-0.17582977,0
0.24972272,-1.3527478,2.363652,0.0817293,-0.95286584,0.29217634,0
2.846909,-0.54328656,-1.1395105,0.97476751,0.1375224,0.17582977,0
-1.9282465,0.05581677,1.6853825,-0.20772302,0.27043352,0.94006222,0
-1.1503992,1.3642402,-2.0742295,-0.0817293,0.95286584,-0.29217634,0
-0.59710133,-2.5994582,-1.5116564,0.20772302,-0.27043352,-0.94006222,0
1.4045117,1.654742,1.9618402,-0.20772302,0.27043352,0.94006222,0
2.0596178,0.89132452,2.1030283,0.97476751,0.1375224,0.17582977,0
-2.9082932,1.3340747,0.86131251,-0.97476751,-0.1375224,-0.17582977,0
2.1881235,-0.46110177,2.4483938,0.97476751,0.1375224,0.17582977,0
-1.0232397,-1.6786561,1.6568575,0.0817293,-0.95286584,0.29217634,0
2.2785349,0.081202313,1.5230148,0.97476751,0.1375224,0.17582977,0
2.3456094,-0.16737111,1.3455849,0.97476751,0.1375224,0.17582977,0
0.91433173,-0.9586556,2.6053388,-0.20772302,0.27043352,0.94006222,0
-2.3020742,-0.25185975,-1.2590408,-0.97476751,-0.1375224,-0.17582977,0
-2.6681986,0.23625326,0.38891399,-0.97476751,-0.1375224,-0.17582977,0
-0.87142932,-1.93279,0.78559345,0.0817293,-0.95286584,0.29217634,0
-0.74386406,-1.7299795,1.4113295,0.0817293,-0.95286584,0.29217634,0
-2.5046673,-0.54887509,0.096403122,-0.97476751,-0.1375224,-0.17582977,0
-0.39146316,-0.72918856,2.2507887,-0.20772302,0.27043352,0.94006222,0
0.99341822,-1.9049922,0.35460269,0.0817293,-0.95286584,0.29217634,0
1.6138366,2.4658375,0.74514747,-0.0817293,0.95286584,-0.29217634,0
-2.3625619,-1.3698915,-0.049258471,-0.97476751,-0.1375224,-0.17582977,0
2.187664,-0.048861519,2.1285141,0.97476751,0.1375224,0.17582977,0
2.6423683,1.706821,-1.7654589,0.97476751,0.1375224,0.17582977,0
-1.9374537,-1.8891937,-1.9998159,-0.97476751,-0.1375224,-0.17582977,0
2.2397716,1.0623572,0.97051883,0.97476751,0.1375224,0.17582977,0
1.4436921,0.89582133,2.1888211,-0.20772302,0.27043352,0.94006222,0
2.3037853,-0.27025849,1.6579211,0.97476751,0.1375224,0.17582977,0
2.6957304,-0.2053178,-0.56574214,0.97476751,0.1375224,0.17582977,0
-2.2913477,-2.1098468,0.13468719,-0.97476751,-0.1375224,-0.17582977,0
2.5181553,-0.51918614,0.66418886,0.97476751,0.1375224,0.17582977,0
1.7435105,-2.1493232,-0.65204638,0.0817293,-0.95286584,0.29217634,0
2.3828843,1.6822701,-0.30772686,0.97476751,0.1375224,0.17582977,0
1.9355576,2.0504367,1.8842125,0.97476751,0.1375224,0.17582977,0
2.0704632,-2.101872,-1.0653558,0.20772302,-0.27043352,-0.94006222,0
-1.5548846,-2.3075564,-0.24544036,0.0817293,-0.95286584,0.29217634,0
1.1289754,-0.30265129,-1.7909868,0.20772302,-0.27043352,-0.94006222,0
1.4232062,1.9397885,1.8839701,-0.20772302,0.27043352,0.94006222,0
2.3506451,1.0787635,0.34302497,0.97476751,0.1375224,0.17582977,0
2.6462569,-1.0261106,0.35049939,0.97476751,0.1375224,0.17582977,0
1.3419194,-0.66449124,-1.6398404,0.20772302,-0.27043352,-0.94006222,0
0.23899806,-1.4782735,1.957279,0.0817293,-0.95286584,0.29217634,0
-1.1238128,-2.3157268,-1.7096654,0.20772302,-0.27043352,-0.94006222,0
-1.9376174,-0.33654201,1.7961841,-0.20772302,0.27043352,0.94006222,0
-1.8377674,0.50144899,1.5771775,-0.20772302,0.27043352,0.94006222,0
1.1002567,2.648797,1.6086437,-0.20772302,0.27043352,0.94006222,0
-2.7493291,-0.34480774,1.2931557,-0.97476751,-0.1375224,-0.17582977,0
-1.8509132,-1.4156559,2.1257782,-0.20772302,0.27043352,0.94006222,0
2.2084091,1.1271619,1.0936997,0.97476751,0.1375224,0.17582977,0
-1.6952825,2.1151526,1.144438,-0.20772302,0.27043352,0.94006222,0
0.51581126,1.3000863,1.8674924,-0.20772302,0.27043352,0.94006222,0
2.0944667,0.26289719,-1.7403396,0.20772302,-0.27043352,-0.94006222,0
2.267158,-1.475865,1.3978043,0.0817293,-0.95286584,0.29217634,0
-2.7753873,-0.6522007,1.6780361,-0.97476751,-0.1375224,-0.17582977,0
1.3436708,2.1981368,-0.052324176,-0.0817293,0.95286584,-0.29217634,0
1.0476503,1.4018848,1.9557266,-0.20772302,0.27043352,0.94006222,0
1.6300102,-0.98095119,2.7698941,-0.20772302,0.27043352,0.94006222,0
-2.9604492,1.8055836,0.78167307,-0.97476751,-0.1375224,-0.17582977,0
-1.9509546,2.0498822,1.1067197,-0.20772302,0.27043352,0.94006222,0
-2.297344,-1.6433134,-0.19696212,-0.97476751,-0.1375224,-0.17582977,0
1.2954099,2.3456728,0.4423306,-0.0817293,0.95286584,-0.29217634,0
-2.2166665,-0.69972634,-1.3822334,-0.97476751,-0.1375224,-0.17582977,0
1.288069,1.877201,1.8721141,-0.20772302,0.27043352,0.94006222,0
-2.1701519,0.57581443,-2.6377449,-0.97476751,-0.1375224,-0.17582977,0
-1.2969303,-0.24462754,1.9113133,-0.20772302,0.27043352,0.94006222,0
2.8222072,-2.0101194,-0.49980509,0.0817293,-0.95286584,0.29217634,0
-2.3879237,-2.0440609,0.84691155,0.0817293,-0.95286584,0.29217634,0
-2.6880217,2.0172024,0.48536921,-0.0817293,0.95286584,-0.29217634,0
2.1386364,-0.71996874,2.8072057,-0.20772302,0.27043352,0.94006222,0
2.5862076,0.26435786,-0.32591653,0.97476751,0.1375224,0.17582977,0
1.5488317,2.0583086,-0.56573004,-0.0817293,0.95286584,-0.29217634,0
0.1630187,-0.69905347,2.3646419,-0.20772302,0.27043352,0.94006222,0
-0.67027146,1.7203699,-1.0470984,-0.0817293,0.95286584,-0.29217634,0
-1.3136674,2.277601,1.18203,-0.20772302,0.27043352,0.94006222,0
1.227746,0.15211317,-1.8999866,0.20772302,-0.27043352,-0.94006222,0
0.23570871,-1.4607658,2.0152962,0.0817293,-0.95286584,0.29217634,0
1.6932408,2.2439418,-0.00072550774,-0.0817293,0.95286584,-0.29217634,0
-2.1713259,-2.37656,-0.32208586,-0.97476751,-0.1375224,-0.17582977,0
-1.6732166,-2.4578116,-0.70236313,0.0817293,-0.95286584,0.29217634,0
1.9982209,1.8444513,1.6979272,0.97476751,0.1375224,0.17582977,0
-2.3163679,-1.0128427,-0.58460927,-0.97476751,-0.1375224,-0.17582977,0
0.54564065,-2.3598628,-1.0035977,0.0817293,-0.95286584,0.29217634,0
-1.9067934,1.3702571,-1.843024,-0.0817293,0.95286584,-0.29217634,0
-1.9230633,-2.1135273,0.4903295,0.0817293,-0.95286584,0.29217634,0
1.7103146,-2.2729323,-1.0458837,0.0817293,-0.95286584,0.29217634,0
1.2787173,2.1548233,1.7901821,-0.20772302,0.27043352,0.94006222,0
-0.93194866,1.5552424,-1.5124264,-0.0817293,0.95286584,-0.29217634,0
2.3126283,-1.6689463,0.75539517,0.0817293,-0.95286584,0.29217634,0
2.344044,1.0601522,0.39417648,0.97476751,0.1375224,0.17582977,0
0.87902546,0.16522008,2.2742248,-0.20772302,0.27043352,0.94006222,0
-1.2819626,1.5260569,1.405237,-0.20772302,0.27043352,0.94006222,0
-1.6754143,2.2228985,0.87294763,-0.0817293,0.95286584,-0.29217634,0
-2.1274061,0.73496068,-2.8090367,0.20772302,-0.27043352,-0.94006222,0
2.183924,0.45133096,1.7580314,0.97476751,0.1375224,0.17582977,0
-0.8781364,1.4933946,1.5038655,-0.20772302,0.27043352,0.94006222,0
-0.50862867,-2.4662566,-1.5304258,0.20772302,-0.27043352,-0.94006222,0
2.4988189,1.8231432,-1.598404,-0.0817293,0.95286584,-0.29217634,0
-2.3479533,-0.336079,-0.93882465,-0.97476751,-0.1375224,-0.17582977,0
2.1294737,2.39413,0.36705279,-0.0817293,0.95286584,-0.29217634,0
-2.6493545,-0.57787621,0.92120469,-0.97476751,-0.1375224,-0.17582977,0
-1.4495428,0.28403237,-2.52953,0.20772302,-0.27043352,-0.94006222,0
-1.1513304,0.11707088,-2.4156039,0.20772302,-0.27043352,-0.94006222,0
-2.5779026,-1.4551849,1.2112594,-0.97476751,-0.1375224,-0.17582977,0
2.7000356,-0.71897399,-0.18786025,0.97476751,0.1375224,0.17582977,0
2.4759004,-1.2267588,1.4518588,0.97476751,0.1375224,0.17582977,0
-1.9812863,1.3593925,-1.8576187,-0.0817293,0.95286584,-0.29217634,0
1.7068479,2.710259,1.7249994,-0.20772302,0.27043352,0.94006222,0
0.30182573,1.9286501,-0.63976192,-0.0817293,0.95286584,-0.29217634,0
1.6383201,2.7377884,1.6252046,-0.0817293,0.95286584,-0.29217634,0
2.2866752,-0.69020408,2.0812302,0.97476751,0.1375224,0.17582977,0
1.9596756,2.3834064,1.4900813,0.97476751,0.1375224,0.17582977,0
-2.612807,0.3820304,-0.032182455,-0.97476751,-0.1375224,-0.17582977,0
1.8872455,1.0820205,-2.021771,0.20772302,-0.27043352,-0.94006222,0
0.039078001,2.0609369,-0.13484111,-0.0817293,0.95286584,-0.29217634,0
2.1770473,2.1375961,0.47726989,0.97476751,0.1375224,0.17582977,0
-2.2926841,0.049563151,-1.5468516,-0.97476751,-0.1375224,-0.17582977,0
2.3069096,1.0425857,0.61378193,0.97476751,0.1375224,0.17582977,0
-2.7100611,-1.0309525,1.6121151,-0.97476751,-0.1375224,-0.17582977,0
2.3087046,-0.470963,1.7876278,0.97476751,0.1375224,0.17582977,0
-2.4770057,-0.67641234,0.042803764,-0.97476751,-0.1375224,-0.17582977,0
-0.66968668,2.1701195,1.3552485,-0.20772302,0.27043352,0.94006222,0
1.486882,2.0276334,-0.6484412,-0.0817293,0.95286584,-0.29217634,0
1.0442228,-1.7181855,0.94961864,0.0817293,-0.95286584,0.29217634,0
-1.5852815,-1.1338383,-2.1516361,0.20772302,-0.27043352,-0.94006222,0
-0.76412463,1.1821029,1.6186097,-0.20772302,0.27043352,0.94006222,0
-1.3085228,1.1571374,-2.7054167,-0.0817293,0.95286584,-0.29217634,0
0.87500656,-0.91546118,-1.6708148,0.20772302,-0.27043352,-0.94006222,0
-2.2734799,-0.093590982,-1.5413485,-0.97476751,-0.1375224,-0.17582977,0
2.1439669,0.49115372,-1.7950658,0.20772302,-0.27043352,-0.94006222,0
-1.5460794,0.80558026,1.5541399,-0.20772302,0.27043352,0.94006222,0
2.6593757,-0.93771207,0.20863402,0.97476751,0.1375224,0.17582977,0
1.7181028,-1.8228992,0.4196173,0.0817293,-0.95286584,0.29217634,0
2.2886882,-0.32056397,1.7809627,0.97476751,0.1375224,0.17582977,0
1.1038756,-1.9609122,0.14133471,0.0817293,-0.95286584,0.29217634,0
2.612947,-0.40942615,0.052834272,0.97476751,0.1375224,0.17582977,0
-0.57905799,-2.1005239,0.15678382,0.0817293,-0.95286584,0.29217634,0
-2.7826142,0.85431343,0.53980744,-0.97476751,-0.1375224,-0.17582977,0
-0.3665857,1.9693378,-0.32009614,-0.0817293,0.95286584,-0.29217634,0
-1.4386315,1.2855147,-2.250349,-0.0817293,0.95286584,-0.29217634,0
1.5739164,-1.7325265,0.75467956,0.0817293,-0.95286584,0.29217634,0
0.093913436,-0.34660086,-2.0070584,0.20772302,-0.27043352,-0.94006222,0
-1.6303533,-2.4515305,-1.7825267,0.20772302,-0.27043352,-0.94006222,0
-2.4297118,-1.1183341,0.12625635,-0.97476751,-0.1375224,-0.17582977,0
2.2208366,-1.5551777,1.1521015,0.0817293,-0.95286584,0.29217634,0
0.79258168,-0.24171522,-1.8828487,0.20772302,-0.27043352,-0.94006222,0
2.2319522,-0.55153739,2.2761474,0.97476751,0.1375224,0.17582977,0
-1.3714132,1.7729778,1.314438,-0.20772302,0.27043352,0.94006222,0
1.7427455,-1.5991902,-1.2823801,0.20772302,-0.27043352,-0.94006222,0
0.43623197,-1.4315457,2.0544991,0.0817293,-0.95286584,0.29217634,0
2.940702,-1.5329173,-0.88545847,0.97476751,0.1375224,0.17582977,0
0.45963705,2.5119586,1.2184213,-0.0817293,0.95286584,-0.29217634,0
-2.630188,0.85945427,-0.30923557,-0.97476751,-0.1375224,-0.17582977,0
-2.3492174,-1.4709468,-0.044198275,-0.97476751,-0.1375224,-0.17582977,0
-2.1999047,-0.14268178,-1.9108417,-0.97476751,-0.1375224,-0.17582977,0
-2.0382757,-1.8301628,-1.487047,-0.97476751,-0.1375224,-0.17582977,0
-0.87242782,-1.7347132,1.4318542,0.0817293,-0.95286584,0.29217634,0
2.9035506,-1.323745,-0.84309709,0.97476751,0.1375224,0.17582977,0
-0.61365354,-1.8502853,0.98255718,0.0817293,-0.95286584,0.29217634,0
-0.33316052,-0.38243482,2.163919,-0.20772302,0.27043352,0.94006222,0
-0.4759872,2.0669832,0.028954675,-0.0817293,0.95286584,-0.29217634,0
-0.15294933,-0.63513005,2.2764339,-0.20772302,0.27043352,0.94006222,0
2.4237175,-0.33253711,-1.4962935,0.20772302,-0.27043352,-0.94006222,0
-0.058604062,-2.3298547,-0.73671049,0.0817293,-0.95286584,0.29217634,0
-0.82002461,-0.91312242,-2.0460341,0.20772302,-0.27043352,-0.94006222,0
-1.3199362,-2.7127275,-1.6387944,0.20772302,-0.27043352,-0.94006222,0
-2.6907418,-0.53511691,1.1172048,-0.97476751,-0.1375224,-0.17582977,0
-1.277741,1.8395681,-0.48843634,-0.0817293,0.95286584,-0.29217634,0
0.44897997,-1.1044436,2.5444512,-0.20772302,0.27043352,0.94006222,0
2.05934,-1.5307729,1.2768669,0.0817293,-0.95286584,0.29217634,0
-0.85208559,-1.1179814,-1.9941852,0.20772302,-0.27043352,-0.94006222,0
0.011103988,-0.51081824,-1.9781152,0.20772302,-0.27043352,-0.94006222,0
2.4096985,-0.83835316,-1.3538802,0.20772302,-0.27043352,-0.94006222,0
-2.1301715,0.024491355,-2.42818,-0.97476751,-0.1375224,-0.17582977,0
-1.254061,0.25604928,-2.4782844,0.20772302,-0.27043352,-0.94006222,0
-1.9697095,1.9776921,0.15558517,-0.0817293,0.95286584,-0.29217634,0
-0.43016148,-2.4708929,-1.0927399,0.0817293,-0.95286584,0.29217634,0
1.3152707,1.6249756,-1.9136137,-0.0817293,0.95286584,-0.29217634,0
1.1762065,-1.2853463,2.3243053,0.0817293,-0.95286584,0.29217634,0
-1.1668215,-0.14948748,-2.3423443,0.20772302,-0.27043352,-0.94006222,0
-2.2832305,-0.26356462,-1.3543515,-0.97476751,-0.1375224,-0.17582977,0
2.3505917,-0.87996042,1.8753039,0.97476751,0.1375224,0.17582977,0
-0.56681609,-0.26398975,2.0782149,-0.20772302,0.27043352,0.94006222,0
0.072092056,-1.5008599,-1.6798275,0.20772302,-0.27043352,-0.94006222,0
-2.010725,0.81378019,1.4491092,-0.20772302,0.27043352,0.94006222,0
2.248672,0.28003302,1.5330575,0.97476751,0.1375224,0.17582977,0
-1.4891953,2.1501434,1.1799104,-0.20772302,0.27043352,0.94006222,0
-1.6310242,-1.4775159,2.192162,-0.20772302,0.27043352,0.94006222,0
-1.2493213,-0.07693994,1.8735936,-0.20772302,0.27043352,0.94006222,0
1.965513,0.36018991,2.4582148,-0.20772302,0.27043352,0.94006222,0
0.92964441,-1.517202,1.637131,0.0817293,-0.95286584,0.29217634,0
2.5827456,-0.62423712,-1.3772386,0.20772302,-0.27043352,-0.94006222,0
-0.7545647,-2.5756178,-1.3435323,0.0817293,-0.95286584,0.29217634,0
-2.5183692,-0.24282339,-0.067009926,-0.97476751,-0.1375224,-0.17582977,0
2.6241317,-1.1608267,0.57852411,0.97476751,0.1375224,0.17582977,0
-0.13517088,-2.4653435,-1.1571575,0.0817293,-0.95286584,0.29217634,0
-0.73908192,-1.9854525,0.57682598,0.0817293,-0.95286584,0.29217634,0
-0.76984382,-1.7960784,1.2030303,0.0817293,-0.95286584,0.29217634,0
1.5106254,-2.1604462,-0.62317795,0.0817293,-0.95286584,0.29217634,0
2.3409104,-0.95579767,1.9882905,0.97476751,0.1375224,0.17582977,0
-0.3801519,-2.285624,-0.50251639,0.0817293,-0.95286584,0.29217634,0
1.6621394,-2.1374984,-0.59072125,0.0817293,-0.95286584,0.29217634,0
0.44862354,2.4814987,1.122164,-0.0817293,0.95286584,-0.29217634,0
-2.4697762,1.2897455,1.2107502,-0.20772302,0.27043352,0.94006222,0
0.9906553,1.6364189,-1.7854898,-0.0817293,0.95286584,-0.29217634,0
0.052858233,2.3763449,0.88993478,-0.0817293,0.95286584,-0.29217634,0
-1.6846092,-2.5432048,-0.9776665,0.0817293,-0.95286584,0.29217634,0
2.7348416,-0.49786356,-0.5537554,0.97476751,0.1375224,0.17582977,0
-2.7531562,-0.82278478,1.6882107,-0.97476751,-0.1375224,-0.17582977,0
-0.6457504,0.68653297,1.7873302,-0.20772302,0.27043352,0.94006222,0
2.1632285,-0.28607661,2.4495139,0.97476751,0.1375224,0.17582977,0
-1.5619162,-1.7344484,-1.9736921,0.20772302,-0.27043352,-0.94006222,0
-1.8475808,1.7787713,-0.52731192,-0.0817293,0.95286584,-0.29217634,0
2.2171102,1.8970761,-1.2784874,-0.0817293,0.95286584,-0.29217634,0
1.7625123,-1.8785257,0.22578132,0.0817293,-0.95286584,0.29217634,0
-2.4361682,1.120666,-1.5891471,-0.97476751,-0.1375224,-0.17582977,0
0.98700577,-1.2405032,2.5234749,0.0817293,-0.95286584,0.29217634,0
-0.23446536,1.4711217,1.652503,-0.20772302,0.27043352,0.94006222,0
-2.2352118,-0.37358779,-1.5345063,-0.97476751,-0.1375224,-0.17582977,0
-1.4672142,-0.73602545,-2.2399883,0.20772302,-0.27043352,-0.94006222,0
-1.1379246,-1.3542345,-1.989382,0.20772302,-0.27043352,-0.94006222,0
2.4743392,0.071139753,0.44538212,0.97476751,0.1375224,0.17582977,0
1.448608,2.2092524,-0.045426726,-0.0817293,0.95286584,-0.29217634,0
0.090345919,2.4819803,1.2239542,-0.0817293,0.95286584,-0.29217634,0
-0.95077717,1.4847221,-1.7371451,-0.0817293,0.95286584,-0.29217634,0
2.1361194,-1.1995339,2.3356495,0.0817293,-0.95286584,0.29217634,0
-2.8666015,1.9623595,0.35646582,-0.0817293,0.95286584,-0.29217634,0
2.103085,1.5984272,1.3090045,0.97476751,0.1375224,0.17582977,0
-2.3425436,-0.42604214,-0.89845252,-0.97476751,-0.1375224,-0.17582977,0
-2.4661198,-1.8962482,0.93652868,-0.97476751,-0.1375224,-0.17582977,0
-0.98523176,0.065511525,1.890969,-0.20772302,0.27043352,0.94006222,0
2.2758367,-1.8761814,0.089837193,0.0817293,-0.95286584,0.29217634,0
-1.1139221,-0.99033868,2.1662755,-0.20772302,0.27043352,0.94006222,0
-2.2289407,-1.017426,-1.0657043,-0.97476751,-0.1375224,-0.17582977,0
-2.154835,1.9630978,0.15977371,-0.0817293,0.95286584,-0.29217634,0
-0.86932141,-2.0898535,0.27277684,0.0817293,-0.95286584,0.29217634,0
-0.00761801,-2.2644598,-0.5377028,0.0817293,-0.95286584,0.29217634,0
0.86634123,0.57640588,-2.1019042,0.20772302,-0.27043352,-0.94006222,0
-0.84586668,-1.4128941,-1.9079719,0.20772302,-0.27043352,-0.94006222,0
-0.17210884,1.9815183,-0.33477205,-0.0817293,0.95286584,-0.29217634,0
2.3436573,0.37312955,-1.7169881,0.20772302,-0.27043352,-0.94006222,0
-2.8385856,0.62167203,1.0320587,-0.97476751,-0.1375224,-0.17582977,0
-2.1864598,0.20813224,-2.2597599,-0.97476751,-0.1375224,-0.17582977,0
-0.27783477,1.793087,-0.91972357,-0.0817293,0.95286584,-0.29217634,0
2.6989589,0.61426628,-1.224664,0.97476751,0.1375224,0.17582977,0
-2.3539672,-1.4246331,-0.05409193,-0.97476751,-0.1375224,-0.17582977,0
1.8615878,2.727706,1.5298691,-0.0817293,0.95286584,-0.29217634,0
2.4552634,1.2167881,-0.34491336,0.97476751,0.1375224,0.17582977,0
2.9399126,-1.7163018,-0.73765242,0.97476751,0.1375224,0.17582977,0
-2.2194905,-0.55667841,-1.4784601,-0.97476751,-0.1375224,-0.17582977,0
-2.2283957,-1.6745543,-0.55476475,-0.97476751,-0.1375224,-0.17582977,0
-2.0559864,-1.668741,-1.5151165,-0.97476751,-0.1375224,-0.17582977,0
2.9570076,-1.489157,-1.0100803,0.97476751,0.1375224,0.17582977,0
1.5962453,-0.55598086,-1.6148586,0.20772302,-0.27043352,-0.94006222,0
2.2256954,1.0439174,1.0629761,0.97476751,0.1375224,0.17582977,0
-1.401022,-1.6573793,-1.9603105,0.20772302,-0.27043352,-0.94006222,0
2.5808542,-0.97764301,0.67517173,0.97476751,0.1375224,0.17582977,0
1.0265943,2.4054792,0.71256936,-0.0817293,0.95286584,-0.29217634,0
0.98736548,2.0491242,-0.43862647,-0.0817293,0.95286584,-0.29217634,0
-2.8222198,0.16886443,1.2954875,-0.97476751,-0.1375224,-0.17582977,0
2.1989625,-0.59532857,2.493288,0.97476751,0.1375224,0.17582977,0
1.8653579,2.7580266,1.719959,0.97476751,0.1375224,0.17582977,0
-2.5334532,1.4236194,-1.286767,-0.97476751,-0.1375224,-0.17582977,0
-2.0822897,-1.0161577,-1.879703,-0.97476751,-0.1375224,-0.17582977,0
1.1322494,1.8572979,-1.1047513,-0.0817293,0.95286584,-0.29217634,0
-2.6939387,-1.0765898,1.8419559,-0.20772302,0.27043352,0.94006222,0
2.7091684,0.16345629,-0.92866957,0.97476751,0.1375224,0.17582977,0
-2.507185,0.67754221,-0.84886146,-0.97476751,-0.1375224,-0.17582977,0
-1.9829035,-1.6443766,-1.9393289,-0.97476751,-0.1375224,-0.17582977,0
-1.2501986,0.38227415,1.7412949,-0.20772302,0.27043352,0.94006222,0
2.5003297,-0.089185879,0.4266932,0.97476751,0.1375224,0.17582977,0
-0.97765183,1.4989254,1.4802847,-0.20772302,0.27043352,0.94006222,0
2.0793118,2.4253838,0.79400706,0.97476751,0.1375224,0.17582977,0
-2.2249222,0.66549665,-2.4042521,-0.97476751,-0.1375224,-0.17582977,0
0.83708227,-1.2887094,-1.5718201,0.20772302,-0.27043352,-0.94006222,0
0.82514524,2.2820122,0.36626148,-0.0817293,0.95286584,-0.29217634,0
0.51383066,-1.7683063,0.93452603,0.0817293,-0.95286584,0.29217634,0
-1.5661862,0.011967689,-2.4770379,0.20772302,-0.27043352,-0.94006222,0
-1.7681071,0.29414922,-2.6028328,0.20772302,-0.27043352,-0.94006222,0
-2.3653212,-0.22954048,-0.92586851,-0.97476751,-0.1375224,-0.17582977,0
-1.4461124,-2.6453717,-1.3775737,0.0817293,-0.95286584,0.29217634,0
2.238833,-0.76250327,-1.4134561,0.20772302,-0.27043352,-0.94006222,0
-1.7361784,1.3032078,-2.1094151,-0.0817293,0.95286584,-0.29217634,0
-2.6337008,-0.75971437,1.764109,-0.20772302,0.27043352,0.94006222,0
-1.172426,-1.0770919,2.1783049,-0.20772302,0.27043352,0.94006222,0
0.5965448,1.7665496,-1.2508557,-0.0817293,0.95286584,-0.29217634,0
-2.1975126,-2.0143065,0.89068651,0.0817293,-0.95286584,0.29217634,0
1.0960025,2.1177311,-0.2452693,-0.0817293,0.95286584,-0.29217634,0
-2.5356259,-0.013466701,-0.15072894,-0.97476751,-0.1375224,-0.17582977,0
-1.6656853,1.5398641,-1.357334,-0.0817293,0.95286584,-0.29217634,0
-2.0645571,-1.8365592,1.4331768,0.0817293,-0.95286584,0.29217634,0
-2.7369494,-0.043761462,0.98906624,-0.97476751,-0.1375224,-0.17582977,0
2.4881454,-0.43144742,0.76193571,0.97476751,0.1375224,0.17582977,0
-0.3468262,1.7368741,1.5512245,-0.20772302,0.27043352,0.94006222,0
1.2706929,-2.2897611,-1.1880276,0.20772302,-0.27043352,-0.94006222,0
-2.1417289,-1.2411186,-1.3742323,-0.97476751,-0.1375224,-0.17582977,0
0.4316504,-0.06306383,2.2410417,-0.20772302,0.27043352,0.94006222,0
-2.177835,-0.040795088,1.6580245,-0.20772302,0.27043352,0.94006222,0
0.12017012,1.7985525,-1.0132308,-0.0817293,0.95286584,-0.29217634,0
-1.1306505,-2.5723581,-1.2276996,0.0817293,-0.95286584,0.29217634,0
-1.2474731,1.3723001,1.4570903,-0.20772302,0.27043352,0.94006222,0
0.22903335,0.14675373,-2.1191275,0.20772302,-0.27043352,-0.94006222,0
2.2803321,2.0830812,-0.052685261,0.97476751,0.1375224,0.17582977,0
1.0405785,2.1738472,-0.046756029,-0.0817293,0.95286584,-0.29217634,0
1.8036594,-0.83170033,-1.4897087,0.20772302,-0.27043352,-0.94006222,0
-0.11281729,1.1545863,1.770443,-0.20772302,0.27043352,0.94006222,0
-2.5267897,1.0750029,-1.0510447,-0.97476751,-0.1375224,-0.17582977,0
2.4910314,-0.41005874,0.72920609,0.97476751,0.1375224,0.17582977,0
2.0430613,2.2817523,1.1073136,0.97476751,0.1375224,0.17582977,0
1.7100977,-1.6360852,1.0311074,0.0817293,-0.95286584,0.29217634,0
-2.1338937,-0.49923372,-1.9979231,-0.97476751,-0.1375224,-0.17582977,0
-0.75089473,-0.99372971,-2.0075698,0.20772302,-0.27043352,-0.94006222,0
-2.5743129,0.66679442,-0.46830952,-0.97476751,-0.1375224,-0.17582977,0
2.7363479,-1.1846681,-0.024934292,0.97476751,0.1375224,0.17582977,0
2.4741023,0.42250395,0.17188311,0.97476751,0.1375224,0.17582977,0
-1.7955849,-1.4516386,2.1483552,-0.20772302,0.27043352,0.94006222,0
1.5745451,-2.1345384,-0.55656564,0.0817293,-0.95286584,0.29217634,0
-1.3606393,-1.9301558,0.93102878,0.0817293,-0.95286584,0.29217634,0
-2.0258145,-1.1973325,-2.0510869,-0.97476751,-0.1375224,-0.17582977,0
-2.8781643,1.4599879,0.59580159,-0.97476751,-0.1375224,-0.17582977,0
1.6834136,-0.62631685,-1.5753632,0.20772302,-0.27043352,-0.94006222,0
-2.0539837,2.1222734,0.65067804,-0.0817293,0.95286584,-0.29217634,0
2.1813715,1.0561085,1.2991652,0.97476751,0.1375224,0.17582977,0
-1.0839828,1.9800963,-0.08433485,-0.0817293,0.95286584,-0.29217634,0
2.4668589,-1.4713336,-1.1591564,0.20772302,-0.27043352,-0.94006222,0
2.2111926,1.8639801,-1.384768,-0.0817293,0.95286584,-0.29217634,0
-2.9334254,1.2862931,1.0380123,-0.97476751,-0.1375224,-0.17582977,0
-2.645721,-1.3194444,1.4810663,-0.97476751,-0.1375224,-0.17582977,0
-2.3119092,-1.8969666,0.082175732,-0.97476751,-0.1375224,-0.17582977,0
2.7796841,-1.1142957,-0.32022309,0.97476751,0.1375224,0.17582977,0
-2.1266003,-0.29875183,-2.1951602,-0.97476751,-0.1375224,-0.17582977,0
1.0608873,1.9262156,-0.86003035,-0.0817293,0.95286584,-0.29217634,0
2.1780925,2.1353812,-0.49039686,-0.0817293,0.95286584,-0.29217634,0
-1.3410766,-0.41275686,1.9499252,-0.20772302,0.27043352,0.94006222,0
2.1552904,0.64118415,1.7682788,0.97476751,0.1375224,0.17582977,0
2.5516117,-0.5037055,0.46660566,0.97476751,0.1375224,0.17582977,0
-1.0537552,-1.6534687,1.7475367,0.0817293,-0.95286584,0.29217634,0
-0.61072594,1.8851753,-0.52628005,-0.0817293,0.95286584,-0.29217634,0
2.5413902,-2.1661937,-0.9302538,0.0817293,-0.95286584,0.29217634,0
-2.1397629,-0.05992163,-2.3089852,-0.97476751,-0.1375224,-0.17582977,0
0.96373332,-2.0772033,-0.1987198,0.0817293,-0.95286584,0.29217634,0
-2.5263031,-1.0713691,0.62500679,-0.97476751,-0.1375224,-0.17582977,0
1.3689003,-1.0114108,2.7209601,-0.20772302,0.27043352,0.94006222,0
-1.3914382,-1.2492377,-2.0756054,0.20772302,-0.27043352,-0.94006222,0
-1.3753624,-1.2427976,2.1811323,-0.20772302,0.27043352,0.94006222,0
1.913293,-1.8539269,0.26382816,0.0817293,-0.95286584,0.29217634,0
-2.8537118,1.8160919,0.1817205,-0.97476751,-0.1375224,-0.17582977,0
2.4562101,0.12289421,0.50540853,0.97476751,0.1375224,0.17582977,0
-0.088938355,1.3812966,-2.3155222,-0.0817293,0.95286584,-0.29217634,0
-0.18860233,-0.69846743,-1.9682615,0.20772302,-0.27043352,-0.94006222,0
-1.9624071,-1.8668849,1.3057021,0.0817293,-0.95286584,0.29217634,0
-0.90011382,0.80534196,1.6969455,-0.20772302,0.27043352,0.94006222,0
0.01809676,-2.1476662,-0.16399974,0.0817293,-0.95286584,0.29217634,0
1.0682844,1.7114807,1.8712226,-0.20772302,0.27043352,0.94006222,0
