-1.2382526,-6.4238172,1.0155792,-0.095600963,-0.84349006,-0.52856886,0
2.0952673,3.0107355,0.8711822,0.9587658,-0.22079492,0.17893502,0
0.039907932,4.8164783,1.7661538,0.095600963,0.84349006,0.52856886,0
0.26588726,-1.258455,-6.6822681,0.26763523,0.48966739,-0.82981765,0
-0.94044256,4.2088728,2.9130831,0.095600963,0.84349006,0.52856886,0
-2.3109002,-1.2709901,2.4309602,-0.9587658,0.22079492,-0.17893502,0
-1.0337491,1.8541106,-0.55605912,-0.9587658,0.22079492,-0.17893502,0
-1.8841872,-0.98904121,0.49246335,-0.9587658,0.22079492,-0.17893502,0
-1.4962099,-0.058379531,-0.43800968,-0.9587658,0.22079492,-0.17893502,0
1.430038,-3.3135545,-4.4303846,-0.095600963,-0.84349006,-0.52856886,0
2.6128955,3.4363556,-3.1549425,0.26763523,0.48966739,-0.82981765,0
-1.5992503,2.9151316,3.7832346,-0.9587658,0.22079492,-0.17893502,0
-2.6956286,-1.8242667,3.8096948,-0.9587658,0.22079492,-0.17893502,0
-2.3272738,1.3032956,6.0438843,-0.26763523,-0.48966739,0.82981765,0
0.14116526,6.4835577,-1.1390028,-0.9587658,0.22079492,-0.17893502,0
-1.6523943,-4.406898,-2.1281145,-0.095600963,-0.84349006,-0.52856886,0
2.6221917,5.3745985,0.40845394,0.095600963,0.84349006,0.52856886,0
-0.99268454,-2.6584737,4.1365175,-0.26763523,-0.48966739,0.82981765,0
0.28570318,-2.0930274,-6.1711287,-0.095600963,-0.84349006,-0.52856886,0
-2.7530534,-2.4169149,3.7112999,-0.26763523,-0.48966739,0.82981765,0
-1.1296972,-4.9698215,2.7284245,-0.26763523,-0.48966739,0.82981765,0
-0.67912149,0.81359172,6.2864814,-0.26763523,-0.48966739,0.82981765,0
2.8797019,5.2708049,-0.54317045,0.9587658,-0.22079492,0.17893502,0
0.50640249,-1.8359728,-6.6212544,-0.095600963,-0.84349006,-0.52856886,0
-3.0778213,-5.1660895,1.9842935,-0.26763523,-0.48966739,0.82981765,0
-0.65220726,1.3558196,-3.2152898,-0.9587658,0.22079492,-0.17893502,0
-0.44460064,2.5665758,-2.833684,-0.9587658,0.22079492,-0.17893502,0
0.67024755,-4.561069,-0.83645642,0.9587658,-0.22079492,0.17893502,0
-0.39148474,0.45580673,-5.7228537,-0.9587658,0.22079492,-0.17893502,0
1.86988,3.0896025,2.1761644,0.9587658,-0.22079492,0.17893502,0
1.2178183,1.3459067,3.5184112,0.9587658,-0.22079492,0.17893502,0
1.3202829,0.27377152,1.6464369,0.9587658,-0.22079492,0.17893502,0
-1.8580868,-2.7882791,-1.8675392,-0.9587658,0.22079492,-0.17893502,0
2.7294374,3.4395273,-3.1154833,0.26763523,0.48966739,-0.82981765,0
-0.26853991,-1.9118268,-6.360043,-0.095600963,-0.84349006,-0.52856886,0
1.6417105,4.8344641,-2.6431613,0.26763523,0.48966739,-0.82981765,0
-2.1099253,1.8441448,6.4331336,-0.26763523,-0.48966739,0.82981765,0
0.074843884,-2.4215171,-5.6087871,-0.095600963,-0.84349006,-0.52856886,0
0.45918369,4.8648462,1.6131343,0.095600963,0.84349006,0.52856886,0
-1.994337,-2.4271421,3.9499688,-0.26763523,-0.48966739,0.82981765,0
-0.23563778,3.2296848,-3.1351075,-0.9587658,0.22079492,-0.17893502,0
1.8405031,1.3926386,-4.6100345,0.26763523,0.48966739,-0.82981765,0
-0.64411736,-6.1587992,0.4852047,-0.095600963,-0.84349006,-0.52856886,0
-1.5169063,-4.3017693,2.9977508,-0.26763523,-0.48966739,0.82981765,0
-0.076694965,-5.3361616,-0.93018913,-0.095600963,-0.84349006,-0.52856886,0
-0.80217314,-3.9770005,-2.9679234,-0.095600963,-0.84349006,-0.52856886,0
-0.55458689,4.7565765,1.96927,0.095600963,0.84349006,0.52856886,0
2.6895812,6.2227182,-1.4860034,0.26763523,0.48966739,-0.82981765,0
1.2577014,5.7035637,0.13028383,0.095600963,0.84349006,0.52856886,0
-2.3448257,-4.7956252,-1.3825455,-0.095600963,-0.84349006,-0.52856886,0
-2.3978004,-6.2590232,1.5586858,-0.26763523,-0.48966739,0.82981765,0
0.67681646,3.186475,4.2521162,0.095600963,0.84349006,0.52856886,0
-1.7177682,-3.6842308,-3.2695231,-0.095600963,-0.84349006,-0.52856886,0
0.8532629,2.829037,4.7906027,0.095600963,0.84349006,0.52856886,0
-1.0955912,-1.5815769,4.7387943,-0.26763523,-0.48966739,0.82981765,0
0.28443617,-2.869801,3.3177116,0.9587658,-0.22079492,0.17893502,0
-0.060064793,1.5938814,6.926856,0.095600963,0.84349006,0.52856886,0
-2.6259077,-6.316186,1.0948029,-0.095600963,-0.84349006,-0.52856886,0
1.4692616,4.6372623,-2.8151464,0.26763523,0.48966739,-0.82981765,0
1.4810287,4.1914172,-3.0744405,0.26763523,0.48966739,-0.82981765,0
1.7874296,6.0739794,-1.864738,0.26763523,0.48966739,-0.82981765,0
0.37022209,0.46007967,-5.6345277,0.26763523,0.48966739,-0.82981765,0
1.8179525,-1.1811781,-2.8154845,0.9587658,-0.22079492,0.17893502,0
-0.47617579,-2.1547153,-5.9348884,-0.095600963,-0.84349006,-0.52856886,0
-0.62534976,-2.2098544,4.5197177,-0.26763523,-0.48966739,0.82981765,0
-0.42942089,3.0244107,-2.3500791,-0.9587658,0.22079492,-0.17893502,0
-0.06173408,-5.2350879,2.2539339,0.9587658,-0.22079492,0.17893502,0
-0.021936893,-0.072958469,-6.0755482,0.26763523,0.48966739,-0.82981765,0
2.9265904,6.2454281,-1.3961611,0.26763523,0.48966739,-0.82981765,0
-1.2334075,3.9638948,3.1170924,-0.9587658,0.22079492,-0.17893502,0
1.5308087,1.0184865,1.4373378,0.9587658,-0.22079492,0.17893502,0
0.18762922,2.7795212,4.9900107,0.095600963,0.84349006,0.52856886,0
-0.39539886,0.95693088,-5.0835209,-0.9587658,0.22079492,-0.17893502,0
2.1784058,0.47840619,-2.6990316,0.9587658,-0.22079492,0.17893502,0
1.8061564,0.30630958,-5.2621431,0.26763523,0.48966739,-0.82981765,0
1.1106365,3.8883057,-3.3727636,0.26763523,0.48966739,-0.82981765,0
1.7623348,3.363445,3.0903168,0.9587658,-0.22079492,0.17893502,0
-1.7325096,-5.1253066,-0.96718884,-0.095600963,-0.84349006,-0.52856886,0
0.05777216,3.222342,4.3068457,0.095600963,0.84349006,0.52856886,0
-2.153307,-2.5090351,0.058873892,-0.9587658,0.22079492,-0.17893502,0
-1.7497014,-2.4828691,3.995985,-0.26763523,-0.48966739,0.82981765,0
-0.0075058937,-1.6515284,-6.8226404,-0.095600963,-0.84349006,-0.52856886,0
-1.2633536,-1.4366014,-3.3863378,-0.9587658,0.22079492,-0.17893502,0
0.73289108,-2.0304036,1.9505758,0.9587658,-0.22079492,0.17893502,0
1.7504702,-2.01071,-6.5674191,-0.095600963,-0.84349006,-0.52856886,0
1.3975573,2.4354832,3.8998103,0.9587658,-0.22079492,0.17893502,0
-0.72780657,3.7737727,3.5689573,0.095600963,0.84349006,0.52856886,0
-0.26873779,-3.3423078,3.9664831,-0.26763523,-0.48966739,0.82981765,0
1.8837638,2.3814478,1.2279513,0.9587658,-0.22079492,0.17893502,0
-2.4335871,-4.6003866,-1.0199358,-0.9587658,0.22079492,-0.17893502,0
2.632113,4.4163389,-0.27090406,0.9587658,-0.22079492,0.17893502,0
-0.90776968,-3.5839176,-3.5761056,-0.095600963,-0.84349006,-0.52856886,0
-0.97894812,-4.602622,-1.9375831,-0.095600963,-0.84349006,-0.52856886,0
1.0746946,-1.9819041,-6.4911613,-0.095600963,-0.84349006,-0.52856886,0
0.95826387,2.2029965,5.7706466,0.095600963,0.84349006,0.52856886,0
-2.5292695,-4.23735,-0.059288025,-0.9587658,0.22079492,-0.17893502,0
2.8030705,3.0616741,-3.314702,0.26763523,0.48966739,-0.82981765,0
-1.4892476,-1.1240234,4.8818288,-0.26763523,-0.48966739,0.82981765,0
2.199302,0.42772645,-2.8735332,0.9587658,-0.22079492,0.17893502,0
-1.8098345,0.77178407,5.8971295,-0.26763523,-0.48966739,0.82981765,0
0.10989356,6.5007668,-0.95020866,-0.9587658,0.22079492,-0.17893502,0
-1.7394675,-2.3497996,4.0778089,-0.26763523,-0.48966739,0.82981765,0
-2.5908897,-5.2225056,-0.65682507,-0.095600963,-0.84349006,-0.52856886,0
1.313192,5.5421348,-2.3315258,0.26763523,0.48966739,-0.82981765,0
-0.28417397,-3.495939,-3.8292904,-0.095600963,-0.84349006,-0.52856886,0
-1.8278656,-3.5508995,-2.9704974,-0.9587658,0.22079492,-0.17893502,0
0.95536113,6.3891301,-0.90906,0.095600963,0.84349006,0.52856886,0
-0.98060846,-5.4163418,2.5130215,-0.26763523,-0.48966739,0.82981765,0
1.7759953,-2.7537675,-5.3862648,-0.095600963,-0.84349006,-0.52856886,0
-0.2195065,-5.5944047,2.6534214,-0.26763523,-0.48966739,0.82981765,0
-3.1663005,-5.5764585,1.7016606,-0.9587658,0.22079492,-0.17893502,0
1.0535815,-0.055272698,-5.7182326,0.26763523,0.48966739,-0.82981765,0
0.10973787,-4.4459124,-2.3845692,-0.095600963,-0.84349006,-0.52856886,0
-1.3881888,0.39978576,5.8136072,-0.26763523,-0.48966739,0.82981765,0
0.025273323,-6.0520773,0.1938262,-0.095600963,-0.84349006,-0.52856886,0
0.9622159,1.7913942,5.4376807,0.9587658,-0.22079492,0.17893502,0
1.1197801,-2.4829054,-5.6998191,-0.095600963,-0.84349006,-0.52856886,0
0.84099197,5.3179307,0.82104588,0.095600963,0.84349006,0.52856886,0
-0.67900658,2.0545409,-2.2095144,-0.9587658,0.22079492,-0.17893502,0
1.3917493,5.5122685,-2.3238134,0.26763523,0.48966739,-0.82981765,0
-0.80341148,-4.0862532,-2.7933533,-0.095600963,-0.84349006,-0.52856886,0
1.397428,2.9419391,4.5120115,0.095600963,0.84349006,0.52856886,0
2.131062,4.1542706,2.0904396,0.9587658,-0.22079492,0.17893502,0
2.3556161,2.9113388,-0.64646292,0.9587658,-0.22079492,0.17893502,0
1.3427587,-3.0148969,-4.8911963,-0.095600963,-0.84349006,-0.52856886,0
0.19410443,1.3761857,-5.1507435,0.26763523,0.48966739,-0.82981765,0
-1.977056,-5.8247962,0.19328833,-0.095600963,-0.84349006,-0.52856886,0
0.65470743,5.386724,0.74495816,0.095600963,0.84349006,0.52856886,0
0.21046448,-4.9763331,1.1147327,0.9587658,-0.22079492,0.17893502,0
-1.218642,-6.2364674,1.952302,-0.26763523,-0.48966739,0.82981765,0
0.55035734,6.8678932,-1.7952404,0.26763523,0.48966739,-0.82981765,0
0.47461128,6.2204313,-2.2017317,0.26763523,0.48966739,-0.82981765,0
-2.8073165,-3.5316734,3.0359907,-0.26763523,-0.48966739,0.82981765,0
-1.8669899,-5.4287577,-0.45861721,-0.095600963,-0.84349006,-0.52856886,0
1.8173739,3.1081705,-3.6051745,0.26763523,0.48966739,-0.82981765,0
-2.5252626,-0.22565427,4.8694329,-0.9587658,0.22079492,-0.17893502,0
-0.70963526,2.8487086,-1.0654452,-0.9587658,0.22079492,-0.17893502,0
1.2886438,1.1255035,2.8669538,0.9587658,-0.22079492,0.17893502,0
-0.86342919,-5.7979269,2.3256445,-0.26763523,-0.48966739,0.82981765,0
-0.10041618,-0.77152801,5.5377636,-0.26763523,-0.48966739,0.82981765,0
-0.74404216,-6.0563092,0.33972359,-0.095600963,-0.84349006,-0.52856886,0
-1.017858,3.1422808,4.6291533,0.095600963,0.84349006,0.52856886,0
1.2900071,6.2728662,-0.7840519,0.095600963,0.84349006,0.52856886,0
-1.5638638,-3.2340989,-3.9941559,-0.9587658,0.22079492,-0.17893502,0
0.53728676,0.28835487,5.8598685,0.9587658,-0.22079492,0.17893502,0
-0.47732782,0.66883755,6.2661467,-0.26763523,-0.48966739,0.82981765,0
0.50322104,-0.9905057,-6.4476085,0.26763523,0.48966739,-0.82981765,0
-0.74065733,-0.85279417,-5.4666543,-0.9587658,0.22079492,-0.17893502,0
-0.75937712,1.3333012,-2.6688402,-0.9587658,0.22079492,-0.17893502,0
-1.3451171,-6.5550852,1.2443852,-0.095600963,-0.84349006,-0.52856886,0
-1.9660313,-0.79909945,1.1653755,-0.9587658,0.22079492,-0.17893502,0
-1.8939199,-6.1406622,0.68230963,-0.095600963,-0.84349006,-0.52856886,0
0.58431959,5.2303534,1.0072248,0.095600963,0.84349006,0.52856886,0
0.63399553,5.2126412,1.0265055,0.095600963,0.84349006,0.52856886,0
-0.81669664,-0.69618177,-4.865972,-0.9587658,0.22079492,-0.17893502,0
1.0804663,-2.0140245,-6.440948,-0.095600963,-0.84349006,-0.52856886,0
-0.22117662,-1.3022816,-6.8652196,0.26763523,0.48966739,-0.82981765,0
0.83439302,4.5728045,-3.0579419,0.26763523,0.48966739,-0.82981765,0
-2.3997474,-4.1877174,-0.69204831,-0.9587658,0.22079492,-0.17893502,0
-0.81718779,-3.2497473,-4.1257572,-0.095600963,-0.84349006,-0.52856886,0
1.9848521,-0.023563027,-5.3991647,0.26763523,0.48966739,-0.82981765,0
-1.0443974,-1.7835684,-4.9876795,-0.9587658,0.22079492,-0.17893502,0
0.82002544,3.7898598,3.2633331,0.095600963,0.84349006,0.52856886,0
0.12972569,-3.5749846,3.2765241,0.9587658,-0.22079492,0.17893502,0
0.18398428,2.1667223,-4.68752,0.26763523,0.48966739,-0.82981765,0
-0.25486326,3.1231456,4.5216885,0.095600963,0.84349006,0.52856886,0
-2.1595089,-5.2320299,-0.71964836,-0.095600963,-0.84349006,-0.52856886,0
-0.36339331,4.4865861,2.36554,0.095600963,0.84349006,0.52856886,0
-1.2742865,-3.8006053,3.3717346,-0.26763523,-0.48966739,0.82981765,0
-2.0361657,0.77304482,3.4810991,-0.9587658,0.22079492,-0.17893502,0
2.269985,-1.6556482,-5.8230247,0.9587658,-0.22079492,0.17893502,0
-2.826633,-5.504951,1.8653488,-0.26763523,-0.48966739,0.82981765,0
-2.5558853,-5.3423328,-0.47193623,-0.095600963,-0.84349006,-0.52856886,0
0.18069339,0.99258602,-5.3814278,0.26763523,0.48966739,-0.82981765,0
1.2640529,3.4825292,3.6734614,0.095600963,0.84349006,0.52856886,0
-0.17652404,3.2057507,-3.4813833,-0.9587658,0.22079492,-0.17893502,0
-0.81929684,0.37933755,-3.5249143,-0.9587658,0.22079492,-0.17893502,0
-1.8901148,-4.8599205,2.5480232,-0.26763523,-0.48966739,0.82981765,0
1.891309,0.7910465,-4.9486413,0.26763523,0.48966739,-0.82981765,0
-1.7197897,-2.5131149,-2.2690237,-0.9587658,0.22079492,-0.17893502,0
-1.1468544,-4.3669739,-2.2832623,-0.095600963,-0.84349006,-0.52856886,0
-2.0639255,-2.1523509,0.020078659,-0.9587658,0.22079492,-0.17893502,0
-2.0184832,-0.84914213,1.3846717,-0.9587658,0.22079492,-0.17893502,0
-0.39078331,0.42911863,-5.7595396,-0.9587658,0.22079492,-0.17893502,0
0.14878273,0.82067513,6.5576792,-0.26763523,-0.48966739,0.82981765,0
1.2278271,4.2488599,2.4571028,0.095600963,0.84349006,0.52856886,0
-2.4685736,-3.1296954,0.98227072,-0.9587658,0.22079492,-0.17893502,0
1.0031447,-1.8434455,-6.699173,-0.095600963,-0.84349006,-0.52856886,0
-1.1425362,-0.22851443,-2.5429924,-0.9587658,0.22079492,-0.17893502,0
1.064887,4.1793685,2.5974684,0.095600963,0.84349006,0.52856886,0
-1.9137254,1.7705808,4.0559416,-0.9587658,0.22079492,-0.17893502,0
-0.24929333,-1.1645687,-6.7930241,0.26763523,0.48966739,-0.82981765,0
1.0705937,-2.0180717,0.15632129,0.9587658,-0.22079492,0.17893502,0
-2.3215482,-1.639019,2.0338888,-0.9587658,0.22079492,-0.17893502,0
0.46942234,2.9600904,4.6508913,0.095600963,0.84349006,0.52856886,0
-1.2474884,1.1650374,-0.26108056,-0.9587658,0.22079492,-0.17893502,0
-1.0803142,-5.2861352,-0.82849908,-0.095600963,-0.84349006,-0.52856886,0
-1.8618464,-1.2280048,4.7002983,-0.26763523,-0.48966739,0.82981765,0
-1.3385772,-5.3446927,2.4398475,-0.26763523,-0.48966739,0.82981765,0
-0.9428457,0.93446541,-2.1779232,-0.9587658,0.22079492,-0.17893502,0
2.1273742,-0.90989739,-4.1386771,0.9587658,-0.22079492,0.17893502,0
2.3303382,1.635685,-2.0851014,0.9587658,-0.22079492,0.17893502,0
1.3862815,-0.17513466,0.73888254,0.9587658,-0.22079492,0.17893502,0
-2.5229144,-6.3919406,1.1970639,-0.095600963,-0.84349006,-0.52856886,0
1.2511721,2.9951468,4.4535556,0.095600963,0.84349006,0.52856886,0
1.2095747,5.3612986,0.6851747,0.095600963,0.84349006,0.52856886,0
0.032492161,2.9068518,4.8148756,0.095600963,0.84349006,0.52856886,0
0.60377932,4.8312984,1.6405174,0.095600963,0.84349006,0.52856886,0
-1.3945675,-4.2152567,3.0882587,-0.26763523,-0.48966739,0.82981765,0
-2.7815328,-2.2525783,3.799088,-0.26763523,-0.48966739,0.82981765,0
1.8369801,-1.898262,-3.802278,0.9587658,-0.22079492,0.17893502,0
0.10654497,2.7687087,5.0219316,0.095600963,0.84349006,0.52856886,0
1.6480742,-1.925947,-2.8242469,0.9587658,-0.22079492,0.17893502,0
-1.7081852,-1.089702,-0.57479674,-0.9587658,0.22079492,-0.17893502,0
1.2850651,-1.7486106,-0.6603567,0.9587658,-0.22079492,0.17893502,0
2.2455969,-2.0173745,-6.1386976,0.9587658,-0.22079492,0.17893502,0
-0.74905777,3.8775458,3.4071999,0.095600963,0.84349006,0.52856886,0
-3.0689285,-5.9525204,1.5230961,-0.26763523,-0.48966739,0.82981765,0
0.023440361,5.1904488,1.1723492,0.095600963,0.84349006,0.52856886,0
2.7108011,6.0514946,-1.5801964,0.26763523,0.48966739,-0.82981765,0
-2.2274199,2.1767125,6.3887768,0.095600963,0.84349006,0.52856886,0
-1.2910451,-4.974772,2.6734648,-0.26763523,-0.48966739,0.82981765,0
-0.33627796,-1.8636092,4.817266,-0.26763523,-0.48966739,0.82981765,0
-0.56604767,2.00616,-2.8744674,-0.9587658,0.22079492,-0.17893502,0
1.3293664,-1.1361315,-0.14196849,0.9587658,-0.22079492,0.17893502,0
1.8115315,3.7168145,3.2005677,0.095600963,0.84349006,0.52856886,0
2.2824135,5.2183433,-2.2099967,0.26763523,0.48966739,-0.82981765,0
-0.63019484,-3.0408072,4.0278177,-0.26763523,-0.48966739,0.82981765,0
-1.8793402,-6.4199276,1.1253247,-0.095600963,-0.84349006,-0.52856886,0
0.29901886,1.2975903,6.887557,-0.26763523,-0.48966739,0.82981765,0
-2.5454569,-1.5799932,3.3064661,-0.9587658,0.22079492,-0.17893502,0
-0.65017605,0.34366441,-4.475111,-0.9587658,0.22079492,-0.17893502,0
-1.7172194,2.0509915,3.3490372,-0.9587658,0.22079492,-0.17893502,0
0.76499665,4.2837415,-3.2508974,0.26763523,0.48966739,-0.82981765,0
0.67942238,-4.3174739,-0.5850364,0.9587658,-0.22079492,0.17893502,0
-1.3892694,-6.5700731,1.7004128,-0.26763523,-0.48966739,0.82981765,0
1.8460226,3.9788108,2.7762353,0.095600963,0.84349006,0.52856886,0
-0.067361355,-2.6030405,4.4676666,-0.26763523,-0.48966739,0.82981765,0
-1.4708757,-2.2873199,-3.3241341,-0.9587658,0.22079492,-0.17893502,0
-0.38782978,5.2333784,1.1782284,0.095600963,0.84349006,0.52856886,0
-0.51156354,-6.2443194,0.5977025,-0.095600963,-0.84349006,-0.52856886,0
1.6464512,5.8487859,-0.17177391,0.095600963,0.84349006,0.52856886,0
0.56204176,1.0893202,6.7155695,0.9587658,-0.22079492,0.17893502,0
-2.0220461,-4.8856254,-1.2973037,-0.095600963,-0.84349006,-0.52856886,0
-0.48544657,-2.6610491,4.2985935,-0.26763523,-0.48966739,0.82981765,0
-0.54485309,-3.7689564,3.6256685,-0.26763523,-0.48966739,0.82981765,0
-1.9315226,1.2607026,3.5221424,-0.9587658,0.22079492,-0.17893502,0
-1.5428619,1.0012578,6.1186452,-0.26763523,-0.48966739,0.82981765,0
0.53869343,-3.9856067,-3.1967082,-0.095600963,-0.84349006,-0.52856886,0
-1.2660857,1.412043,0.14335752,-0.9587658,0.22079492,-0.17893502,0
-0.35285902,-3.1898088,-4.3053904,-0.095600963,-0.84349006,-0.52856886,0
-0.64923024,-6.6256199,1.9063148,-0.26763523,-0.48966739,0.82981765,0
-2.0437076,1.4656804,4.3761802,-0.9587658,0.22079492,-0.17893502,0
-0.086902142,-3.9607482,3.660193,-0.26763523,-0.48966739,0.82981765,0
0.91495514,-0.76902473,-6.1841211,0.26763523,0.48966739,-0.82981765,0
-0.39724398,2.4967284,5.5470767,0.095600963,0.84349006,0.52856886,0
-1.7051716,0.27225202,1.0896246,-0.9587658,0.22079492,-0.17893502,0
-1.6802638,-5.8791037,2.0142946,-0.26763523,-0.48966739,0.82981765,0
-1.8816845,-1.792726,4.3606644,-0.26763523,-0.48966739,0.82981765,0
-0.26473457,-3.5299635,3.8570404,-0.26763523,-0.48966739,0.82981765,0
0.41762018,-3.1581726,-4.4952297,-0.095600963,-0.84349006,-0.52856886,0
2.1109424,1.976382,-0.48914027,0.9587658,-0.22079492,0.17893502,0
1.5731039,-2.7136016,-5.4136653,-0.095600963,-0.84349006,-0.52856886,0
1.0430622,-3.8153775,-1.9139282,0.9587658,-0.22079492,0.17893502,0
-0.54238939,1.5237076,6.7496128,-0.26763523,-0.48966739,0.82981765,0
0.98273516,-2.5539579,-5.5616465,-0.095600963,-0.84349006,-0.52856886,0
-1.0644909,-5.2806454,2.5660396,-0.26763523,-0.48966739,0.82981765,0
2.1628158,2.0160868,-4.1381898,0.26763523,0.48966739,-0.82981765,0
1.4014726,-3.3257637,-3.2302005,0.9587658,-0.22079492,0.17893502,0
-1.4635105,3.2262897,4.575696,0.095600963,0.84349006,0.52856886,0
-1.0121088,1.4449403,-1.1769032,-0.9587658,0.22079492,-0.17893502,0
-0.30508208,1.3386449,-5.0964413,-0.9587658,0.22079492,-0.17893502,0
-0.08446002,-6.2921548,1.0713468,0.9587658,-0.22079492,0.17893502,0
0.18993974,-2.2430425,4.5974216,0.9587658,-0.22079492,0.17893502,0
-0.40960097,-6.3993845,2.1170998,-0.26763523,-0.48966739,0.82981765,0
0.65263557,-4.7037988,-0.91820884,0.9587658,-0.22079492,0.17893502,0
-1.9011042,2.1742904,4.4864683,-0.9587658,0.22079492,-0.17893502,0
-1.0002725,0.23984599,-2.7273369,-0.9587658,0.22079492,-0.17893502,0
-0.52033043,-3.3853948,-3.9629836,-0.095600963,-0.84349006,-0.52856886,0
0.07683897,-3.8964057,-3.2555218,-0.095600963,-0.84349006,-0.52856886,0
-2.4120872,0.50854385,5.1689749,-0.9587658,0.22079492,-0.17893502,0
0.54024029,0.37657404,-5.6289687,0.26763523,0.48966739,-0.82981765,0
-1.3445821,1.8104168,6.6600723,-0.26763523,-0.48966739,0.82981765,0
-0.41154838,-6.3823118,0.79982138,-0.095600963,-0.84349006,-0.52856886,0
-0.23081401,-4.6072969,3.2322564,-0.26763523,-0.48966739,0.82981765,0
1.1646914,6.7107601,-1.4601784,0.095600963,0.84349006,0.52856886,0
0.25261003,-2.903542,3.4466076,0.9587658,-0.22079492,0.17893502,0
0.52708983,0.81437504,-5.3748665,0.26763523,0.48966739,-0.82981765,0
1.4948039,2.6847327,3.6863022,0.9587658,-0.22079492,0.17893502,0
-1.6331725,1.4178414,6.33534,-0.26763523,-0.48966739,0.82981765,0
-0.025355071,4.2731881,-2.9742198,-0.9587658,0.22079492,-0.17893502,0
1.0371213,-3.3757088,-4.2601323,-0.095600963,-0.84349006,-0.52856886,0
1.1413476,6.5470176,-1.7939777,0.26763523,0.48966739,-0.82981765,0
-2.7792318,-6.3565102,1.37814,-0.26763523,-0.48966739,0.82981765,0
-0.69474745,4.8081808,1.912269,0.095600963,0.84349006,0.52856886,0
-1.4902997,3.3858397,4.3259311,0.095600963,0.84349006,0.52856886,0
2.4704061,2.6512842,-1.5824208,0.9587658,-0.22079492,0.17893502,0
0.85844088,-0.80471873,-6.2234106,0.26763523,0.48966739,-0.82981765,0
0.79560471,-3.9482579,-3.3027766,-0.095600963,-0.84349006,-0.52856886,0
2.1664414,4.7282519,1.5223241,0.095600963,0.84349006,0.52856886,0
-0.2628274,2.0876875,-4.3985767,-0.9587658,0.22079492,-0.17893502,0
-0.26116872,-6.28299,0.6141243,-0.095600963,-0.84349006,-0.52856886,0
-0.18718648,-0.98867249,5.3816433,-0.26763523,-0.48966739,0.82981765,0
-0.486269,-6.1122403,0.38235617,-0.095600963,-0.84349006,-0.52856886,0
0.071944237,0.04096961,6.0727997,-0.26763523,-0.48966739,0.82981765,0
2.809396,4.6292505,-2.38765,0.26763523,0.48966739,-0.82981765,0
1.0627012,3.6508946,3.4412024,0.095600963,0.84349006,0.52856886,0
0.49559736,3.1674571,4.3152423,0.095600963,0.84349006,0.52856886,0
1.4619484,3.7836795,3.1570935,0.095600963,0.84349006,0.52856886,0
-1.2197053,-0.69367135,5.2227092,-0.26763523,-0.48966739,0.82981765,0
-0.76213312,-6.4335465,0.94499111,-0.095600963,-0.84349006,-0.52856886,0
-0.17655349,-6.102994,0.31158304,-0.095600963,-0.84349006,-0.52856886,0
-0.11540222,4.1958923,2.784575,0.095600963,0.84349006,0.52856886,0
-1.4987259,-3.0866387,-4.1612167,-0.9587658,0.22079492,-0.17893502,0
0.72877622,5.6366372,-2.4642482,0.26763523,0.48966739,-0.82981765,0
2.324214,-0.88774896,-5.7996602,0.26763523,0.48966739,-0.82981765,0
0.47747087,-4.345439,0.46254778,0.9587658,-0.22079492,0.17893502,0
1.5126967,-1.1514026,-1.1431298,0.9587658,-0.22079492,0.17893502,0
1.513658,-3.4440825,-3.977308,0.9587658,-0.22079492,0.17893502,0
-0.5010314,-0.86254835,-6.6959963,0.26763523,0.48966739,-0.82981765,0
2.1349602,1.9197683,-4.20401,0.26763523,0.48966739,-0.82981765,0
2.2923512,5.6174006,-1.9713111,0.26763523,0.48966739,-0.82981765,0
-0.094490528,-1.6705122,-6.7766142,-0.095600963,-0.84349006,-0.52856886,0
-0.19382715,1.238957,-5.3568382,0.26763523,0.48966739,-0.82981765,0
0.22595128,-3.9230089,2.3314891,0.9587658,-0.22079492,0.17893502,0
-3.05092,-5.0687232,2.0504246,-0.26763523,-0.48966739,0.82981765,0
2.6920681,4.7949586,-0.12496185,0.9587658,-0.22079492,0.17893502,0
1.2361708,0.51435959,-5.3232088,0.26763523,0.48966739,-0.82981765,0
-1.7591841,-1.5009872,-0.80903757,-0.9587658,0.22079492,-0.17893502,0
1.4858646,2.3727121,3.349189,0.9587658,-0.22079492,0.17893502,0
1.910851,-2.4636986,-5.8735476,-0.095600963,-0.84349006,-0.52856886,0
-2.3177903,1.4351554,5.8070984,-0.9587658,0.22079492,-0.17893502,0
0.99967194,-2.6954422,-5.3389292,-0.095600963,-0.84349006,-0.52856886,0
-0.84874964,4.6238527,2.2342744,0.095600963,0.84349006,0.52856886,0
-0.36216927,-1.0292078,5.3012877,-0.26763523,-0.48966739,0.82981765,0
-2.5553157,-1.5172544,3.436708,-0.9587658,0.22079492,-0.17893502,0
-1.9053769,-5.8262863,0.18270063,-0.095600963,-0.84349006,-0.52856886,0
-2.0616026,0.92644364,5.9071922,-0.26763523,-0.48966739,0.82981765,0
-1.1963253,0.38913119,5.8692012,-0.26763523,-0.48966739,0.82981765,0
-2.2171535,-5.7888975,1.8943658,-0.26763523,-0.48966739,0.82981765,0
-0.28912544,-3.0047984,-4.6121573,-0.095600963,-0.84349006,-0.52856886,0
0.11612034,-2.5790215,-5.3649073,-0.095600963,-0.84349006,-0.52856886,0
-1.5048203,2.5933962,5.5931387,0.095600963,0.84349006,0.52856886,0
-2.086946,2.0770628,5.3622665,-0.9587658,0.22079492,-0.17893502,0
-0.017655373,-4.8144083,-1.7734811,-0.095600963,-0.84349006,-0.52856886,0
0.33262587,-2.2998006,-5.8496466,-0.095600963,-0.84349006,-0.52856886,0
-1.654856,-2.5342026,-2.642972,-0.9587658,0.22079492,-0.17893502,0
1.4593959,-3.517735,-3.7774482,0.9587658,-0.22079492,0.17893502,0
-0.55844879,1.5671326,-3.456917,-0.9587658,0.22079492,-0.17893502,0
2.0561268,0.29218477,-2.2736256,0.9587658,-0.22079492,0.17893502,0
-2.1471958,-4.1345005,-1.9795979,-0.9587658,0.22079492,-0.17893502,0
2.4137769,6.5139341,-1.3720021,0.095600963,0.84349006,0.52856886,0
2.2100482,0.1977545,-3.2148848,0.9587658,-0.22079492,0.17893502,0
-2.7783384,-4.8188725,2.2857733,-0.26763523,-0.48966739,0.82981765,0
-1.4344451,-5.9045911,0.22248316,-0.095600963,-0.84349006,-0.52856886,0
1.2798314,5.2862124,0.7922895,0.095600963,0.84349006,0.52856886,0
-0.0096964836,-3.7925584,-3.4055891,-0.095600963,-0.84349006,-0.52856886,0
1.0438784,1.9105353,-4.561358,0.26763523,0.48966739,-0.82981765,0
-0.37184727,-3.428637,3.8822865,-0.26763523,-0.48966739,0.82981765,0
-1.625263,0.508237,5.8011417,-0.26763523,-0.48966739,0.82981765,0
0.88903946,3.2955928,-3.7939868,0.26763523,0.48966739,-0.82981765,0
-2.5978909,-1.2055892,4.4761348,-0.26763523,-0.48966739,0.82981765,0
-1.346534,0.25556433,5.7419395,-0.26763523,-0.48966739,0.82981765,0
-1.2807796,3.2380266,2.4752429,-0.9587658,0.22079492,-0.17893502,0
-2.2193964,0.96008706,5.876153,-0.26763523,-0.48966739,0.82981765,0
1.6751622,1.8346195,-4.4025507,0.26763523,0.48966739,-0.82981765,0
0.14650679,-0.53107262,-6.2915497,0.26763523,0.48966739,-0.82981765,0
-2.0449512,-2.3895416,-0.37426782,-0.9587658,0.22079492,-0.17893502,0
2.8386276,3.661253,-2.3091769,0.9587658,-0.22079492,0.17893502,0
2.2795267,0.67403114,-4.8924823,0.26763523,0.48966739,-0.82981765,0
-1.7329675,-5.2293482,2.3807116,-0.26763523,-0.48966739,0.82981765,0
2.6609566,2.6546237,-2.5993056,0.9587658,-0.22079492,0.17893502,0
-1.8502975,2.5744267,5.6858959,0.095600963,0.84349006,0.52856886,0
-0.3510375,-1.212236,5.1968746,-0.26763523,-0.48966739,0.82981765,0
-0.27992582,3.5244768,3.8857765,0.095600963,0.84349006,0.52856886,0
1.8781939,-2.5295849,-5.7624998,-0.095600963,-0.84349006,-0.52856886,0
2.0202765,5.4088483,0.46266603,0.095600963,0.84349006,0.52856886,0
1.0279741,-4.3510652,-2.4940867,0.9587658,-0.22079492,0.17893502,0
0.61404216,4.0669532,-3.4275084,0.26763523,0.48966739,-0.82981765,0
-1.7684655,-2.3486536,-1.8052766,-0.9587658,0.22079492,-0.17893502,0
0.47704673,-5.4286914,-0.87184548,0.9587658,-0.22079492,0.17893502,0
-2.2912307,-5.4583669,2.0655169,-0.26763523,-0.48966739,0.82981765,0
0.69795775,0.67961645,-5.3992786,0.26763523,0.48966739,-0.82981765,0
-2.4091101,0.59979784,5.6023626,-0.26763523,-0.48966739,0.82981765,0
2.0316215,4.3944569,2.07938,0.095600963,0.84349006,0.52856886,0
-1.3630686,-1.8941278,-3.4166093,-0.9587658,0.22079492,-0.17893502,0
0.70764804,6.7573566,-1.8097372,0.26763523,0.48966739,-0.82981765,0
-0.17361403,-1.3042152,-6.8510203,0.26763523,0.48966739,-0.82981765,0
0.83894348,-0.010041952,3.8753316,0.9587658,-0.22079492,0.17893502,0
-1.9283381,-6.5803409,1.3901739,-0.095600963,-0.84349006,-0.52856886,0
-0.27704048,-6.2976103,2.0964947,0.9587658,-0.22079492,0.17893502,0
2.1544759,-1.1866232,-4.6253576,0.9587658,-0.22079492,0.17893502,0
-0.60552216,-3.6104963,-3.5883574,-0.095600963,-0.84349006,-0.52856886,0
0.089104652,-2.7984326,-5.0098848,-0.095600963,-0.84349006,-0.52856886,0
-0.7428813,0.2665174,-4.073575,-0.9587658,0.22079492,-0.17893502,0
1.1149387,5.2854633,-2.5469275,0.26763523,0.48966739,-0.82981765,0
-0.10859108,-3.180589,-4.3642831,-0.095600963,-0.84349006,-0.52856886,0
0.30753183,5.2341609,1.0512111,0.095600963,0.84349006,0.52856886,0
-2.5894635,-1.3723702,4.3804369,-0.26763523,-0.48966739,0.82981765,0
-1.7833369,-2.9828742,-2.5081828,-0.9587658,0.22079492,-0.17893502,0
1.1541185,-0.80636501,-6.1290193,0.26763523,0.48966739,-0.82981765,0
-0.19615698,-5.5980358,-0.49068356,-0.095600963,-0.84349006,-0.52856886,0
2.4593697,5.983839,-0.53432322,0.095600963,0.84349006,0.52856886,0
1.0247045,-3.3716063,-1.2679774,0.9587658,-0.22079492,0.17893502,0
2.3167052,2.4232273,-3.8483076,0.26763523,0.48966739,-0.82981765,0
0.82506883,-2.8510032,0.44410038,0.9587658,-0.22079492,0.17893502,0
-2.5989876,-2.985903,3.4252353,-0.26763523,-0.48966739,0.82981765,0
0.27095222,-3.6688612,-3.6537452,-0.095600963,-0.84349006,-0.52856886,0
-3.1337755,-6.1430993,0.91044807,-0.095600963,-0.84349006,-0.52856886,0
-0.24503231,-0.036777496,-6.126152,0.26763523,0.48966739,-0.82981765,0
-0.74308681,0.43803048,-3.8608382,-0.9587658,0.22079492,-0.17893502,0
2.7427378,1.8700395,-4.037333,0.26763523,0.48966739,-0.82981765,0
-0.64536309,-5.8980064,0.069256783,-0.095600963,-0.84349006,-0.52856886,0
0.073208332,-3.5732718,3.5814691,0.9587658,-0.22079492,0.17893502,0
1.0935652,0.46345162,-5.3992429,0.26763523,0.48966739,-0.82981765,0
1.9726328,0.644907,-5.0086484,0.26763523,0.48966739,-0.82981765,0
-2.0730689,-0.82263684,4.8713789,-0.26763523,-0.48966739,0.82981765,0
-0.90253496,2.7312067,5.264287,0.095600963,0.84349006,0.52856886,0
-2.5149951,-2.9528022,1.4492817,-0.9587658,0.22079492,-0.17893502,0
-0.2825501,1.2230957,-5.3597522,-0.9587658,0.22079492,-0.17893502,0
1.1479824,5.2314062,-2.5681672,0.26763523,0.48966739,-0.82981765,0
0.99908352,1.3956957,4.7518711,0.9587658,-0.22079492,0.17893502,0
-0.046513557,-4.4888287,-2.2878225,-0.095600963,-0.84349006,-0.52856886,0
-2.4885755,-1.0793438,3.6194568,-0.9587658,0.22079492,-0.17893502,0
-1.0642409,-2.2850306,-5.5001287,-0.9587658,0.22079492,-0.17893502,0
-1.6390769,-1.582404,-1.553056,-0.9587658,0.22079492,-0.17893502,0
-2.6145687,-4.8760519,2.3048515,-0.26763523,-0.48966739,0.82981765,0
-1.3137107,-3.9439101,-2.9282079,-0.095600963,-0.84349006,-0.52856886,0
0.73714054,-1.1110212,3.062269,0.9587658,-0.22079492,0.17893502,0
-2.0749674,1.3119321,6.1303544,-0.26763523,-0.48966739,0.82981765,0
2.3749781,0.59554803,-4.9080091,0.26763523,0.48966739,-0.82981765,0
-0.099648476,0.64398026,6.3732886,-0.26763523,-0.48966739,0.82981765,0
0.43122149,4.3388138,2.4576344,0.095600963,0.84349006,0.52856886,0
2.961576,4.8076434,-1.5533824,0.9587658,-0.22079492,0.17893502,0
-0.14604807,-1.8835359,-6.4273453,-0.095600963,-0.84349006,-0.52856886,0
-1.296205,-3.1003773,-4.277483,-0.095600963,-0.84349006,-0.52856886,0
-1.1042719,-0.82974458,5.1796436,-0.26763523,-0.48966739,0.82981765,0
-1.0009871,-5.270514,-0.86777449,-0.095600963,-0.84349006,-0.52856886,0
0.085993767,5.4761777,0.70506978,0.095600963,0.84349006,0.52856886,0
1.7014663,5.5735564,0.25748682,0.095600963,0.84349006,0.52856886,0
-1.6405811,-5.5442381,2.2246943,-0.26763523,-0.48966739,0.82981765,0
-0.75980449,4.5693245,1.3265071,-0.9587658,0.22079492,-0.17893502,0
-0.21013999,-2.1756535,4.6738143,-0.26763523,-0.48966739,0.82981765,0
-0.49852371,-0.85900569,5.3577447,-0.26763523,-0.48966739,0.82981765,0
-2.336134,0.49490806,4.7451792,-0.9587658,0.22079492,-0.17893502,0
-0.3359158,-6.7966051,1.7962298,0.9587658,-0.22079492,0.17893502,0
2.1154056,4.5122242,-2.6805344,0.26763523,0.48966739,-0.82981765,0
-0.48258701,3.1531754,-1.9063168,-0.9587658,0.22079492,-0.17893502,0
-1.4235792,-3.2654946,-3.9909515,-0.095600963,-0.84349006,-0.52856886,0
0.020905972,-1.6626508,-6.8100295,-0.095600963,-0.84349006,-0.52856886,0
0.33563602,2.7168524,-4.313982,0.26763523,0.48966739,-0.82981765,0
-2.2945507,-0.42542821,5.0343351,-0.26763523,-0.48966739,0.82981765,0
-1.6620806,1.3462296,2.18396,-0.9587658,0.22079492,-0.17893502,0
-2.0131278,-4.9079146,2.4800277,-0.26763523,-0.48966739,0.82981765,0
2.6408994,3.4675803,-1.4886956,0.9587658,-0.22079492,0.17893502,0
-0.66337132,0.6991744,-3.9657319,-0.9587658,0.22079492,-0.17893502,0
-0.36032954,-4.5902748,3.2005291,-0.26763523,-0.48966739,0.82981765,0
0.94438982,3.7011654,3.3823781,0.095600963,0.84349006,0.52856886,0
1.2936702,3.3597701,3.8640027,0.095600963,0.84349006,0.52856886,0
-2.5030336,-2.6188462,1.7972713,-0.9587658,0.22079492,-0.17893502,0
-0.53622127,5.2850485,1.1226119,0.095600963,0.84349006,0.52856886,0
2.3173769,-0.86541033,-5.1018515,0.9587658,-0.22079492,0.17893502,0
0.50017786,2.7233052,5.0231915,0.095600963,0.84349006,0.52856886,0
-0.26914144,-5.20187,2.8690429,-0.26763523,-0.48966739,0.82981765,0
-1.3626847,-5.1549377,-0.9867928,-0.095600963,-0.84349006,-0.52856886,0
1.6587996,6.4262624,-1.0955448,0.095600963,0.84349006,0.52856886,0
-0.89378667,1.925324,-1.2181301,-0.9587658,0.22079492,-0.17893502,0
0.32985926,-1.9762247,-6.3655081,-0.095600963,-0.84349006,-0.52856886,0
-0.1658529,-3.9884572,3.6183796,-0.26763523,-0.48966739,0.82981765,0
1.5771751,5.03093,1.145891,0.095600963,0.84349006,0.52856886,0
-1.3522534,-2.4082673,-4.1089725,-0.9587658,0.22079492,-0.17893502,0
-1.2815601,-1.7570571,4.5752659,-0.26763523,-0.48966739,0.82981765,0
0.33161354,0.034065008,-5.898366,0.26763523,0.48966739,-0.82981765,0
-1.4791507,-2.7018027,3.9540529,-0.26763523,-0.48966739,0.82981765,0
0.13220978,-5.3586493,1.0622807,0.9587658,-0.22079492,0.17893502,0
-1.4385886,0.86248076,6.070385,-0.26763523,-0.48966739,0.82981765,0
0.21972895,1.9156923,6.3627043,0.095600963,0.84349006,0.52856886,0
1.4494748,5.099102,1.0601983,0.095600963,0.84349006,0.52856886,0
0.61616254,-4.7246747,-0.74853981,0.9587658,-0.22079492,0.17893502,0
1.4498219,-2.9445474,-3.0188661,0.9587658,-0.22079492,0.17893502,0
1.5796611,6.6199389,-1.6095824,0.26763523,0.48966739,-0.82981765,0
-0.35940266,0.41249752,-5.8979254,0.26763523,0.48966739,-0.82981765,0
-0.6204778,1.8794177,-2.7392139,-0.9587658,0.22079492,-0.17893502,0
-0.72743225,-5.0654459,-1.2444999,-0.095600963,-0.84349006,-0.52856886,0
-0.934057,-5.5990224,-0.35564709,-0.095600963,-0.84349006,-0.52856886,0
1.6014912,0.87832403,-4.9906125,0.26763523,0.48966739,-0.82981765,0
0.84416533,-0.8230195,-6.2388139,0.26763523,0.48966739,-0.82981765,0
0.72002602,6.3149319,-0.74808979,0.095600963,0.84349006,0.52856886,0
-0.67729139,1.0030875,-3.5161345,-0.9587658,0.22079492,-0.17893502,0
0.16044092,-3.1690183,-4.431406,-0.095600963,-0.84349006,-0.52856886,0
1.1157761,6.4345207,-1.868609,0.26763523,0.48966739,-0.82981765,0
1.655098,1.4178369,1.2641466,0.9587658,-0.22079492,0.17893502,0
-2.3506155,1.6199415,6.2109976,-0.9587658,0.22079492,-0.17893502,0
-1.2137207,-3.0451627,3.8370476,-0.26763523,-0.48966739,0.82981765,0
-0.62820649,1.0656985,-3.701884,-0.9587658,0.22079492,-0.17893502,0
-0.37091923,4.5064039,2.3352749,0.095600963,0.84349006,0.52856886,0
-1.237432,-3.9534233,3.2934437,-0.26763523,-0.48966739,0.82981765,0
2.1388001,1.3706535,-4.5267992,0.26763523,0.48966739,-0.82981765,0
-0.39580059,4.0052624,-1.3199098,-0.9587658,0.22079492,-0.17893502,0
-0.41859055,-0.19741893,5.773921,-0.26763523,-0.48966739,0.82981765,0
-0.98208237,3.5625546,3.9520097,0.095600963,0.84349006,0.52856886,0
-1.2412095,1.4794891,6.4981346,-0.26763523,-0.48966739,0.82981765,0
0.72847891,-3.5276439,-3.9618509,-0.095600963,-0.84349006,-0.52856886,0
0.98743224,0.53667545,3.7543211,0.9587658,-0.22079492,0.17893502,0
-0.57536316,1.3374327,-3.6497226,-0.9587658,0.22079492,-0.17893502,0
1.1969479,5.4694347,-2.4119177,0.26763523,0.48966739,-0.82981765,0
2.2195003,5.9299064,-1.810401,0.26763523,0.48966739,-0.82981765,0
-0.29917932,2.1767988,-4.0938368,-0.9587658,0.22079492,-0.17893502,0
-2.465189,-5.5570202,-0.14574242,-0.095600963,-0.84349006,-0.52856886,0
0.48532724,-5.0486493,-1.4906523,-0.095600963,-0.84349006,-0.52856886,0
1.6815176,-1.5580279,-6.4024696,0.26763523,0.48966739,-0.82981765,0
-2.1150439,-1.4001045,1.2222071,-0.9587658,0.22079492,-0.17893502,0
-0.058193684,4.4361792,2.3907785,0.095600963,0.84349006,0.52856886,0
-0.72686958,-2.7040036,-5.0129914,-0.095600963,-0.84349006,-0.52856886,0
-0.5839057,-5.0215068,-1.3405783,-0.095600963,-0.84349006,-0.52856886,0
-1.3412814,-3.9942145,-2.8429458,-0.095600963,-0.84349006,-0.52856886,0
-1.4458811,-1.2104838,-2.1293073,-0.9587658,0.22079492,-0.17893502,0
-0.24671912,-6.3967509,0.79305124,-0.095600963,-0.84349006,-0.52856886,0
2.69398,1.4403973,-4.3065863,0.26763523,0.48966739,-0.82981765,0
2.2141378,-1.1727178,-6.0033197,0.26763523,0.48966739,-0.82981765,0
-0.76800346,1.8465815,6.6516395,0.095600963,0.84349006,0.52856886,0
0.070995331,-3.8387928,-3.3464022,-0.095600963,-0.84349006,-0.52856886,0
-1.1495399,-6.1453023,2.0283847,-0.26763523,-0.48966739,0.82981765,0
0.094530582,0.46396041,6.3296871,-0.26763523,-0.48966739,0.82981765,0
-1.4422911,-0.14324725,-0.83163595,-0.9587658,0.22079492,-0.17893502,0
-1.1935183,-5.6599183,2.300621,-0.26763523,-0.48966739,0.82981765,0
-2.9401274,-4.6129174,1.6787333,-0.9587658,0.22079492,-0.17893502,0
-2.1048148,1.6198859,4.8938856,-0.9587658,0.22079492,-0.17893502,0
-1.7712069,-1.1321373,4.7861032,-0.26763523,-0.48966739,0.82981765,0
-1.4473319,-1.4780332,-2.4516728,-0.9587658,0.22079492,-0.17893502,0
-0.84467554,2.1897573,6.117867,0.095600963,0.84349006,0.52856886,0
-1.6048905,-0.60327947,-0.52805221,-0.9587658,0.22079492,-0.17893502,0
-1.4097966,-5.8547797,2.1158805,-0.26763523,-0.48966739,0.82981765,0
1.2839001,-2.0448594,-1.0196671,0.9587658,-0.22079492,0.17893502,0
0.53150773,-0.63178277,4.7554364,0.9587658,-0.22079492,0.17893502,0
-2.3906846,0.13672605,5.3350506,-0.26763523,-0.48966739,0.82981765,0
-0.83602667,0.32141733,-3.5067434,-0.9587658,0.22079492,-0.17893502,0
1.0499809,6.3414912,-0.85015202,0.095600963,0.84349006,0.52856886,0
-1.0382543,3.2910271,4.3954725,0.095600963,0.84349006,0.52856886,0
-0.42987204,-6.4983177,2.0521822,-0.26763523,-0.48966739,0.82981765,0
1.7894759,4.482861,1.9821001,0.095600963,0.84349006,0.52856886,0
-0.8681438,-5.7976866,-0.050540924,-0.095600963,-0.84349006,-0.52856886,0
-0.58862066,-6.4382572,0.92112589,-0.095600963,-0.84349006,-0.52856886,0
0.68653691,4.6841741,-3.0399113,0.26763523,0.48966739,-0.82981765,0
-2.4850588,-1.484581,3.100574,-0.9587658,0.22079492,-0.17893502,0
2.0727499,4.5764732,-2.6563797,0.26763523,0.48966739,-0.82981765,0
0.077552408,4.3632445,-3.4144931,-0.9587658,0.22079492,-0.17893502,0
-0.90127671,1.6814278,-1.47895,-0.9587658,0.22079492,-0.17893502,0
-1.5039878,-4.0988126,3.1216798,-0.26763523,-0.48966739,0.82981765,0
-1.0577087,-4.4336772,-2.1929405,-0.095600963,-0.84349006,-0.52856886,0
0.64030886,-4.0539246,-3.1060655,-0.095600963,-0.84349006,-0.52856886,0
-2.8611913,-4.6850896,2.3379951,-0.26763523,-0.48966739,0.82981765,0
-0.52732313,-5.9843636,2.3240318,-0.26763523,-0.48966739,0.82981765,0
-0.50512934,-5.0465255,-1.3149006,-0.095600963,-0.84349006,-0.52856886,0
1.7482557,5.7639303,-0.054773808,0.095600963,0.84349006,0.52856886,0
-0.055645943,-2.3780107,4.6042323,-0.26763523,-0.48966739,0.82981765,0
-0.99510008,-2.5500898,4.1996951,-0.26763523,-0.48966739,0.82981765,0
0.87490892,-2.738323,-5.2479343,-0.095600963,-0.84349006,-0.52856886,0
1.9022794,3.3910341,2.3745105,0.9587658,-0.22079492,0.17893502,0
-0.16563869,-6.1503763,0.38522148,-0.095600963,-0.84349006,-0.52856886,0
0.19634724,-5.2289157,-1.1507168,-0.095600963,-0.84349006,-0.52856886,0
-2.2017243,-5.7850161,0.17044163,-0.095600963,-0.84349006,-0.52856886,0
-2.0547495,-6.4419699,1.1922255,-0.095600963,-0.84349006,-0.52856886,0
1.1224152,-1.2279657,0.85359567,0.9587658,-0.22079492,0.17893502,0
1.7969415,5.3903036,0.53265333,0.095600963,0.84349006,0.52856886,0
1.0506525,1.3860662,4.4636717,0.9587658,-0.22079492,0.17893502,0
-0.65182358,2.997493,-1.1916196,-0.9587658,0.22079492,-0.17893502,0
-0.06779635,-2.6952455,4.4131165,-0.26763523,-0.48966739,0.82981765,0
2.5409524,3.4349098,-3.178998,0.26763523,0.48966739,-0.82981765,0
1.9820147,0.51633584,-5.0814915,0.26763523,0.48966739,-0.82981765,0
0.034691334,3.3751755,4.0671272,0.095600963,0.84349006,0.52856886,0
0.014080524,-5.3419437,1.7158523,0.9587658,-0.22079492,0.17893502,0
-1.6061456,0.60006499,5.8614941,-0.26763523,-0.48966739,0.82981765,0
-0.28988457,3.0468516,4.6497722,0.095600963,0.84349006,0.52856886,0
0.2996726,-4.1415377,-2.9046428,-0.095600963,-0.84349006,-0.52856886,0
-1.2718344,-1.6333642,-3.5836906,-0.9587658,0.22079492,-0.17893502,0
-0.075986028,2.9959743,-4.278935,-0.9587658,0.22079492,-0.17893502,0
0.49519825,4.1829972,2.6947148,0.095600963,0.84349006,0.52856886,0
-2.1764245,-0.76985329,4.8691912,-0.26763523,-0.48966739,0.82981765,0
-0.87209558,-3.8258562,-3.1964726,-0.095600963,-0.84349006,-0.52856886,0
0.23574114,-0.29772234,5.9257698,-0.26763523,-0.48966739,0.82981765,0
0.56674933,6.294054,-2.128571,0.26763523,0.48966739,-0.82981765,0
