-1.0866185,-1.3487226,-4.583981,0.26728129,0.082091063,-0.96011555,0
-0.29681039,-0.16417861,4.0695009,-0.26728129,-0.082091063,0.96011555,0
-0.8647939,-2.1393178,-4.5898252,0.26728129,0.082091063,-0.96011555,0
-0.56616187,0.33477259,4.0371785,-0.26728129,-0.082091063,0.96011555,0
-2.2001805,-4.3309822,-1.2261338,-0.41480398,-0.88952458,-0.19153041,0
0.6211381,4.5665398,0.059864521,-0.86976922,0.44945216,-0.20370165,0
-2.2129669,-4.5643315,-0.11469841,-0.41480398,-0.88952458,-0.19153041,0
-0.2260617,-4.6929655,-3.820394,-0.41480398,-0.88952458,-0.19153041,0
-0.69009662,-3.9953055,1.4949603,0.86976922,-0.44945216,0.20370165,0
0.8217907,-0.68509972,2.343194,0.86976922,-0.44945216,0.20370165,0
1.7816361,4.2336826,2.58448,0.41480398,0.88952458,0.19153041,0
0.31394911,2.904289,-2.2961247,-0.86976922,0.44945216,-0.20370165,0
-2.0164905,-0.1781826,3.5895712,-0.26728129,-0.082091063,0.96011555,0
0.69003677,4.4071674,-0.58596349,-0.86976922,0.44945216,-0.20370165,0
1.8970315,-0.77688217,-3.7044859,0.26728129,0.082091063,-0.96011555,0
2.1215761,3.5318229,5.0587554,-0.26728129,-0.082091063,0.96011555,0
0.61265874,-0.62736511,-4.0492511,0.26728129,0.082091063,-0.96011555,0
-0.69113541,-2.7883363,3.7353587,-0.26728129,-0.082091063,0.96011555,0
1.9975437,-0.069826096,-1.3195051,0.86976922,-0.44945216,0.20370165,0
-2.8661895,-4.0662374,-1.0132909,-0.41480398,-0.88952458,-0.19153041,0
0.26840067,-3.8568501,-4.4212122,0.26728129,0.082091063,-0.96011555,0
0.074695349,4.6918268,4.1534991,0.41480398,0.88952458,0.19153041,0
-0.39625698,2.5798178,0.020406604,-0.86976922,0.44945216,-0.20370165,0
-0.046093941,-2.2167006,2.6695447,0.86976922,-0.44945216,0.20370165,0
-2.1592491,-4.6088262,-0.024391651,-0.41480398,-0.88952458,-0.19153041,0
1.9259007,-0.029014766,-3.6325054,0.26728129,0.082091063,-0.96011555,0
0.16925263,-4.7491927,-3.8377011,0.86976922,-0.44945216,0.20370165,0
2.4543755,3.5756953,4.1833935,0.41480398,0.88952458,0.19153041,0
-0.3411212,2.9855356,0.68017185,-0.86976922,0.44945216,-0.20370165,0
3.5922284,4.3734064,-1.9857016,0.41480398,0.88952458,0.19153041,0
-0.92078519,-0.022356033,-3.4814544,-0.86976922,0.44945216,-0.20370165,0
1.3309085,-0.41076672,-3.8307824,0.26728129,0.082091063,-0.96011555,0
3.0497394,4.3394451,-2.9461374,0.26728129,0.082091063,-0.96011555,0
-1.1871123,-4.4010158,2.7219605,0.86976922,-0.44945216,0.20370165,0
2.3448815,4.5198593,0.035550594,0.41480398,0.88952458,0.19153041,0
-0.56482863,1.3852479,4.1273665,-0.26728129,-0.082091063,0.96011555,0
1.8340526,0.22268289,0.023971558,0.86976922,-0.44945216,0.20370165,0
2.4214702,5.0121698,-2.4167597,0.41480398,0.88952458,0.19153041,0
3.1545215,4.0283065,0.5650034,0.41480398,0.88952458,0.19153041,0
3.8516614,4.0343394,-0.97283411,0.41480398,0.88952458,0.19153041,0
-2.6136024,-3.6661255,-3.4185669,-0.41480398,-0.88952458,-0.19153041,0
-0.91225791,-1.3707103,-4.537322,0.26728129,0.082091063,-0.96011555,0
2.9591618,1.5053654,-1.9498999,0.86976922,-0.44945216,0.20370165,0
2.6731479,2.0920272,0.56575274,0.86976922,-0.44945216,0.20370165,0
-1.6001225,-0.84582281,3.6483974,-0.26728129,-0.082091063,0.96011555,0
-1.7322602,-5.3760324,2.6139991,-0.41480398,-0.88952458,-0.19153041,0
-1.903519,1.0998782,3.1907701,-0.86976922,0.44945216,-0.20370165,0
-2.2199888,0.41111505,3.0223343,-0.86976922,0.44945216,-0.20370165,0
-1.2661595,-4.6548438,2.4994245,0.86976922,-0.44945216,0.20370165,0
-2.142812,-3.6773639,-4.3859777,-0.41480398,-0.88952458,-0.19153041,0
-1.4636723,-3.9302518,-4.6823273,-0.41480398,-0.88952458,-0.19153041,0
-1.3866985,0.80658287,0.33690464,-0.86976922,0.44945216,-0.20370165,0
-2.1264999,-4.7453413,0.53869772,-0.41480398,-0.88952458,-0.19153041,0
3.6497245,3.5415633,-2.847331,0.26728129,0.082091063,-0.96011555,0
1.2737143,4.2047305,3.8189652,0.41480398,0.88952458,0.19153041,0
1.1597278,1.1049795,-3.7488384,0.26728129,0.082091063,-0.96011555,0
-1.0630629,1.2067053,3.9734001,-0.26728129,-0.082091063,0.96011555,0
-2.7183285,-4.2012186,-0.70662451,-0.41480398,-0.88952458,-0.19153041,0
-2.0544913,-3.7609329,-4.1891375,-0.41480398,-0.88952458,-0.19153041,0
-0.35507721,2.7468326,0.21308196,-0.86976922,0.44945216,-0.20370165,0
1.3905518,0.92527008,3.4678464,0.86976922,-0.44945216,0.20370165,0
0.25173837,-3.8332846,-2.169019,0.86976922,-0.44945216,0.20370165,0
1.2250929,-1.1290094,-0.35828736,0.86976922,-0.44945216,0.20370165,0
-3.1405466,-4.5401964,1.7821021,-0.41480398,-0.88952458,-0.19153041,0
-0.31288517,2.7825885,0.11182201,-0.86976922,0.44945216,-0.20370165,0
-2.026958,-4.8189592,0.6650207,-0.41480398,-0.88952458,-0.19153041,0
-1.4156456,-5.017437,2.3376694,0.86976922,-0.44945216,0.20370165,0
1.3048489,-0.74565268,0.14701647,0.86976922,-0.44945216,0.20370165,0
0.80998158,-0.79462206,-4.0086203,0.26728129,0.082091063,-0.96011555,0
0.044022083,3.9607551,1.187428,-0.86976922,0.44945216,-0.20370165,0
-1.236939,-5.1385202,1.3074625,0.86976922,-0.44945216,0.20370165,0
1.4323626,2.8566189,-3.5231738,0.26728129,0.082091063,-0.96011555,0
-1.0110571,-4.5115829,-2.9626958,-0.41480398,-0.88952458,-0.19153041,0
-0.39801455,-1.1940808,3.953269,-0.26728129,-0.082091063,0.96011555,0
0.90096879,3.7056952,4.7338228,-0.26728129,-0.082091063,0.96011555,0
-1.4834645,-2.7559566,3.5175545,-0.26728129,-0.082091063,0.96011555,0
-1.4573213,-0.27696133,-1.7523081,-0.86976922,0.44945216,-0.20370165,0
1.4129519,5.1037416,-0.65786028,0.41480398,0.88952458,0.19153041,0
0.56199098,-1.4190903,-4.1310501,0.26728129,0.082091063,-0.96011555,0
-1.6837119,-3.8600371,-4.531878,-0.41480398,-0.88952458,-0.19153041,0
1.5844464,3.4510155,4.902317,-0.26728129,-0.082091063,0.96011555,0
2.7375932,1.8783221,-3.2434635,0.26728129,0.082091063,-0.96011555,0
1.5164802,0.031041503,-3.7413468,0.26728129,0.082091063,-0.96011555,0
2.4500349,4.9115381,-2.0112574,0.41480398,0.88952458,0.19153041,0
-3.8091133,-2.8797154,2.5466409,-0.86976922,0.44945216,-0.20370165,0
-0.43514919,0.14500833,-4.2749057,0.26728129,0.082091063,-0.96011555,0
0.1816982,-3.940486,-4.4524994,0.26728129,0.082091063,-0.96011555,0
0.17730379,1.790247,4.3685927,-0.26728129,-0.082091063,0.96011555,0
-0.8274951,-3.9565697,2.1670957,0.86976922,-0.44945216,0.20370165,0
-1.4465706,-5.1078014,0.74952602,-0.41480398,-0.88952458,-0.19153041,0
0.21468055,-2.3194311,1.3294168,0.86976922,-0.44945216,0.20370165,0
-2.4780061,-4.4943194,0.13414717,-0.41480398,-0.88952458,-0.19153041,0
0.3612079,4.6847744,3.565742,0.41480398,0.88952458,0.19153041,0
2.7278826,1.9952958,-3.236165,0.26728129,0.082091063,-0.96011555,0
-2.1776903,-3.9071727,-3.2431409,-0.41480398,-0.88952458,-0.19153041,0
1.6875652,1.0009346,2.366601,0.86976922,-0.44945216,0.20370165,0
3.7529154,2.9558582,-2.8686829,0.26728129,0.082091063,-0.96011555,0
0.96084201,-2.0018673,-4.0698438,0.26728129,0.082091063,-0.96011555,0
-0.59041023,-1.0668983,3.9105833,-0.26728129,-0.082091063,0.96011555,0
1.6219037,4.8780384,-0.062164783,0.41480398,0.88952458,0.19153041,0
-3.2847524,-3.724431,2.9332983,-0.26728129,-0.082091063,0.96011555,0
-1.4025609,-4.3625913,-2.8067656,-0.41480398,-0.88952458,-0.19153041,0
-0.79061604,0.36470962,3.9772534,-0.26728129,-0.082091063,0.96011555,0
-2.2752719,-3.8567348,-3.2660549,-0.41480398,-0.88952458,-0.19153041,0
-0.54298627,1.5177218,-1.6965213,-0.86976922,0.44945216,-0.20370165,0
1.6844609,5.1075115,-1.2633884,0.41480398,0.88952458,0.19153041,0
2.4425435,2.8166468,3.1492116,0.86976922,-0.44945216,0.20370165,0
0.27841294,-3.9613366,-2.5654516,0.86976922,-0.44945216,0.20370165,0
-2.615603,-4.9238605,2.427062,-0.41480398,-0.88952458,-0.19153041,0
3.2874708,3.4981153,1.0451336,0.86976922,-0.44945216,0.20370165,0
-3.4115088,-4.5086069,2.2222204,-0.41480398,-0.88952458,-0.19153041,0
3.2846999,4.6215644,-2.4721928,0.41480398,0.88952458,0.19153041,0
3.1560056,3.9054923,-2.9536586,0.26728129,0.082091063,-0.96011555,0
1.5191512,2.2828634,-3.54807,0.26728129,0.082091063,-0.96011555,0
2.642844,4.4055557,-0.078896999,0.41480398,0.88952458,0.19153041,0
-2.9103086,-2.4141757,-0.2639153,-0.86976922,0.44945216,-0.20370165,0
-0.97822261,-4.3431654,-3.8159895,-0.41480398,-0.88952458,-0.19153041,0
2.3303399,3.8138716,3.345861,0.41480398,0.88952458,0.19153041,0
-0.88341188,-1.5395404,-4.5437264,0.26728129,0.082091063,-0.96011555,0
2.2689419,5.0657468,-2.3352473,0.41480398,0.88952458,0.19153041,0
1.8050652,3.6211081,-3.3540542,0.26728129,0.082091063,-0.96011555,0
-0.33537602,2.4562376,4.2828135,-0.26728129,-0.082091063,0.96011555,0
-3.6980577,-2.6729252,2.5287192,-0.86976922,0.44945216,-0.20370165,0
2.344892,5.1752386,-3.0082474,0.41480398,0.88952458,0.19153041,0
0.19743085,0.14670706,-4.0986605,0.26728129,0.082091063,-0.96011555,0
-3.9053276,-4.2524924,2.1022294,-0.41480398,-0.88952458,-0.19153041,0
-0.83637142,2.5947366,1.9325335,-0.86976922,0.44945216,-0.20370165,0
-3.5179701,-3.9267893,-0.24934578,-0.41480398,-0.88952458,-0.19153041,0
-0.12530851,2.3030574,4.328196,-0.26728129,-0.082091063,0.96011555,0
0.61207104,0.90701127,4.4141073,-0.26728129,-0.082091063,0.96011555,0
-1.8435705,-0.61775529,3.6001253,-0.26728129,-0.082091063,0.96011555,0
0.5481295,-3.8639894,-3.5023029,0.86976922,-0.44945216,0.20370165,0
-2.7074032,-2.3670645,-1.0263391,-0.86976922,0.44945216,-0.20370165,0
-2.145083,-5.2219439,2.7924278,-0.41480398,-0.88952458,-0.19153041,0
-3.5935817,-4.0694656,0.57703876,-0.41480398,-0.88952458,-0.19153041,0
4.0898409,3.7372591,-1.8531909,0.86976922,-0.44945216,0.20370165,0
3.1661437,4.2098007,-0.30307913,0.41480398,0.88952458,0.19153041,0
-1.5850534,1.1021383,3.8191454,-0.26728129,-0.082091063,0.96011555,0
-0.58086777,-3.5936263,1.914849,0.86976922,-0.44945216,0.20370165,0
3.1066096,4.4458079,-1.2702336,0.41480398,0.88952458,0.19153041,0
2.5010219,3.6094925,3.9254067,0.41480398,0.88952458,0.19153041,0
2.7996616,3.2001741,2.4706054,0.86976922,-0.44945216,0.20370165,0
1.418962,-0.33209741,-3.7995434,0.26728129,0.082091063,-0.96011555,0
-1.4892821,0.58822191,0.29312134,-0.86976922,0.44945216,-0.20370165,0
2.572861,2.4775538,-3.2380872,0.26728129,0.082091063,-0.96011555,0
-0.17760587,2.2587066,-1.6217028,-0.86976922,0.44945216,-0.20370165,0
-2.8249683,-1.1006526,3.2856309,-0.26728129,-0.082091063,0.96011555,0
-3.2590442,-2.3628092,3.0568752,-0.26728129,-0.082091063,0.96011555,0
-0.99943566,0.21227515,-2.627934,-0.86976922,0.44945216,-0.20370165,0
-2.4982584,-1.7581458,-0.57581592,-0.86976922,0.44945216,-0.20370165,0
3.1216938,4.5080814,-1.5921178,0.41480398,0.88952458,0.19153041,0
2.4963098,1.2794058,-0.47216725,0.86976922,-0.44945216,0.20370165,0
-0.58394992,-5.0255432,-1.2314091,0.86976922,-0.44945216,0.20370165,0
-1.2733347,0.12179172,-1.6580789,-0.86976922,0.44945216,-0.20370165,0
-1.9510741,-3.8264704,-4.108737,-0.41480398,-0.88952458,-0.19153041,0
1.0755901,4.1049547,4.7114372,0.41480398,0.88952458,0.19153041,0
1.4491774,4.0714278,4.0580564,0.41480398,0.88952458,0.19153041,0
-1.7184,-2.2271438,3.4973662,-0.26728129,-0.082091063,0.96011555,0
-3.3465343,-3.1403661,-0.0035953522,-0.86976922,0.44945216,-0.20370165,0
-1.1455142,1.0993192,-0.047008112,-0.86976922,0.44945216,-0.20370165,0
-0.56379771,-0.031015873,-4.3257704,0.26728129,0.082091063,-0.96011555,0
-3.2476311,-3.3963351,-0.99067068,-0.86976922,0.44945216,-0.20370165,0
-1.733067,1.3494029,3.7990823,-0.26728129,-0.082091063,0.96011555,0
-1.4225876,-1.0493159,-3.6047573,-0.86976922,0.44945216,-0.20370165,0
-0.50713468,-3.7664833,1.2186258,0.86976922,-0.44945216,0.20370165,0
2.8816562,4.0075016,1.2525826,0.41480398,0.88952458,0.19153041,0
-1.8533182,-4.8462191,0.41556764,-0.41480398,-0.88952458,-0.19153041,0
1.8422709,2.2483044,-3.4610734,0.26728129,0.082091063,-0.96011555,0
4.1676626,4.1587696,-2.2350986,0.41480398,0.88952458,0.19153041,0
0.50060511,1.1207584,-3.930979,0.26728129,0.082091063,-0.96011555,0
-0.54833722,0.88895822,-3.0609941,-0.86976922,0.44945216,-0.20370165,0
1.4024909,3.6184294,4.8659773,-0.26728129,-0.082091063,0.96011555,0
-3.2545228,-3.9075036,-0.90947199,-0.41480398,-0.88952458,-0.19153041,0
-2.5836477,-3.9716234,-2.0646176,-0.41480398,-0.88952458,-0.19153041,0
2.5118737,3.7058244,3.4545109,0.41480398,0.88952458,0.19153041,0
1.2281089,1.1232926,-3.7282362,0.26728129,0.082091063,-0.96011555,0
3.0463037,3.9201057,-2.9829481,0.26728129,0.082091063,-0.96011555,0
1.4675429,-0.96208102,-1.0251906,0.86976922,-0.44945216,0.20370165,0
1.7110845,4.1336889,3.2016757,0.41480398,0.88952458,0.19153041,0
-1.8187743,-1.8043342,-3.5790024,-0.86976922,0.44945216,-0.20370165,0
-1.9046955,-5.3551145,2.8902972,-0.41480398,-0.88952458,-0.19153041,0
-1.941555,-1.4366467,3.5028319,-0.26728129,-0.082091063,0.96011555,0
3.0989926,2.8016679,-3.0639083,0.26728129,0.082091063,-0.96011555,0
2.1663527,4.3465419,1.2271333,0.41480398,0.88952458,0.19153041,0
-1.4129844,-3.9282658,-4.8013272,-0.41480398,-0.88952458,-0.19153041,0
-0.94975972,-4.7203217,-2.1260037,-0.41480398,-0.88952458,-0.19153041,0
-0.68211222,0.78722012,4.0435843,-0.26728129,-0.082091063,0.96011555,0
0.8047955,-2.4939032,-1.5752289,0.86976922,-0.44945216,0.20370165,0
-1.9592164,-4.4194317,-1.3372133,-0.41480398,-0.88952458,-0.19153041,0
2.42101,4.2252016,1.2391524,0.41480398,0.88952458,0.19153041,0
-0.80998951,-4.314146,-4.3151121,-0.41480398,-0.88952458,-0.19153041,0
-0.11465883,4.6019869,4.5277219,-0.26728129,-0.082091063,0.96011555,0
3.5668213,4.3055363,-1.6154675,0.41480398,0.88952458,0.19153041,0
-2.1021924,-4.0470943,-2.7568114,-0.41480398,-0.88952458,-0.19153041,0
-2.8080914,-4.288168,-0.10840368,-0.41480398,-0.88952458,-0.19153041,0
1.6502044,4.0036564,3.9374356,0.41480398,0.88952458,0.19153041,0
0.23103476,4.1575198,0.82306409,-0.86976922,0.44945216,-0.20370165,0
-1.8749253,-4.2026334,-2.5266428,-0.41480398,-0.88952458,-0.19153041,0
-2.3187933,-3.7095928,3.203475,-0.26728129,-0.082091063,0.96011555,0
-0.62638807,0.66507268,4.0486536,-0.26728129,-0.082091063,0.96011555,0
-0.40598369,1.3866266,-2.5707481,-0.86976922,0.44945216,-0.20370165,0
1.4309168,4.1910524,3.5420313,0.41480398,0.88952458,0.19153041,0
1.4131731,-1.9382936,-2.9469812,0.86976922,-0.44945216,0.20370165,0
-2.7196784,-4.4555359,3.0280957,-0.26728129,-0.082091063,0.96011555,0
-1.8559508,-0.074038744,0.39750272,-0.86976922,0.44945216,-0.20370165,0
0.90356052,4.1906991,4.6857853,0.41480398,0.88952458,0.19153041,0
1.5034719,5.3420153,-1.9965143,-0.86976922,0.44945216,-0.20370165,0
-0.92105281,2.291687,1.6254523,-0.86976922,0.44945216,-0.20370165,0
-1.3727074,-4.5772176,3.1256406,0.86976922,-0.44945216,0.20370165,0
2.1107154,0.91727322,-3.5001473,0.26728129,0.082091063,-0.96011555,0
-1.1130112,-4.3431482,-3.5241518,-0.41480398,-0.88952458,-0.19153041,0
2.2672112,0.20843121,-1.8569841,0.86976922,-0.44945216,0.20370165,0
0.23842955,0.29425669,-4.0746312,0.26728129,0.082091063,-0.96011555,0
-2.1435504,-3.6662679,-4.4359136,-0.41480398,-0.88952458,-0.19153041,0
-0.65789294,-1.396251,-4.4686942,0.26728129,0.082091063,-0.96011555,0
2.292057,4.0282054,2.4333413,0.41480398,0.88952458,0.19153041,0
-3.4845059,-2.903532,1.1080749,-0.86976922,0.44945216,-0.20370165,0
-2.6986063,-0.39357397,3.2904589,-0.86976922,0.44945216,-0.20370165,0
1.1500587,-0.28613901,-3.8704722,0.26728129,0.082091063,-0.96011555,0
0.42122722,2.8143258,-2.9526806,-0.86976922,0.44945216,-0.20370165,0
-2.1158903,0.82481223,3.4906433,-0.86976922,0.44945216,-0.20370165,0
-2.193716,-1.3676195,3.4385359,-0.26728129,-0.082091063,0.96011555,0
3.851289,4.1439757,-1.4812109,0.41480398,0.88952458,0.19153041,0
-3.6260443,-3.6362276,0.095780849,-0.86976922,0.44945216,-0.20370165,0
2.0271552,5.106009,-1.9985948,0.41480398,0.88952458,0.19153041,0
-3.3864844,-3.1177056,2.9568534,-0.26728129,-0.082091063,0.96011555,0
-2.101953,-4.7579522,0.54410672,-0.41480398,-0.88952458,-0.19153041,0
3.0889118,4.4810076,-1.3953831,0.41480398,0.88952458,0.19153041,0
1.2641145,1.3033707,4.6295152,-0.26728129,-0.082091063,0.96011555,0
0.072223902,0.78578079,4.2534566,-0.26728129,-0.082091063,0.96011555,0
-3.1596789,-4.4087181,1.2129126,-0.41480398,-0.88952458,-0.19153041,0
0.79152739,-1.8161302,-0.023121119,0.86976922,-0.44945216,0.20370165,0
2.57968,4.0005698,1.9387732,0.41480398,0.88952458,0.19153041,0
-1.6982734,-4.2250566,-2.8050814,-0.41480398,-0.88952458,-0.19153041,0
-2.6224239,-0.52105641,3.3915725,-0.26728129,-0.082091063,0.96011555,0
-2.5994935,-1.8285596,-0.29892254,-0.86976922,0.44945216,-0.20370165,0
-0.076610088,-0.40586042,4.110137,-0.26728129,-0.082091063,0.96011555,0
1.6390698,-1.5547385,-3.8428059,0.26728129,0.082091063,-0.96011555,0
-2.0796797,-4.7277222,0.35547137,-0.41480398,-0.88952458,-0.19153041,0
-1.4751544,1.98211,3.3083081,-0.86976922,0.44945216,-0.20370165,0
2.9323151,2.7379284,0.88428831,0.86976922,-0.44945216,0.20370165,0
-1.7105634,-0.26825154,-0.65179181,-0.86976922,0.44945216,-0.20370165,0
0.67787576,3.4723415,-2.5966604,-0.86976922,0.44945216,-0.20370165,0
-1.5771878,0.77196366,1.0738745,-0.86976922,0.44945216,-0.20370165,0
-1.9805124,-0.12496454,3.6041369,-0.26728129,-0.082091063,0.96011555,0
1.6376348,2.7549129,4.8576059,-0.26728129,-0.082091063,0.96011555,0
-0.30815423,-4.3068142,-0.82318449,0.86976922,-0.44945216,0.20370165,0
-3.1350265,-2.6228962,0.23506188,-0.86976922,0.44945216,-0.20370165,0
-2.0092258,-4.4696641,-0.99561357,-0.41480398,-0.88952458,-0.19153041,0
-1.2284815,1.1129255,0.33726868,-0.86976922,0.44945216,-0.20370165,0
-4.1226482,-3.4346499,2.6609609,-0.86976922,0.44945216,-0.20370165,0
-0.054559231,0.17128634,4.1656222,-0.26728129,-0.082091063,0.96011555,0
-0.64600992,0.59199333,-3.2991798,-0.86976922,0.44945216,-0.20370165,0
1.7946808,4.9831529,-0.92453337,0.41480398,0.88952458,0.19153041,0
2.4914501,0.69473273,-3.4131842,0.26728129,0.082091063,-0.96011555,0
0.44460392,2.7957644,-3.0934496,-0.86976922,0.44945216,-0.20370165,0
3.661217,4.4023676,-2.2696173,0.41480398,0.88952458,0.19153041,0
1.4405797,1.1555254,-3.6663318,0.26728129,0.082091063,-0.96011555,0
2.9605069,3.8574414,1.7787352,0.41480398,0.88952458,0.19153041,0
0.62423825,0.87523675,-3.9175537,0.26728129,0.082091063,-0.96011555,0
1.8527662,-0.2285834,-1.0516169,0.86976922,-0.44945216,0.20370165,0
0.056748629,2.3463852,4.3825827,-0.26728129,-0.082091063,0.96011555,0
-1.9289911,-4.0259018,-3.2303455,-0.41480398,-0.88952458,-0.19153041,0
-1.0592209,-0.031596422,-2.9107468,-0.86976922,0.44945216,-0.20370165,0
1.0704913,-0.66215587,1.3319112,0.86976922,-0.44945216,0.20370165,0
-1.8253715,-0.051130652,0.31747854,-0.86976922,0.44945216,-0.20370165,0
-2.0706742,-4.7353115,0.37121487,-0.41480398,-0.88952458,-0.19153041,0
2.5475969,2.52823,2.064281,0.86976922,-0.44945216,0.20370165,0
-1.997499,-2.1101942,3.4296689,-0.26728129,-0.082091063,0.96011555,0
2.6594095,3.5767686,3.7343607,0.41480398,0.88952458,0.19153041,0
2.2017767,1.9181182,-3.3892236,0.26728129,0.082091063,-0.96011555,0
0.53569841,-2.9335241,-1.3962229,0.86976922,-0.44945216,0.20370165,0
-3.13834,-4.5967298,2.8994746,-0.26728129,-0.082091063,0.96011555,0
-2.1741476,-3.7687759,-3.893568,-0.41480398,-0.88952458,-0.19153041,0
1.0761067,-3.0368075,-3.9315569,0.86976922,-0.44945216,0.20370165,0
-1.9125055,-4.183917,-2.5321774,-0.41480398,-0.88952458,-0.19153041,0
2.31744,2.9694116,4.0204458,0.86976922,-0.44945216,0.20370165,0
-1.4777715,-0.89879191,-3.0370121,-0.86976922,0.44945216,-0.20370165,0
1.401827,2.0451159,4.7312727,-0.26728129,-0.082091063,0.96011555,0
-0.89654756,-5.1435328,-0.27573061,-0.41480398,-0.88952458,-0.19153041,0
-2.0917072,-0.42712891,0.62507224,-0.86976922,0.44945216,-0.20370165,0
-1.5783365,-3.3529506,-4.8922315,0.26728129,0.082091063,-0.96011555,0
-2.0551989,0.95357466,3.5156069,-0.86976922,0.44945216,-0.20370165,0
1.8964936,-1.0801563,-3.1172566,0.86976922,-0.44945216,0.20370165,0
0.31284738,-1.7446203,2.1785388,0.86976922,-0.44945216,0.20370165,0
-1.3377767,-4.5603008,3.0138168,0.86976922,-0.44945216,0.20370165,0
-1.8011341,-4.9615145,0.83801746,-0.41480398,-0.88952458,-0.19153041,0
-1.9214948,-3.338099,-4.9864912,0.26728129,0.082091063,-0.96011555,0
2.8288167,3.8336716,2.174335,0.41480398,0.88952458,0.19153041,0
-2.9808898,-4.6037641,1.7315528,-0.41480398,-0.88952458,-0.19153041,0
1.9278388,5.279068,-2.5872416,0.41480398,0.88952458,0.19153041,0
2.1136134,1.9422538,-3.4117033,0.26728129,0.082091063,-0.96011555,0
0.79785383,1.0724138,4.479969,-0.26728129,-0.082091063,0.96011555,0
-1.4168725,1.4043534,3.8918042,-0.26728129,-0.082091063,0.96011555,0
-3.2177937,-3.9996707,-0.56096506,-0.41480398,-0.88952458,-0.19153041,0
-3.8508568,-4.0934792,1.2457538,-0.41480398,-0.88952458,-0.19153041,0
-2.3904121,-2.8807359,3.2544055,-0.26728129,-0.082091063,0.96011555,0
-0.31324086,-4.7613726,-3.3138831,-0.41480398,-0.88952458,-0.19153041,0
1.067631,-0.93451947,0.74317449,0.86976922,-0.44945216,0.20370165,0
0.61479759,1.8960403,-3.832902,0.26728129,0.082091063,-0.96011555,0
1.7890468,0.50644958,-3.6248207,0.26728129,0.082091063,-0.96011555,0
2.4155476,3.1704125,4.0450363,0.86976922,-0.44945216,0.20370165,0
-4.082303,-3.3540802,2.742938,-0.26728129,-0.082091063,0.96011555,0
3.0875311,4.1619563,-2.9507926,0.26728129,0.082091063,-0.96011555,0
-2.1686532,-4.7764797,0.77460885,-0.41480398,-0.88952458,-0.19153041,0
1.1272693,0.74401224,-3.7887373,0.26728129,0.082091063,-0.96011555,0
0.4102273,-4.1433249,-3.5298185,0.86976922,-0.44945216,0.20370165,0
0.74895763,3.3600345,4.6619511,-0.26728129,-0.082091063,0.96011555,0
1.58797,-1.527898,-3.8547363,0.26728129,0.082091063,-0.96011555,0
-1.8545048,-1.6118714,-3.0017841,-0.86976922,0.44945216,-0.20370165,0
-3.1070843,-4.7100549,2.4985039,-0.41480398,-0.88952458,-0.19153041,0
1.3458561,0.50674725,2.73525,0.86976922,-0.44945216,0.20370165,0
-3.3352454,-4.5166106,2.0942264,-0.41480398,-0.88952458,-0.19153041,0
-2.6874981,-2.9754987,-2.4537945,-0.86976922,0.44945216,-0.20370165,0
-0.54045844,-0.35866737,-4.3472877,0.26728129,0.082091063,-0.96011555,0
2.0751047,5.3171377,-3.0829844,0.41480398,0.88952458,0.19153041,0
1.493962,1.6637375,4.6556768,0.86976922,-0.44945216,0.20370165,0
-1.3222065,-2.7493358,3.5630124,-0.26728129,-0.082091063,0.96011555,0
-1.8665106,-1.6683787,3.5039096,-0.26728129,-0.082091063,0.96011555,0
-0.10947728,-3.2237725,-4.4722791,0.26728129,0.082091063,-0.96011555,0
3.5146987,4.1829228,-0.93312931,0.41480398,0.88952458,0.19153041,0
1.378179,-1.4675413,-1.758883,0.86976922,-0.44945216,0.20370165,0
1.6042726,-0.70544434,-1.0427519,0.86976922,-0.44945216,0.20370165,0
-0.83429766,-2.4633899,-4.6090441,0.26728129,0.082091063,-0.96011555,0
-0.61257029,-4.9529753,-1.7757547,-0.41480398,-0.88952458,-0.19153041,0
0.08031714,-4.753294,-4.2037439,-0.41480398,-0.88952458,-0.19153041,0
3.9010243,4.0591249,-1.1948538,0.41480398,0.88952458,0.19153041,0
0.96573412,-2.3957188,-2.0457716,0.86976922,-0.44945216,0.20370165,0
-2.7281442,-3.9153576,-2.012991,-0.41480398,-0.88952458,-0.19153041,0
-3.1845722,-2.6188142,3.0557184,-0.26728129,-0.082091063,0.96011555,0
0.34290278,4.917335,2.5253062,0.41480398,0.88952458,0.19153041,0
1.5677638,0.99104846,2.8563187,0.86976922,-0.44945216,0.20370165,0
-1.0452735,-4.3909211,-3.4489839,-0.41480398,-0.88952458,-0.19153041,0
-1.8192563,-4.7405987,3.2543864,-0.26728129,-0.082091063,0.96011555,0
2.0251687,1.1247585,1.1983023,0.86976922,-0.44945216,0.20370165,0
0.56437874,0.65359592,4.3791633,-0.26728129,-0.082091063,0.96011555,0
-0.86504972,0.66294086,-2.2073777,-0.86976922,0.44945216,-0.20370165,0
-2.1330192,-5.0375509,1.9099252,-0.41480398,-0.88952458,-0.19153041,0
-2.2845385,-3.7721663,-3.638747,-0.41480398,-0.88952458,-0.19153041,0
-1.252171,1.6177409,3.9558995,-0.26728129,-0.082091063,0.96011555,0
4.0896568,3.4321899,-2.5255179,0.86976922,-0.44945216,0.20370165,0
-0.62394786,-3.9619968,1.2860117,0.86976922,-0.44945216,0.20370165,0
1.7273521,5.2656512,-3.1209335,-0.86976922,0.44945216,-0.20370165,0
0.16764534,-3.880549,-4.4512873,0.26728129,0.082091063,-0.96011555,0
-2.070389,-4.4209185,-1.0895386,-0.41480398,-0.88952458,-0.19153041,0
0.20295763,2.2716336,-3.2181184,-0.86976922,0.44945216,-0.20370165,0
0.96829987,-0.81538564,-3.9663224,0.26728129,0.082091063,-0.96011555,0
2.2698824,-0.076742187,-2.4976034,0.86976922,-0.44945216,0.20370165,0
0.047168016,-0.6761564,-4.2108474,0.26728129,0.082091063,-0.96011555,0
2.4519026,3.914351,2.6159332,0.41480398,0.88952458,0.19153041,0
2.1551878,3.7693763,3.931843,0.41480398,0.88952458,0.19153041,0
-1.0312175,-4.2196455,-4.2748766,-0.41480398,-0.88952458,-0.19153041,0
-2.0552261,-4.5636029,-0.45970821,-0.41480398,-0.88952458,-0.19153041,0
-0.12883639,0.46216691,4.1698155,-0.26728129,-0.082091063,0.96011555,0
-0.70904088,-4.0983748,1.3484364,0.86976922,-0.44945216,0.20370165,0
-1.9229088,-3.1131787,-4.9676542,0.26728129,0.082091063,-0.96011555,0
1.3677266,-0.76875204,-3.851141,0.26728129,0.082091063,-0.96011555,0
-0.52692986,-2.8418403,3.3433025,0.86976922,-0.44945216,0.20370165,0
1.9148481,3.2111576,4.9737873,-0.26728129,-0.082091063,0.96011555,0
1.3464446,-2.4259088,-3.7379484,0.86976922,-0.44945216,0.20370165,0
2.3521547,4.3337078,0.88434076,0.41480398,0.88952458,0.19153041,0
3.5362191,4.5582719,-2.7229686,0.41480398,0.88952458,0.19153041,0
-0.192765,2.3344116,4.312098,-0.26728129,-0.082091063,0.96011555,0
0.17929089,-3.5643225,-4.4210076,0.26728129,0.082091063,-0.96011555,0
-0.45952201,-0.22699833,-4.313498,0.26728129,0.082091063,-0.96011555,0
1.6848688,3.912173,4.2872391,0.41480398,0.88952458,0.19153041,0
2.43748,0.10290372,-2.8168392,0.86976922,-0.44945216,0.20370165,0
1.0073575,0.059889317,3.1946197,0.86976922,-0.44945216,0.20370165,0
3.0192835,1.3500586,-2.5492814,0.86976922,-0.44945216,0.20370165,0
0.68425953,4.3759322,4.3004551,0.41480398,0.88952458,0.19153041,0
2.6480737,3.9405823,2.0692515,0.41480398,0.88952458,0.19153041,0
-1.8399141,-1.9759449,-3.8673851,-0.86976922,0.44945216,-0.20370165,0
0.61422014,3.4483194,-2.3778665,-0.86976922,0.44945216,-0.20370165,0
-2.4703007,-5.1139464,3.0412235,-0.26728129,-0.082091063,0.96011555,0
3.3217738,3.502404,-2.9419756,0.26728129,0.082091063,-0.96011555,0
0.64492416,5.0296078,1.3497808,0.41480398,0.88952458,0.19153041,0
1.2753987,5.0524573,-0.1217792,0.41480398,0.88952458,0.19153041,0
-1.1725941,-4.8926492,1.5752189,0.86976922,-0.44945216,0.20370165,0
0.050335735,4.8300123,3.5644808,0.41480398,0.88952458,0.19153041,0
0.3464607,-4.6370029,-4.3468103,0.86976922,-0.44945216,0.20370165,0
-2.6313548,-4.8354692,2.0506594,-0.41480398,-0.88952458,-0.19153041,0
0.72871959,-2.5154965,-1.2980421,0.86976922,-0.44945216,0.20370165,0
-0.18510354,-4.0057759,-0.68437099,0.86976922,-0.44945216,0.20370165,0
-0.8341763,-1.9242315,3.7694199,-0.26728129,-0.082091063,0.96011555,0
-1.4109948,-3.9691322,-4.6158395,-0.41480398,-0.88952458,-0.19153041,0
-4.04496,-3.6807227,1.7863002,-0.86976922,0.44945216,-0.20370165,0
1.82839,4.6905375,0.36145163,0.41480398,0.88952458,0.19153041,0
0.38967371,4.0118175,-0.17577672,-0.86976922,0.44945216,-0.20370165,0
-4.017096,-3.9843297,1.0988641,-0.41480398,-0.88952458,-0.19153041,0
0.89792627,3.9403636,4.7530403,-0.26728129,-0.082091063,0.96011555,0
-3.0123937,-2.9358225,-0.9790051,-0.86976922,0.44945216,-0.20370165,0
1.7169366,2.7473679,-3.4532938,0.26728129,0.082091063,-0.96011555,0
1.4442865,-2.2751293,-3.8230321,0.86976922,-0.44945216,0.20370165,0
1.2783244,4.1643844,3.9963603,0.41480398,0.88952458,0.19153041,0
-2.5183008,-4.6958127,1.1572123,-0.41480398,-0.88952458,-0.19153041,0
1.9870379,0.52441525,-3.5681667,0.26728129,0.082091063,-0.96011555,0
-1.9282732,-4.0066118,3.2867944,-0.26728129,-0.082091063,0.96011555,0
0.75468493,0.95735586,4.4581132,-0.26728129,-0.082091063,0.96011555,0
1.9901055,2.5457783,4.4833899,0.86976922,-0.44945216,0.20370165,0
1.8698573,-1.2463561,-3.3702326,0.86976922,-0.44945216,0.20370165,0
-0.42783725,3.6328897,4.3576784,-0.26728129,-0.082091063,0.96011555,0
-0.10576391,-0.41581535,4.1011701,-0.26728129,-0.082091063,0.96011555,0
0.40179968,0.90393496,-3.9770234,0.26728129,0.082091063,-0.96011555,0
1.5662093,1.4703506,-3.6044405,0.26728129,0.082091063,-0.96011555,0
0.38247776,3.9018407,-0.38770676,-0.86976922,0.44945216,-0.20370165,0
-0.74770784,-4.3509164,0.95632243,0.86976922,-0.44945216,0.20370165,0
-0.63011909,-2.3667634,3.7883892,-0.26728129,-0.082091063,0.96011555,0
0.96137142,-0.081657052,-3.9055166,0.26728129,0.082091063,-0.96011555,0
1.8845706,-0.40191787,-1.569867,0.86976922,-0.44945216,0.20370165,0
1.1208756,4.0828905,4.7158327,0.41480398,0.88952458,0.19153041,0
-2.170579,-4.8235326,0.99730515,-0.41480398,-0.88952458,-0.19153041,0
-1.2061789,0.060700893,3.8355742,-0.26728129,-0.082091063,0.96011555,0
-0.17686319,-1.038968,-4.3042345,0.26728129,0.082091063,-0.96011555,0
1.4381765,2.0050097,4.7379627,-0.26728129,-0.082091063,0.96011555,0
1.8990779,-1.0395751,-3.0387526,0.86976922,-0.44945216,0.20370165,0
0.66907406,1.4635692,4.4775629,-0.26728129,-0.082091063,0.96011555,0
1.7237846,1.8519692,4.089694,0.86976922,-0.44945216,0.20370165,0
-0.47620082,-2.8307474,3.151176,0.86976922,-0.44945216,0.20370165,0
-1.5593375,-3.4348488,-4.8939447,0.26728129,0.082091063,-0.96011555,0
-0.42831218,-3.8716428,-4.6164312,0.26728129,0.082091063,-0.96011555,0
-1.4689343,-2.2443342,3.5653439,-0.26728129,-0.082091063,0.96011555,0
3.4675066,3.5715251,-2.8954959,0.26728129,0.082091063,-0.96011555,0
-0.61051071,1.6034093,-1.2191403,-0.86976922,0.44945216,-0.20370165,0
1.5079989,1.8199489,-3.590754,0.26728129,0.082091063,-0.96011555,0
-1.7648401,1.0902771,2.5774515,-0.86976922,0.44945216,-0.20370165,0
-2.7095633,-4.0099249,-1.6140327,-0.41480398,-0.88952458,-0.19153041,0
1.9866709,2.4327004,4.2485566,0.86976922,-0.44945216,0.20370165,0
1.8252721,4.9826765,-3.2320132,0.26728129,0.082091063,-0.96011555,0
0.94735557,4.5891962,2.7401972,0.41480398,0.88952458,0.19153041,0
0.45330107,-3.9409261,-4.3769274,0.26728129,0.082091063,-0.96011555,0
0.7387867,-1.3664818,1.1941887,0.86976922,-0.44945216,0.20370165,0
-1.4217621,-3.9069035,-4.8815293,-0.41480398,-0.88952458,-0.19153041,0
-2.8625767,-1.3231636,1.9395149,-0.86976922,0.44945216,-0.20370165,0
2.2915468,3.8911648,-3.1955352,0.26728129,0.082091063,-0.96011555,0
0.27035582,-4.6281586,-4.0023422,0.86976922,-0.44945216,0.20370165,0
-1.9186087,-4.2173662,-2.3636105,-0.41480398,-0.88952458,-0.19153041,0
0.52269197,0.68540502,4.3702779,-0.26728129,-0.082091063,0.96011555,0
-2.4562244,-4.3433428,-0.61420727,-0.41480398,-0.88952458,-0.19153041,0
3.7634757,2.8326526,-2.876277,0.26728129,0.082091063,-0.96011555,0
0.78452039,4.5803647,-0.60724473,-0.86976922,0.44945216,-0.20370165,0
-1.9406741,-4.8458915,0.60323453,-0.41480398,-0.88952458,-0.19153041,0
-1.9903116,-4.864872,0.79888701,-0.41480398,-0.88952458,-0.19153041,0
1.735003,-0.54598951,-3.7298503,0.26728129,0.082091063,-0.96011555,0
-1.0152786,-3.147629,-4.7179294,0.26728129,0.082091063,-0.96011555,0
-0.062564373,-4.6805468,-2.6964235,0.86976922,-0.44945216,0.20370165,0
-0.15581703,1.470403,4.2485099,-0.26728129,-0.082091063,0.96011555,0
-0.81453574,3.5151877,4.2399645,-0.26728129,-0.082091063,0.96011555,0
0.19047511,-2.4858496,1.0655791,0.86976922,-0.44945216,0.20370165,0
-0.10294509,-0.87907493,-4.2699857,0.26728129,0.082091063,-0.96011555,0
2.4154687,4.9515562,-3.0703726,0.26728129,0.082091063,-0.96011555,0
1.3013147,-2.2384725,-3.1316881,0.86976922,-0.44945216,0.20370165,0
1.8043609,4.5423398,1.1017668,0.41480398,0.88952458,0.19153041,0
1.870858,4.9248753,-0.81885576,0.41480398,0.88952458,0.19153041,0
1.812789,4.1398606,2.9527488,0.41480398,0.88952458,0.19153041,0
-2.3282781,-2.1731207,-2.2172112,-0.86976922,0.44945216,-0.20370165,0
-1.5466772,1.7021987,2.9960942,-0.86976922,0.44945216,-0.20370165,0
2.5269375,0.89456224,-3.3862193,0.26728129,0.082091063,-0.96011555,0
1.3455384,5.0892258,-1.8799288,-0.86976922,0.44945216,-0.20370165,0
-1.4566866,1.8513474,2.9409354,-0.86976922,0.44945216,-0.20370165,0
-2.3433392,-4.7225394,0.90241838,-0.41480398,-0.88952458,-0.19153041,0
-1.9105675,-4.8124328,0.38264012,-0.41480398,-0.88952458,-0.19153041,0
-0.45536256,2.4631674,4.2500038,-0.26728129,-0.082091063,0.96011555,0
-1.5947869,0.5312078,0.61781013,-0.86976922,0.44945216,-0.20370165,0
-2.7139807,-4.1247787,-1.0710497,-0.41480398,-0.88952458,-0.19153041,0
1.3503618,-1.3642162,-1.4121301,0.86976922,-0.44945216,0.20370165,0
-2.1469438,0.38130951,3.6010923,-0.26728129,-0.082091063,0.96011555,0
-1.4460697,1.4688473,3.8891904,-0.26728129,-0.082091063,0.96011555,0
-1.0622833,0.50443041,-1.7149675,-0.86976922,0.44945216,-0.20370165,0
-1.691623,-4.146728,-3.1832683,-0.41480398,-0.88952458,-0.19153041,0
-3.5734951,-4.1551433,0.93144941,-0.41480398,-0.88952458,-0.19153041,0
3.2033105,4.130496,-0.015260696,0.41480398,0.88952458,0.19153041,0
-3.4026258,-3.9880147,-0.21480131,-0.41480398,-0.88952458,-0.19153041,0
-1.8390434,-1.1541741,-2.0579281,-0.86976922,0.44945216,-0.20370165,0
1.6259084,3.1003046,-3.4484582,0.26728129,0.082091063,-0.96011555,0
-0.31319642,-0.96440673,3.9965189,-0.26728129,-0.082091063,0.96011555,0
2.9222426,4.5207391,-1.2189467,0.41480398,0.88952458,0.19153041,0
1.6655071,3.8665268,4.5411644,0.41480398,0.88952458,0.19153041,0
1.8703818,5.0314641,-3.2152843,0.26728129,0.082091063,-0.96011555,0
0.32074046,3.0522735,-1.9986057,-0.86976922,0.44945216,-0.20370165,0
-3.7468328,-3.9451718,0.33168221,-0.41480398,-0.88952458,-0.19153041,0
-1.3939954,1.5914342,2.0997763,-0.86976922,0.44945216,-0.20370165,0
0.63782299,5.0442843,1.0427322,-0.86976922,0.44945216,-0.20370165,0
1.9188173,0.801108,0.93829346,0.86976922,-0.44945216,0.20370165,0
1.8666385,-1.2936633,-3.4608681,0.86976922,-0.44945216,0.20370165,0
-0.0198524,-0.086598158,4.153235,-0.26728129,-0.082091063,0.96011555,0
3.2157121,4.500174,-1.7590129,0.41480398,0.88952458,0.19153041,0
1.3049325,4.0214758,4.6024446,0.41480398,0.88952458,0.19153041,0
-1.2234507,-0.50883043,-3.2624965,-0.86976922,0.44945216,-0.20370165,0
-3.665751,-2.9211507,1.8430862,-0.86976922,0.44945216,-0.20370165,0
-0.59180021,0.26763368,-4.2463207,-0.86976922,0.44945216,-0.20370165,0
2.3146031,0.67007512,-1.0407554,0.86976922,-0.44945216,0.20370165,0
-0.73783648,-4.9323759,-1.600132,-0.41480398,-0.88952458,-0.19153041,0
-0.70164585,-0.039954066,3.9674222,-0.26728129,-0.082091063,0.96011555,0
-1.0915549,-0.23096204,3.842546,-0.26728129,-0.082091063,0.96011555,0
2.2599971,2.1254835,-3.3552859,0.26728129,0.082091063,-0.96011555,0
2.3675332,4.7167835,-0.9280808,0.41480398,0.88952458,0.19153041,0
-2.3770556,-4.2918062,-1.0250149,-0.41480398,-0.88952458,-0.19153041,0
1.2470708,-0.98738021,-0.13963474,0.86976922,-0.44945216,0.20370165,0
1.9750466,4.6054993,0.43877506,0.41480398,0.88952458,0.19153041,0
1.8728936,0.79802966,-3.5765486,0.26728129,0.082091063,-0.96011555,0
-3.1388702,-1.4950733,2.7399333,-0.86976922,0.44945216,-0.20370165,0
0.17968202,4.2247558,1.1906819,-0.86976922,0.44945216,-0.20370165,0
-2.4280651,-1.4573691,3.3656232,-0.26728129,-0.082091063,0.96011555,0
-2.4091759,-3.7872608,-3.2987108,-0.41480398,-0.88952458,-0.19153041,0
-1.3188195,-3.0021038,3.5423434,-0.26728129,-0.082091063,0.96011555,0
2.629149,3.4287729,3.7030504,0.86976922,-0.44945216,0.20370165,0
-1.9770558,-4.4510784,-1.1516018,-0.41480398,-0.88952458,-0.19153041,0
-2.448586,-4.772491,3.0764637,-0.26728129,-0.082091063,0.96011555,0
1.450598,0.082596898,1.3521644,0.86976922,-0.44945216,0.20370165,0
-2.912889,-3.8177814,-2.0660563,-0.41480398,-0.88952458,-0.19153041,0
-3.8105831,-3.9839482,0.64983845,-0.41480398,-0.88952458,-0.19153041,0
0.44776654,-0.78290701,-4.1084538,0.26728129,0.082091063,-0.96011555,0
3.8878446,4.2035527,-1.837075,0.41480398,0.88952458,0.19153041,0
1.008831,4.462698,-1.8246337,-0.86976922,0.44945216,-0.20370165,0
0.14650655,-3.6553068,-4.4379134,0.26728129,0.082091063,-0.96011555,0
-1.5934868,-2.5462627,3.5048552,-0.26728129,-0.082091063,0.96011555,0
1.606252,1.7125601,4.2839422,0.86976922,-0.44945216,0.20370165,0
-1.2370906,-5.0783811,0.15921283,-0.41480398,-0.88952458,-0.19153041,0
0.51069283,-1.115773,2.7212782,0.86976922,-0.44945216,0.20370165,0
3.2799234,3.9269505,0.76414299,0.41480398,0.88952458,0.19153041,0
-1.9337068,-0.74351865,-0.74765098,-0.86976922,0.44945216,-0.20370165,0
1.6744754,5.1228724,-1.3131018,0.41480398,0.88952458,0.19153041,0
-1.0691087,2.5934703,4.0902867,-0.26728129,-0.082091063,0.96011555,0
-1.2360184,1.1766994,0.51016194,-0.86976922,0.44945216,-0.20370165,0
2.9847078,1.9331176,-1.1151741,0.86976922,-0.44945216,0.20370165,0
-0.61930966,-4.1845169,0.77523255,0.86976922,-0.44945216,0.20370165,0
-1.7624303,-1.9506456,-4.1424055,-0.86976922,0.44945216,-0.20370165,0
0.077699661,1.5194426,-4.0146213,0.26728129,0.082091063,-0.96011555,0
-1.2264702,2.5311704,3.457931,-0.86976922,0.44945216,-0.20370165,0
-1.5929877,-0.9486897,-2.6551552,-0.86976922,0.44945216,-0.20370165,0
2.7609718,2.9442625,-3.1458156,0.26728129,0.082091063,-0.96011555,0
2.5366442,0.33125979,-2.7364011,0.86976922,-0.44945216,0.20370165,0
2.8125675,4.6810136,-1.7257817,0.41480398,0.88952458,0.19153041,0
3.8907185,3.2646351,-2.0457835,0.86976922,-0.44945216,0.20370165,0
0.18098307,2.395561,-2.8508544,-0.86976922,0.44945216,-0.20370165,0
0.13100719,-4.8252163,-3.979497,-0.41480398,-0.88952458,-0.19153041,0
1.3132706,3.1604307,4.80198,-0.26728129,-0.082091063,0.96011555,0
0.16675484,4.2148523,1.2240279,-0.86976922,0.44945216,-0.20370165,0
1.0993998,5.1700177,-0.28659821,0.41480398,0.88952458,0.19153041,0
1.878921,1.2625341,2.126745,0.86976922,-0.44945216,0.20370165,0
-1.2662487,-4.6249857,2.5656848,0.86976922,-0.44945216,0.20370165,0
-2.4142671,-5.1331077,3.0551846,-0.26728129,-0.082091063,0.96011555,0
-3.5972497,-4.1611285,1.0106931,-0.41480398,-0.88952458,-0.19153041,0
0.78450966,3.2966087,-3.4397087,-0.86976922,0.44945216,-0.20370165,0
2.1594381,1.229504,-3.4598875,0.26728129,0.082091063,-0.96011555,0
1.6638663,4.4616756,1.7806704,0.41480398,0.88952458,0.19153041,0
0.048396826,2.7570114,4.4153662,-0.26728129,-0.082091063,0.96011555,0
-1.3725035,-1.3759036,-4.5391979,-0.86976922,0.44945216,-0.20370165,0
-0.71134639,3.4377074,4.2620659,-0.26728129,-0.082091063,0.96011555,0
0.22608793,-3.4563775,-1.2278782,0.86976922,-0.44945216,0.20370165,0
2.872216,4.221384,0.27969313,0.41480398,0.88952458,0.19153041,0
-2.2813807,-4.502285,-0.25469685,-0.41480398,-0.88952458,-0.19153041,0
2.126133,4.9366126,-1.4262252,0.41480398,0.88952458,0.19153041,0
-2.1910636,-4.0689464,-2.4628537,-0.41480398,-0.88952458,-0.19153041,0
3.1343865,4.6251774,-2.8981428,0.26728129,0.082091063,-0.96011555,0
1.7368628,-1.5047958,-3.3725963,0.86976922,-0.44945216,0.20370165,0
0.49199629,4.829361,1.1911738,-0.86976922,0.44945216,-0.20370165,0
-0.022390366,4.1820788,4.5175052,-0.26728129,-0.082091063,0.96011555,0
2.1393921,2.5504355,3.8562372,0.86976922,-0.44945216,0.20370165,0
-2.2712009,-4.4890108,-0.3383913,-0.41480398,-0.88952458,-0.19153041,0
2.9373071,3.8843124,1.7041831,0.41480398,0.88952458,0.19153041,0
-2.0618601,-4.3949246,-1.2287323,-0.41480398,-0.88952458,-0.19153041,0
-1.7801846,-0.87696731,-1.6976081,-0.86976922,0.44945216,-0.20370165,0
0.7599175,4.2045178,4.7372065,-0.26728129,-0.082091063,0.96011555,0
1.4952636,-0.14305806,-3.7621391,0.26728129,0.082091063,-0.96011555,0
-1.3057959,0.09911108,-1.5695183,-0.86976922,0.44945216,-0.20370165,0
1.2869947,4.9532137,0.31402493,0.41480398,0.88952458,0.19153041,0
1.5948974,0.74048567,2.187614,0.86976922,-0.44945216,0.20370165,0
0.80063653,2.1138558,4.5697875,-0.26728129,-0.082091063,0.96011555,0
-1.1772356,-3.2812619,3.5578899,-0.26728129,-0.082091063,0.96011555,0
1.1604074,0.50780487,3.5294168,0.86976922,-0.44945216,0.20370165,0
-1.4617746,-4.9165831,-0.10562229,-0.41480398,-0.88952458,-0.19153041,0
0.59500402,4.7020292,2.9792671,0.41480398,0.88952458,0.19153041,0
-2.0053453,-0.75438482,3.5434079,-0.26728129,-0.082091063,0.96011555,0
-1.3069749,2.2019534,3.9905939,-0.26728129,-0.082091063,0.96011555,0
-0.043051958,-2.1257944,2.8571329,0.86976922,-0.44945216,0.20370165,0
-2.7348568,-3.74773,-2.7769661,-0.41480398,-0.88952458,-0.19153041,0
-3.0165148,-1.9983499,1.1070526,-0.86976922,0.44945216,-0.20370165,0
-0.80966294,0.76979136,-2.2081118,-0.86976922,0.44945216,-0.20370165,0
1.0314133,4.3439546,3.6971257,0.41480398,0.88952458,0.19153041,0
1.2248894,0.98662424,4.3105679,0.86976922,-0.44945216,0.20370165,0
