-1.9397149,1.6493702,1.0479207,-0.028476,0.7898941,0.61258185,0
-4.0687823,1.544867,0.80267191,-0.90384436,-0.28207803,0.32171035,0
3.8679314,0.92908931,0.80222297,0.90384436,0.28207803,-0.32171035,0
-2.298501,1.8361713,-0.026196241,-0.42691293,0.54451764,-0.72197366,0
-2.9032726,-0.49266756,2.290643,-0.90384436,-0.28207803,0.32171035,0
1.7404037,-0.85946953,-2.0757234,0.028476,-0.7898941,-0.61258185,0
2.4112194,-0.052119017,1.3050888,0.42691293,-0.54451764,0.72197366,0
-1.3106439,-0.065758705,-2.0447779,-0.42691293,0.54451764,-0.72197366,0
0.82161242,2.3968594,-1.4482868,-0.42691293,0.54451764,-0.72197366,0
-2.6974247,0.40363193,2.6190162,-0.028476,0.7898941,0.61258185,0
-2.0100961,-0.89997649,-2.1978345,0.028476,-0.7898941,-0.61258185,0
2.7807319,0.85552216,-2.3167667,0.90384436,0.28207803,-0.32171035,0
-3.7149386,-1.0169843,-1.3405066,-0.42691293,0.54451764,-0.72197366,0
2.1217649,-0.035977364,-3.119848,0.028476,-0.7898941,-0.61258185,0
3.5040526,0.1291956,-0.92144728,0.90384436,0.28207803,-0.32171035,0
-3.0044839,-1.510203,-1.4572017,0.028476,-0.7898941,-0.61258185,0
2.698647,-0.69053388,0.65363193,0.42691293,-0.54451764,0.72197366,0
2.9041643,-0.45250827,-2.5463824,0.028476,-0.7898941,-0.61258185,0
2.2248602,-0.17296171,1.3241448,0.42691293,-0.54451764,0.72197366,0
-0.52332425,-2.3530722,-0.2550264,0.028476,-0.7898941,-0.61258185,0
-0.11398339,-2.7618308,0.291076,0.028476,-0.7898941,-0.61258185,0
0.14000107,1.0224423,-2.0818357,-0.42691293,0.54451764,-0.72197366,0
2.3931675,-1.7945297,-0.83966565,0.028476,-0.7898941,-0.61258185,0
3.9498396,-0.7833091,-0.46910191,0.90384436,0.28207803,-0.32171035,0
-3.5478597,0.77196681,1.5885179,-0.90384436,-0.28207803,0.32171035,0
3.0616837,0.41548085,-1.9132643,0.90384436,0.28207803,-0.32171035,0
1.494867,1.4993119,-2.5233281,-0.42691293,0.54451764,-0.72197366,0
-1.7020653,-1.5323539,-1.3680961,0.028476,-0.7898941,-0.61258185,0
3.5911722,0.030811906,0.66991377,0.42691293,-0.54451764,0.72197366,0
1.287809,-1.6170877,-1.1198514,0.028476,-0.7898941,-0.61258185,0
0.96331453,-2.0435309,-0.58505785,0.028476,-0.7898941,-0.61258185,0
2.3990769,-0.037009239,-3.1056271,0.028476,-0.7898941,-0.61258185,0
2.7024188,0.72710156,1.720592,0.42691293,-0.54451764,0.72197366,0
-3.9544818,0.37162399,0.095090628,-0.90384436,-0.28207803,0.32171035,0
3.9856644,-0.78410393,-0.36914778,0.90384436,0.28207803,-0.32171035,0
2.6963,1.867923,-1.6662977,0.90384436,0.28207803,-0.32171035,0
0.031245828,-0.082489252,-2.8508742,-0.42691293,0.54451764,-0.72197366,0
3.4828029,-0.9399271,0.0018558502,0.42691293,-0.54451764,0.72197366,0
-0.078157544,1.5551414,1.2559588,-0.028476,0.7898941,0.61258185,0
-3.7541027,-0.40612036,-0.023877621,-0.90384436,-0.28207803,0.32171035,0
-2.4625175,-1.1927829,2.9150765,-0.90384436,-0.28207803,0.32171035,0
-1.4965906,-2.2233093,1.9783037,0.42691293,-0.54451764,0.72197366,0
2.3136821,2.6007316,-2.0987287,0.90384436,0.28207803,-0.32171035,0
3.357065,1.5002108,-0.13229203,0.90384436,0.28207803,-0.32171035,0
2.8778687,1.7582779,1.1314355,-0.028476,0.7898941,0.61258185,0
0.80462468,-2.3987153,0.48527065,0.42691293,-0.54451764,0.72197366,0
3.178761,2.000679,-0.19442272,0.90384436,0.28207803,-0.32171035,0
-2.6095312,-1.8148112,1.9566433,-0.90384436,-0.28207803,0.32171035,0
-0.21605724,-1.875423,1.483485,0.42691293,-0.54451764,0.72197366,0
1.2453754,-0.37135351,-2.7281368,0.028476,-0.7898941,-0.61258185,0
0.35576296,-1.9645414,-0.71515286,0.028476,-0.7898941,-0.61258185,0
2.8182163,-1.3429446,-1.4022038,0.028476,-0.7898941,-0.61258185,0
0.66132998,1.1649549,1.7934601,-0.028476,0.7898941,0.61258185,0
-3.5061278,-0.42943645,0.65236378,-0.90384436,-0.28207803,0.32171035,0
-2.8278542,-2.1790206,-0.58658409,0.028476,-0.7898941,-0.61258185,0
-2.6582839,1.5722635,1.1139431,-0.028476,0.7898941,0.61258185,0
2.3578649,1.2624846,-3.1479836,0.90384436,0.28207803,-0.32171035,0
0.49544907,0.58845019,2.5291235,-0.028476,0.7898941,0.61258185,0
2.1776514,-0.97174323,-1.9106262,0.028476,-0.7898941,-0.61258185,0
-2.9084625,0.40445733,2.6081417,-0.028476,0.7898941,0.61258185,0
0.35506558,2.5559149,-1.0524505,-0.42691293,0.54451764,-0.72197366,0
-1.3638783,2.5207329,-0.048890352,-0.028476,0.7898941,0.61258185,0
-2.5447659,1.3722565,1.3771188,-0.028476,0.7898941,0.61258185,0
3.5004721,0.83455956,-0.31303811,0.90384436,0.28207803,-0.32171035,0
-1.7275443,-1.8182158,2.4203939,0.42691293,-0.54451764,0.72197366,0
-1.4977318,-1.6484261,-1.2089282,0.028476,-0.7898941,-0.61258185,0
0.49761844,1.3361806,1.5650629,-0.028476,0.7898941,0.61258185,0
-0.2245605,1.5467956,1.2599146,-0.028476,0.7898941,0.61258185,0
2.31918,0.97297668,-3.4077215,-0.42691293,0.54451764,-0.72197366,0
1.5306934,-2.0185342,0.34267139,0.42691293,-0.54451764,0.72197366,0
0.26229584,0.5857476,2.52177,-0.028476,0.7898941,0.61258185,0
0.53810048,-2.2627153,0.74544239,0.42691293,-0.54451764,0.72197366,0
1.0795197,2.4826186,0.1138376,-0.028476,0.7898941,0.61258185,0
2.8116615,2.8889165,-0.44697428,0.90384436,0.28207803,-0.32171035,0
1.3076557,3.2596619,-1.0849596,-0.42691293,0.54451764,-0.72197366,0
-2.7209148,-1.0002804,-1.9156884,-0.42691293,0.54451764,-0.72197366,0
3.7889264,-0.54111612,-0.70882988,0.90384436,0.28207803,-0.32171035,0
-0.13942045,-1.4042227,1.793551,0.42691293,-0.54451764,0.72197366,0
-0.45795834,-0.95584863,-2.0536385,0.028476,-0.7898941,-0.61258185,0
1.7089679,-0.015039921,1.7483048,0.42691293,-0.54451764,0.72197366,0
0.014808536,-1.09285,-1.8550053,0.028476,-0.7898941,-0.61258185,0
1.3795998,1.8229795,0.97835875,-0.028476,0.7898941,0.61258185,0
-3.9622796,-0.6366449,-0.90739632,-0.42691293,0.54451764,-0.72197366,0
2.4769101,0.21971869,-3.4330463,0.028476,-0.7898941,-0.61258185,0
3.2232647,-1.0513394,-1.7593858,0.028476,-0.7898941,-0.61258185,0
3.9315135,-0.71395159,-0.093041182,0.42691293,-0.54451764,0.72197366,0
-3.5787749,-1.1818026,-0.21141911,-0.90384436,-0.28207803,0.32171035,0
1.8809495,1.5099705,1.4052737,-0.028476,0.7898941,0.61258185,0
1.9671161,2.6512234,-1.9337957,-0.42691293,0.54451764,-0.72197366,0
1.5188653,1.6019931,1.2697839,-0.028476,0.7898941,0.61258185,0
-3.562413,1.2080064,1.5416062,-0.028476,0.7898941,0.61258185,0
1.4756174,-1.7399377,0.58535838,0.42691293,-0.54451764,0.72197366,0
3.0921054,0.18955338,1.0847424,0.42691293,-0.54451764,0.72197366,0
2.090282,3.1636403,-1.6201575,-0.42691293,0.54451764,-0.72197366,0
1.7635882,-1.2266489,0.8022033,0.42691293,-0.54451764,0.72197366,0
3.3392081,-1.163963,-1.6087735,0.028476,-0.7898941,-0.61258185,0
-0.90551037,-2.3497558,1.5334227,0.42691293,-0.54451764,0.72197366,0
3.7864506,0.40189886,0.83431888,0.42691293,-0.54451764,0.72197366,0
-2.8474009,-1.6132214,1.4651036,-0.90384436,-0.28207803,0.32171035,0
-3.4330721,-0.13485858,1.1159017,-0.90384436,-0.28207803,0.32171035,0
3.306139,0.95913196,-0.74979138,0.90384436,0.28207803,-0.32171035,0
1.1323804,3.2313879,-1.0026408,-0.42691293,0.54451764,-0.72197366,0
-0.58580041,-0.7192837,-2.3646202,0.028476,-0.7898941,-0.61258185,0
-3.3636155,-1.5002401,0.11386251,-0.90384436,-0.28207803,0.32171035,0
1.1973919,2.3288147,0.31763905,-0.028476,0.7898941,0.61258185,0
-3.2284567,-1.0678244,0.87273669,-0.90384436,-0.28207803,0.32171035,0
-2.7619054,-1.4795997,1.8224645,-0.90384436,-0.28207803,0.32171035,0
0.050240278,-2.4172916,-0.14555608,0.028476,-0.7898941,-0.61258185,0
2.976902,0.68819654,1.5289439,0.42691293,-0.54451764,0.72197366,0
0.58913529,0.86166358,2.1811833,-0.028476,0.7898941,0.61258185,0
-2.7761154,0.64443791,2.3048508,-0.028476,0.7898941,0.61258185,0
-3.4190249,1.2284338,1.5219309,-0.028476,0.7898941,0.61258185,0
-3.7721074,-0.070319176,0.21997118,-0.90384436,-0.28207803,0.32171035,0
-1.5619961,1.5319188,-0.69117075,-0.42691293,0.54451764,-0.72197366,0
0.75183868,2.6788986,-1.1943126,-0.42691293,0.54451764,-0.72197366,0
-3.6791494,0.017564088,0.55819297,-0.90384436,-0.28207803,0.32171035,0
0.50654614,1.0270615,-2.295095,-0.42691293,0.54451764,-0.72197366,0
-0.15836334,-1.0999826,-1.8538581,0.028476,-0.7898941,-0.61258185,0
2.9726474,0.37304652,-2.200618,0.90384436,0.28207803,-0.32171035,0
-3.6967833,0.6361506,1.0510333,-0.90384436,-0.28207803,0.32171035,0
1.9152448,1.4804527,1.44493,-0.028476,0.7898941,0.61258185,0
-2.3158445,-2.6669762,2.03457,-0.90384436,-0.28207803,0.32171035,0
3.1958771,1.4332093,-0.64389682,0.90384436,0.28207803,-0.32171035,0
-2.5172613,0.65282977,-0.78932452,-0.42691293,0.54451764,-0.72197366,0
-1.8433418,-1.1127162,3.0209589,0.42691293,-0.54451764,0.72197366,0
1.6565509,-1.6769197,-1.0255598,0.028476,-0.7898941,-0.61258185,0
-3.570811,1.4530885,1.2251942,-0.028476,0.7898941,0.61258185,0
2.9119976,0.70533788,-2.0796592,0.90384436,0.28207803,-0.32171035,0
-0.54903924,2.3780823,-0.65196317,-0.42691293,0.54451764,-0.72197366,0
-1.6662139,0.16171837,-1.6629599,-0.42691293,0.54451764,-0.72197366,0
2.5665994,0.8898375,-2.8882835,0.90384436,0.28207803,-0.32171035,0
3.0827246,0.19411099,-2.0482497,0.90384436,0.28207803,-0.32171035,0
-3.3881104,-0.56973875,-1.196449,-0.42691293,0.54451764,-0.72197366,0
3.3805487,0.41118118,-1.0211842,0.90384436,0.28207803,-0.32171035,0
-3.4272273,0.75054681,1.9086535,-0.90384436,-0.28207803,0.32171035,0
-2.8561521,-1.9169148,-0.92587185,0.028476,-0.7898941,-0.61258185,0
-3.6459014,0.58897954,1.1526248,-0.90384436,-0.28207803,0.32171035,0
-0.44745648,-0.54662597,-2.5808227,0.028476,-0.7898941,-0.61258185,0
-3.3497362,0.2248843,1.6654587,-0.90384436,-0.28207803,0.32171035,0
2.1095815,-2.1729071,-0.36494946,0.028476,-0.7898941,-0.61258185,0
2.3441224,-0.31131077,-2.7544827,0.028476,-0.7898941,-0.61258185,0
-2.6760969,1.0978363,1.7248657,-0.028476,0.7898941,0.61258185,0
-0.10226929,-1.5783427,1.6402605,0.42691293,-0.54451764,0.72197366,0
-2.6859386,-3.0010056,0.70191193,-0.90384436,-0.28207803,0.32171035,0
2.0313206,-1.9539449,-0.65092754,0.028476,-0.7898941,-0.61258185,0
-2.7353501,-0.0013954639,3.1395156,-0.028476,0.7898941,0.61258185,0
2.9002326,-0.84025121,0.4215138,0.42691293,-0.54451764,0.72197366,0
1.6584808,0.21527576,-3.4653628,0.028476,-0.7898941,-0.61258185,0
2.2096241,-2.2446704,-0.22934294,0.42691293,-0.54451764,0.72197366,0
1.864059,-0.63175702,1.191465,0.42691293,-0.54451764,0.72197366,0
3.7436726,-0.34434688,0.29679036,0.42691293,-0.54451764,0.72197366,0
-1.9146106,0.72168291,-1.0937504,-0.42691293,0.54451764,-0.72197366,0
-2.7506518,-0.12910771,3.0382025,-0.90384436,-0.28207803,0.32171035,0
1.0817745,1.7719026,-2.0734711,-0.42691293,0.54451764,-0.72197366,0
-2.8942645,-0.69624484,2.1374526,-0.90384436,-0.28207803,0.32171035,0
-3.2287838,-1.5888042,0.41501808,-0.90384436,-0.28207803,0.32171035,0
-2.6583745,-0.33035183,3.1210024,-0.90384436,-0.28207803,0.32171035,0
3.718154,1.2722521,0.68231034,0.90384436,0.28207803,-0.32171035,0
3.792397,-0.52126753,-0.68167663,0.90384436,0.28207803,-0.32171035,0
-3.2952361,-1.9810191,-0.11557627,-0.90384436,-0.28207803,0.32171035,0
3.0362904,0.11944425,1.06487,0.42691293,-0.54451764,0.72197366,0
-1.7189758,2.0580232,0.53124368,-0.028476,0.7898941,0.61258185,0
2.7900486,2.1233935,-1.1789119,0.90384436,0.28207803,-0.32171035,0
2.3472068,-1.2807804,-1.5042565,0.028476,-0.7898941,-0.61258185,0
-0.13994503,1.997525,0.68265474,-0.028476,0.7898941,0.61258185,0
2.3769426,-1.4869262,-1.2370594,0.028476,-0.7898941,-0.61258185,0
-2.7193511,-2.663733,0.90376234,-0.90384436,-0.28207803,0.32171035,0
0.099941969,2.0301805,0.65169853,-0.028476,0.7898941,0.61258185,0
2.0693388,-0.82754725,-2.1015954,0.028476,-0.7898941,-0.61258185,0
3.6963844,-0.9628576,-0.14173269,0.42691293,-0.54451764,0.72197366,0
3.3251791,1.4741894,-0.24469137,0.90384436,0.28207803,-0.32171035,0
0.71866333,0.47416186,-2.8375235,-0.42691293,0.54451764,-0.72197366,0
0.5617367,0.13010812,2.5361502,0.42691293,-0.54451764,0.72197366,0
-3.814636,-0.34177858,-0.13753033,-0.90384436,-0.28207803,0.32171035,0
0.09960556,0.88722718,2.1254644,-0.028476,0.7898941,0.61258185,0
-3.7353976,0.58636302,0.89889097,-0.90384436,-0.28207803,0.32171035,0
2.8787835,0.54612863,-2.3125694,0.90384436,0.28207803,-0.32171035,0
1.0209664,1.8866222,0.87962359,-0.028476,0.7898941,0.61258185,0
-3.8250334,0.26473892,0.36505747,-0.90384436,-0.28207803,0.32171035,0
-3.3753016,-0.37765098,1.0653255,-0.90384436,-0.28207803,0.32171035,0
-1.6713288,-0.24404836,3.5018668,-0.028476,0.7898941,0.61258185,0
-1.9114716,-1.4055701,-1.5413119,0.028476,-0.7898941,-0.61258185,0
-2.9248991,1.2987273,-0.061142206,-0.42691293,0.54451764,-0.72197366,0
3.3477128,1.1219478,-0.49023104,0.90384436,0.28207803,-0.32171035,0
-0.98675334,-1.3577936,-1.5599315,0.028476,-0.7898941,-0.61258185,0
-2.1398911,0.91798598,1.9816995,-0.028476,0.7898941,0.61258185,0
-1.4704325,0.9430815,-1.1894188,-0.42691293,0.54451764,-0.72197366,0
-2.4296734,-2.6458201,1.7333174,-0.90384436,-0.28207803,0.32171035,0
0.37469101,1.5226948,1.3188478,-0.028476,0.7898941,0.61258185,0
-1.8357033,0.45083559,2.5982068,-0.028476,0.7898941,0.61258185,0
2.5295568,2.6927738,-1.411526,0.90384436,0.28207803,-0.32171035,0
-1.7529455,0.78775513,-1.1395133,-0.42691293,0.54451764,-0.72197366,0
2.4750915,3.1668148,-1.1489034,0.90384436,0.28207803,-0.32171035,0
2.3873303,0.44801068,1.6964159,0.42691293,-0.54451764,0.72197366,0
-2.3377357,-0.068199396,3.2441399,-0.028476,0.7898941,0.61258185,0
-3.055377,-1.6969004,0.80742455,-0.90384436,-0.28207803,0.32171035,0
-2.0240936,-0.2786088,3.5300319,-0.028476,0.7898941,0.61258185,0
2.8171754,2.7048378,-0.5928843,0.90384436,0.28207803,-0.32171035,0
-2.4931374,-1.6766374,2.4048021,-0.90384436,-0.28207803,0.32171035,0
-2.9574084,-1.8281764,0.96756291,-0.90384436,-0.28207803,0.32171035,0
-0.74922371,1.5130007,1.2791026,-0.028476,0.7898941,0.61258185,0
3.3558631,0.31515908,1.0235114,0.42691293,-0.54451764,0.72197366,0
1.5450305,2.8588178,-0.34961355,-0.028476,0.7898941,0.61258185,0
3.3937268,1.9223175,0.34081602,0.90384436,0.28207803,-0.32171035,0
0.93246031,-1.963161,0.73817796,0.42691293,-0.54451764,0.72197366,0
-2.6687455,-0.35406208,3.0710757,-0.90384436,-0.28207803,0.32171035,0
-2.7239041,-0.67473578,2.6349394,-0.90384436,-0.28207803,0.32171035,0
0.46179819,2.9270489,-0.48794848,-0.028476,0.7898941,0.61258185,0
-3.5533955,-1.2448447,-0.19539046,-0.90384436,-0.28207803,0.32171035,0
-3.1108954,0.40903378,2.4979455,-0.90384436,-0.28207803,0.32171035,0
-2.4010015,-3.38552,0.98897958,0.028476,-0.7898941,-0.61258185,0
2.0905089,0.66892374,2.0385444,0.42691293,-0.54451764,0.72197366,0
2.403434,-0.39601016,-2.6425104,0.028476,-0.7898941,-0.61258185,0
2.8589702,0.69729042,1.6055372,0.42691293,-0.54451764,0.72197366,0
-3.9043627,-1.1234202,-1.0749664,-0.90384436,-0.28207803,0.32171035,0
2.9189451,-0.59368563,-2.3636539,0.028476,-0.7898941,-0.61258185,0
2.4617925,-1.0959674,0.48790622,0.42691293,-0.54451764,0.72197366,0
1.5559642,2.676872,-0.11449528,-0.028476,0.7898941,0.61258185,0
2.412899,2.0852954,-2.2719185,0.90384436,0.28207803,-0.32171035,0
-2.5538764,0.23511732,2.8429804,-0.028476,0.7898941,0.61258185,0
2.7542539,-0.6792028,-2.2610393,0.028476,-0.7898941,-0.61258185,0
-2.5634851,-1.289804,2.5463402,-0.90384436,-0.28207803,0.32171035,0
-1.1015062,-0.97182178,2.688565,0.42691293,-0.54451764,0.72197366,0
-1.9560461,-1.5422709,2.7636299,0.42691293,-0.54451764,0.72197366,0
-2.3567016,-1.5185987,-1.4162638,0.028476,-0.7898941,-0.61258185,0
1.9255685,-1.4769555,0.51763892,0.42691293,-0.54451764,0.72197366,0
-3.752346,1.3322065,1.3726263,-0.028476,0.7898941,0.61258185,0
-0.5313344,-0.45207882,2.7434087,0.42691293,-0.54451764,0.72197366,0
2.9993591,-1.3671588,-0.034498453,0.42691293,-0.54451764,0.72197366,0
3.198493,1.9284668,-0.2023015,0.90384436,0.28207803,-0.32171035,0
-3.8312767,-1.3932964,-1.5555315,-0.42691293,0.54451764,-0.72197366,0
0.5477494,2.5577898,-0.0078111291,-0.028476,0.7898941,0.61258185,0
-1.235267,-0.91765237,-2.1390243,0.028476,-0.7898941,-0.61258185,0
-2.1697793,-3.4159591,1.0389781,0.028476,-0.7898941,-0.61258185,0
2.7025816,1.7511091,-1.7510722,0.90384436,0.28207803,-0.32171035,0
-0.77391535,0.27689862,-2.1037185,-0.42691293,0.54451764,-0.72197366,0
1.6904696,1.0970067,1.928916,-0.028476,0.7898941,0.61258185,0
-0.27916765,-1.0659024,-1.9034183,0.028476,-0.7898941,-0.61258185,0
1.2464483,2.0453961,0.68537414,-0.028476,0.7898941,0.61258185,0
3.2016463,1.6874126,-0.40480018,0.90384436,0.28207803,-0.32171035,0
-0.46092534,2.6258826,-0.14250219,-0.028476,0.7898941,0.61258185,0
1.4036664,-0.66878617,-2.3372536,0.028476,-0.7898941,-0.61258185,0
3.8008373,-0.030837834,-0.22795033,0.90384436,0.28207803,-0.32171035,0
2.1855338,1.6291579,1.2657462,-0.028476,0.7898941,0.61258185,0
2.9488568,0.073994398,-2.5296693,0.90384436,0.28207803,-0.32171035,0
0.89541936,-1.7846195,-0.92206752,0.028476,-0.7898941,-0.61258185,0
0.41228747,0.63296604,2.4678571,-0.028476,0.7898941,0.61258185,0
2.3947086,-1.7566181,0.02930665,0.42691293,-0.54451764,0.72197366,0
-2.6734324,1.0481416,-0.39883137,-0.42691293,0.54451764,-0.72197366,0
4.0097952,-1.5297792,-0.95516729,0.90384436,0.28207803,-0.32171035,0
2.3150556,3.3461494,-1.441282,0.90384436,0.28207803,-0.32171035,0
-0.41467404,0.53365767,2.5574684,-0.028476,0.7898941,0.61258185,0
-2.6744356,-1.7918912,1.79439,-0.90384436,-0.28207803,0.32171035,0
1.0021274,-1.2436962,1.2396083,0.42691293,-0.54451764,0.72197366,0
0.81656718,-1.2577643,-1.6050868,0.028476,-0.7898941,-0.61258185,0
-2.1421044,1.4353482,-0.42097902,-0.42691293,0.54451764,-0.72197366,0
-1.0206567,-1.6494489,2.1296868,0.42691293,-0.54451764,0.72197366,0
-0.15039682,-2.8780055,0.43918452,0.028476,-0.7898941,-0.61258185,0
-2.4597454,-0.28372741,3.5163805,-0.028476,0.7898941,0.61258185,0
-3.8209767,0.4136281,-0.19882703,-0.42691293,0.54451764,-0.72197366,0
-2.4172173,-1.0799534,3.141278,-0.90384436,-0.28207803,0.32171035,0
2.0354302,-1.0828438,-1.7739794,0.028476,-0.7898941,-0.61258185,0
-2.4393201,2.0139508,0.55458713,-0.028476,0.7898941,0.61258185,0
0.27623972,1.2993779,-1.9535286,-0.42691293,0.54451764,-0.72197366,0
-2.0631866,0.58772981,2.411114,-0.028476,0.7898941,0.61258185,0
3.8519824,-0.90801668,-0.85337591,0.90384436,0.28207803,-0.32171035,0
2.9983497,0.52342093,-1.9965594,0.90384436,0.28207803,-0.32171035,0
-3.4713564,0.47627378,1.544188,-0.90384436,-0.28207803,0.32171035,0
-3.5458055,-1.4903338,-0.38931394,-0.90384436,-0.28207803,0.32171035,0
-2.6185772,-1.0710716,2.583344,-0.90384436,-0.28207803,0.32171035,0
-0.075236499,0.3671174,-2.4488134,-0.42691293,0.54451764,-0.72197366,0
-1.8112837,0.42316508,2.6350214,-0.028476,0.7898941,0.61258185,0
-0.88075393,-1.3051605,2.3066249,0.42691293,-0.54451764,0.72197366,0
0.33198714,0.69628334,-2.4413512,-0.42691293,0.54451764,-0.72197366,0
-1.3050551,1.3447241,1.4702487,-0.028476,0.7898941,0.61258185,0
0.75972474,-1.9065696,0.88300061,0.42691293,-0.54451764,0.72197366,0
2.4949191,-1.0107234,0.5326097,0.42691293,-0.54451764,0.72197366,0
-0.16440928,1.8760366,-1.258047,-0.42691293,0.54451764,-0.72197366,0
-2.6608887,-2.1161332,1.5481517,-0.90384436,-0.28207803,0.32171035,0
-3.1307147,-2.516011,-0.12243843,-0.90384436,-0.28207803,0.32171035,0
1.4635603,1.4913363,1.4098992,-0.028476,0.7898941,0.61258185,0
-0.8640945,1.6948266,1.039307,-0.028476,0.7898941,0.61258185,0
2.2912591,3.0713744,-1.7490633,0.90384436,0.28207803,-0.32171035,0
-1.4641038,1.0844157,1.7985104,-0.028476,0.7898941,0.61258185,0
-2.8414843,-0.20143807,2.7195895,-0.90384436,-0.28207803,0.32171035,0
2.1185071,1.7598376,-2.6956046,-0.42691293,0.54451764,-0.72197366,0
2.840735,2.372488,-0.81810093,0.90384436,0.28207803,-0.32171035,0
2.3162532,2.4137604,-2.2554433,0.90384436,0.28207803,-0.32171035,0
-3.4486003,0.12970813,1.304249,-0.90384436,-0.28207803,0.32171035,0
2.9592948,0.16019952,-2.4247591,0.90384436,0.28207803,-0.32171035,0
-1.8886048,-2.3885398,2.0854886,0.42691293,-0.54451764,0.72197366,0
-0.90528238,-1.0686995,-1.9289169,0.028476,-0.7898941,-0.61258185,0
-3.5546918,-1.3855174,-0.32237577,-0.90384436,-0.28207803,0.32171035,0
-2.6915722,-1.7952276,1.7433195,-0.90384436,-0.28207803,0.32171035,0
-2.8575835,-1.8474585,1.2311151,-0.90384436,-0.28207803,0.32171035,0
-3.8749292,0.1450395,0.1199224,-0.90384436,-0.28207803,0.32171035,0
-2.4366522,-2.5599182,1.7890303,-0.90384436,-0.28207803,0.32171035,0
3.1790662,1.7329038,-0.42835259,0.90384436,0.28207803,-0.32171035,0
-3.5840721,0.55694348,1.2982442,-0.90384436,-0.28207803,0.32171035,0
2.9960973,1.7980776,-0.88525867,0.90384436,0.28207803,-0.32171035,0
2.6538346,-1.97054,-0.28525949,0.42691293,-0.54451764,0.72197366,0
2.3627315,0.27115083,-3.5046735,0.028476,-0.7898941,-0.61258185,0
2.6130261,1.7678347,-1.9880133,0.90384436,0.28207803,-0.32171035,0
1.4654962,0.75325739,2.3617055,-0.028476,0.7898941,0.61258185,0
3.2884927,-1.1303723,-1.6544442,0.028476,-0.7898941,-0.61258185,0
-0.62581027,0.033443689,-2.3749104,-0.42691293,0.54451764,-0.72197366,0
2.0362246,2.079016,0.67873549,-0.028476,0.7898941,0.61258185,0
3.3050048,0.20036328,-1.4182718,0.90384436,0.28207803,-0.32171035,0
-1.4115529,-0.51519036,-2.3240738,-0.42691293,0.54451764,-0.72197366,0
-3.1633708,1.5438935,1.1270459,-0.028476,0.7898941,0.61258185,0
2.5530794,2.1132104,-1.8536057,0.90384436,0.28207803,-0.32171035,0
-2.3632078,1.8389146,0.78382635,-0.028476,0.7898941,0.61258185,0
-2.6746478,-2.8427191,0.87242103,-0.90384436,-0.28207803,0.32171035,0
-2.7317266,-2.1568108,1.3134665,-0.90384436,-0.28207803,0.32171035,0
3.0963645,0.37913322,-1.8476999,0.90384436,0.28207803,-0.32171035,0
1.3500798,-2.2978961,-0.23908746,0.028476,-0.7898941,-0.61258185,0
-1.3802069,-1.3198369,2.5908895,0.42691293,-0.54451764,0.72197366,0
-1.1565475,0.3220861,-1.8433821,-0.42691293,0.54451764,-0.72197366,0
-0.12189817,1.6702121,1.1055473,-0.028476,0.7898941,0.61258185,0
-2.9425042,-0.048924923,2.5694985,-0.90384436,-0.28207803,0.32171035,0
-0.93421865,-2.6092472,0.056198001,0.028476,-0.7898941,-0.61258185,0
-0.78868759,1.6148319,1.1459614,-0.028476,0.7898941,0.61258185,0
-0.86980224,2.6352069,-0.17353225,-0.028476,0.7898941,0.61258185,0
3.634444,1.3233892,0.49196482,0.90384436,0.28207803,-0.32171035,0
-1.8571136,-2.8440075,1.7233508,0.42691293,-0.54451764,0.72197366,0
3.8831093,0.097118855,0.54729605,0.42691293,-0.54451764,0.72197366,0
0.68103397,1.9053599,0.83966047,-0.028476,0.7898941,0.61258185,0
1.8136027,0.86672664,-3.1889014,-0.42691293,0.54451764,-0.72197366,0
2.9560392,1.0841349,-1.6237924,0.90384436,0.28207803,-0.32171035,0
-2.0956671,1.96654,0.6316967,-0.028476,0.7898941,0.61258185,0
-2.069222,-0.71401119,3.4552317,0.42691293,-0.54451764,0.72197366,0
3.0368347,2.1536698,-0.45902085,0.90384436,0.28207803,-0.32171035,0
0.68518186,-2.7305751,0.28792232,0.028476,-0.7898941,-0.61258185,0
-3.5937068,0.82516241,1.5063529,-0.90384436,-0.28207803,0.32171035,0
3.1398022,1.2608821,-0.95253658,0.90384436,0.28207803,-0.32171035,0
-2.4767618,0.31584358,2.7424724,-0.028476,0.7898941,0.61258185,0
-3.0963984,-1.4125868,0.94146419,-0.90384436,-0.28207803,0.32171035,0
0.45188171,0.65434933,-2.5438731,-0.42691293,0.54451764,-0.72197366,0
2.5550754,1.8655007,-2.0651913,0.90384436,0.28207803,-0.32171035,0
-0.59083903,-2.0760906,1.5537537,0.42691293,-0.54451764,0.72197366,0
-3.7570434,0.63443667,0.88023019,-0.90384436,-0.28207803,0.32171035,0
-4.0104012,0.13256574,-0.27162504,-0.90384436,-0.28207803,0.32171035,0
-2.8395288,-2.8903832,0.33014059,0.028476,-0.7898941,-0.61258185,0
1.8334548,1.2526317,-2.9095876,-0.42691293,0.54451764,-0.72197366,0
3.1408396,1.6912719,-0.57225323,0.90384436,0.28207803,-0.32171035,0
-3.6626728,-1.1775055,-0.44336152,-0.90384436,-0.28207803,0.32171035,0
0.78218567,1.279232,1.6517234,-0.028476,0.7898941,0.61258185,0
-2.6647985,-0.67256808,2.8028967,-0.90384436,-0.28207803,0.32171035,0
-1.8606203,1.8579948,-0.2686615,-0.42691293,0.54451764,-0.72197366,0
2.0172493,-1.5648845,0.39711034,0.42691293,-0.54451764,0.72197366,0
-1.1163166,2.3346152,-0.34930813,-0.42691293,0.54451764,-0.72197366,0
3.9658222,0.3821739,0.59770608,0.90384436,0.28207803,-0.32171035,0
3.3486164,1.6860073,0.0068793297,0.90384436,0.28207803,-0.32171035,0
-2.4438684,-2.0656147,2.2021661,-0.90384436,-0.28207803,0.32171035,0
0.60014462,2.1661837,0.49958098,-0.028476,0.7898941,0.61258185,0
3.1487708,0.46902239,1.2620126,0.42691293,-0.54451764,0.72197366,0
3.3216629,-0.01483053,-1.5601547,0.90384436,0.28207803,-0.32171035,0
0.18996608,-2.1356969,1.0470973,0.42691293,-0.54451764,0.72197366,0
-2.6165125,1.9500796,0.2477591,-0.42691293,0.54451764,-0.72197366,0
-1.0972632,1.9462034,-0.65351737,-0.42691293,0.54451764,-0.72197366,0
2.9155684,2.5425828,-0.45871568,0.90384436,0.28207803,-0.32171035,0
-3.4829228,-1.8757061,-1.0081439,0.028476,-0.7898941,-0.61258185,0
2.147419,-0.91956234,-1.9793165,0.028476,-0.7898941,-0.61258185,0
-0.8454951,-2.659266,0.12481916,0.028476,-0.7898941,-0.61258185,0
0.092841268,-0.24672413,-2.9424155,0.028476,-0.7898941,-0.61258185,0
-0.28835142,0.87802553,2.1192954,-0.028476,0.7898941,0.61258185,0
-0.014256716,1.8028033,-1.4020669,-0.42691293,0.54451764,-0.72197366,0
1.5454497,0.64664459,-3.1963263,-0.42691293,0.54451764,-0.72197366,0
3.7083633,0.0693326,-0.39992523,0.90384436,0.28207803,-0.32171035,0
-0.0021145344,-0.43756878,-2.7007446,0.028476,-0.7898941,-0.61258185,0
-3.1221588,-1.3508384,0.92323089,-0.90384436,-0.28207803,0.32171035,0
2.2746754,-1.6429994,0.18597603,0.42691293,-0.54451764,0.72197366,0
-3.7004724,1.0780454,1.4281249,-0.90384436,-0.28207803,0.32171035,0
-2.2277887,-2.5071614,2.1965873,0.42691293,-0.54451764,0.72197366,0
-3.8930464,0.69717538,0.057641983,-0.42691293,0.54451764,-0.72197366,0
0.7443189,2.0130467,-1.6920562,-0.42691293,0.54451764,-0.72197366,0
-1.5048125,0.75628603,-1.3099717,-0.42691293,0.54451764,-0.72197366,0
0.82206559,-2.3189433,-0.23649329,0.028476,-0.7898941,-0.61258185,0
-2.4130266,-1.4851773,2.7977476,-0.90384436,-0.28207803,0.32171035,0
-2.7884636,0.25740349,2.8033383,-0.028476,0.7898941,0.61258185,0
0.37581897,-2.3210545,0.79740155,0.42691293,-0.54451764,0.72197366,0
-0.1858139,2.8107243,-0.36805782,-0.028476,0.7898941,0.61258185,0
1.069676,0.78690755,2.2999158,-0.028476,0.7898941,0.61258185,0
-2.4604945,-1.4486225,2.6964383,-0.90384436,-0.28207803,0.32171035,0
0.90804911,-1.706095,-1.0227337,0.028476,-0.7898941,-0.61258185,0
-2.1463571,1.5186818,1.2068307,-0.028476,0.7898941,0.61258185,0
0.82571757,2.3426859,0.28247565,-0.028476,0.7898941,0.61258185,0
-0.60151339,2.7450216,-0.34418687,-0.42691293,0.54451764,-0.72197366,0
-1.880321,0.90342855,2.0125365,-0.028476,0.7898941,0.61258185,0
3.7573757,1.4345258,0.9347868,0.90384436,0.28207803,-0.32171035,0
-2.1263599,-0.84964967,3.386718,0.42691293,-0.54451764,0.72197366,0
-3.5783377,-0.24166095,-0.83652639,-0.42691293,0.54451764,-0.72197366,0
3.2389343,-0.72830856,-2.1751897,0.028476,-0.7898941,-0.61258185,0
3.3373351,2.1848378,0.41256332,0.90384436,0.28207803,-0.32171035,0
-2.2482634,0.33396614,-1.1888759,-0.42691293,0.54451764,-0.72197366,0
-0.51546586,2.3182588,-0.71693546,-0.42691293,0.54451764,-0.72197366,0
3.8626828,-1.2355529,-1.1104994,0.90384436,0.28207803,-0.32171035,0
3.7831213,0.68400908,0.34906006,0.90384436,0.28207803,-0.32171035,0
-1.4356012,1.8286922,-0.54208118,-0.42691293,0.54451764,-0.72197366,0
-0.61782932,0.41615927,2.699533,-0.028476,0.7898941,0.61258185,0
-1.2984954,-0.061465263,3.283766,-0.028476,0.7898941,0.61258185,0
1.0371168,-1.1000518,1.3272561,0.42691293,-0.54451764,0.72197366,0
-2.5366595,0.5320785,2.4608641,-0.028476,0.7898941,0.61258185,0
-3.9048243,-0.68224919,-0.68944144,-0.90384436,-0.28207803,0.32171035,0
-1.2053007,2.2422333,-0.36636531,-0.42691293,0.54451764,-0.72197366,0
-2.0530276,-0.56798732,-1.9845806,-0.42691293,0.54451764,-0.72197366,0
-3.4031241,-0.58998561,0.80098152,-0.90384436,-0.28207803,0.32171035,0
-2.7026005,-2.8484411,0.28242326,0.028476,-0.7898941,-0.61258185,0
1.6053317,2.5893767,0.00062048435,-0.028476,0.7898941,0.61258185,0
3.4998872,-0.38004553,-1.3796563,0.90384436,0.28207803,-0.32171035,0
3.3510416,2.0531962,0.33564663,0.90384436,0.28207803,-0.32171035,0
-2.1143475,0.36078393,2.7013712,-0.028476,0.7898941,0.61258185,0
1.5398992,-1.2776976,-1.5457594,0.028476,-0.7898941,-0.61258185,0
-3.2493353,-2.325882,-0.41680574,0.028476,-0.7898941,-0.61258185,0
3.2149711,-1.5786794,-1.0797925,0.028476,-0.7898941,-0.61258185,0
2.2949605,2.4215338,-2.3008885,-0.42691293,0.54451764,-0.72197366,0
-3.1595006,0.26052535,2.2311761,-0.90384436,-0.28207803,0.32171035,0
-1.1233552,-2.9783807,1.1881243,0.42691293,-0.54451764,0.72197366,0
-0.5254066,-0.84419769,-2.2007422,0.028476,-0.7898941,-0.61258185,0
1.4766045,-1.5018681,-1.2596449,0.028476,-0.7898941,-0.61258185,0
-0.079047352,1.0773838,-1.910872,-0.42691293,0.54451764,-0.72197366,0
-1.3035992,1.5008394,1.2690136,-0.028476,0.7898941,0.61258185,0
-2.5353291,-0.64562845,3.1902609,-0.90384436,-0.28207803,0.32171035,0
-2.191643,0.52280486,-1.0799326,-0.42691293,0.54451764,-0.72197366,0
2.6151309,0.41902399,-3.1647477,0.90384436,0.28207803,-0.32171035,0
2.5399828,-1.6586313,0.017306328,0.42691293,-0.54451764,0.72197366,0
-2.8672781,-1.2509947,1.7268622,-0.90384436,-0.28207803,0.32171035,0
-2.6641035,-2.2863822,1.3898447,-0.90384436,-0.28207803,0.32171035,0
1.977869,0.52240491,-3.5457242,-0.42691293,0.54451764,-0.72197366,0
3.2758958,1.2158837,-0.60963702,0.90384436,0.28207803,-0.32171035,0
3.7171392,1.7355144,1.1998019,-0.028476,0.7898941,0.61258185,0
0.066213548,-0.47419143,2.3733928,0.42691293,-0.54451764,0.72197366,0
-0.69963676,-0.68215132,2.6694055,0.42691293,-0.54451764,0.72197366,0
0.4926545,1.5322151,-1.9058901,-0.42691293,0.54451764,-0.72197366,0
-2.6346388,-2.4419703,1.336205,-0.90384436,-0.28207803,0.32171035,0
3.5430763,-1.5118929,-1.1506579,0.028476,-0.7898941,-0.61258185,0
0.77207255,-1.0792964,1.4996344,0.42691293,-0.54451764,0.72197366,0
1.9363362,1.7251825,1.1303432,-0.028476,0.7898941,0.61258185,0
3.7536426,-1.2094622,-1.3939705,0.90384436,0.28207803,-0.32171035,0
0.16889441,0.65974557,2.4220116,-0.028476,0.7898941,0.61258185,0
2.8576534,1.069299,-1.9132144,0.90384436,0.28207803,-0.32171035,0
-3.8805864,0.082003236,0.04875803,-0.90384436,-0.28207803,0.32171035,0
1.5628557,0.14106011,-3.3741105,0.028476,-0.7898941,-0.61258185,0
-0.90549695,-1.6606185,-1.1656766,0.028476,-0.7898941,-0.61258185,0
-2.9270489,-2.5332263,0.4346652,-0.90384436,-0.28207803,0.32171035,0
0.55546868,0.66984153,2.4269631,-0.028476,0.7898941,0.61258185,0
2.2999496,2.0268664,-2.6014993,-0.42691293,0.54451764,-0.72197366,0
1.927549,0.015310764,1.6419456,0.42691293,-0.54451764,0.72197366,0
-2.8616467,-0.54687655,2.3600593,-0.90384436,-0.28207803,0.32171035,0
3.2385049,1.6338344,-0.34822464,0.90384436,0.28207803,-0.32171035,0
2.4881055,2.9358499,-0.40510345,-0.028476,0.7898941,0.61258185,0
0.68734956,-2.2886693,-0.28179216,0.028476,-0.7898941,-0.61258185,0
0.79771519,-2.0417891,-0.59500182,0.028476,-0.7898941,-0.61258185,0
2.0516493,3.3915009,-1.4254589,-0.42691293,0.54451764,-0.72197366,0
-2.1982117,-3.1806712,0.73426461,0.028476,-0.7898941,-0.61258185,0
2.0570941,2.0530574,-2.4381418,-0.42691293,0.54451764,-0.72197366,0
-1.1568128,-0.11320877,-2.1715279,-0.42691293,0.54451764,-0.72197366,0
-2.3073392,-1.7118171,-1.1648232,0.028476,-0.7898941,-0.61258185,0
-2.3392937,-3.0412483,1.6405246,-0.90384436,-0.28207803,0.32171035,0
0.41155803,2.6718459,-0.99841934,-0.42691293,0.54451764,-0.72197366,0
-2.2550988,-3.6128397,1.3758943,-0.90384436,-0.28207803,0.32171035,0
3.736532,0.16280222,-0.23883033,0.90384436,0.28207803,-0.32171035,0
-0.23333204,-0.28903222,-2.8502021,-0.42691293,0.54451764,-0.72197366,0
1.0288545,-1.3227513,1.1641805,0.42691293,-0.54451764,0.72197366,0
-0.01497817,-2.3789113,0.98484969,0.42691293,-0.54451764,0.72197366,0
1.5073018,2.0286934,-2.1314178,-0.42691293,0.54451764,-0.72197366,0
2.3644848,1.8042226,-2.6543844,0.90384436,0.28207803,-0.32171035,0
-0.36241299,-2.1056006,1.3964255,0.42691293,-0.54451764,0.72197366,0
-3.2511125,0.15652734,1.8826053,-0.90384436,-0.28207803,0.32171035,0
-1.7973742,-0.55025887,-2.1223812,-0.42691293,0.54451764,-0.72197366,0
-3.4511571,0.51368994,1.6337445,-0.90384436,-0.28207803,0.32171035,0
1.191167,2.1474326,-1.8549285,-0.42691293,0.54451764,-0.72197366,0
1.212189,2.9999771,-1.2243644,-0.42691293,0.54451764,-0.72197366,0
-0.79326051,-0.93489456,2.5341458,0.42691293,-0.54451764,0.72197366,0
0.3779892,-1.2725081,1.5869395,0.42691293,-0.54451764,0.72197366,0
-2.3098841,-2.6088033,2.1023219,-0.90384436,-0.28207803,0.32171035,0
-3.2548153,-2.0227644,-0.038616896,-0.90384436,-0.28207803,0.32171035,0
1.1033262,2.3261435,0.31671101,-0.028476,0.7898941,0.61258185,0
-0.48134208,2.1169817,-0.8889178,-0.42691293,0.54451764,-0.72197366,0
0.40375388,-0.58466697,-2.4922023,0.028476,-0.7898941,-0.61258185,0
1.0025959,-1.7868612,0.82967216,0.42691293,-0.54451764,0.72197366,0
-2.5039334,1.193638,1.6093371,-0.028476,0.7898941,0.61258185,0
-3.1705632,-2.0121815,-0.81764531,0.028476,-0.7898941,-0.61258185,0
2.1978617,-1.736784,-0.92320466,0.028476,-0.7898941,-0.61258185,0
2.688988,2.637887,-1.0117292,0.90384436,0.28207803,-0.32171035,0
-3.0175378,-1.9383284,0.70204782,-0.90384436,-0.28207803,0.32171035,0
1.1560677,1.9042443,0.86318088,-0.028476,0.7898941,0.61258185,0
-2.2755802,-3.178901,0.72838473,0.028476,-0.7898941,-0.61258185,0
-2.5917044,-1.9368668,1.8997071,-0.90384436,-0.28207803,0.32171035,0
-3.1959352,0.5893994,2.3563051,-0.028476,0.7898941,0.61258185,0
2.7221286,2.8292027,-0.75087333,0.90384436,0.28207803,-0.32171035,0
-2.9633505,-0.63575089,1.9963973,-0.90384436,-0.28207803,0.32171035,0
1.816686,1.2957454,-2.8671553,-0.42691293,0.54451764,-0.72197366,0
-2.810123,-0.71424329,2.3580658,-0.90384436,-0.28207803,0.32171035,0
1.3042901,-1.2048265,1.0902508,0.42691293,-0.54451764,0.72197366,0
2.0971737,-1.0081992,-1.8673592,0.028476,-0.7898941,-0.61258185,0
-0.19740587,-1.0453448,2.0985069,0.42691293,-0.54451764,0.72197366,0
-2.7437439,-1.4499313,-1.5227987,0.028476,-0.7898941,-0.61258185,0
0.35848475,-1.1187897,-1.8055816,0.028476,-0.7898941,-0.61258185,0
-3.1231353,-1.6604099,-1.2690327,0.028476,-0.7898941,-0.61258185,0
-3.9504077,0.46051514,-0.086930037,-0.42691293,0.54451764,-0.72197366,0
2.1986449,-0.45472646,1.1271375,0.42691293,-0.54451764,0.72197366,0
-2.8025823,0.23652339,2.8296063,-0.028476,0.7898941,0.61258185,0
2.15201,1.350778,1.623145,-0.028476,0.7898941,0.61258185,0
-1.549361,-2.7706466,0.2357198,0.028476,-0.7898941,-0.61258185,0
2.0408247,-2.0863209,-0.47979403,0.028476,-0.7898941,-0.61258185,0
-0.84856939,-2.2544477,-0.39731687,0.028476,-0.7898941,-0.61258185,0
-1.0257728,-0.72579169,-2.3766804,0.028476,-0.7898941,-0.61258185,0
1.9536103,2.1511998,0.58181798,-0.028476,0.7898941,0.61258185,0
3.484704,1.8421054,1.051553,-0.028476,0.7898941,0.61258185,0
3.3479028,-0.44158804,-1.8606176,0.90384436,0.28207803,-0.32171035,0
2.5446553,2.2797778,-1.731225,0.90384436,0.28207803,-0.32171035,0
-2.6440995,-0.56307435,2.9570553,-0.90384436,-0.28207803,0.32171035,0
1.8063176,0.88010454,2.2139854,-0.028476,0.7898941,0.61258185,0
0.084301949,-2.4051807,-0.15958947,0.028476,-0.7898941,-0.61258185,0
-1.4685082,-1.2761341,-1.6876218,0.028476,-0.7898941,-0.61258185,0
2.8729997,2.6754429,-0.051429987,-0.028476,0.7898941,0.61258185,0
-4.0022311,1.5590904,1.0021172,-0.90384436,-0.28207803,0.32171035,0
-0.48373199,1.8557817,-1.0845035,-0.42691293,0.54451764,-0.72197366,0
-1.5998927,-0.73499167,-2.3784814,-0.42691293,0.54451764,-0.72197366,0
3.1371291,0.68420643,-1.4656804,0.90384436,0.28207803,-0.32171035,0
2.5229728,2.6696362,-1.4503102,0.90384436,0.28207803,-0.32171035,0
-2.39505,-3.4285438,1.0447338,0.028476,-0.7898941,-0.61258185,0
-2.2950759,-3.512042,1.3519585,-0.90384436,-0.28207803,0.32171035,0
2.572006,-1.9273386,-0.66010213,0.028476,-0.7898941,-0.61258185,0
3.9573975,1.43074,1.4934278,0.90384436,0.28207803,-0.32171035,0
-0.07121563,0.89783877,2.1038406,-0.028476,0.7898941,0.61258185,0
2.9889643,2.2183726,-0.53678083,0.90384436,0.28207803,-0.32171035,0
-1.5101709,-2.2524028,1.964391,0.42691293,-0.54451764,0.72197366,0
-3.8262515,0.49475682,0.56331682,-0.90384436,-0.28207803,0.32171035,0
3.2411942,-0.52416497,-2.2328193,0.90384436,0.28207803,-0.32171035,0
-0.57359004,0.24378562,2.9238567,-0.028476,0.7898941,0.61258185,0
-1.0079862,-3.2241614,0.84567034,0.028476,-0.7898941,-0.61258185,0
-2.5976648,1.7038966,0.050941229,-0.42691293,0.54451764,-0.72197366,0
-2.3222978,-2.0743272,-0.69808006,0.028476,-0.7898941,-0.61258185,0
-1.462142,-2.2093675,1.9684486,0.42691293,-0.54451764,0.72197366,0
3.2478697,0.23052549,1.0235384,0.42691293,-0.54451764,0.72197366,0
2.1030581,0.99635732,2.0778775,-0.028476,0.7898941,0.61258185,0
-1.7605808,-2.5757229,1.8686118,0.42691293,-0.54451764,0.72197366,0
3.7024918,-0.66955876,-1.0642867,0.90384436,0.28207803,-0.32171035,0
3.7264502,0.088060528,-0.33269,0.90384436,0.28207803,-0.32171035,0
3.6423779,-0.59260184,-1.1657012,0.90384436,0.28207803,-0.32171035,0
0.73342812,0.18245196,-3.0662637,-0.42691293,0.54451764,-0.72197366,0
1.4918556,-2.3478549,-0.16807771,0.028476,-0.7898941,-0.61258185,0
-2.481859,-3.2204869,0.77241898,0.028476,-0.7898941,-0.61258185,0
-0.70465255,-1.714843,-1.0864203,0.028476,-0.7898941,-0.61258185,0
-3.5361702,-0.99896753,-1.4326264,-0.42691293,0.54451764,-0.72197366,0
-2.0658705,-3.0061853,1.7244766,0.42691293,-0.54451764,0.72197366,0
-0.75267196,-2.3257377,-0.30093426,0.028476,-0.7898941,-0.61258185,0
-0.38527989,2.0121865,0.65234494,-0.028476,0.7898941,0.61258185,0
3.6970091,-1.6413938,-0.65385842,0.42691293,-0.54451764,0.72197366,0
-1.5301162,-2.4388483,1.835566,0.42691293,-0.54451764,0.72197366,0
-3.7506266,0.88525432,1.1181748,-0.90384436,-0.28207803,0.32171035,0
-3.8116269,0.24994808,0.38975358,-0.90384436,-0.28207803,0.32171035,0
3.0791633,-0.9904201,-1.8446367,0.028476,-0.7898941,-0.61258185,0
2.9693809,2.059171,-0.73138976,0.90384436,0.28207803,-0.32171035,0
-0.71950167,-0.31271982,-2.5805886,-0.42691293,0.54451764,-0.72197366,0
-2.7912378,-2.3528786,0.97435665,-0.90384436,-0.28207803,0.32171035,0
-1.4233608,-0.89489663,-2.1771102,0.028476,-0.7898941,-0.61258185,0
2.0643759,-2.2051115,-0.1136198,0.42691293,-0.54451764,0.72197366,0
0.58396542,2.4392874,-1.2757636,-0.42691293,0.54451764,-0.72197366,0
-2.0230963,-2.4420333,2.12467,0.42691293,-0.54451764,0.72197366,0
-2.475821,-1.2857349,2.7961986,-0.90384436,-0.28207803,0.32171035,0
-0.55763102,2.0420132,-0.90034896,-0.42691293,0.54451764,-0.72197366,0
2.6261425,1.5292697,-2.1603386,0.90384436,0.28207803,-0.32171035,0
-2.3454583,-3.0861111,1.583869,-0.90384436,-0.28207803,0.32171035,0
2.3461099,1.2372081,-3.2031713,0.90384436,0.28207803,-0.32171035,0
2.6774583,1.2854795,-2.2299228,0.90384436,0.28207803,-0.32171035,0
2.7873337,1.715283,-1.5443745,0.90384436,0.28207803,-0.32171035,0
-0.25343227,-2.7306271,0.86058456,0.42691293,-0.54451764,0.72197366,0
2.5248182,0.61943793,-3.2427559,0.90384436,0.28207803,-0.32171035,0
-0.95991039,-0.71070719,-2.3930697,0.028476,-0.7898941,-0.61258185,0
2.6060395,0.60341597,-3.0286133,0.90384436,0.28207803,-0.32171035,0
1.8073975,1.5752196,-2.6508815,-0.42691293,0.54451764,-0.72197366,0
-0.28508115,-2.4379702,-0.1344799,0.028476,-0.7898941,-0.61258185,0
-0.4856528,-0.67715144,-2.4142923,0.028476,-0.7898941,-0.61258185,0
0.74033952,2.6619637,-1.2002854,-0.42691293,0.54451764,-0.72197366,0
-2.9774439,1.8024364,0.80230975,-0.028476,0.7898941,0.61258185,0
0.72429585,-0.083839417,-3.1230941,0.028476,-0.7898941,-0.61258185,0
1.873906,-0.60222983,-2.4012151,0.028476,-0.7898941,-0.61258185,0
3.6274996,-0.68653846,0.10740209,0.42691293,-0.54451764,0.72197366,0
2.3441782,0.78940821,-3.5609517,-0.42691293,0.54451764,-0.72197366,0
-1.7256505,0.041342497,3.1313434,-0.028476,0.7898941,0.61258185,0
1.0174422,-0.80666804,1.5601621,0.42691293,-0.54451764,0.72197366,0
-0.63267541,-2.6654255,0.14265454,0.028476,-0.7898941,-0.61258185,0
-1.4017757,0.12537527,-1.8467362,-0.42691293,0.54451764,-0.72197366,0
-1.4307195,0.77576417,2.1980529,-0.028476,0.7898941,0.61258185,0
-1.8935937,-0.74110258,-2.2094209,-0.42691293,0.54451764,-0.72197366,0
-0.095840946,-0.97838712,2.0889502,0.42691293,-0.54451764,0.72197366,0
0.4151476,1.5210035,-1.8685155,-0.42691293,0.54451764,-0.72197366,0
-3.6883445,0.88432634,0.077749252,-0.42691293,0.54451764,-0.72197366,0
