0.50079012,-2.1575406,-3.623662,-0.054545444,-0.23787288,-0.9697634,0
0.012934834,1.7306943,3.6994677,0.054545444,0.23787288,0.9697634,0
0.11613333,-2.7008948,-0.046707749,-0.78314036,-0.59231925,0.18933837,0
-0.0044965744,-1.0324361,4.3782158,0.054545444,0.23787288,0.9697634,0
2.6655798,-3.1932368,-0.70986891,0.61944807,-0.76978844,0.15397954,0
1.3993204,-0.30535913,-3.0897365,0.78314036,0.59231925,-0.18933837,0
-0.8312248,-1.4567907,-0.073155701,-0.78314036,-0.59231925,0.18933837,0
-1.6488427,0.37265682,-4.1233845,-0.054545444,-0.23787288,-0.9697634,0
-2.3406839,3.0930982,-1.0977832,-0.61944807,0.76978844,-0.15397954,0
-3.033505,0.94313687,-4.1854348,-0.054545444,-0.23787288,-0.9697634,0
1.5223262,-3.1996939,-3.4254899,-0.054545444,-0.23787288,-0.9697634,0
2.1508145,-1.3608961,-3.2835147,0.78314036,0.59231925,-0.18933837,0
2.1596074,-3.62152,-0.81549406,0.61944807,-0.76978844,0.15397954,0
-0.48104948,-0.0381217,-4.0883083,-0.054545444,-0.23787288,-0.9697634,0
-3.1492648,1.446805,-4.3024683,-0.054545444,-0.23787288,-0.9697634,0
1.81248,-3.3356731,2.010006,0.61944807,-0.76978844,0.15397954,0
-0.13855422,-0.56638575,4.2714386,0.054545444,0.23787288,0.9697634,0
2.0281975,0.62332952,2.4166973,0.78314036,0.59231925,-0.18933837,0
-1.7453086,0.4497118,-4.1368589,-0.054545444,-0.23787288,-0.9697634,0
-0.55802643,0.97898066,3.9159698,0.054545444,0.23787288,0.9697634,0
-3.1953192,2.4430931,-0.90921426,-0.61944807,0.76978844,-0.15397954,0
1.3437417,-1.9233508,-3.728519,-0.054545444,-0.23787288,-0.9697634,0
-3.4780049,1.2515994,-4.2360964,-0.054545444,-0.23787288,-0.9697634,0
3.3776982,-1.3141177,1.9374552,0.78314036,0.59231925,-0.18933837,0
2.1544871,-0.58732605,4.1476002,0.054545444,0.23787288,0.9697634,0
-1.7858593,0.78156972,2.9806962,-0.78314036,-0.59231925,0.18933837,0
1.7593877,-4.0214114,-1.2046154,0.61944807,-0.76978844,0.15397954,0
1.1697164,-2.1933441,-3.6525044,-0.054545444,-0.23787288,-0.9697634,0
-1.5333509,0.029363275,-4.0456743,-0.054545444,-0.23787288,-0.9697634,0
0.84944832,2.1531649,3.5487895,0.054545444,0.23787288,0.9697634,0
-1.1762769,0.93965673,3.9603899,0.054545444,0.23787288,0.9697634,0
1.5445468,-3.9247489,0.14291716,0.61944807,-0.76978844,0.15397954,0
-1.096015,2.032464,3.6878214,0.054545444,0.23787288,0.9697634,0
-0.85316718,-0.36364061,-3.9875319,-0.054545444,-0.23787288,-0.9697634,0
1.6782994,-3.4416375,2.0200572,0.61944807,-0.76978844,0.15397954,0
-0.83828807,2.9256716,-2.2370811,0.78314036,0.59231925,-0.18933837,0
2.1650062,-0.21642923,0.35549384,0.78314036,0.59231925,-0.18933837,0
-1.6278319,4.2255068,1.695704,-0.61944807,0.76978844,-0.15397954,0
1.6847019,-3.2245283,-3.4285312,-0.054545444,-0.23787288,-0.9697634,0
-3.0496812,0.44541717,-3.2983239,-0.78314036,-0.59231925,0.18933837,0
3.4103427,-2.0625498,1.9466385,0.61944807,-0.76978844,0.15397954,0
2.2125452,0.37433201,2.4002395,0.78314036,0.59231925,-0.18933837,0
1.2696742,0.83558333,-0.056696475,0.78314036,0.59231925,-0.18933837,0
-1.9013877,1.8686455,3.7733033,0.054545444,0.23787288,0.9697634,0
-2.0057828,3.0673871,-2.5736008,-0.61944807,0.76978844,-0.15397954,0
-0.92474014,-2.042623,-2.292649,-0.78314036,-0.59231925,0.18933837,0
3.5557616,-2.3271761,0.038685828,0.61944807,-0.76978844,0.15397954,0
-1.9711974,3.0880432,-2.6094713,-0.61944807,0.76978844,-0.15397954,0
1.6574233,-1.3662392,4.3666172,0.054545444,0.23787288,0.9697634,0
-2.9013286,1.1138839,-4.2347522,-0.054545444,-0.23787288,-0.9697634,0
0.53282094,0.68355632,-3.5800598,0.78314036,0.59231925,-0.18933837,0
-0.72908199,-1.6660445,-0.30529368,-0.78314036,-0.59231925,0.18933837,0
-1.6072245,0.60672534,3.1725883,-0.78314036,-0.59231925,0.18933837,0
-3.0626223,2.8665881,0.67413044,-0.61944807,0.76978844,-0.15397954,0
-3.0347466,2.4857028,-1.3421671,-0.61944807,0.76978844,-0.15397954,0
-3.5004308,2.7589979,2.0750098,-0.78314036,-0.59231925,0.18933837,0
1.4704874,-3.4068778,3.0298462,0.61944807,-0.76978844,0.15397954,0
-0.1675273,1.5990617,3.7419062,0.054545444,0.23787288,0.9697634,0
-1.757732,4.3085976,3.166728,0.054545444,0.23787288,0.9697634,0
-1.9737056,1.7247436,-4.4367647,-0.054545444,-0.23787288,-0.9697634,0
-3.3441677,1.0708606,-2.559762,-0.78314036,-0.59231925,0.18933837,0
2.7948098,-2.6808896,1.3316212,0.61944807,-0.76978844,0.15397954,0
1.5070691,-4.2497983,-1.3313272,0.61944807,-0.76978844,0.15397954,0
1.6428756,-1.070375,4.2948627,0.054545444,0.23787288,0.9697634,0
-2.6821423,3.2859731,1.2401159,-0.61944807,0.76978844,-0.15397954,0
-0.83153665,3.3189526,3.3573828,0.054545444,0.23787288,0.9697634,0
0.74236751,-0.98830253,-3.9240518,-0.054545444,-0.23787288,-0.9697634,0
-1.1771575,-1.2738972,-0.93184197,-0.78314036,-0.59231925,0.18933837,0
-2.1622663,0.67012548,-4.1674728,-0.054545444,-0.23787288,-0.9697634,0
2.4210677,-3.5387914,-1.4537439,0.61944807,-0.76978844,0.15397954,0
2.2478411,-3.8094029,-2.1097331,0.61944807,-0.76978844,0.15397954,0
1.2865546,1.3914514,1.7520828,0.78314036,0.59231925,-0.18933837,0
3.6906171,-1.5312641,3.4751673,0.61944807,-0.76978844,0.15397954,0
-0.069317937,-3.0713656,-3.367444,-0.054545444,-0.23787288,-0.9697634,0
-3.0748606,2.5620925,-0.79889774,-0.61944807,0.76978844,-0.15397954,0
-2.2857385,2.874433,-2.4119954,-0.61944807,0.76978844,-0.15397954,0
-2.5850542,1.3543034,1.4667906,-0.78314036,-0.59231925,0.18933837,0
-2.0095856,2.9408727,-3.190788,-0.61944807,0.76978844,-0.15397954,0
2.6373744,0.28910905,3.9054599,0.054545444,0.23787288,0.9697634,0
2.3271954,-3.155087,0.84214652,0.61944807,-0.76978844,0.15397954,0
2.7629423,0.099619985,3.9448767,0.054545444,0.23787288,0.9697634,0
-3.1699929,2.5438223,-0.50752628,-0.61944807,0.76978844,-0.15397954,0
-1.8143959,3.4775109,-1.2932125,-0.61944807,0.76978844,-0.15397954,0
-0.24725747,0.065805674,-4.1269507,-0.054545444,-0.23787288,-0.9697634,0
-0.41599417,3.996196,2.8585958,0.78314036,0.59231925,-0.18933837,0
3.3333726,-2.2974367,1.0820169,0.61944807,-0.76978844,0.15397954,0
-0.78478312,-0.77421421,-3.8906693,-0.054545444,-0.23787288,-0.9697634,0
3.3968222,-2.7403836,-2.445323,0.78314036,0.59231925,-0.18933837,0
3.1848562,-2.7115965,-0.39101863,0.61944807,-0.76978844,0.15397954,0
-1.2741876,4.5008597,1.6495907,-0.61944807,0.76978844,-0.15397954,0
-0.47238207,-2.8742802,-3.023334,-0.78314036,-0.59231925,0.18933837,0
-0.57293487,2.4528584,-2.6186626,0.78314036,0.59231925,-0.18933837,0
1.104856,-2.2818463,4.6222863,0.054545444,0.23787288,0.9697634,0
-0.028152347,-1.9438848,1.7247009,-0.78314036,-0.59231925,0.18933837,0
-0.4159821,-0.64558852,-3.9429636,-0.054545444,-0.23787288,-0.9697634,0
2.2618003,-0.8021732,-1.0765674,0.78314036,0.59231925,-0.18933837,0
1.9219084,-1.6279823,-3.8334894,-0.054545444,-0.23787288,-0.9697634,0
3.7720623,-1.4040952,3.783273,0.61944807,-0.76978844,0.15397954,0
-0.92750609,3.6117408,3.2909627,0.054545444,0.23787288,0.9697634,0
3.141211,-2.2388983,2.1477163,0.61944807,-0.76978844,0.15397954,0
2.6909661,-2.1367574,-3.4765186,0.78314036,0.59231925,-0.18933837,0
-1.2905042,0.1459204,3.0410388,-0.78314036,-0.59231925,0.18933837,0
1.1319273,-0.42144895,-4.0850058,-0.054545444,-0.23787288,-0.9697634,0
-0.31949782,2.1389773,-2.5523305,0.78314036,0.59231925,-0.18933837,0
-2.6198215,1.6360677,2.2044466,-0.78314036,-0.59231925,0.18933837,0
3.0369499,-3.3382573,-2.9288626,0.61944807,-0.76978844,0.15397954,0
0.30173767,0.071441054,4.0902219,0.054545444,0.23787288,0.9697634,0
2.1074092,-3.6685061,-0.84040022,0.61944807,-0.76978844,0.15397954,0
-0.57303697,0.33520007,4.0747261,0.054545444,0.23787288,0.9697634,0
-3.4508002,2.9752903,2.7791736,-0.61944807,0.76978844,-0.15397954,0
-3.026021,1.9641944,-3.9844449,-0.61944807,0.76978844,-0.15397954,0
-0.67406821,2.5778983,3.5302987,0.054545444,0.23787288,0.9697634,0
1.9732292,-4.1518707,-2.7170839,0.61944807,-0.76978844,0.15397954,0
1.2159247,-3.0271533,3.4815891,-0.78314036,-0.59231925,0.18933837,0
-0.50776291,-1.3305193,1.6597698,-0.78314036,-0.59231925,0.18933837,0
1.5315529,-0.79004562,4.2323627,0.054545444,0.23787288,0.9697634,0
-2.4767737,3.6799843,2.3837101,-0.61944807,0.76978844,-0.15397954,0
2.5081983,-3.4331105,-1.2759326,0.61944807,-0.76978844,0.15397954,0
2.8911157,-2.3598588,2.5491147,0.61944807,-0.76978844,0.15397954,0
1.0421033,1.1945899,3.7730818,0.054545444,0.23787288,0.9697634,0
1.1616795,-4.6736937,-2.0610256,0.61944807,-0.76978844,0.15397954,0
0.14722574,0.24485779,-4.193059,-0.054545444,-0.23787288,-0.9697634,0
1.4026589,-4.2889433,-3.1515779,-0.054545444,-0.23787288,-0.9697634,0
-0.55000043,-1.6390278,-3.6917448,-0.054545444,-0.23787288,-0.9697634,0
0.74927402,-2.9244769,1.8726394,-0.78314036,-0.59231925,0.18933837,0
2.8529949,-2.2148294,3.4275165,0.61944807,-0.76978844,0.15397954,0
1.5069561,-4.1301312,-0.73262262,0.61944807,-0.76978844,0.15397954,0
-1.1076541,4.5955586,1.8727834,0.78314036,0.59231925,-0.18933837,0
1.6792667,-3.70825,0.68329382,0.61944807,-0.76978844,0.15397954,0
2.6574025,-2.2423229,4.0769229,0.61944807,-0.76978844,0.15397954,0
0.16955578,3.1545398,3.341404,0.054545444,0.23787288,0.9697634,0
2.3090184,-3.8615584,-3.3073897,-0.054545444,-0.23787288,-0.9697634,0
3.4812939,-2.1810741,1.0686693,0.61944807,-0.76978844,0.15397954,0
-1.8102791,2.8673217,-4.3602829,-0.61944807,0.76978844,-0.15397954,0
-2.2296672,2.7460105,-3.279588,-0.61944807,0.76978844,-0.15397954,0
2.6941931,-0.90412819,4.1949515,0.054545444,0.23787288,0.9697634,0
3.5382543,-1.1091925,3.2426264,0.78314036,0.59231925,-0.18933837,0
3.5150087,-1.7030238,3.3229518,0.61944807,-0.76978844,0.15397954,0
-3.5894246,0.98557496,-3.8409977,-0.78314036,-0.59231925,0.18933837,0
-1.8048277,3.639895,-0.51989901,-0.61944807,0.76978844,-0.15397954,0
-0.70366591,-2.0631528,-1.4424677,-0.78314036,-0.59231925,0.18933837,0
3.026674,-1.9697512,-1.5655081,0.78314036,0.59231925,-0.18933837,0
-1.8557582,-0.40529615,-3.9209228,-0.054545444,-0.23787288,-0.9697634,0
-2.7383723,2.1769867,-4.0778227,-0.61944807,0.76978844,-0.15397954,0
-1.2295434,-0.28518772,1.9445226,-0.78314036,-0.59231925,0.18933837,0
2.0010848,-2.9009759,3.4244425,0.61944807,-0.76978844,0.15397954,0
-0.7948339,1.6408591,-4.4824958,-0.054545444,-0.23787288,-0.9697634,0
-1.9446323,3.9086735,1.3862276,-0.61944807,0.76978844,-0.15397954,0
0.77100599,-1.1583146,-3.8839602,-0.054545444,-0.23787288,-0.9697634,0
0.60585463,1.5905715,-0.44050598,0.78314036,0.59231925,-0.18933837,0
-0.66566825,1.3975317,-4.4300756,-0.054545444,-0.23787288,-0.9697634,0
-2.8655276,2.4059577,3.5966542,-0.78314036,-0.59231925,0.18933837,0
2.6595159,-2.677217,1.8942585,0.61944807,-0.76978844,0.15397954,0
-2.8009079,0.25331587,-2.8703115,-0.78314036,-0.59231925,0.18933837,0
2.6451869,-1.262229,4.2855473,0.054545444,0.23787288,0.9697634,0
0.89615291,2.0078676,3.5818024,0.054545444,0.23787288,0.9697634,0
-0.6687777,3.0401113,3.416625,0.054545444,0.23787288,0.9697634,0
-2.3996332,1.2269135,-4.2906957,-0.054545444,-0.23787288,-0.9697634,0
-2.8840256,1.9453542,2.0792084,-0.78314036,-0.59231925,0.18933837,0
3.3613298,-2.5605831,-0.34599936,0.61944807,-0.76978844,0.15397954,0
2.2187579,-3.784508,-1.8682752,0.61944807,-0.76978844,0.15397954,0
-3.2216434,1.824911,-3.893786,-0.61944807,0.76978844,-0.15397954,0
1.9520284,0.18269742,0.72318876,0.78314036,0.59231925,-0.18933837,0
2.7243237,-3.0454175,-0.20720065,0.61944807,-0.76978844,0.15397954,0
-2.0016294,3.6825471,3.3340106,0.054545444,0.23787288,0.9697634,0
3.423326,-3.0733812,-3.1590328,0.61944807,-0.76978844,0.15397954,0
-0.51475358,3.7889688,1.8018286,0.78314036,0.59231925,-0.18933837,0
-1.8380364,0.45916808,1.7562922,-0.78314036,-0.59231925,0.18933837,0
1.8705068,-0.70498294,4.1924324,0.054545444,0.23787288,0.9697634,0
2.4172444,-3.1591725,0.45946312,0.61944807,-0.76978844,0.15397954,0
0.26126575,-1.6260526,3.9160852,-0.78314036,-0.59231925,0.18933837,0
-3.2875702,0.98696923,-2.5881081,-0.78314036,-0.59231925,0.18933837,0
1.002645,1.2140834,0.022905588,0.78314036,0.59231925,-0.18933837,0
3.146822,-3.0942905,-2.1512094,0.61944807,-0.76978844,0.15397954,0
2.0253258,-1.1128303,-3.0265207,0.78314036,0.59231925,-0.18933837,0
-2.8561749,2.1638846,-3.6694095,-0.61944807,0.76978844,-0.15397954,0
-2.4221525,3.8602455,3.0651503,-0.61944807,0.76978844,-0.15397954,0
2.865319,-0.91283673,1.0735068,0.78314036,0.59231925,-0.18933837,0
1.5984248,-1.6630619,-3.8066905,-0.054545444,-0.23787288,-0.9697634,0
0.81836021,-3.1440258,-3.3995495,-0.054545444,-0.23787288,-0.9697634,0
1.1273232,1.0827368,0.12769955,0.78314036,0.59231925,-0.18933837,0
-3.6594329,2.1141863,-0.68642193,-0.61944807,0.76978844,-0.15397954,0
2.8265147,-2.0392303,4.4119134,0.61944807,-0.76978844,0.15397954,0
-2.0894387,1.0790334,2.6556072,-0.78314036,-0.59231925,0.18933837,0
0.036528826,-2.986496,-3.3942151,-0.054545444,-0.23787288,-0.9697634,0
1.1723137,-0.011922419,4.0617032,0.054545444,0.23787288,0.9697634,0
-0.63501936,-0.37626266,4.1186738,-0.78314036,-0.59231925,0.18933837,0
1.6922154,-0.60218191,-2.8068345,0.78314036,0.59231925,-0.18933837,0
3.5758872,-2.2351806,-0.12421572,0.78314036,0.59231925,-0.18933837,0
-3.0257759,2.8886788,0.63633811,-0.61944807,0.76978844,-0.15397954,0
-2.8103023,3.1032932,3.5215802,0.054545444,0.23787288,0.9697634,0
0.60762262,0.7674365,-3.0082576,0.78314036,0.59231925,-0.18933837,0
-2.5838623,3.3435278,1.1324761,-0.61944807,0.76978844,-0.15397954,0
3.1285906,-2.6914036,-0.063717425,0.61944807,-0.76978844,0.15397954,0
2.0923958,0.25842249,1.5406713,0.78314036,0.59231925,-0.18933837,0
-1.4592996,3.0335565,-4.4682007,0.78314036,0.59231925,-0.18933837,0
-1.9056802,3.4683003,-0.97202718,-0.61944807,0.76978844,-0.15397954,0
-2.3864031,3.6789148,2.0148087,-0.61944807,0.76978844,-0.15397954,0
-1.5592964,4.3208923,1.896852,-0.61944807,0.76978844,-0.15397954,0
3.4449069,-2.9399109,-2.8706281,0.78314036,0.59231925,-0.18933837,0
-1.3388966,-1.817754,-3.3022084,-0.78314036,-0.59231925,0.18933837,0
1.057234,1.3308915,0.61411476,0.78314036,0.59231925,-0.18933837,0
3.2954235,-2.883028,-3.3109703,0.78314036,0.59231925,-0.18933837,0
2.6696749,-2.4232485,3.1230526,0.61944807,-0.76978844,0.15397954,0
-0.71559024,2.4010925,-3.3706553,0.78314036,0.59231925,-0.18933837,0
-3.064749,2.0828283,-3.2355583,-0.61944807,0.76978844,-0.15397954,0
2.2064967,0.57820475,3.0130105,0.78314036,0.59231925,-0.18933837,0
0.80387759,-0.36945498,4.170125,0.054545444,0.23787288,0.9697634,0
-0.34017146,0.23669803,4.0857906,0.054545444,0.23787288,0.9697634,0
3.2174668,-2.3697219,-2.0276072,0.78314036,0.59231925,-0.18933837,0
1.6959748,0.045001388,4.0182862,0.054545444,0.23787288,0.9697634,0
2.7987132,-3.2573667,-1.5660586,0.61944807,-0.76978844,0.15397954,0
0.51851869,-2.9775748,-3.4235134,-0.054545444,-0.23787288,-0.9697634,0
-1.1061058,-0.27709818,2.4803915,-0.78314036,-0.59231925,0.18933837,0
1.9414737,-0.5502739,4.1504927,0.054545444,0.23787288,0.9697634,0
0.19299376,0.65859127,-4.2971172,-0.054545444,-0.23787288,-0.9697634,0
1.7588319,-2.0037985,4.5172997,0.054545444,0.23787288,0.9697634,0
2.8857851,-1.8922434,4.4265499,0.054545444,0.23787288,0.9697634,0
-2.7091475,-0.031077981,-3.38046,-0.78314036,-0.59231925,0.18933837,0
-2.9148221,2.1708612,-3.3985996,-0.61944807,0.76978844,-0.15397954,0
2.1279709,-1.7582561,4.4363079,0.054545444,0.23787288,0.9697634,0
-2.2512884,2.2105322,3.7091222,0.054545444,0.23787288,0.9697634,0
1.5011607,-1.329067,4.3662882,0.054545444,0.23787288,0.9697634,0
2.7861383,-2.2716012,3.412657,0.61944807,-0.76978844,0.15397954,0
-2.0029733,2.78074,-4.0179367,-0.61944807,0.76978844,-0.15397954,0
0.63300395,-2.6138265,2.3635526,-0.78314036,-0.59231925,0.18933837,0
-1.9223804,0.76728141,2.3713195,-0.78314036,-0.59231925,0.18933837,0
3.3026795,-1.0066452,2.5890498,0.78314036,0.59231925,-0.18933837,0
-0.73285246,3.4504209,-0.15937388,0.78314036,0.59231925,-0.18933837,0
3.5859416,-1.5167029,3.9690652,0.61944807,-0.76978844,0.15397954,0
3.0253592,-2.5333529,-3.3340988,0.78314036,0.59231925,-0.18933837,0
-3.4183352,2.7720752,2.4554834,-0.78314036,-0.59231925,0.18933837,0
0.58437657,-4.1627569,-3.1365047,-0.054545444,-0.23787288,-0.9697634,0
0.39227843,1.1673919,3.8163033,0.054545444,0.23787288,0.9697634,0
-2.0936227,3.1680288,-1.7170913,-0.61944807,0.76978844,-0.15397954,0
1.1741468,0.95216668,-0.087100059,0.78314036,0.59231925,-0.18933837,0
-0.15989411,-2.8763218,-1.7372093,-0.78314036,-0.59231925,0.18933837,0
0.67031145,-0.54792964,4.2214155,0.054545444,0.23787288,0.9697634,0
-2.7822866,3.2345619,3.4878054,0.054545444,0.23787288,0.9697634,0
-1.6436226,1.2848015,3.9020157,0.054545444,0.23787288,0.9697634,0
-0.69264281,0.5076201,4.0391607,0.054545444,0.23787288,0.9697634,0
-2.8248003,0.30295336,-2.8138514,-0.78314036,-0.59231925,0.18933837,0
0.74190319,-3.25666,-3.3676209,-0.054545444,-0.23787288,-0.9697634,0
-1.3232219,4.1431479,3.1828723,0.054545444,0.23787288,0.9697634,0
-0.13007168,1.1919463,3.8396611,0.054545444,0.23787288,0.9697634,0
2.135401,-1.709131,-3.8255928,-0.054545444,-0.23787288,-0.9697634,0
-2.0351691,-0.47822881,-1.9916062,-0.78314036,-0.59231925,0.18933837,0
-2.9052384,1.3711135,0.19503477,-0.78314036,-0.59231925,0.18933837,0
3.331974,-2.4265795,0.44201952,0.61944807,-0.76978844,0.15397954,0
-0.72605491,-1.8235493,-3.6365809,-0.054545444,-0.23787288,-0.9697634,0
-1.2096772,4.352036,0.68896532,0.78314036,0.59231925,-0.18933837,0
-2.2663715,3.249615,-0.61426312,-0.61944807,0.76978844,-0.15397954,0
1.2168083,-3.3696218,2.4138775,-0.78314036,-0.59231925,0.18933837,0
0.062375575,-0.63989586,-3.9712651,-0.054545444,-0.23787288,-0.9697634,0
-1.6910307,-1.0013523,-2.2047024,-0.78314036,-0.59231925,0.18933837,0
1.1966255,-3.9936228,0.37829357,-0.78314036,-0.59231925,0.18933837,0
3.4252126,-3.0150874,-2.8751936,0.61944807,-0.76978844,0.15397954,0
0.76277041,-2.2244201,4.1184969,-0.78314036,-0.59231925,0.18933837,0
-2.0754614,3.8570759,1.6545932,-0.61944807,0.76978844,-0.15397954,0
2.1803615,-0.96802908,-1.9322698,0.78314036,0.59231925,-0.18933837,0
-3.7295396,1.740787,-2.2711182,-0.61944807,0.76978844,-0.15397954,0
-0.73943496,4.0980077,1.8392873,0.78314036,0.59231925,-0.18933837,0
3.73985,-1.5349905,3.2584777,0.61944807,-0.76978844,0.15397954,0
1.9157411,-3.6853237,-0.15341198,0.61944807,-0.76978844,0.15397954,0
-2.5852656,3.7244182,3.0423036,-0.61944807,0.76978844,-0.15397954,0
3.6584983,-1.4347653,4.0868044,0.61944807,-0.76978844,0.15397954,0
1.6875315,1.2765248,3.716681,0.054545444,0.23787288,0.9697634,0
1.501977,-4.4375429,-2.249433,0.61944807,-0.76978844,0.15397954,0
0.59928125,-0.92969632,-3.9303792,-0.054545444,-0.23787288,-0.9697634,0
2.7499511,0.14415073,3.9029655,0.78314036,0.59231925,-0.18933837,0
2.4881051,-1.9428096,-3.708853,0.78314036,0.59231925,-0.18933837,0
-0.43552709,3.9306774,2.5728388,0.78314036,0.59231925,-0.18933837,0
3.422976,-1.1837422,4.2225475,0.054545444,0.23787288,0.9697634,0
-2.6148884,2.948076,3.5486617,0.054545444,0.23787288,0.9697634,0
0.19981508,-1.2644839,-3.8257914,-0.054545444,-0.23787288,-0.9697634,0
0.55827689,-3.1452825,0.39187807,-0.78314036,-0.59231925,0.18933837,0
2.3709197,0.32727146,2.9080851,0.78314036,0.59231925,-0.18933837,0
-2.6273513,2.2366979,-4.2259369,-0.61944807,0.76978844,-0.15397954,0
-2.1331108,0.24411011,-0.13697261,-0.78314036,-0.59231925,0.18933837,0
-2.010874,3.7499232,0.85907555,-0.61944807,0.76978844,-0.15397954,0
-0.75492764,4.0098815,3.1835961,0.054545444,0.23787288,0.9697634,0
-2.7047133,3.3104181,1.453125,-0.61944807,0.76978844,-0.15397954,0
-1.8802303,0.71186495,2.372298,-0.78314036,-0.59231925,0.18933837,0
-2.8449376,1.7098175,1.5040404,-0.78314036,-0.59231925,0.18933837,0
2.1564507,-3.8723271,-2.0566506,0.61944807,-0.76978844,0.15397954,0
-3.5548813,1.5725679,-1.8617922,-0.78314036,-0.59231925,0.18933837,0
-1.008739,-0.8776685,1.0043157,-0.78314036,-0.59231925,0.18933837,0
-1.1963527,2.8843627,-3.8473361,0.78314036,0.59231925,-0.18933837,0
-1.1405822,-0.19113851,2.6067033,-0.78314036,-0.59231925,0.18933837,0
-1.870347,0.93144524,-4.2479906,-0.054545444,-0.23787288,-0.9697634,0
1.4919076,-4.0658193,-0.35056746,0.61944807,-0.76978844,0.15397954,0
2.3572345,-2.8516212,2.2384148,0.61944807,-0.76978844,0.15397954,0
0.42930472,1.4994769,-1.4557263,0.78314036,0.59231925,-0.18933837,0
-1.9851339,3.0222168,-2.8824904,-0.61944807,0.76978844,-0.15397954,0
2.7765963,-1.4994335,4.3363395,0.054545444,0.23787288,0.9697634,0
3.4642899,-2.1481972,1.3014369,0.61944807,-0.76978844,0.15397954,0
1.5870013,-4.3949208,-2.3783972,0.61944807,-0.76978844,0.15397954,0
-0.68210304,-2.553906,-3.4599047,-0.054545444,-0.23787288,-0.9697634,0
-0.081798702,1.5864072,3.7401886,0.054545444,0.23787288,0.9697634,0
0.58904731,-2.5556779,-3.5309668,-0.054545444,-0.23787288,-0.9697634,0
-0.65836412,1.9508562,3.6832223,0.054545444,0.23787288,0.9697634,0
-1.2427611,4.629703,2.1672912,-0.61944807,0.76978844,-0.15397954,0
-1.2603593,3.9902692,-0.65240204,0.78314036,0.59231925,-0.18933837,0
3.1649935,-2.887538,-1.1906958,0.61944807,-0.76978844,0.15397954,0
0.010255039,-1.9462193,-3.6479063,-0.054545444,-0.23787288,-0.9697634,0
1.2517102,-3.9677227,-3.221879,-0.054545444,-0.23787288,-0.9697634,0
1.7236977,-3.6306472,-3.3311081,-0.054545444,-0.23787288,-0.9697634,0
-1.9446232,3.9810832,1.7481894,-0.61944807,0.76978844,-0.15397954,0
0.22016388,-1.9469743,-3.6595273,-0.054545444,-0.23787288,-0.9697634,0
-1.1743617,3.529557,3.3250065,0.054545444,0.23787288,0.9697634,0
-1.766731,3.3782854,-1.9810171,-0.61944807,0.76978844,-0.15397954,0
-3.4059055,2.0644057,-1.9552119,-0.61944807,0.76978844,-0.15397954,0
1.4439771,-1.5334058,4.4196262,0.054545444,0.23787288,0.9697634,0
-0.85906267,0.53601003,4.0415583,0.054545444,0.23787288,0.9697634,0
-3.2917438,2.4771323,-0.35113558,-0.61944807,0.76978844,-0.15397954,0
-0.7316134,-1.2142742,1.0975363,-0.78314036,-0.59231925,0.18933837,0
2.0903792,-3.0996666,2.0719047,0.61944807,-0.76978844,0.15397954,0
0.9405098,-0.69150603,4.241436,0.054545444,0.23787288,0.9697634,0
2.077554,-3.0557325,2.3431358,0.61944807,-0.76978844,0.15397954,0
-1.6019111,3.857861,-0.24653965,-0.61944807,0.76978844,-0.15397954,0
-0.34884644,2.5488644,-1.3914437,0.78314036,0.59231925,-0.18933837,0
1.2795284,-2.5936847,-3.5604815,-0.054545444,-0.23787288,-0.9697634,0
0.53162366,1.5116611,3.72402,0.054545444,0.23787288,0.9697634,0
1.6752656,-0.36318302,-2.1292675,0.78314036,0.59231925,-0.18933837,0
2.4585369,-3.2597277,-0.20935869,0.61944807,-0.76978844,0.15397954,0
-3.4917736,2.7566485,2.1034663,-0.78314036,-0.59231925,0.18933837,0
-1.8017344,1.6584725,3.8192508,0.054545444,0.23787288,0.9697634,0
-2.4439454,1.3216405,-4.3114386,-0.054545444,-0.23787288,-0.9697634,0
-0.67788863,3.6460135,0.67985296,0.78314036,0.59231925,-0.18933837,0
-0.090020061,-2.1256981,0.90002775,-0.78314036,-0.59231925,0.18933837,0
-0.55100644,-2.044193,-0.75172544,-0.78314036,-0.59231925,0.18933837,0
-1.0384693,2.8147368,3.4927011,0.054545444,0.23787288,0.9697634,0
-2.6331115,2.3275211,-3.7487123,-0.61944807,0.76978844,-0.15397954,0
0.012529507,1.0809612,3.8588638,0.054545444,0.23787288,0.9697634,0
-1.8545671,4.3127065,3.0437818,-0.61944807,0.76978844,-0.15397954,0
2.185586,0.75953996,3.8154788,0.054545444,0.23787288,0.9697634,0
-2.2061086,3.6075356,0.93265009,-0.61944807,0.76978844,-0.15397954,0
-1.1183856,-0.70251524,1.0987406,-0.78314036,-0.59231925,0.18933837,0
3.0852206,-2.6277351,0.42905498,0.61944807,-0.76978844,0.15397954,0
-1.8188366,4.0179992,1.4267132,-0.61944807,0.76978844,-0.15397954,0
-0.19850409,-2.9807978,-2.2237475,-0.78314036,-0.59231925,0.18933837,0
-2.9528263,3.3875506,2.8368714,-0.61944807,0.76978844,-0.15397954,0
0.088952661,2.0745332,-1.0645031,0.78314036,0.59231925,-0.18933837,0
-3.0033021,2.5136733,3.363765,-0.78314036,-0.59231925,0.18933837,0
1.9846412,0.21768963,0.9675504,0.78314036,0.59231925,-0.18933837,0
2.9542696,-0.17931968,3.7361333,0.78314036,0.59231925,-0.18933837,0
-0.43423629,2.998487,-0.3380515,0.78314036,0.59231925,-0.18933837,0
0.52289784,0.5811758,-3.9413877,0.78314036,0.59231925,-0.18933837,0
3.1948328,-2.0609221,2.8217556,0.61944807,-0.76978844,0.15397954,0
2.7096229,-2.8550107,0.80383962,0.61944807,-0.76978844,0.15397954,0
-1.2131805,4.5112462,1.4560905,-0.61944807,0.76978844,-0.15397954,0
-2.4521635,-0.47142583,-3.6950922,-0.78314036,-0.59231925,0.18933837,0
3.1807659,-1.6284695,4.3452578,0.054545444,0.23787288,0.9697634,0
1.0131969,0.64097166,3.9105048,0.054545444,0.23787288,0.9697634,0
2.1658676,-2.5397811,4.5672522,0.61944807,-0.76978844,0.15397954,0
2.8764789,-2.0210762,-2.3473091,0.78314036,0.59231925,-0.18933837,0
-1.3212717,2.7764893,-4.7014928,0.78314036,0.59231925,-0.18933837,0
0.01856187,-0.79986221,-3.9295623,-0.054545444,-0.23787288,-0.9697634,0
-1.9325092,-0.32839108,-1.0982369,-0.78314036,-0.59231925,0.18933837,0
-2.8133647,3.5124788,2.9003792,-0.61944807,0.76978844,-0.15397954,0
0.24650514,2.8839197,3.4034567,0.054545444,0.23787288,0.9697634,0
1.7721169,-0.34751546,4.1102839,0.054545444,0.23787288,0.9697634,0
-2.260025,0.82203764,1.1460533,-0.78314036,-0.59231925,0.18933837,0
-2.0974271,-0.82771891,-3.3424475,-0.78314036,-0.59231925,0.18933837,0
-2.4944854,2.8016477,-1.9360991,-0.61944807,0.76978844,-0.15397954,0
-3.5795913,2.1822391,-0.66740316,-0.61944807,0.76978844,-0.15397954,0
1.0374267,0.86233807,-0.9336189,0.78314036,0.59231925,-0.18933837,0
-2.183362,3.9574015,2.5902271,-0.61944807,0.76978844,-0.15397954,0
2.7800851,-2.7625163,0.98277986,0.61944807,-0.76978844,0.15397954,0
1.3631986,1.4660177,2.3023672,0.78314036,0.59231925,-0.18933837,0
-0.77259684,3.3692503,-0.57769674,0.78314036,0.59231925,-0.18933837,0
1.6615145,-3.263793,2.9766791,0.61944807,-0.76978844,0.15397954,0
1.081764,-0.0880844,4.0854778,0.054545444,0.23787288,0.9697634,0
2.0578039,-1.054395,-2.7093773,0.78314036,0.59231925,-0.18933837,0
-1.4652872,4.1255941,0.5423069,-0.61944807,0.76978844,-0.15397954,0
1.2833445,1.2840024,1.4026659,0.78314036,0.59231925,-0.18933837,0
2.1924508,-1.0179541,-2.0384512,0.78314036,0.59231925,-0.18933837,0
3.1214702,-1.3155944,4.2718468,0.054545444,0.23787288,0.9697634,0
2.2534435,-3.4002073,-0.08658278,0.61944807,-0.76978844,0.15397954,0
-3.1530979,3.1896503,2.6531873,-0.61944807,0.76978844,-0.15397954,0
3.2924745,-2.0066562,2.7002411,0.61944807,-0.76978844,0.15397954,0
-2.6229377,3.5852942,2.4983335,-0.61944807,0.76978844,-0.15397954,0
-1.6568141,-0.97233212,-1.9723899,-0.78314036,-0.59231925,0.18933837,0
2.3135333,-3.1844337,0.75039697,0.61944807,-0.76978844,0.15397954,0
0.36832786,-2.1036389,-3.6294327,-0.054545444,-0.23787288,-0.9697634,0
-1.4014139,0.38859916,3.3414812,-0.78314036,-0.59231925,0.18933837,0
-0.24377275,-2.8313196,-1.9433649,-0.78314036,-0.59231925,0.18933837,0
1.523698,-0.21016121,-2.2774725,0.78314036,0.59231925,-0.18933837,0
1.5169098,0.83110642,0.95191336,0.78314036,0.59231925,-0.18933837,0
3.5870962,-1.4011173,2.531399,0.78314036,0.59231925,-0.18933837,0
-2.5235553,3.1743572,0.044131041,-0.61944807,0.76978844,-0.15397954,0
2.4772754,-2.3748288,4.1391249,0.61944807,-0.76978844,0.15397954,0
0.60318184,-3.047214,0.88440764,-0.78314036,-0.59231925,0.18933837,0
-2.5717316,3.7136664,2.9341054,-0.61944807,0.76978844,-0.15397954,0
-0.22925186,2.1135168,-2.2587051,0.78314036,0.59231925,-0.18933837,0
3.4162803,-1.7888137,3.2912395,0.61944807,-0.76978844,0.15397954,0
2.5945883,-3.5367701,-2.1416965,0.61944807,-0.76978844,0.15397954,0
-1.8183104,0.054472566,0.57184833,-0.78314036,-0.59231925,0.18933837,0
-0.65955281,-0.29318905,4.2337303,0.054545444,0.23787288,0.9697634,0
-2.1254687,-0.82826591,-3.4601452,-0.78314036,-0.59231925,0.18933837,0
-1.8721569,3.5476532,-0.71018118,-0.61944807,0.76978844,-0.15397954,0
0.024197698,0.73490024,-4.3063412,-0.054545444,-0.23787288,-0.9697634,0
2.1439791,-4.0138803,-2.7141442,0.61944807,-0.76978844,0.15397954,0
-0.93162096,-1.330037,-0.091881037,-0.78314036,-0.59231925,0.18933837,0
-3.2116916,1.3950677,-4.2862673,-0.054545444,-0.23787288,-0.9697634,0
-0.98312068,2.4414473,-4.3509669,0.78314036,0.59231925,-0.18933837,0
3.0876346,-2.3778074,1.6688051,0.61944807,-0.76978844,0.15397954,0
-1.5008427,2.0905075,3.6963534,0.054545444,0.23787288,0.9697634,0
-1.6684127,4.3716764,3.1462317,0.054545444,0.23787288,0.9697634,0
-1.6305707,3.5320032,-1.7603008,-0.61944807,0.76978844,-0.15397954,0
-1.3977622,-1.1901678,-3.7541623,-0.054545444,-0.23787288,-0.9697634,0
-1.18326,1.6041614,-4.4516468,-0.054545444,-0.23787288,-0.9697634,0
-3.6648912,1.7523187,-2.4735451,-0.61944807,0.76978844,-0.15397954,0
-2.4857867,1.1643023,1.2829888,-0.78314036,-0.59231925,0.18933837,0
-0.92993414,-0.85370672,1.405231,-0.78314036,-0.59231925,0.18933837,0
2.3356354,-3.1341178,0.9130249,0.61944807,-0.76978844,0.15397954,0
0.35459125,-2.7687013,-3.4655271,-0.054545444,-0.23787288,-0.9697634,0
-3.2426777,1.7312434,-4.2774391,-0.61944807,0.76978844,-0.15397954,0
-1.9528286,2.6899571,-4.6735163,-0.61944807,0.76978844,-0.15397954,0
1.3256578,-1.0714967,-3.9364529,-0.054545444,-0.23787288,-0.9697634,0
-1.1528687,3.6560333,-1.2534128,0.78314036,0.59231925,-0.18933837,0
0.87532949,-3.9726238,-0.88495421,-0.78314036,-0.59231925,0.18933837,0
1.8311403,-1.87036,4.4805012,0.054545444,0.23787288,0.9697634,0
0.86156011,-1.6995752,4.493145,0.054545444,0.23787288,0.9697634,0
-0.69851393,2.4127655,3.5721788,0.054545444,0.23787288,0.9697634,0
2.1647644,-4.099443,-3.2255163,0.61944807,-0.76978844,0.15397954,0
2.3671551,-1.1442885,-1.7110603,0.78314036,0.59231925,-0.18933837,0
2.9003515,-2.6966593,0.82819581,0.61944807,-0.76978844,0.15397954,0
-0.70716643,-1.8209518,-0.69925332,-0.78314036,-0.59231925,0.18933837,0
-1.5741246,4.1185694,0.9450326,-0.61944807,0.76978844,-0.15397954,0
-0.18795466,2.3554804,3.5575137,0.054545444,0.23787288,0.9697634,0
-2.0362537,3.8196678,1.309849,-0.61944807,0.76978844,-0.15397954,0
-0.50599515,-0.8624959,3.1312284,-0.78314036,-0.59231925,0.18933837,0
1.9904794,-4.1811271,-2.9327407,0.61944807,-0.76978844,0.15397954,0
3.1096277,-1.4617519,4.3083649,0.054545444,0.23787288,0.9697634,0
0.37698424,-0.60541761,4.2520151,0.054545444,0.23787288,0.9697634,0
1.789698,-1.2360026,4.3272324,0.054545444,0.23787288,0.9697634,0
0.12227285,-3.1476054,-3.359519,-0.054545444,-0.23787288,-0.9697634,0
-2.8086603,2.8532581,-0.41417998,-0.61944807,0.76978844,-0.15397954,0
-0.35541263,-1.4474579,-3.74968,-0.054545444,-0.23787288,-0.9697634,0
-1.060177,-2.1086829,-3.5478482,-0.054545444,-0.23787288,-0.9697634,0
-1.2808361,3.6162612,3.3097277,0.054545444,0.23787288,0.9697634,0
-2.4319804,2.4321971,-4.0345421,-0.61944807,0.76978844,-0.15397954,0
2.7889006,-2.9290264,0.11488515,0.61944807,-0.76978844,0.15397954,0
-2.6235707,0.86675376,-0.2177531,-0.78314036,-0.59231925,0.18933837,0
2.6318402,-2.4715655,3.0337074,0.61944807,-0.76978844,0.15397954,0
-2.9151406,3.4898615,3.1967468,-0.61944807,0.76978844,-0.15397954,0
-3.2568812,2.0553319,-2.6000876,-0.61944807,0.76978844,-0.15397954,0
-0.044642687,2.5994353,0.025004983,0.78314036,0.59231925,-0.18933837,0
0.26666141,0.89314961,-4.0252647,0.78314036,0.59231925,-0.18933837,0
0.94905835,-2.4588344,-3.5749707,-0.054545444,-0.23787288,-0.9697634,0
-2.3785064,2.9518814,-1.6516101,-0.61944807,0.76978844,-0.15397954,0
0.6711126,2.6022682,3.4486599,0.054545444,0.23787288,0.9697634,0
0.98436272,1.4033064,0.53924453,0.78314036,0.59231925,-0.18933837,0
-0.43525323,-1.130053,-3.8230448,-0.054545444,-0.23787288,-0.9697634,0
2.8417089,-0.17534751,3.2829866,0.78314036,0.59231925,-0.18933837,0
1.4079108,-4.4570918,-1.9687397,0.61944807,-0.76978844,0.15397954,0
-1.1063149,-1.3203944,-0.78428411,-0.78314036,-0.59231925,0.18933837,0
-2.9654613,3.0819027,3.5355539,0.054545444,0.23787288,0.9697634,0
-0.9841938,4.1924391,1.1223314,0.78314036,0.59231925,-0.18933837,0
-0.47551668,-2.9488845,-3.2696886,-0.78314036,-0.59231925,0.18933837,0
-1.9621983,3.5931873,-0.12031257,-0.61944807,0.76978844,-0.15397954,0
-1.7710156,2.0658453,3.7175994,0.054545444,0.23787288,0.9697634,0
-1.1080275,3.8177059,3.2505956,0.054545444,0.23787288,0.9697634,0
-2.6711669,2.55211,-2.4728351,-0.61944807,0.76978844,-0.15397954,0
-1.2734822,-0.86888576,-0.063236952,-0.78314036,-0.59231925,0.18933837,0
-0.55948293,-1.4828522,0.96929246,-0.78314036,-0.59231925,0.18933837,0
0.100631,-3.4926219,-3.2736726,-0.054545444,-0.23787288,-0.9697634,0
0.13685727,-1.2890813,4.433217,0.054545444,0.23787288,0.9697634,0
-0.71082807,4.3550711,2.7617984,0.78314036,0.59231925,-0.18933837,0
-0.81628335,1.1823323,3.8806157,0.054545444,0.23787288,0.9697634,0
0.038708925,3.4744983,3.107276,0.78314036,0.59231925,-0.18933837,0
1.2875831,-1.6739182,-3.7865436,-0.054545444,-0.23787288,-0.9697634,0
3.2980609,-2.2461159,1.480638,0.61944807,-0.76978844,0.15397954,0
-3.391798,1.1035857,-4.2046394,-0.054545444,-0.23787288,-0.9697634,0
1.3235154,0.9824574,0.62547696,0.78314036,0.59231925,-0.18933837,0
-3.0515363,2.6567879,3.6119757,-0.78314036,-0.59231925,0.18933837,0
-1.3149531,-1.4106511,-1.9296079,-0.78314036,-0.59231925,0.18933837,0
-2.6157756,2.9672685,-0.62017059,-0.61944807,0.76978844,-0.15397954,0
2.4231696,-3.2523432,-0.030161023,0.61944807,-0.76978844,0.15397954,0
0.095337033,-1.1575277,4.4032841,0.054545444,0.23787288,0.9697634,0
2.3790531,-2.8172271,-3.5674925,-0.054545444,-0.23787288,-0.9697634,0
-1.1983157,-1.6023524,-3.6642756,-0.054545444,-0.23787288,-0.9697634,0
0.91503167,-2.4434643,4.0630264,-0.78314036,-0.59231925,0.18933837,0
1.1909822,1.5078331,3.6878729,0.054545444,0.23787288,0.9697634,0
3.0649939,-1.8130069,-0.91665721,0.78314036,0.59231925,-0.18933837,0
1.2451174,-1.3660098,4.3897514,0.054545444,0.23787288,0.9697634,0
-0.38259077,3.5120773,1.4822593,0.78314036,0.59231925,-0.18933837,0
-0.59816837,0.66810548,3.9944823,0.054545444,0.23787288,0.9697634,0
2.0645115,-0.32857519,4.0891924,0.054545444,0.23787288,0.9697634,0
3.1704049,-3.3221705,-3.3853197,0.61944807,-0.76978844,0.15397954,0
-0.55611372,2.124444,-3.5764854,0.78314036,0.59231925,-0.18933837,0
3.0712461,-2.4180107,1.533746,0.61944807,-0.76978844,0.15397954,0
2.313139,-2.8092084,2.6278453,0.61944807,-0.76978844,0.15397954,0
-2.1552696,-0.3236059,-2.004647,-0.78314036,-0.59231925,0.18933837,0
1.5672655,-3.9285672,-3.2492328,-0.054545444,-0.23787288,-0.9697634,0
1.9938236,-3.5773115,-3.3593841,-0.054545444,-0.23787288,-0.9697634,0
-3.5586405,2.0496922,-1.4143257,-0.61944807,0.76978844,-0.15397954,0
0.094118476,-1.4897006,3.6512907,-0.78314036,-0.59231925,0.18933837,0
-3.5107262,1.3966771,-4.2698421,-0.054545444,-0.23787288,-0.9697634,0
-3.5969157,1.4684713,-4.1660404,-0.61944807,0.76978844,-0.15397954,0
-2.9025569,3.277668,2.0853069,-0.61944807,0.76978844,-0.15397954,0
0.37828207,-2.6766114,1.1135595,-0.78314036,-0.59231925,0.18933837,0
0.36729598,-1.7256012,4.043222,-0.78314036,-0.59231925,0.18933837,0
1.7994022,-3.4103408,1.6893314,0.61944807,-0.76978844,0.15397954,0
3.5932229,-1.6797709,1.6850108,0.78314036,0.59231925,-0.18933837,0
1.7371699,-2.2313809,-3.6750913,-0.054545444,-0.23787288,-0.9697634,0
-0.44962585,0.79134011,-4.2935343,-0.054545444,-0.23787288,-0.9697634,0
-1.2207334,2.8601418,-4.0239496,0.78314036,0.59231925,-0.18933837,0
1.3647733,-0.38119447,-3.4698708,0.78314036,0.59231925,-0.18933837,0
-2.3360984,2.7006812,-3.0780387,-0.61944807,0.76978844,-0.15397954,0
-2.7992833,1.0058727,-0.50932127,-0.78314036,-0.59231925,0.18933837,0
1.8229742,-2.8267322,-3.533884,-0.054545444,-0.23787288,-0.9697634,0
3.2119343,-0.74210405,3.04129,0.78314036,0.59231925,-0.18933837,0
-1.8749645,2.8402839,-4.2352285,-0.61944807,0.76978844,-0.15397954,0
-2.1846294,1.9929886,3.7587342,0.054545444,0.23787288,0.9697634,0
1.4253445,-3.8980212,-3.2487426,-0.054545444,-0.23787288,-0.9697634,0
-3.3318131,0.57466817,-4.0782747,-0.054545444,-0.23787288,-0.9697634,0
-3.2884083,3.1711752,3.1051679,-0.61944807,0.76978844,-0.15397954,0
0.50121284,-3.2824025,-0.27311039,-0.78314036,-0.59231925,0.18933837,0
2.3587897,-2.3978419,4.5007339,0.61944807,-0.76978844,0.15397954,0
-1.4346113,0.20159793,2.6191635,-0.78314036,-0.59231925,0.18933837,0
2.9931328,-1.9523405,4.1760101,0.61944807,-0.76978844,0.15397954,0
-0.077815533,-3.2543249,-2.5802484,-0.78314036,-0.59231925,0.18933837,0
3.3557379,-1.7410369,3.7736459,0.61944807,-0.76978844,0.15397954,0
-1.2993004,4.3120408,0.80665874,-0.61944807,0.76978844,-0.15397954,0
-1.0496849,1.4636561,-4.424695,-0.054545444,-0.23787288,-0.9697634,0
2.3196578,-2.9061887,2.116786,0.61944807,-0.76978844,0.15397954,0
-2.5432637,1.442395,1.9152261,-0.78314036,-0.59231925,0.18933837,0
2.2255769,0.37458798,3.9076543,0.054545444,0.23787288,0.9697634,0
-3.0382798,0.85662496,-1.9647588,-0.78314036,-0.59231925,0.18933837,0
2.896313,-2.2173402,3.2407012,0.61944807,-0.76978844,0.15397954,0
-1.4223852,2.8914771,3.4954715,0.054545444,0.23787288,0.9697634,0
-1.9166574,0.57521224,1.7941282,-0.78314036,-0.59231925,0.18933837,0
0.82046229,0.27634966,4.0107832,0.054545444,0.23787288,0.9697634,0
1.4085681,-3.0815952,-3.4480596,-0.054545444,-0.23787288,-0.9697634,0
-3.69577,1.8184617,-2.0186534,-0.61944807,0.76978844,-0.15397954,0
1.8291645,-3.2829635,2.2063942,0.61944807,-0.76978844,0.15397954,0
-2.8160074,2.7937343,-0.6822021,-0.61944807,0.76978844,-0.15397954,0
2.5421448,-2.606297,2.7209816,0.61944807,-0.76978844,0.15397954,0
-1.8058388,4.054646,3.2317257,0.054545444,0.23787288,0.9697634,0
1.3154138,0.075242162,-2.2461305,0.78314036,0.59231925,-0.18933837,0
2.8571033,-3.484338,-2.9356556,0.61944807,-0.76978844,0.15397954,0
1.3719325,-3.4926426,2.6706462,-0.78314036,-0.59231925,0.18933837,0
1.7037969,-0.71018183,-3.0967956,0.78314036,0.59231925,-0.18933837,0
0.37843657,1.3299854,-2.1963587,0.78314036,0.59231925,-0.18933837,0
-2.2379379,2.9421275,-2.2658691,-0.61944807,0.76978844,-0.15397954,0
-2.6414123,2.9359152,-0.67378002,-0.61944807,0.76978844,-0.15397954,0
-1.0060575,4.1032805,3.1748114,0.054545444,0.23787288,0.9697634,0
2.8409643,-1.6114272,-1.2126739,0.78314036,0.59231925,-0.18933837,0
2.1083694,-0.77982223,-1.6412659,0.78314036,0.59231925,-0.18933837,0
0.26450408,2.6085353,1.3321643,0.78314036,0.59231925,-0.18933837,0
3.5588796,-2.2866223,0.22888297,0.61944807,-0.76978844,0.15397954,0
-1.2336979,0.26499027,-4.1203251,-0.054545444,-0.23787288,-0.9697634,0
2.2928462,-2.4297659,-3.6576843,-0.054545444,-0.23787288,-0.9697634,0
2.9873023,-1.3870107,0.094666056,0.78314036,0.59231925,-0.18933837,0
0.59396082,0.70615196,-3.2564867,0.78314036,0.59231925,-0.18933837,0
0.8215366,-1.9478904,-3.6931276,-0.054545444,-0.23787288,-0.9697634,0
3.0252852,-2.7050521,0.28363919,0.61944807,-0.76978844,0.15397954,0
-0.17026824,2.0113461,3.6409316,0.054545444,0.23787288,0.9697634,0
2.2017536,-2.6333013,3.9553473,0.61944807,-0.76978844,0.15397954,0
-0.42411208,-0.12699878,-4.0697107,-0.054545444,-0.23787288,-0.9697634,0
-3.3065355,2.5847569,0.24641657,-0.61944807,0.76978844,-0.15397954,0
-0.030892134,1.8597598,-2.2320948,0.78314036,0.59231925,-0.18933837,0
1.8979341,-3.8461943,-3.2880368,-0.054545444,-0.23787288,-0.9697634,0
-1.0581827,-0.84505224,0.90184283,-0.78314036,-0.59231925,0.18933837,0
2.5326684,-1.6264892,-2.5349636,0.78314036,0.59231925,-0.18933837,0
0.27103019,-2.7299612,0.50304592,-0.78314036,-0.59231925,0.18933837,0
-2.3116734,-0.16168964,-2.1450307,-0.78314036,-0.59231925,0.18933837,0
1.5758116,-3.2013042,3.6338546,0.61944807,-0.76978844,0.15397954,0
-0.061536789,1.5964661,-3.1825244,0.78314036,0.59231925,-0.18933837,0
-1.9608781,0.72477984,2.0791252,-0.78314036,-0.59231925,0.18933837,0
1.7120035,0.93540353,3.7989783,0.054545444,0.23787288,0.9697634,0
2.6955492,-2.7317717,1.4765636,0.61944807,-0.76978844,0.15397954,0
1.8474102,-0.3105461,4.096981,0.054545444,0.23787288,0.9697634,0
-2.6919789,0.13052833,-2.803885,-0.78314036,-0.59231925,0.18933837,0
-2.6923892,0.61074269,-1.3032975,-0.78314036,-0.59231925,0.18933837,0
-0.98449302,3.6902223,-0.45002127,0.78314036,0.59231925,-0.18933837,0
2.7238708,-3.2812624,-1.3844357,0.61944807,-0.76978844,0.15397954,0
3.1807356,-2.8571444,-1.1020795,0.61944807,-0.76978844,0.15397954,0
-2.0956917,-0.91090924,-3.5955195,-0.78314036,-0.59231925,0.18933837,0
1.3520315,0.50211579,3.9255066,0.054545444,0.23787288,0.9697634,0
-2.1559718,2.675539,-3.9283674,-0.61944807,0.76978844,-0.15397954,0
2.8831682,-2.5212426,1.7742834,0.61944807,-0.76978844,0.15397954,0
-0.59178925,3.8741808,3.2077065,0.054545444,0.23787288,0.9697634,0
