-0.49411607,-1.8716162,4.0211825,-0.30137527,-0.72365677,0.62088138,0
4.0381689,2.5483658,1.4979692,0.81077808,0.14819971,0.56628239,0
2.1112444,-0.46506822,5.0454903,0.81077808,0.14819971,0.56628239,0
-2.8393331,2.2698376,-4.4753652,-0.81077808,-0.14819971,-0.56628239,0
-4.7124944,-1.6694002,-0.76253128,-0.81077808,-0.14819971,-0.56628239,0
-1.091152,-2.7234197,2.7385783,-0.30137527,-0.72365677,0.62088138,0
-4.7503142,-1.1870329,-0.83462048,-0.81077808,-0.14819971,-0.56628239,0
-2.5388508,-3.7454109,0.84470296,-0.30137527,-0.72365677,0.62088138,0
4.3927574,3.4937174,0.74288082,0.81077808,0.14819971,0.56628239,0
0.68043423,3.2273445,-2.3505998,0.30137527,0.72365677,-0.62088138,0
4.5295348,2.3436246,0.84803605,0.81077808,0.14819971,0.56628239,0
3.833318,2.8330307,-1.279779,0.30137527,0.72365677,-0.62088138,0
1.1889062,2.9930513,0.1459341,-0.50180852,0.67406046,0.54206133,0
1.1662394,2.0595357,1.28579,-0.50180852,0.67406046,0.54206133,0
-0.092889547,2.7696929,-0.76292759,-0.50180852,0.67406046,0.54206133,0
3.5293603,-1.2043374,1.9976699,0.50180852,-0.67406046,-0.54206133,0
1.4505868,-1.6884675,0.67528564,0.50180852,-0.67406046,-0.54206133,0
3.5667942,0.98023593,2.5832527,0.81077808,0.14819971,0.56628239,0
2.8096688,-1.2669601,4.2553778,0.81077808,0.14819971,0.56628239,0
3.2966278,-1.8642975,3.7144983,0.81077808,0.14819971,0.56628239,0
1.9846048,-0.22387612,4.8828378,-0.50180852,0.67406046,0.54206133,0
-3.305135,-1.0725214,-2.9337335,-0.81077808,-0.14819971,-0.56628239,0
2.2793322,1.5896455,2.9005408,-0.50180852,0.67406046,0.54206133,0
-0.30897117,2.5189097,-3.6565597,0.30137527,0.72365677,-0.62088138,0
2.6153722,-1.6859977,4.6432276,0.81077808,0.14819971,0.56628239,0
-3.6353631,0.4292953,-1.132025,-0.50180852,0.67406046,0.54206133,0
-3.5851536,-1.9738724,-2.2969258,-0.81077808,-0.14819971,-0.56628239,0
-3.6012878,-1.5600271,1.3732684,-0.50180852,0.67406046,0.54206133,0
-4.0326056,0.80476022,-2.3834698,-0.81077808,-0.14819971,-0.56628239,0
3.7621746,4.0041409,0.050654411,0.30137527,0.72365677,-0.62088138,0
2.9220443,3.1777513,-1.3203273,0.30137527,0.72365677,-0.62088138,0
-2.4701335,1.3173455,-1.157627,-0.50180852,0.67406046,0.54206133,0
1.911459,3.8181849,-0.2112329,-0.50180852,0.67406046,0.54206133,0
3.5019135,1.6405963,2.503325,0.81077808,0.14819971,0.56628239,0
-4.0870628,0.088546276,-2.1180625,-0.81077808,-0.14819971,-0.56628239,0
1.8929267,4.0806713,-0.76747775,0.30137527,0.72365677,-0.62088138,0
-2.4553556,-3.1669483,1.5594485,-0.30137527,-0.72365677,0.62088138,0
-3.2323027,-0.2183373,0.046443701,-0.50180852,0.67406046,0.54206133,0
1.4712338,3.6766081,-1.4431155,0.30137527,0.72365677,-0.62088138,0
-2.4445071,0.40480331,-4.552568,-0.81077808,-0.14819971,-0.56628239,0
4.5525537,3.7617016,0.44395828,0.81077808,0.14819971,0.56628239,0
1.5741105,-2.602129,1.9257867,0.50180852,-0.67406046,-0.54206133,0
4.4493589,0.97578335,1.3208015,0.81077808,0.14819971,0.56628239,0
2.5180883,-0.35802978,4.4349771,0.81077808,0.14819971,0.56628239,0
2.0789034,-0.77079749,0.11580932,0.50180852,-0.67406046,-0.54206133,0
0.69770908,-2.9979208,3.2869501,-0.30137527,-0.72365677,0.62088138,0
-1.4505832,3.5539148,-2.9949911,-0.50180852,0.67406046,0.54206133,0
5.2787867,2.4139833,-0.24312449,0.81077808,0.14819971,0.56628239,0
-3.9735446,1.0031302,-2.5199451,-0.81077808,-0.14819971,-0.56628239,0
2.7241755,-0.24155475,4.1094284,0.81077808,0.14819971,0.56628239,0
0.37601423,1.4820997,-4.2621331,0.50180852,-0.67406046,-0.54206133,0
-4.7082014,-2.4695833,1.2787194,-0.30137527,-0.72365677,0.62088138,0
4.127099,2.0287704,1.5066259,0.81077808,0.14819971,0.56628239,0
3.8866966,2.6819367,1.6798854,0.81077808,0.14819971,0.56628239,0
-3.2072947,-0.9851141,-3.0966921,-0.81077808,-0.14819971,-0.56628239,0
1.3409507,2.0532489,-3.3984318,0.30137527,0.72365677,-0.62088138,0
1.4920549,1.8583778,-3.5522137,0.30137527,0.72365677,-0.62088138,0
3.908639,1.2610059,2.0203357,0.81077808,0.14819971,0.56628239,0
3.0829973,4.2514338,0.33455634,-0.50180852,0.67406046,0.54206133,0
-0.79044604,-2.2611766,3.4232993,-0.30137527,-0.72365677,0.62088138,0
-3.00283,0.16230439,-3.6897225,-0.81077808,-0.14819971,-0.56628239,0
1.461802,-1.9669645,1.0319827,0.50180852,-0.67406046,-0.54206133,0
2.4936321,-2.9397206,4.2265234,-0.30137527,-0.72365677,0.62088138,0
-3.1967344,-3.744004,0.52700686,-0.30137527,-0.72365677,0.62088138,0
3.134187,-1.4312345,3.8337383,0.81077808,0.14819971,0.56628239,0
3.4806247,0.093889356,2.9385893,0.81077808,0.14819971,0.56628239,0
-2.6497984,1.7086043,-4.599854,-0.81077808,-0.14819971,-0.56628239,0
4.6135864,2.7652164,-0.98007631,0.30137527,0.72365677,-0.62088138,0
4.2314043,3.559763,-0.23951912,0.30137527,0.72365677,-0.62088138,0
-3.2598171,2.0587835,-3.8181002,-0.81077808,-0.14819971,-0.56628239,0
0.17670584,3.3380973,-1.22017,-0.50180852,0.67406046,0.54206133,0
3.570405,2.1870308,2.2622573,0.81077808,0.14819971,0.56628239,0
-4.4644098,-3.962261,-0.3427062,-0.30137527,-0.72365677,0.62088138,0
2.3027406,-0.88766646,0.4683525,0.50180852,-0.67406046,-0.54206133,0
-0.76197129,0.48332977,1.4607992,-0.50180852,0.67406046,0.54206133,0
-4.0069742,0.61620474,-2.370821,-0.81077808,-0.14819971,-0.56628239,0
-0.67741847,2.1717467,-4.2400331,0.30137527,0.72365677,-0.62088138,0
-2.299593,-0.82015401,-3.8761697,0.50180852,-0.67406046,-0.54206133,0
0.50949067,-1.3793942,-0.58026254,0.50180852,-0.67406046,-0.54206133,0
2.3272107,2.8012319,-2.0479038,0.30137527,0.72365677,-0.62088138,0
4.4523706,1.3366299,1.2220533,0.81077808,0.14819971,0.56628239,0
2.7301373,0.90339172,3.8012524,0.81077808,0.14819971,0.56628239,0
2.5492768,-1.1048181,0.9666121,0.50180852,-0.67406046,-0.54206133,0
-0.66563159,-1.2145268,-1.8731365,0.50180852,-0.67406046,-0.54206133,0
3.4735432,-0.96160245,1.6441531,0.50180852,-0.67406046,-0.54206133,0
-1.7190077,1.7382302,-0.98565465,-0.50180852,0.67406046,0.54206133,0
-3.1925316,-2.2585661,-2.7845583,-0.81077808,-0.14819971,-0.56628239,0
3.6679327,1.6347567,2.2671547,0.81077808,0.14819971,0.56628239,0
3.4572563,4.2921777,0.23836374,0.30137527,0.72365677,-0.62088138,0
-0.74257088,-3.2154813,2.3342659,-0.30137527,-0.72365677,0.62088138,0
1.1722178,-2.3777511,4.2401032,-0.30137527,-0.72365677,0.62088138,0
-0.25134325,-2.5103891,0.12180936,0.50180852,-0.67406046,-0.54206133,0
-3.7038639,1.8912308,-3.1384842,-0.81077808,-0.14819971,-0.56628239,0
-0.79339695,-3.3126798,2.1963069,-0.30137527,-0.72365677,0.62088138,0
-4.7307777,-1.9995596,0.87421751,-0.50180852,0.67406046,0.54206133,0
0.92873621,2.4526854,-3.1329639,0.30137527,0.72365677,-0.62088138,0
-4.2235975,0.19781494,-1.3887298,-0.50180852,0.67406046,0.54206133,0
-0.04434073,-1.7155839,-0.6749112,0.50180852,-0.67406046,-0.54206133,0
-4.1629696,-1.8803494,-1.4941106,-0.81077808,-0.14819971,-0.56628239,0
-1.1639507,-0.31373692,-3.4545951,0.50180852,-0.67406046,-0.54206133,0
0.18723524,1.0534921,1.6305141,-0.50180852,0.67406046,0.54206133,0
0.30203629,2.8032596,-3.0285583,0.30137527,0.72365677,-0.62088138,0
1.9588442,3.0818806,-1.8996036,0.30137527,0.72365677,-0.62088138,0
-2.8604934,-2.6486595,1.9668767,-0.30137527,-0.72365677,0.62088138,0
-3.265646,-2.9179997,1.4562922,-0.30137527,-0.72365677,0.62088138,0
2.7156599,2.5446959,2.1168492,-0.50180852,0.67406046,0.54206133,0
3.2667913,0.014283061,3.2655797,0.81077808,0.14819971,0.56628239,0
-3.826673,-4.2994843,-0.42619371,-0.30137527,-0.72365677,0.62088138,0
3.1857727,3.2257762,-1.1363382,0.30137527,0.72365677,-0.62088138,0
-5.0443926,-2.4958887,1.0848734,-0.30137527,-0.72365677,0.62088138,0
1.2437677,3.9225445,-1.2668808,0.30137527,0.72365677,-0.62088138,0
-3.4438059,-4.0430417,-0.92771053,0.50180852,-0.67406046,-0.54206133,0
0.20177841,2.6029894,-0.28284323,-0.50180852,0.67406046,0.54206133,0
3.9402423,-0.34903765,2.3964458,0.81077808,0.14819971,0.56628239,0
-1.4702189,2.5998247,-4.1259193,0.30137527,0.72365677,-0.62088138,0
-0.53674734,1.8119957,0.017083973,-0.50180852,0.67406046,0.54206133,0
-2.6278801,-2.8419247,-1.6659799,0.50180852,-0.67406046,-0.54206133,0
-2.8915026,2.9927917,-4.3577933,0.30137527,0.72365677,-0.62088138,0
-1.6600053,-1.6210191,3.246238,-0.50180852,0.67406046,0.54206133,0
-3.0612693,0.46685565,-3.6857548,-0.81077808,-0.14819971,-0.56628239,0
-0.012126923,-3.332588,2.552331,-0.30137527,-0.72365677,0.62088138,0
-0.36689949,-3.708389,1.9421169,-0.30137527,-0.72365677,0.62088138,0
3.0334451,3.3686502,-1.0437546,0.30137527,0.72365677,-0.62088138,0
-2.3321877,-3.249805,1.5226624,-0.30137527,-0.72365677,0.62088138,0
2.2796812,4.2091784,-0.42996907,0.30137527,0.72365677,-0.62088138,0
-1.3573062,1.941532,-4.8383722,0.30137527,0.72365677,-0.62088138,0
3.5893278,0.42525268,0.026766777,0.50180852,-0.67406046,-0.54206133,0
2.8717246,2.2137682,2.672838,-0.50180852,0.67406046,0.54206133,0
3.7841163,-0.60284948,1.4855491,0.50180852,-0.67406046,-0.54206133,0
-1.1697216,-0.95680267,-2.6602769,0.50180852,-0.67406046,-0.54206133,0
4.6359787,0.26694655,1.1925504,0.50180852,-0.67406046,-0.54206133,0
-4.1289935,-4.1769614,-0.94171762,-0.81077808,-0.14819971,-0.56628239,0
-4.084559,-0.9085083,-1.8607116,-0.81077808,-0.14819971,-0.56628239,0
3.1906881,-1.989436,2.6604273,0.50180852,-0.67406046,-0.54206133,0
-3.5846164,-2.9674878,-2.0376589,-0.81077808,-0.14819971,-0.56628239,0
0.91568232,-2.9879591,1.7960377,0.50180852,-0.67406046,-0.54206133,0
2.2396226,-2.2363861,4.922986,-0.30137527,-0.72365677,0.62088138,0
-3.1434064,1.2579081,-3.7751777,-0.81077808,-0.14819971,-0.56628239,0
3.1664653,-2.7507915,4.1328602,0.81077808,0.14819971,0.56628239,0
-0.49671459,3.2337132,-2.9145639,0.30137527,0.72365677,-0.62088138,0
2.0990887,4.1316242,-0.60801983,0.30137527,0.72365677,-0.62088138,0
-3.2653677,-0.75691855,-3.0732656,-0.81077808,-0.14819971,-0.56628239,0
-0.61534929,2.7884169,-3.4911561,0.30137527,0.72365677,-0.62088138,0
-1.6919241,0.61291993,-5.0956726,0.50180852,-0.67406046,-0.54206133,0
3.6414714,1.3542969,-1.080241,0.50180852,-0.67406046,-0.54206133,0
-0.68256712,-1.3709415,3.8401177,-0.50180852,0.67406046,0.54206133,0
-5.0128279,-1.9425731,-0.26103687,-0.81077808,-0.14819971,-0.56628239,0
-4.0398321,-0.79923987,-1.9533463,-0.81077808,-0.14819971,-0.56628239,0
-3.3718669,1.0848582,-3.4027896,-0.81077808,-0.14819971,-0.56628239,0
0.0091795921,-3.1856389,1.202668,0.50180852,-0.67406046,-0.54206133,0
1.9338377,2.5476172,-2.5344424,0.30137527,0.72365677,-0.62088138,0
-4.4124751,0.16077852,-1.5175259,-0.50180852,0.67406046,0.54206133,0
4.0526142,2.1388409,1.5844631,0.81077808,0.14819971,0.56628239,0
3.9812722,1.3315766,1.8978736,0.81077808,0.14819971,0.56628239,0
0.80660737,1.8364836,1.230232,-0.50180852,0.67406046,0.54206133,0
-3.1095166,-0.094619721,-3.4697347,-0.81077808,-0.14819971,-0.56628239,0
2.4974766,-1.9411838,4.8788095,0.81077808,0.14819971,0.56628239,0
-4.1639967,0.18118048,-1.3128693,-0.50180852,0.67406046,0.54206133,0
-2.6054938,-3.1291835,1.530587,-0.30137527,-0.72365677,0.62088138,0
-1.282851,2.7986369,-3.8032489,0.30137527,0.72365677,-0.62088138,0
4.1589794,3.3839309,-0.47961092,0.30137527,0.72365677,-0.62088138,0
-1.0383613,1.391641,0.075436227,-0.50180852,0.67406046,0.54206133,0
-0.40770364,-1.5752157,4.348588,-0.50180852,0.67406046,0.54206133,0
-5.0945883,-1.8157017,-0.17717838,-0.81077808,-0.14819971,-0.56628239,0
3.0824099,-0.61785781,3.6950049,0.81077808,0.14819971,0.56628239,0
2.0094321,2.088043,2.0309191,-0.50180852,0.67406046,0.54206133,0
3.7458494,2.8602095,-1.2905581,0.30137527,0.72365677,-0.62088138,0
0.3556006,0.59413779,-3.1768384,0.50180852,-0.67406046,-0.54206133,0
4.3558578,2.2560601,-1.5402584,0.50180852,-0.67406046,-0.54206133,0
-3.2805405,2.0405486,-3.7836573,-0.81077808,-0.14819971,-0.56628239,0
3.1088765,2.5476916,-1.9639933,0.30137527,0.72365677,-0.62088138,0
-2.37727,3.3014784,-3.5389547,-0.50180852,0.67406046,0.54206133,0
-2.9500129,2.0016026,-2.4527533,-0.50180852,0.67406046,0.54206133,0
3.4317312,-2.4200728,3.6665134,0.81077808,0.14819971,0.56628239,0
1.7012339,3.9600635,-0.58227563,-0.50180852,0.67406046,0.54206133,0
-5.1832933,-1.9557776,-0.013515472,-0.81077808,-0.14819971,-0.56628239,0
3.0918956,3.6120129,-0.73173547,0.30137527,0.72365677,-0.62088138,0
4.3596311,3.9837263,0.31686544,0.30137527,0.72365677,-0.62088138,0
3.402693,3.0478139,2.1272297,-0.50180852,0.67406046,0.54206133,0
-1.3674893,2.2965996,-4.4294729,0.30137527,0.72365677,-0.62088138,0
-1.8823664,1.1027892,-5.5400839,-0.81077808,-0.14819971,-0.56628239,0
4.2461715,0.017915487,1.1413629,0.50180852,-0.67406046,-0.54206133,0
-3.4984827,1.4162832,-3.3082433,-0.81077808,-0.14819971,-0.56628239,0
-4.9678211,-1.4026861,-0.46676707,-0.81077808,-0.14819971,-0.56628239,0
-4.2725134,-3.2174363,0.61855626,-0.30137527,-0.72365677,0.62088138,0
2.2428882,-2.268791,4.8868022,-0.30137527,-0.72365677,0.62088138,0
3.4815536,1.3370717,2.6119108,0.81077808,0.14819971,0.56628239,0
1.3918023,3.6118979,-1.5570939,0.30137527,0.72365677,-0.62088138,0
-2.6339192,-0.19292384,-4.1249471,-0.81077808,-0.14819971,-0.56628239,0
0.08589983,3.3260942,-2.5240908,0.30137527,0.72365677,-0.62088138,0
-1.8694611,-2.6165268,2.4853745,-0.30137527,-0.72365677,0.62088138,0
3.3584614,4.1437511,0.017413616,0.30137527,0.72365677,-0.62088138,0
-2.4410238,3.1277211,-3.3819046,-0.50180852,0.67406046,0.54206133,0
3.1577938,3.9806893,0.74047446,-0.50180852,0.67406046,0.54206133,0
-3.3692136,-2.2921107,2.1355128,-0.30137527,-0.72365677,0.62088138,0
1.3006368,-2.9754157,3.6058409,-0.30137527,-0.72365677,0.62088138,0
-3.0938931,-3.190227,1.2223706,-0.30137527,-0.72365677,0.62088138,0
4.7417612,3.5836227,0.2196641,0.81077808,0.14819971,0.56628239,0
-3.3483481,-1.3261476,-2.8054876,-0.81077808,-0.14819971,-0.56628239,0
1.5059187,-1.3262525,5.6276364,-0.30137527,-0.72365677,0.62088138,0
-2.6742907,-0.26890564,0.62590086,-0.50180852,0.67406046,0.54206133,0
4.1269145,2.2575276,1.4470222,0.81077808,0.14819971,0.56628239,0
1.4041839,2.273356,-3.111196,0.30137527,0.72365677,-0.62088138,0
1.5669246,2.9280779,-2.2691026,0.30137527,0.72365677,-0.62088138,0
2.0277259,0.2344811,-1.1816452,0.50180852,-0.67406046,-0.54206133,0
-3.1757665,1.3321083,-3.7482646,-0.81077808,-0.14819971,-0.56628239,0
-2.1414213,1.1189067,-5.173399,-0.81077808,-0.14819971,-0.56628239,0
2.3083236,2.8667693,1.3392584,-0.50180852,0.67406046,0.54206133,0
-0.47546577,3.6803143,-2.3837221,0.30137527,0.72365677,-0.62088138,0
-1.719965,-3.3078902,1.752134,-0.30137527,-0.72365677,0.62088138,0
-1.6626875,2.008893,-4.9080925,0.30137527,0.72365677,-0.62088138,0
4.302928,3.2129235,0.94498062,0.81077808,0.14819971,0.56628239,0
3.1730771,1.704924,2.9573045,0.81077808,0.14819971,0.56628239,0
2.852664,-1.9629591,4.3759661,0.81077808,0.14819971,0.56628239,0
-2.4108438,-0.1653381,-4.4515562,-0.81077808,-0.14819971,-0.56628239,0
-4.3064432,-1.7991261,1.0178003,-0.50180852,0.67406046,0.54206133,0
-3.4532692,-2.9441133,1.3347831,-0.30137527,-0.72365677,0.62088138,0
1.7620883,1.7027845,-3.2534115,0.50180852,-0.67406046,-0.54206133,0
0.73949385,3.5911133,-1.8979483,0.30137527,0.72365677,-0.62088138,0
-0.71987629,1.1949311,-4.9195461,0.50180852,-0.67406046,-0.54206133,0
1.5787528,-3.2646856,3.4036851,-0.30137527,-0.72365677,0.62088138,0
3.488028,4.3427,0.59601974,-0.50180852,0.67406046,0.54206133,0
0.44756341,2.5652635,-3.2353113,0.30137527,0.72365677,-0.62088138,0
-2.5782561,-3.4034739,1.2241147,-0.30137527,-0.72365677,0.62088138,0
1.0935044,3.5907443,-1.726542,0.30137527,0.72365677,-0.62088138,0
0.67576265,3.0825009,-2.5216873,0.30137527,0.72365677,-0.62088138,0
3.103138,-2.3092992,4.1079879,0.81077808,0.14819971,0.56628239,0
0.8045249,-2.0004861,4.5013399,-0.30137527,-0.72365677,0.62088138,0
4.4471002,-0.13544846,1.6148522,0.81077808,0.14819971,0.56628239,0
-1.6358722,1.0278063,-5.5596991,0.50180852,-0.67406046,-0.54206133,0
4.8818026,2.3906078,-1.2206819,0.50180852,-0.67406046,-0.54206133,0
5.3782749,2.4282179,-0.38929081,0.81077808,0.14819971,0.56628239,0
1.134871,3.0722868,-2.3107412,0.30137527,0.72365677,-0.62088138,0
-5.185183,-2.2130327,0.056515694,-0.81077808,-0.14819971,-0.56628239,0
0.53079343,1.5675381,-4.2250915,0.50180852,-0.67406046,-0.54206133,0
1.6523538,3.8098526,-0.44073582,-0.50180852,0.67406046,0.54206133,0
1.5259905,3.5183547,-1.6009861,0.30137527,0.72365677,-0.62088138,0
3.7802744,-1.0764065,2.8158383,0.81077808,0.14819971,0.56628239,0
-2.2932632,-3.265907,1.5227888,-0.30137527,-0.72365677,0.62088138,0
1.0029957,1.7480669,-3.9181738,0.30137527,0.72365677,-0.62088138,0
0.36762905,2.6584158,-3.1655395,0.30137527,0.72365677,-0.62088138,0
-1.1609116,-3.7869673,1.4651186,-0.30137527,-0.72365677,0.62088138,0
0.79695177,-1.7728174,4.7630186,-0.30137527,-0.72365677,0.62088138,0
3.2197449,-1.727896,3.7888784,0.81077808,0.14819971,0.56628239,0
3.4632018,2.6736546,-1.6451902,0.30137527,0.72365677,-0.62088138,0
2.0704255,2.7488589,1.2656493,-0.50180852,0.67406046,0.54206133,0
-4.7977057,-2.9086785,0.72349548,-0.30137527,-0.72365677,0.62088138,0
1.2374334,-3.5156791,2.9454679,-0.30137527,-0.72365677,0.62088138,0
-2.1869278,0.57851529,0.023293495,-0.50180852,0.67406046,0.54206133,0
-0.90615225,3.4700031,-2.8379018,0.30137527,0.72365677,-0.62088138,0
3.8633711,3.0336719,-1.0313361,0.30137527,0.72365677,-0.62088138,0
-2.4000111,1.0622478,-4.7883329,-0.81077808,-0.14819971,-0.56628239,0
3.5975623,-0.59179592,1.2991035,0.50180852,-0.67406046,-0.54206133,0
2.7315764,3.3518715,-1.209837,0.30137527,0.72365677,-0.62088138,0
0.89078987,-0.69519079,-1.0780945,0.50180852,-0.67406046,-0.54206133,0
2.0743189,-2.2495039,1.9503567,0.50180852,-0.67406046,-0.54206133,0
3.6459401,-2.0419822,3.1472147,0.50180852,-0.67406046,-0.54206133,0
-2.7214854,-1.0201792,-3.7830758,-0.81077808,-0.14819971,-0.56628239,0
-1.7369132,-1.1808102,2.6276352,-0.50180852,0.67406046,0.54206133,0
3.3054295,-0.55683309,3.3597245,0.81077808,0.14819971,0.56628239,0
-2.6783638,-4.0130062,0.46509337,-0.30137527,-0.72365677,0.62088138,0
-3.7145662,0.050451994,-2.6414175,-0.81077808,-0.14819971,-0.56628239,0
1.3205299,-2.2407513,4.4717717,-0.30137527,-0.72365677,0.62088138,0
-0.19449735,0.18156421,-3.1730461,0.50180852,-0.67406046,-0.54206133,0
3.2372055,-1.6255207,3.7370872,0.81077808,0.14819971,0.56628239,0
4.5333529,2.745461,0.73740578,0.81077808,0.14819971,0.56628239,0
-0.15963578,0.03894031,-2.9634185,0.50180852,-0.67406046,-0.54206133,0
0.21953177,-2.5705454,3.5529628,-0.30137527,-0.72365677,0.62088138,0
0.024936438,1.6290281,0.76458049,-0.50180852,0.67406046,0.54206133,0
-1.3658223,-2.2741592,-1.2036655,0.50180852,-0.67406046,-0.54206133,0
-2.7368097,2.1812997,-2.4788384,-0.50180852,0.67406046,0.54206133,0
-3.7843347,-1.3525306,-2.1743562,-0.81077808,-0.14819971,-0.56628239,0
2.259007,0.47060299,4.2732687,-0.50180852,0.67406046,0.54206133,0
2.7329519,0.019947052,4.0284257,0.81077808,0.14819971,0.56628239,0
-4.6577988,-3.380801,0.24113274,-0.30137527,-0.72365677,0.62088138,0
2.7611954,0.35141861,3.9012394,0.81077808,0.14819971,0.56628239,0
-1.5226588,-0.036413908,1.4029076,-0.50180852,0.67406046,0.54206133,0
1.9348711,0.62009579,3.7873068,-0.50180852,0.67406046,0.54206133,0
-4.1829205,-1.0135946,-1.69238,-0.81077808,-0.14819971,-0.56628239,0
-1.8392799,0.87236536,-5.5414701,-0.81077808,-0.14819971,-0.56628239,0
-1.5451052,3.371356,-3.2630243,0.30137527,0.72365677,-0.62088138,0
3.454932,0.50509763,-0.19693732,0.50180852,-0.67406046,-0.54206133,0
-4.5688925,-2.9397609,-0.63567305,-0.81077808,-0.14819971,-0.56628239,0
3.6306486,2.2078302,2.1705599,0.81077808,0.14819971,0.56628239,0
-2.3553863,1.5588596,-4.9821916,-0.81077808,-0.14819971,-0.56628239,0
-3.9671478,-0.43397868,-2.1530035,-0.81077808,-0.14819971,-0.56628239,0
4.3696127,-0.29837036,1.6489434,0.50180852,-0.67406046,-0.54206133,0
-4.0356951,-2.4840672,-1.5183394,-0.81077808,-0.14819971,-0.56628239,0
-0.089854002,2.1330466,-3.9999361,0.30137527,0.72365677,-0.62088138,0
-0.33219767,3.1300869,-2.9554873,0.30137527,0.72365677,-0.62088138,0
-0.41562462,3.2888217,-1.7072407,-0.50180852,0.67406046,0.54206133,0
2.0892429,4.1369333,-0.60661173,0.30137527,0.72365677,-0.62088138,0
-3.577369,-1.0985335,-2.5371532,-0.81077808,-0.14819971,-0.56628239,0
5.1001091,2.3239787,-0.93573165,0.50180852,-0.67406046,-0.54206133,0
2.7999249,-2.7083344,4.6448855,-0.30137527,-0.72365677,0.62088138,0
-1.0635166,-2.8458555,2.6092899,-0.30137527,-0.72365677,0.62088138,0
-4.1917753,0.78023982,-2.1491609,-0.81077808,-0.14819971,-0.56628239,0
2.0014787,-2.3954635,2.0644276,0.50180852,-0.67406046,-0.54206133,0
-2.6980753,1.6197867,-4.5074892,-0.81077808,-0.14819971,-0.56628239,0
0.66355395,-0.029392719,3.4180436,-0.50180852,0.67406046,0.54206133,0
1.2381732,-2.1681082,4.5164633,-0.30137527,-0.72365677,0.62088138,0
2.7543859,3.1259387,1.4299169,-0.50180852,0.67406046,0.54206133,0
-4.6697617,-2.7065322,-0.55228901,-0.81077808,-0.14819971,-0.56628239,0
0.16521931,3.7556114,-1.9849731,0.30137527,0.72365677,-0.62088138,0
-1.1720271,2.6298871,-3.9461384,0.30137527,0.72365677,-0.62088138,0
4.0015106,0.50271761,2.0858142,0.81077808,0.14819971,0.56628239,0
2.2550955,-0.42432159,4.8288674,0.81077808,0.14819971,0.56628239,0
2.941103,3.3806028,1.2860899,-0.50180852,0.67406046,0.54206133,0
-2.8512726,2.8522584,-4.5020623,0.30137527,0.72365677,-0.62088138,0
-3.2326417,-1.0763019,-3.0365367,-0.81077808,-0.14819971,-0.56628239,0
4.036108,3.6948018,1.200891,0.81077808,0.14819971,0.56628239,0
0.5444572,0.87800419,-3.3549979,0.50180852,-0.67406046,-0.54206133,0
-4.9962792,-2.3828034,-0.16951847,-0.81077808,-0.14819971,-0.56628239,0
-1.8043519,2.1645846,-1.5948386,-0.50180852,0.67406046,0.54206133,0
0.3130703,-2.7205,3.4235892,-0.30137527,-0.72365677,0.62088138,0
-4.024497,-1.4137914,0.79964089,-0.50180852,0.67406046,0.54206133,0
2.4575846,0.74429142,4.1167655,-0.50180852,0.67406046,0.54206133,0
-4.1110778,0.049339056,-2.0734184,-0.81077808,-0.14819971,-0.56628239,0
-0.70173621,3.2125561,-1.8772682,-0.50180852,0.67406046,0.54206133,0
2.5854366,3.2793756,1.0827119,-0.50180852,0.67406046,0.54206133,0
3.6690173,4.150269,1.0028596,-0.50180852,0.67406046,0.54206133,0
-4.3789091,-1.2478127,0.26514959,-0.50180852,0.67406046,0.54206133,0
4.6804209,3.7085018,0.15179396,0.30137527,0.72365677,-0.62088138,0
-1.0741848,-1.1996338,-2.2698708,0.50180852,-0.67406046,-0.54206133,0
4.0056009,2.3146262,-1.8003685,0.30137527,0.72365677,-0.62088138,0
-3.8598666,-1.8916912,-1.9251118,-0.81077808,-0.14819971,-0.56628239,0
-1.0447307,3.543591,-2.8193979,0.30137527,0.72365677,-0.62088138,0
4.0406857,0.050945282,2.147958,0.81077808,0.14819971,0.56628239,0
3.2772346,-2.2903695,3.8537707,0.81077808,0.14819971,0.56628239,0
-3.4168267,1.7939516,-2.6266856,-0.50180852,0.67406046,0.54206133,0
3.3374953,2.0585017,2.6293638,0.81077808,0.14819971,0.56628239,0
4.4886761,3.1509895,-0.59107709,0.30137527,0.72365677,-0.62088138,0
-0.31468678,3.1691675,-2.9014378,0.30137527,0.72365677,-0.62088138,0
2.5042472,3.7472019,0.42580366,-0.50180852,0.67406046,0.54206133,0
3.5567675,1.0381193,-0.76548338,0.50180852,-0.67406046,-0.54206133,0
4.7294798,3.5079384,0.25705481,0.81077808,0.14819971,0.56628239,0
-1.9940448,-1.8917227,3.2696838,-0.30137527,-0.72365677,0.62088138,0
1.7707371,-1.0506197,5.6862569,0.81077808,0.14819971,0.56628239,0
3.0053489,3.7600732,0.87368798,-0.50180852,0.67406046,0.54206133,0
-2.1151583,-2.2351773,-1.9458306,0.50180852,-0.67406046,-0.54206133,0
0.76520681,3.9575858,-1.4583317,0.30137527,0.72365677,-0.62088138,0
3.5809798,2.2410867,2.23297,0.81077808,0.14819971,0.56628239,0
-0.25376058,-2.6430686,0.28456044,0.50180852,-0.67406046,-0.54206133,0
4.4537048,2.3113437,0.9650538,0.81077808,0.14819971,0.56628239,0
-4.1335731,-3.3195977,-1.1595383,-0.81077808,-0.14819971,-0.56628239,0
4.5175028,1.1276731,1.183486,0.81077808,0.14819971,0.56628239,0
0.75464296,-2.3078837,4.1188459,-0.30137527,-0.72365677,0.62088138,0
0.48875058,-0.19695544,3.4645875,-0.50180852,0.67406046,0.54206133,0
2.4820898,-2.9004767,3.1373398,0.50180852,-0.67406046,-0.54206133,0
-0.23696756,-3.4538186,1.3082849,0.50180852,-0.67406046,-0.54206133,0
1.9895098,1.9125133,-3.2476532,0.30137527,0.72365677,-0.62088138,0
2.5207582,3.3342466,0.95460391,-0.50180852,0.67406046,0.54206133,0
0.59049654,2.4106948,0.31613004,-0.50180852,0.67406046,0.54206133,0
3.8231559,2.8396339,-1.277014,0.30137527,0.72365677,-0.62088138,0
-0.6540916,-1.6146029,4.1694746,-0.50180852,0.67406046,0.54206133,0
1.733521,-1.3137505,5.7526855,-0.30137527,-0.72365677,0.62088138,0
3.3642924,0.56477833,2.9819145,0.81077808,0.14819971,0.56628239,0
3.008647,1.0169477,3.372776,0.81077808,0.14819971,0.56628239,0
-1.7795885,2.2017815,-4.7400188,0.30137527,0.72365677,-0.62088138,0
-2.4999433,2.310694,-4.9627376,0.30137527,0.72365677,-0.62088138,0
2.8144751,1.6371948,3.3368158,-0.50180852,0.67406046,0.54206133,0
-2.1934462,2.9262886,-2.9022281,-0.50180852,0.67406046,0.54206133,0
1.4174933,2.0776141,-3.3328791,0.30137527,0.72365677,-0.62088138,0
-3.1684418,2.2647784,-4.0028377,-0.81077808,-0.14819971,-0.56628239,0
-5.0639009,-2.2543592,-0.10631561,-0.81077808,-0.14819971,-0.56628239,0
3.3951468,1.6120449,2.663662,0.81077808,0.14819971,0.56628239,0
0.62977976,-0.16960609,3.5611348,-0.50180852,0.67406046,0.54206133,0
-4.8431635,-2.6022391,-0.33131409,-0.81077808,-0.14819971,-0.56628239,0
3.5853186,-1.731252,3.2663445,0.81077808,0.14819971,0.56628239,0
-0.35959482,-1.3812522,-1.3825006,0.50180852,-0.67406046,-0.54206133,0
1.8800325,-3.0001874,3.858207,-0.30137527,-0.72365677,0.62088138,0
2.2050352,-2.4046462,4.7100849,-0.30137527,-0.72365677,0.62088138,0
3.9488907,1.3554857,-0.7971282,0.50180852,-0.67406046,-0.54206133,0
4.5679455,0.44093204,1.2909882,0.81077808,0.14819971,0.56628239,0
-2.9778669,-0.85015672,-3.4604959,-0.81077808,-0.14819971,-0.56628239,0
-0.16994929,0.80116391,-3.9208016,0.50180852,-0.67406046,-0.54206133,0
-5.1806345,-1.6354656,-0.10114956,-0.81077808,-0.14819971,-0.56628239,0
1.1927928,-0.97554493,5.0845346,-0.50180852,0.67406046,0.54206133,0
4.6380353,1.9924939,0.78458309,0.81077808,0.14819971,0.56628239,0
3.0987833,0.93911839,3.2640913,0.81077808,0.14819971,0.56628239,0
-4.1893387,-4.3542156,-0.66602278,-0.30137527,-0.72365677,0.62088138,0
1.8818039,0.61439776,-1.7891624,0.50180852,-0.67406046,-0.54206133,0
-3.8736844,-2.5256822,-1.7394073,-0.81077808,-0.14819971,-0.56628239,0
-1.2568328,1.9935137,-4.7290163,0.30137527,0.72365677,-0.62088138,0
-1.2562128,-0.88696122,2.7072344,-0.50180852,0.67406046,0.54206133,0
-0.46423149,-1.972753,3.9178104,-0.30137527,-0.72365677,0.62088138,0
-4.1246557,-1.8522716,-1.556314,-0.81077808,-0.14819971,-0.56628239,0
-0.0050997734,3.6904197,-1.8265929,-0.50180852,0.67406046,0.54206133,0
2.5828643,2.7294195,-2.0075092,0.30137527,0.72365677,-0.62088138,0
-3.7691152,-2.758822,1.3974347,-0.30137527,-0.72365677,0.62088138,0
-4.6444755,-2.7196152,1.0182331,-0.30137527,-0.72365677,0.62088138,0
2.3733492,-1.4680017,4.9326944,0.81077808,0.14819971,0.56628239,0
-4.0697651,-3.7802997,0.060935497,-0.30137527,-0.72365677,0.62088138,0
2.7589245,3.8288434,-0.6406374,0.30137527,0.72365677,-0.62088138,0
-3.9860084,-2.0914392,-1.6922314,-0.81077808,-0.14819971,-0.56628239,0
0.013490915,-1.5627753,4.6275387,-0.30137527,-0.72365677,0.62088138,0
0.33772802,-1.5024358,-0.5862664,0.50180852,-0.67406046,-0.54206133,0
0.64143324,3.5788431,-1.959848,0.30137527,0.72365677,-0.62088138,0
-3.3546124,-3.6279545,0.5856328,-0.30137527,-0.72365677,0.62088138,0
-4.5659971,-2.3728867,-0.7881732,-0.81077808,-0.14819971,-0.56628239,0
-1.1740201,-2.2463036,3.2544479,-0.30137527,-0.72365677,0.62088138,0
3.3315549,-0.027790725,3.1838651,0.81077808,0.14819971,0.56628239,0
-3.646713,-3.5590603,0.52414513,-0.30137527,-0.72365677,0.62088138,0
-1.2708882,1.9877653,-0.88111222,-0.50180852,0.67406046,0.54206133,0
-2.9838319,2.6012764,-3.2297637,-0.50180852,0.67406046,0.54206133,0
-1.8067427,2.3537662,-4.5760565,0.30137527,0.72365677,-0.62088138,0
-3.4888718,-1.2179387,-2.6326106,-0.81077808,-0.14819971,-0.56628239,0
0.52891374,-1.6271125,4.8027372,-0.30137527,-0.72365677,0.62088138,0
1.5540752,1.3784018,-3.042604,0.50180852,-0.67406046,-0.54206133,0
-2.347991,-3.6233664,1.0795934,-0.30137527,-0.72365677,0.62088138,0
-3.8035128,-1.1351725,-2.2037818,-0.81077808,-0.14819971,-0.56628239,0
-4.2476521,-0.082737207,-1.8433118,-0.81077808,-0.14819971,-0.56628239,0
-4.0392356,-2.9362028,-1.3949437,-0.81077808,-0.14819971,-0.56628239,0
3.7464972,3.5187798,1.6616096,0.81077808,0.14819971,0.56628239,0
-1.558841,2.8469291,-3.880928,0.30137527,0.72365677,-0.62088138,0
3.01229,1.8565781,-2.2872932,0.50180852,-0.67406046,-0.54206133,0
-0.9456501,2.3912554,-4.114388,0.30137527,0.72365677,-0.62088138,0
-2.4035528,0.58288407,-0.18267751,-0.50180852,0.67406046,0.54206133,0
-1.4691958,-4.0748081,0.97999024,-0.30137527,-0.72365677,0.62088138,0
2.6993966,0.70745885,3.8965425,0.81077808,0.14819971,0.56628239,0
3.4303596,-0.7782594,3.2388039,0.81077808,0.14819971,0.56628239,0
-3.6611443,1.0620989,-2.9826584,-0.81077808,-0.14819971,-0.56628239,0
-2.6981983,-1.1888537,-3.7722738,-0.81077808,-0.14819971,-0.56628239,0
2.7412243,0.36594725,3.9260311,0.81077808,0.14819971,0.56628239,0
-0.46505952,2.224076,-0.42897883,-0.50180852,0.67406046,0.54206133,0
-0.31280041,-3.7120233,1.559164,0.50180852,-0.67406046,-0.54206133,0
-4.0753059,-3.9755292,-0.16930008,-0.30137527,-0.72365677,0.62088138,0
-2.7595959,1.0143293,-4.2609544,-0.81077808,-0.14819971,-0.56628239,0
-0.75632238,-2.683651,2.9474556,-0.30137527,-0.72365677,0.62088138,0
3.9891293,3.120352,1.4184897,0.81077808,0.14819971,0.56628239,0
4.3931017,1.2164052,-0.212955,0.50180852,-0.67406046,-0.54206133,0
-3.4644654,-0.85047269,0.61759019,-0.50180852,0.67406046,0.54206133,0
2.0637078,3.1802452,-1.734056,0.30137527,0.72365677,-0.62088138,0
-3.119206,-1.3933432,1.6122777,-0.50180852,0.67406046,0.54206133,0
4.1815357,1.4927732,1.5689592,0.81077808,0.14819971,0.56628239,0
-4.6643448,-3.382987,-0.38301373,-0.81077808,-0.14819971,-0.56628239,0
3.9784606,2.6357358,1.5605919,0.81077808,0.14819971,0.56628239,0
-1.4550039,-0.23482847,1.7122699,-0.50180852,0.67406046,0.54206133,0
2.3683505,1.7599846,2.7711296,-0.50180852,0.67406046,0.54206133,0
-4.4680061,-0.34747624,-1.458535,-0.81077808,-0.14819971,-0.56628239,0
-2.9072909,-0.96043468,1.2701288,-0.50180852,0.67406046,0.54206133,0
-4.7168202,-0.73815441,-1.0000513,-0.81077808,-0.14819971,-0.56628239,0
-0.85320759,-3.3508401,2.1227975,-0.30137527,-0.72365677,0.62088138,0
2.768929,-0.71344,4.1688476,0.81077808,0.14819971,0.56628239,0
1.888968,4.126277,-0.61517024,-0.50180852,0.67406046,0.54206133,0
0.19993258,-3.09641,2.9305375,-0.30137527,-0.72365677,0.62088138,0
3.261899,-2.4273269,3.9115696,0.81077808,0.14819971,0.56628239,0
-2.6827698,1.1267515,-4.4003725,-0.81077808,-0.14819971,-0.56628239,0
1.791463,-1.3109202,5.7247043,0.81077808,0.14819971,0.56628239,0
4.0948186,0.91346812,1.8447242,0.81077808,0.14819971,0.56628239,0
4.7005539,3.5236654,0.29435301,0.81077808,0.14819971,0.56628239,0
-4.3592625,-0.16500187,-1.661984,-0.81077808,-0.14819971,-0.56628239,0
4.668375,1.2284648,0.94109559,0.81077808,0.14819971,0.56628239,0
2.298286,2.7472215,-2.1248946,0.30137527,0.72365677,-0.62088138,0
4.2880616,1.48993,1.4171839,0.81077808,0.14819971,0.56628239,0
-2.3890951,-3.2414253,1.5048056,-0.30137527,-0.72365677,0.62088138,0
-1.0186512,2.8349586,-3.6326723,0.30137527,0.72365677,-0.62088138,0
-1.4366419,1.2470146,-0.11342359,-0.50180852,0.67406046,0.54206133,0
-1.349896,-4.0440073,1.0737978,-0.30137527,-0.72365677,0.62088138,0
3.2323699,3.3528357,-0.96562862,0.30137527,0.72365677,-0.62088138,0
2.7780986,4.2639837,-0.12415957,0.30137527,0.72365677,-0.62088138,0
-4.8158007,-2.6965771,-0.34580278,-0.81077808,-0.14819971,-0.56628239,0
0.37091923,-3.3543122,2.7129409,-0.30137527,-0.72365677,0.62088138,0
-0.11380541,0.14594483,-3.0540531,0.50180852,-0.67406046,-0.54206133,0
1.1548824,3.7516432,-0.82888222,-0.50180852,0.67406046,0.54206133,0
3.0295393,1.038344,3.3372638,0.81077808,0.14819971,0.56628239,0
1.6493366,2.5150981,-2.7104414,0.30137527,0.72365677,-0.62088138,0
4.8562965,3.0236397,-0.56106472,0.30137527,0.72365677,-0.62088138,0
4.2131405,3.7630432,-0.011454582,0.30137527,0.72365677,-0.62088138,0
-0.18549061,3.6785588,-2.2450147,0.30137527,0.72365677,-0.62088138,0
0.54036713,-0.41488004,-1.7510653,0.50180852,-0.67406046,-0.54206133,0
0.34338284,0.75505388,-3.3882501,0.50180852,-0.67406046,-0.54206133,0
-0.64706373,1.2012329,-4.8599768,0.50180852,-0.67406046,-0.54206133,0
2.8952475,-0.63310587,3.9669664,0.81077808,0.14819971,0.56628239,0
0.31838179,3.6693263,-2.0111966,0.30137527,0.72365677,-0.62088138,0
-3.2291532,2.9398308,-3.8778646,-0.50180852,0.67406046,0.54206133,0
2.6920376,0.18100429,-0.50016582,0.50180852,-0.67406046,-0.54206133,0
-4.5903206,-2.6371791,-0.68418026,-0.81077808,-0.14819971,-0.56628239,0
0.8862505,-0.065711737,3.6693659,-0.50180852,0.67406046,0.54206133,0
-1.9904466,1.2978809,-5.4363961,-0.81077808,-0.14819971,-0.56628239,0
-1.3017375,3.3561256,-3.1626458,0.30137527,0.72365677,-0.62088138,0
-2.6686318,-1.8864741,2.6426077,-0.50180852,0.67406046,0.54206133,0
4.233489,2.4473541,1.2447538,0.81077808,0.14819971,0.56628239,0
-0.55912077,0.86666226,-4.3625212,0.50180852,-0.67406046,-0.54206133,0
-0.34039736,-0.1006999,-2.9571126,0.50180852,-0.67406046,-0.54206133,0
4.3799968,3.3457186,0.79988337,0.81077808,0.14819971,0.56628239,0
-2.3336241,1.4770179,-4.991931,-0.81077808,-0.14819971,-0.56628239,0
3.5641947,0.24943745,2.7782297,0.81077808,0.14819971,0.56628239,0
-2.7573082,2.6258781,-4.6859827,-0.81077808,-0.14819971,-0.56628239,0
-3.6310601,0.3268162,-2.8333044,-0.81077808,-0.14819971,-0.56628239,0
1.0321023,0.78035331,-2.7821341,0.50180852,-0.67406046,-0.54206133,0
3.7652075,1.4711087,2.1707094,0.81077808,0.14819971,0.56628239,0
-0.92402816,-1.3879111,3.6376896,-0.50180852,0.67406046,0.54206133,0
3.6344297,-0.64580369,2.9119608,0.81077808,0.14819971,0.56628239,0
-5.0040164,-1.2120929,-0.46482301,-0.81077808,-0.14819971,-0.56628239,0
-3.8423328,1.0450089,-2.7187686,-0.81077808,-0.14819971,-0.56628239,0
-0.47787356,1.5993822,-4.8102827,0.30137527,0.72365677,-0.62088138,0
2.5528235,3.7507658,-0.8316803,0.30137527,0.72365677,-0.62088138,0
1.2948661,-3.5576675,2.924407,-0.30137527,-0.72365677,0.62088138,0
-2.0725551,-1.7960066,-2.4525056,0.50180852,-0.67406046,-0.54206133,0
2.2188945,-1.6610713,5.2043638,0.81077808,0.14819971,0.56628239,0
-3.6644034,-1.8187641,-2.2240522,-0.81077808,-0.14819971,-0.56628239,0
-3.8813272,-2.0165155,-1.8617172,-0.81077808,-0.14819971,-0.56628239,0
-0.83763099,3.2755001,-3.0313406,0.30137527,0.72365677,-0.62088138,0
-1.5546846,1.5892931,-5.3447251,0.30137527,0.72365677,-0.62088138,0
-1.5528445,-3.6636777,1.4185724,-0.30137527,-0.72365677,0.62088138,0
-3.1260951,-2.3314128,2.2077155,-0.30137527,-0.72365677,0.62088138,0
0.65776062,3.5328882,-1.0170629,-0.50180852,0.67406046,0.54206133,0
3.4943299,0.065665126,2.9263535,0.81077808,0.14819971,0.56628239,0
-4.0176454,0.75119901,-2.390872,-0.81077808,-0.14819971,-0.56628239,0
-4.3471689,-3.5545695,0.18937969,-0.30137527,-0.72365677,0.62088138,0
4.8833747,2.551338,0.28706264,0.81077808,0.14819971,0.56628239,0
-2.8343458,1.9878342,-4.4087038,-0.81077808,-0.14819971,-0.56628239,0
-4.0226884,-1.8331928,-1.7073002,-0.81077808,-0.14819971,-0.56628239,0
-0.33392906,3.6987743,-2.1413932,-0.50180852,0.67406046,0.54206133,0
-1.0707694,-0.58520734,-3.0307567,0.50180852,-0.67406046,-0.54206133,0
2.5884836,-0.78052443,4.4447579,0.81077808,0.14819971,0.56628239,0
-3.7265582,-0.18887544,-2.5616145,-0.81077808,-0.14819971,-0.56628239,0
1.8711464,-0.32078791,4.8983154,-0.50180852,0.67406046,0.54206133,0
-1.3117237,-3.8529575,0.80967283,0.50180852,-0.67406046,-0.54206133,0
4.9543443,1.5103047,0.4578979,0.81077808,0.14819971,0.56628239,0
-4.9435697,-1.1872406,-0.33290243,-0.50180852,0.67406046,0.54206133,0
-4.8532124,-2.4606497,1.2187443,-0.30137527,-0.72365677,0.62088138,0
-4.2198515,-3.6387043,-0.95249557,-0.81077808,-0.14819971,-0.56628239,0
5.0693693,2.4122262,0.057170391,0.81077808,0.14819971,0.56628239,0
-3.7507093,1.0398694,-2.8486061,-0.81077808,-0.14819971,-0.56628239,0
2.9082656,-3.1674895,4.1623144,-0.30137527,-0.72365677,0.62088138,0
1.2770519,2.0234303,-3.4642024,0.30137527,0.72365677,-0.62088138,0
-2.1415889,1.4141511,-0.97385836,-0.50180852,0.67406046,0.54206133,0
3.4577885,1.7317133,2.5426559,0.81077808,0.14819971,0.56628239,0
-1.5751858,-3.0423019,2.1319616,-0.30137527,-0.72365677,0.62088138,0
-2.9892998,-3.7285533,0.64570403,-0.30137527,-0.72365677,0.62088138,0
-1.4502604,-1.943208,-1.6933751,0.50180852,-0.67406046,-0.54206133,0
2.2635581,-0.65746599,4.8777661,0.81077808,0.14819971,0.56628239,0
-3.0194495,-0.22717786,0.25448406,-0.50180852,0.67406046,0.54206133,0
2.9012043,-1.50186,4.1857963,0.81077808,0.14819971,0.56628239,0
4.2652426,2.0773852,1.2961147,0.81077808,0.14819971,0.56628239,0
-4.9067402,-3.1098216,-0.10745144,-0.81077808,-0.14819971,-0.56628239,0
0.11400557,-1.6094661,4.6219082,-0.30137527,-0.72365677,0.62088138,0
-0.59301746,0.85653722,-4.3813105,0.50180852,-0.67406046,-0.54206133,0
2.2765977,-0.9112215,0.4734422,0.50180852,-0.67406046,-0.54206133,0
2.670861,-1.3476899,4.475244,0.81077808,0.14819971,0.56628239,0
-3.4298913,2.0301316,-2.9324732,-0.50180852,0.67406046,0.54206133,0
3.8387198,-1.0899669,2.7357073,0.81077808,0.14819971,0.56628239,0
0.13315487,-3.255434,1.4042282,0.50180852,-0.67406046,-0.54206133,0
-1.3069692,-3.8923297,1.2714192,-0.30137527,-0.72365677,0.62088138,0
2.7943788,1.460556,-1.9965636,0.50180852,-0.67406046,-0.54206133,0
0.61179233,2.5396683,0.17546391,-0.50180852,0.67406046,0.54206133,0
3.0492742,-1.6375158,4.0092978,0.81077808,0.14819971,0.56628239,0
2.1629395,-1.8073809,1.4826105,0.50180852,-0.67406046,-0.54206133,0
-2.3039489,-3.7377419,0.96766281,-0.30137527,-0.72365677,0.62088138,0
-2.7588613,1.6912973,-1.889928,-0.50180852,0.67406046,0.54206133,0
4.5772047,3.582453,0.45557499,0.81077808,0.14819971,0.56628239,0
-3.1387551,3.1237142,-4.2701311,-0.81077808,-0.14819971,-0.56628239,0
-2.0524063,0.66772503,-5.1827693,-0.81077808,-0.14819971,-0.56628239,0
-3.0089495,-1.2131568,-3.3209934,-0.81077808,-0.14819971,-0.56628239,0
4.6500506,0.38298845,1.1885982,0.81077808,0.14819971,0.56628239,0
-4.7954006,-1.9429878,-0.5722301,-0.81077808,-0.14819971,-0.56628239,0
-4.6124558,-0.6266768,-1.1786492,-0.81077808,-0.14819971,-0.56628239,0
4.6945949,1.6042175,0.80521774,0.81077808,0.14819971,0.56628239,0
0.81742191,3.8274879,-1.2355968,-0.50180852,0.67406046,0.54206133,0
3.3220434,-0.72075844,1.204411,0.50180852,-0.67406046,-0.54206133,0
1.699522,-2.319757,4.5636501,-0.30137527,-0.72365677,0.62088138,0
4.3368306,0.029246807,1.729629,0.81077808,0.14819971,0.56628239,0
-2.5181959,2.5626764,-4.6779037,0.30137527,0.72365677,-0.62088138,0
-4.3319912,-2.2311754,-1.1602995,-0.81077808,-0.14819971,-0.56628239,0
1.6358831,-2.6047244,4.2006216,-0.30137527,-0.72365677,0.62088138,0
1.5912333,3.7128961,-0.3767519,-0.50180852,0.67406046,0.54206133,0
-3.0355992,-2.4434662,2.1210399,-0.30137527,-0.72365677,0.62088138,0
0.24117994,-3.215168,1.4541607,0.50180852,-0.67406046,-0.54206133,0
-3.2507596,-0.20433956,-3.2387943,-0.81077808,-0.14819971,-0.56628239,0
3.858124,3.3072619,1.5571423,0.81077808,0.14819971,0.56628239,0
2.403266,1.3043392,-2.1643753,0.50180852,-0.67406046,-0.54206133,0
-4.1729493,0.49764585,-2.1021585,-0.81077808,-0.14819971,-0.56628239,0
-4.5413327,-2.3498189,-0.82952356,-0.81077808,-0.14819971,-0.56628239,0
4.0724273,3.4142456,1.2223144,0.81077808,0.14819971,0.56628239,0
3.3366807,0.44917178,-0.2368629,0.50180852,-0.67406046,-0.54206133,0
3.8534007,3.4361458,-0.56708097,0.30137527,0.72365677,-0.62088138,0
-4.1032038,-4.2799959,-0.53770733,-0.30137527,-0.72365677,0.62088138,0
-2.6589768,-0.66208804,-3.9662876,-0.81077808,-0.14819971,-0.56628239,0
-0.011620522,2.4164143,-3.6316874,0.30137527,0.72365677,-0.62088138,0
-3.4983044,-0.23059177,-2.8775003,-0.81077808,-0.14819971,-0.56628239,0
1.4223995,3.8290653,-1.2891265,0.30137527,0.72365677,-0.62088138,0
-1.7199442,1.9147763,-5.0455809,0.30137527,0.72365677,-0.62088138,0
4.981637,1.7351007,0.35999036,0.81077808,0.14819971,0.56628239,0
2.4448411,0.53328174,4.3065867,0.81077808,0.14819971,0.56628239,0
