-1.0055904,2.2965875,-5.586,0.0071047544,-0.33185852,-0.94330245,0
-3.3559434,3.0943406,-1.024971,-0.49985021,0.81584066,-0.29078162,0
-1.0830665,5.211853,1.009047,-0.49985021,0.81584066,-0.29078162,0
-2.2808576,4.1623082,3.288975,-0.0071047544,0.33185852,0.94330245,0
1.8703973,-4.4971151,-0.35713148,0.49985021,-0.81584066,0.29078162,0
-0.54985523,0.74308801,4.5049114,-0.0071047544,0.33185852,0.94330245,0
2.2318025,-3.44242,1.9807568,0.49985021,-0.81584066,0.29078162,0
-2.3201609,3.5798583,-1.4432607,-0.49985021,0.81584066,-0.29078162,0
1.0382805,-3.4902921,3.8980916,0.49985021,-0.81584066,0.29078162,0
2.1122499,-4.0508823,-3.3294446,0.0071047544,-0.33185852,-0.94330245,0
-0.94728041,5.5929961,2.0507131,0.86608279,0.47357577,-0.16008317,0
1.3074834,-0.22199798,-2.9531155,0.86608279,0.47357577,-0.16008317,0
2.2223561,-2.1528683,-3.7155828,0.86608279,0.47357577,-0.16008317,0
-1.8444092,-0.49693352,-2.0785875,-0.86608279,-0.47357577,0.16008317,0
-3.197818,2.8432994,0.48064327,-0.86608279,-0.47357577,0.16008317,0
2.9111283,-1.175042,2.9035311,0.86608279,0.47357577,-0.16008317,0
-1.2989321,-0.094921708,-4.7468643,0.0071047544,-0.33185852,-0.94330245,0
0.069594145,-3.697984,-1.1931391,-0.86608279,-0.47357577,0.16008317,0
-1.0349053,5.6355429,2.7800674,-0.0071047544,0.33185852,0.94330245,0
-1.8901194,1.2416317,2.8173301,-0.86608279,-0.47357577,0.16008317,0
-0.39236164,-1.2507578,-4.3334074,0.0071047544,-0.33185852,-0.94330245,0
-2.3607087,2.2991714,3.3998775,-0.86608279,-0.47357577,0.16008317,0
-2.4673088,1.3109581,-0.10029459,-0.86608279,-0.47357577,0.16008317,0
3.4648037,-3.9981494,-2.4526029,0.86608279,0.47357577,-0.16008317,0
-1.7789026,4.0599728,-1.026629,-0.49985021,0.81584066,-0.29078162,0
1.5753615,-0.1920135,-1.4151374,0.86608279,0.47357577,-0.16008317,0
-0.07521081,3.2289233,-0.22487545,0.86608279,0.47357577,-0.16008317,0
3.3665113,-3.1166532,-0.3766427,0.86608279,0.47357577,-0.16008317,0
-0.99272478,4.5476971,-1.0096602,-0.49985021,0.81584066,-0.29078162,0
3.0802119,-2.2405927,3.8942957,0.49985021,-0.81584066,0.29078162,0
2.4503796,-2.0142579,-2.0718749,0.86608279,0.47357577,-0.16008317,0
0.084513903,-2.7279868,1.7571341,-0.86608279,-0.47357577,0.16008317,0
-2.3360429,0.87558317,-0.67809439,-0.86608279,-0.47357577,0.16008317,0
-2.7650011,2.0974541,0.61582923,-0.86608279,-0.47357577,0.16008317,0
1.9077754,-4.0102568,0.94458485,0.49985021,-0.81584066,0.29078162,0
0.37222052,1.2864629,-3.5505843,0.86608279,0.47357577,-0.16008317,0
2.2004347,-2.0913205,-3.6521056,0.86608279,0.47357577,-0.16008317,0
2.6292825,-3.1050363,2.2440825,0.49985021,-0.81584066,0.29078162,0
0.0038709044,-3.1299992,0.13156033,-0.86608279,-0.47357577,0.16008317,0
3.4133122,-3.7300935,-1.938189,0.86608279,0.47357577,-0.16008317,0
-0.13912845,-2.484427,1.2677075,-0.86608279,-0.47357577,0.16008317,0
-1.4965491,0.85730994,-5.0833521,0.0071047544,-0.33185852,-0.94330245,0
-2.7766385,2.287262,-4.2851949,-0.49985021,0.81584066,-0.29078162,0
-3.2472157,2.6403344,-0.38704395,-0.86608279,-0.47357577,0.16008317,0
-2.524775,2.027036,-5.4482565,-0.49985021,0.81584066,-0.29078162,0
-2.0782948,2.6593611,-4.441648,-0.49985021,0.81584066,-0.29078162,0
0.068428993,2.4813499,3.8980386,-0.0071047544,0.33185852,0.94330245,0
2.6135743,-2.6546133,-3.0833302,0.86608279,0.47357577,-0.16008317,0
-1.9573554,3.8097529,-1.4219079,-0.49985021,0.81584066,-0.29078162,0
-0.15294027,1.0406215,-5.137723,0.0071047544,-0.33185852,-0.94330245,0
-0.42115521,-3.2291646,-2.4612789,-0.86608279,-0.47357577,0.16008317,0
0.011777759,3.1014171,-0.1314528,0.86608279,0.47357577,-0.16008317,0
-2.5309157,4.2648048,3.2510324,-0.0071047544,0.33185852,0.94330245,0
0.55345726,-1.3897462,-4.2773862,0.0071047544,-0.33185852,-0.94330245,0
1.0441921,1.956125,4.0901647,-0.0071047544,0.33185852,0.94330245,0
-0.55901194,-0.62706208,-4.5540819,0.0071047544,-0.33185852,-0.94330245,0
1.7759473,-3.0721138,3.8033278,0.49985021,-0.81584066,0.29078162,0
0.12835121,0.61726463,4.5542841,-0.0071047544,0.33185852,0.94330245,0
-1.2333431,4.6744909,-0.24029779,-0.49985021,0.81584066,-0.29078162,0
-2.5744703,0.2662127,-3.7707422,-0.86608279,-0.47357577,0.16008317,0
-0.56306279,4.0957479,-0.29991746,0.86608279,0.47357577,-0.16008317,0
-2.2074115,3.2862489,-2.46085,-0.49985021,0.81584066,-0.29078162,0
-1.5446799,5.3710814,2.2492986,-0.49985021,0.81584066,-0.29078162,0
1.0161798,-1.4399421,-4.2562423,0.0071047544,-0.33185852,-0.94330245,0
-0.59609127,-1.6170805,1.3613265,-0.86608279,-0.47357577,0.16008317,0
-2.7783287,2.4409652,1.5599365,-0.86608279,-0.47357577,0.16008317,0
-0.56266999,2.2728932,3.9666214,-0.0071047544,0.33185852,0.94330245,0
-3.5666389,3.8843036,1.553597,-0.49985021,0.81584066,-0.29078162,0
-1.035037,-0.61867285,-4.5606184,0.0071047544,-0.33185852,-0.94330245,0
-1.2333834,3.4378376,3.5517361,-0.0071047544,0.33185852,0.94330245,0
0.26557732,0.53286827,4.5850091,-0.0071047544,0.33185852,0.94330245,0
-0.78081846,3.5385077,3.5197291,-0.0071047544,0.33185852,0.94330245,0
-2.1434908,1.1269604,1.1073053,-0.86608279,-0.47357577,0.16008317,0
-1.2089723,-0.58256817,1.1059241,-0.86608279,-0.47357577,0.16008317,0
1.1427761,-5.7480631,-2.6161208,0.49985021,-0.81584066,0.29078162,0
3.0484166,-1.9722084,4.7019529,0.49985021,-0.81584066,0.29078162,0
2.1911037,-0.90756452,-0.20066786,0.86608279,0.47357577,-0.16008317,0
-3.2458775,2.5058711,-2.8652308,-0.49985021,0.81584066,-0.29078162,0
-2.3607278,3.7530341,-0.88765049,-0.49985021,0.81584066,-0.29078162,0
-1.0785602,4.8990183,0.1235857,-0.49985021,0.81584066,-0.29078162,0
-2.5915248,3.8788738,-0.13784647,-0.49985021,0.81584066,-0.29078162,0
2.150985,-5.0706263,-2.9704018,0.0071047544,-0.33185852,-0.94330245,0
0.48485982,3.0201416,2.1875789,0.86608279,0.47357577,-0.16008317,0
2.3156528,-2.4839873,-3.8791542,0.0071047544,-0.33185852,-0.94330245,0
2.2636485,-0.64175773,0.97815371,0.86608279,0.47357577,-0.16008317,0
1.474696,-4.0547061,1.564333,0.49985021,-0.81584066,0.29078162,0
-1.8556645,3.2056808,-3.2915468,-0.49985021,0.81584066,-0.29078162,0
3.3848763,-2.6116252,2.3295827,0.49985021,-0.81584066,0.29078162,0
-1.233964,0.71683383,4.5089951,-0.0071047544,0.33185852,0.94330245,0
0.15985084,-4.428534,-2.8660269,-0.86608279,-0.47357577,0.16008317,0
3.0417714,-2.26667,3.8872099,0.49985021,-0.81584066,0.29078162,0
-0.39460945,-0.7682302,4.9625473,-0.86608279,-0.47357577,0.16008317,0
1.2672801,-2.9597135,4.9930787,0.49985021,-0.81584066,0.29078162,0
-3.2493608,3.1840103,-0.95659971,-0.49985021,0.81584066,-0.29078162,0
2.743222,-3.084481,2.1058946,0.49985021,-0.81584066,0.29078162,0
2.6058178,-0.69583607,2.6693802,0.86608279,0.47357577,-0.16008317,0
0.61934996,1.6596415,4.1912694,-0.0071047544,0.33185852,0.94330245,0
0.35315657,-2.00998,5.3346348,-0.86608279,-0.47357577,0.16008317,0
1.2877936,-4.314558,-3.2428923,0.0071047544,-0.33185852,-0.94330245,0
0.70221591,-4.2800274,-3.2594507,0.0071047544,-0.33185852,-0.94330245,0
-3.5789952,4.4337349,3.1234007,-0.86608279,-0.47357577,0.16008317,0
-3.1337848,4.6189923,3.1218867,-0.0071047544,0.33185852,0.94330245,0
-1.1865115,3.7656116,-2.870826,-0.49985021,0.81584066,-0.29078162,0
-0.48326445,0.50937963,4.5876327,-0.0071047544,0.33185852,0.94330245,0
-3.4603052,2.4798603,-2.5696101,-0.49985021,0.81584066,-0.29078162,0
-1.5326743,4.7826238,0.57763624,-0.49985021,0.81584066,-0.29078162,0
-2.2430229,3.2322047,-2.551266,-0.49985021,0.81584066,-0.29078162,0
1.3657351,0.93300754,0.77890408,0.86608279,0.47357577,-0.16008317,0
-2.8817382,2.7864192,2.0224314,-0.86608279,-0.47357577,0.16008317,0
3.3307004,-2.585757,1.0001693,0.86608279,0.47357577,-0.16008317,0
-3.4316249,2.6591606,-2.1158524,-0.49985021,0.81584066,-0.29078162,0
0.18560791,-1.329963,5.2397604,-0.0071047544,0.33185852,0.94330245,0
-1.3348012,-1.8610539,-4.1258001,0.0071047544,-0.33185852,-0.94330245,0
-1.6168256,2.9601891,-4.3908801,-0.49985021,0.81584066,-0.29078162,0
1.6880707,-4.9040871,-3.0324779,0.0071047544,-0.33185852,-0.94330245,0
3.0362928,-3.8681064,-0.59649372,0.49985021,-0.81584066,0.29078162,0
1.3487656,-4.4179487,0.76166296,0.49985021,-0.81584066,0.29078162,0
0.13187981,1.2316871,-5.0129185,0.86608279,0.47357577,-0.16008317,0
-2.0489092,4.5355883,0.77193356,-0.49985021,0.81584066,-0.29078162,0
2.1282582,-1.3430768,5.259006,-0.0071047544,0.33185852,0.94330245,0
0.55407715,1.511236,4.2429876,-0.0071047544,0.33185852,0.94330245,0
1.1356896,1.6176341,1.5596495,0.86608279,0.47357577,-0.16008317,0
0.32075334,2.413528,3.9237993,-0.0071047544,0.33185852,0.94330245,0
-2.3221736,1.5684733,1.4467275,-0.86608279,-0.47357577,0.16008317,0
0.52964747,-4.8966637,-2.2502234,-0.86608279,-0.47357577,0.16008317,0
0.47860241,-2.3091459,-3.9545009,0.0071047544,-0.33185852,-0.94330245,0
-2.6942086,2.0504227,0.85969949,-0.86608279,-0.47357577,0.16008317,0
3.1101849,-3.654326,-0.12371397,0.49985021,-0.81584066,0.29078162,0
0.9499737,1.3245773,-0.31206548,0.86608279,0.47357577,-0.16008317,0
-3.0327692,3.3281879,-0.92440319,-0.49985021,0.81584066,-0.29078162,0
-1.2903696,4.4657102,-0.72804165,-0.49985021,0.81584066,-0.29078162,0
0.86620247,1.9718517,1.149554,0.86608279,0.47357577,-0.16008317,0
-2.6507006,4.9490147,2.9663491,-0.49985021,0.81584066,-0.29078162,0
3.2164085,-1.4470631,3.750437,0.86608279,0.47357577,-0.16008317,0
1.3511556,-4.4231076,0.74308014,0.49985021,-0.81584066,0.29078162,0
-1.8649473,2.5214782,-5.1952453,-0.49985021,0.81584066,-0.29078162,0
-2.7557349,3.345746,-1.3513594,-0.49985021,0.81584066,-0.29078162,0
-1.7825055,-0.97073811,-4.4423895,0.0071047544,-0.33185852,-0.94330245,0
2.7891259,-1.9498343,-0.048602581,0.86608279,0.47357577,-0.16008317,0
-1.725276,3.5217593,-2.6288676,-0.49985021,0.81584066,-0.29078162,0
0.67788053,-3.223017,-3.631495,0.0071047544,-0.33185852,-0.94330245,0
-1.2175128,5.5505648,2.808588,-0.0071047544,0.33185852,0.94330245,0
-1.1262255,5.5562277,2.8072834,-0.0071047544,0.33185852,0.94330245,0
3.0615797,-3.2160304,1.1895556,0.49985021,-0.81584066,0.29078162,0
1.5174446,-3.075531,4.238102,0.49985021,-0.81584066,0.29078162,0
-2.8147399,2.6215866,-3.2816908,-0.49985021,0.81584066,-0.29078162,0
-2.3145232,2.796453,3.7692356,-0.0071047544,0.33185852,0.94330245,0
-2.7939091,2.2973335,1.0507367,-0.86608279,-0.47357577,0.16008317,0
-0.15331817,-3.5905156,-2.0812154,-0.86608279,-0.47357577,0.16008317,0
-1.9535089,2.8646858,-4.0800791,-0.49985021,0.81584066,-0.29078162,0
-2.4586818,4.9369426,3.0151148,-0.0071047544,0.33185852,0.94330245,0
-1.3106055,4.2118568,-1.4054885,-0.49985021,0.81584066,-0.29078162,0
-1.5452337,3.1585717,-3.9573476,-0.49985021,0.81584066,-0.29078162,0
0.4407258,-3.5503654,-3.5181189,0.0071047544,-0.33185852,-0.94330245,0
3.1202836,-2.6220148,-0.24549055,0.86608279,0.47357577,-0.16008317,0
1.9559994,0.064627945,1.4034182,0.86608279,0.47357577,-0.16008317,0
-2.4504619,3.7353597,-0.78298807,-0.49985021,0.81584066,-0.29078162,0
1.2473292,-3.3973594,3.7994802,0.49985021,-0.81584066,0.29078162,0
1.4297972,-2.9772928,-3.7122793,0.0071047544,-0.33185852,-0.94330245,0
-2.3902712,4.1371813,0.24092913,-0.49985021,0.81584066,-0.29078162,0
-0.30974245,3.0960577,-1.8867984,0.86608279,0.47357577,-0.16008317,0
0.47351408,-2.5473604,-3.8707337,0.0071047544,-0.33185852,-0.94330245,0
-2.062005,3.6094213,-1.8040843,-0.49985021,0.81584066,-0.29078162,0
-0.15938425,2.876596,-1.7225657,0.86608279,0.47357577,-0.16008317,0
2.6649663,-2.3306611,-1.8469367,0.86608279,0.47357577,-0.16008317,0
-2.2169738,0.69133937,-5.0303893,0.0071047544,-0.33185852,-0.94330245,0
2.0027895,-3.7062407,1.6342311,0.49985021,-0.81584066,0.29078162,0
1.7117522,-3.7322176,-3.4445691,0.0071047544,-0.33185852,-0.94330245,0
-0.13327181,2.9735138,-1.2945789,0.86608279,0.47357577,-0.16008317,0
2.2383289,-3.3461566,2.2396224,0.49985021,-0.81584066,0.29078162,0
-2.2224069,1.3430517,-5.2597055,0.0071047544,-0.33185852,-0.94330245,0
1.9727693,-1.6019304,-3.4360523,0.86608279,0.47357577,-0.16008317,0
-2.6679187,2.0105917,0.88409781,-0.86608279,-0.47357577,0.16008317,0
0.016467094,-4.1728339,-3.3023269,0.0071047544,-0.33185852,-0.94330245,0
-2.3990452,4.0213666,-0.068928242,-0.49985021,0.81584066,-0.29078162,0
-2.1153891,0.22011736,-1.4233838,-0.86608279,-0.47357577,0.16008317,0
-2.9815345,3.0597856,-1.7655263,-0.49985021,0.81584066,-0.29078162,0
-2.6996005,2.7966123,3.0379889,-0.86608279,-0.47357577,0.16008317,0
1.123992,-3.0591547,-3.6857829,0.0071047544,-0.33185852,-0.94330245,0
-1.916533,1.2537235,-5.2259765,0.0071047544,-0.33185852,-0.94330245,0
1.557271,-3.2674227,3.6312556,0.49985021,-0.81584066,0.29078162,0
-0.51498413,-0.68418789,4.5599222,-0.86608279,-0.47357577,0.16008317,0
-3.4961581,2.9193199,-0.90854597,-0.86608279,-0.47357577,0.16008317,0
0.89389729,-3.8631463,2.7779076,-0.86608279,-0.47357577,0.16008317,0
-1.9958309,0.73258936,0.73950219,-0.86608279,-0.47357577,0.16008317,0
0.96955919,-3.5715806,3.7881527,0.49985021,-0.81584066,0.29078162,0
0.98861837,-1.5183003,-4.2288828,0.0071047544,-0.33185852,-0.94330245,0
-0.2577858,0.073603153,4.7426391,-0.0071047544,0.33185852,0.94330245,0
-1.1445799,4.8648977,3.0503583,-0.0071047544,0.33185852,0.94330245,0
-0.021581888,-3.1940138,-3.6469669,0.0071047544,-0.33185852,-0.94330245,0
0.57868755,-4.9511361,-2.1460545,-0.86608279,-0.47357577,0.16008317,0
3.3352528,-1.4166622,4.483346,0.86608279,0.47357577,-0.16008317,0
-1.5281217,-1.5060885,-3.3527999,-0.86608279,-0.47357577,0.16008317,0
2.6548424,-2.7263875,-3.072392,0.86608279,0.47357577,-0.16008317,0
-0.085114479,2.3469748,-2.8875346,0.86608279,0.47357577,-0.16008317,0
2.4170728,-2.2546525,4.9947767,0.49985021,-0.81584066,0.29078162,0
2.0028791,-1.0827886,-1.7373685,0.86608279,0.47357577,-0.16008317,0
-2.1902788,4.7031484,1.4850674,-0.49985021,0.81584066,-0.29078162,0
0.1022048,-3.3602715,-3.5875449,0.0071047544,-0.33185852,-0.94330245,0
-2.2968953,4.6410255,1.4940429,-0.49985021,0.81584066,-0.29078162,0
-0.77039838,1.8919179,4.0990858,-0.0071047544,0.33185852,0.94330245,0
2.2651803,-4.7942047,-1.8692985,0.49985021,-0.81584066,0.29078162,0
-1.124383,-1.2322056,-4.3454471,0.0071047544,-0.33185852,-0.94330245,0
-1.8031769,3.2751555,-3.1868494,-0.49985021,0.81584066,-0.29078162,0
-3.3175268,2.2208164,-2.0085053,-0.86608279,-0.47357577,0.16008317,0
-3.0240254,0.99000782,-4.061717,-0.86608279,-0.47357577,0.16008317,0
1.3563237,-3.05266,4.579236,0.49985021,-0.81584066,0.29078162,0
-3.3338838,1.5293901,-5.3336325,0.0071047544,-0.33185852,-0.94330245,0
0.10246134,-2.6274347,2.1516981,-0.86608279,-0.47357577,0.16008317,0
3.5013967,-4.0383053,-2.3734202,0.86608279,0.47357577,-0.16008317,0
-2.6031559,4.686707,2.1486702,-0.49985021,0.81584066,-0.29078162,0
-2.2699435,4.5331573,1.1450706,-0.49985021,0.81584066,-0.29078162,0
0.33166975,2.9216275,1.0673549,0.86608279,0.47357577,-0.16008317,0
3.566741,-3.837069,-1.4245725,0.86608279,0.47357577,-0.16008317,0
-0.75820351,-0.44573569,3.9494691,-0.86608279,-0.47357577,0.16008317,0
-1.235539,-1.10063,-0.57039523,-0.86608279,-0.47357577,0.16008317,0
1.959093,-0.42891669,-0.039903879,0.86608279,0.47357577,-0.16008317,0
1.4518285,-1.5289686,-4.2216406,0.0071047544,-0.33185852,-0.94330245,0
2.9431291,-1.3328514,5.2615461,-0.0071047544,0.33185852,0.94330245,0
1.3520362,-5.3114166,-1.7507477,0.49985021,-0.81584066,0.29078162,0
3.0397825,-4.3051906,-3.2329917,0.0071047544,-0.33185852,-0.94330245,0
-0.1859231,2.2787535,-3.6347501,0.86608279,0.47357577,-0.16008317,0
-1.487222,1.2236943,4.3287716,-0.0071047544,0.33185852,0.94330245,0
0.13219559,2.4812443,-1.314631,0.86608279,0.47357577,-0.16008317,0
0.58497369,1.9937673,-0.30711883,0.86608279,0.47357577,-0.16008317,0
0.68077016,-3.7153606,2.0620427,-0.86608279,-0.47357577,0.16008317,0
-0.1858387,1.7741746,4.1449113,-0.0071047544,0.33185852,0.94330245,0
-1.0366578,-0.85855019,1.2217401,-0.86608279,-0.47357577,0.16008317,0
1.7146459,-3.4037046,2.9783647,0.49985021,-0.81584066,0.29078162,0
1.5944765,-1.4392414,-4.2521329,0.0071047544,-0.33185852,-0.94330245,0
0.33465862,-3.3978012,-3.5725904,0.0071047544,-0.33185852,-0.94330245,0
1.3083627,1.8926342,3.3073831,0.86608279,0.47357577,-0.16008317,0
-1.3841028,-1.7848233,-3.3982143,-0.86608279,-0.47357577,0.16008317,0
-0.88242829,5.5817785,2.3683906,0.86608279,0.47357577,-0.16008317,0
-1.4072444,0.41871476,2.9953396,-0.86608279,-0.47357577,0.16008317,0
1.2314752,-5.4959173,-2.0611529,0.49985021,-0.81584066,0.29078162,0
0.32877493,2.7019234,3.8224006,-0.0071047544,0.33185852,0.94330245,0
-3.0539103,4.4647851,2.300869,-0.49985021,0.81584066,-0.29078162,0
-1.2418439,3.9686329,-2.2060959,-0.49985021,0.81584066,-0.29078162,0
-0.3028183,1.7123439,-5.3751669,0.0071047544,-0.33185852,-0.94330245,0
2.2209721,-1.2291626,5.2196279,-0.0071047544,0.33185852,0.94330245,0
-3.5117228,2.7178221,-1.8135796,-0.49985021,0.81584066,-0.29078162,0
-3.3431761,4.5583587,3.0606499,-0.49985021,0.81584066,-0.29078162,0
1.0975376,-5.3624887,-2.8756576,0.0071047544,-0.33185852,-0.94330245,0
3.2581065,-4.5818286,-2.9802685,0.49985021,-0.81584066,0.29078162,0
-1.8494406,1.9545453,-5.4720235,0.0071047544,-0.33185852,-0.94330245,0
-2.5117464,0.33461916,-3.2290268,-0.86608279,-0.47357577,0.16008317,0
-1.2498856,-0.40673161,-4.6367984,0.0071047544,-0.33185852,-0.94330245,0
0.48114395,-2.4367194,4.7646427,-0.86608279,-0.47357577,0.16008317,0
2.6764522,-1.258737,5.2334633,-0.0071047544,0.33185852,0.94330245,0
-2.0761147,-0.3250047,-4.671773,0.0071047544,-0.33185852,-0.94330245,0
2.0411882,-0.80694485,5.069736,-0.0071047544,0.33185852,0.94330245,0
1.2994127,-3.3562343,3.8253326,0.49985021,-0.81584066,0.29078162,0
2.3636775,-1.3562827,-0.59445548,0.86608279,0.47357577,-0.16008317,0
2.2481642,-2.4272978,-3.8996065,0.0071047544,-0.33185852,-0.94330245,0
-0.23834467,2.0132666,-4.7037544,0.86608279,0.47357577,-0.16008317,0
0.85769087,-4.845139,-0.32301664,-0.86608279,-0.47357577,0.16008317,0
1.8750116,-5.0986114,-2.0526695,0.49985021,-0.81584066,0.29078162,0
2.4259772,-2.2693453,-2.9585264,0.86608279,0.47357577,-0.16008317,0
1.0478153,-2.8205872,5.7606831,0.49985021,-0.81584066,0.29078162,0
1.3206673,-3.4559991,3.508888,0.49985021,-0.81584066,0.29078162,0
-0.23457819,3.4333274,-0.48239398,0.86608279,0.47357577,-0.16008317,0
0.78207111,1.3385141,-1.1792243,0.86608279,0.47357577,-0.16008317,0
-3.5351071,2.5607767,-2.2140021,-0.49985021,0.81584066,-0.29078162,0
-3.4299054,2.3380554,-2.2696676,-0.86608279,-0.47357577,0.16008317,0
3.3095393,-3.3974993,-1.5157032,0.86608279,0.47357577,-0.16008317,0
-0.4817965,-3.3035269,-3.6119061,0.0071047544,-0.33185852,-0.94330245,0
-2.4148664,3.9591334,-0.21633863,-0.49985021,0.81584066,-0.29078162,0
2.3372226,-2.4126105,4.6888576,0.49985021,-0.81584066,0.29078162,0
-2.1241107,3.058399,-3.2433183,-0.49985021,0.81584066,-0.29078162,0
1.5755999,-2.7868423,-3.7781825,0.0071047544,-0.33185852,-0.94330245,0
-1.3440166,5.3609815,1.8760238,-0.49985021,0.81584066,-0.29078162,0
1.7039478,-4.8038692,-0.93166161,0.49985021,-0.81584066,0.29078162,0
2.6226952,-2.8821931,2.8806336,0.49985021,-0.81584066,0.29078162,0
-0.94335032,4.1637025,-2.1563201,0.86608279,0.47357577,-0.16008317,0
1.1149354,-0.69530952,5.0234857,-0.0071047544,0.33185852,0.94330245,0
2.4590466,-1.7375146,-1.206291,0.86608279,0.47357577,-0.16008317,0
-1.2681503,3.2851303,-4.078568,-0.49985021,0.81584066,-0.29078162,0
-2.5125351,1.0618151,-1.0820205,-0.86608279,-0.47357577,0.16008317,0
3.0944223,-1.2546005,5.2351561,-0.0071047544,0.33185852,0.94330245,0
-1.265367,0.36367691,-4.9079485,0.0071047544,-0.33185852,-0.94330245,0
2.6807077,-4.5216103,-1.8187714,0.49985021,-0.81584066,0.29078162,0
-1.3125441,4.5283966,3.1674759,-0.0071047544,0.33185852,0.94330245,0
0.4998064,-0.50598836,-4.5887008,0.0071047544,-0.33185852,-0.94330245,0
-3.5699179,4.319407,2.7799945,-0.49985021,0.81584066,-0.29078162,0
2.1387758,-5.0207291,-2.2875648,0.49985021,-0.81584066,0.29078162,0
-1.5720906,3.2878563,-3.548449,-0.49985021,0.81584066,-0.29078162,0
-1.099654,5.1208878,0.782341,-0.49985021,0.81584066,-0.29078162,0
1.1251321,0.91932881,4.4555244,-0.0071047544,0.33185852,0.94330245,0
0.21505737,-0.40230322,4.9136267,-0.0071047544,0.33185852,0.94330245,0
2.9045172,-3.9680758,-0.65045547,0.49985021,-0.81584066,0.29078162,0
-1.2500262,4.5560966,-0.54379559,-0.49985021,0.81584066,-0.29078162,0
0.56452942,-0.67024279,-4.5304279,0.0071047544,-0.33185852,-0.94330245,0
-0.6704694,-2.4018104,-1.3625499,-0.86608279,-0.47357577,0.16008317,0
0.4998951,-0.0096406937,4.7776318,-0.0071047544,0.33185852,0.94330245,0
1.7916982,-0.076158047,0.09802556,0.86608279,0.47357577,-0.16008317,0
-1.9045805,4.8780766,1.4847474,-0.49985021,0.81584066,-0.29078162,0
-0.90066868,-1.611966,-0.27136993,-0.86608279,-0.47357577,0.16008317,0
2.5618372,-3.5912805,-3.4877489,0.0071047544,-0.33185852,-0.94330245,0
1.967905,-5.1078992,-2.2384129,0.49985021,-0.81584066,0.29078162,0
-1.8116319,3.4194899,-2.7673595,-0.49985021,0.81584066,-0.29078162,0
1.677349,-4.4032764,0.23799801,0.49985021,-0.81584066,0.29078162,0
0.68890429,-2.2748964,5.5759835,-0.0071047544,0.33185852,0.94330245,0
1.8386927,-3.5807877,2.2682915,0.49985021,-0.81584066,0.29078162,0
-1.6609523,4.7209711,0.62516594,-0.49985021,0.81584066,-0.29078162,0
1.5453753,-2.9065516,4.6641927,0.49985021,-0.81584066,0.29078162,0
1.856189,-4.6577706,-3.117867,0.0071047544,-0.33185852,-0.94330245,0
1.3322769,1.5440028,2.4054034,0.86608279,0.47357577,-0.16008317,0
-0.32392383,-3.1873906,-3.6515744,0.0071047544,-0.33185852,-0.94330245,0
1.0057635,1.3013713,4.3202209,-0.0071047544,0.33185852,0.94330245,0
0.11510545,3.2919092,0.99110675,0.86608279,0.47357577,-0.16008317,0
0.40908694,-3.6947,0.65330172,-0.86608279,-0.47357577,0.16008317,0
1.4052761,-5.5650311,-2.5538268,0.49985021,-0.81584066,0.29078162,0
-1.532855,3.0791547,-4.2014456,-0.49985021,0.81584066,-0.29078162,0
-2.2387609,4.2399883,0.26892948,-0.49985021,0.81584066,-0.29078162,0
-0.80127519,-1.4791126,0.65939116,-0.86608279,-0.47357577,0.16008317,0
3.1595452,-2.4648852,3.1286297,0.49985021,-0.81584066,0.29078162,0
0.55489254,2.1984389,0.13561869,0.86608279,0.47357577,-0.16008317,0
-1.5914123,5.1424475,1.6881566,-0.49985021,0.81584066,-0.29078162,0
-0.71274853,1.3909286,4.2757707,-0.0071047544,0.33185852,0.94330245,0
2.4382095,-2.345814,-3.1185656,0.86608279,0.47357577,-0.16008317,0
0.46553373,2.2099891,-0.31366205,0.86608279,0.47357577,-0.16008317,0
0.36510444,1.6244236,-2.5892894,0.86608279,0.47357577,-0.16008317,0
-2.7301402,0.7704556,-5.062088,0.0071047544,-0.33185852,-0.94330245,0
0.99341965,0.52745199,-2.4351597,0.86608279,0.47357577,-0.16008317,0
3.1812351,-3.354023,-2.0812387,0.86608279,0.47357577,-0.16008317,0
-1.9674506,0.56047451,-4.9824705,0.0071047544,-0.33185852,-0.94330245,0
0.39072013,-2.1216309,-4.0211315,0.0071047544,-0.33185852,-0.94330245,0
0.12729073,-0.53974128,4.9613171,-0.0071047544,0.33185852,0.94330245,0
1.0045137,0.40776777,-2.7292004,0.86608279,0.47357577,-0.16008317,0
-2.0045087,0.99466109,1.4678437,-0.86608279,-0.47357577,0.16008317,0
2.6117043,-0.23289138,4.0707603,0.86608279,0.47357577,-0.16008317,0
2.2400112,-4.3980408,-0.71452332,0.49985021,-0.81584066,0.29078162,0
-1.7397139,0.78645074,2.2844882,-0.86608279,-0.47357577,0.16008317,0
-2.7555614,0.48712415,-4.9626021,0.0071047544,-0.33185852,-0.94330245,0
3.4678302,-1.8746337,3.8457935,0.86608279,0.47357577,-0.16008317,0
-0.35152316,-3.6677923,-3.4827745,0.0071047544,-0.33185852,-0.94330245,0
3.0377598,-4.6434121,-2.7742763,0.49985021,-0.81584066,0.29078162,0
3.4787261,-2.3042519,3.030647,0.49985021,-0.81584066,0.29078162,0
0.47158432,-1.1032562,5.1621575,-0.0071047544,0.33185852,0.94330245,0
-2.6192789,0.96928179,-5.1312008,0.0071047544,-0.33185852,-0.94330245,0
-0.11263418,2.7478583,-1.8504843,0.86608279,0.47357577,-0.16008317,0
1.4294863,-1.8607494,5.4358625,-0.0071047544,0.33185852,0.94330245,0
-1.3794998,5.5397387,2.4385548,-0.49985021,0.81584066,-0.29078162,0
-1.228603,4.1630149,-1.6834841,-0.49985021,0.81584066,-0.29078162,0
0.28928769,2.5500426,-0.26120448,0.86608279,0.47357577,-0.16008317,0
2.8286338,-2.6252551,3.247514,0.49985021,-0.81584066,0.29078162,0
2.921412,-2.5866866,3.1962407,0.49985021,-0.81584066,0.29078162,0
2.257323,-4.7269588,-1.6671205,0.49985021,-0.81584066,0.29078162,0
2.6974897,-2.3844531,4.1485634,0.49985021,-0.81584066,0.29078162,0
-1.3107815,3.0050986,-4.7909636,-0.49985021,0.81584066,-0.29078162,0
-0.18515325,-3.8870292,-3.130631,-0.86608279,-0.47357577,0.16008317,0
-1.3370507,1.6419842,4.1827459,-0.0071047544,0.33185852,0.94330245,0
0.49232864,-0.7622335,-4.4986091,0.0071047544,-0.33185852,-0.94330245,0
3.3116875,-1.3155367,5.2582302,-0.0071047544,0.33185852,0.94330245,0
2.5218549,-4.9385285,-2.7154422,0.49985021,-0.81584066,0.29078162,0
-0.53041577,-3.0949037,-2.6552172,-0.86608279,-0.47357577,0.16008317,0
1.8525252,-1.6715026,5.3724709,-0.0071047544,0.33185852,0.94330245,0
-0.05465579,-2.3018141,2.2649474,-0.86608279,-0.47357577,0.16008317,0
0.63428593,-3.0022545,3.920145,-0.86608279,-0.47357577,0.16008317,0
1.4287466,-5.1660872,-1.4748621,0.49985021,-0.81584066,0.29078162,0
1.4871056,-4.3689394,0.66136312,0.49985021,-0.81584066,0.29078162,0
1.9558791,-0.43239427,-0.067579269,0.86608279,0.47357577,-0.16008317,0
-3.2541683,3.4847858,-0.10445642,-0.49985021,0.81584066,-0.29078162,0
0.56509018,-3.4333668,2.2704177,-0.86608279,-0.47357577,0.16008317,0
1.2502395,-4.235611,1.4426098,0.49985021,-0.81584066,0.29078162,0
-2.9426413,2.0855544,-4.5657644,-0.49985021,0.81584066,-0.29078162,0
2.7928123,-3.5668092,0.66739035,0.49985021,-0.81584066,0.29078162,0
0.75530791,-2.4685662,-3.8963318,0.0071047544,-0.33185852,-0.94330245,0
0.25475812,-4.3107882,-2.0042284,-0.86608279,-0.47357577,0.16008317,0
0.62677217,-2.9949358,-3.7121208,0.0071047544,-0.33185852,-0.94330245,0
-2.2940404,1.0096049,-0.054374218,-0.86608279,-0.47357577,0.16008317,0
2.6393769,-0.26799875,4.1166162,0.86608279,0.47357577,-0.16008317,0
-0.14865375,4.2079611,2.2740824,0.86608279,0.47357577,-0.16008317,0
0.14315939,-2.1466708,-4.0141869,0.0071047544,-0.33185852,-0.94330245,0
-0.71433043,5.2488861,2.9185097,-0.0071047544,0.33185852,0.94330245,0
3.4750292,-3.9653699,-2.3003068,0.86608279,0.47357577,-0.16008317,0
-1.1162128,-0.75538027,1.0965399,-0.86608279,-0.47357577,0.16008317,0
-3.1326365,1.6222695,-5.3647914,0.0071047544,-0.33185852,-0.94330245,0
2.7815225,-3.6643257,-3.460397,0.0071047544,-0.33185852,-0.94330245,0
1.1420932,1.6769021,1.7696264,0.86608279,0.47357577,-0.16008317,0
2.6636662,-4.3209262,-3.230289,0.0071047544,-0.33185852,-0.94330245,0
-0.97244275,5.7259002,2.7487502,-0.0071047544,0.33185852,0.94330245,0
3.2280641,-2.9909627,1.5348396,0.49985021,-0.81584066,0.29078162,0
-2.7662857,2.590332,-3.4526734,-0.49985021,0.81584066,-0.29078162,0
-0.23679876,-0.95987296,5.1063795,-0.0071047544,0.33185852,0.94330245,0
1.8537552,0.94299459,3.4487398,0.86608279,0.47357577,-0.16008317,0
-0.73438263,2.6033494,-5.6417742,0.86608279,0.47357577,-0.16008317,0
-3.3169804,4.0644989,1.6300068,-0.49985021,0.81584066,-0.29078162,0
0.95811939,-5.8268108,-2.7133565,0.0071047544,-0.33185852,-0.94330245,0
0.17271614,2.0867023,-2.2625856,0.86608279,0.47357577,-0.16008317,0
-1.3842065,0.84484792,4.3806129,-0.86608279,-0.47357577,0.16008317,0
-0.33368111,1.2146415,4.3406444,-0.0071047544,0.33185852,0.94330245,0
3.35692,-1.4022419,4.6432295,0.86608279,0.47357577,-0.16008317,0
-0.26285061,-2.9290442,-0.71697104,-0.86608279,-0.47357577,0.16008317,0
-0.2851541,-3.4348137,-2.3338609,-0.86608279,-0.47357577,0.16008317,0
-3.1178041,4.2903767,1.9213672,-0.49985021,0.81584066,-0.29078162,0
1.7759359,-3.6774607,-3.4633496,0.0071047544,-0.33185852,-0.94330245,0
3.0602884,-1.6852539,5.3864045,-0.0071047544,0.33185852,0.94330245,0
-3.5063553,1.5862336,-4.9976826,-0.49985021,0.81584066,-0.29078162,0
-2.6450934,3.062079,-2.337429,-0.49985021,0.81584066,-0.29078162,0
0.079169512,-3.0765002,-3.6875498,0.0071047544,-0.33185852,-0.94330245,0
-2.1757166,-0.25187546,-3.14607,-0.86608279,-0.47357577,0.16008317,0
-1.8793278,2.5913219,-4.9745655,-0.49985021,0.81584066,-0.29078162,0
-1.0997548,5.3109589,2.8937697,-0.0071047544,0.33185852,0.94330245,0
3.104502,-3.9501758,-3.3574004,0.0071047544,-0.33185852,-0.94330245,0
-2.4714241,1.4510107,-5.299562,0.0071047544,-0.33185852,-0.94330245,0
-2.0702548,2.3066428,-5.4450846,-0.49985021,0.81584066,-0.29078162,0
1.7949724,0.45637289,1.6911327,0.86608279,0.47357577,-0.16008317,0
2.0552649,-3.8789692,1.0594039,0.49985021,-0.81584066,0.29078162,0
-2.6077185,0.69442737,-2.6838307,-0.86608279,-0.47357577,0.16008317,0
2.8142533,-1.572495,5.344883,-0.0071047544,0.33185852,0.94330245,0
2.2621541,-3.3013537,-3.5920038,0.0071047544,-0.33185852,-0.94330245,0
1.6525731,-4.430985,0.20284605,0.49985021,-0.81584066,0.29078162,0
2.921684,-0.71011329,4.3360448,0.86608279,0.47357577,-0.16008317,0
-3.3444386,3.8811665,1.1628346,-0.49985021,0.81584066,-0.29078162,0
-2.5769997,4.6680384,2.0513272,-0.49985021,0.81584066,-0.29078162,0
-0.82664168,-2.3884711,-2.1680126,-0.86608279,-0.47357577,0.16008317,0
2.2864161,-4.2589874,-3.2549205,0.0071047544,-0.33185852,-0.94330245,0
-1.1645122,-1.5742501,-4.2254167,0.0071047544,-0.33185852,-0.94330245,0
-2.6785676,1.9012039,0.50288129,-0.86608279,-0.47357577,0.16008317,0
-1.6734909,-0.23320377,-0.37368822,-0.86608279,-0.47357577,0.16008317,0
2.0013735,-3.4501591,2.3551462,0.49985021,-0.81584066,0.29078162,0
-1.5621301,3.9932318,-1.5865135,-0.49985021,0.81584066,-0.29078162,0
0.41985559,0.58141541,-4.9718571,0.0071047544,-0.33185852,-0.94330245,0
1.4945313,0.17068052,-0.77948296,0.86608279,0.47357577,-0.16008317,0
1.8173027,1.0029533,4.4313183,-0.0071047544,0.33185852,0.94330245,0
-0.34754801,-1.3856039,-4.2856302,0.0071047544,-0.33185852,-0.94330245,0
1.4577332,-4.3164291,0.85918093,0.49985021,-0.81584066,0.29078162,0
-2.7011836,4.4422145,1.6312103,-0.49985021,0.81584066,-0.29078162,0
3.4319453,-2.5153377,2.5188217,0.49985021,-0.81584066,0.29078162,0
-0.10951042,-2.4248757,-3.9182158,0.0071047544,-0.33185852,-0.94330245,0
3.2456303,-1.3126488,5.2567167,-0.0071047544,0.33185852,0.94330245,0
0.67564583,2.0087318,4.0688815,-0.0071047544,0.33185852,0.94330245,0
2.200913,-2.4661767,4.772881,0.49985021,-0.81584066,0.29078162,0
-2.7346921,1.0599971,-5.1639843,0.0071047544,-0.33185852,-0.94330245,0
-1.3095168,4.1377835,-1.615185,-0.49985021,0.81584066,-0.29078162,0
0.21562815,-0.6165576,4.989007,-0.0071047544,0.33185852,0.94330245,0
-1.4218657,2.7005639,3.8096938,-0.0071047544,0.33185852,0.94330245,0
-0.1530633,1.7955735,4.13763,-0.0071047544,0.33185852,0.94330245,0
2.6350329,-2.095835,-1.3141937,0.86608279,0.47357577,-0.16008317,0
1.272979,1.7681575,2.7477078,0.86608279,0.47357577,-0.16008317,0
-1.0287027,-2.5626409,-3.8766727,0.0071047544,-0.33185852,-0.94330245,0
1.3500602,-3.2711253,-3.6095078,0.0071047544,-0.33185852,-0.94330245,0
2.6094418,-3.4884439,-3.5235686,0.0071047544,-0.33185852,-0.94330245,0
-2.7790756,4.6065435,2.2261581,-0.49985021,0.81584066,-0.29078162,0
-2.5977445,1.0568006,-1.5578558,-0.86608279,-0.47357577,0.16008317,0
-3.0198081,4.6540747,3.1104031,-0.0071047544,0.33185852,0.94330245,0
0.98572302,0.10546184,4.740797,-0.0071047544,0.33185852,0.94330245,0
3.1070724,-4.4315181,-2.2989187,0.49985021,-0.81584066,0.29078162,0
0.45657873,-2.2140069,5.2905927,-0.86608279,-0.47357577,0.16008317,0
-1.0865138,5.2473116,1.1144586,-0.49985021,0.81584066,-0.29078162,0
-3.2401381,4.2535667,3.2496443,-0.0071047544,0.33185852,0.94330245,0
-0.55389309,1.4680206,4.249846,-0.0071047544,0.33185852,0.94330245,0
1.6945965,-0.97112107,-3.0748944,0.86608279,0.47357577,-0.16008317,0
0.5777626,0.087601185,4.7440076,-0.0071047544,0.33185852,0.94330245,0
-0.5334754,0.16102958,-4.8311439,0.0071047544,-0.33185852,-0.94330245,0
3.269124,-2.5327373,2.7498925,0.49985021,-0.81584066,0.29078162,0
2.1379437,-5.1637464,-2.687396,0.49985021,-0.81584066,0.29078162,0
-1.3467591,1.1534245,4.3545504,-0.0071047544,0.33185852,0.94330245,0
2.2698562,-3.2576513,2.433743,0.49985021,-0.81584066,0.29078162,0
0.60145736,-2.9235685,-3.7374187,0.0071047544,-0.33185852,-0.94330245,0
-2.5603783,4.0775948,0.36615944,-0.49985021,0.81584066,-0.29078162,0
-1.6465216,3.7592525,-2.0979159,-0.49985021,0.81584066,-0.29078162,0
-1.9095731,1.0778384,-5.1640463,0.0071047544,-0.33185852,-0.94330245,0
0.93225145,0.041355848,4.7629471,-0.0071047544,0.33185852,0.94330245,0
-3.2504258,3.7850549,2.9820309,-0.86608279,-0.47357577,0.16008317,0
-1.4056811,1.9139889,4.0865364,-0.0071047544,0.33185852,0.94330245,0
2.6350653,-3.7898531,0.3127656,0.49985021,-0.81584066,0.29078162,0
-1.7382073,5.1754313,2.0330377,-0.49985021,0.81584066,-0.29078162,0
-2.6487594,2.6664479,-3.4411426,-0.49985021,0.81584066,-0.29078162,0
-2.4415174,1.6649686,1.0865166,-0.86608279,-0.47357577,0.16008317,0
2.1265879,-5.0381689,-2.3155441,0.49985021,-0.81584066,0.29078162,0
-1.8613477,4.0435514,3.333914,-0.0071047544,0.33185852,0.94330245,0
-0.1916638,-3.0864103,-0.79737246,-0.86608279,-0.47357577,0.16008317,0
-2.5567336,1.6296279,0.35862303,-0.86608279,-0.47357577,0.16008317,0
-1.6264486,3.1633754,-3.8042631,-0.49985021,0.81584066,-0.29078162,0
-1.7799281,4.5672102,3.1503012,-0.0071047544,0.33185852,0.94330245,0
-0.4249537,-1.3991064,2.9320514,-0.86608279,-0.47357577,0.16008317,0
1.1370077,-3.7579644,-3.4398401,0.0071047544,-0.33185852,-0.94330245,0
-2.394496,3.953759,-0.26643276,-0.49985021,0.81584066,-0.29078162,0
0.40187079,-3.9705956,-0.20192409,-0.86608279,-0.47357577,0.16008317,0
0.085410208,-3.3540962,-0.090243578,-0.86608279,-0.47357577,0.16008317,0
0.75367856,2.4263158,1.8852217,0.86608279,0.47357577,-0.16008317,0
-3.2162075,3.6758292,2.8440347,-0.86608279,-0.47357577,0.16008317,0
-1.4166763,0.79722214,4.0640531,-0.86608279,-0.47357577,0.16008317,0
-1.6274352,-0.059517741,-4.7617931,0.0071047544,-0.33185852,-0.94330245,0
1.0207796,-0.10855317,4.8163524,-0.0071047544,0.33185852,0.94330245,0
1.045621,-4.6746259,0.5626111,0.49985021,-0.81584066,0.29078162,0
1.2126908,1.7082081,4.1786523,-0.0071047544,0.33185852,0.94330245,0
0.9546032,-5.1819572,-2.9402461,0.0071047544,-0.33185852,-0.94330245,0
1.7184188,0.52183026,1.4706049,0.86608279,0.47357577,-0.16008317,0
-2.5496826,2.7171705,3.6140616,-0.86608279,-0.47357577,0.16008317,0
1.0251032,1.8267541,1.5799968,0.86608279,0.47357577,-0.16008317,0
-1.2612528,-1.2174774,-1.0551839,-0.86608279,-0.47357577,0.16008317,0
1.5411197,-0.50466621,-2.5253158,0.86608279,0.47357577,-0.16008317,0
-0.036001682,0.6761806,-5.0086293,0.0071047544,-0.33185852,-0.94330245,0
-2.8938038,2.546998,-3.3550529,-0.49985021,0.81584066,-0.29078162,0
-0.46431637,-0.47625721,-4.6064224,0.0071047544,-0.33185852,-0.94330245,0
2.3462653,-4.7343588,-1.8407726,0.49985021,-0.81584066,0.29078162,0
0.44869018,3.1548612,3.6639583,-0.0071047544,0.33185852,0.94330245,0
-0.44512725,-3.0250907,-1.9872607,-0.86608279,-0.47357577,0.16008317,0
1.7151116,-3.8024302,1.8588672,0.49985021,-0.81584066,0.29078162,0
-3.4517841,1.8659728,-4.3066306,-0.49985021,0.81584066,-0.29078162,0
1.9328146,-4.4360094,-0.29298258,0.49985021,-0.81584066,0.29078162,0
-0.60629892,-0.97135532,-4.4333134,0.0071047544,-0.33185852,-0.94330245,0
-2.3428845,2.2054734,-5.2602873,-0.49985021,0.81584066,-0.29078162,0
-1.1929064,2.789866,3.7800012,-0.0071047544,0.33185852,0.94330245,0
-0.042625904,-1.1238356,5.1655245,-0.0071047544,0.33185852,0.94330245,0
1.1215205,0.79334271,4.4998198,-0.0071047544,0.33185852,0.94330245,0
2.1940992,0.21702726,3.1424315,0.86608279,0.47357577,-0.16008317,0
1.4332263,-0.84993982,-4.1304684,0.86608279,0.47357577,-0.16008317,0
3.4043355,-2.3281226,2.1607132,0.86608279,0.47357577,-0.16008317,0
0.30559325,-4.7349491,-2.984,-0.86608279,-0.47357577,0.16008317,0
-2.3961861,4.9341068,2.4870157,-0.49985021,0.81584066,-0.29078162,0
3.1997681,-3.5433135,0.033759117,0.49985021,-0.81584066,0.29078162,0
-0.45913553,2.8493896,-3.4247658,0.86608279,0.47357577,-0.16008317,0
2.2271886,0.19782323,3.2646408,0.86608279,0.47357577,-0.16008317,0
1.3320436,-2.5135074,-3.8761773,0.0071047544,-0.33185852,-0.94330245,0
1.2862329,-5.3920727,-2.8638291,0.0071047544,-0.33185852,-0.94330245,0
-2.455924,0.75294924,-5.0538635,0.0071047544,-0.33185852,-0.94330245,0
-1.224431,5.225174,1.2894249,-0.49985021,0.81584066,-0.29078162,0
-1.4999588,0.46122241,2.6194863,-0.86608279,-0.47357577,0.16008317,0
-1.4328628,1.245816,4.3213983,-0.0071047544,0.33185852,0.94330245,0
-0.37216806,-1.7399668,-4.161149,0.0071047544,-0.33185852,-0.94330245,0
-0.32331562,1.9196405,-5.440443,0.86608279,0.47357577,-0.16008317,0
0.45231664,-4.2879844,-0.8679359,-0.86608279,-0.47357577,0.16008317,0
-3.406127,4.0336857,2.8751836,-0.86608279,-0.47357577,0.16008317,0
-1.9938755,-0.0029653907,-1.425918,-0.86608279,-0.47357577,0.16008317,0
-2.8124278,3.1571131,3.4940443,-0.86608279,-0.47357577,0.16008317,0
3.4770265,-1.4552548,5.1362004,0.86608279,0.47357577,-0.16008317,0
-2.1354988,3.6544962,3.4687204,-0.0071047544,0.33185852,0.94330245,0
0.74088478,0.31136918,-4.4406657,0.86608279,0.47357577,-0.16008317,0
-1.7960553,4.9637594,1.5385942,-0.49985021,0.81584066,-0.29078162,0
-3.5079093,3.8780355,1.4350557,-0.49985021,0.81584066,-0.29078162,0
1.3979037,-5.4152694,-2.8548269,0.0071047544,-0.33185852,-0.94330245,0
-0.28164154,-2.4617229,0.56384897,-0.86608279,-0.47357577,0.16008317,0
-2.9668674,3.6732175,-0.069643021,-0.49985021,0.81584066,-0.29078162,0
2.481524,-4.8098536,-2.2850952,0.49985021,-0.81584066,0.29078162,0
-1.6093442,0.8200357,3.0891695,-0.86608279,-0.47357577,0.16008317,0
-1.5156639,0.10914099,1.4929509,-0.86608279,-0.47357577,0.16008317,0
-1.4044693,3.6378436,-2.8546345,-0.49985021,0.81584066,-0.29078162,0
-2.9747038,3.2147307,2.7865453,-0.86608279,-0.47357577,0.16008317,0
2.8309731,-4.7724433,-2.7808332,0.49985021,-0.81584066,0.29078162,0
-1.3500879,-0.048985481,1.9209634,-0.86608279,-0.47357577,0.16008317,0
0.33295751,3.3487587,2.337909,0.86608279,0.47357577,-0.16008317,0
-3.1115592,4.4195457,2.2730389,-0.49985021,0.81584066,-0.29078162,0
-2.6587009,0.22109538,-4.3599181,-0.86608279,-0.47357577,0.16008317,0
-1.2152247,3.2239597,-4.3411713,-0.49985021,0.81584066,-0.29078162,0
0.054467678,0.92091322,-5.0940466,0.0071047544,-0.33185852,-0.94330245,0
0.5308001,-2.1348009,-4.0154428,0.0071047544,-0.33185852,-0.94330245,0
2.9033501,-4.4101562,-1.8887863,0.49985021,-0.81584066,0.29078162,0
-1.8499042,4.1361017,-0.6909852,-0.49985021,0.81584066,-0.29078162,0
2.7227507,-2.9394495,2.5479965,0.49985021,-0.81584066,0.29078162,0
-2.538342,3.254765,-1.9803176,-0.49985021,0.81584066,-0.29078162,0
-2.8666313,2.4129822,-3.7777674,-0.49985021,0.81584066,-0.29078162,0
0.20486736,-1.7244697,5.3769898,-0.86608279,-0.47357577,0.16008317,0
0.16945887,-1.2209947,5.201303,-0.0071047544,0.33185852,0.94330245,0
1.9363226,-4.1914778,0.38706398,0.49985021,-0.81584066,0.29078162,0
0.22536898,-0.23218536,4.8538561,-0.0071047544,0.33185852,0.94330245,0
-2.8431721,2.4387989,1.2027121,-0.86608279,-0.47357577,0.16008317,0
3.4757221,-2.3574004,2.886692,0.49985021,-0.81584066,0.29078162,0
-0.22196007,1.9658262,4.0772152,-0.0071047544,0.33185852,0.94330245,0
0.4979763,-1.0074251,5.1286426,-0.0071047544,0.33185852,0.94330245,0
-0.34103251,2.5964973,3.854445,-0.0071047544,0.33185852,0.94330245,0
-1.4711552,3.8928058,3.3898861,-0.0071047544,0.33185852,0.94330245,0
-2.4766607,3.3412411,3.5763552,-0.0071047544,0.33185852,0.94330245,0
-0.54250824,4.9048691,2.2049189,0.86608279,0.47357577,-0.16008317,0
1.016176,-3.033318,-3.6956842,0.0071047544,-0.33185852,-0.94330245,0
-1.5871701,1.2056701,4.3343596,-0.0071047544,0.33185852,0.94330245,0
-2.8153431,2.5609429,-3.4508007,-0.49985021,0.81584066,-0.29078162,0
-1.0040584,5.4878817,1.6476812,-0.49985021,0.81584066,-0.29078162,0
-2.1892557,2.9774294,-3.3585091,-0.49985021,0.81584066,-0.29078162,0
-2.3131428,0.3650485,-2.0645199,-0.86608279,-0.47357577,0.16008317,0
2.0762632,-1.929029,-3.8437898,0.86608279,0.47357577,-0.16008317,0
-2.8185687,0.72182024,-3.7435365,-0.86608279,-0.47357577,0.16008317,0
-3.3891091,2.7109599,-0.94578314,-0.86608279,-0.47357577,0.16008317,0
3.2587605,-4.5421872,-2.8701711,0.49985021,-0.81584066,0.29078162,0
1.7829953,0.68898642,2.3144767,0.86608279,0.47357577,-0.16008317,0
