6.1957512,-1.5361612,-1.5807385,0.92428201,0.36774766,0.10229552,0
-5.0729737,-0.87276077,0.095937252,-0.92428201,-0.36774766,-0.10229552,0
1.0548439,-3.7666898,-2.4138303,0.37763453,-0.84190667,-0.38546759,0
-6.0240798,2.3158116,0.71446323,-0.37763453,0.84190667,0.38546759,0
-2.0071986,3.2464149,2.6171696,-0.37763453,0.84190667,0.38546759,0
-0.1278488,-0.74927998,-1.9506229,-0.055631578,0.39491117,-0.91703343,0
-0.41226721,4.2455115,1.9975463,-0.37763453,0.84190667,0.38546759,0
3.4717031,-1.1460609,0.93156004,0.055631578,-0.39491117,0.91703343,0
-4.1606979,2.6894119,1.7239921,-0.37763453,0.84190667,0.38546759,0
5.8521132,-0.68510604,-1.5353227,0.92428201,0.36774766,0.10229552,0
6.0272937,-1.0989223,-1.6305041,0.92428201,0.36774766,0.10229552,0
4.3107367,-0.4649519,1.1739726,0.055631578,-0.39491117,0.91703343,0
-4.8072028,3.0461679,0.31142616,-0.37763453,0.84190667,0.38546759,0
-1.3864858,2.8350787,-0.33070052,-0.055631578,0.39491117,-0.91703343,0
-5.3622646,-0.031168103,-0.31568766,-0.92428201,-0.36774766,-0.10229552,0
1.9093146,0.03249979,-1.7375414,-0.055631578,0.39491117,-0.91703343,0
-1.0873439,-4.5170527,-2.8736053,0.37763453,-0.84190667,-0.38546759,0
-1.7567153,3.5727687,2.1497684,-0.37763453,0.84190667,0.38546759,0
-3.5390401,-1.7373255,-2.1691756,-0.055631578,0.39491117,-0.91703343,0
-4.0194349,1.5468352,2.5456755,0.055631578,-0.39491117,0.91703343,0
-5.2503738,-0.26250887,-0.49500418,-0.92428201,-0.36774766,-0.10229552,0
-0.62257767,3.8909311,2.5659547,-0.37763453,0.84190667,0.38546759,0
3.6865032,-2.8688729,-1.7965856,0.37763453,-0.84190667,-0.38546759,0
1.9349265,-3.6539865,-1.797788,0.37763453,-0.84190667,-0.38546759,0
4.3272638,2.7101631,0.036480904,0.92428201,0.36774766,0.10229552,0
2.40783,-3.0567021,-2.6390347,0.37763453,-0.84190667,-0.38546759,0
0.82242823,5.2325554,1.0513309,-0.37763453,0.84190667,0.38546759,0
-5.6309509,0.46603763,0.32457447,-0.92428201,-0.36774766,-0.10229552,0
5.6004162,-0.60922736,0.46607876,0.92428201,0.36774766,0.10229552,0
0.87745595,4.4943705,0.24651492,-0.055631578,0.39491117,-0.91703343,0
-5.618947,0.44740152,0.2831068,-0.92428201,-0.36774766,-0.10229552,0
-6.1809287,1.8948314,0.15740728,-0.92428201,-0.36774766,-0.10229552,0
-0.83510923,3.4201097,3.1592062,0.055631578,-0.39491117,0.91703343,0
-5.9236031,2.4730546,0.46945953,-0.37763453,0.84190667,0.38546759,0
3.2867818,4.7152424,2.2294946,0.92428201,0.36774766,0.10229552,0
0.78939414,4.2816033,3.0959592,-0.37763453,0.84190667,0.38546759,0
2.0987065,5.2296619,2.3079939,-0.37763453,0.84190667,0.38546759,0
4.9320254,0.98072731,0.78945398,0.92428201,0.36774766,0.10229552,0
-5.4745812,-0.28744912,1.6204634,-0.92428201,-0.36774766,-0.10229552,0
-3.5904222,-4.402029,-0.61196303,-0.92428201,-0.36774766,-0.10229552,0
2.8283949,-3.7954016,-0.61360908,0.37763453,-0.84190667,-0.38546759,0
2.2943239,-3.9299822,-0.84288716,0.37763453,-0.84190667,-0.38546759,0
0.87514967,-0.35006571,-1.839552,-0.055631578,0.39491117,-0.91703343,0
4.0973272,-2.9822755,-1.146426,0.37763453,-0.84190667,-0.38546759,0
-0.27263832,4.4681172,1.6481391,-0.37763453,0.84190667,0.38546759,0
2.1821585,-3.5184956,-1.8515089,0.37763453,-0.84190667,-0.38546759,0
-1.9866705,-4.6895161,-3.3779757,0.37763453,-0.84190667,-0.38546759,0
4.8390627,1.3307657,0.37103558,0.92428201,0.36774766,0.10229552,0
-0.94831705,-3.1440248,0.33929646,0.055631578,-0.39491117,0.91703343,0
3.2313919,4.9272308,1.9678738,0.92428201,0.36774766,0.10229552,0
-0.56424987,-1.3141091,-2.1673868,-0.055631578,0.39491117,-0.91703343,0
-3.4162419,-4.265172,-2.6777523,-0.92428201,-0.36774766,-0.10229552,0
1.9280019,-3.2415547,-2.7053723,0.37763453,-0.84190667,-0.38546759,0
-3.911942,-0.1978097,1.7878413,0.055631578,-0.39491117,0.91703343,0
0.95668089,-0.26914418,-1.8096502,-0.055631578,0.39491117,-0.91703343,0
-4.9254408,-1.5653679,1.2528086,-0.92428201,-0.36774766,-0.10229552,0
-5.8773241,1.9602498,1.6348243,-0.37763453,0.84190667,0.38546759,0
-1.8470235,3.6529884,1.8860868,-0.37763453,0.84190667,0.38546759,0
3.8954515,-2.5317235,-2.3282583,0.37763453,-0.84190667,-0.38546759,0
3.7705102,3.611625,1.8262622,0.92428201,0.36774766,0.10229552,0
5.3716092,-0.38270211,-2.1263833,-0.055631578,0.39491117,-0.91703343,0
-2.1450112,-4.884244,-3.1077912,0.37763453,-0.84190667,-0.38546759,0
-0.79852247,-5.0546064,-1.4165722,0.37763453,-0.84190667,-0.38546759,0
-5.671988,0.13934731,1.8697996,-0.92428201,-0.36774766,-0.10229552,0
-2.5703597,1.4064579,-0.87410235,-0.055631578,0.39491117,-0.91703343,0
5.5277634,-1.9260778,-2.0519161,0.37763453,-0.84190667,-0.38546759,0
1.211283,-1.8488975,0.76601821,0.055631578,-0.39491117,0.91703343,0
4.561626,2.2863452,-0.55747271,0.92428201,0.36774766,0.10229552,0
-3.6888592,-3.7609642,-2.0271435,-0.92428201,-0.36774766,-0.10229552,0
-2.3667591,-5.073431,-2.9118254,0.37763453,-0.84190667,-0.38546759,0
-0.91268873,-5.1587396,-1.3009793,0.37763453,-0.84190667,-0.38546759,0
0.48783445,-4.4863334,-1.3975308,0.37763453,-0.84190667,-0.38546759,0
-5.5068941,1.9484414,2.0235171,-0.37763453,0.84190667,0.38546759,0
-4.1402326,-3.2483077,0.20822716,-0.92428201,-0.36774766,-0.10229552,0
2.7168036,-2.9421823,-2.5864651,0.37763453,-0.84190667,-0.38546759,0
3.1916654,1.6753263,-1.1078689,-0.055631578,0.39491117,-0.91703343,0
-4.844264,2.1603084,2.2099395,-0.37763453,0.84190667,0.38546759,0
-3.4840887,-4.4985638,-1.2256935,-0.92428201,-0.36774766,-0.10229552,0
6.2894235,-2.1798725,-0.11299515,0.92428201,0.36774766,0.10229552,0
-4.178185,0.078824922,-1.3482955,-0.055631578,0.39491117,-0.91703343,0
2.0368907,4.7870436,0.30221486,-0.055631578,0.39491117,-0.91703343,0
1.6906946,-2.3959761,-2.7700772,-0.055631578,0.39491117,-0.91703343,0
-3.5689106,3.185333,1.2206016,-0.37763453,0.84190667,0.38546759,0
3.2414932,4.7700682,2.4415979,0.92428201,0.36774766,0.10229552,0
4.6903577,-2.4608736,-1.7042489,0.37763453,-0.84190667,-0.38546759,0
5.7085228,-0.42312574,-1.1797347,0.92428201,0.36774766,0.10229552,0
3.2979782,5.1124516,0.70037937,0.92428201,0.36774766,0.10229552,0
5.8714571,-0.76540685,-1.421433,0.92428201,0.36774766,0.10229552,0
-4.605669,-1.7133148,-1.1045966,-0.92428201,-0.36774766,-0.10229552,0
2.19399,5.7665253,1.22877,-0.37763453,0.84190667,0.38546759,0
-5.9087048,0.78519225,1.6868467,-0.92428201,-0.36774766,-0.10229552,0
1.953167,4.8131027,3.0752258,-0.37763453,0.84190667,0.38546759,0
-0.98421121,-2.8242073,-2.7922184,-0.055631578,0.39491117,-0.91703343,0
4.3805027,2.6266193,-0.14421654,0.92428201,0.36774766,0.10229552,0
-0.41672158,2.4983294,2.7368696,0.055631578,-0.39491117,0.91703343,0
0.67690897,4.3617601,2.8106875,-0.37763453,0.84190667,0.38546759,0
4.3971248,2.2399614,1.0956099,0.92428201,0.36774766,0.10229552,0
0.54435015,4.6804414,1.9847856,-0.37763453,0.84190667,0.38546759,0
5.9957247,-1.0044777,-1.6847882,0.92428201,0.36774766,0.10229552,0
0.64759445,-4.2482886,-1.7609349,0.37763453,-0.84190667,-0.38546759,0
-3.8088369,3.466557,0.37132692,-0.37763453,0.84190667,0.38546759,0
4.5326972,2.3437796,-0.50256824,0.92428201,0.36774766,0.10229552,0
4.692194,1.8601892,-0.20519686,0.92428201,0.36774766,0.10229552,0
2.4031465,2.374579,2.5125113,0.055631578,-0.39491117,0.91703343,0
4.0843825,2.8705781,1.6543255,0.92428201,0.36774766,0.10229552,0
0.15551868,0.086435556,-1.607921,-0.055631578,0.39491117,-0.91703343,0
-5.6457086,2.2205315,1.2932482,-0.37763453,0.84190667,0.38546759,0
0.033285618,2.1229389,-0.72350645,-0.055631578,0.39491117,-0.91703343,0
2.8538728,-2.9794552,0.17950773,0.055631578,-0.39491117,0.91703343,0
-5.8789291,1.2175304,-0.13642406,-0.92428201,-0.36774766,-0.10229552,0
-2.2518971,-0.023540676,-1.5092361,-0.055631578,0.39491117,-0.91703343,0
0.83431005,5.4181423,0.6576277,-0.37763453,0.84190667,0.38546759,0
-0.62015057,-4.5461407,-2.3523753,0.37763453,-0.84190667,-0.38546759,0
2.658406,6.1366205,0.87541604,-0.37763453,0.84190667,0.38546759,0
0.12637615,3.7269223,-0.038414553,-0.055631578,0.39491117,-0.91703343,0
-5.6125288,2.5373518,0.63378,-0.37763453,0.84190667,0.38546759,0
0.91744435,0.28805196,-1.5673189,-0.055631578,0.39491117,-0.91703343,0
-1.2778099,-3.7361717,0.10428298,0.055631578,-0.39491117,0.91703343,0
0.39704275,-4.6052322,-1.2267891,0.37763453,-0.84190667,-0.38546759,0
-4.3847179,2.7239161,1.429163,-0.37763453,0.84190667,0.38546759,0
4.1817594,2.6261716,1.653116,0.92428201,0.36774766,0.10229552,0
3.848891,-2.3881648,-2.6874211,0.37763453,-0.84190667,-0.38546759,0
-1.9027753,-5.3586679,-1.8342803,0.37763453,-0.84190667,-0.38546759,0
-3.2286136,-2.4995854,0.75515103,0.055631578,-0.39491117,0.91703343,0
5.7074723,-1.9826643,0.43565273,0.055631578,-0.39491117,0.91703343,0
-4.5228205,-1.8267031,-1.4455431,-0.92428201,-0.36774766,-0.10229552,0
2.9269676,-3.0766463,-2.0868859,0.37763453,-0.84190667,-0.38546759,0
4.8444109,-2.2354822,-2.0456085,0.37763453,-0.84190667,-0.38546759,0
2.513464,-3.8024759,-0.90668964,0.37763453,-0.84190667,-0.38546759,0
-6.1775227,1.9716532,-0.14954329,-0.92428201,-0.36774766,-0.10229552,0
-3.8826079,-3.6655941,-0.6193943,-0.92428201,-0.36774766,-0.10229552,0
1.0100188,4.3344774,3.1966186,-0.37763453,0.84190667,0.38546759,0
-4.0957799,-2.9251547,-1.3551459,-0.92428201,-0.36774766,-0.10229552,0
-2.8892949,-5.9676023,-1.3187752,-0.92428201,-0.36774766,-0.10229552,0
5.6306295,-2.4160748,-0.88093138,0.37763453,-0.84190667,-0.38546759,0
-2.7378514,2.8146436,2.844404,-0.37763453,0.84190667,0.38546759,0
-3.990519,-3.408534,-0.56849504,-0.92428201,-0.36774766,-0.10229552,0
5.0814958,-0.57139784,1.0813751,0.055631578,-0.39491117,0.91703343,0
-4.5172,-2.2577529,0.053277969,-0.92428201,-0.36774766,-0.10229552,0
3.1651835,-2.6253176,-2.8392658,0.37763453,-0.84190667,-0.38546759,0
2.6068211,5.1244693,3.0355363,-0.37763453,0.84190667,0.38546759,0
1.8332267,5.4391809,1.5902951,-0.37763453,0.84190667,0.38546759,0
-0.82610893,-4.8521938,-1.8856909,0.37763453,-0.84190667,-0.38546759,0
-0.70732927,-5.2443113,-0.9128949,0.37763453,-0.84190667,-0.38546759,0
4.1003971,-0.18399534,1.3077242,0.055631578,-0.39491117,0.91703343,0
2.0011816,4.0505495,-0.012782812,-0.055631578,0.39491117,-0.91703343,0
4.7792702,1.7647028,-0.64870119,0.92428201,0.36774766,0.10229552,0
-5.3631148,-0.13452005,0.06354475,-0.92428201,-0.36774766,-0.10229552,0
2.8002365,3.5085609,2.9767597,0.055631578,-0.39491117,0.91703343,0
2.5106003,5.4080019,2.3220005,-0.37763453,0.84190667,0.38546759,0
4.0405073,-2.6455021,-1.9376442,0.37763453,-0.84190667,-0.38546759,0
-2.3067076,-5.8060012,-1.2529746,0.37763453,-0.84190667,-0.38546759,0
2.3288159,-2.988754,0.20735598,0.055631578,-0.39491117,0.91703343,0
1.8047752,-4.1464119,-0.84978068,0.37763453,-0.84190667,-0.38546759,0
3.9146702,0.72169328,-1.5624018,-0.055631578,0.39491117,-0.91703343,0
-0.11185217,4.0752554,2.6637154,-0.37763453,0.84190667,0.38546759,0
4.2336102,3.0254958,-0.25092697,0.92428201,0.36774766,0.10229552,0
4.5807767,-2.1597877,-2.4692097,0.37763453,-0.84190667,-0.38546759,0
3.1653852,-3.3229294,-1.3154016,0.37763453,-0.84190667,-0.38546759,0
-3.8745782,1.792383,-0.62878776,-0.055631578,0.39491117,-0.91703343,0
-1.3714032,3.6944122,2.2615669,-0.37763453,0.84190667,0.38546759,0
-1.3333821,0.24015975,-1.4513975,-0.055631578,0.39491117,-0.91703343,0
-1.7214856,4.1067247,1.0180578,-0.37763453,0.84190667,0.38546759,0
-0.66629195,-2.4342554,-2.6435761,-0.055631578,0.39491117,-0.91703343,0
3.1394169,-3.050204,-1.9365063,0.37763453,-0.84190667,-0.38546759,0
-2.3212891,3.6235018,1.4858606,-0.37763453,0.84190667,0.38546759,0
5.1057992,1.1419709,-1.3603258,0.92428201,0.36774766,0.10229552,0
-1.6182237,-4.974092,-2.3954697,0.37763453,-0.84190667,-0.38546759,0
0.78736019,4.4070358,0.21437109,-0.055631578,0.39491117,-0.91703343,0
5.2991304,0.29502523,-0.062425613,0.92428201,0.36774766,0.10229552,0
-3.0880589,-0.32343554,1.6837611,0.055631578,-0.39491117,0.91703343,0
3.6526423,3.8066168,2.1902618,0.92428201,0.36774766,0.10229552,0
3.0614464,4.9306784,3.4910069,0.92428201,0.36774766,0.10229552,0
3.6288695,4.3263254,0.53673029,0.92428201,0.36774766,0.10229552,0
6.0735569,-1.4227993,-0.88418436,0.92428201,0.36774766,0.10229552,0
5.2358556,-0.81634873,0.96652508,0.055631578,-0.39491117,0.91703343,0
-3.2387199,-4.7572908,-2.5125906,-0.92428201,-0.36774766,-0.10229552,0
-0.016452789,5.0528045,0.62209427,-0.37763453,0.84190667,0.38546759,0
2.4776387,-3.8353541,-0.86997604,0.37763453,-0.84190667,-0.38546759,0
4.4568644,-0.26239538,-2.0190811,-0.055631578,0.39491117,-0.91703343,0
-0.68194222,3.2153606,-0.20967707,-0.055631578,0.39491117,-0.91703343,0
-2.9068346,2.4245222,2.8561475,0.055631578,-0.39491117,0.91703343,0
-3.2533174,3.1796498,1.542196,-0.37763453,0.84190667,0.38546759,0
-3.6002531,-1.912663,1.0304482,0.055631578,-0.39491117,0.91703343,0
-4.2560186,2.1636167,-0.4457798,-0.055631578,0.39491117,-0.91703343,0
3.3663836,4.6960726,1.579175,0.92428201,0.36774766,0.10229552,0
1.761066,-3.5180233,-2.2650757,0.37763453,-0.84190667,-0.38546759,0
3.7109277,3.840188,1.5429392,0.92428201,0.36774766,0.10229552,0
0.013886452,-4.3075991,-2.2522244,0.37763453,-0.84190667,-0.38546759,0
1.9384513,-3.9750967,-1.092993,0.37763453,-0.84190667,-0.38546759,0
0.25965595,-4.5011897,-1.588625,0.37763453,-0.84190667,-0.38546759,0
0.010311604,-4.7336745,-1.3251296,0.37763453,-0.84190667,-0.38546759,0
2.5363107,2.1788282,-0.85128331,-0.055631578,0.39491117,-0.91703343,0
5.0048289,1.1284897,-0.39955711,0.92428201,0.36774766,0.10229552,0
-1.2450545,-4.7822013,-2.4489954,0.37763453,-0.84190667,-0.38546759,0
-5.3255157,0.53120375,2.1875372,0.055631578,-0.39491117,0.91703343,0
5.1418328,0.79790831,-0.44901752,0.92428201,0.36774766,0.10229552,0
5.8818345,-0.66463709,-1.8774533,0.92428201,0.36774766,0.10229552,0
1.7253575,-3.8686073,-1.5343419,0.37763453,-0.84190667,-0.38546759,0
-2.9939761,0.44254291,-1.263504,-0.055631578,0.39491117,-0.91703343,0
-4.6846399,-1.9727356,0.54154587,-0.92428201,-0.36774766,-0.10229552,0
2.140892,-3.0005968,-3.0230887,0.37763453,-0.84190667,-0.38546759,0
3.4166882,4.8353753,0.6238606,0.92428201,0.36774766,0.10229552,0
2.9459352,5.5773315,2.2100101,0.92428201,0.36774766,0.10229552,0
-3.7375219,-4.0968304,-0.38003087,-0.92428201,-0.36774766,-0.10229552,0
0.37410736,4.3589873,2.5200958,-0.37763453,0.84190667,0.38546759,0
-4.2407846,-1.6288722,1.1915183,0.055631578,-0.39491117,0.91703343,0
-4.521286,1.6826739,2.634618,0.055631578,-0.39491117,0.91703343,0
0.8785274,4.3527441,0.18546045,-0.055631578,0.39491117,-0.91703343,0
-3.3416672,-4.5748653,-2.2382314,-0.92428201,-0.36774766,-0.10229552,0
2.2541773,4.8828907,0.33030915,-0.055631578,0.39491117,-0.91703343,0
2.1718309,4.511199,3.4466577,0.055631578,-0.39491117,0.91703343,0
2.4728205,0.6626265,-1.5003686,-0.055631578,0.39491117,-0.91703343,0
1.8207527,1.1283057,2.011147,0.055631578,-0.39491117,0.91703343,0
2.7510781,5.9862685,1.294591,-0.37763453,0.84190667,0.38546759,0
0.37067556,4.2213764,0.1596967,-0.055631578,0.39491117,-0.91703343,0
4.0276103,3.3513198,0.4390409,0.92428201,0.36774766,0.10229552,0
-3.5978699,1.8148534,-0.63589716,-0.055631578,0.39491117,-0.91703343,0
-2.0184867,-4.7002459,-3.3857112,0.37763453,-0.84190667,-0.38546759,0
3.5529866,4.4463434,0.79090571,0.92428201,0.36774766,0.10229552,0
-4.5833635,0.066397667,1.9423509,0.055631578,-0.39491117,0.91703343,0
-2.1919129,-5.4632525,-1.889117,0.37763453,-0.84190667,-0.38546759,0
-6.2474403,1.8098242,1.0639615,-0.92428201,-0.36774766,-0.10229552,0
-3.8057957,-1.1520563,-1.9009531,-0.055631578,0.39491117,-0.91703343,0
-2.3029766,-0.64796793,-1.7750405,-0.055631578,0.39491117,-0.91703343,0
-5.1397414,2.6658351,0.81633663,-0.37763453,0.84190667,0.38546759,0
3.4223351,4.2725439,2.5961926,0.92428201,0.36774766,0.10229552,0
-4.5780101,-2.0071201,-0.29829025,-0.92428201,-0.36774766,-0.10229552,0
1.8843391,-0.52861166,-1.9776634,-0.055631578,0.39491117,-0.91703343,0
-5.7373981,0.7019105,0.438416,-0.92428201,-0.36774766,-0.10229552,0
-0.88026142,-5.0897479,-1.419897,0.37763453,-0.84190667,-0.38546759,0
2.837368,1.8027916,-1.0314834,-0.055631578,0.39491117,-0.91703343,0
4.374825,-2.3400688,-2.2772214,0.37763453,-0.84190667,-0.38546759,0
-5.0626392,-0.66449273,-0.74615145,-0.92428201,-0.36774766,-0.10229552,0
1.2368102,2.3123012,2.5564473,0.055631578,-0.39491117,0.91703343,0
3.1249709,5.5578513,0.66237903,0.92428201,0.36774766,0.10229552,0
2.0034816,4.9471197,2.8318098,-0.37763453,0.84190667,0.38546759,0
3.4006143,4.6517224,1.429323,0.92428201,0.36774766,0.10229552,0
3.2586308,-2.7721925,-2.4269247,0.37763453,-0.84190667,-0.38546759,0
-1.6832256,3.6457853,2.0622869,-0.37763453,0.84190667,0.38546759,0
-4.3315558,3.0198312,0.83492994,-0.37763453,0.84190667,0.38546759,0
3.5761557,-2.1111979,-2.7618217,-0.055631578,0.39491117,-0.91703343,0
2.693162,3.7331469,3.0799711,0.055631578,-0.39491117,0.91703343,0
-1.420927,4.3081942,0.87247634,-0.37763453,0.84190667,0.38546759,0
-3.4453778,3.0128667,1.7183118,-0.37763453,0.84190667,0.38546759,0
-4.2717099,3.1386561,0.63403416,-0.37763453,0.84190667,0.38546759,0
-6.1370201,1.1512344,2.4338741,-0.92428201,-0.36774766,-0.10229552,0
4.5678244,1.6881521,1.5369995,0.92428201,0.36774766,0.10229552,0
-5.1803107,0.19734317,-1.2364631,-0.055631578,0.39491117,-0.91703343,0
1.4400878,-0.33706045,1.4031949,0.055631578,-0.39491117,0.91703343,0
3.0874975,3.5384746,-0.29920316,-0.055631578,0.39491117,-0.91703343,0
-3.2760382,-5.2010756,-0.58002186,-0.92428201,-0.36774766,-0.10229552,0
5.0766125,0.56813127,0.96631098,0.92428201,0.36774766,0.10229552,0
6.1981463,-1.9135092,-1.4226084,0.37763453,-0.84190667,-0.38546759,0
-1.1707301,3.6887238,2.4705851,-0.37763453,0.84190667,0.38546759,0
-5.5625019,0.052815914,1.1916208,-0.92428201,-0.36774766,-0.10229552,0
3.4364228,4.2988734,2.3742514,0.92428201,0.36774766,0.10229552,0
3.4727445,4.5981512,0.97018242,0.92428201,0.36774766,0.10229552,0
5.7823801,-1.1059351,0.60760164,0.92428201,0.36774766,0.10229552,0
0.78816462,-3.7862,-2.6324778,0.37763453,-0.84190667,-0.38546759,0
-5.4002466,2.0204391,1.970747,-0.37763453,0.84190667,0.38546759,0
-4.2770748,2.7835891,1.4042854,-0.37763453,0.84190667,0.38546759,0
-0.67199135,3.6275947,3.0927022,-0.37763453,0.84190667,0.38546759,0
5.0707197,1.2150066,-1.305932,0.92428201,0.36774766,0.10229552,0
3.4772654,-1.2907965,0.86889338,0.055631578,-0.39491117,0.91703343,0
-1.0310659,4.0468559,1.8252082,-0.37763453,0.84190667,0.38546759,0
-2.2512074,2.9826064,2.954308,-0.37763453,0.84190667,0.38546759,0
-2.0159349,-0.98069537,-1.9357395,-0.055631578,0.39491117,-0.91703343,0
1.1545911,-4.2349,-1.2934833,0.37763453,-0.84190667,-0.38546759,0
3.0387321,5.2484851,2.5537429,0.92428201,0.36774766,0.10229552,0
-2.3538167,1.9852015,2.6334093,0.055631578,-0.39491117,0.91703343,0
2.5028849,3.7118888,-0.18905878,-0.055631578,0.39491117,-0.91703343,0
2.8264673,1.9070337,-0.98593116,-0.055631578,0.39491117,-0.91703343,0
-1.8623049,-3.5464351,-3.0499692,-0.055631578,0.39491117,-0.91703343,0
1.1490378,-4.2601566,-1.2437606,0.37763453,-0.84190667,-0.38546759,0
-5.7057066,0.21868777,1.8892336,-0.92428201,-0.36774766,-0.10229552,0
-5.3473287,-0.55484986,1.4319777,-0.92428201,-0.36774766,-0.10229552,0
-1.2244614,-1.1974021,-2.0770767,-0.055631578,0.39491117,-0.91703343,0
-3.5489242,-4.5138311,-0.09283185,0.055631578,-0.39491117,0.91703343,0
5.9189591,-1.1849229,-2.5050564,-0.055631578,0.39491117,-0.91703343,0
5.1251249,-2.1140409,-2.0358415,0.37763453,-0.84190667,-0.38546759,0
-0.67892742,4.1147032,2.0220044,-0.37763453,0.84190667,0.38546759,0
-2.1666937,-3.8253791,-3.1516278,-0.055631578,0.39491117,-0.91703343,0
-1.5629451,-2.360321,-2.5573416,-0.055631578,0.39491117,-0.91703343,0
4.506794,0.33997971,1.5087149,0.055631578,-0.39491117,0.91703343,0
4.3130722,-2.5762463,-1.8218813,0.37763453,-0.84190667,-0.38546759,0
1.9405842,-4.1796412,-0.64415359,0.37763453,-0.84190667,-0.38546759,0
-5.7431269,0.36178565,1.7129145,-0.92428201,-0.36774766,-0.10229552,0
-2.1428223,-4.7729087,-3.3488159,0.37763453,-0.84190667,-0.38546759,0
-5.1225872,2.152122,1.9551535,-0.37763453,0.84190667,0.38546759,0
0.40853834,-3.4989734,-3.1672904,-0.055631578,0.39491117,-0.91703343,0
3.4658966,2.5644202,2.5297933,0.055631578,-0.39491117,0.91703343,0
5.3885088,0.50349712,-1.6194491,0.92428201,0.36774766,0.10229552,0
-2.5873637,0.68335974,-1.1844656,-0.055631578,0.39491117,-0.91703343,0
2.9200523,-2.5164685,0.3748734,0.055631578,-0.39491117,0.91703343,0
-3.0507574,-3.8804142,-3.1216969,-0.055631578,0.39491117,-0.91703343,0
5.6207676,-2.4306674,0.24798489,0.055631578,-0.39491117,0.91703343,0
-5.8493595,0.67064261,1.5624399,-0.92428201,-0.36774766,-0.10229552,0
1.4169507,5.6236134,0.77965581,-0.37763453,0.84190667,0.38546759,0
-3.5181704,-4.351233,-1.4474013,-0.92428201,-0.36774766,-0.10229552,0
-0.94533968,4.3253765,1.3008717,-0.37763453,0.84190667,0.38546759,0
5.2044916,0.71124244,-0.70360613,0.92428201,0.36774766,0.10229552,0
-1.1957464,4.030118,0.17236006,-0.055631578,0.39491117,-0.91703343,0
-3.8194873,0.69447953,-1.1049304,-0.055631578,0.39491117,-0.91703343,0
-5.2083912,-0.38329291,-0.44012117,-0.92428201,-0.36774766,-0.10229552,0
-2.1397676,3.4954233,1.9434315,-0.37763453,0.84190667,0.38546759,0
-3.9758127,-3.2764621,-1.1761668,-0.92428201,-0.36774766,-0.10229552,0
4.4482684,2.3278394,0.31759119,0.92428201,0.36774766,0.10229552,0
0.77647686,-4.3421297,-1.4297113,0.37763453,-0.84190667,-0.38546759,0
3.4603405,4.3654466,1.9188187,0.92428201,0.36774766,0.10229552,0
5.8162718,-1.1394407,0.42182589,0.92428201,0.36774766,0.10229552,0
3.3275647,4.9631515,0.96978188,0.92428201,0.36774766,0.10229552,0
-1.6330104,-5.121304,-2.0884285,0.37763453,-0.84190667,-0.38546759,0
4.5789852,-2.2467318,-2.2810702,0.37763453,-0.84190667,-0.38546759,0
0.98186946,-2.2415009,-2.6605535,-0.055631578,0.39491117,-0.91703343,0
-5.6035852,0.69602811,-0.74948883,-0.92428201,-0.36774766,-0.10229552,0
-0.7879045,-1.4347658,1.0656399,0.055631578,-0.39491117,0.91703343,0
2.2007899,5.898972,0.94615138,-0.37763453,0.84190667,0.38546759,0
4.8270345,1.3161323,0.53232527,0.92428201,0.36774766,0.10229552,0
-1.3911678,1.6704131,-0.83196795,-0.055631578,0.39491117,-0.91703343,0
2.5441442,-3.427093,-1.6965134,0.37763453,-0.84190667,-0.38546759,0
1.3717537,-4.3761463,-0.77223527,0.37763453,-0.84190667,-0.38546759,0
4.5662904,1.5850044,1.9216657,0.92428201,0.36774766,0.10229552,0
-4.2040129,1.2027059,-0.86274123,-0.055631578,0.39491117,-0.91703343,0
-0.66081834,-4.2268319,-0.14444453,0.055631578,-0.39491117,0.91703343,0
3.4598813,4.7938595,0.38284135,0.92428201,0.36774766,0.10229552,0
3.0440629,5.3596816,2.1058302,0.92428201,0.36774766,0.10229552,0
2.1618881,-3.7372451,-1.3935932,0.37763453,-0.84190667,-0.38546759,0
4.2136712,2.1351447,2.2995663,0.055631578,-0.39491117,0.91703343,0
3.2423611,-3.4944677,-0.065844774,0.055631578,-0.39491117,0.91703343,0
-3.0590012,-5.0377626,-3.1281385,-0.92428201,-0.36774766,-0.10229552,0
-6.0576,1.7567248,-0.4604373,-0.92428201,-0.36774766,-0.10229552,0
3.0016439,5.4054704,2.3244944,0.92428201,0.36774766,0.10229552,0
-0.13839912,-4.143322,-2.7602158,0.37763453,-0.84190667,-0.38546759,0
-2.365015,3.8537474,0.9401381,-0.37763453,0.84190667,0.38546759,0
-3.2366848,1.609848,-0.74609208,-0.055631578,0.39491117,-0.91703343,0
-0.9486928,-4.6520367,-2.4429519,0.37763453,-0.84190667,-0.38546759,0
1.2507682,5.1788936,1.588171,-0.37763453,0.84190667,0.38546759,0
0.46106315,-2.8008063,0.40160018,0.055631578,-0.39491117,0.91703343,0
3.857249,3.5602818,1.2271183,0.92428201,0.36774766,0.10229552,0
-0.36874121,0.44208229,1.848457,0.055631578,-0.39491117,0.91703343,0
-3.4145865,-4.4478855,-2.0358579,-0.92428201,-0.36774766,-0.10229552,0
5.9540529,-1.0340633,-1.2019053,0.92428201,0.36774766,0.10229552,0
-1.0550065,4.6362786,0.51438618,-0.37763453,0.84190667,0.38546759,0
6.0347204,-1.5676867,-0.012424946,0.92428201,0.36774766,0.10229552,0
-1.0700197,4.0967207,1.6781369,-0.37763453,0.84190667,0.38546759,0
2.552882,4.8400326,0.29373193,-0.055631578,0.39491117,-0.91703343,0
-3.3249254,1.599532,-0.74518132,-0.055631578,0.39491117,-0.91703343,0
1.4627094,-3.5128386,-2.5686932,0.37763453,-0.84190667,-0.38546759,0
-1.017354,-5.0483799,-1.6445574,0.37763453,-0.84190667,-0.38546759,0
4.8792553,-2.8388166,-0.69371891,0.37763453,-0.84190667,-0.38546759,0
6.0087023,-1.3459015,-2.5798244,-0.055631578,0.39491117,-0.91703343,0
5.2771153,0.71703124,-1.3806024,0.92428201,0.36774766,0.10229552,0
-2.3946698,-3.7542796,-3.1071796,-0.055631578,0.39491117,-0.91703343,0
-4.4356647,3.0095406,0.75541449,-0.37763453,0.84190667,0.38546759,0
-0.14587069,4.0044022,2.785141,-0.37763453,0.84190667,0.38546759,0
4.1389394,2.8977141,1.0638278,0.92428201,0.36774766,0.10229552,0
-5.2724833,-0.2065841,-0.49628592,-0.92428201,-0.36774766,-0.10229552,0
-4.7625289,-1.5095541,-0.41981459,-0.92428201,-0.36774766,-0.10229552,0
-5.1074514,2.0017509,2.2984095,-0.37763453,0.84190667,0.38546759,0
2.9743192,2.9344215,-0.55246663,-0.055631578,0.39491117,-0.91703343,0
3.2968659,4.4758635,2.9989343,0.92428201,0.36774766,0.10229552,0
4.2564173,2.9164324,-0.064923286,0.92428201,0.36774766,0.10229552,0
-3.6020348,2.8398628,1.9426994,-0.37763453,0.84190667,0.38546759,0
1.1916747,-1.997735,0.70311219,0.055631578,-0.39491117,0.91703343,0
3.7569878,3.875289,1.0005846,0.92428201,0.36774766,0.10229552,0
3.6178112,4.475719,0.099580288,0.92428201,0.36774766,0.10229552,0
0.9446218,2.8901336,-0.44840759,-0.055631578,0.39491117,-0.91703343,0
-6.0116425,1.4803791,0.11776876,-0.92428201,-0.36774766,-0.10229552,0
-2.2280757,-5.425971,-2.0059719,0.37763453,-0.84190667,-0.38546759,0
2.0127926,0.77671504,-1.4233303,-0.055631578,0.39491117,-0.91703343,0
-3.3600299,-4.7393422,-1.4810305,-0.92428201,-0.36774766,-0.10229552,0
-4.4160252,2.3064909,2.3101981,-0.37763453,0.84190667,0.38546759,0
2.8828642,2.5634949,-0.70665431,-0.055631578,0.39491117,-0.91703343,0
-4.970314,2.5305686,1.2777605,-0.37763453,0.84190667,0.38546759,0
5.3537273,-2.3977137,-1.1923089,0.37763453,-0.84190667,-0.38546759,0
-3.9067547,-3.5665896,-0.75713706,-0.92428201,-0.36774766,-0.10229552,0
-1.4426787,0.63884574,-1.273077,-0.055631578,0.39491117,-0.91703343,0
-0.46456861,-4.1633539,-3.0360053,0.37763453,-0.84190667,-0.38546759,0
4.3847575,-2.1036615,0.46378851,0.055631578,-0.39491117,0.91703343,0
5.2887959,0.54597259,-0.87119484,0.92428201,0.36774766,0.10229552,0
5.209496,0.6136992,-0.39816141,0.92428201,0.36774766,0.10229552,0
-1.6703377,-3.6087127,0.18298411,0.055631578,-0.39491117,0.91703343,0
1.0767612,5.1006908,1.588503,-0.37763453,0.84190667,0.38546759,0
-3.8011189,2.6780591,2.1010592,-0.37763453,0.84190667,0.38546759,0
2.3620701,2.888974,-0.53489637,-0.055631578,0.39491117,-0.91703343,0
-6.1896896,1.9689062,-0.029727936,-0.92428201,-0.36774766,-0.10229552,0
3.3457136,-2.8149683,-2.2481842,0.37763453,-0.84190667,-0.38546759,0
4.3739629,-2.3955445,-2.1569023,0.37763453,-0.84190667,-0.38546759,0
4.0615625,1.8713603,-1.07622,-0.055631578,0.39491117,-0.91703343,0
-3.3209031,0.32077575,1.9753096,0.055631578,-0.39491117,0.91703343,0
3.7815704,3.6730421,1.505538,0.92428201,0.36774766,0.10229552,0
5.1665545,0.39001024,0.79398537,0.92428201,0.36774766,0.10229552,0
-3.5232496,-3.9792242,-2.7388616,-0.92428201,-0.36774766,-0.10229552,0
4.8993149,-2.9112339,-0.51589823,0.37763453,-0.84190667,-0.38546759,0
4.2075949,2.7704685,0.90094185,0.92428201,0.36774766,0.10229552,0
-4.0227628,-3.1175878,-1.3230977,-0.92428201,-0.36774766,-0.10229552,0
1.0868361,1.462234,2.1994727,0.055631578,-0.39491117,0.91703343,0
3.9885356,1.5642841,-1.2040293,-0.055631578,0.39491117,-0.91703343,0
-2.8883238,3.3876796,1.4454112,-0.37763453,0.84190667,0.38546759,0
-2.6560106,-3.5583749,0.26445746,0.055631578,-0.39491117,0.91703343,0
1.7566123,5.2920127,1.83667,-0.37763453,0.84190667,0.38546759,0
3.2202935,5.1822681,1.1513019,0.92428201,0.36774766,0.10229552,0
-1.5128496,1.053443,-1.0902781,-0.055631578,0.39491117,-0.91703343,0
-4.494875,3.1329334,0.42790222,-0.37763453,0.84190667,0.38546759,0
1.3783648,4.4833984,3.2322183,-0.37763453,0.84190667,0.38546759,0
-4.785358,-1.1854113,-1.3788235,-0.92428201,-0.36774766,-0.10229552,0
4.7198606,-2.280582,-2.0691242,0.37763453,-0.84190667,-0.38546759,0
-5.2135439,-0.32246447,-0.61224127,-0.92428201,-0.36774766,-0.10229552,0
0.53805637,4.0864706,0.091447055,-0.055631578,0.39491117,-0.91703343,0
6.3193045,-2.5735669,0.1377306,0.37763453,-0.84190667,-0.38546759,0
-0.46557713,-2.0826058,0.76710027,0.055631578,-0.39491117,0.91703343,0
-3.8545196,-3.3755209,-1.9159846,-0.92428201,-0.36774766,-0.10229552,0
3.1339619,4.8277793,3.205719,0.92428201,0.36774766,0.10229552,0
-2.5295017,-5.8116832,-1.4588305,0.37763453,-0.84190667,-0.38546759,0
5.9477539,-2.0075076,-1.4626112,0.37763453,-0.84190667,-0.38546759,0
1.6354847,-3.9034123,-1.5463705,0.37763453,-0.84190667,-0.38546759,0
-3.3798335,-4.8075008,-1.05707,-0.92428201,-0.36774766,-0.10229552,0
-2.5534682,3.575237,1.3638141,-0.37763453,0.84190667,0.38546759,0
-2.4017084,0.24902225,-1.3827713,-0.055631578,0.39491117,-0.91703343,0
-0.68369961,-4.4408574,-0.23522449,0.055631578,-0.39491117,0.91703343,0
0.36214173,1.9106708,2.4365509,0.055631578,-0.39491117,0.91703343,0
5.2958245,-2.1178715,-1.8602428,0.37763453,-0.84190667,-0.38546759,0
6.1130881,-1.7712595,0.01132822,0.92428201,0.36774766,0.10229552,0
1.943176,-0.95885181,-2.1665111,-0.055631578,0.39491117,-0.91703343,0
4.2138453,3.1133518,-0.38818407,0.92428201,0.36774766,0.10229552,0
0.23441577,2.0122912,2.4880612,0.055631578,-0.39491117,0.91703343,0
3.6915424,-1.3170505,-2.4268298,-0.055631578,0.39491117,-0.91703343,0
-2.4223845,-2.2833428,-2.4720542,-0.055631578,0.39491117,-0.91703343,0
3.9633527,3.1175406,1.8600607,0.92428201,0.36774766,0.10229552,0
1.8944216,4.3150454,0.10759664,-0.055631578,0.39491117,-0.91703343,0
-6.1112256,1.3991646,1.309505,-0.92428201,-0.36774766,-0.10229552,0
5.4904718,-2.2129376,-1.4619141,0.37763453,-0.84190667,-0.38546759,0
2.7803488,5.9008789,1.5097672,-0.37763453,0.84190667,0.38546759,0
3.1180556,5.4134974,1.243809,0.92428201,0.36774766,0.10229552,0
2.3636692,2.9854631,-0.4934411,-0.055631578,0.39491117,-0.91703343,0
5.149159,0.57425106,0.28882217,0.92428201,0.36774766,0.10229552,0
2.0617943,0.48855746,1.7210232,0.055631578,-0.39491117,0.91703343,0
-4.5770974,-1.5379547,-1.993165,-0.92428201,-0.36774766,-0.10229552,0
-5.6127319,0.19799185,1.123569,-0.92428201,-0.36774766,-0.10229552,0
4.9189878,1.1411183,0.33065224,0.92428201,0.36774766,0.10229552,0
0.63583541,-2.1766925,0.65976578,0.055631578,-0.39491117,0.91703343,0
2.3426595,5.008853,3.0292623,-0.37763453,0.84190667,0.38546759,0
-4.8155642,2.9056087,0.61023378,-0.37763453,0.84190667,0.38546759,0
-3.538866,-2.3066807,0.8570447,0.055631578,-0.39491117,0.91703343,0
2.9703774,-0.81650686,1.1038916,0.055631578,-0.39491117,0.91703343,0
-1.9816725,-4.9688568,-2.7629664,0.37763453,-0.84190667,-0.38546759,0
-0.36347675,3.9192572,2.7579234,-0.37763453,0.84190667,0.38546759,0
-2.0440781,-4.8225002,-3.143764,0.37763453,-0.84190667,-0.38546759,0
5.4505625,-2.4441333,-0.9960556,0.37763453,-0.84190667,-0.38546759,0
3.4612141,4.5730247,1.1646886,0.92428201,0.36774766,0.10229552,0
-5.8983459,0.91367412,1.1313701,-0.92428201,-0.36774766,-0.10229552,0
-0.87783283,0.57254481,-1.3358951,-0.055631578,0.39491117,-0.91703343,0
2.9352098,-2.7915006,-2.7016037,0.37763453,-0.84190667,-0.38546759,0
-4.1886463,0.284172,-1.2592304,-0.055631578,0.39491117,-0.91703343,0
-2.1120453,3.716789,1.4871005,-0.37763453,0.84190667,0.38546759,0
3.8114395,-3.3319023,-0.030360699,0.055631578,-0.39491117,0.91703343,0
-1.2828984,4.2843037,1.0598801,-0.37763453,0.84190667,0.38546759,0
2.916877,-2.3984478,0.42589068,0.055631578,-0.39491117,0.91703343,0
-0.17558622,-4.0529633,-2.9940023,0.37763453,-0.84190667,-0.38546759,0
-1.6147084,-5.447401,-1.3582633,0.37763453,-0.84190667,-0.38546759,0
2.94049,5.9779572,0.81897902,0.92428201,0.36774766,0.10229552,0
0.028071702,0.77264524,1.966738,0.055631578,-0.39491117,0.91703343,0
2.0537908,-0.5978415,-2.017756,-0.055631578,0.39491117,-0.91703343,0
6.097599,-1.286206,-1.5924611,0.92428201,0.36774766,0.10229552,0
-6.0683479,1.2068923,1.6132965,-0.92428201,-0.36774766,-0.10229552,0
1.9669524,2.0638287,-0.86626661,-0.055631578,0.39491117,-0.91703343,0
5.0249324,0.98255181,-1.5174193,-0.055631578,0.39491117,-0.91703343,0
-3.7622323,-0.35909963,1.7093015,0.055631578,-0.39491117,0.91703343,0
-0.46497202,-4.249897,-2.8473802,0.37763453,-0.84190667,-0.38546759,0
-2.5083015,-5.5466695,-2.0168834,0.37763453,-0.84190667,-0.38546759,0
-3.9275994,-2.9909568,-2.6381707,-0.92428201,-0.36774766,-0.10229552,0
3.2842484,-3.2744763,-1.3047812,0.37763453,-0.84190667,-0.38546759,0
5.2373557,0.10693485,1.1719089,0.92428201,0.36774766,0.10229552,0
3.898612,2.9684603,2.6775382,0.055631578,-0.39491117,0.91703343,0
5.0163727,-1.0625894,0.87379932,0.055631578,-0.39491117,0.91703343,0
-1.6880856,4.189693,0.8695668,-0.37763453,0.84190667,0.38546759,0
-5.8177943,0.56600022,1.6534195,-0.92428201,-0.36774766,-0.10229552,0
1.6236405,-3.5282757,0.017795444,0.055631578,-0.39491117,0.91703343,0
0.078305721,5.0925984,0.6280117,-0.37763453,0.84190667,0.38546759,0
-3.8852744,3.2346365,0.80298328,-0.37763453,0.84190667,0.38546759,0
4.2586451,2.6149261,0.99884796,0.92428201,0.36774766,0.10229552,0
-5.1316376,2.9391546,-0.058682919,-0.055631578,0.39491117,-0.91703343,0
-1.5808029,2.4772983,2.7984314,0.055631578,-0.39491117,0.91703343,0
4.5877123,2.1557126,-0.32355738,0.92428201,0.36774766,0.10229552,0
-0.11644936,-1.8480603,0.8469252,0.055631578,-0.39491117,0.91703343,0
-0.61335659,4.5159459,0.34624606,-0.055631578,0.39491117,-0.91703343,0
5.2755971,0.39588499,-0.21238136,0.92428201,0.36774766,0.10229552,0
-0.90613937,3.93503,2.1918383,-0.37763453,0.84190667,0.38546759,0
2.1905022,-1.8928339,-2.583725,-0.055631578,0.39491117,-0.91703343,0
5.0345659,-2.9334326,-0.33491087,0.37763453,-0.84190667,-0.38546759,0
1.3845625,-4.1358528,-1.2845163,0.37763453,-0.84190667,-0.38546759,0
1.2404337,-3.9614654,-1.8065996,0.37763453,-0.84190667,-0.38546759,0
-2.7533398,2.5366254,2.895112,0.055631578,-0.39491117,0.91703343,0
5.0129457,0.67026693,1.1743965,0.92428201,0.36774766,0.10229552,0
-0.7234416,-5.159668,-1.1135515,0.37763453,-0.84190667,-0.38546759,0
5.6524639,-0.21206069,-1.4319844,0.92428201,0.36774766,0.10229552,0
-1.7606792,4.3336253,0.48408294,-0.37763453,0.84190667,0.38546759,0
-4.0591002,-0.17715383,1.8056633,0.055631578,-0.39491117,0.91703343,0
-3.8161054,3.0165911,-0.10514212,-0.055631578,0.39491117,-0.91703343,0
-5.0220118,2.0343504,2.3109112,-0.37763453,0.84190667,0.38546759,0
4.4251857,-1.889219,-2.7177348,-0.055631578,0.39491117,-0.91703343,0
3.7832193,3.8667188,0.79437804,0.92428201,0.36774766,0.10229552,0
-3.7111249,2.8805866,1.7468812,-0.37763453,0.84190667,0.38546759,0
3.4631319,-3.5979946,-0.42293096,0.37763453,-0.84190667,-0.38546759,0
1.7700596,-3.6773264,-1.9083282,0.37763453,-0.84190667,-0.38546759,0
5.0321779,0.76814723,0.64874601,0.92428201,0.36774766,0.10229552,0
3.1096873,5.0177364,2.7421651,0.92428201,0.36774766,0.10229552,0
-2.9446583,-5.5496578,-2.3210354,-0.92428201,-0.36774766,-0.10229552,0
-1.2672721,0.093849659,1.7530032,0.055631578,-0.39491117,0.91703343,0
-5.9393616,1.3029207,0.10263872,-0.92428201,-0.36774766,-0.10229552,0
-3.7913413,3.2958806,0.013628721,-0.055631578,0.39491117,-0.91703343,0
-4.7106018,-1.0414301,-1.7984233,-0.055631578,0.39491117,-0.91703343,0
0.85290468,-0.027953863,1.5719299,0.055631578,-0.39491117,0.91703343,0
-1.6094155,3.320092,2.8459504,-0.37763453,0.84190667,0.38546759,0
2.2707253,5.8174605,1.192696,-0.37763453,0.84190667,0.38546759,0
0.09581852,-4.5651312,-1.6094772,0.37763453,-0.84190667,-0.38546759,0
-1.3461813,-1.9139514,-2.378267,-0.055631578,0.39491117,-0.91703343,0
-1.6986969,-1.8192092,0.95533633,0.055631578,-0.39491117,0.91703343,0
3.8585331,3.1958432,2.5256565,0.92428201,0.36774766,0.10229552,0
4.4248552,-2.4609327,-1.9642282,0.37763453,-0.84190667,-0.38546759,0
6.36449,-2.263787,-0.48957634,0.92428201,0.36774766,0.10229552,0
4.5639191,2.1379128,-0.044586182,0.92428201,0.36774766,0.10229552,0
4.6126227,-2.4004164,-1.9124508,0.37763453,-0.84190667,-0.38546759,0
-4.2719541,-2.7978673,-0.22093296,-0.92428201,-0.36774766,-0.10229552,0
1.5976992,5.4974504,1.2322853,-0.37763453,0.84190667,0.38546759,0
-0.21602193,0.23667622,-1.5206821,-0.055631578,0.39491117,-0.91703343,0
3.9886317,-2.8026838,-1.6451619,0.37763453,-0.84190667,-0.38546759,0
5.7616792,-0.45211267,-1.5558176,0.92428201,0.36774766,0.10229552,0
-3.954088,-3.6808045,0.081133366,-0.92428201,-0.36774766,-0.10229552,0
-4.0201941,2.3583865,2.5846391,-0.37763453,0.84190667,0.38546759,0
-4.0466242,2.5609081,2.1164141,-0.37763453,0.84190667,0.38546759,0
-5.7199941,0.40861654,1.3355465,-0.92428201,-0.36774766,-0.10229552,0
-2.2442811,-5.9131384,-0.95781648,0.37763453,-0.84190667,-0.38546759,0
1.477674,-4.0599804,-1.3590107,0.37763453,-0.84190667,-0.38546759,0
-0.19871712,3.9460981,2.8607104,-0.37763453,0.84190667,0.38546759,0
-5.0824656,1.7475402,2.6965961,0.055631578,-0.39491117,0.91703343,0
4.7757311,1.4442261,0.53537607,0.92428201,0.36774766,0.10229552,0
3.6040087,-2.6603353,-2.3328745,0.37763453,-0.84190667,-0.38546759,0
-3.3037584,-4.2968221,-0.014252186,0.055631578,-0.39491117,0.91703343,0
-3.4978824,-4.7023792,-0.3683548,-0.92428201,-0.36774766,-0.10229552,0
0.0046725273,3.9103923,3.1379535,-0.37763453,0.84190667,0.38546759,0
-4.4982285,-2.1229258,-0.60283375,-0.92428201,-0.36774766,-0.10229552,0
5.383131,0.17649555,-0.39530277,0.92428201,0.36774766,0.10229552,0
-1.9105897,-5.7273107,-1.0367757,0.37763453,-0.84190667,-0.38546759,0
5.5433826,-0.58526623,0.89525986,0.92428201,0.36774766,0.10229552,0
4.3294172,0.76539373,1.7026756,0.055631578,-0.39491117,0.91703343,0
0.74744844,-3.726809,-2.8020833,0.37763453,-0.84190667,-0.38546759,0
-4.8812613,-1.3466115,0.067211628,-0.92428201,-0.36774766,-0.10229552,0
4.0882926,-0.37023091,-2.0431604,-0.055631578,0.39491117,-0.91703343,0
3.6365471,4.4127312,0.1567297,0.92428201,0.36774766,0.10229552,0
2.7395108,5.4682312,2.4147129,-0.37763453,0.84190667,0.38546759,0
-0.82466328,0.056204081,1.7099408,0.055631578,-0.39491117,0.91703343,0
2.2439046,0.67431617,-1.4814475,-0.055631578,0.39491117,-0.91703343,0
2.7562172,-3.0717742,-2.2648077,0.37763453,-0.84190667,-0.38546759,0
3.1794918,1.480917,2.0805681,0.055631578,-0.39491117,0.91703343,0
0.16459322,-4.5009537,-1.6822714,0.37763453,-0.84190667,-0.38546759,0
1.5499363,-4.0863428,-1.2306392,0.37763453,-0.84190667,-0.38546759,0
5.0182314,1.309902,-1.1728249,0.92428201,0.36774766,0.10229552,0
-3.0544715,1.5928068,-0.76448464,-0.055631578,0.39491117,-0.91703343,0
-6.0501728,2.4784122,0.33376074,-0.37763453,0.84190667,0.38546759,0
0.96636868,-0.024248123,1.5666424,0.055631578,-0.39491117,0.91703343,0
4.3658576,2.6380069,-0.052834034,0.92428201,0.36774766,0.10229552,0
-0.62731171,4.7029009,0.78787857,-0.37763453,0.84190667,0.38546759,0
4.9625354,-2.0916922,0.43389273,0.055631578,-0.39491117,0.91703343,0
1.4719687,-3.5305281,-2.5209861,0.37763453,-0.84190667,-0.38546759,0
5.2902803,0.70369911,-1.4516244,0.92428201,0.36774766,0.10229552,0
2.9694731,-0.089149714,-1.8542428,-0.055631578,0.39491117,-0.91703343,0
-4.1541615,-0.51945114,1.6640236,0.055631578,-0.39491117,0.91703343,0
1.6487224,4.8534346,2.6888783,-0.37763453,0.84190667,0.38546759,0
4.2914853,2.9627633,-0.54833555,0.92428201,0.36774766,0.10229552,0
0.6194163,-0.66440368,1.3120137,0.055631578,-0.39491117,0.91703343,0
-1.9543412,-5.0439925,-2.5720859,0.37763453,-0.84190667,-0.38546759,0
4.0362892,3.3726411,0.28397655,0.92428201,0.36774766,0.10229552,0
-2.1188328,0.24702311,1.8706254,0.055631578,-0.39491117,0.91703343,0
1.1090537,-1.5720611,0.89143658,0.055631578,-0.39491117,0.91703343,0
1.771282,4.6043696,0.23966157,-0.055631578,0.39491117,-0.91703343,0
-5.1456938,2.1406019,1.9576783,-0.37763453,0.84190667,0.38546759,0
4.5841188,-2.0855107,-2.6281657,0.37763453,-0.84190667,-0.38546759,0
-1.3953519,3.9680443,1.6404598,-0.37763453,0.84190667,0.38546759,0
-3.3911524,-4.2623997,-2.9144096,-0.92428201,-0.36774766,-0.10229552,0
-0.30599403,2.1064911,2.5614111,0.055631578,-0.39491117,0.91703343,0
5.4900017,-1.8110869,-2.340066,0.37763453,-0.84190667,-0.38546759,0
