-1.9150718,0.92474616,-0.88276589,-0.90246481,-0.10498276,-0.41777498,0
-2.2906654,-0.59083527,1.2660205,-0.43038726,0.17921808,0.88467377,0
-2.320384,-1.1577885,0.51609796,-0.90246481,-0.10498276,-0.41777498,0
1.0391537,-2.0312142,-0.027184546,0.018002667,-0.97819197,0.20692125,0
2.3267407,0.3609823,-0.32959962,0.90246481,0.10498276,0.41777498,0
2.185652,-1.3176883,0.39700902,0.90246481,0.10498276,0.41777498,0
-1.28695,-1.7587278,-1.565285,-0.90246481,-0.10498276,-0.41777498,0
1.3810441,1.8561151,-1.0111367,-0.018002667,0.97819197,-0.20692125,0
1.0660166,-1.5229584,2.3731887,0.018002667,-0.97819197,0.20692125,0
-0.33838686,1.8916724,-0.6934495,-0.018002667,0.97819197,-0.20692125,0
0.42880249,-1.1839163,2.7091687,-0.43038726,0.17921808,0.88467377,0
-1.6221009,-1.6491168,-0.86884654,-0.90246481,-0.10498276,-0.41777498,0
-1.006855,-1.1751019,-2.3169973,-0.90246481,-0.10498276,-0.41777498,0
-2.5187821,1.1780889,0.79669303,-0.43038726,0.17921808,0.88467377,0
0.42640203,-0.20886736,2.5104744,-0.43038726,0.17921808,0.88467377,0
0.56321204,-2.0618272,-0.13049437,0.018002667,-0.97819197,0.20692125,0
-2.3026874,-0.6012429,0.33801579,-0.90246481,-0.10498276,-0.41777498,0
-2.1634614,2.1401703,0.64007688,-0.018002667,0.97819197,-0.20692125,0
-1.6167101,0.73830891,1.3246355,-0.43038726,0.17921808,0.88467377,0
-1.7310938,1.0218745,-1.304597,-0.90246481,-0.10498276,-0.41777498,0
1.0190654,-1.60885,1.9712331,0.018002667,-0.97819197,0.20692125,0
2.1769171,-0.0028199703,0.085464835,0.90246481,0.10498276,0.41777498,0
-0.54392451,-1.8267164,1.0772831,0.018002667,-0.97819197,0.20692125,0
-1.9114326,-1.5076125,1.6362361,-0.43038726,0.17921808,0.88467377,0
-0.79891717,0.38050371,1.7949703,-0.43038726,0.17921808,0.88467377,0
-1.9505523,0.41660464,1.2273948,-0.43038726,0.17921808,0.88467377,0
0.097144425,-2.1674819,-0.58941412,0.018002667,-0.97819197,0.20692125,0
-2.5139503,-0.17395911,0.68700731,-0.90246481,-0.10498276,-0.41777498,0
-2.3107221,-1.7367435,0.64071184,-0.90246481,-0.10498276,-0.41777498,0
-0.093449831,2.1899805,0.69545138,-0.018002667,0.97819197,-0.20692125,0
2.1054738,1.4623748,-0.12839472,0.90246481,0.10498276,0.41777498,0
1.0790861,1.5861715,-2.0570812,0.43038726,-0.17921808,-0.88467377,0
1.1406046,2.1497133,0.39772773,-0.018002667,0.97819197,-0.20692125,0
1.3010035,2.0139828,1.4707839,0.90246481,0.10498276,0.41777498,0
1.0472827,0.19297013,2.4764664,0.90246481,0.10498276,0.41777498,0
2.5094838,0.77878976,-1.197643,0.43038726,-0.17921808,-0.88467377,0
2.6259093,0.64255595,-1.0466111,0.90246481,0.10498276,0.41777498,0
-1.6959988,0.85055202,-1.3373567,-0.90246481,-0.10498276,-0.41777498,0
1.324718,2.2980483,1.0829421,-0.018002667,0.97819197,-0.20692125,0
-0.17185146,-1.192591,-2.1027284,0.43038726,-0.17921808,-0.88467377,0
0.89522755,-1.5454491,2.2817261,0.018002667,-0.97819197,0.20692125,0
2.0532219,1.8348458,-1.170166,-0.018002667,0.97819197,-0.20692125,0
-2.4480829,-0.6114471,0.65465879,-0.90246481,-0.10498276,-0.41777498,0
-1.3219309,-0.20887081,-1.879184,-0.90246481,-0.10498276,-0.41777498,0
0.67928272,-2.0157793,0.077092484,0.018002667,-0.97819197,0.20692125,0
-1.393216,2.2321415,1.0078452,-0.018002667,0.97819197,-0.20692125,0
2.0011373,-0.51339626,0.59348214,0.90246481,0.10498276,0.41777498,0
1.9310498,1.74912,0.17633438,0.90246481,0.10498276,0.41777498,0
-2.6327896,-0.99127793,1.1491034,-0.90246481,-0.10498276,-0.41777498,0
0.96318603,-0.44020361,-1.7029604,0.43038726,-0.17921808,-0.88467377,0
-1.7251179,0.48992461,-1.1838324,-0.90246481,-0.10498276,-0.41777498,0
1.1733314,-0.3722887,-1.6144847,0.43038726,-0.17921808,-0.88467377,0
1.5673919,1.6465795,-1.8317616,0.43038726,-0.17921808,-0.88467377,0
-0.26656389,-1.8529536,0.92911994,0.018002667,-0.97819197,0.20692125,0
-1.1519996,1.7184314,-1.4416361,-0.018002667,0.97819197,-0.20692125,0
-1.5988873,1.9567924,-0.27593696,-0.018002667,0.97819197,-0.20692125,0
0.077641249,2.217509,1.849267,-0.43038726,0.17921808,0.88467377,0
-1.3537238,-0.51964986,1.7074149,-0.43038726,0.17921808,0.88467377,0
-1.3378019,-0.011070997,1.6121324,-0.43038726,0.17921808,0.88467377,0
2.0951219,-0.13075724,-1.2149701,0.43038726,-0.17921808,-0.88467377,0
0.46360171,0.90221095,-2.2179523,0.43038726,-0.17921808,-0.88467377,0
-2.6161332,1.6181123,0.45740986,-0.90246481,-0.10498276,-0.41777498,0
0.51551807,-0.87113178,2.6879909,-0.43038726,0.17921808,0.88467377,0
-0.83645558,-2.1257138,-0.31073564,0.018002667,-0.97819197,0.20692125,0
-1.735796,1.0850275,-1.3103094,-0.90246481,-0.10498276,-0.41777498,0
-2.1264904,-1.1875752,1.4667788,-0.43038726,0.17921808,0.88467377,0
-2.4955173,-1.5200406,0.98544604,-0.90246481,-0.10498276,-0.41777498,0
-1.2863165,-0.26057845,1.6877251,-0.43038726,0.17921808,0.88467377,0
0.21634555,0.63196808,2.237946,-0.43038726,0.17921808,0.88467377,0
2.5595589,-0.8009122,-0.54055381,0.90246481,0.10498276,0.41777498,0
-1.1744204,-1.8164849,-1.7938541,-0.90246481,-0.10498276,-0.41777498,0
-1.1898701,1.8574572,-0.78111649,-0.018002667,0.97819197,-0.20692125,0
2.0874245,-0.51218188,0.4067812,0.90246481,0.10498276,0.41777498,0
1.8766928,1.8041561,0.27992463,0.90246481,0.10498276,0.41777498,0
0.71049649,-2.2897611,-1.2208351,0.018002667,-0.97819197,0.20692125,0
-0.44023681,0.30359757,1.9850454,-0.43038726,0.17921808,0.88467377,0
-0.12291789,-0.88958335,2.3811345,-0.43038726,0.17921808,0.88467377,0
-1.3819129,-2.2267852,-0.74108028,0.018002667,-0.97819197,0.20692125,0
-0.53016639,0.12008633,1.978471,-0.43038726,0.17921808,0.88467377,0
0.30138206,-2.0264759,0.059404135,0.018002667,-0.97819197,0.20692125,0
-0.26605749,1.8075244,-1.0975399,-0.018002667,0.97819197,-0.20692125,0
1.0109757,1.8385569,2.141376,0.90246481,0.10498276,0.41777498,0
0.84178448,-0.92417657,-1.6639779,0.43038726,-0.17921808,-0.88467377,0
-1.5261631,-2.1692555,-0.45656645,0.018002667,-0.97819197,0.20692125,0
-0.97508508,1.1324176,-2.9644983,0.43038726,-0.17921808,-0.88467377,0
-0.68838251,2.1773503,0.68750435,-0.018002667,0.97819197,-0.20692125,0
-1.7108545,0.26910281,-1.1591533,-0.90246481,-0.10498276,-0.41777498,0
-1.7351595,-1.5757656,1.7357984,-0.43038726,0.17921808,0.88467377,0
1.3396921,-2.1572039,-0.64893091,0.018002667,-0.97819197,0.20692125,0
0.092763782,-0.31008518,-2.1527743,0.43038726,-0.17921808,-0.88467377,0
1.7857817,1.8528844,0.46406317,0.90246481,0.10498276,0.41777498,0
1.9975863,1.969687,-0.022821665,0.90246481,0.10498276,0.41777498,0
-1.5066977,2.0700986,1.1083604,-0.43038726,0.17921808,0.88467377,0
1.5637975,-1.8923334,0.58371079,0.018002667,-0.97819197,0.20692125,0
0.61618328,-1.6233668,1.9376581,0.018002667,-0.97819197,0.20692125,0
1.3742739,2.2340577,1.2572047,0.90246481,0.10498276,0.41777498,0
-1.0415235,-0.39063028,-2.4392371,-0.90246481,-0.10498276,-0.41777498,0
-0.10428226,2.1156023,0.34478104,-0.018002667,0.97819197,-0.20692125,0
0.28213304,-2.1505492,-0.52546108,0.018002667,-0.97819197,0.20692125,0
2.2144918,1.9320637,-0.48192108,0.90246481,0.10498276,0.41777498,0
0.85367072,-1.1643746,-1.6095356,0.43038726,-0.17921808,-0.88467377,0
-1.8971546,2.0115006,0.0086387396,-0.018002667,0.97819197,-0.20692125,0
-0.70522624,-2.4528389,-1.8685913,0.018002667,-0.97819197,0.20692125,0
0.23070979,-1.6426513,1.8800309,0.018002667,-0.97819197,0.20692125,0
2.3639193,-0.30513638,-1.0488762,0.43038726,-0.17921808,-0.88467377,0
-0.29292697,0.50913858,-2.5063691,0.43038726,-0.17921808,-0.88467377,0
-1.2712623,-2.1227708,-0.25899369,0.018002667,-0.97819197,0.20692125,0
2.5131276,-0.28623843,-0.5695864,0.90246481,0.10498276,0.41777498,0
-0.2580691,-0.28760552,-2.3280058,0.43038726,-0.17921808,-0.88467377,0
2.2251627,1.8790076,-0.97635603,-0.018002667,0.97819197,-0.20692125,0
-0.061664343,-0.54795587,-2.1797142,0.43038726,-0.17921808,-0.88467377,0
0.70808101,-2.305516,-1.4491905,0.43038726,-0.17921808,-0.88467377,0
-0.39583904,1.9046365,-0.62716454,-0.018002667,0.97819197,-0.20692125,0
-0.5686909,-0.22026713,2.0286784,-0.43038726,0.17921808,0.88467377,0
-2.5627699,-1.6540892,1.1644077,-0.90246481,-0.10498276,-0.41777498,0
1.118372,2.0570028,-0.038614154,-0.018002667,0.97819197,-0.20692125,0
-1.4689249,-1.6799437,1.851609,0.018002667,-0.97819197,0.20692125,0
-2.6218953,-0.92942858,1.1100286,-0.90246481,-0.10498276,-0.41777498,0
1.8591965,0.10422602,-1.377349,0.43038726,-0.17921808,-0.88467377,0
0.7737872,-1.9760671,0.25660446,0.018002667,-0.97819197,0.20692125,0
-0.48940921,-0.009061791,-2.4969785,0.43038726,-0.17921808,-0.88467377,0
-2.4033203,-1.3720998,0.74910831,-0.90246481,-0.10498276,-0.41777498,0
1.3730057,0.7634896,-1.7474318,0.43038726,-0.17921808,-0.88467377,0
1.7454567,2.1413774,0.47867632,0.90246481,0.10498276,0.41777498,0
-0.95425141,-2.4442673,-1.8064042,0.018002667,-0.97819197,0.20692125,0
-0.23166883,2.16978,0.61198175,-0.018002667,0.97819197,-0.20692125,0
1.1171733,0.70716888,-1.8604829,0.43038726,-0.17921808,-0.88467377,0
0.14583048,2.0543776,0.033589214,-0.018002667,0.97819197,-0.20692125,0
1.8563627,-1.0589904,1.0433221,0.90246481,0.10498276,0.41777498,0
2.3135622,1.1386964,-0.49656397,0.90246481,0.10498276,0.41777498,0
-1.0197555,-1.6650316,1.8830246,0.018002667,-0.97819197,0.20692125,0
0.23800954,1.9578687,-0.43066365,-0.018002667,0.97819197,-0.20692125,0
0.25328279,-0.56341732,-2.0233626,0.43038726,-0.17921808,-0.88467377,0
2.2874336,1.2399805,-0.46557313,0.90246481,0.10498276,0.41777498,0
1.113167,1.9074481,-0.7451607,-0.018002667,0.97819197,-0.20692125,0
1.9786067,-1.8693448,0.65629679,0.018002667,-0.97819197,0.20692125,0
-0.023598433,0.087823898,2.2314484,-0.43038726,0.17921808,0.88467377,0
-1.3496507,1.8231138,-0.92956835,-0.018002667,0.97819197,-0.20692125,0
-1.3375089,0.22710258,-1.9550887,-0.90246481,-0.10498276,-0.41777498,0
0.54263914,-2.2242148,-0.89636916,0.018002667,-0.97819197,0.20692125,0
-0.7987802,0.69415623,1.7314968,-0.43038726,0.17921808,0.88467377,0
-2.4737234,-0.065180898,1.0704765,-0.43038726,0.17921808,0.88467377,0
0.92964125,-0.61558497,-1.6837509,0.43038726,-0.17921808,-0.88467377,0
1.0821085,-0.2218709,2.505482,0.90246481,0.10498276,0.41777498,0
-0.92131662,0.23084444,-2.7556987,0.43038726,-0.17921808,-0.88467377,0
-2.0473561,0.51950502,-0.4951762,-0.90246481,-0.10498276,-0.41777498,0
-1.4277878,1.705197,-1.4802058,-0.018002667,0.97819197,-0.20692125,0
0.041158825,-1.8686951,0.82793093,0.018002667,-0.97819197,0.20692125,0
-1.5142149,1.4707811,1.2261138,-0.43038726,0.17921808,0.88467377,0
-1.3213394,-2.0040293,0.30669689,0.018002667,-0.97819197,0.20692125,0
1.4237887,-2.024457,-0.028703958,0.018002667,-0.97819197,0.20692125,0
1.9012516,-0.97589076,0.92547226,0.90246481,0.10498276,0.41777498,0
-1.1312385,0.042580441,-2.3542993,-0.90246481,-0.10498276,-0.41777498,0
1.6112806,0.048696473,-1.4867092,0.43038726,-0.17921808,-0.88467377,0
-1.1459512,-1.3095331,1.9685102,-0.43038726,0.17921808,0.88467377,0
1.8804387,-0.99274594,-1.1447895,0.43038726,-0.17921808,-0.88467377,0
0.41318583,-0.41531277,-1.9755739,0.43038726,-0.17921808,-0.88467377,0
0.15948343,0.16188355,2.3055134,-0.43038726,0.17921808,0.88467377,0
1.1652912,-0.37517956,-1.6178105,0.43038726,-0.17921808,-0.88467377,0
0.83417439,-0.55611253,2.7791977,-0.43038726,0.17921808,0.88467377,0
1.6397376,-0.5944615,-1.3425735,0.43038726,-0.17921808,-0.88467377,0
1.195317,-0.47685251,2.3250074,0.90246481,0.10498276,0.41777498,0
-0.41462564,1.0883296,-2.6829076,0.43038726,-0.17921808,-0.88467377,0
0.014408112,-0.7334516,2.4163132,-0.43038726,0.17921808,0.88467377,0
-1.3190291,0.8280614,-2.1460238,-0.90246481,-0.10498276,-0.41777498,0
-0.47736585,-0.8826021,-2.3141568,0.43038726,-0.17921808,-0.88467377,0
0.79856801,-2.0312102,-0.0062330216,0.018002667,-0.97819197,0.20692125,0
-2.4322605,-1.8020231,1.3583074,0.018002667,-0.97819197,0.20692125,0
2.500926,0.046373188,-0.62681156,0.90246481,0.10498276,0.41777498,0
0.27667683,-1.5777643,2.182776,0.018002667,-0.97819197,0.20692125,0
-1.1517498,-2.1047103,-0.18401289,0.018002667,-0.97819197,0.20692125,0
0.13181758,0.22158228,-2.2414804,0.43038726,-0.17921808,-0.88467377,0
-1.8932569,2.1686945,0.75141197,-0.018002667,0.97819197,-0.20692125,0
-2.600904,-0.25194281,0.89443904,-0.90246481,-0.10498276,-0.41777498,0
-0.70124441,1.6553707,-1.7789638,-0.018002667,0.97819197,-0.20692125,0
2.4286766,0.35968745,-0.54947245,0.90246481,0.10498276,0.41777498,0
0.060874939,0.6004045,-2.3527355,0.43038726,-0.17921808,-0.88467377,0
0.18011904,-2.2186797,-1.7236316,0.43038726,-0.17921808,-0.88467377,0
-1.6991413,-1.7953432,1.326103,0.018002667,-0.97819197,0.20692125,0
2.2426367,-0.64895767,0.10586774,0.90246481,0.10498276,0.41777498,0
0.36558652,-0.073441625,2.4534533,-0.43038726,0.17921808,0.88467377,0
0.28666586,1.8342303,-1.0193797,-0.018002667,0.97819197,-0.20692125,0
1.0204107,-1.3103839,-1.4988393,0.43038726,-0.17921808,-0.88467377,0
-0.97407472,-0.27287883,-2.6145279,-0.90246481,-0.10498276,-0.41777498,0
0.20243216,-0.61061567,-2.0385394,0.43038726,-0.17921808,-0.88467377,0
-1.3617013,-1.6235809,-1.4377707,-0.90246481,-0.10498276,-0.41777498,0
1.188199,2.2207205,1.6625096,0.90246481,0.10498276,0.41777498,0
-2.3515439,1.949345,-0.1973834,-0.90246481,-0.10498276,-0.41777498,0
-1.7598457,-1.9743031,0.48537558,0.018002667,-0.97819197,0.20692125,0
-1.1195261,0.85890025,-2.584733,-0.90246481,-0.10498276,-0.41777498,0
-1.9199003,-0.61691785,1.4516789,-0.43038726,0.17921808,0.88467377,0
2.3258376,1.4544699,-0.60243142,0.90246481,0.10498276,0.41777498,0
-1.5106456,-1.7735059,-1.0783504,-0.90246481,-0.10498276,-0.41777498,0
-1.0098146,-2.2621679,-0.94071996,0.018002667,-0.97819197,0.20692125,0
1.1378194,-1.6988962,-1.3630155,0.43038726,-0.17921808,-0.88467377,0
-0.19357777,1.6642642,-1.7810895,-0.018002667,0.97819197,-0.20692125,0
0.80143082,-2.1197395,-1.4414114,0.43038726,-0.17921808,-0.88467377,0
0.76192838,1.9662998,-0.43638873,-0.018002667,0.97819197,-0.20692125,0
-1.9582282,1.6775595,-0.97871542,-0.90246481,-0.10498276,-0.41777498,0
1.3079894,2.132144,0.30010921,-0.018002667,0.97819197,-0.20692125,0
-1.1734645,-1.7733098,-1.8067685,-0.90246481,-0.10498276,-0.41777498,0
0.95767915,2.4722593,1.9384347,-0.018002667,0.97819197,-0.20692125,0
-0.37983239,1.5149171,1.7690414,-0.43038726,0.17921808,0.88467377,0
1.0195127,-0.085819013,2.6065114,0.90246481,0.10498276,0.41777498,0
-1.1734633,-0.5136236,-2.123318,-0.90246481,-0.10498276,-0.41777498,0
0.13074708,-2.3553281,-1.7199683,0.43038726,-0.17921808,-0.88467377,0
-1.424724,-0.32714218,1.6338754,-0.43038726,0.17921808,0.88467377,0
1.7318448,2.0491304,-0.12920332,-0.018002667,0.97819197,-0.20692125,0
-1.3892492,1.8725772,1.2055123,-0.43038726,0.17921808,0.88467377,0
1.4057589,1.6980749,1.3238791,0.90246481,0.10498276,0.41777498,0
1.557503,-0.2314662,-1.456116,0.43038726,-0.17921808,-0.88467377,0
0.034295857,2.2008612,1.8315523,-0.43038726,0.17921808,0.88467377,0
-0.2569083,-1.7623689,1.3565065,0.018002667,-0.97819197,0.20692125,0
-1.4863589,-0.05325903,-1.5630957,-0.90246481,-0.10498276,-0.41777498,0
-1.0554094,-0.68537229,1.8861148,-0.43038726,0.17921808,0.88467377,0
-1.0193901,-0.20605154,1.8065368,-0.43038726,0.17921808,0.88467377,0
0.18344688,1.6401722,2.017698,-0.43038726,0.17921808,0.88467377,0
2.1649158,-0.25724435,0.17532361,0.90246481,0.10498276,0.41777498,0
-0.96904993,-1.8838282,0.84428275,0.018002667,-0.97819197,0.20692125,0
-0.51610661,1.7741312,1.650233,-0.43038726,0.17921808,0.88467377,0
-0.51687294,-1.3396624,-2.2407851,0.43038726,-0.17921808,-0.88467377,0
-1.0921359,-2.2248969,-1.8689725,-0.90246481,-0.10498276,-0.41777498,0
-1.5497911,0.21494196,1.4632154,-0.43038726,0.17921808,0.88467377,0
0.91803539,1.3926793,2.4252076,-0.43038726,0.17921808,0.88467377,0
-0.074245274,-1.3387994,-2.0256248,0.43038726,-0.17921808,-0.88467377,0
1.2239457,-0.96723002,-1.4693373,0.43038726,-0.17921808,-0.88467377,0
0.46237755,0.29418224,-2.0953729,0.43038726,-0.17921808,-0.88467377,0
1.5982456,-1.2614303,1.6517698,0.90246481,0.10498276,0.41777498,0
-0.97239149,-0.97486329,-2.4417624,-0.90246481,-0.10498276,-0.41777498,0
-0.17723477,1.5211536,-2.4590471,-0.018002667,0.97819197,-0.20692125,0
0.96277881,0.73031235,-1.9402829,0.43038726,-0.17921808,-0.88467377,0
0.62086332,-1.2259755,-1.7103156,0.43038726,-0.17921808,-0.88467377,0
1.5480757,2.0912225,0.085769415,-0.018002667,0.97819197,-0.20692125,0
-2.0559249,0.37641668,-0.44070947,-0.90246481,-0.10498276,-0.41777498,0
-1.4217054,1.1906451,-2.0153389,-0.90246481,-0.10498276,-0.41777498,0
-1.6820655,-1.2870005,-0.83030903,-0.90246481,-0.10498276,-0.41777498,0
2.1065114,-2.0223105,-0.077955723,0.018002667,-0.97819197,0.20692125,0
2.5162427,-0.95128316,-0.40919709,0.90246481,0.10498276,0.41777498,0
-1.7326785,-0.16843385,1.4519064,-0.43038726,0.17921808,0.88467377,0
1.3078316,-0.69762617,2.1374345,0.90246481,0.10498276,0.41777498,0
0.89142144,0.99148297,2.4935346,-0.43038726,0.17921808,0.88467377,0
-1.4841424,2.1237154,0.50318569,-0.018002667,0.97819197,-0.20692125,0
2.0269186,0.62333393,-1.4009151,0.43038726,-0.17921808,-0.88467377,0
-1.9992554,0.64360577,1.1577151,-0.43038726,0.17921808,0.88467377,0
1.7642465,1.8815759,0.50337315,0.90246481,0.10498276,0.41777498,0
-0.91813564,0.81615984,1.6487156,-0.43038726,0.17921808,0.88467377,0
-2.0675426,-0.79572046,-0.12106705,-0.90246481,-0.10498276,-0.41777498,0
-1.1072954,1.873315,-0.71333462,-0.018002667,0.97819197,-0.20692125,0
0.67369872,1.8845901,-0.81498325,-0.018002667,0.97819197,-0.20692125,0
2.0162416,-1.1094456,-1.055081,0.43038726,-0.17921808,-0.88467377,0
0.61732763,-1.8642768,-1.582728,0.43038726,-0.17921808,-0.88467377,0
1.073019,-0.31050903,-1.6758014,0.43038726,-0.17921808,-0.88467377,0
-1.1627636,1.9922935,-0.14605418,-0.018002667,0.97819197,-0.20692125,0
0.55339801,2.4440379,1.8401951,-0.018002667,0.97819197,-0.20692125,0
-1.3028349,-0.11542287,1.6502833,-0.43038726,0.17921808,0.88467377,0
-1.5937738,1.6195239,-1.7514151,-0.90246481,-0.10498276,-0.41777498,0
-1.4341258,-1.1585228,1.7977234,-0.43038726,0.17921808,0.88467377,0
0.17838347,0.6009537,2.2257609,-0.43038726,0.17921808,0.88467377,0
-0.69279981,2.1467705,0.5433265,-0.018002667,0.97819197,-0.20692125,0
0.18404049,2.3089485,1.2337146,-0.018002667,0.97819197,-0.20692125,0
1.4193115,1.745697,1.2826362,0.90246481,0.10498276,0.41777498,0
-0.66891938,1.9508804,-0.38479424,-0.018002667,0.97819197,-0.20692125,0
1.1817536,1.7916545,-1.2985264,-0.018002667,0.97819197,-0.20692125,0
-0.031762481,-1.2321211,2.4948726,-0.43038726,0.17921808,0.88467377,0
-1.7904947,-1.7173032,-0.48795271,-0.90246481,-0.10498276,-0.41777498,0
1.4771767,1.8198422,-1.190975,-0.018002667,0.97819197,-0.20692125,0
1.7350504,-1.9200402,0.43783104,0.018002667,-0.97819197,0.20692125,0
-1.2275878,-0.76949787,-1.9421011,-0.90246481,-0.10498276,-0.41777498,0
-0.00025695562,-1.6972086,1.6422133,0.018002667,-0.97819197,0.20692125,0
-2.3235922,1.0559491,-0.03326273,-0.90246481,-0.10498276,-0.41777498,0
-2.5947852,-1.5847155,1.216134,-0.90246481,-0.10498276,-0.41777498,0
1.3938894,0.33045992,1.6931876,0.90246481,0.10498276,0.41777498,0
1.0559589,-0.1730853,2.5497108,0.90246481,0.10498276,0.41777498,0
0.49327135,-1.8562516,-1.6447062,0.43038726,-0.17921808,-0.88467377,0
2.2734935,-1.8347905,-0.78298885,0.43038726,-0.17921808,-0.88467377,0
1.6332339,1.1504734,0.97010112,0.90246481,0.10498276,0.41777498,0
0.00043618679,1.7483009,-1.4006971,-0.018002667,0.97819197,-0.20692125,0
-1.1990769,1.9245617,-0.46308744,-0.018002667,0.97819197,-0.20692125,0
-1.2305284,-0.66494644,-1.9620221,-0.90246481,-0.10498276,-0.41777498,0
1.4016174,0.61523354,-1.7034786,0.43038726,-0.17921808,-0.88467377,0
1.5105774,-0.81540781,-1.3606495,0.43038726,-0.17921808,-0.88467377,0
0.69508779,1.9128642,2.2113655,-0.43038726,0.17921808,0.88467377,0
2.1074333,2.0077162,-0.26966679,0.90246481,0.10498276,0.41777498,0
1.3510458,-1.0595348,2.1350288,0.90246481,0.10498276,0.41777498,0
-0.19827026,-0.61531353,-2.2325265,0.43038726,-0.17921808,-0.88467377,0
0.93986338,1.7722814,-1.3690652,-0.018002667,0.97819197,-0.20692125,0
2.5730245,-0.70364046,-0.59408516,0.90246481,0.10498276,0.41777498,0
-1.0611937,0.38988563,-2.5928826,-0.90246481,-0.10498276,-0.41777498,0
1.5620669,0.56573486,1.2707731,0.90246481,0.10498276,0.41777498,0
-0.85134888,-1.9756398,0.40001434,0.018002667,-0.97819197,0.20692125,0
0.14856654,-1.6916516,1.6555351,0.018002667,-0.97819197,0.20692125,0
0.93367064,-1.9025834,-1.4210693,0.43038726,-0.17921808,-0.88467377,0
-1.140113,1.8560101,-0.7922861,-0.018002667,0.97819197,-0.20692125,0
0.63061237,-1.7349381,-1.6024666,0.43038726,-0.17921808,-0.88467377,0
0.58536804,-0.52044541,2.6509299,-0.43038726,0.17921808,0.88467377,0
0.30115956,-1.6441033,1.8670373,0.018002667,-0.97819197,0.20692125,0
1.2612557,-2.1597307,-0.6540513,0.018002667,-0.97819197,0.20692125,0
-0.52799505,2.2040467,1.5573567,-0.43038726,0.17921808,0.88467377,0
-2.2237234,1.7623458,-0.42650712,-0.90246481,-0.10498276,-0.41777498,0
-2.5947833,-0.3800211,0.91340196,-0.90246481,-0.10498276,-0.41777498,0
0.22850198,2.0330153,-0.074590594,-0.018002667,0.97819197,-0.20692125,0
0.83354765,-1.9016384,0.60325646,0.018002667,-0.97819197,0.20692125,0
-0.33357638,-0.21924132,-2.3785887,0.43038726,-0.17921808,-0.88467377,0
1.9824337,-0.5382362,0.64012682,0.90246481,0.10498276,0.41777498,0
-0.66437089,1.3424401,1.665556,-0.43038726,0.17921808,0.88467377,0
-2.5111351,1.0642554,0.36977458,-0.90246481,-0.10498276,-0.41777498,0
-0.30660552,2.3182297,1.3202772,-0.018002667,0.97819197,-0.20692125,0
1.607352,0.64313364,1.1535001,0.90246481,0.10498276,0.41777498,0
2.187937,-0.43485242,-1.1082124,0.43038726,-0.17921808,-0.88467377,0
2.3447733,-1.9156325,-0.73193467,0.43038726,-0.17921808,-0.88467377,0
0.2474916,1.5542703,-2.3394446,-0.018002667,0.97819197,-0.20692125,0
1.5469198,-1.8283021,0.88787812,0.018002667,-0.97819197,0.20692125,0
0.72309375,0.18184419,-1.9457787,0.43038726,-0.17921808,-0.88467377,0
-1.0149621,-2.2452712,-2.0305614,-0.90246481,-0.10498276,-0.41777498,0
1.429419,-1.9488077,0.3284272,0.018002667,-0.97819197,0.20692125,0
1.0710819,2.2761626,1.001549,-0.018002667,0.97819197,-0.20692125,0
2.0026712,1.9802458,-0.036459565,0.90246481,0.10498276,0.41777498,0
2.0512028,-0.41229296,0.45992553,0.90246481,0.10498276,0.41777498,0
-2.2721353,1.177722,-0.17501867,-0.90246481,-0.10498276,-0.41777498,0
-1.3001477,1.0014617,-2.2303843,-0.90246481,-0.10498276,-0.41777498,0
1.6906681,-1.9905101,0.10855567,0.018002667,-0.97819197,0.20692125,0
-2.171175,-0.474751,0.022140265,-0.90246481,-0.10498276,-0.41777498,0
-0.8213945,-0.47727185,-2.5636363,0.43038726,-0.17921808,-0.88467377,0
-1.1040398,1.3420537,-2.7395978,-0.90246481,-0.10498276,-0.41777498,0
-0.35482347,1.0475127,1.8758951,-0.43038726,0.17921808,0.88467377,0
0.67725754,2.3165836,2.1209054,-0.43038726,0.17921808,0.88467377,0
1.0772868,1.6242516,-2.0656707,0.43038726,-0.17921808,-0.88467377,0
-0.79231322,1.7085978,-1.5194168,-0.018002667,0.97819197,-0.20692125,0
-1.0770493,2.0571802,1.3199983,-0.43038726,0.17921808,0.88467377,0
-1.6494592,2.1616707,0.69699728,-0.018002667,0.97819197,-0.20692125,0
-2.5036204,2.0309684,0.15343451,-0.018002667,0.97819197,-0.20692125,0
-1.8031263,-1.0368369,-0.63166046,-0.90246481,-0.10498276,-0.41777498,0
1.9487872,0.83612072,-1.4820318,0.43038726,-0.17921808,-0.88467377,0
1.7036058,-0.1926498,-1.3929017,0.43038726,-0.17921808,-0.88467377,0
1.5073231,-0.07555341,1.5501786,0.90246481,0.10498276,0.41777498,0
0.23522598,-2.3310764,-1.3747976,0.018002667,-0.97819197,0.20692125,0
1.7313974,-0.35147002,1.1354752,0.90246481,0.10498276,0.41777498,0
-0.99604535,1.4364469,-2.7882478,-0.018002667,0.97819197,-0.20692125,0
-1.312179,1.37638,-2.2986078,-0.90246481,-0.10498276,-0.41777498,0
-1.6962239,-2.133311,-0.27184844,0.018002667,-0.97819197,0.20692125,0
-2.11728,-1.7547299,1.5544753,0.018002667,-0.97819197,0.20692125,0
1.5912563,0.80663884,1.1471823,0.90246481,0.10498276,0.41777498,0
-1.1851557,-1.0586569,1.8986146,-0.43038726,0.17921808,0.88467377,0
2.3459859,1.5768789,-1.4388614,0.43038726,-0.17921808,-0.88467377,0
-0.5028348,-2.2260222,-0.81395501,0.018002667,-0.97819197,0.20692125,0
-1.8130901,2.0750813,0.30189466,-0.018002667,0.97819197,-0.20692125,0
0.49716374,-1.9025651,0.62814152,0.018002667,-0.97819197,0.20692125,0
0.16928293,-1.8715307,0.8033793,0.018002667,-0.97819197,0.20692125,0
0.41814208,-0.18897159,-2.0190153,0.43038726,-0.17921808,-0.88467377,0
2.1565056,-1.6304052,-0.88130724,0.43038726,-0.17921808,-0.88467377,0
2.0772834,1.7662297,-1.4966314,-0.018002667,0.97819197,-0.20692125,0
-1.2386503,-1.4550477,-1.7459326,-0.90246481,-0.10498276,-0.41777498,0
0.40396309,-2.3244388,-1.3581004,0.018002667,-0.97819197,0.20692125,0
0.11276549,-2.3003044,-1.2186736,0.018002667,-0.97819197,0.20692125,0
-1.6782836,-1.9577717,-0.66992033,-0.90246481,-0.10498276,-0.41777498,0
-1.9213084,0.70727944,1.1827366,-0.43038726,0.17921808,0.88467377,0
-2.6224351,0.93972492,0.64149487,-0.90246481,-0.10498276,-0.41777498,0
-0.48595417,0.64083105,-2.6269536,0.43038726,-0.17921808,-0.88467377,0
-0.18351114,0.74110198,2.0213103,-0.43038726,0.17921808,0.88467377,0
1.474316,1.6147169,1.196731,0.90246481,0.10498276,0.41777498,0
1.0922339,1.6782324,2.0061324,0.90246481,0.10498276,0.41777498,0
0.96010154,1.0268322,2.4552507,0.90246481,0.10498276,0.41777498,0
0.38504043,-1.971421,0.31238961,0.018002667,-0.97819197,0.20692125,0
-1.7839766,-0.40317476,-0.83226037,-0.90246481,-0.10498276,-0.41777498,0
-1.9472156,-2.0771241,0.015605211,0.018002667,-0.97819197,0.20692125,0
-1.8259889,0.29664835,-0.91736555,-0.90246481,-0.10498276,-0.41777498,0
1.1084151,-2.0912669,-0.31709981,0.018002667,-0.97819197,0.20692125,0
0.69059575,0.4095023,-2.0077078,0.43038726,-0.17921808,-0.88467377,0
-2.175673,-1.9308913,0.72677714,0.018002667,-0.97819197,0.20692125,0
-1.2397455,-1.7021362,1.7267579,0.018002667,-0.97819197,0.20692125,0
2.2936068,-0.16978806,-0.1246475,0.90246481,0.10498276,0.41777498,0
-0.96316218,-0.19590648,1.831836,-0.43038726,0.17921808,0.88467377,0
-2.2827137,1.9871967,-0.072709978,-0.018002667,0.97819197,-0.20692125,0
-0.082842089,2.0522883,0.043607071,-0.018002667,0.97819197,-0.20692125,0
0.62339187,2.2380922,2.1106009,-0.43038726,0.17921808,0.88467377,0
0.54334927,-0.22041756,-1.9517325,0.43038726,-0.17921808,-0.88467377,0
-1.3699148,1.9273069,-0.43524671,-0.018002667,0.97819197,-0.20692125,0
2.0663047,1.8443279,-1.1264772,-0.018002667,0.97819197,-0.20692125,0
-1.6927263,-1.8539833,-0.66480255,-0.90246481,-0.10498276,-0.41777498,0
-1.0975106,-1.8651185,-1.9477713,-0.90246481,-0.10498276,-0.41777498,0
0.85509753,-1.4675467,2.6534908,0.018002667,-0.97819197,0.20692125,0
0.14690489,-2.2168479,-1.7401609,0.43038726,-0.17921808,-0.88467377,0
0.19126679,-2.0697961,-0.13580671,0.018002667,-0.97819197,0.20692125,0
2.3076181,1.4144995,-0.55303013,0.90246481,0.10498276,0.41777498,0
-1.9580331,1.0165606,-0.8130343,-0.90246481,-0.10498276,-0.41777498,0
-1.3054025,-1.6976504,1.7536753,0.018002667,-0.97819197,0.20692125,0
1.620953,-1.0537608,-1.2586668,0.43038726,-0.17921808,-0.88467377,0
-0.18290222,2.2010794,0.75570214,-0.018002667,0.97819197,-0.20692125,0
-1.631416,-1.6668193,-0.84427559,-0.90246481,-0.10498276,-0.41777498,0
-0.85154164,1.4106995,-2.9225373,-0.018002667,0.97819197,-0.20692125,0
-2.2848573,1.1855448,0.90898538,-0.43038726,0.17921808,0.88467377,0
-0.97214371,-1.8854942,-2.2134647,-0.90246481,-0.10498276,-0.41777498,0
2.0493071,1.2774523,0.039403558,0.90246481,0.10498276,0.41777498,0
0.2020357,-1.8171203,1.0577471,0.018002667,-0.97819197,0.20692125,0
2.0514271,-1.7099801,0.78553677,0.90246481,0.10498276,0.41777498,0
2.3479159,-1.6480479,0.12950802,0.90246481,0.10498276,0.41777498,0
0.43524909,-0.8588627,-1.8749856,0.43038726,-0.17921808,-0.88467377,0
-2.382889,0.39720616,0.26036441,-0.90246481,-0.10498276,-0.41777498,0
-0.59042037,1.5723604,-2.1810255,-0.018002667,0.97819197,-0.20692125,0
-0.94697142,-2.178211,-0.54929334,0.018002667,-0.97819197,0.20692125,0
-1.7743026,1.4274359,-1.3131723,-0.90246481,-0.10498276,-0.41777498,0
1.2626793,-1.7086679,1.4781625,0.018002667,-0.97819197,0.20692125,0
-0.68606508,0.49102986,1.8274814,-0.43038726,0.17921808,0.88467377,0
1.1661038,2.0996904,1.7406527,0.90246481,0.10498276,0.41777498,0
0.33578029,1.8819319,-0.79815078,-0.018002667,0.97819197,-0.20692125,0
0.090381503,1.5953128,-2.1317527,-0.018002667,0.97819197,-0.20692125,0
1.6690683,-0.12639609,-1.4231255,0.43038726,-0.17921808,-0.88467377,0
-1.2009511,1.0638531,-2.4603438,-0.90246481,-0.10498276,-0.41777498,0
1.710392,0.89622545,-1.6101854,0.43038726,-0.17921808,-0.88467377,0
-1.3981566,1.7297624,1.2301105,-0.43038726,0.17921808,0.88467377,0
2.2781346,-2.1323299,-0.61298925,0.018002667,-0.97819197,0.20692125,0
-1.63499,-0.91837096,1.6513543,-0.43038726,0.17921808,0.88467377,0
1.2075371,2.0311136,-0.16875929,-0.018002667,0.97819197,-0.20692125,0
2.2134063,1.8047429,-0.44758117,0.90246481,0.10498276,0.41777498,0
1.1567183,-0.14877707,-1.6678461,0.43038726,-0.17921808,-0.88467377,0
-2.0367172,-0.14218849,-0.35188091,-0.90246481,-0.10498276,-0.41777498,0
-0.82690704,-1.47576,-2.3640435,0.43038726,-0.17921808,-0.88467377,0
1.467607,2.0900114,0.087044597,-0.018002667,0.97819197,-0.20692125,0
0.51032752,2.0939474,0.18893743,-0.018002667,0.97819197,-0.20692125,0
1.755927,0.44585395,0.88212752,0.90246481,0.10498276,0.41777498,0
-1.4625278,-0.22934878,-1.5703253,-0.90246481,-0.10498276,-0.41777498,0
-0.059157014,1.8302586,1.8611653,-0.43038726,0.17921808,0.88467377,0
-1.5921376,1.8314203,1.1151463,-0.43038726,0.17921808,0.88467377,0
-1.6321414,1.7779588,-1.1184554,-0.018002667,0.97819197,-0.20692125,0
-0.44140399,-1.5336677,2.3566723,-0.43038726,0.17921808,0.88467377,0
1.013049,2.3698664,2.0033846,0.90246481,0.10498276,0.41777498,0
-1.8650357,-1.2081616,-0.4548738,-0.90246481,-0.10498276,-0.41777498,0
0.15009862,0.76229739,2.1793151,-0.43038726,0.17921808,0.88467377,0
-1.9469798,0.56456017,1.1991599,-0.43038726,0.17921808,0.88467377,0
1.5131489,1.0095904,1.2649081,0.90246481,0.10498276,0.41777498,0
-0.50303197,-1.9725665,0.38423979,0.018002667,-0.97819197,0.20692125,0
-1.1014546,1.8739642,-0.71077418,-0.018002667,0.97819197,-0.20692125,0
-1.3652382,-1.8537972,-1.3722792,-0.90246481,-0.10498276,-0.41777498,0
-0.46641076,1.7090044,1.6876032,-0.43038726,0.17921808,0.88467377,0
-1.1588707,-0.0095493495,-2.2815094,-0.90246481,-0.10498276,-0.41777498,0
-0.20947385,0.47659218,2.0622644,-0.43038726,0.17921808,0.88467377,0
-1.0521829,-2.2057621,-0.67038423,0.018002667,-0.97819197,0.20692125,0
1.2760149,-2.0732923,-0.24671006,0.018002667,-0.97819197,0.20692125,0
-1.2207029,-1.2589245,-1.8339856,-0.90246481,-0.10498276,-0.41777498,0
0.54879951,1.9634799,-0.43117717,-0.018002667,0.97819197,-0.20692125,0
-0.93783605,1.5234201,-2.3821578,-0.018002667,0.97819197,-0.20692125,0
-1.4963554,-0.20521583,-1.5033158,-0.90246481,-0.10498276,-0.41777498,0
-1.2399834,-1.859702,0.98190725,0.018002667,-0.97819197,0.20692125,0
-0.52940607,-2.1273408,-2.0873137,0.43038726,-0.17921808,-0.88467377,0
2.6543121,-2.0746112,-0.54914027,0.43038726,-0.17921808,-0.88467377,0
0.087536797,-1.9819522,0.28848833,0.018002667,-0.97819197,0.20692125,0
-0.43479747,-2.3479261,-1.9966009,0.43038726,-0.17921808,-0.88467377,0
-1.3801254,1.2303185,-2.1151283,-0.90246481,-0.10498276,-0.41777498,0
1.4062955,1.3357118,1.4137783,0.90246481,0.10498276,0.41777498,0
0.14194691,1.5238526,-2.4740574,-0.018002667,0.97819197,-0.20692125,0
-2.0389471,-0.23258203,1.3159044,-0.43038726,0.17921808,0.88467377,0
0.43513143,-0.8665815,2.6479616,-0.43038726,0.17921808,0.88467377,0
-0.6124053,-1.9394749,-2.1657503,0.43038726,-0.17921808,-0.88467377,0
-1.6304144,1.9950175,-0.092489481,-0.018002667,0.97819197,-0.20692125,0
-0.33899212,1.4747919,-2.6641426,-0.018002667,0.97819197,-0.20692125,0
0.47449097,2.16379,0.52222753,-0.018002667,0.97819197,-0.20692125,0
1.770521,-0.75773734,-1.2458718,0.43038726,-0.17921808,-0.88467377,0
0.15138853,-1.9782262,0.30054751,0.018002667,-0.97819197,0.20692125,0
1.9225674,-0.57436752,-1.2090495,0.43038726,-0.17921808,-0.88467377,0
-1.6862752,0.8533957,-1.3590761,-0.90246481,-0.10498276,-0.41777498,0
-1.9900357,-1.4110273,-0.13387454,-0.90246481,-0.10498276,-0.41777498,0
-1.1058221,2.0556276,0.14839512,-0.018002667,0.97819197,-0.20692125,0
2.096652,-0.065053783,0.2744894,0.90246481,0.10498276,0.41777498,0
0.49185044,2.1521604,0.46574014,-0.018002667,0.97819197,-0.20692125,0
-2.429143,0.83727711,0.24969453,-0.90246481,-0.10498276,-0.41777498,0
-0.95930934,1.4588711,-2.6854365,-0.018002667,0.97819197,-0.20692125,0
-2.310498,-0.33897489,0.28898245,-0.90246481,-0.10498276,-0.41777498,0
0.75924265,0.98503643,2.4305365,-0.43038726,0.17921808,0.88467377,0
-1.042323,-1.0538889,-2.2708399,-0.90246481,-0.10498276,-0.41777498,0
0.72816992,2.494627,2.0641427,-0.018002667,0.97819197,-0.20692125,0
1.6392879,-0.40421668,1.3477018,0.90246481,0.10498276,0.41777498,0
-1.0289342,-0.22189343,-2.5088341,-0.90246481,-0.10498276,-0.41777498,0
-1.7608323,-0.28040001,1.4608922,-0.43038726,0.17921808,0.88467377,0
-1.1956004,-0.069837563,-2.187017,-0.90246481,-0.10498276,-0.41777498,0
-1.775497,0.73811096,-1.1373719,-0.90246481,-0.10498276,-0.41777498,0
0.38192272,2.1144421,0.2969957,-0.018002667,0.97819197,-0.20692125,0
2.5565329,1.3544066,-1.0756277,0.90246481,0.10498276,0.41777498,0
-0.89104545,-0.53381765,1.9353747,-0.43038726,0.17921808,0.88467377,0
1.1355908,0.19514561,2.2851596,0.90246481,0.10498276,0.41777498,0
-1.1143169,1.2509445,1.4651958,-0.43038726,0.17921808,0.88467377,0
-2.43332,1.3364314,0.13328558,-0.90246481,-0.10498276,-0.41777498,0
-1.4237566,0.73784417,-1.8971237,-0.90246481,-0.10498276,-0.41777498,0
-1.5424078,-1.6830469,-1.0324708,-0.90246481,-0.10498276,-0.41777498,0
-2.5999184,-1.8069456,1.3496243,0.018002667,-0.97819197,0.20692125,0
1.0149064,-1.9727134,-1.3673416,0.43038726,-0.17921808,-0.88467377,0
0.61108488,1.970805,2.158761,-0.43038726,0.17921808,0.88467377,0
1.6218216,1.972505,-0.48186722,-0.018002667,0.97819197,-0.20692125,0
-0.59203899,1.4969461,-2.537396,-0.018002667,0.97819197,-0.20692125,0
-1.5266773,-1.7888733,1.3416834,0.018002667,-0.97819197,0.20692125,0
2.0073447,2.0360546,-0.21498621,-0.018002667,0.97819197,-0.20692125,0
-1.9286168,2.0381255,0.13724208,-0.018002667,0.97819197,-0.20692125,0
2.1465712,1.7257507,-1.5660335,0.43038726,-0.17921808,-0.88467377,0
1.625772,0.29944894,1.2000746,0.90246481,0.10498276,0.41777498,0
0.91707355,-2.1291251,-1.3832506,0.43038726,-0.17921808,-0.88467377,0
0.015683234,-1.7742707,1.2765265,0.018002667,-0.97819197,0.20692125,0
1.4607069,0.18956417,1.5842561,0.90246481,0.10498276,0.41777498,0
2.6399121,-1.4946507,-0.53980106,0.90246481,0.10498276,0.41777498,0
-0.65322608,-0.46449667,-2.4844117,0.43038726,-0.17921808,-0.88467377,0
-0.22561455,-0.27923661,-2.3139122,0.43038726,-0.17921808,-0.88467377,0
2.2402821,-2.1138778,-0.74260831,0.43038726,-0.17921808,-0.88467377,0
-2.5388398,1.7505181,0.67097187,-0.43038726,0.17921808,0.88467377,0
-1.4145656,-2.2435255,-0.81737697,0.018002667,-0.97819197,0.20692125,0
-0.82952976,-1.7254086,1.5810502,0.018002667,-0.97819197,0.20692125,0
-1.2931534,-0.50288099,-1.8674664,-0.90246481,-0.10498276,-0.41777498,0
1.8681827,-0.39255372,-1.2723393,0.43038726,-0.17921808,-0.88467377,0
-1.2876344,1.6633061,-1.6904333,-0.018002667,0.97819197,-0.20692125,0
-2.5159037,1.2452135,0.78449529,-0.43038726,0.17921808,0.88467377,0
2.2428017,0.2794528,-0.12778938,0.90246481,0.10498276,0.41777498,0
-0.69210452,-2.3891981,-1.5688801,0.018002667,-0.97819197,0.20692125,0
-0.46172214,-1.4894012,-2.1836205,0.43038726,-0.17921808,-0.88467377,0
-1.4657345,-2.2282252,-0.7405951,0.018002667,-0.97819197,0.20692125,0
1.0938203,1.1373032,2.1386356,0.90246481,0.10498276,0.41777498,0
-1.9168392,1.005131,-0.89914787,-0.90246481,-0.10498276,-0.41777498,0
0.052209079,-1.775897,1.26566,0.018002667,-0.97819197,0.20692125,0
-1.2649717,-2.2631755,-0.92328393,0.018002667,-0.97819197,0.20692125,0
1.6444728,0.21904936,-1.5050718,0.43038726,-0.17921808,-0.88467377,0
-2.6026952,0.1021553,0.80932629,-0.90246481,-0.10498276,-0.41777498,0
-0.68873674,-2.1317384,-0.35206765,0.018002667,-0.97819197,0.20692125,0
1.3892186,-1.0479074,2.0496471,0.90246481,0.10498276,0.41777498,0
-2.5073788,-0.37460709,0.72323263,-0.90246481,-0.10498276,-0.41777498,0
2.3205631,-1.9688629,0.15608788,0.018002667,-0.97819197,0.20692125,0
-1.4368697,1.7357055,-1.3351905,-0.018002667,0.97819197,-0.20692125,0
-0.74412072,-0.18054245,1.9352857,-0.43038726,0.17921808,0.88467377,0
1.3238262,2.0339289,-0.16556728,-0.018002667,0.97819197,-0.20692125,0
-0.83071876,-0.43712473,1.945135,-0.43038726,0.17921808,0.88467377,0
-1.2912915,-1.8671362,-1.5286649,-0.90246481,-0.10498276,-0.41777498,0
-1.5116379,1.925974,-0.42921728,-0.018002667,0.97819197,-0.20692125,0
2.5712209,0.9156999,-0.99711359,0.90246481,0.10498276,0.41777498,0
-2.6136937,-1.2916675,1.2508448,-0.43038726,0.17921808,0.88467377,0
-2.3205342,-0.1113807,1.1543612,-0.43038726,0.17921808,0.88467377,0
2.2707791,1.1563097,-1.3902495,0.43038726,-0.17921808,-0.88467377,0
-0.45309591,-1.8288685,1.0592074,0.018002667,-0.97819197,0.20692125,0
1.0446146,-1.7619699,1.2451568,0.018002667,-0.97819197,0.20692125,0
-0.65613735,2.0365624,0.019143753,-0.018002667,0.97819197,-0.20692125,0
1.3003322,1.7915293,-1.3094354,-0.018002667,0.97819197,-0.20692125,0
-1.9359115,-0.20806032,-0.55308521,-0.90246481,-0.10498276,-0.41777498,0
1.5376468,1.940405,-0.62629193,-0.018002667,0.97819197,-0.20692125,0
0.18059945,0.50124568,2.2470379,-0.43038726,0.17921808,0.88467377,0
0.65123957,0.71437961,2.4328239,-0.43038726,0.17921808,0.88467377,0
0.27929568,0.42781246,-2.2115116,0.43038726,-0.17921808,-0.88467377,0
-1.5559666,1.9887898,-0.12840748,-0.018002667,0.97819197,-0.20692125,0
0.52871442,-2.1872056,-0.72020233,0.018002667,-0.97819197,0.20692125,0
1.3833127,-1.7431455,1.3046794,0.018002667,-0.97819197,0.20692125,0
-0.82851386,1.779717,-1.1800611,-0.018002667,0.97819197,-0.20692125,0
1.9735042,-1.4685467,0.89319384,0.90246481,0.10498276,0.41777498,0
-0.73755497,2.2660782,1.1112319,-0.018002667,0.97819197,-0.20692125,0
-0.14176583,0.28710997,-2.3878515,0.43038726,-0.17921808,-0.88467377,0
-0.023006082,0.37777179,2.1729989,-0.43038726,0.17921808,0.88467377,0
-1.6297467,-1.5750505,1.786936,-0.43038726,0.17921808,0.88467377,0
0.92119932,0.90457767,2.5256267,-0.43038726,0.17921808,0.88467377,0
-1.6820794,-0.76757443,1.5978973,-0.43038726,0.17921808,0.88467377,0
-0.98361009,-2.3367996,-1.2958125,0.018002667,-0.97819197,0.20692125,0
0.54180068,1.7538532,-1.4215496,-0.018002667,0.97819197,-0.20692125,0
-1.5665014,-1.8161354,-0.9469806,-0.90246481,-0.10498276,-0.41777498,0
-1.2027814,0.28672728,-2.261106,-0.90246481,-0.10498276,-0.41777498,0
1.4349735,1.8550953,-1.0206497,-0.018002667,0.97819197,-0.20692125,0
1.3303313,0.25311926,1.8499185,0.90246481,0.10498276,0.41777498,0
-1.8698174,1.5266143,-1.1317667,-0.90246481,-0.10498276,-0.41777498,0
1.7798345,-1.7786435,1.1023686,0.018002667,-0.97819197,0.20692125,0
1.7902281,0.43518662,0.8107115,0.90246481,0.10498276,0.41777498,0
2.3063064,1.1412895,-0.48154163,0.90246481,0.10498276,0.41777498,0
-0.093178928,2.1322894,0.42270064,-0.018002667,0.97819197,-0.20692125,0
-0.86377072,2.0572362,0.13493994,-0.018002667,0.97819197,-0.20692125,0
0.95143712,-0.71786916,2.8690143,-0.43038726,0.17921808,0.88467377,0
2.1508732,-1.012236,-1.0092765,0.43038726,-0.17921808,-0.88467377,0
0.51349908,2.0166276,-0.17685789,-0.018002667,0.97819197,-0.20692125,0
1.2997682,1.868461,1.5100206,0.90246481,0.10498276,0.41777498,0
0.35663402,-1.7248801,-1.7377926,0.43038726,-0.17921808,-0.88467377,0
2.3670578,1.4555273,-0.69174051,0.90246481,0.10498276,0.41777498,0
0.094073027,-2.2211504,-0.84285736,0.018002667,-0.97819197,0.20692125,0
2.2498765,-1.2239571,0.23471975,0.90246481,0.10498276,0.41777498,0
0.75549501,-2.2956698,-1.2526822,0.018002667,-0.97819197,0.20692125,0
0.11107266,-0.47427645,2.4108357,-0.43038726,0.17921808,0.88467377,0
1.0439396,2.2203574,1.9742256,0.90246481,0.10498276,0.41777498,0
-1.8578053,2.1979675,0.88671243,-0.018002667,0.97819197,-0.20692125,0
-1.6026721,0.61888713,-1.4807429,-0.90246481,-0.10498276,-0.41777498,0
