2.684659,2.110472,3.1175663,0.51563251,0.28025874,0.80967778,0
-2.6875446,0.6380446,-1.0474106,-0.85057408,0.28123569,0.44433102,0
0.18082845,3.0001798,2.9483654,-0.85057408,0.28123569,0.44433102,0
-1.397423,-2.8944361,-3.6659672,-0.51563251,-0.28025874,-0.80967778,0
0.030089974,-0.59527636,-4.0667725,0.85057408,-0.28123569,-0.44433102,0
-4.0372391,-1.6099781,-2.4294329,-0.51563251,-0.28025874,-0.80967778,0
2.3071914,-1.4232187,0.81627774,0.85057408,-0.28123569,-0.44433102,0
-2.9408457,0.13933063,-1.2166435,-0.85057408,0.28123569,0.44433102,0
-0.6400789,-2.0515425,0.13313633,-0.10318267,-0.91780251,0.38339508,0
2.6939611,-1.3008509,2.8274894,-0.10318267,-0.91780251,0.38339508,0
-2.8780096,-2.3640928,-2.9066463,-0.51563251,-0.28025874,-0.80967778,0
-1.7460107,-2.4187868,-3.6086133,-0.51563251,-0.28025874,-0.80967778,0
-2.9535766,0.62969947,-1.5513889,-0.85057408,0.28123569,0.44433102,0
-1.9888504,-2.6433961,-3.3762183,-0.51563251,-0.28025874,-0.80967778,0
-0.14742747,-2.1232762,-3.4394557,0.85057408,-0.28123569,-0.44433102,0
-2.2192156,0.78676414,-0.24502856,-0.85057408,0.28123569,0.44433102,0
1.805192,-0.80083573,-0.53862226,0.85057408,-0.28123569,-0.44433102,0
-0.99043036,-1.900542,-4.2691774,-0.51563251,-0.28025874,-0.80967778,0
-1.3235871,-0.31938529,2.1695836,-0.85057408,0.28123569,0.44433102,0
2.583981,2.1008816,0.5081358,0.10318267,0.91780251,-0.38339508,0
1.7697706,3.0269437,2.5058916,0.10318267,0.91780251,-0.38339508,0
-1.7480085,-2.6769967,-1.6623026,-0.10318267,-0.91780251,0.38339508,0
-3.5628581,-0.26214123,-3.1980708,-0.51563251,-0.28025874,-0.80967778,0
3.9263041,1.4123219,2.5684958,0.51563251,0.28025874,0.80967778,0
-2.058033,1.7136461,-0.52314234,-0.85057408,0.28123569,0.44433102,0
-1.4064261,-3.3245814,-3.1206141,-0.10318267,-0.91780251,0.38339508,0
1.4765166,-0.60692596,-1.2905328,0.85057408,-0.28123569,-0.44433102,0
0.9640106,1.662703,4.3683271,0.51563251,0.28025874,0.80967778,0
-2.3442421,0.98233521,-3.4958587,0.10318267,0.91780251,-0.38339508,0
-0.68829346,-2.7453349,-1.5406964,-0.10318267,-0.91780251,0.38339508,0
1.2296219,2.586565,3.8793945,0.51563251,0.28025874,0.80967778,0
-1.6671246,-0.15418637,-4.4427109,-0.51563251,-0.28025874,-0.80967778,0
-1.6270207,-3.3754604,-3.3017805,-0.10318267,-0.91780251,0.38339508,0
-0.70499372,2.3004382,1.695549,-0.85057408,0.28123569,0.44433102,0
-0.51978755,2.3760405,0.3315202,0.10318267,0.91780251,-0.38339508,0
-0.20108199,-0.64991283,3.6066186,-0.10318267,-0.91780251,0.38339508,0
-0.16215384,1.2078977,-2.3686261,0.10318267,0.91780251,-0.38339508,0
1.7269728,-1.2460265,2.6984875,-0.10318267,-0.91780251,0.38339508,0
1.5919452,-0.84140563,-0.92115802,0.85057408,-0.28123569,-0.44433102,0
1.2712332,0.22616643,4.6699138,0.51563251,0.28025874,0.80967778,0
1.8233486,-0.16155577,-0.90849221,0.85057408,-0.28123569,-0.44433102,0
-1.6642112,0.3423382,-4.6164312,-0.51563251,-0.28025874,-0.80967778,0
2.2085991,-0.19669902,-0.14877158,0.85057408,-0.28123569,-0.44433102,0
-1.9774609,-1.4359596,1.2468412,-0.10318267,-0.91780251,0.38339508,0
-2.8000178,-0.24269259,-0.70526099,-0.85057408,0.28123569,0.44433102,0
3.3772552,0.18718386,3.3422146,0.51563251,0.28025874,0.80967778,0
1.6881995,-1.5521828,-0.28701961,0.85057408,-0.28123569,-0.44433102,0
1.6746398,2.8409176,2.0349641,0.10318267,0.91780251,-0.38339508,0
3.1206908,2.2211938,2.8015604,0.51563251,0.28025874,0.80967778,0
1.2844523,-1.9769328,-0.79106307,0.85057408,-0.28123569,-0.44433102,0
-0.655074,-0.95300913,-4.8107204,-0.51563251,-0.28025874,-0.80967778,0
-0.69060522,-3.0790439,-3.874305,0.85057408,-0.28123569,-0.44433102,0
-2.2907796,0.32336164,-4.2108412,-0.51563251,-0.28025874,-0.80967778,0
2.4003565,1.9772104,3.3447475,0.51563251,0.28025874,0.80967778,0
0.68157816,0.48965901,4.9542236,0.51563251,0.28025874,0.80967778,0
-1.596501,-2.6839643,-3.6120389,-0.51563251,-0.28025874,-0.80967778,0
-2.0658679,-1.304023,1.3718681,-0.85057408,0.28123569,0.44433102,0
-0.60187972,-2.9928491,-3.7590156,0.85057408,-0.28123569,-0.44433102,0
-0.21396732,0.0024476051,4.0900054,-0.85057408,0.28123569,0.44433102,0
-2.57757,-3.034847,-2.7422132,-0.10318267,-0.91780251,0.38339508,0
0.55086839,2.6817405,1.3514739,0.10318267,0.91780251,-0.38339508,0
1.8101689,-0.94579363,3.4396,-0.10318267,-0.91780251,0.38339508,0
1.2935096,1.6194657,4.1734562,0.51563251,0.28025874,0.80967778,0
-2.4410241,-2.4159884,-3.1669717,-0.51563251,-0.28025874,-0.80967778,0
1.7279561,0.77809811,4.1880131,0.51563251,0.28025874,0.80967778,0
-3.3896575,-0.048106432,-3.3824565,-0.51563251,-0.28025874,-0.80967778,0
3.2768602,-0.40907979,2.0306053,0.85057408,-0.28123569,-0.44433102,0
-2.0756783,-3.1820362,-2.9594929,-0.10318267,-0.91780251,0.38339508,0
-1.4627109,-2.9667838,-2.2792366,-0.10318267,-0.91780251,0.38339508,0
1.8606251,1.844943,3.7342505,0.51563251,0.28025874,0.80967778,0
1.0248244,-1.5560502,-1.5544577,0.85057408,-0.28123569,-0.44433102,0
2.6834483,-1.5697138,2.1810343,-0.10318267,-0.91780251,0.38339508,0
-2.4692435,1.2486713,-1.0160129,-0.85057408,0.28123569,0.44433102,0
-2.4502919,-2.6605341,-3.0764234,-0.51563251,-0.28025874,-0.80967778,0
3.3323393,1.7799071,0.7513063,0.85057408,-0.28123569,-0.44433102,0
-2.3878839,-0.61697173,-3.823518,-0.51563251,-0.28025874,-0.80967778,0
3.3225038,0.84900999,1.3216823,0.85057408,-0.28123569,-0.44433102,0
-1.5448232,-3.0071616,-3.5330789,-0.51563251,-0.28025874,-0.80967778,0
-1.3179643,1.1082087,1.2767634,-0.85057408,0.28123569,0.44433102,0
-3.1641874,-2.1263316,-0.72521055,-0.10318267,-0.91780251,0.38339508,0
-2.4226213,-1.9935095,-3.3249264,-0.51563251,-0.28025874,-0.80967778,0
2.0477774,0.9379189,3.929019,0.51563251,0.28025874,0.80967778,0
0.13243568,1.4022057,-1.8241929,0.10318267,0.91780251,-0.38339508,0
-1.808311,-0.71408623,1.4915093,-0.85057408,0.28123569,0.44433102,0
-0.26503742,-2.0973687,0.1243684,-0.10318267,-0.91780251,0.38339508,0
3.640295,0.25875282,3.149929,0.51563251,0.28025874,0.80967778,0
2.2309446,-1.6360575,1.9004331,-0.10318267,-0.91780251,0.38339508,0
0.59917712,-0.65516829,3.8094106,-0.10318267,-0.91780251,0.38339508,0
-2.2096696,-1.7035362,-3.5609119,-0.51563251,-0.28025874,-0.80967778,0
1.0826753,-2.0845542,-1.1092025,0.85057408,-0.28123569,-0.44433102,0
2.6390364,0.17936659,0.43717885,0.85057408,-0.28123569,-0.44433102,0
-1.6071069,-3.0456572,-2.506912,-0.10318267,-0.91780251,0.38339508,0
-1.4706969,2.2089417,-0.32441187,0.10318267,0.91780251,-0.38339508,0
-1.0958788,1.997527,1.1390105,-0.85057408,0.28123569,0.44433102,0
-0.62803566,-2.85554,-3.8959939,0.85057408,-0.28123569,-0.44433102,0
2.6999068,0.74379086,3.5809135,0.51563251,0.28025874,0.80967778,0
-2.4642634,-2.6155334,-3.0831022,-0.51563251,-0.28025874,-0.80967778,0
-2.7902942,0.66755891,-1.2627834,-0.85057408,0.28123569,0.44433102,0
0.45615697,-1.4836724,1.7875788,-0.10318267,-0.91780251,0.38339508,0
3.2291262,1.5300707,0.71185935,0.85057408,-0.28123569,-0.44433102,0
2.7509124,0.82290208,3.5210478,0.51563251,0.28025874,0.80967778,0
1.2496737,2.3553391,0.75817609,0.10318267,0.91780251,-0.38339508,0
1.666683,0.003067255,4.4952993,0.51563251,0.28025874,0.80967778,0
1.3903474,-2.0111935,-0.56666493,0.85057408,-0.28123569,-0.44433102,0
2.5442245,0.42290628,0.10153574,0.85057408,-0.28123569,-0.44433102,0
-0.79635048,-1.3544003,-4.5818143,-0.51563251,-0.28025874,-0.80967778,0
-1.2246079,-1.0265017,-4.4225817,-0.51563251,-0.28025874,-0.80967778,0
3.534497,0.27387619,2.0915227,0.85057408,-0.28123569,-0.44433102,0
-2.1302476,-2.8206229,-3.2248268,-0.51563251,-0.28025874,-0.80967778,0
3.0104213,-0.05257988,3.6588192,0.51563251,0.28025874,0.80967778,0
1.7822121,2.2774422,3.6344833,0.51563251,0.28025874,0.80967778,0
0.33890116,0.150186,-3.9474556,0.85057408,-0.28123569,-0.44433102,0
-0.23404086,-2.7116685,-1.3378508,-0.10318267,-0.91780251,0.38339508,0
-1.9287837,2.0063205,-0.46096891,-0.85057408,0.28123569,0.44433102,0
-3.809267,-1.2694509,-1.9873683,-0.85057408,0.28123569,0.44433102,0
-0.835392,1.6249026,1.8735051,-0.85057408,0.28123569,0.44433102,0
-1.7690346,-1.7540367,-3.8240447,-0.51563251,-0.28025874,-0.80967778,0
-3.2112794,-0.34674668,-3.3926837,-0.51563251,-0.28025874,-0.80967778,0
3.1851845,2.4269698,1.4505533,0.10318267,0.91780251,-0.38339508,0
-0.22703767,-2.3450687,-3.4514701,0.85057408,-0.28123569,-0.44433102,0
-0.31648672,0.33616427,3.6825318,-0.85057408,0.28123569,0.44433102,0
-3.1507928,-0.95177424,-3.2217822,-0.51563251,-0.28025874,-0.80967778,0
1.8558666,-0.668836,4.1149025,-0.10318267,-0.91780251,0.38339508,0
-3.8543913,-2.0223663,-2.4031341,-0.51563251,-0.28025874,-0.80967778,0
0.27295142,-2.0819736,-2.6608746,0.85057408,-0.28123569,-0.44433102,0
-3.8013842,-2.4090152,-2.3030579,-0.51563251,-0.28025874,-0.80967778,0
-1.4716004,0.059908152,-4.6413336,-0.51563251,-0.28025874,-0.80967778,0
0.76789618,3.5336955,3.449362,0.10318267,0.91780251,-0.38339508,0
3.7886214,2.3566117,2.3293242,0.51563251,0.28025874,0.80967778,0
-2.0991743,-2.2538261,-3.4408042,-0.51563251,-0.28025874,-0.80967778,0
-0.98597109,2.2072508,1.2166617,-0.85057408,0.28123569,0.44433102,0
3.4340124,-0.420012,3.516242,0.51563251,0.28025874,0.80967778,0
0.49417281,2.3338394,0.50338149,0.10318267,0.91780251,-0.38339508,0
1.735253,-1.2072113,2.7936354,-0.10318267,-0.91780251,0.38339508,0
-0.16311447,-1.5464789,-3.8345642,0.85057408,-0.28123569,-0.44433102,0
-1.0965123,-0.81305367,-4.5780401,-0.51563251,-0.28025874,-0.80967778,0
-3.5669026,-0.069996595,-2.2825994,-0.85057408,0.28123569,0.44433102,0
-3.6252258,0.63875675,-2.8428464,-0.85057408,0.28123569,0.44433102,0
0.84859937,2.9737041,3.9880407,0.51563251,0.28025874,0.80967778,0
-1.7500867,1.3877263,-2.3654959,0.10318267,0.91780251,-0.38339508,0
-2.7527633,-2.6384926,-1.8405368,-0.10318267,-0.91780251,0.38339508,0
-0.9805128,1.2127399,-2.5772781,0.10318267,0.91780251,-0.38339508,0
0.90005744,0.073470861,4.9591455,0.51563251,0.28025874,0.80967778,0
-2.9633329,0.14431262,-1.2628435,-0.85057408,0.28123569,0.44433102,0
2.9690745,1.8535492,0.019691288,0.10318267,0.91780251,-0.38339508,0
1.5417498,-0.18027568,-1.435703,0.85057408,-0.28123569,-0.44433102,0
-0.63858473,0.34733114,-4.556942,0.10318267,0.91780251,-0.38339508,0
0.30325139,3.2842753,3.0029013,-0.85057408,0.28123569,0.44433102,0
0.31300581,2.6593962,1.2339691,0.10318267,0.91780251,-0.38339508,0
-1.1287413,-1.8604105,0.45917064,-0.10318267,-0.91780251,0.38339508,0
-3.5916743,-2.28176,-1.2123365,-0.10318267,-0.91780251,0.38339508,0
-2.5694051,0.33959413,-4.0390205,-0.51563251,-0.28025874,-0.80967778,0
-0.90587556,-0.84844244,2.9416823,-0.10318267,-0.91780251,0.38339508,0
3.1920762,1.6087761,2.9680791,0.51563251,0.28025874,0.80967778,0
0.48245582,-2.3024049,-2.1203043,0.85057408,-0.28123569,-0.44433102,0
-3.5593708,0.31101441,-3.3986816,-0.51563251,-0.28025874,-0.80967778,0
-3.7277918,-0.22647619,-2.4915442,-0.85057408,0.28123569,0.44433102,0
3.9087212,0.59957719,2.8610137,0.51563251,0.28025874,0.80967778,0
-0.41625226,0.89584059,3.13731,-0.85057408,0.28123569,0.44433102,0
2.4179807,0.45084906,3.8618522,0.51563251,0.28025874,0.80967778,0
2.5790033,0.89907014,3.6041617,0.51563251,0.28025874,0.80967778,0
0.90109998,-0.46785885,-2.480063,0.85057408,-0.28123569,-0.44433102,0
0.49800706,-2.4932325,-1.9697521,0.85057408,-0.28123569,-0.44433102,0
0.80873191,1.6474481,4.4724951,0.51563251,0.28025874,0.80967778,0
-0.33983326,-3.3003325,-2.7755141,-0.10318267,-0.91780251,0.38339508,0
3.6393108,-0.11834741,2.5404205,0.85057408,-0.28123569,-0.44433102,0
-2.5804377,-2.8196983,-2.9384494,-0.51563251,-0.28025874,-0.80967778,0
0.77586448,-0.17975357,4.9950485,-0.10318267,-0.91780251,0.38339508,0
-1.0116107,-2.0466905,0.044761911,-0.10318267,-0.91780251,0.38339508,0
2.7281566,1.6739653,-0.3382144,0.85057408,-0.28123569,-0.44433102,0
-3.1138537,-2.4751866,-1.5467818,-0.10318267,-0.91780251,0.38339508,0
0.52424717,2.7810833,1.5821245,0.10318267,0.91780251,-0.38339508,0
3.4319873,-0.22528863,2.2112322,0.85057408,-0.28123569,-0.44433102,0
-0.70885265,1.5651195,-1.6606116,0.10318267,0.91780251,-0.38339508,0
1.0877922,1.1005182,-2.289283,0.10318267,0.91780251,-0.38339508,0
-0.068204761,2.7939882,1.4535717,0.10318267,0.91780251,-0.38339508,0
-3.2572832,-0.74473095,-3.2256303,-0.51563251,-0.28025874,-0.80967778,0
-2.9481421,-1.8480575,-3.0406017,-0.51563251,-0.28025874,-0.80967778,0
3.0378695,-0.6619966,3.8522801,0.51563251,0.28025874,0.80967778,0
-1.3303008,-1.1719285,-4.3049355,-0.51563251,-0.28025874,-0.80967778,0
-0.70581388,-1.3833944,-4.6294355,-0.51563251,-0.28025874,-0.80967778,0
2.8885117,-1.5648797,2.0187511,0.85057408,-0.28123569,-0.44433102,0
3.7051754,1.754246,2.5909662,0.51563251,0.28025874,0.80967778,0
0.27778471,2.6216285,1.1340784,0.10318267,0.91780251,-0.38339508,0
0.4877013,-0.88319063,3.2335503,-0.10318267,-0.91780251,0.38339508,0
-0.34329963,-1.1260165,2.4286082,-0.10318267,-0.91780251,0.38339508,0
3.389987,1.924883,2.7326264,0.51563251,0.28025874,0.80967778,0
-1.742317,-0.16709483,1.2716267,-0.85057408,0.28123569,0.44433102,0
-0.54161918,2.3531308,0.27080119,0.10318267,0.91780251,-0.38339508,0
-2.4206281,-2.4177988,-1.2228345,-0.10318267,-0.91780251,0.38339508,0
2.9309366,-0.63475847,1.5112516,0.85057408,-0.28123569,-0.44433102,0
0.038937569,3.1325953,2.2929916,0.10318267,0.91780251,-0.38339508,0
2.0921535,0.98336607,3.8850276,0.51563251,0.28025874,0.80967778,0
-1.566329,-0.61065716,-4.3489003,-0.51563251,-0.28025874,-0.80967778,0
-0.64848506,-2.1010482,-4.4126897,0.85057408,-0.28123569,-0.44433102,0
-0.47472936,1.2380013,2.8088005,-0.85057408,0.28123569,0.44433102,0
0.63634849,-1.9875178,0.62992752,-0.10318267,-0.91780251,0.38339508,0
1.3633447,2.9834213,3.6568685,0.51563251,0.28025874,0.80967778,0
2.1718783,-1.6760241,0.71726131,0.85057408,-0.28123569,-0.44433102,0
-2.387785,0.43608999,-0.34576166,-0.85057408,0.28123569,0.44433102,0
-2.863204,-1.9849211,-3.0473199,-0.51563251,-0.28025874,-0.80967778,0
2.1920366,3.1789768,3.0614383,0.51563251,0.28025874,0.80967778,0
-0.62662637,-1.742553,-4.5555472,-0.51563251,-0.28025874,-0.80967778,0
2.6842186,-1.1585882,1.3705177,0.85057408,-0.28123569,-0.44433102,0
0.15666622,-1.3226255,-3.3641002,0.85057408,-0.28123569,-0.44433102,0
0.0095700026,-1.2265458,2.2829199,-0.10318267,-0.91780251,0.38339508,0
3.8363707,0.49945235,2.5266178,0.85057408,-0.28123569,-0.44433102,0
-3.451309,-0.90442824,-3.0467908,-0.51563251,-0.28025874,-0.80967778,0
3.5234594,-1.1956577,3.0005231,0.85057408,-0.28123569,-0.44433102,0
-1.8255701,-0.78386033,1.5026333,-0.85057408,0.28123569,0.44433102,0
-0.49212778,0.89255118,2.9941449,-0.85057408,0.28123569,0.44433102,0
2.9003422,-0.03021574,1.0700451,0.85057408,-0.28123569,-0.44433102,0
-1.6486369,-2.124505,-3.772486,-0.51563251,-0.28025874,-0.80967778,0
2.5809331,2.1409278,3.1730809,0.51563251,0.28025874,0.80967778,0
3.9085512,0.57806158,2.615036,0.85057408,-0.28123569,-0.44433102,0
1.8462796,1.8715141,-0.23948005,0.10318267,0.91780251,-0.38339508,0
-2.2862687,1.0934694,-3.2142146,0.10318267,0.91780251,-0.38339508,0
2.3040299,0.5609206,-0.44561896,0.85057408,-0.28123569,-0.44433102,0
2.3768446,0.086644053,-0.006041348,0.85057408,-0.28123569,-0.44433102,0
2.7641664,-1.4687042,1.7198458,0.85057408,-0.28123569,-0.44433102,0
0.3474493,0.090253562,-3.8931584,0.85057408,-0.28123569,-0.44433102,0
1.7966288,0.92778546,4.0924668,0.51563251,0.28025874,0.80967778,0
-3.9468102,-0.99536324,-2.6997614,-0.51563251,-0.28025874,-0.80967778,0
1.5593026,1.4932374,4.0478816,0.51563251,0.28025874,0.80967778,0
-1.401299,-2.3183529,-3.8629022,-0.51563251,-0.28025874,-0.80967778,0
0.18117964,-2.2953532,-0.22949359,-0.10318267,-0.91780251,0.38339508,0
3.7699323,2.3611755,2.3396463,0.51563251,0.28025874,0.80967778,0
-3.5212529,-0.79709947,-3.0393982,-0.51563251,-0.28025874,-0.80967778,0
1.5948793,0.93873584,-2.0422676,0.85057408,-0.28123569,-0.44433102,0
0.84293187,1.6508447,-1.037766,0.10318267,0.91780251,-0.38339508,0
-2.247746,-0.77904505,0.69142264,-0.85057408,0.28123569,0.44433102,0
0.32625628,2.9161637,1.8522059,0.10318267,0.91780251,-0.38339508,0
-3.1758173,-1.1100471,-0.87566102,-0.85057408,0.28123569,0.44433102,0
-0.76143503,-0.84248209,2.9948237,-0.10318267,-0.91780251,0.38339508,0
-0.66877306,0.10359985,-5.14853,0.10318267,0.91780251,-0.38339508,0
2.9563022,-0.10283399,3.7106793,0.51563251,0.28025874,0.80967778,0
-2.9452772,1.4681387,-2.0661848,-0.85057408,0.28123569,0.44433102,0
-0.59452868,2.3178325,1.8960009,-0.85057408,0.28123569,0.44433102,0
1.5658802,2.0391073,0.086254984,0.10318267,0.91780251,-0.38339508,0
0.65536547,1.596607,4.5877624,0.51563251,0.28025874,0.80967778,0
-1.1302826,-2.8302579,-1.8629439,-0.10318267,-0.91780251,0.38339508,0
-0.5643242,-2.1461396,-4.223042,0.85057408,-0.28123569,-0.44433102,0
2.9433923,-0.47192907,3.8466578,0.51563251,0.28025874,0.80967778,0
-2.0861313,1.3910892,-2.447885,0.10318267,0.91780251,-0.38339508,0
-1.7148304,-2.7441854,-3.5158377,-0.51563251,-0.28025874,-0.80967778,0
-2.1376593,-0.32174647,-4.0850587,-0.51563251,-0.28025874,-0.80967778,0
2.6500826,2.219507,3.1018448,0.51563251,0.28025874,0.80967778,0
-2.7019653,-1.9359903,-0.14515865,-0.10318267,-0.91780251,0.38339508,0
2.1810284,2.9042094,3.1635556,0.51563251,0.28025874,0.80967778,0
-1.4511329,0.49865353,-4.4133744,0.10318267,0.91780251,-0.38339508,0
-1.9623699,-2.1650643,-3.5586503,-0.51563251,-0.28025874,-0.80967778,0
0.54808939,-0.99971831,2.9708493,-0.10318267,-0.91780251,0.38339508,0
0.57989919,-0.60884243,3.9151211,-0.10318267,-0.91780251,0.38339508,0
1.6922517,-0.057664514,4.5000381,0.51563251,0.28025874,0.80967778,0
2.4438632,-1.4986168,2.2867527,-0.10318267,-0.91780251,0.38339508,0
-2.6701992,-2.43785,-3.0134575,-0.51563251,-0.28025874,-0.80967778,0
-1.7956889,-1.5544903,-3.8761406,-0.51563251,-0.28025874,-0.80967778,0
-2.6020417,1.6844006,-1.5460173,-0.85057408,0.28123569,0.44433102,0
3.2624664,-0.28683662,3.5793924,0.51563251,0.28025874,0.80967778,0
-2.6347418,-2.8937185,-2.8782454,-0.51563251,-0.28025874,-0.80967778,0
-0.0030130148,2.8474736,2.6930952,-0.85057408,0.28123569,0.44433102,0
-1.3634121,2.2489729,-0.19970876,0.10318267,0.91780251,-0.38339508,0
-1.2479854,0.20238495,-4.8330564,-0.51563251,-0.28025874,-0.80967778,0
-1.8658656,-2.1831048,-3.6138632,-0.51563251,-0.28025874,-0.80967778,0
-1.7041942,1.6664578,0.18407184,-0.85057408,0.28123569,0.44433102,0
-2.7156916,-0.65314841,-3.6022356,-0.51563251,-0.28025874,-0.80967778,0
3.8499384,2.3093109,2.3066483,0.51563251,0.28025874,0.80967778,0
-2.2360842,0.88855684,-3.6912448,0.10318267,0.91780251,-0.38339508,0
-2.8456392,0.35270905,-1.1694479,-0.85057408,0.28123569,0.44433102,0
0.58869839,-2.1904023,-1.9878173,0.85057408,-0.28123569,-0.44433102,0
-2.7783546,-2.275913,-0.97945231,-0.10318267,-0.91780251,0.38339508,0
3.7832816,1.9601003,2.4699721,0.51563251,0.28025874,0.80967778,0
-2.3585107,-2.806828,-2.1374073,-0.10318267,-0.91780251,0.38339508,0
-2.048841,-2.5336511,-3.3760011,-0.51563251,-0.28025874,-0.80967778,0
-1.406412,-2.6425138,-1.4878215,-0.10318267,-0.91780251,0.38339508,0
1.7121089,2.6709342,1.6381283,0.10318267,0.91780251,-0.38339508,0
2.5807137,2.0109036,0.29185998,0.10318267,0.91780251,-0.38339508,0
0.5729214,-2.642307,-0.95463049,-0.10318267,-0.91780251,0.38339508,0
3.8709075,-0.031313896,2.9286742,0.85057408,-0.28123569,-0.44433102,0
-1.1654707,-0.80051553,-4.5384645,-0.51563251,-0.28025874,-0.80967778,0
-0.50645781,-1.1844811,-4.7209435,0.85057408,-0.28123569,-0.44433102,0
3.1632938,0.042043209,1.5276726,0.85057408,-0.28123569,-0.44433102,0
-1.3986863,-1.9008957,0.28960356,-0.10318267,-0.91780251,0.38339508,0
-1.4759626,-0.38436091,1.9190202,-0.85057408,0.28123569,0.44433102,0
3.743609,-1.0162029,3.5254431,0.51563251,0.28025874,0.80967778,0
-1.6321815,0.020875454,1.3634821,-0.85057408,0.28123569,0.44433102,0
-1.077567,0.10831714,2.3698244,-0.85057408,0.28123569,0.44433102,0
1.4204112,0.82671398,4.3670406,0.51563251,0.28025874,0.80967778,0
-3.8107421,-0.88375854,-2.234313,-0.85057408,0.28123569,0.44433102,0
0.59133601,2.8215191,1.6969787,0.10318267,0.91780251,-0.38339508,0
0.29170322,1.5723432,-1.3740406,0.10318267,0.91780251,-0.38339508,0
3.3778725,-0.64220572,2.3715262,0.85057408,-0.28123569,-0.44433102,0
1.9355779,-1.6871372,0.27195024,0.85057408,-0.28123569,-0.44433102,0
-3.3939075,-2.2533324,-2.6164417,-0.51563251,-0.28025874,-0.80967778,0
-0.30194011,1.4545842,3.0024834,-0.85057408,0.28123569,0.44433102,0
-3.5689776,-1.7162156,-1.244611,-0.85057408,0.28123569,0.44433102,0
-0.86541843,-2.0232737,0.14016317,-0.10318267,-0.91780251,0.38339508,0
0.016269088,-1.0663155,2.6682951,-0.10318267,-0.91780251,0.38339508,0
-0.1643123,-2.4613447,-3.2578003,0.85057408,-0.28123569,-0.44433102,0
1.1188967,3.0835335,2.4661915,0.10318267,0.91780251,-0.38339508,0
-2.7526484,-0.18210852,-0.65292847,-0.85057408,0.28123569,0.44433102,0
1.5144669,-1.8491806,-0.43161032,0.85057408,-0.28123569,-0.44433102,0
-0.23732603,-1.3097422,2.0173109,-0.10318267,-0.91780251,0.38339508,0
3.008918,0.47758329,0.95648253,0.85057408,-0.28123569,-0.44433102,0
2.7902949,-0.47559714,3.9454253,0.51563251,0.28025874,0.80967778,0
1.4860432,-0.34170675,-1.4401646,0.85057408,-0.28123569,-0.44433102,0
-2.5833077,0.73885429,-4.1430626,0.10318267,0.91780251,-0.38339508,0
1.3636146,-1.4612226,2.0855439,-0.10318267,-0.91780251,0.38339508,0
0.85812587,2.8034449,4.0409069,0.51563251,0.28025874,0.80967778,0
1.4895241,0.66132987,4.3802729,0.51563251,0.28025874,0.80967778,0
-1.4688698,1.0350591,-3.1340556,0.10318267,0.91780251,-0.38339508,0
0.2467556,1.1012213,-2.5139472,0.10318267,0.91780251,-0.38339508,0
-3.2532201,0.97031593,-3.7692635,0.10318267,0.91780251,-0.38339508,0
-1.4341321,-0.9478662,2.3557615,-0.85057408,0.28123569,0.44433102,0
-0.53706431,2.8316669,1.4175858,0.10318267,0.91780251,-0.38339508,0
-1.5493333,1.5354221,-1.9579015,0.10318267,0.91780251,-0.38339508,0
0.30723721,1.9959675,3.8259554,-0.85057408,0.28123569,0.44433102,0
-2.6451411,1.3539605,-1.4193723,-0.85057408,0.28123569,0.44433102,0
-3.1674399,1.0890641,-3.4619086,0.10318267,0.91780251,-0.38339508,0
-2.2801478,1.892313,-1.3002297,0.10318267,0.91780251,-0.38339508,0
-0.16661739,-0.43579823,4.128459,-0.10318267,-0.91780251,0.38339508,0
3.5907488,-0.18242168,3.334188,0.51563251,0.28025874,0.80967778,0
0.14879394,-0.18716502,4.8085442,-0.10318267,-0.91780251,0.38339508,0
0.72050166,1.3126817,4.644558,0.51563251,0.28025874,0.80967778,0
2.0693965,2.9468763,2.3948569,0.10318267,0.91780251,-0.38339508,0
2.1722589,-2.0186985,0.93488288,0.85057408,-0.28123569,-0.44433102,0
0.68986142,0.32946432,-3.389092,0.85057408,-0.28123569,-0.44433102,0
-3.3105202,0.84418035,-2.3704329,-0.85057408,0.28123569,0.44433102,0
2.5670481,3.0384583,2.7480268,0.10318267,0.91780251,-0.38339508,0
3.3886361,-1.1484859,3.3791904,-0.10318267,-0.91780251,0.38339508,0
0.82691044,1.3414745,4.5668268,0.51563251,0.28025874,0.80967778,0
-3.0737631,-2.2791157,-1.0666218,-0.10318267,-0.91780251,0.38339508,0
-2.4622922,-2.5245106,-1.4895039,-0.10318267,-0.91780251,0.38339508,0
1.794566,-0.54232335,-0.72258663,0.85057408,-0.28123569,-0.44433102,0
-3.6428673,-2.5082695,-1.7683506,-0.10318267,-0.91780251,0.38339508,0
-0.14780092,0.14745772,-4.8774128,0.85057408,-0.28123569,-0.44433102,0
2.4221449,-0.77546716,4.0120425,-0.10318267,-0.91780251,0.38339508,0
0.62946284,-0.85004854,3.3510406,-0.10318267,-0.91780251,0.38339508,0
0.59354913,-2.0466008,-2.0695496,0.85057408,-0.28123569,-0.44433102,0
-1.6445788,1.8721122,-1.1775384,0.10318267,0.91780251,-0.38339508,0
-3.0586443,0.0045406818,-3.611481,-0.51563251,-0.28025874,-0.80967778,0
0.25420153,-1.4830772,1.7346516,-0.10318267,-0.91780251,0.38339508,0
-0.33901429,1.2251683,-2.3748806,0.10318267,0.91780251,-0.38339508,0
-3.456109,-2.0668743,-2.6413693,-0.51563251,-0.28025874,-0.80967778,0
-2.8124583,0.57745862,-3.9665689,-0.51563251,-0.28025874,-0.80967778,0
2.6566296,0.35767138,0.35800028,0.85057408,-0.28123569,-0.44433102,0
-3.2721405,1.248014,-3.1095805,0.10318267,0.91780251,-0.38339508,0
-0.53772599,1.2115493,2.7049499,-0.85057408,0.28123569,0.44433102,0
-4.1281734,-1.8249613,-2.2971087,-0.51563251,-0.28025874,-0.80967778,0
0.053678751,2.8052406,2.8283503,-0.85057408,0.28123569,0.44433102,0
0.67937112,2.1383448,0.085232377,0.10318267,0.91780251,-0.38339508,0
-0.0088949203,0.47694334,-4.077198,0.10318267,0.91780251,-0.38339508,0
-1.3798506,1.7941092,0.72416008,-0.85057408,0.28123569,0.44433102,0
0.26647782,-1.0518571,2.7702456,-0.10318267,-0.91780251,0.38339508,0
2.0594192,-1.8875164,1.2523084,-0.10318267,-0.91780251,0.38339508,0
-2.6784823,0.079335451,-0.67643285,-0.85057408,0.28123569,0.44433102,0
-1.5885384,-3.3432124,-3.3889203,-0.51563251,-0.28025874,-0.80967778,0
2.7717674,0.002566576,0.80316746,0.85057408,-0.28123569,-0.44433102,0
1.2156262,3.2304168,2.8438451,0.10318267,0.91780251,-0.38339508,0
-3.3997586,-1.4447559,-2.8925929,-0.51563251,-0.28025874,-0.80967778,0
0.75763166,-1.8001425,-1.9114435,0.85057408,-0.28123569,-0.44433102,0
-1.8696017,2.1078448,-0.67378294,0.10318267,0.91780251,-0.38339508,0
-1.4074047,-2.4138274,-3.8259664,-0.51563251,-0.28025874,-0.80967778,0
3.6321993,1.8219783,1.2986926,0.85057408,-0.28123569,-0.44433102,0
3.7051973,-0.18267298,2.7072606,0.85057408,-0.28123569,-0.44433102,0
-0.029755235,-2.0396616,0.32583296,-0.10318267,-0.91780251,0.38339508,0
0.72674441,-2.2218654,0.093254507,-0.10318267,-0.91780251,0.38339508,0
3.7330995,-0.93422937,3.2363644,0.85057408,-0.28123569,-0.44433102,0
0.34192073,-0.96020031,3.0099649,-0.10318267,-0.91780251,0.38339508,0
-0.9205004,0.66067207,-3.8827121,0.10318267,0.91780251,-0.38339508,0
-1.8956741,-0.36391985,-4.2245655,-0.51563251,-0.28025874,-0.80967778,0
-2.1186092,1.5327647,-0.52461493,-0.85057408,0.28123569,0.44433102,0
1.6129735,-0.14348257,4.5802302,0.51563251,0.28025874,0.80967778,0
-2.3287272,0.013321757,-4.0793581,-0.51563251,-0.28025874,-0.80967778,0
-3.5375981,-1.5058661,-2.783659,-0.51563251,-0.28025874,-0.80967778,0
0.47641605,-1.23519,-2.8073509,0.85057408,-0.28123569,-0.44433102,0
-1.6359851,2.1846247,-0.42710757,0.10318267,0.91780251,-0.38339508,0
-2.2899458,-0.75184596,-3.8392034,-0.51563251,-0.28025874,-0.80967778,0
-1.4913759,-3.2490797,-3.4833796,-0.51563251,-0.28025874,-0.80967778,0
-2.4089482,-1.6526518,-3.4516172,-0.51563251,-0.28025874,-0.80967778,0
-1.3024721,-2.3447609,-0.74706304,-0.10318267,-0.91780251,0.38339508,0
-3.1463542,1.4532244,-2.5844765,0.10318267,0.91780251,-0.38339508,0
0.45806241,-0.076312184,-3.5759873,0.85057408,-0.28123569,-0.44433102,0
-0.28862524,-0.28400278,-4.8739014,0.85057408,-0.28123569,-0.44433102,0
-1.5500276,1.8734587,-1.1488684,0.10318267,0.91780251,-0.38339508,0
0.080722868,2.2996507,3.2001295,-0.85057408,0.28123569,0.44433102,0
-3.5776792,-2.458333,-2.4284506,-0.51563251,-0.28025874,-0.80967778,0
-1.4016039,2.1829681,-0.36799502,0.10318267,0.91780251,-0.38339508,0
-1.5892493,1.3844565,0.58259887,-0.85057408,0.28123569,0.44433102,0
3.4433522,-0.33426332,2.3019624,0.85057408,-0.28123569,-0.44433102,0
2.7804322,2.9392977,2.7696879,0.51563251,0.28025874,0.80967778,0
-2.3058488,-1.2204208,0.8595624,-0.85057408,0.28123569,0.44433102,0
-1.1664203,1.2521106,-2.5330625,0.10318267,0.91780251,-0.38339508,0
-3.3000743,0.33790374,-2.0299926,-0.85057408,0.28123569,0.44433102,0
2.4551845,-0.79869199,3.9653373,-0.10318267,-0.91780251,0.38339508,0
-0.16092944,2.7503066,1.324048,0.10318267,0.91780251,-0.38339508,0
1.4460076,2.0199928,3.9377029,0.51563251,0.28025874,0.80967778,0
-0.72667944,2.1535337,1.7470186,-0.85057408,0.28123569,0.44433102,0
-0.24220967,1.5921385,-1.4703444,0.10318267,0.91780251,-0.38339508,0
-3.0272186,-1.430882,-3.1346424,-0.51563251,-0.28025874,-0.80967778,0
-0.41429496,-1.0545495,2.5805845,-0.10318267,-0.91780251,0.38339508,0
-0.52701467,1.1742063,2.7490907,-0.85057408,0.28123569,0.44433102,0
0.73616177,-1.7193627,-2.0036716,0.85057408,-0.28123569,-0.44433102,0
-4.0705328,-1.2807162,-2.5221989,-0.51563251,-0.28025874,-0.80967778,0
-0.54529357,-2.301219,-0.4390505,-0.10318267,-0.91780251,0.38339508,0
0.59657764,-0.011357665,-3.3519428,0.85057408,-0.28123569,-0.44433102,0
3.126255,2.3128891,1.1615983,0.10318267,0.91780251,-0.38339508,0
2.3520346,-1.1122967,0.70532453,0.85057408,-0.28123569,-0.44433102,0
-1.0508885,-0.52565771,-4.7065725,-0.51563251,-0.28025874,-0.80967778,0
-1.2791063,2.0789921,0.73669887,-0.85057408,0.28123569,0.44433102,0
2.9415579,2.340487,2.874347,0.51563251,0.28025874,0.80967778,0
3.2148027,-0.68948364,2.0892887,0.85057408,-0.28123569,-0.44433102,0
3.253988,-0.87996411,3.7900944,0.51563251,0.28025874,0.80967778,0
1.5652719,-2.1621966,-0.13623422,0.85057408,-0.28123569,-0.44433102,0
3.0370746,2.5851367,1.7893252,0.10318267,0.91780251,-0.38339508,0
1.7569379,2.3352399,0.84658074,0.10318267,0.91780251,-0.38339508,0
0.92827797,0.69370508,4.7264886,0.51563251,0.28025874,0.80967778,0
-2.7660179,1.2535677,-2.9600725,0.10318267,0.91780251,-0.38339508,0
-3.8868396,-2.0853913,-2.3606551,-0.51563251,-0.28025874,-0.80967778,0
-0.20548868,2.5850458,2.4716017,-0.85057408,0.28123569,0.44433102,0
2.1939228,-1.158833,0.43210888,0.85057408,-0.28123569,-0.44433102,0
3.2661295,-0.32124329,1.9544679,0.85057408,-0.28123569,-0.44433102,0
3.1193371,2.3803744,1.3212886,0.10318267,0.91780251,-0.38339508,0
2.5099051,-0.99327481,3.514256,-0.10318267,-0.91780251,0.38339508,0
0.10686073,-1.7110599,-3.2135856,0.85057408,-0.28123569,-0.44433102,0
2.323843,2.8101904,3.1051493,0.51563251,0.28025874,0.80967778,0
-0.35598576,1.7359744,2.720921,-0.85057408,0.28123569,0.44433102,0
-1.238336,-0.20212948,2.2585621,-0.85057408,0.28123569,0.44433102,0
1.6603909,2.4641819,1.1292686,0.10318267,0.91780251,-0.38339508,0
2.4227784,1.0352631,-0.51853228,0.85057408,-0.28123569,-0.44433102,0
0.16157472,2.6489108,3.1338413,-0.85057408,0.28123569,0.44433102,0
-0.36022627,-3.0143845,-2.096477,-0.10318267,-0.91780251,0.38339508,0
-1.8836759,-2.1570063,-3.6115544,-0.51563251,-0.28025874,-0.80967778,0
-2.7199967,-0.59321499,-3.6202393,-0.51563251,-0.28025874,-0.80967778,0
-1.8315589,0.69487548,-4.0460253,0.10318267,0.91780251,-0.38339508,0
3.1822705,2.717041,2.1441653,0.10318267,0.91780251,-0.38339508,0
-0.701213,-1.314316,1.8815163,-0.10318267,-0.91780251,0.38339508,0
2.740555,2.1877968,0.75833911,0.10318267,0.91780251,-0.38339508,0
-1.9591328,-2.3149183,-0.8523497,-0.10318267,-0.91780251,0.38339508,0
3.5465443,-0.74092078,3.555656,0.51563251,0.28025874,0.80967778,0
0.071274579,0.81327105,4.1228352,-0.85057408,0.28123569,0.44433102,0
3.7613854,-0.60754585,3.3726714,0.51563251,0.28025874,0.80967778,0
-2.3325238,1.3512465,-0.81921661,-0.85057408,0.28123569,0.44433102,0
3.8639171,0.24816346,2.7383995,0.85057408,-0.28123569,-0.44433102,0
1.6961801,0.77536088,-1.7449422,0.85057408,-0.28123569,-0.44433102,0
-3.0386105,-0.84313571,-3.330828,-0.51563251,-0.28025874,-0.80967778,0
2.4846039,2.1750603,3.2226121,0.51563251,0.28025874,0.80967778,0
-0.3817209,-1.2183373,2.1972625,-0.10318267,-0.91780251,0.38339508,0
-0.64086008,-2.5153687,-0.97741896,-0.10318267,-0.91780251,0.38339508,0
2.8336778,1.988381,3.0649259,0.51563251,0.28025874,0.80967778,0
2.5955677,0.76702654,-0.017987072,0.85057408,-0.28123569,-0.44433102,0
3.1707098,0.67561412,1.1408553,0.85057408,-0.28123569,-0.44433102,0
-2.6898403,-0.35028923,-3.7235293,-0.51563251,-0.28025874,-0.80967778,0
3.7758281,-0.61169696,3.3649104,0.51563251,0.28025874,0.80967778,0
0.77704442,0.61561024,4.8498311,0.51563251,0.28025874,0.80967778,0
2.3641844,0.52730608,3.869647,0.51563251,0.28025874,0.80967778,0
-1.123383,-2.6744757,-1.4881632,-0.10318267,-0.91780251,0.38339508,0
3.8694062,2.4826894,1.7680836,0.10318267,0.91780251,-0.38339508,0
2.9721997,1.0614059,3.2975695,0.51563251,0.28025874,0.80967778,0
-0.53699625,-2.8160584,-3.7467086,0.85057408,-0.28123569,-0.44433102,0
-0.094508648,3.1080759,2.1983812,0.10318267,0.91780251,-0.38339508,0
-2.0192862,0.96465445,0.025097966,-0.85057408,0.28123569,0.44433102,0
-1.5542666,-2.9163094,-2.1830473,-0.10318267,-0.91780251,0.38339508,0
-0.69029117,1.1514249,-2.6459522,0.10318267,0.91780251,-0.38339508,0
0.13181424,1.6765324,-1.1676548,0.10318267,0.91780251,-0.38339508,0
-3.0385752,0.69280457,-3.8624945,-0.51563251,-0.28025874,-0.80967778,0
-0.057996988,-2.6963408,-2.905544,0.85057408,-0.28123569,-0.44433102,0
0.45029473,-0.041415215,-3.6129448,0.85057408,-0.28123569,-0.44433102,0
-3.1466796,-2.2202396,-2.7853398,-0.51563251,-0.28025874,-0.80967778,0
1.0744995,2.8205142,3.8972039,0.51563251,0.28025874,0.80967778,0
-3.5066519,0.28869081,-3.4245276,-0.51563251,-0.28025874,-0.80967778,0
-2.507858,-1.2841876,-3.5161664,-0.51563251,-0.28025874,-0.80967778,0
-3.6131217,0.9050703,-3.570075,-0.51563251,-0.28025874,-0.80967778,0
0.65173137,-2.649991,-0.95181566,-0.10318267,-0.91780251,0.38339508,0
3.1097493,-0.79664063,1.9560112,0.85057408,-0.28123569,-0.44433102,0
2.2980251,2.2804151,0.86095852,0.10318267,0.91780251,-0.38339508,0
0.84550369,-0.40473467,4.4752126,-0.10318267,-0.91780251,0.38339508,0
1.0264958,-1.0795418,2.908514,-0.10318267,-0.91780251,0.38339508,0
0.631657,0.78003836,4.8855042,0.51563251,0.28025874,0.80967778,0
2.8191328,-0.87164593,1.4471635,0.85057408,-0.28123569,-0.44433102,0
0.84173357,-1.9039161,0.88533491,-0.10318267,-0.91780251,0.38339508,0
3.7098045,-0.62185907,3.4104743,0.51563251,0.28025874,0.80967778,0
-0.67724192,-2.2485893,-4.348156,-0.51563251,-0.28025874,-0.80967778,0
-0.75600183,-0.77191138,-4.8091302,-0.51563251,-0.28025874,-0.80967778,0
3.021493,0.66217935,3.4043643,0.51563251,0.28025874,0.80967778,0
0.44464004,1.9577644,-0.41022825,0.10318267,0.91780251,-0.38339508,0
-0.47067201,-2.4037633,-0.66444618,-0.10318267,-0.91780251,0.38339508,0
3.3513839,-0.11937547,1.9898983,0.85057408,-0.28123569,-0.44433102,0
-0.14895648,-1.2962115,-3.9658666,0.85057408,-0.28123569,-0.44433102,0
-2.5007048,0.10381043,-0.3516078,-0.85057408,0.28123569,0.44433102,0
1.8546258,0.69129688,4.1373897,0.51563251,0.28025874,0.80967778,0
2.5663128,-1.7789805,1.6485499,-0.10318267,-0.91780251,0.38339508,0
3.5059032,-0.017321825,3.3310738,0.51563251,0.28025874,0.80967778,0
2.1501908,2.7654126,1.9821988,0.10318267,0.91780251,-0.38339508,0
2.8312941,-0.74764347,4.0134811,0.51563251,0.28025874,0.80967778,0
3.00209,-0.18099427,1.360253,0.85057408,-0.28123569,-0.44433102,0
-1.08525,-1.3862768,-4.3867989,-0.51563251,-0.28025874,-0.80967778,0
-0.7580229,-1.5950415,1.1942036,-0.10318267,-0.91780251,0.38339508,0
-3.5576642,-0.18510818,-2.1920555,-0.85057408,0.28123569,0.44433102,0
0.83358824,1.9779701,-0.25718129,0.10318267,0.91780251,-0.38339508,0
3.557965,2.3343427,1.3291416,0.10318267,0.91780251,-0.38339508,0
2.5542352,-1.0914083,3.2912664,-0.10318267,-0.91780251,0.38339508,0
-3.2136581,-0.31987929,-1.4482297,-0.85057408,0.28123569,0.44433102,0
-0.34506702,-1.2500815,2.131135,-0.10318267,-0.91780251,0.38339508,0
2.4864917,1.6895169,-0.50286001,0.10318267,0.91780251,-0.38339508,0
-0.30928782,-1.2126445,-4.3256788,0.85057408,-0.28123569,-0.44433102,0
-2.6494975,-0.11618042,-3.8302546,-0.51563251,-0.28025874,-0.80967778,0
-1.7802795,-2.3754382,-3.6017938,-0.51563251,-0.28025874,-0.80967778,0
1.2381999,-0.74200958,3.7735021,-0.10318267,-0.91780251,0.38339508,0
-1.896601,-3.1243618,-3.2684867,-0.51563251,-0.28025874,-0.80967778,0
1.256428,0.29730499,-2.2841697,0.85057408,-0.28123569,-0.44433102,0
-1.2589833,-0.21238518,2.225529,-0.85057408,0.28123569,0.44433102,0
-0.20622453,-2.180537,-3.5157669,0.85057408,-0.28123569,-0.44433102,0
1.0335925,-0.92225206,3.2869573,-0.10318267,-0.91780251,0.38339508,0
3.4633307,1.1442711,1.4043809,0.85057408,-0.28123569,-0.44433102,0
0.948475,-2.2629194,0.054650307,-0.10318267,-0.91780251,0.38339508,0
-1.5638509,-2.0367112,-3.8568697,-0.51563251,-0.28025874,-0.80967778,0
-1.5379866,1.4258329,0.65454131,-0.85057408,0.28123569,0.44433102,0
-3.4278014,-0.025038004,-2.0447772,-0.85057408,0.28123569,0.44433102,0
0.1825186,-1.1393706,-3.4306014,0.85057408,-0.28123569,-0.44433102,0
3.7249665,2.6434078,2.113951,0.10318267,0.91780251,-0.38339508,0
-3.0998237,0.08211112,-1.4847552,-0.85057408,0.28123569,0.44433102,0
-1.6055524,-1.280797,1.7183734,-0.10318267,-0.91780251,0.38339508,0
-0.97907269,-1.7849026,-4.3164377,-0.51563251,-0.28025874,-0.80967778,0
-0.15245324,1.9165449,2.9962485,-0.85057408,0.28123569,0.44433102,0
3.8495619,0.49553895,2.5543456,0.85057408,-0.28123569,-0.44433102,0
-0.0588907,1.2247101,-2.3005881,0.10318267,0.91780251,-0.38339508,0
3.9862552,2.0343957,2.3149946,0.51563251,0.28025874,0.80967778,0
1.8627815,2.0363138,3.6666369,0.51563251,0.28025874,0.80967778,0
3.1962254,0.46615493,3.3609395,0.51563251,0.28025874,0.80967778,0
2.7686262,0.69884861,3.5527067,0.51563251,0.28025874,0.80967778,0
-3.6844676,0.29781628,-3.3144467,-0.51563251,-0.28025874,-0.80967778,0
1.1614907,2.8330102,3.8374796,0.51563251,0.28025874,0.80967778,0
-2.1823812,1.8084823,-0.82120585,-0.85057408,0.28123569,0.44433102,0
-3.4086931,1.0270123,-3.6753817,0.10318267,0.91780251,-0.38339508,0
-0.59573281,1.9961834,-0.59825176,0.10318267,0.91780251,-0.38339508,0
-3.6057248,-2.7355754,-2.3146269,-0.51563251,-0.28025874,-0.80967778,0
2.4927995,0.083806753,0.21772438,0.85057408,-0.28123569,-0.44433102,0
-1.0619147,1.5606749,-1.7662704,0.10318267,0.91780251,-0.38339508,0
-0.4355886,-0.9641875,2.7911699,-0.10318267,-0.91780251,0.38339508,0
-1.0416119,-2.8385346,-3.9119103,-0.51563251,-0.28025874,-0.80967778,0
1.8104851,2.8400755,2.0695081,0.10318267,0.91780251,-0.38339508,0
2.5066888,1.8479435,-0.11816972,0.10318267,0.91780251,-0.38339508,0
-1.2538372,-0.41570741,2.3640709,-0.85057408,0.28123569,0.44433102,0
1.700443,-1.2149851,-0.47700837,0.85057408,-0.28123569,-0.44433102,0
3.1983371,0.19575071,3.4531918,0.51563251,0.28025874,0.80967778,0
0.29030234,-2.1984506,-2.553937,0.85057408,-0.28123569,-0.44433102,0
1.0059903,-1.0962168,2.8630774,-0.10318267,-0.91780251,0.38339508,0
-1.9014758,-0.033500552,-4.3352408,-0.51563251,-0.28025874,-0.80967778,0
0.7079004,0.086494446,-3.2007744,0.85057408,-0.28123569,-0.44433102,0
2.3007536,-0.41739058,4.2370358,0.51563251,0.28025874,0.80967778,0
0.6553055,2.2743974,4.3160257,-0.85057408,0.28123569,0.44433102,0
-0.39911866,-2.9830313,-3.3770883,0.85057408,-0.28123569,-0.44433102,0
3.2568734,0.99442708,3.1394625,0.51563251,0.28025874,0.80967778,0
0.81205899,-2.0226061,0.59321886,-0.10318267,-0.91780251,0.38339508,0
-0.34962583,-0.43594861,4.078846,-0.10318267,-0.91780251,0.38339508,0
-1.0123234,-2.7721124,-3.9535534,-0.51563251,-0.28025874,-0.80967778,0
1.1327748,-1.839298,1.1183504,-0.10318267,-0.91780251,0.38339508,0
-1.4991748,2.2657638,-0.19605094,0.10318267,0.91780251,-0.38339508,0
1.0295327,0.75269181,-3.0067446,0.85057408,-0.28123569,-0.44433102,0
2.8533492,1.9025203,3.082118,0.51563251,0.28025874,0.80967778,0
0.65013623,1.9251941,4.4773569,0.51563251,0.28025874,0.80967778,0
-0.59663403,0.57335895,-4.0045681,0.10318267,0.91780251,-0.38339508,0
2.3698263,0.16585112,-0.069610298,0.85057408,-0.28123569,-0.44433102,0
3.5393977,0.84088767,1.7420185,0.85057408,-0.28123569,-0.44433102,0
-3.7679904,-2.1328568,-2.4199128,-0.51563251,-0.28025874,-0.80967778,0
-3.3997159,0.98595238,-2.6309123,-0.85057408,0.28123569,0.44433102,0
-2.2357893,1.493614,-0.7241503,-0.85057408,0.28123569,0.44433102,0
-1.0150284,1.4669847,-1.977936,0.10318267,0.91780251,-0.38339508,0
-2.0481384,-2.0499892,-0.24209529,-0.10318267,-0.91780251,0.38339508,0
3.8514767,-0.44441295,3.2588315,0.51563251,0.28025874,0.80967778,0
1.997861,-0.3166194,4.3950486,0.51563251,0.28025874,0.80967778,0
-0.30229998,2.7942042,2.1538925,-0.85057408,0.28123569,0.44433102,0
2.9203706,2.4966261,2.8337946,0.51563251,0.28025874,0.80967778,0
0.37223744,0.14643587,5.1210303,-0.85057408,0.28123569,0.44433102,0
-0.958763,-0.70211864,-4.7041621,-0.51563251,-0.28025874,-0.80967778,0
3.8664403,0.030674934,3.0848572,0.51563251,0.28025874,0.80967778,0
-3.4224539,0.77223992,-3.6455221,-0.51563251,-0.28025874,-0.80967778,0
1.4568529,-1.8196583,-0.5605855,0.85057408,-0.28123569,-0.44433102,0
-1.2834011,-0.17126387,-4.6811686,-0.51563251,-0.28025874,-0.80967778,0
-1.9069631,0.089800358,-4.3744254,-0.51563251,-0.28025874,-0.80967778,0
0.48438156,-2.1308434,0.24592376,-0.10318267,-0.91780251,0.38339508,0
