0.12191105,-2.3603282,1.2020934,-0.14159501,-0.7210632,0.67824662,0
-3.4670687,0.85198617,-3.1576729,-0.074656785,-0.67542017,-0.73364413,0
-2.2305479,2.5420015,-1.4491642,0.14159501,0.7210632,-0.67824662,0
-0.31798303,0.40824223,-3.0696013,-0.074656785,-0.67542017,-0.73364413,0
-0.79675889,0.33529472,2.4985113,0.074656785,0.67542017,0.73364413,0
2.3174086,0.51894403,-2.6504726,0.14159501,0.7210632,-0.67824662,0
1.6470616,-1.9918823,-1.0599229,-0.074656785,-0.67542017,-0.73364413,0
-0.23867607,2.4711339,-1.108669,0.14159501,0.7210632,-0.67824662,0
4.7662163,1.2994497,-0.095024109,0.98710537,-0.15451619,0.041804075,0
-1.5331386,-0.032049894,-2.5405958,-0.074656785,-0.67542017,-0.73364413,0
4.0162253,-2.8526995,1.4916415,-0.14159501,-0.7210632,0.67824662,0
-4.2278461,0.35340834,2.8309875,0.074656785,0.67542017,0.73364413,0
-0.78015804,-0.90619516,-1.8124496,-0.074656785,-0.67542017,-0.73364413,0
0.073768139,2.9211435,-0.56502289,0.14159501,0.7210632,-0.67824662,0
-2.5369899,-2.61955,0.37141752,-0.14159501,-0.7210632,0.67824662,0
-4.1547232,2.6025257,0.078521967,-0.98710537,0.15451619,-0.041804075,0
1.649106,-1.7117434,2.2104497,-0.14159501,-0.7210632,0.67824662,0
4.5241294,0.30045754,1.9288206,0.98710537,-0.15451619,0.041804075,0
-4.397644,1.3039341,1.0146842,-0.98710537,0.15451619,-0.041804075,0
-1.0873822,-0.49512959,-2.1596279,-0.074656785,-0.67542017,-0.73364413,0
-4.7651377,-1.8387997,0.73629284,-0.14159501,-0.7210632,0.67824662,0
-4.7784028,-1.5672228,-0.60695601,-0.98710537,0.15451619,-0.041804075,0
-1.5578172,-2.5575788,-0.21298838,-0.074656785,-0.67542017,-0.73364413,0
-0.43084574,-0.94989049,2.5861726,-0.14159501,-0.7210632,0.67824662,0
-1.0329874,-0.12892938,2.9499323,0.074656785,0.67542017,0.73364413,0
1.8497989,2.6119111,-0.52300119,0.14159501,0.7210632,-0.67824662,0
4.9245749,2.3427832,0.022071838,0.98710537,-0.15451619,0.041804075,0
4.3127575,-1.4698408,0.37649822,0.98710537,-0.15451619,0.041804075,0
-3.1854765,-1.553354,-0.9718821,-0.074656785,-0.67542017,-0.73364413,0
-0.6155262,-2.8866515,-0.0059206486,-0.074656785,-0.67542017,-0.73364413,0
-2.4050982,-1.0127784,-1.5489687,-0.074656785,-0.67542017,-0.73364413,0
4.8870144,2.1314814,0.12796688,0.98710537,-0.15451619,0.041804075,0
3.9371619,0.74022758,-2.07707,0.14159501,0.7210632,-0.67824662,0
-3.5247576,1.1271327,2.0471203,0.074656785,0.67542017,0.73364413,0
-4.2490458,-0.37599087,2.3991885,-0.14159501,-0.7210632,0.67824662,0
-3.405565,-2.5864937,0.22523141,-0.14159501,-0.7210632,0.67824662,0
4.2923236,-1.1003048,2.2248828,0.98710537,-0.15451619,0.041804075,0
2.9009874,-1.60307,-1.5454793,-0.074656785,-0.67542017,-0.73364413,0
-4.13027,2.2579653,-1.7724557,-0.98710537,0.15451619,-0.041804075,0
-0.79896665,-2.5060306,-0.33766752,-0.074656785,-0.67542017,-0.73364413,0
4.5676861,2.4996393,-0.039959431,0.074656785,0.67542017,0.73364413,0
-4.0774727,3.1072116,0.11985064,-0.98710537,0.15451619,-0.041804075,0
1.8555233,-1.0241926,-1.9720275,-0.074656785,-0.67542017,-0.73364413,0
-1.1060863,-2.629657,0.6593976,-0.14159501,-0.7210632,0.67824662,0
0.69603157,-2.9039173,0.7440455,-0.14159501,-0.7210632,0.67824662,0
1.2189641,2.3800547,-0.90119135,0.14159501,0.7210632,-0.67824662,0
-0.34971583,2.1869235,0.74834067,0.074656785,0.67542017,0.73364413,0
3.2099552,-1.355907,-1.8044674,-0.074656785,-0.67542017,-0.73364413,0
4.1997881,2.491884,0.0046186447,0.074656785,0.67542017,0.73364413,0
4.1123428,-2.6763725,0.64923549,0.98710537,-0.15451619,0.041804075,0
2.6967676,2.1603928,0.46275139,0.074656785,0.67542017,0.73364413,0
3.6304193,-2.8288729,-0.49118757,-0.074656785,-0.67542017,-0.73364413,0
4.632082,0.541906,0.27221489,0.98710537,-0.15451619,0.041804075,0
-3.4943628,0.70920181,2.4287908,0.074656785,0.67542017,0.73364413,0
4.3563728,-1.6706181,-1.3954959,0.98710537,-0.15451619,0.041804075,0
-4.0556302,3.0201209,-0.71781087,-0.98710537,0.15451619,-0.041804075,0
-4.7285519,-0.75628352,1.2133217,-0.98710537,0.15451619,-0.041804075,0
-4.8524623,-1.8122649,0.23605919,-0.98710537,0.15451619,-0.041804075,0
3.6035514,0.48996615,-2.4127762,0.14159501,0.7210632,-0.67824662,0
-4.2816582,1.2363387,-1.9739199,-0.98710537,0.15451619,-0.041804075,0
3.8213792,-0.15772343,-2.96978,-0.074656785,-0.67542017,-0.73364413,0
0.93601799,-2.6580138,-0.37430066,-0.074656785,-0.67542017,-0.73364413,0
4.2084475,-2.4444923,-0.76297784,0.98710537,-0.15451619,0.041804075,0
3.1217117,2.2884967,-0.60129952,0.14159501,0.7210632,-0.67824662,0
-1.9989548,3.068634,0.10443473,0.074656785,0.67542017,0.73364413,0
-1.9889493,-1.8824053,-0.79070544,-0.074656785,-0.67542017,-0.73364413,0
4.2419357,-1.3810514,2.376981,0.98710537,-0.15451619,0.041804075,0
-2.7685878,2.2639999,-1.8570404,0.14159501,0.7210632,-0.67824662,0
3.4282773,-3.7148983,0.34509087,-0.074656785,-0.67542017,-0.73364413,0
-3.0160518,2.6632929,-1.4842027,0.14159501,0.7210632,-0.67824662,0
-3.6648927,-1.3619722,1.4729161,-0.14159501,-0.7210632,0.67824662,0
4.051188,0.96862918,1.4221056,0.074656785,0.67542017,0.73364413,0
0.56701654,-0.69455504,-2.1443839,-0.074656785,-0.67542017,-0.73364413,0
-4.4539924,0.36280003,-1.1334124,-0.98710537,0.15451619,-0.041804075,0
-4.6641083,-0.85864687,-0.68671083,-0.98710537,0.15451619,-0.041804075,0
-4.7218413,-0.82261401,0.80970907,-0.98710537,0.15451619,-0.041804075,0
0.24823976,2.4815834,-0.99590832,0.14159501,0.7210632,-0.67824662,0
4.7506323,1.9340723,0.46210575,0.074656785,0.67542017,0.73364413,0
4.0950799,-0.72631717,2.9780698,0.074656785,0.67542017,0.73364413,0
4.4770923,-0.34435856,0.65612316,0.98710537,-0.15451619,0.041804075,0
3.6431103,0.28683352,-2.6204741,0.14159501,0.7210632,-0.67824662,0
-1.1244085,3.0659757,-0.66118759,0.14159501,0.7210632,-0.67824662,0
0.80038393,-0.69561219,3.1135426,-0.14159501,-0.7210632,0.67824662,0
-3.906857,1.335824,-3.0814428,0.14159501,0.7210632,-0.67824662,0
-4.5672851,-0.17547596,-0.44784451,-0.98710537,0.15451619,-0.041804075,0
0.67253655,1.2547226,1.5025339,0.074656785,0.67542017,0.73364413,0
2.5187893,-2.6018491,-0.58707309,-0.074656785,-0.67542017,-0.73364413,0
3.8993759,-1.5415308,2.8611884,-0.14159501,-0.7210632,0.67824662,0
2.8734674,-2.7533522,-0.48368621,-0.074656785,-0.67542017,-0.73364413,0
-1.4245651,-1.027158,2.2965722,-0.14159501,-0.7210632,0.67824662,0
-2.1157827,1.0235788,-3.0394835,0.14159501,0.7210632,-0.67824662,0
-1.6496494,-2.1432283,1.0630559,-0.14159501,-0.7210632,0.67824662,0
-4.3429627,1.3267632,-0.19211769,-0.98710537,0.15451619,-0.041804075,0
-2.0092874,-1.7197838,-0.93835139,-0.074656785,-0.67542017,-0.73364413,0
4.1958928,-2.4193053,-0.37342501,0.98710537,-0.15451619,0.041804075,0
4.4433389,-0.57324845,0.60710645,0.98710537,-0.15451619,0.041804075,0
-3.5045085,0.14836884,2.946147,0.074656785,0.67542017,0.73364413,0
-2.342149,-2.5792265,0.45496249,-0.14159501,-0.7210632,0.67824662,0
-4.4548035,-1.8068182,-0.60936546,-0.074656785,-0.67542017,-0.73364413,0
-1.315356,1.5478594,-2.3150034,0.14159501,0.7210632,-0.67824662,0
4.2174401,-1.5346959,2.3874876,0.98710537,-0.15451619,0.041804075,0
4.0830641,-0.32693577,-2.840626,-0.074656785,-0.67542017,-0.73364413,0
4.4967918,-0.23410696,0.5984745,0.98710537,-0.15451619,0.041804075,0
-4.4134231,-0.84388465,-1.5000882,-0.074656785,-0.67542017,-0.73364413,0
1.4086492,-2.4442494,1.3815024,-0.14159501,-0.7210632,0.67824662,0
-2.3840404,-0.70342863,-1.8359106,-0.074656785,-0.67542017,-0.73364413,0
4.33741,-0.89662731,1.9131005,0.98710537,-0.15451619,0.041804075,0
-3.5725338,0.33456397,2.7816508,0.074656785,0.67542017,0.73364413,0
-4.2570934,1.1415182,-2.9044299,-0.98710537,0.15451619,-0.041804075,0
1.439513,2.8589935,-0.34597516,0.14159501,0.7210632,-0.67824662,0
0.20155561,-1.1001933,-1.7337482,-0.074656785,-0.67542017,-0.73364413,0
0.4929713,-0.61039782,3.1399589,-0.14159501,-0.7210632,0.67824662,0
-4.3375397,-2.4751191,-0.0060353279,-0.074656785,-0.67542017,-0.73364413,0
1.3806896,2.1030781,-1.1618905,0.14159501,0.7210632,-0.67824662,0
-2.075789,0.83553231,-3.2310514,0.14159501,0.7210632,-0.67824662,0
1.5631841,0.95482457,1.6879976,0.074656785,0.67542017,0.73364413,0
-0.48695147,1.4271562,1.4617763,0.074656785,0.67542017,0.73364413,0
-4.4652448,0.7431767,0.53824377,-0.98710537,0.15451619,-0.041804075,0
-0.88299191,-0.22606349,3.0240939,0.074656785,0.67542017,0.73364413,0
-0.54188466,-1.4515476,2.0296655,-0.14159501,-0.7210632,0.67824662,0
3.6108193,-0.51424503,-2.6201255,-0.074656785,-0.67542017,-0.73364413,0
3.4158978,-1.2729495,3.0457907,-0.14159501,-0.7210632,0.67824662,0
-4.2106147,1.4133959,-2.9970009,-0.98710537,0.15451619,-0.041804075,0
-2.1598148,2.5632331,0.58609462,0.074656785,0.67542017,0.73364413,0
-2.9285841,-1.5552785,1.421123,-0.14159501,-0.7210632,0.67824662,0
2.4192958,0.82785189,1.717774,0.074656785,0.67542017,0.73364413,0
-4.5670815,0.33530164,1.4352903,-0.98710537,0.15451619,-0.041804075,0
3.2222793,-0.85964489,-2.2625992,-0.074656785,-0.67542017,-0.73364413,0
2.5360816,-2.853595,-0.35706568,-0.074656785,-0.67542017,-0.73364413,0
-4.196424,2.290087,-0.091644287,-0.98710537,0.15451619,-0.041804075,0
-1.6113634,-0.6322577,-1.9800618,-0.074656785,-0.67542017,-0.73364413,0
-4.7665267,-0.85999286,1.7266908,-0.98710537,0.15451619,-0.041804075,0
4.6782188,0.59470856,-0.62203264,0.98710537,-0.15451619,0.041804075,0
1.9252124,1.1908354,1.4338768,0.074656785,0.67542017,0.73364413,0
-1.7864213,2.5525665,-1.3452133,0.14159501,0.7210632,-0.67824662,0
4.371881,-1.4055009,-0.7817626,0.98710537,-0.15451619,0.041804075,0
0.98399282,2.1138558,0.67988926,0.074656785,0.67542017,0.73364413,0
2.5387495,-1.6789851,-1.4387274,-0.074656785,-0.67542017,-0.73364413,0
-4.1506481,2.0704005,-1.9845445,-0.98710537,0.15451619,-0.041804075,0
3.7404106,2.4775693,0.064544201,0.074656785,0.67542017,0.73364413,0
-1.994231,2.1256554,-1.8424585,0.14159501,0.7210632,-0.67824662,0
4.2540236,-1.3329506,2.2693508,0.98710537,-0.15451619,0.041804075,0
-0.90060604,-0.76509559,2.6845632,-0.14159501,-0.7210632,0.67824662,0
3.7885473,1.4602653,0.99621367,0.074656785,0.67542017,0.73364413,0
-2.687629,-1.9945439,1.0044312,-0.14159501,-0.7210632,0.67824662,0
1.9196385,-0.93257689,-2.0628967,-0.074656785,-0.67542017,-0.73364413,0
3.9726446,-2.5794137,-0.75567484,-0.074656785,-0.67542017,-0.73364413,0
4.6128802,0.23220778,-0.41909409,0.98710537,-0.15451619,0.041804075,0
-0.41949844,-2.5035555,0.93679589,-0.14159501,-0.7210632,0.67824662,0
-4.1472573,2.1408134,-1.804358,-0.98710537,0.15451619,-0.041804075,0
-4.0858479,-1.023,-1.3685229,-0.074656785,-0.67542017,-0.73364413,0
4.1413383,1.0374837,1.3495414,0.074656785,0.67542017,0.73364413,0
-3.9919333,-1.7065282,1.0383334,-0.14159501,-0.7210632,0.67824662,0
-0.81439751,-0.70650244,-1.9928097,-0.074656785,-0.67542017,-0.73364413,0
-3.4255953,1.0393677,2.1178293,0.074656785,0.67542017,0.73364413,0
-0.79712373,-0.75954986,-1.9457302,-0.074656785,-0.67542017,-0.73364413,0
-3.5244651,1.5823362,-2.7395382,0.14159501,0.7210632,-0.67824662,0
-1.6775428,-2.2589042,-0.47577584,-0.074656785,-0.67542017,-0.73364413,0
-3.1338668,2.0270834,-2.1851707,0.14159501,0.7210632,-0.67824662,0
-2.3865621,3.5588298,-0.40071523,0.14159501,0.7210632,-0.67824662,0
1.9567413,-1.5741107,2.4209945,-0.14159501,-0.7210632,0.67824662,0
-4.5481648,0.54538751,1.765141,-0.98710537,0.15451619,-0.041804075,0
-4.5604472,-0.31101346,-1.110276,-0.98710537,0.15451619,-0.041804075,0
-2.9812365,-1.5913998,-0.95763946,-0.074656785,-0.67542017,-0.73364413,0
4.1437507,-2.7221625,-0.26163626,0.98710537,-0.15451619,0.041804075,0
-2.0068588,-0.27848554,2.9709435,-0.14159501,-0.7210632,0.67824662,0
-3.0943849,3.5071011,-0.18776274,0.074656785,0.67542017,0.73364413,0
-4.2450867,1.2158276,-2.9132762,-0.98710537,0.15451619,-0.041804075,0
-0.1280272,-1.8230766,1.7210819,-0.14159501,-0.7210632,0.67824662,0
-4.4126763,0.7944901,-0.51337624,-0.98710537,0.15451619,-0.041804075,0
2.4539747,-3.3703823,0.12706292,-0.074656785,-0.67542017,-0.73364413,0
1.1975677,1.2242239,1.4771841,0.074656785,0.67542017,0.73364413,0
-3.68836,-2.6129756,0.054819584,-0.074656785,-0.67542017,-0.73364413,0
-4.5982375,-0.48377529,-0.85651493,-0.98710537,0.15451619,-0.041804075,0
0.65543652,0.92810488,1.8049705,0.074656785,0.67542017,0.73364413,0
0.91859013,0.42270088,2.243485,0.074656785,0.67542017,0.73364413,0
1.8501418,2.2312469,-0.92762446,0.14159501,0.7210632,-0.67824662,0
4.1145563,-2.6106741,0.83981252,0.98710537,-0.15451619,0.041804075,0
-2.7171497,0.53041267,2.5143001,0.074656785,0.67542017,0.73364413,0
1.5193286,0.46459794,-2.874862,0.14159501,0.7210632,-0.67824662,0
0.78371114,-0.2880919,-2.5406399,-0.074656785,-0.67542017,-0.73364413,0
4.7959266,1.6161188,0.37391567,0.98710537,-0.15451619,0.041804075,0
-3.6792765,2.4777851,0.8193841,0.074656785,0.67542017,0.73364413,0
1.1961824,-1.0986443,-1.8363888,-0.074656785,-0.67542017,-0.73364413,0
-2.0359731,1.9327109,-2.0562975,0.14159501,0.7210632,-0.67824662,0
-4.7413111,-1.3620129,-0.72429752,-0.98710537,0.15451619,-0.041804075,0
4.7589369,1.261065,-0.065025806,0.98710537,-0.15451619,0.041804075,0
-3.4057655,1.7970097,-2.486532,0.14159501,0.7210632,-0.67824662,0
4.1665239,1.9628685,0.49503469,0.074656785,0.67542017,0.73364413,0
3.1789918,-0.53863311,-2.5537298,-0.074656785,-0.67542017,-0.73364413,0
-4.5191731,-1.2567627,-1.109216,-0.074656785,-0.67542017,-0.73364413,0
-2.1398587,3.5565987,-0.35158396,0.14159501,0.7210632,-0.67824662,0
0.045377493,-3.1464391,0.35037893,-0.14159501,-0.7210632,0.67824662,0
4.3568096,2.3604498,-0.26695633,0.14159501,0.7210632,-0.67824662,0
0.42675006,0.42648888,-3.1434708,0.14159501,0.7210632,-0.67824662,0
-2.5064752,-1.4338368,1.6383538,-0.14159501,-0.7210632,0.67824662,0
-0.27640557,1.6700703,-1.9681795,0.14159501,0.7210632,-0.67824662,0
-4.2237372,2.2223024,0.30274367,-0.98710537,0.15451619,-0.041804075,0
-2.0965438,-2.3715787,0.72699308,-0.14159501,-0.7210632,0.67824662,0
-0.5292623,-1.2053522,-1.5625659,-0.074656785,-0.67542017,-0.73364413,0
-3.1613772,1.5482738,-2.6999502,0.14159501,0.7210632,-0.67824662,0
-3.6757891,-1.496678,-0.97416496,-0.074656785,-0.67542017,-0.73364413,0
-3.9507656,-1.3199883,-1.1088502,-0.074656785,-0.67542017,-0.73364413,0
-3.3525391,-1.4945148,-1.0090511,-0.074656785,-0.67542017,-0.73364413,0
4.6620235,0.83878565,0.66253185,0.98710537,-0.15451619,0.041804075,0
1.6614783,2.328681,-0.86342621,0.14159501,0.7210632,-0.67824662,0
-4.0636458,2.9497833,-0.78852415,-0.98710537,0.15451619,-0.041804075,0
1.0169933,2.6842825,-0.61992311,0.14159501,0.7210632,-0.67824662,0
-0.86332822,2.311039,0.68634129,0.074656785,0.67542017,0.73364413,0
2.7609894,-1.8852831,2.2580786,-0.14159501,-0.7210632,0.67824662,0
1.2455502,-0.70364404,-2.2050645,-0.074656785,-0.67542017,-0.73364413,0
-4.1793127,2.2381124,-0.68780613,-0.98710537,0.15451619,-0.041804075,0
4.4124146,-1.4104178,-1.7570486,0.98710537,-0.15451619,0.041804075,0
4.7233887,0.55866432,-1.8218498,0.98710537,-0.15451619,0.041804075,0
4.6424737,0.65572333,-2.0196624,0.14159501,0.7210632,-0.67824662,0
-2.848361,-2.1638119,-0.44417715,-0.074656785,-0.67542017,-0.73364413,0
-2.0078838,-0.85441041,2.3584471,-0.14159501,-0.7210632,0.67824662,0
-0.0379529,2.8748839,0.083253503,0.074656785,0.67542017,0.73364413,0
4.6600885,0.14245105,-1.8655701,0.98710537,-0.15451619,0.041804075,0
-3.3153207,2.637521,-1.5740786,0.14159501,0.7210632,-0.67824662,0
-1.2415122,0.04121995,-2.637727,-0.074656785,-0.67542017,-0.73364413,0
-4.1404905,2.1678252,-1.8642938,-0.98710537,0.15451619,-0.041804075,0
3.9820926,2.471302,-0.22733545,0.14159501,0.7210632,-0.67824662,0
-4.3108296,0.85323226,-2.701138,-0.98710537,0.15451619,-0.041804075,0
0.87542164,-1.0223417,-1.8739948,-0.074656785,-0.67542017,-0.73364413,0
4.2808027,-1.4420576,1.233726,0.98710537,-0.15451619,0.041804075,0
4.1894774,-2.201395,0.58349729,0.98710537,-0.15451619,0.041804075,0
2.3135877,-0.91266274,3.1986964,-0.14159501,-0.7210632,0.67824662,0
3.6188774,0.3760891,-2.530643,0.14159501,0.7210632,-0.67824662,0
-1.4239374,3.4151459,-0.27309239,0.074656785,0.67542017,0.73364413,0
0.096280098,3.1234307,-0.34526622,0.14159501,0.7210632,-0.67824662,0
0.35827518,1.2635185,-2.2678962,0.14159501,0.7210632,-0.67824662,0
0.22816575,-2.0935287,-0.82195467,-0.074656785,-0.67542017,-0.73364413,0
1.7290195,0.54593945,2.0475569,0.074656785,0.67542017,0.73364413,0
-4.2094789,-0.5609827,2.2107792,-0.14159501,-0.7210632,0.67824662,0
-4.8000932,-1.4971814,0.16409349,-0.98710537,0.15451619,-0.041804075,0
0.50893319,-2.2085676,-0.74461651,-0.074656785,-0.67542017,-0.73364413,0
0.92785925,-0.025094986,2.6547999,0.074656785,0.67542017,0.73364413,0
-0.25840533,1.7167394,1.1719182,0.074656785,0.67542017,0.73364413,0
-0.79256654,-2.369154,1.0017979,-0.14159501,-0.7210632,0.67824662,0
0.39886212,2.8200655,-0.60461372,0.14159501,0.7210632,-0.67824662,0
4.2700119,-1.2030957,2.3717849,0.98710537,-0.15451619,0.041804075,0
3.3894591,-0.69524026,-2.4309685,-0.074656785,-0.67542017,-0.73364413,0
-4.3552175,1.1106136,-0.7016778,-0.98710537,0.15451619,-0.041804075,0
2.2266707,-2.1881099,1.8245871,-0.14159501,-0.7210632,0.67824662,0
1.1888211,-1.2839557,2.5691504,-0.14159501,-0.7210632,0.67824662,0
4.5588231,0.056257486,0.20699263,0.98710537,-0.15451619,0.041804075,0
-2.5901875,-0.020504594,-2.4436581,-0.074656785,-0.67542017,-0.73364413,0
1.3378799,0.59580708,-2.7732501,0.14159501,0.7210632,-0.67824662,0
-4.3278012,1.4483075,-0.10087013,-0.98710537,0.15451619,-0.041804075,0
4.6591244,0.43177056,-0.77341557,0.98710537,-0.15451619,0.041804075,0
4.5152769,-0.15232903,0.46425724,0.98710537,-0.15451619,0.041804075,0
0.0032813549,-1.0899628,2.5278888,-0.14159501,-0.7210632,0.67824662,0
4.2940254,-1.9197054,-0.84398365,0.98710537,-0.15451619,0.041804075,0
-0.62008524,1.8151106,-1.8857319,0.14159501,0.7210632,-0.67824662,0
-4.5609522,-0.046930373,-0.12224388,-0.98710537,0.15451619,-0.041804075,0
-4.5350366,-0.66450113,-1.6528599,-0.074656785,-0.67542017,-0.73364413,0
-4.7011395,-0.33060098,2.1394715,-0.98710537,0.15451619,-0.041804075,0
-2.7630358,3.5094156,-0.5318445,0.14159501,0.7210632,-0.67824662,0
4.3682652,-1.1111238,0.39170957,0.98710537,-0.15451619,0.041804075,0
2.1806428,0.73110282,1.8311305,0.074656785,0.67542017,0.73364413,0
-2.9586554,-0.20008945,2.8555851,-0.14159501,-0.7210632,0.67824662,0
-1.0946298,-2.0864124,-0.69389659,-0.074656785,-0.67542017,-0.73364413,0
-4.4234648,0.25426304,-2.2554297,-0.98710537,0.15451619,-0.041804075,0
0.43648982,2.2020195,-1.2538202,0.14159501,0.7210632,-0.67824662,0
4.7613935,1.3758155,0.30111122,0.98710537,-0.15451619,0.041804075,0
4.2425261,-1.8570102,0.60379314,0.98710537,-0.15451619,0.041804075,0
1.1594687,1.349564,-2.0091562,0.14159501,0.7210632,-0.67824662,0
1.6335385,1.0160969,-2.2647049,0.14159501,0.7210632,-0.67824662,0
-2.6355772,-1.2566001,1.7998269,-0.14159501,-0.7210632,0.67824662,0
3.0077894,0.88873506,1.6018367,0.074656785,0.67542017,0.73364413,0
3.9268427,2.4565141,-0.25459099,0.14159501,0.7210632,-0.67824662,0
0.6170969,-3.2452478,0.3646881,-0.14159501,-0.7210632,0.67824662,0
3.5358343,-1.5982516,-1.6145182,-0.074656785,-0.67542017,-0.73364413,0
-2.1812675,0.77945375,2.2304919,0.074656785,0.67542017,0.73364413,0
4.4632435,-0.54607618,0.23753738,0.98710537,-0.15451619,0.041804075,0
4.2975421,-1.0705312,2.2117112,0.98710537,-0.15451619,0.041804075,0
3.2359271,2.2113647,-0.65945625,0.14159501,0.7210632,-0.67824662,0
4.2265759,-1.824337,1.1011901,0.98710537,-0.15451619,0.041804075,0
4.1991353,0.59564924,1.7504294,0.074656785,0.67542017,0.73364413,0
-0.071626902,1.0262649,-2.6098762,0.14159501,0.7210632,-0.67824662,0
-0.26168036,-2.6854668,0.77634799,-0.14159501,-0.7210632,0.67824662,0
0.1087079,0.40230012,-3.1075516,-0.074656785,-0.67542017,-0.73364413,0
3.3284383,-2.3832588,-0.8707068,-0.074656785,-0.67542017,-0.73364413,0
1.8108766,2.403023,-0.75320172,0.14159501,0.7210632,-0.67824662,0
4.7127204,1.1104167,0.46945906,0.98710537,-0.15451619,0.041804075,0
4.5499377,1.2415483,-1.4161739,0.14159501,0.7210632,-0.67824662,0
-3.0320466,-0.096582294,-2.3286538,-0.074656785,-0.67542017,-0.73364413,0
4.0168815,0.012191415,2.3061292,0.074656785,0.67542017,0.73364413,0
-0.18095404,0.42923689,2.349359,0.074656785,0.67542017,0.73364413,0
-1.4062697,3.2020202,-0.078678727,0.074656785,0.67542017,0.73364413,0
-3.1316731,2.9981525,0.28458929,0.074656785,0.67542017,0.73364413,0
4.7597971,1.367511,0.30811834,0.98710537,-0.15451619,0.041804075,0
2.5155337,0.50302672,-2.6260338,0.14159501,0.7210632,-0.67824662,0
-4.5048532,-0.16061854,-1.8671148,-0.98710537,0.15451619,-0.041804075,0
4.7348046,1.1221476,-0.0086560249,0.98710537,-0.15451619,0.041804075,0
1.3321812,-1.9943181,1.8438729,-0.14159501,-0.7210632,0.67824662,0
3.7153795,-3.6472843,0.58408999,-0.14159501,-0.7210632,0.67824662,0
1.9494338,2.3253298,-0.80687356,0.14159501,0.7210632,-0.67824662,0
-0.10802197,3.1784863,-0.32938635,0.14159501,0.7210632,-0.67824662,0
-4.647789,-0.35210526,0.80022287,-0.98710537,0.15451619,-0.041804075,0
2.2243593,2.8330443,-0.20971274,0.14159501,0.7210632,-0.67824662,0
3.1565905,-3.0865912,1.063522,-0.14159501,-0.7210632,0.67824662,0
2.4557257,0.0755651,-3.045583,-0.074656785,-0.67542017,-0.73364413,0
-3.3460448,-0.36568451,2.5986626,-0.14159501,-0.7210632,0.67824662,0
-1.7807891,-2.7957199,0.34199595,-0.14159501,-0.7210632,0.67824662,0
2.4981599,-3.1626313,-0.068696499,-0.074656785,-0.67542017,-0.73364413,0
1.9374447,-2.9325783,0.97274059,-0.14159501,-0.7210632,0.67824662,0
4.5718851,0.19837761,-2.520617,0.14159501,0.7210632,-0.67824662,0
-4.549305,0.72499132,2.455914,-0.98710537,0.15451619,-0.041804075,0
2.9437413,1.4520361,1.0897584,0.074656785,0.67542017,0.73364413,0
3.2587991,2.1903157,0.3780098,0.074656785,0.67542017,0.73364413,0
1.2654421,2.8946517,-0.067581177,0.074656785,0.67542017,0.73364413,0
1.3096783,2.8202031,-0.0035424232,0.074656785,0.67542017,0.73364413,0
4.1365781,-2.5372443,0.59122348,0.98710537,-0.15451619,0.041804075,0
1.2761213,-2.2113109,1.6014783,-0.14159501,-0.7210632,0.67824662,0
0.39152727,-1.4595327,-1.4222587,-0.074656785,-0.67542017,-0.73364413,0
4.7397766,1.0078003,-0.5487051,0.98710537,-0.15451619,0.041804075,0
-3.1263788,-1.8449695,-0.70942402,-0.074656785,-0.67542017,-0.73364413,0
-3.9804263,3.585525,-0.40373063,-0.98710537,0.15451619,-0.041804075,0
-0.62876594,1.2544425,-2.4836063,0.14159501,0.7210632,-0.67824662,0
0.18196189,-0.39873362,3.0746889,0.074656785,0.67542017,0.73364413,0
0.23179388,-2.9326305,0.61660242,-0.14159501,-0.7210632,0.67824662,0
0.78281951,-2.5035119,1.1878459,-0.14159501,-0.7210632,0.67824662,0
4.6252251,0.28118992,-0.52952909,0.98710537,-0.15451619,0.041804075,0
-4.7674112,-2.4155951,0.12261105,-0.14159501,-0.7210632,0.67824662,0
0.69812322,2.9506087,-0.061365724,0.074656785,0.67542017,0.73364413,0
1.3580562,-0.49716604,3.0456285,0.074656785,0.67542017,0.73364413,0
-4.5015845,0.47442198,0.40295887,-0.98710537,0.15451619,-0.041804075,0
4.6153488,0.22196317,-0.51524687,0.98710537,-0.15451619,0.041804075,0
-2.8873246,-2.5317602,-0.10146523,-0.074656785,-0.67542017,-0.73364413,0
-2.7827811,-0.57380462,-1.9146706,-0.074656785,-0.67542017,-0.73364413,0
4.4333172,-0.23576006,2.0911846,0.98710537,-0.15451619,0.041804075,0
2.6760871,1.2435098,-1.8052862,0.14159501,0.7210632,-0.67824662,0
-3.7709193,3.6975982,-0.5421946,0.14159501,0.7210632,-0.67824662,0
4.4144835,-1.1827569,-2.0864501,-0.074656785,-0.67542017,-0.73364413,0
4.8161931,1.7522019,0.39835501,0.98710537,-0.15451619,0.041804075,0
4.646944,0.77672303,-1.8900914,0.14159501,0.7210632,-0.67824662,0
4.4580293,-0.73316813,-0.33087063,0.98710537,-0.15451619,0.041804075,0
2.9434171,-2.1151869,2.0517464,-0.14159501,-0.7210632,0.67824662,0
3.0469694,1.490708,-1.4650555,0.14159501,0.7210632,-0.67824662,0
-4.6312084,0.0816679,2.0120239,-0.98710537,0.15451619,-0.041804075,0
-4.8189659,-1.691826,-0.10972595,-0.98710537,0.15451619,-0.041804075,0
-0.38467377,-1.0072904,-1.7596223,-0.074656785,-0.67542017,-0.73364413,0
-4.5191097,0.28787732,0.12724781,-0.98710537,0.15451619,-0.041804075,0
-4.3494129,0.84201401,-1.8315489,-0.98710537,0.15451619,-0.041804075,0
4.1358585,0.050760508,-2.7685797,0.14159501,0.7210632,-0.67824662,0
-4.1908865,1.892884,-1.6905484,-0.98710537,0.15451619,-0.041804075,0
4.248806,-1.0924034,3.2816608,0.98710537,-0.15451619,0.041804075,0
-0.62160563,-0.45327711,-2.2455573,-0.074656785,-0.67542017,-0.73364413,0
3.631165,-0.25264907,-2.8630311,-0.074656785,-0.67542017,-0.73364413,0
2.2855978,-0.94724381,3.1560888,-0.14159501,-0.7210632,0.67824662,0
1.3511567,-0.57256246,-2.3364899,-0.074656785,-0.67542017,-0.73364413,0
-4.218699,-1.1697185,1.5616908,-0.14159501,-0.7210632,0.67824662,0
1.8448815,1.5251672,-1.679376,0.14159501,0.7210632,-0.67824662,0
3.8508644,0.53844535,1.8385339,0.074656785,0.67542017,0.73364413,0
2.8301773,-2.2041674,-0.98488092,-0.074656785,-0.67542017,-0.73364413,0
4.385366,0.65839052,-2.0705037,0.14159501,0.7210632,-0.67824662,0
-4.7559714,-1.4261711,-0.61527252,-0.98710537,0.15451619,-0.041804075,0
-2.1050668,2.3845427,-1.5903666,0.14159501,0.7210632,-0.67824662,0
-2.5595498,-2.7143977,0.03332305,-0.074656785,-0.67542017,-0.73364413,0
-2.0345592,-1.018379,2.1785586,-0.14159501,-0.7210632,0.67824662,0
4.1805134,-2.0643702,1.3016312,0.98710537,-0.15451619,0.041804075,0
-4.1555109,2.7190313,0.52775931,-0.98710537,0.15451619,-0.041804075,0
0.77682233,2.5463004,-0.81675577,0.14159501,0.7210632,-0.67824662,0
-4.4118009,1.3209026,1.4116826,-0.98710537,0.15451619,-0.041804075,0
1.4399194,-2.7942014,-0.30019855,-0.074656785,-0.67542017,-0.73364413,0
-1.1403776,-0.14504528,2.9756973,0.074656785,0.67542017,0.73364413,0
4.4331183,-0.32488394,1.7664437,0.98710537,-0.15451619,0.041804075,0
0.62331653,-0.98220658,-1.8852901,-0.074656785,-0.67542017,-0.73364413,0
4.4251876,-0.83385968,0.072425842,0.98710537,-0.15451619,0.041804075,0
3.5011959,1.2260079,-1.6516378,0.14159501,0.7210632,-0.67824662,0
1.8414302,-1.0603366,-1.9373177,-0.074656785,-0.67542017,-0.73364413,0
4.3816862,-0.42169195,2.6230793,0.98710537,-0.15451619,0.041804075,0
-4.2231989,2.1475606,0.013772964,-0.98710537,0.15451619,-0.041804075,0
-4.5429177,-0.21978459,-1.1870017,-0.98710537,0.15451619,-0.041804075,0
1.7525196,1.2853868,-1.9535757,0.14159501,0.7210632,-0.67824662,0
1.1535294,0.96527386,1.7200645,0.074656785,0.67542017,0.73364413,0
-2.3109236,-1.426006,1.6875036,-0.14159501,-0.7210632,0.67824662,0
1.0038334,-1.5474288,2.2504258,-0.14159501,-0.7210632,0.67824662,0
4.6124926,0.58413959,0.89088011,0.98710537,-0.15451619,0.041804075,0
4.2117734,-2.0830595,0.4944222,0.98710537,-0.15451619,0.041804075,0
-4.2243252,2.3700492,0.86273313,-0.98710537,0.15451619,-0.041804075,0
4.2965817,-1.8053126,-0.48152447,0.98710537,-0.15451619,0.041804075,0
4.3604231,-0.66743445,2.2168519,0.98710537,-0.15451619,0.041804075,0
0.7447052,-2.0057082,1.7091184,-0.14159501,-0.7210632,0.67824662,0
4.6283712,0.56966966,0.46244764,0.98710537,-0.15451619,0.041804075,0
4.0764818,-2.9038353,0.65526843,0.98710537,-0.15451619,0.041804075,0
-1.8002896,1.24345,-2.7398677,0.14159501,0.7210632,-0.67824662,0
4.1236038,-2.4326582,1.284153,0.98710537,-0.15451619,0.041804075,0
-4.3020916,1.7994509,1.507262,0.074656785,0.67542017,0.73364413,0
1.9021816,-2.6762946,-0.45578909,-0.074656785,-0.67542017,-0.73364413,0
-3.5153894,-2.0466132,-0.48419714,-0.074656785,-0.67542017,-0.73364413,0
4.3060193,-1.6482744,-0.1239295,0.98710537,-0.15451619,0.041804075,0
4.5306554,-0.23682976,-0.21120024,0.98710537,-0.15451619,0.041804075,0
-4.2016363,2.5032411,0.81928778,-0.98710537,0.15451619,-0.041804075,0
4.6972108,0.77571833,-0.40143967,0.98710537,-0.15451619,0.041804075,0
-2.532094,-1.6960347,-0.90701413,-0.074656785,-0.67542017,-0.73364413,0
-4.2350521,-2.030107,0.64357328,-0.14159501,-0.7210632,0.67824662,0
4.7240067,1.9618154,-0.61409855,0.14159501,0.7210632,-0.67824662,0
-4.2650685,1.5390763,-1.2466588,-0.98710537,0.15451619,-0.041804075,0
-1.9407785,-1.3292264,1.8676664,-0.14159501,-0.7210632,0.67824662,0
-3.4211946,-0.74250984,2.1823602,-0.14159501,-0.7210632,0.67824662,0
2.6402836,2.3236716,-0.66440988,0.14159501,0.7210632,-0.67824662,0
4.2821465,-1.064968,2.5958054,0.98710537,-0.15451619,0.041804075,0
-0.48055077,-2.3692863,1.0667958,-0.14159501,-0.7210632,0.67824662,0
4.6203723,-0.01545167,-1.5114055,0.98710537,-0.15451619,0.041804075,0
-1.1051488,0.23928285,2.6182857,0.074656785,0.67542017,0.73364413,0
-3.0520253,-0.91752183,2.0733702,-0.14159501,-0.7210632,0.67824662,0
-1.2604285,-0.50571585,2.8851981,-0.14159501,-0.7210632,0.67824662,0
1.3849211,1.8442721,-1.4361508,0.14159501,0.7210632,-0.67824662,0
4.3858552,-0.42804784,2.5011511,0.98710537,-0.15451619,0.041804075,0
-2.0116992,-2.4711795,-0.24634314,-0.074656785,-0.67542017,-0.73364413,0
0.41863608,2.6822534,0.21413308,0.074656785,0.67542017,0.73364413,0
-4.125596,2.4419158,-1.2028918,-0.98710537,0.15451619,-0.041804075,0
4.5145297,0.14810982,1.592397,0.98710537,-0.15451619,0.041804075,0
-4.0444131,2.9973617,-1.0668073,-0.98710537,0.15451619,-0.041804075,0
-3.8091817,-2.1280284,-0.37934589,-0.074656785,-0.67542017,-0.73364413,0
-0.23291135,0.69558036,-2.9951072,0.14159501,0.7210632,-0.67824662,0
0.73044157,2.8911762,-0.45979071,0.14159501,0.7210632,-0.67824662,0
3.7701135,-1.6522031,2.7165442,-0.14159501,-0.7210632,0.67824662,0
1.5853274,-3.1688008,0.64809543,-0.14159501,-0.7210632,0.67824662,0
1.2281244,0.61734295,-2.7732682,0.14159501,0.7210632,-0.67824662,0
-4.1771326,1.7586994,-2.511286,-0.98710537,0.15451619,-0.041804075,0
-4.8369265,-1.7211287,0.20607996,-0.98710537,0.15451619,-0.041804075,0
-0.95275688,-0.059990644,2.8783002,0.074656785,0.67542017,0.73364413,0
-0.56782079,-1.0323716,-1.7178946,-0.074656785,-0.67542017,-0.73364413,0
-2.074326,-1.8944262,1.2389057,-0.14159501,-0.7210632,0.67824662,0
-1.8984234,2.7206233,0.4145956,0.074656785,0.67542017,0.73364413,0
-1.3083439,0.70356154,-3.2111368,0.14159501,0.7210632,-0.67824662,0
-4.2098756,1.8301719,-1.4739618,-0.98710537,0.15451619,-0.041804075,0
-0.80792046,-0.096040487,2.8967502,0.074656785,0.67542017,0.73364413,0
-1.4223142,1.4329582,-2.4594872,0.14159501,0.7210632,-0.67824662,0
-1.5998139,0.27816081,2.6328306,0.074656785,0.67542017,0.73364413,0
-2.6152179,-1.4207836,1.629529,-0.14159501,-0.7210632,0.67824662,0
-4.3456616,1.5740807,0.7857542,-0.98710537,0.15451619,-0.041804075,0
4.3303804,-1.3853989,0.27249146,0.98710537,-0.15451619,0.041804075,0
4.1739082,-1.7468934,2.6310754,0.98710537,-0.15451619,0.041804075,0
4.4675064,-0.50879872,0.27466869,0.98710537,-0.15451619,0.041804075,0
-0.27168572,1.6909528,1.1970099,0.074656785,0.67542017,0.73364413,0
0.43438888,-3.0162125,0.57003862,-0.14159501,-0.7210632,0.67824662,0
0.68930912,2.2405951,-1.1600292,0.14159501,0.7210632,-0.67824662,0
-2.4135077,-1.4191685,1.6733561,-0.14159501,-0.7210632,0.67824662,0
-4.1510139,2.6142511,0.034269094,-0.98710537,0.15451619,-0.041804075,0
1.3406303,0.94952691,-2.3966265,0.14159501,0.7210632,-0.67824662,0
-3.2264855,0.59375596,-2.9444182,-0.074656785,-0.67542017,-0.73364413,0
4.1105962,-2.6619911,0.74364543,0.98710537,-0.15451619,0.041804075,0
1.7887672,-0.97782862,3.0198517,-0.14159501,-0.7210632,0.67824662,0
-4.425169,1.122051,0.99233961,-0.98710537,0.15451619,-0.041804075,0
0.90627253,-1.629926,2.1423531,-0.14159501,-0.7210632,0.67824662,0
-4.4253206,0.74000394,-0.4161973,-0.98710537,0.15451619,-0.041804075,0
2.9244008,-1.2131654,3.0067408,-0.14159501,-0.7210632,0.67824662,0
-4.1528587,2.3644819,-0.84537244,-0.98710537,0.15451619,-0.041804075,0
0.33351827,-2.0011508,1.6281214,-0.14159501,-0.7210632,0.67824662,0
-4.2052355,2.0984554,-0.59189487,-0.98710537,0.15451619,-0.041804075,0
4.6836038,0.60714042,-0.70324135,0.98710537,-0.15451619,0.041804075,0
-4.2455935,1.9228181,-0.28812194,-0.98710537,0.15451619,-0.041804075,0
-0.53476048,3.2177982,-0.18189061,0.074656785,0.67542017,0.73364413,0
4.5038509,-0.17578793,-2.9326057,0.14159501,0.7210632,-0.67824662,0
-1.4170878,-0.75371957,-1.8880093,-0.074656785,-0.67542017,-0.73364413,0
2.4830201,-1.5559995,2.5501187,-0.14159501,-0.7210632,0.67824662,0
3.931932,0.67447209,-2.148068,0.14159501,0.7210632,-0.67824662,0
4.4307919,-0.24639207,2.1115086,0.98710537,-0.15451619,0.041804075,0
-4.7944384,-1.2232189,1.0431952,-0.98710537,0.15451619,-0.041804075,0
2.9917881,-1.2503698,-1.8794286,-0.074656785,-0.67542017,-0.73364413,0
-4.2584939,-0.13986146,-2.1640041,-0.074656785,-0.67542017,-0.73364413,0
-1.8647647,-1.500327,1.7016338,-0.14159501,-0.7210632,0.67824662,0
4.5975032,0.2672711,0.073606014,0.98710537,-0.15451619,0.041804075,0
-1.5873792,0.011940479,2.876658,0.074656785,0.67542017,0.73364413,0
2.0407596,0.17487943,2.3574452,0.074656785,0.67542017,0.73364413,0
4.7186055,2.0059969,-0.56825495,0.14159501,0.7210632,-0.67824662,0
1.7596868,-0.35670161,-2.5767922,-0.074656785,-0.67542017,-0.73364413,0
-1.5244949,-2.9276521,0.12432432,-0.074656785,-0.67542017,-0.73364413,0
-1.0450799,2.8543568,0.20463794,0.074656785,0.67542017,0.73364413,0
1.4559473,-0.29443252,2.8490229,0.074656785,0.67542017,0.73364413,0
-4.0022392,1.2137189,-3.2311687,0.14159501,0.7210632,-0.67824662,0
-0.33585548,-1.7398809,1.7661419,-0.14159501,-0.7210632,0.67824662,0
4.4832263,-0.88970184,-1.5044208,0.98710537,-0.15451619,0.041804075,0
2.8042381,1.4090044,-1.6025903,0.14159501,0.7210632,-0.67824662,0
-0.29889822,-2.3429718,1.1326947,-0.14159501,-0.7210632,0.67824662,0
2.0282292,2.0527413,0.62989068,0.074656785,0.67542017,0.73364413,0
3.1318164,0.58151507,1.872054,0.074656785,0.67542017,0.73364413,0
-4.7799263,-1.4088265,0.014477253,-0.98710537,0.15451619,-0.041804075,0
4.5343261,-0.78026676,-2.3065314,0.98710537,-0.15451619,0.041804075,0
3.6506891,2.3676369,-0.40673018,0.14159501,0.7210632,-0.67824662,0
2.376745,-3.2827125,0.69221413,-0.14159501,-0.7210632,0.67824662,0
4.3721056,-0.81065923,1.4116046,0.98710537,-0.15451619,0.041804075,0
1.0918107,0.82056165,-2.5856783,0.14159501,0.7210632,-0.67824662,0
-3.8720708,-0.70667088,2.1263335,-0.14159501,-0.7210632,0.67824662,0
4.6192503,-0.1359489,-1.9302979,0.98710537,-0.15451619,0.041804075,0
-3.9408057,1.9690331,-2.4153476,0.14159501,0.7210632,-0.67824662,0
1.2716049,2.2095685,0.56250501,0.074656785,0.67542017,0.73364413,0
-0.12178779,2.0245245,-1.55907,0.14159501,0.7210632,-0.67824662,0
1.195393,0.093326807,-2.933682,-0.074656785,-0.67542017,-0.73364413,0
-4.154747,1.8951827,-2.5353994,-0.98710537,0.15451619,-0.041804075,0
0.99905014,0.75670946,1.9277968,0.074656785,0.67542017,0.73364413,0
-1.8531797,-0.24034452,-2.3162642,-0.074656785,-0.67542017,-0.73364413,0
-3.600235,-0.52464247,-1.8767462,-0.074656785,-0.67542017,-0.73364413,0
4.5294838,-0.1398865,0.17479038,0.98710537,-0.15451619,0.041804075,0
4.6554642,0.35174274,-0.9827981,0.98710537,-0.15451619,0.041804075,0
-2.8485143,-1.3168924,1.6912742,-0.14159501,-0.7210632,0.67824662,0
-0.34165299,1.6630073,1.2298572,0.074656785,0.67542017,0.73364413,0
3.1503546,-1.6647329,2.5738382,-0.14159501,-0.7210632,0.67824662,0
3.491863,-3.3635144,0.01512289,-0.074656785,-0.67542017,-0.73364413,0
3.5668876,-2.4064882,1.8722155,-0.14159501,-0.7210632,0.67824662,0
-4.7888565,-1.1482753,1.1883941,-0.98710537,0.15451619,-0.041804075,0
3.3322163,1.7864888,0.7423172,0.074656785,0.67542017,0.73364413,0
4.2786717,-1.2450205,2.0123396,0.98710537,-0.15451619,0.041804075,0
1.7708014,0.17820096,-3.0703745,-0.074656785,-0.67542017,-0.73364413,0
3.5114148,1.6373003,0.86143017,0.074656785,0.67542017,0.73364413,0
4.6030674,0.33010751,0.1744647,0.98710537,-0.15451619,0.041804075,0
2.5335498,1.2270776,1.3386053,0.074656785,0.67542017,0.73364413,0
-4.207458,0.68097746,-2.9248924,-0.074656785,-0.67542017,-0.73364413,0
4.4918947,-0.91523361,-1.8034787,0.98710537,-0.15451619,0.041804075,0
-0.71110678,0.55066109,-3.1607125,-0.074656785,-0.67542017,-0.73364413,0
4.4933476,-0.26871401,0.55187893,0.98710537,-0.15451619,0.041804075,0
1.070585,0.96027422,1.733108,0.074656785,0.67542017,0.73364413,0
-1.0143402,-2.8985212,0.39271379,-0.14159501,-0.7210632,0.67824662,0
-0.78965282,-1.4920403,1.9348907,-0.14159501,-0.7210632,0.67824662,0
4.519146,-0.57310891,-1.182385,0.98710537,-0.15451619,0.041804075,0
-4.4642544,1.0837693,1.7737603,-0.98710537,0.15451619,-0.041804075,0
4.5491896,-0.15862525,-0.35979176,0.98710537,-0.15451619,0.041804075,0
-4.4243693,0.62902701,-0.84886122,-0.98710537,0.15451619,-0.041804075,0
3.4201045,-1.4624743,-1.7277429,-0.074656785,-0.67542017,-0.73364413,0
3.3021321,-1.7723414,2.4911227,-0.14159501,-0.7210632,0.67824662,0
-4.1423879,2.3502142,-1.1453495,-0.98710537,0.15451619,-0.041804075,0
-4.6000562,-0.64919049,-1.4249759,-0.98710537,0.15451619,-0.041804075,0
3.0563271,-3.0962219,1.032352,-0.14159501,-0.7210632,0.67824662,0
-1.4301455,2.4024777,0.65983975,0.074656785,0.67542017,0.73364413,0
-4.4486389,0.54418129,-0.58939457,-0.98710537,0.15451619,-0.041804075,0
4.48981,-0.22732466,0.78840804,0.98710537,-0.15451619,0.041804075,0
1.6183375,0.5494523,-2.7639811,0.14159501,0.7210632,-0.67824662,0
-3.5870476,0.97709823,-3.2606463,-0.074656785,-0.67542017,-0.73364413,0
4.6920524,0.63209951,-0.8104763,0.98710537,-0.15451619,0.041804075,0
-4.310524,1.087105,-1.8439031,-0.98710537,0.15451619,-0.041804075,0
3.2157733,0.26812625,2.1520276,0.074656785,0.67542017,0.73364413,0
-0.81798458,1.6156368,1.3219407,0.074656785,0.67542017,0.73364413,0
-4.6150875,0.20923877,2.1028972,-0.98710537,0.15451619,-0.041804075,0
-0.77711177,-2.1533589,-0.66457397,-0.074656785,-0.67542017,-0.73364413,0
4.6383843,-0.1866281,-2.569428,0.98710537,-0.15451619,0.041804075,0
-0.4852798,0.25908947,-2.9152613,-0.074656785,-0.67542017,-0.73364413,0
-1.2169222,2.901047,-0.85584116,0.14159501,0.7210632,-0.67824662,0
-1.5681107,0.48032284,2.4434867,0.074656785,0.67542017,0.73364413,0
0.46137571,3.0077469,-0.39203304,0.14159501,0.7210632,-0.67824662,0
-4.2904615,1.2161599,-1.8406291,-0.98710537,0.15451619,-0.041804075,0
-0.68377852,2.6752284,-0.98461318,0.14159501,0.7210632,-0.67824662,0
3.0797493,0.23305762,2.1981554,0.074656785,0.67542017,0.73364413,0
2.1964211,-0.11976337,-2.8393688,-0.074656785,-0.67542017,-0.73364413,0
4.5524912,-0.099655032,-0.21977186,0.98710537,-0.15451619,0.041804075,0
0.0037702322,-0.28498077,2.9880967,0.074656785,0.67542017,0.73364413,0
0.64401674,-0.95915532,2.8007183,-0.14159501,-0.7210632,0.67824662,0
4.258986,-1.9695778,-0.20094347,0.98710537,-0.15451619,0.041804075,0
0.41662383,-2.7239273,0.87706673,-0.14159501,-0.7210632,0.67824662,0
1.1389632,-0.72015345,3.1581361,-0.14159501,-0.7210632,0.67824662,0
4.1926255,-2.3765402,-0.13821268,0.98710537,-0.15451619,0.041804075,0
-3.1761644,3.3873649,-0.74784756,0.14159501,0.7210632,-0.67824662,0
2.7585895,1.696188,-1.3068078,0.14159501,0.7210632,-0.67824662,0
3.4794273,2.5013175,-0.30036402,0.14159501,0.7210632,-0.67824662,0
-3.1598408,-2.3619688,-0.23004985,-0.074656785,-0.67542017,-0.73364413,0
-2.7550182,3.1724815,-0.88837469,0.14159501,0.7210632,-0.67824662,0
-1.6030535,2.4535561,-1.4121932,0.14159501,0.7210632,-0.67824662,0
-4.9184651,-2.2173274,0.29736376,-0.98710537,0.15451619,-0.041804075,0
1.6432289,-0.50656188,3.0252588,0.074656785,0.67542017,0.73364413,0
1.7246897,-1.3186586,2.6441283,-0.14159501,-0.7210632,0.67824662,0
4.1294298,-2.2034757,1.993695,0.98710537,-0.15451619,0.041804075,0
0.84707069,1.8646888,-1.5267305,0.14159501,0.7210632,-0.67824662,0
4.446156,-1.2120469,-1.8205547,0.98710537,-0.15451619,0.041804075,0
4.2313867,-1.2048612,3.2773156,0.98710537,-0.15451619,0.041804075,0
4.3690891,-1.5651705,-1.3060141,0.98710537,-0.15451619,0.041804075,0
-3.5694013,-0.15895629,-2.216548,-0.074656785,-0.67542017,-0.73364413,0
0.065096617,1.185451,-2.4120977,0.14159501,0.7210632,-0.67824662,0
-0.25625813,0.45251226,2.3355939,0.074656785,0.67542017,0.73364413,0
4.4211712,-0.69717735,0.67246985,0.98710537,-0.15451619,0.041804075,0
1.2561452,0.36739659,-3.0331433,0.14159501,0.7210632,-0.67824662,0
1.2827556,2.957128,-0.27437103,0.14159501,0.7210632,-0.67824662,0
4.2743311,-1.0034305,3.0077977,0.98710537,-0.15451619,0.041804075,0
-1.1954703,0.87356055,-3.0068417,0.14159501,0.7210632,-0.67824662,0
4.3569245,-0.9376055,1.3008447,0.98710537,-0.15451619,0.041804075,0
2.3397043,-0.95100999,-2.0886731,-0.074656785,-0.67542017,-0.73364413,0
