4.2312102,-0.11181653,1.047226,0.94030255,-0.33996874,-0.015882254,0
-3.4720075,2.2278693,-1.394238,-0.94030255,0.33996874,0.015882254,0
-4.5133896,-0.70182228,-0.33715105,-0.94030255,0.33996874,0.015882254,0
3.9099765,-0.91072488,-0.8701787,0.94030255,-0.33996874,-0.015882254,0
-3.7782168,1.3292137,-0.28701615,-0.94030255,0.33996874,0.015882254,0
-3.918498,0.98940802,-1.318574,-0.94030255,0.33996874,0.015882254,0
2.7244141,-1.5873181,-2.2046456,-0.23385799,-0.61150336,-0.75589281,0
3.6057014,-1.8892579,2.0613608,0.94030255,-0.33996874,-0.015882254,0
2.285512,-0.48502958,-2.7217786,0.24726783,0.71448219,-0.65450269,0
3.3653839,-2.387924,-1.4922981,0.94030255,-0.33996874,-0.015882254,0
3.9021034,-0.96497357,-0.17510939,0.94030255,-0.33996874,-0.015882254,0
-2.9941213,-1.7715509,-0.0093071461,-0.24726783,-0.71448219,0.65450269,0
-3.7442551,1.3113744,2.1055529,-0.94030255,0.33996874,0.015882254,0
1.6931099,-0.93281859,2.6771004,-0.24726783,-0.71448219,0.65450269,0
-3.7357349,1.3735862,1.278301,-0.94030255,0.33996874,0.015882254,0
3.2192786,-2.8768418,0.32314777,0.94030255,-0.33996874,-0.015882254,0
2.8507187,-0.87602329,-2.8191459,-0.23385799,-0.61150336,-0.75589281,0
2.9442067,-3.6140146,-0.18274236,0.94030255,-0.33996874,-0.015882254,0
-4.4687519,-1.075484,-0.39328861,-0.23385799,-0.61150336,-0.75589281,0
3.8510418,-0.35198402,-1.985091,0.24726783,0.71448219,-0.65450269,0
-4.1913695,0.21443379,-0.88503838,-0.94030255,0.33996874,0.015882254,0
-0.37364411,1.9306608,1.1996064,0.23385799,0.61150336,0.75589281,0
-0.74120808,-1.8222885,-0.94236487,-0.23385799,-0.61150336,-0.75589281,0
0.11296582,-0.51010168,2.541585,-0.24726783,-0.71448219,0.65450269,0
1.624938,-2.5313404,0.90633273,-0.24726783,-0.71448219,0.65450269,0
-0.36440992,-0.61352801,-2.0368037,-0.23385799,-0.61150336,-0.75589281,0
0.16198015,1.1144412,1.6942018,0.23385799,0.61150336,0.75589281,0
-0.95642734,-0.021919131,2.6704941,-0.24726783,-0.71448219,0.65450269,0
-3.9927187,0.74886978,-0.56391764,-0.94030255,0.33996874,0.015882254,0
-3.157836,-1.2437913,-0.66270208,-0.23385799,-0.61150336,-0.75589281,0
-2.4991777,3.3959203,-0.29280496,0.24726783,0.71448219,-0.65450269,0
0.66609067,-2.6031897,0.46565133,-0.24726783,-0.71448219,0.65450269,0
3.1565955,-2.266041,-1.7892797,-0.23385799,-0.61150336,-0.75589281,0
-3.8397484,-0.36849022,1.2028577,-0.24726783,-0.71448219,0.65450269,0
2.0957077,1.5260165,-0.59814453,0.24726783,0.71448219,-0.65450269,0
-1.149761,-0.54105151,2.0307469,-0.24726783,-0.71448219,0.65450269,0
4.160058,-0.23119092,-0.61001539,0.94030255,-0.33996874,-0.015882254,0
2.2451396,-2.440114,-1.3664715,-0.23385799,-0.61150336,-0.75589281,0
0.26488805,-1.4492702,-1.5553956,-0.23385799,-0.61150336,-0.75589281,0
1.8076816,-1.6639032,-1.8590708,-0.23385799,-0.61150336,-0.75589281,0
3.8394988,-0.32888937,-1.964241,0.24726783,0.71448219,-0.65450269,0
1.0416505,-2.7357049,-0.75500846,-0.23385799,-0.61150336,-0.75589281,0
-0.4352175,2.9533792,0.0038524866,0.24726783,0.71448219,-0.65450269,0
3.38606,0.55239916,-1.1734967,0.24726783,0.71448219,-0.65450269,0
-2.4478326,1.7478094,1.9892422,0.23385799,0.61150336,0.75589281,0
-3.4185338,2.2288218,1.7512538,-0.94030255,0.33996874,0.015882254,0
2.4934115,-0.4474293,2.236428,0.23385799,0.61150336,0.75589281,0
-1.8388225,1.2795143,-2.3536825,0.24726783,0.71448219,-0.65450269,0
1.7681711,-0.7828089,-2.5596364,-0.23385799,-0.61150336,-0.75589281,0
-0.42735463,2.0431097,-0.98686469,0.24726783,0.71448219,-0.65450269,0
-3.4093754,0.7581501,2.5953374,-0.24726783,-0.71448219,0.65450269,0
-0.98330116,2.8709285,0.62756288,0.23385799,0.61150336,0.75589281,0
-0.55824667,2.3840134,-0.66417027,0.24726783,0.71448219,-0.65450269,0
1.3692192,-2.6844687,0.64256251,-0.24726783,-0.71448219,0.65450269,0
-3.141223,0.40194416,2.3077955,-0.24726783,-0.71448219,0.65450269,0
-3.3483725,-0.67690885,-1.0623517,-0.23385799,-0.61150336,-0.75589281,0
-1.2438977,0.31037301,-2.5121264,-0.23385799,-0.61150336,-0.75589281,0
-2.4992976,-0.0051193237,2.1059444,-0.24726783,-0.71448219,0.65450269,0
-2.5652974,2.5949063,-1.192205,0.24726783,0.71448219,-0.65450269,0
0.19646215,0.69091618,2.0261579,0.23385799,0.61150336,0.75589281,0
-0.26202059,-2.6722307,0.039647371,-0.24726783,-0.71448219,0.65450269,0
-1.0038793,-1.2387674,1.3242049,-0.24726783,-0.71448219,0.65450269,0
1.8935484,0.033582926,-2.3037217,0.24726783,0.71448219,-0.65450269,0
-0.99461901,-1.1466371,-1.4105542,-0.23385799,-0.61150336,-0.75589281,0
3.4256535,-2.2045128,-1.8500845,0.94030255,-0.33996874,-0.015882254,0
2.882688,-3.0461059,0.81956506,-0.24726783,-0.71448219,0.65450269,0
2.9887094,-0.025244951,-1.9541944,0.24726783,0.71448219,-0.65450269,0
3.3125052,-2.6404281,0.78202653,0.94030255,-0.33996874,-0.015882254,0
3.6942129,-1.5123121,-0.76708508,0.94030255,-0.33996874,-0.015882254,0
3.3889861,0.18067801,1.4512284,0.23385799,0.61150336,0.75589281,0
3.8624299,-1.0125843,-1.504811,0.94030255,-0.33996874,-0.015882254,0
-2.4373696,-2.0749097,-0.13012862,-0.24726783,-0.71448219,0.65450269,0
-4.1509714,0.23787451,1.0049515,-0.94030255,0.33996874,0.015882254,0
0.26160246,-1.3763685,1.6520865,-0.24726783,-0.71448219,0.65450269,0
0.49547553,-0.45929492,2.7415581,-0.24726783,-0.71448219,0.65450269,0
3.2239661,-2.8422239,-0.14033008,0.94030255,-0.33996874,-0.015882254,0
2.4632356,-2.9416723,0.77510238,-0.24726783,-0.71448219,0.65450269,0
0.66842902,2.4093332,0.48997295,0.23385799,0.61150336,0.75589281,0
-2.0855808,2.8461034,-0.73675287,0.24726783,0.71448219,-0.65450269,0
-3.9515572,0.90009505,-1.3640218,-0.94030255,0.33996874,0.015882254,0
3.2734714,-2.675159,-0.78549433,0.94030255,-0.33996874,-0.015882254,0
-0.79194951,1.5612102,1.6279005,0.23385799,0.61150336,0.75589281,0
2.186491,-2.2048891,-1.5386193,-0.23385799,-0.61150336,-0.75589281,0
-2.2400093,-0.097181201,2.1034036,-0.24726783,-0.71448219,0.65450269,0
-1.4000325,1.699585,1.7040867,0.23385799,0.61150336,0.75589281,0
-4.233871,-0.66912317,-0.79469442,-0.23385799,-0.61150336,-0.75589281,0
2.3791924,2.0672297,0.099765539,0.24726783,0.71448219,-0.65450269,0
-3.828207,1.2072639,-0.63625979,-0.94030255,0.33996874,0.015882254,0
3.6677063,0.56531596,-1.0529916,0.24726783,0.71448219,-0.65450269,0
2.6442778,1.1451786,0.90136266,0.23385799,0.61150336,0.75589281,0
1.0422583,0.031779051,-2.6273038,0.24726783,0.71448219,-0.65450269,0
-4.5830717,-0.90057063,-0.20830584,-0.94030255,0.33996874,0.015882254,0
4.0666523,-0.53864479,0.44113779,0.94030255,-0.33996874,-0.015882254,0
2.8008189,0.041280031,-1.9525567,0.24726783,0.71448219,-0.65450269,0
-4.1973677,0.15678024,-0.0060596466,-0.94030255,0.33996874,0.015882254,0
-0.50941825,-1.7914212,-1.0390471,-0.23385799,-0.61150336,-0.75589281,0
0.18593454,-0.6422736,2.4248679,-0.24726783,-0.71448219,0.65450269,0
-2.0632815,1.3719788,-2.337544,0.24726783,0.71448219,-0.65450269,0
4.281723,0.028883696,1.0260348,0.94030255,-0.33996874,-0.015882254,0
-3.8296649,1.1326531,0.87451148,-0.94030255,0.33996874,0.015882254,0
-2.4635561,-0.95383483,-1.1120679,-0.23385799,-0.61150336,-0.75589281,0
-1.6186697,2.5759392,1.0627742,0.23385799,0.61150336,0.75589281,0
-0.65999591,-0.95249581,1.7666283,-0.24726783,-0.71448219,0.65450269,0
-2.4202659,1.457387,-2.3791759,0.24726783,0.71448219,-0.65450269,0
2.2557113,-2.765547,0.88896608,-0.24726783,-0.71448219,0.65450269,0
-4.1869898,0.16487479,0.43509102,-0.94030255,0.33996874,0.015882254,0
-4.1031165,0.41925693,-0.044416904,-0.94030255,0.33996874,0.015882254,0
-2.8207908,-0.37241817,1.5835272,-0.24726783,-0.71448219,0.65450269,0
-2.2385392,0.20223874,-2.116926,-0.23385799,-0.61150336,-0.75589281,0
3.433748,-2.1840892,-1.808027,0.94030255,-0.33996874,-0.015882254,0
4.5187607,1.2562685,0.23156548,0.23385799,0.61150336,0.75589281,0
3.8449931,-1.0963973,-0.74309659,0.94030255,-0.33996874,-0.015882254,0
3.4762359,-2.2371216,1.8426416,0.94030255,-0.33996874,-0.015882254,0
4.0634856,-0.46567392,-1.3083434,0.94030255,-0.33996874,-0.015882254,0
-0.22976708,-0.65791374,-2.042552,-0.23385799,-0.61150336,-0.75589281,0
-3.7348185,1.3317325,2.2284257,-0.94030255,0.33996874,0.015882254,0
2.4327786,-1.085182,2.771117,0.23385799,0.61150336,0.75589281,0
-1.3520744,2.2165182,-1.1469193,0.24726783,0.71448219,-0.65450269,0
3.5767586,-1.8278136,2.4117198,-0.24726783,-0.71448219,0.65450269,0
-3.1805024,3.0055022,-0.78145862,-0.94030255,0.33996874,0.015882254,0
4.1832614,1.3466473,0.26224709,0.23385799,0.61150336,0.75589281,0
-0.63791406,-2.1886659,0.42551637,-0.24726783,-0.71448219,0.65450269,0
2.5055749,-0.20272386,-2.3304629,0.24726783,0.71448219,-0.65450269,0
-0.17291898,2.177803,-0.74370337,0.24726783,0.71448219,-0.65450269,0
2.9181986,-3.6753035,-0.4106195,0.94030255,-0.33996874,-0.015882254,0
-1.877733,2.2842264,-1.2715976,0.24726783,0.71448219,-0.65450269,0
-2.5920901,0.074658394,2.1579766,-0.24726783,-0.71448219,0.65450269,0
-3.4236975,2.2817578,0.31241131,-0.94030255,0.33996874,0.015882254,0
2.4518633,0.61304688,1.3913765,0.23385799,0.61150336,0.75589281,0
3.859906,-1.2013564,2.3865194,0.94030255,-0.33996874,-0.015882254,0
-3.2051096,0.66868949,2.5748496,-0.24726783,-0.71448219,0.65450269,0
2.0711155,-3.210289,-0.68957424,-0.23385799,-0.61150336,-0.75589281,0
-3.931258,0.97122216,-1.6847346,-0.94030255,0.33996874,0.015882254,0
-4.3685651,-0.35761666,0.86922264,-0.94030255,0.33996874,0.015882254,0
4.4599328,0.60102272,-0.67006207,0.94030255,-0.33996874,-0.015882254,0
-0.60789645,-1.4707947,-1.2679608,-0.23385799,-0.61150336,-0.75589281,0
3.8137071,-1.1612362,-1.207453,0.94030255,-0.33996874,-0.015882254,0
-4.3852696,-0.81534243,0.50896072,-0.24726783,-0.71448219,0.65450269,0
-3.3697875,2.3974054,1.028615,-0.94030255,0.33996874,0.015882254,0
-0.035584629,-1.5411537,1.3599243,-0.24726783,-0.71448219,0.65450269,0
-3.8801622,1.0915358,-1.235019,-0.94030255,0.33996874,0.015882254,0
1.5192988,-3.4206152,-0.34870338,-0.23385799,-0.61150336,-0.75589281,0
1.8981161,0.075694084,-2.2560256,0.24726783,0.71448219,-0.65450269,0
-3.7729883,1.2938107,0.78035808,-0.94030255,0.33996874,0.015882254,0
1.7329767,1.4392819,-0.82986534,0.24726783,0.71448219,-0.65450269,0
-3.0192444,2.1194613,1.8653661,0.23385799,0.61150336,0.75589281,0
-3.6444683,1.7287289,-0.92033553,-0.94030255,0.33996874,0.015882254,0
4.2040854,-0.19667935,1.2578521,0.94030255,-0.33996874,-0.015882254,0
2.0208895,1.9483297,-0.16539574,0.24726783,0.71448219,-0.65450269,0
2.9862733,-3.4851665,-0.4502914,0.94030255,-0.33996874,-0.015882254,0
2.3548083,-3.5864058,0.030320883,-0.24726783,-0.71448219,0.65450269,0
3.798455,-1.1350495,-2.6710017,0.94030255,-0.33996874,-0.015882254,0
3.6674781,-1.530838,-1.9533679,0.94030255,-0.33996874,-0.015882254,0
-2.1773453,2.3186383,-1.3472241,0.24726783,0.71448219,-0.65450269,0
-0.32715774,-0.62621748,2.2485518,-0.24726783,-0.71448219,0.65450269,0
2.6600616,-1.2439899,-2.4624822,-0.23385799,-0.61150336,-0.75589281,0
-1.0083325,-2.6184525,-0.18359888,-0.24726783,-0.71448219,0.65450269,0
-0.54073572,-2.4386127,0.18937725,-0.24726783,-0.71448219,0.65450269,0
1.8919868,1.5489882,0.80743182,0.23385799,0.61150336,0.75589281,0
0.91603351,0.11561267,2.2689466,0.23385799,0.61150336,0.75589281,0
4.0363908,-0.63947129,0.80776739,0.94030255,-0.33996874,-0.015882254,0
-1.1461389,-2.2219446,0.19718313,-0.24726783,-0.71448219,0.65450269,0
-0.51216161,2.1984382,-0.84934127,0.24726783,0.71448219,-0.65450269,0
3.355233,0.38368881,1.2974381,0.23385799,0.61150336,0.75589281,0
-3.1542761,1.3849999,2.5013082,0.23385799,0.61150336,0.75589281,0
-3.2304795,2.8591952,-0.60857081,-0.94030255,0.33996874,0.015882254,0
2.4159348,-2.8759689,0.82895637,-0.24726783,-0.71448219,0.65450269,0
-3.6321435,1.7715728,-1.1077468,-0.94030255,0.33996874,0.015882254,0
0.066794395,-0.73783857,2.2755346,-0.24726783,-0.71448219,0.65450269,0
2.1418927,0.17384046,1.8425852,0.23385799,0.61150336,0.75589281,0
4.0303993,0.51629949,0.98127604,0.23385799,0.61150336,0.75589281,0
-3.846529,1.2235096,-2.0687468,-0.94030255,0.33996874,0.015882254,0
-2.337712,1.0985677,2.4803977,0.23385799,0.61150336,0.75589281,0
1.6309755,-1.183534,2.379935,-0.24726783,-0.71448219,0.65450269,0
4.3488259,0.27998734,-0.37618017,0.94030255,-0.33996874,-0.015882254,0
-4.3816414,-0.33114314,-0.47165203,-0.94030255,0.33996874,0.015882254,0
2.3474627,-2.6002524,-1.268579,-0.23385799,-0.61150336,-0.75589281,0
-0.29336691,-1.6923234,-1.1860572,-0.23385799,-0.61150336,-0.75589281,0
-3.9179578,1.0094068,-1.714664,-0.94030255,0.33996874,0.015882254,0
-4.0389433,-1.2860513,-0.35591793,-0.23385799,-0.61150336,-0.75589281,0
1.1379931,-3.013654,0.19585389,-0.24726783,-0.71448219,0.65450269,0
1.5411637,-0.32713071,2.4337151,0.23385799,0.61150336,0.75589281,0
2.4356198,-1.0527902,-2.5477216,-0.23385799,-0.61150336,-0.75589281,0
3.54529,-1.1683635,-2.7975345,-0.23385799,-0.61150336,-0.75589281,0
-2.8102596,-1.7959626,0.033505917,-0.24726783,-0.71448219,0.65450269,0
-1.7690902,3.5181813,0.34705472,0.23385799,0.61150336,0.75589281,0
1.0923005,2.2917836,0.45393121,0.23385799,0.61150336,0.75589281,0
3.9290435,-0.81133747,-1.8688033,0.94030255,-0.33996874,-0.015882254,0
4.186223,-0.16635108,-0.44889927,0.94030255,-0.33996874,-0.015882254,0
4.1213431,-0.31458235,-1.1170995,0.94030255,-0.33996874,-0.015882254,0
1.3824524,-1.8616791,1.5457529,-0.24726783,-0.71448219,0.65450269,0
4.3634763,0.31741619,-0.30998421,0.94030255,-0.33996874,-0.015882254,0
1.0447483,-3.1478462,0.014136732,-0.24726783,-0.71448219,0.65450269,0
1.4738405,-1.109422,-2.2043524,-0.23385799,-0.61150336,-0.75589281,0
0.8503859,-1.4337134,1.8119259,-0.24726783,-0.71448219,0.65450269,0
1.6448694,1.7005781,0.76125169,0.23385799,0.61150336,0.75589281,0
-3.7223263,1.4675715,0.060337782,-0.94030255,0.33996874,0.015882254,0
-0.83775973,3.1028981,0.014995337,0.24726783,0.71448219,-0.65450269,0
0.25374699,-2.4436924,-0.74747968,-0.23385799,-0.61150336,-0.75589281,0
-3.6829665,1.4703141,2.331912,-0.94030255,0.33996874,0.015882254,0
-4.1448154,0.37448347,-1.5547848,-0.94030255,0.33996874,0.015882254,0
-3.6030903,1.86027,-1.2862759,-0.94030255,0.33996874,0.015882254,0
1.7129545,-0.97417694,2.6394491,-0.24726783,-0.71448219,0.65450269,0
-0.76518083,-1.8655369,-0.89996099,-0.23385799,-0.61150336,-0.75589281,0
1.9407208,-2.1852036,1.4034914,-0.24726783,-0.71448219,0.65450269,0
3.494401,-2.0306301,-1.5019772,0.94030255,-0.33996874,-0.015882254,0
-2.7179213,2.2668247,1.6529285,0.23385799,0.61150336,0.75589281,0
-3.0079532,-0.069918096,-1.6587148,-0.23385799,-0.61150336,-0.75589281,0
-3.9832971,0.73954785,0.19341755,-0.94030255,0.33996874,0.015882254,0
-3.7588625,1.3399609,0.62881184,-0.94030255,0.33996874,0.015882254,0
-3.4936664,2.0276725,1.6087625,-0.94030255,0.33996874,0.015882254,0
-4.2254915,0.024233818,1.1661129,-0.94030255,0.33996874,0.015882254,0
3.0565188,-3.3105712,-0.028740883,0.94030255,-0.33996874,-0.015882254,0
-0.86404133,0.80856729,-2.4995203,0.24726783,0.71448219,-0.65450269,0
-3.6184487,1.8213072,-1.361532,-0.94030255,0.33996874,0.015882254,0
-3.2113342,2.8559587,0.59419513,-0.94030255,0.33996874,0.015882254,0
3.7197347,-1.5550358,1.6584358,0.94030255,-0.33996874,-0.015882254,0
3.7343922,-1.3610547,-1.6260233,0.94030255,-0.33996874,-0.015882254,0
-1.5382562,-0.33168712,-1.9016432,-0.23385799,-0.61150336,-0.75589281,0
4.3175488,0.15820384,0.37894344,0.94030255,-0.33996874,-0.015882254,0
3.8003285,-1.1697302,-1.8177145,0.94030255,-0.33996874,-0.015882254,0
-3.4581242,2.1106679,1.9364552,-0.94030255,0.33996874,0.015882254,0
-3.3287599,-1.6451659,-0.28511691,-0.23385799,-0.61150336,-0.75589281,0
-3.3241415,0.83215952,-2.2906568,-0.23385799,-0.61150336,-0.75589281,0
1.1395497,-3.1545303,-0.44647431,-0.23385799,-0.61150336,-0.75589281,0
3.8794789,1.1509573,-0.33367491,0.24726783,0.71448219,-0.65450269,0
-2.7223482,1.6464901,-2.2868683,0.24726783,0.71448219,-0.65450269,0
4.0749125,-0.42777491,-1.4430513,0.94030255,-0.33996874,-0.015882254,0
0.059729099,-1.3724822,-1.5540438,-0.23385799,-0.61150336,-0.75589281,0
1.8891407,0.14516318,-2.1835811,0.24726783,0.71448219,-0.65450269,0
0.57260156,1.0283947,1.6367738,0.23385799,0.61150336,0.75589281,0
-3.7328289,1.4433026,-0.041974068,-0.94030255,0.33996874,0.015882254,0
3.7364082,-1.4027417,-0.61434412,0.94030255,-0.33996874,-0.015882254,0
3.3609672,-2.4339149,-0.76933217,0.94030255,-0.33996874,-0.015882254,0
-3.6874704,1.5469708,0.4243722,-0.94030255,0.33996874,0.015882254,0
-3.9053006,1.0209224,-1.2117934,-0.94030255,0.33996874,0.015882254,0
3.3492808,-2.4427593,-1.2719159,0.94030255,-0.33996874,-0.015882254,0
-3.3977141,0.41268396,2.2226183,-0.24726783,-0.71448219,0.65450269,0
-3.4526458,2.1915836,0.5287652,-0.94030255,0.33996874,0.015882254,0
-0.34522891,2.0163512,1.1214935,0.23385799,0.61150336,0.75589281,0
2.23423,-1.3095603,-2.2776937,-0.23385799,-0.61150336,-0.75589281,0
-1.0045837,1.3532335,-1.9580363,0.24726783,0.71448219,-0.65450269,0
4.262711,1.4218175,0.10679102,0.24726783,0.71448219,-0.65450269,0
2.4178526,0.46594352,1.5209029,0.23385799,0.61150336,0.75589281,0
3.8621323,-1.1882703,2.23822,0.94030255,-0.33996874,-0.015882254,0
3.1166577,-2.3193123,1.7013557,-0.24726783,-0.71448219,0.65450269,0
-3.4574492,2.257256,-1.1613634,-0.94030255,0.33996874,0.015882254,0
-2.9416826,1.5108767,-2.5177724,0.24726783,0.71448219,-0.65450269,0
3.9345713,-0.94406998,1.2997062,0.94030255,-0.33996874,-0.015882254,0
-2.6801291,3.9335048,0.29292274,0.23385799,0.61150336,0.75589281,0
-3.497911,2.1282654,-0.79577827,-0.94030255,0.33996874,0.015882254,0
-0.45871335,-1.6936109,1.0336398,-0.24726783,-0.71448219,0.65450269,0
-3.4378085,2.2134669,0.93879986,-0.94030255,0.33996874,0.015882254,0
-4.2681093,-0.29615092,-1.0858293,-0.23385799,-0.61150336,-0.75589281,0
-4.6177144,-1.0030932,-0.064778328,-0.94030255,0.33996874,0.015882254,0
3.2016051,-2.8511879,-1.2723114,0.94030255,-0.33996874,-0.015882254,0
-3.4632189,2.2676635,-1.7257359,-0.94030255,0.33996874,0.015882254,0
-3.7060542,1.6100832,-2.0268373,-0.94030255,0.33996874,0.015882254,0
3.6954131,-1.651773,2.2892258,0.94030255,-0.33996874,-0.015882254,0
-3.3238626,1.568619,-2.5991247,0.24726783,0.71448219,-0.65450269,0
1.3953122,2.05264,-0.28786647,0.24726783,0.71448219,-0.65450269,0
-2.7087221,0.22038329,2.2729928,-0.24726783,-0.71448219,0.65450269,0
-1.656487,-1.1746752,1.1476185,-0.24726783,-0.71448219,0.65450269,0
-3.890521,1.0798469,-1.5980844,-0.94030255,0.33996874,0.015882254,0
0.22680819,-2.8885231,-0.011789259,-0.24726783,-0.71448219,0.65450269,0
0.86864686,-0.96684313,2.3284798,-0.24726783,-0.71448219,0.65450269,0
-0.71081793,2.2964301,-0.81742048,0.24726783,0.71448219,-0.65450269,0
-4.0016799,0.64253294,1.1817501,-0.94030255,0.33996874,0.015882254,0
-2.2353485,-1.0080868,1.1107825,-0.24726783,-0.71448219,0.65450269,0
-2.199017,0.30292296,2.5556607,-0.24726783,-0.71448219,0.65450269,0
-4.0091743,0.6795963,-0.055335999,-0.94030255,0.33996874,0.015882254,0
1.5240974,2.3740516,0.25378823,0.23385799,0.61150336,0.75589281,0
-4.4272628,-0.4802804,0.019731998,-0.94030255,0.33996874,0.015882254,0
-2.9824042,3.4946947,-0.36753917,0.24726783,0.71448219,-0.65450269,0
3.6489444,-0.00017476082,-1.6773934,0.24726783,0.71448219,-0.65450269,0
-3.74071,1.3018914,2.5184131,-0.94030255,0.33996874,0.015882254,0
0.34914529,2.4898908,0.52358317,0.23385799,0.61150336,0.75589281,0
-3.5969715,1.8834904,-1.4210536,-0.94030255,0.33996874,0.015882254,0
-0.98341787,-0.94949239,1.6477195,-0.24726783,-0.71448219,0.65450269,0
0.9779067,2.2273536,-0.25483572,0.24726783,0.71448219,-0.65450269,0
-2.4778748,1.2298737,-2.6493027,0.24726783,0.71448219,-0.65450269,0
3.5515819,-2.0062275,1.361037,0.94030255,-0.33996874,-0.015882254,0
4.3705511,1.0787588,0.42102003,0.23385799,0.61150336,0.75589281,0
-2.2179949,1.5771372,-2.1720343,0.24726783,0.71448219,-0.65450269,0
2.4948442,0.22624493,1.6909947,0.23385799,0.61150336,0.75589281,0
2.75772,0.092004299,-1.9134665,0.24726783,0.71448219,-0.65450269,0
3.8764575,-1.0029181,-0.88124013,0.94030255,-0.33996874,-0.015882254,0
-4.1644096,0.27720404,-0.632514,-0.94030255,0.33996874,0.015882254,0
1.4152102,-2.7975178,-0.82057482,-0.23385799,-0.61150336,-0.75589281,0
3.2190602,-1.2652889,-2.6181948,-0.23385799,-0.61150336,-0.75589281,0
2.1908529,-3.2471349,0.33874154,-0.24726783,-0.71448219,0.65450269,0
-3.6379633,1.6106169,1.993041,-0.94030255,0.33996874,0.015882254,0
-3.6967087,-1.5327722,-0.014080524,-0.24726783,-0.71448219,0.65450269,0
-3.7606163,1.4781559,-2.4331553,-0.94030255,0.33996874,0.015882254,0
3.1840048,-2.9105725,-1.0431976,0.94030255,-0.33996874,-0.015882254,0
-4.3657122,-1.1163461,0.18776083,-0.24726783,-0.71448219,0.65450269,0
1.0636146,0.070192456,-2.577302,0.24726783,0.71448219,-0.65450269,0
3.8292663,-1.1961079,0.46016502,0.94030255,-0.33996874,-0.015882254,0
3.7640653,-1.3062751,-1.0418346,0.94030255,-0.33996874,-0.015882254,0
0.13239282,-1.3841529,1.594774,-0.24726783,-0.71448219,0.65450269,0
-0.32100463,1.9881468,1.1368159,0.23385799,0.61150336,0.75589281,0
-0.23023176,0.053422391,2.6738889,0.23385799,0.61150336,0.75589281,0
-0.041909695,1.7442904,1.2477448,0.23385799,0.61150336,0.75589281,0
-0.11059165,2.7089345,-0.14035091,0.24726783,0.71448219,-0.65450269,0
-0.51925993,2.5750389,0.72336709,0.23385799,0.61150336,0.75589281,0
-1.8668818,1.3609502,2.1224697,0.23385799,0.61150336,0.75589281,0
3.3274097,-2.5939913,0.6704433,0.94030255,-0.33996874,-0.015882254,0
0.57696199,1.4244775,1.315001,0.23385799,0.61150336,0.75589281,0
-3.3325937,-1.7118021,-0.071956158,-0.24726783,-0.71448219,0.65450269,0
-3.3530807,2.4498029,0.89614463,-0.94030255,0.33996874,0.015882254,0
-2.2897427,-0.1438365,2.033684,-0.24726783,-0.71448219,0.65450269,0
-1.8682797,-0.33575058,1.9834092,-0.24726783,-0.71448219,0.65450269,0
3.4794359,0.2519052,1.365623,0.23385799,0.61150336,0.75589281,0
-3.5494819,1.726778,-2.5117095,0.24726783,0.71448219,-0.65450269,0
2.636611,-0.43123007,2.1790199,0.23385799,0.61150336,0.75589281,0
3.0066214,-3.440506,-0.20158339,0.94030255,-0.33996874,-0.015882254,0
1.8991389,0.96619123,1.2766913,0.23385799,0.61150336,0.75589281,0
-4.3790965,-0.32247734,-0.50645685,-0.94030255,0.33996874,0.015882254,0
-1.4363425,2.4540231,1.1049936,0.23385799,0.61150336,0.75589281,0
-0.84794259,0.4326852,2.5581796,0.23385799,0.61150336,0.75589281,0
1.9710729,1.9669224,-0.16391945,0.24726783,0.71448219,-0.65450269,0
4.1912556,-0.11743021,-1.1981266,0.94030255,-0.33996874,-0.015882254,0
0.098622561,0.87080991,1.9108967,0.23385799,0.61150336,0.75589281,0
-0.45017129,1.4445386,-1.6489096,0.24726783,0.71448219,-0.65450269,0
0.18288326,-2.2384522,-0.89159131,-0.23385799,-0.61150336,-0.75589281,0
0.24665976,0.42102689,2.2289629,0.23385799,0.61150336,0.75589281,0
-4.0872259,0.39540529,1.4069419,-0.94030255,0.33996874,0.015882254,0
3.4387643,-1.8888121,-2.1817482,-0.23385799,-0.61150336,-0.75589281,0
1.6267591,0.86257446,-1.499552,0.24726783,0.71448219,-0.65450269,0
1.5779142,-1.7638901,-1.707098,-0.23385799,-0.61150336,-0.75589281,0
2.6819599,-1.6053922,2.3164735,-0.24726783,-0.71448219,0.65450269,0
-0.86418939,0.60357559,-2.7233536,0.24726783,0.71448219,-0.65450269,0
2.5908623,1.8246784,-0.085045815,0.24726783,0.71448219,-0.65450269,0
3.9869771,-0.81184375,1.5719762,0.94030255,-0.33996874,-0.015882254,0
-0.082628965,-2.5948629,-0.52111757,-0.23385799,-0.61150336,-0.75589281,0
3.3882468,1.6567627,0.25733161,0.23385799,0.61150336,0.75589281,0
-2.8380673,-1.7348478,0.089715719,-0.24726783,-0.71448219,0.65450269,0
4.0636592,0.066706419,1.3346987,0.23385799,0.61150336,0.75589281,0
0.61307871,0.94482195,1.69186,0.23385799,0.61150336,0.75589281,0
-2.6240983,2.4461722,-1.3767836,0.24726783,0.71448219,-0.65450269,0
3.9483778,-0.94075876,2.046216,0.94030255,-0.33996874,-0.015882254,0
3.7952065,-1.3486425,1.7087491,0.94030255,-0.33996874,-0.015882254,0
3.8151476,-1.2732321,1.2751615,0.94030255,-0.33996874,-0.015882254,0
-1.5472059,-1.8019426,0.50415337,-0.24726783,-0.71448219,0.65450269,0
3.5847054,-1.8185873,-0.69442225,0.94030255,-0.33996874,-0.015882254,0
-0.45606804,-0.73865104,2.0771127,-0.24726783,-0.71448219,0.65450269,0
-3.6861165,1.5257678,0.95840287,-0.94030255,0.33996874,0.015882254,0
2.8128357,-2.4659739,1.4264717,-0.24726783,-0.71448219,0.65450269,0
-3.9661324,0.78665674,0.20125437,-0.94030255,0.33996874,0.015882254,0
3.3552647,-0.26561791,1.822706,0.23385799,0.61150336,0.75589281,0
3.7979002,-1.1475761,-2.4357114,0.94030255,-0.33996874,-0.015882254,0
3.5008874,-2.152036,1.4807906,0.94030255,-0.33996874,-0.015882254,0
-3.6147532,1.6940339,1.5816033,-0.94030255,0.33996874,0.015882254,0
-4.3431125,-0.27281737,0.56095886,-0.94030255,0.33996874,0.015882254,0
2.6156094,0.46720064,-1.5575753,0.24726783,0.71448219,-0.65450269,0
-2.5636878,3.7820954,0.10438824,0.24726783,0.71448219,-0.65450269,0
-1.8169465,-1.1812844,-1.1281134,-0.23385799,-0.61150336,-0.75589281,0
-3.866468,1.1612102,-1.9156451,-0.94030255,0.33996874,0.015882254,0
3.6818812,-1.6065801,0.52068496,0.94030255,-0.33996874,-0.015882254,0
2.0834241,0.58070266,1.5315304,0.23385799,0.61150336,0.75589281,0
1.3644385,0.77412009,-1.6952153,0.24726783,0.71448219,-0.65450269,0
4.5343404,1.3499622,0.13097095,0.24726783,0.71448219,-0.65450269,0
-2.390758,2.1953044,-1.5624864,0.24726783,0.71448219,-0.65450269,0
4.080965,-0.43726277,-0.88162136,0.94030255,-0.33996874,-0.015882254,0
3.3851862,-2.3734334,-0.63011312,0.94030255,-0.33996874,-0.015882254,0
0.10190487,1.6238589,1.3006785,0.23385799,0.61150336,0.75589281,0
3.0897217,1.4220525,0.5395658,0.23385799,0.61150336,0.75589281,0
2.0741246,0.80842221,-1.389654,0.24726783,0.71448219,-0.65450269,0
-3.7496414,1.2934557,2.1702085,-0.94030255,0.33996874,0.015882254,0
0.98813975,-0.35620755,2.6283324,0.23385799,0.61150336,0.75589281,0
-2.7859309,-1.7850753,0.054582119,-0.24726783,-0.71448219,0.65450269,0
-1.1877463,2.5027874,0.98863375,0.23385799,0.61150336,0.75589281,0
2.0673456,-2.6001849,0.99831843,-0.24726783,-0.71448219,0.65450269,0
-0.40664697,2.4537992,0.78660774,0.23385799,0.61150336,0.75589281,0
-2.8746347,0.62342358,2.6502874,-0.24726783,-0.71448219,0.65450269,0
1.4418225,-1.154771,2.3398728,-0.24726783,-0.71448219,0.65450269,0
1.2446691,1.8094007,-0.61030865,0.24726783,0.71448219,-0.65450269,0
-2.410429,2.973309,0.98626375,0.23385799,0.61150336,0.75589281,0
3.0364394,-3.336607,-0.66020226,0.94030255,-0.33996874,-0.015882254,0
-1.2351358,1.9974376,1.4121134,0.23385799,0.61150336,0.75589281,0
-2.153316,1.3879197,-2.354157,0.24726783,0.71448219,-0.65450269,0
2.870156,-1.4695365,-2.3450184,-0.23385799,-0.61150336,-0.75589281,0
3.5535297,-1.9049816,-0.69085193,0.94030255,-0.33996874,-0.015882254,0
3.2990022,-2.6290877,-0.26015162,0.94030255,-0.33996874,-0.015882254,0
-1.4854738,-0.46652043,-1.8088955,-0.23385799,-0.61150336,-0.75589281,0
-0.85077173,-2.3355007,0.18480867,-0.24726783,-0.71448219,0.65450269,0
1.4384655,-2.3040287,1.0840272,-0.24726783,-0.71448219,0.65450269,0
-0.07981658,-0.0055795908,2.6750851,0.23385799,0.61150336,0.75589281,0
-3.5947359,1.7796605,0.93384027,-0.94030255,0.33996874,0.015882254,0
3.1044374,-3.0393453,0.91072106,-0.24726783,-0.71448219,0.65450269,0
-3.4951499,2.150887,-1.1165349,-0.94030255,0.33996874,0.015882254,0
-3.9036365,1.0280564,-1.2659745,-0.94030255,0.33996874,0.015882254,0
-0.3323034,2.3233333,-0.64505106,0.24726783,0.71448219,-0.65450269,0
-2.2657485,2.5762606,1.2627074,0.23385799,0.61150336,0.75589281,0
1.5288792,-1.5681126,1.9215417,-0.24726783,-0.71448219,0.65450269,0
4.2566452,-0.033315778,0.87271929,0.94030255,-0.33996874,-0.015882254,0
-3.0215375,-0.81962168,1.0195005,-0.24726783,-0.71448219,0.65450269,0
-1.3373766,2.5119789,1.0274904,0.23385799,0.61150336,0.75589281,0
0.80572665,2.306191,0.530936,0.23385799,0.61150336,0.75589281,0
3.6045752,-1.8762993,1.7172856,0.94030255,-0.33996874,-0.015882254,0
3.5824039,-1.7749416,-1.7649598,0.94030255,-0.33996874,-0.015882254,0
3.5477626,-1.9170575,-0.77380013,0.94030255,-0.33996874,-0.015882254,0
2.6196196,0.35747552,1.5462289,0.23385799,0.61150336,0.75589281,0
3.4725885,-2.1408882,-0.43321586,0.94030255,-0.33996874,-0.015882254,0
1.2027843,-1.2529517,2.1423872,-0.24726783,-0.71448219,0.65450269,0
2.0214987,-1.1565413,2.5569391,-0.24726783,-0.71448219,0.65450269,0
-3.8067207,1.2112536,0.55043459,-0.94030255,0.33996874,0.015882254,0
3.3020487,-2.6722019,0.84307098,0.94030255,-0.33996874,-0.015882254,0
4.5337434,0.78615689,-0.26306486,0.94030255,-0.33996874,-0.015882254,0
-3.7768011,1.2417692,1.6685934,-0.94030255,0.33996874,0.015882254,0
-3.6341577,-0.8528502,-0.83160162,-0.23385799,-0.61150336,-0.75589281,0
2.4071033,-1.5128767,2.313628,-0.24726783,-0.71448219,0.65450269,0
-1.6613677,-0.1577816,-2.0042415,-0.23385799,-0.61150336,-0.75589281,0
3.1904411,-2.9823265,0.87379289,0.94030255,-0.33996874,-0.015882254,0
-1.3720593,2.3164537,1.1963969,0.23385799,0.61150336,0.75589281,0
-1.8094263,-0.68802392,1.6210876,-0.24726783,-0.71448219,0.65450269,0
-3.7888887,1.354522,-1.4605618,-0.94030255,0.33996874,0.015882254,0
-0.85181379,2.3224254,-0.84231037,0.24726783,0.71448219,-0.65450269,0
0.57478231,2.3704357,-0.25093955,0.24726783,0.71448219,-0.65450269,0
3.9940267,-0.70138848,-0.37499809,0.94030255,-0.33996874,-0.015882254,0
4.1337109,1.0050323,0.55393744,0.23385799,0.61150336,0.75589281,0
2.9518206,-3.5862195,-0.32694197,0.94030255,-0.33996874,-0.015882254,0
2.6627297,0.55041039,-1.4489384,0.24726783,0.71448219,-0.65450269,0
-4.2563925,0.036995769,-0.93653584,-0.94030255,0.33996874,0.015882254,0
-2.8612103,3.1002336,1.023047,0.23385799,0.61150336,0.75589281,0
-0.332057,0.51273882,2.333813,0.23385799,0.61150336,0.75589281,0
-1.6498804,1.8296275,1.6761826,0.23385799,0.61150336,0.75589281,0
4.2107496,-0.16295552,0.93053532,0.94030255,-0.33996874,-0.015882254,0
3.6671877,-1.5431501,-1.7069888,0.94030255,-0.33996874,-0.015882254,0
-4.1285629,0.31099963,0.76633048,-0.94030255,0.33996874,0.015882254,0
-4.1137114,-0.0036541224,-1.3702221,-0.23385799,-0.61150336,-0.75589281,0
3.9306448,0.18597412,-1.3677599,0.24726783,0.71448219,-0.65450269,0
-3.6522951,1.6421738,0.46905613,-0.94030255,0.33996874,0.015882254,0
3.6143579,-1.7680551,-0.020517588,0.94030255,-0.33996874,-0.015882254,0
-3.605268,-1.0655297,0.5305264,-0.24726783,-0.71448219,0.65450269,0
3.8330989,-1.2236054,1.2756555,0.94030255,-0.33996874,-0.015882254,0
2.9035645,1.8977185,0.21235394,0.23385799,0.61150336,0.75589281,0
3.1914232,0.2133162,1.4859467,0.23385799,0.61150336,0.75589281,0
2.2367361,1.3457806,-0.74161744,0.24726783,0.71448219,-0.65450269,0
3.4430368,-2.2580812,0.32575107,0.94030255,-0.33996874,-0.015882254,0
1.1602018,-2.1498604,1.147197,-0.24726783,-0.71448219,0.65450269,0
-1.5201247,2.3027384,-1.116286,0.24726783,0.71448219,-0.65450269,0
0.22849035,-1.6453654,-1.3854978,-0.23385799,-0.61150336,-0.75589281,0
3.6718721,-1.6851954,1.6109114,0.94030255,-0.33996874,-0.015882254,0
2.7382622,-2.6173029,-1.3756913,-0.23385799,-0.61150336,-0.75589281,0
-1.9636726,2.5687165,1.1753542,0.23385799,0.61150336,0.75589281,0
-3.3650143,-0.82527232,-0.93717957,-0.23385799,-0.61150336,-0.75589281,0
4.1967545,-0.18468261,0.56702471,0.94030255,-0.33996874,-0.015882254,0
3.8882823,0.41218209,1.1094732,0.23385799,0.61150336,0.75589281,0
-0.64559782,-2.2640147,0.34035927,-0.24726783,-0.71448219,0.65450269,0
-3.4787359,0.53654766,2.3272238,-0.24726783,-0.71448219,0.65450269,0
-0.46705163,-1.614221,1.1171551,-0.24726783,-0.71448219,0.65450269,0
3.839344,-1.0310361,-2.4766474,0.94030255,-0.33996874,-0.015882254,0
-4.2762718,-0.069259644,0.16094542,-0.94030255,0.33996874,0.015882254,0
0.98610067,-0.057812452,-2.7463219,0.24726783,0.71448219,-0.65450269,0
-2.37343,-1.0786268,-1.0389965,-0.23385799,-0.61150336,-0.75589281,0
-0.4586221,-2.8316844,-0.21320868,-0.23385799,-0.61150336,-0.75589281,0
4.0656157,-0.49800372,-0.49015999,0.94030255,-0.33996874,-0.015882254,0
-0.65560573,1.2197703,-1.9718881,0.24726783,0.71448219,-0.65450269,0
3.2485442,-2.7833941,0.05551672,0.94030255,-0.33996874,-0.015882254,0
0.012582302,2.9371343,0.26589742,0.23385799,0.61150336,0.75589281,0
2.3743954,-3.758553,-0.15020227,-0.24726783,-0.71448219,0.65450269,0
3.3609812,1.305539,-0.3608129,0.24726783,0.71448219,-0.65450269,0
-0.413095,-2.7936416,-0.14996493,-0.24726783,-0.71448219,0.65450269,0
0.28243542,-0.049074531,-2.693557,-0.23385799,-0.61150336,-0.75589281,0
2.676218,-1.217895,-2.4885907,-0.23385799,-0.61150336,-0.75589281,0
2.7444458,-1.0388155,-2.6545713,-0.23385799,-0.61150336,-0.75589281,0
-2.3218482,-1.7641425,-0.50038576,-0.23385799,-0.61150336,-0.75589281,0
-4.4803858,-1.2732773,-0.026874542,-0.24726783,-0.71448219,0.65450269,0
1.6676152,-1.2316153,-2.1654501,-0.23385799,-0.61150336,-0.75589281,0
0.8345772,-3.1961012,-0.31849188,-0.23385799,-0.61150336,-0.75589281,0
0.92012858,-2.0723608,-1.2540452,-0.23385799,-0.61150336,-0.75589281,0
4.3501458,0.28083444,-0.31615877,0.94030255,-0.33996874,-0.015882254,0
1.7639173,-3.3434834,-0.48678172,-0.23385799,-0.61150336,-0.75589281,0
2.3445864,-0.68579555,2.4753056,0.23385799,0.61150336,0.75589281,0
1.8971784,1.5652647,0.79265821,0.23385799,0.61150336,0.75589281,0
-0.11658376,-2.0830667,0.73774862,-0.24726783,-0.71448219,0.65450269,0
2.2807512,1.6980765,-0.34040785,0.24726783,0.71448219,-0.65450269,0
4.0117545,-0.66174591,-0.17400169,0.94030255,-0.33996874,-0.015882254,0
-3.3991349,2.2783086,1.8404558,-0.94030255,0.33996874,0.015882254,0
-1.3133397,-1.9690962,0.41003501,-0.24726783,-0.71448219,0.65450269,0
1.4721494,-3.4601674,-0.16533613,-0.24726783,-0.71448219,0.65450269,0
-3.0783777,1.1773529,2.6458089,0.23385799,0.61150336,0.75589281,0
3.8691611,-1.1660614,2.1789587,0.94030255,-0.33996874,-0.015882254,0
-1.970788,-0.47390416,-1.6527755,-0.23385799,-0.61150336,-0.75589281,0
-2.7232258,2.7891219,1.2320408,0.23385799,0.61150336,0.75589281,0
-3.5787809,1.903401,-0.77029443,-0.94030255,0.33996874,0.015882254,0
4.2931852,0.14421892,-0.76415348,0.94030255,-0.33996874,-0.015882254,0
-1.8720269,-0.77328104,-1.4411398,-0.23385799,-0.61150336,-0.75589281,0
3.469162,-2.1728914,0.048941135,0.94030255,-0.33996874,-0.015882254,0
-4.1485987,0.24331641,1.0289347,-0.94030255,0.33996874,0.015882254,0
-3.8906252,-1.155087,-0.50775194,-0.23385799,-0.61150336,-0.75589281,0
-2.9150538,-0.46580893,-1.3671875,-0.23385799,-0.61150336,-0.75589281,0
3.339293,-2.5391421,0.19992375,0.94030255,-0.33996874,-0.015882254,0
3.854773,-1.0380377,-1.413307,0.94030255,-0.33996874,-0.015882254,0
-0.20702794,1.556088,-1.4352794,0.24726783,0.71448219,-0.65450269,0
3.6002557,-1.3713883,2.6414583,0.23385799,0.61150336,0.75589281,0
-1.9915905,-1.8981719,-0.494133,-0.23385799,-0.61150336,-0.75589281,0
3.3308253,1.4373105,0.45262957,0.23385799,0.61150336,0.75589281,0
0.2870768,2.0142529,-0.74845725,0.24726783,0.71448219,-0.65450269,0
3.3060584,-1.8023114,2.3372898,-0.24726783,-0.71448219,0.65450269,0
-2.6713371,2.0135207,1.8434343,0.23385799,0.61150336,0.75589281,0
-0.072226286,-1.4765291,-1.4290472,-0.23385799,-0.61150336,-0.75589281,0
3.3631907,-2.4788029,0.32317352,0.94030255,-0.33996874,-0.015882254,0
2.1875486,-3.6550293,-0.10778093,-0.24726783,-0.71448219,0.65450269,0
-0.71067405,-0.90041053,-1.6975939,-0.23385799,-0.61150336,-0.75589281,0
0.25038958,0.50965637,2.1561096,0.23385799,0.61150336,0.75589281,0
0.6286242,-1.0430789,-1.9965298,-0.23385799,-0.61150336,-0.75589281,0
0.034477234,-0.28637737,2.7561591,-0.24726783,-0.71448219,0.65450269,0
-3.604111,1.8596274,-1.3329327,-0.94030255,0.33996874,0.015882254,0
3.8711982,-0.22069097,-1.8341506,0.24726783,0.71448219,-0.65450269,0
-4.131103,0.35488021,-0.32332611,-0.94030255,0.33996874,0.015882254,0
3.6767857,-1.4919245,-2.2352691,0.94030255,-0.33996874,-0.015882254,0
-1.0556921,-1.6453055,-0.98824584,-0.23385799,-0.61150336,-0.75589281,0
-1.6186188,-2.1077282,0.14336538,-0.24726783,-0.71448219,0.65450269,0
3.2798529,-2.1284313,1.9713833,-0.24726783,-0.71448219,0.65450269,0
-2.0454342,0.66797173,2.7383173,0.23385799,0.61150336,0.75589281,0
-3.6457038,1.7719254,-1.9181185,-0.94030255,0.33996874,0.015882254,0
3.7968726,-1.1509206,-2.4249282,0.94030255,-0.33996874,-0.015882254,0
3.537631,-1.9161884,-1.3922491,0.94030255,-0.33996874,-0.015882254,0
-1.6121871,1.1255862,2.2340772,0.23385799,0.61150336,0.75589281,0
-3.1616781,2.8021348,1.3571622,0.23385799,0.61150336,0.75589281,0
2.3903267,-3.7774,-0.32954955,-0.23385799,-0.61150336,-0.75589281,0
-3.572221,1.7846966,2.1590104,-0.94030255,0.33996874,0.015882254,0
-3.0023808,0.19796038,2.1375723,-0.24726783,-0.71448219,0.65450269,0
-3.7403874,1.3859458,0.7382493,-0.94030255,0.33996874,0.015882254,0
-0.37636328,0.48714411,-2.6661568,0.24726783,0.71448219,-0.65450269,0
-1.9807935,0.39212906,2.7354858,-0.24726783,-0.71448219,0.65450269,0
3.1896455,-2.9475274,0.081808567,0.94030255,-0.33996874,-0.015882254,0
-4.6881695,-1.1980438,-0.063033104,-0.94030255,0.33996874,0.015882254,0
3.9580779,-0.91508836,2.0710242,0.94030255,-0.33996874,-0.015882254,0
2.4534073,-0.99620342,2.6927526,0.23385799,0.61150336,0.75589281,0
2.0936096,-2.4383488,-1.3210192,-0.23385799,-0.61150336,-0.75589281,0
-3.4912,2.1692333,-1.2753685,-0.94030255,0.33996874,0.015882254,0
3.607059,-1.865736,1.6382263,0.94030255,-0.33996874,-0.015882254,0
0.58445656,1.9113715,-0.74841803,0.24726783,0.71448219,-0.65450269,0
-0.14205003,0.92062324,1.9450577,0.23385799,0.61150336,0.75589281,0
-0.5392766,-0.92219758,-1.7329953,-0.23385799,-0.61150336,-0.75589281,0
-2.7645011,-1.2725538,0.6221683,-0.24726783,-0.71448219,0.65450269,0
-2.4323902,0.50858086,-2.3047776,-0.23385799,-0.61150336,-0.75589281,0
-1.6814861,2.0027227,1.5459299,0.23385799,0.61150336,0.75589281,0
-1.3523943,2.2573857,-1.1024274,0.24726783,0.71448219,-0.65450269,0
1.7806256,1.2692014,-0.99753118,0.24726783,0.71448219,-0.65450269,0
3.739799,-1.4781173,1.199856,0.94030255,-0.33996874,-0.015882254,0
0.84134817,1.5388916,-1.0579802,0.24726783,0.71448219,-0.65450269,0
2.9593918,0.023178339,-1.9124092,0.24726783,0.71448219,-0.65450269,0
-2.7005668,-0.21296549,1.8030124,-0.24726783,-0.71448219,0.65450269,0
-3.4485228,2.2518179,-0.51648903,-0.94030255,0.33996874,0.015882254,0
0.30033779,0.64914334,-2.2336574,0.24726783,0.71448219,-0.65450269,0
-3.7546148,1.3308715,1.0748432,-0.94030255,0.33996874,0.015882254,0
3.2779796,1.2586859,0.61348319,0.23385799,0.61150336,0.75589281,0
-1.1581452,2.0795746,1.3218468,0.23385799,0.61150336,0.75589281,0
-3.2867723,2.6448066,0.6477561,-0.94030255,0.33996874,0.015882254,0
4.1070261,-0.33504868,-1.5266182,0.94030255,-0.33996874,-0.015882254,0
3.2346938,-2.7748539,-0.94728231,0.94030255,-0.33996874,-0.015882254,0
-4.0720277,0.42329788,1.7096658,-0.94030255,0.33996874,0.015882254,0
-3.6560881,1.6059225,1.0204685,-0.94030255,0.33996874,0.015882254,0
3.2311318,0.67679501,1.0987155,0.23385799,0.61150336,0.75589281,0
3.9271922,-0.88398397,-0.42335916,0.94030255,-0.33996874,-0.015882254,0
-3.3536253,2.5525336,-1.3350894,-0.94030255,0.33996874,0.015882254,0
1.4116095,-3.0308318,0.28047264,-0.24726783,-0.71448219,0.65450269,0
-1.573741,-1.4287288,-1.0031786,-0.23385799,-0.61150336,-0.75589281,0
1.2468463,2.4298716,0.067845464,0.24726783,0.71448219,-0.65450269,0
-2.2875986,1.998296,1.73703,0.23385799,0.61150336,0.75589281,0
-2.4560297,3.6355453,-0.014919519,0.24726783,0.71448219,-0.65450269,0
-1.3784207,-1.5833485,-0.93852222,-0.23385799,-0.61150336,-0.75589281,0
2.0256402,1.3456303,-0.82153249,0.24726783,0.71448219,-0.65450269,0
-0.79682755,1.8883288,1.364777,0.23385799,0.61150336,0.75589281,0
2.8627183,0.58827829,1.2843037,0.23385799,0.61150336,0.75589281,0
-1.8719683,-2.029736,-0.42470908,-0.23385799,-0.61150336,-0.75589281,0
-3.2016273,-1.6760864,0.016510963,-0.24726783,-0.71448219,0.65450269,0
-3.866941,1.0851828,-0.31627178,-0.94030255,0.33996874,0.015882254,0
0.79802746,1.1174459,-1.5344141,0.24726783,0.71448219,-0.65450269,0
4.4018736,0.88422585,-0.42749214,0.24726783,0.71448219,-0.65450269,0
3.1053183,-3.1913974,0.30942583,0.94030255,-0.33996874,-0.015882254,0
-0.73854023,1.4104185,-1.7951008,0.24726783,0.71448219,-0.65450269,0
-3.696806,1.5793337,-0.82107615,-0.94030255,0.33996874,0.015882254,0
-0.91149247,3.2869351,0.26880515,0.23385799,0.61150336,0.75589281,0
-3.1526172,3.0394204,0.14343739,-0.94030255,0.33996874,0.015882254,0
