0.29445672,-2.4081802,-2.0249636,0.32902706,-0.57683438,-0.74766535,0
2.0239148,0.77615958,-3.5499713,0.42272288,0.79796088,-0.42960912,0
0.69288516,0.42635441,-4.0365095,0.32902706,-0.57683438,-0.74766535,0
-2.0502205,-0.6974473,-0.77133381,-0.84442097,0.17470229,-0.50639176,0
2.1415381,-2.4887764,-0.48017001,0.84442097,-0.17470229,0.50639176,0
-3.3055842,0.57468837,2.1144133,-0.32902706,0.57683438,0.74766535,0
0.39638394,2.2930346,-2.3339543,0.42272288,0.79796088,-0.42960912,0
-1.167836,3.9236093,0.47143888,-0.32902706,0.57683438,0.74766535,0
3.5392873,0.95377076,-1.7289921,0.42272288,0.79796088,-0.42960912,0
1.0248072,1.5683979,-3.061552,0.42272288,0.79796088,-0.42960912,0
-3.0736177,1.1958441,1.5883814,-0.84442097,0.17470229,-0.50639176,0
1.1961287,3.3034518,0.32973123,0.42272288,0.79796088,-0.42960912,0
1.9754739,-3.3513532,-0.55752254,0.32902706,-0.57683438,-0.74766535,0
-1.7176594,2.0866013,-0.36540687,-0.84442097,0.17470229,-0.50639176,0
-0.39549017,3.0218308,1.5070617,-0.32902706,0.57683438,0.74766535,0
2.3392763,-0.83429533,-2.3393688,0.32902706,-0.57683438,-0.74766535,0
1.8584573,3.295444,0.9665693,0.42272288,0.79796088,-0.42960912,0
0.2421373,1.6468076,-3.6860378,0.42272288,0.79796088,-0.42960912,0
-0.46628475,-0.13244438,3.9094744,-0.32902706,0.57683438,0.74766535,0
0.90126324,3.649791,0.68288684,0.42272288,0.79796088,-0.42960912,0
-2.784725,1.0160813,1.0446284,-0.84442097,0.17470229,-0.50639176,0
2.9786448,1.1853908,-1.8504343,0.42272288,0.79796088,-0.42960912,0
-1.7810931,-2.5878892,-1.8723017,-0.84442097,0.17470229,-0.50639176,0
-1.3079875,3.9944963,0.35507202,-0.32902706,0.57683438,0.74766535,0
-0.099937677,-4.1199565,-0.76769567,-0.42272288,-0.79796088,0.42960912,0
-1.9108045,-2.3339045,0.76789641,-0.42272288,-0.79796088,0.42960912,0
2.5184927,-1.438375,-0.74636829,0.84442097,-0.17470229,0.50639176,0
2.068697,1.0652235,0.86740386,0.84442097,-0.17470229,0.50639176,0
-1.7959859,3.5201898,0.25978446,-0.84442097,0.17470229,-0.50639176,0
0.84669924,2.0381582,-2.3642673,0.42272288,0.79796088,-0.42960912,0
-1.5337045,-2.3992009,1.0176696,-0.42272288,-0.79796088,0.42960912,0
1.6180437,2.6390936,2.1618562,0.84442097,-0.17470229,0.50639176,0
-1.0798838,3.2133546,-1.04019,-0.84442097,0.17470229,-0.50639176,0
-1.393337,2.8914711,-0.62854671,-0.84442097,0.17470229,-0.50639176,0
1.875046,-0.080791831,-3.1250021,0.32902706,-0.57683438,-0.74766535,0
0.28271008,0.46472692,3.6384144,0.84442097,-0.17470229,0.50639176,0
-0.062975645,1.2833017,2.9946918,-0.32902706,0.57683438,0.74766535,0
0.20209312,-2.6152887,2.32428,-0.42272288,-0.79796088,0.42960912,0
-0.22713827,-1.4399569,3.8314939,0.84442097,-0.17470229,0.50639176,0
-0.78695166,1.0146943,2.8833241,-0.32902706,0.57683438,0.74766535,0
-1.9128854,-3.1088803,-0.67360032,-0.42272288,-0.79796088,0.42960912,0
-0.13197017,3.0819719,1.5766305,-0.32902706,0.57683438,0.74766535,0
-2.1395323,2.1082458,1.4444002,-0.32902706,0.57683438,0.74766535,0
0.74466372,-2.7306824,-1.5780252,0.32902706,-0.57683438,-0.74766535,0
0.39527118,-0.022021532,-3.8215528,0.32902706,-0.57683438,-0.74766535,0
1.7822872,2.0826383,1.6960021,0.84442097,-0.17470229,0.50639176,0
-0.19056463,2.4896002,-2.5463915,0.42272288,0.79796088,-0.42960912,0
-1.2974981,1.7864832,2.0632005,-0.32902706,0.57683438,0.74766535,0
-1.2809184,0.99396265,2.6819377,-0.32902706,0.57683438,0.74766535,0
2.5604272,-1.0182766,-2.1001022,0.32902706,-0.57683438,-0.74766535,0
1.7179999,0.33579296,-3.5155146,0.32902706,-0.57683438,-0.74766535,0
-1.0678588,-2.1197968,1.9950162,-0.42272288,-0.79796088,0.42960912,0
1.1905451,-1.8659465,1.320508,0.84442097,-0.17470229,0.50639176,0
1.3796196,1.3394605,-3.1376579,0.42272288,0.79796088,-0.42960912,0
-1.9923046,1.4712434,-0.11972439,-0.84442097,0.17470229,-0.50639176,0
1.8437433,-2.5574625,-1.2279918,0.32902706,-0.57683438,-0.74766535,0
-3.0947087,-0.81172979,2.4302728,-0.42272288,-0.79796088,0.42960912,0
2.4195511,0.89277506,-2.9440739,0.42272288,0.79796088,-0.42960912,0
2.9822016,0.84804225,-0.73081422,0.84442097,-0.17470229,0.50639176,0
0.061984181,-2.4074183,2.5725179,-0.42272288,-0.79796088,0.42960912,0
0.35530853,2.266324,2.4203517,-0.32902706,0.57683438,0.74766535,0
0.67103934,-0.81358051,2.5498571,0.84442097,-0.17470229,0.50639176,0
-2.1460946,2.9072862,0.82504129,-0.32902706,0.57683438,0.74766535,0
-0.41742754,3.5810337,-0.7423768,0.42272288,0.79796088,-0.42960912,0
-2.068774,2.3489428,1.289838,-0.32902706,0.57683438,0.74766535,0
-1.6532291,2.4000242,-0.36471701,-0.84442097,0.17470229,-0.50639176,0
-1.5998094,-2.4566033,0.84600461,-0.42272288,-0.79796088,0.42960912,0
-1.2049513,-3.5994918,-0.88828039,-0.42272288,-0.79796088,0.42960912,0
0.9868679,-3.3984785,1.1314299,0.84442097,-0.17470229,0.50639176,0
0.41604483,-0.96285939,-3.0865412,0.32902706,-0.57683438,-0.74766535,0
-1.6685333,3.6768012,0.44151163,-0.32902706,0.57683438,0.74766535,0
-0.56378698,-3.8509884,-0.72452593,-0.42272288,-0.79796088,0.42960912,0
1.0802746,2.6286097,-1.0377252,0.42272288,0.79796088,-0.42960912,0
-1.8177664,-1.3380396,-1.3799571,-0.84442097,0.17470229,-0.50639176,0
1.9949446,2.8494291,0.27243614,0.42272288,0.79796088,-0.42960912,0
2.4975588,2.3399088,0.59202528,0.84442097,-0.17470229,0.50639176,0
2.4212866,-2.5408475,-0.96462166,0.84442097,-0.17470229,0.50639176,0
2.1841588,-1.919319,-1.5705206,0.32902706,-0.57683438,-0.74766535,0
-0.9949801,3.1730037,1.1266106,-0.32902706,0.57683438,0.74766535,0
-0.88355285,-0.76607323,-2.7404566,-0.84442097,0.17470229,-0.50639176,0
1.4305664,0.0019648075,1.564685,0.84442097,-0.17470229,0.50639176,0
-2.0381098,1.5104213,-0.029826641,-0.84442097,0.17470229,-0.50639176,0
-1.9453199,-2.6769505,-1.6291754,-0.84442097,0.17470229,-0.50639176,0
-1.3237826,-1.0047271,-2.0886965,-0.84442097,0.17470229,-0.50639176,0
1.470937,-3.4657478,0.30102515,0.84442097,-0.17470229,0.50639176,0
1.3470826,-0.30193627,-3.1867285,0.32902706,-0.57683438,-0.74766535,0
-0.32237101,3.6903419,-0.44581437,0.42272288,0.79796088,-0.42960912,0
1.5910183,0.47982705,-3.6825204,0.32902706,-0.57683438,-0.74766535,0
2.6596689,-0.70704997,-0.72948062,0.84442097,-0.17470229,0.50639176,0
1.851732,1.9404354,1.5311425,0.84442097,-0.17470229,0.50639176,0
-0.89421988,-1.8958473,-2.9433403,0.32902706,-0.57683438,-0.74766535,0
0.86305404,-4.2963657,-0.1478045,-0.42272288,-0.79796088,0.42960912,0
0.95935404,-0.96192515,2.0179067,0.84442097,-0.17470229,0.50639176,0
-2.0750849,1.1272091,-0.10037553,-0.84442097,0.17470229,-0.50639176,0
-0.94430113,-3.6644235,-0.75241303,-0.42272288,-0.79796088,0.42960912,0
0.69363219,-1.0016575,2.4472973,0.84442097,-0.17470229,0.50639176,0
0.94423771,-4.073297,-0.45435214,0.32902706,-0.57683438,-0.74766535,0
1.3696014,1.1264809,-3.5431061,0.42272288,0.79796088,-0.42960912,0
-0.69238913,2.3321571,-1.9903554,-0.84442097,0.17470229,-0.50639176,0
0.74076855,-0.72490561,-3.127224,0.32902706,-0.57683438,-0.74766535,0
-1.1563747,0.87760675,-1.7184594,-0.84442097,0.17470229,-0.50639176,0
-1.0332394,2.6936202,1.4796247,-0.32902706,0.57683438,0.74766535,0
0.70513725,-2.8097897,-1.5343875,0.32902706,-0.57683438,-0.74766535,0
0.8760891,3.9774566,1.3293705,-0.32902706,0.57683438,0.74766535,0
-0.5003581,-3.5411558,-1.5006338,0.32902706,-0.57683438,-0.74766535,0
3.2024696,-0.49248862,-1.5605919,0.84442097,-0.17470229,0.50639176,0
2.7853746,0.29951078,-3.0178001,0.32902706,-0.57683438,-0.74766535,0
-2.4852374,-2.4667754,-0.65633988,-0.84442097,0.17470229,-0.50639176,0
1.9206756,-1.6155503,-1.9208344,0.32902706,-0.57683438,-0.74766535,0
-2.9984169,0.48311436,1.2170944,-0.84442097,0.17470229,-0.50639176,0
-0.66327345,0.39369774,-2.7076638,-0.84442097,0.17470229,-0.50639176,0
2.7555709,0.58035314,-3.1937358,0.42272288,0.79796088,-0.42960912,0
1.5352834,2.4188538,2.2238791,0.84442097,-0.17470229,0.50639176,0
3.3611603,0.86014533,-2.0781651,0.42272288,0.79796088,-0.42960912,0
1.5582901,2.0222452,2.0486875,0.84442097,-0.17470229,0.50639176,0
-1.7852659,-3.1304889,-0.58816135,-0.42272288,-0.79796088,0.42960912,0
-3.0390563,0.14549768,2.5628314,-0.32902706,0.57683438,0.74766535,0
0.89802027,-2.0357201,-2.0467103,0.32902706,-0.57683438,-0.74766535,0
-1.8496197,2.5356543,0.0095610619,-0.84442097,0.17470229,-0.50639176,0
2.4583077,-1.6695747,-1.6425564,0.32902706,-0.57683438,-0.74766535,0
3.3218198,-0.39041102,-1.7243946,0.84442097,-0.17470229,0.50639176,0
-0.1283443,3.211144,-1.1449654,0.42272288,0.79796088,-0.42960912,0
-0.44349551,4.1528835,0.29413295,0.42272288,0.79796088,-0.42960912,0
2.5798862,1.5714688,0.18963486,0.84442097,-0.17470229,0.50639176,0
0.97041011,2.6081266,2.4273357,-0.32902706,0.57683438,0.74766535,0
1.249553,0.68592834,-3.9917998,0.32902706,-0.57683438,-0.74766535,0
0.8598212,1.6027702,-3.1600499,0.42272288,0.79796088,-0.42960912,0
0.040364027,-2.7609434,-1.8646214,0.32902706,-0.57683438,-0.74766535,0
-1.7648233,-3.0674229,-2.0648685,-0.84442097,0.17470229,-0.50639176,0
-1.4618026,-2.5268972,-2.3836851,-0.84442097,0.17470229,-0.50639176,0
-0.19114065,-3.2221212,0.81021214,-0.42272288,-0.79796088,0.42960912,0
3.3498216,1.0799993,-1.2638053,0.84442097,-0.17470229,0.50639176,0
2.6390648,1.9587827,0.22457409,0.84442097,-0.17470229,0.50639176,0
0.38425469,-1.7992008,-2.4552822,0.32902706,-0.57683438,-0.74766535,0
0.41217375,3.5532658,0.022349358,0.42272288,0.79796088,-0.42960912,0
-2.5457618,0.34535348,0.41475421,-0.84442097,0.17470229,-0.50639176,0
1.2140586,2.2274213,-1.651257,0.42272288,0.79796088,-0.42960912,0
-2.1261992,-2.0513537,-1.1117268,-0.84442097,0.17470229,-0.50639176,0
-1.9432175,0.34285778,2.8928142,-0.32902706,0.57683438,0.74766535,0
-1.7884206,0.52437091,2.8208961,-0.32902706,0.57683438,0.74766535,0
-0.61817193,-3.7602396,-0.60948086,-0.42272288,-0.79796088,0.42960912,0
-0.059262753,3.1645832,1.5448911,-0.32902706,0.57683438,0.74766535,0
-2.2481651,0.20021713,-0.13156724,-0.84442097,0.17470229,-0.50639176,0
-2.3001029,-0.50115031,3.3869224,-0.32902706,0.57683438,0.74766535,0
0.4377141,2.0187907,-2.80267,0.42272288,0.79796088,-0.42960912,0
-1.9728224,2.3332486,1.3441718,-0.32902706,0.57683438,0.74766535,0
3.214591,1.5047902,-1.025014,0.42272288,0.79796088,-0.42960912,0
-1.9110485,0.84703857,2.5179887,-0.32902706,0.57683438,0.74766535,0
-1.8250725,-3.2804689,-0.90590501,-0.42272288,-0.79796088,0.42960912,0
0.93951392,3.4922419,0.42789102,0.42272288,0.79796088,-0.42960912,0
-1.7199348,-1.5834038,2.3496943,-0.42272288,-0.79796088,0.42960912,0
0.68251741,0.7316916,-4.2766438,0.32902706,-0.57683438,-0.74766535,0
0.5820663,1.818903,2.8653331,-0.32902706,0.57683438,0.74766535,0
-0.91809171,-0.34158528,3.8720012,-0.32902706,0.57683438,0.74766535,0
-2.3455362,0.88646853,0.26755464,-0.84442097,0.17470229,-0.50639176,0
0.4026953,-0.11049962,3.2398863,0.84442097,-0.17470229,0.50639176,0
-1.046303,0.35280347,-2.0830607,-0.84442097,0.17470229,-0.50639176,0
-2.0271156,-1.4214528,-1.0596395,-0.84442097,0.17470229,-0.50639176,0
-1.2349881,1.3346187,2.4393294,-0.32902706,0.57683438,0.74766535,0
-3.0635347,0.4819442,1.3252767,-0.84442097,0.17470229,-0.50639176,0
0.28332233,4.0615225,1.0036521,-0.32902706,0.57683438,0.74766535,0
-0.4177804,3.8309164,0.87303162,-0.32902706,0.57683438,0.74766535,0
0.24114358,-2.3236282,2.7457614,0.84442097,-0.17470229,0.50639176,0
-1.2724593,-2.8564115,-2.3687041,0.32902706,-0.57683438,-0.74766535,0
-2.4052231,-2.7363834,-0.46616602,-0.42272288,-0.79796088,0.42960912,0
-2.3990932,-2.0734897,0.77113175,-0.42272288,-0.79796088,0.42960912,0
0.70412683,-3.5313418,-0.97814465,0.32902706,-0.57683438,-0.74766535,0
-0.978441,-0.9656384,-2.651077,-0.84442097,0.17470229,-0.50639176,0
0.94522238,-3.6384177,1.1180973,0.84442097,-0.17470229,0.50639176,0
0.98994374,3.3515267,1.8623886,-0.32902706,0.57683438,0.74766535,0
1.5688963,2.53181,-0.73673177,0.42272288,0.79796088,-0.42960912,0
0.013674021,-4.0916905,-0.84967709,0.32902706,-0.57683438,-0.74766535,0
2.1844625,-1.323887,-2.0297713,0.32902706,-0.57683438,-0.74766535,0
1.606333,0.41312146,1.4134363,0.84442097,-0.17470229,0.50639176,0
0.72270119,1.3778104,-3.7128146,0.42272288,0.79796088,-0.42960912,0
0.2400589,0.97700238,3.3643632,-0.32902706,0.57683438,0.74766535,0
-1.6075124,-2.9840498,-0.14126039,-0.42272288,-0.79796088,0.42960912,0
3.1648121,-0.28249943,-2.4017911,0.32902706,-0.57683438,-0.74766535,0
1.2391081,-3.3001854,0.74472356,0.84442097,-0.17470229,0.50639176,0
-0.22895837,-2.5589681,-2.1389694,0.32902706,-0.57683438,-0.74766535,0
2.0392861,-0.023670912,-3.0967941,0.32902706,-0.57683438,-0.74766535,0
1.4568143,-2.952682,-1.0933511,0.32902706,-0.57683438,-0.74766535,0
1.0429654,1.0251164,2.5640006,0.84442097,-0.17470229,0.50639176,0
0.74970061,-1.8981512,2.0445166,0.84442097,-0.17470229,0.50639176,0
-0.34476936,-2.8854554,1.2843723,-0.42272288,-0.79796088,0.42960912,0
2.328414,1.3173169,-2.2452016,0.42272288,0.79796088,-0.42960912,0
0.12729096,-0.84128499,-3.3074102,0.32902706,-0.57683438,-0.74766535,0
-0.81021905,3.061955,1.2935947,-0.32902706,0.57683438,0.74766535,0
-1.2240026,4.2503014,0.19467425,-0.32902706,0.57683438,0.74766535,0
2.4363911,-1.1142268,-2.0806601,0.32902706,-0.57683438,-0.74766535,0
2.7772794,1.6651703,-1.157424,0.42272288,0.79796088,-0.42960912,0
1.0375245,3.6606667,0.83716488,0.42272288,0.79796088,-0.42960912,0
-1.5993354,0.24075443,3.1229215,-0.32902706,0.57683438,0.74766535,0
1.125553,-0.55372143,-3.0899618,0.32902706,-0.57683438,-0.74766535,0
2.774055,1.6943474,-1.1064035,0.42272288,0.79796088,-0.42960912,0
-1.0681305,-2.1147339,-2.8509994,0.32902706,-0.57683438,-0.74766535,0
1.8801637,-3.4298964,-0.36900234,0.84442097,-0.17470229,0.50639176,0
-1.3602631,2.9475694,-0.6643455,-0.84442097,0.17470229,-0.50639176,0
0.063386917,2.9110091,1.7945015,-0.32902706,0.57683438,0.74766535,0
0.29022154,1.1602019,-4.0332012,-0.84442097,0.17470229,-0.50639176,0
-1.3302484,-1.8759758,-2.3784909,-0.84442097,0.17470229,-0.50639176,0
-1.2555323,-0.98732913,3.9138088,-0.42272288,-0.79796088,0.42960912,0
-0.47477096,-0.12392735,-3.2005742,-0.84442097,0.17470229,-0.50639176,0
-2.4695172,1.0205154,2.138382,-0.32902706,0.57683438,0.74766535,0
1.8944569,0.9663713,1.1238506,0.84442097,-0.17470229,0.50639176,0
-2.349035,-1.4159741,2.0416641,-0.42272288,-0.79796088,0.42960912,0
2.7497673,-0.39253831,-0.77121705,0.84442097,-0.17470229,0.50639176,0
-0.81315219,-3.0450053,0.52714777,-0.42272288,-0.79796088,0.42960912,0
-1.8418798,-3.2605054,-0.88536239,-0.42272288,-0.79796088,0.42960912,0
0.43961674,0.78771734,-4.4108262,-0.84442097,0.17470229,-0.50639176,0
-2.8342891,-1.8185629,0.14934206,-0.84442097,0.17470229,-0.50639176,0
3.6569505,0.76830184,-1.9577069,0.42272288,0.79796088,-0.42960912,0
-1.8400633,-2.8512135,-1.8648126,-0.84442097,0.17470229,-0.50639176,0
3.2370775,0.81358588,-1.1677132,0.84442097,-0.17470229,0.50639176,0
0.34330034,1.7152445,2.8402328,-0.32902706,0.57683438,0.74766535,0
1.8446977,-2.5061059,0.0088405609,0.84442097,-0.17470229,0.50639176,0
1.672804,-0.21596313,1.0855639,0.84442097,-0.17470229,0.50639176,0
0.96793634,1.202244,-3.7976093,0.42272288,0.79796088,-0.42960912,0
-2.9404447,-2.0166478,0.25802124,-0.84442097,0.17470229,-0.50639176,0
-3.2776563,-1.4071271,1.0306108,-0.84442097,0.17470229,-0.50639176,0
-0.040621996,-1.4788575,-2.8894081,0.32902706,-0.57683438,-0.74766535,0
2.4822366,-0.4778378,-0.35453087,0.84442097,-0.17470229,0.50639176,0
-0.4289248,4.1619768,0.32535934,0.42272288,0.79796088,-0.42960912,0
-2.5828421,-2.6290479,-0.44157112,-0.42272288,-0.79796088,0.42960912,0
-0.27973944,-0.38570356,4.1869607,-0.32902706,0.57683438,0.74766535,0
-1.0917757,0.62702858,3.0482688,-0.32902706,0.57683438,0.74766535,0
2.0887828,-0.3063086,-2.8569529,0.32902706,-0.57683438,-0.74766535,0
1.2458129,3.3949637,1.9414773,-0.32902706,0.57683438,0.74766535,0
-0.62085724,-3.0053368,0.79004145,-0.42272288,-0.79796088,0.42960912,0
0.79028046,-2.7201676,1.693258,0.84442097,-0.17470229,0.50639176,0
-0.56144369,1.9046052,-2.3562136,-0.84442097,0.17470229,-0.50639176,0
-2.5256319,-1.3582077,-0.20653147,-0.84442097,0.17470229,-0.50639176,0
-0.15635085,-3.5105247,-1.3728781,0.32902706,-0.57683438,-0.74766535,0
0.028436661,-1.7751275,-2.630441,0.32902706,-0.57683438,-0.74766535,0
-1.8759719,-1.1529036,2.9957745,-0.42272288,-0.79796088,0.42960912,0
0.065730572,2.7346756,-1.8389988,0.42272288,0.79796088,-0.42960912,0
-2.3159649,-0.89918089,-0.39779478,-0.84442097,0.17470229,-0.50639176,0
-1.7949809,-0.87083673,3.5993814,-0.42272288,-0.79796088,0.42960912,0
0.38890266,2.6612501,2.1304448,-0.32902706,0.57683438,0.74766535,0
-2.7564621,-1.1500584,0.25019425,-0.84442097,0.17470229,-0.50639176,0
-2.3133097,1.9540899,0.58213913,-0.84442097,0.17470229,-0.50639176,0
0.10077357,-1.8370434,3.1477005,0.84442097,-0.17470229,0.50639176,0
1.6133198,1.3140771,-2.9548512,0.42272288,0.79796088,-0.42960912,0
-0.92026556,0.86862516,2.9373507,-0.32902706,0.57683438,0.74766535,0
0.8686474,-1.629076,1.9389995,0.84442097,-0.17470229,0.50639176,0
-2.7431083,-1.0398986,2.3524337,-0.42272288,-0.79796088,0.42960912,0
-2.2593155,-1.1729269,-0.58670032,-0.84442097,0.17470229,-0.50639176,0
-2.9332018,0.48664761,2.3462133,-0.32902706,0.57683438,0.74766535,0
2.0567918,-2.1935582,-1.4149921,0.32902706,-0.57683438,-0.74766535,0
-0.21276128,-1.3902354,3.8246744,0.84442097,-0.17470229,0.50639176,0
2.475601,2.0899451,0.54240453,0.84442097,-0.17470229,0.50639176,0
-1.2778051,-3.0226681,0.11143255,-0.42272288,-0.79796088,0.42960912,0
1.0471168,1.249661,-3.6316252,0.42272288,0.79796088,-0.42960912,0
1.6372969,-3.7051077,-0.43341851,0.32902706,-0.57683438,-0.74766535,0
-1.0837764,1.0523937,-1.7792184,-0.84442097,0.17470229,-0.50639176,0
-0.21302271,1.7541189,2.5654182,-0.32902706,0.57683438,0.74766535,0
-1.3016062,4.4307332,-0.034142494,0.42272288,0.79796088,-0.42960912,0
-1.7461786,3.3684947,0.12439561,-0.84442097,0.17470229,-0.50639176,0
0.16610357,1.8964003,-3.2972562,0.42272288,0.79796088,-0.42960912,0
0.43756604,3.1346674,1.786612,-0.32902706,0.57683438,0.74766535,0
0.83530593,-1.9511679,-2.1395423,0.32902706,-0.57683438,-0.74766535,0
2.7952945,-0.018329859,-0.7180351,0.84442097,-0.17470229,0.50639176,0
3.447201,-0.34772861,-2.2271941,0.32902706,-0.57683438,-0.74766535,0
-0.49469507,1.9819319,-2.4408412,-0.84442097,0.17470229,-0.50639176,0
2.5342097,0.99744749,-2.6368334,0.42272288,0.79796088,-0.42960912,0
2.932483,-1.2442508,-1.3697356,0.84442097,-0.17470229,0.50639176,0
0.62925982,-0.95367265,-2.9997988,0.32902706,-0.57683438,-0.74766535,0
-1.6705303,-2.0404618,1.5493628,-0.42272288,-0.79796088,0.42960912,0
-0.16499519,3.1843345,-1.2308242,0.42272288,0.79796088,-0.42960912,0
3.0695863,1.0737095,-1.9683883,0.42272288,0.79796088,-0.42960912,0
-1.4109616,2.6543293,1.343713,-0.32902706,0.57683438,0.74766535,0
0.44363955,1.6831089,-3.4203384,0.42272288,0.79796088,-0.42960912,0
2.8003972,0.29512948,-3.0078089,0.32902706,-0.57683438,-0.74766535,0
-1.4122514,-1.3782012,-2.0700192,-0.84442097,0.17470229,-0.50639176,0
-0.074476242,1.5086038,2.8158069,-0.32902706,0.57683438,0.74766535,0
0.90022027,1.4270613,2.9407001,0.84442097,-0.17470229,0.50639176,0
1.6062225,-2.5322516,0.39748383,0.84442097,-0.17470229,0.50639176,0
2.6323028,1.1033607,-0.059265196,0.84442097,-0.17470229,0.50639176,0
0.95989037,-1.7341654,-2.2521365,0.32902706,-0.57683438,-0.74766535,0
-0.59273815,2.6469514,1.7094828,-0.32902706,0.57683438,0.74766535,0
1.7882469,-1.1558208,0.5688144,0.84442097,-0.17470229,0.50639176,0
1.7517382,0.85915232,1.3248476,0.84442097,-0.17470229,0.50639176,0
-0.60604811,3.3539062,-1.3498442,0.42272288,0.79796088,-0.42960912,0
-2.1878788,0.025579959,3.0299296,-0.32902706,0.57683438,0.74766535,0
1.0482588,-2.5004792,-1.6220264,0.32902706,-0.57683438,-0.74766535,0
-0.65723836,-2.4815874,1.727061,-0.42272288,-0.79796088,0.42960912,0
1.5829303,1.6868351,-2.2923889,0.42272288,0.79796088,-0.42960912,0
1.5425432,0.72615778,-3.8939004,0.32902706,-0.57683438,-0.74766535,0
1.3185338,0.21483469,1.8249408,0.84442097,-0.17470229,0.50639176,0
-2.883532,-2.0336828,0.15724099,-0.84442097,0.17470229,-0.50639176,0
-1.0858297,1.0965192,2.6886668,-0.32902706,0.57683438,0.74766535,0
-0.65861094,-0.84260297,4.3727336,-0.32902706,0.57683438,0.74766535,0
2.0914886,0.93851662,0.7856853,0.84442097,-0.17470229,0.50639176,0
0.013277769,0.43617845,3.6818163,-0.32902706,0.57683438,0.74766535,0
1.3460476,1.8229113,2.3338377,0.84442097,-0.17470229,0.50639176,0
-1.9566048,-2.1099522,-1.4147462,-0.84442097,0.17470229,-0.50639176,0
2.245882,-2.1367781,-1.3755853,0.32902706,-0.57683438,-0.74766535,0
1.382604,-2.8452349,0.66239572,0.84442097,-0.17470229,0.50639176,0
-1.8414321,-3.2029443,-0.77800715,-0.42272288,-0.79796088,0.42960912,0
-1.0029088,-1.968668,2.3396337,-0.42272288,-0.79796088,0.42960912,0
-1.3463297,3.2194405,0.93616462,-0.32902706,0.57683438,0.74766535,0
-0.66676533,1.4657755,-2.3319807,-0.84442097,0.17470229,-0.50639176,0
-1.1088675,-2.0901735,2.0096874,-0.42272288,-0.79796088,0.42960912,0
0.98210239,0.32182503,2.4228594,0.84442097,-0.17470229,0.50639176,0
-1.2889429,-1.9143784,-2.4606171,-0.84442097,0.17470229,-0.50639176,0
0.33102691,-1.2817184,-2.8779516,0.32902706,-0.57683438,-0.74766535,0
-2.2395597,-1.555945,1.8894012,-0.42272288,-0.79796088,0.42960912,0
3.2757044,0.55139256,-1.3225796,0.84442097,-0.17470229,0.50639176,0
-0.69066262,-3.5353835,-1.5888346,0.32902706,-0.57683438,-0.74766535,0
1.998217,1.4370773,1.1132189,0.84442097,-0.17470229,0.50639176,0
1.5269291,0.47472978,1.5670989,0.84442097,-0.17470229,0.50639176,0
1.7507708,3.5302563,2.0593157,-0.32902706,0.57683438,0.74766535,0
1.4018269,-1.5204622,-2.2225273,0.32902706,-0.57683438,-0.74766535,0
-1.5079861,0.96004659,2.6081779,-0.32902706,0.57683438,0.74766535,0
-2.7668285,1.4516243,1.1650455,-0.84442097,0.17470229,-0.50639176,0
-1.6070696,-2.9965634,-2.3034806,-0.84442097,0.17470229,-0.50639176,0
0.69951773,3.3038979,1.7713262,-0.32902706,0.57683438,0.74766535,0
1.5778611,-4.1217237,-0.10358119,0.84442097,-0.17470229,0.50639176,0
-1.6976132,3.2744637,0.73912334,-0.32902706,0.57683438,0.74766535,0
-2.1789677,0.56463778,-0.12123233,-0.84442097,0.17470229,-0.50639176,0
2.189719,2.9329705,0.61925936,0.42272288,0.79796088,-0.42960912,0
-0.12459815,-2.3687706,2.4607105,-0.42272288,-0.79796088,0.42960912,0
-1.1130681,-0.37972856,-2.2244475,-0.84442097,0.17470229,-0.50639176,0
-1.4173914,-0.51565254,3.7865686,-0.32902706,0.57683438,0.74766535,0
-0.99280024,3.7176757,-1.0114169,-0.84442097,0.17470229,-0.50639176,0
-2.5851095,-0.54253203,3.2934256,-0.32902706,0.57683438,0.74766535,0
-1.1975311,-2.4351511,-2.6607387,0.32902706,-0.57683438,-0.74766535,0
2.0811014,-3.0077899,-0.55844665,0.84442097,-0.17470229,0.50639176,0
-0.013641119,-0.18663359,3.9078717,0.84442097,-0.17470229,0.50639176,0
1.5725029,3.0766654,2.3308165,-0.32902706,0.57683438,0.74766535,0
-2.0416746,1.818781,0.082500339,-0.84442097,0.17470229,-0.50639176,0
0.51999617,-3.8463793,0.35044622,-0.42272288,-0.79796088,0.42960912,0
-0.97085774,1.329818,2.5592694,-0.32902706,0.57683438,0.74766535,0
0.29208255,2.6480732,2.0980034,-0.32902706,0.57683438,0.74766535,0
1.1013758,-1.7097496,-2.2087097,0.32902706,-0.57683438,-0.74766535,0
1.4550614,-3.8808656,-0.37801623,0.32902706,-0.57683438,-0.74766535,0
-3.1012716,0.025606215,2.6279502,-0.32902706,0.57683438,0.74766535,0
0.24619603,-3.5754352,-1.1456487,0.32902706,-0.57683438,-0.74766535,0
1.4061539,-3.606328,0.3605535,0.84442097,-0.17470229,0.50639176,0
-0.25559258,-3.593257,-1.3527225,0.32902706,-0.57683438,-0.74766535,0
-0.5719921,2.0672894,-2.2824981,-0.84442097,0.17470229,-0.50639176,0
0.1312108,-3.9789424,-0.88493919,0.32902706,-0.57683438,-0.74766535,0
-1.7071171,0.21956086,-1.0271047,-0.84442097,0.17470229,-0.50639176,0
1.0737166,2.7431042,2.3686612,-0.32902706,0.57683438,0.74766535,0
1.6214513,3.1152129,0.39859843,0.42272288,0.79796088,-0.42960912,0
0.77285647,-2.6717248,-1.6111052,0.32902706,-0.57683438,-0.74766535,0
-0.54804862,-0.28554797,3.9916139,-0.32902706,0.57683438,0.74766535,0
2.7583957,-1.5364379,-1.1802436,0.84442097,-0.17470229,0.50639176,0
-1.5273702,-2.9611444,-0.019857645,-0.42272288,-0.79796088,0.42960912,0
-2.7489741,0.027667046,0.64401567,-0.84442097,0.17470229,-0.50639176,0
3.1271315,-1.0598557,-1.818632,0.32902706,-0.57683438,-0.74766535,0
-3.4539444,-0.063946962,1.7879648,-0.84442097,0.17470229,-0.50639176,0
1.0395461,1.7757435,2.8286643,0.84442097,-0.17470229,0.50639176,0
-0.31577611,2.6548491,1.8252732,-0.32902706,0.57683438,0.74766535,0
1.0872649,2.9179406,-0.49343991,0.42272288,0.79796088,-0.42960912,0
2.3823171,0.023514271,-2.9822397,0.32902706,-0.57683438,-0.74766535,0
3.4940715,0.94038546,-1.5525119,0.84442097,-0.17470229,0.50639176,0
-0.91929448,-0.74666238,4.1839948,-0.32902706,0.57683438,0.74766535,0
-0.33690214,0.70854545,3.3175769,-0.32902706,0.57683438,0.74766535,0
-2.4445615,-2.3277664,-0.67621052,-0.84442097,0.17470229,-0.50639176,0
-0.29128814,-3.6420093,-1.3308179,0.32902706,-0.57683438,-0.74766535,0
-0.85186934,3.4665666,-1.3330529,-0.84442097,0.17470229,-0.50639176,0
-3.6210873,-0.6852107,2.1473293,-0.42272288,-0.79796088,0.42960912,0
1.3346944,-0.52089095,1.5441718,0.84442097,-0.17470229,0.50639176,0
3.6779137,0.39617145,-2.6282785,0.42272288,0.79796088,-0.42960912,0
0.21014357,-1.8392992,-2.5009675,0.32902706,-0.57683438,-0.74766535,0
0.3719697,3.1575909,-0.752141,0.42272288,0.79796088,-0.42960912,0
0.61712205,-0.13258624,-3.6386199,0.32902706,-0.57683438,-0.74766535,0
2.8094378,2.0118136,-0.041231632,0.84442097,-0.17470229,0.50639176,0
-1.4414669,-1.0165105,3.6766529,-0.42272288,-0.79796088,0.42960912,0
-0.18031406,3.025136,-1.5415952,0.42272288,0.79796088,-0.42960912,0
0.92767131,1.7166488,2.9948313,0.84442097,-0.17470229,0.50639176,0
-1.1717303,-2.4559088,1.2685114,-0.42272288,-0.79796088,0.42960912,0
0.074816704,-2.3910635,2.6155224,-0.42272288,-0.79796088,0.42960912,0
2.9643898,1.7310128,-0.85101652,0.42272288,0.79796088,-0.42960912,0
0.10167432,3.1360264,-1.0581577,0.42272288,0.79796088,-0.42960912,0
-1.6833168,-1.3469998,2.8248253,-0.42272288,-0.79796088,0.42960912,0
-3.1000552,0.91115391,1.9452732,-0.32902706,0.57683438,0.74766535,0
-0.17860615,0.45074773,-3.4961767,-0.84442097,0.17470229,-0.50639176,0
1.1835583,-0.5112052,-3.0972369,0.32902706,-0.57683438,-0.74766535,0
1.6464527,-2.6861715,-1.2155131,0.32902706,-0.57683438,-0.74766535,0
0.57772738,0.057724953,3.006052,0.84442097,-0.17470229,0.50639176,0
1.7822716,-0.19842231,-3.0750761,0.32902706,-0.57683438,-0.74766535,0
0.061440468,1.0423777,3.2353201,-0.32902706,0.57683438,0.74766535,0
-0.22521874,0.63793063,-3.3538721,-0.84442097,0.17470229,-0.50639176,0
1.7224542,-2.0251448,-1.6920583,0.32902706,-0.57683438,-0.74766535,0
1.3568852,3.345628,0.56624961,0.42272288,0.79796088,-0.42960912,0
3.0917184,0.57596779,-2.8711221,0.42272288,0.79796088,-0.42960912,0
2.7015939,0.64640993,-3.1241531,0.42272288,0.79796088,-0.42960912,0
-3.8338683,-0.36799681,2.5271559,-0.42272288,-0.79796088,0.42960912,0
2.903625,1.2902511,-1.7294829,0.42272288,0.79796088,-0.42960912,0
0.1712358,-4.1606655,-0.7271235,0.32902706,-0.57683438,-0.74766535,0
-0.81784284,-1.0374918,-2.9436677,-0.84442097,0.17470229,-0.50639176,0
0.1675055,2.2255144,2.3691897,-0.32902706,0.57683438,0.74766535,0
-0.22198224,3.1335273,1.4972427,-0.32902706,0.57683438,0.74766535,0
2.2071095,3.0664997,0.88438976,0.42272288,0.79796088,-0.42960912,0
-0.63268518,3.7739108,-0.59593296,0.42272288,0.79796088,-0.42960912,0
2.6770923,0.054901391,-2.8767326,0.32902706,-0.57683438,-0.74766535,0
0.72929323,1.11066,-4.2025366,0.42272288,0.79796088,-0.42960912,0
-0.79561532,2.6282268,-1.7160809,-0.84442097,0.17470229,-0.50639176,0
-0.84757292,-1.385062,3.5764756,-0.42272288,-0.79796088,0.42960912,0
1.1705019,2.3570127,-1.4534109,0.42272288,0.79796088,-0.42960912,0
2.1133232,-0.0026769638,0.42456952,0.84442097,-0.17470229,0.50639176,0
2.9252048,-0.11251259,-2.6383829,0.32902706,-0.57683438,-0.74766535,0
1.013602,-2.4042346,-1.7115319,0.32902706,-0.57683438,-0.74766535,0
0.097718239,-3.0033145,1.5008547,-0.42272288,-0.79796088,0.42960912,0
2.1966181,3.2062654,1.3927394,0.84442097,-0.17470229,0.50639176,0
-0.76727569,-2.1380966,2.2567911,-0.42272288,-0.79796088,0.42960912,0
1.0301422,-0.80146003,1.9552255,0.84442097,-0.17470229,0.50639176,0
-1.5528483,3.8827937,-0.02055788,-0.84442097,0.17470229,-0.50639176,0
-0.5663445,0.85115206,-2.7114763,-0.84442097,0.17470229,-0.50639176,0
0.54527384,-0.66473556,2.8109248,0.84442097,-0.17470229,0.50639176,0
2.3063722,-1.0179639,-2.2121458,0.32902706,-0.57683438,-0.74766535,0
0.84379005,3.4611888,1.7134644,-0.32902706,0.57683438,0.74766535,0
-3.0023475,0.75701809,1.3181443,-0.84442097,0.17470229,-0.50639176,0
0.94782138,1.975189,-2.381726,0.42272288,0.79796088,-0.42960912,0
-2.2289953,1.7492179,0.37086368,-0.84442097,0.17470229,-0.50639176,0
0.4378674,-3.6444914,0.64462256,-0.42272288,-0.79796088,0.42960912,0
2.4362125,0.89715624,0.19658032,0.84442097,-0.17470229,0.50639176,0
-0.987638,2.9671683,1.2886463,-0.32902706,0.57683438,0.74766535,0
-0.17630091,-1.7372741,3.5827849,-0.42272288,-0.79796088,0.42960912,0
-1.3096285,-3.7012215,-1.1802341,-0.42272288,-0.79796088,0.42960912,0
-0.39012989,-1.3893955,4.018537,-0.42272288,-0.79796088,0.42960912,0
-0.14533305,-3.1562202,0.97769094,-0.42272288,-0.79796088,0.42960912,0
2.0956559,2.6628585,0.024994612,0.42272288,0.79796088,-0.42960912,0
2.0422056,-0.85937715,0.24760294,0.84442097,-0.17470229,0.50639176,0
-1.4542288,-1.4611342,-2.0286324,-0.84442097,0.17470229,-0.50639176,0
2.7525401,-1.8066874,-1.4072886,0.32902706,-0.57683438,-0.74766535,0
1.2257314,-3.8631985,0.57279301,0.84442097,-0.17470229,0.50639176,0
-1.3098142,1.591922,-1.2161605,-0.84442097,0.17470229,-0.50639176,0
-2.4247718,2.0046508,1.3987987,-0.32902706,0.57683438,0.74766535,0
2.708478,-1.7438252,-1.4751784,0.32902706,-0.57683438,-0.74766535,0
-1.6183295,-0.20728254,-1.3224186,-0.84442097,0.17470229,-0.50639176,0
-0.89067811,1.5308001,-1.9361672,-0.84442097,0.17470229,-0.50639176,0
-0.81792629,-2.7845459,1.0062301,-0.42272288,-0.79796088,0.42960912,0
-0.81796336,3.0762849,1.2791307,-0.32902706,0.57683438,0.74766535,0
2.6722741,2.0486519,0.20020103,0.84442097,-0.17470229,0.50639176,0
3.746321,0.33353055,-2.1825056,0.84442097,-0.17470229,0.50639176,0
-2.6864414,-0.057123244,2.8743327,-0.32902706,0.57683438,0.74766535,0
2.6909218,-1.1764168,-1.9206676,0.32902706,-0.57683438,-0.74766535,0
1.9679914,-1.4393597,-2.0359454,0.32902706,-0.57683438,-0.74766535,0
0.93559813,2.2884505,-1.8118978,0.42272288,0.79796088,-0.42960912,0
0.55494308,-3.1659307,1.6487057,-0.42272288,-0.79796088,0.42960912,0
2.0375032,-1.0474898,0.19054639,0.84442097,-0.17470229,0.50639176,0
-0.73323035,2.3044105,-1.9318243,-0.84442097,0.17470229,-0.50639176,0
0.34644294,3.8101215,0.43475914,0.42272288,0.79796088,-0.42960912,0
-2.9594741,0.085788846,2.6439197,-0.32902706,0.57683438,0.74766535,0
1.7662365,-3.5485332,-0.21995544,0.84442097,-0.17470229,0.50639176,0
-3.165576,-0.99463582,2.0208099,-0.42272288,-0.79796088,0.42960912,0
-3.2414212,-1.5077491,0.99311852,-0.42272288,-0.79796088,0.42960912,0
0.11382294,-3.626611,0.35898304,-0.42272288,-0.79796088,0.42960912,0
2.7895627,-0.29327261,-0.80333102,0.84442097,-0.17470229,0.50639176,0
2.051312,3.1847277,0.95068717,0.42272288,0.79796088,-0.42960912,0
-1.6283756,-1.2244604,3.1064916,-0.42272288,-0.79796088,0.42960912,0
-3.0447235,-1.4625947,1.270533,-0.42272288,-0.79796088,0.42960912,0
-1.6437476,3.5637569,0.53963423,-0.32902706,0.57683438,0.74766535,0
-0.22492015,-0.8778348,-3.4342103,0.32902706,-0.57683438,-0.74766535,0
-2.1031661,2.4413898,0.39983535,-0.84442097,0.17470229,-0.50639176,0
0.71106553,3.4871998,0.19373846,0.42272288,0.79796088,-0.42960912,0
1.835862,3.3090129,0.96953928,0.42272288,0.79796088,-0.42960912,0
0.4503696,-2.554178,-1.8437115,0.32902706,-0.57683438,-0.74766535,0
-2.0212998,-1.2969676,2.5851896,-0.42272288,-0.79796088,0.42960912,0
0.88335931,-0.27685571,2.380975,0.84442097,-0.17470229,0.50639176,0
-2.2904565,0.47873801,2.6351702,-0.32902706,0.57683438,0.74766535,0
-1.8447684,-3.4632041,-1.2646999,-0.42272288,-0.79796088,0.42960912,0
-0.73372978,1.7465451,-2.1234517,-0.84442097,0.17470229,-0.50639176,0
0.34018707,2.9249885,1.9055288,-0.32902706,0.57683438,0.74766535,0
2.1118898,-1.0260732,-2.291476,0.32902706,-0.57683438,-0.74766535,0
-1.1635296,-2.5606568,1.0820211,-0.42272288,-0.79796088,0.42960912,0
1.3209456,-1.2274185,1.3233504,0.84442097,-0.17470229,0.50639176,0
-0.74968272,2.0443902,-1.9940951,-0.84442097,0.17470229,-0.50639176,0
-1.8021709,2.1193116,-0.21319747,-0.84442097,0.17470229,-0.50639176,0
-0.22603798,-2.0544019,-2.5269639,0.32902706,-0.57683438,-0.74766535,0
-0.14203872,-1.1785448,3.7797742,0.84442097,-0.17470229,0.50639176,0
-1.3094757,0.06126225,3.3889613,-0.32902706,0.57683438,0.74766535,0
-1.8915243,1.7830995,-0.18018889,-0.84442097,0.17470229,-0.50639176,0
-1.1266143,4.3387928,-0.032727003,0.42272288,0.79796088,-0.42960912,0
-0.74334908,-2.8019452,-2.1778786,0.32902706,-0.57683438,-0.74766535,0
1.056257,1.8076141,-2.5862837,0.42272288,0.79796088,-0.42960912,0
-2.0721273,-2.1381848,-1.2318494,-0.84442097,0.17470229,-0.50639176,0
2.358304,-0.1654458,-0.040096581,0.84442097,-0.17470229,0.50639176,0
-1.5393,-1.516541,2.6516256,-0.42272288,-0.79796088,0.42960912,0
-0.55197406,-3.0009151,-1.9401519,0.32902706,-0.57683438,-0.74766535,0
1.4813337,-3.9895029,0.10299563,0.84442097,-0.17470229,0.50639176,0
-2.055912,0.22177827,-0.44471547,-0.84442097,0.17470229,-0.50639176,0
1.8114402,-3.6584878,-0.39275146,0.32902706,-0.57683438,-0.74766535,0
1.2419051,-2.853101,0.89430141,0.84442097,-0.17470229,0.50639176,0
3.2219,1.1579206,-1.0236109,0.84442097,-0.17470229,0.50639176,0
0.52803993,-4.2260542,-0.34685087,-0.42272288,-0.79796088,0.42960912,0
1.787482,1.4707577,-2.4924603,0.42272288,0.79796088,-0.42960912,0
0.93762261,0.15081096,-3.7162216,0.32902706,-0.57683438,-0.74766535,0
1.4759949,1.3963339,-2.9371898,0.42272288,0.79796088,-0.42960912,0
1.4041414,-2.6013682,-1.3875748,0.32902706,-0.57683438,-0.74766535,0
1.1392936,3.1401708,-0.029472351,0.42272288,0.79796088,-0.42960912,0
-2.4290709,-2.8604407,-0.72005701,-0.42272288,-0.79796088,0.42960912,0
-1.3914313,4.320941,-0.13856578,-0.84442097,0.17470229,-0.50639176,0
-0.042252064,-3.2665927,0.87411213,-0.42272288,-0.79796088,0.42960912,0
-1.0017865,2.0665064,1.9772936,-0.32902706,0.57683438,0.74766535,0
-0.56036973,-0.85137057,-3.3087997,-0.84442097,0.17470229,-0.50639176,0
-0.3026576,0.84646583,-3.1527972,-0.84442097,0.17470229,-0.50639176,0
1.8704538,0.21973133,0.90628982,0.84442097,-0.17470229,0.50639176,0
-0.97967821,1.7232182,-1.7213742,-0.84442097,0.17470229,-0.50639176,0
-0.24723372,-1.1195471,3.9755435,0.84442097,-0.17470229,0.50639176,0
-0.96394342,1.7082877,-1.752763,-0.84442097,0.17470229,-0.50639176,0
0.90716481,-3.8743258,0.67950106,-0.42272288,-0.79796088,0.42960912,0
-1.3159565,-0.71053469,3.9815617,-0.32902706,0.57683438,0.74766535,0
0.56941938,-2.574327,-1.7757759,0.32902706,-0.57683438,-0.74766535,0
0.63897485,0.34068942,-3.9941418,0.32902706,-0.57683438,-0.74766535,0
3.2623718,0.70464945,-1.2474746,0.84442097,-0.17470229,0.50639176,0
-3.3072872,-0.34088445,1.4478689,-0.84442097,0.17470229,-0.50639176,0
-2.0504484,2.7445672,0.99267256,-0.32902706,0.57683438,0.74766535,0
-0.84558266,-1.3295404,3.6815603,-0.42272288,-0.79796088,0.42960912,0
0.33367264,-2.8815782,1.9591417,-0.42272288,-0.79796088,0.42960912,0
-1.299459,0.16876054,-1.7244105,-0.84442097,0.17470229,-0.50639176,0
-1.1018126,2.9060714,1.2855387,-0.32902706,0.57683438,0.74766535,0
-1.5102799,4.280004,0.045775652,-0.32902706,0.57683438,0.74766535,0
1.846489,1.6322759,-2.1343932,0.42272288,0.79796088,-0.42960912,0
-2.5312541,1.185822,1.9836769,-0.32902706,0.57683438,0.74766535,0
-2.3840432,2.2213414,0.79228997,-0.84442097,0.17470229,-0.50639176,0
1.3398458,2.7918465,-0.47911644,0.42272288,0.79796088,-0.42960912,0
1.748795,-2.8082056,-1.076324,0.32902706,-0.57683438,-0.74766535,0
-1.9452642,-1.9333596,-1.3727336,-0.84442097,0.17470229,-0.50639176,0
1.4653949,1.2494743,-3.2203989,0.42272288,0.79796088,-0.42960912,0
3.7074206,0.59561813,-2.2287905,0.42272288,0.79796088,-0.42960912,0
0.54178572,-0.45743406,-3.4211488,0.32902706,-0.57683438,-0.74766535,0
0.37027776,2.8072109,-1.4046049,0.42272288,0.79796088,-0.42960912,0
0.62104654,-3.1570272,1.7302866,-0.42272288,-0.79796088,0.42960912,0
2.5562022,1.3341265,0.14724678,0.84442097,-0.17470229,0.50639176,0
-0.97528839,1.7764214,-1.7103395,-0.84442097,0.17470229,-0.50639176,0
1.0381808,-2.1382885,-1.9058964,0.32902706,-0.57683438,-0.74766535,0
-1.4329796,-2.4687703,0.98756099,-0.42272288,-0.79796088,0.42960912,0
2.9816267,-0.44630426,-2.3560281,0.32902706,-0.57683438,-0.74766535,0
-1.4923735,4.2331338,-0.00053596497,-0.84442097,0.17470229,-0.50639176,0
-1.491046,-3.6929138,-1.8195251,0.32902706,-0.57683438,-0.74766535,0
0.4203043,3.2076261,1.7227271,-0.32902706,0.57683438,0.74766535,0
1.5818477,2.3275659,-1.1033536,0.42272288,0.79796088,-0.42960912,0
-0.686409,3.1847303,1.2533572,-0.32902706,0.57683438,0.74766535,0
-0.51115108,0.52639568,3.3814259,-0.32902706,0.57683438,0.74766535,0
-1.5368297,-3.5054789,-1.0402186,-0.42272288,-0.79796088,0.42960912,0
-2.5729513,-0.57777977,0.1416178,-0.84442097,0.17470229,-0.50639176,0
2.2087896,0.5493679,0.45582896,0.84442097,-0.17470229,0.50639176,0
-0.78861213,3.5242796,0.94641352,-0.32902706,0.57683438,0.74766535,0
3.2927773,-0.075949073,-1.5674779,0.84442097,-0.17470229,0.50639176,0
1.15203,1.4591992,-3.1391954,0.42272288,0.79796088,-0.42960912,0
-2.3939283,-2.558661,-0.84029984,-0.84442097,0.17470229,-0.50639176,0
1.8912916,1.0363709,-3.1971495,0.42272288,0.79796088,-0.42960912,0
-2.7803192,-0.72824252,0.43550023,-0.84442097,0.17470229,-0.50639176,0
2.2933869,1.2290095,-2.4436901,0.42272288,0.79796088,-0.42960912,0
-1.2864126,1.7740419,2.0776777,-0.32902706,0.57683438,0.74766535,0
-3.2452958,-0.61809647,1.24886,-0.84442097,0.17470229,-0.50639176,0
-1.2430516,0.38256836,-1.7447085,-0.84442097,0.17470229,-0.50639176,0
0.21308208,-2.6922865,-1.841583,0.32902706,-0.57683438,-0.74766535,0
1.3053275,-0.5485754,1.5835905,0.84442097,-0.17470229,0.50639176,0
-1.6432017,-2.2145596,1.2528821,-0.42272288,-0.79796088,0.42960912,0
1.837244,0.070572972,-3.2584176,0.32902706,-0.57683438,-0.74766535,0
2.6680257,0.41677758,-3.159915,0.32902706,-0.57683438,-0.74766535,0
1.7816114,0.47029018,1.140878,0.84442097,-0.17470229,0.50639176,0
0.057496905,2.9795218,-1.3923209,0.42272288,0.79796088,-0.42960912,0
-2.7154176,1.4520662,1.6972202,-0.32902706,0.57683438,0.74766535,0
-0.29901826,-0.2476213,4.0719442,-0.32902706,0.57683438,0.74766535,0
-1.1801122,-2.7675111,0.68149042,-0.42272288,-0.79796088,0.42960912,0
-2.5261912,-1.7604375,-0.34436554,-0.84442097,0.17470229,-0.50639176,0
1.0074949,1.8817308,-2.496599,0.42272288,0.79796088,-0.42960912,0
1.8384285,-3.4000416,-0.5802691,0.32902706,-0.57683438,-0.74766535,0
-0.28424168,2.895309,1.6536329,-0.32902706,0.57683438,0.74766535,0
-0.24660635,-0.63490152,4.1416969,0.84442097,-0.17470229,0.50639176,0
3.1398177,-1.1265123,-1.6748526,0.84442097,-0.17470229,0.50639176,0
-0.57658696,0.58898377,3.3043413,-0.32902706,0.57683438,0.74766535,0
-0.81795859,-2.8291206,-2.1897464,0.32902706,-0.57683438,-0.74766535,0
0.25010473,-0.045945406,3.5166054,0.84442097,-0.17470229,0.50639176,0
0.68163347,2.1464722,2.656426,-0.32902706,0.57683438,0.74766535,0
1.9414214,3.461148,1.3559839,0.42272288,0.79796088,-0.42960912,0
-1.7966036,-0.86273175,3.612839,-0.42272288,-0.79796088,0.42960912,0
0.98307586,-2.1489661,-1.9219087,0.32902706,-0.57683438,-0.74766535,0
-2.6321015,-2.0823474,0.525406,-0.42272288,-0.79796088,0.42960912,0
2.7189045,1.2316436,-0.15941924,0.84442097,-0.17470229,0.50639176,0
2.421253,-0.02129595,-2.9305334,0.32902706,-0.57683438,-0.74766535,0
-3.2505405,0.10941762,2.4975991,-0.32902706,0.57683438,0.74766535,0
3.4091928,0.6333667,-1.516894,0.84442097,-0.17470229,0.50639176,0
-1.5341761,3.3390028,-0.23929858,-0.84442097,0.17470229,-0.50639176,0
-0.7427237,3.4819915,-1.2464218,0.42272288,0.79796088,-0.42960912,0
0.0049766302,0.72201157,-3.7087212,-0.84442097,0.17470229,-0.50639176,0
