2.3227723,-1.5050805,-1.4629728,0.22414845,-0.84759748,-0.48097399,0
0.77078247,0.42335582,-2.1429684,-0.10069245,0.47074819,-0.87650275,0
1.8158455,-1.5606493,-1.6012896,0.22414845,-0.84759748,-0.48097399,0
2.174613,-0.89928263,-2.5995879,0.22414845,-0.84759748,-0.48097399,0
2.0946612,-0.76862764,1.62835,0.10069245,-0.47074819,0.87650275,0
3.000284,0.26311445,1.3520129,0.96933925,0.24489722,0.020170808,0
3.378979,-1.1289996,0.055131435,0.96933925,0.24489722,0.020170808,0
2.9912665,0.43632573,-0.31762886,0.96933925,0.24489722,0.020170808,0
2.0440943,1.5366569,2.8722706,0.10069245,-0.47074819,0.87650275,0
-0.48980331,-2.1763101,1.1692208,0.10069245,-0.47074819,0.87650275,0
1.9536591,2.429935,1.8260927,-0.22414845,0.84759748,0.48097399,0
-1.081043,-1.5523996,-2.9658654,0.22414845,-0.84759748,-0.48097399,0
2.7428131,-1.617021,-1.0699532,0.22414845,-0.84759748,-0.48097399,0
-3.1362081,0.22990751,-0.80582643,-0.96933925,-0.24489722,-0.020170808,0
-2.2652099,1.9218082,0.75541902,-0.22414845,0.84759748,0.48097399,0
1.1243887,1.5559778,2.9797606,-0.22414845,0.84759748,0.48097399,0
1.8778658,2.6888399,1.3345144,-0.22414845,0.84759748,0.48097399,0
-0.75652403,-1.0198967,-2.7426474,-0.10069245,0.47074819,-0.87650275,0
-0.96541536,-1.5178235,-2.9729118,0.22414845,-0.84759748,-0.48097399,0
2.8157573,1.0970964,0.094212055,0.96933925,0.24489722,0.020170808,0
2.8766153,0.98814476,-1.5076199,0.96933925,0.24489722,0.020170808,0
-2.526556,-2.0444572,-2.4901454,-0.96933925,-0.24489722,-0.020170808,0
-1.3866704,1.5041043,1.9009449,-0.22414845,0.84759748,0.48097399,0
-2.8498416,-0.794209,-2.1336529,-0.96933925,-0.24489722,-0.020170808,0
-0.024572492,1.4331862,2.6606994,-0.22414845,0.84759748,0.48097399,0
0.8610096,-1.6517509,-1.8857279,0.22414845,-0.84759748,-0.48097399,0
-2.8278756,0.12970281,-1.8872693,-0.10069245,0.47074819,-0.87650275,0
-2.7708819,-1.3831003,1.2216604,-0.96933925,-0.24489722,-0.020170808,0
-1.3904207,-3.4196777,0.18057013,0.22414845,-0.84759748,-0.48097399,0
0.60038853,2.573621,0.94221592,-0.22414845,0.84759748,0.48097399,0
-2.0265779,-1.9311805,1.4774184,0.10069245,-0.47074819,0.87650275,0
-1.5831492,-2.9709575,0.86803865,0.10069245,-0.47074819,0.87650275,0
0.13783407,-2.5485668,0.89718807,0.10069245,-0.47074819,0.87650275,0
1.9569631,-2.6732054,0.62126672,0.10069245,-0.47074819,0.87650275,0
1.3236263,2.1054688,-1.3030576,-0.10069245,0.47074819,-0.87650275,0
0.50065148,-2.0534716,-1.3457325,0.22414845,-0.84759748,-0.48097399,0
2.2488632,2.1622002,2.4354825,-0.22414845,0.84759748,0.48097399,0
-0.83482599,2.4572268,0.47847861,-0.22414845,0.84759748,0.48097399,0
2.8015177,1.1590139,0.026762962,0.96933925,0.24489722,0.020170808,0
-3.0029981,-0.50464034,1.7108315,-0.96933925,-0.24489722,-0.020170808,0
-0.24377704,1.9834949,1.5887606,-0.22414845,0.84759748,0.48097399,0
0.41116452,3.2445762,-0.32836103,-0.22414845,0.84759748,0.48097399,0
1.5058227,2.3713028,1.7207115,-0.22414845,0.84759748,0.48097399,0
2.7389233,-1.97984,0.90382481,0.10069245,-0.47074819,0.87650275,0
0.036629915,0.54850245,2.5721743,0.10069245,-0.47074819,0.87650275,0
-2.2239516,-1.3215475,-2.7360787,-0.10069245,0.47074819,-0.87650275,0
-2.2094607,2.4755685,-0.69840604,-0.10069245,0.47074819,-0.87650275,0
2.4288762,1.1252658,2.6071191,0.10069245,-0.47074819,0.87650275,0
-3.3120053,0.80035019,0.71653461,-0.96933925,-0.24489722,-0.020170808,0
3.5643559,-1.8428674,-0.18624461,0.96933925,0.24489722,0.020170808,0
1.1412621,-1.2340709,-2.4911797,0.22414845,-0.84759748,-0.48097399,0
-0.29259253,2.8469322,0.044416666,-0.22414845,0.84759748,0.48097399,0
1.848124,3.3551297,-0.6921494,-0.10069245,0.47074819,-0.87650275,0
-1.9593161,-2.8999918,-1.0003705,0.22414845,-0.84759748,-0.48097399,0
1.9662267,2.1414647,-1.3575468,-0.10069245,0.47074819,-0.87650275,0
-3.4560585,1.6984894,0.59399152,-0.22414845,0.84759748,0.48097399,0
-2.7159796,-1.2936687,-2.5025625,-0.96933925,-0.24489722,-0.020170808,0
1.7879229,0.031119347,2.0931125,0.10069245,-0.47074819,0.87650275,0
2.7822237,1.2644479,-0.32613039,0.96933925,0.24489722,0.020170808,0
-2.4682283,-2.3400769,-1.7040105,-0.96933925,-0.24489722,-0.020170808,0
0.18250006,-0.11819267,2.1973515,0.10069245,-0.47074819,0.87650275,0
-3.2605698,0.54976076,1.2871689,-0.96933925,-0.24489722,-0.020170808,0
-1.7273929,1.6454015,-1.199648,-0.10069245,0.47074819,-0.87650275,0
0.68276978,2.3627965,1.3521342,-0.22414845,0.84759748,0.48097399,0
-0.13754678,-3.0483212,0.66041803,0.10069245,-0.47074819,0.87650275,0
3.4650471,-1.5472121,0.99658918,0.96933925,0.24489722,0.020170808,0
-1.2876,-2.8218255,-0.82507873,0.22414845,-0.84759748,-0.48097399,0
2.1768942,-1.0641,-2.308075,0.22414845,-0.84759748,-0.48097399,0
3.2815914,-0.72878754,-0.12379503,0.96933925,0.24489722,0.020170808,0
-0.31682348,-0.761868,-2.6545792,-0.10069245,0.47074819,-0.87650275,0
-2.4927988,-2.4516842,0.83180213,-0.96933925,-0.24489722,-0.020170808,0
3.3547573,-2.1872184,0.72170007,0.10069245,-0.47074819,0.87650275,0
1.7454379,-2.0390451,-0.79104769,0.22414845,-0.84759748,-0.48097399,0
-2.5997424,1.9288652,0.58708048,-0.22414845,0.84759748,0.48097399,0
2.4630933,2.3140585,2.2666843,0.96933925,0.24489722,0.020170808,0
-0.53484631,-0.33406472,-2.3997705,-0.10069245,0.47074819,-0.87650275,0
1.0330489,2.4939225,1.2842984,-0.22414845,0.84759748,0.48097399,0
-0.06674099,2.6409445,0.51267254,-0.22414845,0.84759748,0.48097399,0
2.3140895,-1.2564045,-1.9052488,0.22414845,-0.84759748,-0.48097399,0
2.9370651,-0.82526445,1.5011564,0.10069245,-0.47074819,0.87650275,0
-1.6332465,-0.52596045,2.1869416,0.10069245,-0.47074819,0.87650275,0
-1.5913318,0.80766273,-1.6652076,-0.10069245,0.47074819,-0.87650275,0
0.42888355,2.3053193,-1.092935,-0.10069245,0.47074819,-0.87650275,0
-2.5778794,-2.0466065,0.0023889542,-0.96933925,-0.24489722,-0.020170808,0
-1.2088882,0.60814476,-1.8162987,-0.10069245,0.47074819,-0.87650275,0
-0.031414628,1.3631816,2.7808762,-0.22414845,0.84759748,0.48097399,0
-2.8747261,-1.0240036,1.852206,-0.96933925,-0.24489722,-0.020170808,0
1.3544408,0.83310783,-1.9899513,-0.10069245,0.47074819,-0.87650275,0
2.4261622,2.5414901,1.2801764,0.96933925,0.24489722,0.020170808,0
2.3713932,2.882796,-0.23170209,0.96933925,0.24489722,0.020170808,0
-0.28891516,1.5599293,2.3141544,-0.22414845,0.84759748,0.48097399,0
-2.7971334,0.73504949,-1.5656841,-0.10069245,0.47074819,-0.87650275,0
2.2444515,3.3660321,0.0016436577,0.96933925,0.24489722,0.020170808,0
-1.9615967,-1.5964577,-2.9138656,-0.10069245,0.47074819,-0.87650275,0
3.1353464,-0.092283666,-0.82367826,0.96933925,0.24489722,0.020170808,0
-3.1960468,0.40578043,-0.065490246,-0.96933925,-0.24489722,-0.020170808,0
-2.8613501,-0.99178362,0.8182137,-0.96933925,-0.24489722,-0.020170808,0
1.6636206,-2.5449514,0.062357396,0.22414845,-0.84759748,-0.48097399,0
-2.7840908,-1.1635998,-0.80854893,-0.96933925,-0.24489722,-0.020170808,0
0.17411506,-1.5326174,1.4386617,0.10069245,-0.47074819,0.87650275,0
3.0278828,0.33692804,-0.87048244,0.96933925,0.24489722,0.020170808,0
-2.0043292,1.8068367,1.0796062,-0.22414845,0.84759748,0.48097399,0
-1.9498427,0.7108829,2.8875906,0.10069245,-0.47074819,0.87650275,0
-2.3684609,-2.8611071,-0.17257404,-0.96933925,-0.24489722,-0.020170808,0
-2.9708176,-0.48811591,-0.036270142,-0.96933925,-0.24489722,-0.020170808,0
-2.5898263,-2.0347116,0.4320879,-0.96933925,-0.24489722,-0.020170808,0
1.6160103,0.041858196,2.1186292,0.10069245,-0.47074819,0.87650275,0
3.163208,-2.4078956,0.62518483,0.10069245,-0.47074819,0.87650275,0
-0.75055814,-2.8639562,0.82985854,0.10069245,-0.47074819,0.87650275,0
-3.190423,0.38194275,-0.046326876,-0.96933925,-0.24489722,-0.020170808,0
2.3484173,2.0778379,2.6305456,-0.22414845,0.84759748,0.48097399,0
-2.3916943,-2.6872728,-1.1666036,-0.96933925,-0.24489722,-0.020170808,0
0.65888166,-3.0016301,0.39890218,0.22414845,-0.84759748,-0.48097399,0
2.439981,2.5368671,0.67221117,0.96933925,0.24489722,0.020170808,0
-2.6904838,1.8319192,-0.98883408,-0.10069245,0.47074819,-0.87650275,0
-0.35760501,0.34797144,-2.0538268,-0.10069245,0.47074819,-0.87650275,0
-1.8607124,-2.6087513,-1.4676564,0.22414845,-0.84759748,-0.48097399,0
3.6062508,-2.0502713,0.31855643,0.96933925,0.24489722,0.020170808,0
3.4145069,-1.2791431,0.17069471,0.96933925,0.24489722,0.020170808,0
1.8681037,3.191051,-0.78256726,-0.10069245,0.47074819,-0.87650275,0
-2.2600706,-3.3509953,0.56637263,-0.96933925,-0.24489722,-0.020170808,0
-2.7555361,0.33574319,2.7786701,0.10069245,-0.47074819,0.87650275,0
-1.9161958,-1.4751582,-2.8539343,-0.10069245,0.47074819,-0.87650275,0
-2.5583608,-2.0972781,1.4493027,0.10069245,-0.47074819,0.87650275,0
-3.6022911,2.013742,-0.06533277,-0.96933925,-0.24489722,-0.020170808,0
-1.4070894,-1.0817897,-2.7011518,-0.10069245,0.47074819,-0.87650275,0
1.4610565,1.2448379,-1.7810693,-0.10069245,0.47074819,-0.87650275,0
1.1580532,2.7485249,0.89387989,-0.22414845,0.84759748,0.48097399,0
3.1151474,-1.2005534,-1.6303551,0.22414845,-0.84759748,-0.48097399,0
1.6302354,1.4146023,2.8542624,0.10069245,-0.47074819,0.87650275,0
2.8408661,-0.78776604,-2.4856141,0.22414845,-0.84759748,-0.48097399,0
1.4515281,3.2081187,0.22072768,-0.22414845,0.84759748,0.48097399,0
2.6161604,0.31705487,-2.4120569,-0.10069245,0.47074819,-0.87650275,0
-1.4114726,1.1130481,2.5785258,-0.22414845,0.84759748,0.48097399,0
-0.50676703,-2.2131469,-1.5338321,0.22414845,-0.84759748,-0.48097399,0
0.34190202,-2.7456346,-0.19994903,0.22414845,-0.84759748,-0.48097399,0
1.9496149,2.3269758,2.0056479,-0.22414845,0.84759748,0.48097399,0
-2.8541212,-0.93304688,-0.24230933,-0.96933925,-0.24489722,-0.020170808,0
-2.6632724,1.996129,0.43893796,-0.22414845,0.84759748,0.48097399,0
-2.2167978,-0.96385288,-2.5447917,-0.10069245,0.47074819,-0.87650275,0
-3.2179179,0.60793209,-1.4688088,-0.96933925,-0.24489722,-0.020170808,0
2.2485099,-2.4168921,0.72543359,0.10069245,-0.47074819,0.87650275,0
2.4395101,2.0173776,-1.4785614,-0.10069245,0.47074819,-0.87650275,0
-1.8192668,-3.2319937,-0.35003161,0.22414845,-0.84759748,-0.48097399,0
0.69194263,0.99010015,2.7340636,0.10069245,-0.47074819,0.87650275,0
2.0833786,1.0643682,-1.9494874,-0.10069245,0.47074819,-0.87650275,0
-1.3558469,-3.05918,0.79454422,0.10069245,-0.47074819,0.87650275,0
1.1246328,-1.7410315,-1.6055366,0.22414845,-0.84759748,-0.48097399,0
-0.70831144,-1.6041926,-2.7008886,0.22414845,-0.84759748,-0.48097399,0
0.17910546,-0.44564104,-2.5417137,-0.10069245,0.47074819,-0.87650275,0
-1.8011454,-2.5610237,1.1132474,0.10069245,-0.47074819,0.87650275,0
-1.4566547,-2.4730213,1.1209366,0.10069245,-0.47074819,0.87650275,0
2.1268163,-2.1716886,0.87110627,0.10069245,-0.47074819,0.87650275,0
2.6451802,1.5486186,2.8095369,0.96933925,0.24489722,0.020170808,0
3.2690568,-0.48661828,-2.4616394,0.96933925,0.24489722,0.020170808,0
-1.3423218,0.54817677,-1.8331772,-0.10069245,0.47074819,-0.87650275,0
-0.98180056,1.7383446,1.6768359,-0.22414845,0.84759748,0.48097399,0
-1.9994211,-3.4332809,-0.079270363,0.22414845,-0.84759748,-0.48097399,0
3.2287536,-1.4833956,-1.0789717,0.22414845,-0.84759748,-0.48097399,0
-3.263283,0.47530636,2.3215251,-0.96933925,-0.24489722,-0.020170808,0
-0.12524748,-2.264904,-1.2648233,0.22414845,-0.84759748,-0.48097399,0
1.5375574,-2.7618046,0.38575807,0.22414845,-0.84759748,-0.48097399,0
1.8582659,-1.1704714,1.4396865,0.10069245,-0.47074819,0.87650275,0
0.64657962,1.7583393,-1.4117131,-0.10069245,0.47074819,-0.87650275,0
-3.5319374,1.6986274,0.37956917,-0.96933925,-0.24489722,-0.020170808,0
-2.6063724,2.5819585,-0.56692481,-0.22414845,0.84759748,0.48097399,0
2.4664636,2.4203219,0.81455874,0.96933925,0.24489722,0.020170808,0
1.5999322,-1.0203506,-2.6540542,0.22414845,-0.84759748,-0.48097399,0
-1.6883733,-1.1043372,1.882643,0.10069245,-0.47074819,0.87650275,0
-2.6735399,1.6425992,1.0571617,-0.22414845,0.84759748,0.48097399,0
-3.5191846,1.6312495,0.58476365,-0.96933925,-0.24489722,-0.020170808,0
1.3211846,-0.38573813,1.9228473,0.10069245,-0.47074819,0.87650275,0
-2.5043945,-2.4190001,0.99224091,-0.96933925,-0.24489722,-0.020170808,0
1.5720149,-1.2821866,-2.2056437,0.22414845,-0.84759748,-0.48097399,0
1.4684651,-1.5795906,1.2647389,0.10069245,-0.47074819,0.87650275,0
1.479532,-1.5233232,-1.8237998,0.22414845,-0.84759748,-0.48097399,0
-2.7904203,-1.1618109,-0.52611017,-0.96933925,-0.24489722,-0.020170808,0
-2.8846445,-0.83386952,0.020390034,-0.96933925,-0.24489722,-0.020170808,0
-3.034776,0.85359645,-1.4747151,-0.10069245,0.47074819,-0.87650275,0
0.86030149,-1.5563411,-2.0541945,0.22414845,-0.84759748,-0.48097399,0
-3.4710195,1.4155238,0.88927829,-0.96933925,-0.24489722,-0.020170808,0
-2.5267181,0.80601454,-1.5586357,-0.10069245,0.47074819,-0.87650275,0
-1.1858153,2.667182,-0.055087268,-0.22414845,0.84759748,0.48097399,0
-2.3018262,2.0788391,-0.90086842,-0.10069245,0.47074819,-0.87650275,0
0.12978464,-0.7175343,1.8815155,0.10069245,-0.47074819,0.87650275,0
-1.4729458,-1.751899,-2.7969356,0.22414845,-0.84759748,-0.48097399,0
0.12138146,1.0973337,-1.7063884,-0.10069245,0.47074819,-0.87650275,0
2.9403915,0.44978333,1.9638522,0.96933925,0.24489722,0.020170808,0
1.667576,-1.9223019,-1.0330646,0.22414845,-0.84759748,-0.48097399,0
-0.15757686,-1.1611745,1.6762593,0.10069245,-0.47074819,0.87650275,0
-0.8405537,1.3381373,-1.4665519,-0.10069245,0.47074819,-0.87650275,0
-3.3586907,1.2688254,1.3965445,-0.22414845,0.84759748,0.48097399,0
-3.5460355,1.8109837,-0.3070631,-0.96933925,-0.24489722,-0.020170808,0
0.82503033,2.4807811,1.2105136,-0.22414845,0.84759748,0.48097399,0
-1.877831,2.3213508,0.23185442,-0.22414845,0.84759748,0.48097399,0
-2.180923,2.1271706,0.43279919,-0.22414845,0.84759748,0.48097399,0
2.0998976,-2.0835874,-0.54736358,0.22414845,-0.84759748,-0.48097399,0
-0.44330257,-1.1851536,1.6962048,0.10069245,-0.47074819,0.87650275,0
3.2039068,-0.26040831,-2.07722,0.96933925,0.24489722,0.020170808,0
-3.1500044,0.11389151,1.2657384,-0.96933925,-0.24489722,-0.020170808,0
-2.5475836,-1.9396951,-2.7515574,-0.96933925,-0.24489722,-0.020170808,0
-3.2109659,0.36287802,1.1723464,-0.96933925,-0.24489722,-0.020170808,0
2.7237186,1.3607162,1.316607,0.96933925,0.24489722,0.020170808,0
3.2662661,-0.5087651,-2.0586419,0.96933925,0.24489722,0.020170808,0
0.97223151,-1.7900127,-1.590243,0.22414845,-0.84759748,-0.48097399,0
-1.8497444,2.101599,0.63220161,-0.22414845,0.84759748,0.48097399,0
0.4223597,0.82569885,2.6767375,0.10069245,-0.47074819,0.87650275,0
2.8922052,0.64800835,1.8728445,0.96933925,0.24489722,0.020170808,0
-1.9039929,0.46957207,-1.8108693,-0.10069245,0.47074819,-0.87650275,0
2.4743257,1.9104717,2.9841642,-0.22414845,0.84759748,0.48097399,0
-3.2248087,0.28629398,2.7674155,-0.96933925,-0.24489722,-0.020170808,0
-2.8422012,-0.86597538,-1.6294844,-0.96933925,-0.24489722,-0.020170808,0
2.656368,1.7085669,0.32993436,0.96933925,0.24489722,0.020170808,0
1.1420786,-1.0781167,-2.76563,0.22414845,-0.84759748,-0.48097399,0
-1.1014705,-1.6713002,-2.7658529,0.22414845,-0.84759748,-0.48097399,0
2.4427614,0.3254056,-2.3876519,-0.10069245,0.47074819,-0.87650275,0
1.1593019,2.3286462,-1.1643169,-0.10069245,0.47074819,-0.87650275,0
-1.1155379,2.9618425,-0.56290942,-0.10069245,0.47074819,-0.87650275,0
2.5659688,2.1827335,-1.0827172,0.96933925,0.24489722,0.020170808,0
2.7420568,0.091835499,-2.5474796,-0.10069245,0.47074819,-0.87650275,0
1.566308,3.5686486,-0.36112571,-0.22414845,0.84759748,0.48097399,0
2.7842441,1.1024323,1.5438375,0.96933925,0.24489722,0.020170808,0
2.3696575,2.9229455,-0.63574195,0.96933925,0.24489722,0.020170808,0
2.2556643,0.42616475,-2.3120427,-0.10069245,0.47074819,-0.87650275,0
-3.009047,-0.24066043,-1.2035155,-0.96933925,-0.24489722,-0.020170808,0
-2.4783885,-2.5295119,1.0842071,-0.96933925,-0.24489722,-0.020170808,0
2.9342194,0.72844386,-1.122798,0.96933925,0.24489722,0.020170808,0
1.0919013,1.7270736,2.6631064,-0.22414845,0.84759748,0.48097399,0
-0.78243124,0.58926535,2.6881609,0.10069245,-0.47074819,0.87650275,0
0.0683043,0.83502531,2.7224202,0.10069245,-0.47074819,0.87650275,0
-0.56284595,2.6357803,-0.80152273,-0.10069245,0.47074819,-0.87650275,0
-2.2495437,2.2233553,-0.82925856,-0.10069245,0.47074819,-0.87650275,0
-2.6556592,-0.63382506,2.2464647,0.10069245,-0.47074819,0.87650275,0
3.414644,-1.2525729,-0.15848267,0.96933925,0.24489722,0.020170808,0
2.3311443,-2.3817892,0.085910946,0.22414845,-0.84759748,-0.48097399,0
-2.6225429,-0.079049587,-2.0229738,-0.10069245,0.47074819,-0.87650275,0
0.23990655,-2.0474334,-1.4778883,0.22414845,-0.84759748,-0.48097399,0
2.8656502,0.91017371,-0.034025431,0.96933925,0.24489722,0.020170808,0
-1.0966005,2.7913802,-0.23237884,-0.22414845,0.84759748,0.48097399,0
-0.84047514,-0.48112345,-2.4436414,-0.10069245,0.47074819,-0.87650275,0
-1.3313541,-1.4496601,1.6561641,0.10069245,-0.47074819,0.87650275,0
-2.7659683,1.805779,0.72652316,-0.22414845,0.84759748,0.48097399,0
1.3212509,3.5596042,-0.52180386,-0.10069245,0.47074819,-0.87650275,0
2.2951102,2.4210272,2.0009167,-0.22414845,0.84759748,0.48097399,0
3.10937,-0.1640203,1.2956202,0.96933925,0.24489722,0.020170808,0
0.74898028,-2.1957474,-0.97927827,0.22414845,-0.84759748,-0.48097399,0
3.1295347,-0.24516106,1.3117189,0.96933925,0.24489722,0.020170808,0
1.4189662,-2.4791834,-0.16755849,0.22414845,-0.84759748,-0.48097399,0
0.66853058,-1.6352112,-2.004576,0.22414845,-0.84759748,-0.48097399,0
-3.1873794,0.41368699,-0.57799864,-0.96933925,-0.24489722,-0.020170808,0
3.4216888,-1.3053195,0.1433748,0.96933925,0.24489722,0.020170808,0
1.6326576,1.9481835,2.5254641,-0.22414845,0.84759748,0.48097399,0
1.5090518,2.3539848,1.7527354,-0.22414845,0.84759748,0.48097399,0
2.9119978,0.58806515,1.6494513,0.96933925,0.24489722,0.020170808,0
-2.6110613,-1.8245258,-1.0993514,-0.96933925,-0.24489722,-0.020170808,0
3.034996,0.085074902,1.8454726,0.96933925,0.24489722,0.020170808,0
-0.90596604,2.976527,-0.46981263,-0.22414845,0.84759748,0.48097399,0
0.87614417,0.79527116,2.6082644,0.10069245,-0.47074819,0.87650275,0
-2.6030688,-1.9192315,-0.3335917,-0.96933925,-0.24489722,-0.020170808,0
-2.9023952,0.74940771,2.5245368,-0.22414845,0.84759748,0.48097399,0
-1.6604068,-0.36190987,-2.2854209,-0.10069245,0.47074819,-0.87650275,0
-1.5516863,2.2847872,0.44828221,-0.22414845,0.84759748,0.48097399,0
3.1018782,0.0732757,-1.2253934,0.96933925,0.24489722,0.020170808,0
-1.6310507,2.1625791,0.62665695,-0.22414845,0.84759748,0.48097399,0
-2.40113,-2.6410477,-1.2743816,-0.96933925,-0.24489722,-0.020170808,0
-2.7799537,-1.3684189,1.4793773,-0.96933925,-0.24489722,-0.020170808,0
-2.8236706,0.55325794,-1.6602714,-0.10069245,0.47074819,-0.87650275,0
1.9528298,2.3506501,-1.2436595,-0.10069245,0.47074819,-0.87650275,0
-2.4795702,1.5337553,1.3393676,-0.22414845,0.84759748,0.48097399,0
-1.7837439,1.6362188,-1.1981062,-0.10069245,0.47074819,-0.87650275,0
-3.2606993,0.62335515,0.39987397,-0.96933925,-0.24489722,-0.020170808,0
-1.0103505,-1.2188597,-2.8203464,-0.10069245,0.47074819,-0.87650275,0
-2.5808423,-1.9599874,-0.90690804,-0.96933925,-0.24489722,-0.020170808,0
3.4013042,-1.2417536,0.35121942,0.96933925,0.24489722,0.020170808,0
3.2640254,-0.7092042,0.48258638,0.96933925,0.24489722,0.020170808,0
1.8997059,-0.82626593,-2.8563769,0.22414845,-0.84759748,-0.48097399,0
-1.6675664,2.2581198,0.44127309,-0.22414845,0.84759748,0.48097399,0
-2.4242778,-2.049825,-2.7152646,0.22414845,-0.84759748,-0.48097399,0
2.5844584,1.9455961,0.90784931,0.96933925,0.24489722,0.020170808,0
-0.98247361,-3.3015783,0.16256475,0.22414845,-0.84759748,-0.48097399,0
2.34447,2.7933431,1.3678052,-0.22414845,0.84759748,0.48097399,0
-2.2269661,-3.4666979,0.38027143,-0.96933925,-0.24489722,-0.020170808,0
-1.0198851,-1.5823069,-2.8846598,0.22414845,-0.84759748,-0.48097399,0
-0.30024993,-0.64580786,1.9694403,0.10069245,-0.47074819,0.87650275,0
1.7742159,-1.7286184,-1.3246863,0.22414845,-0.84759748,-0.48097399,0
0.75245762,1.4975791,2.9093425,-0.22414845,0.84759748,0.48097399,0
-0.85469776,1.1479673,-1.5670626,-0.10069245,0.47074819,-0.87650275,0
-0.37786198,-2.9407861,-0.19147444,0.22414845,-0.84759748,-0.48097399,0
-1.7472397,-2.2339251,-2.0753133,0.22414845,-0.84759748,-0.48097399,0
-1.7538583,0.24547696,-1.9484725,-0.10069245,0.47074819,-0.87650275,0
1.0115688,0.81552815,-1.9600039,-0.10069245,0.47074819,-0.87650275,0
0.69055319,3.1730015,-0.65698433,-0.10069245,0.47074819,-0.87650275,0
0.73033702,2.3552918,-1.1007267,-0.10069245,0.47074819,-0.87650275,0
-0.50295448,-2.880039,0.79277635,0.10069245,-0.47074819,0.87650275,0
2.0437803,0.2103138,2.1599607,0.10069245,-0.47074819,0.87650275,0
1.5988292,2.5090008,1.5213974,-0.22414845,0.84759748,0.48097399,0
-1.0138497,2.7937069,-0.66489285,-0.10069245,0.47074819,-0.87650275,0
2.4957285,2.3489337,0.27490163,0.96933925,0.24489722,0.020170808,0
-0.65140122,-0.3161447,2.1868343,0.10069245,-0.47074819,0.87650275,0
1.5041283,1.6961746,2.909668,-0.22414845,0.84759748,0.48097399,0
2.9404087,0.51371503,1.1868348,0.96933925,0.24489722,0.020170808,0
3.4756558,-1.530529,0.28422618,0.96933925,0.24489722,0.020170808,0
2.0578852,2.5044978,-1.1731002,-0.10069245,0.47074819,-0.87650275,0
-3.2633703,1.6103535,0.83910763,-0.22414845,0.84759748,0.48097399,0
1.5274386,-1.1048114,-2.5389972,0.22414845,-0.84759748,-0.48097399,0
-2.4868646,0.1860019,2.667383,0.10069245,-0.47074819,0.87650275,0
-1.9830899,-2.5555801,-1.6183901,0.22414845,-0.84759748,-0.48097399,0
2.189698,0.51699591,2.3079093,0.10069245,-0.47074819,0.87650275,0
3.2867067,-0.67259705,-1.0518377,0.96933925,0.24489722,0.020170808,0
2.6655648,1.6848961,0.17536402,0.96933925,0.24489722,0.020170808,0
-2.7144158,-1.5883739,1.0003469,-0.96933925,-0.24489722,-0.020170808,0
-1.5647285,0.44081771,2.6983032,0.10069245,-0.47074819,0.87650275,0
2.4726706,2.0895514,2.6678088,-0.22414845,0.84759748,0.48097399,0
3.4308958,-1.2131796,-1.4177756,0.96933925,0.24489722,0.020170808,0
-2.5741386,-2.008235,-0.64328623,-0.96933925,-0.24489722,-0.020170808,0
-1.228724,1.4897604,1.9998302,-0.22414845,0.84759748,0.48097399,0
3.0663285,0.30624413,-2.345511,0.96933925,0.24489722,0.020170808,0
-3.0468128,-0.14351058,-0.56812811,-0.96933925,-0.24489722,-0.020170808,0
1.2788582,2.741982,0.96170902,-0.22414845,0.84759748,0.48097399,0
-0.73053908,3.0507846,-0.51891899,-0.22414845,0.84759748,0.48097399,0
2.1876202,2.2664962,2.2231455,-0.22414845,0.84759748,0.48097399,0
1.4466419,2.9917934,0.59967089,-0.22414845,0.84759748,0.48097399,0
2.9322896,0.80738229,-1.9884627,0.96933925,0.24489722,0.020170808,0
2.060293,3.2071309,-0.79600978,-0.10069245,0.47074819,-0.87650275,0
-2.4460554,1.5962852,1.2447932,-0.22414845,0.84759748,0.48097399,0
-3.1892929,0.30812174,0.79562306,-0.96933925,-0.24489722,-0.020170808,0
0.91753417,-0.21532702,-2.5028484,-0.10069245,0.47074819,-0.87650275,0
-1.3154927,-2.2727091,-1.8057592,0.22414845,-0.84759748,-0.48097399,0
2.3132825,-2.6214957,0.50001049,0.22414845,-0.84759748,-0.48097399,0
1.2013767,1.3665872,2.8777418,0.10069245,-0.47074819,0.87650275,0
3.0409937,-0.32203269,1.7594908,0.10069245,-0.47074819,0.87650275,0
-2.599519,-1.8406564,-1.458169,-0.96933925,-0.24489722,-0.020170808,0
3.5177224,-2.1172786,0.17275858,0.22414845,-0.84759748,-0.48097399,0
2.8077521,-2.3881295,0.31919771,0.22414845,-0.84759748,-0.48097399,0
-1.5723497,2.0891111,0.78348315,-0.22414845,0.84759748,0.48097399,0
-2.6280339,0.86469126,-1.5154829,-0.10069245,0.47074819,-0.87650275,0
-1.9962275,2.7337012,-0.54998732,-0.22414845,0.84759748,0.48097399,0
2.5877066,0.91903931,-2.0854769,-0.10069245,0.47074819,-0.87650275,0
2.863322,1.0736918,-1.9074302,0.96933925,0.24489722,0.020170808,0
2.0339665,2.2244844,2.2255743,-0.22414845,0.84759748,0.48097399,0
-2.9599605,-0.57239264,0.46518731,-0.96933925,-0.24489722,-0.020170808,0
-0.31403589,2.9578984,-0.16112685,-0.22414845,0.84759748,0.48097399,0
1.4192171,-0.63805103,-2.7875161,-0.10069245,0.47074819,-0.87650275,0
1.7338977,0.0096611977,-2.4757962,-0.10069245,0.47074819,-0.87650275,0
-2.6071239,-1.9135456,-0.20775652,-0.96933925,-0.24489722,-0.020170808,0
-3.4552798,1.4539647,1.0252687,-0.22414845,0.84759748,0.48097399,0
3.5573843,-1.8846859,-0.21864522,0.22414845,-0.84759748,-0.48097399,0
-0.42057443,-2.2264719,-1.4701817,0.22414845,-0.84759748,-0.48097399,0
3.2804539,-0.5993489,-1.6406779,0.96933925,0.24489722,0.020170808,0
2.8274758,-0.79924273,1.5277219,0.10069245,-0.47074819,0.87650275,0
0.33025575,-1.2007096,1.5989839,0.10069245,-0.47074819,0.87650275,0
-0.0032076836,-2.3203721,-1.1102003,0.22414845,-0.84759748,-0.48097399,0
3.2896852,-0.7225492,-0.58850873,0.96933925,0.24489722,0.020170808,0
-3.3695703,1.0634925,0.28806245,-0.96933925,-0.24489722,-0.020170808,0
2.3476403,1.1418855,-1.9382131,-0.10069245,0.47074819,-0.87650275,0
3.1751676,-0.29250336,-0.30645061,0.96933925,0.24489722,0.020170808,0
0.63721907,1.9470617,2.0635364,-0.22414845,0.84759748,0.48097399,0
-1.228225,-1.164824,1.7972951,0.10069245,-0.47074819,0.87650275,0
-1.3315845,1.7799778,-1.1728406,-0.10069245,0.47074819,-0.87650275,0
-3.4959874,1.5744404,0.15970933,-0.96933925,-0.24489722,-0.020170808,0
-1.1986647,-3.3015342,0.64632416,0.10069245,-0.47074819,0.87650275,0
0.54816425,1.4866643,-1.5463173,-0.10069245,0.47074819,-0.87650275,0
1.4538057,2.1310353,-1.3042814,-0.10069245,0.47074819,-0.87650275,0
-2.930249,-0.58708847,-0.7842381,-0.96933925,-0.24489722,-0.020170808,0
-2.1939545,-3.5866153,0.24977064,-0.96933925,-0.24489722,-0.020170808,0
-1.5766962,2.7718649,-0.42172778,-0.22414845,0.84759748,0.48097399,0
0.43129051,0.95586753,2.7456217,0.10069245,-0.47074819,0.87650275,0
-3.1613364,0.096655399,2.0195796,-0.96933925,-0.24489722,-0.020170808,0
1.896102,2.0135369,2.5330672,-0.22414845,0.84759748,0.48097399,0
1.5459946,1.9016578,2.5670664,-0.22414845,0.84759748,0.48097399,0
2.5956206,-0.43212295,-2.8120623,-0.10069245,0.47074819,-0.87650275,0
2.9565816,0.54059243,0.083282232,0.96933925,0.24489722,0.020170808,0
-1.4419231,-3.0309803,-0.52841449,0.22414845,-0.84759748,-0.48097399,0
0.676117,-0.43834209,1.9687003,0.10069245,-0.47074819,0.87650275,0
0.084529877,2.3236082,1.1423962,-0.22414845,0.84759748,0.48097399,0
-2.7981877,-1.1245718,-0.60495186,-0.96933925,-0.24489722,-0.020170808,0
-0.13700899,-0.19048953,2.1952276,0.10069245,-0.47074819,0.87650275,0
-3.0443394,-0.28044862,0.97560644,-0.96933925,-0.24489722,-0.020170808,0
-0.94706392,2.8958147,-0.34673023,-0.22414845,0.84759748,0.48097399,0
0.24279559,1.2889737,-1.6174114,-0.10069245,0.47074819,-0.87650275,0
0.48556691,0.94667649,2.7344501,0.10069245,-0.47074819,0.87650275,0
3.155582,-0.34781289,1.3062938,0.96933925,0.24489722,0.020170808,0
-0.54949832,-0.71183693,1.9626113,0.10069245,-0.47074819,0.87650275,0
-3.1858757,0.48645234,-1.5337402,-0.96933925,-0.24489722,-0.020170808,0
-2.6135874,-1.8500212,-0.66839814,-0.96933925,-0.24489722,-0.020170808,0
2.5259633,-0.67138147,-2.8374672,0.22414845,-0.84759748,-0.48097399,0
0.60038698,-0.772614,-2.7657194,-0.10069245,0.47074819,-0.87650275,0
-2.1958256,2.2831466,0.15098469,-0.22414845,0.84759748,0.48097399,0
-1.3653675,-2.2996178,-1.7815828,0.22414845,-0.84759748,-0.48097399,0
1.9418458,-1.9398832,-0.8742637,0.22414845,-0.84759748,-0.48097399,0
3.4027176,-1.0879706,-1.5837915,0.96933925,0.24489722,0.020170808,0
-3.1273274,1.468883,1.1518147,-0.22414845,0.84759748,0.48097399,0
0.72514552,0.98873973,-1.8340719,-0.10069245,0.47074819,-0.87650275,0
-1.4411528,-1.0865318,1.8638051,0.10069245,-0.47074819,0.87650275,0
-2.6248288,-1.8169385,-0.52983379,-0.96933925,-0.24489722,-0.020170808,0
-2.9653544,-0.53677166,0.29192472,-0.96933925,-0.24489722,-0.020170808,0
2.9523149,0.57567137,-0.13755465,0.96933925,0.24489722,0.020170808,0
-1.6295536,1.9888054,-1.026454,-0.10069245,0.47074819,-0.87650275,0
2.5230808,1.6332239,-1.6944818,-0.10069245,0.47074819,-0.87650275,0
-0.18229198,-2.0008125,-1.7568039,0.22414845,-0.84759748,-0.48097399,0
-0.70090085,0.33517432,-2.0212619,-0.10069245,0.47074819,-0.87650275,0
2.1950428,0.73681855,2.4253564,0.10069245,-0.47074819,0.87650275,0
-2.5335133,-2.2042904,-0.21524477,-0.96933925,-0.24489722,-0.020170808,0
3.1263654,-2.3293908,0.36416936,0.22414845,-0.84759748,-0.48097399,0
-1.5160336,-1.8714135,-2.6064017,0.22414845,-0.84759748,-0.48097399,0
1.9272718,-1.8379598,1.0732676,0.10069245,-0.47074819,0.87650275,0
-1.4698797,-1.8491224,1.4575363,0.10069245,-0.47074819,0.87650275,0
-2.6818018,-1.3300967,-2.6880729,-0.10069245,0.47074819,-0.87650275,0
3.3337412,-0.87364501,-0.87120163,0.96933925,0.24489722,0.020170808,0
-1.5404772,-2.3731174,1.1842217,0.10069245,-0.47074819,0.87650275,0
0.86910701,-2.245214,0.97610283,0.10069245,-0.47074819,0.87650275,0
-1.7356918,2.2216268,0.4738346,-0.22414845,0.84759748,0.48097399,0
3.1343381,-0.1099385,-0.5608623,0.96933925,0.24489722,0.020170808,0
0.74711007,-0.6959188,1.8222065,0.10069245,-0.47074819,0.87650275,0
2.3640842,2.7870178,1.2824197,0.96933925,0.24489722,0.020170808,0
2.3549743,2.8953555,0.40486598,0.96933925,0.24489722,0.020170808,0
3.2923703,-0.86794543,1.0477469,0.96933925,0.24489722,0.020170808,0
-2.4725294,-2.481679,0.2219038,-0.96933925,-0.24489722,-0.020170808,0
-1.0538996,0.41593289,-1.9373361,-0.10069245,0.47074819,-0.87650275,0
2.7249787,1.4703505,-0.075025082,0.96933925,0.24489722,0.020170808,0
1.8615072,0.067165613,-2.4595721,-0.10069245,0.47074819,-0.87650275,0
0.67857099,-2.7709954,0.0016413927,0.22414845,-0.84759748,-0.48097399,0
3.3380802,-0.78952956,-2.1009798,0.96933925,0.24489722,0.020170808,0
-2.5209475,-2.2677436,-0.048728228,-0.96933925,-0.24489722,-0.020170808,0
-0.80461454,-1.8981516,1.3547784,0.10069245,-0.47074819,0.87650275,0
-2.9473593,-0.68625122,1.2419834,-0.96933925,-0.24489722,-0.020170808,0
-3.1049271,0.019745111,0.24253345,-0.96933925,-0.24489722,-0.020170808,0
2.3764925,2.8305759,0.15727758,0.96933925,0.24489722,0.020170808,0
-1.2844231,-3.0602252,0.78577733,0.10069245,-0.47074819,0.87650275,0
0.98811531,3.194026,0.029598475,-0.22414845,0.84759748,0.48097399,0
2.4530678,2.6283398,-1.067291,0.96933925,0.24489722,0.020170808,0
-2.5348532,0.97183144,2.3038557,-0.22414845,0.84759748,0.48097399,0
-1.6332965,-1.828424,-2.7368078,0.22414845,-0.84759748,-0.48097399,0
-0.19249439,-2.35671,1.0381781,0.10069245,-0.47074819,0.87650275,0
3.2777305,-0.58386004,-1.6978494,0.96933925,0.24489722,0.020170808,0
-2.8052309,-1.1751728,0.3478651,-0.96933925,-0.24489722,-0.020170808,0
-3.0063472,0.33229828,-1.7579576,-0.10069245,0.47074819,-0.87650275,0
2.3983865,0.37933969,2.2100034,0.10069245,-0.47074819,0.87650275,0
-2.0450313,-3.5963953,0.5851922,0.10069245,-0.47074819,0.87650275,0
-3.3340921,1.0094111,-0.76029217,-0.96933925,-0.24489722,-0.020170808,0
1.2695732,-2.5819707,0.74923378,0.10069245,-0.47074819,0.87650275,0
-2.6858122,-1.4757421,-1.7417123,-0.96933925,-0.24489722,-0.020170808,0
2.4633389,2.488636,0.13528109,0.96933925,0.24489722,0.020170808,0
-2.7702448,-1.1080084,-2.1488938,-0.96933925,-0.24489722,-0.020170808,0
-3.2024994,0.19923961,2.7522519,-0.96933925,-0.24489722,-0.020170808,0
2.417573,2.5752194,1.2834218,0.96933925,0.24489722,0.020170808,0
3.0693851,0.2983458,-2.3964977,0.96933925,0.24489722,0.020170808,0
1.2690248,-1.0654757,-2.7287452,0.22414845,-0.84759748,-0.48097399,0
1.3802655,-0.92582393,1.6259934,0.10069245,-0.47074819,0.87650275,0
0.28435969,-2.7072515,0.79513001,0.10069245,-0.47074819,0.87650275,0
-2.9839227,-0.44205642,0.034287691,-0.96933925,-0.24489722,-0.020170808,0
2.0302243,-2.7359862,0.5791325,0.10069245,-0.47074819,0.87650275,0
-0.34311247,2.3277891,0.93573415,-0.22414845,0.84759748,0.48097399,0
2.2224398,-2.0831382,-0.49104697,0.22414845,-0.84759748,-0.48097399,0
0.72256446,2.2677643,1.5381509,-0.22414845,0.84759748,0.48097399,0
0.51133275,1.868994,2.1424444,-0.22414845,0.84759748,0.48097399,0
1.9157679,1.1132367,-1.9039861,-0.10069245,0.47074819,-0.87650275,0
1.3416463,1.8905759,-1.4205414,-0.10069245,0.47074819,-0.87650275,0
-1.654798,-0.33396769,2.2925324,0.10069245,-0.47074819,0.87650275,0
-1.6040018,2.2929239,-0.86605477,-0.10069245,0.47074819,-0.87650275,0
2.0585885,1.2720063,2.7284684,0.10069245,-0.47074819,0.87650275,0
2.75295,1.4630909,-1.3310862,0.96933925,0.24489722,0.020170808,0
-0.38999051,0.64028454,2.6704783,0.10069245,-0.47074819,0.87650275,0
1.9912401,-0.82370543,-2.8182313,0.22414845,-0.84759748,-0.48097399,0
-2.5276995,2.4708748,-0.6643675,-0.10069245,0.47074819,-0.87650275,0
2.4136469,2.5781486,1.4365444,0.96933925,0.24489722,0.020170808,0
1.9020455,1.1418569,-1.8870385,-0.10069245,0.47074819,-0.87650275,0
2.5054855,2.2464812,1.0499241,0.96933925,0.24489722,0.020170808,0
-1.3172059,-1.6712759,-2.8664351,0.22414845,-0.84759748,-0.48097399,0
-1.944585,-2.2550125,-2.1301208,0.22414845,-0.84759748,-0.48097399,0
2.1862831,3.6339266,-0.45551634,0.96933925,0.24489722,0.020170808,0
-3.1349633,0.11232841,0.56189418,-0.96933925,-0.24489722,-0.020170808,0
-1.2892315,1.2825497,2.3367894,-0.22414845,0.84759748,0.48097399,0
-0.4636755,-2.5934544,0.94218147,0.10069245,-0.47074819,0.87650275,0
-1.917115,2.5180664,-0.70916593,-0.10069245,0.47074819,-0.87650275,0
-1.1314595,-1.5862876,1.559821,0.10069245,-0.47074819,0.87650275,0
1.5989743,-1.6874255,-1.4789462,0.22414845,-0.84759748,-0.48097399,0
-0.28153539,2.3624125,0.90341592,-0.22414845,0.84759748,0.48097399,0
0.71736073,-2.3210578,-0.77318507,0.22414845,-0.84759748,-0.48097399,0
-2.6983728,-1.6106346,0.49965668,-0.96933925,-0.24489722,-0.020170808,0
-1.5678152,-0.27931559,2.3118918,0.10069245,-0.47074819,0.87650275,0
1.8992062,3.709595,-0.45436859,-0.22414845,0.84759748,0.48097399,0
-1.4521859,-3.3699739,0.064195395,0.22414845,-0.84759748,-0.48097399,0
-1.6295491,1.6456499,-1.2107548,-0.10069245,0.47074819,-0.87650275,0
3.432554,-1.3407925,0.05191803,0.96933925,0.24489722,0.020170808,0
0.99988449,0.17506886,2.2609544,0.10069245,-0.47074819,0.87650275,0
-2.0314512,2.1616287,0.44173309,-0.22414845,0.84759748,0.48097399,0
-3.1187024,0.18750072,-1.1322143,-0.96933925,-0.24489722,-0.020170808,0
-1.8217996,0.30097985,2.6527319,0.10069245,-0.47074819,0.87650275,0
2.9454892,0.63722646,-0.55689788,0.96933925,0.24489722,0.020170808,0
-1.1430684,1.0658963,2.7867038,-0.22414845,0.84759748,0.48097399,0
-1.1895721,1.3121202,-1.4404297,-0.10069245,0.47074819,-0.87650275,0
-0.12483025,-0.12047601,2.231431,0.10069245,-0.47074819,0.87650275,0
-2.0453451,0.97845525,2.5203085,-0.22414845,0.84759748,0.48097399,0
-1.5152633,2.1979513,-0.92725635,-0.10069245,0.47074819,-0.87650275,0
2.666918,1.4822984,2.5700929,0.96933925,0.24489722,0.020170808,0
1.6456199,-0.10971642,-2.5297699,-0.10069245,0.47074819,-0.87650275,0
-1.4856989,1.1589618,2.4630229,-0.22414845,0.84759748,0.48097399,0
-2.1031621,1.1747582,-1.4092507,-0.10069245,0.47074819,-0.87650275,0
0.30611348,1.974877,-1.2563034,-0.10069245,0.47074819,-0.87650275,0
0.62173963,1.4479706,2.9358466,-0.22414845,0.84759748,0.48097399,0
-0.59085655,-2.2793527,-1.4563489,0.22414845,-0.84759748,-0.48097399,0
-2.1948581,-3.4603701,0.67546034,0.10069245,-0.47074819,0.87650275,0
2.8188305,0.93545437,1.9090383,0.96933925,0.24489722,0.020170808,0
-3.2716322,0.81023312,-1.3436526,-0.96933925,-0.24489722,-0.020170808,0
-3.4283493,1.3592722,-0.47835481,-0.96933925,-0.24489722,-0.020170808,0
-2.3378983,-2.4587982,-1.9542954,0.22414845,-0.84759748,-0.48097399,0
-2.7276022,2.2043142,0.042082906,-0.22414845,0.84759748,0.48097399,0
2.4607134,2.5367537,-0.32272768,0.96933925,0.24489722,0.020170808,0
-0.29881787,1.1265182,2.9211485,0.10069245,-0.47074819,0.87650275,0
-0.43285275,2.2616444,-1.0173955,-0.10069245,0.47074819,-0.87650275,0
-2.0534253,-1.8014648,-2.9801095,0.22414845,-0.84759748,-0.48097399,0
-2.544127,1.6912508,1.0317354,-0.22414845,0.84759748,0.48097399,0
1.6085207,2.7934198,1.0246954,-0.22414845,0.84759748,0.48097399,0
0.042389214,0.41269827,2.4985757,0.10069245,-0.47074819,0.87650275,0
-0.83855289,0.30531979,-2.0214829,-0.10069245,0.47074819,-0.87650275,0
-2.2022119,-3.5591657,0.31332064,-0.96933925,-0.24489722,-0.020170808,0
2.5528347,-0.75876498,1.5810124,0.10069245,-0.47074819,0.87650275,0
1.7386128,-2.5991864,0.19288203,0.22414845,-0.84759748,-0.48097399,0
1.2823913,-0.8964144,-2.9105582,-0.10069245,0.47074819,-0.87650275,0
-2.9378152,-0.63434809,0.15317392,-0.96933925,-0.24489722,-0.020170808,0
0.22331691,-1.7344594,-2.0371592,0.22414845,-0.84759748,-0.48097399,0
3.546169,-1.8786833,-0.23445022,0.22414845,-0.84759748,-0.48097399,0
-0.31772304,2.6800721,0.32675481,-0.22414845,0.84759748,0.48097399,0
-1.2836405,1.704879,1.595144,-0.22414845,0.84759748,0.48097399,0
0.77911401,3.3917708,-0.54966259,-0.10069245,0.47074819,-0.87650275,0
1.5384998,1.1188892,-1.8576097,-0.10069245,0.47074819,-0.87650275,0
-2.4886861,2.4499726,-0.27948678,-0.22414845,0.84759748,0.48097399,0
-1.3708175,0.79019022,-1.6999243,-0.10069245,0.47074819,-0.87650275,0
-1.3851022,0.73225868,2.8341937,0.10069245,-0.47074819,0.87650275,0
2.3243585,3.0693676,-0.23653889,0.96933925,0.24489722,0.020170808,0
0.90343994,-1.4566382,1.3956835,0.10069245,-0.47074819,0.87650275,0
2.3427298,2.9918556,-0.17831993,0.96933925,0.24489722,0.020170808,0
0.19235277,1.4236937,-1.5392618,-0.10069245,0.47074819,-0.87650275,0
3.2991934,-1.6886647,0.99584389,0.10069245,-0.47074819,0.87650275,0
2.6995566,0.63772213,-2.2494149,-0.10069245,0.47074819,-0.87650275,0
-1.0828613,1.8489411,-1.1643757,-0.10069245,0.47074819,-0.87650275,0
-1.5905206,1.4561194,1.8905058,-0.22414845,0.84759748,0.48097399,0
1.9239783,0.53852153,2.3499959,0.10069245,-0.47074819,0.87650275,0
1.0448141,3.2003193,0.044931412,-0.22414845,0.84759748,0.48097399,0
1.6379118,-1.6270714,-1.5671594,0.22414845,-0.84759748,-0.48097399,0
-3.2666085,1.7342153,-0.97512341,-0.10069245,0.47074819,-0.87650275,0
-3.125042,0.23886275,-1.4511601,-0.96933925,-0.24489722,-0.020170808,0
-2.6101065,-1.8578255,-0.74091625,-0.96933925,-0.24489722,-0.020170808,0
2.8618009,0.97102553,-0.58784103,0.96933925,0.24489722,0.020170808,0
2.1714702,2.0079362,2.6712675,-0.22414845,0.84759748,0.48097399,0
1.6853751,-1.883793,-1.0926318,0.22414845,-0.84759748,-0.48097399,0
3.3463352,-1.1327565,-1.64209,0.22414845,-0.84759748,-0.48097399,0
0.91781044,1.512471,2.9601586,-0.22414845,0.84759748,0.48097399,0
0.8413614,-1.7000927,-1.8096945,0.22414845,-0.84759748,-0.48097399,0
-1.4167216,-2.3009722,-1.8031287,0.22414845,-0.84759748,-0.48097399,0
-2.7129064,-1.6460704,1.6283252,-0.96933925,-0.24489722,-0.020170808,0
-0.39169264,3.0143414,-0.29678404,-0.22414845,0.84759748,0.48097399,0
3.1362755,-0.024218172,-1.694717,0.96933925,0.24489722,0.020170808,0
-2.298351,-3.1231251,-0.36060429,-0.96933925,-0.24489722,-0.020170808,0
-0.97575247,0.35700989,2.5856307,0.10069245,-0.47074819,0.87650275,0
1.3734581,2.849021,0.81716537,-0.22414845,0.84759748,0.48097399,0
2.5932035,1.9190867,0.80945587,0.96933925,0.24489722,0.020170808,0
-2.6359594,-1.7672544,-0.5981729,-0.96933925,-0.24489722,-0.020170808,0
-1.8335276,-1.1126099,1.8948749,0.10069245,-0.47074819,0.87650275,0
1.8767374,0.34195018,2.2498491,0.10069245,-0.47074819,0.87650275,0
-0.4626627,-2.382247,-1.215281,0.22414845,-0.84759748,-0.48097399,0
-1.9310231,1.4644347,1.7171676,-0.22414845,0.84759748,0.48097399,0
0.31620646,-2.6461771,0.82427275,0.10069245,-0.47074819,0.87650275,0
-2.787353,-1.1964575,-0.25285077,-0.96933925,-0.24489722,-0.020170808,0
-1.4436496,1.5983884,1.7082382,-0.22414845,0.84759748,0.48097399,0
3.0096617,0.51569933,-2.1653323,0.96933925,0.24489722,0.020170808,0
1.8602035,-1.1356335,-2.3296025,0.22414845,-0.84759748,-0.48097399,0
-3.3870189,1.2156348,1.4770776,-0.22414845,0.84759748,0.48097399,0
-3.1648965,0.26663935,0.12685657,-0.96933925,-0.24489722,-0.020170808,0
-2.8777194,-0.93078727,0.86429548,-0.96933925,-0.24489722,-0.020170808,0
1.6877844,-0.20166039,1.9795961,0.10069245,-0.47074819,0.87650275,0
-2.1728752,-0.97818947,2.0060532,0.10069245,-0.47074819,0.87650275,0
-1.4526324,-0.60755873,-2.4412222,-0.10069245,0.47074819,-0.87650275,0
0.1482625,2.5353765,0.79890835,-0.22414845,0.84759748,0.48097399,0
2.3209329,2.4126782,2.0276639,-0.22414845,0.84759748,0.48097399,0
-1.5892482,-0.2751956,-2.2470236,-0.10069245,0.47074819,-0.87650275,0
3.449908,-1.4747932,0.84486532,0.96933925,0.24489722,0.020170808,0
-0.067724347,-0.8830204,1.8153267,0.10069245,-0.47074819,0.87650275,0
-2.0410554,-0.11652994,-2.1099045,-0.10069245,0.47074819,-0.87650275,0
