-0.71881318,-2.9980485,-0.17822003,-0.71340418,-0.46488461,-0.52434391,0
-0.9618386,0.39280939,2.436965,-0.24720398,-0.53319502,0.80906928,0
1.9354323,-4.5864553,0.04075098,-0.24720398,-0.53319502,0.80906928,0
3.6889791,-3.8550453,0.54119825,0.65570146,-0.70681345,-0.26546234,0
-4.4969044,1.1618501,1.2739441,-0.71340418,-0.46488461,-0.52434391,0
4.2302799,-3.5597873,1.0920844,0.65570146,-0.70681345,-0.26546234,0
1.0567153,2.2473595,0.38404536,0.71340418,0.46488461,0.52434391,0
4.2196317,-3.3295069,0.45264292,0.65570146,-0.70681345,-0.26546234,0
-0.43412554,2.6534526,2.0523884,0.71340418,0.46488461,0.52434391,0
3.2330558,-3.011265,-2.8315787,0.65570146,-0.70681345,-0.26546234,0
4.0011864,-3.3410404,1.3325882,0.71340418,0.46488461,0.52434391,0
2.5164356,0.60698819,-1.3030821,0.24720398,0.53319502,-0.80906928,0
2.8481159,-2.7774627,-3.4321704,0.24720398,0.53319502,-0.80906928,0
-3.0916398,4.0354109,0.45401478,-0.65570146,0.70681345,0.26546234,0
3.7215743,-2.0598967,0.57715392,0.71340418,0.46488461,0.52434391,0
3.6181726,-1.9416281,0.61298132,0.71340418,0.46488461,0.52434391,0
-0.1950649,-1.3572046,-2.3455906,-0.71340418,-0.46488461,-0.52434391,0
2.0553992,0.7932353,0.31449968,0.71340418,0.46488461,0.52434391,0
-1.9223754,5.1353483,0.41347456,-0.65570146,0.70681345,0.26546234,0
-0.022746921,2.5715642,-0.78420651,0.24720398,0.53319502,-0.80906928,0
-0.90189397,0.14301062,2.2906573,-0.24720398,-0.53319502,0.80906928,0
-4.157361,2.5423534,1.797024,-0.65570146,0.70681345,0.26546234,0
2.5695136,-4.0649328,-1.6650815,0.65570146,-0.70681345,-0.26546234,0
1.4620392,-4.6778231,-0.16410327,-0.24720398,-0.53319502,0.80906928,0
-1.7922854,2.1899981,-1.5763342,0.24720398,0.53319502,-0.80906928,0
2.9597979,-3.5775232,-1.9988306,0.65570146,-0.70681345,-0.26546234,0
-2.0987158,-0.08407858,-0.88430512,-0.71340418,-0.46488461,-0.52434391,0
-4.6753745,1.3759702,1.326926,-0.71340418,-0.46488461,-0.52434391,0
1.4282956,-2.6012764,-3.4512818,-0.71340418,-0.46488461,-0.52434391,0
-0.54862165,-0.33262658,-2.7729466,-0.71340418,-0.46488461,-0.52434391,0
-0.035223007,3.7750134,0.51527691,0.71340418,0.46488461,0.52434391,0
-2.4896233,4.058198,1.880347,-0.65570146,0.70681345,0.26546234,0
-3.5548358,3.7623258,0.037014484,-0.65570146,0.70681345,0.26546234,0
4.4781981,-1.666912,-2.202235,0.24720398,0.53319502,-0.80906928,0
-3.6736794,0.28513741,1.5374278,-0.24720398,-0.53319502,0.80906928,0
-4.038506,3.1106064,0.57758331,-0.65570146,0.70681345,0.26546234,0
-1.5707049,3.2418251,3.0771272,0.71340418,0.46488461,0.52434391,0
-2.5535247,3.5782242,3.0004745,-0.65570146,0.70681345,0.26546234,0
-4.1394224,0.60358113,1.2825291,-0.71340418,-0.46488461,-0.52434391,0
-4.0619063,1.1391566,0.70222139,-0.71340418,-0.46488461,-0.52434391,0
-1.7515454,4.918273,0.23410892,0.24720398,0.53319502,-0.80906928,0
4.1254783,-2.5275581,-1.9151697,0.65570146,-0.70681345,-0.26546234,0
-0.80029142,4.3237572,1.069685,0.71340418,0.46488461,0.52434391,0
1.2765114,-4.2154212,-1.8136644,-0.71340418,-0.46488461,-0.52434391,0
-1.4072907,5.2257934,1.0957999,0.71340418,0.46488461,0.52434391,0
-1.828222,1.1692834,2.6839631,-0.24720398,-0.53319502,0.80906928,0
0.57684231,0.39277399,2.6812239,0.71340418,0.46488461,0.52434391,0
0.38510442,3.0810733,0.55864298,0.71340418,0.46488461,0.52434391,0
-2.9673524,3.5252783,2.1192768,-0.65570146,0.70681345,0.26546234,0
-0.79620123,-2.0439005,-0.91887856,-0.71340418,-0.46488461,-0.52434391,0
3.5606947,-3.4892638,-0.74958897,0.65570146,-0.70681345,-0.26546234,0
1.7833802,-5.1073976,-0.83121896,0.65570146,-0.70681345,-0.26546234,0
-3.9978213,3.672704,-0.81855011,-0.65570146,0.70681345,0.26546234,0
-2.4236865,1.3343217,-1.6997185,-0.71340418,-0.46488461,-0.52434391,0
-2.2878215,1.3956027,2.6926861,-0.24720398,-0.53319502,0.80906928,0
0.85266018,-3.2572234,-2.0865281,-0.71340418,-0.46488461,-0.52434391,0
1.6698291,-2.5589354,-3.6481709,0.24720398,0.53319502,-0.80906928,0
2.1198158,-0.24143267,-1.9833945,0.24720398,0.53319502,-0.80906928,0
-0.7483229,1.7648997,-1.5375102,0.24720398,0.53319502,-0.80906928,0
1.4456086,-0.93586171,-2.647037,0.24720398,0.53319502,-0.80906928,0
2.767359,-4.0718522,-1.1579723,0.65570146,-0.70681345,-0.26546234,0
-0.73488235,-0.97349596,1.605883,-0.24720398,-0.53319502,0.80906928,0
2.989641,-3.5965014,-1.8745866,0.65570146,-0.70681345,-0.26546234,0
2.9106121,-3.8387046,-1.4249058,0.65570146,-0.70681345,-0.26546234,0
-4.4541726,1.7984034,0.65143538,-0.71340418,-0.46488461,-0.52434391,0
-3.7792504,3.3626776,0.54679632,-0.65570146,0.70681345,0.26546234,0
1.2380508,0.11896062,-2.0153027,0.24720398,0.53319502,-0.80906928,0
-3.6912155,0.20397258,1.0270081,-0.71340418,-0.46488461,-0.52434391,0
1.503705,-0.73688722,2.4217267,0.71340418,0.46488461,0.52434391,0
0.89912629,-4.1526585,-1.3558528,-0.71340418,-0.46488461,-0.52434391,0
-3.3521142,0.071877241,0.68275571,-0.71340418,-0.46488461,-0.52434391,0
2.8503563,-0.7361275,0.58884573,0.71340418,0.46488461,0.52434391,0
3.8776526,-3.7497528,0.72687912,0.65570146,-0.70681345,-0.26546234,0
0.94407439,0.33466303,2.2331016,0.71340418,0.46488461,0.52434391,0
3.2324133,-0.68389726,-1.9350445,0.24720398,0.53319502,-0.80906928,0
-2.0839267,3.9213188,-0.52446294,0.24720398,0.53319502,-0.80906928,0
2.2890241,-4.0738173,-2.334245,0.65570146,-0.70681345,-0.26546234,0
-2.7489119,4.120163,1.0749066,-0.65570146,0.70681345,0.26546234,0
2.5550044,0.51775217,-1.3501062,0.24720398,0.53319502,-0.80906928,0
2.1688843,-4.355423,0.26433611,-0.24720398,-0.53319502,0.80906928,0
-3.7809472,2.3208165,-0.72770405,-0.71340418,-0.46488461,-0.52434391,0
1.7556199,0.2329548,1.2191157,0.71340418,0.46488461,0.52434391,0
3.3138804,-3.634028,-0.9737854,0.65570146,-0.70681345,-0.26546234,0
1.652945,-0.038097501,1.5991269,0.71340418,0.46488461,0.52434391,0
-3.5711098,3.0635557,1.8573456,-0.65570146,0.70681345,0.26546234,0
3.785706,-0.92487514,-0.51641536,0.71340418,0.46488461,0.52434391,0
2.7009926,-4.1568465,0.5577836,-0.24720398,-0.53319502,0.80906928,0
-4.4648786,2.8883758,0.11613369,-0.65570146,0.70681345,0.26546234,0
-2.6290746,3.8448515,2.1039481,-0.65570146,0.70681345,0.26546234,0
2.2998099,-3.6661267,-3.3931112,0.65570146,-0.70681345,-0.26546234,0
-0.90174532,-2.0422535,0.85056382,-0.24720398,-0.53319502,0.80906928,0
4.140872,-2.293977,-2.499074,0.65570146,-0.70681345,-0.26546234,0
0.33575052,-0.48732185,2.2534051,-0.24720398,-0.53319502,0.80906928,0
0.97020388,-1.688622,-3.288379,0.24720398,0.53319502,-0.80906928,0
-0.055992365,3.3974898,0.87824881,0.71340418,0.46488461,0.52434391,0
4.1760077,-2.6430976,0.47593498,0.71340418,0.46488461,0.52434391,0
4.5745068,-2.6601663,-0.45297337,0.65570146,-0.70681345,-0.26546234,0
1.5737743,-0.32988763,1.9655454,0.71340418,0.46488461,0.52434391,0
-1.9853729,1.4001443,-2.1558621,0.24720398,0.53319502,-0.80906928,0
-1.1838454,-0.011702776,2.10255,-0.24720398,-0.53319502,0.80906928,0
1.504338,-0.61481881,2.3126388,0.71340418,0.46488461,0.52434391,0
-3.1773343,3.1907248,2.4913878,-0.65570146,0.70681345,0.26546234,0
-4.2688112,3.0438347,-0.70496321,-0.71340418,-0.46488461,-0.52434391,0
-1.5394592,3.6655197,2.6589665,0.71340418,0.46488461,0.52434391,0
0.8056922,-3.350987,-1.9394943,-0.71340418,-0.46488461,-0.52434391,0
-2.3479283,3.6205077,3.3957214,-0.65570146,0.70681345,0.26546234,0
2.0997081,-4.9005947,-0.60050726,0.65570146,-0.70681345,-0.26546234,0
-0.22633529,2.5882492,1.8274856,0.71340418,0.46488461,0.52434391,0
2.4390247,-4.408958,-1.0714018,0.65570146,-0.70681345,-0.26546234,0
2.8206046,-1.3060063,-2.4708529,0.24720398,0.53319502,-0.80906928,0
-2.5760732,4.566474,0.31348705,-0.65570146,0.70681345,0.26546234,0
1.2998369,0.29896551,1.7807131,0.71340418,0.46488461,0.52434391,0
-2.4383872,3.7858372,2.7320824,-0.65570146,0.70681345,0.26546234,0
0.060513973,-1.0516462,-2.9642315,-0.71340418,-0.46488461,-0.52434391,0
-0.83381903,4.143034,0.0036118031,0.24720398,0.53319502,-0.80906928,0
-1.875156,2.5753362,3.5962439,-0.24720398,-0.53319502,0.80906928,0
-2.0601833,4.0686436,2.9132669,-0.65570146,0.70681345,0.26546234,0
3.3670616,-0.9759655,0.098475933,0.71340418,0.46488461,0.52434391,0
3.4323699,-4.0748835,0.49269915,0.65570146,-0.70681345,-0.26546234,0
-0.78415334,-2.3515089,0.68268681,-0.24720398,-0.53319502,0.80906928,0
1.6122282,-5.0529623,-1.3989096,0.65570146,-0.70681345,-0.26546234,0
0.11496831,1.1702452,-1.6656299,0.24720398,0.53319502,-0.80906928,0
1.9269013,-4.664465,-1.6560581,0.65570146,-0.70681345,-0.26546234,0
3.8022561,-3.4972913,-0.13155174,0.65570146,-0.70681345,-0.26546234,0
-1.0141126,3.5410774,2.0545287,0.71340418,0.46488461,0.52434391,0
-4.7002683,1.2371924,1.4838367,-0.71340418,-0.46488461,-0.52434391,0
-2.5583742,2.6662076,3.4473791,-0.24720398,-0.53319502,0.80906928,0
-0.57006502,-1.422599,-1.7773991,-0.71340418,-0.46488461,-0.52434391,0
-0.10762727,2.7889361,-0.66688776,0.24720398,0.53319502,-0.80906928,0
-0.77023876,0.35727406,-2.4718637,0.24720398,0.53319502,-0.80906928,0
-1.5944719,-1.4349036,-0.37271726,-0.71340418,-0.46488461,-0.52434391,0
3.3678305,-2.8136055,-3.0249648,0.65570146,-0.70681345,-0.26546234,0
4.1986103,-3.6349332,1.2139387,0.65570146,-0.70681345,-0.26546234,0
3.483345,-0.20489693,-1.5427023,0.24720398,0.53319502,-0.80906928,0
-2.0611906,0.43459868,2.1286077,-0.24720398,-0.53319502,0.80906928,0
2.2218604,-4.4430199,-1.5171115,0.65570146,-0.70681345,-0.26546234,0
-2.191375,3.7325697,3.4840407,-0.65570146,0.70681345,0.26546234,0
0.4050107,-3.7925172,0.096368313,-0.24720398,-0.53319502,0.80906928,0
-0.65369833,0.20962238,-2.5335615,0.24720398,0.53319502,-0.80906928,0
-1.1147072,-2.4878898,0.49181068,-0.24720398,-0.53319502,0.80906928,0
3.4517455,-1.262495,-2.2493386,0.24720398,0.53319502,-0.80906928,0
-3.0694914,0.77889651,-0.32861733,-0.71340418,-0.46488461,-0.52434391,0
-0.038426876,3.3287096,0.91533017,0.71340418,0.46488461,0.52434391,0
-3.2878933,1.2740014,2.3069849,-0.24720398,-0.53319502,0.80906928,0
-0.53501904,-2.1707788,0.8779127,-0.24720398,-0.53319502,0.80906928,0
0.74319243,-3.3908525,0.46440268,-0.24720398,-0.53319502,0.80906928,0
0.2787286,-3.1000519,-1.4450047,-0.71340418,-0.46488461,-0.52434391,0
3.8234515,-2.5540469,-2.5906584,0.65570146,-0.70681345,-0.26546234,0
3.2121675,-2.8397708,-3.3397903,0.65570146,-0.70681345,-0.26546234,0
-3.6483998,1.7320129,2.4986753,-0.24720398,-0.53319502,0.80906928,0
3.366533,0.14743602,-1.3461976,0.24720398,0.53319502,-0.80906928,0
-3.6826906,-0.04403162,1.3177444,-0.24720398,-0.53319502,0.80906928,0
1.3175167,-5.3616848,-0.65894079,-0.24720398,-0.53319502,0.80906928,0
-0.0025184155,1.0935475,2.8481746,0.71340418,0.46488461,0.52434391,0
1.3891599,-1.1352887,2.1482401,-0.24720398,-0.53319502,0.80906928,0
3.6475537,-3.0540209,1.559257,0.71340418,0.46488461,0.52434391,0
-0.86505878,2.3363037,-1.1966099,0.24720398,0.53319502,-0.80906928,0
1.6126337,-2.235436,-3.4524531,0.24720398,0.53319502,-0.80906928,0
-0.81729352,3.2917256,2.0078197,0.71340418,0.46488461,0.52434391,0
-1.2740026,-1.418673,-0.82312644,-0.71340418,-0.46488461,-0.52434391,0
4.4136791,-2.8245847,-0.4124465,0.65570146,-0.70681345,-0.26546234,0
2.6593204,-3.9517121,-1.7447152,0.65570146,-0.70681345,-0.26546234,0
-2.0636864,4.3494372,2.1569793,-0.65570146,0.70681345,0.26546234,0
-0.57767904,-0.91119289,-2.2204535,-0.71340418,-0.46488461,-0.52434391,0
-2.4482944,4.0495996,2.0053232,-0.65570146,0.70681345,0.26546234,0
1.2318372,0.80986691,1.4202647,0.71340418,0.46488461,0.52434391,0
1.7687864,-3.5017667,-3.1161649,-0.71340418,-0.46488461,-0.52434391,0
-2.5400519,3.3029952,3.7665701,-0.65570146,0.70681345,0.26546234,0
0.94528949,-0.16916847,2.6493146,-0.24720398,-0.53319502,0.80906928,0
3.6326647,-2.8447435,1.3939681,0.71340418,0.46488461,0.52434391,0
1.6591201,-1.6574689,-3.0573561,0.24720398,0.53319502,-0.80906928,0
-4.3369265,1.0407324,1.8327324,-0.24720398,-0.53319502,0.80906928,0
-4.9132075,1.8674185,1.2147939,-0.71340418,-0.46488461,-0.52434391,0
3.2269819,-1.6687316,0.90327024,0.71340418,0.46488461,0.52434391,0
1.8393041,0.78116608,-1.3951867,0.24720398,0.53319502,-0.80906928,0
2.1353235,-3.8358903,-3.3186278,-0.71340418,-0.46488461,-0.52434391,0
3.4693179,-0.4355284,-0.51980495,0.71340418,0.46488461,0.52434391,0
2.1631589,-3.9681504,-2.9264836,0.65570146,-0.70681345,-0.26546234,0
-0.48251414,-2.9843688,-0.51184857,-0.71340418,-0.46488461,-0.52434391,0
-3.1071961,4.0270882,0.43775082,-0.65570146,0.70681345,0.26546234,0
3.1761627,-2.9179711,-3.2205091,0.65570146,-0.70681345,-0.26546234,0
-1.4297469,4.3889742,1.8682787,0.71340418,0.46488461,0.52434391,0
2.8073342,-4.2191525,-0.66703415,0.65570146,-0.70681345,-0.26546234,0
1.4519217,1.2333499,-1.215548,0.24720398,0.53319502,-0.80906928,0
-3.076072,3.3329275,2.3628838,-0.65570146,0.70681345,0.26546234,0
-3.6588926,3.2577178,-1.4430079,0.24720398,0.53319502,-0.80906928,0
3.8289633,-0.49892354,-1.630872,0.24720398,0.53319502,-0.80906928,0
2.596607,-3.2553573,1.1199911,-0.24720398,-0.53319502,0.80906928,0
-2.2693715,4.4083042,-0.26018953,0.24720398,0.53319502,-0.80906928,0
4.4917421,-2.7170324,-0.5059948,0.65570146,-0.70681345,-0.26546234,0
0.67223489,-3.9686255,0.061956882,-0.24720398,-0.53319502,0.80906928,0
-4.1304111,2.8922076,0.93207932,-0.65570146,0.70681345,0.26546234,0
0.83549476,-3.7844155,-1.595763,-0.71340418,-0.46488461,-0.52434391,0
3.4757471,-3.2454062,-1.6087048,0.65570146,-0.70681345,-0.26546234,0
-3.5217276,3.0124903,2.115288,-0.65570146,0.70681345,0.26546234,0
-0.35681593,1.4743694,2.9925818,0.71340418,0.46488461,0.52434391,0
-3.2304015,1.4567825,-0.71070409,-0.71340418,-0.46488461,-0.52434391,0
4.7193146,-1.121315,-1.7690032,0.24720398,0.53319502,-0.80906928,0
-1.8117566,-2.0285869,0.58152449,-0.24720398,-0.53319502,0.80906928,0
3.9153798,-3.2259965,-0.57447481,0.65570146,-0.70681345,-0.26546234,0
0.36079764,-0.097247362,-2.4258254,0.24720398,0.53319502,-0.80906928,0
-2.4496353,4.5454049,0.6818924,-0.65570146,0.70681345,0.26546234,0
-3.8056703,0.58826935,0.8420136,-0.71340418,-0.46488461,-0.52434391,0
4.6674495,-2.3039465,-1.1718626,0.65570146,-0.70681345,-0.26546234,0
-0.7314806,2.2631469,2.8030059,0.71340418,0.46488461,0.52434391,0
-0.20641458,3.0271027,-0.54011452,0.24720398,0.53319502,-0.80906928,0
3.3194082,-2.8746238,-2.9821043,0.65570146,-0.70681345,-0.26546234,0
4.059145,-1.1995035,-2.0222404,0.24720398,0.53319502,-0.80906928,0
3.8401275,-2.8151257,1.0854421,0.71340418,0.46488461,0.52434391,0
3.4811833,-3.148906,-1.8522155,0.65570146,-0.70681345,-0.26546234,0
1.8748587,-4.1166162,0.33187795,-0.24720398,-0.53319502,0.80906928,0
1.6038717,-0.50942028,2.0837708,0.71340418,0.46488461,0.52434391,0
2.8545322,-3.4251938,-2.6644297,0.65570146,-0.70681345,-0.26546234,0
-0.013159752,-2.6788073,0.70255995,-0.24720398,-0.53319502,0.80906928,0
3.999629,-0.72472537,-1.7275352,0.24720398,0.53319502,-0.80906928,0
2.3855002,0.80142862,-0.14188814,0.71340418,0.46488461,0.52434391,0
4.9633436,-1.4231803,-1.6768696,0.71340418,0.46488461,0.52434391,0
3.1638241,-1.4750953,0.81752372,0.71340418,0.46488461,0.52434391,0
3.7486951,-1.7183226,-2.4590087,0.24720398,0.53319502,-0.80906928,0
1.0328262,1.2542858,1.2970095,0.71340418,0.46488461,0.52434391,0
-2.3133919,4.6751246,0.67302895,-0.65570146,0.70681345,0.26546234,0
-2.6465566,4.6213555,-0.0067362785,-0.65570146,0.70681345,0.26546234,0
-4.3416181,2.4179659,1.6730938,-0.65570146,0.70681345,0.26546234,0
2.0579038,-4.338398,-2.2006547,0.65570146,-0.70681345,-0.26546234,0
0.21924323,2.0591455,-1.0479641,0.24720398,0.53319502,-0.80906928,0
-2.8080659,1.0594959,2.312228,-0.24720398,-0.53319502,0.80906928,0
-0.96449542,3.4966905,2.0263748,0.71340418,0.46488461,0.52434391,0
3.2281814,-3.612474,-1.2428548,0.65570146,-0.70681345,-0.26546234,0
-4.0502615,1.5589994,0.31414342,-0.71340418,-0.46488461,-0.52434391,0
2.5542784,-3.8801236,-2.1947823,0.65570146,-0.70681345,-0.26546234,0
-0.19480026,2.8451922,-0.65644884,0.24720398,0.53319502,-0.80906928,0
2.5233769,-3.4787724,-3.3397391,0.65570146,-0.70681345,-0.26546234,0
1.7121698,-5.1594219,-0.86859202,0.65570146,-0.70681345,-0.26546234,0
3.9050369,-3.6198053,0.44852495,0.65570146,-0.70681345,-0.26546234,0
0.81092423,-3.7217567,0.2670238,-0.24720398,-0.53319502,0.80906928,0
-1.1920362,2.9778032,-0.87375188,0.24720398,0.53319502,-0.80906928,0
2.8382254,-0.92962301,0.77690411,0.71340418,0.46488461,0.52434391,0
-0.63861704,2.3254933,2.6213825,0.71340418,0.46488461,0.52434391,0
2.5734472,0.89729309,-0.48259652,0.71340418,0.46488461,0.52434391,0
2.5335827,-1.4043734,-2.6233761,0.24720398,0.53319502,-0.80906928,0
-0.32008711,-1.4621024,1.4106174,-0.24720398,-0.53319502,0.80906928,0
-0.01970911,-2.4905877,0.8246001,-0.24720398,-0.53319502,0.80906928,0
2.6618447,-1.5973132,1.6088564,0.71340418,0.46488461,0.52434391,0
2.3661246,-4.0105915,-2.3121471,0.65570146,-0.70681345,-0.26546234,0
0.88474679,-2.8667877,-2.4763453,-0.71340418,-0.46488461,-0.52434391,0
0.50229144,2.2164793,1.1657535,0.71340418,0.46488461,0.52434391,0
3.1838217,-0.36416742,-0.19463658,0.71340418,0.46488461,0.52434391,0
4.9895592,-1.566327,-1.5856237,0.71340418,0.46488461,0.52434391,0
2.1905398,-3.3567755,0.9290843,-0.24720398,-0.53319502,0.80906928,0
2.9113524,-4.0695276,-0.80849361,0.65570146,-0.70681345,-0.26546234,0
2.1814113,-2.2587774,1.6499009,-0.24720398,-0.53319502,0.80906928,0
-4.1716881,2.1854634,-0.076072693,-0.71340418,-0.46488461,-0.52434391,0
-4.6515989,2.1930354,1.5063241,-0.65570146,0.70681345,0.26546234,0
3.961525,-3.3078258,-0.24261761,0.65570146,-0.70681345,-0.26546234,0
-4.4076853,2.6864319,-0.19914198,-0.71340418,-0.46488461,-0.52434391,0
-3.8167677,3.3576016,0.46764183,-0.65570146,0.70681345,0.26546234,0
-2.7733445,-0.33637512,1.402926,-0.24720398,-0.53319502,0.80906928,0
-2.9723237,1.5702631,-1.1624482,-0.71340418,-0.46488461,-0.52434391,0
2.0554512,-3.3437514,0.89639235,-0.24720398,-0.53319502,0.80906928,0
-4.777359,2.2412348,1.0673571,-0.65570146,0.70681345,0.26546234,0
-4.1112361,2.4413555,2.1798685,-0.65570146,0.70681345,0.26546234,0
2.2754102,-1.0435848,1.6436905,0.71340418,0.46488461,0.52434391,0
1.9275849,-2.9135911,1.1408093,-0.24720398,-0.53319502,0.80906928,0
2.4131,1.0984044,-0.44273961,0.71340418,0.46488461,0.52434391,0
3.5558164,-3.7726166,-0.007191658,0.65570146,-0.70681345,-0.26546234,0
2.7850509,-3.8718138,-1.6468925,0.65570146,-0.70681345,-0.26546234,0
2.8804398,-3.5861211,-2.1719568,0.65570146,-0.70681345,-0.26546234,0
-2.4815805,-1.2278017,0.90460169,-0.24720398,-0.53319502,0.80906928,0
4.9077234,-2.0729761,-1.0250845,0.71340418,0.46488461,0.52434391,0
-4.3242869,2.1736927,2.3662992,-0.65570146,0.70681345,0.26546234,0
-1.2908754,1.2625301,-2.0343552,0.24720398,0.53319502,-0.80906928,0
-0.84039414,-0.7079438,-2.0432138,-0.71340418,-0.46488461,-0.52434391,0
-1.5667374,3.0815082,-0.91989446,0.24720398,0.53319502,-0.80906928,0
-3.6190672,1.5587776,2.3934717,-0.24720398,-0.53319502,0.80906928,0
0.52654934,-2.7355268,-2.10537,-0.71340418,-0.46488461,-0.52434391,0
-2.619621,3.3898044,3.3388963,-0.65570146,0.70681345,0.26546234,0
0.73448038,2.0524769,-0.89493287,0.24720398,0.53319502,-0.80906928,0
-1.2484719,0.30042458,-2.3820195,-0.71340418,-0.46488461,-0.52434391,0
-0.71297419,2.795377,2.3059502,0.71340418,0.46488461,0.52434391,0
-2.9301789,3.7402616,1.6386876,-0.65570146,0.70681345,0.26546234,0
-4.0593524,3.2274518,0.21498203,-0.65570146,0.70681345,0.26546234,0
1.1477199,2.3888769,0.1347571,0.71340418,0.46488461,0.52434391,0
1.0854825,-4.1304073,0.08160305,-0.24720398,-0.53319502,0.80906928,0
-3.8832076,2.7089715,2.0305593,-0.65570146,0.70681345,0.26546234,0
1.475606,-1.7435415,-3.170151,0.24720398,0.53319502,-0.80906928,0
-0.47384751,-2.9649014,0.37325823,-0.24720398,-0.53319502,0.80906928,0
0.99041986,1.6682646,0.98767102,0.71340418,0.46488461,0.52434391,0
-2.8775978,3.5951266,2.1549971,-0.65570146,0.70681345,0.26546234,0
-3.9367993,3.443923,-0.05867815,-0.65570146,0.70681345,0.26546234,0
-2.1933599,0.50204635,-1.2751957,-0.71340418,-0.46488461,-0.52434391,0
-0.048352301,0.32896352,-2.2699552,0.24720398,0.53319502,-0.80906928,0
2.1908965,-4.3976803,-1.7143166,0.65570146,-0.70681345,-0.26546234,0
0.65604997,-1.6798604,1.5653598,-0.24720398,-0.53319502,0.80906928,0
-4.2787085,2.0400817,2.5091147,-0.24720398,-0.53319502,0.80906928,0
-3.9989409,0.57821047,1.6311886,-0.24720398,-0.53319502,0.80906928,0
-2.7971029,0.91995215,-0.82427931,-0.71340418,-0.46488461,-0.52434391,0
2.2085745,-1.8683109,-3.0284247,0.24720398,0.53319502,-0.80906928,0
0.41407892,0.51094079,-2.0087361,0.24720398,0.53319502,-0.80906928,0
3.2330143,0.18819284,-1.3601336,0.24720398,0.53319502,-0.80906928,0
-0.5215106,-0.22321224,2.1655309,-0.24720398,-0.53319502,0.80906928,0
2.8418989,0.67001021,-0.64633274,0.71340418,0.46488461,0.52434391,0
3.7258375,-0.70947546,-0.62593436,0.71340418,0.46488461,0.52434391,0
-4.6760054,2.5311677,0.54573536,-0.65570146,0.70681345,0.26546234,0
2.6725338,-1.4937549,1.5024996,0.71340418,0.46488461,0.52434391,0
1.538432,-3.2431605,0.80471325,-0.24720398,-0.53319502,0.80906928,0
1.0828023,1.7736483,0.76854557,0.71340418,0.46488461,0.52434391,0
-0.1206727,-2.4611099,-1.4680806,-0.71340418,-0.46488461,-0.52434391,0
-1.7341428,4.4348698,-0.079147816,0.24720398,0.53319502,-0.80906928,0
3.1576543,-2.8132598,-3.3611848,0.24720398,0.53319502,-0.80906928,0
3.7880061,-2.9638536,-1.5870676,0.65570146,-0.70681345,-0.26546234,0
-3.7795279,3.2905045,0.73827744,-0.65570146,0.70681345,0.26546234,0
-3.3985715,3.1849446,1.9603148,-0.65570146,0.70681345,0.26546234,0
2.0820918,-4.5373392,-1.6112132,0.65570146,-0.70681345,-0.26546234,0
-3.6525264,3.3080411,1.0052824,-0.65570146,0.70681345,0.26546234,0
-2.3858719,4.6917038,-0.10901833,0.24720398,0.53319502,-0.80906928,0
0.13434207,-1.0141355,-3.0979362,-0.71340418,-0.46488461,-0.52434391,0
3.3847053,-4.0242853,0.24024487,0.65570146,-0.70681345,-0.26546234,0
3.2203805,-1.9874066,1.1947904,0.71340418,0.46488461,0.52434391,0
2.2185521,-4.7970448,-0.5826664,0.65570146,-0.70681345,-0.26546234,0
-4.2812486,3.235796,-0.3553257,-0.65570146,0.70681345,0.26546234,0
-1.7684712,3.7157059,2.9260569,0.71340418,0.46488461,0.52434391,0
-4.1318316,3.0743396,0.44362736,-0.65570146,0.70681345,0.26546234,0
1.8679732,-1.7670739,1.8781765,-0.24720398,-0.53319502,0.80906928,0
-4.7696824,1.1112045,1.7469504,-0.24720398,-0.53319502,0.80906928,0
1.6955837,-1.5422711,1.9736545,-0.24720398,-0.53319502,0.80906928,0
2.5896022,-0.11561507,0.39347112,0.71340418,0.46488461,0.52434391,0
3.610249,-3.5635118,-0.42949867,0.65570146,-0.70681345,-0.26546234,0
-0.35219163,-1.2846344,1.5177636,-0.24720398,-0.53319502,0.80906928,0
1.0456854,-3.3425972,0.58862829,-0.24720398,-0.53319502,0.80906928,0
2.9409006,-3.225491,-2.9828203,0.65570146,-0.70681345,-0.26546234,0
-0.94308066,4.1071224,-0.053438663,0.24720398,0.53319502,-0.80906928,0
4.2535148,-3.1549826,0.071650982,0.65570146,-0.70681345,-0.26546234,0
-0.70785105,2.65042,2.4274993,0.71340418,0.46488461,0.52434391,0
-4.748775,2.1432598,1.3988268,-0.65570146,0.70681345,0.26546234,0
2.487186,-4.6582518,-0.28867674,0.65570146,-0.70681345,-0.26546234,0
-2.6730275,4.1611204,1.1532917,-0.65570146,0.70681345,0.26546234,0
0.42293549,2.3780489,1.1304741,0.71340418,0.46488461,0.52434391,0
0.84121788,-2.7507172,-2.5200295,-0.71340418,-0.46488461,-0.52434391,0
3.2462111,-4.0140533,-0.12908316,0.65570146,-0.70681345,-0.26546234,0
1.2111888,1.5189606,0.81967396,0.71340418,0.46488461,0.52434391,0
-0.32888162,2.3941941,2.1390564,0.71340418,0.46488461,0.52434391,0
-1.1752132,2.6615033,3.0535493,0.71340418,0.46488461,0.52434391,0
1.2725286,1.1843309,1.0329005,0.71340418,0.46488461,0.52434391,0
3.587353,-3.2467501,-1.3294559,0.65570146,-0.70681345,-0.26546234,0
1.5502229,-3.4635184,-2.852706,-0.71340418,-0.46488461,-0.52434391,0
1.9547642,0.36662769,0.82965219,0.71340418,0.46488461,0.52434391,0
-0.12001991,4.0689702,0.37002635,0.71340418,0.46488461,0.52434391,0
2.7841866,-3.350033,1.1149113,-0.24720398,-0.53319502,0.80906928,0
-1.8065413,-1.7544261,0.76379645,-0.24720398,-0.53319502,0.80906928,0
1.977734,-4.9818263,-0.68550158,0.65570146,-0.70681345,-0.26546234,0
2.2398572,-4.2660189,-1.943939,0.65570146,-0.70681345,-0.26546234,0
2.0284526,-0.4764806,1.476896,0.71340418,0.46488461,0.52434391,0
-0.63199639,3.8054385,1.3002515,0.71340418,0.46488461,0.52434391,0
0.019063234,-2.9710281,-1.2061059,-0.71340418,-0.46488461,-0.52434391,0
-4.1732006,2.883168,0.85045481,-0.65570146,0.70681345,0.26546234,0
2.4776745,-2.815675,-3.570538,0.24720398,0.53319502,-0.80906928,0
4.4014564,-1.4862158,-0.85649753,0.71340418,0.46488461,0.52434391,0
2.7152388,0.10809863,0.024188757,0.71340418,0.46488461,0.52434391,0
0.88711572,-2.9308174,0.81155062,-0.24720398,-0.53319502,0.80906928,0
3.3084223,-2.8780386,-3.0001469,0.65570146,-0.70681345,-0.26546234,0
-1.1019033,4.4581652,1.3608813,0.71340418,0.46488461,0.52434391,0
-0.86547637,1.998971,-1.419047,0.24720398,0.53319502,-0.80906928,0
-1.8674638,3.4788408,3.2707481,0.71340418,0.46488461,0.52434391,0
0.68571138,1.5810492,1.4795728,0.71340418,0.46488461,0.52434391,0
0.49399829,-0.024961948,-2.3374896,0.24720398,0.53319502,-0.80906928,0
2.5501578,-1.7976153,1.9384038,0.71340418,0.46488461,0.52434391,0
2.8498325,-3.8283536,-1.6025939,0.65570146,-0.70681345,-0.26546234,0
-1.6050425,1.9832246,3.2885594,-0.24720398,-0.53319502,0.80906928,0
-1.0389178,-2.0288243,-0.60201317,-0.71340418,-0.46488461,-0.52434391,0
4.0885,-2.9495382,0.86668491,0.71340418,0.46488461,0.52434391,0
-0.072358847,-3.1101522,0.40020645,-0.24720398,-0.53319502,0.80906928,0
-3.2925031,2.9242306,2.9164784,-0.65570146,0.70681345,0.26546234,0
0.22178912,2.9301198,0.91467953,0.71340418,0.46488461,0.52434391,0
0.58086634,-1.626771,-3.1622977,-0.71340418,-0.46488461,-0.52434391,0
-1.3116287,5.2933941,0.90571046,0.71340418,0.46488461,0.52434391,0
-3.8463593,1.9467254,2.5796914,-0.24720398,-0.53319502,0.80906928,0
-1.8467785,0.39212394,-1.6492845,-0.71340418,-0.46488461,-0.52434391,0
-0.49328589,1.6607161,3.0130432,0.71340418,0.46488461,0.52434391,0
-4.4747224,2.840013,0.22058821,-0.65570146,0.70681345,0.26546234,0
-2.2287107,4.5777802,1.141382,-0.65570146,0.70681345,0.26546234,0
3.0611022,-2.0208721,-2.868484,0.24720398,0.53319502,-0.80906928,0
-0.11041546,0.052503347,-2.4711113,0.24720398,0.53319502,-0.80906928,0
-1.759784,2.1613579,-1.585278,0.24720398,0.53319502,-0.80906928,0
-3.3369229,0.62196302,0.17437863,-0.71340418,-0.46488461,-0.52434391,0
-0.36773157,3.9748602,0.79049158,0.71340418,0.46488461,0.52434391,0
-1.9447376,4.4811487,2.100095,-0.65570146,0.70681345,0.26546234,0
0.56421518,2.8002999,0.56388497,0.71340418,0.46488461,0.52434391,0
-4.4309168,2.6425169,0.85464048,-0.65570146,0.70681345,0.26546234,0
-0.34061196,-0.58576393,1.981873,-0.24720398,-0.53319502,0.80906928,0
-0.50070024,3.2461617,-0.4856658,0.24720398,0.53319502,-0.80906928,0
4.2360187,-2.6337361,-1.3594232,0.65570146,-0.70681345,-0.26546234,0
-2.8698721,4.3185682,0.24786234,-0.65570146,0.70681345,0.26546234,0
-1.4704971,3.6381087,2.5894418,0.71340418,0.46488461,0.52434391,0
-1.0213182,-0.49230361,1.8354819,-0.24720398,-0.53319502,0.80906928,0
-3.0883446,0.44280946,-0.0049901009,-0.71340418,-0.46488461,-0.52434391,0
-4.2648244,2.4680061,1.7295413,-0.65570146,0.70681345,0.26546234,0
-3.6384666,3.9340219,-0.99106693,0.24720398,0.53319502,-0.80906928,0
-3.6392994,2.7609851,2.4945319,-0.65570146,0.70681345,0.26546234,0
2.3737035,-3.7225003,-3.060493,0.65570146,-0.70681345,-0.26546234,0
-1.2834165,-1.5106667,1.0842755,-0.24720398,-0.53319502,0.80906928,0
-4.5740786,2.3400974,1.3062387,-0.65570146,0.70681345,0.26546234,0
-1.7475195,4.9597883,1.3128159,-0.65570146,0.70681345,0.26546234,0
-3.8667035,1.0636059,0.50361872,-0.71340418,-0.46488461,-0.52434391,0
2.9044127,0.74109221,-0.79440832,0.71340418,0.46488461,0.52434391,0
-2.703748,2.8431888,3.5195956,-0.24720398,-0.53319502,0.80906928,0
0.070667624,3.2712173,-0.294577,0.24720398,0.53319502,-0.80906928,0
1.1136799,1.110953,1.3140817,0.71340418,0.46488461,0.52434391,0
2.1467037,-4.5443277,0.13306618,-0.24720398,-0.53319502,0.80906928,0
-1.34071,4.5487518,1.6054788,0.71340418,0.46488461,0.52434391,0
3.0431104,-4.0065489,-0.65073299,0.65570146,-0.70681345,-0.26546234,0
-0.9635058,-0.38572347,1.9233844,-0.24720398,-0.53319502,0.80906928,0
0.20990193,1.4892163,2.2083621,0.71340418,0.46488461,0.52434391,0
-0.099358559,-1.2657429,-2.5568953,-0.71340418,-0.46488461,-0.52434391,0
3.3602095,-3.3471799,-1.623106,0.65570146,-0.70681345,-0.26546234,0
-2.0155375,-0.065405577,-1.0140305,-0.71340418,-0.46488461,-0.52434391,0
-2.6348958,1.6918217,-1.7293139,-0.71340418,-0.46488461,-0.52434391,0
0.75828314,-2.5712993,1.0091177,-0.24720398,-0.53319502,0.80906928,0
-4.661705,1.0685443,1.5808921,-0.71340418,-0.46488461,-0.52434391,0
1.9947248,-2.5698035,1.3878872,-0.24720398,-0.53319502,0.80906928,0
-2.838635,0.044115067,1.6337289,-0.24720398,-0.53319502,0.80906928,0
1.5693598,-1.667623,-3.0914733,0.24720398,0.53319502,-0.80906928,0
-4.3471146,1.942122,0.3783536,-0.71340418,-0.46488461,-0.52434391,0
2.0057955,-4.086462,0.39175749,-0.24720398,-0.53319502,0.80906928,0
0.93138838,1.8237475,0.93013573,0.71340418,0.46488461,0.52434391,0
4.5201893,-2.5645156,-0.062017918,0.71340418,0.46488461,0.52434391,0
2.5378261,-2.0449872,-3.0442586,0.24720398,0.53319502,-0.80906928,0
-2.3784873,-0.022331201,-0.55840337,-0.71340418,-0.46488461,-0.52434391,0
1.9467242,-4.5581703,-1.8901124,0.65570146,-0.70681345,-0.26546234,0
-1.5204706,3.9036665,-0.36393738,0.24720398,0.53319502,-0.80906928,0
-2.678932,-0.38646406,0.17321289,-0.71340418,-0.46488461,-0.52434391,0
2.2976069,-4.1317444,-2.1588106,0.65570146,-0.70681345,-0.26546234,0
2.282207,-4.2651172,0.35847473,-0.24720398,-0.53319502,0.80906928,0
-4.4859095,2.5623341,0.93229723,-0.65570146,0.70681345,0.26546234,0
2.514271,-4.6433382,0.18012285,-0.24720398,-0.53319502,0.80906928,0
-1.9947422,-0.84659505,-0.34971917,-0.71340418,-0.46488461,-0.52434391,0
1.5612421,-2.6099441,1.2289867,-0.24720398,-0.53319502,0.80906928,0
-4.4388041,2.357038,1.5952661,-0.65570146,0.70681345,0.26546234,0
-2.0310373,0.34932208,2.0816216,-0.24720398,-0.53319502,0.80906928,0
4.517066,-2.0993321,-2.0881181,0.65570146,-0.70681345,-0.26546234,0
4.0937419,-3.4946494,0.58139467,0.65570146,-0.70681345,-0.26546234,0
0.0036811829,1.7595983,2.2492175,0.71340418,0.46488461,0.52434391,0
3.1893978,-1.0907111,0.44193172,0.71340418,0.46488461,0.52434391,0
4.2231956,-1.4049892,-0.6859777,0.71340418,0.46488461,0.52434391,0
-2.1940088,1.0889277,-1.7946433,-0.71340418,-0.46488461,-0.52434391,0
3.2672684,-3.301126,-1.9752958,0.65570146,-0.70681345,-0.26546234,0
-2.2721148,1.5391636,-2.0875554,-0.71340418,-0.46488461,-0.52434391,0
0.21025229,1.0056007,-1.7450213,0.24720398,0.53319502,-0.80906928,0
4.0414085,-2.7692468,0.77090931,0.71340418,0.46488461,0.52434391,0
0.77001745,-2.8302062,0.84207726,-0.24720398,-0.53319502,0.80906928,0
2.5126507,0.54912573,-0.091192603,0.71340418,0.46488461,0.52434391,0
-3.0970945,4.2598577,-0.15706444,-0.65570146,0.70681345,0.26546234,0
-0.98602366,0.081583858,2.2244706,-0.24720398,-0.53319502,0.80906928,0
3.6363757,-3.9215472,0.58833218,0.65570146,-0.70681345,-0.26546234,0
4.2065597,-2.7372894,0.51787758,0.71340418,0.46488461,0.52434391,0
-2.5282729,3.8676782,2.2921543,-0.65570146,0.70681345,0.26546234,0
-0.56146419,0.22051573,2.4457502,-0.24720398,-0.53319502,0.80906928,0
-3.1238909,4.0936975,0.21916246,-0.65570146,0.70681345,0.26546234,0
-4.1232157,2.2885127,2.557235,-0.65570146,0.70681345,0.26546234,0
-1.6726395,-0.43721169,-1.150921,-0.71340418,-0.46488461,-0.52434391,0
-3.20645,1.6224252,-0.89015102,-0.71340418,-0.46488461,-0.52434391,0
2.7083178,1.1308538,-0.87317234,0.71340418,0.46488461,0.52434391,0
-2.9856629,1.0943699,-0.72237086,-0.71340418,-0.46488461,-0.52434391,0
-2.3454349,3.4216413,3.9313774,-0.65570146,0.70681345,0.26546234,0
2.4488187,-4.36303,-1.1694963,0.65570146,-0.70681345,-0.26546234,0
-0.99506009,4.5714006,0.23664927,0.24720398,0.53319502,-0.80906928,0
-3.9162147,3.6416216,-0.53422117,-0.65570146,0.70681345,0.26546234,0
-0.19049716,2.9017949,-0.61783159,0.24720398,0.53319502,-0.80906928,0
-2.3199687,4.4037147,1.3794358,-0.65570146,0.70681345,0.26546234,0
-2.8868048,1.525911,-1.2394788,-0.71340418,-0.46488461,-0.52434391,0
3.7096243,-2.6072817,-2.7300737,0.65570146,-0.70681345,-0.26546234,0
4.3155313,-1.3048871,-2.0133538,0.24720398,0.53319502,-0.80906928,0
1.2836386,-0.14520586,2.1965551,0.71340418,0.46488461,0.52434391,0
0.41482592,-0.82349396,2.0560207,-0.24720398,-0.53319502,0.80906928,0
3.4044001,-1.3206588,0.35327911,0.71340418,0.46488461,0.52434391,0
-0.52995086,-3.0686836,-0.37255442,-0.71340418,-0.46488461,-0.52434391,0
0.55029714,-4.0209532,-0.99801826,-0.71340418,-0.46488461,-0.52434391,0
-0.82669389,-1.1003959,-1.7139049,-0.71340418,-0.46488461,-0.52434391,0
0.83133483,2.8709574,0.1378063,0.71340418,0.46488461,0.52434391,0
-1.3411657,2.9426918,3.0300362,0.71340418,0.46488461,0.52434391,0
2.6758378,0.98622108,-0.70074981,0.71340418,0.46488461,0.52434391,0
1.6606269,1.8911535,-0.12180343,0.71340418,0.46488461,0.52434391,0
1.9856824,0.13851658,0.98982966,0.71340418,0.46488461,0.52434391,0
-2.2481694,-0.41652071,1.5105708,-0.24720398,-0.53319502,0.80906928,0
2.35936,-3.6793156,-3.2109051,0.65570146,-0.70681345,-0.26546234,0
-3.6948071,3.9152784,-0.71596813,-0.65570146,0.70681345,0.26546234,0
2.742486,-4.4217796,-0.28770208,0.65570146,-0.70681345,-0.26546234,0
0.48007715,-2.9077098,-1.8894839,-0.71340418,-0.46488461,-0.52434391,0
4.6391478,-2.3596177,-1.0935397,0.65570146,-0.70681345,-0.26546234,0
-1.5803905,5.2208977,1.0304084,-0.65570146,0.70681345,0.26546234,0
3.3290405,-1.9334517,0.99911427,0.71340418,0.46488461,0.52434391,0
-3.1707201,3.9135642,0.58310986,-0.65570146,0.70681345,0.26546234,0
-1.4826667,3.7615952,-0.4460144,0.24720398,0.53319502,-0.80906928,0
2.6031744,-4.1268711,-1.4170229,0.65570146,-0.70681345,-0.26546234,0
-1.6115324,-0.6847595,-1.0145848,-0.71340418,-0.46488461,-0.52434391,0
0.73813987,-2.2124555,1.2394493,-0.24720398,-0.53319502,0.80906928,0
-3.7643199,1.2327601,2.134238,-0.24720398,-0.53319502,0.80906928,0
4.304224,-2.6667538,-1.1030421,0.65570146,-0.70681345,-0.26546234,0
2.1504307,1.5688986,-0.50250196,0.71340418,0.46488461,0.52434391,0
-0.69406074,-1.2354867,1.4456978,-0.24720398,-0.53319502,0.80906928,0
-0.26219249,-3.7070055,-0.17091942,-0.71340418,-0.46488461,-0.52434391,0
2.2853432,-4.6052527,-0.92834949,0.65570146,-0.70681345,-0.26546234,0
3.9543839,-0.41479445,-1.5371078,0.24720398,0.53319502,-0.80906928,0
-4.3463254,2.2849979,2.0155041,-0.65570146,0.70681345,0.26546234,0
2.7533305,0.76509678,-0.61013412,0.71340418,0.46488461,0.52434391,0
-3.6842802,0.99616069,0.31521726,-0.71340418,-0.46488461,-0.52434391,0
-2.7029512,3.8068902,2.0225441,-0.65570146,0.70681345,0.26546234,0
-4.2505531,2.5202746,1.6256227,-0.65570146,0.70681345,0.26546234,0
-1.3865187,3.3777008,-0.66963267,0.24720398,0.53319502,-0.80906928,0
-2.997041,3.8815904,1.0972369,-0.65570146,0.70681345,0.26546234,0
-0.5912528,-1.9800986,-1.2542917,-0.71340418,-0.46488461,-0.52434391,0
2.7302957,-3.3180289,-3.2566328,0.65570146,-0.70681345,-0.26546234,0
-2.6464946,4.4530554,0.4415307,-0.65570146,0.70681345,0.26546234,0
1.9684635,-4.9900813,-0.68641901,0.65570146,-0.70681345,-0.26546234,0
1.7433921,-5.1751585,-0.40589333,-0.24720398,-0.53319502,0.80906928,0
-3.1560538,3.3641248,2.0822599,-0.65570146,0.70681345,0.26546234,0
-1.7844369,4.5974221,0.012610912,0.24720398,0.53319502,-0.80906928,0
4.3526278,-3.123441,0.23248196,0.65570146,-0.70681345,-0.26546234,0
4.5034847,-2.1953487,-1.8660126,0.65570146,-0.70681345,-0.26546234,0
2.3656154,-4.242743,-1.6952856,0.65570146,-0.70681345,-0.26546234,0
0.87214589,-4.4487438,-0.19337106,-0.24720398,-0.53319502,0.80906928,0
3.6026239,-3.9908786,0.68956375,0.65570146,-0.70681345,-0.26546234,0
3.8313837,-2.9436743,-1.5336521,0.65570146,-0.70681345,-0.26546234,0
0.61713576,-3.6427135,-1.4243047,-0.71340418,-0.46488461,-0.52434391,0
1.4724847,-5.1123624,-1.285069,-0.71340418,-0.46488461,-0.52434391,0
-2.7843852,3.9945788,1.3216631,-0.65570146,0.70681345,0.26546234,0
-2.8731976,-0.035950065,0.12675762,-0.71340418,-0.46488461,-0.52434391,0
-3.8796027,2.7770205,1.8582778,-0.65570146,0.70681345,0.26546234,0
-2.8183341,2.4320765,3.2136526,-0.24720398,-0.53319502,0.80906928,0
-0.39745891,1.9886191,2.5919442,0.71340418,0.46488461,0.52434391,0
-0.75961244,1.635812,-1.626031,0.24720398,0.53319502,-0.80906928,0
-1.2832289,2.5754528,3.2768042,0.71340418,0.46488461,0.52434391,0
2.0897527,-2.6374011,1.3723736,-0.24720398,-0.53319502,0.80906928,0
-4.1334944,1.1296602,0.80804157,-0.71340418,-0.46488461,-0.52434391,0
0.056233525,3.0816379,-0.4239248,0.24720398,0.53319502,-0.80906928,0
-3.1752238,4.2533531,-0.33272648,-0.65570146,0.70681345,0.26546234,0
-4.1492152,2.5648572,1.7572272,-0.65570146,0.70681345,0.26546234,0
-0.98900366,-2.2009172,-0.51734656,-0.71340418,-0.46488461,-0.52434391,0
-0.72960567,2.4721057,-1.0657265,0.24720398,0.53319502,-0.80906928,0
1.0606356,1.1862019,-1.3661737,0.24720398,0.53319502,-0.80906928,0
0.66167438,-4.1344309,-1.0489447,-0.71340418,-0.46488461,-0.52434391,0
4.6048727,-2.0715239,-0.61432314,0.71340418,0.46488461,0.52434391,0
-4.1696968,3.2670233,-0.1629343,-0.65570146,0.70681345,0.26546234,0
4.081924,-2.7280507,0.67925978,0.71340418,0.46488461,0.52434391,0
2.7417879,-3.5041888,-2.7325821,0.65570146,-0.70681345,-0.26546234,0
-4.0995097,0.95282823,0.9185822,-0.71340418,-0.46488461,-0.52434391,0
-2.6499832,3.8363006,2.0750694,-0.65570146,0.70681345,0.26546234,0
-2.778841,4.1246481,0.98903847,-0.65570146,0.70681345,0.26546234,0
-0.82835448,3.6576495,-0.31459761,0.24720398,0.53319502,-0.80906928,0
4.0909662,-0.6088025,-1.2119715,0.71340418,0.46488461,0.52434391,0
-2.880003,4.0231476,-0.70058966,0.24720398,0.53319502,-0.80906928,0
0.76362348,-0.77806997,-2.7514234,0.24720398,0.53319502,-0.80906928,0
2.5833189,-3.5513084,-2.9985471,0.65570146,-0.70681345,-0.26546234,0
-2.5543318,3.3272545,3.6667068,-0.65570146,0.70681345,0.26546234,0
-2.6580596,1.3452363,-1.3905156,-0.71340418,-0.46488461,-0.52434391,0
0.57702553,0.13762736,2.7389803,-0.24720398,-0.53319502,0.80906928,0
-3.6055026,0.30128706,1.5689014,-0.24720398,-0.53319502,0.80906928,0
2.4034212,-1.2512908,-2.5622609,0.24720398,0.53319502,-0.80906928,0
-3.5099301,3.4579408,0.9583807,-0.65570146,0.70681345,0.26546234,0
0.73853022,1.5998526,-1.1919851,0.24720398,0.53319502,-0.80906928,0
2.4902329,-1.3650659,-2.6107168,0.24720398,0.53319502,-0.80906928,0
-3.8652682,3.7352633,-1.1913509,0.24720398,0.53319502,-0.80906928,0
-3.0391064,3.1975501,2.8146436,-0.65570146,0.70681345,0.26546234,0
-1.7966807,2.8669057,3.7169859,0.71340418,0.46488461,0.52434391,0
1.358073,-4.1368895,0.16061807,-0.24720398,-0.53319502,0.80906928,0
0.70476425,-3.8649664,-1.3464792,-0.71340418,-0.46488461,-0.52434391,0
3.6075158,-2.6457601,-2.8798349,0.65570146,-0.70681345,-0.26546234,0
-1.4618111,0.92439389,-2.3094225,0.24720398,0.53319502,-0.80906928,0
0.36075521,-3.4721262,-1.226725,-0.71340418,-0.46488461,-0.52434391,0
1.4481585,1.7598584,0.28368029,0.71340418,0.46488461,0.52434391,0
0.94052613,-4.7390909,-0.36382341,-0.24720398,-0.53319502,0.80906928,0
3.5316367,-2.6325457,-3.1024425,0.65570146,-0.70681345,-0.26546234,0
1.6008511,-0.40619457,-2.2505414,0.24720398,0.53319502,-0.80906928,0
2.8100514,-3.5227222,-2.5146215,0.65570146,-0.70681345,-0.26546234,0
2.6979709,-3.1753168,-3.7164588,0.65570146,-0.70681345,-0.26546234,0
-2.5308323,-0.078699112,1.6468377,-0.24720398,-0.53319502,0.80906928,0
3.1353467,-0.096705198,-1.5777291,0.24720398,0.53319502,-0.80906928,0
3.5088251,-0.90652066,-0.1559732,0.71340418,0.46488461,0.52434391,0
-4.4442978,2.1877704,2.0323844,-0.65570146,0.70681345,0.26546234,0
3.3007474,-2.9650087,-2.787539,0.65570146,-0.70681345,-0.26546234,0
5.1317482,-1.6687489,-1.7162907,0.65570146,-0.70681345,-0.26546234,0
-3.580389,3.1276014,1.6638989,-0.65570146,0.70681345,0.26546234,0
3.6297026,-0.31971085,-1.5736492,0.24720398,0.53319502,-0.80906928,0
-1.3952415,4.0802331,2.0950632,0.71340418,0.46488461,0.52434391,0
-2.2700758,2.7866125,-1.3291359,0.24720398,0.53319502,-0.80906928,0
