0.23626409,1.780007,-1.9314601,-0.14205755,0.07114327,-0.98729855,0
2.0649614,2.0480123,-0.88900661,0.26915848,0.96260852,0.030636311,0
-2.6715052,-1.3931192,2.0486345,-0.9525615,0.26138765,0.15589462,0
-0.68962824,-2.4418998,1.1820195,-0.26915848,-0.96260852,-0.030636311,0
1.4733686,-3.0039916,-0.16000152,-0.26915848,-0.96260852,-0.030636311,0
-1.5421838,-1.5294559,2.1374168,0.14205755,-0.07114327,0.98729855,0
2.8601434,1.7821248,0.47916579,0.26915848,0.96260852,0.030636311,0
-2.9588923,-1.7875967,0.56033587,-0.26915848,-0.96260852,-0.030636311,0
-2.1812518,-2.0035634,0.51407862,-0.26915848,-0.96260852,-0.030636311,0
-2.619077,-0.10784674,0.21397695,-0.9525615,0.26138765,0.15589462,0
2.6447172,0.9065516,1.7105193,0.14205755,-0.07114327,0.98729855,0
-2.9953606,-1.7094419,0.60016084,-0.9525615,0.26138765,0.15589462,0
1.8909786,-2.7246306,0.08632803,0.9525615,-0.26138765,-0.15589462,0
-2.2522411,1.2381912,0.19855672,-0.9525615,0.26138765,0.15589462,0
1.1295228,-2.87852,-1.0814949,-0.26915848,-0.96260852,-0.030636311,0
-2.2478094,0.34579146,1.7219182,-0.9525615,0.26138765,0.15589462,0
2.2757726,-0.49449259,-1.3017279,0.9525615,-0.26138765,-0.15589462,0
0.9357025,-0.15586567,-2.1715951,-0.14205755,0.07114327,-0.98729855,0
2.4144239,-1.581404,1.3678904,0.9525615,-0.26138765,-0.15589462,0
-1.7853384,-2.053381,-1.398958,-0.26915848,-0.96260852,-0.030636311,0
2.5311298,1.9569557,-2.1235323,0.26915848,0.96260852,0.030636311,0
1.2780629,-0.94935679,1.7734265,0.14205755,-0.07114327,0.98729855,0
2.2867322,0.65543747,1.7439332,0.14205755,-0.07114327,0.98729855,0
2.3318009,-1.6548622,0.98620617,0.9525615,-0.26138765,-0.15589462,0
2.3645475,-1.1192112,0.28817445,0.9525615,-0.26138765,-0.15589462,0
-2.5307474,1.1373127,-1.3340545,-0.9525615,0.26138765,0.15589462,0
-2.7498019,-0.22525686,-0.38792944,-0.9525615,0.26138765,0.15589462,0
-1.8992591,-2.0632973,-0.086527109,-0.26915848,-0.96260852,-0.030636311,0
1.0509213,0.29733181,-2.1555166,-0.14205755,0.07114327,-0.98729855,0
1.0526965,-1.3140054,-2.2718825,-0.14205755,0.07114327,-0.98729855,0
2.2214146,-1.4312005,-0.063298464,0.9525615,-0.26138765,-0.15589462,0
-0.094119892,0.63862002,-1.9661694,-0.14205755,0.07114327,-0.98729855,0
-0.32671466,1.4952805,-1.8709729,-0.14205755,0.07114327,-0.98729855,0
-2.1018059,-1.9625561,-1.4723742,-0.26915848,-0.96260852,-0.030636311,0
-0.70943797,-2.4314675,1.0282722,-0.26915848,-0.96260852,-0.030636311,0
3.2245247,1.6635702,1.0029016,0.26915848,0.96260852,0.030636311,0
-2.8944981,-1.750984,-1.1557935,-0.26915848,-0.96260852,-0.030636311,0
1.2632744,2.2584386,-0.45740342,0.26915848,0.96260852,0.030636311,0
-1.7935941,2.3142591,1.1967871,-0.9525615,0.26138765,0.15589462,0
-3.0834002,-1.6493342,-0.03856957,-0.9525615,0.26138765,0.15589462,0
-1.5347246,0.10985875,-1.7969897,-0.14205755,0.07114327,-0.98729855,0
-2.6417294,-1.8125485,-1.4421352,-0.26915848,-0.96260852,-0.030636311,0
0.27775666,-0.013894081,-2.0666962,-0.14205755,0.07114327,-0.98729855,0
-1.3817374,-0.84417915,-1.887749,-0.14205755,0.07114327,-0.98729855,0
0.3447206,-2.6482425,-1.4219768,-0.26915848,-0.96260852,-0.030636311,0
2.917572,0.69976091,0.61745489,0.9525615,-0.26138765,-0.15589462,0
-1.0514028,2.9079063,-0.52816796,0.26915848,0.96260852,0.030636311,0
-1.3327019,-1.8619421,2.0833168,0.14205755,-0.07114327,0.98729855,0
2.4296937,-1.2701305,0.93928099,0.9525615,-0.26138765,-0.15589462,0
2.3723862,1.7810757,1.8127207,0.14205755,-0.07114327,0.98729855,0
-0.92300469,-2.3090973,-0.94034564,-0.26915848,-0.96260852,-0.030636311,0
2.0634298,2.0361924,-0.50416136,0.26915848,0.96260852,0.030636311,0
1.0335103,2.0841122,2.0272014,0.14205755,-0.07114327,0.98729855,0
0.40259957,0.49653006,2.003581,0.14205755,-0.07114327,0.98729855,0
0.46046928,1.9129004,-1.9541438,-0.14205755,0.07114327,-0.98729855,0
-0.77104497,-1.7312587,2.01192,0.14205755,-0.07114327,0.98729855,0
-1.7603834,3.135124,-1.4386408,0.26915848,0.96260852,0.030636311,0
0.89931828,-2.8128731,-1.1216614,-0.26915848,-0.96260852,-0.030636311,0
-1.6577061,3.0916135,-0.97360325,0.26915848,0.96260852,0.030636311,0
-0.91279298,-2.3983488,1.7742639,-0.26915848,-0.96260852,-0.030636311,0
-2.1501126,0.9636476,1.2829185,-0.9525615,0.26138765,0.15589462,0
1.2386131,1.0222774,1.9211757,0.14205755,-0.07114327,0.98729855,0
0.44638827,-1.4797018,1.8548762,0.14205755,-0.07114327,0.98729855,0
-1.8987653,1.9444075,-1.6124147,-0.14205755,0.07114327,-0.98729855,0
-0.9696852,-1.2824802,2.0728397,0.14205755,-0.07114327,0.98729855,0
1.3869102,1.4079783,-2.1238289,-0.14205755,0.07114327,-0.98729855,0
0.035525858,2.6183577,-0.97972703,0.26915848,0.96260852,0.030636311,0
-1.7547454,-2.0538526,-1.6529391,-0.26915848,-0.96260852,-0.030636311,0
2.7042913,1.2745852,-1.6495576,0.9525615,-0.26138765,-0.15589462,0
1.2331839,2.2508063,0.046769619,0.26915848,0.96260852,0.030636311,0
-2.2659895,2.0307243,-1.2142854,-0.9525615,0.26138765,0.15589462,0
0.79098368,-2.0240285,-2.2853894,-0.14205755,0.07114327,-0.98729855,0
2.9607434,1.7831429,-0.43665528,0.26915848,0.96260852,0.030636311,0
-1.9177173,0.31825769,-1.7268659,-0.14205755,0.07114327,-0.98729855,0
0.63156241,-2.8120999,1.2064333,-0.26915848,-0.96260852,-0.030636311,0
-0.33227402,-0.63160872,2.0280263,0.14205755,-0.07114327,0.98729855,0
-1.4922245,2.8008215,2.2224262,-0.9525615,0.26138765,0.15589462,0
-2.1757562,1.3620144,0.45828789,-0.9525615,0.26138765,0.15589462,0
-0.29960531,-0.077048779,2.0632868,0.14205755,-0.07114327,0.98729855,0
2.8166492,1.1360867,-0.73079717,0.9525615,-0.26138765,-0.15589462,0
0.018250197,1.3930058,2.123482,0.14205755,-0.07114327,0.98729855,0
1.6139858,2.2067418,-1.9142704,0.26915848,0.96260852,0.030636311,0
0.26840526,2.2975347,2.1526675,0.14205755,-0.07114327,0.98729855,0
1.1910325,1.2823968,-2.1046944,-0.14205755,0.07114327,-0.98729855,0
1.7010095,-2.6809576,-1.1476649,0.9525615,-0.26138765,-0.15589462,0
2.7189455,0.065885186,0.46660396,0.9525615,-0.26138765,-0.15589462,0
-1.9217336,-2.0360243,-0.74600685,-0.26915848,-0.96260852,-0.030636311,0
-2.3544962,-0.94936895,2.2960968,0.14205755,-0.07114327,0.98729855,0
1.8713731,1.2191575,-2.2071421,-0.14205755,0.07114327,-0.98729855,0
2.2070723,1.9755634,0.13884783,0.26915848,0.96260852,0.030636311,0
-1.3611543,-1.9812163,2.0788164,0.14205755,-0.07114327,0.98729855,0
1.7625902,-1.4235153,-2.381917,-0.14205755,0.07114327,-0.98729855,0
3.0054369,1.4610523,-0.12211823,0.9525615,-0.26138765,-0.15589462,0
0.29546839,-1.6128531,1.8669968,0.14205755,-0.07114327,0.98729855,0
-0.7756356,2.1800647,2.2944248,0.14205755,-0.07114327,0.98729855,0
-2.7411845,-0.91421258,0.81989431,-0.9525615,0.26138765,0.15589462,0
1.8128115,1.6037803,1.8804595,0.14205755,-0.07114327,0.98729855,0
2.2927806,1.3192968,1.7908998,0.14205755,-0.07114327,0.98729855,0
-1.4842141,-2.2447693,1.9689951,-0.26915848,-0.96260852,-0.030636311,0
-0.34228218,2.648288,1.3991156,0.26915848,0.96260852,0.030636311,0
-1.5562021,-2.108243,-1.688283,-0.26915848,-0.96260852,-0.030636311,0
1.2638364,2.049582,-2.0598872,-0.14205755,0.07114327,-0.98729855,0
-2.4441144,0.21362519,-1.6586649,-0.14205755,0.07114327,-0.98729855,0
0.40708154,2.5202434,-1.1612732,0.26915848,0.96260852,0.030636311,0
-1.4616557,1.1155236,2.3164234,0.14205755,-0.07114327,0.98729855,0
-0.29125655,-2.2966661,-2.149317,-0.14205755,0.07114327,-0.98729855,0
0.099018902,-0.99268663,1.9399511,0.14205755,-0.07114327,0.98729855,0
-2.2642334,0.67220151,1.0742742,-0.9525615,0.26138765,0.15589462,0
-2.6557865,-0.63075459,0.86642778,-0.9525615,0.26138765,0.15589462,0
1.6435648,2.1432714,-2.1077735,-0.14205755,0.07114327,-0.98729855,0
-0.83571923,-2.3461711,-0.54232359,-0.26915848,-0.96260852,-0.030636311,0
-1.3023223,3.0030725,-1.313858,0.26915848,0.96260852,0.030636311,0
-0.94196546,-2.2877841,-1.4434501,-0.26915848,-0.96260852,-0.030636311,0
2.6160007,1.8562177,0.29606354,0.26915848,0.96260852,0.030636311,0
-1.189566,2.888778,1.2867,0.26915848,0.96260852,0.030636311,0
0.020940065,2.6040041,-0.40059471,0.26915848,0.96260852,0.030636311,0
-0.2224772,-1.8991113,1.920894,0.14205755,-0.07114327,0.98729855,0
1.6273484,2.139647,0.076477766,0.26915848,0.96260852,0.030636311,0
-1.6228762,2.0944319,2.4101593,0.14205755,-0.07114327,0.98729855,0
-0.080456734,2.5571337,1.9629388,0.26915848,0.96260852,0.030636311,0
-1.389645,-2.199101,-0.296772,-0.26915848,-0.96260852,-0.030636311,0
0.67729235,2.3985775,0.28757262,0.26915848,0.96260852,0.030636311,0
-1.6567936,2.8282084,1.1709414,-0.9525615,0.26138765,0.15589462,0
-0.59221554,-2.483932,1.6468625,-0.26915848,-0.96260852,-0.030636311,0
0.083518684,2.6310465,-1.8000684,0.26915848,0.96260852,0.030636311,0
1.6342878,0.045780659,1.7938792,0.14205755,-0.07114327,0.98729855,0
-3.1651425,-1.0897052,-1.4763645,-0.9525615,0.26138765,0.15589462,0
1.9862938,-0.92206335,-2.3536229,0.9525615,-0.26138765,-0.15589462,0
2.2332945,-1.0796961,-0.5800736,0.9525615,-0.26138765,-0.15589462,0
1.9617304,-2.5337749,0.19863462,0.9525615,-0.26138765,-0.15589462,0
2.3543234,1.9785187,-1.2477057,0.26915848,0.96260852,0.030636311,0
0.72278559,2.3625822,1.0188779,0.26915848,0.96260852,0.030636311,0
2.3008199,-0.14675975,-1.7317227,0.9525615,-0.26138765,-0.15589462,0
3.1863995,1.6678284,1.2040567,0.26915848,0.96260852,0.030636311,0
-0.31777108,1.1093154,-1.9000719,-0.14205755,0.07114327,-0.98729855,0
1.4513631,1.7751031,1.9448118,0.14205755,-0.07114327,0.98729855,0
-2.5087657,-1.8526771,-1.3494422,-0.26915848,-0.96260852,-0.030636311,0
-0.58243352,-2.3820453,-1.6404105,-0.26915848,-0.96260852,-0.030636311,0
0.74752939,2.3767624,0.35593581,0.26915848,0.96260852,0.030636311,0
1.2053099,0.97362947,1.9224622,0.14205755,-0.07114327,0.98729855,0
1.0212669,1.753943,-2.0462883,-0.14205755,0.07114327,-0.98729855,0
-2.1789525,0.13202643,-1.7026976,-0.14205755,0.07114327,-0.98729855,0
-0.85709733,2.7930136,1.3747321,0.26915848,0.96260852,0.030636311,0
-1.4596243,-0.91543043,2.1697836,0.14205755,-0.07114327,0.98729855,0
-2.348737,-1.9057817,-1.0868117,-0.26915848,-0.96260852,-0.030636311,0
1.7897514,-2.0323403,-1.692959,0.9525615,-0.26138765,-0.15589462,0
-2.9692178,-1.610608,0.59418738,-0.9525615,0.26138765,0.15589462,0
0.99783587,-2.8689651,-0.22476387,-0.26915848,-0.96260852,-0.030636311,0
-1.6407654,2.8172736,1.2872125,-0.9525615,0.26138765,0.15589462,0
-2.7840941,-0.0054398775,-0.96602893,-0.9525615,0.26138765,0.15589462,0
0.50835317,0.71080089,2.0038049,0.14205755,-0.07114327,0.98729855,0
-2.5634243,0.99384058,-1.2931625,-0.9525615,0.26138765,0.15589462,0
-2.58622,0.19406644,-0.091472402,-0.9525615,0.26138765,0.15589462,0
-1.9967993,-1.0946598,2.2341599,0.14205755,-0.07114327,0.98729855,0
0.63774127,-2.7817743,1.7335176,0.14205755,-0.07114327,0.98729855,0
1.3620754,1.2594185,1.9204996,0.14205755,-0.07114327,0.98729855,0
-2.6376638,-0.54770291,0.83791101,-0.9525615,0.26138765,0.15589462,0
0.65660125,-0.57910395,-2.1619344,-0.14205755,0.07114327,-0.98729855,0
2.6479907,0.25211167,1.6628904,0.14205755,-0.07114327,0.98729855,0
-2.1999035,0.7737689,1.297049,-0.9525615,0.26138765,0.15589462,0
0.87152594,-2.6807265,1.7071609,0.14205755,-0.07114327,0.98729855,0
3.2387116,1.4915713,1.2520859,0.9525615,-0.26138765,-0.15589462,0
-2.1821735,1.0313624,0.97347844,-0.9525615,0.26138765,0.15589462,0
-0.98010749,2.8575284,0.42835975,0.26915848,0.96260852,0.030636311,0
-1.3096864,-2.1974301,-1.051757,-0.26915848,-0.96260852,-0.030636311,0
1.3527917,-2.3361306,1.6627452,0.14205755,-0.07114327,0.98729855,0
-2.6156731,0.82770407,-1.3338568,-0.9525615,0.26138765,0.15589462,0
2.6346803,0.79775864,-1.2754085,0.9525615,-0.26138765,-0.15589462,0
3.1323481,0.8807745,1.626294,0.9525615,-0.26138765,-0.15589462,0
2.0218394,-2.5590196,0.60824561,0.9525615,-0.26138765,-0.15589462,0
-2.7339165,0.099952579,-0.83614093,-0.9525615,0.26138765,0.15589462,0
2.5934181,-0.92749119,1.3651845,0.9525615,-0.26138765,-0.15589462,0
2.6204138,1.0099764,-1.7184054,0.9525615,-0.26138765,-0.15589462,0
2.7587941,1.8565817,-0.96989298,0.26915848,0.96260852,0.030636311,0
-2.6420681,-0.44354597,0.63636088,-0.9525615,0.26138765,0.15589462,0
-1.3377633,0.034692764,2.2207141,0.14205755,-0.07114327,0.98729855,0
2.4822078,-1.3343234,1.3677908,0.9525615,-0.26138765,-0.15589462,0
-0.95103574,-1.6412063,-2.007153,-0.14205755,0.07114327,-0.98729855,0
0.1313234,-2.0512471,1.8590245,0.14205755,-0.07114327,0.98729855,0
1.8089184,-1.1777806,-2.3708756,-0.14205755,0.07114327,-0.98729855,0
1.4831917,-2.2263012,1.6518967,0.14205755,-0.07114327,0.98729855,0
2.0975084,-2.0707486,0.25192487,0.9525615,-0.26138765,-0.15589462,0
-0.7250526,-1.9918745,-2.0649371,-0.14205755,0.07114327,-0.98729855,0
1.1837896,-2.430635,1.6802521,0.14205755,-0.07114327,0.98729855,0
1.0823029,2.2986734,-0.13166189,0.26915848,0.96260852,0.030636311,0
1.2902613,2.219213,0.53799486,0.26915848,0.96260852,0.030636311,0
-0.39072943,-0.28778458,-1.9902472,-0.14205755,0.07114327,-0.98729855,0
-1.5666187,2.682601,1.9660749,-0.9525615,0.26138765,0.15589462,0
0.62105578,2.4040074,0.61103916,0.26915848,0.96260852,0.030636311,0
-1.2116098,-0.30311477,2.1782207,0.14205755,-0.07114327,0.98729855,0
2.2716279,1.9732658,-0.35612011,0.26915848,0.96260852,0.030636311,0
-1.705343,2.4436119,-1.6042733,-0.14205755,0.07114327,-0.98729855,0
1.2508736,-2.9551983,0.26164222,-0.26915848,-0.96260852,-0.030636311,0
2.6299837,-0.56819069,0.98617375,0.9525615,-0.26138765,-0.15589462,0
-0.85238731,2.4917896,2.3279307,0.14205755,-0.07114327,0.98729855,0
-2.8043196,-0.039650083,-1.0322545,-0.9525615,0.26138765,0.15589462,0
1.7298486,1.183712,1.8621271,0.14205755,-0.07114327,0.98729855,0
2.737365,1.5191443,1.7413311,0.14205755,-0.07114327,0.98729855,0
1.4617198,-2.9952421,-0.33257651,-0.26915848,-0.96260852,-0.030636311,0
2.2737939,-1.9175709,1.0722486,0.9525615,-0.26138765,-0.15589462,0
-0.027207002,-0.47621715,1.995329,0.14205755,-0.07114327,0.98729855,0
2.3540344,-1.6181293,1.0604684,0.9525615,-0.26138765,-0.15589462,0
-2.393157,0.39481509,-1.6529404,-0.14205755,0.07114327,-0.98729855,0
-2.1006942,-2.0031307,-0.20726228,-0.26915848,-0.96260852,-0.030636311,0
-2.5886898,0.51240528,-0.6403206,-0.9525615,0.26138765,0.15589462,0
-2.5043471,-0.33272672,1.2920651,-0.9525615,0.26138765,0.15589462,0
2.1802638,-0.14732146,1.7014067,0.14205755,-0.07114327,0.98729855,0
2.7189467,0.33874935,0.0091024041,0.9525615,-0.26138765,-0.15589462,0
0.029759243,1.3070948,2.1156354,0.14205755,-0.07114327,0.98729855,0
1.5702823,1.6374072,-2.1336808,-0.14205755,0.07114327,-0.98729855,0
0.79154527,-2.8174803,-0.030046463,-0.26915848,-0.96260852,-0.030636311,0
-1.2785513,0.70051599,-1.7912874,-0.14205755,0.07114327,-0.98729855,0
2.0836444,-0.73926091,1.6726546,0.14205755,-0.07114327,0.98729855,0
1.8734094,-1.6659162,-1.7961648,0.9525615,-0.26138765,-0.15589462,0
1.4239383,-3.0425978,1.4872918,-0.26915848,-0.96260852,-0.030636311,0
0.23179951,-1.0755322,-2.1365838,-0.14205755,0.07114327,-0.98729855,0
-2.7047586,0.389081,-1.1427587,-0.9525615,0.26138765,0.15589462,0
0.23767978,-2.6139958,-1.5575937,-0.26915848,-0.96260852,-0.030636311,0
-0.83796346,0.077357769,-1.8995854,-0.14205755,0.07114327,-0.98729855,0
0.92229855,0.60536146,1.9366465,0.14205755,-0.07114327,0.98729855,0
0.28323853,1.9508809,-1.9259063,-0.14205755,0.07114327,-0.98729855,0
-2.5142918,1.2872915,-1.4849739,-0.9525615,0.26138765,0.15589462,0
-0.83876389,2.8496218,-0.56500864,0.26915848,0.96260852,0.030636311,0
2.8226233,1.8252584,-0.54647708,0.26915848,0.96260852,0.030636311,0
2.4117959,0.33619809,-1.8634009,0.9525615,-0.26138765,-0.15589462,0
2.4945467,1.844403,1.7343338,0.26915848,0.96260852,0.030636311,0
-1.0744436,2.4381781,-1.695442,-0.14205755,0.07114327,-0.98729855,0
-1.4392896,2.943749,1.7534561,0.26915848,0.96260852,0.030636311,0
-1.2406045,1.7019498,2.3268747,0.14205755,-0.07114327,0.98729855,0
-1.0765235,-1.2392516,-1.9601328,-0.14205755,0.07114327,-0.98729855,0
1.6376737,0.54483032,-2.2221072,-0.14205755,0.07114327,-0.98729855,0
1.6223428,0.43874252,-2.227546,-0.14205755,0.07114327,-0.98729855,0
-1.2890694,0.15531635,-1.8290602,-0.14205755,0.07114327,-0.98729855,0
-1.3884977,0.39319456,-1.7976128,-0.14205755,0.07114327,-0.98729855,0
2.3455181,-1.3806229,1.5887592,0.14205755,-0.07114327,0.98729855,0
0.44288731,0.17834008,-2.0766039,-0.14205755,0.07114327,-0.98729855,0
1.871539,-1.3597463,-2.3209467,0.9525615,-0.26138765,-0.15589462,0
2.2800956,-1.6875331,1.576057,0.14205755,-0.07114327,0.98729855,0
-2.0192621,-1.0370209,2.2415454,0.14205755,-0.07114327,0.98729855,0
1.3736213,1.1621652,-2.1396296,-0.14205755,0.07114327,-0.98729855,0
2.0921271,1.5992081,1.8399408,0.14205755,-0.07114327,0.98729855,0
2.6689584,1.8042691,1.4630538,0.26915848,0.96260852,0.030636311,0
-0.072404504,2.6461387,-0.904392,0.26915848,0.96260852,0.030636311,0
-1.8833852,0.59095407,-1.7121557,-0.14205755,0.07114327,-0.98729855,0
-0.79209161,0.44961214,-1.8793615,-0.14205755,0.07114327,-0.98729855,0
2.8202763,1.1963966,1.7061448,0.14205755,-0.07114327,0.98729855,0
-0.052164972,2.0210943,-1.8725871,-0.14205755,0.07114327,-0.98729855,0
2.673142,1.4026763,-2.0546575,0.9525615,-0.26138765,-0.15589462,0
-1.9683939,2.102211,0.48424911,-0.9525615,0.26138765,0.15589462,0
-0.55561447,2.683691,2.1609905,0.26915848,0.96260852,0.030636311,0
0.7894671,-1.4393525,1.8084198,0.14205755,-0.07114327,0.98729855,0
-0.53841531,-0.26500654,-1.9673561,-0.14205755,0.07114327,-0.98729855,0
0.21527481,-2.5493941,1.8110495,0.14205755,-0.07114327,0.98729855,0
2.7710629,1.1716555,-1.0689816,0.9525615,-0.26138765,-0.15589462,0
0.77574164,2.3762419,0.12442803,0.26915848,0.96260852,0.030636311,0
2.3833027,-0.31178498,-0.95103258,0.9525615,-0.26138765,-0.15589462,0
1.9523642,-2.5255644,0.12763858,0.9525615,-0.26138765,-0.15589462,0
-2.9145892,-1.5113134,0.7614969,-0.9525615,0.26138765,0.15589462,0
-0.45083213,2.720613,0.080300331,0.26915848,0.96260852,0.030636311,0
1.8111031,2.075937,0.46388125,0.26915848,0.96260852,0.030636311,0
0.042358279,2.603838,-0.58354521,0.26915848,0.96260852,0.030636311,0
1.7872372,-1.9130085,-1.9084048,0.9525615,-0.26138765,-0.15589462,0
1.2132509,0.24133968,-2.1829081,-0.14205755,0.07114327,-0.98729855,0
0.25411597,-1.1212852,-2.1430917,-0.14205755,0.07114327,-0.98729855,0
-1.577026,3.058002,-0.62633753,0.26915848,0.96260852,0.030636311,0
-2.2689228,0.10079873,2.0036874,-0.9525615,0.26138765,0.15589462,0
-1.8147149,1.8170485,1.9014032,-0.9525615,0.26138765,0.15589462,0
2.173979,-2.4565711,1.3660893,0.9525615,-0.26138765,-0.15589462,0
-1.4723957,2.4535844,-1.6370726,-0.14205755,0.07114327,-0.98729855,0
-2.823545,-0.98505914,0.4354372,-0.9525615,0.26138765,0.15589462,0
-1.8048441,1.8510755,1.904663,-0.9525615,0.26138765,0.15589462,0
-1.9341692,1.2219766,2.1692557,-0.9525615,0.26138765,0.15589462,0
1.2846707,1.4376321,1.9444788,0.14205755,-0.07114327,0.98729855,0
-0.38085485,2.6550226,1.5263934,0.26915848,0.96260852,0.030636311,0
-3.1676788,-1.0116265,-1.6227772,-0.9525615,0.26138765,0.15589462,0
-0.18849784,2.6059175,1.3793383,0.26915848,0.96260852,0.030636311,0
-2.8794799,0.025211334,-1.6002582,-0.9525615,0.26138765,0.15589462,0
1.2167486,2.2420995,0.46473646,0.26915848,0.96260852,0.030636311,0
-1.7756021,-0.92609453,2.2144794,0.14205755,-0.07114327,0.98729855,0
-2.2980766,1.7912924,-1.0088923,-0.9525615,0.26138765,0.15589462,0
2.9982214,0.91349936,0.75187075,0.9525615,-0.26138765,-0.15589462,0
1.8911856,1.4734578,1.8597919,0.14205755,-0.07114327,0.98729855,0
-2.6903996,-0.3555226,0.1934523,-0.9525615,0.26138765,0.15589462,0
-0.44924724,-2.1607356,-2.1167893,-0.14205755,0.07114327,-0.98729855,0
0.66428864,2.3499501,1.9297082,0.26915848,0.96260852,0.030636311,0
-0.68218797,-2.3709023,-1.1141267,-0.26915848,-0.96260852,-0.030636311,0
-2.2065632,1.9637127,-0.73881412,-0.9525615,0.26138765,0.15589462,0
-0.95880997,2.8098402,1.7396307,0.26915848,0.96260852,0.030636311,0
1.9401679,-3.1016669,1.0190635,0.9525615,-0.26138765,-0.15589462,0
1.421804,1.6229506,-2.1133587,-0.14205755,0.07114327,-0.98729855,0
1.8247647,-2.5682523,-0.58045626,0.9525615,-0.26138765,-0.15589462,0
-2.5999141,0.076749414,0.021558143,-0.9525615,0.26138765,0.15589462,0
1.444087,2.2484753,-1.7328942,0.26915848,0.96260852,0.030636311,0
1.9465159,-1.4065704,-1.784307,0.9525615,-0.26138765,-0.15589462,0
-1.3082794,-2.1833451,-1.5066833,-0.26915848,-0.96260852,-0.030636311,0
2.2063155,-1.3844494,-0.23394561,0.9525615,-0.26138765,-0.15589462,0
0.71190953,2.3503323,1.4993293,0.26915848,0.96260852,0.030636311,0
-2.564739,-1.9478234,2.1318655,-0.26915848,-0.96260852,-0.030636311,0
-0.34290242,2.6408324,1.6388246,0.26915848,0.96260852,0.030636311,0
-0.67874235,2.7649038,0.69099927,0.26915848,0.96260852,0.030636311,0
2.9383726,1.4572653,-0.52555013,0.9525615,-0.26138765,-0.15589462,0
2.3308539,1.954643,-0.29131937,0.26915848,0.96260852,0.030636311,0
-0.18887657,2.6831717,-1.0447063,0.26915848,0.96260852,0.030636311,0
0.28063557,0.80899632,-2.0078142,-0.14205755,0.07114327,-0.98729855,0
1.1070862,-1.6808997,1.7453135,0.14205755,-0.07114327,0.98729855,0
2.3352489,1.9762789,-1.0097449,0.26915848,0.96260852,0.030636311,0
-1.2878797,-1.0819917,2.13307,0.14205755,-0.07114327,0.98729855,0
1.2261901,-2.9676898,0.87098002,-0.26915848,-0.96260852,-0.030636311,0
-0.41794425,2.7628665,-1.5362637,0.26915848,0.96260852,0.030636311,0
2.8573296,0.41720307,0.72311902,0.9525615,-0.26138765,-0.15589462,0
-0.7360003,-0.95143449,2.0630705,0.14205755,-0.07114327,0.98729855,0
2.4796517,-1.0379643,0.855268,0.9525615,-0.26138765,-0.15589462,0
1.1311743,-2.4093187,-2.3621011,-0.14205755,0.07114327,-0.98729855,0
-2.1957052,0.71244121,-1.6584632,-0.14205755,0.07114327,-0.98729855,0
2.80302,0.53687906,1.661104,0.14205755,-0.07114327,0.98729855,0
2.5110459,1.9524727,-1.8062248,0.26915848,0.96260852,0.030636311,0
0.76874769,0.48481393,1.9500537,0.14205755,-0.07114327,0.98729855,0
-1.5157785,1.828979,2.3756216,0.14205755,-0.07114327,0.98729855,0
-2.4378157,0.46902975,0.35429209,-0.9525615,0.26138765,0.15589462,0
1.9415044,2.0826845,-0.89378071,0.26915848,0.96260852,0.030636311,0
-2.4883251,-0.15169895,1.0864364,-0.9525615,0.26138765,0.15589462,0
1.3277935,2.2301431,-0.13518119,0.26915848,0.96260852,0.030636311,0
-1.5919454,0.94656944,2.3229957,0.14205755,-0.07114327,0.98729855,0
2.5128589,-0.6391046,0.38940781,0.9525615,-0.26138765,-0.15589462,0
2.5537467,-0.4080101,0.25176829,0.9525615,-0.26138765,-0.15589462,0
2.4834251,-0.0031365752,-0.85676473,0.9525615,-0.26138765,-0.15589462,0
-3.0247817,-1.397334,-0.10292065,-0.9525615,0.26138765,0.15589462,0
1.5570002,-2.8415542,-1.7583326,0.9525615,-0.26138765,-0.15589462,0
2.5758431,-0.5672884,0.65384579,0.9525615,-0.26138765,-0.15589462,0
-2.1028736,1.8560121,0.075340033,-0.9525615,0.26138765,0.15589462,0
0.065777749,2.5167823,1.946038,0.26915848,0.96260852,0.030636311,0
-2.2371204,0.15052116,2.1146395,-0.9525615,0.26138765,0.15589462,0
-2.3934782,-1.9541061,0.82464218,-0.26915848,-0.96260852,-0.030636311,0
2.4233024,0.14849389,-1.4783697,0.9525615,-0.26138765,-0.15589462,0
-1.5472236,2.9237247,1.6802946,-0.9525615,0.26138765,0.15589462,0
-2.1538284,1.1601018,0.93081963,-0.9525615,0.26138765,0.15589462,0
-0.19962806,-2.5722713,0.97341156,-0.26915848,-0.96260852,-0.030636311,0
1.975299,-2.923408,0.93483996,0.9525615,-0.26138765,-0.15589462,0
0.10186437,2.5357218,1.0339099,0.26915848,0.96260852,0.030636311,0
-0.2785809,2.086139,-1.8353221,-0.14205755,0.07114327,-0.98729855,0
0.96586686,0.084832311,-2.158591,-0.14205755,0.07114327,-0.98729855,0
0.47688264,-2.7071958,-0.7307539,-0.26915848,-0.96260852,-0.030636311,0
-0.97274923,0.1757834,2.1783607,0.14205755,-0.07114327,0.98729855,0
-1.8782014,-0.70821512,2.2449424,0.14205755,-0.07114327,0.98729855,0
0.080900371,-0.24969852,1.9960967,0.14205755,-0.07114327,0.98729855,0
-0.39364639,1.7843859,2.2109501,0.14205755,-0.07114327,0.98729855,0
-0.86828935,-2.3825195,0.8859036,-0.26915848,-0.96260852,-0.030636311,0
2.2881703,-1.0626906,-0.27327996,0.9525615,-0.26138765,-0.15589462,0
-0.35911271,-2.105433,-2.1257734,-0.14205755,0.07114327,-0.98729855,0
-1.1592808,1.1203249,2.2732623,0.14205755,-0.07114327,0.98729855,0
2.4099703,1.5813191,-2.2585411,-0.14205755,0.07114327,-0.98729855,0
0.3840366,-2.739624,1.1038771,-0.26915848,-0.96260852,-0.030636311,0
1.4443171,-2.9324856,-2.1515298,-0.26915848,-0.96260852,-0.030636311,0
2.9150164,0.78579187,1.6629255,0.14205755,-0.07114327,0.98729855,0
-2.7057652,0.0047179461,-0.50445002,-0.9525615,0.26138765,0.15589462,0
0.066807866,-2.6623263,1.4621778,-0.26915848,-0.96260852,-0.030636311,0
-0.27305889,2.6864049,-0.40670943,0.26915848,0.96260852,0.030636311,0
0.7023946,-2.0710061,-2.2760277,-0.14205755,0.07114327,-0.98729855,0
-1.841813,-2.083549,0.045101881,-0.26915848,-0.96260852,-0.030636311,0
-2.6086004,0.040351242,0.029510409,-0.9525615,0.26138765,0.15589462,0
1.6507045,2.1279967,0.23733807,0.26915848,0.96260852,0.030636311,0
2.6586564,0.51730603,-0.65867394,0.9525615,-0.26138765,-0.15589462,0
0.20583637,1.2678279,-1.9639888,-0.14205755,0.07114327,-0.98729855,0
-1.0009277,1.6650798,2.2897317,0.14205755,-0.07114327,0.98729855,0
0.24444085,-0.12414336,1.981613,0.14205755,-0.07114327,0.98729855,0
0.1640806,1.9380984,2.1417778,0.14205755,-0.07114327,0.98729855,0
0.15007868,2.5596161,-0.14044762,0.26915848,0.96260852,0.030636311,0
-1.525593,1.8397665,-1.6736491,-0.14205755,0.07114327,-0.98729855,0
0.73971802,2.3888524,0.044690609,0.26915848,0.96260852,0.030636311,0
2.002727,-2.7065759,0.7388711,0.9525615,-0.26138765,-0.15589462,0
-0.79913789,-0.2583065,-1.9293591,-0.14205755,0.07114327,-0.98729855,0
-2.7473254,-1.7764645,-1.648187,-0.26915848,-0.96260852,-0.030636311,0
0.94037521,-0.64047849,1.844272,0.14205755,-0.07114327,0.98729855,0
-1.1360015,-0.85258603,2.1277475,0.14205755,-0.07114327,0.98729855,0
-2.9841871,-1.7341515,-0.89671123,-0.26915848,-0.96260852,-0.030636311,0
2.2838142,-0.97054386,-0.45439959,0.9525615,-0.26138765,-0.15589462,0
1.177644,-2.9742501,1.5036225,-0.26915848,-0.96260852,-0.030636311,0
0.56738472,2.4829178,-1.3968456,0.26915848,0.96260852,0.030636311,0
-2.5638268,-1.9064052,0.82247949,-0.26915848,-0.96260852,-0.030636311,0
2.2430019,-0.29607832,-1.8346459,0.9525615,-0.26138765,-0.15589462,0
1.2692349,-2.3244321,1.6756108,0.14205755,-0.07114327,0.98729855,0
-2.99401,-1.6522579,-1.7139957,-0.14205755,0.07114327,-0.98729855,0
1.1795444,2.2488532,0.5794009,0.26915848,0.96260852,0.030636311,0
0.26399708,2.466403,1.7875154,0.26915848,0.96260852,0.030636311,0
-1.5587702,-1.875247,-1.9365736,-0.14205755,0.07114327,-0.98729855,0
0.9896763,-2.8554089,-0.57902479,-0.26915848,-0.96260852,-0.030636311,0
0.37229961,0.9944787,2.0438223,0.14205755,-0.07114327,0.98729855,0
-0.60036987,-2.4647369,1.1153922,-0.26915848,-0.96260852,-0.030636311,0
2.0031452,-2.5677569,0.5086689,0.9525615,-0.26138765,-0.15589462,0
0.36718518,2.4744673,-1.9002559,-0.14205755,0.07114327,-0.98729855,0
1.7521594,-2.1302111,-1.7585566,0.9525615,-0.26138765,-0.15589462,0
0.59712088,2.3763719,1.6896424,0.26915848,0.96260852,0.030636311,0
1.7829475,2.103838,-0.16541147,0.26915848,0.96260852,0.030636311,0
-0.30727595,-1.6687956,-2.1017685,-0.14205755,0.07114327,-0.98729855,0
-2.4278469,-1.8879224,-0.95293415,-0.26915848,-0.96260852,-0.030636311,0
2.3978539,1.6450069,-2.2522087,-0.14205755,0.07114327,-0.98729855,0
-0.3478542,2.6836314,0.33756256,0.26915848,0.96260852,0.030636311,0
-0.52368975,-2.3835173,-2.1102605,-0.26915848,-0.96260852,-0.030636311,0
1.7839752,-1.7001983,-2.2851536,0.9525615,-0.26138765,-0.15589462,0
-2.25754,1.9898907,-1.0941905,-0.9525615,0.26138765,0.15589462,0
1.102114,0.093473434,1.8738877,0.14205755,-0.07114327,0.98729855,0
-3.106714,-0.89299798,-1.4491675,-0.9525615,0.26138765,0.15589462,0
0.42868024,2.462872,0.4516077,0.26915848,0.96260852,0.030636311,0
0.029985964,1.7293706,-1.9054286,-0.14205755,0.07114327,-0.98729855,0
0.10155689,0.72147512,2.0631061,0.14205755,-0.07114327,0.98729855,0
-2.1949201,1.745069,-0.30107296,-0.9525615,0.26138765,0.15589462,0
-2.3810923,0.2859652,1.0078319,-0.9525615,0.26138765,0.15589462,0
-1.9272192,-2.0182772,-1.2554404,-0.26915848,-0.96260852,-0.030636311,0
1.6277251,1.1103485,1.8715348,0.14205755,-0.07114327,0.98729855,0
2.9288533,0.16152167,1.5888485,0.9525615,-0.26138765,-0.15589462,0
-1.3307626,-2.2836542,1.8426104,-0.26915848,-0.96260852,-0.030636311,0
-3.077312,-1.7196702,0.11656404,-0.9525615,0.26138765,0.15589462,0
2.4620988,-0.33641252,-0.42827278,0.9525615,-0.26138765,-0.15589462,0
-2.5987735,-1.4737188,2.2934606,0.14205755,-0.07114327,0.98729855,0
2.5484016,0.21285447,-0.82189023,0.9525615,-0.26138765,-0.15589462,0
-2.3078799,-0.17112994,2.2215889,-0.9525615,0.26138765,0.15589462,0
1.1466485,2.3019063,-0.79854918,0.26915848,0.96260852,0.030636311,0
2.1464953,1.9918441,0.15950441,0.26915848,0.96260852,0.030636311,0
2.3043618,0.60383832,-2.3137817,-0.14205755,0.07114327,-0.98729855,0
2.5245926,0.44942498,1.6948638,0.14205755,-0.07114327,0.98729855,0
-1.8427398,0.049577236,2.2944453,0.14205755,-0.07114327,0.98729855,0
1.0980879,2.2211804,-2.0236738,-0.14205755,0.07114327,-0.98729855,0
-1.2932565,2.9443226,0.45244193,0.26915848,0.96260852,0.030636311,0
2.1208646,-0.65365648,-1.9813913,0.9525615,-0.26138765,-0.15589462,0
-3.0508993,-1.248139,-0.5126605,-0.9525615,0.26138765,0.15589462,0
-2.707217,-1.252484,1.5946236,-0.9525615,0.26138765,0.15589462,0
2.4586411,-0.69272262,0.14802325,0.9525615,-0.26138765,-0.15589462,0
-1.7289724,3.0913444,-0.3390193,0.26915848,0.96260852,0.030636311,0
-0.50979459,-2.4229131,-0.99450755,-0.26915848,-0.96260852,-0.030636311,0
2.6863928,0.9268859,-1.175936,0.9525615,-0.26138765,-0.15589462,0
-2.1602535,1.8653526,-0.29093099,-0.9525615,0.26138765,0.15589462,0
-0.06246984,2.554904,1.8749709,0.26915848,0.96260852,0.030636311,0
2.9225664,1.8150775,-1.2220743,0.9525615,-0.26138765,-0.15589462,0
1.6745676,1.5563018,1.8969296,0.14205755,-0.07114327,0.98729855,0
2.9739397,1.7897794,-0.76112103,0.26915848,0.96260852,0.030636311,0
1.1811236,2.3049293,-1.1964228,0.26915848,0.96260852,0.030636311,0
1.3061841,-2.0655186,-2.3625088,-0.14205755,0.07114327,-0.98729855,0
-0.66653037,-1.6256239,-2.0469663,-0.14205755,0.07114327,-0.98729855,0
1.3099936,-0.019260406,1.8358536,0.14205755,-0.07114327,0.98729855,0
-2.8701274,-0.25739896,-1.0692601,-0.9525615,0.26138765,0.15589462,0
2.0784092,2.0814471,-2.0576909,0.26915848,0.96260852,0.030636311,0
-1.7656643,1.4558458,-1.6667711,-0.14205755,0.07114327,-0.98729855,0
-0.6341188,-0.2532258,-1.9527369,-0.14205755,0.07114327,-0.98729855,0
2.5616846,0.49974805,-1.2217607,0.9525615,-0.26138765,-0.15589462,0
0.65183383,1.0768161,-2.0419254,-0.14205755,0.07114327,-0.98729855,0
2.0487735,-2.7471967,1.0883386,0.9525615,-0.26138765,-0.15589462,0
-3.1115503,-0.85974765,-1.534471,-0.9525615,0.26138765,0.15589462,0
2.6561177,-0.046160936,0.27057561,0.9525615,-0.26138765,-0.15589462,0
0.88714695,2.4046459,-1.7468083,0.26915848,0.96260852,0.030636311,0
-1.7947773,2.0260365,1.6728182,-0.9525615,0.26138765,0.15589462,0
2.8269172,1.605655,-1.4553809,0.9525615,-0.26138765,-0.15589462,0
3.0133574,0.74695814,1.123596,0.9525615,-0.26138765,-0.15589462,0
-2.6018236,-0.0065789521,0.14960717,-0.9525615,0.26138765,0.15589462,0
1.5415552,-2.5425649,-2.3540192,0.9525615,-0.26138765,-0.15589462,0
2.4197733,-0.96071094,0.35986394,0.9525615,-0.26138765,-0.15589462,0
2.6009016,-0.44922495,0.60900438,0.9525615,-0.26138765,-0.15589462,0
-1.9831173,0.6416229,2.3573055,0.14205755,-0.07114327,0.98729855,0
-2.0995369,2.538554,-1.0486863,-0.9525615,0.26138765,0.15589462,0
-2.9223702,-0.32932842,-1.2678752,-0.9525615,0.26138765,0.15589462,0
0.12692556,-0.31476498,1.9847858,0.14205755,-0.07114327,0.98729855,0
-0.15224126,-2.5820966,0.8658042,-0.26915848,-0.96260852,-0.030636311,0
0.53854293,-0.73271441,-2.1560168,-0.14205755,0.07114327,-0.98729855,0
-1.1801512,2.9703352,-1.3585887,0.26915848,0.96260852,0.030636311,0
-0.53801006,2.2139535,2.262676,0.14205755,-0.07114327,0.98729855,0
0.066171259,-1.53722,1.9054391,0.14205755,-0.07114327,0.98729855,0
-1.0904872,2.8863649,0.49205709,0.26915848,0.96260852,0.030636311,0
0.27436322,-0.252141,-2.0833755,-0.14205755,0.07114327,-0.98729855,0
3.0412743,1.7350159,0.36800492,0.26915848,0.96260852,0.030636311,0
-2.6204331,-0.63759983,1.0939265,-0.9525615,0.26138765,0.15589462,0
2.7124019,0.63008606,-0.51937103,0.9525615,-0.26138765,-0.15589462,0
-0.86604345,-2.3940258,1.2277062,-0.26915848,-0.96260852,-0.030636311,0
2.3132365,-0.74540395,-0.65211135,0.9525615,-0.26138765,-0.15589462,0
2.2083457,-1.5831122,0.11155581,0.9525615,-0.26138765,-0.15589462,0
-0.94053304,-1.7320509,-2.0152104,-0.14205755,0.07114327,-0.98729855,0
-1.4510416,0.82528901,-1.7574776,-0.14205755,0.07114327,-0.98729855,0
0.93675596,2.3269114,0.25980854,0.26915848,0.96260852,0.030636311,0
-0.43419182,2.7506537,-1.0097842,0.26915848,0.96260852,0.030636311,0
2.8511205,0.95690072,-0.21972883,0.9525615,-0.26138765,-0.15589462,0
-2.6358252,-1.1501455,1.859257,-0.9525615,0.26138765,0.15589462,0
2.7798727,0.16343784,1.6375248,0.14205755,-0.07114327,0.98729855,0
-0.085281312,-2.5974498,0.75993252,-0.26915848,-0.96260852,-0.030636311,0
1.4035461,-2.9332354,-1.7697723,-0.26915848,-0.96260852,-0.030636311,0
1.6052459,-1.9273016,-2.3955796,-0.14205755,0.07114327,-0.98729855,0
-1.5231866,1.5273991,2.3549559,0.14205755,-0.07114327,0.98729855,0
-2.5518568,0.69098747,-0.7146886,-0.9525615,0.26138765,0.15589462,0
-1.9758625,2.8787222,-0.86335754,-0.9525615,0.26138765,0.15589462,0
1.2699232,2.2603953,-0.5773015,0.26915848,0.96260852,0.030636311,0
0.33377284,-2.7332389,1.3448448,-0.26915848,-0.96260852,-0.030636311,0
1.924831,-1.9511094,-1.0037823,0.9525615,-0.26138765,-0.15589462,0
2.2196989,-1.9341679,0.76954091,0.9525615,-0.26138765,-0.15589462,0
0.4316892,0.62560487,2.0086966,0.14205755,-0.07114327,0.98729855,0
2.8387682,0.0899086,1.6237524,0.14205755,-0.07114327,0.98729855,0
2.3688531,0.44368589,-2.3060179,0.9525615,-0.26138765,-0.15589462,0
-2.0684309,1.2773602,1.2560165,-0.9525615,0.26138765,0.15589462,0
2.1719239,-0.97880626,-1.1242286,0.9525615,-0.26138765,-0.15589462,0
-1.3255504,-0.83612561,-1.8952529,-0.14205755,0.07114327,-0.98729855,0
2.7011642,1.8646578,-0.71733665,0.26915848,0.96260852,0.030636311,0
1.3457778,2.0257738,-2.0733929,-0.14205755,0.07114327,-0.98729855,0
-2.1665606,1.0640882,1.0140078,-0.9525615,0.26138765,0.15589462,0
0.41710457,1.3306787,2.0616016,0.14205755,-0.07114327,0.98729855,0
-2.6187327,-0.30114609,0.54018521,-0.9525615,0.26138765,0.15589462,0
-1.1582377,-2.2966435,0.73500633,-0.26915848,-0.96260852,-0.030636311,0
0.17249295,2.5196249,0.91917109,0.26915848,0.96260852,0.030636311,0
-1.7345028,1.0480236,-1.7006418,-0.14205755,0.07114327,-0.98729855,0
1.9369005,-1.6329582,-1.4634765,0.9525615,-0.26138765,-0.15589462,0
2.3599012,1.5198839,1.795696,0.14205755,-0.07114327,0.98729855,0
0.1345588,2.5727546,-1.8597021,-0.14205755,0.07114327,-0.98729855,0
-0.2721068,-1.1503507,1.9819895,0.14205755,-0.07114327,0.98729855,0
-0.17593354,2.6550901,-0.276088,0.26915848,0.96260852,0.030636311,0
-2.8499916,-1.8507979,1.5893948,-0.26915848,-0.96260852,-0.030636311,0
-1.1262674,-2.2653496,-0.52913666,-0.26915848,-0.96260852,-0.030636311,0
-1.5689799,-0.90955496,2.1859417,0.14205755,-0.07114327,0.98729855,0
-0.91142684,2.290658,-1.7295277,-0.14205755,0.07114327,-0.98729855,0
-2.0134478,1.6409398,0.98236787,-0.9525615,0.26138765,0.15589462,0
2.2826107,-0.73052883,-0.86418575,0.9525615,-0.26138765,-0.15589462,0
1.5241109,2.1938868,-0.72075582,0.26915848,0.96260852,0.030636311,0
2.1435044,-2.1054208,0.59110808,0.9525615,-0.26138765,-0.15589462,0
-1.3223965,1.811759,-1.704904,-0.14205755,0.07114327,-0.98729855,0
2.4041896,-1.0441401,0.40452671,0.9525615,-0.26138765,-0.15589462,0
0.12510657,-0.35018444,-2.068965,-0.14205755,0.07114327,-0.98729855,0
1.9928153,1.980813,1.8562745,0.26915848,0.96260852,0.030636311,0
0.84375364,1.3925431,2.0046711,0.14205755,-0.07114327,0.98729855,0
-1.6799089,3.0605388,0.19784665,0.26915848,0.96260852,0.030636311,0
-1.0426636,2.9317596,-1.3544343,0.26915848,0.96260852,0.030636311,0
1.0540189,-0.0034902096,-2.1776392,-0.14205755,0.07114327,-0.98729855,0
2.5988226,1.1283724,-2.0488462,0.9525615,-0.26138765,-0.15589462,0
-0.59092802,-2.0522721,1.962872,0.14205755,-0.07114327,0.98729855,0
1.9310739,2.109977,-1.6596913,0.26915848,0.96260852,0.030636311,0
2.8063188,1.779263,1.0419662,0.26915848,0.96260852,0.030636311,0
-2.3537188,1.0135387,-0.044826984,-0.9525615,0.26138765,0.15589462,0
0.030842543,-2.5546141,-1.6062135,-0.26915848,-0.96260852,-0.030636311,0
0.11241242,2.5377405,0.87781,0.26915848,0.96260852,0.030636311,0
1.3602172,-1.4186538,1.7277889,0.14205755,-0.07114327,0.98729855,0
-2.9967895,-1.1214174,-0.39450753,-0.9525615,0.26138765,0.15589462,0
-1.6336843,-0.38570869,2.2329993,0.14205755,-0.07114327,0.98729855,0
2.083781,-1.6843473,-0.47983038,0.9525615,-0.26138765,-0.15589462,0
2.6662767,1.132288,-1.6432476,0.9525615,-0.26138765,-0.15589462,0
1.5937679,2.0949235,1.7767394,0.26915848,0.96260852,0.030636311,0
-2.9655104,-1.0678551,-0.29318976,-0.9525615,0.26138765,0.15589462,0
1.1530042,0.89238739,1.924134,0.14205755,-0.07114327,0.98729855,0
-3.0025403,-1.4708393,0.1562258,-0.9525615,0.26138765,0.15589462,0
-0.40523076,2.7274225,-0.53429031,0.26915848,0.96260852,0.030636311,0
-0.63073212,2.3898609,-1.7627673,-0.14205755,0.07114327,-0.98729855,0
1.8433769,2.0980978,-0.51596832,0.26915848,0.96260852,0.030636311,0
2.203469,-0.78439218,-1.2574513,0.9525615,-0.26138765,-0.15589462,0
-0.72373962,2.8507922,-1.6123374,0.26915848,0.96260852,0.030636311,0
0.22027241,1.4579842,2.0990963,0.14205755,-0.07114327,0.98729855,0
-0.96068108,-1.3993597,-1.9883381,-0.14205755,0.07114327,-0.98729855,0
0.75084817,1.5445509,-2.0224676,-0.14205755,0.07114327,-0.98729855,0
-0.081608951,-1.4038794,-2.1151493,-0.14205755,0.07114327,-0.98729855,0
-2.2925797,2.0042393,-1.3323519,-0.9525615,0.26138765,0.15589462,0
2.400476,-0.89672303,0.13466364,0.9525615,-0.26138765,-0.15589462,0
2.7322037,1.7960945,1.1642569,0.26915848,0.96260852,0.030636311,0
1.1658,-0.82586575,-2.2529819,-0.14205755,0.07114327,-0.98729855,0
1.9451305,-2.5852394,0.18349552,0.9525615,-0.26138765,-0.15589462,0
-0.99650383,1.9957943,2.3129261,0.14205755,-0.07114327,0.98729855,0
2.2055745,-0.87013572,-1.1008207,0.9525615,-0.26138765,-0.15589462,0
1.150596,2.3387761,-1.991709,0.26915848,0.96260852,0.030636311,0
2.9101396,1.7754977,0.24814665,0.26915848,0.96260852,0.030636311,0
-2.2724924,1.9332943,-1.090659,-0.9525615,0.26138765,0.15589462,0
-2.1087794,1.5545889,0.54464746,-0.9525615,0.26138765,0.15589462,0
0.98319209,-2.5133114,-2.3483024,-0.14205755,0.07114327,-0.98729855,0
1.1358994,2.23629,1.3575828,0.26915848,0.96260852,0.030636311,0
-1.4333582,-0.42941761,-1.8504343,-0.14205755,0.07114327,-0.98729855,0
-2.1786635,1.4763765,0.24877489,-0.9525615,0.26138765,0.15589462,0
-1.9110993,0.76894796,-1.6953421,-0.14205755,0.07114327,-0.98729855,0
1.0676423,-1.7176437,-2.3031187,-0.14205755,0.07114327,-0.98729855,0
2.6104355,-0.47384018,0.70853138,0.9525615,-0.26138765,-0.15589462,0
2.5272439,-0.17901585,-0.29412362,0.9525615,-0.26138765,-0.15589462,0
-0.95306391,-2.331691,0.033644676,-0.26915848,-0.96260852,-0.030636311,0
-1.9741051,2.9306216,-0.93963909,-0.9525615,0.26138765,0.15589462,0
1.5612524,-2.6555748,-2.0441804,0.9525615,-0.26138765,-0.15589462,0
-0.23171657,-2.5271847,-0.16131115,-0.26915848,-0.96260852,-0.030636311,0
1.9722331,-2.1808112,1.5848088,0.14205755,-0.07114327,0.98729855,0
-1.8347752,1.6870219,1.9968429,-0.9525615,0.26138765,0.15589462,0
1.5810275,-0.033403397,1.7958366,0.14205755,-0.07114327,0.98729855,0
1.7841066,0.61047578,1.8130137,0.14205755,-0.07114327,0.98729855,0
-1.8847208,2.8665442,-0.28603649,-0.9525615,0.26138765,0.15589462,0
2.5195487,1.8905692,0.064110518,0.26915848,0.96260852,0.030636311,0
-1.961972,3.1268191,-1.1944668,-0.9525615,0.26138765,0.15589462,0
2.8645437,0.98774034,-0.18941808,0.9525615,-0.26138765,-0.15589462,0
-0.3911674,2.7300348,-0.73992443,0.26915848,0.96260852,0.030636311,0
-3.1226246,-0.8843689,-1.5608553,-0.9525615,0.26138765,0.15589462,0
0.22468284,-1.6197839,1.8766822,0.14205755,-0.07114327,0.98729855,0
