2.9286618,3.7790704,-1.6664214,-0.23194653,0.46439368,-0.854716,0
-2.3494759,0.76249194,-1.8730794,-0.23194653,0.46439368,-0.854716,0
2.7344925,-0.38762683,1.9722722,0.23194653,-0.46439368,0.854716,0
2.7468069,-0.67875683,1.2917507,0.83801359,-0.3507452,-0.41798472,0
-1.7499452,2.5784373,-0.88723838,-0.83801359,0.3507452,0.41798472,0
-3.8712611,-3.3064556,-1.2966959,-0.4938969,-0.81321371,-0.30781394,0
-3.1720932,-3.9646306,-0.67970181,-0.4938969,-0.81321371,-0.30781394,0
2.8246784,0.086244464,2.205267,0.23194653,-0.46439368,0.854716,0
-2.0520587,-0.45879817,1.0557047,-0.83801359,0.3507452,0.41798472,0
1.7549446,-1.4244592,-0.071081281,0.83801359,-0.3507452,-0.41798472,0
-1.8187352,-0.36477709,1.4445963,-0.83801359,0.3507452,0.41798472,0
2.6660416,3.9996428,1.3991778,0.4938969,0.81321371,0.30781394,0
-2.9089277,-3.3858151,-2.63113,-0.4938969,-0.81321371,-0.30781394,0
-2.6970894,0.46949005,-1.0164696,-0.83801359,0.3507452,0.41798472,0
1.4186862,-1.963913,-0.29256785,0.83801359,-0.3507452,-0.41798472,0
3.6349664,3.3633578,1.5255091,0.4938969,0.81321371,0.30781394,0
1.4677739,-1.8686328,-0.27410591,0.83801359,-0.3507452,-0.41798472,0
0.46537626,-2.4967515,-1.7567275,0.83801359,-0.3507452,-0.41798472,0
1.9997249,4.0973482,-1.2414031,-0.23194653,0.46439368,-0.854716,0
-1.1709046,1.4078429,1.2559605,-0.83801359,0.3507452,0.41798472,0
-3.1765304,-3.7558029,-1.2242825,-0.4938969,-0.81321371,-0.30781394,0
-0.44523525,3.3397386,1.0897284,-0.83801359,0.3507452,0.41798472,0
-3.9781938,-3.631103,-0.26743388,-0.4938969,-0.81321371,-0.30781394,0
-3.2773941,-2.0316226,-0.081147909,-0.83801359,0.3507452,0.41798472,0
-0.23813486,4.7776594,-0.26447487,-0.23194653,0.46439368,-0.854716,0
2.0627279,4.8042207,0.24159861,0.4938969,0.81321371,0.30781394,0
0.024756789,-3.1543295,-2.0883255,0.83801359,-0.3507452,-0.41798472,0
3.4248443,2.862536,3.1857777,0.4938969,0.81321371,0.30781394,0
-1.4593065,-2.1127849,2.173023,0.23194653,-0.46439368,0.854716,0
3.196878,1.3401755,2.7855618,0.23194653,-0.46439368,0.854716,0
-0.21160841,-0.57592249,-3.1804402,-0.23194653,0.46439368,-0.854716,0
2.9561558,4.1546879,0.52406716,0.4938969,0.81321371,0.30781394,0
1.7129296,4.5575867,1.4544432,0.4938969,0.81321371,0.30781394,0
2.495333,3.2399549,-1.8417462,-0.23194653,0.46439368,-0.854716,0
3.9805698,1.6916527,1.7762187,0.83801359,-0.3507452,-0.41798472,0
-4.3047571,-2.6230941,-2.4065123,-0.4938969,-0.81321371,-0.30781394,0
-1.3647907,1.6603777,-1.652447,-0.23194653,0.46439368,-0.854716,0
2.6201248,3.5221219,2.7344143,0.4938969,0.81321371,0.30781394,0
-1.0923678,1.4576629,1.3716125,-0.83801359,0.3507452,0.41798472,0
-0.98155737,-1.8540874,2.1839333,0.23194653,-0.46439368,0.854716,0
-3.1206536,-1.6955783,-0.048886657,-0.83801359,0.3507452,0.41798472,0
-1.7816211,2.1465821,-1.2751607,-0.23194653,0.46439368,-0.854716,0
-1.0440949,-4.5199914,-2.6269307,-0.4938969,-0.81321371,-0.30781394,0
2.2708666,3.8766165,-1.4349139,-0.23194653,0.46439368,-0.854716,0
2.5258243,1.4609134,-0.94676566,0.83801359,-0.3507452,-0.41798472,0
3.0381351,1.3489619,2.8334141,0.23194653,-0.46439368,0.854716,0
-2.2445076,-2.3431616,-3.5889621,-0.23194653,0.46439368,-0.854716,0
0.25983644,3.1322551,2.6774268,-0.83801359,0.3507452,0.41798472,0
-2.9481571,-3.6471515,-1.8777618,-0.4938969,-0.81321371,-0.30781394,0
2.7867,4.1056509,0.9255147,0.4938969,0.81321371,0.30781394,0
-1.9645619,-3.8548608,1.3636122,0.23194653,-0.46439368,0.854716,0
-3.1341698,-1.7270839,-0.049547434,-0.83801359,0.3507452,0.41798472,0
-2.1305051,-4.0782909,-2.0506823,-0.4938969,-0.81321371,-0.30781394,0
-1.9290265,-0.39001417,1.244652,-0.83801359,0.3507452,0.41798472,0
-1.4405739,-4.9000802,-0.9866128,-0.4938969,-0.81321371,-0.30781394,0
-1.7121567,-0.071431875,1.4121195,-0.83801359,0.3507452,0.41798472,0
1.2345285,4.220798,3.1118145,0.4938969,0.81321371,0.30781394,0
2.5735569,1.8657889,-1.1908121,0.83801359,-0.3507452,-0.41798472,0
-4.0315928,-2.9388304,-2.0106688,-0.4938969,-0.81321371,-0.30781394,0
1.8936312,-1.4117479,1.6440222,0.23194653,-0.46439368,0.854716,0
2.0506976,3.2551153,-1.7128474,-0.23194653,0.46439368,-0.854716,0
-3.648541,-2.6618845,-3.3569493,-0.4938969,-0.81321371,-0.30781394,0
3.1764388,0.78559327,0.92432946,0.83801359,-0.3507452,-0.41798472,0
2.0623503,4.3966861,1.3188696,0.4938969,0.81321371,0.30781394,0
1.7761745,3.4813564,4.1962562,0.4938969,0.81321371,0.30781394,0
-0.49421144,3.6866682,0.70041633,-0.83801359,0.3507452,0.41798472,0
2.3099737,4.3543577,1.0333779,0.4938969,0.81321371,0.30781394,0
-0.399818,2.4114316,1.9597594,-0.83801359,0.3507452,0.41798472,0
-0.68376994,-5.0991764,-1.6749349,-0.4938969,-0.81321371,-0.30781394,0
0.91419345,2.0405736,3.7855678,0.23194653,-0.46439368,0.854716,0
-1.2726679,2.611501,0.041905403,-0.83801359,0.3507452,0.41798472,0
1.0956547,0.20337045,2.7381151,0.23194653,-0.46439368,0.854716,0
2.4963667,3.4141588,3.2182155,0.4938969,0.81321371,0.30781394,0
3.9365659,2.7217546,2.7366354,0.4938969,0.81321371,0.30781394,0
1.4685018,1.2868702,3.2256334,0.23194653,-0.46439368,0.854716,0
0.95353234,4.6108818,2.5321178,0.4938969,0.81321371,0.30781394,0
1.8125725,4.9048328,0.37717295,0.4938969,0.81321371,0.30781394,0
1.267127,3.8336892,4.0822105,0.4938969,0.81321371,0.30781394,0
-2.1125298,-3.9404516,-2.4436812,-0.4938969,-0.81321371,-0.30781394,0
2.1982985,2.8062322,-1.9967937,-0.23194653,0.46439368,-0.854716,0
0.20417738,5.7375555,0.13703442,-0.23194653,0.46439368,-0.854716,0
-1.6266901,-1.0826559,2.4320228,-0.83801359,0.3507452,0.41798472,0
0.091911227,-1.9393258,-2.9732387,0.83801359,-0.3507452,-0.41798472,0
-0.43164104,-2.7358623,-3.3545027,0.83801359,-0.3507452,-0.41798472,0
2.5678196,3.9259315,1.7515152,0.4938969,0.81321371,0.30781394,0
-3.0186312,-4.1474571,1.4906809,0.23194653,-0.46439368,0.854716,0
-3.0211844,-1.0649955,-0.37860525,-0.83801359,0.3507452,0.41798472,0
-0.37758246,-2.8418989,-3.1571422,0.83801359,-0.3507452,-0.41798472,0
1.4547855,-1.4933386,1.7187823,0.23194653,-0.46439368,0.854716,0
-2.9660416,-3.4622712,-2.3374994,-0.4938969,-0.81321371,-0.30781394,0
-2.468318,-4.3242188,-0.85893321,-0.4938969,-0.81321371,-0.30781394,0
-2.6588802,-4.2567663,-0.73137283,-0.4938969,-0.81321371,-0.30781394,0
-2.4608915,-3.7182045,-2.471879,-0.4938969,-0.81321371,-0.30781394,0
-0.70806265,2.8978362,0.93360376,-0.83801359,0.3507452,0.41798472,0
-3.5360141,-3.0809433,-2.4303913,-0.4938969,-0.81321371,-0.30781394,0
0.9960494,-2.7752426,1.146773,0.23194653,-0.46439368,0.854716,0
3.3038197,3.7378278,1.0675328,0.4938969,0.81321371,0.30781394,0
4.0741129,3.2930522,1.0066271,0.4938969,0.81321371,0.30781394,0
2.0628862,0.41848069,2.5925107,0.23194653,-0.46439368,0.854716,0
-3.5440788,-2.6968265,-3.4284511,-0.23194653,0.46439368,-0.854716,0
-1.5868614,-5.0878577,-0.25580025,-0.4938969,-0.81321371,-0.30781394,0
1.5702381,4.7379899,1.2067885,0.4938969,0.81321371,0.30781394,0
0.14719522,-0.00034141541,2.8848183,0.23194653,-0.46439368,0.854716,0
3.8452199,3.7197146,0.24669194,0.4938969,0.81321371,0.30781394,0
0.19966507,-3.8671825,-1.1394742,0.83801359,-0.3507452,-0.41798472,0
1.7953551,5.1899624,-0.59229136,-0.23194653,0.46439368,-0.854716,0
2.2341177,4.4368758,0.93708706,0.4938969,0.81321371,0.30781394,0
-0.64543033,-4.4098334,-2.3784413,0.83801359,-0.3507452,-0.41798472,0
-1.6432467,-4.8663383,-0.75056124,-0.4938969,-0.81321371,-0.30781394,0
-2.9002714,-2.8337231,-3.6775432,-0.23194653,0.46439368,-0.854716,0
3.7611265,1.7613409,1.2777811,0.83801359,-0.3507452,-0.41798472,0
-2.4095266,-1.0575066,-2.8456447,-0.23194653,0.46439368,-0.854716,0
0.046232224,-1.5820394,2.0528316,0.23194653,-0.46439368,0.854716,0
-1.9444273,-3.4617226,-3.9781604,-0.4938969,-0.81321371,-0.30781394,0
-2.636147,-3.8091431,-1.9504254,-0.4938969,-0.81321371,-0.30781394,0
0.090613365,5.6066856,0.26177502,-0.83801359,0.3507452,0.41798472,0
-3.6321275,-2.6926472,-3.3020144,-0.4938969,-0.81321371,-0.30781394,0
3.7528341,3.0533996,2.1552649,0.4938969,0.81321371,0.30781394,0
2.5599415,4.1011162,1.3013365,0.4938969,0.81321371,0.30781394,0
-1.4589534,-2.8988934,-4.1040869,-0.23194653,0.46439368,-0.854716,0
-1.7182053,-4.0033031,-2.9103403,-0.4938969,-0.81321371,-0.30781394,0
-3.7119365,-3.2746742,-1.6363018,-0.4938969,-0.81321371,-0.30781394,0
0.64624596,1.8142371,-2.1145911,-0.23194653,0.46439368,-0.854716,0
-1.753787,-4.6197071,-1.2247701,-0.4938969,-0.81321371,-0.30781394,0
-3.8935323,-3.5307693,-0.66834784,-0.4938969,-0.81321371,-0.30781394,0
-1.1402571,-4.6029468,0.73345995,0.23194653,-0.46439368,0.854716,0
-3.6226022,-3.8324723,-0.30599403,-0.4938969,-0.81321371,-0.30781394,0
3.1041508,3.070925,-1.1383007,0.83801359,-0.3507452,-0.41798472,0
2.1596391,3.7750275,2.8051269,0.4938969,0.81321371,0.30781394,0
-2.9284661,-4.7093258,0.89680123,-0.4938969,-0.81321371,-0.30781394,0
-2.029639,1.415241,-0.47191638,-0.83801359,0.3507452,0.41798472,0
0.49414325,4.3073177,-0.7187469,-0.23194653,0.46439368,-0.854716,0
2.7705312,3.7278509,1.9495671,0.4938969,0.81321371,0.30781394,0
-2.565815,-1.1881442,-2.8742115,-0.23194653,0.46439368,-0.854716,0
3.7101445,2.7565298,3.0080624,0.4938969,0.81321371,0.30781394,0
1.2900043,-3.3646109,0.62481213,0.83801359,-0.3507452,-0.41798472,0
-0.40227509,-5.8431087,-0.16120863,-0.4938969,-0.81321371,-0.30781394,0
-0.44700587,-3.4947982,-2.7484589,0.83801359,-0.3507452,-0.41798472,0
3.3056195,2.1304412,0.054815054,0.83801359,-0.3507452,-0.41798472,0
3.0301018,4.499238,-0.50484824,0.4938969,0.81321371,0.30781394,0
1.1616578,3.7921216,3.9317634,-0.83801359,0.3507452,0.41798472,0
1.6493315,4.5812731,1.4939101,0.4938969,0.81321371,0.30781394,0
3.2264118,3.4615819,-1.220993,0.83801359,-0.3507452,-0.41798472,0
-1.8926979,-0.63283777,-2.755162,-0.23194653,0.46439368,-0.854716,0
1.3960394,4.6256599,1.7830596,0.4938969,0.81321371,0.30781394,0
-3.2617819,-1.8956962,-0.16390848,-0.83801359,0.3507452,0.41798472,0
-3.106657,-2.2696853,0.46092737,-0.83801359,0.3507452,0.41798472,0
0.82243693,0.67812252,-2.7796903,-0.23194653,0.46439368,-0.854716,0
0.12413931,5.6579504,0.28597307,-0.83801359,0.3507452,0.41798472,0
-3.6145678,-2.4196224,-0.43156028,-0.83801359,0.3507452,0.41798472,0
3.6586196,4.0729923,-0.86751842,0.83801359,-0.3507452,-0.41798472,0
1.8779943,4.6748886,0.87969208,0.4938969,0.81321371,0.30781394,0
0.017707467,-0.81307971,2.4783719,0.23194653,-0.46439368,0.854716,0
4.4434805,2.544569,2.3913825,0.4938969,0.81321371,0.30781394,0
0.50884318,-2.1731389,1.6061289,0.23194653,-0.46439368,0.854716,0
1.1922941,2.6072016,4.0179653,0.23194653,-0.46439368,0.854716,0
-1.891423,-5.0107388,0.029136658,-0.4938969,-0.81321371,-0.30781394,0
1.5226357,-1.4147621,-0.54497182,0.83801359,-0.3507452,-0.41798472,0
-2.626271,-3.8980424,-1.7314086,-0.4938969,-0.81321371,-0.30781394,0
3.4839668,3.8925705,-1.0662806,0.83801359,-0.3507452,-0.41798472,0
-2.2777424,-2.2190211,-3.5124941,-0.23194653,0.46439368,-0.854716,0
-1.4522735,-1.3076494,2.6085696,0.23194653,-0.46439368,0.854716,0
2.5928204,0.22254324,2.3422422,0.23194653,-0.46439368,0.854716,0
2.7051589,4.1082611,1.0494537,0.4938969,0.81321371,0.30781394,0
-3.2164381,-1.1491165,-0.6994791,-0.83801359,0.3507452,0.41798472,0
-0.42935848,-2.4982226,1.6841029,0.23194653,-0.46439368,0.854716,0
-0.020617723,-3.8663926,0.829813,0.23194653,-0.46439368,0.854716,0
-0.42642307,3.9478452,0.61716223,-0.83801359,0.3507452,0.41798472,0
0.15901624,-1.9311075,-2.8455968,0.83801359,-0.3507452,-0.41798472,0
-3.26653,-3.1017897,-2.8077128,-0.4938969,-0.81321371,-0.30781394,0
1.9546566,3.0109327,4.0304403,0.23194653,-0.46439368,0.854716,0
-2.6200519,-4.8879118,0.9802053,0.23194653,-0.46439368,0.854716,0
3.3270988,1.0784737,0.9806205,0.83801359,-0.3507452,-0.41798472,0
-1.4396385,-1.4825585,-3.3397894,-0.23194653,0.46439368,-0.854716,0
1.099231,-0.93490964,2.1186819,0.23194653,-0.46439368,0.854716,0
4.3808289,2.3131666,2.9929256,0.23194653,-0.46439368,0.854716,0
-2.1040161,-3.4993584,-3.6226656,-0.4938969,-0.81321371,-0.30781394,0
4.0569015,2.1126285,2.9718721,0.23194653,-0.46439368,0.854716,0
-4.1253524,-2.5346372,-2.9280658,-0.4938969,-0.81321371,-0.30781394,0
0.38206553,-2.9084816,1.2409983,0.23194653,-0.46439368,0.854716,0
-1.6595758,1.4771827,0.21804273,-0.83801359,0.3507452,0.41798472,0
2.7332373,2.9869637,-1.8114859,0.83801359,-0.3507452,-0.41798472,0
1.497072,0.44868445,-2.1599059,0.83801359,-0.3507452,-0.41798472,0
-2.8287785,-4.8259921,1.0450702,-0.4938969,-0.81321371,-0.30781394,0
3.1363499,2.0008936,-0.17584479,0.83801359,-0.3507452,-0.41798472,0
-2.2265744,-3.4141817,-3.6510446,-0.4938969,-0.81321371,-0.30781394,0
-0.57314682,4.3061924,0.022295475,-0.83801359,0.3507452,0.41798472,0
-2.1381717,-3.7914162,-2.7962744,-0.4938969,-0.81321371,-0.30781394,0
2.9659615,4.2409949,0.28031898,0.4938969,0.81321371,0.30781394,0
-1.9605366,-0.069477558,0.91250432,-0.83801359,0.3507452,0.41798472,0
2.9927845,4.3385029,-0.020326614,0.4938969,0.81321371,0.30781394,0
0.1644603,2.2137561,3.2569513,-0.83801359,0.3507452,0.41798472,0
-0.98469782,-4.6662431,-2.3358524,-0.4938969,-0.81321371,-0.30781394,0
2.9479125,4.1987724,-1.4436092,-0.23194653,0.46439368,-0.854716,0
1.0653253,-1.7817603,-1.1538686,0.83801359,-0.3507452,-0.41798472,0
0.99011135,-1.7213079,1.7210195,0.23194653,-0.46439368,0.854716,0
2.2591395,-1.1631486,0.72050065,0.83801359,-0.3507452,-0.41798472,0
2.9292955,1.0594524,2.7056508,0.23194653,-0.46439368,0.854716,0
-3.6707447,-3.7539034,-0.43631983,-0.4938969,-0.81321371,-0.30781394,0
1.902499,0.092933916,2.459156,0.23194653,-0.46439368,0.854716,0
4.2242851,1.4915253,2.5889843,0.23194653,-0.46439368,0.854716,0
2.0153689,2.8121951,-1.9439124,-0.23194653,0.46439368,-0.854716,0
-0.29945683,-3.2733107,1.2277219,0.23194653,-0.46439368,0.854716,0
1.7342323,3.7178438,3.6387782,0.4938969,0.81321371,0.30781394,0
2.8692989,4.1931949,0.56169987,0.4938969,0.81321371,0.30781394,0
-0.85412741,-0.22073567,-2.8130941,-0.23194653,0.46439368,-0.854716,0
-3.3446493,-3.9633176,-0.40629792,-0.4938969,-0.81321371,-0.30781394,0
0.4058063,4.2342668,2.0453455,-0.83801359,0.3507452,0.41798472,0
1.1948578,0.73564792,-2.8494999,-0.23194653,0.46439368,-0.854716,0
-3.6664228,-1.3578562,-1.4264886,-0.83801359,0.3507452,0.41798472,0
0.36371994,-4.4126353,-0.35285378,0.83801359,-0.3507452,-0.41798472,0
-2.5294452,-4.683588,1.066633,0.23194653,-0.46439368,0.854716,0
-2.1027887,-4.1471992,-1.9131041,-0.4938969,-0.81321371,-0.30781394,0
-1.6592108,0.31080937,1.1975181,-0.83801359,0.3507452,0.41798472,0
-1.1888628,-4.9321752,-1.3056989,-0.4938969,-0.81321371,-0.30781394,0
1.0241108,-0.2211628,-2.5460496,0.83801359,-0.3507452,-0.41798472,0
-4.1873035,-1.5198771,-2.3348408,-0.83801359,0.3507452,0.41798472,0
2.0383797,-0.11305118,-0.60327125,0.83801359,-0.3507452,-0.41798472,0
2.2684011,-0.86944783,0.49261442,0.83801359,-0.3507452,-0.41798472,0
-0.44561148,3.8451314,-0.7148428,-0.23194653,0.46439368,-0.854716,0
-1.3621835,2.5072503,-0.050083399,-0.83801359,0.3507452,0.41798472,0
1.4246222,2.6097817,3.9563196,0.23194653,-0.46439368,0.854716,0
-1.8958993,-1.2914293,2.0674767,-0.83801359,0.3507452,0.41798472,0
4.4551177,2.5528083,2.3509412,0.4938969,0.81321371,0.30781394,0
-1.5297992,2.9964018,-0.7965982,-0.83801359,0.3507452,0.41798472,0
3.426744,0.7744813,1.4354881,0.83801359,-0.3507452,-0.41798472,0
-1.9584725,-3.3681867,-4.2027359,-0.4938969,-0.81321371,-0.30781394,0
-3.2100458,-3.506254,-1.8297901,-0.4938969,-0.81321371,-0.30781394,0
-0.14174747,-4.3363986,-1.4302335,0.83801359,-0.3507452,-0.41798472,0
-3.3734546,-3.6336508,-1.2310255,-0.4938969,-0.81321371,-0.30781394,0
-1.050676,0.70412308,-2.2572517,-0.23194653,0.46439368,-0.854716,0
0.16230154,1.7895811,-1.996658,-0.23194653,0.46439368,-0.854716,0
1.2882224,-1.6868944,1.6588182,0.23194653,-0.46439368,0.854716,0
1.9935762,4.2170877,1.9037013,0.4938969,0.81321371,0.30781394,0
1.3361162,-2.4805951,-0.024546146,0.83801359,-0.3507452,-0.41798472,0
-2.748745,-2.630362,1.4811578,-0.83801359,0.3507452,0.41798472,0
-1.2194335,-3.4730017,1.3688803,0.23194653,-0.46439368,0.854716,0
-2.7905958,-3.0864234,-3.6119611,-0.4938969,-0.81321371,-0.30781394,0
-3.3770676,-1.0263499,-1.1245409,-0.83801359,0.3507452,0.41798472,0
-1.3066239,3.3590705,-0.74527979,-0.23194653,0.46439368,-0.854716,0
-1.0607598,-4.1491041,0.95847297,0.23194653,-0.46439368,0.854716,0
3.031019,0.6479423,0.74828589,0.83801359,-0.3507452,-0.41798472,0
-1.5004468,-0.19264936,1.938292,-0.83801359,0.3507452,0.41798472,0
3.8030097,4.0297136,-0.50456619,0.4938969,0.81321371,0.30781394,0
2.3728764,0.98820651,2.8179376,0.23194653,-0.46439368,0.854716,0
3.1718881,3.4787412,1.9637017,0.4938969,0.81321371,0.30781394,0
-1.6593444,-4.7084084,0.81702518,0.23194653,-0.46439368,0.854716,0
-3.814873,-1.5640395,-2.7394867,-0.23194653,0.46439368,-0.854716,0
1.484864,5.2226171,0.063437939,0.4938969,0.81321371,0.30781394,0
-2.7793789,0.31731117,-1.0537527,-0.83801359,0.3507452,0.41798472,0
1.2788451,4.4375191,-0.86095047,-0.23194653,0.46439368,-0.854716,0
-1.4871795,2.2311854,-0.069030523,-0.83801359,0.3507452,0.41798472,0
1.165301,-1.7424371,-0.98642552,0.83801359,-0.3507452,-0.41798472,0
2.6470451,4.2487531,0.77153444,0.4938969,0.81321371,0.30781394,0
-1.902537,-1.167797,-3.0431519,-0.23194653,0.46439368,-0.854716,0
0.92417014,2.5412447,4.0548906,0.23194653,-0.46439368,0.854716,0
-0.38713145,-0.3785342,-3.0255609,-0.23194653,0.46439368,-0.854716,0
1.8019992,-1.2934382,-0.086685419,0.83801359,-0.3507452,-0.41798472,0
-1.3015831,2.2362018,-1.3567369,-0.23194653,0.46439368,-0.854716,0
1.8397161,2.5682445,-2.0287907,-0.23194653,0.46439368,-0.854716,0
-3.4095078,-1.1250738,-1.1067376,-0.83801359,0.3507452,0.41798472,0
-0.040264368,0.099068165,-2.8601949,-0.23194653,0.46439368,-0.854716,0
3.4861958,4.5004148,-1.2397749,0.4938969,0.81321371,0.30781394,0
-0.59858799,-0.61237264,-3.0952289,-0.23194653,0.46439368,-0.854716,0
-1.3431154,-4.4783278,-2.2572148,-0.4938969,-0.81321371,-0.30781394,0
2.9364367,3.7101836,-1.7059598,-0.23194653,0.46439368,-0.854716,0
2.0410187,1.4957719,-1.9479985,0.83801359,-0.3507452,-0.41798472,0
-1.8579168,0.18017921,-2.3228636,-0.23194653,0.46439368,-0.854716,0
1.2121783,-1.1768415,1.9565818,0.23194653,-0.46439368,0.854716,0
-2.4020948,0.29222274,-0.27628639,-0.83801359,0.3507452,0.41798472,0
-2.1491342,-3.8912349,-2.5149739,-0.4938969,-0.81321371,-0.30781394,0
1.9598403,4.7441673,0.56533957,0.4938969,0.81321371,0.30781394,0
0.15678883,0.51932204,-2.6853328,-0.23194653,0.46439368,-0.854716,0
1.7299771,4.0552807,2.7541316,0.4938969,0.81321371,0.30781394,0
-1.1217711,2.9585431,0.053222179,-0.83801359,0.3507452,0.41798472,0
3.4615374,2.9023752,3.0216508,0.4938969,0.81321371,0.30781394,0
0.82501459,3.4054654,-1.2985404,-0.23194653,0.46439368,-0.854716,0
-1.4226403,-4.2454557,1.0043273,0.23194653,-0.46439368,0.854716,0
3.2775593,0.44432485,2.2769237,0.23194653,-0.46439368,0.854716,0
1.5634431,3.6627803,4.0582876,0.4938969,0.81321371,0.30781394,0
1.4600711,-1.817201,-0.33270693,0.83801359,-0.3507452,-0.41798472,0
3.1707206,3.5168271,1.8649557,0.4938969,0.81321371,0.30781394,0
-1.3905238,-1.0610952,2.7257729,0.23194653,-0.46439368,0.854716,0
-3.0088236,-1.86806,-3.1234105,-0.23194653,0.46439368,-0.854716,0
-3.2204568,0.079588652,-2.0077615,-0.23194653,0.46439368,-0.854716,0
-0.78949738,-3.7174706,1.1193798,0.23194653,-0.46439368,0.854716,0
1.9426186,2.1764545,-2.269587,-0.23194653,0.46439368,-0.854716,0
-2.6289787,-3.159761,1.921586,0.23194653,-0.46439368,0.854716,0
-0.44695294,-3.9815004,-2.3399439,0.83801359,-0.3507452,-0.41798472,0
0.70148683,4.9951558,1.92132,0.4938969,0.81321371,0.30781394,0
1.1577256,2.3493977,-1.9626231,-0.23194653,0.46439368,-0.854716,0
-2.7708323,-4.3806734,-0.22439289,-0.4938969,-0.81321371,-0.30781394,0
0.52712804,-1.2130656,-2.7101066,0.83801359,-0.3507452,-0.41798472,0
-1.1623375,3.3455307,-0.35284328,-0.83801359,0.3507452,0.41798472,0
-2.0454714,-3.6838803,-3.2291138,-0.4938969,-0.81321371,-0.30781394,0
-0.0098293424,-1.3714232,-3.653764,0.83801359,-0.3507452,-0.41798472,0
-3.0567021,-1.4209783,-0.1510973,-0.83801359,0.3507452,0.41798472,0
0.050519705,-3.4452674,1.0393186,0.23194653,-0.46439368,0.854716,0
-1.1827378,3.3788738,-0.4217236,-0.83801359,0.3507452,0.41798472,0
-4.0178494,-1.8106688,-1.7510905,-0.83801359,0.3507452,0.41798472,0
-1.4528736,-4.2858295,-2.5896654,-0.4938969,-0.81321371,-0.30781394,0
2.1733439,5.0943398,-0.70235395,0.4938969,0.81321371,0.30781394,0
3.0815568,4.1987963,0.20632696,0.4938969,0.81321371,0.30781394,0
4.1559987,2.4459083,3.1133068,0.4938969,0.81321371,0.30781394,0
-1.8785167,-3.1282578,-4.1148496,-0.23194653,0.46439368,-0.854716,0
-3.5753422,-4.3548622,0.998276,-0.4938969,-0.81321371,-0.30781394,0
1.2938964,-0.065237045,-2.1360011,0.83801359,-0.3507452,-0.41798472,0
-3.0967147,-0.87668127,-2.5609124,-0.23194653,0.46439368,-0.854716,0
-3.0394931,-0.96298766,-0.50091052,-0.83801359,0.3507452,0.41798472,0
0.6521759,-1.8174813,1.7604721,0.23194653,-0.46439368,0.854716,0
3.4312496,0.97647303,2.524349,0.23194653,-0.46439368,0.854716,0
0.33943343,2.6884067,3.2094584,-0.83801359,0.3507452,0.41798472,0
-0.6677857,-2.8130081,-3.763212,0.83801359,-0.3507452,-0.41798472,0
-0.61436701,-4.5344019,0.62799025,0.23194653,-0.46439368,0.854716,0
1.1106682,3.0125403,4.2603498,0.23194653,-0.46439368,0.854716,0
0.83681166,2.2017255,3.8941259,0.23194653,-0.46439368,0.854716,0
-4.1201096,-3.1967788,-1.1871667,-0.4938969,-0.81321371,-0.30781394,0
0.90909958,-3.9072835,0.31651521,0.83801359,-0.3507452,-0.41798472,0
2.4814298,-0.51716614,0.62410235,0.83801359,-0.3507452,-0.41798472,0
1.2525887,4.9723492,1.0973125,0.4938969,0.81321371,0.30781394,0
1.5275656,3.728797,3.9414444,0.4938969,0.81321371,0.30781394,0
2.048337,2.2621565,3.5981851,0.23194653,-0.46439368,0.854716,0
0.58512235,4.876173,1.866209,-0.83801359,0.3507452,0.41798472,0
-0.70760345,3.1130581,-1.0415037,-0.23194653,0.46439368,-0.854716,0
3.0735292,0.27567101,1.1459004,0.83801359,-0.3507452,-0.41798472,0
-0.31073189,3.1006837,1.5599926,-0.83801359,0.3507452,0.41798472,0
-0.27922532,-2.4151971,-3.318007,0.83801359,-0.3507452,-0.41798472,0
-0.28046846,-3.1482759,-2.7053485,0.83801359,-0.3507452,-0.41798472,0
2.1037061,4.2876697,-1.1662138,-0.23194653,0.46439368,-0.854716,0
-2.6874852,-1.0111475,-2.7450259,-0.23194653,0.46439368,-0.854716,0
-0.44802535,-3.6779594,-2.5968056,0.83801359,-0.3507452,-0.41798472,0
2.0448816,4.6699829,0.62487555,0.4938969,0.81321371,0.30781394,0
3.946157,0.96807027,2.3800516,0.23194653,-0.46439368,0.854716,0
-1.7366796,-3.1026084,-4.1394043,-0.23194653,0.46439368,-0.854716,0
-0.94717765,-5.2700558,-0.80084324,-0.4938969,-0.81321371,-0.30781394,0
-0.81471986,-0.66198719,-3.0635338,-0.23194653,0.46439368,-0.854716,0
2.2593868,4.25211,1.3846743,0.4938969,0.81321371,0.30781394,0
2.7063215,2.1506808,-1.1636957,0.83801359,-0.3507452,-0.41798472,0
-2.1735377,0.96538687,-0.38292962,-0.83801359,0.3507452,0.41798472,0
-1.1396663,-5.2855487,-0.45105982,-0.4938969,-0.81321371,-0.30781394,0
1.5119574,4.1186514,2.936532,0.4938969,0.81321371,0.30781394,0
2.3055379,3.9520833,2.1032641,0.4938969,0.81321371,0.30781394,0
-2.2313592,0.18845844,0.15309173,-0.83801359,0.3507452,0.41798472,0
-1.6784337,-2.7594976,1.8811092,0.23194653,-0.46439368,0.854716,0
-0.30543923,-4.6771321,-1.4724965,0.83801359,-0.3507452,-0.41798472,0
-1.1662788,-5.2594109,-0.47741079,-0.4938969,-0.81321371,-0.30781394,0
1.8817353,3.7209692,3.3938482,0.4938969,0.81321371,0.30781394,0
2.8239837,3.0387268,3.6843982,0.4938969,0.81321371,0.30781394,0
2.8344018,4.3133631,0.30022192,0.4938969,0.81321371,0.30781394,0
1.9019442,-0.33994198,-0.68641806,0.83801359,-0.3507452,-0.41798472,0
0.68866253,-3.9119205,0.61259723,0.23194653,-0.46439368,0.854716,0
0.87936068,3.9585724,-1.0127685,-0.23194653,0.46439368,-0.854716,0
-2.1481233,-0.84130347,-2.7991126,-0.23194653,0.46439368,-0.854716,0
1.0398602,-0.63351178,-2.1684577,0.83801359,-0.3507452,-0.41798472,0
-0.76583767,-2.9916663,-3.8098769,0.83801359,-0.3507452,-0.41798472,0
0.90809888,3.7161076,3.4871919,-0.83801359,0.3507452,0.41798472,0
2.9724312,0.65507197,2.4742324,0.23194653,-0.46439368,0.854716,0
-1.8748175,-3.9039478,-2.9215374,-0.4938969,-0.81321371,-0.30781394,0
-1.6450884,-4.9518347,0.68089628,0.23194653,-0.46439368,0.854716,0
1.5462799,0.26980448,-1.9111452,0.83801359,-0.3507452,-0.41798472,0
-2.3700137,-4.4628639,-0.65037918,-0.4938969,-0.81321371,-0.30781394,0
0.805655,4.7190971,-0.57954979,-0.23194653,0.46439368,-0.854716,0
-1.94733,-0.08272849,-2.4414451,-0.23194653,0.46439368,-0.854716,0
-1.9224267,-4.8516836,-0.34132481,-0.4938969,-0.81321371,-0.30781394,0
-1.9659252,-4.2811975,-1.7786963,-0.4938969,-0.81321371,-0.30781394,0
-1.6653624,1.0287663,-1.914054,-0.23194653,0.46439368,-0.854716,0
0.76938224,-3.4051702,-0.3849442,0.83801359,-0.3507452,-0.41798472,0
-0.37136006,1.3332121,-2.0997961,-0.23194653,0.46439368,-0.854716,0
-3.7625847,-3.8984971,0.093042612,-0.4938969,-0.81321371,-0.30781394,0
1.7548155,4.2432323,2.2177286,0.4938969,0.81321371,0.30781394,0
3.2688882,4.2133017,-1.5228183,-0.23194653,0.46439368,-0.854716,0
-0.14900041,-3.1736701,1.24103,0.23194653,-0.46439368,0.854716,0
2.4253688,4.8293962,-0.40677881,0.4938969,0.81321371,0.30781394,0
2.596113,3.4422736,2.9838929,0.4938969,0.81321371,0.30781394,0
4.453445,2.3904071,2.7826731,0.4938969,0.81321371,0.30781394,0
-3.0611515,-0.92626566,-2.5975041,-0.23194653,0.46439368,-0.854716,0
1.5103765,5.1785932,-0.5211339,-0.23194653,0.46439368,-0.854716,0
-1.7720057,0.97296417,0.41574031,-0.83801359,0.3507452,0.41798472,0
1.0669179,5.3233891,0.46781635,0.4938969,0.81321371,0.30781394,0
-1.0763164,-5.3995709,-0.25146961,-0.4938969,-0.81321371,-0.30781394,0
-0.28428745,3.574625,-0.90559649,-0.23194653,0.46439368,-0.854716,0
1.5919106,-2.9448755,0.87788701,0.83801359,-0.3507452,-0.41798472,0
1.6889327,-1.4374838,-0.19249785,0.83801359,-0.3507452,-0.41798472,0
0.75846875,-2.9841762,-0.76009417,0.83801359,-0.3507452,-0.41798472,0
1.2732911,5.0364823,0.89466047,0.4938969,0.81321371,0.30781394,0
0.148772,-1.5622361,2.0357647,0.23194653,-0.46439368,0.854716,0
3.2221117,4.4689379,-0.73288274,0.4938969,0.81321371,0.30781394,0
-3.4358587,-0.13137555,-1.9934148,-0.83801359,0.3507452,0.41798472,0
-2.2721286,-0.027934551,0.25293663,-0.83801359,0.3507452,0.41798472,0
-2.1759534,-1.8677926,1.989645,-0.83801359,0.3507452,0.41798472,0
1.1944278,-1.1784235,1.9605395,0.23194653,-0.46439368,0.854716,0
-2.5825787,-3.728467,-2.2495158,-0.4938969,-0.81321371,-0.30781394,0
-1.5460713,-3.3320398,1.5341096,0.23194653,-0.46439368,0.854716,0
-0.72274971,-5.533843,-0.46404457,-0.4938969,-0.81321371,-0.30781394,0
1.7099607,3.6042705,3.9777713,0.4938969,0.81321371,0.30781394,0
1.1006527,1.2935586,-2.5208051,-0.23194653,0.46439368,-0.854716,0
-2.3738687,-3.2431736,-3.8664935,-0.4938969,-0.81321371,-0.30781394,0
2.284313,1.7412884,-1.666242,0.83801359,-0.3507452,-0.41798472,0
0.25548768,-4.2805476,-0.68068695,0.83801359,-0.3507452,-0.41798472,0
-2.3205891,-2.636704,-3.7278063,-0.23194653,0.46439368,-0.854716,0
-0.95348394,2.9476321,0.39977527,-0.83801359,0.3507452,0.41798472,0
-2.4327936,-2.6850924,-3.7236481,-0.23194653,0.46439368,-0.854716,0
1.803776,4.6283016,1.1218548,0.4938969,0.81321371,0.30781394,0
-2.8386059,-1.3687627,0.24234617,-0.83801359,0.3507452,0.41798472,0
1.9778206,3.354377,4.2081766,0.4938969,0.81321371,0.30781394,0
-3.7159622,-3.90044,0.023368835,-0.4938969,-0.81321371,-0.30781394,0
0.041125298,-4.7947555,-0.67897081,0.83801359,-0.3507452,-0.41798472,0
0.82501149,-3.4915996,-0.20088768,0.83801359,-0.3507452,-0.41798472,0
-1.0606719,-3.4452868,-4.020339,0.83801359,-0.3507452,-0.41798472,0
-1.6027181,-4.8552046,-0.84500408,-0.4938969,-0.81321371,-0.30781394,0
-0.82099795,-5.0914621,-1.4751291,-0.4938969,-0.81321371,-0.30781394,0
-1.8595407,1.8522561,-0.49760211,-0.83801359,0.3507452,0.41798472,0
-1.5694462,-3.802882,-3.6785204,-0.4938969,-0.81321371,-0.30781394,0
1.1320529,-0.94729328,-1.7203164,0.83801359,-0.3507452,-0.41798472,0
-2.8079069,-3.784065,-1.7410853,-0.4938969,-0.81321371,-0.30781394,0
-3.5978072,-3.8275464,-0.35879254,-0.4938969,-0.81321371,-0.30781394,0
3.8002155,3.1645408,0.17867756,0.83801359,-0.3507452,-0.41798472,0
3.5047133,0.66069901,1.687287,0.83801359,-0.3507452,-0.41798472,0
-0.23347282,4.7112451,-0.301826,-0.23194653,0.46439368,-0.854716,0
-2.2770281,-3.9500124,-2.1544795,-0.4938969,-0.81321371,-0.30781394,0
0.89123344,-3.1471887,-0.35712647,0.83801359,-0.3507452,-0.41798472,0
-2.2773926,-4.802443,0.098140717,-0.4938969,-0.81321371,-0.30781394,0
-0.6879943,0.26072788,3.1867261,-0.83801359,0.3507452,0.41798472,0
3.7792411,2.8677602,0.38566518,0.83801359,-0.3507452,-0.41798472,0
-1.0829906,-1.9407177,2.1643906,0.23194653,-0.46439368,0.854716,0
3.669405,4.2253318,-0.80699801,0.4938969,0.81321371,0.30781394,0
1.682652,5.0866642,0.10525465,0.4938969,0.81321371,0.30781394,0
-2.6513624,-0.16344404,-2.294245,-0.23194653,0.46439368,-0.854716,0
0.98625141,-1.9397075,-1.179864,0.83801359,-0.3507452,-0.41798472,0
3.7558408,2.8049397,2.8068473,0.4938969,0.81321371,0.30781394,0
2.2873569,-1.5613772,1.1112401,0.83801359,-0.3507452,-0.41798472,0
2.5423429,3.2692752,3.5272141,0.4938969,0.81321371,0.30781394,0
1.9470838,4.4006553,1.4933329,0.4938969,0.81321371,0.30781394,0
-0.92607641,-5.3466716,-0.63228893,-0.4938969,-0.81321371,-0.30781394,0
-3.6501374,-3.3112104,0.24528813,-0.83801359,0.3507452,0.41798472,0
0.69413996,-4.1809936,0.11522388,0.83801359,-0.3507452,-0.41798472,0
-2.7671053,-0.33190846,-0.48436302,-0.83801359,0.3507452,0.41798472,0
1.1804285,-1.2080016,1.9482678,0.23194653,-0.46439368,0.854716,0
-0.80493331,-5.2296762,0.30194092,0.23194653,-0.46439368,0.854716,0
3.5110872,2.0772014,3.1007426,0.23194653,-0.46439368,0.854716,0
0.60389876,4.5296783,-0.62771606,-0.23194653,0.46439368,-0.854716,0
-1.8973049,-3.6398096,-3.5832818,-0.4938969,-0.81321371,-0.30781394,0
-3.0947661,-1.2698572,-0.35422266,-0.83801359,0.3507452,0.41798472,0
-3.4141803,-1.9514668,-3.0587249,-0.23194653,0.46439368,-0.854716,0
-0.74760628,3.8694544,-0.61967444,-0.23194653,0.46439368,-0.854716,0
2.3307452,1.5718668,-1.4309826,0.83801359,-0.3507452,-0.41798472,0
-2.3048856,-4.863966,0.90768886,0.23194653,-0.46439368,0.854716,0
-0.40978318,1.1973662,2.9585438,-0.83801359,0.3507452,0.41798472,0
0.84548521,-2.0209544,1.5974598,0.23194653,-0.46439368,0.854716,0
0.38756847,-4.3207378,-0.38215446,0.83801359,-0.3507452,-0.41798472,0
1.2362156,-1.9361506,1.537503,0.23194653,-0.46439368,0.854716,0
-2.5181024,-3.4992507,-2.9585361,-0.4938969,-0.81321371,-0.30781394,0
-4.6666493,-2.2050459,-2.8566165,-0.23194653,0.46439368,-0.854716,0
0.22091839,-1.793651,-2.8368344,0.83801359,-0.3507452,-0.41798472,0
-1.1483657,-2.0026598,2.1484766,0.23194653,-0.46439368,0.854716,0
2.4373622,4.4704819,0.52219105,0.4938969,0.81321371,0.30781394,0
3.7864196,2.5128579,0.69786763,0.83801359,-0.3507452,-0.41798472,0
3.0387959,4.4569559,-0.40709472,0.4938969,0.81321371,0.30781394,0
1.2935092,-0.37213445,-1.8792498,0.83801359,-0.3507452,-0.41798472,0
1.8215996,4.4594049,1.5394652,0.4938969,0.81321371,0.30781394,0
-3.7811258,-3.5747833,-0.73242664,-0.4938969,-0.81321371,-0.30781394,0
-1.5387107,-0.47462425,-2.7652621,-0.23194653,0.46439368,-0.854716,0
-2.8462131,-0.29905581,-0.67053324,-0.83801359,0.3507452,0.41798472,0
-0.10264146,-0.81036007,2.5125089,0.23194653,-0.46439368,0.854716,0
-0.75397515,2.763757,0.95406508,-0.83801359,0.3507452,0.41798472,0
0.47577214,5.4248548,1.1482649,0.4938969,0.81321371,0.30781394,0
1.7633899,-0.98772055,1.9097536,0.23194653,-0.46439368,0.854716,0
2.565094,1.5366592,-0.93159461,0.83801359,-0.3507452,-0.41798472,0
3.1844573,2.8107989,3.5879669,0.23194653,-0.46439368,0.854716,0
-1.9286841,1.0093275,-1.8531574,-0.23194653,0.46439368,-0.854716,0
0.036320686,5.5841551,0.17182875,-0.83801359,0.3507452,0.41798472,0
-2.8333559,-3.4999413,-2.4508765,-0.4938969,-0.81321371,-0.30781394,0
-0.87315416,3.6086607,0.0061368942,-0.83801359,0.3507452,0.41798472,0
-1.2605348,-3.2709866,-4.3601017,-0.23194653,0.46439368,-0.854716,0
-2.5791116,0.86885405,-1.1150569,-0.83801359,0.3507452,0.41798472,0
2.3858669,0.10208654,-0.087127313,0.83801359,-0.3507452,-0.41798472,0
-2.120981,-0.57119417,1.0118384,-0.83801359,0.3507452,0.41798472,0
3.2245665,3.5998151,1.5593114,0.4938969,0.81321371,0.30781394,0
0.20158166,-2.3858204,-2.3786926,0.83801359,-0.3507452,-0.41798472,0
-1.9041783,0.14545202,0.8451426,-0.83801359,0.3507452,0.41798472,0
-2.1682665,1.3791194,-1.5872219,-0.23194653,0.46439368,-0.854716,0
-0.26140136,2.029758,2.5575447,-0.83801359,0.3507452,0.41798472,0
3.647449,1.7713563,1.041466,0.83801359,-0.3507452,-0.41798472,0
2.5588372,3.2600043,-1.8480864,-0.23194653,0.46439368,-0.854716,0
3.4761295,2.151716,3.1507158,0.23194653,-0.46439368,0.854716,0
-0.29715717,-0.48842072,2.7402148,0.23194653,-0.46439368,0.854716,0
-3.1560247,-2.5059824,0.5602355,-0.83801359,0.3507452,0.41798472,0
3.1314621,0.69816995,0.90751618,0.83801359,-0.3507452,-0.41798472,0
1.0208483,4.6503987,2.3197079,0.4938969,0.81321371,0.30781394,0
2.5761805,4.4168463,0.4411521,0.4938969,0.81321371,0.30781394,0
1.5098491,0.45896602,2.7645869,0.23194653,-0.46439368,0.854716,0
1.5227578,-1.5922812,-0.39576471,0.83801359,-0.3507452,-0.41798472,0
-3.821877,-1.917586,-1.2684692,-0.83801359,0.3507452,0.41798472,0
-0.30473971,-4.67205,-1.4753585,0.83801359,-0.3507452,-0.41798472,0
-2.0415552,-3.4898834,-3.7479174,-0.4938969,-0.81321371,-0.30781394,0
3.1167049,4.3480792,-1.4082918,-0.23194653,0.46439368,-0.854716,0
2.8118963,4.1570687,0.74924517,0.4938969,0.81321371,0.30781394,0
-2.6006415,0.42348528,-0.78449732,-0.83801359,0.3507452,0.41798472,0
3.8952222,1.9522047,1.3864681,0.83801359,-0.3507452,-0.41798472,0
-3.2527819,-1.9351676,-0.11274195,-0.83801359,0.3507452,0.41798472,0
0.99787521,2.1905551,-2.0055482,-0.23194653,0.46439368,-0.854716,0
-1.8219434,-0.19005813,-2.533787,-0.23194653,0.46439368,-0.854716,0
-1.7801552,-4.9125228,-0.40887213,-0.4938969,-0.81321371,-0.30781394,0
-3.7522323,-2.7286391,-3.0142145,-0.4938969,-0.81321371,-0.30781394,0
-2.4296889,0.47550398,-2.0072412,-0.23194653,0.46439368,-0.854716,0
-3.1343756,-0.42007375,-1.1467171,-0.83801359,0.3507452,0.41798472,0
1.043864,1.9924377,-2.1256716,-0.23194653,0.46439368,-0.854716,0
3.6473181,3.5874093,0.91376853,0.4938969,0.81321371,0.30781394,0
3.3034892,2.8764493,3.3437381,0.4938969,0.81321371,0.30781394,0
-1.4396973,-4.395144,0.92762542,0.23194653,-0.46439368,0.854716,0
3.7060537,3.3238497,1.5158241,0.4938969,0.81321371,0.30781394,0
-3.0801854,-1.4192533,-0.19962609,-0.83801359,0.3507452,0.41798472,0
-2.1604438,-2.9700809,-3.9523995,-0.23194653,0.46439368,-0.854716,0
-2.7547321,-3.9040408,1.5513213,0.23194653,-0.46439368,0.854716,0
0.50943983,-2.8125892,-1.4033544,0.83801359,-0.3507452,-0.41798472,0
1.1977766,-1.9210942,1.5561147,0.23194653,-0.46439368,0.854716,0
-2.5721521,-2.6052876,1.814167,-0.83801359,0.3507452,0.41798472,0
1.3080544,2.5039356,-1.9194531,-0.23194653,0.46439368,-0.854716,0
-0.31958151,0.99187756,3.3118212,-0.83801359,0.3507452,0.41798472,0
-3.9002104,-1.0866734,-2.122766,-0.83801359,0.3507452,0.41798472,0
-0.50595284,3.3322608,0.9742713,-0.83801359,0.3507452,0.41798472,0
1.3069725,4.9645395,1.0306845,0.4938969,0.81321371,0.30781394,0
-0.91572022,-4.7796078,-2.1470335,-0.4938969,-0.81321371,-0.30781394,0
0.85354424,4.9376979,1.8291368,0.4938969,0.81321371,0.30781394,0
2.8280296,3.8773549,1.4623351,0.4938969,0.81321371,0.30781394,0
-2.9586549,0.68293178,-1.7199861,-0.83801359,0.3507452,0.41798472,0
0.94276524,-3.0314128,-0.35096216,0.83801359,-0.3507452,-0.41798472,0
-4.30545,-2.246079,-1.96233,-0.83801359,0.3507452,0.41798472,0
-4.2084603,-3.2200637,-0.9838903,-0.4938969,-0.81321371,-0.30781394,0
-0.73957968,-3.7831969,-3.0930326,0.83801359,-0.3507452,-0.41798472,0
-3.1244917,-3.316328,-2.4688287,-0.4938969,-0.81321371,-0.30781394,0
-1.3931584,3.1969733,-0.69095421,-0.83801359,0.3507452,0.41798472,0
-0.33408466,-2.0051291,-3.7720962,0.83801359,-0.3507452,-0.41798472,0
-2.6493986,-3.1856523,-3.5763624,-0.4938969,-0.81321371,-0.30781394,0
-4.1042242,-2.8153398,-2.2203794,-0.4938969,-0.81321371,-0.30781394,0
-2.1848843,-1.9987262,-3.4180002,-0.23194653,0.46439368,-0.854716,0
3.4944959,2.6791136,-0.026918173,0.83801359,-0.3507452,-0.41798472,0
-2.8732724,-2.3354921,-3.4141655,-0.23194653,0.46439368,-0.854716,0
-2.7988532,-3.4133606,-2.7349758,-0.4938969,-0.81321371,-0.30781394,0
-1.3372557,-4.8091125,-1.3927174,-0.4938969,-0.81321371,-0.30781394,0
-4.3231621,-2.5023117,-1.7828282,-0.83801359,0.3507452,0.41798472,0
1.0528166,4.5054102,2.6514587,0.4938969,0.81321371,0.30781394,0
-0.80780005,-3.3988135,-3.552356,0.83801359,-0.3507452,-0.41798472,0
0.1215663,-4.1491017,-1.059485,0.83801359,-0.3507452,-0.41798472,0
-3.2754996,-3.3679082,-2.0902617,-0.4938969,-0.81321371,-0.30781394,0
0.30682254,3.9795156,2.0606632,-0.83801359,0.3507452,0.41798472,0
-3.6291678,-2.7481334,-3.1601739,-0.4938969,-0.81321371,-0.30781394,0
0.10716885,2.0053933,3.3169332,-0.83801359,0.3507452,0.41798472,0
3.9025583,2.4474189,3.1956589,0.23194653,-0.46439368,0.854716,0
3.1084733,3.5123367,1.9766963,0.4938969,0.81321371,0.30781394,0
-1.130208,-4.8163543,-1.7057996,-0.4938969,-0.81321371,-0.30781394,0
0.65191054,0.10922146,-3.0425158,-0.23194653,0.46439368,-0.854716,0
2.7900691,-0.7986871,1.479124,0.83801359,-0.3507452,-0.41798472,0
-3.4251618,-3.0642521,-2.6523542,-0.4938969,-0.81321371,-0.30781394,0
-0.46118695,0.64456344,3.319361,-0.83801359,0.3507452,0.41798472,0
1.7108238,3.6139834,3.9507265,0.4938969,0.81321371,0.30781394,0
-0.58668977,-2.147171,-3.9323611,-0.23194653,0.46439368,-0.854716,0
-3.3530602,-3.8503129,1.2932737,-0.83801359,0.3507452,0.41798472,0
3.8088775,0.97774243,2.0310612,0.83801359,-0.3507452,-0.41798472,0
-1.8125869,0.72317064,0.54398954,-0.83801359,0.3507452,0.41798472,0
1.3683431,4.0908132,3.2405117,0.4938969,0.81321371,0.30781394,0
0.39958763,5.7380905,0.44296789,0.4938969,0.81321371,0.30781394,0
0.67066503,4.8463793,2.0627131,-0.83801359,0.3507452,0.41798472,0
0.45277357,-4.3245678,-0.24821138,0.83801359,-0.3507452,-0.41798472,0
1.2505205,4.644475,1.9668424,0.4938969,0.81321371,0.30781394,0
-3.13797,-2.1718333,-3.2534132,-0.23194653,0.46439368,-0.854716,0
0.57781768,5.4357171,0.955832,0.4938969,0.81321371,0.30781394,0
2.2479749,2.9108379,3.8964574,0.23194653,-0.46439368,0.854716,0
1.5610887,2.5157487,3.8681955,0.23194653,-0.46439368,0.854716,0
-1.5855417,-1.8611209,2.3440166,0.23194653,-0.46439368,0.854716,0
1.185135,4.4078369,2.6969287,0.4938969,0.81321371,0.30781394,0
1.8363689,3.4294322,4.2368517,0.4938969,0.81321371,0.30781394,0
2.031276,-1.0048435,1.8277529,0.23194653,-0.46439368,0.854716,0
-2.1612525,0.86392462,-0.27315861,-0.83801359,0.3507452,0.41798472,0
-0.019956589,5.1895413,-0.099894524,-0.23194653,0.46439368,-0.854716,0
-1.7416629,-0.48487949,-2.7157586,-0.23194653,0.46439368,-0.854716,0
-2.3719168,1.6691993,-1.3743474,-0.23194653,0.46439368,-0.854716,0
-1.2658033,-4.9639835,-1.0982113,-0.4938969,-0.81321371,-0.30781394,0
4.0700908,3.2828813,0.62044501,0.83801359,-0.3507452,-0.41798472,0
-2.884259,-4.0645218,1.4992776,0.23194653,-0.46439368,0.854716,0
0.41860205,0.74004018,3.213438,0.23194653,-0.46439368,0.854716,0
-0.98615658,2.3963532,0.79686737,-0.83801359,0.3507452,0.41798472,0
2.5436056,3.8824944,1.9051239,0.4938969,0.81321371,0.30781394,0
1.7033854,2.9202013,-1.800565,-0.23194653,0.46439368,-0.854716,0
-0.15907431,4.2219887,-0.58784342,-0.23194653,0.46439368,-0.854716,0
-1.0822775,-0.88476175,-3.1119659,-0.23194653,0.46439368,-0.854716,0
1.4535897,4.9275899,0.89305067,0.4938969,0.81321371,0.30781394,0
3.1771791,4.6241665,-1.2746959,-0.23194653,0.46439368,-0.854716,0
-1.7659204,0.58748412,0.75140989,-0.83801359,0.3507452,0.41798472,0
2.6367955,-1.1986113,1.5074177,0.83801359,-0.3507452,-0.41798472,0
1.8516099,2.8580921,-1.8745352,-0.23194653,0.46439368,-0.854716,0
-3.1875784,-2.8663764,0.79939222,-0.83801359,0.3507452,0.41798472,0
3.5662599,3.0227985,2.5354738,0.4938969,0.81321371,0.30781394,0
2.4389668,4.1595173,1.3411543,0.4938969,0.81321371,0.30781394,0
2.542933,0.51793814,-0.12118188,0.83801359,-0.3507452,-0.41798472,0
