0.27682137,2.4581251,-0.71233994,0.20395613,0.97726077,-0.057994217,0
0.34541225,-2.6342015,-3.8164713,0.34979677,-0.12807587,-0.92802966,0
1.0900075,-2.974098,-3.1754074,-0.20395613,-0.97726077,0.057994217,0
-2.3947113,-1.0286131,3.5495405,-0.34979677,0.12807587,0.92802966,0
2.3272347,-1.6571587,-1.108701,0.9143545,-0.16899109,0.36796451,0
-0.46636581,2.8647707,3.5263782,0.20395613,0.97726077,-0.057994217,0
1.0527077,1.8789108,3.6823425,0.9143545,-0.16899109,0.36796451,0
0.5020045,-1.8591816,3.3340306,0.9143545,-0.16899109,0.36796451,0
2.151237,-0.47279155,-0.12743318,0.9143545,-0.16899109,0.36796451,0
-1.7787876,1.2442452,-0.44376877,-0.9143545,0.16899109,-0.36796451,0
-2.8081012,-1.7950764,2.9832826,-0.20395613,-0.97726077,0.057994217,0
0.28502136,-0.21979928,4.4479733,-0.34979677,0.12807587,0.92802966,0
1.3805629,-1.5281432,1.3029339,0.9143545,-0.16899109,0.36796451,0
-1.6930592,-2.109592,1.6047993,-0.20395613,-0.97726077,0.057994217,0
3.6690784,1.4124938,-3.0332808,0.9143545,-0.16899109,0.36796451,0
0.74052811,-2.619925,1.5636992,-0.20395613,-0.97726077,0.057994217,0
2.1466844,2.1277206,0.29601341,0.20395613,0.97726077,-0.057994217,0
-2.1646633,0.070019007,-0.024180651,-0.9143545,0.16899109,-0.36796451,0
-0.99930501,-2.5608454,-3.5594549,-0.20395613,-0.97726077,0.057994217,0
-1.3856651,2.9282393,1.3628699,0.20395613,0.97726077,-0.057994217,0
-1.250698,-2.0657539,3.8992214,-0.20395613,-0.97726077,0.057994217,0
2.2151201,-0.059497714,-0.096366405,0.9143545,-0.16899109,0.36796451,0
1.3752849,2.3509679,1.3450675,0.20395613,0.97726077,-0.057994217,0
-3.5542414,-0.95478857,2.958127,-0.9143545,0.16899109,-0.36796451,0
-0.83134007,-2.15835,3.8137016,-0.20395613,-0.97726077,0.057994217,0
-0.10678577,2.7438576,2.7534571,0.20395613,0.97726077,-0.057994217,0
-2.7089105,0.39346027,1.4767611,-0.9143545,0.16899109,-0.36796451,0
-2.7261629,-0.78110242,3.39045,-0.34979677,0.12807587,0.92802966,0
0.85767299,1.0055573,-4.1257057,0.34979677,-0.12807587,-0.92802966,0
-1.4634594,1.4957006,-1.1118447,-0.9143545,0.16899109,-0.36796451,0
0.69058776,2.2164462,-3.3297215,0.20395613,0.97726077,-0.057994217,0
-2.1706626,1.5698797,0.67955112,-0.9143545,0.16899109,-0.36796451,0
-1.6219221,-1.240375,3.870048,-0.34979677,0.12807587,0.92802966,0
-1.1290208,-1.319176,4.06671,-0.34979677,0.12807587,0.92802966,0
-1.2928864,2.4098151,3.4903133,-0.34979677,0.12807587,0.92802966,0
2.2340808,1.8893989,-3.4125886,0.20395613,0.97726077,-0.057994217,0
2.3403044,1.9107776,0.49742967,0.9143545,-0.16899109,0.36796451,0
0.017085791,-2.447809,1.9197983,-0.20395613,-0.97726077,0.057994217,0
0.95241165,-1.9640698,-3.6801627,0.34979677,-0.12807587,-0.92802966,0
-2.2631617,1.6928773,3.2235363,-0.34979677,0.12807587,0.92802966,0
-1.2528894,2.6005254,-1.1276881,-0.9143545,0.16899109,-0.36796451,0
-2.8765562,-0.66973543,3.3183937,-0.34979677,0.12807587,0.92802966,0
1.1042695,1.3046958,-4.0740409,0.34979677,-0.12807587,-0.92802966,0
0.90209043,-2.3748584,-3.6424379,0.34979677,-0.12807587,-0.92802966,0
2.1136286,-1.1485753,-0.34433985,0.9143545,-0.16899109,0.36796451,0
-0.57242513,2.8797331,3.4055145,0.20395613,0.97726077,-0.057994217,0
-0.23872137,2.7993646,3.2248104,0.20395613,0.97726077,-0.057994217,0
-1.1691432,-2.2130938,1.7032125,-0.20395613,-0.97726077,0.057994217,0
0.7438097,0.39457965,3.7682297,0.9143545,-0.16899109,0.36796451,0
-1.7154783,2.4983764,-0.025114894,-0.9143545,0.16899109,-0.36796451,0
1.8353345,0.88224459,1.2798653,0.9143545,-0.16899109,0.36796451,0
-0.73250651,-2.2520096,2.5830226,-0.20395613,-0.97726077,0.057994217,0
-0.63233423,2.7267771,0.61736435,0.20395613,0.97726077,-0.057994217,0
-2.5843358,0.43813527,1.1877229,-0.9143545,0.16899109,-0.36796451,0
-0.17400253,-1.1980109,-4.2104583,0.34979677,-0.12807587,-0.92802966,0
1.3869215,0.20488834,2.0830441,0.9143545,-0.16899109,0.36796451,0
-1.7196357,2.4696212,3.321207,-0.34979677,0.12807587,0.92802966,0
1.1790708,0.74961019,2.8497009,0.9143545,-0.16899109,0.36796451,0
0.49262023,-2.2130084,-3.8191137,0.34979677,-0.12807587,-0.92802966,0
-1.6389313,-2.0231528,-2.2918801,-0.9143545,0.16899109,-0.36796451,0
2.9100714,-2.2885337,-2.846956,0.9143545,-0.16899109,0.36796451,0
0.14545894,-2.4774163,1.8723531,-0.20395613,-0.97726077,0.057994217,0
3.2053916,-0.37979198,-3.0496039,0.34979677,-0.12807587,-0.92802966,0
-1.4458404,1.2295213,-1.2778711,-0.9143545,0.16899109,-0.36796451,0
-2.0220923,-2.0407465,1.6077595,-0.20395613,-0.97726077,0.057994217,0
-1.1000445,-2.4280982,-1.6768203,-0.20395613,-0.97726077,0.057994217,0
-0.12578726,2.402698,-3.0622492,0.20395613,0.97726077,-0.057994217,0
0.29859662,2.2718141,4.1092267,-0.34979677,0.12807587,0.92802966,0
-2.0700378,-1.9101603,3.6396503,-0.20395613,-0.97726077,0.057994217,0
0.13502729,1.6854343,-4.4919167,0.34979677,-0.12807587,-0.92802966,0
-0.67894828,2.2513916,-2.7142167,-0.9143545,0.16899109,-0.36796451,0
3.141727,-0.38236332,-2.5471699,0.9143545,-0.16899109,0.36796451,0
-1.6819351,2.9258382,0.28047502,0.20395613,0.97726077,-0.057994217,0
-1.567363,-2.32429,-1.5710323,-0.20395613,-0.97726077,0.057994217,0
2.280992,1.511247,-3.6590118,0.34979677,-0.12807587,-0.92802966,0
1.3368361,1.8925636,2.9825821,0.9143545,-0.16899109,0.36796451,0
-1.5246136,-2.0496652,3.2070181,-0.20395613,-0.97726077,0.057994217,0
-2.7244344,0.58419776,1.6029341,-0.9143545,0.16899109,-0.36796451,0
-0.82826805,-2.5077362,-2.0630031,-0.20395613,-0.97726077,0.057994217,0
0.86298203,2.197145,-3.0486846,0.20395613,0.97726077,-0.057994217,0
3.1811347,0.19012189,-2.382175,0.9143545,-0.16899109,0.36796451,0
-2.7435498,-1.5835866,0.65485847,-0.9143545,0.16899109,-0.36796451,0
1.6988897,-2.503329,-3.3243749,0.34979677,-0.12807587,-0.92802966,0
-0.73445034,-1.4658726,4.2356791,-0.34979677,0.12807587,0.92802966,0
-2.3425226,0.97263438,0.83231592,-0.9143545,0.16899109,-0.36796451,0
1.8197119,1.1255939,1.4304476,0.9143545,-0.16899109,0.36796451,0
2.623975,-1.7595412,-1.8930907,0.9143545,-0.16899109,0.36796451,0
-1.6791816,2.8145683,0.029905379,-0.9143545,0.16899109,-0.36796451,0
0.88096744,0.1549511,3.3173549,0.9143545,-0.16899109,0.36796451,0
-1.2167745,-2.4785423,-2.9373658,-0.20395613,-0.97726077,0.057994217,0
-2.7226157,1.356513,1.9531083,-0.9143545,0.16899109,-0.36796451,0
-1.8924165,-1.9652318,3.3363047,-0.20395613,-0.97726077,0.057994217,0
0.1606915,-2.7919314,-3.373965,-0.20395613,-0.97726077,0.057994217,0
1.7591366,-3.0191576,-1.581495,-0.20395613,-0.97726077,0.057994217,0
-0.11052513,1.6602647,4.0394173,-0.34979677,0.12807587,0.92802966,0
-1.4539378,-2.2413645,0.22525114,-0.20395613,-0.97726077,0.057994217,0
2.7517176,-0.19991189,-3.2454295,0.34979677,-0.12807587,-0.92802966,0
0.87370038,2.5383739,2.7390618,0.20395613,0.97726077,-0.057994217,0
1.2432352,1.508376,-4.0497708,0.34979677,-0.12807587,-0.92802966,0
-2.0579495,-0.90204084,3.6590061,-0.34979677,0.12807587,0.92802966,0
1.3229953,-3.0174959,-3.0873303,-0.20395613,-0.97726077,0.057994217,0
-2.1334653,-1.2225118,-0.69531095,-0.9143545,0.16899109,-0.36796451,0
-2.8861122,0.14062464,1.8009729,-0.9143545,0.16899109,-0.36796451,0
1.9891587,-1.7178255,-3.3233716,0.34979677,-0.12807587,-0.92802966,0
1.8516216,1.7521223,-3.854094,0.34979677,-0.12807587,-0.92802966,0
-2.7528253,-0.081094623,1.3679409,-0.9143545,0.16899109,-0.36796451,0
-1.9559406,-0.12730508,3.5905356,-0.34979677,0.12807587,0.92802966,0
0.41137111,-0.38619721,-4.1018538,0.34979677,-0.12807587,-0.92802966,0
-0.39088988,-2.6551623,-3.0090947,-0.20395613,-0.97726077,0.057994217,0
1.2730867,-2.8625822,-0.65240145,-0.20395613,-0.97726077,0.057994217,0
-0.3239758,2.8351023,3.5272009,0.20395613,0.97726077,-0.057994217,0
2.5781016,-1.7870202,-1.7917194,0.9143545,-0.16899109,0.36796451,0
2.0857992,1.4666703,0.92588854,0.9143545,-0.16899109,0.36796451,0
-0.21329623,0.30443883,4.1877956,-0.34979677,0.12807587,0.92802966,0
-2.7984419,-0.17617691,1.4376259,-0.9143545,0.16899109,-0.36796451,0
0.54314137,1.8962339,-4.3671808,0.34979677,-0.12807587,-0.92802966,0
-0.92010629,2.705409,-0.7547558,0.20395613,0.97726077,-0.057994217,0
-3.3027472,-1.680951,3.1668215,-0.20395613,-0.97726077,0.057994217,0
3.0192695,1.4823096,-1.3865066,0.9143545,-0.16899109,0.36796451,0
-3.3344858,-1.1676418,3.2145038,-0.34979677,0.12807587,0.92802966,0
-0.44283235,1.2098269,3.9763274,-0.34979677,0.12807587,0.92802966,0
-1.6597611,3.0928378,3.1725683,0.20395613,0.97726077,-0.057994217,0
-0.89571643,2.8811007,2.2915988,0.20395613,0.97726077,-0.057994217,0
-2.1147571,-0.24730244,3.547235,-0.34979677,0.12807587,0.92802966,0
1.7976956,2.2281644,1.9915202,0.9143545,-0.16899109,0.36796451,0
-1.1678938,2.8199773,0.30440867,0.20395613,0.97726077,-0.057994217,0
0.73160684,-2.1673431,2.6219659,0.9143545,-0.16899109,0.36796451,0
0.7600289,-0.48154414,3.3255589,0.9143545,-0.16899109,0.36796451,0
1.5253158,2.1600518,2.6370752,0.9143545,-0.16899109,0.36796451,0
0.92444932,0.70235014,3.460705,0.9143545,-0.16899109,0.36796451,0
-1.094786,1.1598973,3.7374809,-0.34979677,0.12807587,0.92802966,0
0.0036401749,2.7023041,2.4415874,0.20395613,0.97726077,-0.057994217,0
0.58029956,0.82990217,-4.2060122,0.34979677,-0.12807587,-0.92802966,0
-0.98164153,-2.338239,0.25379884,-0.20395613,-0.97726077,0.057994217,0
-0.93158078,2.3768291,3.6310503,-0.34979677,0.12807587,0.92802966,0
-2.2176373,-2.0450423,0.84766734,-0.20395613,-0.97726077,0.057994217,0
0.10894203,2.6382105,1.7318782,0.20395613,0.97726077,-0.057994217,0
-2.7442226,0.68001556,3.1819963,-0.34979677,0.12807587,0.92802966,0
0.197963,-2.7817583,-3.0714729,-0.20395613,-0.97726077,0.057994217,0
-0.09415555,2.6691384,1.5387796,0.20395613,0.97726077,-0.057994217,0
-1.6750069,1.6650944,3.4490602,-0.34979677,0.12807587,0.92802966,0
3.280818,-0.14750135,-3.0532317,0.34979677,-0.12807587,-0.92802966,0
2.2220683,-0.39122653,-3.418664,0.34979677,-0.12807587,-0.92802966,0
0.94331741,2.1639996,-3.3246927,0.20395613,0.97726077,-0.057994217,0
0.33584937,-0.13185382,4.4549947,-0.34979677,0.12807587,0.92802966,0
0.54766607,2.2583792,-3.125741,0.20395613,0.97726077,-0.057994217,0
-0.40257406,1.2402775,3.9872992,-0.34979677,0.12807587,0.92802966,0
2.6287611,1.9025842,-1.802371,0.20395613,0.97726077,-0.057994217,0
-1.6892803,2.2568748,-0.20112634,-0.9143545,0.16899109,-0.36796451,0
0.085489243,0.58380497,-4.3585548,0.34979677,-0.12807587,-0.92802966,0
-0.43081319,-0.50890124,4.2180562,-0.34979677,0.12807587,0.92802966,0
0.8084166,2.3633473,-0.43990445,0.20395613,0.97726077,-0.057994217,0
-0.36144114,0.22817016,-4.432373,-0.9143545,0.16899109,-0.36796451,0
1.089422,1.2131158,-4.066998,0.34979677,-0.12807587,-0.92802966,0
0.18891954,2.6343532,1.9481443,0.20395613,0.97726077,-0.057994217,0
-2.7977164,2.8724737,2.8592553,-0.34979677,0.12807587,0.92802966,0
-0.34668255,2.2449083,3.8697183,-0.34979677,0.12807587,0.92802966,0
1.8116345,0.10863662,0.98347121,0.9143545,-0.16899109,0.36796451,0
0.99711651,-0.82168829,-3.8209708,0.34979677,-0.12807587,-0.92802966,0
-0.79871237,-0.79882216,-3.8174536,-0.9143545,0.16899109,-0.36796451,0
-2.0837383,-2.134881,-1.237893,-0.9143545,0.16899109,-0.36796451,0
-3.5864177,-1.4764618,2.7984996,-0.9143545,0.16899109,-0.36796451,0
-1.7370294,-1.8176932,3.9063368,-0.34979677,0.12807587,0.92802966,0
2.4377475,0.6721009,-0.31357992,0.9143545,-0.16899109,0.36796451,0
-0.65454602,2.90136,3.4811497,0.20395613,0.97726077,-0.057994217,0
0.57974041,-0.64966488,3.6963468,0.9143545,-0.16899109,0.36796451,0
-2.7866745,-0.31498384,1.3446372,-0.9143545,0.16899109,-0.36796451,0
-1.427442,2.988497,3.3597333,-0.34979677,0.12807587,0.92802966,0
1.0810597,2.4801216,2.4866998,0.20395613,0.97726077,-0.057994217,0
-0.97260356,-0.80684209,-3.3890355,-0.9143545,0.16899109,-0.36796451,0
-2.2697897,2.7371664,3.0769176,-0.34979677,0.12807587,0.92802966,0
0.606534,2.2635431,-2.8316965,0.20395613,0.97726077,-0.057994217,0
-0.060135126,-2.2227643,-4.026114,0.34979677,-0.12807587,-0.92802966,0
-2.6207283,2.9546595,2.433892,-0.9143545,0.16899109,-0.36796451,0
-1.9564497,-2.1797209,-0.50324571,-0.20395613,-0.97726077,0.057994217,0
-3.2533019,-1.7605165,1.9999597,-0.20395613,-0.97726077,0.057994217,0
-0.42241287,2.1002572,-3.4210913,-0.9143545,0.16899109,-0.36796451,0
0.12412339,-0.10866845,-4.2484264,0.34979677,-0.12807587,-0.92802966,0
3.3640711,-0.0067148209,-2.9271531,0.9143545,-0.16899109,0.36796451,0
1.9461752,-1.8654046,-0.25744545,0.9143545,-0.16899109,0.36796451,0
-0.81056482,1.7797006,-2.6037917,-0.9143545,0.16899109,-0.36796451,0
1.9547644,1.3414605,-3.7585425,0.34979677,-0.12807587,-0.92802966,0
-0.4436996,2.2838001,3.8277833,-0.34979677,0.12807587,0.92802966,0
-2.1792076,0.052412629,0.0038735867,-0.9143545,0.16899109,-0.36796451,0
1.1057186,-0.98565769,2.2350364,0.9143545,-0.16899109,0.36796451,0
-1.1355773,2.8537397,0.98699117,0.20395613,0.97726077,-0.057994217,0
-1.730813,2.8678658,0.18268168,-0.9143545,0.16899109,-0.36796451,0
0.25226313,-0.10872841,-4.2001181,0.34979677,-0.12807587,-0.92802966,0
-0.66168094,2.8351183,2.339819,0.20395613,0.97726077,-0.057994217,0
-0.98300052,-1.9094839,-3.8695984,-0.9143545,0.16899109,-0.36796451,0
1.0323274,2.5538762,3.5581541,0.20395613,0.97726077,-0.057994217,0
1.2516978,2.4552455,2.6676149,0.20395613,0.97726077,-0.057994217,0
0.90399194,-2.2010391,2.1781311,0.9143545,-0.16899109,0.36796451,0
-0.76342225,-0.34225154,-3.6954618,-0.9143545,0.16899109,-0.36796451,0
1.3850754,0.77156919,-3.8946218,0.34979677,-0.12807587,-0.92802966,0
-0.84690177,0.67612684,3.8976791,-0.34979677,0.12807587,0.92802966,0
-2.4838645,-1.0085561,0.27365577,-0.9143545,0.16899109,-0.36796451,0
2.2633259,-3.1272235,-1.62936,-0.20395613,-0.97726077,0.057994217,0
-0.5591383,2.6050184,3.7399411,-0.34979677,0.12807587,0.92802966,0
0.28622794,-2.4696562,2.498179,-0.20395613,-0.97726077,0.057994217,0
-1.0862877,2.8361621,0.86413693,0.20395613,0.97726077,-0.057994217,0
2.1321709,0.79866457,-3.6167636,0.34979677,-0.12807587,-0.92802966,0
0.39816725,-2.5083039,2.2405984,-0.20395613,-0.97726077,0.057994217,0
2.9948921,0.15752876,-1.9343505,0.9143545,-0.16899109,0.36796451,0
-2.2753551,3.1607115,2.151365,0.20395613,0.97726077,-0.057994217,0
-1.8084686,-2.227478,-0.78757334,-0.20395613,-0.97726077,0.057994217,0
2.3390481,1.2530795,-3.6015,0.34979677,-0.12807587,-0.92802966,0
-1.6658802,-2.1533718,0.96264672,-0.20395613,-0.97726077,0.057994217,0
2.1383257,1.3365409,-3.6886749,0.34979677,-0.12807587,-0.92802966,0
1.1981806,-1.3404157,-3.6735959,0.34979677,-0.12807587,-0.92802966,0
-0.31545997,1.9931809,3.9162273,-0.34979677,0.12807587,0.92802966,0
-0.40441966,2.6065354,-0.60728538,0.20395613,0.97726077,-0.057994217,0
-1.5818534,-0.037010908,-1.5215588,-0.9143545,0.16899109,-0.36796451,0
-0.79357851,-0.94508362,-3.8973835,-0.9143545,0.16899109,-0.36796451,0
0.89993548,2.1740415,-3.3080411,0.20395613,0.97726077,-0.057994217,0
0.59603596,0.73605043,-4.1871285,0.34979677,-0.12807587,-0.92802966,0
-0.4496944,1.2022763,-3.7657058,-0.9143545,0.16899109,-0.36796451,0
-1.6244359,-0.11494803,-1.4515395,-0.9143545,0.16899109,-0.36796451,0
2.163713,-1.7342683,-0.73777926,0.9143545,-0.16899109,0.36796451,0
1.6861955,0.73336172,1.5820856,0.9143545,-0.16899109,0.36796451,0
1.6013288,1.3149669,-3.8881054,0.34979677,-0.12807587,-0.92802966,0
0.82262659,2.4839873,1.6429716,0.20395613,0.97726077,-0.057994217,0
-1.1055859,-1.3890564,-3.3259749,-0.9143545,0.16899109,-0.36796451,0
-1.8299181,-0.12399244,-0.94509053,-0.9143545,0.16899109,-0.36796451,0
-0.37568331,-2.3269215,2.5755713,-0.20395613,-0.97726077,0.057994217,0
1.8756834,1.8674656,-3.8609433,0.34979677,-0.12807587,-0.92802966,0
0.68191409,0.50977188,-4.1235309,0.34979677,-0.12807587,-0.92802966,0
1.5740328,-3.0074062,-3.3018699,0.34979677,-0.12807587,-0.92802966,0
-2.5376163,3.2301459,2.3990757,0.20395613,0.97726077,-0.057994217,0
-0.81805557,0.84447134,3.885319,-0.34979677,0.12807587,0.92802966,0
-1.2263883,1.3007708,3.6684353,-0.34979677,0.12807587,0.92802966,0
-2.4237754,0.40046501,3.341361,-0.34979677,0.12807587,0.92802966,0
0.36946106,-2.6267848,0.14312074,-0.20395613,-0.97726077,0.057994217,0
0.65798843,-0.60038841,3.5245388,0.9143545,-0.16899109,0.36796451,0
-2.3225217,-2.0473344,0.44018281,-0.20395613,-0.97726077,0.057994217,0
1.975595,1.8976276,1.3976574,0.9143545,-0.16899109,0.36796451,0
1.9101307,-3.0013347,-0.75013852,-0.20395613,-0.97726077,0.057994217,0
2.0481114,-2.2294402,-0.67793322,0.9143545,-0.16899109,0.36796451,0
-1.047787,1.1970581,-2.2819028,-0.9143545,0.16899109,-0.36796451,0
-1.3300469,-2.0952592,3.1229739,-0.20395613,-0.97726077,0.057994217,0
-1.6831776,-1.7321033,3.9148226,-0.34979677,0.12807587,0.92802966,0
0.94498992,2.488297,4.2298765,0.9143545,-0.16899109,0.36796451,0
0.31721282,2.5791259,1.4686952,0.20395613,0.97726077,-0.057994217,0
2.9010916,-1.457723,-2.4430838,0.9143545,-0.16899109,0.36796451,0
0.77566886,-2.8520041,-2.2234809,-0.20395613,-0.97726077,0.057994217,0
0.99136019,-2.9247124,-2.6901374,-0.20395613,-0.97726077,0.057994217,0
-0.49326777,-2.1577063,-4.1983509,0.34979677,-0.12807587,-0.92802966,0
-0.7498641,1.8680099,-2.7140701,-0.9143545,0.16899109,-0.36796451,0
-1.4941163,3.0497558,3.0291374,0.20395613,0.97726077,-0.057994217,0
1.1059029,2.3519325,0.41395247,0.20395613,0.97726077,-0.057994217,0
1.8053018,0.77246666,1.3040776,0.9143545,-0.16899109,0.36796451,0
1.3448961,-1.8742495,-3.5446222,0.34979677,-0.12807587,-0.92802966,0
2.222086,-3.1210055,-1.6696162,-0.20395613,-0.97726077,0.057994217,0
-0.64170849,2.6666226,-0.42926162,0.20395613,0.97726077,-0.057994217,0
-3.0277927,-0.2696594,3.2061753,-0.34979677,0.12807587,0.92802966,0
1.7232838,2.2877038,2.2037711,0.9143545,-0.16899109,0.36796451,0
-0.41565332,-0.66782176,4.2457032,-0.34979677,0.12807587,0.92802966,0
0.40772724,-2.5164566,2.1368375,-0.20395613,-0.97726077,0.057994217,0
0.15860915,2.7607853,3.9720538,0.20395613,0.97726077,-0.057994217,0
-0.22233772,2.7013011,3.8536012,-0.34979677,0.12807587,0.92802966,0
-0.85236752,2.6436985,-1.5564109,0.20395613,0.97726077,-0.057994217,0
1.646969,0.64862347,1.6406429,0.9143545,-0.16899109,0.36796451,0
1.6040097,-1.622153,-3.4817472,0.34979677,-0.12807587,-0.92802966,0
-1.0272009,-2.1871669,2.6392953,-0.20395613,-0.97726077,0.057994217,0
-2.3645179,3.1186075,2.9885695,-0.34979677,0.12807587,0.92802966,0
1.7138417,2.0149007,-3.1273539,0.20395613,0.97726077,-0.057994217,0
-1.8922762,-1.4415405,-1.3952338,-0.9143545,0.16899109,-0.36796451,0
-1.757603,2.5461726,3.2963312,-0.34979677,0.12807587,0.92802966,0
0.23237956,1.5610276,-4.4380531,0.34979677,-0.12807587,-0.92802966,0
-0.26208806,1.3945744,-4.1435738,-0.9143545,0.16899109,-0.36796451,0
-3.0626786,-0.24016225,3.1889544,-0.34979677,0.12807587,0.92802966,0
-0.52697682,-0.37434554,4.1632404,-0.34979677,0.12807587,0.92802966,0
-2.4894414,3.1674252,2.9347463,-0.34979677,0.12807587,0.92802966,0
1.0255291,2.4328351,1.4945794,0.20395613,0.97726077,-0.057994217,0
-1.4501768,2.8794467,0.31378734,0.20395613,0.97726077,-0.057994217,0
2.7630186,-0.69834667,-1.751236,0.9143545,-0.16899109,0.36796451,0
1.4987302,2.1701264,-1.268153,0.20395613,0.97726077,-0.057994217,0
-0.91906053,0.50849915,-2.9180017,-0.9143545,0.16899109,-0.36796451,0
-0.40996742,-1.4618464,-4.2629871,0.34979677,-0.12807587,-0.92802966,0
1.1531444,1.9937687,3.4855173,0.9143545,-0.16899109,0.36796451,0
-1.1948553,-1.2871764,-3.0573602,-0.9143545,0.16899109,-0.36796451,0
2.2158918,2.0082421,0.85134447,0.9143545,-0.16899109,0.36796451,0
-0.12573481,2.5695152,-0.25102857,0.20395613,0.97726077,-0.057994217,0
0.45259333,2.3454826,-1.9923166,0.20395613,0.97726077,-0.057994217,0
-0.49975622,2.5599179,-1.7281229,0.20395613,0.97726077,-0.057994217,0
-3.323688,-1.6453303,2.0680873,-0.9143545,0.16899109,-0.36796451,0
-2.3055396,-2.0457358,-0.64579844,-0.9143545,0.16899109,-0.36796451,0
-0.20012712,-0.69294071,-4.290009,0.34979677,-0.12807587,-0.92802966,0
-0.5208503,2.5503809,-1.9630142,0.20395613,0.97726077,-0.057994217,0
-2.013649,2.4424996,3.2141292,-0.34979677,0.12807587,0.92802966,0
-1.5573323,1.1666875,-1.0296823,-0.9143545,0.16899109,-0.36796451,0
1.0364518,2.315568,-0.44307506,0.20395613,0.97726077,-0.057994217,0
2.2177029,-1.6858698,-3.2416379,0.34979677,-0.12807587,-0.92802966,0
-0.50263739,-2.3639126,-4.1734247,0.34979677,-0.12807587,-0.92802966,0
0.37467518,-0.31953812,-4.1248846,0.34979677,-0.12807587,-0.92802966,0
0.5194025,-2.7660508,-1.6763331,-0.20395613,-0.97726077,0.057994217,0
-1.9722753,2.2774096,3.2525077,-0.34979677,0.12807587,0.92802966,0
-1.3383257,-2.2097142,1.1651731,-0.20395613,-0.97726077,0.057994217,0
-2.8652463,-1.0070971,1.2220204,-0.9143545,0.16899109,-0.36796451,0
-1.4848239,-1.8798857,4.0099812,-0.34979677,0.12807587,0.92802966,0
2.0787406,2.0442758,-1.3490658,0.20395613,0.97726077,-0.057994217,0
-2.7178974,1.6150074,2.0601001,-0.9143545,0.16899109,-0.36796451,0
-2.9376025,-1.0754333,3.3513732,-0.34979677,0.12807587,0.92802966,0
-1.5329094,-1.880372,-2.4897609,-0.9143545,0.16899109,-0.36796451,0
-0.72320509,2.7972834,1.4858896,0.20395613,0.97726077,-0.057994217,0
-1.5411602,2.9233141,3.3258657,-0.34979677,0.12807587,0.92802966,0
2.7327378,-0.95537317,-1.7940333,0.9143545,-0.16899109,0.36796451,0
-2.0608115,-0.02769649,-0.32711855,-0.9143545,0.16899109,-0.36796451,0
-0.60913956,0.2240448,4.0496888,-0.34979677,0.12807587,0.92802966,0
1.1490238,2.4515357,2.2440128,0.20395613,0.97726077,-0.057994217,0
1.780512,-0.36643422,0.84262681,0.9143545,-0.16899109,0.36796451,0
2.7683754,-0.23872483,-1.5534618,0.9143545,-0.16899109,0.36796451,0
1.9256716,-2.3843279,-0.44481599,0.9143545,-0.16899109,0.36796451,0
0.46801472,2.4127622,-0.80435729,0.20395613,0.97726077,-0.057994217,0
0.99536347,2.4945114,2.4278033,0.20395613,0.97726077,-0.057994217,0
2.285322,-0.77963865,-3.341218,0.34979677,-0.12807587,-0.92802966,0
0.1276114,-1.0270662,-4.1203642,0.34979677,-0.12807587,-0.92802966,0
-0.89556646,-2.3171508,0.91187465,-0.20395613,-0.97726077,0.057994217,0
-0.21118712,-2.7115657,-3.3275645,-0.20395613,-0.97726077,0.057994217,0
0.33974528,2.700561,3.5942419,0.20395613,0.97726077,-0.057994217,0
2.2861814,2.0826674,0.027412534,0.20395613,0.97726077,-0.057994217,0
-0.62512636,-0.81071448,-4.2542601,-0.9143545,0.16899109,-0.36796451,0
-0.63635695,0.83407235,-3.4709694,-0.9143545,0.16899109,-0.36796451,0
1.298964,-1.8719052,1.3478231,0.9143545,-0.16899109,0.36796451,0
1.5104771,1.5668104,-3.9571061,0.34979677,-0.12807587,-0.92802966,0
-1.962532,-1.9744208,2.93488,-0.20395613,-0.97726077,0.057994217,0
2.257498,-1.9362566,-1.0635908,0.9143545,-0.16899109,0.36796451,0
-0.88159376,-1.0841161,4.1275306,-0.34979677,0.12807587,0.92802966,0
-1.0078555,-2.105454,4.0842757,-0.20395613,-0.97726077,0.057994217,0
0.49642694,-2.4878969,2.9300385,-0.20395613,-0.97726077,0.057994217,0
1.7266953,2.2833719,2.1933045,0.9143545,-0.16899109,0.36796451,0
-0.12507969,-0.18758488,-4.3314652,0.34979677,-0.12807587,-0.92802966,0
-0.73978126,-1.0275183,4.173172,-0.34979677,0.12807587,0.92802966,0
-1.5749456,3.0464985,2.6899846,0.20395613,0.97726077,-0.057994217,0
1.0937706,1.0973454,3.2213647,0.9143545,-0.16899109,0.36796451,0
2.9070382,1.8723545,-1.3331275,0.20395613,0.97726077,-0.057994217,0
-1.2957642,2.5191643,-1.0585148,-0.9143545,0.16899109,-0.36796451,0
1.6790259,-2.4196503,-3.3434107,0.34979677,-0.12807587,-0.92802966,0
2.3074682,2.0666521,-0.16760206,0.20395613,0.97726077,-0.057994217,0
-1.460966,2.0204437,3.4806962,-0.34979677,0.12807587,0.92802966,0
1.1174076,0.10033464,-3.9028764,0.34979677,-0.12807587,-0.92802966,0
0.43580866,2.0130024,4.1966639,-0.34979677,0.12807587,0.92802966,0
0.23664498,2.3014562,-3.4936593,0.20395613,0.97726077,-0.057994217,0
1.0079933,-0.20178968,-3.9024217,0.34979677,-0.12807587,-0.92802966,0
-2.8274522,0.9183259,3.1177363,-0.34979677,0.12807587,0.92802966,0
3.2798305,1.710214,-2.7543073,0.20395613,0.97726077,-0.057994217,0
-0.66081643,-1.5784869,-4.3414412,0.34979677,-0.12807587,-0.92802966,0
2.4113867,1.9144287,-2.3672557,0.20395613,0.97726077,-0.057994217,0
-3.4477482,-1.5742513,3.2279286,-0.34979677,0.12807587,0.92802966,0
-1.403869,2.9847307,2.2507842,0.20395613,0.97726077,-0.057994217,0
-0.22537708,2.5692647,-0.60567397,0.20395613,0.97726077,-0.057994217,0
-1.8126779,-2.2818959,-1.7193723,-0.20395613,-0.97726077,0.057994217,0
0.8092581,-2.6977394,0.49415931,-0.20395613,-0.97726077,0.057994217,0
3.0776398,-1.1994408,-2.7631707,0.9143545,-0.16899109,0.36796451,0
1.9381349,2.2064228,0.88879025,0.20395613,0.97726077,-0.057994217,0
-1.9874041,-0.74297082,-0.83802533,-0.9143545,0.16899109,-0.36796451,0
1.6806397,1.7333825,2.0551596,0.9143545,-0.16899109,0.36796451,0
1.3176483,-2.8087037,0.41222396,-0.20395613,-0.97726077,0.057994217,0
-1.3327346,1.5683616,3.5914211,-0.34979677,0.12807587,0.92802966,0
-0.21287799,2.2012055,3.9261844,-0.34979677,0.12807587,0.92802966,0
0.66806388,-2.912672,-3.6242237,-0.20395613,-0.97726077,0.057994217,0
-3.2279644,0.34733105,3.0455756,-0.34979677,0.12807587,0.92802966,0
-2.4286168,-1.899758,2.5538743,-0.20395613,-0.97726077,0.057994217,0
-2.4129786,-0.6176796,3.4859428,-0.34979677,0.12807587,0.92802966,0
-0.96138507,0.55026031,-2.7936504,-0.9143545,0.16899109,-0.36796451,0
-1.8077564,-1.6311589,3.8539343,-0.34979677,0.12807587,0.92802966,0
1.133594,2.2739508,-0.80272949,0.20395613,0.97726077,-0.057994217,0
0.48072433,-2.2103746,-3.823961,0.34979677,-0.12807587,-0.92802966,0
-0.2713753,1.4785898,-4.0819106,-0.9143545,0.16899109,-0.36796451,0
0.69873202,0.56980252,3.9607162,0.9143545,-0.16899109,0.36796451,0
1.8909781,-1.7658519,-0.07456553,0.9143545,-0.16899109,0.36796451,0
0.89116353,-0.77042401,2.8670316,0.9143545,-0.16899109,0.36796451,0
-0.22348416,1.4093832,-4.2326999,-0.9143545,0.16899109,-0.36796451,0
-1.9352503,1.9162289,3.3163099,-0.34979677,0.12807587,0.92802966,0
-0.75912738,-2.2030156,3.3149958,-0.20395613,-0.97726077,0.057994217,0
-3.3340862,-0.44917452,2.6432722,-0.9143545,0.16899109,-0.36796451,0
-1.5411196,-2.2350883,0.024404407,-0.20395613,-0.97726077,0.057994217,0
-1.8497584,2.6384094,0.3728689,-0.9143545,0.16899109,-0.36796451,0
-1.8655474,-1.5701705,3.8237348,-0.34979677,0.12807587,0.92802966,0
2.2872837,1.9043698,-2.9732065,0.20395613,0.97726077,-0.057994217,0
1.2293389,1.9784505,-4.1198835,0.34979677,-0.12807587,-0.92802966,0
-2.5068684,-0.4440788,0.59005976,-0.9143545,0.16899109,-0.36796451,0
1.5036197,0.23567507,-3.7759829,0.34979677,-0.12807587,-0.92802966,0
0.83878493,1.4705765,-4.1970019,0.34979677,-0.12807587,-0.92802966,0
0.194904,-0.36772919,4.4344215,-0.34979677,0.12807587,0.92802966,0
-1.0771794,-2.4836469,-2.5324516,-0.20395613,-0.97726077,0.057994217,0
1.1200081,-1.0847287,-3.738348,0.34979677,-0.12807587,-0.92802966,0
1.6383344,-2.7821276,0.086494267,0.9143545,-0.16899109,0.36796451,0
0.78577185,-2.8420639,-3.6218033,0.34979677,-0.12807587,-0.92802966,0
-0.01648736,2.3554344,-3.4742999,0.20395613,0.97726077,-0.057994217,0
-1.0057909,-2.5443041,-3.3035297,-0.20395613,-0.97726077,0.057994217,0
1.0713533,-0.70215446,-3.8094859,0.34979677,-0.12807587,-0.92802966,0
-0.52923733,0.43498266,-3.9204361,-0.9143545,0.16899109,-0.36796451,0
-0.62871695,-2.1950665,3.9075804,-0.20395613,-0.97726077,0.057994217,0
-1.5681409,-0.86301208,-1.9349816,-0.9143545,0.16899109,-0.36796451,0
-1.4034115,1.292532,3.6028481,-0.34979677,0.12807587,0.92802966,0
1.3684552,2.2636964,3.0744588,0.9143545,-0.16899109,0.36796451,0
0.21169472,1.7677218,4.14604,-0.34979677,0.12807587,0.92802966,0
0.59523714,-0.85481787,3.5636201,0.9143545,-0.16899109,0.36796451,0
0.063282192,-0.68498409,4.4285936,-0.34979677,0.12807587,0.92802966,0
3.0618718,-1.2924801,-2.7667179,0.9143545,-0.16899109,0.36796451,0
-1.1741782,2.0430989,3.5856674,-0.34979677,0.12807587,0.92802966,0
-0.27076852,1.7991906,-3.9361799,-0.9143545,0.16899109,-0.36796451,0
0.67838752,-0.18459058,3.664808,0.9143545,-0.16899109,0.36796451,0
-0.51538777,-2.6033337,-2.5735712,-0.20395613,-0.97726077,0.057994217,0
-3.1696527,-1.7811321,1.9467402,-0.20395613,-0.97726077,0.057994217,0
-3.1091862,-1.8112822,1.6513331,-0.20395613,-0.97726077,0.057994217,0
0.084086657,2.5749047,0.57770306,0.20395613,0.97726077,-0.057994217,0
-0.062066972,-0.73296571,4.387969,-0.34979677,0.12807587,0.92802966,0
-0.98315084,0.6046443,-2.7145886,-0.9143545,0.16899109,-0.36796451,0
-1.5292796,2.8921528,0.24970591,0.20395613,0.97726077,-0.057994217,0
1.0571144,2.3176475,-0.33537185,0.20395613,0.97726077,-0.057994217,0
-1.8901727,1.1037867,3.445425,-0.34979677,0.12807587,0.92802966,0
-0.18535411,1.0988423,4.0886941,-0.34979677,0.12807587,0.92802966,0
-0.10330223,0.61055267,-4.4334059,0.34979677,-0.12807587,-0.92802966,0
-0.67043805,-2.6489987,-4.1973281,0.34979677,-0.12807587,-0.92802966,0
-2.5953057,2.2387753,3.0230048,-0.34979677,0.12807587,0.92802966,0
-0.94302797,-2.3357854,0.43094319,-0.20395613,-0.97726077,0.057994217,0
3.1173806,1.2202569,-3.303597,0.34979677,-0.12807587,-0.92802966,0
1.6759992,-1.5502574,0.55864894,0.9143545,-0.16899109,0.36796451,0
-1.8129708,0.67191625,-0.62167454,-0.9143545,0.16899109,-0.36796451,0
-0.39294708,1.8886235,-3.591506,-0.9143545,0.16899109,-0.36796451,0
2.4424539,0.31020409,-3.4323983,0.34979677,-0.12807587,-0.92802966,0
2.2298174,-0.014560103,-0.11224926,0.9143545,-0.16899109,0.36796451,0
2.9404955,-1.4221494,-2.5246623,0.9143545,-0.16899109,0.36796451,0
0.12126398,-2.783381,-3.3685443,-0.20395613,-0.97726077,0.057994217,0
2.3295932,-2.5339751,-3.0824184,0.34979677,-0.12807587,-0.92802966,0
0.82880688,0.78108448,-4.1056075,0.34979677,-0.12807587,-0.92802966,0
-2.1135821,2.8632314,3.1183972,-0.34979677,0.12807587,0.92802966,0
-1.9528604,-2.2060728,-0.93467599,-0.20395613,-0.97726077,0.057994217,0
1.6069629,1.989846,-3.9254231,0.20395613,0.97726077,-0.057994217,0
-3.0266654,0.38551188,2.2626994,-0.9143545,0.16899109,-0.36796451,0
-0.64090788,2.3061643,3.7503645,-0.34979677,0.12807587,0.92802966,0
0.99559712,-2.8784506,-1.8956871,-0.20395613,-0.97726077,0.057994217,0
-2.2504911,-0.79180992,-0.20671099,-0.9143545,0.16899109,-0.36796451,0
3.2389808,1.0741875,-3.2376046,0.34979677,-0.12807587,-0.92802966,0
-0.44353753,0.23033547,-4.2273774,-0.9143545,0.16899109,-0.36796451,0
-1.7591901,-2.0768881,1.9233248,-0.20395613,-0.97726077,0.057994217,0
2.3523488,0.34147891,-3.4706774,0.34979677,-0.12807587,-0.92802966,0
-0.022124529,2.2902884,3.9857895,-0.34979677,0.12807587,0.92802966,0
0.60287523,-2.8076317,-2.0834503,-0.20395613,-0.97726077,0.057994217,0
1.7653068,0.98405266,1.500634,0.9143545,-0.16899109,0.36796451,0
1.3973994,-2.4948564,0.8171249,0.9143545,-0.16899109,0.36796451,0
-0.2186048,-2.2314372,-4.0846486,0.34979677,-0.12807587,-0.92802966,0
1.1573042,-0.29510462,-3.8332648,0.34979677,-0.12807587,-0.92802966,0
-2.6040039,-1.6935573,3.5624213,-0.34979677,0.12807587,0.92802966,0
-1.3234589,-2.0999851,3.0665081,-0.20395613,-0.97726077,0.057994217,0
-0.62771857,2.3762717,-2.7841654,-0.9143545,0.16899109,-0.36796451,0
3.184243,-0.066973448,-3.1007471,0.34979677,-0.12807587,-0.92802966,0
-1.4153366,-2.1002538,2.7388585,-0.20395613,-0.97726077,0.057994217,0
1.4023255,1.1272027,-3.9372005,0.34979677,-0.12807587,-0.92802966,0
0.13448453,2.33884,-3.2229879,0.20395613,0.97726077,-0.057994217,0
2.4647207,-1.366653,-1.3169219,0.9143545,-0.16899109,0.36796451,0
-2.4015183,-1.0125555,3.5447588,-0.34979677,0.12807587,0.92802966,0
2.354775,-2.3746753,-3.0949111,0.34979677,-0.12807587,-0.92802966,0
-0.70309258,-2.21699,3.276583,-0.20395613,-0.97726077,0.057994217,0
-1.9788474,-1.19502,-1.0668955,-0.9143545,0.16899109,-0.36796451,0
0.44000387,-2.6619613,-0.20154822,-0.20395613,-0.97726077,0.057994217,0
0.28420937,2.0164888,-4.4813752,0.34979677,-0.12807587,-0.92802966,0
2.1422212,1.5067389,-3.7106953,0.34979677,-0.12807587,-0.92802966,0
1.2222906,0.31702423,-3.8932486,0.34979677,-0.12807587,-0.92802966,0
1.6351299,-0.17001462,-3.6704245,0.34979677,-0.12807587,-0.92802966,0
-0.3654623,-1.6693282,4.4028373,-0.34979677,0.12807587,0.92802966,0
0.41358221,2.2351661,-3.9884546,0.20395613,0.97726077,-0.057994217,0
0.65353656,2.2759697,-2.4569955,0.20395613,0.97726077,-0.057994217,0
0.86025167,2.6103876,3.9052606,0.20395613,0.97726077,-0.057994217,0
0.51372874,1.5189669,-4.3262014,0.34979677,-0.12807587,-0.92802966,0
0.053910732,1.1085045,4.1775451,-0.34979677,0.12807587,0.92802966,0
0.4368825,2.612668,2.4547729,0.20395613,0.97726077,-0.057994217,0
-0.33943617,1.3601931,3.9945478,-0.34979677,0.12807587,0.92802966,0
-0.046652794,-2.5848949,-0.61439008,-0.20395613,-0.97726077,0.057994217,0
0.59791303,1.6104126,4.3133249,-0.34979677,0.12807587,0.92802966,0
-3.2724094,-0.69488358,3.172657,-0.34979677,0.12807587,0.92802966,0
1.4684597,-2.9577742,-1.5693877,-0.20395613,-0.97726077,0.057994217,0
1.7857206,0.72824836,-3.7376308,0.34979677,-0.12807587,-0.92802966,0
1.3789256,-0.23099107,-3.7585788,0.34979677,-0.12807587,-0.92802966,0
-2.2371438,-0.72227585,3.5666547,-0.34979677,0.12807587,0.92802966,0
1.2794567,2.0561626,-3.9597092,0.20395613,0.97726077,-0.057994217,0
0.19606066,-2.4554305,2.42079,-0.20395613,-0.97726077,0.057994217,0
1.1427217,-0.62387031,-3.7933893,0.34979677,-0.12807587,-0.92802966,0
0.51246595,0.92419434,4.3758221,-0.34979677,0.12807587,0.92802966,0
-2.2129149,-1.9915226,1.766139,-0.20395613,-0.97726077,0.057994217,0
2.9665101,-1.4411865,-2.9931631,0.34979677,-0.12807587,-0.92802966,0
2.3202958,-1.1934161,-3.2709308,0.34979677,-0.12807587,-0.92802966,0
1.7003613,-0.39804947,1.0272738,0.9143545,-0.16899109,0.36796451,0
-2.5988398,2.1691704,3.0312786,-0.34979677,0.12807587,0.92802966,0
-2.5257888,-1.5978596,3.5786953,-0.34979677,0.12807587,0.92802966,0
-0.85348994,0.20236659,3.9605784,-0.34979677,0.12807587,0.92802966,0
1.2406347,2.3243001,0.42214829,0.20395613,0.97726077,-0.057994217,0
-2.9226332,2.3018494,2.8909221,-0.34979677,0.12807587,0.92802966,0
2.0574112,-0.11389888,-3.519001,0.34979677,-0.12807587,-0.92802966,0
0.49944448,2.6440668,3.2038908,0.20395613,0.97726077,-0.057994217,0
-0.70806444,2.3330808,-2.6043496,-0.9143545,0.16899109,-0.36796451,0
-1.1092532,-1.1111767,4.0454555,-0.34979677,0.12807587,0.92802966,0
2.9545765,-0.064609408,-1.9361887,0.9143545,-0.16899109,0.36796451,0
-2.9206343,1.2829632,2.411386,-0.9143545,0.16899109,-0.36796451,0
-2.431798,3.2258911,2.6995249,0.20395613,0.97726077,-0.057994217,0
1.5058537,1.2741244,-3.9184551,0.34979677,-0.12807587,-0.92802966,0
2.1114345,1.9716718,-2.4575293,0.20395613,0.97726077,-0.057994217,0
-2.7837718,-1.7938915,3.0888124,-0.20395613,-0.97726077,0.057994217,0
1.3850085,-1.6875932,1.2186586,0.9143545,-0.16899109,0.36796451,0
-1.7359157,-1.3681664,-1.7500757,-0.9143545,0.16899109,-0.36796451,0
1.567727,-2.9244013,-0.65791011,-0.20395613,-0.97726077,0.057994217,0
0.96763158,2.3580251,0.030342579,0.20395613,0.97726077,-0.057994217,0
-0.90904355,-2.5574718,-3.1851759,-0.20395613,-0.97726077,0.057994217,0
-2.5202737,-1.9533842,1.327878,-0.20395613,-0.97726077,0.057994217,0
-2.2587655,-1.973218,1.9133427,-0.20395613,-0.97726077,0.057994217,0
1.6032168,0.67484975,1.761407,0.9143545,-0.16899109,0.36796451,0
1.0114324,0.93655097,-4.0582261,0.34979677,-0.12807587,-0.92802966,0
-1.0008538,-2.3311481,0.30572551,-0.20395613,-0.97726077,0.057994217,0
1.8452083,-3.0058489,-3.1998715,0.34979677,-0.12807587,-0.92802966,0
-1.430885,3.0233324,2.8062475,0.20395613,0.97726077,-0.057994217,0
0.80061769,-0.098592758,3.400574,0.9143545,-0.16899109,0.36796451,0
2.0618393,2.147316,0.32782677,0.20395613,0.97726077,-0.057994217,0
-2.5411868,-2.0223165,0.092754841,-0.20395613,-0.97726077,0.057994217,0
-0.97596693,2.828419,1.1216357,0.20395613,0.97726077,-0.057994217,0
3.0204864,-1.1363795,-3.0148845,0.34979677,-0.12807587,-0.92802966,0
1.5268945,0.20739222,1.7363763,0.9143545,-0.16899109,0.36796451,0
-1.5026402,-2.3056624,-1.0295126,-0.20395613,-0.97726077,0.057994217,0
0.056564569,-2.3919733,2.9995272,-0.20395613,-0.97726077,0.057994217,0
-0.11130983,0.63929594,4.1800241,-0.34979677,0.12807587,0.92802966,0
3.162791,0.79213023,-2.0601156,0.9143545,-0.16899109,0.36796451,0
-1.1067988,-0.077018976,3.9036574,-0.34979677,0.12807587,0.92802966,0
-1.5401934,-0.52925479,3.8027134,-0.34979677,0.12807587,0.92802966,0
0.069048166,-2.5333107,0.66175258,-0.20395613,-0.97726077,0.057994217,0
-0.62344182,-1.1176735,4.2294655,-0.34979677,0.12807587,0.92802966,0
2.5473607,-0.79362088,-1.2591038,0.9143545,-0.16899109,0.36796451,0
2.5512838,-0.68024081,-3.2546883,0.34979677,-0.12807587,-0.92802966,0
0.019610167,-1.2755665,4.493639,-0.34979677,0.12807587,0.92802966,0
0.51905012,-1.3933349,3.5056183,0.9143545,-0.16899109,0.36796451,0
0.6228627,-2.6862044,0.033014655,-0.20395613,-0.97726077,0.057994217,0
2.1080079,-2.7332177,-1.0581347,0.9143545,-0.16899109,0.36796451,0
-0.5809052,2.7136817,0.5775649,0.20395613,0.97726077,-0.057994217,0
-1.027313,2.9431448,2.8743026,0.20395613,0.97726077,-0.057994217,0
2.0199249,2.1536412,1.4050781,0.9143545,-0.16899109,0.36796451,0
0.59539092,-1.6835277,3.1826458,0.9143545,-0.16899109,0.36796451,0
-2.666502,-1.5488827,3.5188975,-0.34979677,0.12807587,0.92802966,0
0.13907123,-2.4167159,2.8727489,-0.20395613,-0.97726077,0.057994217,0
-1.2699693,3.0196438,3.3100076,0.20395613,0.97726077,-0.057994217,0
0.067603111,-1.3601228,-4.0970182,0.34979677,-0.12807587,-0.92802966,0
1.0269523,2.5784247,3.9529138,0.20395613,0.97726077,-0.057994217,0
-0.33305836,-0.057502747,-4.4278107,0.34979677,-0.12807587,-0.92802966,0
-0.10027194,2.466959,-1.8896531,0.20395613,0.97726077,-0.057994217,0
-1.2232296,-2.194654,1.82373,-0.20395613,-0.97726077,0.057994217,0
-0.89150798,2.8122368,1.1459788,0.20395613,0.97726077,-0.057994217,0
0.89887512,0.62290835,3.4877694,0.9143545,-0.16899109,0.36796451,0
3.197844,0.4081409,-3.1611905,0.34979677,-0.12807587,-0.92802966,0
0.52799273,-1.935867,3.2342339,0.9143545,-0.16899109,0.36796451,0
-0.50774431,-2.5918536,-2.353241,-0.20395613,-0.97726077,0.057994217,0
1.769071,-0.7368741,0.70092887,0.9143545,-0.16899109,0.36796451,0
-1.5432086,0.15690514,3.706881,-0.34979677,0.12807587,0.92802966,0
-0.082104087,1.6078818,-4.4928522,-0.9143545,0.16899109,-0.36796451,0
0.46556735,-2.7720222,-1.966288,-0.20395613,-0.97726077,0.057994217,0
1.6677186,1.6045945,2.02812,0.9143545,-0.16899109,0.36796451,0
0.10220456,-1.8146315,4.3479524,0.9143545,-0.16899109,0.36796451,0
2.182076,1.6223665,-3.7116313,0.34979677,-0.12807587,-0.92802966,0
0.37216115,-2.6895399,-0.90486705,-0.20395613,-0.97726077,0.057994217,0
-1.6020122,0.57779312,-1.1891119,-0.9143545,0.16899109,-0.36796451,0
-0.84799123,2.8048909,1.1752337,0.20395613,0.97726077,-0.057994217,0
-1.2606268,-2.4879193,-3.2496104,-0.20395613,-0.97726077,0.057994217,0
-1.5602309,2.5343475,-0.39436877,-0.9143545,0.16899109,-0.36796451,0
-1.353981,2.0744317,3.5135705,-0.34979677,0.12807587,0.92802966,0
-0.064303637,2.787112,3.6317368,0.20395613,0.97726077,-0.057994217,0
1.1258001,2.4951682,2.8975923,0.20395613,0.97726077,-0.057994217,0
3.3294024,0.98444152,-3.1911368,0.34979677,-0.12807587,-0.92802966,0
2.800483,-0.62448412,-3.1684542,0.34979677,-0.12807587,-0.92802966,0
-1.0440334,2.7255435,-0.85129541,0.20395613,0.97726077,-0.057994217,0
-0.54439634,0.024422884,-4.0713215,-0.9143545,0.16899109,-0.36796451,0
2.5739536,1.0343697,-0.48566365,0.9143545,-0.16899109,0.36796451,0
2.0042152,-1.4356259,-0.2042892,0.9143545,-0.16899109,0.36796451,0
2.1650972,-1.5845165,-0.67244387,0.9143545,-0.16899109,0.36796451,0
2.5149906,1.8754032,-2.6605222,0.20395613,0.97726077,-0.057994217,0
2.2623017,-2.074651,-3.1711724,0.34979677,-0.12807587,-0.92802966,0
-2.0653057,2.546284,0.86617303,-0.9143545,0.16899109,-0.36796451,0
-2.3328347,-0.68066144,0.048950911,-0.9143545,0.16899109,-0.36796451,0
0.14238302,0.27793694,-4.294898,0.34979677,-0.12807587,-0.92802966,0
0.31676745,-0.12206125,-4.1739645,0.34979677,-0.12807587,-0.92802966,0
2.5228677,0.80604905,-3.4705195,0.34979677,-0.12807587,-0.92802966,0
1.5369346,-0.51088327,-3.6603942,0.34979677,-0.12807587,-0.92802966,0
-2.3426857,2.778363,1.6620185,-0.9143545,0.16899109,-0.36796451,0
0.49764872,-2.8190699,-2.6462598,-0.20395613,-0.97726077,0.057994217,0
-2.767906,1.2798636,2.0304482,-0.9143545,0.16899109,-0.36796451,0
-3.2024791,-0.8593415,3.2217121,-0.34979677,0.12807587,0.92802966,0
