-1.4853281,-0.5674156,1.3004739,-0.75244415,-0.049805999,0.65677011,0
3.2475297,-1.6040955,1.686667,0.59232867,0.38491333,0.70780522,0
1.2516563,-0.23472872,2.6122408,0.59232867,0.38491333,0.70780522,0
-1.0354286,-4.108273,0.046288013,0.28805262,-0.92160785,0.26012409,0
1.5041754,-2.8188381,1.8024251,0.28805262,-0.92160785,0.26012409,0
-2.8324385,-0.24463129,-0.2183965,-0.75244415,-0.049805999,0.65677011,0
-0.67978692,-1.2541966,-2.2811151,-0.59232867,-0.38491333,-0.70780522,0
1.5182558,2.0266767,-1.1520865,0.75244415,0.049805999,-0.65677011,0
0.57924104,3.8319848,-0.5199976,-0.28805262,0.92160785,-0.26012409,0
0.95282936,-2.1913433,3.9263463,0.59232867,0.38491333,0.70780522,0
1.5640686,0.61868024,-1.2063751,0.75244415,0.049805999,-0.65677011,0
1.7499932,2.1832671,-0.87471581,0.75244415,0.049805999,-0.65677011,0
0.18468666,-3.8585696,-0.42013693,0.28805262,-0.92160785,0.26012409,0
-0.97804916,3.0286119,-1.6418209,-0.28805262,0.92160785,-0.26012409,0
-2.0901427,0.053253829,-1.8118625,-0.59232867,-0.38491333,-0.70780522,0
-0.28177774,3.7778535,0.24167848,-0.28805262,0.92160785,-0.26012409,0
-0.47675109,2.9042425,2.3516517,0.59232867,0.38491333,0.70780522,0
-1.2218881,2.4575477,-3.3950555,-0.28805262,0.92160785,-0.26012409,0
0.97690618,-1.3937315,-2.0316832,0.75244415,0.049805999,-0.65677011,0
-1.8238679,-1.513607,0.84086335,-0.75244415,-0.049805999,0.65677011,0
-0.74701369,2.5846355,2.3853772,-0.75244415,-0.049805999,0.65677011,0
1.4788185,-3.5588617,-1.6208481,0.75244415,0.049805999,-0.65677011,0
0.15066671,3.2807105,1.6218673,0.59232867,0.38491333,0.70780522,0
0.39933872,-0.7694149,-2.6460419,0.75244415,0.049805999,-0.65677011,0
1.3098446,-3.7750783,-1.3702929,0.28805262,-0.92160785,0.26012409,0
2.4723055,-0.94856083,-0.28468418,0.75244415,0.049805999,-0.65677011,0
2.3273282,-0.80169958,2.0203872,0.59232867,0.38491333,0.70780522,0
0.85755324,-1.3192828,3.5318406,0.59232867,0.38491333,0.70780522,0
0.53625011,-2.76125,3.0783045,0.28805262,-0.92160785,0.26012409,0
0.42246413,1.8963716,2.1472335,0.59232867,0.38491333,0.70780522,0
-1.3602996,1.5803638,1.6065928,-0.75244415,-0.049805999,0.65677011,0
-0.91833472,3.3412328,-0.60034609,-0.28805262,0.92160785,-0.26012409,0
-0.360888,-2.6681376,-1.779068,-0.59232867,-0.38491333,-0.70780522,0
-1.0854075,-3.4634595,-0.74024582,-0.59232867,-0.38491333,-0.70780522,0
0.20243406,-2.9664717,2.7208703,0.28805262,-0.92160785,0.26012409,0
-1.5298412,-2.5060692,-0.88896096,-0.59232867,-0.38491333,-0.70780522,0
0.94752675,1.0565885,-1.8795226,0.75244415,0.049805999,-0.65677011,0
1.9254385,1.1876707,-0.74921405,0.75244415,0.049805999,-0.65677011,0
-1.0462034,1.1620632,-3.2884707,-0.59232867,-0.38491333,-0.70780522,0
-1.1660721,-0.49549702,-2.286756,-0.59232867,-0.38491333,-0.70780522,0
-0.49561644,3.3322213,2.1346991,0.59232867,0.38491333,0.70780522,0
0.32403898,3.7687302,-0.4615047,-0.28805262,0.92160785,-0.26012409,0
0.94942439,0.71150529,-1.9035178,0.75244415,0.049805999,-0.65677011,0
-1.9894788,-2.3463478,0.58797622,-0.75244415,-0.049805999,0.65677011,0
-1.7785786,0.26831412,1.027882,-0.75244415,-0.049805999,0.65677011,0
2.5051465,-0.65993619,1.7944868,0.59232867,0.38491333,0.70780522,0
-1.6704041,3.3500736,0.26379275,-0.28805262,0.92160785,-0.26012409,0
1.7224262,-2.8453941,-1.2876477,0.75244415,0.049805999,-0.65677011,0
3.0438724,-0.61505663,1.3192461,0.59232867,0.38491333,0.70780522,0
-1.8074896,-0.35970938,-1.8238269,-0.59232867,-0.38491333,-0.70780522,0
-1.7680399,-0.29362082,0.99734145,-0.75244415,-0.049805999,0.65677011,0
-1.505687,1.7149293,1.450231,-0.75244415,-0.049805999,0.65677011,0
-1.541037,-1.3954625,1.1738547,-0.75244415,-0.049805999,0.65677011,0
0.23952317,-1.5339677,3.2032921,-0.75244415,-0.049805999,0.65677011,0
0.25275612,2.2880492,2.0762551,0.59232867,0.38491333,0.70780522,0
2.8819699,-1.9390614,2.1747456,0.59232867,0.38491333,0.70780522,0
-0.45028615,0.18165624,2.5430999,-0.75244415,-0.049805999,0.65677011,0
1.5145177,-3.5198083,-0.69253135,0.28805262,-0.92160785,0.26012409,0
0.97301078,-0.4086625,2.9400134,0.59232867,0.38491333,0.70780522,0
-0.72651714,-3.7522435,0.96560764,0.28805262,-0.92160785,0.26012409,0
2.4006371,0.58070052,1.2072722,0.59232867,0.38491333,0.70780522,0
0.59620428,1.6347017,-2.2381823,0.75244415,0.049805999,-0.65677011,0
-0.72571278,-1.5860848,-2.062197,-0.59232867,-0.38491333,-0.70780522,0
-1.9888431,-0.15077567,0.75520587,-0.75244415,-0.049805999,0.65677011,0
2.747155,-0.27876472,1.3846754,0.59232867,0.38491333,0.70780522,0
-1.3627135,1.062997,1.5645926,-0.75244415,-0.049805999,0.65677011,0
-2.6901622,2.6899011,-0.94592237,-0.28805262,0.92160785,-0.26012409,0
-2.845212,-1.007664,-0.60304075,-0.59232867,-0.38491333,-0.70780522,0
-0.36152506,-2.128715,-2.0718796,-0.59232867,-0.38491333,-0.70780522,0
1.4608184,-3.722254,-1.3503215,0.28805262,-0.92160785,0.26012409,0
-1.7058909,2.4020226,-3.0558093,-0.28805262,0.92160785,-0.26012409,0
-2.6030221,2.3660195,0.24241853,-0.75244415,-0.049805999,0.65677011,0
-2.3407733,-2.759531,0.15417361,-0.75244415,-0.049805999,0.65677011,0
-2.6475933,2.8060026,-0.58171916,-0.28805262,0.92160785,-0.26012409,0
-0.82146931,-3.6734061,-0.84695148,-0.59232867,-0.38491333,-0.70780522,0
-0.36493719,0.17360628,2.6402717,-0.75244415,-0.049805999,0.65677011,0
-0.93851757,2.7180586,-2.785872,-0.28805262,0.92160785,-0.26012409,0
-1.9055746,-3.200485,0.61932945,-0.75244415,-0.049805999,0.65677011,0
2.4760897,-2.467854,1.9696803,0.28805262,-0.92160785,0.26012409,0
1.6853244,-2.1659274,-1.2786267,0.75244415,0.049805999,-0.65677011,0
3.6459417,-1.2818047,1.0346488,0.75244415,0.049805999,-0.65677011,0
-2.6779008,2.5528193,-1.4451752,-0.28805262,0.92160785,-0.26012409,0
0.68229151,-3.0815425,1.7818005,0.28805262,-0.92160785,0.26012409,0
1.7149442,-2.9726391,1.024117,0.28805262,-0.92160785,0.26012409,0
-3.5023456,2.3843811,-1.1289823,-0.28805262,0.92160785,-0.26012409,0
1.7180599,-2.8674271,-1.2943207,0.75244415,0.049805999,-0.65677011,0
1.7426422,3.5884042,0.12229061,0.59232867,0.38491333,0.70780522,0
0.42419112,-3.1121409,1.9592044,0.28805262,-0.92160785,0.26012409,0
1.6396912,3.2799006,-0.91792297,0.75244415,0.049805999,-0.65677011,0
-0.4553394,3.6666572,0.039911985,-0.28805262,0.92160785,-0.26012409,0
-1.3106697,-0.51087523,-2.1573863,-0.59232867,-0.38491333,-0.70780522,0
0.38332623,-3.821147,-0.50751758,0.28805262,-0.92160785,0.26012409,0
1.9304091,2.9431238,0.31606889,0.59232867,0.38491333,0.70780522,0
-0.66072369,2.8840442,-2.5054123,-0.28805262,0.92160785,-0.26012409,0
0.48149741,-3.6758034,-1.9360391,-0.59232867,-0.38491333,-0.70780522,0
0.53279859,1.5528026,-2.317035,0.75244415,0.049805999,-0.65677011,0
-2.5367088,2.9634593,-0.14664841,-0.28805262,0.92160785,-0.26012409,0
0.85534149,-3.6267602,-0.34150815,0.28805262,-0.92160785,0.26012409,0
-0.026915312,0.9374547,3.044769,0.59232867,0.38491333,0.70780522,0
-2.2837551,2.8840246,-0.70819378,-0.28805262,0.92160785,-0.26012409,0
-0.84360534,-2.183897,1.9130926,-0.75244415,-0.049805999,0.65677011,0
0.5140363,4.168859,0.83479428,0.59232867,0.38491333,0.70780522,0
3.0486865,-1.2464314,1.6585674,0.59232867,0.38491333,0.70780522,0
0.32560253,3.2545362,1.4897057,0.59232867,0.38491333,0.70780522,0
0.61746407,4.1780114,0.74326301,0.59232867,0.38491333,0.70780522,0
2.0705507,1.9388882,0.74490684,0.59232867,0.38491333,0.70780522,0
0.32156658,-0.96547437,3.340399,-0.75244415,-0.049805999,0.65677011,0
-1.3121932,-3.9223833,1.0113673,0.28805262,-0.92160785,0.26012409,0
0.09539187,-3.019428,2.6517839,0.28805262,-0.92160785,0.26012409,0
0.47889102,0.23880875,-2.4784422,0.75244415,0.049805999,-0.65677011,0
-1.4476377,-3.1586771,1.1471462,-0.75244415,-0.049805999,0.65677011,0
1.3439227,-2.8501687,1.86888,0.28805262,-0.92160785,0.26012409,0
1.6883359,2.5774903,-0.91545916,0.75244415,0.049805999,-0.65677011,0
-0.20263362,-4.1060529,-0.86805391,0.28805262,-0.92160785,0.26012409,0
-1.2986486,-4.0210109,0.64693546,0.28805262,-0.92160785,0.26012409,0
1.2596889,-3.0925336,-1.8365352,0.75244415,0.049805999,-0.65677011,0
1.7138181,-3.342181,-0.28390455,0.28805262,-0.92160785,0.26012409,0
-1.7647502,3.5102139,1.2895746,-0.75244415,-0.049805999,0.65677011,0
-0.41598785,-0.69128716,2.5161953,-0.75244415,-0.049805999,0.65677011,0
-1.4487677,-3.1030669,1.1500688,-0.75244415,-0.049805999,0.65677011,0
-0.82971895,3.1379743,2.3325863,-0.75244415,-0.049805999,0.65677011,0
-0.73179364,-3.1762195,-1.1923732,-0.59232867,-0.38491333,-0.70780522,0
0.064586282,-4.0365868,-0.91784787,0.28805262,-0.92160785,0.26012409,0
-1.279788,-1.9341085,-1.4092579,-0.59232867,-0.38491333,-0.70780522,0
-2.4062264,-2.8527482,0.032972813,-0.59232867,-0.38491333,-0.70780522,0
-0.46762681,-3.7198837,-1.1177905,-0.59232867,-0.38491333,-0.70780522,0
0.36111593,-3.3554296,1.1670928,0.28805262,-0.92160785,0.26012409,0
-3.4190173,2.3998692,-1.1663826,-0.28805262,0.92160785,-0.26012409,0
0.14491081,-3.04038,-1.9999168,-0.59232867,-0.38491333,-0.70780522,0
-2.1208425,1.7330863,-2.6996849,-0.59232867,-0.38491333,-0.70780522,0
1.2355431,3.3574467,-1.3750639,0.75244415,0.049805999,-0.65677011,0
-0.56436896,-1.4039078,-2.296288,-0.59232867,-0.38491333,-0.70780522,0
0.88798666,-0.020240128,2.799937,0.59232867,0.38491333,0.70780522,0
0.89065266,-2.6166005,3.1983364,0.28805262,-0.92160785,0.26012409,0
-0.57231617,1.7283158,-3.5698256,0.75244415,0.049805999,-0.65677011,0
1.4003277,-0.13277498,2.4323804,0.59232867,0.38491333,0.70780522,0
0.89366108,2.6892297,-1.8174236,0.75244415,0.049805999,-0.65677011,0
0.42064953,-3.1327443,1.890131,0.28805262,-0.92160785,0.26012409,0
-2.044162,3.3472013,0.66750264,-0.28805262,0.92160785,-0.26012409,0
-1.8353753,-1.1948681,0.85185111,-0.75244415,-0.049805999,0.65677011,0
1.6738617,-2.4832215,2.8035953,0.28805262,-0.92160785,0.26012409,0
-1.9542907,2.8914034,1.0254952,-0.75244415,-0.049805999,0.65677011,0
0.17929149,2.2979681,2.1323404,0.59232867,0.38491333,0.70780522,0
-2.3827591,2.9631727,-0.31814194,-0.28805262,0.92160785,-0.26012409,0
-0.66533965,-3.7875729,0.77268863,0.28805262,-0.92160785,0.26012409,0
2.2496724,-2.5298824,2.0006433,0.28805262,-0.92160785,0.26012409,0
0.43986756,2.3661356,-2.361824,0.75244415,0.049805999,-0.65677011,0
-1.0744957,2.8399122,-2.2035725,-0.28805262,0.92160785,-0.26012409,0
0.29648328,2.1675637,2.1051834,0.59232867,0.38491333,0.70780522,0
0.29081893,0.11818314,3.224402,0.59232867,0.38491333,0.70780522,0
2.7274475,0.91153502,0.75386834,0.59232867,0.38491333,0.70780522,0
-1.2136298,2.755904,1.8637755,-0.75244415,-0.049805999,0.65677011,0
-1.876948,2.8917122,-1.1314406,-0.28805262,0.92160785,-0.26012409,0
-0.96384931,-2.7026901,-1.2556877,-0.59232867,-0.38491333,-0.70780522,0
-1.7491702,3.5565126,1.3109355,-0.75244415,-0.049805999,0.65677011,0
-1.8635781,-3.3808837,-0.13393736,-0.59232867,-0.38491333,-0.70780522,0
-2.9451127,0.49889851,-1.3387258,-0.59232867,-0.38491333,-0.70780522,0
0.63304031,-3.5445352,0.19598031,0.28805262,-0.92160785,0.26012409,0
2.494705,-2.7512734,0.94492555,0.28805262,-0.92160785,0.26012409,0
0.90244228,-3.832973,-1.1242681,0.28805262,-0.92160785,0.26012409,0
0.99974513,-0.43432915,2.9315982,0.59232867,0.38491333,0.70780522,0
1.7818234,0.7222147,1.6481709,0.59232867,0.38491333,0.70780522,0
0.73736393,-4.0683818,-1.7755079,0.28805262,-0.92160785,0.26012409,0
-0.63848609,3.6928501,0.33552313,-0.28805262,0.92160785,-0.26012409,0
-1.8487017,1.4962314,-2.7986219,-0.59232867,-0.38491333,-0.70780522,0
1.6137888,2.0931478,-1.037596,0.75244415,0.049805999,-0.65677011,0
0.31732127,-3.5415642,0.55612206,0.28805262,-0.92160785,0.26012409,0
-1.4257207,2.5078514,-2.9911151,-0.28805262,0.92160785,-0.26012409,0
-0.937002,3.3216782,-0.64895511,-0.28805262,0.92160785,-0.26012409,0
1.1596735,0.12230361,2.4950578,0.59232867,0.38491333,0.70780522,0
-0.27224731,-3.0265677,-1.6583283,-0.59232867,-0.38491333,-0.70780522,0
-1.45228,-0.29666156,-2.1553717,-0.59232867,-0.38491333,-0.70780522,0
-1.2856567,0.64812958,1.6214132,-0.75244415,-0.049805999,0.65677011,0
-3.4964247,1.0235294,-1.1626594,-0.59232867,-0.38491333,-0.70780522,0
-1.658548,-3.0057077,-0.50954223,-0.59232867,-0.38491333,-0.70780522,0
-1.1703168,3.0957229,-1.1911395,-0.28805262,0.92160785,-0.26012409,0
-0.78578353,-3.2713103,-1.0954798,-0.59232867,-0.38491333,-0.70780522,0
3.3619781,-2.2513936,0.63579059,0.75244415,0.049805999,-0.65677011,0
-0.94507694,0.17700982,1.975879,-0.75244415,-0.049805999,0.65677011,0
-1.3675798,-2.5036297,1.288542,-0.75244415,-0.049805999,0.65677011,0
-0.62704611,-0.93617272,-2.4981966,-0.59232867,-0.38491333,-0.70780522,0
1.9637958,3.7491074,-0.15017438,0.59232867,0.38491333,0.70780522,0
-0.63729978,-2.2809877,-1.7582885,-0.59232867,-0.38491333,-0.70780522,0
-1.8110995,-2.6611099,-0.56927609,-0.59232867,-0.38491333,-0.70780522,0
1.5014032,-3.7639675,-1.5430529,0.28805262,-0.92160785,0.26012409,0
-2.4168222,-0.4973073,-1.2390778,-0.59232867,-0.38491333,-0.70780522,0
-0.47461194,-2.6224234,2.3025832,-0.75244415,-0.049805999,0.65677011,0
1.3873398,-0.53378439,2.6613235,0.59232867,0.38491333,0.70780522,0
2.2607782,1.622088,0.75799417,0.59232867,0.38491333,0.70780522,0
2.8471591,-0.49664772,1.4194739,0.59232867,0.38491333,0.70780522,0
1.2288249,-0.20297527,-1.6527655,0.75244415,0.049805999,-0.65677011,0
-0.60131645,-0.61844534,-2.6925128,-0.59232867,-0.38491333,-0.70780522,0
0.2270776,-3.0253601,2.4849412,0.28805262,-0.92160785,0.26012409,0
-0.71271574,1.8379775,2.3680484,-0.75244415,-0.049805999,0.65677011,0
0.90237927,1.0138562,2.225538,0.59232867,0.38491333,0.70780522,0
1.845933,-3.0834584,0.48643851,0.28805262,-0.92160785,0.26012409,0
-2.5147252,0.82110405,0.22641903,-0.75244415,-0.049805999,0.65677011,0
-0.083502769,-0.062203646,2.9448211,-0.75244415,-0.049805999,0.65677011,0
1.2460771,1.3734167,1.7423803,0.59232867,0.38491333,0.70780522,0
0.31824446,-3.2023778,1.7568209,0.28805262,-0.92160785,0.26012409,0
1.5711443,-0.84704483,-1.3094221,0.75244415,0.049805999,-0.65677011,0
1.8487461,-2.5894485,2.2335768,0.28805262,-0.92160785,0.26012409,0
-0.75173587,-3.6570764,1.3307045,0.28805262,-0.92160785,0.26012409,0
2.4879673,-2.1767938,2.6337495,0.59232867,0.38491333,0.70780522,0
0.28090119,-3.3535895,1.2624388,0.28805262,-0.92160785,0.26012409,0
1.8871969,-2.3992937,-1.0650439,0.75244415,0.049805999,-0.65677011,0
0.6764853,-2.8286803,2.6841097,0.28805262,-0.92160785,0.26012409,0
-3.8626053,1.8337013,-1.2410212,-0.75244415,-0.049805999,0.65677011,0
0.061360359,-0.98484802,-3.0478213,-0.59232867,-0.38491333,-0.70780522,0
-2.6739476,1.8639176,-2.307965,-0.59232867,-0.38491333,-0.70780522,0
1.5715003,1.0054474,1.6701548,0.59232867,0.38491333,0.70780522,0
-0.43714178,-3.8665955,0.24001932,0.28805262,-0.92160785,0.26012409,0
1.1525409,-0.034011319,2.5860329,0.59232867,0.38491333,0.70780522,0
0.77627182,3.1776862,1.1543539,0.59232867,0.38491333,0.70780522,0
0.24955654,0.15453589,3.2391639,0.59232867,0.38491333,0.70780522,0
1.1010897,-4.0310545,-2.0894108,0.75244415,0.049805999,-0.65677011,0
-0.24756491,-1.1510398,2.6742873,-0.75244415,-0.049805999,0.65677011,0
-0.095338583,-2.5077412,-2.0885193,-0.59232867,-0.38491333,-0.70780522,0
-0.43527234,3.1616833,-1.7714078,-0.28805262,0.92160785,-0.26012409,0
-2.1458275,2.21983,0.75512791,-0.75244415,-0.049805999,0.65677011,0
-0.098865509,-2.0653391,-2.3261514,-0.59232867,-0.38491333,-0.70780522,0
0.92004812,3.835834,-0.88375711,-0.28805262,0.92160785,-0.26012409,0
-0.20399046,3.1046166,2.0144253,0.59232867,0.38491333,0.70780522,0
-0.7059269,-1.9235282,-1.8952489,-0.59232867,-0.38491333,-0.70780522,0
0.74220419,-1.7216197,-2.3254404,0.75244415,0.049805999,-0.65677011,0
0.12183595,-2.1411004,-2.4696462,-0.59232867,-0.38491333,-0.70780522,0
-1.4758544,-0.67071629,-1.9322277,-0.59232867,-0.38491333,-0.70780522,0
-2.5513113,0.61613113,-1.7320322,-0.59232867,-0.38491333,-0.70780522,0
-1.4814997,2.5832438,-2.6622345,-0.28805262,0.92160785,-0.26012409,0
-1.8691047,3.1682591,-0.16033292,-0.28805262,0.92160785,-0.26012409,0
1.8167171,3.9358013,-0.12861824,0.59232867,0.38491333,0.70780522,0
3.1150048,-1.4230007,0.41566026,0.75244415,0.049805999,-0.65677011,0
-3.8300409,2.266247,-1.1709108,-0.75244415,-0.049805999,0.65677011,0
0.76025307,4.1026187,0.23839927,-0.28805262,0.92160785,-0.26012409,0
3.4956903,-0.78887749,0.8998909,0.75244415,0.049805999,-0.65677011,0
1.9502516,-2.9347429,0.8978107,0.28805262,-0.92160785,0.26012409,0
-2.7267475,1.3247204,0.021702647,-0.75244415,-0.049805999,0.65677011,0
-0.94070423,0.062742591,1.9722232,-0.75244415,-0.049805999,0.65677011,0
0.435256,3.8600621,-0.26107812,-0.28805262,0.92160785,-0.26012409,0
0.61295629,-2.9073167,2.4758544,0.28805262,-0.92160785,0.26012409,0
-1.6134903,1.7651769,-3.1417153,-0.59232867,-0.38491333,-0.70780522,0
2.1711454,-2.5935729,-0.75446463,0.75244415,0.049805999,-0.65677011,0
1.0031669,-4.0329809,-1.9444243,0.28805262,-0.92160785,0.26012409,0
0.99701166,3.8305969,-0.98754025,-0.28805262,0.92160785,-0.26012409,0
-0.85601377,2.6602075,-3.0821977,-0.28805262,0.92160785,-0.26012409,0
-2.2785268,-0.68291616,0.38296795,-0.75244415,-0.049805999,0.65677011,0
1.3275371,4.2298021,0.060811996,-0.28805262,0.92160785,-0.26012409,0
0.56668222,-0.23830032,-2.4140439,0.75244415,0.049805999,-0.65677011,0
-1.4128811,0.51226455,-2.6282465,-0.59232867,-0.38491333,-0.70780522,0
3.4356401,-2.3404915,0.71342564,0.75244415,0.049805999,-0.65677011,0
0.99504113,-0.45493037,2.9467385,0.59232867,0.38491333,0.70780522,0
-1.8050103,1.2479017,-2.70014,-0.59232867,-0.38491333,-0.70780522,0
-0.97785401,1.08459,-3.3035378,-0.59232867,-0.38491333,-0.70780522,0
-1.6726714,-3.8364563,0.83793211,-0.75244415,-0.049805999,0.65677011,0
-3.4907703,2.2544632,-1.6020918,-0.28805262,0.92160785,-0.26012409,0
1.2643211,-2.8241172,2.0493279,0.28805262,-0.92160785,0.26012409,0
-2.9878438,-0.12490821,-0.96373194,-0.59232867,-0.38491333,-0.70780522,0
1.7390331,-2.8644128,1.3808837,0.28805262,-0.92160785,0.26012409,0
1.834089,2.718287,0.51894331,0.59232867,0.38491333,0.70780522,0
-2.0840087,3.2911901,0.51318264,-0.28805262,0.92160785,-0.26012409,0
-1.8480296,0.57810074,-2.2998939,-0.59232867,-0.38491333,-0.70780522,0
2.5106263,-2.2095251,-0.33640635,0.75244415,0.049805999,-0.65677011,0
-0.89405632,-2.593924,-1.3732425,-0.59232867,-0.38491333,-0.70780522,0
-0.93359041,-3.420445,-0.89068627,-0.59232867,-0.38491333,-0.70780522,0
1.4441435,-3.6661215,-1.1329815,0.28805262,-0.92160785,0.26012409,0
2.9772449,0.17560124,0.94503421,0.59232867,0.38491333,0.70780522,0
-2.2391758,-2.3553281,0.30122447,-0.75244415,-0.049805999,0.65677011,0
-2.9375377,-0.33309507,-0.3455146,-0.75244415,-0.049805999,0.65677011,0
0.18721426,-3.238785,1.7729309,0.28805262,-0.92160785,0.26012409,0
-1.6719784,-2.837851,-0.58958602,-0.59232867,-0.38491333,-0.70780522,0
2.4607842,2.2117171,0.26997077,0.59232867,0.38491333,0.70780522,0
-0.23245537,3.0274053,-2.47174,-0.28805262,0.92160785,-0.26012409,0
-0.34964395,-0.39227355,-3.0261202,-0.59232867,-0.38491333,-0.70780522,0
-0.19447637,-3.2004981,-1.6288257,-0.59232867,-0.38491333,-0.70780522,0
0.43323302,2.6529107,-2.3476779,0.75244415,0.049805999,-0.65677011,0
1.8558211,-3.5327065,-1.1161759,0.28805262,-0.92160785,0.26012409,0
-0.17520106,-3.2646403,2.0826514,0.28805262,-0.92160785,0.26012409,0
-3.3265049,1.1419382,-1.369249,-0.59232867,-0.38491333,-0.70780522,0
1.1939139,-1.5438782,-1.7944496,0.75244415,0.049805999,-0.65677011,0
-0.12471211,-3.7214904,-1.4038861,-0.59232867,-0.38491333,-0.70780522,0
-1.8681521,-3.4820609,-0.075087786,-0.59232867,-0.38491333,-0.70780522,0
-0.81020641,3.8208477,0.97916961,-0.28805262,0.92160785,-0.26012409,0
-2.2141938,3.0381145,-0.23928928,-0.28805262,0.92160785,-0.26012409,0
3.0696301,-1.2478112,1.6417906,0.59232867,0.38491333,0.70780522,0
-3.0904443,2.2680619,-1.99722,-0.28805262,0.92160785,-0.26012409,0
-2.3480942,-1.1498015,0.26786029,-0.75244415,-0.049805999,0.65677011,0
2.009408,3.6294458,-0.46784091,0.75244415,0.049805999,-0.65677011,0
0.78407443,1.9539038,-1.9987376,0.75244415,0.049805999,-0.65677011,0
-1.4570613,2.9878528,-1.2557869,-0.28805262,0.92160785,-0.26012409,0
0.74288726,3.3496895,1.0887544,0.59232867,0.38491333,0.70780522,0
0.69691491,2.5726011,1.5498167,0.59232867,0.38491333,0.70780522,0
-1.9134204,1.746115,-2.8803518,-0.59232867,-0.38491333,-0.70780522,0
2.3096807,0.87203491,1.1249582,0.59232867,0.38491333,0.70780522,0
-0.10935598,-3.6257439,0.73036599,0.28805262,-0.92160785,0.26012409,0
-1.1565416,0.11192659,-2.6250563,-0.59232867,-0.38491333,-0.70780522,0
0.15296453,-3.801327,-0.18220186,0.28805262,-0.92160785,0.26012409,0
1.9258049,1.2381338,1.2471163,0.59232867,0.38491333,0.70780522,0
1.5597482,-3.147408,-1.4969264,0.75244415,0.049805999,-0.65677011,0
2.4374895,2.3256273,0.22751927,0.59232867,0.38491333,0.70780522,0
-1.3005925,-2.9604001,-0.83373749,-0.59232867,-0.38491333,-0.70780522,0
-1.2967426,3.5406456,0.52519917,-0.28805262,0.92160785,-0.26012409,0
3.2718265,-2.367106,1.4454553,0.28805262,-0.92160785,0.26012409,0
-1.0906787,2.9800479,-1.6891577,-0.28805262,0.92160785,-0.26012409,0
3.7531836,-1.7038976,1.1255033,0.75244415,0.049805999,-0.65677011,0
-1.4000635,-1.8488489,-1.3549702,-0.59232867,-0.38491333,-0.70780522,0
1.1760604,-1.2647181,3.2356238,0.59232867,0.38491333,0.70780522,0
-1.051881,3.1830759,-1.0128031,-0.28805262,0.92160785,-0.26012409,0
3.0740247,-0.73287714,0.4210459,0.75244415,0.049805999,-0.65677011,0
-1.2475282,-1.3973831,1.5099744,-0.75244415,-0.049805999,0.65677011,0
-2.3436441,1.9823923,-2.6488087,-0.59232867,-0.38491333,-0.70780522,0
2.3420324,-2.7759171,1.0266778,0.28805262,-0.92160785,0.26012409,0
-2.2459786,-1.9836403,-0.57376277,-0.59232867,-0.38491333,-0.70780522,0
0.99926198,4.1667767,0.42986393,0.59232867,0.38491333,0.70780522,0
1.0728979,3.7325439,-1.4189692,-0.28805262,0.92160785,-0.26012409,0
-2.9383941,-0.38982344,-0.35079783,-0.75244415,-0.049805999,0.65677011,0
-0.48045158,-1.4991523,-2.3147194,-0.59232867,-0.38491333,-0.70780522,0
-0.90242124,1.916356,-3.8189888,-0.59232867,-0.38491333,-0.70780522,0
2.839747,-2.416966,0.024927378,0.75244415,0.049805999,-0.65677011,0
-2.0678349,2.7225568,-1.5193691,-0.28805262,0.92160785,-0.26012409,0
-1.7079532,-3.6975956,-0.091940403,-0.59232867,-0.38491333,-0.70780522,0
2.7916193,-0.012773514,0.15211117,0.75244415,0.049805999,-0.65677011,0
2.8434587,-1.1201499,0.12752426,0.75244415,0.049805999,-0.65677011,0
-1.090385,3.2802432,-0.62590694,-0.28805262,0.92160785,-0.26012409,0
1.1755705,-2.5056767,3.2758265,0.28805262,-0.92160785,0.26012409,0
-2.7085178,2.6049919,-1.2264247,-0.28805262,0.92160785,-0.26012409,0
-1.5798347,-3.9927547,0.9324398,-0.75244415,-0.049805999,0.65677011,0
3.6575816,-2.0310817,1.5757136,0.59232867,0.38491333,0.70780522,0
-2.1852293,-1.867236,-0.68790269,-0.59232867,-0.38491333,-0.70780522,0
1.2390174,-3.7429471,-1.1780212,0.28805262,-0.92160785,0.26012409,0
1.713883,4.0879378,-0.12529516,0.59232867,0.38491333,0.70780522,0
2.6835608,-2.0754659,-0.12811303,0.75244415,0.049805999,-0.65677011,0
0.33749747,-3.9207268,-0.8095746,0.28805262,-0.92160785,0.26012409,0
-0.6749351,-3.761359,0.87619066,0.28805262,-0.92160785,0.26012409,0
-2.6406434,2.3256438,0.19625497,-0.75244415,-0.049805999,0.65677011,0
-1.8675171,1.2287116,0.99881935,-0.75244415,-0.049805999,0.65677011,0
-2.5251403,2.3523469,-2.3245997,-0.28805262,0.92160785,-0.26012409,0
0.20284462,1.9313351,2.3120091,0.59232867,0.38491333,0.70780522,0
-1.8015859,-1.1061175,-1.4228616,-0.59232867,-0.38491333,-0.70780522,0
1.9513392,-0.39263234,2.1125784,0.59232867,0.38491333,0.70780522,0
-2.0444005,2.3689225,-2.7982275,-0.28805262,0.92160785,-0.26012409,0
-2.0620377,1.5224215,0.79823577,-0.75244415,-0.049805999,0.65677011,0
-1.6231508,0.84868658,1.2499642,-0.75244415,-0.049805999,0.65677011,0
1.0310479,-3.4258466,0.17574859,0.28805262,-0.92160785,0.26012409,0
0.97255445,4.1128259,0.48155355,0.59232867,0.38491333,0.70780522,0
0.32078743,-0.91181749,-2.746835,0.75244415,0.049805999,-0.65677011,0
2.3339319,0.46531224,1.3258443,0.59232867,0.38491333,0.70780522,0
-0.58879852,3.0297716,-2.0687547,-0.28805262,0.92160785,-0.26012409,0
2.2468338,3.3334956,-0.16102147,0.59232867,0.38491333,0.70780522,0
-1.2851903,2.7594626,-2.255285,-0.28805262,0.92160785,-0.26012409,0
1.5405149,-1.4835398,-1.3927821,0.75244415,0.049805999,-0.65677011,0
-2.0382891,1.9375372,0.85692441,-0.75244415,-0.049805999,0.65677011,0
-0.79311037,-2.515976,-1.500109,-0.59232867,-0.38491333,-0.70780522,0
-2.8732684,2.6703343,-0.8124814,-0.28805262,0.92160785,-0.26012409,0
0.93736529,-2.4521289,-2.1572478,0.75244415,0.049805999,-0.65677011,0
0.9311626,-1.4460135,3.5391586,0.59232867,0.38491333,0.70780522,0
0.77861381,-3.5282555,0.092455149,0.28805262,-0.92160785,0.26012409,0
0.98676002,-4.0440559,-1.9654957,0.28805262,-0.92160785,0.26012409,0
-0.95835519,2.4700129,-3.6427186,-0.28805262,0.92160785,-0.26012409,0
-1.7957647,2.1212938,1.1487131,-0.75244415,-0.049805999,0.65677011,0
2.7404451,0.43191338,0.12720501,0.75244415,0.049805999,-0.65677011,0
-1.5768945,1.7335382,-3.1551349,-0.59232867,-0.38491333,-0.70780522,0
2.8610725,0.030281782,1.1212797,0.59232867,0.38491333,0.70780522,0
1.8306417,-2.8366692,-1.1630059,0.75244415,0.049805999,-0.65677011,0
-2.6359091,3.0067096,0.11643624,-0.28805262,0.92160785,-0.26012409,0
-2.1546624,2.5941749,0.77339447,-0.75244415,-0.049805999,0.65677011,0
0.48973179,-0.034165978,-2.4867229,0.75244415,0.049805999,-0.65677011,0
0.69947159,-3.3552356,0.79309559,0.28805262,-0.92160785,0.26012409,0
-1.1331087,3.1083863,-1.1874774,-0.28805262,0.92160785,-0.26012409,0
0.15647638,-3.1356568,2.1723466,0.28805262,-0.92160785,0.26012409,0
-2.8038402,2.8624439,0.0499928,-0.75244415,-0.049805999,0.65677011,0
0.97483492,4.0704999,-0.11301613,-0.28805262,0.92160785,-0.26012409,0
2.0678144,0.29598939,1.6406252,0.59232867,0.38491333,0.70780522,0
-0.935009,2.4986033,-3.5672765,-0.28805262,0.92160785,-0.26012409,0
1.701777,1.7892759,1.134877,0.59232867,0.38491333,0.70780522,0
-1.1433957,2.3814249,-3.751673,-0.28805262,0.92160785,-0.26012409,0
-0.010032415,1.9564664,-2.9083297,0.75244415,0.049805999,-0.65677011,0
-2.7067604,-1.4298854,-0.1642946,-0.75244415,-0.049805999,0.65677011,0
1.4371421,3.8764188,-1.1047411,0.75244415,0.049805999,-0.65677011,0
-1.2382188,-0.64340413,1.5778179,-0.75244415,-0.049805999,0.65677011,0
2.2853401,-3.1782675,-0.66797495,0.75244415,0.049805999,-0.65677011,0
0.52012897,-3.4670784,-2.0818756,-0.59232867,-0.38491333,-0.70780522,0
0.93505132,-3.3149502,0.67495227,0.28805262,-0.92160785,0.26012409,0
-0.82515264,-0.43708324,2.0667033,-0.75244415,-0.049805999,0.65677011,0
1.8335605,2.2034857,-0.77744198,0.75244415,0.049805999,-0.65677011,0
-0.46192968,3.978934,1.1535916,-0.28805262,0.92160785,-0.26012409,0
0.0090932846,-3.8941159,-0.35162997,0.28805262,-0.92160785,0.26012409,0
2.5686445,0.34873557,-0.07593058,0.75244415,0.049805999,-0.65677011,0
2.5681057,1.8952315,0.35226774,0.59232867,0.38491333,0.70780522,0
2.5745294,-1.5754139,2.2342715,0.59232867,0.38491333,0.70780522,0
0.80399656,0.97999251,-2.0497699,0.75244415,0.049805999,-0.65677011,0
-0.059631586,2.6751335,2.1271765,0.59232867,0.38491333,0.70780522,0
-0.50609338,-0.81283116,2.4037457,-0.75244415,-0.049805999,0.65677011,0
-0.69724345,0.16500521,-3.038286,-0.59232867,-0.38491333,-0.70780522,0
2.0958986,3.4837556,-0.37979841,0.75244415,0.049805999,-0.65677011,0
0.32606196,3.9914794,1.0885623,0.59232867,0.38491333,0.70780522,0
-1.1657677,2.6053984,1.9071963,-0.75244415,-0.049805999,0.65677011,0
-2.8901765,2.234993,-2.328809,-0.59232867,-0.38491333,-0.70780522,0
2.3256924,-2.8528779,-0.59706879,0.75244415,0.049805999,-0.65677011,0
1.8281257,0.676112,1.6344938,0.59232867,0.38491333,0.70780522,0
-1.2681701,-3.2636318,1.3447981,-0.75244415,-0.049805999,0.65677011,0
2.124125,3.6367934,-0.22326922,0.59232867,0.38491333,0.70780522,0
0.17013404,3.4326479,-1.4817972,-0.28805262,0.92160785,-0.26012409,0
-0.5255537,-2.1356969,-1.9308147,-0.59232867,-0.38491333,-0.70780522,0
-1.4712284,-1.2460203,1.2651653,-0.75244415,-0.049805999,0.65677011,0
-2.6751814,1.7056488,-2.2208643,-0.59232867,-0.38491333,-0.70780522,0
-0.28351927,-2.5291114,2.5285892,-0.75244415,-0.049805999,0.65677011,0
0.018665284,-3.4853585,1.0859785,0.28805262,-0.92160785,0.26012409,0
2.6153007,-1.1438357,-0.13566697,0.75244415,0.049805999,-0.65677011,0
0.81149435,1.9905499,1.7704573,0.59232867,0.38491333,0.70780522,0
0.17973351,-1.6820779,-2.76772,-0.59232867,-0.38491333,-0.70780522,0
0.42828763,3.9702191,0.13692045,-0.28805262,0.92160785,-0.26012409,0
-1.4037765,-4.2346764,0.006342411,0.28805262,-0.92160785,0.26012409,0
0.18742037,-1.9006581,3.1157913,-0.75244415,-0.049805999,0.65677011,0
2.4330137,2.4566946,0.15998912,0.59232867,0.38491333,0.70780522,0
1.0103767,-1.5045396,-2.00174,0.75244415,0.049805999,-0.65677011,0
1.0895202,2.2866364,1.376775,0.59232867,0.38491333,0.70780522,0
0.9454602,4.1744542,0.28781629,-0.28805262,0.92160785,-0.26012409,0
1.0720086,1.6915729,1.7150326,0.59232867,0.38491333,0.70780522,0
3.111166,-0.96676147,0.44586134,0.75244415,0.049805999,-0.65677011,0
2.9359159,-0.82687593,0.25568998,0.75244415,0.049805999,-0.65677011,0
2.3473575,0.26280117,1.4247371,0.59232867,0.38491333,0.70780522,0
-0.65823966,-0.50829947,2.2525303,-0.75244415,-0.049805999,0.65677011,0
0.86068624,-3.2169576,1.1044848,0.28805262,-0.92160785,0.26012409,0
-0.19847989,1.4931508,2.8861489,0.59232867,0.38491333,0.70780522,0
0.7299546,-1.3586428,-2.3119481,0.75244415,0.049805999,-0.65677011,0
0.41796005,2.2622123,-2.3948042,0.75244415,0.049805999,-0.65677011,0
-2.2136114,2.5097125,0.69945312,-0.75244415,-0.049805999,0.65677011,0
2.9485812,0.75917053,0.6516692,0.59232867,0.38491333,0.70780522,0
-2.7745876,-0.17074418,-0.1465154,-0.75244415,-0.049805999,0.65677011,0
-1.6044263,1.9840547,1.3575171,-0.75244415,-0.049805999,0.65677011,0
3.2538576,-1.778857,1.7764091,0.59232867,0.38491333,0.70780522,0
1.9028957,0.095537484,1.8876464,0.59232867,0.38491333,0.70780522,0
0.73980248,2.34586,-2.0197344,0.75244415,0.049805999,-0.65677011,0
0.14838791,3.1530044,1.6932223,0.59232867,0.38491333,0.70780522,0
0.072361261,-3.4973767,0.98393631,0.28805262,-0.92160785,0.26012409,0
0.80852485,-1.8521515,-2.2593575,0.75244415,0.049805999,-0.65677011,0
-2.7801676,2.5604665,-1.3048344,-0.28805262,0.92160785,-0.26012409,0
-0.91964042,2.7623785,2.2010825,-0.75244415,-0.049805999,0.65677011,0
-2.9409394,2.2899289,-2.0853031,-0.28805262,0.92160785,-0.26012409,0
0.74193668,-3.9265726,-2.017617,-0.59232867,-0.38491333,-0.70780522,0
2.2001534,-1.5502942,-0.64211404,0.75244415,0.049805999,-0.65677011,0
-0.99776572,1.6270682,2.02548,-0.75244415,-0.049805999,0.65677011,0
2.5740883,-0.95597005,1.8977801,0.59232867,0.38491333,0.70780522,0
-0.94218838,3.4368939,2.2264018,-0.75244415,-0.049805999,0.65677011,0
1.9564323,1.190717,1.247272,0.59232867,0.38491333,0.70780522,0
-2.7445798,-1.7081449,-0.22872472,-0.75244415,-0.049805999,0.65677011,0
-0.2220788,3.2332003,-1.7541087,-0.28805262,0.92160785,-0.26012409,0
-2.4542937,-2.2827795,0.060271025,-0.75244415,-0.049805999,0.65677011,0
0.95715302,-2.0762358,-2.1060715,0.75244415,0.049805999,-0.65677011,0
2.3128653,-0.012691259,1.603418,0.59232867,0.38491333,0.70780522,0
0.62206531,2.8358903,1.4692748,0.59232867,0.38491333,0.70780522,0
-3.7413979,2.3267348,-1.0685019,-0.28805262,0.92160785,-0.26012409,0
-1.4933804,-1.3442497,1.2323374,-0.75244415,-0.049805999,0.65677011,0
2.4344294,-2.5262194,1.8090279,0.28805262,-0.92160785,0.26012409,0
-1.7063464,3.1100564,-0.54677582,-0.28805262,0.92160785,-0.26012409,0
0.77834219,1.0361699,-2.0749009,0.75244415,0.049805999,-0.65677011,0
3.5458169,-0.84657431,0.9529438,0.75244415,0.049805999,-0.65677011,0
0.96054077,3.9167955,-0.64175558,-0.28805262,0.92160785,-0.26012409,0
3.4986258,-2.4098816,0.78032446,0.75244415,0.049805999,-0.65677011,0
0.52414292,-3.8245625,-0.67555332,0.28805262,-0.92160785,0.26012409,0
0.55111301,3.7125459,1.0519152,0.59232867,0.38491333,0.70780522,0
-2.0379717,2.2114277,0.87805855,-0.75244415,-0.049805999,0.65677011,0
2.9389408,0.63049698,0.36967573,0.75244415,0.049805999,-0.65677011,0
0.22090626,1.5263282,2.5171418,0.59232867,0.38491333,0.70780522,0
-0.94153202,-3.3072913,-0.94557428,-0.59232867,-0.38491333,-0.70780522,0
-0.67307919,-3.8610885,0.52079821,0.28805262,-0.92160785,0.26012409,0
-1.644403,3.28721,0.012276173,-0.28805262,0.92160785,-0.26012409,0
-1.7292531,3.5404131,1.0033231,-0.28805262,0.92160785,-0.26012409,0
2.479661,-2.3208556,-0.38032532,0.75244415,0.049805999,-0.65677011,0
-0.45697522,3.6950674,1.9050419,0.59232867,0.38491333,0.70780522,0
-1.2064265,3.0218263,-1.4129648,-0.28805262,0.92160785,-0.26012409,0
0.79545975,-2.6538236,3.1718707,0.28805262,-0.92160785,0.26012409,0
-0.038333654,2.6296349,-2.8897052,0.75244415,0.049805999,-0.65677011,0
-2.4218416,1.6943815,0.39905858,-0.75244415,-0.049805999,0.65677011,0
-2.3088441,-1.6236987,0.27688992,-0.75244415,-0.049805999,0.65677011,0
-1.7603501,-3.1261148,-0.35887027,-0.59232867,-0.38491333,-0.70780522,0
1.4390911,0.94326687,-1.3249437,0.75244415,0.049805999,-0.65677011,0
1.3260604,3.1228037,-1.289155,0.75244415,0.049805999,-0.65677011,0
2.0998755,-2.7915969,1.2392819,0.28805262,-0.92160785,0.26012409,0
0.48092178,3.659241,-1.0231452,-0.28805262,0.92160785,-0.26012409,0
-2.5791664,0.9818505,-1.9076039,-0.59232867,-0.38491333,-0.70780522,0
-0.78675091,3.8894944,2.0752838,0.59232867,0.38491333,0.70780522,0
1.7642968,-2.4206984,2.9249649,0.28805262,-0.92160785,0.26012409,0
-1.4568392,-1.7876397,1.2405769,-0.75244415,-0.049805999,0.65677011,0
-1.6755531,-3.0216708,0.89641976,-0.75244415,-0.049805999,0.65677011,0
1.7478857,3.7420886,-0.75891757,0.75244415,0.049805999,-0.65677011,0
2.6571419,0.33831298,1.1244291,0.59232867,0.38491333,0.70780522,0
2.5688961,2.1758101,0.062914252,0.75244415,0.049805999,-0.65677011,0
-0.34110427,2.541141,-3.2432919,0.75244415,0.049805999,-0.65677011,0
1.1067441,-3.5563135,-0.37031269,0.28805262,-0.92160785,0.26012409,0
-2.378973,3.0990086,0.15892625,-0.28805262,0.92160785,-0.26012409,0
-3.0374465,2.5662642,-0.99939251,-0.28805262,0.92160785,-0.26012409,0
-3.8433089,1.7851242,-1.2225976,-0.75244415,-0.049805999,0.65677011,0
1.8738449,-2.5345132,2.4004152,0.28805262,-0.92160785,0.26012409,0
2.9812629,0.25439143,0.89882421,0.59232867,0.38491333,0.70780522,0
1.3210217,-3.0404212,1.2201843,0.28805262,-0.92160785,0.26012409,0
-3.0288515,0.056475639,-1.0280538,-0.59232867,-0.38491333,-0.70780522,0
-0.38788962,0.35816002,-3.4022095,-0.59232867,-0.38491333,-0.70780522,0
2.9266713,1.0148838,0.53094435,0.59232867,0.38491333,0.70780522,0
2.4843273,-1.6813388,-0.32648134,0.75244415,0.049805999,-0.65677011,0
-0.909073,-4.1038618,-0.078005075,0.28805262,-0.92160785,0.26012409,0
-0.88793945,-0.83711523,-2.3337359,-0.59232867,-0.38491333,-0.70780522,0
0.63713193,-3.4597249,0.49192739,0.28805262,-0.92160785,0.26012409,0
-2.1569805,0.54245484,0.61514634,-0.75244415,-0.049805999,0.65677011,0
-3.1622345,0.38114321,-1.0929902,-0.59232867,-0.38491333,-0.70780522,0
0.61454076,3.622721,-1.3004994,-0.28805262,0.92160785,-0.26012409,0
-1.1507622,-3.5483439,1.4577188,-0.75244415,-0.049805999,0.65677011,0
2.5151331,-2.0251904,2.5285714,0.59232867,0.38491333,0.70780522,0
-1.8268771,-3.8830874,0.10845423,-0.59232867,-0.38491333,-0.70780522,0
2.1520529,0.064161301,-0.57478929,0.75244415,0.049805999,-0.65677011,0
0.24886441,-1.6648767,-2.8349266,-0.59232867,-0.38491333,-0.70780522,0
0.77547902,0.94651532,-2.08498,0.75244415,0.049805999,-0.65677011,0
0.018253088,-0.72883153,3.0108466,-0.75244415,-0.049805999,0.65677011,0
-0.43868625,-3.4314127,1.7835588,0.28805262,-0.92160785,0.26012409,0
0.62652707,2.0803585,-2.1696458,0.75244415,0.049805999,-0.65677011,0
0.78169537,-1.3152183,3.5931125,0.59232867,0.38491333,0.70780522,0
-3.2331262,1.6047194,-0.53720856,-0.75244415,-0.049805999,0.65677011,0
-0.81586313,-0.95932007,2.0377421,-0.75244415,-0.049805999,0.65677011,0
1.4368806,-3.4013786,-0.18696785,0.28805262,-0.92160785,0.26012409,0
-1.1488581,-0.52649653,-2.2843039,-0.59232867,-0.38491333,-0.70780522,0
2.0552044,1.0105205,-0.61397886,0.75244415,0.049805999,-0.65677011,0
0.89945507,-1.0403833,3.3451061,0.59232867,0.38491333,0.70780522,0
0.2674849,-1.9697011,-2.684742,-0.59232867,-0.38491333,-0.70780522,0
0.15312791,3.4627111,1.5208335,0.59232867,0.38491333,0.70780522,0
-2.2662585,2.3480892,-2.6263611,-0.28805262,0.92160785,-0.26012409,0
-2.7208056,-1.5373242,-0.41911411,-0.59232867,-0.38491333,-0.70780522,0
3.1958106,-0.50016952,1.12962,0.59232867,0.38491333,0.70780522,0
1.9607387,1.9336917,0.83962917,0.59232867,0.38491333,0.70780522,0
1.9198701,-3.0533805,0.51112652,0.28805262,-0.92160785,0.26012409,0
-2.2727952,0.24270415,0.45972902,-0.75244415,-0.049805999,0.65677011,0
-1.7695723,3.3879147,0.50767732,-0.28805262,0.92160785,-0.26012409,0
-1.8517575,0.77159142,-2.4019966,-0.59232867,-0.38491333,-0.70780522,0
1.0460043,-2.6732895,2.8254592,0.28805262,-0.92160785,0.26012409,0
-0.56674004,-1.045132,-2.4894104,-0.59232867,-0.38491333,-0.70780522,0
2.6358683,0.62871921,0.98430496,0.59232867,0.38491333,0.70780522,0
0.42213714,-1.3811398,-2.6663122,0.75244415,0.049805999,-0.65677011,0
0.42628253,-0.67574835,-2.6080699,0.75244415,0.049805999,-0.65677011,0
-2.2258496,2.8477798,-0.9007287,-0.28805262,0.92160785,-0.26012409,0
1.2664673,-2.6118407,-1.7923157,0.75244415,0.049805999,-0.65677011,0
1.7292087,3.3235581,0.27755857,0.59232867,0.38491333,0.70780522,0
3.1751261,-0.68330634,1.2465214,0.59232867,0.38491333,0.70780522,0
0.77940476,1.0050437,-2.0760443,0.75244415,0.049805999,-0.65677011,0
-1.5984788,3.4731946,0.62035608,-0.28805262,0.92160785,-0.26012409,0
2.676214,-2.8967147,0.22863793,0.28805262,-0.92160785,0.26012409,0
-0.3490119,-2.6775236,-1.7839023,-0.59232867,-0.38491333,-0.70780522,0
-1.4143639,-3.1842074,-0.61681867,-0.59232867,-0.38491333,-0.70780522,0
2.3322577,-3.1862168,-0.41616964,0.28805262,-0.92160785,0.26012409,0
0.76054519,1.203799,-2.0825782,0.75244415,0.049805999,-0.65677011,0
-1.0147157,-0.86993688,-2.209794,-0.59232867,-0.38491333,-0.70780522,0
0.95542037,-2.9292395,2.0189507,0.28805262,-0.92160785,0.26012409,0
-0.40419888,2.84023,2.325747,0.59232867,0.38491333,0.70780522,0
1.9485378,0.52131391,1.6179079,0.59232867,0.38491333,0.70780522,0
-2.400604,0.70532894,-1.9066585,-0.59232867,-0.38491333,-0.70780522,0
1.743171,-2.5700388,-1.2429991,0.75244415,0.049805999,-0.65677011,0
-0.44974566,0.13728213,2.540354,-0.75244415,-0.049805999,0.65677011,0
3.2870774,-1.2451365,1.4583646,0.59232867,0.38491333,0.70780522,0
0.51250106,-3.2411835,1.4042213,0.28805262,-0.92160785,0.26012409,0
2.41136,-0.3815977,1.7216082,0.59232867,0.38491333,0.70780522,0
-0.59245467,-4.0454297,-0.221596,0.28805262,-0.92160785,0.26012409,0
-2.8504782,2.8223457,-0.2991488,-0.28805262,0.92160785,-0.26012409,0
0.56627345,-2.8549657,2.7130272,0.28805262,-0.92160785,0.26012409,0
3.1315362,-0.46202743,1.1626652,0.59232867,0.38491333,0.70780522,0
0.33773255,2.4212511,-2.4746585,0.75244415,0.049805999,-0.65677011,0
-0.15204096,1.2765598,2.9650712,0.59232867,0.38491333,0.70780522,0
1.1681638,1.7997507,-1.5703864,0.75244415,0.049805999,-0.65677011,0
0.98028159,-2.5694642,3.2660866,0.28805262,-0.92160785,0.26012409,0
0.039721489,-4.0765142,-1.031775,0.28805262,-0.92160785,0.26012409,0
0.12757206,0.81666577,-2.8371167,0.75244415,0.049805999,-0.65677011,0
1.5674982,1.0769862,-1.1676905,0.75244415,0.049805999,-0.65677011,0
1.72191,-3.1422341,0.41553712,0.28805262,-0.92160785,0.26012409,0
1.5926588,-2.7543275,1.9330001,0.28805262,-0.92160785,0.26012409,0
0.2218864,0.50509024,-2.7526922,0.75244415,0.049805999,-0.65677011,0
0.93116641,-0.49922085,3.0242777,0.59232867,0.38491333,0.70780522,0
-1.3436925,-1.6781907,1.3785063,-0.75244415,-0.049805999,0.65677011,0
-1.9262938,0.512761,-2.1988659,-0.59232867,-0.38491333,-0.70780522,0
-0.19989347,1.6913526,-3.1459537,0.75244415,0.049805999,-0.65677011,0
-1.5780287,1.0263637,-2.7696157,-0.59232867,-0.38491333,-0.70780522,0
0.64387226,-3.239928,1.2631943,0.28805262,-0.92160785,0.26012409,0
1.0999591,-2.2016995,3.8088517,0.59232867,0.38491333,0.70780522,0
-0.096699238,0.83418757,2.9976799,-0.75244415,-0.049805999,0.65677011,0
