-1.3505186,-3.5618105,2.7241325,-0.52486885,-0.61170542,0.59188604,0
2.9594338,-1.1183562,-4.3410892,0.46887493,-0.78813744,-0.3987425,0
1.2756605,-2.5464022,-3.4983966,0.46887493,-0.78813744,-0.3987425,0
4.656261,-0.52810943,-3.5124745,0.46887493,-0.78813744,-0.3987425,0
1.2146816,2.7878015,1.3517393,0.71040058,0.068233073,0.70048213,0
1.4526904,-1.4529386,-4.1869068,-0.71040058,-0.068233073,-0.70048213,0
-1.1849668,4.144536,-2.0571442,-0.71040058,-0.068233073,-0.70048213,0
-3.9235983,-2.424077,1.6182237,-0.52486885,-0.61170542,0.59188604,0
0.72381258,-4.5611424,-0.16505599,0.46887493,-0.78813744,-0.3987425,0
-2.9203053,-4.2920394,0.57740641,-0.52486885,-0.61170542,0.59188604,0
-0.25814509,1.2548754,2.9947407,0.71040058,0.068233073,0.70048213,0
-3.5380986,-0.1717397,4.2878318,-0.52486885,-0.61170542,0.59188604,0
0.63314819,4.0160637,1.8218634,0.71040058,0.068233073,0.70048213,0
1.7422845,-1.8438443,1.2678282,0.71040058,0.068233073,0.70048213,0
-4.2906733,1.221899,2.571048,-0.46887493,0.78813744,0.3987425,0
-0.059244633,-4.7186413,-0.77453578,0.46887493,-0.78813744,-0.3987425,0
-2.8224754,-3.988205,0.97816849,-0.52486885,-0.61170542,0.59188604,0
-0.30534649,4.1813178,1.4078689,-0.46887493,0.78813744,0.3987425,0
1.2102631,3.1516314,-3.2724209,0.52486885,0.61170542,-0.59188604,0
2.0550056,-3.2730503,-1.1457165,0.46887493,-0.78813744,-0.3987425,0
-4.1401939,1.2177987,1.2250166,-0.71040058,-0.068233073,-0.70048213,0
1.472805,-4.8839283,1.3536763,0.46887493,-0.78813744,-0.3987425,0
0.18171906,4.4696712,-2.8223314,0.52486885,0.61170542,-0.59188604,0
-1.8916936,-4.0798321,1.7088647,-0.52486885,-0.61170542,0.59188604,0
-0.63461256,3.7908416,1.7924887,-0.46887493,0.78813744,0.3987425,0
4.8144655,-0.97030079,-2.4524281,0.46887493,-0.78813744,-0.3987425,0
-1.1847126,0.44718432,4.0131044,0.71040058,0.068233073,0.70048213,0
4.2404919,-0.59647298,-3.8662467,0.46887493,-0.78813744,-0.3987425,0
2.110049,-0.51823258,0.76573062,0.71040058,0.068233073,0.70048213,0
0.10828745,-2.4174528,2.9808362,0.71040058,0.068233073,0.70048213,0
-0.43929479,-2.5231023,3.546463,0.71040058,0.068233073,0.70048213,0
-0.54439831,4.9111881,-2.7814617,-0.71040058,-0.068233073,-0.70048213,0
1.5655792,5.4747291,-0.55644941,0.52486885,0.61170542,-0.59188604,0
-1.1921345,-1.2785699,4.188735,0.71040058,0.068233073,0.70048213,0
1.9540226,3.7305121,0.51010132,0.71040058,0.068233073,0.70048213,0
-0.050587654,-5.4108481,1.9659238,-0.52486885,-0.61170542,0.59188604,0
-1.4694545,0.70505941,-1.4335939,-0.71040058,-0.068233073,-0.70048213,0
0.75344181,-3.8190827,2.4630778,0.71040058,0.068233073,0.70048213,0
-1.9583943,3.0729821,1.6547656,-0.46887493,0.78813744,0.3987425,0
5.0870905,-0.87449431,-2.3212192,0.46887493,-0.78813744,-0.3987425,0
-0.97654867,2.0664527,3.6442618,0.71040058,0.068233073,0.70048213,0
-1.8930871,-4.9498038,0.80852699,-0.52486885,-0.61170542,0.59188604,0
-3.5689735,-2.5374343,1.8155427,-0.52486885,-0.61170542,0.59188604,0
0.15991092,-5.5096712,2.050456,-0.52486885,-0.61170542,0.59188604,0
-0.27391982,3.6696539,2.4561567,-0.46887493,0.78813744,0.3987425,0
2.3678946,-2.3990235,-2.5053589,0.46887493,-0.78813744,-0.3987425,0
-3.9019082,0.32214653,1.070601,-0.71040058,-0.068233073,-0.70048213,0
1.1979318,-3.5899577,-1.5271492,0.46887493,-0.78813744,-0.3987425,0
1.8499053,5.0716066,0.48505902,0.71040058,0.068233073,0.70048213,0
-1.3344855,5.1336241,-2.0018549,-0.71040058,-0.068233073,-0.70048213,0
-1.1003003,4.9708371,-1.087435,-0.46887493,0.78813744,0.3987425,0
-3.6787024,-2.9454803,1.1625295,-0.71040058,-0.068233073,-0.70048213,0
-2.0925887,1.7793031,-0.9062773,-0.71040058,-0.068233073,-0.70048213,0
-0.5212779,3.8308725,1.8466341,-0.46887493,0.78813744,0.3987425,0
-2.7013798,2.7233546,-0.3808248,-0.71040058,-0.068233073,-0.70048213,0
-2.2840941,-0.39169884,5.1725254,-0.52486885,-0.61170542,0.59188604,0
-0.30600834,4.8554897,0.074551344,-0.46887493,0.78813744,0.3987425,0
-3.9534199,-0.0294348,1.1570888,-0.71040058,-0.068233073,-0.70048213,0
2.5429859,0.46256876,-4.8697042,0.52486885,0.61170542,-0.59188604,0
-1.4579124,-5.5392127,-0.79729939,0.46887493,-0.78813744,-0.3987425,0
0.82704115,4.2716398,-2.454741,0.52486885,0.61170542,-0.59188604,0
-1.3937061,3.4919317,-1.7818804,-0.71040058,-0.068233073,-0.70048213,0
0.98876166,-3.1063304,-2.7290268,0.46887493,-0.78813744,-0.3987425,0
1.5064738,3.2926085,-2.8640509,0.52486885,0.61170542,-0.59188604,0
1.5523577,-4.5485187,0.78426528,0.46887493,-0.78813744,-0.3987425,0
0.61597079,3.5813196,-3.3553472,0.52486885,0.61170542,-0.59188604,0
-2.4149342,3.729322,-0.1793654,-0.46887493,0.78813744,0.3987425,0
2.2533755,-3.5662954,-0.33284056,0.46887493,-0.78813744,-0.3987425,0
1.1011651,5.1986756,-1.2535768,0.52486885,0.61170542,-0.59188604,0
1.0281167,5.3566165,-1.1551247,0.52486885,0.61170542,-0.59188604,0
-4.1341133,-0.67412519,3.2400942,-0.52486885,-0.61170542,0.59188604,0
-3.744997,-2.1518271,2.0579696,-0.52486885,-0.61170542,0.59188604,0
-2.5142312,-3.4899507,1.766449,-0.52486885,-0.61170542,0.59188604,0
-0.41595531,3.5072172,-2.774965,-0.71040058,-0.068233073,-0.70048213,0
1.8413875,2.5497561,0.73934734,0.71040058,0.068233073,0.70048213,0
0.41020727,-3.8916855,-1.8570402,0.46887493,-0.78813744,-0.3987425,0
1.6591589,3.857471,-2.1448774,0.52486885,0.61170542,-0.59188604,0
-0.095290184,5.7011161,-1.7952962,0.52486885,0.61170542,-0.59188604,0
1.4792255,2.4745111,-3.733706,0.52486885,0.61170542,-0.59188604,0
2.7236841,-0.072331905,-5.2622776,0.52486885,0.61170542,-0.59188604,0
-0.52130055,3.7075028,-2.6876369,-0.71040058,-0.068233073,-0.70048213,0
2.6046596,-3.0400057,-0.96001267,0.46887493,-0.78813744,-0.3987425,0
0.0044174194,5.3537517,-0.54526782,-0.46887493,0.78813744,0.3987425,0
1.6981393,4.5328422,-1.4123249,0.52486885,0.61170542,-0.59188604,0
-1.8557208,-1.9371107,-0.7844882,-0.71040058,-0.068233073,-0.70048213,0
-2.7304769,3.0349183,0.82212198,-0.46887493,0.78813744,0.3987425,0
2.8249447,0.30223119,-4.785377,0.52486885,0.61170542,-0.59188604,0
0.73878115,3.6965909,-3.1273117,0.52486885,0.61170542,-0.59188604,0
-2.4599791,-1.9940398,3.3605599,-0.52486885,-0.61170542,0.59188604,0
3.6986811,-1.1572745,-0.78314745,0.71040058,0.068233073,0.70048213,0
0.83645368,-3.5029299,-2.1242208,0.46887493,-0.78813744,-0.3987425,0
-3.703594,-2.0475483,2.2024555,-0.52486885,-0.61170542,0.59188604,0
1.8961129,-2.1926219,-3.4680843,0.46887493,-0.78813744,-0.3987425,0
2.9037149,-2.8096619,0.18403187,0.71040058,0.068233073,0.70048213,0
2.1085517,4.9210801,-0.64714336,0.52486885,0.61170542,-0.59188604,0
-0.031203032,-3.3940153,3.2174275,0.71040058,0.068233073,0.70048213,0
-0.45771408,-4.9851227,-0.71637368,0.46887493,-0.78813744,-0.3987425,0
3.7215447,-1.2243536,-3.2354259,0.46887493,-0.78813744,-0.3987425,0
-1.3625501,-4.6252542,1.6144099,-0.52486885,-0.61170542,0.59188604,0
-2.8126082,3.440114,-0.33784014,-0.71040058,-0.068233073,-0.70048213,0
-1.2003703,3.6451821,-1.992882,-0.71040058,-0.068233073,-0.70048213,0
1.9052544,3.1866794,-2.6199002,0.52486885,0.61170542,-0.59188604,0
-2.0324137,2.5850725,-1.0457933,-0.71040058,-0.068233073,-0.70048213,0
4.1044321,-1.9880651,-1.2756753,0.46887493,-0.78813744,-0.3987425,0
-2.2896979,1.5541506,-0.68444526,-0.71040058,-0.068233073,-0.70048213,0
-2.681299,-0.47407818,4.7351575,-0.52486885,-0.61170542,0.59188604,0
-3.3791862,-3.2990139,1.1967602,-0.52486885,-0.61170542,0.59188604,0
0.34853196,-1.4079332,-3.0714984,-0.71040058,-0.068233073,-0.70048213,0
1.6840549,-0.90106666,-4.4753046,-0.71040058,-0.068233073,-0.70048213,0
-1.8656321,-1.9801264,3.9019899,-0.52486885,-0.61170542,0.59188604,0
-3.1279147,-0.71605843,4.0890274,-0.52486885,-0.61170542,0.59188604,0
-3.0630209,-2.9878359,1.7987256,-0.52486885,-0.61170542,0.59188604,0
1.7120425,1.530901,-4.5024562,0.52486885,0.61170542,-0.59188604,0
-5.1211834,-0.57193339,2.4704003,-0.52486885,-0.61170542,0.59188604,0
1.2766728,3.962441,1.1744506,0.71040058,0.068233073,0.70048213,0
-1.7359939,1.9125751,-1.2809033,-0.71040058,-0.068233073,-0.70048213,0
-4.1572914,-2.0288343,1.819469,-0.52486885,-0.61170542,0.59188604,0
-2.4974885,1.7463346,3.6430495,-0.46887493,0.78813744,0.3987425,0
-0.017880082,0.17385459,2.8563743,0.71040058,0.068233073,0.70048213,0
0.52001882,-5.4172258,2.4653311,-0.52486885,-0.61170542,0.59188604,0
1.7663703,-1.9088801,-4.1814785,0.46887493,-0.78813744,-0.3987425,0
-1.1921198,0.80529714,3.9857326,0.71040058,0.068233073,0.70048213,0
-2.8345661,3.3087301,0.15851954,-0.46887493,0.78813744,0.3987425,0
-1.0225816,2.8105779,3.2738309,-0.46887493,0.78813744,0.3987425,0
1.8157268,2.6112375,-3.2940011,0.52486885,0.61170542,-0.59188604,0
-1.0536232,-2.2053297,4.138536,0.71040058,0.068233073,0.70048213,0
2.2846379,0.71420515,0.46861917,0.71040058,0.068233073,0.70048213,0
2.2996645,2.2269793,-3.2619824,0.52486885,0.61170542,-0.59188604,0
-1.846489,-5.9634233,-0.19771147,-0.52486885,-0.61170542,0.59188604,0
-0.23644471,-5.404212,0.3721683,0.46887493,-0.78813744,-0.3987425,0
-0.8992945,-0.75961876,3.8411977,0.71040058,0.068233073,0.70048213,0
3.5475733,3.2398167,-1.1086187,0.52486885,0.61170542,-0.59188604,0
0.53526771,3.6617227,-3.3438168,0.52486885,0.61170542,-0.59188604,0
-4.9167218,-0.92437971,2.2874641,-0.52486885,-0.61170542,0.59188604,0
-3.2027373,2.8353357,0.11672392,-0.71040058,-0.068233073,-0.70048213,0
-0.42425513,5.1587849,-2.6475048,0.52486885,0.61170542,-0.59188604,0
2.6030672,2.3919327,-2.8224568,0.52486885,0.61170542,-0.59188604,0
5.2215228,-0.45894623,-2.3955741,0.71040058,0.068233073,0.70048213,0
-0.64609456,4.5007052,-2.6383412,-0.71040058,-0.068233073,-0.70048213,0
-1.0300055,2.5447891,3.6518817,0.71040058,0.068233073,0.70048213,0
-1.9640031,-5.3807712,-0.33923054,-0.71040058,-0.068233073,-0.70048213,0
0.41593695,3.1439686,2.1271,0.71040058,0.068233073,0.70048213,0
-4.6837034,-0.057963014,3.3895264,-0.52486885,-0.61170542,0.59188604,0
-0.052389145,-5.5004621,0.77883935,0.46887493,-0.78813744,-0.3987425,0
-3.8238828,-2.5940719,1.5309625,-0.52486885,-0.61170542,0.59188604,0
2.2267618,4.7766829,0.13159418,0.71040058,0.068233073,0.70048213,0
2.1499603,-2.591486,0.92720681,0.71040058,0.068233073,0.70048213,0
-3.3042998,2.5991755,1.0086437,-0.46887493,0.78813744,0.3987425,0
0.71563578,-4.4390426,-0.41600835,0.46887493,-0.78813744,-0.3987425,0
-1.9878674,1.9317787,3.8757634,-0.46887493,0.78813744,0.3987425,0
-2.2232332,-3.8513484,1.6509991,-0.52486885,-0.61170542,0.59188604,0
-4.8494263,0.014572024,3.3175325,-0.52486885,-0.61170542,0.59188604,0
-0.42133403,-1.3695223,3.4158795,0.71040058,0.068233073,0.70048213,0
2.0415821,-2.1719477,-3.337893,0.46887493,-0.78813744,-0.3987425,0
-1.4534853,1.4158137,4.191329,0.71040058,0.068233073,0.70048213,0
-2.1395555,-5.2347879,0.29543829,-0.52486885,-0.61170542,0.59188604,0
0.736534,-2.1103048,2.3137753,0.71040058,0.068233073,0.70048213,0
2.3128068,-2.9564447,0.79760516,0.71040058,0.068233073,0.70048213,0
-2.4360542,-0.81021941,4.6052361,-0.52486885,-0.61170542,0.59188604,0
3.3066247,2.2686968,-2.325923,0.52486885,0.61170542,-0.59188604,0
-0.50370932,-5.6451664,0.53415585,0.46887493,-0.78813744,-0.3987425,0
-3.558769,-3.2276311,1.0683818,-0.71040058,-0.068233073,-0.70048213,0
4.1235371,0.10889512,-3.8336287,0.52486885,0.61170542,-0.59188604,0
4.6545048,-1.3506755,-1.8886914,0.46887493,-0.78813744,-0.3987425,0
0.49526286,4.5796709,1.5619255,-0.46887493,0.78813744,0.3987425,0
1.4380219,4.9726696,0.91241145,0.71040058,0.068233073,0.70048213,0
-4.2467394,0.93082964,1.3610234,-0.71040058,-0.068233073,-0.70048213,0
0.4162612,-4.1058407,-1.4266311,0.46887493,-0.78813744,-0.3987425,0
1.4908228,-4.9355812,1.8240125,0.71040058,0.068233073,0.70048213,0
0.80488849,-3.0265188,-3.1029921,0.46887493,-0.78813744,-0.3987425,0
1.3233285,1.3430016,-4.3280616,-0.71040058,-0.068233073,-0.70048213,0
-1.0588579,2.7103755,3.4292297,-0.46887493,0.78813744,0.3987425,0
-3.552309,-0.87839234,3.5449157,-0.52486885,-0.61170542,0.59188604,0
-3.6194789,-0.90256906,3.4603648,-0.52486885,-0.61170542,0.59188604,0
-1.8927917,-0.85747778,-0.85205781,-0.71040058,-0.068233073,-0.70048213,0
0.85129213,-4.0669694,-0.9919166,0.46887493,-0.78813744,-0.3987425,0
0.43745518,-4.5692525,-0.48574972,0.46887493,-0.78813744,-0.3987425,0
2.3591461,-3.1012733,-1.1276088,0.46887493,-0.78813744,-0.3987425,0
-2.3461456,3.1995523,0.94864333,-0.46887493,0.78813744,0.3987425,0
-3.297107,-0.84653789,3.804143,-0.52486885,-0.61170542,0.59188604,0
2.4072058,-1.0545446,-5.1165733,0.46887493,-0.78813744,-0.3987425,0
2.9676569,-1.209298,-4.1516685,0.46887493,-0.78813744,-0.3987425,0
-0.83464128,1.0599833,-2.1119685,-0.71040058,-0.068233073,-0.70048213,0
1.3348141,-3.4168835,-1.7082833,0.46887493,-0.78813744,-0.3987425,0
5.436904,-0.18456125,-2.9722533,0.52486885,0.61170542,-0.59188604,0
2.3565102,2.0046077,-3.4413915,0.52486885,0.61170542,-0.59188604,0
-0.27680111,4.6434569,0.52798963,-0.46887493,0.78813744,0.3987425,0
0.37648559,-3.6332092,-2.4075866,0.46887493,-0.78813744,-0.3987425,0
1.105279,3.8585939,1.3583868,0.71040058,0.068233073,0.70048213,0
-0.80814004,3.4411409,2.2796447,-0.46887493,0.78813744,0.3987425,0
2.4425445,-0.90402615,0.46610683,0.71040058,0.068233073,0.70048213,0
0.30933523,5.0280943,0.45696139,-0.46887493,0.78813744,0.3987425,0
-2.8868864,-2.4872148,2.472301,-0.52486885,-0.61170542,0.59188604,0
4.0831861,-1.6400461,-1.9885375,0.46887493,-0.78813744,-0.3987425,0
-0.30915117,4.6793218,0.41906118,-0.46887493,0.78813744,0.3987425,0
-4.2087288,-1.363631,2.4613333,-0.52486885,-0.61170542,0.59188604,0
-0.47114992,-4.5028543,2.5313778,-0.52486885,-0.61170542,0.59188604,0
4.833046,-1.0191855,-2.3339558,0.46887493,-0.78813744,-0.3987425,0
-1.6782088,4.4300776,-0.69814587,-0.46887493,0.78813744,0.3987425,0
-0.44861317,3.6105285,2.3676023,-0.46887493,0.78813744,0.3987425,0
4.4797535,0.9830035,-2.6143689,0.52486885,0.61170542,-0.59188604,0
2.88853,2.2475688,-2.7185135,0.52486885,0.61170542,-0.59188604,0
0.073708057,-5.2317572,0.39600492,0.46887493,-0.78813744,-0.3987425,0
-0.40908813,5.6759052,-1.6682568,-0.46887493,0.78813744,0.3987425,0
-0.82338202,-0.20037401,-2.0006175,-0.71040058,-0.068233073,-0.70048213,0
1.1459661,-4.2079773,-0.36670446,0.46887493,-0.78813744,-0.3987425,0
3.1565285,-2.5778508,-0.094941825,0.71040058,0.068233073,0.70048213,0
1.8855115,-1.3524551,1.0747079,0.71040058,0.068233073,0.70048213,0
0.042492151,3.8330665,2.4387083,0.71040058,0.068233073,0.70048213,0
-2.0677447,-3.2514286,2.4088898,-0.52486885,-0.61170542,0.59188604,0
2.4997885,-2.0664482,-3.0076215,0.46887493,-0.78813744,-0.3987425,0
-4.91822,-0.37572551,2.8531609,-0.52486885,-0.61170542,0.59188604,0
0.1082474,-1.187896,-2.8492451,-0.71040058,-0.068233073,-0.70048213,0
-1.49261,4.6226807,-1.7917209,-0.71040058,-0.068233073,-0.70048213,0
0.61473811,-1.5503223,2.3827486,0.71040058,0.068233073,0.70048213,0
-2.062973,-1.5317783,4.1903543,-0.52486885,-0.61170542,0.59188604,0
0.31325865,-5.2417173,2.4633675,-0.52486885,-0.61170542,0.59188604,0
-0.13175344,-4.823329,-0.6528753,0.46887493,-0.78813744,-0.3987425,0
2.1286201,1.6507366,-4.0091991,0.52486885,0.61170542,-0.59188604,0
3.3422208,-1.4119934,-0.39682782,0.71040058,0.068233073,0.70048213,0
-3.809196,-2.749711,1.2758017,-0.71040058,-0.068233073,-0.70048213,0
2.595196,4.3828659,-0.77183723,0.52486885,0.61170542,-0.59188604,0
0.2705183,-5.1499467,0.46572828,0.46887493,-0.78813744,-0.3987425,0
-3.9179304,0.87869012,3.6877232,-0.46887493,0.78813744,0.3987425,0
-0.8065201,-0.9174515,-1.9478685,-0.71040058,-0.068233073,-0.70048213,0
0.28507233,4.7165709,-2.4755149,0.52486885,0.61170542,-0.59188604,0
1.3989985,3.2886186,-2.9634809,0.52486885,0.61170542,-0.59188604,0
-0.48838997,3.6170919,2.3078556,-0.46887493,0.78813744,0.3987425,0
0.34744406,5.4050221,-0.24324632,-0.46887493,0.78813744,0.3987425,0
-2.3837304,0.46558881,5.2273064,0.71040058,0.068233073,0.70048213,0
2.9775109,-2.7193351,-1.1554065,0.46887493,-0.78813744,-0.3987425,0
1.1902376,-2.0841858,1.8511032,0.71040058,0.068233073,0.70048213,0
-1.5560784,4.7669563,-1.7414076,-0.71040058,-0.068233073,-0.70048213,0
1.4970331,-2.509614,1.5814044,0.71040058,0.068233073,0.70048213,0
-0.07551533,-0.077992916,-2.7709947,-0.71040058,-0.068233073,-0.70048213,0
-3.2973738,-1.194892,3.4438877,-0.52486885,-0.61170542,0.59188604,0
-5.3124943,0.14371479,3.0403619,-0.52486885,-0.61170542,0.59188604,0
0.45844626,-5.1177073,2.7202783,-0.52486885,-0.61170542,0.59188604,0
2.8215563,2.3931236,-2.6274753,0.52486885,0.61170542,-0.59188604,0
-0.24190497,3.3068337,2.7783921,0.71040058,0.068233073,0.70048213,0
-3.7983193,1.9980098,1.6159718,-0.46887493,0.78813744,0.3987425,0
-1.8138108,3.7908807,0.40581188,-0.46887493,0.78813744,0.3987425,0
2.32006,-0.041033387,0.50626248,0.71040058,0.068233073,0.70048213,0
2.6964602,2.604882,-0.13320255,0.71040058,0.068233073,0.70048213,0
-4.2830791,0.66378188,1.4238913,-0.71040058,-0.068233073,-0.70048213,0
2.8814476,4.1459675,-0.7628274,0.52486885,0.61170542,-0.59188604,0
4.4936147,-0.74937958,-3.2663746,0.46887493,-0.78813744,-0.3987425,0
1.038619,-5.5341702,2.3409271,0.71040058,0.068233073,0.70048213,0
-3.8484111,-0.40593022,3.7706232,-0.52486885,-0.61170542,0.59188604,0
1.6898923,3.6214814,-2.3615155,0.52486885,0.61170542,-0.59188604,0
-1.5730753,3.6404967,0.98613155,-0.46887493,0.78813744,0.3987425,0
4.7396517,-0.83436728,-2.8090806,0.46887493,-0.78813744,-0.3987425,0
-2.4962435,-1.1569813,-0.21088696,-0.71040058,-0.068233073,-0.70048213,0
-1.3351479,5.1321678,-1.6824672,-0.46887493,0.78813744,0.3987425,0
4.2899351,-1.5617763,-1.9001284,0.46887493,-0.78813744,-0.3987425,0
2.5717533,2.2512105,-2.9956589,0.52486885,0.61170542,-0.59188604,0
1.6957008,2.2759805,-3.7469206,0.52486885,0.61170542,-0.59188604,0
0.56211805,-4.8224115,0.16122341,0.46887493,-0.78813744,-0.3987425,0
-3.5641756,0.80761147,4.2441888,-0.46887493,0.78813744,0.3987425,0
3.2131219,-0.080328584,-0.39561725,0.71040058,0.068233073,0.70048213,0
-3.5452986,1.2915735,3.3098071,-0.46887493,0.78813744,0.3987425,0
-2.6994059,0.33408189,5.5543218,-0.52486885,-0.61170542,0.59188604,0
0.8060503,-3.1503496,-2.8568664,0.46887493,-0.78813744,-0.3987425,0
0.62154472,2.5093231,1.980401,0.71040058,0.068233073,0.70048213,0
1.4154816,-3.3025215,-1.83947,0.46887493,-0.78813744,-0.3987425,0
4.671792,0.060872555,-1.8886952,0.71040058,0.068233073,0.70048213,0
-1.636193,2.3616309,3.4396632,-0.46887493,0.78813744,0.3987425,0
0.42639858,1.930927,-3.4757013,-0.71040058,-0.068233073,-0.70048213,0
3.6529074,0.62660068,-3.7159305,0.52486885,0.61170542,-0.59188604,0
-0.79015446,-3.9163985,2.8545871,-0.52486885,-0.61170542,0.59188604,0
-4.0003405,1.0365528,1.1008379,-0.71040058,-0.068233073,-0.70048213,0
1.7675309,-4.040031,1.456152,0.71040058,0.068233073,0.70048213,0
-3.6975908,2.07757,1.5771624,-0.46887493,0.78813744,0.3987425,0
-3.53583,1.1307297,3.6388588,-0.46887493,0.78813744,0.3987425,0
1.309532,4.5431547,-1.746274,0.52486885,0.61170542,-0.59188604,0
-1.9038959,2.5890448,-1.1765175,-0.71040058,-0.068233073,-0.70048213,0
-2.462553,3.0676944,1.0723853,-0.46887493,0.78813744,0.3987425,0
1.7898316,5.9615326,0.35285902,-0.46887493,0.78813744,0.3987425,0
-4.4090586,0.16424906,1.6003127,-0.71040058,-0.068233073,-0.70048213,0
0.084366083,1.7314061,2.6009617,0.71040058,0.068233073,0.70048213,0
0.97503328,-4.0321898,-0.91515481,0.46887493,-0.78813744,-0.3987425,0
-2.9743266,2.6123841,1.3705461,-0.46887493,0.78813744,0.3987425,0
4.1800017,0.044547107,-3.8500609,0.52486885,0.61170542,-0.59188604,0
-0.1035043,-2.7136338,3.2244773,0.71040058,0.068233073,0.70048213,0
3.1307333,-1.1060209,-4.1640434,0.46887493,-0.78813744,-0.3987425,0
1.5815444,2.4110897,1.016377,0.71040058,0.068233073,0.70048213,0
1.9301751,5.8961053,0.32333899,0.71040058,0.068233073,0.70048213,0
4.4274712,-0.51597452,-3.805491,0.46887493,-0.78813744,-0.3987425,0
4.3831143,-0.43595123,-1.5475354,0.71040058,0.068233073,0.70048213,0
4.0481267,0.5395171,-3.4554601,0.52486885,0.61170542,-0.59188604,0
1.1295791,-5.4107904,1.991456,0.46887493,-0.78813744,-0.3987425,0
-0.27906609,-4.2511907,-1.9569631,0.46887493,-0.78813744,-0.3987425,0
0.92321205,-3.7947104,-1.4454827,0.46887493,-0.78813744,-0.3987425,0
0.85707426,4.8821588,1.3894882,-0.46887493,0.78813744,0.3987425,0
-4.2290983,-0.8161121,1.5133002,-0.71040058,-0.068233073,-0.70048213,0
0.30657625,-5.7542801,1.9277153,-0.52486885,-0.61170542,0.59188604,0
1.1503561,4.325326,1.2672073,0.71040058,0.068233073,0.70048213,0
0.85835648,-3.8118436,-1.4878813,0.46887493,-0.78813744,-0.3987425,0
1.5770154,4.1318717,-1.9341316,0.52486885,0.61170542,-0.59188604,0
3.7101259,1.2717183,-2.9984717,0.52486885,0.61170542,-0.59188604,0
3.6192307,1.2076805,-3.1452565,0.52486885,0.61170542,-0.59188604,0
-1.0406668,1.2117419,-1.9178083,-0.71040058,-0.068233073,-0.70048213,0
-0.015749931,5.8261323,-1.5026703,-0.46887493,0.78813744,0.3987425,0
3.1387861,3.8337564,-0.85729218,0.52486885,0.61170542,-0.59188604,0
-2.0901875,4.2210989,-0.7695272,-0.46887493,0.78813744,0.3987425,0
2.5557294,-1.941371,-3.1890633,0.46887493,-0.78813744,-0.3987425,0
-1.6054549,3.929589,0.3766495,-0.46887493,0.78813744,0.3987425,0
4.3679395,1.7819505,-1.8878226,0.52486885,0.61170542,-0.59188604,0
-0.97275162,-4.1092658,2.4933391,-0.52486885,-0.61170542,0.59188604,0
2.3835289,-0.45157671,-5.228467,-0.71040058,-0.068233073,-0.70048213,0
-2.6660275,-2.0467882,0.047975779,-0.71040058,-0.068233073,-0.70048213,0
0.69074225,4.8490148,1.2594122,-0.46887493,0.78813744,0.3987425,0
0.46435761,4.0258889,-3.0303383,0.52486885,0.61170542,-0.59188604,0
4.2995462,-1.5483623,-1.9153414,0.46887493,-0.78813744,-0.3987425,0
4.5371084,-1.1920013,-2.3403635,0.46887493,-0.78813744,-0.3987425,0
-2.0210183,1.6221075,4.4488649,-0.46887493,0.78813744,0.3987425,0
-2.3730981,2.1052017,-0.65354115,-0.71040058,-0.068233073,-0.70048213,0
3.341949,1.9241027,-0.72151756,0.71040058,0.068233073,0.70048213,0
-3.5581932,1.220732,3.4346669,-0.46887493,0.78813744,0.3987425,0
-1.4560585,-5.7659569,0.35259008,-0.52486885,-0.61170542,0.59188604,0
0.33793747,-0.91732156,-3.1085434,-0.71040058,-0.068233073,-0.70048213,0
0.69105339,-2.5066569,-3.3118446,-0.71040058,-0.068233073,-0.70048213,0
-2.942404,-2.7560084,2.1452751,-0.52486885,-0.61170542,0.59188604,0
-1.692668,1.4420469,4.4313436,0.71040058,0.068233073,0.70048213,0
-0.13091338,-2.8556058,3.2661042,0.71040058,0.068233073,0.70048213,0
-3.8128097,-2.6804667,1.4514933,-0.52486885,-0.61170542,0.59188604,0
3.225405,-1.278986,-3.7108455,0.46887493,-0.78813744,-0.3987425,0
2.1360698,-4.1229882,0.62955701,0.46887493,-0.78813744,-0.3987425,0
3.5219259,2.2838359,-2.1193533,0.52486885,0.61170542,-0.59188604,0
-0.24708605,2.3031881,-2.8289421,-0.71040058,-0.068233073,-0.70048213,0
-4.3850026,-1.0288492,1.6921344,-0.71040058,-0.068233073,-0.70048213,0
2.8237488,0.0098073483,-5.0886526,0.52486885,0.61170542,-0.59188604,0
3.7834558,0.96104527,-3.2545209,0.52486885,0.61170542,-0.59188604,0
-1.6084723,3.5850859,1.0540315,-0.46887493,0.78813744,0.3987425,0
3.7682247,2.7604134,-1.4084067,0.52486885,0.61170542,-0.59188604,0
2.0306385,-0.86945617,0.88047755,0.71040058,0.068233073,0.70048213,0
3.8910007,2.2152753,-1.8629241,0.52486885,0.61170542,-0.59188604,0
1.9634364,-1.4971985,-4.700573,-0.71040058,-0.068233073,-0.70048213,0
-3.1791427,1.6877612,2.9572771,-0.46887493,0.78813744,0.3987425,0
2.3522978,-1.4134173,-4.4718075,0.46887493,-0.78813744,-0.3987425,0
-2.7304766,3.0759566,-0.38566279,-0.71040058,-0.068233073,-0.70048213,0
-1.6866283,-3.0948796,2.9086452,-0.52486885,-0.61170542,0.59188604,0
3.325315,2.9901671,-1.5637202,0.52486885,0.61170542,-0.59188604,0
-0.93296599,1.7778239,3.6281772,0.71040058,0.068233073,0.70048213,0
3.35498,-1.4509437,-3.2185946,0.46887493,-0.78813744,-0.3987425,0
2.5328176,0.68763375,-4.6461201,0.52486885,0.61170542,-0.59188604,0
-3.7310388,-0.22271377,4.0640574,-0.52486885,-0.61170542,0.59188604,0
1.8141561,0.12607348,1.003052,0.71040058,0.068233073,0.70048213,0
-0.86589813,-5.7878189,0.39022493,0.46887493,-0.78813744,-0.3987425,0
-2.0337276,1.1163492,4.8089581,0.71040058,0.068233073,0.70048213,0
-0.22740984,-5.451704,0.47666264,0.46887493,-0.78813744,-0.3987425,0
-0.358356,3.4184027,2.853482,-0.46887493,0.78813744,0.3987425,0
0.510867,3.5693021,-3.4609704,0.52486885,0.61170542,-0.59188604,0
1.4798138,5.7793493,0.34840941,-0.46887493,0.78813744,0.3987425,0
1.2226449,4.4841156,-1.8843384,0.52486885,0.61170542,-0.59188604,0
2.4183013,3.4222045,-1.9215312,0.52486885,0.61170542,-0.59188604,0
0.91352534,5.4431081,-1.1673536,0.52486885,0.61170542,-0.59188604,0
-5.1944218,0.34207141,3.247376,-0.46887493,0.78813744,0.3987425,0
2.9780202,0.8211596,-4.113328,0.52486885,0.61170542,-0.59188604,0
1.8236145,2.6044116,-3.2940612,0.52486885,0.61170542,-0.59188604,0
-2.0690274,-2.0253882,3.6748476,-0.52486885,-0.61170542,0.59188604,0
-0.93935454,-3.9526913,2.684773,-0.52486885,-0.61170542,0.59188604,0
-3.2550442,-1.831598,2.8233986,-0.52486885,-0.61170542,0.59188604,0
-1.7322707,2.1939142,3.6581893,-0.46887493,0.78813744,0.3987425,0
-3.0781028,-2.9482236,0.55369306,-0.71040058,-0.068233073,-0.70048213,0
3.5184658,-2.0686355,-1.8054515,0.46887493,-0.78813744,-0.3987425,0
3.5040159,1.3774397,-3.0719829,0.52486885,0.61170542,-0.59188604,0
-0.97195458,-3.7770755,2.8373604,-0.52486885,-0.61170542,0.59188604,0
5.2580996,-0.49799943,-2.8642974,0.46887493,-0.78813744,-0.3987425,0
0.97512531,0.16871357,1.8498094,0.71040058,0.068233073,0.70048213,0
-0.75255656,-5.6702461,0.29111147,0.46887493,-0.78813744,-0.3987425,0
-3.5044312,2.2435985,1.4761301,-0.46887493,0.78813744,0.3987425,0
-3.9716156,-2.5610175,1.4341183,-0.52486885,-0.61170542,0.59188604,0
1.3985081,5.1823797,0.93205738,0.71040058,0.068233073,0.70048213,0
0.46979189,-4.3481708,-0.8847059,0.46887493,-0.78813744,-0.3987425,0
-1.0468419,-5.6384354,-0.11781025,0.46887493,-0.78813744,-0.3987425,0
-2.0837054,2.3277528,2.9804029,-0.46887493,0.78813744,0.3987425,0
-1.5193391,2.2741394,-1.5358452,-0.71040058,-0.068233073,-0.70048213,0
-3.185401,-0.91041052,3.8371897,-0.52486885,-0.61170542,0.59188604,0
-4.5237007,1.0916417,2.5544977,-0.46887493,0.78813744,0.3987425,0
0.014499664,2.0026217,2.6453984,0.71040058,0.068233073,0.70048213,0
1.7729957,-2.4684606,-3.0676441,0.46887493,-0.78813744,-0.3987425,0
-2.4335763,-2.6114028,-0.13276863,-0.71040058,-0.068233073,-0.70048213,0
-2.304415,1.4158368,4.5233288,-0.46887493,0.78813744,0.3987425,0
-1.0972605,3.3217406,2.1756732,-0.46887493,0.78813744,0.3987425,0
-1.0092913,2.0755925,-2.0337744,-0.71040058,-0.068233073,-0.70048213,0
-2.9798779,2.5793719,1.4292688,-0.46887493,0.78813744,0.3987425,0
-3.6258559,1.1864161,3.4229302,-0.46887493,0.78813744,0.3987425,0
3.6649187,2.1773,-1.0737238,0.71040058,0.068233073,0.70048213,0
-4.1363335,0.88892734,3.4106719,-0.46887493,0.78813744,0.3987425,0
-2.120219,-1.0220947,4.6663418,-0.52486885,-0.61170542,0.59188604,0
-1.8551755,-3.9945889,-0.58462477,-0.71040058,-0.068233073,-0.70048213,0
-0.3713398,3.4864578,2.7036994,-0.46887493,0.78813744,0.3987425,0
-1.427103,2.9153271,2.591116,-0.46887493,0.78813744,0.3987425,0
-2.5436769,-2.4533472,-0.036504745,-0.71040058,-0.068233073,-0.70048213,0
-0.81020617,-3.5957985,3.1681409,-0.52486885,-0.61170542,0.59188604,0
-2.7167492,-3.1394763,0.20585299,-0.71040058,-0.068233073,-0.70048213,0
1.0601766,1.9575157,1.589309,0.71040058,0.068233073,0.70048213,0
-4.5289612,-1.4502562,2.0878339,-0.52486885,-0.61170542,0.59188604,0
2.7410927,1.6829114,-3.4328213,0.52486885,0.61170542,-0.59188604,0
-4.6144648,1.2250781,2.1840236,-0.46887493,0.78813744,0.3987425,0
0.62005949,-3.9976463,-1.40084,0.46887493,-0.78813744,-0.3987425,0
0.038331985,-4.2202439,-1.6449075,0.46887493,-0.78813744,-0.3987425,0
-4.7813153,0.71947908,2.9871721,-0.46887493,0.78813744,0.3987425,0
-2.2862926,3.0078976,1.3978384,-0.46887493,0.78813744,0.3987425,0
2.3349817,-1.4397492,-4.4401217,0.46887493,-0.78813744,-0.3987425,0
0.55866194,-4.842423,0.19671154,0.46887493,-0.78813744,-0.3987425,0
3.6984737,1.6921618,-1.0604968,0.71040058,0.068233073,0.70048213,0
2.1551738,-2.4837589,-2.5880103,0.46887493,-0.78813744,-0.3987425,0
3.5126836,-0.66592193,-4.584795,0.46887493,-0.78813744,-0.3987425,0
-4.5169115,0.60009873,3.5340433,-0.46887493,0.78813744,0.3987425,0
-1.2968036,-2.4751794,-1.2989066,-0.71040058,-0.068233073,-0.70048213,0
2.8288493,1.9088349,-3.1215134,0.52486885,0.61170542,-0.59188604,0
-2.4620223,3.9779782,-0.72622001,-0.46887493,0.78813744,0.3987425,0
0.92187667,-4.8790774,2.3955107,0.71040058,0.068233073,0.70048213,0
-3.8173742,1.3352727,2.9035039,-0.46887493,0.78813744,0.3987425,0
-0.87850142,4.4013166,0.29906487,-0.46887493,0.78813744,0.3987425,0
0.5311861,3.9380851,-3.06182,0.52486885,0.61170542,-0.59188604,0
-1.4644284,0.10500228,-1.3802406,-0.71040058,-0.068233073,-0.70048213,0
3.3659751,1.1977407,-0.67512965,0.71040058,0.068233073,0.70048213,0
-3.963645,-1.8325289,2.194068,-0.52486885,-0.61170542,0.59188604,0
-3.3906379,2.5849018,0.93533242,-0.46887493,0.78813744,0.3987425,0
0.61803007,4.822216,1.2268811,-0.46887493,0.78813744,0.3987425,0
1.689677,-1.5122452,-4.4214725,-0.71040058,-0.068233073,-0.70048213,0
2.8617601,-1.1824994,-4.3291607,0.46887493,-0.78813744,-0.3987425,0
-2.0190117,1.7470677,4.2042332,-0.46887493,0.78813744,0.3987425,0
2.5604186,-2.0969758,-2.8759878,0.46887493,-0.78813744,-0.3987425,0
3.5273113,0.28961021,-4.1755805,0.52486885,0.61170542,-0.59188604,0
-1.9440286,-1.2962693,4.5392261,-0.52486885,-0.61170542,0.59188604,0
0.19081473,5.4659829,-1.7845926,0.52486885,0.61170542,-0.59188604,0
0.39524937,-4.9850101,2.8013778,-0.52486885,-0.61170542,0.59188604,0
-0.50715208,-5.4957533,0.23478365,0.46887493,-0.78813744,-0.3987425,0
-0.72998857,5.2681913,-2.6280184,-0.71040058,-0.068233073,-0.70048213,0
-5.5739422,0.22241151,2.8898487,-0.52486885,-0.61170542,0.59188604,0
-2.4062228,1.8380885,3.56901,-0.46887493,0.78813744,0.3987425,0
-3.4480958,-2.6570315,1.7991319,-0.52486885,-0.61170542,0.59188604,0
2.2420063,-2.750227,-1.959216,0.46887493,-0.78813744,-0.3987425,0
3.3716979,-0.63723063,-0.50219119,0.71040058,0.068233073,0.70048213,0
2.64466,-3.2810268,0.49267,0.71040058,0.068233073,0.70048213,0
-2.4140391,-3.4871402,1.8582015,-0.52486885,-0.61170542,0.59188604,0
-2.6818116,-2.4040732,2.7400808,-0.52486885,-0.61170542,0.59188604,0
1.5352452,4.2445893,0.8847332,0.71040058,0.068233073,0.70048213,0
2.21435,2.1726849,0.39783394,0.71040058,0.068233073,0.70048213,0
1.157486,-1.1992669,-3.9122329,-0.71040058,-0.068233073,-0.70048213,0
2.5814984,2.2436802,-2.9948001,0.52486885,0.61170542,-0.59188604,0
-4.1256213,-2.3011355,1.566134,-0.52486885,-0.61170542,0.59188604,0
-3.2106729,3.0128658,0.10747896,-0.71040058,-0.068233073,-0.70048213,0
1.2046354,-1.5237317,-3.9284439,-0.71040058,-0.068233073,-0.70048213,0
2.8450553,3.31076,-1.6582737,0.52486885,0.61170542,-0.59188604,0
-4.8843079,1.1396735,1.9872761,-0.71040058,-0.068233073,-0.70048213,0
-1.2611928,2.5375688,-1.8233068,-0.71040058,-0.068233073,-0.70048213,0
2.0604694,0.28631938,0.73764181,0.71040058,0.068233073,0.70048213,0
0.96813011,-3.2007728,2.1851213,0.71040058,0.068233073,0.70048213,0
3.6427603,-0.33838868,-4.7222304,0.52486885,0.61170542,-0.59188604,0
1.8334489,4.8260422,-0.98931789,0.52486885,0.61170542,-0.59188604,0
-4.2368975,-0.47022235,3.3596783,-0.52486885,-0.61170542,0.59188604,0
3.4298077,0.039677024,-4.5203471,0.52486885,0.61170542,-0.59188604,0
-3.2295384,1.5819408,0.2659955,-0.71040058,-0.068233073,-0.70048213,0
-0.1111269,5.738975,-1.4425488,-0.46887493,0.78813744,0.3987425,0
-0.50330877,5.689157,-1.8052421,-0.46887493,0.78813744,0.3987425,0
-1.3728061,-3.3595431,2.9134088,-0.52486885,-0.61170542,0.59188604,0
-1.4097276,-4.8168297,-0.95628667,-0.71040058,-0.068233073,-0.70048213,0
1.4871516,-3.7448738,-0.88086057,0.46887493,-0.78813744,-0.3987425,0
-0.07263875,1.4087791,2.7916164,0.71040058,0.068233073,0.70048213,0
-3.6938233,0.0082929134,0.89014173,-0.71040058,-0.068233073,-0.70048213,0
-2.2541523,-4.1669645,-0.16320825,-0.71040058,-0.068233073,-0.70048213,0
-0.74932623,-0.60386944,3.6739349,0.71040058,0.068233073,0.70048213,0
-3.7107584,0.6122514,4.4579654,-0.46887493,0.78813744,0.3987425,0
-3.0550182,2.3197463,1.8540767,-0.46887493,0.78813744,0.3987425,0
1.4412351,4.5481377,-1.6243329,0.52486885,0.61170542,-0.59188604,0
3.8716211,1.9839333,-1.2645168,0.71040058,0.068233073,0.70048213,0
0.2359643,-5.8145709,1.7387648,0.46887493,-0.78813744,-0.3987425,0
-1.1268306,3.4780054,1.8320365,-0.46887493,0.78813744,0.3987425,0
-1.7919407,2.3138175,3.351028,-0.46887493,0.78813744,0.3987425,0
0.43981481,-3.6727705,2.7668934,0.71040058,0.068233073,0.70048213,0
0.78446275,-1.3819523,2.1942201,0.71040058,0.068233073,0.70048213,0
2.0443377,5.475904,0.24849176,0.71040058,0.068233073,0.70048213,0
1.709753,4.3899751,-1.5496774,0.52486885,0.61170542,-0.59188604,0
5.2644687,-0.66068494,-2.5352507,0.46887493,-0.78813744,-0.3987425,0
3.609386,-0.69883597,-0.73724389,0.71040058,0.068233073,0.70048213,0
0.12901318,-2.8419387,3.0011654,0.71040058,0.068233073,0.70048213,0
1.2362449,0.29428601,-4.1375914,-0.71040058,-0.068233073,-0.70048213,0
-1.4554682,-4.052947,2.1234837,-0.52486885,-0.61170542,0.59188604,0
-3.6201394,-1.3835375,2.9627056,-0.52486885,-0.61170542,0.59188604,0
-1.1730301,0.82649827,-1.7460446,-0.71040058,-0.068233073,-0.70048213,0
0.54067671,3.4399593,-3.5682092,0.52486885,0.61170542,-0.59188604,0
2.5804987,4.7174501,-0.43908262,0.52486885,0.61170542,-0.59188604,0
1.0010061,-1.2907264,-3.744628,-0.71040058,-0.068233073,-0.70048213,0
2.7915127,-2.0712051,-2.655185,0.46887493,-0.78813744,-0.3987425,0
-0.87568951,5.1656971,-1.2084711,-0.46887493,0.78813744,0.3987425,0
0.64201832,-4.5766201,-0.23064554,0.46887493,-0.78813744,-0.3987425,0
1.5362453,4.0994272,-2.0038152,0.52486885,0.61170542,-0.59188604,0
-3.1931896,0.077237844,4.8510027,-0.52486885,-0.61170542,0.59188604,0
-3.1265063,-1.4308054,3.3515959,-0.52486885,-0.61170542,0.59188604,0
-4.7623549,-0.88694066,2.4630451,-0.52486885,-0.61170542,0.59188604,0
4.7535572,-0.25879121,-3.6549439,0.52486885,0.61170542,-0.59188604,0
-1.8580205,3.1107118,1.6982189,-0.46887493,0.78813744,0.3987425,0
3.8494937,-2.3470511,-0.82020092,0.71040058,0.068233073,0.70048213,0
1.132458,-4.5637722,2.1512346,0.71040058,0.068233073,0.70048213,0
-0.013221264,-4.1657238,-1.8132896,0.46887493,-0.78813744,-0.3987425,0
-1.1267416,3.8185523,-2.0844407,-0.71040058,-0.068233073,-0.70048213,0
1.796882,3.9289522,-1.9488735,0.52486885,0.61170542,-0.59188604,0
-2.0212879,-3.419111,2.2767897,-0.52486885,-0.61170542,0.59188604,0
-3.443696,-0.89431131,0.72439456,-0.71040058,-0.068233073,-0.70048213,0
1.8680675,1.0845754,-4.8253694,0.52486885,0.61170542,-0.59188604,0
-0.72567642,-2.7231603,3.8563871,0.71040058,0.068233073,0.70048213,0
-2.006844,1.3790455,-0.95424724,-0.71040058,-0.068233073,-0.70048213,0
0.090340853,2.9339018,2.4777687,0.71040058,0.068233073,0.70048213,0
3.4285207,-2.3316789,-1.3912969,0.46887493,-0.78813744,-0.3987425,0
-0.053896785,0.81995273,-2.8803868,-0.71040058,-0.068233073,-0.70048213,0
-2.6720214,3.0471108,-0.44213545,-0.71040058,-0.068233073,-0.70048213,0
-3.6700683,-1.7405407,2.5494728,-0.52486885,-0.61170542,0.59188604,0
0.6822145,3.5303032,1.8194199,0.71040058,0.068233073,0.70048213,0
-1.6083655,2.2179444,3.7563906,-0.46887493,0.78813744,0.3987425,0
2.8187683,2.321852,-2.7036061,0.52486885,0.61170542,-0.59188604,0
1.0240049,-5.4725924,2.3497496,0.71040058,0.068233073,0.70048213,0
3.7658033,1.6004064,-2.6094036,0.52486885,0.61170542,-0.59188604,0
4.3262305,0.19001314,-3.5700521,0.52486885,0.61170542,-0.59188604,0
1.7041817,-3.3110676,-1.4831005,0.46887493,-0.78813744,-0.3987425,0
2.4017885,-1.0189301,-5.19172,-0.71040058,-0.068233073,-0.70048213,0
-2.6851237,-0.45718074,4.7492285,-0.52486885,-0.61170542,0.59188604,0
2.0413563,-3.0471523,-1.6082664,0.46887493,-0.78813744,-0.3987425,0
2.2004852,-3.5446272,-0.43786183,0.46887493,-0.78813744,-0.3987425,0
0.94036627,-4.1202588,-0.78184623,0.46887493,-0.78813744,-0.3987425,0
3.1628947,0.63677037,-0.41453004,0.71040058,0.068233073,0.70048213,0
-1.271409,4.5894384,-0.53478265,-0.46887493,0.78813744,0.3987425,0
-2.2050006,-4.467485,-0.18378258,-0.71040058,-0.068233073,-0.70048213,0
0.70209074,-4.9470878,0.57224441,0.46887493,-0.78813744,-0.3987425,0
-1.2312129,1.60919,-1.7632791,-0.71040058,-0.068233073,-0.70048213,0
-1.780508,3.9376674,0.15483993,-0.46887493,0.78813744,0.3987425,0
-1.9909244,0.85763395,-0.91960245,-0.71040058,-0.068233073,-0.70048213,0
-4.0572577,-2.0029559,1.4546351,-0.71040058,-0.068233073,-0.70048213,0
1.5095474,3.8226533,0.95189488,0.71040058,0.068233073,0.70048213,0
0.81883192,4.0591354,-2.6816406,0.52486885,0.61170542,-0.59188604,0
-3.6137836,-0.13459498,4.2591062,-0.52486885,-0.61170542,0.59188604,0
4.0624151,-1.1209509,-3.0389843,0.46887493,-0.78813744,-0.3987425,0
-3.5278125,-3.1129212,1.2572861,-0.52486885,-0.61170542,0.59188604,0
0.38485932,4.2842531,2.0160131,-0.46887493,0.78813744,0.3987425,0
1.8168309,-2.8975885,1.2948697,0.71040058,0.068233073,0.70048213,0
1.4415089,4.8144431,-1.3488674,0.52486885,0.61170542,-0.59188604,0
-2.1354318,-2.1989462,-0.4753114,-0.71040058,-0.068233073,-0.70048213,0
2.3108642,4.7079611,-0.687994,0.52486885,0.61170542,-0.59188604,0
1.5638351,2.6632404,1.0097752,0.71040058,0.068233073,0.70048213,0
-3.4725895,2.6154757,0.77853727,-0.46887493,0.78813744,0.3987425,0
1.7593093,-3.997853,-0.060806274,0.46887493,-0.78813744,-0.3987425,0
-2.4759817,-5.0177116,0.14463282,-0.71040058,-0.068233073,-0.70048213,0
2.8130691,1.8317504,-3.2151723,0.52486885,0.61170542,-0.59188604,0
0.74553776,0.76440012,2.0246229,0.71040058,0.068233073,0.70048213,0
-0.39116454,-5.3842702,1.6913776,-0.52486885,-0.61170542,0.59188604,0
2.440531,-2.1495094,0.58946985,0.71040058,0.068233073,0.70048213,0
-1.4017205,4.4338799,-1.8655064,-0.71040058,-0.068233073,-0.70048213,0
3.2651742,-1.1300058,-0.3461585,0.71040058,0.068233073,0.70048213,0
-1.9656223,-1.1375891,-0.7509107,-0.71040058,-0.068233073,-0.70048213,0
0.91339755,-0.064058304,1.9350853,0.71040058,0.068233073,0.70048213,0
1.2488632,-4.9542274,1.2292976,0.46887493,-0.78813744,-0.3987425,0
-1.9896376,2.1982238,3.3470378,-0.46887493,0.78813744,0.3987425,0
2.0350037,1.3708409,0.6578263,0.71040058,0.068233073,0.70048213,0
0.97867501,-1.7945266,2.037446,0.71040058,0.068233073,0.70048213,0
-0.53365946,1.7800108,3.2230034,0.71040058,0.068233073,0.70048213,0
-2.9293091,-1.533942,3.4198747,-0.52486885,-0.61170542,0.59188604,0
-0.98529029,-5.1753974,1.3803887,-0.52486885,-0.61170542,0.59188604,0
3.4756792,-2.1980948,-1.5998802,0.46887493,-0.78813744,-0.3987425,0
-4.0689588,1.0435658,3.1842451,-0.46887493,0.78813744,0.3987425,0
-0.7982316,4.068449,1.0513853,-0.46887493,0.78813744,0.3987425,0
-0.58776307,-1.3567178,-2.1269348,-0.71040058,-0.068233073,-0.70048213,0
-3.4297502,1.9104013,2.2225301,-0.46887493,0.78813744,0.3987425,0
2.977807,-1.3683705,-3.8253179,0.46887493,-0.78813744,-0.3987425,0
0.28412533,4.7285585,-2.4639645,0.52486885,0.61170542,-0.59188604,0
0.62367868,-5.4605789,1.4949863,0.46887493,-0.78813744,-0.3987425,0
3.136858,0.72003686,-0.3962357,0.71040058,0.068233073,0.70048213,0
-0.35388088,5.1911378,-0.6451695,-0.46887493,0.78813744,0.3987425,0
3.6057081,1.5417321,-2.8120108,0.52486885,0.61170542,-0.59188604,0
-4.9230108,-0.83599526,2.3732305,-0.52486885,-0.61170542,0.59188604,0
3.1162622,-2.3323755,-1.7570989,0.46887493,-0.78813744,-0.3987425,0
2.4685202,-0.84479213,-5.2763591,-0.71040058,-0.068233073,-0.70048213,0
0.58437443,-4.5585747,-0.33409464,0.46887493,-0.78813744,-0.3987425,0
3.5728006,1.1305335,-3.26616,0.52486885,0.61170542,-0.59188604,0
-3.2957721,-1.6463485,2.9787345,-0.52486885,-0.61170542,0.59188604,0
-2.5992575,-2.3554163,0.010323286,-0.71040058,-0.068233073,-0.70048213,0
2.3678296,3.020349,-2.3816009,0.52486885,0.61170542,-0.59188604,0
0.048079014,-4.4420333,3.0546737,-0.52486885,-0.61170542,0.59188604,0
-2.5033388,-3.6858947,1.5736032,-0.52486885,-0.61170542,0.59188604,0
-2.1104403,-4.4554796,-0.28085065,-0.71040058,-0.068233073,-0.70048213,0
2.1595294,-1.617239,-4.2956142,0.46887493,-0.78813744,-0.3987425,0
0.1388011,4.9000535,0.50951195,-0.46887493,0.78813744,0.3987425,0
