-2.4712672,-0.4198463,2.0781791,-0.81598169,-0.56503677,-0.12209591,0
1.7368042,0.93356252,0.45294297,0.81598169,0.56503677,0.12209591,0
2.5895505,-0.9339664,-2.5163236,0.42361331,-0.4407416,-0.7913903,0
0.93203115,-0.11272073,4.9842682,-0.42361331,0.4407416,0.7913903,0
-1.7036703,-0.27661657,-3.7146025,-0.81598169,-0.56503677,-0.12209591,0
2.1021156,-2.1903009,3.5817289,0.39335182,-0.69748139,0.59899426,0
-2.9032452,2.0948896,-3.1667368,-0.39335182,0.69748139,-0.59899426,0
1.5999403,0.67865622,-3.9441423,0.42361331,-0.4407416,-0.7913903,0
3.0296378,-1.4486279,-1.9941289,0.42361331,-0.4407416,-0.7913903,0
0.84200454,-1.5020334,5.2106605,0.39335182,-0.69748139,0.59899426,0
1.6450703,1.1768609,-0.059928477,0.81598169,0.56503677,0.12209591,0
4.1464138,-2.7352996,1.3280313,0.81598169,0.56503677,0.12209591,0
2.2125282,-3.6654649,-1.1969073,0.42361331,-0.4407416,-0.7913903,0
-0.0046346188,-3.1538181,-1.7543206,-0.81598169,-0.56503677,-0.12209591,0
3.8321207,-3.6258457,0.77407885,0.39335182,-0.69748139,0.59899426,0
-0.74908662,2.6354387,2.5538974,-0.42361331,0.4407416,0.7913903,0
-1.0764632,-1.5155032,4.6904054,-0.42361331,0.4407416,0.7913903,0
-2.5750632,5.0193181,0.02301693,-0.39335182,0.69748139,-0.59899426,0
3.0717146,-0.46376157,-2.0018723,0.81598169,0.56503677,0.12209591,0
-2.6727839,0.88845974,2.4971144,-0.42361331,0.4407416,0.7913903,0
4.4419804,-3.4064343,-0.14779115,0.42361331,-0.4407416,-0.7913903,0
-2.0319777,0.12842298,-3.3949311,-0.81598169,-0.56503677,-0.12209591,0
-2.5069425,0.20204756,2.9681625,-0.42361331,0.4407416,0.7913903,0
2.294498,-0.014993906,1.1155487,0.81598169,0.56503677,0.12209591,0
-1.2890475,-2.2728553,2.7526367,-0.81598169,-0.56503677,-0.12209591,0
-0.40355968,-2.6686611,-1.3334682,-0.81598169,-0.56503677,-0.12209591,0
-0.44395816,3.5118799,-3.1317453,-0.39335182,0.69748139,-0.59899426,0
0.14175725,0.18503022,4.3954287,-0.42361331,0.4407416,0.7913903,0
0.35515791,-4.0872455,0.16086721,-0.81598169,-0.56503677,-0.12209591,0
0.15242779,3.9634538,-2.9975619,-0.39335182,0.69748139,-0.59899426,0
1.9318086,-4.8968954,-0.66136074,0.42361331,-0.4407416,-0.7913903,0
0.63274425,3.033114,-1.8848174,0.81598169,0.56503677,0.12209591,0
-2.9585462,0.83409667,-0.4682852,-0.81598169,-0.56503677,-0.12209591,0
1.9740112,-1.8734362,4.0348182,0.39335182,-0.69748139,0.59899426,0
1.1374979,-1.845419,-2.7859678,0.42361331,-0.4407416,-0.7913903,0
0.40408444,0.99029613,4.0873775,-0.42361331,0.4407416,0.7913903,0
-3.7673697,2.9931698,-1.5533009,-0.39335182,0.69748139,-0.59899426,0
2.6856291,-2.4165058,2.9351454,0.39335182,-0.69748139,0.59899426,0
-4.693716,3.2605491,-0.10109711,-0.81598169,-0.56503677,-0.12209591,0
-0.0018446445,2.9936814,2.5387053,0.81598169,0.56503677,0.12209591,0
-1.0736985,-2.0197036,0.14189601,-0.81598169,-0.56503677,-0.12209591,0
-0.79844379,-2.9626737,4.587122,0.39335182,-0.69748139,0.59899426,0
-0.94293392,3.6199598,-2.6782241,-0.39335182,0.69748139,-0.59899426,0
1.0125829,1.8886588,0.87299705,0.81598169,0.56503677,0.12209591,0
2.7146103,-3.6774852,-0.92145967,0.42361331,-0.4407416,-0.7913903,0
1.0401263,-3.5022247,-1.915379,0.42361331,-0.4407416,-0.7913903,0
-2.0160248,1.7822286,2.3509042,-0.42361331,0.4407416,0.7913903,0
3.2886312,-1.7541298,2.5200257,0.81598169,0.56503677,0.12209591,0
3.6830325,-2.7234235,1.9227819,0.39335182,-0.69748139,0.59899426,0
0.98085809,2.5441298,-5.1942725,-0.39335182,0.69748139,-0.59899426,0
1.6331232,-0.17075148,-3.4533274,0.42361331,-0.4407416,-0.7913903,0
-0.063452482,-0.3014338,-4.2886868,0.42361331,-0.4407416,-0.7913903,0
-2.0492196,-0.74695027,3.7416878,-0.42361331,0.4407416,0.7913903,0
-1.0194876,-1.4396565,-2.9047492,-0.81598169,-0.56503677,-0.12209591,0
1.6581736,-0.8737793,5.4062462,0.39335182,-0.69748139,0.59899426,0
-0.87989616,0.84674454,-5.3651543,0.42361331,-0.4407416,-0.7913903,0
2.0228357,0.85024309,-1.0730541,0.81598169,0.56503677,0.12209591,0
-0.23000824,3.9488676,-2.7634063,-0.39335182,0.69748139,-0.59899426,0
0.22579789,-0.22693944,-4.1753449,0.42361331,-0.4407416,-0.7913903,0
-2.0506251,-0.080095053,-2.3053255,-0.81598169,-0.56503677,-0.12209591,0
4.0071149,-3.868844,-0.12303925,0.42361331,-0.4407416,-0.7913903,0
-3.3616567,3.5521884,-1.1687937,-0.39335182,0.69748139,-0.59899426,0
0.044429064,3.1164095,1.6614878,0.81598169,0.56503677,0.12209591,0
-2.3334997,3.8021164,-1.5529509,-0.39335182,0.69748139,-0.59899426,0
0.23328114,-1.7122166,5.3656597,0.39335182,-0.69748139,0.59899426,0
0.19871354,2.4808214,-4.7543654,-0.39335182,0.69748139,-0.59899426,0
-1.6912572,5.2766986,0.57860231,-0.42361331,0.4407416,0.7913903,0
-0.74190259,2.1016676,-4.5781713,-0.39335182,0.69748139,-0.59899426,0
3.4995291,-2.7189052,2.0485473,0.39335182,-0.69748139,0.59899426,0
-2.4859545,3.0233119,1.4081764,-0.42361331,0.4407416,0.7913903,0
-0.29524422,1.4340899,-5.3793087,0.42361331,-0.4407416,-0.7913903,0
3.7266579,-2.7198474,-0.91306162,0.42361331,-0.4407416,-0.7913903,0
2.0179281,-2.8675928,-1.7454236,0.42361331,-0.4407416,-0.7913903,0
-0.93895936,2.7980773,2.3616858,-0.42361331,0.4407416,0.7913903,0
-1.9847578,2.2074955,2.1308007,-0.42361331,0.4407416,0.7913903,0
-0.025622845,-2.5054884,-3.0409536,0.42361331,-0.4407416,-0.7913903,0
-2.5511818,3.4349198,-1.8375726,-0.39335182,0.69748139,-0.59899426,0
-0.49363804,1.6310056,3.2500224,-0.42361331,0.4407416,0.7913903,0
-0.81244433,-3.0643375,3.2302713,-0.81598169,-0.56503677,-0.12209591,0
-0.39494896,3.3441787,2.3487473,-0.42361331,0.4407416,0.7913903,0
2.9921103,-1.2138445,2.001374,0.81598169,0.56503677,0.12209591,0
1.1360126,-1.3127285,5.2380209,0.39335182,-0.69748139,0.59899426,0
-0.14624326,3.8634744,-0.52150011,0.81598169,0.56503677,0.12209591,0
1.091423,-0.47447896,5.2710581,-0.42361331,0.4407416,0.7913903,0
-1.9349604,2.7857554,-2.9981384,-0.39335182,0.69748139,-0.59899426,0
-1.4448239,1.9589345,2.558244,-0.42361331,0.4407416,0.7913903,0
-2.7239287,0.99640083,-2.7873762,-0.81598169,-0.56503677,-0.12209591,0
3.3931086,-1.6027045,1.1210232,0.81598169,0.56503677,0.12209591,0
2.4900942,-1.443253,-2.2859282,0.42361331,-0.4407416,-0.7913903,0
-0.15589809,-2.7489913,-2.616868,-0.81598169,-0.56503677,-0.12209591,0
-0.14812398,-3.9662256,2.9915085,0.39335182,-0.69748139,0.59899426,0
-0.98873186,-1.9701684,4.9905782,-0.42361331,0.4407416,0.7913903,0
1.9308219,0.46954489,1.3036851,0.81598169,0.56503677,0.12209591,0
-1.1911743,2.1696925,2.5766416,-0.42361331,0.4407416,0.7913903,0
1.6868414,-4.9347744,-0.77139091,0.42361331,-0.4407416,-0.7913903,0
0.20601559,-1.7099562,5.3861976,0.39335182,-0.69748139,0.59899426,0
3.4280167,-1.7174217,1.4186196,0.81598169,0.56503677,0.12209591,0
-3.8270164,2.5568171,0.95013702,-0.42361331,0.4407416,0.7913903,0
3.3510883,-2.339365,2.5879714,0.39335182,-0.69748139,0.59899426,0
2.7344594,-1.243046,3.8584273,0.81598169,0.56503677,0.12209591,0
-0.85702842,-2.1181514,-0.85053897,-0.81598169,-0.56503677,-0.12209591,0
1.6413302,-1.6335751,4.5325842,0.39335182,-0.69748139,0.59899426,0
2.5952704,-5.1141415,-0.14670038,0.39335182,-0.69748139,0.59899426,0
0.36346549,-4.3596702,1.3660779,-0.81598169,-0.56503677,-0.12209591,0
-3.5961752,2.0337877,-1.7588789,-0.81598169,-0.56503677,-0.12209591,0
-3.5635724,3.9688311,0.30477285,-0.42361331,0.4407416,0.7913903,0
1.116714,-0.93845582,-3.3021991,0.42361331,-0.4407416,-0.7913903,0
-0.58079696,2.0689838,2.9594493,-0.42361331,0.4407416,0.7913903,0
2.1087663,-0.54301095,4.8003759,0.81598169,0.56503677,0.12209591,0
2.0508885,-2.6038649,3.1338067,0.39335182,-0.69748139,0.59899426,0
2.4583538,-1.2046328,4.4955244,0.39335182,-0.69748139,0.59899426,0
-2.1215701,-1.3334275,4.0295811,-0.42361331,0.4407416,0.7913903,0
0.37365294,-3.9513028,-0.5918498,-0.81598169,-0.56503677,-0.12209591,0
-0.99162769,4.7907233,0.83717704,0.81598169,0.56503677,0.12209591,0
0.27049559,-3.8563697,-0.34177208,-0.81598169,-0.56503677,-0.12209591,0
0.76158917,2.993041,-2.5604544,0.81598169,0.56503677,0.12209591,0
0.79007292,-1.4099704,5.351965,0.39335182,-0.69748139,0.59899426,0
-2.0163872,2.7698257,-2.9632149,-0.39335182,0.69748139,-0.59899426,0
-3.4308138,2.1978056,1.362156,-0.42361331,0.4407416,0.7913903,0
0.60685706,0.051204681,4.7189169,-0.42361331,0.4407416,0.7913903,0
-0.82258934,-2.2841029,-0.31270564,-0.81598169,-0.56503677,-0.12209591,0
2.0611312,-2.7508867,2.9558854,0.39335182,-0.69748139,0.59899426,0
-0.46211934,-3.0833726,0.97709799,-0.81598169,-0.56503677,-0.12209591,0
2.0944672,-2.1182389,3.6706619,0.39335182,-0.69748139,0.59899426,0
-1.2461402,5.0950198,-0.76152134,-0.39335182,0.69748139,-0.59899426,0
-0.76512265,-1.311049,-4.1019988,0.42361331,-0.4407416,-0.7913903,0
1.3471389,2.0395455,-2.0611553,0.81598169,0.56503677,0.12209591,0
3.8982017,-1.8343194,-1.314407,0.42361331,-0.4407416,-0.7913903,0
0.62467086,-4.4564643,0.068356037,-0.81598169,-0.56503677,-0.12209591,0
-0.60778254,-2.5907025,-0.32940173,-0.81598169,-0.56503677,-0.12209591,0
1.0409429,2.9826002,-4.3790917,0.81598169,0.56503677,0.12209591,0
2.9700606,-1.0288671,-2.2597928,0.42361331,-0.4407416,-0.7913903,0
-3.4618199,4.506474,0.059813976,-0.42361331,0.4407416,0.7913903,0
-0.086596251,1.1274881,3.748322,-0.42361331,0.4407416,0.7913903,0
-0.91622794,-1.7928343,-1.9604052,-0.81598169,-0.56503677,-0.12209591,0
1.8541496,-3.2151964,2.5511556,0.39335182,-0.69748139,0.59899426,0
-1.5742106,-2.0093548,3.4389877,-0.81598169,-0.56503677,-0.12209591,0
1.6484032,0.30420303,3.9562914,0.81598169,0.56503677,0.12209591,0
0.83772683,-4.9903402,1.1516128,0.39335182,-0.69748139,0.59899426,0
-0.64030337,3.544014,2.106122,-0.42361331,0.4407416,0.7913903,0
1.8413692,-3.3980565,2.346622,0.39335182,-0.69748139,0.59899426,0
1.1141976,-3.2548022,2.9909544,0.39335182,-0.69748139,0.59899426,0
-0.049405694,-3.5315526,0.29297471,-0.81598169,-0.56503677,-0.12209591,0
0.77396059,1.9007351,2.4118531,0.81598169,0.56503677,0.12209591,0
0.45136106,-3.992764,-0.919312,-0.81598169,-0.56503677,-0.12209591,0
0.018314123,-0.30239868,-4.244381,0.42361331,-0.4407416,-0.7913903,0
-4.0608711,2.4364734,-0.5168097,-0.81598169,-0.56503677,-0.12209591,0
2.9446616,-1.4444616,3.3857343,0.81598169,0.56503677,0.12209591,0
-1.4315269,-0.64152694,-3.8446336,-0.81598169,-0.56503677,-0.12209591,0
0.48729944,3.1885543,-1.6321404,0.81598169,0.56503677,0.12209591,0
-1.4679296,3.4208889,-2.565269,-0.39335182,0.69748139,-0.59899426,0
0.27674168,3.3928409,-1.1703587,0.81598169,0.56503677,0.12209591,0
2.6876936,-4.178113,0.88253689,0.39335182,-0.69748139,0.59899426,0
-1.1458576,3.2550588,1.9964356,-0.42361331,0.4407416,0.7913903,0
-0.50650239,-2.1658585,-2.9723675,-0.81598169,-0.56503677,-0.12209591,0
1.7984912,-1.5882019,4.4822125,0.39335182,-0.69748139,0.59899426,0
0.40471482,-3.3371632,-2.3474269,0.42361331,-0.4407416,-0.7913903,0
-0.77575755,-0.78205609,-4.4022989,0.42361331,-0.4407416,-0.7913903,0
-0.29780459,3.5391946,1.9921041,0.81598169,0.56503677,0.12209591,0
3.7560036,-2.8666549,-0.81559324,0.42361331,-0.4407416,-0.7913903,0
2.6198187,-4.8924222,0.095353127,0.39335182,-0.69748139,0.59899426,0
2.4360592,-0.77216673,3.6735301,0.81598169,0.56503677,0.12209591,0
-3.875782,2.9814699,-1.4957314,-0.39335182,0.69748139,-0.59899426,0
2.7168429,-0.96328282,2.6814673,0.81598169,0.56503677,0.12209591,0
1.5089259,-0.14007783,5.3083029,-0.42361331,0.4407416,0.7913903,0
3.6549091,-1.5661103,-0.79797006,0.81598169,0.56503677,0.12209591,0
-0.60099834,-2.8966367,1.0410652,-0.81598169,-0.56503677,-0.12209591,0
1.6171551,-0.91846347,5.3811512,0.39335182,-0.69748139,0.59899426,0
2.3250642,-3.8439744,-1.0372536,0.42361331,-0.4407416,-0.7913903,0
-2.2697043,-0.45885497,3.4632206,-0.42361331,0.4407416,0.7913903,0
1.2085111,-1.3606669,5.1345911,0.39335182,-0.69748139,0.59899426,0
0.81485415,-1.396857,-3.2084849,0.42361331,-0.4407416,-0.7913903,0
-4.2606268,3.9397507,-0.12716627,-0.39335182,0.69748139,-0.59899426,0
1.093623,-4.0953121,-1.5564411,0.42361331,-0.4407416,-0.7913903,0
-1.1776879,3.719388,-2.408288,-0.39335182,0.69748139,-0.59899426,0
-0.31848064,-3.2791288,0.92306519,-0.81598169,-0.56503677,-0.12209591,0
2.2741766,-4.9452085,0.26086664,0.39335182,-0.69748139,0.59899426,0
1.2793109,-4.1777797,1.8077922,0.39335182,-0.69748139,0.59899426,0
3.1711488,-1.4701358,-1.9064034,0.42361331,-0.4407416,-0.7913903,0
0.032497168,0.81517601,3.9860034,-0.42361331,0.4407416,0.7913903,0
2.2594278,0.15240765,0.57522464,0.81598169,0.56503677,0.12209591,0
3.4520736,-2.0507712,2.8005233,0.81598169,0.56503677,0.12209591,0
2.9810138,-4.7621698,-0.17477655,0.42361331,-0.4407416,-0.7913903,0
-3.0023093,1.3727236,-2.6684761,-0.81598169,-0.56503677,-0.12209591,0
-1.0132915,3.0185802,-3.3322802,-0.39335182,0.69748139,-0.59899426,0
1.1040044,-5.0748806,0.87831068,0.39335182,-0.69748139,0.59899426,0
1.0335062,1.5012904,-4.7054839,0.42361331,-0.4407416,-0.7913903,0
2.8506935,-4.3785419,0.54211378,0.39335182,-0.69748139,0.59899426,0
-1.6655428,2.2414763,-3.8088312,-0.39335182,0.69748139,-0.59899426,0
-3.4065242,3.6664994,0.55721188,-0.42361331,0.4407416,0.7913903,0
3.2841418,-4.4766679,0.14321423,0.39335182,-0.69748139,0.59899426,0
-3.1636147,1.8766781,-3.2498453,-0.39335182,0.69748139,-0.59899426,0
2.2638097,-3.9316802,1.4478478,0.39335182,-0.69748139,0.59899426,0
0.18544078,3.4629147,-3.6020813,-0.39335182,0.69748139,-0.59899426,0
2.330858,-4.9003038,0.27593184,0.39335182,-0.69748139,0.59899426,0
1.5620624,-2.8959241,3.1147327,0.39335182,-0.69748139,0.59899426,0
1.9272523,0.65135998,-3.7537379,0.42361331,-0.4407416,-0.7913903,0
1.4476005,1.5890425,-0.64771044,0.81598169,0.56503677,0.12209591,0
3.2392142,-3.4889038,1.3228903,0.39335182,-0.69748139,0.59899426,0
-3.688015,2.180717,-1.8250606,-0.81598169,-0.56503677,-0.12209591,0
0.91699362,1.6975114,-4.8771305,0.42361331,-0.4407416,-0.7913903,0
1.7751977,-2.9962234,2.8579788,0.39335182,-0.69748139,0.59899426,0
-0.098449945,3.1260343,-3.8079233,-0.39335182,0.69748139,-0.59899426,0
1.7001712,2.0841556,-4.6269627,0.81598169,0.56503677,0.12209591,0
-1.5384743,4.2408838,1.2372506,-0.42361331,0.4407416,0.7913903,0
-1.3436298,-0.64560902,4.0629349,-0.42361331,0.4407416,0.7913903,0
1.5210412,-2.1312628,4.0320587,0.39335182,-0.69748139,0.59899426,0
-2.6234231,1.6030061,-3.9232519,-0.39335182,0.69748139,-0.59899426,0
-1.9717617,-0.2716949,-1.9456921,-0.81598169,-0.56503677,-0.12209591,0
2.353852,-1.1468661,4.6314154,0.39335182,-0.69748139,0.59899426,0
2.9481258,-0.85544145,0.63670635,0.81598169,0.56503677,0.12209591,0
1.2612853,-3.941,2.0953412,0.39335182,-0.69748139,0.59899426,0
1.8734608,-3.0379276,2.7448897,0.39335182,-0.69748139,0.59899426,0
-0.1473124,-2.7838566,-2.5128942,-0.81598169,-0.56503677,-0.12209591,0
1.0389962,-0.67183578,-3.4922862,0.42361331,-0.4407416,-0.7913903,0
2.8766775,-3.5899463,1.4433079,0.39335182,-0.69748139,0.59899426,0
1.0298858,-0.57630897,-3.5503638,0.42361331,-0.4407416,-0.7913903,0
3.5324113,-1.2869666,-1.2711273,0.81598169,0.56503677,0.12209591,0
-1.4365621,5.4853926,0.59592628,0.81598169,0.56503677,0.12209591,0
3.2368567,-3.4765196,-0.75383472,0.42361331,-0.4407416,-0.7913903,0
1.0427334,2.5202107,-2.2512043,0.81598169,0.56503677,0.12209591,0
-0.27448535,2.2209282,-4.7462478,-0.39335182,0.69748139,-0.59899426,0
0.74807286,-4.232933,2.0924277,0.39335182,-0.69748139,0.59899426,0
0.4216373,0.62003946,-4.5422163,0.42361331,-0.4407416,-0.7913903,0
-1.7412255,-1.4794747,2.102982,-0.81598169,-0.56503677,-0.12209591,0
-1.0570738,-2.0170972,4.9801326,-0.42361331,0.4407416,0.7913903,0
2.1953638,-3.7967248,1.6499405,0.39335182,-0.69748139,0.59899426,0
-2.6724577,0.51464427,2.7054746,-0.42361331,0.4407416,0.7913903,0
3.1215596,-0.60901535,-2.412523,0.42361331,-0.4407416,-0.7913903,0
-3.7974997,2.8265476,0.81571817,-0.42361331,0.4407416,0.7913903,0
-2.1594706,0.9837321,2.7188201,-0.42361331,0.4407416,0.7913903,0
0.80401945,-3.1489086,-2.2385309,0.42361331,-0.4407416,-0.7913903,0
-3.7603137,3.8500385,0.26561975,-0.42361331,0.4407416,0.7913903,0
-2.8279004,4.7478056,-0.12710333,-0.39335182,0.69748139,-0.59899426,0
-1.3099411,1.7543122,-4.6096153,-0.39335182,0.69748139,-0.59899426,0
0.87026525,1.9450629,1.5630945,0.81598169,0.56503677,0.12209591,0
1.3859835,0.59234333,4.3766184,0.81598169,0.56503677,0.12209591,0
3.1182837,-2.1880887,2.9170005,0.39335182,-0.69748139,0.59899426,0
3.61848,-3.4956002,-0.53893399,0.42361331,-0.4407416,-0.7913903,0
-1.7542715,0.20776653,-5.4773278,0.42361331,-0.4407416,-0.7913903,0
-1.2807999,1.6347686,-4.7679505,-0.39335182,0.69748139,-0.59899426,0
1.7509284,-3.2602105,2.5665245,0.39335182,-0.69748139,0.59899426,0
2.7615054,-0.71922708,1.2535392,0.81598169,0.56503677,0.12209591,0
2.4002998,-0.22850275,1.3965397,0.81598169,0.56503677,0.12209591,0
0.64509249,-0.33716321,4.9556732,-0.42361331,0.4407416,0.7913903,0
-1.7906032,3.8990746,-1.7965636,-0.39335182,0.69748139,-0.59899426,0
2.0043554,-2.9362047,2.7773809,0.39335182,-0.69748139,0.59899426,0
1.0702078,1.8186983,-4.8626099,0.42361331,-0.4407416,-0.7913903,0
0.16729069,-0.021811485,4.524291,-0.42361331,0.4407416,0.7913903,0
4.1764865,-3.8640442,0.27057457,0.39335182,-0.69748139,0.59899426,0
0.35693407,-1.16219,5.2609024,-0.42361331,0.4407416,0.7913903,0
1.0621781,1.8921981,0.52516675,0.81598169,0.56503677,0.12209591,0
2.0841651,-4.3038044,-0.91011214,0.42361331,-0.4407416,-0.7913903,0
-3.5381842,1.3211976,1.7928845,-0.42361331,0.4407416,0.7913903,0
0.68263483,3.1618004,-2.8137765,0.81598169,0.56503677,0.12209591,0
1.026983,1.1132615,4.3523192,-0.42361331,0.4407416,0.7913903,0
-3.4855237,2.2845519,1.2845604,-0.42361331,0.4407416,0.7913903,0
1.5707242,-5.2903414,0.32093477,0.39335182,-0.69748139,0.59899426,0
-2.3750129,5.1936746,0.094670296,-0.39335182,0.69748139,-0.59899426,0
1.9703629,-1.7259927,4.2088995,0.39335182,-0.69748139,0.59899426,0
-2.4099543,2.9889874,-2.4495683,-0.39335182,0.69748139,-0.59899426,0
-0.5323987,-3.4934564,3.3445721,-0.81598169,-0.56503677,-0.12209591,0
-1.9580326,1.9738934,-3.9283369,-0.39335182,0.69748139,-0.59899426,0
-2.9086409,0.77130628,-0.51122713,-0.81598169,-0.56503677,-0.12209591,0
1.4148564,-2.0975401,4.1410561,0.39335182,-0.69748139,0.59899426,0
-2.0312314,4.0796957,-1.4282274,-0.39335182,0.69748139,-0.59899426,0
-0.13569802,-3.3852286,0.19251704,-0.81598169,-0.56503677,-0.12209591,0
3.018873,-2.3035643,2.8478203,0.39335182,-0.69748139,0.59899426,0
2.188509,-1.5446045,4.2768583,0.39335182,-0.69748139,0.59899426,0
1.050405,1.4582839,2.6119163,0.81598169,0.56503677,0.12209591,0
-3.4378598,1.6208757,-0.90603852,-0.81598169,-0.56503677,-0.12209591,0
2.7850609,-2.1912379,3.1321568,0.39335182,-0.69748139,0.59899426,0
-3.8164835,2.0432463,-0.33030272,-0.81598169,-0.56503677,-0.12209591,0
-2.0937121,5.2833557,0.014370918,-0.39335182,0.69748139,-0.59899426,0
-1.3583887,1.0164526,3.1293983,-0.42361331,0.4407416,0.7913903,0
2.3827333,-4.9725814,0.15770531,0.39335182,-0.69748139,0.59899426,0
1.5530581,-2.4128938,-2.2474892,0.42361331,-0.4407416,-0.7913903,0
1.6662998,2.1331966,-4.6275473,0.81598169,0.56503677,0.12209591,0
-1.19839,4.5424371,-1.4363179,-0.39335182,0.69748139,-0.59899426,0
0.079469204,-3.3695798,-1.317893,-0.81598169,-0.56503677,-0.12209591,0
1.6427935,1.4182462,-1.1617969,0.81598169,0.56503677,0.12209591,0
1.4797058,-0.17835379,5.3139791,-0.42361331,0.4407416,0.7913903,0
2.3483071,-3.1640232,-1.403491,0.42361331,-0.4407416,-0.7913903,0
-1.3756251,-0.26360452,3.8330626,-0.42361331,0.4407416,0.7913903,0
1.0489914,-4.2129736,1.9180593,0.39335182,-0.69748139,0.59899426,0
-1.4267752,1.2993751,-5.0626297,-0.39335182,0.69748139,-0.59899426,0
2.4762495,-3.0513787,2.3333836,0.39335182,-0.69748139,0.59899426,0
2.2274086,-2.7341981,2.8661256,0.39335182,-0.69748139,0.59899426,0
-2.2233398,2.7719109,-2.8248839,-0.39335182,0.69748139,-0.59899426,0
-2.1166701,1.2273643,2.6060462,-0.42361331,0.4407416,0.7913903,0
-1.4150165,4.7169027,-1.0909104,-0.39335182,0.69748139,-0.59899426,0
-0.43433547,3.3507748,-3.3256588,-0.39335182,0.69748139,-0.59899426,0
1.7133615,0.60322684,-3.8414226,0.42361331,-0.4407416,-0.7913903,0
-1.3185165,3.0738816,-3.0674491,-0.39335182,0.69748139,-0.59899426,0
2.2171161,-1.0035949,4.8880358,0.39335182,-0.69748139,0.59899426,0
1.0648906,2.047946,-4.9931283,0.42361331,-0.4407416,-0.7913903,0
0.23205948,-2.2107694,-3.0671573,0.42361331,-0.4407416,-0.7913903,0
-1.2532079,-2.6142216,5.2076964,-0.42361331,0.4407416,0.7913903,0
-0.41679049,1.6408877,-5.3282099,-0.39335182,0.69748139,-0.59899426,0
1.6106441,0.36039925,3.9485755,0.81598169,0.56503677,0.12209591,0
-1.6000886,0.89783126,3.0660849,-0.42361331,0.4407416,0.7913903,0
2.3404338,-4.6655321,-0.57148409,0.42361331,-0.4407416,-0.7913903,0
0.091383934,2.5780389,-4.570683,-0.39335182,0.69748139,-0.59899426,0
-0.00018692017,-3.1642289,3.8282218,0.39335182,-0.69748139,0.59899426,0
-1.6917205,0.40458417,-5.5534577,0.42361331,-0.4407416,-0.7913903,0
2.8887393,-1.1612027,2.4485984,0.81598169,0.56503677,0.12209591,0
-2.5972307,1.1177015,-4.1954699,-0.81598169,-0.56503677,-0.12209591,0
-2.6581149,4.6158481,0.42910671,-0.42361331,0.4407416,0.7913903,0
-0.037493706,-3.6289105,3.3116364,0.39335182,-0.69748139,0.59899426,0
-1.4304271,-2.3705726,4.9771423,-0.42361331,0.4407416,0.7913903,0
0.11795044,-2.2881892,4.7707214,0.39335182,-0.69748139,0.59899426,0
1.8709239,0.49909234,1.5672506,0.81598169,0.56503677,0.12209591,0
3.8776727,-1.9520874,-0.50049639,0.81598169,0.56503677,0.12209591,0
0.67222261,2.0740595,2.289665,0.81598169,0.56503677,0.12209591,0
2.7960978,-0.24602699,-1.1675261,0.81598169,0.56503677,0.12209591,0
0.25577831,3.6190524,-2.0771208,0.81598169,0.56503677,0.12209591,0
-3.1488431,0.84841335,0.7372359,-0.81598169,-0.56503677,-0.12209591,0
-0.69859672,4.6741633,-1.6111403,-0.39335182,0.69748139,-0.59899426,0
-1.3176807,3.3283749,-2.7716603,-0.39335182,0.69748139,-0.59899426,0
-0.060732365,1.287585,3.6730053,-0.42361331,0.4407416,0.7913903,0
0.57480049,2.1517317,2.581295,0.81598169,0.56503677,0.12209591,0
-3.1591754,1.4302087,-1.8861501,-0.81598169,-0.56503677,-0.12209591,0
-3.5837784,2.6067653,1.0525196,-0.42361331,0.4407416,0.7913903,0
-3.2467937,2.1873772,-2.8334386,-0.39335182,0.69748139,-0.59899426,0
-0.96510196,-0.99840593,-4.3831606,0.42361331,-0.4407416,-0.7913903,0
-1.2497704,3.8474743,-2.2118063,-0.39335182,0.69748139,-0.59899426,0
-3.0550497,4.7490816,0.023548126,-0.39335182,0.69748139,-0.59899426,0
0.79939127,2.7673016,-1.7684109,0.81598169,0.56503677,0.12209591,0
-2.432045,4.8383279,-0.28165102,-0.39335182,0.69748139,-0.59899426,0
-1.8841875,3.0330873,-2.7434821,-0.39335182,0.69748139,-0.59899426,0
2.7068601,-4.9455004,-0.023610592,0.39335182,-0.69748139,0.59899426,0
-1.3160086,-2.5505257,4.2178302,-0.81598169,-0.56503677,-0.12209591,0
0.67827052,-4.3208795,2.0358601,0.39335182,-0.69748139,0.59899426,0
2.5874598,-1.6854668,-2.0989165,0.42361331,-0.4407416,-0.7913903,0
1.9363309,0.4701786,1.2639349,0.81598169,0.56503677,0.12209591,0
1.8850496,1.3535057,-4.1673679,0.42361331,-0.4407416,-0.7913903,0
0.71789008,2.8938298,-1.8092768,0.81598169,0.56503677,0.12209591,0
-1.8490443,0.30578834,3.2625451,-0.42361331,0.4407416,0.7913903,0
3.035676,-0.41495764,-1.9868768,0.81598169,0.56503677,0.12209591,0
-3.2598908,2.0158262,-3.0245955,-0.39335182,0.69748139,-0.59899426,0
-3.3617878,2.2470551,-2.6884327,-0.39335182,0.69748139,-0.59899426,0
4.321578,-3.273746,0.86265039,0.39335182,-0.69748139,0.59899426,0
-3.1396608,0.79518545,0.92219937,-0.81598169,-0.56503677,-0.12209591,0
-3.915307,3.0415008,-1.3998747,-0.39335182,0.69748139,-0.59899426,0
-1.8835585,-1.2406126,1.9488035,-0.81598169,-0.56503677,-0.12209591,0
3.3937931,-1.0227411,-2.0363901,0.42361331,-0.4407416,-0.7913903,0
-4.6097994,3.4137545,-0.51035023,-0.39335182,0.69748139,-0.59899426,0
-2.1763496,-0.023737669,-1.7259073,-0.81598169,-0.56503677,-0.12209591,0
-1.1583879,1.6956326,-4.7774649,-0.39335182,0.69748139,-0.59899426,0
-0.4803896,-3.2092478,1.6817274,-0.81598169,-0.56503677,-0.12209591,0
-2.3691552,1.9707367,2.0568974,-0.42361331,0.4407416,0.7913903,0
1.6878377,-1.4921585,-2.6881213,0.42361331,-0.4407416,-0.7913903,0
-1.4549532,2.8289504,2.0682921,-0.42361331,0.4407416,0.7913903,0
-0.55266929,-2.8429842,4.5650949,0.39335182,-0.69748139,0.59899426,0
2.4829903,-1.724305,3.874229,0.39335182,-0.69748139,0.59899426,0
4.0940704,-3.4814758,0.77016687,0.39335182,-0.69748139,0.59899426,0
-1.5552609,4.6295037,-1.1005826,-0.39335182,0.69748139,-0.59899426,0
0.65180051,-3.4560008,3.0603251,0.39335182,-0.69748139,0.59899426,0
2.5848608,0.46308309,-3.0374312,0.81598169,0.56503677,0.12209591,0
4.5255222,-3.7879775,0.12994099,0.39335182,-0.69748139,0.59899426,0
2.4284298,-5.2379947,-0.18135595,0.39335182,-0.69748139,0.59899426,0
1.08982,-4.4456024,-1.3633926,0.42361331,-0.4407416,-0.7913903,0
-0.40770578,-2.3191631,-2.9231715,-0.81598169,-0.56503677,-0.12209591,0
-2.362783,2.3479583,1.8502257,-0.42361331,0.4407416,0.7913903,0
-4.3910522,3.1342366,-0.9794755,-0.39335182,0.69748139,-0.59899426,0
1.6410718,1.7339265,-4.5098276,0.42361331,-0.4407416,-0.7913903,0
-0.83695531,4.4210448,-1.8150182,-0.39335182,0.69748139,-0.59899426,0
-1.3128574,2.5912287,-3.6331758,-0.39335182,0.69748139,-0.59899426,0
0.99239969,-2.0274167,-2.7622774,0.42361331,-0.4407416,-0.7913903,0
-0.7985456,1.8507127,2.964453,-0.42361331,0.4407416,0.7913903,0
-2.6995318,-0.075651765,2.0108316,-0.81598169,-0.56503677,-0.12209591,0
1.6269431,-2.0923438,-2.3864613,0.42361331,-0.4407416,-0.7913903,0
2.0848393,-2.1957307,-2.0837817,0.42361331,-0.4407416,-0.7913903,0
-4.7742443,3.598875,-0.18680382,-0.39335182,0.69748139,-0.59899426,0
2.7964087,-1.0699949,2.6435654,0.81598169,0.56503677,0.12209591,0
-1.9336312,-1.5902205,4.2731938,-0.42361331,0.4407416,0.7913903,0
-1.3077357,-1.329782,-1.4868329,-0.81598169,-0.56503677,-0.12209591,0
-0.48600179,-3.0455666,0.96174932,-0.81598169,-0.56503677,-0.12209591,0
-0.647192,4.5116754,-0.17334747,0.81598169,0.56503677,0.12209591,0
-0.30528522,-0.25681591,4.4022107,-0.42361331,0.4407416,0.7913903,0
-0.15666413,2.5091331,-4.4880276,-0.39335182,0.69748139,-0.59899426,0
2.0054233,-5.3689709,-0.056084633,0.39335182,-0.69748139,0.59899426,0
-0.087918758,0.75832629,3.9532077,-0.42361331,0.4407416,0.7913903,0
0.35885787,1.1166177,3.9928174,-0.42361331,0.4407416,0.7913903,0
-2.0695248,2.0767145,-3.7353935,-0.39335182,0.69748139,-0.59899426,0
-3.5090821,3.6386728,-0.97127819,-0.39335182,0.69748139,-0.59899426,0
2.0696363,0.42612076,0.57692933,0.81598169,0.56503677,0.12209591,0
1.4929476,2.4622207,-4.9916744,0.81598169,0.56503677,0.12209591,0
-1.8210554,-1.7105794,4.4004836,-0.42361331,0.4407416,0.7913903,0
-2.3303828,3.0523307,-2.4280634,-0.39335182,0.69748139,-0.59899426,0
-0.95896006,1.5409399,3.0511055,-0.42361331,0.4407416,0.7913903,0
0.75081778,-2.7126236,-2.5099847,0.42361331,-0.4407416,-0.7913903,0
-2.7435241,2.5388455,1.5401149,-0.42361331,0.4407416,0.7913903,0
-1.0329831,-0.13046813,-4.9028687,0.42361331,-0.4407416,-0.7913903,0
0.27335143,2.6153646,2.4503136,0.81598169,0.56503677,0.12209591,0
1.1484141,-0.063129961,-3.772718,0.42361331,-0.4407416,-0.7913903,0
1.1957099,-4.105042,-1.4963775,0.42361331,-0.4407416,-0.7913903,0
3.8565962,-1.8878646,-0.65685189,0.81598169,0.56503677,0.12209591,0
1.8127434,-1.5295484,4.5411501,0.39335182,-0.69748139,0.59899426,0
0.65439188,2.5335622,0.28234148,0.81598169,0.56503677,0.12209591,0
0.62397718,-4.6866326,1.1381679,-0.81598169,-0.56503677,-0.12209591,0
-3.252727,2.7558956,-2.1675472,-0.39335182,0.69748139,-0.59899426,0
-0.57691693,1.9287679,-4.8878422,-0.39335182,0.69748139,-0.59899426,0
2.828197,-3.5225885,1.5535769,0.39335182,-0.69748139,0.59899426,0
2.9580247,-4.0810137,0.81807947,0.39335182,-0.69748139,0.59899426,0
-2.1980886,0.33543944,-3.242826,-0.81598169,-0.56503677,-0.12209591,0
-2.9636917,0.82494652,-0.39155281,-0.81598169,-0.56503677,-0.12209591,0
-2.7874799,3.3712196,-1.7565732,-0.39335182,0.69748139,-0.59899426,0
0.012708902,-3.2255831,3.7483125,0.39335182,-0.69748139,0.59899426,0
-0.036683559,-0.19000125,4.5087767,-0.42361331,0.4407416,0.7913903,0
-1.664408,4.8293877,0.84209085,-0.42361331,0.4407416,0.7913903,0
2.0155377,-2.0685952,3.7803006,0.39335182,-0.69748139,0.59899426,0
4.184411,-3.7383189,0.41176701,0.39335182,-0.69748139,0.59899426,0
-2.0855722,4.4350958,0.83624029,-0.42361331,0.4407416,0.7913903,0
0.80482173,-0.068248153,-3.9537849,0.42361331,-0.4407416,-0.7913903,0
1.0521762,-2.0249898,4.4637032,0.39335182,-0.69748139,0.59899426,0
-2.6969869,2.8676143,1.3819268,-0.42361331,0.4407416,0.7913903,0
-1.0985687,4.895999,-1.0901737,-0.39335182,0.69748139,-0.59899426,0
1.1550808,-1.6270205,4.85953,0.39335182,-0.69748139,0.59899426,0
-3.365308,1.3025767,0.082116127,-0.81598169,-0.56503677,-0.12209591,0
-1.6982672,0.94746995,-5.2941103,-0.39335182,0.69748139,-0.59899426,0
0.029334635,-3.639267,0.26522279,-0.81598169,-0.56503677,-0.12209591,0
2.3278308,-0.52498174,3.2529068,0.81598169,0.56503677,0.12209591,0
1.7699034,-2.6549006,3.2588997,0.39335182,-0.69748139,0.59899426,0
1.4074616,2.3510633,-3.9059463,0.81598169,0.56503677,0.12209591,0
4.0715594,-3.0851178,1.2464771,0.39335182,-0.69748139,0.59899426,0
1.3886991,-3.7038898,2.2877665,0.39335182,-0.69748139,0.59899426,0
-4.5092525,3.6210237,-0.33503008,-0.39335182,0.69748139,-0.59899426,0
1.2454281,-0.57013988,5.4067688,-0.42361331,0.4407416,0.7913903,0
-1.84825,-1.562413,3.2020631,-0.81598169,-0.56503677,-0.12209591,0
2.1367655,-1.7254189,4.1002941,0.39335182,-0.69748139,0.59899426,0
-0.27401149,4.1082168,-0.80022907,0.81598169,0.56503677,0.12209591,0
-0.78169227,-0.67986214,4.3828039,-0.42361331,0.4407416,0.7913903,0
-3.1858683,0.73467803,1.5110259,-0.81598169,-0.56503677,-0.12209591,0
-1.7258172,-1.0989763,0.23913175,-0.81598169,-0.56503677,-0.12209591,0
2.2563653,-2.9789429,-1.5557803,0.42361331,-0.4407416,-0.7913903,0
-0.98851407,4.7194571,1.1461692,0.81598169,0.56503677,0.12209591,0
-0.12734437,-3.2554016,3.805562,0.39335182,-0.69748139,0.59899426,0
3.5480311,-2.0797749,2.2934496,0.81598169,0.56503677,0.12209591,0
-1.1494166,-2.5254467,2.9884124,-0.81598169,-0.56503677,-0.12209591,0
-1.0690365,2.8051381,-3.5442104,-0.39335182,0.69748139,-0.59899426,0
-1.1913626,-0.95234942,-4.0112519,-0.81598169,-0.56503677,-0.12209591,0
1.9741621,-2.5984635,3.1904821,0.39335182,-0.69748139,0.59899426,0
-2.8307667,0.0058307648,2.5108054,-0.81598169,-0.56503677,-0.12209591,0
-4.3009224,3.5389085,-0.56745386,-0.39335182,0.69748139,-0.59899426,0
-2.7649181,-0.19385713,3.0505619,-0.42361331,0.4407416,0.7913903,0
3.4748759,-4.4386158,0.062269688,0.39335182,-0.69748139,0.59899426,0
0.38600516,-0.70235527,-3.824821,0.42361331,-0.4407416,-0.7913903,0
0.27840161,0.75124097,4.1532373,-0.42361331,0.4407416,0.7913903,0
-0.74355626,-1.9993365,-2.1587396,-0.81598169,-0.56503677,-0.12209591,0
3.3146808,-1.4491957,0.93475556,0.81598169,0.56503677,0.12209591,0
0.14596534,3.2833099,-3.7852921,-0.39335182,0.69748139,-0.59899426,0
1.9422116,0.92230499,-0.86772168,0.81598169,0.56503677,0.12209591,0
2.1325972,0.83956373,-1.7571808,0.81598169,0.56503677,0.12209591,0
-2.0440278,2.6365685,1.8601153,-0.42361331,0.4407416,0.7913903,0
1.5555587,1.6457891,-1.63182,0.81598169,0.56503677,0.12209591,0
-0.82972836,3.3117065,2.1341038,-0.42361331,0.4407416,0.7913903,0
2.2550037,-2.4446712,3.1851354,0.39335182,-0.69748139,0.59899426,0
-1.3477781,-1.4298658,-0.75605357,-0.81598169,-0.56503677,-0.12209591,0
-0.33743691,2.6471872,-4.2085629,-0.39335182,0.69748139,-0.59899426,0
-0.96575403,-3.0955467,4.3992877,-0.81598169,-0.56503677,-0.12209591,0
-0.7346828,-0.98685145,-4.2662582,0.42361331,-0.4407416,-0.7913903,0
1.9431174,-2.7368956,3.049675,0.39335182,-0.69748139,0.59899426,0
0.20825005,-0.14963651,4.617404,-0.42361331,0.4407416,0.7913903,0
1.8042746,-4.0777683,1.5795112,0.39335182,-0.69748139,0.59899426,0
0.049711704,2.1799819,-5.0068221,-0.39335182,0.69748139,-0.59899426,0
-1.4412757,2.9602771,-3.1191182,-0.39335182,0.69748139,-0.59899426,0
0.88263577,-4.4853654,1.7101245,0.39335182,-0.69748139,0.59899426,0
1.8609475,-1.3217647,-2.6903553,0.42361331,-0.4407416,-0.7913903,0
-0.40970993,0.40010715,3.9804606,-0.42361331,0.4407416,0.7913903,0
0.30853128,-3.026942,-2.5716803,0.42361331,-0.4407416,-0.7913903,0
2.6676197,-0.35578728,0.19905776,0.81598169,0.56503677,0.12209591,0
0.61780369,2.9315886,-1.3151278,0.81598169,0.56503677,0.12209591,0
0.59704185,2.7943997,-4.6508069,-0.39335182,0.69748139,-0.59899426,0
-1.7256193,1.3232126,-4.838625,-0.39335182,0.69748139,-0.59899426,0
0.97904229,-3.6990902,2.5623713,0.39335182,-0.69748139,0.59899426,0
1.0828413,-3.3590074,-1.9722757,0.42361331,-0.4407416,-0.7913903,0
0.80031466,3.2044468,-3.797606,0.81598169,0.56503677,0.12209591,0
3.5408974,-1.3802481,-1.7585456,0.42361331,-0.4407416,-0.7913903,0
1.734203,-4.5768647,1.0443678,0.39335182,-0.69748139,0.59899426,0
2.1335316,-4.6707501,0.67281199,0.39335182,-0.69748139,0.59899426,0
0.55997849,-3.3568394,-2.2533593,0.42361331,-0.4407416,-0.7913903,0
-2.1895909,0.40168691,-3.6061966,-0.81598169,-0.56503677,-0.12209591,0
-1.1386204,-0.98753095,-4.2009249,-0.81598169,-0.56503677,-0.12209591,0
0.9845804,-2.9555459,3.4245334,0.39335182,-0.69748139,0.59899426,0
-0.53867984,-3.2673485,2.3401666,-0.81598169,-0.56503677,-0.12209591,0
-2.2786477,0.65398359,-4.1786008,-0.81598169,-0.56503677,-0.12209591,0
-2.6931567,2.4884357,1.5951495,-0.42361331,0.4407416,0.7913903,0
-1.9938314,3.2024655,1.5718247,-0.42361331,0.4407416,0.7913903,0
2.2223232,-3.6417871,1.8126497,0.39335182,-0.69748139,0.59899426,0
-2.0146346,-1.1135217,2.2366467,-0.81598169,-0.56503677,-0.12209591,0
-1.8822402,-1.4361379,2.8448474,-0.81598169,-0.56503677,-0.12209591,0
3.1717503,-1.9473343,3.1622288,0.39335182,-0.69748139,0.59899426,0
0.0019050837,4.1223903,-2.7098055,0.81598169,0.56503677,0.12209591,0
2.9113262,-0.56871021,-0.44429576,0.81598169,0.56503677,0.12209591,0
-3.3747811,2.5612741,1.1897261,-0.42361331,0.4407416,0.7913903,0
-1.901282,1.7777565,2.414814,-0.42361331,0.4407416,0.7913903,0
1.9915681,-3.7273021,-1.2807436,0.42361331,-0.4407416,-0.7913903,0
-2.6161275,1.7677522,2.037745,-0.42361331,0.4407416,0.7913903,0
-1.9028565,-1.4329998,2.9681056,-0.81598169,-0.56503677,-0.12209591,0
-2.2111192,3.7678032,-1.6732712,-0.39335182,0.69748139,-0.59899426,0
0.30289412,2.8365836,1.2291145,0.81598169,0.56503677,0.12209591,0
2.9604089,-1.3368244,2.782366,0.81598169,0.56503677,0.12209591,0
1.5384159,-3.6258359,2.2803364,0.39335182,-0.69748139,0.59899426,0
2.0930662,-2.0716166,-2.1484995,0.42361331,-0.4407416,-0.7913903,0
3.9790156,-2.138622,-0.31453729,0.81598169,0.56503677,0.12209591,0
0.78296685,2.6471391,-1.1025538,0.81598169,0.56503677,0.12209591,0
0.68522263,-1.4649591,5.3567886,0.39335182,-0.69748139,0.59899426,0
2.2668316,-1.5368185,4.2344913,0.39335182,-0.69748139,0.59899426,0
1.6132586,0.53974128,3.1011417,0.81598169,0.56503677,0.12209591,0
-1.4022094,-1.1536686,-1.6704729,-0.81598169,-0.56503677,-0.12209591,0
0.82332194,-3.7589645,2.5949121,0.39335182,-0.69748139,0.59899426,0
-0.62668419,3.46153,-3.0703797,-0.39335182,0.69748139,-0.59899426,0
-3.2521725,2.9025149,1.0653114,-0.42361331,0.4407416,0.7913903,0
0.37177634,-3.9219222,-0.71527696,-0.81598169,-0.56503677,-0.12209591,0
2.4314814,-0.63970661,3.0911226,0.81598169,0.56503677,0.12209591,0
-2.2932992,2.2363153,1.9495952,-0.42361331,0.4407416,0.7913903,0
1.1776447,-0.25354373,-3.6510265,0.42361331,-0.4407416,-0.7913903,0
0.171435,-3.890986,2.8692689,0.39335182,-0.69748139,0.59899426,0
-1.6311259,-2.0644653,4.074399,-0.81598169,-0.56503677,-0.12209591,0
-1.3661819,0.92679429,-5.5362616,-0.39335182,0.69748139,-0.59899426,0
-0.38209629,0.64531124,3.8586817,-0.42361331,0.4407416,0.7913903,0
-2.5043328,4.3366327,0.66692305,-0.42361331,0.4407416,0.7913903,0
-2.1569264,-0.26728201,-0.72863746,-0.81598169,-0.56503677,-0.12209591,0
-2.4587367,-0.34159088,1.6322865,-0.81598169,-0.56503677,-0.12209591,0
-3.3799815,3.058563,-1.7315478,-0.39335182,0.69748139,-0.59899426,0
2.35566,-3.1976855,2.2422099,0.39335182,-0.69748139,0.59899426,0
-2.9919453,3.2011325,1.0382991,-0.42361331,0.4407416,0.7913903,0
1.2634325,0.84092236,4.0452642,0.81598169,0.56503677,0.12209591,0
2.7751153,-3.1173768,2.0602722,0.39335182,-0.69748139,0.59899426,0
-0.63510513,0.35087764,3.8872283,-0.42361331,0.4407416,0.7913903,0
-1.1990924,1.6099645,-4.8504891,-0.39335182,0.69748139,-0.59899426,0
-1.5500275,5.4935684,-0.097885132,-0.39335182,0.69748139,-0.59899426,0
1.5926678,1.2016865,0.17539686,0.81598169,0.56503677,0.12209591,0
1.5957456,1.6866143,-2.0893269,0.81598169,0.56503677,0.12209591,0
-1.0831857,5.248548,-0.66965866,0.81598169,0.56503677,0.12209591,0
-1.2564955,2.1005893,-4.2414989,-0.39335182,0.69748139,-0.59899426,0
1.1350539,0.87209558,4.5444775,-0.42361331,0.4407416,0.7913903,0
3.7094936,-3.9217257,0.510077,0.39335182,-0.69748139,0.59899426,0
-3.7541955,3.5744736,0.42236233,-0.42361331,0.4407416,0.7913903,0
-0.52749825,-2.6052027,-0.79884946,-0.81598169,-0.56503677,-0.12209591,0
-0.63760972,-0.065200925,4.11761,-0.42361331,0.4407416,0.7913903,0
-0.65522885,-2.6128626,0.090241909,-0.81598169,-0.56503677,-0.12209591,0
-3.0006101,3.2936621,0.9821291,-0.42361331,0.4407416,0.7913903,0
0.84706306,-2.4476371,4.1062589,0.39335182,-0.69748139,0.59899426,0
0.54704785,-3.1518471,3.4832783,0.39335182,-0.69748139,0.59899426,0
-0.64408731,2.110492,2.9024546,-0.42361331,0.4407416,0.7913903,0
1.9145265,-3.3177037,2.3921452,0.39335182,-0.69748139,0.59899426,0
2.5500636,-3.4910545,1.772943,0.39335182,-0.69748139,0.59899426,0
1.4289227,0.47710967,4.6229286,0.81598169,0.56503677,0.12209591,0
1.1081407,-4.6516786,1.3683805,0.39335182,-0.69748139,0.59899426,0
-0.94023061,2.824677,-3.6060429,-0.39335182,0.69748139,-0.59899426,0
2.7643671,-1.2996788,3.9206307,0.81598169,0.56503677,0.12209591,0
-0.56626678,-1.7882986,-3.7297659,0.42361331,-0.4407416,-0.7913903,0
-3.9401588,2.2455835,-0.44014525,-0.81598169,-0.56503677,-0.12209591,0
0.97536683,0.74196744,4.5314713,-0.42361331,0.4407416,0.7913903,0
-0.31465578,1.8622255,-5.1375494,-0.39335182,0.69748139,-0.59899426,0
0.50440693,-1.3388369,5.43822,-0.42361331,0.4407416,0.7913903,0
-3.4424164,1.2359252,0.9058913,-0.81598169,-0.56503677,-0.12209591,0
2.0614305,0.77614015,-3.7514083,0.42361331,-0.4407416,-0.7913903,0
3.2919779,-0.79169458,-1.9563065,0.81598169,0.56503677,0.12209591,0
-1.0077685,-2.822556,3.4167266,-0.81598169,-0.56503677,-0.12209591,0
-0.74602914,2.6174645,-3.9748559,-0.39335182,0.69748139,-0.59899426,0
2.2396936,0.20140505,0.48035809,0.81598169,0.56503677,0.12209591,0
2.2036767,-0.55729675,-2.9326482,0.42361331,-0.4407416,-0.7913903,0
-1.6120875,2.4443829,2.1983552,-0.42361331,0.4407416,0.7913903,0
1.1105068,-2.7811332,3.544929,0.39335182,-0.69748139,0.59899426,0
0.99503374,-5.0378332,0.99301004,0.39335182,-0.69748139,0.59899426,0
0.1436038,3.4677603,-3.5689645,-0.39335182,0.69748139,-0.59899426,0
1.1679189,0.53365803,4.7505517,-0.42361331,0.4407416,0.7913903,0
-0.20776504,-3.5343516,1.3642616,-0.81598169,-0.56503677,-0.12209591,0
-2.5388119,-0.28136277,3.220325,-0.42361331,0.4407416,0.7913903,0
0.52194518,-4.3716989,0.362607,-0.81598169,-0.56503677,-0.12209591,0
0.54218006,-0.59815943,-3.7992525,0.42361331,-0.4407416,-0.7913903,0
-4.4200807,3.6248777,-0.38910007,-0.39335182,0.69748139,-0.59899426,0
2.5115268,-2.4190302,-1.7310252,0.42361331,-0.4407416,-0.7913903,0
2.5228355,-4.8240399,0.23866653,0.39335182,-0.69748139,0.59899426,0
-0.076531649,-2.9438422,-2.2455525,-0.81598169,-0.56503677,-0.12209591,0
1.3578693,-4.9590483,-0.93396354,0.42361331,-0.4407416,-0.7913903,0
3.2969007,-1.4845225,1.2170684,0.81598169,0.56503677,0.12209591,0
2.095248,0.76335543,-3.726186,0.42361331,-0.4407416,-0.7913903,0
-3.4941747,1.6766454,1.6184855,-0.42361331,0.4407416,0.7913903,0
3.068001,-4.1541181,0.66073465,0.39335182,-0.69748139,0.59899426,0
2.4699936,-0.95936632,4.3130646,0.81598169,0.56503677,0.12209591,0
1.2161365,-5.1856432,-0.50997591,-0.81598169,-0.56503677,-0.12209591,0
2.4397645,-1.219196,-2.4376502,0.42361331,-0.4407416,-0.7913903,0
1.1003964,-1.8228298,4.6674366,0.39335182,-0.69748139,0.59899426,0
1.7212549,-2.903667,-1.8841354,0.42361331,-0.4407416,-0.7913903,0
1.1860714,-1.2706578,5.2541351,0.39335182,-0.69748139,0.59899426,0
