2.2842193,-2.1888411,-2.6459846,0.17060792,-0.27837113,-0.94519967,0
-2.1792426,-3.272723,2.324548,-0.11848241,-0.95809889,0.26078409,0
1.507627,-4.4287162,-0.24741197,-0.11848241,-0.95809889,0.26078409,0
0.37644434,2.0679855,3.1618257,-0.17060792,0.27837113,0.94519967,0
-0.96585894,3.5572081,-2.7082939,0.11848241,0.95809889,-0.26078409,0
-1.7482146,-2.5576799,4.1406326,-0.17060792,0.27837113,0.94519967,0
1.9874686,-0.94279754,-0.039491296,0.97818959,-0.06749779,0.19644138,0
0.57849962,-3.6827397,2.0711117,-0.11848241,-0.95809889,0.26078409,0
-2.2066398,-2.9777622,3.3957624,-0.11848241,-0.95809889,0.26078409,0
-1.7614031,0.12357712,3.3485942,-0.17060792,0.27837113,0.94519967,0
-1.169903,-3.643631,1.420439,-0.11848241,-0.95809889,0.26078409,0
1.8406277,1.0514512,1.3769397,0.97818959,-0.06749779,0.19644138,0
-2.5104618,-0.30055141,2.2165461,-0.97818959,0.06749779,-0.19644138,0
-1.6661692,-4.5344868,-2.0779607,-0.11848241,-0.95809889,0.26078409,0
1.9774079,3.0160732,-3.3591592,0.11848241,0.95809889,-0.26078409,0
-1.0451887,-2.1897366,4.1591654,-0.17060792,0.27837113,0.94519967,0
1.5791986,3.1170588,-3.1690655,0.11848241,0.95809889,-0.26078409,0
1.5232232,-3.4918351,1.3963869,0.97818959,-0.06749779,0.19644138,0
-2.2931781,-1.4985871,3.7303538,-0.17060792,0.27837113,0.94519967,0
2.0945113,-1.8770823,-2.7720428,0.17060792,-0.27837113,-0.94519967,0
-0.80950832,3.4716117,2.5343795,-0.17060792,0.27837113,0.94519967,0
-2.1684475,-1.7134039,3.8161333,-0.17060792,0.27837113,0.94519967,0
-0.77791786,4.589469,1.169533,0.11848241,0.95809889,-0.26078409,0
-1.5305886,-3.0688262,-3.0753896,0.17060792,-0.27837113,-0.94519967,0
-1.9961727,-3.8439252,0.30917454,-0.11848241,-0.95809889,0.26078409,0
-1.8178234,1.6576152,2.8866205,-0.17060792,0.27837113,0.94519967,0
0.5354476,0.27731237,3.7178974,-0.17060792,0.27837113,0.94519967,0
1.5574586,-4.6560836,-1.0601015,-0.11848241,-0.95809889,0.26078409,0
1.8081419,-3.9914875,-0.19406426,0.97818959,-0.06749779,0.19644138,0
1.6583905,-4.4817829,-0.37387824,-0.11848241,-0.95809889,0.26078409,0
-1.9751523,-0.23901987,3.4168015,-0.17060792,0.27837113,0.94519967,0
-1.39871,-0.62038338,-3.4293747,-0.97818959,0.06749779,-0.19644138,0
0.88286448,4.1274538,0.22667456,0.11848241,0.95809889,-0.26078409,0
-0.97187304,0.55505264,-4.0418119,0.17060792,-0.27837113,-0.94519967,0
2.1329136,-2.7599671,-1.3881273,0.97818959,-0.06749779,0.19644138,0
-0.90995705,-3.6373217,1.5617206,-0.11848241,-0.95809889,0.26078409,0
1.1705066,-1.3914125,3.8744669,0.97818959,-0.06749779,0.19644138,0
1.4343386,-3.0537903,1.9895052,0.97818959,-0.06749779,0.19644138,0
1.9709339,1.4019699,-3.7600634,0.17060792,-0.27837113,-0.94519967,0
-2.0817525,1.1574903,0.58275199,-0.97818959,0.06749779,-0.19644138,0
-1.2261147,3.1636887,2.5498688,-0.17060792,0.27837113,0.94519967,0
-0.98114896,0.92225581,-4.1516318,0.17060792,-0.27837113,-0.94519967,0
2.0718958,-4.3946428,-1.6459652,0.97818959,-0.06749779,0.19644138,0
-1.162457,-3.8483512,-2.7793646,0.17060792,-0.27837113,-0.94519967,0
1.3932532,-4.056179,1.0692954,-0.11848241,-0.95809889,0.26078409,0
1.2982085,-0.22847721,3.6381562,0.97818959,-0.06749779,0.19644138,0
-0.23161888,4.579843,1.382369,0.11848241,0.95809889,-0.26078409,0
0.93013167,-4.1562257,0.4913218,-0.11848241,-0.95809889,0.26078409,0
-2.4331927,1.791708,2.5506868,-0.97818959,0.06749779,-0.19644138,0
2.0973773,3.751117,-0.60416412,0.11848241,0.95809889,-0.26078409,0
-1.764894,-3.0151305,-2.428782,-0.97818959,0.06749779,-0.19644138,0
-0.23671579,-1.1180291,3.9894652,-0.17060792,0.27837113,0.94519967,0
2.1615603,-3.4168544,-1.7564814,0.97818959,-0.06749779,0.19644138,0
2.2101002,-2.1680763,-1.5691034,0.97818959,-0.06749779,0.19644138,0
-1.646198,3.0840993,-0.92412519,-0.97818959,0.06749779,-0.19644138,0
-0.90536118,4.2776132,2.2797019,-0.17060792,0.27837113,0.94519967,0
-2.1263046,-3.8868446,0.09236908,-0.11848241,-0.95809889,0.26078409,0
-0.85771704,0.45376056,-3.9913757,0.17060792,-0.27837113,-0.94519967,0
1.451129,3.4411221,-2.0366707,0.11848241,0.95809889,-0.26078409,0
-2.7608044,-1.4972737,3.0519416,-0.97818959,0.06749779,-0.19644138,0
-1.6561465,4.7714357,1.4390569,0.11848241,0.95809889,-0.26078409,0
-1.3106241,1.3109882,-3.2043781,-0.97818959,0.06749779,-0.19644138,0
1.9397337,1.4377351,1.0161637,0.97818959,-0.06749779,0.19644138,0
-1.4418018,-0.52270716,-3.1812339,-0.97818959,0.06749779,-0.19644138,0
0.21172142,4.6426053,2.3738406,-0.17060792,0.27837113,0.94519967,0
-0.66245222,-2.4323924,-3.1061282,0.17060792,-0.27837113,-0.94519967,0
0.73865914,-3.4238696,3.0949445,-0.11848241,-0.95809889,0.26078409,0
1.7534313,2.6330585,-4.1618915,0.17060792,-0.27837113,-0.94519967,0
1.2883437,2.0076823,3.344183,-0.17060792,0.27837113,0.94519967,0
0.81981373,2.6596289,3.0676084,-0.17060792,0.27837113,0.94519967,0
2.3505926,2.0426922,-0.82186437,0.97818959,-0.06749779,0.19644138,0
1.1511592,3.6741672,-1.3167677,0.11848241,0.95809889,-0.26078409,0
-2.0835497,-4.2158818,-1.0970607,-0.11848241,-0.95809889,0.26078409,0
-0.37016225,2.3618591,-4.4653273,0.17060792,-0.27837113,-0.94519967,0
2.3984456,-0.73695636,-2.0152457,0.97818959,-0.06749779,0.19644138,0
0.39676201,-3.7889605,1.5982962,-0.11848241,-0.95809889,0.26078409,0
2.9491906,2.6270428,-3.6018291,0.97818959,-0.06749779,0.19644138,0
1.098768,3.7647808,-1.0076642,0.11848241,0.95809889,-0.26078409,0
0.45438957,1.6832814,3.2891939,-0.17060792,0.27837113,0.94519967,0
2.0741587,-1.1805365,-0.55285776,0.97818959,-0.06749779,0.19644138,0
2.7431793,3.1526053,-2.5096376,0.11848241,0.95809889,-0.26078409,0
-1.3393223,-0.37315422,-3.6401501,-0.97818959,0.06749779,-0.19644138,0
0.83228707,-0.52239186,4.0069981,-0.17060792,0.27837113,0.94519967,0
-0.57864344,-3.8481922,0.93752646,-0.11848241,-0.95809889,0.26078409,0
-0.032210767,3.6148496,-2.0723381,0.11848241,0.95809889,-0.26078409,0
1.8321871,3.2907865,-2.4158638,0.11848241,0.95809889,-0.26078409,0
0.94049025,4.462986,1.4855735,0.11848241,0.95809889,-0.26078409,0
-0.61191475,4.0191073,-0.85050583,0.11848241,0.95809889,-0.26078409,0
0.69340611,4.6345315,2.4631624,-0.17060792,0.27837113,0.94519967,0
0.30234981,-4.1380405,0.27291107,-0.11848241,-0.95809889,0.26078409,0
-0.2896781,-1.3960197,-3.3440652,0.17060792,-0.27837113,-0.94519967,0
0.28967118,0.22705078,3.6883378,-0.17060792,0.27837113,0.94519967,0
0.65155435,-0.50033438,3.9678798,-0.17060792,0.27837113,0.94519967,0
2.8097165,1.4450169,-3.6213417,0.17060792,-0.27837113,-0.94519967,0
1.3648221,0.5355134,3.5689583,0.97818959,-0.06749779,0.19644138,0
1.7849314,-2.5449088,0.41856211,0.97818959,-0.06749779,0.19644138,0
0.35889775,3.1203961,-3.7112248,0.11848241,0.95809889,-0.26078409,0
-1.6533887,3.3117657,2.4291358,-0.17060792,0.27837113,0.94519967,0
-1.0096617,-0.8225714,-3.6429083,0.17060792,-0.27837113,-0.94519967,0
-0.79213971,3.6992588,-2.1074851,0.11848241,0.95809889,-0.26078409,0
0.74723887,-1.5346538,-3.1160734,0.17060792,-0.27837113,-0.94519967,0
-1.7527812,-3.7207043,0.87245798,-0.11848241,-0.95809889,0.26078409,0
2.0853882,-4.5860701,-1.7789251,0.97818959,-0.06749779,0.19644138,0
1.236227,-4.6939855,-2.0973554,0.17060792,-0.27837113,-0.94519967,0
-2.7504787,-2.8413253,3.6499374,-0.11848241,-0.95809889,0.26078409,0
1.34694,0.077544928,-3.4826372,0.17060792,-0.27837113,-0.94519967,0
-1.1957607,-0.62995446,-3.7332268,0.17060792,-0.27837113,-0.94519967,0
0.77850962,4.4825878,1.4839954,0.11848241,0.95809889,-0.26078409,0
0.58871937,-3.8806458,1.3486643,-0.11848241,-0.95809889,0.26078409,0
2.2353048,-1.5679677,-1.4884144,0.97818959,-0.06749779,0.19644138,0
2.7481036,2.7131624,-2.5709157,0.97818959,-0.06749779,0.19644138,0
-1.7048857,0.56278872,3.2294431,-0.17060792,0.27837113,0.94519967,0
-0.39138079,4.6957359,1.7355649,0.11848241,0.95809889,-0.26078409,0
-1.0697775,4.4484725,0.51892304,0.11848241,0.95809889,-0.26078409,0
-0.7538166,-2.8761063,-2.991941,0.17060792,-0.27837113,-0.94519967,0
2.2446527,3.3825817,-1.8912203,0.11848241,0.95809889,-0.26078409,0
2.1787522,3.4983928,0.53400564,0.97818959,-0.06749779,0.19644138,0
-0.35021448,-4.2006927,-2.5289869,0.17060792,-0.27837113,-0.94519967,0
0.32122803,4.4528775,1.1670852,0.11848241,0.95809889,-0.26078409,0
-0.74916816,0.045910478,3.5541759,-0.17060792,0.27837113,0.94519967,0
-1.1719108,-4.6209049,-2.1708972,-0.11848241,-0.95809889,0.26078409,0
0.63472819,0.24731171,3.7446532,-0.17060792,0.27837113,0.94519967,0
0.89640248,3.0594552,-3.690913,0.11848241,0.95809889,-0.26078409,0
-1.1500242,0.79493964,-4.144618,0.17060792,-0.27837113,-0.94519967,0
-1.9906843,4.1567502,1.1598263,-0.97818959,0.06749779,-0.19644138,0
-0.28345072,-3.4945183,2.3710108,-0.11848241,-0.95809889,0.26078409,0
1.9474773,4.0059056,1.8600338,0.97818959,-0.06749779,0.19644138,0
-1.2324141,-3.7625959,0.95497155,-0.11848241,-0.95809889,0.26078409,0
0.44225562,3.7750437,-1.2682335,0.11848241,0.95809889,-0.26078409,0
0.45380008,2.6899042,-4.4132152,0.17060792,-0.27837113,-0.94519967,0
-1.4860454,3.2461486,-1.6659337,-0.97818959,0.06749779,-0.19644138,0
0.79036713,-4.3299541,-0.21044207,-0.11848241,-0.95809889,0.26078409,0
-0.087699562,-3.5174918,2.3755436,-0.11848241,-0.95809889,0.26078409,0
-2.0178995,1.6758432,0.44289982,-0.97818959,0.06749779,-0.19644138,0
-0.24559641,3.1604853,2.7277954,-0.17060792,0.27837113,0.94519967,0
0.81643891,-2.2319069,4.5076075,-0.17060792,0.27837113,0.94519967,0
-0.45327187,-2.9514222,-2.9155118,0.17060792,-0.27837113,-0.94519967,0
2.2497747,1.4634526,-0.51886535,0.97818959,-0.06749779,0.19644138,0
0.78414583,-0.99632978,4.1378884,-0.17060792,0.27837113,0.94519967,0
1.9405634,-0.2456336,-3.280309,0.17060792,-0.27837113,-0.94519967,0
-2.4711981,-1.4790938,3.6924801,-0.17060792,0.27837113,0.94519967,0
1.24102,1.963295,-4.0571284,0.17060792,-0.27837113,-0.94519967,0
-1.0463467,-1.2925768,3.8947332,-0.17060792,0.27837113,0.94519967,0
0.97365558,3.1827865,-3.2027049,0.11848241,0.95809889,-0.26078409,0
1.793396,-4.5533438,-2.0382071,0.17060792,-0.27837113,-0.94519967,0
2.0038502,-4.7594242,-1.4324666,0.97818959,-0.06749779,0.19644138,0
0.62028694,-2.5053265,-2.8531146,0.17060792,-0.27837113,-0.94519967,0
1.4682484,4.46523,1.7335937,0.11848241,0.95809889,-0.26078409,0
0.97893,4.7242641,2.4629507,0.11848241,0.95809889,-0.26078409,0
-1.0327196,1.7637676,2.9970679,-0.17060792,0.27837113,0.94519967,0
2.3838856,1.0116942,-1.3419025,0.97818959,-0.06749779,0.19644138,0
-1.6305614,-2.5030375,-2.921742,-0.97818959,0.06749779,-0.19644138,0
0.97626066,-4.8013272,-1.8577706,-0.11848241,-0.95809889,0.26078409,0
2.1684384,0.054567099,-0.59794366,0.97818959,-0.06749779,0.19644138,0
-1.4397855,-0.95245755,-3.3389387,-0.97818959,0.06749779,-0.19644138,0
-1.3690264,-2.9528742,3.8677535,-0.11848241,-0.95809889,0.26078409,0
1.9919486,4.1609311,0.85355878,0.11848241,0.95809889,-0.26078409,0
-1.8564563,-4.1264782,-0.66542339,-0.11848241,-0.95809889,0.26078409,0
2.0122697,-4.0361876,-1.2258874,0.97818959,-0.06749779,0.19644138,0
-2.2427883,0.15331459,1.0396016,-0.97818959,0.06749779,-0.19644138,0
-2.4921618,-2.2118251,1.4687009,-0.97818959,0.06749779,-0.19644138,0
-2.3014722,-2.9437685,0.26765656,-0.97818959,0.06749779,-0.19644138,0
-0.58769321,-2.3486464,4.2885437,-0.17060792,0.27837113,0.94519967,0
1.1237254,2.4142604,3.1947281,-0.17060792,0.27837113,0.94519967,0
0.34240341,2.109782,3.1433716,-0.17060792,0.27837113,0.94519967,0
1.3970361,3.6534936,-1.2810111,0.11848241,0.95809889,-0.26078409,0
0.77242637,2.7620158,-4.3769407,0.17060792,-0.27837113,-0.94519967,0
1.1526849,0.48399734,-3.6374044,0.17060792,-0.27837113,-0.94519967,0
1.1774707,-0.48335195,-3.3480363,0.17060792,-0.27837113,-0.94519967,0
-1.6690047,3.0517881,-0.821661,-0.97818959,0.06749779,-0.19644138,0
-1.2264628,-4.4604635,-1.6062317,-0.11848241,-0.95809889,0.26078409,0
2.6852183,0.59222198,-3.3926566,0.17060792,-0.27837113,-0.94519967,0
-1.2805014,-0.30958033,3.5629659,-0.17060792,0.27837113,0.94519967,0
-0.93181705,-1.1765481,3.8812344,-0.17060792,0.27837113,0.94519967,0
-1.5427847,4.2961068,2.1592011,-0.17060792,0.27837113,0.94519967,0
-1.3825459,0.89715886,3.1891499,-0.17060792,0.27837113,0.94519967,0
1.5561926,-4.6358891,-0.98648167,-0.11848241,-0.95809889,0.26078409,0
0.079626083,-0.89662135,-3.4244843,0.17060792,-0.27837113,-0.94519967,0
2.0542893,-3.88006,-2.1894052,0.17060792,-0.27837113,-0.94519967,0
0.97841054,3.5351973,-1.9058158,0.11848241,0.95809889,-0.26078409,0
2.2343576,-1.0454981,-1.3041761,0.97818959,-0.06749779,0.19644138,0
-0.33085775,4.7202702,1.8531997,0.11848241,0.95809889,-0.26078409,0
2.1672928,2.2613235,0.16600823,0.97818959,-0.06749779,0.19644138,0
-1.6904707,-2.3244777,-2.5620687,-0.97818959,0.06749779,-0.19644138,0
-2.5475047,0.51326942,2.6806326,-0.97818959,0.06749779,-0.19644138,0
-1.2882655,1.2532114,-3.335567,-0.97818959,0.06749779,-0.19644138,0
0.29558969,-0.21735156,-3.5855551,0.17060792,-0.27837113,-0.94519967,0
2.660362,2.4520082,-3.9448693,0.17060792,-0.27837113,-0.94519967,0
1.6768084,4.44979,1.7716243,0.11848241,0.95809889,-0.26078409,0
1.1995856,3.0309942,-3.6577294,0.11848241,0.95809889,-0.26078409,0
-0.11540329,3.7833648,-1.4910245,0.11848241,0.95809889,-0.26078409,0
-1.0408041,-3.5879695,1.683588,-0.11848241,-0.95809889,0.26078409,0
2.3031616,2.8604279,-3.7829866,0.11848241,0.95809889,-0.26078409,0
1.7707427,3.1005383,-3.142736,0.11848241,0.95809889,-0.26078409,0
2.7657943,1.1410794,-3.1991777,0.97818959,-0.06749779,0.19644138,0
1.6443417,2.8463731,-4.1339464,0.11848241,0.95809889,-0.26078409,0
-2.2320075,-3.7095301,0.6957829,-0.11848241,-0.95809889,0.26078409,0
1.502387,4.4348617,2.6679878,-0.17060792,0.27837113,0.94519967,0
1.5925183,-4.2038503,-2.1773946,0.17060792,-0.27837113,-0.94519967,0
2.9264247,2.8299003,-3.4187629,0.97818959,-0.06749779,0.19644138,0
0.92391872,-0.6739924,-3.3376565,0.17060792,-0.27837113,-0.94519967,0
2.3743832,3.3713541,-1.8735278,0.11848241,0.95809889,-0.26078409,0
-1.9371164,3.6494188,0.71875966,-0.97818959,0.06749779,-0.19644138,0
1.4206674,3.688796,-1.1405766,0.11848241,0.95809889,-0.26078409,0
1.7160411,1.9444152,2.3041482,0.97818959,-0.06749779,0.19644138,0
1.7589772,1.7369705,2.0190675,0.97818959,-0.06749779,0.19644138,0
-1.6879869,-3.3663945,-2.9324424,-0.97818959,0.06749779,-0.19644138,0
-2.49755,-2.7492709,1.3108644,-0.97818959,0.06749779,-0.19644138,0
1.8630683,2.3741961,-4.0658646,0.17060792,-0.27837113,-0.94519967,0
2.8781834,1.7220685,-3.5591972,0.97818959,-0.06749779,0.19644138,0
2.2695718,-1.2144444,-1.5375775,0.97818959,-0.06749779,0.19644138,0
-1.4129076,-4.6538696,-2.4014971,-0.11848241,-0.95809889,0.26078409,0
-0.65559769,-0.36921704,3.6933243,-0.17060792,0.27837113,0.94519967,0
2.4006011,2.936465,-3.459362,0.11848241,0.95809889,-0.26078409,0
-1.747642,-4.5153165,-2.688561,0.17060792,-0.27837113,-0.94519967,0
1.924752,-3.2136812,-2.4090419,0.17060792,-0.27837113,-0.94519967,0
-1.6679653,-3.652066,1.1631651,-0.11848241,-0.95809889,0.26078409,0
-0.70199645,-2.9570181,4.1555824,-0.11848241,-0.95809889,0.26078409,0
-1.1470375,-3.968111,0.23871589,-0.11848241,-0.95809889,0.26078409,0
-2.4666839,-1.0548358,1.7393763,-0.97818959,0.06749779,-0.19644138,0
1.7361245,-4.2094011,-2.1498392,0.17060792,-0.27837113,-0.94519967,0
1.0377949,-2.6286597,4.1101899,0.97818959,-0.06749779,0.19644138,0
0.47263002,4.4083834,1.0724032,0.11848241,0.95809889,-0.26078409,0
-0.60185027,-0.8706674,-3.5551341,0.17060792,-0.27837113,-0.94519967,0
2.2729962,-0.93935847,-3.015996,0.17060792,-0.27837113,-0.94519967,0
-1.3032594,0.45170689,3.3346512,-0.17060792,0.27837113,0.94519967,0
0.63642693,1.9110882,-4.1508818,0.17060792,-0.27837113,-0.94519967,0
0.45581865,4.0940094,2.5794673,-0.17060792,0.27837113,0.94519967,0
-1.0181636,-2.8796809,4.2960672,-0.11848241,-0.95809889,0.26078409,0
0.037675381,1.0552025,-4.0068889,0.17060792,-0.27837113,-0.94519967,0
0.98507428,3.9006352,-0.56020021,0.11848241,0.95809889,-0.26078409,0
-2.3036141,2.7501681,2.2347708,-0.97818959,0.06749779,-0.19644138,0
2.6304488,2.57687,-2.0318775,0.97818959,-0.06749779,0.19644138,0
-1.6963236,-4.2424769,-1.0188406,-0.11848241,-0.95809889,0.26078409,0
1.7040577,-4.0497594,0.30420852,0.97818959,-0.06749779,0.19644138,0
-0.89698577,-3.9507446,0.41612506,-0.11848241,-0.95809889,0.26078409,0
2.4899561,1.6406722,-1.6539683,0.97818959,-0.06749779,0.19644138,0
-0.21118736,4.6833601,1.7719657,0.11848241,0.95809889,-0.26078409,0
-2.5831242,0.84404469,2.9716575,-0.97818959,0.06749779,-0.19644138,0
0.22713898,-3.3830082,3.0126657,-0.11848241,-0.95809889,0.26078409,0
1.9691867,-2.8721421,-0.61138332,0.97818959,-0.06749779,0.19644138,0
1.5262793,-1.847984,1.9459996,0.97818959,-0.06749779,0.19644138,0
-2.0832849,4.7068362,1.8099473,-0.97818959,0.06749779,-0.19644138,0
0.19913222,-3.4705884,2.6781788,-0.11848241,-0.95809889,0.26078409,0
-1.4044321,-2.9237907,3.9585176,-0.11848241,-0.95809889,0.26078409,0
-1.7011057,4.1339555,-0.28997612,-0.97818959,0.06749779,-0.19644138,0
0.70595264,4.6652026,2.1219413,0.11848241,0.95809889,-0.26078409,0
0.7286191,-4.1591663,0.38896489,-0.11848241,-0.95809889,0.26078409,0
-1.7928059,3.1415327,2.4541068,-0.17060792,0.27837113,0.94519967,0
-2.8509076,-2.9930367,3.0469346,-0.11848241,-0.95809889,0.26078409,0
1.2211742,2.7637968,3.109375,-0.17060792,0.27837113,0.94519967,0
1.3567672,-2.881269,2.4350545,0.97818959,-0.06749779,0.19644138,0
-2.3761873,-2.7420523,0.70901299,-0.97818959,0.06749779,-0.19644138,0
-0.67460918,0.16441631,3.532732,-0.17060792,0.27837113,0.94519967,0
-0.50615382,-4.1340241,-0.079662085,-0.11848241,-0.95809889,0.26078409,0
1.0217497,-4.5891528,-1.0575905,-0.11848241,-0.95809889,0.26078409,0
1.6150279,3.9303117,-0.16496444,0.11848241,0.95809889,-0.26078409,0
1.5202489,-1.4155126,-3.0116339,0.17060792,-0.27837113,-0.94519967,0
2.0880015,0.38943684,-0.082341075,0.97818959,-0.06749779,0.19644138,0
-1.3776939,1.2022356,-2.907769,-0.97818959,0.06749779,-0.19644138,0
2.0306246,-0.12189102,-3.3004963,0.17060792,-0.27837113,-0.94519967,0
1.6858892,4.5568647,2.1691341,0.11848241,0.95809889,-0.26078409,0
-0.5565114,0.17764807,3.5501518,-0.17060792,0.27837113,0.94519967,0
1.6732278,-4.8714433,-1.7987154,-0.11848241,-0.95809889,0.26078409,0
-0.67744374,-0.3771607,-3.7141213,0.17060792,-0.27837113,-0.94519967,0
0.26042771,0.2663759,3.6714778,-0.17060792,0.27837113,0.94519967,0
0.54490447,-3.5295613,2.6186128,-0.11848241,-0.95809889,0.26078409,0
-0.30174708,1.4886289,3.2100391,-0.17060792,0.27837113,0.94519967,0
-0.62926984,-1.9942491,4.1766653,-0.17060792,0.27837113,0.94519967,0
2.0019791,3.9495602,0.081556797,0.11848241,0.95809889,-0.26078409,0
-0.40711451,1.1318246,-4.1097393,0.17060792,-0.27837113,-0.94519967,0
2.0369177,3.3027275,-2.2789772,0.11848241,0.95809889,-0.26078409,0
-0.045847416,-1.9678807,-3.1316347,0.17060792,-0.27837113,-0.94519967,0
-2.2183304,-0.12661672,3.3398037,-0.17060792,0.27837113,0.94519967,0
-0.28708601,-0.90241265,-3.4889698,0.17060792,-0.27837113,-0.94519967,0
-1.7651598,-2.5636134,-2.2723179,-0.97818959,0.06749779,-0.19644138,0
1.6765748,0.6988467,2.0726926,0.97818959,-0.06749779,0.19644138,0
-1.1865084,4.0940814,-0.83611417,0.11848241,0.95809889,-0.26078409,0
-0.27682662,-3.0254431,4.0973625,-0.11848241,-0.95809889,0.26078409,0
-1.4900701,4.3790588,0.07295084,0.11848241,0.95809889,-0.26078409,0
-0.75035286,-2.8540087,-2.9978242,0.17060792,-0.27837113,-0.94519967,0
0.9379015,4.5080523,2.5445433,-0.17060792,0.27837113,0.94519967,0
-0.41240788,-2.148906,-3.1444855,0.17060792,-0.27837113,-0.94519967,0
-1.0008004,-3.2007523,3.1243672,-0.11848241,-0.95809889,0.26078409,0
1.9769783,2.8252611,-4.0603814,0.11848241,0.95809889,-0.26078409,0
-0.24978203,-3.5736299,2.0956576,-0.11848241,-0.95809889,0.26078409,0
-1.6953731,3.642297,2.324213,-0.17060792,0.27837113,0.94519967,0
0.12885094,-0.95804572,4.0083332,-0.17060792,0.27837113,0.94519967,0
0.87315917,-0.5432291,4.0205121,-0.17060792,0.27837113,0.94519967,0
0.50692177,4.3685999,0.94182301,0.11848241,0.95809889,-0.26078409,0
0.61964154,1.4509709,-4.0184026,0.17060792,-0.27837113,-0.94519967,0
0.7289021,3.980072,-0.38474464,0.11848241,0.95809889,-0.26078409,0
-1.3247085,3.9092293,2.3125033,-0.17060792,0.27837113,0.94519967,0
1.41628,-3.3602557,1.9741263,0.97818959,-0.06749779,0.19644138,0
2.0234699,-4.4974494,-1.4401503,0.97818959,-0.06749779,0.19644138,0
2.3849287,-1.8351305,-2.3252728,0.97818959,-0.06749779,0.19644138,0
1.6360743,0.65865707,2.2605581,0.97818959,-0.06749779,0.19644138,0
-1.9402926,-2.8219337,4.0892739,-0.11848241,-0.95809889,0.26078409,0
-0.22526479,3.1028562,-4.04107,0.11848241,0.95809889,-0.26078409,0
-0.66564035,0.24890447,3.5094686,-0.17060792,0.27837113,0.94519967,0
-0.41833663,1.6873322,-4.2753673,0.17060792,-0.27837113,-0.94519967,0
-1.9929776,-2.9026384,3.7688365,-0.11848241,-0.95809889,0.26078409,0
2.438798,-1.1953459,-2.3736849,0.97818959,-0.06749779,0.19644138,0
0.54668039,-3.2236452,3.7433295,-0.11848241,-0.95809889,0.26078409,0
-1.3101391,1.7937922,-3.0409014,-0.97818959,0.06749779,-0.19644138,0
-0.29084587,0.93940502,-4.032083,0.17060792,-0.27837113,-0.94519967,0
1.8984997,4.2476606,1.1297395,0.11848241,0.95809889,-0.26078409,0
0.81562972,-3.1188107,4.2506757,-0.11848241,-0.95809889,0.26078409,0
0.61138779,-3.294404,3.5127659,-0.11848241,-0.95809889,0.26078409,0
-0.82423401,-3.9762621,0.35542893,-0.11848241,-0.95809889,0.26078409,0
0.76463318,3.6163826,-1.704674,0.11848241,0.95809889,-0.26078409,0
-0.16079724,-3.7306492,1.5592098,-0.11848241,-0.95809889,0.26078409,0
0.058384418,-4.5316148,-1.2838895,-0.11848241,-0.95809889,0.26078409,0
-1.8142505,2.3241606,2.6909609,-0.17060792,0.27837113,0.94519967,0
1.9262698,-0.35207534,0.46822405,0.97818959,-0.06749779,0.19644138,0
1.6612779,3.0329607,-3.4407434,0.11848241,0.95809889,-0.26078409,0
-1.3727465,2.967772,-2.3257618,-0.97818959,0.06749779,-0.19644138,0
-0.93919945,2.9046502,-4.5063205,-0.97818959,0.06749779,-0.19644138,0
-0.72487593,-1.7035772,4.0738029,-0.17060792,0.27837113,0.94519967,0
0.15047765,0.93098181,-3.949944,0.17060792,-0.27837113,-0.94519967,0
1.82163,-1.3199811,0.6567086,0.97818959,-0.06749779,0.19644138,0
0.96000624,1.1758494,-3.8759406,0.17060792,-0.27837113,-0.94519967,0
1.3510674,3.2350998,-2.8390405,0.11848241,0.95809889,-0.26078409,0
0.6688472,-3.9504802,1.1285033,-0.11848241,-0.95809889,0.26078409,0
1.3047975,-1.0672694,3.3171339,0.97818959,-0.06749779,0.19644138,0
-0.80943298,-1.5786422,4.0217457,-0.17060792,0.27837113,0.94519967,0
2.4674625,2.0746772,-1.3928332,0.97818959,-0.06749779,0.19644138,0
0.67875385,3.2091584,2.8803051,-0.17060792,0.27837113,0.94519967,0
0.44314456,-0.24121982,3.85395,-0.17060792,0.27837113,0.94519967,0
-1.5145814,1.0643458,-2.27351,-0.97818959,0.06749779,-0.19644138,0
-2.2504044,-2.8453486,3.862355,-0.11848241,-0.95809889,0.26078409,0
2.6207011,0.73333454,-2.6167815,0.97818959,-0.06749779,0.19644138,0
-2.1484301,0.44439626,0.66975486,-0.97818959,0.06749779,-0.19644138,0
-1.7609183,-2.6513164,4.1659164,-0.17060792,0.27837113,0.94519967,0
0.87445831,-1.8565624,4.4075375,-0.17060792,0.27837113,0.94519967,0
1.6137128,2.0188849,2.8392854,0.97818959,-0.06749779,0.19644138,0
0.72050929,-0.36244154,3.9397154,-0.17060792,0.27837113,0.94519967,0
-2.2392752,-3.1605046,-0.1165278,-0.97818959,0.06749779,-0.19644138,0
-1.0895476,4.05269,2.3126988,-0.17060792,0.27837113,0.94519967,0
-0.44833612,-3.1307733,3.6324661,-0.11848241,-0.95809889,0.26078409,0
1.5685887,0.18280458,-3.4736297,0.17060792,-0.27837113,-0.94519967,0
-1.7401361,0.20964897,-1.4440237,-0.97818959,0.06749779,-0.19644138,0
-1.7578309,3.3660419,-0.27136862,-0.97818959,0.06749779,-0.19644138,0
-0.42853165,3.4989791,-2.6780972,0.11848241,0.95809889,-0.26078409,0
-0.41416895,3.2409444,-3.61957,0.11848241,0.95809889,-0.26078409,0
-1.7382412,-0.94190145,3.6665692,-0.17060792,0.27837113,0.94519967,0
1.6427436,-4.0015154,-2.2279191,0.17060792,-0.27837113,-0.94519967,0
-2.0261536,2.1331801,0.64114386,-0.97818959,0.06749779,-0.19644138,0
1.4160597,-3.9611049,1.4289503,-0.11848241,-0.95809889,0.26078409,0
-1.5784645,4.7746086,1.4860078,0.11848241,0.95809889,-0.26078409,0
0.20074224,1.4982572,-4.1079397,0.17060792,-0.27837113,-0.94519967,0
-0.31717324,-4.3293467,-0.71140122,-0.11848241,-0.95809889,0.26078409,0
2.2186296,2.9452522,-3.5097539,0.11848241,0.95809889,-0.26078409,0
0.67381299,3.7051265,-1.4198987,0.11848241,0.95809889,-0.26078409,0
-1.2553394,-3.2771032,2.7282157,-0.11848241,-0.95809889,0.26078409,0
1.5627139,1.918237,3.0586526,0.97818959,-0.06749779,0.19644138,0
0.76358104,-0.88522279,-3.3043878,0.17060792,-0.27837113,-0.94519967,0
0.51280296,-3.6556723,2.140707,-0.11848241,-0.95809889,0.26078409,0
-0.59297705,4.2972231,0.17987108,0.11848241,0.95809889,-0.26078409,0
-2.5577142,-0.15214038,2.5028372,-0.97818959,0.06749779,-0.19644138,0
0.93907094,0.42738211,-3.6592877,0.17060792,-0.27837113,-0.94519967,0
-1.8437603,-0.55654955,-1.1912899,-0.97818959,0.06749779,-0.19644138,0
1.5566516,-0.81162113,2.1508563,0.97818959,-0.06749779,0.19644138,0
2.7183926,2.4586225,-2.5104301,0.97818959,-0.06749779,0.19644138,0
-2.2426376,-2.6413953,0.078580856,-0.97818959,0.06749779,-0.19644138,0
1.595253,-2.3397253,1.4335781,0.97818959,-0.06749779,0.19644138,0
2.2743213,1.5207909,-0.6213944,0.97818959,-0.06749779,0.19644138,0
1.9844453,-3.8202784,-1.0131456,0.97818959,-0.06749779,0.19644138,0
-1.6975095,-1.2521656,-2.1585691,-0.97818959,0.06749779,-0.19644138,0
0.77170891,3.352762,-2.6699796,0.11848241,0.95809889,-0.26078409,0
1.880415,-4.2137637,-0.63032424,0.97818959,-0.06749779,0.19644138,0
2.3285487,0.93238163,-1.0936005,0.97818959,-0.06749779,0.19644138,0
-0.92564166,2.7050583,-4.6424136,-0.97818959,0.06749779,-0.19644138,0
-1.7248585,3.1319227,2.4692013,-0.17060792,0.27837113,0.94519967,0
0.11881453,3.2429061,-3.3702114,0.11848241,0.95809889,-0.26078409,0
2.3718896,0.81392908,-3.5145073,0.17060792,-0.27837113,-0.94519967,0
-1.0213768,-4.00284,0.16821623,-0.11848241,-0.95809889,0.26078409,0
0.42349243,-1.7002481,4.2801018,-0.17060792,0.27837113,0.94519967,0
1.7742968,-4.6697192,-1.0116808,-0.11848241,-0.95809889,0.26078409,0
-2.1404688,2.3606863,1.2885537,-0.97818959,0.06749779,-0.19644138,0
0.92935652,3.1353326,-3.3971734,0.11848241,0.95809889,-0.26078409,0
-1.1352665,4.470109,0.56866193,0.11848241,0.95809889,-0.26078409,0
-2.3276591,-2.8157146,3.93613,-0.11848241,-0.95809889,0.26078409,0
-0.61304879,4.4943852,0.89510894,0.11848241,0.95809889,-0.26078409,0
1.3398038,-2.3786566,2.6922233,0.97818959,-0.06749779,0.19644138,0
-1.0719458,-2.5417585,4.2580099,-0.17060792,0.27837113,0.94519967,0
2.5937696,0.22964263,-2.6557455,0.97818959,-0.06749779,0.19644138,0
1.4399452,0.66103953,3.2380099,0.97818959,-0.06749779,0.19644138,0
1.6275392,-0.88349384,1.7731726,0.97818959,-0.06749779,0.19644138,0
1.2226871,2.8580403,-4.2826519,0.11848241,0.95809889,-0.26078409,0
-0.34116983,4.5334187,1.162039,0.11848241,0.95809889,-0.26078409,0
0.15166259,-0.05522275,-3.6592822,0.17060792,-0.27837113,-0.94519967,0
-0.23715916,-3.3708565,2.8463645,-0.11848241,-0.95809889,0.26078409,0
-2.137434,3.4161284,1.636096,-0.97818959,0.06749779,-0.19644138,0
-0.89101851,3.5395494,-2.7391684,0.11848241,0.95809889,-0.26078409,0
2.1882436,0.2025528,-0.64571583,0.97818959,-0.06749779,0.19644138,0
1.7140645,0.17196298,1.7049725,0.97818959,-0.06749779,0.19644138,0
-2.1328952,0.99397683,0.78123558,-0.97818959,0.06749779,-0.19644138,0
1.0383251,-3.8703158,1.5908855,-0.11848241,-0.95809889,0.26078409,0
2.4338102,2.6948488,-1.0121684,0.97818959,-0.06749779,0.19644138,0
-1.3942258,4.1063843,-0.88528681,0.11848241,0.95809889,-0.26078409,0
-1.7324622,-1.1092309,-1.9354084,-0.97818959,0.06749779,-0.19644138,0
1.8332889,1.4338908,1.5448898,0.97818959,-0.06749779,0.19644138,0
1.4552717,2.6852407,3.1747651,-0.17060792,0.27837113,0.94519967,0
-1.4427502,-1.1908612,-3.4060917,-0.97818959,0.06749779,-0.19644138,0
-1.6192431,4.6767449,1.1079377,0.11848241,0.95809889,-0.26078409,0
1.6301286,-0.66907161,1.8339542,0.97818959,-0.06749779,0.19644138,0
-1.7306626,2.4998314,2.6543109,-0.17060792,0.27837113,0.94519967,0
-0.90337276,-1.6975178,4.0397997,-0.17060792,0.27837113,0.94519967,0
0.11795008,-3.3279314,3.1654053,-0.11848241,-0.95809889,0.26078409,0
0.081502914,-3.5460086,-2.6438732,0.17060792,-0.27837113,-0.94519967,0
-2.0432603,4.200201,1.4365603,-0.97818959,0.06749779,-0.19644138,0
-0.29532576,-3.1931911,-2.815799,0.17060792,-0.27837113,-0.94519967,0
-2.0743694,-3.2297199,2.5301867,-0.11848241,-0.95809889,0.26078409,0
-1.3272152,-4.6193132,-2.2356083,-0.11848241,-0.95809889,0.26078409,0
-0.12352321,3.3920243,-2.9324651,0.11848241,0.95809889,-0.26078409,0
-0.56176317,-3.1556692,3.4894671,-0.11848241,-0.95809889,0.26078409,0
0.87975645,4.7121372,2.3733411,0.11848241,0.95809889,-0.26078409,0
0.16664791,-2.8129356,-2.8444023,0.17060792,-0.27837113,-0.94519967,0
-1.6531196,-0.67204618,-2.1802797,-0.97818959,0.06749779,-0.19644138,0
-0.94566011,2.3481553,-4.5651684,0.17060792,-0.27837113,-0.94519967,0
-1.9453704,-2.7573862,4.1638618,-0.17060792,0.27837113,0.94519967,0
2.3505673,-2.1727588,-2.2701764,0.97818959,-0.06749779,0.19644138,0
-1.4021738,1.685627,2.9533949,-0.17060792,0.27837113,0.94519967,0
0.42794919,4.1400928,0.066425323,0.11848241,0.95809889,-0.26078409,0
-1.7352419,-2.1038473,-2.2633193,-0.97818959,0.06749779,-0.19644138,0
1.8207762,-0.49643445,0.94393253,0.97818959,-0.06749779,0.19644138,0
-0.9941411,0.61770308,3.3415594,-0.17060792,0.27837113,0.94519967,0
1.5230608,4.559288,2.1040606,0.11848241,0.95809889,-0.26078409,0
2.2717857,0.299191,-3.3809803,0.17060792,-0.27837113,-0.94519967,0
0.52831912,0.45753241,-3.7423079,0.17060792,-0.27837113,-0.94519967,0
-0.32222271,2.6442106,-4.5398297,0.17060792,-0.27837113,-0.94519967,0
2.142096,2.0894549,-3.9316404,0.17060792,-0.27837113,-0.94519967,0
-0.59315783,3.6403468,-2.2335196,0.11848241,0.95809889,-0.26078409,0
1.2454998,-0.85942817,-3.2249985,0.17060792,-0.27837113,-0.94519967,0
-0.60654306,-4.425344,-1.1955564,-0.11848241,-0.95809889,0.26078409,0
-1.2747407,3.3733039,2.4793582,-0.17060792,0.27837113,0.94519967,0
-2.5003555,-1.6039517,1.7183688,-0.97818959,0.06749779,-0.19644138,0
-2.5965266,-0.53765011,3.3925931,-0.17060792,0.27837113,0.94519967,0
-2.5956926,-1.4307804,3.6557801,-0.17060792,0.27837113,0.94519967,0
0.94752502,-0.15801406,-3.4853566,0.17060792,-0.27837113,-0.94519967,0
2.6986837,0.90873504,-3.4834423,0.17060792,-0.27837113,-0.94519967,0
0.21806884,-0.50090897,-3.516037,0.17060792,-0.27837113,-0.94519967,0
-1.1131225,4.5889778,1.0154355,0.11848241,0.95809889,-0.26078409,0
-1.6115742,2.8970182,-1.1608186,-0.97818959,0.06749779,-0.19644138,0
1.0599644,3.9985342,-0.16650271,0.11848241,0.95809889,-0.26078409,0
1.2945877,2.353092,-4.1622591,0.17060792,-0.27837113,-0.94519967,0
-0.88378763,-3.1333296,-2.939646,0.17060792,-0.27837113,-0.94519967,0
-0.79483485,4.362957,0.32966089,0.11848241,0.95809889,-0.26078409,0
-1.5099809,-3.2602069,2.6745992,-0.11848241,-0.95809889,0.26078409,0
2.7712569,2.0386512,-2.9179726,0.97818959,-0.06749779,0.19644138,0
-1.3812613,3.7638571,2.345109,-0.17060792,0.27837113,0.94519967,0
-0.81274557,-0.99769497,3.8500526,-0.17060792,0.27837113,0.94519967,0
1.3226891,-1.8264582,-2.9262655,0.17060792,-0.27837113,-0.94519967,0
0.6049788,-3.156281,4.0173073,-0.11848241,-0.95809889,0.26078409,0
-0.94666672,4.8528824,2.0606248,0.11848241,0.95809889,-0.26078409,0
0.67445576,-3.5033481,2.773777,-0.11848241,-0.95809889,0.26078409,0
-1.4423966,4.2239699,-0.475173,0.11848241,0.95809889,-0.26078409,0
-0.16299629,-0.48370421,3.8159566,-0.17060792,0.27837113,0.94519967,0
0.3435297,4.3323116,0.73426795,0.11848241,0.95809889,-0.26078409,0
1.2482593,0.28609562,3.8439727,-0.17060792,0.27837113,0.94519967,0
0.84797263,4.0861359,0.059023619,0.11848241,0.95809889,-0.26078409,0
-1.8809502,-3.685946,0.94192553,-0.11848241,-0.95809889,0.26078409,0
1.8843904,3.2897646,1.9281111,0.97818959,-0.06749779,0.19644138,0
-2.0772679,4.5405116,1.7228366,-0.97818959,0.06749779,-0.19644138,0
2.125366,2.4958858,-4.0543585,0.17060792,-0.27837113,-0.94519967,0
-0.88160515,4.4775095,0.71109605,0.11848241,0.95809889,-0.26078409,0
-0.23557997,1.7595036,3.1422069,-0.17060792,0.27837113,0.94519967,0
-2.6168103,-0.99346018,2.5080271,-0.97818959,0.06749779,-0.19644138,0
1.0077262,2.9458365,-4.0577598,0.11848241,0.95809889,-0.26078409,0
1.4549026,0.56034732,3.1289299,0.97818959,-0.06749779,0.19644138,0
-2.1071959,3.4840302,1.508853,-0.97818959,0.06749779,-0.19644138,0
-0.64740658,-4.7085295,-2.2545218,-0.11848241,-0.95809889,0.26078409,0
-2.2406313,0.8184166,3.0574565,-0.17060792,0.27837113,0.94519967,0
2.0736723,-0.31403565,-0.25270373,0.97818959,-0.06749779,0.19644138,0
1.1558473,-0.85655749,4.1312413,0.97818959,-0.06749779,0.19644138,0
1.362643,-1.1484773,-3.1187263,0.17060792,-0.27837113,-0.94519967,0
-2.6745317,-2.8262358,2.165709,-0.97818959,0.06749779,-0.19644138,0
2.0942333,-3.2302899,-1.3571212,0.97818959,-0.06749779,0.19644138,0
-1.5264387,-4.293488,-1.1290658,-0.11848241,-0.95809889,0.26078409,0
-0.85647464,4.3791761,0.36124516,0.11848241,0.95809889,-0.26078409,0
-2.5207181,-0.41111732,2.2296267,-0.97818959,0.06749779,-0.19644138,0
-0.016480446,-0.48316848,3.8422446,-0.17060792,0.27837113,0.94519967,0
1.723372,-0.62949526,1.3832418,0.97818959,-0.06749779,0.19644138,0
1.9941745,-4.7821321,-1.3920892,0.97818959,-0.06749779,0.19644138,0
-0.14408636,-4.7372894,-2.3337476,0.17060792,-0.27837113,-0.94519967,0
1.7530355,3.0051384,-3.5012722,0.11848241,0.95809889,-0.26078409,0
1.4473493,2.5292296,-4.1865597,0.17060792,-0.27837113,-0.94519967,0
1.2938643,-4.7384362,-1.4824166,-0.11848241,-0.95809889,0.26078409,0
0.89678943,3.8123207,-0.92477155,0.11848241,0.95809889,-0.26078409,0
2.3837459,2.5368416,-0.81716394,0.97818959,-0.06749779,0.19644138,0
-1.8515999,4.689611,1.049638,0.11848241,0.95809889,-0.26078409,0
-0.30734158,2.5964007,2.8827789,-0.17060792,0.27837113,0.94519967,0
-2.0436878,-2.0745044,3.9449997,-0.17060792,0.27837113,0.94519967,0
-0.24771023,-4.6308789,-2.3837905,0.17060792,-0.27837113,-0.94519967,0
-2.5137303,0.57945204,2.5351911,-0.97818959,0.06749779,-0.19644138,0
-2.5978036,-0.081836224,3.258121,-0.17060792,0.27837113,0.94519967,0
2.1952634,3.7824106,-0.4447217,0.11848241,0.95809889,-0.26078409,0
2.4659986,2.8523736,-3.7385955,0.11848241,0.95809889,-0.26078409,0
-1.9298391,-1.1385818,-0.96264422,-0.97818959,0.06749779,-0.19644138,0
2.3064573,3.2914817,-0.17300439,0.97818959,-0.06749779,0.19644138,0
-1.2409546,3.9441371,-1.4117336,0.11848241,0.95809889,-0.26078409,0
-1.4008117,-0.0047037303,-3.2073603,-0.97818959,0.06749779,-0.19644138,0
0.13457394,3.337266,2.7443519,-0.17060792,0.27837113,0.94519967,0
1.9571402,-2.7825742,-0.520621,0.97818959,-0.06749779,0.19644138,0
-0.89519978,-4.4530077,-1.4283376,-0.11848241,-0.95809889,0.26078409,0
1.0802839,-0.59333813,4.0726557,-0.17060792,0.27837113,0.94519967,0
1.9169967,3.1611793,-2.8534975,0.11848241,0.95809889,-0.26078409,0
2.2898788,1.4100413,-0.73691797,0.97818959,-0.06749779,0.19644138,0
-1.3806319,-3.2393413,2.8100255,-0.11848241,-0.95809889,0.26078409,0
2.1747441,2.3063378,0.14437199,0.97818959,-0.06749779,0.19644138,0
-2.0989447,-1.4079125,-0.21311736,-0.97818959,0.06749779,-0.19644138,0
1.8512746,-2.6681685,0.04585135,0.97818959,-0.06749779,0.19644138,0
-1.6923549,2.6310973,-0.84993774,-0.97818959,0.06749779,-0.19644138,0
-1.0014479,1.360903,3.1213603,-0.17060792,0.27837113,0.94519967,0
-0.20167255,-1.7344424,-3.2285113,0.17060792,-0.27837113,-0.94519967,0
-0.74044585,-4.2001057,-0.42888594,-0.11848241,-0.95809889,0.26078409,0
1.5742164,-2.5046587,1.4816592,0.97818959,-0.06749779,0.19644138,0
1.7626696,2.7076828,2.3342204,0.97818959,-0.06749779,0.19644138,0
2.62819,3.282692,-1.7781069,0.97818959,-0.06749779,0.19644138,0
0.31889927,3.668499,-1.7157145,0.11848241,0.95809889,-0.26078409,0
0.83287358,2.6073151,-4.3204689,0.17060792,-0.27837113,-0.94519967,0
-2.0163755,1.2504402,0.28914347,-0.97818959,0.06749779,-0.19644138,0
0.41242456,-2.3470371,4.4685903,-0.17060792,0.27837113,0.94519967,0
-0.058035851,4.4850249,1.1128802,0.11848241,0.95809889,-0.26078409,0
0.87594771,-4.2851715,-0.0070319176,-0.11848241,-0.95809889,0.26078409,0
1.9516425,-0.19112575,0.39718294,0.97818959,-0.06749779,0.19644138,0
1.3587084,-4.1875415,0.57098627,-0.11848241,-0.95809889,0.26078409,0
0.24542809,-4.420352,-2.356782,0.17060792,-0.27837113,-0.94519967,0
-2.170964,2.5546975,1.5070691,-0.97818959,0.06749779,-0.19644138,0
-2.5822935,-0.51805639,2.4995003,-0.97818959,0.06749779,-0.19644138,0
1.9938178,2.9772372,-3.4943829,0.11848241,0.95809889,-0.26078409,0
2.1661577,-3.9595909,-2.1457899,0.17060792,-0.27837113,-0.94519967,0
0.22470582,2.8216956,-4.4933805,0.17060792,-0.27837113,-0.94519967,0
1.5123944,-2.5636764,1.7692268,0.97818959,-0.06749779,0.19644138,0
0.37112153,-3.0687771,4.2325397,-0.11848241,-0.95809889,0.26078409,0
-0.56667328,4.6250033,1.396059,0.11848241,0.95809889,-0.26078409,0
2.3742685,3.6328094,-0.91301465,0.11848241,0.95809889,-0.26078409,0
0.011595249,4.5460911,1.3688672,0.11848241,0.95809889,-0.26078409,0
-0.44171715,2.0098248,3.0312772,-0.17060792,0.27837113,0.94519967,0
1.9146228,3.0439253,-3.2853572,0.11848241,0.95809889,-0.26078409,0
0.19137716,2.1377485,3.1078753,-0.17060792,0.27837113,0.94519967,0
0.96373081,3.9424586,-0.41624236,0.11848241,0.95809889,-0.26078409,0
2.1559858,2.2836661,-3.9863305,0.17060792,-0.27837113,-0.94519967,0
-2.4202459,-0.62534285,1.6557114,-0.97818959,0.06749779,-0.19644138,0
-0.8466866,-1.6874371,-3.3587797,0.17060792,-0.27837113,-0.94519967,0
0.80711174,0.94400144,3.570586,-0.17060792,0.27837113,0.94519967,0
-2.7902441,-2.8331497,3.6619074,-0.11848241,-0.95809889,0.26078409,0
-0.97955322,-3.3394833,-2.8962169,0.17060792,-0.27837113,-0.94519967,0
1.9544004,1.5897495,0.99536192,0.97818959,-0.06749779,0.19644138,0
-0.55274367,-3.3606498,2.7404838,-0.11848241,-0.95809889,0.26078409,0
-0.9863553,-1.1673225,3.8686731,-0.17060792,0.27837113,0.94519967,0
0.97442186,3.8863871,-0.61738706,0.11848241,0.95809889,-0.26078409,0
-0.40618658,0.4611876,3.4937801,-0.17060792,0.27837113,0.94519967,0
2.3207412,0.90679455,-1.0635148,0.97818959,-0.06749779,0.19644138,0
2.2845206,2.9209719,-3.5690219,0.11848241,0.95809889,-0.26078409,0
-0.28923583,-2.9664924,4.3083048,-0.11848241,-0.95809889,0.26078409,0
1.4040093,3.789026,-0.77990818,0.11848241,0.95809889,-0.26078409,0
2.6055541,2.8958998,-3.5152795,0.11848241,0.95809889,-0.26078409,0
0.55223417,-0.91627443,4.0724516,-0.17060792,0.27837113,0.94519967,0
1.8678999,0.15508044,0.93313992,0.97818959,-0.06749779,0.19644138,0
0.7685585,4.6237779,2.4798944,-0.17060792,0.27837113,0.94519967,0
0.15537333,0.43429285,3.6030622,-0.17060792,0.27837113,0.94519967,0
-1.7262585,-2.802628,4.2167358,-0.17060792,0.27837113,0.94519967,0
0.64177179,-4.6413231,-1.4218979,-0.11848241,-0.95809889,0.26078409,0
2.3820558,-0.029323101,-1.6904855,0.97818959,-0.06749779,0.19644138,0
-2.1397984,1.9778335,2.7341962,-0.17060792,0.27837113,0.94519967,0
2.0313606,-3.8967524,-1.2730396,0.97818959,-0.06749779,0.19644138,0
1.7721331,-4.1830149,-0.080563068,0.97818959,-0.06749779,0.19644138,0
1.9121796,1.8601639,-3.9056115,0.17060792,-0.27837113,-0.94519967,0
0.22493553,-2.5582707,-2.9088829,0.17060792,-0.27837113,-0.94519967,0
-0.17883182,-2.7381234,4.4770479,-0.17060792,0.27837113,0.94519967,0
-0.3230598,0.87564236,-4.0191188,0.17060792,-0.27837113,-0.94519967,0
1.3486834,-3.1658168,2.3775373,0.97818959,-0.06749779,0.19644138,0
2.8681948,2.5733633,-3.2169504,0.97818959,-0.06749779,0.19644138,0
-0.56621742,0.98459619,-4.0950971,0.17060792,-0.27837113,-0.94519967,0
-0.19541073,1.5590298,-4.1973429,0.17060792,-0.27837113,-0.94519967,0
-1.1884587,0.69678634,-4.0237489,-0.97818959,0.06749779,-0.19644138,0
0.14443851,3.8651586,-1.0724669,0.11848241,0.95809889,-0.26078409,0
-1.297472,-4.5561714,-1.9901168,-0.11848241,-0.95809889,0.26078409,0
1.1293454,-0.10524106,-3.4680803,0.17060792,-0.27837113,-0.94519967,0
0.2195591,3.2661967,-3.2388721,0.11848241,0.95809889,-0.26078409,0
1.4077952,1.2055186,3.5851882,0.97818959,-0.06749779,0.19644138,0
-1.4368484,2.8436947,-2.0491972,-0.97818959,0.06749779,-0.19644138,0
-1.9744639,2.8177137,0.61896116,-0.97818959,0.06749779,-0.19644138,0
