0.64967251,-3.0211508,2.030992,0.26638842,-0.32591453,0.90709257,0
4.1211801,-0.48880517,1.4021431,0.53580838,0.83236235,0.14171195,0
-1.7171562,1.3080385,3.8798709,-0.80121565,0.44827735,0.39635944,0
2.3377192,-2.216903,-1.5975282,0.80121565,-0.44827735,-0.39635944,0
1.387202,-3.0186474,-1.6277095,-0.53580838,-0.83236235,-0.14171195,0
1.0206046,-2.3235445,-4.1393824,0.80121565,-0.44827735,-0.39635944,0
2.3303597,-0.046185657,2.6063123,0.26638842,-0.32591453,0.90709257,0
-3.3974791,1.2631913,0.53392529,-0.80121565,0.44827735,0.39635944,0
-2.9132941,1.5286062,1.2124944,-0.80121565,0.44827735,0.39635944,0
1.610516,1.6525205,-1.6824536,0.53580838,0.83236235,0.14171195,0
3.0283031,-2.6969676,0.34139168,0.80121565,-0.44827735,-0.39635944,0
3.0296571,-0.14319798,2.3660915,0.26638842,-0.32591453,0.90709257,0
2.0446157,1.5269955,-2.5864856,0.53580838,0.83236235,0.14171195,0
-0.21564585,2.4948635,0.27460063,0.53580838,0.83236235,0.14171195,0
1.4570661,-3.5648978,1.3166052,-0.53580838,-0.83236235,-0.14171195,0
2.1347706,1.3872894,-2.1067767,0.53580838,0.83236235,0.14171195,0
-3.4775398,0.13161755,1.6518829,-0.80121565,0.44827735,0.39635944,0
-1.5768712,-0.45140642,-3.0063741,-0.26638842,0.32591453,-0.90709257,0
-3.6176019,1.9591839,-1.5409522,-0.26638842,0.32591453,-0.90709257,0
0.3218081,-1.0770245,-3.7887468,-0.26638842,0.32591453,-0.90709257,0
2.1447396,-0.22941899,-4.0195513,-0.26638842,0.32591453,-0.90709257,0
3.5869956,0.28301835,-1.8995724,0.80121565,-0.44827735,-0.39635944,0
0.74287057,-2.3537421,-3.096916,-0.53580838,-0.83236235,-0.14171195,0
-0.2705183,1.6248296,-2.6440315,-0.26638842,0.32591453,-0.90709257,0
2.7117774,-1.7969477,-1.3163562,0.80121565,-0.44827735,-0.39635944,0
-2.6794386,2.2709193,0.84567153,-0.80121565,0.44827735,0.39635944,0
1.7860985,-2.6230111,1.8403045,0.26638842,-0.32591453,0.90709257,0
2.0958147,1.0814961,-0.16337264,0.53580838,0.83236235,0.14171195,0
-0.64602351,3.0637503,-1.4395789,0.53580838,0.83236235,0.14171195,0
-2.5862341,3.5245147,-0.38372087,-0.80121565,0.44827735,0.39635944,0
-2.8507781,1.4505571,1.4271388,-0.80121565,0.44827735,0.39635944,0
-1.5899727,-0.81119442,3.482743,0.26638842,-0.32591453,0.90709257,0
3.3661525,0.64535046,-2.4047234,0.53580838,0.83236235,0.14171195,0
-2.1268086,1.618181,-2.1012785,-0.26638842,0.32591453,-0.90709257,0
2.3366065,1.0589043,-0.94110227,0.53580838,0.83236235,0.14171195,0
0.076790333,-0.52840436,3.0948653,0.26638842,-0.32591453,0.90709257,0
-2.7205086,-1.1042781,2.6591325,-0.53580838,-0.83236235,-0.14171195,0
2.2601404,-1.4934142,-2.5726047,0.80121565,-0.44827735,-0.39635944,0
-3.2689614,2.0667069,-0.11504984,-0.80121565,0.44827735,0.39635944,0
-0.73077822,-1.8871472,2.8438356,0.26638842,-0.32591453,0.90709257,0
0.46009558,-2.1765847,-3.0683084,-0.53580838,-0.83236235,-0.14171195,0
-0.63501,-0.2388725,-3.2066107,-0.26638842,0.32591453,-0.90709257,0
0.04244411,2.4522014,-0.45064753,0.53580838,0.83236235,0.14171195,0
1.2893795,-0.46992725,-3.8547685,-0.26638842,0.32591453,-0.90709257,0
-1.7839048,-0.4572027,-2.9476566,-0.26638842,0.32591453,-0.90709257,0
1.1054225,-1.7758057,-4.2699418,-0.26638842,0.32591453,-0.90709257,0
-2.092114,3.2257695,-1.5338674,-0.26638842,0.32591453,-0.90709257,0
3.4690409,0.028506339,0.82936728,0.53580838,0.83236235,0.14171195,0
0.50172162,-2.8982468,2.1186001,0.26638842,-0.32591453,0.90709257,0
1.919812,0.61022878,2.9627261,0.26638842,-0.32591453,0.90709257,0
0.56089878,0.570494,3.3475254,0.26638842,-0.32591453,0.90709257,0
-2.5472414,3.7155638,-0.52097416,-0.80121565,0.44827735,0.39635944,0
-3.852735,1.1499491,-0.25827026,-0.80121565,0.44827735,0.39635944,0
0.006461978,2.4003,-0.0097501799,0.53580838,0.83236235,0.14171195,0
-0.5475713,2.8492203,-0.55175608,0.53580838,0.83236235,0.14171195,0
-1.4279075,-0.39442086,3.5848937,0.26638842,-0.32591453,0.90709257,0
-0.56121874,3.0002091,-1.387007,0.53580838,0.83236235,0.14171195,0
-0.43561912,-2.2778323,0.91305023,-0.53580838,-0.83236235,-0.14171195,0
-2.3625207,0.997908,2.9260607,-0.80121565,0.44827735,0.39635944,0
0.8614167,1.9816098,-0.78307909,0.53580838,0.83236235,0.14171195,0
2.157495,1.0943396,-0.47202206,0.53580838,0.83236235,0.14171195,0
-0.12334371,-2.4626701,0.81801587,-0.53580838,-0.83236235,-0.14171195,0
-0.11354661,-0.85309744,3.0341012,0.26638842,-0.32591453,0.90709257,0
4.1992722,-0.30827832,0.0068552494,0.80121565,-0.44827735,-0.39635944,0
-0.2344805,-1.7062092,-3.2049453,-0.53580838,-0.83236235,-0.14171195,0
-0.77705657,-2.3593557,2.6828523,-0.53580838,-0.83236235,-0.14171195,0
0.61878598,1.0195305,3.4918623,0.26638842,-0.32591453,0.90709257,0
-2.6288373,0.96517646,2.4247372,-0.80121565,0.44827735,0.39635944,0
-3.2045746,0.37968218,1.9231069,-0.80121565,0.44827735,0.39635944,0
1.5983583,0.90819615,2.7353945,0.53580838,0.83236235,0.14171195,0
-1.4854121,1.3402604,4.2250452,0.26638842,-0.32591453,0.90709257,0
-2.9591827,-0.27532643,-1.3073959,-0.53580838,-0.83236235,-0.14171195,0
2.1685181,-2.8039656,-1.2755975,0.80121565,-0.44827735,-0.39635944,0
3.0127358,0.35441661,-3.1411541,0.80121565,-0.44827735,-0.39635944,0
-3.6661258,2.0199227,-1.5048786,-0.26638842,0.32591453,-0.90709257,0
-1.8031666,3.4576738,0.62178361,0.53580838,0.83236235,0.14171195,0
-2.1618326,-1.0532851,3.5637004,0.26638842,-0.32591453,0.90709257,0
-2.4959238,1.6631718,1.9039905,-0.80121565,0.44827735,0.39635944,0
0.58991104,-2.6066337,-1.0331914,-0.53580838,-0.83236235,-0.14171195,0
-2.8816555,-0.46567619,3.5319564,-0.80121565,0.44827735,0.39635944,0
-1.4718469,2.1518106,3.4214528,-0.80121565,0.44827735,0.39635944,0
0.68491697,-1.9577231,-4.2118134,-0.26638842,0.32591453,-0.90709257,0
-1.1399188,1.79329,-2.3281853,-0.26638842,0.32591453,-0.90709257,0
-1.89821,-1.5959597,2.4379997,-0.53580838,-0.83236235,-0.14171195,0
1.3740125,-2.0269594,-3.7604241,0.80121565,-0.44827735,-0.39635944,0
-0.3970356,1.0711086,-2.8058267,-0.26638842,0.32591453,-0.90709257,0
3.1641817,-1.5768933,-0.65072775,0.80121565,-0.44827735,-0.39635944,0
1.8782185,-2.4634118,-2.2475812,0.80121565,-0.44827735,-0.39635944,0
-1.9317379,-1.2489251,0.52641702,-0.53580838,-0.83236235,-0.14171195,0
1.2196835,0.88731068,3.267889,0.26638842,-0.32591453,0.90709257,0
2.0563307,0.69350433,2.2648337,0.53580838,0.83236235,0.14171195,0
1.6467819,0.012316145,2.8280799,0.26638842,-0.32591453,0.90709257,0
3.2529058,0.4467324,-0.80993509,0.53580838,0.83236235,0.14171195,0
-2.0379796,3.4966764,0.75602508,-0.80121565,0.44827735,0.39635944,0
1.1712008,-2.0467739,-4.1479855,0.80121565,-0.44827735,-0.39635944,0
0.36671305,0.17917562,3.2639532,0.26638842,-0.32591453,0.90709257,0
2.0671244,-1.9641252,-2.4304066,0.80121565,-0.44827735,-0.39635944,0
-0.96106124,2.6161854,-2.085048,-0.26638842,0.32591453,-0.90709257,0
2.8967147,-3.3417506,0.80463409,0.80121565,-0.44827735,-0.39635944,0
-3.9129758,1.0503038,-0.26734543,-0.80121565,0.44827735,0.39635944,0
3.5095048,-1.7331322,1.6539168,0.26638842,-0.32591453,0.90709257,0
-0.44152272,1.8862032,4.1146379,0.26638842,-0.32591453,0.90709257,0
-3.2572613,1.5400624,0.50422955,-0.80121565,0.44827735,0.39635944,0
-2.6659298,-0.59259576,-0.55265653,-0.53580838,-0.83236235,-0.14171195,0
-2.9155028,3.3237648,-0.8222717,-0.80121565,0.44827735,0.39635944,0
0.2684989,2.3284147,-2.5495312,-0.26638842,0.32591453,-0.90709257,0
3.058125,-0.064040303,-2.5761325,0.80121565,-0.44827735,-0.39635944,0
-3.0616136,2.7578144,-0.47754312,-0.80121565,0.44827735,0.39635944,0
-1.896579,0.20467243,-2.6767583,-0.26638842,0.32591453,-0.90709257,0
-2.1304684,-1.5140628,2.8351297,-0.53580838,-0.83236235,-0.14171195,0
-3.2706249,1.9936025,-0.035732508,-0.80121565,0.44827735,0.39635944,0
-3.6955783,2.3893137,-1.3422934,-0.80121565,0.44827735,0.39635944,0
-1.0445019,3.1269927,-0.30440688,0.53580838,0.83236235,0.14171195,0
3.0356424,-1.8544655,1.7494826,0.26638842,-0.32591453,0.90709257,0
2.8120372,-3.372637,0.66839743,0.80121565,-0.44827735,-0.39635944,0
2.8655136,0.85260153,-1.7291389,0.53580838,0.83236235,0.14171195,0
1.5680065,1.509877,-0.68389165,0.53580838,0.83236235,0.14171195,0
-2.3909636,1.1857358,2.6561341,-0.80121565,0.44827735,0.39635944,0
0.10592103,0.48460674,3.4502811,0.26638842,-0.32591453,0.90709257,0
-1.0610983,-2.1637375,2.6078179,-0.53580838,-0.83236235,-0.14171195,0
-3.1471226,1.734504,-1.7598455,-0.26638842,0.32591453,-0.90709257,0
-0.43884593,2.1168165,3.3390195,0.53580838,0.83236235,0.14171195,0
0.73020625,-2.4265838,-2.6211877,-0.53580838,-0.83236235,-0.14171195,0
-3.0767701,3.0648427,-0.85542631,-0.80121565,0.44827735,0.39635944,0
-1.1637528,1.6487645,-2.3731132,-0.26638842,0.32591453,-0.90709257,0
-2.2965767,3.6751728,-1.3123537,-0.26638842,0.32591453,-0.90709257,0
2.7001712,-2.5836136,-0.45010865,0.80121565,-0.44827735,-0.39635944,0
1.3115046,-1.2051064,-4.1254129,-0.26638842,0.32591453,-0.90709257,0
-0.45903158,2.5081928,1.116544,0.53580838,0.83236235,0.14171195,0
3.0399668,-0.42264336,-2.2072628,0.80121565,-0.44827735,-0.39635944,0
-2.913605,-0.57024753,3.5856416,-0.80121565,0.44827735,0.39635944,0
3.1136632,0.95935047,-3.6213069,0.80121565,-0.44827735,-0.39635944,0
2.5790055,0.7277326,0.087571263,0.53580838,0.83236235,0.14171195,0
1.1318886,1.8914413,-2.9600878,-0.26638842,0.32591453,-0.90709257,0
3.6002402,-0.00092935562,-1.5516579,0.80121565,-0.44827735,-0.39635944,0
2.9028819,0.32044435,-3.3247941,0.80121565,-0.44827735,-0.39635944,0
-2.0671728,0.84520328,3.6957958,-0.80121565,0.44827735,0.39635944,0
-1.7640544,-1.3017796,3.3576007,0.26638842,-0.32591453,0.90709257,0
2.496346,-0.46434879,2.4073224,0.26638842,-0.32591453,0.90709257,0
-0.55324841,-1.3595123,2.9812768,0.26638842,-0.32591453,0.90709257,0
-2.9261198,2.2464011,0.37475133,-0.80121565,0.44827735,0.39635944,0
-2.213871,-0.74173331,-1.3858991,-0.53580838,-0.83236235,-0.14171195,0
-4.1567965,1.5313301,-1.3042489,-0.80121565,0.44827735,0.39635944,0
3.7208056,-0.29536033,1.7797222,0.53580838,0.83236235,0.14171195,0
-2.5327973,1.7206492,1.764446,-0.80121565,0.44827735,0.39635944,0
-1.9559931,1.662648,2.9960182,-0.80121565,0.44827735,0.39635944,0
-1.9032539,1.1282386,3.7070374,-0.80121565,0.44827735,0.39635944,0
-0.39983809,2.6348331,0.1488989,0.53580838,0.83236235,0.14171195,0
-2.1499019,1.042058,3.305923,-0.80121565,0.44827735,0.39635944,0
-1.203578,3.3513212,-1.0205667,0.53580838,0.83236235,0.14171195,0
2.218689,-3.5209703,1.3906316,0.26638842,-0.32591453,0.90709257,0
-0.42278337,-0.43099904,-3.3379662,-0.26638842,0.32591453,-0.90709257,0
1.2146394,-1.9099588,2.2643232,0.26638842,-0.32591453,0.90709257,0
0.6803776,1.1095816,-3.1084104,-0.26638842,0.32591453,-0.90709257,0
-3.3478613,-0.28748953,0.23362565,-0.53580838,-0.83236235,-0.14171195,0
-1.0926437,-2.093986,2.8757892,0.26638842,-0.32591453,0.90709257,0
-1.2366502,1.1093255,-2.5455234,-0.26638842,0.32591453,-0.90709257,0
-1.9461825,3.0788782,1.4141119,-0.80121565,0.44827735,0.39635944,0
-2.6020877,2.9751656,0.20553815,-0.80121565,0.44827735,0.39635944,0
3.4259064,-0.019944072,-1.8825572,0.80121565,-0.44827735,-0.39635944,0
1.1281639,-2.5010238,-3.6886201,-0.53580838,-0.83236235,-0.14171195,0
0.3647815,-2.4437327,-1.1388023,-0.53580838,-0.83236235,-0.14171195,0
0.23364282,-0.8756417,2.924041,0.26638842,-0.32591453,0.90709257,0
0.6616087,0.81356013,-3.2092578,-0.26638842,0.32591453,-0.90709257,0
4.0123358,-1.8748178,1.4007114,0.80121565,-0.44827735,-0.39635944,0
3.9409475,-1.6697383,1.0244619,0.80121565,-0.44827735,-0.39635944,0
0.72034472,-2.7092106,-0.92385834,-0.53580838,-0.83236235,-0.14171195,0
0.6506356,1.6141975,2.1719179,0.53580838,0.83236235,0.14171195,0
-0.99983859,1.0367543,3.9733965,0.26638842,-0.32591453,0.90709257,0
1.8918993,1.5012507,-1.8578539,0.53580838,0.83236235,0.14171195,0
1.6416451,1.3297025,0.095958591,0.53580838,0.83236235,0.14171195,0
-0.45444024,1.5715947,4.005394,0.26638842,-0.32591453,0.90709257,0
2.2252774,0.87837911,0.54016554,0.53580838,0.83236235,0.14171195,0
-2.9900582,3.2193265,-1.2724805,-0.26638842,0.32591453,-0.90709257,0
-4.2834558,0.52171838,-0.98190355,-0.53580838,-0.83236235,-0.14171195,0
-1.5524745,-0.025287509,3.7541039,0.26638842,-0.32591453,0.90709257,0
0.90296769,-1.6683497,2.442662,0.26638842,-0.32591453,0.90709257,0
2.746604,-3.2977438,0.45142448,0.80121565,-0.44827735,-0.39635944,0
-1.9684645,-0.29690599,3.7786775,0.26638842,-0.32591453,0.90709257,0
2.8622379,-2.0173423,1.741886,0.26638842,-0.32591453,0.90709257,0
-1.4004059,1.9042234,-2.2118292,-0.26638842,0.32591453,-0.90709257,0
0.94250035,0.015915424,3.0362015,0.26638842,-0.32591453,0.90709257,0
-0.046113968,-1.7940726,-3.401078,-0.53580838,-0.83236235,-0.14171195,0
-4.225317,0.62181258,-1.789638,-0.53580838,-0.83236235,-0.14171195,0
2.7145023,-3.274051,1.3337414,0.26638842,-0.32591453,0.90709257,0
2.1879454,-0.96413839,-3.3171468,0.80121565,-0.44827735,-0.39635944,0
-0.47414815,1.0171965,3.8119886,0.26638842,-0.32591453,0.90709257,0
3.4187503,-1.1032084,-0.67186546,0.80121565,-0.44827735,-0.39635944,0
1.0512767,-1.9190519,-4.3055086,-0.26638842,0.32591453,-0.90709257,0
0.81452155,1.8366072,0.24591962,0.53580838,0.83236235,0.14171195,0
1.8703387,-3.2408328,1.5935847,0.26638842,-0.32591453,0.90709257,0
-2.4232337,3.5176225,-0.046432137,-0.80121565,0.44827735,0.39635944,0
-4.3115463,1.2921865,-1.5768087,-0.26638842,0.32591453,-0.90709257,0
-3.9937894,0.067015648,0.59363031,-0.53580838,-0.83236235,-0.14171195,0
-3.1412609,0.34219486,2.0934892,-0.80121565,0.44827735,0.39635944,0
0.72154212,1.8305362,-2.8614633,-0.26638842,0.32591453,-0.90709257,0
2.1654522,1.5044823,-3.4026499,-0.26638842,0.32591453,-0.90709257,0
-2.2541625,1.8692298,-1.9736772,-0.26638842,0.32591453,-0.90709257,0
-3.462853,-0.060768187,-0.66326904,-0.53580838,-0.83236235,-0.14171195,0
0.53240108,-2.9884872,1.4271152,-0.53580838,-0.83236235,-0.14171195,0
3.0341356,-2.0817738,-0.34259534,0.80121565,-0.44827735,-0.39635944,0
-2.4267991,0.29100043,-2.4900298,-0.26638842,0.32591453,-0.90709257,0
-3.1516933,0.77051258,-2.1048615,-0.26638842,0.32591453,-0.90709257,0
2.5604675,0.9614805,-1.2152826,0.53580838,0.83236235,0.14171195,0
3.5941541,-0.40390074,-1.1082053,0.80121565,-0.44827735,-0.39635944,0
0.085633397,1.9984336,2.0513165,0.53580838,0.83236235,0.14171195,0
-0.69237721,-0.72423846,3.2503862,0.26638842,-0.32591453,0.90709257,0
1.4926844,1.3859357,-3.2476699,-0.26638842,0.32591453,-0.90709257,0
0.49314809,2.4346681,-2.05176,0.53580838,0.83236235,0.14171195,0
2.2359309,-1.5579834,-2.5485158,0.80121565,-0.44827735,-0.39635944,0
2.7119684,1.2180613,-3.2951615,0.53580838,0.83236235,0.14171195,0
3.3662202,-0.13076845,2.1536474,0.53580838,0.83236235,0.14171195,0
0.036685109,-2.6180079,1.1253473,-0.53580838,-0.83236235,-0.14171195,0
-2.3714275,-1.0783658,1.1870695,-0.53580838,-0.83236235,-0.14171195,0
1.898546,-1.8348148,2.0904772,0.26638842,-0.32591453,0.90709257,0
-1.7803649,3.2262177,1.5826627,-0.80121565,0.44827735,0.39635944,0
2.4295359,-0.096574679,2.5590825,0.26638842,-0.32591453,0.90709257,0
2.2118495,-1.9363326,1.9619937,0.26638842,-0.32591453,0.90709257,0
2.876864,-2.7684865,0.11615288,0.80121565,-0.44827735,-0.39635944,0
1.2070789,0.98309016,3.3060038,0.26638842,-0.32591453,0.90709257,0
-2.0148499,-1.1365578,0.18065798,-0.53580838,-0.83236235,-0.14171195,0
-2.5192456,2.1142821,1.3466463,-0.80121565,0.44827735,0.39635944,0
-1.4947085,-1.0137099,-2.5075421,-0.53580838,-0.83236235,-0.14171195,0
3.1309602,-2.1319351,1.6217967,0.26638842,-0.32591453,0.90709257,0
2.3485036,-0.75246978,-3.2319825,0.80121565,-0.44827735,-0.39635944,0
2.1410336,-0.042505264,-3.9513052,-0.26638842,0.32591453,-0.90709257,0
-2.4217958,3.4875054,-1.343008,-0.26638842,0.32591453,-0.90709257,0
2.044821,-0.3776274,2.5710816,0.26638842,-0.32591453,0.90709257,0
3.5736279,-0.21599415,1.8700293,0.53580838,0.83236235,0.14171195,0
3.1073632,0.41632205,-0.081023693,0.53580838,0.83236235,0.14171195,0
0.36133668,1.9155662,1.4956224,0.53580838,0.83236235,0.14171195,0
2.4450593,-3.2548671,-0.20662236,0.80121565,-0.44827735,-0.39635944,0
1.6319348,-1.6077127,-3.7132134,0.80121565,-0.44827735,-0.39635944,0
-2.1393225,-1.422403,2.3302312,-0.53580838,-0.83236235,-0.14171195,0
-2.0234003,-0.12165868,3.8577762,0.26638842,-0.32591453,0.90709257,0
2.384182,-0.57766187,-3.3575666,0.80121565,-0.44827735,-0.39635944,0
-0.049213886,-2.6695967,1.7531408,-0.53580838,-0.83236235,-0.14171195,0
1.4804609,-1.6136949,-4.0126419,0.80121565,-0.44827735,-0.39635944,0
2.7743917,0.7974093,-1.0604311,0.53580838,0.83236235,0.14171195,0
-1.1096716,3.3035619,-1.0951027,0.53580838,0.83236235,0.14171195,0
1.071795,-1.565484,2.4300411,0.26638842,-0.32591453,0.90709257,0
0.57843351,-2.4501038,-1.9091921,-0.53580838,-0.83236235,-0.14171195,0
1.011771,-3.3467457,1.7189076,-0.53580838,-0.83236235,-0.14171195,0
2.6133566,1.2614143,-3.176954,0.53580838,0.83236235,0.14171195,0
-1.0213716,-0.053740859,-3.0266297,-0.26638842,0.32591453,-0.90709257,0
-0.20297337,2.7537768,-2.2582419,-0.26638842,0.32591453,-0.90709257,0
3.1047637,-2.05814,-0.22655463,0.80121565,-0.44827735,-0.39635944,0
0.41452885,-1.2632611,2.7316499,0.26638842,-0.32591453,0.90709257,0
-1.927249,3.1496506,1.3723419,-0.80121565,0.44827735,0.39635944,0
2.1552696,-3.4436684,-0.5788821,0.80121565,-0.44827735,-0.39635944,0
2.079206,-0.94676685,-3.5566034,0.80121565,-0.44827735,-0.39635944,0
2.9952641,0.13536084,-2.9287224,0.80121565,-0.44827735,-0.39635944,0
-0.83514953,2.8349495,0.61938965,0.53580838,0.83236235,0.14171195,0
-2.12392,3.416152,-1.4561232,-0.26638842,0.32591453,-0.90709257,0
1.4117633,-2.1019502,-3.5992997,0.80121565,-0.44827735,-0.39635944,0
1.1419289,-0.86511743,-3.9534564,-0.26638842,0.32591453,-0.90709257,0
2.8407195,0.20420754,-3.318989,0.80121565,-0.44827735,-0.39635944,0
1.8746836,-2.2477531,-2.4986339,0.80121565,-0.44827735,-0.39635944,0
-2.0728526,1.5411692,2.8971848,-0.80121565,0.44827735,0.39635944,0
1.4136531,-1.9084495,2.2064207,0.26638842,-0.32591453,0.90709257,0
1.7768555,0.99941933,1.5246911,0.53580838,0.83236235,0.14171195,0
0.43060917,1.9655507,0.94011611,0.53580838,0.83236235,0.14171195,0
1.5871754,-3.1763339,-1.4576135,-0.53580838,-0.83236235,-0.14171195,0
-0.79961497,2.4378819,2.8172593,0.53580838,0.83236235,0.14171195,0
-4.4375496,0.82873404,-1.0771469,-0.80121565,0.44827735,0.39635944,0
0.71680462,1.8247627,-2.8621464,-0.26638842,0.32591453,-0.90709257,0
-3.2733655,2.0596311,-0.11595011,-0.80121565,0.44827735,0.39635944,0
-3.5100021,0.4827351,-2.1030331,-0.26638842,0.32591453,-0.90709257,0
-1.4118259,0.92479283,-2.5603809,-0.26638842,0.32591453,-0.90709257,0
-1.5036834,2.6336493,2.8121443,-0.80121565,0.44827735,0.39635944,0
-0.74552536,3.1381187,-1.5001783,0.53580838,0.83236235,0.14171195,0
1.3835032,1.4749193,-3.1836352,-0.26638842,0.32591453,-0.90709257,0
-0.73072326,-0.054343343,3.5023379,0.26638842,-0.32591453,0.90709257,0
-1.9868075,0.7858814,3.9253402,-0.80121565,0.44827735,0.39635944,0
-2.8585019,2.4184771,0.31682014,-0.80121565,0.44827735,0.39635944,0
1.4234431,1.2122439,1.6108805,0.53580838,0.83236235,0.14171195,0
-2.6569071,2.7645869,0.33288574,-0.80121565,0.44827735,0.39635944,0
-0.33169085,2.3130441,1.7813029,0.53580838,0.83236235,0.14171195,0
2.2299874,1.3662635,-2.3432894,0.53580838,0.83236235,0.14171195,0
-1.8325347,-0.14924383,3.7918129,0.26638842,-0.32591453,0.90709257,0
-3.1721921,-0.89909184,3.1617465,-0.53580838,-0.83236235,-0.14171195,0
4.1615925,-1.0633101,0.78461885,0.80121565,-0.44827735,-0.39635944,0
1.6967671,1.3509207,-0.23708272,0.53580838,0.83236235,0.14171195,0
-0.81601596,-1.3869156,-2.881588,-0.53580838,-0.83236235,-0.14171195,0
0.5732224,1.7865345,1.4523723,0.53580838,0.83236235,0.14171195,0
1.3621796,1.7861731,-1.5285271,0.53580838,0.83236235,0.14171195,0
2.638294,-0.44868183,-2.9897695,0.80121565,-0.44827735,-0.39635944,0
-3.0572062,0.58724135,1.9862564,-0.80121565,0.44827735,0.39635944,0
-2.2813759,0.65297139,3.4802084,-0.80121565,0.44827735,0.39635944,0
-0.47152817,0.7383939,3.7110465,0.26638842,-0.32591453,0.90709257,0
-0.3061825,-0.35573626,3.2693729,0.26638842,-0.32591453,0.90709257,0
1.512087,0.90787256,3.063483,0.53580838,0.83236235,0.14171195,0
1.9412336,-3.5806577,-0.42145014,-0.53580838,-0.83236235,-0.14171195,0
0.58493972,-2.3065658,-2.77688,-0.53580838,-0.83236235,-0.14171195,0
-2.9678397,-0.37285811,-0.70180023,-0.53580838,-0.83236235,-0.14171195,0
-3.114676,-0.97674942,3.638938,-0.80121565,0.44827735,0.39635944,0
2.2115703,1.3947926,-2.4412255,0.53580838,0.83236235,0.14171195,0
-3.5686116,0.59343994,-2.0460453,-0.26638842,0.32591453,-0.90709257,0
0.28456908,1.808403,2.4153149,0.53580838,0.83236235,0.14171195,0
-2.631825,1.0126108,2.3650501,-0.80121565,0.44827735,0.39635944,0
-3.2679005,2.3895273,-1.4890289,-0.26638842,0.32591453,-0.90709257,0
-3.5778215,1.682472,-1.6520559,-0.26638842,0.32591453,-0.90709257,0
1.0429227,1.0681332,3.3847675,0.26638842,-0.32591453,0.90709257,0
-1.7661793,3.7508903,-1.2403083,0.53580838,0.83236235,0.14171195,0
-3.6722651,0.57477814,0.75704885,-0.80121565,0.44827735,0.39635944,0
0.96864015,-2.7437208,-1.659956,-0.53580838,-0.83236235,-0.14171195,0
2.8509781,-2.9784105,0.30124867,0.80121565,-0.44827735,-0.39635944,0
2.5453463,0.4360179,1.9282572,0.53580838,0.83236235,0.14171195,0
-4.069468,0.88697362,-0.39896083,-0.80121565,0.44827735,0.39635944,0
4.261055,-1.5002114,1.4798054,0.80121565,-0.44827735,-0.39635944,0
0.41437817,0.70337415,-3.1762424,-0.26638842,0.32591453,-0.90709257,0
-0.71073031,2.6567397,-2.1439924,-0.26638842,0.32591453,-0.90709257,0
-2.1925807,1.4870346,2.7163875,-0.80121565,0.44827735,0.39635944,0
0.44622943,1.8999554,1.2663378,0.53580838,0.83236235,0.14171195,0
3.7038713,0.073486209,-0.32271481,0.53580838,0.83236235,0.14171195,0
-1.2653277,-1.441047,-0.86480784,-0.53580838,-0.83236235,-0.14171195,0
-3.6648393,1.6546193,-0.4492265,-0.80121565,0.44827735,0.39635944,0
0.063903213,-1.0195212,-3.6923461,-0.26638842,0.32591453,-0.90709257,0
0.63187408,2.3612435,-2.6444492,-0.26638842,0.32591453,-0.90709257,0
1.2687156,-1.154337,2.5199342,0.26638842,-0.32591453,0.90709257,0
1.9278483,-0.55845988,-4.074079,-0.26638842,0.32591453,-0.90709257,0
-1.5871348,-0.0088793039,3.7701778,0.26638842,-0.32591453,0.90709257,0
-0.018116713,2.5245924,-0.64686525,0.53580838,0.83236235,0.14171195,0
1.2221243,0.97943127,-3.3142691,-0.26638842,0.32591453,-0.90709257,0
2.9211669,0.35224628,-3.3237994,0.80121565,-0.44827735,-0.39635944,0
2.4358132,-2.6763587,-0.87959814,0.80121565,-0.44827735,-0.39635944,0
-1.0056394,-1.4389395,-1.8590593,-0.53580838,-0.83236235,-0.14171195,0
-0.4027313,-1.8578722,2.7580154,0.26638842,-0.32591453,0.90709257,0
0.23331881,-1.079473,2.8509004,0.26638842,-0.32591453,0.90709257,0
3.7363267,-1.337593,1.7294208,0.26638842,-0.32591453,0.90709257,0
1.3616209,1.0034441,3.0710392,0.53580838,0.83236235,0.14171195,0
1.6844049,-3.1799824,-1.8038048,-0.53580838,-0.83236235,-0.14171195,0
-3.1314425,0.57475311,1.8503158,-0.80121565,0.44827735,0.39635944,0
1.608183,-1.0206993,-4.1462827,-0.26638842,0.32591453,-0.90709257,0
3.5729585,0.0051572919,0.57360184,0.53580838,0.83236235,0.14171195,0
-2.820313,0.73416352,-2.2152388,-0.26638842,0.32591453,-0.90709257,0
-2.734313,-0.57891977,3.9022601,0.26638842,-0.32591453,0.90709257,0
0.77938062,-2.6409304,-1.5481231,-0.53580838,-0.83236235,-0.14171195,0
-0.1700561,2.685473,-2.29245,-0.26638842,0.32591453,-0.90709257,0
0.42841172,-2.9229541,1.4353791,-0.53580838,-0.83236235,-0.14171195,0
-0.42195171,-1.7717258,-2.1113026,-0.53580838,-0.83236235,-0.14171195,0
-2.4833336,-1.0178435,1.2546984,-0.53580838,-0.83236235,-0.14171195,0
3.2374911,-2.696631,0.76386976,0.80121565,-0.44827735,-0.39635944,0
-1.7706261,1.8262833,3.1856565,-0.80121565,0.44827735,0.39635944,0
0.13318419,2.435427,-2.4713435,-0.26638842,0.32591453,-0.90709257,0
-1.5113093,-1.8614519,2.5345402,-0.53580838,-0.83236235,-0.14171195,0
-2.6392775,3.4430707,-0.39883292,-0.80121565,0.44827735,0.39635944,0
0.52434993,-2.8457866,0.61938727,-0.53580838,-0.83236235,-0.14171195,0
3.2714381,-0.08690396,2.2543743,0.53580838,0.83236235,0.14171195,0
3.5176353,0.0036430955,0.79166889,0.53580838,0.83236235,0.14171195,0
0.068587065,1.1495627,-2.9143789,-0.26638842,0.32591453,-0.90709257,0
-4.4440846,0.81052136,-1.069759,-0.80121565,0.44827735,0.39635944,0
-1.3225321,2.9510274,1.7803686,0.53580838,0.83236235,0.14171195,0
-1.0697331,-0.97800416,3.2700286,0.26638842,-0.32591453,0.90709257,0
-3.2072935,3.145519,-1.2105149,-0.80121565,0.44827735,0.39635944,0
3.5959642,-1.9469951,0.64067364,0.80121565,-0.44827735,-0.39635944,0
-2.4437382,-0.86010116,0.17847013,-0.53580838,-0.83236235,-0.14171195,0
0.34135652,2.5349495,-2.0668559,0.53580838,0.83236235,0.14171195,0
1.5978372,1.0320075,2.0101423,0.53580838,0.83236235,0.14171195,0
-0.30824721,-0.9534328,-3.5593104,-0.26638842,0.32591453,-0.90709257,0
4.1707935,-0.75407636,0.45347953,0.80121565,-0.44827735,-0.39635944,0
4.1002407,-1.5998585,1.5283184,0.26638842,-0.32591453,0.90709257,0
0.51296234,-0.65304434,2.9219906,0.26638842,-0.32591453,0.90709257,0
3.8425591,-0.85168624,-0.09963131,0.80121565,-0.44827735,-0.39635944,0
-2.4295492,2.4468601,-1.7146306,-0.26638842,0.32591453,-0.90709257,0
-0.77722192,3.1820633,-1.6384494,0.53580838,0.83236235,0.14171195,0
1.5499045,-2.0271082,-3.4047012,0.80121565,-0.44827735,-0.39635944,0
1.6381311,-1.7482685,-3.5417209,0.80121565,-0.44827735,-0.39635944,0
1.5015472,-0.79352641,-4.0333443,-0.26638842,0.32591453,-0.90709257,0
3.4370024,-0.63483131,2.0698235,0.26638842,-0.32591453,0.90709257,0
-3.366498,2.6521733,-1.3657061,-0.26638842,0.32591453,-0.90709257,0
-2.1054602,2.1918502,2.0953588,-0.80121565,0.44827735,0.39635944,0
2.6486173,-2.6602483,-0.46764934,0.80121565,-0.44827735,-0.39635944,0
4.19801,-0.37901306,0.084303617,0.80121565,-0.44827735,-0.39635944,0
-2.5809019,1.9469886,1.4112184,-0.80121565,0.44827735,0.39635944,0
0.8942641,0.99938083,3.403722,0.26638842,-0.32591453,0.90709257,0
-3.6512349,0.32232136,-2.1191931,-0.26638842,0.32591453,-0.90709257,0
-2.7013044,3.3652437,-1.3048524,-0.26638842,0.32591453,-0.90709257,0
1.2879965,1.9811668,-2.3933632,0.53580838,0.83236235,0.14171195,0
2.8667445,-3.1597972,0.53826463,0.80121565,-0.44827735,-0.39635944,0
4.1552849,-1.4476612,1.2065637,0.80121565,-0.44827735,-0.39635944,0
0.16109586,-2.8092768,1.7783947,-0.53580838,-0.83236235,-0.14171195,0
2.6151912,-3.7555022,0.70349991,0.80121565,-0.44827735,-0.39635944,0
-0.98199415,-0.029968381,3.5848873,0.26638842,-0.32591453,0.90709257,0
1.1134424,1.6554871,-3.0394483,-0.26638842,0.32591453,-0.90709257,0
1.3607118,-3.0110672,1.8258021,0.26638842,-0.32591453,0.90709257,0
1.5733435,-1.5050129,-3.9478037,0.80121565,-0.44827735,-0.39635944,0
0.98428744,-1.5855165,-4.1659975,-0.26638842,0.32591453,-0.90709257,0
3.0783539,0.55890322,-0.80880857,0.53580838,0.83236235,0.14171195,0
4.35495,-0.55718231,0.91988516,0.53580838,0.83236235,0.14171195,0
-3.5604026,2.1806722,-1.4781704,-0.26638842,0.32591453,-0.90709257,0
-0.3855648,1.9874706,3.8972936,0.53580838,0.83236235,0.14171195,0
-1.5187684,-0.80363083,3.46455,0.26638842,-0.32591453,0.90709257,0
0.97476792,1.4555098,-3.0705743,-0.26638842,0.32591453,-0.90709257,0
0.6693033,-0.37048927,-3.6369414,-0.26638842,0.32591453,-0.90709257,0
2.1975763,0.97937614,0.051684976,0.53580838,0.83236235,0.14171195,0
-0.33161831,0.15020579,-3.1559143,-0.26638842,0.32591453,-0.90709257,0
-0.36735535,-2.5149329,2.5115476,0.26638842,-0.32591453,0.90709257,0
2.1973741,-0.20672989,-4.0268559,-0.26638842,0.32591453,-0.90709257,0
3.6687236,-0.4249562,-0.93365455,0.80121565,-0.44827735,-0.39635944,0
2.5867181,0.57663912,0.94587642,0.53580838,0.83236235,0.14171195,0
2.6165419,-2.7764049,-0.40111589,0.80121565,-0.44827735,-0.39635944,0
0.35442221,2.5026762,-1.9266963,0.53580838,0.83236235,0.14171195,0
1.8611205,-1.2801237,2.3007665,0.26638842,-0.32591453,0.90709257,0
-1.7694049,1.6061836,3.4370551,-0.80121565,0.44827735,0.39635944,0
0.13135469,-2.2843752,-1.1922299,-0.53580838,-0.83236235,-0.14171195,0
2.7984593,-0.69178545,-2.3910584,0.80121565,-0.44827735,-0.39635944,0
0.013586402,2.3535643,0.23781957,0.53580838,0.83236235,0.14171195,0
0.6271404,0.48315597,-3.317848,-0.26638842,0.32591453,-0.90709257,0
-0.12118614,1.9469328,3.1357901,0.53580838,0.83236235,0.14171195,0
2.3790689,-0.79505026,-3.1220393,0.80121565,-0.44827735,-0.39635944,0
0.51049995,0.037425518,-3.443743,-0.26638842,0.32591453,-0.90709257,0
2.653492,-2.3517644,-0.80668616,0.80121565,-0.44827735,-0.39635944,0
-1.7645242,2.6889277,2.2223516,-0.80121565,0.44827735,0.39635944,0
-1.3604162,3.1363964,-1.7808585,-0.26638842,0.32591453,-0.90709257,0
2.0079434,-2.3480477,-2.1158259,0.80121565,-0.44827735,-0.39635944,0
-3.2707868,2.1739161,-0.2399925,-0.80121565,0.44827735,0.39635944,0
-2.1191421,3.1974306,0.93040335,-0.80121565,0.44827735,0.39635944,0
-0.021480799,-2.4723473,2.4252744,0.26638842,-0.32591453,0.90709257,0
2.2537456,-0.5621016,2.4434452,0.26638842,-0.32591453,0.90709257,0
2.6009166,-1.1939526,-2.2224343,0.80121565,-0.44827735,-0.39635944,0
-2.2463772,3.7156868,0.087065101,-0.80121565,0.44827735,0.39635944,0
-2.8520315,2.2164903,0.5583446,-0.80121565,0.44827735,0.39635944,0
-2.6673281,-0.32121813,3.8018262,-0.80121565,0.44827735,0.39635944,0
1.7834795,-3.7348852,1.0808862,-0.53580838,-0.83236235,-0.14171195,0
1.0084589,-0.47836393,2.8392386,0.26638842,-0.32591453,0.90709257,0
-0.19738436,0.023439467,3.3736582,0.26638842,-0.32591453,0.90709257,0
0.7690841,-2.3825719,-3.0266931,-0.53580838,-0.83236235,-0.14171195,0
2.9603231,0.63279116,-0.79652715,0.53580838,0.83236235,0.14171195,0
-2.6562393,3.9356275,-0.99019516,-0.80121565,0.44827735,0.39635944,0
0.21287072,-0.14710194,-3.4226375,-0.26638842,0.32591453,-0.90709257,0
-1.1867087,0.18622163,-2.8918574,-0.26638842,0.32591453,-0.90709257,0
-0.84764099,2.8160162,0.77782708,0.53580838,0.83236235,0.14171195,0
-1.50966,1.7419553,3.8085575,-0.80121565,0.44827735,0.39635944,0
-2.7359309,-0.52468926,-0.68684232,-0.53580838,-0.83236235,-0.14171195,0
1.3786786,-1.5375774,2.3499446,0.26638842,-0.32591453,0.90709257,0
4.298316,-0.57135969,0.50460815,0.80121565,-0.44827735,-0.39635944,0
0.96526718,-2.9678741,-0.33061117,-0.53580838,-0.83236235,-0.14171195,0
-1.8436863,1.2200834,-2.3274584,-0.26638842,0.32591453,-0.90709257,0
-2.14534,1.8100749,2.4465275,-0.80121565,0.44827735,0.39635944,0
1.4818223,-2.6137247,-2.8788695,0.80121565,-0.44827735,-0.39635944,0
-3.3445792,1.2179362,0.69204187,-0.80121565,0.44827735,0.39635944,0
3.3274403,-0.67985004,-1.3352554,0.80121565,-0.44827735,-0.39635944,0
2.6508067,-0.36303347,-3.0613432,0.80121565,-0.44827735,-0.39635944,0
-4.4077673,0.65080214,-1.2700727,-0.53580838,-0.83236235,-0.14171195,0
-3.6147408,2.0978136,-0.84920239,-0.80121565,0.44827735,0.39635944,0
0.70764422,-2.8004215,-0.34010059,-0.53580838,-0.83236235,-0.14171195,0
-2.0804229,3.4253225,-1.4656024,-0.26638842,0.32591453,-0.90709257,0
-0.27119565,-0.58452833,-3.4376457,-0.26638842,0.32591453,-0.90709257,0
4.1663384,-0.4068656,0.05178237,0.80121565,-0.44827735,-0.39635944,0
-3.9239659,1.4378414,-0.727862,-0.80121565,0.44827735,0.39635944,0
0.73975682,0.56257004,3.2921524,0.26638842,-0.32591453,0.90709257,0
1.2109646,-1.8779285,-4.2585673,0.80121565,-0.44827735,-0.39635944,0
1.586048,-1.2977362,-4.1565495,0.80121565,-0.44827735,-0.39635944,0
2.1772354,-0.35276175,2.5411291,0.26638842,-0.32591453,0.90709257,0
-1.1475034,-1.4574363,-1.2140326,-0.53580838,-0.83236235,-0.14171195,0
2.9202776,0.88734424,-2.1402655,0.53580838,0.83236235,0.14171195,0
-4.2702665,1.3159789,-1.5803832,-0.26638842,0.32591453,-0.90709257,0
2.2765288,1.2935261,-2.0920296,0.53580838,0.83236235,0.14171195,0
-2.2032387,3.7586007,-1.3097892,-0.26638842,0.32591453,-0.90709257,0
3.3082483,0.5803479,-1.8039899,0.53580838,0.83236235,0.14171195,0
4.1134162,-0.85460532,0.45119119,0.80121565,-0.44827735,-0.39635944,0
3.7947237,-0.39356124,-0.71446013,0.80121565,-0.44827735,-0.39635944,0
-3.9261508,1.0216643,-1.7871866,-0.26638842,0.32591453,-0.90709257,0
-2.5908837,2.6284761,0.6202873,-0.80121565,0.44827735,0.39635944,0
3.2790692,-2.2617836,1.5316471,0.26638842,-0.32591453,0.90709257,0
0.99497843,-2.7539587,2.0255859,0.26638842,-0.32591453,0.90709257,0
0.35657239,2.4210551,-2.5421104,-0.26638842,0.32591453,-0.90709257,0
-2.143573,1.8606424,2.3929079,-0.80121565,0.44827735,0.39635944,0
0.6375339,1.7287649,1.548529,0.53580838,0.83236235,0.14171195,0
-1.3188548,2.846446,2.3807375,0.53580838,0.83236235,0.14171195,0
3.9687071,-1.4146321,0.7920537,0.80121565,-0.44827735,-0.39635944,0
0.56516862,1.2858163,-3.0112562,-0.26638842,0.32591453,-0.90709257,0
3.0942106,-2.0992026,-0.20144558,0.80121565,-0.44827735,-0.39635944,0
-1.9903907,-1.6792123,3.2884598,0.26638842,-0.32591453,0.90709257,0
2.0822651,-1.0070283,2.3339443,0.26638842,-0.32591453,0.90709257,0
-2.4509778,0.90641785,2.850724,-0.80121565,0.44827735,0.39635944,0
2.2934206,0.42866376,2.7877717,0.26638842,-0.32591453,0.90709257,0
0.86886048,-1.3096184,-4.0329709,-0.26638842,0.32591453,-0.90709257,0
-0.40423906,0.19645673,3.4965699,0.26638842,-0.32591453,0.90709257,0
2.280652,0.18117929,2.7026012,0.26638842,-0.32591453,0.90709257,0
2.0439279,1.307873,-1.2968413,0.53580838,0.83236235,0.14171195,0
2.1413119,-0.22594106,-4.0172949,-0.26638842,0.32591453,-0.90709257,0
-1.5271771,2.6188431,-1.9178402,-0.26638842,0.32591453,-0.90709257,0
-1.8090947,-1.6352214,2.3316655,-0.53580838,-0.83236235,-0.14171195,0
-0.16062129,-2.3563802,0.3346532,-0.53580838,-0.83236235,-0.14171195,0
0.91636008,-2.8284285,-0.96474612,-0.53580838,-0.83236235,-0.14171195,0
3.4086547,0.091929436,0.68516266,0.53580838,0.83236235,0.14171195,0
-0.38646886,-1.9649431,-1.1105775,-0.53580838,-0.83236235,-0.14171195,0
-1.2187581,1.411335,4.1722727,0.26638842,-0.32591453,0.90709257,0
-2.5132766,3.1152773,-1.4498826,-0.26638842,0.32591453,-0.90709257,0
2.5589123,-2.883369,-0.39663482,0.80121565,-0.44827735,-0.39635944,0
3.3844972,-0.33739907,-1.6072266,0.80121565,-0.44827735,-0.39635944,0
-1.3779716,1.2476792,-2.4543114,-0.26638842,0.32591453,-0.90709257,0
-1.5993255,-0.74330688,-3.1046586,-0.26638842,0.32591453,-0.90709257,0
2.9176512,0.77982295,-1.4987955,0.53580838,0.83236235,0.14171195,0
-3.1715152,3.0871518,-1.0721786,-0.80121565,0.44827735,0.39635944,0
-1.220523,-1.2200875,-2.3320446,-0.53580838,-0.83236235,-0.14171195,0
-0.71521485,0.83158743,3.8160949,0.26638842,-0.32591453,0.90709257,0
0.11177522,2.3570328,-0.15380214,0.53580838,0.83236235,0.14171195,0
2.0927587,0.82623005,1.3475189,0.53580838,0.83236235,0.14171195,0
-3.5762827,0.13254213,1.4512346,-0.80121565,0.44827735,0.39635944,0
-1.0048058,-1.8416197,0.50297976,-0.53580838,-0.83236235,-0.14171195,0
2.0116742,-3.6259131,-0.42197001,-0.53580838,-0.83236235,-0.14171195,0
1.8828821,-3.2106953,-1.3929857,0.80121565,-0.44827735,-0.39635944,0
-3.6571851,1.9895848,-0.81259656,-0.80121565,0.44827735,0.39635944,0
-1.3363128,-0.74854016,-3.1837788,-0.26638842,0.32591453,-0.90709257,0
2.4374714,-0.61871713,-3.203413,0.80121565,-0.44827735,-0.39635944,0
-0.063843787,-2.1406457,-1.2984016,-0.53580838,-0.83236235,-0.14171195,0
2.3789933,-0.1536746,-3.8475795,0.80121565,-0.44827735,-0.39635944,0
-0.0069363117,1.0487008,-2.9284391,-0.26638842,0.32591453,-0.90709257,0
-4.2117081,1.0750819,-1.6841334,-0.26638842,0.32591453,-0.90709257,0
3.494133,-1.8950852,0.37611866,0.80121565,-0.44827735,-0.39635944,0
2.1661217,-1.9220307,-2.2778978,0.80121565,-0.44827735,-0.39635944,0
-1.2108576,0.12925303,3.7093062,0.26638842,-0.32591453,0.90709257,0
-2.4568548,3.9031525,-0.5504235,-0.80121565,0.44827735,0.39635944,0
4.2129478,-1.4096622,1.5635557,0.26638842,-0.32591453,0.90709257,0
0.3382636,-2.1741049,-2.6222312,-0.53580838,-0.83236235,-0.14171195,0
2.3217864,-0.43873882,-3.6408153,0.80121565,-0.44827735,-0.39635944,0
-0.91576099,2.2543447,-2.2283592,-0.26638842,0.32591453,-0.90709257,0
1.5810238,-1.6403153,-3.779253,0.80121565,-0.44827735,-0.39635944,0
2.9301033,-2.6963978,0.14224231,0.80121565,-0.44827735,-0.39635944,0
3.1997223,0.35930908,-0.095358133,0.53580838,0.83236235,0.14171195,0
3.5297322,-2.41151,1.0321506,0.80121565,-0.44827735,-0.39635944,0
1.4097015,-2.8166814,-2.7951155,0.80121565,-0.44827735,-0.39635944,0
1.8271842,0.31002808,-3.7324724,-0.26638842,0.32591453,-0.90709257,0
-1.6821885,0.21308076,3.8778419,0.26638842,-0.32591453,0.90709257,0
2.3373053,-3.0066934,-0.70512164,0.80121565,-0.44827735,-0.39635944,0
-3.4455357,0.79976445,0.96091175,-0.80121565,0.44827735,0.39635944,0
1.8006223,-3.2786419,-1.4824221,0.80121565,-0.44827735,-0.39635944,0
2.9780111,0.84285593,-2.0972471,0.53580838,0.83236235,0.14171195,0
3.4965899,-0.080459595,-1.6712332,0.80121565,-0.44827735,-0.39635944,0
1.0686681,1.6662769,0.28545579,0.53580838,0.83236235,0.14171195,0
-1.2702765,-1.2142526,-2.1782005,-0.53580838,-0.83236235,-0.14171195,0
-2.9301853,-0.27456748,-1.4214923,-0.53580838,-0.83236235,-0.14171195,0
-3.7606483,2.2293231,-1.2928815,-0.80121565,0.44827735,0.39635944,0
-1.4875727,2.1645751,3.3752279,-0.80121565,0.44827735,0.39635944,0
-2.4929793,1.3740236,2.2369649,-0.80121565,0.44827735,0.39635944,0
4.0772033,-0.26907629,-0.28423643,0.80121565,-0.44827735,-0.39635944,0
-1.5606655,-1.1185626,-1.6422954,-0.53580838,-0.83236235,-0.14171195,0
-2.4812713,1.7228372,-1.9595799,-0.26638842,0.32591453,-0.90709257,0
2.7907507,-3.3954844,0.65120685,0.80121565,-0.44827735,-0.39635944,0
0.31261867,1.8842295,1.8638833,0.53580838,0.83236235,0.14171195,0
3.8084159,-0.59140313,-0.46302557,0.80121565,-0.44827735,-0.39635944,0
2.4684746,-3.8287876,1.2066789,0.26638842,-0.32591453,0.90709257,0
1.89622,-3.0941701,-1.4978131,0.80121565,-0.44827735,-0.39635944,0
-2.2652357,-1.1908728,3.5446324,0.26638842,-0.32591453,0.90709257,0
2.9603846,-1.5422124,-1.1019151,0.80121565,-0.44827735,-0.39635944,0
2.3114967,1.3049433,-2.2913027,0.53580838,0.83236235,0.14171195,0
0.23718238,-2.6514077,2.2849762,0.26638842,-0.32591453,0.90709257,0
-1.2620523,1.9982164,4.0192528,-0.80121565,0.44827735,0.39635944,0
0.038453341,1.3476253,3.7801735,0.26638842,-0.32591453,0.90709257,0
-2.3663712,0.96931762,2.9506128,-0.80121565,0.44827735,0.39635944,0
0.51000226,-2.186461,-3.1989942,-0.53580838,-0.83236235,-0.14171195,0
3.5082633,-0.35828391,2.1482587,0.26638842,-0.32591453,0.90709257,0
3.3181071,-0.87067258,-1.1383045,0.80121565,-0.44827735,-0.39635944,0
3.4220917,-0.55547023,-1.2845962,0.80121565,-0.44827735,-0.39635944,0
-3.4157717,1.4000794,0.34212995,-0.80121565,0.44827735,0.39635944,0
1.0340364,-0.24250829,2.9164691,0.26638842,-0.32591453,0.90709257,0
-2.3049448,-0.26830047,-2.7267694,-0.26638842,0.32591453,-0.90709257,0
1.4589939,0.46570796,3.0461299,0.26638842,-0.32591453,0.90709257,0
1.3971267,1.4347515,0.40345657,0.53580838,0.83236235,0.14171195,0
0.38457477,-0.2268616,-3.5017197,-0.26638842,0.32591453,-0.90709257,0
-2.3678846,0.44561893,3.539849,-0.80121565,0.44827735,0.39635944,0
1.4706545,1.6515012,-1.1476557,0.53580838,0.83236235,0.14171195,0
-0.76168239,2.4368935,2.6796427,0.53580838,0.83236235,0.14171195,0
-0.71480465,-0.27929765,-3.1977017,-0.26638842,0.32591453,-0.90709257,0
-1.7227039,1.9947807,-2.0846422,-0.26638842,0.32591453,-0.90709257,0
2.6256931,-1.9560322,-1.3104479,0.80121565,-0.44827735,-0.39635944,0
-2.7342288,1.1087732,2.0492883,-0.80121565,0.44827735,0.39635944,0
-0.6961596,-1.5183434,-2.5628037,-0.53580838,-0.83236235,-0.14171195,0
-1.8420733,2.6678281,2.0894542,-0.80121565,0.44827735,0.39635944,0
-2.8170888,0.17219996,2.9410448,-0.80121565,0.44827735,0.39635944,0
2.9635751,0.58444393,-0.52484918,0.53580838,0.83236235,0.14171195,0
-0.95302224,0.39010265,-2.8872309,-0.26638842,0.32591453,-0.90709257,0
0.36439773,-2.3398852,-1.7473116,-0.53580838,-0.83236235,-0.14171195,0
-1.2689123,-0.43516487,-3.0909779,-0.26638842,0.32591453,-0.90709257,0
-3.4779582,-0.26814854,2.1031673,-0.80121565,0.44827735,0.39635944,0
-2.5227089,1.686007,1.8240192,-0.80121565,0.44827735,0.39635944,0
2.9687257,-3.5215416,1.1535418,0.80121565,-0.44827735,-0.39635944,0
1.026436,2.2046502,-2.7170672,0.53580838,0.83236235,0.14171195,0
-3.2281532,2.6442971,-1.4091642,-0.26638842,0.32591453,-0.90709257,0
-2.4608784,-0.9676553,0.87500763,-0.53580838,-0.83236235,-0.14171195,0
