-4.3752675,-1.0681348,1.5787187,-0.9857505,0.061621785,-0.15652072,0
-3.6910119,3.4991729,-0.93251407,-0.9857505,0.061621785,-0.15652072,0
3.8703065,-3.2095327,-0.082629919,0.9857505,-0.061621785,0.15652072,0
3.5349064,-2.6757712,2.2398243,0.9857505,-0.061621785,0.15652072,0
3.5062246,-3.7594373,1.9938211,0.9857505,-0.061621785,0.15652072,0
-0.47720194,-1.9424689,2.6216338,-0.13297251,0.28443611,0.94942844,0
0.25970364,4.045568,-0.37767196,0.10302556,0.95671248,-0.27218908,0
-3.0681639,-3.3049455,1.91785,-0.10302556,-0.95671248,0.27218908,0
-4.0697451,-0.17002845,0.0081522465,-0.9857505,0.061621785,-0.15652072,0
2.3077266,-4.1380844,1.0242791,-0.10302556,-0.95671248,0.27218908,0
0.84539032,4.1129079,0.080707073,0.10302556,0.95671248,-0.27218908,0
1.8528209,3.5520132,-1.5094516,0.10302556,0.95671248,-0.27218908,0
-3.6866751,2.6110976,-1.309462,-0.9857505,0.061621785,-0.15652072,0
-3.9155705,1.3929688,-0.34747672,-0.9857505,0.061621785,-0.15652072,0
-1.867444,-3.5708759,1.437618,-0.10302556,-0.95671248,0.27218908,0
-4.1875677,0.083083868,0.84983611,-0.9857505,0.061621785,-0.15652072,0
0.3557961,3.3539932,-2.7721045,0.10302556,0.95671248,-0.27218908,0
0.48783016,-3.4335527,2.8117805,-0.10302556,-0.95671248,0.27218908,0
4.0934691,2.8851891,0.9113884,0.9857505,-0.061621785,0.15652072,0
2.9914699,3.9171672,0.20500851,0.10302556,0.95671248,-0.27218908,0
-2.8845584,2.6926761,-3.3172183,0.13297251,-0.28443611,-0.94942844,0
1.1157289,-3.2783079,3.2449319,-0.13297251,0.28443611,0.94942844,0
4.3924522,1.3937941,-1.5587349,0.9857505,-0.061621785,0.15652072,0
-3.9199877,1.7430253,-0.1818409,-0.9857505,0.061621785,-0.15652072,0
1.1814482,-2.3530383,-1.2361233,0.13297251,-0.28443611,-0.94942844,0
-2.0208757,-0.60346258,-2.2087755,0.13297251,-0.28443611,-0.94942844,0
-4.4040022,-1.8694024,1.4442277,-0.9857505,0.061621785,-0.15652072,0
-2.4196827,-3.8440895,0.26827669,-0.10302556,-0.95671248,0.27218908,0
-1.3769462,-3.8924246,0.49306798,-0.10302556,-0.95671248,0.27218908,0
0.46513534,-3.1259377,3.1081645,-0.13297251,0.28443611,0.94942844,0
-3.5405438,2.4981294,-2.2742565,-0.9857505,0.061621785,-0.15652072,0
-4.1814737,-3.3812506,-0.55244207,-0.9857505,0.061621785,-0.15652072,0
3.946872,3.7375712,-0.064622879,0.10302556,0.95671248,-0.27218908,0
-1.2288901,0.87524879,-2.5408561,0.13297251,-0.28443611,-0.94942844,0
-3.3379214,3.926635,-2.1574361,0.10302556,0.95671248,-0.27218908,0
0.78627938,1.3663366,-2.4057441,0.13297251,-0.28443611,-0.94942844,0
-0.9061451,4.303432,0.69036871,-0.13297251,0.28443611,0.94942844,0
3.3870878,-3.7994628,2.6230407,-0.10302556,-0.95671248,0.27218908,0
-3.58792,2.8637092,-1.8319566,-0.9857505,0.061621785,-0.15652072,0
0.12244654,-3.5700393,2.1937451,-0.10302556,-0.95671248,0.27218908,0
-3.5399275,2.4400244,-2.3010139,-0.9857505,0.061621785,-0.15652072,0
1.7709718,4.1034136,0.39767623,0.10302556,0.95671248,-0.27218908,0
3.3905644,-2.7947776,3.1020203,0.9857505,-0.061621785,0.15652072,0
-1.1823931,-3.8188982,0.82514501,-0.10302556,-0.95671248,0.27218908,0
-4.0089331,1.0679429,1.2251165,-0.13297251,0.28443611,0.94942844,0
-1.6778374,4.4718475,0.38727629,0.10302556,0.95671248,-0.27218908,0
-4.31634,-1.9254308,0.87008715,-0.9857505,0.061621785,-0.15652072,0
-0.092731297,-1.2936779,2.4811118,-0.13297251,0.28443611,0.94942844,0
1.4211276,-3.7378023,-0.78769785,0.13297251,-0.28443611,-0.94942844,0
4.224298,-0.22141767,-1.1356196,0.9857505,-0.061621785,0.15652072,0
-3.4990683,-0.054897785,1.6329138,-0.13297251,0.28443611,0.94942844,0
-1.3573213,3.9094048,-1.4683256,0.10302556,0.95671248,-0.27218908,0
-2.0694299,2.0722432,-3.0171819,0.13297251,-0.28443611,-0.94942844,0
1.1283802,-1.7006253,2.774051,-0.13297251,0.28443611,0.94942844,0
-2.0774248,3.781014,-2.1921682,0.10302556,0.95671248,-0.27218908,0
-4.1798358,-0.16810894,0.70224667,-0.9857505,0.061621785,-0.15652072,0
-3.5972147,4.5716991,0.011744142,0.10302556,0.95671248,-0.27218908,0
3.7725372,-3.4221668,0.44939423,0.9857505,-0.061621785,0.15652072,0
1.3965359,-2.1599362,-1.2638499,0.13297251,-0.28443611,-0.94942844,0
-3.7832575,-3.2081065,1.9875598,-0.10302556,-0.95671248,0.27218908,0
4.3408155,2.2042432,-0.91445875,0.9857505,-0.061621785,0.15652072,0
-2.316133,-4.1751823,-0.856282,-0.10302556,-0.95671248,0.27218908,0
-0.38421875,0.30938029,-2.2530284,0.13297251,-0.28443611,-0.94942844,0
3.4196048,-3.2194619,2.7519293,0.9857505,-0.061621785,0.15652072,0
2.8867769,-3.6436088,-0.61064494,0.13297251,-0.28443611,-0.94942844,0
-0.7877692,-2.0393078,2.6071486,-0.13297251,0.28443611,0.94942844,0
0.26010227,3.8179123,0.99916327,-0.13297251,0.28443611,0.94942844,0
-0.34198856,3.772038,-1.5668434,0.10302556,0.95671248,-0.27218908,0
-4.2880869,-0.49971509,1.2534506,-0.9857505,0.061621785,-0.15652072,0
-1.7952454,4.0626473,-1.0954541,0.10302556,0.95671248,-0.27218908,0
-0.37915921,2.623065,-2.9454689,0.13297251,-0.28443611,-0.94942844,0
3.5294909,-2.8624554,2.2004318,0.9857505,-0.061621785,0.15652072,0
1.3121123,-4.4055882,-0.29281297,-0.10302556,-0.95671248,0.27218908,0
1.0033498,3.178056,1.2949518,-0.13297251,0.28443611,0.94942844,0
-3.597415,3.4418631,-1.5445403,-0.9857505,0.061621785,-0.15652072,0
-3.7660413,2.8317051,-0.72276807,-0.9857505,0.061621785,-0.15652072,0
3.9043319,-0.11373925,0.92188454,0.9857505,-0.061621785,0.15652072,0
-4.3878651,-1.6844127,1.996614,-0.13297251,0.28443611,0.94942844,0
-4.1985841,-3.1539071,-0.3551774,-0.9857505,0.061621785,-0.15652072,0
-3.6268785,-3.8207512,-0.10662556,-0.10302556,-0.95671248,0.27218908,0
-4.1434269,0.38206816,0.68954825,-0.9857505,0.061621785,-0.15652072,0
-4.2326355,-3.1356659,2.0720859,-0.10302556,-0.95671248,0.27218908,0
3.8797398,-3.6873913,-0.33017325,0.9857505,-0.061621785,0.15652072,0
-3.6297317,-3.1566262,2.2266185,-0.10302556,-0.95671248,0.27218908,0
-2.0450413,-0.11806083,-2.3575799,0.13297251,-0.28443611,-0.94942844,0
-0.79564929,-2.174619,-1.5664785,0.13297251,-0.28443611,-0.94942844,0
3.400382,3.7025292,-0.39464283,0.10302556,0.95671248,-0.27218908,0
3.8956928,-1.9536281,0.25193334,0.9857505,-0.061621785,0.15652072,0
0.87464476,1.7397126,1.7078344,-0.13297251,0.28443611,0.94942844,0
-3.7018118,3.6759934,-0.79488516,-0.9857505,0.061621785,-0.15652072,0
1.9927145,-3.4793985,3.220248,-0.10302556,-0.95671248,0.27218908,0
3.7129915,3.7386262,-0.14944077,0.10302556,0.95671248,-0.27218908,0
-3.3975358,3.4548807,-2.7982345,-0.9857505,0.061621785,-0.15652072,0
4.2547064,0.33357954,-1.1086285,0.9857505,-0.061621785,0.15652072,0
-1.3741995,1.991993,1.3172916,-0.13297251,0.28443611,0.94942844,0
-3.7461672,-3.9312961,-0.54032803,-0.10302556,-0.95671248,0.27218908,0
-0.35356379,-3.9268632,0.7593801,-0.10302556,-0.95671248,0.27218908,0
-2.6635489,-4.028801,-0.47326612,-0.10302556,-0.95671248,0.27218908,0
0.89646268,2.9000676,-2.8497977,0.13297251,-0.28443611,-0.94942844,0
0.72038698,-4.3925529,-0.47096545,-0.10302556,-0.95671248,0.27218908,0
1.9248772,3.2552111,-2.5254025,0.10302556,0.95671248,-0.27218908,0
-4.1350222,-3.1381958,2.100142,-0.10302556,-0.95671248,0.27218908,0
-2.9262538,4.2723031,-0.78663284,0.10302556,0.95671248,-0.27218908,0
0.061947346,3.8999739,-0.96427119,0.10302556,0.95671248,-0.27218908,0
1.9486454,-4.2419534,0.52327669,-0.10302556,-0.95671248,0.27218908,0
1.0082569,1.4372655,-2.3959043,0.13297251,-0.28443611,-0.94942844,0
-2.1474414,2.5632997,-3.1752219,0.13297251,-0.28443611,-0.94942844,0
3.4450369,-4.4824791,0.24425304,-0.10302556,-0.95671248,0.27218908,0
-4.015274,1.9888213,0.94834518,-0.13297251,0.28443611,0.94942844,0
3.9119301,-0.37116718,-1.4474471,0.13297251,-0.28443611,-0.94942844,0
3.8631439,-3.3489571,-0.092413902,0.9857505,-0.061621785,0.15652072,0
4.5374193,2.3825037,-2.0824661,0.9857505,-0.061621785,0.15652072,0
-3.8636982,2.4332132,-0.26461911,-0.9857505,0.061621785,-0.15652072,0
-3.5973208,2.1502533,-2.0536375,-0.9857505,0.061621785,-0.15652072,0
-3.6111321,3.5885398,-1.4004078,-0.9857505,0.061621785,-0.15652072,0
0.96546292,-3.6492219,2.2345157,-0.10302556,-0.95671248,0.27218908,0
2.8141835,3.664736,-0.74936271,0.10302556,0.95671248,-0.27218908,0
1.6983876,4.0093379,0.039535284,0.10302556,0.95671248,-0.27218908,0
-3.9537535,3.0313897,0.53803849,-0.9857505,0.061621785,-0.15652072,0
-4.1104112,-1.12616,-0.11216259,-0.9857505,0.061621785,-0.15652072,0
-1.9299055,-1.4404442,2.2677751,-0.13297251,0.28443611,0.94942844,0
-0.33464789,3.8432145,-1.3138874,0.10302556,0.95671248,-0.27218908,0
0.70919156,-3.7162204,1.902025,-0.10302556,-0.95671248,0.27218908,0
3.2097006,3.9430764,0.3786788,0.10302556,0.95671248,-0.27218908,0
3.1260457,-4.1531911,1.280921,-0.10302556,-0.95671248,0.27218908,0
-2.799897,-1.0990067,2.0436373,-0.13297251,0.28443611,0.94942844,0
4.1022091,-0.070189714,-0.30717731,0.9857505,-0.061621785,0.15652072,0
3.6490364,1.8132842,2.0743616,-0.13297251,0.28443611,0.94942844,0
-3.8084593,3.4225721,-0.22300148,-0.9857505,0.061621785,-0.15652072,0
2.7279398,-4.5378976,-0.22196418,-0.10302556,-0.95671248,0.27218908,0
0.63470024,-1.463955,2.6340051,-0.13297251,0.28443611,0.94942844,0
-3.0608952,-3.5900042,0.9186542,-0.10302556,-0.95671248,0.27218908,0
0.64191413,2.5656199,-2.7852528,0.13297251,-0.28443611,-0.94942844,0
2.0520921,4.2697706,1.0888057,0.10302556,0.95671248,-0.27218908,0
-0.80445027,3.7514362,-1.8143008,0.10302556,0.95671248,-0.27218908,0
-2.8314381,3.7807932,-2.4783449,0.10302556,0.95671248,-0.27218908,0
-0.26305723,-3.8408208,1.0960642,-0.10302556,-0.95671248,0.27218908,0
1.9339573,-3.5173731,3.0645318,-0.10302556,-0.95671248,0.27218908,0
3.9983158,0.36138034,-1.6548097,0.13297251,-0.28443611,-0.94942844,0
2.9619727,-0.68280518,2.72593,-0.13297251,0.28443611,0.94942844,0
-3.759511,0.85606825,-1.541698,-0.9857505,0.061621785,-0.15652072,0
-3.4605126,-3.6015797,0.72670937,-0.10302556,-0.95671248,0.27218908,0
-4.4679723,-2.840075,1.4649534,-0.9857505,0.061621785,-0.15652072,0
-2.9083731,-3.2054737,2.3279643,-0.10302556,-0.95671248,0.27218908,0
2.9425063,4.1293535,0.93228436,0.10302556,0.95671248,-0.27218908,0
0.74756432,4.3257179,0.79168081,0.10302556,0.95671248,-0.27218908,0
3.9831846,2.6881127,1.5283608,0.9857505,-0.061621785,0.15652072,0
-3.292701,-3.1424639,2.4039636,-0.10302556,-0.95671248,0.27218908,0
-4.251627,-2.7076042,0.15458632,-0.9857505,0.061621785,-0.15652072,0
-3.3556271,-2.3753605,2.3481834,-0.13297251,0.28443611,0.94942844,0
0.095747948,-4.186944,0.015291452,-0.10302556,-0.95671248,0.27218908,0
-4.0606461,2.1139636,0.8500464,-0.9857505,0.061621785,-0.15652072,0
4.5766683,2.8427496,-2.1484575,0.9857505,-0.061621785,0.15652072,0
-3.3684602,4.3587093,-0.65030503,0.10302556,0.95671248,-0.27218908,0
-3.5678008,-3.2740805,1.8372192,-0.10302556,-0.95671248,0.27218908,0
-3.1863124,-3.609601,0.80230188,-0.10302556,-0.95671248,0.27218908,0
3.5921907,-2.4718385,1.9593401,0.9857505,-0.061621785,0.15652072,0
3.7188745,-1.5591714,1.5208127,0.9857505,-0.061621785,0.15652072,0
-1.5600798,4.0716686,-0.97473276,0.10302556,0.95671248,-0.27218908,0
4.1378183,3.6013663,0.91403961,0.9857505,-0.061621785,0.15652072,0
3.8022742,-1.7750692,-1.0422146,0.13297251,-0.28443611,-0.94942844,0
-1.8598456,-4.1656194,-0.64995956,-0.10302556,-0.95671248,0.27218908,0
-0.97404051,1.3191813,-2.6381593,0.13297251,-0.28443611,-0.94942844,0
3.6838539,-2.9606879,1.1895963,0.9857505,-0.061621785,0.15652072,0
3.9484329,-1.5862825,0.06440568,0.9857505,-0.061621785,0.15652072,0
3.9556639,1.7604816,1.3364761,0.9857505,-0.061621785,0.15652072,0
3.6787546,0.30717066,2.5082567,0.9857505,-0.061621785,0.15652072,0
-4.0838223,-2.2486935,-0.7215538,-0.9857505,0.061621785,-0.15652072,0
3.9217515,2.0758417,1.6742096,0.9857505,-0.061621785,0.15652072,0
-2.4128776,1.6484599,-2.9383235,0.13297251,-0.28443611,-0.94942844,0
2.434094,0.37062573,-1.8766571,0.13297251,-0.28443611,-0.94942844,0
1.8273304,2.9446189,-2.7327719,0.13297251,-0.28443611,-0.94942844,0
3.7916307,3.3779731,-1.3873286,0.10302556,0.95671248,-0.27218908,0
2.3963594,3.8586841,-0.22580743,0.10302556,0.95671248,-0.27218908,0
-0.60330105,4.397006,0.53093648,0.10302556,0.95671248,-0.27218908,0
2.0638905,3.3423383,-2.1665435,0.10302556,0.95671248,-0.27218908,0
-2.446429,-2.7108796,-1.6370225,0.13297251,-0.28443611,-0.94942844,0
4.4277697,2.3691094,-2.1961517,0.13297251,-0.28443611,-0.94942844,0
-1.9646976,-2.3048646,-1.6911901,0.13297251,-0.28443611,-0.94942844,0
0.31177783,3.6572933,-1.7227023,0.10302556,0.95671248,-0.27218908,0
2.1944053,-1.430328,2.842376,-0.13297251,0.28443611,0.94942844,0
2.6426048,-4.3288321,0.48057699,-0.10302556,-0.95671248,0.27218908,0
-3.5803652,3.1065738,-1.7839218,-0.9857505,0.061621785,-0.15652072,0
3.9603705,-2.7734716,-0.47816825,0.9857505,-0.061621785,0.15652072,0
3.164232,-3.232688,3.5181684,-0.13297251,0.28443611,0.94942844,0
2.3912408,-4.4388728,-0.0013452172,-0.10302556,-0.95671248,0.27218908,0
4.4117022,3.3231649,-0.92038012,0.9857505,-0.061621785,0.15652072,0
1.9054732,4.1327095,0.55155563,0.10302556,0.95671248,-0.27218908,0
-0.50640726,-4.3268833,-0.70449746,-0.10302556,-0.95671248,0.27218908,0
-3.0587432,-3.157619,-1.588943,0.13297251,-0.28443611,-0.94942844,0
3.8023145,-3.7153544,0.14643288,0.9857505,-0.061621785,0.15652072,0
1.1865352,-2.1525946,-1.2954611,0.13297251,-0.28443611,-0.94942844,0
2.5407474,2.0256488,-2.3575428,0.13297251,-0.28443611,-0.94942844,0
-0.28495407,-3.8409963,1.0871605,-0.10302556,-0.95671248,0.27218908,0
-4.0580702,-0.70835793,-0.27731419,-0.9857505,0.061621785,-0.15652072,0
4.1645608,2.5599575,0.33561754,0.9857505,-0.061621785,0.15652072,0
-0.47823483,0.54153109,-2.3357453,0.13297251,-0.28443611,-0.94942844,0
0.7848568,3.5168025,-2.0374451,0.10302556,0.95671248,-0.27218908,0
4.2318573,2.5098853,-0.10792208,0.9857505,-0.061621785,0.15652072,0
-1.6622906,-1.3958163,2.2918859,-0.13297251,0.28443611,0.94942844,0
-4.3782744,-2.2829571,1.1193819,-0.9857505,0.061621785,-0.15652072,0
4.1168337,3.2576318,-1.687223,0.10302556,0.95671248,-0.27218908,0
-3.0283642,-1.2278166,-2.1628315,0.13297251,-0.28443611,-0.94942844,0
4.4061804,3.4493873,-0.83590889,0.9857505,-0.061621785,0.15652072,0
-1.8275824,4.1493893,-0.80280602,0.10302556,0.95671248,-0.27218908,0
-1.2878144,-3.9386606,0.36429191,-0.10302556,-0.95671248,0.27218908,0
1.6433985,-4.2819052,0.26731288,-0.10302556,-0.95671248,0.27218908,0
-0.37264204,-3.9059079,0.82581282,-0.10302556,-0.95671248,0.27218908,0
1.7510762,2.7534513,-2.6861801,0.13297251,-0.28443611,-0.94942844,0
-0.046121836,3.292866,-3.099489,0.13297251,-0.28443611,-0.94942844,0
4.1845369,3.3589184,0.5243578,0.9857505,-0.061621785,0.15652072,0
-2.633554,3.4881725,-3.4319715,0.10302556,0.95671248,-0.27218908,0
1.9574988,3.6935668,-0.97228622,0.10302556,0.95671248,-0.27218908,0
-4.1179228,-2.5691466,-0.63295794,-0.9857505,0.061621785,-0.15652072,0
-3.5662725,-1.5622523,-2.1379762,0.13297251,-0.28443611,-0.94942844,0
2.0899913,3.2110438,-2.6181493,0.10302556,0.95671248,-0.27218908,0
-0.030540228,-1.6436474,-1.6183928,0.13297251,-0.28443611,-0.94942844,0
-3.0506053,3.8087111,-2.4631729,0.10302556,0.95671248,-0.27218908,0
-2.7076349,1.0603738,-2.8034234,0.13297251,-0.28443611,-0.94942844,0
-2.7696164,0.38547707,-2.6099141,0.13297251,-0.28443611,-0.94942844,0
-3.1722231,-1.8663697,2.2213831,-0.13297251,0.28443611,0.94942844,0
3.7303138,-0.07014516,2.0349953,0.9857505,-0.061621785,0.15652072,0
0.82471275,-3.5382607,2.5712574,-0.10302556,-0.95671248,0.27218908,0
0.76713872,3.3608391,-2.592345,0.10302556,0.95671248,-0.27218908,0
-2.2689152,4.287641,-0.48391485,0.10302556,0.95671248,-0.27218908,0
-3.3435109,-1.5071647,2.0897803,-0.13297251,0.28443611,0.94942844,0
1.7690258,-1.3539615,2.7599208,-0.13297251,0.28443611,0.94942844,0
0.29723176,0.10423803,-2.0961299,0.13297251,-0.28443611,-0.94942844,0
2.0617204,-4.083179,1.1241498,-0.10302556,-0.95671248,0.27218908,0
-1.934453,4.0688119,-1.126477,0.10302556,0.95671248,-0.27218908,0
-3.9010122,-3.7674968,-0.023202419,-0.10302556,-0.95671248,0.27218908,0
0.63389301,3.2131932,1.2326804,-0.13297251,0.28443611,0.94942844,0
-4.0072136,-1.8458611,-1.0454364,-0.9857505,0.061621785,-0.15652072,0
-3.4668226,3.7688887,-2.23825,-0.9857505,0.061621785,-0.15652072,0
3.7386622,-4.4688177,0.25067294,0.9857505,-0.061621785,0.15652072,0
4.4470816,3.3591013,-1.1290479,0.9857505,-0.061621785,0.15652072,0
-0.60202241,-1.9937997,-1.593531,0.13297251,-0.28443611,-0.94942844,0
2.3209741,-4.3937445,0.13067916,-0.10302556,-0.95671248,0.27218908,0
-0.05572319,2.7509663,-2.9384878,0.13297251,-0.28443611,-0.94942844,0
2.9461505,0.1243639,-1.731164,0.13297251,-0.28443611,-0.94942844,0
3.6729624,-2.5834858,1.4066929,0.9857505,-0.061621785,0.15652072,0
1.3078965,0.1541841,-1.9695439,0.13297251,-0.28443611,-0.94942844,0
4.1710014,2.7323668,0.36293316,0.9857505,-0.061621785,0.15652072,0
-0.54177713,3.8365357,-1.4157627,0.10302556,0.95671248,-0.27218908,0
-0.61931729,3.9172997,-1.1612353,0.10302556,0.95671248,-0.27218908,0
-1.334945,-0.024499893,1.9269042,-0.13297251,0.28443611,0.94942844,0
-3.437978,-2.9216046,-1.7127635,0.13297251,-0.28443611,-0.94942844,0
3.9508004,3.1997273,-1.9535966,0.10302556,0.95671248,-0.27218908,0
-3.5923362,0.49048525,-2.7384756,-0.9857505,0.061621785,-0.15652072,0
-1.2052832,-4.0300269,0.074388027,-0.10302556,-0.95671248,0.27218908,0
-3.9177117,2.3439233,0.040397167,-0.9857505,0.061621785,-0.15652072,0
-4.1929183,-2.6285377,-0.18402719,-0.9857505,0.061621785,-0.15652072,0
2.4124298,2.9175105,-2.642704,0.13297251,-0.28443611,-0.94942844,0
-4.432467,-2.8907208,1.221406,-0.9857505,0.061621785,-0.15652072,0
4.0677805,-0.57530046,-0.2892139,0.9857505,-0.061621785,0.15652072,0
-1.9749286,-2.8021975,2.6694322,-0.13297251,0.28443611,0.94942844,0
-3.2742121,-3.1764512,2.291502,-0.10302556,-0.95671248,0.27218908,0
-4.0322828,-0.0038108826,1.5429294,-0.13297251,0.28443611,0.94942844,0
0.086859703,3.3401926,-2.9224069,0.10302556,0.95671248,-0.27218908,0
-2.6293631,-2.1417367,-1.8331511,0.13297251,-0.28443611,-0.94942844,0
-0.24778986,4.0620422,-0.51185751,0.10302556,0.95671248,-0.27218908,0
-1.8319836,1.4903214,1.4034709,-0.13297251,0.28443611,0.94942844,0
4.1909294,3.1474762,0.40085363,0.9857505,-0.061621785,0.15652072,0
-2.4636331,-3.2917354,2.1931016,-0.10302556,-0.95671248,0.27218908,0
-3.8448534,-0.49059352,-1.5344005,-0.9857505,0.061621785,-0.15652072,0
2.1443944,0.46080041,-1.9442462,0.13297251,-0.28443611,-0.94942844,0
2.5821419,-0.86525512,-1.4856688,0.13297251,-0.28443611,-0.94942844,0
3.6811457,-2.0743585,1.5555972,0.9857505,-0.061621785,0.15652072,0
-1.2998967,-4.2257986,-0.64953852,-0.10302556,-0.95671248,0.27218908,0
-3.8981056,-3.1284893,2.2239347,-0.10302556,-0.95671248,0.27218908,0
-1.05391,-3.9000006,0.58871055,-0.10302556,-0.95671248,0.27218908,0
2.8068647,0.55444503,-1.8795185,0.13297251,-0.28443611,-0.94942844,0
2.6659877,-0.81526822,2.7241597,-0.13297251,0.28443611,0.94942844,0
-4.0927205,-3.8189678,-0.27667856,-0.10302556,-0.95671248,0.27218908,0
-3.5028501,3.8738947,-1.9700117,-0.9857505,0.061621785,-0.15652072,0
3.550916,4.1020136,1.0664749,0.10302556,0.95671248,-0.27218908,0
-0.65673953,0.885396,1.7492977,-0.13297251,0.28443611,0.94942844,0
-2.2329276,4.4148335,0.47117174,-0.13297251,0.28443611,0.94942844,0
-3.4159231,-0.042607546,1.6408765,-0.13297251,0.28443611,0.94942844,0
-4.2146168,-0.3101058,0.86538935,-0.9857505,0.061621785,-0.15652072,0
-4.0363274,-2.3161914,-1.047246,-0.9857505,0.061621785,-0.15652072,0
-3.5227714,-3.5153623,1.0061884,-0.10302556,-0.95671248,0.27218908,0
2.5608861,0.94440985,-2.030797,0.13297251,-0.28443611,-0.94942844,0
-0.65284801,-3.8077011,1.0649387,-0.10302556,-0.95671248,0.27218908,0
0.54131269,3.2971306,-2.9017508,0.10302556,0.95671248,-0.27218908,0
-3.6811495,2.3271604,-1.4560463,-0.9857505,0.061621785,-0.15652072,0
-3.5396104,4.416851,-0.51072323,0.10302556,0.95671248,-0.27218908,0
-4.5645909,-2.7099962,2.1246605,-0.9857505,0.061621785,-0.15652072,0
4.3302784,2.4894762,-0.73580122,0.9857505,-0.061621785,0.15652072,0
-2.2075219,-3.8775065,0.23112416,-0.10302556,-0.95671248,0.27218908,0
-3.0404592,1.4811542,-2.9760971,0.13297251,-0.28443611,-0.94942844,0
4.092865,1.450464,0.35034466,0.9857505,-0.061621785,0.15652072,0
1.2346208,-3.5051677,2.8427281,-0.10302556,-0.95671248,0.27218908,0
-4.3608737,-1.9994438,1.1214108,-0.9857505,0.061621785,-0.15652072,0
-2.1321595,-0.96607584,-2.1157274,0.13297251,-0.28443611,-0.94942844,0
0.0083882809,3.4276664,-2.6446476,0.10302556,0.95671248,-0.27218908,0
1.4616905,2.2509503,-2.5761676,0.13297251,-0.28443611,-0.94942844,0
0.54220963,-2.9816079,-1.1373409,0.13297251,-0.28443611,-0.94942844,0
2.0076892,3.5089521,-1.6021881,0.10302556,0.95671248,-0.27218908,0
-1.1847515,-1.9858377,-1.6775308,0.13297251,-0.28443611,-0.94942844,0
-4.1965199,-2.6987636,-0.1889925,-0.9857505,0.061621785,-0.15652072,0
2.7807338,-4.3844523,0.33736247,-0.10302556,-0.95671248,0.27218908,0
-3.999768,-3.3103938,-1.6689086,-0.9857505,0.061621785,-0.15652072,0
2.3259652,-4.2472229,0.64757466,-0.10302556,-0.95671248,0.27218908,0
-0.60268259,4.408989,0.57329035,0.10302556,0.95671248,-0.27218908,0
-1.9197559,-4.0856447,-0.39153409,-0.10302556,-0.95671248,0.27218908,0
-0.46234846,4.2496877,0.066483498,0.10302556,0.95671248,-0.27218908,0
-4.1182327,0.30571222,0.50081897,-0.9857505,0.061621785,-0.15652072,0
3.8061912,-4.0692563,-0.017311335,0.9857505,-0.061621785,0.15652072,0
0.7564764,-4.4324055,-0.59738523,-0.10302556,-0.95671248,0.27218908,0
0.18996048,4.073123,-0.30721736,0.10302556,0.95671248,-0.27218908,0
-4.1699095,-0.7069695,0.42758417,-0.9857505,0.061621785,-0.15652072,0
-2.7900052,-3.6403744,0.84414077,-0.10302556,-0.95671248,0.27218908,0
3.4977157,4.08253,1.3733325,-0.13297251,0.28443611,0.94942844,0
3.627275,-3.0304134,-0.69063938,0.13297251,-0.28443611,-0.94942844,0
-4.0220203,-2.1670833,-1.078649,-0.9857505,0.061621785,-0.15652072,0
4.0244594,1.6679509,-2.0425789,0.13297251,-0.28443611,-0.94942844,0
-0.75810194,-3.4700344,2.2119572,-0.10302556,-0.95671248,0.27218908,0
-4.2208481,-1.8087457,0.31462288,-0.9857505,0.061621785,-0.15652072,0
-1.4707813,-3.269412,2.647367,-0.10302556,-0.95671248,0.27218908,0
1.9618394,3.5471077,-1.4854307,0.10302556,0.95671248,-0.27218908,0
-0.66580057,3.4820709,-2.7086079,0.10302556,0.95671248,-0.27218908,0
3.0553188,3.1493704,-2.4695387,0.10302556,0.95671248,-0.27218908,0
3.1370449,2.696202,-2.4749169,0.13297251,-0.28443611,-0.94942844,0
0.70396233,-4.4202838,-0.57465523,-0.10302556,-0.95671248,0.27218908,0
-3.8385475,1.9225948,-0.6240468,-0.9857505,0.061621785,-0.15652072,0
-4.2471614,-2.9609036,0.026742935,-0.9857505,0.061621785,-0.15652072,0
2.688956,3.2065902,-2.4070892,0.10302556,0.95671248,-0.27218908,0
-0.2606945,-3.4809003,2.3620377,-0.10302556,-0.95671248,0.27218908,0
4.1229444,0.84034991,-0.079290867,0.9857505,-0.061621785,0.15652072,0
-3.7605777,3.3887277,-0.53788054,-0.9857505,0.061621785,-0.15652072,0
-3.3490524,-3.5240352,1.0414572,-0.10302556,-0.95671248,0.27218908,0
-3.286094,-3.963717,-1.3792887,0.13297251,-0.28443611,-0.94942844,0
-4.3323302,-1.251642,1.2360582,-0.9857505,0.061621785,-0.15652072,0
-3.1780214,1.1202996,1.3258047,-0.13297251,0.28443611,0.94942844,0
-1.2170997,-3.3494952,2.4619045,-0.10302556,-0.95671248,0.27218908,0
-1.0876476,-0.87796628,-1.9958344,0.13297251,-0.28443611,-0.94942844,0
3.46278,-3.2863703,2.4536757,0.9857505,-0.061621785,0.15652072,0
-0.40924454,-2.7557998,-1.3382463,0.13297251,-0.28443611,-0.94942844,0
2.451993,4.1849475,0.94202852,0.10302556,0.95671248,-0.27218908,0
3.9755993,-2.4547901,-0.44861484,0.9857505,-0.061621785,0.15652072,0
-1.4548535,3.8853104,0.73878294,-0.13297251,0.28443611,0.94942844,0
-4.2849793,-1.5598466,0.81650639,-0.9857505,0.061621785,-0.15652072,0
-3.8390975,2.613184,0.78596902,-0.13297251,0.28443611,0.94942844,0
-0.53090715,0.0060272217,2.0303683,-0.13297251,0.28443611,0.94942844,0
3.9926882,-0.31760836,0.28516316,0.9857505,-0.061621785,0.15652072,0
-4.3833594,-1.6472955,1.4016666,-0.9857505,0.061621785,-0.15652072,0
-4.310688,-0.55862856,1.3725936,-0.9857505,0.061621785,-0.15652072,0
-3.5837824,1.3949794,-2.4362509,-0.9857505,0.061621785,-0.15652072,0
3.7075064,3.6597686,-0.42869186,0.10302556,0.95671248,-0.27218908,0
4.2445731,1.6584433,-0.52321339,0.9857505,-0.061621785,0.15652072,0
2.068876,3.993511,0.12413836,0.10302556,0.95671248,-0.27218908,0
-0.22776222,1.2112386,1.71176,-0.13297251,0.28443611,0.94942844,0
1.6375889,-0.90582514,2.6072567,-0.13297251,0.28443611,0.94942844,0
-1.1089306,4.3779078,0.27242482,0.10302556,0.95671248,-0.27218908,0
-3.869107,-1.0802093,-1.6137788,-0.9857505,0.061621785,-0.15652072,0
0.67700911,-3.9888556,0.93156201,-0.10302556,-0.95671248,0.27218908,0
-4.3615627,-2.4334054,0.95490408,-0.9857505,0.061621785,-0.15652072,0
0.55441487,0.97447526,1.8922393,-0.13297251,0.28443611,0.94942844,0
-3.6711545,1.1950541,1.2343431,-0.13297251,0.28443611,0.94942844,0
-3.8397326,2.4707229,-0.40078568,-0.9857505,0.061621785,-0.15652072,0
-0.26312995,-2.8795781,2.9323611,-0.13297251,0.28443611,0.94942844,0
3.8103991,-4.2942419,-0.13238895,0.9857505,-0.061621785,0.15652072,0
4.2256021,1.5306642,-0.45404243,0.9857505,-0.061621785,0.15652072,0
2.0061407,-1.1122069,-1.4923573,0.13297251,-0.28443611,-0.94942844,0
-1.6748765,-3.5711596,1.5095086,-0.10302556,-0.95671248,0.27218908,0
3.9603696,3.3717983,-1.3451633,0.10302556,0.95671248,-0.27218908,0
2.4509244,2.5480053,1.6864471,-0.13297251,0.28443611,0.94942844,0
-2.1752603,-4.0498099,-0.36229086,-0.10302556,-0.95671248,0.27218908,0
4.2632003,1.4967515,-0.70418358,0.9857505,-0.061621785,0.15652072,0
3.1343377,-4.1621842,1.2524493,-0.10302556,-0.95671248,0.27218908,0
4.0591192,-1.5400319,-0.61447501,0.9857505,-0.061621785,0.15652072,0
2.2680266,-3.8239527,2.1133881,-0.10302556,-0.95671248,0.27218908,0
-3.5042787,0.18202329,1.5612056,-0.13297251,0.28443611,0.94942844,0
0.83600521,-3.978919,1.0266688,-0.10302556,-0.95671248,0.27218908,0
-4.0039577,-3.3198597,-1.6462531,-0.9857505,0.061621785,-0.15652072,0
1.7212725,3.9171274,1.1740847,-0.13297251,0.28443611,0.94942844,0
-3.9953871,-2.828721,-1.5068655,-0.9857505,0.061621785,-0.15652072,0
-4.1754956,-3.2959187,-0.55649757,-0.9857505,0.061621785,-0.15652072,0
3.3421421,-0.56089211,2.742651,-0.13297251,0.28443611,0.94942844,0
0.9476645,0.4033165,-2.0946331,0.13297251,-0.28443611,-0.94942844,0
-2.6871843,1.4057169,1.3090417,-0.13297251,0.28443611,0.94942844,0
0.37693024,4.3743181,0.84883368,-0.13297251,0.28443611,0.94942844,0
-3.4916303,-3.6942348,0.38925791,-0.10302556,-0.95671248,0.27218908,0
0.89383852,-1.4064173,2.6530614,-0.13297251,0.28443611,0.94942844,0
0.64507091,-1.8734233,-1.454932,0.13297251,-0.28443611,-0.94942844,0
0.81162739,-3.9638488,-0.80534112,0.13297251,-0.28443611,-0.94942844,0
-0.14705849,4.2574005,0.21293294,0.10302556,0.95671248,-0.27218908,0
-1.5200317,-3.3852098,2.2217102,-0.10302556,-0.95671248,0.27218908,0
4.3199854,3.6488914,-0.23509502,0.10302556,0.95671248,-0.27218908,0
-1.4967248,-3.6700995,1.229178,-0.10302556,-0.95671248,0.27218908,0
1.7033787,-3.7843256,2.0389497,-0.10302556,-0.95671248,0.27218908,0
2.2257159,3.0763211,1.496629,-0.13297251,0.28443611,0.94942844,0
3.5932817,-2.4856536,1.9470289,0.9857505,-0.061621785,0.15652072,0
-2.8508558,3.9452925,-1.9074984,0.10302556,0.95671248,-0.27218908,0
1.7990258,-4.5078235,-0.46785772,-0.10302556,-0.95671248,0.27218908,0
4.1237407,0.31723404,-0.29025793,0.9857505,-0.061621785,0.15652072,0
2.2893999,0.31936091,2.3314967,-0.13297251,0.28443611,0.94942844,0
-3.724772,-0.69317675,-2.3704143,-0.9857505,0.061621785,-0.15652072,0
-0.15019333,0.87158751,-2.3886819,0.13297251,-0.28443611,-0.94942844,0
4.4967203,2.7836134,-1.6682343,0.9857505,-0.061621785,0.15652072,0
-2.9363146,-3.5156784,1.2270541,-0.10302556,-0.95671248,0.27218908,0
-4.317523,-2.2811918,0.73746967,-0.9857505,0.061621785,-0.15652072,0
3.4533615,-2.7324791,2.7310572,0.9857505,-0.061621785,0.15652072,0
2.0269465,4.2750764,1.0979381,0.10302556,0.95671248,-0.27218908,0
1.2956431,-1.8651278,2.8467596,-0.13297251,0.28443611,0.94942844,0
-2.691247,4.3863163,-0.29693884,0.10302556,0.95671248,-0.27218908,0
1.6621251,2.0423746,-2.4856091,0.13297251,-0.28443611,-0.94942844,0
-1.9828594,3.8841152,-1.7939862,0.10302556,0.95671248,-0.27218908,0
4.0292959,0.51178849,0.3811419,0.9857505,-0.061621785,0.15652072,0
-3.6769695,2.3551557,-1.4713486,-0.9857505,0.061621785,-0.15652072,0
4.249743,0.045611143,-1.1907413,0.9857505,-0.061621785,0.15652072,0
4.2026525,0.49860215,-0.71582818,0.9857505,-0.061621785,0.15652072,0
4.3485765,2.6119494,-0.8028245,0.9857505,-0.061621785,0.15652072,0
1.7289957,1.7990725,-2.4033537,0.13297251,-0.28443611,-0.94942844,0
0.047377557,0.69060707,-2.3067915,0.13297251,-0.28443611,-0.94942844,0
0.43299365,-3.59589,2.220428,-0.10302556,-0.95671248,0.27218908,0
3.8158865,-3.0936544,0.30572152,0.9857505,-0.061621785,0.15652072,0
-1.1754773,2.593276,1.1649874,-0.13297251,0.28443611,0.94942844,0
1.6469891,-0.67698908,2.5400171,-0.13297251,0.28443611,0.94942844,0
4.0198975,-0.6166048,-1.3587959,0.13297251,-0.28443611,-0.94942844,0
4.1614904,2.5554562,0.35318232,0.9857505,-0.061621785,0.15652072,0
2.5130031,2.9954956,-2.6519814,0.13297251,-0.28443611,-0.94942844,0
-3.5394728,1.9335603,-2.5032701,-0.9857505,0.061621785,-0.15652072,0
3.6051416,-0.46591038,2.6675041,0.9857505,-0.061621785,0.15652072,0
-1.557092,-0.96255517,2.1768203,-0.13297251,0.28443611,0.94942844,0
1.2357662,3.7222157,-1.1447706,0.10302556,0.95671248,-0.27218908,0
-0.1123662,3.8421865,-1.2333654,0.10302556,0.95671248,-0.27218908,0
1.4404411,3.3599663,1.3016706,-0.13297251,0.28443611,0.94942844,0
3.5005956,-3.280623,2.2177806,0.9857505,-0.061621785,0.15652072,0
2.6255336,3.9882765,0.31643915,0.10302556,0.95671248,-0.27218908,0
3.6316488,3.4538174,1.5804443,-0.13297251,0.28443611,0.94942844,0
3.6669078,-3.7096303,-0.48160446,0.13297251,-0.28443611,-0.94942844,0
-2.5812097,1.1740632,1.3932843,-0.13297251,0.28443611,0.94942844,0
2.5099082,-1.8637197,-1.1966587,0.13297251,-0.28443611,-0.94942844,0
0.33080316,-0.66238379,-1.8617584,0.13297251,-0.28443611,-0.94942844,0
3.436702,-2.2593491,3.022248,0.9857505,-0.061621785,0.15652072,0
-4.1268587,-1.9066041,-0.31583738,-0.9857505,0.061621785,-0.15652072,0
1.832926,-0.5614984,-1.6816019,0.13297251,-0.28443611,-0.94942844,0
-3.9288263,-0.35097921,-0.95057774,-0.9857505,0.061621785,-0.15652072,0
2.2790825,-3.8757696,1.9354424,-0.10302556,-0.95671248,0.27218908,0
-3.458077,2.0604529,-2.9659343,-0.9857505,0.061621785,-0.15652072,0
-3.6686287,0.83433938,-2.1226213,-0.9857505,0.061621785,-0.15652072,0
-1.5714359,4.1850305,-0.5805788,0.10302556,0.95671248,-0.27218908,0
4.5418444,2.807004,-1.943212,0.9857505,-0.061621785,0.15652072,0
-4.2398534,-2.0496557,0.33947182,-0.9857505,0.061621785,-0.15652072,0
-2.045428,-3.8221562,-1.247937,0.13297251,-0.28443611,-0.94942844,0
-3.6341882,-1.6493865,-2.1213837,0.13297251,-0.28443611,-0.94942844,0
-0.15708399,-4.2130232,-0.1720711,-0.10302556,-0.95671248,0.27218908,0
-4.3164778,-0.60831118,1.3894942,-0.9857505,0.061621785,-0.15652072,0
-4.2428737,-2.3068354,0.25724316,-0.9857505,0.061621785,-0.15652072,0
1.8277097,3.4049046,-2.0360267,0.10302556,0.95671248,-0.27218908,0
3.5170345,-1.3726203,2.8654234,0.9857505,-0.061621785,0.15652072,0
-1.7587907,-3.8550782,0.47980618,-0.10302556,-0.95671248,0.27218908,0
-1.5080678,-0.79719758,2.1341472,-0.13297251,0.28443611,0.94942844,0
-2.1250114,3.904635,-1.7756681,0.10302556,0.95671248,-0.27218908,0
-3.1616628,-3.9638097,-1.3618336,0.13297251,-0.28443611,-0.94942844,0
1.8028402,-3.878283,1.7463479,-0.10302556,-0.95671248,0.27218908,0
1.2666109,-0.22576857,-1.8614976,0.13297251,-0.28443611,-0.94942844,0
-1.5954528,3.1887267,0.92777842,-0.13297251,0.28443611,0.94942844,0
3.7378504,0.058843985,2.038312,0.9857505,-0.061621785,0.15652072,0
3.0195794,-1.2247503,2.8963575,-0.13297251,0.28443611,0.94942844,0
0.67188799,-2.1140277,2.8339667,-0.13297251,0.28443611,0.94942844,0
-4.3178883,-1.7538025,0.94740582,-0.9857505,0.061621785,-0.15652072,0
3.6306162,4.0442643,1.4034095,-0.13297251,0.28443611,0.94942844,0
-3.6453505,2.9082112,-1.4527469,-0.9857505,0.061621785,-0.15652072,0
-0.41869307,-4.0543375,0.28666854,-0.10302556,-0.95671248,0.27218908,0
2.9262004,0.24650681,2.4425106,-0.13297251,0.28443611,0.94942844,0
-1.2943349,1.7971148,1.3868603,-0.13297251,0.28443611,0.94942844,0
3.7981019,-1.7414302,0.95009232,0.9857505,-0.061621785,0.15652072,0
-3.8622398,3.7994099,0.26406074,-0.9857505,0.061621785,-0.15652072,0
1.2704282,-3.2177658,3.2484608,-0.13297251,0.28443611,0.94942844,0
3.9779625,-0.44121385,0.32924199,0.9857505,-0.061621785,0.15652072,0
-0.31095219,2.6964808,-2.957911,0.13297251,-0.28443611,-0.94942844,0
-1.4400458,-2.9901319,2.8006482,-0.13297251,0.28443611,0.94942844,0
-0.16369629,-3.5375578,2.1996078,-0.10302556,-0.95671248,0.27218908,0
-1.7782668,-1.5965338,-1.877286,0.13297251,-0.28443611,-0.94942844,0
2.6693606,1.6679091,-2.2323556,0.13297251,-0.28443611,-0.94942844,0
3.7278755,0.056971267,2.1003954,0.9857505,-0.061621785,0.15652072,0
2.0373175,-3.9407215,1.6156347,-0.10302556,-0.95671248,0.27218908,0
2.8528225,-1.2387121,2.8771851,-0.13297251,0.28443611,0.94942844,0
4.4914165,2.4377067,-1.7710137,0.9857505,-0.061621785,0.15652072,0
-0.90857649,1.3052922,1.5882312,-0.13297251,0.28443611,0.94942844,0
0.28287041,0.3283484,-2.1652818,0.13297251,-0.28443611,-0.94942844,0
-0.66402888,-0.2807622,2.0976424,-0.13297251,0.28443611,0.94942844,0
1.4912679,-2.8587246,-1.0412344,0.13297251,-0.28443611,-0.94942844,0
-4.0122938,0.60355687,-0.049110413,-0.9857505,0.061621785,-0.15652072,0
-0.19098602,-0.61971498,2.2654402,-0.13297251,0.28443611,0.94942844,0
-4.3809519,-1.0383906,1.6262279,-0.9857505,0.061621785,-0.15652072,0
4.2168779,2.2562292,-0.11344528,0.9857505,-0.061621785,0.15652072,0
-1.6712451,2.382509,-3.0543652,0.13297251,-0.28443611,-0.94942844,0
-2.1349883,-3.312809,2.2434256,-0.10302556,-0.95671248,0.27218908,0
1.1270293,-2.4185321,2.9889371,-0.13297251,0.28443611,0.94942844,0
-3.1829228,3.0151432,0.7574482,-0.13297251,0.28443611,0.94942844,0
1.5995014,-3.880717,-0.71990037,0.13297251,-0.28443611,-0.94942844,0
4.3286362,3.3337502,-0.39307404,0.9857505,-0.061621785,0.15652072,0
4.2852745,3.3687804,-1.2327905,0.10302556,0.95671248,-0.27218908,0
1.5112772,3.630806,-1.3617826,0.10302556,0.95671248,-0.27218908,0
-1.1518492,2.1079292,1.3137002,-0.13297251,0.28443611,0.94942844,0
0.35837555,3.4506118,1.1229653,-0.13297251,0.28443611,0.94942844,0
-4.0553255,-1.8432076,-0.74138689,-0.9857505,0.061621785,-0.15652072,0
2.7010646,3.9142969,0.084999084,0.10302556,0.95671248,-0.27218908,0
-4.0376277,-1.7306039,-0.8085146,-0.9857505,0.061621785,-0.15652072,0
3.5063374,3.5442984,-0.91069984,0.10302556,0.95671248,-0.27218908,0
1.8005188,-2.7956848,3.1962528,-0.13297251,0.28443611,0.94942844,0
2.3716486,-4.2443876,0.67483163,-0.10302556,-0.95671248,0.27218908,0
0.24131274,2.7989161,1.3018095,-0.13297251,0.28443611,0.94942844,0
-2.6452994,4.3559599,0.43105435,-0.13297251,0.28443611,0.94942844,0
-0.5067066,1.5492781,1.5714204,-0.13297251,0.28443611,0.94942844,0
0.12629271,-1.4884884,2.5701499,-0.13297251,0.28443611,0.94942844,0
-4.1677718,-0.77571583,0.38705492,-0.9857505,0.061621785,-0.15652072,0
0.64712477,-4.1927729,0.20350528,-0.10302556,-0.95671248,0.27218908,0
-3.7681658,2.7969928,-0.7230556,-0.9857505,0.061621785,-0.15652072,0
4.3162069,0.61726618,-1.3842654,0.9857505,-0.061621785,0.15652072,0
2.362922,-4.0632362,1.3082538,-0.10302556,-0.95671248,0.27218908,0
0.95429254,3.7892919,-1.0155448,0.10302556,0.95671248,-0.27218908,0
3.7185321,-4.0020819,0.56120217,0.9857505,-0.061621785,0.15652072,0
2.7331228,3.8206325,-0.2320857,0.10302556,0.95671248,-0.27218908,0
-2.7516243,1.2611396,1.34333,-0.13297251,0.28443611,0.94942844,0
-3.9999571,-2.9644299,-1.5315151,-0.9857505,0.061621785,-0.15652072,0
0.55265045,-4.2373548,0.011047363,-0.10302556,-0.95671248,0.27218908,0
-0.70185691,-0.14191437,-2.1623135,0.13297251,-0.28443611,-0.94942844,0
0.42962766,-3.6007147,-0.96763259,0.13297251,-0.28443611,-0.94942844,0
4.5496197,3.0455718,-1.8982573,0.9857505,-0.061621785,0.15652072,0
-0.29901266,4.4014721,0.66181111,0.10302556,0.95671248,-0.27218908,0
3.9052615,-3.3043551,-0.34010386,0.9857505,-0.061621785,0.15652072,0
3.3960981,-0.64695764,-1.4370687,0.13297251,-0.28443611,-0.94942844,0
-2.2229013,-0.61731696,1.980141,-0.13297251,0.28443611,0.94942844,0
-3.4277289,3.8165174,-2.4657071,-0.9857505,0.061621785,-0.15652072,0
3.7291329,-2.5596571,1.0623198,0.9857505,-0.061621785,0.15652072,0
-1.0054061,3.2200167,1.0010438,-0.13297251,0.28443611,0.94942844,0
3.1504323,3.2642698,-2.0296805,0.10302556,0.95671248,-0.27218908,0
2.2431905,1.9055135,-2.3632262,0.13297251,-0.28443611,-0.94942844,0
1.2700999,-1.9831915,2.8785529,-0.13297251,0.28443611,0.94942844,0
2.3168187,3.8151059,-0.40908623,0.10302556,0.95671248,-0.27218908,0
0.40786552,-4.2480683,-0.081413507,-0.10302556,-0.95671248,0.27218908,0
3.4356098,-2.3215687,3.0046299,0.9857505,-0.061621785,0.15652072,0
1.5077665,-4.0697651,0.9616226,-0.10302556,-0.95671248,0.27218908,0
1.8807242,2.8253932,1.5234859,-0.13297251,0.28443611,0.94942844,0
-4.2922602,-3.2034657,0.21527147,-0.9857505,0.061621785,-0.15652072,0
1.6932482,-1.7600613,-1.342091,0.13297251,-0.28443611,-0.94942844,0
-4.2799501,-3.1881959,0.14375401,-0.9857505,0.061621785,-0.15652072,0
2.1523964,3.5945165,-1.2466667,0.10302556,0.95671248,-0.27218908,0
-4.2097073,-2.42396,0.0022506714,-0.9857505,0.061621785,-0.15652072,0
2.7816772,-3.1793296,3.4486043,-0.13297251,0.28443611,0.94942844,0
2.3749042,-0.86621785,-1.514405,0.13297251,-0.28443611,-0.94942844,0
1.4863431,3.001296,-2.7975085,0.13297251,-0.28443611,-0.94942844,0
-2.6859016,-3.6044781,1.0097165,-0.10302556,-0.95671248,0.27218908,0
-3.661149,3.43327,-1.1465362,-0.9857505,0.061621785,-0.15652072,0
-1.5964715,-3.7171063,1.0262003,-0.10302556,-0.95671248,0.27218908,0
4.2581024,3.7061319,-0.05732584,0.10302556,0.95671248,-0.27218908,0
3.0209694,-1.0733579,2.8511972,-0.13297251,0.28443611,0.94942844,0
-4.1684861,-2.1399813,-0.14555454,-0.9857505,0.061621785,-0.15652072,0
-1.2291462,-0.43670821,2.0652137,-0.13297251,0.28443611,0.94942844,0
-1.7226627,-3.4136724,2.0449691,-0.10302556,-0.95671248,0.27218908,0
3.3787434,3.6304181,-0.65629578,0.10302556,0.95671248,-0.27218908,0
3.5197372,-0.010837793,-1.6103256,0.13297251,-0.28443611,-0.94942844,0
-3.9170268,1.5229959,-0.28711224,-0.9857505,0.061621785,-0.15652072,0
4.2736416,3.266335,-0.073265076,0.9857505,-0.061621785,0.15652072,0
-3.7205706,-0.087561928,-2.1584454,-0.9857505,0.061621785,-0.15652072,0
-1.3783154,-0.096648216,-2.2706165,0.13297251,-0.28443611,-0.94942844,0
3.1128631,-3.6220832,3.1427126,-0.10302556,-0.95671248,0.27218908,0
1.6858017,-3.7685235,2.0878398,-0.10302556,-0.95671248,0.27218908,0
-0.72702527,2.4858937,1.2599658,-0.13297251,0.28443611,0.94942844,0
-4.0571218,-1.5182261,-0.60213089,-0.9857505,0.061621785,-0.15652072,0
-2.8913212,3.7656052,0.5734598,-0.13297251,0.28443611,0.94942844,0
-3.7383401,1.9821532,-1.2316945,-0.9857505,0.061621785,-0.15652072,0
3.1568453,3.9204359,1.3741531,-0.13297251,0.28443611,0.94942844,0
-3.316227,3.4080148,-3.3287613,-0.9857505,0.061621785,-0.15652072,0
-0.27359581,0.13664114,-2.1857848,0.13297251,-0.28443611,-0.94942844,0
-3.4600506,2.455286,-2.7980618,-0.9857505,0.061621785,-0.15652072,0
4.4826555,3.1375914,-1.970685,0.10302556,0.95671248,-0.27218908,0
-4.095715,-0.066089869,0.21262693,-0.9857505,0.061621785,-0.15652072,0
0.60257339,-2.826365,-1.1753955,0.13297251,-0.28443611,-0.94942844,0
-1.3233278,4.0403352,-0.9952544,0.10302556,0.95671248,-0.27218908,0
-0.50072765,4.0234566,-0.74321949,0.10302556,0.95671248,-0.27218908,0
1.7756745,1.5103745,-2.3103259,0.13297251,-0.28443611,-0.94942844,0
0.92231584,-3.0838826,3.159596,-0.13297251,0.28443611,0.94942844,0
-3.4467378,3.5112154,-2.4661884,-0.9857505,0.061621785,-0.15652072,0
-4.1739168,0.32681227,0.85982013,-0.9857505,0.061621785,-0.15652072,0
-1.83571,-4.2261939,-0.85373712,-0.10302556,-0.95671248,0.27218908,0
-2.841994,-3.8150392,0.21053743,-0.10302556,-0.95671248,0.27218908,0
2.4245522,0.95679426,-2.0536017,0.13297251,-0.28443611,-0.94942844,0
