0.285326,3.6913095,0.35395789,0.2684297,0.89271808,0.36193916,0
-0.2044566,0.34442139,-2.0396395,0.10234642,0.34717214,-0.9321999,0
-2.8044457,-3.0708809,-0.015949082,-0.2684297,-0.89271808,-0.36193916,0
3.3222203,-1.0953782,-1.7252517,0.95784688,-0.28727323,-0.0018247366,0
3.8145721,0.53885341,-0.55994701,0.95784688,-0.28727323,-0.0018247366,0
3.7512422,1.5385795,-1.1606113,0.10234642,0.34717214,-0.9321999,0
-0.74050975,-0.45290375,1.8954902,-0.10234642,-0.34717214,0.9321999,0
4.1522617,1.6672904,-0.95196116,0.95784688,-0.28727323,-0.0018247366,0
-3.4423726,-2.3132796,-1.4114492,-0.2684297,-0.89271808,-0.36193916,0
-0.90738046,-1.664722,1.4258612,-0.10234642,-0.34717214,0.9321999,0
0.67521238,-2.5685887,-3.0279307,0.10234642,0.34717214,-0.9321999,0
-2.6194167,0.28853083,1.9653313,-0.10234642,-0.34717214,0.9321999,0
4.0060778,1.1556582,2.8603024,0.95784688,-0.28727323,-0.0018247366,0
-0.038698196,3.2154241,1.7680333,0.2684297,0.89271808,0.36193916,0
-3.9435568,-2.1336508,-1.482801,-0.2684297,-0.89271808,-0.36193916,0
3.3335617,-1.0772505,1.3738875,0.95784688,-0.28727323,-0.0018247366,0
-0.079911709,3.631536,-0.80177045,0.10234642,0.34717214,-0.9321999,0
3.289906,-1.2043393,-1.5338953,0.95784688,-0.28727323,-0.0018247366,0
1.291909,1.3250549,-1.5101434,0.10234642,0.34717214,-0.9321999,0
3.3110995,0.072979927,2.5361683,-0.10234642,-0.34717214,0.9321999,0
4.2958698,2.3507423,0.68605661,0.2684297,0.89271808,0.36193916,0
0.046717286,-0.53950548,-2.3412571,0.10234642,0.34717214,-0.9321999,0
-2.899385,2.5128617,0.52329874,-0.95784688,0.28727323,0.0018247366,0
-2.9884322,-0.52002549,1.6236926,-0.10234642,-0.34717214,0.9321999,0
-0.45544934,-2.7825844,-2.469146,-0.2684297,-0.89271808,-0.36193916,0
-3.3986511,-1.9331212,1.0523862,-0.10234642,-0.34717214,0.9321999,0
-4.0377512,-2.0801129,0.92747605,-0.10234642,-0.34717214,0.9321999,0
3.3732142,-0.93443274,-0.29572773,0.95784688,-0.28727323,-0.0018247366,0
-1.9719203,3.9981837,-0.87294722,0.10234642,0.34717214,-0.9321999,0
2.2688026,-0.55385256,-2.1026368,0.10234642,0.34717214,-0.9321999,0
-2.1874633,0.5257926,-2.1898074,0.10234642,0.34717214,-0.9321999,0
1.0752661,3.7929204,-0.4825176,0.2684297,0.89271808,0.36193916,0
-1.015996,3.2258968,2.4670086,0.2684297,0.89271808,0.36193916,0
3.4394753,-0.71964467,0.6716423,0.95784688,-0.28727323,-0.0018247366,0
1.0521691,-4.0105801,-0.5584259,-0.2684297,-0.89271808,-0.36193916,0
-2.8834648,2.5519872,2.7203562,-0.95784688,0.28727323,0.0018247366,0
-1.7279873,3.6477981,-0.97665668,0.10234642,0.34717214,-0.9321999,0
-0.078342199,-2.9015198,-2.455472,-0.2684297,-0.89271808,-0.36193916,0
-3.0179749,2.1179199,0.44941401,-0.95784688,0.28727323,0.0018247366,0
3.0730443,0.34199184,2.610218,-0.10234642,-0.34717214,0.9321999,0
-2.5754697,3.5956094,0.094007969,-0.95784688,0.28727323,0.0018247366,0
-0.70481789,2.3445768,2.9412532,-0.10234642,-0.34717214,0.9321999,0
-2.6784725,0.13347816,1.9011027,-0.10234642,-0.34717214,0.9321999,0
2.2638993,2.6075971,1.5595248,0.2684297,0.89271808,0.36193916,0
-0.43512559,1.1309605,2.5188849,-0.10234642,-0.34717214,0.9321999,0
-3.2705545,1.2846901,-0.95794058,-0.95784688,0.28727323,0.0018247366,0
3.205373,-1.4836898,-1.9282598,0.95784688,-0.28727323,-0.0018247366,0
-1.8189939,-0.66262925,-2.591948,0.10234642,0.34717214,-0.9321999,0
2.8853934,-1.5167325,1.8973851,-0.10234642,-0.34717214,0.9321999,0
0.59909248,-4.1682367,0.16645432,-0.2684297,-0.89271808,-0.36193916,0
0.017604351,-2.7901745,-2.8012614,-0.2684297,-0.89271808,-0.36193916,0
0.43207407,0.43676019,-1.9353654,0.10234642,0.34717214,-0.9321999,0
-3.4802632,-0.75346041,1.482758,-0.10234642,-0.34717214,0.9321999,0
-3.5011039,0.5074935,0.37750649,-0.95784688,0.28727323,0.0018247366,0
-3.902051,-0.81935221,-1.1999769,-0.95784688,0.28727323,0.0018247366,0
3.3959758,2.0456047,2.1060748,0.2684297,0.89271808,0.36193916,0
-3.6954324,-0.12738323,-1.6795571,-0.95784688,0.28727323,0.0018247366,0
-1.5992475,-3.528398,0.2186842,-0.2684297,-0.89271808,-0.36193916,0
2.5142541,-3.8050947,0.75223494,0.95784688,-0.28727323,-0.0018247366,0
2.9646702,1.9124063,2.7544823,0.2684297,0.89271808,0.36193916,0
1.8225143,-4.0374222,-1.0635414,-0.2684297,-0.89271808,-0.36193916,0
-0.98212683,-0.54634047,1.834165,-0.10234642,-0.34717214,0.9321999,0
-3.0245583,2.0895939,1.4531076,-0.95784688,0.28727323,0.0018247366,0
-1.0075374,4.3262053,-0.25316143,0.2684297,0.89271808,0.36193916,0
-3.9387755,-0.94086647,-1.3471587,-0.95784688,0.28727323,0.0018247366,0
-1.8262837,3.7715492,1.7221081,0.2684297,0.89271808,0.36193916,0
-1.1179919,-0.059870124,-2.290504,0.10234642,0.34717214,-0.9321999,0
-2.1623616,-1.0565821,-2.7763634,0.10234642,0.34717214,-0.9321999,0
-1.5094175,-2.5386341,-2.2891774,-0.2684297,-0.89271808,-0.36193916,0
-1.5820551,-0.34537339,-2.4477813,0.10234642,0.34717214,-0.9321999,0
1.6138822,-3.2327883,-2.893429,-0.2684297,-0.89271808,-0.36193916,0
-0.1128335,3.4720564,1.1900353,0.2684297,0.89271808,0.36193916,0
-3.2984836,1.1967432,-1.7727039,-0.95784688,0.28727323,0.0018247366,0
-1.3261542,3.8880725,1.0637872,0.2684297,0.89271808,0.36193916,0
-2.1994255,-2.9041266,0.82242513,-0.10234642,-0.34717214,0.9321999,0
2.1566794,-3.48259,-2.6798584,-0.2684297,-0.89271808,-0.36193916,0
-4.1273403,-1.5652941,-2.0238986,-0.95784688,0.28727323,0.0018247366,0
-1.4442496,-2.5941448,1.0207804,-0.10234642,-0.34717214,0.9321999,0
1.5197359,1.8094696,-1.3047233,0.10234642,0.34717214,-0.9321999,0
1.9655671,-3.2675469,1.1443548,-0.10234642,-0.34717214,0.9321999,0
3.0076199,-1.3815247,1.961159,-0.10234642,-0.34717214,0.9321999,0
0.37023711,2.5428269,-1.1578085,0.10234642,0.34717214,-0.9321999,0
2.5799179,-0.67033648,-2.111861,0.10234642,0.34717214,-0.9321999,0
-0.46840382,2.6984677,-1.1919187,0.10234642,0.34717214,-0.9321999,0
-0.73463756,-0.32170749,-2.3459294,0.10234642,0.34717214,-0.9321999,0
2.8172054,-2.7865448,-0.57472038,0.95784688,-0.28727323,-0.0018247366,0
-3.8874414,-0.77571344,-0.4012177,-0.95784688,0.28727323,0.0018247366,0
1.5719317,-0.6165067,2.0884442,-0.10234642,-0.34717214,0.9321999,0
2.7974505,-2.8502188,-0.91984558,0.95784688,-0.28727323,-0.0018247366,0
2.7173319,-3.1225944,-0.095391273,0.95784688,-0.28727323,-0.0018247366,0
-1.666083,1.2839811,-1.8501987,0.10234642,0.34717214,-0.9321999,0
2.3362882,-4.3512349,-0.67056274,-0.2684297,-0.89271808,-0.36193916,0
-1.4531507,-2.457737,-2.5304391,-0.2684297,-0.89271808,-0.36193916,0
-2.7890422,2.8882799,-0.65844679,-0.95784688,0.28727323,0.0018247366,0
-0.040353775,0.44502783,-1.9841545,0.10234642,0.34717214,-0.9321999,0
-3.4419279,0.70249653,0.74052978,-0.95784688,0.28727323,0.0018247366,0
1.9589062,-3.9603863,-1.3547029,-0.2684297,-0.89271808,-0.36193916,0
-2.9292824,2.4122746,0.66504502,-0.95784688,0.28727323,0.0018247366,0
1.4517002,-0.42858195,-2.1456933,0.10234642,0.34717214,-0.9321999,0
-3.1768975,1.5779779,2.0317726,-0.95784688,0.28727323,0.0018247366,0
0.39897013,3.2359736,-0.89651048,0.10234642,0.34717214,-0.9321999,0
-3.8485007,-2.6908224,0.7208125,-0.10234642,-0.34717214,0.9321999,0
-1.6214839,0.80717134,2.2680478,-0.10234642,-0.34717214,0.9321999,0
2.3019049,-3.8262961,0.97319078,-0.10234642,-0.34717214,0.9321999,0
4.26408,2.0283654,0.89904559,0.95784688,-0.28727323,-0.0018247366,0
2.001132,-3.5530634,-2.3906755,-0.2684297,-0.89271808,-0.36193916,0
0.39977431,3.8187706,-0.67937541,0.10234642,0.34717214,-0.9321999,0
-3.0612297,-1.1477704,1.3819139,-0.10234642,-0.34717214,0.9321999,0
1.1055398,3.2439842,0.84897375,0.2684297,0.89271808,0.36193916,0
-2.4230936,4.1043615,-0.014471531,-0.95784688,0.28727323,0.0018247366,0
-3.5856001,-1.8030787,-2.5636292,-0.2684297,-0.89271808,-0.36193916,0
-1.5750966,3.7402129,1.613107,0.2684297,0.89271808,0.36193916,0
2.352823,-4.3378153,-0.11887741,0.95784688,-0.28727323,-0.0018247366,0
3.8731735,0.71432638,2.5758662,0.95784688,-0.28727323,-0.0018247366,0
3.6572821,2.2611153,-0.9018383,0.10234642,0.34717214,-0.9321999,0
-3.5142949,-2.152596,-1.7544318,-0.2684297,-0.89271808,-0.36193916,0
-2.5435658,1.8827565,-1.7235403,0.10234642,0.34717214,-0.9321999,0
-1.7947662,-3.1248994,-0.63153499,-0.2684297,-0.89271808,-0.36193916,0
1.248638,-2.4447744,1.3720617,-0.10234642,-0.34717214,0.9321999,0
1.8520408,1.2964852,-1.4592862,0.10234642,0.34717214,-0.9321999,0
2.9641845,1.3024591,2.9559658,-0.10234642,-0.34717214,0.9321999,0
0.50556231,3.0636997,1.7386123,0.2684297,0.89271808,0.36193916,0
3.1822121,-1.5709536,-0.347826,0.95784688,-0.28727323,-0.0018247366,0
-0.058012724,3.5363433,0.99081516,0.2684297,0.89271808,0.36193916,0
-2.1762755,-0.65495777,1.6626079,-0.10234642,-0.34717214,0.9321999,0
-0.43016911,-3.7864494,-0.011873245,-0.2684297,-0.89271808,-0.36193916,0
-3.1621146,-2.0212338,1.0455403,-0.10234642,-0.34717214,0.9321999,0
3.9944088,1.1207628,2.2288272,0.95784688,-0.28727323,-0.0018247366,0
-2.187983,1.7775068,2.5672266,-0.10234642,-0.34717214,0.9321999,0
3.0100136,3.0210226,-0.01353462,0.2684297,0.89271808,0.36193916,0
3.7171414,0.20135644,1.4292946,0.95784688,-0.28727323,-0.0018247366,0
3.2472696,-1.3511381,-0.80382299,0.95784688,-0.28727323,-0.0018247366,0
1.339196,-1.6233919,-2.6030192,0.10234642,0.34717214,-0.9321999,0
-1.3545494,3.3630259,2.3798673,0.2684297,0.89271808,0.36193916,0
1.6484041,3.1775084,0.61032414,0.2684297,0.89271808,0.36193916,0
-0.17473447,1.0613575,2.5215516,-0.10234642,-0.34717214,0.9321999,0
1.7374892,3.18489,0.52604812,0.2684297,0.89271808,0.36193916,0
0.89016664,2.5052111,2.830878,0.2684297,0.89271808,0.36193916,0
-2.4785624,3.9174032,0.30193853,-0.95784688,0.28727323,0.0018247366,0
-1.3437605,-3.2928991,-0.551651,-0.2684297,-0.89271808,-0.36193916,0
2.8459854,-2.6815214,-2.0012341,0.95784688,-0.28727323,-0.0018247366,0
1.6432912,2.9328928,1.2174572,0.2684297,0.89271808,0.36193916,0
1.2661288,-3.4135399,-2.1896985,-0.2684297,-0.89271808,-0.36193916,0
0.53011084,-0.95648301,1.8474476,-0.10234642,-0.34717214,0.9321999,0
2.1526418,-3.4183626,-2.8352792,-0.2684297,-0.89271808,-0.36193916,0
-2.6871433,3.2128263,1.7365918,-0.95784688,0.28727323,0.0018247366,0
2.7897243,-2.8904595,1.359525,0.95784688,-0.28727323,-0.0018247366,0
3.8789623,0.73421353,2.4837098,0.95784688,-0.28727323,-0.0018247366,0
1.4145849,-3.4570701,-2.1924329,-0.2684297,-0.89271808,-0.36193916,0
-2.871469,2.6043527,0.77322817,-0.95784688,0.28727323,0.0018247366,0
0.24941611,-3.8348904,0.74464655,-0.10234642,-0.34717214,0.9321999,0
-2.9221511,-1.889787,-2.8418064,-0.2684297,-0.89271808,-0.36193916,0
0.50783753,3.3433592,1.0471483,0.2684297,0.89271808,0.36193916,0
3.7721603,2.1906571,1.4693112,0.2684297,0.89271808,0.36193916,0
-2.4990833,3.8569636,-0.95454597,-0.95784688,0.28727323,0.0018247366,0
3.345284,1.3371484,-1.2801987,0.10234642,0.34717214,-0.9321999,0
-4.0792794,-1.4038829,-2.2070875,-0.95784688,0.28727323,0.0018247366,0
-1.7007613,4.5026007,-0.65532017,0.10234642,0.34717214,-0.9321999,0
-1.461092,-0.87561035,1.6589519,-0.10234642,-0.34717214,0.9321999,0
-1.6174052,4.4130926,-0.015164852,0.2684297,0.89271808,0.36193916,0
-2.3929961,0.40368664,-2.257848,0.10234642,0.34717214,-0.9321999,0
3.8838677,0.76909399,-0.43249178,0.95784688,-0.28727323,-0.0018247366,0
0.14059854,-3.7666435,-0.48403215,-0.2684297,-0.89271808,-0.36193916,0
3.4824467,-0.56582308,-0.98815107,0.95784688,-0.28727323,-0.0018247366,0
-2.3872964,4.2268376,-0.50551796,-0.95784688,0.28727323,0.0018247366,0
2.7900848,-2.8841674,0.55821371,0.95784688,-0.28727323,-0.0018247366,0
2.256427,-1.220068,-2.3521094,0.10234642,0.34717214,-0.9321999,0
2.9278672,-2.4266379,0.85329485,0.95784688,-0.28727323,-0.0018247366,0
3.0786555,-1.9093372,-1.4344668,0.95784688,-0.28727323,-0.0018247366,0
2.6196959,-3.4399111,-1.3905373,0.95784688,-0.28727323,-0.0018247366,0
3.0751355,-1.9345795,0.69176388,0.95784688,-0.28727323,-0.0018247366,0
-1.0718374,-2.9569454,-1.5819459,-0.2684297,-0.89271808,-0.36193916,0
-2.1204758,0.57688332,2.1274991,-0.10234642,-0.34717214,0.9321999,0
0.58483577,-2.8309259,1.1553714,-0.10234642,-0.34717214,0.9321999,0
3.8040605,0.49323028,1.1045487,0.95784688,-0.28727323,-0.0018247366,0
1.718713,-3.645715,-1.9526985,-0.2684297,-0.89271808,-0.36193916,0
-2.7162366,3.1296663,-0.44302225,-0.95784688,0.28727323,0.0018247366,0
-0.041487813,-1.1614661,1.7083515,-0.10234642,-0.34717214,0.9321999,0
3.35992,2.87042,0.098419756,0.2684297,0.89271808,0.36193916,0
3.9277349,2.5719643,0.41343975,0.2684297,0.89271808,0.36193916,0
-3.3710241,0.94811463,-0.70885253,-0.95784688,0.28727323,0.0018247366,0
2.051739,0.6313796,2.6058631,-0.10234642,-0.34717214,0.9321999,0
-3.5455465,0.36722571,-0.86859465,-0.95784688,0.28727323,0.0018247366,0
1.4136798,2.8131239,1.6831546,0.2684297,0.89271808,0.36193916,0
-1.8203837,-2.2370136,-2.8024948,-0.2684297,-0.89271808,-0.36193916,0
0.081540108,-3.6419079,-0.74789,-0.2684297,-0.89271808,-0.36193916,0
2.4420099,-4.0315342,-1.5213466,0.95784688,-0.28727323,-0.0018247366,0
1.762661,-3.1823425,1.15381,-0.10234642,-0.34717214,0.9321999,0
3.1129718,-1.7899542,-2.2157309,0.95784688,-0.28727323,-0.0018247366,0
-1.1730134,0.1703999,2.0801377,-0.10234642,-0.34717214,0.9321999,0
2.9455385,2.8258579,0.5156554,0.2684297,0.89271808,0.36193916,0
1.2453752,2.1890681,-1.1934745,0.10234642,0.34717214,-0.9321999,0
3.5878303,1.083066,-1.3481957,0.10234642,0.34717214,-0.9321999,0
-2.7519627,3.0009503,1.0676756,-0.95784688,0.28727323,0.0018247366,0
1.4768591,1.3666015,-1.4743648,0.10234642,0.34717214,-0.9321999,0
-0.32859349,4.1181102,-0.24343133,0.2684297,0.89271808,0.36193916,0
3.2877295,-1.2149506,-1.0057704,0.95784688,-0.28727323,-0.0018247366,0
0.81583154,2.4986422,2.9022098,0.2684297,0.89271808,0.36193916,0
-2.5302241,3.7322383,2.3345261,-0.95784688,0.28727323,0.0018247366,0
0.084045887,3.4734447,-0.8426466,0.10234642,0.34717214,-0.9321999,0
3.7294474,0.24369091,1.2241588,0.95784688,-0.28727323,-0.0018247366,0
0.32833505,2.6867275,2.7998486,0.2684297,0.89271808,0.36193916,0
-1.6133215,3.3783603,2.533962,0.2684297,0.89271808,0.36193916,0
-4.2547617,-2.0081646,0.81169462,-0.95784688,0.28727323,0.0018247366,0
1.9664171,3.4657738,-0.63883752,0.10234642,0.34717214,-0.9321999,0
-4.0265284,-1.2422993,0.044686794,-0.95784688,0.28727323,0.0018247366,0
-3.451283,-2.749578,0.74254078,-0.10234642,-0.34717214,0.9321999,0
-1.8235075,4.1735806,0.72844315,0.2684297,0.89271808,0.36193916,0
-3.7745216,-2.3112338,-1.1701589,-0.2684297,-0.89271808,-0.36193916,0
3.9091654,1.3142998,-1.2267997,0.10234642,0.34717214,-0.9321999,0
0.60220599,-3.308269,-1.956954,-0.2684297,-0.89271808,-0.36193916,0
3.6079013,-0.15947145,0.89280748,0.95784688,-0.28727323,-0.0018247366,0
0.68795562,3.0585084,1.6161458,0.2684297,0.89271808,0.36193916,0
-3.446363,0.69070554,0.26892304,-0.95784688,0.28727323,0.0018247366,0
1.2784675,2.4109235,2.7754562,0.2684297,0.89271808,0.36193916,0
2.515542,1.9168563,3.0765991,0.2684297,0.89271808,0.36193916,0
1.6670438,-2.2518761,1.4898384,-0.10234642,-0.34717214,0.9321999,0
-2.9218326,-1.7866635,-3.0963953,-0.2684297,-0.89271808,-0.36193916,0
0.91936183,-1.7613938,-2.7005081,0.10234642,0.34717214,-0.9321999,0
0.77967882,3.7488675,-0.15464187,0.2684297,0.89271808,0.36193916,0
2.7664435,2.6741447,1.0226777,0.2684297,0.89271808,0.36193916,0
-3.4733829,0.60514528,-0.44469237,-0.95784688,0.28727323,0.0018247366,0
4.1861157,1.7799037,-0.91015208,0.95784688,-0.28727323,-0.0018247366,0
-3.5390346,0.38508308,-0.2617414,-0.95784688,0.28727323,0.0018247366,0
-0.0575912,2.201818,2.9591455,-0.10234642,-0.34717214,0.9321999,0
-1.321013,-1.638927,-2.9008698,0.10234642,0.34717214,-0.9321999,0
-2.5673637,3.6099145,2.0967827,-0.95784688,0.28727323,0.0018247366,0
4.1725197,1.7150297,2.1663079,0.95784688,-0.28727323,-0.0018247366,0
-4.2946386,-2.1393654,0.53494239,-0.95784688,0.28727323,0.0018247366,0
-3.5992241,0.19734538,-2.3003318,-0.95784688,0.28727323,0.0018247366,0
-0.51293004,-1.0953135,1.6812283,-0.10234642,-0.34717214,0.9321999,0
2.0806103,-2.7039742,1.3668725,-0.10234642,-0.34717214,0.9321999,0
-2.8603649,2.635623,1.6792035,-0.95784688,0.28727323,0.0018247366,0
-1.621881,3.4557452,2.3494401,0.2684297,0.89271808,0.36193916,0
3.2587643,-1.3053067,-1.985316,0.95784688,-0.28727323,-0.0018247366,0
-2.0952883,1.369586,-1.8654402,0.10234642,0.34717214,-0.9321999,0
-3.3952863,-2.2438335,-1.6176574,-0.2684297,-0.89271808,-0.36193916,0
-1.4666049,4.4030743,-0.10229349,0.2684297,0.89271808,0.36193916,0
-0.82180524,4.3589888,-0.47176719,0.2684297,0.89271808,0.36193916,0
3.611351,-0.14384925,0.24418521,0.95784688,-0.28727323,-0.0018247366,0
3.5760655,2.053153,1.9538951,0.2684297,0.89271808,0.36193916,0
3.4844217,-0.55872345,-1.0691109,0.95784688,-0.28727323,-0.0018247366,0
-2.4997368,3.2850599,-1.1964793,0.10234642,0.34717214,-0.9321999,0
3.2227302,3.1324992,-0.44624853,0.2684297,0.89271808,0.36193916,0
-1.8301533,1.9611425,2.6749027,-0.10234642,-0.34717214,0.9321999,0
1.8416128,2.0695405,3.1183968,-0.10234642,-0.34717214,0.9321999,0
-2.5586507,1.9359682,-1.7053792,0.10234642,0.34717214,-0.9321999,0
4.1628428,1.6977172,-0.18762684,0.95784688,-0.28727323,-0.0018247366,0
-2.4519856,4.0073843,0.086837292,-0.95784688,0.28727323,0.0018247366,0
3.9475274,0.96354437,2.370996,0.95784688,-0.28727323,-0.0018247366,0
-0.74850059,-3.8030806,0.26523471,-0.2684297,-0.89271808,-0.36193916,0
-3.3391011,-0.43851066,1.6155504,-0.10234642,-0.34717214,0.9321999,0
-2.9517388,2.3293984,1.9246681,-0.95784688,0.28727323,0.0018247366,0
3.9608691,1.0080336,2.3702755,0.95784688,-0.28727323,-0.0018247366,0
0.7814151,-1.8068867,-2.7325954,0.10234642,0.34717214,-0.9321999,0
0.25905538,-3.4548285,-1.3409715,-0.2684297,-0.89271808,-0.36193916,0
-1.0045934,3.0111585,2.9882011,0.2684297,0.89271808,0.36193916,0
3.6434345,-0.0270226,-1.3065722,0.95784688,-0.28727323,-0.0018247366,0
-3.5430884,0.38438022,-2.2790766,-0.95784688,0.28727323,0.0018247366,0
2.673265,-3.2757752,0.88861895,0.95784688,-0.28727323,-0.0018247366,0
3.4845335,-0.57531607,1.6017022,0.95784688,-0.28727323,-0.0018247366,0
-0.71703482,4.1045942,-0.69554329,0.10234642,0.34717214,-0.9321999,0
-2.2936144,4.1136403,1.2249384,0.2684297,0.89271808,0.36193916,0
2.0659213,-3.3271122,-2.9960325,-0.2684297,-0.89271808,-0.36193916,0
-3.7266691,-2.1386492,-1.6313264,-0.2684297,-0.89271808,-0.36193916,0
1.0029502,1.8884642,2.958883,-0.10234642,-0.34717214,0.9321999,0
-4.0556989,-1.3338317,-0.85739207,-0.95784688,0.28727323,0.0018247366,0
-3.1546054,-0.49994373,1.6129274,-0.10234642,-0.34717214,0.9321999,0
0.11991787,3.2384434,-0.92622769,0.10234642,0.34717214,-0.9321999,0
1.6757571,2.788959,1.5483896,0.2684297,0.89271808,0.36193916,0
2.7941658,-2.8555984,-1.7972198,0.95784688,-0.28727323,-0.0018247366,0
-2.7425647,-2.2478373,-2.0918691,-0.2684297,-0.89271808,-0.36193916,0
0.44643474,-3.4890041,-1.395647,-0.2684297,-0.89271808,-0.36193916,0
2.5739098,2.66997,1.1757658,0.2684297,0.89271808,0.36193916,0
3.2171936,-1.4456213,-1.7165353,0.95784688,-0.28727323,-0.0018247366,0
-2.2889354,2.6958265,2.8981457,-0.10234642,-0.34717214,0.9321999,0
-3.910042,-0.84087408,-2.006371,-0.95784688,0.28727323,0.0018247366,0
3.5174165,-0.45970446,0.66170597,0.95784688,-0.28727323,-0.0018247366,0
-0.98668444,-2.6364908,-2.4354968,-0.2684297,-0.89271808,-0.36193916,0
-2.6813197,2.0148854,2.6014678,-0.10234642,-0.34717214,0.9321999,0
-2.1580987,0.13465512,-2.332252,0.10234642,0.34717214,-0.9321999,0
-0.030134916,0.43224049,2.3031299,-0.10234642,-0.34717214,0.9321999,0
4.0101867,2.5574055,0.38820052,0.2684297,0.89271808,0.36193916,0
4.0912232,1.453611,0.64768887,0.95784688,-0.28727323,-0.0018247366,0
1.4306846,-1.8277357,1.621848,-0.10234642,-0.34717214,0.9321999,0
0.47265458,-2.6986122,-3.0985932,0.10234642,0.34717214,-0.9321999,0
1.7191639,-1.9341331,-2.6770296,0.10234642,0.34717214,-0.9321999,0
-1.587625,-3.4858398,0.10509527,-0.2684297,-0.89271808,-0.36193916,0
1.6337427,2.7002926,1.7982445,0.2684297,0.89271808,0.36193916,0
-1.7274413,-3.344528,-0.13975441,-0.2684297,-0.89271808,-0.36193916,0
-3.2987876,1.1781294,0.998034,-0.95784688,0.28727323,0.0018247366,0
-0.3478744,1.5842841,-1.5936327,0.10234642,0.34717214,-0.9321999,0
1.4924396,1.2135775,2.761281,-0.10234642,-0.34717214,0.9321999,0
3.9189129,0.87758398,0.88346148,0.95784688,-0.28727323,-0.0018247366,0
-3.5243692,0.42192006,1.6370811,-0.95784688,0.28727323,0.0018247366,0
4.0136356,2.4415779,0.67132926,0.2684297,0.89271808,0.36193916,0
-2.7371669,-0.087042093,-2.4783931,0.10234642,0.34717214,-0.9321999,0
2.8953805,-2.4744735,1.5417974,-0.10234642,-0.34717214,0.9321999,0
-0.018417597,-3.4842744,0.84581876,-0.10234642,-0.34717214,0.9321999,0
-3.7121191,-0.18907762,-0.72615004,-0.95784688,0.28727323,0.0018247366,0
3.6308653,-0.066455841,-1.6964219,0.95784688,-0.28727323,-0.0018247366,0
1.5459937,2.1178918,3.1039476,-0.10234642,-0.34717214,0.9321999,0
0.43014431,1.9372969,2.914181,-0.10234642,-0.34717214,0.9321999,0
3.970299,1.0550873,-0.08739233,0.95784688,-0.28727323,-0.0018247366,0
-4.2782512,-2.0813196,-0.0014275312,-0.95784688,0.28727323,0.0018247366,0
-2.9624791,-0.88367289,-2.7998133,0.10234642,0.34717214,-0.9321999,0
0.13314581,3.1933224,-0.94157958,0.10234642,0.34717214,-0.9321999,0
-3.6220908,0.10161686,0.76692843,-0.95784688,0.28727323,0.0018247366,0
2.419405,-0.72232842,-2.1488464,0.10234642,0.34717214,-0.9321999,0
-2.3146396,4.4662762,-0.061474323,-0.95784688,0.28727323,0.0018247366,0
2.0914464,2.0736706,3.0043459,0.2684297,0.89271808,0.36193916,0
1.3906386,-0.011734128,2.293771,-0.10234642,-0.34717214,0.9321999,0
-0.34668374,-3.6982982,-0.29121494,-0.2684297,-0.89271808,-0.36193916,0
0.17686558,3.3422945,1.2952379,0.2684297,0.89271808,0.36193916,0
0.53666401,2.8191795,2.3186522,0.2684297,0.89271808,0.36193916,0
1.2963564,2.2053947,3.1091282,-0.10234642,-0.34717214,0.9321999,0
0.74564862,3.7111518,-0.036377907,0.2684297,0.89271808,0.36193916,0
3.088361,-1.8936696,1.193387,0.95784688,-0.28727323,-0.0018247366,0
3.8749702,0.73896098,-0.35919333,0.95784688,-0.28727323,-0.0018247366,0
-1.3191137,2.1742117,-1.480563,0.10234642,0.34717214,-0.9321999,0
-2.7716584,-1.8467717,-3.0595148,-0.2684297,-0.89271808,-0.36193916,0
-3.6838889,-0.10676599,1.1338048,-0.95784688,0.28727323,0.0018247366,0
-3.5688288,0.2823627,0.27007127,-0.95784688,0.28727323,0.0018247366,0
-2.450196,4.016005,-0.33100939,-0.95784688,0.28727323,0.0018247366,0
3.5107961,-0.49028358,2.0004752,0.95784688,-0.28727323,-0.0018247366,0
2.4691596,-1.7577031,-2.5289807,0.10234642,0.34717214,-0.9321999,0
-4.0612769,-2.8466506,0.36311036,-0.2684297,-0.89271808,-0.36193916,0
1.1340313,3.7933908,-0.52726007,0.2684297,0.89271808,0.36193916,0
4.1508002,1.6570814,-0.11188197,0.95784688,-0.28727323,-0.0018247366,0
3.4180098,2.2726028,1.5298458,0.2684297,0.89271808,0.36193916,0
3.5954599,2.4243848,1.0238724,0.2684297,0.89271808,0.36193916,0
-2.1031985,-2.0210772,-3.1253514,-0.2684297,-0.89271808,-0.36193916,0
0.73818398,-2.6413972,1.2427922,-0.10234642,-0.34717214,0.9321999,0
0.21993732,-1.9333537,-2.8413396,0.10234642,0.34717214,-0.9321999,0
3.1788359,-1.5770662,-1.1578019,0.95784688,-0.28727323,-0.0018247366,0
-0.85312462,-3.4701908,0.75942123,-0.10234642,-0.34717214,0.9321999,0
-3.612468,0.1418184,-0.51078105,-0.95784688,0.28727323,0.0018247366,0
2.5941141,-3.5269601,-1.1147413,0.95784688,-0.28727323,-0.0018247366,0
-0.18157768,3.1669292,1.9936101,0.2684297,0.89271808,0.36193916,0
3.0907333,0.16765738,-1.7436907,0.10234642,0.34717214,-0.9321999,0
-0.52790213,1.8389018,-1.5185727,0.10234642,0.34717214,-0.9321999,0
-2.092947,-3.4120243,0.29779774,-0.2684297,-0.89271808,-0.36193916,0
-0.030927181,-2.7473636,-2.8708611,-0.2684297,-0.89271808,-0.36193916,0
1.9583032,1.0483729,2.7509027,-0.10234642,-0.34717214,0.9321999,0
-2.0717628,3.208751,-1.177911,0.10234642,0.34717214,-0.9321999,0
-1.9494032,2.0600173,-1.5922911,0.10234642,0.34717214,-0.9321999,0
3.0754333,-1.9268415,-0.37018371,0.95784688,-0.28727323,-0.0018247366,0
-4.027133,-1.240858,-0.49955916,-0.95784688,0.28727323,0.0018247366,0
-1.2692156,0.92902493,-1.9388201,0.10234642,0.34717214,-0.9321999,0
1.5373362,-3.1012204,-3.1316419,0.10234642,0.34717214,-0.9321999,0
0.80440092,3.3047943,0.92232418,0.2684297,0.89271808,0.36193916,0
0.13983512,3.0533421,2.0353985,0.2684297,0.89271808,0.36193916,0
-0.82539022,-1.8709797,1.358048,-0.10234642,-0.34717214,0.9321999,0
-0.34639692,3.3541284,1.6541231,0.2684297,0.89271808,0.36193916,0
-2.9666862,0.24780989,1.9120392,-0.10234642,-0.34717214,0.9321999,0
1.468291,0.27460742,2.4089363,-0.10234642,-0.34717214,0.9321999,0
-3.3867619,-0.14508605,1.7195956,-0.10234642,-0.34717214,0.9321999,0
-1.9549538,0.69086218,2.1881199,-0.10234642,-0.34717214,0.9321999,0
0.30649614,-3.1837752,-2.0447054,-0.2684297,-0.89271808,-0.36193916,0
2.9095304,-2.483273,0.14405775,0.95784688,-0.28727323,-0.0018247366,0
-3.6300128,-1.9082493,-2.2712886,-0.2684297,-0.89271808,-0.36193916,0
-3.4539542,0.66009951,1.1022136,-0.95784688,0.28727323,0.0018247366,0
-3.5558879,-1.7984565,-2.5970654,-0.2684297,-0.89271808,-0.36193916,0
-3.6483054,0.016376734,0.42578077,-0.95784688,0.28727323,0.0018247366,0
-2.8372176,-2.329843,-1.819404,-0.2684297,-0.89271808,-0.36193916,0
-3.7090936,-0.19211078,1.3394616,-0.95784688,0.28727323,0.0018247366,0
-3.1026502,1.8399541,-0.23778296,-0.95784688,0.28727323,0.0018247366,0
2.4288347,-3.8422744,-1.9945431,-0.2684297,-0.89271808,-0.36193916,0
3.6368284,-0.0538311,-0.55394101,0.95784688,-0.28727323,-0.0018247366,0
2.735436,-3.0598173,-0.47514296,0.95784688,-0.28727323,-0.0018247366,0
-3.2654862,1.2861807,1.4679494,-0.95784688,0.28727323,0.0018247366,0
-0.95835465,1.1352167,-1.8279002,0.10234642,0.34717214,-0.9321999,0
0.13208681,1.2866781,2.6391518,-0.10234642,-0.34717214,0.9321999,0
-3.3802462,0.90357685,1.4620001,-0.95784688,0.28727323,0.0018247366,0
-2.9827368,2.2432294,-0.78112245,-0.95784688,0.28727323,0.0018247366,0
1.5075175,2.5236797,2.3274713,0.2684297,0.89271808,0.36193916,0
-2.9663301,-2.7090714,-0.78828692,-0.2684297,-0.89271808,-0.36193916,0
1.0150456,3.0838652,1.3110199,0.2684297,0.89271808,0.36193916,0
-2.5917165,0.70323515,2.1228175,-0.10234642,-0.34717214,0.9321999,0
-1.3562205,0.21792591,-2.2132018,0.10234642,0.34717214,-0.9321999,0
1.7599659,-4.3834829,-0.16359711,-0.2684297,-0.89271808,-0.36193916,0
-1.304629,-2.7360444,-1.9541476,-0.2684297,-0.89271808,-0.36193916,0
-0.85426426,3.4788048,1.7232671,0.2684297,0.89271808,0.36193916,0
1.3132032,-2.9385698,-3.095675,0.10234642,0.34717214,-0.9321999,0
-1.4081793,-3.0536952,0.85359359,-0.10234642,-0.34717214,0.9321999,0
-3.4364123,0.73395926,-1.3173437,-0.95784688,0.28727323,0.0018247366,0
1.3253429,-3.9707456,-0.85927367,-0.2684297,-0.89271808,-0.36193916,0
-3.8733649,-0.72300291,-1.3105385,-0.95784688,0.28727323,0.0018247366,0
2.0135794,-4.4078345,-0.2916255,-0.2684297,-0.89271808,-0.36193916,0
-3.0576875,1.9907496,-0.37590337,-0.95784688,0.28727323,0.0018247366,0
-4.0289111,-1.2337424,-2.5531867,-0.95784688,0.28727323,0.0018247366,0
-1.028775,-1.7475004,1.3817048,-0.10234642,-0.34717214,0.9321999,0
-4.1001196,-2.758306,0.17401636,-0.2684297,-0.89271808,-0.36193916,0
-2.1334581,3.4034953,2.8577218,0.2684297,0.89271808,0.36193916,0
-1.4129064,3.3550129,2.4429119,0.2684297,0.89271808,0.36193916,0
4.0842276,1.4264858,1.2459302,0.95784688,-0.28727323,-0.0018247366,0
-3.1736012,-2.5961688,-0.91303855,-0.2684297,-0.89271808,-0.36193916,0
-1.1351719,-0.48327971,1.8408475,-0.10234642,-0.34717214,0.9321999,0
-1.9565355,2.5443895,2.8782415,-0.10234642,-0.34717214,0.9321999,0
3.1068192,-1.8290429,0.70819545,0.95784688,-0.28727323,-0.0018247366,0
1.1761978,-3.3853531,-2.1925244,-0.2684297,-0.89271808,-0.36193916,0
-3.3541071,-1.6503321,-3.1120613,-0.2684297,-0.89271808,-0.36193916,0
2.5029848,-3.6870475,-2.4324019,-0.2684297,-0.89271808,-0.36193916,0
-3.3094995,1.1369336,1.8606436,-0.95784688,0.28727323,0.0018247366,0
0.48937869,-4.0678349,0.00018239021,-0.2684297,-0.89271808,-0.36193916,0
0.7116282,-0.97406507,1.8608285,-0.10234642,-0.34717214,0.9321999,0
3.2282414,-1.4112589,-1.3270745,0.95784688,-0.28727323,-0.0018247366,0
2.584357,3.2423635,-0.24378318,0.2684297,0.89271808,0.36193916,0
0.38668966,-1.5911283,-2.6955793,0.10234642,0.34717214,-0.9321999,0
-3.8939302,-1.7939386,-2.3575015,-0.2684297,-0.89271808,-0.36193916,0
-1.4773706,0.076698065,2.0118258,-0.10234642,-0.34717214,0.9321999,0
-2.4546244,-3.2655363,0.65980983,-0.10234642,-0.34717214,0.9321999,0
4.147871,1.6401844,1.0107089,0.95784688,-0.28727323,-0.0018247366,0
-2.4948432,3.8684902,-0.54377604,-0.95784688,0.28727323,0.0018247366,0
3.8936408,2.2195804,-0.89135742,0.10234642,0.34717214,-0.9321999,0
2.5710936,-3.6024673,-1.3116183,0.95784688,-0.28727323,-0.0018247366,0
2.9306209,2.0459969,2.4502349,0.2684297,0.89271808,0.36193916,0
1.7258172,-4.2837677,-0.38421822,-0.2684297,-0.89271808,-0.36193916,0
2.6239114,-3.4171119,-2.7670305,0.95784688,-0.28727323,-0.0018247366,0
-1.3267312,0.69397318,-2.0326734,0.10234642,0.34717214,-0.9321999,0
2.2909129,-0.84608388,2.0818815,-0.10234642,-0.34717214,0.9321999,0
3.4106445,2.3182235,1.4227852,0.2684297,0.89271808,0.36193916,0
1.9543166,-0.60473418,2.1348107,-0.10234642,-0.34717214,0.9321999,0
3.601635,-0.18117237,1.0198519,0.95784688,-0.28727323,-0.0018247366,0
0.39005184,0.12805367,2.2359762,-0.10234642,-0.34717214,0.9321999,0
-3.6642575,-0.034709454,0.094895601,-0.95784688,0.28727323,0.0018247366,0
0.43349934,2.9590178,2.0502539,0.2684297,0.89271808,0.36193916,0
3.0915689,-1.8642907,-1.7475007,0.95784688,-0.28727323,-0.0018247366,0
-3.0563564,1.998457,-0.89053822,-0.95784688,0.28727323,0.0018247366,0
0.68717551,-0.88207722,1.8924023,-0.10234642,-0.34717214,0.9321999,0
-1.7409451,1.0953287,-1.9286762,0.10234642,0.34717214,-0.9321999,0
2.3809576,1.6008747,-1.2878549,0.10234642,0.34717214,-0.9321999,0
-3.7073555,-0.17123562,-1.0344679,-0.95784688,0.28727323,0.0018247366,0
3.2100568,-1.4664545,-2.1830783,0.95784688,-0.28727323,-0.0018247366,0
0.30358958,-3.4448011,-1.3987327,-0.2684297,-0.89271808,-0.36193916,0
-3.1747327,0.53169465,1.9949224,-0.10234642,-0.34717214,0.9321999,0
1.1022816,-2.474303,-2.9459283,0.10234642,0.34717214,-0.9321999,0
3.3814554,-0.89662743,-1.9211202,0.95784688,-0.28727323,-0.0018247366,0
-3.0890701,1.8777512,0.94030523,-0.95784688,0.28727323,0.0018247366,0
-3.496871,-3.0596557,0.62205583,-0.10234642,-0.34717214,0.9321999,0
-0.1900804,-3.5557547,-0.75894022,-0.2684297,-0.89271808,-0.36193916,0
-4.0178094,-1.2031798,-1.5371894,-0.95784688,0.28727323,0.0018247366,0
1.8373079,2.9148154,1.118154,0.2684297,0.89271808,0.36193916,0
3.4410274,0.40398836,-1.6172169,0.10234642,0.34717214,-0.9321999,0
3.1980317,-1.5168757,-0.55734372,0.95784688,-0.28727323,-0.0018247366,0
2.1044357,-4.4129119,-0.34648418,-0.2684297,-0.89271808,-0.36193916,0
3.943969,0.97412562,-1.1627942,0.95784688,-0.28727323,-0.0018247366,0
-4.0506215,-1.3153092,-1.1081839,-0.95784688,0.28727323,0.0018247366,0
3.8788702,0.75529885,-0.88403845,0.95784688,-0.28727323,-0.0018247366,0
-3.2484114,1.3613746,-1.4070692,-0.95784688,0.28727323,0.0018247366,0
2.7590902,2.5372686,-0.8976056,0.10234642,0.34717214,-0.9321999,0
3.2072842,-1.4987972,1.4530385,0.95784688,-0.28727323,-0.0018247366,0
4.1504779,1.6526558,0.41569424,0.95784688,-0.28727323,-0.0018247366,0
-3.2639899,1.2875378,2.0396142,-0.95784688,0.28727323,0.0018247366,0
3.2908044,-1.2063707,-0.74249411,0.95784688,-0.28727323,-0.0018247366,0
-2.4228592,4.1080365,-0.47012043,-0.95784688,0.28727323,0.0018247366,0
-3.6251943,0.08997345,0.97096324,-0.95784688,0.28727323,0.0018247366,0
-3.1684904,1.6055832,2.0988669,-0.95784688,0.28727323,0.0018247366,0
0.14671016,-2.6639881,-3.1214838,0.10234642,0.34717214,-0.9321999,0
4.3635983,2.3679774,-0.32745218,0.95784688,-0.28727323,-0.0018247366,0
2.5278351,-3.4800346,-2.9614255,-0.2684297,-0.89271808,-0.36193916,0
3.8464551,0.63750887,0.64454961,0.95784688,-0.28727323,-0.0018247366,0
4.0110006,1.1876925,0.40159678,0.95784688,-0.28727323,-0.0018247366,0
-3.120717,1.7888942,-1.6829355,-0.95784688,0.28727323,0.0018247366,0
-1.0476024,-2.6790793,1.0326967,-0.10234642,-0.34717214,0.9321999,0
2.9189177,-2.4438515,-1.1345639,0.95784688,-0.28727323,-0.0018247366,0
1.1327264,-3.4146912,-2.0879221,-0.2684297,-0.89271808,-0.36193916,0
-0.96772432,-2.9098039,-1.7754354,-0.2684297,-0.89271808,-0.36193916,0
0.91325402,3.2466021,-0.83608878,0.10234642,0.34717214,-0.9321999,0
-3.1844428,1.5657607,-0.0053422451,-0.95784688,0.28727323,0.0018247366,0
3.1413319,-1.7073901,-0.32728076,0.95784688,-0.28727323,-0.0018247366,0
-0.90368819,2.970036,3.0147934,0.2684297,0.89271808,0.36193916,0
-2.7321634,1.1442028,-2.0193005,0.10234642,0.34717214,-0.9321999,0
-0.15999246,-2.9846416,-2.1898975,-0.2684297,-0.89271808,-0.36193916,0
2.9662638,3.2483225,-0.54172015,0.2684297,0.89271808,0.36193916,0
-3.8553901,-0.65392131,-2.7508173,-0.95784688,0.28727323,0.0018247366,0
-0.36582232,3.7683916,0.64675593,0.2684297,0.89271808,0.36193916,0
0.1854682,-3.2362993,-1.8253958,-0.2684297,-0.89271808,-0.36193916,0
-3.7559671,-0.33822978,-0.26155925,-0.95784688,0.28727323,0.0018247366,0
-2.4953611,3.86567,-0.37133455,-0.95784688,0.28727323,0.0018247366,0
0.099432558,-0.35357165,2.0247011,-0.10234642,-0.34717214,0.9321999,0
1.0167074,3.4970577,0.29065394,0.2684297,0.89271808,0.36193916,0
3.0053701,-2.1715436,1.3760738,0.95784688,-0.28727323,-0.0018247366,0
-2.3430367,4.371079,0.01924324,-0.95784688,0.28727323,0.0018247366,0
-1.0900147,3.6423452,1.4947393,0.2684297,0.89271808,0.36193916,0
-1.1396055,0.38959837,2.1654401,-0.10234642,-0.34717214,0.9321999,0
2.4389517,-4.0478935,-0.55095243,0.95784688,-0.28727323,-0.0018247366,0
-3.4944167,0.27325237,-2.4273498,0.10234642,0.34717214,-0.9321999,0
-2.3554547,4.3263674,0.53980017,-0.95784688,0.28727323,0.0018247366,0
-1.0231667,4.1737375,0.13449025,0.2684297,0.89271808,0.36193916,0
2.4882431,2.1377394,2.5520401,0.2684297,0.89271808,0.36193916,0
3.9983969,1.365274,3.092906,-0.10234642,-0.34717214,0.9321999,0
-1.5637507,-2.7602212,-1.7023402,-0.2684297,-0.89271808,-0.36193916,0
-1.968858,-3.3569722,0.069984019,-0.2684297,-0.89271808,-0.36193916,0
3.6343751,1.6596779,2.8811514,0.2684297,0.89271808,0.36193916,0
1.1345435,2.6375167,2.3233078,0.2684297,0.89271808,0.36193916,0
3.5895352,-0.21961617,0.72082639,0.95784688,-0.28727323,-0.0018247366,0
-2.9302261,2.3996203,2.1619449,-0.95784688,0.28727323,0.0018247366,0
1.4232423,-4.0185175,-0.81405139,-0.2684297,-0.89271808,-0.36193916,0
-4.1016707,-1.4740881,-2.908129,-0.95784688,0.28727323,0.0018247366,0
2.9436653,0.062645435,-1.7989461,0.10234642,0.34717214,-0.9321999,0
3.3419342,-1.0510278,1.6406119,0.95784688,-0.28727323,-0.0018247366,0
-2.3222709,-2.1438482,-2.6600645,-0.2684297,-0.89271808,-0.36193916,0
-1.5910919,3.7256021,1.6610086,0.2684297,0.89271808,0.36193916,0
-3.1580825,0.1250909,-2.4456024,0.10234642,0.34717214,-0.9321999,0
1.8414205,-2.2945426,-2.7978315,0.10234642,0.34717214,-0.9321999,0
-0.90989232,-2.8700325,-1.9164212,-0.2684297,-0.89271808,-0.36193916,0
-3.8739622,-0.72343278,-1.556265,-0.95784688,0.28727323,0.0018247366,0
3.9552383,2.9108863,-0.44290429,0.2684297,0.89271808,0.36193916,0
3.9128773,2.6594043,0.20879054,0.2684297,0.89271808,0.36193916,0
-0.36003232,-0.094675064,2.0706754,-0.10234642,-0.34717214,0.9321999,0
-2.9660759,1.4740767,2.3687954,-0.10234642,-0.34717214,0.9321999,0
-3.3525238,-2.8581228,-0.13423562,-0.2684297,-0.89271808,-0.36193916,0
2.8842671,-2.5696945,0.48833084,0.95784688,-0.28727323,-0.0018247366,0
2.9468594,-2.3416383,-2.5591111,0.95784688,-0.28727323,-0.0018247366,0
-1.54223,3.0069091,3.0959811,-0.10234642,-0.34717214,0.9321999,0
3.0428815,-2.03478,-0.4644022,0.95784688,-0.28727323,-0.0018247366,0
2.8644311,-2.6331127,0.060034275,0.95784688,-0.28727323,-0.0018247366,0
0.4506166,-3.6727571,0.82711864,-0.10234642,-0.34717214,0.9321999,0
-3.0285535,2.0709975,2.2834258,-0.95784688,0.28727323,0.0018247366,0
1.0156012,3.1083617,1.2501872,0.2684297,0.89271808,0.36193916,0
-3.9359305,-0.92703581,-2.0311399,-0.95784688,0.28727323,0.0018247366,0
-2.8812256,2.5859704,-1.454216,-0.95784688,0.28727323,0.0018247366,0
-2.1290936,-2.6669416,-1.5131302,-0.2684297,-0.89271808,-0.36193916,0
-0.87494588,-2.9193718,-1.8206446,-0.2684297,-0.89271808,-0.36193916,0
3.0447972,-2.0282569,-0.4855566,0.95784688,-0.28727323,-0.0018247366,0
3.2112994,2.954989,5.4746866e-05,0.2684297,0.89271808,0.36193916,0
-2.9491627,0.016619682,1.8278626,-0.10234642,-0.34717214,0.9321999,0
-0.99775362,4.3026695,-0.20236635,0.2684297,0.89271808,0.36193916,0
3.5204237,0.7094245,-1.4947488,0.10234642,0.34717214,-0.9321999,0
-1.1277512,-2.4901741,-2.6917636,-0.2684297,-0.89271808,-0.36193916,0
-4.244946,-1.964699,-0.87850153,-0.95784688,0.28727323,0.0018247366,0
-1.1566119,2.9826131,3.1292696,-0.10234642,-0.34717214,0.9321999,0
0.086130142,-3.418035,0.88196611,-0.10234642,-0.34717214,0.9321999,0
4.4788013,2.753916,-0.6139735,0.95784688,-0.28727323,-0.0018247366,0
-2.5322142,3.737818,0.41153526,-0.95784688,0.28727323,0.0018247366,0
0.72922003,2.4692163,3.0390234,0.2684297,0.89271808,0.36193916,0
3.5066175,-0.022051334,-1.7686825,0.10234642,0.34717214,-0.9321999,0
-1.9478502,3.5757713,2.2951503,0.2684297,0.89271808,0.36193916,0
1.7810234,0.21370184,2.4205887,-0.10234642,-0.34717214,0.9321999,0
3.2597871,2.2821014,1.6237626,0.2684297,0.89271808,0.36193916,0
3.7510524,2.9297378,-0.64253384,0.10234642,0.34717214,-0.9321999,0
-3.3634033,0.9584434,1.665576,-0.95784688,0.28727323,0.0018247366,0
-4.135911,-1.6895479,-2.4355168,-0.2684297,-0.89271808,-0.36193916,0
2.3809655,-4.134428,0.8671155,-0.10234642,-0.34717214,0.9321999,0
2.9234042,0.10670781,-1.784761,0.10234642,0.34717214,-0.9321999,0
-3.6116734,0.13330412,1.2467096,-0.95784688,0.28727323,0.0018247366,0
-1.3974425,-2.4893661,-2.4937425,-0.2684297,-0.89271808,-0.36193916,0
-0.97337604,4.4105163,-0.6097548,0.10234642,0.34717214,-0.9321999,0
1.9904444,-3.2528777,-3.1231539,-0.2684297,-0.89271808,-0.36193916,0
4.2274747,1.9044735,1.188906,0.95784688,-0.28727323,-0.0018247366,0
-0.105985,-0.043878794,-2.17344,0.10234642,0.34717214,-0.9321999,0
-1.9063926,4.1838155,0.7646718,0.2684297,0.89271808,0.36193916,0
-1.329129,1.6194688,-1.6882615,0.10234642,0.34717214,-0.9321999,0
-3.4373891,0.72680116,-0.70325446,-0.95784688,0.28727323,0.0018247366,0
1.7933724,-3.6177454,-2.0770557,-0.2684297,-0.89271808,-0.36193916,0
-0.14266443,3.4794974,1.1938055,0.2684297,0.89271808,0.36193916,0
-0.76469803,-2.7517385,1.0366969,-0.10234642,-0.34717214,0.9321999,0
0.80806136,2.6379166,2.5644546,0.2684297,0.89271808,0.36193916,0
3.5547926,-0.33271301,0.28865266,0.95784688,-0.28727323,-0.0018247366,0
-4.0851221,-1.4303777,-1.1028298,-0.95784688,0.28727323,0.0018247366,0
3.1172268,-1.7972931,1.1730721,0.95784688,-0.28727323,-0.0018247366,0
-2.8757808,2.5985568,-0.5774231,-0.95784688,0.28727323,0.0018247366,0
2.6965466,2.109978,2.4660263,0.2684297,0.89271808,0.36193916,0
-3.0964661,-3.1697564,0.44450054,-0.2684297,-0.89271808,-0.36193916,0
-1.0427995,-3.2461524,0.82203341,-0.10234642,-0.34717214,0.9321999,0
4.2495656,2.7133288,-0.17391586,0.2684297,0.89271808,0.36193916,0
-3.1303751,-1.7318562,-3.0769126,-0.2684297,-0.89271808,-0.36193916,0
2.4287419,-3.8672051,-1.9329839,-0.2684297,-0.89271808,-0.36193916,0
1.4819337,2.4801669,2.4537692,0.2684297,0.89271808,0.36193916,0
0.54429698,-3.1478205,-2.3097506,-0.2684297,-0.89271808,-0.36193916,0
-3.9123273,-0.84710932,-2.2243366,-0.95784688,0.28727323,0.0018247366,0
2.5669563,0.12709165,-1.8163037,0.10234642,0.34717214,-0.9321999,0
2.2436681,3.3649139,-0.64596057,0.10234642,0.34717214,-0.9321999,0
1.0132166,0.26826465,2.3566115,-0.10234642,-0.34717214,0.9321999,0
3.7697468,0.37644121,1.478985,0.95784688,-0.28727323,-0.0018247366,0
2.4596152,0.12503839,2.4620712,-0.10234642,-0.34717214,0.9321999,0
1.5547135,-3.1825361,-2.9734921,-0.2684297,-0.89271808,-0.36193916,0
4.1602731,1.690129,-0.34205854,0.95784688,-0.28727323,-0.0018247366,0
-4.1658621,-1.7128751,0.98931837,-0.95784688,0.28727323,0.0018247366,0
-1.2284268,3.0284672,3.1115143,0.2684297,0.89271808,0.36193916,0
-1.3119091,-0.30776167,-2.4041145,0.10234642,0.34717214,-0.9321999,0
1.4666107,-3.7375774,-1.5391498,-0.2684297,-0.89271808,-0.36193916,0
