4.3413363,-2.4014134,-2.4752908,0.94322729,0.14118889,-0.30064583,0
4.0214725,3.3037992,-0.79953814,0.94322729,0.14118889,-0.30064583,0
-3.6000657,-1.5310855,2.9541316,-0.94322729,-0.14118889,0.30064583,0
1.2064185,-1.5897126,1.9310824,0.28607073,0.1146208,0.9513284,0
4.1443982,3.5528598,-0.29691505,0.94322729,0.14118889,-0.30064583,0
-0.070753813,-2.6061769,2.4376051,0.28607073,0.1146208,0.9513284,0
2.7652264,-2.5988138,-0.32758674,0.16877723,-0.98332489,0.067723513,0
-3.0477138,0.55897558,2.9514432,0.28607073,0.1146208,0.9513284,0
-1.9828914,0.19189972,2.6754711,0.28607073,0.1146208,0.9513284,0
3.4955294,3.4252887,-2.3925443,0.94322729,0.14118889,-0.30064583,0
1.1049392,1.8266861,-2.6546745,-0.28607073,-0.1146208,-0.9513284,0
3.5461669,3.4892979,-2.2036171,0.94322729,0.14118889,-0.30064583,0
-4.6948805,-1.4849801,-0.45902038,-0.94322729,-0.14118889,0.30064583,0
-2.0289292,-1.2951384,2.8684812,0.28607073,0.1146208,0.9513284,0
-3.5077863,-1.3748863,-0.88185573,-0.28607073,-0.1146208,-0.9513284,0
-2.7827139,2.7034571,1.890558,-0.16877723,0.98332489,-0.067723513,0
3.7698607,2.3873312,-2.0193183,0.94322729,0.14118889,-0.30064583,0
-2.8165894,2.0045938,-1.4968799,-0.28607073,-0.1146208,-0.9513284,0
2.1141768,3.2685113,-2.1088197,-0.16877723,0.98332489,-0.067723513,0
3.5534387,-2.4392896,0.024312139,0.16877723,-0.98332489,0.067723513,0
1.9259996,-2.6615129,0.85352045,0.16877723,-0.98332489,0.067723513,0
1.147872,3.3388581,1.3207728,-0.16877723,0.98332489,-0.067723513,0
5.2076344,-1.5731235,0.63155985,0.94322729,0.14118889,-0.30064583,0
-3.8204124,-1.9297203,2.0756238,-0.94322729,-0.14118889,0.30064583,0
0.78982711,2.9034739,-2.6896551,-0.28607073,-0.1146208,-0.9513284,0
-5.0682039,1.38411,-0.28288293,-0.94322729,-0.14118889,0.30064583,0
1.4825931,-2.1517718,-2.2888927,-0.28607073,-0.1146208,-0.9513284,0
4.4581594,-1.4838713,-1.6778817,0.94322729,0.14118889,-0.30064583,0
4.6255651,-0.72551131,-0.79653478,0.94322729,0.14118889,-0.30064583,0
0.95933729,0.45643854,-2.4457967,-0.28607073,-0.1146208,-0.9513284,0
3.6451085,1.0998808,-3.0153191,0.94322729,0.14118889,-0.30064583,0
3.3056922,3.5546975,-0.9229207,-0.16877723,0.98332489,-0.067723513,0
-4.9349346,2.1948268,-0.13093686,-0.16877723,0.98332489,-0.067723513,0
-3.7489741,-2.0218556,2.2564814,-0.94322729,-0.14118889,0.30064583,0
-1.8149067,-3.3971782,-0.50521445,0.16877723,-0.98332489,0.067723513,0
-2.5205388,0.28815785,2.8255472,0.28607073,0.1146208,0.9513284,0
-2.4101598,2.6613235,0.35033384,-0.16877723,0.98332489,-0.067723513,0
0.38295031,-2.3311701,2.2680392,0.28607073,0.1146208,0.9513284,0
0.58805156,2.988389,-2.3727732,-0.16877723,0.98332489,-0.067723513,0
-4.1102438,0.269593,2.1991632,-0.94322729,-0.14118889,0.30064583,0
4.1530313,-1.5032556,-2.6442752,0.94322729,0.14118889,-0.30064583,0
-3.7932925,-1.5270009,2.3498323,-0.94322729,-0.14118889,0.30064583,0
-3.6613033,2.58635,2.3797779,-0.16877723,0.98332489,-0.067723513,0
4.0021091,3.2875476,-0.86791897,0.94322729,0.14118889,-0.30064583,0
-1.7811747,-2.6335607,2.9552395,0.28607073,0.1146208,0.9513284,0
-4.99967,1.9150641,0.18147612,-0.94322729,-0.14118889,0.30064583,0
-4.1964779,0.707048,2.1340549,-0.94322729,-0.14118889,0.30064583,0
-3.738404,-2.5430343,2.0448875,-0.94322729,-0.14118889,0.30064583,0
-3.745095,-2.052542,2.25424,-0.94322729,-0.14118889,0.30064583,0
2.8756323,3.3984406,-2.1199474,-0.16877723,0.98332489,-0.067723513,0
4.3586063,2.876616,0.057552814,0.94322729,0.14118889,-0.30064583,0
-1.6590102,2.15065,-1.8625693,-0.28607073,-0.1146208,-0.9513284,0
-4.725234,1.853007,1.0133321,-0.94322729,-0.14118889,0.30064583,0
-0.056475282,2.8691413,1.7736174,0.28607073,0.1146208,0.9513284,0
1.3236806,-2.7609396,0.91094548,0.16877723,-0.98332489,0.067723513,0
-0.78590035,1.9002652,-2.0949516,-0.28607073,-0.1146208,-0.9513284,0
-2.9275141,2.560977,0.18265742,-0.16877723,0.98332489,-0.067723513,0
4.2607646,1.3061991,-0.98690677,0.94322729,0.14118889,-0.30064583,0
2.181114,-2.5688844,1.5626755,0.16877723,-0.98332489,0.067723513,0
-1.5154121,2.892453,1.4764149,-0.16877723,0.98332489,-0.067723513,0
-3.951333,-0.10207278,2.5231779,-0.94322729,-0.14118889,0.30064583,0
-4.1298828,1.5071036,2.7187076,-0.94322729,-0.14118889,0.30064583,0
-3.2647667,-1.2213658,3.2312171,0.28607073,0.1146208,0.9513284,0
4.0815744,-2.5455627,-2.8349357,0.16877723,-0.98332489,0.067723513,0
-4.3450027,1.7290606,2.1480386,-0.94322729,-0.14118889,0.30064583,0
4.2068439,3.6514838,-0.054686069,0.94322729,0.14118889,-0.30064583,0
1.8159636,-2.8514738,-1.6304307,0.16877723,-0.98332489,0.067723513,0
-2.6969905,2.4868448,-1.4682214,-0.16877723,0.98332489,-0.067723513,0
-0.70489979,-3.1186178,0.77309084,0.16877723,-0.98332489,0.067723513,0
-4.0021048,-2.2310615,1.3640776,-0.94322729,-0.14118889,0.30064583,0
-4.4677391,2.2327411,-0.74475467,-0.16877723,0.98332489,-0.067723513,0
3.8484159,-2.514605,-1.8043764,0.16877723,-0.98332489,0.067723513,0
-1.7478969,2.5528066,2.3203526,0.28607073,0.1146208,0.9513284,0
-4.1439743,0.66968018,2.2812271,-0.94322729,-0.14118889,0.30064583,0
4.2387495,3.4052494,-0.070222855,0.94322729,0.14118889,-0.30064583,0
-3.0983405,1.1544795,2.8949175,0.28607073,0.1146208,0.9513284,0
4.1856246,-2.1302204,-2.8364537,0.94322729,0.14118889,-0.30064583,0
3.6633377,1.1206844,-2.9483573,0.94322729,0.14118889,-0.30064583,0
-0.71967721,-3.1493466,0.36375189,0.16877723,-0.98332489,0.067723513,0
1.746892,-1.8182752,1.7960966,0.28607073,0.1146208,0.9513284,0
1.2617707,-2.4075198,2.0129712,0.28607073,0.1146208,0.9513284,0
-2.1978872,2.7980733,1.8068787,-0.16877723,0.98332489,-0.067723513,0
4.7430143,-0.092467308,-0.13076806,0.94322729,0.14118889,-0.30064583,0
3.8358657,1.2580261,0.79728007,0.28607073,0.1146208,0.9513284,0
-4.9396472,1.029388,-0.046142101,-0.94322729,-0.14118889,0.30064583,0
4.3801923,-0.71393752,-1.5609167,0.94322729,0.14118889,-0.30064583,0
0.28820324,2.0425951,-2.4350901,-0.28607073,-0.1146208,-0.9513284,0
-1.1127858,-2.2564788,2.7088175,0.28607073,0.1146208,0.9513284,0
1.8665118,1.4254276,-2.8353386,-0.28607073,-0.1146208,-0.9513284,0
-4.9025898,0.025865316,-0.40115261,-0.94322729,-0.14118889,0.30064583,0
4.1255002,3.7564642,-0.036413193,-0.16877723,0.98332489,-0.067723513,0
-3.9912651,0.45574772,2.6598613,-0.94322729,-0.14118889,0.30064583,0
-0.14737082,3.1093774,1.2167244,-0.16877723,0.98332489,-0.067723513,0
-3.3680208,1.978592,2.876719,0.28607073,0.1146208,0.9513284,0
3.4176981,2.6727297,-2.9901421,0.94322729,0.14118889,-0.30064583,0
4.1381469,3.6239934,-0.28312206,0.94322729,0.14118889,-0.30064583,0
-3.1668694,-2.2518682,3.3259389,0.28607073,0.1146208,0.9513284,0
-3.2501645,2.590795,1.4196992,-0.16877723,0.98332489,-0.067723513,0
2.7517581,3.4762311,-0.68173528,-0.16877723,0.98332489,-0.067723513,0
-4.5360699,0.97508049,1.1945136,-0.94322729,-0.14118889,0.30064583,0
3.8289323,2.2134042,-1.9156713,0.94322729,0.14118889,-0.30064583,0
4.6974678,-0.40244365,-0.4192338,0.94322729,0.14118889,-0.30064583,0
-0.823452,3.0203142,1.6084479,-0.16877723,0.98332489,-0.067723513,0
4.9183421,-1.82183,-0.39284658,0.94322729,0.14118889,-0.30064583,0
-3.8234425,1.9487286,-1.1873817,-0.28607073,-0.1146208,-0.9513284,0
-2.5467033,0.65737003,2.7889307,0.28607073,0.1146208,0.9513284,0
-2.4227505,2.5384979,-1.4016794,-0.16877723,0.98332489,-0.067723513,0
-4.7880168,1.4389111,0.62189436,-0.94322729,-0.14118889,0.30064583,0
-4.0751467,2.5448465,2.8085175,-0.16877723,0.98332489,-0.067723513,0
3.5076036,-2.3715816,1.1216403,0.16877723,-0.98332489,0.067723513,0
-0.48237228,2.8112822,-2.2766566,-0.16877723,0.98332489,-0.067723513,0
2.1833122,2.8033791,-3.0966251,-0.28607073,-0.1146208,-0.9513284,0
4.0102377,3.7666779,0.39913559,-0.16877723,0.98332489,-0.067723513,0
-3.7921741,0.052767545,3.0952291,-0.94322729,-0.14118889,0.30064583,0
4.8658972,-0.7474556,0.72917342,0.28607073,0.1146208,0.9513284,0
0.21321988,2.9788327,-1.5773897,-0.16877723,0.98332489,-0.067723513,0
-0.015770912,3.0279331,-0.29379022,-0.16877723,0.98332489,-0.067723513,0
-3.8639989,-2.2762492,1.7761419,-0.94322729,-0.14118889,0.30064583,0
0.70745754,-2.8048596,1.8089633,0.16877723,-0.98332489,0.067723513,0
0.38875693,2.3149929,1.7064998,0.28607073,0.1146208,0.9513284,0
-3.8685141,-2.9361715,1.4520645,-0.94322729,-0.14118889,0.30064583,0
-1.5066278,2.6590557,-1.9343325,-0.16877723,0.98332489,-0.067723513,0
-3.8401349,-2.6975846,1.6531444,-0.94322729,-0.14118889,0.30064583,0
-3.646456,-3.631983,0.64999008,0.16877723,-0.98332489,0.067723513,0
-2.579525,-0.12322545,-1.3117967,-0.28607073,-0.1146208,-0.9513284,0
-4.4666872,2.3302794,0.66884804,-0.16877723,0.98332489,-0.067723513,0
3.9361274,2.2160335,-1.5781286,0.94322729,0.14118889,-0.30064583,0
-4.3028154,-2.0479858,0.50662184,-0.94322729,-0.14118889,0.30064583,0
2.4189281,-0.13023701,-2.8140197,-0.28607073,-0.1146208,-0.9513284,0
2.0169163,-2.7594976,-0.79576612,0.16877723,-0.98332489,0.067723513,0
3.7945025,1.0776285,-2.5570698,0.94322729,0.14118889,-0.30064583,0
3.4403577,-2.4082537,0.75675619,0.16877723,-0.98332489,0.067723513,0
4.2834749,1.1688595,0.67342448,0.28607073,0.1146208,0.9513284,0
0.29484296,2.9406612,-2.3350451,-0.16877723,0.98332489,-0.067723513,0
-1.7031944,-3.2433977,1.4492261,0.16877723,-0.98332489,0.067723513,0
1.8413756,1.7298324,-2.8644562,-0.28607073,-0.1146208,-0.9513284,0
-0.095738173,2.9310887,-1.50065,-0.16877723,0.98332489,-0.067723513,0
3.8278008,-0.18421578,0.97347391,0.28607073,0.1146208,0.9513284,0
-3.8646488,-1.4814444,2.1473575,-0.94322729,-0.14118889,0.30064583,0
2.7912283,2.1013618,-3.1948471,-0.28607073,-0.1146208,-0.9513284,0
0.54909623,1.9337461,1.7042192,0.28607073,0.1146208,0.9513284,0
2.2369113,-2.6271694,0.57733667,0.16877723,-0.98332489,0.067723513,0
-2.5200052,-2.2020168,-1.0792313,-0.28607073,-0.1146208,-0.9513284,0
-3.3525441,0.11187339,-1.1076703,-0.28607073,-0.1146208,-0.9513284,0
1.4894397,-2.6785307,1.6943984,0.16877723,-0.98332489,0.067723513,0
-1.3303189,-3.3055725,-0.38279223,0.16877723,-0.98332489,0.067723513,0
4.6596227,1.0579829,0.14787769,0.94322729,0.14118889,-0.30064583,0
-0.2760545,-3.1620696,-0.92656052,0.16877723,-0.98332489,0.067723513,0
2.6973975,2.7665265,0.95787311,0.28607073,0.1146208,0.9513284,0
3.8833215,2.0555327,-1.8191729,0.94322729,0.14118889,-0.30064583,0
-1.4276396,-1.4205055,-1.5018731,-0.28607073,-0.1146208,-0.9513284,0
1.5967084,-2.8460205,-1.0048317,0.16877723,-0.98332489,0.067723513,0
3.4207129,2.7384889,-2.9498022,0.94322729,0.14118889,-0.30064583,0
0.084618688,3.1791101,1.6510708,-0.16877723,0.98332489,-0.067723513,0
-0.26397109,1.5688303,-2.2119665,-0.28607073,-0.1146208,-0.9513284,0
-2.1254497,1.2995019,-1.6197575,-0.28607073,-0.1146208,-0.9513284,0
2.7006478,3.3988891,-1.6773489,-0.16877723,0.98332489,-0.067723513,0
2.96048,-2.3675535,1.4973426,0.28607073,0.1146208,0.9513284,0
1.5194099,-2.7354302,0.79354787,0.16877723,-0.98332489,0.067723513,0
-2.3102765,1.6788355,-1.6098826,-0.28607073,-0.1146208,-0.9513284,0
1.0226762,3.2168074,-0.13936186,-0.16877723,0.98332489,-0.067723513,0
4.4876871,0.154603,-0.81578517,0.94322729,0.14118889,-0.30064583,0
-2.1585412,2.811013,1.8967071,-0.16877723,0.98332489,-0.067723513,0
-1.0043905,-3.0539203,2.4588625,0.16877723,-0.98332489,0.067723513,0
-3.9632709,2.5147219,2.092308,-0.16877723,0.98332489,-0.067723513,0
3.0872066,3.0896411,0.80172467,0.28607073,0.1146208,0.9513284,0
3.8634937,3.1857324,-1.3506145,0.94322729,0.14118889,-0.30064583,0
-0.28271616,3.1132202,1.6098236,-0.16877723,0.98332489,-0.067723513,0
2.4608693,-2.6918783,-0.92035186,0.16877723,-0.98332489,0.067723513,0
-0.17533875,2.771297,-2.383498,-0.28607073,-0.1146208,-0.9513284,0
3.2500892,3.062063,-3.3331504,0.94322729,0.14118889,-0.30064583,0
-0.22490954,-1.1710954,2.3110549,0.28607073,0.1146208,0.9513284,0
-0.22973609,3.0531676,0.60583806,-0.16877723,0.98332489,-0.067723513,0
1.5588045,-2.6947386,1.2861967,0.16877723,-0.98332489,0.067723513,0
3.871619,0.72812891,-2.4792609,0.94322729,0.14118889,-0.30064583,0
4.0253077,0.47069156,-2.1179852,0.94322729,0.14118889,-0.30064583,0
-4.687077,1.0094599,0.73689818,-0.94322729,-0.14118889,0.30064583,0
3.5508928,3.3999498,-2.2307501,0.94322729,0.14118889,-0.30064583,0
4.070097,3.0823681,-0.75097418,0.94322729,0.14118889,-0.30064583,0
-1.1556182,-0.60058248,2.5221868,0.28607073,0.1146208,0.9513284,0
-2.5835407,-2.0428159,-1.0793071,-0.28607073,-0.1146208,-0.9513284,0
0.3954649,-3.0403275,-0.83243072,0.16877723,-0.98332489,0.067723513,0
3.7600169,1.2749028,-2.572619,0.94322729,0.14118889,-0.30064583,0
4.1643944,-2.4776912,-2.0558639,0.16877723,-0.98332489,0.067723513,0
0.95929861,-1.7901676,2.0295446,0.28607073,0.1146208,0.9513284,0
4.5662222,-2.3725655,-1.5308869,0.16877723,-0.98332489,0.067723513,0
2.4382885,-2.7755346,-2.078742,0.16877723,-0.98332489,0.067723513,0
3.7934368,1.3827937,-2.4171016,0.94322729,0.14118889,-0.30064583,0
0.44749236,2.103653,-2.4903464,-0.28607073,-0.1146208,-0.9513284,0
4.4142094,2.7198493,0.15837765,0.94322729,0.14118889,-0.30064583,0
-3.9196901,-1.2365315,2.0896895,-0.94322729,-0.14118889,0.30064583,0
-4.6011672,1.714123,-0.9252485,-0.28607073,-0.1146208,-0.9513284,0
0.84911108,2.031502,-2.6024227,-0.28607073,-0.1146208,-0.9513284,0
-3.9666929,-2.0396676,1.5650597,-0.94322729,-0.14118889,0.30064583,0
0.84447885,3.2213941,0.37132907,-0.16877723,0.98332489,-0.067723513,0
5.0064983,-1.895548,-0.1508894,0.94322729,0.14118889,-0.30064583,0
-3.7430625,-0.4387846,-0.92389274,-0.28607073,-0.1146208,-0.9513284,0
1.6248318,1.1188369,-2.7257247,-0.28607073,-0.1146208,-0.9513284,0
4.1134124,0.40755415,-1.8712208,0.94322729,0.14118889,-0.30064583,0
4.2153397,1.0977414,-1.2273171,0.94322729,0.14118889,-0.30064583,0
3.3828058,3.2119763,-2.8463719,0.94322729,0.14118889,-0.30064583,0
-4.6322484,-0.25592613,0.31466532,-0.94322729,-0.14118889,0.30064583,0
1.2091266,1.703132,1.5335293,0.28607073,0.1146208,0.9513284,0
2.3626637,3.3285332,-1.8565862,-0.16877723,0.98332489,-0.067723513,0
-3.8313611,2.4255929,0.46944356,-0.16877723,0.98332489,-0.067723513,0
-3.3751073,-3.3568389,2.8024938,-0.94322729,-0.14118889,0.30064583,0
2.4149885,-2.6430054,-0.096388131,0.16877723,-0.98332489,0.067723513,0
-0.54039705,0.78990066,2.1696534,0.28607073,0.1146208,0.9513284,0
3.5105441,1.1430964,0.90895367,0.28607073,0.1146208,0.9513284,0
-3.860966,-2.3760085,1.7388077,-0.94322729,-0.14118889,0.30064583,0
-0.72181302,2.3928478,2.031075,0.28607073,0.1146208,0.9513284,0
3.0895381,2.7289212,-3.3601627,-0.28607073,-0.1146208,-0.9513284,0
1.7084148,-2.9086282,-2.1922669,0.16877723,-0.98332489,0.067723513,0
-1.8362381,1.2436004,-1.6999898,-0.28607073,-0.1146208,-0.9513284,0
-4.320806,-3.5875952,-0.27284908,-0.94322729,-0.14118889,0.30064583,0
3.1557264,2.9025159,-3.4009814,-0.28607073,-0.1146208,-0.9513284,0
-3.6885481,-3.2747436,1.8576794,-0.94322729,-0.14118889,0.30064583,0
-3.2022369,-3.4472542,2.225136,0.16877723,-0.98332489,0.067723513,0
0.65865517,3.1731899,0.13452411,-0.16877723,0.98332489,-0.067723513,0
2.5983477,-2.7772174,-2.5490508,-0.28607073,-0.1146208,-0.9513284,0
2.6566181,-2.5218573,1.0604643,0.16877723,-0.98332489,0.067723513,0
1.8378582,-1.9863489,1.7889928,0.28607073,0.1146208,0.9513284,0
-0.17891383,2.9016614,-1.7206343,-0.16877723,0.98332489,-0.067723513,0
-1.3349768,2.9185936,1.4062976,-0.16877723,0.98332489,-0.067723513,0
-0.24037242,-3.0266333,0.95101225,0.16877723,-0.98332489,0.067723513,0
-2.254662,2.6311398,-0.47545123,-0.16877723,0.98332489,-0.067723513,0
-1.3887562,-2.2203774,-1.4171931,-0.28607073,-0.1146208,-0.9513284,0
0.93626791,-0.61911076,-2.3092721,-0.28607073,-0.1146208,-0.9513284,0
-5.3063688,2.0203986,-0.73127401,-0.94322729,-0.14118889,0.30064583,0
4.8495083,0.47310901,0.58704209,0.28607073,0.1146208,0.9513284,0
-3.5547256,-1.8192997,-0.81419563,-0.28607073,-0.1146208,-0.9513284,0
-4.0166831,-0.029576063,2.3521988,-0.94322729,-0.14118889,0.30064583,0
-4.0848808,1.5158525,2.8640008,-0.94322729,-0.14118889,0.30064583,0
-3.0001154,2.4942396,-0.60542023,-0.16877723,0.98332489,-0.067723513,0
1.9745028,-2.6230826,1.2906331,0.16877723,-0.98332489,0.067723513,0
4.5057454,0.38457036,-0.65113401,0.94322729,0.14118889,-0.30064583,0
-0.71704626,1.2627785,-2.0388489,-0.28607073,-0.1146208,-0.9513284,0
-4.686974,-0.98627782,-0.20001435,-0.94322729,-0.14118889,0.30064583,0
3.093323,-1.3098127,-2.8746934,-0.28607073,-0.1146208,-0.9513284,0
-0.94032705,0.62855661,2.3093545,0.28607073,0.1146208,0.9513284,0
0.36678815,1.6657685,-2.4133193,-0.28607073,-0.1146208,-0.9513284,0
-2.0188775,-3.3796265,0.25795674,0.16877723,-0.98332489,0.067723513,0
-3.4058759,-2.3705728,3.1691315,-0.94322729,-0.14118889,0.30064583,0
-4.3833714,-2.2836506,0.14321852,-0.94322729,-0.14118889,0.30064583,0
3.5200503,1.4940902,-3.2225404,0.94322729,0.14118889,-0.30064583,0
-0.22541833,-3.0631189,0.38398123,0.16877723,-0.98332489,0.067723513,0
-3.5322173,2.4499986,0.078294158,-0.16877723,0.98332489,-0.067723513,0
0.92219859,-1.930126,-2.1470835,-0.28607073,-0.1146208,-0.9513284,0
3.9584341,-0.32611257,-2.7019842,0.94322729,0.14118889,-0.30064583,0
-4.2583141,-0.35736465,1.4401867,-0.94322729,-0.14118889,0.30064583,0
4.2935891,2.0439887,-0.53744602,0.94322729,0.14118889,-0.30064583,0
3.6649044,-2.48947,-2.9044406,-0.28607073,-0.1146208,-0.9513284,0
-3.8458643,2.4352112,0.64524591,-0.16877723,0.98332489,-0.067723513,0
-0.25274467,-2.015501,2.4211633,0.28607073,0.1146208,0.9513284,0
-4.9469023,2.1439602,-0.83967936,-0.16877723,0.98332489,-0.067723513,0
-0.055185556,-0.41013753,-2.0363135,-0.28607073,-0.1146208,-0.9513284,0
-2.6934519,-2.094861,-1.0399854,-0.28607073,-0.1146208,-0.9513284,0
-4.1762552,-0.33171713,1.7096763,-0.94322729,-0.14118889,0.30064583,0
2.5832973,2.0702755,1.0760717,0.28607073,0.1146208,0.9513284,0
-2.5355654,1.6845521,-1.5428257,-0.28607073,-0.1146208,-0.9513284,0
-3.516479,-1.5460191,3.2093577,-0.94322729,-0.14118889,0.30064583,0
-3.1099925,-0.93305779,3.1499386,0.28607073,0.1146208,0.9513284,0
0.14699435,2.9858818,-1.3099955,-0.16877723,0.98332489,-0.067723513,0
2.1318398,3.4626989,0.66670847,-0.16877723,0.98332489,-0.067723513,0
2.8669944,-0.58385777,1.3105454,0.28607073,0.1146208,0.9513284,0
-1.9332476,-0.14660448,2.7013276,0.28607073,0.1146208,0.9513284,0
0.52412891,-2.834255,1.839034,0.16877723,-0.98332489,0.067723513,0
3.2444081,3.4027157,-2.9769194,-0.16877723,0.98332489,-0.067723513,0
1.8350562,3.3611407,-0.068258286,-0.16877723,0.98332489,-0.067723513,0
4.0475826,0.98370397,-1.8071806,0.94322729,0.14118889,-0.30064583,0
3.9454432,-0.62519526,-2.8831954,0.94322729,0.14118889,-0.30064583,0
4.6194491,-0.26986623,-0.60174322,0.94322729,0.14118889,-0.30064583,0
4.9899917,-0.40146399,0.49897242,0.94322729,0.14118889,-0.30064583,0
4.8172441,-0.034478903,0.12934875,0.94322729,0.14118889,-0.30064583,0
-0.27442637,1.8427724,1.9628189,0.28607073,0.1146208,0.9513284,0
4.5021892,-0.6288321,0.82425022,0.28607073,0.1146208,0.9513284,0
-4.2579241,-2.0504329,-0.57489133,-0.28607073,-0.1146208,-0.9513284,0
4.0917473,0.99236536,0.75234294,0.28607073,0.1146208,0.9513284,0
4.8932161,-1.0630693,-0.11534667,0.94322729,0.14118889,-0.30064583,0
2.8041437,1.2114141,1.1131418,0.28607073,0.1146208,0.9513284,0
-3.8468132,-1.7059395,-0.74002099,-0.28607073,-0.1146208,-0.9513284,0
0.36172509,-2.2266726,2.2618313,0.28607073,0.1146208,0.9513284,0
1.9813929,2.9574099,1.150182,0.28607073,0.1146208,0.9513284,0
-3.9463308,2.4814153,1.5664914,-0.16877723,0.98332489,-0.067723513,0
3.6162994,0.78560495,0.92022443,0.28607073,0.1146208,0.9513284,0
-3.7530138,-0.80260265,2.8163908,-0.94322729,-0.14118889,0.30064583,0
-1.394501,0.087620497,-1.693545,-0.28607073,-0.1146208,-0.9513284,0
3.6073136,-1.7083914,-2.9812312,-0.28607073,-0.1146208,-0.9513284,0
-3.8169477,2.3899322,-0.084257245,-0.16877723,0.98332489,-0.067723513,0
4.4230289,-2.1672456,-2.1090229,0.94322729,0.14118889,-0.30064583,0
-4.5826464,2.0510581,-0.97141349,-0.28607073,-0.1146208,-0.9513284,0
4.272974,2.7231503,-0.28317451,0.94322729,0.14118889,-0.30064583,0
5.2058492,-2.1131577,0.37234688,0.94322729,0.14118889,-0.30064583,0
-0.70181751,3.0032115,1.0569921,-0.16877723,0.98332489,-0.067723513,0
-4.8138208,-0.55974603,-0.39766717,-0.94322729,-0.14118889,0.30064583,0
-0.15881157,-2.9973135,1.1734629,0.16877723,-0.98332489,0.067723513,0
4.1903424,-2.3967052,-2.9467983,0.94322729,0.14118889,-0.30064583,0
-2.907675,1.3291583,2.8165371,0.28607073,0.1146208,0.9513284,0
2.4383981,-0.18810785,-2.8129015,-0.28607073,-0.1146208,-0.9513284,0
3.9950733,-0.69564712,-2.7605743,0.94322729,0.14118889,-0.30064583,0
3.3661671,3.1393661,-2.9326711,0.94322729,0.14118889,-0.30064583,0
0.93402457,3.1093264,-1.4790182,-0.16877723,0.98332489,-0.067723513,0
1.777539,-2.8648715,-1.7291976,0.16877723,-0.98332489,0.067723513,0
-4.9712238,0.66391587,-0.31684017,-0.94322729,-0.14118889,0.30064583,0
-1.0873926,2.8023326,-0.89879459,-0.16877723,0.98332489,-0.067723513,0
-4.5940523,-0.58106542,0.2818079,-0.94322729,-0.14118889,0.30064583,0
2.0790811,3.3450229,-0.91042876,-0.16877723,0.98332489,-0.067723513,0
0.8255536,2.2336373,1.5849543,0.28607073,0.1146208,0.9513284,0
-3.2975278,-2.5968084,3.4028118,-0.94322729,-0.14118889,0.30064583,0
-2.2951913,-0.046264887,-1.4065702,-0.28607073,-0.1146208,-0.9513284,0
4.2530475,2.3054855,-0.54183578,0.94322729,0.14118889,-0.30064583,0
4.890769,-2.1616085,0.72332966,0.16877723,-0.98332489,0.067723513,0
2.150805,0.17635363,-2.7703328,-0.28607073,-0.1146208,-0.9513284,0
1.638047,-2.2805743,1.8845272,0.28607073,0.1146208,0.9513284,0
-1.8308731,2.8791184,2.0689774,-0.16877723,0.98332489,-0.067723513,0
3.7435892,-2.2689409,1.2499751,0.28607073,0.1146208,0.9513284,0
-1.1398263,-3.1556687,1.31903,0.16877723,-0.98332489,0.067723513,0
-3.9802837,0.59026253,2.7574844,-0.94322729,-0.14118889,0.30064583,0
-1.2588995,-3.1047683,2.3548334,0.16877723,-0.98332489,0.067723513,0
3.3281801,0.078284979,1.0920856,0.28607073,0.1146208,0.9513284,0
4.0687451,1.104615,-1.6840043,0.94322729,0.14118889,-0.30064583,0
1.3580831,-2.8601239,-0.61491615,0.16877723,-0.98332489,0.067723513,0
-3.678061,-1.2114797,2.8595264,-0.94322729,-0.14118889,0.30064583,0
-3.6350513,1.2083116,-1.1548233,-0.28607073,-0.1146208,-0.9513284,0
-2.3910792,2.7638202,1.7909997,-0.16877723,0.98332489,-0.067723513,0
-3.2495689,2.2650886,-1.398066,-0.28607073,-0.1146208,-0.9513284,0
-4.428874,-0.27316332,0.94462466,-0.94322729,-0.14118889,0.30064583,0
-1.9097621,-3.4439385,-0.94776487,0.16877723,-0.98332489,0.067723513,0
-1.8774953,2.1219597,-1.7934127,-0.28607073,-0.1146208,-0.9513284,0
2.6441672,-2.7396512,-2.0708089,0.16877723,-0.98332489,0.067723513,0
-0.015236616,-1.9845228,2.3460107,0.28607073,0.1146208,0.9513284,0
-4.7805252,2.2601683,0.43298578,-0.16877723,0.98332489,-0.067723513,0
-0.0094029903,-2.9278257,1.8100547,0.16877723,-0.98332489,0.067723513,0
4.6268582,0.50310755,-0.21549606,0.94322729,0.14118889,-0.30064583,0
-1.4867423,-1.4050131,-1.4859674,-0.28607073,-0.1146208,-0.9513284,0
-1.829795,-0.50163198,-1.491653,-0.28607073,-0.1146208,-0.9513284,0
4.1132388,-2.3982501,-0.77491724,0.16877723,-0.98332489,0.067723513,0
2.469557,3.3326488,-2.06322,-0.16877723,0.98332489,-0.067723513,0
-4.1738243,-3.1908102,0.37461901,-0.94322729,-0.14118889,0.30064583,0
0.81316352,3.0892994,-1.4685967,-0.16877723,0.98332489,-0.067723513,0
2.7324986,3.5414789,0.31363606,-0.16877723,0.98332489,-0.067723513,0
-0.037987947,3.125689,1.1809676,-0.16877723,0.98332489,-0.067723513,0
0.55852199,3.0364046,-1.6020072,-0.16877723,0.98332489,-0.067723513,0
-2.7594624,-3.4369569,1.2711864,0.16877723,-0.98332489,0.067723513,0
-0.96654028,-0.83576751,-1.710981,-0.28607073,-0.1146208,-0.9513284,0
4.1533966,1.1192415,0.71851802,0.28607073,0.1146208,0.9513284,0
-0.96092188,-3.2985892,-1.2019879,0.16877723,-0.98332489,0.067723513,0
-3.2153606,2.32288,2.7893317,0.28607073,0.1146208,0.9513284,0
-1.7353494,-3.20157,2.1366942,0.16877723,-0.98332489,0.067723513,0
3.4109678,2.6478908,-3.0229235,0.94322729,0.14118889,-0.30064583,0
-4.4199672,-1.774101,-0.55945754,-0.28607073,-0.1146208,-0.9513284,0
-3.0461617,2.6569424,1.871732,-0.16877723,0.98332489,-0.067723513,0
3.3742185,-2.2212667,-2.849344,-0.28607073,-0.1146208,-0.9513284,0
-3.9791245,-1.5223225,1.769011,-0.94322729,-0.14118889,0.30064583,0
1.8212001,3.2071404,-2.2697623,-0.16877723,0.98332489,-0.067723513,0
-1.7517316,2.7162657,-0.49282497,-0.16877723,0.98332489,-0.067723513,0
4.0788169,2.8505254,-0.83249378,0.94322729,0.14118889,-0.30064583,0
-3.0577703,2.2933967,-1.4591519,-0.28607073,-0.1146208,-0.9513284,0
-1.2879903,2.6965857,-1.934289,-0.16877723,0.98332489,-0.067723513,0
-1.0273377,1.6373754,2.2139716,0.28607073,0.1146208,0.9513284,0
2.3844972,-0.99798858,1.5055323,0.28607073,0.1146208,0.9513284,0
2.6507044,3.404176,-1.4761176,-0.16877723,0.98332489,-0.067723513,0
3.4813731,3.5810227,-0.97850847,-0.16877723,0.98332489,-0.067723513,0
-1.5204681,2.0823789,2.3086429,0.28607073,0.1146208,0.9513284,0
-3.7986379,-1.0192163,-0.83724785,-0.28607073,-0.1146208,-0.9513284,0
2.8898549,-2.5883942,-0.48689711,0.16877723,-0.98332489,0.067723513,0
1.7593806,-2.7469487,0.028256327,0.16877723,-0.98332489,0.067723513,0
3.8082082,2.3316674,-1.9251502,0.94322729,0.14118889,-0.30064583,0
-4.1020665,-2.1320529,1.0969596,-0.94322729,-0.14118889,0.30064583,0
-2.1232696,2.0013826,-1.7049789,-0.28607073,-0.1146208,-0.9513284,0
0.47230196,-0.31809616,-2.206022,-0.28607073,-0.1146208,-0.9513284,0
-1.6599007,-2.8908501,2.9497709,0.28607073,0.1146208,0.9513284,0
0.82607424,1.9597024,1.6178027,0.28607073,0.1146208,0.9513284,0
-1.1733906,-0.72053444,-1.6626637,-0.28607073,-0.1146208,-0.9513284,0
3.6573036,-2.4769292,-0.7810514,0.16877723,-0.98332489,0.067723513,0
-0.54080367,-0.70188683,2.3495138,0.28607073,0.1146208,0.9513284,0
2.9069297,-2.6272941,-1.0942593,0.16877723,-0.98332489,0.067723513,0
0.6509856,3.2075837,0.65302455,-0.16877723,0.98332489,-0.067723513,0
2.8584054,-2.4446325,-2.6673234,-0.28607073,-0.1146208,-0.9513284,0
-4.401042,-1.5567286,0.42915535,-0.94322729,-0.14118889,0.30064583,0
-2.4930546,-3.4054275,-0.94234252,-0.28607073,-0.1146208,-0.9513284,0
-2.5038161,-1.3326635,-1.1888435,-0.28607073,-0.1146208,-0.9513284,0
4.6855197,1.3716347,0.37642288,0.94322729,0.14118889,-0.30064583,0
-1.0979846,1.3003454,-1.9288245,-0.28607073,-0.1146208,-0.9513284,0
3.9768236,-1.1177684,-3.0160666,0.94322729,0.14118889,-0.30064583,0
-4.3900414,1.3625089,1.8345973,-0.94322729,-0.14118889,0.30064583,0
3.8043468,3.6837716,-0.29152584,-0.16877723,0.98332489,-0.067723513,0
4.9254918,-0.99823904,0.016359806,0.94322729,0.14118889,-0.30064583,0
-3.2626595,1.3185904,-1.2800909,-0.28607073,-0.1146208,-0.9513284,0
1.7618334,-2.3729897,1.8584385,0.28607073,0.1146208,0.9513284,0
3.9947457,1.3210968,-1.8145018,0.94322729,0.14118889,-0.30064583,0
4.2601609,2.7594357,0.48879385,0.28607073,0.1146208,0.9513284,0
1.3923692,-1.3950901,1.8517165,0.28607073,0.1146208,0.9513284,0
-0.54306793,-2.0013759,2.5067635,0.28607073,0.1146208,0.9513284,0
4.1396422,0.76945138,-1.6189756,0.94322729,0.14118889,-0.30064583,0
-1.7204978,2.6914294,-0.93128115,-0.16877723,0.98332489,-0.067723513,0
4.2886319,-0.2252562,-1.6186779,0.94322729,0.14118889,-0.30064583,0
2.7120459,2.0867364,1.035373,0.28607073,0.1146208,0.9513284,0
1.1159325,-2.9288144,-1.0088073,0.16877723,-0.98332489,0.067723513,0
1.719855,0.91174984,1.4752995,0.28607073,0.1146208,0.9513284,0
-3.6592207,-2.4058111,2.3577547,-0.94322729,-0.14118889,0.30064583,0
-4.4979086,2.1874497,-1.013328,-0.28607073,-0.1146208,-0.9513284,0
-1.7632709,-3.026176,-1.2074875,-0.28607073,-0.1146208,-0.9513284,0
4.6121864,-1.2719288,-1.0951145,0.94322729,0.14118889,-0.30064583,0
4.5200419,2.3380408,0.46141815,0.28607073,0.1146208,0.9513284,0
4.1544967,-0.70974159,-2.2670281,0.94322729,0.14118889,-0.30064583,0
5.0073528,-1.123559,0.21433282,0.94322729,0.14118889,-0.30064583,0
4.3000736,-2.3753903,-2.5925233,0.94322729,0.14118889,-0.30064583,0
2.0686891,-2.3432884,1.7625865,0.28607073,0.1146208,0.9513284,0
-1.7394643,-3.2224574,1.8436625,0.16877723,-0.98332489,0.067723513,0
0.0052855015,-2.9112382,2.0142937,0.16877723,-0.98332489,0.067723513,0
-0.52108097,-3.1145911,0.37345648,0.16877723,-0.98332489,0.067723513,0
-1.4357858,2.3335047,-1.9517256,-0.28607073,-0.1146208,-0.9513284,0
1.2180777,2.8323889,1.3947791,0.28607073,0.1146208,0.9513284,0
-3.8108151,-2.2809494,1.9407892,-0.94322729,-0.14118889,0.30064583,0
2.4241841,-2.5410371,1.3612435,0.16877723,-0.98332489,0.067723513,0
4.0231409,-0.50680572,-2.5838339,0.94322729,0.14118889,-0.30064583,0
2.8158741,-1.6894946,-2.7455168,-0.28607073,-0.1146208,-0.9513284,0
3.544271,-2.5811732,-2.0129492,0.16877723,-0.98332489,0.067723513,0
-3.3966024,-3.2701783,2.7757547,-0.94322729,-0.14118889,0.30064583,0
-2.8308408,2.4864044,-1.1410403,-0.16877723,0.98332489,-0.067723513,0
3.7256265,-2.3379235,1.0669916,0.16877723,-0.98332489,0.067723513,0
1.9690529,3.3814652,-0.10708904,-0.16877723,0.98332489,-0.067723513,0
1.7351209,2.4414001,1.2864088,0.28607073,0.1146208,0.9513284,0
2.3891044,3.2820394,-2.5975533,-0.16877723,0.98332489,-0.067723513,0
-5.1444001,1.2989478,-0.56193018,-0.94322729,-0.14118889,0.30064583,0
-2.384481,2.6293828,-0.17743243,-0.16877723,0.98332489,-0.067723513,0
4.2419953,0.84838426,-1.2607913,0.94322729,0.14118889,-0.30064583,0
4.7009192,-0.39484143,-0.40483475,0.94322729,0.14118889,-0.30064583,0
-2.4386158,2.6025877,-0.43158031,-0.16877723,0.98332489,-0.067723513,0
-1.7558172,-1.3121409,2.7884026,0.28607073,0.1146208,0.9513284,0
-2.3974886,2.7269542,1.271691,-0.16877723,0.98332489,-0.067723513,0
0.71942294,1.2372316,1.7369205,0.28607073,0.1146208,0.9513284,0
-0.48724788,-0.012199283,2.2503121,0.28607073,0.1146208,0.9513284,0
4.1168509,3.3283598,-0.48876858,0.94322729,0.14118889,-0.30064583,0
-3.1688623,1.2450165,2.9052155,0.28607073,0.1146208,0.9513284,0
4.2326927,-0.91859257,-2.1197815,0.94322729,0.14118889,-0.30064583,0
-2.6316919,2.6061141,0.10080037,-0.16877723,0.98332489,-0.067723513,0
-0.24403,2.9073501,-1.4757632,-0.16877723,0.98332489,-0.067723513,0
-2.8930106,1.7162281,-1.4391561,-0.28607073,-0.1146208,-0.9513284,0
0.41711044,-2.2045336,-1.9621381,-0.28607073,-0.1146208,-0.9513284,0
-4.8651309,0.37578797,-0.11930156,-0.94322729,-0.14118889,0.30064583,0
4.6488113,-1.9229791,-1.2859571,0.94322729,0.14118889,-0.30064583,0
-3.2435074,-2.1550262,3.337316,0.28607073,0.1146208,0.9513284,0
4.226491,-2.4657383,-2.8658063,0.94322729,0.14118889,-0.30064583,0
-4.6948175,0.48929024,0.46833158,-0.94322729,-0.14118889,0.30064583,0
4.6009722,-2.2994127,-0.55533421,0.16877723,-0.98332489,0.067723513,0
-4.1325474,-1.6741751,1.2163599,-0.94322729,-0.14118889,0.30064583,0
4.1655197,2.2402403,-0.84708118,0.94322729,0.14118889,-0.30064583,0
-2.8549962,2.6092298,0.70254844,-0.16877723,0.98332489,-0.067723513,0
4.4319458,0.48841476,-0.83390141,0.94322729,0.14118889,-0.30064583,0
4.5681648,1.8338749,0.225317,0.94322729,0.14118889,-0.30064583,0
-2.1546888,-3.2400942,2.6223855,0.16877723,-0.98332489,0.067723513,0
4.8231244,-1.5681269,-0.57243156,0.94322729,0.14118889,-0.30064583,0
-1.8613778,-0.55596042,-1.47561,-0.28607073,-0.1146208,-0.9513284,0
-3.2953944,-2.9762795,3.231298,-0.94322729,-0.14118889,0.30064583,0
-4.4070873,0.87200844,1.5507705,-0.94322729,-0.14118889,0.30064583,0
3.0365512,-1.4710987,1.3664579,0.28607073,0.1146208,0.9513284,0
-0.80536246,2.8108799,-1.4775524,-0.16877723,0.98332489,-0.067723513,0
3.9893115,3.7469294,0.16455317,-0.16877723,0.98332489,-0.067723513,0
-0.12679195,-3.0676403,0.072541475,0.16877723,-0.98332489,0.067723513,0
-3.9613242,0.52439564,2.7860336,-0.94322729,-0.14118889,0.30064583,0
-1.8481839,0.57909578,2.5883126,0.28607073,0.1146208,0.9513284,0
-1.500122,-2.8014212,-1.3136977,-0.28607073,-0.1146208,-0.9513284,0
3.1217637,-2.5851636,-1.0179384,0.16877723,-0.98332489,0.067723513,0
4.3379478,-2.2437143,0.90888858,0.16877723,-0.98332489,0.067723513,0
0.91379857,-1.8632772,-2.1526117,-0.28607073,-0.1146208,-0.9513284,0
3.2371483,-2.4875672,0.11157542,0.16877723,-0.98332489,0.067723513,0
1.009419,-3.0146713,-1.9899747,0.16877723,-0.98332489,0.067723513,0
-3.9603128,-3.6675303,0.82060146,-0.94322729,-0.14118889,0.30064583,0
-3.7141829,-2.1069105,2.32569,-0.94322729,-0.14118889,0.30064583,0
2.8386273,3.3552766,-2.6544535,-0.16877723,0.98332489,-0.067723513,0
-4.3076782,-0.66987205,1.138555,-0.94322729,-0.14118889,0.30064583,0
0.94036448,-1.2090789,-2.2394214,-0.28607073,-0.1146208,-0.9513284,0
-1.5689089,-3.2430761,1.1192396,0.16877723,-0.98332489,0.067723513,0
-1.6793664,2.4502668,2.3120995,0.28607073,0.1146208,0.9513284,0
-4.1782498,-0.8677398,1.4516928,-0.94322729,-0.14118889,0.30064583,0
3.132556,0.10740209,1.1474029,0.28607073,0.1146208,0.9513284,0
3.3065486,-2.4227304,0.88003343,0.16877723,-0.98332489,0.067723513,0
1.9687839,-0.81829369,-2.5957577,-0.28607073,-0.1146208,-0.9513284,0
-4.73281,-0.68654013,-0.59641838,-0.28607073,-0.1146208,-0.9513284,0
4.2027736,-1.5817415,-2.5250745,0.94322729,0.14118889,-0.30064583,0
-2.2830801,1.8168036,-1.6346841,-0.28607073,-0.1146208,-0.9513284,0
1.4558501,2.4113202,1.3740118,0.28607073,0.1146208,0.9513284,0
-3.6301973,2.5858383,2.2948246,-0.16877723,0.98332489,-0.067723513,0
5.0512543,-0.54607534,0.62326384,0.94322729,0.14118889,-0.30064583,0
-3.9737864,-1.964012,1.5783341,-0.94322729,-0.14118889,0.30064583,0
3.3812523,2.945694,-2.9762974,0.94322729,0.14118889,-0.30064583,0
-3.5436444,-1.1937526,3.2895617,-0.94322729,-0.14118889,0.30064583,0
-1.7499328,2.7817597,0.45364183,-0.16877723,0.98332489,-0.067723513,0
2.8919139,-1.518018,-2.7890427,-0.28607073,-0.1146208,-0.9513284,0
5.0550785,-0.69179821,0.56682515,0.94322729,0.14118889,-0.30064583,0
4.0724487,-1.2400948,-2.773504,0.94322729,0.14118889,-0.30064583,0
-4.7707591,0.70174885,0.32985282,-0.94322729,-0.14118889,0.30064583,0
2.2455347,3.2378666,-2.8811312,-0.16877723,0.98332489,-0.067723513,0
-2.3639374,-3.3409946,1.6788256,0.16877723,-0.98332489,0.067723513,0
4.7616849,-1.7781141,-0.86380172,0.94322729,0.14118889,-0.30064583,0
-1.7340145,-1.7242458,-1.3731482,-0.28607073,-0.1146208,-0.9513284,0
1.4878809,3.3143516,0.11759186,-0.16877723,0.98332489,-0.067723513,0
-3.1479423,-3.4061525,-0.74532557,-0.28607073,-0.1146208,-0.9513284,0
4.3361568,1.2208724,-0.79044771,0.94322729,0.14118889,-0.30064583,0
-3.9811435,-2.74646,1.1877999,-0.94322729,-0.14118889,0.30064583,0
3.0157423,0.92908216,1.0835294,0.28607073,0.1146208,0.9513284,0
0.054825783,3.0897551,0.42790854,-0.16877723,0.98332489,-0.067723513,0
-1.0151685,0.91986263,-1.9078853,-0.28607073,-0.1146208,-0.9513284,0
-4.3057909,-2.6816921,0.19968796,-0.94322729,-0.14118889,0.30064583,0
3.5958581,1.4099424,-3.0242233,0.94322729,0.14118889,-0.30064583,0
-4.02039,0.1723004,2.4353743,-0.94322729,-0.14118889,0.30064583,0
-0.66413903,2.9420757,0.075418949,-0.16877723,0.98332489,-0.067723513,0
0.90134704,-1.0410427,1.9567127,0.28607073,0.1146208,0.9513284,0
-2.788424,-0.49331787,3.0002589,0.28607073,0.1146208,0.9513284,0
4.5144067,0.85659194,-0.40229177,0.94322729,0.14118889,-0.30064583,0
1.9072282,0.72064233,-2.7626665,-0.28607073,-0.1146208,-0.9513284,0
-3.9118505,2.4180267,0.56017649,-0.16877723,0.98332489,-0.067723513,0
-4.3983383,-1.9486825,0.25357103,-0.94322729,-0.14118889,0.30064583,0
4.3139162,3.2590957,0.41242838,0.28607073,0.1146208,0.9513284,0
1.71486,1.3594874,1.422856,0.28607073,0.1146208,0.9513284,0
-4.3071647,1.3872335,2.1062212,-0.94322729,-0.14118889,0.30064583,0
2.5511584,-0.5150454,1.3972286,0.28607073,0.1146208,0.9513284,0
3.6515317,3.5621922,-1.6759863,-0.16877723,0.98332489,-0.067723513,0
-0.17110097,2.4432898,1.8593949,0.28607073,0.1146208,0.9513284,0
-4.866437,-0.40518117,-0.49015594,-0.94322729,-0.14118889,0.30064583,0
-0.31525373,1.9194613,-2.238791,-0.28607073,-0.1146208,-0.9513284,0
-2.8277032,2.2368369,2.6831272,0.28607073,0.1146208,0.9513284,0
-4.2111936,-0.47758162,1.5315633,-0.94322729,-0.14118889,0.30064583,0
4.3031626,1.3003154,-0.85665274,0.94322729,0.14118889,-0.30064583,0
-3.5441799,-0.27891287,3.2016871,0.28607073,0.1146208,0.9513284,0
3.9993906,-0.37306905,-2.5955417,0.94322729,0.14118889,-0.30064583,0
-3.7624717,-1.0926859,2.6504893,-0.94322729,-0.14118889,0.30064583,0
1.898527,2.9213881,1.1794403,0.28607073,0.1146208,0.9513284,0
-0.25670362,2.4809461,-2.324048,-0.28607073,-0.1146208,-0.9513284,0
-1.8372877,-3.1766672,2.7523131,0.16877723,-0.98332489,0.067723513,0
-4.5645509,2.358624,1.3242935,-0.16877723,0.98332489,-0.067723513,0
4.017334,-2.4598742,-1.4306688,0.16877723,-0.98332489,0.067723513,0
-1.3874395,2.1432838,-1.9433452,-0.28607073,-0.1146208,-0.9513284,0
-2.7130249,-3.2914574,3.2680662,0.16877723,-0.98332489,0.067723513,0
0.56926119,3.2260194,1.1243759,-0.16877723,0.98332489,-0.067723513,0
2.7395325,3.3378201,-2.6609526,-0.16877723,0.98332489,-0.067723513,0
-2.4109232,1.6166095,-1.5721203,-0.28607073,-0.1146208,-0.9513284,0
-1.731462,0.32216579,2.5841696,0.28607073,0.1146208,0.9513284,0
-3.0038538,2.6368053,1.47391,-0.16877723,0.98332489,-0.067723513,0
-1.5541934,-0.31051058,2.6070917,0.28607073,0.1146208,0.9513284,0
2.0612836,1.1438394,1.3446662,0.28607073,0.1146208,0.9513284,0
-0.89898801,-3.1135354,1.330584,0.16877723,-0.98332489,0.067723513,0
-2.5101938,2.7336197,1.6493504,-0.16877723,0.98332489,-0.067723513,0
-3.9740019,-0.32900572,2.3454869,-0.94322729,-0.14118889,0.30064583,0
-1.6797473,-2.1343083,-1.3400602,-0.28607073,-0.1146208,-0.9513284,0
-3.7343245,1.7847068,-1.194418,-0.28607073,-0.1146208,-0.9513284,0
-3.6541121,-0.70517027,3.1724336,-0.94322729,-0.14118889,0.30064583,0
4.473269,-1.4054008,-1.5936275,0.94322729,0.14118889,-0.30064583,0
2.6438034,0.72203362,-2.9843273,-0.28607073,-0.1146208,-0.9513284,0
-0.77264971,0.53094196,2.2706938,0.28607073,0.1146208,0.9513284,0
3.1245823,1.8627787,-3.2663431,-0.28607073,-0.1146208,-0.9513284,0
4.0247526,3.3204589,-0.78142214,0.94322729,0.14118889,-0.30064583,0
1.1149166,-2.73123,1.862589,0.16877723,-0.98332489,0.067723513,0
4.6412525,1.578953,0.33490109,0.94322729,0.14118889,-0.30064583,0
-1.2461976,-1.5668026,2.6658399,0.28607073,0.1146208,0.9513284,0
-2.2005217,-0.52076578,2.8267794,0.28607073,0.1146208,0.9513284,0
-4.4501176,-0.27967024,0.87492013,-0.94322729,-0.14118889,0.30064583,0
-4.0783606,-3.5986652,0.48258543,-0.94322729,-0.14118889,0.30064583,0
-4.2910705,0.6499902,1.8104899,-0.94322729,-0.14118889,0.30064583,0
-4.8212223,-0.41613889,-0.35344768,-0.94322729,-0.14118889,0.30064583,0
3.8378615,1.6148486,-2.1687496,0.94322729,0.14118889,-0.30064583,0
1.7370331,0.28256035,1.5459418,0.28607073,0.1146208,0.9513284,0
2.0958297,1.0098772,1.3504183,0.28607073,0.1146208,0.9513284,0
4.0236826,3.2414956,-0.82186317,0.94322729,0.14118889,-0.30064583,0
4.1732788,0.60153043,-1.5923049,0.94322729,0.14118889,-0.30064583,0
-3.5659804,-3.5326173,1.8921928,0.16877723,-0.98332489,0.067723513,0
1.2370855,0.26725626,1.6981235,0.28607073,0.1146208,0.9513284,0
0.19888377,3.0266819,-0.84690738,-0.16877723,0.98332489,-0.067723513,0
-0.90477633,-1.1387714,2.5116005,0.28607073,0.1146208,0.9513284,0
-5.0871696,1.6033585,-0.23942161,-0.94322729,-0.14118889,0.30064583,0
0.57182741,-3.0430379,-1.3113067,0.16877723,-0.98332489,0.067723513,0
-4.7583647,2.2349298,0.01130414,-0.16877723,0.98332489,-0.067723513,0
0.011533737,2.8862371,-2.419215,-0.16877723,0.98332489,-0.067723513,0
3.9573202,1.9193611,-1.6509628,0.94322729,0.14118889,-0.30064583,0
4.7600775,0.81095481,0.34702921,0.94322729,0.14118889,-0.30064583,0
-0.93580168,-0.13804555,-1.8042895,-0.28607073,-0.1146208,-0.9513284,0
3.0241878,1.6393363,-3.2092321,-0.28607073,-0.1146208,-0.9513284,0
0.96523136,0.49243665,1.7527407,0.28607073,0.1146208,0.9513284,0
4.0120106,-1.5086093,1.0776501,0.28607073,0.1146208,0.9513284,0
4.3622289,-1.9698136,-2.207057,0.94322729,0.14118889,-0.30064583,0
1.1771576,3.1749358,1.3658123,0.28607073,0.1146208,0.9513284,0
4.2976303,1.0304248,-1.0007555,0.94322729,0.14118889,-0.30064583,0
-1.7371826,2.6848593,-0.985098,-0.16877723,0.98332489,-0.067723513,0
-4.0385203,0.42761302,-0.93943477,-0.28607073,-0.1146208,-0.9513284,0
-4.797451,1.8028181,0.76319408,-0.94322729,-0.14118889,0.30064583,0
-3.8562965,2.3875546,-0.020719171,-0.16877723,0.98332489,-0.067723513,0
