2.593257,-2.4950194,1.0595288,0.98628736,-0.15986168,0.041004676,0
2.9532475,-0.94770706,-1.5669658,0.98628736,-0.15986168,0.041004676,0
-0.47361565,-4.0686054,1.1610906,-0.073716082,-0.20442986,0.97610158,0
2.698653,4.1154828,2.9381635,0.14765866,0.96573943,0.21341103,0
2.8619807,-1.3400428,-0.90128791,0.98628736,-0.15986168,0.041004676,0
-2.2178371,2.1720395,2.3363752,-0.073716082,-0.20442986,0.97610158,0
-2.8567104,1.5911086,1.7533371,-0.98628736,0.15986168,-0.041004676,0
2.4138801,-4.5187864,-2.5158236,0.98628736,-0.15986168,0.041004676,0
0.83805871,5.0234494,0.11672354,0.14765866,0.96573943,0.21341103,0
-2.9300413,1.0025842,1.2227414,-0.98628736,0.15986168,-0.041004676,0
2.8249969,4.5615096,0.83236265,0.14765866,0.96573943,0.21341103,0
-3.0430143,0.41063368,1.6322855,-0.98628736,0.15986168,-0.041004676,0
-2.3540242,4.8885365,2.517612,-0.98628736,0.15986168,-0.041004676,0
-1.0489392,-4.4641986,-2.5015697,-0.14765866,-0.96573943,-0.21341103,0
-0.96455288,-0.075530529,-2.1376295,0.073716082,0.20442986,-0.97610158,0
-0.51744646,-1.9391057,1.6037722,-0.073716082,-0.20442986,0.97610158,0
-1.0455691,-1.9857056,-2.5438058,0.073716082,0.20442986,-0.97610158,0
0.78676319,-1.5648541,-2.3172853,0.073716082,0.20442986,-0.97610158,0
3.4247088,2.5162332,0.59754968,0.98628736,-0.15986168,0.041004676,0
3.2445543,0.91045642,-1.329504,0.98628736,-0.15986168,0.041004676,0
3.3552492,2.0599916,0.48954606,0.98628736,-0.15986168,0.041004676,0
2.4706898,1.9358771,-1.4569376,0.073716082,0.20442986,-0.97610158,0
-2.7451124,1.6299852,-0.77937859,-0.98628736,0.15986168,-0.041004676,0
0.69535297,5.1205606,-0.22399139,0.14765866,0.96573943,0.21341103,0
-2.5208778,3.5964611,1.4936507,-0.98628736,0.15986168,-0.041004676,0
1.8184096,4.7709813,0.58090401,0.14765866,0.96573943,0.21341103,0
0.0084788799,5.3790865,-0.91863823,0.14765866,0.96573943,0.21341103,0
0.067384124,5.0710974,0.43433237,0.14765866,0.96573943,0.21341103,0
-1.6521083,-4.939959,0.068699837,-0.14765866,-0.96573943,-0.21341103,0
-2.0538735,3.5512683,2.6376166,-0.073716082,-0.20442986,0.97610158,0
-2.275022,-4.4249239,-1.8309729,-0.14765866,-0.96573943,-0.21341103,0
2.5349844,-1.07453,2.015367,-0.073716082,-0.20442986,0.97610158,0
-2.841465,-4.7074442,-0.16057396,-0.14765866,-0.96573943,-0.21341103,0
2.5901988,-2.7400415,0.17782772,0.98628736,-0.15986168,0.041004676,0
-1.2676221,-5.1304798,0.87873268,-0.073716082,-0.20442986,0.97610158,0
-2.6410728,-0.83349955,-2.4229872,0.073716082,0.20442986,-0.97610158,0
-0.17541301,4.5639439,2.8973224,0.14765866,0.96573943,0.21341103,0
0.28756195,4.8168736,1.4324186,0.14765866,0.96573943,0.21341103,0
-2.5721278,-4.3043127,-2.1712005,-0.14765866,-0.96573943,-0.21341103,0
-1.413528,5.4788733,-0.38631582,0.14765866,0.96573943,0.21341103,0
0.33949238,4.5295134,2.6968677,0.14765866,0.96573943,0.21341103,0
-3.6606534,-4.7542453,0.61800718,-0.14765866,-0.96573943,-0.21341103,0
2.7419491,2.131489,2.70245,-0.073716082,-0.20442986,0.97610158,0
-1.7440917,0.11870468,-2.1558216,0.073716082,0.20442986,-0.97610158,0
-2.0164382,-5.0010767,0.84928322,-0.073716082,-0.20442986,0.97610158,0
0.95353603,3.7065916,2.8972692,-0.073716082,-0.20442986,0.97610158,0
-0.85450518,-4.8656907,-0.81924295,-0.14765866,-0.96573943,-0.21341103,0
2.3882203,-4.0880461,-0.21932817,0.98628736,-0.15986168,0.041004676,0
3.4762969,4.4094262,-0.86294508,0.073716082,0.20442986,-0.97610158,0
3.5217767,2.9712157,0.036570787,0.98628736,-0.15986168,0.041004676,0
0.26845175,-1.6028094,1.733556,-0.073716082,-0.20442986,0.97610158,0
-2.6592703,-4.3935857,-1.7069268,-0.14765866,-0.96573943,-0.21341103,0
-0.65868926,5.1030617,0.79205561,0.14765866,0.96573943,0.21341103,0
-3.2995982,-1.8603818,-1.0499116,-0.98628736,0.15986168,-0.041004676,0
1.4635489,3.700633,2.9345379,-0.073716082,-0.20442986,0.97610158,0
0.94862175,-1.9341019,1.7155392,-0.073716082,-0.20442986,0.97610158,0
0.39851552,4.1314797,-1.1535935,0.073716082,0.20442986,-0.97610158,0
-1.0410628,5.1243262,0.96039128,0.14765866,0.96573943,0.21341103,0
-0.66290712,0.97166991,-1.8955288,0.073716082,0.20442986,-0.97610158,0
-1.0250477,3.05638,2.6116676,-0.073716082,-0.20442986,0.97610158,0
-3.4309835,-4.1646996,-2.2087476,-0.14765866,-0.96573943,-0.21341103,0
1.4379148,-4.9330406,1.1244073,-0.073716082,-0.20442986,0.97610158,0
1.8326769,2.3149443,2.6722031,-0.073716082,-0.20442986,0.97610158,0
2.6258478,-3.0310578,-1.8141934,0.98628736,-0.15986168,0.041004676,0
-0.22944622,0.052736282,2.0426838,-0.073716082,-0.20442986,0.97610158,0
-2.5928924,3.30847,2.1030376,-0.98628736,0.15986168,-0.041004676,0
1.7878621,-1.0588896,-2.1357145,0.073716082,0.20442986,-0.97610158,0
1.9741802,-4.9910865,-2.2089574,-0.14765866,-0.96573943,-0.21341103,0
1.7778962,-5.5199614,0.32014704,-0.14765866,-0.96573943,-0.21341103,0
-2.7288389,1.4487553,-1.8773447,-0.98628736,0.15986168,-0.041004676,0
-1.1487,5.1105957,1.0969987,0.14765866,0.96573943,0.21341103,0
3.0182374,0.58422446,2.3992641,-0.073716082,-0.20442986,0.97610158,0
-2.3900115,4.2506986,0.89654064,-0.98628736,0.15986168,-0.041004676,0
2.2967868,-4.7734103,-0.69204831,0.98628736,-0.15986168,0.041004676,0
-1.3221782,1.4716531,-1.8406034,0.073716082,0.20442986,-0.97610158,0
-3.376977,-4.3795528,-1.2738471,-0.14765866,-0.96573943,-0.21341103,0
0.75414658,4.6809783,1.7245522,0.14765866,0.96573943,0.21341103,0
-1.7606692,5.0387392,1.8455889,0.14765866,0.96573943,0.21341103,0
-1.3556421,3.461061,-1.4264784,0.073716082,0.20442986,-0.97610158,0
3.4689033,2.6142778,-0.083235741,0.98628736,-0.15986168,0.041004676,0
3.1129873,0.61204749,0.67169958,0.98628736,-0.15986168,0.041004676,0
1.5603821,-5.3072462,-0.49194717,-0.14765866,-0.96573943,-0.21341103,0
-1.5528438,-2.6010885,-2.7109985,0.073716082,0.20442986,-0.97610158,0
-2.5477521,2.7364631,-1.212745,-0.98628736,0.15986168,-0.041004676,0
-0.58531523,5.0692849,0.89413619,0.14765866,0.96573943,0.21341103,0
-2.9890532,-4.3920732,-1.485594,-0.14765866,-0.96573943,-0.21341103,0
-1.7368588,3.866786,2.7276387,-0.073716082,-0.20442986,0.97610158,0
3.5054927,2.7999496,-0.23945498,0.98628736,-0.15986168,0.041004676,0
3.0865059,0.66349375,1.5092244,0.98628736,-0.15986168,0.041004676,0
1.2161613,-5.5124693,0.67490721,-0.14765866,-0.96573943,-0.21341103,0
2.6361918,-0.0017282963,-1.8502412,0.073716082,0.20442986,-0.97610158,0
0.48496145,4.7791109,1.4667263,0.14765866,0.96573943,0.21341103,0
-1.305634,-2.1092703,1.5086093,-0.073716082,-0.20442986,0.97610158,0
-3.121546,-0.41448992,0.30437279,-0.98628736,0.15986168,-0.041004676,0
-1.6542737,-2.8070791,-2.7618001,0.073716082,0.20442986,-0.97610158,0
0.2147733,-4.5763998,-2.8681901,-0.14765866,-0.96573943,-0.21341103,0
0.53819168,3.4378123,2.8096101,-0.073716082,-0.20442986,0.97610158,0
0.65400434,-4.1631799,1.2264419,-0.073716082,-0.20442986,0.97610158,0
-0.94814134,4.6567025,-1.1452942,0.073716082,0.20442986,-0.97610158,0
-3.4867024,-3.4324231,-2.6782887,-0.98628736,0.15986168,-0.041004676,0
-3.3992364,-2.7489867,-2.1176496,-0.98628736,0.15986168,-0.041004676,0
-1.7167459,5.0736637,1.6571572,0.14765866,0.96573943,0.21341103,0
-3.143249,-1.0061028,-1.4800744,-0.98628736,0.15986168,-0.041004676,0
-0.97044981,4.4534197,2.90838,-0.073716082,-0.20442986,0.97610158,0
-2.3429739,2.7308774,-1.6539688,0.073716082,0.20442986,-0.97610158,0
-1.3955743,-3.7331796,-2.9362211,0.073716082,0.20442986,-0.97610158,0
-2.972687,0.66446286,0.93029457,-0.98628736,0.15986168,-0.041004676,0
-0.87922978,3.6760993,-1.345463,0.073716082,0.20442986,-0.97610158,0
-0.42752057,0.63684261,2.1500573,-0.073716082,-0.20442986,0.97610158,0
1.9565277,-5.4274945,-0.22188568,-0.14765866,-0.96573943,-0.21341103,0
1.0894668,4.4484558,2.5447683,0.14765866,0.96573943,0.21341103,0
3.428335,2.3777359,-0.029631376,0.98628736,-0.15986168,0.041004676,0
-0.89083481,5.5014586,-0.85017204,0.14765866,0.96573943,0.21341103,0
3.3521671,2.2025151,1.1193132,0.98628736,-0.15986168,0.041004676,0
-2.6760015,2.6841023,1.6678919,-0.98628736,0.15986168,-0.041004676,0
2.9119048,-1.1365616,-1.3088248,0.98628736,-0.15986168,0.041004676,0
-0.84374821,-2.863234,-2.7123494,0.073716082,0.20442986,-0.97610158,0
-3.0872512,-4.798337,0.4207983,-0.14765866,-0.96573943,-0.21341103,0
0.96504521,-0.81321752,1.9515318,-0.073716082,-0.20442986,0.97610158,0
-1.6132911,-4.6978259,-1.0538721,-0.14765866,-0.96573943,-0.21341103,0
3.7340171,4.0880919,-0.71418238,0.98628736,-0.15986168,0.041004676,0
-1.1823387,-4.5340853,-2.0930159,-0.14765866,-0.96573943,-0.21341103,0
2.1922088,-5.1555786,0.33344269,0.98628736,-0.15986168,0.041004676,0
0.97180259,0.79913211,2.2897248,-0.073716082,-0.20442986,0.97610158,0
-3.1262829,-0.20978606,1.2163684,-0.98628736,0.15986168,-0.041004676,0
1.7148056,-5.3514361,-0.39882326,-0.14765866,-0.96573943,-0.21341103,0
0.34933138,-3.2058392,1.4039335,-0.073716082,-0.20442986,0.97610158,0
2.472739,-4.0400023,-2.0649652,0.98628736,-0.15986168,0.041004676,0
-2.3668563,-4.4856639,-1.492569,-0.14765866,-0.96573943,-0.21341103,0
2.44945,-4.3627415,-2.7630231,0.98628736,-0.15986168,0.041004676,0
-3.1858101,-3.8369727,1.004775,-0.073716082,-0.20442986,0.97610158,0
-1.9733977,-4.7944283,-0.3675642,-0.14765866,-0.96573943,-0.21341103,0
3.0229733,-0.32314754,-0.80916214,0.98628736,-0.15986168,0.041004676,0
-1.465281,4.8898063,2.3151696,0.14765866,0.96573943,0.21341103,0
0.77832174,-5.2538671,-0.19239473,-0.14765866,-0.96573943,-0.21341103,0
-2.4980352,3.3455474,-0.034013987,-0.98628736,0.15986168,-0.041004676,0
-1.55266,5.5176263,-0.46541929,0.14765866,0.96573943,0.21341103,0
-1.2517446,-4.5637589,-1.910713,-0.14765866,-0.96573943,-0.21341103,0
-3.5038145,-3.4246681,-2.2364569,-0.98628736,0.15986168,-0.041004676,0
2.2380228,4.9548588,-0.54151821,0.14765866,0.96573943,0.21341103,0
-1.5245123,4.6436563,2.9063792,-0.073716082,-0.20442986,0.97610158,0
1.1587559,2.0969276,-1.5222865,0.073716082,0.20442986,-0.97610158,0
-2.1875072,5.1245136,-0.5676384,-0.98628736,0.15986168,-0.041004676,0
-2.0378685,3.7895288,-1.4092085,0.073716082,0.20442986,-0.97610158,0
0.038676977,-4.5558004,-2.8395677,-0.14765866,-0.96573943,-0.21341103,0
0.48906732,-4.9462314,-1.3843918,-0.14765866,-0.96573943,-0.21341103,0
2.5778737,-2.5854135,1.0771248,0.98628736,-0.15986168,0.041004676,0
-2.3918591,4.3248138,1.2299218,-0.98628736,0.15986168,-0.041004676,0
-0.44655409,-3.4294057,-2.8009291,0.073716082,0.20442986,-0.97610158,0
-0.92665839,5.2108445,0.48971558,0.14765866,0.96573943,0.21341103,0
1.530489,-4.9581809,-2.050873,-0.14765866,-0.96573943,-0.21341103,0
-2.8330419,1.3876834,0.39095706,-0.98628736,0.15986168,-0.041004676,0
-0.76846278,2.9366794,-1.4919584,0.073716082,0.20442986,-0.97610158,0
1.3157203,2.0603325,-1.5180968,0.073716082,0.20442986,-0.97610158,0
-2.5386624,-4.1713533,-2.796032,-0.14765866,-0.96573943,-0.21341103,0
-2.9986644,-0.32637882,-2.3077917,-0.98628736,0.15986168,-0.041004676,0
-3.3846102,-2.6312597,1.2422802,-0.073716082,-0.20442986,0.97610158,0
1.6463954,-5.5143433,0.38570786,-0.14765866,-0.96573943,-0.21341103,0
-3.1768148,-0.9771291,-0.55975974,-0.98628736,0.15986168,-0.041004676,0
-3.6263189,-3.4039824,0.79079556,-0.98628736,0.15986168,-0.041004676,0
0.99083412,4.9912262,0.15683699,0.14765866,0.96573943,0.21341103,0
-2.5561476,3.3624315,2.5601354,-0.073716082,-0.20442986,0.97610158,0
1.6955009,-0.14962745,2.1456757,-0.073716082,-0.20442986,0.97610158,0
1.2589645,3.3749852,2.8508854,-0.073716082,-0.20442986,0.97610158,0
1.1983142,1.6556289,2.4862115,-0.073716082,-0.20442986,0.97610158,0
1.4715395,2.5637798,-1.4008894,0.073716082,0.20442986,-0.97610158,0
-0.9981904,2.7440834,-1.549644,0.073716082,0.20442986,-0.97610158,0
0.82261372,4.557971,2.2338185,0.14765866,0.96573943,0.21341103,0
-3.1829693,-1.427458,-2.1673985,-0.98628736,0.15986168,-0.041004676,0
-3.4972489,-2.6674104,0.55788159,-0.98628736,0.15986168,-0.041004676,0
-2.2110026,2.4904075,-1.6943651,0.073716082,0.20442986,-0.97610158,0
1.7472148,1.7723789,-1.5458176,0.073716082,0.20442986,-0.97610158,0
0.92714691,-5.4159498,0.43809843,-0.14765866,-0.96573943,-0.21341103,0
-3.4666164,-2.4298177,0.74735594,-0.98628736,0.15986168,-0.041004676,0
0.86191726,-5.1402092,-0.76456594,-0.14765866,-0.96573943,-0.21341103,0
-0.21672225,4.3893023,-1.1460598,0.073716082,0.20442986,-0.97610158,0
-2.7371135,1.8956566,0.063975573,-0.98628736,0.15986168,-0.041004676,0
-3.5274951,-3.2390704,-0.9432869,-0.98628736,0.15986168,-0.041004676,0
-3.3395026,-2.146389,-1.2051233,-0.98628736,0.15986168,-0.041004676,0
-3.6462402,-3.9042094,-0.68023396,-0.98628736,0.15986168,-0.041004676,0
-2.1307704,4.8211718,2.8977718,-0.073716082,-0.20442986,0.97610158,0
-0.68254018,-1.7669452,-2.4705734,0.073716082,0.20442986,-0.97610158,0
3.4304895,4.421021,1.0491686,0.14765866,0.96573943,0.21341103,0
2.4648252,-1.5769696,-2.193094,0.073716082,0.20442986,-0.97610158,0
-2.6830935,1.4999096,-1.9374629,0.073716082,0.20442986,-0.97610158,0
2.5071256,-3.2659812,0.12555456,0.98628736,-0.15986168,0.041004676,0
-2.5398822,2.7176404,-1.4754282,-0.98628736,0.15986168,-0.041004676,0
1.4030709,-3.6902971,1.382051,-0.073716082,-0.20442986,0.97610158,0
2.4883025,-0.13355112,2.2089155,-0.073716082,-0.20442986,0.97610158,0
2.3031118,4.8591933,-0.15364361,0.14765866,0.96573943,0.21341103,0
2.3738837,-4.1564775,-0.14127398,0.98628736,-0.15986168,0.041004676,0
-0.94707,1.8251219,2.3596878,-0.073716082,-0.20442986,0.97610158,0
3.369488,2.1017861,0.31000185,0.98628736,-0.15986168,0.041004676,0
3.2972331,2.2785504,2.7370925,0.98628736,-0.15986168,0.041004676,0
-1.1851358,3.8056726,-1.341428,0.073716082,0.20442986,-0.97610158,0
3.0128975,-0.48129821,-1.1833824,0.98628736,-0.15986168,0.041004676,0
3.0036337,-0.24068987,-0.022521734,0.98628736,-0.15986168,0.041004676,0
-2.6504714,2.3484168,-0.2548871,-0.98628736,0.15986168,-0.041004676,0
-0.20247006,-5.135849,-0.047849178,-0.14765866,-0.96573943,-0.21341103,0
0.028093934,5.3709717,-0.89548874,0.14765866,0.96573943,0.21341103,0
-2.5851502,1.3784047,2.1424205,-0.073716082,-0.20442986,0.97610158,0
2.2951567,4.7244864,0.46144295,0.14765866,0.96573943,0.21341103,0
-1.3425028,2.9759336,-1.5270891,0.073716082,0.20442986,-0.97610158,0
-1.5445371,2.9166832,-1.5547562,0.073716082,0.20442986,-0.97610158,0
0.96070695,-5.1309676,-0.87473869,-0.14765866,-0.96573943,-0.21341103,0
2.7805846,4.3147345,1.9798102,0.14765866,0.96573943,0.21341103,0
0.82333112,-3.0377064,-2.6229906,0.073716082,0.20442986,-0.97610158,0
3.1048269,0.08897388,-1.1712921,0.98628736,-0.15986168,0.041004676,0
2.4057302,4.189539,2.805712,0.14765866,0.96573943,0.21341103,0
-2.6088319,-4.5868053,-0.86745596,-0.14765866,-0.96573943,-0.21341103,0
2.9557776,-0.38884115,0.55097795,0.98628736,-0.15986168,0.041004676,0
-0.92111307,-5.0269494,-0.043420315,-0.14765866,-0.96573943,-0.21341103,0
-2.7463388,1.4789274,-1.3387927,-0.98628736,0.15986168,-0.041004676,0
-0.20293656,-0.36635172,-2.1410198,0.073716082,0.20442986,-0.97610158,0
-1.4701631,1.0651897,2.161027,-0.073716082,-0.20442986,0.97610158,0
3.2733431,1.9035029,1.8495511,0.98628736,-0.15986168,0.041004676,0
2.0184698,4.9905291,-0.55102539,0.14765866,0.96573943,0.21341103,0
0.41352463,-3.2145233,1.4069624,-0.073716082,-0.20442986,0.97610158,0
-2.9405737,0.1002425,-2.0418243,-0.98628736,0.15986168,-0.041004676,0
-3.3555105,-2.0930886,-0.61229253,-0.98628736,0.15986168,-0.041004676,0
-2.2837458,4.1193218,-1.358707,0.073716082,0.20442986,-0.97610158,0
2.8565702,-1.5816423,-1.7130604,0.98628736,-0.15986168,0.041004676,0
-1.0624951,-4.7771916,-1.0758166,-0.14765866,-0.96573943,-0.21341103,0
-1.9888619,-4.2273741,-2.9229288,-0.14765866,-0.96573943,-0.21341103,0
-1.6507955,-4.935873,0.049301147,-0.14765866,-0.96573943,-0.21341103,0
1.745811,-5.3078804,-0.6173768,-0.14765866,-0.96573943,-0.21341103,0
3.6212485,3.5455098,-0.11708212,0.98628736,-0.15986168,0.041004676,0
-0.45211795,-2.1647081,-2.5364771,0.073716082,0.20442986,-0.97610158,0
0.072476029,-4.7705197,-1.8912923,-0.14765866,-0.96573943,-0.21341103,0
2.4261413,2.1464512,2.6817336,-0.073716082,-0.20442986,0.97610158,0
0.42390692,2.4159977,2.5869756,-0.073716082,-0.20442986,0.97610158,0
1.6141362,4.3362474,2.6895232,0.14765866,0.96573943,0.21341103,0
-3.3889272,-4.3641696,-1.3351929,-0.14765866,-0.96573943,-0.21341103,0
2.9486761,4.7353187,-0.039744854,0.14765866,0.96573943,0.21341103,0
-1.1313348,3.0508103,2.6024745,-0.073716082,-0.20442986,0.97610158,0
3.4203455,3.0768456,2.8881063,0.98628736,-0.15986168,0.041004676,0
2.2718008,-4.4276495,1.2569253,0.98628736,-0.15986168,0.041004676,0
2.6370366,0.79012364,2.4135981,-0.073716082,-0.20442986,0.97610158,0
-0.096075773,-4.9631453,1.002254,-0.073716082,-0.20442986,0.97610158,0
1.693218,-4.9464574,-2.2165184,-0.14765866,-0.96573943,-0.21341103,0
1.7681837,-5.3714652,-0.34511709,-0.14765866,-0.96573943,-0.21341103,0
-3.0559392,-4.8767443,0.75394535,-0.14765866,-0.96573943,-0.21341103,0
-2.1680686,5.1171298,-1.0639811,-0.98628736,0.15986168,-0.041004676,0
-0.15333509,5.3356996,-0.61034441,0.14765866,0.96573943,0.21341103,0
1.1472931,2.6537492,2.6913998,-0.073716082,-0.20442986,0.97610158,0
-2.9060445,-4.7501049,0.077154636,-0.14765866,-0.96573943,-0.21341103,0
3.2855291,2.1300707,2.4397452,0.98628736,-0.15986168,0.041004676,0
-1.7084713,4.898663,2.4433534,0.14765866,0.96573943,0.21341103,0
3.2162962,4.6399031,0.20687103,0.14765866,0.96573943,0.21341103,0
-0.78932804,-1.6992872,1.6334661,-0.073716082,-0.20442986,0.97610158,0
-2.3458891,-0.76820517,1.7109144,-0.073716082,-0.20442986,0.97610158,0
-3.387974,-1.8510938,1.1119995,-0.98628736,0.15986168,-0.041004676,0
-3.3542936,-1.6531519,1.0735834,-0.98628736,0.15986168,-0.041004676,0
-2.1974556,5.2904439,0.31855106,-0.98628736,0.15986168,-0.041004676,0
-2.0657575,5.4138918,0.35901642,0.14765866,0.96573943,0.21341103,0
0.0095711648,-2.5417666,-2.5805795,0.073716082,0.20442986,-0.97610158,0
-1.0721915,5.4462409,-0.47481632,0.14765866,0.96573943,0.21341103,0
0.38768685,-4.5959358,-2.8994229,-0.14765866,-0.96573943,-0.21341103,0
-0.47868854,-3.3125582,-2.7788839,0.073716082,0.20442986,-0.97610158,0
-0.91301084,2.4317527,-1.608624,0.073716082,0.20442986,-0.97610158,0
3.1298101,0.21972978,-1.2624459,0.98628736,-0.15986168,0.041004676,0
1.1769989,-5.1122103,-1.1092732,-0.14765866,-0.96573943,-0.21341103,0
2.8593845,-1.4386637,-1.223322,0.98628736,-0.15986168,0.041004676,0
1.9235665,1.482494,2.5047228,-0.073716082,-0.20442986,0.97610158,0
1.8058698,2.1826463,-1.4554634,0.073716082,0.20442986,-0.97610158,0
2.5472403,-3.5416579,-1.9140859,0.98628736,-0.15986168,0.041004676,0
-2.3625023,4.7997079,2.3752258,-0.98628736,0.15986168,-0.041004676,0
-0.06189692,-4.7764506,-1.7714818,-0.14765866,-0.96573943,-0.21341103,0
3.3495152,2.3970559,1.941555,0.98628736,-0.15986168,0.041004676,0
-2.8693795,0.99614638,-0.26147991,-0.98628736,0.15986168,-0.041004676,0
1.0081279,4.6367211,1.749099,0.14765866,0.96573943,0.21341103,0
-1.5931766,4.146637,-1.3008342,0.073716082,0.20442986,-0.97610158,0
-3.6245124,-3.750046,-0.60183358,-0.98628736,0.15986168,-0.041004676,0
2.5846682,-2.7540526,0.25624156,0.98628736,-0.15986168,0.041004676,0
-1.8473724,-4.6912675,-0.92158937,-0.14765866,-0.96573943,-0.21341103,0
3.2589176,4.2332883,2.0174162,0.14765866,0.96573943,0.21341103,0
-0.12503195,4.8874931,1.3983202,0.14765866,0.96573943,0.21341103,0
0.036700249,-5.3773413,0.87948132,-0.14765866,-0.96573943,-0.21341103,0
3.1127033,2.6826403,-1.252054,0.073716082,0.20442986,-0.97610158,0
-1.5792785,5.4497323,-0.13976526,0.14765866,0.96573943,0.21341103,0
0.80026573,1.9097235,-1.5885669,0.073716082,0.20442986,-0.97610158,0
-0.054124057,0.0075557232,2.0464621,-0.073716082,-0.20442986,0.97610158,0
2.1510651,-4.9985819,-2.2974234,-0.14765866,-0.96573943,-0.21341103,0
-2.2917476,3.0150225,2.5073438,-0.073716082,-0.20442986,0.97610158,0
-0.30808794,0.44134104,-1.9798018,0.073716082,0.20442986,-0.97610158,0
2.9228039,-0.25072885,1.8825545,0.98628736,-0.15986168,0.041004676,0
-3.3764191,-2.3452678,-1.0925276,-0.98628736,0.15986168,-0.041004676,0
-2.1055541,1.2196006,-1.9525534,0.073716082,0.20442986,-0.97610158,0
-1.8451447,-4.7474289,-0.66898727,-0.14765866,-0.96573943,-0.21341103,0
1.1045289,-0.42233002,2.0439312,-0.073716082,-0.20442986,0.97610158,0
3.6361132,3.8979917,0.89957595,0.98628736,-0.15986168,0.041004676,0
2.9403315,-0.83999908,-0.83637977,0.98628736,-0.15986168,0.041004676,0
-2.9394896,-0.21985078,1.7809297,-0.073716082,-0.20442986,0.97610158,0
-3.1509376,-0.5354228,0.53985834,-0.98628736,0.15986168,-0.041004676,0
3.6084535,4.0431585,2.1308248,0.98628736,-0.15986168,0.041004676,0
-2.3055856,4.5583177,0.065133095,-0.98628736,0.15986168,-0.041004676,0
2.6622162,-2.2865818,0.21346092,0.98628736,-0.15986168,0.041004676,0
2.5356362,-3.2386308,-0.45359063,0.98628736,-0.15986168,0.041004676,0
-0.17507923,-5.2630606,0.50886345,-0.14765866,-0.96573943,-0.21341103,0
2.1142352,-3.8473926,1.4028571,-0.073716082,-0.20442986,0.97610158,0
-2.0804374,2.1841249,-1.7486513,0.073716082,0.20442986,-0.97610158,0
0.93037957,4.4275246,2.7495599,0.14765866,0.96573943,0.21341103,0
-2.3860614,4.2525082,0.80857587,-0.98628736,0.15986168,-0.041004676,0
-1.5052012,0.89863634,2.1234987,-0.073716082,-0.20442986,0.97610158,0
-1.843045,-0.68655336,-2.3319438,0.073716082,0.20442986,-0.97610158,0
0.15378797,-5.1309304,-0.31660128,-0.14765866,-0.96573943,-0.21341103,0
-0.077994645,-2.379415,1.5447439,-0.073716082,-0.20442986,0.97610158,0
-0.76094794,4.8032818,2.2193873,0.14765866,0.96573943,0.21341103,0
-1.133339,-4.5008597,-2.2772713,-0.14765866,-0.96573943,-0.21341103,0
2.7042234,-2.656671,-2.2397814,0.98628736,-0.15986168,0.041004676,0
2.4916883,-3.4577837,-2.5849736,0.073716082,0.20442986,-0.97610158,0
-1.9042058,5.1757059,1.3250918,0.14765866,0.96573943,0.21341103,0
-3.46772,-3.0571187,-1.6716931,-0.98628736,0.15986168,-0.041004676,0
2.4419723,2.8801358,2.8365884,-0.073716082,-0.20442986,0.97610158,0
0.6266281,1.2010322,2.3478289,-0.073716082,-0.20442986,0.97610158,0
-1.8047863,-4.934958,0.87911463,-0.073716082,-0.20442986,0.97610158,0
2.799233,-1.1759689,1.24765,0.98628736,-0.15986168,0.041004676,0
2.5664752,-3.279418,-1.3543667,0.98628736,-0.15986168,0.041004676,0
-2.5926733,2.7014525,2.4189451,-0.073716082,-0.20442986,0.97610158,0
3.4013338,2.4919181,1.0649765,0.98628736,-0.15986168,0.041004676,0
1.5426723,4.413084,2.3912621,0.14765866,0.96573943,0.21341103,0
-1.3347043,2.4697142,2.4654138,-0.073716082,-0.20442986,0.97610158,0
1.6533833,-4.8559761,-2.5984061,-0.14765866,-0.96573943,-0.21341103,0
-3.3014066,-1.9190265,-1.2350477,-0.98628736,0.15986168,-0.041004676,0
2.4191918,4.4242458,1.7342894,0.14765866,0.96573943,0.21341103,0
2.7056141,-2.2293429,-0.60723817,0.98628736,-0.15986168,0.041004676,0
2.4619825,-3.9453297,-1.4371378,0.98628736,-0.15986168,0.041004676,0
0.037333377,-0.41973758,-2.1340551,0.073716082,0.20442986,-0.97610158,0
-0.70226932,-4.7446132,-1.472482,-0.14765866,-0.96573943,-0.21341103,0
-2.3286791,4.8190479,1.6370866,-0.98628736,0.15986168,-0.041004676,0
-3.1246192,-1.0169533,-1.9704849,-0.98628736,0.15986168,-0.041004676,0
-2.0014956,-4.2456484,1.0086246,-0.073716082,-0.20442986,0.97610158,0
-2.8603127,-2.95257,1.2145817,-0.073716082,-0.20442986,0.97610158,0
3.1374068,0.32749856,-1.0250103,0.98628736,-0.15986168,0.041004676,0
-2.5218577,3.1624146,-0.17497182,-0.98628736,0.15986168,-0.041004676,0
2.5799153,-3.3086622,-1.7916604,0.98628736,-0.15986168,0.041004676,0
3.4524643,4.4009814,1.1246471,0.14765866,0.96573943,0.21341103,0
1.4290724,4.1172962,3.0191982,-0.073716082,-0.20442986,0.97610158,0
2.8269277,-0.94421542,1.4850188,0.98628736,-0.15986168,0.041004676,0
2.9803252,4.743679,-0.099473953,0.14765866,0.96573943,0.21341103,0
1.1691341,-2.531599,1.6070554,-0.073716082,-0.20442986,0.97610158,0
-3.5705686,-3.9086764,-2.5177772,-0.98628736,0.15986168,-0.041004676,0
-1.5956864,3.7774742,2.719595,-0.073716082,-0.20442986,0.97610158,0
-3.6227393,-3.7277913,-0.55770564,-0.98628736,0.15986168,-0.041004676,0
2.7953718,-1.3960431,0.48252475,0.98628736,-0.15986168,0.041004676,0
-2.7525289,1.614125,-0.6628139,-0.98628736,0.15986168,-0.041004676,0
-2.6847167,2.0360959,-0.64880168,-0.98628736,0.15986168,-0.041004676,0
1.5186987,5.1082306,-0.86443043,0.073716082,0.20442986,-0.97610158,0
-1.8053677,4.9330006,2.3550105,0.14765866,0.96573943,0.21341103,0
-1.3478208,4.7401266,2.9112387,0.14765866,0.96573943,0.21341103,0
-0.42108572,5.256896,-0.068482876,0.14765866,0.96573943,0.21341103,0
-1.6219425,5.3207021,0.47364759,0.14765866,0.96573943,0.21341103,0
1.3149779,-3.4377048,1.4282992,-0.073716082,-0.20442986,0.97610158,0
-0.28910613,3.8355234,-1.2675068,0.073716082,0.20442986,-0.97610158,0
-1.0134355,0.36615992,-2.048816,0.073716082,0.20442986,-0.97610158,0
3.3808823,2.2658591,0.67558885,0.98628736,-0.15986168,0.041004676,0
-0.27103728,-3.7763786,-2.860342,0.073716082,0.20442986,-0.97610158,0
-3.2488821,-4.3894167,-1.3178411,-0.14765866,-0.96573943,-0.21341103,0
0.42567241,-1.741552,1.7163723,-0.073716082,-0.20442986,0.97610158,0
0.89238322,-2.6543698,-2.5374916,0.073716082,0.20442986,-0.97610158,0
-0.30555779,-5.2558002,0.56628704,-0.14765866,-0.96573943,-0.21341103,0
-1.2477973,4.8757477,2.2283108,0.14765866,0.96573943,0.21341103,0
-3.623152,-4.1435447,-2.1686502,-0.98628736,0.15986168,-0.041004676,0
-2.7479577,1.9457886,0.52025288,-0.98628736,0.15986168,-0.041004676,0
-2.0669258,5.4142561,0.35817719,0.14765866,0.96573943,0.21341103,0
-2.5523827,3.4732761,1.7711879,-0.98628736,0.15986168,-0.041004676,0
-3.1739454,-1.2348182,-1.6334121,-0.98628736,0.15986168,-0.041004676,0
-3.3020401,-2.0010567,-1.5396143,-0.98628736,0.15986168,-0.041004676,0
1.1835353,1.2012215,-1.7080075,0.073716082,0.20442986,-0.97610158,0
3.6138074,3.5448101,0.059179783,0.98628736,-0.15986168,0.041004676,0
1.2298045,-4.9774351,-1.7557003,-0.14765866,-0.96573943,-0.21341103,0
-3.4594417,-3.005259,-1.6686363,-0.98628736,0.15986168,-0.041004676,0
-1.9147043,-0.51962674,-2.3023953,0.073716082,0.20442986,-0.97610158,0
-1.1138511,-5.1577921,0.68203306,-0.14765866,-0.96573943,-0.21341103,0
2.831188,3.3850617,2.9717317,-0.073716082,-0.20442986,0.97610158,0
3.4089854,2.069638,-0.76536012,0.98628736,-0.15986168,0.041004676,0
-2.1655896,4.9039326,2.7357855,0.14765866,0.96573943,0.21341103,0
-2.3694422,-1.7137816,-2.5868354,0.073716082,0.20442986,-0.97610158,0
3.1800573,0.65352511,-0.7798419,0.98628736,-0.15986168,0.041004676,0
-3.4991884,-4.6928735,0.22856522,-0.14765866,-0.96573943,-0.21341103,0
-1.3870058,5.5736227,-0.8334341,0.14765866,0.96573943,0.21341103,0
2.6663661,-2.1391094,0.68857849,0.98628736,-0.15986168,0.041004676,0
-0.003162384,-3.7563996,1.2620063,-0.073716082,-0.20442986,0.97610158,0
3.0809474,1.9634836,-1.4050689,0.073716082,0.20442986,-0.97610158,0
-2.4655852,3.5697839,0.059691191,-0.98628736,0.15986168,-0.041004676,0
3.2765377,4.0241284,2.9517267,0.14765866,0.96573943,0.21341103,0
-1.1874546,-5.1213093,0.56786346,-0.14765866,-0.96573943,-0.21341103,0
1.3929987,3.0147059,-1.312381,0.073716082,0.20442986,-0.97610158,0
-3.6629202,-4.2464023,-1.6131034,-0.98628736,0.15986168,-0.041004676,0
3.6612766,4.2928505,-0.8733902,0.073716082,0.20442986,-0.97610158,0
-1.0911397,-5.0590253,0.21937323,-0.14765866,-0.96573943,-0.21341103,0
1.0004377,0.86848068,-1.7915225,0.073716082,0.20442986,-0.97610158,0
-2.23859,4.9925451,0.14656639,-0.98628736,0.15986168,-0.041004676,0
-1.4388151,-4.2062941,-3.0385733,0.073716082,0.20442986,-0.97610158,0
-1.708086,5.324533,0.51591635,0.14765866,0.96573943,0.21341103,0
1.9728806,-1.4087312,1.902923,-0.073716082,-0.20442986,0.97610158,0
3.808507,4.5942726,-0.53247499,0.98628736,-0.15986168,0.041004676,0
-2.808969,-0.6076653,-2.3883693,0.073716082,0.20442986,-0.97610158,0
3.017086,4.2518282,2.100843,0.14765866,0.96573943,0.21341103,0
3.2406845,1.7385287,1.991909,0.98628736,-0.15986168,0.041004676,0
-0.039165795,-2.3925848,1.5449178,-0.073716082,-0.20442986,0.97610158,0
3.2670829,4.2697268,1.8468747,0.14765866,0.96573943,0.21341103,0
-2.0946491,5.624805,-0.85072041,-0.98628736,0.15986168,-0.041004676,0
2.5488994,4.4146309,1.6880565,0.14765866,0.96573943,0.21341103,0
-2.7356737,1.4236654,-1.8107723,-0.98628736,0.15986168,-0.041004676,0
-1.9409693,-4.7926769,-0.39792728,-0.14765866,-0.96573943,-0.21341103,0
1.8092364,4.4398775,2.0855803,0.14765866,0.96573943,0.21341103,0
-2.820591,-4.6734276,-0.32895279,-0.14765866,-0.96573943,-0.21341103,0
-2.3956058,3.7856219,-0.78205752,-0.98628736,0.15986168,-0.041004676,0
0.81401002,4.6857052,1.6617422,0.14765866,0.96573943,0.21341103,0
2.2697914,-4.7091761,0.20769238,0.98628736,-0.15986168,0.041004676,0
-3.583384,-3.2144852,0.49685788,-0.98628736,0.15986168,-0.041004676,0
0.74648678,5.0949936,-0.14367056,0.14765866,0.96573943,0.21341103,0
2.8880332,-1.3552727,-1.5873001,0.98628736,-0.15986168,0.041004676,0
-3.1603711,-0.55946898,0.6730057,-0.98628736,0.15986168,-0.041004676,0
-1.9625795,-3.1311202,-2.8529496,0.073716082,0.20442986,-0.97610158,0
1.5014861,-1.5234038,1.8433064,-0.073716082,-0.20442986,0.97610158,0
-1.2765925,-2.642906,1.3990402,-0.073716082,-0.20442986,0.97610158,0
2.8611927,-1.2198956,-0.41391665,0.98628736,-0.15986168,0.041004676,0
-2.0912697,3.8182228,2.690702,-0.073716082,-0.20442986,0.97610158,0
3.2600076,1.1610634,-0.72418272,0.98628736,-0.15986168,0.041004676,0
-2.4057221,-4.5552993,-1.1505609,-0.14765866,-0.96573943,-0.21341103,0
-3.5438874,-3.8662102,-2.9939816,-0.98628736,0.15986168,-0.041004676,0
0.64070582,-4.1083241,1.2369263,-0.073716082,-0.20442986,0.97610158,0
-2.2826614,4.5251389,-0.61562204,-0.98628736,0.15986168,-0.041004676,0
-1.3906865,-4.8517871,-0.51117802,-0.14765866,-0.96573943,-0.21341103,0
3.4065351,2.7023804,1.7603955,0.98628736,-0.15986168,0.041004676,0
-0.78977025,-0.51536131,1.8813882,-0.073716082,-0.20442986,0.97610158,0
2.5637107,3.8505118,-1.0489211,0.073716082,0.20442986,-0.97610158,0
3.3975143,2.4859514,1.1335967,0.98628736,-0.15986168,0.041004676,0
-3.710418,-4.2840924,-0.61758327,-0.98628736,0.15986168,-0.041004676,0
-2.5949674,3.158884,1.5697814,-0.98628736,0.15986168,-0.041004676,0
3.3042395,3.1882963,-1.1316867,0.073716082,0.20442986,-0.97610158,0
2.3759613,-4.2693038,-0.63111567,0.98628736,-0.15986168,0.041004676,0
0.58194393,-1.93898,-2.4111085,0.073716082,0.20442986,-0.97610158,0
-0.37574804,3.3167486,2.7152338,-0.073716082,-0.20442986,0.97610158,0
3.6568699,4.267879,1.5855424,0.14765866,0.96573943,0.21341103,0
-2.3455529,-4.3125429,-2.2907257,-0.14765866,-0.96573943,-0.21341103,0
-3.2132213,-0.82117128,0.92395282,-0.98628736,0.15986168,-0.041004676,0
-2.1860962,5.2922492,0.052360058,-0.98628736,0.15986168,-0.041004676,0
-2.8262174,1.4957685,0.64818895,-0.98628736,0.15986168,-0.041004676,0
-1.0841626,-1.3852532,1.6769696,-0.073716082,-0.20442986,0.97610158,0
2.9926693,4.5191002,0.90826225,0.14765866,0.96573943,0.21341103,0
-0.13628948,4.5758438,2.8164032,0.14765866,0.96573943,0.21341103,0
2.7692871,-1.978303,-1.1600579,0.98628736,-0.15986168,0.041004676,0
-0.94807315,5.105876,-1.0512171,0.073716082,0.20442986,-0.97610158,0
-2.4235058,4.5141869,2.7294164,-0.98628736,0.15986168,-0.041004676,0
3.4647822,2.2847755,-1.2687042,0.98628736,-0.15986168,0.041004676,0
3.0588806,0.19487974,0.346744,0.98628736,-0.15986168,0.041004676,0
-1.8166814,4.9364452,2.3472483,0.14765866,0.96573943,0.21341103,0
3.0515943,-0.29032397,-1.3696158,0.98628736,-0.15986168,0.041004676,0
0.45306551,-3.4247923,-2.7320228,0.073716082,0.20442986,-0.97610158,0
2.609664,-2.8947978,-0.89371002,0.98628736,-0.15986168,0.041004676,0
-2.3442063,4.2143145,-0.34706068,-0.98628736,0.15986168,-0.041004676,0
2.5404663,4.8551369,-0.29951191,0.14765866,0.96573943,0.21341103,0
-0.59527934,-5.2249374,0.62708235,-0.14765866,-0.96573943,-0.21341103,0
0.2169328,4.5574508,2.6552422,0.14765866,0.96573943,0.21341103,0
-2.2733018,4.7215543,-0.075001478,-0.98628736,0.15986168,-0.041004676,0
1.8234378,-0.46556842,-2.0087655,0.073716082,0.20442986,-0.97610158,0
-3.1797016,-0.94939536,-0.38220537,-0.98628736,0.15986168,-0.041004676,0
-3.0822046,0.012843251,1.0240946,-0.98628736,0.15986168,-0.041004676,0
-2.1069005,-4.8929462,0.17062378,-0.14765866,-0.96573943,-0.21341103,0
2.2488537,-5.0638542,-2.0697091,-0.14765866,-0.96573943,-0.21341103,0
-1.3376745,0.20839536,-2.1063442,0.073716082,0.20442986,-0.97610158,0
0.83496749,1.9721668,-1.5728685,0.073716082,0.20442986,-0.97610158,0
-3.4962025,-3.1044219,-1.171032,-0.98628736,0.15986168,-0.041004676,0
0.99029368,2.1644912,-1.5208588,0.073716082,0.20442986,-0.97610158,0
-2.2100785,5.1898847,0.23012114,-0.98628736,0.15986168,-0.041004676,0
2.6256981,-3.2109485,-2.5119169,0.98628736,-0.15986168,0.041004676,0
3.3129439,1.5532376,-0.46853137,0.98628736,-0.15986168,0.041004676,0
0.78194511,-0.60925257,1.9804214,-0.073716082,-0.20442986,0.97610158,0
-3.1733949,-4.1828127,-2.3050058,-0.14765866,-0.96573943,-0.21341103,0
-1.3184572,-2.9967539,1.3217709,-0.073716082,-0.20442986,0.97610158,0
-1.2858514,-5.1373615,0.70858526,-0.14765866,-0.96573943,-0.21341103,0
1.5034614,4.804028,0.64927006,0.14765866,0.96573943,0.21341103,0
3.4896247,2.7864542,0.089606285,0.98628736,-0.15986168,0.041004676,0
2.6832047,4.7490358,0.081861973,0.14765866,0.96573943,0.21341103,0
-3.0083799,0.67300546,1.8221172,-0.98628736,0.15986168,-0.041004676,0
3.0013833,-0.015663862,0.90891057,0.98628736,-0.15986168,0.041004676,0
-2.6514573,-4.7846904,0.057516098,-0.14765866,-0.96573943,-0.21341103,0
2.0142269,4.9255719,-0.25414467,0.14765866,0.96573943,0.21341103,0
0.56639004,-4.7298522,1.1011448,-0.073716082,-0.20442986,0.97610158,0
-2.5340014,2.7866395,-1.3478931,-0.98628736,0.15986168,-0.041004676,0
-3.1736691,-1.3811241,-2.2104535,-0.98628736,0.15986168,-0.041004676,0
3.1613643,0.91082358,0.67290092,0.98628736,-0.15986168,0.041004676,0
-0.34095538,5.0815825,-1.0104542,0.073716082,0.20442986,-0.97610158,0
2.3047645,-4.2456794,1.173486,0.98628736,-0.15986168,0.041004676,0
2.2677453,-4.5391984,0.91959429,0.98628736,-0.15986168,0.041004676,0
-1.7537382,2.6426439,2.4699855,-0.073716082,-0.20442986,0.97610158,0
2.9608116,0.026462078,2.0490086,0.98628736,-0.15986168,0.041004676,0
-0.96121621,3.6013045,2.7306147,-0.073716082,-0.20442986,0.97610158,0
-3.3120875,-2.3621802,-2.7058296,-0.98628736,0.15986168,-0.041004676,0
-3.3470492,-2.0399392,-0.60860419,-0.98628736,0.15986168,-0.041004676,0
2.3701098,4.7111249,0.4700489,0.14765866,0.96573943,0.21341103,0
-1.6866729,4.5623531,-1.2208292,0.073716082,0.20442986,-0.97610158,0
-2.7800105,0.88864648,2.0251317,-0.073716082,-0.20442986,0.97610158,0
-2.1406703,0.39777923,1.9706105,-0.073716082,-0.20442986,0.97610158,0
2.7695563,-1.2078226,1.8372812,0.98628736,-0.15986168,0.041004676,0
-1.1954303,-2.1661706,1.5050147,-0.073716082,-0.20442986,0.97610158,0
-2.7958541,-4.2782702,-2.1342542,-0.14765866,-0.96573943,-0.21341103,0
3.5567687,3.874465,2.7163336,0.98628736,-0.15986168,0.041004676,0
1.5642133,-5.5739555,0.99971581,-0.073716082,-0.20442986,0.97610158,0
-2.8800991,0.82904994,-0.65508139,-0.98628736,0.15986168,-0.041004676,0
3.3911884,2.1448216,-0.044185638,0.98628736,-0.15986168,0.041004676,0
-0.23718104,1.2230396,2.2872024,-0.073716082,-0.20442986,0.97610158,0
-2.7499738,1.7833456,-0.06455338,-0.98628736,0.15986168,-0.041004676,0
1.3253517,0.012661695,-1.9462233,0.073716082,0.20442986,-0.97610158,0
0.96381569,-1.199702,1.8704957,-0.073716082,-0.20442986,0.97610158,0
1.3832067,5.0991096,-0.60284615,0.14765866,0.96573943,0.21341103,0
1.7342811,4.2977071,2.7807989,0.14765866,0.96573943,0.21341103,0
-1.1227853,4.8479562,2.2675791,0.14765866,0.96573943,0.21341103,0
3.6648455,3.7800326,-0.25140095,0.98628736,-0.15986168,0.041004676,0
2.5456443,-2.9346488,0.4908042,0.98628736,-0.15986168,0.041004676,0
-2.8405983,1.2623304,0.084009439,-0.98628736,0.15986168,-0.041004676,0
-3.530417,-3.1207497,-0.41172552,-0.98628736,0.15986168,-0.041004676,0
-1.5285403,-4.7711363,-0.78076077,-0.14765866,-0.96573943,-0.21341103,0
-2.3200874,4.3495545,-0.39995623,-0.98628736,0.15986168,-0.041004676,0
0.16957283,-3.6857896,1.2898393,-0.073716082,-0.20442986,0.97610158,0
-2.969691,0.93173957,1.9002268,-0.98628736,0.15986168,-0.041004676,0
-1.5255382,4.6100469,-1.1986711,0.073716082,0.20442986,-0.97610158,0
3.1454067,1.8561473,-1.4226811,0.073716082,0.20442986,-0.97610158,0
3.6022704,3.3809996,-0.30196047,0.98628736,-0.15986168,0.041004676,0
-2.7692726,1.5399163,-0.54939163,-0.98628736,0.15986168,-0.041004676,0
2.518388,-3.9014425,-2.6227634,0.98628736,-0.15986168,0.041004676,0
1.0027905,4.5880394,1.9730885,0.14765866,0.96573943,0.21341103,0
-0.58374465,-1.7434859,1.6397349,-0.073716082,-0.20442986,0.97610158,0
2.1174288,4.5351744,1.4410996,0.14765866,0.96573943,0.21341103,0
-2.29056,4.8136358,0.69910288,-0.98628736,0.15986168,-0.041004676,0
2.929415,4.1128206,2.7905486,0.14765866,0.96573943,0.21341103,0
-1.2931495,3.5972469,-1.3932369,0.073716082,0.20442986,-0.97610158,0
-0.56583023,-5.1515341,0.27453804,-0.14765866,-0.96573943,-0.21341103,0
-3.06142,-4.0434918,-3.0129421,-0.14765866,-0.96573943,-0.21341103,0
2.0079679,4.7387905,0.59542131,0.14765866,0.96573943,0.21341103,0
-2.8871274,-1.1616483,1.5876387,-0.073716082,-0.20442986,0.97610158,0
-2.380285,3.8807011,-0.77990007,-0.98628736,0.15986168,-0.041004676,0
-0.44308481,-1.7337973,1.6523868,-0.073716082,-0.20442986,0.97610158,0
-2.7627783,1.7142342,-0.025993407,-0.98628736,0.15986168,-0.041004676,0
2.1854305,4.9481339,-0.47469759,0.14765866,0.96573943,0.21341103,0
-3.3337097,-2.2288747,-1.6660514,-0.98628736,0.15986168,-0.041004676,0
-1.1814587,5.5571194,-0.90097046,0.14765866,0.96573943,0.21341103,0
0.84549487,-0.84905267,1.9349983,-0.073716082,-0.20442986,0.97610158,0
-0.0018549711,-0.67655718,-2.1908021,0.073716082,0.20442986,-0.97610158,0
-0.13371308,1.3703048,2.3258588,-0.073716082,-0.20442986,0.97610158,0
3.2185671,0.86800802,-0.86992896,0.98628736,-0.15986168,0.041004676,0
-2.000973,3.409451,-1.4860237,0.073716082,0.20442986,-0.97610158,0
1.368395,4.9140787,0.24471474,0.14765866,0.96573943,0.21341103,0
1.7654501,1.6594167,2.5298355,-0.073716082,-0.20442986,0.97610158,0
-1.4545364,-4.1200085,-3.0216894,0.073716082,0.20442986,-0.97610158,0
2.4393935,-2.9565215,1.6139929,-0.073716082,-0.20442986,0.97610158,0
0.87708557,-3.3378429,-2.6817901,0.073716082,0.20442986,-0.97610158,0
0.91585493,-0.1260016,-2.0061901,0.073716082,0.20442986,-0.97610158,0
0.4582479,-5.4171314,0.76787472,-0.14765866,-0.96573943,-0.21341103,0
0.92968392,-5.0976539,-1.0040295,-0.14765866,-0.96573943,-0.21341103,0
-0.040512279,1.3792193,2.3347645,-0.073716082,-0.20442986,0.97610158,0
-2.7091622,1.7969644,-0.9930948,-0.98628736,0.15986168,-0.041004676,0
-2.2046256,-4.8588943,0.86484861,-0.073716082,-0.20442986,0.97610158,0
0.22164851,5.1258917,0.079638958,0.14765866,0.96573943,0.21341103,0
3.0080063,4.1117039,2.7412245,0.14765866,0.96573943,0.21341103,0
-1.9495177,-4.9894538,0.49845457,-0.14765866,-0.96573943,-0.21341103,0
0.99397707,5.0488291,-0.10600615,0.14765866,0.96573943,0.21341103,0
0.56149685,-5.0892129,-0.78747654,-0.14765866,-0.96573943,-0.21341103,0
0.31374711,3.6743236,-1.2557399,0.073716082,0.20442986,-0.97610158,0
2.5264764,4.9275656,-0.61758804,0.14765866,0.96573943,0.21341103,0
0.32758164,4.827456,1.3568423,0.14765866,0.96573943,0.21341103,0
0.14727031,2.4539645,2.5740352,-0.073716082,-0.20442986,0.97610158,0
0.73685849,-5.0860815,-0.92298126,-0.14765866,-0.96573943,-0.21341103,0
1.0129107,-3.4850554,-2.702364,0.073716082,0.20442986,-0.97610158,0
-3.2318048,-1.8511069,-2.6443968,-0.98628736,0.15986168,-0.041004676,0
-2.4826024,-4.8932133,0.43178034,-0.14765866,-0.96573943,-0.21341103,0
-2.6277647,-4.4125662,-1.6428325,-0.14765866,-0.96573943,-0.21341103,0
2.9755275,0.57477629,2.3940599,-0.073716082,-0.20442986,0.97610158,0
-1.1904869,-2.2894492,-2.6183648,0.073716082,0.20442986,-0.97610158,0
2.9224515,-0.99416065,-1.007329,0.98628736,-0.15986168,0.041004676,0
1.771717,5.0063148,-0.86666775,0.073716082,0.20442986,-0.97610158,0
-2.8272588,0.92647147,-1.5462404,-0.98628736,0.15986168,-0.041004676,0
0.42460352,2.9806101,-1.3926566,0.073716082,0.20442986,-0.97610158,0
-3.3808336,-4.6004839,0.83014059,-0.073716082,-0.20442986,0.97610158,0
-3.675668,-4.1094489,-0.77255058,-0.98628736,0.15986168,-0.041004676,0
