-2.2670681,0.89207113,-3.6065984,-0.79536545,0.012620866,-0.60599887,0
4.8359213,0.35085237,0.26089764,0.79536545,-0.012620866,0.60599887,0
0.44796038,1.7094424,-2.4621449,0.097687766,0.98938251,-0.10760847,0
-3.2835155,2.4055598,0.55068851,0.097687766,0.98938251,-0.10760847,0
-4.9451332,-0.34342694,0.1161108,-0.5982064,0.14478673,0.78815353,0
-4.8957672,-1.258688,0.32171607,-0.5982064,0.14478673,0.78815353,0
-1.1387876,1.73908,-3.6301112,0.097687766,0.98938251,-0.10760847,0
3.3897643,0.40348625,2.1600561,0.79536545,-0.012620866,0.60599887,0
2.6760993,-1.6732855,3.0534799,0.79536545,-0.012620866,0.60599887,0
4.4394598,0.59175783,0.78626537,0.79536545,-0.012620866,0.60599887,0
-2.337086,-2.1498148,-3.5780516,-0.79536545,0.012620866,-0.60599887,0
3.3766747,-1.8481405,2.1303422,0.79536545,-0.012620866,0.60599887,0
-3.3339295,1.5491012,0.99134588,-0.5982064,0.14478673,0.78815353,0
-0.28681827,-2.0837069,-3.6412752,0.5982064,-0.14478673,-0.78815353,0
-0.07690835,-2.0216746,-0.071763486,-0.097687766,-0.98938251,0.10760847,0
2.5423391,0.30906978,3.2703238,0.79536545,-0.012620866,0.60599887,0
3.1981921,-1.0135212,-1.1927581,0.5982064,-0.14478673,-0.78815353,0
-1.2513374,1.8752208,-2.4805686,0.097687766,0.98938251,-0.10760847,0
3.2244332,1.0682099,2.3908949,0.79536545,-0.012620866,0.60599887,0
-2.8767872,1.8147264,-2.7871339,-0.79536545,0.012620866,-0.60599887,0
-4.0312099,-0.57672352,0.85263336,-0.5982064,0.14478673,0.78815353,0
2.3027592,0.62674642,-2.1737127,0.5982064,-0.14478673,-0.78815353,0
-3.0179098,-1.5226247,1.7954915,-0.5982064,0.14478673,0.78815353,0
-3.5322189,-0.21340442,-1.9691267,-0.79536545,0.012620866,-0.60599887,0
0.47331381,-0.050327897,4.1748552,-0.5982064,0.14478673,0.78815353,0
1.1696239,-2.2415748,-0.96197522,-0.097687766,-0.98938251,0.10760847,0
0.61917973,-1.3532165,4.5249124,-0.5982064,0.14478673,0.78815353,0
-3.5675938,-1.4262832,1.3605843,-0.5982064,0.14478673,0.78815353,0
-3.4810977,1.2129594,-2.0065174,-0.79536545,0.012620866,-0.60599887,0
-0.67988729,1.8070648,-2.5884471,0.097687766,0.98938251,-0.10760847,0
1.6641191,0.21627301,-2.5830336,0.5982064,-0.14478673,-0.78815353,0
-1.7159781,-1.3610826,-4.376822,-0.79536545,0.012620866,-0.60599887,0
-3.3941488,-0.94931567,-2.165669,-0.79536545,0.012620866,-0.60599887,0
2.8310146,-2.237922,0.57983494,-0.097687766,-0.98938251,0.10760847,0
-0.15192103,-1.7997022,-3.5910609,0.5982064,-0.14478673,-0.78815353,0
-0.48630059,2.0266769,-0.39353293,0.097687766,0.98938251,-0.10760847,0
-3.1695118,-0.04429413,-2.4416537,-0.79536545,0.012620866,-0.60599887,0
-1.917668,-0.86410272,2.5095994,-0.5982064,0.14478673,0.78815353,0
-4.4353609,-1.3693649,0.69149542,-0.5982064,0.14478673,0.78815353,0
-3.8562002,-0.25239739,-1.5447183,-0.79536545,0.012620866,-0.60599887,0
3.8300714,-2.0366905,1.5313377,0.79536545,-0.012620866,0.60599887,0
-0.85878634,-2.2570448,-4.0435543,0.5982064,-0.14478673,-0.78815353,0
1.2442487,-2.1215687,0.20913959,-0.097687766,-0.98938251,0.10760847,0
-1.2849205,1.1426045,-4.8904362,-0.79536545,0.012620866,-0.60599887,0
-1.8870587,-2.1650691,-4.1690249,-0.79536545,0.012620866,-0.60599887,0
2.3796031,1.5598304,-2.0841589,0.097687766,0.98938251,-0.10760847,0
-4.5231624,0.52494925,0.27686167,-0.5982064,0.14478673,0.78815353,0
-3.2836328,-1.6020508,0.87528872,-0.097687766,-0.98938251,0.10760847,0
-1.7813843,-1.9161848,-0.64919269,-0.097687766,-0.98938251,0.10760847,0
1.0400226,-1.6270151,4.5708075,-0.097687766,-0.98938251,0.10760847,0
-1.9385345,2.0956836,-1.0774138,0.097687766,0.98938251,-0.10760847,0
0.30053353,0.44794583,-3.6605508,0.5982064,-0.14478673,-0.78815353,0
-1.5977325,0.089030743,-4.5018167,-0.79536545,0.012620866,-0.60599887,0
-0.03753829,-1.8480361,1.5604591,-0.097687766,-0.98938251,0.10760847,0
-0.64746118,-1.2205499,3.5391638,-0.5982064,0.14478673,0.78815353,0
3.3607087,0.43557507,-1.3356128,0.5982064,-0.14478673,-0.78815353,0
2.0655649,-0.81694376,3.872633,0.79536545,-0.012620866,0.60599887,0
-4.1062765,-0.2516073,0.7359333,-0.5982064,0.14478673,0.78815353,0
1.9568456,1.8315871,0.030661941,0.097687766,0.98938251,-0.10760847,0
0.76058155,-1.9921951,0.95956361,-0.097687766,-0.98938251,0.10760847,0
4.7502584,-1.4279587,0.33628297,0.79536545,-0.012620866,0.60599887,0
2.3717346,-1.9231825,3.0567019,-0.097687766,-0.98938251,0.10760847,0
-2.4484215,-2.0947528,-2.8965397,-0.097687766,-0.98938251,0.10760847,0
-3.6413081,0.99082774,-1.8008692,-0.79536545,0.012620866,-0.60599887,0
-4.397337,1.5266665,-0.79743195,-0.79536545,0.012620866,-0.60599887,0
1.7574281,-1.9353223,-2.1169562,0.5982064,-0.14478673,-0.78815353,0
1.4951916,-0.45086098,4.6288643,0.79536545,-0.012620866,0.60599887,0
-0.29272163,2.2669368,1.9912162,0.097687766,0.98938251,-0.10760847,0
1.4526665,2.3526702,4.3639479,0.097687766,0.98938251,-0.10760847,0
-0.011491001,-2.061516,-0.37868738,-0.097687766,-0.98938251,0.10760847,0
-1.1049943,-1.7448857,1.5398114,-0.097687766,-0.98938251,0.10760847,0
-2.0635762,-2.0616665,-2.2429686,-0.097687766,-0.98938251,0.10760847,0
0.49232411,-2.2297423,-1.4680395,-0.097687766,-0.98938251,0.10760847,0
-2.9459226,2.1514239,-1.4794388,0.097687766,0.98938251,-0.10760847,0
4.8196101,0.37261742,-0.21674466,0.5982064,-0.14478673,-0.78815353,0
-2.4046769,2.0084598,-2.3025417,0.097687766,0.98938251,-0.10760847,0
-4.5853767,2.413245,-0.11724591,-0.5982064,0.14478673,0.78815353,0
2.4867249,1.6448351,3.3711357,0.79536545,-0.012620866,0.60599887,0
2.0361567,2.0542746,2.1501157,0.097687766,0.98938251,-0.10760847,0
4.1034679,-1.2310677,1.1892872,0.79536545,-0.012620866,0.60599887,0
-4.7761192,0.31217346,0.12395597,-0.5982064,0.14478673,0.78815353,0
-2.4790697,-1.5765469,1.8401661,-0.097687766,-0.98938251,0.10760847,0
0.74456322,-2.0628195,0.29568261,-0.097687766,-0.98938251,0.10760847,0
-2.8941,2.3681476,0.56022656,0.097687766,0.98938251,-0.10760847,0
4.108007,-2.3487597,0.72002506,-0.097687766,-0.98938251,0.10760847,0
1.2240611,1.6613214,-2.2000329,0.097687766,0.98938251,-0.10760847,0
-2.1156969,1.0229113,2.0126443,-0.5982064,0.14478673,0.78815353,0
-0.28611088,-0.53685153,-3.9249012,0.5982064,-0.14478673,-0.78815353,0
1.8553221,1.5027039,4.1968846,0.79536545,-0.012620866,0.60599887,0
-1.324106,-1.1354694,-4.6027689,0.5982064,-0.14478673,-0.78815353,0
0.77435923,-2.2440882,-1.3439062,-0.097687766,-0.98938251,0.10760847,0
-0.55109036,2.0580826,-0.16359401,0.097687766,0.98938251,-0.10760847,0
3.4234047,-2.3590159,0.0042383671,-0.097687766,-0.98938251,0.10760847,0
3.4424825,1.5723115,-1.0045155,0.097687766,0.98938251,-0.10760847,0
3.6812577,-2.3529069,0.294487,-0.097687766,-0.98938251,0.10760847,0
-1.3976991,-1.8536459,-4.5266943,0.5982064,-0.14478673,-0.78815353,0
1.8560021,-2.2331202,-0.26114047,-0.097687766,-0.98938251,0.10760847,0
-2.0061526,-2.0670834,-2.2406449,-0.097687766,-0.98938251,0.10760847,0
-2.6472783,-2.0521007,-2.6849067,-0.097687766,-0.98938251,0.10760847,0
-2.8718777,-0.61985731,1.7404878,-0.5982064,0.14478673,0.78815353,0
1.9912033,-0.98671997,-2.1137834,0.5982064,-0.14478673,-0.78815353,0
-2.6948495,-1.9170253,-1.4861715,-0.097687766,-0.98938251,0.10760847,0
4.5513783,-1.4970391,0.59587145,0.79536545,-0.012620866,0.60599887,0
-3.2440481,-0.53666228,1.442728,-0.5982064,0.14478673,0.78815353,0
1.2370797,0.21279937,-2.9065173,0.5982064,-0.14478673,-0.78815353,0
-1.516341,-0.22432747,-4.6151686,-0.79536545,0.012620866,-0.60599887,0
1.952858,1.2939584,4.0645227,0.79536545,-0.012620866,0.60599887,0
-2.0467005,-1.7874335,-3.951632,-0.79536545,0.012620866,-0.60599887,0
-1.9131925,0.78641248,2.2097905,-0.5982064,0.14478673,0.78815353,0
-0.35357308,1.7549481,3.2156143,-0.5982064,0.14478673,0.78815353,0
-1.5537741,-2.2729716,-3.7229652,-0.097687766,-0.98938251,0.10760847,0
1.9196198,0.63700801,4.0944653,0.79536545,-0.012620866,0.60599887,0
4.8959618,0.27471638,0.18050957,0.79536545,-0.012620866,0.60599887,0
0.78422093,-1.3229032,4.6446095,-0.5982064,0.14478673,0.78815353,0
-1.064474,1.8316807,2.6619458,-0.5982064,0.14478673,0.78815353,0
2.6513979,-0.30556446,-1.7378278,0.5982064,-0.14478673,-0.78815353,0
4.1248865,-0.26715708,1.1812496,0.79536545,-0.012620866,0.60599887,0
0.73120517,2.0573437,0.99368608,0.097687766,0.98938251,-0.10760847,0
-1.890132,-1.3437057,-4.1478858,-0.79536545,0.012620866,-0.60599887,0
-3.8932297,-1.5115312,-1.5223413,-0.79536545,0.012620866,-0.60599887,0
-0.20682812,-0.24581012,-3.9181907,0.5982064,-0.14478673,-0.78815353,0
-5.0347919,-1.3452605,-0.02059269,-0.79536545,0.012620866,-0.60599887,0
-2.4916484,2.0348618,-2.1387494,0.097687766,0.98938251,-0.10760847,0
-2.5671754,-1.5000347,-3.2625303,-0.79536545,0.012620866,-0.60599887,0
-1.3836994,-0.96497643,-4.6793203,0.5982064,-0.14478673,-0.78815353,0
-1.3813138,1.6887193,2.4477279,-0.5982064,0.14478673,0.78815353,0
3.7174695,0.78155756,-1.1283906,0.5982064,-0.14478673,-0.78815353,0
-0.75193781,2.0499768,-0.42045385,0.097687766,0.98938251,-0.10760847,0
3.4039214,-0.098978072,2.1310105,0.79536545,-0.012620866,0.60599887,0
-3.4190862,-1.6978317,-0.12831187,-0.097687766,-0.98938251,0.10760847,0
-4.303647,1.1024762,-0.92923307,-0.79536545,0.012620866,-0.60599887,0
-0.80088592,-1.6028295,3.1219862,-0.097687766,-0.98938251,0.10760847,0
-3.8938992,-1.0900708,-1.5126848,-0.79536545,0.012620866,-0.60599887,0
-1.607218,-0.46359369,-4.5008759,-0.79536545,0.012620866,-0.60599887,0
2.2596221,-2.1116302,1.2222822,-0.097687766,-0.98938251,0.10760847,0
1.782294,1.7942561,-0.47102672,0.097687766,0.98938251,-0.10760847,0
-1.7697916,-1.6651301,1.6695975,-0.097687766,-0.98938251,0.10760847,0
-1.0842872,1.2377306,-4.8567123,0.5982064,-0.14478673,-0.78815353,0
-0.84064728,-1.8794076,0.5429523,-0.097687766,-0.98938251,0.10760847,0
-1.5880849,2.0414102,-1.2582752,0.097687766,0.98938251,-0.10760847,0
-4.4665861,0.66241974,0.29454923,-0.5982064,0.14478673,0.78815353,0
-4.7033534,1.4095849,-0.022413969,-0.5982064,0.14478673,0.78815353,0
1.5809221,1.1136285,4.5489268,0.79536545,-0.012620866,0.60599887,0
2.5501547,1.7678902,-0.016374826,0.097687766,0.98938251,-0.10760847,0
-0.43382978,0.63063955,-4.2514915,0.5982064,-0.14478673,-0.78815353,0
0.72127831,1.7616086,-1.7343938,0.097687766,0.98938251,-0.10760847,0
0.38895249,-1.3189831,-3.2688494,0.5982064,-0.14478673,-0.78815353,0
-1.7988358,-1.4857774,-4.270669,-0.79536545,0.012620866,-0.60599887,0
2.5731406,-2.1980622,0.71221662,-0.097687766,-0.98938251,0.10760847,0
-2.8615792,-1.5413251,1.8167633,-0.097687766,-0.98938251,0.10760847,0
0.89962482,1.7494828,4.1677923,-0.5982064,0.14478673,0.78815353,0
1.066263,-2.0872827,0.36279851,-0.097687766,-0.98938251,0.10760847,0
-1.0969558,0.81482911,2.8240914,-0.5982064,0.14478673,0.78815353,0
1.6017892,1.9115086,4.538156,0.79536545,-0.012620866,0.60599887,0
-0.4404552,-1.704159,2.5175357,-0.097687766,-0.98938251,0.10760847,0
0.7039578,0.41453493,4.2645164,-0.5982064,0.14478673,0.78815353,0
-3.0766587,2.2865515,-0.35571837,0.097687766,0.98938251,-0.10760847,0
2.8003497,-0.98720956,2.9046915,0.79536545,-0.012620866,0.60599887,0
0.48305106,-2.099745,-0.28122473,-0.097687766,-0.98938251,0.10760847,0
-1.6446213,0.86972058,2.3983312,-0.5982064,0.14478673,0.78815353,0
4.5614109,-0.95433998,0.59400606,0.79536545,-0.012620866,0.60599887,0
3.4528956,0.20206869,-1.2227474,0.5982064,-0.14478673,-0.78815353,0
-0.30345726,-2.1697226,-1.638618,-0.097687766,-0.98938251,0.10760847,0
-2.8461609,0.64837265,1.5270283,-0.5982064,0.14478673,0.78815353,0
2.7404296,-1.3004912,2.9768114,0.79536545,-0.012620866,0.60599887,0
-0.034608126,-1.7727818,2.2550311,-0.097687766,-0.98938251,0.10760847,0
-1.9404926,-0.098803103,2.351687,-0.5982064,0.14478673,0.78815353,0
-1.7397722,1.8195655,-3.4356863,0.097687766,0.98938251,-0.10760847,0
3.6175857,-0.44724017,1.8433259,0.79536545,-0.012620866,0.60599887,0
-1.9815964,1.8416362,-3.4522882,0.097687766,0.98938251,-0.10760847,0
2.8180676,-1.4261748,2.8722951,0.79536545,-0.012620866,0.60599887,0
0.24529433,1.3442309,3.7456033,-0.5982064,0.14478673,0.78815353,0
2.8323979,-1.713891,2.8474939,0.79536545,-0.012620866,0.60599887,0
-0.85880136,2.2683866,2.7378268,-0.5982064,0.14478673,0.78815353,0
-0.17229605,-1.3051343,-3.6973794,0.5982064,-0.14478673,-0.78815353,0
4.3380418,1.5406151,0.93913698,0.79536545,-0.012620866,0.60599887,0
0.52591705,-2.0948634,-3.0223613,0.5982064,-0.14478673,-0.78815353,0
1.8749802,-2.3464518,-1.2859139,-0.097687766,-0.98938251,0.10760847,0
1.0932693,-0.22538179,4.6775579,-0.5982064,0.14478673,0.78815353,0
0.072425842,-1.8627354,-3.4092031,0.5982064,-0.14478673,-0.78815353,0
2.0269375,-2.0650373,1.43944,-0.097687766,-0.98938251,0.10760847,0
1.9555428,1.6268995,-1.8524748,0.097687766,0.98938251,-0.10760847,0
-4.322298,0.53425789,0.4276073,-0.5982064,0.14478673,0.78815353,0
-2.1468639,-2.1277301,-2.925987,-0.097687766,-0.98938251,0.10760847,0
-0.36337227,1.8847716,-1.5866508,0.097687766,0.98938251,-0.10760847,0
0.15396351,2.0877175,0.74892622,0.097687766,0.98938251,-0.10760847,0
3.0093915,0.57767051,2.6629181,0.79536545,-0.012620866,0.60599887,0
-4.8112431,1.3861092,-0.25711274,-0.79536545,0.012620866,-0.60599887,0
-0.91051912,-0.55422568,-4.3956337,0.5982064,-0.14478673,-0.78815353,0
-1.5611483,-2.0653534,-1.8207605,-0.097687766,-0.98938251,0.10760847,0
1.804062,1.8013684,-0.38587314,0.097687766,0.98938251,-0.10760847,0
3.6446121,0.84331053,1.8347311,0.79536545,-0.012620866,0.60599887,0
3.8461142,-1.1703912,1.5283241,0.79536545,-0.012620866,0.60599887,0
-2.2634473,-0.0028603971,-3.6299882,-0.79536545,0.012620866,-0.60599887,0
1.2716166,-1.7366688,3.7728643,-0.097687766,-0.98938251,0.10760847,0
-3.5570397,0.33736801,-1.9250798,-0.79536545,0.012620866,-0.60599887,0
-4.3198271,-0.10172272,0.54631472,-0.5982064,0.14478673,0.78815353,0
-2.5296197,-2.0017715,-2.1153514,-0.097687766,-0.98938251,0.10760847,0
1.9548577,-2.0615439,-1.9439201,0.5982064,-0.14478673,-0.78815353,0
2.5634217,1.78879,3.2734718,0.79536545,-0.012620866,0.60599887,0
0.11390162,-0.023414731,-3.7156134,0.5982064,-0.14478673,-0.78815353,0
3.9847395,0.27332154,1.3764477,0.79536545,-0.012620866,0.60599887,0
4.461216,-0.33863747,-0.35810471,0.5982064,-0.14478673,-0.78815353,0
-3.3004274,2.3438041,-0.032459974,0.097687766,0.98938251,-0.10760847,0
4.105629,1.7219957,1.2479534,0.79536545,-0.012620866,0.60599887,0
2.0662172,-2.3786025,-1.4079096,-0.097687766,-0.98938251,0.10760847,0
4.6550813,-0.97161323,-0.09468174,0.5982064,-0.14478673,-0.78815353,0
-2.5983963,-0.16764706,1.8649867,-0.5982064,0.14478673,0.78815353,0
1.4475558,-2.2277427,-2.2984297,0.5982064,-0.14478673,-0.78815353,0
-4.4680328,-0.89056623,-0.75498676,-0.79536545,0.012620866,-0.60599887,0
0.90155113,2.2221043,2.6631849,0.097687766,0.98938251,-0.10760847,0
-2.3090692,1.977613,-2.4993646,0.097687766,0.98938251,-0.10760847,0
2.0270238,0.68604589,3.9545202,0.79536545,-0.012620866,0.60599887,0
-3.117481,0.011334285,-2.5087848,-0.79536545,0.012620866,-0.60599887,0
-3.681159,1.3477862,-1.7411313,-0.79536545,0.012620866,-0.60599887,0
0.99321699,-1.7743313,3.173851,-0.097687766,-0.98938251,0.10760847,0
-3.0321429,-1.1288642,-2.6445365,-0.79536545,0.012620866,-0.60599887,0
1.308264,-2.2523575,-0.93525338,-0.097687766,-0.98938251,0.10760847,0
-1.5182018,0.08934921,-4.6061926,-0.79536545,0.012620866,-0.60599887,0
3.3174067,-0.35187078,2.2392933,0.79536545,-0.012620866,0.60599887,0
2.0836449,-0.8086946,3.8490744,0.79536545,-0.012620866,0.60599887,0
-2.5004425,0.68365967,-3.3046381,-0.79536545,0.012620866,-0.60599887,0
0.34527436,1.9868889,-0.0044434965,0.097687766,0.98938251,-0.10760847,0
2.5920925,-1.8836639,3.1593564,0.79536545,-0.012620866,0.60599887,0
1.9070356,1.0004017,4.1185503,0.79536545,-0.012620866,0.60599887,0
0.86175942,-2.2946482,-1.7294272,-0.097687766,-0.98938251,0.10760847,0
0.49975634,-1.5915594,4.406342,-0.097687766,-0.98938251,0.10760847,0
1.915524,-1.4527112,4.0563183,0.79536545,-0.012620866,0.60599887,0
-0.79776239,-2.3700414,-3.9291353,-0.097687766,-0.98938251,0.10760847,0
-3.7918868,0.52930343,-1.6128488,-0.79536545,0.012620866,-0.60599887,0
-3.3891449,-0.46630773,-2.1621771,-0.79536545,0.012620866,-0.60599887,0
4.3541512,0.44271284,0.89512777,0.79536545,-0.012620866,0.60599887,0
1.5454478,-0.85111034,4.5545673,0.79536545,-0.012620866,0.60599887,0
2.6540973,-2.2139499,0.63963699,-0.097687766,-0.98938251,0.10760847,0
-1.6800253,0.46035838,-4.3860736,-0.79536545,0.012620866,-0.60599887,0
2.484607,1.4244421,3.3693256,0.79536545,-0.012620866,0.60599887,0
-1.9752188,1.0266219,-3.9868445,-0.79536545,0.012620866,-0.60599887,0
1.8477528,0.7575376,4.1912999,0.79536545,-0.012620866,0.60599887,0
2.310452,1.6481149,-1.3352244,0.097687766,0.98938251,-0.10760847,0
-5.0248928,-0.29378867,-0.011686325,-0.79536545,0.012620866,-0.60599887,0
-2.2719741,1.2386937,-3.5929401,-0.79536545,0.012620866,-0.60599887,0
-4.2737741,-1.6511681,-0.47516608,-0.097687766,-0.98938251,0.10760847,0
4.3444114,-2.4078436,0.39140248,-0.097687766,-0.98938251,0.10760847,0
0.2131474,0.88827622,-3.8077669,0.5982064,-0.14478673,-0.78815353,0
-2.8102784,0.87433547,1.5127525,-0.5982064,0.14478673,0.78815353,0
-1.8078768,-2.0525069,-4.2706065,-0.79536545,0.012620866,-0.60599887,0
-3.1232131,2.4009604,0.99478942,-0.5982064,0.14478673,0.78815353,0
-4.3891521,-1.0929666,-0.86273193,-0.79536545,0.012620866,-0.60599887,0
-3.1247437,1.1820486,1.217546,-0.5982064,0.14478673,0.78815353,0
-2.3474476,-1.7859094,0.03471899,-0.097687766,-0.98938251,0.10760847,0
-2.4035325,0.091170937,-3.4441702,-0.79536545,0.012620866,-0.60599887,0
-2.6562493,-0.56915724,1.8948352,-0.5982064,0.14478673,0.78815353,0
1.7616522,0.052112311,4.2896142,0.79536545,-0.012620866,0.60599887,0
-2.5321074,-1.7472534,0.2224946,-0.097687766,-0.98938251,0.10760847,0
2.5277262,-2.0984809,1.5865664,-0.097687766,-0.98938251,0.10760847,0
-3.9510946,2.0380707,-1.3724685,-0.79536545,0.012620866,-0.60599887,0
0.98745656,-1.6385231,4.4172797,-0.097687766,-0.98938251,0.10760847,0
1.7125809,1.2502627,4.3789725,0.79536545,-0.012620866,0.60599887,0
-3.3819206,-0.23904352,-2.1669264,-0.79536545,0.012620866,-0.60599887,0
-4.1515956,1.6008599,0.36123133,-0.5982064,0.14478673,0.78815353,0
3.760761,-0.58984411,1.6524398,0.79536545,-0.012620866,0.60599887,0
0.33309758,2.153913,1.5201683,0.097687766,0.98938251,-0.10760847,0
-1.9146111,-0.11849165,-4.0902395,-0.79536545,0.012620866,-0.60599887,0
2.9192395,-0.90487349,2.7503645,0.79536545,-0.012620866,0.60599887,0
2.8090589,-1.7291247,-1.3566504,0.5982064,-0.14478673,-0.78815353,0
-2.3038442,-0.98359156,2.2384429,-0.5982064,0.14478673,0.78815353,0
0.92810607,-1.7440621,-2.7815447,0.5982064,-0.14478673,-0.78815353,0
-2.9648852,0.26681215,1.5070107,-0.5982064,0.14478673,0.78815353,0
-4.4227676,1.8329055,-0.75767636,-0.79536545,0.012620866,-0.60599887,0
0.41117638,-1.9088616,1.408563,-0.097687766,-0.98938251,0.10760847,0
-3.290055,2.0155635,-2.2405422,-0.79536545,0.012620866,-0.60599887,0
-0.68885493,-1.0766131,3.4813042,-0.5982064,0.14478673,0.78815353,0
3.6518223,-2.4096088,-0.2535677,-0.097687766,-0.98938251,0.10760847,0
-0.1293087,1.9077694,-1.1627212,0.097687766,0.98938251,-0.10760847,0
1.9382024,-2.3894408,-1.6237729,-0.097687766,-0.98938251,0.10760847,0
1.410784,1.9921204,1.0109327,0.097687766,0.98938251,-0.10760847,0
0.85635638,2.3653562,3.9392552,0.097687766,0.98938251,-0.10760847,0
-2.7926183,-0.72093701,-2.9504132,-0.79536545,0.012620866,-0.60599887,0
-3.589231,0.42734781,1.0036427,-0.5982064,0.14478673,0.78815353,0
0.033574104,-1.4766231,4.1031094,-0.5982064,0.14478673,0.78815353,0
-1.0637498,2.1379137,0.10499734,0.097687766,0.98938251,-0.10760847,0
2.4034123,0.22717606,3.4509587,0.79536545,-0.012620866,0.60599887,0
3.5240967,0.13606569,1.9781771,0.79536545,-0.012620866,0.60599887,0
4.8564248,0.065447122,-0.13237429,0.5982064,-0.14478673,-0.78815353,0
-1.4740441,-1.8157256,-4.5916052,0.5982064,-0.14478673,-0.78815353,0
1.159588,1.8154914,-0.84108126,0.097687766,0.98938251,-0.10760847,0
-1.3821076,2.1682045,2.3590422,-0.5982064,0.14478673,0.78815353,0
4.5856948,1.2842847,-0.56176257,0.5982064,-0.14478673,-0.78815353,0
0.011089325,-2.1692197,-1.3484495,-0.097687766,-0.98938251,0.10760847,0
-2.2711217,0.28258294,2.0306783,-0.5982064,0.14478673,0.78815353,0
-2.031703,-2.1113515,-2.6708531,-0.097687766,-0.98938251,0.10760847,0
3.1924191,-2.3408215,-0.038166761,-0.097687766,-0.98938251,0.10760847,0
-2.4037268,-1.8328589,-0.44803882,-0.097687766,-0.98938251,0.10760847,0
4.3314986,1.5077293,-0.79124713,0.097687766,0.98938251,-0.10760847,0
-1.2421112,0.64704716,-4.8679895,0.5982064,-0.14478673,-0.78815353,0
-1.7935905,-0.99676687,-4.2673688,-0.79536545,0.012620866,-0.60599887,0
-0.4131,-2.2663662,-2.6267195,-0.097687766,-0.98938251,0.10760847,0
-0.23007011,-2.1125815,-3.5928991,0.5982064,-0.14478673,-0.78815353,0
3.7886767,-0.28775051,1.622092,0.79536545,-0.012620866,0.60599887,0
-4.1116886,2.0484924,-1.1614735,-0.79536545,0.012620866,-0.60599887,0
4.5088472,-1.4322351,0.65304303,0.79536545,-0.012620866,0.60599887,0
-1.7651886,2.2496619,0.49567199,0.097687766,0.98938251,-0.10760847,0
1.1644719,-1.5502951,4.9749918,-0.5982064,0.14478673,0.78815353,0
-4.0408592,2.2669699,-1.2498858,-0.79536545,0.012620866,-0.60599887,0
1.6528462,1.9948901,1.2561431,0.097687766,0.98938251,-0.10760847,0
0.36233997,-0.34580201,4.144906,-0.5982064,0.14478673,0.78815353,0
2.4901969,-1.9207399,3.1867006,-0.097687766,-0.98938251,0.10760847,0
-1.0120454,-0.49284163,-4.4839687,0.5982064,-0.14478673,-0.78815353,0
-2.6049628,-0.60167694,1.9397357,-0.5982064,0.14478673,0.78815353,0
-1.3787978,1.9218554,-2.167505,0.097687766,0.98938251,-0.10760847,0
0.69703078,1.5270717,-3.5578494,0.5982064,-0.14478673,-0.78815353,0
2.373404,-1.5050336,3.4542673,0.79536545,-0.012620866,0.60599887,0
-1.6006116,-2.208648,-3.1740746,-0.097687766,-0.98938251,0.10760847,0
1.187768,2.3103383,3.7342641,0.097687766,0.98938251,-0.10760847,0
-3.327234,-0.13439481,-2.2365217,-0.79536545,0.012620866,-0.60599887,0
4.544487,0.66294271,0.64990044,0.79536545,-0.012620866,0.60599887,0
0.53516221,-2.3261778,-2.3158064,-0.097687766,-0.98938251,0.10760847,0
0.38428092,-0.44103634,4.1790533,-0.5982064,0.14478673,0.78815353,0
-0.73156786,0.38947773,-4.4331722,0.5982064,-0.14478673,-0.78815353,0
-0.56542027,-1.9036446,0.56996781,-0.097687766,-0.98938251,0.10760847,0
0.0016083717,-2.0546269,-0.30345431,-0.097687766,-0.98938251,0.10760847,0
-2.2569287,-1.9673376,-1.5512104,-0.097687766,-0.98938251,0.10760847,0
-2.5909083,2.0152917,1.4696561,-0.5982064,0.14478673,0.78815353,0
-0.54199135,1.8383551,-2.1755753,0.097687766,0.98938251,-0.10760847,0
0.98851395,-1.8147109,2.7983193,-0.097687766,-0.98938251,0.10760847,0
1.3255818,-1.6829097,4.3161297,-0.097687766,-0.98938251,0.10760847,0
-4.5109205,2.1172085,-0.0063505173,-0.5982064,0.14478673,0.78815353,0
1.5911214,-0.33184916,4.5054369,0.79536545,-0.012620866,0.60599887,0
-4.5586896,2.4577975,-0.12663293,0.097687766,0.98938251,-0.10760847,0
2.5329335,-0.61225688,-1.7714016,0.5982064,-0.14478673,-0.78815353,0
-1.8092206,-2.2659569,-3.8903668,-0.097687766,-0.98938251,0.10760847,0
4.730794,-0.41419047,0.38294268,0.79536545,-0.012620866,0.60599887,0
-2.5910816,-1.077487,2.0376794,-0.5982064,0.14478673,0.78815353,0
-0.54304862,-0.5127964,3.4883955,-0.5982064,0.14478673,0.78815353,0
-2.5388675,-0.36316007,-3.2760072,-0.79536545,0.012620866,-0.60599887,0
-1.9875211,2.2631645,0.41798282,0.097687766,0.98938251,-0.10760847,0
-1.6978478,-1.3452179,-4.4002876,-0.79536545,0.012620866,-0.60599887,0
2.3653748,-1.1927367,3.4713099,0.79536545,-0.012620866,0.60599887,0
-0.77572,1.7339342,-3.3478262,0.097687766,0.98938251,-0.10760847,0
2.6884911,0.57527089,-1.871487,0.5982064,-0.14478673,-0.78815353,0
-4.262145,1.2816589,-0.97997189,-0.79536545,0.012620866,-0.60599887,0
3.7454176,1.0607797,1.7069545,0.79536545,-0.012620866,0.60599887,0
3.9809899,-2.3803983,0.31382298,-0.097687766,-0.98938251,0.10760847,0
-0.51735139,1.7042542,-3.3861635,0.097687766,0.98938251,-0.10760847,0
-3.1347234,0.052973881,-2.4852877,-0.79536545,0.012620866,-0.60599887,0
-2.9420156,1.0071263,1.3883702,-0.5982064,0.14478673,0.78815353,0
-1.9344712,-1.7450945,0.78488374,-0.097687766,-0.98938251,0.10760847,0
1.5186574,-1.4258623,4.5777602,0.79536545,-0.012620866,0.60599887,0
-1.1414869,1.9291372,-1.8851227,0.097687766,0.98938251,-0.10760847,0
-4.5774422,2.4102271,-0.54264402,-0.79536545,0.012620866,-0.60599887,0
0.12110376,-1.2116995,4.1208763,-0.5982064,0.14478673,0.78815353,0
-2.4740767,-1.3262019,-3.3811016,-0.79536545,0.012620866,-0.60599887,0
0.63086414,1.3735384,-3.5798652,0.5982064,-0.14478673,-0.78815353,0
1.4803042,1.5775127,-2.7379742,0.097687766,0.98938251,-0.10760847,0
4.6220517,0.79414856,-0.44412804,0.5982064,-0.14478673,-0.78815353,0
4.8290434,-0.18773067,0.25870848,0.79536545,-0.012620866,0.60599887,0
-2.9090135,0.86910647,1.4387736,-0.5982064,0.14478673,0.78815353,0
-3.5242171,0.091694415,1.1146491,-0.5982064,0.14478673,0.78815353,0
-2.6841016,0.52431309,-3.0669065,-0.79536545,0.012620866,-0.60599887,0
0.71459866,1.9824657,0.29016286,0.097687766,0.98938251,-0.10760847,0
1.7661902,-2.191206,0.042696357,-0.097687766,-0.98938251,0.10760847,0
2.0792933,2.1744285,3.2940028,0.097687766,0.98938251,-0.10760847,0
4.8217554,1.190637,0.2969799,0.79536545,-0.012620866,0.60599887,0
3.2209997,-2.1795192,1.4708357,-0.097687766,-0.98938251,0.10760847,0
-0.069222927,1.3635032,3.5033445,-0.5982064,0.14478673,0.78815353,0
1.1432494,-1.8647926,2.4783251,-0.097687766,-0.98938251,0.10760847,0
-2.212667,2.0379765,1.752573,-0.5982064,0.14478673,0.78815353,0
1.7837659,-2.0027733,1.7911577,-0.097687766,-0.98938251,0.10760847,0
-0.98429298,-2.2287867,-2.7997389,-0.097687766,-0.98938251,0.10760847,0
-0.63158345,-1.230144,3.5529768,-0.5982064,0.14478673,0.78815353,0
1.1248813,-1.6004634,4.8919644,-0.097687766,-0.98938251,0.10760847,0
-0.034587145,1.2984538,3.5415828,-0.5982064,0.14478673,0.78815353,0
4.0831604,0.16656882,-0.73785663,0.5982064,-0.14478673,-0.78815353,0
-3.7482414,1.994849,0.59499884,-0.5982064,0.14478673,0.78815353,0
4.4260268,-0.28483981,-0.39469624,0.5982064,-0.14478673,-0.78815353,0
-1.8422234,0.038990259,-4.1819673,-0.79536545,0.012620866,-0.60599887,0
-2.0048165,-0.40724576,2.3595276,-0.5982064,0.14478673,0.78815353,0
1.4182611,1.4012218,4.625412,-0.5982064,0.14478673,0.78815353,0
-2.1809733,-1.9791952,-1.5912778,-0.097687766,-0.98938251,0.10760847,0
0.32847834,0.82228208,-3.7081075,0.5982064,-0.14478673,-0.78815353,0
-2.3472929,2.2233305,-0.27486455,0.097687766,0.98938251,-0.10760847,0
3.8153629,1.6898342,1.6282535,0.79536545,-0.012620866,0.60599887,0
-0.99453223,-1.6009707,2.9632821,-0.097687766,-0.98938251,0.10760847,0
1.8560947,-0.71457654,-2.266324,0.5982064,-0.14478673,-0.78815353,0
1.774225,-1.4837155,4.2411261,0.79536545,-0.012620866,0.60599887,0
-1.5611053,-1.5673873,-4.5843863,-0.79536545,0.012620866,-0.60599887,0
1.8869627,1.511023,-2.6517463,0.5982064,-0.14478673,-0.78815353,0
-3.4900787,-0.029178768,1.1627648,-0.5982064,0.14478673,0.78815353,0
3.1089351,-0.14782083,-1.4195364,0.5982064,-0.14478673,-0.78815353,0
-1.8085059,-1.5696781,2.5120628,-0.097687766,-0.98938251,0.10760847,0
0.13052344,-2.0903149,-3.3232999,0.5982064,-0.14478673,-0.78815353,0
-1.0428652,-0.91082585,3.1821558,-0.5982064,0.14478673,0.78815353,0
-1.4042652,-0.020730078,-4.7580256,-0.79536545,0.012620866,-0.60599887,0
-4.1419935,-1.6696243,-1.1991339,-0.79536545,0.012620866,-0.60599887,0
0.54546261,0.73447227,4.0854445,-0.5982064,0.14478673,0.78815353,0
2.6932471,-2.1337025,1.4129903,-0.097687766,-0.98938251,0.10760847,0
1.7440051,2.1354389,2.631146,0.097687766,0.98938251,-0.10760847,0
-2.0330877,-1.9000806,-0.7296257,-0.097687766,-0.98938251,0.10760847,0
2.2631302,-2.1087701,1.2517617,-0.097687766,-0.98938251,0.10760847,0
3.7256684,1.015453,1.7319312,0.79536545,-0.012620866,0.60599887,0
4.2043829,0.017620206,-0.61848664,0.5982064,-0.14478673,-0.78815353,0
4.4027071,-2.2312675,0.77570939,0.79536545,-0.012620866,0.60599887,0
-3.5796545,-1.6795954,-1.9374042,-0.79536545,0.012620866,-0.60599887,0
2.7723916,1.1199515,2.985271,0.79536545,-0.012620866,0.60599887,0
0.17942131,1.766037,-2.1855798,0.097687766,0.98938251,-0.10760847,0
-4.5142727,1.2446594,-0.64982796,-0.79536545,0.012620866,-0.60599887,0
-1.4826354,-1.7558923,1.0957868,-0.097687766,-0.98938251,0.10760847,0
-1.5089188,1.6692038,-4.5854735,-0.79536545,0.012620866,-0.60599887,0
-1.1266265,2.1365292,0.035187602,0.097687766,0.98938251,-0.10760847,0
0.28292942,2.3430181,3.2133086,0.097687766,0.98938251,-0.10760847,0
2.2585855,-0.26670235,3.6307554,0.79536545,-0.012620866,0.60599887,0
-1.6716306,1.6402867,2.2362754,-0.5982064,0.14478673,0.78815353,0
-2.5991073,2.0255067,-2.3223135,0.097687766,0.98938251,-0.10760847,0
3.2137797,0.6916343,-1.4941707,0.5982064,-0.14478673,-0.78815353,0
-1.5536404,1.4510679,-4.5313215,-0.79536545,0.012620866,-0.60599887,0
-2.195869,1.1800343,-3.6940489,-0.79536545,0.012620866,-0.60599887,0
2.2731967,-1.2037914,-1.8598741,0.5982064,-0.14478673,-0.78815353,0
2.3064556,1.7202172,-0.67592245,0.097687766,0.98938251,-0.10760847,0
-0.76988238,-2.0643559,-1.0932701,-0.097687766,-0.98938251,0.10760847,0
-2.7846303,-0.87897038,-2.9641891,-0.79536545,0.012620866,-0.60599887,0
4.2709961,-2.1796145,0.94965363,0.79536545,-0.012620866,0.60599887,0
1.3215628,2.2017694,2.8575099,0.097687766,0.98938251,-0.10760847,0
0.81610322,-0.49060571,-3.0968189,0.5982064,-0.14478673,-0.78815353,0
-2.3050542,-1.6322126,-3.609314,-0.79536545,0.012620866,-0.60599887,0
-2.283567,2.19275,-0.49818087,0.097687766,0.98938251,-0.10760847,0
2.9512627,-0.019365087,2.7267771,0.79536545,-0.012620866,0.60599887,0
4.6385126,0.81949151,0.52975416,0.79536545,-0.012620866,0.60599887,0
-4.9653172,-0.98708761,0.21903396,-0.5982064,0.14478673,0.78815353,0
1.0634924,-1.8898699,-2.6520011,0.5982064,-0.14478673,-0.78815353,0
1.8786057,1.96693,1.2040188,0.097687766,0.98938251,-0.10760847,0
1.8579254,-1.8695948,3.0829611,-0.097687766,-0.98938251,0.10760847,0
2.1875308,-2.241894,-0.040843368,-0.097687766,-0.98938251,0.10760847,0
-0.20492864,-1.3108571,-3.7210963,0.5982064,-0.14478673,-0.78815353,0
-2.7899129,-0.38411403,-2.9469495,-0.79536545,0.012620866,-0.60599887,0
-0.6695354,-1.5925579,-4.0219822,0.5982064,-0.14478673,-0.78815353,0
3.2124057,1.3544353,-1.6169726,0.5982064,-0.14478673,-0.78815353,0
3.8622441,-0.25461879,-0.82815754,0.5982064,-0.14478673,-0.78815353,0
-3.8572054,2.0388982,-1.4956789,-0.79536545,0.012620866,-0.60599887,0
-4.4280243,0.85811567,0.28786707,-0.5982064,0.14478673,0.78815353,0
-0.64276111,-1.7286768,2.1084573,-0.097687766,-0.98938251,0.10760847,0
-0.90879011,-2.1325345,-1.8462244,-0.097687766,-0.98938251,0.10760847,0
1.9824991,0.22186549,4.0032897,0.79536545,-0.012620866,0.60599887,0
3.3786881,-1.5896631,-0.9499228,0.5982064,-0.14478673,-0.78815353,0
-4.0254393,-1.5579635,0.60722303,-0.097687766,-0.98938251,0.10760847,0
-2.6525373,1.6736761,1.485636,-0.5982064,0.14478673,0.78815353,0
-2.9077554,-1.6055636,1.1842151,-0.097687766,-0.98938251,0.10760847,0
-3.0353746,1.4607943,-2.5863614,-0.79536545,0.012620866,-0.60599887,0
-4.5491247,0.76267695,-0.61412311,-0.79536545,0.012620866,-0.60599887,0
-1.0885673,1.8440325,-2.6195598,0.097687766,0.98938251,-0.10760847,0
1.1788714,-1.0619851,4.8962173,-0.5982064,0.14478673,0.78815353,0
-4.1074471,-0.59094167,-1.2220106,-0.79536545,0.012620866,-0.60599887,0
3.9077487,-1.7662303,1.4350204,0.79536545,-0.012620866,0.60599887,0
-1.231041,-1.9657863,-0.60563827,-0.097687766,-0.98938251,0.10760847,0
0.55422091,1.3096786,-3.6263063,0.5982064,-0.14478673,-0.78815353,0
-4.3053684,1.6255018,0.23999143,-0.5982064,0.14478673,0.78815353,0
-3.9831333,2.2474382,-1.3260577,-0.79536545,0.012620866,-0.60599887,0
1.7302926,-0.59731394,-2.3833492,0.5982064,-0.14478673,-0.78815353,0
-2.3540878,2.2734981,1.6019688,-0.5982064,0.14478673,0.78815353,0
2.9872746,-0.78932393,-1.3940299,0.5982064,-0.14478673,-0.78815353,0
0.66506839,2.3357189,3.4931073,0.097687766,0.98938251,-0.10760847,0
-1.565231,-1.2295698,2.8442357,-0.5982064,0.14478673,0.78815353,0
3.3541467,1.1964877,2.2233191,0.79536545,-0.012620866,0.60599887,0
-0.58563983,1.8998294,-1.649982,0.097687766,0.98938251,-0.10760847,0
4.6807499,-1.4311473,0.4274447,0.79536545,-0.012620866,0.60599887,0
-4.0663795,2.3472507,-0.69610691,0.097687766,0.98938251,-0.10760847,0
3.8869338,1.5406789,-0.89188159,0.097687766,0.98938251,-0.10760847,0
-3.2603831,-0.84180427,-2.3389955,-0.79536545,0.012620866,-0.60599887,0
-3.0158641,-1.6748253,0.44926178,-0.097687766,-0.98938251,0.10760847,0
-0.071804047,-1.7898521,2.0643106,-0.097687766,-0.98938251,0.10760847,0
-1.0187953,1.7753316,2.7069676,-0.5982064,0.14478673,0.78815353,0
3.1241951,1.2785405,-1.669982,0.5982064,-0.14478673,-0.78815353,0
-0.38439155,-1.1136024,-3.8935447,0.5982064,-0.14478673,-0.78815353,0
-0.60454965,2.2531059,1.5809714,0.097687766,0.98938251,-0.10760847,0
-1.0257531,1.0546076,2.8340859,-0.5982064,0.14478673,0.78815353,0
2.1867483,0.11596057,3.7330108,0.79536545,-0.012620866,0.60599887,0
1.4702725,0.42102635,4.6797295,0.79536545,-0.012620866,0.60599887,0
4.1544766,-2.2648182,1.1008098,0.79536545,-0.012620866,0.60599887,0
0.59805632,-1.694557,3.5485873,-0.097687766,-0.98938251,0.10760847,0
-4.732091,0.69351566,-0.37542295,-0.79536545,0.012620866,-0.60599887,0
-3.9550345,-0.13715711,-1.4125996,-0.79536545,0.012620866,-0.60599887,0
-2.8598149,-0.34650922,1.6994283,-0.5982064,0.14478673,0.78815353,0
-0.76365042,0.23481345,3.1836205,-0.5982064,0.14478673,0.78815353,0
0.3762598,1.9165423,-0.62310177,0.097687766,0.98938251,-0.10760847,0
2.2761269,-1.2627944,3.5869875,0.79536545,-0.012620866,0.60599887,0
3.3881607,-2.2389789,1.0758994,-0.097687766,-0.98938251,0.10760847,0
1.5769873,2.2202597,3.2593915,0.097687766,0.98938251,-0.10760847,0
-1.4834847,1.7748268,-3.6143627,0.097687766,0.98938251,-0.10760847,0
1.9811404,2.0292175,4.0427146,0.79536545,-0.012620866,0.60599887,0
2.3042111,1.7047149,3.6119299,0.79536545,-0.012620866,0.60599887,0
0.92283076,-2.1253431,-0.117347,-0.097687766,-0.98938251,0.10760847,0
2.2623193,-2.0196462,2.0704594,-0.097687766,-0.98938251,0.10760847,0
0.70444179,-1.0664675,-3.0757818,0.5982064,-0.14478673,-0.78815353,0
-0.16579199,-0.21280283,3.7196224,-0.5982064,0.14478673,0.78815353,0
-1.7853005,-1.6236057,2.0373051,-0.097687766,-0.98938251,0.10760847,0
3.1568911,1.5913634,-1.0886081,0.097687766,0.98938251,-0.10760847,0
2.3533211,0.3662889,3.519599,0.79536545,-0.012620866,0.60599887,0
0.078058481,2.016201,3.4952283,-0.5982064,0.14478673,0.78815353,0
-1.6443138,0.2936908,-4.4364176,-0.79536545,0.012620866,-0.60599887,0
1.2422463,-2.0075607,-2.4947076,0.5982064,-0.14478673,-0.78815353,0
0.050744295,1.1169095,3.6396999,-0.5982064,0.14478673,0.78815353,0
-2.2113891,-1.8122084,-0.083567858,-0.097687766,-0.98938251,0.10760847,0
-0.88249946,2.3894911,2.6975923,-0.5982064,0.14478673,0.78815353,0
0.93747783,-1.5966139,4.7572346,-0.097687766,-0.98938251,0.10760847,0
0.50271773,0.30315995,4.1322355,-0.5982064,0.14478673,0.78815353,0
4.0385814,-2.3657634,0.50066423,-0.097687766,-0.98938251,0.10760847,0
0.38161534,-1.8597894,1.8329082,-0.097687766,-0.98938251,0.10760847,0
1.754081,-2.3264189,-1.2114789,-0.097687766,-0.98938251,0.10760847,0
-3.6077008,0.8609705,-1.847683,-0.79536545,0.012620866,-0.60599887,0
-1.6640551,0.79935646,-4.3999748,-0.79536545,0.012620866,-0.60599887,0
-2.0973718,0.27048123,2.1647773,-0.5982064,0.14478673,0.78815353,0
-4.2488904,0.052663893,0.57179379,-0.5982064,0.14478673,0.78815353,0
-1.2150967,1.7700012,-3.4150884,0.097687766,0.98938251,-0.10760847,0
-2.8862627,-1.5987777,-2.8457894,-0.79536545,0.012620866,-0.60599887,0
1.461098,1.7972072,-0.73547733,0.097687766,0.98938251,-0.10760847,0
3.1015997,0.36220551,-1.5187976,0.5982064,-0.14478673,-0.78815353,0
-1.9763794,2.2893856,0.66918123,0.097687766,0.98938251,-0.10760847,0
-0.54619503,-1.9508073,0.15379187,-0.097687766,-0.98938251,0.10760847,0
-4.0996752,2.440068,0.12705445,0.097687766,0.98938251,-0.10760847,0
-0.60861135,-2.3026953,-3.1382275,-0.097687766,-0.98938251,0.10760847,0
-3.6172431,0.81583226,-1.8360991,-0.79536545,0.012620866,-0.60599887,0
-4.291975,2.4269507,-0.16812181,0.097687766,0.98938251,-0.10760847,0
-1.4935269,2.0594003,-1.0070305,0.097687766,0.98938251,-0.10760847,0
-0.74724483,1.5318558,2.9578009,-0.5982064,0.14478673,0.78815353,0
1.7346416,2.1167781,4.3680658,0.79536545,-0.012620866,0.60599887,0
-4.862823,1.083987,-0.19570708,-0.79536545,0.012620866,-0.60599887,0
-1.4951456,2.3804755,1.9435555,0.097687766,0.98938251,-0.10760847,0
-3.6580591,-1.8279762,-1.5418375,-0.097687766,-0.98938251,0.10760847,0
1.6943855,-1.6893961,4.3416305,0.79536545,-0.012620866,0.60599887,0
-0.64460969,0.70513272,-4.4251575,0.5982064,-0.14478673,-0.78815353,0
-0.28717351,0.29257318,3.5346546,-0.5982064,0.14478673,0.78815353,0
2.837862,0.85579294,2.8938408,0.79536545,-0.012620866,0.60599887,0
-2.6578541,2.3375683,0.49353433,0.097687766,0.98938251,-0.10760847,0
-2.2381353,-2.131171,-3.0404816,-0.097687766,-0.98938251,0.10760847,0
-3.9361405,2.2627175,-1.355098,0.097687766,0.98938251,-0.10760847,0
5.0357132,0.91127992,-0.15167737,0.5982064,-0.14478673,-0.78815353,0
2.8954201,1.8403374,2.8388014,0.79536545,-0.012620866,0.60599887,0
2.3246017,0.56953371,-2.1466243,0.5982064,-0.14478673,-0.78815353,0
-2.3128569,-0.18141538,2.0842397,-0.5982064,0.14478673,0.78815353,0
-1.6020186,-1.5233742,-4.5297718,-0.79536545,0.012620866,-0.60599887,0
-0.18630719,2.3247113,2.6190162,0.097687766,0.98938251,-0.10760847,0
-1.0157471,1.9755123,-1.3445868,0.097687766,0.98938251,-0.10760847,0
-0.40284896,-2.0537186,-3.7348511,0.5982064,-0.14478673,-0.78815353,0
-2.1659229,-1.5700412,2.1842599,-0.097687766,-0.98938251,0.10760847,0
-1.9473927,-1.9553103,-1.1596286,-0.097687766,-0.98938251,0.10760847,0
1.3182609,-1.3253349,4.8428717,0.79536545,-0.012620866,0.60599887,0
2.930408,-2.0162342,-1.2118034,0.5982064,-0.14478673,-0.78815353,0
-1.9700428,1.3606901,2.0611444,-0.5982064,0.14478673,0.78815353,0
3.7191076,1.0378338,1.7410088,0.79536545,-0.012620866,0.60599887,0
-1.4005682,0.95109296,-4.7426381,-0.79536545,0.012620866,-0.60599887,0
-0.10523939,1.5802449,3.436192,-0.5982064,0.14478673,0.78815353,0
-0.07092762,-1.2337844,-3.6335483,0.5982064,-0.14478673,-0.78815353,0
-1.4136554,-1.9683868,-0.79532719,-0.097687766,-0.98938251,0.10760847,0
0.49231672,1.3959283,-3.6891356,0.5982064,-0.14478673,-0.78815353,0
-0.13782954,0.30758953,3.6452479,-0.5982064,0.14478673,0.78815353,0
-0.10787368,2.3704443,3.2890303,-0.5982064,0.14478673,0.78815353,0
3.9602568,-0.45492315,-0.71696973,0.5982064,-0.14478673,-0.78815353,0
-1.3857284,-1.5854068,2.7512534,-0.097687766,-0.98938251,0.10760847,0
4.8868132,1.4458467,-0.36289406,0.5982064,-0.14478673,-0.78815353,0
1.3360684,0.14837345,4.7931805,-0.5982064,0.14478673,0.78815353,0
3.4933341,-2.0469313,-0.77890503,0.5982064,-0.14478673,-0.78815353,0
3.248868,-1.7590228,2.2999425,0.79536545,-0.012620866,0.60599887,0
4.7685575,-0.14548144,0.33897495,0.79536545,-0.012620866,0.60599887,0
2.1189444,1.0496345,-2.390914,0.5982064,-0.14478673,-0.78815353,0
-2.077951,-2.232326,-3.9198823,-0.79536545,0.012620866,-0.60599887,0
1.4204957,0.86980319,4.7247329,-0.5982064,0.14478673,0.78815353,0
4.3263469,-0.32258493,0.91568255,0.79536545,-0.012620866,0.60599887,0
-2.9890616,-0.14788955,-2.6806498,-0.79536545,0.012620866,-0.60599887,0
-1.9866798,-0.44426519,-4.0024357,-0.79536545,0.012620866,-0.60599887,0
0.7556479,1.1136014,4.1753273,-0.5982064,0.14478673,0.78815353,0
4.9970808,1.5211878,-0.063286543,0.097687766,0.98938251,-0.10760847,0
4.4942389,-0.67061138,0.68807817,0.79536545,-0.012620866,0.60599887,0
1.7143307,-0.66410041,-2.3831949,0.5982064,-0.14478673,-0.78815353,0
-1.6529622,-0.85980344,-4.4490891,-0.79536545,0.012620866,-0.60599887,0
-4.7760839,0.45688701,-0.32261086,-0.79536545,0.012620866,-0.60599887,0
-0.53788567,-0.032811046,-4.2085919,0.5982064,-0.14478673,-0.78815353,0
-4.9566574,-0.29408544,-0.10125113,-0.79536545,0.012620866,-0.60599887,0
2.886095,1.6890846,-0.43596303,0.097687766,0.98938251,-0.10760847,0
1.581037,2.0097728,4.567441,0.79536545,-0.012620866,0.60599887,0
-0.072492957,2.1794767,1.3870112,0.097687766,0.98938251,-0.10760847,0
