2.4303904,2.732882,-0.26099348,0.43648696,0.87098795,-0.22551996,0
4.9259667,0.15676641,0.94229746,0.21673578,0.14148599,0.96592307,0
5.3422079,0.5168575,-3.1838408,0.43648696,0.87098795,-0.22551996,0
3.3548322,-2.6541195,1.7065635,0.21673578,0.14148599,0.96592307,0
-5.950448,-0.4975059,0.29956865,-0.87321526,0.47049096,0.12701744,0
0.22713423,4.0157242,0.4291777,0.43648696,0.87098795,-0.22551996,0
-4.543684,-1.7348092,0.025468826,-0.43648696,-0.87098795,0.22551996,0
3.0059743,-4.6928134,-1.3164392,0.87321526,-0.47049096,-0.12701744,0
1.4221454,-4.2734962,1.7674006,-0.43648696,-0.87098795,0.22551996,0
3.6487923,-2.391885,1.6021919,0.21673578,0.14148599,0.96592307,0
-3.5572386,-1.7249293,1.9728615,-0.43648696,-0.87098795,0.22551996,0
-4.4013062,1.9395428,-1.3670835,-0.21673578,-0.14148599,-0.96592307,0
-3.5728273,4.4537392,-1.9212525,-0.21673578,-0.14148599,-0.96592307,0
0.44885015,4.1459446,1.3612314,0.43648696,0.87098795,-0.22551996,0
-2.1611621,-2.257519,2.61799,-0.43648696,-0.87098795,0.22551996,0
4.3016605,-2.334029,-1.1461811,0.87321526,-0.47049096,-0.12701744,0
-2.9389629,5.1159911,0.20962,-0.87321526,0.47049096,0.12701744,0
1.4956517,1.9376931,-2.6899841,-0.21673578,-0.14148599,-0.96592307,0
3.387995,1.9642022,-1.3763227,0.43648696,0.87098795,-0.22551996,0
5.670958,-0.21515608,0.41880846,0.87321526,-0.47049096,-0.12701744,0
5.960372,0.68519068,-0.9265523,0.87321526,-0.47049096,-0.12701744,0
4.7852831,-1.0649205,-2.522352,0.87321526,-0.47049096,-0.12701744,0
-4.8590369,1.6955805,-0.3207407,-0.87321526,0.47049096,0.12701744,0
1.5805244,-3.6482811,2.250308,0.21673578,0.14148599,0.96592307,0
1.3863897,-4.7446618,-0.12150633,-0.43648696,-0.87098795,0.22551996,0
5.8302836,0.40701294,-0.7904706,0.87321526,-0.47049096,-0.12701744,0
-1.8648858,1.1287699,-1.8174509,-0.21673578,-0.14148599,-0.96592307,0
-3.8237066,-1.718711,1.4811351,-0.43648696,-0.87098795,0.22551996,0
-5.980319,-0.51080036,0.14345789,-0.87321526,0.47049096,0.12701744,0
2.5737119,2.4742036,-0.98264956,0.43648696,0.87098795,-0.22551996,0
2.5111065,2.0480914,1.2071118,0.21673578,0.14148599,0.96592307,0
0.27630758,3.7431579,-0.52833593,0.43648696,0.87098795,-0.22551996,0
0.81933427,-3.8254871,-1.6940545,-0.21673578,-0.14148599,-0.96592307,0
3.4421821,-0.1875163,-2.815455,-0.21673578,-0.14148599,-0.96592307,0
-2.0404921,-3.041991,-0.17819023,-0.43648696,-0.87098795,0.22551996,0
1.0398829,3.69909,0.77934623,0.43648696,0.87098795,-0.22551996,0
3.5301094,-4.3720655,1.9188743,0.21673578,0.14148599,0.96592307,0
-2.4292762,-2.5953794,0.79420304,-0.43648696,-0.87098795,0.22551996,0
1.1484451,3.2294605,-0.82430768,0.43648696,0.87098795,-0.22551996,0
3.1480317,-4.2369332,-2.028476,0.87321526,-0.47049096,-0.12701744,0
4.905138,1.6981843,0.53266478,0.43648696,0.87098795,-0.22551996,0
0.20360351,4.0375671,0.4679957,0.43648696,0.87098795,-0.22551996,0
-1.7845771,-2.7119551,1.5917692,-0.43648696,-0.87098795,0.22551996,0
-2.9194703,-0.51140696,2.8005447,0.21673578,0.14148599,0.96592307,0
4.8065262,-0.77533591,-3.0354869,-0.21673578,-0.14148599,-0.96592307,0
-3.5508573,0.75572968,2.7566094,0.21673578,0.14148599,0.96592307,0
-3.5301816,-1.584354,2.5681493,-0.43648696,-0.87098795,0.22551996,0
-5.2754612,0.84663939,-0.038962364,-0.87321526,0.47049096,0.12701744,0
-1.8079969,1.6678206,-1.9091744,-0.21673578,-0.14148599,-0.96592307,0
-3.3392956,4.4273758,0.0081586838,-0.87321526,0.47049096,0.12701744,0
-3.9687011,3.2244182,0.13706923,-0.87321526,0.47049096,0.12701744,0
1.7293921,-3.7927003,2.238059,0.21673578,0.14148599,0.96592307,0
5.7224083,-0.10077238,0.34881973,0.87321526,-0.47049096,-0.12701744,0
-4.5505433,1.7205584,1.7075546,-0.87321526,0.47049096,0.12701744,0
-5.471899,-1.1947551,0.31469631,-0.43648696,-0.87098795,0.22551996,0
-2.8676248,-2.4477839,0.51582551,-0.43648696,-0.87098795,0.22551996,0
-1.9839451,-3.1940665,-0.6560818,-0.43648696,-0.87098795,0.22551996,0
3.007555,-4.757165,-1.067209,0.87321526,-0.47049096,-0.12701744,0
-3.4375925,4.1112742,0.50327587,-0.87321526,0.47049096,0.12701744,0
-3.9472959,-2.1484761,-0.41787791,-0.43648696,-0.87098795,0.22551996,0
4.5908413,0.64698839,-3.1954296,-0.21673578,-0.14148599,-0.96592307,0
5.7724314,0.42851019,0.71256113,0.21673578,0.14148599,0.96592307,0
4.5346313,1.8076925,0.2384944,0.43648696,0.87098795,-0.22551996,0
-1.5218253,4.3539839,-1.6494762,0.43648696,0.87098795,-0.22551996,0
5.1048179,-0.26463842,0.96389246,0.21673578,0.14148599,0.96592307,0
-3.881304,3.393553,0.11140394,-0.87321526,0.47049096,0.12701744,0
-3.6489944,3.7161646,0.51347852,-0.87321526,0.47049096,0.12701744,0
1.7059488,2.386714,-2.8029423,-0.21673578,-0.14148599,-0.96592307,0
-2.2707942,-1.8660288,2.8534148,0.21673578,0.14148599,0.96592307,0
-4.5632691,1.6610372,1.8405435,-0.87321526,0.47049096,0.12701744,0
-0.72361898,4.5571942,0.68025422,0.43648696,0.87098795,-0.22551996,0
-2.6189392,2.9539165,2.2255192,0.21673578,0.14148599,0.96592307,0
5.6708598,-0.055158138,-0.17452717,0.87321526,-0.47049096,-0.12701744,0
-4.3505497,0.39411914,2.9890141,0.21673578,0.14148599,0.96592307,0
4.0771394,0.51821351,1.0798154,0.21673578,0.14148599,0.96592307,0
4.2509642,-2.5884814,-0.55217934,0.87321526,-0.47049096,-0.12701744,0
-4.1298304,2.4896631,1.7509818,-0.87321526,0.47049096,0.12701744,0
-4.4740391,-1.8513362,-0.7954855,-0.21673578,-0.14148599,-0.96592307,0
-4.7532277,1.2782271,1.9526057,-0.87321526,0.47049096,0.12701744,0
2.8641329,2.8423145,1.0011458,0.43648696,0.87098795,-0.22551996,0
3.7649677,1.0708796,-3.0722094,-0.21673578,-0.14148599,-0.96592307,0
5.4559188,-0.23599339,-0.98235178,0.87321526,-0.47049096,-0.12701744,0
-3.6054978,3.6400411,1.0944791,-0.87321526,0.47049096,0.12701744,0
-1.0302032,-1.1146157,-1.6761333,-0.21673578,-0.14148599,-0.96592307,0
-3.2896638,-1.7814677,2.2723842,-0.43648696,-0.87098795,0.22551996,0
3.0280473,1.5682195,-2.9797068,-0.21673578,-0.14148599,-0.96592307,0
4.0878649,-3.2284899,0.69723749,0.87321526,-0.47049096,-0.12701744,0
-2.980933,-0.7904228,2.8552051,0.21673578,0.14148599,0.96592307,0
1.8896735,2.8646641,-0.79857469,0.43648696,0.87098795,-0.22551996,0
2.1555994,3.0120854,0.28547835,0.43648696,0.87098795,-0.22551996,0
3.3503494,-4.3677893,-0.15288043,0.87321526,-0.47049096,-0.12701744,0
4.0258927,-3.2031178,0.17720938,0.87321526,-0.47049096,-0.12701744,0
-4.0160475,2.6325824,-1.5550432,-0.21673578,-0.14148599,-0.96592307,0
-1.5583382,-1.3962544,2.6247413,0.21673578,0.14148599,0.96592307,0
-0.94771743,-3.5938334,-0.19444901,-0.43648696,-0.87098795,0.22551996,0
-0.11436749,-2.3314219,2.4377213,0.21673578,0.14148599,0.96592307,0
-6.1862574,-0.81464744,-0.14682865,-0.87321526,0.47049096,0.12701744,0
-5.1019669,0.32909095,3.0708454,-0.87321526,0.47049096,0.12701744,0
1.6906905,3.0260673,-0.56033814,0.43648696,0.87098795,-0.22551996,0
3.0246036,1.7354457,-2.9631433,0.43648696,0.87098795,-0.22551996,0
2.7661502,-3.703095,1.9923038,0.21673578,0.14148599,0.96592307,0
3.4395299,-4.5071859,0.97655892,0.87321526,-0.47049096,-0.12701744,0
1.614414,-4.7897892,0.14553857,-0.43648696,-0.87098795,0.22551996,0
-4.6318026,1.2507062,2.8893149,-0.87321526,0.47049096,0.12701744,0
2.4330146,-0.91512036,1.6586779,0.21673578,0.14148599,0.96592307,0
5.4691372,0.26615417,-2.7515087,0.87321526,-0.47049096,-0.12701744,0
2.7100677,-3.5015945,1.9753723,0.21673578,0.14148599,0.96592307,0
-3.6246369,3.2501745,2.407027,-0.87321526,0.47049096,0.12701744,0
3.726213,-3.7027776,-0.032205582,0.87321526,-0.47049096,-0.12701744,0
4.3829679,-2.4035802,-0.32958698,0.87321526,-0.47049096,-0.12701744,0
-0.57621419,-2.2198639,-1.6161063,-0.21673578,-0.14148599,-0.96592307,0
4.2103276,-2.4341106,-1.4033585,0.87321526,-0.47049096,-0.12701744,0
3.4339855,-4.5107841,0.95177031,0.87321526,-0.47049096,-0.12701744,0
0.58816743,1.371254,-2.4033904,-0.21673578,-0.14148599,-0.96592307,0
5.8476276,0.023978233,0.74757814,0.87321526,-0.47049096,-0.12701744,0
5.5920925,0.86771464,-1.3451419,0.43648696,0.87098795,-0.22551996,0
-2.1266136,3.268878,2.0689151,0.21673578,0.14148599,0.96592307,0
2.6069756,0.58209962,-2.7407813,-0.21673578,-0.14148599,-0.96592307,0
-3.319351,4.8520327,-2.0364692,-0.21673578,-0.14148599,-0.96592307,0
-4.011951,3.0504591,0.48410606,-0.87321526,0.47049096,0.12701744,0
3.1372335,1.6798575,-2.9598413,0.43648696,0.87098795,-0.22551996,0
-4.9103675,0.96066749,2.0485935,-0.87321526,0.47049096,0.12701744,0
-3.4909077,3.9353707,0.78831577,-0.87321526,0.47049096,0.12701744,0
-5.2483549,0.17789447,2.6245136,-0.87321526,0.47049096,0.12701744,0
2.7469077,-5.3341317,0.23512411,-0.43648696,-0.87098795,0.22551996,0
1.2658796,3.0963023,-1.1112897,0.43648696,0.87098795,-0.22551996,0
-2.1330385,2.1002905,2.2415287,0.21673578,0.14148599,0.96592307,0
-4.1583524,1.9694319,2.7151403,0.21673578,0.14148599,0.96592307,0
5.8749437,0.97409105,-0.3868494,0.43648696,0.87098795,-0.22551996,0
-0.79490733,-3.4637828,0.60358548,-0.43648696,-0.87098795,0.22551996,0
2.3870711,2.8683212,0.17824745,0.43648696,0.87098795,-0.22551996,0
3.2370975,-1.1723769,1.5159383,0.21673578,0.14148599,0.96592307,0
-0.94564128,-3.3465405,0.76464856,-0.43648696,-0.87098795,0.22551996,0
4.844707,-1.1931105,-1.6389947,0.87321526,-0.47049096,-0.12701744,0
-2.7153451,1.5559449,2.4519219,0.21673578,0.14148599,0.96592307,0
0.77932501,-3.3684111,-1.7520285,-0.21673578,-0.14148599,-0.96592307,0
-3.5704498,-2.3518672,-0.4740262,-0.43648696,-0.87098795,0.22551996,0
-3.837822,3.6430583,-0.51387143,-0.87321526,0.47049096,0.12701744,0
-5.3465347,0.91259599,-0.77188635,-0.87321526,0.47049096,0.12701744,0
0.43233776,2.2491546,-2.4970179,-0.21673578,-0.14148599,-0.96592307,0
2.6357591,1.6411916,-2.9023731,-0.21673578,-0.14148599,-0.96592307,0
-3.2802687,4.1663713,1.3807487,-0.87321526,0.47049096,0.12701744,0
-3.564122,4.1644526,-0.56356668,-0.87321526,0.47049096,0.12701744,0
-5.1297617,0.6985954,1.5110641,-0.87321526,0.47049096,0.12701744,0
4.2096329,1.3276228,-2.2446225,0.43648696,0.87098795,-0.22551996,0
-5.5525761,-0.67677391,2.1590624,-0.43648696,-0.87098795,0.22551996,0
2.5991337,-3.3196201,-2.1675074,-0.21673578,-0.14148599,-0.96592307,0
2.7428713,2.3723104,-1.0487709,0.43648696,0.87098795,-0.22551996,0
4.6890974,-1.1884447,-2.7260532,0.87321526,-0.47049096,-0.12701744,0
5.3481374,-0.004591465,-2.5804706,0.87321526,-0.47049096,-0.12701744,0
-4.0551076,3.3170331,-0.80001307,-0.87321526,0.47049096,0.12701744,0
-0.5499053,-3.0861135,2.5363874,-0.43648696,-0.87098795,0.22551996,0
-1.5825155,-1.0632269,2.5813851,0.21673578,0.14148599,0.96592307,0
2.538188,2.3269222,1.160193,0.21673578,0.14148599,0.96592307,0
-1.3297056,-0.23462486,2.4032876,0.21673578,0.14148599,0.96592307,0
-3.3839748,4.5075407,-0.59594464,-0.87321526,0.47049096,0.12701744,0
3.0025723,-5.1551094,1.4213619,-0.43648696,-0.87098795,0.22551996,0
1.3801959,2.0082471,1.4667042,0.21673578,0.14148599,0.96592307,0
-0.40168142,4.4969664,1.0707465,0.43648696,0.87098795,-0.22551996,0
4.2470956,-2.99053,0.9104681,0.87321526,-0.47049096,-0.12701744,0
2.8060462,-5.0679822,-1.3012211,0.87321526,-0.47049096,-0.12701744,0
1.6857715,-4.7788696,0.32582319,-0.43648696,-0.87098795,0.22551996,0
-5.1748919,0.21909285,2.9769506,-0.87321526,0.47049096,0.12701744,0
3.3151026,-3.0752316,-2.3639555,-0.21673578,-0.14148599,-0.96592307,0
-3.6840277,-1.7825973,-0.98281837,-0.21673578,-0.14148599,-0.96592307,0
-3.2584033,1.96457,-1.6271968,-0.21673578,-0.14148599,-0.96592307,0
3.3817251,-4.5260472,0.64903092,0.87321526,-0.47049096,-0.12701744,0
-3.6336758,1.9878197,-1.5463974,-0.21673578,-0.14148599,-0.96592307,0
-3.6418614,3.463469,1.4985373,-0.87321526,0.47049096,0.12701744,0
4.8707418,-1.2565506,-1.2250175,0.87321526,-0.47049096,-0.12701744,0
1.1444638,-0.73361075,-2.219898,-0.21673578,-0.14148599,-0.96592307,0
-3.4010553,0.11859745,2.8163223,0.21673578,0.14148599,0.96592307,0
-4.3586617,2.0999184,1.6214924,-0.87321526,0.47049096,0.12701744,0
0.52234077,-3.3142242,2.4388139,0.21673578,0.14148599,0.96592307,0
0.88396931,-4.0827951,1.4622897,-0.43648696,-0.87098795,0.22551996,0
-3.1548381,-2.4915724,-0.20918345,-0.43648696,-0.87098795,0.22551996,0
1.6718471,3.4422827,1.0106688,0.43648696,0.87098795,-0.22551996,0
-5.3246489,-0.75914729,2.2820697,-0.43648696,-0.87098795,0.22551996,0
-3.0327463,5.2427692,-0.9047246,-0.87321526,0.47049096,0.12701744,0
-0.038580894,3.0678391,-2.5112708,-0.21673578,-0.14148599,-0.96592307,0
2.7167835,-5.1362772,-1.6619084,0.87321526,-0.47049096,-0.12701744,0
-1.1572344,4.9610896,1.4009024,0.43648696,0.87098795,-0.22551996,0
-3.2728665,4.6328411,-0.29623246,-0.87321526,0.47049096,0.12701744,0
2.4004643,2.3006663,-1.9881896,0.43648696,0.87098795,-0.22551996,0
4.4107428,-1.832618,-2.2535675,0.87321526,-0.47049096,-0.12701744,0
1.8841373,0.36701936,-2.547085,-0.21673578,-0.14148599,-0.96592307,0
0.8992238,-3.7271037,2.4147255,0.21673578,0.14148599,0.96592307,0
4.2611017,-1.9944849,-2.6827366,0.87321526,-0.47049096,-0.12701744,0
3.3457661,-3.8298595,-2.17696,0.87321526,-0.47049096,-0.12701744,0
3.108973,-4.3486691,-1.8831074,0.87321526,-0.47049096,-0.12701744,0
-3.976244,3.1822631,-1.6444907,-0.21673578,-0.14148599,-0.96592307,0
5.8094521,0.030569077,0.46071863,0.87321526,-0.47049096,-0.12701744,0
3.375421,-3.9109626,1.8860428,0.21673578,0.14148599,0.96592307,0
2.2673025,0.16116697,-2.6029077,-0.21673578,-0.14148599,-0.96592307,0
6.0239062,0.77299857,-0.81502914,0.87321526,-0.47049096,-0.12701744,0
3.2000153,-5.1585064,1.7425375,0.87321526,-0.47049096,-0.12701744,0
-4.4818201,1.6591643,2.4074223,-0.87321526,0.47049096,0.12701744,0
0.35921836,-3.2770052,-1.6711531,-0.21673578,-0.14148599,-0.96592307,0
3.353683,-4.9441605,2.0049975,0.87321526,-0.47049096,-0.12701744,0
-2.5897288,1.5566657,-1.7174863,-0.21673578,-0.14148599,-0.96592307,0
4.0904346,-2.4096055,-2.3183656,0.87321526,-0.47049096,-0.12701744,0
3.8472228,-3.0681131,-1.5511827,0.87321526,-0.47049096,-0.12701744,0
2.3518133,-5.0706081,0.48819208,-0.43648696,-0.87098795,0.22551996,0
0.46495438,-3.6520245,2.3149939,-0.43648696,-0.87098795,0.22551996,0
0.24209404,-3.7773428,1.3996584,-0.43648696,-0.87098795,0.22551996,0
-4.860281,1.5788677,0.10302353,-0.87321526,0.47049096,0.12701744,0
-5.3341665,-0.6641041,2.6307182,-0.43648696,-0.87098795,0.22551996,0
-1.2499399,4.3512239,-1.1339077,0.43648696,0.87098795,-0.22551996,0
-5.0927753,0.58793569,2.1752348,-0.87321526,0.47049096,0.12701744,0
2.8370814,-0.78093952,-2.5927582,-0.21673578,-0.14148599,-0.96592307,0
-5.5135837,-0.11502886,1.8861604,-0.87321526,0.47049096,0.12701744,0
-4.5175004,2.3476489,-0.38811541,-0.87321526,0.47049096,0.12701744,0
-4.5576329,-1.6411943,-0.8075099,-0.21673578,-0.14148599,-0.96592307,0
-1.8636312,1.5756551,2.2579257,0.21673578,0.14148599,0.96592307,0
1.192764,1.422915,1.5944986,0.21673578,0.14148599,0.96592307,0
-5.5253344,0.51298928,-0.52089119,-0.87321526,0.47049096,0.12701744,0
-2.904536,4.7849803,1.6724074,-0.87321526,0.47049096,0.12701744,0
3.0751719,-0.46281505,1.4483373,0.21673578,0.14148599,0.96592307,0
2.0984747,-5.3530927,-1.757311,-0.21673578,-0.14148599,-0.96592307,0
-0.44286633,-3.5960805,0.77399874,-0.43648696,-0.87098795,0.22551996,0
3.0594466,-4.7248635,-0.83011389,0.87321526,-0.47049096,-0.12701744,0
-1.0652857,4.2199697,-1.2834383,0.43648696,0.87098795,-0.22551996,0
-3.7864811,-1.7146275,-0.96978569,-0.21673578,-0.14148599,-0.96592307,0
3.7747869,-3.2187028,-1.4913547,0.87321526,-0.47049096,-0.12701744,0
3.9864306,-3.1455157,-0.30745173,0.87321526,-0.47049096,-0.12701744,0
-0.067194223,-4.1015158,-1.4547014,-0.21673578,-0.14148599,-0.96592307,0
0.64350343,-0.75778174,2.0371656,0.21673578,0.14148599,0.96592307,0
5.4612584,-0.57042885,0.29314995,0.87321526,-0.47049096,-0.12701744,0
-3.7596798,0.274652,-1.2671843,-0.21673578,-0.14148599,-0.96592307,0
0.58195567,-2.5003102,2.3062172,0.21673578,0.14148599,0.96592307,0
-3.7478085,3.8990345,-0.8432219,-0.87321526,0.47049096,0.12701744,0
1.1956329,2.9652996,-1.7531995,0.43648696,0.87098795,-0.22551996,0
0.12041825,-0.70352829,-1.9945271,-0.21673578,-0.14148599,-0.96592307,0
5.5566044,0.9765799,-0.99337482,0.43648696,0.87098795,-0.22551996,0
-0.10395765,3.866919,-0.78634518,0.43648696,0.87098795,-0.22551996,0
-1.6893044,-0.66255093,2.5466566,0.21673578,0.14148599,0.96592307,0
3.398145,1.0754421,1.1505477,0.21673578,0.14148599,0.96592307,0
4.2858591,-2.5222597,-0.55757856,0.87321526,-0.47049096,-0.12701744,0
4.5748229,1.1954374,0.86894608,0.21673578,0.14148599,0.96592307,0
4.0348544,-3.2209954,1.6370125,0.21673578,0.14148599,0.96592307,0
3.9768825,1.9242586,-0.39081812,0.43648696,0.87098795,-0.22551996,0
2.9026041,-5.254828,0.054691792,0.87321526,-0.47049096,-0.12701744,0
5.4875937,0.4348129,-3.2193174,0.43648696,0.87098795,-0.22551996,0
-5.3022518,0.37247753,1.5332251,-0.87321526,0.47049096,0.12701744,0
2.498359,-4.6701665,-1.9470708,-0.21673578,-0.14148599,-0.96592307,0
-2.8776357,1.6380706,-1.6648092,-0.21673578,-0.14148599,-0.96592307,0
-4.1019878,3.4296627,-1.6525145,-0.21673578,-0.14148599,-0.96592307,0
-0.86538881,-0.54309928,-1.7968287,-0.21673578,-0.14148599,-0.96592307,0
-2.0966616,-0.92017841,-1.4653198,-0.21673578,-0.14148599,-0.96592307,0
-5.0007472,1.2919097,0.20028496,-0.87321526,0.47049096,0.12701744,0
3.2322879,-4.9252615,2.066731,0.21673578,0.14148599,0.96592307,0
-4.0339017,2.4485602,2.562722,-0.87321526,0.47049096,0.12701744,0
4.3189769,-2.5371437,1.4730921,0.21673578,0.14148599,0.96592307,0
5.9294806,0.3530035,0.091540813,0.87321526,-0.47049096,-0.12701744,0
4.1495042,-3.038892,0.4186964,0.87321526,-0.47049096,-0.12701744,0
1.6141162,-4.1541262,-1.8242512,-0.21673578,-0.14148599,-0.96592307,0
3.5884204,-3.8067241,-0.59446645,0.87321526,-0.47049096,-0.12701744,0
-5.3951559,-0.5798322,2.8381448,-0.43648696,-0.87098795,0.22551996,0
4.4511108,-2.3898549,0.088042259,0.87321526,-0.47049096,-0.12701744,0
2.826514,2.1839662,-1.6142948,0.43648696,0.87098795,-0.22551996,0
2.8765922,1.9863753,-2.2804918,0.43648696,0.87098795,-0.22551996,0
-4.7384763,-1.5782096,0.25326252,-0.43648696,-0.87098795,0.22551996,0
0.051320314,-1.8832419,2.3348956,0.21673578,0.14148599,0.96592307,0
4.8025203,-1.5116565,-0.74907494,0.87321526,-0.47049096,-0.12701744,0
1.4685993,-4.6434908,0.42834151,-0.43648696,-0.87098795,0.22551996,0
-5.4284077,0.79577637,-0.90202999,-0.87321526,0.47049096,0.12701744,0
3.9407682,-3.4885759,0.64937687,0.87321526,-0.47049096,-0.12701744,0
3.8381388,-3.5449781,0.15274429,0.87321526,-0.47049096,-0.12701744,0
3.5127125,-0.32853785,-2.8106244,-0.21673578,-0.14148599,-0.96592307,0
0.093271136,0.38501084,-2.147882,-0.21673578,-0.14148599,-0.96592307,0
-2.8712692,-1.6483769,-1.1848474,-0.21673578,-0.14148599,-0.96592307,0
-2.1735682,4.8641315,-0.94064546,0.43648696,0.87098795,-0.22551996,0
-2.3288374,-0.51430809,2.6684422,0.21673578,0.14148599,0.96592307,0
5.0305882,0.93942714,-2.1549511,0.43648696,0.87098795,-0.22551996,0
0.80073428,3.5760491,-0.15872085,0.43648696,0.87098795,-0.22551996,0
1.5219319,-1.8221238,1.9959643,0.21673578,0.14148599,0.96592307,0
3.4342782,-4.4399281,1.9503176,0.21673578,0.14148599,0.96592307,0
-4.2414017,2.3420444,1.5307593,-0.87321526,0.47049096,0.12701744,0
-2.7628098,4.9712563,-1.6673746,0.43648696,0.87098795,-0.22551996,0
2.2065954,0.0823102,1.5633814,0.21673578,0.14148599,0.96592307,0
0.87390828,-4.8414211,-1.4870968,-0.43648696,-0.87098795,0.22551996,0
-5.7214222,-0.35689735,1.3532352,-0.87321526,0.47049096,0.12701744,0
0.66111618,-2.5395963,-1.8469074,-0.21673578,-0.14148599,-0.96592307,0
1.153779,3.6862314,0.95012599,0.43648696,0.87098795,-0.22551996,0
1.5693934,-2.5644579,-2.0470667,-0.21673578,-0.14148599,-0.96592307,0
-4.1782646,1.3712611,-1.3338897,-0.21673578,-0.14148599,-0.96592307,0
-1.2495441,4.4981513,-0.56569099,0.43648696,0.87098795,-0.22551996,0
5.4166861,-0.06504631,-1.8852792,0.87321526,-0.47049096,-0.12701744,0
-4.0463662,3.037632,0.29502296,-0.87321526,0.47049096,0.12701744,0
-4.4282351,-1.1754997,2.4090433,-0.43648696,-0.87098795,0.22551996,0
-4.3515654,0.28510785,-1.1359072,-0.21673578,-0.14148599,-0.96592307,0
-3.3412535,4.0206084,1.5014217,-0.87321526,0.47049096,0.12701744,0
-1.677295,-2.7402537,1.690117,-0.43648696,-0.87098795,0.22551996,0
-5.6133542,-0.091433287,1.1128573,-0.87321526,0.47049096,0.12701744,0
-3.6343405,4.2588482,-1.3959553,-0.87321526,0.47049096,0.12701744,0
-0.34174204,3.5196521,-2.5094273,-0.21673578,-0.14148599,-0.96592307,0
4.565506,1.0604848,-2.5875635,0.43648696,0.87098795,-0.22551996,0
2.4506149,-0.54807693,-2.5401516,-0.21673578,-0.14148599,-0.96592307,0
0.31704187,3.4215662,-1.6915233,0.43648696,0.87098795,-0.22551996,0
1.9316483,2.3968093,-2.5242505,0.43648696,0.87098795,-0.22551996,0
3.6906769,-0.65510082,-2.8027225,-0.21673578,-0.14148599,-0.96592307,0
-0.2694335,-3.6031771,1.0822635,-0.43648696,-0.87098795,0.22551996,0
4.0649977,-2.4737549,-2.2556167,0.87321526,-0.47049096,-0.12701744,0
-5.6413307,-0.68394041,1.9596014,-0.43648696,-0.87098795,0.22551996,0
4.3881779,-1.8858824,-2.2113955,0.87321526,-0.47049096,-0.12701744,0
4.0313449,-0.51363945,1.2412338,0.21673578,0.14148599,0.96592307,0
3.0413964,1.951565,-2.0959597,0.43648696,0.87098795,-0.22551996,0
0.72587109,3.9106708,0.9887383,0.43648696,0.87098795,-0.22551996,0
-5.3991508,-0.13141108,2.733541,-0.87321526,0.47049096,0.12701744,0
-3.2044363,2.8223646,2.3761632,0.21673578,0.14148599,0.96592307,0
4.3487244,1.8087175,-0.11736345,0.43648696,0.87098795,-0.22551996,0
-3.9193749,-1.2470956,3.1174147,-0.43648696,-0.87098795,0.22551996,0
2.6607139,1.5722156,-2.8978691,-0.21673578,-0.14148599,-0.96592307,0
-2.2705743,5.2322698,0.29340148,0.43648696,0.87098795,-0.22551996,0
3.1005275,2.3890655,-0.29182792,0.43648696,0.87098795,-0.22551996,0
0.16593957,4.1414695,0.79638565,0.43648696,0.87098795,-0.22551996,0
-3.7592034,1.1705499,2.7425966,0.21673578,0.14148599,0.96592307,0
4.2748218,-2.9240067,0.85466957,0.87321526,-0.47049096,-0.12701744,0
-3.7586453,-0.8177588,-1.1074028,-0.21673578,-0.14148599,-0.96592307,0
2.7770503,-1.6603792,1.6906464,0.21673578,0.14148599,0.96592307,0
-4.5672808,0.75211668,2.9852059,0.21673578,0.14148599,0.96592307,0
-2.4292965,4.9368515,1.892511,0.21673578,0.14148599,0.96592307,0
2.9599779,-5.1805773,1.2405615,-0.43648696,-0.87098795,0.22551996,0
-2.7689002,-2.33495,1.1426847,-0.43648696,-0.87098795,0.22551996,0
4.8429909,-1.2011396,-1.621048,0.87321526,-0.47049096,-0.12701744,0
-3.6819029,4.0945125,-1.1142163,-0.87321526,0.47049096,0.12701744,0
-2.641695,3.1308379,-1.936407,-0.21673578,-0.14148599,-0.96592307,0
0.49882782,-0.069336176,1.9687866,0.21673578,0.14148599,0.96592307,0
0.40730667,-4.0886784,0.51700234,-0.43648696,-0.87098795,0.22551996,0
-1.8232865,4.6747842,-0.99396968,0.43648696,0.87098795,-0.22551996,0
-0.16867304,3.542604,-2.1641479,0.43648696,0.87098795,-0.22551996,0
-1.3040404,3.5584846,-2.2991931,-0.21673578,-0.14148599,-0.96592307,0
1.587044,3.3868754,0.63254583,0.43648696,0.87098795,-0.22551996,0
2.7721674,-4.5191174,2.1104825,0.21673578,0.14148599,0.96592307,0
-2.9671116,5.2984128,-0.65961337,-0.87321526,0.47049096,0.12701744,0
-2.0738974,-2.8683004,0.42797065,-0.43648696,-0.87098795,0.22551996,0
-4.0300007,2.7153633,1.6012604,-0.87321526,0.47049096,0.12701744,0
4.3235369,-2.2107215,-1.4525366,0.87321526,-0.47049096,-0.12701744,0
-2.4685025,2.4633236,-1.8774924,-0.21673578,-0.14148599,-0.96592307,0
1.567054,-4.3873215,-1.7795335,-0.21673578,-0.14148599,-0.96592307,0
1.3464818,-2.7568555,-1.9688673,-0.21673578,-0.14148599,-0.96592307,0
3.3186414,2.0551291,-1.1593826,0.43648696,0.87098795,-0.22551996,0
-3.8069243,3.8747814,-1.1597896,-0.87321526,0.47049096,0.12701744,0
2.3983965,-4.4675627,2.1867986,0.21673578,0.14148599,0.96592307,0
4.1760488,-0.82077694,1.2537532,0.21673578,0.14148599,0.96592307,0
-3.1907077,4.6953211,0.037155867,-0.87321526,0.47049096,0.12701744,0
-3.0647497,4.8049741,-2.0867043,-0.21673578,-0.14148599,-0.96592307,0
-0.67055905,-2.3966424,-1.5690427,-0.21673578,-0.14148599,-0.96592307,0
0.00791502,4.1429038,1.4619403,0.21673578,0.14148599,0.96592307,0
-0.62868059,0.4572854,2.1446409,0.21673578,0.14148599,0.96592307,0
2.8531656,-5.1377649,-0.71880293,0.87321526,-0.47049096,-0.12701744,0
-5.5937595,-0.41373587,2.4414206,-0.87321526,0.47049096,0.12701744,0
-5.5684137,-0.59057426,2.4613223,-0.43648696,-0.87098795,0.22551996,0
-5.9538102,-1.0837266,-0.18922138,-0.43648696,-0.87098795,0.22551996,0
4.2742314,-2.3595257,-1.240308,0.87321526,-0.47049096,-0.12701744,0
5.1046906,-0.83732867,-1.1695337,0.87321526,-0.47049096,-0.12701744,0
-0.53707182,-0.69854271,-1.8477285,-0.21673578,-0.14148599,-0.96592307,0
-4.9781542,1.3871257,0.0029129982,-0.87321526,0.47049096,0.12701744,0
-3.0639863,5.1705313,-0.85191393,-0.87321526,0.47049096,0.12701744,0
-1.8893476,4.5901999,-1.448505,0.43648696,0.87098795,-0.22551996,0
-4.1242142,-1.6140256,1.3038213,-0.43648696,-0.87098795,0.22551996,0
-0.74415374,4.1224923,1.6336808,0.21673578,0.14148599,0.96592307,0
1.4513156,3.5338891,0.93763322,0.43648696,0.87098795,-0.22551996,0
3.1938562,-4.8601294,0.59496212,0.87321526,-0.47049096,-0.12701744,0
5.0909801,1.43151,0.71854973,0.21673578,0.14148599,0.96592307,0
2.3516924,2.3390656,-1.9342823,0.43648696,0.87098795,-0.22551996,0
3.3407092,-4.9118547,1.7961426,0.87321526,-0.47049096,-0.12701744,0
-0.70040929,-0.23318648,2.2618742,0.21673578,0.14148599,0.96592307,0
-5.0630827,0.84617245,1.4228187,-0.87321526,0.47049096,0.12701744,0
-4.3415694,2.0412393,1.9563525,-0.87321526,0.47049096,0.12701744,0
-0.59009099,-4.0630298,-1.3143702,-0.43648696,-0.87098795,0.22551996,0
0.3338449,-1.4702777,2.2110121,0.21673578,0.14148599,0.96592307,0
1.6106389,0.69370371,-2.5335686,-0.21673578,-0.14148599,-0.96592307,0
1.6437118,-2.0696583,2.0048974,0.21673578,0.14148599,0.96592307,0
-0.16981244,-4.1167526,-0.7084198,-0.43648696,-0.87098795,0.22551996,0
1.4593451,3.5782969,1.1246835,0.43648696,0.87098795,-0.22551996,0
0.20683217,1.3472712,-2.3143127,-0.21673578,-0.14148599,-0.96592307,0
-3.1414402,5.1901793,-1.4571664,-0.87321526,0.47049096,0.12701744,0
-2.517755,4.754415,-2.0305486,0.43648696,0.87098795,-0.22551996,0
1.454746,2.974988,-1.2142785,0.43648696,0.87098795,-0.22551996,0
4.0558414,-2.9766719,-0.45568705,0.87321526,-0.47049096,-0.12701744,0
3.9175067,1.8801574,-0.67606139,0.43648696,0.87098795,-0.22551996,0
-4.1112623,2.8965204,0.37157679,-0.87321526,0.47049096,0.12701744,0
2.3795502,-2.7151654,1.9343404,0.21673578,0.14148599,0.96592307,0
2.9311514,2.5406787,-0.034100533,0.43648696,0.87098795,-0.22551996,0
3.2345171,2.5018106,0.40293956,0.43648696,0.87098795,-0.22551996,0
-0.7559129,0.96100712,-2.0417111,-0.21673578,-0.14148599,-0.96592307,0
1.0186467,3.6362898,0.49569994,0.43648696,0.87098795,-0.22551996,0
-2.5577409,-1.6485298,-1.2551746,-0.21673578,-0.14148599,-0.96592307,0
4.7901516,-1.6308208,1.2346129,0.21673578,0.14148599,0.96592307,0
-5.3993583,0.14688182,1.7012811,-0.87321526,0.47049096,0.12701744,0
3.6934078,-3.3909023,-1.412967,0.87321526,-0.47049096,-0.12701744,0
3.4279134,-4.3955064,0.48302245,0.87321526,-0.47049096,-0.12701744,0
4.5496097,-1.868291,-1.1667504,0.87321526,-0.47049096,-0.12701744,0
-3.9401093,3.6224933,-1.1408956,-0.87321526,0.47049096,0.12701744,0
4.1834712,-2.1305904,-2.6971707,-0.21673578,-0.14148599,-0.96592307,0
1.8970819,1.3130835,-2.6885667,-0.21673578,-0.14148599,-0.96592307,0
4.4977298,-1.7003791,-2.1453824,0.87321526,-0.47049096,-0.12701744,0
-5.4846845,0.47357273,-0.90926123,-0.21673578,-0.14148599,-0.96592307,0
1.7283688,2.4892204,-2.5607884,0.43648696,0.87098795,-0.22551996,0
0.98821473,-2.8837552,2.2712262,0.21673578,0.14148599,0.96592307,0
-5.7589412,-1.0973175,0.13545275,-0.43648696,-0.87098795,0.22551996,0
-0.90644813,4.5987544,0.48690587,0.43648696,0.87098795,-0.22551996,0
-5.3782926,0.66682458,-0.079845428,-0.87321526,0.47049096,0.12701744,0
-5.7891545,-0.45356822,1.2456713,-0.87321526,0.47049096,0.12701744,0
4.6159449,-2.305985,0.91057062,0.87321526,-0.47049096,-0.12701744,0
2.6102693,-5.3403049,-0.053178549,-0.43648696,-0.87098795,0.22551996,0
-5.801188,-0.37404227,0.86836958,-0.87321526,0.47049096,0.12701744,0
-3.218899,5.0653868,-1.5274291,-0.87321526,0.47049096,0.12701744,0
1.3033257,-4.3299608,1.319355,-0.43648696,-0.87098795,0.22551996,0
3.4117763,-2.1345556,-2.5234354,-0.21673578,-0.14148599,-0.96592307,0
3.1407416,-4.5082388,-1.0736406,0.87321526,-0.47049096,-0.12701744,0
-4.4288163,2.4237497,-1.4318371,-0.21673578,-0.14148599,-0.96592307,0
-3.4068317,-1.8569601,1.7540483,-0.43648696,-0.87098795,0.22551996,0
5.0904665,-1.1280746,-0.19035339,0.87321526,-0.47049096,-0.12701744,0
3.6395578,1.4968188,-2.6945283,0.43648696,0.87098795,-0.22551996,0
-2.1151183,-1.30426,2.7361975,0.21673578,0.14148599,0.96592307,0
-2.8395491,5.2887554,0.25312209,-0.87321526,0.47049096,0.12701744,0
0.37759686,3.500237,-1.270487,0.43648696,0.87098795,-0.22551996,0
0.44211245,-1.8190436,-1.9033115,-0.21673578,-0.14148599,-0.96592307,0
-1.9948215,2.589468,2.1388617,0.21673578,0.14148599,0.96592307,0
4.7693663,-1.7266221,-0.1807394,0.87321526,-0.47049096,-0.12701744,0
4.3720613,-1.1044488,1.2513232,0.21673578,0.14148599,0.96592307,0
5.5031891,-0.38074064,-0.12121725,0.87321526,-0.47049096,-0.12701744,0
4.8861909,-0.81670135,-2.7480733,0.87321526,-0.47049096,-0.12701744,0
3.5083637,-3.6818738,-1.6072993,0.87321526,-0.47049096,-0.12701744,0
4.8196783,0.33095789,-3.2004852,-0.21673578,-0.14148599,-0.96592307,0
3.3978858,-1.905286,-2.5539014,-0.21673578,-0.14148599,-0.96592307,0
5.1731443,-0.64733481,-1.4026937,0.87321526,-0.47049096,-0.12701744,0
5.0729513,0.74422365,-2.8268611,0.43648696,0.87098795,-0.22551996,0
1.0465801,1.0599797,-2.4606555,-0.21673578,-0.14148599,-0.96592307,0
-3.0812497,1.9320421,-1.6621819,-0.21673578,-0.14148599,-0.96592307,0
1.6785247,-2.8985379,2.1184981,0.21673578,0.14148599,0.96592307,0
5.1339254,-0.75539255,-1.2720556,0.87321526,-0.47049096,-0.12701744,0
-1.3815169,1.2040855,-1.9369419,-0.21673578,-0.14148599,-0.96592307,0
-3.6029539,4.0611629,-0.44792819,-0.87321526,0.47049096,0.12701744,0
2.22774,2.4174488,-1.8714617,0.43648696,0.87098795,-0.22551996,0
-4.7988744,-1.5063705,-0.77312803,-0.21673578,-0.14148599,-0.96592307,0
-4.0328064,3.5399585,-1.4724424,-0.87321526,0.47049096,0.12701744,0
1.079936,-4.7830696,-0.86297393,-0.43648696,-0.87098795,0.22551996,0
1.5183516,0.085982323,1.717273,0.21673578,0.14148599,0.96592307,0
-0.98079634,4.4435892,-0.25626123,0.43648696,0.87098795,-0.22551996,0
0.33365583,3.4728656,-1.4612454,0.43648696,0.87098795,-0.22551996,0
-4.9043736,-1.6256695,-0.25112343,-0.43648696,-0.87098795,0.22551996,0
1.0685058,-4.2410803,1.2081387,-0.43648696,-0.87098795,0.22551996,0
1.5091163,0.82315314,1.6113664,0.21673578,0.14148599,0.96592307,0
5.4925203,-0.31620383,-0.43361616,0.87321526,-0.47049096,-0.12701744,0
-3.1581283,-2.6199365,-0.71130919,-0.43648696,-0.87098795,0.22551996,0
-2.4364719,4.6959467,-2.099041,0.43648696,0.87098795,-0.22551996,0
3.4435024,-1.6645799,-2.5993948,-0.21673578,-0.14148599,-0.96592307,0
-0.95556164,-1.6495328,2.5265887,0.21673578,0.14148599,0.96592307,0
2.3221002,-4.9047337,1.0713139,-0.43648696,-0.87098795,0.22551996,0
4.5124211,-1.9069366,-1.2792654,0.87321526,-0.47049096,-0.12701744,0
-3.9590087,3.1830714,0.3568573,-0.87321526,0.47049096,0.12701744,0
3.3153336,-4.0811892,-1.4552131,0.87321526,-0.47049096,-0.12701744,0
-0.82227993,-1.3539224,2.4533823,0.21673578,0.14148599,0.96592307,0
-0.6864357,3.9146049,-1.7295427,0.43648696,0.87098795,-0.22551996,0
-3.4865038,-1.1969961,3.0282004,0.21673578,0.14148599,0.96592307,0
-4.3461976,2.0268588,1.9778001,-0.87321526,0.47049096,0.12701744,0
-3.8498602,3.7056026,-0.82830453,-0.87321526,0.47049096,0.12701744,0
4.9401145,0.78810674,-2.9144814,0.43648696,0.87098795,-0.22551996,0
-2.339767,2.1031013,-1.8536139,-0.21673578,-0.14148599,-0.96592307,0
1.0096335,-4.5718956,-0.18345988,-0.43648696,-0.87098795,0.22551996,0
-5.809731,-0.59429216,1.6254754,-0.87321526,0.47049096,0.12701744,0
0.10361814,-3.9511228,0.46048242,-0.43648696,-0.87098795,0.22551996,0
3.9280291,-0.2173333,-2.9201031,-0.21673578,-0.14148599,-0.96592307,0
3.1821327,1.9777341,-1.7224994,0.43648696,0.87098795,-0.22551996,0
3.6335993,1.2957041,1.0654523,0.21673578,0.14148599,0.96592307,0
-4.4079742,1.8733982,2.1215425,-0.87321526,0.47049096,0.12701744,0
1.6601622,-5.1333475,-1.6911491,-0.21673578,-0.14148599,-0.96592307,0
-4.4547763,2.5435233,-0.68244982,-0.87321526,0.47049096,0.12701744,0
4.569355,-1.9564704,-0.70437717,0.87321526,-0.47049096,-0.12701744,0
-4.6341333,-1.3618865,1.2906828,-0.43648696,-0.87098795,0.22551996,0
-1.0934713,4.932991,1.4157928,0.43648696,0.87098795,-0.22551996,0
0.35597515,-3.6645346,2.0557525,-0.43648696,-0.87098795,0.22551996,0
-1.188117,-2.7160017,2.7305703,-0.43648696,-0.87098795,0.22551996,0
-3.8383174,0.38204026,-1.2652693,-0.21673578,-0.14148599,-0.96592307,0
-2.4964073,5.5203743,1.7541938,-0.87321526,0.47049096,0.12701744,0
-3.3258803,4.3190336,0.50169969,-0.87321526,0.47049096,0.12701744,0
5.4670177,-0.24222279,-0.88297844,0.87321526,-0.47049096,-0.12701744,0
2.5951598,-5.4166703,-0.37735629,-0.43648696,-0.87098795,0.22551996,0
-4.7876921,1.5698466,0.63546848,-0.87321526,0.47049096,0.12701744,0
-4.1174598,1.4250335,2.7857068,0.21673578,0.14148599,0.96592307,0
3.4794903,-4.6094222,1.629976,0.87321526,-0.47049096,-0.12701744,0
4.0021791,-3.4338362,0.8687942,0.87321526,-0.47049096,-0.12701744,0
-3.9118383,-1.4403172,2.3857536,-0.43648696,-0.87098795,0.22551996,0
1.5120969,2.5717499,-2.6606367,0.43648696,0.87098795,-0.22551996,0
1.7337785,2.979682,-0.65609038,0.43648696,0.87098795,-0.22551996,0
-0.43659198,2.2337403,1.8413291,0.21673578,0.14148599,0.96592307,0
3.3787198,-4.7037706,1.2866828,0.87321526,-0.47049096,-0.12701744,0
1.9615977,-2.4679224,-2.1492105,-0.21673578,-0.14148599,-0.96592307,0
-2.2608476,1.7441126,2.3223786,0.21673578,0.14148599,0.96592307,0
3.1545117,-4.7446485,-0.10328078,0.87321526,-0.47049096,-0.12701744,0
-0.85617471,-3.7833533,-0.74922019,-0.43648696,-0.87098795,0.22551996,0
4.8507242,0.98213053,-2.338146,0.43648696,0.87098795,-0.22551996,0
-4.9444866,-1.052881,1.8834252,-0.43648696,-0.87098795,0.22551996,0
-3.6138473,1.8674015,2.6079087,0.21673578,0.14148599,0.96592307,0
-3.9011171,3.3064988,0.29765797,-0.87321526,0.47049096,0.12701744,0
5.8684731,0.31252337,-0.17792654,0.87321526,-0.47049096,-0.12701744,0
-0.2968359,3.9604375,-0.79847336,0.43648696,0.87098795,-0.22551996,0
2.9878399,2.1040432,-1.6107249,0.43648696,0.87098795,-0.22551996,0
-2.5159135,2.5636816,-1.8815542,-0.21673578,-0.14148599,-0.96592307,0
-4.6657763,1.513765,1.6813478,-0.87321526,0.47049096,0.12701744,0
3.143487,-5.1943612,1.4867313,0.87321526,-0.47049096,-0.12701744,0
1.9431868,-5.1678047,-0.67807829,-0.43648696,-0.87098795,0.22551996,0
-0.61731672,4.0228953,-1.1775351,0.43648696,0.87098795,-0.22551996,0
2.963505,1.9591025,-2.2176051,0.43648696,0.87098795,-0.22551996,0
4.4339633,-2.3876967,-0.037836075,0.87321526,-0.47049096,-0.12701744,0
5.1058092,-1.1511831,0.00072050095,0.87321526,-0.47049096,-0.12701744,0
1.564343,-3.6590328,-1.8856028,-0.21673578,-0.14148599,-0.96592307,0
1.5384153,2.8120646,1.3134614,0.21673578,0.14148599,0.96592307,0
-4.0063434,-1.6289797,1.4742019,-0.43648696,-0.87098795,0.22551996,0
2.3010576,3.0192423,0.59464812,0.43648696,0.87098795,-0.22551996,0
3.8708498,-3.2788191,-0.60826421,0.87321526,-0.47049096,-0.12701744,0
-5.1233377,0.60202372,1.9129424,-0.87321526,0.47049096,0.12701744,0
5.3082781,0.074594736,-3.1478128,0.87321526,-0.47049096,-0.12701744,0
3.6878023,1.5917901,-2.2343602,0.43648696,0.87098795,-0.22551996,0
5.15381,-1.0644488,0.0094356537,0.87321526,-0.47049096,-0.12701744,0
2.5704823,-4.8602376,1.7238996,-0.43648696,-0.87098795,0.22551996,0
5.4714928,-0.57239151,0.37077808,0.87321526,-0.47049096,-0.12701744,0
5.3704472,-0.88633823,0.83901882,0.87321526,-0.47049096,-0.12701744,0
1.3040044,3.3554754,-0.036540389,0.43648696,0.87098795,-0.22551996,0
-0.49189377,-3.2191446,2.1348844,-0.43648696,-0.87098795,0.22551996,0
5.5602698,1.1610873,-0.27368784,0.43648696,0.87098795,-0.22551996,0
-1.698957,4.8108654,-0.22777104,0.43648696,0.87098795,-0.22551996,0
-3.5303769,3.5193982,2.057797,-0.87321526,0.47049096,0.12701744,0
1.4229596,-4.3972616,-1.7457449,-0.21673578,-0.14148599,-0.96592307,0
-0.86486655,-2.0717635,-1.5730312,-0.21673578,-0.14148599,-0.96592307,0
1.6619132,0.39561278,-2.5014102,-0.21673578,-0.14148599,-0.96592307,0
4.4136248,-2.3550134,-0.29872847,0.87321526,-0.47049096,-0.12701744,0
-5.305768,0.027868986,2.7855268,-0.87321526,0.47049096,0.12701744,0
-1.1896622,-1.4805403,2.5543628,0.21673578,0.14148599,0.96592307,0
-0.96976757,-3.2910223,0.93237364,-0.43648696,-0.87098795,0.22551996,0
4.1817346,1.8461136,-0.29613733,0.43648696,0.87098795,-0.22551996,0
-3.6420286,3.5166738,1.3003089,-0.87321526,0.47049096,0.12701744,0
5.2399855,1.2012713,-0.73839331,0.43648696,0.87098795,-0.22551996,0
-2.3371971,5.6421518,1.7474757,0.43648696,0.87098795,-0.22551996,0
-2.8430438,0.50263238,-1.5062547,-0.21673578,-0.14148599,-0.96592307,0
2.78407,-4.9497743,-1.8901622,0.87321526,-0.47049096,-0.12701744,0
0.043195724,1.2772657,-2.2673414,-0.21673578,-0.14148599,-0.96592307,0
2.024153,2.7965016,-0.80154598,0.43648696,0.87098795,-0.22551996,0
0.7474879,-2.6768606,-1.8461814,-0.21673578,-0.14148599,-0.96592307,0
4.7157102,-2.0523186,0.65681648,0.87321526,-0.47049096,-0.12701744,0
1.1229107,3.4283142,-0.10572898,0.43648696,0.87098795,-0.22551996,0
-4.2119589,-0.28267187,3.0570512,0.21673578,0.14148599,0.96592307,0
-2.8263803,5.376616,0.018206835,-0.87321526,0.47049096,0.12701744,0
0.62568235,2.6348279,-2.5968931,-0.21673578,-0.14148599,-0.96592307,0
4.7051144,0.011596203,1.0131168,0.21673578,0.14148599,0.96592307,0
-5.1204281,0.2838726,3.1114199,-0.87321526,0.47049096,0.12701744,0
0.61828089,-3.73262,-1.6625447,-0.21673578,-0.14148599,-0.96592307,0
-3.8841376,-1.8365002,0.90925527,-0.43648696,-0.87098795,0.22551996,0
-1.5861382,-2.7756512,-1.3080871,-0.21673578,-0.14148599,-0.96592307,0
-5.2593102,0.018581152,3.1393182,-0.87321526,0.47049096,0.12701744,0
-1.2450893,0.98203731,-1.935029,-0.21673578,-0.14148599,-0.96592307,0
1.4920611,2.9850421,1.2985252,0.21673578,0.14148599,0.96592307,0
-4.3444347,2.3555059,0.77256632,-0.87321526,0.47049096,0.12701744,0
1.1742821,3.6191385,1.2769483,0.21673578,0.14148599,0.96592307,0
-3.3172326,1.0831149,-1.4848828,-0.21673578,-0.14148599,-0.96592307,0
-2.2317743,-0.47738209,2.6412539,0.21673578,0.14148599,0.96592307,0
1.0868399,3.3193135,1.3404863,0.21673578,0.14148599,0.96592307,0
2.9620206,-5.0866718,1.6071928,-0.43648696,-0.87098795,0.22551996,0
-2.5094967,4.8307276,-1.7198343,0.43648696,0.87098795,-0.22551996,0
-3.1106493,0.98589551,2.6241202,0.21673578,0.14148599,0.96592307,0
3.3548911,1.5821593,-2.915894,0.43648696,0.87098795,-0.22551996,0
-5.9666414,-0.63399863,0.6938324,-0.87321526,0.47049096,0.12701744,0
-5.0205879,0.66866148,2.3724842,-0.87321526,0.47049096,0.12701744,0
-3.0939751,4.4926372,1.45294,-0.87321526,0.47049096,0.12701744,0
-3.2338312,4.7673454,-0.52609634,-0.87321526,0.47049096,0.12701744,0
1.1858008,-4.9187155,-1.1819596,-0.43648696,-0.87098795,0.22551996,0
3.6939244,1.4702697,-2.6918392,0.43648696,0.87098795,-0.22551996,0
1.9990022,-5.1049719,-0.32737803,-0.43648696,-0.87098795,0.22551996,0
4.0195675,1.56075,-1.7121189,0.43648696,0.87098795,-0.22551996,0
-4.651926,-0.81096435,-0.90796137,-0.21673578,-0.14148599,-0.96592307,0
5.2003012,-1.1419196,0.61601686,0.87321526,-0.47049096,-0.12701744,0
-4.7498088,-1.3702763,1.0343933,-0.43648696,-0.87098795,0.22551996,0
-0.62275743,3.0952282,-2.3842039,-0.21673578,-0.14148599,-0.96592307,0
-2.7124469,2.9248309,-1.8903558,-0.21673578,-0.14148599,-0.96592307,0
-5.8072863,-1.225668,-0.58797503,-0.21673578,-0.14148599,-0.96592307,0
2.489238,-5.1417084,0.47957468,-0.43648696,-0.87098795,0.22551996,0
1.8393965,-4.5032392,1.6876801,-0.43648696,-0.87098795,0.22551996,0
-1.0401348,-1.5459403,-1.6107254,-0.21673578,-0.14148599,-0.96592307,0
4.4155302,-2.6695409,0.87942886,0.87321526,-0.47049096,-0.12701744,0
-3.5350454,-2.0809708,0.64073491,-0.43648696,-0.87098795,0.22551996,0
5.6946697,0.96881175,0.65086794,0.21673578,0.14148599,0.96592307,0
