0.61553931,3.530468,0.99028611,0.71174371,0.65512097,-0.25345141,0
-2.5413344,0.94027221,2.2319422,-0.66734403,0.74325681,0.047130466,0
-0.49356973,-3.2343822,0.1175518,-0.71174371,-0.65512097,0.25345141,0
-3.2124679,0.49171925,-0.19721293,-0.66734403,0.74325681,0.047130466,0
-0.61550283,-3.7242005,-1.4909432,-0.71174371,-0.65512097,0.25345141,0
-0.036067992,3.4029632,-1.1318657,-0.66734403,0.74325681,0.047130466,0
-1.1478997,2.4866047,-2.4236979,-0.66734403,0.74325681,0.047130466,0
3.6786187,-0.082652926,0.34662008,0.66734403,-0.74325681,-0.047130466,0
-3.2719572,0.36003745,1.0371001,-0.66734403,0.74325681,0.047130466,0
1.6160204,2.6900568,1.6275482,0.71174371,0.65512097,-0.25345141,0
0.39265275,-1.4854723,-2.4680929,-0.21925563,-0.13559455,-0.9661994,0
-1.7856314,-2.4566944,-1.5006552,-0.71174371,-0.65512097,0.25345141,0
-2.2131836,-0.33196533,2.7906868,-0.71174371,-0.65512097,0.25345141,0
3.023706,0.13416779,-1.0258408,0.71174371,0.65512097,-0.25345141,0
-1.242538,-3.0940447,-1.6229606,-0.71174371,-0.65512097,0.25345141,0
-1.7584159,1.7351789,0.78183663,-0.66734403,0.74325681,0.047130466,0
-1.9619635,-1.1072545,1.4921978,-0.71174371,-0.65512097,0.25345141,0
2.3933597,-0.5389241,2.1199744,0.21925563,0.13559455,0.9661994,0
-0.4114809,-1.5173988,2.8937826,0.21925563,0.13559455,0.9661994,0
-2.2536991,0.8360846,2.9815464,0.21925563,0.13559455,0.9661994,0
3.4460783,-0.29219389,0.35846591,0.66734403,-0.74325681,-0.047130466,0
1.0195524,0.58623952,-2.9010928,-0.21925563,-0.13559455,-0.9661994,0
3.7669747,0.34826633,1.6148114,0.71174371,0.65512097,-0.25345141,0
-1.0092224,0.1585041,-2.3806837,-0.21925563,-0.13559455,-0.9661994,0
1.2477019,1.5991654,-2.2264996,0.71174371,0.65512097,-0.25345141,0
-0.26339698,3.0803699,0.73663211,-0.66734403,0.74325681,0.047130466,0
0.37300128,2.7535584,-1.6989655,0.71174371,0.65512097,-0.25345141,0
0.47916186,-2.9428179,2.8917131,0.21925563,0.13559455,0.9661994,0
0.20651698,2.0182621,2.2573552,0.21925563,0.13559455,0.9661994,0
2.5093546,-1.0949025,-0.24620187,0.66734403,-0.74325681,-0.047130466,0
-3.8512471,-0.18006614,-1.6882405,-0.21925563,-0.13559455,-0.9661994,0
-0.54466629,2.2079387,2.4011993,0.21925563,0.13559455,0.9661994,0
0.70482981,-0.98619819,-2.6090012,-0.21925563,-0.13559455,-0.9661994,0
1.7220875,0.51717043,-3.0508232,-0.21925563,-0.13559455,-0.9661994,0
2.7442977,-0.87062192,-0.45647502,0.66734403,-0.74325681,-0.047130466,0
0.61970967,-2.9522855,2.2886686,0.66734403,-0.74325681,-0.047130466,0
3.1814711,-0.57559896,1.0811182,0.66734403,-0.74325681,-0.047130466,0
-0.73533499,2.7541583,-0.80135512,-0.66734403,0.74325681,0.047130466,0
-3.6782298,0.081091285,-0.31648397,-0.66734403,0.74325681,0.047130466,0
-2.238873,1.4734056,-1.8929832,-0.66734403,0.74325681,0.047130466,0
1.9218816,-1.7024677,1.0168961,0.66734403,-0.74325681,-0.047130466,0
-1.4447275,2.077507,-0.17507643,-0.66734403,0.74325681,0.047130466,0
-0.49677968,-1.5494673,-2.257277,-0.21925563,-0.13559455,-0.9661994,0
-3.6590688,0.11372304,-0.55978584,-0.66734403,0.74325681,0.047130466,0
-1.020676,0.28786549,-2.3962388,-0.21925563,-0.13559455,-0.9661994,0
-0.53415477,0.54683661,-2.5429866,-0.21925563,-0.13559455,-0.9661994,0
3.0508916,0.73818183,0.61175787,0.71174371,0.65512097,-0.25345141,0
1.7432823,2.1697185,0.63995647,0.71174371,0.65512097,-0.25345141,0
-2.5850873,-0.78961927,-1.8900216,-0.21925563,-0.13559455,-0.9661994,0
-2.6650283,0.64833951,3.1012354,0.21925563,0.13559455,0.9661994,0
-1.2994847,-0.85031807,-2.1732397,-0.21925563,-0.13559455,-0.9661994,0
2.445821,-0.99620211,-2.702333,0.66734403,-0.74325681,-0.047130466,0
2.4601202,1.8280882,1.7699385,0.71174371,0.65512097,-0.25345141,0
0.397879,-0.90195537,2.6237478,0.21925563,0.13559455,0.9661994,0
-0.71208549,0.92244601,-2.5553217,-0.21925563,-0.13559455,-0.9661994,0
-3.6174555,0.13731408,-0.34259701,-0.66734403,0.74325681,0.047130466,0
-1.2292159,0.49713957,2.7966316,0.21925563,0.13559455,0.9661994,0
-1.7858344,1.7741506,-0.22099227,-0.66734403,0.74325681,0.047130466,0
2.233691,0.48585141,2.0123923,0.21925563,0.13559455,0.9661994,0
1.6614355,-0.64043319,-2.874604,-0.21925563,-0.13559455,-0.9661994,0
1.0709636,2.5189466,-0.34536779,0.71174371,0.65512097,-0.25345141,0
0.58612764,-2.8351245,-0.034493357,0.66734403,-0.74325681,-0.047130466,0
-1.3375123,0.37044954,2.8389864,0.21925563,0.13559455,0.9661994,0
1.0950203,2.456774,1.9941909,0.21925563,0.13559455,0.9661994,0
-2.6361737,0.90344179,1.4698843,-0.66734403,0.74325681,0.047130466,0
3.155798,0.25591362,1.8354115,0.21925563,0.13559455,0.9661994,0
-3.3855376,0.10934657,-1.8345377,-0.21925563,-0.13559455,-0.9661994,0
2.8956575,-0.88601828,1.929512,0.66734403,-0.74325681,-0.047130466,0
-1.2079897,-0.2901116,-2.2726204,-0.21925563,-0.13559455,-0.9661994,0
-3.0619175,-0.98185927,-1.2725772,-0.71174371,-0.65512097,0.25345141,0
2.4280515,-1.1725686,-0.1726048,0.66734403,-0.74325681,-0.047130466,0
-2.3922746,-0.62156075,1.5392168,-0.71174371,-0.65512097,0.25345141,0
2.161396,-1.5551157,2.0845318,0.66734403,-0.74325681,-0.047130466,0
0.82334447,1.9175434,2.1315157,0.21925563,0.13559455,0.9661994,0
-0.85154796,-3.1322949,-1.9546398,-0.21925563,-0.13559455,-0.9661994,0
-0.39064968,2.6224446,-2.8668382,-0.21925563,-0.13559455,-0.9661994,0
0.24586856,3.560533,0.37531215,-0.66734403,0.74325681,0.047130466,0
-0.19436264,-2.4052501,2.9691119,0.21925563,0.13559455,0.9661994,0
0.054322481,-1.6615014,-2.3666136,-0.21925563,-0.13559455,-0.9661994,0
0.98454988,-2.4779227,-0.02617389,0.66734403,-0.74325681,-0.047130466,0
3.1092615,-0.67095357,1.5624251,0.66734403,-0.74325681,-0.047130466,0
-0.62918973,-3.1457443,-2.0032113,-0.21925563,-0.13559455,-0.9661994,0
-3.4470172,-0.61376899,-1.4025757,-0.71174371,-0.65512097,0.25345141,0
1.9501899,2.037395,0.87896562,0.71174371,0.65512097,-0.25345141,0
1.3782356,2.432806,0.2948581,0.71174371,0.65512097,-0.25345141,0
1.3377142,1.9161522,-1.1543802,0.71174371,0.65512097,-0.25345141,0
-1.3562225,-2.6749682,-0.85898226,-0.71174371,-0.65512097,0.25345141,0
-0.65583515,1.8850482,2.4717402,0.21925563,0.13559455,0.9661994,0
-2.0118613,-0.653826,2.524096,-0.71174371,-0.65512097,0.25345141,0
2.8210163,-0.7863673,-0.69889212,0.66734403,-0.74325681,-0.047130466,0
3.4740744,-0.29659039,0.82420814,0.66734403,-0.74325681,-0.047130466,0
-0.60912901,2.8532803,-0.57751739,-0.66734403,0.74325681,0.047130466,0
-0.41360879,2.9084558,1.3208259,-0.66734403,0.74325681,0.047130466,0
3.4763248,0.11739522,0.20185184,0.71174371,0.65512097,-0.25345141,0
1.1616808,-2.4281068,1.6963079,0.66734403,-0.74325681,-0.047130466,0
3.4249432,0.49565363,1.0352838,0.71174371,0.65512097,-0.25345141,0
2.806848,-0.96953785,1.9891346,0.66734403,-0.74325681,-0.047130466,0
1.7313373,-0.84616101,-2.8615947,-0.21925563,-0.13559455,-0.9661994,0
-0.52913201,2.9913409,-1.6220438,-0.66734403,0.74325681,0.047130466,0
-1.2397763,1.834497,2.6113458,0.21925563,0.13559455,0.9661994,0
1.9749017,-1.5310551,-0.93558156,0.66734403,-0.74325681,-0.047130466,0
-2.2380502,1.1714385,2.8807569,-0.66734403,0.74325681,0.047130466,0
0.040756583,-0.015981734,2.5804524,0.21925563,0.13559455,0.9661994,0
2.7394586,-1.0041358,1.5805526,0.66734403,-0.74325681,-0.047130466,0
3.3315287,-0.43687636,1.0181723,0.66734403,-0.74325681,-0.047130466,0
-1.0387691,-1.5008618,3.0338097,0.21925563,0.13559455,0.9661994,0
0.12944444,-3.3251834,1.2274295,0.66734403,-0.74325681,-0.047130466,0
3.1999805,0.31273711,1.8174109,0.21925563,0.13559455,0.9661994,0
-1.5466216,2.1052747,-2.0557492,-0.66734403,0.74325681,0.047130466,0
2.7030313,1.0698154,0.49209976,0.71174371,0.65512097,-0.25345141,0
-2.1983318,1.3507012,0.6161356,-0.66734403,0.74325681,0.047130466,0
-2.2704227,1.3165389,0.13410914,-0.66734403,0.74325681,0.047130466,0
2.8815737,-0.75747323,-0.29709005,0.66734403,-0.74325681,-0.047130466,0
3.6224499,0.30572945,1.0990074,0.71174371,0.65512097,-0.25345141,0
-0.10631907,-1.8517807,2.87146,0.21925563,0.13559455,0.9661994,0
2.1691208,0.99714684,-1.1950641,0.71174371,0.65512097,-0.25345141,0
0.045054168,-3.3986166,1.205605,-0.71174371,-0.65512097,0.25345141,0
1.6703256,-0.17956996,-2.941298,-0.21925563,-0.13559455,-0.9661994,0
2.0127881,-1.2271272,-2.8719997,-0.21925563,-0.13559455,-0.9661994,0
0.4539758,-3.115721,2.5193725,0.66734403,-0.74325681,-0.047130466,0
-0.29380322,-0.84385651,-2.4023614,-0.21925563,-0.13559455,-0.9661994,0
-3.7153726,0.062693119,-0.55226851,-0.66734403,0.74325681,0.047130466,0
2.0633819,2.0508759,1.2316763,0.71174371,0.65512097,-0.25345141,0
-1.7549275,1.8899544,-1.6096172,-0.66734403,0.74325681,0.047130466,0
-2.1123552,-0.76535612,1.9536058,-0.71174371,-0.65512097,0.25345141,0
3.1876934,0.068539143,-0.73496699,0.71174371,0.65512097,-0.25345141,0
-0.44358516,-2.0522637,-2.1987867,-0.21925563,-0.13559455,-0.9661994,0
-2.5195928,0.54709172,3.0824413,0.21925563,0.13559455,0.9661994,0
-1.9597641,-0.23473799,3.0651221,0.21925563,0.13559455,0.9661994,0
0.73340255,-2.8526697,2.327544,0.66734403,-0.74325681,-0.047130466,0
-1.0373782,2.4864447,-0.85624117,-0.66734403,0.74325681,0.047130466,0
-0.50413644,-0.46428484,-2.4078996,-0.21925563,-0.13559455,-0.9661994,0
0.65376484,-0.9149437,-2.6074131,-0.21925563,-0.13559455,-0.9661994,0
-2.2984414,-1.6241537,-0.78878129,-0.71174371,-0.65512097,0.25345141,0
2.0969124,-0.097630918,2.1253157,0.21925563,0.13559455,0.9661994,0
-0.53119469,-2.6863263,-2.0899227,-0.21925563,-0.13559455,-0.9661994,0
-0.37632799,-3.3418133,0.16910231,-0.71174371,-0.65512097,0.25345141,0
0.10180601,-3.354368,1.4793501,-0.71174371,-0.65512097,0.25345141,0
-3.0116978,0.75084883,-1.4409372,-0.66734403,0.74325681,0.047130466,0
-1.9713989,1.4967649,1.5259398,-0.66734403,0.74325681,0.047130466,0
3.2324853,-0.2474252,-1.4258869,0.71174371,0.65512097,-0.25345141,0
-1.7584054,-1.6600062,0.63507891,-0.71174371,-0.65512097,0.25345141,0
-2.4531391,-0.63222736,1.3407259,-0.71174371,-0.65512097,0.25345141,0
-0.13800836,-3.4576356,-0.47077632,0.66734403,-0.74325681,-0.047130466,0
0.92853379,0.37296855,-2.8505082,-0.21925563,-0.13559455,-0.9661994,0
-1.3938508,2.2145588,-1.6160216,-0.66734403,0.74325681,0.047130466,0
0.068780899,-2.8495076,-2.2031722,-0.21925563,-0.13559455,-0.9661994,0
-1.477616,-1.732955,1.2350352,-0.71174371,-0.65512097,0.25345141,0
-2.2689564,1.4210451,-1.4932112,-0.66734403,0.74325681,0.047130466,0
-0.99314684,-2.2490826,1.2614385,-0.71174371,-0.65512097,0.25345141,0
0.46557403,-2.6958823,-2.314774,-0.21925563,-0.13559455,-0.9661994,0
-0.3085314,3.0535526,0.52046537,-0.66734403,0.74325681,0.047130466,0
-2.4284425,-0.27882349,2.3235564,-0.71174371,-0.65512097,0.25345141,0
2.9526126,0.1311214,-1.2333593,0.71174371,0.65512097,-0.25345141,0
1.7314068,1.7146511,-0.56965065,0.71174371,0.65512097,-0.25345141,0
-1.9681153,-0.56920111,2.8656816,-0.71174371,-0.65512097,0.25345141,0
-2.8778043,0.83982146,-0.94818473,-0.66734403,0.74325681,0.047130466,0
0.88158345,0.84775996,2.2684312,0.21925563,0.13559455,0.9661994,0
-1.8117055,0.85902357,-2.2968888,-0.21925563,-0.13559455,-0.9661994,0
-0.023319006,3.2321768,1.7419897,-0.66734403,0.74325681,0.047130466,0
3.011662,0.57013786,0.067231655,0.71174371,0.65512097,-0.25345141,0
-0.42921388,-1.1299036,2.8434262,0.21925563,0.13559455,0.9661994,0
-0.67445278,0.33803558,2.6930697,0.21925563,0.13559455,0.9661994,0
-0.21092306,-3.0784423,1.3143539,-0.71174371,-0.65512097,0.25345141,0
-1.8915606,1.617713,0.74903655,-0.66734403,0.74325681,0.047130466,0
1.8677155,1.9657975,0.46229517,0.71174371,0.65512097,-0.25345141,0
0.54761612,2.3825481,-2.1675978,0.71174371,0.65512097,-0.25345141,0
-1.0683664,2.4544857,-0.79101992,-0.66734403,0.74325681,0.047130466,0
-1.1037264,-3.3108928,-1.7936586,-0.71174371,-0.65512097,0.25345141,0
-0.6180259,-3.4541085,-0.79989505,-0.71174371,-0.65512097,0.25345141,0
-2.1906888,1.296508,1.5789948,-0.66734403,0.74325681,0.047130466,0
-0.096788704,-2.6887627,2.6421103,-0.71174371,-0.65512097,0.25345141,0
-2.9766116,0.72257286,-0.49821377,-0.66734403,0.74325681,0.047130466,0
1.7453709,-1.7729418,-0.37101644,0.66734403,-0.74325681,-0.047130466,0
0.11646354,3.4233289,0.7067349,-0.66734403,0.74325681,0.047130466,0
-2.7308879,-0.51975024,0.85148025,-0.71174371,-0.65512097,0.25345141,0
-0.64124489,-3.6015782,-1.9365047,-0.21925563,-0.13559455,-0.9661994,0
-1.454313,-2.4085464,-0.44579291,-0.71174371,-0.65512097,0.25345141,0
-0.29570413,2.385859,2.3197346,0.21925563,0.13559455,0.9661994,0
-2.483381,-1.6585963,-1.3971562,-0.71174371,-0.65512097,0.25345141,0
2.2185359,-1.3200846,-0.81288445,0.66734403,-0.74325681,-0.047130466,0
0.051727772,2.7063398,2.1959176,0.21925563,0.13559455,0.9661994,0
1.1286831,-0.61269146,2.4173145,0.21925563,0.13559455,0.9661994,0
-0.67430627,-1.9111637,3.0086846,0.21925563,0.13559455,0.9661994,0
-0.18372011,-0.53565967,2.7043226,0.21925563,0.13559455,0.9661994,0
1.2863977,-0.67458153,-2.7847056,-0.21925563,-0.13559455,-0.9661994,0
-1.120297,-2.4089251,0.49121368,-0.71174371,-0.65512097,0.25345141,0
-1.9342988,1.6068031,0.31593287,-0.66734403,0.74325681,0.047130466,0
-1.3855833,-1.4126353,2.3214436,-0.71174371,-0.65512097,0.25345141,0
-0.19878507,-1.2562442,-2.36605,-0.21925563,-0.13559455,-0.9661994,0
0.3498947,-3.1865842,2.1631618,0.66734403,-0.74325681,-0.047130466,0
-3.5324981,-0.44787306,-1.2138181,-0.71174371,-0.65512097,0.25345141,0
-0.70651114,-2.8555098,0.49887705,-0.71174371,-0.65512097,0.25345141,0
1.9488661,1.7934124,0.24460256,0.71174371,0.65512097,-0.25345141,0
-0.62249202,-1.8260088,2.9849763,0.21925563,0.13559455,0.9661994,0
2.025701,-0.89597142,-2.9214034,-0.21925563,-0.13559455,-0.9661994,0
-1.4338568,-0.52105433,-2.1889553,-0.21925563,-0.13559455,-0.9661994,0
1.9787822,-0.84568989,-2.9178128,-0.21925563,-0.13559455,-0.9661994,0
3.7879415,0.16779906,1.2072189,0.71174371,0.65512097,-0.25345141,0
-1.5971851,2.0652704,-2.140831,-0.66734403,0.74325681,0.047130466,0
-0.5055511,1.8202651,-2.728188,-0.21925563,-0.13559455,-0.9661994,0
2.872004,1.1203735,1.0972917,0.71174371,0.65512097,-0.25345141,0
-0.46144366,-2.4737146,-2.1355886,-0.21925563,-0.13559455,-0.9661994,0
1.1812884,-1.99665,-2.5753171,-0.21925563,-0.13559455,-0.9661994,0
-2.3862796,-0.26363564,2.481216,-0.71174371,-0.65512097,0.25345141,0
-3.0483077,0.60535085,0.33522224,-0.66734403,0.74325681,0.047130466,0
0.27259886,-0.99889129,-2.5091355,-0.21925563,-0.13559455,-0.9661994,0
-1.9127223,1.6559001,-0.1528247,-0.66734403,0.74325681,0.047130466,0
-1.8768933,1.7813027,-1.623131,-0.66734403,0.74325681,0.047130466,0
0.8972131,-0.22193077,2.4150026,0.21925563,0.13559455,0.9661994,0
1.1673467,-1.0632815,-2.7031405,-0.21925563,-0.13559455,-0.9661994,0
3.1899335,-0.59954107,1.5785133,0.66734403,-0.74325681,-0.047130466,0
-1.2742382,-2.0292635,1.0402635,-0.71174371,-0.65512097,0.25345141,0
1.1524701,0.39359707,2.2706962,0.21925563,0.13559455,0.9661994,0
-0.62330878,1.4303088,-2.64674,-0.21925563,-0.13559455,-0.9661994,0
-2.9399018,-1.1147006,-1.2732996,-0.71174371,-0.65512097,0.25345141,0
0.87665921,1.6491172,-3.0178285,-0.21925563,-0.13559455,-0.9661994,0
-0.11757731,1.531724,2.3991804,0.21925563,0.13559455,0.9661994,0
0.42107248,-2.0700345,-2.3925059,-0.21925563,-0.13559455,-0.9661994,0
-3.3144541,0.34571159,0.6612854,-0.66734403,0.74325681,0.047130466,0
2.8378112,0.5347352,1.8684417,0.21925563,0.13559455,0.9661994,0
-0.45922387,3.090266,-2.1922474,-0.66734403,0.74325681,0.047130466,0
0.53467917,-0.65557081,2.5581269,0.21925563,0.13559455,0.9661994,0
3.0668647,-0.077001333,-1.4504716,0.71174371,0.65512097,-0.25345141,0
-2.5600204,-0.17618835,2.2193501,-0.71174371,-0.65512097,0.25345141,0
-0.1262244,2.9516573,-2.5888476,0.71174371,0.65512097,-0.25345141,0
1.2385514,-2.1571631,-1.4880857,0.66734403,-0.74325681,-0.047130466,0
-0.6088717,2.7316473,1.3443059,-0.66734403,0.74325681,0.047130466,0
-0.98322749,-1.663101,2.8039377,-0.71174371,-0.65512097,0.25345141,0
-2.1517699,-1.4649361,-1.8935797,-0.21925563,-0.13559455,-0.9661994,0
1.3199856,2.2258723,1.9755447,0.21925563,0.13559455,0.9661994,0
2.173727,0.4982183,-2.4717581,0.71174371,0.65512097,-0.25345141,0
1.5775809,-2.0388885,1.4471939,0.66734403,-0.74325681,-0.047130466,0
0.58391309,3.6037104,1.0907909,0.71174371,0.65512097,-0.25345141,0
0.42480099,-2.9280009,-0.85412288,0.66734403,-0.74325681,-0.047130466,0
1.1255093,3.2801626,1.7753969,0.71174371,0.65512097,-0.25345141,0
-0.42514098,-3.3297329,0.063251495,-0.71174371,-0.65512097,0.25345141,0
-2.6201522,0.8723675,2.1867878,-0.66734403,0.74325681,0.047130466,0
-2.3555954,-0.665169,-1.9595641,-0.21925563,-0.13559455,-0.9661994,0
-1.7419895,-2.3387945,-1.0733542,-0.71174371,-0.65512097,0.25345141,0
-0.19617945,-3.2709465,0.85817361,-0.71174371,-0.65512097,0.25345141,0
3.0077646,-0.078344464,1.9159133,0.21925563,0.13559455,0.9661994,0
-1.7708421,-0.50071454,3.0595775,0.21925563,0.13559455,0.9661994,0
1.0322776,-2.5813572,2.2808099,0.66734403,-0.74325681,-0.047130466,0
-0.70291567,-3.3934631,-0.88152719,-0.71174371,-0.65512097,0.25345141,0
1.5628276,0.47739089,-3.0091004,-0.21925563,-0.13559455,-0.9661994,0
-0.067271233,-0.62648952,-2.4842722,-0.21925563,-0.13559455,-0.9661994,0
2.9186764,-0.86679995,1.9523745,0.66734403,-0.74325681,-0.047130466,0
-3.0246778,0.44796216,2.5278006,-0.71174371,-0.65512097,0.25345141,0
2.5899553,0.098183513,-2.3369141,0.71174371,0.65512097,-0.25345141,0
0.75219655,-2.6562507,-0.50391674,0.66734403,-0.74325681,-0.047130466,0
-2.2992425,-0.70800751,-1.9663402,-0.21925563,-0.13559455,-0.9661994,0
-2.0760884,-1.7568866,-0.50745535,-0.71174371,-0.65512097,0.25345141,0
0.94301605,0.42654473,2.3136029,0.21925563,0.13559455,0.9661994,0
1.3270305,-2.2132044,0.64851582,0.66734403,-0.74325681,-0.047130466,0
0.076998174,-3.3452535,0.80132234,0.66734403,-0.74325681,-0.047130466,0
2.0178502,-1.491968,-0.94386172,0.66734403,-0.74325681,-0.047130466,0
-1.5529209,-2.4100637,-0.7266264,-0.71174371,-0.65512097,0.25345141,0
-0.31211615,-2.4057357,2.7689948,-0.71174371,-0.65512097,0.25345141,0
0.9626441,0.78372276,2.2590232,0.21925563,0.13559455,0.9661994,0
-0.090560675,-0.67522442,2.7027686,0.21925563,0.13559455,0.9661994,0
1.8526006,-1.659791,-0.63711327,0.66734403,-0.74325681,-0.047130466,0
-2.2508829,1.2993605,0.68169308,-0.66734403,0.74325681,0.047130466,0
1.1601658,2.2339718,2.0106754,0.21925563,0.13559455,0.9661994,0
1.0302056,2.7209527,0.062320352,0.71174371,0.65512097,-0.25345141,0
-0.45131361,0.74716318,-2.5898988,-0.21925563,-0.13559455,-0.9661994,0
-2.202122,-0.73925674,1.7689846,-0.71174371,-0.65512097,0.25345141,0
0.10223107,3.067606,-1.6475936,0.71174371,0.65512097,-0.25345141,0
0.48510933,-2.3632696,2.8090308,0.21925563,0.13559455,0.9661994,0
-0.93138242,-1.7359105,2.7613313,-0.71174371,-0.65512097,0.25345141,0
-2.0519285,0.84963965,2.9338572,0.21925563,0.13559455,0.9661994,0
2.7756989,0.76621795,-0.088573456,0.71174371,0.65512097,-0.25345141,0
-0.46427035,-2.6827476,-2.1056118,-0.21925563,-0.13559455,-0.9661994,0
1.616119,-0.90150833,2.3472347,0.21925563,0.13559455,0.9661994,0
3.0974567,-0.5853337,0.045030594,0.66734403,-0.74325681,-0.047130466,0
-1.196157,0.21893072,2.8281727,0.21925563,0.13559455,0.9661994,0
-1.5086694,0.65717047,-2.337328,-0.21925563,-0.13559455,-0.9661994,0
0.51313996,2.4699855,-2.0384059,0.71174371,0.65512097,-0.25345141,0
-3.4582276,0.079650342,-1.8138746,-0.21925563,-0.13559455,-0.9661994,0
1.1279469,3.1745009,1.5091292,0.71174371,0.65512097,-0.25345141,0
0.36877382,-1.36801,2.6957576,0.21925563,0.13559455,0.9661994,0
0.3252914,-0.50661504,-2.5901778,-0.21925563,-0.13559455,-0.9661994,0
-1.8714283,0.90244728,-2.2894304,-0.21925563,-0.13559455,-0.9661994,0
0.60642481,2.0944786,-2.7470531,0.71174371,0.65512097,-0.25345141,0
0.42319131,-0.21309924,-2.6535854,-0.21925563,-0.13559455,-0.9661994,0
-0.29701179,-3.310303,0.47328663,-0.71174371,-0.65512097,0.25345141,0
-3.1390786,0.16471708,-1.898236,-0.21925563,-0.13559455,-0.9661994,0
2.6012087,-0.40526617,-3.1208653,-0.21925563,-0.13559455,-0.9661994,0
-1.0169938,-3.2983267,-1.8937955,-0.21925563,-0.13559455,-0.9661994,0
-0.58234262,-3.255228,-1.9984775,-0.21925563,-0.13559455,-0.9661994,0
2.7102857,-0.87086272,-0.93427169,0.66734403,-0.74325681,-0.047130466,0
-1.8135307,-1.4404614,1.0477548,-0.71174371,-0.65512097,0.25345141,0
-0.90279514,-1.6728433,3.0046265,-0.71174371,-0.65512097,0.25345141,0
1.628368,1.2710311,-2.0056725,0.71174371,0.65512097,-0.25345141,0
1.1375766,3.2032986,1.6106066,0.71174371,0.65512097,-0.25345141,0
2.698781,1.2133548,0.85118484,0.71174371,0.65512097,-0.25345141,0
-0.99230361,-2.5743496,0.42305624,-0.71174371,-0.65512097,0.25345141,0
-0.3346374,0.74865627,-2.6165853,-0.21925563,-0.13559455,-0.9661994,0
-1.3901215,2.0898716,0.40312594,-0.66734403,0.74325681,0.047130466,0
1.4957883,-1.9858084,-0.54803282,0.66734403,-0.74325681,-0.047130466,0
-3.6809003,0.14687604,-1.3917428,-0.66734403,0.74325681,0.047130466,0
0.4677856,0.29775506,2.4395194,0.21925563,0.13559455,0.9661994,0
-1.9092559,1.6944213,-0.71123016,-0.66734403,0.74325681,0.047130466,0
-0.86766982,0.23624969,2.7512,0.21925563,0.13559455,0.9661994,0
-0.87137401,0.61690247,2.6986208,0.21925563,0.13559455,0.9661994,0
0.72432959,-1.7253339,-2.5096974,-0.21925563,-0.13559455,-0.9661994,0
-2.4167392,-1.6179459,-1.8119782,-0.21925563,-0.13559455,-0.9661994,0
1.8289874,2.2201681,1.0110354,0.71174371,0.65512097,-0.25345141,0
2.4417813,-1.0241514,-2.3187723,0.66734403,-0.74325681,-0.047130466,0
1.300498,-2.1661429,-0.46933302,0.66734403,-0.74325681,-0.047130466,0
-0.28764927,0.19459271,2.6254246,0.21925563,0.13559455,0.9661994,0
3.4034963,-0.41251236,1.6529763,0.66734403,-0.74325681,-0.047130466,0
2.247704,1.8011265,1.1037402,0.71174371,0.65512097,-0.25345141,0
2.8968325,0.22059348,1.8991342,0.21925563,0.13559455,0.9661994,0
-2.6149321,0.090601087,2.7547436,-0.71174371,-0.65512097,0.25345141,0
3.4235041,-0.2478267,-0.66085458,0.66734403,-0.74325681,-0.047130466,0
-0.6188097,-0.81487107,-2.3326769,-0.21925563,-0.13559455,-0.9661994,0
2.1083798,-1.4918633,0.33634698,0.66734403,-0.74325681,-0.047130466,0
1.6894996,-1.2479534,2.3792024,0.21925563,0.13559455,0.9661994,0
-3.7778621,-0.26584315,-1.4323385,-0.71174371,-0.65512097,0.25345141,0
-1.8127671,1.7223266,0.21493065,-0.66734403,0.74325681,0.047130466,0
-1.8899662,1.150016,-2.3199668,-0.21925563,-0.13559455,-0.9661994,0
2.5034356,-1.1927941,1.213764,0.66734403,-0.74325681,-0.047130466,0
0.24085045,-1.4023695,-2.4453075,-0.21925563,-0.13559455,-0.9661994,0
-1.5924542,1.9635295,-0.46936378,-0.66734403,0.74325681,0.047130466,0
-3.6156437,-0.1070618,-0.56637883,-0.71174371,-0.65512097,0.25345141,0
2.0885167,-1.4916794,0.052193165,0.66734403,-0.74325681,-0.047130466,0
3.7802825,0.088132918,0.97979069,0.71174371,0.65512097,-0.25345141,0
3.289803,0.42879823,0.48297501,0.71174371,0.65512097,-0.25345141,0
3.1884687,0.65709895,0.78851843,0.71174371,0.65512097,-0.25345141,0
1.0915341,2.3007641,-0.8515594,0.71174371,0.65512097,-0.25345141,0
-1.7352736,1.7204239,1.3422101,-0.66734403,0.74325681,0.047130466,0
2.007688,-0.57435107,2.2124653,0.21925563,0.13559455,0.9661994,0
-2.6965532,-1.4076819,-1.3472241,-0.71174371,-0.65512097,0.25345141,0
-0.37749153,3.160882,-2.1485896,-0.66734403,0.74325681,0.047130466,0
2.6938543,-0.31175575,2.0199039,0.21925563,0.13559455,0.9661994,0
0.069972992,-3.1916258,-1.7208892,0.66734403,-0.74325681,-0.047130466,0
-2.2308509,-0.88542807,1.3104839,-0.71174371,-0.65512097,0.25345141,0
-1.3110627,2.156811,0.4669134,-0.66734403,0.74325681,0.047130466,0
1.7377548,-0.98617303,-2.8434024,-0.21925563,-0.13559455,-0.9661994,0
1.2214115,2.352864,-0.35216987,0.71174371,0.65512097,-0.25345141,0
-1.4384396,-1.927804,0.84140527,-0.71174371,-0.65512097,0.25345141,0
1.0117443,1.6304433,-2.80827,0.71174371,0.65512097,-0.25345141,0
-1.3906891,1.3104107,2.7191412,0.21925563,0.13559455,0.9661994,0
0.48964801,2.6786163,-1.5651079,0.71174371,0.65512097,-0.25345141,0
0.27171826,-2.474853,2.8731141,0.21925563,0.13559455,0.9661994,0
3.8491459,0.011582077,1.2750943,0.66734403,-0.74325681,-0.047130466,0
1.3315228,-1.5947466,2.5091047,0.21925563,0.13559455,0.9661994,0
2.4040811,-1.1213651,-1.3195053,0.66734403,-0.74325681,-0.047130466,0
-0.4872067,0.80579376,-2.5899818,-0.21925563,-0.13559455,-0.9661994,0
-0.84015369,-2.7776723,-2.0069926,-0.21925563,-0.13559455,-0.9661994,0
1.1726303,0.15716174,2.2993021,0.21925563,0.13559455,0.9661994,0
-1.9230354,1.7275659,-1.4290414,-0.66734403,0.74325681,0.047130466,0
-1.369989,2.1705749,-0.58451843,-0.66734403,0.74325681,0.047130466,0
-2.5862055,1.1049454,-1.0003486,-0.66734403,0.74325681,0.047130466,0
-3.1682801,0.61285341,-1.4818524,-0.66734403,0.74325681,0.047130466,0
0.73391926,-1.396029,2.6168287,0.21925563,0.13559455,0.9661994,0
0.16577637,-3.1312761,-1.3160894,0.66734403,-0.74325681,-0.047130466,0
3.3043962,0.50015497,0.70839751,0.71174371,0.65512097,-0.25345141,0
-2.7862601,-0.020823091,-1.9522612,-0.21925563,-0.13559455,-0.9661994,0
-0.21584141,3.1822636,-2.2444398,0.71174371,0.65512097,-0.25345141,0
1.7983345,0.89368659,-2.5037322,0.71174371,0.65512097,-0.25345141,0
-1.9552618,-1.4252254,0.68912697,-0.71174371,-0.65512097,0.25345141,0
0.28353924,3.2641613,-0.63038695,0.71174371,0.65512097,-0.25345141,0
2.4746082,0.1297127,-2.5793352,0.71174371,0.65512097,-0.25345141,0
2.6091223,-1.0141206,-0.10749018,0.66734403,-0.74325681,-0.047130466,0
2.3552964,1.8506975,1.5340116,0.71174371,0.65512097,-0.25345141,0
-2.4230042,-1.2079418,-0.062755585,-0.71174371,-0.65512097,0.25345141,0
1.7711306,-1.7285914,-0.70569146,0.66734403,-0.74325681,-0.047130466,0
-0.72247648,2.669908,0.70935971,-0.66734403,0.74325681,0.047130466,0
-1.6529145,1.9406738,-0.96501589,-0.66734403,0.74325681,0.047130466,0
1.9273309,2.0262339,0.78592277,0.71174371,0.65512097,-0.25345141,0
-0.072659805,-3.1245902,1.5833434,-0.71174371,-0.65512097,0.25345141,0
0.58100581,-1.8809726,-2.4553316,-0.21925563,-0.13559455,-0.9661994,0
-2.434742,0.65544862,-2.1269364,-0.21925563,-0.13559455,-0.9661994,0
2.0230126,0.73034096,2.0258899,0.21925563,0.13559455,0.9661994,0
-0.37118107,3.0161853,0.22266352,-0.66734403,0.74325681,0.047130466,0
1.6823533,-1.8686134,0.24544626,0.66734403,-0.74325681,-0.047130466,0
-0.42656028,-1.5595233,2.9031162,0.21925563,0.13559455,0.9661994,0
-2.236011,1.410342,-0.85793328,-0.66734403,0.74325681,0.047130466,0
0.84749889,-2.7781637,2.7681136,0.66734403,-0.74325681,-0.047130466,0
-2.1443598,-0.8519516,1.6398981,-0.71174371,-0.65512097,0.25345141,0
2.434375,1.4248055,0.65523624,0.71174371,0.65512097,-0.25345141,0
-1.93173,-1.6582651,0.15284801,-0.71174371,-0.65512097,0.25345141,0
2.5769269,1.6403933,1.6128013,0.71174371,0.65512097,-0.25345141,0
1.091898,2.7891755,0.41190684,0.71174371,0.65512097,-0.25345141,0
2.3024487,-1.3384354,0.66467768,0.66734403,-0.74325681,-0.047130466,0
-3.6615994,-0.19029903,-0.91058195,-0.71174371,-0.65512097,0.25345141,0
2.1090679,-1.3752705,-1.4926059,0.66734403,-0.74325681,-0.047130466,0
-0.77906227,1.2473081,2.5892029,0.21925563,0.13559455,0.9661994,0
1.6918454,2.0197759,0.10793936,0.71174371,0.65512097,-0.25345141,0
-0.41021061,2.8778231,1.8520277,-0.66734403,0.74325681,0.047130466,0
3.5399847,-0.21402621,0.45541263,0.66734403,-0.74325681,-0.047130466,0
1.9850557,-1.6054025,0.38067186,0.66734403,-0.74325681,-0.047130466,0
1.5502427,1.0118594,-2.8949726,0.71174371,0.65512097,-0.25345141,0
2.1151743,-0.54956746,-2.9903207,-0.21925563,-0.13559455,-0.9661994,0
-2.8913701,0.76598495,0.024150014,-0.66734403,0.74325681,0.047130466,0
-2.9572175,0.35466659,2.4760933,-0.71174371,-0.65512097,0.25345141,0
-0.73512483,1.769428,-2.6689572,-0.21925563,-0.13559455,-0.9661994,0
1.3915551,2.647711,1.9001038,0.21925563,0.13559455,0.9661994,0
-0.2814815,-2.0920451,-2.2299895,-0.21925563,-0.13559455,-0.9661994,0
1.3202817,-2.2013886,0.36662248,0.66734403,-0.74325681,-0.047130466,0
0.69994211,1.2086527,2.2590032,0.21925563,0.13559455,0.9661994,0
-3.8589783,-0.0056023002,-1.5086221,-0.66734403,0.74325681,0.047130466,0
0.6068809,3.7923183,1.8317633,-0.66734403,0.74325681,0.047130466,0
-0.67495918,-3.1662354,-0.21568203,-0.71174371,-0.65512097,0.25345141,0
-1.7527783,1.7886984,0.017644465,-0.66734403,0.74325681,0.047130466,0
2.7338576,1.5024848,1.697029,0.71174371,0.65512097,-0.25345141,0
2.6482754,-0.94092274,-0.70744741,0.66734403,-0.74325681,-0.047130466,0
-1.1780903,-2.7951727,-1.9278502,-0.21925563,-0.13559455,-0.9661994,0
-0.50520527,-2.9202995,0.89671719,-0.71174371,-0.65512097,0.25345141,0
1.0712664,2.4183841,-0.60445118,0.71174371,0.65512097,-0.25345141,0
-0.80840832,2.5851879,0.82866108,-0.66734403,0.74325681,0.047130466,0
2.7384713,1.4070954,1.463423,0.71174371,0.65512097,-0.25345141,0
2.4575696,1.1375792,-0.022051334,0.71174371,0.65512097,-0.25345141,0
-2.0158391,-0.034486786,-2.1251724,-0.21925563,-0.13559455,-0.9661994,0
-0.12259221,-2.5852735,2.8371482,-0.71174371,-0.65512097,0.25345141,0
-1.1354115,-3.2777419,-1.7969476,-0.71174371,-0.65512097,0.25345141,0
0.78850496,-2.5111144,-2.278641,0.66734403,-0.74325681,-0.047130466,0
0.14044476,-1.5584258,2.7742939,0.21925563,0.13559455,0.9661994,0
-1.3508514,-1.9694998,0.97959542,-0.71174371,-0.65512097,0.25345141,0
-2.9789486,0.62576234,0.99541855,-0.66734403,0.74325681,0.047130466,0
1.2390671,-1.0625556,2.4553986,0.21925563,0.13559455,0.9661994,0
0.42725492,-1.6305015,-2.4555919,-0.21925563,-0.13559455,-0.9661994,0
-1.0609567,-3.1430686,-1.2397599,-0.71174371,-0.65512097,0.25345141,0
-0.22864246,-3.4683037,-1.585874,0.66734403,-0.74325681,-0.047130466,0
0.30709553,-2.1387525,2.8179185,0.21925563,0.13559455,0.9661994,0
-2.8220363,-0.65455675,-1.8552059,-0.21925563,-0.13559455,-0.9661994,0
-2.9266703,0.077811956,1.8462625,-0.71174371,-0.65512097,0.25345141,0
0.2654233,2.8593924,2.1259453,0.21925563,0.13559455,0.9661994,0
0.35109824,2.3265293,-2.8642581,0.71174371,0.65512097,-0.25345141,0
0.71030068,-0.65960562,-2.656076,-0.21925563,-0.13559455,-0.9661994,0
-2.2218742,-1.6196196,-0.56204545,-0.71174371,-0.65512097,0.25345141,0
1.0585856,2.5095413,-0.40443909,0.71174371,0.65512097,-0.25345141,0
0.048535585,-3.243175,-1.21149,0.66734403,-0.74325681,-0.047130466,0
-3.6234059,0.16964424,-0.93670523,-0.66734403,0.74325681,0.047130466,0
-0.28488123,2.1641188,-2.8265193,-0.21925563,-0.13559455,-0.9661994,0
-2.8292899,0.73651016,1.3679988,-0.66734403,0.74325681,0.047130466,0
1.5730007,2.1236131,0.042596936,0.71174371,0.65512097,-0.25345141,0
0.36124945,-1.4661939,-2.4636724,-0.21925563,-0.13559455,-0.9661994,0
0.031736374,0.61877894,2.493418,0.21925563,0.13559455,0.9661994,0
-2.9569595,-0.4997139,0.26841521,-0.71174371,-0.65512097,0.25345141,0
2.31109,-0.43195355,-3.0512848,-0.21925563,-0.13559455,-0.9661994,0
1.1433429,-2.3002682,-0.57939553,0.66734403,-0.74325681,-0.047130466,0
0.58168614,-1.7929242,2.7070739,0.21925563,0.13559455,0.9661994,0
-0.9948194,-3.1283383,-1.9226831,-0.21925563,-0.13559455,-0.9661994,0
0.12528443,-3.1210165,-2.051234,0.66734403,-0.74325681,-0.047130466,0
-1.2982488,-1.6444343,1.9675437,-0.71174371,-0.65512097,0.25345141,0
1.1846174,0.75585282,-2.9623532,-0.21925563,-0.13559455,-0.9661994,0
-1.4575779,2.1739721,-2.5617869,-0.21925563,-0.13559455,-0.9661994,0
-2.8405869,-0.71061862,-1.8431286,-0.21925563,-0.13559455,-0.9661994,0
2.1054785,-1.3864909,-1.3664834,0.66734403,-0.74325681,-0.047130466,0
0.84914196,-1.2527668,-2.6043396,-0.21925563,-0.13559455,-0.9661994,0
-2.5675268,0.99355567,1.0207745,-0.66734403,0.74325681,0.047130466,0
-2.0373006,-0.17233586,3.0739596,0.21925563,0.13559455,0.9661994,0
3.3778954,0.4186672,0.70416999,0.71174371,0.65512097,-0.25345141,0
-0.2993727,-2.78879,1.8146626,-0.71174371,-0.65512097,0.25345141,0
0.74888849,3.4349136,1.1177697,0.71174371,0.65512097,-0.25345141,0
2.5373328,-1.1568522,1.1269166,0.66734403,-0.74325681,-0.047130466,0
0.48638844,-0.34068429,-2.6500216,-0.21925563,-0.13559455,-0.9661994,0
3.03284,-0.581375,-0.93234301,0.66734403,-0.74325681,-0.047130466,0
1.3342295,-1.623692,-2.6623638,-0.21925563,-0.13559455,-0.9661994,0
1.4379426,-2.06916,-0.052629232,0.66734403,-0.74325681,-0.047130466,0
-1.2321849,-3.1757581,-1.8051006,-0.71174371,-0.65512097,0.25345141,0
-0.12492204,3.064728,-2.2929254,0.71174371,0.65512097,-0.25345141,0
-3.0969858,-1.0297425,-1.4948239,-0.71174371,-0.65512097,0.25345141,0
2.2065382,1.9487786,1.3697882,0.71174371,0.65512097,-0.25345141,0
-0.2425952,0.40597123,-2.5893803,-0.21925563,-0.13559455,-0.9661994,0
-0.41792694,-2.831835,1.3704755,-0.71174371,-0.65512097,0.25345141,0
2.0300121,-1.642226,1.5979459,0.66734403,-0.74325681,-0.047130466,0
-1.5606222,-2.4274149,-1.8926542,-0.21925563,-0.13559455,-0.9661994,0
0.12018973,-3.3526754,1.5299389,0.66734403,-0.74325681,-0.047130466,0
-1.7621716,1.8038902,-0.35493729,-0.66734403,0.74325681,0.047130466,0
-1.6870527,1.8384947,0.16299295,-0.66734403,0.74325681,0.047130466,0
1.0517492,-2.3921723,-0.42696619,0.66734403,-0.74325681,-0.047130466,0
-2.6074138,1.0737493,-0.80867606,-0.66734403,0.74325681,0.047130466,0
1.0586321,-0.98091626,2.4848869,0.21925563,0.13559455,0.9661994,0
-0.84245908,-2.9535508,-0.13630903,-0.71174371,-0.65512097,0.25345141,0
-2.9964814,0.66941333,0.058780432,-0.66734403,0.74325681,0.047130466,0
-2.2004328,0.089012288,-2.1006148,-0.21925563,-0.13559455,-0.9661994,0
0.041949987,3.4266944,-0.40141678,-0.66734403,0.74325681,0.047130466,0
0.66263878,-2.7323582,-0.57177949,0.66734403,-0.74325681,-0.047130466,0
0.54212546,1.0690787,-2.860513,-0.21925563,-0.13559455,-0.9661994,0
0.97481942,-2.4430318,-0.71419311,0.66734403,-0.74325681,-0.047130466,0
3.0741134,-0.19782996,-1.7424335,0.71174371,0.65512097,-0.25345141,0
2.0401263,-1.4158342,-1.8290868,0.66734403,-0.74325681,-0.047130466,0
-1.5262225,-1.2575984,2.32724,-0.71174371,-0.65512097,0.25345141,0
-0.079231381,2.7732453,-2.9180408,0.71174371,0.65512097,-0.25345141,0
1.226198,1.0791895,2.1577511,0.21925563,0.13559455,0.9661994,0
3.1282921,0.50179142,1.8071474,0.21925563,0.13559455,0.9661994,0
-2.1934927,1.4283261,-0.5395084,-0.66734403,0.74325681,0.047130466,0
-3.3004568,0.37351644,0.42098904,-0.66734403,0.74325681,0.047130466,0
-0.73791289,-0.1407702,-2.4002514,-0.21925563,-0.13559455,-0.9661994,0
0.27072331,2.6716855,-2.1978078,0.71174371,0.65512097,-0.25345141,0
2.7241609,-0.81078982,-1.6851676,0.66734403,-0.74325681,-0.047130466,0
-1.7337816,-2.5884609,-1.6956413,-0.71174371,-0.65512097,0.25345141,0
1.7898386,1.2774254,2.0020261,0.21925563,0.13559455,0.9661994,0
2.8007052,-0.82165086,-0.4300561,0.66734403,-0.74325681,-0.047130466,0
-0.96994376,0.55092597,2.730248,0.21925563,0.13559455,0.9661994,0
-2.6875963,0.82113898,2.0396967,-0.66734403,0.74325681,0.047130466,0
0.27620161,0.79394794,-2.7615566,-0.21925563,-0.13559455,-0.9661994,0
0.90741283,-2.5043821,-0.70113015,0.66734403,-0.74325681,-0.047130466,0
-0.72155344,1.8929658,-2.689374,-0.21925563,-0.13559455,-0.9661994,0
2.1931357,1.1884613,-0.63311529,0.71174371,0.65512097,-0.25345141,0
-1.0023619,0.98135436,2.6771989,0.21925563,0.13559455,0.9661994,0
0.65598667,-2.6733031,-1.5972836,0.66734403,-0.74325681,-0.047130466,0
-0.086965799,3.2168174,1.0830059,-0.66734403,0.74325681,0.047130466,0
-1.7268617,1.6465325,2.6266046,-0.66734403,0.74325681,0.047130466,0
-1.8007911,1.8833846,-2.1554132,-0.66734403,0.74325681,0.047130466,0
-0.67553926,2.7957745,-0.6109705,-0.66734403,0.74325681,0.047130466,0
-1.6278,0.92367351,2.8272219,0.21925563,0.13559455,0.9661994,0
-0.53208423,2.6083345,-2.832763,-0.21925563,-0.13559455,-0.9661994,0
-2.7779231,0.69610536,2.7325253,-0.66734403,0.74325681,0.047130466,0
0.9974277,0.20924973,2.3317504,0.21925563,0.13559455,0.9661994,0
-0.51215136,2.8379002,1.0381942,-0.66734403,0.74325681,0.047130466,0
-1.753369,-2.1921577,-0.72628248,-0.71174371,-0.65512097,0.25345141,0
2.2334437,-1.1798038,-2.8140578,0.66734403,-0.74325681,-0.047130466,0
2.2931674,-1.1176029,-2.9493232,0.66734403,-0.74325681,-0.047130466,0
2.2765796,-1.1876159,-2.0800772,0.66734403,-0.74325681,-0.047130466,0
1.549854,-1.8931689,2.5014396,0.21925563,0.13559455,0.9661994,0
-1.5870452,-1.3140022,2.0106444,-0.71174371,-0.65512097,0.25345141,0
-1.2599285,0.68909788,-2.3982544,-0.21925563,-0.13559455,-0.9661994,0
2.0019319,1.1546252,-1.2575146,0.71174371,0.65512097,-0.25345141,0
-3.08477,0.64627028,-0.8263756,-0.66734403,0.74325681,0.047130466,0
1.3694623,-2.11572,-0.28801838,0.66734403,-0.74325681,-0.047130466,0
-2.899822,0.78382021,-0.37679255,-0.66734403,0.74325681,0.047130466,0
0.961209,-2.6320267,2.0735817,0.66734403,-0.74325681,-0.047130466,0
0.62677199,-2.8392003,0.60528564,0.66734403,-0.74325681,-0.047130466,0
-2.5806193,0.35512137,3.1232307,0.21925563,0.13559455,0.9661994,0
3.6004548,-0.14139783,0.16627932,0.66734403,-0.74325681,-0.047130466,0
0.76727259,-2.7354126,0.95795345,0.66734403,-0.74325681,-0.047130466,0
1.4699688,1.710801,-1.3137738,0.71174371,0.65512097,-0.25345141,0
0.18218994,-2.3071332,2.8698931,0.21925563,0.13559455,0.9661994,0
-0.63506365,2.3320775,-2.7706246,-0.21925563,-0.13559455,-0.9661994,0
0.90412772,-2.4290218,-1.9360943,0.66734403,-0.74325681,-0.047130466,0
-3.084789,0.53861272,0.87113738,-0.66734403,0.74325681,0.047130466,0
-0.11950552,-0.97459459,2.7513497,0.21925563,0.13559455,0.9661994,0
1.2751707,0.60334098,2.2134171,0.21925563,0.13559455,0.9661994,0
2.6881971,0.91840613,0.059080601,0.71174371,0.65512097,-0.25345141,0
-3.7662034,0.061566234,-1.2542338,-0.66734403,0.74325681,0.047130466,0
-2.398118,1.2896329,-1.2496793,-0.66734403,0.74325681,0.047130466,0
0.35844621,-3.1691151,2.0087535,0.66734403,-0.74325681,-0.047130466,0
3.4550283,-0.35103488,1.4131311,0.66734403,-0.74325681,-0.047130466,0
-0.31924129,-3.4448671,0.063040495,-0.71174371,-0.65512097,0.25345141,0
1.1714149,2.31777,1.9963627,0.21925563,0.13559455,0.9661994,0
-2.2904174,-0.92252648,1.0473168,-0.71174371,-0.65512097,0.25345141,0
2.9085677,-0.11770189,-2.0002048,0.71174371,0.65512097,-0.25345141,0
-1.3113593,0.39665848,-2.3455429,-0.21925563,-0.13559455,-0.9661994,0
-0.13078618,-2.5255804,2.9684317,-0.71174371,-0.65512097,0.25345141,0
2.168097,0.2420672,2.0614896,0.21925563,0.13559455,0.9661994,0
-1.4475882,2.0457475,0.28527302,-0.66734403,0.74325681,0.047130466,0
2.6234262,-1.0207586,0.1997298,0.66734403,-0.74325681,-0.047130466,0
2.5552957,0.29984117,-1.9129999,0.71174371,0.65512097,-0.25345141,0
1.8037181,2.1744914,0.82200909,0.71174371,0.65512097,-0.25345141,0
2.4423649,0.87602317,-0.74081898,0.71174371,0.65512097,-0.25345141,0
-2.780386,-0.5616101,-1.8777013,-0.21925563,-0.13559455,-0.9661994,0
0.22192621,3.4441481,1.8717182,-0.66734403,0.74325681,0.047130466,0
-2.0857341,0.92771113,2.9305725,0.21925563,0.13559455,0.9661994,0
-3.1051753,-0.58915031,-0.37898016,-0.71174371,-0.65512097,0.25345141,0
3.5701914,0.37174559,1.1228933,0.71174371,0.65512097,-0.25345141,0
0.20565987,-0.2674436,2.5783212,0.21925563,0.13559455,0.9661994,0
0.92775989,1.6360857,2.1473203,0.21925563,0.13559455,0.9661994,0
-1.5557126,0.68958396,-2.3312016,-0.21925563,-0.13559455,-0.9661994,0
-1.4712278,2.1844332,-2.2365582,-0.66734403,0.74325681,0.047130466,0
0.64184272,2.6540735,-1.2011514,0.71174371,0.65512097,-0.25345141,0
-0.70711792,1.2487185,2.572679,0.21925563,0.13559455,0.9661994,0
2.1309185,2.0417819,1.3978276,0.71174371,0.65512097,-0.25345141,0
-2.1284916,-1.9913439,-1.2606404,-0.71174371,-0.65512097,0.25345141,0
1.2877771,2.7834387,0.94714671,0.71174371,0.65512097,-0.25345141,0
1.5400721,2.2668447,0.32035148,0.71174371,0.65512097,-0.25345141,0
3.505157,0.34424353,0.86917615,0.71174371,0.65512097,-0.25345141,0
0.76194894,-2.6671376,-0.1941368,0.66734403,-0.74325681,-0.047130466,0
1.3655872,-2.0661607,-1.124449,0.66734403,-0.74325681,-0.047130466,0
1.3253744,1.8301859,-1.4112381,0.71174371,0.65512097,-0.25345141,0
-3.7299638,-0.05190289,-1.7337488,-0.21925563,-0.13559455,-0.9661994,0
-2.1780813,-0.41559458,2.6730967,-0.71174371,-0.65512097,0.25345141,0
-2.1156704,-0.84556746,1.736966,-0.71174371,-0.65512097,0.25345141,0
0.82024634,-2.685847,0.92637777,0.66734403,-0.74325681,-0.047130466,0
1.2003319,-2.2519348,-0.53468144,0.66734403,-0.74325681,-0.047130466,0
-1.3207053,2.0561464,-2.5763113,-0.21925563,-0.13559455,-0.9661994,0
3.1782136,0.30079812,-0.16124582,0.71174371,0.65512097,-0.25345141,0
