2.5443516,2.1712542,4.4349484,0.5523349,0.68490493,0.47521734,0
-4.5618916,-3.537137,-0.057957172,-0.23326789,-0.42030585,0.87688613,0
-2.3114347,1.0564916,0.29428682,-0.80032009,0.59518772,0.072383195,0
-0.95087564,-3.6068451,-4.2179723,-0.5523349,-0.68490493,-0.47521734,0
-3.0934396,-3.7666316,-1.4974232,-0.5523349,-0.68490493,-0.47521734,0
1.5295031,-2.2357464,2.1862445,-0.23326789,-0.42030585,0.87688613,0
3.2974758,0.14940107,0.69234955,0.80032009,-0.59518772,-0.072383195,0
3.0249767,2.4427602,3.4850209,0.5523349,0.68490493,0.47521734,0
4.4922185,2.4584382,1.7570815,0.5523349,0.68490493,0.47521734,0
-1.6522919,-1.7722106,1.5620083,-0.23326789,-0.42030585,0.87688613,0
4.9995351,2.5826263,0.98845196,0.5523349,0.68490493,0.47521734,0
2.2040145,-1.3864905,1.2314875,0.80032009,-0.59518772,-0.072383195,0
-3.188859,-1.4617643,-4.399941,0.23326789,0.42030585,-0.87688613,0
1.9589639,3.0608881,3.8331499,0.5523349,0.68490493,0.47521734,0
-1.5994601,-3.6904705,-3.3436117,-0.5523349,-0.68490493,-0.47521734,0
0.22854078,3.7495215,-0.99299455,0.23326789,0.42030585,-0.87688613,0
4.1003404,1.73786,3.2510827,0.5523349,0.68490493,0.47521734,0
-1.2600905,0.81410909,2.9060061,-0.23326789,-0.42030585,0.87688613,0
-4.1237016,-1.7486479,-3.2083831,-0.5523349,-0.68490493,-0.47521734,0
-0.3240695,-0.47218323,-3.1635313,0.23326789,0.42030585,-0.87688613,0
-2.3481719,-4.2637243,-1.6471996,-0.5523349,-0.68490493,-0.47521734,0
2.0373652,0.9687407,-1.8446876,0.23326789,0.42030585,-0.87688613,0
-3.1214027,-0.10894835,0.92180657,-0.80032009,0.59518772,0.072383195,0
3.0569026,4.6010432,0.33729696,0.5523349,0.68490493,0.47521734,0
-3.3685956,-1.8440458,1.0710077,-0.23326789,-0.42030585,0.87688613,0
-1.0737281,-1.7281055,-3.9649386,0.23326789,0.42030585,-0.87688613,0
-3.4631376,-0.31383836,-1.1719003,-0.80032009,0.59518772,0.072383195,0
-1.1860785,-2.3206644,-4.2788486,0.23326789,0.42030585,-0.87688613,0
3.5375233,4.0872459,0.04913187,0.23326789,0.42030585,-0.87688613,0
-2.869415,0.14776361,1.5970892,-0.80032009,0.59518772,0.072383195,0
4.5295343,2.91733,1.0523338,0.5523349,0.68490493,0.47521734,0
-4.9690681,-2.8893621,0.14421558,-0.23326789,-0.42030585,0.87688613,0
3.0137248,2.4000025,3.5597231,0.5523349,0.68490493,0.47521734,0
1.053388,3.7835534,-0.75725842,0.23326789,0.42030585,-0.87688613,0
1.7740054,1.4418106,-1.6879964,0.23326789,0.42030585,-0.87688613,0
-2.6680019,-1.7327971,-4.3912935,0.23326789,0.42030585,-0.87688613,0
2.4397511,-0.83002537,-0.7377013,0.80032009,-0.59518772,-0.072383195,0
0.71106219,5.1500807,0.052677631,-0.80032009,0.59518772,0.072383195,0
1.0877509,4.1217113,3.3168354,0.5523349,0.68490493,0.47521734,0
1.5205014,-2.0864758,-0.57012475,0.80032009,-0.59518772,-0.072383195,0
-2.4052899,-3.5367351,-2.6285825,-0.5523349,-0.68490493,-0.47521734,0
2.0581267,3.9625599,2.418364,0.5523349,0.68490493,0.47521734,0
-2.4212961,-2.6093695,-3.9465411,-0.5523349,-0.68490493,-0.47521734,0
-3.5148711,-2.4765301,-2.8669553,-0.5523349,-0.68490493,-0.47521734,0
-3.7983496,-1.187284,-4.3955946,-0.5523349,-0.68490493,-0.47521734,0
-1.858225,-3.6478405,-3.1042948,-0.5523349,-0.68490493,-0.47521734,0
-2.5415204,1.0582256,-2.2639568,-0.80032009,0.59518772,0.072383195,0
-2.3834915,-2.1073396,1.2068629,-0.23326789,-0.42030585,0.87688613,0
-2.5430441,-3.4728184,0.5099225,-0.23326789,-0.42030585,0.87688613,0
2.5856624,-0.87307107,1.2295495,0.80032009,-0.59518772,-0.072383195,0
-0.28402591,-4.2624173,-2.6300783,0.80032009,-0.59518772,-0.072383195,0
0.2888115,0.98144794,3.3982515,-0.23326789,-0.42030585,0.87688613,0
0.91500145,-2.7135568,-2.1086445,0.80032009,-0.59518772,-0.072383195,0
5.2562771,2.8549066,0.10360575,0.80032009,-0.59518772,-0.072383195,0
4.6348896,2.3522348,-0.49056721,0.23326789,0.42030585,-0.87688613,0
0.65711302,-3.015564,-2.4767151,0.80032009,-0.59518772,-0.072383195,0
-4.4198771,-1.5659168,-1.4547851,-0.80032009,0.59518772,0.072383195,0
1.1764255,3.1035366,-1.0504718,0.23326789,0.42030585,-0.87688613,0
1.2084529,3.7740388,3.6776285,0.5523349,0.68490493,0.47521734,0
1.8454883,0.77225327,-1.9899104,0.23326789,0.42030585,-0.87688613,0
-1.0774589,-4.5184269,0.3986187,-0.23326789,-0.42030585,0.87688613,0
1.8150593,3.0902805,-0.88693643,0.23326789,0.42030585,-0.87688613,0
-2.7895708,-3.5399048,-2.1773725,-0.5523349,-0.68490493,-0.47521734,0
-1.9834272,-4.2372775,-2.109252,-0.5523349,-0.68490493,-0.47521734,0
1.9726012,-1.3904973,-1.2942314,0.80032009,-0.59518772,-0.072383195,0
-0.3048656,-4.5989304,-0.093436718,0.80032009,-0.59518772,-0.072383195,0
-1.3870914,-4.2061882,-2.847167,-0.5523349,-0.68490493,-0.47521734,0
0.68386972,-3.0756655,-1.6866751,0.80032009,-0.59518772,-0.072383195,0
-2.2374413,-5.1325111,-0.52376556,-0.5523349,-0.68490493,-0.47521734,0
4.3330951,1.7326095,2.9881239,0.5523349,0.68490493,0.47521734,0
-2.1829679,1.2710683,-0.049698621,-0.80032009,0.59518772,0.072383195,0
4.057014,1.0616932,4.2759619,0.5523349,0.68490493,0.47521734,0
0.30490172,-1.4677258,2.2286024,-0.23326789,-0.42030585,0.87688613,0
0.082672596,4.2963061,0.12511349,-0.80032009,0.59518772,0.072383195,0
-2.22611,-3.8023655,-2.4540019,-0.5523349,-0.68490493,-0.47521734,0
-1.0555036,0.64227152,2.8780656,-0.23326789,-0.42030585,0.87688613,0
-2.0807364,-3.0326154,-3.7323647,-0.5523349,-0.68490493,-0.47521734,0
0.85903573,-3.1472211,0.83846259,0.80032009,-0.59518772,-0.072383195,0
2.6252608,3.8564982,1.9120579,0.5523349,0.68490493,0.47521734,0
-1.3880768,2.072978,2.1452932,-0.80032009,0.59518772,0.072383195,0
-2.1861594,-3.3540542,0.66178656,-0.23326789,-0.42030585,0.87688613,0
-4.4377069,-3.0097346,-1.0258851,-0.5523349,-0.68490493,-0.47521734,0
-1.1950991,2.6868708,-1.8810551,0.23326789,0.42030585,-0.87688613,0
-1.631012,-1.6773298,1.613147,-0.23326789,-0.42030585,0.87688613,0
-0.55139375,3.3552384,0.85257149,-0.80032009,0.59518772,0.072383195,0
-2.3406882,0.79199123,2.1457555,-0.80032009,0.59518772,0.072383195,0
4.7139249,2.019887,0.97310925,0.80032009,-0.59518772,-0.072383195,0
-4.6923552,-2.6686757,0.32360506,-0.23326789,-0.42030585,0.87688613,0
-1.339602,2.2450216,1.2665987,-0.80032009,0.59518772,0.072383195,0
1.4918344,5.476965,0.89392424,0.5523349,0.68490493,0.47521734,0
-1.4246302,0.71935272,-2.8851786,0.23326789,0.42030585,-0.87688613,0
0.43764561,-2.4494078,-3.9086168,0.23326789,0.42030585,-0.87688613,0
2.6776774,2.4614291,3.8617735,0.5523349,0.68490493,0.47521734,0
3.0672774,-0.30898857,1.9163287,0.80032009,-0.59518772,-0.072383195,0
-4.7280669,-2.4190021,-1.5397968,-0.5523349,-0.68490493,-0.47521734,0
-1.3217766,-4.7115622,-2.1947122,-0.5523349,-0.68490493,-0.47521734,0
-4.1930122,-2.2423,0.66080856,-0.23326789,-0.42030585,0.87688613,0
-3.2914202,-4.264677,-0.54950905,-0.5523349,-0.68490493,-0.47521734,0
-2.0876827,1.3673853,0.21185368,-0.80032009,0.59518772,0.072383195,0
1.8682336,-0.84142256,-2.7573206,0.23326789,0.42030585,-0.87688613,0
-1.5494211,-3.7679627,0.63277769,-0.23326789,-0.42030585,0.87688613,0
-1.6469204,0.16965485,-3.2077909,0.23326789,0.42030585,-0.87688613,0
2.9090946,-0.43637884,1.2148395,0.80032009,-0.59518772,-0.072383195,0
1.757443,2.3534656,4.4465647,-0.23326789,-0.42030585,0.87688613,0
-0.72430801,-3.7042656,-4.3408985,-0.5523349,-0.68490493,-0.47521734,0
-1.5884373,-2.4284182,-4.4375315,0.23326789,0.42030585,-0.87688613,0
4.1962061,3.2818303,-0.16169453,0.23326789,0.42030585,-0.87688613,0
-1.5473735,2.1979136,-2.209132,0.23326789,0.42030585,-0.87688613,0
0.60353273,2.8928974,4.3981614,-0.23326789,-0.42030585,0.87688613,0
-2.4848721,-5.1107883,-0.26748991,-0.5523349,-0.68490493,-0.47521734,0
2.0087552,3.4203753,3.2571702,0.5523349,0.68490493,0.47521734,0
-2.5434337,-4.9306421,-0.45905828,-0.5523349,-0.68490493,-0.47521734,0
-2.7596741,0.32741892,1.3332034,-0.80032009,0.59518772,0.072383195,0
4.6575584,3.4888675,0.079808235,0.5523349,0.68490493,0.47521734,0
-4.4100776,-2.4918675,0.48344278,-0.23326789,-0.42030585,0.87688613,0
-2.5216372,0.51954508,2.3853097,-0.80032009,0.59518772,0.072383195,0
0.56156981,0.57760048,3.2772391,-0.23326789,-0.42030585,0.87688613,0
2.7654123,-0.74220681,2.1409287,0.80032009,-0.59518772,-0.072383195,0
-1.0955228,2.4644127,-1.9611938,0.23326789,0.42030585,-0.87688613,0
-1.1221713,-3.7514322,-3.810493,-0.5523349,-0.68490493,-0.47521734,0
-1.9840593,1.7249577,-1.5826365,-0.80032009,0.59518772,0.072383195,0
1.2724369,3.2431774,-0.95799875,0.23326789,0.42030585,-0.87688613,0
-3.3827977,-1.7398734,-4.0821652,-0.5523349,-0.68490493,-0.47521734,0
1.9928867,2.7576206,4.2308059,0.5523349,0.68490493,0.47521734,0
2.8322122,1.8773599,4.5042677,-0.23326789,-0.42030585,0.87688613,0
-1.3718793,-5.8684254,-0.32677889,-0.23326789,-0.42030585,0.87688613,0
2.4544504,-0.77321815,-1.0422881,0.80032009,-0.59518772,-0.072383195,0
-0.88220543,2.8076713,1.6973822,-0.80032009,0.59518772,0.072383195,0
-2.6583223,-3.0128393,-3.0895519,-0.5523349,-0.68490493,-0.47521734,0
-2.7126927,-2.4442492,-3.8458364,-0.5523349,-0.68490493,-0.47521734,0
-0.24843958,0.58973384,3.0675774,-0.23326789,-0.42030585,0.87688613,0
1.580795,-1.4336493,-3.1176484,0.23326789,0.42030585,-0.87688613,0
-2.524266,-3.8121195,0.35228539,-0.23326789,-0.42030585,0.87688613,0
3.7282114,3.2601461,1.4896121,0.5523349,0.68490493,0.47521734,0
3.5368085,1.4291897,4.3509331,0.5523349,0.68490493,0.47521734,0
-1.6515427,-5.3140054,-0.13543224,-0.23326789,-0.42030585,0.87688613,0
-0.3863554,3.5569491,1.0187399,-0.80032009,0.59518772,0.072383195,0
-2.4562743,-0.3279357,-3.6615973,0.23326789,0.42030585,-0.87688613,0
0.81799626,2.9578986,-1.2156272,0.23326789,0.42030585,-0.87688613,0
-3.6712663,-0.83170766,0.78518105,-0.80032009,0.59518772,0.072383195,0
3.6123834,3.5306909,-0.19771957,0.23326789,0.42030585,-0.87688613,0
5.131094,2.7151546,-0.13136673,0.80032009,-0.59518772,-0.072383195,0
-0.58920252,-1.9393975,1.7646743,-0.23326789,-0.42030585,0.87688613,0
3.511086,0.51531887,0.045331717,0.80032009,-0.59518772,-0.072383195,0
4.8583808,3.0479798,0.48182344,0.5523349,0.68490493,0.47521734,0
-1.9594531,-2.2276597,-4.440002,0.23326789,0.42030585,-0.87688613,0
-0.83322144,3.1867421,-0.87801266,-0.80032009,0.59518772,0.072383195,0
1.9904312,-1.2945058,-1.8864045,0.80032009,-0.59518772,-0.072383195,0
-1.3156582,-1.5340717,-3.9362926,0.23326789,0.42030585,-0.87688613,0
-3.0066159,0.43185282,-2.2558923,-0.80032009,0.59518772,0.072383195,0
-1.8754594,0.95685506,2.8107271,-0.23326789,-0.42030585,0.87688613,0
-1.2690394,0.40355015,2.7068381,-0.23326789,-0.42030585,0.87688613,0
1.447613,5.8125329,0.46168661,0.5523349,0.68490493,0.47521734,0
-1.3181599,2.1769581,2.0633435,-0.80032009,0.59518772,0.072383195,0
1.932658,-0.0018467903,3.3642356,-0.23326789,-0.42030585,0.87688613,0
-0.92270911,-3.5299571,0.9135747,-0.23326789,-0.42030585,0.87688613,0
-4.2799368,-1.4819007,-0.59834766,-0.80032009,0.59518772,0.072383195,0
3.5295651,0.80526066,4.1759019,-0.23326789,-0.42030585,0.87688613,0
0.69360328,-2.8818364,1.6541983,-0.23326789,-0.42030585,0.87688613,0
-4.0525112,-3.3219502,-1.0236106,-0.5523349,-0.68490493,-0.47521734,0
0.37115264,-3.3878646,-2.5771711,0.80032009,-0.59518772,-0.072383195,0
1.6870688,2.2608993,4.3834753,-0.23326789,-0.42030585,0.87688613,0
3.6405551,4.0274363,0.48564053,0.5523349,0.68490493,0.47521734,0
-3.7853644,-3.6047747,-0.92648935,-0.5523349,-0.68490493,-0.47521734,0
-3.4705918,-3.1288972,-1.9782,-0.5523349,-0.68490493,-0.47521734,0
-2.7473125,-2.9521108,-3.0736456,-0.5523349,-0.68490493,-0.47521734,0
-2.0902684,-2.6073935,-4.3341351,-0.5523349,-0.68490493,-0.47521734,0
-0.024065793,-3.5951066,-4.5805931,0.23326789,0.42030585,-0.87688613,0
-5.1809888,-2.7990983,-0.4655633,-0.5523349,-0.68490493,-0.47521734,0
-0.56752282,3.00599,3.546016,-0.80032009,0.59518772,0.072383195,0
2.124521,-1.3505447,0.056981057,0.80032009,-0.59518772,-0.072383195,0
-3.0092132,-4.4573822,-0.59977674,-0.5523349,-0.68490493,-0.47521734,0
-1.4331537,2.4826603,-2.042264,0.23326789,0.42030585,-0.87688613,0
-3.8667119,-0.81038952,-1.5510967,-0.80032009,0.59518772,0.072383195,0
2.2207685,4.7520132,1.0915341,0.5523349,0.68490493,0.47521734,0
-3.7105355,-3.1479549,-1.6718512,-0.5523349,-0.68490493,-0.47521734,0
-4.0513649,-1.5244603,-3.615567,-0.5523349,-0.68490493,-0.47521734,0
-0.46790445,3.236779,2.7497478,-0.80032009,0.59518772,0.072383195,0
3.8269978,0.82235557,1.0135927,0.80032009,-0.59518772,-0.072383195,0
2.5726256,1.2061963,4.1135135,-0.23326789,-0.42030585,0.87688613,0
-0.054315925,-2.5859265,1.5970725,-0.23326789,-0.42030585,0.87688613,0
1.9944454,0.73754835,3.7350764,-0.23326789,-0.42030585,0.87688613,0
-0.30132949,3.5151453,2.3025875,-0.80032009,0.59518772,0.072383195,0
-2.3514323,-4.1540475,-1.8014822,-0.5523349,-0.68490493,-0.47521734,0
-0.28248942,-4.3082275,-2.2364035,0.80032009,-0.59518772,-0.072383195,0
4.6868258,2.8183007,1.0122428,0.5523349,0.68490493,0.47521734,0
-1.9195722,-3.4786425,-3.2768483,-0.5523349,-0.68490493,-0.47521734,0
1.8218454,2.2086878,4.3943024,-0.23326789,-0.42030585,0.87688613,0
-1.4498671,-0.07054472,2.4314933,-0.23326789,-0.42030585,0.87688613,0
2.846036,-0.073146343,3.573036,-0.23326789,-0.42030585,0.87688613,0
3.1960526,1.753521,4.2795458,0.5523349,0.68490493,0.47521734,0
-1.9765624,1.5147376,-2.6507616,0.23326789,0.42030585,-0.87688613,0
-0.21411279,1.3724372,3.4518712,-0.23326789,-0.42030585,0.87688613,0
-0.90355837,-5.1729927,0.13113499,-0.23326789,-0.42030585,0.87688613,0
2.6238332,-0.73434144,0.51085746,0.80032009,-0.59518772,-0.072383195,0
0.89932382,3.2135193,-1.0714691,0.23326789,0.42030585,-0.87688613,0
-2.5913446,-4.8439302,-0.52834606,-0.5523349,-0.68490493,-0.47521734,0
-1.0536433,0.38928437,2.7572994,-0.23326789,-0.42030585,0.87688613,0
0.61212909,-3.4914732,1.3403153,-0.23326789,-0.42030585,0.87688613,0
0.82807076,-2.6936793,1.780156,-0.23326789,-0.42030585,0.87688613,0
3.4777758,1.1437358,-1.3776338,0.23326789,0.42030585,-0.87688613,0
2.8352785,-0.49102199,0.84799486,0.80032009,-0.59518772,-0.072383195,0
-0.56209475,0.92607689,-2.5566416,0.23326789,0.42030585,-0.87688613,0
1.932254,-1.430355,-1.412601,0.80032009,-0.59518772,-0.072383195,0
3.1804585,0.67231035,4.0193081,-0.23326789,-0.42030585,0.87688613,0
0.83826345,2.3488407,-1.5021669,0.23326789,0.42030585,-0.87688613,0
-3.8034697,-1.2653155,-4.2771811,-0.5523349,-0.68490493,-0.47521734,0
-3.9504449,-1.8836763,-3.2151463,-0.5523349,-0.68490493,-0.47521734,0
0.68636549,3.4614518,-1.0092819,0.23326789,0.42030585,-0.87688613,0
-0.6443193,3.0024319,2.7261536,-0.80032009,0.59518772,0.072383195,0
4.0111113,1.0198307,1.4255023,0.80032009,-0.59518772,-0.072383195,0
-1.9041069,0.72473717,-3.0101473,0.23326789,0.42030585,-0.87688613,0
0.61290097,4.7556663,2.2104979,-0.80032009,0.59518772,0.072383195,0
-4.4703331,-1.6126883,-3.0014503,-0.5523349,-0.68490493,-0.47521734,0
3.0385597,4.1431417,1.0185657,0.5523349,0.68490493,0.47521734,0
-2.147176,1.4256687,-0.92519653,-0.80032009,0.59518772,0.072383195,0
1.1405433,-2.5146437,-1.2505012,0.80032009,-0.59518772,-0.072383195,0
-3.1395609,-4.0552735,-1.0278139,-0.5523349,-0.68490493,-0.47521734,0
5.1299601,3.0897141,0.10602379,0.5523349,0.68490493,0.47521734,0
-3.90399,-1.5976589,1.0466805,-0.23326789,-0.42030585,0.87688613,0
-1.6620526,-3.5073581,-3.5347705,-0.5523349,-0.68490493,-0.47521734,0
2.3504448,-1.1528157,0.92908299,0.80032009,-0.59518772,-0.072383195,0
-4.5196486,-1.9201295,0.35466623,-0.80032009,0.59518772,0.072383195,0
-0.48019361,-4.7661676,-0.65683985,0.80032009,-0.59518772,-0.072383195,0
0.3001169,2.766681,-1.4450462,0.23326789,0.42030585,-0.87688613,0
-3.3004172,-0.29306489,0.45643735,-0.80032009,0.59518772,0.072383195,0
3.2524729,3.2342319,-0.43556023,0.23326789,0.42030585,-0.87688613,0
0.18562239,0.090587378,-2.7581987,0.23326789,0.42030585,-0.87688613,0
-1.8203911,-4.3217192,-2.1770439,-0.5523349,-0.68490493,-0.47521734,0
-2.3342314,-1.0255603,1.7384815,-0.23326789,-0.42030585,0.87688613,0
-1.45982,1.9016833,2.7605584,-0.80032009,0.59518772,0.072383195,0
-2.3660398,-4.8678021,-0.11162949,-0.23326789,-0.42030585,0.87688613,0
-3.9706914,-2.9564118,0.37766457,-0.23326789,-0.42030585,0.87688613,0
0.43348974,-1.1575778,-3.2905273,0.23326789,0.42030585,-0.87688613,0
-0.62790561,-4.8239322,-1.8150668,0.80032009,-0.59518772,-0.072383195,0
-3.3551195,-0.30066296,-0.085913658,-0.80032009,0.59518772,0.072383195,0
3.0731497,-0.015334636,-0.4333812,0.80032009,-0.59518772,-0.072383195,0
-4.3462634,-1.4635252,-1.4828017,-0.80032009,0.59518772,0.072383195,0
-3.0968146,0.026224177,0.082185388,-0.80032009,0.59518772,0.072383195,0
-0.45735979,-4.7111912,-0.85643339,0.80032009,-0.59518772,-0.072383195,0
3.0460033,2.3787482,3.5528386,0.5523349,0.68490493,0.47521734,0
0.67400539,-1.8034885,2.1658545,-0.23326789,-0.42030585,0.87688613,0
-2.3186255,-1.8885856,1.3289709,-0.23326789,-0.42030585,0.87688613,0
1.9998412,-1.6477083,1.1219314,0.80032009,-0.59518772,-0.072383195,0
-4.121038,-1.123754,-4.1121035,-0.5523349,-0.68490493,-0.47521734,0
3.2429271,2.3769698,3.3265214,0.5523349,0.68490493,0.47521734,0
1.2388393,5.8177662,0.39795303,-0.80032009,0.59518772,0.072383195,0
-1.1149225,-1.5312535,1.8204529,-0.23326789,-0.42030585,0.87688613,0
2.2243018,2.7159092,-0.95751286,0.23326789,0.42030585,-0.87688613,0
2.0684772,5.4132271,0.31556654,0.5523349,0.68490493,0.47521734,0
2.3157024,3.2907765,3.0871949,0.5523349,0.68490493,0.47521734,0
0.84371936,5.0053444,2.3269353,0.5523349,0.68490493,0.47521734,0
2.6172447,2.6934559,3.597605,0.5523349,0.68490493,0.47521734,0
4.6970587,1.9127964,2.3054032,0.5523349,0.68490493,0.47521734,0
-4.2419119,-2.4960589,-1.9937868,-0.5523349,-0.68490493,-0.47521734,0
2.07586,4.68858,1.3513803,0.5523349,0.68490493,0.47521734,0
1.3190826,5.1832561,1.5180168,0.5523349,0.68490493,0.47521734,0
-4.082983,-3.1735418,-1.2020864,-0.5523349,-0.68490493,-0.47521734,0
3.3516951,0.30388251,0.021575212,0.80032009,-0.59518772,-0.072383195,0
-1.0106157,2.5079973,-1.9177165,0.23326789,0.42030585,-0.87688613,0
-0.87121356,-2.3535359,-4.210845,0.23326789,0.42030585,-0.87688613,0
-3.8459508,-0.54902601,-3.47067,-0.80032009,0.59518772,0.072383195,0
-1.22132,2.7720015,-1.7588089,-0.80032009,0.59518772,0.072383195,0
1.2822524,1.0573924,-2.0030699,0.23326789,0.42030585,-0.87688613,0
-2.2755961,-4.0798059,-1.9966245,-0.5523349,-0.68490493,-0.47521734,0
-2.1423683,-4.9347434,-0.9192977,-0.5523349,-0.68490493,-0.47521734,0
-4.4659557,-1.6328194,-1.4141393,-0.80032009,0.59518772,0.072383195,0
2.2268646,3.4732304,-0.59383488,0.23326789,0.42030585,-0.87688613,0
-2.390862,0.7516681,1.9225662,-0.80032009,0.59518772,0.072383195,0
-2.3792019,0.98198462,0.15765625,-0.80032009,0.59518772,0.072383195,0
1.964994,4.7345018,1.4140525,0.5523349,0.68490493,0.47521734,0
-2.3696489,-3.3456478,-2.9454103,-0.5523349,-0.68490493,-0.47521734,0
2.7900705,-0.40488383,-0.36014473,0.80032009,-0.59518772,-0.072383195,0
-1.2251018,-5.7517052,-0.78926468,0.80032009,-0.59518772,-0.072383195,0
0.54486537,-3.526866,1.3054578,-0.23326789,-0.42030585,0.87688613,0
-1.6425238,1.8456708,1.2010335,-0.80032009,0.59518772,0.072383195,0
-2.0956643,-2.4497313,-4.5550938,-0.5523349,-0.68490493,-0.47521734,0
3.5371208,2.9771891,2.119523,0.5523349,0.68490493,0.47521734,0
1.8021982,1.8757718,-1.4724919,0.23326789,0.42030585,-0.87688613,0
3.4376318,1.74001,4.0182362,0.5523349,0.68490493,0.47521734,0
1.3027909,1.616725,3.972487,-0.23326789,-0.42030585,0.87688613,0
-2.5163512,1.14903,-2.7323341,-0.80032009,0.59518772,0.072383195,0
3.4674468,4.2925453,0.30475187,0.5523349,0.68490493,0.47521734,0
-2.9799035,-4.0133896,0.13460541,-0.23326789,-0.42030585,0.87688613,0
-4.8054781,-2.2585034,-0.023308277,-0.80032009,0.59518772,0.072383195,0
-2.7852879,0.23995447,1.7691987,-0.80032009,0.59518772,0.072383195,0
4.3920579,3.4725051,0.41197586,0.5523349,0.68490493,0.47521734,0
-2.7686315,-4.180963,-1.2777882,-0.5523349,-0.68490493,-0.47521734,0
-1.1684275,2.5006559,1.0572109,-0.80032009,0.59518772,0.072383195,0
-0.42457283,-4.0580664,-4.1793613,-0.5523349,-0.68490493,-0.47521734,0
-3.0364878,-0.1096158,1.8661754,-0.80032009,0.59518772,0.072383195,0
1.5972941,-1.8173362,-1.9341134,0.80032009,-0.59518772,-0.072383195,0
-0.60344112,2.9748902,3.4045978,-0.80032009,0.59518772,0.072383195,0
0.61167336,-3.4739394,0.78996849,0.80032009,-0.59518772,-0.072383195,0
1.0787195,-2.9118114,1.3317358,0.80032009,-0.59518772,-0.072383195,0
-2.1026895,1.293875,0.65038282,-0.80032009,0.59518772,0.072383195,0
1.3747098,-0.099644184,3.1689348,-0.23326789,-0.42030585,0.87688613,0
3.4439948,1.8680749,3.826267,0.5523349,0.68490493,0.47521734,0
2.8597503,-0.30320626,-0.42578393,0.80032009,-0.59518772,-0.072383195,0
1.7390943,4.6046519,1.8637576,0.5523349,0.68490493,0.47521734,0
4.9015136,2.3176363,1.4842958,0.5523349,0.68490493,0.47521734,0
-1.2509627,-4.7732558,-2.1881027,-0.5523349,-0.68490493,-0.47521734,0
-1.7329366,1.818664,0.42343462,-0.80032009,0.59518772,0.072383195,0
-0.063174367,3.1414013,-1.3620784,0.23326789,0.42030585,-0.87688613,0
1.4350924,-0.15288115,3.1594808,-0.23326789,-0.42030585,0.87688613,0
-2.7812655,-0.65953016,-3.9069898,0.23326789,0.42030585,-0.87688613,0
1.6028006,4.0771003,2.7824993,0.5523349,0.68490493,0.47521734,0
-0.9611187,2.8771586,0.25348425,-0.80032009,0.59518772,0.072383195,0
-2.5661192,0.97013021,-1.8115594,-0.80032009,0.59518772,0.072383195,0
-2.8512521,-3.3592534,0.48236704,-0.23326789,-0.42030585,0.87688613,0
-0.26962352,-4.4871507,-0.62291241,0.80032009,-0.59518772,-0.072383195,0
-3.6359007,-0.67789805,-0.088527441,-0.80032009,0.59518772,0.072383195,0
1.0224719,3.4228086,-0.93839312,0.23326789,0.42030585,-0.87688613,0
3.180337,0.33162928,-1.846014,0.23326789,0.42030585,-0.87688613,0
2.7955818,4.6120596,0.62514782,0.5523349,0.68490493,0.47521734,0
0.060317993,0.86574721,3.2820103,-0.23326789,-0.42030585,0.87688613,0
1.5531062,-2.2563164,1.1869316,0.80032009,-0.59518772,-0.072383195,0
-0.070348144,-4.1033802,-1.5752249,0.80032009,-0.59518772,-0.072383195,0
1.938235,5.2831182,0.65446424,0.5523349,0.68490493,0.47521734,0
2.3108039,-0.87739694,-1.7739103,0.80032009,-0.59518772,-0.072383195,0
0.52232873,0.34814167,3.1568167,-0.23326789,-0.42030585,0.87688613,0
-3.4891973,-1.4238801,-4.4139228,-0.5523349,-0.68490493,-0.47521734,0
0.35870844,0.67920685,3.2719758,-0.23326789,-0.42030585,0.87688613,0
-0.80002975,1.5814271,3.396179,-0.23326789,-0.42030585,0.87688613,0
1.341714,3.9939332,3.2058196,0.5523349,0.68490493,0.47521734,0
4.5977678,1.7111006,2.2278662,0.80032009,-0.59518772,-0.072383195,0
-4.2238045,-1.4365277,-0.35079813,-0.80032009,0.59518772,0.072383195,0
3.057446,3.4411488,2.008359,0.5523349,0.68490493,0.47521734,0
3.4107158,2.6681347,2.7118645,0.5523349,0.68490493,0.47521734,0
2.4288282,2.9386315,3.4632392,0.5523349,0.68490493,0.47521734,0
-3.8501761,-1.8534887,-3.3751934,-0.5523349,-0.68490493,-0.47521734,0
3.5348806,3.0917716,1.956986,0.5523349,0.68490493,0.47521734,0
0.41244778,-2.6307743,-4.0022516,0.23326789,0.42030585,-0.87688613,0
-2.2459006,-2.1277938,-4.4683352,0.23326789,0.42030585,-0.87688613,0
3.948174,1.0125113,0.7898078,0.80032009,-0.59518772,-0.072383195,0
-2.9965425,0.3374691,-1.3684195,-0.80032009,0.59518772,0.072383195,0
-2.0987666,-3.8097954,-2.5913019,-0.5523349,-0.68490493,-0.47521734,0
3.1322711,4.5906181,0.26472425,0.5523349,0.68490493,0.47521734,0
1.3355178,-2.0553217,-2.8716054,0.80032009,-0.59518772,-0.072383195,0
3.6547954,2.1378891,-0.85402918,0.23326789,0.42030585,-0.87688613,0
-4.1995058,-1.8965726,-2.9070807,-0.5523349,-0.68490493,-0.47521734,0
2.6790576,1.8376565,4.4444952,-0.23326789,-0.42030585,0.87688613,0
1.0506319,3.3548381,4.46523,0.5523349,0.68490493,0.47521734,0
-0.76034999,3.0299089,-1.6009805,0.23326789,0.42030585,-0.87688613,0
-3.1400352,0.30338526,-2.6747155,-0.80032009,0.59518772,0.072383195,0
-0.64653093,-3.9619853,-4.0598607,-0.5523349,-0.68490493,-0.47521734,0
3.3043957,2.1115599,3.6375992,0.5523349,0.68490493,0.47521734,0
2.5294311,4.3176036,1.3588734,0.5523349,0.68490493,0.47521734,0
-0.081706494,0.064029694,2.8599532,-0.23326789,-0.42030585,0.87688613,0
1.4896301,5.2401447,1.237803,0.5523349,0.68490493,0.47521734,0
-2.5211172,-3.0178094,-3.241859,-0.5523349,-0.68490493,-0.47521734,0
-0.070433497,-3.8283112,-3.8379838,0.80032009,-0.59518772,-0.072383195,0
1.380347,4.2636566,-0.4401598,0.23326789,0.42030585,-0.87688613,0
4.1194882,1.3783051,-0.32384467,0.80032009,-0.59518772,-0.072383195,0
-4.4514494,-1.7087536,-2.8849461,-0.5523349,-0.68490493,-0.47521734,0
0.26115084,3.7853708,-0.96713686,0.23326789,0.42030585,-0.87688613,0
-0.62158328,-3.5006542,-4.6942711,0.23326789,0.42030585,-0.87688613,0
1.4299998,4.8055377,1.933486,0.5523349,0.68490493,0.47521734,0
-3.560822,-0.37241077,-1.7703435,-0.80032009,0.59518772,0.072383195,0
-0.048732281,-3.9301629,-2.7605414,0.80032009,-0.59518772,-0.072383195,0
-0.052748621,-0.41179347,2.6395864,-0.23326789,-0.42030585,0.87688613,0
-1.7382511,2.1400259,-2.2777936,-0.80032009,0.59518772,0.072383195,0
-3.0210657,-4.055387,-1.1653743,-0.5523349,-0.68490493,-0.47521734,0
-0.84092569,-5.327879,-0.026553154,0.80032009,-0.59518772,-0.072383195,0
-0.87776399,-5.2929311,-0.72122717,0.80032009,-0.59518772,-0.072383195,0
3.1305287,4.0816689,-0.061809063,0.23326789,0.42030585,-0.87688613,0
-3.6935635,-3.5108356,0.18564081,-0.23326789,-0.42030585,0.87688613,0
-0.10655254,3.5497158,4.1719131,-0.80032009,0.59518772,0.072383195,0
2.0910165,0.46124125,-2.0736682,0.23326789,0.42030585,-0.87688613,0
-2.8919876,0.34850359,-3.4532769,0.23326789,0.42030585,-0.87688613,0
2.9461594,3.8741794,1.5136023,0.5523349,0.68490493,0.47521734,0
3.3931208,0.41274536,-0.41553903,0.80032009,-0.59518772,-0.072383195,0
0.52873236,-2.4161446,-3.8684425,0.23326789,0.42030585,-0.87688613,0
-1.1537819,-3.9414334,0.65487766,-0.23326789,-0.42030585,0.87688613,0
-3.2629986,-0.28374428,0.79352367,-0.80032009,0.59518772,0.072383195,0
0.12631524,4.3216534,0.39923048,-0.80032009,0.59518772,0.072383195,0
-2.4306943,0.71985245,1.743762,-0.80032009,0.59518772,0.072383195,0
2.3143899,-1.1081183,0.16289899,0.80032009,-0.59518772,-0.072383195,0
-0.66408753,3.1211421,1.5314598,-0.80032009,0.59518772,0.072383195,0
1.1790344,2.8456702,-1.173377,0.23326789,0.42030585,-0.87688613,0
-3.1039035,0.382339,-2.9244325,-0.80032009,0.59518772,0.072383195,0
2.2761903,5.2155428,0.3590579,0.5523349,0.68490493,0.47521734,0
-1.3112786,-5.4025249,-0.087344646,-0.23326789,-0.42030585,0.87688613,0
-1.0085335,-0.1937058,-3.2121325,0.23326789,0.42030585,-0.87688613,0
0.39126551,-2.1793714,1.9104736,-0.23326789,-0.42030585,0.87688613,0
0.98757696,4.038168,3.5536718,0.5523349,0.68490493,0.47521734,0
-2.8423181,-3.6507883,-1.9562559,-0.5523349,-0.68490493,-0.47521734,0
-1.0040437,-3.5742335,-4.203177,-0.5523349,-0.68490493,-0.47521734,0
1.4204154,3.9845216,3.1279111,0.5523349,0.68490493,0.47521734,0
0.26424479,3.6404777,4.6662321,-0.23326789,-0.42030585,0.87688613,0
2.2484629,1.0714774,3.9627066,-0.23326789,-0.42030585,0.87688613,0
-1.3149271,2.2657878,1.3686649,-0.80032009,0.59518772,0.072383195,0
-1.2329457,2.2101917,2.7322628,-0.80032009,0.59518772,0.072383195,0
-3.5572908,-0.71142179,1.0562974,-0.80032009,0.59518772,0.072383195,0
-2.2614951,0.98537648,1.431217,-0.80032009,0.59518772,0.072383195,0
-2.0274076,-1.240494,1.7170811,-0.23326789,-0.42030585,0.87688613,0
1.2041121,5.7012796,0.90504503,0.5523349,0.68490493,0.47521734,0
1.0605451,3.356894,4.4507451,0.5523349,0.68490493,0.47521734,0
3.4879975,0.12631416,2.9887292,0.80032009,-0.59518772,-0.072383195,0
3.3815928,0.063029766,2.3326142,0.80032009,-0.59518772,-0.072383195,0
0.27134842,-2.8046379,-4.1231227,0.23326789,0.42030585,-0.87688613,0
1.6087019,-2.2442448,1.7023757,0.80032009,-0.59518772,-0.072383195,0
3.1187105,0.97448087,-1.5542785,0.23326789,0.42030585,-0.87688613,0
2.2043104,-0.3394165,3.2746975,-0.23326789,-0.42030585,0.87688613,0
3.3523643,4.4116435,0.26686001,0.5523349,0.68490493,0.47521734,0
2.7664039,-0.67371655,1.5887194,0.80032009,-0.59518772,-0.072383195,0
-1.1662674,2.4294195,1.6668557,-0.80032009,0.59518772,0.072383195,0
2.2440226,-0.97358024,-1.7214031,0.80032009,-0.59518772,-0.072383195,0
4.1801414,2.7397077,1.7144232,0.5523349,0.68490493,0.47521734,0
0.54723382,4.90418,0.26324654,-0.80032009,0.59518772,0.072383195,0
-2.5949116,-2.2373326,-4.2809467,-0.5523349,-0.68490493,-0.47521734,0
-4.9863949,-2.4315128,-0.6010437,-0.80032009,0.59518772,0.072383195,0
-0.1969043,-4.2804503,-1.5185175,0.80032009,-0.59518772,-0.072383195,0
-2.3778012,-4.3692136,-1.4607267,-0.5523349,-0.68490493,-0.47521734,0
-2.7920094,-2.5992117,-3.530308,-0.5523349,-0.68490493,-0.47521734,0
-2.6457994,-4.8045855,-0.52175951,-0.5523349,-0.68490493,-0.47521734,0
2.7251291,3.2191491,2.7145596,0.5523349,0.68490493,0.47521734,0
-3.0786242,-3.9416819,-1.2623529,-0.5523349,-0.68490493,-0.47521734,0
1.6925604,-1.8207933,-0.85235441,0.80032009,-0.59518772,-0.072383195,0
2.5963402,3.012743,3.1617308,0.5523349,0.68490493,0.47521734,0
2.8481936,0.85608482,4.0190048,-0.23326789,-0.42030585,0.87688613,0
-1.4423808,-5.6665087,-0.67822456,-0.5523349,-0.68490493,-0.47521734,0
-2.262902,1.1006482,0.46781385,-0.80032009,0.59518772,0.072383195,0
1.4264399,0.87299323,3.6488972,-0.23326789,-0.42030585,0.87688613,0
0.031720638,-2.6215763,1.6028721,-0.23326789,-0.42030585,0.87688613,0
0.064632416,4.0921664,-0.87236261,0.23326789,0.42030585,-0.87688613,0
0.39074516,-3.5471158,-1.0510607,0.80032009,-0.59518772,-0.072383195,0
0.60591125,0.62862778,3.313493,-0.23326789,-0.42030585,0.87688613,0
-0.1262635,-3.4791887,1.1497774,-0.23326789,-0.42030585,0.87688613,0
-0.53544021,3.2029793,2.2809525,-0.80032009,0.59518772,0.072383195,0
-1.9428298,-2.5228567,-4.5770731,0.23326789,0.42030585,-0.87688613,0
-4.5083761,-1.6305038,-1.9022124,-0.80032009,0.59518772,0.072383195,0
-1.068343,-1.1959095,1.9935801,-0.23326789,-0.42030585,0.87688613,0
1.6836575,4.4204617,-0.28431463,0.23326789,0.42030585,-0.87688613,0
3.3793659,1.7428617,4.0818472,0.5523349,0.68490493,0.47521734,0
-2.9314063,-4.2080717,0.054192543,-0.23326789,-0.42030585,0.87688613,0
-1.9164684,1.7738522,-1.2373488,-0.80032009,0.59518772,0.072383195,0
0.67205405,4.8062878,2.4482913,-0.80032009,0.59518772,0.072383195,0
-2.6897733,-3.8081379,0.31016636,-0.23326789,-0.42030585,0.87688613,0
-4.3638926,-2.3826342,-2.0154839,-0.5523349,-0.68490493,-0.47521734,0
2.7827234,4.5786071,0.68830681,0.5523349,0.68490493,0.47521734,0
-2.9652662,0.12190628,0.74990737,-0.80032009,0.59518772,0.072383195,0
4.9392238,2.4483113,-0.058640003,0.80032009,-0.59518772,-0.072383195,0
-1.0402608,-4.1397271,-3.3460674,-0.5523349,-0.68490493,-0.47521734,0
4.7833114,3.1559656,0.41344213,0.5523349,0.68490493,0.47521734,0
-1.2387947,-1.822952,1.6476853,-0.23326789,-0.42030585,0.87688613,0
-3.7029939,-3.7287812,-0.84350395,-0.5523349,-0.68490493,-0.47521734,0
3.5066996,0.70491946,-1.5622004,0.80032009,-0.59518772,-0.072383195,0
-4.4140706,-1.7725204,0.30825996,-0.80032009,0.59518772,0.072383195,0
2.2412844,2.4314167,4.4122381,0.5523349,0.68490493,0.47521734,0
-3.3783889,-2.5362139,-2.939568,-0.5523349,-0.68490493,-0.47521734,0
-0.058421612,2.7785504,4.1672611,-0.23326789,-0.42030585,0.87688613,0
3.8015552,2.290941,-0.74162865,0.23326789,0.42030585,-0.87688613,0
4.9448352,2.3988032,0.41049099,0.80032009,-0.59518772,-0.072383195,0
-3.057528,-4.4723787,-0.52200794,-0.5523349,-0.68490493,-0.47521734,0
1.3412318,-1.6263068,2.4282749,-0.23326789,-0.42030585,0.87688613,0
-4.5219498,-2.962374,-0.99622917,-0.5523349,-0.68490493,-0.47521734,0
-4.126441,-1.447015,0.8119545,-0.80032009,0.59518772,0.072383195,0
3.6806307,2.1549463,3.1377783,0.5523349,0.68490493,0.47521734,0
3.1581717,4.0117874,1.0688577,0.5523349,0.68490493,0.47521734,0
-2.3732555,0.83728814,1.4132056,-0.80032009,0.59518772,0.072383195,0
1.7995324,-1.5212387,-2.1327515,0.80032009,-0.59518772,-0.072383195,0
-1.3560978,2.5027344,-1.0348949,-0.80032009,0.59518772,0.072383195,0
-2.2018375,1.4122034,-1.4188519,-0.80032009,0.59518772,0.072383195,0
1.8242993,1.0719423,3.8500943,-0.23326789,-0.42030585,0.87688613,0
1.5207444,5.6567841,0.26493645,0.23326789,0.42030585,-0.87688613,0
4.3043404,1.6051797,-0.14552021,0.80032009,-0.59518772,-0.072383195,0
-0.26360989,2.9213481,4.1811218,-0.23326789,-0.42030585,0.87688613,0
-3.9846573,-0.83614421,-2.6434119,-0.80032009,0.59518772,0.072383195,0
2.4049489,3.940819,2.0465946,0.5523349,0.68490493,0.47521734,0
-0.29937875,3.6340051,1.3468082,-0.80032009,0.59518772,0.072383195,0
-1.1798235,-4.2254324,-3.0603337,-0.5523349,-0.68490493,-0.47521734,0
-2.1171634,1.4176668,-0.52755535,-0.80032009,0.59518772,0.072383195,0
0.77066672,4.0736475,3.7546482,0.5523349,0.68490493,0.47521734,0
4.1885986,2.6936123,1.7710285,0.5523349,0.68490493,0.47521734,0
2.7793593,3.545069,2.1817985,0.5523349,0.68490493,0.47521734,0
-2.6120408,0.67738217,0.087890267,-0.80032009,0.59518772,0.072383195,0
1.262604,-2.3736253,-1.0604682,0.80032009,-0.59518772,-0.072383195,0
-3.355063,-0.79556513,-4.1248336,0.23326789,0.42030585,-0.87688613,0
2.8794985,3.8652732,1.6039166,0.5523349,0.68490493,0.47521734,0
-3.8945684,-1.5104902,1.0909681,-0.23326789,-0.42030585,0.87688613,0
1.7640496,-1.5261738,-2.4844947,0.80032009,-0.59518772,-0.072383195,0
-1.0481069,-3.2507703,-4.6181531,-0.5523349,-0.68490493,-0.47521734,0
4.4714966,2.5819867,-0.42390919,0.23326789,0.42030585,-0.87688613,0
-4.4811068,-1.6762971,-1.224154,-0.80032009,0.59518772,0.072383195,0
1.0660573,1.6581875,-1.7726108,0.23326789,0.42030585,-0.87688613,0
-0.57565761,-4.6032228,-3.0522127,0.80032009,-0.59518772,-0.072383195,0
2.4930766,3.7823384,2.1725755,0.5523349,0.68490493,0.47521734,0
-2.5484579,-3.7735553,-2.1208658,-0.5523349,-0.68490493,-0.47521734,0
3.6328979,3.8039021,-0.061307907,0.23326789,0.42030585,-0.87688613,0
1.2998431,5.0937824,-0.06368351,0.23326789,0.42030585,-0.87688613,0
-0.62884116,3.0061989,2.8663137,-0.80032009,0.59518772,0.072383195,0
-0.74208003,-3.2084112,-4.5862484,0.23326789,0.42030585,-0.87688613,0
-0.083049655,-4.0226145,-2.379775,0.80032009,-0.59518772,-0.072383195,0
3.9284635,2.4722698,2.3923864,0.5523349,0.68490493,0.47521734,0
4.5367513,1.6148148,2.3449554,0.80032009,-0.59518772,-0.072383195,0
2.2345281,0.85365367,-1.8474021,0.23326789,0.42030585,-0.87688613,0
0.10398781,-3.9025853,-1.2987223,0.80032009,-0.59518772,-0.072383195,0
-1.8000531,1.0019825,2.852417,-0.23326789,-0.42030585,0.87688613,0
-2.4355464,-2.2562959,-4.4388437,-0.5523349,-0.68490493,-0.47521734,0
4.4588985,1.7850466,0.084387779,0.80032009,-0.59518772,-0.072383195,0
-2.6872218,-4.687562,-0.64227629,-0.5523349,-0.68490493,-0.47521734,0
-0.91688967,-3.391695,0.98139405,-0.23326789,-0.42030585,0.87688613,0
4.6001511,3.0638382,0.75910282,0.5523349,0.68490493,0.47521734,0
-3.6637518,-0.84019232,-4.2283416,0.23326789,0.42030585,-0.87688613,0
-0.71588194,1.7462449,-2.2044322,0.23326789,0.42030585,-0.87688613,0
2.6704955,1.6076891,-1.3700051,0.23326789,0.42030585,-0.87688613,0
-4.0540466,-3.6596744,-0.53508234,-0.5523349,-0.68490493,-0.47521734,0
-0.25131023,-4.1363459,-3.3049984,0.80032009,-0.59518772,-0.072383195,0
1.3021069,-1.326915,2.5613708,-0.23326789,-0.42030585,0.87688613,0
-1.1993494,-1.1837811,1.9645433,-0.23326789,-0.42030585,0.87688613,0
0.17865443,4.4565182,-0.13102531,-0.80032009,0.59518772,0.072383195,0
4.0973582,1.1429782,4.1119194,0.5523349,0.68490493,0.47521734,0
0.018194675,-4.1463671,-0.24276066,0.80032009,-0.59518772,-0.072383195,0
-0.089392781,-4.1081405,-1.7466507,0.80032009,-0.59518772,-0.072383195,0
-1.0310301,-3.4609754,-4.3350439,-0.5523349,-0.68490493,-0.47521734,0
-4.7381535,-2.9482665,-0.76527309,-0.5523349,-0.68490493,-0.47521734,0
3.8457415,2.6876907,-0.53970528,0.23326789,0.42030585,-0.87688613,0
-0.77452207,0.08901763,2.6876283,-0.23326789,-0.42030585,0.87688613,0
3.7441027,0.84094357,-0.055794716,0.80032009,-0.59518772,-0.072383195,0
-1.5422142,0.89193678,-2.8337355,0.23326789,0.42030585,-0.87688613,0
1.5007877,3.6116195,3.5719404,0.5523349,0.68490493,0.47521734,0
-2.8697491,0.58346796,-1.9892845,-0.80032009,0.59518772,0.072383195,0
2.2818837,-0.41199279,-2.4414494,0.23326789,0.42030585,-0.87688613,0
-0.95249391,-3.4677787,-4.4165201,-0.5523349,-0.68490493,-0.47521734,0
-2.5552235,-4.6798205,-0.80685234,-0.5523349,-0.68490493,-0.47521734,0
-0.061343312,-3.7305026,-4.5417275,0.80032009,-0.59518772,-0.072383195,0
-1.3688282,-3.5142469,0.80242872,-0.23326789,-0.42030585,0.87688613,0
0.63275564,2.3762865,4.1583157,-0.23326789,-0.42030585,0.87688613,0
-1.4998789,1.9236456,2.1370506,-0.80032009,0.59518772,0.072383195,0
0.030443072,-1.9183247,1.9396122,-0.23326789,-0.42030585,0.87688613,0
0.73702747,-2.8461735,-2.9859762,0.80032009,-0.59518772,-0.072383195,0
0.17731881,3.9606032,3.9319801,-0.80032009,0.59518772,0.072383195,0
-4.6025648,-1.7051433,-2.3298855,-0.80032009,0.59518772,0.072383195,0
3.7855377,1.7546182,3.592818,0.5523349,0.68490493,0.47521734,0
1.2408307,4.6572437,2.3670816,0.5523349,0.68490493,0.47521734,0
2.13394,-1.2924916,-0.3162328,0.80032009,-0.59518772,-0.072383195,0
1.749462,0.79407072,3.6969981,-0.23326789,-0.42030585,0.87688613,0
1.5537471,-1.8895676,2.3586228,-0.23326789,-0.42030585,0.87688613,0
1.6173797,0.44004488,3.4921713,-0.23326789,-0.42030585,0.87688613,0
-2.4585869,-4.2547841,0.15758133,-0.23326789,-0.42030585,0.87688613,0
1.6835798,4.6050506,-0.19585943,0.23326789,0.42030585,-0.87688613,0
-1.5365078,-2.2955892,-4.3600502,0.23326789,0.42030585,-0.87688613,0
2.3620112,-1.1513339,1.0447838,0.80032009,-0.59518772,-0.072383195,0
2.1297147,4.655159,1.3369532,0.5523349,0.68490493,0.47521734,0
4.6383843,2.4630373,1.5805669,0.5523349,0.68490493,0.47521734,0
-3.647773,-0.52575457,-1.4708312,-0.80032009,0.59518772,0.072383195,0
-0.8453635,-4.6696444,-2.8088512,-0.5523349,-0.68490493,-0.47521734,0
-1.0332553,2.8553772,-0.36500764,-0.80032009,0.59518772,0.072383195,0
3.8316836,4.009922,0.28873682,0.5523349,0.68490493,0.47521734,0
2.0677166,3.5087414,3.0612822,0.5523349,0.68490493,0.47521734,0
-0.88332623,-1.9082811,-4.0006495,0.23326789,0.42030585,-0.87688613,0
-2.0303228,1.3107994,1.3113567,-0.80032009,0.59518772,0.072383195,0
4.4636345,3.2577038,0.63836622,0.5523349,0.68490493,0.47521734,0
2.7595897,0.55786276,-1.849503,0.23326789,0.42030585,-0.87688613,0
-1.3846312,-3.9249706,-3.2553306,-0.5523349,-0.68490493,-0.47521734,0
-2.3678091,0.176929,-3.3960741,0.23326789,0.42030585,-0.87688613,0
0.049720764,-4.1649046,0.86791801,-0.23326789,-0.42030585,0.87688613,0
-4.1064615,-0.7997508,-4.2894144,-0.80032009,0.59518772,0.072383195,0
-2.5939996,0.78290939,-0.58035648,-0.80032009,0.59518772,0.072383195,0
0.65349758,3.5488262,4.6472273,0.5523349,0.68490493,0.47521734,0
-2.9469287,0.18628739,0.42327166,-0.80032009,0.59518772,0.072383195,0
-0.99931479,2.8096716,0.38609004,-0.80032009,0.59518772,0.072383195,0
0.43898034,4.8347192,-0.3625226,-0.80032009,0.59518772,0.072383195,0
1.4281629,5.7109032,0.63076591,0.5523349,0.68490493,0.47521734,0
-3.7532291,-0.56291723,-2.3312495,-0.80032009,0.59518772,0.072383195,0
0.21450227,3.9458587,4.4643488,-0.80032009,0.59518772,0.072383195,0
-3.8228228,-4.0860648,-0.12446117,-0.23326789,-0.42030585,0.87688613,0
1.1618732,3.0918784,4.6420655,-0.23326789,-0.42030585,0.87688613,0
2.234261,-1.2010921,0.041434214,0.80032009,-0.59518772,-0.072383195,0
3.8466964,2.4045286,2.5850539,0.5523349,0.68490493,0.47521734,0
-1.588124,-3.6079774,-3.4756789,-0.5523349,-0.68490493,-0.47521734,0
-1.2744442,-2.1360898,1.4881096,-0.23326789,-0.42030585,0.87688613,0
0.80140114,-3.1665289,0.35997868,0.80032009,-0.59518772,-0.072383195,0
1.2902861,-2.162601,-2.489593,0.80032009,-0.59518772,-0.072383195,0
5.1985216,3.0010448,-0.029645443,0.23326789,0.42030585,-0.87688613,0
-4.7123098,-2.910244,0.20250893,-0.23326789,-0.42030585,0.87688613,0
-0.62542701,-4.4974585,-3.3126411,-0.5523349,-0.68490493,-0.47521734,0
3.145925,2.9101522,2.6708188,0.5523349,0.68490493,0.47521734,0
0.6873188,2.595279,4.2777967,-0.23326789,-0.42030585,0.87688613,0
-1.5691479,-1.4361141,-3.9567728,0.23326789,0.42030585,-0.87688613,0
-0.32300556,-2.3252521,1.6505412,-0.23326789,-0.42030585,0.87688613,0
-0.007212162,3.9238701,2.1937218,-0.80032009,0.59518772,0.072383195,0
-0.71788794,-2.5760934,-4.2767324,0.23326789,0.42030585,-0.87688613,0
