-3.8291738,-0.65284646,1.7338276,-0.056672275,-0.090489149,0.99428368,0
1.2494171,-3.7070394,-2.2776599,0.056672275,0.090489149,-0.99428368,0
1.2062113,1.7165301,-1.7865263,0.056672275,0.090489149,-0.99428368,0
-4.6205616,-3.5668323,-2.3907704,-0.16532195,-0.98128551,-0.098729342,0
-0.41347408,-4.5280013,0.11767435,-0.16532195,-0.98128551,-0.098729342,0
1.5350209,-2.029603,-2.1087182,0.056672275,0.090489149,-0.99428368,0
-4.3793302,0.98957133,-0.4887414,-0.98461008,0.16997218,-0.040651917,0
-4.7698498,-1.3541946,-0.82982945,-0.98461008,0.16997218,-0.040651917,0
4.0860052,-3.2953453,-2.0475793,0.98461008,-0.16997218,0.040651917,0
-4.9459438,-2.275131,-0.41530633,-0.98461008,0.16997218,-0.040651917,0
-2.4262896,4.5489831,-1.7357922,0.056672275,0.090489149,-0.99428368,0
-3.9399416,1.6242625,1.9347522,-0.056672275,-0.090489149,0.99428368,0
-1.9899864,-4.1681824,-0.8187567,-0.16532195,-0.98128551,-0.098729342,0
-0.1645447,3.4467437,-1.7071909,0.056672275,0.090489149,-0.99428368,0
4.1213918,-3.0468988,-1.8658667,0.98461008,-0.16997218,0.040651917,0
3.099622,4.0541363,0.09419176,0.16532195,0.98128551,0.098729342,0
-3.0066206,-3.965771,-1.1281993,-0.16532195,-0.98128551,-0.098729342,0
3.7410672,-3.5680466,1.9000063,-0.056672275,-0.090489149,0.99428368,0
-5.1499977,-3.2171676,0.58816886,-0.98461008,0.16997218,-0.040651917,0
1.9267025,4.1811004,0.79632837,0.16532195,0.98128551,0.098729342,0
2.6231842,4.2328591,-0.88436687,0.16532195,0.98128551,0.098729342,0
-4.3365545,-2.3573556,1.549781,-0.056672275,-0.090489149,0.99428368,0
0.7796936,4.5345421,-0.79592025,0.16532195,0.98128551,0.098729342,0
1.8942611,3.0649695,-1.624588,0.056672275,0.090489149,-0.99428368,0
-0.32574272,2.9436266,2.2608297,-0.056672275,-0.090489149,0.99428368,0
1.9263012,-4.9619517,0.5128274,-0.16532195,-0.98128551,-0.098729342,0
-3.5980716,-3.3714542,-2.5234163,0.056672275,0.090489149,-0.99428368,0
3.2864535,-5.1630816,0.23431396,-0.16532195,-0.98128551,-0.098729342,0
-4.7997823,-1.0350702,1.2294743,-0.98461008,0.16997218,-0.040651917,0
-0.73013908,-2.3854978,1.7527791,-0.056672275,-0.090489149,0.99428368,0
1.8467686,4.2898483,-0.1506862,0.16532195,0.98128551,0.098729342,0
0.22882056,4.1127319,-1.6241587,0.056672275,0.090489149,-0.99428368,0
3.8985631,-3.7972553,0.39379644,0.98461008,-0.16997218,0.040651917,0
-5.1904044,-3.4713149,0.50421548,-0.98461008,0.16997218,-0.040651917,0
-4.5414023,0.5385071,1.5507593,-0.98461008,0.16997218,-0.040651917,0
2.0475006,3.538523,-1.5727557,0.056672275,0.090489149,-0.99428368,0
0.95907485,0.15258121,2.0800505,-0.056672275,-0.090489149,0.99428368,0
-2.9427657,-3.8488562,-2.3971601,-0.16532195,-0.98128551,-0.098729342,0
3.7403717,-1.4277382,-1.9282417,0.056672275,0.090489149,-0.99428368,0
3.6823857,-5.0280886,0.48340178,0.98461008,-0.16997218,0.040651917,0
-5.0331759,-3.2819822,-2.512321,-0.98461008,0.16997218,-0.040651917,0
-4.0526757,-1.1684592,1.6741626,-0.056672275,-0.090489149,0.99428368,0
-4.4766455,0.90981048,1.5348005,-0.98461008,0.16997218,-0.040651917,0
3.0015717,-2.9452083,1.9145408,-0.056672275,-0.090489149,0.99428368,0
-4.6548166,-0.66314793,-0.72659659,-0.98461008,0.16997218,-0.040651917,0
0.79737711,4.5565801,-1.5513576,0.056672275,0.090489149,-0.99428368,0
4.8492908,2.1493695,2.2304678,0.98461008,-0.16997218,0.040651917,0
4.1150961,-0.52279019,2.1984727,-0.056672275,-0.090489149,0.99428368,0
1.3861475,4.2164469,1.3501754,0.16532195,0.98128551,0.098729342,0
-0.35718536,-4.6353335,1.0902097,-0.16532195,-0.98128551,-0.098729342,0
4.4023333,-0.9027878,0.29446077,0.98461008,-0.16997218,0.040651917,0
4.0965171,-3.0293126,-1.1898723,0.98461008,-0.16997218,0.040651917,0
-4.4150372,1.0360609,0.57048178,-0.98461008,0.16997218,-0.040651917,0
-0.96615648,-2.2157483,-2.2682219,0.056672275,0.090489149,-0.99428368,0
-4.3029361,-2.9472785,1.4980087,-0.056672275,-0.090489149,0.99428368,0
-4.3092785,-3.2858431,1.4668349,-0.056672275,-0.090489149,0.99428368,0
-1.5018685,4.7598524,0.78515911,0.16532195,0.98128551,0.098729342,0
1.111258,-4.0972314,1.7019513,-0.056672275,-0.090489149,0.99428368,0
-4.3345594,1.2642184,-0.42476273,-0.98461008,0.16997218,-0.040651917,0
-2.2008121,-3.1702652,-2.4254649,0.056672275,0.090489149,-0.99428368,0
3.7012053,4.0814838,-1.1849693,0.16532195,0.98128551,0.098729342,0
4.8123436,1.5892301,0.78331733,0.98461008,-0.16997218,0.040651917,0
-3.2185793,5.1058292,0.22106934,0.16532195,0.98128551,0.098729342,0
-4.7521391,-0.81164902,1.0096962,-0.98461008,0.16997218,-0.040651917,0
-4.8334241,-1.4082606,0.48391676,-0.98461008,0.16997218,-0.040651917,0
2.0676847,4.3037167,-0.6584484,0.16532195,0.98128551,0.098729342,0
-2.8795948,-3.917357,-1.8220985,-0.16532195,-0.98128551,-0.098729342,0
-2.1883199,5.0902681,-1.3494315,0.16532195,0.98128551,0.098729342,0
1.5697098,4.0910015,2.289619,0.16532195,0.98128551,0.098729342,0
-0.56763554,-4.4086723,-0.81020904,-0.16532195,-0.98128551,-0.098729342,0
0.9373647,0.84024131,-1.8816006,0.056672275,0.090489149,-0.99428368,0
3.6936502,-4.837122,1.0090418,0.98461008,-0.16997218,0.040651917,0
-2.2454209,-1.6294792,1.7352157,-0.056672275,-0.090489149,0.99428368,0
4.7162638,2.7291903,-1.4942981,0.056672275,0.090489149,-0.99428368,0
2.3580601,3.9404454,2.46593,0.16532195,0.98128551,0.098729342,0
-5.1775413,-3.2700818,1.0340526,-0.98461008,0.16997218,-0.040651917,0
-5.0610018,-3.3883321,-2.2830157,-0.98461008,0.16997218,-0.040651917,0
-3.6964741,-3.8194313,-1.4275323,-0.16532195,-0.98128551,-0.098729342,0
-2.9758995,2.6495583,-1.9399848,0.056672275,0.090489149,-0.99428368,0
-4.7592287,-1.1632215,-0.28856945,-0.98461008,0.16997218,-0.040651917,0
4.0232558,-0.093356363,-1.7906764,0.056672275,0.090489149,-0.99428368,0
-3.7986102,4.8930054,1.766808,-0.98461008,0.16997218,-0.040651917,0
-3.9560812,3.6631238,0.43850374,-0.98461008,0.16997218,-0.040651917,0
2.6725092,4.1340075,0.015538603,0.16532195,0.98128551,0.098729342,0
2.5782795,4.1339555,0.17384245,0.16532195,0.98128551,0.098729342,0
2.1034093,4.3116674,-0.7972914,0.16532195,0.98128551,0.098729342,0
0.94540632,-1.0702949,1.967978,-0.056672275,-0.090489149,0.99428368,0
4.735498,1.4536424,2.0776446,0.98461008,-0.16997218,0.040651917,0
-1.8355106,4.6609826,-1.6919258,0.056672275,0.090489149,-0.99428368,0
3.6744843,-0.48263454,2.1770134,-0.056672275,-0.090489149,0.99428368,0
4.6135392,0.1989994,-0.21431923,0.98461008,-0.16997218,0.040651917,0
-1.7780328,-4.4012184,1.1425104,-0.16532195,-0.98128551,-0.098729342,0
1.0672121,2.474643,-1.7254534,0.056672275,0.090489149,-0.99428368,0
4.5182533,3.6265655,1.9683893,0.16532195,0.98128551,0.098729342,0
-2.0727313,-4.152153,-0.83951843,-0.16532195,-0.98128551,-0.098729342,0
-0.58693743,-4.5153675,0.28256965,-0.16532195,-0.98128551,-0.098729342,0
-4.3674188,-3.9311135,0.80599129,-0.16532195,-0.98128551,-0.098729342,0
-3.8011379,4.336544,-0.49861622,-0.98461008,0.16997218,-0.040651917,0
-0.35924363,4.6001806,0.45883775,0.16532195,0.98128551,0.098729342,0
3.5536921,3.3365505,2.5177102,-0.056672275,-0.090489149,0.99428368,0
5.0959983,2.9212286,-0.51764178,0.98461008,-0.16997218,0.040651917,0
-3.7211108,4.6246629,-1.232264,-0.98461008,0.16997218,-0.040651917,0
3.7992702,-4.6396418,-0.72343826,0.98461008,-0.16997218,0.040651917,0
-3.2492568,-3.9402092,-0.97597057,-0.16532195,-0.98128551,-0.098729342,0
-4.5426092,0.22792518,0.2813983,-0.98461008,0.16997218,-0.040651917,0
-4.2733941,1.5118253,-0.87094307,-0.98461008,0.16997218,-0.040651917,0
-3.5393648,-3.1511068,-2.5000165,0.056672275,0.090489149,-0.99428368,0
-3.7542005,4.5479422,-0.75159216,-0.98461008,0.16997218,-0.040651917,0
4.8985906,2.2860532,1.6079009,0.98461008,-0.16997218,0.040651917,0
4.4940109,-0.072768211,1.5444129,0.98461008,-0.16997218,0.040651917,0
2.9159465,-5.0855708,0.084332943,-0.16532195,-0.98128551,-0.098729342,0
4.9918227,2.4487641,-1.5041132,0.056672275,0.090489149,-0.99428368,0
4.3331838,2.5532904,2.4908557,-0.056672275,-0.090489149,0.99428368,0
4.2702913,-1.8848091,-0.61341619,0.98461008,-0.16997218,0.040651917,0
2.7626772,-4.8557191,-1.9435472,-0.16532195,-0.98128551,-0.098729342,0
-1.0423241,4.5680165,1.9223411,0.16532195,0.98128551,0.098729342,0
4.9153023,1.8598491,-0.57888532,0.98461008,-0.16997218,0.040651917,0
-1.6353619,-0.76563692,-2.1743915,0.056672275,0.090489149,-0.99428368,0
-4.2648907,1.7186878,-0.21197367,-0.98461008,0.16997218,-0.040651917,0
2.593765,-5.0020275,-0.20652199,-0.16532195,-0.98128551,-0.098729342,0
-0.9907856,-4.37077,-0.47836387,-0.16532195,-0.98128551,-0.098729342,0
0.97199106,-1.7484421,-2.1152215,0.056672275,0.090489149,-0.99428368,0
5.0601144,3.2112875,1.564268,0.98461008,-0.16997218,0.040651917,0
-1.5710992,-2.2453935,1.7175968,-0.056672275,-0.090489149,0.99428368,0
-1.0881107,-4.4303532,0.27681339,-0.16532195,-0.98128551,-0.098729342,0
-0.48145127,4.7303195,-0.62999392,0.16532195,0.98128551,0.098729342,0
1.2972533,3.5044594,-1.6186186,0.056672275,0.090489149,-0.99428368,0
-3.8305745,4.0378771,-1.0344281,-0.98461008,0.16997218,-0.040651917,0
1.0886461,0.60734379,-1.8941736,0.056672275,0.090489149,-0.99428368,0
-4.075983,-3.8430767,-0.55703193,-0.16532195,-0.98128551,-0.098729342,0
1.3095059,0.8854962,-1.8562707,0.056672275,0.090489149,-0.99428368,0
4.9062576,1.8747658,-0.2974515,0.98461008,-0.16997218,0.040651917,0
-1.9277396,-4.015203,-2.4434714,-0.16532195,-0.98128551,-0.098729342,0
4.147625,-2.8302083,-1.595233,0.98461008,-0.16997218,0.040651917,0
1.7818437,-4.9796276,0.930408,-0.16532195,-0.98128551,-0.098729342,0
-4.6272178,-1.8794998,1.5767033,-0.056672275,-0.090489149,0.99428368,0
-2.3119752,4.8261704,-1.7040501,0.056672275,0.090489149,-0.99428368,0
-4.4450808,0.47291827,-1.0564404,-0.98461008,0.16997218,-0.040651917,0
4.5671978,0.26561165,1.1866164,0.98461008,-0.16997218,0.040651917,0
-2.5361392,-0.95603538,-2.2430623,0.056672275,0.090489149,-0.99428368,0
0.7406075,-3.144877,-2.2554989,0.056672275,0.090489149,-0.99428368,0
3.1101563,-0.37834695,-1.8686583,0.056672275,0.090489149,-0.99428368,0
3.7784605,3.7776239,1.7057748,0.16532195,0.98128551,0.098729342,0
3.9470615,-3.5378399,0.30378103,0.98461008,-0.16997218,0.040651917,0
-0.41040206,2.4780354,2.2136309,-0.056672275,-0.090489149,0.99428368,0
-3.7389221,4.5672636,-1.0408463,-0.98461008,0.16997218,-0.040651917,0
-3.1291213,-3.926352,-1.3148607,-0.16532195,-0.98128551,-0.098729342,0
2.854383,2.9516678,2.4428229,-0.056672275,-0.090489149,0.99428368,0
-3.8278413,-3.7219231,-2.1767075,-0.16532195,-0.98128551,-0.098729342,0
-4.7925644,-1.0708253,0.90515184,-0.98461008,0.16997218,-0.040651917,0
0.79162478,-4.647378,-0.71375394,-0.16532195,-0.98128551,-0.098729342,0
-3.1411548,-1.5865123,-2.3349261,0.056672275,0.090489149,-0.99428368,0
4.1034617,-0.093024731,2.236922,-0.056672275,-0.090489149,0.99428368,0
1.6732936,-4.8002038,-0.67115021,-0.16532195,-0.98128551,-0.098729342,0
-4.5919161,0.28404114,1.7102656,-0.98461008,0.16997218,-0.040651917,0
-4.5783095,-3.7315481,-0.82438743,-0.16532195,-0.98128551,-0.098729342,0
-4.2388539,1.7781618,-0.59392405,-0.98461008,0.16997218,-0.040651917,0
-0.11985856,0.35876846,-1.9856789,0.056672275,0.090489149,-0.99428368,0
3.8663137,-4.0477343,0.12759876,0.98461008,-0.16997218,0.040651917,0
-2.693588,-3.6714203,-2.4991622,0.056672275,0.090489149,-0.99428368,0
1.9810936,1.5312949,-1.7592175,0.056672275,0.090489149,-0.99428368,0
0.22700572,4.5912867,-0.43444061,0.16532195,0.98128551,0.098729342,0
3.7886372,3.2466908,-1.5000734,0.056672275,0.090489149,-0.99428368,0
-4.750124,-1.3625185,-1.3423874,-0.98461008,0.16997218,-0.040651917,0
3.5056672,4.136436,-1.4037203,0.16532195,0.98128551,0.098729342,0
-1.5712512,4.7418857,1.0799155,0.16532195,0.98128551,0.098729342,0
0.99916345,-0.8269515,1.9931886,-0.056672275,-0.090489149,0.99428368,0
4.3053589,-1.8840634,-1.4596467,0.98461008,-0.16997218,0.040651917,0
5.0652466,3.6688752,0.63192689,0.16532195,0.98128551,0.098729342,0
4.0004892,-0.92723584,2.1551318,-0.056672275,-0.090489149,0.99428368,0
-1.7915897,1.7196846,2.0658889,-0.056672275,-0.090489149,0.99428368,0
0.0043457747,-3.0430026,1.7348044,-0.056672275,-0.090489149,0.99428368,0
-4.434526,0.8984803,0.46726036,-0.98461008,0.16997218,-0.040651917,0
0.028808832,4.6977291,-1.160507,0.16532195,0.98128551,0.098729342,0
4.446558,-0.75263333,-0.14887476,0.98461008,-0.16997218,0.040651917,0
-3.997067,-2.5897181,-2.4750133,0.056672275,0.090489149,-0.99428368,0
2.1152363,4.2473536,-0.17787337,0.16532195,0.98128551,0.098729342,0
-1.2006274,3.6003213,-1.752269,0.056672275,0.090489149,-0.99428368,0
2.8189404,0.26952842,-1.8262943,0.056672275,0.090489149,-0.99428368,0
-1.5929852,1.9147469,2.0949616,-0.056672275,-0.090489149,0.99428368,0
1.31218,0.70540494,-1.8725082,0.056672275,0.090489149,-0.99428368,0
-1.2616901,-4.2146673,-1.5762625,-0.16532195,-0.98128551,-0.098729342,0
3.8318479,-0.09243127,-1.801502,0.056672275,0.090489149,-0.99428368,0
-3.5401902,5.1377492,0.44235277,0.16532195,0.98128551,0.098729342,0
-0.65857553,-4.5880566,1.1249971,-0.16532195,-0.98128551,-0.098729342,0
-1.5027966,-4.1005678,-2.3065822,-0.16532195,-0.98128551,-0.098729342,0
4.4791384,-0.24909925,1.1673691,0.98461008,-0.16997218,0.040651917,0
4.1305113,3.8482625,0.41418111,0.16532195,0.98128551,0.098729342,0
-4.5409083,-0.066110849,-0.98921442,-0.98461008,0.16997218,-0.040651917,0
0.58037698,-2.4208589,1.824258,-0.056672275,-0.090489149,0.99428368,0
-4.8167696,-1.9818323,-2.3176413,-0.98461008,0.16997218,-0.040651917,0
-1.3307972,4.8912454,-0.80723786,0.16532195,0.98128551,0.098729342,0
1.265584,-4.622664,-1.7530398,-0.16532195,-0.98128551,-0.098729342,0
-2.6010628,-2.0498242,1.6766894,-0.056672275,-0.090489149,0.99428368,0
-3.3412757,-1.622577,-2.3496151,0.056672275,0.090489149,-0.99428368,0
-3.3751867,-3.8381286,-1.779696,-0.16532195,-0.98128551,-0.098729342,0
0.68579584,-2.3267083,1.8388354,-0.056672275,-0.090489149,0.99428368,0
-4.389061,-3.0778332,1.481218,-0.056672275,-0.090489149,0.99428368,0
1.7268163,0.66707206,2.170634,-0.056672275,-0.090489149,0.99428368,0
4.242835,-1.9595134,-0.26075649,0.98461008,-0.16997218,0.040651917,0
4.9273262,1.9361347,-0.55116367,0.98461008,-0.16997218,0.040651917,0
-4.2603974,1.7336318,-0.25831318,-0.98461008,0.16997218,-0.040651917,0
5.1291881,3.486856,1.0434648,0.98461008,-0.16997218,0.040651917,0
-1.1940061,-0.039193869,-2.0831218,0.056672275,0.090489149,-0.99428368,0
-2.61902,4.2732558,-1.7718711,0.056672275,0.090489149,-0.99428368,0
4.9574609,2.181541,-0.25495744,0.98461008,-0.16997218,0.040651917,0
-4.4290957,-0.78778076,1.6873527,-0.056672275,-0.090489149,0.99428368,0
3.0558705,-5.2145138,1.131619,-0.16532195,-0.98128551,-0.098729342,0
-2.2344909,-3.4512143,-2.4529538,0.056672275,0.090489149,-0.99428368,0
-4.3128538,1.9054912,1.7307639,-0.98461008,0.16997218,-0.040651917,0
4.6907654,0.43685824,-1.0902593,0.98461008,-0.16997218,0.040651917,0
-0.33421421,-4.4627838,-0.66325092,-0.16532195,-0.98128551,-0.098729342,0
1.2063541,4.2309222,1.5073652,0.16532195,0.98128551,0.098729342,0
4.0720968,-3.2792919,-1.6436067,0.98461008,-0.16997218,0.040651917,0
-1.8672665,4.1455612,-1.7406442,0.056672275,0.090489149,-0.99428368,0
-0.30175591,4.5736384,0.62638211,0.16532195,0.98128551,0.098729342,0
-3.5960019,3.4858618,-1.8992176,0.056672275,0.090489149,-0.99428368,0
4.1869607,3.8276763,0.52426577,0.16532195,0.98128551,0.098729342,0
-5.0218577,-2.4168067,0.83098936,-0.98461008,0.16997218,-0.040651917,0
3.91447,-4.139246,-1.4213939,0.98461008,-0.16997218,0.040651917,0
-0.15434122,-4.4625196,-0.96707582,-0.16532195,-0.98128551,-0.098729342,0
-3.6932001,4.6546512,-1.7828832,-0.98461008,0.16997218,-0.040651917,0
1.66664,-4.7332425,-1.325552,-0.16532195,-0.98128551,-0.098729342,0
1.4385595,4.4820328,-1.3772933,0.16532195,0.98128551,0.098729342,0
4.8710794,2.013927,1.1364279,0.98461008,-0.16997218,0.040651917,0
-1.6858363,4.856956,0.12808561,0.16532195,0.98128551,0.098729342,0
-3.7162294,4.9383245,-0.039009571,-0.98461008,0.16997218,-0.040651917,0
4.3925772,3.7247121,1.2033383,0.16532195,0.98128551,0.098729342,0
-4.0630078,3.2055953,1.1153226,-0.98461008,0.16997218,-0.040651917,0
5.0158439,2.8627355,1.1791673,0.98461008,-0.16997218,0.040651917,0
-5.0880632,-3.8266726,0.97465372,-0.16532195,-0.98128551,-0.098729342,0
-4.3734565,-3.9383144,0.88766861,-0.16532195,-0.98128551,-0.098729342,0
-0.52517557,4.6801119,-0.057757378,0.16532195,0.98128551,0.098729342,0
-1.0330349,0.32684731,1.9823637,-0.056672275,-0.090489149,0.99428368,0
0.27723533,-1.5563669,1.8856562,-0.056672275,-0.090489149,0.99428368,0
-3.4567237,5.3271275,-1.5796747,0.16532195,0.98128551,0.098729342,0
-3.3643529,5.000206,1.5149755,0.16532195,0.98128551,0.098729342,0
1.4555382,-1.5300444,1.9552131,-0.056672275,-0.090489149,0.99428368,0
-4.2473278,2.2566895,1.6121249,-0.98461008,0.16997218,-0.040651917,0
5.0319757,3.538249,1.985955,0.16532195,0.98128551,0.098729342,0
4.2191229,3.7937269,0.80783707,0.16532195,0.98128551,0.098729342,0
1.9714816,-3.1491616,-2.1857314,0.056672275,0.090489149,-0.99428368,0
-3.735172,-3.7433457,-2.1189606,-0.16532195,-0.98128551,-0.098729342,0
4.9161282,2.2283802,0.94198084,0.98461008,-0.16997218,0.040651917,0
-4.7752619,-1.5180645,-1.3839004,-0.98461008,0.16997218,-0.040651917,0
-2.4687729,-3.9368756,-2.3160222,-0.16532195,-0.98128551,-0.098729342,0
-3.6926274,-0.041955873,1.7972071,-0.056672275,-0.090489149,0.99428368,0
4.3975101,-0.74224591,1.0825217,0.98461008,-0.16997218,0.040651917,0
-4.8028636,-3.6507251,-1.2516799,-0.16532195,-0.98128551,-0.098729342,0
2.5814705,-4.763391,1.7251239,-0.056672275,-0.090489149,0.99428368,0
4.856338,1.6977092,0.17131758,0.98461008,-0.16997218,0.040651917,0
-1.3285732,4.7676926,0.41705608,0.16532195,0.98128551,0.098729342,0
-1.8030596,-3.5736158,1.5834945,-0.056672275,-0.090489149,0.99428368,0
0.18948102,-1.1957555,-2.1095235,0.056672275,0.090489149,-0.99428368,0
-2.0626957,-2.0285838,-2.313689,0.056672275,0.090489149,-0.99428368,0
-1.4185729,0.16152775,1.945343,-0.056672275,-0.090489149,0.99428368,0
4.1272268,2.1796064,-1.5778892,0.056672275,0.090489149,-0.99428368,0
-5.0979338,-3.3020005,-1.0275518,-0.98461008,0.16997218,-0.040651917,0
2.0483367,0.14571428,2.1415114,-0.056672275,-0.090489149,0.99428368,0
3.9561968,-3.4006,0.65635443,0.98461008,-0.16997218,0.040651917,0
4.0193014,2.273289,2.4474823,-0.056672275,-0.090489149,0.99428368,0
0.078347921,4.5685511,0.040461302,0.16532195,0.98128551,0.098729342,0
4.5813346,-0.040349364,-0.43506098,0.98461008,-0.16997218,0.040651917,0
3.9773083,-1.7680888,2.0772853,-0.056672275,-0.090489149,0.99428368,0
2.3856325,0.45160842,2.188576,-0.056672275,-0.090489149,0.99428368,0
4.596262,-0.028868914,-0.74859667,0.98461008,-0.16997218,0.040651917,0
-1.217766,-4.4401722,0.59151709,-0.16532195,-0.98128551,-0.098729342,0
4.8845325,1.8482101,0.11770344,0.98461008,-0.16997218,0.040651917,0
4.5411963,0.22635269,1.6522338,0.98461008,-0.16997218,0.040651917,0
-4.5766649,0.028720498,0.27334261,-0.98461008,0.16997218,-0.040651917,0
-4.7364736,-0.77086592,0.80078578,-0.98461008,0.16997218,-0.040651917,0
-2.1676681,3.4651179,-1.8196933,0.056672275,0.090489149,-0.99428368,0
0.20214438,-4.4903703,1.6143539,-0.056672275,-0.090489149,0.99428368,0
5.044138,2.591866,-0.63868666,0.98461008,-0.16997218,0.040651917,0
0.015053749,-4.6788182,0.8991003,-0.16532195,-0.98128551,-0.098729342,0
4.050272,-3.4943476,-2.0141702,0.98461008,-0.16997218,0.040651917,0
3.3488073,4.0949407,-0.7286303,0.16532195,0.98128551,0.098729342,0
4.3581653,-0.33618116,2.2293105,-0.056672275,-0.090489149,0.99428368,0
-1.8267741,-4.0591946,-2.1753008,-0.16532195,-0.98128551,-0.098729342,0
4.4000325,-0.50955558,1.9943457,0.98461008,-0.16997218,0.040651917,0
0.81757975,-0.457515,2.0164609,-0.056672275,-0.090489149,0.99428368,0
-4.4672413,0.83266449,0.98446608,-0.98461008,0.16997218,-0.040651917,0
1.8421929,-3.4863155,-2.2237844,0.056672275,0.090489149,-0.99428368,0
3.2025404,-1.5598671,2.0520747,-0.056672275,-0.090489149,0.99428368,0
1.2385442,-4.6716642,-1.2207441,-0.16532195,-0.98128551,-0.098729342,0
1.1044874,4.2560806,1.4278872,0.16532195,0.98128551,0.098729342,0
2.7551744,4.0883389,0.3310234,0.16532195,0.98128551,0.098729342,0
4.3419285,-1.6285926,-1.2772188,0.98461008,-0.16997218,0.040651917,0
-3.9110644,3.5886889,-0.96305752,-0.98461008,0.16997218,-0.040651917,0
4.2220469,-1.8190141,0.83019829,0.98461008,-0.16997218,0.040651917,0
-3.4357512,-4.0170197,0.099748552,-0.16532195,-0.98128551,-0.098729342,0
4.3888068,-0.83586454,0.90189552,0.98461008,-0.16997218,0.040651917,0
1.195174,4.327424,0.56693614,0.16532195,0.98128551,0.098729342,0
-2.5766344,3.682919,-1.8231816,0.056672275,0.090489149,-0.99428368,0
0.18907809,4.7054591,-1.5057045,0.16532195,0.98128551,0.098729342,0
4.5632973,-0.3046301,-1.1031859,0.98461008,-0.16997218,0.040651917,0
1.6996145,4.0793886,2.1875191,0.16532195,0.98128551,0.098729342,0
-2.0230458,3.065897,2.1752143,-0.056672275,-0.090489149,0.99428368,0
4.5617809,-0.064088464,-0.060714245,0.98461008,-0.16997218,0.040651917,0
-4.7735176,-3.5339313,-2.461659,-0.16532195,-0.98128551,-0.098729342,0
2.475276,4.0798359,0.88422275,0.16532195,0.98128551,0.098729342,0
4.1176767,-2.9198091,-1.2445092,0.98461008,-0.16997218,0.040651917,0
2.6855023,3.9966002,1.3594944,0.16532195,0.98128551,0.098729342,0
2.732264,-4.9837561,-0.62003899,-0.16532195,-0.98128551,-0.098729342,0
-3.8079433,4.861732,1.8621049,-0.98461008,0.16997218,-0.040651917,0
-0.81123072,1.820366,-1.8920667,0.056672275,0.090489149,-0.99428368,0
4.920711,1.9424355,-0.36459351,0.98461008,-0.16997218,0.040651917,0
0.45381308,4.3486843,1.5970365,0.16532195,0.98128551,0.098729342,0
3.5853982,-0.78523028,-1.8786006,0.056672275,0.090489149,-0.99428368,0
3.9268265,-0.68996364,-1.8504696,0.056672275,0.090489149,-0.99428368,0
0.80504429,2.8415127,-1.7070079,0.056672275,0.090489149,-0.99428368,0
-1.388917,3.9900453,2.295465,-0.056672275,-0.090489149,0.99428368,0
-4.7170343,-0.44997635,1.6716487,-0.98461008,0.16997218,-0.040651917,0
-1.5699382,-4.3618517,0.40278888,-0.16532195,-0.98128551,-0.098729342,0
-1.4529948,-4.4799023,1.3802884,-0.16532195,-0.98128551,-0.098729342,0
4.1703129,-2.0460558,1.133924,0.98461008,-0.16997218,0.040651917,0
4.3670473,-0.67980742,2.0814142,0.98461008,-0.16997218,0.040651917,0
3.7359674,-4.6300631,0.84983253,0.98461008,-0.16997218,0.040651917,0
-4.5547314,-0.16441393,-1.0654256,-0.98461008,0.16997218,-0.040651917,0
2.1019056,-4.9958677,0.55587435,-0.16532195,-0.98128551,-0.098729342,0
-4.8985872,-2.6534438,1.4907997,-0.056672275,-0.090489149,0.99428368,0
-4.6378083,-0.8711462,-2.0082412,-0.98461008,0.16997218,-0.040651917,0
4.0277395,-2.9567018,0.77955818,0.98461008,-0.16997218,0.040651917,0
-0.78403676,-0.082706809,1.9592829,-0.056672275,-0.090489149,0.99428368,0
-0.34991586,3.4032655,-1.7217138,0.056672275,0.090489149,-0.99428368,0
-3.5250707,5.0671453,1.1187749,0.16532195,0.98128551,0.098729342,0
-0.142555,-1.0553138,-2.1156676,0.056672275,0.090489149,-0.99428368,0
-1.520752,-4.4277172,0.97507024,-0.16532195,-0.98128551,-0.098729342,0
-3.3912909,5.104774,0.52076578,0.16532195,0.98128551,0.098729342,0
1.6050644,-4.6843338,-1.7085547,-0.16532195,-0.98128551,-0.098729342,0
0.88868618,-1.673517,-2.1131511,0.056672275,0.090489149,-0.99428368,0
4.1039815,-2.879997,-0.74633551,0.98461008,-0.16997218,0.040651917,0
-3.7173431,4.5678759,-1.5609469,-0.98461008,0.16997218,-0.040651917,0
1.3224928,4.3478174,0.15104711,0.16532195,0.98128551,0.098729342,0
2.5377336,2.7981629,-1.612193,0.056672275,0.090489149,-0.99428368,0
-1.320678,-4.2534113,-1.0924058,-0.16532195,-0.98128551,-0.098729342,0
-4.4907947,-3.6846888,-1.4366735,-0.16532195,-0.98128551,-0.098729342,0
3.185024,-4.9766102,-1.4492092,-0.16532195,-0.98128551,-0.098729342,0
3.8544538,-4.1875768,-0.16986036,0.98461008,-0.16997218,0.040651917,0
3.8425741,-4.1021624,0.47501326,0.98461008,-0.16997218,0.040651917,0
-1.7511431,-1.5533748,1.7703148,-0.056672275,-0.090489149,0.99428368,0
-3.5174863,0.68331861,-2.1498008,0.056672275,0.090489149,-0.99428368,0
-2.6210098,1.2755857,-2.044801,0.056672275,0.090489149,-0.99428368,0
1.4414396,3.6140552,2.4225712,-0.056672275,-0.090489149,0.99428368,0
2.8437786,2.9535427,2.4423892,-0.056672275,-0.090489149,0.99428368,0
4.4676561,-0.9296214,-1.3998995,0.98461008,-0.16997218,0.040651917,0
-1.737941,-4.3908091,1.5128338,-0.056672275,-0.090489149,0.99428368,0
-5.1219358,-3.2326646,-0.15628624,-0.98461008,0.16997218,-0.040651917,0
0.099524736,1.380813,2.1428382,-0.056672275,-0.090489149,0.99428368,0
-1.6506443,-2.0504308,1.7308061,-0.056672275,-0.090489149,0.99428368,0
3.9350197,-4.1518121,-1.9716644,0.98461008,-0.16997218,0.040651917,0
4.1363659,-2.4514418,0.26114607,0.98461008,-0.16997218,0.040651917,0
4.0434718,-3.1907516,-2.0714164,0.056672275,0.090489149,-0.99428368,0
-4.6010404,-3.23648,-2.5683002,0.056672275,0.090489149,-0.99428368,0
-3.3262467,-1.0252197,-2.2943933,0.056672275,0.090489149,-0.99428368,0
2.0032113,2.6524477,2.3670759,-0.056672275,-0.090489149,0.99428368,0
2.391021,4.3203936,-1.3656304,0.16532195,0.98128551,0.098729342,0
0.22868824,-4.776866,1.5158792,-0.16532195,-0.98128551,-0.098729342,0
-5.0827274,-2.6661632,1.2626824,-0.98461008,0.16997218,-0.040651917,0
1.8533933,1.6907831,2.2710161,-0.056672275,-0.090489149,0.99428368,0
0.037998199,-4.470397,-1.2108557,-0.16532195,-0.98128551,-0.098729342,0
4.2023892,-2.345001,-0.8929286,0.98461008,-0.16997218,0.040651917,0
-3.0102296,5.1964169,-1.0281734,0.16532195,0.98128551,0.098729342,0
-4.7395768,-2.3878257,1.5240364,-0.056672275,-0.090489149,0.99428368,0
-3.8765326,4.2821755,1.1001511,-0.98461008,0.16997218,-0.040651917,0
3.8151975,2.5929301,2.4649391,-0.056672275,-0.090489149,0.99428368,0
-4.1630397,2.7556434,1.6568246,-0.98461008,0.16997218,-0.040651917,0
3.9031658,-3.5126741,1.4721932,0.98461008,-0.16997218,0.040651917,0
1.7665277,-4.0969281,-2.2836692,0.056672275,0.090489149,-0.99428368,0
-3.5537148,5.1264257,0.57754326,0.16532195,0.98128551,0.098729342,0
-2.3876743,-4.1651359,-0.18310577,-0.16532195,-0.98128551,-0.098729342,0
-3.6740153,5.1242208,0.80090189,0.16532195,0.98128551,0.098729342,0
-2.6259646,2.5280297,2.0918977,-0.056672275,-0.090489149,0.99428368,0
-5.2103896,-3.7880802,0.7959137,-0.16532195,-0.98128551,-0.098729342,0
-2.8265822,5.0276594,0.34161425,0.16532195,0.98128551,0.098729342,0
-2.1073802,2.2893507,-1.9232631,0.056672275,0.090489149,-0.99428368,0
4.0064449,-3.3075795,-0.1717453,0.98461008,-0.16997218,0.040651917,0
-2.5770757,-3.366766,-2.4647946,0.056672275,0.090489149,-0.99428368,0
-4.6864724,-1.0384448,-1.5290494,-0.98461008,0.16997218,-0.040651917,0
1.8202617,-4.8331327,-0.58996677,-0.16532195,-0.98128551,-0.098729342,0
3.9560449,-3.7100887,-0.63398743,0.98461008,-0.16997218,0.040651917,0
4.061028,-3.4457488,-2.0714831,0.98461008,-0.16997218,0.040651917,0
-1.4320033,4.2612958,-1.705302,0.056672275,0.090489149,-0.99428368,0
-4.2013521,1.745337,-1.6394815,-0.98461008,0.16997218,-0.040651917,0
0.81884742,-2.3292103,-2.176806,0.056672275,0.090489149,-0.99428368,0
4.5094223,3.6244736,2.0039673,0.16532195,0.98128551,0.098729342,0
1.3835194,-3.3589787,1.784658,-0.056672275,-0.090489149,0.99428368,0
4.0978136,-2.5794036,0.65986919,0.98461008,-0.16997218,0.040651917,0
-0.30823755,4.6109333,0.26655459,0.16532195,0.98128551,0.098729342,0
1.9630507,-5.0311384,1.6655073,-0.056672275,-0.090489149,0.99428368,0
1.4384066,-0.40352476,-1.9662366,0.056672275,0.090489149,-0.99428368,0
-0.8993268,-4.3491282,-0.8466146,-0.16532195,-0.98128551,-0.098729342,0
4.7635612,1.2699198,0.6297586,0.98461008,-0.16997218,0.040651917,0
4.9096947,3.7736692,-0.14916611,0.16532195,0.98128551,0.098729342,0
-4.2651463,1.9720395,0.8535285,-0.98461008,0.16997218,-0.040651917,0
1.4554574,4.2940383,0.46292222,0.16532195,0.98128551,0.098729342,0
-1.6982925,-4.3946967,0.94416553,-0.16532195,-0.98128551,-0.098729342,0
-3.7188101,-0.92433619,-2.3075876,0.056672275,0.090489149,-0.99428368,0
0.027911067,-2.94242,1.7453012,-0.056672275,-0.090489149,0.99428368,0
-0.11912918,-4.3703194,-1.9424295,-0.16532195,-0.98128551,-0.098729342,0
-3.2454743,2.8859463,2.0891609,-0.056672275,-0.090489149,0.99428368,0
4.138031,-2.5017626,0.010428905,0.98461008,-0.16997218,0.040651917,0
2.9664116,2.6262462,-1.6034052,0.056672275,0.090489149,-0.99428368,0
-4.4865055,-3.1706665,1.4672152,-0.056672275,-0.090489149,0.99428368,0
-1.4262655,-4.4022007,0.5632441,-0.16532195,-0.98128551,-0.098729342,0
-4.1277657,2.9831901,1.7538624,-0.98461008,0.16997218,-0.040651917,0
4.1625991,-2.0760386,1.1953855,0.98461008,-0.16997218,0.040651917,0
-0.98540163,-4.4804282,0.60253024,-0.16532195,-0.98128551,-0.098729342,0
-2.7004247,-4.101192,-0.29495451,-0.16532195,-0.98128551,-0.098729342,0
-1.6964474,-4.3439088,0.43628871,-0.16532195,-0.98128551,-0.098729342,0
4.0744867,-2.7610047,0.46554852,0.98461008,-0.16997218,0.040651917,0
-2.3346875,-4.0880408,-1.038089,-0.16532195,-0.98128551,-0.098729342,0
0.067990303,0.24442542,-1.9853783,0.056672275,0.090489149,-0.99428368,0
-0.017721891,4.675395,-0.86060643,0.16532195,0.98128551,0.098729342,0
-3.7819073,-4.0246773,0.75550121,-0.16532195,-0.98128551,-0.098729342,0
4.8822088,1.8135237,0.028949022,0.98461008,-0.16997218,0.040651917,0
-3.5305667,3.7879741,-1.8679929,0.056672275,0.090489149,-0.99428368,0
2.4846597,-0.93729019,2.0678177,-0.056672275,-0.090489149,0.99428368,0
3.7258604,-5.089848,-0.82780647,0.98461008,-0.16997218,0.040651917,0
-2.8048856,5.2194042,-1.6004996,0.16532195,0.98128551,0.098729342,0
2.6786377,-1.2869495,-1.9759457,0.056672275,0.090489149,-0.99428368,0
-2.0826833,4.9833088,-0.46323347,0.16532195,0.98128551,0.098729342,0
1.631615,0.00045406818,-1.9184582,0.056672275,0.090489149,-0.99428368,0
3.8606689,3.8985617,0.36610061,0.16532195,0.98128551,0.098729342,0
2.3682818,4.1430492,0.43509692,0.16532195,0.98128551,0.098729342,0
3.6816213,-4.8227806,1.3603411,0.98461008,-0.16997218,0.040651917,0
-4.5393343,-3.69347,-1.2681146,-0.16532195,-0.98128551,-0.098729342,0
0.1519897,-4.5733161,-0.37880325,-0.16532195,-0.98128551,-0.098729342,0
1.2493188,2.6631825,2.3250823,-0.056672275,-0.090489149,0.99428368,0
-3.8568406,4.2900724,0.65622044,-0.98461008,0.16997218,-0.040651917,0
-4.2647371,1.4881115,-1.1797786,-0.98461008,0.16997218,-0.040651917,0
0.59927487,1.1638871,-1.8714163,0.056672275,0.090489149,-0.99428368,0
4.3100514,-1.9473345,-1.8378501,0.98461008,-0.16997218,0.040651917,0
0.53448582,4.4848919,0.10816193,0.16532195,0.98128551,0.098729342,0
4.7571058,3.6875918,0.96188009,0.16532195,0.98128551,0.098729342,0
3.7090073,-4.6569481,1.3904204,0.98461008,-0.16997218,0.040651917,0
-1.6748536,4.7701821,0.97215319,0.16532195,0.98128551,0.098729342,0
-4.3721666,1.3468785,0.83172178,-0.98461008,0.16997218,-0.040651917,0
2.9233692,-4.7581048,-2.277904,0.056672275,0.090489149,-0.99428368,0
5.0394316,3.5088518,2.2656488,0.16532195,0.98128551,0.098729342,0
-1.4120044,-3.7926643,1.5858486,-0.056672275,-0.090489149,0.99428368,0
1.9215238,-4.9722447,0.62313175,-0.16532195,-0.98128551,-0.098729342,0
-0.58737731,-1.8264569,-2.2112031,0.056672275,0.090489149,-0.99428368,0
4.1176014,3.8742855,0.17715144,0.16532195,0.98128551,0.098729342,0
-0.79807901,-3.4088535,-2.3672254,0.056672275,0.090489149,-0.99428368,0
-0.13564491,4.724308,-1.1492984,0.16532195,0.98128551,0.098729342,0
-3.1918964,5.2149467,-0.90814447,0.16532195,0.98128551,0.098729342,0
0.076795362,1.4499011,-1.8751667,0.056672275,0.090489149,-0.99428368,0
0.49843049,4.6098099,-1.0730455,0.16532195,0.98128551,0.098729342,0
-1.8468556,-4.2172327,-0.57090408,-0.16532195,-0.98128551,-0.098729342,0
-4.3224087,1.2083313,-0.95274496,-0.98461008,0.16997218,-0.040651917,0
-3.3954141,5.0621538,0.95127439,0.16532195,0.98128551,0.098729342,0
4.4925346,-0.1311543,1.3360517,0.98461008,-0.16997218,0.040651917,0
-2.1148365,5.033494,-0.90819407,0.16532195,0.98128551,0.098729342,0
-3.7269607,1.0078812,1.8907952,-0.056672275,-0.090489149,0.99428368,0
-2.0248737,4.8374319,0.88985634,0.16532195,0.98128551,0.098729342,0
4.0957751,-2.8587146,-0.45859528,0.98461008,-0.16997218,0.040651917,0
1.6010723,-4.6495771,-2.0473213,-0.16532195,-0.98128551,-0.098729342,0
4.8753963,2.2438745,1.9933349,0.98461008,-0.16997218,0.040651917,0
-1.9385505,-4.0545979,-2.0338175,-0.16532195,-0.98128551,-0.098729342,0
2.128866,-4.7427149,-2.0053945,-0.16532195,-0.98128551,-0.098729342,0
-4.3793335,1.053766,-0.22025061,-0.98461008,0.16997218,-0.040651917,0
3.4187336,-1.8821559,-1.9879308,0.056672275,0.090489149,-0.99428368,0
-4.3283386,-3.7251105,-1.3069466,-0.16532195,-0.98128551,-0.098729342,0
-0.38725936,-3.3630848,1.6833529,-0.056672275,-0.090489149,0.99428368,0
-3.5748923,-2.8217139,1.5509335,-0.056672275,-0.090489149,0.99428368,0
-4.1489482,2.8414526,1.6742973,-0.98461008,0.16997218,-0.040651917,0
4.0412741,-2.6002922,1.9419494,0.98461008,-0.16997218,0.040651917,0
-2.573504,4.9481773,0.70781708,0.16532195,0.98128551,0.098729342,0
-1.6514997,4.6385603,2.2412605,0.16532195,0.98128551,0.098729342,0
4.1356111,-2.6932356,-0.73155117,0.98461008,-0.16997218,0.040651917,0
-4.9022059,-1.7498081,0.72179914,-0.98461008,0.16997218,-0.040651917,0
-1.2442756,-4.4727464,0.95966506,-0.16532195,-0.98128551,-0.098729342,0
-4.8099728,-1.2171497,0.71498346,-0.98461008,0.16997218,-0.040651917,0
0.67251688,-2.4847052,1.8236992,-0.056672275,-0.090489149,0.99428368,0
-4.9416585,-2.2824092,-0.54954076,-0.98461008,0.16997218,-0.040651917,0
2.708663,2.9693441,-1.5868713,0.056672275,0.090489149,-0.99428368,0
-1.0843034,-2.6549826,-2.3149304,0.056672275,0.090489149,-0.99428368,0
-3.4460332,5.2275767,-0.60812283,0.16532195,0.98128551,0.098729342,0
4.3701239,-1.4596479,-1.8952508,0.056672275,0.090489149,-0.99428368,0
2.1954968,1.4632292,2.2698059,-0.056672275,-0.090489149,0.99428368,0
-0.84173822,-4.5048771,0.60496879,-0.16532195,-0.98128551,-0.098729342,0
-1.7673831,-2.0462718,1.7245308,-0.056672275,-0.090489149,0.99428368,0
-3.8930655,-0.12419534,-2.244699,0.056672275,0.090489149,-0.99428368,0
-4.609395,0.0043284893,0.96409011,-0.98461008,0.16997218,-0.040651917,0
2.0923634,3.7808194,-1.5481474,0.056672275,0.090489149,-0.99428368,0
3.3011248,3.8828077,1.4596342,0.16532195,0.98128551,0.098729342,0
1.5546433,1.7426468,-1.7642894,0.056672275,0.090489149,-0.99428368,0
2.795795,-5.1702971,1.1276402,-0.16532195,-0.98128551,-0.098729342,0
-4.496171,0.38466167,-0.18801546,-0.98461008,0.16997218,-0.040651917,0
2.6707606,0.015610933,-1.8578494,0.056672275,0.090489149,-0.99428368,0
-0.37034607,-4.5673223,0.4362762,-0.16532195,-0.98128551,-0.098729342,0
4.1033807,-2.9200735,-0.89935732,0.98461008,-0.16997218,0.040651917,0
4.7261796,1.3762801,1.9798808,0.98461008,-0.16997218,0.040651917,0
0.4566772,4.4640331,0.44577503,0.16532195,0.98128551,0.098729342,0
-4.2807765,1.6884574,0.046397686,-0.98461008,0.16997218,-0.040651917,0
-2.6219723,-2.1995826,1.6618681,-0.056672275,-0.090489149,0.99428368,0
-0.27154922,-4.6491752,1.0843852,-0.16532195,-0.98128551,-0.098729342,0
-4.2765279,1.602198,-0.41718388,-0.98461008,0.16997218,-0.040651917,0
4.7457495,3.5405202,2.4426618,0.16532195,0.98128551,0.098729342,0
-4.4279666,0.71544695,-0.45690775,-0.98461008,0.16997218,-0.040651917,0
-3.9089289,-3.9815841,0.53988212,-0.16532195,-0.98128551,-0.098729342,0
4.30334,3.7826054,0.77735806,0.16532195,0.98128551,0.098729342,0
-3.9340525,-3.9319832,0.088962913,-0.16532195,-0.98128551,-0.098729342,0
3.8717296,-3.9377747,0.45618391,0.98461008,-0.16997218,0.040651917,0
-4.4608784,-2.160218,-2.4623609,0.056672275,0.090489149,-0.99428368,0
2.0186963,-4.8871889,-0.38497162,-0.16532195,-0.98128551,-0.098729342,0
0.84375691,-4.8593111,1.305383,-0.16532195,-0.98128551,-0.098729342,0
-4.4131513,-3.9780431,1.349009,-0.16532195,-0.98128551,-0.098729342,0
-3.2752199,4.9243736,2.1194344,0.16532195,0.98128551,0.098729342,0
0.56005371,0.21093059,2.0626173,-0.056672275,-0.090489149,0.99428368,0
-1.7879565,-1.7990068,1.7458616,-0.056672275,-0.090489149,0.99428368,0
2.732841,-5.0253267,-0.20783186,-0.16532195,-0.98128551,-0.098729342,0
1.2459309,4.2805419,0.94791698,0.16532195,0.98128551,0.098729342,0
-1.5408342,-4.3235478,-0.026655197,-0.16532195,-0.98128551,-0.098729342,0
5.1217179,3.0978968,-0.40190816,0.98461008,-0.16997218,0.040651917,0
-3.8403795,4.5087643,1.171916,-0.98461008,0.16997218,-0.040651917,0
-4.2033048,2.2783151,0.63627291,-0.98461008,0.16997218,-0.040651917,0
-3.9308314,3.8836503,0.7489953,-0.98461008,0.16997218,-0.040651917,0
-4.2783389,1.783443,0.38450193,-0.98461008,0.16997218,-0.040651917,0
-4.4539595,0.19424367,-2.0065742,-0.98461008,0.16997218,-0.040651917,0
1.7104962,-4.7265282,-1.4657235,-0.16532195,-0.98128551,-0.098729342,0
-0.98237276,4.8775077,-1.6235926,0.056672275,0.090489149,-0.99428368,0
3.2706223,-2.5157197,1.9689639,-0.056672275,-0.090489149,0.99428368,0
-0.50843596,-4.4666481,-0.33310723,-0.16532195,-0.98128551,-0.098729342,0
1.5060806,4.0300293,2.464113,-0.056672275,-0.090489149,0.99428368,0
1.54159,-0.32011366,-1.9527642,0.056672275,0.090489149,-0.99428368,0
3.4958429,-5.292697,1.1719565,-0.16532195,-0.98128551,-0.098729342,0
-2.6376064,4.8451176,1.8394876,0.16532195,0.98128551,0.098729342,0
0.91938519,4.5232363,-1.5474379,0.056672275,0.090489149,-0.99428368,0
-2.8110969,5.1549993,-0.94996548,0.16532195,0.98128551,0.098729342,0
-2.2232094,-3.3586333,-2.4438851,0.056672275,0.090489149,-0.99428368,0
-1.0644994,4.2832136,2.3406365,-0.056672275,-0.090489149,0.99428368,0
-3.7675104,4.8773394,2.2406416,-0.056672275,-0.090489149,0.99428368,0
4.336524,-1.2933608,0.2553339,0.98461008,-0.16997218,0.040651917,0
-0.41830111,-4.4789152,-0.36211181,-0.16532195,-0.98128551,-0.098729342,0
4.1820784,-2.668529,-1.753705,0.98461008,-0.16997218,0.040651917,0
2.9935727,-5.1384873,0.480299,-0.16532195,-0.98128551,-0.098729342,0
4.6290359,0.71870065,1.5833006,0.98461008,-0.16997218,0.040651917,0
3.5449812,3.8924286,0.9556765,0.16532195,0.98128551,0.098729342,0
-4.486311,0.61798728,1.8120296,-0.056672275,-0.090489149,0.99428368,0
3.1622462,-5.0704393,-0.47848368,-0.16532195,-0.98128551,-0.098729342,0
-4.0552206,3.4526029,1.9594955,-0.98461008,0.16997218,-0.040651917,0
3.5721345,-5.0386205,-1.4810963,-0.16532195,-0.98128551,-0.098729342,0
0.77516913,3.0456462,2.3328648,-0.056672275,-0.090489149,0.99428368,0
-4.7067623,-3.767067,-0.25626433,-0.16532195,-0.98128551,-0.098729342,0
4.1450024,-2.1772349,1.1984725,0.98461008,-0.16997218,0.040651917,0
-0.87794471,-4.3420649,-0.95262229,-0.16532195,-0.98128551,-0.098729342,0
-3.884963,4.3003721,1.3804231,-0.98461008,0.16997218,-0.040651917,0
-0.23801756,4.413208,2.1141927,0.16532195,0.98128551,0.098729342,0
3.9453249,1.5284791,-1.6475163,0.056672275,0.090489149,-0.99428368,0
-0.66803503,4.571435,1.2616198,0.16532195,0.98128551,0.098729342,0
0.3610155,0.4152168,-1.9531326,0.056672275,0.090489149,-0.99428368,0
-4.5287061,0.39788699,0.6552949,-0.98461008,0.16997218,-0.040651917,0
3.788305,3.8495097,0.97480804,0.16532195,0.98128551,0.098729342,0
-0.024657011,2.9152253,-1.7475908,0.056672275,0.090489149,-0.99428368,0
-4.4075823,-3.7188334,-1.2366426,-0.16532195,-0.98128551,-0.098729342,0
-1.1404457,-4.364099,-0.29406118,-0.16532195,-0.98128551,-0.098729342,0
0.245718,-1.3969896,-2.1246326,0.056672275,0.090489149,-0.99428368,0
0.47687674,4.4169078,0.88033819,0.16532195,0.98128551,0.098729342,0
2.5343137,0.92800987,-1.7825896,0.056672275,0.090489149,-0.99428368,0
-3.8844295,3.9793875,0.025413513,-0.98461008,0.16997218,-0.040651917,0
-5.0397248,-2.4161732,1.2663941,-0.98461008,0.16997218,-0.040651917,0
-0.98210859,-4.380075,-0.40040791,-0.16532195,-0.98128551,-0.098729342,0
-3.8346012,3.8853488,-1.5746555,-0.98461008,0.16997218,-0.040651917,0
-1.2005775,4.8106184,-0.22392464,0.16532195,0.98128551,0.098729342,0
0.9981811,-0.8444311,-2.0314553,0.056672275,0.090489149,-0.99428368,0
-2.3177862,4.8930101,0.82793951,0.16532195,0.98128551,0.098729342,0
2.2516131,-4.7891273,-1.7496352,-0.16532195,-0.98128551,-0.098729342,0
0.23128867,4.5219312,0.24773097,0.16532195,0.98128551,0.098729342,0
3.148946,2.2491992,2.3956814,-0.056672275,-0.090489149,0.99428368,0
3.6838439,-2.985549,-2.0732393,0.056672275,0.090489149,-0.99428368,0
2.3499379,-2.3574901,-2.0921102,0.056672275,0.090489149,-0.99428368,0
