1.5678034,-0.66657013,-2.827219,0.67107952,0.15384981,-0.72524631,0
-0.57761115,-2.6234615,0.31391418,-0.0058609024,-0.97710001,-0.2126998,0
-3.6899953,-2.4492888,0.20254707,-0.67107952,-0.15384981,0.72524631,0
-0.029639244,0.43512255,3.9491313,0.74136209,-0.14698908,0.65481007,0
-3.2413125,1.5211948,0.1933167,-0.74136209,0.14698908,-0.65481007,0
-2.4024131,-2.3660567,-0.81826866,-0.0058609024,-0.97710001,-0.2126998,0
-3.1210611,-1.2512277,-0.56517172,-0.74136209,0.14698908,-0.65481007,0
1.0135617,2.979558,-2.5665953,0.67107952,0.15384981,-0.72524631,0
-0.8570919,-1.2636644,3.0753794,-0.67107952,-0.15384981,0.72524631,0
-0.99231482,-2.5891323,2.6690784,-0.67107952,-0.15384981,0.72524631,0
2.7547336,-0.67117083,0.54838729,0.74136209,-0.14698908,0.65481007,0
-3.4355407,-1.6859738,0.5999217,-0.67107952,-0.15384981,0.72524631,0
-3.0746405,2.4366078,0.64509034,0.0058609024,0.97710001,0.2126998,0
1.6427561,-2.0937955,-2.180445,-0.0058609024,-0.97710001,-0.2126998,0
0.30208892,2.721962,-0.75881499,0.0058609024,0.97710001,0.2126998,0
-1.5089741,-1.9533844,-2.5479589,-0.74136209,0.14698908,-0.65481007,0
1.3698484,2.1391978,-2.4151888,0.67107952,0.15384981,-0.72524631,0
-1.5035748,-1.8711321,-2.5356083,-0.74136209,0.14698908,-0.65481007,0
0.33472741,-2.0342956,-2.4177339,-0.0058609024,-0.97710001,-0.2126998,0
3.8651373,0.52158058,-0.44104433,0.74136209,-0.14698908,0.65481007,0
1.4165642,-2.3962646,1.6761926,0.74136209,-0.14698908,0.65481007,0
0.96099544,1.2476542,3.0099497,0.74136209,-0.14698908,0.65481007,0
0.73450589,1.6761953,3.3625739,0.74136209,-0.14698908,0.65481007,0
-1.0635436,-1.4244325,-2.9335294,-0.74136209,0.14698908,-0.65481007,0
1.1765406,-1.7412546,2.0949759,0.74136209,-0.14698908,0.65481007,0
-2.2327101,-1.1917169,1.8177655,-0.67107952,-0.15384981,0.72524631,0
-3.8052578,-1.8596489,0.07288599,-0.74136209,0.14698908,-0.65481007,0
-3.5080647,-2.4023767,0.38084078,-0.67107952,-0.15384981,0.72524631,0
0.50771534,2.7750254,-1.008242,0.0058609024,0.97710001,0.2126998,0
-2.9814353,-1.0643798,1.1519732,-0.67107952,-0.15384981,0.72524631,0
-2.071852,2.6976967,-0.86662567,-0.74136209,0.14698908,-0.65481007,0
0.37504578,-0.11764568,-3.8144464,0.67107952,0.15384981,-0.72524631,0
0.69358683,1.9408721,2.8185675,0.0058609024,0.97710001,0.2126998,0
-2.3313303,-0.37477744,-1.2625458,-0.74136209,0.14698908,-0.65481007,0
2.3882389,-0.0050395578,1.1128548,0.74136209,-0.14698908,0.65481007,0
-3.1021347,-0.29303098,-0.37150788,-0.74136209,0.14698908,-0.65481007,0
1.1627424,1.3601173,2.8067811,0.74136209,-0.14698908,0.65481007,0
0.11468363,-2.9412594,1.7547374,-0.0058609024,-0.97710001,-0.2126998,0
3.7392809,1.8980358,-0.27388239,0.67107952,0.15384981,-0.72524631,0
-1.3504813,1.3866175,-1.9776514,-0.74136209,0.14698908,-0.65481007,0
1.0851072,2.4223559,0.59593952,0.0058609024,0.97710001,0.2126998,0
-1.5434513,-0.30071115,2.644558,-0.67107952,-0.15384981,0.72524631,0
2.4106917,0.69078809,1.2436314,0.74136209,-0.14698908,0.65481007,0
-3.8451173,-1.4237027,0.21587276,-0.74136209,0.14698908,-0.65481007,0
0.35627142,-2.4190452,-0.65086532,-0.0058609024,-0.97710001,-0.2126998,0
3.7700336,2.4600246,-0.12620926,0.67107952,0.15384981,-0.72524631,0
3.3413882,2.1214845,0.51107311,0.74136209,-0.14698908,0.65481007,0
-3.2607696,-2.6029294,0.29352808,-0.0058609024,-0.97710001,-0.2126998,0
-3.2839952,-2.3113716,0.60748053,-0.67107952,-0.15384981,0.72524631,0
1.7978296,1.7543068,-2.1008208,0.67107952,0.15384981,-0.72524631,0
-2.4640298,-2.3881731,1.3499126,-0.67107952,-0.15384981,0.72524631,0
-0.60122371,-0.92975295,3.382972,-0.67107952,-0.15384981,0.72524631,0
0.46587896,1.4336331,3.612258,0.74136209,-0.14698908,0.65481007,0
1.3513908,-2.7432806,1.6720837,0.74136209,-0.14698908,0.65481007,0
1.2760283,-2.11338,-2.0803735,-0.0058609024,-0.97710001,-0.2126998,0
1.5121969,2.3699353,-2.2345243,0.67107952,0.15384981,-0.72524631,0
3.1150179,2.0952137,0.7614677,0.74136209,-0.14698908,0.65481007,0
-2.2991605,0.46876603,2.1085236,-0.67107952,-0.15384981,0.72524631,0
0.29180881,-2.4724786,-0.40362692,-0.0058609024,-0.97710001,-0.2126998,0
-0.76126027,-2.7731299,2.8438435,-0.67107952,-0.15384981,0.72524631,0
2.0024006,1.4249039,-1.9814067,0.67107952,0.15384981,-0.72524631,0
3.1217613,-0.26459867,0.22411251,0.74136209,-0.14698908,0.65481007,0
-3.7496736,1.1038777,0.90107536,-0.67107952,-0.15384981,0.72524631,0
2.9948578,-1.9774395,-0.016701937,0.74136209,-0.14698908,0.65481007,0
0.063688993,-2.7898288,1.0605011,-0.0058609024,-0.97710001,-0.2126998,0
0.0019307137,-1.6791574,-4.0399966,-0.0058609024,-0.97710001,-0.2126998,0
0.96246648,2.927875,-1.7229332,0.0058609024,0.97710001,0.2126998,0
1.7226529,-1.7395104,1.4770706,0.74136209,-0.14698908,0.65481007,0
0.45827365,-1.8368676,-3.3280816,-0.0058609024,-0.97710001,-0.2126998,0
-1.6653879,-2.8636768,1.4473891,-0.0058609024,-0.97710001,-0.2126998,0
-3.4496069,0.16478616,0.97951603,-0.67107952,-0.15384981,0.72524631,0
-1.4968082,-2.9556942,1.8654525,-0.0058609024,-0.97710001,-0.2126998,0
-0.15711451,-1.536067,3.6509712,0.74136209,-0.14698908,0.65481007,0
-3.3919563,-0.12480026,-0.0056138039,-0.74136209,0.14698908,-0.65481007,0
1.4151294,1.8081853,2.6216145,0.74136209,-0.14698908,0.65481007,0
0.21507204,2.1743951,1.7589953,0.0058609024,0.97710001,0.2126998,0
-1.8775047,2.0195048,2.5281901,0.0058609024,0.97710001,0.2126998,0
-1.0570394,-2.6472979,0.43662429,-0.0058609024,-0.97710001,-0.2126998,0
-0.97073793,-2.746958,2.6555636,-0.67107952,-0.15384981,0.72524631,0
2.2848556,0.64351332,-1.8858075,0.67107952,0.15384981,-0.72524631,0
1.6031079,0.63369644,2.1451452,0.74136209,-0.14698908,0.65481007,0
3.1760175,0.92783612,0.43035722,0.74136209,-0.14698908,0.65481007,0
-2.0411286,-2.0117073,1.8210902,-0.67107952,-0.15384981,0.72524631,0
-0.36413527,-0.038455188,3.7914281,-0.67107952,-0.15384981,0.72524631,0
-1.6165221,0.046180189,2.650532,-0.67107952,-0.15384981,0.72524631,0
-0.16953611,-1.4959921,-3.9617691,-0.74136209,0.14698908,-0.65481007,0
-2.1386776,0.93343323,-1.1870017,-0.74136209,0.14698908,-0.65481007,0
3.2686872,2.5721014,-0.1521287,0.0058609024,0.97710001,0.2126998,0
-3.213769,-2.0818863,-0.64667201,-0.74136209,0.14698908,-0.65481007,0
2.2379005,1.7664348,1.6807187,0.74136209,-0.14698908,0.65481007,0
-2.0208676,2.5182452,0.24102879,0.0058609024,0.97710001,0.2126998,0
-3.8201156,-0.88978183,0.3074193,-0.74136209,0.14698908,-0.65481007,0
0.68432808,0.81194025,-3.3310661,0.67107952,0.15384981,-0.72524631,0
0.71255696,-2.4593832,-0.47537816,-0.0058609024,-0.97710001,-0.2126998,0
0.017235279,-1.5061567,-4.1755095,-0.74136209,0.14698908,-0.65481007,0
-0.33806705,1.663919,4.1192613,0.0058609024,0.97710001,0.2126998,0
0.71830845,2.5379536,0.075014412,0.0058609024,0.97710001,0.2126998,0
-3.4634538,1.0352681,1.1513638,-0.67107952,-0.15384981,0.72524631,0
0.92862475,2.7936516,-1.1054058,0.0058609024,0.97710001,0.2126998,0
-1.4884903,0.55173242,2.8762465,-0.67107952,-0.15384981,0.72524631,0
-1.5641396,1.309495,-1.7530644,-0.74136209,0.14698908,-0.65481007,0
1.8580297,-2.1164322,-2.0823889,-0.0058609024,-0.97710001,-0.2126998,0
2.9018478,-2.4810841,-0.024454117,0.74136209,-0.14698908,0.65481007,0
-2.4470387,2.3252335,1.1394284,0.0058609024,0.97710001,0.2126998,0
-0.20525575,-2.9622478,1.8599706,-0.0058609024,-0.97710001,-0.2126998,0
-0.075763702,2.0059416,2.5408511,0.0058609024,0.97710001,0.2126998,0
-1.0806792,-0.9351666,-2.8043003,-0.74136209,0.14698908,-0.65481007,0
-1.4994152,0.85911095,-1.927444,-0.74136209,0.14698908,-0.65481007,0
0.56322122,1.3932359,3.492981,0.74136209,-0.14698908,0.65481007,0
0.44347897,2.4209893,0.61989874,0.0058609024,0.97710001,0.2126998,0
-2.0934215,-1.8335974,1.8104861,-0.67107952,-0.15384981,0.72524631,0
-0.97718978,-1.9915549,-2.5779269,-0.0058609024,-0.97710001,-0.2126998,0
1.2824785,2.4818716,0.31709838,0.0058609024,0.97710001,0.2126998,0
-2.0584056,-0.77056903,-1.6603911,-0.74136209,0.14698908,-0.65481007,0
-3.0673354,0.4834851,1.4008443,-0.67107952,-0.15384981,0.72524631,0
-1.1224837,1.2593179,3.3650205,-0.67107952,-0.15384981,0.72524631,0
-3.518703,1.1903244,0.43309975,-0.74136209,0.14698908,-0.65481007,0
-0.69709706,-2.0169477,-2.4689951,-0.0058609024,-0.97710001,-0.2126998,0
-1.4830434,1.5995815,-1.7797623,-0.74136209,0.14698908,-0.65481007,0
-1.7012038,-2.8981318,1.9475853,-0.67107952,-0.15384981,0.72524631,0
-1.0541968,-2.1782997,-1.717937,-0.0058609024,-0.97710001,-0.2126998,0
1.6922557,1.0253713,2.1321349,0.74136209,-0.14698908,0.65481007,0
0.57362092,2.8468401,-1.3399611,0.0058609024,0.97710001,0.2126998,0
-1.0239898,1.9179218,2.9713235,0.0058609024,0.97710001,0.2126998,0
3.4611626,1.9404739,-0.52222633,0.67107952,0.15384981,-0.72524631,0
-0.47357893,-2.6068599,3.1453104,-0.67107952,-0.15384981,0.72524631,0
2.8139195,2.116137,-1.083863,0.67107952,0.15384981,-0.72524631,0
3.1830122,1.3944242,-0.89543772,0.67107952,0.15384981,-0.72524631,0
-1.9559302,1.1879584,-1.3367697,-0.74136209,0.14698908,-0.65481007,0
2.6317677,2.2233477,-1.2296679,0.67107952,0.15384981,-0.72524631,0
0.69618052,2.6562421,-0.46776867,0.0058609024,0.97710001,0.2126998,0
-3.6899815,-0.15072408,0.69016457,-0.67107952,-0.15384981,0.72524631,0
-0.24265814,-2.4281878,3.3968868,-0.67107952,-0.15384981,0.72524631,0
-0.97911942,2.6204767,-0.25730801,0.0058609024,0.97710001,0.2126998,0
-1.2199509,2.8614428,-1.357622,0.0058609024,0.97710001,0.2126998,0
-0.28828895,2.8173058,-1.1805362,0.0058609024,0.97710001,0.2126998,0
-2.0197618,1.8368051,2.6572626,-0.67107952,-0.15384981,0.72524631,0
-0.68641806,1.9894588,2.6333957,0.0058609024,0.97710001,0.2126998,0
0.21973324,-1.9230087,-2.9257956,-0.0058609024,-0.97710001,-0.2126998,0
0.51559138,1.0967908,3.4803617,0.74136209,-0.14698908,0.65481007,0
2.6767244,1.9993377,1.2361726,0.74136209,-0.14698908,0.65481007,0
-2.2451124,0.3354041,2.1302445,-0.67107952,-0.15384981,0.72524631,0
-1.1516809,1.2062272,-2.2432225,-0.74136209,0.14698908,-0.65481007,0
-2.138186,0.36679742,-1.3147542,-0.74136209,0.14698908,-0.65481007,0
-0.36379814,2.2974067,1.2098565,0.0058609024,0.97710001,0.2126998,0
0.44617844,-1.7933047,2.9101927,0.74136209,-0.14698908,0.65481007,0
1.700449,-2.5114622,-0.26335895,-0.0058609024,-0.97710001,-0.2126998,0
3.6917691,-2.363363,-0.9985671,-0.0058609024,-0.97710001,-0.2126998,0
0.87712526,2.7314858,-0.81841004,0.0058609024,0.97710001,0.2126998,0
0.2339074,-2.2681403,-1.3407204,-0.0058609024,-0.97710001,-0.2126998,0
-1.923074,-0.10525763,2.3347509,-0.67107952,-0.15384981,0.72524631,0
0.090567589,-3.0828702,2.4059341,-0.0058609024,-0.97710001,-0.2126998,0
2.2920084,-2.4194534,-0.70232892,-0.0058609024,-0.97710001,-0.2126998,0
-0.66821325,-2.6704476,0.53225541,-0.0058609024,-0.97710001,-0.2126998,0
3.0975232,1.4962332,-0.95294428,0.67107952,0.15384981,-0.72524631,0
-0.039582729,-0.46396065,3.7585669,0.74136209,-0.14698908,0.65481007,0
-2.9055161,0.67042899,-0.37784147,-0.74136209,0.14698908,-0.65481007,0
1.5481095,-0.6602568,-2.8441024,0.67107952,0.15384981,-0.72524631,0
-3.0844443,1.2633585,1.5504515,-0.67107952,-0.15384981,0.72524631,0
0.94129992,0.10399556,-3.2434664,0.67107952,0.15384981,-0.72524631,0
-0.20569086,3.105685,-2.5075686,0.0058609024,0.97710001,0.2126998,0
3.6365948,1.570141,0.053082943,0.74136209,-0.14698908,0.65481007,0
-0.87902784,1.9685442,2.7347798,0.0058609024,0.97710001,0.2126998,0
-2.0853133,-0.092822641,2.1872671,-0.67107952,-0.15384981,0.72524631,0
-0.72863126,-1.135144,-3.2477713,-0.74136209,0.14698908,-0.65481007,0
-2.4635954,-1.5762293,-1.3824948,-0.74136209,0.14698908,-0.65481007,0
3.7097492,-1.0467181,-0.61716223,0.74136209,-0.14698908,0.65481007,0
2.1880157,-2.3669744,0.80934632,0.74136209,-0.14698908,0.65481007,0
0.7183919,0.11971569,-3.4463911,0.67107952,0.15384981,-0.72524631,0
-3.2019465,-0.48165333,-0.30084348,-0.74136209,0.14698908,-0.65481007,0
-3.3974729,0.30797672,0.097779512,-0.74136209,0.14698908,-0.65481007,0
2.7379148,2.4183927,-1.0900733,0.67107952,0.15384981,-0.72524631,0
-2.8307142,-1.3412219,-0.91409755,-0.74136209,0.14698908,-0.65481007,0
-0.7173326,2.3974657,-2.4675782,-0.74136209,0.14698908,-0.65481007,0
-0.15821171,2.3278546,-3.1162286,-0.74136209,0.14698908,-0.65481007,0
-2.1639967,-2.6379278,1.5745559,-0.67107952,-0.15384981,0.72524631,0
0.080858588,-2.7672641,0.95637035,-0.0058609024,-0.97710001,-0.2126998,0
0.44658351,-2.7116327,0.69073451,-0.0058609024,-0.97710001,-0.2126998,0
-1.0314176,-2.6796482,0.58452988,-0.0058609024,-0.97710001,-0.2126998,0
-2.1606276,0.22603542,2.1852186,-0.67107952,-0.15384981,0.72524631,0
-3.067941,2.369848,0.18753099,-0.74136209,0.14698908,-0.65481007,0
-1.8491151,-0.83222014,-1.9111845,-0.74136209,0.14698908,-0.65481007,0
2.0899124,1.417523,-1.9019966,0.67107952,0.15384981,-0.72524631,0
-1.5971189,2.0336266,-1.5531757,-0.74136209,0.14698908,-0.65481007,0
1.3913083,0.74878097,2.410774,0.74136209,-0.14698908,0.65481007,0
-0.16156626,0.5286082,-3.516319,-0.74136209,0.14698908,-0.65481007,0
1.9760027,-0.98903054,-2.5179124,0.67107952,0.15384981,-0.72524631,0
1.9212894,0.31120521,-2.2927136,0.67107952,0.15384981,-0.72524631,0
3.2306705,-2.2889371,-1.327759,-0.0058609024,-0.97710001,-0.2126998,0
1.857892,-2.277715,1.2031423,0.74136209,-0.14698908,0.65481007,0
0.77932656,-2.6492965,0.39520541,-0.0058609024,-0.97710001,-0.2126998,0
-2.0713086,0.65227407,2.3582866,-0.67107952,-0.15384981,0.72524631,0
-1.9448223,2.3255775,1.1240094,0.0058609024,0.97710001,0.2126998,0
-0.59855962,1.7650962,3.6616516,0.0058609024,0.97710001,0.2126998,0
1.5667689,2.627728,-0.36076999,0.0058609024,0.97710001,0.2126998,0
-1.2179995,-2.6521606,0.46339846,-0.0058609024,-0.97710001,-0.2126998,0
0.089678764,-2.0374846,-2.3963306,-0.0058609024,-0.97710001,-0.2126998,0
-0.020576239,2.0572052,2.3038356,0.0058609024,0.97710001,0.2126998,0
1.439569,-2.0239551,1.7337217,0.74136209,-0.14698908,0.65481007,0
0.59761477,-2.5507181,-0.0526371,-0.0058609024,-0.97710001,-0.2126998,0
2.3724468,-2.4639814,-0.49999285,-0.0058609024,-0.97710001,-0.2126998,0
-2.7497349,-1.6226076,-1.0689454,-0.74136209,0.14698908,-0.65481007,0
0.12169218,1.4545618,-3.6291633,-0.74136209,0.14698908,-0.65481007,0
-2.594182,2.3586795,0.98983836,0.0058609024,0.97710001,0.2126998,0
1.7181247,0.72976047,-2.3919146,0.67107952,0.15384981,-0.72524631,0
-2.4687476,2.2204165,1.6215334,0.0058609024,0.97710001,0.2126998,0
-3.0360129,1.3330925,1.6100581,-0.67107952,-0.15384981,0.72524631,0
0.17803216,-2.996068,2.9437904,0.74136209,-0.14698908,0.65481007,0
-2.7830358,1.4566756,-0.34001684,-0.74136209,0.14698908,-0.65481007,0
-1.4098349,0.25970736,-2.1634169,-0.74136209,0.14698908,-0.65481007,0
-2.5661972,0.87948078,1.948559,-0.67107952,-0.15384981,0.72524631,0
2.2188039,-2.2211645,-1.6112113,-0.0058609024,-0.97710001,-0.2126998,0
1.9238098,0.66170973,1.7883408,0.74136209,-0.14698908,0.65481007,0
1.2047729,-1.4684768,2.1242442,0.74136209,-0.14698908,0.65481007,0
0.40313482,2.8365109,-3.161777,0.67107952,0.15384981,-0.72524631,0
2.4098749,-0.93858987,0.8787998,0.74136209,-0.14698908,0.65481007,0
-0.22023726,-1.2194269,3.6740532,-0.67107952,-0.15384981,0.72524631,0
0.13360482,2.3463173,0.97146517,0.0058609024,0.97710001,0.2126998,0
3.4871073,-1.17765,-1.1596808,0.67107952,0.15384981,-0.72524631,0
3.2120335,1.1125487,-0.92838001,0.67107952,0.15384981,-0.72524631,0
-2.5187039,1.5012544,-0.62928116,-0.74136209,0.14698908,-0.65481007,0
-0.5701654,-0.016059101,3.605536,-0.67107952,-0.15384981,0.72524631,0
-2.9076457,-0.98262161,1.2375953,-0.67107952,-0.15384981,0.72524631,0
1.1933281,2.4879653,0.29156184,0.0058609024,0.97710001,0.2126998,0
3.4004164,0.67422318,-0.84705019,0.67107952,0.15384981,-0.72524631,0
-1.7699655,1.723094,2.8642805,-0.67107952,-0.15384981,0.72524631,0
0.7882266,3.0138338,-2.7678301,0.67107952,0.15384981,-0.72524631,0
1.2344475,2.018579,2.4466951,0.0058609024,0.97710001,0.2126998,0
1.8264825,-1.0331755,1.5180722,0.74136209,-0.14698908,0.65481007,0
0.38385224,1.6275277,-3.4360862,0.67107952,0.15384981,-0.72524631,0
1.1376228,2.1099005,2.0298498,0.0058609024,0.97710001,0.2126998,0
-1.673409,-1.7093654,-2.3070135,-0.74136209,0.14698908,-0.65481007,0
-2.6954975,2.0779157,-0.29967284,-0.74136209,0.14698908,-0.65481007,0
2.4335375,-1.5496099,0.71485066,0.74136209,-0.14698908,0.65481007,0
-0.41137505,2.9964874,-2.0002687,0.0058609024,0.97710001,0.2126998,0
-3.0183761,0.15862028,-0.36495161,-0.74136209,0.14698908,-0.65481007,0
1.0655282,-1.5771024,-3.4851351,0.67107952,0.15384981,-0.72524631,0
-3.4639087,-0.44113737,0.0048394203,-0.74136209,0.14698908,-0.65481007,0
1.9177421,0.31170213,-2.295891,0.67107952,0.15384981,-0.72524631,0
0.65506744,0.27311134,-3.472446,0.67107952,0.15384981,-0.72524631,0
-3.4486878,-0.01094988,0.94308805,-0.67107952,-0.15384981,0.72524631,0
-1.4591544,-0.79979241,-2.3454103,-0.74136209,0.14698908,-0.65481007,0
1.8055077,-1.6152296,1.4111629,0.74136209,-0.14698908,0.65481007,0
1.6193886,1.6176175,-2.2949312,0.67107952,0.15384981,-0.72524631,0
0.027076244,-2.2247734,-1.5342395,-0.0058609024,-0.97710001,-0.2126998,0
-0.54147673,-2.952215,1.8231456,-0.0058609024,-0.97710001,-0.2126998,0
0.36708713,3.0535846,-2.2840121,0.0058609024,0.97710001,0.2126998,0
-0.37694681,-2.7059531,0.68733448,-0.0058609024,-0.97710001,-0.2126998,0
3.1807032,-0.88144577,0.018912077,0.74136209,-0.14698908,0.65481007,0
-0.23358417,-2.0610445,-2.2791953,-0.0058609024,-0.97710001,-0.2126998,0
-3.4383187,0.23205116,1.004231,-0.67107952,-0.15384981,0.72524631,0
-1.7578377,1.0836391,2.7398524,-0.67107952,-0.15384981,0.72524631,0
-1.8172343,2.0704892,2.2923181,0.0058609024,0.97710001,0.2126998,0
-1.1134746,2.5596395,-1.9826703,-0.74136209,0.14698908,-0.65481007,0
-2.4202981,-2.2889683,-1.171904,-0.0058609024,-0.97710001,-0.2126998,0
1.0953782,0.97121441,-2.9169288,0.67107952,0.15384981,-0.72524631,0
-2.2425365,1.5556532,-0.92974138,-0.74136209,0.14698908,-0.65481007,0
-0.043217421,-1.941698,-2.8326945,-0.0058609024,-0.97710001,-0.2126998,0
0.33763218,1.6241806,3.8002295,0.74136209,-0.14698908,0.65481007,0
-0.26959562,1.2384602,-3.2346644,-0.74136209,0.14698908,-0.65481007,0
2.9755373,0.54924673,0.57235217,0.74136209,-0.14698908,0.65481007,0
-0.91029906,-2.0919414,2.8504398,-0.67107952,-0.15384981,0.72524631,0
-0.8850069,-0.069298029,-2.83147,-0.74136209,0.14698908,-0.65481007,0
2.4233003,2.2338133,1.4251925,0.0058609024,0.97710001,0.2126998,0
-1.4494295,-0.052936733,-2.1887693,-0.74136209,0.14698908,-0.65481007,0
-1.6521993,-1.27055,2.3381963,-0.67107952,-0.15384981,0.72524631,0
0.28887224,-0.47568172,3.3840656,0.74136209,-0.14698908,0.65481007,0
3.5931277,0.50316727,-0.13721418,0.74136209,-0.14698908,0.65481007,0
-0.18612909,2.9326794,-2.948853,-0.74136209,0.14698908,-0.65481007,0
1.4205008,-2.7016075,0.61784393,-0.0058609024,-0.97710001,-0.2126998,0
0.43259621,1.7575456,3.6679237,0.0058609024,0.97710001,0.2126998,0
2.1225462,-0.29251438,-2.2345579,0.67107952,0.15384981,-0.72524631,0
2.7276034,1.0904312,0.97454071,0.74136209,-0.14698908,0.65481007,0
3.4327106,1.3293304,-0.67819738,0.67107952,0.15384981,-0.72524631,0
-0.76690435,-2.5194366,2.8924379,-0.67107952,-0.15384981,0.72524631,0
-2.0680275,-0.29804704,2.1597266,-0.67107952,-0.15384981,0.72524631,0
2.2374914,-1.6248142,-2.4108248,0.67107952,0.15384981,-0.72524631,0
2.5827315,1.0624981,1.1322918,0.74136209,-0.14698908,0.65481007,0
-0.87321186,-2.054436,-2.291929,-0.0058609024,-0.97710001,-0.2126998,0
2.8713822,-2.0870869,0.098481655,0.74136209,-0.14698908,0.65481007,0
-0.80296421,-0.74434215,-3.0758879,-0.74136209,0.14698908,-0.65481007,0
0.76419878,-2.4539914,2.4018285,0.74136209,-0.14698908,0.65481007,0
0.11172247,-0.47169822,-4.0502748,-0.74136209,0.14698908,-0.65481007,0
-0.066983938,-3.1056294,2.5148268,-0.0058609024,-0.97710001,-0.2126998,0
0.92917466,-0.096523583,2.7442405,0.74136209,-0.14698908,0.65481007,0
-0.70064378,1.655036,-2.6531308,-0.74136209,0.14698908,-0.65481007,0
3.2292118,-1.1443573,-1.391252,0.67107952,0.15384981,-0.72524631,0
3.7923646,1.2520347,-0.19468307,0.74136209,-0.14698908,0.65481007,0
-0.45555663,-0.56452757,-3.4288511,-0.74136209,0.14698908,-0.65481007,0
1.4460826,2.7688727,-2.2110724,0.67107952,0.15384981,-0.72524631,0
0.53311205,-0.2567187,3.1566944,0.74136209,-0.14698908,0.65481007,0
-1.4444249,-2.5121779,-0.17341447,-0.0058609024,-0.97710001,-0.2126998,0
-0.4983952,-0.61200589,3.5455256,-0.67107952,-0.15384981,0.72524631,0
1.4785016,2.3589649,0.87630486,0.0058609024,0.97710001,0.2126998,0
0.7102406,-2.5122581,2.4498389,0.74136209,-0.14698908,0.65481007,0
-0.1385603,-1.0804514,-3.9035599,-0.74136209,0.14698908,-0.65481007,0
-2.2043135,2.1913693,1.7476854,0.0058609024,0.97710001,0.2126998,0
3.2130008,-1.1063393,-0.068137646,0.74136209,-0.14698908,0.65481007,0
-2.3450084,-2.4378242,1.4495118,-0.67107952,-0.15384981,0.72524631,0
-0.89039254,0.65864462,-2.6619663,-0.74136209,0.14698908,-0.65481007,0
-2.5716782,-1.2686906,-1.1910908,-0.74136209,0.14698908,-0.65481007,0
1.4364623,2.9988973,-2.0622566,0.0058609024,0.97710001,0.2126998,0
-1.0317302,1.9244826,2.9413979,0.0058609024,0.97710001,0.2126998,0
-2.5641398,2.6334743,-0.27334118,0.0058609024,0.97710001,0.2126998,0
-1.2816541,2.5756171,-0.042895436,0.0058609024,0.97710001,0.2126998,0
0.83197618,0.942855,-3.1666741,0.67107952,0.15384981,-0.72524631,0
0.70183587,0.10787928,3.0475125,0.74136209,-0.14698908,0.65481007,0
-0.75501001,2.5911579,-0.1287981,0.0058609024,0.97710001,0.2126998,0
-2.5736876,-2.6518865,0.49949408,-0.0058609024,-0.97710001,-0.2126998,0
-0.036666572,2.6219614,-0.29009715,0.0058609024,0.97710001,0.2126998,0
-1.824816,0.95178014,2.6499045,-0.67107952,-0.15384981,0.72524631,0
-2.0889518,0.089041814,-1.4328451,-0.74136209,0.14698908,-0.65481007,0
0.15423489,2.8732777,-1.4498541,0.0058609024,0.97710001,0.2126998,0
-2.300678,0.86514425,2.191205,-0.67107952,-0.15384981,0.72524631,0
1.8902066,2.1241686,1.9435682,0.0058609024,0.97710001,0.2126998,0
-1.31054,2.447325,0.54724872,0.0058609024,0.97710001,0.2126998,0
2.7763941,-2.1277308,-2.018857,0.67107952,0.15384981,-0.72524631,0
-0.97763515,-1.8962425,-3.0157607,-0.0058609024,-0.97710001,-0.2126998,0
1.6316242,-0.33355781,1.8957341,0.74136209,-0.14698908,0.65481007,0
-0.66594434,-2.8549228,2.91469,-0.67107952,-0.15384981,0.72524631,0
2.0586219,0.53479606,-2.1182077,0.67107952,0.15384981,-0.72524631,0
0.032539845,-0.8272928,-4.0404482,-0.74136209,0.14698908,-0.65481007,0
-0.94863892,2.1942649,-2.2513111,-0.74136209,0.14698908,-0.65481007,0
1.7265877,-0.45066231,-2.6344917,0.67107952,0.15384981,-0.72524631,0
-2.5358863,0.86176443,-0.75337791,-0.74136209,0.14698908,-0.65481007,0
-3.780673,-1.9337473,0.028418064,-0.74136209,0.14698908,-0.65481007,0
0.54617095,2.0177071,2.4696653,0.0058609024,0.97710001,0.2126998,0
-1.6626112,-1.5168309,2.2763171,-0.67107952,-0.15384981,0.72524631,0
2.5533533,-2.4082119,-0.76117158,-0.0058609024,-0.97710001,-0.2126998,0
-0.031682491,3.129581,-3.0795143,-0.74136209,0.14698908,-0.65481007,0
2.3487606,0.086033046,-1.9449363,0.67107952,0.15384981,-0.72524631,0
1.5195068,1.0647931,-2.5046258,0.67107952,0.15384981,-0.72524631,0
-2.1200078,-0.6651352,-1.5669792,-0.74136209,0.14698908,-0.65481007,0
-3.8154917,1.0588651,0.73960781,-0.74136209,0.14698908,-0.65481007,0
-0.98506856,2.8895137,-1.4930456,0.0058609024,0.97710001,0.2126998,0
1.4645194,1.8580818,-2.387223,0.67107952,0.15384981,-0.72524631,0
-0.16308832,1.8464322,-3.2187753,-0.74136209,0.14698908,-0.65481007,0
0.90011668,-0.18845975,-3.3436141,0.67107952,0.15384981,-0.72524631,0
-0.39576769,2.4764152,0.38840765,0.0058609024,0.97710001,0.2126998,0
1.6724715,1.0895212,2.1689343,0.74136209,-0.14698908,0.65481007,0
3.5103931,1.9344556,-0.47794867,0.67107952,0.15384981,-0.72524631,0
-1.8582637,2.3549893,-1.1853749,-0.74136209,0.14698908,-0.65481007,0
0.48660731,-2.0313847,-2.4352911,-0.0058609024,-0.97710001,-0.2126998,0
3.1676786,0.38241062,-1.1243095,0.67107952,0.15384981,-0.72524631,0
-3.8398423,-0.30897349,0.51792574,-0.67107952,-0.15384981,0.72524631,0
-0.63687515,-2.6554365,2.983906,-0.67107952,-0.15384981,0.72524631,0
-1.1986835,0.99585271,3.2386227,-0.67107952,-0.15384981,0.72524631,0
-1.3230734,1.7305043,-1.9314877,-0.74136209,0.14698908,-0.65481007,0
-1.2712831,-2.6919942,0.64785409,-0.0058609024,-0.97710001,-0.2126998,0
3.4432492,-2.1814663,-1.4132071,0.67107952,0.15384981,-0.72524631,0
-3.3929667,0.72311002,0.18586564,-0.74136209,0.14698908,-0.65481007,0
-2.4605093,-2.700196,1.2869794,-0.67107952,-0.15384981,0.72524631,0
2.0074115,2.4113047,0.62129259,0.0058609024,0.97710001,0.2126998,0
2.7004623,-2.2924032,-1.2972257,-0.0058609024,-0.97710001,-0.2126998,0
3.4256449,-1.356951,-0.36514544,0.74136209,-0.14698908,0.65481007,0
-3.7824581,1.8226236,0.87365389,-0.74136209,0.14698908,-0.65481007,0
-0.11137235,2.1250849,1.9945117,0.0058609024,0.97710001,0.2126998,0
-3.6387167,0.76232576,0.47290134,-0.74136209,0.14698908,-0.65481007,0
0.92299777,-2.4910796,-0.33556986,-0.0058609024,-0.97710001,-0.2126998,0
2.1108236,1.3731534,-1.8920598,0.67107952,0.15384981,-0.72524631,0
-0.42163301,-1.5814059,3.4109118,-0.67107952,-0.15384981,0.72524631,0
3.6759982,0.1737482,-0.30498457,0.74136209,-0.14698908,0.65481007,0
-3.2861116,-0.072818495,-0.1137805,-0.74136209,0.14698908,-0.65481007,0
-2.4797659,-1.1150168,-1.2606567,-0.74136209,0.14698908,-0.65481007,0
0.27814555,2.510566,0.2129553,0.0058609024,0.97710001,0.2126998,0
1.6793282,-1.6713115,1.5414313,0.74136209,-0.14698908,0.65481007,0
2.6387465,-2.4929776,-0.37412786,-0.0058609024,-0.97710001,-0.2126998,0
1.0516307,0.36488584,-3.0860319,0.67107952,0.15384981,-0.72524631,0
2.7118392,-2.5097332,-0.29917002,-0.0058609024,-0.97710001,-0.2126998,0
-2.8565383,0.51872271,-0.46734762,-0.74136209,0.14698908,-0.65481007,0
-2.5910974,-1.7015096,-1.2662625,-0.74136209,0.14698908,-0.65481007,0
0.41177511,-1.9335566,-2.8826313,-0.0058609024,-0.97710001,-0.2126998,0
1.134685,-0.85990077,2.3402069,0.74136209,-0.14698908,0.65481007,0
2.0541978,1.2266794,1.7675411,0.74136209,-0.14698908,0.65481007,0
3.47598,-2.0186319,-1.3483782,0.67107952,0.15384981,-0.72524631,0
0.0015146732,2.0893071,2.1557577,0.0058609024,0.97710001,0.2126998,0
1.3598888,-0.60758632,2.1418743,0.74136209,-0.14698908,0.65481007,0
0.40385103,1.5933517,3.7183375,0.74136209,-0.14698908,0.65481007,0
0.64561582,-0.5395664,2.9658277,0.74136209,-0.14698908,0.65481007,0
2.9773307,0.63595814,0.58978605,0.74136209,-0.14698908,0.65481007,0
1.6443582,-2.1027205,-2.1394899,-0.0058609024,-0.97710001,-0.2126998,0
1.5288901,1.2826016,-2.449739,0.67107952,0.15384981,-0.72524631,0
0.17366028,0.42603487,3.7169201,0.74136209,-0.14698908,0.65481007,0
-0.23479795,3.1567824,-2.8434453,-0.74136209,0.14698908,-0.65481007,0
-2.384428,-2.8324625,1.3293197,-0.67107952,-0.15384981,0.72524631,0
-1.8624539,2.4346738,0.62057304,0.0058609024,0.97710001,0.2126998,0
-1.6179876,0.69799298,2.7874484,-0.67107952,-0.15384981,0.72524631,0
-3.1214314,0.8494578,1.4284241,-0.67107952,-0.15384981,0.72524631,0
1.459604,-0.67798036,-2.9297574,0.67107952,0.15384981,-0.72524631,0
2.8809109,2.2335515,-0.99696827,0.67107952,0.15384981,-0.72524631,0
0.80039573,-2.8246737,1.2002718,-0.0058609024,-0.97710001,-0.2126998,0
-1.4077953,-3.008431,2.1956816,-0.67107952,-0.15384981,0.72524631,0
2.8377671,-0.77941597,0.43008018,0.74136209,-0.14698908,0.65481007,0
2.8308122,0.96829534,0.83027363,0.74136209,-0.14698908,0.65481007,0
-2.5146255,-1.1580888,1.564039,-0.67107952,-0.15384981,0.72524631,0
0.26052284,-0.2822409,3.4595852,0.74136209,-0.14698908,0.65481007,0
0.73868799,0.70984411,-3.3024242,0.67107952,0.15384981,-0.72524631,0
1.046608,-0.68432415,2.4793384,0.74136209,-0.14698908,0.65481007,0
3.646229,-1.2314032,-0.58670282,0.74136209,-0.14698908,0.65481007,0
-0.061020851,-2.9220498,1.671334,-0.0058609024,-0.97710001,-0.2126998,0
-2.2200289,2.6402073,-0.31375396,0.0058609024,0.97710001,0.2126998,0
-2.304564,0.52588481,2.1156406,-0.67107952,-0.15384981,0.72524631,0
-3.6170065,1.7221508,0.66377974,-0.74136209,0.14698908,-0.65481007,0
-0.97452259,0.7374714,3.3912292,-0.67107952,-0.15384981,0.72524631,0
-2.1711731,0.20655304,-1.3133777,-0.74136209,0.14698908,-0.65481007,0
-0.09825182,0.36614645,4.0113297,0.74136209,-0.14698908,0.65481007,0
2.264189,2.6119142,-0.30734086,0.0058609024,0.97710001,0.2126998,0
1.7352978,-0.31323999,-2.5972805,0.67107952,0.15384981,-0.72524631,0
-0.06695801,-2.3135886,-1.12365,-0.0058609024,-0.97710001,-0.2126998,0
0.72724891,2.0531783,-3.0280418,0.67107952,0.15384981,-0.72524631,0
2.7293887,-2.5740788,0.14992547,0.74136209,-0.14698908,0.65481007,0
1.8738763,-0.48300821,-2.5050654,0.67107952,0.15384981,-0.72524631,0
0.21987391,-3.0714664,2.3499842,-0.0058609024,-0.97710001,-0.2126998,0
-2.3255954,-0.48191765,-1.2930894,-0.74136209,0.14698908,-0.65481007,0
-0.38445902,0.059851229,-3.3691876,-0.74136209,0.14698908,-0.65481007,0
-2.8441982,0.23078972,1.5537107,-0.67107952,-0.15384981,0.72524631,0
3.1891246,2.1320055,-0.73331594,0.67107952,0.15384981,-0.72524631,0
1.6933177,-2.132328,1.4221053,0.74136209,-0.14698908,0.65481007,0
-1.4687943,-2.9258289,1.7274861,-0.0058609024,-0.97710001,-0.2126998,0
1.2123523,2.8955312,-1.5812383,0.0058609024,0.97710001,0.2126998,0
-0.27980089,1.188098,4.1296573,-0.67107952,-0.15384981,0.72524631,0
-2.0714364,1.8594118,-1.0552707,-0.74136209,0.14698908,-0.65481007,0
-1.8077338,-0.66331333,-1.92012,-0.74136209,0.14698908,-0.65481007,0
-3.1757793,1.5346397,1.5234866,-0.67107952,-0.15384981,0.72524631,0
-0.66306734,-2.0552506,3.0869904,-0.67107952,-0.15384981,0.72524631,0
0.4635787,3.135148,-2.6613567,0.0058609024,0.97710001,0.2126998,0
-3.30018,0.64003038,0.062164783,-0.74136209,0.14698908,-0.65481007,0
2.9963036,-0.78222978,-1.5299454,0.67107952,0.15384981,-0.72524631,0
2.6132674,-1.7901872,0.45736003,0.74136209,-0.14698908,0.65481007,0
1.3355495,-0.36500973,-2.9781547,0.67107952,0.15384981,-0.72524631,0
-3.7346878,-0.90710175,0.48834372,-0.67107952,-0.15384981,0.72524631,0
0.4786458,1.5915369,3.6332493,0.74136209,-0.14698908,0.65481007,0
1.6121426,-1.5430173,1.6462961,0.74136209,-0.14698908,0.65481007,0
0.88684726,0.56436676,2.9405169,0.74136209,-0.14698908,0.65481007,0
-0.74066508,2.4063256,0.71988922,0.0058609024,0.97710001,0.2126998,0
2.7405217,-0.83791512,-1.7784359,0.67107952,0.15384981,-0.72524631,0
-0.2888124,1.3381648,-3.190527,-0.74136209,0.14698908,-0.65481007,0
0.33632421,0.93438858,3.6468687,0.74136209,-0.14698908,0.65481007,0
1.0221112,-0.49151194,2.550355,0.74136209,-0.14698908,0.65481007,0
2.8860054,2.6906328,-0.68609357,0.0058609024,0.97710001,0.2126998,0
-0.079614162,2.5763876,-3.1494253,-0.74136209,0.14698908,-0.65481007,0
3.4772494,-0.45718831,-0.22159576,0.74136209,-0.14698908,0.65481007,0
-3.1679344,-0.4961544,-0.34260654,-0.74136209,0.14698908,-0.65481007,0
-0.1883378,2.5889795,-3.0235045,-0.74136209,0.14698908,-0.65481007,0
-1.0140715,-0.6739952,3.0552135,-0.67107952,-0.15384981,0.72524631,0
0.86301517,2.1520984,-2.8814311,0.67107952,0.15384981,-0.72524631,0
-2.1620777,-0.44081914,-1.4689945,-0.74136209,0.14698908,-0.65481007,0
0.79089332,-3.0111833,2.0573206,-0.0058609024,-0.97710001,-0.2126998,0
-0.72700763,2.9982281,-2.3217676,-0.74136209,0.14698908,-0.65481007,0
-2.4440527,2.0992079,2.1776628,0.0058609024,0.97710001,0.2126998,0
1.1898084,-2.0159645,-2.5255041,-0.0058609024,-0.97710001,-0.2126998,0
-2.6796432,2.0824971,-0.3165946,-0.74136209,0.14698908,-0.65481007,0
1.2869275,-2.3966177,-0.77953768,-0.0058609024,-0.97710001,-0.2126998,0
2.0622435,-1.6220511,1.1189599,0.74136209,-0.14698908,0.65481007,0
1.5910307,2.6194956,-0.3236208,0.0058609024,0.97710001,0.2126998,0
0.43780923,1.2478805,-3.4666958,0.67107952,0.15384981,-0.72524631,0
3.6549246,1.1768291,-0.055958271,0.74136209,-0.14698908,0.65481007,0
3.7457232,-0.29639614,-0.48946238,0.74136209,-0.14698908,0.65481007,0
2.7877688,-2.2120306,-1.6688476,-0.0058609024,-0.97710001,-0.2126998,0
2.2343299,-1.0209781,1.0590543,0.74136209,-0.14698908,0.65481007,0
0.60628939,-0.99080443,2.9090605,0.74136209,-0.14698908,0.65481007,0
-3.5414121,-0.25677174,0.13397217,-0.74136209,0.14698908,-0.65481007,0
-2.1713259,-0.31096178,-1.4293745,-0.74136209,0.14698908,-0.65481007,0
2.1113398,1.2001659,-1.9282784,0.67107952,0.15384981,-0.72524631,0
2.0574508,-1.804723,-2.6155834,0.67107952,0.15384981,-0.72524631,0
0.2062211,3.0905728,-3.2900887,0.67107952,0.15384981,-0.72524631,0
-1.0696809,-0.44379964,-2.7064526,-0.74136209,0.14698908,-0.65481007,0
-0.27121067,-2.6569886,3.3219304,-0.67107952,-0.15384981,0.72524631,0
3.7892179,-0.56583828,-0.75034761,0.67107952,0.15384981,-0.72524631,0
-3.0774016,0.7770924,1.4538145,-0.67107952,-0.15384981,0.72524631,0
-1.7088848,2.166373,1.848861,0.0058609024,0.97710001,0.2126998,0
2.9508705,0.72714376,-1.2517943,0.67107952,0.15384981,-0.72524631,0
2.9358897,-2.2218022,-1.6280406,-0.0058609024,-0.97710001,-0.2126998,0
1.6340604,1.3098061,2.2618716,0.74136209,-0.14698908,0.65481007,0
-0.33050346,1.2952217,4.1054668,-0.67107952,-0.15384981,0.72524631,0
3.771481,2.1600902,-0.18849611,0.67107952,0.15384981,-0.72524631,0
-2.4124322,-1.7744026,1.5278583,-0.67107952,-0.15384981,0.72524631,0
-2.9012558,-1.6894469,-0.91239977,-0.74136209,0.14698908,-0.65481007,0
-1.3886396,2.3117383,1.1722584,0.0058609024,0.97710001,0.2126998,0
3.594599,-2.0481336,-1.2448764,0.67107952,0.15384981,-0.72524631,0
1.9486879,2.2760987,1.2440202,0.0058609024,0.97710001,0.2126998,0
3.353848,-0.75019968,-0.14765668,0.74136209,-0.14698908,0.65481007,0
-3.5141828,0.80715775,0.34197092,-0.74136209,0.14698908,-0.65481007,0
-0.082825184,0.32076579,-3.652123,-0.74136209,0.14698908,-0.65481007,0
0.84088397,-1.7691705,-3.6496124,-0.0058609024,-0.97710001,-0.2126998,0
-1.0405204,-3.0080514,2.5356066,-0.67107952,-0.15384981,0.72524631,0
0.031090379,2.6533842,-0.43631461,0.0058609024,0.97710001,0.2126998,0
1.1924891,1.8563399,-2.6393054,0.67107952,0.15384981,-0.72524631,0
-2.1236029,2.6467421,-0.34642994,0.0058609024,0.97710001,0.2126998,0
-2.0862525,0.38550031,-1.3693535,-0.74136209,0.14698908,-0.65481007,0
0.89797139,0.96206665,-3.1015325,0.67107952,0.15384981,-0.72524631,0
3.0299585,2.2564344,-0.85419798,0.67107952,0.15384981,-0.72524631,0
1.2528841,2.3286426,1.0218172,0.0058609024,0.97710001,0.2126998,0
2.9366276,2.6958168,-0.71130252,0.0058609024,0.97710001,0.2126998,0
1.3986733,1.9765724,-2.4230156,0.67107952,0.15384981,-0.72524631,0
3.7543874,-2.238302,-1.1373639,0.67107952,0.15384981,-0.72524631,0
2.4481654,-1.1901038,0.77898908,0.74136209,-0.14698908,0.65481007,0
-1.6243389,-2.342993,-0.94565755,-0.0058609024,-0.97710001,-0.2126998,0
-2.6151204,0.34239942,-0.78025603,-0.74136209,0.14698908,-0.65481007,0
-0.54303169,0.80333722,-3.0227609,-0.74136209,0.14698908,-0.65481007,0
1.7356634,1.1356207,-2.2895889,0.67107952,0.15384981,-0.72524631,0
2.3729589,2.5871389,-0.19652653,0.0058609024,0.97710001,0.2126998,0
0.26913738,0.72194922,3.6752484,0.74136209,-0.14698908,0.65481007,0
-1.7652682,-1.2866998,2.2301455,-0.67107952,-0.15384981,0.72524631,0
3.8286695,-2.2980733,-1.0813093,0.67107952,0.15384981,-0.72524631,0
-2.1455469,-2.8192115,1.2563546,-0.0058609024,-0.97710001,-0.2126998,0
0.6213932,-2.8454647,1.300714,-0.0058609024,-0.97710001,-0.2126998,0
-1.5097272,-2.3460906,2.2418683,-0.67107952,-0.15384981,0.72524631,0
1.317933,-2.4215815,-0.66571212,-0.0058609024,-0.97710001,-0.2126998,0
-3.0828853,0.82768518,-0.14172697,-0.74136209,0.14698908,-0.65481007,0
2.9360695,-0.48180294,0.38559127,0.74136209,-0.14698908,0.65481007,0
-2.8709879,2.1875257,1.7837112,0.0058609024,0.97710001,0.2126998,0
0.1866498,2.3748384,-3.4600296,0.67107952,0.15384981,-0.72524631,0
-2.8550725,1.6525803,-0.21448278,-0.74136209,0.14698908,-0.65481007,0
-2.4253235,-1.5765733,1.5578961,-0.67107952,-0.15384981,0.72524631,0
-0.54958177,-0.8322767,-3.3825011,-0.74136209,0.14698908,-0.65481007,0
0.087618351,2.2517779,-3.4116302,-0.74136209,0.14698908,-0.65481007,0
3.6901746,-0.64767861,-0.85935497,0.67107952,0.15384981,-0.72524631,0
2.5097971,0.61356753,1.1140922,0.74136209,-0.14698908,0.65481007,0
1.6195827,-0.37075496,-2.7165542,0.67107952,0.15384981,-0.72524631,0
1.4817442,2.56428,-0.06695962,0.0058609024,0.97710001,0.2126998,0
-2.9427836,-0.29694891,1.3505368,-0.67107952,-0.15384981,0.72524631,0
-1.874223,2.7655945,-1.0751355,-0.74136209,0.14698908,-0.65481007,0
-1.4210443,-1.5488033,2.4930599,-0.67107952,-0.15384981,0.72524631,0
3.4257112,2.4738746,0.29477811,0.0058609024,0.97710001,0.2126998,0
-2.4076848,2.2409582,1.5254862,0.0058609024,0.97710001,0.2126998,0
1.7839341,2.7784476,-1.0591297,0.0058609024,0.97710001,0.2126998,0
1.7032999,2.8742251,-1.4968901,0.0058609024,0.97710001,0.2126998,0
-0.39263046,2.7221239,-0.7404148,0.0058609024,0.97710001,0.2126998,0
-2.9772081,0.63779217,-0.30399966,-0.74136209,0.14698908,-0.65481007,0
-0.32200134,-2.2362473,-1.4719121,-0.0058609024,-0.97710001,-0.2126998,0
-0.68836391,2.2986102,1.2132699,0.0058609024,0.97710001,0.2126998,0
-2.5506282,-0.44562417,-1.0301651,-0.74136209,0.14698908,-0.65481007,0
2.5102477,-2.4680586,0.42183137,0.74136209,-0.14698908,0.65481007,0
2.6426759,2.0578361,1.2878529,0.74136209,-0.14698908,0.65481007,0
1.5035875,-2.2196085,1.6173217,0.74136209,-0.14698908,0.65481007,0
3.339252,-1.7849612,-0.36341047,0.74136209,-0.14698908,0.65481007,0
1.0102234,2.0725646,2.2048745,0.0058609024,0.97710001,0.2126998,0
-1.8250065,-2.2850392,1.9630876,-0.67107952,-0.15384981,0.72524631,0
2.2721999,1.5990062,-1.6948252,0.67107952,0.15384981,-0.72524631,0
-2.1775475,1.4234334,-1.0330005,-0.74136209,0.14698908,-0.65481007,0
0.73622179,3.0374162,-2.2199092,0.0058609024,0.97710001,0.2126998,0
-1.3001835,-1.6072996,2.592484,-0.67107952,-0.15384981,0.72524631,0
-0.064901948,-2.7198503,0.74257821,-0.0058609024,-0.97710001,-0.2126998,0
-2.6811101,0.96095675,-0.56669283,-0.74136209,0.14698908,-0.65481007,0
-2.1232519,2.2552772,-0.90774369,-0.74136209,0.14698908,-0.65481007,0
1.2206082,-2.5676615,0.008031249,-0.0058609024,-0.97710001,-0.2126998,0
-1.0803969,0.46728536,-2.4898033,-0.74136209,0.14698908,-0.65481007,0
1.3690354,-1.1792768,-3.1199036,0.67107952,0.15384981,-0.72524631,0
-1.9114945,-0.13693213,2.3387463,-0.67107952,-0.15384981,0.72524631,0
1.0566778,-0.5725832,2.4930205,0.74136209,-0.14698908,0.65481007,0
0.12251329,-2.7048466,3.0720205,0.74136209,-0.14698908,0.65481007,0
-2.3538373,-1.9700741,-1.5951694,-0.74136209,0.14698908,-0.65481007,0
-1.3188728,0.43502969,3.00844,-0.67107952,-0.15384981,0.72524631,0
0.42295337,2.1414318,1.9046946,0.0058609024,0.97710001,0.2126998,0
-2.7618833,2.0127399,-0.23914313,-0.74136209,0.14698908,-0.65481007,0
0.43898463,0.84259772,-3.5515821,0.67107952,0.15384981,-0.72524631,0
0.16268969,2.4949515,-3.4420371,-0.74136209,0.14698908,-0.65481007,0
2.5244701,-1.8847193,0.53667498,0.74136209,-0.14698908,0.65481007,0
-2.425736,-2.1295557,1.4402082,-0.67107952,-0.15384981,0.72524631,0
-0.55225766,2.7921267,-1.0575943,0.0058609024,0.97710001,0.2126998,0
1.2690015,-2.2842741,-1.2951273,-0.0058609024,-0.97710001,-0.2126998,0
3.0114546,2.1163542,0.88346553,0.74136209,-0.14698908,0.65481007,0
-2.6753912,2.2852073,1.3295922,0.0058609024,0.97710001,0.2126998,0
-2.446178,2.466213,-0.494784,-0.74136209,0.14698908,-0.65481007,0
-2.9454598,-0.27519622,-0.54488802,-0.74136209,0.14698908,-0.65481007,0
-0.67804956,1.9847718,2.654695,0.0058609024,0.97710001,0.2126998,0
0.14970255,2.1564674,-3.5033157,-0.74136209,0.14698908,-0.65481007,0
0.42396808,-0.92074066,-3.9395418,0.67107952,0.15384981,-0.72524631,0
2.1131058,2.4767251,0.31785297,0.0058609024,0.97710001,0.2126998,0
1.7986685,-2.6922719,0.5645386,-0.0058609024,-0.97710001,-0.2126998,0
-1.0530503,1.6871209,3.52002,-0.67107952,-0.15384981,0.72524631,0
1.794057,-2.0561655,-2.3574796,-0.0058609024,-0.97710001,-0.2126998,0
2.7380865,-2.1217651,0.24161124,0.74136209,-0.14698908,0.65481007,0
2.5787153,-0.55799115,0.77307749,0.74136209,-0.14698908,0.65481007,0
-0.24108076,-3.0859842,2.4293785,-0.0058609024,-0.97710001,-0.2126998,0
-0.52746749,-1.1891291,3.3961964,-0.67107952,-0.15384981,0.72524631,0
-3.1231532,0.48706576,-0.17259741,-0.74136209,0.14698908,-0.65481007,0
-3.4362364,-2.1025219,-0.39943123,-0.74136209,0.14698908,-0.65481007,0
