3.3069849,-3.1453614,-0.52180862,0.30592152,-0.32470578,-0.89497387,0
-3.9986048,1.1947341,-1.6879272,-0.88728356,0.2435725,-0.39166343,0
0.056213617,-2.0610735,2.9765124,-0.34516639,-0.91391385,0.21359202,0
3.2627349,-2.9846075,2.2418759,0.88728356,-0.2435725,0.39166343,0
-1.3383029,-2.5679584,-1.4458866,-0.34516639,-0.91391385,0.21359202,0
1.6049204,1.6414567,-2.0875564,0.34516639,0.91391385,-0.21359202,0
4.223906,0.42258322,2.1833212,0.88728356,-0.2435725,0.39166343,0
-3.4643078,-0.071966171,1.6353121,-0.30592152,0.32470578,0.89497387,0
-3.0356088,3.1302969,-2.6658092,-0.88728356,0.2435725,-0.39166343,0
-4.013247,3.2166796,-0.39732289,-0.88728356,0.2435725,-0.39166343,0
-2.8120365,3.4141917,-1.6402442,0.34516639,0.91391385,-0.21359202,0
-0.77817392,-1.913288,2.2604775,-0.34516639,-0.91391385,0.21359202,0
1.0723739,0.72772837,-2.6908443,0.30592152,-0.32470578,-0.89497387,0
3.3720183,-2.4397862,2.3331227,0.88728356,-0.2435725,0.39166343,0
0.85976356,0.23203051,3.0030804,-0.30592152,0.32470578,0.89497387,0
-4.2432165,2.3841691,-0.39407778,-0.88728356,0.2435725,-0.39166343,0
2.3450789,0.58437586,-2.2037964,0.30592152,-0.32470578,-0.89497387,0
4.2421708,1.2510574,2.6571648,0.88728356,-0.2435725,0.39166343,0
3.0641658,-1.1128781,-1.3422153,0.30592152,-0.32470578,-0.89497387,0
-0.067080736,0.2865063,2.6665006,-0.30592152,0.32470578,0.89497387,0
-2.9623716,1.9506829,1.0730467,-0.30592152,0.32470578,0.89497387,0
-4.2311177,2.6057281,0.40170455,-0.30592152,0.32470578,0.89497387,0
3.0196609,-1.6765646,3.6060026,0.88728356,-0.2435725,0.39166343,0
4.7320414,-1.754277,-0.32159328,0.88728356,-0.2435725,0.39166343,0
-4.3580842,0.19953465,-1.4924605,-0.88728356,0.2435725,-0.39166343,0
-1.9332221,-0.30497485,-3.3435471,0.30592152,-0.32470578,-0.89497387,0
-5.115169,0.14420748,0.99258149,-0.30592152,0.32470578,0.89497387,0
3.2596669,-0.52369463,3.7792482,0.88728356,-0.2435725,0.39166343,0
-1.4971833,-1.3249919,2.7623286,-0.30592152,0.32470578,0.89497387,0
3.4630442,-3.9888847,-0.16242504,0.30592152,-0.32470578,-0.89497387,0
-1.0578468,-1.7730809,2.4084404,-0.34516639,-0.91391385,0.21359202,0
-3.5986164,-1.1685697,0.889108,-0.34516639,-0.91391385,0.21359202,0
3.702791,-2.0709214,1.8131759,0.88728356,-0.2435725,0.39166343,0
4.2179275,-2.9461308,-0.28271151,0.30592152,-0.32470578,-0.89497387,0
-3.0311499,-1.3492665,1.0329778,-0.34516639,-0.91391385,0.21359202,0
1.8056731,-3.5693126,-0.88117599,0.30592152,-0.32470578,-0.89497387,0
2.7080321,-2.4149549,3.8527751,0.88728356,-0.2435725,0.39166343,0
-0.87022638,3.0873246,0.099141121,0.34516639,0.91391385,-0.21359202,0
-0.67730343,-1.6296628,-2.4336364,0.30592152,-0.32470578,-0.89497387,0
4.1997828,-1.1815497,1.2403722,0.88728356,-0.2435725,0.39166343,0
4.1464067,-1.9998677,0.85238671,0.88728356,-0.2435725,0.39166343,0
4.5595407,-2.0212057,-0.096806765,0.88728356,-0.2435725,0.39166343,0
4.2651687,-1.1006585,1.1425514,0.88728356,-0.2435725,0.39166343,0
0.31273657,0.47191632,2.7290616,-0.30592152,0.32470578,0.89497387,0
0.082848132,-0.74020934,-2.4965029,0.30592152,-0.32470578,-0.89497387,0
4.9210453,0.9614352,0.93911386,0.88728356,-0.2435725,0.39166343,0
4.2284303,-0.41317415,1.6533206,0.88728356,-0.2435725,0.39166343,0
-2.377131,-2.0482357,-0.90086097,-0.34516639,-0.91391385,0.21359202,0
4.7920089,1.253868,1.4132978,0.88728356,-0.2435725,0.39166343,0
-4.8538451,0.20202231,1.0609319,-0.30592152,0.32470578,0.89497387,0
-1.6138982,-0.18706727,2.309582,-0.30592152,0.32470578,0.89497387,0
-3.9020944,3.5824261,-0.42167664,-0.88728356,0.2435725,-0.39166343,0
0.74886096,0.53765786,-2.7324686,0.30592152,-0.32470578,-0.89497387,0
1.9803883,-1.9921563,4.1930923,-0.30592152,0.32470578,0.89497387,0
-0.1308527,-1.0526627,-2.4561892,0.30592152,-0.32470578,-0.89497387,0
-0.82205951,3.3445086,1.2774144,0.34516639,0.91391385,-0.21359202,0
-4.3502645,-1.5380039,-1.9062895,-0.34516639,-0.91391385,0.21359202,0
-3.7742691,0.99927568,-2.3176956,-0.88728356,0.2435725,-0.39166343,0
-1.1314217,-2.7501671,-1.8911976,-0.34516639,-0.91391385,0.21359202,0
-3.2650859,3.2333763,-2.0818415,-0.88728356,0.2435725,-0.39166343,0
-4.8802943,0.40762329,-0.18002486,-0.88728356,0.2435725,-0.39166343,0
0.23795748,-2.2198195,2.5909717,-0.34516639,-0.91391385,0.21359202,0
0.66333115,2.2640495,-0.94523221,0.34516639,0.91391385,-0.21359202,0
-0.32271481,-2.5034618,0.47127831,-0.34516639,-0.91391385,0.21359202,0
-5.4166179,-0.06447053,0.74138403,-0.88728356,0.2435725,-0.39166343,0
-5.3060446,0.20642209,0.65935421,-0.88728356,0.2435725,-0.39166343,0
-1.0887549,2.9810686,-0.70864797,0.34516639,0.91391385,-0.21359202,0
3.0718429,1.839506,1.1304123,0.34516639,0.91391385,-0.21359202,0
3.0560863,2.183687,2.5776243,0.34516639,0.91391385,-0.21359202,0
2.9629321,1.9968953,1.6278458,0.34516639,0.91391385,-0.21359202,0
-2.5785549,0.73903275,-3.9429126,0.30592152,-0.32470578,-0.89497387,0
3.0316205,2.2403598,2.7805789,0.34516639,0.91391385,-0.21359202,0
-1.4024199,-1.8012912,-2.6192284,0.30592152,-0.32470578,-0.89497387,0
1.7474717,1.9090273,2.6980865,-0.30592152,0.32470578,0.89497387,0
3.4931688,1.5078883,0.39235795,0.34516639,0.91391385,-0.21359202,0
3.2197235,-0.51086879,3.877713,0.88728356,-0.2435725,0.39166343,0
2.1561971,0.60213721,-2.2748041,0.30592152,-0.32470578,-0.89497387,0
-2.6715086,-2.054642,-1.4039893,-0.34516639,-0.91391385,0.21359202,0
-4.1742005,-1.3851304,-2.8945255,-0.88728356,0.2435725,-0.39166343,0
1.923492,-1.1038659,3.8513632,-0.30592152,0.32470578,0.89497387,0
-3.1702454,3.3455398,-2.2269418,-0.88728356,0.2435725,-0.39166343,0
-0.9983772,0.88558865,2.1308098,-0.30592152,0.32470578,0.89497387,0
0.84874642,1.4397871,2.5611281,-0.30592152,0.32470578,0.89497387,0
1.1213194,2.0763574,-1.0082138,0.34516639,0.91391385,-0.21359202,0
4.6768889,-1.3025215,-0.72214723,0.30592152,-0.32470578,-0.89497387,0
0.71811509,0.74140358,-2.8168993,0.30592152,-0.32470578,-0.89497387,0
5.1016645,0.61580777,0.314991,0.88728356,-0.2435725,0.39166343,0
-0.17408478,-2.6203635,0.21126783,-0.34516639,-0.91391385,0.21359202,0
1.858377,2.14098,0.45938325,0.34516639,0.91391385,-0.21359202,0
2.8532424,0.78279603,3.4846716,-0.30592152,0.32470578,0.89497387,0
4.0998464,-1.3050315,-0.91848207,0.30592152,-0.32470578,-0.89497387,0
0.029466987,2.5502377,-0.74502432,0.34516639,0.91391385,-0.21359202,0
4.3012104,-2.4704471,0.20904136,0.88728356,-0.2435725,0.39166343,0
-0.87350506,0.53361297,2.3011944,-0.30592152,0.32470578,0.89497387,0
-4.2181387,0.64744449,1.1166266,-0.30592152,0.32470578,0.89497387,0
3.5479956,2.078027,2.9204578,0.34516639,0.91391385,-0.21359202,0
2.3186309,0.29664832,3.4783092,-0.30592152,0.32470578,0.89497387,0
4.8719783,-0.1852746,0.3371408,0.88728356,-0.2435725,0.39166343,0
2.3895302,-3.4886994,0.63866997,-0.34516639,-0.91391385,0.21359202,0
-0.9955225,-1.8362712,2.2387791,-0.34516639,-0.91391385,0.21359202,0
-3.9906905,0.8416388,1.1239177,-0.30592152,0.32470578,0.89497387,0
3.4513686,-1.603894,2.6731949,0.88728356,-0.2435725,0.39166343,0
3.7494397,1.0941403,3.6758242,0.88728356,-0.2435725,0.39166343,0
-0.28393573,3.1158085,1.1684685,0.34516639,0.91391385,-0.21359202,0
0.77620459,-2.6548145,1.5995345,-0.34516639,-0.91391385,0.21359202,0
0.91007537,-3.170068,-0.38878679,-0.34516639,-0.91391385,0.21359202,0
-4.0897455,-0.72491074,-2.6752667,-0.88728356,0.2435725,-0.39166343,0
-3.1046715,0.32247779,-3.9716206,0.30592152,-0.32470578,-0.89497387,0
4.1828966,-1.9888813,0.77655387,0.88728356,-0.2435725,0.39166343,0
-3.2721868,3.5935011,0.3711133,-0.30592152,0.32470578,0.89497387,0
3.8459039,-1.9011889,1.5945201,0.88728356,-0.2435725,0.39166343,0
1.6096754,1.0889368,2.9485223,-0.30592152,0.32470578,0.89497387,0
1.4591336,2.0248199,-0.68282068,0.34516639,0.91391385,-0.21359202,0
-0.60470212,-2.6329763,-0.53858101,-0.34516639,-0.91391385,0.21359202,0
-2.8754582,3.4540176,-1.5723276,0.34516639,0.91391385,-0.21359202,0
-4.2890978,-1.2573984,-2.5547986,-0.88728356,0.2435725,-0.39166343,0
4.0559068,-1.3662022,1.451478,0.88728356,-0.2435725,0.39166343,0
3.7127695,0.64304161,3.4783628,0.88728356,-0.2435725,0.39166343,0
3.7922144,-2.5958252,1.2841604,0.88728356,-0.2435725,0.39166343,0
-1.108551,0.19399661,-3.2426887,0.30592152,-0.32470578,-0.89497387,0
1.5978383,2.0967929,-0.15071613,0.34516639,0.91391385,-0.21359202,0
-2.4339292,1.5630023,1.3943342,-0.30592152,0.32470578,0.89497387,0
-4.6967802,0.35780215,-0.6267457,-0.88728356,0.2435725,-0.39166343,0
3.7965269,1.9671803,3.3774002,-0.30592152,0.32470578,0.89497387,0
2.1293778,1.4861767,-1.9044381,0.34516639,0.91391385,-0.21359202,0
2.9706068,1.0604774,-2.1627119,0.30592152,-0.32470578,-0.89497387,0
-2.0495672,3.1033719,-1.7380197,0.34516639,0.91391385,-0.21359202,0
3.2619638,-2.6840668,-0.70456028,0.30592152,-0.32470578,-0.89497387,0
-4.1931167,-1.7263377,-3.0638676,-0.88728356,0.2435725,-0.39166343,0
2.9046328,-2.8794825,3.1185043,0.88728356,-0.2435725,0.39166343,0
3.8442252,-3.1636136,0.81323123,0.88728356,-0.2435725,0.39166343,0
3.1937566,-0.51815343,-1.5136907,0.30592152,-0.32470578,-0.89497387,0
-3.6716371,4.0608358,0.065019131,-0.30592152,0.32470578,0.89497387,0
-2.6523321,1.8557177,-4.3267441,-0.88728356,0.2435725,-0.39166343,0
-3.9777226,-0.942433,-3.0643213,-0.88728356,0.2435725,-0.39166343,0
4.7075686,-1.331238,-0.0030679703,0.88728356,-0.2435725,0.39166343,0
-4.7207489,-0.032516241,-0.81518149,-0.88728356,0.2435725,-0.39166343,0
-5.049437,0.59887791,0.32209516,-0.88728356,0.2435725,-0.39166343,0
2.997117,-3.671247,0.8394537,-0.34516639,-0.91391385,0.21359202,0
4.5750947,1.3127564,1.3058299,0.34516639,0.91391385,-0.21359202,0
-4.4622159,-0.22079468,1.348202,-0.30592152,0.32470578,0.89497387,0
2.8382759,-2.6762326,-0.8522284,0.30592152,-0.32470578,-0.89497387,0
3.4644897,-0.69166541,-1.3581965,0.30592152,-0.32470578,-0.89497387,0
2.411665,0.23285913,-2.0535018,0.30592152,-0.32470578,-0.89497387,0
-3.817174,3.4113948,-0.7204206,-0.88728356,0.2435725,-0.39166343,0
-1.7078431,-1.9665697,0.53014398,-0.34516639,-0.91391385,0.21359202,0
-3.4331141,3.2071929,-1.7174704,-0.88728356,0.2435725,-0.39166343,0
-4.6926255,1.2744029,-0.0661304,-0.88728356,0.2435725,-0.39166343,0
5.0819364,-0.5582335,-0.37044334,0.88728356,-0.2435725,0.39166343,0
0.57816553,-3.0253024,-0.30573606,-0.34516639,-0.91391385,0.21359202,0
2.2692826,-1.9523365,-1.3093598,0.30592152,-0.32470578,-0.89497387,0
3.2807674,0.72473067,3.6518755,-0.30592152,0.32470578,0.89497387,0
-3.6565113,2.7439013,-1.4994981,-0.88728356,0.2435725,-0.39166343,0
0.99219227,1.4172585,-2.9684207,0.30592152,-0.32470578,-0.89497387,0
0.040150404,2.0338378,-2.9373236,0.34516639,0.91391385,-0.21359202,0
2.1766751,-0.56541783,3.7425518,-0.30592152,0.32470578,0.89497387,0
1.2038159,-2.4968355,2.966516,-0.34516639,-0.91391385,0.21359202,0
-3.5680444,-1.1279583,1.1122814,-0.34516639,-0.91391385,0.21359202,0
-4.2296686,3.25898,0.11926985,-0.88728356,0.2435725,-0.39166343,0
-1.7732081,3.2304139,-0.74783516,0.34516639,0.91391385,-0.21359202,0
1.3250139,-0.75078702,-2.0680659,0.30592152,-0.32470578,-0.89497387,0
4.3978882,-1.3629782,0.67875171,0.88728356,-0.2435725,0.39166343,0
-4.4466872,0.93248677,0.9350878,-0.30592152,0.32470578,0.89497387,0
-2.2474623,2.1471963,-4.3406343,0.30592152,-0.32470578,-0.89497387,0
-4.0146799,-1.0311774,-3.0357866,-0.88728356,0.2435725,-0.39166343,0
-0.27400219,-2.7696178,-0.58882558,-0.34516639,-0.91391385,0.21359202,0
-3.3565974,1.7451348,-2.800055,-0.88728356,0.2435725,-0.39166343,0
5.0162582,-0.30575824,-0.064641714,0.88728356,-0.2435725,0.39166343,0
-4.2869301,2.9285345,0.043488503,-0.88728356,0.2435725,-0.39166343,0
-0.11798453,-2.1663253,2.2446566,-0.34516639,-0.91391385,0.21359202,0
-1.8624938,-0.47020978,-3.2594213,0.30592152,-0.32470578,-0.89497387,0
4.1863165,0.62336141,2.3933396,0.88728356,-0.2435725,0.39166343,0
-5.0902548,0.1806581,0.98787332,-0.30592152,0.32470578,0.89497387,0
2.2304697,-1.9689949,4.2701721,-0.30592152,0.32470578,0.89497387,0
-3.7503226,1.702867,0.89361787,-0.30592152,0.32470578,0.89497387,0
-0.84901839,-1.6911459,-2.4700255,0.30592152,-0.32470578,-0.89497387,0
5.2748098,-0.18968916,-0.57818913,0.88728356,-0.2435725,0.39166343,0
3.2270851,-2.5675344,-0.75876188,0.30592152,-0.32470578,-0.89497387,0
-0.8077631,-1.7645751,2.8489711,-0.34516639,-0.91391385,0.21359202,0
-1.7146968,1.5539173,1.6434798,-0.30592152,0.32470578,0.89497387,0
1.4281845,-0.035670459,3.2945042,-0.30592152,0.32470578,0.89497387,0
-3.4886639,2.9178107,-1.7715914,-0.88728356,0.2435725,-0.39166343,0
0.86107206,-2.6991827,1.5468388,-0.34516639,-0.91391385,0.21359202,0
3.1438322,-1.432341,3.476583,0.88728356,-0.2435725,0.39166343,0
0.2919538,1.9551762,-2.8669832,0.34516639,0.91391385,-0.21359202,0
-4.9563937,-0.9509877,-0.85253739,-0.88728356,0.2435725,-0.39166343,0
-1.2759979,0.78698742,2.0716867,-0.30592152,0.32470578,0.89497387,0
0.60025179,-0.91663116,3.33112,-0.30592152,0.32470578,0.89497387,0
3.1360807,-2.3787336,2.9055886,0.88728356,-0.2435725,0.39166343,0
-3.395308,-0.76675677,1.9109749,-0.30592152,0.32470578,0.89497387,0
-4.201067,1.7956843,-0.85553837,-0.88728356,0.2435725,-0.39166343,0
1.11568,-1.9523339,-1.7036871,0.30592152,-0.32470578,-0.89497387,0
-4.0993905,-1.1268613,0.25831485,-0.34516639,-0.91391385,0.21359202,0
-0.21315196,-2.1013157,-2.1038585,0.30592152,-0.32470578,-0.89497387,0
-0.24110761,1.2595198,2.2539949,-0.30592152,0.32470578,0.89497387,0
-0.85575604,-0.84487176,2.80739,-0.30592152,0.32470578,0.89497387,0
-5.275887,-0.11635995,1.0321814,-0.30592152,0.32470578,0.89497387,0
-2.0730901,-2.5113745,-2.3912001,-0.34516639,-0.91391385,0.21359202,0
0.71666837,0.99517602,-2.9094648,0.30592152,-0.32470578,-0.89497387,0
-0.81954134,-2.5763052,-0.64327818,-0.34516639,-0.91391385,0.21359202,0
3.9093504,-3.9512634,0.17586088,0.88728356,-0.2435725,0.39166343,0
-0.43500376,0.010460138,-2.9458666,0.30592152,-0.32470578,-0.89497387,0
-4.8052373,-0.91231382,0.035662532,-0.34516639,-0.91391385,0.21359202,0
-3.4110367,1.1815805,-3.0271969,-0.88728356,0.2435725,-0.39166343,0
3.1222093,-1.3537068,3.5744693,0.88728356,-0.2435725,0.39166343,0
4.4948773,-2.4477355,-0.2155726,0.88728356,-0.2435725,0.39166343,0
-4.2100515,-1.7607435,-3.0468991,-0.88728356,0.2435725,-0.39166343,0
3.8738337,-3.4897809,0.54331422,0.88728356,-0.2435725,0.39166343,0
5.4035058,0.05292201,-0.96554244,0.30592152,-0.32470578,-0.89497387,0
-3.7672458,0.31430471,-2.7595854,-0.88728356,0.2435725,-0.39166343,0
-0.26144934,2.2031953,-2.7000663,0.34516639,0.91391385,-0.21359202,0
-4.3260856,2.4535921,-0.1631701,-0.88728356,0.2435725,-0.39166343,0
0.7118572,1.5487763,2.4747939,-0.30592152,0.32470578,0.89497387,0
-2.8552237,2.6656868,-3.3633952,-0.88728356,0.2435725,-0.39166343,0
1.4008064,-0.55556953,-2.1129851,0.30592152,-0.32470578,-0.89497387,0
4.7033134,-0.49467134,-1.006211,0.30592152,-0.32470578,-0.89497387,0
4.4174557,-1.664396,-0.67953515,0.30592152,-0.32470578,-0.89497387,0
-2.381815,2.9470584,-2.9437659,0.34516639,0.91391385,-0.21359202,0
2.9980419,-0.99943256,4.0760822,0.88728356,-0.2435725,0.39166343,0
-0.43330348,3.0104117,0.47612,0.34516639,0.91391385,-0.21359202,0
4.2709022,0.050563812,1.8454986,0.88728356,-0.2435725,0.39166343,0
-1.089618,0.59972286,-3.3834183,0.30592152,-0.32470578,-0.89497387,0
3.6696234,1.9207339,3.3508725,-0.30592152,0.32470578,0.89497387,0
3.5227432,-2.5972285,-0.64692593,0.30592152,-0.32470578,-0.89497387,0
4.6775856,0.57444549,1.2499862,0.88728356,-0.2435725,0.39166343,0
-1.5361472,-1.119203,-2.9124079,0.30592152,-0.32470578,-0.89497387,0
1.9701382,1.4757528,2.9313953,-0.30592152,0.32470578,0.89497387,0
4.349463,-2.4661479,0.10240269,0.88728356,-0.2435725,0.39166343,0
-2.0144002,-1.1484591,2.5214846,-0.30592152,0.32470578,0.89497387,0
-3.2166595,-1.3608917,0.68344963,-0.34516639,-0.91391385,0.21359202,0
-4.4165382,2.667248,0.17461371,-0.88728356,0.2435725,-0.39166343,0
-0.2735064,-1.9450459,2.9401391,-0.34516639,-0.91391385,0.21359202,0
-4.9399133,-0.75990248,-0.77103806,-0.88728356,0.2435725,-0.39166343,0
1.9213636,-2.6575501,3.4384151,-0.34516639,-0.91391385,0.21359202,0
-3.8368299,3.1287136,-0.85168791,-0.88728356,0.2435725,-0.39166343,0
4.4722099,-2.1001277,0.051953077,0.88728356,-0.2435725,0.39166343,0
1.5043993,-2.4108455,3.8201923,-0.34516639,-0.91391385,0.21359202,0
-3.7468362,0.18659639,-2.8852427,-0.88728356,0.2435725,-0.39166343,0
-2.9142032,2.6369026,-3.2476811,-0.88728356,0.2435725,-0.39166343,0
-4.8912864,1.5481136,0.5541389,-0.88728356,0.2435725,-0.39166343,0
0.8028903,-2.9584134,0.34362507,-0.34516639,-0.91391385,0.21359202,0
-0.58272362,-2.0112157,2.1573157,-0.34516639,-0.91391385,0.21359202,0
0.29951084,-2.6144452,1.0019262,-0.34516639,-0.91391385,0.21359202,0
3.430469,-2.7596536,2.0017838,0.88728356,-0.2435725,0.39166343,0
-2.6531258,-1.5622756,0.73244661,-0.34516639,-0.91391385,0.21359202,0
0.69142115,-2.4563994,2.3114991,-0.34516639,-0.91391385,0.21359202,0
2.960963,1.026162,-2.1535583,0.30592152,-0.32470578,-0.89497387,0
3.8542895,-3.907341,0.32791233,0.88728356,-0.2435725,0.39166343,0
2.5918014,-1.7042079,4.297616,-0.30592152,0.32470578,0.89497387,0
-1.9952978,-1.6465266,1.4350111,-0.34516639,-0.91391385,0.21359202,0
0.81051505,-2.6121945,1.8373418,-0.34516639,-0.91391385,0.21359202,0
-4.1607151,0.7748183,-1.58182,-0.88728356,0.2435725,-0.39166343,0
-3.6195717,3.9822025,-0.51483297,0.34516639,0.91391385,-0.21359202,0
-2.5702469,3.7914405,0.36465573,0.34516639,0.91391385,-0.21359202,0
1.2422721,-2.3083444,3.8351743,-0.34516639,-0.91391385,0.21359202,0
-0.71755672,-2.0383906,1.8231485,-0.34516639,-0.91391385,0.21359202,0
1.3434767,-0.39342356,-2.1914101,0.30592152,-0.32470578,-0.89497387,0
-4.3466215,0.64485109,-1.2414887,-0.88728356,0.2435725,-0.39166343,0
2.6612439,-2.077992,-1.1297895,0.30592152,-0.32470578,-0.89497387,0
-0.68748558,-2.2105331,1.1351833,-0.34516639,-0.91391385,0.21359202,0
-4.184854,-0.95130515,0.87137169,-0.34516639,-0.91391385,0.21359202,0
-3.6334629,2.4619694,-1.7270439,-0.88728356,0.2435725,-0.39166343,0
3.6840472,-2.1348965,1.8158526,0.88728356,-0.2435725,0.39166343,0
0.1070013,-0.91365302,-2.4253197,0.30592152,-0.32470578,-0.89497387,0
0.64356375,1.8282323,-2.8419437,0.34516639,0.91391385,-0.21359202,0
-4.2698002,-1.7470987,-2.9030569,-0.88728356,0.2435725,-0.39166343,0
2.5181451,2.0523612,1.1463937,0.34516639,0.91391385,-0.21359202,0
-4.2137976,-1.6822879,-2.9896226,-0.88728356,0.2435725,-0.39166343,0
-1.051011,-2.3013139,0.15929234,-0.34516639,-0.91391385,0.21359202,0
5.2519045,-0.21717119,-0.5433898,0.88728356,-0.2435725,0.39166343,0
4.37362,-1.0001473,-0.9355154,0.30592152,-0.32470578,-0.89497387,0
0.24318051,-0.96460795,3.2264721,-0.30592152,0.32470578,0.89497387,0
-5.1228919,0.8102057,0.61992455,-0.88728356,0.2435725,-0.39166343,0
-1.2585089,-2.3612411,-0.43244123,-0.34516639,-0.91391385,0.21359202,0
0.84397435,-0.40776157,-2.3569489,0.30592152,-0.32470578,-0.89497387,0
-1.1170417,-2.0050859,1.3200812,-0.34516639,-0.91391385,0.21359202,0
-3.80899,-0.19881597,-2.984123,-0.88728356,0.2435725,-0.39166343,0
-1.4572589,-0.052039385,-3.27262,0.30592152,-0.32470578,-0.89497387,0
-4.5516968,0.51653552,-0.85670543,-0.88728356,0.2435725,-0.39166343,0
1.4471594,0.88375115,-2.6193411,0.30592152,-0.32470578,-0.89497387,0
-2.6651738,2.7040377,-3.7700884,-0.88728356,0.2435725,-0.39166343,0
-0.7839067,-1.7967422,-2.4094574,0.30592152,-0.32470578,-0.89497387,0
-4.9879231,-0.77602971,-0.67230344,-0.88728356,0.2435725,-0.39166343,0
3.2424209,-3.6215954,1.4483149,-0.34516639,-0.91391385,0.21359202,0
0.48836476,-3.0632868,-1.515052,0.30592152,-0.32470578,-0.89497387,0
-0.66890073,2.2739868,-3.0556104,0.34516639,0.91391385,-0.21359202,0
-4.3156185,0.62552929,-1.323741,-0.88728356,0.2435725,-0.39166343,0
-2.7143245,-0.62901086,-3.4929814,0.30592152,-0.32470578,-0.89497387,0
0.27847624,2.3660307,-1.1308059,0.34516639,0.91391385,-0.21359202,0
-0.091065645,1.8800277,-3.5065994,0.30592152,-0.32470578,-0.89497387,0
-0.97551125,0.20755851,-3.2021332,0.30592152,-0.32470578,-0.89497387,0
-0.013222754,-2.3877497,-1.9315972,0.30592152,-0.32470578,-0.89497387,0
-0.80915642,0.18560374,2.4494514,-0.30592152,0.32470578,0.89497387,0
2.1457486,0.40976936,3.3781726,-0.30592152,0.32470578,0.89497387,0
2.89328,-1.8173738,3.8047407,0.88728356,-0.2435725,0.39166343,0
-2.6383252,3.0328665,-2.9911335,0.34516639,0.91391385,-0.21359202,0
4.9085555,0.76477933,0.84510899,0.88728356,-0.2435725,0.39166343,0
0.73380518,-2.4244967,2.5164974,-0.34516639,-0.91391385,0.21359202,0
-2.8425813,2.7386436,0.82811356,-0.30592152,0.32470578,0.89497387,0
-3.4982383,1.302577,1.1250154,-0.30592152,0.32470578,0.89497387,0
-4.1859646,2.1516533,-0.66837549,-0.88728356,0.2435725,-0.39166343,0
4.9598961,0.46267486,-1.2658405,0.30592152,-0.32470578,-0.89497387,0
-2.8008819,-1.5172284,0.68641961,-0.34516639,-0.91391385,0.21359202,0
2.6358671,-2.5696516,3.920054,0.88728356,-0.2435725,0.39166343,0
-2.8171971,-0.46073928,-3.589196,0.30592152,-0.32470578,-0.89497387,0
-4.2398405,-0.11682081,-1.957072,-0.88728356,0.2435725,-0.39166343,0
-3.9198787,0.40435815,-2.3578033,-0.88728356,0.2435725,-0.39166343,0
-3.1716669,-1.7170773,-3.254549,0.30592152,-0.32470578,-0.89497387,0
1.4000598,-2.4175227,3.6230102,-0.34516639,-0.91391385,0.21359202,0
-4.3580165,-0.9509114,-2.2080679,-0.88728356,0.2435725,-0.39166343,0
2.9778662,0.39475641,3.6680553,-0.30592152,0.32470578,0.89497387,0
-4.8455915,1.2411463,0.25971985,-0.88728356,0.2435725,-0.39166343,0
1.9256136,-0.52148294,-1.9459617,0.30592152,-0.32470578,-0.89497387,0
1.8715096,-1.7105584,-1.5330467,0.30592152,-0.32470578,-0.89497387,0
5.5453548,0.39763737,-0.82583392,0.88728356,-0.2435725,0.39166343,0
-2.371779,-1.8880258,-0.20670912,-0.34516639,-0.91391385,0.21359202,0
-5.1668286,-0.80800486,-0.28689313,-0.88728356,0.2435725,-0.39166343,0
4.2491598,1.3899581,2.7277136,0.88728356,-0.2435725,0.39166343,0
2.7314131,-0.8405869,-1.5547478,0.30592152,-0.32470578,-0.89497387,0
3.6814277,1.4550546,0.47052181,0.34516639,0.91391385,-0.21359202,0
0.62310135,2.3198428,-0.7715168,0.34516639,0.91391385,-0.21359202,0
3.977905,1.1547722,-0.33521163,0.34516639,0.91391385,-0.21359202,0
-3.0964875,3.2824025,-2.4333,-0.88728356,0.2435725,-0.39166343,0
2.6842601,-3.8561363,-0.45722771,-0.34516639,-0.91391385,0.21359202,0
1.2540209,-2.3960538,3.4788716,-0.34516639,-0.91391385,0.21359202,0
-0.015662432,1.1967764,-3.2329342,0.30592152,-0.32470578,-0.89497387,0
-2.5749028,-0.089864254,1.9458237,-0.30592152,0.32470578,0.89497387,0
-1.6840076,3.5059443,0.57524776,0.34516639,0.91391385,-0.21359202,0
1.6932364,-2.7014461,2.8819394,-0.34516639,-0.91391385,0.21359202,0
-2.3814986,0.7566607,1.7048054,-0.30592152,0.32470578,0.89497387,0
2.8916891,-2.0260959,-1.0698467,0.30592152,-0.32470578,-0.89497387,0
-4.5987649,0.81233549,0.92669582,-0.30592152,0.32470578,0.89497387,0
4.0371771,-3.5025756,0.16531467,0.88728356,-0.2435725,0.39166343,0
-2.6033368,0.57025576,-3.8901494,0.30592152,-0.32470578,-0.89497387,0
-4.3101368,2.8031516,0.018088102,-0.88728356,0.2435725,-0.39166343,0
-3.8098238,3.3095853,-0.80038524,-0.88728356,0.2435725,-0.39166343,0
-4.8032484,1.1460521,0.73572302,-0.30592152,0.32470578,0.89497387,0
2.9679315,-0.066098243,3.8318627,-0.30592152,0.32470578,0.89497387,0
3.7422497,-0.63626218,2.6159885,0.88728356,-0.2435725,0.39166343,0
-3.6913586,-1.8022128,-1.9719847,-0.34516639,-0.91391385,0.21359202,0
-3.3914125,2.5409739,-2.2262583,-0.88728356,0.2435725,-0.39166343,0
-3.7773643,3.1724901,-0.95917869,-0.88728356,0.2435725,-0.39166343,0
-4.1837893,2.8420362,-0.24396038,-0.88728356,0.2435725,-0.39166343,0
-0.33366269,-2.9245996,-1.3483707,-0.34516639,-0.91391385,0.21359202,0
-1.9866743,-1.1342351,-3.0609539,0.30592152,-0.32470578,-0.89497387,0
-3.96456,-1.6459935,-1.7450514,-0.34516639,-0.91391385,0.21359202,0
0.48015869,0.20304203,-2.702915,0.30592152,-0.32470578,-0.89497387,0
4.6644397,1.0984418,0.53320837,0.34516639,0.91391385,-0.21359202,0
-1.1697038,0.12190866,2.3493178,-0.30592152,0.32470578,0.89497387,0
1.5595568,-3.3512907,-0.11463356,-0.34516639,-0.91391385,0.21359202,0
-0.57349634,-0.19595945,2.6684406,-0.30592152,0.32470578,0.89497387,0
-4.3126969,-0.17664063,-1.829222,-0.88728356,0.2435725,-0.39166343,0
-3.9123318,-0.58558929,-2.9905412,-0.88728356,0.2435725,-0.39166343,0
-3.0506737,0.47221518,1.5792664,-0.30592152,0.32470578,0.89497387,0
3.7989998,-1.3737875,2.028765,0.88728356,-0.2435725,0.39166343,0
2.0659864,-3.1011932,1.7738752,-0.34516639,-0.91391385,0.21359202,0
0.92617589,-1.56362,-1.9094932,0.30592152,-0.32470578,-0.89497387,0
2.2651615,-1.2447362,4.0192623,-0.30592152,0.32470578,0.89497387,0
3.6767223,-3.2202981,1.1574442,0.88728356,-0.2435725,0.39166343,0
-1.6095161,-1.8724265,1.0918605,-0.34516639,-0.91391385,0.21359202,0
3.1234307,1.457112,-0.42240161,0.34516639,0.91391385,-0.21359202,0
4.9066525,1.1236099,1.0323151,0.34516639,0.91391385,-0.21359202,0
-0.91695309,2.5959864,-2.0786979,0.34516639,0.91391385,-0.21359202,0
-0.92197514,-0.93764627,2.8184144,-0.30592152,0.32470578,0.89497387,0
-4.8604546,1.5311792,0.47375989,-0.88728356,0.2435725,-0.39166343,0
-0.2943016,2.7264841,1.7035824,-0.30592152,0.32470578,0.89497387,0
3.561239,1.500936,0.47261274,0.34516639,0.91391385,-0.21359202,0
-4.0707846,-1.4676027,-1.153417,-0.34516639,-0.91391385,0.21359202,0
4.2450056,-2.1078658,0.56185555,0.88728356,-0.2435725,0.39166343,0
-4.0439415,3.095396,-0.40321326,-0.88728356,0.2435725,-0.39166343,0
-2.3273251,3.5777037,0.69981956,-0.30592152,0.32470578,0.89497387,0
0.85077757,1.3154805,2.6069221,-0.30592152,0.32470578,0.89497387,0
-2.5315003,1.7938517,-4.3095274,0.30592152,-0.32470578,-0.89497387,0
3.9151096,-3.2369342,0.60704947,0.88728356,-0.2435725,0.39166343,0
-0.54167581,-2.1041563,1.8259766,-0.34516639,-0.91391385,0.21359202,0
4.5896845,0.41783786,1.3517275,0.88728356,-0.2435725,0.39166343,0
3.839879,1.0660651,3.4534814,0.88728356,-0.2435725,0.39166343,0
-1.4185379,-2.3249848,-0.53591663,-0.34516639,-0.91391385,0.21359202,0
-3.9099686,2.9238622,-0.81339431,-0.88728356,0.2435725,-0.39166343,0
-0.012442172,0.76526093,2.5114801,-0.30592152,0.32470578,0.89497387,0
1.5215861,0.0078890324,-2.2761285,0.30592152,-0.32470578,-0.89497387,0
-1.105827,0.33625937,-3.2933717,0.30592152,-0.32470578,-0.89497387,0
-2.5953038,3.2896714,-1.8227975,0.34516639,0.91391385,-0.21359202,0
4.77983,-0.55271339,0.31738782,0.88728356,-0.2435725,0.39166343,0
2.7425447,-0.44486442,3.8922403,-0.30592152,0.32470578,0.89497387,0
2.4543202,-3.0421209,-0.8507247,0.30592152,-0.32470578,-0.89497387,0
1.9204481,1.788703,-0.94762617,0.34516639,0.91391385,-0.21359202,0
3.0432367,-1.1163409,3.9009924,0.88728356,-0.2435725,0.39166343,0
1.0352304,0.0046561956,3.1455526,-0.30592152,0.32470578,0.89497387,0
-3.2268403,1.8223112,-3.0460153,-0.88728356,0.2435725,-0.39166343,0
2.283133,-2.6438305,4.0817413,-0.34516639,-0.91391385,0.21359202,0
1.2226053,-1.935077,-1.6733986,0.30592152,-0.32470578,-0.89497387,0
-3.4536917,-1.7578893,-1.398263,-0.34516639,-0.91391385,0.21359202,0
2.1687558,-3.2302961,1.3875465,-0.34516639,-0.91391385,0.21359202,0
4.5072412,-0.84954,0.75032234,0.88728356,-0.2435725,0.39166343,0
-1.2693169,0.57073903,2.1524277,-0.30592152,0.32470578,0.89497387,0
1.0627416,-2.5558896,2.4858599,-0.34516639,-0.91391385,0.21359202,0
-1.4713057,2.0998209,-4.0581388,0.30592152,-0.32470578,-0.89497387,0
1.1893682,2.3119195,0.10967302,0.34516639,0.91391385,-0.21359202,0
-4.5118132,-1.4134294,-2.1472895,-0.88728356,0.2435725,-0.39166343,0
-2.3932724,-2.425348,-2.5405278,-0.34516639,-0.91391385,0.21359202,0
4.1279125,-0.61730599,1.7540874,0.88728356,-0.2435725,0.39166343,0
2.2321351,-3.2562647,1.3788545,-0.34516639,-0.91391385,0.21359202,0
-2.3245552,-2.153007,-1.2641923,-0.34516639,-0.91391385,0.21359202,0
3.7384896,-2.2234848,-0.70877743,0.30592152,-0.32470578,-0.89497387,0
-0.75577104,-0.69913805,-2.7980621,0.30592152,-0.32470578,-0.89497387,0
4.3296165,-2.8333516,-0.080998421,0.88728356,-0.2435725,0.39166343,0
-4.3503599,2.9417751,0.19541931,-0.88728356,0.2435725,-0.39166343,0
2.1668634,1.4612428,-1.9505464,0.34516639,0.91391385,-0.21359202,0
-0.33292544,-0.63751209,2.9108727,-0.30592152,0.32470578,0.89497387,0
0.61920375,1.0857583,2.6111107,-0.30592152,0.32470578,0.89497387,0
-2.7403758,2.9511249,-3.4460621,-0.88728356,0.2435725,-0.39166343,0
1.1662964,2.6283879,2.2384369,-0.30592152,0.32470578,0.89497387,0
3.1134558,-3.8825827,0.12319589,-0.34516639,-0.91391385,0.21359202,0
-0.059098721,2.0024428,-3.2320428,0.34516639,0.91391385,-0.21359202,0
1.2983528,-3.0776224,0.63422656,-0.34516639,-0.91391385,0.21359202,0
-5.3194399,-0.12477565,1.0203471,-0.30592152,0.32470578,0.89497387,0
-4.2395973,1.8745062,-0.71923113,-0.88728356,0.2435725,-0.39166343,0
4.2158585,1.0231076,-0.5140419,0.34516639,0.91391385,-0.21359202,0
-2.5680346,-0.34190047,-3.547143,0.30592152,-0.32470578,-0.89497387,0
3.3147492,0.54053307,-1.8564352,0.30592152,-0.32470578,-0.89497387,0
-4.1335387,2.0216041,-0.86802006,-0.88728356,0.2435725,-0.39166343,0
0.14149547,-2.1309659,2.815274,-0.34516639,-0.91391385,0.21359202,0
3.7443714,0.69375157,-1.7651702,0.30592152,-0.32470578,-0.89497387,0
3.7345815,1.3022065,-0.097585082,0.34516639,0.91391385,-0.21359202,0
4.7058301,-1.1205716,0.13188386,0.88728356,-0.2435725,0.39166343,0
-2.5853834,-2.1575627,-1.7051849,-0.34516639,-0.91391385,0.21359202,0
1.0802882,-2.3994873,3.1834257,-0.34516639,-0.91391385,0.21359202,0
-4.6063204,-1.2870957,-1.2464958,-0.34516639,-0.91391385,0.21359202,0
0.076545119,2.7312286,0.10547554,0.34516639,0.91391385,-0.21359202,0
-2.1286886,-1.9143162,0.073635757,-0.34516639,-0.91391385,0.21359202,0
3.808615,2.0372922,3.3560944,-0.30592152,0.32470578,0.89497387,0
1.401546,-2.6569519,2.6009459,-0.34516639,-0.91391385,0.21359202,0
0.75008869,-1.8037981,3.7042108,-0.30592152,0.32470578,0.89497387,0
-2.5291133,-0.72553098,-3.394654,0.30592152,-0.32470578,-0.89497387,0
0.40061474,-2.1368294,3.2089238,-0.34516639,-0.91391385,0.21359202,0
-5.1583872,0.56192398,0.54593205,-0.88728356,0.2435725,-0.39166343,0
1.7141635,0.42794079,3.2240548,-0.30592152,0.32470578,0.89497387,0
-2.9013131,-1.5485717,0.39001033,-0.34516639,-0.91391385,0.21359202,0
3.1168437,0.25183487,3.7674146,-0.30592152,0.32470578,0.89497387,0
-0.6280809,1.558332,2.0133071,-0.30592152,0.32470578,0.89497387,0
-0.97028148,-2.3250499,0.18819147,-0.34516639,-0.91391385,0.21359202,0
-2.7179387,2.6713915,-3.670856,-0.88728356,0.2435725,-0.39166343,0
-2.3774841,-2.2698035,-1.8494716,-0.34516639,-0.91391385,0.21359202,0
2.0717704,1.5318055,-1.8022968,0.34516639,0.91391385,-0.21359202,0
1.5257423,1.3089054,-2.7467303,0.30592152,-0.32470578,-0.89497387,0
-3.5738573,3.4463587,-1.2498915,-0.88728356,0.2435725,-0.39166343,0
3.7127607,-3.0994055,1.150984,0.88728356,-0.2435725,0.39166343,0
2.7476053,-1.9854801,4.0302114,0.88728356,-0.2435725,0.39166343,0
0.43492177,-2.2591839,-1.8250567,0.30592152,-0.32470578,-0.89497387,0
-1.4902222,0.68337417,-3.5507035,0.30592152,-0.32470578,-0.89497387,0
1.7358098,-1.0907626,-1.8043002,0.30592152,-0.32470578,-0.89497387,0
3.5047083,-1.9367566,2.3453538,0.88728356,-0.2435725,0.39166343,0
2.2185354,2.3955774,2.130769,0.34516639,0.91391385,-0.21359202,0
2.0558462,-0.97788072,3.8508959,-0.30592152,0.32470578,0.89497387,0
3.2393517,2.0160093,2.1563272,0.34516639,0.91391385,-0.21359202,0
2.1438556,-3.6209047,-0.32402134,-0.34516639,-0.91391385,0.21359202,0
3.8700829,-2.7611387,-0.46872926,0.30592152,-0.32470578,-0.89497387,0
4.2516489,-2.7341418,0.15732956,0.88728356,-0.2435725,0.39166343,0
-2.674211,-1.7100292,0.066166461,-0.34516639,-0.91391385,0.21359202,0
3.4308741,1.2043056,3.5291905,-0.30592152,0.32470578,0.89497387,0
-1.2564069,-2.138818,0.52265525,-0.34516639,-0.91391385,0.21359202,0
-3.9658647,2.5545676,-0.91642714,-0.88728356,0.2435725,-0.39166343,0
-4.8787766,-0.42297912,-0.70000744,-0.88728356,0.2435725,-0.39166343,0
4.0357919,1.7096781,2.1326559,0.34516639,0.91391385,-0.21359202,0
0.53419065,-2.1143529,3.520956,-0.34516639,-0.91391385,0.21359202,0
1.5823735,-2.7513072,2.4894381,-0.34516639,-0.91391385,0.21359202,0
-1.547443,2.4634767,-3.6645555,0.34516639,0.91391385,-0.21359202,0
-0.97062218,2.4060764,1.5886487,-0.30592152,0.32470578,0.89497387,0
4.7367315,1.1436735,0.8435688,0.34516639,0.91391385,-0.21359202,0
1.2260888,-2.7492216,1.9226046,-0.34516639,-0.91391385,0.21359202,0
5.0174956,0.54185224,0.4596765,0.88728356,-0.2435725,0.39166343,0
-3.3742483,3.909065,-0.43132758,0.34516639,0.91391385,-0.21359202,0
4.3770123,-2.0158303,0.32004023,0.88728356,-0.2435725,0.39166343,0
3.7809477,1.7287596,1.8024715,0.34516639,0.91391385,-0.21359202,0
1.4618757,-2.4609833,3.5369456,-0.34516639,-0.91391385,0.21359202,0
4.6691861,0.89206231,1.4665384,0.88728356,-0.2435725,0.39166343,0
-0.18996429,-2.1603222,2.1540236,-0.34516639,-0.91391385,0.21359202,0
0.3298192,2.4635167,-0.63071311,0.34516639,0.91391385,-0.21359202,0
4.0205407,1.2824413,0.27995551,0.34516639,0.91391385,-0.21359202,0
0.53841227,-0.58113682,-2.3984942,0.30592152,-0.32470578,-0.89497387,0
-0.22589803,2.750556,-0.30057788,0.34516639,0.91391385,-0.21359202,0
-3.0916557,-0.059228897,1.7580714,-0.30592152,0.32470578,0.89497387,0
0.67008591,-2.6970036,1.2475275,-0.34516639,-0.91391385,0.21359202,0
-1.658107,0.85225272,1.9173944,-0.30592152,0.32470578,0.89497387,0
-0.6678369,2.5317602,-1.9509342,0.34516639,0.91391385,-0.21359202,0
-2.4386797,-2.37411,-2.76562,0.30592152,-0.32470578,-0.89497387,0
2.7912781,-3.2705576,2.2212777,-0.34516639,-0.91391385,0.21359202,0
3.3810937,-2.7878673,2.0960932,0.88728356,-0.2435725,0.39166343,0
2.6453066,-3.6540797,0.34437847,-0.34516639,-0.91391385,0.21359202,0
3.5525131,-2.7833018,1.7105949,0.88728356,-0.2435725,0.39166343,0
-2.0897822,2.207644,-4.3086667,0.30592152,-0.32470578,-0.89497387,0
-4.4111433,-1.4449782,-2.394969,-0.88728356,0.2435725,-0.39166343,0
2.2222924,-2.8922181,-0.98442328,0.30592152,-0.32470578,-0.89497387,0
-3.6267691,0.44212544,-2.9983339,-0.88728356,0.2435725,-0.39166343,0
-3.8329489,1.9163895,-1.6144152,-0.88728356,0.2435725,-0.39166343,0
0.29246745,1.6079214,2.309979,-0.30592152,0.32470578,0.89497387,0
-2.7536111,-0.79945344,-3.444572,0.30592152,-0.32470578,-0.89497387,0
-1.3178672,2.9314966,-1.2910042,0.34516639,0.91391385,-0.21359202,0
0.48846912,2.0352936,-2.2066076,0.34516639,0.91391385,-0.21359202,0
0.14708993,1.8149939,2.1851578,-0.30592152,0.32470578,0.89497387,0
1.2338172,0.3416425,-2.4955835,0.30592152,-0.32470578,-0.89497387,0
1.6972969,1.6345947,-1.9676361,0.34516639,0.91391385,-0.21359202,0
-3.7541885,2.8868055,-1.1893468,-0.88728356,0.2435725,-0.39166343,0
-3.0688822,-2.0621638,-2.0783324,-0.34516639,-0.91391385,0.21359202,0
4.0614719,0.50878525,-1.5896707,0.30592152,-0.32470578,-0.89497387,0
-3.2121251,3.3495405,-2.1295784,-0.88728356,0.2435725,-0.39166343,0
1.5062501,-1.1979508,3.7428761,-0.30592152,0.32470578,0.89497387,0
4.0483551,-1.6086066,1.3178365,0.88728356,-0.2435725,0.39166343,0
-0.69283342,-1.122215,2.9637032,-0.30592152,0.32470578,0.89497387,0
-0.19436979,0.39168561,-3.0019252,0.30592152,-0.32470578,-0.89497387,0
-3.0945654,1.1698723,-3.75142,-0.88728356,0.2435725,-0.39166343,0
-3.1849432,-1.4292226,0.44232973,-0.34516639,-0.91391385,0.21359202,0
-5.038064,-0.59777737,1.0052464,-0.34516639,-0.91391385,0.21359202,0
-3.6206503,-0.95960546,1.7476144,-0.34516639,-0.91391385,0.21359202,0
-1.19599,2.4992585,-2.9435012,0.34516639,0.91391385,-0.21359202,0
3.6641803,-3.8507359,0.79379272,0.88728356,-0.2435725,0.39166343,0
-0.24948245,-0.99923468,-2.5161238,0.30592152,-0.32470578,-0.89497387,0
-3.7945948,3.4482598,-0.74864626,-0.88728356,0.2435725,-0.39166343,0
-4.4495535,2.397444,0.081619263,-0.88728356,0.2435725,-0.39166343,0
1.5074821,2.4109778,1.0475962,0.34516639,0.91391385,-0.21359202,0
4.2055035,-1.7275796,0.88784099,0.88728356,-0.2435725,0.39166343,0
4.739202,-1.2714758,-0.712111,0.30592152,-0.32470578,-0.89497387,0
3.8620083,-2.4124272,-0.59800553,0.30592152,-0.32470578,-0.89497387,0
1.8370757,-2.687139,3.1756001,-0.34516639,-0.91391385,0.21359202,0
-3.5982833,-0.12518671,-3.4156733,-0.88728356,0.2435725,-0.39166343,0
-3.340364,2.9571908,0.57866931,-0.30592152,0.32470578,0.89497387,0
-0.18289439,1.8052179,2.0759087,-0.30592152,0.32470578,0.89497387,0
-1.3461422,1.0515797,1.9517131,-0.30592152,0.32470578,0.89497387,0
-2.4956179,1.0257881,-4.0186009,0.30592152,-0.32470578,-0.89497387,0
1.5680075,-0.086333513,3.3606794,-0.30592152,0.32470578,0.89497387,0
-2.7555137,1.6130238,1.2662615,-0.30592152,0.32470578,0.89497387,0
3.4011943,1.8840367,1.8531832,0.34516639,0.91391385,-0.21359202,0
-2.6481111,-2.1734552,-1.8745546,-0.34516639,-0.91391385,0.21359202,0
-4.4296579,2.762959,0.26385808,-0.88728356,0.2435725,-0.39166343,0
4.0770216,-1.5974518,1.2598326,0.88728356,-0.2435725,0.39166343,0
-3.693809,-0.055404961,-3.15587,-0.88728356,0.2435725,-0.39166343,0
3.7995672,-1.788286,-0.84579444,0.30592152,-0.32470578,-0.89497387,0
0.78779936,1.5340259,-3.080651,0.30592152,-0.32470578,-0.89497387,0
-4.4210963,0.7225647,1.0199966,-0.30592152,0.32470578,0.89497387,0
1.1410288,-0.69938695,-2.1496043,0.30592152,-0.32470578,-0.89497387,0
-2.3187537,3.0753694,-2.2928438,0.34516639,0.91391385,-0.21359202,0
3.6229393,-1.0465357,-1.1752844,0.30592152,-0.32470578,-0.89497387,0
-5.0923181,-0.8138113,-0.0067903996,-0.34516639,-0.91391385,0.21359202,0
2.0224557,2.3588538,1.65677,0.34516639,0.91391385,-0.21359202,0
-2.4238455,3.5319152,-0.50921154,0.34516639,0.91391385,-0.21359202,0
-0.061062992,2.3720813,1.9118894,-0.30592152,0.32470578,0.89497387,0
2.4313025,-2.4813819,4.4383736,0.88728356,-0.2435725,0.39166343,0
3.6915932,0.66479766,3.5398669,0.88728356,-0.2435725,0.39166343,0
-2.98331,2.2609735,-3.3249133,-0.88728356,0.2435725,-0.39166343,0
2.7491453,-2.8174362,3.5093353,0.88728356,-0.2435725,0.39166343,0
3.582468,-3.8382213,0.98668861,0.88728356,-0.2435725,0.39166343,0
-4.9575505,0.34115243,-0.046344042,-0.88728356,0.2435725,-0.39166343,0
-4.4425664,0.32889318,-1.2206256,-0.88728356,0.2435725,-0.39166343,0
4.3262849,-0.77649271,1.2056932,0.88728356,-0.2435725,0.39166343,0
-2.2506576,3.6240344,0.16482019,0.34516639,0.91391385,-0.21359202,0
-2.9616468,3.4215889,-1.8503664,0.34516639,0.91391385,-0.21359202,0
4.4927726,-2.2709458,-0.1008606,0.88728356,-0.2435725,0.39166343,0
0.84045696,-1.5821106,3.6546702,-0.30592152,0.32470578,0.89497387,0
2.3494043,1.5495119,-1.2778769,0.34516639,0.91391385,-0.21359202,0
-4.3523393,1.0459397,-0.97910261,-0.88728356,0.2435725,-0.39166343,0
-4.8026357,-0.12591457,-0.68775678,-0.88728356,0.2435725,-0.39166343,0
2.9831171,-3.9147196,-0.35338259,0.30592152,-0.32470578,-0.89497387,0
-3.2247045,1.3722939,-3.3307157,-0.88728356,0.2435725,-0.39166343,0
3.2909539,-1.27801,3.2392671,0.88728356,-0.2435725,0.39166343,0
2.7733433,-0.11457276,-1.8038204,0.30592152,-0.32470578,-0.89497387,0
3.9701197,-2.4597321,0.96576428,0.88728356,-0.2435725,0.39166343,0
-4.5423751,0.60305023,-0.82402015,-0.88728356,0.2435725,-0.39166343,0
3.3237231,1.4468062,-0.14282513,0.34516639,0.91391385,-0.21359202,0
-3.4048753,-0.42798862,-3.80196,0.30592152,-0.32470578,-0.89497387,0
0.30456555,2.5192537,-0.43303692,0.34516639,0.91391385,-0.21359202,0
0.28440195,0.8402617,2.5857368,-0.30592152,0.32470578,0.89497387,0
1.4404044,2.4466925,1.0920134,0.34516639,0.91391385,-0.21359202,0
-3.1822944,2.0722225,-2.9915118,-0.88728356,0.2435725,-0.39166343,0
2.2331295,1.7668687,-0.53575456,0.34516639,0.91391385,-0.21359202,0
3.9408059,-1.8203697,1.4297874,0.88728356,-0.2435725,0.39166343,0
-4.1617327,1.6688814,-1.0235045,-0.88728356,0.2435725,-0.39166343,0
-5.1902256,-0.76034808,0.063747883,-0.34516639,-0.91391385,0.21359202,0
3.4173584,-3.3192115,1.6834996,0.88728356,-0.2435725,0.39166343,0
-4.994494,-0.27496099,-0.34580827,-0.88728356,0.2435725,-0.39166343,0
-0.3401475,1.086416,-3.3038106,0.30592152,-0.32470578,-0.89497387,0
3.0414467,-3.0924761,-0.63176274,0.30592152,-0.32470578,-0.89497387,0
2.3139296,1.5130088,-1.4913923,0.34516639,0.91391385,-0.21359202,0
3.4283373,-3.1060188,1.7912104,0.88728356,-0.2435725,0.39166343,0
3.6708713,1.1352497,-0.91491365,0.34516639,0.91391385,-0.21359202,0
-1.1235461,2.3170593,-3.6060233,0.34516639,0.91391385,-0.21359202,0
