-2.0487723,1.7896178,-0.50501597,-0.38601679,0.86323482,-0.32529473,0
-0.42535299,-3.6729891,-2.4297204,-0.65453196,-0.50478381,-0.56283307,0
3.5592914,1.7062379,-0.23533928,0.65006065,0.0043471605,-0.75986981,0
2.6227114,0.17008656,3.0159817,0.65453196,0.50478381,0.56283307,0
3.6941659,-0.19103122,2.0938344,0.65453196,0.50478381,0.56283307,0
-0.015125275,-1.6987468,3.1953211,0.38601679,-0.86323482,0.32529473,0
-2.4800196,-3.7819407,0.59215879,0.38601679,-0.86323482,0.32529473,0
2.7407827,-1.0050576,1.7658174,0.38601679,-0.86323482,0.32529473,0
-1.6619723,-1.152516,-3.2521439,-0.65453196,-0.50478381,-0.56283307,0
4.197722,-0.14005661,1.46252,0.65453196,0.50478381,0.56283307,0
3.9035635,1.2083898,0.59523308,0.65453196,0.50478381,0.56283307,0
-2.3865685,-3.1557584,-0.61286139,-0.65453196,-0.50478381,-0.56283307,0
3.1317217,-0.40405256,-0.61319351,0.65006065,0.0043471605,-0.75986981,0
-3.9848144,-0.28479254,-0.1205591,-0.65006065,-0.0043471605,0.75986981,0
-2.0589659,-0.64360064,-3.2468977,-0.65453196,-0.50478381,-0.56283307,0
2.7806609,2.9390185,0.34894764,0.65453196,0.50478381,0.56283307,0
1.942059,3.2982931,1.0019578,0.65453196,0.50478381,0.56283307,0
2.6607535,1.5156341,1.7649707,0.65453196,0.50478381,0.56283307,0
0.51741362,-1.3896606,-2.8553455,0.65006065,0.0043471605,-0.75986981,0
-3.0219045,-3.1989689,0.68652833,-0.65006065,-0.0043471605,0.75986981,0
2.5999641,3.760428,-0.17760718,0.65453196,0.50478381,0.56283307,0
4.4081168,0.65606797,0.50383294,0.65453196,0.50478381,0.56283307,0
-0.21044731,-2.2762043,1.8947037,0.38601679,-0.86323482,0.32529473,0
0.78614891,-1.7666593,-2.6276019,0.65006065,0.0043471605,-0.75986981,0
3.6200914,1.8886542,-0.18228173,0.65006065,0.0043471605,-0.75986981,0
2.9287968,2.9445257,0.17173767,0.65453196,0.50478381,0.56283307,0
-0.60212386,1.7197328,-2.4071608,-0.38601679,0.86323482,-0.32529473,0
-0.058008105,2.7291918,3.2560253,-0.65006065,-0.0043471605,0.75986981,0
0.52873015,-2.654618,0.013349727,0.38601679,-0.86323482,0.32529473,0
-0.69243324,-2.1596935,2.685312,-0.65006065,-0.0043471605,0.75986981,0
-1.5765707,1.6766101,-1.3652508,-0.38601679,0.86323482,-0.32529473,0
-2.0130167,-1.0612636,1.561851,-0.65006065,-0.0043471605,0.75986981,0
0.89304191,-2.0060592,1.3021133,0.38601679,-0.86323482,0.32529473,0
0.56706017,3.2651386,2.6307116,0.65453196,0.50478381,0.56283307,0
-3.6257253,-2.1772687,-0.049386382,-0.65453196,-0.50478381,-0.56283307,0
0.37595749,-2.9870453,-0.68752247,0.38601679,-0.86323482,0.32529473,0
-2.7778852,-3.5854354,0.8930732,-0.65006065,-0.0043471605,0.75986981,0
-0.23185043,3.2745872,1.2795651,-0.38601679,0.86323482,-0.32529473,0
-3.0558898,1.559158,0.6846754,-0.65006065,-0.0043471605,0.75986981,0
-2.8376462,1.15227,0.86905253,-0.65006065,-0.0043471605,0.75986981,0
-2.0575104,-0.069904089,-3.7631173,-0.65453196,-0.50478381,-0.56283307,0
-1.1582161,-2.7887208,-2.3705235,-0.65453196,-0.50478381,-0.56283307,0
-1.496977,-0.98803312,-3.5915391,-0.65453196,-0.50478381,-0.56283307,0
0.076717198,1.0807401,3.3618507,-0.65006065,-0.0043471605,0.75986981,0
0.1974048,3.5307119,1.4498601,-0.38601679,0.86323482,-0.32529473,0
0.9611001,1.9327807,3.3674147,0.65453196,0.50478381,0.56283307,0
1.9467579,-1.8791646,0.38844275,0.38601679,-0.86323482,0.32529473,0
-2.5094025,-0.22706819,-3.0966463,-0.65453196,-0.50478381,-0.56283307,0
0.64483446,3.2777169,0.24753678,-0.38601679,0.86323482,-0.32529473,0
0.8681848,2.7939682,-1.3012298,-0.38601679,0.86323482,-0.32529473,0
-2.0212684,-1.841277,-2.2165861,-0.65453196,-0.50478381,-0.56283307,0
0.17872733,-3.2505672,-1.1527841,0.38601679,-0.86323482,0.32529473,0
-2.4444666,-3.759347,-0.0041941404,-0.65453196,-0.50478381,-0.56283307,0
0.021573424,-2.1577439,1.9337307,0.38601679,-0.86323482,0.32529473,0
1.0324193,-1.0707278,3.6188073,0.38601679,-0.86323482,0.32529473,0
1.0374517,3.5989506,1.7842988,0.65453196,0.50478381,0.56283307,0
3.4121909,2.2833581,0.20256329,0.65453196,0.50478381,0.56283307,0
-2.7481866,-0.78223312,0.93451703,-0.65006065,-0.0043471605,0.75986981,0
-1.4764059,-0.41568798,-4.128777,-0.65453196,-0.50478381,-0.56283307,0
1.7377807,1.4660906,-1.7949964,0.65006065,0.0043471605,-0.75986981,0
-3.834604,0.74606282,0.013841748,-0.65006065,-0.0043471605,0.75986981,0
-0.078569442,3.4477413,3.2177606,0.65453196,0.50478381,0.56283307,0
-1.9651837,-3.6194804,-0.68700433,-0.65453196,-0.50478381,-0.56283307,0
-0.4836778,-2.9433956,0.44841188,0.38601679,-0.86323482,0.32529473,0
1.7203583,1.1651073,3.1729527,0.65453196,0.50478381,0.56283307,0
0.25078946,2.7433748,3.4664607,0.65453196,0.50478381,0.56283307,0
1.0192618,-1.6547983,2.0844734,0.38601679,-0.86323482,0.32529473,0
-1.5742955,-3.3663983,0.62009048,0.38601679,-0.86323482,0.32529473,0
-4.3259306,0.44882259,-0.40818346,-0.65006065,-0.0043471605,0.75986981,0
-2.947367,-0.33913648,-2.4868174,-0.65453196,-0.50478381,-0.56283307,0
0.94607323,3.063164,-0.6792922,-0.38601679,0.86323482,-0.32529473,0
-2.9662132,-0.65218574,-2.1841383,-0.65453196,-0.50478381,-0.56283307,0
0.097337484,-2.0255582,-3.2183542,0.65006065,0.0043471605,-0.75986981,0
-1.7541635,2.0500839,-0.16342011,-0.38601679,0.86323482,-0.32529473,0
2.1252971,1.8294642,-1.4614012,0.65006065,0.0043471605,-0.75986981,0
3.5937629,-1.3417072,-0.22328645,0.65006065,0.0043471605,-0.75986981,0
-2.4047968,-3.777849,-0.03373313,-0.65453196,-0.50478381,-0.56283307,0
1.3397086,-3.0881209,-2.0993989,0.38601679,-0.86323482,0.32529473,0
1.4736098,0.34046054,4.1994972,0.65453196,0.50478381,0.56283307,0
-1.6888286,2.422224,1.8591193,-0.65006065,-0.0043471605,0.75986981,0
-2.3307521,-2.2209613,-1.5161554,-0.65453196,-0.50478381,-0.56283307,0
-0.63954145,3.3542461,1.97475,-0.38601679,0.86323482,-0.32529473,0
3.5523319,0.44624656,1.6872262,0.65453196,0.50478381,0.56283307,0
1.8634655,1.7274233,2.5022101,0.65453196,0.50478381,0.56283307,0
0.81316626,-1.7776582,-2.6045518,0.65006065,0.0043471605,-0.75986981,0
0.10977605,-3.0610237,-0.56797004,0.38601679,-0.86323482,0.32529473,0
-0.86601746,1.9242328,-1.5513251,-0.38601679,0.86323482,-0.32529473,0
-0.050249755,-2.4325039,1.2898301,0.38601679,-0.86323482,0.32529473,0
2.2433863,-1.6849272,-1.380483,0.65006065,0.0043471605,-0.75986981,0
-2.8597031,1.8122492,0.51734579,-0.38601679,0.86323482,-0.32529473,0
1.5475887,3.3320401,-0.67957461,-0.38601679,0.86323482,-0.32529473,0
0.83186263,3.7050869,1.9281937,0.65453196,0.50478381,0.56283307,0
2.1696317,0.94041836,-1.4285595,0.65006065,0.0043471605,-0.75986981,0
-1.4679332,0.30442405,-4.5440965,0.65006065,0.0043471605,-0.75986981,0
3.6343603,0.99255478,1.1018703,0.65453196,0.50478381,0.56283307,0
-3.5395277,0.030209839,-2.1294327,-0.65453196,-0.50478381,-0.56283307,0
1.6194588,-2.0070851,0.43737543,0.38601679,-0.86323482,0.32529473,0
3.9947743,-0.95670009,0.40607274,0.38601679,-0.86323482,0.32529473,0
-3.1677639,0.23136157,-2.7421713,-0.65453196,-0.50478381,-0.56283307,0
2.3354311,-0.3366105,3.8045044,0.65453196,0.50478381,0.56283307,0
-0.36750692,1.6060362,2.9848268,-0.65006065,-0.0043471605,0.75986981,0
-2.9635503,0.88293862,-1.8255335,-0.38601679,0.86323482,-0.32529473,0
0.43203509,-1.3644681,3.5517652,0.38601679,-0.86323482,0.32529473,0
2.9057932,-1.4827099,0.30245894,0.38601679,-0.86323482,0.32529473,0
-0.23620963,-2.1835599,2.1711261,0.38601679,-0.86323482,0.32529473,0
-0.33542931,2.044682,3.0147781,-0.65006065,-0.0043471605,0.75986981,0
-1.5672724,-0.129017,1.9485139,-0.65006065,-0.0043471605,0.75986981,0
-0.52791131,2.0126431,-1.7179302,-0.38601679,0.86323482,-0.32529473,0
-3.7039237,0.22702822,-2.1147716,-0.65453196,-0.50478381,-0.56283307,0
-2.9839931,-1.2728108,0.72998083,-0.65006065,-0.0043471605,0.75986981,0
3.3093922,3.0694752,-0.38292873,0.65453196,0.50478381,0.56283307,0
-2.7445955,-1.7480325,0.93206376,-0.65006065,-0.0043471605,0.75986981,0
-0.019734442,-0.34171852,-3.3088746,0.65006065,0.0043471605,-0.75986981,0
-1.0027492,-3.758178,-1.6818498,-0.65453196,-0.50478381,-0.56283307,0
3.2600431,0.36815071,2.097177,0.65453196,0.50478381,0.56283307,0
3.9324286,-0.88352418,0.67424321,0.38601679,-0.86323482,0.32529473,0
1.4083424,1.0255721,3.6609473,0.65453196,0.50478381,0.56283307,0
-1.8797039,0.48584616,-4.1654634,-0.38601679,0.86323482,-0.32529473,0
-1.626291,1.6786228,-1.3009081,-0.38601679,0.86323482,-0.32529473,0
0.74537879,-0.79896528,3.92313,-0.65006065,-0.0043471605,0.75986981,0
-0.40627736,1.6541495,2.9519343,-0.65006065,-0.0043471605,0.75986981,0
-2.1093688,-3.3412242,1.3218495,0.38601679,-0.86323482,0.32529473,0
0.71931845,3.3109424,0.2473194,-0.38601679,0.86323482,-0.32529473,0
1.7768048,-2.3352826,-0.62027949,0.38601679,-0.86323482,0.32529473,0
-0.9556424,-0.37288707,-4.1097126,0.65006065,0.0043471605,-0.75986981,0
-4.0740552,0.21851447,-1.6767009,-0.65453196,-0.50478381,-0.56283307,0
-3.5708675,-1.3235538,0.22762525,-0.65006065,-0.0043471605,0.75986981,0
0.84887081,3.8265989,1.7994347,0.65453196,0.50478381,0.56283307,0
-1.8811632,-1.9121804,-2.3159275,-0.65453196,-0.50478381,-0.56283307,0
-2.200758,1.4837523,1.4158001,-0.65006065,-0.0043471605,0.75986981,0
-3.4269652,0.88043201,-1.2822659,-0.38601679,0.86323482,-0.32529473,0
-3.1077018,-1.3540828,0.62368405,-0.65006065,-0.0043471605,0.75986981,0
3.189728,-1.3700267,0.26455015,0.38601679,-0.86323482,0.32529473,0
-2.413084,-1.5772021,-1.9977733,-0.65453196,-0.50478381,-0.56283307,0
-1.7549031,-2.1907184,1.7762028,-0.65006065,-0.0043471605,0.75986981,0
0.7747978,2.331115,-2.4186835,-0.38601679,0.86323482,-0.32529473,0
-3.8599644,-0.82207698,-0.016825318,-0.65006065,-0.0043471605,0.75986981,0
-0.77164382,1.8744746,-1.7953587,-0.38601679,0.86323482,-0.32529473,0
-0.67247605,-3.8148808,-2.0150778,-0.65453196,-0.50478381,-0.56283307,0
3.9980974,-0.3578127,0.12824643,0.65006065,0.0043471605,-0.75986981,0
-2.0081773,-3.4599526,-0.78008056,-0.65453196,-0.50478381,-0.56283307,0
-0.93036652,2.4175625,-0.16581523,-0.38601679,0.86323482,-0.32529473,0
-2.1103666,0.34825602,1.4866328,-0.65006065,-0.0043471605,0.75986981,0
3.2895641,2.2942204,-0.46272427,0.65006065,0.0043471605,-0.75986981,0
0.33418304,-2.9235747,-3.0208726,0.65006065,0.0043471605,-0.75986981,0
3.8560286,-0.1801092,1.8958051,0.65453196,0.50478381,0.56283307,0
-0.1481601,-0.48854476,3.1604927,-0.65006065,-0.0043471605,0.75986981,0
0.45621729,0.96021181,-2.8942547,0.65006065,0.0043471605,-0.75986981,0
2.729531,0.015022278,3.0308294,0.65453196,0.50478381,0.56283307,0
-0.5463686,-3.1633654,-0.060928166,0.38601679,-0.86323482,0.32529473,0
-2.2518818,2.3600872,1.3770777,-0.65006065,-0.0043471605,0.75986981,0
0.19622454,2.4846458,3.4721198,-0.65006065,-0.0043471605,0.75986981,0
-1.2419672,0.55191708,2.2307048,-0.65006065,-0.0043471605,0.75986981,0
1.5054171,0.78856707,3.760618,0.65453196,0.50478381,0.56283307,0
-2.0542421,1.9450005,-0.086185962,-0.38601679,0.86323482,-0.32529473,0
3.5797944,0.27883375,1.805436,0.65453196,0.50478381,0.56283307,0
3.1186638,1.2345302,1.484567,0.65453196,0.50478381,0.56283307,0
-1.554795,1.0844979,-2.9623792,-0.38601679,0.86323482,-0.32529473,0
-3.3213551,-1.3887205,-1.1105653,-0.65453196,-0.50478381,-0.56283307,0
-2.3416977,0.4828853,-3.6250868,-0.38601679,0.86323482,-0.32529473,0
-2.6038132,-3.8636279,0.27463913,-0.65453196,-0.50478381,-0.56283307,0
2.3779836,1.1388447,-1.2491817,0.65006065,0.0043471605,-0.75986981,0
0.19784284,-0.24104786,-3.1221638,0.65006065,0.0043471605,-0.75986981,0
-1.5137519,-1.9827993,1.9836948,-0.65006065,-0.0043471605,0.75986981,0
1.7889979,-1.722831,0.99051416,0.38601679,-0.86323482,0.32529473,0
-1.6922932,-2.4241819,1.8284291,-0.65006065,-0.0043471605,0.75986981,0
1.8017707,3.9101019,0.55279791,-0.38601679,0.86323482,-0.32529473,0
1.9336033,2.6817777,-1.6205173,0.65006065,0.0043471605,-0.75986981,0
0.4492186,1.9595265,3.6855493,-0.65006065,-0.0043471605,0.75986981,0
3.0428588,-0.037982032,-0.68712056,0.65006065,0.0043471605,-0.75986981,0
3.6623793,0.18019444,-0.15587926,0.65006065,0.0043471605,-0.75986981,0
3.3355689,1.5019078,0.99252248,0.65453196,0.50478381,0.56283307,0
2.4007707,-0.035823584,3.4587545,0.65453196,0.50478381,0.56283307,0
-2.5586545,1.1979133,-1.470162,-0.38601679,0.86323482,-0.32529473,0
3.2685077,-1.0585827,0.99754369,0.38601679,-0.86323482,0.32529473,0
3.1163647,-0.73324931,2.041424,0.38601679,-0.86323482,0.32529473,0
1.7471209,0.51388478,-1.7924535,0.65006065,0.0043471605,-0.75986981,0
-0.87054026,-1.8635304,-3.5348372,-0.65453196,-0.50478381,-0.56283307,0
-1.246577,-3.7866535,-0.88403428,0.38601679,-0.86323482,0.32529473,0
2.9344203,1.0893149,1.8290664,0.65453196,0.50478381,0.56283307,0
0.3571282,2.520808,-1.4196609,-0.38601679,0.86323482,-0.32529473,0
1.8702178,-2.5543048,-1.3123493,0.38601679,-0.86323482,0.32529473,0
3.0010529,2.5144339,0.47344208,0.65453196,0.50478381,0.56283307,0
-1.2446494,0.41278744,-4.3524599,0.65006065,0.0043471605,-0.75986981,0
-3.0833609,-0.31810963,-2.3475251,-0.65453196,-0.50478381,-0.56283307,0
1.1441209,0.12390924,-2.3105447,0.65006065,0.0043471605,-0.75986981,0
0.25354576,-3.803452,-3.0948906,0.65006065,0.0043471605,-0.75986981,0
-3.2316115,0.058130324,-2.5125566,-0.65453196,-0.50478381,-0.56283307,0
2.9617405,1.3035996,1.6051114,0.65453196,0.50478381,0.56283307,0
-2.2661233,0.38266468,-3.9264078,-0.65453196,-0.50478381,-0.56283307,0
0.84474087,3.0838735,-0.50408739,-0.38601679,0.86323482,-0.32529473,0
2.7039316,0.37103871,-0.9747293,0.65006065,0.0043471605,-0.75986981,0
1.342127,-2.0798266,0.5734421,0.38601679,-0.86323482,0.32529473,0
-2.4008849,1.3400655,1.2437718,-0.65006065,-0.0043471605,0.75986981,0
-3.7178223,0.075513065,-1.96272,-0.65453196,-0.50478381,-0.56283307,0
1.3530414,-2.1164632,0.46326822,0.38601679,-0.86323482,0.32529473,0
1.2219136,1.4123039,-2.236623,0.65006065,0.0043471605,-0.75986981,0
1.4682739,3.9171615,0.99789393,0.65453196,0.50478381,0.56283307,0
0.54134321,2.6595016,-1.2702121,-0.38601679,0.86323482,-0.32529473,0
0.86770809,1.5091262,3.8559823,0.65453196,0.50478381,0.56283307,0
-0.28956151,-3.4562049,-1.1427813,0.38601679,-0.86323482,0.32529473,0
0.36815941,2.3439906,-1.9019718,-0.38601679,0.86323482,-0.32529473,0
-2.8598783,0.87060016,-1.9813002,-0.38601679,0.86323482,-0.32529473,0
-2.5750897,0.27407265,-3.4697113,-0.65453196,-0.50478381,-0.56283307,0
-1.6731789,-2.8406174,1.8423989,-0.65006065,-0.0043471605,0.75986981,0
0.49988565,3.4453251,2.5472279,0.65453196,0.50478381,0.56283307,0
2.7023683,-1.4966257,0.50692856,0.38601679,-0.86323482,0.32529473,0
-0.71690643,-3.1215353,0.25244784,0.38601679,-0.86323482,0.32529473,0
2.5375862,3.9115548,-0.31651509,-0.38601679,0.86323482,-0.32529473,0
-0.28528553,-3.8407664,-2.1683664,0.38601679,-0.86323482,0.32529473,0
2.3035078,-1.6060765,0.68979353,0.38601679,-0.86323482,0.32529473,0
-1.379109,-0.64393657,2.1065397,-0.65006065,-0.0043471605,0.75986981,0
3.6373813,-0.65489924,1.6310683,0.38601679,-0.86323482,0.32529473,0
2.4304118,2.2732377,1.3533741,0.65453196,0.50478381,0.56283307,0
1.3352566,2.5285897,-2.1332731,0.65006065,0.0043471605,-0.75986981,0
0.89979237,3.1277828,2.3669584,0.65453196,0.50478381,0.56283307,0
-0.36345565,-1.5985012,2.9699595,-0.65006065,-0.0043471605,0.75986981,0
0.66530144,1.1402551,3.8657191,-0.65006065,-0.0043471605,0.75986981,0
-2.2023888,-0.30865014,-3.380512,-0.65453196,-0.50478381,-0.56283307,0
0.26313424,2.6068962,-1.079669,-0.38601679,0.86323482,-0.32529473,0
1.535911,-2.2831028,-1.9891429,0.65006065,0.0043471605,-0.75986981,0
-1.1305082,1.3259058,2.3304846,-0.65006065,-0.0043471605,0.75986981,0
-0.56036627,1.8166115,-2.1996262,-0.38601679,0.86323482,-0.32529473,0
0.26417461,-3.8534858,-3.0697074,-0.65453196,-0.50478381,-0.56283307,0
1.1744021,0.42924935,4.2971816,-0.65006065,-0.0043471605,0.75986981,0
3.4211423,0.67587125,1.6338482,0.65453196,0.50478381,0.56283307,0
1.5414093,-2.4870844,-1.9856061,0.65006065,0.0043471605,-0.75986981,0
0.76901329,2.6186013,2.9757104,0.65453196,0.50478381,0.56283307,0
-1.8614874,-0.49830583,1.6947031,-0.65006065,-0.0043471605,0.75986981,0
0.031197682,-3.4714913,-1.5639813,0.38601679,-0.86323482,0.32529473,0
-1.9357775,-2.8507478,1.6176906,-0.65006065,-0.0043471605,0.75986981,0
-0.055676669,3.5176044,3.1284804,0.65453196,0.50478381,0.56283307,0
-2.6772823,-1.0287192,-2.1824448,-0.65453196,-0.50478381,-0.56283307,0
1.0069468,2.7618146,-1.5512198,-0.38601679,0.86323482,-0.32529473,0
-0.63703203,2.9117115,2.7617209,-0.65006065,-0.0043471605,0.75986981,0
1.3194366,-1.9121484,1.0453361,0.38601679,-0.86323482,0.32529473,0
1.2395622,2.6994009,-1.9928848,-0.38601679,0.86323482,-0.32529473,0
-1.1774248,3.2087603,2.2269623,-0.38601679,0.86323482,-0.32529473,0
1.1896508,0.66749936,4.2364111,0.65453196,0.50478381,0.56283307,0
-2.0979109,0.34065557,-4.0843501,-0.65453196,-0.50478381,-0.56283307,0
-2.0149169,-3.7626271,-0.50078607,-0.65453196,-0.50478381,-0.56283307,0
-2.3803515,-3.7255476,0.623537,0.38601679,-0.86323482,0.32529473,0
-0.60713321,2.3062205,-0.8448534,-0.38601679,0.86323482,-0.32529473,0
2.1777408,1.3792603,2.4489858,0.65453196,0.50478381,0.56283307,0
2.0171597,0.82494926,3.1328707,0.65453196,0.50478381,0.56283307,0
1.1669488,-1.1272898,3.3090672,0.38601679,-0.86323482,0.32529473,0
3.2902708,-0.12653688,-0.47596878,0.65006065,0.0043471605,-0.75986981,0
2.5459733,1.6932011,-1.1022968,0.65006065,0.0043471605,-0.75986981,0
2.3830981,2.2148652,-1.2386506,0.65006065,0.0043471605,-0.75986981,0
1.4420631,2.329098,2.4526494,0.65453196,0.50478381,0.56283307,0
3.0022378,3.6853192,-0.57805824,0.65453196,0.50478381,0.56283307,0
-4.509181,0.025758572,-0.56737268,-0.65006065,-0.0043471605,0.75986981,0
-1.7885609,-1.390758,-2.8912609,-0.65453196,-0.50478381,-0.56283307,0
4.5006118,0.44583765,0.56273949,0.65006065,0.0043471605,-0.75986981,0
-2.4413941,1.3953917,-1.0852625,-0.38601679,0.86323482,-0.32529473,0
2.0206213,1.474576,2.5462191,0.65453196,0.50478381,0.56283307,0
3.4713821,2.5886259,-0.14005482,0.65453196,0.50478381,0.56283307,0
-2.9122782,-2.3964059,-0.68253553,-0.65453196,-0.50478381,-0.56283307,0
-1.4521915,-3.4545345,0.24130619,0.38601679,-0.86323482,0.32529473,0
1.2710226,0.1313799,-2.2019391,0.65006065,0.0043471605,-0.75986981,0
-2.6103983,1.2644343,1.0641025,-0.65006065,-0.0043471605,0.75986981,0
1.4434503,-2.0336189,-2.0668149,0.65006065,0.0043471605,-0.75986981,0
-1.0289588,-3.8254945,-1.2453468,0.38601679,-0.86323482,0.32529473,0
-0.3992067,-3.1455874,-0.188384,0.38601679,-0.86323482,0.32529473,0
-1.4286513,-1.4604318,-3.2473202,-0.65453196,-0.50478381,-0.56283307,0
3.82147,1.2511909,-0.013651371,0.65006065,0.0043471605,-0.75986981,0
2.553992,3.5923898,0.026562333,0.65453196,0.50478381,0.56283307,0
-3.2273772,-3.3127611,0.50574517,-0.65453196,-0.50478381,-0.56283307,0
-0.69272196,-2.1203716,-3.5112748,-0.65453196,-0.50478381,-0.56283307,0
3.7196825,-0.44549403,2.0891027,0.38601679,-0.86323482,0.32529473,0
-4.4930644,-0.33443809,-0.69350326,-0.65453196,-0.50478381,-0.56283307,0
-3.8182764,0.40925151,-2.0682812,-0.38601679,0.86323482,-0.32529473,0
-0.20961571,2.3675056,-1.1539425,-0.38601679,0.86323482,-0.32529473,0
-2.8861866,0.50708389,-2.9147444,-0.38601679,0.86323482,-0.32529473,0
0.53663617,3.3550069,0.5810374,-0.38601679,0.86323482,-0.32529473,0
0.17038184,-0.033239245,-3.1444674,0.65006065,0.0043471605,-0.75986981,0
0.10266781,-2.2086539,-3.2148418,0.65006065,0.0043471605,-0.75986981,0
-0.43991724,-3.5948842,-1.3323727,0.38601679,-0.86323482,0.32529473,0
-1.9771423,-3.7810493,-0.52819276,-0.65453196,-0.50478381,-0.56283307,0
-1.2444059,2.8566003,1.3719195,-0.38601679,0.86323482,-0.32529473,0
2.8384678,0.341409,-0.85980439,0.65006065,0.0043471605,-0.75986981,0
-2.9490237,-3.4005148,0.74772394,-0.65006065,-0.0043471605,0.75986981,0
0.56578368,-1.4975612,3.0398617,0.38601679,-0.86323482,0.32529473,0
-1.2628233,-3.0224349,1.1632516,0.38601679,-0.86323482,0.32529473,0
2.8815646,0.53417975,-0.82183266,0.65006065,0.0043471605,-0.75986981,0
-2.0787179,1.8969076,-0.18476564,-0.38601679,0.86323482,-0.32529473,0
-4.2566013,-0.70855105,-0.63296366,-0.65453196,-0.50478381,-0.56283307,0
-1.2777114,-2.2377234,-2.7257288,-0.65453196,-0.50478381,-0.56283307,0
0.30233723,2.9006617,-0.3466242,-0.38601679,0.86323482,-0.32529473,0
2.4987674,2.7666526,-1.1365397,0.65006065,0.0043471605,-0.75986981,0
-3.4466288,1.2220428,-0.35239911,-0.38601679,0.86323482,-0.32529473,0
1.4447749,-1.9357936,-2.0651219,0.65006065,0.0043471605,-0.75986981,0
1.7796533,-1.1651179,-1.774228,0.65006065,0.0043471605,-0.75986981,0
3.4818115,2.1908894,0.20453167,0.65453196,0.50478381,0.56283307,0
-4.0250473,-1.2669871,-0.16059709,-0.65006065,-0.0043471605,0.75986981,0
-1.9055148,-2.4314666,1.6459787,-0.65006065,-0.0043471605,0.75986981,0
-0.48916662,1.5342607,-3.0333905,-0.38601679,0.86323482,-0.32529473,0
-4.1275477,-0.37891024,-0.24320471,-0.65006065,-0.0043471605,0.75986981,0
2.7325461,2.4696398,0.82586944,0.65453196,0.50478381,0.56283307,0
-1.5859993,-1.6738596,-2.8729212,-0.65453196,-0.50478381,-0.56283307,0
-0.9009037,0.11787567,2.5199976,-0.65006065,-0.0043471605,0.75986981,0
3.528136,-1.0358487,0.74978042,0.38601679,-0.86323482,0.32529473,0
2.4305131,0.0029957294,3.3893511,0.65453196,0.50478381,0.56283307,0
-3.3545415,0.44625652,-2.5203807,-0.38601679,0.86323482,-0.32529473,0
0.71847153,2.5837979,-1.6812981,-0.38601679,0.86323482,-0.32529473,0
3.6732378,-1.304337,-0.13489491,0.38601679,-0.86323482,0.32529473,0
2.2542348,2.3608506,1.479678,0.65453196,0.50478381,0.56283307,0
3.7426572,1.3710698,0.63645339,0.65453196,0.50478381,0.56283307,0
3.3189573,0.20761254,2.1726449,0.65453196,0.50478381,0.56283307,0
0.9808405,-0.77855527,4.1246815,-0.65006065,-0.0043471605,0.75986981,0
1.9857166,0.86931491,3.1296465,0.65453196,0.50478381,0.56283307,0
-1.7095811,0.88165087,-3.3169954,-0.38601679,0.86323482,-0.32529473,0
-0.88752061,1.9411751,-1.4808483,-0.38601679,0.86323482,-0.32529473,0
-1.7997911,-0.095825016,-4.0395775,-0.65453196,-0.50478381,-0.56283307,0
-1.9525652,-0.74114352,-3.2831511,-0.65453196,-0.50478381,-0.56283307,0
2.4514906,-1.3308669,1.2445109,0.38601679,-0.86323482,0.32529473,0
0.16306376,0.57387996,-3.1472545,0.65006065,0.0043471605,-0.75986981,0
0.66020715,-2.0390127,-2.7369018,0.65006065,0.0043471605,-0.75986981,0
3.3816152,-1.1046106,0.74117851,0.38601679,-0.86323482,0.32529473,0
0.72052419,-0.87940496,3.9014068,-0.65006065,-0.0043471605,0.75986981,0
-3.9780364,-0.24792787,-0.11454976,-0.65006065,-0.0043471605,0.75986981,0
0.35346723,3.4141791,2.745435,0.65453196,0.50478381,0.56283307,0
-2.9079986,-1.7929776,-1.2287043,-0.65453196,-0.50478381,-0.56283307,0
-1.805719,-2.3058202,-2.0506222,-0.65453196,-0.50478381,-0.56283307,0
-4.0619268,0.19089402,-0.1838069,-0.65006065,-0.0043471605,0.75986981,0
1.0160432,3.0386794,-0.82729852,-0.38601679,0.86323482,-0.32529473,0
1.8940361,1.9323086,2.2829046,0.65453196,0.50478381,0.56283307,0
2.9844708,-1.0449747,1.3707129,0.38601679,-0.86323482,0.32529473,0
-0.71936333,-0.10775471,2.6740127,-0.65006065,-0.0043471605,0.75986981,0
-1.1688818,2.7826624,1.0860888,-0.38601679,0.86323482,-0.32529473,0
3.6054554,1.5610737,0.62560117,0.65453196,0.50478381,0.56283307,0
1.3108639,1.8456674,-2.1580477,0.65006065,0.0043471605,-0.75986981,0
4.3010621,-0.77230763,0.53193295,0.38601679,-0.86323482,0.32529473,0
-1.8579565,0.015303075,1.7006623,-0.65006065,-0.0043471605,0.75986981,0
-0.22271681,1.541742,-3.3297253,-0.38601679,0.86323482,-0.32529473,0
-2.8747807,-2.9610772,0.8137517,-0.65006065,-0.0043471605,0.75986981,0
2.3812578,-1.8993421,-1.2637621,0.65006065,0.0043471605,-0.75986981,0
2.2483177,0.30702606,3.3285575,0.65453196,0.50478381,0.56283307,0
-1.6984284,-1.6509085,-2.7627587,-0.65453196,-0.50478381,-0.56283307,0
-1.3833439,-0.84621859,-3.8508739,-0.65453196,-0.50478381,-0.56283307,0
2.7557406,-1.8439188,-0.47801888,0.38601679,-0.86323482,0.32529473,0
-2.6676395,1.9509511,0.65750378,-0.38601679,0.86323482,-0.32529473,0
2.1081357,-2.1468208,-1.4988308,0.65006065,0.0043471605,-0.75986981,0
-2.9517701,0.20824414,-2.9726219,-0.65453196,-0.50478381,-0.56283307,0
3.7235496,1.3213208,-0.09702003,0.65006065,0.0043471605,-0.75986981,0
-3.0068269,0.72028387,-2.2058151,-0.38601679,0.86323482,-0.32529473,0
-2.6481001,-3.2241654,-0.24736834,-0.65453196,-0.50478381,-0.56283307,0
-1.8030522,-0.29353571,1.7458653,-0.65006065,-0.0043471605,0.75986981,0
-0.40844724,-3.3994668,-0.85113764,0.38601679,-0.86323482,0.32529473,0
-0.059846133,-2.3821473,-3.3548632,0.65006065,0.0043471605,-0.75986981,0
1.9873761,3.8669002,0.2179023,-0.38601679,0.86323482,-0.32529473,0
-0.84325337,-3.791486,-1.3754691,0.38601679,-0.86323482,0.32529473,0
1.5839508,0.03584373,4.3443785,0.65453196,0.50478381,0.56283307,0
-2.9929645,-1.0379295,-1.8070695,-0.65453196,-0.50478381,-0.56283307,0
-3.7380047,0.79585499,-1.1376072,-0.38601679,0.86323482,-0.32529473,0
-0.98363352,-0.60038114,2.4451141,-0.65006065,-0.0043471605,0.75986981,0
-2.7056746,-0.67930329,-2.4628041,-0.65453196,-0.50478381,-0.56283307,0
-1.21407,-3.1297269,0.82067728,0.38601679,-0.86323482,0.32529473,0
0.5788669,-0.80488944,3.7806466,-0.65006065,-0.0043471605,0.75986981,0
-2.9005735,0.78491825,-2.1603823,-0.38601679,0.86323482,-0.32529473,0
3.0981946,1.4060299,-0.63152027,0.65006065,0.0043471605,-0.75986981,0
-1.3831182,-1.4282746,2.0986228,-0.65006065,-0.0043471605,0.75986981,0
-1.5448024,2.0916743,-0.30149388,-0.38601679,0.86323482,-0.32529473,0
2.8562288,3.3582168,-0.11489546,0.65453196,0.50478381,0.56283307,0
-0.2119258,-2.0218396,-3.482904,0.65006065,0.0043471605,-0.75986981,0
0.37808931,0.97457469,-2.96101,0.65006065,0.0043471605,-0.75986981,0
0.42381486,0.77382374,3.6570334,-0.65006065,-0.0043471605,0.75986981,0
-2.9632285,-3.4847474,0.35280836,-0.65453196,-0.50478381,-0.56283307,0
-2.5445948,-2.4389949,1.0992094,-0.65006065,-0.0043471605,0.75986981,0
2.2087464,0.4484016,-1.3979125,0.65006065,0.0043471605,-0.75986981,0
-3.7973564,0.31478241,0.043239713,-0.65006065,-0.0043471605,0.75986981,0
1.7726629,-1.7690711,-1.7836634,0.65006065,0.0043471605,-0.75986981,0
2.6547692,1.0369389,-1.0129774,0.65006065,0.0043471605,-0.75986981,0
-4.149087,-1.2021637,-0.315292,-0.65453196,-0.50478381,-0.56283307,0
-4.2873707,0.47964296,-1.3248242,-0.38601679,0.86323482,-0.32529473,0
1.2655252,3.3135283,1.7750511,0.65453196,0.50478381,0.56283307,0
-1.244552,-3.1472137,0.81044513,0.38601679,-0.86323482,0.32529473,0
0.078850389,0.43646675,-3.2200842,0.65006065,0.0043471605,-0.75986981,0
-2.0255239,-1.8351431,-2.2171385,-0.65453196,-0.50478381,-0.56283307,0
0.27347234,3.8382652,2.4581165,0.65453196,0.50478381,0.56283307,0
1.7337538,3.3192225,-0.93450493,-0.38601679,0.86323482,-0.32529473,0
-3.7527189,-2.1414852,0.067373991,-0.65006065,-0.0043471605,0.75986981,0
-1.1151633,2.2974231,-0.26533622,-0.38601679,0.86323482,-0.32529473,0
2.3567095,-1.9823818,-0.37194082,0.38601679,-0.86323482,0.32529473,0
0.8423605,-1.4868883,2.7399793,0.38601679,-0.86323482,0.32529473,0
-3.6541266,-1.1299682,0.15750563,-0.65006065,-0.0043471605,0.75986981,0
-0.49794924,-2.8621609,0.6809206,0.38601679,-0.86323482,0.32529473,0
-1.3550363,0.68622744,-4.2563171,-0.38601679,0.86323482,-0.32529473,0
-1.3458352,1.4667536,2.1470804,-0.65006065,-0.0043471605,0.75986981,0
2.1264684,3.1417997,0.92785656,0.65453196,0.50478381,0.56283307,0
0.80476499,-1.4999173,2.7500179,0.38601679,-0.86323482,0.32529473,0
-0.214035,-3.4679503,-2.8593588,-0.65453196,-0.50478381,-0.56283307,0
2.5631006,-2.0706909,-1.1091778,0.65006065,0.0043471605,-0.75986981,0
0.27764559,1.1276381,-3.0460632,0.65006065,0.0043471605,-0.75986981,0
1.7291257,1.9975288,2.4161892,0.65453196,0.50478381,0.56283307,0
-0.36150858,-3.3514612,-2.7923331,-0.65453196,-0.50478381,-0.56283307,0
-0.034765005,-2.3040245,1.6124011,0.38601679,-0.86323482,0.32529473,0
-0.15984148,1.9236007,-2.3909984,-0.38601679,0.86323482,-0.32529473,0
-0.89819312,-3.2770765,-2.2349226,-0.65453196,-0.50478381,-0.56283307,0
0.50196648,-0.81081569,3.7148254,-0.65006065,-0.0043471605,0.75986981,0
-3.4604692,0.27114308,-2.4374557,-0.65453196,-0.50478381,-0.56283307,0
-0.071633101,1.6996467,3.2384791,-0.65006065,-0.0043471605,0.75986981,0
3.5975461,-0.76372564,1.3895466,0.38601679,-0.86323482,0.32529473,0
1.6619849,2.9074118,1.6782293,0.65453196,0.50478381,0.56283307,0
-0.85382062,-3.3857019,-2.1891022,-0.65453196,-0.50478381,-0.56283307,0
1.8679655,3.9209018,0.52972877,0.65453196,0.50478381,0.56283307,0
-1.144443,-2.8556812,-2.3264861,-0.65453196,-0.50478381,-0.56283307,0
-2.4022632,-3.6134465,0.94702119,0.38601679,-0.86323482,0.32529473,0
1.5589817,3.1080825,1.6180403,0.65453196,0.50478381,0.56283307,0
1.6375914,3.4531119,1.2171793,0.65453196,0.50478381,0.56283307,0
2.3958468,0.9506166,2.5797796,0.65453196,0.50478381,0.56283307,0
4.4138188,-0.73531055,0.49630749,0.38601679,-0.86323482,0.32529473,0
1.9917692,1.3334209,-1.5784708,0.65006065,0.0043471605,-0.75986981,0
0.3950133,-3.4963524,-2.0616837,0.38601679,-0.86323482,0.32529473,0
-3.2466836,-0.31088716,-2.1640706,-0.65453196,-0.50478381,-0.56283307,0
-0.93081367,2.1707003,-0.82038271,-0.38601679,0.86323482,-0.32529473,0
-1.5472653,1.1237488,-2.8671546,-0.38601679,0.86323482,-0.32529473,0
-2.0426645,-2.8627703,-1.2755651,-0.65453196,-0.50478381,-0.56283307,0
-0.77344155,0.92204964,2.633641,-0.65006065,-0.0043471605,0.75986981,0
3.833303,0.63789129,1.1885996,0.65453196,0.50478381,0.56283307,0
3.2103367,2.4530489,0.28511524,0.65453196,0.50478381,0.56283307,0
-1.2681687,-1.0893369,-3.7667708,-0.65453196,-0.50478381,-0.56283307,0
0.25999022,0.7767815,-3.0631742,0.65006065,0.0043471605,-0.75986981,0
0.012583137,-0.5764873,-3.2825701,0.65006065,0.0043471605,-0.75986981,0
-1.5459152,2.5121045,0.81552333,-0.38601679,0.86323482,-0.32529473,0
-0.34651563,-3.4519458,-2.7196479,-0.65453196,-0.50478381,-0.56283307,0
2.7052686,-0.94403303,1.9699017,0.38601679,-0.86323482,0.32529473,0
2.6861236,0.7696321,2.4045281,0.65453196,0.50478381,0.56283307,0
3.0596621,1.1657703,-0.66585898,0.65006065,0.0043471605,-0.75986981,0
-0.85640657,2.6313987,0.31387624,-0.38601679,0.86323482,-0.32529473,0
-3.7142396,-1.7282091,-0.34919584,-0.65453196,-0.50478381,-0.56283307,0
-1.2405177,-2.0046899,2.2173183,-0.65006065,-0.0043471605,0.75986981,0
-1.7566713,-3.1183772,1.4946833,0.38601679,-0.86323482,0.32529473,0
2.9757762,-0.93927294,1.6615306,0.38601679,-0.86323482,0.32529473,0
2.7089529,-0.30249357,3.3395286,0.65453196,0.50478381,0.56283307,0
-0.61230493,3.0517077,2.7836754,-0.65006065,-0.0043471605,0.75986981,0
0.48252797,1.7138888,-2.8674343,0.65006065,0.0043471605,-0.75986981,0
1.9366612,-0.67119056,3.6060252,0.38601679,-0.86323482,0.32529473,0
0.9082998,0.66312915,-2.5092022,0.65006065,0.0043471605,-0.75986981,0
1.6499631,3.1362007,-1.3207581,-0.38601679,0.86323482,-0.32529473,0
0.16785547,3.3668294,1.0500305,-0.38601679,0.86323482,-0.32529473,0
-3.2553077,0.1676358,-2.5832109,-0.65453196,-0.50478381,-0.56283307,0
0.3985815,3.8838489,2.1482494,-0.38601679,0.86323482,-0.32529473,0
-3.1081228,-1.2369972,-1.4946134,-0.65453196,-0.50478381,-0.56283307,0
1.5398583,3.8143251,0.60943794,-0.38601679,0.86323482,-0.32529473,0
0.025367141,1.2736276,3.319025,-0.65006065,-0.0043471605,0.75986981,0
0.44090027,3.2403352,0.39033926,-0.38601679,0.86323482,-0.32529473,0
-1.7930645,-3.8948102,-0.52255046,0.38601679,-0.86323482,0.32529473,0
-2.8591549,-0.83082247,-2.1484265,-0.65453196,-0.50478381,-0.56283307,0
1.1996384,-1.6835124,1.7942274,0.38601679,-0.86323482,0.32529473,0
-1.5227051,0.1634537,-4.5917597,0.65006065,0.0043471605,-0.75986981,0
-0.83422971,-2.197026,2.5637932,-0.65006065,-0.0043471605,0.75986981,0
-0.73495978,0.73259926,2.6654778,-0.65006065,-0.0043471605,0.75986981,0
-3.3060126,-2.8606703,0.4454118,-0.65006065,-0.0043471605,0.75986981,0
-1.6007731,1.7437878,1.9305685,-0.65006065,-0.0043471605,0.75986981,0
-1.0821167,-3.4562976,-0.20252818,0.38601679,-0.86323482,0.32529473,0
1.541384,2.0461624,-1.9596932,0.65006065,0.0043471605,-0.75986981,0
2.113019,3.8495932,0.02287817,-0.38601679,0.86323482,-0.32529473,0
-1.8001549,-2.0618398,-2.2759099,-0.65453196,-0.50478381,-0.56283307,0
2.3321171,2.7415433,-1.2792511,0.65006065,0.0043471605,-0.75986981,0
-1.2509595,2.6993945,2.2352974,-0.65006065,-0.0043471605,0.75986981,0
3.2059858,-1.1773155,0.7566551,0.38601679,-0.86323482,0.32529473,0
-1.5162933,1.4031229,-2.1625338,-0.38601679,0.86323482,-0.32529473,0
0.89990175,-2.0958395,1.0557224,0.38601679,-0.86323482,0.32529473,0
-0.50246489,1.5199451,-3.0555995,-0.38601679,0.86323482,-0.32529473,0
1.2954112,-1.4412112,2.3235719,0.38601679,-0.86323482,0.32529473,0
-0.37500599,2.3924634,-0.89144886,-0.38601679,0.86323482,-0.32529473,0
0.78569627,-2.7184386,-0.4609451,0.38601679,-0.86323482,0.32529473,0
3.8748994,-0.56088793,1.5986912,0.38601679,-0.86323482,0.32529473,0
1.8806072,3.1792417,1.1801938,0.65453196,0.50478381,0.56283307,0
-1.4375833,3.0100055,2.0082483,-0.38601679,0.86323482,-0.32529473,0
-0.91097897,2.3157654,-0.45896029,-0.38601679,0.86323482,-0.32529473,0
-2.878042,1.0161284,-1.5735579,-0.38601679,0.86323482,-0.32529473,0
3.5850582,2.348469,-0.056863666,0.65453196,0.50478381,0.56283307,0
-1.6838174,0.57151306,1.8528186,-0.65006065,-0.0043471605,0.75986981,0
3.7590027,-0.92465991,0.77088046,0.38601679,-0.86323482,0.32529473,0
1.6568358,1.4836636,2.9611237,0.65453196,0.50478381,0.56283307,0
2.3917069,0.059280515,3.3839998,0.65453196,0.50478381,0.56283307,0
3.6797059,0.45636332,-0.1394763,0.65006065,0.0043471605,-0.75986981,0
-1.376561,-2.0477715,-2.7811344,-0.65453196,-0.50478381,-0.56283307,0
2.3115292,-2.3445992,-1.2795429,0.38601679,-0.86323482,0.32529473,0
4.4087706,-0.73659396,0.47740591,0.65006065,0.0043471605,-0.75986981,0
-1.121128,1.3280998,-2.8305516,-0.38601679,0.86323482,-0.32529473,0
-1.0009788,1.2475839,-3.1867943,-0.38601679,0.86323482,-0.32529473,0
3.3311069,0.99472946,-0.43461919,0.65006065,0.0043471605,-0.75986981,0
-0.32706994,0.10422885,3.0108285,-0.65006065,-0.0043471605,0.75986981,0
2.8352685,3.8730342,-0.55224025,0.65453196,0.50478381,0.56283307,0
-3.1637208,1.3812555,-0.26561397,-0.38601679,0.86323482,-0.32529473,0
-0.098947346,2.4658396,-1.0243201,-0.38601679,0.86323482,-0.32529473,0
-3.2264981,-2.517107,-0.20886946,-0.65453196,-0.50478381,-0.56283307,0
-2.2560625,-1.0656768,1.3539026,-0.65006065,-0.0043471605,0.75986981,0
2.4328325,0.99909824,2.4932868,0.65453196,0.50478381,0.56283307,0
0.75699413,-3.4489291,-2.6621678,0.65006065,0.0043471605,-0.75986981,0
2.3003087,3.7723722,0.16015697,0.65453196,0.50478381,0.56283307,0
1.3964894,1.3543386,3.379873,0.65453196,0.50478381,0.56283307,0
-4.1032825,-0.68151909,-0.83550596,-0.65453196,-0.50478381,-0.56283307,0
1.1758796,2.9058828,-1.3693731,-0.38601679,0.86323482,-0.32529473,0
-0.80747306,3.3488483,2.1597047,-0.38601679,0.86323482,-0.32529473,0
-1.4213418,2.1010556,-0.42310488,-0.38601679,0.86323482,-0.32529473,0
-1.3047893,0.57707775,2.1771049,-0.65006065,-0.0043471605,0.75986981,0
4.5385413,0.34091774,0.59458768,0.65006065,0.0043471605,-0.75986981,0
-2.1565142,1.9224969,-0.024540752,-0.38601679,0.86323482,-0.32529473,0
-1.2125052,-1.5630128,2.2438097,-0.65006065,-0.0043471605,0.75986981,0
2.4625692,0.60914564,2.8084393,0.65453196,0.50478381,0.56283307,0
-0.27870059,1.8173653,-2.5318694,-0.38601679,0.86323482,-0.32529473,0
-3.4024868,-1.798741,-0.64848328,-0.65453196,-0.50478381,-0.56283307,0
1.519109,1.1461607,3.4239831,0.65453196,0.50478381,0.56283307,0
-3.1671886,-2.0862391,-0.664271,-0.65453196,-0.50478381,-0.56283307,0
2.3120663,-1.067093,2.1099374,0.38601679,-0.86323482,0.32529473,0
-2.5005713,-2.3412633,-1.2107743,-0.65453196,-0.50478381,-0.56283307,0
-0.5894739,2.2915936,-0.90462482,-0.38601679,0.86323482,-0.32529473,0
-1.0957634,3.0764468,1.7789375,-0.38601679,0.86323482,-0.32529473,0
-0.45622656,3.4408791,2.9194252,-0.65006065,-0.0043471605,0.75986981,0
-0.43531191,1.5804679,-2.9746788,-0.38601679,0.86323482,-0.32529473,0
-0.43476444,0.26601279,-3.6604514,0.65006065,0.0043471605,-0.75986981,0
1.4465652,1.0634084,3.5825632,0.65453196,0.50478381,0.56283307,0
-3.217715,-1.6994359,-0.9524219,-0.65453196,-0.50478381,-0.56283307,0
0.32393062,-1.4465868,3.4621313,0.38601679,-0.86323482,0.32529473,0
-1.2112726,-3.1302934,-2.0024793,-0.65453196,-0.50478381,-0.56283307,0
1.3112289,1.2671429,-2.1610451,0.65006065,0.0043471605,-0.75986981,0
-1.6326325,-3.4807405,-1.198167,-0.65453196,-0.50478381,-0.56283307,0
-1.5072556,-3.2502854,0.84866524,0.38601679,-0.86323482,0.32529473,0
0.30179822,-2.0969884,-3.0438485,0.65006065,0.0043471605,-0.75986981,0
-0.05760815,-3.790314,-2.7521553,-0.65453196,-0.50478381,-0.56283307,0
3.3162286,-0.92775011,1.2881051,0.38601679,-0.86323482,0.32529473,0
2.8479083,3.8973012,-0.58870393,0.65453196,0.50478381,0.56283307,0
-1.6607869,1.1593733,-2.6379061,-0.38601679,0.86323482,-0.32529473,0
-0.1224255,0.21109653,-3.393563,0.65006065,0.0043471605,-0.75986981,0
3.7778842,0.36462438,-0.056010604,0.65006065,0.0043471605,-0.75986981,0
2.3330801,2.343539,1.4035128,0.65453196,0.50478381,0.56283307,0
-1.5931692,-3.5764246,0.085140467,0.38601679,-0.86323482,0.32529473,0
0.58348,-0.79847419,-2.795444,0.65006065,0.0043471605,-0.75986981,0
-0.62953997,2.4577315,-0.41619965,-0.38601679,0.86323482,-0.32529473,0
-1.4831409,-0.43353158,2.0187452,-0.65006065,-0.0043471605,0.75986981,0
0.051470101,-0.2323243,-3.247334,0.65006065,0.0043471605,-0.75986981,0
0.9573952,-2.7664115,-2.4868221,0.65006065,0.0043471605,-0.75986981,0
2.8397436,3.3983898,-0.13175404,0.65453196,0.50478381,0.56283307,0
1.0112699,2.3760951,2.9114795,0.65453196,0.50478381,0.56283307,0
0.87847072,0.1455487,4.0423923,-0.65006065,-0.0043471605,0.75986981,0
0.62256247,-2.1262836,1.3040428,0.38601679,-0.86323482,0.32529473,0
3.6951683,-0.66969371,-0.13269091,0.65006065,0.0043471605,-0.75986981,0
-3.4524608,1.1200795,0.34290105,-0.65006065,-0.0043471605,0.75986981,0
1.7641842,3.11882,-1.5024236,-0.38601679,0.86323482,-0.32529473,0
-3.6930599,1.0097544,-0.62331688,-0.38601679,0.86323482,-0.32529473,0
0.34026951,0.34182957,3.5830896,-0.65006065,-0.0043471605,0.75986981,0
0.56810379,3.7615309,1.6224883,-0.38601679,0.86323482,-0.32529473,0
2.0763726,-0.9351446,2.7397792,0.38601679,-0.86323482,0.32529473,0
-3.917542,-1.2494644,-0.068527222,-0.65006065,-0.0043471605,0.75986981,0
1.2472706,-2.8315411,-2.2392092,0.65006065,0.0043471605,-0.75986981,0
-0.92248499,-0.020925581,2.5007412,-0.65006065,-0.0043471605,0.75986981,0
-3.0995154,-0.81525671,-1.8828663,-0.65453196,-0.50478381,-0.56283307,0
1.8546095,2.450634,1.8638884,0.65453196,0.50478381,0.56283307,0
-1.5139397,-1.2461443,-3.340323,-0.65453196,-0.50478381,-0.56283307,0
-1.9492303,-0.74920571,-3.2797983,-0.65453196,-0.50478381,-0.56283307,0
0.12502801,-3.0535631,-3.2005463,0.65006065,0.0043471605,-0.75986981,0
3.6094913,1.1898712,0.95382524,0.65453196,0.50478381,0.56283307,0
0.58197987,2.9302087,-0.60005784,-0.38601679,0.86323482,-0.32529473,0
-2.2806888,-2.5949893,-1.238924,-0.65453196,-0.50478381,-0.56283307,0
0.53877246,0.63785219,-2.8254735,0.65006065,0.0043471605,-0.75986981,0
0.24345453,2.9396687,3.2989419,0.65453196,0.50478381,0.56283307,0
-0.57786053,-3.2420378,-2.6388698,-0.65453196,-0.50478381,-0.56283307,0
-0.75642383,2.5677629,0.02635967,-0.38601679,0.86323482,-0.32529473,0
1.7463956,-1.2760162,-1.803314,0.65006065,0.0043471605,-0.75986981,0
0.73528129,-3.3132727,-1.9796295,0.38601679,-0.86323482,0.32529473,0
0.89890045,-2.7118495,-0.57779425,0.38601679,-0.86323482,0.32529473,0
-1.0280964,-3.3364885,0.051306009,0.38601679,-0.86323482,0.32529473,0
2.0855036,3.3582392,-1.2483766,-0.38601679,0.86323482,-0.32529473,0
0.52764153,-1.3061186,-2.8461175,0.65006065,0.0043471605,-0.75986981,0
2.7066669,3.8416796,-0.37456584,0.65453196,0.50478381,0.56283307,0
-0.90018392,-3.8721392,-1.6989183,-0.65453196,-0.50478381,-0.56283307,0
-1.0121933,3.2290721,2.4425898,-0.65006065,-0.0043471605,0.75986981,0
-1.7573502,-3.1063404,1.5274315,0.38601679,-0.86323482,0.32529473,0
3.1271105,1.7579713,1.0052897,0.65453196,0.50478381,0.56283307,0
1.1797829,1.2841915,3.6947985,0.65453196,0.50478381,0.56283307,0
0.40463454,-2.8739038,-2.9603181,0.65006065,0.0043471605,-0.75986981,0
-0.014848828,-2.3460679,1.4771967,0.38601679,-0.86323482,0.32529473,0
-2.4966245,0.72520494,1.1583498,-0.65006065,-0.0043471605,0.75986981,0
