2.9379148,-2.4439201,1.9460278,0.8655318,-0.47855496,0.14778429,0
-1.478292,4.5390339,-3.7102408,-0.8655318,0.47855496,-0.14778429,0
2.6412768,-3.3277586,0.82130986,0.8655318,-0.47855496,0.14778429,0
4.2690678,-1.5103979,-2.8272371,0.8655318,-0.47855496,0.14778429,0
-1.3501325,4.2369866,-4.7413397,0.2863239,0.23067425,-0.92995071,0
0.0076963902,-3.7802124,4.441319,-0.2863239,-0.23067425,0.92995071,0
0.29591125,-1.9130324,-1.4876287,-0.41094244,-0.84721577,-0.33667758,0
-2.8055453,-0.33981287,4.4285364,-0.2863239,-0.23067425,0.92995071,0
3.6316118,-0.87121618,2.9759638,0.8655318,-0.47855496,0.14778429,0
1.82198,-0.8061645,5.7376337,-0.2863239,-0.23067425,0.92995071,0
3.863054,-0.19180524,1.7078892,0.41094244,0.84721577,0.33667758,0
-3.6537914,1.7183723,-0.10280836,-0.8655318,0.47855496,-0.14778429,0
0.13263488,2.216398,-4.7860165,0.2863239,0.23067425,-0.92995071,0
2.7902362,-1.8985933,-4.5684905,-0.41094244,-0.84721577,-0.33667758,0
3.9591355,1.7027004,-3.176723,0.41094244,0.84721577,0.33667758,0
0.39535987,0.5262171,4.1336603,0.41094244,0.84721577,0.33667758,0
-2.2689023,-0.81627047,-1.1169583,-0.41094244,-0.84721577,-0.33667758,0
-3.8771396,2.060241,2.3123202,-0.8655318,0.47855496,-0.14778429,0
0.97577357,-4.0088358,2.9564276,-0.41094244,-0.84721577,-0.33667758,0
1.238307,-3.4496107,4.9022188,-0.2863239,-0.23067425,0.92995071,0
-2.6646738,-1.1239145,4.2774129,-0.2863239,-0.23067425,0.92995071,0
-2.4210448,2.8804517,-3.5596189,-0.8655318,0.47855496,-0.14778429,0
1.6910098,1.3492446,0.48114628,0.41094244,0.84721577,0.33667758,0
4.273097,-0.97498244,-1.1170485,0.8655318,-0.47855496,0.14778429,0
-2.3656993,1.2365935,4.9549899,-0.2863239,-0.23067425,0.92995071,0
-3.0515351,-0.9097876,4.2114158,-0.2863239,-0.23067425,0.92995071,0
-3.6682272,-1.8106003,3.0931654,-0.41094244,-0.84721577,-0.33667758,0
2.8386104,1.6571414,-4.0915933,0.2863239,0.23067425,-0.92995071,0
1.8491157,2.6755533,-3.0493598,0.41094244,0.84721577,0.33667758,0
-3.932894,2.2381308,4.7208953,-0.2863239,-0.23067425,0.92995071,0
1.6377928,1.6688532,-0.25816143,0.41094244,0.84721577,0.33667758,0
2.2410889,-3.2489445,3.4203167,0.8655318,-0.47855496,0.14778429,0
-2.5595994,-0.27175784,4.5211415,-0.2863239,-0.23067425,0.92995071,0
-2.40909,-1.9896737,2.0069058,-0.41094244,-0.84721577,-0.33667758,0
2.1220231,2.6749728,-3.3810048,0.41094244,0.84721577,0.33667758,0
0.74619341,-2.0370395,-1.7251832,-0.41094244,-0.84721577,-0.33667758,0
2.5638518,-0.047542334,-4.5990348,0.2863239,0.23067425,-0.92995071,0
-0.26302147,3.0952811,-4.6898284,0.2863239,0.23067425,-0.92995071,0
-0.012932748,1.1841426,2.9764102,0.41094244,0.84721577,0.33667758,0
-0.88836485,-2.7377529,2.0332043,-0.41094244,-0.84721577,-0.33667758,0
-2.8994112,2.5358508,-1.8738451,-0.8655318,0.47855496,-0.14778429,0
-2.7190208,1.7210447,-5.5688448,-0.8655318,0.47855496,-0.14778429,0
-1.032198,-0.70001334,4.8851881,-0.2863239,-0.23067425,0.92995071,0
-0.97523379,-2.4310448,4.4733438,-0.2863239,-0.23067425,0.92995071,0
4.977787,0.29596734,-1.1286321,0.8655318,-0.47855496,0.14778429,0
-0.48569739,0.79764462,4.526042,0.41094244,0.84721577,0.33667758,0
-0.46649349,-2.3253419,0.48048449,-0.41094244,-0.84721577,-0.33667758,0
-0.70187974,-2.9721918,2.3955269,-0.41094244,-0.84721577,-0.33667758,0
3.3997116,-2.783078,-1.8568492,0.8655318,-0.47855496,0.14778429,0
-3.7060494,-1.6533515,2.743629,-0.41094244,-0.84721577,-0.33667758,0
2.6547296,1.2597859,-4.2467728,0.2863239,0.23067425,-0.92995071,0
1.2908897,2.5143576,-4.3554907,0.2863239,0.23067425,-0.92995071,0
-3.2969384,3.0526793,2.1279576,-0.8655318,0.47855496,-0.14778429,0
-1.3783422,3.3756483,-4.9636807,0.2863239,0.23067425,-0.92995071,0
-3.7389417,0.85923219,-2.3861709,-0.8655318,0.47855496,-0.14778429,0
0.33888674,-3.6925306,2.9378483,-0.41094244,-0.84721577,-0.33667758,0
4.2969704,-0.38660264,0.6484189,0.8655318,-0.47855496,0.14778429,0
3.8180225,-2.6466916,-3.8651328,0.8655318,-0.47855496,0.14778429,0
-1.6732292,0.76941514,-5.7009501,0.2863239,0.23067425,-0.92995071,0
4.8855662,0.076042771,-1.3006854,0.8655318,-0.47855496,0.14778429,0
1.7885258,-0.28242397,4.4680538,0.41094244,0.84721577,0.33667758,0
2.1958363,-2.505652,-2.3153729,-0.41094244,-0.84721577,-0.33667758,0
4.3010111,0.57739627,-0.76229334,0.41094244,0.84721577,0.33667758,0
-2.3491032,-0.00098496675,4.6531177,-0.2863239,-0.23067425,0.92995071,0
1.7380826,2.0460143,-4.3339753,0.2863239,0.23067425,-0.92995071,0
-2.8486066,1.6136113,-5.1577907,-0.8655318,0.47855496,-0.14778429,0
4.9544487,-0.094301462,-2.2557211,0.8655318,-0.47855496,0.14778429,0
-0.55698586,3.7819772,-4.6100025,0.2863239,0.23067425,-0.92995071,0
2.2599912,-2.6664853,-1.9889581,-0.41094244,-0.84721577,-0.33667758,0
1.4997582,-2.3584938,5.2533684,-0.2863239,-0.23067425,0.92995071,0
1.3727958,-1.3983959,5.4524307,-0.2863239,-0.23067425,0.92995071,0
-3.5623655,1.9977666,4.7753549,-0.2863239,-0.23067425,0.92995071,0
-1.8890181,-2.884475,3.6237955,-0.41094244,-0.84721577,-0.33667758,0
-3.2025971,1.6922098,-2.8300467,-0.8655318,0.47855496,-0.14778429,0
-3.8008518,2.2051253,2.3346899,-0.8655318,0.47855496,-0.14778429,0
-3.9781957,-0.57201242,0.35472226,-0.41094244,-0.84721577,-0.33667758,0
1.8657422,-3.9074237,3.4863334,0.8655318,-0.47855496,0.14778429,0
-3.897136,2.4004195,4.6567564,0.41094244,0.84721577,0.33667758,0
-0.5988574,0.74370122,-5.3765388,0.2863239,0.23067425,-0.92995071,0
-4.2812719,1.1494348,1.7298412,-0.8655318,0.47855496,-0.14778429,0
-1.8487725,2.5810289,-5.3056269,0.2863239,0.23067425,-0.92995071,0
-2.3035736,-1.4153135,4.3163118,-0.2863239,-0.23067425,0.92995071,0
5.0168495,0.2418282,-1.5327296,0.8655318,-0.47855496,0.14778429,0
3.086236,-1.1893725,5.139832,0.8655318,-0.47855496,0.14778429,0
0.57645583,3.1563177,-4.4162202,0.2863239,0.23067425,-0.92995071,0
3.6155388,-2.4814229,-2.144067,0.8655318,-0.47855496,0.14778429,0
-0.069744349,-0.54198134,-4.4914317,-0.41094244,-0.84721577,-0.33667758,0
-0.018757105,3.5986707,-4.4897561,0.2863239,0.23067425,-0.92995071,0
-1.6746819,3.4287093,-0.64352083,0.41094244,0.84721577,0.33667758,0
-4.475729,1.4780777,3.9329362,-0.8655318,0.47855496,-0.14778429,0
4.1610427,-2.2449129,-4.573071,0.8655318,-0.47855496,0.14778429,0
0.40125275,-1.8338817,5.045279,-0.2863239,-0.23067425,0.92995071,0
2.1532061,0.81920385,-4.5104733,0.2863239,0.23067425,-0.92995071,0
-1.390501,-1.330071,-0.89619029,-0.41094244,-0.84721577,-0.33667758,0
0.11951762,0.99699819,3.2856741,0.41094244,0.84721577,0.33667758,0
-0.26207411,1.8513776,1.6014761,0.41094244,0.84721577,0.33667758,0
3.4075453,-2.3043752,-4.3008566,-0.41094244,-0.84721577,-0.33667758,0
4.4508619,-0.75546795,-1.4473383,0.8655318,-0.47855496,0.14778429,0
1.0503546,-2.1741896,-1.7513125,-0.41094244,-0.84721577,-0.33667758,0
2.2196021,-3.8539414,1.5870595,0.8655318,-0.47855496,0.14778429,0
2.4112864,-3.7000401,0.96278155,0.8655318,-0.47855496,0.14778429,0
-3.1128101,2.1027155,-2.0266042,-0.8655318,0.47855496,-0.14778429,0
1.6596799,-0.53006935,5.2484961,0.41094244,0.84721577,0.33667758,0
4.209784,-0.85701835,-0.36425447,0.8655318,-0.47855496,0.14778429,0
1.9726504,-0.77608657,-4.9617763,0.2863239,0.23067425,-0.92995071,0
-2.311049,3.4595799,-2.3285003,-0.8655318,0.47855496,-0.14778429,0
-3.3955393,0.96145511,-4.06637,-0.8655318,0.47855496,-0.14778429,0
3.9658518,-0.34005281,-4.2399292,0.2863239,0.23067425,-0.92995071,0
-3.3091102,1.2688034,-3.5772991,-0.8655318,0.47855496,-0.14778429,0
0.43983722,3.044873,-4.4859281,0.2863239,0.23067425,-0.92995071,0
2.9026055,1.9350151,-2.4717391,0.41094244,0.84721577,0.33667758,0
-2.9687905,3.0613232,1.8605351,0.41094244,0.84721577,0.33667758,0
3.1194494,0.44108343,1.0229174,0.41094244,0.84721577,0.33667758,0
-2.6329896,2.5336974,2.7783821,0.41094244,0.84721577,0.33667758,0
2.9878476,-3.0951703,-0.45529282,0.8655318,-0.47855496,0.14778429,0
0.76604205,0.90176558,-4.9170909,0.2863239,0.23067425,-0.92995071,0
-0.48560309,-2.3924115,0.6725831,-0.41094244,-0.84721577,-0.33667758,0
2.9225175,-3.0168972,0.18079233,0.8655318,-0.47855496,0.14778429,0
0.24833107,2.3446088,-4.7185922,0.2863239,0.23067425,-0.92995071,0
-2.1735227,2.7374587,1.7048185,0.41094244,0.84721577,0.33667758,0
-3.1467519,1.8820328,-2.5424309,-0.8655318,0.47855496,-0.14778429,0
-3.4167447,1.4334568,-2.4137394,-0.8655318,0.47855496,-0.14778429,0
-0.2099781,3.5474057,-2.7299988,0.41094244,0.84721577,0.33667758,0
2.3475373,1.6864294,-1.1686912,0.41094244,0.84721577,0.33667758,0
4.5426836,-0.86558485,-2.3416934,0.8655318,-0.47855496,0.14778429,0
-3.0796647,3.099153,1.0059357,-0.8655318,0.47855496,-0.14778429,0
-4.3759165,1.7069718,4.4527378,-0.2863239,-0.23067425,0.92995071,0
5.388464,0.39128482,-3.2252016,0.8655318,-0.47855496,0.14778429,0
0.80932808,-1.6884732,5.2069907,-0.2863239,-0.23067425,0.92995071,0
-0.2217741,-1.6881795,4.889596,-0.2863239,-0.23067425,0.92995071,0
4.1959372,-1.8130693,-3.3790398,0.8655318,-0.47855496,0.14778429,0
1.2674627,-4.2422829,3.1878431,-0.41094244,-0.84721577,-0.33667758,0
2.822588,-2.0472236,-4.2339654,-0.41094244,-0.84721577,-0.33667758,0
-3.6277595,2.3070307,1.6509252,-0.8655318,0.47855496,-0.14778429,0
1.3335305,2.8977699,-2.9792335,0.41094244,0.84721577,0.33667758,0
-3.1965365,0.81180787,-4.081604,-0.41094244,-0.84721577,-0.33667758,0
-2.4016614,0.67254573,4.8040056,-0.2863239,-0.23067425,0.92995071,0
-0.92967892,3.3049374,-1.2413977,0.41094244,0.84721577,0.33667758,0
0.76295525,-1.0913637,-4.1253428,-0.41094244,-0.84721577,-0.33667758,0
2.9041543,-2.0324032,3.4763279,0.8655318,-0.47855496,0.14778429,0
0.94345641,-2.7652712,-0.13343531,-0.41094244,-0.84721577,-0.33667758,0
0.90137619,1.7510177,0.43393591,0.41094244,0.84721577,0.33667758,0
1.8586131,1.8066761,-0.87450862,0.41094244,0.84721577,0.33667758,0
0.69325662,-2.62428,4.939126,-0.2863239,-0.23067425,0.92995071,0
-0.37066627,0.066391468,-5.474288,0.2863239,0.23067425,-0.92995071,0
-0.82816744,4.4872599,-4.5185513,0.2863239,0.23067425,-0.92995071,0
0.87111902,2.3070827,-4.536149,0.2863239,0.23067425,-0.92995071,0
3.6392014,0.20501244,0.98256725,0.41094244,0.84721577,0.33667758,0
-0.95097089,0.49736202,5.2072058,-0.2863239,-0.23067425,0.92995071,0
3.9908829,-1.206831,-0.21497154,0.8655318,-0.47855496,0.14778429,0
1.7664618,-1.7975628,-3.5731232,-0.41094244,-0.84721577,-0.33667758,0
-1.649279,2.4407172,1.8116575,0.41094244,0.84721577,0.33667758,0
2.1659231,1.8808763,-4.2432103,0.2863239,0.23067425,-0.92995071,0
5.2026768,0.98582345,-2.8906155,0.41094244,0.84721577,0.33667758,0
-1.9670553,3.5698786,-0.64189422,0.41094244,0.84721577,0.33667758,0
-2.834353,-0.26082829,4.4392591,-0.2863239,-0.23067425,0.92995071,0
-4.8013191,0.39480203,2.3319583,-0.8655318,0.47855496,-0.14778429,0
-2.66049,-1.630266,1.4093459,-0.41094244,-0.84721577,-0.33667758,0
0.47762942,2.9340532,-4.5017805,0.2863239,0.23067425,-0.92995071,0
3.4694147,-1.6399148,1.4367149,0.8655318,-0.47855496,0.14778429,0
4.4585018,-0.56226414,-0.86644793,0.8655318,-0.47855496,0.14778429,0
1.629503,1.1943579,0.94597745,0.41094244,0.84721577,0.33667758,0
0.34096843,-0.614959,-4.8090987,-0.41094244,-0.84721577,-0.33667758,0
-2.3338995,2.4698539,-5.3996019,-0.8655318,0.47855496,-0.14778429,0
1.5442969,2.9696145,-3.4172802,0.41094244,0.84721577,0.33667758,0
-0.6497612,2.9039259,-4.8563676,0.2863239,0.23067425,-0.92995071,0
4.9588747,1.0648708,-2.7919512,0.41094244,0.84721577,0.33667758,0
2.0396719,-2.6838374,5.338903,-0.2863239,-0.23067425,0.92995071,0
0.38675565,1.1472111,2.5814919,0.41094244,0.84721577,0.33667758,0
-2.2565551,0.76166821,-5.1027565,-0.41094244,-0.84721577,-0.33667758,0
-0.98715401,3.3224053,-4.8564444,0.2863239,0.23067425,-0.92995071,0
-3.766521,-1.7343295,3.0212131,-0.41094244,-0.84721577,-0.33667758,0
-1.9861209,3.5828869,-0.65135676,0.41094244,0.84721577,0.33667758,0
-0.74701071,4.1770263,-3.6588845,0.41094244,0.84721577,0.33667758,0
3.9166598,-0.93725812,1.0926635,0.8655318,-0.47855496,0.14778429,0
2.6695664,-0.29336768,-4.6274633,0.2863239,0.23067425,-0.92995071,0
-4.0902872,0.97376567,0.04244709,-0.8655318,0.47855496,-0.14778429,0
-1.2480578,-1.5920011,4.5974689,-0.2863239,-0.23067425,0.92995071,0
-2.2733281,0.66652942,-4.8428764,-0.41094244,-0.84721577,-0.33667758,0
2.850595,-2.6178558,-2.8322101,-0.41094244,-0.84721577,-0.33667758,0
-2.7093856,0.3261494,4.6233354,-0.2863239,-0.23067425,0.92995071,0
1.4796329,-3.0732169,5.0698857,-0.2863239,-0.23067425,0.92995071,0
3.7181697,-0.91546357,2.3257399,0.8655318,-0.47855496,0.14778429,0
-0.86954403,1.7246114,2.6619375,0.41094244,0.84721577,0.33667758,0
-1.4889188,-2.9990478,4.1742921,-0.2863239,-0.23067425,0.92995071,0
-4.585042,0.16636288,0.3255496,-0.8655318,0.47855496,-0.14778429,0
3.7052147,-1.8873476,-0.7455411,0.8655318,-0.47855496,0.14778429,0
-1.5447748,1.3954978,4.3142934,0.41094244,0.84721577,0.33667758,0
0.40316707,-0.57450449,-4.9868174,-0.41094244,-0.84721577,-0.33667758,0
-3.184293,-2.1411974,3.3343992,-0.41094244,-0.84721577,-0.33667758,0
-1.5741816,-0.20260668,-3.509146,-0.41094244,-0.84721577,-0.33667758,0
4.4076796,-1.1839855,-2.582057,0.8655318,-0.47855496,0.14778429,0
0.19755721,-1.0963819,5.1654992,-0.2863239,-0.23067425,0.92995071,0
-1.1878293,2.3035209,1.5936618,0.41094244,0.84721577,0.33667758,0
2.9350805,-2.7000239,-2.7285635,-0.41094244,-0.84721577,-0.33667758,0
-1.762228,4.0986652,-3.4733088,-0.8655318,0.47855496,-0.14778429,0
-4.831934,-0.13753164,0.78746533,-0.8655318,0.47855496,-0.14778429,0
-1.2922063,0.72998261,5.1598439,-0.2863239,-0.23067425,0.92995071,0
-3.4532821,2.0392838,-0.2379595,-0.8655318,0.47855496,-0.14778429,0
-1.3879815,-2.839633,2.8993986,-0.41094244,-0.84721577,-0.33667758,0
3.0763822,-2.4955723,-3.4155164,-0.41094244,-0.84721577,-0.33667758,0
-4.0802646,1.2408935,0.84875584,-0.8655318,0.47855496,-0.14778429,0
1.0522685,-1.8799784,5.2342868,-0.2863239,-0.23067425,0.92995071,0
2.823967,-2.824775,1.380107,0.8655318,-0.47855496,0.14778429,0
-0.064815044,1.8032331,-4.9492946,0.2863239,0.23067425,-0.92995071,0
1.0586209,-3.3043492,1.0825337,-0.41094244,-0.84721577,-0.33667758,0
3.9342461,-0.5602442,2.2105105,0.8655318,-0.47855496,0.14778429,0
2.8451192,2.4518929,-3.7022443,0.41094244,0.84721577,0.33667758,0
-2.0402694,3.430325,-0.20135735,0.41094244,0.84721577,0.33667758,0
1.1075902,-0.94788694,-4.9070425,-0.41094244,-0.84721577,-0.33667758,0
-5.2200165,-1.0241988,3.0083485,-0.41094244,-0.84721577,-0.33667758,0
-3.9675515,1.0080509,-0.56536055,-0.8655318,0.47855496,-0.14778429,0
2.2994702,1.271903,-4.3531475,0.2863239,0.23067425,-0.92995071,0
3.6902475,1.8265729,-3.787353,0.2863239,0.23067425,-0.92995071,0
1.523639,1.7622994,-4.4703774,0.2863239,0.23067425,-0.92995071,0
1.6701273,2.4024804,-4.2664781,0.2863239,0.23067425,-0.92995071,0
-0.44886017,-0.43789101,5.1298113,-0.2863239,-0.23067425,0.92995071,0
0.25586414,0.51481152,-5.1701531,0.2863239,0.23067425,-0.92995071,0
-1.8015145,1.7049617,3.8489304,0.41094244,0.84721577,0.33667758,0
0.52764857,-2.2697108,-0.87293661,-0.41094244,-0.84721577,-0.33667758,0
2.2993529,-3.4518709,-0.060657144,-0.41094244,-0.84721577,-0.33667758,0
-2.5541792,2.886431,-2.760524,-0.8655318,0.47855496,-0.14778429,0
-4.4084764,1.1935198,2.6175976,-0.8655318,0.47855496,-0.14778429,0
4.2771459,-0.68699718,-4.2301431,0.2863239,0.23067425,-0.92995071,0
3.9861119,-2.4918642,-4.3482232,0.8655318,-0.47855496,0.14778429,0
-0.84446597,-1.46576,4.7530451,-0.2863239,-0.23067425,0.92995071,0
4.4280968,1.3465831,-3.6792374,0.2863239,0.23067425,-0.92995071,0
-0.1177175,-1.7548648,4.9050927,-0.2863239,-0.23067425,0.92995071,0
-4.2508144,1.1697577,1.6172705,-0.8655318,0.47855496,-0.14778429,0
-3.8685565,0.79529762,-1.8340853,-0.8655318,0.47855496,-0.14778429,0
-2.9745998,0.23267066,4.5184908,-0.2863239,-0.23067425,0.92995071,0
0.52879572,0.8474679,3.1623945,0.41094244,0.84721577,0.33667758,0
-0.62964714,-0.78621626,-3.1934316,-0.41094244,-0.84721577,-0.33667758,0
4.1986108,-1.600974,-2.7078905,0.8655318,-0.47855496,0.14778429,0
3.8022728,-2.4746914,-3.2159181,0.8655318,-0.47855496,0.14778429,0
2.7626324,-2.5174279,2.7345786,0.8655318,-0.47855496,0.14778429,0
-3.3373449,2.4010458,0.25448382,-0.8655318,0.47855496,-0.14778429,0
-2.4305334,3.1300232,-2.6958828,-0.8655318,0.47855496,-0.14778429,0
-4.5948181,-0.69164795,3.7903624,-0.2863239,-0.23067425,0.92995071,0
2.4699168,-3.3021319,1.907904,0.8655318,-0.47855496,0.14778429,0
-5.3721733,-0.475061,2.8585067,-0.8655318,0.47855496,-0.14778429,0
-1.0992001,-1.3179933,4.7112689,-0.2863239,-0.23067425,0.92995071,0
-0.83991039,0.99719214,4.4562459,0.41094244,0.84721577,0.33667758,0
-3.8784561,-0.02021651,4.1774726,-0.2863239,-0.23067425,0.92995071,0
1.1441128,1.5043362,-4.6512184,0.2863239,0.23067425,-0.92995071,0
2.5624547,-1.511294,-4.9625497,0.2863239,0.23067425,-0.92995071,0
-3.0198579,2.0615726,-2.7042289,-0.8655318,0.47855496,-0.14778429,0
3.1792517,-2.1338561,1.5366364,0.8655318,-0.47855496,0.14778429,0
-4.6733398,0.1916405,0.92454267,-0.8655318,0.47855496,-0.14778429,0
-4.2401309,0.31182063,-1.2234731,-0.8655318,0.47855496,-0.14778429,0
1.6119647,1.4302676,-4.5255427,0.2863239,0.23067425,-0.92995071,0
0.080682993,-0.073709249,-5.3700733,0.2863239,0.23067425,-0.92995071,0
-2.4633188,3.5818338,-1.0408144,-0.8655318,0.47855496,-0.14778429,0
1.8745055,-3.1957095,5.1610789,-0.2863239,-0.23067425,0.92995071,0
-2.4229412,1.1453702,-5.8385258,0.2863239,0.23067425,-0.92995071,0
-0.52214646,1.0572437,-5.2751465,0.2863239,0.23067425,-0.92995071,0
4.2518539,-0.73586231,-0.21831751,0.8655318,-0.47855496,0.14778429,0
-0.11234856,-3.5295947,3.0786054,-0.41094244,-0.84721577,-0.33667758,0
-1.3427366,-2.3113837,1.5148864,-0.41094244,-0.84721577,-0.33667758,0
3.5557842,-0.98323357,3.057332,0.8655318,-0.47855496,0.14778429,0
0.49552429,3.0012593,-2.216799,0.41094244,0.84721577,0.33667758,0
3.087554,-2.2392058,1.7325399,0.8655318,-0.47855496,0.14778429,0
-1.0894792,1.6602687,-5.3002434,0.2863239,0.23067425,-0.92995071,0
3.007241,-0.55888349,-4.5893579,0.2863239,0.23067425,-0.92995071,0
1.3100305,-3.8736176,2.2081754,-0.41094244,-0.84721577,-0.33667758,0
2.2068033,2.7179873,-3.5927277,0.41094244,0.84721577,0.33667758,0
-1.4497535,3.8161931,-1.8931297,0.41094244,0.84721577,0.33667758,0
5.2276063,1.0603746,-3.5040693,0.2863239,0.23067425,-0.92995071,0
-1.6971004,-1.4215852,-0.29167426,-0.41094244,-0.84721577,-0.33667758,0
2.9465351,-2.474169,1.7975917,0.8655318,-0.47855496,0.14778429,0
-3.9457479,-1.8071332,3.4231772,-0.41094244,-0.84721577,-0.33667758,0
-3.1395988,2.5224988,-0.51036996,-0.8655318,0.47855496,-0.14778429,0
0.30424416,1.0497659,-5.022562,0.2863239,0.23067425,-0.92995071,0
-3.8164353,0.97933793,-1.543391,-0.8655318,0.47855496,-0.14778429,0
3.7548423,0.48171559,-4.1010575,0.2863239,0.23067425,-0.92995071,0
-0.051237822,-3.4947004,4.4939952,-0.2863239,-0.23067425,0.92995071,0
-1.7897141,-2.8984365,3.5377197,-0.41094244,-0.84721577,-0.33667758,0
2.0675731,-3.4064896,3.9263895,0.8655318,-0.47855496,0.14778429,0
2.717721,1.4998326,-1.1509783,0.41094244,0.84721577,0.33667758,0
2.5896287,-2.4522498,3.9588706,0.8655318,-0.47855496,0.14778429,0
-2.8982677,1.6202849,-4.8453283,-0.8655318,0.47855496,-0.14778429,0
-0.50617707,-1.5821034,-1.3413649,-0.41094244,-0.84721577,-0.33667758,0
1.9756367,-0.1243813,3.8419709,0.41094244,0.84721577,0.33667758,0
2.3920467,0.36670637,2.0979342,0.41094244,0.84721577,0.33667758,0
3.7660425,-1.5760181,-0.093644738,0.8655318,-0.47855496,0.14778429,0
1.759449,-1.6556586,5.5076652,-0.2863239,-0.23067425,0.92995071,0
-3.9642885,1.7831918,1.9255896,-0.8655318,0.47855496,-0.14778429,0
4.284873,-0.46954679,0.45068479,0.8655318,-0.47855496,0.14778429,0
-3.0256667,1.4226985,-4.7390103,-0.8655318,0.47855496,-0.14778429,0
-0.35595036,1.9988545,-4.9904079,0.2863239,0.23067425,-0.92995071,0
-0.25984359,2.5370784,-4.8273129,0.2863239,0.23067425,-0.92995071,0
2.8036008,-1.7947466,4.8348246,0.8655318,-0.47855496,0.14778429,0
-0.54685909,-2.6357467,1.3596805,-0.41094244,-0.84721577,-0.33667758,0
3.0679903,0.34093493,-4.3474541,0.2863239,0.23067425,-0.92995071,0
2.5798483,-2.1749115,4.9142323,0.8655318,-0.47855496,0.14778429,0
-4.1104603,-1.0665926,3.846487,-0.2863239,-0.23067425,0.92995071,0
4.9271288,0.62288129,-1.6409788,0.41094244,0.84721577,0.33667758,0
-3.2363977,1.708042,-2.5808167,-0.8655318,0.47855496,-0.14778429,0
4.5962186,-0.57713228,-1.7211649,0.8655318,-0.47855496,0.14778429,0
-2.9388859,-0.41262257,-1.314929,-0.41094244,-0.84721577,-0.33667758,0
1.5105972,-3.7710948,1.7053788,-0.41094244,-0.84721577,-0.33667758,0
-4.9885139,0.16086042,2.6707616,-0.8655318,0.47855496,-0.14778429,0
-1.9588423,2.9802167,-5.240499,0.2863239,0.23067425,-0.92995071,0
-3.9444439,1.3433421,4.4953861,-0.2863239,-0.23067425,0.92995071,0
2.5319357,0.65433705,1.2033942,0.41094244,0.84721577,0.33667758,0
2.2597156,-3.6219034,2.1035113,0.8655318,-0.47855496,0.14778429,0
-1.1826005,1.8253567,-5.2879639,0.2863239,0.23067425,-0.92995071,0
-2.3556945,-0.33257866,-2.2281835,-0.41094244,-0.84721577,-0.33667758,0
-0.22706485,-2.5191426,4.6818466,-0.2863239,-0.23067425,0.92995071,0
2.7785492,-2.0819025,4.0516787,0.8655318,-0.47855496,0.14778429,0
-1.9320385,-2.1144469,1.7386053,-0.41094244,-0.84721577,-0.33667758,0
2.4483819,-3.5780575,0.07497701,-0.41094244,-0.84721577,-0.33667758,0
-2.0263362,-0.9637689,4.5136771,-0.2863239,-0.23067425,0.92995071,0
-3.8810818,1.4400442,0.32708812,-0.8655318,0.47855496,-0.14778429,0
-0.94536781,3.1953321,-0.94643682,0.41094244,0.84721577,0.33667758,0
-3.0730147,1.7212636,-3.4948907,-0.8655318,0.47855496,-0.14778429,0
-1.4487417,3.3837724,-0.8062197,0.41094244,0.84721577,0.33667758,0
2.8141551,-2.8461812,1.3682537,0.8655318,-0.47855496,0.14778429,0
2.3039284,1.4234526,-4.3141832,0.2863239,0.23067425,-0.92995071,0
1.7517574,0.63803697,2.1966829,0.41094244,0.84721577,0.33667758,0
0.41197348,3.519881,-3.4198782,0.41094244,0.84721577,0.33667758,0
-0.36308801,0.10688329,5.2913527,-0.2863239,-0.23067425,0.92995071,0
0.11183596,-1.9684813,4.9227819,-0.2863239,-0.23067425,0.92995071,0
1.401382,3.0961242,-3.5611901,0.41094244,0.84721577,0.33667758,0
4.4796057,-0.72863567,-1.5287962,0.8655318,-0.47855496,0.14778429,0
-0.37526703,-3.8505106,4.3059697,-0.2863239,-0.23067425,0.92995071,0
2.1759348,-1.5046664,5.6733503,-0.2863239,-0.23067425,0.92995071,0
2.7893536,-0.95617062,-4.7549915,0.2863239,0.23067425,-0.92995071,0
4.4299035,0.086202502,0.31642461,0.41094244,0.84721577,0.33667758,0
4.4232159,1.2882121,-2.7001519,0.41094244,0.84721577,0.33667758,0
1.6874912,1.7472812,-0.51617861,0.41094244,0.84721577,0.33667758,0
-5.222177,-0.84302866,3.5596533,-0.2863239,-0.23067425,0.92995071,0
-3.1178966,3.113843,1.2774189,-0.8655318,0.47855496,-0.14778429,0
1.1118054,-0.9620415,-4.8765697,-0.41094244,-0.84721577,-0.33667758,0
2.8201344,1.1355233,-0.35923433,0.41094244,0.84721577,0.33667758,0
0.075026989,3.5507689,-3.0863342,0.41094244,0.84721577,0.33667758,0
2.5482526,-1.4592543,5.7992482,-0.2863239,-0.23067425,0.92995071,0
-3.7339084,2.5417504,3.0326786,-0.8655318,0.47855496,-0.14778429,0
2.0441523,-3.721776,3.042599,0.8655318,-0.47855496,0.14778429,0
0.9287343,-3.1541455,4.8801937,-0.2863239,-0.23067425,0.92995071,0
-2.8148651,2.2790954,-3.2004333,-0.8655318,0.47855496,-0.14778429,0
4.3153868,-0.94055355,-1.2532399,0.8655318,-0.47855496,0.14778429,0
4.401516,-0.57139516,-0.56227064,0.8655318,-0.47855496,0.14778429,0
2.1500649,-3.0993903,4.4377027,0.8655318,-0.47855496,0.14778429,0
2.2588215,-3.8441696,1.3890011,0.8655318,-0.47855496,0.14778429,0
-1.1490321,-3.0378547,3.1065469,-0.41094244,-0.84721577,-0.33667758,0
-4.0975523,1.9059957,3.1037416,-0.8655318,0.47855496,-0.14778429,0
-5.4750738,-0.87980849,2.9563236,-0.41094244,-0.84721577,-0.33667758,0
-1.2596339,-2.4267592,4.3868423,-0.2863239,-0.23067425,0.92995071,0
2.9149084,-2.4904366,1.9301404,0.8655318,-0.47855496,0.14778429,0
-2.9069467,2.0853925,-3.2883859,-0.8655318,0.47855496,-0.14778429,0
-4.09161,-0.23931468,-0.34404719,-0.41094244,-0.84721577,-0.33667758,0
-2.3078363,-2.0663848,2.0763538,-0.41094244,-0.84721577,-0.33667758,0
4.0092764,-1.2576902,-0.48738861,0.8655318,-0.47855496,0.14778429,0
1.11991,2.0385795,-4.5261502,0.2863239,0.23067425,-0.92995071,0
-0.062157869,-3.8607264,3.850605,-0.41094244,-0.84721577,-0.33667758,0
0.55967641,2.9035058,-4.4840965,0.2863239,0.23067425,-0.92995071,0
1.6038275,-1.627618,5.4667053,-0.2863239,-0.23067425,0.92995071,0
-3.3013005,-1.528473,1.9353557,-0.41094244,-0.84721577,-0.33667758,0
1.0294642,2.0646403,-0.51160634,0.41094244,0.84721577,0.33667758,0
1.1800586,3.4060912,-4.0710478,0.41094244,0.84721577,0.33667758,0
0.046596646,-0.51886261,-4.6916113,-0.41094244,-0.84721577,-0.33667758,0
-3.9690385,0.82102048,-1.1622972,-0.8655318,0.47855496,-0.14778429,0
1.1417191,-0.32861614,-5.1066189,0.2863239,0.23067425,-0.92995071,0
-0.75508118,3.3531203,-1.5757565,0.41094244,0.84721577,0.33667758,0
1.9727712,2.6029563,-4.1235681,0.2863239,0.23067425,-0.92995071,0
3.4832377,-2.24068,-0.58964372,0.8655318,-0.47855496,0.14778429,0
1.3155175,-1.9776144,-2.5696273,-0.41094244,-0.84721577,-0.33667758,0
-0.028220177,-2.09693,4.8477979,-0.2863239,-0.23067425,0.92995071,0
-2.0555506,3.0786216,-5.0585012,-0.8655318,0.47855496,-0.14778429,0
4.0531902,0.42852187,-0.08517909,0.41094244,0.84721577,0.33667758,0
-4.4758701,0.95904493,2.2530274,-0.8655318,0.47855496,-0.14778429,0
2.5252037,-3.3162813,1.5382857,0.8655318,-0.47855496,0.14778429,0
3.7294044,-2.4561005,-2.7289486,0.8655318,-0.47855496,0.14778429,0
-2.7036731,0.045426309,4.5554614,-0.2863239,-0.23067425,0.92995071,0
-5.1827631,-0.6534605,3.6188111,-0.2863239,-0.23067425,0.92995071,0
2.4624388,0.66044307,1.2728553,0.41094244,0.84721577,0.33667758,0
0.098169327,-0.90666485,5.1819587,-0.2863239,-0.23067425,0.92995071,0
-0.12039161,-3.8627639,3.9268103,-0.41094244,-0.84721577,-0.33667758,0
0.25766706,-1.8407359,4.9993691,-0.2863239,-0.23067425,0.92995071,0
-2.2966537,3.7916806,-1.3374009,-0.8655318,0.47855496,-0.14778429,0
-3.0268312,-2.0806599,3.9285874,-0.2863239,-0.23067425,0.92995071,0
2.3501554,-3.3634458,2.4107695,0.8655318,-0.47855496,0.14778429,0
-4.003726,1.1617501,0.14420807,-0.8655318,0.47855496,-0.14778429,0
2.4759169,-2.544292,4.3268003,0.8655318,-0.47855496,0.14778429,0
-2.2491045,-2.5725145,4.0460391,-0.2863239,-0.23067425,0.92995071,0
2.6945262,-2.8285577,2.1259565,0.8655318,-0.47855496,0.14778429,0
-3.2668037,0.5215044,4.5001688,-0.2863239,-0.23067425,0.92995071,0
5.2862401,0.54089546,-2.1420341,0.8655318,-0.47855496,0.14778429,0
-2.8261721,-1.960907,4.0200739,-0.2863239,-0.23067425,0.92995071,0
-0.26564264,-3.5718474,4.4088454,-0.2863239,-0.23067425,0.92995071,0
-0.98314691,-0.46568799,4.9584146,-0.2863239,-0.23067425,0.92995071,0
-1.476583,4.3905687,-4.2010131,-0.8655318,0.47855496,-0.14778429,0
-1.2502462,2.0487335,2.3109941,0.41094244,0.84721577,0.33667758,0
4.2261901,-1.6919272,-3.1639395,0.8655318,-0.47855496,0.14778429,0
0.37664956,1.5162739,1.6651171,0.41094244,0.84721577,0.33667758,0
-0.67216754,3.3805776,-4.7450333,0.2863239,0.23067425,-0.92995071,0
0.31175637,1.9834876,-4.78864,0.2863239,0.23067425,-0.92995071,0
0.42339468,-2.0653942,4.9946699,-0.2863239,-0.23067425,0.92995071,0
-2.6003637,2.1887579,3.606565,0.41094244,0.84721577,0.33667758,0
2.2971849,-3.8637652,1.1008666,0.8655318,-0.47855496,0.14778429,0
-3.0608525,1.2997063,4.7566128,-0.2863239,-0.23067425,0.92995071,0
-2.4212978,0.62224364,4.7854824,-0.2863239,-0.23067425,0.92995071,0
-1.7099581,3.0980289,0.2316615,0.41094244,0.84721577,0.33667758,0
2.2643845,2.1045716,-2.1194103,0.41094244,0.84721577,0.33667758,0
2.2904611,-3.717226,1.6147702,0.8655318,-0.47855496,0.14778429,0
-3.8658988,-1.2084038,1.8190711,-0.41094244,-0.84721577,-0.33667758,0
-1.8315845,3.9608414,-3.5134048,-0.8655318,0.47855496,-0.14778429,0
-2.3109467,-2.4113908,2.9483237,-0.41094244,-0.84721577,-0.33667758,0
3.1617544,-2.1478505,-4.3947272,-0.41094244,-0.84721577,-0.33667758,0
5.2765923,0.17239201,-3.2788229,0.8655318,-0.47855496,0.14778429,0
-0.58440471,-0.73265696,-3.3834302,-0.41094244,-0.84721577,-0.33667758,0
2.0705378,-3.3255863,-0.099152744,-0.41094244,-0.84721577,-0.33667758,0
-1.4057546,-1.9245956,0.61849058,-0.41094244,-0.84721577,-0.33667758,0
3.4897072,1.2097685,-4.0020967,0.2863239,0.23067425,-0.92995071,0
5.1360846,0.23576349,-2.2506895,0.8655318,-0.47855496,0.14778429,0
4.6158214,-0.16206181,-0.49189353,0.8655318,-0.47855496,0.14778429,0
-3.1214614,2.5115433,-0.65206814,-0.8655318,0.47855496,-0.14778429,0
3.0227079,-1.3115681,5.1162014,0.8655318,-0.47855496,0.14778429,0
-3.8586113,2.2075524,2.6808288,-0.8655318,0.47855496,-0.14778429,0
-1.6031179,3.9711258,-4.8181682,-0.8655318,0.47855496,-0.14778429,0
3.0528402,-3.0301533,-0.62539709,0.8655318,-0.47855496,0.14778429,0
-3.301147,1.6902919,-2.2590761,-0.8655318,0.47855496,-0.14778429,0
-0.73931968,-2.9110212,4.4269214,-0.2863239,-0.23067425,0.92995071,0
-3.0819869,2.8819408,0.31616056,-0.8655318,0.47855496,-0.14778429,0
0.8819418,-3.1331236,4.8710027,-0.2863239,-0.23067425,0.92995071,0
3.1380715,-1.6309944,3.4061837,0.8655318,-0.47855496,0.14778429,0
-1.4270711,0.52819192,5.0682664,-0.2863239,-0.23067425,0.92995071,0
3.3155837,1.697432,-2.3779583,0.41094244,0.84721577,0.33667758,0
4.1296148,0.45691955,-0.24992156,0.41094244,0.84721577,0.33667758,0
-1.0026,2.1678305,-5.1475921,0.2863239,0.23067425,-0.92995071,0
-1.6483984,-0.85266441,4.6576009,-0.2863239,-0.23067425,0.92995071,0
2.4297991,-1.6947675,5.7043581,-0.2863239,-0.23067425,0.92995071,0
-5.1392241,-0.44604981,1.5881281,-0.8655318,0.47855496,-0.14778429,0
0.47323418,0.0016515255,5.3586268,0.41094244,0.84721577,0.33667758,0
2.3832803,-2.8525479,3.8711524,0.8655318,-0.47855496,0.14778429,0
4.5342331,-1.1642672,-3.259397,0.8655318,-0.47855496,0.14778429,0
1.3532033,-2.6997957,5.1235862,-0.2863239,-0.23067425,0.92995071,0
1.523545,-1.8818709,-3.0644705,-0.41094244,-0.84721577,-0.33667758,0
-0.04862988,-0.68135083,-4.1664944,-0.41094244,-0.84721577,-0.33667758,0
-1.6603665,3.7379367,-4.9606485,0.2863239,0.23067425,-0.92995071,0
2.6364393,-2.699069,2.8854637,0.8655318,-0.47855496,0.14778429,0
-1.2223138,-2.3472619,1.4581842,-0.41094244,-0.84721577,-0.33667758,0
0.69423318,-3.2464573,4.7850962,-0.2863239,-0.23067425,0.92995071,0
4.6741371,0.094064832,-0.0040419102,0.8655318,-0.47855496,0.14778429,0
-0.74182618,-3.2414804,4.3441796,-0.2863239,-0.23067425,0.92995071,0
-4.4649768,0.72906458,4.1827483,-0.2863239,-0.23067425,0.92995071,0
4.4173861,-0.46703863,-0.31728458,0.8655318,-0.47855496,0.14778429,0
4.839788,-0.60027528,-3.2226257,0.8655318,-0.47855496,0.14778429,0
2.630506,0.56174648,1.3160764,0.41094244,0.84721577,0.33667758,0
-3.5702341,1.8324453,-0.22278869,-0.8655318,0.47855496,-0.14778429,0
-2.7964096,1.8380805,-4.7366199,-0.8655318,0.47855496,-0.14778429,0
1.5867523,0.49905032,-4.7642937,0.2863239,0.23067425,-0.92995071,0
3.5891285,-1.6883613,0.57870078,0.8655318,-0.47855496,0.14778429,0
-3.3444891,-0.26161027,-1.1998649,-0.41094244,-0.84721577,-0.33667758,0
1.2192974,-1.2614595,5.4391379,-0.2863239,-0.23067425,0.92995071,0
-2.4421616,3.0629125,-2.8450952,-0.8655318,0.47855496,-0.14778429,0
4.3393583,0.11332881,0.3586818,0.41094244,0.84721577,0.33667758,0
3.2410502,-1.263572,3.9928527,0.8655318,-0.47855496,0.14778429,0
3.3188434,-1.9112382,1.439966,0.8655318,-0.47855496,0.14778429,0
-2.9450784,1.4711888,-5.0539742,-0.8655318,0.47855496,-0.14778429,0
-4.8482103,0.4125711,2.6641316,-0.8655318,0.47855496,-0.14778429,0
-0.97655797,2.9577425,-0.31049609,0.41094244,0.84721577,0.33667758,0
2.4628568,-2.6400828,4.0931015,0.8655318,-0.47855496,0.14778429,0
-1.1324629,0.81864738,5.2310209,-0.2863239,-0.23067425,0.92995071,0
-0.19533753,-3.1714151,4.5298185,-0.2863239,-0.23067425,0.92995071,0
3.674866,-2.7265975,-3.2854581,0.8655318,-0.47855496,0.14778429,0
0.2498343,-0.45624983,5.3403792,-0.2863239,-0.23067425,0.92995071,0
3.1675012,1.3967209,-4.0549269,0.2863239,0.23067425,-0.92995071,0
0.31649566,-2.8191378,4.7747912,-0.2863239,-0.23067425,0.92995071,0
-1.5187502,-1.6166189,-0.018582225,-0.41094244,-0.84721577,-0.33667758,0
2.5942619,1.5183131,-4.201262,0.2863239,0.23067425,-0.92995071,0
3.5850604,0.25539672,0.92186368,0.41094244,0.84721577,0.33667758,0
1.6378205,-0.46368456,5.1081266,0.41094244,0.84721577,0.33667758,0
-0.4291997,2.7668371,-4.822464,0.2863239,0.23067425,-0.92995071,0
-0.78443766,4.0279732,-4.6190143,0.2863239,0.23067425,-0.92995071,0
-1.9903147,0.53581786,-4.8593941,-0.41094244,-0.84721577,-0.33667758,0
2.8054194,-2.38451,2.9144006,0.8655318,-0.47855496,0.14778429,0
4.1776991,-0.69091165,0.36154795,0.8655318,-0.47855496,0.14778429,0
0.47793198,-1.0102282,5.2731962,-0.2863239,-0.23067425,0.92995071,0
2.5054522,-3.3360515,1.5899467,0.8655318,-0.47855496,0.14778429,0
-1.9574013,4.1439867,-2.0983634,0.41094244,0.84721577,0.33667758,0
-1.0144153,3.9887519,-4.6995502,0.2863239,0.23067425,-0.92995071,0
-4.8596163,0.66664732,3.5536823,-0.8655318,0.47855496,-0.14778429,0
4.7512903,0.87081712,-2.0502601,0.41094244,0.84721577,0.33667758,0
0.11934686,3.0862093,-1.9714119,0.41094244,0.84721577,0.33667758,0
3.7834067,-1.5938395,-0.25305128,0.8655318,-0.47855496,0.14778429,0
1.8901148,-3.8014021,3.6869087,0.8655318,-0.47855496,0.14778429,0
0.43646145,3.5810828,-4.353961,0.2863239,0.23067425,-0.92995071,0
3.9230967,-1.396131,-4.5150533,0.2863239,0.23067425,-0.92995071,0
-2.7411413,-0.97580308,-0.13910437,-0.41094244,-0.84721577,-0.33667758,0
-1.6992385,2.7397184,1.1202312,0.41094244,0.84721577,0.33667758,0
0.15432477,1.1957651,-5.032505,0.2863239,0.23067425,-0.92995071,0
-4.3629103,1.6990436,4.4547758,-0.2863239,-0.23067425,0.92995071,0
-2.5949373,2.3983822,-4.1022172,-0.8655318,0.47855496,-0.14778429,0
-0.18261713,-1.7731384,-1.2555757,-0.41094244,-0.84721577,-0.33667758,0
-4.8339415,0.52293336,2.9379392,-0.8655318,0.47855496,-0.14778429,0
2.384654,-3.4156051,2.0398154,0.8655318,-0.47855496,0.14778429,0
2.2151914,-1.2257671,-4.9986444,0.2863239,0.23067425,-0.92995071,0
-3.2741477,2.4913864,3.6674385,0.41094244,0.84721577,0.33667758,0
1.1143045,-1.3512526,-3.9002085,-0.41094244,-0.84721577,-0.33667758,0
3.7718711,0.80428302,-0.68737221,0.41094244,0.84721577,0.33667758,0
-0.81466943,1.9701898,1.9769849,0.41094244,0.84721577,0.33667758,0
4.397109,-1.2183989,-4.3250222,0.2863239,0.23067425,-0.92995071,0
1.8916876,1.9810913,-1.3537774,0.41094244,0.84721577,0.33667758,0
-3.1256778,-1.7329301,2.2354898,-0.41094244,-0.84721577,-0.33667758,0
-2.8150845,-0.28501818,4.4391913,-0.2863239,-0.23067425,0.92995071,0
1.095787,-1.9094299,-2.4730086,-0.41094244,-0.84721577,-0.33667758,0
5.4063749,1.0902071,-3.4416275,0.2863239,0.23067425,-0.92995071,0
0.67623782,3.4283934,-4.3180099,0.2863239,0.23067425,-0.92995071,0
-0.4822408,1.6485513,2.3805997,0.41094244,0.84721577,0.33667758,0
-4.3704686,0.28054306,4.1005898,-0.2863239,-0.23067425,0.92995071,0
-4.3198872,1.4942808,3.0726819,-0.8655318,0.47855496,-0.14778429,0
-3.3418572,-1.5742348,3.9572129,-0.2863239,-0.23067425,0.92995071,0
3.8067153,-1.5460584,-0.23484111,0.8655318,-0.47855496,0.14778429,0
0.26215935,-3.1169567,1.5831254,-0.41094244,-0.84721577,-0.33667758,0
0.32464623,-0.40717614,-5.3120422,-0.41094244,-0.84721577,-0.33667758,0
-4.2957115,-0.52524114,0.62458038,-0.41094244,-0.84721577,-0.33667758,0
-2.402401,-1.258383,4.324811,-0.2863239,-0.23067425,0.92995071,0
1.9377189,-3.4831562,4.4386473,0.8655318,-0.47855496,0.14778429,0
1.0084414,-1.7754246,5.2467275,-0.2863239,-0.23067425,0.92995071,0
4.3640876,-0.35338032,0.36291373,0.8655318,-0.47855496,0.14778429,0
-0.59104371,-2.8456926,4.4887791,-0.2863239,-0.23067425,0.92995071,0
2.3157372,-1.4690089,5.7252393,-0.2863239,-0.23067425,0.92995071,0
1.0489388,-2.7289598,5.0226712,-0.2863239,-0.23067425,0.92995071,0
-3.2087557,0.43611622,-3.1212986,-0.41094244,-0.84721577,-0.33667758,0
3.3856111,-1.1624813,3.4735513,0.8655318,-0.47855496,0.14778429,0
-0.94661421,-2.9133875,2.5462706,-0.41094244,-0.84721577,-0.33667758,0
-1.5740857,0.10147727,4.9171543,-0.2863239,-0.23067425,0.92995071,0
-2.2835693,1.8888755,3.9745169,0.41094244,0.84721577,0.33667758,0
-1.8106642,2.0707881,-5.4204597,0.2863239,0.23067425,-0.92995071,0
0.96104681,0.45205808,3.6298075,0.41094244,0.84721577,0.33667758,0
0.33389735,-2.0814486,4.9631314,-0.2863239,-0.23067425,0.92995071,0
2.6451967,0.94696426,0.32878226,0.41094244,0.84721577,0.33667758,0
2.1896396,1.5830247,-4.3097906,0.2863239,0.23067425,-0.92995071,0
-3.5784025,1.2127439,-2.1816616,-0.8655318,0.47855496,-0.14778429,0
0.25185061,-1.9880202,4.9610462,-0.2863239,-0.23067425,0.92995071,0
4.3094215,-1.6183832,-3.4132552,0.8655318,-0.47855496,0.14778429,0
0.23685336,1.7667333,-4.8654671,0.2863239,0.23067425,-0.92995071,0
1.0249975,0.70942056,2.9041233,0.41094244,0.84721577,0.33667758,0
0.50382137,-3.53193,4.6556573,-0.2863239,-0.23067425,0.92995071,0
-3.1703448,2.3303537,-0.95250177,-0.8655318,0.47855496,-0.14778429,0
-1.7030925,0.28276837,4.9224048,-0.2863239,-0.23067425,0.92995071,0
-4.475121,-1.3719763,2.9742904,-0.41094244,-0.84721577,-0.33667758,0
-4.2306609,0.19431484,-1.2655103,-0.41094244,-0.84721577,-0.33667758,0
-0.85898066,-0.87012482,-2.7023635,-0.41094244,-0.84721577,-0.33667758,0
5.4576159,0.51376176,-3.2336006,0.8655318,-0.47855496,0.14778429,0
-1.1080579,-2.3861971,1.4167027,-0.41094244,-0.84721577,-0.33667758,0
4.217977,-1.9793497,-4.0465698,0.8655318,-0.47855496,0.14778429,0
-0.84181058,1.9503623,2.0600066,0.41094244,0.84721577,0.33667758,0
0.093165874,-2.093019,4.8861432,-0.2863239,-0.23067425,0.92995071,0
-5.2402911,-0.18816435,3.0151367,-0.8655318,0.47855496,-0.14778429,0
2.8679636,1.2456911,-0.694839,0.41094244,0.84721577,0.33667758,0
-1.8120704,3.2387524,0.002181083,0.41094244,0.84721577,0.33667758,0
4.4381199,-0.44297937,-4.1200523,0.2863239,0.23067425,-0.92995071,0
-2.3083673,1.5285709,-5.7081957,0.2863239,0.23067425,-0.92995071,0
-0.26889431,0.36617911,5.3471575,0.41094244,0.84721577,0.33667758,0
1.4940197,0.9231503,-4.6876478,0.2863239,0.23067425,-0.92995071,0
3.6832252,-1.9185846,-0.71790648,0.8655318,-0.47855496,0.14778429,0
-1.2001951,1.7388933,-5.3148289,0.2863239,0.23067425,-0.92995071,0
0.83352637,1.9684961,-0.030510604,0.41094244,0.84721577,0.33667758,0
-0.46897233,-0.62118614,5.0781536,-0.2863239,-0.23067425,0.92995071,0
-4.2262869,2.0479462,4.317368,-0.8655318,0.47855496,-0.14778429,0
4.0002661,-2.2953658,-3.7948217,0.8655318,-0.47855496,0.14778429,0
-2.2220669,2.7304451,-5.2107277,-0.8655318,0.47855496,-0.14778429,0
-2.6919732,1.9535921,-4.9742193,-0.8655318,0.47855496,-0.14778429,0
-2.7658052,-1.0755875,0.14209819,-0.41094244,-0.84721577,-0.33667758,0
-2.8916473,1.7850577,-4.3505354,-0.8655318,0.47855496,-0.14778429,0
-3.3204479,3.0170133,2.1501527,-0.8655318,0.47855496,-0.14778429,0
-0.56057,0.56422698,-5.4092703,0.2863239,0.23067425,-0.92995071,0
4.241003,-0.79307592,-0.34003711,0.8655318,-0.47855496,0.14778429,0
1.7944469,-3.7503617,4.412488,0.8655318,-0.47855496,0.14778429,0
-0.39886522,3.9933624,-3.6216528,0.41094244,0.84721577,0.33667758,0
2.1428623,-0.89183521,5.5690804,0.41094244,0.84721577,0.33667758,0
-4.2923174,0.14611214,4.0913062,-0.2863239,-0.23067425,0.92995071,0
-3.5199714,1.2451876,-2.418818,-0.8655318,0.47855496,-0.14778429,0
-3.6173401,2.0072656,0.61920273,-0.8655318,0.47855496,-0.14778429,0
-3.9710732,0.50543261,-2.1723115,-0.8655318,0.47855496,-0.14778429,0
-3.2364063,-0.052776575,-1.8572983,-0.41094244,-0.84721577,-0.33667758,0
-0.60122579,-2.6987963,1.5846975,-0.41094244,-0.84721577,-0.33667758,0
1.5149975,-4.1745033,4.6756911,0.8655318,-0.47855496,0.14778429,0
2.8598256,-2.3420351,2.7333026,0.8655318,-0.47855496,0.14778429,0
-2.8599572,-2.0355511,2.6726723,-0.41094244,-0.84721577,-0.33667758,0
-3.7617121,-1.0058993,3.9689198,-0.2863239,-0.23067425,0.92995071,0
-1.4109943,1.1439326,-5.5273123,0.2863239,0.23067425,-0.92995071,0
-2.133836,2.6697929,1.8266532,0.41094244,0.84721577,0.33667758,0
-1.7956114,0.54089999,-5.1098347,-0.41094244,-0.84721577,-0.33667758,0
4.2119918,-1.9955393,-4.06394,0.8655318,-0.47855496,0.14778429,0
-0.037744045,-0.48948252,5.2435946,-0.2863239,-0.23067425,0.92995071,0
-4.4210525,-0.75487316,3.8281803,-0.2863239,-0.23067425,0.92995071,0
