4.1808238,0.76985216,0.1710453,0.42759407,0.88969082,0.16004306,0
3.8847866,-0.44676638,-1.3956516,0.82295913,-0.30986917,-0.47615063,0
4.2119594,-2.0645952,0.2226696,0.82295913,-0.30986917,-0.47615063,0
-1.3411329,-1.4861808,-2.887434,-0.37403446,0.33530807,-0.86467731,0
-1.9180741,3.4307065,1.6738579,0.42759407,0.88969082,0.16004306,0
-0.89331865,2.3799746,4.200592,0.37403446,-0.33530807,0.86467731,0
1.8901803,-3.4593177,0.7321468,0.37403446,-0.33530807,0.86467731,0
3.431685,-2.4860973,-0.85161924,0.82295913,-0.30986917,-0.47615063,0
4.4767356,0.75868273,-0.55746341,0.42759407,0.88969082,0.16004306,0
-3.5126431,-1.5999391,3.3708038,-0.82295913,0.30986917,0.47615063,0
-2.5726099,-1.6230686,0.27530861,-0.42759407,-0.88969082,-0.16004306,0
-4.2332373,2.0083175,-0.22282124,-0.82295913,0.30986917,0.47615063,0
0.97375441,2.2748489,0.37312794,0.42759407,0.88969082,0.16004306,0
3.8590622,0.042555451,-1.758553,0.82295913,-0.30986917,-0.47615063,0
-3.4217927,2.0968769,-0.59794807,-0.37403446,0.33530807,-0.86467731,0
-3.3391297,-1.1755836,3.3945351,-0.82295913,0.30986917,0.47615063,0
-3.7296805,0.62984037,-1.0336585,-0.37403446,0.33530807,-0.86467731,0
0.14896321,2.9712796,-1.2947489,0.42759407,0.88969082,0.16004306,0
1.295109,-3.3519211,-0.4474287,-0.42759407,-0.88969082,-0.16004306,0
1.4062889,0.65450013,-3.2457674,-0.37403446,0.33530807,-0.86467731,0
-1.8663712,-2.0280266,0.63961089,-0.42759407,-0.88969082,-0.16004306,0
1.6856563,-2.7068026,-3.7257519,0.82295913,-0.30986917,-0.47615063,0
-0.86472535,-2.1868684,2.417275,0.37403446,-0.33530807,0.86467731,0
-0.77241457,2.6193368,3.1234102,0.42759407,0.88969082,0.16004306,0
-0.46852267,-2.0966272,-2.7137241,-0.42759407,-0.88969082,-0.16004306,0
0.76651812,-2.8138576,-2.0263023,-0.42759407,-0.88969082,-0.16004306,0
-2.6752725,0.11971217,3.698966,-0.82295913,0.30986917,0.47615063,0
-5.2544975,-0.16890287,-0.57103491,-0.82295913,0.30986917,0.47615063,0
-1.2616115,3.4105365,0.032085598,0.42759407,0.88969082,0.16004306,0
3.5722961,-1.3211803,0.83364749,0.37403446,-0.33530807,0.86467731,0
-0.74019146,-0.47441995,3.0274653,0.37403446,-0.33530807,0.86467731,0
-2.0392432,1.6906762,-1.3535175,-0.37403446,0.33530807,-0.86467731,0
3.8846397,-0.45372605,-1.391377,0.82295913,-0.30986917,-0.47615063,0
2.6971893,-1.8482413,-2.5361946,0.82295913,-0.30986917,-0.47615063,0
-1.1903782,0.68518424,-2.1106255,-0.37403446,0.33530807,-0.86467731,0
-3.2940519,2.7082992,-0.41610551,-0.37403446,0.33530807,-0.86467731,0
2.2489324,-3.4544296,-2.2656684,0.82295913,-0.30986917,-0.47615063,0
3.2530878,-1.3522348,-1.8981931,0.82295913,-0.30986917,-0.47615063,0
-0.46272862,-0.70164275,2.8193295,0.37403446,-0.33530807,0.86467731,0
4.3882623,0.64819646,0.29311681,0.42759407,0.88969082,0.16004306,0
-0.26891446,2.9377153,0.0083002206,0.42759407,0.88969082,0.16004306,0
4.0862608,-1.4187319,0.57349229,0.37403446,-0.33530807,0.86467731,0
2.6978445,-1.6507405,-2.6635911,0.82295913,-0.30986917,-0.47615063,0
-4.2967558,1.7582762,-0.1698823,-0.82295913,0.30986917,0.47615063,0
0.76189625,0.074856997,2.5907063,0.37403446,-0.33530807,0.86467731,0
-3.3493845,2.1537361,-0.60722089,-0.37403446,0.33530807,-0.86467731,0
-2.9924591,-0.2906841,3.4178314,-0.82295913,0.30986917,0.47615063,0
0.28246045,-3.1272409,1.0090945,-0.42759407,-0.88969082,-0.16004306,0
-2.8061185,4.041172,0.6528641,0.42759407,0.88969082,0.16004306,0
-1.8869247,2.3835001,3.5882864,-0.82295913,0.30986917,0.47615063,0
-3.4848912,3.0434332,0.39695644,-0.82295913,0.30986917,0.47615063,0
0.40248704,2.8611028,-1.3596194,0.42759407,0.88969082,0.16004306,0
2.2765372,-1.329586,-3.6007626,0.82295913,-0.30986917,-0.47615063,0
-3.5472336,-0.38762319,2.522068,-0.82295913,0.30986917,0.47615063,0
4.3933706,-1.1588831,0.54141068,0.37403446,-0.33530807,0.86467731,0
1.5147777,-0.31107283,2.1153743,0.37403446,-0.33530807,0.86467731,0
0.8612138,-2.7779541,-2.4788947,-0.42759407,-0.88969082,-0.16004306,0
2.3670616,-3.8039184,-0.79872572,-0.42759407,-0.88969082,-0.16004306,0
2.3711672,-2.8070166,0.77703738,0.37403446,-0.33530807,0.86467731,0
2.1641419,1.872315,-0.56956828,0.42759407,0.88969082,0.16004306,0
-2.5279222,2.4961517,2.4071016,-0.82295913,0.30986917,0.47615063,0
-1.96544,-1.9781494,0.62702668,-0.42759407,-0.88969082,-0.16004306,0
-0.72203636,-1.9192258,-3.0225873,-0.42759407,-0.88969082,-0.16004306,0
2.1644757,-3.7935109,-0.31532383,-0.42759407,-0.88969082,-0.16004306,0
-3.8662086,0.46308112,1.4171438,-0.82295913,0.30986917,0.47615063,0
-0.1207338,1.5415206,3.5412552,0.37403446,-0.33530807,0.86467731,0
3.6765263,-1.5254424,0.70935106,0.37403446,-0.33530807,0.86467731,0
-3.4475908,-1.4575994,1.6931801,-0.42759407,-0.88969082,-0.16004306,0
-2.4184067,2.1058607,2.8503771,-0.82295913,0.30986917,0.47615063,0
2.7995114,-3.2903972,0.40430129,0.37403446,-0.33530807,0.86467731,0
0.90320897,1.4860117,-2.7057028,-0.37403446,0.33530807,-0.86467731,0
-3.1997206,-1.6753516,2.2414331,-0.42759407,-0.88969082,-0.16004306,0
3.5666776,-3.1711764,-0.17246699,0.82295913,-0.30986917,-0.47615063,0
-3.8528621,-0.1944437,-1.3000178,-0.37403446,0.33530807,-0.86467731,0
1.4300188,1.8515918,1.507023,0.42759407,0.88969082,0.16004306,0
0.38503408,2.3684435,1.4257387,0.42759407,0.88969082,0.16004306,0
0.93018782,-2.2158971,-4.152914,-0.37403446,0.33530807,-0.86467731,0
-0.39524388,2.83868,0.89636314,0.42759407,0.88969082,0.16004306,0
-0.95427334,2.5153165,4.1875472,0.42759407,0.88969082,0.16004306,0
3.3269246,-2.714128,-0.8842845,0.82295913,-0.30986917,-0.47615063,0
2.6056786,-3.8853261,-0.98369789,-0.42759407,-0.88969082,-0.16004306,0
-2.5959733,1.9692414,-1.0046686,-0.37403446,0.33530807,-0.86467731,0
1.0970345,2.0337396,1.3840998,0.42759407,0.88969082,0.16004306,0
-2.9210911,2.2669721,1.8767105,-0.82295913,0.30986917,0.47615063,0
1.6584648,-2.9533577,-3.6122956,0.82295913,-0.30986917,-0.47615063,0
-1.9287294,2.3276181,3.5523996,-0.82295913,0.30986917,0.47615063,0
0.15816951,1.7777824,3.5122285,0.37403446,-0.33530807,0.86467731,0
1.9525511,1.9401042,-2.9835281,-0.37403446,0.33530807,-0.86467731,0
-2.836566,3.9638789,0.91848803,-0.82295913,0.30986917,0.47615063,0
-2.7502832,0.097087145,3.5840445,-0.82295913,0.30986917,0.47615063,0
-1.7929742,2.174242,-1.2725272,-0.37403446,0.33530807,-0.86467731,0
-3.6500967,2.7396519,0.30911684,-0.82295913,0.30986917,0.47615063,0
4.4172816,-0.46632719,-0.46257997,0.82295913,-0.30986917,-0.47615063,0
2.8173525,1.6584617,-3.4668324,-0.37403446,0.33530807,-0.86467731,0
2.2304242,-3.7011573,-1.0049227,-0.42759407,-0.88969082,-0.16004306,0
1.9788465,-3.447823,0.69825017,0.37403446,-0.33530807,0.86467731,0
1.9887404,-2.4935215,1.0640328,0.37403446,-0.33530807,0.86467731,0
0.18874454,-2.822753,-0.43318844,-0.42759407,-0.88969082,-0.16004306,0
0.6262207,1.7139523,-2.497494,-0.37403446,0.33530807,-0.86467731,0
-2.624578,-0.85937041,3.6933191,0.37403446,-0.33530807,0.86467731,0
1.5295267,2.1437724,-2.7215607,-0.37403446,0.33530807,-0.86467731,0
-1.7474928,-1.8846074,-0.47527838,-0.42759407,-0.88969082,-0.16004306,0
-1.1062886,-0.25671172,3.270252,0.37403446,-0.33530807,0.86467731,0
-2.7651873,3.0715806,-0.50400233,-0.37403446,0.33530807,-0.86467731,0
-0.0031437874,2.7927244,0.10424224,0.42759407,0.88969082,0.16004306,0
1.1128738,2.0595274,1.1984259,0.42759407,0.88969082,0.16004306,0
-4.3266315,0.33256865,0.70630288,-0.82295913,0.30986917,0.47615063,0
-3.3860142,-1.5323577,1.9442492,-0.42759407,-0.88969082,-0.16004306,0
1.9941976,-1.8576354,-3.7451026,0.82295913,-0.30986917,-0.47615063,0
4.9639544,0.094735146,0.11713839,0.82295913,-0.30986917,-0.47615063,0
-2.4511461,3.8049638,1.0175657,0.42759407,0.88969082,0.16004306,0
-2.7007437,3.1733413,1.6677027,-0.82295913,0.30986917,0.47615063,0
-0.87169671,2.0217752,4.0523353,0.37403446,-0.33530807,0.86467731,0
0.87342143,-1.6234337,-3.8986111,-0.37403446,0.33530807,-0.86467731,0
0.94829428,-1.6886408,1.8262198,0.37403446,-0.33530807,0.86467731,0
1.6032858,-0.38155925,-3.7327499,-0.37403446,0.33530807,-0.86467731,0
-1.2051865,2.9404502,2.4945743,0.42759407,0.88969082,0.16004306,0
-0.34041071,3.2410479,-1.4871736,-0.37403446,0.33530807,-0.86467731,0
2.5842519,-1.8872584,-2.7059996,0.82295913,-0.30986917,-0.47615063,0
-4.0138168,0.2561698,1.2966783,-0.82295913,0.30986917,0.47615063,0
2.9898291,-2.6709864,-1.4949819,0.82295913,-0.30986917,-0.47615063,0
-1.4799058,3.6289034,-0.59860682,0.42759407,0.88969082,0.16004306,0
-3.4981117,-1.0953269,3.067528,-0.82295913,0.30986917,0.47615063,0
-2.1726513,-1.8551656,0.49696672,-0.42759407,-0.88969082,-0.16004306,0
-0.82787824,-1.9000177,-2.8465858,-0.42759407,-0.88969082,-0.16004306,0
-2.0506723,3.6776505,0.65534663,0.42759407,0.88969082,0.16004306,0
2.5261979,-3.0355322,-2.0590639,0.82295913,-0.30986917,-0.47615063,0
-3.9567375,-0.34701967,1.7878747,-0.82295913,0.30986917,0.47615063,0
-4.2106133,0.7871263,0.61100698,-0.82295913,0.30986917,0.47615063,0
3.8221443,-2.8869233,0.084084034,0.82295913,-0.30986917,-0.47615063,0
-0.89996803,-0.42599881,3.1153569,0.37403446,-0.33530807,0.86467731,0
-1.1524696,3.1753616,1.0478392,0.42759407,0.88969082,0.16004306,0
-2.4312878,0.95710754,-1.4683963,-0.37403446,0.33530807,-0.86467731,0
0.30679739,-0.66087329,-3.2802403,-0.37403446,0.33530807,-0.86467731,0
0.90237617,-3.3781254,0.74752444,-0.42759407,-0.88969082,-0.16004306,0
1.0239527,2.1478143,0.94520706,0.42759407,0.88969082,0.16004306,0
-3.1490617,1.9590093,1.6831112,-0.82295913,0.30986917,0.47615063,0
-0.42528808,-2.0037711,-3.3454304,-0.42759407,-0.88969082,-0.16004306,0
-2.4703131,3.7968314,1.1139857,0.42759407,0.88969082,0.16004306,0
-2.648196,-0.273242,-1.8516779,-0.37403446,0.33530807,-0.86467731,0
-4.5331993,0.30090094,0.36988902,-0.82295913,0.30986917,0.47615063,0
0.41286898,2.515547,0.53361332,0.42759407,0.88969082,0.16004306,0
-4.6415558,0.26103473,0.20855403,-0.82295913,0.30986917,0.47615063,0
-2.1458321,3.8475502,-0.034894347,0.42759407,0.88969082,0.16004306,0
-2.0247087,-2.2887931,2.8795252,0.37403446,-0.33530807,0.86467731,0
0.35762906,1.7005439,-2.3865085,-0.37403446,0.33530807,-0.86467731,0
-0.80712342,3.0370269,0.89417684,0.42759407,0.88969082,0.16004306,0
4.7214317,0.18776655,-0.36257052,0.82295913,-0.30986917,-0.47615063,0
1.6339905,-3.0423784,-3.0736022,-0.42759407,-0.88969082,-0.16004306,0
-2.0119395,-1.0573524,3.3515348,0.37403446,-0.33530807,0.86467731,0
0.32907331,0.93869829,3.1129169,0.37403446,-0.33530807,0.86467731,0
1.1347249,-2.9751835,-2.1132331,-0.42759407,-0.88969082,-0.16004306,0
-2.2496548,3.5354125,1.9776866,0.42759407,0.88969082,0.16004306,0
3.3090823,1.7171099,-2.7657571,0.42759407,0.88969082,0.16004306,0
4.7137108,-0.26030159,0.75129652,0.37403446,-0.33530807,0.86467731,0
-3.4760418,2.0090227,1.0854244,-0.82295913,0.30986917,0.47615063,0
-0.65357947,3.1401839,-0.089511722,0.42759407,0.88969082,0.16004306,0
-0.6973176,-0.061635017,3.1689909,0.37403446,-0.33530807,0.86467731,0
0.98299563,-2.4072354,-4.2499552,-0.37403446,0.33530807,-0.86467731,0
-3.1578059,-1.3977991,0.58651519,-0.42759407,-0.88969082,-0.16004306,0
2.0949528,-0.77124727,-4.0965457,-0.37403446,0.33530807,-0.86467731,0
2.324688,1.3390043,1.9662067,0.42759407,0.88969082,0.16004306,0
-0.69646919,2.5527399,3.2907214,0.42759407,0.88969082,0.16004306,0
5.0466304,0.29985952,0.47055197,0.42759407,0.88969082,0.16004306,0
-4.8198609,0.06657362,0.026929855,-0.82295913,0.30986917,0.47615063,0
-1.0803723,-2.3669477,0.42371213,-0.42759407,-0.88969082,-0.16004306,0
-2.3025038,-2.0416873,1.8807836,-0.42759407,-0.88969082,-0.16004306,0
0.39371282,-0.62112033,-3.3024216,-0.37403446,0.33530807,-0.86467731,0
3.0807769,-0.11515659,-3.0010736,0.82295913,-0.30986917,-0.47615063,0
-2.0067558,2.9215066,3.0310514,-0.82295913,0.30986917,0.47615063,0
0.33606553,-0.28076458,-3.1455007,-0.37403446,0.33530807,-0.86467731,0
0.29049343,-1.6029153,-3.6384964,-0.37403446,0.33530807,-0.86467731,0
4.4647131,-0.98017168,0.57985139,0.37403446,-0.33530807,0.86467731,0
3.845839,-2.7373197,0.027677536,0.82295913,-0.30986917,-0.47615063,0
-1.7387224,2.3801463,3.8466153,-0.82295913,0.30986917,0.47615063,0
-1.0643451,-2.3198447,0.11904109,-0.42759407,-0.88969082,-0.16004306,0
0.52009976,0.89987898,-2.7672737,-0.37403446,0.33530807,-0.86467731,0
-3.1103888,-1.1797396,3.7792327,0.37403446,-0.33530807,0.86467731,0
1.2632375,2.5557015,-1.961576,0.42759407,0.88969082,0.16004306,0
-0.70849848,-2.2291818,-1.3356918,-0.42759407,-0.88969082,-0.16004306,0
2.5119309,-0.23946595,-3.9033456,0.82295913,-0.30986917,-0.47615063,0
-1.8449776,-0.058163524,3.6667812,0.37403446,-0.33530807,0.86467731,0
2.0739765,1.9193954,-3.0440838,-0.37403446,0.33530807,-0.86467731,0
-3.0961499,1.7953963,-0.85572112,-0.37403446,0.33530807,-0.86467731,0
-4.6544914,0.2038846,-0.79879045,-0.37403446,0.33530807,-0.86467731,0
-3.1002262,1.4393903,2.1056743,-0.82295913,0.30986917,0.47615063,0
-3.7847877,1.6982353,-0.59551406,-0.37403446,0.33530807,-0.86467731,0
-0.67885697,0.24636245,3.2804418,0.37403446,-0.33530807,0.86467731,0
-1.259963,3.0848465,1.8382138,0.42759407,0.88969082,0.16004306,0
3.5284188,0.96416259,0.83391905,0.42759407,0.88969082,0.16004306,0
-0.97338033,-1.949899,2.5561688,0.37403446,-0.33530807,0.86467731,0
0.015481949,-2.2636471,-3.0783854,-0.42759407,-0.88969082,-0.16004306,0
2.7489049,-1.2892509,-2.8105912,0.82295913,-0.30986917,-0.47615063,0
-0.013329268,1.6977855,3.5553923,0.37403446,-0.33530807,0.86467731,0
0.091952085,2.5315943,1.3018129,0.42759407,0.88969082,0.16004306,0
2.2895617,-3.8921261,-0.10131431,-0.42759407,-0.88969082,-0.16004306,0
-0.6694603,-1.7787093,2.4910865,0.37403446,-0.33530807,0.86467731,0
2.8012502,-4.1146765,0.083906651,0.37403446,-0.33530807,0.86467731,0
-0.75027776,2.4234471,-1.62693,-0.37403446,0.33530807,-0.86467731,0
-3.9425929,0.34355569,1.3629093,-0.82295913,0.30986917,0.47615063,0
2.4549508,-1.6785104,-3.0653272,0.82295913,-0.30986917,-0.47615063,0
2.7160347,-1.8067511,-2.5306234,0.82295913,-0.30986917,-0.47615063,0
-2.2927339,0.065161705,3.9082913,0.37403446,-0.33530807,0.86467731,0
-4.3961744,1.412508,-0.1166954,-0.82295913,0.30986917,0.47615063,0
-1.788649,0.97875118,-1.7379903,-0.37403446,0.33530807,-0.86467731,0
3.6112208,-0.75996459,-1.6646483,0.82295913,-0.30986917,-0.47615063,0
2.4115438,-2.1092424,-2.8600378,0.82295913,-0.30986917,-0.47615063,0
3.0768821,0.66024113,1.816313,0.37403446,-0.33530807,0.86467731,0
0.37484789,2.8390503,-1.163183,0.42759407,0.88969082,0.16004306,0
2.0126855,2.2867706,-2.4689012,0.42759407,0.88969082,0.16004306,0
-1.9221927,1.7428608,3.9442456,-0.82295913,0.30986917,0.47615063,0
4.3985472,0.55297327,-1.1582997,0.82295913,-0.30986917,-0.47615063,0
0.526371,-2.4598415,-3.3526914,-0.42759407,-0.88969082,-0.16004306,0
-2.7535307,0.80401194,3.1183801,-0.82295913,0.30986917,0.47615063,0
-0.0073412955,-0.24341774,-2.98247,-0.37403446,0.33530807,-0.86467731,0
3.755702,-1.3516619,-1.0298686,0.82295913,-0.30986917,-0.47615063,0
3.4778447,-0.59702516,-2.0012078,0.82295913,-0.30986917,-0.47615063,0
2.376287,-3.2300484,-2.191577,0.82295913,-0.30986917,-0.47615063,0
-0.21003032,-0.76405489,2.6858172,0.37403446,-0.33530807,0.86467731,0
-2.0293112,-2.1236463,1.6065011,-0.42759407,-0.88969082,-0.16004306,0
-4.2444916,-0.91832042,0.82440233,-0.42759407,-0.88969082,-0.16004306,0
-3.7135589,3.0754654,-0.019109249,-0.82295913,0.30986917,0.47615063,0
3.536109,1.2544713,-0.80047345,0.42759407,0.88969082,0.16004306,0
-1.392365,-2.3785985,1.3220432,-0.42759407,-0.88969082,-0.16004306,0
1.4776592,2.1245563,-2.7065759,-0.37403446,0.33530807,-0.86467731,0
0.54388595,1.9367954,3.4008899,0.42759407,0.88969082,0.16004306,0
1.8448453,0.060109854,-3.6659694,-0.37403446,0.33530807,-0.86467731,0
2.7051625,0.90670437,-3.7098222,-0.37403446,0.33530807,-0.86467731,0
-2.7134249,1.8640182,2.4978664,-0.82295913,0.30986917,0.47615063,0
2.6887288,1.2089276,1.7166905,0.42759407,0.88969082,0.16004306,0
-1.3007171,-1.2995305,2.9499676,0.37403446,-0.33530807,0.86467731,0
2.4116013,-0.45408899,-3.9370785,0.82295913,-0.30986917,-0.47615063,0
2.6893227,-2.8938017,-1.8693612,0.82295913,-0.30986917,-0.47615063,0
-3.2191105,2.1928573,1.409858,-0.82295913,0.30986917,0.47615063,0
-3.6523881,0.83352196,1.5456278,-0.82295913,0.30986917,0.47615063,0
-1.2104511,-1.8821278,-1.9239004,-0.42759407,-0.88969082,-0.16004306,0
-1.5005541,3.2064655,1.8049237,0.42759407,0.88969082,0.16004306,0
2.2157927,1.1182566,-3.4160981,-0.37403446,0.33530807,-0.86467731,0
-3.3588338,1.476073,1.6348352,-0.82295913,0.30986917,0.47615063,0
0.32247996,1.0186806,-2.63572,-0.37403446,0.33530807,-0.86467731,0
-2.9776051,4.1345739,0.56363583,-0.82295913,0.30986917,0.47615063,0
-1.7438965,0.74141741,-1.8493832,-0.37403446,0.33530807,-0.86467731,0
0.81820822,2.6448221,-1.2679985,0.42759407,0.88969082,0.16004306,0
-0.063554525,2.2715366,3.1629651,0.42759407,0.88969082,0.16004306,0
-2.9387152,2.5458138,1.6647848,-0.82295913,0.30986917,0.47615063,0
-3.8939312,-0.57172036,2.0426581,-0.82295913,0.30986917,0.47615063,0
-3.458703,3.2020857,0.33897138,-0.82295913,0.30986917,0.47615063,0
0.0099312961,-0.33354974,-3.0248938,-0.37403446,0.33530807,-0.86467731,0
-0.10926461,1.4907347,3.5166001,0.37403446,-0.33530807,0.86467731,0
-3.3229065,3.1023369,0.63859105,-0.82295913,0.30986917,0.47615063,0
2.2948189,-1.391475,-3.5288889,0.82295913,-0.30986917,-0.47615063,0
2.9203115,-3.2993238,-1.2062243,0.82295913,-0.30986917,-0.47615063,0
-2.7225032,3.5203071,-0.3484571,-0.37403446,0.33530807,-0.86467731,0
-3.6796119,-1.1574124,2.7942345,-0.82295913,0.30986917,0.47615063,0
3.4125946,1.7300195,-3.1140804,0.42759407,0.88969082,0.16004306,0
-2.1438069,-0.77407998,3.5184252,0.37403446,-0.33530807,0.86467731,0
-4.5531363,0.75801229,0.037951469,-0.82295913,0.30986917,0.47615063,0
-2.5052264,-1.8624523,1.4260285,-0.42759407,-0.88969082,-0.16004306,0
-1.1529926,2.8401694,2.9125938,0.42759407,0.88969082,0.16004306,0
-3.377877,3.2114072,0.47260141,-0.82295913,0.30986917,0.47615063,0
0.11608315,1.9546739,3.5990291,0.37403446,-0.33530807,0.86467731,0
-2.9089894,-0.7787025,-1.9348761,-0.37403446,0.33530807,-0.86467731,0
-0.7755394,2.9483931,1.3025129,0.42759407,0.88969082,0.16004306,0
-0.3915832,2.8397517,0.88062561,0.42759407,0.88969082,0.16004306,0
-2.0367863,2.161454,3.4737751,-0.82295913,0.30986917,0.47615063,0
-1.4809048,-1.8956114,-1.1263605,-0.42759407,-0.88969082,-0.16004306,0
1.5410004,2.1911294,-2.7081594,-0.37403446,0.33530807,-0.86467731,0
-3.2906415,-1.7704511,3.0130179,-0.42759407,-0.88969082,-0.16004306,0
-1.0867872,3.3736889,-1.1128767,-0.37403446,0.33530807,-0.86467731,0
-2.5003631,-1.8623921,3.2506313,0.37403446,-0.33530807,0.86467731,0
-2.5217378,4.0547462,-0.18238902,0.42759407,0.88969082,0.16004306,0
-2.692812,2.9220257,-0.59330451,-0.37403446,0.33530807,-0.86467731,0
3.6435103,0.47001779,-2.4092884,0.82295913,-0.30986917,-0.47615063,0
-3.6393821,-0.79951119,-1.4527624,-0.42759407,-0.88969082,-0.16004306,0
-1.4905128,3.0285392,2.7672007,0.42759407,0.88969082,0.16004306,0
0.21060801,-2.5391502,-2.0681715,-0.42759407,-0.88969082,-0.16004306,0
-0.60227364,-1.3504126,-3.1543946,-0.37403446,0.33530807,-0.86467731,0
0.78326154,-0.18844175,-3.3031433,-0.37403446,0.33530807,-0.86467731,0
3.6433818,0.65188098,1.5680199,0.37403446,-0.33530807,0.86467731,0
3.2782722,-1.0595164,1.0623028,0.37403446,-0.33530807,0.86467731,0
1.9909636,-2.2360435,-3.5044317,0.82295913,-0.30986917,-0.47615063,0
-2.5466337,3.223259,1.9015747,-0.82295913,0.30986917,0.47615063,0
2.4583502,-3.5532122,-1.8394334,0.82295913,-0.30986917,-0.47615063,0
3.2223215,-2.131391,-1.4443099,0.82295913,-0.30986917,-0.47615063,0
3.2866652,0.7893908,1.7756491,0.37403446,-0.33530807,0.86467731,0
-2.4691582,-1.4021642,-1.2291096,-0.42759407,-0.88969082,-0.16004306,0
-0.012477875,-2.4976418,1.9281043,0.37403446,-0.33530807,0.86467731,0
2.2482314,-3.7999258,-0.50343609,-0.42759407,-0.88969082,-0.16004306,0
2.0620749,-1.648025,-3.7641964,0.82295913,-0.30986917,-0.47615063,0
0.80221605,2.504503,-0.44522804,0.42759407,0.88969082,0.16004306,0
0.57226396,-3.1059909,0.11668383,-0.42759407,-0.88969082,-0.16004306,0
3.9100616,0.54157102,-1.995158,0.82295913,-0.30986917,-0.47615063,0
0.096752644,1.2387109,-2.4527526,-0.37403446,0.33530807,-0.86467731,0
3.1149075,-3.7127137,0.10410237,0.37403446,-0.33530807,0.86467731,0
2.6030924,1.1400592,-3.5751779,-0.37403446,0.33530807,-0.86467731,0
2.6788683,-1.0868948,1.3109714,0.37403446,-0.33530807,0.86467731,0
2.3958607,-3.5559499,0.47593164,0.37403446,-0.33530807,0.86467731,0
3.7090805,-3.0443079,-0.008907795,0.82295913,-0.30986917,-0.47615063,0
3.158725,-2.7272544,-1.1664519,0.82295913,-0.30986917,-0.47615063,0
3.2564201,1.8634633,-3.4386454,0.42759407,0.88969082,0.16004306,0
-1.0231986,0.0020087957,3.3346374,0.37403446,-0.33530807,0.86467731,0
-4.6380606,-0.52028918,-0.33676434,-0.42759407,-0.88969082,-0.16004306,0
1.9141414,2.1965737,-1.7042083,0.42759407,0.88969082,0.16004306,0
1.7577355,-3.6548848,0.00074827671,-0.42759407,-0.88969082,-0.16004306,0
1.3607836,2.4191997,-1.4633708,0.42759407,0.88969082,0.16004306,0
-3.3808861,-0.55471444,2.9183154,-0.82295913,0.30986917,0.47615063,0
-1.1392143,3.5137715,-0.86882102,0.42759407,0.88969082,0.16004306,0
-1.0546298,-0.60164165,-2.6683569,-0.37403446,0.33530807,-0.86467731,0
2.4175875,-1.2704614,-3.3954535,0.82295913,-0.30986917,-0.47615063,0
-4.0339289,1.3499961,0.55007648,-0.82295913,0.30986917,0.47615063,0
-3.1463084,-0.98921633,-1.7155442,-0.42759407,-0.88969082,-0.16004306,0
-2.5509562,-1.9668792,2.1287255,-0.42759407,-0.88969082,-0.16004306,0
1.3242593,-2.6279981,-4.4016595,0.82295913,-0.30986917,-0.47615063,0
-1.3668526,3.0700588,2.2060013,0.42759407,0.88969082,0.16004306,0
4.373374,-0.52229166,0.79692054,0.37403446,-0.33530807,0.86467731,0
3.1808846,-3.5400803,-0.59918046,0.82295913,-0.30986917,-0.47615063,0
-4.2591119,0.40314102,-0.89255166,-0.37403446,0.33530807,-0.86467731,0
-3.8239245,-0.88810933,2.3695533,-0.82295913,0.30986917,0.47615063,0
-4.6654654,-0.56786633,0.70666194,-0.82295913,0.30986917,0.47615063,0
-1.0621498,2.7708459,3.0552597,0.42759407,0.88969082,0.16004306,0
-2.6563661,0.15235436,3.7104006,-0.82295913,0.30986917,0.47615063,0
-1.8935769,2.7578318,-1.0027025,-0.37403446,0.33530807,-0.86467731,0
-2.1401708,-2.0758872,1.6371933,-0.42759407,-0.88969082,-0.16004306,0
1.951581,-1.7879467,1.3537176,0.37403446,-0.33530807,0.86467731,0
-1.241904,0.26427507,-2.251559,-0.37403446,0.33530807,-0.86467731,0
2.7418606,0.99674201,2.0917232,0.37403446,-0.33530807,0.86467731,0
0.33136153,-2.4599187,-2.8312457,-0.42759407,-0.88969082,-0.16004306,0
3.4615233,1.2776849,-3.2494411,0.82295913,-0.30986917,-0.47615063,0
-3.8204803,2.4294,0.21653843,-0.82295913,0.30986917,0.47615063,0
-2.6872237,-1.9778343,2.5536976,-0.42759407,-0.88969082,-0.16004306,0
-0.62684917,0.39755678,-2.4659293,-0.37403446,0.33530807,-0.86467731,0
0.98172593,1.8354714,2.7943606,0.42759407,0.88969082,0.16004306,0
-2.6653376,3.1072493,1.7719088,-0.82295913,0.30986917,0.47615063,0
1.8375688,-3.1408348,-3.0701854,-0.42759407,-0.88969082,-0.16004306,0
3.7488711,-1.0559406,-1.2341249,0.82295913,-0.30986917,-0.47615063,0
-3.1520965,0.644741,2.5331655,-0.82295913,0.30986917,0.47615063,0
-3.540163,1.2283938,-0.88352847,-0.37403446,0.33530807,-0.86467731,0
4.003655,-2.2071486,-0.044584036,0.82295913,-0.30986917,-0.47615063,0
-0.54104662,-2.1063905,-2.4656849,-0.42759407,-0.88969082,-0.16004306,0
2.3078303,2.138674,-2.4341731,0.42759407,0.88969082,0.16004306,0
-1.972255,-2.3125238,2.5040474,-0.42759407,-0.88969082,-0.16004306,0
-0.79458022,-1.2672578,2.7435427,0.37403446,-0.33530807,0.86467731,0
-2.0896657,1.9910475,3.4932773,-0.82295913,0.30986917,0.47615063,0
3.4541216,-1.5597253,0.79226255,0.37403446,-0.33530807,0.86467731,0
-0.14229703,3.1059852,-1.6252474,-0.37403446,0.33530807,-0.86467731,0
0.68195438,-2.4656196,-3.7362504,-0.42759407,-0.88969082,-0.16004306,0
-2.8935068,0.8187505,2.866859,-0.82295913,0.30986917,0.47615063,0
-0.24657309,-2.1953926,-2.7576728,-0.42759407,-0.88969082,-0.16004306,0
0.39442301,-2.7627902,1.6492704,0.37403446,-0.33530807,0.86467731,0
-3.7099104,0.041989923,1.9613214,-0.82295913,0.30986917,0.47615063,0
3.4173927,-0.97501028,-1.8597057,0.82295913,-0.30986917,-0.47615063,0
2.7323523,-1.8702929,0.98404586,0.37403446,-0.33530807,0.86467731,0
-0.031469822,1.3863044,-2.3400528,-0.37403446,0.33530807,-0.86467731,0
4.0073562,-1.8355029,-0.28004599,0.82295913,-0.30986917,-0.47615063,0
-3.3081679,-1.5380402,1.767853,-0.42759407,-0.88969082,-0.16004306,0
-3.8695533,2.1125944,-0.39816499,-0.37403446,0.33530807,-0.86467731,0
-0.036316872,-3.0342376,1.3437746,-0.42759407,-0.88969082,-0.16004306,0
-2.2994342,-1.5253388,-0.99783444,-0.42759407,-0.88969082,-0.16004306,0
0.73541468,-0.87913609,2.2322183,0.37403446,-0.33530807,0.86467731,0
1.8597999,2.3020103,-2.1451492,0.42759407,0.88969082,0.16004306,0
-1.3217134,-2.1215146,2.6402979,0.37403446,-0.33530807,0.86467731,0
2.477133,-1.2119584,1.3497382,0.37403446,-0.33530807,0.86467731,0
-1.3949234,-2.3068118,0.92981088,-0.42759407,-0.88969082,-0.16004306,0
2.0650787,-3.6726213,-0.72179472,-0.42759407,-0.88969082,-0.16004306,0
-1.8108115,-2.2848837,2.7885158,0.37403446,-0.33530807,0.86467731,0
-4.2356873,0.77057528,0.57844138,-0.82295913,0.30986917,0.47615063,0
1.1594445,-0.22881782,-3.4815264,-0.37403446,0.33530807,-0.86467731,0
-2.6327627,3.0430548,1.8699862,-0.82295913,0.30986917,0.47615063,0
-3.4672582,-1.6001588,3.449388,-0.82295913,0.30986917,0.47615063,0
1.4063815,-2.9311037,-3.0840747,-0.42759407,-0.88969082,-0.16004306,0
4.9621115,-0.3489995,0.40272689,0.82295913,-0.30986917,-0.47615063,0
3.1925581,-1.0276771,-2.2140269,0.82295913,-0.30986917,-0.47615063,0
3.5911322,1.4099121,-3.111481,0.82295913,-0.30986917,-0.47615063,0
-2.5405674,4.0499077,-0.10518253,0.42759407,0.88969082,0.16004306,0
-2.9000614,-1.8976202,2.6764274,-0.42759407,-0.88969082,-0.16004306,0
-3.3618653,0.58862555,2.2071288,-0.82295913,0.30986917,0.47615063,0
1.8225744,0.81247127,-3.3645818,-0.37403446,0.33530807,-0.86467731,0
0.40268731,-2.7478199,-1.4213485,-0.42759407,-0.88969082,-0.16004306,0
3.1962729,-0.36580205,1.3667849,0.37403446,-0.33530807,0.86467731,0
-3.3872018,1.0031561,1.8935695,-0.82295913,0.30986917,0.47615063,0
-0.99650931,2.8404338,-1.3587164,-0.37403446,0.33530807,-0.86467731,0
1.3090445,-3.0291567,-2.2789307,-0.42759407,-0.88969082,-0.16004306,0
0.33989167,-2.1066966,-3.8552232,-0.37403446,0.33530807,-0.86467731,0
-3.1335392,3.383152,0.78313589,-0.82295913,0.30986917,0.47615063,0
-3.9567103,2.376596,0.015448093,-0.82295913,0.30986917,0.47615063,0
-1.8837707,1.4433858,-1.5166657,-0.37403446,0.33530807,-0.86467731,0
-4.4824739,1.0070252,-0.56175542,-0.37403446,0.33530807,-0.86467731,0
3.9060538,0.39887881,-1.9092238,0.82295913,-0.30986917,-0.47615063,0
4.6770134,0.62219596,-0.72205925,0.82295913,-0.30986917,-0.47615063,0
2.0177717,-2.8914011,0.89718324,0.37403446,-0.33530807,0.86467731,0
0.1937604,-2.8671658,-0.19969758,-0.42759407,-0.88969082,-0.16004306,0
-0.67805862,2.8864102,1.3866372,0.42759407,0.88969082,0.16004306,0
-2.1491711,-2.0544095,1.5418437,-0.42759407,-0.88969082,-0.16004306,0
-4.2286992,-0.67255998,-0.58399153,-0.42759407,-0.88969082,-0.16004306,0
2.4857759,-1.0221813,1.419592,0.37403446,-0.33530807,0.86467731,0
-3.0617793,0.37075523,2.8675702,-0.82295913,0.30986917,0.47615063,0
1.4384561,-0.37124324,2.1250558,0.37403446,-0.33530807,0.86467731,0
0.59321648,0.3953042,2.7879367,0.37403446,-0.33530807,0.86467731,0
0.14312124,2.600162,0.78392965,0.42759407,0.88969082,0.16004306,0
0.021462202,-3.0164647,1.0906036,-0.42759407,-0.88969082,-0.16004306,0
2.0435743,-3.7072577,-0.47179294,-0.42759407,-0.88969082,-0.16004306,0
-2.0433183,-1.7396661,-0.49064744,-0.42759407,-0.88969082,-0.16004306,0
-2.5975571,3.4788699,1.6472149,-0.82295913,0.30986917,0.47615063,0
-0.2675693,-2.891398,1.167565,-0.42759407,-0.88969082,-0.16004306,0
-3.3296309,-1.1157634,3.3720226,-0.82295913,0.30986917,0.47615063,0
-4.1702404,-0.66041768,1.6228192,-0.82295913,0.30986917,0.47615063,0
3.7427669,-2.4614892,-0.32997203,0.82295913,-0.30986917,-0.47615063,0
-3.4700978,2.6631613,0.66999841,-0.82295913,0.30986917,0.47615063,0
-1.7268018,1.6109223,-1.5195976,-0.37403446,0.33530807,-0.86467731,0
-2.5742638,2.4981942,2.3256776,-0.82295913,0.30986917,0.47615063,0
0.55822754,1.7126493,-2.4685872,-0.37403446,0.33530807,-0.86467731,0
-2.451427,-1.80969,0.98898172,-0.42759407,-0.88969082,-0.16004306,0
-1.5293713,-1.2529383,3.0669446,0.37403446,-0.33530807,0.86467731,0
0.22185135,2.4115353,1.6221714,0.42759407,0.88969082,0.16004306,0
0.58251548,2.5149012,0.083949924,0.42759407,0.88969082,0.16004306,0
-3.2139146,1.5982188,1.8058171,-0.82295913,0.30986917,0.47615063,0
3.2198491,1.6886781,-2.369293,0.42759407,0.88969082,0.16004306,0
-0.43634272,-2.430578,-0.94324523,-0.42759407,-0.88969082,-0.16004306,0
-1.2394269,3.2520957,0.85359555,0.42759407,0.88969082,0.16004306,0
-4.9415622,0.56044626,-0.5048151,-0.82295913,0.30986917,0.47615063,0
-4.4069195,0.41159225,0.51611018,-0.82295913,0.30986917,0.47615063,0
3.1741939,-3.3828211,-0.71308637,0.82295913,-0.30986917,-0.47615063,0
-3.1820278,0.93034101,2.2955709,-0.82295913,0.30986917,0.47615063,0
-3.9430845,1.3768027,0.68964338,-0.82295913,0.30986917,0.47615063,0
4.3907142,0.37099409,-1.0534101,0.82295913,-0.30986917,-0.47615063,0
1.9102169,-3.3685186,-1.9985726,-0.42759407,-0.88969082,-0.16004306,0
0.63663328,0.41932702,-3.0040331,-0.37403446,0.33530807,-0.86467731,0
-0.88165355,3.1541333,0.44229662,0.42759407,0.88969082,0.16004306,0
3.5025368,1.494017,-2.0424285,0.42759407,0.88969082,0.16004306,0
-0.78856611,2.4687769,4.0035372,0.42759407,0.88969082,0.16004306,0
-3.018734,-1.1683111,-1.0607904,-0.42759407,-0.88969082,-0.16004306,0
-0.9995451,-2.4762912,0.81560826,-0.42759407,-0.88969082,-0.16004306,0
-3.0704579,3.9909453,0.49662399,-0.82295913,0.30986917,0.47615063,0
-2.8018823,-1.2139924,-1.386218,-0.42759407,-0.88969082,-0.16004306,0
-1.9826629,-2.2640531,2.2623992,-0.42759407,-0.88969082,-0.16004306,0
1.1937945,1.6131147,-2.7821131,-0.37403446,0.33530807,-0.86467731,0
0.35966325,2.0345163,3.3498478,0.42759407,0.88969082,0.16004306,0
4.7185421,0.5264647,0.087409973,0.42759407,0.88969082,0.16004306,0
0.93597984,2.2855453,-2.409832,-0.37403446,0.33530807,-0.86467731,0
-2.8914061,3.0936911,1.3900049,-0.82295913,0.30986917,0.47615063,0
3.8645053,0.031718612,-1.7420943,0.82295913,-0.30986917,-0.47615063,0
2.7239907,-0.85105717,-3.1388192,0.82295913,-0.30986917,-0.47615063,0
0.84464955,-3.0996327,-0.64640552,-0.42759407,-0.88969082,-0.16004306,0
-3.2817383,1.8915217,1.4977186,-0.82295913,0.30986917,0.47615063,0
2.2554722,1.908776,-1.0162654,0.42759407,0.88969082,0.16004306,0
2.2837372,-3.233191,-2.3494906,0.82295913,-0.30986917,-0.47615063,0
1.044088,-1.4021194,1.8958905,0.37403446,-0.33530807,0.86467731,0
-3.7296839,1.5315576,0.9577651,-0.82295913,0.30986917,0.47615063,0
0.59522676,1.9892288,-2.3773389,-0.37403446,0.33530807,-0.86467731,0
-1.9712402,-0.88708615,-2.3825488,-0.37403446,0.33530807,-0.86467731,0
-0.79123521,-0.44657516,3.060343,0.37403446,-0.33530807,0.86467731,0
2.0022259,-2.6154246,-3.2380731,0.82295913,-0.30986917,-0.47615063,0
-3.1434379,-0.81507134,3.4981463,-0.82295913,0.30986917,0.47615063,0
-0.38364556,-0.91661525,-3.0807471,-0.37403446,0.33530807,-0.86467731,0
-0.17089057,-0.13739681,2.9118943,0.37403446,-0.33530807,0.86467731,0
-2.6061819,-0.36129475,-1.9039974,-0.37403446,0.33530807,-0.86467731,0
-3.8298035,1.5661101,0.76223636,-0.82295913,0.30986917,0.47615063,0
-3.5659351,-0.49304843,-1.539928,-0.37403446,0.33530807,-0.86467731,0
-4.0698123,-0.99679804,0.79396915,-0.42759407,-0.88969082,-0.16004306,0
4.5370326,-0.48594761,-0.24283886,0.82295913,-0.30986917,-0.47615063,0
0.22520185,1.2976593,-2.4854567,-0.37403446,0.33530807,-0.86467731,0
3.3569496,0.93660784,1.4452217,0.42759407,0.88969082,0.16004306,0
2.1995468,-3.7127261,-0.85811222,-0.42759407,-0.88969082,-0.16004306,0
3.2491193,-3.4072132,-0.56771398,0.82295913,-0.30986917,-0.47615063,0
1.9125957,2.0867534,-1.0895797,0.42759407,0.88969082,0.16004306,0
0.30623555,-2.3183393,-3.5511675,-0.42759407,-0.88969082,-0.16004306,0
4.08846,-0.64979577,-0.91150427,0.82295913,-0.30986917,-0.47615063,0
1.0807278,1.755805,2.9727235,0.42759407,0.88969082,0.16004306,0
2.8312337,-4.1236658,-0.26137853,-0.42759407,-0.88969082,-0.16004306,0
0.23960519,-2.5063391,-2.328043,-0.42759407,-0.88969082,-0.16004306,0
-2.4149203,2.6793125,2.4832122,-0.82295913,0.30986917,0.47615063,0
0.32355189,-1.9918389,1.9788898,0.37403446,-0.33530807,0.86467731,0
2.8320365,1.4225633,0.14618969,0.42759407,0.88969082,0.16004306,0
3.4732556,1.3728874,-1.2908275,0.42759407,0.88969082,0.16004306,0
-0.50588989,-2.502285,-0.35880834,-0.42759407,-0.88969082,-0.16004306,0
-3.0322909,1.7905363,1.9945718,-0.82295913,0.30986917,0.47615063,0
3.1418567,-3.1838977,-0.89843178,0.82295913,-0.30986917,-0.47615063,0
-2.8178744,-1.5818968,0.70171571,-0.42759407,-0.88969082,-0.16004306,0
0.52878356,1.9776704,3.2140133,0.42759407,0.88969082,0.16004306,0
-2.5088639,3.7307048,1.5845839,0.42759407,0.88969082,0.16004306,0
3.1732793,-1.8889151,0.78609228,0.37403446,-0.33530807,0.86467731,0
-1.7161068,2.2319438,3.9821508,-0.82295913,0.30986917,0.47615063,0
-0.51272106,-2.9020557,1.8817946,-0.42759407,-0.88969082,-0.16004306,0
3.3229303,-3.941215,-0.092624903,0.82295913,-0.30986917,-0.47615063,0
-1.8572421,-0.032525063,-2.1004758,-0.37403446,0.33530807,-0.86467731,0
3.3420415,-3.5940094,-0.28554797,0.82295913,-0.30986917,-0.47615063,0
-0.10660893,1.3339566,3.4546552,0.37403446,-0.33530807,0.86467731,0
3.6350603,0.6723395,-2.5555594,0.82295913,-0.30986917,-0.47615063,0
2.2315342,-2.0405517,-3.2158616,0.82295913,-0.30986917,-0.47615063,0
0.52755868,-0.33047104,2.5348945,0.37403446,-0.33530807,0.86467731,0
1.091934,-2.8722057,-2.5713677,-0.42759407,-0.88969082,-0.16004306,0
1.159574,-3.3509641,-0.090632379,-0.42759407,-0.88969082,-0.16004306,0
0.28505635,-1.0359671,-3.4162908,-0.37403446,0.33530807,-0.86467731,0
4.2934175,0.44356203,1.2060504,0.37403446,-0.33530807,0.86467731,0
-1.6509862,3.3647256,1.3270611,0.42759407,0.88969082,0.16004306,0
4.4303646,-0.2179234,-0.60162425,0.82295913,-0.30986917,-0.47615063,0
-1.6679066,0.26801324,3.7166717,0.37403446,-0.33530807,0.86467731,0
-4.2661366,1.6928792,-0.074402809,-0.82295913,0.30986917,0.47615063,0
-2.5178823,1.0143652,3.3887708,-0.82295913,0.30986917,0.47615063,0
-2.6680703,3.8613203,1.2764519,-0.82295913,0.30986917,0.47615063,0
-1.5407279,-2.1156526,0.25669575,-0.42759407,-0.88969082,-0.16004306,0
2.1261337,-0.17814398,1.9024668,0.37403446,-0.33530807,0.86467731,0
2.301059,-3.5461571,0.52073753,0.37403446,-0.33530807,0.86467731,0
3.537354,1.0963237,-3.0003521,0.82295913,-0.30986917,-0.47615063,0
0.3043251,2.7297425,-0.3671146,0.42759407,0.88969082,0.16004306,0
-1.3566554,3.6054921,-0.79775512,0.42759407,0.88969082,0.16004306,0
2.4254956,-2.465667,0.8859067,0.37403446,-0.33530807,0.86467731,0
4.5404544,-0.16540432,-0.44552779,0.82295913,-0.30986917,-0.47615063,0
0.19993752,-1.6523209,-3.6184831,-0.37403446,0.33530807,-0.86467731,0
-4.6598635,0.061699152,0.30663538,-0.82295913,0.30986917,0.47615063,0
-0.73676342,0.072328329,3.2380028,0.37403446,-0.33530807,0.86467731,0
3.2420621,1.1051531,-3.5164676,0.82295913,-0.30986917,-0.47615063,0
-1.3050594,2.2309253,4.3209004,0.37403446,-0.33530807,0.86467731,0
2.4077342,0.9390167,-3.5686333,-0.37403446,0.33530807,-0.86467731,0
2.9017572,-1.2298886,-2.5850387,0.82295913,-0.30986917,-0.47615063,0
-0.61089075,-0.56975341,-2.84794,-0.37403446,0.33530807,-0.86467731,0
2.0673254,-3.5783458,-1.2518806,-0.42759407,-0.88969082,-0.16004306,0
0.73848605,-2.9190292,-1.3667516,-0.42759407,-0.88969082,-0.16004306,0
3.6231542,-1.3545988,0.79868889,0.37403446,-0.33530807,0.86467731,0
3.1553431,1.2615079,-3.7669702,-0.37403446,0.33530807,-0.86467731,0
-1.4481825,-1.7013636,-2.2936237,-0.42759407,-0.88969082,-0.16004306,0
-0.018853903,-1.444609,2.3392115,0.37403446,-0.33530807,0.86467731,0
-1.8593552,-2.0686724,0.8468188,-0.42759407,-0.88969082,-0.16004306,0
-2.2838902,-1.0199815,3.4836645,0.37403446,-0.33530807,0.86467731,0
-2.4260769,3.2846544,2.0699854,-0.82295913,0.30986917,0.47615063,0
1.8757889,-2.5210338,-3.5180292,0.82295913,-0.30986917,-0.47615063,0
-2.5326583,0.70823234,3.5624578,-0.82295913,0.30986917,0.47615063,0
0.27746081,1.6424814,-2.3743458,-0.37403446,0.33530807,-0.86467731,0
-3.5842443,0.16943502,-1.2751074,-0.37403446,0.33530807,-0.86467731,0
-3.8965077,1.5623515,-0.59988046,-0.37403446,0.33530807,-0.86467731,0
2.0595782,-0.45722961,-3.9594727,-0.37403446,0.33530807,-0.86467731,0
-2.9551377,-1.2814598,-0.60170078,-0.42759407,-0.88969082,-0.16004306,0
-2.5828419,3.4684,1.6794609,-0.82295913,0.30986917,0.47615063,0
0.8237114,-1.4890496,-3.8249955,-0.37403446,0.33530807,-0.86467731,0
2.6553223,-2.3277075,0.83998895,0.37403446,-0.33530807,0.86467731,0
1.0198157,-1.7680345,-4.0180106,-0.37403446,0.33530807,-0.86467731,0
-3.0076122,1.4745157,2.2428854,-0.82295913,0.30986917,0.47615063,0
-1.8790219,3.7578907,-0.24932098,0.42759407,0.88969082,0.16004306,0
-0.92495084,-2.4241962,2.3512948,0.37403446,-0.33530807,0.86467731,0
1.8913515,-3.4491136,0.73559701,0.37403446,-0.33530807,0.86467731,0
0.22770286,2.1309049,3.1665819,0.42759407,0.88969082,0.16004306,0
4.0467029,1.2375858,-2.0707805,0.42759407,0.88969082,0.16004306,0
3.7646642,1.3193941,-1.7720244,0.42759407,0.88969082,0.16004306,0
-2.4938104,3.6667092,-0.39061093,-0.37403446,0.33530807,-0.86467731,0
-1.5169508,0.20246482,-2.1565504,-0.37403446,0.33530807,-0.86467731,0
0.034769297,-2.8424146,0.087494001,-0.42759407,-0.88969082,-0.16004306,0
-2.2891986,-2.2071681,2.7651577,-0.42759407,-0.88969082,-0.16004306,0
4.8968806,-0.0094380379,0.069004059,0.82295913,-0.30986917,-0.47615063,0
-2.9494328,-1.6135995,1.229445,-0.42759407,-0.88969082,-0.16004306,0
-3.4276936,-0.42470336,-1.5732239,-0.37403446,0.33530807,-0.86467731,0
-0.64165568,3.1954608,-0.42865658,0.42759407,0.88969082,0.16004306,0
2.3085372,-0.082830429,-3.9219792,-0.37403446,0.33530807,-0.86467731,0
1.6374844,-0.79107952,1.8761559,0.37403446,-0.33530807,0.86467731,0
-3.9662743,-0.085317373,1.6010814,-0.82295913,0.30986917,0.47615063,0
3.6855984,-0.79960132,0.98689628,0.37403446,-0.33530807,0.86467731,0
-2.429749,-2.0644078,3.1417475,0.37403446,-0.33530807,0.86467731,0
-1.6340669,-1.1374403,3.157021,0.37403446,-0.33530807,0.86467731,0
-2.6041903,3.7172751,-0.3232547,-0.37403446,0.33530807,-0.86467731,0
-0.30234671,2.0387135,-1.9698853,-0.37403446,0.33530807,-0.86467731,0
-2.4344196,3.5141087,1.906242,-0.82295913,0.30986917,0.47615063,0
-0.30075765,3.1938429,-1.3304554,0.42759407,0.88969082,0.16004306,0
4.7866697,0.54030466,-0.17155027,0.42759407,0.88969082,0.16004306,0
-0.79232252,0.47184038,-2.3655443,-0.37403446,0.33530807,-0.86467731,0
0.28254771,-2.6215186,-1.8024845,-0.42759407,-0.88969082,-0.16004306,0
-2.2220831,-1.3877342,-1.9694493,-0.42759407,-0.88969082,-0.16004306,0
1.1020755,0.029729843,2.4260552,0.37403446,-0.33530807,0.86467731,0
3.4050074,0.90620589,1.4858291,0.42759407,0.88969082,0.16004306,0
0.31377637,0.92717469,-2.6674395,-0.37403446,0.33530807,-0.86467731,0
-3.6189489,0.16345119,2.0394905,-0.82295913,0.30986917,0.47615063,0
2.7156515,-2.9555595,-1.7836648,0.82295913,-0.30986917,-0.47615063,0
3.0383012,-2.4692657,-1.5424803,0.82295913,-0.30986917,-0.47615063,0
-0.95876026,-2.0433896,-1.6998876,-0.42759407,-0.88969082,-0.16004306,0
-2.9368885,-1.1646634,3.7100272,0.37403446,-0.33530807,0.86467731,0
-4.2332339,0.043237448,1.0560184,-0.82295913,0.30986917,0.47615063,0
-0.14654779,1.6587324,-2.1846302,-0.37403446,0.33530807,-0.86467731,0
-3.5875371,-0.27867794,-1.4474542,-0.37403446,0.33530807,-0.86467731,0
3.9758987,-1.057791,-0.84053516,0.82295913,-0.30986917,-0.47615063,0
3.1185703,-2.4980538,0.57354331,0.37403446,-0.33530807,0.86467731,0
3.1929181,-3.2920959,-0.73976636,0.82295913,-0.30986917,-0.47615063,0
3.6197858,-1.5729804,-1.1207516,0.82295913,-0.30986917,-0.47615063,0
-0.32112288,-2.5912755,-0.35775566,-0.42759407,-0.88969082,-0.16004306,0
4.1786728,-0.41154313,-0.91063333,0.82295913,-0.30986917,-0.47615063,0
