-5.2294445,3.0693474,1.506176,-0.95271695,0.1385192,-0.27044934,0
-5.2903938,3.5342646,1.9590057,-0.95271695,0.1385192,-0.27044934,0
-4.9085379,3.1236563,0.40352654,-0.95271695,0.1385192,-0.27044934,0
-3.7627268,1.9248245,-2.7430751,0.3036477,0.40081137,-0.86437738,0
5.0064678,0.2818923,0.99575138,0.95271695,-0.1385192,0.27044934,0
-4.6765709,3.1236606,-0.41362453,-0.95271695,0.1385192,-0.27044934,0
2.5315552,2.7684674,4.4868526,-0.3036477,-0.40081137,0.86437738,0
-2.7097104,0.86551946,-2.8643596,0.3036477,0.40081137,-0.86437738,0
0.73090458,3.550879,4.1893177,0.011333585,0.90562826,0.42392078,0
5.0433941,-2.8305693,-0.72847462,0.95271695,-0.1385192,0.27044934,0
5.228137,-3.7326293,-1.8412889,0.95271695,-0.1385192,0.27044934,0
-4.7002997,-4.0070615,-3.1086459,-0.011333585,-0.90562826,-0.42392078,0
-1.9434904,3.5104222,-1.3687532,0.3036477,0.40081137,-0.86437738,0
1.1051083,2.2371755,3.7393951,-0.3036477,-0.40081137,0.86437738,0
4.3050365,0.65447575,3.6575272,0.95271695,-0.1385192,0.27044934,0
-4.9168997,3.5266726,0.63940144,-0.95271695,0.1385192,-0.27044934,0
-0.57267475,5.1191478,0.8738544,0.011333585,0.90562826,0.42392078,0
3.6007271,-5.9029489,0.71963578,-0.011333585,-0.90562826,-0.42392078,0
4.6849995,-4.5555511,-2.1878185,-0.011333585,-0.90562826,-0.42392078,0
5.023119,-2.0786595,-0.27193785,0.95271695,-0.1385192,0.27044934,0
2.0029454,4.0549974,0.27011228,0.3036477,0.40081137,-0.86437738,0
-4.8577781,-1.3550487,-0.02102375,-0.3036477,-0.40081137,0.86437738,0
-4.9717054,3.371424,0.75295138,-0.95271695,0.1385192,-0.27044934,0
-1.206202,-5.1426258,-0.77613878,-0.011333585,-0.90562826,-0.42392078,0
1.3957977,-5.5745945,0.21919876,-0.3036477,-0.40081137,0.86437738,0
5.2056837,-1.1798475,-0.454705,0.95271695,-0.1385192,0.27044934,0
-4.6075892,-1.7187175,-3.1368036,-0.95271695,0.1385192,-0.27044934,0
1.0954108,-3.6953168,0.98509538,-0.3036477,-0.40081137,0.86437738,0
-0.14162564,-4.8781223,0.0020694733,-0.3036477,-0.40081137,0.86437738,0
-5.094986,-1.7558899,-1.4388814,-0.95271695,0.1385192,-0.27044934,0
-1.8453975,1.4980339,2.3601704,-0.3036477,-0.40081137,0.86437738,0
4.0959916,-3.5513716,2.1059191,-0.3036477,-0.40081137,0.86437738,0
4.3889823,1.372131,3.7293797,0.95271695,-0.1385192,0.27044934,0
4.3819485,-4.9979143,0.49153972,0.95271695,-0.1385192,0.27044934,0
-5.083354,1.9057184,0.39555001,-0.95271695,0.1385192,-0.27044934,0
2.5953307,-4.0617037,1.3421099,-0.3036477,-0.40081137,0.86437738,0
1.5021112,4.5699377,1.9916687,0.011333585,0.90562826,0.42392078,0
-1.3610196,-4.0787315,-0.055615187,-0.3036477,-0.40081137,0.86437738,0
-0.60705018,5.0674577,-0.17727768,0.3036477,0.40081137,-0.86437738,0
-4.3286033,-4.4844804,-2.0986662,-0.011333585,-0.90562826,-0.42392078,0
-1.8945332,3.6167905,3.325376,-0.3036477,-0.40081137,0.86437738,0
-4.5453987,-0.53445148,0.46922302,-0.3036477,-0.40081137,0.86437738,0
-4.9602818,4.0928426,1.0822072,-0.95271695,0.1385192,-0.27044934,0
-2.0481954,-2.8243952,-4.3429871,0.3036477,0.40081137,-0.86437738,0
4.8462615,1.8153555,2.3455243,0.95271695,-0.1385192,0.27044934,0
-1.7983298,-4.7461162,-1.6073768,-0.011333585,-0.90562826,-0.42392078,0
5.3430743,3.6056383,1.2351007,0.3036477,0.40081137,-0.86437738,0
3.6112485,-4.7932196,-1.6513759,-0.011333585,-0.90562826,-0.42392078,0
3.3053162,-4.7141075,1.2890019,-0.3036477,-0.40081137,0.86437738,0
-3.3088317,0.096232325,-3.4315431,0.3036477,0.40081137,-0.86437738,0
4.2889938,-2.7503173,1.9701693,0.95271695,-0.1385192,0.27044934,0
2.1629949,4.6749382,0.61380219,0.3036477,0.40081137,-0.86437738,0
2.2139463,-4.9793239,-1.216442,-0.011333585,-0.90562826,-0.42392078,0
1.1409266,-5.4161263,0.20314628,-0.3036477,-0.40081137,0.86437738,0
4.5787568,-2.0877166,-1.673402,0.3036477,0.40081137,-0.86437738,0
-3.0401762,-3.6518211,-3.9119344,-0.011333585,-0.90562826,-0.42392078,0
4.4751377,-1.8061726,1.7980103,0.95271695,-0.1385192,0.27044934,0
5.3258405,4.0612326,1.8064013,0.95271695,-0.1385192,0.27044934,0
-4.4621754,-2.8483379,-4.2276263,-0.95271695,0.1385192,-0.27044934,0
-0.97281933,4.1475096,2.9602773,0.011333585,0.90562826,0.42392078,0
-3.7769396,5.1831074,0.82288277,0.011333585,0.90562826,0.42392078,0
-2.8077347,3.4125619,-1.7177321,0.3036477,0.40081137,-0.86437738,0
4.8987093,3.3502264,2.9468985,0.95271695,-0.1385192,0.27044934,0
0.02575016,-5.1363792,-0.82241988,-0.011333585,-0.90562826,-0.42392078,0
-1.8015518,4.78124,1.6285858,0.011333585,0.90562826,0.42392078,0
4.2388773,-0.12718332,3.4902356,0.95271695,-0.1385192,0.27044934,0
1.3442612,-4.5929184,-2.0186741,-0.011333585,-0.90562826,-0.42392078,0
1.138443,-3.6850815,1.0049582,-0.3036477,-0.40081137,0.86437738,0
4.8785214,-3.8133318,-0.65102673,0.95271695,-0.1385192,0.27044934,0
2.5049992,-4.5208273,1.097482,-0.3036477,-0.40081137,0.86437738,0
-0.60635471,-3.6591847,-3.9612725,-0.011333585,-0.90562826,-0.42392078,0
0.88741016,2.1489451,3.6220076,-0.3036477,-0.40081137,0.86437738,0
1.5325675,3.2760425,4.3712797,-0.3036477,-0.40081137,0.86437738,0
3.035095,-2.4988775,2.2212765,-0.3036477,-0.40081137,0.86437738,0
-0.73197699,-3.6640015,-3.9476247,-0.011333585,-0.90562826,-0.42392078,0
2.8666654,3.6314676,0.37713814,0.3036477,0.40081137,-0.86437738,0
-1.1960514,0.80462521,-2.3608615,0.3036477,0.40081137,-0.86437738,0
4.3156185,1.6068273,4.108027,0.95271695,-0.1385192,0.27044934,0
-4.2223439,-0.75911969,-4.0024261,-0.95271695,0.1385192,-0.27044934,0
2.5663822,2.3625154,4.3108473,-0.3036477,-0.40081137,0.86437738,0
3.1517487,-3.084034,-2.6366889,0.3036477,0.40081137,-0.86437738,0
4.2908897,-4.6881704,-1.8939651,-0.011333585,-0.90562826,-0.42392078,0
-4.2625713,-1.1555161,-4.0637436,-0.95271695,0.1385192,-0.27044934,0
0.54054594,4.2246733,2.7549706,0.011333585,0.90562826,0.42392078,0
4.7600894,-0.76543701,1.3272512,0.95271695,-0.1385192,0.27044934,0
1.9193544,-4.0101104,-3.2791109,-0.011333585,-0.90562826,-0.42392078,0
-2.4522352,1.6809852,-2.3957796,0.3036477,0.40081137,-0.86437738,0
4.5758643,-1.7316021,1.4813728,0.95271695,-0.1385192,0.27044934,0
-3.8899388,4.9457684,1.3329345,0.011333585,0.90562826,0.42392078,0
-2.317621,-2.0808196,-4.0928373,0.3036477,0.40081137,-0.86437738,0
-3.308183,4.5657682,-1.358794,0.3036477,0.40081137,-0.86437738,0
3.9065289,-2.553545,-2.1255538,0.3036477,0.40081137,-0.86437738,0
0.68948174,2.2874296,3.6166925,-0.3036477,-0.40081137,0.86437738,0
-5.3265362,2.7932258,1.7378581,-0.3036477,-0.40081137,0.86437738,0
4.8188009,2.9081359,3.0019627,0.95271695,-0.1385192,0.27044934,0
-0.43333864,4.4261546,2.3505802,0.011333585,0.90562826,0.42392078,0
-4.2544279,1.9485996,-2.5025592,-0.95271695,0.1385192,-0.27044934,0
0.41168928,4.9700098,1.1661421,0.011333585,0.90562826,0.42392078,0
4.5847282,2.7547803,0.57415915,0.3036477,0.40081137,-0.86437738,0
5.0870638,-1.450299,-0.17536163,0.95271695,-0.1385192,0.27044934,0
5.2394104,-3.3903065,-1.7056741,0.95271695,-0.1385192,0.27044934,0
2.8450935,4.808816,1.4454448,0.011333585,0.90562826,0.42392078,0
4.2130737,-2.626605,-2.0517454,0.3036477,0.40081137,-0.86437738,0
-3.5905418,-0.34321877,-3.7342787,0.3036477,0.40081137,-0.86437738,0
-3.686759,-4.6511936,-1.7596731,-0.011333585,-0.90562826,-0.42392078,0
0.091461658,2.9705944,3.7233968,-0.3036477,-0.40081137,0.86437738,0
-4.5983849,-3.5804353,-4.022778,-0.011333585,-0.90562826,-0.42392078,0
2.5234079,-5.0310974,-1.1141107,-0.011333585,-0.90562826,-0.42392078,0
4.1519327,-1.9331602,2.8715293,0.95271695,-0.1385192,0.27044934,0
1.8534369,-1.7932163,-2.4942222,0.3036477,0.40081137,-0.86437738,0
-0.3742156,-5.050169,-0.99589837,-0.011333585,-0.90562826,-0.42392078,0
-1.6485739,-2.2861893,0.67457056,-0.3036477,-0.40081137,0.86437738,0
-3.2492747,4.172174,2.9684477,0.011333585,0.90562826,0.42392078,0
3.334856,3.1818483,4.9080658,0.011333585,0.90562826,0.42392078,0
4.1497784,-5.899693,0.84753323,0.95271695,-0.1385192,0.27044934,0
-3.755595,-4.0180302,-3.1104712,-0.011333585,-0.90562826,-0.42392078,0
2.0217223,-0.60502362,2.7434673,-0.3036477,-0.40081137,0.86437738,0
-3.1243656,-4.4362345,-2.2339294,-0.011333585,-0.90562826,-0.42392078,0
2.6613834,4.448081,2.2210002,0.011333585,0.90562826,0.42392078,0
-4.7925286,-3.3421767,-3.3168201,-0.95271695,0.1385192,-0.27044934,0
5.0607634,4.078423,2.7489948,0.95271695,-0.1385192,0.27044934,0
-1.8150434,-5.1137457,-0.69504523,-0.3036477,-0.40081137,0.86437738,0
-0.53717756,5.0139432,1.0976546,0.011333585,0.90562826,0.42392078,0
-1.3467889,0.78914452,2.2066154,-0.3036477,-0.40081137,0.86437738,0
-1.3565555,3.8619928,3.5804896,0.011333585,0.90562826,0.42392078,0
4.2782879,4.536644,1.9885736,0.011333585,0.90562826,0.42392078,0
-2.1542497,1.6256131,2.310832,-0.3036477,-0.40081137,0.86437738,0
4.9095063,-1.9926224,0.17235446,0.95271695,-0.1385192,0.27044934,0
-1.3046439,-2.1673689,-3.7771211,0.3036477,0.40081137,-0.86437738,0
-1.7015786,5.2279668,-0.48734742,0.3036477,0.40081137,-0.86437738,0
4.4304647,-4.4664292,0.59284806,0.95271695,-0.1385192,0.27044934,0
-2.6305861,4.3972125,2.4711537,0.011333585,0.90562826,0.42392078,0
-4.2298994,-2.4537137,-4.84375,-0.95271695,0.1385192,-0.27044934,0
4.498395,-4.3443408,0.41607904,0.95271695,-0.1385192,0.27044934,0
4.5284786,-2.9217274,1.0387392,0.95271695,-0.1385192,0.27044934,0
-3.7038851,-1.2665856,0.42534852,-0.3036477,-0.40081137,0.86437738,0
-4.8557749,-0.32015228,-1.5461979,-0.95271695,0.1385192,-0.27044934,0
-4.3942113,0.8884542,1.1821339,-0.3036477,-0.40081137,0.86437738,0
5.3377204,1.3822095,0.39240408,0.95271695,-0.1385192,0.27044934,0
4.2134309,2.3052847,4.8257408,0.95271695,-0.1385192,0.27044934,0
5.2473125,1.4631016,0.752316,0.95271695,-0.1385192,0.27044934,0
-5.237072,2.0605795,1.016372,-0.95271695,0.1385192,-0.27044934,0
-3.9617376,0.54112363,-3.4546072,0.3036477,0.40081137,-0.86437738,0
3.1490304,0.1339688,3.4821506,-0.3036477,-0.40081137,0.86437738,0
0.42032677,-0.8772608,2.0546756,-0.3036477,-0.40081137,0.86437738,0
-5.0677328,4.1998043,1.5155107,-0.95271695,0.1385192,-0.27044934,0
5.1352224,-0.46010113,0.16215134,0.95271695,-0.1385192,0.27044934,0
-3.2805619,-4.3592463,-2.3942246,-0.011333585,-0.90562826,-0.42392078,0
0.91231585,-1.6912502,-2.7775478,0.3036477,0.40081137,-0.86437738,0
1.0733285,-4.6714487,-1.8436651,-0.011333585,-0.90562826,-0.42392078,0
5.3055382,-0.030637503,-0.21786213,0.95271695,-0.1385192,0.27044934,0
-5.1295919,-2.1139946,-1.5003886,-0.95271695,0.1385192,-0.27044934,0
2.8742621,3.710969,3.7900119,0.011333585,0.90562826,0.42392078,0
-2.6461287,-1.0928949,-3.750139,0.3036477,0.40081137,-0.86437738,0
-4.5847707,0.33084869,-2.1674373,-0.95271695,0.1385192,-0.27044934,0
2.2308979,-4.5051003,-2.2299857,-0.011333585,-0.90562826,-0.42392078,0
-3.0960841,-4.9606867,-1.1142917,-0.011333585,-0.90562826,-0.42392078,0
-4.7007599,-1.4599906,-2.676075,-0.95271695,0.1385192,-0.27044934,0
-1.4186106,-4.1622519,-2.8648467,-0.011333585,-0.90562826,-0.42392078,0
5.2086926,0.81637859,0.55712509,0.95271695,-0.1385192,0.27044934,0
-1.7198057,-4.8081756,-1.4768984,-0.011333585,-0.90562826,-0.42392078,0
4.2612381,-4.9132805,0.96011555,0.95271695,-0.1385192,0.27044934,0
-4.9120102,-1.1184978,-1.7569914,-0.95271695,0.1385192,-0.27044934,0
-3.2421737,4.9808822,1.2406027,0.011333585,0.90562826,0.42392078,0
1.7914538,3.7077386,3.8258619,0.011333585,0.90562826,0.42392078,0
-1.342922,-0.55328524,1.5854899,-0.3036477,-0.40081137,0.86437738,0
4.6238341,-5.3010116,-0.5157969,0.95271695,-0.1385192,0.27044934,0
-3.3050885,-4.3803697,-2.348443,-0.011333585,-0.90562826,-0.42392078,0
3.2060471,-2.4950731,-2.3445132,0.3036477,0.40081137,-0.86437738,0
-2.5476191,-2.0148885,-4.1430616,0.3036477,0.40081137,-0.86437738,0
-0.53842902,0.81054425,-2.1271002,0.3036477,0.40081137,-0.86437738,0
4.5386276,2.3903475,3.7237334,0.95271695,-0.1385192,0.27044934,0
4.9460459,-3.8817182,-2.3762546,0.3036477,0.40081137,-0.86437738,0
-0.34276152,4.7601881,1.6345578,0.011333585,0.90562826,0.42392078,0
1.8215351,1.4376444,-1.0072806,0.3036477,0.40081137,-0.86437738,0
-3.3071921,-3.3852186,-4.4743423,-0.011333585,-0.90562826,-0.42392078,0
-4.2965355,3.7501078,2.5433936,-0.3036477,-0.40081137,0.86437738,0
-1.3181975,-0.53361201,1.6032978,-0.3036477,-0.40081137,0.86437738,0
-3.0166891,-0.28274703,1.1229597,-0.3036477,-0.40081137,0.86437738,0
4.2503657,-4.2737188,1.3259877,0.95271695,-0.1385192,0.27044934,0
-4.5578918,5.1732626,0.21806955,-0.95271695,0.1385192,-0.27044934,0
2.5095139,4.3346014,2.4674871,0.011333585,0.90562826,0.42392078,0
5.0223131,1.6126165,1.6215048,0.95271695,-0.1385192,0.27044934,0
-1.3759732,2.3407588,-1.7117622,0.3036477,0.40081137,-0.86437738,0
1.9767327,-4.6450505,-1.9242131,-0.011333585,-0.90562826,-0.42392078,0
4.8504372,-1.12563,0.82449722,0.95271695,-0.1385192,0.27044934,0
0.62532353,-5.0196743,0.20585406,-0.3036477,-0.40081137,0.86437738,0
-3.2808027,5.4763594,0.18313932,0.011333585,0.90562826,0.42392078,0
-4.6737857,-1.4810888,-2.7819028,-0.95271695,0.1385192,-0.27044934,0
-0.12069052,0.62440223,-2.0666666,0.3036477,0.40081137,-0.86437738,0
-0.54641819,-4.4957623,-2.1756816,-0.011333585,-0.90562826,-0.42392078,0
-4.9957256,-2.9318354,-0.80063868,-0.3036477,-0.40081137,0.86437738,0
-1.7416692,4.6319671,1.9458789,0.011333585,0.90562826,0.42392078,0
-4.5935111,-3.3444197,-4.0190516,-0.95271695,0.1385192,-0.27044934,0
-5.0802679,-4.0995703,-2.6911173,-0.95271695,0.1385192,-0.27044934,0
3.8945141,-0.85704517,-1.3431085,0.3036477,0.40081137,-0.86437738,0
3.400404,1.484503,-0.43091011,0.3036477,0.40081137,-0.86437738,0
4.8563514,1.7695798,2.2865362,0.95271695,-0.1385192,0.27044934,0
-1.850168,-4.2321248,-2.7040386,-0.011333585,-0.90562826,-0.42392078,0
3.9016593,4.4127464,1.1030011,0.3036477,0.40081137,-0.86437738,0
-1.4450274,5.0783238,0.98438871,0.011333585,0.90562826,0.42392078,0
-5.2714868,-3.976558,-1.9545045,-0.95271695,0.1385192,-0.27044934,0
0.89040422,-3.3880262,-3.5720391,0.3036477,0.40081137,-0.86437738,0
-4.7649493,-0.71626902,-2.0690327,-0.95271695,0.1385192,-0.27044934,0
4.7524486,-2.0335057,0.70468473,0.95271695,-0.1385192,0.27044934,0
-4.0679064,1.1490667,1.4176079,-0.3036477,-0.40081137,0.86437738,0
0.33072996,4.6827412,1.7820026,0.011333585,0.90562826,0.42392078,0
-4.4587727,0.98163396,-2.2779715,-0.95271695,0.1385192,-0.27044934,0
-1.5690656,0.82117885,-2.4842222,0.3036477,0.40081137,-0.86437738,0
-4.9412336,3.5694802,0.74704766,-0.95271695,0.1385192,-0.27044934,0
-4.049161,4.2678242,-1.7572489,0.3036477,0.40081137,-0.86437738,0
4.632,4.193716,2.711719,0.011333585,0.90562826,0.42392078,0
3.5481241,-5.5467863,-0.03983283,-0.011333585,-0.90562826,-0.42392078,0
4.8982477,3.2173102,2.8804479,0.95271695,-0.1385192,0.27044934,0
-3.282614,-1.5418966,0.44567561,-0.3036477,-0.40081137,0.86437738,0
-0.01963973,-0.46113181,2.0930781,-0.3036477,-0.40081137,0.86437738,0
-3.5352955,4.3886929,2.5135422,0.011333585,0.90562826,0.42392078,0
4.9751868,-1.2606965,0.31586075,0.95271695,-0.1385192,0.27044934,0
-2.113081,0.16353032,-2.9802809,0.3036477,0.40081137,-0.86437738,0
-4.9758372,-3.523715,-2.7640572,-0.95271695,0.1385192,-0.27044934,0
-4.6476879,4.3159747,0.09531045,-0.95271695,0.1385192,-0.27044934,0
-2.3685517,-4.0186563,-3.1462154,-0.011333585,-0.90562826,-0.42392078,0
-0.72486448,-4.950417,-1.199625,-0.011333585,-0.90562826,-0.42392078,0
0.22379589,-4.8286352,-1.4851528,-0.011333585,-0.90562826,-0.42392078,0
4.4209394,3.1871903,4.546442,0.95271695,-0.1385192,0.27044934,0
4.9525976,2.4259393,2.2836618,0.95271695,-0.1385192,0.27044934,0
2.3332748,-4.9165497,-1.3537371,-0.011333585,-0.90562826,-0.42392078,0
-2.0228698,1.3006449,2.2062969,-0.3036477,-0.40081137,0.86437738,0
4.9765315,-3.073385,-1.9907213,0.3036477,0.40081137,-0.86437738,0
4.4416533,-1.5264111,-1.4612882,0.3036477,0.40081137,-0.86437738,0
-5.3926435,-3.2938693,-1.1780434,-0.95271695,0.1385192,-0.27044934,0
0.54728746,3.6045244,4.0796232,0.011333585,0.90562826,0.42392078,0
2.6802721,3.5139227,4.2161512,0.011333585,0.90562826,0.42392078,0
-3.6695974,2.5322657,2.1989186,-0.3036477,-0.40081137,0.86437738,0
-5.1749773,-2.4379482,-1.5064316,-0.95271695,0.1385192,-0.27044934,0
-4.9396133,-0.60931849,-1.3989639,-0.95271695,0.1385192,-0.27044934,0
2.7329834,3.2682889,4.7394924,0.011333585,0.90562826,0.42392078,0
-2.8853502,0.65756637,-3.0224879,0.3036477,0.40081137,-0.86437738,0
5.1215858,4.3541846,2.3558187,0.011333585,0.90562826,0.42392078,0
5.0154824,1.6350737,1.6570706,0.95271695,-0.1385192,0.27044934,0
-0.037053585,3.8342061,3.6045737,0.011333585,0.90562826,0.42392078,0
0.51932526,-4.6332731,-1.9104096,-0.011333585,-0.90562826,-0.42392078,0
1.4469876,-5.4258919,-0.24192643,-0.011333585,-0.90562826,-0.42392078,0
3.2956903,-5.5211153,-0.087924659,-0.011333585,-0.90562826,-0.42392078,0
2.0839658,-4.1959462,-2.8865075,-0.011333585,-0.90562826,-0.42392078,0
-2.545615,-2.1490607,0.42303467,-0.3036477,-0.40081137,0.86437738,0
-4.952302,3.7994897,0.9038465,-0.95271695,0.1385192,-0.27044934,0
5.2470546,1.5432713,0.79428673,0.95271695,-0.1385192,0.27044934,0
2.2689948,-4.2131424,-2.854718,-0.011333585,-0.90562826,-0.42392078,0
5.1307058,1.2674782,0.076294899,0.3036477,0.40081137,-0.86437738,0
-3.4672532,-1.2384452,-4.1060839,0.3036477,0.40081137,-0.86437738,0
1.2465591,3.2555153,-0.3663187,0.3036477,0.40081137,-0.86437738,0
-4.515204,3.1494422,-0.96886992,-0.95271695,0.1385192,-0.27044934,0
3.3923736,3.3727779,4.4986424,0.011333585,0.90562826,0.42392078,0
3.1195335,3.5163677,0.41259718,0.3036477,0.40081137,-0.86437738,0
0.041242033,1.9174049,-1.4102166,0.3036477,0.40081137,-0.86437738,0
1.1479526,-3.6131763,-3.5859668,0.3036477,0.40081137,-0.86437738,0
3.4871523,-5.1981239,-0.78305578,-0.011333585,-0.90562826,-0.42392078,0
2.9345675,-3.9138892,-3.0977857,0.3036477,0.40081137,-0.86437738,0
4.3046541,-1.6829228,2.4617023,0.95271695,-0.1385192,0.27044934,0
-4.290822,-1.2697877,-4.0227532,-0.95271695,0.1385192,-0.27044934,0
-2.8730989,0.59586978,-3.0467925,0.3036477,0.40081137,-0.86437738,0
-0.40809822,5.3583827,0.35837269,0.011333585,0.90562826,0.42392078,0
0.83575344,5.2781377,0.49654651,0.011333585,0.90562826,0.42392078,0
2.2778916,-3.3392658,-3.0620177,0.3036477,0.40081137,-0.86437738,0
-4.7428226,-0.67980623,0.33246851,-0.3036477,-0.40081137,0.86437738,0
-3.7295961,1.6613549,-2.8536074,0.3036477,0.40081137,-0.86437738,0
-0.097432613,4.9173698,1.2922094,0.011333585,0.90562826,0.42392078,0
-1.2150664,-3.6053882,0.21514583,-0.3036477,-0.40081137,0.86437738,0
4.7030077,-4.9909825,-1.2580812,-0.011333585,-0.90562826,-0.42392078,0
3.2235608,1.2188845,-0.61620092,0.3036477,0.40081137,-0.86437738,0
4.6097808,1.142477,2.8339441,0.95271695,-0.1385192,0.27044934,0
-5.0521512,-1.4164014,-1.4158959,-0.95271695,0.1385192,-0.27044934,0
4.4449263,-3.7768869,0.8950727,0.95271695,-0.1385192,0.27044934,0
-2.4802456,5.434948,0.25020528,0.011333585,0.90562826,0.42392078,0
2.4987621,4.2889214,2.5653627,0.011333585,0.90562826,0.42392078,0
-3.2787719,-2.8370528,-0.15353799,-0.3036477,-0.40081137,0.86437738,0
5.2808986,-0.29173064,-0.26479053,0.95271695,-0.1385192,0.27044934,0
1.9130363,-5.3854675,-0.34074539,-0.011333585,-0.90562826,-0.42392078,0
4.6047702,-1.5861696,1.4540334,0.95271695,-0.1385192,0.27044934,0
2.3200126,3.4880972,4.2809544,0.011333585,0.90562826,0.42392078,0
-5.3030157,-0.38133717,-0.0020308495,-0.95271695,0.1385192,-0.27044934,0
-4.4119749,4.5738564,-0.6029582,-0.95271695,0.1385192,-0.27044934,0
4.8742785,3.1174068,2.9137154,0.95271695,-0.1385192,0.27044934,0
-1.2265401,4.8586531,1.4478347,0.011333585,0.90562826,0.42392078,0
5.2450805,-2.3155053,-1.1751523,0.95271695,-0.1385192,0.27044934,0
-4.5920134,-3.4703338,-4.0888176,-0.95271695,0.1385192,-0.27044934,0
-2.8927712,4.5592804,2.1319356,0.011333585,0.90562826,0.42392078,0
-1.499578,3.8962502,3.5111296,0.011333585,0.90562826,0.42392078,0
3.9513526,1.2653055,4.288599,-0.3036477,-0.40081137,0.86437738,0
-4.2670751,-4.1587658,-2.7961407,-0.011333585,-0.90562826,-0.42392078,0
4.9270654,1.2901762,1.7918897,0.95271695,-0.1385192,0.27044934,0
5.0354977,-1.1500006,0.16009808,0.95271695,-0.1385192,0.27044934,0
2.5918632,-5.5144234,-0.083404481,-0.011333585,-0.90562826,-0.42392078,0
-0.38570118,-3.5933614,-4.1077909,-0.011333585,-0.90562826,-0.42392078,0
-5.1286936,4.4001627,1.8328785,-0.95271695,0.1385192,-0.27044934,0
-3.0318775,-3.5456841,-4.1388984,-0.011333585,-0.90562826,-0.42392078,0
-4.8900733,-2.2447777,-2.4111314,-0.95271695,0.1385192,-0.27044934,0
4.6665926,-2.976208,0.52429748,0.95271695,-0.1385192,0.27044934,0
1.1984291,-4.8518891,-1.4615319,-0.011333585,-0.90562826,-0.42392078,0
-4.797946,-3.8821228,-3.3729424,-0.011333585,-0.90562826,-0.42392078,0
-1.2104083,2.7065551,-1.483981,0.3036477,0.40081137,-0.86437738,0
3.4046807,-5.5255766,-0.081308901,-0.011333585,-0.90562826,-0.42392078,0
-4.8334031,-3.6277077,-1.0662923,-0.3036477,-0.40081137,0.86437738,0
4.2748566,2.3244014,4.6191473,0.95271695,-0.1385192,0.27044934,0
-3.3269579,-0.018622309,-3.4911687,0.3036477,0.40081137,-0.86437738,0
3.4073186,3.3969653,4.4465714,0.011333585,0.90562826,0.42392078,0
5.0387998,1.3619316,1.4350309,0.95271695,-0.1385192,0.27044934,0
0.11664987,-0.95040178,-2.713527,0.3036477,0.40081137,-0.86437738,0
3.470674,-5.0588875,-1.0800683,-0.011333585,-0.90562826,-0.42392078,0
-0.82079732,3.2426629,-1.0985216,0.3036477,0.40081137,-0.86437738,0
1.0339766,-5.4107981,-0.26312953,-0.011333585,-0.90562826,-0.42392078,0
-4.2969933,0.87562239,-2.902174,-0.95271695,0.1385192,-0.27044934,0
5.0621819,-2.4044442,-0.576406,0.95271695,-0.1385192,0.27044934,0
3.9782221,-1.9146048,-1.8040926,0.3036477,0.40081137,-0.86437738,0
0.74340248,3.9009798,-0.24377143,0.3036477,0.40081137,-0.86437738,0
4.9185562,-2.4702842,-0.10417414,0.95271695,-0.1385192,0.27044934,0
4.982368,0.73497772,-0.2227354,0.3036477,0.40081137,-0.86437738,0
2.1176512,-0.11470342,-1.6230805,0.3036477,0.40081137,-0.86437738,0
-3.6977057,4.4672241,2.3501177,0.011333585,0.90562826,0.42392078,0
4.6592789,0.20978832,2.1818695,0.95271695,-0.1385192,0.27044934,0
4.7464275,-1.7200651,0.88643646,0.95271695,-0.1385192,0.27044934,0
-5.2764931,3.1376739,1.7069085,-0.95271695,0.1385192,-0.27044934,0
2.84114,4.2742662,2.5875168,0.011333585,0.90562826,0.42392078,0
0.91024542,4.558095,0.1195426,0.3036477,0.40081137,-0.86437738,0
2.3354983,-0.68938363,-1.8130318,0.3036477,0.40081137,-0.86437738,0
-0.26744115,2.9152367,-1.0559598,0.3036477,0.40081137,-0.86437738,0
-4.3838463,-1.6856017,-3.9080269,-0.95271695,0.1385192,-0.27044934,0
-1.3249702,3.1641035,3.3155475,-0.3036477,-0.40081137,0.86437738,0
1.0287247,-4.1940079,-2.8624368,-0.011333585,-0.90562826,-0.42392078,0
5.0250502,1.5209632,0.15671921,0.3036477,0.40081137,-0.86437738,0
0.49004221,4.0568614,3.11482,0.011333585,0.90562826,0.42392078,0
1.4881241,-4.3511748,0.81893098,-0.3036477,-0.40081137,0.86437738,0
-1.96522,4.5255547,2.1791854,0.011333585,0.90562826,0.42392078,0
4.6214032,-1.5662148,1.4056611,0.95271695,-0.1385192,0.27044934,0
4.1686978,-3.0577931,2.2364562,0.95271695,-0.1385192,0.27044934,0
4.5542011,0.91957819,2.9155707,0.95271695,-0.1385192,0.27044934,0
-3.4008055,5.1142988,0.95982432,0.011333585,0.90562826,0.42392078,0
-3.4428723,-2.7872596,-0.18809605,-0.3036477,-0.40081137,0.86437738,0
4.7060175,-4.9693856,-1.3042988,-0.011333585,-0.90562826,-0.42392078,0
-2.2284565,-2.0846114,0.56433487,-0.3036477,-0.40081137,0.86437738,0
0.41439104,2.7074239,3.7148068,-0.3036477,-0.40081137,0.86437738,0
-0.93338203,3.5759408,3.6440775,-0.3036477,-0.40081137,0.86437738,0
-4.4630752,-3.3070967,-4.4594254,-0.95271695,0.1385192,-0.27044934,0
-0.65444469,-1.2461706,-3.1215532,0.3036477,0.40081137,-0.86437738,0
-3.646307,5.7290163,-0.93817627,0.3036477,0.40081137,-0.86437738,0
-2.2264864,-4.9867325,-0.78068542,-0.3036477,-0.40081137,0.86437738,0
3.0555108,-0.018390834,3.378649,-0.3036477,-0.40081137,0.86437738,0
-4.5924282,0.33484507,-2.1384153,-0.95271695,0.1385192,-0.27044934,0
-1.3762624,3.8508825,-1.01162,0.3036477,0.40081137,-0.86437738,0
5.327734,0.90219903,0.18173075,0.95271695,-0.1385192,0.27044934,0
4.2114339,-2.0922952,2.5804179,0.95271695,-0.1385192,0.27044934,0
4.2678862,0.24895608,3.5806987,0.95271695,-0.1385192,0.27044934,0
-4.7486839,-2.8353205,-0.66910124,-0.3036477,-0.40081137,0.86437738,0
2.3829734,-1.8645656,2.2863226,-0.3036477,-0.40081137,0.86437738,0
2.6026638,-3.4283652,1.6383646,-0.3036477,-0.40081137,0.86437738,0
-4.4155784,-2.7107725,-4.3213177,-0.95271695,0.1385192,-0.27044934,0
-3.6301465,0.20833993,1.1351743,-0.3036477,-0.40081137,0.86437738,0
1.7991939,2.7345905,4.2138724,-0.3036477,-0.40081137,0.86437738,0
3.568428,-5.1443381,1.1819328,-0.3036477,-0.40081137,0.86437738,0
-2.0843279,-2.7072771,0.32623577,-0.3036477,-0.40081137,0.86437738,0
4.4446464,-4.4928908,-2.3152542,-0.011333585,-0.90562826,-0.42392078,0
-2.3220429,-3.9428966,-3.3093057,-0.011333585,-0.90562826,-0.42392078,0
-3.9416778,5.7504044,-0.38463807,0.011333585,0.90562826,0.42392078,0
1.4934697,4.9776421,1.1209159,0.011333585,0.90562826,0.42392078,0
-1.8679051,-4.7093496,-1.6840622,-0.011333585,-0.90562826,-0.42392078,0
-5.0565796,-1.2832546,-1.3321018,-0.95271695,0.1385192,-0.27044934,0
-4.4989085,1.5545924,-1.8431275,-0.95271695,0.1385192,-0.27044934,0
2.1470444,2.5249462,4.2388573,-0.3036477,-0.40081137,0.86437738,0
1.2728497,-0.013469517,2.7546988,-0.3036477,-0.40081137,0.86437738,0
4.6254578,-5.0162888,-0.37568653,0.95271695,-0.1385192,0.27044934,0
-1.1347486,1.0320686,-2.233861,0.3036477,0.40081137,-0.86437738,0
5.044951,3.8536432,1.2453728,0.3036477,0.40081137,-0.86437738,0
-4.4028435,-1.1258271,-3.5543997,-0.95271695,0.1385192,-0.27044934,0
-4.5306754,1.0755141,-1.9765973,-0.95271695,0.1385192,-0.27044934,0
5.3515816,4.1795988,1.7763448,0.95271695,-0.1385192,0.27044934,0
0.99604082,-4.8085203,-1.5487701,-0.011333585,-0.90562826,-0.42392078,0
-5.3118005,-1.3118556,-0.44767857,-0.95271695,0.1385192,-0.27044934,0
-3.9364803,-4.7807961,-1.4761262,-0.011333585,-0.90562826,-0.42392078,0
0.0016331673,3.9771092,3.2982526,0.011333585,0.90562826,0.42392078,0
-0.22519541,4.1667056,2.8992796,0.011333585,0.90562826,0.42392078,0
-4.4355516,5.5544157,0.047259808,0.011333585,0.90562826,0.42392078,0
4.3196712,2.5650859,4.5845518,0.95271695,-0.1385192,0.27044934,0
3.503582,-4.7411504,-1.7597343,-0.011333585,-0.90562826,-0.42392078,0
-0.86293209,2.7549033,-1.339497,0.3036477,0.40081137,-0.86437738,0
-0.50803322,0.51889789,-2.2516589,0.3036477,0.40081137,-0.86437738,0
2.4680738,-5.5510406,-0.0018692911,-0.011333585,-0.90562826,-0.42392078,0
0.22988176,5.3740897,0.30776167,0.011333585,0.90562826,0.42392078,0
-0.013538361,-4.4277978,-2.3351226,-0.011333585,-0.90562826,-0.42392078,0
-4.5885463,-2.7688434,-3.7417431,-0.95271695,0.1385192,-0.27044934,0
5.2655649,-4.1734004,-2.1988921,0.95271695,-0.1385192,0.27044934,0
1.4619298,-4.8459454,-1.4812741,-0.011333585,-0.90562826,-0.42392078,0
-4.4492683,3.3967922,-1.0744548,-0.95271695,0.1385192,-0.27044934,0
-1.5582688,-5.1972771,-0.6499722,-0.011333585,-0.90562826,-0.42392078,0
-4.5125513,0.30391645,-2.4356411,-0.95271695,0.1385192,-0.27044934,0
-1.6879745,-2.0516663,-3.8581305,0.3036477,0.40081137,-0.86437738,0
4.6853375,3.09723,3.5689664,0.95271695,-0.1385192,0.27044934,0
-4.9488626,-3.0624747,-2.6228423,-0.95271695,0.1385192,-0.27044934,0
-4.2567191,-1.1985388,-4.1063962,-0.95271695,0.1385192,-0.27044934,0
5.161643,-3.1243205,-1.2954841,0.95271695,-0.1385192,0.27044934,0
3.0343742,3.9365304,3.3038611,0.011333585,0.90562826,0.42392078,0
-2.1536555,4.8297987,1.5342631,0.011333585,0.90562826,0.42392078,0
0.25810242,4.6212301,1.9153516,0.011333585,0.90562826,0.42392078,0
0.71086454,-1.4166226,-2.7209711,0.3036477,0.40081137,-0.86437738,0
4.2407289,-3.7767706,1.6144631,0.95271695,-0.1385192,0.27044934,0
-4.1810179,4.6845407,-1.3598664,-0.95271695,0.1385192,-0.27044934,0
-5.3316007,-3.6622658,-1.2573285,-0.3036477,-0.40081137,0.86437738,0
5.257967,0.35316014,0.14629126,0.95271695,-0.1385192,0.27044934,0
4.9974632,-0.17445183,0.79374075,0.95271695,-0.1385192,0.27044934,0
0.8698957,5.2891569,0.47209239,0.011333585,0.90562826,0.42392078,0
3.6995208,-5.6183176,0.10893285,-0.011333585,-0.90562826,-0.42392078,0
-4.8412857,1.9140379,-0.45292854,-0.95271695,0.1385192,-0.27044934,0
-4.1304593,4.4255486,-1.6706189,-0.95271695,0.1385192,-0.27044934,0
2.8078585,-1.63116,-2.0837972,0.3036477,0.40081137,-0.86437738,0
0.60913181,-0.98594165,-2.5570023,0.3036477,0.40081137,-0.86437738,0
1.961679,1.735711,-0.81983614,0.3036477,0.40081137,-0.86437738,0
0.022871494,-4.8655138,-1.4009959,-0.011333585,-0.90562826,-0.42392078,0
4.0202188,-2.865659,2.3972654,-0.3036477,-0.40081137,0.86437738,0
-0.43911266,4.3759141,2.4580641,0.011333585,0.90562826,0.42392078,0
-0.95481586,3.4338236,3.5706482,-0.3036477,-0.40081137,0.86437738,0
1.4704843,-4.6394453,-1.9226528,-0.011333585,-0.90562826,-0.42392078,0
-4.2874045,-3.1839807,-4.8780432,-0.011333585,-0.90562826,-0.42392078,0
-3.6740198,-0.59535646,0.74708819,-0.3036477,-0.40081137,0.86437738,0
5.2455096,-1.4422526,-0.72940016,0.95271695,-0.1385192,0.27044934,0
0.84370184,4.0551262,3.1090708,0.011333585,0.90562826,0.42392078,0
-4.1235862,5.6694508,-1.0577278,-0.95271695,0.1385192,-0.27044934,0
-2.5320811,-2.5131292,0.25897074,-0.3036477,-0.40081137,0.86437738,0
3.727293,-0.63052356,3.3307941,-0.3036477,-0.40081137,0.86437738,0
-2.2954235,-5.0804811,-0.87977839,-0.011333585,-0.90562826,-0.42392078,0
4.6251392,0.97494829,2.6940358,0.95271695,-0.1385192,0.27044934,0
-4.1973896,5.001667,-1.1397661,-0.95271695,0.1385192,-0.27044934,0
3.5822544,-4.4499545,-2.3839238,-0.011333585,-0.90562826,-0.42392078,0
-1.8385792,3.8736091,3.464119,-0.3036477,-0.40081137,0.86437738,0
-5.1373005,2.954659,1.8791916,-0.3036477,-0.40081137,0.86437738,0
-2.3320761,-5.0045123,-1.0410907,-0.011333585,-0.90562826,-0.42392078,0
-1.5142009,-4.4285169,-2.2934654,-0.011333585,-0.90562826,-0.42392078,0
-4.1489029,-3.9900746,-3.1596761,-0.011333585,-0.90562826,-0.42392078,0
-0.64446068,3.7950106,3.704546,0.011333585,0.90562826,0.42392078,0
-0.02470541,-4.3883443,-2.4191091,-0.011333585,-0.90562826,-0.42392078,0
2.8904741,4.286139,2.5608337,0.011333585,0.90562826,0.42392078,0
5.2806282,3.8382387,1.8514571,0.95271695,-0.1385192,0.27044934,0
5.0735989,2.4537125,1.871634,0.95271695,-0.1385192,0.27044934,0
5.0644155,1.2973015,1.3116918,0.95271695,-0.1385192,0.27044934,0
3.8103867,-4.8624535,-1.5087955,-0.011333585,-0.90562826,-0.42392078,0
3.5077457,-4.5414572,1.4401715,-0.3036477,-0.40081137,0.86437738,0
-1.8372515,-2.1901085,0.65284228,-0.3036477,-0.40081137,0.86437738,0
5.1796713,0.0091729164,0.24592352,0.95271695,-0.1385192,0.27044934,0
3.5991197,-4.8931174,-1.4376386,-0.011333585,-0.90562826,-0.42392078,0
-1.0734948,-2.1691709,0.93085194,-0.3036477,-0.40081137,0.86437738,0
4.2660823,2.6523113,4.8180079,0.95271695,-0.1385192,0.27044934,0
-3.221617,5.556294,0.010791779,0.011333585,0.90562826,0.42392078,0
-4.9952192,0.40591955,-0.68309212,-0.95271695,0.1385192,-0.27044934,0
1.9021912,4.9292159,0.64009285,0.3036477,0.40081137,-0.86437738,0
-1.7410352,5.5292506,0.028981924,0.011333585,0.90562826,0.42392078,0
-3.1970272,-1.6155549,-4.1860218,0.3036477,0.40081137,-0.86437738,0
2.162169,3.4355752,4.397377,0.011333585,0.90562826,0.42392078,0
4.4560161,-2.3807003,1.5711071,0.95271695,-0.1385192,0.27044934,0
4.0000176,2.0838456,0.057642937,0.3036477,0.40081137,-0.86437738,0
-4.7434611,1.1566564,-1.1854517,-0.95271695,0.1385192,-0.27044934,0
1.2510929,4.4236388,0.17693257,0.3036477,0.40081137,-0.86437738,0
-1.2521305,-4.3270698,-2.5171955,-0.011333585,-0.90562826,-0.42392078,0
3.9811816,4.5369549,1.9958529,0.011333585,0.90562826,0.42392078,0
5.2019558,-3.3411589,-1.5485573,0.95271695,-0.1385192,0.27044934,0
2.3347132,-2.4099445,2.0164773,-0.3036477,-0.40081137,0.86437738,0
1.1107855,3.9966288,3.2268991,0.011333585,0.90562826,0.42392078,0
-4.5688424,-2.4427662,-3.6441445,-0.95271695,0.1385192,-0.27044934,0
4.529685,-4.0941339,0.43400502,0.95271695,-0.1385192,0.27044934,0
1.5042453,-4.4799633,-2.2642593,-0.011333585,-0.90562826,-0.42392078,0
-4.0037084,4.8225188,1.5992763,0.011333585,0.90562826,0.42392078,0
-2.3853559,1.547191,-2.4343257,0.3036477,0.40081137,-0.86437738,0
2.5036788,-0.80170321,-1.806034,0.3036477,0.40081137,-0.86437738,0
-0.4066534,-4.8525057,-0.079153776,-0.3036477,-0.40081137,0.86437738,0
-4.9043946,0.067563534,-1.1763425,-0.95271695,0.1385192,-0.27044934,0
4.1467443,-4.0505552,1.8053167,0.95271695,-0.1385192,0.27044934,0
-2.1692967,-4.6121655,-1.8836205,-0.011333585,-0.90562826,-0.42392078,0
-2.4162118,-2.201046,-4.1832204,0.3036477,0.40081137,-0.86437738,0
-4.6756096,4.781785,1.7042601,0.011333585,0.90562826,0.42392078,0
1.1486495,-4.6194649,0.57527053,-0.3036477,-0.40081137,0.86437738,0
-3.9269106,2.5207872,-2.5244038,0.3036477,0.40081137,-0.86437738,0
-0.70420456,0.24973166,2.1822238,-0.3036477,-0.40081137,0.86437738,0
-5.2582569,-3.9761453,-2.0008955,-0.95271695,0.1385192,-0.27044934,0
-3.6044297,-3.3206005,-4.6044407,-0.011333585,-0.90562826,-0.42392078,0
1.7985299,-1.157414,-2.2186892,0.3036477,0.40081137,-0.86437738,0
-1.0075107,-4.5683041,-2.0083826,-0.011333585,-0.90562826,-0.42392078,0
1.1864274,-4.809803,0.50028199,-0.3036477,-0.40081137,0.86437738,0
0.10545397,-5.3276348,-0.41596818,-0.011333585,-0.90562826,-0.42392078,0
2.4760678,-4.9782782,0.87519896,-0.3036477,-0.40081137,0.86437738,0
1.5619702,-5.4795885,-0.13028818,-0.011333585,-0.90562826,-0.42392078,0
-3.2105374,-2.5310109,-4.6152644,0.3036477,0.40081137,-0.86437738,0
-4.815845,-2.5325994,-2.8200321,-0.95271695,0.1385192,-0.27044934,0
-0.0084285736,-3.3340352,-3.8627553,0.3036477,0.40081137,-0.86437738,0
-1.2297683,5.2096658,0.69804686,0.011333585,0.90562826,0.42392078,0
-4.9215732,4.568994,2.1654243,0.011333585,0.90562826,0.42392078,0
4.6349649,-3.9210315,0.1517942,0.95271695,-0.1385192,0.27044934,0
-1.3669372,4.8941197,1.3758191,0.011333585,0.90562826,0.42392078,0
-0.80667257,-4.1672077,-2.8706203,-0.011333585,-0.90562826,-0.42392078,0
-2.4208555,-3.9934988,-0.38840342,-0.3036477,-0.40081137,0.86437738,0
4.6956387,2.293889,3.121223,0.95271695,-0.1385192,0.27044934,0
-2.0850768,2.8849072,2.919066,-0.3036477,-0.40081137,0.86437738,0
4.4377909,2.4153647,4.0917659,0.95271695,-0.1385192,0.27044934,0
4.3424215,-1.9312655,2.2014627,0.95271695,-0.1385192,0.27044934,0
4.8180003,3.0442781,0.79034519,0.3036477,0.40081137,-0.86437738,0
-5.3468447,-3.3913703,-1.3893156,-0.95271695,0.1385192,-0.27044934,0
3.4666071,3.4738731,4.2806864,0.011333585,0.90562826,0.42392078,0
-4.825913,-3.0709965,-3.0603242,-0.95271695,0.1385192,-0.27044934,0
-5.1956139,1.6042719,0.63661504,-0.95271695,0.1385192,-0.27044934,0
-4.9390821,-4.1270685,-2.8458886,-0.011333585,-0.90562826,-0.42392078,0
-5.1314573,3.3429072,1.3011067,-0.95271695,0.1385192,-0.27044934,0
4.4767494,-2.7681303,1.2996354,0.95271695,-0.1385192,0.27044934,0
-0.47572213,2.4334664,-1.3525238,0.3036477,0.40081137,-0.86437738,0
5.0026364,0.39387655,-0.37378407,0.3036477,0.40081137,-0.86437738,0
-2.7109628,5.3447895,-0.78776413,0.3036477,0.40081137,-0.86437738,0
-4.0324516,-2.6963849,-4.980679,0.3036477,0.40081137,-0.86437738,0
-5.1668983,-3.3469341,-2.0004582,-0.95271695,0.1385192,-0.27044934,0
-4.218699,1.9573499,1.7394363,-0.3036477,-0.40081137,0.86437738,0
0.14593554,5.3213902,0.42258787,0.011333585,0.90562826,0.42392078,0
2.0928087,2.8394504,4.3656397,-0.3036477,-0.40081137,0.86437738,0
5.2842178,0.24386048,-0.0021624565,0.95271695,-0.1385192,0.27044934,0
4.9277725,1.3014061,1.7951488,0.95271695,-0.1385192,0.27044934,0
4.2318044,-5.2064257,-0.78522897,-0.011333585,-0.90562826,-0.42392078,0
4.6391053,-3.8201871,0.18885803,0.95271695,-0.1385192,0.27044934,0
0.44240999,2.1268423,-1.172174,0.3036477,0.40081137,-0.86437738,0
-0.11941433,5.1209335,0.85792172,0.011333585,0.90562826,0.42392078,0
-0.94927377,2.5223837,-1.4776473,0.3036477,0.40081137,-0.86437738,0
1.4215486,-1.583232,-2.5485711,0.3036477,0.40081137,-0.86437738,0
0.52202892,-4.3424749,-2.5317173,-0.011333585,-0.90562826,-0.42392078,0
1.2003841,4.686039,1.7517068,0.011333585,0.90562826,0.42392078,0
-3.8942988,-3.5744364,-4.0544171,-0.011333585,-0.90562826,-0.42392078,0
-1.9008629,-4.4859128,-0.43406701,-0.3036477,-0.40081137,0.86437738,0
3.1761122,3.9195712,3.3363011,0.011333585,0.90562826,0.42392078,0
4.9961138,1.5437055,1.678503,0.95271695,-0.1385192,0.27044934,0
-5.0622845,3.3399932,2.0842235,-0.3036477,-0.40081137,0.86437738,0
-4.2965975,4.9357376,-0.82405281,-0.95271695,0.1385192,-0.27044934,0
-3.474165,4.3103147,2.6793485,0.011333585,0.90562826,0.42392078,0
3.8002717,-5.4622498,-0.22717083,-0.011333585,-0.90562826,-0.42392078,0
0.8684454,-4.468091,-2.272624,-0.011333585,-0.90562826,-0.42392078,0
-5.0350356,1.4030852,-0.03210187,-0.95271695,0.1385192,-0.27044934,0
5.2046661,-3.7573051,-2.2277131,0.3036477,0.40081137,-0.86437738,0
3.8883548,3.7995675,3.5736246,0.011333585,0.90562826,0.42392078,0
-1.7073469,-4.2969198,-2.5694339,-0.011333585,-0.90562826,-0.42392078,0
1.0476799,-4.6165681,-1.960222,-0.011333585,-0.90562826,-0.42392078,0
5.0926785,4.0655303,2.6299658,0.95271695,-0.1385192,0.27044934,0
5.0971661,-4.4344993,-1.7393988,0.95271695,-0.1385192,0.27044934,0
3.2916422,-0.14785296,3.4015682,-0.3036477,-0.40081137,0.86437738,0
-3.4397905,3.2754438,2.624259,-0.3036477,-0.40081137,0.86437738,0
2.8801737,3.9663579,3.2442629,0.011333585,0.90562826,0.42392078,0
-3.1962132,4.6013827,2.0501046,0.011333585,0.90562826,0.42392078,0
-3.077419,-0.77354223,-3.7535639,0.3036477,0.40081137,-0.86437738,0
0.82202816,2.9592328,-0.65283859,0.3036477,0.40081137,-0.86437738,0
-4.986598,4.6458101,2.0030584,0.011333585,0.90562826,0.42392078,0
4.7867332,-4.1182389,-0.48385191,0.95271695,-0.1385192,0.27044934,0
-4.6553421,2.677434,-0.71695876,-0.95271695,0.1385192,-0.27044934,0
4.7857857,-2.677547,0.25738192,0.95271695,-0.1385192,0.27044934,0
3.3057318,3.1150768,4.9195356,-0.3036477,-0.40081137,0.86437738,0
-4.7390542,5.1663251,0.88445723,0.011333585,0.90562826,0.42392078,0
-1.4495542,-3.9416392,-0.023147106,-0.3036477,-0.40081137,0.86437738,0
2.3917799,-2.5021396,-2.6338344,0.3036477,0.40081137,-0.86437738,0
4.7191901,3.0180373,3.4091539,0.95271695,-0.1385192,0.27044934,0
1.5613866,3.9635904,3.2854326,0.011333585,0.90562826,0.42392078,0
-4.3486967,1.6934673,-2.3011529,-0.95271695,0.1385192,-0.27044934,0
2.5958099,-4.1664953,-2.9631081,-0.011333585,-0.90562826,-0.42392078,0
-5.1403155,4.3962746,2.5402555,0.011333585,0.90562826,0.42392078,0
2.8991377,-2.3308034,-2.3761561,0.3036477,0.40081137,-0.86437738,0
2.3567841,4.0765071,3.0229423,0.011333585,0.90562826,0.42392078,0
-3.3600209,-4.642046,-1.0190544,-0.3036477,-0.40081137,0.86437738,0
-4.6672583,-2.0127425,-0.25906801,-0.3036477,-0.40081137,0.86437738,0
4.5600219,2.6139901,0.5001955,0.3036477,0.40081137,-0.86437738,0
5.1596804,-4.4634962,-2.3971672,-0.011333585,-0.90562826,-0.42392078,0
-1.6472197,-3.7558253,-3.7269902,-0.011333585,-0.90562826,-0.42392078,0
5.0971713,2.7295544,1.9298768,0.95271695,-0.1385192,0.27044934,0
2.158216,0.20255947,-1.4617159,0.3036477,0.40081137,-0.86437738,0
-4.560472,1.2065003,-1.804543,-0.95271695,0.1385192,-0.27044934,0
0.37620497,5.3243518,0.41010547,0.011333585,0.90562826,0.42392078,0
-4.2137556,5.7480497,-0.69982827,-0.95271695,0.1385192,-0.27044934,0
-4.3604798,-2.8648632,-4.594337,-0.95271695,0.1385192,-0.27044934,0
4.8066587,-4.2454991,-0.61922216,0.95271695,-0.1385192,0.27044934,0
2.3742094,0.87620771,3.5541387,-0.3036477,-0.40081137,0.86437738,0
3.2249267,2.0487845,-0.23089695,0.3036477,0.40081137,-0.86437738,0
1.1483438,4.8995423,1.2969892,0.011333585,0.90562826,0.42392078,0
2.8593535,-3.6794629,-3.0155046,0.3036477,0.40081137,-0.86437738,0
4.4484978,-5.1576638,0.17528367,0.95271695,-0.1385192,0.27044934,0
5.0538168,-1.8798221,-0.27823544,0.95271695,-0.1385192,0.27044934,0
1.582593,-0.35859483,2.703474,-0.3036477,-0.40081137,0.86437738,0
5.0130739,-3.92658,-1.1830215,0.95271695,-0.1385192,0.27044934,0
5.0503016,2.9466958,2.206202,0.95271695,-0.1385192,0.27044934,0
-4.6429572,0.10068882,-2.0803468,-0.95271695,0.1385192,-0.27044934,0
5.2625065,3.4307244,1.7065735,0.95271695,-0.1385192,0.27044934,0
-3.5180731,-0.8267417,0.69457793,-0.3036477,-0.40081137,0.86437738,0
4.0347748,-5.7988462,1.0422612,-0.3036477,-0.40081137,0.86437738,0
