2.0480301,-2.4285555,1.2647078,0.23879623,-0.94482172,-0.22425154,0
-2.2817044,1.8688769,-2.6098289,-0.39962843,0.11485407,-0.90945351,0
-3.2408237,2.0711355,-1.0289768,-0.23879623,0.94482172,0.22425154,0
-1.2725692,1.465923,-3.1041477,-0.39962843,0.11485407,-0.90945351,0
2.9318173,2.9215581,1.4023862,0.88502765,0.30679137,-0.35015079,0
0.063537836,-0.86491823,3.7113156,0.39962843,-0.11485407,0.90945351,0
-0.3250494,2.8554416,-1.2285429,-0.23879623,0.94482172,0.22425154,0
0.34813631,-2.2639947,3.4095705,0.39962843,-0.11485407,0.90945351,0
1.2388068,-1.3278253,-4.234621,0.23879623,-0.94482172,-0.22425154,0
4.483449,-1.4115944,1.7000972,0.39962843,-0.11485407,0.90945351,0
-1.2729526,-0.30310905,4.3695412,0.39962843,-0.11485407,0.90945351,0
-1.3661716,-2.0252182,3.340225,-0.88502765,-0.30679137,0.35015079,0
-1.9167447,1.547543,2.5869932,-0.23879623,0.94482172,0.22425154,0
-1.353677,0.53012037,4.5102406,0.39962843,-0.11485407,0.90945351,0
1.9074423,0.36755383,-3.4245238,0.88502765,0.30679137,-0.35015079,0
1.4915229,-2.7780855,2.1447544,0.23879623,-0.94482172,-0.22425154,0
1.1142409,3.4170609,-2.06213,-0.23879623,0.94482172,0.22425154,0
-4.1943989,0.068948627,-1.9734465,-0.88502765,-0.30679137,0.35015079,0
1.4025717,-1.4461491,-3.5617104,0.23879623,-0.94482172,-0.22425154,0
1.4472177,2.1184337,-3.0537028,0.88502765,0.30679137,-0.35015079,0
-4.2972383,1.5676134,-0.92029583,-0.88502765,-0.30679137,0.35015079,0
-1.7667742,-1.5916588,2.7075474,-0.88502765,-0.30679137,0.35015079,0
2.0005217,-2.1089308,-0.13253117,0.23879623,-0.94482172,-0.22425154,0
1.3842561,2.9293497,0.28023449,-0.23879623,0.94482172,0.22425154,0
-3.5886035,0.13124287,-0.38768148,-0.88502765,-0.30679137,0.35015079,0
-2.1050656,-0.12187529,3.1402757,-0.88502765,-0.30679137,0.35015079,0
-2.2899351,-1.6045157,-3.0448637,-0.39962843,0.11485407,-0.90945351,0
1.1662233,1.0302905,3.4661222,0.39962843,-0.11485407,0.90945351,0
1.6851864,3.3696966,-1.3559055,0.88502765,0.30679137,-0.35015079,0
-2.0898764,-1.4063647,2.0532367,-0.88502765,-0.30679137,0.35015079,0
2.7035606,2.8875966,0.79569602,0.88502765,0.30679137,-0.35015079,0
-3.3421774,0.72867095,-2.2878361,-0.39962843,0.11485407,-0.90945351,0
-2.3633947,-0.94221437,1.7685771,-0.88502765,-0.30679137,0.35015079,0
3.8367467,-0.9559691,0.29228032,0.88502765,0.30679137,-0.35015079,0
-0.9290157,2.9672594,-2.3427942,-0.23879623,0.94482172,0.22425154,0
1.7151444,3.3619347,-1.2869849,0.88502765,0.30679137,-0.35015079,0
-2.0355337,2.5415184,-1.72734,-0.23879623,0.94482172,0.22425154,0
1.5311021,-2.2071841,-0.21843469,0.23879623,-0.94482172,-0.22425154,0
0.40878534,0.51582885,-3.9629481,-0.39962843,0.11485407,-0.90945351,0
0.450032,3.3038552,-2.2924578,-0.23879623,0.94482172,0.22425154,0
2.4952219,1.4094431,2.930022,0.39962843,-0.11485407,0.90945351,0
-1.6261344,2.6679442,-2.7969832,-0.39962843,0.11485407,-0.90945351,0
-0.12467682,2.4734807,0.59411258,-0.23879623,0.94482172,0.22425154,0
2.6805379,-1.4274223,-2.279758,0.23879623,-0.94482172,-0.22425154,0
1.4775422,2.6752715,1.4500607,-0.23879623,0.94482172,0.22425154,0
-1.9583577,-0.9902066,-3.1129837,-0.39962843,0.11485407,-0.90945351,0
-3.1433382,1.82933,0.09361577,-0.23879623,0.94482172,0.22425154,0
3.6560388,-1.2236466,-0.39900112,0.88502765,0.30679137,-0.35015079,0
2.1202149,2.667181,2.1685014,-0.23879623,0.94482172,0.22425154,0
0.39627218,-3.3005927,3.1799059,0.23879623,-0.94482172,-0.22425154,0
0.82634449,3.3506866,-2.0890493,-0.23879623,0.94482172,0.22425154,0
3.7989178,-0.39719546,2.128999,0.39962843,-0.11485407,0.90945351,0
0.033694208,-1.8258348,-3.4196711,0.23879623,-0.94482172,-0.22425154,0
-3.9184353,0.3024472,-1.0713493,-0.88502765,-0.30679137,0.35015079,0
-2.4543273,-3.1308329,-0.37885904,-0.88502765,-0.30679137,0.35015079,0
-0.62383223,1.3638682,4.2948284,0.39962843,-0.11485407,0.90945351,0
-1.0354631,-3.2696602,3.0857685,-0.88502765,-0.30679137,0.35015079,0
-2.1147549,0.21782041,3.413415,-0.88502765,-0.30679137,0.35015079,0
3.0503914,2.7455859,2.8286719,-0.23879623,0.94482172,0.22425154,0
1.5114762,-1.8657174,2.9486785,0.39962843,-0.11485407,0.90945351,0
0.70886755,-0.80631375,-4.2617812,-0.39962843,0.11485407,-0.90945351,0
3.068841,2.8141403,2.5594811,-0.23879623,0.94482172,0.22425154,0
2.7873139,-1.1385415,-2.5201893,0.88502765,0.30679137,-0.35015079,0
2.9659953,1.2723167,0.043757915,0.88502765,0.30679137,-0.35015079,0
2.5041909,-1.9590516,-0.22766995,0.23879623,-0.94482172,-0.22425154,0
-2.5672987,-2.1047668,0.23460567,-0.88502765,-0.30679137,0.35015079,0
2.589793,-1.4024491,-2.4816051,0.23879623,-0.94482172,-0.22425154,0
-2.3536067,-1.5671942,1.2457285,-0.88502765,-0.30679137,0.35015079,0
-3.3052874,-0.91626805,-2.5117841,-0.39962843,0.11485407,-0.90945351,0
-4.1602287,1.6730132,-0.48164833,-0.88502765,-0.30679137,0.35015079,0
1.0535049,3.1817579,-1.1354216,-0.23879623,0.94482172,0.22425154,0
-0.5493468,2.5324721,-0.10664725,-0.23879623,0.94482172,0.22425154,0
1.5888147,0.30860451,3.1892877,0.39962843,-0.11485407,0.90945351,0
1.2872636,-2.6083972,1.2123138,0.23879623,-0.94482172,-0.22425154,0
0.79239345,-3.1364484,3.1041756,0.39962843,-0.11485407,0.90945351,0
3.1286225,1.6732678,0.80610883,0.88502765,0.30679137,-0.35015079,0
-1.3488076,-3.0016179,2.5286217,-0.88502765,-0.30679137,0.35015079,0
1.0499458,-2.0784619,-1.2731335,0.23879623,-0.94482172,-0.22425154,0
-0.89362001,-2.5532041,-1.3425618,0.23879623,-0.94482172,-0.22425154,0
-2.5675104,-3.0813665,-0.62159669,-0.88502765,-0.30679137,0.35015079,0
-3.3233395,1.0962312,1.1282812,-0.88502765,-0.30679137,0.35015079,0
1.412993,-0.59731889,-4.5447912,-0.39962843,0.11485407,-0.90945351,0
-2.5176706,-3.1227872,-0.67216599,0.23879623,-0.94482172,-0.22425154,0
2.9815283,-1.5715532,2.3398638,0.39962843,-0.11485407,0.90945351,0
-2.8282781,0.37114644,1.7442815,-0.88502765,-0.30679137,0.35015079,0
-1.2987895,-2.6311526,2.9796352,-0.88502765,-0.30679137,0.35015079,0
-2.7248616,-1.3191729,-2.8177147,-0.39962843,0.11485407,-0.90945351,0
-4.1205311,1.0043118,-0.96720481,-0.88502765,-0.30679137,0.35015079,0
3.7813356,-1.8020852,0.47097468,0.23879623,-0.94482172,-0.22425154,0
-1.7189424,-1.6050071,2.8167503,-0.88502765,-0.30679137,0.35015079,0
2.90996,-1.8186653,2.3401046,0.39962843,-0.11485407,0.90945351,0
2.5231256,-2.4651721,1.9248902,0.23879623,-0.94482172,-0.22425154,0
-0.043954134,-3.3405225,2.8793612,0.23879623,-0.94482172,-0.22425154,0
-1.2889491,-2.4899306,-2.0301168,0.23879623,-0.94482172,-0.22425154,0
1.2952391,-1.9782388,-1.4341915,0.23879623,-0.94482172,-0.22425154,0
-1.2974319,0.093839288,4.430428,0.39962843,-0.11485407,0.90945351,0
-4.1947484,0.31178582,-1.761566,-0.88502765,-0.30679137,0.35015079,0
-1.7509851,1.9068273,-2.8382428,-0.39962843,0.11485407,-0.90945351,0
3.2229643,1.5394782,2.6266627,0.39962843,-0.11485407,0.90945351,0
4.0990858,-1.7512527,0.59516478,0.23879623,-0.94482172,-0.22425154,0
-0.34622729,3.0867989,-2.2258554,-0.23879623,0.94482172,0.22425154,0
-1.7523599,-3.18817,0.41825423,0.23879623,-0.94482172,-0.22425154,0
-3.0541582,-0.86116475,0.093642712,-0.88502765,-0.30679137,0.35015079,0
-0.1261737,-1.8161755,-3.6306038,0.23879623,-0.94482172,-0.22425154,0
3.2650051,0.87538445,2.5243213,0.39962843,-0.11485407,0.90945351,0
-0.56997848,2.6863661,-0.77700424,-0.23879623,0.94482172,0.22425154,0
-1.4303609,-0.33953467,-3.2628212,-0.39962843,0.11485407,-0.90945351,0
-1.1867617,2.8008776,-1.9162542,-0.23879623,0.94482172,0.22425154,0
-3.4821022,-0.35282612,-0.5426203,-0.88502765,-0.30679137,0.35015079,0
0.12253475,3.0440016,-1.5463743,-0.23879623,0.94482172,0.22425154,0
-0.39159203,-1.122681,3.8787544,0.39962843,-0.11485407,0.90945351,0
2.348953,1.7763436,-1.0742408,0.88502765,0.30679137,-0.35015079,0
0.64684141,-3.1926899,2.9921079,0.23879623,-0.94482172,-0.22425154,0
-3.4909339,1.1309543,0.73509824,-0.88502765,-0.30679137,0.35015079,0
-2.1132734,0.16145322,-2.8994691,-0.39962843,0.11485407,-0.90945351,0
-0.019634532,1.8527615,3.3211954,-0.23879623,0.94482172,0.22425154,0
-1.1235862,-2.8483539,-0.3439109,0.23879623,-0.94482172,-0.22425154,0
4.215229,-1.7426388,0.6825484,0.23879623,-0.94482172,-0.22425154,0
-3.3749475,-0.30336237,-0.22844219,-0.88502765,-0.30679137,0.35015079,0
2.1709588,3.0273821,-0.42801213,0.88502765,0.30679137,-0.35015079,0
-1.7531657,0.99749249,-2.9521236,-0.39962843,0.11485407,-0.90945351,0
2.7665765,2.3769085,0.50752443,0.88502765,0.30679137,-0.35015079,0
0.30569696,2.8038557,-0.33954409,-0.23879623,0.94482172,0.22425154,0
-2.0192335,1.8443332,1.2274162,-0.23879623,0.94482172,0.22425154,0
-0.80727303,2.4146404,-3.1887934,-0.39962843,0.11485407,-0.90945351,0
3.1780462,-1.0705266,2.3167853,0.39962843,-0.11485407,0.90945351,0
0.95064622,-2.3130145,-0.39065096,0.23879623,-0.94482172,-0.22425154,0
0.43377411,2.6330914,0.51630813,-0.23879623,0.94482172,0.22425154,0
2.6923881,-2.4427667,2.0107319,0.23879623,-0.94482172,-0.22425154,0
1.3863845,0.86793375,-4.3031116,0.88502765,0.30679137,-0.35015079,0
2.294328,2.7701497,-0.34156629,0.88502765,0.30679137,-0.35015079,0
2.7732215,2.519851,0.64956319,0.88502765,0.30679137,-0.35015079,0
-1.1344986,-1.8754711,4.0569963,-0.88502765,-0.30679137,0.35015079,0
3.538343,-1.8182707,0.28041399,0.23879623,-0.94482172,-0.22425154,0
-3.3177254,-2.6322494,-2.1243067,-0.88502765,-0.30679137,0.35015079,0
1.8295684,2.1230171,-2.0832729,0.88502765,0.30679137,-0.35015079,0
3.396066,0.59775627,0.5397588,0.88502765,0.30679137,-0.35015079,0
-4.162262,0.79058814,-1.2599416,-0.88502765,-0.30679137,0.35015079,0
-2.8064284,0.26945925,-2.5812459,-0.39962843,0.11485407,-0.90945351,0
0.44309154,1.7020681,3.868716,0.39962843,-0.11485407,0.90945351,0
-1.2545164,0.59242415,4.4745359,0.39962843,-0.11485407,0.90945351,0
-1.9130459,2.3411007,-0.75250089,-0.23879623,0.94482172,0.22425154,0
1.6690416,-0.45035911,-4.6387439,-0.39962843,0.11485407,-0.90945351,0
4.3259583,-0.96622539,1.5198047,0.88502765,0.30679137,-0.35015079,0
3.72909,-1.62112,2.0051136,0.39962843,-0.11485407,0.90945351,0
-2.1821778,2.3905249,-1.2473247,-0.23879623,0.94482172,0.22425154,0
-1.9197809,1.5502443,2.5723791,-0.23879623,0.94482172,0.22425154,0
3.9414964,0.013239503,1.406231,0.88502765,0.30679137,-0.35015079,0
-1.6904621,-3.1250257,1.5569434,-0.88502765,-0.30679137,0.35015079,0
1.5574403,2.4964056,-2.4439416,0.88502765,0.30679137,-0.35015079,0
1.0273299,1.2865144,3.5595126,0.39962843,-0.11485407,0.90945351,0
2.3484218,-2.2247365,0.72584879,0.23879623,-0.94482172,-0.22425154,0
-1.5025055,-2.6990213,2.4052658,-0.88502765,-0.30679137,0.35015079,0
2.3361592,-0.54985523,2.7524788,0.39962843,-0.11485407,0.90945351,0
-1.7799876,-0.97293693,-3.1891813,-0.39962843,0.11485407,-0.90945351,0
-1.33884,-0.67649353,4.3513389,0.39962843,-0.11485407,0.90945351,0
-2.4985745,1.4451711,-2.5680423,-0.39962843,0.11485407,-0.90945351,0
1.3620765,-0.41583228,-4.4994979,-0.39962843,0.11485407,-0.90945351,0
1.4396652,-1.854104,2.9816999,0.39962843,-0.11485407,0.90945351,0
-0.72996491,-1.9231148,-3.770575,-0.39962843,0.11485407,-0.90945351,0
-1.102237,0.56611061,-3.2926309,-0.39962843,0.11485407,-0.90945351,0
-1.1730814,-1.0497444,-3.4655654,-0.39962843,0.11485407,-0.90945351,0
-3.1682353,-0.8698656,-2.5661464,-0.39962843,0.11485407,-0.90945351,0
3.4658806,2.5602121,2.435662,0.88502765,0.30679137,-0.35015079,0
2.6240244,2.0542212,-0.13551438,0.88502765,0.30679137,-0.35015079,0
2.6627769,1.7573225,-0.29769748,0.88502765,0.30679137,-0.35015079,0
0.82153589,0.7888155,3.5870876,0.39962843,-0.11485407,0.90945351,0
1.2168553,0.62904966,3.3932016,0.39962843,-0.11485407,0.90945351,0
-1.8942299,-0.40484381,3.4252472,-0.88502765,-0.30679137,0.35015079,0
-1.6616087,-2.8425343,-0.94134915,0.23879623,-0.94482172,-0.22425154,0
0.98843247,-2.7069652,1.309387,0.23879623,-0.94482172,-0.22425154,0
-3.2884061,-0.51434124,-0.19455636,-0.88502765,-0.30679137,0.35015079,0
-4.0985088,1.2749679,-0.67440116,-0.88502765,-0.30679137,0.35015079,0
1.9108284,1.0935225,-2.7798941,0.88502765,0.30679137,-0.35015079,0
2.6004741,0.86137992,-1.2401683,0.88502765,0.30679137,-0.35015079,0
-2.1457732,-0.044543624,3.1051397,-0.88502765,-0.30679137,0.35015079,0
0.73051268,-2.0133171,-1.8877547,0.23879623,-0.94482172,-0.22425154,0
0.57496941,-2.3103371,3.304044,0.39962843,-0.11485407,0.90945351,0
-1.2127242,0.50003815,4.4445047,0.39962843,-0.11485407,0.90945351,0
-0.84258533,-3.1263118,3.6988769,-0.88502765,-0.30679137,0.35015079,0
-0.41918063,-1.3033627,3.8680589,0.39962843,-0.11485407,0.90945351,0
-0.99461693,3.1025736,-3.0195932,-0.39962843,0.11485407,-0.90945351,0
-0.89248705,-2.1604483,-2.9961219,0.23879623,-0.94482172,-0.22425154,0
-2.4213603,-0.77214098,1.7710795,-0.88502765,-0.30679137,0.35015079,0
1.3657115,2.1377678,-3.2427735,0.88502765,0.30679137,-0.35015079,0
-1.1019201,-2.752775,-0.72353673,0.23879623,-0.94482172,-0.22425154,0
3.7776763,-0.71628428,0.35298204,0.88502765,0.30679137,-0.35015079,0
0.89403033,1.1997375,-4.0898023,-0.39962843,0.11485407,-0.90945351,0
2.5564766,0.40838122,-1.7482781,0.88502765,0.30679137,-0.35015079,0
0.89642501,2.2419724,-3.9592316,-0.39962843,0.11485407,-0.90945351,0
-3.3326812,-1.8222058,-1.4523749,-0.88502765,-0.30679137,0.35015079,0
1.8231556,-1.8710136,-1.3237977,0.23879623,-0.94482172,-0.22425154,0
3.2584865,2.6572652,2.7522178,0.39962843,-0.11485407,0.90945351,0
-1.258991,-1.2250708,4.2469726,0.39962843,-0.11485407,0.90945351,0
0.65315986,-0.36438465,-4.1814914,-0.39962843,0.11485407,-0.90945351,0
3.1894348,-0.69439197,-1.1146541,0.88502765,0.30679137,-0.35015079,0
1.3923666,-1.8178029,-2.0067186,0.23879623,-0.94482172,-0.22425154,0
1.6293449,3.2815416,-0.94264299,-0.23879623,0.94482172,0.22425154,0
1.5106132,0.72748506,-4.1121712,0.88502765,0.30679137,-0.35015079,0
-1.1229239,2.7473845,-3.0080695,-0.39962843,0.11485407,-0.90945351,0
4.0876522,-1.0751398,1.916507,0.39962843,-0.11485407,0.90945351,0
-1.0238976,2.7827663,-3.0471151,-0.39962843,0.11485407,-0.90945351,0
-3.6382573,-1.0742124,-1.5693679,-0.88502765,-0.30679137,0.35015079,0
2.0957892,-0.9496572,-4.1025648,0.88502765,0.30679137,-0.35015079,0
2.5568113,-0.9440155,-2.9323606,0.88502765,0.30679137,-0.35015079,0
3.4757428,2.3012166,2.6117868,0.39962843,-0.11485407,0.90945351,0
-1.5386289,0.94707626,-3.0527616,-0.39962843,0.11485407,-0.90945351,0
-0.96103477,-2.7626052,-0.53209651,0.23879623,-0.94482172,-0.22425154,0
-1.9631686,2.5675318,-2.6615663,-0.39962843,0.11485407,-0.90945351,0
-2.7643502,-1.6165768,0.1642819,-0.88502765,-0.30679137,0.35015079,0
1.2604783,3.0876644,-0.51858652,-0.23879623,0.94482172,0.22425154,0
0.48176718,-2.1833458,3.3610361,0.39962843,-0.11485407,0.90945351,0
-0.38701308,-0.42732295,3.9645586,0.39962843,-0.11485407,0.90945351,0
-3.7782719,0.35809815,-2.1430082,-0.39962843,0.11485407,-0.90945351,0
-0.010251522,-2.1823649,-1.9643271,0.23879623,-0.94482172,-0.22425154,0
-0.80546951,-0.14914203,4.1835661,0.39962843,-0.11485407,0.90945351,0
0.21265721,-2.3671355,3.4560766,0.39962843,-0.11485407,0.90945351,0
0.99884081,0.95349729,-4.166955,-0.39962843,0.11485407,-0.90945351,0
1.7116072,0.11023486,-4.1449637,0.88502765,0.30679137,-0.35015079,0
1.3658019,-2.4919124,0.80516714,0.23879623,-0.94482172,-0.22425154,0
1.6485276,2.5207276,2.2832625,-0.23879623,0.94482172,0.22425154,0
-2.2776837,1.6266966,1.8691523,-0.23879623,0.94482172,0.22425154,0
1.1450683,0.04227069,3.350642,0.39962843,-0.11485407,0.90945351,0
1.8775525,2.0502679,-2.0257297,0.88502765,0.30679137,-0.35015079,0
3.1177454,2.2596772,1.2924097,0.88502765,0.30679137,-0.35015079,0
2.5939274,-0.90947759,2.5937951,0.39962843,-0.11485407,0.90945351,0
0.087285876,-2.486896,-0.57740641,0.23879623,-0.94482172,-0.22425154,0
2.867995,-0.054536104,2.5813351,0.39962843,-0.11485407,0.90945351,0
1.0308231,-1.8184812,-2.3888514,0.23879623,-0.94482172,-0.22425154,0
3.2542083,1.1289103,0.64658582,0.88502765,0.30679137,-0.35015079,0
1.786402,-0.64683938,-4.6192412,0.88502765,0.30679137,-0.35015079,0
4.1443319,-1.1297746,0.91743708,0.88502765,0.30679137,-0.35015079,0
2.5041251,0.47897094,-1.8187522,0.88502765,0.30679137,-0.35015079,0
-2.4201174,-0.93807817,-2.9034958,-0.39962843,0.11485407,-0.90945351,0
0.57491994,-0.74217343,-4.1948223,-0.39962843,0.11485407,-0.90945351,0
-1.4430356,0.30283213,4.520802,0.39962843,-0.11485407,0.90945351,0
4.26863,-0.70030141,1.8843206,0.39962843,-0.11485407,0.90945351,0
4.4496155,-1.2317548,1.5997083,0.88502765,0.30679137,-0.35015079,0
1.1315814,-1.7929089,-2.3893015,0.23879623,-0.94482172,-0.22425154,0
0.28202724,-1.7996812,3.4972577,0.39962843,-0.11485407,0.90945351,0
-0.84284353,-1.7514496,3.9976349,0.39962843,-0.11485407,0.90945351,0
-4.0184793,-0.41203177,-2.1347165,-0.39962843,0.11485407,-0.90945351,0
-2.5089214,2.1116877,-2.479322,-0.39962843,0.11485407,-0.90945351,0
3.7417505,-0.014103413,0.87740457,0.88502765,0.30679137,-0.35015079,0
-4.4853382,1.7151077,-1.6609368,-0.39962843,0.11485407,-0.90945351,0
1.2089168,-1.2496288,-4.5374966,-0.39962843,0.11485407,-0.90945351,0
-4.3154826,1.935931,-1.603688,-0.23879623,0.94482172,0.22425154,0
-1.8852835,0.0064172745,3.8081927,-0.88502765,-0.30679137,0.35015079,0
3.3257775,1.9494512,2.6332598,0.39962843,-0.11485407,0.90945351,0
2.3642261,2.6314099,2.5790505,-0.23879623,0.94482172,0.22425154,0
3.1310651,2.8763976,1.8664293,0.88502765,0.30679137,-0.35015079,0
-1.6507257,1.3524368,3.6922925,-0.23879623,0.94482172,0.22425154,0
2.7582822,0.31388783,-1.3209956,0.88502765,0.30679137,-0.35015079,0
-3.2952712,1.6830678,-2.1879172,-0.39962843,0.11485407,-0.90945351,0
-1.0798024,-2.233285,-2.8887095,0.23879623,-0.94482172,-0.22425154,0
-0.28129661,2.9672961,-1.6532211,-0.23879623,0.94482172,0.22425154,0
2.8417902,1.8223524,2.8298805,0.39962843,-0.11485407,0.90945351,0
-0.11960566,-0.42678577,3.8471231,0.39962843,-0.11485407,0.90945351,0
1.2594545,-2.0717838,-1.0781722,0.23879623,-0.94482172,-0.22425154,0
0.17214286,0.26293874,-3.8909009,-0.39962843,0.11485407,-0.90945351,0
-1.8532264,-2.498616,1.6943877,-0.88502765,-0.30679137,0.35015079,0
-3.9606318,-0.71806395,-2.1987844,-0.39962843,0.11485407,-0.90945351,0
-3.3690145,-1.4128759,-1.185567,-0.88502765,-0.30679137,0.35015079,0
2.2875717,-2.5726542,2.1269069,0.23879623,-0.94482172,-0.22425154,0
2.2152791,3.2150526,-0.15155786,0.88502765,0.30679137,-0.35015079,0
-1.530576,-1.8046631,3.1179254,-0.88502765,-0.30679137,0.35015079,0
-0.65971422,3.226964,-3.1502194,-0.23879623,0.94482172,0.22425154,0
3.8503747,-1.0983026,0.20201826,0.88502765,0.30679137,-0.35015079,0
0.051148385,-1.8796136,-3.1745028,0.23879623,-0.94482172,-0.22425154,0
3.3682144,1.0235902,2.4976864,0.39962843,-0.11485407,0.90945351,0
-2.6905649,2.2339399,-1.1289581,-0.23879623,0.94482172,0.22425154,0
1.3467758,2.562603,-2.9184084,0.88502765,0.30679137,-0.35015079,0
1.4111691,-2.0157762,2.9738045,0.39962843,-0.11485407,0.90945351,0
0.34627894,-1.9756904,-2.4554374,0.23879623,-0.94482172,-0.22425154,0
-1.0078604,1.8824053,-3.1678677,-0.39962843,0.11485407,-0.90945351,0
-1.7161684,-0.87534183,3.4630716,-0.88502765,-0.30679137,0.35015079,0
-1.5913651,-2.437387,-2.5735259,0.23879623,-0.94482172,-0.22425154,0
2.6275342,2.5980277,3.0000825,-0.23879623,0.94482172,0.22425154,0
2.960099,-1.3663371,-2.2394309,0.23879623,-0.94482172,-0.22425154,0
2.3709612,-0.049826145,2.8003342,0.39962843,-0.11485407,0.90945351,0
1.0550108,-1.695682,-2.880476,0.23879623,-0.94482172,-0.22425154,0
-2.7459188,1.7505398,0.84877056,-0.23879623,0.94482172,0.22425154,0
1.7800889,-1.0304184,-4.7607946,-0.39962843,0.11485407,-0.90945351,0
-0.0078547001,2.7438247,-0.4205083,-0.23879623,0.94482172,0.22425154,0
3.5339589,0.18806934,0.52933729,0.88502765,0.30679137,-0.35015079,0
-1.4260848,1.9566813,-2.9747133,-0.39962843,0.11485407,-0.90945351,0
2.5996709,2.7522831,2.3205018,-0.23879623,0.94482172,0.22425154,0
-3.4427171,1.9572148,-2.0885053,-0.39962843,0.11485407,-0.90945351,0
1.1008289,2.5737047,-3.5303266,0.88502765,0.30679137,-0.35015079,0
2.6541615,-0.32622409,-2.1450124,0.88502765,0.30679137,-0.35015079,0
3.2888901,-0.13826454,-0.37601233,0.88502765,0.30679137,-0.35015079,0
-0.86491013,-2.8798807,0.064372972,0.23879623,-0.94482172,-0.22425154,0
2.1251717,3.2071333,-0.38624853,0.88502765,0.30679137,-0.35015079,0
4.148685,-1.2719009,1.8648398,0.39962843,-0.11485407,0.90945351,0
2.1833854,0.053224802,2.8957725,0.39962843,-0.11485407,0.90945351,0
-1.4119711,1.3682106,3.8800745,-0.23879623,0.94482172,0.22425154,0
-0.66198468,3.1632893,-3.1580894,-0.39962843,0.11485407,-0.90945351,0
-1.1077082,1.6562181,2.9906321,-0.23879623,0.94482172,0.22425154,0
-0.61537671,3.2022471,-2.9988687,-0.23879623,0.94482172,0.22425154,0
3.6174302,-1.2118726,2.1058621,0.39962843,-0.11485407,0.90945351,0
1.15488,-0.52444637,3.2747602,0.39962843,-0.11485407,0.90945351,0
1.647656,2.7095363,-2.0291767,0.88502765,0.30679137,-0.35015079,0
2.7907622,1.1145408,2.7629139,0.39962843,-0.11485407,0.90945351,0
2.715167,0.77022177,2.7526481,0.39962843,-0.11485407,0.90945351,0
0.37991095,-2.8007059,1.0563476,0.23879623,-0.94482172,-0.22425154,0
-2.0491936,-2.6029096,1.1076894,-0.88502765,-0.30679137,0.35015079,0
2.9008396,-2.1331995,0.92843044,0.23879623,-0.94482172,-0.22425154,0
-2.4095514,-1.1274936,1.4895778,-0.88502765,-0.30679137,0.35015079,0
-0.5413959,-3.3357663,2.3296161,0.23879623,-0.94482172,-0.22425154,0
0.21502572,-1.4933758,-4.1315479,-0.39962843,0.11485407,-0.90945351,0
0.76156592,1.0206347,-4.054214,-0.39962843,0.11485407,-0.90945351,0
-2.1007822,-1.2348071,2.1759856,-0.88502765,-0.30679137,0.35015079,0
-0.83430493,-1.3323836,-3.6501236,-0.39962843,0.11485407,-0.90945351,0
-3.259418,-2.6719573,-2.0117245,-0.88502765,-0.30679137,0.35015079,0
1.3867865,2.6148012,1.608192,-0.23879623,0.94482172,0.22425154,0
2.3515716,3.0400665,0.039612174,0.88502765,0.30679137,-0.35015079,0
0.63116086,-2.3373165,3.2759452,0.39962843,-0.11485407,0.90945351,0
-0.52913052,2.6408899,-0.54190636,-0.23879623,0.94482172,0.22425154,0
-2.8940444,-2.6186464,-1.0415103,-0.88502765,-0.30679137,0.35015079,0
2.6857111,1.2709513,-0.66587222,0.88502765,0.30679137,-0.35015079,0
-1.9634309,-2.17027,1.7035253,-0.88502765,-0.30679137,0.35015079,0
0.64908105,0.98102403,3.6871409,0.39962843,-0.11485407,0.90945351,0
-2.1897349,-0.68621886,-2.9729226,-0.39962843,0.11485407,-0.90945351,0
-2.8604319,0.8968811,2.1236436,-0.88502765,-0.30679137,0.35015079,0
-1.2203968,-2.9686055,2.8821111,-0.88502765,-0.30679137,0.35015079,0
2.4670863,-2.4047394,1.6106014,0.23879623,-0.94482172,-0.22425154,0
-2.4719939,-0.54502177,1.8420939,-0.88502765,-0.30679137,0.35015079,0
0.45656413,-1.5567665,-4.1030178,0.23879623,-0.94482172,-0.22425154,0
0.6206795,-3.102092,2.5825403,0.23879623,-0.94482172,-0.22425154,0
-1.3904591,-0.54588199,4.3905153,0.39962843,-0.11485407,0.90945351,0
-0.5116334,2.8686953,-3.2613602,-0.39962843,0.11485407,-0.90945351,0
4.1625633,-0.2096163,1.9928964,0.39962843,-0.11485407,0.90945351,0
-3.1555967,-0.64783084,0.024167776,-0.88502765,-0.30679137,0.35015079,0
-3.0931067,0.16257155,-2.4687736,-0.39962843,0.11485407,-0.90945351,0
1.7933207,2.3356071,-1.9886249,0.88502765,0.30679137,-0.35015079,0
1.5278214,-2.3209348,0.25732887,0.23879623,-0.94482172,-0.22425154,0
1.1071585,-1.4066429,-4.0427332,0.23879623,-0.94482172,-0.22425154,0
-2.4526348,2.0134885,0.053216338,-0.23879623,0.94482172,0.22425154,0
-0.23703438,1.3347003,4.1211796,0.39962843,-0.11485407,0.90945351,0
-1.2467517,1.0399983,4.527648,0.39962843,-0.11485407,0.90945351,0
-3.118803,-1.3506668,-0.49863648,-0.88502765,-0.30679137,0.35015079,0
1.485774,3.4154935,-1.8198051,0.88502765,0.30679137,-0.35015079,0
3.4694743,0.39736754,0.54972935,0.88502765,0.30679137,-0.35015079,0
3.180141,-0.47106886,-0.94247603,0.88502765,0.30679137,-0.35015079,0
-1.6976209,-1.6260592,2.8521967,-0.88502765,-0.30679137,0.35015079,0
-0.50851977,2.2074885,-3.3462317,-0.39962843,0.11485407,-0.90945351,0
2.7111895,-0.51954484,-2.1702523,0.88502765,0.30679137,-0.35015079,0
-1.630712,0.38075924,4.6131115,0.39962843,-0.11485407,0.90945351,0
-2.0637274,0.33740044,3.6471629,-0.88502765,-0.30679137,0.35015079,0
2.4529529,-2.1540325,0.53926623,0.23879623,-0.94482172,-0.22425154,0
-2.7454307,0.58210683,-2.5685654,-0.39962843,0.11485407,-0.90945351,0
0.3953414,2.916657,-0.71934217,-0.23879623,0.94482172,0.22425154,0
1.0529907,2.1408007,3.2498152,-0.23879623,0.94482172,0.22425154,0
3.8162804,-1.3093722,-0.069089651,0.88502765,0.30679137,-0.35015079,0
-3.58389,0.52491689,-2.2073555,-0.39962843,0.11485407,-0.90945351,0
2.4671772,2.6440892,-0.015130341,0.88502765,0.30679137,-0.35015079,0
1.8637459,3.2353487,-1.0222964,0.88502765,0.30679137,-0.35015079,0
-4.1027956,-0.076962471,-2.0553508,-0.39962843,0.11485407,-0.90945351,0
-0.17530501,0.38993555,-3.7221887,-0.39962843,0.11485407,-0.90945351,0
-1.7059736,-1.5782193,-3.2981448,-0.39962843,0.11485407,-0.90945351,0
3.3344233,-1.5727224,-0.97128081,0.23879623,-0.94482172,-0.22425154,0
0.72603166,-2.3848972,3.2282486,0.39962843,-0.11485407,0.90945351,0
2.1981988,0.32027483,-2.7310433,0.88502765,0.30679137,-0.35015079,0
1.6838329,1.6655138,-2.8524768,0.88502765,0.30679137,-0.35015079,0
-2.9044583,2.0832732,-2.3091049,-0.39962843,0.11485407,-0.90945351,0
2.1235332,-0.15782833,-3.3386641,0.88502765,0.30679137,-0.35015079,0
0.47108984,2.5219128,-3.7369792,-0.39962843,0.11485407,-0.90945351,0
-3.1675205,-1.9441961,-1.1418055,-0.88502765,-0.30679137,0.35015079,0
-1.1223906,2.1951439,0.70438111,-0.23879623,0.94482172,0.22425154,0
0.77613819,-1.6459632,-3.3869133,0.23879623,-0.94482172,-0.22425154,0
1.9457486,0.26966369,-3.4134712,0.88502765,0.30679137,-0.35015079,0
-1.6393814,-1.1780877,3.3918991,-0.88502765,-0.30679137,0.35015079,0
-2.2646441,-0.069651321,-2.8621407,-0.39962843,0.11485407,-0.90945351,0
0.33581257,-2.9643717,3.3265359,0.39962843,-0.11485407,0.90945351,0
0.72707438,-1.2212852,3.374742,0.39962843,-0.11485407,0.90945351,0
-2.5463629,-2.4269681,0.0052189231,-0.88502765,-0.30679137,0.35015079,0
-2.5753744,-1.4553481,0.78319407,-0.88502765,-0.30679137,0.35015079,0
-2.993741,1.9818861,-0.38983977,-0.23879623,0.94482172,0.22425154,0
0.73263717,2.2193022,2.5779414,-0.23879623,0.94482172,0.22425154,0
-2.5262706,2.0027847,-2.4854517,-0.39962843,0.11485407,-0.90945351,0
0.77733397,-2.1969652,3.2294393,0.39962843,-0.11485407,0.90945351,0
2.0246305,0.84451473,3.0654631,0.39962843,-0.11485407,0.90945351,0
0.21545005,-3.2280514,3.3461251,0.39962843,-0.11485407,0.90945351,0
-1.5343965,-1.0136724,-3.3022425,-0.39962843,0.11485407,-0.90945351,0
-2.83461,-1.0464128,0.48625588,-0.88502765,-0.30679137,0.35015079,0
-3.2598631,-1.0393465,-0.58240604,-0.88502765,-0.30679137,0.35015079,0
4.0342808,-0.71657705,1.001309,0.88502765,0.30679137,-0.35015079,0
2.6512384,-1.9863689,0.044008613,0.23879623,-0.94482172,-0.22425154,0
-3.6897373,1.5676053,-2.0291643,-0.39962843,0.11485407,-0.90945351,0
-1.2153976,-3.4226503,1.9779596,0.23879623,-0.94482172,-0.22425154,0
1.8610055,-1.7995372,-1.58464,0.23879623,-0.94482172,-0.22425154,0
0.95533907,-1.9273341,3.1852727,0.39962843,-0.11485407,0.90945351,0
-0.76228166,-1.6418364,3.9760776,0.39962843,-0.11485407,0.90945351,0
-2.7995319,2.1644254,-0.95211267,-0.23879623,0.94482172,0.22425154,0
-2.044996,-1.0606307,2.4695959,-0.88502765,-0.30679137,0.35015079,0
-3.0551867,1.8853474,-0.048530221,-0.23879623,0.94482172,0.22425154,0
-3.7271969,-1.0765266,-1.796196,-0.88502765,-0.30679137,0.35015079,0
-0.65939367,-0.0085850954,4.1371288,0.39962843,-0.11485407,0.90945351,0
-0.66603506,2.9939263,-2.1751101,-0.23879623,0.94482172,0.22425154,0
-2.6072631,2.038388,-2.4453659,-0.39962843,0.11485407,-0.90945351,0
2.3937902,-1.4288089,-2.5792608,0.23879623,-0.94482172,-0.22425154,0
1.7296692,2.3375731,3.1413374,-0.23879623,0.94482172,0.22425154,0
-0.13794136,-3.320878,2.6965094,0.23879623,-0.94482172,-0.22425154,0
-2.4244759,-0.35826337,2.125829,-0.88502765,-0.30679137,0.35015079,0
-1.1231152,-2.312078,-2.6028588,0.23879623,-0.94482172,-0.22425154,0
0.10720983,-1.5785556,-4.0949287,-0.39962843,0.11485407,-0.90945351,0
-0.093603492,0.37632301,-3.7598088,-0.39962843,0.11485407,-0.90945351,0
1.9836497,2.8809075,-1.0297837,0.88502765,0.30679137,-0.35015079,0
-1.6710389,-0.97900927,-3.2378221,-0.39962843,0.11485407,-0.90945351,0
2.6604812,0.61056936,2.7565153,0.39962843,-0.11485407,0.90945351,0
2.6682262,0.4321155,-1.4450295,0.88502765,0.30679137,-0.35015079,0
-0.62345636,-0.69681776,-3.6625087,-0.39962843,0.11485407,-0.90945351,0
-3.8335328,-1.0261041,-2.2935355,-0.39962843,0.11485407,-0.90945351,0
1.0222409,-1.1748936,-4.4460297,-0.39962843,0.11485407,-0.90945351,0
-0.29259992,2.286252,1.2041329,-0.23879623,0.94482172,0.22425154,0
-1.3800635,-1.5704608,3.7035565,-0.88502765,-0.30679137,0.35015079,0
-2.9820433,-2.6720977,-1.3107657,-0.88502765,-0.30679137,0.35015079,0
1.9595951,0.82088077,3.0910559,0.39962843,-0.11485407,0.90945351,0
-2.0382946,0.8211596,4.1352997,-0.88502765,-0.30679137,0.35015079,0
-3.1657012,-2.5475502,-1.6658472,-0.88502765,-0.30679137,0.35015079,0
3.7843189,-0.92784524,0.18440771,0.88502765,0.30679137,-0.35015079,0
0.51813769,3.3355529,-2.3534853,-0.23879623,0.94482172,0.22425154,0
0.41227242,-1.8109097,-3.079422,0.23879623,-0.94482172,-0.22425154,0
0.12329531,-2.176827,-1.8454528,0.23879623,-0.94482172,-0.22425154,0
3.209306,1.8018897,1.1227363,0.88502765,0.30679137,-0.35015079,0
1.9426649,-1.6548328,-2.107358,0.23879623,-0.94482172,-0.22425154,0
1.0610082,3.3171327,-1.6977942,-0.23879623,0.94482172,0.22425154,0
-0.57836628,2.1291826,1.5616006,-0.23879623,0.94482172,0.22425154,0
3.1971014,0.79731816,0.21171379,0.88502765,0.30679137,-0.35015079,0
0.48646009,0.53209519,-3.9950254,-0.39962843,0.11485407,-0.90945351,0
2.1934533,2.2301488,-1.0696661,0.88502765,0.30679137,-0.35015079,0
-2.6600823,-0.37094235,-2.7264283,-0.39962843,0.11485407,-0.90945351,0
4.3434114,-1.5258436,1.7472037,0.39962843,-0.11485407,0.90945351,0
-1.054148,-0.75297982,4.2165813,0.39962843,-0.11485407,0.90945351,0
3.4887609,-0.68197346,-0.34720755,0.88502765,0.30679137,-0.35015079,0
-1.9605975,-0.174927,3.4589448,-0.88502765,-0.30679137,0.35015079,0
0.77241445,-3.0375679,2.4722621,0.23879623,-0.94482172,-0.22425154,0
2.4914069,0.065615267,2.7619877,0.39962843,-0.11485407,0.90945351,0
2.3528497,2.5416713,2.9450235,-0.23879623,0.94482172,0.22425154,0
1.0679166,3.5372531,-2.7692833,0.88502765,0.30679137,-0.35015079,0
-2.4530313,-3.0084605,-0.26836669,-0.88502765,-0.30679137,0.35015079,0
-1.3775733,-2.3843822,-2.569186,0.23879623,-0.94482172,-0.22425154,0
0.70213902,1.072674,3.6754007,0.39962843,-0.11485407,0.90945351,0
-2.1776087,2.5128653,-1.7579068,-0.23879623,0.94482172,0.22425154,0
4.3319807,-1.4330194,1.1260372,0.88502765,0.30679137,-0.35015079,0
1.2989163,3.2213416,-2.4622092,0.88502765,0.30679137,-0.35015079,0
1.3368156,-2.7921274,2.0391729,0.23879623,-0.94482172,-0.22425154,0
1.5747221,1.8837036,-2.9370904,0.88502765,0.30679137,-0.35015079,0
-2.9972801,0.50421953,-2.4677351,-0.39962843,0.11485407,-0.90945351,0
2.7830834,-0.82760048,-2.2584448,0.88502765,0.30679137,-0.35015079,0
0.6225003,0.13861042,3.5924332,0.39962843,-0.11485407,0.90945351,0
-2.2422035,-2.4906211,-3.0422888,0.23879623,-0.94482172,-0.22425154,0
-2.4302733,-1.0536629,1.5018888,-0.88502765,-0.30679137,0.35015079,0
1.318464,2.7580509,-2.818722,0.88502765,0.30679137,-0.35015079,0
-4.1293073,0.71429467,-1.2434912,-0.88502765,-0.30679137,0.35015079,0
-1.3723247,0.41144323,4.5034471,0.39962843,-0.11485407,0.90945351,0
-2.0354254,-1.121034,2.4408617,-0.88502765,-0.30679137,0.35015079,0
-3.2825406,-2.8483343,-2.224704,-0.88502765,-0.30679137,0.35015079,0
4.1389151,-1.4338868,0.63729382,0.88502765,0.30679137,-0.35015079,0
-0.73708844,-3.2381516,1.7099584,0.23879623,-0.94482172,-0.22425154,0
-3.9813409,0.30850387,-2.06004,-0.39962843,0.11485407,-0.90945351,0
1.4659348,1.5506701,3.4001427,0.39962843,-0.11485407,0.90945351,0
-1.6883979,-3.3064294,1.4032204,-0.88502765,-0.30679137,0.35015079,0
-1.5231149,-2.2337782,2.7608058,-0.88502765,-0.30679137,0.35015079,0
-1.1153812,-2.1255004,-3.3807175,0.23879623,-0.94482172,-0.22425154,0
1.5665882,2.2674763,3.2630126,-0.23879623,0.94482172,0.22425154,0
1.5414326,-2.0015359,-1.0738766,0.23879623,-0.94482172,-0.22425154,0
-3.1558976,0.67686677,1.1840667,-0.88502765,-0.30679137,0.35015079,0
0.71493721,2.9895806,-0.68626237,-0.23879623,0.94482172,0.22425154,0
-1.7911766,2.3441758,-0.63568604,-0.23879623,0.94482172,0.22425154,0
0.40998852,-1.9443655,-2.5195754,0.23879623,-0.94482172,-0.22425154,0
-0.33168966,2.2219026,1.4336263,-0.23879623,0.94482172,0.22425154,0
-2.1461165,-1.7836084,1.5805564,-0.88502765,-0.30679137,0.35015079,0
-0.424595,2.7098064,-0.72094989,-0.23879623,0.94482172,0.22425154,0
3.1448736,-1.9214633,2.2238977,0.39962843,-0.11485407,0.90945351,0
1.3121636,-1.6830428,-2.6598947,0.23879623,-0.94482172,-0.22425154,0
-2.6223779,-0.33896291,1.6425314,-0.88502765,-0.30679137,0.35015079,0
1.5950959,2.7006483,1.4683186,-0.23879623,0.94482172,0.22425154,0
3.7913594,-2.033654,1.4572988,0.23879623,-0.94482172,-0.22425154,0
-2.0597882,-2.7994866,0.90867609,-0.88502765,-0.30679137,0.35015079,0
-0.2550036,-1.4535513,-3.91998,-0.39962843,0.11485407,-0.90945351,0
-3.1083903,0.43472219,1.0919839,-0.88502765,-0.30679137,0.35015079,0
0.030365229,3.2518659,-2.5203006,-0.23879623,0.94482172,0.22425154,0
-0.90330935,-2.8873317,0.054874405,0.23879623,-0.94482172,-0.22425154,0
1.7730465,2.7098975,1.6188401,-0.23879623,0.94482172,0.22425154,0
-1.5151201,-2.2151031,-3.4288657,0.23879623,-0.94482172,-0.22425154,0
1.4005427,3.2859511,-1.2048652,-0.23879623,0.94482172,0.22425154,0
-3.716284,-0.82177794,-2.3192523,-0.39962843,0.11485407,-0.90945351,0
-2.2814445,-0.22673559,2.6025901,-0.88502765,-0.30679137,0.35015079,0
-2.8701901,0.97234178,2.1650963,-0.88502765,-0.30679137,0.35015079,0
2.757051,2.6650953,2.8554299,-0.23879623,0.94482172,0.22425154,0
-1.1840318,1.9917158,-3.0766506,-0.39962843,0.11485407,-0.90945351,0
-0.43784165,1.3144108,-3.4900746,-0.39962843,0.11485407,-0.90945351,0
-0.61987388,0.58702433,4.1949821,0.39962843,-0.11485407,0.90945351,0
-0.60917211,-2.5419612,-1.087032,0.23879623,-0.94482172,-0.22425154,0
-1.568594,2.9000354,-2.7929571,-0.39962843,0.11485407,-0.90945351,0
1.1849087,1.7978245,3.5548429,0.39962843,-0.11485407,0.90945351,0
-4.5798507,1.6889973,-1.5282637,-0.88502765,-0.30679137,0.35015079,0
-3.3016968,-0.11276948,0.12369454,-0.88502765,-0.30679137,0.35015079,0
2.5563595,0.4026705,-1.7535785,0.88502765,0.30679137,-0.35015079,0
-0.16727304,2.4485865,0.65363705,-0.23879623,0.94482172,0.22425154,0
0.76491332,-1.0494182,-4.3171101,-0.39962843,0.11485407,-0.90945351,0
-3.5547662,-0.21251881,-0.60334992,-0.88502765,-0.30679137,0.35015079,0
1.6067572,0.2274648,-4.3072653,0.88502765,0.30679137,-0.35015079,0
3.2428703,0.49138039,0.059344769,0.88502765,0.30679137,-0.35015079,0
1.142472,2.8495798,-3.1833587,0.88502765,0.30679137,-0.35015079,0
3.0964339,-0.35751915,-1.0545626,0.88502765,0.30679137,-0.35015079,0
-0.44340944,-2.8580065,0.42104942,0.23879623,-0.94482172,-0.22425154,0
0.22812796,-1.2658079,-4.1085653,-0.39962843,0.11485407,-0.90945351,0
2.8895192,0.59845448,-0.73995781,0.88502765,0.30679137,-0.35015079,0
-1.3537266,-0.97186732,4.2945919,-0.88502765,-0.30679137,0.35015079,0
0.88912213,-1.7029893,-3.0263357,0.23879623,-0.94482172,-0.22425154,0
-2.6172388,-0.21858299,1.7609932,-0.88502765,-0.30679137,0.35015079,0
-1.4353492,-2.7293749,-1.177181,0.23879623,-0.94482172,-0.22425154,0
2.1654515,-2.4733038,1.578279,0.23879623,-0.94482172,-0.22425154,0
-1.3325008,2.8494096,-2.9030933,-0.39962843,0.11485407,-0.90945351,0
0.9279319,2.374754,2.1309478,-0.23879623,0.94482172,0.22425154,0
1.9188441,-0.36030534,2.9597917,0.39962843,-0.11485407,0.90945351,0
1.9781826,-1.8364538,2.7472961,0.39962843,-0.11485407,0.90945351,0
-2.5875368,-2.4564338,-0.12466806,-0.88502765,-0.30679137,0.35015079,0
-1.7883242,-1.288689,-3.2253942,-0.39962843,0.11485407,-0.90945351,0
-4.4035826,1.5076187,-1.7230651,-0.39962843,0.11485407,-0.90945351,0
2.7318699,0.47422916,2.7079279,0.39962843,-0.11485407,0.90945351,0
-2.8796933,1.4197919,-2.4037776,-0.39962843,0.11485407,-0.90945351,0
2.3596072,-1.9304497,-0.50213796,0.23879623,-0.94482172,-0.22425154,0
2.39517,-2.5946667,2.3342247,0.23879623,-0.94482172,-0.22425154,0
-0.96660888,-2.6356018,-1.0731251,0.23879623,-0.94482172,-0.22425154,0
-1.8658397,-1.4077375,2.6183,-0.88502765,-0.30679137,0.35015079,0
-3.9340892,1.70333,-0.21755838,-0.23879623,0.94482172,0.22425154,0
-1.0462222,2.7572439,-3.0405283,-0.39962843,0.11485407,-0.90945351,0
2.9355335,1.9337028,0.54625082,0.88502765,0.30679137,-0.35015079,0
-2.5594597,0.53587675,2.5680676,-0.88502765,-0.30679137,0.35015079,0
3.1735046,-1.8910575,2.2151568,0.39962843,-0.11485407,0.90945351,0
-1.7931507,-3.0841446,1.3332093,-0.88502765,-0.30679137,0.35015079,0
-1.9041893,1.3009045,3.6395063,-0.23879623,0.94482172,0.22425154,0
-3.2027526,1.01801,-2.312561,-0.39962843,0.11485407,-0.90945351,0
-0.18790317,1.6647196,3.9342756,-0.23879623,0.94482172,0.22425154,0
1.4854584,-2.1118507,-0.66869813,0.23879623,-0.94482172,-0.22425154,0
0.34429288,-2.4728537,-0.36289304,0.23879623,-0.94482172,-0.22425154,0
-1.3930011,-1.3890972,-3.4117861,-0.39962843,0.11485407,-0.90945351,0
-4.2493,1.8067482,-0.98893714,-0.23879623,0.94482172,0.22425154,0
0.43913364,3.1458406,-1.6383114,-0.23879623,0.94482172,0.22425154,0
0.84556687,-2.3086309,-0.52101338,0.23879623,-0.94482172,-0.22425154,0
2.1332693,2.5315127,-0.9577384,0.88502765,0.30679137,-0.35015079,0
0.73374367,1.7445214,-3.9505694,-0.39962843,0.11485407,-0.90945351,0
-2.2130911,1.8255744,-2.6454477,-0.39962843,0.11485407,-0.90945351,0
3.8426919,-1.8403168,0.69738913,0.23879623,-0.94482172,-0.22425154,0
2.2725925,-0.74789405,-3.4789059,0.88502765,0.30679137,-0.35015079,0
-1.1097054,-0.75410235,-3.4560776,-0.39962843,0.11485407,-0.90945351,0
-0.10967064,2.8468747,-0.96310067,-0.23879623,0.94482172,0.22425154,0
1.7258861,2.5295811,-1.9891161,0.88502765,0.30679137,-0.35015079,0
-2.1455965,1.8653924,1.0041273,-0.23879623,0.94482172,0.22425154,0
4.3431334,-1.6434386,1.7324748,0.39962843,-0.11485407,0.90945351,0
-0.37534773,2.7772651,-3.3327928,-0.39962843,0.11485407,-0.90945351,0
1.1769843,3.4714108,-2.5512972,0.88502765,0.30679137,-0.35015079,0
-1.7518167,-1.8514285,2.5177517,-0.88502765,-0.30679137,0.35015079,0
-1.6846318,-1.4194613,3.0660417,-0.88502765,-0.30679137,0.35015079,0
0.47311842,2.3226554,1.8661408,-0.23879623,0.94482172,0.22425154,0
-3.4341469,1.0738697,-2.2038283,-0.39962843,0.11485407,-0.90945351,0
0.18599236,-1.0603256,3.6328294,0.39962843,-0.11485407,0.90945351,0
1.2495114,-2.5614603,0.9743548,0.23879623,-0.94482172,-0.22425154,0
-0.67185807,0.55295563,-3.4834077,-0.39962843,0.11485407,-0.90945351,0
-2.484961,-0.9349218,1.4676988,-0.88502765,-0.30679137,0.35015079,0
3.325654,-1.9181669,0.47481537,0.23879623,-0.94482172,-0.22425154,0
3.1704037,1.936992,1.1427803,0.88502765,0.30679137,-0.35015079,0
-2.6022081,0.23679227,-2.6751089,-0.39962843,0.11485407,-0.90945351,0
-0.08184199,-1.712677,-4.0194616,0.23879623,-0.94482172,-0.22425154,0
2.8592029,-0.69228077,-1.9474859,0.88502765,0.30679137,-0.35015079,0
1.981679,0.96328616,-2.7149236,0.88502765,0.30679137,-0.35015079,0
-0.75534797,-3.4752698,3.6136277,-0.88502765,-0.30679137,0.35015079,0
2.8627965,-0.035787463,-1.363203,0.88502765,0.30679137,-0.35015079,0
0.49810684,-2.5353689,3.3093994,0.39962843,-0.11485407,0.90945351,0
-0.36753583,1.5475245,-3.4915283,-0.39962843,0.11485407,-0.90945351,0
-0.69436741,-2.7775168,-0.18530765,0.23879623,-0.94482172,-0.22425154,0
-0.09298569,-0.25517547,-3.8398314,-0.39962843,0.11485407,-0.90945351,0
1.5986571,3.2444687,-0.81912494,-0.23879623,0.94482172,0.22425154,0
-1.7585294,-1.4224402,2.8766518,-0.88502765,-0.30679137,0.35015079,0
-0.47312355,-1.8287431,3.8254125,0.39962843,-0.11485407,0.90945351,0
-2.9983988,-2.7872105,-1.4529634,-0.88502765,-0.30679137,0.35015079,0
-3.9572713,0.58126068,-0.92522097,-0.88502765,-0.30679137,0.35015079,0
1.2323461,-0.47894716,-4.4504633,-0.39962843,0.11485407,-0.90945351,0
-1.1891108,1.9825139,1.5291908,-0.23879623,0.94482172,0.22425154,0
-0.96078062,1.5804181,3.4664497,-0.23879623,0.94482172,0.22425154,0
