-4.6618085,1.0866071,1.309963,-0.44497335,0.77862763,0.44242248,0
0.40500164,1.7362947,3.0988703,0.54107618,-0.159913,0.82562965,0
-3.5250394,-1.3768537,3.2817631,-0.71360719,-0.60676748,0.35013986,0
-1.2301534,-2.2588556,-2.6593201,-0.54107618,0.159913,-0.82562965,0
0.10166693,3.6658845,-2.3845887,-0.54107618,0.159913,-0.82562965,0
-2.8245473,-4.3073926,-0.36900473,-0.71360719,-0.60676748,0.35013986,0
-0.91622555,-4.6188822,-0.70363998,0.44497335,-0.77862763,-0.44242248,0
1.1647594,4.019496,2.0084779,-0.44497335,0.77862763,0.44242248,0
0.73589969,4.3290834,1.0322981,-0.44497335,0.77862763,0.44242248,0
-2.8819921,-3.4737973,0.95848036,-0.71360719,-0.60676748,0.35013986,0
-2.8424711,2.1146629,1.3304955,-0.44497335,0.77862763,0.44242248,0
-2.8616316,3.126704,-0.4698855,-0.44497335,0.77862763,0.44242248,0
-1.03427,4.2177992,-0.55222726,-0.44497335,0.77862763,0.44242248,0
3.1182523,-2.7083583,-0.0082681626,0.44497335,-0.77862763,-0.44242248,0
4.6848831,-1.3359456,-0.84793973,0.44497335,-0.77862763,-0.44242248,0
1.3240404,1.9427859,2.5365729,0.54107618,-0.159913,0.82562965,0
-2.8496163,-2.2021573,3.2281258,-0.71360719,-0.60676748,0.35013986,0
1.6610377,-3.0141852,1.3556256,0.54107618,-0.159913,0.82562965,0
0.083366156,2.2973638,-2.6376581,-0.54107618,0.159913,-0.82562965,0
-3.1454756,-2.4785585,2.1461623,-0.71360719,-0.60676748,0.35013986,0
5.9443369,-0.32978255,-1.3085608,0.71360719,0.60676748,-0.35013986,0
5.0749221,1.2416589,-0.35728645,0.71360719,0.60676748,-0.35013986,0
-0.27373117,5.1976748,-1.5118041,-0.44497335,0.77862763,0.44242248,0
1.4835869,5.2471786,0.16852236,-0.44497335,0.77862763,0.44242248,0
4.0005336,3.0995307,0.67260122,0.71360719,0.60676748,-0.35013986,0
-2.0050585,1.1126254,3.9362402,-0.44497335,0.77862763,0.44242248,0
-0.95073891,3.4486637,0.88540149,-0.44497335,0.77862763,0.44242248,0
0.19723463,1.2523184,3.1412907,0.54107618,-0.159913,0.82562965,0
2.3550701,2.6771657,-3.4128866,0.71360719,0.60676748,-0.35013986,0
-3.3528678,2.0373721,0.95318103,-0.44497335,0.77862763,0.44242248,0
-2.3836432,-0.60700452,-1.5834403,-0.54107618,0.159913,-0.82562965,0
4.8546038,1.6695683,-0.064773083,0.71360719,0.60676748,-0.35013986,0
5.3706827,-0.28861105,-2.00141,0.44497335,-0.77862763,-0.44242248,0
-2.8732061,-3.1790843,1.4871035,-0.71360719,-0.60676748,0.35013986,0
0.62374055,4.5143137,0.59350109,-0.44497335,0.77862763,0.44242248,0
5.1649933,-0.60271519,-1.6554875,0.44497335,-0.77862763,-0.44242248,0
-1.1991521,0.13581276,-2.2158227,-0.54107618,0.159913,-0.82562965,0
-4.9082351,-0.4494307,2.069881,-0.71360719,-0.60676748,0.35013986,0
1.1450756,-4.497519,1.1559558,0.44497335,-0.77862763,-0.44242248,0
-2.2174606,-5.1919212,-1.0038767,0.44497335,-0.77862763,-0.44242248,0
-2.2166913,-4.5859141,0.38718557,-0.71360719,-0.60676748,0.35013986,0
0.66986829,-4.9925213,1.5491724,0.44497335,-0.77862763,-0.44242248,0
-2.8631294,1.3114207,-0.89763695,-0.54107618,0.159913,-0.82562965,0
5.0483885,-0.27387488,-2.3514969,0.44497335,-0.77862763,-0.44242248,0
1.5143012,-3.064342,-0.99496496,0.44497335,-0.77862763,-0.44242248,0
2.4312854,-1.8991876,-2.123271,0.44497335,-0.77862763,-0.44242248,0
-1.099396,-5.2299614,1.5482163,-0.71360719,-0.60676748,0.35013986,0
5.0640311,0.26259494,-2.0761316,0.71360719,0.60676748,-0.35013986,0
0.079447627,-0.76718354,2.8273327,0.54107618,-0.159913,0.82562965,0
-0.40230271,-4.2713537,2.464339,0.54107618,-0.159913,0.82562965,0
4.1399126,1.8866575,0.68032026,0.54107618,-0.159913,0.82562965,0
1.1166583,5.1802874,-0.082798004,-0.44497335,0.77862763,0.44242248,0
-1.8649985,-3.7872624,2.4879658,-0.71360719,-0.60676748,0.35013986,0
-0.65798211,-0.7642653,-2.7448111,-0.54107618,0.159913,-0.82562965,0
1.7190837,4.7409849,1.296237,-0.44497335,0.77862763,0.44242248,0
-2.6630659,-3.4231787,1.492384,-0.71360719,-0.60676748,0.35013986,0
-1.4993724,-5.1211009,0.92168665,-0.71360719,-0.60676748,0.35013986,0
0.54724091,-2.8279753,2.1216183,0.54107618,-0.159913,0.82562965,0
1.5534376,2.2862067,2.4527531,0.54107618,-0.159913,0.82562965,0
-2.8126061,2.9171021,-0.051695645,-0.44497335,0.77862763,0.44242248,0
4.8980112,1.5118802,0.11091232,0.54107618,-0.159913,0.82562965,0
0.77334857,-2.1660867,-3.3210459,0.44497335,-0.77862763,-0.44242248,0
-2.96135,-1.9478605,3.4410844,-0.71360719,-0.60676748,0.35013986,0
0.93613356,5.1116915,-2.0859084,0.71360719,0.60676748,-0.35013986,0
5.4064951,0.23399293,-1.4277339,0.71360719,0.60676748,-0.35013986,0
-0.68949157,3.8371537,-1.8329301,-0.54107618,0.159913,-0.82562965,0
1.2290003,5.4459682,-0.90975094,0.71360719,0.60676748,-0.35013986,0
2.2507257,4.7784147,0.015767574,0.71360719,0.60676748,-0.35013986,0
-0.92537951,3.245501,1.2684569,-0.44497335,0.77862763,0.44242248,0
-4.0802531,-1.2188057,2.4240882,-0.71360719,-0.60676748,0.35013986,0
2.7432902,4.9717131,1.3546185,0.71360719,0.60676748,-0.35013986,0
-2.1869297,-5.0487289,-1.2251759,0.44497335,-0.77862763,-0.44242248,0
-2.4465194,1.8459748,2.2015996,-0.44497335,0.77862763,0.44242248,0
-2.143821,1.2426542,-1.3823546,-0.54107618,0.159913,-0.82562965,0
-1.627444,-1.1991109,-2.1936979,-0.54107618,0.159913,-0.82562965,0
0.52737284,-2.2687068,-3.3878376,0.44497335,-0.77862763,-0.44242248,0
-1.56646,3.0996447,0.88037527,-0.44497335,0.77862763,0.44242248,0
2.1508651,-1.7151912,-2.7291265,0.44497335,-0.77862763,-0.44242248,0
0.61384386,-4.858686,1.6846497,0.54107618,-0.159913,0.82562965,0
-0.48009968,-3.016746,-3.0846295,0.44497335,-0.77862763,-0.44242248,0
-1.9246857,2.2031186,2.0978975,-0.44497335,0.77862763,0.44242248,0
-2.1303823,-3.3860285,-2.2876732,-0.54107618,0.159913,-0.82562965,0
-1.6191012,3.862376,-0.51491427,-0.44497335,0.77862763,0.44242248,0
0.61932498,5.4366794,-2.1684046,0.71360719,0.60676748,-0.35013986,0
0.20295906,3.1873198,2.5056949,-0.44497335,0.77862763,0.44242248,0
2.7875068,3.2229111,-1.5858159,0.71360719,0.60676748,-0.35013986,0
-0.3121897,-4.4792457,-0.34187078,0.44497335,-0.77862763,-0.44242248,0
1.2264146,4.8280864,-1.9857655,0.71360719,0.60676748,-0.35013986,0
0.072910994,3.2921712,-2.4381258,-0.54107618,0.159913,-0.82562965,0
-5.5003161,0.14426303,1.8920112,-0.71360719,-0.60676748,0.35013986,0
-3.2653255,-1.5331326,3.5402565,-0.71360719,-0.60676748,0.35013986,0
-1.8258867,-3.6026039,2.8876772,-0.71360719,-0.60676748,0.35013986,0
0.23521483,5.7962003,-2.0532818,-0.44497335,0.77862763,0.44242248,0
-0.71737987,-4.1086411,2.7023396,0.54107618,-0.159913,0.82562965,0
1.0018352,-4.3412428,1.530601,0.54107618,-0.159913,0.82562965,0
-0.71220446,3.550842,0.94548559,-0.44497335,0.77862763,0.44242248,0
-1.6748314,-3.8180542,2.8221774,-0.71360719,-0.60676748,0.35013986,0
0.56573868,-4.2016463,0.052566767,0.44497335,-0.77862763,-0.44242248,0
-1.5277276,3.0996742,0.91927874,-0.44497335,0.77862763,0.44242248,0
0.48965216,2.2260351,3.1382499,0.54107618,-0.159913,0.82562965,0
2.3426206,-0.70526195,-4.3136592,0.44497335,-0.77862763,-0.44242248,0
-0.16655469,0.72511244,3.2775874,0.54107618,-0.159913,0.82562965,0
-2.5833311,2.3450522,1.185663,-0.44497335,0.77862763,0.44242248,0
-2.7802081,-2.9844565,-1.7840309,-0.54107618,0.159913,-0.82562965,0
5.3655877,0.54393816,-0.97399282,0.71360719,0.60676748,-0.35013986,0
3.008863,2.5648246,-2.275094,0.71360719,0.60676748,-0.35013986,0
0.88698053,-3.392971,1.7895381,0.54107618,-0.159913,0.82562965,0
-0.52261877,2.9174058,2.2509601,-0.44497335,0.77862763,0.44242248,0
-0.72624087,-4.4026713,-0.89307356,0.44497335,-0.77862763,-0.44242248,0
-0.53004003,-3.8338809,-1.6967671,0.44497335,-0.77862763,-0.44242248,0
-0.71525192,-4.2484012,-1.1535249,0.44497335,-0.77862763,-0.44242248,0
1.5692626,-2.3927813,1.5361276,0.54107618,-0.159913,0.82562965,0
-5.6875567,0.67283326,0.82966518,-0.54107618,0.159913,-0.82562965,0
2.6718135,2.8045759,1.8202264,0.54107618,-0.159913,0.82562965,0
-0.54715562,3.6941903,0.85920477,-0.44497335,0.77862763,0.44242248,0
-1.8177044,0.50574708,4.3171797,0.54107618,-0.159913,0.82562965,0
-3.7404828,0.0051190853,4.1399326,-0.44497335,0.77862763,0.44242248,0
0.45987558,-3.7190418,-0.90325117,0.44497335,-0.77862763,-0.44242248,0
5.5155759,-0.90223622,-0.76138997,0.54107618,-0.159913,0.82562965,0
-4.8786216,-0.28903925,2.4081829,-0.71360719,-0.60676748,0.35013986,0
-0.58963919,-3.9079866,-1.6262901,0.44497335,-0.77862763,-0.44242248,0
-3.005018,-1.210134,4.6305127,-0.71360719,-0.60676748,0.35013986,0
-3.1954758,-0.23900986,5.0758533,0.54107618,-0.159913,0.82562965,0
0.76321077,-4.1397734,0.14228654,0.44497335,-0.77862763,-0.44242248,0
2.892586,2.063,-3.3817008,0.71360719,0.60676748,-0.35013986,0
1.6841464,4.4657469,1.7454939,-0.44497335,0.77862763,0.44242248,0
-2.6926794,-2.016995,3.8688469,-0.71360719,-0.60676748,0.35013986,0
3.7017074,1.6028055,-2.5301437,0.71360719,0.60676748,-0.35013986,0
-2.7932131,-3.7277451,0.69934368,-0.71360719,-0.60676748,0.35013986,0
-2.4953005,-4.5237536,-0.072917938,-0.71360719,-0.60676748,0.35013986,0
2.9178715,3.8545928,-0.22546482,0.71360719,0.60676748,-0.35013986,0
-1.970673,-4.8841977,0.37168312,-0.71360719,-0.60676748,0.35013986,0
-1.894078,-5.0286384,0.27748299,-0.71360719,-0.60676748,0.35013986,0
1.4358687,3.7526648,2.7507515,-0.44497335,0.77862763,0.44242248,0
-3.1820869,2.6752863,0.0022699237,-0.44497335,0.77862763,0.44242248,0
2.1451406,-2.1606505,-1.9509119,0.44497335,-0.77862763,-0.44242248,0
0.75782901,3.5363967,-2.8396838,-0.54107618,0.159913,-0.82562965,0
1.1969802,1.9754559,2.6261692,0.54107618,-0.159913,0.82562965,0
-2.3621686,1.6296484,2.6671534,-0.44497335,0.77862763,0.44242248,0
-0.93414128,-1.9425635,3.2639332,0.54107618,-0.159913,0.82562965,0
-1.0147791,2.1156437,3.1669986,-0.44497335,0.77862763,0.44242248,0
-3.9702425,-0.74716473,3.4656174,-0.71360719,-0.60676748,0.35013986,0
1.0904315,-4.3909636,0.91346788,0.44497335,-0.77862763,-0.44242248,0
1.1246518,-4.3244205,0.83077526,0.44497335,-0.77862763,-0.44242248,0
-0.10693216,-4.4789629,-0.1359272,0.44497335,-0.77862763,-0.44242248,0
-0.14495921,3.8954678,0.90948796,-0.44497335,0.77862763,0.44242248,0
4.2918797,2.6098304,0.41776657,0.71360719,0.60676748,-0.35013986,0
-0.13735056,-4.1346498,-0.77248478,0.44497335,-0.77862763,-0.44242248,0
0.90061522,2.1903887,2.8620219,0.54107618,-0.159913,0.82562965,0
-4.7423997,-1.0474594,-0.12293959,-0.54107618,0.159913,-0.82562965,0
-3.5231113,-1.0542347,3.8447695,-0.71360719,-0.60676748,0.35013986,0
-3.2887826,-1.9037094,2.8502662,-0.71360719,-0.60676748,0.35013986,0
-0.37035656,-2.7371426,-3.3154249,-0.54107618,0.159913,-0.82562965,0
-4.3289661,-0.84500241,2.5649693,-0.71360719,-0.60676748,0.35013986,0
-5.6164336,-0.12958807,1.1807919,-0.71360719,-0.60676748,0.35013986,0
-3.1341906,-2.4669209,2.1893291,-0.71360719,-0.60676748,0.35013986,0
1.9121099,3.6074765,-2.703505,0.71360719,0.60676748,-0.35013986,0
2.8115683,3.960705,-0.25823116,0.71360719,0.60676748,-0.35013986,0
-2.4460034,-4.0607328,0.8299346,-0.71360719,-0.60676748,0.35013986,0
2.5052779,2.7044001,-3.0595586,0.71360719,0.60676748,-0.35013986,0
1.7584691,2.8194799,-3.6343098,-0.54107618,0.159913,-0.82562965,0
-4.0821023,1.9513729,0.37109411,-0.44497335,0.77862763,0.44242248,0
4.3919187,1.5146164,-1.2762756,0.71360719,0.60676748,-0.35013986,0
-1.1274803,-0.98605037,-2.480082,-0.54107618,0.159913,-0.82562965,0
0.45370245,-2.2270083,-3.5353184,0.44497335,-0.77862763,-0.44242248,0
1.5955391,5.1797504,0.39978838,-0.44497335,0.77862763,0.44242248,0
-2.4779787,-3.4285476,1.8602986,-0.71360719,-0.60676748,0.35013986,0
0.37214422,-0.85154724,-3.4368091,-0.54107618,0.159913,-0.82562965,0
-3.4105737,-1.789706,2.7996087,-0.71360719,-0.60676748,0.35013986,0
-4.6621256,-1.7707434,0.28172588,-0.71360719,-0.60676748,0.35013986,0
-1.7499051,-0.087062597,-1.898055,-0.54107618,0.159913,-0.82562965,0
4.69941,0.62959671,-2.1832647,0.71360719,0.60676748,-0.35013986,0
-4.0337634,-2.1983657,-0.81025887,-0.54107618,0.159913,-0.82562965,0
3.4069159,0.3179698,0.85685682,0.54107618,-0.159913,0.82562965,0
-0.76165092,3.0675044,-1.9347111,-0.54107618,0.159913,-0.82562965,0
-2.8399591,-2.8646653,-1.7216716,-0.54107618,0.159913,-0.82562965,0
-0.35280776,4.2452922,0.084778309,-0.44497335,0.77862763,0.44242248,0
1.709424,0.4878149,2.0022044,0.54107618,-0.159913,0.82562965,0
3.9352658,-0.51481271,-3.0470057,0.44497335,-0.77862763,-0.44242248,0
-3.7349873,0.87217975,-0.41134,-0.54107618,0.159913,-0.82562965,0
1.0003136,1.2432048,-3.4427552,-0.54107618,0.159913,-0.82562965,0
-5.0087705,-0.22934842,2.2463696,-0.71360719,-0.60676748,0.35013986,0
-1.5332112,-4.4985061,1.931633,-0.71360719,-0.60676748,0.35013986,0
4.3464313,-0.12551928,0.15524817,0.54107618,-0.159913,0.82562965,0
-5.0307903,-0.46532094,0.17880869,-0.54107618,0.159913,-0.82562965,0
1.3898541,4.6990275,-1.8763156,0.71360719,0.60676748,-0.35013986,0
2.4230695,-3.2042575,0.16528285,0.44497335,-0.77862763,-0.44242248,0
3.5416329,2.4082623,1.1734309,0.54107618,-0.159913,0.82562965,0
-3.8337166,-1.4773208,2.4785571,-0.71360719,-0.60676748,0.35013986,0
2.5352941,-1.9110659,-1.9977577,0.44497335,-0.77862763,-0.44242248,0
-3.2295496,1.6945906,1.6804785,-0.44497335,0.77862763,0.44242248,0
-3.8011887,-1.1391976,3.1307948,-0.71360719,-0.60676748,0.35013986,0
3.0058768,4.5110164,1.0914316,0.71360719,0.60676748,-0.35013986,0
5.2861643,-0.74222845,-1.2880859,0.44497335,-0.77862763,-0.44242248,0
0.19769038,-4.3925385,2.0476618,0.54107618,-0.159913,0.82562965,0
-2.9548945,0.26644099,-1.0398966,-0.54107618,0.159913,-0.82562965,0
-1.5529927,-5.3651071,0.38955975,-0.71360719,-0.60676748,0.35013986,0
0.21572423,2.9194312,-2.6039135,-0.54107618,0.159913,-0.82562965,0
-4.6027932,-0.9399904,-0.19361591,-0.54107618,0.159913,-0.82562965,0
0.86208868,1.6878914,2.7899435,0.54107618,-0.159913,0.82562965,0
-3.0414376,0.95462823,3.1719491,-0.44497335,0.77862763,0.44242248,0
-3.5966341,-1.6115162,2.7291956,-0.71360719,-0.60676748,0.35013986,0
4.3878751,0.64268279,-2.7955155,0.71360719,0.60676748,-0.35013986,0
2.7524424,-0.77430558,1.0742071,0.54107618,-0.159913,0.82562965,0
1.9850534,-2.881115,-0.84396261,0.44497335,-0.77862763,-0.44242248,0
0.82962847,5.5434823,-1.5547113,0.71360719,0.60676748,-0.35013986,0
2.4953372,2.7333,-3.0297368,0.71360719,0.60676748,-0.35013986,0
-2.2362938,-3.1429043,2.8478687,-0.71360719,-0.60676748,0.35013986,0
-1.6737921,0.88537121,-1.7595885,-0.54107618,0.159913,-0.82562965,0
0.60150933,0.088824272,-3.4049866,-0.54107618,0.159913,-0.82562965,0
-1.1995931,-4.3700037,2.8342547,-0.71360719,-0.60676748,0.35013986,0
-4.1603799,1.9757886,0.081194401,-0.54107618,0.159913,-0.82562965,0
4.527885,1.6686388,-0.73225737,0.71360719,0.60676748,-0.35013986,0
0.83859384,2.8692753,-3.0218253,-0.54107618,0.159913,-0.82562965,0
2.8155198,4.5642567,0.79573393,0.71360719,0.60676748,-0.35013986,0
-1.3205044,-3.7564726,-2.6280212,0.44497335,-0.77862763,-0.44242248,0
1.3447895,4.0042582,2.2163641,-0.44497335,0.77862763,0.44242248,0
-1.8732288,-1.7318474,-2.1358068,-0.54107618,0.159913,-0.82562965,0
0.92158079,3.6419713,2.4283104,-0.44497335,0.77862763,0.44242248,0
1.4635775,-1.1332159,1.8493487,0.54107618,-0.159913,0.82562965,0
-3.9333649,1.2078865,1.8291645,-0.44497335,0.77862763,0.44242248,0
-4.5680532,1.4736989,0.72300911,-0.44497335,0.77862763,0.44242248,0
3.6671448,-0.71765876,-2.9596808,0.44497335,-0.77862763,-0.44242248,0
0.6518172,-2.802634,2.0579925,0.54107618,-0.159913,0.82562965,0
-1.9666746,-0.13469601,-1.7652209,-0.54107618,0.159913,-0.82562965,0
1.3154349,-2.6663194,1.6494927,0.54107618,-0.159913,0.82562965,0
2.4336259,-2.6765015,0.91471457,0.54107618,-0.159913,0.82562965,0
-4.4726849,1.2722297,1.1734962,-0.44497335,0.77862763,0.44242248,0
1.442029,-3.8750026,1.3324244,0.54107618,-0.159913,0.82562965,0
2.2488818,2.8270526,-3.3695619,0.71360719,0.60676748,-0.35013986,0
4.0632553,0.98109198,-2.8706717,0.71360719,0.60676748,-0.35013986,0
-2.5470295,2.2854824,-0.91613072,-0.54107618,0.159913,-0.82562965,0
5.1989546,0.99639809,-0.52952051,0.71360719,0.60676748,-0.35013986,0
2.6061406,2.6883962,-2.8817267,0.71360719,0.60676748,-0.35013986,0
0.90542281,-4.1416402,0.28860354,0.44497335,-0.77862763,-0.44242248,0
-0.21712118,-5.4586902,1.4774885,0.44497335,-0.77862763,-0.44242248,0
2.0691562,4.9788375,1.2297263,-0.44497335,0.77862763,0.44242248,0
-5.0667052,-0.59639472,1.4922304,-0.71360719,-0.60676748,0.35013986,0
-4.1667604,-1.929098,1.0168948,-0.71360719,-0.60676748,0.35013986,0
-3.0519996,-2.0756764,3.0348389,-0.71360719,-0.60676748,0.35013986,0
-0.41053727,-4.1050582,2.5019443,0.54107618,-0.159913,0.82562965,0
-3.3711884,-0.49131459,-0.9138453,-0.54107618,0.159913,-0.82562965,0
-5.3642292,-0.88403863,0.38739157,-0.71360719,-0.60676748,0.35013986,0
-2.4698462,3.2672415,-0.32317597,-0.44497335,0.77862763,0.44242248,0
2.1379182,-0.9913938,-4.0159721,0.44497335,-0.77862763,-0.44242248,0
3.0001748,2.7934887,1.6028881,0.54107618,-0.159913,0.82562965,0
-2.7436562,0.023664951,4.8306293,0.54107618,-0.159913,0.82562965,0
-3.813529,0.46534234,-0.43866634,-0.54107618,0.159913,-0.82562965,0
-1.0778663,3.5511961,0.57709241,-0.44497335,0.77862763,0.44242248,0
3.9074283,3.0880706,1.0653758,0.54107618,-0.159913,0.82562965,0
3.9195886,0.51147389,-3.977289,0.71360719,0.60676748,-0.35013986,0
-4.8172998,0.56850755,0.23913622,-0.54107618,0.159913,-0.82562965,0
-1.2673897,-1.7547023,-2.5372696,-0.54107618,0.159913,-0.82562965,0
0.32910228,-3.7967842,-0.89795804,0.44497335,-0.77862763,-0.44242248,0
-1.7286432,-3.866375,-2.6439886,-0.54107618,0.159913,-0.82562965,0
-2.3774459,2.8484359,0.50682056,-0.44497335,0.77862763,0.44242248,0
3.5167992,2.1900125,-1.8894105,0.71360719,0.60676748,-0.35013986,0
2.2201746,3.5400195,-2.1925473,0.71360719,0.60676748,-0.35013986,0
1.9356054,-3.5917757,1.0638162,0.54107618,-0.159913,0.82562965,0
1.8587495,4.2807188,-1.6455755,0.71360719,0.60676748,-0.35013986,0
3.2560546,-1.206532,0.66044891,0.54107618,-0.159913,0.82562965,0
0.1918056,2.1484885,-2.7375593,-0.54107618,0.159913,-0.82562965,0
-1.6211865,1.5632564,-1.6627667,-0.54107618,0.159913,-0.82562965,0
3.535593,4.0011454,1.287457,0.71360719,0.60676748,-0.35013986,0
-4.925231,0.18863845,2.6253734,-0.44497335,0.77862763,0.44242248,0
3.2868602,1.4778156,-3.5922272,0.71360719,0.60676748,-0.35013986,0
-0.0026566982,-3.1169159,-2.4281433,0.44497335,-0.77862763,-0.44242248,0
2.1349695,-0.90852094,-4.1647887,0.44497335,-0.77862763,-0.44242248,0
-0.52887082,2.7219906,-2.1541846,-0.54107618,0.159913,-0.82562965,0
5.1167974,-0.3081609,-2.222353,0.44497335,-0.77862763,-0.44242248,0
0.76747108,4.0311794,1.5883374,-0.44497335,0.77862763,0.44242248,0
2.4589922,5.1599073,1.1013274,0.71360719,0.60676748,-0.35013986,0
2.8547018,-2.2728894,0.71693677,0.54107618,-0.159913,0.82562965,0
-0.89396423,3.6640234,-1.7324623,-0.54107618,0.159913,-0.82562965,0
0.029754639,-3.3846073,-1.9244294,0.44497335,-0.77862763,-0.44242248,0
-3.9197941,0.63166189,2.8569221,-0.44497335,0.77862763,0.44242248,0
4.7580795,0.69156152,0.043732166,0.54107618,-0.159913,0.82562965,0
-4.2374268,-2.3110819,0.21092224,-0.71360719,-0.60676748,0.35013986,0
-0.82730526,-5.5231895,1.5946112,-0.71360719,-0.60676748,0.35013986,0
-2.0949471,-4.4987144,0.78641939,-0.71360719,-0.60676748,0.35013986,0
-4.2201424,-1.8957771,0.96584225,-0.71360719,-0.60676748,0.35013986,0
0.54987299,1.2340724,-3.1493285,-0.54107618,0.159913,-0.82562965,0
2.4852772,-0.072216511,1.3852789,0.54107618,-0.159913,0.82562965,0
1.3402333,3.9544075,2.2995141,-0.44497335,0.77862763,0.44242248,0
1.7780192,-1.3158554,1.6079046,0.54107618,-0.159913,0.82562965,0
-5.2910175,-0.91021931,0.49123144,-0.71360719,-0.60676748,0.35013986,0
2.8365612,0.094942212,1.1874413,0.54107618,-0.159913,0.82562965,0
-0.1957438,-4.7129049,0.18646765,0.44497335,-0.77862763,-0.44242248,0
0.019937247,-4.4054856,2.1616447,0.54107618,-0.159913,0.82562965,0
0.19910014,4.9986286,-2.1903071,-0.54107618,0.159913,-0.82562965,0
-0.40770149,-0.33253288,3.2307718,0.54107618,-0.159913,0.82562965,0
-4.993114,-1.2503353,0.50898123,-0.71360719,-0.60676748,0.35013986,0
-1.56188,2.6879423,1.6095444,-0.44497335,0.77862763,0.44242248,0
1.1442431,1.5762141,2.5834031,0.54107618,-0.159913,0.82562965,0
-3.7379141,1.5611726,1.4039874,-0.44497335,0.77862763,0.44242248,0
1.4635562,-0.79226685,1.9153996,0.54107618,-0.159913,0.82562965,0
-2.0257559,-3.1634727,3.2413144,-0.71360719,-0.60676748,0.35013986,0
-1.7809193,2.2207634,2.2114396,-0.44497335,0.77862763,0.44242248,0
1.1306243,-4.238987,0.68642664,0.44497335,-0.77862763,-0.44242248,0
-3.704355,2.3812475,-0.13912928,-0.54107618,0.159913,-0.82562965,0
0.022751808,3.5762842,1.6399026,-0.44497335,0.77862763,0.44242248,0
1.6642673,3.5936403,-3.2325995,0.71360719,0.60676748,-0.35013986,0
2.0198803,-3.17221,-0.29663193,0.44497335,-0.77862763,-0.44242248,0
-0.82722604,3.9220452,0.17651367,-0.44497335,0.77862763,0.44242248,0
-0.14406061,-2.8511202,-3.0381408,0.44497335,-0.77862763,-0.44242248,0
4.1836729,-0.0083577633,-3.6884871,0.44497335,-0.77862763,-0.44242248,0
1.9220128,-2.8851724,-0.90022641,0.44497335,-0.77862763,-0.44242248,0
0.34596694,5.0436287,-0.61742544,-0.44497335,0.77862763,0.44242248,0
-0.88213789,-5.534956,0.94285917,0.44497335,-0.77862763,-0.44242248,0
5.7950625,0.063629061,-0.93103743,0.71360719,0.60676748,-0.35013986,0
-2.4357519,2.0265355,1.8946565,-0.44497335,0.77862763,0.44242248,0
2.9355376,1.508934,1.3964477,0.54107618,-0.159913,0.82562965,0
-2.5421455,-1.7820108,4.3488355,0.54107618,-0.159913,0.82562965,0
-3.4651489,-3.0530076,0.49916887,-0.71360719,-0.60676748,0.35013986,0
-3.5065584,-2.6897137,1.0443349,-0.71360719,-0.60676748,0.35013986,0
0.50337952,-2.6366572,2.1874185,0.54107618,-0.159913,0.82562965,0
-4.0119019,-1.8229371,1.5164762,-0.71360719,-0.60676748,0.35013986,0
2.3664021,4.7939663,0.27847385,0.71360719,0.60676748,-0.35013986,0
-1.3376884,2.277359,-1.7102454,-0.54107618,0.159913,-0.82562965,0
3.7949376,1.5746987,-2.3888431,0.71360719,0.60676748,-0.35013986,0
4.5435209,2.1708508,0.16990709,0.71360719,0.60676748,-0.35013986,0
1.8172839,5.2475357,-0.054660797,0.71360719,0.60676748,-0.35013986,0
0.20925951,1.7071061,-2.834487,-0.54107618,0.159913,-0.82562965,0
3.4466186,2.9884753,-0.64876413,0.71360719,0.60676748,-0.35013986,0
-5.5490651,0.02264297,1.5818985,-0.71360719,-0.60676748,0.35013986,0
-4.6038256,-0.40001464,2.7759211,-0.71360719,-0.60676748,0.35013986,0
-0.21888232,4.7436223,-1.9657731,-0.54107618,0.159913,-0.82562965,0
1.9755739,2.5666144,-3.8255656,-0.54107618,0.159913,-0.82562965,0
-1.337878,-3.7221115,-2.7059686,0.44497335,-0.77862763,-0.44242248,0
1.746349,5.1730547,0.5632515,-0.44497335,0.77862763,0.44242248,0
-0.33417869,-1.3502514,-3.0705128,-0.54107618,0.159913,-0.82562965,0
2.0039134,-0.91800284,1.5369234,0.54107618,-0.159913,0.82562965,0
-3.7607348,-0.010461569,4.1469831,-0.44497335,0.77862763,0.44242248,0
0.48139071,-2.6467001,-2.7688463,0.44497335,-0.77862763,-0.44242248,0
-4.4466333,-0.61676049,2.7206838,-0.71360719,-0.60676748,0.35013986,0
-4.9195852,-0.089736223,2.670074,-0.71360719,-0.60676748,0.35013986,0
-1.1245395,2.8609488,-1.7368991,-0.54107618,0.159913,-0.82562965,0
2.4370456,5.0562763,0.87701464,0.71360719,0.60676748,-0.35013986,0
0.59312916,-4.4585648,0.53227162,0.44497335,-0.77862763,-0.44242248,0
-2.1752696,3.7113359,-0.80847108,-0.44497335,0.77862763,0.44242248,0
1.6522045,-3.2521205,-0.52579153,0.44497335,-0.77862763,-0.44242248,0
-4.8142672,0.48334539,2.218317,-0.44497335,0.77862763,0.44242248,0
0.032227755,-1.6557667,2.686172,0.54107618,-0.159913,0.82562965,0
0.1020391,-5.1879959,1.3220892,0.44497335,-0.77862763,-0.44242248,0
-4.6319947,1.4768472,0.29362917,-0.54107618,0.159913,-0.82562965,0
-1.6587644,-4.4609408,1.7408471,-0.71360719,-0.60676748,0.35013986,0
2.5358541,-3.2393038,0.34039652,0.44497335,-0.77862763,-0.44242248,0
-4.070612,-1.2522572,2.3857691,-0.71360719,-0.60676748,0.35013986,0
2.2401783,3.5962286,-2.0543723,0.71360719,0.60676748,-0.35013986,0
-2.9316492,-4.0042748,-0.062004089,-0.71360719,-0.60676748,0.35013986,0
-3.7158651,-0.29110384,4.6860199,-0.44497335,0.77862763,0.44242248,0
1.3816965,-1.3959465,-4.0645742,0.44497335,-0.77862763,-0.44242248,0
3.6517305,3.1792378,0.099844456,0.71360719,0.60676748,-0.35013986,0
-1.6992328,-4.5686288,1.4717541,-0.71360719,-0.60676748,0.35013986,0
-1.8722911,-1.7391816,-2.1378417,-0.54107618,0.159913,-0.82562965,0
-3.2948148,-1.0033436,4.3982425,-0.71360719,-0.60676748,0.35013986,0
0.40726089,-4.8581491,1.0485671,0.44497335,-0.77862763,-0.44242248,0
1.6105011,-2.6258173,1.4639661,0.54107618,-0.159913,0.82562965,0
3.7758837,-0.19898432,0.51492691,0.54107618,-0.159913,0.82562965,0
4.3260989,0.6658957,-2.8811927,0.71360719,0.60676748,-0.35013986,0
2.1134486,-1.8009355,-2.6158562,0.44497335,-0.77862763,-0.44242248,0
3.9337072,0.9747355,-3.1457143,0.71360719,0.60676748,-0.35013986,0
-5.8025703,-0.15189108,0.762784,-0.71360719,-0.60676748,0.35013986,0
2.8417008,2.1800027,-3.2826495,0.71360719,0.60676748,-0.35013986,0
-0.92305541,2.6393635,2.3375471,-0.44497335,0.77862763,0.44242248,0
0.21654129,3.2163899,2.468194,-0.44497335,0.77862763,0.44242248,0
0.70222616,4.0104361,1.5592232,-0.44497335,0.77862763,0.44242248,0
-2.172483,3.4024007,-0.26196742,-0.44497335,0.77862763,0.44242248,0
-4.1765079,2.0048888,0.18195999,-0.44497335,0.77862763,0.44242248,0
-1.4211612,-4.6036305,1.9778252,-0.71360719,-0.60676748,0.35013986,0
-4.6937723,-1.4173176,0.82968998,-0.71360719,-0.60676748,0.35013986,0
3.4171495,-1.2392077,0.54854667,0.54107618,-0.159913,0.82562965,0
1.5263331,3.7364616,2.7514105,0.54107618,-0.159913,0.82562965,0
0.42510962,-0.25430655,2.7001407,0.54107618,-0.159913,0.82562965,0
-1.3863918,3.962683,-1.3519038,-0.54107618,0.159913,-0.82562965,0
-5.6583629,0.049853086,1.4062958,-0.71360719,-0.60676748,0.35013986,0
-1.8667574,-0.16839838,4.2187538,0.54107618,-0.159913,0.82562965,0
-0.9335916,-5.1999264,0.30148363,0.44497335,-0.77862763,-0.44242248,0
-0.063464224,-5.5598431,1.8100529,0.44497335,-0.77862763,-0.44242248,0
-4.3312402,-2.1336632,0.32717752,-0.71360719,-0.60676748,0.35013986,0
-2.6426468,-2.3612554,3.3742375,-0.71360719,-0.60676748,0.35013986,0
3.3296492,0.23679399,-4.9788809,0.44497335,-0.77862763,-0.44242248,0
0.91993976,4.8466635,-2.5781875,0.71360719,0.60676748,-0.35013986,0
-2.5496356,0.25380921,-1.3079295,-0.54107618,0.159913,-0.82562965,0
-2.1420097,0.48463142,-1.53036,-0.54107618,0.159913,-0.82562965,0
2.5030143,-2.9427626,0.81767011,0.54107618,-0.159913,0.82562965,0
1.6928968,4.9872241,-0.75927067,0.71360719,0.60676748,-0.35013986,0
3.0213718,4.8064613,1.9788818,0.54107618,-0.159913,0.82562965,0
-1.6303588,-5.3390698,-0.15441942,0.44497335,-0.77862763,-0.44242248,0
1.7566257,-3.0923333,-0.70198083,0.44497335,-0.77862763,-0.44242248,0
4.2718477,-1.0289671,-1.803614,0.44497335,-0.77862763,-0.44242248,0
2.1030316,3.4457345,2.3171613,0.54107618,-0.159913,0.82562965,0
1.4045129,5.4647884,-0.29398251,-0.44497335,0.77862763,0.44242248,0
-0.014296055,-3.1173646,-2.4390593,0.44497335,-0.77862763,-0.44242248,0
2.2683346,3.2384362,-2.6170175,0.71360719,0.60676748,-0.35013986,0
-2.8731041,-4.2073779,-0.29464865,-0.71360719,-0.60676748,0.35013986,0
1.7791417,4.1371474,2.4193459,-0.44497335,0.77862763,0.44242248,0
3.9849455,-0.80649054,-2.4837117,0.44497335,-0.77862763,-0.44242248,0
-0.315166,-2.9857411,-2.9733109,0.44497335,-0.77862763,-0.44242248,0
3.0662889,-1.5792935,-2.0475938,0.44497335,-0.77862763,-0.44242248,0
-2.4206371,-5.0895886,-1.3883209,0.44497335,-0.77862763,-0.44242248,0
-3.5852339,0.5494349,3.3381238,-0.44497335,0.77862763,0.44242248,0
-1.2674537,4.0688844,-0.52467728,-0.44497335,0.77862763,0.44242248,0
-3.7229428,-1.8304536,2.0923672,-0.71360719,-0.60676748,0.35013986,0
-5.4164615,-0.63510972,0.71231461,-0.71360719,-0.60676748,0.35013986,0
0.19676781,4.0626569,0.95894623,-0.44497335,0.77862763,0.44242248,0
4.2812157,-1.3778147,-1.1802483,0.44497335,-0.77862763,-0.44242248,0
-3.2629504,1.3569958,2.2410243,-0.44497335,0.77862763,0.44242248,0
-2.3425317,-3.2925842,-2.1305418,-0.54107618,0.159913,-0.82562965,0
-4.5176511,-0.95964789,1.9817448,-0.71360719,-0.60676748,0.35013986,0
2.6327953,-3.3182569,0.65989012,0.54107618,-0.159913,0.82562965,0
-3.6403694,-3.2137837,-0.13655472,-0.71360719,-0.60676748,0.35013986,0
1.4605573,5.1342907,-0.97793722,0.71360719,0.60676748,-0.35013986,0
-4.8175607,0.026416779,3.0191624,-0.44497335,0.77862763,0.44242248,0
-1.1546506,-1.2950988,3.533849,0.54107618,-0.159913,0.82562965,0
4.2854795,0.32370734,-3.5569649,0.71360719,0.60676748,-0.35013986,0
2.7948439,2.4450772,1.6699691,0.54107618,-0.159913,0.82562965,0
-2.9090636,-2.660882,2.3120315,-0.71360719,-0.60676748,0.35013986,0
-3.4520278,1.0768225,2.5439394,-0.44497335,0.77862763,0.44242248,0
4.744318,0.4639467,-2.3787994,0.71360719,0.60676748,-0.35013986,0
-3.5326595,2.3604815,-0.2556721,-0.54107618,0.159913,-0.82562965,0
-3.7418628,-0.13443995,4.3841558,-0.44497335,0.77862763,0.44242248,0
-1.3341496,-2.2571058,3.4651563,0.54107618,-0.159913,0.82562965,0
2.5831892,3.3145235,-1.8434687,0.71360719,0.60676748,-0.35013986,0
3.6121886,0.18646193,-4.606132,0.44497335,-0.77862763,-0.44242248,0
3.512821,3.1579843,1.3375235,0.54107618,-0.159913,0.82562965,0
0.01578784,-4.1862845,-0.52759004,0.44497335,-0.77862763,-0.44242248,0
2.3715978,3.3952041,-2.134892,0.71360719,0.60676748,-0.35013986,0
4.3864193,1.8842895,-0.6468668,0.71360719,0.60676748,-0.35013986,0
-5.4916525,0.89081961,0.81990457,-0.44497335,0.77862763,0.44242248,0
-2.2125764,-4.3944578,-2.4024348,0.44497335,-0.77862763,-0.44242248,0
-0.056465387,-1.2996826,2.8132658,0.54107618,-0.159913,0.82562965,0
2.4740462,-1.1880088,-3.3318801,0.44497335,-0.77862763,-0.44242248,0
-4.2787466,1.0107353,1.8287616,-0.44497335,0.77862763,0.44242248,0
4.9240847,1.5690534,-0.097351074,0.71360719,0.60676748,-0.35013986,0
4.5665264,1.0636011,-1.7019911,0.71360719,0.60676748,-0.35013986,0
0.54765308,1.6235809,-3.0724311,-0.54107618,0.159913,-0.82562965,0
-3.4719729,-1.0169511,4.0136023,-0.71360719,-0.60676748,0.35013986,0
1.1075706,5.2682886,-1.465138,0.71360719,0.60676748,-0.35013986,0
-4.8503613,-0.95583457,1.3102689,-0.71360719,-0.60676748,0.35013986,0
-3.1800771,-3.861208,-0.3203907,-0.71360719,-0.60676748,0.35013986,0
4.4498763,1.5988989,-1.0120993,0.71360719,0.60676748,-0.35013986,0
2.0928991,2.4057245,-3.9336171,-0.54107618,0.159913,-0.82562965,0
-0.88649392,3.8114069,0.31161785,-0.44497335,0.77862763,0.44242248,0
0.80311453,-3.8329153,-0.35762501,0.44497335,-0.77862763,-0.44242248,0
-2.7478502,0.074598312,4.8432431,0.54107618,-0.159913,0.82562965,0
-0.059848666,0.59455609,-2.8736126,-0.54107618,0.159913,-0.82562965,0
2.2882917,3.2206974,-2.6070831,0.71360719,0.60676748,-0.35013986,0
3.7768545,0.31300974,-4.612114,0.71360719,0.60676748,-0.35013986,0
-3.3338892,-3.179518,-1.4589567,-0.54107618,0.159913,-0.82562965,0
3.6430693,1.0305123,0.84010315,0.54107618,-0.159913,0.82562965,0
1.4809477,-2.7420716,-1.5956802,0.44497335,-0.77862763,-0.44242248,0
-0.33297032,-3.9845424,2.4744532,0.54107618,-0.159913,0.82562965,0
1.2283967,0.47681546,-3.7406685,-0.54107618,0.159913,-0.82562965,0
-1.9761887,-4.4432096,-2.0788846,0.44497335,-0.77862763,-0.44242248,0
0.29354608,-5.0336657,1.2430913,0.44497335,-0.77862763,-0.44242248,0
0.577232,1.1513364,-3.1832829,-0.54107618,0.159913,-0.82562965,0
-4.5444345,1.3945848,0.88599753,-0.44497335,0.77862763,0.44242248,0
-2.8535686,-2.1602266,3.2927339,-0.71360719,-0.60676748,0.35013986,0
2.3659525,2.5179844,-3.6665573,0.71360719,0.60676748,-0.35013986,0
-0.98358905,-0.34960294,-2.4511101,-0.54107618,0.159913,-0.82562965,0
-2.0891931,-2.7633417,3.8054245,-0.71360719,-0.60676748,0.35013986,0
2.3848948,3.094523,-2.6288517,0.71360719,0.60676748,-0.35013986,0
-1.1366394,0.63044143,-2.1609879,-0.54107618,0.159913,-0.82562965,0
-2.6317563,1.8276509,-0.94928062,-0.54107618,0.159913,-0.82562965,0
-0.41275144,2.7802782,2.6027951,-0.44497335,0.77862763,0.44242248,0
-1.3801796,-1.2407181,3.6921821,0.54107618,-0.159913,0.82562965,0
-5.5382957,0.26528937,0.65291119,-0.54107618,0.159913,-0.82562965,0
1.1210558,-1.595306,1.9843194,0.54107618,-0.159913,0.82562965,0
-3.2755721,-0.54729986,5.0686321,0.54107618,-0.159913,0.82562965,0
2.2959213,0.24537504,1.5708863,0.54107618,-0.159913,0.82562965,0
5.4047928,0.57788479,-0.83526182,0.71360719,0.60676748,-0.35013986,0
-1.6451812,3.0827885,0.8308655,-0.44497335,0.77862763,0.44242248,0
4.6304984,2.0596743,0.15451145,0.71360719,0.60676748,-0.35013986,0
-2.6144314,1.0409279,3.4495356,-0.44497335,0.77862763,0.44242248,0
2.3077173,-3.4438622,0.47095048,0.44497335,-0.77862763,-0.44242248,0
1.4395578,3.6128342,2.7843337,0.54107618,-0.159913,0.82562965,0
1.4056115,1.0264952,-3.7503407,-0.54107618,0.159913,-0.82562965,0
-2.1769543,2.5393023,1.2525184,-0.44497335,0.77862763,0.44242248,0
0.89167404,-2.6597195,-2.3332846,0.44497335,-0.77862763,-0.44242248,0
5.2681904,1.092309,-0.22220707,0.71360719,0.60676748,-0.35013986,0
-0.0045779496,3.6118119,-2.325434,-0.54107618,0.159913,-0.82562965,0
0.64904094,-2.6551189,-2.5854127,0.44497335,-0.77862763,-0.44242248,0
-5.7089596,0.14926137,0.74228287,-0.54107618,0.159913,-0.82562965,0
1.1912706,-3.8724875,1.4972459,0.54107618,-0.159913,0.82562965,0
1.3210095,-3.8512609,0.19554257,0.44497335,-0.77862763,-0.44242248,0
-3.7265687,2.068068,-0.18523026,-0.54107618,0.159913,-0.82562965,0
-3.4277093,-0.6337409,4.76789,-0.71360719,-0.60676748,0.35013986,0
3.7227747,-2.0896261,-0.48917902,0.44497335,-0.77862763,-0.44242248,0
0.56478047,-3.3365684,-1.4708637,0.44497335,-0.77862763,-0.44242248,0
-2.6040823,-0.080812931,4.718924,0.54107618,-0.159913,0.82562965,0
-3.8852324,-0.95863032,3.2724183,-0.71360719,-0.60676748,0.35013986,0
-4.3089652,-0.7531085,-0.3499794,-0.54107618,0.159913,-0.82562965,0
-1.9900444,0.35224819,4.4003921,0.54107618,-0.159913,0.82562965,0
-2.8834963,-3.4909153,-1.814435,-0.54107618,0.159913,-0.82562965,0
-1.6132318,-2.3473818,-2.4254155,-0.54107618,0.159913,-0.82562965,0
-0.41237736,0.23353314,3.3434753,0.54107618,-0.159913,0.82562965,0
3.1916351,3.1415558,-0.90315819,0.71360719,0.60676748,-0.35013986,0
-1.2186162,2.7377355,1.8671557,-0.44497335,0.77862763,0.44242248,0
-2.0516844,-4.6731181,-1.7501945,0.44497335,-0.77862763,-0.44242248,0
-4.6938748,0.97024107,1.4825068,-0.44497335,0.77862763,0.44242248,0
-2.0005829,-2.0002375,-2.1043284,-0.54107618,0.159913,-0.82562965,0
2.3410997,-2.0710194,-1.911566,0.44497335,-0.77862763,-0.44242248,0
-1.0642235,3.8787909,0.014273643,-0.44497335,0.77862763,0.44242248,0
-4.7392521,-0.041924715,3.1204572,-0.71360719,-0.60676748,0.35013986,0
-2.9268281,1.7177229,1.9442339,-0.44497335,0.77862763,0.44242248,0
1.4289908,0.21133757,2.1324363,0.54107618,-0.159913,0.82562965,0
4.0322504,-0.10741639,-3.6664467,0.44497335,-0.77862763,-0.44242248,0
5.0124326,0.10495496,-2.4544709,0.71360719,0.60676748,-0.35013986,0
-4.473948,1.5840349,0.62347424,-0.44497335,0.77862763,0.44242248,0
-5.1121001,-1.0044276,0.12767839,-0.54107618,0.159913,-0.82562965,0
2.5426714,-1.1744316,-3.2867541,0.44497335,-0.77862763,-0.44242248,0
-2.4292755,-3.1008587,2.527421,-0.71360719,-0.60676748,0.35013986,0
1.7565124,3.3747492,-3.423923,0.71360719,0.60676748,-0.35013986,0
-4.3191986,-2.7172236,-0.65954876,-0.71360719,-0.60676748,0.35013986,0
-2.4079347,-4.2935777,0.50401831,-0.71360719,-0.60676748,0.35013986,0
5.068295,-0.28507531,-2.311763,0.44497335,-0.77862763,-0.44242248,0
0.11865163,3.2470193,2.315835,-0.44497335,0.77862763,0.44242248,0
1.9884466,0.16276968,1.7563902,0.54107618,-0.159913,0.82562965,0
-0.81321192,2.7419543,2.2674718,-0.44497335,0.77862763,0.44242248,0
1.4221874,4.637949,-1.9162631,0.71360719,0.60676748,-0.35013986,0
0.76026344,1.319313,2.7852859,0.54107618,-0.159913,0.82562965,0
-1.262023,-2.9780624,3.2782485,0.54107618,-0.159913,0.82562965,0
1.4542484,-0.17174101,2.0416868,0.54107618,-0.159913,0.82562965,0
3.05755,4.5980492,1.3475671,0.71360719,0.60676748,-0.35013986,0
4.8252602,-0.84798676,-1.565521,0.44497335,-0.77862763,-0.44242248,0
-0.10556316,-2.6828694,2.577538,0.54107618,-0.159913,0.82562965,0
3.7197561,2.1589916,-1.5295286,0.71360719,0.60676748,-0.35013986,0
1.0835098,5.0087442,0.18576384,-0.44497335,0.77862763,0.44242248,0
-4.1764488,1.4213822,1.2089442,-0.44497335,0.77862763,0.44242248,0
0.20732546,0.15615034,2.9223652,0.54107618,-0.159913,0.82562965,0
3.9146852,0.95339012,-3.2214715,0.71360719,0.60676748,-0.35013986,0
-3.4989171,-0.97847438,4.0253658,-0.71360719,-0.60676748,0.35013986,0
-0.94030809,3.7581964,0.35114002,-0.44497335,0.77862763,0.44242248,0
2.0417728,2.7845187,2.229239,0.54107618,-0.159913,0.82562965,0
4.0923686,-9.3221664e-05,-3.7948627,0.44497335,-0.77862763,-0.44242248,0
0.0068786144,-0.29401207,-3.0894456,-0.54107618,0.159913,-0.82562965,0
-4.1878576,1.2499669,1.4991469,-0.44497335,0.77862763,0.44242248,0
0.034328461,3.7719026,1.3072739,-0.44497335,0.77862763,0.44242248,0
1.8664315,-1.2328401,1.5660427,0.54107618,-0.159913,0.82562965,0
3.2038765,1.6220791,1.2425065,0.54107618,-0.159913,0.82562965,0
3.8294744,-2.2085047,-0.17264712,0.44497335,-0.77862763,-0.44242248,0
1.1847003,4.0743952,1.9319165,-0.44497335,0.77862763,0.44242248,0
-1.5449498,2.4082754,2.1187634,-0.44497335,0.77862763,0.44242248,0
0.3211863,3.17524,2.6458638,-0.44497335,0.77862763,0.44242248,0
-1.0763109,-3.083467,-2.9198563,-0.54107618,0.159913,-0.82562965,0
-4.9278722,0.40074718,2.2494233,-0.44497335,0.77862763,0.44242248,0
0.060987115,4.4133511,0.20518875,-0.44497335,0.77862763,0.44242248,0
-1.6045258,-4.0318923,-2.4289625,0.44497335,-0.77862763,-0.44242248,0
1.346359,4.6077833,-2.1230812,0.71360719,0.60676748,-0.35013986,0
-3.3656101,1.7653695,1.419068,-0.44497335,0.77862763,0.44242248,0
-2.1323552,-0.90078557,-1.8050233,-0.54107618,0.159913,-0.82562965,0
-0.35107279,2.5417356,3.0846446,-0.44497335,0.77862763,0.44242248,0
-3.3332198,-4.1610398,-1.1520929,-0.71360719,-0.60676748,0.35013986,0
-5.1829915,-0.4498702,0.28154707,-0.54107618,0.159913,-0.82562965,0
-2.2982683,-2.2461216,4.0991182,0.54107618,-0.159913,0.82562965,0
2.8349869,-1.766994,-1.949892,0.44497335,-0.77862763,-0.44242248,0
2.783828,4.3353071,0.33439064,0.71360719,0.60676748,-0.35013986,0
-4.4005919,1.1901548,0.086451292,-0.54107618,0.159913,-0.82562965,0
1.5512867,-1.8295853,1.6569912,0.54107618,-0.159913,0.82562965,0
-1.2020717,-4.7571144,2.1583676,-0.71360719,-0.60676748,0.35013986,0
3.4185135,-0.67034876,0.65783286,0.54107618,-0.159913,0.82562965,0
2.8643835,2.1349828,1.5643353,0.54107618,-0.159913,0.82562965,0
1.7830408,-1.8060042,-2.9392478,0.44497335,-0.77862763,-0.44242248,0
3.5010757,-0.82153201,-2.9438994,0.44497335,-0.77862763,-0.44242248,0
-2.4237287,0.63673425,4.3526864,-0.44497335,0.77862763,0.44242248,0
-1.6511573,3.7838187,-0.40890121,-0.44497335,0.77862763,0.44242248,0
4.0504246,0.11795336,0.39639306,0.54107618,-0.159913,0.82562965,0
3.4785967,2.4948461,1.2315111,0.54107618,-0.159913,0.82562965,0
2.0478649,4.3982887,-1.0564055,0.71360719,0.60676748,-0.35013986,0
-0.1090703,-2.8963461,-2.9233553,0.44497335,-0.77862763,-0.44242248,0
5.35496,0.3165558,-1.3896904,0.71360719,0.60676748,-0.35013986,0
-2.1730721,1.9328569,-1.2295022,-0.54107618,0.159913,-0.82562965,0
2.6040161,4.814054,0.79755592,0.71360719,0.60676748,-0.35013986,0
3.439815,1.0657854,-3.9945149,0.71360719,0.60676748,-0.35013986,0
3.5635533,-0.48228717,-3.4781041,0.44497335,-0.77862763,-0.44242248,0
0.062462807,4.105113,0.74914765,-0.44497335,0.77862763,0.44242248,0
-0.35452318,2.1178186,3.6705203,0.54107618,-0.159913,0.82562965,0
-0.20360708,4.8098927,-0.75881147,-0.44497335,0.77862763,0.44242248,0
-3.274631,-3.8291254,-1.6236115,-0.54107618,0.159913,-0.82562965,0
-5.1227465,-1.1453221,0.42676306,-0.71360719,-0.60676748,0.35013986,0
-0.32078826,4.8638744,-0.97167206,-0.44497335,0.77862763,0.44242248,0
-2.6040502,-0.74265575,4.5907135,0.54107618,-0.159913,0.82562965,0
3.2800531,4.0087004,0.77974176,0.71360719,0.60676748,-0.35013986,0
-3.2051489,-4.6967998,-1.81951,-0.71360719,-0.60676748,0.35013986,0
-0.43846893,3.6480985,1.0496359,-0.44497335,0.77862763,0.44242248,0
0.17783213,-4.7372899,0.60511303,0.44497335,-0.77862763,-0.44242248,0
-3.897655,1.0699168,2.1078959,-0.44497335,0.77862763,0.44242248,0
-3.5807214,-3.981262,-1.344974,-0.71360719,-0.60676748,0.35013986,0
