2.9925675,2.9780962,2.3526714,-0.24440059,0.38043344,0.89192963,0
-1.6069949,-1.1159221,-2.7672765,0.24440059,-0.38043344,-0.89192963,0
0.97800612,-2.2010989,-1.5960927,0.24440059,-0.38043344,-0.89192963,0
-3.4608614,-4.6369023,-1.549345,0.14412624,-0.89535487,0.42138708,0
4.7883968,1.4039892,0.50801611,0.95890343,0.23153761,0.16399491,0
5.4837999,-1.8960483,1.1010807,0.95890343,0.23153761,0.16399491,0
0.27472973,-1.7551326,3.2961082,0.14412624,-0.89535487,0.42138708,0
4.5423021,3.2314916,-0.63320827,0.95890343,0.23153761,0.16399491,0
4.7350163,2.3274024,-0.48358822,0.95890343,0.23153761,0.16399491,0
-3.4434676,2.6789038,-0.2494995,-0.14412624,0.89535487,-0.42138708,0
-0.45162487,3.0685482,-0.44488442,-0.14412624,0.89535487,-0.42138708,0
3.8950033,3.7781193,-0.42386961,-0.14412624,0.89535487,-0.42138708,0
2.1306787,-1.986861,2.1689496,0.14412624,-0.89535487,0.42138708,0
2.2193623,-1.4186409,-1.5896852,0.24440059,-0.38043344,-0.89192963,0
-4.6056561,0.7089529,1.2385106,-0.24440059,0.38043344,0.89192963,0
-3.458775,-1.2218618,-3.2295029,0.24440059,-0.38043344,-0.89192963,0
-4.1021543,2.2961919,-0.83738971,-0.14412624,0.89535487,-0.42138708,0
-1.8042765,-2.7489321,-2.1248088,0.24440059,-0.38043344,-0.89192963,0
4.4056654,3.3512554,-0.0033535957,0.95890343,0.23153761,0.16399491,0
0.41140151,2.8503211,1.6998971,-0.24440059,0.38043344,0.89192963,0
5.2795959,0.74498701,-1.4336815,0.95890343,0.23153761,0.16399491,0
4.7336226,1.1699809,1.1586773,0.95890343,0.23153761,0.16399491,0
2.9731159,2.6279168,-2.5524879,-0.14412624,0.89535487,-0.42138708,0
0.46024537,-2.6481576,-1.5472822,0.24440059,-0.38043344,-0.89192963,0
3.9549026,-1.4260786,-1.1109513,0.24440059,-0.38043344,-0.89192963,0
-2.5221386,-0.02562201,-3.4830823,0.24440059,-0.38043344,-0.89192963,0
0.2664884,-0.38323712,-2.5664282,0.24440059,-0.38043344,-0.89192963,0
4.0793009,3.8498621,1.2009797,0.95890343,0.23153761,0.16399491,0
-1.3964678,-0.99734676,-2.7601652,0.24440059,-0.38043344,-0.89192963,0
0.29636836,-2.4457116,1.8213782,0.14412624,-0.89535487,0.42138708,0
5.3534689,0.055592537,-0.89229727,0.95890343,0.23153761,0.16399491,0
-5.078867,0.25099206,-1.1461945,-0.95890343,-0.23153761,-0.16399491,0
-1.4786167,1.5183318,-3.3874953,-0.14412624,0.89535487,-0.42138708,0
-4.2137246,2.2854257,-0.82210493,-0.14412624,0.89535487,-0.42138708,0
5.0427222,1.6932774,-1.3875003,0.95890343,0.23153761,0.16399491,0
4.1493011,2.6841946,2.4374397,0.95890343,0.23153761,0.16399491,0
4.7789278,0.95373321,1.1990826,0.95890343,0.23153761,0.16399491,0
1.4349756,-3.2990174,-0.38114542,0.14412624,-0.89535487,0.42138708,0
5.1360683,0.42005396,-1.5747242,0.24440059,-0.38043344,-0.89192963,0
4.5895352,1.5894554,1.4089427,0.95890343,0.23153761,0.16399491,0
4.2172666,2.0000091,-2.5003848,0.24440059,-0.38043344,-0.89192963,0
4.5981522,0.49865377,2.8986139,0.95890343,0.23153761,0.16399491,0
-3.1837945,-4.1912632,-0.69722366,0.14412624,-0.89535487,0.42138708,0
-0.80621219,-3.2922361,0.39981294,0.14412624,-0.89535487,0.42138708,0
2.1707454,-3.253593,-0.53628254,0.14412624,-0.89535487,0.42138708,0
4.9938984,2.4127755,-2.4636335,0.24440059,-0.38043344,-0.89192963,0
1.0352306,-0.42942286,-2.3360829,0.24440059,-0.38043344,-0.89192963,0
-0.18983358,0.32070303,-2.9917171,0.24440059,-0.38043344,-0.89192963,0
2.9948785,4.0798512,0.52511215,-0.14412624,0.89535487,-0.42138708,0
-0.670959,-1.5109519,-2.3422987,0.24440059,-0.38043344,-0.89192963,0
0.37989545,-0.16457391,-2.6286192,0.24440059,-0.38043344,-0.89192963,0
4.0915856,3.9834156,0.94059563,0.95890343,0.23153761,0.16399491,0
-5.398603,2.0848534,-0.84301615,-0.14412624,0.89535487,-0.42138708,0
-4.409832,-2.656868,-0.9526577,-0.95890343,-0.23153761,-0.16399491,0
4.7983131,1.7364125,-0.019298077,0.95890343,0.23153761,0.16399491,0
1.5409291,-0.48877549,3.4336233,-0.24440059,0.38043344,0.89192963,0
-3.1323018,-1.3593271,-3.0814121,0.24440059,-0.38043344,-0.89192963,0
-1.9214628,2.5057645,-1.1379514,-0.14412624,0.89535487,-0.42138708,0
1.9605939,-3.3074405,-0.85496378,0.24440059,-0.38043344,-0.89192963,0
-3.8393528,1.821238,-1.9364479,-0.14412624,0.89535487,-0.42138708,0
-4.8830729,-0.65688992,-1.0092316,-0.95890343,-0.23153761,-0.16399491,0
4.6187501,2.5980318,-0.1858511,0.95890343,0.23153761,0.16399491,0
1.8848276,3.3379622,1.8956428,-0.24440059,0.38043344,0.89192963,0
0.23278403,-2.1555581,2.4596384,0.14412624,-0.89535487,0.42138708,0
4.1350741,-2.1127355,1.2159348,0.14412624,-0.89535487,0.42138708,0
5.2167768,-0.22163272,0.29836082,0.95890343,0.23153761,0.16399491,0
-3.7289355,1.435159,-2.7945471,-0.14412624,0.89535487,-0.42138708,0
4.6682091,2.2168536,0.063124657,0.95890343,0.23153761,0.16399491,0
0.47033048,-2.2476325,2.1827533,0.14412624,-0.89535487,0.42138708,0
-3.9702878,-0.45981866,-3.6946976,0.24440059,-0.38043344,-0.89192963,0
-0.85422206,2.6168141,-1.2670214,-0.14412624,0.89535487,-0.42138708,0
4.7803435,2.2021034,-0.5717206,0.95890343,0.23153761,0.16399491,0
-4.5969877,-0.40266481,-3.0409479,-0.95890343,-0.23153761,-0.16399491,0
-4.7258029,2.2142873,-0.7981137,-0.14412624,0.89535487,-0.42138708,0
-4.1609488,-3.7794356,-0.82300711,-0.95890343,-0.23153761,-0.16399491,0
-1.7515106,2.4870024,1.2621959,-0.24440059,0.38043344,0.89192963,0
-4.5936027,2.0130379,0.68558407,-0.24440059,0.38043344,0.89192963,0
-0.84235871,-2.3720603,2.3673475,0.14412624,-0.89535487,0.42138708,0
-4.4094429,-2.3678842,-1.3629375,-0.95890343,-0.23153761,-0.16399491,0
3.8342395,3.3124034,-1.3926315,-0.14412624,0.89535487,-0.42138708,0
-1.1960939,-1.1891375,2.9823663,-0.24440059,0.38043344,0.89192963,0
5.0018096,0.73895025,0.19910288,0.95890343,0.23153761,0.16399491,0
4.5564952,-1.3980529,-0.95806098,0.24440059,-0.38043344,-0.89192963,0
-5.0137887,-1.8906517,1.4969807,-0.95890343,-0.23153761,-0.16399491,0
-5.2180924,0.9792676,0.95539808,-0.24440059,0.38043344,0.89192963,0
-4.9787235,-1.6437521,0.94336224,-0.95890343,-0.23153761,-0.16399491,0
-1.4876926,1.7568874,-2.8775125,-0.14412624,0.89535487,-0.42138708,0
-0.32967591,3.6958647,0.84631562,-0.14412624,0.89535487,-0.42138708,0
-1.8355868,-3.9911904,-0.7332375,0.14412624,-0.89535487,0.42138708,0
-4.5898724,-0.13415885,-3.4616468,-0.95890343,-0.23153761,-0.16399491,0
1.9285353,1.3600208,2.7512679,-0.24440059,0.38043344,0.89192963,0
-5.1739807,-0.021275282,-0.20564675,-0.95890343,-0.23153761,-0.16399491,0
-4.4394655,0.92663705,-3.6320238,-0.14412624,0.89535487,-0.42138708,0
2.9772651,-1.4228237,3.0778494,0.14412624,-0.89535487,0.42138708,0
-5.1690016,-1.1146994,1.3089995,-0.95890343,-0.23153761,-0.16399491,0
5.4042683,-0.97699094,0.26853323,0.95890343,0.23153761,0.16399491,0
0.20740139,1.9012544,2.0488024,-0.24440059,0.38043344,0.89192963,0
1.6554823,1.7946026,-3.1147363,0.24440059,-0.38043344,-0.89192963,0
4.4796381,3.0794954,-0.052201748,0.95890343,0.23153761,0.16399491,0
5.3741798,-1.5295362,1.2245827,0.95890343,0.23153761,0.16399491,0
-3.1355727,1.6734185,-2.4912448,-0.14412624,0.89535487,-0.42138708,0
0.23193908,-0.46921134,3.0665975,-0.24440059,0.38043344,0.89192963,0
4.7605529,0.92527843,1.3466988,0.95890343,0.23153761,0.16399491,0
4.7242885,2.3153992,-0.40391159,0.95890343,0.23153761,0.16399491,0
-5.4844027,1.7678657,-0.91657615,-0.95890343,-0.23153761,-0.16399491,0
-4.5471168,-2.1118879,2.4577212,-0.24440059,0.38043344,0.89192963,0
5.0696144,-1.0033801,2.2625628,0.95890343,0.23153761,0.16399491,0
0.21499731,-0.11537266,-2.6947892,0.24440059,-0.38043344,-0.89192963,0
-4.81991,-0.32774889,-1.8432567,-0.95890343,-0.23153761,-0.16399491,0
-4.7247524,-1.2412287,-1.109951,-0.95890343,-0.23153761,-0.16399491,0
4.5342817,1.2115302,2.2655931,0.95890343,0.23153761,0.16399491,0
-5.2994924,0.14133167,1.2904975,-0.24440059,0.38043344,0.89192963,0
1.3688023,-2.6415427,1.0384778,0.14412624,-0.89535487,0.42138708,0
3.8821054,-2.4226875,0.64387667,0.14412624,-0.89535487,0.42138708,0
4.241478,-2.2911172,0.80052006,0.14412624,-0.89535487,0.42138708,0
-4.2205081,-3.3278642,-1.112309,-0.95890343,-0.23153761,-0.16399491,0
5.1700759,-0.17557573,0.50640488,0.95890343,0.23153761,0.16399491,0
-5.6212177,1.6817074,0.54532576,-0.24440059,0.38043344,0.89192963,0
-5.2243137,0.4458003,-0.57078671,-0.95890343,-0.23153761,-0.16399491,0
2.9660966,2.6773376,-2.4450774,-0.14412624,0.89535487,-0.42138708,0
-5.2293286,0.93789196,-1.2362282,-0.95890343,-0.23153761,-0.16399491,0
3.9304183,-0.79133844,-1.3883953,0.24440059,-0.38043344,-0.89192963,0
-4.7696176,-1.7763784,-0.092060566,-0.95890343,-0.23153761,-0.16399491,0
-5.538487,1.6302764,-0.40608335,-0.95890343,-0.23153761,-0.16399491,0
5.020802,2.1216433,-1.8641191,0.95890343,0.23153761,0.16399491,0
-4.4987216,-1.6661016,-1.8317304,-0.95890343,-0.23153761,-0.16399491,0
-1.0309298,-1.4169254,3.1247823,-0.24440059,0.38043344,0.89192963,0
1.4914573,-1.9712672,-1.5534298,0.24440059,-0.38043344,-0.89192963,0
-4.8035398,0.83154047,-3.5757313,-0.95890343,-0.23153761,-0.16399491,0
3.0538554,-2.6832187,-0.82164383,0.24440059,-0.38043344,-0.89192963,0
5.140223,1.0857389,-1.0998411,0.95890343,0.23153761,0.16399491,0
-0.27709508,-1.9294116,3.114543,0.14412624,-0.89535487,0.42138708,0
4.5834179,0.32923588,3.2239623,0.95890343,0.23153761,0.16399491,0
-5.4973865,1.6102777,-0.61816859,-0.95890343,-0.23153761,-0.16399491,0
-1.8981408,2.2710073,1.3141452,-0.24440059,0.38043344,0.89192963,0
5.0272431,2.0106063,-1.7450104,0.95890343,0.23153761,0.16399491,0
3.9604418,-2.563689,-0.62421006,0.24440059,-0.38043344,-0.89192963,0
4.6986933,1.9297014,0.29029512,0.95890343,0.23153761,0.16399491,0
1.2286637,-2.2841511,-1.491985,0.24440059,-0.38043344,-0.89192963,0
0.19269419,-1.0432174,-2.3051481,0.24440059,-0.38043344,-0.89192963,0
4.8109822,2.9939089,-1.8687844,0.95890343,0.23153761,0.16399491,0
4.1542826,2.7603323,-2.6751254,-0.14412624,0.89535487,-0.42138708,0
1.8326577,2.7084301,-1.9913447,-0.14412624,0.89535487,-0.42138708,0
2.868845,2.5478947,-2.686852,-0.14412624,0.89535487,-0.42138708,0
4.0850496,4.2376661,0.48756599,-0.14412624,0.89535487,-0.42138708,0
-2.3954198,-3.5257528,0.44719362,0.14412624,-0.89535487,0.42138708,0
-3.8763325,1.6651814,-2.2553859,-0.14412624,0.89535487,-0.42138708,0
4.3495016,3.7809269,-0.28159761,0.95890343,0.23153761,0.16399491,0
-5.5205979,1.8779595,-0.86037421,-0.95890343,-0.23153761,-0.16399491,0
3.1811349,-2.8413701,-0.0059797168,0.14412624,-0.89535487,0.42138708,0
3.2089818,0.033334255,-1.9378252,0.24440059,-0.38043344,-0.89192963,0
5.4111562,-1.2681165,0.63928723,0.95890343,0.23153761,0.16399491,0
-0.23726702,2.1354189,-2.5008969,-0.14412624,0.89535487,-0.42138708,0
4.9489465,-0.30606532,1.9836173,0.95890343,0.23153761,0.16399491,0
0.93723702,3.8100269,1.4346409,-0.24440059,0.38043344,0.89192963,0
-2.6165938,-0.6364696,2.3574018,-0.24440059,0.38043344,0.89192963,0
2.699759,4.0033131,0.46342468,-0.14412624,0.89535487,-0.42138708,0
4.1974788,-2.0007927,1.4324445,0.14412624,-0.89535487,0.42138708,0
3.2773232,1.9450756,2.8713109,-0.24440059,0.38043344,0.89192963,0
2.7561109,2.5356872,-2.6742334,-0.14412624,0.89535487,-0.42138708,0
4.7093706,0.066063881,2.8590591,0.95890343,0.23153761,0.16399491,0
4.3063388,1.7967308,2.7721908,0.95890343,0.23153761,0.16399491,0
3.4032571,-1.2532351,3.2924867,0.14412624,-0.89535487,0.42138708,0
-4.5836859,-1.5845664,-1.4500451,-0.95890343,-0.23153761,-0.16399491,0
2.6463242,-2.5133293,0.87395501,0.14412624,-0.89535487,0.42138708,0
4.9433298,-0.2925595,1.9973917,0.95890343,0.23153761,0.16399491,0
0.53504372,3.2554741,1.5609671,-0.24440059,0.38043344,0.89192963,0
-2.6668789,1.9256003,-2.1157198,-0.14412624,0.89535487,-0.42138708,0
-4.4617834,-1.8349251,-1.8093576,-0.95890343,-0.23153761,-0.16399491,0
5.1835194,-0.33088613,0.64707804,0.95890343,0.23153761,0.16399491,0
-0.80617452,0.13236046,2.525553,-0.24440059,0.38043344,0.89192963,0
5.2584381,1.1043587,-1.8173516,0.95890343,0.23153761,0.16399491,0
-4.9568005,-2.0180712,1.3436613,-0.95890343,-0.23153761,-0.16399491,0
2.562773,-2.6214194,0.67286384,0.14412624,-0.89535487,0.42138708,0
-2.3243794,3.2305341,0.53983474,-0.14412624,0.89535487,-0.42138708,0
4.0247974,4.0246701,1.2728682,0.95890343,0.23153761,0.16399491,0
-2.4715197,2.414046,-1.1446985,-0.14412624,0.89535487,-0.42138708,0
5.3473606,0.0027937889,-0.78203654,0.95890343,0.23153761,0.16399491,0
-1.0749384,0.13492775,2.4508131,-0.24440059,0.38043344,0.89192963,0
-3.592103,1.735001,-2.2042494,-0.14412624,0.89535487,-0.42138708,0
3.314889,0.68292904,-2.1858757,0.24440059,-0.38043344,-0.89192963,0
-5.4365983,0.73580933,0.26102138,-0.95890343,-0.23153761,-0.16399491,0
3.1393538,2.9117656,2.4211845,-0.24440059,0.38043344,0.89192963,0
1.142141,-1.8451107,2.8082452,0.14412624,-0.89535487,0.42138708,0
-4.399478,-2.7177947,-0.92718077,-0.95890343,-0.23153761,-0.16399491,0
-4.0793386,-4.2202187,-0.67787266,-0.95890343,-0.23153761,-0.16399491,0
-2.6965504,-2.5374863,-2.4594913,0.24440059,-0.38043344,-0.89192963,0
-4.1417365,-3.9872031,-0.64200306,-0.95890343,-0.23153761,-0.16399491,0
-1.9342101,2.2930183,-1.5856302,-0.14412624,0.89535487,-0.42138708,0
4.0572867,3.0636201,-1.99753,-0.14412624,0.89535487,-0.42138708,0
4.7436008,0.059813321,2.6677358,0.95890343,0.23153761,0.16399491,0
4.5972524,2.5502374,0.0073289871,0.95890343,0.23153761,0.16399491,0
3.0332127,3.159039,-1.4445231,-0.14412624,0.89535487,-0.42138708,0
4.0301318,3.2640343,2.3155899,0.95890343,0.23153761,0.16399491,0
2.2518604,3.1689475,-1.1562257,-0.14412624,0.89535487,-0.42138708,0
2.5537488,-1.5999899,2.8462644,0.14412624,-0.89535487,0.42138708,0
-1.9868832,3.0415454,0.96117216,-0.24440059,0.38043344,0.89192963,0
4.3410277,3.0992036,0.73045111,0.95890343,0.23153761,0.16399491,0
3.5426874,-1.3219347,3.0988264,0.14412624,-0.89535487,0.42138708,0
1.5388073,2.7466021,-1.8097332,-0.14412624,0.89535487,-0.42138708,0
-4.9849386,-0.1235044,-1.1666746,-0.95890343,-0.23153761,-0.16399491,0
2.7789159,-1.779669,-1.282371,0.24440059,-0.38043344,-0.89192963,0
-2.0326924,1.7268577,1.5093716,-0.24440059,0.38043344,0.89192963,0
1.2546272,2.5114355,-2.2122133,-0.14412624,0.89535487,-0.42138708,0
-2.723088,1.3790739,-3.2577438,-0.14412624,0.89535487,-0.42138708,0
-4.7801566,-1.495977,-0.42632437,-0.95890343,-0.23153761,-0.16399491,0
0.10249197,-1.7911835,3.2784181,0.14412624,-0.89535487,0.42138708,0
2.8276005,-1.4026246,-1.4298511,0.24440059,-0.38043344,-0.89192963,0
3.1500227,4.5793896,1.7128186,-0.24440059,0.38043344,0.89192963,0
0.75427645,0.22036624,2.9156005,-0.24440059,0.38043344,0.89192963,0
-4.4319901,-0.89518398,-3.3103447,-0.95890343,-0.23153761,-0.16399491,0
0.85378337,3.2541997,1.64885,-0.24440059,0.38043344,0.89192963,0
4.0588679,1.8770312,3.1144874,-0.24440059,0.38043344,0.89192963,0
1.9993848,0.11989403,3.2996309,-0.24440059,0.38043344,0.89192963,0
0.72914183,-1.5667455,3.5409675,0.14412624,-0.89535487,0.42138708,0
-2.9365559,0.676669,-3.8961854,0.24440059,-0.38043344,-0.89192963,0
-1.7719965,-3.9676416,-0.70495033,0.14412624,-0.89535487,0.42138708,0
-4.7140932,0.63812315,-3.8256586,-0.95890343,-0.23153761,-0.16399491,0
3.4225397,1.6416693,3.0405135,-0.24440059,0.38043344,0.89192963,0
1.9853959,-3.2747955,-0.51793814,0.14412624,-0.89535487,0.42138708,0
2.8057609,4.5223885,1.6427984,-0.24440059,0.38043344,0.89192963,0
-4.8685188,-0.3619833,1.6232679,-0.24440059,0.38043344,0.89192963,0
5.1595769,-0.61221099,1.1842625,0.95890343,0.23153761,0.16399491,0
-1.9795316,2.4977531,-1.1351124,-0.14412624,0.89535487,-0.42138708,0
-1.4401838,2.058042,-2.2538741,-0.14412624,0.89535487,-0.42138708,0
-0.38584167,0.75120854,-3.2290487,0.24440059,-0.38043344,-0.89192963,0
-3.1902237,2.6452265,0.80048198,-0.24440059,0.38043344,0.89192963,0
-5.0149617,-0.97545767,0.21171474,-0.95890343,-0.23153761,-0.16399491,0
5.3944144,-0.62279177,-0.17393064,0.95890343,0.23153761,0.16399491,0
5.4114976,-1.0781937,0.36914563,0.95890343,0.23153761,0.16399491,0
3.4205475,-0.54371548,-1.6337252,0.24440059,-0.38043344,-0.89192963,0
-1.44417,-2.5290298,2.2396581,0.14412624,-0.89535487,0.42138708,0
-3.8039403,1.6954927,-2.2157409,-0.14412624,0.89535487,-0.42138708,0
0.5996691,2.0078936,-3.0581155,-0.14412624,0.89535487,-0.42138708,0
-5.5474224,1.9773037,-0.84378934,-0.95890343,-0.23153761,-0.16399491,0
-4.7720351,-1.9757071,0.20349407,-0.95890343,-0.23153761,-0.16399491,0
0.15979886,-2.8545861,0.99931967,0.14412624,-0.89535487,0.42138708,0
4.2989988,1.4231297,3.3425801,0.95890343,0.23153761,0.16399491,0
-4.4372873,-2.1486733,-1.5096221,-0.95890343,-0.23153761,-0.16399491,0
-0.29189575,0.99205971,2.2997859,-0.24440059,0.38043344,0.89192963,0
-3.8272247,0.70653713,-4.1529803,0.24440059,-0.38043344,-0.89192963,0
-5.1070571,-0.33364654,-0.15593529,-0.95890343,-0.23153761,-0.16399491,0
3.3924203,-0.16255355,3.8018138,-0.24440059,0.38043344,0.89192963,0
3.010778,2.60149,-2.6215196,-0.14412624,0.89535487,-0.42138708,0
5.0195947,1.57072,-1.0792317,0.95890343,0.23153761,0.16399491,0
-0.82662249,3.52141,0.64560676,-0.14412624,0.89535487,-0.42138708,0
-3.8108778,-0.73541218,-3.5334682,0.24440059,-0.38043344,-0.89192963,0
2.4923229,-2.6985395,0.53309631,0.14412624,-0.89535487,0.42138708,0
-1.3839066,-1.3511901,-2.6057987,0.24440059,-0.38043344,-0.89192963,0
4.7982998,2.8395035,-1.5766311,0.95890343,0.23153761,0.16399491,0
3.5531225,-0.00029182434,-1.8291835,0.24440059,-0.38043344,-0.89192963,0
4.5659595,1.0236229,2.3456693,0.95890343,0.23153761,0.16399491,0
-5.6071191,1.6125579,0.020238638,-0.95890343,-0.23153761,-0.16399491,0
-5.1530199,-1.6813879,2.0156384,-0.95890343,-0.23153761,-0.16399491,0
-0.65932584,-3.9716389,-1.0940089,0.14412624,-0.89535487,0.42138708,0
-0.41028941,-0.58636141,-2.6652358,0.24440059,-0.38043344,-0.89192963,0
1.724463,-1.7073796,2.9017239,0.14412624,-0.89535487,0.42138708,0
-0.51285267,-2.8446558,1.2504853,0.14412624,-0.89535487,0.42138708,0
3.3492384,0.53655231,3.4917922,-0.24440059,0.38043344,0.89192963,0
4.3821306,3.323843,-1.5557184,-0.14412624,0.89535487,-0.42138708,0
-5.0852613,0.24216509,-1.0963418,-0.95890343,-0.23153761,-0.16399491,0
-4.6021419,-2.0879769,2.4324446,-0.24440059,0.38043344,0.89192963,0
-4.9456577,-2.0601356,1.3378968,-0.95890343,-0.23153761,-0.16399491,0
3.9293523,3.5696373,-0.87859726,-0.14412624,0.89535487,-0.42138708,0
3.0432324,3.6319005,2.0876877,-0.24440059,0.38043344,0.89192963,0
-2.2262239,2.0405138,-2.0222704,-0.14412624,0.89535487,-0.42138708,0
-0.42463565,2.6254265,-1.3956525,-0.14412624,0.89535487,-0.42138708,0
5.0917006,0.020185471,-1.4163268,0.24440059,-0.38043344,-0.89192963,0
4.7899904,2.3868287,-0.8889327,0.95890343,0.23153761,0.16399491,0
4.4447994,3.0453136,0.19976234,0.95890343,0.23153761,0.16399491,0
3.046154,-2.7964115,-0.77547443,0.24440059,-0.38043344,-0.89192963,0
0.41703844,2.8552206,-1.1952665,-0.14412624,0.89535487,-0.42138708,0
4.4819775,2.3544676,0.9577589,0.95890343,0.23153761,0.16399491,0
-4.482286,-0.55835116,-3.4918196,-0.95890343,-0.23153761,-0.16399491,0
-5.5533819,1.4176037,-0.018722296,-0.95890343,-0.23153761,-0.16399491,0
4.9811516,1.2538805,-0.40711498,0.95890343,0.23153761,0.16399491,0
-3.3990655,2.7472961,0.6997211,-0.24440059,0.38043344,0.89192963,0
2.87045,-1.8436217,2.2202792,0.14412624,-0.89535487,0.42138708,0
4.4273057,-0.87984538,3.7356048,0.14412624,-0.89535487,0.42138708,0
-2.7120466,-3.0944278,-2.2261858,0.24440059,-0.38043344,-0.89192963,0
-4.8979559,0.8355341,1.1044261,-0.24440059,0.38043344,0.89192963,0
0.073779583,1.9046875,2.0107238,-0.24440059,0.38043344,0.89192963,0
4.462389,0.3553896,-1.7317407,0.24440059,-0.38043344,-0.89192963,0
-3.9228816,-0.86798859,2.0982113,-0.24440059,0.38043344,0.89192963,0
4.8669138,-0.47605652,2.7032797,0.95890343,0.23153761,0.16399491,0
5.4515939,-1.8100877,1.1680274,0.95890343,0.23153761,0.16399491,0
-4.5808945,-1.0433156,-2.2305374,-0.95890343,-0.23153761,-0.16399491,0
-3.0411706,-0.67256737,-3.3493633,0.24440059,-0.38043344,-0.89192963,0
-3.255177,2.2064981,0.96981472,-0.24440059,0.38043344,0.89192963,0
5.6073866,-1.0751801,-0.78050518,0.95890343,0.23153761,0.16399491,0
-0.78231001,-2.7938962,-1.8255975,0.24440059,-0.38043344,-0.89192963,0
5.0378437,0.72200036,0.012337685,0.95890343,0.23153761,0.16399491,0
-2.7187831,-3.67974,-1.9783797,0.24440059,-0.38043344,-0.89192963,0
3.4049556,-2.066447,1.5640086,0.14412624,-0.89535487,0.42138708,0
-4.8394041,0.15722799,-2.4139888,-0.95890343,-0.23153761,-0.16399491,0
5.3949361,-1.6324003,1.2484424,0.95890343,0.23153761,0.16399491,0
-4.9275446,0.17846727,1.3765767,-0.24440059,0.38043344,0.89192963,0
-1.4184028,-2.4554262,2.3872368,0.14412624,-0.89535487,0.42138708,0
0.74401569,-3.0515358,0.38102663,0.14412624,-0.89535487,0.42138708,0
-3.2531154,2.7191992,-0.22898751,-0.14412624,0.89535487,-0.42138708,0
-3.8539312,-4.3386536,-0.7811904,0.14412624,-0.89535487,0.42138708,0
0.87241048,-0.63695431,-2.2921796,0.24440059,-0.38043344,-0.89192963,0
-0.49453449,-3.3781328,0.11069775,0.14412624,-0.89535487,0.42138708,0
3.752171,-0.11015213,3.8780394,-0.24440059,0.38043344,0.89192963,0
-3.3876286,-0.1468271,-3.668541,0.24440059,-0.38043344,-0.89192963,0
-5.0759215,-1.8418856,1.7914314,-0.95890343,-0.23153761,-0.16399491,0
-5.1364803,1.104068,-2.0137455,-0.95890343,-0.23153761,-0.16399491,0
1.1257176,3.5163667,1.6115413,-0.24440059,0.38043344,0.89192963,0
-0.61587572,-2.4962683,2.0259688,0.14412624,-0.89535487,0.42138708,0
-4.4786677,-2.6003456,-0.62996483,-0.95890343,-0.23153761,-0.16399491,0
-2.1207094,2.433109,1.1840174,-0.24440059,0.38043344,0.89192963,0
3.2356727,2.6216638,-2.6555746,-0.14412624,0.89535487,-0.42138708,0
4.7444205,1.6995033,0.34793043,0.95890343,0.23153761,0.16399491,0
-0.98652375,-1.7002916,3.2578135,-0.24440059,0.38043344,0.89192963,0
0.35008883,3.2327662,-0.37016678,-0.14412624,0.89535487,-0.42138708,0
4.5606842,1.9338341,1.0914254,0.95890343,0.23153761,0.16399491,0
-1.4015889,2.8626208,1.197867,-0.24440059,0.38043344,0.89192963,0
1.6022265,-2.9616556,-1.1006485,0.24440059,-0.38043344,-0.89192963,0
2.4966171,4.4275651,1.4343472,-0.14412624,0.89535487,-0.42138708,0
1.7261624,-1.588006,-1.6525893,0.24440059,-0.38043344,-0.89192963,0
2.0224862,1.3485596,2.7819004,-0.24440059,0.38043344,0.89192963,0
2.5076871,-0.15960288,-2.0476959,0.24440059,-0.38043344,-0.89192963,0
-3.9322507,1.0300213,-3.5858359,-0.14412624,0.89535487,-0.42138708,0
-4.5652962,1.3055851,-2.7838047,-0.14412624,0.89535487,-0.42138708,0
-1.8100013,1.2198622,1.7866404,-0.24440059,0.38043344,0.89192963,0
2.8118706,-1.5345727,2.8969765,0.14412624,-0.89535487,0.42138708,0
4.1885681,1.8808708,-2.4574325,0.24440059,-0.38043344,-0.89192963,0
2.6208773,3.2444003,-1.1221187,-0.14412624,0.89535487,-0.42138708,0
5.4067345,-0.72646117,-0.099601269,0.95890343,0.23153761,0.16399491,0
0.1820333,-2.3016193,2.1666479,0.14412624,-0.89535487,0.42138708,0
-4.0103364,-3.6600747,0.71413565,0.14412624,-0.89535487,0.42138708,0
0.86410618,-3.5967643,-1.0320115,0.24440059,-0.38043344,-0.89192963,0
-5.1120033,-0.028866291,-0.55732155,-0.95890343,-0.23153761,-0.16399491,0
-5.2965021,2.0822649,-0.88343668,-0.14412624,0.89535487,-0.42138708,0
-0.2086587,-2.9674587,0.88551283,0.14412624,-0.89535487,0.42138708,0
4.9743795,0.96899223,0.034699917,0.95890343,0.23153761,0.16399491,0
2.8856716,2.8761344,-1.9951701,-0.14412624,0.89535487,-0.42138708,0
4.6888804,1.1995227,1.3785856,0.95890343,0.23153761,0.16399491,0
-3.6171987,1.148483,-3.4418881,-0.14412624,0.89535487,-0.42138708,0
-0.55081034,1.3659222,-3.5364456,0.24440059,-0.38043344,-0.89192963,0
3.5641968,2.9457691,-2.0792868,-0.14412624,0.89535487,-0.42138708,0
3.7441044,-1.61882,2.3991196,0.14412624,-0.89535487,0.42138708,0
-3.3366153,-0.48064089,2.0936408,-0.24440059,0.38043344,0.89192963,0
0.49057102,-3.6980343,-1.0911703,0.24440059,-0.38043344,-0.89192963,0
-5.3598957,1.755143,-1.5568175,-0.14412624,0.89535487,-0.42138708,0
-5.1136751,0.70254135,-1.5801919,-0.95890343,-0.23153761,-0.16399491,0
-1.630157,-3.6721501,-0.12560964,0.14412624,-0.89535487,0.42138708,0
4.8753147,2.2888639,-1.2495222,0.95890343,0.23153761,0.16399491,0
1.6975193,-2.295994,1.6602623,0.14412624,-0.89535487,0.42138708,0
1.2999258,2.9449811,-1.3065171,-0.14412624,0.89535487,-0.42138708,0
4.5113363,2.8737142,0.052984715,0.95890343,0.23153761,0.16399491,0
4.3973947,-2.4678059,0.37176669,0.14412624,-0.89535487,0.42138708,0
-4.374897,-3.7119284,0.33266926,-0.95890343,-0.23153761,-0.16399491,0
0.54003799,-0.74344397,-2.3378334,0.24440059,-0.38043344,-0.89192963,0
4.6390996,-2.7098179,-0.22512448,0.14412624,-0.89535487,0.42138708,0
-3.4770823,-4.535924,-1.3292408,0.14412624,-0.89535487,0.42138708,0
3.1349347,-0.42365527,-1.7631959,0.24440059,-0.38043344,-0.89192963,0
5.7138758,-1.9952738,-0.10411811,0.95890343,0.23153761,0.16399491,0
-0.99969137,2.0378146,-2.4475133,-0.14412624,0.89535487,-0.42138708,0
-4.064209,-2.9425869,-2.5701723,-0.95890343,-0.23153761,-0.16399491,0
3.9638932,4.4230709,1.0664954,0.95890343,0.23153761,0.16399491,0
3.958523,3.5256412,2.3649459,0.95890343,0.23153761,0.16399491,0
-4.368237,-1.1002997,-3.3935249,-0.95890343,-0.23153761,-0.16399491,0
-0.053734303,-3.0452642,0.66720498,0.14412624,-0.89535487,0.42138708,0
-1.5031419,2.7731292,-0.71293694,-0.14412624,0.89535487,-0.42138708,0
-1.4749122,0.90878177,-3.5946784,0.24440059,-0.38043344,-0.89192963,0
5.0216541,1.6545706,-1.2096586,0.95890343,0.23153761,0.16399491,0
3.3561053,-1.7260666,-1.1470765,0.24440059,-0.38043344,-0.89192963,0
-1.0677896,3.6014886,0.89824235,-0.14412624,0.89535487,-0.42138708,0
-2.3295062,-3.9286675,-1.7655377,0.24440059,-0.38043344,-0.89192963,0
-2.6097229,-1.5639927,-2.8509226,0.24440059,-0.38043344,-0.89192963,0
-0.47571373,-2.9647872,0.98252964,0.14412624,-0.89535487,0.42138708,0
5.0272102,0.97960544,-0.28918886,0.95890343,0.23153761,0.16399491,0
-1.8760262,-1.534915,2.9435401,-0.24440059,0.38043344,0.89192963,0
1.6461282,2.4773755,-2.418488,-0.14412624,0.89535487,-0.42138708,0
2.1488295,3.013839,-1.4505577,-0.14412624,0.89535487,-0.42138708,0
-5.3683348,-0.20541763,1.1907568,-0.95890343,-0.23153761,-0.16399491,0
2.8029654,-1.2305098,3.5460894,0.14412624,-0.89535487,0.42138708,0
3.7414341,-1.0908222,-1.3124413,0.24440059,-0.38043344,-0.89192963,0
5.1772165,0.022175789,0.18545461,0.95890343,0.23153761,0.16399491,0
-3.3050952,1.7916055,-2.1821418,-0.14412624,0.89535487,-0.42138708,0
2.867095,-1.6100132,-1.330572,0.24440059,-0.38043344,-0.89192963,0
4.6882687,-0.059188675,3.1592867,0.95890343,0.23153761,0.16399491,0
-4.4362874,-2.464664,2.6385586,-0.24440059,0.38043344,0.89192963,0
3.0601487,1.921108,2.8220251,-0.24440059,0.38043344,0.89192963,0
0.52827668,-2.5132544,1.5985456,0.14412624,-0.89535487,0.42138708,0
-4.0800018,-4.2137928,-0.43856716,0.14412624,-0.89535487,0.42138708,0
-4.1653333,-1.5942569,2.3415504,-0.24440059,0.38043344,0.89192963,0
2.2907848,2.9739785,-1.5838046,-0.14412624,0.89535487,-0.42138708,0
-5.3273845,1.5645249,-1.5475988,-0.95890343,-0.23153761,-0.16399491,0
-4.1564484,-2.345083,-2.874428,-0.95890343,-0.23153761,-0.16399491,0
2.3337028,0.95290279,-2.5698862,0.24440059,-0.38043344,-0.89192963,0
-4.8923864,-0.28213799,-1.4838698,-0.95890343,-0.23153761,-0.16399491,0
0.22945672,1.0209227,-3.1754899,0.24440059,-0.38043344,-0.89192963,0
3.8791306,4.226418,0.53409481,-0.14412624,0.89535487,-0.42138708,0
-1.790705,3.2569103,0.41334593,-0.14412624,0.89535487,-0.42138708,0
-3.1114523,-3.8958166,-0.094207287,0.14412624,-0.89535487,0.42138708,0
5.1011877,1.5976324,-1.5943193,0.95890343,0.23153761,0.16399491,0
1.4254129,-2.8453407,0.58608878,0.14412624,-0.89535487,0.42138708,0
0.79510808,-0.95887375,3.4297686,-0.24440059,0.38043344,0.89192963,0
4.6736698,-0.034354344,3.2095857,0.95890343,0.23153761,0.16399491,0
-0.028317928,-3.8328974,-1.0150354,0.14412624,-0.89535487,0.42138708,0
1.9887283,2.5770984,-2.3237765,-0.14412624,0.89535487,-0.42138708,0
2.9577885,-0.0293957,3.6259232,-0.24440059,0.38043344,0.89192963,0
-2.7286437,-4.0195932,-1.8361244,0.24440059,-0.38043344,-0.89192963,0
-2.8048811,1.3117149,-3.3728914,-0.14412624,0.89535487,-0.42138708,0
2.8970456,3.8351972,0.038737297,-0.14412624,0.89535487,-0.42138708,0
4.6349144,0.09757562,3.2499249,0.95890343,0.23153761,0.16399491,0
3.6106498,0.27983522,-1.9329025,0.24440059,-0.38043344,-0.89192963,0
5.28969,-0.64366269,0.46787906,0.95890343,0.23153761,0.16399491,0
1.251735,-0.79276228,-2.1217833,0.24440059,-0.38043344,-0.89192963,0
-0.39515448,3.2866545,-0.00077092648,-0.14412624,0.89535487,-0.42138708,0
-4.8296952,-1.7706413,0.25112104,-0.95890343,-0.23153761,-0.16399491,0
-3.5137687,-0.57564306,2.0856199,-0.24440059,0.38043344,0.89192963,0
-3.6529686,0.11965799,-3.8549109,0.24440059,-0.38043344,-0.89192963,0
4.8813939,-1.7830485,1.6611851,0.14412624,-0.89535487,0.42138708,0
-2.4496837,2.3248858,-1.3416121,-0.14412624,0.89535487,-0.42138708,0
-5.32798,0.0054998398,0.65701008,-0.95890343,-0.23153761,-0.16399491,0
0.74055851,0.17306781,-2.6738062,0.24440059,-0.38043344,-0.89192963,0
-2.1417601,1.6769153,-2.8237262,-0.14412624,0.89535487,-0.42138708,0
3.60607,-2.6865225,0.17769772,0.14412624,-0.89535487,0.42138708,0
-5.7432823,1.9898231,0.2837584,-0.95890343,-0.23153761,-0.16399491,0
2.4483829,-2.6672664,0.61457354,0.14412624,-0.89535487,0.42138708,0
-1.3952459,1.0580268,-3.6365061,0.24440059,-0.38043344,-0.89192963,0
-5.0782843,0.34760952,-1.2860124,-0.95890343,-0.23153761,-0.16399491,0
-5.3365307,-0.44931984,1.3491457,-0.95890343,-0.23153761,-0.16399491,0
-0.025231838,1.4764786,-3.4395854,0.24440059,-0.38043344,-0.89192963,0
3.0755653,2.3512421,2.6427851,-0.24440059,0.38043344,0.89192963,0
-3.1552272,-2.0023685,2.7924042,-0.24440059,0.38043344,0.89192963,0
3.7535322,4.2446928,0.61588335,-0.14412624,0.89535487,-0.42138708,0
5.0146756,1.5951107,-1.0849071,0.95890343,0.23153761,0.16399491,0
4.8395777,-2.3225808,-0.48615479,0.24440059,-0.38043344,-0.89192963,0
-5.0087147,0.82899886,-2.3724496,-0.95890343,-0.23153761,-0.16399491,0
1.3104239,2.8786623,-1.4510207,-0.14412624,0.89535487,-0.42138708,0
4.3172526,1.0470953,-2.0665421,0.24440059,-0.38043344,-0.89192963,0
-0.66360271,-2.0499039,2.99072,0.14412624,-0.89535487,0.42138708,0
0.60239983,-3.3740168,-0.25573814,0.14412624,-0.89535487,0.42138708,0
4.6141949,-2.0519991,-0.6633234,0.24440059,-0.38043344,-0.89192963,0
1.901953,4.2800188,1.3242342,-0.14412624,0.89535487,-0.42138708,0
-3.5735164,-4.1430683,-0.46152449,0.14412624,-0.89535487,0.42138708,0
-4.790978,-1.9757786,0.31436062,-0.95890343,-0.23153761,-0.16399491,0
-5.0809464,-0.5800693,0.03930521,-0.95890343,-0.23153761,-0.16399491,0
-1.9065943,2.8794882,-0.3489559,-0.14412624,0.89535487,-0.42138708,0
5.3178635,-1.9804697,1.0924239,0.14412624,-0.89535487,0.42138708,0
-2.485254,2.1626663,-1.6741273,-0.14412624,0.89535487,-0.42138708,0
-4.7196069,-2.3379781,0.40841722,-0.95890343,-0.23153761,-0.16399491,0
-3.8194857,2.6963844,0.60623568,-0.24440059,0.38043344,0.89192963,0
-3.1827331,-3.5864706,-2.1452901,0.24440059,-0.38043344,-0.89192963,0
-5.3081927,-0.1986289,0.82950997,-0.95890343,-0.23153761,-0.16399491,0
5.0337987,1.5518634,-1.135663,0.95890343,0.23153761,0.16399491,0
0.59914082,1.1273031,-3.1195655,0.24440059,-0.38043344,-0.89192963,0
5.6287627,-1.2009168,-0.74832916,0.24440059,-0.38043344,-0.89192963,0
-1.9636586,-0.45078373,-3.1487076,0.24440059,-0.38043344,-0.89192963,0
4.8355184,-1.5160336,2.2442236,0.14412624,-0.89535487,0.42138708,0
-0.92166018,3.0682399,-0.28477466,-0.14412624,0.89535487,-0.42138708,0
-1.4317207,-4.2294207,-1.3775585,0.14412624,-0.89535487,0.42138708,0
-2.9118009,2.288763,1.028816,-0.24440059,0.38043344,0.89192963,0
-5.0259414,-2.002965,1.7266102,-0.95890343,-0.23153761,-0.16399491,0
4.7129655,2.0006449,0.10668325,0.95890343,0.23153761,0.16399491,0
4.1487765,-2.114058,1.2084384,0.14412624,-0.89535487,0.42138708,0
4.6094003,-0.64002132,4.1828971,0.14412624,-0.89535487,0.42138708,0
3.2299452,-2.598681,0.49298638,0.14412624,-0.89535487,0.42138708,0
4.5088706,0.40957373,3.5464287,0.95890343,0.23153761,0.16399491,0
0.14585018,-2.102623,2.6018472,0.14412624,-0.89535487,0.42138708,0
3.3777845,-0.79472423,-1.5383804,0.24440059,-0.38043344,-0.89192963,0
2.8089209,-1.5952296,2.7691028,0.14412624,-0.89535487,0.42138708,0
-4.4210753,-0.98234552,-3.2511077,-0.95890343,-0.23153761,-0.16399491,0
1.7280622,1.1500934,2.7858753,-0.24440059,0.38043344,0.89192963,0
-3.2643929,-4.0946789,-1.9509006,0.24440059,-0.38043344,-0.89192963,0
2.2256498,-1.8868717,2.3489223,0.14412624,-0.89535487,0.42138708,0
1.9556682,3.0393548,-1.330276,-0.14412624,0.89535487,-0.42138708,0
-4.8743906,-0.64015412,-1.0836256,-0.95890343,-0.23153761,-0.16399491,0
-2.7134118,2.7885318,-0.26626402,-0.14412624,0.89535487,-0.42138708,0
0.15879512,-2.2087162,2.3719957,0.14412624,-0.89535487,0.42138708,0
-4.6982489,1.2586346,0.97868419,-0.24440059,0.38043344,0.89192963,0
-1.4613086,1.8632157,-2.6606121,-0.14412624,0.89535487,-0.42138708,0
1.2079306,3.0887735,-0.96952438,-0.14412624,0.89535487,-0.42138708,0
4.4931679,1.5334107,2.0515463,0.95890343,0.23153761,0.16399491,0
-5.1153989,-1.2545645,1.193048,-0.95890343,-0.23153761,-0.16399491,0
-1.0827999,1.7737567,1.7496512,-0.24440059,0.38043344,0.89192963,0
-4.108541,0.95263243,-3.689975,-0.14412624,0.89535487,-0.42138708,0
-0.95708549,1.2388856,2.0122366,-0.24440059,0.38043344,0.89192963,0
2.4733286,-1.8387115,-1.3409231,0.24440059,-0.38043344,-0.89192963,0
3.1598508,4.4271078,1.206532,-0.14412624,0.89535487,-0.42138708,0
-2.7947435,1.0761061,-3.8769755,-0.14412624,0.89535487,-0.42138708,0
5.4575715,-0.37410402,-0.89433193,0.95890343,0.23153761,0.16399491,0
-0.57664156,-1.9474006,3.1787739,0.14412624,-0.89535487,0.42138708,0
5.3060131,0.68215752,-1.49944,0.95890343,0.23153761,0.16399491,0
0.59132928,1.0974678,2.4968419,-0.24440059,0.38043344,0.89192963,0
3.9198265,0.97689879,3.4603209,-0.24440059,0.38043344,0.89192963,0
3.9293513,-0.51407528,-1.5069482,0.24440059,-0.38043344,-0.89192963,0
-3.0625429,2.1717336,1.0374267,-0.24440059,0.38043344,0.89192963,0
-5.3577938,1.960572,-1.1210442,-0.14412624,0.89535487,-0.42138708,0
-3.0057447,-3.9614482,-0.26981497,0.14412624,-0.89535487,0.42138708,0
-4.4513693,-0.64212084,1.8570595,-0.24440059,0.38043344,0.89192963,0
1.7684088,2.9303172,-1.4979093,-0.14412624,0.89535487,-0.42138708,0
4.6881828,3.3304343,-1.6258869,0.95890343,0.23153761,0.16399491,0
-4.0152044,2.6760273,0.56128907,-0.24440059,0.38043344,0.89192963,0
2.4900439,0.4914403,-2.3302188,0.24440059,-0.38043344,-0.89192963,0
-1.0725949,2.0160053,-2.4689188,-0.14412624,0.89535487,-0.42138708,0
5.4642725,-0.33701706,-0.98587441,0.95890343,0.23153761,0.16399491,0
-5.1799674,-0.78956914,0.91408205,-0.95890343,-0.23153761,-0.16399491,0
0.37483025,-3.6466954,-1.1447824,0.24440059,-0.38043344,-0.89192963,0
-3.6011591,-2.694504,2.6258123,0.14412624,-0.89535487,0.42138708,0
4.7370596,2.9635522,-1.3936882,0.95890343,0.23153761,0.16399491,0
-0.6784085,-0.035199642,-2.9737906,0.24440059,-0.38043344,-0.89192963,0
-1.7472029,1.004308,1.895788,-0.24440059,0.38043344,0.89192963,0
-0.77932131,-1.9992318,3.1379657,0.14412624,-0.89535487,0.42138708,0
3.0346408,-2.3700237,1.0456326,0.14412624,-0.89535487,0.42138708,0
-0.11726856,1.9863584,-2.8586602,-0.14412624,0.89535487,-0.42138708,0
-4.8606501,2.6079402,0.35866678,-0.24440059,0.38043344,0.89192963,0
1.7136273,1.9626791,-3.1704934,0.24440059,-0.38043344,-0.89192963,0
1.6947836,0.39556742,-2.5072384,0.24440059,-0.38043344,-0.89192963,0
2.3859708,-2.431494,1.1368852,0.14412624,-0.89535487,0.42138708,0
1.5052657,4.2356524,1.3656445,-0.14412624,0.89535487,-0.42138708,0
-4.7897673,1.6222916,-2.0340967,-0.14412624,0.89535487,-0.42138708,0
-4.624783,-2.2905464,-0.21300173,-0.95890343,-0.23153761,-0.16399491,0
-0.056896366,0.013268948,2.781661,-0.24440059,0.38043344,0.89192963,0
-2.1260376,-3.5899286,-1.8542664,0.24440059,-0.38043344,-0.89192963,0
-4.8655558,-1.3528605,2.0467172,-0.24440059,0.38043344,0.89192963,0
3.8238301,4.6558218,1.5568604,0.95890343,0.23153761,0.16399491,0
-5.5209351,0.96869326,0.42535305,-0.95890343,-0.23153761,-0.16399491,0
-1.5792352,-0.07964325,2.4041495,-0.24440059,0.38043344,0.89192963,0
5.0408258,-1.4977777,2.2127929,0.14412624,-0.89535487,0.42138708,0
-4.2583618,-1.6855347,-3.2097113,-0.95890343,-0.23153761,-0.16399491,0
-0.94475126,2.8981814,1.3078792,-0.24440059,0.38043344,0.89192963,0
-5.3736,0.81100512,-0.21350527,-0.95890343,-0.23153761,-0.16399491,0
4.6917472,-1.1931753,-1.0083864,0.24440059,-0.38043344,-0.89192963,0
2.0006115,0.82599998,2.9987929,-0.24440059,0.38043344,0.89192963,0
0.086530447,-2.3392289,2.119401,0.14412624,-0.89535487,0.42138708,0
0.33949494,-2.6222429,1.4315375,0.14412624,-0.89535487,0.42138708,0
1.9553434,0.35675597,3.1865346,-0.24440059,0.38043344,0.89192963,0
-0.321787,-1.91342,-2.0749567,0.24440059,-0.38043344,-0.89192963,0
3.4557936,-1.2467166,3.2883682,0.14412624,-0.89535487,0.42138708,0
-1.5710388,-0.994771,-2.8090985,0.24440059,-0.38043344,-0.89192963,0
-1.4815392,1.2182152,1.8773458,-0.24440059,0.38043344,0.89192963,0
0.81069815,1.5151953,2.3787789,-0.24440059,0.38043344,0.89192963,0
-4.5252337,-3.5601254,0.99738693,-0.95890343,-0.23153761,-0.16399491,0
-5.712718,2.1454937,0.3224349,-0.24440059,0.38043344,0.89192963,0
-2.4610558,2.5906055,-0.77312684,-0.14412624,0.89535487,-0.42138708,0
2.3125763,3.1040044,-1.3149819,-0.14412624,0.89535487,-0.42138708,0
0.90659022,-3.4319456,-1.0906699,0.24440059,-0.38043344,-0.89192963,0
-3.3376083,-3.3409204,1.1621776,0.14412624,-0.89535487,0.42138708,0
-5.302948,0.8563745,-0.69067597,-0.95890343,-0.23153761,-0.16399491,0
3.0712647,-3.1340261,-0.59023064,0.14412624,-0.89535487,0.42138708,0
-2.7997482,-4.0907049,-0.61491442,0.14412624,-0.89535487,0.42138708,0
-5.0578895,0.97435504,-2.2901425,-0.95890343,-0.23153761,-0.16399491,0
-4.6329031,-1.7078311,-0.98823214,-0.95890343,-0.23153761,-0.16399491,0
5.3883715,-1.7063971,1.3913028,0.95890343,0.23153761,0.16399491,0
4.7720017,2.0094552,-2.3524091,0.24440059,-0.38043344,-0.89192963,0
0.39193469,-0.51570392,3.1302691,-0.24440059,0.38043344,0.89192963,0
1.3210986,-3.4782233,-0.72296941,0.14412624,-0.89535487,0.42138708,0
-3.9739408,-3.8770542,-1.778646,-0.95890343,-0.23153761,-0.16399491,0
-4.612566,1.9438405,0.70990252,-0.24440059,0.38043344,0.89192963,0
-3.3220088,-0.7635321,-3.3875179,0.24440059,-0.38043344,-0.89192963,0
5.4673877,-0.79043722,-0.36392403,0.95890343,0.23153761,0.16399491,0
5.4211617,-0.092126369,-1.0795503,0.95890343,0.23153761,0.16399491,0
4.465168,3.4240696,-0.45408535,0.95890343,0.23153761,0.16399491,0
5.1935372,-1.2043998,1.8217795,0.95890343,0.23153761,0.16399491,0
5.2683611,-0.81837773,0.83926392,0.95890343,0.23153761,0.16399491,0
-0.055953979,1.691263,-3.5066447,-0.14412624,0.89535487,-0.42138708,0
0.35724235,-3.6988466,-0.86207986,0.14412624,-0.89535487,0.42138708,0
-1.4629683,-0.89836144,-2.8206072,0.24440059,-0.38043344,-0.89192963,0
-0.41683125,1.6557438,-3.4586854,-0.14412624,0.89535487,-0.42138708,0
1.963397,-0.32073832,3.4777122,-0.24440059,0.38043344,0.89192963,0
4.6785665,1.659565,0.78937626,0.95890343,0.23153761,0.16399491,0
-5.4420443,1.8617551,0.51762605,-0.24440059,0.38043344,0.89192963,0
-3.5537806,-3.4785149,0.9437561,0.14412624,-0.89535487,0.42138708,0
-5.2197671,1.9757441,-1.1360166,-0.14412624,0.89535487,-0.42138708,0
4.0242119,-2.5148175,0.39951742,0.14412624,-0.89535487,0.42138708,0
3.5880384,0.8732338,-2.1921997,0.24440059,-0.38043344,-0.89192963,0
-4.5687065,-0.96177953,-2.4169195,-0.95890343,-0.23153761,-0.16399491,0
4.8038774,-0.71063697,3.4030585,0.95890343,0.23153761,0.16399491,0
-3.9653726,0.28134298,1.5963452,-0.24440059,0.38043344,0.89192963,0
3.7984297,4.5784845,1.3097615,-0.14412624,0.89535487,-0.42138708,0
4.9814467,-0.50483143,2.0742135,0.95890343,0.23153761,0.16399491,0
-0.25625467,1.2042804,2.2190337,-0.24440059,0.38043344,0.89192963,0
4.6669483,2.4623046,-2.5743487,0.24440059,-0.38043344,-0.89192963,0
4.2381439,3.2457004,1.1251945,0.95890343,0.23153761,0.16399491,0
-4.3718462,-1.9082503,2.4188905,-0.24440059,0.38043344,0.89192963,0
4.3627448,3.1469533,0.53605223,0.95890343,0.23153761,0.16399491,0
5.4989681,-1.8405142,0.93397951,0.95890343,0.23153761,0.16399491,0
4.7882009,2.3499179,-0.82635498,0.95890343,0.23153761,0.16399491,0
4.6019101,0.51964372,2.847008,0.95890343,0.23153761,0.16399491,0
