-3.060744,-0.88775665,0.49720934,-0.76199049,-0.44985282,-0.46583569,0
-0.28612733,3.4888361,2.4655981,0.76199049,0.44985282,0.46583569,0
-2.5639789,4.1400843,0.90072489,-0.59072161,0.18807554,0.78464997,0
0.75007772,2.214849,2.0009027,0.76199049,0.44985282,0.46583569,0
1.0605108,-4.5324759,0.63900852,0.26536468,-0.87307501,0.40904957,0
-0.6877749,3.550638,-2.9764493,-0.26536468,0.87307501,-0.40904957,0
2.262886,-3.4916701,2.0804803,0.26536468,-0.87307501,0.40904957,0
1.5439734,3.4527447,-3.4885852,0.59072161,-0.18807554,-0.78464997,0
-2.9794543,2.9852424,-2.6965377,-0.26536468,0.87307501,-0.40904957,0
-2.5799098,2.8926642,1.1877297,-0.59072161,0.18807554,0.78464997,0
0.50754702,2.5719357,2.0527873,0.76199049,0.44985282,0.46583569,0
-0.088953972,2.4777443,3.119473,0.76199049,0.44985282,0.46583569,0
-0.55527931,-3.0217514,4.1296148,-0.59072161,0.18807554,0.78464997,0
0.96446967,-4.8694482,-0.01791954,0.26536468,-0.87307501,0.40904957,0
1.0546906,-1.2315446,4.8307796,0.76199049,0.44985282,0.46583569,0
1.1051979,-3.622292,2.5527143,0.26536468,-0.87307501,0.40904957,0
2.4181986,3.148665,-2.7575412,0.59072161,-0.18807554,-0.78464997,0
0.73168951,4.5671167,-1.7277341,-0.26536468,0.87307501,-0.40904957,0
1.6205058,-4.6629634,-0.0027911663,0.26536468,-0.87307501,0.40904957,0
1.9491091,-3.2855711,-1.5684494,0.59072161,-0.18807554,-0.78464997,0
-1.7404838,2.3917496,-4.7670507,-0.26536468,0.87307501,-0.40904957,0
2.2172952,4.4926882,-2.598784,0.76199049,0.44985282,0.46583569,0
-2.0255876,4.3309612,-0.44304252,-0.26536468,0.87307501,-0.40904957,0
1.7282465,2.6740086,-0.042542368,0.76199049,0.44985282,0.46583569,0
-2.7853622,1.8166366,1.2909722,-0.59072161,0.18807554,0.78464997,0
-1.5499766,-1.0547295,2.9092772,-0.59072161,0.18807554,0.78464997,0
0.74814761,3.6004021,-3.8017659,-0.26536468,0.87307501,-0.40904957,0
-3.5906806,1.2675238,-0.71727991,-0.76199049,-0.44985282,-0.46583569,0
0.66619325,3.0029302,-4.0416021,0.59072161,-0.18807554,-0.78464997,0
2.9173617,1.512385,-0.86586881,0.76199049,0.44985282,0.46583569,0
-2.6542463,2.1098516,1.3194005,-0.59072161,0.18807554,0.78464997,0
-2.9887612,3.4420085,-1.7155788,-0.26536468,0.87307501,-0.40904957,0
-1.4559101,1.5190634,2.363173,-0.59072161,0.18807554,0.78464997,0
2.1699066,4.2208734,-3.2014685,0.59072161,-0.18807554,-0.78464997,0
1.2237929,2.2765818,1.1664082,0.76199049,0.44985282,0.46583569,0
3.2584205,-3.5190258,1.3762562,0.26536468,-0.87307501,0.40904957,0
3.1166182,-2.2372367,-0.94077194,0.59072161,-0.18807554,-0.78464997,0
3.8990176,-3.1741014,1.6968842,0.26536468,-0.87307501,0.40904957,0
2.4367437,0.18141435,-2.0323486,0.59072161,-0.18807554,-0.78464997,0
3.0917847,1.9299914,-1.9583255,0.59072161,-0.18807554,-0.78464997,0
0.38330832,-2.897979,4.5670023,0.26536468,-0.87307501,0.40904957,0
-4.386867,2.8920941,-0.98374963,-0.76199049,-0.44985282,-0.46583569,0
1.0305223,-2.673466,-2.4067223,0.59072161,-0.18807554,-0.78464997,0
-0.55630255,-2.2106695,-2.3219061,-0.76199049,-0.44985282,-0.46583569,0
3.9013412,-2.9823203,1.8650784,0.76199049,0.44985282,0.46583569,0
4.0585155,-1.4408919,-0.42254543,0.59072161,-0.18807554,-0.78464997,0
2.9454648,0.81174046,-1.8004446,0.59072161,-0.18807554,-0.78464997,0
-3.2086833,1.5067251,-1.5731258,-0.76199049,-0.44985282,-0.46583569,0
1.0542738,-4.565886,-1.9352403,0.59072161,-0.18807554,-0.78464997,0
3.9464517,-1.9982502,0.84098291,0.76199049,0.44985282,0.46583569,0
-2.7248836,-3.558845,2.5272684,-0.76199049,-0.44985282,-0.46583569,0
0.52007079,5.0652161,-0.52730799,-0.26536468,0.87307501,-0.40904957,0
-3.8226922,3.6513491,-0.7277627,-0.26536468,0.87307501,-0.40904957,0
-0.49251485,5.4238272,0.89501202,-0.26536468,0.87307501,-0.40904957,0
1.1260201,-3.1108537,3.6308198,0.26536468,-0.87307501,0.40904957,0
2.4837563,-3.7179618,1.4541984,0.26536468,-0.87307501,0.40904957,0
-0.1051079,1.2363594,3.4478836,-0.59072161,0.18807554,0.78464997,0
0.51116085,-4.5643091,-1.7951239,-0.76199049,-0.44985282,-0.46583569,0
4.3338118,-3.3848548,0.96498632,0.26536468,-0.87307501,0.40904957,0
1.7450573,-3.1104517,3.2300875,0.26536468,-0.87307501,0.40904957,0
0.97233033,-3.8149464,-2.1769266,0.59072161,-0.18807554,-0.78464997,0
1.5087111,1.4933766,-3.0454845,0.59072161,-0.18807554,-0.78464997,0
-0.056346297,-0.39775348,-3.770442,0.59072161,-0.18807554,-0.78464997,0
1.2978809,1.1049474,2.1766548,0.76199049,0.44985282,0.46583569,0
0.79885715,-2.8904638,4.3134623,0.26536468,-0.87307501,0.40904957,0
-0.058209382,3.3402777,-3.8338635,-0.26536468,0.87307501,-0.40904957,0
0.33178425,-4.1704612,1.884443,0.26536468,-0.87307501,0.40904957,0
-2.896076,0.7589339,-1.3623391,-0.76199049,-0.44985282,-0.46583569,0
-2.4876461,3.0550854,1.2182587,-0.59072161,0.18807554,0.78464997,0
1.4433594,-3.895503,1.750196,0.26536468,-0.87307501,0.40904957,0
-1.0006102,4.3335071,-1.1025472,-0.26536468,0.87307501,-0.40904957,0
-3.4696856,3.6673465,-0.9226253,-0.26536468,0.87307501,-0.40904957,0
-0.90324825,-0.16297865,-3.7318242,-0.76199049,-0.44985282,-0.46583569,0
3.3065753,-0.84517968,-1.1314301,0.59072161,-0.18807554,-0.78464997,0
-0.50787473,-3.2246885,-1.4218941,-0.76199049,-0.44985282,-0.46583569,0
1.6175311,-1.8061911,-2.1726747,0.59072161,-0.18807554,-0.78464997,0
-2.2720871,2.2490902,-3.8220575,-0.76199049,-0.44985282,-0.46583569,0
1.0771576,-4.2019653,1.3336508,0.26536468,-0.87307501,0.40904957,0
-0.31373882,5.1013536,0.090745687,-0.26536468,0.87307501,-0.40904957,0
-0.061851263,1.9915068,3.2994449,-0.59072161,0.18807554,0.78464997,0
2.3854311,-3.0451601,2.9540129,0.26536468,-0.87307501,0.40904957,0
1.5264151,4.5888748,-1.5615636,0.76199049,0.44985282,0.46583569,0
-1.7341233,-3.4269803,3.3392563,-0.59072161,0.18807554,0.78464997,0
-2.5992751,-2.7172661,1.5091002,-0.76199049,-0.44985282,-0.46583569,0
-1.0263195,3.8496933,-2.1185207,-0.26536468,0.87307501,-0.40904957,0
3.5889487,-2.9592025,-0.41212869,0.59072161,-0.18807554,-0.78464997,0
-2.1973109,-1.5978553,-0.2294161,-0.76199049,-0.44985282,-0.46583569,0
-3.3381157,1.8643425,-1.7067542,-0.76199049,-0.44985282,-0.46583569,0
2.0730953,1.4935046,0.5333724,0.76199049,0.44985282,0.46583569,0
-0.8045876,-3.5776472,3.8869486,0.26536468,-0.87307501,0.40904957,0
0.97453654,-1.1656896,4.8364468,-0.59072161,0.18807554,0.78464997,0
-1.2241105,0.21787703,2.8495688,-0.59072161,0.18807554,0.78464997,0
2.2022164,-3.1906142,-1.4006585,0.59072161,-0.18807554,-0.78464997,0
0.69507438,4.8601098,-1.0786169,-0.26536468,0.87307501,-0.40904957,0
-2.4462974,0.18444684,1.9374616,-0.59072161,0.18807554,0.78464997,0
-1.3743968,0.54927528,-3.6489596,-0.76199049,-0.44985282,-0.46583569,0
3.1828432,-4.2015762,-0.031550407,0.26536468,-0.87307501,0.40904957,0
1.5911793,-1.8997808,4.5985279,0.76199049,0.44985282,0.46583569,0
1.9762523,-4.0817699,1.0069215,0.26536468,-0.87307501,0.40904957,0
0.91871071,1.0669968,2.8335304,0.76199049,0.44985282,0.46583569,0
0.50047445,-1.7468796,-3.0278645,0.59072161,-0.18807554,-0.78464997,0
-0.89627934,4.3700447,2.1011279,-0.59072161,0.18807554,0.78464997,0
3.0529289,-0.39378095,-1.4305847,0.59072161,-0.18807554,-0.78464997,0
0.0093685389,-4.8661203,0.60879159,0.26536468,-0.87307501,0.40904957,0
-2.7991521,4.2481422,-0.11797357,-0.26536468,0.87307501,-0.40904957,0
-0.18054461,0.42108035,-4.060214,0.59072161,-0.18807554,-0.78464997,0
-0.42731857,3.8652055,2.3330958,0.76199049,0.44985282,0.46583569,0
-1.7901378,3.541491,-2.2808318,-0.26536468,0.87307501,-0.40904957,0
-0.53038716,5.2772279,1.1381139,0.76199049,0.44985282,0.46583569,0
0.13816619,3.741087,1.5279641,0.76199049,0.44985282,0.46583569,0
2.1688724,2.1221731,-0.23039365,0.76199049,0.44985282,0.46583569,0
-0.27620769,3.2388997,2.6907327,0.76199049,0.44985282,0.46583569,0
2.479331,3.8055387,-2.3638358,0.76199049,0.44985282,0.46583569,0
-0.75852966,-0.4159925,3.3520148,-0.59072161,0.18807554,0.78464997,0
-1.7685246,-2.0009248,2.9715407,-0.59072161,0.18807554,0.78464997,0
0.34106684,4.8565087,-0.85664558,-0.26536468,0.87307501,-0.40904957,0
4.374651,-2.7899375,0.9050808,0.76199049,0.44985282,0.46583569,0
-0.56584859,-1.2088158,-3.2737713,-0.76199049,-0.44985282,-0.46583569,0
2.7988265,-4.144362,0.33969355,0.26536468,-0.87307501,0.40904957,0
2.0092733,-0.90879655,2.9576473,0.76199049,0.44985282,0.46583569,0
1.1802775,-0.53341198,-2.8069367,0.59072161,-0.18807554,-0.78464997,0
2.6989324,-4.4828258,-0.31791854,0.26536468,-0.87307501,0.40904957,0
2.2995052,1.6213694,0.039544433,0.76199049,0.44985282,0.46583569,0
-1.0573137,4.9566545,1.839287,-0.59072161,0.18807554,0.78464997,0
0.32087088,-4.0008764,2.2534847,0.26536468,-0.87307501,0.40904957,0
-0.71665812,5.1349497,0.42384148,-0.26536468,0.87307501,-0.40904957,0
-0.6729728,4.7740898,-0.37471771,-0.26536468,0.87307501,-0.40904957,0
0.18515819,4.19034,-2.1773725,-0.26536468,0.87307501,-0.40904957,0
-2.2171082,-0.28607106,2.2227864,-0.59072161,0.18807554,0.78464997,0
-2.5644701,-3.6376979,2.7646394,-0.59072161,0.18807554,0.78464997,0
-0.61410594,3.3489447,2.5583124,-0.59072161,0.18807554,0.78464997,0
-3.3190229,3.6397543,-1.0792582,-0.26536468,0.87307501,-0.40904957,0
3.6765912,-3.068258,-0.32000756,0.59072161,-0.18807554,-0.78464997,0
-0.20583808,4.8179746,-0.58409691,-0.26536468,0.87307501,-0.40904957,0
1.9409398,2.2231135,-2.8949957,0.59072161,-0.18807554,-0.78464997,0
2.8699243,1.3635781,-0.64457166,0.76199049,0.44985282,0.46583569,0
-0.11924672,-3.511107,-1.781001,-0.76199049,-0.44985282,-0.46583569,0
-0.88123035,1.7596085,2.7381623,-0.59072161,0.18807554,0.78464997,0
-2.3956082,-2.893486,1.3461258,-0.76199049,-0.44985282,-0.46583569,0
1.1863077,-2.8505881,4.1472197,0.26536468,-0.87307501,0.40904957,0
4.0444937,-1.3789606,0.082569361,0.76199049,0.44985282,0.46583569,0
-2.0311763,-4.3282957,2.1355882,-0.76199049,-0.44985282,-0.46583569,0
0.88965333,3.9976411,-3.0456991,-0.26536468,0.87307501,-0.40904957,0
1.4242108,-5.3295689,-1.2982504,0.26536468,-0.87307501,0.40904957,0
-2.2734914,-3.4394028,1.6735599,-0.76199049,-0.44985282,-0.46583569,0
3.1308641,-1.3078078,-1.1528249,0.59072161,-0.18807554,-0.78464997,0
-2.862138,-0.80579907,0.09319365,-0.76199049,-0.44985282,-0.46583569,0
0.3540976,-4.4329991,1.3096068,0.26536468,-0.87307501,0.40904957,0
-1.4463925,3.8566012,-1.8312602,-0.26536468,0.87307501,-0.40904957,0
-3.3442678,-1.5161992,1.5678635,-0.76199049,-0.44985282,-0.46583569,0
1.220144,-3.7627578,2.1783347,0.26536468,-0.87307501,0.40904957,0
-1.588495,4.7703099,0.21114588,-0.26536468,0.87307501,-0.40904957,0
-2.3522954,4.5307832,0.19540262,-0.26536468,0.87307501,-0.40904957,0
3.5039735,0.046556145,-1.196563,0.59072161,-0.18807554,-0.78464997,0
2.760788,-0.63495654,1.4639124,0.76199049,0.44985282,0.46583569,0
1.6188217,-0.29888457,-2.5329947,0.59072161,-0.18807554,-0.78464997,0
-0.20501292,-0.2981596,3.7404847,-0.59072161,0.18807554,0.78464997,0
2.3903241,2.6232746,-2.6525939,0.59072161,-0.18807554,-0.78464997,0
-2.0491374,-2.2968454,0.20321688,-0.76199049,-0.44985282,-0.46583569,0
2.2721372,-3.6319983,1.7749636,0.26536468,-0.87307501,0.40904957,0
-1.9426003,2.9140205,-3.5211961,-0.26536468,0.87307501,-0.40904957,0
1.4633765,2.6525204,0.41146958,0.76199049,0.44985282,0.46583569,0
-2.7852921,0.84315467,1.5243623,-0.59072161,0.18807554,0.78464997,0
2.5359769,2.1155646,-0.82450294,0.76199049,0.44985282,0.46583569,0
-1.0994449,-3.0454092,3.7256119,-0.59072161,0.18807554,0.78464997,0
2.9534397,0.91011387,-1.8180199,0.59072161,-0.18807554,-0.78464997,0
2.9283111,2.8812664,-2.2056937,0.76199049,0.44985282,0.46583569,0
-2.5726202,2.2125192,-3.2951446,-0.76199049,-0.44985282,-0.46583569,0
1.5692194,0.21097839,-2.6925483,0.59072161,-0.18807554,-0.78464997,0
0.60663772,-5.4422784,-1.0084296,0.26536468,-0.87307501,0.40904957,0
0.71126556,3.9687324,-2.9916754,-0.26536468,0.87307501,-0.40904957,0
-3.0295417,2.6591287,0.90520239,-0.59072161,0.18807554,0.78464997,0
1.4776518,-4.0631981,1.3700213,0.26536468,-0.87307501,0.40904957,0
-0.029779553,-4.3062315,1.8292139,0.26536468,-0.87307501,0.40904957,0
-0.62762427,-2.8372507,-1.6001588,-0.76199049,-0.44985282,-0.46583569,0
-0.55784595,0.84918439,3.1998441,-0.59072161,0.18807554,0.78464997,0
-1.7621918,4.2241001,-0.8420012,-0.26536468,0.87307501,-0.40904957,0
0.96050256,2.2806327,-3.6469021,0.59072161,-0.18807554,-0.78464997,0
3.230567,-4.0627069,0.23389268,0.26536468,-0.87307501,0.40904957,0
3.6628413,0.45191336,-1.1741216,0.59072161,-0.18807554,-0.78464997,0
-1.1873277,2.321372,2.3730664,-0.59072161,0.18807554,0.78464997,0
2.8310971,-1.8809818,-1.2411177,0.59072161,-0.18807554,-0.78464997,0
-0.70792872,3.0927176,-3.9407594,-0.26536468,0.87307501,-0.40904957,0
2.2179518,-0.36645663,2.0925689,0.76199049,0.44985282,0.46583569,0
1.3741875,1.7729921,1.4067116,0.76199049,0.44985282,0.46583569,0
-0.68866581,-4.2920213,2.2869871,0.26536468,-0.87307501,0.40904957,0
-1.4973614,0.48387766,2.5800939,-0.59072161,0.18807554,0.78464997,0
-4.588686,3.183352,-0.39424825,-0.59072161,0.18807554,0.78464997,0
3.3577178,-2.5515153,2.3382862,0.76199049,0.44985282,0.46583569,0
0.71276164,4.8529949,-1.1052766,-0.26536468,0.87307501,-0.40904957,0
-1.3444031,-2.6606445,-0.59823465,-0.76199049,-0.44985282,-0.46583569,0
-2.9365194,3.9222219,-0.72450233,-0.26536468,0.87307501,-0.40904957,0
-0.50952911,4.1178341,2.2236099,0.76199049,0.44985282,0.46583569,0
-1.947418,-0.86239445,2.5639629,-0.59072161,0.18807554,0.78464997,0
-1.0550656,5.2643418,1.7672287,-0.59072161,0.18807554,0.78464997,0
-2.7318709,3.7473705,-1.2304685,-0.26536468,0.87307501,-0.40904957,0
-1.168937,5.1738205,0.80021548,-0.26536468,0.87307501,-0.40904957,0
2.8709226,-2.108918,2.7071497,0.76199049,0.44985282,0.46583569,0
-0.04371357,-1.7941904,-3.4262147,0.59072161,-0.18807554,-0.78464997,0
-1.5441823,-4.5124235,2.3715637,0.26536468,-0.87307501,0.40904957,0
3.391058,-0.61781925,-1.1223245,0.59072161,-0.18807554,-0.78464997,0
3.6578631,-3.7036428,0.72307658,0.26536468,-0.87307501,0.40904957,0
0.44293565,4.5209694,-1.6389055,-0.26536468,0.87307501,-0.40904957,0
1.6091367,2.2489266,-3.15098,0.59072161,-0.18807554,-0.78464997,0
-3.10606,1.6455677,-1.8750713,-0.76199049,-0.44985282,-0.46583569,0
-1.2383698,3.7284288,-2.239783,-0.26536468,0.87307501,-0.40904957,0
-0.20301211,-2.0649285,-3.0405414,-0.76199049,-0.44985282,-0.46583569,0
-1.6407166,2.5159965,-4.5665812,-0.26536468,0.87307501,-0.40904957,0
1.9585462,4.2050357,-1.8977522,0.76199049,0.44985282,0.46583569,0
2.0506852,2.903337,-0.79143131,0.76199049,0.44985282,0.46583569,0
1.0513078,2.7220075,-3.6843343,0.59072161,-0.18807554,-0.78464997,0
1.3996105,-5.2433023,-1.5128821,0.59072161,-0.18807554,-0.78464997,0
3.2565336,-4.248333,-0.17915249,0.26536468,-0.87307501,0.40904957,0
-3.7703772,3.8882465,-0.25606704,-0.26536468,0.87307501,-0.40904957,0
3.04322,-1.1038954,-1.2676845,0.59072161,-0.18807554,-0.78464997,0
1.1400598,3.5448017,0.078667402,0.76199049,0.44985282,0.46583569,0
1.1819906,3.9404931,-0.37203574,0.76199049,0.44985282,0.46583569,0
-0.8915869,-4.9425159,0.8646512,-0.76199049,-0.44985282,-0.46583569,0
-1.8940302,-2.3034754,2.9495735,-0.59072161,0.18807554,0.78464997,0
-0.70483589,3.8286483,-2.3719964,-0.26536468,0.87307501,-0.40904957,0
-4.535243,2.7084451,-0.56369615,-0.76199049,-0.44985282,-0.46583569,0
-1.5450546,-4.1697779,3.1034722,0.26536468,-0.87307501,0.40904957,0
-1.3280272,1.1350243,-4.2904611,-0.76199049,-0.44985282,-0.46583569,0
1.1925477,1.9097028,-3.3832984,0.59072161,-0.18807554,-0.78464997,0
0.023892879,5.0730667,-0.18866348,-0.26536468,0.87307501,-0.40904957,0
0.44827116,-3.9221935,2.3387768,0.26536468,-0.87307501,0.40904957,0
0.26576614,-5.185812,-0.79354024,-0.76199049,-0.44985282,-0.46583569,0
2.727257,1.3673799,-0.41487479,0.76199049,0.44985282,0.46583569,0
-0.063590169,-0.35310423,3.8601239,-0.59072161,0.18807554,0.78464997,0
-0.58121657,2.8556712,2.7013075,-0.59072161,0.18807554,0.78464997,0
-2.9768651,1.0492718,1.3307325,-0.59072161,0.18807554,0.78464997,0
-0.6684233,3.5663712,-2.9554224,-0.26536468,0.87307501,-0.40904957,0
-0.7179268,-3.8795352,3.1863794,0.26536468,-0.87307501,0.40904957,0
-2.1794376,-3.1678689,2.9418948,-0.59072161,0.18807554,0.78464997,0
-2.411114,3.4325967,-2.1104066,-0.26536468,0.87307501,-0.40904957,0
-2.1123037,-0.61883843,2.3814502,-0.59072161,0.18807554,0.78464997,0
-2.2017756,1.2514219,1.8658024,-0.59072161,0.18807554,0.78464997,0
1.8214526,3.4338205,-0.9287467,0.76199049,0.44985282,0.46583569,0
4.6075144,-3.2600493,0.97815633,0.76199049,0.44985282,0.46583569,0
4.5361028,-2.7932487,0.26115537,0.59072161,-0.18807554,-0.78464997,0
1.2033378,3.609925,-0.0877285,0.76199049,0.44985282,0.46583569,0
1.4302607,-2.6530445,4.4105959,0.26536468,-0.87307501,0.40904957,0
-1.170285,5.3270383,1.665458,-0.59072161,0.18807554,0.78464997,0
-1.1747499,0.90440643,-4.3184786,-0.76199049,-0.44985282,-0.46583569,0
0.44613695,-2.3883846,-2.9150074,0.59072161,-0.18807554,-0.78464997,0
-1.9315655,-4.3571086,2.0004742,-0.76199049,-0.44985282,-0.46583569,0
-1.3411279,-0.64780426,-2.5473719,-0.76199049,-0.44985282,-0.46583569,0
-3.8055906,2.3146462,-1.3769364,-0.76199049,-0.44985282,-0.46583569,0
-1.7603148,-4.6204238,2.2812614,0.26536468,-0.87307501,0.40904957,0
4.2211304,-3.110918,1.4661691,0.76199049,0.44985282,0.46583569,0
2.9311879,0.030389398,-1.6239082,0.59072161,-0.18807554,-0.78464997,0
-2.7855847,-1.9574866,1.0801448,-0.76199049,-0.44985282,-0.46583569,0
-0.085606813,-2.505496,-2.8071356,-0.76199049,-0.44985282,-0.46583569,0
-2.6005521,4.4932485,0.27634192,-0.26536468,0.87307501,-0.40904957,0
0.66851413,0.70062113,3.5965948,0.76199049,0.44985282,0.46583569,0
1.8211725,-3.3156412,-1.6575582,0.59072161,-0.18807554,-0.78464997,0
-2.2393897,4.3357396,-0.2941432,-0.26536468,0.87307501,-0.40904957,0
2.1425705,-2.7018094,-1.562726,0.59072161,-0.18807554,-0.78464997,0
0.66594875,-1.9577153,4.7939711,-0.59072161,0.18807554,0.78464997,0
-0.94552159,4.711091,-0.33237028,-0.26536468,0.87307501,-0.40904957,0
-0.48364967,3.8651648,-2.437547,-0.26536468,0.87307501,-0.40904957,0
-2.5362682,-1.6736445,2.3151002,-0.59072161,0.18807554,0.78464997,0
-0.35366762,4.1113734,-1.9963634,-0.26536468,0.87307501,-0.40904957,0
0.49231195,-3.1454527,-2.6987803,0.59072161,-0.18807554,-0.78464997,0
0.42183042,4.3508987,-1.9882133,-0.26536468,0.87307501,-0.40904957,0
1.0773859,-5.2928319,-0.99484122,0.26536468,-0.87307501,0.40904957,0
-3.8443701,1.4039479,0.59262002,-0.59072161,0.18807554,0.78464997,0
3.1163416,-0.78862613,1.030713,0.76199049,0.44985282,0.46583569,0
1.7535729,0.55375755,1.9635348,0.76199049,0.44985282,0.46583569,0
-1.0240529,5.2247334,0.81489277,-0.26536468,0.87307501,-0.40904957,0
3.2088089,-0.086098552,-1.3869804,0.59072161,-0.18807554,-0.78464997,0
-2.8316739,-2.0863943,2.191638,-0.59072161,0.18807554,0.78464997,0
-0.66228634,-0.21364021,-4.077054,-0.76199049,-0.44985282,-0.46583569,0
-2.2012072,1.6409607,1.7728603,-0.59072161,0.18807554,0.78464997,0
-2.8623457,4.3538566,0.62486005,-0.59072161,0.18807554,0.78464997,0
-2.0353894,-3.5180993,3.134289,-0.59072161,0.18807554,0.78464997,0
-2.4747117,4.6037064,0.85680199,-0.59072161,0.18807554,0.78464997,0
-0.91359562,-0.93183202,3.3589172,-0.59072161,0.18807554,0.78464997,0
-3.3106189,3.2684159,-1.8772943,-0.26536468,0.87307501,-0.40904957,0
-0.84550822,0.35876393,-4.3301139,-0.76199049,-0.44985282,-0.46583569,0
-3.3131559,2.1944706,-2.0663843,-0.76199049,-0.44985282,-0.46583569,0
0.34477431,1.5546045,-3.9364274,0.59072161,-0.18807554,-0.78464997,0
2.7348816,3.2003999,-2.5315278,0.59072161,-0.18807554,-0.78464997,0
1.3072493,0.37479353,2.8664324,0.76199049,0.44985282,0.46583569,0
0.040293932,4.229444,1.2164563,0.76199049,0.44985282,0.46583569,0
2.0815637,-4.8640795,-0.73115826,0.26536468,-0.87307501,0.40904957,0
3.8964663,-3.2800434,-0.10371137,0.59072161,-0.18807554,-0.78464997,0
-0.43499053,-1.722091,-2.9921579,-0.76199049,-0.44985282,-0.46583569,0
0.90260148,4.4223399,-2.1476216,-0.26536468,0.87307501,-0.40904957,0
1.1130275,-2.839644,4.2181187,0.26536468,-0.87307501,0.40904957,0
-2.5716577,3.2677248,-2.3581593,-0.26536468,0.87307501,-0.40904957,0
1.2099963,1.2887945,2.1428721,0.76199049,0.44985282,0.46583569,0
3.0990679,0.43299434,-1.5940219,0.59072161,-0.18807554,-0.78464997,0
-0.52105927,-3.1197028,-1.5017111,-0.76199049,-0.44985282,-0.46583569,0
4.6346235,-2.8057156,0.49506664,0.76199049,0.44985282,0.46583569,0
1.6910229,-4.1741824,-1.5497539,0.59072161,-0.18807554,-0.78464997,0
1.5703902,-3.4482744,2.6223512,0.26536468,-0.87307501,0.40904957,0
-1.1295028,0.24066556,2.9153318,-0.59072161,0.18807554,0.78464997,0
1.4582553,1.0395772,-2.9746974,0.59072161,-0.18807554,-0.78464997,0
1.9316247,-0.043011963,-2.3588328,0.59072161,-0.18807554,-0.78464997,0
4.0629182,-2.9808717,-0.050108194,0.59072161,-0.18807554,-0.78464997,0
-3.5529032,2.2451971,0.61040807,-0.59072161,0.18807554,0.78464997,0
0.5012095,-5.2042012,-0.43188214,0.26536468,-0.87307501,0.40904957,0
2.5608022,-1.2899896,2.4235983,0.76199049,0.44985282,0.46583569,0
3.6645844,-2.1373851,-0.55217075,0.59072161,-0.18807554,-0.78464997,0
-0.11680442,2.6942923,-4.5571017,0.59072161,-0.18807554,-0.78464997,0
-0.43362707,-3.5912149,3.6173348,0.26536468,-0.87307501,0.40904957,0
-1.7932416,1.8990009,-4.267251,-0.76199049,-0.44985282,-0.46583569,0
0.37315702,-2.3871992,-2.9702346,0.59072161,-0.18807554,-0.78464997,0
-1.2928567,-4.2507548,2.767025,0.26536468,-0.87307501,0.40904957,0
-4.6711736,3.3900521,-0.73503423,-0.26536468,0.87307501,-0.40904957,0
-0.13512063,3.604825,2.1065795,0.76199049,0.44985282,0.46583569,0
-2.2751362,4.7990007,0.96024108,-0.59072161,0.18807554,0.78464997,0
2.6078367,0.053055137,-1.8727751,0.59072161,-0.18807554,-0.78464997,0
1.2975949,0.99655008,-3.0853364,0.59072161,-0.18807554,-0.78464997,0
-1.8586423,4.4914498,-0.20879841,-0.26536468,0.87307501,-0.40904957,0
3.355958,-1.4661705,-0.94540536,0.59072161,-0.18807554,-0.78464997,0
0.36804879,1.4707043,3.3444195,0.76199049,0.44985282,0.46583569,0
3.4621315,-0.35935253,-1.13077,0.59072161,-0.18807554,-0.78464997,0
0.80199891,-0.15407228,4.2036161,0.76199049,0.44985282,0.46583569,0
2.6514606,-3.4939675,1.8234959,0.26536468,-0.87307501,0.40904957,0
1.2430751,-4.1927805,-1.8825326,0.59072161,-0.18807554,-0.78464997,0
-0.59882236,-1.7699504,-2.6779525,-0.76199049,-0.44985282,-0.46583569,0
-1.8706464,2.7298322,1.7607265,-0.59072161,0.18807554,0.78464997,0
1.5094097,-0.59480405,3.4720793,0.76199049,0.44985282,0.46583569,0
3.2301817,-3.9993703,-0.43290353,0.59072161,-0.18807554,-0.78464997,0
0.47300839,-3.6914592,-2.5756173,-0.76199049,-0.44985282,-0.46583569,0
3.8556271,-2.186393,-0.3965981,0.59072161,-0.18807554,-0.78464997,0
2.9316583,-3.7975509,0.99375367,0.26536468,-0.87307501,0.40904957,0
-2.0281632,-2.7302637,0.58745581,-0.76199049,-0.44985282,-0.46583569,0
-1.0301976,-3.6920104,3.7892132,0.26536468,-0.87307501,0.40904957,0
2.7381132,-0.00029532611,-1.761909,0.59072161,-0.18807554,-0.78464997,0
-0.96204257,3.3266549,-3.2765915,-0.26536468,0.87307501,-0.40904957,0
1.3729109,4.7456641,-1.7626259,-0.26536468,0.87307501,-0.40904957,0
-1.1006786,-4.2882361,2.5623522,0.26536468,-0.87307501,0.40904957,0
1.515247,4.0262599,-3.3904595,-0.26536468,0.87307501,-0.40904957,0
2.0091703,-0.87019002,2.9205337,0.76199049,0.44985282,0.46583569,0
1.4005954,-3.5433517,2.5295699,0.26536468,-0.87307501,0.40904957,0
-0.039514542,2.3964236,3.1171331,0.76199049,0.44985282,0.46583569,0
0.93707216,-3.0952821,3.7866335,0.26536468,-0.87307501,0.40904957,0
-2.7435114,-2.5317795,1.5659117,-0.76199049,-0.44985282,-0.46583569,0
-0.75275731,1.2681175,2.9526901,-0.59072161,0.18807554,0.78464997,0
0.34657836,1.203095,-3.8508143,0.59072161,-0.18807554,-0.78464997,0
-0.022796154,5.0634074,-0.17899084,-0.26536468,0.87307501,-0.40904957,0
-1.9702761,2.8823271,-3.5708883,-0.26536468,0.87307501,-0.40904957,0
0.57416773,-5.1415319,-0.34545183,0.26536468,-0.87307501,0.40904957,0
-0.35162395,3.4386103,-3.4336345,-0.26536468,0.87307501,-0.40904957,0
0.52822512,4.606267,-1.512177,-0.26536468,0.87307501,-0.40904957,0
-0.81561017,5.0803375,0.37147069,-0.26536468,0.87307501,-0.40904957,0
-0.41964924,-4.9333239,0.74367046,0.26536468,-0.87307501,0.40904957,0
1.2915598,3.6907945,-0.31013238,0.76199049,0.44985282,0.46583569,0
4.473568,-3.4481025,0.739326,0.26536468,-0.87307501,0.40904957,0
1.4626555,-4.9051471,-0.41730499,0.26536468,-0.87307501,0.40904957,0
0.50025725,-2.2896461,-2.8979301,0.59072161,-0.18807554,-0.78464997,0
-2.9642062,1.8270152,1.1538422,-0.59072161,0.18807554,0.78464997,0
1.6300584,4.4011269,-1.5497921,0.76199049,0.44985282,0.46583569,0
1.6116776,4.2726121,-2.9272034,-0.26536468,0.87307501,-0.40904957,0
-0.69583613,-1.2447278,-3.0264642,-0.76199049,-0.44985282,-0.46583569,0
2.0189805,-2.0362077,-1.8153108,0.59072161,-0.18807554,-0.78464997,0
-0.1530484,-4.5710678,1.3439167,0.26536468,-0.87307501,0.40904957,0
1.0817506,-3.2205966,-2.2370117,0.59072161,-0.18807554,-0.78464997,0
2.3490286,-3.6231694,1.7439251,0.26536468,-0.87307501,0.40904957,0
-1.595156,-1.5555582,-1.2552366,-0.76199049,-0.44985282,-0.46583569,0
0.12266564,4.0187678,-2.5030348,-0.26536468,0.87307501,-0.40904957,0
4.0554256,-3.5461307,0.079740286,0.59072161,-0.18807554,-0.78464997,0
0.2463699,-2.9609249,4.5214872,0.26536468,-0.87307501,0.40904957,0
1.3931141,-1.7143589,-2.3636379,0.59072161,-0.18807554,-0.78464997,0
-0.40243447,-3.5373635,3.712039,0.26536468,-0.87307501,0.40904957,0
-0.049612403,-2.3262017,4.343586,-0.59072161,0.18807554,0.78464997,0
-0.50049585,-3.8252678,3.1611528,0.26536468,-0.87307501,0.40904957,0
2.0161684,-4.0494299,1.0500541,0.26536468,-0.87307501,0.40904957,0
-0.51842117,-4.5692773,1.5847681,0.26536468,-0.87307501,0.40904957,0
-3.0829442,-2.1873856,2.0266769,-0.59072161,0.18807554,0.78464997,0
3.1555707,1.2456605,-0.99794626,0.76199049,0.44985282,0.46583569,0
-2.9416542,1.0985103,-1.61571,-0.76199049,-0.44985282,-0.46583569,0
-0.92842448,-4.0873284,2.8794231,0.26536468,-0.87307501,0.40904957,0
3.8466318,-0.23748365,-0.87051129,0.59072161,-0.18807554,-0.78464997,0
-0.70849943,-0.50111091,3.4100819,-0.59072161,0.18807554,0.78464997,0
-0.90702569,2.2747726,2.5952606,-0.59072161,0.18807554,0.78464997,0
2.4191532,0.76383424,0.67194355,0.76199049,0.44985282,0.46583569,0
1.705303,3.2046752,-0.51747149,0.76199049,0.44985282,0.46583569,0
1.5805795,-1.6117072,-2.2471099,0.59072161,-0.18807554,-0.78464997,0
2.8409297,-4.0272655,0.56231093,0.26536468,-0.87307501,0.40904957,0
3.0708606,-0.030539814,-1.5041516,0.59072161,-0.18807554,-0.78464997,0
2.7653911,-2.0761409,2.8481202,0.76199049,0.44985282,0.46583569,0
-1.951942,-4.4071507,2.860786,0.26536468,-0.87307501,0.40904957,0
-0.9527632,-4.7815351,1.4134989,0.26536468,-0.87307501,0.40904957,0
-2.1186404,-1.6879425,2.632937,-0.59072161,0.18807554,0.78464997,0
2.4571867,0.74178958,0.63101828,0.76199049,0.44985282,0.46583569,0
-1.2272038,1.1043948,-4.4258041,-0.76199049,-0.44985282,-0.46583569,0
2.8990314,-1.2546127,1.8361766,0.76199049,0.44985282,0.46583569,0
2.0932786,2.6173651,-2.8748074,0.59072161,-0.18807554,-0.78464997,0
-4.3301363,3.128319,-1.3046665,-0.76199049,-0.44985282,-0.46583569,0
1.4740435,-2.8592505,3.9420669,0.26536468,-0.87307501,0.40904957,0
-1.1814549,3.2307572,-3.3389349,-0.26536468,0.87307501,-0.40904957,0
-2.2615843,1.4671655,1.769063,-0.59072161,0.18807554,0.78464997,0
2.2869959,-0.71895552,2.3200347,0.76199049,0.44985282,0.46583569,0
-4.7029371,3.3604791,-0.77754927,-0.26536468,0.87307501,-0.40904957,0
-2.2392535,-2.0780342,0.30289552,-0.76199049,-0.44985282,-0.46583569,0
0.10574782,0.99938059,3.6634278,-0.59072161,0.18807554,0.78464997,0
-0.26960135,4.2492671,1.7042253,0.76199049,0.44985282,0.46583569,0
2.977025,-2.3675542,2.7833555,0.76199049,0.44985282,0.46583569,0
-2.9189069,2.1066999,-2.6265173,-0.76199049,-0.44985282,-0.46583569,0
-3.7784832,0.82445711,0.01778245,-0.76199049,-0.44985282,-0.46583569,0
-1.5425472,-4.6900601,1.9913549,0.26536468,-0.87307501,0.40904957,0
0.34775829,-3.7263963,2.8218915,0.26536468,-0.87307501,0.40904957,0
-1.1312647,-2.9955606,3.6897078,-0.59072161,0.18807554,0.78464997,0
3.2757921,-2.5642264,2.4845712,0.76199049,0.44985282,0.46583569,0
1.1118324,1.2393465,-3.2833843,0.59072161,-0.18807554,-0.78464997,0
2.6362476,2.9452844,-1.7897723,0.76199049,0.44985282,0.46583569,0
1.2969422,0.74872315,-3.0264254,0.59072161,-0.18807554,-0.78464997,0
0.14630818,-4.1295948,-1.6181146,-0.76199049,-0.44985282,-0.46583569,0
0.98386353,0.62516803,-3.2325106,0.59072161,-0.18807554,-0.78464997,0
-0.19183898,2.2268271,3.1451793,-0.59072161,0.18807554,0.78464997,0
-2.0359802,-2.1900754,0.078588434,-0.76199049,-0.44985282,-0.46583569,0
-2.4357989,-3.8868685,2.9212337,-0.59072161,0.18807554,0.78464997,0
-0.77714765,-3.8556857,3.2757025,0.26536468,-0.87307501,0.40904957,0
4.3828344,-2.8952336,0.17021322,0.59072161,-0.18807554,-0.78464997,0
1.6501968,-4.4449601,0.44325352,0.26536468,-0.87307501,0.40904957,0
-0.60492557,-4.0687547,2.7092009,0.26536468,-0.87307501,0.40904957,0
1.7029471,-0.77842784,3.3328242,0.76199049,0.44985282,0.46583569,0
-1.6228516,-0.5770818,2.7399242,-0.59072161,0.18807554,0.78464997,0
-2.6553822,2.3954785,-3.3364487,-0.76199049,-0.44985282,-0.46583569,0
1.8540263,4.1010175,-3.4105499,0.59072161,-0.18807554,-0.78464997,0
0.96917212,0.26153111,-3.1564095,0.59072161,-0.18807554,-0.78464997,0
3.2703528,1.1451199,-1.6357625,0.59072161,-0.18807554,-0.78464997,0
-0.46987969,-3.3056929,4.2502708,0.26536468,-0.87307501,0.40904957,0
2.7023058,-4.5811906,-0.53005815,0.26536468,-0.87307501,0.40904957,0
2.6441545,3.0603318,-1.9138069,0.76199049,0.44985282,0.46583569,0
-2.9146175,4.1573458,-0.2368629,-0.26536468,0.87307501,-0.40904957,0
1.9019212,-3.5863657,2.1125336,0.26536468,-0.87307501,0.40904957,0
-3.5896192,3.0126724,0.39880753,-0.59072161,0.18807554,0.78464997,0
0.011238813,-0.42026591,3.9325571,-0.59072161,0.18807554,0.78464997,0
-0.99414682,-1.7950743,-2.0070388,-0.76199049,-0.44985282,-0.46583569,0
-1.2091992,5.4250517,1.362563,-0.26536468,0.87307501,-0.40904957,0
-2.7681575,-3.5452514,2.5849266,-0.76199049,-0.44985282,-0.46583569,0
0.44613314,-4.5794816,-1.6741025,-0.76199049,-0.44985282,-0.46583569,0
-1.0545127,5.1317959,0.63628817,-0.26536468,0.87307501,-0.40904957,0
-1.9017249,-3.0771494,0.71561879,-0.76199049,-0.44985282,-0.46583569,0
1.6052898,4.383224,-2.6869698,-0.26536468,0.87307501,-0.40904957,0
2.483902,1.564381,-0.20704931,0.76199049,0.44985282,0.46583569,0
-1.9286454,-1.133548,2.6430895,-0.59072161,0.18807554,0.78464997,0
2.3059165,0.97205245,0.65609604,0.76199049,0.44985282,0.46583569,0
-0.79515815,2.8475106,-4.4075403,-0.26536468,0.87307501,-0.40904957,0
-0.76357371,-4.1465902,2.6459904,0.26536468,-0.87307501,0.40904957,0
-0.94726992,3.2973986,2.3198459,-0.59072161,0.18807554,0.78464997,0
1.4704487,-5.1800213,-1.0090519,0.26536468,-0.87307501,0.40904957,0
1.4729842,0.96307892,-2.9452727,0.59072161,-0.18807554,-0.78464997,0
-1.2903246,-2.2556145,-1.0778272,-0.76199049,-0.44985282,-0.46583569,0
3.0256815,0.14040536,-1.579139,0.59072161,-0.18807554,-0.78464997,0
0.068132281,-4.5175872,1.3145781,0.26536468,-0.87307501,0.40904957,0
0.12679428,3.7740059,-3.0281332,-0.26536468,0.87307501,-0.40904957,0
-3.5700178,2.3989251,0.56067538,-0.59072161,0.18807554,0.78464997,0
-3.2022953,3.460742,0.58300376,-0.59072161,0.18807554,0.78464997,0
-0.27469158,0.03336525,-4.0381594,0.59072161,-0.18807554,-0.78464997,0
-1.7024016,3.6306474,1.6714697,-0.59072161,0.18807554,0.78464997,0
-3.6849875,3.0245755,0.32415652,-0.59072161,0.18807554,0.78464997,0
2.7574785,-0.20711243,1.0561612,0.76199049,0.44985282,0.46583569,0
2.6848471,2.7640834,-1.6942854,0.76199049,0.44985282,0.46583569,0
2.3925617,4.0876937,-2.4943771,0.76199049,0.44985282,0.46583569,0
-0.55240619,-1.818128,-2.7073529,-0.76199049,-0.44985282,-0.46583569,0
0.18515098,0.10007465,-3.7079577,0.59072161,-0.18807554,-0.78464997,0
-2.0619431,4.3825035,-0.30944633,-0.26536468,0.87307501,-0.40904957,0
-0.12952662,-4.7338448,-0.58340073,-0.76199049,-0.44985282,-0.46583569,0
-3.1309147,4.2679601,0.44325757,-0.59072161,0.18807554,0.78464997,0
-1.4298892,-1.4277078,3.0890851,-0.59072161,0.18807554,0.78464997,0
-0.082827806,-5.0935607,-0.31241369,-0.76199049,-0.44985282,-0.46583569,0
-3.0165269,-1.6034783,1.116046,-0.76199049,-0.44985282,-0.46583569,0
0.068569094,3.5842626,-3.3953478,-0.26536468,0.87307501,-0.40904957,0
-3.0290573,0.28355253,1.4749775,-0.59072161,0.18807554,0.78464997,0
-0.087366104,3.1296043,2.4873807,0.76199049,0.44985282,0.46583569,0
-2.4004228,4.3081822,-0.24849367,-0.26536468,0.87307501,-0.40904957,0
-0.25724339,-3.0596626,-1.9912279,-0.76199049,-0.44985282,-0.46583569,0
2.3591743,1.6141276,-0.051065475,0.76199049,0.44985282,0.46583569,0
3.2654467,-1.8550091,1.8166096,0.76199049,0.44985282,0.46583569,0
1.8540688,-4.8305912,-0.51209688,0.26536468,-0.87307501,0.40904957,0
2.480263,-2.6327994,3.7726336,0.26536468,-0.87307501,0.40904957,0
-1.285795,4.5591393,1.7625575,-0.59072161,0.18807554,0.78464997,0
-1.0376918,5.3967118,1.1908118,-0.26536468,0.87307501,-0.40904957,0
-2.7604246,1.7051947,-2.4980249,-0.76199049,-0.44985282,-0.46583569,0
-0.60116935,3.9647799,2.42044,-0.59072161,0.18807554,0.78464997,0
-1.0184355,-3.6786809,3.8100328,0.26536468,-0.87307501,0.40904957,0
0.72787774,3.6301937,0.67043173,0.76199049,0.44985282,0.46583569,0
-0.51347065,5.055922,0.12335062,-0.26536468,0.87307501,-0.40904957,0
-3.1921718,-0.55397213,1.5529264,-0.59072161,0.18807554,0.78464997,0
-0.45434892,-1.0976813,-3.563478,-0.76199049,-0.44985282,-0.46583569,0
-1.1324103,-3.2476952,-0.37809306,-0.76199049,-0.44985282,-0.46583569,0
-2.976742,-1.7978027,1.2386253,-0.76199049,-0.44985282,-0.46583569,0
-1.1508045,4.6624451,-0.30302596,-0.26536468,0.87307501,-0.40904957,0
2.9157252,2.8090534,-2.1153715,0.76199049,0.44985282,0.46583569,0
-1.2607458,-4.1584854,2.9431334,0.26536468,-0.87307501,0.40904957,0
0.40725458,-4.6314301,0.85159111,0.26536468,-0.87307501,0.40904957,0
-1.5893102,-1.8987203,-0.93341076,-0.76199049,-0.44985282,-0.46583569,0
1.4510794,-2.7304938,4.231782,0.26536468,-0.87307501,0.40904957,0
-1.6375632,-3.787168,3.4982855,-0.59072161,0.18807554,0.78464997,0
-2.0917039,-4.1439114,2.0565376,-0.76199049,-0.44985282,-0.46583569,0
-1.73926,4.0108061,-1.3121324,-0.26536468,0.87307501,-0.40904957,0
1.7871488,-3.8584943,1.6061602,0.26536468,-0.87307501,0.40904957,0
4.1402197,-2.4564722,-0.11760712,0.59072161,-0.18807554,-0.78464997,0
1.452374,-1.0781717,4.0321584,0.76199049,0.44985282,0.46583569,0
-0.5416531,-2.898428,4.1103134,-0.59072161,0.18807554,0.78464997,0
0.0078504086,-3.4614007,3.6080079,0.26536468,-0.87307501,0.40904957,0
-0.8087036,2.0730028,-4.9290771,0.59072161,-0.18807554,-0.78464997,0
-3.3011079,2.2002449,0.81074572,-0.59072161,0.18807554,0.78464997,0
0.42764556,-3.8173933,2.5758426,0.26536468,-0.87307501,0.40904957,0
0.067164063,0.56839824,3.737684,-0.59072161,0.18807554,0.78464997,0
1.0221908,-2.3397703,5.1537418,-0.59072161,0.18807554,0.78464997,0
-0.98900568,-1.9713227,-1.8452469,-0.76199049,-0.44985282,-0.46583569,0
-3.240231,-0.091183901,1.4058176,-0.59072161,0.18807554,0.78464997,0
-2.3532476,-0.95288676,2.2801256,-0.59072161,0.18807554,0.78464997,0
1.5492963,3.6061666,-0.65000033,0.76199049,0.44985282,0.46583569,0
0.33346462,3.0178399,1.9069371,0.76199049,0.44985282,0.46583569,0
-0.17154455,2.3638098,3.127624,-0.59072161,0.18807554,0.78464997,0
-1.0047166,4.4854822,-0.77550793,-0.26536468,0.87307501,-0.40904957,0
-2.5184205,4.7287526,0.79392338,-0.59072161,0.18807554,0.78464997,0
3.99793,-3.3926163,1.1663184,0.26536468,-0.87307501,0.40904957,0
-1.6318312,5.2389035,1.2394257,-0.26536468,0.87307501,-0.40904957,0
-0.48760176,3.8557675,-2.4550407,-0.26536468,0.87307501,-0.40904957,0
3.1505306,-3.9533176,0.51929474,0.26536468,-0.87307501,0.40904957,0
0.93900472,-1.9213337,4.9908199,-0.59072161,0.18807554,0.78464997,0
-0.56169152,-2.0164971,-2.5006015,-0.76199049,-0.44985282,-0.46583569,0
-0.63620925,-3.3331239,-1.1072559,-0.76199049,-0.44985282,-0.46583569,0
-1.8538699,4.9427562,0.75137305,-0.26536468,0.87307501,-0.40904957,0
0.7758612,2.6095352,-3.8647447,0.59072161,-0.18807554,-0.78464997,0
-2.652853,-2.3747568,1.2659822,-0.76199049,-0.44985282,-0.46583569,0
-1.8124657,4.3234701,-0.59729147,-0.26536468,0.87307501,-0.40904957,0
3.8351579,0.012171745,-0.91841245,0.76199049,0.44985282,0.46583569,0
2.0280917,3.0560241,-0.90192229,0.76199049,0.44985282,0.46583569,0
-0.76285005,4.8942943,1.8881599,0.76199049,0.44985282,0.46583569,0
-1.7495048,4.9912572,1.3098788,-0.59072161,0.18807554,0.78464997,0
-2.072319,-3.6170137,1.5160093,-0.76199049,-0.44985282,-0.46583569,0
2.3734803,-4.1473913,0.60916495,0.26536468,-0.87307501,0.40904957,0
-0.89817691,0.064385533,3.1317382,-0.59072161,0.18807554,0.78464997,0
-1.1306355,2.5325763,-4.8621001,-0.26536468,0.87307501,-0.40904957,0
-0.70031357,2.9069395,-4.3422246,-0.26536468,0.87307501,-0.40904957,0
-0.31463218,1.2912153,3.2769949,-0.59072161,0.18807554,0.78464997,0
-0.98390555,-1.5010133,-2.3077626,-0.76199049,-0.44985282,-0.46583569,0
0.067513466,-4.4926982,1.3681028,0.26536468,-0.87307501,0.40904957,0
1.0841804,-4.7313728,0.19912863,0.26536468,-0.87307501,0.40904957,0
-2.3744469,2.1293507,-3.5389915,-0.76199049,-0.44985282,-0.46583569,0
0.46113992,-4.4790721,1.1418271,0.26536468,-0.87307501,0.40904957,0
2.529608,3.9821,-2.873436,0.59072161,-0.18807554,-0.78464997,0
-2.5533495,-2.4680958,1.193356,-0.76199049,-0.44985282,-0.46583569,0
-2.9210687,-1.629476,2.014817,-0.59072161,0.18807554,0.78464997,0
0.47962344,-1.9881159,-2.985739,0.59072161,-0.18807554,-0.78464997,0
2.9580634,0.64714426,-1.751507,0.59072161,-0.18807554,-0.78464997,0
-0.35109651,0.99209678,-4.3254824,0.59072161,-0.18807554,-0.78464997,0
0.48903668,0.36653256,4.1036749,-0.59072161,0.18807554,0.78464997,0
-3.6839294,0.19134241,0.47450912,-0.76199049,-0.44985282,-0.46583569,0
-0.28784236,2.3281784,-4.5981116,0.59072161,-0.18807554,-0.78464997,0
1.7238351,-1.4560894,-2.1765609,0.59072161,-0.18807554,-0.78464997,0
-1.6856532,-0.026250243,2.5606134,-0.59072161,0.18807554,0.78464997,0
0.59902984,-2.9113865,4.3984394,0.26536468,-0.87307501,0.40904957,0
1.9267719,-1.2605128,3.4322474,0.76199049,0.44985282,0.46583569,0
3.2951908,-2.5198274,2.4099641,0.76199049,0.44985282,0.46583569,0
-2.4489946,-3.0591769,1.5934591,-0.76199049,-0.44985282,-0.46583569,0
1.7277126,-4.5731435,-1.426504,0.59072161,-0.18807554,-0.78464997,0
3.9817257,-2.5144005,1.2817247,0.76199049,0.44985282,0.46583569,0
1.0971948,4.8917694,-1.2719114,-0.26536468,0.87307501,-0.40904957,0
-1.8613333,0.80589342,-3.1002669,-0.76199049,-0.44985282,-0.46583569,0
0.5849908,3.8988857,-3.0588369,-0.26536468,0.87307501,-0.40904957,0
-3.6732125,2.034061,-1.3225152,-0.76199049,-0.44985282,-0.46583569,0
-1.6381843,3.3374519,1.7900925,-0.59072161,0.18807554,0.78464997,0
3.3179026,0.74820489,-0.78309214,0.76199049,0.44985282,0.46583569,0
1.7445835,3.331347,-3.3084583,0.59072161,-0.18807554,-0.78464997,0
0.11374545,3.6516719,1.6542573,0.76199049,0.44985282,0.46583569,0
-3.641582,-0.16892451,0.75314546,-0.76199049,-0.44985282,-0.46583569,0
-0.072324514,3.5536201,2.053309,0.76199049,0.44985282,0.46583569,0
0.18848562,-4.399262,-1.4266913,-0.76199049,-0.44985282,-0.46583569,0
3.7156892,0.091063976,-0.79917717,0.76199049,0.44985282,0.46583569,0
0.42021608,2.3085012,2.4500344,0.76199049,0.44985282,0.46583569,0
3.7557456,-0.51041663,-0.28385592,0.76199049,0.44985282,0.46583569,0
-0.14915144,-3.9694467,2.6254885,0.26536468,-0.87307501,0.40904957,0
-2.9884682,0.85014963,-1.2992944,-0.76199049,-0.44985282,-0.46583569,0
-0.24435897,2.6222489,-4.6358624,0.59072161,-0.18807554,-0.78464997,0
-3.8574467,2.0382457,0.43073797,-0.59072161,0.18807554,0.78464997,0
-1.0536898,3.0406699,-3.8275435,-0.26536468,0.87307501,-0.40904957,0
0.33162546,-4.1065559,2.0209446,0.26536468,-0.87307501,0.40904957,0
2.6792161,2.9193983,-1.835061,0.76199049,0.44985282,0.46583569,0
-2.8558688,2.8913114,0.98029888,-0.59072161,0.18807554,0.78464997,0
-3.1014271,3.9422143,-0.57484984,-0.26536468,0.87307501,-0.40904957,0
1.421854,3.0431056,0.10220557,0.76199049,0.44985282,0.46583569,0
0.35410845,1.4923878,3.3462827,0.76199049,0.44985282,0.46583569,0
-0.040055752,-4.3216486,-1.1278055,-0.76199049,-0.44985282,-0.46583569,0
