1.7321197,-1.8301458,2.3522949,0.29093915,0.12799478,0.94814122,0
-3.0414538,3.8449244,-0.027123213,-0.91823924,0.31566402,0.2391504,0
0.71741033,0.68917751,2.3235633,0.29093915,0.12799478,0.94814122,0
-3.263087,2.0131605,1.5397136,-0.91823924,0.31566402,0.2391504,0
0.76455498,2.9401784,-2.5324898,0.26868403,0.94019872,-0.20936882,0
-0.3246789,3.3856282,-1.9299581,0.26868403,0.94019872,-0.20936882,0
3.0567775,2.04684,-3.6025274,0.26868403,0.94019872,-0.20936882,0
4.4469309,1.7745807,-1.9938278,0.91823924,-0.31566402,-0.2391504,0
-0.50157285,-2.9487777,-2.0847576,-0.29093915,-0.12799478,-0.94814122,0
2.7694194,-2.4646332,-2.8392777,0.91823924,-0.31566402,-0.2391504,0
0.7165153,-0.63244796,-2.7712245,-0.29093915,-0.12799478,-0.94814122,0
-4.2802372,0.42619374,-0.27102566,-0.91823924,0.31566402,0.2391504,0
3.306128,-3.7081285,0.86280155,0.91823924,-0.31566402,-0.2391504,0
2.3435428,3.1029177,0.22463369,0.26868403,0.94019872,-0.20936882,0
-1.4145374,-3.5011296,-0.82066202,-0.26868403,-0.94019872,0.20936882,0
-0.08762598,3.9983716,1.1258591,0.26868403,0.94019872,-0.20936882,0
3.2348676,-3.9020422,0.84514451,0.91823924,-0.31566402,-0.2391504,0
-3.2565699,-3.0587759,-1.1981041,-0.26868403,-0.94019872,0.20936882,0
-3.7702496,-0.69916749,3.1725259,-0.91823924,0.31566402,0.2391504,0
1.9347625,1.218116,-3.3948638,-0.29093915,-0.12799478,-0.94814122,0
4.2138438,-0.48232177,0.09018755,0.91823924,-0.31566402,-0.2391504,0
3.4443972,-0.50930119,-2.8285596,0.91823924,-0.31566402,-0.2391504,0
-4.7475986,-1.4032308,0.34922886,-0.91823924,0.31566402,0.2391504,0
3.5633664,-3.5200438,2.0185013,0.29093915,0.12799478,0.94814122,0
2.0425873,0.4769814,-3.3279002,-0.29093915,-0.12799478,-0.94814122,0
5.0201702,1.2458146,0.90511227,0.91823924,-0.31566402,-0.2391504,0
4.1499104,2.2296066,-1.3789635,0.26868403,0.94019872,-0.20936882,0
3.8604505,2.131114,-2.1927242,0.26868403,0.94019872,-0.20936882,0
2.840945,0.43042827,1.7068821,0.29093915,0.12799478,0.94814122,0
2.588325,-3.1948662,-2.5707428,0.91823924,-0.31566402,-0.2391504,0
0.26135826,3.6466694,2.064256,0.29093915,0.12799478,0.94814122,0
4.2426314,1.5140463,-2.4343648,0.91823924,-0.31566402,-0.2391504,0
-4.4136081,-1.0747641,1.198061,-0.91823924,0.31566402,0.2391504,0
-0.32331932,-2.0448513,3.0119948,0.29093915,0.12799478,0.94814122,0
-4.0644484,0.8341217,0.019075871,-0.91823924,0.31566402,0.2391504,0
3.1091635,-2.0329933,1.9571295,0.29093915,0.12799478,0.94814122,0
-1.2868183,2.1962171,-2.5383544,-0.29093915,-0.12799478,-0.94814122,0
3.8765357,1.8297434,-3.5254283,0.26868403,0.94019872,-0.20936882,0
-2.5284097,-3.1967692,-0.88332868,-0.26868403,-0.94019872,0.20936882,0
-2.674691,3.7286124,-2.3193493,-0.29093915,-0.12799478,-0.94814122,0
-3.9581349,-2.7594764,-0.75437999,-0.26868403,-0.94019872,0.20936882,0
-2.5501513,4.0261168,1.6201122,-0.91823924,0.31566402,0.2391504,0
-1.579381,3.8875172,2.5965769,0.29093915,0.12799478,0.94814122,0
1.932297,-4.7030821,-1.9231802,-0.26868403,-0.94019872,0.20936882,0
3.4397724,-2.0368075,-0.83010221,0.91823924,-0.31566402,-0.2391504,0
4.6874461,1.0485682,-0.11205721,0.91823924,-0.31566402,-0.2391504,0
-0.45651132,-1.0036154,2.912303,0.29093915,0.12799478,0.94814122,0
-2.8735361,3.1533074,1.5305045,-0.91823924,0.31566402,0.2391504,0
-1.5353906,3.9705486,-0.85700828,0.26868403,0.94019872,-0.20936882,0
-1.9043353,-1.1313331,3.3738117,0.29093915,0.12799478,0.94814122,0
-3.9823825,-1.2922506,3.1408563,-0.91823924,0.31566402,0.2391504,0
4.3030481,-0.060079277,-0.12463856,0.91823924,-0.31566402,-0.2391504,0
-3.3901176,1.7669594,1.3769383,-0.91823924,0.31566402,0.2391504,0
4.7956643,1.6138029,-0.44261837,0.91823924,-0.31566402,-0.2391504,0
2.3020453,-4.0535488,1.4681337,-0.26868403,-0.94019872,0.20936882,0
-1.6048179,4.7260799,2.4467113,0.26868403,0.94019872,-0.20936882,0
0.93428993,-4.1677637,-0.80000973,-0.26868403,-0.94019872,0.20936882,0
-2.876616,4.3279486,-0.97325706,0.26868403,0.94019872,-0.20936882,0
1.5552896,-1.8179445,2.4049084,0.29093915,0.12799478,0.94814122,0
1.5045142,3.5140271,0.99404764,0.26868403,0.94019872,-0.20936882,0
-1.5191081,-0.96432543,-2.040417,-0.29093915,-0.12799478,-0.94814122,0
1.5932541,0.35152054,-3.173085,-0.29093915,-0.12799478,-0.94814122,0
4.6678085,0.87386453,0.043140411,0.91823924,-0.31566402,-0.2391504,0
-0.29772544,2.8372812,2.3450756,0.29093915,0.12799478,0.94814122,0
-0.27216327,1.9733311,-2.8196149,-0.29093915,-0.12799478,-0.94814122,0
-3.8956025,0.41065693,1.2263217,-0.91823924,0.31566402,0.2391504,0
-1.0961678,4.192955,0.70539343,0.26868403,0.94019872,-0.20936882,0
4.2147455,2.2625823,-1.1476784,0.26868403,0.94019872,-0.20936882,0
-0.019918919,-3.9519973,-1.0556235,-0.26868403,-0.94019872,0.20936882,0
1.8371046,-0.3577497,-3.1521628,-0.29093915,-0.12799478,-0.94814122,0
-0.53942013,1.8617547,-2.722544,-0.29093915,-0.12799478,-0.94814122,0
3.2117338,2.8924961,0.39386249,0.26868403,0.94019872,-0.20936882,0
2.7209642,-0.88628125,-3.3520274,-0.29093915,-0.12799478,-0.94814122,0
-2.4768047,3.496244,-2.3487024,-0.29093915,-0.12799478,-0.94814122,0
-1.1311061,3.4787579,-2.5466385,0.26868403,0.94019872,-0.20936882,0
2.5730689,-3.1529126,-2.6846967,0.91823924,-0.31566402,-0.2391504,0
-2.8071997,-2.7462282,0.78211427,-0.26868403,-0.94019872,0.20936882,0
1.0977433,1.0630186,-3.1170855,-0.29093915,-0.12799478,-0.94814122,0
-4.3704443,-1.268216,1.6191349,-0.91823924,0.31566402,0.2391504,0
2.4478474,0.54333377,-3.4612126,-0.29093915,-0.12799478,-0.94814122,0
-3.614325,-1.8890936,3.5954022,-0.26868403,-0.94019872,0.20936882,0
-1.070357,2.0301361,2.6911201,0.29093915,0.12799478,0.94814122,0
2.0698314,3.033787,-0.43705988,0.26868403,0.94019872,-0.20936882,0
0.2547245,-3.8366358,-0.18512529,-0.26868403,-0.94019872,0.20936882,0
2.4832792,2.3474224,1.557847,0.29093915,0.12799478,0.94814122,0
4.5310116,1.2514992,-0.98055696,0.91823924,-0.31566402,-0.2391504,0
2.7837188,-2.257781,-3.0574069,0.91823924,-0.31566402,-0.2391504,0
4.5477333,0.45192659,0.13903284,0.91823924,-0.31566402,-0.2391504,0
3.5979862,-3.3765271,1.545723,0.91823924,-0.31566402,-0.2391504,0
-2.7238207,3.7539659,1.3125172,-0.91823924,0.31566402,0.2391504,0
-1.3626854,-2.8454125,2.1904659,-0.26868403,-0.94019872,0.20936882,0
2.290935,2.5072837,-2.5176508,0.26868403,0.94019872,-0.20936882,0
-2.6723952,3.4867659,-2.2874055,-0.29093915,-0.12799478,-0.94814122,0
2.8867567,1.028769,1.6120516,0.29093915,0.12799478,0.94814122,0
3.4584305,2.2191734,-2.3131957,0.26868403,0.94019872,-0.20936882,0
4.6324406,-0.098292649,1.1905308,0.91823924,-0.31566402,-0.2391504,0
2.4888837,3.3176465,1.4251515,0.29093915,0.12799478,0.94814122,0
2.3761964,-4.1044874,-2.1845839,0.91823924,-0.31566402,-0.2391504,0
1.1209499,-0.70409989,-2.8856535,-0.29093915,-0.12799478,-0.94814122,0
-4.2581797,0.91621071,-0.83312535,-0.91823924,0.31566402,0.2391504,0
-1.7542114,4.2983222,0.33409035,0.26868403,0.94019872,-0.20936882,0
-4.0542278,1.704154,-1.0900724,-0.91823924,0.31566402,0.2391504,0
2.8535652,-2.0612559,-3.0486255,0.91823924,-0.31566402,-0.2391504,0
-3.1211574,2.1435382,1.9125736,-0.91823924,0.31566402,0.2391504,0
1.8089674,-3.9978721,-2.6521292,-0.29093915,-0.12799478,-0.94814122,0
-1.2034307,3.2179682,-2.7018738,-0.29093915,-0.12799478,-0.94814122,0
3.8103652,-1.595572,0.010418415,0.91823924,-0.31566402,-0.2391504,0
-2.4445848,-2.2938142,3.2790849,-0.26868403,-0.94019872,0.20936882,0
0.033314705,-2.6587489,-2.2880418,-0.29093915,-0.12799478,-0.94814122,0
-3.3754773,0.93554664,2.5305653,-0.91823924,0.31566402,0.2391504,0
-0.18491364,-1.8457978,-2.3308227,-0.29093915,-0.12799478,-0.94814122,0
-2.3687778,3.6696851,2.7869806,-0.91823924,0.31566402,0.2391504,0
-0.14682078,-3.4686074,0.95225066,-0.26868403,-0.94019872,0.20936882,0
2.1885936,-4.6812301,-1.4961441,-0.26868403,-0.94019872,0.20936882,0
2.7256358,-3.100493,2.2189233,0.29093915,0.12799478,0.94814122,0
3.3717346,2.0459046,-3.202538,0.26868403,0.94019872,-0.20936882,0
-1.6619811,-3.4376276,-0.85304201,-0.26868403,-0.94019872,0.20936882,0
1.1921088,0.54782748,2.1969829,0.29093915,0.12799478,0.94814122,0
-2.7599349,-3.1523845,-0.98113108,-0.26868403,-0.94019872,0.20936882,0
4.4434671,1.5649043,1.0619962,0.29093915,0.12799478,0.94814122,0
-3.3640532,2.7967587,0.11774325,-0.91823924,0.31566402,0.2391504,0
1.3868945,-0.91702008,-2.9385161,-0.29093915,-0.12799478,-0.94814122,0
-3.2986481,-2.6009312,0.80391073,-0.26868403,-0.94019872,0.20936882,0
4.1547432,1.9634527,-2.5679626,0.26868403,0.94019872,-0.20936882,0
4.1808257,2.4007845,1.0297477,0.29093915,0.12799478,0.94814122,0
0.84973574,-3.7299001,1.0577672,-0.26868403,-0.94019872,0.20936882,0
0.71059036,2.8467422,-3.021332,0.26868403,0.94019872,-0.20936882,0
-3.6339121,-0.99324155,3.8858953,0.29093915,0.12799478,0.94814122,0
-3.4219267,4.0693026,-1.7841488,-0.91823924,0.31566402,0.2391504,0
-2.6237593,4.1159596,-1.6007298,0.26868403,0.94019872,-0.20936882,0
-2.6341362,-3.122139,-0.68387151,-0.26868403,-0.94019872,0.20936882,0
3.2097626,-1.4445267,-2.4950194,0.91823924,-0.31566402,-0.2391504,0
-0.94236898,-2.8851943,2.5512137,-0.26868403,-0.94019872,0.20936882,0
4.4353724,-0.26653266,0.65593767,0.91823924,-0.31566402,-0.2391504,0
-3.5025539,-2.5308368,0.8570056,-0.26868403,-0.94019872,0.20936882,0
3.2789073,-2.5628848,-0.75336766,0.91823924,-0.31566402,-0.2391504,0
0.20098388,-0.85518193,2.6905115,0.29093915,0.12799478,0.94814122,0
0.46181631,3.8544867,1.1848267,0.26868403,0.94019872,-0.20936882,0
-0.84791267,2.1682847,-2.6692629,-0.29093915,-0.12799478,-0.94814122,0
-2.5992506,0.25047445,-1.8729653,-0.29093915,-0.12799478,-0.94814122,0
-4.1052251,-1.1483357,-1.2220209,-0.29093915,-0.12799478,-0.94814122,0
1.5182989,2.929868,-1.6115071,0.26868403,0.94019872,-0.20936882,0
1.5123576,0.41034842,-3.1562033,-0.29093915,-0.12799478,-0.94814122,0
4.8733115,1.3218633,0.2408576,0.91823924,-0.31566402,-0.2391504,0
1.6304193,-3.3800049,2.5927258,0.29093915,0.12799478,0.94814122,0
-1.4580652,-1.1504891,-2.0340168,-0.29093915,-0.12799478,-0.94814122,0
-1.1394153,4.5261698,2.1462374,0.26868403,0.94019872,-0.20936882,0
-1.8506961,-2.3845587,3.5265326,0.29093915,0.12799478,0.94814122,0
-0.18052483,3.1560929,-2.775723,0.26868403,0.94019872,-0.20936882,0
1.8421972,-4.6447048,-1.7766553,-0.26868403,-0.94019872,0.20936882,0
0.22497702,-4.0623388,-1.2368506,-0.26868403,-0.94019872,0.20936882,0
-1.41118,-2.7224984,2.6801949,-0.26868403,-0.94019872,0.20936882,0
0.83587688,0.69645286,-2.9872465,-0.29093915,-0.12799478,-0.94814122,0
0.74834728,-4.2769785,-1.5290735,-0.26868403,-0.94019872,0.20936882,0
-4.160881,0.75383908,-0.24521732,-0.91823924,0.31566402,0.2391504,0
-3.4019299,1.8504401,1.2213948,-0.91823924,0.31566402,0.2391504,0
-4.1894636,-0.71199405,1.5798478,-0.91823924,0.31566402,0.2391504,0
0.40046549,3.2879777,-1.4378892,0.26868403,0.94019872,-0.20936882,0
-4.2873502,-1.2643131,1.9330297,-0.91823924,0.31566402,0.2391504,0
-3.3597903,1.3077259,2.099544,-0.91823924,0.31566402,0.2391504,0
-3.7938976,-2.1818213,2.0504231,-0.26868403,-0.94019872,0.20936882,0
4.305788,-0.23691955,0.11929846,0.91823924,-0.31566402,-0.2391504,0
-1.476851,-3.6298847,-1.4788224,-0.26868403,-0.94019872,0.20936882,0
-1.2784632,1.3136605,-2.421777,-0.29093915,-0.12799478,-0.94814122,0
3.657547,2.0396523,-2.8638325,0.26868403,0.94019872,-0.20936882,0
-4.383564,-1.920383,2.4295821,-0.91823924,0.31566402,0.2391504,0
3.8879969,-2.0802646,0.94825745,0.91823924,-0.31566402,-0.2391504,0
3.3225639,-1.098491,-2.5186553,0.91823924,-0.31566402,-0.2391504,0
3.3620486,-1.440099,-1.9161482,0.91823924,-0.31566402,-0.2391504,0
-2.2751894,-2.2699871,3.6034684,-0.26868403,-0.94019872,0.20936882,0
-0.078113079,-3.5359554,0.73798877,-0.26868403,-0.94019872,0.20936882,0
2.3919528,-4.5800753,-0.78092217,-0.26868403,-0.94019872,0.20936882,0
3.1241565,0.79537845,-3.7027643,-0.29093915,-0.12799478,-0.94814122,0
4.3236189,-0.15142021,0.074906826,0.91823924,-0.31566402,-0.2391504,0
-2.3975854,4.6079421,0.89883399,0.26868403,0.94019872,-0.20936882,0
-2.1113276,4.0792713,2.7339206,0.29093915,0.12799478,0.94814122,0
0.62852097,-3.5993845,1.359978,-0.26868403,-0.94019872,0.20936882,0
-2.9103346,-1.6305039,3.749891,0.29093915,0.12799478,0.94814122,0
0.63831973,-3.3172717,2.6394176,-0.26868403,-0.94019872,0.20936882,0
0.11959326,-1.0950437,-2.5256095,-0.29093915,-0.12799478,-0.94814122,0
-2.021306,2.3453338,2.9403708,0.29093915,0.12799478,0.94814122,0
-3.4636421,2.9461617,-0.46184015,-0.91823924,0.31566402,0.2391504,0
2.0716085,-4.1314392,0.82263803,-0.26868403,-0.94019872,0.20936882,0
-3.5619111,-2.9058781,-0.90334058,-0.26868403,-0.94019872,0.20936882,0
-0.9791317,-3.7909622,-1.5634346,-0.26868403,-0.94019872,0.20936882,0
0.031851053,-3.2768297,-2.2041545,-0.29093915,-0.12799478,-0.94814122,0
5.1129808,2.2678704,0.028777122,0.26868403,0.94019872,-0.20936882,0
2.2114148,-4.4336796,-0.35519791,-0.26868403,-0.94019872,0.20936882,0
2.230468,-4.697422,-1.5151186,-0.26868403,-0.94019872,0.20936882,0
-4.1420636,-0.14031053,1.007256,-0.91823924,0.31566402,0.2391504,0
3.021095,-3.062273,2.1231017,0.29093915,0.12799478,0.94814122,0
-2.2310321,0.48242092,3.2562101,0.29093915,0.12799478,0.94814122,0
-3.3396652,2.2365398,0.95083761,-0.91823924,0.31566402,0.2391504,0
0.94410515,3.6272759,1.8573716,0.29093915,0.12799478,0.94814122,0
-4.3086247,-1.5838639,2.2731314,-0.91823924,0.31566402,0.2391504,0
-3.447685,-2.8576534,-0.54019451,-0.26868403,-0.94019872,0.20936882,0
-2.2707336,-2.1115792,-1.654905,-0.29093915,-0.12799478,-0.94814122,0
2.2641916,-4.3237762,0.20606613,-0.26868403,-0.94019872,0.20936882,0
1.365469,1.297837,-3.230937,-0.29093915,-0.12799478,-0.94814122,0
-3.6148467,1.0657424,1.4396365,-0.91823924,0.31566402,0.2391504,0
-0.80536509,3.853065,-0.44773772,0.26868403,0.94019872,-0.20936882,0
3.6167951,2.239347,-2.0193734,0.26868403,0.94019872,-0.20936882,0
-2.6959205,-2.585587,1.6462998,-0.26868403,-0.94019872,0.20936882,0
4.7842131,1.6267798,-0.50371552,0.91823924,-0.31566402,-0.2391504,0
-3.6947718,-2.8996608,-1.045923,-0.26868403,-0.94019872,0.20936882,0
-3.6372132,0.85202479,-1.6356709,-0.29093915,-0.12799478,-0.94814122,0
2.7552919,-2.6087687,-2.7032709,0.91823924,-0.31566402,-0.2391504,0
-0.60186815,3.4243245,-2.1119051,0.26868403,0.94019872,-0.20936882,0
-4.611083,-1.8618124,1.4786925,-0.91823924,0.31566402,0.2391504,0
-1.6129768,4.1502452,2.571419,0.29093915,0.12799478,0.94814122,0
1.3725502,2.8627136,-2.1001134,0.26868403,0.94019872,-0.20936882,0
-0.82583737,4.1111522,0.68496442,0.26868403,0.94019872,-0.20936882,0
4.4036965,1.8880365,-2.309586,0.91823924,-0.31566402,-0.2391504,0
-3.3488226,3.3590207,-0.56592941,-0.91823924,0.31566402,0.2391504,0
2.1136935,2.6339025,-2.1765065,0.26868403,0.94019872,-0.20936882,0
3.8669269,-2.0080664,0.77205896,0.91823924,-0.31566402,-0.2391504,0
-4.7365766,-0.92930394,-0.23400688,-0.91823924,0.31566402,0.2391504,0
2.460248,0.97449279,1.7502538,0.29093915,0.12799478,0.94814122,0
2.9116948,-3.2015576,-1.320303,0.91823924,-0.31566402,-0.2391504,0
2.503967,-4.266109,-1.4806676,0.91823924,-0.31566402,-0.2391504,0
-1.013344,-3.2616291,0.76970077,-0.26868403,-0.94019872,0.20936882,0
1.8143529,0.039971352,-3.1988723,-0.29093915,-0.12799478,-0.94814122,0
-3.2770524,4.0303397,-1.1764607,-0.91823924,0.31566402,0.2391504,0
-3.4414754,4.1690397,-1.9908533,-0.91823924,0.31566402,0.2391504,0
1.160627,0.82782197,-3.1046309,-0.29093915,-0.12799478,-0.94814122,0
-0.86298305,-0.66429234,2.9912226,0.29093915,0.12799478,0.94814122,0
-2.9586968,2.1093383,-2.0136068,-0.29093915,-0.12799478,-0.94814122,0
-1.5617094,-3.3590498,-0.37150037,-0.26868403,-0.94019872,0.20936882,0
3.8894935,-1.6479888,0.38342452,0.91823924,-0.31566402,-0.2391504,0
-4.0576234,-1.5263999,3.161026,-0.91823924,0.31566402,0.2391504,0
3.6079574,-0.72348094,-1.9178526,0.91823924,-0.31566402,-0.2391504,0
4.4832044,-0.64558315,1.339915,0.91823924,-0.31566402,-0.2391504,0
-4.4605718,-0.70341247,-1.1730444,-0.29093915,-0.12799478,-0.94814122,0
-3.3009832,0.62136674,3.2312901,-0.91823924,0.31566402,0.2391504,0
4.3836131,0.40004483,-0.42263937,0.91823924,-0.31566402,-0.2391504,0
-2.9277773,0.89281297,3.4146068,0.29093915,0.12799478,0.94814122,0
-0.021136284,3.4409704,2.1787083,0.29093915,0.12799478,0.94814122,0
-2.5412905,1.7559416,3.1794944,0.29093915,0.12799478,0.94814122,0
0.20664424,-0.65115905,-2.6122437,-0.29093915,-0.12799478,-0.94814122,0
1.8831685,2.0267291,1.7852848,0.29093915,0.12799478,0.94814122,0
2.5268626,-2.6000857,-3.0611112,-0.29093915,-0.12799478,-0.94814122,0
-1.5378032,-3.2014294,0.3669945,-0.26868403,-0.94019872,0.20936882,0
-2.9011517,2.4923193,2.2969368,-0.91823924,0.31566402,0.2391504,0
2.6318152,2.253933,-3.2179027,0.26868403,0.94019872,-0.20936882,0
-3.9546952,-2.1683714,1.9044695,-0.26868403,-0.94019872,0.20936882,0
3.1578035,-2.3118677,-1.5496836,0.91823924,-0.31566402,-0.2391504,0
3.3842072,2.7935419,0.17083144,0.26868403,0.94019872,-0.20936882,0
-1.995484,-1.5827978,3.4627271,0.29093915,0.12799478,0.94814122,0
3.2930171,2.9941244,0.95455074,0.26868403,0.94019872,-0.20936882,0
4.0514936,-0.47482544,1.457628,0.29093915,0.12799478,0.94814122,0
2.3669171,3.3375449,1.3082569,0.26868403,0.94019872,-0.20936882,0
-2.8227854,2.9146006,2.0404456,-0.91823924,0.31566402,0.2391504,0
1.0262414,0.010300636,2.3204432,0.29093915,0.12799478,0.94814122,0
0.073566198,3.2122483,-2.197473,0.26868403,0.94019872,-0.20936882,0
4.1155214,2.5466895,0.00080728531,0.26868403,0.94019872,-0.20936882,0
-1.3769956,-3.5681267,-1.073343,-0.26868403,-0.94019872,0.20936882,0
0.51312399,-3.8832493,-0.062843084,-0.26868403,-0.94019872,0.20936882,0
-3.9873719,0.63753617,0.57449722,-0.91823924,0.31566402,0.2391504,0
0.18179905,-1.5845587,-2.478615,-0.29093915,-0.12799478,-0.94814122,0
-1.7780935,2.5811143,2.8339114,0.29093915,0.12799478,0.94814122,0
-3.5057273,0.17430675,-1.5845287,-0.29093915,-0.12799478,-0.94814122,0
3.2208998,-3.2183225,-0.11095381,0.91823924,-0.31566402,-0.2391504,0
4.2274399,2.1769824,-1.5157862,0.26868403,0.94019872,-0.20936882,0
-3.7634983,2.1689334,-0.58727121,-0.91823924,0.31566402,0.2391504,0
3.2494695,-4.1231623,2.1962395,0.29093915,0.12799478,0.94814122,0
3.1421952,2.2730951,-2.4768803,0.26868403,0.94019872,-0.20936882,0
-0.57503057,2.2885678,-2.7692349,-0.29093915,-0.12799478,-0.94814122,0
-2.3720944,4.6481423,1.1120715,0.26868403,0.94019872,-0.20936882,0
1.677536,2.7929053,-2.0222056,0.26868403,0.94019872,-0.20936882,0
1.9101398,-3.7698691,-2.7139533,-0.29093915,-0.12799478,-0.94814122,0
-1.4405763,-3.1795068,-1.7654752,-0.29093915,-0.12799478,-0.94814122,0
-3.6118135,0.6675427,1.9768806,-0.91823924,0.31566402,0.2391504,0
3.1884539,2.5299892,-1.2638974,0.26868403,0.94019872,-0.20936882,0
-3.9359646,-1.2620606,3.2792339,-0.91823924,0.31566402,0.2391504,0
-2.1759467,4.0252891,-1.4332168,0.26868403,0.94019872,-0.20936882,0
3.5425153,2.3461182,-1.6352272,0.26868403,0.94019872,-0.20936882,0
2.3293335,-3.5917089,-2.8666344,-0.29093915,-0.12799478,-0.94814122,0
3.4242733,-3.009881,0.39478588,0.91823924,-0.31566402,-0.2391504,0
-2.4146094,4.593657,0.81284022,0.26868403,0.94019872,-0.20936882,0
-4.4175696,0.29992285,-0.63165569,-0.91823924,0.31566402,0.2391504,0
0.58265591,-4.340239,-2.025784,-0.26868403,-0.94019872,0.20936882,0
3.9018044,-0.87665868,-0.58741426,0.91823924,-0.31566402,-0.2391504,0
4.0608521,2.382725,-0.80565548,0.26868403,0.94019872,-0.20936882,0
3.6820292,2.6842892,0.062414646,0.26868403,0.94019872,-0.20936882,0
2.8924875,-3.5033436,-0.99571109,0.91823924,-0.31566402,-0.2391504,0
-1.6713338,1.6917551,2.9212108,0.29093915,0.12799478,0.94814122,0
2.3174744,-3.9526489,-2.6104712,0.91823924,-0.31566402,-0.2391504,0
2.4130089,2.5223422,-2.2933707,0.26868403,0.94019872,-0.20936882,0
-3.7585545,-0.051607847,-1.4764509,-0.29093915,-0.12799478,-0.94814122,0
-3.2988756,3.573684,-0.65749574,-0.91823924,0.31566402,0.2391504,0
3.2210808,-2.0138969,-1.7000287,0.91823924,-0.31566402,-0.2391504,0
-2.0864587,0.72390079,3.1792488,0.29093915,0.12799478,0.94814122,0
-0.039573193,-2.1491418,2.9390056,0.29093915,0.12799478,0.94814122,0
1.2720896,-3.3522146,2.6989284,0.29093915,0.12799478,0.94814122,0
1.4441018,2.0561638,1.9160396,0.29093915,0.12799478,0.94814122,0
4.1075177,2.0839045,-2.0876632,0.26868403,0.94019872,-0.20936882,0
0.87649155,-4.3077707,-1.5029012,-0.26868403,-0.94019872,0.20936882,0
0.0045311451,-3.1364613,2.6380281,-0.26868403,-0.94019872,0.20936882,0
-2.0480587,0.41950035,3.2085581,0.29093915,0.12799478,0.94814122,0
4.6070099,1.024161,-0.38868237,0.91823924,-0.31566402,-0.2391504,0
2.9408498,-2.1536984,-2.591471,0.91823924,-0.31566402,-0.2391504,0
3.1342807,-3.3551407,-0.26294541,0.91823924,-0.31566402,-0.2391504,0
-3.339118,1.6807661,1.6865261,-0.91823924,0.31566402,0.2391504,0
-4.3034897,-1.7732863,2.5428743,-0.91823924,0.31566402,0.2391504,0
-3.3931327,2.4167876,0.50762773,-0.91823924,0.31566402,0.2391504,0
-2.9229648,2.0798755,-2.0205936,-0.29093915,-0.12799478,-0.94814122,0
2.8151937,-4.4427543,0.37888217,-0.26868403,-0.94019872,0.20936882,0
-2.1613631,4.4195805,0.35611606,0.26868403,0.94019872,-0.20936882,0
3.8585887,0.21077609,-2.188694,0.91823924,-0.31566402,-0.2391504,0
-3.6046021,3.0999975,-1.2061219,-0.91823924,0.31566402,0.2391504,0
0.1388247,3.1799455,-2.2587867,0.26868403,0.94019872,-0.20936882,0
-1.7350172,2.3517401,-2.4218185,-0.29093915,-0.12799478,-0.94814122,0
-4.3032079,0.095592201,0.077150822,-0.91823924,0.31566402,0.2391504,0
3.1314173,-2.2108974,-1.7842698,0.91823924,-0.31566402,-0.2391504,0
-4.0610514,-1.9782038,2.6219573,-0.26868403,-0.94019872,0.20936882,0
3.9863787,-1.0295091,-0.060931683,0.91823924,-0.31566402,-0.2391504,0
0.38225472,-1.6322794,-2.5336835,-0.29093915,-0.12799478,-0.94814122,0
-1.9144301,4.1699176,-0.44813776,0.26868403,0.94019872,-0.20936882,0
-2.748893,3.9943905,0.89890432,-0.91823924,0.31566402,0.2391504,0
1.1073682,2.9430194,-2.0797992,0.26868403,0.94019872,-0.20936882,0
-1.7363144,-1.3663268,-1.9194986,-0.29093915,-0.12799478,-0.94814122,0
1.3787179,0.050432205,2.2068672,0.29093915,0.12799478,0.94814122,0
-3.211628,-2.8214302,-0.074596405,-0.26868403,-0.94019872,0.20936882,0
1.9519794,-4.1386738,0.63662839,-0.26868403,-0.94019872,0.20936882,0
-2.8322272,1.9674609,-2.0332613,-0.29093915,-0.12799478,-0.94814122,0
-4.3206973,-0.37418169,0.63007164,-0.91823924,0.31566402,0.2391504,0
-2.093298,1.3848996,-2.1813602,-0.29093915,-0.12799478,-0.94814122,0
2.3776083,-4.1936197,-2.0615146,0.91823924,-0.31566402,-0.2391504,0
2.3229613,-4.4792094,-0.41650939,-0.26868403,-0.94019872,0.20936882,0
1.9163897,2.5085807,-2.9924815,0.26868403,0.94019872,-0.20936882,0
0.79840899,3.3017497,1.9460236,0.29093915,0.12799478,0.94814122,0
-4.7095652,-0.54227865,-0.64114428,-0.91823924,0.31566402,0.2391504,0
-4.2495565,0.058283985,0.3323946,-0.91823924,0.31566402,0.2391504,0
-3.9655459,-2.0561752,2.3943763,-0.26868403,-0.94019872,0.20936882,0
3.5207756,-2.5160167,0.11344409,0.91823924,-0.31566402,-0.2391504,0
5.0152645,1.5340132,0.50587511,0.91823924,-0.31566402,-0.2391504,0
-0.61823678,-1.6238841,3.0456622,0.29093915,0.12799478,0.94814122,0
-1.603778,1.9089508,-2.4023151,-0.29093915,-0.12799478,-0.94814122,0
3.2826006,2.1859071,-2.6882265,0.26868403,0.94019872,-0.20936882,0
2.9532619,-2.6123109,-1.938473,0.91823924,-0.31566402,-0.2391504,0
3.9681582,2.6267171,0.17107058,0.26868403,0.94019872,-0.20936882,0
2.1296356,2.9364984,1.5868409,0.29093915,0.12799478,0.94814122,0
-3.4233799,1.007195,2.2520666,-0.91823924,0.31566402,0.2391504,0
1.6585101,1.4412752,1.9332551,0.29093915,0.12799478,0.94814122,0
-1.2524207,3.5816567,-2.2402411,0.26868403,0.94019872,-0.20936882,0
-1.7918841,-1.1790987,-1.9277215,-0.29093915,-0.12799478,-0.94814122,0
-2.2944076,-2.3401203,3.2638643,-0.26868403,-0.94019872,0.20936882,0
-1.4562912,-1.8748348,-1.9367781,-0.29093915,-0.12799478,-0.94814122,0
-0.74846005,4.1163797,0.80773789,0.26868403,0.94019872,-0.20936882,0
3.1983564,-2.5247376,1.9961436,0.29093915,0.12799478,0.94814122,0
-4.7462182,-2.5267701,-0.72073364,-0.26868403,-0.94019872,0.20936882,0
-3.4692905,0.028540969,-1.5760317,-0.29093915,-0.12799478,-0.94814122,0
1.5837345,1.8030498,-3.3661137,-0.29093915,-0.12799478,-0.94814122,0
-2.469799,2.9133084,3.0013177,0.29093915,0.12799478,0.94814122,0
2.2582667,-1.6685355,-3.1044474,-0.29093915,-0.12799478,-0.94814122,0
-3.1114604,3.6161604,0.0060341358,-0.91823924,0.31566402,0.2391504,0
-0.18254471,-3.8889258,-0.98108876,-0.26868403,-0.94019872,0.20936882,0
-2.054846,-2.4699771,-1.6727685,-0.29093915,-0.12799478,-0.94814122,0
1.2109203,0.91190886,-3.1314149,-0.29093915,-0.12799478,-0.94814122,0
-3.6050766,1.3785383,1.0642772,-0.91823924,0.31566402,0.2391504,0
0.58128452,3.4194593,-0.61540669,0.26868403,0.94019872,-0.20936882,0
-2.7149909,2.5337536,2.9570251,-0.91823924,0.31566402,0.2391504,0
-3.6791899,-0.41141629,3.1423454,-0.91823924,0.31566402,0.2391504,0
-3.5124009,1.4773909,1.2896338,-0.91823924,0.31566402,0.2391504,0
4.0258012,1.9619401,-2.7402272,0.26868403,0.94019872,-0.20936882,0
-1.7884356,2.7949998,2.8082111,0.29093915,0.12799478,0.94814122,0
-3.7192755,2.8660793,-1.3376634,-0.91823924,0.31566402,0.2391504,0
-3.8399348,1.8234407,-0.42472577,-0.91823924,0.31566402,0.2391504,0
5.263093,2.3445246,0.56564331,0.26868403,0.94019872,-0.20936882,0
-1.6576514,-3.489537,-1.080592,-0.26868403,-0.94019872,0.20936882,0
2.45783,-2.5856812,-3.0418732,-0.29093915,-0.12799478,-0.94814122,0
-0.34162521,3.7203295,-0.44868442,0.26868403,0.94019872,-0.20936882,0
4.2189441,-1.0527302,0.86267328,0.91823924,-0.31566402,-0.2391504,0
-3.2664368,3.0982974,0.094537497,-0.91823924,0.31566402,0.2391504,0
-0.94982553,3.4494758,-2.4454966,0.26868403,0.94019872,-0.20936882,0
-0.26529241,-3.5993717,0.21300071,-0.26868403,-0.94019872,0.20936882,0
-4.690146,-0.85928178,-0.14815664,-0.91823924,0.31566402,0.2391504,0
-3.1695344,-0.75726509,-1.5619323,-0.29093915,-0.12799478,-0.94814122,0
-3.5341437,-2.780478,-1.1769266,-0.29093915,-0.12799478,-0.94814122,0
-4.3392992,-2.6555476,-0.7768259,-0.26868403,-0.94019872,0.20936882,0
1.5405426,-0.62489486,-3.0250988,-0.29093915,-0.12799478,-0.94814122,0
4.2416558,-0.15541869,-0.23451948,0.91823924,-0.31566402,-0.2391504,0
1.9029523,0.22019553,-3.2503881,-0.29093915,-0.12799478,-0.94814122,0
-4.0316119,1.6976198,-1.6288004,-0.29093915,-0.12799478,-0.94814122,0
3.3197994,-3.3024888,2.0638719,0.29093915,0.12799478,0.94814122,0
-0.59018373,-3.2336016,1.4386058,-0.26868403,-0.94019872,0.20936882,0
-4.1669149,-1.3209755,2.4702444,-0.91823924,0.31566402,0.2391504,0
4.5217705,-0.080138326,1.2600417,0.29093915,0.12799478,0.94814122,0
3.9145639,-1.4683335,1.6337643,0.29093915,0.12799478,0.94814122,0
2.4672122,-3.5851536,-2.5206091,0.91823924,-0.31566402,-0.2391504,0
3.863096,-1.2180777,-0.28538704,0.91823924,-0.31566402,-0.2391504,0
2.8885984,1.91017,1.4925013,0.29093915,0.12799478,0.94814122,0
-2.1736543,4.7317095,1.7420008,0.26868403,0.94019872,-0.20936882,0
-1.1436391,1.3358687,-2.466146,-0.29093915,-0.12799478,-0.94814122,0
-1.4928632,3.5580363,-2.6548731,0.26868403,0.94019872,-0.20936882,0
-2.9625678,4.2466736,-0.25451684,-0.91823924,0.31566402,0.2391504,0
0.56402606,-0.90616977,2.5859942,0.29093915,0.12799478,0.94814122,0
3.7669964,0.83802748,-3.3683033,0.91823924,-0.31566402,-0.2391504,0
-1.450026,-3.4798329,-0.77056885,-0.26868403,-0.94019872,0.20936882,0
-0.83318996,3.6310163,-1.4805844,0.26868403,0.94019872,-0.20936882,0
2.8217762,2.3213534,-2.6713645,0.26868403,0.94019872,-0.20936882,0
-4.613359,0.14972919,-1.1851578,-0.91823924,0.31566402,0.2391504,0
-3.6851139,-1.1949228,-1.3446438,-0.29093915,-0.12799478,-0.94814122,0
0.30661488,3.2704935,-1.6368428,0.26868403,0.94019872,-0.20936882,0
-3.9354146,0.14086628,1.4295669,-0.91823924,0.31566402,0.2391504,0
0.48356304,-0.25116587,2.5222619,0.29093915,0.12799478,0.94814122,0
-0.81894302,4.2979755,2.3078256,0.29093915,0.12799478,0.94814122,0
-2.7230434,-2.9783916,-0.15244746,-0.26868403,-0.94019872,0.20936882,0
-3.1118262,1.5755665,2.6980891,-0.91823924,0.31566402,0.2391504,0
2.2211227,-4.0034285,1.58936,-0.26868403,-0.94019872,0.20936882,0
2.9279459,-3.2094603,-1.2474747,0.91823924,-0.31566402,-0.2391504,0
-2.9967039,-2.8704276,-0.018811941,-0.26868403,-0.94019872,0.20936882,0
4.4803252,-0.52208447,1.1658485,0.91823924,-0.31566402,-0.2391504,0
3.1961653,2.1719508,1.3627844,0.29093915,0.12799478,0.94814122,0
-1.1398492,-2.8908696,2.2723017,-0.26868403,-0.94019872,0.20936882,0
-4.4698954,0.53193718,-1.3369503,-0.29093915,-0.12799478,-0.94814122,0
-2.5518875,4.4652781,0.060166359,0.26868403,0.94019872,-0.20936882,0
-3.1745346,4.3094258,-1.1512129,-0.91823924,0.31566402,0.2391504,0
-2.1322701,0.93993866,-2.109334,-0.29093915,-0.12799478,-0.94814122,0
0.92983389,3.5561712,0.44581085,0.26868403,0.94019872,-0.20936882,0
-2.5905159,0.65667367,-1.9304807,-0.29093915,-0.12799478,-0.94814122,0
4.3928509,-0.57007992,1.3657408,0.29093915,0.12799478,0.94814122,0
-3.4298508,1.7524303,1.2435582,-0.91823924,0.31566402,0.2391504,0
-0.72793794,-3.4577847,0.25510025,-0.26868403,-0.94019872,0.20936882,0
3.89188,0.63690925,-2.6233377,0.91823924,-0.31566402,-0.2391504,0
-0.048924446,3.9214907,0.83028179,0.26868403,0.94019872,-0.20936882,0
2.629951,-3.4099486,-2.1270206,0.91823924,-0.31566402,-0.2391504,0
3.2530668,-0.61538851,1.7216023,0.29093915,0.12799478,0.94814122,0
-2.9102209,-2.653038,1.0683885,-0.26868403,-0.94019872,0.20936882,0
0.43798053,-0.94759452,2.6302636,0.29093915,0.12799478,0.94814122,0
4.0340214,1.9889162,-2.6085382,0.26868403,0.94019872,-0.20936882,0
-3.3130555,2.1274362,1.1970172,-0.91823924,0.31566402,0.2391504,0
-3.8271601,2.2575521,-0.94867659,-0.91823924,0.31566402,0.2391504,0
0.71913242,3.6119051,0.42569894,0.26868403,0.94019872,-0.20936882,0
1.0569775,2.6862311,-3.2976074,0.26868403,0.94019872,-0.20936882,0
3.8647056,1.0056648,-3.2144113,0.91823924,-0.31566402,-0.2391504,0
0.85876524,0.92905354,-3.0256703,-0.29093915,-0.12799478,-0.94814122,0
-1.5930079,1.7524612,2.8889818,0.29093915,0.12799478,0.94814122,0
3.6407456,-0.50175285,-2.0846262,0.91823924,-0.31566402,-0.2391504,0
3.6521978,-1.8451535,-0.26744699,0.91823924,-0.31566402,-0.2391504,0
-3.3060672,2.1055033,-1.9064975,-0.29093915,-0.12799478,-0.94814122,0
-3.0843673,3.196202,0.66438103,-0.91823924,0.31566402,0.2391504,0
3.5562623,2.1177309,1.2596073,0.29093915,0.12799478,0.94814122,0
-2.3106825,1.773474,3.106365,0.29093915,0.12799478,0.94814122,0
-3.5608506,1.9888952,-1.8125752,-0.29093915,-0.12799478,-0.94814122,0
-3.8546379,-2.4393001,-1.12464,-0.29093915,-0.12799478,-0.94814122,0
-4.3055916,-1.2217349,1.8067884,-0.91823924,0.31566402,0.2391504,0
1.5481973,-2.2764716,-2.804492,-0.29093915,-0.12799478,-0.94814122,0
-0.95476866,2.4326465,2.6013145,0.29093915,0.12799478,0.94814122,0
2.2513371,1.1736517,-3.4860034,-0.29093915,-0.12799478,-0.94814122,0
-2.2325802,1.1591094,3.1653357,0.29093915,0.12799478,0.94814122,0
-2.7832906,-2.2167993,-1.4834218,-0.29093915,-0.12799478,-0.94814122,0
-1.4496806,-0.84555602,-2.0777543,-0.29093915,-0.12799478,-0.94814122,0
2.2340891,-4.0385208,1.448411,-0.26868403,-0.94019872,0.20936882,0
-0.94224286,4.2597528,1.2028899,0.26868403,0.94019872,-0.20936882,0
3.5522566,-3.3327456,1.3123507,0.91823924,-0.31566402,-0.2391504,0
-2.6681852,2.6119857,3.033479,-0.91823924,0.31566402,0.2391504,0
-3.90295,1.2393994,0.10422087,-0.91823924,0.31566402,0.2391504,0
2.4493172,-3.4825127,-2.7247992,0.91823924,-0.31566402,-0.2391504,0
-2.3158631,4.0745583,-1.3915212,0.26868403,0.94019872,-0.20936882,0
2.4293938,3.1415391,0.50824237,0.26868403,0.94019872,-0.20936882,0
0.70140433,3.1861072,-1.5091562,0.26868403,0.94019872,-0.20936882,0
-3.9983718,-2.3733342,0.92800665,-0.26868403,-0.94019872,0.20936882,0
-0.43297565,1.7449727,2.5340343,0.29093915,0.12799478,0.94814122,0
-3.0873969,3.4157324,0.36298227,-0.91823924,0.31566402,0.2391504,0
0.6472888,3.5992413,1.9522349,0.29093915,0.12799478,0.94814122,0
4.0785761,1.1190522,-2.5429001,0.91823924,-0.31566402,-0.2391504,0
-3.472271,0.64177442,2.5466802,-0.91823924,0.31566402,0.2391504,0
3.4588394,-4.0940328,2.1280615,0.29093915,0.12799478,0.94814122,0
1.2941189,-1.4121587,-2.8432064,-0.29093915,-0.12799478,-0.94814122,0
2.1498497,-4.4958563,-2.5370779,0.91823924,-0.31566402,-0.2391504,0
3.5908189,-0.94971991,-1.6850355,0.91823924,-0.31566402,-0.2391504,0
-0.50880051,4.0789599,0.94725609,0.26868403,0.94019872,-0.20936882,0
1.7790048,3.0242114,-0.85327983,0.26868403,0.94019872,-0.20936882,0
2.8752711,2.5244575,-1.6906481,0.26868403,0.94019872,-0.20936882,0
0.98193979,-3.6850543,-2.4405828,-0.29093915,-0.12799478,-0.94814122,0
-3.9668386,2.2287679,-1.4469922,-0.91823924,0.31566402,0.2391504,0
1.1039712,2.9515636,-2.0457885,0.26868403,0.94019872,-0.20936882,0
2.9156835,-3.6803336,-0.67303276,0.91823924,-0.31566402,-0.2391504,0
-4.4659781,-2.580025,-0.60024691,-0.26868403,-0.94019872,0.20936882,0
-1.8674932,3.8704338,2.6872911,0.29093915,0.12799478,0.94814122,0
2.8113236,-4.3136592,-0.23777938,0.91823924,-0.31566402,-0.2391504,0
2.8548181,1.0600129,1.6176341,0.29093915,0.12799478,0.94814122,0
-3.2390788,-1.1584858,-1.4864292,-0.29093915,-0.12799478,-0.94814122,0
3.2635498,-1.3288727,-2.4411552,0.91823924,-0.31566402,-0.2391504,0
-4.4182744,-0.49406001,0.41364765,-0.91823924,0.31566402,0.2391504,0
4.605185,-0.22162151,1.2486691,0.91823924,-0.31566402,-0.2391504,0
0.52758312,-4.078783,-0.92235827,-0.26868403,-0.94019872,0.20936882,0
0.44873083,0.65206718,-2.862458,-0.29093915,-0.12799478,-0.94814122,0
0.78398323,2.9278085,-2.563107,0.26868403,0.94019872,-0.20936882,0
0.82696342,-3.5683479,1.7540139,-0.26868403,-0.94019872,0.20936882,0
3.4076581,-1.5339093,-1.617203,0.91823924,-0.31566402,-0.2391504,0
2.3537858,-4.398057,-0.012526989,-0.26868403,-0.94019872,0.20936882,0
-4.2754655,-0.04661876,0.37137985,-0.91823924,0.31566402,0.2391504,0
4.1767006,-1.0141467,0.64955044,0.91823924,-0.31566402,-0.2391504,0
3.0412157,1.3470201,-3.7517827,-0.29093915,-0.12799478,-0.94814122,0
-2.4444146,-2.7918997,1.0425837,-0.26868403,-0.94019872,0.20936882,0
-4.8351402,-2.3964536,-0.24964428,-0.26868403,-0.94019872,0.20936882,0
3.2505758,-3.3787634,0.21476245,0.91823924,-0.31566402,-0.2391504,0
-2.9547672,2.539005,2.0294518,-0.91823924,0.31566402,0.2391504,0
-2.0451584,-3.0317349,-1.5999067,-0.29093915,-0.12799478,-0.94814122,0
2.2970526,-4.5121803,-0.59781814,-0.26868403,-0.94019872,0.20936882,0
-1.7546871,-3.2895064,-0.30685508,-0.26868403,-0.94019872,0.20936882,0
3.9802256,-1.8828465,1.0417964,0.91823924,-0.31566402,-0.2391504,0
-0.44416618,-3.7308209,-0.60683864,-0.26868403,-0.94019872,0.20936882,0
3.0959871,-2.3715286,-1.7082844,0.91823924,-0.31566402,-0.2391504,0
4.5458384,0.5479067,0.0050697327,0.91823924,-0.31566402,-0.2391504,0
-2.8040972,-1.0425844,3.6379251,0.29093915,0.12799478,0.94814122,0
4.6386437,2.3500259,-0.21101093,0.26868403,0.94019872,-0.20936882,0
-0.20923138,4.0566983,1.2317268,0.26868403,0.94019872,-0.20936882,0
-3.1652141,-0.85994756,-1.5493962,-0.29093915,-0.12799478,-0.94814122,0
0.78558826,-4.3284698,-1.7125094,-0.26868403,-0.94019872,0.20936882,0
-4.2004819,-0.33116674,1.0348716,-0.91823924,0.31566402,0.2391504,0
4.0750647,-1.2444024,0.56323171,0.91823924,-0.31566402,-0.2391504,0
1.4532399,-4.6693554,-2.4523263,-0.29093915,-0.12799478,-0.94814122,0
1.0220751,-0.70828295,2.4187272,0.29093915,0.12799478,0.94814122,0
3.8273137,0.72400045,-2.9862003,0.91823924,-0.31566402,-0.2391504,0
1.5402598,2.4909632,-3.4456387,-0.29093915,-0.12799478,-0.94814122,0
3.2529602,2.0544894,-3.316412,0.26868403,0.94019872,-0.20936882,0
-1.7041912,4.6246185,1.8635596,0.26868403,0.94019872,-0.20936882,0
0.99048245,-1.5601234,-2.7300603,-0.29093915,-0.12799478,-0.94814122,0
1.8330258,0.047859907,2.0678091,0.29093915,0.12799478,0.94814122,0
0.17173982,1.6687706,2.3587627,0.29093915,0.12799478,0.94814122,0
-4.5192628,0.12998614,-0.79780817,-0.91823924,0.31566402,0.2391504,0
2.7278178,-4.0312991,2.1144466,-0.26868403,-0.94019872,0.20936882,0
1.8107789,3.0609641,1.6678805,0.29093915,0.12799478,0.94814122,0
-4.5326071,-0.83878618,0.42967272,-0.91823924,0.31566402,0.2391504,0
-4.444684,-0.51665509,0.34207058,-0.91823924,0.31566402,0.2391504,0
-4.3955555,-0.84759331,0.96752071,-0.91823924,0.31566402,0.2391504,0
2.7513561,-3.5023127,-1.5389595,0.91823924,-0.31566402,-0.2391504,0
4.6901555,1.4568422,-0.64055109,0.91823924,-0.31566402,-0.2391504,0
2.959398,2.4729726,-1.8138866,0.26868403,0.94019872,-0.20936882,0
-4.2299395,-2.6431479,-0.58080053,-0.26868403,-0.94019872,0.20936882,0
0.59975243,-4.157671,-1.184001,-0.26868403,-0.94019872,0.20936882,0
2.348033,-2.8111055,2.2957256,0.29093915,0.12799478,0.94814122,0
2.8860657,-2.8833976,2.140388,0.29093915,0.12799478,0.94814122,0
3.6023717,-0.70617557,-1.962141,0.91823924,-0.31566402,-0.2391504,0
3.2465019,-3.0630484,-0.21760511,0.91823924,-0.31566402,-0.2391504,0
-1.4535921,3.7212768,-1.8714232,0.26868403,0.94019872,-0.20936882,0
-4.5152984,-1.1829261,-1.0915198,-0.29093915,-0.12799478,-0.94814122,0
-3.8597043,-2.6532035,-0.1508317,-0.26868403,-0.94019872,0.20936882,0
3.0862489,-2.0934479,-2.112725,0.91823924,-0.31566402,-0.2391504,0
3.0800772,2.9470847,1.293767,0.29093915,0.12799478,0.94814122,0
0.061356664,-1.8587021,2.8688269,0.29093915,0.12799478,0.94814122,0
-2.1132519,-2.9473429,0.76952887,-0.26868403,-0.94019872,0.20936882,0
-0.94038081,3.2002063,2.4932828,0.29093915,0.12799478,0.94814122,0
3.8321958,-0.3087008,-1.6043553,0.91823924,-0.31566402,-0.2391504,0
-1.4858875,-2.7790172,2.3305168,-0.26868403,-0.94019872,0.20936882,0
-3.3800609,-1.5181848,-1.3946114,-0.29093915,-0.12799478,-0.94814122,0
-5.1888952,-2.3571248,-0.52700806,-0.26868403,-0.94019872,0.20936882,0
1.0005064,-4.3613443,-1.5843345,-0.26868403,-0.94019872,0.20936882,0
4.6028299,1.6966825,-1.292419,0.91823924,-0.31566402,-0.2391504,0
-2.777504,4.2111974,0.50287914,-0.91823924,0.31566402,0.2391504,0
-0.22348666,2.8772831,2.3168955,0.29093915,0.12799478,0.94814122,0
2.5615275,1.4760478,-3.6220078,-0.29093915,-0.12799478,-0.94814122,0
-3.5659158,-0.47724628,3.6641607,-0.91823924,0.31566402,0.2391504,0
-1.4982833,0.61655962,-2.2602196,-0.29093915,-0.12799478,-0.94814122,0
1.3111081,2.9533017,-1.7721651,0.26868403,0.94019872,-0.20936882,0
0.20772362,3.6656976,0.010966539,0.26868403,0.94019872,-0.20936882,0
4.2011204,-0.12172908,-0.43462706,0.91823924,-0.31566402,-0.2391504,0
-2.9678252,-2.4264071,2.012181,-0.26868403,-0.94019872,0.20936882,0
-3.3692751,1.220401,2.1783879,-0.91823924,0.31566402,0.2391504,0
-3.3604345,1.5006855,1.8423758,-0.91823924,0.31566402,0.2391504,0
-2.9816151,3.6781583,0.42275524,-0.91823924,0.31566402,0.2391504,0
1.9554656,3.1945882,0.13827205,0.26868403,0.94019872,-0.20936882,0
-4.0500517,-0.4804461,1.8095021,-0.91823924,0.31566402,0.2391504,0
3.2920773,-1.2072711,-2.4921274,0.91823924,-0.31566402,-0.2391504,0
0.56607533,3.1485608,-1.8514322,0.26868403,0.94019872,-0.20936882,0
2.0802085,-4.1960168,0.54367948,-0.26868403,-0.94019872,0.20936882,0
-2.5481031,-2.4446001,2.4691138,-0.26868403,-0.94019872,0.20936882,0
2.1129587,3.326324,0.93196034,0.26868403,0.94019872,-0.20936882,0
-2.3637128,4.0594468,-1.5207872,0.26868403,0.94019872,-0.20936882,0
-0.90450096,-3.8304863,-1.6451492,-0.26868403,-0.94019872,0.20936882,0
-4.1230559,0.70929468,-0.041190624,-0.91823924,0.31566402,0.2391504,0
-2.7989411,1.8761647,3.2423253,0.29093915,0.12799478,0.94814122,0
1.5854933,-3.8023205,1.6767552,-0.26868403,-0.94019872,0.20936882,0
3.206449,-4.038209,0.91576171,0.91823924,-0.31566402,-0.2391504,0
-3.577683,3.7353036,-1.9413294,-0.91823924,0.31566402,0.2391504,0
-2.3693447,-3.1361682,-0.40706229,-0.26868403,-0.94019872,0.20936882,0
0.7731303,-2.529099,2.7409182,0.29093915,0.12799478,0.94814122,0
0.93640208,-3.7417743,1.1156636,-0.26868403,-0.94019872,0.20936882,0
-4.6063509,-1.8087139,1.4267764,-0.91823924,0.31566402,0.2391504,0
0.12229025,-1.9788449,2.866348,0.29093915,0.12799478,0.94814122,0
-3.0323274,3.8045878,-2.2198639,-0.29093915,-0.12799478,-0.94814122,0
-4.1361055,-0.26633453,1.1964746,-0.91823924,0.31566402,0.2391504,0
3.1705079,3.0759363,1.1647201,0.26868403,0.94019872,-0.20936882,0
-4.2856717,-0.19413859,0.52691078,-0.91823924,0.31566402,0.2391504,0
