-1.8480694,0.5331161,3.5204117,-0.9782486,0.1006968,0.1813553,0
1.9599046,-3.5107324,-1.2638507,0.9782486,-0.1006968,-0.1813553,0
-1.4978349,3.2613475,3.8947723,-0.9782486,0.1006968,0.1813553,0
-1.5313675,2.7005391,4.025279,-0.9782486,0.1006968,0.1813553,0
-1.6217288,2.2667866,-2.2243562,-0.14521015,0.29190782,-0.94535899,0
1.0049027,2.1416636,-2.666451,-0.14521015,0.29190782,-0.94535899,0
3.0056324,1.2170138,1.7518463,0.9782486,-0.1006968,-0.1813553,0
2.9427602,3.0147791,0.41450477,0.9782486,-0.1006968,-0.1813553,0
-0.73228121,-1.7074263,2.7586591,0.14521015,-0.29190782,0.94535899,0
2.0282757,1.3768376,3.2869868,0.14521015,-0.29190782,0.94535899,0
-2.4538147,3.2314799,-1.2452974,-0.9782486,0.1006968,0.1813553,0
0.31323946,-3.9058714,-1.2231879,-0.14813372,-0.95113081,-0.27093613,0
-2.1497867,-2.6627417,2.6814106,0.14521015,-0.29190782,0.94535899,0
0.7790215,-3.2288079,2.056746,0.14521015,-0.29190782,0.94535899,0
-1.4356482,3.3806872,3.6805396,0.14813372,0.95113081,0.27093613,0
-1.5804784,-2.7379918,2.5707271,0.14521015,-0.29190782,0.94535899,0
-2.9691272,-3.4734671,-0.30204535,-0.9782486,0.1006968,0.1813553,0
1.8044355,-0.92630029,2.6102071,0.14521015,-0.29190782,0.94535899,0
-3.173902,-1.0755467,-2.7380579,-0.9782486,0.1006968,0.1813553,0
2.2102644,-1.2845595,2.437247,0.14521015,-0.29190782,0.94535899,0
2.292237,-0.61893725,2.6301866,0.14521015,-0.29190782,0.94535899,0
1.7960736,-4.5276766,0.14894485,-0.14813372,-0.95113081,-0.27093613,0
1.8991386,-3.8785431,-1.387403,0.9782486,-0.1006968,-0.1813553,0
-0.25548482,-3.4018774,-2.6815269,-0.14813372,-0.95113081,-0.27093613,0
-1.7340482,-2.4699721,2.6770751,0.14521015,-0.29190782,0.94535899,0
2.2283788,4.133728,-0.9663341,0.14813372,0.95113081,0.27093613,0
2.1072555,0.20277429,2.9123282,0.14521015,-0.29190782,0.94535899,0
-2.0788677,-4.4059315,1.8401687,-0.14813372,-0.95113081,-0.27093613,0
0.2713747,2.4566135,3.8902657,0.14521015,-0.29190782,0.94535899,0
1.7371817,-4.3731298,-0.36139727,-0.14813372,-0.95113081,-0.27093613,0
0.9688136,-4.0829053,-0.96013784,-0.14813372,-0.95113081,-0.27093613,0
2.2752633,2.6505442,3.6423435,0.14521015,-0.29190782,0.94535899,0
0.90280509,0.71222293,-3.0921507,-0.14521015,0.29190782,-0.94535899,0
-0.59728491,4.0180635,0.98463392,0.14813372,0.95113081,0.27093613,0
-0.86200166,-4.3834085,1.0957816,-0.14813372,-0.95113081,-0.27093613,0
1.0822856,3.1986651,-2.3519564,-0.14521015,0.29190782,-0.94535899,0
-2.6664867,-4.1189523,1.6888309,-0.9782486,0.1006968,0.1813553,0
0.70960951,2.7458348,3.9122572,0.14521015,-0.29190782,0.94535899,0
0.25387931,3.4630525,2.4676483,0.14813372,0.95113081,0.27093613,0
2.0896289,-2.5346975,2.0697598,0.14521015,-0.29190782,0.94535899,0
-0.84398651,3.1636188,4.1190758,0.14813372,0.95113081,0.27093613,0
2.3641171,3.8015227,0.12566996,0.14813372,0.95113081,0.27093613,0
-1.5700418,-1.8742719,2.8358233,0.14521015,-0.29190782,0.94535899,0
-2.2076705,2.6642294,0.39739466,-0.9782486,0.1006968,0.1813553,0
-1.5471239,-3.3258076,-2.242373,-0.14813372,-0.95113081,-0.27093613,0
-2.0090449,3.5878959,0.95593691,-0.9782486,0.1006968,0.1813553,0
-1.8912159,2.3713889,2.2669814,-0.9782486,0.1006968,0.1813553,0
-1.1936858,0.041961908,-2.9770858,-0.14521015,0.29190782,-0.94535899,0
1.9307395,-3.1280541,-1.6336508,0.9782486,-0.1006968,-0.1813553,0
1.8441633,-1.8031174,-2.836318,0.9782486,-0.1006968,-0.1813553,0
2.4933395,2.7973251,3.5802877,0.14813372,0.95113081,0.27093613,0
-1.8277385,0.056477904,3.4715829,0.14521015,-0.29190782,0.94535899,0
2.8035941,-1.3437002,2.0838599,0.9782486,-0.1006968,-0.1813553,0
0.2872901,3.4476337,-2.152966,-0.14521015,0.29190782,-0.94535899,0
-0.71813691,-3.7461412,2.1269727,0.14521015,-0.29190782,0.94535899,0
0.36634481,3.8786669,0.9471283,0.14813372,0.95113081,0.27093613,0
1.9958299,-3.070857,1.9186122,0.14521015,-0.29190782,0.94535899,0
-1.3905696,3.7822638,-1.7919145,-0.14521015,0.29190782,-0.94535899,0
0.29389548,-3.7650142,-1.7070961,-0.14813372,-0.95113081,-0.27093613,0
2.5812471,-0.62207556,0.4838174,0.9782486,-0.1006968,-0.1813553,0
-0.72819448,-3.3319979,-2.6683898,-0.14813372,-0.95113081,-0.27093613,0
0.90948796,3.5103698,1.9430859,0.14813372,0.95113081,0.27093613,0
0.89718819,0.15708205,-3.2627041,-0.14521015,0.29190782,-0.94535899,0
-1.5118082,4.6769848,-0.82851791,0.14813372,0.95113081,0.27093613,0
-0.98375082,-0.71314263,3.1043003,0.14521015,-0.29190782,0.94535899,0
2.6824465,3.9833369,-1.5274429,0.9782486,-0.1006968,-0.1813553,0
-0.39450979,-2.3076193,-3.8253453,-0.14521015,0.29190782,-0.94535899,0
-2.0246434,3.12253,1.1301899,-0.9782486,0.1006968,0.1813553,0
0.80546939,-4.6869383,1.2496471,-0.14813372,-0.95113081,-0.27093613,0
-2.8362088,-3.6071281,-0.54998469,-0.14813372,-0.95113081,-0.27093613,0
0.78445339,-3.6466341,-2.3908839,-0.14813372,-0.95113081,-0.27093613,0
2.6940284,2.6833229,-0.74314153,0.9782486,-0.1006968,-0.1813553,0
1.9473422,-4.7404428,0.81316137,-0.14813372,-0.95113081,-0.27093613,0
-2.2041872,-3.2452474,2.5099003,0.14521015,-0.29190782,0.94535899,0
-0.74548483,2.7175629,4.1270342,0.14521015,-0.29190782,0.94535899,0
1.7751405,-4.6414523,0.55980206,-0.14813372,-0.95113081,-0.27093613,0
2.3285968,-0.30139565,-1.05706,0.9782486,-0.1006968,-0.1813553,0
2.7061558,3.7070568,-1.2461498,0.9782486,-0.1006968,-0.1813553,0
-0.74382925,2.2844167,3.9930336,0.14521015,-0.29190782,0.94535899,0
-1.9505129,0.36100149,-2.7623219,-0.14521015,0.29190782,-0.94535899,0
-2.4037242,2.4949226,-0.56613183,-0.9782486,0.1006968,0.1813553,0
0.73200321,-2.7195191,-4.1255674,-0.14521015,0.29190782,-0.94535899,0
0.79677534,2.615433,3.8586028,0.14521015,-0.29190782,0.94535899,0
0.8079412,3.9430561,-2.0799637,-0.14521015,0.29190782,-0.94535899,0
-2.3043981,-2.8223143,-3.5958655,-0.14813372,-0.95113081,-0.27093613,0
1.2421894,1.6351147,-2.8593111,-0.14521015,0.29190782,-0.94535899,0
-0.16171122,-2.8244429,-4.0206881,-0.14521015,0.29190782,-0.94535899,0
-0.19914103,-3.0227559,2.2706199,0.14521015,-0.29190782,0.94535899,0
-1.7708039,-2.4642549,-3.6623082,-0.14521015,0.29190782,-0.94535899,0
2.985054,1.4818647,3.1724529,0.14521015,-0.29190782,0.94535899,0
-0.5541873,-2.4353287,-3.8402522,-0.14521015,0.29190782,-0.94535899,0
1.1704118,-4.7598023,1.3059077,-0.14813372,-0.95113081,-0.27093613,0
-2.2647519,2.4784648,0.19263554,-0.9782486,0.1006968,0.1813553,0
-1.4864252,-3.7304649,2.2498248,0.14521015,-0.29190782,0.94535899,0
-2.9846826,-2.4600589,-0.9486444,-0.9782486,0.1006968,0.1813553,0
2.6061795,-2.5097041,1.6664053,0.9782486,-0.1006968,-0.1813553,0
-2.2182672,1.1458677,1.1832982,-0.9782486,0.1006968,0.1813553,0
1.0508635,-4.2690911,-0.35138607,-0.14813372,-0.95113081,-0.27093613,0
-0.96877646,3.5877409,2.6984086,0.14813372,0.95113081,0.27093613,0
3.0917978,2.6512065,1.4202995,0.9782486,-0.1006968,-0.1813553,0
-0.22666121,-3.053401,-3.9206243,-0.14813372,-0.95113081,-0.27093613,0
1.2036359,4.3830848,-1.2814333,0.14813372,0.95113081,0.27093613,0
-0.41131821,4.3180747,-0.17023993,0.14813372,0.95113081,0.27093613,0
-0.52165556,-3.5603707,-1.9796035,-0.14813372,-0.95113081,-0.27093613,0
1.5549483,1.7654667,3.4796925,0.14521015,-0.29190782,0.94535899,0
2.6060293,1.253195,3.1600635,0.14521015,-0.29190782,0.94535899,0
1.1932743,3.7044644,1.1065524,0.14813372,0.95113081,0.27093613,0
-2.2442048,-4.0089273,2.2802386,0.14521015,-0.29190782,0.94535899,0
-1.9289162,-3.7881484,-0.41056585,-0.14813372,-0.95113081,-0.27093613,0
-2.7114153,0.34477234,-1.031985,-0.9782486,0.1006968,0.1813553,0
-0.93658042,-0.88007236,3.0455103,0.14521015,-0.29190782,0.94535899,0
-2.4486525,1.208528,-0.094214797,-0.9782486,0.1006968,0.1813553,0
1.5387498,3.3651638,-2.3706594,-0.14521015,0.29190782,-0.94535899,0
-2.5837533,-2.4981515,1.2351604,-0.9782486,0.1006968,0.1813553,0
-2.4405518,0.78630066,0.18392265,-0.9782486,0.1006968,0.1813553,0
1.9757824,0.39219809,2.9910133,0.14521015,-0.29190782,0.94535899,0
1.9546359,-2.1870923,-2.0272174,0.9782486,-0.1006968,-0.1813553,0
1.2314897,-2.0128877,-3.984097,-0.14521015,0.29190782,-0.94535899,0
-2.6105852,2.7962897,-1.8492935,-0.9782486,0.1006968,0.1813553,0
-1.6156821,3.3441408,3.21312,-0.9782486,0.1006968,0.1813553,0
0.6366384,1.0554602,3.4015121,0.14521015,-0.29190782,0.94535899,0
-1.2598481,-1.9805501,-3.5914342,-0.14521015,0.29190782,-0.94535899,0
2.5913608,-2.5399802,1.6032829,0.9782486,-0.1006968,-0.1813553,0
-3.2275898,-2.2855511,-3.3833604,-0.14521015,0.29190782,-0.94535899,0
-0.56981313,-3.7156529,-1.4081495,-0.14813372,-0.95113081,-0.27093613,0
-1.9428865,1.3932761,2.5313592,-0.9782486,0.1006968,0.1813553,0
-2.1876748,-4.0869398,2.2474666,0.14521015,-0.29190782,0.94535899,0
0.22596705,-3.7631879,1.9766912,0.14521015,-0.29190782,0.94535899,0
1.9820815,4.4338579,-1.885287,0.14813372,0.95113081,0.27093613,0
-2.0098863,3.7478104,0.86260748,-0.9782486,0.1006968,0.1813553,0
0.83242583,0.41782045,-3.1722457,-0.14521015,0.29190782,-0.94535899,0
2.904319,3.5047183,0.87225866,0.14813372,0.95113081,0.27093613,0
1.2939754,2.691874,3.8058343,0.14521015,-0.29190782,0.94535899,0
2.6911271,3.6071792,-1.2717588,0.9782486,-0.1006968,-0.1813553,0
-0.32596803,-3.227757,-3.2542458,-0.14813372,-0.95113081,-0.27093613,0
-2.7225895,-2.5408735,0.50998521,-0.9782486,0.1006968,0.1813553,0
-2.5051806,-2.0655231,-3.4263849,-0.14521015,0.29190782,-0.94535899,0
0.13307232,4.3205113,-0.47643852,0.14813372,0.95113081,0.27093613,0
-0.75178134,-4.2205324,0.4637394,-0.14813372,-0.95113081,-0.27093613,0
-2.2870049,4.7670975,-1.1981549,-0.9782486,0.1006968,0.1813553,0
1.9016166,-2.0123706,-2.4102223,0.9782486,-0.1006968,-0.1813553,0
-0.84965628,4.3569946,-0.067210674,0.14813372,0.95113081,0.27093613,0
-2.9262519,-1.8730618,-0.95939064,-0.9782486,0.1006968,0.1813553,0
-1.0846522,-1.6478014,2.8311954,0.14521015,-0.29190782,0.94535899,0
-0.89162827,-3.3553159,-2.4971738,-0.14813372,-0.95113081,-0.27093613,0
1.4920678,-3.656496,1.8151584,0.14521015,-0.29190782,0.94535899,0
-0.79588556,2.9514048,4.2069817,0.14521015,-0.29190782,0.94535899,0
2.1600502,-2.7091227,-0.62933731,0.9782486,-0.1006968,-0.1813553,0
-2.8914824,-3.4446001,-1.090323,-0.14813372,-0.95113081,-0.27093613,0
0.62405062,4.4832807,-1.8849068,-0.14521015,0.29190782,-0.94535899,0
1.0557235,-2.9116235,2.1121838,0.14521015,-0.29190782,0.94535899,0
0.74119496,3.4889927,2.1101456,0.14813372,0.95113081,0.27093613,0
-2.7693877,-2.8889999,-3.1075318,-0.14813372,-0.95113081,-0.27093613,0
-0.18893218,3.9513693,0.995502,0.14813372,0.95113081,0.27093613,0
3.1574695,2.322371,1.9571253,0.9782486,-0.1006968,-0.1813553,0
1.941819,-3.2241833,-1.5205112,0.9782486,-0.1006968,-0.1813553,0
-1.8563478,4.3531504,0.4966898,0.14813372,0.95113081,0.27093613,0
-2.5815539,1.0625348,-0.73003662,-0.9782486,0.1006968,0.1813553,0
-1.1573602,4.6579299,-1.5573478,-0.14521015,0.29190782,-0.94535899,0
-2.2201002,0.12737131,-2.7930529,-0.14521015,0.29190782,-0.94535899,0
-1.2522402,0.7735852,3.6046126,0.14521015,-0.29190782,0.94535899,0
1.0685103,-0.27230296,-3.4216051,-0.14521015,0.29190782,-0.94535899,0
1.0624015,0.37701687,-3.22017,-0.14521015,0.29190782,-0.94535899,0
1.4408646,2.2328768,3.6415429,0.14521015,-0.29190782,0.94535899,0
-2.5969496,2.5460088,-1.9883409,-0.14521015,0.29190782,-0.94535899,0
0.7594893,-3.2717576,-3.6932518,-0.14813372,-0.95113081,-0.27093613,0
1.0962367,-1.1516728,2.6493981,0.14521015,-0.29190782,0.94535899,0
2.821651,1.4292889,0.64156806,0.9782486,-0.1006968,-0.1813553,0
2.7052364,-1.0500948,2.4336157,0.14521015,-0.29190782,0.94535899,0
1.3003863,3.8435855,0.55959988,0.14813372,0.95113081,0.27093613,0
2.3996291,-2.8109093,0.71949482,0.9782486,-0.1006968,-0.1813553,0
0.66130924,-1.7032558,2.545887,0.14521015,-0.29190782,0.94535899,0
2.5834744,0.25945377,0.0063655078,0.9782486,-0.1006968,-0.1813553,0
0.78175974,2.7535157,3.9035461,0.14521015,-0.29190782,0.94535899,0
-1.9339275,4.5798607,-0.25676584,0.14813372,0.95113081,0.27093613,0
1.7807193,-4.4420156,-0.14337587,-0.14813372,-0.95113081,-0.27093613,0
2.2446437,-0.69332576,-1.2922941,0.9782486,-0.1006968,-0.1813553,0
2.5291576,4.4341516,-2.1854298,0.14813372,0.95113081,0.27093613,0
1.6298735,-3.0775447,-3.2845955,0.9782486,-0.1006968,-0.1813553,0
0.41917419,0.67712951,-3.0286996,-0.14521015,0.29190782,-0.94535899,0
-2.3983445,-0.51571298,-2.9642453,-0.14521015,0.29190782,-0.94535899,0
-2.5550056,2.6951115,-1.4933143,-0.9782486,0.1006968,0.1813553,0
1.8433034,3.4037223,1.8069155,0.14813372,0.95113081,0.27093613,0
-1.9617438,-4.0143929,0.40162063,-0.14813372,-0.95113081,-0.27093613,0
-1.8703027,-2.7844565,-3.7458963,-0.14521015,0.29190782,-0.94535899,0
-1.9395931,-3.3735986,-1.8600194,-0.14813372,-0.95113081,-0.27093613,0
-3.2118599,-1.9195533,-2.4741755,-0.9782486,0.1006968,0.1813553,0
2.317368,3.7921073,0.18428326,0.14813372,0.95113081,0.27093613,0
-0.27655005,-0.67669713,-3.3398683,-0.14521015,0.29190782,-0.94535899,0
-1.5985882,0.28525025,3.507025,0.14521015,-0.29190782,0.94535899,0
-2.2011676,-0.49525976,2.1867669,-0.9782486,0.1006968,0.1813553,0
0.73228788,3.0928035,3.5058522,0.14813372,0.95113081,0.27093613,0
0.48378718,-3.1235371,2.1346006,0.14521015,-0.29190782,0.94535899,0
-1.4675361,4.0182486,1.4597936,0.14813372,0.95113081,0.27093613,0
-1.0116301,-3.8480797,-0.70169902,-0.14813372,-0.95113081,-0.27093613,0
-1.3993217,3.8988125,1.8417802,0.14813372,0.95113081,0.27093613,0
2.9386983,3.3336022,1.4541693,0.14813372,0.95113081,0.27093613,0
-0.65309286,-3.1748571,-3.2610979,-0.14813372,-0.95113081,-0.27093613,0
-2.2668183,-3.842927,-0.033517122,-0.14813372,-0.95113081,-0.27093613,0
1.4885905,3.0789437,-2.4513338,-0.14521015,0.29190782,-0.94535899,0
1.9418542,-0.056859016,2.8575647,0.14521015,-0.29190782,0.94535899,0
0.20994997,-0.49988651,2.9867933,0.14521015,-0.29190782,0.94535899,0
-1.5845915,3.8386166,2.1543951,0.14813372,0.95113081,0.27093613,0
1.1539831,3.0073433,3.5753014,0.14813372,0.95113081,0.27093613,0
1.5182686,-3.2169349,-3.8092103,0.9782486,-0.1006968,-0.1813553,0
2.3253393,0.82216358,-1.6984842,0.9782486,-0.1006968,-0.1813553,0
0.95424223,-1.4216788,-3.7589576,-0.14521015,0.29190782,-0.94535899,0
1.0630807,4.2936511,-0.89062452,0.14813372,0.95113081,0.27093613,0
1.8063869,2.6399374,3.7110894,0.14521015,-0.29190782,0.94535899,0
-2.5989237,-2.8885798,1.3701136,-0.9782486,0.1006968,0.1813553,0
2.6277452,-1.8424978,1.4122669,0.9782486,-0.1006968,-0.1813553,0
-2.7772493,-3.4673257,-1.0730004,-0.14813372,-0.95113081,-0.27093613,0
-0.8013078,-3.8416131,-0.83939385,-0.14813372,-0.95113081,-0.27093613,0
-2.1449027,1.0045357,-2.5337524,-0.14521015,0.29190782,-0.94535899,0
1.7134418,1.3269327,-3.0268574,-0.14521015,0.29190782,-0.94535899,0
-2.0452411,3.6362729,-1.736434,-0.14521015,0.29190782,-0.94535899,0
-1.636857,3.7711165,2.4199343,0.14813372,0.95113081,0.27093613,0
-0.59794188,-1.7323927,-3.6164787,-0.14521015,0.29190782,-0.94535899,0
-0.49592924,-0.81976509,2.9964464,0.14521015,-0.29190782,0.94535899,0
-2.1165314,-0.58756757,-3.0297198,-0.14521015,0.29190782,-0.94535899,0
1.2300594,-4.3347058,-0.21901894,-0.14813372,-0.95113081,-0.27093613,0
0.92160916,1.4821429,-2.8573034,-0.14521015,0.29190782,-0.94535899,0
-0.046659946,-2.0111721,-3.7872393,-0.14521015,0.29190782,-0.94535899,0
-1.8567241,4.2525759,0.84996605,0.14813372,0.95113081,0.27093613,0
2.2721345,-4.2847576,0.85012341,0.9782486,-0.1006968,-0.1813553,0
0.46916568,4.4304285,-1.8774357,-0.14521015,0.29190782,-0.94535899,0
-0.49949265,1.8876706,-2.5137985,-0.14521015,0.29190782,-0.94535899,0
1.7891145,-4.6830277,0.69811535,-0.14813372,-0.95113081,-0.27093613,0
-0.42787218,2.9636292,-2.1925654,-0.14521015,0.29190782,-0.94535899,0
-1.1427534,-3.2819471,-2.6174343,-0.14813372,-0.95113081,-0.27093613,0
0.12951422,-3.098156,-3.9582496,-0.14813372,-0.95113081,-0.27093613,0
-2.6738265,0.85631657,-1.1132615,-0.9782486,0.1006968,0.1813553,0
0.75261223,3.4272149,-2.230746,-0.14521015,0.29190782,-0.94535899,0
0.3133831,-3.087605,-4.0958185,-0.14813372,-0.95113081,-0.27093613,0
0.95945168,-3.4291387,-3.2500889,-0.14813372,-0.95113081,-0.27093613,0
-2.4762781,1.5084813,-2.327244,-0.14521015,0.29190782,-0.94535899,0
1.3838644,-4.038835,-1.3417759,-0.14813372,-0.95113081,-0.27093613,0
-3.2987716,-2.8457513,-2.9699192,-0.14813372,-0.95113081,-0.27093613,0
2.7796888,-0.48126149,1.4760454,0.9782486,-0.1006968,-0.1813553,0
-2.5244224,3.0464029,-1.5233989,-0.9782486,0.1006968,0.1813553,0
2.8519726,1.8694077,0.56074953,0.9782486,-0.1006968,-0.1813553,0
2.7570403,4.0033398,-0.79764581,0.14813372,0.95113081,0.27093613,0
-0.72043777,-0.23032904,-3.1338563,-0.14521015,0.29190782,-0.94535899,0
1.6252105,2.9823778,3.4053009,0.14813372,0.95113081,0.27093613,0
2.3392518,0.39744854,-1.3876177,0.9782486,-0.1006968,-0.1813553,0
-0.9057951,-0.93845344,3.0227544,0.14521015,-0.29190782,0.94535899,0
-2.1327169,4.5444727,-0.24229813,-0.9782486,0.1006968,0.1813553,0
-3.1657236,-2.4643087,-1.9228379,-0.9782486,0.1006968,0.1813553,0
1.5411139,2.1533637,3.6015923,0.14521015,-0.29190782,0.94535899,0
-3.0249736,-3.1799464,-1.946413,-0.14813372,-0.95113081,-0.27093613,0
-0.49921674,-4.2124672,0.2973361,-0.14813372,-0.95113081,-0.27093613,0
-1.9359541,-3.6218519,-0.99050832,-0.14813372,-0.95113081,-0.27093613,0
-1.7647262,-0.59129286,-3.0849087,-0.14521015,0.29190782,-0.94535899,0
1.0356462,-4.4964037,0.45492125,-0.14813372,-0.95113081,-0.27093613,0
-2.7117438,1.2060139,-1.5119603,-0.9782486,0.1006968,0.1813553,0
-0.20433497,-2.279335,2.5009708,0.14521015,-0.29190782,0.94535899,0
0.67284918,3.6520543,1.5750802,0.14813372,0.95113081,0.27093613,0
-1.9981713,1.7436919,2.0385787,-0.9782486,0.1006968,0.1813553,0
2.7260492,3.1368866,2.2610116,0.14813372,0.95113081,0.27093613,0
-2.6710339,-0.4275825,-0.38531792,-0.9782486,0.1006968,0.1813553,0
-2.639971,-3.0906861,1.2609187,-0.9782486,0.1006968,0.1813553,0
0.51363325,3.0334496,3.8337636,0.14813372,0.95113081,0.27093613,0
1.9417028,-1.025978,-2.7416825,0.9782486,-0.1006968,-0.1813553,0
-1.0422251,-3.5329103,2.2425947,0.14521015,-0.29190782,0.94535899,0
-2.6010509,-1.6929318,0.69476068,-0.9782486,0.1006968,0.1813553,0
2.5112884,3.2019196,-2.0168076,0.9782486,-0.1006968,-0.1813553,0
1.849673,0.22033638,-3.3894773,-0.14521015,0.29190782,-0.94535899,0
-3.0443594,-1.6879268,-3.2269711,-0.14521015,0.29190782,-0.94535899,0
3.3180652,2.0236022,2.989285,0.9782486,-0.1006968,-0.1813553,0
0.71229738,-4.5497437,0.81896496,-0.14813372,-0.95113081,-0.27093613,0
-1.2294822,-3.9215221,2.1513627,0.14521015,-0.29190782,0.94535899,0
1.6899405,-4.4624944,1.5358887,0.14521015,-0.29190782,0.94535899,0
1.7997634,4.0114498,-0.3027277,0.14813372,0.95113081,0.27093613,0
-1.7084932,3.0840523,2.8569016,-0.9782486,0.1006968,0.1813553,0
0.80047393,-0.44426644,2.9132612,0.14521015,-0.29190782,0.94535899,0
-2.1279531,1.0908502,1.7010107,-0.9782486,0.1006968,0.1813553,0
-0.49104261,4.4200821,-0.48475266,0.14813372,0.95113081,0.27093613,0
1.8940547,-0.15922713,2.8332977,0.14521015,-0.29190782,0.94535899,0
2.0838544,1.118428,-3.1481357,-0.14521015,0.29190782,-0.94535899,0
-2.1908765,-0.9341203,2.4859552,-0.9782486,0.1006968,0.1813553,0
-3.1353695,-1.6371698,-2.2183697,-0.9782486,0.1006968,0.1813553,0
-0.91209602,-0.56447279,-3.2075937,-0.14521015,0.29190782,-0.94535899,0
-2.276701,0.99189019,0.95359743,-0.9782486,0.1006968,0.1813553,0
-1.5034306,-1.7058433,2.8775988,0.14521015,-0.29190782,0.94535899,0
-2.2522478,-3.3313324,-1.8374546,-0.14813372,-0.95113081,-0.27093613,0
2.6209288,-1.3298631,2.3601792,0.14521015,-0.29190782,0.94535899,0
-0.01645565,0.46227768,3.3186665,0.14521015,-0.29190782,0.94535899,0
0.095869541,2.2210338,3.8444815,0.14521015,-0.29190782,0.94535899,0
-1.0587742,3.4234731,3.3242836,0.14813372,0.95113081,0.27093613,0
-1.6164948,-4.3655481,1.4455998,-0.14813372,-0.95113081,-0.27093613,0
2.0800924,2.3181872,3.5696974,0.14521015,-0.29190782,0.94535899,0
0.8548975,3.4099164,2.3255794,0.14813372,0.95113081,0.27093613,0
1.6530473,-3.3278575,-3.0206118,0.9782486,-0.1006968,-0.1813553,0
-1.5846515,2.4857492,3.8571241,-0.9782486,0.1006968,0.1813553,0
-1.2757816,-1.2420877,-3.3609643,-0.14521015,0.29190782,-0.94535899,0
0.85358751,-4.4811506,0.50091362,-0.14813372,-0.95113081,-0.27093613,0
-0.8513304,3.9631329,-1.8188944,-0.14521015,0.29190782,-0.94535899,0
1.0495031,1.180795,-2.9699984,-0.14521015,0.29190782,-0.94535899,0
1.024616,-1.7803656,2.4662716,0.14521015,-0.29190782,0.94535899,0
1.467489,-0.92928332,-3.6857522,-0.14521015,0.29190782,-0.94535899,0
0.032858595,4.3599949,-0.560256,0.14813372,0.95113081,0.27093613,0
0.1165247,-2.5261633,2.3754704,0.14521015,-0.29190782,0.94535899,0
2.1347265,0.45568967,-2.5231864,0.9782486,-0.1006968,-0.1813553,0
-2.6193879,0.16837597,-0.43763667,-0.9782486,0.1006968,0.1813553,0
-3.1773791,-2.2484977,-3.379632,-0.14521015,0.29190782,-0.94535899,0
-2.562726,-3.3608112,-1.564214,-0.14813372,-0.95113081,-0.27093613,0
-1.1113803,-3.2968278,-2.5823488,-0.14813372,-0.95113081,-0.27093613,0
-1.6727659,-4.1341405,0.66400194,-0.14813372,-0.95113081,-0.27093613,0
2.183749,4.1393423,-0.96164036,0.14813372,0.95113081,0.27093613,0
0.99152881,-4.0195994,-1.1947961,-0.14813372,-0.95113081,-0.27093613,0
1.2940822,3.4939494,1.7904549,0.14813372,0.95113081,0.27093613,0
-1.1715307,3.6693838,2.5226545,0.14813372,0.95113081,0.27093613,0
1.6436617,-3.3700066,-3.0478344,0.9782486,-0.1006968,-0.1813553,0
1.4019663,3.2407928,2.6201844,0.14813372,0.95113081,0.27093613,0
0.59000731,-0.46838358,-3.4086514,-0.14521015,0.29190782,-0.94535899,0
-2.3019857,2.5740404,-2.0249929,-0.14521015,0.29190782,-0.94535899,0
-1.6264508,2.8158391,3.4483721,-0.9782486,0.1006968,0.1813553,0
-1.332446,-4.0590172,0.21420884,-0.14813372,-0.95113081,-0.27093613,0
2.89816,1.8601243,3.3025987,0.14521015,-0.29190782,0.94535899,0
-2.3538535,0.43900037,-2.6762831,-0.14521015,0.29190782,-0.94535899,0
-2.2667925,-3.9883194,2.2900712,0.14521015,-0.29190782,0.94535899,0
-0.53432441,2.8341291,-2.2162013,-0.14521015,0.29190782,-0.94535899,0
3.0078397,3.3691542,0.56878376,0.9782486,-0.1006968,-0.1813553,0
3.1286416,1.0191131,2.525254,0.9782486,-0.1006968,-0.1813553,0
3.2261355,3.0245533,2.3819413,0.14813372,0.95113081,0.27093613,0
-2.5526814,-4.0145721,0.72534466,-0.14813372,-0.95113081,-0.27093613,0
2.8730361,2.0049191,0.59912527,0.9782486,-0.1006968,-0.1813553,0
-0.26015037,-4.5737977,1.4350898,-0.14813372,-0.95113081,-0.27093613,0
-2.6862183,1.7451563,-1.6736287,-0.9782486,0.1006968,0.1813553,0
0.59358752,4.0509,0.21825552,0.14813372,0.95113081,0.27093613,0
-2.280674,-0.88312495,1.9732625,-0.9782486,0.1006968,0.1813553,0
-0.78101516,-4.609539,1.8700309,0.14521015,-0.29190782,0.94535899,0
0.46643496,4.0642209,0.24101067,0.14813372,0.95113081,0.27093613,0
-0.56454849,-3.1457138,-3.4118195,-0.14813372,-0.95113081,-0.27093613,0
0.52488828,-1.3137844,-3.6596918,-0.14521015,0.29190782,-0.94535899,0
-0.91756058,4.6161165,-1.6070933,-0.14521015,0.29190782,-0.94535899,0
-2.2674048,1.4027996,-2.3919599,-0.14521015,0.29190782,-0.94535899,0
-0.1086657,-4.647778,1.611975,-0.14813372,-0.95113081,-0.27093613,0
-2.1361642,0.35416007,2.0657649,-0.9782486,0.1006968,0.1813553,0
-2.735029,-3.4548621,-1.1398394,-0.14813372,-0.95113081,-0.27093613,0
-2.176275,1.9369743,0.97055101,-0.9782486,0.1006968,0.1813553,0
1.4546638,3.4646251,1.8056023,0.14813372,0.95113081,0.27093613,0
2.7272863,1.2022321,0.2586264,0.9782486,-0.1006968,-0.1813553,0
1.1827383,1.3976729,3.4232974,0.14521015,-0.29190782,0.94535899,0
1.5180542,-2.9619875,-3.9519234,0.9782486,-0.1006968,-0.1813553,0
2.9336922,1.3279922,1.3021741,0.9782486,-0.1006968,-0.1813553,0
-1.4499371,-3.4002557,-2.0341573,-0.14813372,-0.95113081,-0.27093613,0
-2.1130791,0.77114856,1.9587563,-0.9782486,0.1006968,0.1813553,0
-2.4704399,-0.94283187,0.98279691,-0.9782486,0.1006968,0.1813553,0
-2.342521,-3.064307,-2.7254982,-0.14813372,-0.95113081,-0.27093613,0
1.002883,-0.78950733,-3.5712268,-0.14521015,0.29190782,-0.94535899,0
-2.7536297,-3.7039585,-0.2552073,-0.14813372,-0.95113081,-0.27093613,0
-2.0156736,-0.58099681,3.2349458,-0.9782486,0.1006968,0.1813553,0
-1.5907755,2.7703261,3.6660795,-0.9782486,0.1006968,0.1813553,0
2.264842,2.6642809,3.648186,0.14521015,-0.29190782,0.94535899,0
-1.945012,1.1818424,2.6372924,-0.9782486,0.1006968,0.1813553,0
1.710182,-3.8030176,-2.348033,-0.14813372,-0.95113081,-0.27093613,0
2.6633391,1.5447642,-0.27650058,0.9782486,-0.1006968,-0.1813553,0
2.6173031,-2.1475284,2.1082575,0.14521015,-0.29190782,0.94535899,0
1.2156479,0.91836649,-3.0765514,-0.14521015,0.29190782,-0.94535899,0
-2.4508774,2.1192541,-0.61189365,-0.9782486,0.1006968,0.1813553,0
2.4191341,-2.941489,1.893538,0.14521015,-0.29190782,0.94535899,0
1.8701782,-1.608914,-2.8038223,0.9782486,-0.1006968,-0.1813553,0
2.3249798,-3.7549305,1.6568258,0.14521015,-0.29190782,0.94535899,0
0.076184332,-4.1748414,-0.14935064,-0.14813372,-0.95113081,-0.27093613,0
1.9892892,-2.2662635,-1.7963336,0.9782486,-0.1006968,-0.1813553,0
-0.61704785,-4.3431163,0.82040644,-0.14813372,-0.95113081,-0.27093613,0
2.2270391,-4.7205601,0.84885263,0.9782486,-0.1006968,-0.1813553,0
-2.8913155,-3.5492668,0.15976691,-0.9782486,0.1006968,0.1813553,0
2.2513471,3.278338,2.0239842,0.14813372,0.95113081,0.27093613,0
-0.98420262,0.46933806,-2.8772981,-0.14521015,0.29190782,-0.94535899,0
0.95706511,3.2931232,2.6797254,0.14813372,0.95113081,0.27093613,0
-1.4684663,0.54205543,3.566334,0.14521015,-0.29190782,0.94535899,0
-0.5710578,2.3402128,-2.3630702,-0.14521015,0.29190782,-0.94535899,0
2.0276556,-2.051975,2.228334,0.14521015,-0.29190782,0.94535899,0
-1.6184406,-4.0224333,0.24214721,-0.14813372,-0.95113081,-0.27093613,0
-0.55147099,-4.540566,1.4777079,-0.14813372,-0.95113081,-0.27093613,0
1.9382122,-1.1281619,2.5273275,0.14521015,-0.29190782,0.94535899,0
0.99560237,-3.4074888,-3.3458586,-0.14813372,-0.95113081,-0.27093613,0
-1.0170803,3.9698679,1.3833504,0.14813372,0.95113081,0.27093613,0
1.0081184,-1.5008242,2.5551224,0.14521015,-0.29190782,0.94535899,0
1.1789889,-4.6782961,1.0150895,-0.14813372,-0.95113081,-0.27093613,0
1.36775,-4.3821049,-0.12790537,-0.14813372,-0.95113081,-0.27093613,0
2.9455914,0.86789727,1.6218264,0.9782486,-0.1006968,-0.1813553,0
3.298806,1.5844934,3.1292119,0.9782486,-0.1006968,-0.1813553,0
-0.87794805,1.3087569,-2.6344237,-0.14521015,0.29190782,-0.94535899,0
-0.035628319,0.76116896,-2.9328909,-0.14521015,0.29190782,-0.94535899,0
-0.78038836,0.64293653,3.4917934,0.14521015,-0.29190782,0.94535899,0
2.4199853,1.5713508,3.2868805,0.14521015,-0.29190782,0.94535899,0
-0.20221472,-2.0226533,2.5799034,0.14521015,-0.29190782,0.94535899,0
1.2474986,2.3133578,-2.6506989,-0.14521015,0.29190782,-0.94535899,0
0.88342834,1.702015,-2.7835464,-0.14521015,0.29190782,-0.94535899,0
-2.3692882,-1.3945416,1.7792308,-0.9782486,0.1006968,0.1813553,0
-3.2120616,-1.6588733,-3.1922402,-0.14521015,0.29190782,-0.94535899,0
-2.6106894,-1.7533453,-3.3137841,-0.14521015,0.29190782,-0.94535899,0
2.6671562,0.70013571,2.9799008,0.14521015,-0.29190782,0.94535899,0
-3.2183664,-1.6971257,-2.6327732,-0.9782486,0.1006968,0.1813553,0
-1.7919418,3.351362,2.2583499,-0.9782486,0.1006968,0.1813553,0
-1.847188,-1.9233714,-3.4835608,-0.14521015,0.29190782,-0.94535899,0
-0.12990665,3.2832346,3.3087387,0.14813372,0.95113081,0.27093613,0
-2.332021,-4.2065821,1.2787564,-0.14813372,-0.95113081,-0.27093613,0
1.9631972,4.0494366,-0.52543736,0.14813372,0.95113081,0.27093613,0
-1.8246188,4.6463852,-1.4584203,-0.14521015,0.29190782,-0.94535899,0
0.14968967,2.6209331,3.9596953,0.14521015,-0.29190782,0.94535899,0
1.6400405,3.0104122,-2.4957581,-0.14521015,0.29190782,-0.94535899,0
-2.5806601,-3.577913,-0.79226589,-0.14813372,-0.95113081,-0.27093613,0
-1.969609,4.2302589,0.81198883,-0.9782486,0.1006968,0.1813553,0
-1.5014715,2.0939078,-2.2962096,-0.14521015,0.29190782,-0.94535899,0
1.6476636,3.1789749,2.7028642,0.14813372,0.95113081,0.27093613,0
2.2541096,3.2804356,2.0151107,0.14813372,0.95113081,0.27093613,0
2.3079333,-4.4926567,1.1586623,0.9782486,-0.1006968,-0.1813553,0
-2.3070867,-1.8696241,2.3785396,-0.9782486,0.1006968,0.1813553,0
-2.7966094,-1.9080456,-0.24066162,-0.9782486,0.1006968,0.1813553,0
2.8224232,2.7908447,-0.11026764,0.9782486,-0.1006968,-0.1813553,0
-0.015575886,-4.4662218,1.7967105,0.14521015,-0.29190782,0.94535899,0
-2.2760789,0.074278355,1.466454,-0.9782486,0.1006968,0.1813553,0
-1.8953654,3.0503168,1.8676243,-0.9782486,0.1006968,0.1813553,0
-0.26056361,0.30501759,3.3076036,0.14521015,-0.29190782,0.94535899,0
-0.19943893,-4.1706023,-0.013535023,-0.14813372,-0.95113081,-0.27093613,0
2.3419375,-3.3705003,0.71901131,0.9782486,-0.1006968,-0.1813553,0
-1.778758,-1.8930395,-3.4847059,-0.14521015,0.29190782,-0.94535899,0
1.6447141,-3.9533362,-1.7845421,-0.14813372,-0.95113081,-0.27093613,0
0.093967199,0.98429251,-2.8839011,-0.14521015,0.29190782,-0.94535899,0
-1.7051181,4.3535419,0.41263056,0.14813372,0.95113081,0.27093613,0
2.0616214,-0.33387506,-2.4791188,0.9782486,-0.1006968,-0.1813553,0
-2.6022809,-2.0951347,-3.4206133,-0.14521015,0.29190782,-0.94535899,0
-2.2988176,1.8236542,0.37246346,-0.9782486,0.1006968,0.1813553,0
0.49087477,-4.7132797,1.5141246,-0.14813372,-0.95113081,-0.27093613,0
-3.2385151,-2.5515037,-2.2670679,-0.9782486,0.1006968,0.1813553,0
-1.1283913,3.9918861,-1.7674587,-0.14521015,0.29190782,-0.94535899,0
-2.3681707,0.86880684,0.52854121,-0.9782486,0.1006968,0.1813553,0
0.090405464,-2.8250704,-4.0596085,-0.14521015,0.29190782,-0.94535899,0
-0.32381821,-3.6463974,-1.7857704,-0.14813372,-0.95113081,-0.27093613,0
-1.1888829,2.786201,-2.1304584,-0.14521015,0.29190782,-0.94535899,0
3.2961938,2.1609938,2.795023,0.9782486,-0.1006968,-0.1813553,0
2.4418545,2.3085032,-1.895275,0.9782486,-0.1006968,-0.1813553,0
-2.490447,-2.9571261,1.9933085,-0.9782486,0.1006968,0.1813553,0
-2.8278291,-2.4812055,-0.090819716,-0.9782486,0.1006968,0.1813553,0
2.5340993,-2.0469432,1.0206509,0.9782486,-0.1006968,-0.1813553,0
2.7227254,3.4854963,1.0390229,0.14813372,0.95113081,0.27093613,0
0.27434242,3.8949053,0.94042635,0.14813372,0.95113081,0.27093613,0
0.86150122,1.6861603,3.5617197,0.14521015,-0.29190782,0.94535899,0
-2.7209239,-1.9399872,0.18532944,-0.9782486,0.1006968,0.1813553,0
1.8331064,4.0182486,-2.2142141,-0.14521015,0.29190782,-0.94535899,0
-2.1713028,-3.9119658,0.15662384,-0.14813372,-0.95113081,-0.27093613,0
-1.7675787,3.8855183,2.0897961,0.14813372,0.95113081,0.27093613,0
0.32305765,2.2092414,3.8059435,0.14521015,-0.29190782,0.94535899,0
0.75820994,4.0731683,0.050074577,0.14813372,0.95113081,0.27093613,0
2.0714746,-1.9251757,-1.5424063,0.9782486,-0.1006968,-0.1813553,0
2.8506789,2.1038656,0.42359018,0.9782486,-0.1006968,-0.1813553,0
-2.6511512,-1.5073757,0.32148504,-0.9782486,0.1006968,0.1813553,0
2.4094205,1.0639608,3.1318316,0.14521015,-0.29190782,0.94535899,0
1.6576898,3.2034578,2.6114345,0.14813372,0.95113081,0.27093613,0
2.7257495,-1.0459175,1.4986149,0.9782486,-0.1006968,-0.1813553,0
2.1465459,-3.2541435,-0.39955759,0.9782486,-0.1006968,-0.1813553,0
-1.8776491,-3.4300718,-1.6956348,-0.14813372,-0.95113081,-0.27093613,0
1.5722697,3.1773651,2.749737,0.14813372,0.95113081,0.27093613,0
-2.2718005,1.7425871,0.5632081,-0.9782486,0.1006968,0.1813553,0
1.2604622,-4.1693106,1.6923871,0.14521015,-0.29190782,0.94535899,0
-2.4354074,1.413553,-0.13660908,-0.9782486,0.1006968,0.1813553,0
2.1042142,-2.7810032,-0.89060855,0.9782486,-0.1006968,-0.1813553,0
2.0837967,-1.1051801,-1.9312384,0.9782486,-0.1006968,-0.1813553,0
1.5211463,-4.671804,0.80522394,-0.14813372,-0.95113081,-0.27093613,0
-0.86823797,4.7121849,-1.5850055,-0.14521015,0.29190782,-0.94535899,0
-0.078038454,1.9042195,-2.5734255,-0.14521015,0.29190782,-0.94535899,0
-3.3783669,-2.7948685,-3.1050265,-0.14813372,-0.95113081,-0.27093613,0
-0.89910138,3.3106501,-2.0130301,-0.14521015,0.29190782,-0.94535899,0
0.88314104,-1.1327718,-3.6588278,-0.14521015,0.29190782,-0.94535899,0
2.0916901,0.34555244,-2.6941769,0.9782486,-0.1006968,-0.1813553,0
1.7955873,1.6076928,3.394012,0.14521015,-0.29190782,0.94535899,0
-0.1912446,-3.5405607,-2.2297976,-0.14813372,-0.95113081,-0.27093613,0
-2.1294942,1.4661365,1.4843221,-0.9782486,0.1006968,0.1813553,0
-0.36868644,-0.20441389,3.1669095,0.14521015,-0.29190782,0.94535899,0
-3.059803,-0.6776731,-2.3435147,-0.9782486,0.1006968,0.1813553,0
-2.4620597,2.9682312,-1.8786864,-0.14521015,0.29190782,-0.94535899,0
3.243844,1.2276242,3.0308917,0.9782486,-0.1006968,-0.1813553,0
-2.2482862,-0.3624078,1.8588382,-0.9782486,0.1006968,0.1813553,0
-1.0017695,-4.3805389,1.162127,-0.14813372,-0.95113081,-0.27093613,0
-1.7106575,-3.9753294,0.12720752,-0.14813372,-0.95113081,-0.27093613,0
-0.36091852,-4.1689515,1.9415472,0.14521015,-0.29190782,0.94535899,0
0.79789865,4.5138264,-1.5185711,0.14813372,0.95113081,0.27093613,0
-1.0376282,4.7314601,-1.5530348,-0.14521015,0.29190782,-0.94535899,0
-0.025470972,3.4273014,2.745888,0.14813372,0.95113081,0.27093613,0
-1.5090388,-4.4182634,1.5719061,-0.14813372,-0.95113081,-0.27093613,0
1.9117963,2.4633636,-2.7064183,-0.14521015,0.29190782,-0.94535899,0
-1.8502506,1.3823045,3.037138,-0.9782486,0.1006968,0.1813553,0
-0.29962468,-0.8847717,2.9462206,0.14521015,-0.29190782,0.94535899,0
-2.8389306,-0.34621572,-1.3361478,-0.9782486,0.1006968,0.1813553,0
1.3300629,-3.3133347,-3.8592536,-0.14813372,-0.95113081,-0.27093613,0
-1.1017393,-3.621835,-1.4466708,-0.14813372,-0.95113081,-0.27093613,0
-1.2443645,-3.8989854,-0.39574552,-0.14813372,-0.95113081,-0.27093613,0
1.109489,-0.11400458,-3.3790202,-0.14521015,0.29190782,-0.94535899,0
-0.37191391,-1.776123,-3.6647005,-0.14521015,0.29190782,-0.94535899,0
1.7140038,-2.93803,-2.9082558,0.9782486,-0.1006968,-0.1813553,0
0.91731811,-3.6803091,-2.3453112,-0.14813372,-0.95113081,-0.27093613,0
0.56544352,-2.8775935,-4.1487937,-0.14521015,0.29190782,-0.94535899,0
-1.8848701,2.3817525,-2.148438,-0.14521015,0.29190782,-0.94535899,0
-2.1994214,-4.4283361,1.9847317,-0.14813372,-0.95113081,-0.27093613,0
-1.6181092,3.5984104,3.015975,0.14813372,0.95113081,0.27093613,0
2.1820698,-0.52073848,-1.7256534,0.9782486,-0.1006968,-0.1813553,0
2.2350867,-4.6516075,0.85397768,0.9782486,-0.1006968,-0.1813553,0
2.4123225,-3.4285452,1.1309047,0.9782486,-0.1006968,-0.1813553,0
-2.0182424,0.1860826,2.7951713,-0.9782486,0.1006968,0.1813553,0
-2.0527368,2.5154264,1.3157456,-0.9782486,0.1006968,0.1813553,0
-2.4822285,-3.2981384,2.2269864,-0.9782486,0.1006968,0.1813553,0
-3.006083,-0.43726063,-2.187233,-0.9782486,0.1006968,0.1813553,0
-3.2361465,-1.4870446,-3.1354835,-0.14521015,0.29190782,-0.94535899,0
2.2740045,3.8572888,-0.020830154,0.14813372,0.95113081,0.27093613,0
-2.3286476,3.9430654,-0.96523952,-0.9782486,0.1006968,0.1813553,0
-1.7228446,-2.9787369,2.5182576,0.14521015,-0.29190782,0.94535899,0
0.4411726,-2.1972351,-3.9196241,-0.14521015,0.29190782,-0.94535899,0
2.7228458,4.0228,-0.84726477,0.14813372,0.95113081,0.27093613,0
3.040545,2.5495486,1.2002821,0.9782486,-0.1006968,-0.1813553,0
0.96255374,0.23176005,-3.2496855,-0.14521015,0.29190782,-0.94535899,0
2.6093862,-1.7140791,1.2419333,0.9782486,-0.1006968,-0.1813553,0
-0.41766977,-4.0673199,-0.25679445,-0.14813372,-0.95113081,-0.27093613,0
0.50852728,-1.0381166,2.7747359,0.14521015,-0.29190782,0.94535899,0
-2.4181528,3.7397037,-1.6472161,-0.14521015,0.29190782,-0.94535899,0
1.4005871,2.4558282,3.7165723,0.14521015,-0.29190782,0.94535899,0
-1.831876,-4.2257338,1.0725362,-0.14813372,-0.95113081,-0.27093613,0
1.8084044,-4.3346567,-0.53540039,-0.14813372,-0.95113081,-0.27093613,0
0.035257578,-2.5650449,2.3759472,0.14521015,-0.29190782,0.94535899,0
2.9897435,2.7990537,0.78771687,0.9782486,-0.1006968,-0.1813553,0
1.5798341,-3.9831257,1.7008204,0.14521015,-0.29190782,0.94535899,0
0.53485537,2.6356905,3.9050894,0.14521015,-0.29190782,0.94535899,0
-2.6329563,1.6557395,-1.3366803,-0.9782486,0.1006968,0.1813553,0
1.5319612,-2.5807211,-4.0886078,0.9782486,-0.1006968,-0.1813553,0
2.2941165,4.3790975,-1.8636527,0.14813372,0.95113081,0.27093613,0
-2.7185316,0.62042069,-1.2234229,-0.9782486,0.1006968,0.1813553,0
1.3543739,-2.4219334,2.2175167,0.14521015,-0.29190782,0.94535899,0
0.031902671,4.5580359,-1.7708678,-0.14521015,0.29190782,-0.94535899,0
-1.4607303,-0.60205507,3.2118673,0.14521015,-0.29190782,0.94535899,0
0.14817715,-2.5053039,-3.9697449,-0.14521015,0.29190782,-0.94535899,0
-0.17749,-2.8008788,2.3358052,0.14521015,-0.29190782,0.94535899,0
2.652663,2.6581514,-0.95229292,0.9782486,-0.1006968,-0.1813553,0
1.5244226,2.7077541,3.7753408,0.14521015,-0.29190782,0.94535899,0
3.4626808,2.6638782,3.4138451,0.9782486,-0.1006968,-0.1813553,0
1.5329113,-2.9602048,-3.8727741,0.9782486,-0.1006968,-0.1813553,0
-2.2682557,-2.4795737,2.7561662,0.14521015,-0.29190782,0.94535899,0
2.7872124,-0.70647383,1.6416767,0.9782486,-0.1006968,-0.1813553,0
2.8546071,3.5062582,0.89403129,0.14813372,0.95113081,0.27093613,0
-1.744796,4.4477425,0.10362959,0.14813372,0.95113081,0.27093613,0
1.3054345,-3.1974421,1.9855725,0.14521015,-0.29190782,0.94535899,0
1.544928,2.7925494,-2.54842,-0.14521015,0.29190782,-0.94535899,0
2.4736974,4.1357312,-1.1074929,0.14813372,0.95113081,0.27093613,0
-2.7963033,0.48069239,-1.5653505,-0.9782486,0.1006968,0.1813553,0
2.5917373,-1.1005418,0.80606878,0.9782486,-0.1006968,-0.1813553,0
-2.5081639,0.5310123,-0.039036512,-0.9782486,0.1006968,0.1813553,0
2.1921625,-0.98553538,2.5323601,0.14521015,-0.29190782,0.94535899,0
0.090332747,-0.18598694,-3.2447014,-0.14521015,0.29190782,-0.94535899,0
-1.8629233,4.1849279,-1.5950251,-0.14521015,0.29190782,-0.94535899,0
0.51293659,-3.4600463,2.0262163,0.14521015,-0.29190782,0.94535899,0
-0.26052499,-3.7159743,-1.5761232,-0.14813372,-0.95113081,-0.27093613,0
-2.3334126,0.8305583,0.73726749,-0.9782486,0.1006968,0.1813553,0
-1.8595364,3.0684714,-1.9402838,-0.14521015,0.29190782,-0.94535899,0
-1.910531,4.8530235,-1.2285061,0.14813372,0.95113081,0.27093613,0
-2.5305483,2.1234283,-1.0439632,-0.9782486,0.1006968,0.1813553,0
2.4969935,3.9171124,-0.35276103,0.14813372,0.95113081,0.27093613,0
2.1170948,-2.382257,-1.0425322,0.9782486,-0.1006968,-0.1813553,0
-1.9586321,0.08763051,3.1713805,-0.9782486,0.1006968,0.1813553,0
-1.633579,-0.87559831,3.1539531,0.14521015,-0.29190782,0.94535899,0
-2.0572445,-4.3670912,1.6919954,-0.14813372,-0.95113081,-0.27093613,0
-2.5135219,-0.44060993,-2.9233632,-0.14521015,0.29190782,-0.94535899,0
-1.3837717,4.7794647,-1.2582793,0.14813372,0.95113081,0.27093613,0
-1.0477403,-4.5368743,1.7360816,-0.14813372,-0.95113081,-0.27093613,0
3.0852895,0.46745324,2.5977163,0.9782486,-0.1006968,-0.1813553,0
-1.3072551,4.1564522,0.88699055,0.14813372,0.95113081,0.27093613,0
0.76510382,-3.6036456,-2.5312171,-0.14813372,-0.95113081,-0.27093613,0
-1.1877408,2.4127498,-2.2459476,-0.14521015,0.29190782,-0.94535899,0
-2.1848748,1.0945429,1.3919197,-0.9782486,0.1006968,0.1813553,0
0.67785883,3.1368074,3.3811336,0.14813372,0.95113081,0.27093613,0
1.5543232,0.53523833,-3.2468753,-0.14521015,0.29190782,-0.94535899,0
-2.6576099,-0.72771883,-0.14625792,-0.9782486,0.1006968,0.1813553,0
1.6507659,-1.8122079,2.360261,0.14521015,-0.29190782,0.94535899,0
-1.0113802,-0.11681581,-3.054116,-0.14521015,0.29190782,-0.94535899,0
0.44382989,-4.2568917,-0.062320232,-0.14813372,-0.95113081,-0.27093613,0
2.9444842,1.0541437,1.5124409,0.9782486,-0.1006968,-0.1813553,0
2.8920314,3.603101,0.53360057,0.14813372,0.95113081,0.27093613,0
0.92334211,2.47998,-2.5494578,-0.14521015,0.29190782,-0.94535899,0
1.2029371,4.0814581,-0.2221818,0.14813372,0.95113081,0.27093613,0
-2.4144418,-2.4555261,2.1247749,-0.9782486,0.1006968,0.1813553,0
-2.9357231,-0.22588611,-2.7922096,-0.14521015,0.29190782,-0.94535899,0
-1.5607387,-4.3981562,1.5295861,-0.14813372,-0.95113081,-0.27093613,0
-2.1345911,4.6370654,-0.34787226,0.14813372,0.95113081,0.27093613,0
1.8058693,-0.37393641,2.7805457,0.14521015,-0.29190782,0.94535899,0
-3.0733044,-0.46719575,-2.845588,-0.14521015,0.29190782,-0.94535899,0
0.20487094,-4.3351755,1.8033135,0.14521015,-0.29190782,0.94535899,0
-0.50491065,-4.2439556,0.41098833,-0.14813372,-0.95113081,-0.27093613,0
-2.2885206,-3.2409673,-2.1348517,-0.14813372,-0.95113081,-0.27093613,0
2.5127616,3.6706126,0.50396371,0.14813372,0.95113081,0.27093613,0
-2.0366974,4.3893204,0.36178923,-0.9782486,0.1006968,0.1813553,0
-2.7099452,-3.8854873,0.35817051,-0.14813372,-0.95113081,-0.27093613,0
