3.0854452,-2.0112107,-2.0434172,0.59790957,-0.80127907,-0.021357417,0
-1.5919532,-3.6692309,0.41374779,-0.79385018,-0.59563315,0.12256867,0
-3.1531847,-1.1241682,2.6699498,-0.79385018,-0.59563315,0.12256867,0
-0.14555822,-3.1638174,-2.3236887,-0.11093286,-0.056330323,-0.9922303,0
1.0651859,4.6800995,1.0869038,0.79385018,0.59563315,-0.12256867,0
-0.99465299,3.3038967,2.4432135,0.11093286,0.056330323,0.9922303,0
-3.3921256,-1.7649708,-1.9916569,-0.79385018,-0.59563315,0.12256867,0
3.4870596,1.6344552,1.9722705,0.79385018,0.59563315,-0.12256867,0
1.6442946,3.5228643,-0.78602242,0.79385018,0.59563315,-0.12256867,0
-1.8704212,-3.3486621,0.16800261,-0.79385018,-0.59563315,0.12256867,0
2.3816082,2.3658321,-1.6333064,0.79385018,0.59563315,-0.12256867,0
4.5588627,-0.52302885,2.0395823,0.11093286,0.056330323,0.9922303,0
-1.1668838,-4.2847557,0.17562938,-0.79385018,-0.59563315,0.12256867,0
1.151973,4.0026522,-1.6431122,0.79385018,0.59563315,-0.12256867,0
0.048329487,-3.7223911,-2.3136544,-0.11093286,-0.056330323,-0.9922303,0
2.0892251,1.0850861,-2.8147576,-0.11093286,-0.056330323,-0.9922303,0
0.45520949,4.7064385,0.047012806,-0.59790957,0.80127907,0.021357417,0
-2.641659,-2.476366,-0.58813685,-0.79385018,-0.59563315,0.12256867,0
4.1437902,-1.0215895,-2.9248619,-0.11093286,-0.056330323,-0.9922303,0
-1.2551039,-0.43085074,2.6843593,0.11093286,0.056330323,0.9922303,0
0.60740244,-3.9443605,1.1098971,0.59790957,-0.80127907,-0.021357417,0
1.0175261,-3.6281378,0.72756863,0.59790957,-0.80127907,-0.021357417,0
-3.3592038,1.0277164,2.8367965,0.11093286,0.056330323,0.9922303,0
2.0010462,2.9942589,-1.0442252,0.79385018,0.59563315,-0.12256867,0
-0.34701231,-0.72341156,-2.4397111,-0.11093286,-0.056330323,-0.9922303,0
2.4182267,-2.5520344,-0.43205762,0.59790957,-0.80127907,-0.021357417,0
2.4402084,2.7603536,0.66344655,0.79385018,0.59563315,-0.12256867,0
-3.1696572,1.97123,1.1858566,-0.59790957,0.80127907,0.021357417,0
-2.2908301,-2.7762985,0.22655654,-0.79385018,-0.59563315,0.12256867,0
0.22603327,4.4910383,1.7124128,-0.59790957,0.80127907,0.021357417,0
-4.6035676,0.031893015,-2.0067015,-0.11093286,-0.056330323,-0.9922303,0
-1.6387584,3.1580834,-0.48391151,-0.59790957,0.80127907,0.021357417,0
-2.7436481,-2.5311608,-1.5149771,-0.79385018,-0.59563315,0.12256867,0
4.5924811,-0.32696891,-0.39987099,0.79385018,0.59563315,-0.12256867,0
-0.35088372,-4.6207871,-0.33978891,0.59790957,-0.80127907,-0.021357417,0
2.6929991,-2.41289,2.0399413,0.59790957,-0.80127907,-0.021357417,0
-2.0669737,-2.9166565,0.99434483,-0.79385018,-0.59563315,0.12256867,0
0.92231798,-3.7420409,2.3355539,0.59790957,-0.80127907,-0.021357417,0
-3.2155252,-1.5691228,0.10388714,-0.79385018,-0.59563315,0.12256867,0
-1.6703829,3.1505988,-1.0884507,-0.59790957,0.80127907,0.021357417,0
-3.8842063,1.4874252,-0.66703701,-0.59790957,0.80127907,0.021357417,0
1.8359784,-2.0980601,2.4334214,0.11093286,0.056330323,0.9922303,0
1.8279188,-3.0703275,2.4871457,0.59790957,-0.80127907,-0.021357417,0
1.573213,-3.1967134,0.098233223,0.59790957,-0.80127907,-0.021357417,0
3.2929721,1.6394037,0.73925745,0.79385018,0.59563315,-0.12256867,0
-4.1459455,-0.11642456,1.1372745,-0.79385018,-0.59563315,0.12256867,0
0.64741671,4.8234963,1.0361912,-0.59790957,0.80127907,0.021357417,0
-1.2350264,3.3435457,-2.571317,-0.11093286,-0.056330323,-0.9922303,0
-2.1471977,-1.2515402,2.8306887,0.11093286,0.056330323,0.9922303,0
-0.19782448,-4.4623895,-1.9975476,0.59790957,-0.80127907,-0.021357417,0
-0.48916006,-4.7075815,-0.95457006,0.59790957,-0.80127907,-0.021357417,0
3.5337389,0.66027522,-2.4595139,0.79385018,0.59563315,-0.12256867,0
1.2771649,4.135664,-0.18588853,0.79385018,0.59563315,-0.12256867,0
0.10700434,-0.21063232,-2.5195823,-0.11093286,-0.056330323,-0.9922303,0
-3.7196267,-0.85467112,0.31087318,-0.79385018,-0.59563315,0.12256867,0
3.519536,-1.0273838,2.1844134,0.11093286,0.056330323,0.9922303,0
-1.4685776,-4.3374853,-2.03462,-0.79385018,-0.59563315,0.12256867,0
3.2854311,1.8259627,1.5970161,0.79385018,0.59563315,-0.12256867,0
-0.62312186,3.8846145,0.69154096,-0.59790957,0.80127907,0.021357417,0
4.2547331,0.50025302,2.015491,0.11093286,0.056330323,0.9922303,0
-1.2609992,-4.1037283,0.44578576,-0.79385018,-0.59563315,0.12256867,0
0.73519641,-3.3921125,-2.409198,-0.11093286,-0.056330323,-0.9922303,0
2.5136633,1.9774929,-2.6651809,0.79385018,0.59563315,-0.12256867,0
3.284529,-1.8476474,-2.6065006,0.59790957,-0.80127907,-0.021357417,0
3.0242696,2.1638722,2.0586123,0.11093286,0.056330323,0.9922303,0
3.7062719,-1.5638983,-1.4452045,0.59790957,-0.80127907,-0.021357417,0
-0.59744763,3.9542646,-1.2027938,-0.59790957,0.80127907,0.021357417,0
-1.29073,1.6974392,-2.4716372,-0.11093286,-0.056330323,-0.9922303,0
4.5610733,-0.49636745,-1.4264976,0.79385018,0.59563315,-0.12256867,0
-0.91523695,-4.5459089,0.53639388,-0.79385018,-0.59563315,0.12256867,0
3.7694967,-1.5402684,-0.56173563,0.59790957,-0.80127907,-0.021357417,0
-2.9073434,2.1539867,1.6728323,-0.59790957,0.80127907,0.021357417,0
2.7044029,-2.3913529,1.5511687,0.59790957,-0.80127907,-0.021357417,0
-2.0950131,-2.5249674,2.7161846,-0.79385018,-0.59563315,0.12256867,0
3.3850927,1.674643,1.5071492,0.79385018,0.59563315,-0.12256867,0
-2.3347368,-0.99133396,2.8368835,0.11093286,0.056330323,0.9922303,0
0.37265766,-4.0540233,-1.3475766,0.59790957,-0.80127907,-0.021357417,0
0.65610588,-3.9141688,1.3406677,0.59790957,-0.80127907,-0.021357417,0
-0.77804935,3.8515229,-2.4041805,-0.59790957,0.80127907,0.021357417,0
-2.6351044,-2.6444201,-2.0748403,-0.11093286,-0.056330323,-0.9922303,0
-3.274286,-1.4289341,-2.0723839,-0.11093286,-0.056330323,-0.9922303,0
-1.6394881,-3.1653044,2.5547478,-0.79385018,-0.59563315,0.12256867,0
0.98419756,2.5037165,2.2674024,0.11093286,0.056330323,0.9922303,0
-4.0098224,-0.81230676,-1.3627894,-0.79385018,-0.59563315,0.12256867,0
-1.1263877,2.1699889,2.5223155,0.11093286,0.056330323,0.9922303,0
-2.7966638,2.3100517,-1.083827,-0.59790957,0.80127907,0.021357417,0
-0.060142159,0.28640652,-2.5291123,-0.11093286,-0.056330323,-0.9922303,0
-2.1709137,-3.2035637,-2.0949943,-0.11093286,-0.056330323,-0.9922303,0
1.1319166,1.0510076,2.3333595,0.11093286,0.056330323,0.9922303,0
0.89751786,-3.6987634,0.017586946,0.59790957,-0.80127907,-0.021357417,0
-0.20548606,4.2170815,-0.08993721,-0.59790957,0.80127907,0.021357417,0
2.0120766,1.7919741,2.1928906,0.11093286,0.056330323,0.9922303,0
-0.57128739,1.8696523,-2.5618486,-0.11093286,-0.056330323,-0.9922303,0
-1.4793441,-0.09623003,2.690433,0.11093286,0.056330323,0.9922303,0
1.9979417,-1.9732898,2.4082303,0.11093286,0.056330323,0.9922303,0
-1.4513056,0.7024529,2.6419559,0.11093286,0.056330323,0.9922303,0
1.6670452,-1.7389421,-2.6072328,-0.11093286,-0.056330323,-0.9922303,0
-0.85424805,-3.9217615,2.8377271,0.11093286,0.056330323,0.9922303,0
-1.8191299,-1.6846761,-2.2205539,-0.11093286,-0.056330323,-0.9922303,0
1.1500322,-2.1002371,2.5102353,0.11093286,0.056330323,0.9922303,0
-3.6096289,1.6436875,1.1572649,-0.59790957,0.80127907,0.021357417,0
-0.77335972,-0.60358977,-2.3988473,-0.11093286,-0.056330323,-0.9922303,0
0.84319425,-3.6948328,-1.6506677,0.59790957,-0.80127907,-0.021357417,0
-2.0897102,2.8166015,-0.29691243,-0.59790957,0.80127907,0.021357417,0
-0.66926575,-4.4395838,2.6461926,-0.79385018,-0.59563315,0.12256867,0
2.3125694,-2.6114974,-1.1590583,0.59790957,-0.80127907,-0.021357417,0
1.3580813,-2.3608909,2.5017724,0.11093286,0.056330323,0.9922303,0
-0.98473787,-4.2547741,1.5010474,-0.79385018,-0.59563315,0.12256867,0
-0.70017743,3.150331,-2.6201444,-0.11093286,-0.056330323,-0.9922303,0
0.47988403,-4.013947,0.15070724,0.59790957,-0.80127907,-0.021357417,0
-1.263695,-2.679523,-2.2261732,-0.11093286,-0.056330323,-0.9922303,0
2.7101955,-2.2884898,-2.1458478,0.59790957,-0.80127907,-0.021357417,0
2.5631461,-2.4405406,-0.55797195,0.59790957,-0.80127907,-0.021357417,0
4.7191348,-0.22865684,0.89819145,0.79385018,0.59563315,-0.12256867,0
0.47683728,-2.9590304,-2.4048996,-0.11093286,-0.056330323,-0.9922303,0
1.7098991,1.6783053,2.2331276,0.11093286,0.056330323,0.9922303,0
-1.6815472,3.0650077,1.8101861,-0.59790957,0.80127907,0.021357417,0
-1.987378,-2.1635654,-2.174556,-0.11093286,-0.056330323,-0.9922303,0
2.4706466,-2.4965503,-1.0461853,0.59790957,-0.80127907,-0.021357417,0
-2.6070981,-2.2244017,0.86015075,-0.79385018,-0.59563315,0.12256867,0
0.65992063,-1.2955325,2.5193458,0.11093286,0.056330323,0.9922303,0
1.9787219,2.7544692,2.1419773,0.11093286,0.056330323,0.9922303,0
-0.69723177,-4.4306479,2.5084884,-0.79385018,-0.59563315,0.12256867,0
-2.0820286,-3.4351454,-1.6228067,-0.79385018,-0.59563315,0.12256867,0
-0.54325473,3.3334284,2.3910699,0.11093286,0.056330323,0.9922303,0
0.68337011,-3.9106407,1.9715531,0.59790957,-0.80127907,-0.021357417,0
2.1036122,2.5095868,-2.7352369,0.79385018,0.59563315,-0.12256867,0
-2.5265572,-2.183816,1.5790263,-0.79385018,-0.59563315,0.12256867,0
0.94348925,-3.614996,-1.8381739,0.59790957,-0.80127907,-0.021357417,0
-2.1952538,-3.3603015,-1.9924295,-0.79385018,-0.59563315,0.12256867,0
-4.5198832,-0.058647498,-1.0038656,-0.79385018,-0.59563315,0.12256867,0
-4.9118485,0.35119689,-1.5508642,-0.79385018,-0.59563315,0.12256867,0
0.040788412,-4.4082508,2.6513767,0.59790957,-0.80127907,-0.021357417,0
-2.0882747,2.2585416,-2.414325,-0.11093286,-0.056330323,-0.9922303,0
4.0153074,0.7743336,1.2137806,0.79385018,0.59563315,-0.12256867,0
-0.20271468,-4.2514558,2.7836018,0.11093286,0.056330323,0.9922303,0
4.9757872,-0.61247456,0.69527745,0.79385018,0.59563315,-0.12256867,0
-0.59485185,-2.3536913,-2.3194489,-0.11093286,-0.056330323,-0.9922303,0
-2.956054,2.2162366,-2.0262949,-0.59790957,0.80127907,0.021357417,0
-0.2551651,3.5914383,-2.6949401,-0.11093286,-0.056330323,-0.9922303,0
0.3830837,2.3218195,-2.6942191,-0.11093286,-0.056330323,-0.9922303,0
-2.4496422,2.5551591,-0.56465888,-0.59790957,0.80127907,0.021357417,0
-0.73892897,-0.010188818,-2.4363849,-0.11093286,-0.056330323,-0.9922303,0
-0.97577405,-4.5964656,-0.10137606,-0.79385018,-0.59563315,0.12256867,0
-0.11142218,-4.4961438,1.6877065,0.59790957,-0.80127907,-0.021357417,0
4.4075103,0.21804982,1.0506831,0.79385018,0.59563315,-0.12256867,0
-2.4556406,-2.6151276,-0.057658434,-0.79385018,-0.59563315,0.12256867,0
1.7450129,-3.1141205,1.8091536,0.59790957,-0.80127907,-0.021357417,0
4.3288398,-1.0932364,-1.6742663,0.59790957,-0.80127907,-0.021357417,0
1.0391001,4.4860444,-0.025077343,0.79385018,0.59563315,-0.12256867,0
0.40529585,4.6298356,1.5236063,-0.59790957,0.80127907,0.021357417,0
1.9301463,3.1002035,-0.98858261,0.79385018,0.59563315,-0.12256867,0
4.1317344,0.67591268,1.4895654,0.79385018,0.59563315,-0.12256867,0
-1.708431,1.4729807,2.6269588,0.11093286,0.056330323,0.9922303,0
1.9911627,3.5977418,1.824441,0.79385018,0.59563315,-0.12256867,0
-2.8998895,1.5940948,2.7532899,0.11093286,0.056330323,0.9922303,0
-1.9380536,2.9250648,-0.12049413,-0.59790957,0.80127907,0.021357417,0
2.9095352,-0.96312928,-2.7901893,-0.11093286,-0.056330323,-0.9922303,0
4.1708989,0.51408422,0.95680678,0.79385018,0.59563315,-0.12256867,0
1.5760819,2.3129601,2.2120583,0.11093286,0.056330323,0.9922303,0
1.3469911,3.0346744,-2.8424556,-0.11093286,-0.056330323,-0.9922303,0
-0.39516699,-1.6109447,-2.3839409,-0.11093286,-0.056330323,-0.9922303,0
-4.1676164,1.240532,0.66160989,-0.59790957,0.80127907,0.021357417,0
-2.8036351,2.2120709,2.3970103,-0.59790957,0.80127907,0.021357417,0
-1.1784382,-4.2511377,0.26416373,-0.79385018,-0.59563315,0.12256867,0
1.2375455,4.0577841,-0.82095838,0.79385018,0.59563315,-0.12256867,0
-1.265394,-2.4127593,-2.2411282,-0.11093286,-0.056330323,-0.9922303,0
-0.059777617,0.26911211,-2.5281715,-0.11093286,-0.056330323,-0.9922303,0
0.34635079,2.4268932,-2.6960778,-0.11093286,-0.056330323,-0.9922303,0
-2.6489153,1.4727314,2.7321208,0.11093286,0.056330323,0.9922303,0
-0.46833003,4.0827589,-2.4088709,-0.59790957,0.80127907,0.021357417,0
-3.4756169,1.7779567,-0.12845731,-0.59790957,0.80127907,0.021357417,0
-2.3415244,-2.1626313,2.8803942,-0.79385018,-0.59563315,0.12256867,0
2.3084993,-2.6919248,1.7444251,0.59790957,-0.80127907,-0.021357417,0
-3.9201896,1.4540718,-0.42307973,-0.59790957,0.80127907,0.021357417,0
-1.2987573,-3.1444335,-2.1958594,-0.11093286,-0.056330323,-0.9922303,0
-3.9453597,1.3543828,2.612365,-0.59790957,0.80127907,0.021357417,0
-2.7031379,-2.09693,0.85758191,-0.79385018,-0.59563315,0.12256867,0
1.7631675,3.0097396,2.1515846,0.11093286,0.056330323,0.9922303,0
-0.39506924,-4.6813631,0.69587564,0.59790957,-0.80127907,-0.021357417,0
2.2338121,-2.6868913,-0.53531647,0.59790957,-0.80127907,-0.021357417,0
-2.167799,-3.1082747,-0.58986604,-0.79385018,-0.59563315,0.12256867,0
3.6044292,1.2069161,0.65478384,0.79385018,0.59563315,-0.12256867,0
3.0209248,-2.0636072,-1.8839048,0.59790957,-0.80127907,-0.021357417,0
-1.5339887,3.2429767,-0.73582625,-0.59790957,0.80127907,0.021357417,0
-0.83360267,-0.38390899,-2.4045837,-0.11093286,-0.056330323,-0.9922303,0
-2.4293368,-2.6974814,-0.28750145,-0.79385018,-0.59563315,0.12256867,0
4.5726666,-0.90185165,-2.0285368,0.59790957,-0.80127907,-0.021357417,0
-0.52665985,-4.7169447,-1.6531208,0.59790957,-0.80127907,-0.021357417,0
1.2758088,4.0148096,-0.78197384,0.79385018,0.59563315,-0.12256867,0
-1.7977258,-3.0242319,2.2154312,-0.79385018,-0.59563315,0.12256867,0
1.5910275,-3.1229749,2.5189934,0.11093286,0.056330323,0.9922303,0
-0.5524649,-2.1776214,-2.3341837,-0.11093286,-0.056330323,-0.9922303,0
3.4538689,-1.7709512,-0.74321651,0.59790957,-0.80127907,-0.021357417,0
-5.0022349,0.46715781,-1.5727539,-0.79385018,-0.59563315,0.12256867,0
0.88852394,1.2680267,-2.6909032,-0.11093286,-0.056330323,-0.9922303,0
-1.707527,-3.8427081,-1.1778284,-0.79385018,-0.59563315,0.12256867,0
3.9628866,0.55949342,-0.16977262,0.79385018,0.59563315,-0.12256867,0
4.1814065,0.14567256,-0.76546836,0.79385018,0.59563315,-0.12256867,0
-0.58784902,1.7157316,-2.551259,-0.11093286,-0.056330323,-0.9922303,0
-1.9396838,1.7420611,2.637537,0.11093286,0.056330323,0.9922303,0
-1.7983975,3.0256245,0.016463995,-0.59790957,0.80127907,0.021357417,0
-2.5051901,2.4559083,1.6039114,-0.59790957,0.80127907,0.021357417,0
0.1996094,4.5184336,-0.055133343,-0.59790957,0.80127907,0.021357417,0
0.74859935,-0.47842503,-2.5761106,-0.11093286,-0.056330323,-0.9922303,0
-1.4522624,3.300817,-0.61790562,-0.59790957,0.80127907,0.021357417,0
-2.6932757,-2.5630019,-1.3434618,-0.79385018,-0.59563315,0.12256867,0
-3.1420147,0.96477407,-2.2230663,-0.11093286,-0.056330323,-0.9922303,0
2.539397,-2.4787836,0.2119627,0.59790957,-0.80127907,-0.021357417,0
0.45594883,4.7578373,-1.8606696,-0.59790957,0.80127907,0.021357417,0
0.91284072,-0.052116871,2.4204786,0.11093286,0.056330323,0.9922303,0
0.45120931,3.5105844,2.26983,0.11093286,0.056330323,0.9922303,0
-0.39724457,-4.6762638,0.44366837,0.59790957,-0.80127907,-0.021357417,0
2.7689085,2.5822568,2.06341,0.11093286,0.056330323,0.9922303,0
-4.851398,0.54479289,-0.21854186,-0.79385018,-0.59563315,0.12256867,0
-2.0155649,-2.8644955,1.580788,-0.79385018,-0.59563315,0.12256867,0
1.8329479,-1.2789328,2.3872576,0.11093286,0.056330323,0.9922303,0
-4.7985477,0.28973413,-1.1157241,-0.79385018,-0.59563315,0.12256867,0
3.3761437,1.3539732,-0.10913403,0.79385018,0.59563315,-0.12256867,0
3.8525407,-1.5005658,0.27355742,0.59790957,-0.80127907,-0.021357417,0
-4.2297087,-0.34328875,-0.50770593,-0.79385018,-0.59563315,0.12256867,0
4.6914396,-0.83178943,2.0422883,0.11093286,0.056330323,0.9922303,0
-4.9593148,0.37351239,-1.7498488,-0.79385018,-0.59563315,0.12256867,0
0.33224368,4.3710451,-2.804873,-0.11093286,-0.056330323,-0.9922303,0
2.2781043,2.6680729,-0.83491206,0.79385018,0.59563315,-0.12256867,0
-4.3349051,-0.0012745857,0.47300506,-0.79385018,-0.59563315,0.12256867,0
0.58194208,4.7862964,0.59887362,-0.59790957,0.80127907,0.021357417,0
4.5644112,0.19900906,1.9743649,0.79385018,0.59563315,-0.12256867,0
-1.930023,-0.89916015,2.7864032,0.11093286,0.056330323,0.9922303,0
-0.090759277,4.3423204,-1.5767794,-0.59790957,0.80127907,0.021357417,0
-2.4565277,-2.196104,1.9728767,-0.79385018,-0.59563315,0.12256867,0
-3.146342,2.0191472,0.040834188,-0.59790957,0.80127907,0.021357417,0
0.39043093,4.6665082,-0.26840401,-0.59790957,0.80127907,0.021357417,0
-2.0605171,-1.321913,2.8249927,0.11093286,0.056330323,0.9922303,0
3.4008703,-1.8742659,1.6491973,0.59790957,-0.80127907,-0.021357417,0
0.99320465,-3.613188,-0.51419377,0.59790957,-0.80127907,-0.021357417,0
-0.48282707,1.0867798,-2.5272942,-0.11093286,-0.056330323,-0.9922303,0
-1.3747566,3.3650188,-0.85678649,-0.59790957,0.80127907,0.021357417,0
-0.60025126,3.9251766,-0.18996572,-0.59790957,0.80127907,0.021357417,0
-3.2658074,-1.4041642,0.5798499,-0.79385018,-0.59563315,0.12256867,0
-0.00062024593,4.4155655,-1.8012652,-0.59790957,0.80127907,0.021357417,0
0.12224042,-0.03289938,2.5077779,0.11093286,0.056330323,0.9922303,0
-0.61861837,-4.8324165,0.10469246,0.59790957,-0.80127907,-0.021357417,0
2.7103534,-2.3486984,0.1174674,0.59790957,-0.80127907,-0.021357417,0
-3.9561591,-0.78248715,-0.87031037,-0.79385018,-0.59563315,0.12256867,0
-2.6317425,-2.5400002,-0.83314502,-0.79385018,-0.59563315,0.12256867,0
-2.3345346,1.3737632,-2.3365629,-0.11093286,-0.056330323,-0.9922303,0
-0.017253876,-2.669085,2.6730335,0.11093286,0.056330323,0.9922303,0
2.3084869,1.2293661,-2.8474622,-0.11093286,-0.056330323,-0.9922303,0
0.81431484,4.2433901,-2.6601651,0.79385018,0.59563315,-0.12256867,0
1.7787452,-3.1071694,2.4927218,0.59790957,-0.80127907,-0.021357417,0
-3.3064904,1.8982817,0.091993093,-0.59790957,0.80127907,0.021357417,0
2.7838628,2.2181542,0.25435513,0.79385018,0.59563315,-0.12256867,0
-4.5018678,0.22229528,0.4780823,-0.79385018,-0.59563315,0.12256867,0
3.7954533,-1.5025609,-1.2497773,0.59790957,-0.80127907,-0.021357417,0
-2.7573662,-2.5916276,-1.8976712,-0.79385018,-0.59563315,0.12256867,0
4.7707295,-0.46124238,0.10209274,0.79385018,0.59563315,-0.12256867,0
-1.9853464,2.9275062,-1.5360699,-0.59790957,0.80127907,0.021357417,0
0.37277842,3.7089005,2.2673397,0.11093286,0.056330323,0.9922303,0
-1.8559844,3.0307231,-1.7869902,-0.59790957,0.80127907,0.021357417,0
1.0749891,0.59359169,-2.6734612,-0.11093286,-0.056330323,-0.9922303,0
-4.4061146,1.0260503,2.0315979,-0.59790957,0.80127907,0.021357417,0
2.8038747,2.4518762,1.5197622,0.79385018,0.59563315,-0.12256867,0
4.4933691,-0.53797555,-2.067203,0.79385018,0.59563315,-0.12256867,0
-1.882049,-3.7653589,-1.9322855,-0.79385018,-0.59563315,0.12256867,0
-1.0079635,-3.3942528,-2.2141881,-0.11093286,-0.056330323,-0.9922303,0
-0.4231692,4.0665312,-0.53576803,-0.59790957,0.80127907,0.021357417,0
-1.1054201,3.4805326,2.3495774,-0.59790957,0.80127907,0.021357417,0
-1.666446,-3.8334875,-0.86694741,-0.79385018,-0.59563315,0.12256867,0
-1.1717131,0.25717425,-2.4031777,-0.11093286,-0.056330323,-0.9922303,0
-4.3505669,0.23355436,1.5127385,-0.79385018,-0.59563315,0.12256867,0
0.38366079,4.7097044,-2.078546,-0.59790957,0.80127907,0.021357417,0
0.97810328,4.7242727,0.73755455,0.79385018,0.59563315,-0.12256867,0
-3.687139,-0.41084599,2.6780977,-0.79385018,-0.59563315,0.12256867,0
-2.0912323,0.49598145,2.7252226,0.11093286,0.056330323,0.9922303,0
4.1937914,-1.2134583,-0.94457269,0.59790957,-0.80127907,-0.021357417,0
-4.2657022,-0.51455241,-1.573102,-0.79385018,-0.59563315,0.12256867,0
-1.5424562,-4.0016341,-0.88101625,-0.79385018,-0.59563315,0.12256867,0
-1.8359442,3.054039,-2.1007133,-0.59790957,0.80127907,0.021357417,0
2.5515265,1.9085512,-2.7549796,0.79385018,0.59563315,-0.12256867,0
-0.29268211,2.2138476,2.4266157,0.11093286,0.056330323,0.9922303,0
0.2561186,2.7948666,2.3322735,0.11093286,0.056330323,0.9922303,0
3.1921506,-2.0355129,1.8555954,0.59790957,-0.80127907,-0.021357417,0
-0.25870132,-4.6173239,2.1109476,0.59790957,-0.80127907,-0.021357417,0
-2.0030439,1.7679064,2.6431537,0.11093286,0.056330323,0.9922303,0
1.7601311,-2.987726,-2.5096245,0.59790957,-0.80127907,-0.021357417,0
-4.5240302,0.16319335,0.04733026,-0.79385018,-0.59563315,0.12256867,0
-3.2999706,-1.1167929,1.7550875,-0.79385018,-0.59563315,0.12256867,0
-0.73169887,-4.2356777,-2.1973062,-0.11093286,-0.056330323,-0.9922303,0
-3.3555443,1.7950013,2.5935473,-0.59790957,0.80127907,0.021357417,0
1.8965786,0.71575952,2.2669017,0.11093286,0.056330323,0.9922303,0
-1.4364464,0.61204624,2.6454272,0.11093286,0.056330323,0.9922303,0
-1.094766,-4.7526345,-1.6309795,-0.79385018,-0.59563315,0.12256867,0
5.0745907,-0.58785695,1.454839,0.79385018,0.59563315,-0.12256867,0
0.14181721,4.4980879,-0.9097147,-0.59790957,0.80127907,0.021357417,0
0.57742763,-3.9901662,1.9892712,0.59790957,-0.80127907,-0.021357417,0
3.9643602,-1.369669,-1.5069385,0.59790957,-0.80127907,-0.021357417,0
-1.0882523,3.6205308,-2.422183,-0.59790957,0.80127907,0.021357417,0
-2.7212701,2.3824728,-1.6902061,-0.59790957,0.80127907,0.021357417,0
-3.5414796,-1.3726072,-1.0522635,-0.79385018,-0.59563315,0.12256867,0
-2.0957539,2.0458646,-2.4014149,-0.11093286,-0.056330323,-0.9922303,0
2.6473207,2.4703863,2.0833547,0.11093286,0.056330323,0.9922303,0
-1.1600854,3.4994395,0.1098752,-0.59790957,0.80127907,0.021357417,0
-3.1979318,-1.7575746,-0.69796324,-0.79385018,-0.59563315,0.12256867,0
-3.2953427,-1.1477443,1.6346512,-0.79385018,-0.59563315,0.12256867,0
1.1370385,-3.526355,0.2547195,0.59790957,-0.80127907,-0.021357417,0
2.5727787,2.788692,1.65979,0.79385018,0.59563315,-0.12256867,0
-1.7125748,3.1404505,-1.8888826,-0.59790957,0.80127907,0.021357417,0
-1.31744,3.3799272,0.18848133,-0.59790957,0.80127907,0.021357417,0
1.2568568,-1.1192627,-2.5965533,-0.11093286,-0.056330323,-0.9922303,0
-1.3798525,1.4655007,-2.4485054,-0.11093286,-0.056330323,-0.9922303,0
-0.84028125,-4.9641886,-1.1570992,0.59790957,-0.80127907,-0.021357417,0
2.8591316,-0.93804526,-2.7859778,-0.11093286,-0.056330323,-0.9922303,0
1.2551944,4.1664495,-0.17858028,0.79385018,0.59563315,-0.12256867,0
0.60990334,-2.8396847,2.6126018,0.11093286,0.056330323,0.9922303,0
1.4392713,3.7743959,-0.89157271,0.79385018,0.59563315,-0.12256867,0
1.0835528,4.2289209,-0.98667765,0.79385018,0.59563315,-0.12256867,0
1.8976218,-0.54697263,2.3384724,0.11093286,0.056330323,0.9922303,0
1.4141721,2.4192371,-2.8150268,-0.11093286,-0.056330323,-0.9922303,0
4.5500121,-0.45913887,-1.3172232,0.79385018,0.59563315,-0.12256867,0
2.3798733,2.2202513,-2.3520048,0.79385018,0.59563315,-0.12256867,0
-2.6833439,-1.7182814,2.8258619,-0.79385018,-0.59563315,0.12256867,0
-3.3988614,1.8577894,-0.97479486,-0.59790957,0.80127907,0.021357417,0
3.7946332,0.34675074,-2.2933559,0.79385018,0.59563315,-0.12256867,0
-2.8492699,2.2942126,-1.962316,-0.59790957,0.80127907,0.021357417,0
2.3924639,2.1149809,-2.7820287,0.79385018,0.59563315,-0.12256867,0
-1.5056317,-4.1192584,-1.2141187,-0.79385018,-0.59563315,0.12256867,0
3.3518229,-1.8562813,-0.3986578,0.59790957,-0.80127907,-0.021357417,0
-2.7006245,2.3631487,-0.38722634,-0.59790957,0.80127907,0.021357417,0
2.8854856,-2.2397945,0.93453932,0.59790957,-0.80127907,-0.021357417,0
4.2275624,0.22718078,-0.07042861,0.79385018,0.59563315,-0.12256867,0
-0.43678048,4.0042467,1.4199169,-0.59790957,0.80127907,0.021357417,0
-3.8893318,0.58846861,-2.1181517,-0.11093286,-0.056330323,-0.9922303,0
-2.8708358,2.2556124,-1.117871,-0.59790957,0.80127907,0.021357417,0
2.3157437,0.38999617,2.2385323,0.11093286,0.056330323,0.9922303,0
4.946466,-0.68628037,0.34841061,0.59790957,-0.80127907,-0.021357417,0
-2.2876852,2.6110294,1.8732768,-0.59790957,0.80127907,0.021357417,0
0.590343,4.8068748,0.061988831,-0.59790957,0.80127907,0.021357417,0
-3.2850897,1.8450809,2.6870952,-0.59790957,0.80127907,0.021357417,0
3.3984461,1.6150362,1.3039725,0.79385018,0.59563315,-0.12256867,0
1.4313421,-3.2581539,-1.5683875,0.59790957,-0.80127907,-0.021357417,0
1.9480392,-2.9735563,2.2193258,0.59790957,-0.80127907,-0.021357417,0
4.1159496,-1.2320855,-2.4249332,0.59790957,-0.80127907,-0.021357417,0
0.38056695,0.50896668,-2.5910194,-0.11093286,-0.056330323,-0.9922303,0
-3.3117666,-0.13194525,-2.1418252,-0.11093286,-0.056330323,-0.9922303,0
-3.7519758,-0.53125429,1.6730282,-0.79385018,-0.59563315,0.12256867,0
3.6392486,1.2443974,1.0624459,0.79385018,0.59563315,-0.12256867,0
1.5038226,-0.029708862,-2.6860199,-0.11093286,-0.056330323,-0.9922303,0
-0.37218428,-3.6488504,2.7683382,0.11093286,0.056330323,0.9922303,0
-1.6100541,-3.2687674,2.2425978,-0.79385018,-0.59563315,0.12256867,0
1.2096967,4.0542316,-1.0185935,0.79385018,0.59563315,-0.12256867,0
-2.3667479,-2.4278219,1.4283074,-0.79385018,-0.59563315,0.12256867,0
2.8735015,2.320189,1.330775,0.79385018,0.59563315,-0.12256867,0
-4.6363068,0.0065896511,-1.4408919,-0.79385018,-0.59563315,0.12256867,0
2.5612512,-2.4203963,-1.3667729,0.59790957,-0.80127907,-0.021357417,0
-4.7267957,0.78453159,1.7535115,-0.79385018,-0.59563315,0.12256867,0
4.0990829,0.38318747,-0.14443219,0.79385018,0.59563315,-0.12256867,0
-1.1227856,-1.1000067,2.7075553,0.11093286,0.056330323,0.9922303,0
0.65018535,-0.63447571,2.4829051,0.11093286,0.056330323,0.9922303,0
2.8615508,2.1804616,0.57435346,0.79385018,0.59563315,-0.12256867,0
-1.7287066,3.028681,1.852826,-0.59790957,0.80127907,0.021357417,0
0.22673315,-0.34911156,-2.5251064,-0.11093286,-0.056330323,-0.9922303,0
-0.045716703,0.58952093,2.49122,0.11093286,0.056330323,0.9922303,0
2.4368558,-2.5505838,0.035039186,0.59790957,-0.80127907,-0.021357417,0
-3.4590273,0.48077488,2.8790071,0.11093286,0.056330323,0.9922303,0
4.4026141,-1.1241357,1.550334,0.59790957,-0.80127907,-0.021357417,0
2.2740092,1.9952954,2.1520631,0.11093286,0.056330323,0.9922303,0
0.90326256,-0.92552066,-2.5680199,-0.11093286,-0.056330323,-0.9922303,0
1.0369775,3.6225226,2.1979852,0.11093286,0.056330323,0.9922303,0
4.0928445,-0.10361195,-2.5504849,0.79385018,0.59563315,-0.12256867,0
2.0813928,2.5161076,-2.8474586,0.79385018,0.59563315,-0.12256867,0
-4.1957011,1.1675529,2.6133657,-0.59790957,0.80127907,0.021357417,0
2.6481202,2.4823074,0.65885669,0.79385018,0.59563315,-0.12256867,0
0.034196347,4.3332043,2.2634418,-0.59790957,0.80127907,0.021357417,0
-3.876332,0.5505302,2.9217021,0.11093286,0.056330323,0.9922303,0
2.4674842,-2.358285,2.3775916,0.11093286,0.056330323,0.9922303,0
-0.86838889,-3.8986912,2.8379984,0.11093286,0.056330323,0.9922303,0
0.99553269,-3.6185443,-0.24806547,0.59790957,-0.80127907,-0.021357417,0
-4.3025336,1.1706929,-0.4952538,-0.59790957,0.80127907,0.021357417,0
2.3275077,-2.6152315,-0.60077429,0.59790957,-0.80127907,-0.021357417,0
-0.21919942,0.53459191,2.5137341,0.11093286,0.056330323,0.9922303,0
-1.0711076,-0.7849946,2.6838937,0.11093286,0.056330323,0.9922303,0
2.5967786,-2.3869221,-1.6280365,0.59790957,-0.80127907,-0.021357417,0
-2.9250543,2.2417378,-2.1152034,-0.59790957,0.80127907,0.021357417,0
3.0054796,-2.0653443,-2.2511177,0.59790957,-0.80127907,-0.021357417,0
0.24275351,-4.2105513,0.88825083,0.59790957,-0.80127907,-0.021357417,0
2.1535518,-2.779563,0.69458961,0.59790957,-0.80127907,-0.021357417,0
4.6062202,-0.57310939,-1.5070271,0.79385018,0.59563315,-0.12256867,0
-4.3594699,0.32997131,1.9236232,-0.79385018,-0.59563315,0.12256867,0
-2.2383776,-2.861829,0.15063691,-0.79385018,-0.59563315,0.12256867,0
-4.1357999,0.22266507,2.8508205,-0.79385018,-0.59563315,0.12256867,0
2.0056069,2.5111845,2.1527832,0.11093286,0.056330323,0.9922303,0
3.8636122,-1.5426129,2.1610162,0.59790957,-0.80127907,-0.021357417,0
-2.5326934,-1.0335889,2.8614142,0.11093286,0.056330323,0.9922303,0
1.1979311,-3.4217105,-1.9665747,0.59790957,-0.80127907,-0.021357417,0
3.5136223,-1.7049015,-1.5484245,0.59790957,-0.80127907,-0.021357417,0
0.31447577,-4.1719112,1.4464631,0.59790957,-0.80127907,-0.021357417,0
0.80967772,4.6141381,-0.8885107,0.79385018,0.59563315,-0.12256867,0
3.9279742,0.097341776,-2.6417618,0.79385018,0.59563315,-0.12256867,0
-4.693881,0.88231164,-0.6318152,-0.59790957,0.80127907,0.021357417,0
-1.5915542,1.0000398,-2.3984122,-0.11093286,-0.056330323,-0.9922303,0
1.2191746,3.9199753,-1.6096377,0.79385018,0.59563315,-0.12256867,0
4.6018066,-0.31045973,-0.25924397,0.79385018,0.59563315,-0.12256867,0
-4.2978058,1.046663,2.9406576,0.11093286,0.056330323,0.9922303,0
-0.24479395,0.90505159,-2.5435896,-0.11093286,-0.056330323,-0.9922303,0
-3.1622322,0.63643366,-2.2021654,-0.11093286,-0.056330323,-0.9922303,0
-3.5307853,-1.0676849,0.49879846,-0.79385018,-0.59563315,0.12256867,0
0.26545453,-1.594852,-2.4587128,-0.11093286,-0.056330323,-0.9922303,0
-0.064209133,-2.402137,-2.3760254,-0.11093286,-0.056330323,-0.9922303,0
1.2001449,-3.5186222,1.731288,0.59790957,-0.80127907,-0.021357417,0
1.1171659,2.8552623,-2.8065751,-0.11093286,-0.056330323,-0.9922303,0
-2.5776403,-2.2065241,1.1378196,-0.79385018,-0.59563315,0.12256867,0
-0.96083647,3.7107356,-2.2393897,-0.59790957,0.80127907,0.021357417,0
0.077935934,3.3957021,-2.7210696,-0.11093286,-0.056330323,-0.9922303,0
-0.25597885,-2.0500476,-2.3745737,-0.11093286,-0.056330323,-0.9922303,0
0.54071087,4.7192469,1.9601107,-0.59790957,0.80127907,0.021357417,0
-0.61027092,3.9217539,-0.34207249,-0.59790957,0.80127907,0.021357417,0
0.61653566,-2.9716907,-2.4197993,-0.11093286,-0.056330323,-0.9922303,0
-3.6350384,-0.43244982,2.9105558,-0.79385018,-0.59563315,0.12256867,0
1.8747427,-2.9729125,0.14321637,0.59790957,-0.80127907,-0.021357417,0
-3.7699907,1.5519886,0.10820508,-0.59790957,0.80127907,0.021357417,0
0.93678308,4.2504711,-1.8325512,0.79385018,0.59563315,-0.12256867,0
4.1492958,0.11205781,-1.136795,0.79385018,0.59563315,-0.12256867,0
-2.2101698,2.6907024,1.0542121,-0.59790957,0.80127907,0.021357417,0
-1.9387232,2.7371049,-2.458214,-0.11093286,-0.056330323,-0.9922303,0
-1.1227279,-4.779675,-1.9434869,-0.79385018,-0.59563315,0.12256867,0
3.8304033,0.85827196,0.42410237,0.79385018,0.59563315,-0.12256867,0
-4.4284577,0.27118111,1.1911087,-0.79385018,-0.59563315,0.12256867,0
0.91507852,4.3935981,-1.2775884,0.79385018,0.59563315,-0.12256867,0
1.3642628,0.77356887,-2.7160203,-0.11093286,-0.056330323,-0.9922303,0
-0.27277744,-4.6114388,1.4960866,0.59790957,-0.80127907,-0.021357417,0
4.6973596,-0.37408769,0.050426006,0.79385018,0.59563315,-0.12256867,0
-1.0942427,3.5789561,-1.0301001,-0.59790957,0.80127907,0.021357417,0
4.1160345,0.66430783,1.3314852,0.79385018,0.59563315,-0.12256867,0
-4.1118908,1.3126445,-0.48381615,-0.59790957,0.80127907,0.021357417,0
-3.5373714,-1.4113605,-1.2139817,-0.79385018,-0.59563315,0.12256867,0
0.65588689,4.5497293,-2.197582,0.79385018,0.59563315,-0.12256867,0
0.80836403,-0.92822027,-2.5572567,-0.11093286,-0.056330323,-0.9922303,0
0.32616276,4.5521851,2.2215014,-0.59790957,0.80127907,0.021357417,0
1.9272985,-2.964546,1.3006353,0.59790957,-0.80127907,-0.021357417,0
4.1303687,0.31211627,-0.28718042,0.79385018,0.59563315,-0.12256867,0
-2.8677416,-1.4541153,-2.1164067,-0.11093286,-0.056330323,-0.9922303,0
0.031405374,3.2247322,2.3329928,0.11093286,0.056330323,0.9922303,0
-0.87899005,-4.9058337,-0.97792935,-0.79385018,-0.59563315,0.12256867,0
-2.2386343,1.5083314,-2.354924,-0.11093286,-0.056330323,-0.9922303,0
0.1897441,1.7547772,2.398742,0.11093286,0.056330323,0.9922303,0
-2.8731909,-1.6511996,1.9222522,-0.79385018,-0.59563315,0.12256867,0
4.9603515,-0.63733405,0.47449613,0.79385018,0.59563315,-0.12256867,0
2.8819127,-1.235231,2.2675002,0.11093286,0.056330323,0.9922303,0
3.3629298,-1.8277477,-1.15821,0.59790957,-0.80127907,-0.021357417,0
0.38632816,-2.8131175,-2.4030643,-0.11093286,-0.056330323,-0.9922303,0
-0.79013538,-4.5589266,1.2833874,-0.79385018,-0.59563315,0.12256867,0
3.8235674,1.1648239,1.8695436,0.79385018,0.59563315,-0.12256867,0
4.5663123,-0.24588382,-0.17531979,0.79385018,0.59563315,-0.12256867,0
2.3239605,3.1345761,1.7291044,0.79385018,0.59563315,-0.12256867,0
2.3495786,-2.222919,-2.656065,-0.11093286,-0.056330323,-0.9922303,0
2.3797724,-0.57718098,2.2862821,0.11093286,0.056330323,0.9922303,0
1.6610503,1.5342804,2.2467656,0.11093286,0.056330323,0.9922303,0
-1.4361703,2.1270216,-2.4797647,-0.11093286,-0.056330323,-0.9922303,0
1.4344119,-3.3505168,1.9827893,0.59790957,-0.80127907,-0.021357417,0
1.8827103,3.6865883,1.5537747,0.79385018,0.59563315,-0.12256867,0
0.98289096,-3.693644,2.2155735,0.59790957,-0.80127907,-0.021357417,0
-1.1335254,-4.1851649,-2.1552491,-0.11093286,-0.056330323,-0.9922303,0
0.51609838,4.76825,-0.5673914,-0.59790957,0.80127907,0.021357417,0
1.9241555,2.4037719,2.1679876,0.11093286,0.056330323,0.9922303,0
0.071355581,4.4945736,-2.7504702,-0.59790957,0.80127907,0.021357417,0
-0.047333121,-1.7400918,2.6236563,0.11093286,0.056330323,0.9922303,0
-0.14696109,-4.4804268,0.1031127,0.59790957,-0.80127907,-0.021357417,0
-0.055929184,4.1526575,-2.7490764,-0.11093286,-0.056330323,-0.9922303,0
-0.42420369,0.87658501,-2.5219152,-0.11093286,-0.056330323,-0.9922303,0
-1.8335454,3.0308228,-1.1625383,-0.59790957,0.80127907,0.021357417,0
1.7283682,-3.0806699,0.088203192,0.59790957,-0.80127907,-0.021357417,0
-3.4696894,1.7613131,0.66189814,-0.59790957,0.80127907,0.021357417,0
3.1168783,1.8821362,0.77831483,0.79385018,0.59563315,-0.12256867,0
-2.4265883,-1.1689837,-2.1819155,-0.11093286,-0.056330323,-0.9922303,0
-3.0835052,-1.248836,2.5154166,-0.79385018,-0.59563315,0.12256867,0
1.1843281,-0.55359912,-2.6205578,-0.11093286,-0.056330323,-0.9922303,0
0.087083459,-4.3459954,1.611733,0.59790957,-0.80127907,-0.021357417,0
-2.3251097,-3.1535149,-1.8285809,-0.79385018,-0.59563315,0.12256867,0
1.4789487,3.4465933,-2.2275772,0.79385018,0.59563315,-0.12256867,0
-1.7092657,-3.930954,-1.6179266,-0.79385018,-0.59563315,0.12256867,0
1.5833768,3.4791873,-1.3928273,0.79385018,0.59563315,-0.12256867,0
-0.23126233,-0.11856103,2.5521631,0.11093286,0.056330323,0.9922303,0
1.5482509,-3.1767628,-1.3490763,0.59790957,-0.80127907,-0.021357417,0
0.023513436,4.406486,-0.78500223,-0.59790957,0.80127907,0.021357417,0
-0.88373548,3.7369747,-1.0653608,-0.59790957,0.80127907,0.021357417,0
2.0699308,-2.2658021,-2.6223657,-0.11093286,-0.056330323,-0.9922303,0
-4.4147286,1.121948,-1.8074031,-0.59790957,0.80127907,0.021357417,0
-4.3574624,1.1581879,-1.5638478,-0.59790957,0.80127907,0.021357417,0
-4.0706253,-0.69607908,-1.1917753,-0.79385018,-0.59563315,0.12256867,0
-3.4413474,-1.124593,0.80151969,-0.79385018,-0.59563315,0.12256867,0
-0.63617826,-1.684317,2.6863236,0.11093286,0.056330323,0.9922303,0
-2.5744975,2.0792165,-2.3497841,-0.11093286,-0.056330323,-0.9922303,0
2.5144987,2.1196263,-1.9690615,0.79385018,0.59563315,-0.12256867,0
2.2324338,2.8166308,-0.40877748,0.79385018,0.59563315,-0.12256867,0
-3.3460779,1.0044932,-2.2025065,-0.11093286,-0.056330323,-0.9922303,0
0.3154248,-1.5261481,2.5709534,0.11093286,0.056330323,0.9922303,0
-0.88333893,-3.3974414,-2.2279403,-0.11093286,-0.056330323,-0.9922303,0
4.7875719,-0.39105672,0.55224967,0.79385018,0.59563315,-0.12256867,0
-4.1353698,0.18574357,2.6741843,-0.79385018,-0.59563315,0.12256867,0
3.5124326,1.0080864,-0.90728986,0.79385018,0.59563315,-0.12256867,0
4.6601524,-0.24596882,0.43204904,0.79385018,0.59563315,-0.12256867,0
-3.8161917,1.5313576,-0.41118288,-0.59790957,0.80127907,0.021357417,0
-2.7728159,-2.3904545,-1.0201176,-0.79385018,-0.59563315,0.12256867,0
0.82252228,4.6489105,-0.63634157,0.79385018,0.59563315,-0.12256867,0
-0.39425313,-4.6414752,-0.77778482,0.59790957,-0.80127907,-0.021357417,0
-4.7089977,0.82185864,1.2130485,-0.59790957,0.80127907,0.021357417,0
4.4765711,-1.0555401,1.0472538,0.59790957,-0.80127907,-0.021357417,0
-0.19737339,4.2256498,-0.18428278,-0.59790957,0.80127907,0.021357417,0
4.2159896,-1.2043023,-0.66662621,0.59790957,-0.80127907,-0.021357417,0
-3.729301,1.5284951,2.1287379,-0.59790957,0.80127907,0.021357417,0
3.1175473,1.9221591,0.97714216,0.79385018,0.59563315,-0.12256867,0
-1.2971653,-3.2103508,2.8468583,0.11093286,0.056330323,0.9922303,0
1.3697462,-3.4083929,2.3438127,0.59790957,-0.80127907,-0.021357417,0
-3.4145412,-1.6455361,-1.5564333,-0.79385018,-0.59563315,0.12256867,0
-1.2764086,-0.80988503,2.7082596,0.11093286,0.056330323,0.9922303,0
2.0144758,-2.8618217,-0.11276054,0.59790957,-0.80127907,-0.021357417,0
-0.5808652,0.46285248,2.5582416,0.11093286,0.056330323,0.9922303,0
-3.125793,0.084221959,-2.1748896,-0.11093286,-0.056330323,-0.9922303,0
0.9252528,3.9750984,2.1904597,0.11093286,0.056330323,0.9922303,0
0.14466405,2.0378075,-2.6514397,-0.11093286,-0.056330323,-0.9922303,0
-2.8756366,1.5205607,2.7547531,0.11093286,0.056330323,0.9922303,0
1.2220389,4.3742356,0.61643219,0.79385018,0.59563315,-0.12256867,0
2.0149877,-2.8528271,-0.43588233,0.59790957,-0.80127907,-0.021357417,0
3.0562482,2.0486314,1.1947254,0.79385018,0.59563315,-0.12256867,0
-3.6001084,1.6382232,1.6288153,-0.59790957,0.80127907,0.021357417,0
1.9275191,3.595984,1.4036919,0.79385018,0.59563315,-0.12256867,0
-3.84707,1.4642745,1.2411604,-0.59790957,0.80127907,0.021357417,0
-3.1855965,1.9349232,2.1017613,-0.59790957,0.80127907,0.021357417,0
4.3181109,-1.1714445,0.95955491,0.59790957,-0.80127907,-0.021357417,0
4.4737334,-1.0191977,-0.39566493,0.59790957,-0.80127907,-0.021357417,0
4.1220245,-1.317395,0.94573283,0.59790957,-0.80127907,-0.021357417,0
-3.261591,1.9324105,0.068549156,-0.59790957,0.80127907,0.021357417,0
4.6864228,-0.47641969,-0.51769876,0.79385018,0.59563315,-0.12256867,0
4.0549884,0.53341711,0.3000294,0.79385018,0.59563315,-0.12256867,0
-0.89745569,-4.8959999,-1.0497389,-0.79385018,-0.59563315,0.12256867,0
0.91431123,-3.7355428,1.8675997,0.59790957,-0.80127907,-0.021357417,0
-0.75118113,3.7435713,-2.6481216,-0.11093286,-0.056330323,-0.9922303,0
0.4534564,2.180588,2.3450844,0.11093286,0.056330323,0.9922303,0
0.73524034,3.5012078,2.2386074,0.11093286,0.056330323,0.9922303,0
-4.7435656,0.14453882,-1.4652052,-0.79385018,-0.59563315,0.12256867,0
3.1951697,-2.0339785,1.8825552,0.59790957,-0.80127907,-0.021357417,0
0.70609462,-3.8064961,-1.2994943,0.59790957,-0.80127907,-0.021357417,0
3.3851655,0.76260161,-2.9245272,0.79385018,0.59563315,-0.12256867,0
0.094729662,-4.2855735,-0.44107437,0.59790957,-0.80127907,-0.021357417,0
1.8877534,0.75830841,-2.7736809,-0.11093286,-0.056330323,-0.9922303,0
-0.19145446,-3.0164371,-2.3269243,-0.11093286,-0.056330323,-0.9922303,0
4.6368341,-0.91114783,0.11662483,0.59790957,-0.80127907,-0.021357417,0
-3.2660747,1.9494051,-0.69456959,-0.59790957,0.80127907,0.021357417,0
1.3500071,4.0371971,-0.19261312,0.79385018,0.59563315,-0.12256867,0
-2.0049241,2.9026899,-1.1531143,-0.59790957,0.80127907,0.021357417,0
-4.3534927,1.0522501,2.5218084,-0.59790957,0.80127907,0.021357417,0
-4.1520209,-0.42047656,-0.3796438,-0.79385018,-0.59563315,0.12256867,0
-4.2827415,-0.51265633,-1.6742461,-0.79385018,-0.59563315,0.12256867,0
-0.71609181,3.8572841,-0.88581276,-0.59790957,0.80127907,0.021357417,0
0.4834986,-3.9686775,-1.4465232,0.59790957,-0.80127907,-0.021357417,0
2.6490238,2.4728217,0.61861229,0.79385018,0.59563315,-0.12256867,0
-3.3865459,-1.4902693,-2.0563507,-0.11093286,-0.056330323,-0.9922303,0
-2.0410385,-3.2202868,-0.31319821,-0.79385018,-0.59563315,0.12256867,0
-3.6379044,-0.4518466,2.7977319,-0.79385018,-0.59563315,0.12256867,0
3.5645893,-1.736716,1.072036,0.59790957,-0.80127907,-0.021357417,0
1.5716268,-1.5876355,-2.6051548,-0.11093286,-0.056330323,-0.9922303,0
1.1291683,-3.4805627,-1.6836369,0.59790957,-0.80127907,-0.021357417,0
-3.0884187,2.0952089,-1.1912396,-0.59790957,0.80127907,0.021357417,0
-0.77958041,-4.7278619,-2.1640108,-0.11093286,-0.056330323,-0.9922303,0
-4.1503596,-0.64413393,-1.4557662,-0.79385018,-0.59563315,0.12256867,0
3.53054,-1.2072395,2.1933935,0.11093286,0.056330323,0.9922303,0
0.91747022,-3.7478862,2.4191487,0.59790957,-0.80127907,-0.021357417,0
-1.931471,0.24117672,-2.3173275,-0.11093286,-0.056330323,-0.9922303,0
-3.542686,-0.80125761,1.7164484,-0.79385018,-0.59563315,0.12256867,0
0.81430793,-3.6992979,-2.2918487,0.59790957,-0.80127907,-0.021357417,0
-1.8060244,-2.2532015,-2.1897428,-0.11093286,-0.056330323,-0.9922303,0
4.3721805,-0.91390848,2.0826442,0.11093286,0.056330323,0.9922303,0
-3.3540115,-0.98947465,2.0237932,-0.79385018,-0.59563315,0.12256867,0
-3.0830712,-1.2168384,2.6737206,-0.79385018,-0.59563315,0.12256867,0
2.6555865,2.1804085,-0.75989169,0.79385018,0.59563315,-0.12256867,0
-4.095787,-0.73358315,-1.5369989,-0.79385018,-0.59563315,0.12256867,0
-3.0217104,-2.0658929,-1.0549154,-0.79385018,-0.59563315,0.12256867,0
4.23981,0.32356477,0.47728205,0.79385018,0.59563315,-0.12256867,0
