0.9660902,6.0145407,0.88479018,0.3778542,0.83075523,-0.40874416,0
-1.630239,4.6045637,-1.8698199,-0.74239486,0.0080572963,-0.66991401,0
0.045228004,-1.7904918,-3.8034787,-0.74239486,0.0080572963,-0.66991401,0
-1.9858853,-3.1261415,4.0430326,-0.3778542,-0.83075523,0.40874416,0
-2.5281014,3.5491624,-0.88750744,-0.74239486,0.0080572963,-0.66991401,0
2.1407042,4.8108482,-0.47581816,0.3778542,0.83075523,-0.40874416,0
2.2228806,2.8508756,-4.3834143,0.3778542,0.83075523,-0.40874416,0
-0.63207722,1.4076538,3.818754,-0.55324125,0.55657941,0.61979294,0
1.7460995,4.6603746,-1.1464331,0.3778542,0.83075523,-0.40874416,0
-1.9034663,0.36232686,-1.6180534,-0.74239486,0.0080572963,-0.66991401,0
-0.87632442,-0.43138754,-2.7658725,-0.74239486,0.0080572963,-0.66991401,0
-2.4140038,3.7456527,0.12862322,-0.55324125,0.55657941,0.61979294,0
-1.5111092,2.063561,-2.0324001,-0.74239486,0.0080572963,-0.66991401,0
3.3206239,4.3060827,-0.41098261,0.3778542,0.83075523,-0.40874416,0
-4.1075087,-3.6671851,0.98209858,-0.3778542,-0.83075523,0.40874416,0
-2.3659439,-1.2054522,-1.1243949,-0.74239486,0.0080572963,-0.66991401,0
1.3732214,-4.5004163,-0.37986553,0.55324125,-0.55657941,-0.61979294,0
0.46711475,-3.3566341,3.1737969,0.74239486,-0.0080572963,0.66991401,0
0.72806358,-2.1183698,-3.0948458,0.55324125,-0.55657941,-0.61979294,0
1.453012,-5.8832841,1.6182669,-0.3778542,-0.83075523,0.40874416,0
0.44537115,3.190979,3.1790676,-0.55324125,0.55657941,0.61979294,0
0.40623784,1.4344146,-4.1647606,-0.74239486,0.0080572963,-0.66991401,0
0.74807978,-4.4297404,-1.0013484,0.55324125,-0.55657941,-0.61979294,0
3.2091484,3.4082828,-2.3387737,0.3778542,0.83075523,-0.40874416,0
-3.032784,-4.3946915,-0.42376471,-0.74239486,0.0080572963,-0.66991401,0
1.5178757,-1.5590621,-2.8921046,0.55324125,-0.55657941,-0.61979294,0
1.8829319,3.0751936,-4.2417555,0.3778542,0.83075523,-0.40874416,0
-1.2034137,-3.9974837,2.9954047,-0.3778542,-0.83075523,0.40874416,0
3.7497065,3.8556201,-0.92987394,0.3778542,0.83075523,-0.40874416,0
2.4031653,3.8526845,1.1149855,0.74239486,-0.0080572963,0.66991401,0
-0.44011444,2.8607302,-3.2096827,-0.74239486,0.0080572963,-0.66991401,0
1.6428902,4.915236,-0.72384763,0.3778542,0.83075523,-0.40874416,0
1.589679,-4.3163147,1.9182351,0.74239486,-0.0080572963,0.66991401,0
4.9567709,2.2232606,-3.1317325,0.3778542,0.83075523,-0.40874416,0
0.36218023,-2.2644703,-3.2902417,0.55324125,-0.55657941,-0.61979294,0
-1.6171908,3.4179311,-1.8985518,-0.74239486,0.0080572963,-0.66991401,0
-0.51888204,-5.2357287,1.1115229,-0.3778542,-0.83075523,0.40874416,0
0.11120892,-5.7866364,-0.35132933,0.55324125,-0.55657941,-0.61979294,0
1.4831016,4.9685907,-0.76311994,0.3778542,0.83075523,-0.40874416,0
3.6597106,3.8312109,-1.0626788,0.3778542,0.83075523,-0.40874416,0
-0.9709115,-1.8779489,-2.6784503,-0.74239486,0.0080572963,-0.66991401,0
3.4333286,1.0557542,-0.060275555,0.74239486,-0.0080572963,0.66991401,0
-2.2474017,0.64268351,-1.2335343,-0.74239486,0.0080572963,-0.66991401,0
-2.7499886,2.0500536,1.3513784,-0.55324125,0.55657941,0.61979294,0
-0.14937758,-0.14982307,-3.5680847,-0.74239486,0.0080572963,-0.66991401,0
-0.8092494,5.2441263,0.21542072,-0.55324125,0.55657941,0.61979294,0
2.7039096,-0.51080823,-2.774765,0.55324125,-0.55657941,-0.61979294,0
1.9623756,-4.3421025,1.5049049,0.74239486,-0.0080572963,0.66991401,0
3.348568,2.4700851,-4.1167383,0.3778542,0.83075523,-0.40874416,0
-2.0249138,-5.617949,-1.5553932,-0.74239486,0.0080572963,-0.66991401,0
4.2276897,0.78285766,-2.5763271,0.55324125,-0.55657941,-0.61979294,0
1.9368677,4.1902328,-1.925626,0.3778542,0.83075523,-0.40874416,0
0.84439516,5.2850537,1.6547489,-0.55324125,0.55657941,0.61979294,0
-3.8787928,-0.76279044,2.8697402,-0.55324125,0.55657941,0.61979294,0
4.0663595,3.6749933,-0.73029423,0.74239486,-0.0080572963,0.66991401,0
0.84978724,4.7896991,-1.7121618,0.3778542,0.83075523,-0.40874416,0
1.1493275,-5.6607342,1.7898568,-0.3778542,-0.83075523,0.40874416,0
1.190671,0.45341212,-4.991394,0.55324125,-0.55657941,-0.61979294,0
-2.3049176,3.1288853,-1.1398932,-0.74239486,0.0080572963,-0.66991401,0
0.40149927,-0.50965613,-4.1828909,-0.74239486,0.0080572963,-0.66991401,0
2.0375247,3.7278752,-2.7722971,0.3778542,0.83075523,-0.40874416,0
4.1785741,2.6743672,-0.86668491,0.74239486,-0.0080572963,0.66991401,0
2.8265228,4.1493707,-1.1862533,0.3778542,0.83075523,-0.40874416,0
-2.3907177,-1.6881752,5.0290327,-0.55324125,0.55657941,0.61979294,0
3.0550985,0.68309903,0.35439444,0.74239486,-0.0080572963,0.66991401,0
-1.5299319,-2.6843977,5.3623538,-0.3778542,-0.83075523,0.40874416,0
3.1996274,4.2321663,-0.67306709,0.3778542,0.83075523,-0.40874416,0
-0.45286417,5.1492634,0.61872649,-0.55324125,0.55657941,0.61979294,0
-2.8013999,-4.8787031,-0.2728591,-0.3778542,-0.83075523,0.40874416,0
-0.6884737,4.8754635,-2.9102209,-0.74239486,0.0080572963,-0.66991401,0
0.18282795,2.827188,3.2714033,-0.55324125,0.55657941,0.61979294,0
0.90905833,4.4099832,-2.4291265,0.3778542,0.83075523,-0.40874416,0
-0.97266138,2.7752001,-2.6205461,-0.74239486,0.0080572963,-0.66991401,0
1.7904446,-0.92403746,-3.2190611,0.55324125,-0.55657941,-0.61979294,0
-3.1071153,0.10927606,2.7754335,-0.55324125,0.55657941,0.61979294,0
-2.3519123,-0.74074745,-1.1343551,-0.74239486,0.0080572963,-0.66991401,0
4.9215941,1.1246557,-2.2638705,0.55324125,-0.55657941,-0.61979294,0
0.65648484,4.9480896,-1.5689347,0.3778542,0.83075523,-0.40874416,0
-3.6521015,-3.3802752,0.27476025,-0.74239486,0.0080572963,-0.66991401,0
0.82031441,4.8064451,-1.7053726,0.3778542,0.83075523,-0.40874416,0
2.6751812,-3.2378399,-0.35151097,0.55324125,-0.55657941,-0.61979294,0
0.25333738,4.2848024,2.0253913,-0.55324125,0.55657941,0.61979294,0
-2.2880561,-2.9690647,-1.2319214,-0.74239486,0.0080572963,-0.66991401,0
-2.504317,1.3174975,-0.94070578,-0.74239486,0.0080572963,-0.66991401,0
1.6160579,-5.9676085,1.5976052,-0.3778542,-0.83075523,0.40874416,0
-2.9216473,1.4333664,1.7519418,-0.55324125,0.55657941,0.61979294,0
-1.8873729,-4.6629066,1.010689,-0.3778542,-0.83075523,0.40874416,0
0.035768509,-5.4991345,1.0888958,-0.3778542,-0.83075523,0.40874416,0
-1.7523384,-1.2609329,5.2151976,-0.55324125,0.55657941,0.61979294,0
0.23443174,-2.3509147,-3.3266454,0.55324125,-0.55657941,-0.61979294,0
0.24555254,-3.5588262,-2.2320032,0.55324125,-0.55657941,-0.61979294,0
-1.5598814,-1.3432233,5.4443183,0.74239486,-0.0080572963,0.66991401,0
1.2006836,5.8485489,0.76428461,0.3778542,0.83075523,-0.40874416,0
1.8040802,-5.394392,1.6676707,0.74239486,-0.0080572963,0.66991401,0
-4.0540452,-3.6701338,0.71670675,-0.74239486,0.0080572963,-0.66991401,0
-0.00077629089,-3.5028791,-2.5021231,0.55324125,-0.55657941,-0.61979294,0
2.8673282,4.3307481,0.60635185,0.74239486,-0.0080572963,0.66991401,0
-1.3707135,-3.6152754,3.6175704,-0.3778542,-0.83075523,0.40874416,0
3.773253,3.0991607,-2.4455788,0.3778542,0.83075523,-0.40874416,0
2.0902481,3.6247492,1.4590168,0.74239486,-0.0080572963,0.66991401,0
-1.229897,5.679728,-1.8257328,0.3778542,0.83075523,-0.40874416,0
-4.2317033,-1.6579859,3.3586173,-0.55324125,0.55657941,0.61979294,0
-0.19675207,4.8755331,-2.505157,0.3778542,0.83075523,-0.40874416,0
-3.4355416,-3.8261745,0.029408455,-0.74239486,0.0080572963,-0.66991401,0
0.90691161,0.43907249,2.7320685,0.74239486,-0.0080572963,0.66991401,0
0.52315617,6.0060029,0.45797801,0.3778542,0.83075523,-0.40874416,0
-1.331135,5.0373573,-2.1960797,-0.74239486,0.0080572963,-0.66991401,0
2.0489771,-3.4790196,-0.69389343,0.55324125,-0.55657941,-0.61979294,0
1.9179369,2.5922513,-5.1909552,0.3778542,0.83075523,-0.40874416,0
0.14274073,5.2935863,-1.3416452,0.3778542,0.83075523,-0.40874416,0
-0.26872683,-2.2335689,-3.4608843,-0.74239486,0.0080572963,-0.66991401,0
1.0225816,4.0889339,2.6477823,0.74239486,-0.0080572963,0.66991401,0
-0.7808156,-5.3522749,-1.5376313,0.55324125,-0.55657941,-0.61979294,0
-2.9069924,-2.6910655,4.0758095,-0.3778542,-0.83075523,0.40874416,0
-1.814065,5.4001765,-0.82163417,-0.55324125,0.55657941,0.61979294,0
-1.7661532,-2.6636438,5.1861668,-0.3778542,-0.83075523,0.40874416,0
0.21068871,4.4595141,-2.9740489,0.3778542,0.83075523,-0.40874416,0
0.083482504,-4.8732395,2.4051089,-0.3778542,-0.83075523,0.40874416,0
3.7027345,0.099724293,-2.4314547,0.55324125,-0.55657941,-0.61979294,0
3.6405025,1.8466924,-4.0557976,0.55324125,-0.55657941,-0.61979294,0
1.9808948,1.5540428,-5.2743983,0.55324125,-0.55657941,-0.61979294,0
0.61766434,5.6003776,1.1691999,-0.55324125,0.55657941,0.61979294,0
0.37589693,-5.0411253,-0.78453851,0.55324125,-0.55657941,-0.61979294,0
0.27313042,-4.0103159,-1.8019456,0.55324125,-0.55657941,-0.61979294,0
0.23118377,5.3145862,-1.217205,0.3778542,0.83075523,-0.40874416,0
2.033072,3.9192941,-2.3873625,0.3778542,0.83075523,-0.40874416,0
3.5525789,3.1297202,-0.16748381,0.74239486,-0.0080572963,0.66991401,0
-1.6188729,-4.1221237,2.3580165,-0.3778542,-0.83075523,0.40874416,0
2.0992846,-2.6134014,1.3739746,0.74239486,-0.0080572963,0.66991401,0
1.5791633,0.56214929,-4.7422638,0.55324125,-0.55657941,-0.61979294,0
4.4206648,1.240423,-2.8149707,0.55324125,-0.55657941,-0.61979294,0
0.17122698,-0.51193994,-3.927732,-0.74239486,0.0080572963,-0.66991401,0
1.4312766,-4.6385784,2.0898998,0.74239486,-0.0080572963,0.66991401,0
-1.3150003,1.0136954,3.5629399,-0.55324125,0.55657941,0.61979294,0
-1.9605436,1.2437979,-1.5441991,-0.74239486,0.0080572963,-0.66991401,0
-1.6331191,-5.6940479,-0.85002232,-0.3778542,-0.83075523,0.40874416,0
2.1406331,-0.2842015,-3.4810529,0.55324125,-0.55657941,-0.61979294,0
-1.3579841,-4.2275238,-2.2777576,-0.74239486,0.0080572963,-0.66991401,0
-0.75827765,4.2757258,-2.8400776,-0.74239486,0.0080572963,-0.66991401,0
-3.5126572,-3.8732579,0.11430025,-0.74239486,0.0080572963,-0.66991401,0
-0.19398689,4.5843544,1.3570989,-0.55324125,0.55657941,0.61979294,0
3.4441943,3.4023685,-2.1335123,0.3778542,0.83075523,-0.40874416,0
-1.217721,2.0817373,2.6906624,-0.55324125,0.55657941,0.61979294,0
-1.6268442,0.25357834,3.9671726,-0.55324125,0.55657941,0.61979294,0
-2.540766,3.4599919,0.27199852,-0.55324125,0.55657941,0.61979294,0
-0.083601236,-0.80330372,-3.6488373,-0.74239486,0.0080572963,-0.66991401,0
-1.8427684,5.2275476,-1.6268034,-0.74239486,0.0080572963,-0.66991401,0
-1.7046316,4.2468338,-1.7916808,-0.74239486,0.0080572963,-0.66991401,0
-1.6393878,-0.44957471,4.5874133,-0.55324125,0.55657941,0.61979294,0
0.38568687,-5.5801687,1.2476716,-0.3778542,-0.83075523,0.40874416,0
2.0431762,3.5521896,-3.1241465,0.3778542,0.83075523,-0.40874416,0
-0.31051207,-5.5164375,-0.9704082,0.55324125,-0.55657941,-0.61979294,0
-0.45582509,-4.6871529,2.2847717,-0.3778542,-0.83075523,0.40874416,0
0.1285944,2.1483245,3.6151533,0.74239486,-0.0080572963,0.66991401,0
-0.13374138,3.5078616,2.3775759,-0.55324125,0.55657941,0.61979294,0
0.79886508,1.8851829,2.8691981,0.74239486,-0.0080572963,0.66991401,0
3.121304,0.55072474,0.2794342,0.74239486,-0.0080572963,0.66991401,0
0.815207,4.744257,2.1143346,-0.55324125,0.55657941,0.61979294,0
-1.8601872,-3.4055905,3.5912633,-0.3778542,-0.83075523,0.40874416,0
-0.96569955,0.022418857,-2.6613693,-0.74239486,0.0080572963,-0.66991401,0
-0.85591841,5.9174428,-0.99687147,0.3778542,0.83075523,-0.40874416,0
-2.5835557,-3.2241201,3.2913921,-0.3778542,-0.83075523,0.40874416,0
-0.43072844,5.3682442,-1.7200379,0.3778542,0.83075523,-0.40874416,0
1.3220935,-2.9196,2.2315707,0.74239486,-0.0080572963,0.66991401,0
-0.34819126,-6.0203896,-0.55148768,0.55324125,-0.55657941,-0.61979294,0
-1.9102125,-3.9401486,-1.6623247,-0.74239486,0.0080572963,-0.66991401,0
4.3923874,2.9159207,-2.2456605,0.3778542,0.83075523,-0.40874416,0
-0.089410305,3.959013,2.0120089,-0.55324125,0.55657941,0.61979294,0
0.40817404,-5.6960921,-0.16756034,0.55324125,-0.55657941,-0.61979294,0
2.9321003,-0.23400044,-2.8196528,0.55324125,-0.55657941,-0.61979294,0
2.059154,2.8840158,1.4845662,0.74239486,-0.0080572963,0.66991401,0
-3.9694195,-3.6967623,0.62260485,-0.74239486,0.0080572963,-0.66991401,0
1.2737179,-4.3713427,-0.58459294,0.55324125,-0.55657941,-0.61979294,0
3.4609988,0.94002414,-3.4018297,0.55324125,-0.55657941,-0.61979294,0
-4.700675,-2.3153176,3.1813724,-0.3778542,-0.83075523,0.40874416,0
-4.7718916,-2.5979481,1.525115,-0.74239486,0.0080572963,-0.66991401,0
4.8646703,2.4742773,-2.7066917,0.3778542,0.83075523,-0.40874416,0
1.5295142,1.5867977,2.0559077,0.74239486,-0.0080572963,0.66991401,0
-3.1124072,-0.9368484,3.7101388,-0.55324125,0.55657941,0.61979294,0
-1.1725811,1.8859529,-2.4096913,-0.74239486,0.0080572963,-0.66991401,0
1.8741732,-6.0143495,1.426821,0.55324125,-0.55657941,-0.61979294,0
-1.3640201,1.4236852,3.1510091,-0.55324125,0.55657941,0.61979294,0
-5.4042249,-2.2586117,2.6462436,-0.3778542,-0.83075523,0.40874416,0
2.3679471,4.0872831,-1.7363641,0.3778542,0.83075523,-0.40874416,0
1.3510458,2.2225051,2.2613313,0.74239486,-0.0080572963,0.66991401,0
4.8937259,0.83869171,-2.0319483,0.55324125,-0.55657941,-0.61979294,0
0.48012948,0.87927192,-4.2533236,-0.74239486,0.0080572963,-0.66991401,0
-3.1307521,-3.8107204,-0.3081727,-0.74239486,0.0080572963,-0.66991401,0
0.75067711,-0.98175943,-4.0953465,0.55324125,-0.55657941,-0.61979294,0
-3.1524661,-1.50402,4.1837063,-0.55324125,0.55657941,0.61979294,0
-2.2172441,-4.8951054,-1.3335595,-0.74239486,0.0080572963,-0.66991401,0
0.46961117,1.0882452,-4.2391539,-0.74239486,0.0080572963,-0.66991401,0
0.58211875,1.1949786,-4.3625503,-0.74239486,0.0080572963,-0.66991401,0
-0.55499315,0.17118168,4.3489213,0.74239486,-0.0080572963,0.66991401,0
-3.134697,1.8555017,-0.23565197,-0.74239486,0.0080572963,-0.66991401,0
-2.1830175,-3.8643489,2.3604224,-0.3778542,-0.83075523,0.40874416,0
2.2982678,-2.3663969,1.1564332,0.74239486,-0.0080572963,0.66991401,0
5.2648034,1.706768,-2.0820761,0.74239486,-0.0080572963,0.66991401,0
4.7453356,3.0911825,-1.5631733,0.3778542,0.83075523,-0.40874416,0
-0.78530073,2.6456349,2.5702658,-0.55324125,0.55657941,0.61979294,0
-2.594363,-0.24073005,-0.85965872,-0.74239486,0.0080572963,-0.66991401,0
-4.5092525,-2.4672167,3.0495996,-0.3778542,-0.83075523,0.40874416,0
-0.81038046,-5.4220939,-1.5013227,0.55324125,-0.55657941,-0.61979294,0
-3.7648225,-2.4457614,0.41091704,-0.74239486,0.0080572963,-0.66991401,0
-4.1204872,-0.56728482,0.82765627,-0.74239486,0.0080572963,-0.66991401,0
-0.89677644,-4.4537892,2.3514464,-0.3778542,-0.83075523,0.40874416,0
-0.69759893,-1.6721772,-2.9788585,-0.74239486,0.0080572963,-0.66991401,0
3.0419383,2.7031617,-3.9264772,0.3778542,0.83075523,-0.40874416,0
2.548775,-4.484252,0.85335076,0.74239486,-0.0080572963,0.66991401,0
0.49976027,2.6439147,-4.2538548,-0.74239486,0.0080572963,-0.66991401,0
-2.5462873,-1.6755109,-0.93019271,-0.74239486,0.0080572963,-0.66991401,0
-2.8386674,0.89240015,2.3118043,-0.55324125,0.55657941,0.61979294,0
0.45690775,-1.4340278,-3.9514303,0.55324125,-0.55657941,-0.61979294,0
-0.3519693,-4.1481881,3.476203,-0.3778542,-0.83075523,0.40874416,0
-0.63750458,5.0938168,-2.4689488,0.3778542,0.83075523,-0.40874416,0
-1.0642295,-4.4614973,2.1809824,-0.3778542,-0.83075523,0.40874416,0
-2.408334,1.8109267,1.8710849,-0.55324125,0.55657941,0.61979294,0
-2.3098967,0.75079,2.9109643,-0.55324125,0.55657941,0.61979294,0
-1.9955509,-4.6432996,0.95053673,-0.3778542,-0.83075523,0.40874416,0
-2.9190946,-1.844394,4.6976776,-0.55324125,0.55657941,0.61979294,0
1.6227117,-1.453724,-2.8931203,0.55324125,-0.55657941,-0.61979294,0
3.2666092,3.9567132,0.15937233,0.74239486,-0.0080572963,0.66991401,0
0.86992049,-5.1329966,2.6041689,-0.3778542,-0.83075523,0.40874416,0
-3.3332369,1.800987,1.0544218,-0.55324125,0.55657941,0.61979294,0
3.4849362,3.4490108,-2.0010509,0.3778542,0.83075523,-0.40874416,0
-2.6217151,-1.3734148,-0.84297061,-0.74239486,0.0080572963,-0.66991401,0
0.58502245,3.6862519,2.8589642,-0.55324125,0.55657941,0.61979294,0
2.5182996,-3.6250103,0.89745784,0.74239486,-0.0080572963,0.66991401,0
2.5465422,1.2565222,-4.5023127,0.55324125,-0.55657941,-0.61979294,0
-0.31339073,-5.4303627,0.90589905,-0.3778542,-0.83075523,0.40874416,0
2.8282161,1.7093699,-4.6575451,0.55324125,-0.55657941,-0.61979294,0
-0.33593035,0.59518152,4.1112566,0.74239486,-0.0080572963,0.66991401,0
-0.74713218,-2.0630736,4.5349765,0.74239486,-0.0080572963,0.66991401,0
2.5590014,2.5877743,-4.6074381,0.3778542,0.83075523,-0.40874416,0
3.6820283,1.6800261,-3.8690624,0.55324125,-0.55657941,-0.61979294,0
0.45707321,5.2749896,-1.0888653,0.3778542,0.83075523,-0.40874416,0
-2.1814942,-4.3124948,1.4509933,-0.3778542,-0.83075523,0.40874416,0
-3.2333727,-1.1945353,-0.16298413,-0.74239486,0.0080572963,-0.66991401,0
-1.5519202,0.41778779,-2.006968,-0.74239486,0.0080572963,-0.66991401,0
-4.1431494,-2.3114936,3.7045367,-0.3778542,-0.83075523,0.40874416,0
-0.92127836,-4.4699016,2.2960484,-0.3778542,-0.83075523,0.40874416,0
3.5455766,0.039425611,-2.5175896,0.55324125,-0.55657941,-0.61979294,0
0.6472497,5.6234493,1.1748898,-0.55324125,0.55657941,0.61979294,0
4.2794485,1.7562459,-0.98951578,0.74239486,-0.0080572963,0.66991401,0
-3.0998466,-3.4026198,2.4513247,-0.3778542,-0.83075523,0.40874416,0
-1.2783053,-4.4478951,2.010731,-0.3778542,-0.83075523,0.40874416,0
-0.8557601,-1.787159,4.6586761,0.74239486,-0.0080572963,0.66991401,0
1.6731814,4.3070292,-1.9319997,0.3778542,0.83075523,-0.40874416,0
-1.8205266,6.0554047,-1.6081797,0.3778542,0.83075523,-0.40874416,0
-0.072557628,-3.737293,3.7672806,0.74239486,-0.0080572963,0.66991401,0
-1.5417981,-4.0892601,2.4960606,-0.3778542,-0.83075523,0.40874416,0
-2.8166323,-1.4211404,-0.62753868,-0.74239486,0.0080572963,-0.66991401,0
1.2525663,-5.7340546,0.62025261,0.55324125,-0.55657941,-0.61979294,0
2.1719594,0.819574,-4.4442906,0.55324125,-0.55657941,-0.61979294,0
2.1792533,-4.9534745,0.74646699,0.55324125,-0.55657941,-0.61979294,0
2.9746492,3.8557611,-1.6460721,0.3778542,0.83075523,-0.40874416,0
3.7852616,2.6026771,-0.43167996,0.74239486,-0.0080572963,0.66991401,0
-4.1798024,-2.4488437,3.3914948,-0.3778542,-0.83075523,0.40874416,0
2.4459593,3.0572317,-3.7577834,0.3778542,0.83075523,-0.40874416,0
1.3454962,5.8557124,0.9127121,0.3778542,0.83075523,-0.40874416,0
-1.887928,0.23530364,3.7505343,-0.55324125,0.55657941,0.61979294,0
-2.6924784,-2.455965,4.7519445,-0.3778542,-0.83075523,0.40874416,0
0.67922163,-1.7742318,-3.4474819,0.55324125,-0.55657941,-0.61979294,0
-2.2527151,3.9959769,0.047800183,-0.55324125,0.55657941,0.61979294,0
0.75205898,5.9497218,0.55519366,0.3778542,0.83075523,-0.40874416,0
0.1874671,-4.0100679,-1.8786325,0.55324125,-0.55657941,-0.61979294,0
1.8122206,5.6393971,0.90451407,0.3778542,0.83075523,-0.40874416,0
1.8950953,5.3320179,1.6958177,0.74239486,-0.0080572963,0.66991401,0
2.8700185,-0.052991867,-3.0376153,0.55324125,-0.55657941,-0.61979294,0
0.88684988,4.3228998,2.5566671,-0.55324125,0.55657941,0.61979294,0
-2.0914743,2.0327401,1.9547304,-0.55324125,0.55657941,0.61979294,0
2.3141222,3.9911451,-1.981518,0.3778542,0.83075523,-0.40874416,0
4.366641,2.4500844,-3.216254,0.3778542,0.83075523,-0.40874416,0
-0.96751815,-3.6811519,3.8564043,-0.3778542,-0.83075523,0.40874416,0
4.0518765,1.5034995,-3.3804049,0.55324125,-0.55657941,-0.61979294,0
-4.7055116,-0.76069546,1.4736497,-0.74239486,0.0080572963,-0.66991401,0
-0.023443699,5.3891401,-1.3010614,0.3778542,0.83075523,-0.40874416,0
-3.5114145,1.0399842,1.5787631,-0.55324125,0.55657941,0.61979294,0
3.5209076,4.0210347,-0.80518246,0.3778542,0.83075523,-0.40874416,0
2.2143397,4.1684418,1.3280385,0.74239486,-0.0080572963,0.66991401,0
2.1418235,-3.4215496,-0.6626246,0.55324125,-0.55657941,-0.61979294,0
3.4572723,1.0807564,-3.5315356,0.55324125,-0.55657941,-0.61979294,0
-2.3380592,4.135941,-1.0910535,-0.74239486,0.0080572963,-0.66991401,0
-0.60462523,-4.6369057,-2.0227666,0.55324125,-0.55657941,-0.61979294,0
1.1197658,0.91217482,-4.9617686,-0.74239486,0.0080572963,-0.66991401,0
3.0652184,4.3708143,-0.51552153,0.3778542,0.83075523,-0.40874416,0
-4.7622714,-2.8746023,1.9877086,-0.3778542,-0.83075523,0.40874416,0
-1.6732318,-5.2860203,-0.057804108,-0.3778542,-0.83075523,0.40874416,0
-1.4068084,4.2980871,0.53157806,-0.55324125,0.55657941,0.61979294,0
-3.1500859,-4.7022357,-0.23653173,-0.3778542,-0.83075523,0.40874416,0
3.6601391,3.269568,-2.2037985,0.3778542,0.83075523,-0.40874416,0
-3.4065437,-1.0676792,0.030449867,-0.74239486,0.0080572963,-0.66991401,0
-2.5486996,0.82178962,2.6340451,-0.55324125,0.55657941,0.61979294,0
1.3369401,4.7500153,-1.3424797,0.3778542,0.83075523,-0.40874416,0
0.32229805,-2.2120242,-3.3729391,0.55324125,-0.55657941,-0.61979294,0
0.71974766,2.3529944,-4.501142,-0.74239486,0.0080572963,-0.66991401,0
-2.9058108,-3.9750662,-0.55942845,-0.74239486,0.0080572963,-0.66991401,0
4.5046139,1.8683391,-1.2376943,0.74239486,-0.0080572963,0.66991401,0
-3.3070378,-1.772177,-0.088295937,-0.74239486,0.0080572963,-0.66991401,0
4.7208104,1.1715426,-2.4851995,0.55324125,-0.55657941,-0.61979294,0
-2.5941508,-3.0688691,3.5971391,-0.3778542,-0.83075523,0.40874416,0
4.9667721,1.8716836,-1.7498157,0.74239486,-0.0080572963,0.66991401,0
-2.5768912,1.0186851,2.4320669,-0.55324125,0.55657941,0.61979294,0
0.0061173439,3.8863482,2.1625321,-0.55324125,0.55657941,0.61979294,0
2.3622398,4.9125261,-0.064367771,0.3778542,0.83075523,-0.40874416,0
2.8124657,3.6037927,-2.3081138,0.3778542,0.83075523,-0.40874416,0
2.2748833,-4.1350698,0.096894741,0.55324125,-0.55657941,-0.61979294,0
-1.2231157,-2.3045359,5.0595551,0.74239486,-0.0080572963,0.66991401,0
-1.4348454,-4.8219385,1.1057932,-0.3778542,-0.83075523,0.40874416,0
-0.70941448,-6.0464602,-0.71238852,-0.3778542,-0.83075523,0.40874416,0
1.3483443,-1.6957996,-2.9206409,0.55324125,-0.55657941,-0.61979294,0
-2.6271398,-3.6770382,2.330565,-0.3778542,-0.83075523,0.40874416,0
0.36015224,-5.0510497,2.299479,-0.3778542,-0.83075523,0.40874416,0
2.2015471,1.4981074,1.3100985,0.74239486,-0.0080572963,0.66991401,0
0.49502882,3.1752534,-4.2422204,-0.74239486,0.0080572963,-0.66991401,0
-2.1063511,-3.58078,3.0076375,-0.3778542,-0.83075523,0.40874416,0
3.4242249,-2.3531263,-0.47737771,0.55324125,-0.55657941,-0.61979294,0
-1.1157646,2.7071657,2.220031,-0.55324125,0.55657941,0.61979294,0
-4.00599,0.00093698502,2.0703673,-0.55324125,0.55657941,0.61979294,0
2.7851682,2.3358052,-4.9104795,0.3778542,0.83075523,-0.40874416,0
-1.100824,0.029009938,-2.5115459,-0.74239486,0.0080572963,-0.66991401,0
5.0733528,2.582721,-2.2933722,0.3778542,0.83075523,-0.40874416,0
0.88357925,5.7873697,0.34679985,0.3778542,0.83075523,-0.40874416,0
-2.777581,-4.7110872,0.089830875,-0.3778542,-0.83075523,0.40874416,0
0.75210714,4.1686606,2.5749011,-0.55324125,0.55657941,0.61979294,0
-4.8999014,-1.1803951,2.3332882,-0.55324125,0.55657941,0.61979294,0
1.5225778,-5.5361037,0.68351066,0.55324125,-0.55657941,-0.61979294,0
0.06845808,0.47067869,-3.8020258,-0.74239486,0.0080572963,-0.66991401,0
4.6263967,1.1925666,-2.5883546,0.55324125,-0.55657941,-0.61979294,0
-1.3120159,-3.4457765,4.0163317,-0.3778542,-0.83075523,0.40874416,0
0.27350712,5.7125473,-0.36924171,0.3778542,0.83075523,-0.40874416,0
1.1167979,4.4898586,-2.0747423,0.3778542,0.83075523,-0.40874416,0
0.37858438,0.97662723,3.3240232,0.74239486,-0.0080572963,0.66991401,0
1.4547648,-5.2264762,0.34493041,0.55324125,-0.55657941,-0.61979294,0
-1.6107605,-1.9012601,5.4939909,0.74239486,-0.0080572963,0.66991401,0
-0.30082655,-4.8990493,-1.5161819,0.55324125,-0.55657941,-0.61979294,0
-1.7753359,-2.5314927,5.446269,-0.3778542,-0.83075523,0.40874416,0
-1.4469137,-3.5836296,3.6114473,-0.3778542,-0.83075523,0.40874416,0
-2.5739071,-3.0475175,3.6592493,-0.3778542,-0.83075523,0.40874416,0
2.8641706,4.1444035,0.6076107,0.74239486,-0.0080572963,0.66991401,0
0.98001719,-5.8799715,0.50800467,0.55324125,-0.55657941,-0.61979294,0
2.3217151,3.5072603,-2.9579742,0.3778542,0.83075523,-0.40874416,0
2.5094082,-1.1134681,-2.4071875,0.55324125,-0.55657941,-0.61979294,0
-0.1159277,5.6958246,-0.76323318,0.3778542,0.83075523,-0.40874416,0
-1.1689782,-1.7757487,-2.4577246,-0.74239486,0.0080572963,-0.66991401,0
1.3417704,5.3283358,-0.16260314,0.3778542,0.83075523,-0.40874416,0
0.042200565,1.1086545,-3.7652545,-0.74239486,0.0080572963,-0.66991401,0
-3.8832545,-3.6312394,1.2624626,-0.3778542,-0.83075523,0.40874416,0
1.9309657,-3.5065944,-0.77447081,0.55324125,-0.55657941,-0.61979294,0
0.23286748,-0.18811005,-3.992147,-0.74239486,0.0080572963,-0.66991401,0
3.080806,-2.7126915,0.28506368,0.74239486,-0.0080572963,0.66991401,0
-3.7894814,-1.82267,3.9012427,-0.55324125,0.55657941,0.61979294,0
-1.9797399,1.3288873,-1.5219023,-0.74239486,0.0080572963,-0.66991401,0
-0.19793963,-5.1041851,1.6755683,-0.3778542,-0.83075523,0.40874416,0
-3.0634351,0.86854362,-0.32649386,-0.74239486,0.0080572963,-0.66991401,0
-0.37819099,3.3213768,2.3268394,-0.55324125,0.55657941,0.61979294,0
-2.5304234,1.2456341,2.2697425,-0.55324125,0.55657941,0.61979294,0
-2.433408,4.0536227,-0.98637861,-0.74239486,0.0080572963,-0.66991401,0
1.8141532,-2.1661022,-2.0825133,0.55324125,-0.55657941,-0.61979294,0
-2.2985382,-4.2571669,1.455246,-0.3778542,-0.83075523,0.40874416,0
-2.6719592,-1.647423,-0.79058623,-0.74239486,0.0080572963,-0.66991401,0
-1.0132103,-4.0840025,2.995388,-0.3778542,-0.83075523,0.40874416,0
2.0530629,-4.6975613,1.40013,0.74239486,-0.0080572963,0.66991401,0
1.1204205,5.0199547,2.1391962,-0.55324125,0.55657941,0.61979294,0
-0.21743298,4.7573795,-2.7644186,0.3778542,0.83075523,-0.40874416,0
1.8333962,4.1185884,1.7495985,0.74239486,-0.0080572963,0.66991401,0
1.5327954,-2.5248477,2.0028198,0.74239486,-0.0080572963,0.66991401,0
2.7408705,2.7023051,-4.2065334,0.3778542,0.83075523,-0.40874416,0
1.9717813,5.3002973,0.36280823,0.3778542,0.83075523,-0.40874416,0
2.6609437,-2.5153189,0.75272644,0.74239486,-0.0080572963,0.66991401,0
1.7920151,4.2899332,1.7975171,0.74239486,-0.0080572963,0.66991401,0
-1.3962235,0.52338499,3.9307413,-0.55324125,0.55657941,0.61979294,0
-2.7574992,-0.19816589,3.3635948,-0.55324125,0.55657941,0.61979294,0
2.0758221,-4.0344882,1.3828833,0.74239486,-0.0080572963,0.66991401,0
3.5202782,2.6461382,-3.6001849,0.3778542,0.83075523,-0.40874416,0
2.1436214,2.0950055,1.3814701,0.74239486,-0.0080572963,0.66991401,0
-2.3769147,0.64324522,2.9477186,-0.55324125,0.55657941,0.61979294,0
-4.4090061,-0.83398008,1.1441834,-0.74239486,0.0080572963,-0.66991401,0
1.5027356,4.2457647,-2.2140827,0.3778542,0.83075523,-0.40874416,0
-3.4799418,-1.2124152,0.11004806,-0.74239486,0.0080572963,-0.66991401,0
-2.2721581,1.1557683,2.5809765,-0.55324125,0.55657941,0.61979294,0
-0.9959321,-6.075161,-1.0355854,-0.3778542,-0.83075523,0.40874416,0
-1.8902903,4.1575313,0.22623074,-0.55324125,0.55657941,0.61979294,0
2.8008776,0.56858134,0.63474381,0.74239486,-0.0080572963,0.66991401,0
-0.37552404,-1.3031783,-3.331342,-0.74239486,0.0080572963,-0.66991401,0
-1.5585765,-3.0301085,4.6332321,-0.3778542,-0.83075523,0.40874416,0
1.1698952,-0.11425757,2.4339764,0.74239486,-0.0080572963,0.66991401,0
-0.37905669,-0.838884,-3.3218431,-0.74239486,0.0080572963,-0.66991401,0
-3.1934891,-4.5816574,-0.031584263,-0.3778542,-0.83075523,0.40874416,0
0.33689213,-3.2613735,-2.4175873,0.55324125,-0.55657941,-0.61979294,0
2.0504537,5.2741446,0.38238287,0.3778542,0.83075523,-0.40874416,0
-2.3583276,4.8178921,-0.78455883,-0.55324125,0.55657941,0.61979294,0
-0.88844872,-2.2704158,4.6890893,0.74239486,-0.0080572963,0.66991401,0
3.0228257,3.774754,-1.7661796,0.3778542,0.83075523,-0.40874416,0
0.9075942,1.842224,2.748188,0.74239486,-0.0080572963,0.66991401,0
2.2791111,0.40687788,-3.9780395,0.55324125,-0.55657941,-0.61979294,0
-0.78879642,5.6236229,-1.5319974,0.3778542,0.83075523,-0.40874416,0
3.0465391,2.209372,-4.9116716,0.55324125,-0.55657941,-0.61979294,0
-0.79723024,-4.8308525,1.677104,-0.3778542,-0.83075523,0.40874416,0
-0.70702708,-4.0669303,3.3131309,-0.3778542,-0.83075523,0.40874416,0
-3.4757462,-1.7560287,4.1214457,-0.55324125,0.55657941,0.61979294,0
-5.3100762,-2.2221787,2.8073258,-0.3778542,-0.83075523,0.40874416,0
1.8276818,-2.5780723,1.6753881,0.74239486,-0.0080572963,0.66991401,0
1.9750419,4.4803162,1.5969779,0.74239486,-0.0080572963,0.66991401,0
-4.5050912,-3.1347125,1.6967897,-0.3778542,-0.83075523,0.40874416,0
2.7213571,2.8299232,-3.9651945,0.3778542,0.83075523,-0.40874416,0
-2.5544763,-3.5052512,2.7468872,-0.3778542,-0.83075523,0.40874416,0
-1.7554867,-3.2351649,4.0344343,-0.3778542,-0.83075523,0.40874416,0
2.6283801,-1.3092778,0.80331898,0.74239486,-0.0080572963,0.66991401,0
2.5161932,4.544858,0.9980526,0.74239486,-0.0080572963,0.66991401,0
-3.5382943,1.7216733,0.94260752,-0.55324125,0.55657941,0.61979294,0
-0.79440737,-1.2991263,-2.8670895,-0.74239486,0.0080572963,-0.66991401,0
0.0044460297,-2.028136,3.702502,0.74239486,-0.0080572963,0.66991401,0
3.0323582,-3.3056874,0.028241068,0.55324125,-0.55657941,-0.61979294,0
-2.3563714,1.5134926,-1.1023014,-0.74239486,0.0080572963,-0.66991401,0
0.52294493,-2.5762839,-2.8667288,0.55324125,-0.55657941,-0.61979294,0
4.3235831,0.60342979,-1.0522912,0.74239486,-0.0080572963,0.66991401,0
0.98140025,-4.9794006,2.5843511,0.74239486,-0.0080572963,0.66991401,0
-0.58161163,4.0913463,1.4538226,-0.55324125,0.55657941,0.61979294,0
-1.65763,-2.4475152,5.5393615,0.74239486,-0.0080572963,0.66991401,0
-0.00046205521,4.5986128,-2.8865309,0.3778542,0.83075523,-0.40874416,0
0.60679531,-5.1867423,2.2516925,-0.3778542,-0.83075523,0.40874416,0
-3.9482417,-3.0652769,2.3526814,-0.3778542,-0.83075523,0.40874416,0
2.5791974,2.3266356,-5.1195211,0.3778542,0.83075523,-0.40874416,0
-1.6152546,1.8135122,2.5766835,-0.55324125,0.55657941,0.61979294,0
1.7548246,2.2855754,1.8146245,0.74239486,-0.0080572963,0.66991401,0
-2.1441827,1.1445601,-1.3418851,-0.74239486,0.0080572963,-0.66991401,0
-0.954041,-3.1446457,-2.7123809,-0.74239486,0.0080572963,-0.66991401,0
2.4876764,5.0863285,0.40483475,0.3778542,0.83075523,-0.40874416,0
-1.7967949,-2.4420941,5.6081309,-0.3778542,-0.83075523,0.40874416,0
-1.2301009,-5.2659678,0.39259338,-0.3778542,-0.83075523,0.40874416,0
-1.3353276,-6.0430164,-1.2839992,-0.3778542,-0.83075523,0.40874416,0
2.0375931,3.49774,-3.2399747,0.3778542,0.83075523,-0.40874416,0
-2.4437873,0.57557106,2.9487982,-0.55324125,0.55657941,0.61979294,0
4.4099627,3.2337549,-1.5834298,0.3778542,0.83075523,-0.40874416,0
-2.8247285,-4.196352,1.0924258,-0.3778542,-0.83075523,0.40874416,0
-0.77686119,2.7040019,2.5253851,-0.55324125,0.55657941,0.61979294,0
2.5794835,-0.66504836,0.8652541,0.74239486,-0.0080572963,0.66991401,0
-0.35015059,4.1281323,1.6273954,-0.55324125,0.55657941,0.61979294,0
2.6743965,4.5416193,-0.52965498,0.3778542,0.83075523,-0.40874416,0
1.0081792,-1.0569193,-3.7979999,0.55324125,-0.55657941,-0.61979294,0
4.1246967,-1.1855898,-0.90057838,0.55324125,-0.55657941,-0.61979294,0
1.9128511,-2.935364,1.5767066,0.74239486,-0.0080572963,0.66991401,0
0.09827137,-5.0625086,2.0340993,-0.3778542,-0.83075523,0.40874416,0
3.5718594,2.5604146,-3.7267315,0.3778542,0.83075523,-0.40874416,0
0.46580267,-5.7675347,-0.051964045,0.55324125,-0.55657941,-0.61979294,0
0.73578191,0.55180657,-4.5405746,-0.74239486,0.0080572963,-0.66991401,0
2.9423559,2.8703744,-3.6786807,0.3778542,0.83075523,-0.40874416,0
-1.2228436,-5.2634068,-2.0119991,0.55324125,-0.55657941,-0.61979294,0
0.71257925,5.3225298,-0.75604439,0.3778542,0.83075523,-0.40874416,0
-1.9860712,1.8275981,-1.5088881,-0.74239486,0.0080572963,-0.66991401,0
3.7004223,2.8198278,-3.0806382,0.3778542,0.83075523,-0.40874416,0
-2.3584585,-0.96241736,-1.1297671,-0.74239486,0.0080572963,-0.66991401,0
0.38026932,-3.2906759,3.2708318,0.74239486,-0.0080572963,0.66991401,0
-2.3333445,-5.3604393,-1.2104936,-0.74239486,0.0080572963,-0.66991401,0
0.76639462,2.1353602,2.9081905,0.74239486,-0.0080572963,0.66991401,0
-1.2556651,-0.5378803,-2.3467703,-0.74239486,0.0080572963,-0.66991401,0
2.2787645,-3.3390265,-0.61449498,0.55324125,-0.55657941,-0.61979294,0
-2.7383828,-0.40992856,-0.70209157,-0.74239486,0.0080572963,-0.66991401,0
-0.51032281,-0.22894788,-3.1690388,-0.74239486,0.0080572963,-0.66991401,0
1.3581371,5.4399304,1.974246,-0.55324125,0.55657941,0.61979294,0
0.10323524,-5.1846743,1.7903914,-0.3778542,-0.83075523,0.40874416,0
-0.38930345,-0.74348211,4.1543036,0.74239486,-0.0080572963,0.66991401,0
4.0739889,0.84610963,-0.7727735,0.74239486,-0.0080572963,0.66991401,0
1.4039695,1.7035606,2.19644,0.74239486,-0.0080572963,0.66991401,0
-1.905946,3.9353669,0.41176254,-0.55324125,0.55657941,0.61979294,0
-3.1083584,-3.3359013,2.5790598,-0.3778542,-0.83075523,0.40874416,0
-1.1061237,-1.2686223,4.9423642,0.74239486,-0.0080572963,0.66991401,0
1.1908809,1.0016938,2.4241424,0.74239486,-0.0080572963,0.66991401,0
-2.2838316,0.17850041,3.4481516,-0.55324125,0.55657941,0.61979294,0
-3.1177759,-0.16806746,3.0149748,-0.55324125,0.55657941,0.61979294,0
1.6018907,2.6212301,-5.4242191,0.3778542,0.83075523,-0.40874416,0
2.4900784,-4.7308693,0.82401621,0.55324125,-0.55657941,-0.61979294,0
-0.24600703,-3.9949284,3.8856506,-0.3778542,-0.83075523,0.40874416,0
-4.5657029,-2.3050947,3.3269222,-0.3778542,-0.83075523,0.40874416,0
2.4833169,3.6942618,-2.4285126,0.3778542,0.83075523,-0.40874416,0
4.2390695,1.5614767,-0.94711113,0.74239486,-0.0080572963,0.66991401,0
-0.42182946,3.4747744,-3.2225609,-0.74239486,0.0080572963,-0.66991401,0
-3.0889363,-0.50824523,3.3462,-0.55324125,0.55657941,0.61979294,0
4.6432524,0.75166273,-2.1773744,0.55324125,-0.55657941,-0.61979294,0
2.5534327,2.6292901,-4.5282063,0.3778542,0.83075523,-0.40874416,0
-1.9017222,-3.9703469,-1.6720963,-0.74239486,0.0080572963,-0.66991401,0
-3.1847034,-4.1271963,0.90021038,-0.3778542,-0.83075523,0.40874416,0
-1.7022202,1.1799697,-1.8312392,-0.74239486,0.0080572963,-0.66991401,0
0.94973612,5.6029272,0.033084631,0.3778542,0.83075523,-0.40874416,0
-3.0788307,-1.7287061,-0.3406713,-0.74239486,0.0080572963,-0.66991401,0
-0.0040786564,-3.6134384,3.6928821,0.74239486,-0.0080572963,0.66991401,0
-0.30708218,-5.6552968,0.45456266,-0.3778542,-0.83075523,0.40874416,0
-0.062056184,4.3249941,-3.4995887,0.3778542,0.83075523,-0.40874416,0
-0.13633966,5.3632164,0.70913148,-0.55324125,0.55657941,0.61979294,0
1.0735383,0.76738507,-4.9122815,-0.74239486,0.0080572963,-0.66991401,0
2.7026763,3.7733538,-2.06498,0.3778542,0.83075523,-0.40874416,0
-4.3516412,-1.2375364,2.873991,-0.55324125,0.55657941,0.61979294,0
0.30969334,2.1297364,3.414237,0.74239486,-0.0080572963,0.66991401,0
0.04630518,3.3934529,2.6410286,-0.55324125,0.55657941,0.61979294,0
-1.711781,-5.8099942,-1.1583967,-0.3778542,-0.83075523,0.40874416,0
-1.5588887,2.4448965,2.0600095,-0.55324125,0.55657941,0.61979294,0
3.5098593,-2.3481848,-0.18602633,0.74239486,-0.0080572963,0.66991401,0
-1.0591097,-3.4883432,4.16361,-0.3778542,-0.83075523,0.40874416,0
-0.51321173,-1.6656283,-3.1831169,-0.74239486,0.0080572963,-0.66991401,0
-3.1157856,-3.1743226,2.9005954,-0.3778542,-0.83075523,0.40874416,0
1.6103268,-5.8889036,1.0786541,0.55324125,-0.55657941,-0.61979294,0
-1.9604149,-4.9375095,0.38504839,-0.3778542,-0.83075523,0.40874416,0
-1.9004312,-4.8026772,0.71454072,-0.3778542,-0.83075523,0.40874416,0
-0.31123328,5.1727467,-2.0069137,0.3778542,0.83075523,-0.40874416,0
0.17915709,-3.1065421,3.4959178,0.74239486,-0.0080572963,0.66991401,0
0.2630043,-5.7782164,0.73173738,-0.3778542,-0.83075523,0.40874416,0
-1.7240093,3.0058277,1.4088969,-0.55324125,0.55657941,0.61979294,0
3.4310162,4.2723937,-0.37740469,0.3778542,0.83075523,-0.40874416,0
3.1515093,2.6203539,0.2708528,0.74239486,-0.0080572963,0.66991401,0
0.17282298,-3.4729385,3.4985304,0.74239486,-0.0080572963,0.66991401,0
-1.1259179,-3.1924453,4.7032504,-0.3778542,-0.83075523,0.40874416,0
3.0288024,0.87880683,0.38589025,0.74239486,-0.0080572963,0.66991401,0
-0.013327599,-3.2619703,-2.7296655,0.55324125,-0.55657941,-0.61979294,0
0.96035981,1.8724319,2.6900771,0.74239486,-0.0080572963,0.66991401,0
-2.1553974,-1.9440696,5.4688811,-0.55324125,0.55657941,0.61979294,0
4.5340919,1.7718344,-3.1909361,0.55324125,-0.55657941,-0.61979294,0
-0.0012516975,5.6009326,-0.85008764,0.3778542,0.83075523,-0.40874416,0
1.0699148,4.7687063,2.319737,-0.55324125,0.55657941,0.61979294,0
2.1454391,-3.1314495,-0.9199096,0.55324125,-0.55657941,-0.61979294,0
0.86871576,4.7439971,2.1623313,-0.55324125,0.55657941,0.61979294,0
-3.3007126,-1.4854072,4.0346642,-0.55324125,0.55657941,0.61979294,0
-2.1397557,-3.0805745,3.9934034,-0.3778542,-0.83075523,0.40874416,0
1.9085855,5.4636698,0.63643789,0.3778542,0.83075523,-0.40874416,0
-3.9415801,-1.7980006,3.7433224,-0.55324125,0.55657941,0.61979294,0
1.2736062,2.4965782,-5.1131983,-0.74239486,0.0080572963,-0.66991401,0
-1.5208824,-3.7583861,3.1878834,-0.3778542,-0.83075523,0.40874416,0
-0.34948492,4.745862,1.0732628,-0.55324125,0.55657941,0.61979294,0
2.6923435,0.54141319,-3.7299933,0.55324125,-0.55657941,-0.61979294,0
0.69465446,-1.9385788,-3.2861218,0.55324125,-0.55657941,-0.61979294,0
2.5581086,-2.7013528,-0.93778241,0.55324125,-0.55657941,-0.61979294,0
3.3209696,4.1179867,0.1010704,0.74239486,-0.0080572963,0.66991401,0
-4.7406611,-0.88360453,1.5111248,-0.74239486,0.0080572963,-0.66991401,0
0.76647544,-0.79162884,2.8728971,0.74239486,-0.0080572963,0.66991401,0
-2.7295454,4.1687131,-0.53294754,-0.55324125,0.55657941,0.61979294,0
-2.3870707,2.0056767,-1.0623608,-0.74239486,0.0080572963,-0.66991401,0
-3.7317483,-2.0713477,4.1760912,-0.55324125,0.55657941,0.61979294,0
-0.62211871,-0.0044622421,-3.0424471,-0.74239486,0.0080572963,-0.66991401,0
-0.77342856,-3.4307513,4.5447545,-0.3778542,-0.83075523,0.40874416,0
-2.202256,-5.0742373,-0.1164093,-0.3778542,-0.83075523,0.40874416,0
3.5747128,4.0249119,-0.74756479,0.3778542,0.83075523,-0.40874416,0
-0.041327238,0.074930191,3.778522,0.74239486,-0.0080572963,0.66991401,0
2.9982777,2.7130046,-3.9468334,0.3778542,0.83075523,-0.40874416,0
2.1874418,4.8924036,-0.26685524,0.3778542,0.83075523,-0.40874416,0
-0.42465782,4.4173865,1.3011357,-0.55324125,0.55657941,0.61979294,0
1.8725126,-5.5623446,1.5898144,0.74239486,-0.0080572963,0.66991401,0
-2.631387,2.3934724,1.1488516,-0.55324125,0.55657941,0.61979294,0
0.13314009,-1.035351,3.5718246,0.74239486,-0.0080572963,0.66991401,0
0.76567745,5.588089,-0.16722131,0.3778542,0.83075523,-0.40874416,0
-1.4264746,-2.5674684,-2.181891,-0.74239486,0.0080572963,-0.66991401,0
1.0134273,4.8436861,2.201982,-0.55324125,0.55657941,0.61979294,0
-3.7143326,-4.1392622,0.38608408,-0.3778542,-0.83075523,0.40874416,0
1.4650149,5.9755197,1.2667024,0.3778542,0.83075523,-0.40874416,0
1.6008519,-3.5763104,1.9147537,0.74239486,-0.0080572963,0.66991401,0
0.3986702,1.2547319,-4.158535,-0.74239486,0.0080572963,-0.66991401,0
-0.52459741,-4.6446228,2.3076379,-0.3778542,-0.83075523,0.40874416,0
2.0611043,5.8054299,1.5175409,0.74239486,-0.0080572963,0.66991401,0
1.1837897,-3.8205481,-1.1594834,0.55324125,-0.55657941,-0.61979294,0
1.8355335,-1.1410282,1.6839707,0.74239486,-0.0080572963,0.66991401,0
-2.4717309,-4.7117701,0.37118053,-0.3778542,-0.83075523,0.40874416,0
-1.83041,-5.5871201,-0.81507707,-0.3778542,-0.83075523,0.40874416,0
0.49060535,2.9202831,3.2232587,0.74239486,-0.0080572963,0.66991401,0
-1.1786128,1.250698,-2.4106474,-0.74239486,0.0080572963,-0.66991401,0
1.2139182,-0.59422255,2.3794179,0.74239486,-0.0080572963,0.66991401,0
-0.67831326,5.6256485,-1.4257483,0.3778542,0.83075523,-0.40874416,0
3.5241573,2.2092814,-0.14705753,0.74239486,-0.0080572963,0.66991401,0
2.1099102,1.3030605,-4.9338517,0.55324125,-0.55657941,-0.61979294,0
0.52018929,0.30921161,3.1590703,0.74239486,-0.0080572963,0.66991401,0
0.35154843,-4.5258183,3.2878051,0.74239486,-0.0080572963,0.66991401,0
2.5694282,1.0703771,0.89726937,0.74239486,-0.0080572963,0.66991401,0
-0.73383284,2.1109335,3.096374,-0.55324125,0.55657941,0.61979294,0
-0.11686277,-5.7807593,0.37540889,-0.3778542,-0.83075523,0.40874416,0
-5.2973957,-2.3389978,2.5816169,-0.3778542,-0.83075523,0.40874416,0
-3.6682405,1.9302599,0.63930178,-0.55324125,0.55657941,0.61979294,0
1.3620749,-0.93207365,-3.5942173,0.55324125,-0.55657941,-0.61979294,0
-0.18742132,-4.1220417,-2.1127131,0.55324125,-0.55657941,-0.61979294,0
-0.70269823,-2.5088987,-2.9832709,-0.74239486,0.0080572963,-0.66991401,0
-0.92907292,0.58643401,-2.6951754,-0.74239486,0.0080572963,-0.66991401,0
1.2011166,-2.7480979,2.3676991,0.74239486,-0.0080572963,0.66991401,0
0.98747301,-6.0917492,0.76421332,-0.3778542,-0.83075523,0.40874416,0
2.3821025,0.19317508,1.0943124,0.74239486,-0.0080572963,0.66991401,0
