2.5914159,1.4557464,3.0349422,0.33554217,0.53737581,0.7737174,0
0.53686595,2.7349944,-3.9094996,0.88743514,0.095217109,-0.45099065,0
-0.60076272,3.3702016,3.0896502,0.33554217,0.53737581,0.7737174,0
0.96121502,5.258873,0.23128986,-0.31602252,0.83795041,-0.44493684,0
0.44325191,3.0403111,2.8660078,0.33554217,0.53737581,0.7737174,0
-2.2402554,1.8418345,1.5239624,-0.88743514,-0.095217109,0.45099065,0
-2.7840722,0.076711416,-4.0157413,-0.33554217,-0.53737581,-0.7737174,0
-0.70174646,-1.5588979,3.833365,-0.88743514,-0.095217109,0.45099065,0
-0.39546108,-2.6649051,4.2025476,-0.88743514,-0.095217109,0.45099065,0
-1.8643351,4.8349438,1.4397888,-0.31602252,0.83795041,-0.44493684,0
-2.6338134,0.91442323,0.55373663,-0.88743514,-0.095217109,0.45099065,0
1.8357282,-3.2029977,1.6539761,0.31602252,-0.83795041,0.44493684,0
-1.753449,-4.9383664,-0.97953701,-0.33554217,-0.53737581,-0.7737174,0
1.7200816,-4.9688663,-2.4647388,-0.33554217,-0.53737581,-0.7737174,0
-1.0195163,-2.0927029,-3.2742462,-0.33554217,-0.53737581,-0.7737174,0
-2.7603033,3.8106315,0.91631007,-0.88743514,-0.095217109,0.45099065,0
-0.27273512,5.0122509,0.64325547,-0.31602252,0.83795041,-0.44493684,0
-1.3159368,0.065380812,2.9677262,-0.88743514,-0.095217109,0.45099065,0
-1.4847572,0.48155212,2.7233963,-0.88743514,-0.095217109,0.45099065,0
2.3886447,-2.8214114,1.9799016,0.31602252,-0.83795041,0.44493684,0
-0.98898828,1.4464672,3.9026649,-0.88743514,-0.095217109,0.45099065,0
0.54214025,2.5995727,-3.9277129,0.88743514,0.095217109,-0.45099065,0
0.85788417,-4.4453654,-2.4544158,-0.33554217,-0.53737581,-0.7737174,0
-2.2435436,1.8923287,-3.8327038,-0.31602252,0.83795041,-0.44493684,0
-0.41106319,4.8500319,1.9795847,0.33554217,0.53737581,0.7737174,0
0.26667047,4.3260026,-1.0322766,-0.31602252,0.83795041,-0.44493684,0
1.7201766,4.6615829,1.186203,0.33554217,0.53737581,0.7737174,0
-0.99636352,0.164644,3.6175225,-0.88743514,-0.095217109,0.45099065,0
0.23334956,-4.6317792,-2.0540991,-0.33554217,-0.53737581,-0.7737174,0
1.413902,-0.12018421,4.6401434,0.33554217,0.53737581,0.7737174,0
1.8047805,-2.1313927,-2.4420006,0.88743514,0.095217109,-0.45099065,0
3.8059745,-1.0418379,4.2428842,0.33554217,0.53737581,0.7737174,0
-1.4070656,-5.2827682,0.040380239,0.31602252,-0.83795041,0.44493684,0
-1.7403414,-2.3973958,-2.7500215,-0.33554217,-0.53737581,-0.7737174,0
0.26448989,4.2873077,-1.1036029,-0.31602252,0.83795041,-0.44493684,0
-1.1104392,2.184042,3.8194039,-0.88743514,-0.095217109,0.45099065,0
2.63642,3.4285345,1.6452498,0.33554217,0.53737581,0.7737174,0
1.116118,4.6491146,-1.0270911,-0.31602252,0.83795041,-0.44493684,0
-1.5148387,3.8860095,-0.59557444,-0.31602252,0.83795041,-0.44493684,0
3.1270964,-2.5544381,0.070664614,0.88743514,0.095217109,-0.45099065,0
-2.5901496,-3.5325503,-0.29922795,-0.88743514,-0.095217109,0.45099065,0
-3.1354115,-2.1387069,-1.0778849,-0.88743514,-0.095217109,0.45099065,0
-0.64183211,5.3220377,1.4888334,-0.31602252,0.83795041,-0.44493684,0
-0.78635025,-3.5558419,2.8518322,0.31602252,-0.83795041,0.44493684,0
2.250824,-2.1395063,3.3620234,0.31602252,-0.83795041,0.44493684,0
1.666729,-1.5450983,-2.5898669,0.88743514,0.095217109,-0.45099065,0
0.92032444,2.6293566,2.9445372,0.33554217,0.53737581,0.7737174,0
-0.70545125,4.1052446,-0.75756788,-0.31602252,0.83795041,-0.44493684,0
1.3447946,0.43193674,-2.805943,0.88743514,0.095217109,-0.45099065,0
0.16734698,-2.5905681,-3.4431734,-0.33554217,-0.53737581,-0.7737174,0
-0.72229016,1.9910209,4.1002464,0.33554217,0.53737581,0.7737174,0
-1.1114724,-2.7651937,-2.7672968,-0.33554217,-0.53737581,-0.7737174,0
-2.1045704,-4.5683632,0.43757915,-0.88743514,-0.095217109,0.45099065,0
-1.5859671,1.7597784,-4.5493908,-0.31602252,0.83795041,-0.44493684,0
2.020664,1.4044042,-1.2706881,0.88743514,0.095217109,-0.45099065,0
-0.36200714,2.0039663,-4.9588451,-0.31602252,0.83795041,-0.44493684,0
0.26107073,-3.2005229,2.7770593,0.31602252,-0.83795041,0.44493684,0
1.1607876,-2.1717505,-3.7177351,0.88743514,0.095217109,-0.45099065,0
-1.8175702,0.39556801,-4.6563473,-0.33554217,-0.53737581,-0.7737174,0
-1.2269621,3.0670979,3.571734,0.33554217,0.53737581,0.7737174,0
3.3998685,-3.2082586,0.46937102,0.88743514,0.095217109,-0.45099065,0
4.0063477,0.41877055,3.1415393,0.33554217,0.53737581,0.7737174,0
4.0294938,0.96222115,2.5888219,0.88743514,0.095217109,-0.45099065,0
-2.1430187,2.5421343,-2.6803246,-0.31602252,0.83795041,-0.44493684,0
-2.9096193,3.9120505,0.44413066,-0.31602252,0.83795041,-0.44493684,0
-3.3927774,0.074312925,-3.7500954,-0.33554217,-0.53737581,-0.7737174,0
2.3758814,0.1361289,-0.83947974,0.88743514,0.095217109,-0.45099065,0
3.0629373,2.5547929,2.0671258,0.33554217,0.53737581,0.7737174,0
-4.035058,1.4041588,-2.1001599,-0.88743514,-0.095217109,0.45099065,0
-3.3421979,3.3329258,-0.3392908,-0.31602252,0.83795041,-0.44493684,0
-3.0254557,2.4418583,0.10556901,-0.88743514,-0.095217109,0.45099065,0
-0.47029781,2.7810154,-3.4185126,-0.31602252,0.83795041,-0.44493684,0
1.7746966,-3.8499482,-2.8640342,0.88743514,0.095217109,-0.45099065,0
0.90409225,1.7316923,3.575038,0.33554217,0.53737581,0.7737174,0
1.988255,-2.8288808,2.250217,0.31602252,-0.83795041,0.44493684,0
0.58405638,-2.3794093,4.0940585,0.31602252,-0.83795041,0.44493684,0
1.3046867,0.3040874,-2.9118588,0.88743514,0.095217109,-0.45099065,0
2.1042171,-2.2112126,3.3311095,0.31602252,-0.83795041,0.44493684,0
-0.99688822,0.38840556,3.663733,-0.88743514,-0.095217109,0.45099065,0
-2.137748,3.4034441,2.0553713,-0.88743514,-0.095217109,0.45099065,0
-0.44423735,0.40389109,4.7544785,-0.88743514,-0.095217109,0.45099065,0
1.9143028,-2.4886591,-2.3019176,0.88743514,0.095217109,-0.45099065,0
-3.8198409,1.0904109,-4.2233715,-0.31602252,0.83795041,-0.44493684,0
3.2035282,-1.7144747,0.39840412,0.88743514,0.095217109,-0.45099065,0
-1.7327924,3.7446826,2.9242671,-0.88743514,-0.095217109,0.45099065,0
-2.0952983,2.5472913,1.9581435,-0.88743514,-0.095217109,0.45099065,0
-0.76580524,0.84738362,-5.4262743,-0.33554217,-0.53737581,-0.7737174,0
-2.1370323,0.68099546,1.4819927,-0.88743514,-0.095217109,0.45099065,0
-2.0305791,-3.897326,0.72485018,-0.88743514,-0.095217109,0.45099065,0
2.0215397,-0.4208529,-1.6543288,0.88743514,0.095217109,-0.45099065,0
3.7351635,0.68750465,3.0724995,0.33554217,0.53737581,0.7737174,0
3.0698874,1.5126855,0.81677866,0.88743514,0.095217109,-0.45099065,0
-1.5069754,3.6692061,-1.0094662,-0.31602252,0.83795041,-0.44493684,0
-1.8336289,-2.2415502,1.4619801,-0.88743514,-0.095217109,0.45099065,0
-0.9965694,3.8452785,-1.0403924,-0.31602252,0.83795041,-0.44493684,0
0.55426788,-1.9230461,4.9746866,0.31602252,-0.83795041,0.44493684,0
-2.2004333,4.9014912,2.2483046,-0.88743514,-0.095217109,0.45099065,0
1.140008,-3.8421428,0.94441819,0.31602252,-0.83795041,0.44493684,0
1.9230825,-1.8395288,-2.1475916,0.88743514,0.095217109,-0.45099065,0
-2.1328206,-3.4968283,-1.816215,-0.33554217,-0.53737581,-0.7737174,0
-1.3374733,-2.5015516,-2.8523955,-0.33554217,-0.53737581,-0.7737174,0
0.69092143,-1.0086813,-4.3967552,0.88743514,0.095217109,-0.45099065,0
-2.1850426,-1.6594282,-3.0697117,-0.33554217,-0.53737581,-0.7737174,0
-0.9643966,-1.7581255,-3.5305266,-0.33554217,-0.53737581,-0.7737174,0
2.1195576,5.0217552,-0.31236339,0.88743514,0.095217109,-0.45099065,0
1.6123514,-2.1794667,3.7402508,0.31602252,-0.83795041,0.44493684,0
-2.2913048,4.4757075,1.0664999,-0.31602252,0.83795041,-0.44493684,0
1.263018,0.074031353,-3.0424228,0.88743514,0.095217109,-0.45099065,0
2.6934657,-1.5422826,4.1723833,0.31602252,-0.83795041,0.44493684,0
2.990289,-0.7360239,0.18538207,0.88743514,0.095217109,-0.45099065,0
-3.4765625,-0.96158493,-1.500658,-0.88743514,-0.095217109,0.45099065,0
0.32515979,4.4438066,1.942441,0.33554217,0.53737581,0.7737174,0
1.4049373,-1.5331923,5.1046987,0.31602252,-0.83795041,0.44493684,0
2.8273041,-0.55615103,4.3299818,0.33554217,0.53737581,0.7737174,0
2.0444911,0.011193037,-1.5179493,0.88743514,0.095217109,-0.45099065,0
-0.8583622,-5.455101,-0.67389822,0.31602252,-0.83795041,0.44493684,0
4.111578,0.35655403,2.6224675,0.88743514,0.095217109,-0.45099065,0
2.503829,-2.5394921,-1.1526122,0.88743514,0.095217109,-0.45099065,0
-2.2746158,2.771723,1.6526763,-0.88743514,-0.095217109,0.45099065,0
2.4774351,-0.32387275,4.3203845,0.33554217,0.53737581,0.7737174,0
0.46454144,4.8852463,-0.11959267,-0.31602252,0.83795041,-0.44493684,0
-4.0712719,-0.92966318,-2.7585497,-0.33554217,-0.53737581,-0.7737174,0
-2.9051938,-0.84213805,-3.3250382,-0.33554217,-0.53737581,-0.7737174,0
-0.28990412,-2.9468896,3.6460648,0.31602252,-0.83795041,0.44493684,0
-2.0014777,-4.9501286,0.55983758,-0.88743514,-0.095217109,0.45099065,0
0.38033485,-2.110424,4.7453356,0.31602252,-0.83795041,0.44493684,0
-1.5161769,-2.9619694,-2.4551187,-0.33554217,-0.53737581,-0.7737174,0
0.10188746,3.1167588,-3.1926091,-0.31602252,0.83795041,-0.44493684,0
-2.8106329,3.653558,-0.11299586,-0.31602252,0.83795041,-0.44493684,0
2.4826667,-0.59142137,-0.7829597,0.88743514,0.095217109,-0.45099065,0
1.031251,-0.72803617,5.2282662,0.33554217,0.53737581,0.7737174,0
-3.7267213,-0.97092855,-1.9948804,-0.88743514,-0.095217109,0.45099065,0
1.7594938,-3.8038158,0.57660037,0.31602252,-0.83795041,0.44493684,0
-3.4088228,0.75441432,-1.0050682,-0.88743514,-0.095217109,0.45099065,0
-0.2492929,-2.3672044,-3.4176211,-0.33554217,-0.53737581,-0.7737174,0
-1.2545056,2.0764065,-4.188509,-0.31602252,0.83795041,-0.44493684,0
1.9881275,4.2236209,-0.73949444,0.88743514,0.095217109,-0.45099065,0
0.27968287,-0.29920244,5.2563624,0.33554217,0.53737581,0.7737174,0
-1.8871393,-4.9798794,-0.89272642,-0.33554217,-0.53737581,-0.7737174,0
-1.7778668,-1.7979031,1.6653724,-0.88743514,-0.095217109,0.45099065,0
0.43303537,-5.3080535,-1.6709995,-0.33554217,-0.53737581,-0.7737174,0
-0.66836834,4.8236847,2.1094704,0.33554217,0.53737581,0.7737174,0
2.628937,4.5009108,0.90368891,0.33554217,0.53737581,0.7737174,0
-1.5107551,1.2401377,-5.3759909,-0.33554217,-0.53737581,-0.7737174,0
3.0006819,1.6765342,0.71519327,0.88743514,0.095217109,-0.45099065,0
2.0271893,5.0710373,0.76867771,0.33554217,0.53737581,0.7737174,0
2.7233224,2.062139,2.5565751,0.33554217,0.53737581,0.7737174,0
0.88901371,-2.4676309,-3.841527,-0.33554217,-0.53737581,-0.7737174,0
4.5267558,-1.2364233,3.4462893,0.31602252,-0.83795041,0.44493684,0
-2.8285763,3.1013513,0.63221562,-0.88743514,-0.095217109,0.45099065,0
2.9617648,-0.23710942,0.23458928,0.88743514,0.095217109,-0.45099065,0
1.5704417,4.4301128,-1.5177972,0.88743514,0.095217109,-0.45099065,0
-1.253243,1.7612374,3.449136,-0.88743514,-0.095217109,0.45099065,0
2.755249,3.5044596,0.61817098,0.88743514,0.095217109,-0.45099065,0
1.6922867,0.41718364,-2.1252818,0.88743514,0.095217109,-0.45099065,0
-0.17271471,-3.5656145,2.3975837,0.31602252,-0.83795041,0.44493684,0
0.55603343,-1.2933052,-4.5127349,-0.33554217,-0.53737581,-0.7737174,0
3.2262979,-1.3056102,0.52953184,0.88743514,0.095217109,-0.45099065,0
-2.8535728,2.9273899,0.54630065,-0.88743514,-0.095217109,0.45099065,0
2.269501,2.7102118,-0.50534642,0.88743514,0.095217109,-0.45099065,0
-0.86869597,-4.0489373,1.9816716,0.31602252,-0.83795041,0.44493684,0
-0.85823774,-3.9932876,2.0790484,0.31602252,-0.83795041,0.44493684,0
-0.91557139,0.35627484,3.8169599,-0.88743514,-0.095217109,0.45099065,0
0.75720978,-4.886898,-0.75128317,0.31602252,-0.83795041,0.44493684,0
2.0684681,1.0446664,-1.2525727,0.88743514,0.095217109,-0.45099065,0
1.3022081,4.0843263,1.7683921,0.33554217,0.53737581,0.7737174,0
-2.4025502,3.1843576,1.4880521,-0.88743514,-0.095217109,0.45099065,0
0.5979448,3.5022087,2.4781165,0.33554217,0.53737581,0.7737174,0
-1.8410306,0.60730195,2.0488899,-0.88743514,-0.095217109,0.45099065,0
-0.35284448,1.2649922,4.4442806,0.33554217,0.53737581,0.7737174,0
-1.5973921,2.1041775,2.8443422,-0.88743514,-0.095217109,0.45099065,0
3.6377852,-0.4958427,1.5101994,0.88743514,0.095217109,-0.45099065,0
2.9756224,-2.8637483,-0.29270196,0.88743514,0.095217109,-0.45099065,0
4.0778232,-1.3234723,2.2013464,0.88743514,0.095217109,-0.45099065,0
2.3015075,-3.4335263,-1.739485,0.88743514,0.095217109,-0.45099065,0
-3.245991,1.5688059,-0.51271456,-0.88743514,-0.095217109,0.45099065,0
3.6538737,-2.72333,1.0715711,0.88743514,0.095217109,-0.45099065,0
-1.6872542,4.7847309,1.2194486,-0.31602252,0.83795041,-0.44493684,0
-1.3010073,-0.37574047,-4.3446646,-0.33554217,-0.53737581,-0.7737174,0
-1.5141637,2.9965482,3.1965199,-0.88743514,-0.095217109,0.45099065,0
0.075275898,2.780025,-3.807879,-0.31602252,0.83795041,-0.44493684,0
-1.2678494,1.7520212,-4.7899466,-0.31602252,0.83795041,-0.44493684,0
-1.5172462,-5.6457825,-0.56502819,0.31602252,-0.83795041,0.44493684,0
3.5276222,-1.4057848,3.8369796,0.31602252,-0.83795041,0.44493684,0
-0.71652126,-1.0420772,3.9134078,-0.88743514,-0.095217109,0.45099065,0
0.2887063,-0.65605652,5.5002971,0.33554217,0.53737581,0.7737174,0
-1.0838141,3.1156085,3.4759622,0.33554217,0.53737581,0.7737174,0
1.8893003,-2.2222221,3.463022,0.31602252,-0.83795041,0.44493684,0
0.23309064,-0.343014,-5.0326958,-0.33554217,-0.53737581,-0.7737174,0
-2.5267911,2.4755681,-2.5331089,-0.31602252,0.83795041,-0.44493684,0
0.751194,3.0506575,-3.4211116,0.88743514,0.095217109,-0.45099065,0
-2.7922781,-0.3264184,-3.7321939,-0.33554217,-0.53737581,-0.7737174,0
0.5682013,4.3117166,1.9287815,0.33554217,0.53737581,0.7737174,0
-1.4690859,0.489115,2.7558298,-0.88743514,-0.095217109,0.45099065,0
2.8341055,-0.98000407,-0.17345868,0.88743514,0.095217109,-0.45099065,0
-3.5305409,2.3535779,-0.90694815,-0.88743514,-0.095217109,0.45099065,0
1.1127534,-0.25931543,4.8673763,0.33554217,0.53737581,0.7737174,0
-3.6207201,0.80620313,-1.4110935,-0.88743514,-0.095217109,0.45099065,0
-0.80284262,3.5258329,-1.7796017,-0.31602252,0.83795041,-0.44493684,0
-1.7953279,-4.7408385,1.0096748,-0.88743514,-0.095217109,0.45099065,0
1.4662242,-0.92073917,-2.8525896,0.88743514,0.095217109,-0.45099065,0
-1.5029589,-0.98960036,-3.8307352,-0.33554217,-0.53737581,-0.7737174,0
1.9492571,2.3012855,-1.2218412,0.88743514,0.095217109,-0.45099065,0
-0.87193966,2.0388668,-4.5309305,-0.31602252,0.83795041,-0.44493684,0
-1.3711512,4.8497591,2.3961406,0.33554217,0.53737581,0.7737174,0
1.4732456,-1.6018181,4.926939,0.31602252,-0.83795041,0.44493684,0
-1.9595566,2.1865075,2.1490762,-0.88743514,-0.095217109,0.45099065,0
-0.057710409,-0.64098382,5.2944627,-0.88743514,-0.095217109,0.45099065,0
-1.6491313,0.11615223,-4.5353298,-0.33554217,-0.53737581,-0.7737174,0
1.9308766,2.262939,2.7607765,0.33554217,0.53737581,0.7737174,0
2.2477987,4.2583294,-0.22119904,0.88743514,0.095217109,-0.45099065,0
-0.64787102,2.1751337,-4.4334464,-0.31602252,0.83795041,-0.44493684,0
-0.19055557,-4.6908288,-1.8292494,-0.33554217,-0.53737581,-0.7737174,0
-0.4498651,4.87637,1.9781194,0.33554217,0.53737581,0.7737174,0
1.6365602,4.4816461,-1.3768122,0.88743514,0.095217109,-0.45099065,0
2.0642285,0.075904846,-1.4654483,0.88743514,0.095217109,-0.45099065,0
2.4679222,-2.1675775,3.1549606,0.31602252,-0.83795041,0.44493684,0
1.3588848,3.9145808,-2.0429316,0.88743514,0.095217109,-0.45099065,0
-2.4218009,4.4020457,1.0204597,-0.31602252,0.83795041,-0.44493684,0
1.2337992,-4.2149954,0.17560792,0.31602252,-0.83795041,0.44493684,0
3.1681979,-3.4841778,0.17802489,0.31602252,-0.83795041,0.44493684,0
-0.21143532,-3.1501729,3.2074881,0.31602252,-0.83795041,0.44493684,0
-1.9916306,-0.082332447,-4.2489414,-0.33554217,-0.53737581,-0.7737174,0
-2.5428278,0.38179839,-4.3322582,-0.33554217,-0.53737581,-0.7737174,0
-2.7693634,2.043643,0.52541971,-0.88743514,-0.095217109,0.45099065,0
-0.92598534,1.6393859,-5.2448864,-0.31602252,0.83795041,-0.44493684,0
-3.4980588,2.6048317,-0.78998482,-0.88743514,-0.095217109,0.45099065,0
0.31666279,-3.526135,2.1243491,0.31602252,-0.83795041,0.44493684,0
1.2591909,3.3496766,2.2972894,0.33554217,0.53737581,0.7737174,0
2.5916448,2.6402516,0.1137805,0.88743514,0.095217109,-0.45099065,0
-0.85939938,-0.22120428,3.8055696,-0.88743514,-0.095217109,0.45099065,0
-2.6179771,4.0246859,0.44911301,-0.31602252,0.83795041,-0.44493684,0
-3.4949622,-1.3086176,-2.7452826,-0.33554217,-0.53737581,-0.7737174,0
1.1977592,-5.2993398,-1.8409419,0.31602252,-0.83795041,0.44493684,0
2.1388533,-2.7244878,-1.9098487,0.88743514,0.095217109,-0.45099065,0
-3.6943195,2.3282468,-1.2345719,-0.88743514,-0.095217109,0.45099065,0
2.3467262,0.37849349,3.8892498,0.33554217,0.53737581,0.7737174,0
0.6182698,0.2530961,-4.2733183,0.88743514,0.095217109,-0.45099065,0
1.2162528,3.0184195,2.5459809,0.33554217,0.53737581,0.7737174,0
2.4355087,2.9559822,-0.12679648,0.88743514,0.095217109,-0.45099065,0
-2.3200788,-0.090819597,0.95885116,-0.88743514,-0.095217109,0.45099065,0
0.64210343,5.0114479,1.4107428,0.33554217,0.53737581,0.7737174,0
-2.074857,2.3967917,1.9665921,-0.88743514,-0.095217109,0.45099065,0
0.21384692,-1.1341143,5.7247038,-0.88743514,-0.095217109,0.45099065,0
-2.3861403,3.0614858,1.494401,-0.88743514,-0.095217109,0.45099065,0
1.217891,-1.0909094,5.399354,0.33554217,0.53737581,0.7737174,0
-0.80078614,-4.3316493,-1.8140712,-0.33554217,-0.53737581,-0.7737174,0
-1.0147178,4.4665022,2.5077505,0.33554217,0.53737581,0.7737174,0
-3.9640179,1.8376424,-2.7137048,-0.31602252,0.83795041,-0.44493684,0
1.2291578,2.5676761,-2.5825708,0.88743514,0.095217109,-0.45099065,0
-1.5313554,4.3158407,2.8364429,0.33554217,0.53737581,0.7737174,0
2.1340597,-4.9680777,-2.3929687,0.88743514,0.095217109,-0.45099065,0
2.2313204,2.2313321,2.6524329,0.33554217,0.53737581,0.7737174,0
-3.852582,2.0566912,-2.3803186,-0.31602252,0.83795041,-0.44493684,0
1.5932636,-3.6592801,0.96687245,0.31602252,-0.83795041,0.44493684,0
0.72480392,5.2896338,1.1816669,0.33554217,0.53737581,0.7737174,0
1.640155,5.0514731,0.95011282,0.33554217,0.53737581,0.7737174,0
0.52437854,-4.1132536,0.87109411,0.31602252,-0.83795041,0.44493684,0
2.0727329,-4.2527781,-0.49141359,0.31602252,-0.83795041,0.44493684,0
-1.5353653,-0.287164,-4.3045502,-0.33554217,-0.53737581,-0.7737174,0
-2.5596747,0.65132946,-4.5121508,-0.33554217,-0.53737581,-0.7737174,0
2.0305667,0.81085432,-1.3765178,0.88743514,0.095217109,-0.45099065,0
-4.3582578,-0.17645168,-3.0698473,-0.88743514,-0.095217109,0.45099065,0
-0.95976758,5.1427412,1.3769839,-0.31602252,0.83795041,-0.44493684,0
0.96711326,1.4155276,-3.34146,0.88743514,0.095217109,-0.45099065,0
-1.4892149,2.7371302,-2.7774615,-0.31602252,0.83795041,-0.44493684,0
-1.0542088,-2.1944451,-3.1885371,-0.33554217,-0.53737581,-0.7737174,0
-0.06781888,0.65079427,-5.5394015,0.88743514,0.095217109,-0.45099065,0
1.4759799,-1.515769,-2.9590201,0.88743514,0.095217109,-0.45099065,0
1.1482804,1.9792144,-2.8659587,0.88743514,0.095217109,-0.45099065,0
-2.8210707,1.1726904,0.23978969,-0.88743514,-0.095217109,0.45099065,0
3.1210113,-1.5386899,3.8754797,0.31602252,-0.83795041,0.44493684,0
-3.6166267,-1.3495255,-1.8581755,-0.88743514,-0.095217109,0.45099065,0
3.6282928,-0.36532688,1.5190767,0.88743514,0.095217109,-0.45099065,0
0.53827214,5.4650531,0.91998959,-0.31602252,0.83795041,-0.44493684,0
-1.0480089,3.135617,-2.3403633,-0.31602252,0.83795041,-0.44493684,0
-0.18770599,-0.47188926,5.0743647,-0.88743514,-0.095217109,0.45099065,0
0.89763367,-1.1427023,-4.0182939,0.88743514,0.095217109,-0.45099065,0
0.45747805,2.9680064,2.9100571,0.33554217,0.53737581,0.7737174,0
0.14794183,1.6017725,3.993196,0.33554217,0.53737581,0.7737174,0
-4.2469893,0.37370467,-2.7347455,-0.88743514,-0.095217109,0.45099065,0
1.13802,3.8243065,2.0201898,0.33554217,0.53737581,0.7737174,0
-2.1336169,4.4720187,0.94755316,-0.31602252,0.83795041,-0.44493684,0
1.4052706,-3.0613911,2.226403,0.31602252,-0.83795041,0.44493684,0
4.3464694,-1.2081153,3.6276524,0.31602252,-0.83795041,0.44493684,0
3.0258822,-3.4187028,-0.31097007,0.88743514,0.095217109,-0.45099065,0
-0.73750257,2.1706362,-4.3782549,-0.31602252,0.83795041,-0.44493684,0
-2.5766368,3.7047081,-0.18286371,-0.31602252,0.83795041,-0.44493684,0
-0.71251357,1.5731232,4.3862524,0.33554217,0.53737581,0.7737174,0
1.8229256,-3.0820889,1.8907769,0.31602252,-0.83795041,0.44493684,0
1.0539703,-2.5990839,3.3465819,0.31602252,-0.83795041,0.44493684,0
-1.2469134,2.3232884,3.580256,-0.88743514,-0.095217109,0.45099065,0
1.9669133,4.661665,-0.68875384,0.88743514,0.095217109,-0.45099065,0
-0.38308787,-4.175436,1.3985258,0.31602252,-0.83795041,0.44493684,0
-0.4683547,3.1062326,-2.80741,-0.31602252,0.83795041,-0.44493684,0
-2.6858459,2.7091656,-1.980203,-0.31602252,0.83795041,-0.44493684,0
0.73724651,-3.117677,2.5948727,0.31602252,-0.83795041,0.44493684,0
-2.2968574,-0.68423438,0.87925828,-0.88743514,-0.095217109,0.45099065,0
-0.97058684,2.0900106,4.0747447,-0.88743514,-0.095217109,0.45099065,0
-3.6674514,2.4558747,-1.1547558,-0.88743514,-0.095217109,0.45099065,0
-3.6389811,-1.4523648,-1.9238758,-0.88743514,-0.095217109,0.45099065,0
2.3629515,-0.19312516,4.2792249,0.33554217,0.53737581,0.7737174,0
1.7761468,0.73713481,3.8876066,0.33554217,0.53737581,0.7737174,0
1.3379788,0.23290801,-2.8613758,0.88743514,0.095217109,-0.45099065,0
-1.386041,-2.8383801,-2.5973926,-0.33554217,-0.53737581,-0.7737174,0
-2.017482,-2.9144537,0.95813471,-0.88743514,-0.095217109,0.45099065,0
3.3071156,-1.2279788,4.3284588,0.31602252,-0.83795041,0.44493684,0
-2.4596062,0.75604993,-4.6282806,-0.33554217,-0.53737581,-0.7737174,0
2.8528438,-1.2798979,4.5533323,0.31602252,-0.83795041,0.44493684,0
-2.8236306,-4.253931,-0.91096354,-0.88743514,-0.095217109,0.45099065,0
2.4556699,-1.4284105,-1.012795,0.88743514,0.095217109,-0.45099065,0
1.0464985,0.61350584,-3.3545799,0.88743514,0.095217109,-0.45099065,0
0.11888289,-0.35838652,5.3672013,0.33554217,0.53737581,0.7737174,0
1.3479795,4.1031008,1.7355027,0.33554217,0.53737581,0.7737174,0
4.4995689,-0.81822848,3.1379049,0.88743514,0.095217109,-0.45099065,0
1.7202573,4.026618,-1.3081877,0.88743514,0.095217109,-0.45099065,0
-3.2262688,-2.7842147,-1.3929534,-0.88743514,-0.095217109,0.45099065,0
3.5123081,1.179528,2.8274176,0.33554217,0.53737581,0.7737174,0
-2.2664819,-0.16270563,-4.0739231,-0.33554217,-0.53737581,-0.7737174,0
-0.20594716,-4.2263899,1.1767476,0.31602252,-0.83795041,0.44493684,0
1.1913824,-2.888237,-3.6805296,-0.33554217,-0.53737581,-0.7737174,0
0.15444541,-4.264729,0.8485707,0.31602252,-0.83795041,0.44493684,0
0.21328115,1.4774133,-4.8117447,0.88743514,0.095217109,-0.45099065,0
0.30603981,2.9700339,-3.6139383,-0.31602252,0.83795041,-0.44493684,0
1.4602785,-4.1297827,0.17522836,0.31602252,-0.83795041,0.44493684,0
2.376689,-3.7369132,0.26422668,0.31602252,-0.83795041,0.44493684,0
-3.8340499,-1.1846691,-2.6843159,-0.33554217,-0.53737581,-0.7737174,0
2.4460783,1.1576486,-0.48567736,0.88743514,0.095217109,-0.45099065,0
4.03369,-1.7137041,2.8976331,0.31602252,-0.83795041,0.44493684,0
-1.9165933,3.5123959,-1.0138503,-0.31602252,0.83795041,-0.44493684,0
-0.54409766,-0.62232625,-4.5016556,-0.33554217,-0.53737581,-0.7737174,0
-1.7959257,2.439836,2.5245452,-0.88743514,-0.095217109,0.45099065,0
-2.9598112,-2.9867678,-1.8118258,-0.33554217,-0.53737581,-0.7737174,0
-1.5067523,5.2588019,1.9840631,-0.31602252,0.83795041,-0.44493684,0
1.567318,-0.12199378,-2.4850245,0.88743514,0.095217109,-0.45099065,0
-0.82045507,-3.6140897,2.7663572,0.31602252,-0.83795041,0.44493684,0
-2.1158462,3.0710158,2.0282836,-0.88743514,-0.095217109,0.45099065,0
-2.8722341,-1.221289,-0.36632478,-0.88743514,-0.095217109,0.45099065,0
0.35266018,-4.6864252,-2.0678868,-0.33554217,-0.53737581,-0.7737174,0
4.2809248,0.20905733,3.1681163,0.33554217,0.53737581,0.7737174,0
0.65664697,2.2708468,-3.7717962,0.88743514,0.095217109,-0.45099065,0
-2.2642312,1.3579805,1.3746283,-0.88743514,-0.095217109,0.45099065,0
0.92584705,-4.7889338,-2.2452683,-0.33554217,-0.53737581,-0.7737174,0
0.87836277,-2.7808049,-3.6193967,-0.33554217,-0.53737581,-0.7737174,0
2.7403083,-1.0645325,-0.37587416,0.88743514,0.095217109,-0.45099065,0
-3.3737907,2.4944329,-0.56876612,-0.88743514,-0.095217109,0.45099065,0
3.514626,-1.1594834,1.1277399,0.88743514,0.095217109,-0.45099065,0
0.193956,-2.2157891,-3.7150106,-0.33554217,-0.53737581,-0.7737174,0
-2.4408147,-4.6438208,-0.23999572,-0.88743514,-0.095217109,0.45099065,0
2.1280725,4.8836536,-0.32476568,0.88743514,0.095217109,-0.45099065,0
-2.66926,-4.3131289,-1.0166235,-0.33554217,-0.53737581,-0.7737174,0
0.080606341,-3.5835435,-2.7158976,-0.33554217,-0.53737581,-0.7737174,0
-2.0003195,2.1588626,-3.5034943,-0.31602252,0.83795041,-0.44493684,0
-2.0782952,3.3509352,2.1612728,-0.88743514,-0.095217109,0.45099065,0
3.2472506,-1.9666905,0.43118823,0.88743514,0.095217109,-0.45099065,0
-2.4809437,3.7009964,-0.25782043,-0.31602252,0.83795041,-0.44493684,0
1.8851655,-3.5153198,1.0306661,0.31602252,-0.83795041,0.44493684,0
2.0187526,-1.3625911,4.9900217,0.31602252,-0.83795041,0.44493684,0
-2.101315,3.4742007,2.1420014,-0.88743514,-0.095217109,0.45099065,0
-4.2426081,0.5605073,-3.7192245,-0.33554217,-0.53737581,-0.7737174,0
3.968679,-2.1572638,1.8105398,0.88743514,0.095217109,-0.45099065,0
0.95901084,4.0940661,1.9104633,0.33554217,0.53737581,0.7737174,0
4.2766743,-1.3357153,3.4369173,0.31602252,-0.83795041,0.44493684,0
0.31447101,0.82491839,-4.7503881,0.88743514,0.095217109,-0.45099065,0
-1.4244002,2.9925585,3.3723092,-0.88743514,-0.095217109,0.45099065,0
-0.15973711,-2.1120694,4.7831116,-0.88743514,-0.095217109,0.45099065,0
0.27731299,1.2679085,-4.7299786,0.88743514,0.095217109,-0.45099065,0
1.2830803,-0.84083074,5.1973944,0.33554217,0.53737581,0.7737174,0
-2.2022915,-5.1241207,-0.65587234,-0.33554217,-0.53737581,-0.7737174,0
4.7162724,-0.72039557,3.5849798,0.88743514,0.095217109,-0.45099065,0
-2.4716303,-5.0253806,-0.60764456,-0.33554217,-0.53737581,-0.7737174,0
0.75228906,-3.9679971,-2.7401719,-0.33554217,-0.53737581,-0.7737174,0
3.6209259,-1.0927473,4.3584938,0.33554217,0.53737581,0.7737174,0
1.4599392,2.6563714,2.6917562,0.33554217,0.53737581,0.7737174,0
-1.0259242,-0.53574789,3.4114819,-0.88743514,-0.095217109,0.45099065,0
0.3823902,1.8560708,3.7149024,0.33554217,0.53737581,0.7737174,0
-1.6961641,-5.4579697,-0.64349604,-0.33554217,-0.53737581,-0.7737174,0
-0.58831477,-1.4239018,4.0850706,-0.88743514,-0.095217109,0.45099065,0
-1.1752372,-0.85809577,3.0496149,-0.88743514,-0.095217109,0.45099065,0
2.4304399,1.3792074,-0.4696731,0.88743514,0.095217109,-0.45099065,0
-3.2514048,3.0040565,-0.22034499,-0.88743514,-0.095217109,0.45099065,0
1.4455185,-3.9859462,0.45659983,0.31602252,-0.83795041,0.44493684,0
0.070635319,2.8410075,-3.689734,-0.31602252,0.83795041,-0.44493684,0
3.5968363,-0.37861443,1.454373,0.88743514,0.095217109,-0.45099065,0
1.5546548,1.9360157,3.150995,0.33554217,0.53737581,0.7737174,0
-4.1301184,-0.86218548,-2.7798953,-0.33554217,-0.53737581,-0.7737174,0
-2.5947883,-4.5524321,-0.88271523,-0.33554217,-0.53737581,-0.7737174,0
3.1231978,1.5009815,0.91920924,0.88743514,0.095217109,-0.45099065,0
3.4884119,-2.7432353,0.74178141,0.88743514,0.095217109,-0.45099065,0
-1.0877774,2.9712148,3.5779676,0.33554217,0.53737581,0.7737174,0
-2.9957957,-3.8415091,-1.1626666,-0.88743514,-0.095217109,0.45099065,0
0.77629375,2.5141363,-3.4849968,0.88743514,0.095217109,-0.45099065,0
2.4342268,-0.73397398,-0.90837467,0.88743514,0.095217109,-0.45099065,0
-1.7415857,2.2078676,-3.5949717,-0.31602252,0.83795041,-0.44493684,0
0.67803562,0.70994759,4.3827133,0.33554217,0.53737581,0.7737174,0
3.9167283,1.027487,2.7576289,0.33554217,0.53737581,0.7737174,0
-0.41206616,2.4033017,3.6793661,0.33554217,0.53737581,0.7737174,0
-2.0084901,1.1288421,-5.0828362,-0.33554217,-0.53737581,-0.7737174,0
-1.1426077,2.7347751,-3.0280786,-0.31602252,0.83795041,-0.44493684,0
-2.3686337,-1.7258232,-2.9439785,-0.33554217,-0.53737581,-0.7737174,0
0.17930245,3.1340237,-3.2150786,-0.31602252,0.83795041,-0.44493684,0
-2.6305971,0.63286757,0.50062066,-0.88743514,-0.095217109,0.45099065,0
-1.7262371,-5.2645674,0.30135393,0.31602252,-0.83795041,0.44493684,0
-0.15214849,-3.3195934,2.846308,0.31602252,-0.83795041,0.44493684,0
-2.8447387,-1.5222421,-0.37576079,-0.88743514,-0.095217109,0.45099065,0
1.6675572,-1.5334058,4.9177675,0.31602252,-0.83795041,0.44493684,0
0.018485308,-4.2784228,-2.206337,-0.33554217,-0.53737581,-0.7737174,0
-1.3696282,-3.643163,2.0790949,-0.88743514,-0.095217109,0.45099065,0
-0.51357603,-1.602192,4.1944962,-0.88743514,-0.095217109,0.45099065,0
-3.3973918,-0.53770113,-1.2553771,-0.88743514,-0.095217109,0.45099065,0
-3.0070066,2.4366875,-2.2652531,-0.31602252,0.83795041,-0.44493684,0
2.9902143,-2.4602232,2.2328553,0.31602252,-0.83795041,0.44493684,0
-3.1459689,3.4760065,0.08676815,-0.88743514,-0.095217109,0.45099065,0
-1.7061985,-0.656452,-3.973979,-0.33554217,-0.53737581,-0.7737174,0
-1.1733835,5.2990637,1.8231101,-0.31602252,0.83795041,-0.44493684,0
1.2740612,4.2653294,-1.8620566,-0.31602252,0.83795041,-0.44493684,0
-0.46560812,3.3813949,-2.2911475,-0.31602252,0.83795041,-0.44493684,0
1.5496899,2.4666052,2.7846336,0.33554217,0.53737581,0.7737174,0
-1.3776071,-4.3974743,1.6867321,0.31602252,-0.83795041,0.44493684,0
-1.1874648,-4.5459867,-1.4975128,-0.33554217,-0.53737581,-0.7737174,0
1.5640376,-3.539268,1.2136495,0.31602252,-0.83795041,0.44493684,0
2.3236732,-2.585268,2.470778,0.31602252,-0.83795041,0.44493684,0
-0.97736037,-1.4830673,3.3070366,-0.88743514,-0.095217109,0.45099065,0
3.1865258,-1.3022286,4.2742758,0.31602252,-0.83795041,0.44493684,0
-0.35367036,4.3774395,-0.49480033,-0.31602252,0.83795041,-0.44493684,0
0.76716995,-2.3781319,3.9664063,0.31602252,-0.83795041,0.44493684,0
2.13767,-4.9922948,-1.93027,0.31602252,-0.83795041,0.44493684,0
2.7806957,-0.96287942,-0.27493995,0.88743514,0.095217109,-0.45099065,0
1.9440908,0.48307166,3.9912298,0.33554217,0.53737581,0.7737174,0
-0.48840383,-2.5981326,-3.1535368,-0.33554217,-0.53737581,-0.7737174,0
0.49823534,1.3147223,4.0406499,0.33554217,0.53737581,0.7737174,0
-4.3255515,1.4616911,-3.1649504,-0.31602252,0.83795041,-0.44493684,0
0.24614096,-1.8112079,5.4041634,0.31602252,-0.83795041,0.44493684,0
-2.4158454,2.2498913,-3.0369277,-0.31602252,0.83795041,-0.44493684,0
0.87722969,-2.6277418,3.4181428,0.31602252,-0.83795041,0.44493684,0
-1.633316,-2.2722201,1.8496695,-0.88743514,-0.095217109,0.45099065,0
1.3702935,2.0833795,3.128598,0.33554217,0.53737581,0.7737174,0
-0.57367659,-4.7734623,0.40763092,0.31602252,-0.83795041,0.44493684,0
2.993361,-1.3897986,4.2465525,0.31602252,-0.83795041,0.44493684,0
-0.48576641,3.5169463,-2.0215456,-0.31602252,0.83795041,-0.44493684,0
-4.2967572,1.5305316,-3.0557539,-0.31602252,0.83795041,-0.44493684,0
-0.68843412,1.2404447,-5.7328243,-0.33554217,-0.53737581,-0.7737174,0
3.9353254,0.66322577,3.002557,0.33554217,0.53737581,0.7737174,0
1.8229237,3.2478213,-1.2705925,0.88743514,0.095217109,-0.45099065,0
-2.4827218,-0.97171926,0.45282766,-0.88743514,-0.095217109,0.45099065,0
-2.8325465,-2.5974376,-0.57877445,-0.88743514,-0.095217109,0.45099065,0
-2.0977201,-2.112802,-2.7926958,-0.33554217,-0.53737581,-0.7737174,0
-2.7514188,-0.079358816,0.11250311,-0.88743514,-0.095217109,0.45099065,0
-1.6379486,-4.6503873,-1.2296395,-0.33554217,-0.53737581,-0.7737174,0
-1.1616459,-5.1953464,0.030708551,0.31602252,-0.83795041,0.44493684,0
-4.368526,0.47485375,-2.9525433,-0.88743514,-0.095217109,0.45099065,0
1.6198134,-4.9695826,-1.51968,0.31602252,-0.83795041,0.44493684,0
2.7203243,2.7907982,0.39877343,0.88743514,0.095217109,-0.45099065,0
0.66722965,-1.3421319,-4.5137758,0.88743514,0.095217109,-0.45099065,0
2.9330378,-1.3118558,-0.048848577,0.88743514,0.095217109,-0.45099065,0
0.87263525,-3.837512,-2.8829904,-0.33554217,-0.53737581,-0.7737174,0
0.10695207,3.6953542,2.556901,0.33554217,0.53737581,0.7737174,0
1.1934674,-5.1757421,-1.6051223,0.31602252,-0.83795041,0.44493684,0
-0.64194453,2.4996839,3.7121172,0.33554217,0.53737581,0.7737174,0
-2.1699157,-2.5137036,-2.4829452,-0.33554217,-0.53737581,-0.7737174,0
1.0213675,4.8906651,-0.50488091,-0.31602252,0.83795041,-0.44493684,0
0.28821445,-1.0859776,5.7991066,0.33554217,0.53737581,0.7737174,0
2.5122807,-2.4825003,-1.123948,0.88743514,0.095217109,-0.45099065,0
3.3981609,-0.083330631,1.1257726,0.88743514,0.095217109,-0.45099065,0
1.6681359,1.6560936,-1.9112351,0.88743514,0.095217109,-0.45099065,0
-3.4840112,0.51941252,-1.2026348,-0.88743514,-0.095217109,0.45099065,0
-2.5205789,0.92592597,0.77898264,-0.88743514,-0.095217109,0.45099065,0
-2.4617925,3.5324266,1.4449658,-0.88743514,-0.095217109,0.45099065,0
1.4623947,-4.5617094,-0.63972259,0.31602252,-0.83795041,0.44493684,0
3.2439671,-2.2066951,2.5300937,0.31602252,-0.83795041,0.44493684,0
-1.18478,3.7992916,3.0449047,0.33554217,0.53737581,0.7737174,0
2.7250428,3.0078979,0.45389438,0.88743514,0.095217109,-0.45099065,0
2.63552,0.92492568,-0.16203898,0.88743514,0.095217109,-0.45099065,0
0.81207967,-3.9515059,0.97137004,0.31602252,-0.83795041,0.44493684,0
-1.7169347,0.12956285,2.1922145,-0.88743514,-0.095217109,0.45099065,0
-1.4176183,4.6956286,2.5233417,0.33554217,0.53737581,0.7737174,0
-2.1606412,-3.3993149,0.57406521,-0.88743514,-0.095217109,0.45099065,0
2.3956668,-3.8333387,0.069149494,0.31602252,-0.83795041,0.44493684,0
0.94583374,1.74014,3.5510688,0.33554217,0.53737581,0.7737174,0
-1.8436644,-4.6606383,-1.1333055,-0.33554217,-0.53737581,-0.7737174,0
4.3034363,-0.051208496,3.339118,0.33554217,0.53737581,0.7737174,0
2.3188651,-1.6697266,-1.3329412,0.88743514,0.095217109,-0.45099065,0
-0.38482356,4.8676534,0.45054746,-0.31602252,0.83795041,-0.44493684,0
0.16904593,-3.9781435,1.3779268,0.31602252,-0.83795041,0.44493684,0
2.0654726,-1.6066061,4.4972839,0.31602252,-0.83795041,0.44493684,0
2.0262139,-5.0357227,-2.5510659,-0.33554217,-0.53737581,-0.7737174,0
0.31083202,1.1039413,4.2683177,0.33554217,0.53737581,0.7737174,0
-0.13106227,-0.48913527,5.1821842,-0.88743514,-0.095217109,0.45099065,0
2.0530849,0.075533226,4.2270126,0.33554217,0.53737581,0.7737174,0
-3.7282848,2.5569377,-1.5264872,-0.31602252,0.83795041,-0.44493684,0
2.4385426,-3.4411511,-1.4714444,0.88743514,0.095217109,-0.45099065,0
3.8221908,0.79448879,2.145489,0.88743514,0.095217109,-0.45099065,0
1.2646211,3.1211483,2.4536557,0.33554217,0.53737581,0.7737174,0
0.87716401,-3.2289596,-3.3076167,-0.33554217,-0.53737581,-0.7737174,0
-2.4291925,-1.4353141,-3.1194856,-0.33554217,-0.53737581,-0.7737174,0
0.66407156,-2.8436887,3.1628489,0.31602252,-0.83795041,0.44493684,0
-3.8691411,2.1769195,-2.1421318,-0.31602252,0.83795041,-0.44493684,0
0.57903123,-4.9854016,-0.8102417,0.31602252,-0.83795041,0.44493684,0
1.0338428,5.2802863,0.22003222,-0.31602252,0.83795041,-0.44493684,0
-2.6590652,-3.4890685,-1.5933855,-0.33554217,-0.53737581,-0.7737174,0
1.2116609,-0.80480444,5.2033453,0.33554217,0.53737581,0.7737174,0
2.4361041,-3.3997283,0.85704827,0.31602252,-0.83795041,0.44493684,0
-1.8503094,-4.6729016,-1.1219063,-0.33554217,-0.53737581,-0.7737174,0
1.859812,1.2476263,-1.6203043,0.88743514,0.095217109,-0.45099065,0
2.5582163,3.7441916,0.28107476,0.88743514,0.095217109,-0.45099065,0
-0.37386894,5.3829737,1.5933065,0.33554217,0.53737581,0.7737174,0
3.1413205,-1.5280819,0.31534705,0.88743514,0.095217109,-0.45099065,0
-1.0292395,2.5774608,3.8260579,0.33554217,0.53737581,0.7737174,0
3.7858241,-0.83496368,4.1079407,0.33554217,0.53737581,0.7737174,0
-2.3339152,4.4779286,1.8962181,-0.88743514,-0.095217109,0.45099065,0
-2.731595,-2.2339082,-2.433687,-0.33554217,-0.53737581,-0.7737174,0
-4.3580275,-0.073525906,-3.0476632,-0.88743514,-0.095217109,0.45099065,0
0.35756898,0.21266079,4.8670759,0.33554217,0.53737581,0.7737174,0
0.63130903,-4.0055609,-2.6616163,-0.33554217,-0.53737581,-0.7737174,0
-0.81653023,-3.7809415,2.4493375,0.31602252,-0.83795041,0.44493684,0
-1.68141,-2.1341455,1.7841847,-0.88743514,-0.095217109,0.45099065,0
-0.99288368,-0.14217275,-4.6405125,-0.33554217,-0.53737581,-0.7737174,0
-0.32110095,-2.8699811,3.8130655,0.31602252,-0.83795041,0.44493684,0
1.5443051,0.046507031,4.4678173,0.33554217,0.53737581,0.7737174,0
1.402555,-2.6460934,3.0104628,0.31602252,-0.83795041,0.44493684,0
1.5306196,-4.6750393,-0.90161514,0.31602252,-0.83795041,0.44493684,0
-2.2510982,-2.1039522,0.66955745,-0.88743514,-0.095217109,0.45099065,0
3.3012474,1.9548805,2.3804381,0.33554217,0.53737581,0.7737174,0
3.3546576,-1.5711511,3.6483948,0.31602252,-0.83795041,0.44493684,0
-0.27506042,4.7649841,0.17923021,-0.31602252,0.83795041,-0.44493684,0
1.1702633,-3.0320842,2.4485128,0.31602252,-0.83795041,0.44493684,0
2.4547281,3.0346019,-0.072378635,0.88743514,0.095217109,-0.45099065,0
-0.7511797,4.4311414,-0.11132622,-0.31602252,0.83795041,-0.44493684,0
-0.89693034,-4.0645084,-1.9579153,-0.33554217,-0.53737581,-0.7737174,0
0.57205796,0.41385746,-4.3303099,0.88743514,0.095217109,-0.45099065,0
-1.9782,2.7498555,-2.4061875,-0.31602252,0.83795041,-0.44493684,0
1.2977414,-3.4903479,-3.3084664,-0.33554217,-0.53737581,-0.7737174,0
-0.26044917,-3.1312902,3.2778628,0.31602252,-0.83795041,0.44493684,0
4.2998128,-1.1778684,2.668906,0.88743514,0.095217109,-0.45099065,0
1.0285484,1.4936811,-3.2040708,0.88743514,0.095217109,-0.45099065,0
-0.073645353,-1.3076684,5.1223502,-0.88743514,-0.095217109,0.45099065,0
1.728967,5.0464725,0.91507101,0.33554217,0.53737581,0.7737174,0
-0.77805352,4.2802138,-0.37648094,-0.31602252,0.83795041,-0.44493684,0
0.7438159,-3.4081349,2.0431867,0.31602252,-0.83795041,0.44493684,0
-0.12030959,3.1104116,3.0617232,0.33554217,0.53737581,0.7737174,0
2.7338624,0.66298336,3.5237701,0.33554217,0.53737581,0.7737174,0
-1.5428257,1.5283251,-5.0159292,-0.31602252,0.83795041,-0.44493684,0
-1.4852128,4.0845308,2.9770865,0.33554217,0.53737581,0.7737174,0
-2.0216751,3.7610188,2.3592675,-0.88743514,-0.095217109,0.45099065,0
-0.053814411,1.7195086,-5.2862072,0.88743514,0.095217109,-0.45099065,0
-3.5084085,1.1895051,-4.257946,-0.31602252,0.83795041,-0.44493684,0
2.4157486,-4.7195549,-1.7862055,0.88743514,0.095217109,-0.45099065,0
1.0277133,4.1358776,-1.9308814,-0.31602252,0.83795041,-0.44493684,0
2.5479636,-3.4740453,-1.2630765,0.88743514,0.095217109,-0.45099065,0
-2.2926795,-0.74421936,-3.6586792,-0.33554217,-0.53737581,-0.7737174,0
-0.5639987,-4.2473779,1.3915327,0.31602252,-0.83795041,0.44493684,0
-1.4011405,-1.059284,2.562618,-0.88743514,-0.095217109,0.45099065,0
-1.0990579,0.18419743,3.4195743,-0.88743514,-0.095217109,0.45099065,0
1.4972441,5.4707079,0.24951649,-0.31602252,0.83795041,-0.44493684,0
-3.3702598,-2.6254449,-1.8847773,-0.33554217,-0.53737581,-0.7737174,0
-0.13852811,3.6988721,2.6609163,0.33554217,0.53737581,0.7737174,0
0.084048271,-2.7380371,3.7737923,0.31602252,-0.83795041,0.44493684,0
-1.9938407,-3.472851,-1.8931408,-0.33554217,-0.53737581,-0.7737174,0
-0.052554131,4.0904679,2.3516541,0.33554217,0.53737581,0.7737174,0
-3.9449506,-0.4806639,-3.1251786,-0.33554217,-0.53737581,-0.7737174,0
-0.23514533,-2.5743046,4.3088627,0.31602252,-0.83795041,0.44493684,0
-3.5180941,2.4322033,-0.86585611,-0.88743514,-0.095217109,0.45099065,0
2.511879,4.4396734,0.99698544,0.33554217,0.53737581,0.7737174,0
-0.63236046,-0.50772893,-4.5429697,-0.33554217,-0.53737581,-0.7737174,0
3.0092521,-2.1651134,2.7751133,0.31602252,-0.83795041,0.44493684,0
0.63739514,-5.4074435,-1.6465282,0.31602252,-0.83795041,0.44493684,0
-1.3295949,1.7644866,3.2995808,-0.88743514,-0.095217109,0.45099065,0
2.7948704,-0.5869472,-0.16767752,0.88743514,0.095217109,-0.45099065,0
1.9087505,-2.2323699,3.4300964,0.31602252,-0.83795041,0.44493684,0
3.8047295,1.5413364,2.2688105,0.88743514,0.095217109,-0.45099065,0
3.3558912,-1.2744733,4.2062521,0.31602252,-0.83795041,0.44493684,0
0.74490619,-5.3325276,-1.5818009,0.31602252,-0.83795041,0.44493684,0
-1.8267491,-4.5911555,0.97944832,-0.88743514,-0.095217109,0.45099065,0
1.682621,-3.3660748,1.4555988,0.31602252,-0.83795041,0.44493684,0
-1.8759184,4.2595568,0.36439037,-0.31602252,0.83795041,-0.44493684,0
-4.2180042,0.31437087,-2.6902378,-0.88743514,-0.095217109,0.45099065,0
-2.8679295,1.828366,0.28601575,-0.88743514,-0.095217109,0.45099065,0
-1.8905756,-4.6155939,0.84869456,-0.88743514,-0.095217109,0.45099065,0
2.6450508,1.457585,-0.030825734,0.88743514,0.095217109,-0.45099065,0
-0.32559162,-2.6526225,-3.1862993,-0.33554217,-0.53737581,-0.7737174,0
2.9512486,-0.23253059,0.21486241,0.88743514,0.095217109,-0.45099065,0
2.7002878,-1.3702681,4.4914932,0.31602252,-0.83795041,0.44493684,0
-0.95226693,5.0651202,1.2254732,-0.31602252,0.83795041,-0.44493684,0
-3.8614526,2.3333514,-1.852983,-0.31602252,0.83795041,-0.44493684,0
