-2.4027712,-0.95347458,-3.0160842,-0.33054268,0.39621472,-0.85659564,0
0.0086689247,2.6434572,-2.2828631,-0.33054268,0.39621472,-0.85659564,0
2.1673129,2.3241518,3.0515656,-0.20245445,0.85671651,0.47439373,0
2.9698837,-1.8301308,-1.7513572,0.20245445,-0.85671651,-0.47439373,0
-3.2705891,0.26570082,-2.1172864,-0.33054268,0.39621472,-0.85659564,0
-0.16076016,1.1342036,-2.9155831,-0.33054268,0.39621472,-0.85659564,0
2.961287,-3.1827521,0.68769979,0.20245445,-0.85671651,-0.47439373,0
1.3069031,2.9344409,-1.6073276,0.92182112,0.33022857,-0.20296597,0
-1.7829704,2.5698256,-1.6255641,-0.33054268,0.39621472,-0.85659564,0
-0.29991555,-2.1068811,-2.6470008,0.20245445,-0.85671651,-0.47439373,0
1.5764778,0.089935541,-4.0689692,-0.33054268,0.39621472,-0.85659564,0
-2.7875557,2.2782874,1.0198339,-0.20245445,0.85671651,0.47439373,0
-1.1310819,3.6324108,-1.3856204,-0.33054268,0.39621472,-0.85659564,0
-1.1882546,3.8269782,-1.273562,-0.33054268,0.39621472,-0.85659564,0
3.0948513,0.090239525,1.8855293,0.92182112,0.33022857,-0.20296597,0
1.6038674,-3.7133403,1.1657486,0.33054268,-0.39621472,0.85659564,0
1.0467992,-2.9964511,-0.46577978,0.20245445,-0.85671651,-0.47439373,0
-2.7378256,-0.75637621,-2.7956264,-0.33054268,0.39621472,-0.85659564,0
0.61942244,-1.4624443,-3.4184611,0.20245445,-0.85671651,-0.47439373,0
-1.5763769,-2.5255609,1.0486989,-0.92182112,-0.33022857,0.20296597,0
-1.1710763,2.0849977,2.0587542,-0.20245445,0.85671651,0.47439373,0
2.2765691,0.92337382,-0.47538382,0.92182112,0.33022857,-0.20296597,0
2.4442329,0.53106987,-0.35218096,0.92182112,0.33022857,-0.20296597,0
0.68453228,-1.2317646,2.668344,0.33054268,-0.39621472,0.85659564,0
1.902827,-0.44638634,-4.4014502,0.92182112,0.33022857,-0.20296597,0
0.54928398,1.4465214,3.9459786,-0.20245445,0.85671651,0.47439373,0
1.5567274,-2.1809349,-1.7209169,0.20245445,-0.85671651,-0.47439373,0
1.2435517,3.6356201,-0.75422442,0.92182112,0.33022857,-0.20296597,0
1.7026017,3.1988945,1.2735293,-0.20245445,0.85671651,0.47439373,0
-0.10436106,-2.1732273,-2.4437292,0.20245445,-0.85671651,-0.47439373,0
-1.5986789,-1.1018465,3.2638168,-0.92182112,-0.33022857,0.20296597,0
1.7655534,2.7046719,0.10191017,0.92182112,0.33022857,-0.20296597,0
2.3327413,-3.3962028,0.80493355,0.20245445,-0.85671651,-0.47439373,0
2.7036376,-1.1296768,-1.8760908,0.92182112,0.33022857,-0.20296597,0
-0.20352721,-0.70033145,-3.7476363,-0.33054268,0.39621472,-0.85659564,0
3.4666662,-1.7159585,0.6355083,0.92182112,0.33022857,-0.20296597,0
2.1295302,0.7192353,3.0131752,0.33054268,-0.39621472,0.85659564,0
-0.33265448,3.3951702,0.050496578,-0.20245445,0.85671651,0.47439373,0
-0.16459706,2.1060524,-2.4645777,-0.33054268,0.39621472,-0.85659564,0
-1.5029008,-2.0838294,2.1011143,-0.92182112,-0.33022857,0.20296597,0
1.7127883,1.5258179,-2.0557504,0.92182112,0.33022857,-0.20296597,0
1.3567988,3.6892836,0.24034905,-0.20245445,0.85671651,0.47439373,0
-0.47066689,0.93024552,4.1141405,0.33054268,-0.39621472,0.85659564,0
-1.3175213,0.59594238,-2.7181833,-0.33054268,0.39621472,-0.85659564,0
2.5230284,-0.20334148,-1.189211,0.92182112,0.33022857,-0.20296597,0
-2.5681775,2.5026062,0.708354,-0.20245445,0.85671651,0.47439373,0
1.4383725,-3.6144552,1.2753482,0.33054268,-0.39621472,0.85659564,0
-1.4909847,-2.0760942,2.1678209,-0.92182112,-0.33022857,0.20296597,0
0.032942414,2.0774677,-2.5540257,-0.33054268,0.39621472,-0.85659564,0
-0.1792281,-3.2945023,2.0475402,0.33054268,-0.39621472,0.85659564,0
-2.6446757,-0.37148678,-0.2985363,-0.92182112,-0.33022857,0.20296597,0
2.0518067,-1.5962186,-2.5655859,0.20245445,-0.85671651,-0.47439373,0
1.6885501,2.6994522,-0.25631166,0.92182112,0.33022857,-0.20296597,0
-1.7152894,-0.53088498,3.6631649,-0.92182112,-0.33022857,0.20296597,0
2.9129763,-0.71608663,-0.2524085,0.92182112,0.33022857,-0.20296597,0
-0.85628271,0.43235078,-2.9718344,-0.33054268,0.39621472,-0.85659564,0
-0.90941584,1.4231881,-2.4930236,-0.33054268,0.39621472,-0.85659564,0
-1.3407974,3.7055566,-0.94027591,-0.20245445,0.85671651,0.47439373,0
-1.7596695,2.3005943,1.4182135,-0.20245445,0.85671651,0.47439373,0
-3.0470357,0.84914804,-0.13996291,-0.92182112,-0.33022857,0.20296597,0
-1.8724831,-0.23500346,-2.8883851,-0.33054268,0.39621472,-0.85659564,0
-0.92763901,-0.82016373,3.4808319,0.33054268,-0.39621472,0.85659564,0
2.7698598,0.6310631,2.7253017,0.33054268,-0.39621472,0.85659564,0
-1.9245753,-2.8181937,-2.0557742,0.20245445,-0.85671651,-0.47439373,0
0.91878939,-0.93655515,-4.2404151,0.20245445,-0.85671651,-0.47439373,0
3.1706817,-1.9287739,-1.0550346,0.92182112,0.33022857,-0.20296597,0
-3.6693144,2.6315894,-0.066140652,-0.92182112,-0.33022857,0.20296597,0
-1.269362,0.69425082,-2.6912947,-0.33054268,0.39621472,-0.85659564,0
-0.71797705,4.0719471,-1.3417232,-0.33054268,0.39621472,-0.85659564,0
0.7716791,-2.28828,2.1460288,0.33054268,-0.39621472,0.85659564,0
-0.41049999,3.0722597,-1.9227734,-0.33054268,0.39621472,-0.85659564,0
1.6658503,3.0593112,1.509921,-0.20245445,0.85671651,0.47439373,0
1.2929268,2.0368218,3.1973042,-0.20245445,0.85671651,0.47439373,0
-0.21193069,-3.5146029,1.9583526,0.33054268,-0.39621472,0.85659564,0
1.3157117,2.4296458,-2.3886318,0.92182112,0.33022857,-0.20296597,0
1.270173,1.4159833,-3.337415,-0.33054268,0.39621472,-0.85659564,0
1.1924505,2.7796264,-2.3790295,0.92182112,0.33022857,-0.20296597,0
2.5667188,0.3978256,-0.012670994,0.92182112,0.33022857,-0.20296597,0
-1.7420125,-2.5217457,0.30263031,-0.92182112,-0.33022857,0.20296597,0
1.8743765,1.4239962,-1.4875219,0.92182112,0.33022857,-0.20296597,0
-1.0552727,1.5350494,-2.3849993,-0.33054268,0.39621472,-0.85659564,0
1.1779083,3.060029,1.3003885,-0.20245445,0.85671651,0.47439373,0
-2.1564543,-0.34234065,-2.8284552,-0.33054268,0.39621472,-0.85659564,0
0.49060106,2.5150926,1.9911814,-0.20245445,0.85671651,0.47439373,0
-0.31669807,4.1207428,-1.2530193,-0.20245445,0.85671651,0.47439373,0
-0.056519508,0.36754143,3.6940527,0.33054268,-0.39621472,0.85659564,0
-0.70855761,1.0902395,4.0525937,-0.20245445,0.85671651,0.47439373,0
0.88671613,-0.70973247,2.8317885,0.33054268,-0.39621472,0.85659564,0
-1.8381104,2.8218057,0.44347143,-0.20245445,0.85671651,0.47439373,0
-2.471468,2.0934265,-1.5802436,-0.33054268,0.39621472,-0.85659564,0
1.5754039,2.0284591,-1.8619114,0.92182112,0.33022857,-0.20296597,0
2.2725325,-2.8125093,1.3244004,0.33054268,-0.39621472,0.85659564,0
-3.594516,2.9812655,-0.59407139,-0.20245445,0.85671651,0.47439373,0
-2.1232839,-2.5276253,-1.4385774,-0.92182112,-0.33022857,0.20296597,0
-0.22517824,-3.1151924,-0.79417694,0.20245445,-0.85671651,-0.47439373,0
2.886698,-0.23351526,0.41339445,0.92182112,0.33022857,-0.20296597,0
-0.77607512,2.6437113,1.2183349,-0.20245445,0.85671651,0.47439373,0
-0.70986605,-1.6883066,2.9952419,0.33054268,-0.39621472,0.85659564,0
1.5075641,3.2213216,1.1497924,-0.20245445,0.85671651,0.47439373,0
-0.59487915,-0.33761823,3.5756264,0.33054268,-0.39621472,0.85659564,0
-2.6421282,-1.2746774,-1.7564733,-0.92182112,-0.33022857,0.20296597,0
-2.9139659,-0.88495314,-2.3570049,-0.92182112,-0.33022857,0.20296597,0
-3.5991652,1.6637957,-1.322155,-0.92182112,-0.33022857,0.20296597,0
-0.18003106,1.4692988,3.5935988,-0.20245445,0.85671651,0.47439373,0
-1.4724602,0.66101384,-2.6282966,-0.33054268,0.39621472,-0.85659564,0
2.3794837,-1.1207895,2.0656278,0.33054268,-0.39621472,0.85659564,0
-2.1666906,0.017315149,2.5049419,-0.92182112,-0.33022857,0.20296597,0
-1.535248,-2.4651265,-2.5272341,0.20245445,-0.85671651,-0.47439373,0
2.5930967,-3.1713922,1.0347009,0.33054268,-0.39621472,0.85659564,0
1.3384321,-2.3663368,-1.4792565,0.20245445,-0.85671651,-0.47439373,0
0.15047848,1.6330106,-2.8049626,-0.33054268,0.39621472,-0.85659564,0
-1.1828074,0.92840004,4.1424704,-0.20245445,0.85671651,0.47439373,0
0.14065027,-1.843313,-2.9349663,0.20245445,-0.85671651,-0.47439373,0
2.4579329,1.9358689,1.9956733,0.92182112,0.33022857,-0.20296597,0
-2.9961972,1.2364044,0.72100317,-0.92182112,-0.33022857,0.20296597,0
-1.1272106,-3.2017348,1.9885561,-0.92182112,-0.33022857,0.20296597,0
2.0648968,1.4710765,3.3858776,0.33054268,-0.39621472,0.85659564,0
-2.1233184,-2.013325,-3.5941186,0.20245445,-0.85671651,-0.47439373,0
3.2549615,-0.42096472,1.7809734,0.92182112,0.33022857,-0.20296597,0
-1.969708,2.6661353,0.66843891,-0.20245445,0.85671651,0.47439373,0
0.39840984,-3.5853515,0.32101774,0.20245445,-0.85671651,-0.47439373,0
-1.6513221,-2.8111737,0.24361998,-0.92182112,-0.33022857,0.20296597,0
0.26243782,4.21453,-1.6540937,-0.33054268,0.39621472,-0.85659564,0
-3.0915127,1.0299599,-0.047782421,-0.92182112,-0.33022857,0.20296597,0
1.0342989,-2.1708181,-1.9621408,0.20245445,-0.85671651,-0.47439373,0
0.53762782,3.9619031,-0.60157275,-0.20245445,0.85671651,0.47439373,0
-0.46545613,3.7426133,-1.5914981,-0.33054268,0.39621472,-0.85659564,0
-2.6610298,-1.4069643,-2.0575519,-0.92182112,-0.33022857,0.20296597,0
0.09544301,-3.314549,-0.29732513,0.20245445,-0.85671651,-0.47439373,0
-2.051774,-2.5215437,-1.1039017,-0.92182112,-0.33022857,0.20296597,0
-1.850896,3.4454458,-0.68822789,-0.20245445,0.85671651,0.47439373,0
-0.79251015,-2.072772,2.8492999,0.33054268,-0.39621472,0.85659564,0
-1.4787998,-1.6940638,2.8447304,-0.92182112,-0.33022857,0.20296597,0
-0.47352171,-1.9968526,-2.9197919,0.20245445,-0.85671651,-0.47439373,0
-1.2447623,0.94889402,-2.5830033,-0.33054268,0.39621472,-0.85659564,0
-0.46646619,-3.5006285,-0.20108342,0.20245445,-0.85671651,-0.47439373,0
-2.3813088,1.0180316,3.1583805,-0.92182112,-0.33022857,0.20296597,0
2.2348299,1.278705,-0.086822867,0.92182112,0.33022857,-0.20296597,0
2.6400862,-2.1462693,1.4907355,0.33054268,-0.39621472,0.85659564,0
1.0333958,3.760215,-1.5059836,0.92182112,0.33022857,-0.20296597,0
-1.4936925,-0.48126838,-3.1484616,-0.33054268,0.39621472,-0.85659564,0
-0.053984225,3.0744553,-2.05933,-0.33054268,0.39621472,-0.85659564,0
0.66336536,2.4375412,2.204963,-0.20245445,0.85671651,0.47439373,0
-2.7231879,-0.31101704,-0.55673456,-0.92182112,-0.33022857,0.20296597,0
-1.1377673,-3.8515587,0.88333535,-0.92182112,-0.33022857,0.20296597,0
0.78018934,-2.9765954,1.8243673,0.33054268,-0.39621472,0.85659564,0
-1.9414585,1.6248095,2.5610456,-0.20245445,0.85671651,0.47439373,0
1.0207578,3.5577605,-1.8927782,0.92182112,0.33022857,-0.20296597,0
3.1389594,-0.72789681,0.75473762,0.92182112,0.33022857,-0.20296597,0
-1.0488226,-3.4579513,1.9277055,-0.92182112,-0.33022857,0.20296597,0
0.47152281,2.2988541,2.373549,-0.20245445,0.85671651,0.47439373,0
-0.74907339,-4.3993807,1.3013835,0.20245445,-0.85671651,-0.47439373,0
1.7963372,1.4197944,-1.8487942,0.92182112,0.33022857,-0.20296597,0
-2.2705226,1.2400796,3.1154044,-0.20245445,0.85671651,0.47439373,0
-0.76386476,1.9597826,2.4586658,-0.20245445,0.85671651,0.47439373,0
2.6681733,-0.79366755,-1.4904681,0.92182112,0.33022857,-0.20296597,0
2.2422237,0.13410544,-1.9155246,0.92182112,0.33022857,-0.20296597,0
2.1532664,1.5697975,0.01634869,0.92182112,0.33022857,-0.20296597,0
2.5397851,-0.70516866,2.1960149,0.33054268,-0.39621472,0.85659564,0
3.7218423,-2.3242462,0.80476046,0.92182112,0.33022857,-0.20296597,0
-0.33648157,3.1890144,0.42116392,-0.20245445,0.85671651,0.47439373,0
1.9600797,1.1553692,-1.5353398,0.92182112,0.33022857,-0.20296597,0
-1.190962,-3.6337776,0.99607182,-0.92182112,-0.33022857,0.20296597,0
-0.99327457,-4.0072584,0.48902678,0.20245445,-0.85671651,-0.47439373,0
-2.7317698,0.32611632,0.4409138,-0.92182112,-0.33022857,0.20296597,0
1.7371652,1.4948984,-1.9953432,0.92182112,0.33022857,-0.20296597,0
-1.1798918,-0.88641572,3.5475264,0.33054268,-0.39621472,0.85659564,0
2.3812056,-2.1459696,1.5907707,0.33054268,-0.39621472,0.85659564,0
-2.5657351,1.925076,-1.6217377,-0.33054268,0.39621472,-0.85659564,0
-1.8366417,-1.7596931,1.1127203,-0.92182112,-0.33022857,0.20296597,0
-3.2738545,3.0279081,-0.54145622,-0.20245445,0.85671651,0.47439373,0
-1.7202597,-2.9074109,-0.22605696,-0.92182112,-0.33022857,0.20296597,0
-2.0752332,2.1528053,1.5504377,-0.20245445,0.85671651,0.47439373,0
1.8773071,-3.5085428,1.1549621,0.33054268,-0.39621472,0.85659564,0
-1.7227792,-1.1944262,-3.38993,-0.33054268,0.39621472,-0.85659564,0
0.066548109,1.7494507,-2.7187166,-0.33054268,0.39621472,-0.85659564,0
-2.1197248,-1.1981015,0.74074507,-0.92182112,-0.33022857,0.20296597,0
-3.0469534,2.2239599,1.0072418,-0.20245445,0.85671651,0.47439373,0
-2.2047653,1.7019219,2.3094163,-0.20245445,0.85671651,0.47439373,0
-3.4542601,2.4853716,0.36133099,-0.20245445,0.85671651,0.47439373,0
-3.6740236,2.4358888,-0.40593386,-0.92182112,-0.33022857,0.20296597,0
-3.1264253,0.62309968,-2.0076029,-0.33054268,0.39621472,-0.85659564,0
-0.58123779,0.02805233,3.739502,0.33054268,-0.39621472,0.85659564,0
-1.7925887,-0.28985751,-2.9445875,-0.33054268,0.39621472,-0.85659564,0
-2.0763984,3.4403751,-1.1096678,-0.33054268,0.39621472,-0.85659564,0
-2.5048258,3.1935959,-0.51248217,-0.20245445,0.85671651,0.47439373,0
2.7175667,-0.20676422,-0.31123507,0.92182112,0.33022857,-0.20296597,0
2.4303966,0.7422868,-0.071368933,0.92182112,0.33022857,-0.20296597,0
0.14218283,-2.6210227,-1.5298307,0.20245445,-0.85671651,-0.47439373,0
2.1662319,1.1093439,-0.67393267,0.92182112,0.33022857,-0.20296597,0
1.6019434,3.3301611,0.9935149,-0.20245445,0.85671651,0.47439373,0
3.3967483,-0.94231749,1.5766835,0.92182112,0.33022857,-0.20296597,0
2.931942,-2.1043575,1.3975005,0.33054268,-0.39621472,0.85659564,0
-2.7912481,1.0001519,-1.9625368,-0.33054268,0.39621472,-0.85659564,0
-2.838064,0.63899374,-2.1115236,-0.33054268,0.39621472,-0.85659564,0
0.56032443,2.6012678,1.8653107,-0.20245445,0.85671651,0.47439373,0
0.69242382,-1.8332678,-2.717629,0.20245445,-0.85671651,-0.47439373,0
-2.7236383,3.1680679,-0.98586559,-0.33054268,0.39621472,-0.85659564,0
-0.83460605,3.9581513,-1.349354,-0.33054268,0.39621472,-0.85659564,0
-0.30921429,-2.1502016,2.626991,0.33054268,-0.39621472,0.85659564,0
2.792268,0.75096512,1.5862825,0.92182112,0.33022857,-0.20296597,0
1.8411238,-1.989861,-1.9446108,0.20245445,-0.85671651,-0.47439373,0
2.3201952,-1.1664441,-3.2271857,0.20245445,-0.85671651,-0.47439373,0
-0.65703535,2.0512314,2.3391073,-0.20245445,0.85671651,0.47439373,0
-2.5609312,-1.8926497,-2.3931468,-0.92182112,-0.33022857,0.20296597,0
-2.082588,-2.1085992,-0.57198334,-0.92182112,-0.33022857,0.20296597,0
-1.1452935,1.3709674,3.3592381,-0.20245445,0.85671651,0.47439373,0
1.9805033,-3.1887467,0.27996254,0.20245445,-0.85671651,-0.47439373,0
-0.68946213,-1.9658619,2.8589864,0.33054268,-0.39621472,0.85659564,0
0.84521627,3.2082047,0.89081371,-0.20245445,0.85671651,0.47439373,0
1.1616485,2.2051206,2.8373451,-0.20245445,0.85671651,0.47439373,0
3.5561087,-2.2351952,1.0961285,0.33054268,-0.39621472,0.85659564,0
-1.1402466,3.7539923,-0.94215846,-0.20245445,0.85671651,0.47439373,0
-2.0398674,2.7602568,-1.4383502,-0.33054268,0.39621472,-0.85659564,0
2.6205678,-0.46095181,-1.1653471,0.92182112,0.33022857,-0.20296597,0
1.6659508,0.51751626,3.0987573,0.33054268,-0.39621472,0.85659564,0
2.927424,0.32083821,2.521008,0.33054268,-0.39621472,0.85659564,0
-2.2133315,-1.8235257,-0.70196801,-0.92182112,-0.33022857,0.20296597,0
-0.52511817,-3.8597431,1.9195623,0.33054268,-0.39621472,0.85659564,0
0.45676255,-1.3831254,-3.6311219,0.20245445,-0.85671651,-0.47439373,0
2.188273,0.43622732,-1.6689978,0.92182112,0.33022857,-0.20296597,0
-2.3796163,2.8432207,0.17370272,-0.20245445,0.85671651,0.47439373,0
2.3530173,1.4024017,0.65121114,0.92182112,0.33022857,-0.20296597,0
-0.73794627,0.19078445,3.8752432,0.33054268,-0.39621472,0.85659564,0
-1.0953386,2.3115408,1.6819575,-0.20245445,0.85671651,0.47439373,0
2.3492022,-2.7627301,-0.33204222,0.20245445,-0.85671651,-0.47439373,0
-0.42941332,3.8131282,-0.74559569,-0.20245445,0.85671651,0.47439373,0
1.5607493,2.2374492,2.9492836,-0.20245445,0.85671651,0.47439373,0
-2.1160305,1.2858043,3.0987606,-0.20245445,0.85671651,0.47439373,0
-1.6334035,3.4356668,-0.57775021,-0.20245445,0.85671651,0.47439373,0
-1.6594157,-2.0868695,1.3853157,-0.92182112,-0.33022857,0.20296597,0
-0.77632141,2.5029836,1.4723727,-0.20245445,0.85671651,0.47439373,0
-1.6756945,-1.5027912,2.2616866,-0.92182112,-0.33022857,0.20296597,0
3.2096012,-0.16948295,1.9841228,0.92182112,0.33022857,-0.20296597,0
2.0038385,2.6323841,1.0665293,0.92182112,0.33022857,-0.20296597,0
-0.81149864,-0.42764163,3.6175752,0.33054268,-0.39621472,0.85659564,0
-2.8453264,-0.81234801,-1.9271307,-0.92182112,-0.33022857,0.20296597,0
1.4468123,0.99001765,3.4018717,0.33054268,-0.39621472,0.85659564,0
-3.4300981,2.3550713,0.57042384,-0.92182112,-0.33022857,0.20296597,0
-0.1906364,-3.7444615,0.35697412,0.20245445,-0.85671651,-0.47439373,0
-0.42250133,-2.692625,-1.6415095,0.20245445,-0.85671651,-0.47439373,0
-0.86862135,-4.1484032,1.6227598,-0.92182112,-0.33022857,0.20296597,0
1.1439767,-0.50010937,2.8294775,0.33054268,-0.39621472,0.85659564,0
-0.94914269,-1.7047008,3.0799909,0.33054268,-0.39621472,0.85659564,0
1.146356,2.8395197,-2.4909315,0.92182112,0.33022857,-0.20296597,0
-0.86576819,-2.3805194,-2.3943174,0.20245445,-0.85671651,-0.47439373,0
-0.24173427,-4.2330356,1.2174923,0.20245445,-0.85671651,-0.47439373,0
-3.5709898,1.9982677,-0.64999866,-0.92182112,-0.33022857,0.20296597,0
0.8056004,-1.206617,-3.8010104,0.20245445,-0.85671651,-0.47439373,0
2.9751213,-2.8901875,0.16525602,0.20245445,-0.85671651,-0.47439373,0
-1.7617123,3.0205386,-1.4252915,-0.33054268,0.39621472,-0.85659564,0
1.3934262,-2.9347391,1.6070926,0.33054268,-0.39621472,0.85659564,0
2.1994634,2.3761787,2.9713302,-0.20245445,0.85671651,0.47439373,0
1.5424283,3.1863642,-0.12774777,0.92182112,0.33022857,-0.20296597,0
1.4796338,2.7419026,2.0036645,-0.20245445,0.85671651,0.47439373,0
-0.2717247,0.12764919,-3.3383415,-0.33054268,0.39621472,-0.85659564,0
0.47511458,3.638119,-0.043522835,-0.20245445,0.85671651,0.47439373,0
-2.1782851,-1.8092909,-0.51963609,-0.92182112,-0.33022857,0.20296597,0
0.60518193,-3.1951592,-0.29539549,0.20245445,-0.85671651,-0.47439373,0
-0.40143824,-2.7244446,2.3969643,0.33054268,-0.39621472,0.85659564,0
1.2132226,-3.8142552,1.0821321,0.20245445,-0.85671651,-0.47439373,0
-0.51832902,-3.937402,0.56556106,0.20245445,-0.85671651,-0.47439373,0
1.773865,2.2795622,2.9641814,-0.20245445,0.85671651,0.47439373,0
-0.79174,-3.744782,2.0756211,0.33054268,-0.39621472,0.85659564,0
1.4696999,1.9824142,-2.416909,0.92182112,0.33022857,-0.20296597,0
1.9533356,2.4328361,2.7639728,-0.20245445,0.85671651,0.47439373,0
-2.6321993,-2.2235808,-3.4315858,0.20245445,-0.85671651,-0.47439373,0
3.1823592,-1.4583521,-0.23661661,0.92182112,0.33022857,-0.20296597,0
2.2670074,-0.066387415,-2.129168,0.92182112,0.33022857,-0.20296597,0
-2.7553163,3.3098152,-0.82926464,-0.20245445,0.85671651,0.47439373,0
2.6345561,-0.069106102,-0.46427667,0.92182112,0.33022857,-0.20296597,0
-2.886884,1.4099994,1.4999197,-0.92182112,-0.33022857,0.20296597,0
-2.6653173,1.3309667,2.377635,-0.92182112,-0.33022857,0.20296597,0
-0.30543184,-0.62766504,-3.6747019,-0.33054268,0.39621472,-0.85659564,0
2.2078295,2.3243346,3.0685263,-0.20245445,0.85671651,0.47439373,0
3.8315878,-2.6430659,0.78447342,0.92182112,0.33022857,-0.20296597,0
1.6030836,1.8475889,3.6714065,-0.20245445,0.85671651,0.47439373,0
-1.3366389,1.3060555,3.3948047,-0.20245445,0.85671651,0.47439373,0
-1.7861249,1.9036434,2.1237848,-0.20245445,0.85671651,0.47439373,0
1.7332342,-0.8323704,2.4484091,0.33054268,-0.39621472,0.85659564,0
-1.7481589,0.45609236,4.3877807,0.33054268,-0.39621472,0.85659564,0
1.1264005,1.6831747,-3.1583478,-0.33054268,0.39621472,-0.85659564,0
1.9406643,-0.13092065,-3.716336,0.92182112,0.33022857,-0.20296597,0
-1.9138629,0.25715995,4.0434537,-0.92182112,-0.33022857,0.20296597,0
-3.5532982,1.5645127,-1.2753725,-0.92182112,-0.33022857,0.20296597,0
0.12245464,1.4003921,3.8471293,-0.20245445,0.85671651,0.47439373,0
0.61620164,0.83794093,-3.3524323,-0.33054268,0.39621472,-0.85659564,0
-0.95858485,-3.5561185,2.1778243,-0.92182112,-0.33022857,0.20296597,0
3.0815926,-0.761971,0.43875003,0.92182112,0.33022857,-0.20296597,0
2.527458,-2.7473803,1.2561545,0.33054268,-0.39621472,0.85659564,0
1.4004104,3.4211154,-0.39081419,0.92182112,0.33022857,-0.20296597,0
-0.12144303,-3.7311435,1.8232753,0.33054268,-0.39621472,0.85659564,0
-0.46193957,0.29044199,3.8148341,0.33054268,-0.39621472,0.85659564,0
-2.9775279,3.2490017,-0.8504591,-0.33054268,0.39621472,-0.85659564,0
1.1995988,2.8390093,-2.2499473,0.92182112,0.33022857,-0.20296597,0
-1.4099399,0.87509358,-2.5534008,-0.33054268,0.39621472,-0.85659564,0
-2.1955848,2.7277331,0.46080279,-0.20245445,0.85671651,0.47439373,0
-2.3133745,-2.2823365,-3.1894147,0.20245445,-0.85671651,-0.47439373,0
-1.237219,-3.8623023,0.41417062,-0.92182112,-0.33022857,0.20296597,0
-1.4607912,0.54497242,-2.6864741,-0.33054268,0.39621472,-0.85659564,0
-0.31411958,2.0146122,2.5515831,-0.20245445,0.85671651,0.47439373,0
-2.1799622,-0.76068258,1.178849,-0.92182112,-0.33022857,0.20296597,0
-1.9405315,-0.92380834,2.0008767,-0.92182112,-0.33022857,0.20296597,0
1.2747581,-3.0802107,-0.21723247,0.20245445,-0.85671651,-0.47439373,0
-0.11640048,-1.4572804,-3.7418098,0.20245445,-0.85671651,-0.47439373,0
-0.39683151,2.3831792,1.8506821,-0.20245445,0.85671651,0.47439373,0
-0.22525352,1.5776577,-2.6855783,-0.33054268,0.39621472,-0.85659564,0
-0.58806872,-2.3070099,-2.4085574,0.20245445,-0.85671651,-0.47439373,0
2.227248,-0.33257794,-2.742841,0.92182112,0.33022857,-0.20296597,0
3.3385048,-1.51434,0.3814671,0.92182112,0.33022857,-0.20296597,0
-0.95548475,3.8532984,-1.3512089,-0.33054268,0.39621472,-0.85659564,0
-0.20499325,1.7612104,3.0557775,-0.20245445,0.85671651,0.47439373,0
-2.3686378,-2.2573183,-2.1131198,-0.92182112,-0.33022857,0.20296597,0
-1.3206739,-3.8057992,-0.014514685,0.20245445,-0.85671651,-0.47439373,0
-3.0630789,2.7949009,-0.030713558,-0.20245445,0.85671651,0.47439373,0
-0.60758758,-3.416656,-0.41295648,0.20245445,-0.85671651,-0.47439373,0
-3.2410669,0.8075279,-1.0889215,-0.92182112,-0.33022857,0.20296597,0
-0.68392181,0.069659472,3.7983708,0.33054268,-0.39621472,0.85659564,0
1.7421244,3.0561633,1.5481566,-0.20245445,0.85671651,0.47439373,0
2.3269172,0.2130084,-1.4024904,0.92182112,0.33022857,-0.20296597,0
-1.9380797,-2.7475324,-0.95521671,-0.92182112,-0.33022857,0.20296597,0
-2.7844706,-1.4598045,-3.1029949,-0.33054268,0.39621472,-0.85659564,0
2.9820542,0.3242358,1.7539475,0.92182112,0.33022857,-0.20296597,0
-2.5212009,-0.53699398,-2.7777429,-0.33054268,0.39621472,-0.85659564,0
3.1358988,-1.0898857,0.15187359,0.92182112,0.33022857,-0.20296597,0
-0.97715998,-0.71989048,-3.4581547,-0.33054268,0.39621472,-0.85659564,0
1.3958086,-3.6733422,0.90557551,0.20245445,-0.85671651,-0.47439373,0
1.5772059,1.5900733,-2.566988,0.92182112,0.33022857,-0.20296597,0
2.9601486,-2.2248578,1.3308792,0.33054268,-0.39621472,0.85659564,0
1.9283078,-3.0671506,0.038094044,0.20245445,-0.85671651,-0.47439373,0
-1.7189887,-0.31670916,-2.9854081,-0.33054268,0.39621472,-0.85659564,0
0.59630132,-1.1336142,2.7477889,0.33054268,-0.39621472,0.85659564,0
-3.8491879,2.8698344,-0.68948555,-0.33054268,0.39621472,-0.85659564,0
0.39677525,-2.9733887,1.9738019,0.33054268,-0.39621472,0.85659564,0
1.7793577,-2.0044856,-1.9445601,0.20245445,-0.85671651,-0.47439373,0
-2.4463754,2.5412047,0.69062924,-0.20245445,0.85671651,0.47439373,0
-3.0281777,3.0782247,-0.90990686,-0.33054268,0.39621472,-0.85659564,0
0.94075441,-1.9788663,-2.3487124,0.20245445,-0.85671651,-0.47439373,0
-1.1409662,3.4303126,-0.35792613,-0.20245445,0.85671651,0.47439373,0
0.82927489,3.0597043,1.1521902,-0.20245445,0.85671651,0.47439373,0
2.0210295,0.13779327,2.7861004,0.33054268,-0.39621472,0.85659564,0
-1.4261096,-3.3631442,0.36841512,-0.92182112,-0.33022857,0.20296597,0
-0.027577996,-1.3390881,2.8934906,0.33054268,-0.39621472,0.85659564,0
1.5265564,-3.3013983,1.3861232,0.33054268,-0.39621472,0.85659564,0
-2.172132,-0.072999239,2.3332853,-0.92182112,-0.33022857,0.20296597,0
0.68368363,-0.50946999,3.0027654,0.33054268,-0.39621472,0.85659564,0
-2.730932,1.3380036,2.091078,-0.92182112,-0.33022857,0.20296597,0
0.55266356,-3.8916774,0.9400475,0.20245445,-0.85671651,-0.47439373,0
1.4343476,-0.75423634,2.599884,0.33054268,-0.39621472,0.85659564,0
2.3021579,1.3332282,0.30767351,0.92182112,0.33022857,-0.20296597,0
-1.400923,0.24212146,4.1548181,0.33054268,-0.39621472,0.85659564,0
-0.13677931,1.76946,3.0699906,-0.20245445,0.85671651,0.47439373,0
1.9232168,1.0882713,-1.8119317,0.92182112,0.33022857,-0.20296597,0
0.52169895,1.3701409,-3.0697985,-0.33054268,0.39621472,-0.85659564,0
1.505302,-2.0674114,-1.9478774,0.20245445,-0.85671651,-0.47439373,0
2.8358788,0.38028467,1.1812491,0.92182112,0.33022857,-0.20296597,0
-2.1099548,-1.5093696,-3.3862026,-0.33054268,0.39621472,-0.85659564,0
2.0213535,2.2918134,0.59196353,0.92182112,0.33022857,-0.20296597,0
-2.8804955,-1.291435,-2.9880621,-0.33054268,0.39621472,-0.85659564,0
-0.20096898,0.84591484,-3.0334136,-0.33054268,0.39621472,-0.85659564,0
-0.25349164,-0.82850039,-3.7876401,-0.33054268,0.39621472,-0.85659564,0
-1.4271111,-1.6472681,3.1556253,-0.92182112,-0.33022857,0.20296597,0
-1.2877481,2.2231598,1.7594537,-0.20245445,0.85671651,0.47439373,0
1.6258894,1.2800717,-2.8502574,0.92182112,0.33022857,-0.20296597,0
1.3367041,3.6430717,0.31522864,-0.20245445,0.85671651,0.47439373,0
-0.90927696,-0.042654276,3.83338,0.33054268,-0.39621472,0.85659564,0
-1.4091058,-3.1824701,0.73960102,-0.92182112,-0.33022857,0.20296597,0
2.166486,2.2290604,3.2229404,-0.20245445,0.85671651,0.47439373,0
2.3054194,-2.7515032,-0.37100172,0.20245445,-0.85671651,-0.47439373,0
-0.031028986,-0.083999395,-3.5291181,-0.33054268,0.39621472,-0.85659564,0
-2.9897997,2.404547,0.70550799,-0.20245445,0.85671651,0.47439373,0
-1.4190879,-1.5461938,-3.669827,-0.33054268,0.39621472,-0.85659564,0
-2.1614668,-2.1722202,-1.0337441,-0.92182112,-0.33022857,0.20296597,0
-0.81706959,-4.2675309,1.6630735,-0.92182112,-0.33022857,0.20296597,0
2.6575871,-3.3794856,0.91337585,0.20245445,-0.85671651,-0.47439373,0
0.90113044,4.1224217,-0.73632622,-0.20245445,0.85671651,0.47439373,0
-0.77123189,-1.5839947,-3.7924323,0.20245445,-0.85671651,-0.47439373,0
0.88939917,4.3264093,-1.1097171,-0.20245445,0.85671651,0.47439373,0
-2.0476017,-2.8362355,-1.596961,-0.92182112,-0.33022857,0.20296597,0
-2.5224729,-2.09006,-2.5396669,-0.92182112,-0.33022857,0.20296597,0
1.0013075,-1.0627453,-3.9773107,0.20245445,-0.85671651,-0.47439373,0
-2.6700776,-2.1626711,-3.328191,-0.92182112,-0.33022857,0.20296597,0
-1.3636467,-2.7648339,1.6255661,-0.92182112,-0.33022857,0.20296597,0
-1.0858728,-4.0715947,0.56569481,0.20245445,-0.85671651,-0.47439373,0
0.86819559,2.6241879,-2.6234498,-0.33054268,0.39621472,-0.85659564,0
0.41597682,3.8670816,-1.8740525,-0.33054268,0.39621472,-0.85659564,0
-1.0897536,1.8270696,2.559257,-0.20245445,0.85671651,0.47439373,0
0.71914768,-4.053545,1.3497837,0.33054268,-0.39621472,0.85659564,0
2.1035604,-2.5037308,-0.90460539,0.20245445,-0.85671651,-0.47439373,0
0.37197614,0.033186674,3.3740509,0.33054268,-0.39621472,0.85659564,0
-1.5960244,-2.0774622,1.6885289,-0.92182112,-0.33022857,0.20296597,0
2.5464156,1.4392698,1.5895642,0.92182112,0.33022857,-0.20296597,0
1.1662446,-1.7671194,2.2348347,0.33054268,-0.39621472,0.85659564,0
0.88334584,-0.40224907,2.9753146,0.33054268,-0.39621472,0.85659564,0
-2.1478717,0.59571648,3.5314806,-0.92182112,-0.33022857,0.20296597,0
0.24775982,-4.1086979,1.2018476,0.20245445,-0.85671651,-0.47439373,0
2.7754753,-0.32098079,-0.23405969,0.92182112,0.33022857,-0.20296597,0
-0.62226319,2.1417379,2.1904993,-0.20245445,0.85671651,0.47439373,0
3.1404591,-0.4389528,1.2316644,0.92182112,0.33022857,-0.20296597,0
3.266746,-2.7533875,0.96809959,0.33054268,-0.39621472,0.85659564,0
2.6584916,0.70019245,0.89609432,0.92182112,0.33022857,-0.20296597,0
-0.6650182,-4.3938766,1.726486,0.33054268,-0.39621472,0.85659564,0
-2.0636218,-1.2564677,0.90058821,-0.92182112,-0.33022857,0.20296597,0
-0.5663873,-4.3796759,1.3437624,0.20245445,-0.85671651,-0.47439373,0
0.050789595,4.3093433,-1.4367871,-0.20245445,0.85671651,0.47439373,0
2.7622738,0.61845922,1.2344666,0.92182112,0.33022857,-0.20296597,0
1.5568104,-2.4286644,1.7781281,0.33054268,-0.39621472,0.85659564,0
-2.9425435,3.2535491,-0.80755424,-0.20245445,0.85671651,0.47439373,0
-0.54687953,2.3478439,1.8504591,-0.20245445,0.85671651,0.47439373,0
-1.8082998,-2.8903961,-0.59823072,-0.92182112,-0.33022857,0.20296597,0
-0.13261473,-4.1466641,1.1080809,0.20245445,-0.85671651,-0.47439373,0
3.1789527,-0.50967669,1.2914233,0.92182112,0.33022857,-0.20296597,0
1.6647243,3.1224282,0.32366583,0.92182112,0.33022857,-0.20296597,0
-3.0480001,1.5983472,1.0746167,-0.92182112,-0.33022857,0.20296597,0
-2.1674981,-1.2391982,0.45690578,-0.92182112,-0.33022857,0.20296597,0
-0.36398172,-4.2611346,1.2160664,0.20245445,-0.85671651,-0.47439373,0
2.3056116,1.9860407,1.3854973,0.92182112,0.33022857,-0.20296597,0
1.8105967,2.8466733,0.53752434,0.92182112,0.33022857,-0.20296597,0
3.4674692,-1.2863463,1.5692191,0.33054268,-0.39621472,0.85659564,0
2.6515377,1.8136724,2.676162,0.92182112,0.33022857,-0.20296597,0
-1.5866588,-2.349606,1.2882826,-0.92182112,-0.33022857,0.20296597,0
-1.8942316,-2.9401665,-1.8225515,0.20245445,-0.85671651,-0.47439373,0
-2.7882483,0.7060349,0.8025378,-0.92182112,-0.33022857,0.20296597,0
1.8295686,2.8253858,0.58905524,0.92182112,0.33022857,-0.20296597,0
1.9681635,-0.36158371,-3.9667332,0.92182112,0.33022857,-0.20296597,0
-0.82493412,-3.3152921,2.2870886,0.33054268,-0.39621472,0.85659564,0
-0.77581429,3.5949605,-0.49943376,-0.20245445,0.85671651,0.47439373,0
-2.838073,-0.0073821545,-0.58449507,-0.92182112,-0.33022857,0.20296597,0
-2.9762604,0.33587277,-2.1984041,-0.33054268,0.39621472,-0.85659564,0
0.66319811,3.574657,-2.1047099,-0.33054268,0.39621472,-0.85659564,0
-2.0337191,-0.550282,2.1853759,-0.92182112,-0.33022857,0.20296597,0
1.3810337,-2.9282315,-0.44633937,0.20245445,-0.85671651,-0.47439373,0
3.0671036,0.28978693,2.0841739,0.92182112,0.33022857,-0.20296597,0
1.4118195,0.34513807,-3.887388,-0.33054268,0.39621472,-0.85659564,0
3.3921642,-0.82466149,1.7472925,0.92182112,0.33022857,-0.20296597,0
3.3093781,-1.8896329,-0.36142826,0.92182112,0.33022857,-0.20296597,0
-3.4286788,1.7708466,-0.37367415,-0.92182112,-0.33022857,0.20296597,0
2.6082397,-2.1384585,-1.3488785,0.20245445,-0.85671651,-0.47439373,0
0.8171885,1.6206691,-3.067941,-0.33054268,0.39621472,-0.85659564,0
2.5158014,-3.3257205,0.99314356,0.33054268,-0.39621472,0.85659564,0
-1.8099852,1.8315862,-1.9566097,-0.33054268,0.39621472,-0.85659564,0
-1.1907233,3.7384071,-0.93555498,-0.20245445,0.85671651,0.47439373,0
2.6535089,-0.94405103,-1.801747,0.92182112,0.33022857,-0.20296597,0
-0.85757542,-2.3446527,-2.4555941,0.20245445,-0.85671651,-0.47439373,0
2.1257401,2.4652202,2.7790656,-0.20245445,0.85671651,0.47439373,0
-2.232995,0.91746736,-2.2162006,-0.33054268,0.39621472,-0.85659564,0
-0.53667176,-3.6516395,2.020278,0.33054268,-0.39621472,0.85659564,0
-3.4029553,0.98178113,-1.5406659,-0.92182112,-0.33022857,0.20296597,0
-2.5969675,0.81168938,1.8431907,-0.92182112,-0.33022857,0.20296597,0
-2.2271955,1.8425577,2.0458677,-0.20245445,0.85671651,0.47439373,0
-1.3698094,-2.4964578,2.034229,-0.92182112,-0.33022857,0.20296597,0
-3.0817432,1.3471406,0.51264548,-0.92182112,-0.33022857,0.20296597,0
2.3181837,-0.058782756,2.5805092,0.33054268,-0.39621472,0.85659564,0
-0.052708864,1.5506521,3.5010183,-0.20245445,0.85671651,0.47439373,0
-0.97894669,1.0394936,4.0288444,-0.20245445,0.85671651,0.47439373,0
-0.031961918,-1.2113049,-4.050189,-0.33054268,0.39621472,-0.85659564,0
2.6386175,-3.1875746,1.0096507,0.33054268,-0.39621472,0.85659564,0
-0.12941527,0.76590526,3.9064436,0.33054268,-0.39621472,0.85659564,0
3.2085271,-1.2999015,0.14003325,0.92182112,0.33022857,-0.20296597,0
-1.869312,-1.7376481,1.0002077,-0.92182112,-0.33022857,0.20296597,0
-2.4197264,-1.5173936,-1.1412817,-0.92182112,-0.33022857,0.20296597,0
-2.3967233,-0.63348627,0.40132469,-0.92182112,-0.33022857,0.20296597,0
-1.872926,-0.54870391,2.9182246,-0.92182112,-0.33022857,0.20296597,0
-0.47519565,1.137898,-2.7925403,-0.33054268,0.39621472,-0.85659564,0
-0.029154301,4.0024724,-1.6396611,-0.33054268,0.39621472,-0.85659564,0
2.4349952,-0.24286485,2.4502876,0.33054268,-0.39621472,0.85659564,0
2.7536898,-0.8371926,2.0524058,0.33054268,-0.39621472,0.85659564,0
2.456677,-1.2179149,1.9909155,0.33054268,-0.39621472,0.85659564,0
0.76869428,-4.028852,1.279968,0.20245445,-0.85671651,-0.47439373,0
-1.6580679,1.954892,-1.9581969,-0.33054268,0.39621472,-0.85659564,0
1.9654156,1.1920172,-1.4514794,0.92182112,0.33022857,-0.20296597,0
2.9992883,-0.30862236,0.80255151,0.92182112,0.33022857,-0.20296597,0
-2.3698828,-2.3540733,-3.0839796,0.20245445,-0.85671651,-0.47439373,0
0.70301962,-2.9276938,-0.73666239,0.20245445,-0.85671651,-0.47439373,0
0.74461353,-4.0370259,1.3475974,0.33054268,-0.39621472,0.85659564,0
-0.96600366,3.6546724,-0.68843508,-0.20245445,0.85671651,0.47439373,0
2.3056595,1.7673082,1.029833,0.92182112,0.33022857,-0.20296597,0
-2.9761407,0.5529964,-0.29981995,-0.92182112,-0.33022857,0.20296597,0
-3.5020685,2.6506953,-0.92479372,-0.33054268,0.39621472,-0.85659564,0
-1.5180097,3.007231,0.24521637,-0.20245445,0.85671651,0.47439373,0
-1.4651819,-2.7914646,1.1210897,-0.92182112,-0.33022857,0.20296597,0
0.31330776,3.3770618,0.35887206,-0.20245445,0.85671651,0.47439373,0
-0.5241912,3.1730447,-1.8322849,-0.33054268,0.39621472,-0.85659564,0
3.5556493,-2.3841114,-0.047451019,0.92182112,0.33022857,-0.20296597,0
-1.0038002,0.029690504,3.9033175,0.33054268,-0.39621472,0.85659564,0
2.1628881,-0.86310673,2.2683976,0.33054268,-0.39621472,0.85659564,0
0.46743298,1.1490088,3.8533351,0.33054268,-0.39621472,0.85659564,0
-1.3800305,-2.7006288,1.6556177,-0.92182112,-0.33022857,0.20296597,0
3.2221293,-0.56012106,1.4054477,0.92182112,0.33022857,-0.20296597,0
0.90507293,-2.4831138,-1.4533088,0.20245445,-0.85671651,-0.47439373,0
2.5469928,-2.8381841,1.2066159,0.33054268,-0.39621472,0.85659564,0
-0.78096139,0.28404701,-3.0694971,-0.33054268,0.39621472,-0.85659564,0
-2.093452,2.1545649,-1.6978328,-0.33054268,0.39621472,-0.85659564,0
3.0910857,-1.6673589,-0.99121463,0.92182112,0.33022857,-0.20296597,0
1.2975163,2.3504398,2.6328938,-0.20245445,0.85671651,0.47439373,0
1.5469912,2.8825524,-0.60133159,0.92182112,0.33022857,-0.20296597,0
0.16246343,3.2903585,0.45107615,-0.20245445,0.85671651,0.47439373,0
1.9956832,-0.72719407,-4.1589251,0.20245445,-0.85671651,-0.47439373,0
-0.25926733,1.1051339,4.1134591,0.33054268,-0.39621472,0.85659564,0
-2.6053429,-2.0795197,-2.8988941,-0.92182112,-0.33022857,0.20296597,0
2.7876673,1.6427497,3.0163345,0.92182112,0.33022857,-0.20296597,0
2.0796309,2.6886897,1.5023698,0.92182112,0.33022857,-0.20296597,0
2.0633614,-3.3067162,0.52836633,0.20245445,-0.85671651,-0.47439373,0
-1.0898874,-3.9913607,0.87333441,-0.92182112,-0.33022857,0.20296597,0
3.0059657,0.0053100586,2.344754,0.33054268,-0.39621472,0.85659564,0
-2.5897267,-1.2501655,-1.4785969,-0.92182112,-0.33022857,0.20296597,0
1.7542298,-2.1588001,-1.6766042,0.20245445,-0.85671651,-0.47439373,0
-1.2997057,2.2573063,-1.9566004,-0.33054268,0.39621472,-0.85659564,0
-2.673588,0.85233092,1.5613219,-0.92182112,-0.33022857,0.20296597,0
-0.24218225,-1.0846826,-3.910501,-0.33054268,0.39621472,-0.85659564,0
0.68460369,2.7903991,1.5767933,-0.20245445,0.85671651,0.47439373,0
0.70474738,-3.0641751,1.8129692,0.33054268,-0.39621472,0.85659564,0
1.75299,0.03624177,-4.1619172,-0.33054268,0.39621472,-0.85659564,0
-1.2240614,-2.5733733,2.571038,-0.92182112,-0.33022857,0.20296597,0
-3.1384168,2.0103314,1.3342706,-0.92182112,-0.33022857,0.20296597,0
2.4702246,1.1674653,3.0890355,0.33054268,-0.39621472,0.85659564,0
-0.087472439,0.66341853,-3.1616232,-0.33054268,0.39621472,-0.85659564,0
0.36662608,-1.346998,2.7377162,0.33054268,-0.39621472,0.85659564,0
-1.8508033,-0.95832109,2.352247,-0.92182112,-0.33022857,0.20296597,0
-0.87433231,-3.8822536,0.31403852,0.20245445,-0.85671651,-0.47439373,0
-3.2197866,0.079084754,-2.1774628,-0.92182112,-0.33022857,0.20296597,0
-2.0863726,0.20301771,3.1718671,-0.92182112,-0.33022857,0.20296597,0
-2.0709167,1.365501,-2.071507,-0.33054268,0.39621472,-0.85659564,0
-0.1424408,1.1833935,-2.8998997,-0.33054268,0.39621472,-0.85659564,0
-1.1263442,2.9031398,0.60034537,-0.20245445,0.85671651,0.47439373,0
2.3930264,0.47743344,-0.67201644,0.92182112,0.33022857,-0.20296597,0
2.012244,-0.0027165413,-3.1826491,0.92182112,0.33022857,-0.20296597,0
-0.66094136,2.103523,2.243006,-0.20245445,0.85671651,0.47439373,0
3.5546193,-2.1613359,1.130867,0.33054268,-0.39621472,0.85659564,0
-0.25762844,1.2637728,3.9316463,-0.20245445,0.85671651,0.47439373,0
2.7802439,-1.0918381,-1.4665996,0.92182112,0.33022857,-0.20296597,0
0.45411065,-2.4197426,2.2077644,0.33054268,-0.39621472,0.85659564,0
0.59335142,3.691618,-2.0236578,-0.33054268,0.39621472,-0.85659564,0
0.26939678,-3.0622118,-0.67878902,0.20245445,-0.85671651,-0.47439373,0
1.1047639,3.8601282,-1.0192866,0.92182112,0.33022857,-0.20296597,0
-0.75645125,-3.7569969,0.1381427,0.20245445,-0.85671651,-0.47439373,0
-1.8334888,-2.5418394,-0.14552511,-0.92182112,-0.33022857,0.20296597,0
1.0358682,3.9087088,-1.2531524,0.92182112,0.33022857,-0.20296597,0
-0.82080168,-4.342237,1.524574,-0.92182112,-0.33022857,0.20296597,0
-1.2025504,2.1012349,2.0159991,-0.20245445,0.85671651,0.47439373,0
-1.2269442,3.2743635,-1.5142424,-0.33054268,0.39621472,-0.85659564,0
-1.6237264,3.3338606,-0.38976645,-0.20245445,0.85671651,0.47439373,0
-2.5973961,2.5129046,0.67728615,-0.20245445,0.85671651,0.47439373,0
-2.4989903,-1.1631851,-3.0759559,-0.33054268,0.39621472,-0.85659564,0
-1.7912085,-0.11431599,3.9961219,-0.92182112,-0.33022857,0.20296597,0
3.3919086,-1.534586,0.59107256,0.92182112,0.33022857,-0.20296597,0
-1.312885,-1.3690848,-3.6288877,-0.33054268,0.39621472,-0.85659564,0
-0.52024627,-0.3143034,3.5576108,0.33054268,-0.39621472,0.85659564,0
-2.2085102,0.16870975,2.5613284,-0.92182112,-0.33022857,0.20296597,0
-0.90239036,2.9767494,-1.7771416,-0.33054268,0.39621472,-0.85659564,0
1.0924494,3.153089,1.0958588,-0.20245445,0.85671651,0.47439373,0
3.0875044,-0.99825394,1.8490953,0.33054268,-0.39621472,0.85659564,0
0.35584784,-3.9329,0.9304986,0.20245445,-0.85671651,-0.47439373,0
-0.89488363,-3.8404956,0.22985625,0.20245445,-0.85671651,-0.47439373,0
-0.98492002,1.2706445,3.6088548,-0.20245445,0.85671651,0.47439373,0
2.897784,-0.6989603,-0.29354334,0.92182112,0.33022857,-0.20296597,0
-1.5545816,1.4131365,-2.2487164,-0.33054268,0.39621472,-0.85659564,0
-0.71177363,1.4581001,3.3868945,-0.20245445,0.85671651,0.47439373,0
0.84876484,4.2605596,-1.5304639,0.92182112,0.33022857,-0.20296597,0
1.6142302,2.1343241,-1.5133284,0.92182112,0.33022857,-0.20296597,0
1.3559756,-1.8905669,-2.3309724,0.20245445,-0.85671651,-0.47439373,0
3.4008746,-1.0029174,1.4968259,0.92182112,0.33022857,-0.20296597,0
2.2546782,2.2348258,1.5589473,0.92182112,0.33022857,-0.20296597,0
-1.0730233,-1.1570377,-3.6233635,-0.33054268,0.39621472,-0.85659564,0
-1.3692935,2.6945362,0.87338459,-0.20245445,0.85671651,0.47439373,0
1.2329416,2.906719,-1.9883475,0.92182112,0.33022857,-0.20296597,0
-0.66277218,-0.53451467,-3.493726,-0.33054268,0.39621472,-0.85659564,0
1.1536117,3.8197136,-0.86318803,0.92182112,0.33022857,-0.20296597,0
0.90955472,3.9491744,-0.41986012,-0.20245445,0.85671651,0.47439373,0
-0.48721313,-3.2671742,-0.63153642,0.20245445,-0.85671651,-0.47439373,0
3.545892,-2.1476173,0.29301524,0.92182112,0.33022857,-0.20296597,0
-2.225497,-1.0481935,0.50425678,-0.92182112,-0.33022857,0.20296597,0
-0.028645039,-0.093628287,3.4699841,0.33054268,-0.39621472,0.85659564,0
-0.87470126,-0.7406522,-3.5072947,-0.33054268,0.39621472,-0.85659564,0
2.1200035,0.85379761,3.0790932,0.33054268,-0.39621472,0.85659564,0
-2.458787,-0.40436363,0.49223351,-0.92182112,-0.33022857,0.20296597,0
-2.9248459,0.54640937,-0.077569485,-0.92182112,-0.33022857,0.20296597,0
-2.2003613,-2.1477873,-1.1706407,-0.92182112,-0.33022857,0.20296597,0
-0.9698267,3.0442495,-1.7198973,-0.33054268,0.39621472,-0.85659564,0
-0.28398514,-1.9257629,-2.9672873,0.20245445,-0.85671651,-0.47439373,0
-3.5024967,1.7836653,-0.68807983,-0.92182112,-0.33022857,0.20296597,0
-1.9710871,2.6735077,-1.5050163,-0.33054268,0.39621472,-0.85659564,0
-1.137866,0.12683868,3.9999862,0.33054268,-0.39621472,0.85659564,0
