-1.3038502,1.4741795,2.7940528,-0.33434829,0.802405,0.4943254,0
4.7093458,2.7251303,-0.65524054,0.19514328,0.57208693,-0.79664028,0
-0.82804239,1.2633553,3.4580927,-0.33434829,0.802405,0.4943254,0
-5.2002983,-0.29005361,2.2836666,-0.19514328,-0.57208693,0.79664028,0
-0.72854829,2.1128387,2.1464796,-0.33434829,0.802405,0.4943254,0
-5.3759556,0.32923377,-0.28508091,-0.92202508,-0.169891,-0.34786034,0
-0.50373626,3.5659928,-1.328383,0.19514328,0.57208693,-0.79664028,0
-2.9707539,0.51608157,3.2218199,-0.33434829,0.802405,0.4943254,0
1.093241,-1.8959982,-2.2517934,0.33434829,-0.802405,-0.4943254,0
3.7671342,0.61026502,4.0905209,0.92202508,0.169891,0.34786034,0
-1.5657117,0.19603491,3.5230594,-0.19514328,-0.57208693,0.79664028,0
6.0240927,-0.037000656,-1.5755713,0.92202508,0.169891,0.34786034,0
3.7726541,2.6208456,3.0939455,0.92202508,0.169891,0.34786034,0
4.1858454,1.0410837,-1.9928313,0.19514328,0.57208693,-0.79664028,0
0.46028328,0.62383378,-3.205075,0.19514328,0.57208693,-0.79664028,0
-4.5939326,3.3514094,-2.4784503,-0.33434829,0.802405,0.4943254,0
3.4642291,2.2247429,4.1048961,0.92202508,0.169891,0.34786034,0
3.4115005,1.8047538,4.4497752,0.92202508,0.169891,0.34786034,0
-3.4212937,1.2934191,1.6552879,-0.33434829,0.802405,0.4943254,0
-2.4097581,-2.9511404,-2.9083858,0.33434829,-0.802405,-0.4943254,0
-4.8302755,3.0872078,-2.209445,-0.33434829,0.802405,0.4943254,0
-2.1710017,-0.51695442,-4.6688571,0.19514328,0.57208693,-0.79664028,0
2.6799603,0.66469896,-2.6320014,0.19514328,0.57208693,-0.79664028,0
2.4928138,0.63237667,4.830575,-0.19514328,-0.57208693,0.79664028,0
5.1374674,-0.78816402,1.1413426,0.92202508,0.169891,0.34786034,0
-3.9624395,-0.68505085,2.3032324,-0.19514328,-0.57208693,0.79664028,0
4.4400539,-3.0555294,1.8940883,0.33434829,-0.802405,-0.4943254,0
1.6544352,-1.5844779,3.0332301,-0.19514328,-0.57208693,0.79664028,0
-1.3795396,2.8520968,0.50617862,-0.33434829,0.802405,0.4943254,0
4.5429997,-2.4778111,1.0259471,0.33434829,-0.802405,-0.4943254,0
-5.9490991,0.37886524,1.2098322,-0.92202508,-0.169891,-0.34786034,0
-2.4354341,0.60390711,-3.928714,0.19514328,0.57208693,-0.79664028,0
-1.5943949,3.8918982,-1.3615079,0.19514328,0.57208693,-0.79664028,0
-1.6172487,-2.8793476,-2.4888909,0.33434829,-0.802405,-0.4943254,0
1.1454334,1.7398965,4.0193615,-0.33434829,0.802405,0.4943254,0
0.0682621,-1.0468436,3.0307727,-0.19514328,-0.57208693,0.79664028,0
1.0163341,-2.1745274,-1.851693,0.33434829,-0.802405,-0.4943254,0
-5.1303988,2.3116636,-1.90414,-0.92202508,-0.169891,-0.34786034,0
-1.4821857,-4.0768738,-0.45367444,0.33434829,-0.802405,-0.4943254,0
-3.9585092,-4.3631992,-1.6638198,0.33434829,-0.802405,-0.4943254,0
2.7477322,4.1754951,-0.09421134,0.19514328,0.57208693,-0.79664028,0
5.768012,1.1829696,-1.4926324,0.92202508,0.169891,0.34786034,0
-3.7187967,-1.3278108,-3.8682003,-0.92202508,-0.169891,-0.34786034,0
2.0646772,-3.1288106,2.024699,-0.19514328,-0.57208693,0.79664028,0
4.0168524,-0.48167008,3.961915,0.92202508,0.169891,0.34786034,0
-4.4248915,-4.1134477,-0.63617897,-0.92202508,-0.169891,-0.34786034,0
1.9255006,0.22717142,-3.1310115,0.19514328,0.57208693,-0.79664028,0
3.6885202,-1.2753367,-1.503895,0.33434829,-0.802405,-0.4943254,0
2.5642443,0.36976147,-2.8721485,0.19514328,0.57208693,-0.79664028,0
4.7042189,0.76868778,1.5293474,0.92202508,0.169891,0.34786034,0
-2.2310052,-1.0030365,2.4990077,-0.19514328,-0.57208693,0.79664028,0
-1.4505363,3.4003735,-1.6792443,0.19514328,0.57208693,-0.79664028,0
-4.5141506,0.49688053,-2.6512256,-0.92202508,-0.169891,-0.34786034,0
1.7911981,4.3717403,-0.18759322,0.19514328,0.57208693,-0.79664028,0
-5.4358406,-1.4067787,0.72149706,-0.92202508,-0.169891,-0.34786034,0
-5.0020361,-0.65209985,-0.79690456,-0.92202508,-0.169891,-0.34786034,0
3.1881468,-3.3727601,1.5622718,0.33434829,-0.802405,-0.4943254,0
-5.0182757,0.94699907,1.1374524,-0.33434829,0.802405,0.4943254,0
5.1317811,-0.1572938,0.84830475,0.92202508,0.169891,0.34786034,0
1.2349377,2.8974264,2.2009599,-0.33434829,0.802405,0.4943254,0
-1.16584,-1.8548918,2.1481903,-0.19514328,-0.57208693,0.79664028,0
-4.079453,-1.0804251,-3.0330801,-0.92202508,-0.169891,-0.34786034,0
1.5554523,1.3034289,-2.4487708,0.19514328,0.57208693,-0.79664028,0
-4.8852897,-1.1239303,-0.87591124,-0.92202508,-0.169891,-0.34786034,0
-1.5462701,1.9170318,1.9112339,-0.33434829,0.802405,0.4943254,0
-4.4845781,2.9529059,-1.7576218,-0.33434829,0.802405,0.4943254,0
-3.9324543,-4.2323179,-1.8586469,0.33434829,-0.802405,-0.4943254,0
3.6394114,-0.25671649,-3.0586669,0.19514328,0.57208693,-0.79664028,0
-2.4882867,-4.6424208,-0.17754674,-0.19514328,-0.57208693,0.79664028,0
2.3286009,-2.6078393,-0.26074588,0.33434829,-0.802405,-0.4943254,0
-2.4570422,-3.8170171,-1.5348496,0.33434829,-0.802405,-0.4943254,0
-0.7676518,3.3962305,0.036787629,-0.33434829,0.802405,0.4943254,0
3.7913613,-3.3069186,2.3197603,-0.19514328,-0.57208693,0.79664028,0
1.2594731,-2.2594135,-1.5494518,0.33434829,-0.802405,-0.4943254,0
-4.1239896,-1.6799158,1.5492225,-0.19514328,-0.57208693,0.79664028,0
-4.1269493,-1.8282695,-2.5419478,-0.92202508,-0.169891,-0.34786034,0
-4.238399,-4.458148,-0.96214104,-0.92202508,-0.169891,-0.34786034,0
-3.3880653,-1.8490627,-4.4902496,-0.92202508,-0.169891,-0.34786034,0
5.4182358,-1.3296733,0.66161776,0.92202508,0.169891,0.34786034,0
2.0823407,-3.0423157,2.0911396,-0.19514328,-0.57208693,0.79664028,0
0.57080674,-2.4869108,-1.6459653,0.33434829,-0.802405,-0.4943254,0
4.5409865,2.3489709,1.1902122,0.92202508,0.169891,0.34786034,0
4.3258748,2.1204846,1.8719687,0.92202508,0.169891,0.34786034,0
-1.7071192,-0.75206184,-4.724062,0.19514328,0.57208693,-0.79664028,0
-5.0384655,1.0850126,-1.5487337,-0.92202508,-0.169891,-0.34786034,0
5.5872469,1.246729,-1.0446429,0.92202508,0.169891,0.34786034,0
-4.1283116,0.73068666,2.0905247,-0.33434829,0.802405,0.4943254,0
-1.8050724,-1.2956614,2.3932023,-0.19514328,-0.57208693,0.79664028,0
4.1724081,4.1996441,1.2633047,0.92202508,0.169891,0.34786034,0
-5.2312789,0.58508348,1.5808558,-0.33434829,0.802405,0.4943254,0
2.1414917,-1.1623693,-2.7336352,0.33434829,-0.802405,-0.4943254,0
2.4406819,-0.18709433,4.2293229,-0.19514328,-0.57208693,0.79664028,0
-3.0339568,-1.2093748,2.1541419,-0.19514328,-0.57208693,0.79664028,0
-0.6339283,1.7833567,-2.640429,0.19514328,0.57208693,-0.79664028,0
2.6390538,-3.5584679,1.4923265,0.33434829,-0.802405,-0.4943254,0
-5.1935744,0.60053211,-0.90099096,-0.92202508,-0.169891,-0.34786034,0
-4.6620603,0.47060755,-2.2463493,-0.92202508,-0.169891,-0.34786034,0
-3.7649364,-0.91571665,-3.9471664,-0.92202508,-0.169891,-0.34786034,0
0.33906198,-0.22421885,-3.8437762,0.19514328,0.57208693,-0.79664028,0
-1.3285613,-0.40959406,-4.385397,0.19514328,0.57208693,-0.79664028,0
-2.4218535,0.87669635,3.0077195,-0.33434829,0.802405,0.4943254,0
-4.3551936,3.1270509,-1.9527874,-0.33434829,0.802405,0.4943254,0
2.1917925,4.257225,-0.17170084,0.19514328,0.57208693,-0.79664028,0
-2.1586676,-2.1168516,1.7168696,-0.19514328,-0.57208693,0.79664028,0
-3.7981296,-0.86129785,-3.8857636,-0.92202508,-0.169891,-0.34786034,0
-5.381567,-0.240839,0.0082101822,-0.92202508,-0.169891,-0.34786034,0
5.4850349,-1.1113905,0.37795448,0.92202508,0.169891,0.34786034,0
-1.1406485,-2.6765082,-2.4957871,0.33434829,-0.802405,-0.4943254,0
-1.0442948,3.172832,-1.7431351,0.19514328,0.57208693,-0.79664028,0
4.9096289,2.3150463,0.22967148,0.92202508,0.169891,0.34786034,0
0.03143096,1.8415401,-2.4356611,0.19514328,0.57208693,-0.79664028,0
4.518877,0.9420594,1.935935,0.92202508,0.169891,0.34786034,0
-4.3860216,-0.54838455,-2.4803429,-0.92202508,-0.169891,-0.34786034,0
5.126265,-1.6012583,-0.0023965836,0.33434829,-0.802405,-0.4943254,0
-4.9361959,0.12027574,2.5349326,-0.33434829,0.802405,0.4943254,0
3.0565739,-2.4944081,2.7232521,-0.19514328,-0.57208693,0.79664028,0
-2.4452181,2.9432988,-0.36265874,-0.33434829,0.802405,0.4943254,0
1.0904522,0.7630434,4.5808907,-0.19514328,-0.57208693,0.79664028,0
-0.2547152,0.15276003,3.8131218,-0.19514328,-0.57208693,0.79664028,0
4.468195,3.2338061,0.95100784,0.92202508,0.169891,0.34786034,0
-1.0396188,-3.4733851,-1.1339369,0.33434829,-0.802405,-0.4943254,0
2.1138854,-0.42841303,3.9759743,-0.19514328,-0.57208693,0.79664028,0
5.0249825,-1.2333789,1.6569295,0.92202508,0.169891,0.34786034,0
-4.9237556,0.12615342,-1.384481,-0.92202508,-0.169891,-0.34786034,0
1.928001,2.3739033,-1.5887783,0.19514328,0.57208693,-0.79664028,0
1.9801977,1.4440024,5.0642786,-0.33434829,0.802405,0.4943254,0
-1.9380111,-1.7584238,-4.5253658,0.33434829,-0.802405,-0.4943254,0
-3.5561883,-2.5437617,-3.7053485,-0.92202508,-0.169891,-0.34786034,0
2.3837986,0.72384596,4.8695574,-0.19514328,-0.57208693,0.79664028,0
-3.2296081,-4.0269008,-1.716702,0.33434829,-0.802405,-0.4943254,0
-4.8516169,1.5285323,-2.2605963,-0.92202508,-0.169891,-0.34786034,0
-0.35138822,-3.6835065,1.0345241,-0.19514328,-0.57208693,0.79664028,0
-2.5992172,-3.219481,-2.6009524,0.33434829,-0.802405,-0.4943254,0
1.4246919,1.5954208,-2.2711151,0.19514328,0.57208693,-0.79664028,0
-3.6827834,-1.7822816,-3.7416973,-0.92202508,-0.169891,-0.34786034,0
-3.5536795,-3.4344296,0.42896485,-0.19514328,-0.57208693,0.79664028,0
-0.7404772,-1.4076545,-4.2847662,0.33434829,-0.802405,-0.4943254,0
4.6911311,2.4238002,0.75569916,0.92202508,0.169891,0.34786034,0
-4.1416669,0.41854441,-3.6002579,-0.92202508,-0.169891,-0.34786034,0
-1.9665239,1.9129678,-2.8737822,0.19514328,0.57208693,-0.79664028,0
-5.0072365,-2.4081082,0.074494839,-0.92202508,-0.169891,-0.34786034,0
0.14565897,-1.6761729,2.5977948,-0.19514328,-0.57208693,0.79664028,0
-3.6810365,2.9367633,-2.5585532,0.19514328,0.57208693,-0.79664028,0
-0.35405335,2.5784047,1.6440554,-0.33434829,0.802405,0.4943254,0
2.0258307,2.1353238,3.9729688,-0.33434829,0.802405,0.4943254,0
-3.167866,2.0351069,-3.0803494,0.19514328,0.57208693,-0.79664028,0
-3.1537049,-2.1113224,1.4770976,-0.19514328,-0.57208693,0.79664028,0
-4.4565649,-1.0261145,-2.0600443,-0.92202508,-0.169891,-0.34786034,0
1.5673035,-2.2265399,-1.3946044,0.33434829,-0.802405,-0.4943254,0
-1.749362,-2.5429206,-3.1243479,0.33434829,-0.802405,-0.4943254,0
-2.6291554,-2.648622,-3.547838,0.33434829,-0.802405,-0.4943254,0
4.8917236,2.4335232,0.21926641,0.92202508,0.169891,0.34786034,0
0.49910069,0.92265975,-2.9809721,0.19514328,0.57208693,-0.79664028,0
-5.7041507,0.67020714,0.41829443,-0.92202508,-0.169891,-0.34786034,0
-5.109396,-0.1743198,-0.74568319,-0.92202508,-0.169891,-0.34786034,0
-1.8536127,-1.1773666,2.4662623,-0.19514328,-0.57208693,0.79664028,0
2.5060499,0.63243365,4.8338585,-0.19514328,-0.57208693,0.79664028,0
5.0911636,0.96790081,0.40643358,0.92202508,0.169891,0.34786034,0
4.0447378,2.9928992,2.1910639,0.92202508,0.169891,0.34786034,0
4.614316,-1.920115,3.0808225,0.92202508,0.169891,0.34786034,0
-0.32339883,1.6918218,3.1039195,-0.33434829,0.802405,0.4943254,0
1.7890695,4.3894615,0.15383947,-0.33434829,0.802405,0.4943254,0
-4.267396,-4.1778359,-1.0221829,-0.92202508,-0.169891,-0.34786034,0
3.618773,0.85259891,4.3654079,0.92202508,0.169891,0.34786034,0
-4.2367706,-1.29707,-2.5102921,-0.92202508,-0.169891,-0.34786034,0
-4.0113549,-4.3900757,-1.5971808,-0.92202508,-0.169891,-0.34786034,0
-5.1691146,1.2340531,-1.2752285,-0.92202508,-0.169891,-0.34786034,0
5.7338409,0.3373487,-0.98906898,0.92202508,0.169891,0.34786034,0
1.3335809,-1.8969407,-2.0877032,0.33434829,-0.802405,-0.4943254,0
-4.0955324,0.2330687,-3.6319556,-0.92202508,-0.169891,-0.34786034,0
-3.564352,-0.76247144,-4.5536709,-0.92202508,-0.169891,-0.34786034,0
-0.83413482,-0.47139382,-4.3086629,0.19514328,0.57208693,-0.79664028,0
-2.9775226,2.3237367,-2.8264511,0.19514328,0.57208693,-0.79664028,0
-3.5428667,-4.2651272,-1.5418837,0.33434829,-0.802405,-0.4943254,0
-1.6190575,1.2241671,2.9866836,-0.33434829,0.802405,0.4943254,0
-1.2401502,1.6275344,-2.9008276,0.19514328,0.57208693,-0.79664028,0
4.0369534,1.2391014,3.0682321,0.92202508,0.169891,0.34786034,0
2.2250917,-0.27532089,4.1131544,-0.19514328,-0.57208693,0.79664028,0
-3.2386737,3.3546703,-1.5670826,-0.33434829,0.802405,0.4943254,0
-2.3497844,2.6990643,0.098338366,-0.33434829,0.802405,0.4943254,0
4.394763,-0.67348701,3.0539212,0.92202508,0.169891,0.34786034,0
-5.2020645,-2.1024261,0.44160509,-0.92202508,-0.169891,-0.34786034,0
4.7119422,-1.1096669,2.4262428,0.92202508,0.169891,0.34786034,0
-4.8877916,0.99669981,1.1450324,-0.33434829,0.802405,0.4943254,0
5.1297431,-1.4192843,-0.29543018,0.33434829,-0.802405,-0.4943254,0
-0.70794249,-1.7472898,2.3376276,-0.19514328,-0.57208693,0.79664028,0
-3.9812219,-2.8102071,-2.4486408,-0.92202508,-0.169891,-0.34786034,0
3.5690839,2.2364011,-1.2855252,0.19514328,0.57208693,-0.79664028,0
4.618268,-1.9352608,0.19617176,0.33434829,-0.802405,-0.4943254,0
-2.3443913,-3.8830211,0.40304565,-0.19514328,-0.57208693,0.79664028,0
-2.7020426,-2.0891893,-4.5052266,0.33434829,-0.802405,-0.4943254,0
3.9950514,-1.1068618,3.9495702,-0.19514328,-0.57208693,0.79664028,0
2.0232172,4.499548,-0.038976789,0.19514328,0.57208693,-0.79664028,0
-1.4243774,1.7394545,2.2819281,-0.33434829,0.802405,0.4943254,0
4.4805098,2.0625658,-1.1870999,0.19514328,0.57208693,-0.79664028,0
-1.7574888,-1.161481,2.5012164,-0.19514328,-0.57208693,0.79664028,0
4.4568415,-2.43888,3.1061344,-0.19514328,-0.57208693,0.79664028,0
0.85148257,-2.1380377,-2.0224259,0.33434829,-0.802405,-0.4943254,0
-3.2838011,-3.1245692,-3.21805,0.33434829,-0.802405,-0.4943254,0
4.964551,-1.5688072,1.9809284,0.92202508,0.169891,0.34786034,0
-0.36721635,0.80162638,-3.2801006,0.19514328,0.57208693,-0.79664028,0
2.6087911,-1.7478869,3.1496594,-0.19514328,-0.57208693,0.79664028,0
3.3012195,-3.4261763,1.7254577,0.33434829,-0.802405,-0.4943254,0
4.2733574,-0.2485531,3.1681833,0.92202508,0.169891,0.34786034,0
2.5367885,2.1960139,4.2200518,-0.33434829,0.802405,0.4943254,0
4.2772412,0.58674467,2.7499375,0.92202508,0.169891,0.34786034,0
2.5884025,-3.4224982,1.9420855,-0.19514328,-0.57208693,0.79664028,0
-3.9411414,-1.8661727,1.4602571,-0.19514328,-0.57208693,0.79664028,0
0.92048502,4.0849276,-0.6068489,0.19514328,0.57208693,-0.79664028,0
-1.7179694,3.2424033,-0.35628426,-0.33434829,0.802405,0.4943254,0
2.4415755,3.0210404,-0.99824893,0.19514328,0.57208693,-0.79664028,0
-4.1721663,2.6896453,-1.1189823,-0.33434829,0.802405,0.4943254,0
-4.0559187,-3.8185666,-1.7581801,-0.92202508,-0.169891,-0.34786034,0
2.9821677,4.5694718,0.6686213,-0.33434829,0.802405,0.4943254,0
1.2592211,3.536752,-0.91753083,0.19514328,0.57208693,-0.79664028,0
-2.7210374,2.0739007,0.86201894,-0.33434829,0.802405,0.4943254,0
-4.4576745,-1.7673357,-1.6951008,-0.92202508,-0.169891,-0.34786034,0
3.5071232,2.5652165,3.8249183,0.92202508,0.169891,0.34786034,0
3.1291151,4.1922007,1.3804104,-0.33434829,0.802405,0.4943254,0
-4.1107912,-3.5871527,-1.7257581,-0.92202508,-0.169891,-0.34786034,0
3.7173913,-1.868928,-0.52083015,0.33434829,-0.802405,-0.4943254,0
-3.9987867,1.3658867,-3.7644734,0.19514328,0.57208693,-0.79664028,0
3.6142771,-1.9999521,-0.3778913,0.33434829,-0.802405,-0.4943254,0
4.2083874,3.3319023,1.5917339,0.92202508,0.169891,0.34786034,0
4.2933588,1.7330499,2.1473742,0.92202508,0.169891,0.34786034,0
-4.1453571,1.4367416,0.93290424,-0.33434829,0.802405,0.4943254,0
2.1815593,-2.0885344,2.8003783,-0.19514328,-0.57208693,0.79664028,0
-0.14076579,-3.5381446,-0.42085707,0.33434829,-0.802405,-0.4943254,0
0.48654103,-2.0476425,2.4145355,-0.19514328,-0.57208693,0.79664028,0
-2.3416069,-1.2982302,2.2599292,-0.19514328,-0.57208693,0.79664028,0
-5.0032716,1.514657,-1.8518486,-0.92202508,-0.169891,-0.34786034,0
0.13563657,-3.028722,-1.0608174,0.33434829,-0.802405,-0.4943254,0
-5.081706,2.5501895,-2.1496954,-0.92202508,-0.169891,-0.34786034,0
4.9695406,-1.2638949,1.8187847,0.92202508,0.169891,0.34786034,0
4.6623898,2.9720192,0.56413651,0.92202508,0.169891,0.34786034,0
-1.8214438,-3.3764653,0.89491576,-0.19514328,-0.57208693,0.79664028,0
0.10521948,2.2195952,2.5371265,-0.33434829,0.802405,0.4943254,0
4.8932295,0.84217322,0.9924736,0.92202508,0.169891,0.34786034,0
-4.8130932,1.9748449,-2.5806789,-0.92202508,-0.169891,-0.34786034,0
-1.4637095,-0.49591005,3.0511429,-0.19514328,-0.57208693,0.79664028,0
1.5533211,-1.2453966,3.2519641,-0.19514328,-0.57208693,0.79664028,0
-3.8468044,0.09102428,-4.2218518,-0.92202508,-0.169891,-0.34786034,0
-4.7821383,-1.1889491,-1.1175661,-0.92202508,-0.169891,-0.34786034,0
-4.1514721,0.069745779,2.7989655,-0.19514328,-0.57208693,0.79664028,0
-3.9274373,-0.39184773,-3.7723002,-0.92202508,-0.169891,-0.34786034,0
2.2665763,-0.427881,-3.5178711,0.19514328,0.57208693,-0.79664028,0
5.7204919,0.90826249,-1.2325137,0.92202508,0.169891,0.34786034,0
1.4389257,-3.4972785,0.58126771,0.33434829,-0.802405,-0.4943254,0
3.4554551,0.04828763,-2.8846979,0.19514328,0.57208693,-0.79664028,0
-0.31420946,3.5344894,-1.3045797,0.19514328,0.57208693,-0.79664028,0
6.1626506,0.058527946,-1.9894817,0.92202508,0.169891,0.34786034,0
-2.5132632,-1.4168749,-5.398952,0.19514328,0.57208693,-0.79664028,0
2.7444174,-1.783437,-1.3176953,0.33434829,-0.802405,-0.4943254,0
0.066891789,1.7904444,3.2078142,-0.33434829,0.802405,0.4943254,0
-5.0074797,1.3270352,-1.749064,-0.92202508,-0.169891,-0.34786034,0
2.0770853,2.8482912,2.850323,-0.33434829,0.802405,0.4943254,0
5.1407909,0.38012791,-2.2335587,0.19514328,0.57208693,-0.79664028,0
2.3599758,-2.4330025,2.5967116,-0.19514328,-0.57208693,0.79664028,0
1.7417281,1.769475,4.3746662,-0.33434829,0.802405,0.4943254,0
3.1191587,1.0094287,-2.2768574,0.19514328,0.57208693,-0.79664028,0
3.6332297,0.48659658,-2.5263898,0.19514328,0.57208693,-0.79664028,0
3.7695098,1.1780775,3.8069115,0.92202508,0.169891,0.34786034,0
-2.3782072,-3.883641,-1.3733814,0.33434829,-0.802405,-0.4943254,0
4.9082804,1.3488036,-1.5948842,0.19514328,0.57208693,-0.79664028,0
-2.1291418,-4.585393,-0.048617601,-0.19514328,-0.57208693,0.79664028,0
3.9199579,-0.52843165,-2.5597568,0.33434829,-0.802405,-0.4943254,0
2.0946698,0.042354345,4.3093367,-0.19514328,-0.57208693,0.79664028,0
-3.3079946,1.5487604,-3.463932,0.19514328,0.57208693,-0.79664028,0
3.7172742,4.687048,0.9749732,-0.33434829,0.802405,0.4943254,0
-3.184844,2.8534598,-0.71709299,-0.33434829,0.802405,0.4943254,0
-1.276576,3.4294224,-1.6157705,0.19514328,0.57208693,-0.79664028,0
-3.9851172,-2.7083719,-2.4880514,-0.92202508,-0.169891,-0.34786034,0
4.0309467,3.6455691,1.9088607,0.92202508,0.169891,0.34786034,0
-3.7304358,-1.4201789,1.8321502,-0.19514328,-0.57208693,0.79664028,0
-4.2497249,-3.0329254,-1.6281843,-0.92202508,-0.169891,-0.34786034,0
-2.7453473,-1.7723367,1.8205622,-0.19514328,-0.57208693,0.79664028,0
5.8462014,-0.61719298,-0.82069921,0.92202508,0.169891,0.34786034,0
-5.2883563,-1.4458427,0.34965992,-0.92202508,-0.169891,-0.34786034,0
-4.6663494,1.0370319,-2.5116158,-0.92202508,-0.169891,-0.34786034,0
4.6822591,2.0842812,-1.1220853,0.19514328,0.57208693,-0.79664028,0
3.8667412,1.5789245,-1.6847619,0.19514328,0.57208693,-0.79664028,0
0.4514935,-1.0412185,-4.07336,0.33434829,-0.802405,-0.4943254,0
0.45407259,2.7021551,1.9897757,-0.33434829,0.802405,0.4943254,0
-1.4019194,-3.9052763,0.61792928,-0.19514328,-0.57208693,0.79664028,0
-3.8474808,-3.564537,-2.4347229,-0.92202508,-0.169891,-0.34786034,0
0.063348711,2.9227753,1.3673818,-0.33434829,0.802405,0.4943254,0
3.3866971,1.1431804,4.8386216,0.92202508,0.169891,0.34786034,0
1.2633878,3.5018592,1.2390683,-0.33434829,0.802405,0.4943254,0
2.9428983,0.26398849,4.6762786,-0.19514328,-0.57208693,0.79664028,0
-0.02757597,-0.056037188,-3.8128119,0.19514328,0.57208693,-0.79664028,0
0.78167224,0.26261663,4.145884,-0.19514328,-0.57208693,0.79664028,0
1.1097791,0.51784086,4.4095387,-0.19514328,-0.57208693,0.79664028,0
-3.6097355,-0.5233078,-4.5501833,-0.92202508,-0.169891,-0.34786034,0
0.11994827,-1.5270188,-3.5090418,0.33434829,-0.802405,-0.4943254,0
-3.598043,-3.1789367,-3.2841959,-0.92202508,-0.169891,-0.34786034,0
-2.4464645,0.56688285,3.4939728,-0.33434829,0.802405,0.4943254,0
-4.5887017,-2.6167192,-0.93297529,-0.92202508,-0.169891,-0.34786034,0
-4.9464879,-0.56893241,-0.98475647,-0.92202508,-0.169891,-0.34786034,0
0.38777637,-0.78763652,-4.2364478,0.19514328,0.57208693,-0.79664028,0
1.7829465,0.15084219,-3.2207451,0.19514328,0.57208693,-0.79664028,0
-4.0518537,-0.41018069,-3.4335737,-0.92202508,-0.169891,-0.34786034,0
-0.75214231,-1.4416013,-4.2375522,0.33434829,-0.802405,-0.4943254,0
-1.9582788,-2.6649082,1.3723836,-0.19514328,-0.57208693,0.79664028,0
0.98684847,0.69801193,-3.0228198,0.19514328,0.57208693,-0.79664028,0
4.94981,2.7211204,-0.59921694,0.19514328,0.57208693,-0.79664028,0
2.9606962,2.0914099,4.6765685,-0.33434829,0.802405,0.4943254,0
3.8650196,1.2968321,3.4957581,0.92202508,0.169891,0.34786034,0
-4.231514,-1.5530776,-2.3991942,-0.92202508,-0.169891,-0.34786034,0
-0.85239267,-4.1600161,0.10725969,0.33434829,-0.802405,-0.4943254,0
-4.4527407,-0.28182578,-2.4336848,-0.92202508,-0.169891,-0.34786034,0
1.5130671,4.0855284,0.46051443,-0.33434829,0.802405,0.4943254,0
2.1693172,-0.60233027,3.8646595,-0.19514328,-0.57208693,0.79664028,0
-2.295332,-4.2246442,-0.76379919,0.33434829,-0.802405,-0.4943254,0
4.7787018,1.1226407,1.1590586,0.92202508,0.169891,0.34786034,0
-5.1773028,2.3783906,-1.2935901,-0.33434829,0.802405,0.4943254,0
3.2755325,-2.8033204,2.5550504,-0.19514328,-0.57208693,0.79664028,0
0.066404343,-1.8973606,2.4195406,-0.19514328,-0.57208693,0.79664028,0
-4.079628,-4.6430936,-0.56784105,-0.19514328,-0.57208693,0.79664028,0
-5.3014569,2.0846868,-1.3398876,-0.92202508,-0.169891,-0.34786034,0
-3.2092793,0.69180441,2.7752483,-0.33434829,0.802405,0.4943254,0
5.2409787,2.0012779,-0.49535036,0.92202508,0.169891,0.34786034,0
-3.8025513,1.5664592,-3.5723677,0.19514328,0.57208693,-0.79664028,0
5.0177212,-1.4742393,-0.28199387,0.33434829,-0.802405,-0.4943254,0
4.8853264,-0.27729857,1.5601583,0.92202508,0.169891,0.34786034,0
2.1672301,-1.2507117,-2.5728264,0.33434829,-0.802405,-0.4943254,0
2.8594508,-3.0990252,0.8956151,0.33434829,-0.802405,-0.4943254,0
-3.3116426,-2.7015986,1.014518,-0.19514328,-0.57208693,0.79664028,0
-4.3749304,-2.9015965,-1.3604574,-0.92202508,-0.169891,-0.34786034,0
1.1489809,1.3029618,-2.5486746,0.19514328,0.57208693,-0.79664028,0
0.25765204,1.2236946,-2.8239365,0.19514328,0.57208693,-0.79664028,0
-1.3440282,0.91948795,3.6672707,-0.33434829,0.802405,0.4943254,0
5.6776376,0.19636142,-0.77124166,0.92202508,0.169891,0.34786034,0
1.8428047,0.7540409,-2.7729106,0.19514328,0.57208693,-0.79664028,0
-3.9711964,-2.6025608,-2.5766263,-0.92202508,-0.169891,-0.34786034,0
-0.18923879,0.43322074,-3.5010645,0.19514328,0.57208693,-0.79664028,0
-1.3244643,-1.365761,-4.7477627,0.33434829,-0.802405,-0.4943254,0
0.0038878918,-0.83486265,3.1672325,-0.19514328,-0.57208693,0.79664028,0
-2.8942513,1.0509903,2.405283,-0.33434829,0.802405,0.4943254,0
3.7512727,-0.30112314,-3.0428252,0.33434829,-0.802405,-0.4943254,0
-3.8130183,2.9962046,-1.3736811,-0.33434829,0.802405,0.4943254,0
-3.3972266,1.6126952,-3.439877,0.19514328,0.57208693,-0.79664028,0
-2.5775619,-1.9693325,1.7201953,-0.19514328,-0.57208693,0.79664028,0
4.5232048,1.2194878,1.7889709,0.92202508,0.169891,0.34786034,0
-4.5791044,2.2176836,-0.62811995,-0.33434829,0.802405,0.4943254,0
4.8012371,0.058439828,1.619072,0.92202508,0.169891,0.34786034,0
-1.0365624,-2.6211584,1.6295831,-0.19514328,-0.57208693,0.79664028,0
-3.4371262,-4.4215894,-1.2163897,0.33434829,-0.802405,-0.4943254,0
2.3897781,2.7547078,3.2137282,-0.33434829,0.802405,0.4943254,0
2.463716,2.9030879,3.0228829,-0.33434829,0.802405,0.4943254,0
-4.7303619,3.1938686,-2.3150024,-0.33434829,0.802405,0.4943254,0
3.7220492,-0.051763296,4.533349,0.92202508,0.169891,0.34786034,0
-3.9106421,-2.2091191,-2.9292808,-0.92202508,-0.169891,-0.34786034,0
2.951973,-0.62736511,-3.0538838,0.33434829,-0.802405,-0.4943254,0
5.8823614,-0.6683774,-0.89154673,0.92202508,0.169891,0.34786034,0
0.94065595,2.355598,-1.8437817,0.19514328,0.57208693,-0.79664028,0
-5.2281547,1.6607125,-1.3271141,-0.92202508,-0.169891,-0.34786034,0
2.4609816,-2.4519913,2.6078172,-0.19514328,-0.57208693,0.79664028,0
-2.5777793,1.2792156,2.2488732,-0.33434829,0.802405,0.4943254,0
-5.5498857,0.7455014,-0.027368069,-0.92202508,-0.169891,-0.34786034,0
5.352046,0.96690917,-1.7604277,0.19514328,0.57208693,-0.79664028,0
-5.9708776,-0.1920085,1.5463669,-0.92202508,-0.169891,-0.34786034,0
-0.97990274,2.6933491,-2.0716903,0.19514328,0.57208693,-0.79664028,0
-0.67279053,3.3462071,-1.527627,0.19514328,0.57208693,-0.79664028,0
1.1537433,-1.2269202,3.1673524,-0.19514328,-0.57208693,0.79664028,0
5.2330675,0.60519058,0.20745087,0.92202508,0.169891,0.34786034,0
0.37517139,2.8530018,1.6915489,-0.33434829,0.802405,0.4943254,0
-5.9786162,-0.67188263,1.801244,-0.92202508,-0.169891,-0.34786034,0
0.57555699,-0.87699378,3.2770121,-0.19514328,-0.57208693,0.79664028,0
-3.6825833,-0.71909356,-4.2614765,-0.92202508,-0.169891,-0.34786034,0
-1.5266473,2.2912495,1.3170646,-0.33434829,0.802405,0.4943254,0
-4.8330436,-2.9810767,-0.10738373,-0.92202508,-0.169891,-0.34786034,0
-3.2428443,-1.0560253,-5.2624788,-0.92202508,-0.169891,-0.34786034,0
3.9478171,3.881803,2.0138268,0.92202508,0.169891,0.34786034,0
-0.65674353,3.4824719,-0.028186679,-0.33434829,0.802405,0.4943254,0
2.9345462,-3.0809088,2.2721798,-0.19514328,-0.57208693,0.79664028,0
-3.2058039,-1.6789126,1.7748599,-0.19514328,-0.57208693,0.79664028,0
-2.8444099,3.640681,-1.848114,0.19514328,0.57208693,-0.79664028,0
4.2919927,3.7236669,1.1788011,0.92202508,0.169891,0.34786034,0
-5.7958245,0.79185319,0.60187054,-0.92202508,-0.169891,-0.34786034,0
-4.1466122,0.34375226,-3.550622,-0.92202508,-0.169891,-0.34786034,0
-1.8373241,2.1985922,1.257336,-0.33434829,0.802405,0.4943254,0
-0.83814716,3.2057672,-1.6689863,0.19514328,0.57208693,-0.79664028,0
2.2342408,2.2384219,-1.6110549,0.19514328,0.57208693,-0.79664028,0
2.2211633,2.3965673,3.6810262,-0.33434829,0.802405,0.4943254,0
3.8289902,-0.74951583,4.1655121,-0.19514328,-0.57208693,0.79664028,0
-0.42216384,1.9430017,2.6293945,-0.33434829,0.802405,0.4943254,0
-0.23955637,2.6524754,1.6012646,-0.33434829,0.802405,0.4943254,0
1.6257861,4.0203743,0.64251339,-0.33434829,0.802405,0.4943254,0
-4.4565992,-1.1109666,-2.0185122,-0.92202508,-0.169891,-0.34786034,0
0.85925412,-3.6554096,1.3512571,-0.19514328,-0.57208693,0.79664028,0
-4.4082441,3.0333714,-1.8366065,-0.33434829,0.802405,0.4943254,0
3.7602062,2.8404908,3.0196667,0.92202508,0.169891,0.34786034,0
0.037700415,-4.1353025,0.80538839,-0.19514328,-0.57208693,0.79664028,0
-4.2134495,1.8809819,0.1657443,-0.33434829,0.802405,0.4943254,0
4.3148708,1.8963715,2.0105901,0.92202508,0.169891,0.34786034,0
-1.3260852,-3.3603783,1.0278103,-0.19514328,-0.57208693,0.79664028,0
4.3286681,-0.86217523,-1.7415729,0.33434829,-0.802405,-0.4943254,0
5.0537724,2.2622335,-0.90328813,0.19514328,0.57208693,-0.79664028,0
4.6533332,0.50393182,1.7935262,0.92202508,0.169891,0.34786034,0
1.1556075,-2.7311332,-0.85399193,0.33434829,-0.802405,-0.4943254,0
0.68725765,3.7974324,0.3696056,-0.33434829,0.802405,0.4943254,0
-3.812186,3.0748684,-1.5008073,-0.33434829,0.802405,0.4943254,0
-3.7577405,-2.2097659,1.2584399,-0.19514328,-0.57208693,0.79664028,0
2.1816688,-2.4845929,-0.5601846,0.33434829,-0.802405,-0.4943254,0
-3.8239412,-2.98053,-2.7823386,-0.92202508,-0.169891,-0.34786034,0
5.055387,-0.043816388,0.9953723,0.92202508,0.169891,0.34786034,0
-1.5344263,0.73228526,3.8423638,-0.33434829,0.802405,0.4943254,0
-5.0318508,2.7391911,-2.3741484,-0.92202508,-0.169891,-0.34786034,0
0.41215491,-3.8826401,0.51231986,0.33434829,-0.802405,-0.4943254,0
-4.3415184,2.7704558,-1.3647017,-0.33434829,0.802405,0.4943254,0
-0.65025902,-0.94270349,-4.6020803,0.19514328,0.57208693,-0.79664028,0
-2.4465952,0.25996923,3.3531928,-0.19514328,-0.57208693,0.79664028,0
2.6554756,0.34714222,4.6655869,-0.19514328,-0.57208693,0.79664028,0
0.30048132,-3.7326953,1.1588805,-0.19514328,-0.57208693,0.79664028,0
5.4955883,-1.4346573,0.50786352,0.92202508,0.169891,0.34786034,0
0.97147989,-2.8963087,-0.71041322,0.33434829,-0.802405,-0.4943254,0
0.20846558,-3.4809101,1.3171539,-0.19514328,-0.57208693,0.79664028,0
-0.069657624,2.7837372,1.5031116,-0.33434829,0.802405,0.4943254,0
4.3229961,0.19997036,2.8175564,0.92202508,0.169891,0.34786034,0
3.0351231,-1.8664608,-0.98630333,0.33434829,-0.802405,-0.4943254,0
3.0115719,-2.7210226,0.38491964,0.33434829,-0.802405,-0.4943254,0
0.95069098,-0.82331163,3.4074545,-0.19514328,-0.57208693,0.79664028,0
-4.7605395,-1.557415,-0.99486017,-0.92202508,-0.169891,-0.34786034,0
4.0503387,-0.20786524,3.7394347,0.92202508,0.169891,0.34786034,0
-3.1468167,-3.9354923,-1.809082,0.33434829,-0.802405,-0.4943254,0
1.1860254,-0.48028886,3.7114341,-0.19514328,-0.57208693,0.79664028,0
3.4068952,1.1904454,4.7620034,0.92202508,0.169891,0.34786034,0
4.8452864,-0.6205678,1.8339357,0.92202508,0.169891,0.34786034,0
-3.4370639,-2.6242375,-3.9817891,-0.92202508,-0.169891,-0.34786034,0
4.6753302,0.6215964,1.6777558,0.92202508,0.169891,0.34786034,0
-3.0050974,2.5520241,-2.6692667,0.19514328,0.57208693,-0.79664028,0
-4.9952154,1.1348188,-1.6876941,-0.92202508,-0.169891,-0.34786034,0
4.9585371,1.4677777,0.51383352,0.92202508,0.169891,0.34786034,0
0.039993048,-1.3521943,-3.8469019,0.33434829,-0.802405,-0.4943254,0
-3.1900318,0.8719396,-3.9210777,0.19514328,0.57208693,-0.79664028,0
-5.5638485,-0.86735511,0.7973423,-0.92202508,-0.169891,-0.34786034,0
0.21135032,1.7194078,3.4208307,-0.33434829,0.802405,0.4943254,0
-0.37562776,-1.7063038,-3.5532146,0.33434829,-0.802405,-0.4943254,0
2.6826038,-1.1843438,-2.3319716,0.33434829,-0.802405,-0.4943254,0
5.0080042,-1.646958,1.9039207,0.92202508,0.169891,0.34786034,0
4.5430374,-3.3365126,2.4198451,0.33434829,-0.802405,-0.4943254,0
-4.7253089,-3.5770197,-0.10188961,-0.92202508,-0.169891,-0.34786034,0
4.3319297,0.49973714,2.6474757,0.92202508,0.169891,0.34786034,0
-5.3063383,-1.1747408,0.26491976,-0.92202508,-0.169891,-0.34786034,0
5.312428,-1.0303849,0.79589796,0.92202508,0.169891,0.34786034,0
-4.82796,-3.417768,0.12878513,-0.19514328,-0.57208693,0.79664028,0
2.5192041,3.8575137,-0.37854159,0.19514328,0.57208693,-0.79664028,0
4.4582281,-2.1983674,3.2791924,-0.19514328,-0.57208693,0.79664028,0
4.7250795,-1.9811997,2.8170691,0.92202508,0.169891,0.34786034,0
4.5344677,2.9794633,-0.51543593,0.19514328,0.57208693,-0.79664028,0
-5.7999983,0.39442348,0.80703354,-0.92202508,-0.169891,-0.34786034,0
4.2443962,4.3085308,1.0193162,0.92202508,0.169891,0.34786034,0
4.7807269,2.2761793,0.59031677,0.92202508,0.169891,0.34786034,0
-2.0253074,-0.49088526,2.9171834,-0.19514328,-0.57208693,0.79664028,0
3.0151832,0.067652464,4.5529919,-0.19514328,-0.57208693,0.79664028,0
-3.25667,-1.0212617,2.2346749,-0.19514328,-0.57208693,0.79664028,0
-4.2359891,-2.3805065,1.018676,-0.19514328,-0.57208693,0.79664028,0
-1.0619307,-4.2092876,0.045513809,0.33434829,-0.802405,-0.4943254,0
4.9005399,-1.0648583,1.9044685,0.92202508,0.169891,0.34786034,0
4.5779543,0.34819257,-2.3943634,0.19514328,0.57208693,-0.79664028,0
-0.23090962,2.0640306,2.5622954,-0.33434829,0.802405,0.4943254,0
3.1544013,-0.89782,-2.4779551,0.33434829,-0.802405,-0.4943254,0
3.359833,4.4755354,0.27119398,0.19514328,0.57208693,-0.79664028,0
2.7587247,0.85619408,-2.4751897,0.19514328,0.57208693,-0.79664028,0
-1.6309428,3.1263864,-0.10909951,-0.33434829,0.802405,0.4943254,0
5.5253005,-0.44685531,-0.053323269,0.92202508,0.169891,0.34786034,0
-4.8377957,-0.13105834,-1.4867053,-0.92202508,-0.169891,-0.34786034,0
4.6145568,1.6271678,1.3477311,0.92202508,0.169891,0.34786034,0
-1.0914915,0.17741311,-3.9057803,0.19514328,0.57208693,-0.79664028,0
-0.11228314,-2.1483629,-2.6575313,0.33434829,-0.802405,-0.4943254,0
-3.3820655,-2.891294,-3.6631727,0.33434829,-0.802405,-0.4943254,0
-3.9519138,2.2324853,-0.22793221,-0.33434829,0.802405,0.4943254,0
-3.8693285,-3.3832226,0.38841772,-0.19514328,-0.57208693,0.79664028,0
-0.66493702,-3.6524348,-0.58987242,0.33434829,-0.802405,-0.4943254,0
1.0860846,2.8160386,-1.477504,0.19514328,0.57208693,-0.79664028,0
3.6619494,2.9085004,3.2468863,0.92202508,0.169891,0.34786034,0
-4.6175818,-1.6750522,-1.3163261,-0.92202508,-0.169891,-0.34786034,0
3.6130996,1.1198654,4.2499161,0.92202508,0.169891,0.34786034,0
-2.8976274,-2.7303178,-3.5968142,0.33434829,-0.802405,-0.4943254,0
0.5110805,-0.083608627,-3.7006636,0.19514328,0.57208693,-0.79664028,0
-5.5708208,-0.28311491,0.53048658,-0.92202508,-0.169891,-0.34786034,0
-3.4317267,-0.58550858,-4.9916286,-0.92202508,-0.169891,-0.34786034,0
-0.28649521,3.7336774,-1.1547495,0.19514328,0.57208693,-0.79664028,0
-1.2182183,-3.5591452,-1.1155276,0.33434829,-0.802405,-0.4943254,0
3.7707944,4.173418,1.8449149,-0.33434829,0.802405,0.4943254,0
1.5148261,-0.098747969,-3.4656599,0.19514328,0.57208693,-0.79664028,0
-3.7818425,3.0620213,-1.4594297,-0.33434829,0.802405,0.4943254,0
5.2080917,-2.5564451,1.6034393,0.33434829,-0.802405,-0.4943254,0
0.36819935,-0.87046313,-4.3007231,0.19514328,0.57208693,-0.79664028,0
1.2374184,-2.3535502,-1.4115627,0.33434829,-0.802405,-0.4943254,0
-4.0352039,-1.2643938,-3.0605173,-0.92202508,-0.169891,-0.34786034,0
-2.4260161,3.0915251,-0.59027719,-0.33434829,0.802405,0.4943254,0
-3.1926432,2.8668227,-0.74405956,-0.33434829,0.802405,0.4943254,0
3.9366403,-1.6248046,3.5633149,-0.19514328,-0.57208693,0.79664028,0
-4.1802902,-0.62515759,2.2928791,-0.19514328,-0.57208693,0.79664028,0
-3.3292043,0.63989568,2.7783949,-0.33434829,0.802405,0.4943254,0
-0.88349319,3.7602253,-1.281924,0.19514328,0.57208693,-0.79664028,0
-2.9229264,-2.6567314,1.1419574,-0.19514328,-0.57208693,0.79664028,0
-4.2581348,-2.6643467,-1.785903,-0.92202508,-0.169891,-0.34786034,0
1.7675647,4.373086,-0.19241619,0.19514328,0.57208693,-0.79664028,0
-3.1433029,-3.8226871,-1.989814,0.33434829,-0.802405,-0.4943254,0
-3.8806221,-1.0448244,-3.5774798,-0.92202508,-0.169891,-0.34786034,0
0.54020739,-4.0965338,0.95632195,-0.19514328,-0.57208693,0.79664028,0
-5.0577393,1.7998428,-1.8467598,-0.92202508,-0.169891,-0.34786034,0
2.5954485,-3.0239499,0.59518576,0.33434829,-0.802405,-0.4943254,0
2.1354346,0.96995395,-2.546176,0.19514328,0.57208693,-0.79664028,0
-4.561573,0.055346489,-2.3098884,-0.92202508,-0.169891,-0.34786034,0
-5.5874777,1.3438184,-0.21993923,-0.92202508,-0.169891,-0.34786034,0
-0.059444606,1.9218278,2.9090979,-0.33434829,0.802405,0.4943254,0
0.81735873,-2.7276473,2.0072436,-0.19514328,-0.57208693,0.79664028,0
-2.0761292,-2.8714278,1.1952083,-0.19514328,-0.57208693,0.79664028,0
-0.52307892,-0.62191093,3.1910734,-0.19514328,-0.57208693,0.79664028,0
-0.39204597,2.8546157,1.1700035,-0.33434829,0.802405,0.4943254,0
3.7366347,1.319178,-1.9031631,0.19514328,0.57208693,-0.79664028,0
0.13585567,3.6264875,0.27413437,-0.33434829,0.802405,0.4943254,0
4.8482409,-0.87749219,-1.3652856,0.33434829,-0.802405,-0.4943254,0
-3.3659692,-1.6906087,1.727227,-0.19514328,-0.57208693,0.79664028,0
1.8765202,-1.7775333,2.9489939,-0.19514328,-0.57208693,0.79664028,0
-0.8880918,-2.1729653,1.9878106,-0.19514328,-0.57208693,0.79664028,0
2.1211553,2.9244728,-1.1460862,0.19514328,0.57208693,-0.79664028,0
5.3488202,-1.952548,1.1498122,0.92202508,0.169891,0.34786034,0
-5.3665872,-0.45282063,0.072035313,-0.92202508,-0.169891,-0.34786034,0
-1.8113302,-1.5473049,-4.7823768,0.33434829,-0.802405,-0.4943254,0
0.055640221,-3.9622293,0.40037432,0.33434829,-0.802405,-0.4943254,0
0.084779501,2.1019824,2.714215,-0.33434829,0.802405,0.4943254,0
4.9282808,0.41119111,-2.2633076,0.19514328,0.57208693,-0.79664028,0
-4.1794171,0.26810008,-3.4267211,-0.92202508,-0.169891,-0.34786034,0
4.2348537,-2.7387216,1.241044,0.33434829,-0.802405,-0.4943254,0
-2.1266112,-2.5501962,1.4135265,-0.19514328,-0.57208693,0.79664028,0
3.4807732,2.7606511,3.7993135,0.92202508,0.169891,0.34786034,0
2.4605093,-2.0131052,-1.1369183,0.33434829,-0.802405,-0.4943254,0
-0.70848823,1.9718181,-2.5233543,0.19514328,0.57208693,-0.79664028,0
4.9621439,1.3666531,0.55366182,0.92202508,0.169891,0.34786034,0
-2.1252291,2.1316206,1.1713138,-0.33434829,0.802405,0.4943254,0
5.464272,-1.5856311,0.66460276,0.92202508,0.169891,0.34786034,0
-2.0210624,-1.9533844,-4.2650728,0.33434829,-0.802405,-0.4943254,0
-1.7637284,2.2906828,-2.5528591,0.19514328,0.57208693,-0.79664028,0
-4.3452578,-2.8034506,0.68818307,-0.19514328,-0.57208693,0.79664028,0
0.2554698,-3.8282669,0.31808162,0.33434829,-0.802405,-0.4943254,0
-4.1825929,-3.8999898,-1.3826571,-0.92202508,-0.169891,-0.34786034,0
1.2155514,1.5994496,-2.3194525,0.19514328,0.57208693,-0.79664028,0
-3.0174496,-4.127183,0.062835693,-0.19514328,-0.57208693,0.79664028,0
-0.072149992,1.761579,-2.518456,0.19514328,0.57208693,-0.79664028,0
5.7052999,-0.20001149,-1.8853021,0.33434829,-0.802405,-0.4943254,0
1.588994,-0.24494076,-3.5524769,0.19514328,0.57208693,-0.79664028,0
0.84485817,-0.27705371,3.7738109,-0.19514328,-0.57208693,0.79664028,0
-1.0176952,-3.0908623,1.2968991,-0.19514328,-0.57208693,0.79664028,0
4.0420375,1.1092964,-1.9790732,0.19514328,0.57208693,-0.79664028,0
2.1460943,-2.9909956,2.143611,-0.19514328,-0.57208693,0.79664028,0
1.2823333,1.1383129,-2.6342473,0.19514328,0.57208693,-0.79664028,0
-3.6778522,-3.4533529,-2.9386363,-0.92202508,-0.169891,-0.34786034,0
-3.7434781,-2.3475385,-3.304759,-0.92202508,-0.169891,-0.34786034,0
1.7385792,2.630064,-1.4512233,0.19514328,0.57208693,-0.79664028,0
-4.8711019,0.9277426,-1.9155316,-0.92202508,-0.169891,-0.34786034,0
2.6460335,-1.7584856,3.1511707,-0.19514328,-0.57208693,0.79664028,0
-0.51001543,2.5734422,1.5466229,-0.33434829,0.802405,0.4943254,0
1.7693782,-0.20285964,4.0535603,-0.19514328,-0.57208693,0.79664028,0
-3.4097927,-2.0284309,-4.3450599,-0.92202508,-0.169891,-0.34786034,0
-3.8340006,-0.64438772,2.3638959,-0.19514328,-0.57208693,0.79664028,0
1.3020074,-3.5958588,0.64867902,0.33434829,-0.802405,-0.4943254,0
-3.3599401,-1.0322256,-4.9637346,-0.92202508,-0.169891,-0.34786034,0
-5.019711,-1.5470972,-0.31294918,-0.92202508,-0.169891,-0.34786034,0
-2.0942006,-3.4399941,-1.9014292,0.33434829,-0.802405,-0.4943254,0
0.45297813,-3.9681618,0.67875278,0.33434829,-0.802405,-0.4943254,0
3.431689,-2.4229412,2.8664613,-0.19514328,-0.57208693,0.79664028,0
0.20580149,-0.91031671,-4.3691235,0.19514328,0.57208693,-0.79664028,0
-3.0528202,-3.1456194,-3.0276513,0.33434829,-0.802405,-0.4943254,0
-0.82638252,-2.3788476,-2.7663982,0.33434829,-0.802405,-0.4943254,0
-2.2101662,-0.88158274,-4.940299,0.19514328,0.57208693,-0.79664028,0
3.5332818,3.1410182,3.3600922,-0.33434829,0.802405,0.4943254,0
-4.8060284,-2.4361641,0.83907151,-0.19514328,-0.57208693,0.79664028,0
2.325649,-1.22355,3.4568403,-0.19514328,-0.57208693,0.79664028,0
-1.5050386,2.0110862,1.7864501,-0.33434829,0.802405,0.4943254,0
-1.6473906,2.7655134,0.46555722,-0.33434829,0.802405,0.4943254,0
-5.2812634,-1.4031813,0.31002522,-0.92202508,-0.169891,-0.34786034,0
4.7229629,2.6670995,0.55250216,0.92202508,0.169891,0.34786034,0
-3.0058749,-4.5745583,-0.25560021,-0.19514328,-0.57208693,0.79664028,0
0.38367939,2.7397103,-1.7043771,0.19514328,0.57208693,-0.79664028,0
0.65892363,-1.8225037,2.6184394,-0.19514328,-0.57208693,0.79664028,0
-2.0639257,-2.59835,-3.2471361,0.33434829,-0.802405,-0.4943254,0
2.0284226,-3.5491483,1.0641844,0.33434829,-0.802405,-0.4943254,0
5.2032871,-1.0981371,1.1182728,0.92202508,0.169891,0.34786034,0
3.7565022,1.0177515,3.9196887,0.92202508,0.169891,0.34786034,0
-3.6602252,-3.8338861,0.11600637,-0.19514328,-0.57208693,0.79664028,0
4.1813936,4.3856668,1.1486373,0.92202508,0.169891,0.34786034,0
-2.9940095,-4.3366737,-1.0545161,0.33434829,-0.802405,-0.4943254,0
-4.4839416,-4.2416325,-0.41706038,-0.92202508,-0.169891,-0.34786034,0
4.2784958,3.6511331,1.2499995,0.92202508,0.169891,0.34786034,0
-2.8391588,-1.3557882,2.0967162,-0.19514328,-0.57208693,0.79664028,0
1.5409012,-2.7242703,2.1869061,-0.19514328,-0.57208693,0.79664028,0
-5.1405187,-1.4889098,-0.021160126,-0.92202508,-0.169891,-0.34786034,0
-2.3157852,0.80522639,-3.7548327,0.19514328,0.57208693,-0.79664028,0
3.241529,1.8722405,4.8673353,0.92202508,0.169891,0.34786034,0
4.9706936,-1.6063542,1.9829822,0.92202508,0.169891,0.34786034,0
-2.6076663,3.5316296,-1.4275329,-0.33434829,0.802405,0.4943254,0
-4.8896413,0.054083586,2.6068978,-0.19514328,-0.57208693,0.79664028,0
-3.9605258,-2.8419199,-2.4880099,-0.92202508,-0.169891,-0.34786034,0
