-2.1713607,-2.8950446,2.8365252,0.0070049223,-0.99903548,0.043348111,0
-0.67031503,-1.4451648,-2.9361243,-0.0059481859,-0.043390036,-0.99904048,0
-3.5252028,2.5662396,-1.2417083,-0.9999578,-0.0067403577,0.0062464476,0
2.9367213,-3.0581748,-1.7485573,0.0070049223,-0.99903548,0.043348111,0
-0.44757056,0.33086348,-3.0145864,-0.0059481859,-0.043390036,-0.99904048,0
3.4908214,2.7030566,1.4237648,0.9999578,0.0067403577,-0.0062464476,0
-3.4125443,0.28584415,-2.994978,-0.0059481859,-0.043390036,-0.99904048,0
3.4934747,-1.5809007,-2.7741492,0.9999578,0.0067403577,-0.0062464476,0
-2.3529298,-3.0774198,-1.3372996,0.0070049223,-0.99903548,0.043348111,0
1.3144125,1.2518866,-3.065079,-0.0059481859,-0.043390036,-0.99904048,0
1.7203083,-2.9717493,0.43984354,0.0070049223,-0.99903548,0.043348111,0
-0.29049659,-0.052984677,-2.9988503,-0.0059481859,-0.043390036,-0.99904048,0
-2.3997922,-2.9451075,1.7196443,0.0070049223,-0.99903548,0.043348111,0
3.2523708,1.222998,2.9303999,0.0059481859,0.043390036,0.99904048,0
-0.76744938,-1.9072789,3.0902867,0.0059481859,0.043390036,0.99904048,0
0.89038032,-3.0677497,-1.6385428,0.0070049223,-0.99903548,0.043348111,0
3.4757121,2.667213,-1.033639,0.9999578,0.0067403577,-0.0062464476,0
-3.339385,2.0958846,2.9317362,0.0059481859,0.043390036,0.99904048,0
3.5145814,-1.5678135,0.61880755,0.9999578,0.0067403577,-0.0062464476,0
-3.2269459,-1.1197352,-2.9350359,-0.0059481859,-0.043390036,-0.99904048,0
-0.11738181,2.9513791,-1.1683414,-0.0070049223,0.99903548,-0.043348111,0
3.5065789,-2.9135027,-2.1143625,0.9999578,0.0067403577,-0.0062464476,0
-3.5109684,1.7144967,0.11783767,-0.9999578,-0.0067403577,0.0062464476,0
0.22035003,3.0942178,2.0690587,-0.0070049223,0.99903548,-0.043348111,0
-0.90757942,-1.4097234,-2.9362507,-0.0059481859,-0.043390036,-0.99904048,0
-2.326921,-3.0730388,-1.2405388,0.0070049223,-0.99903548,0.043348111,0
3.5018897,-1.9470448,-1.8221498,0.9999578,0.0067403577,-0.0062464476,0
3.5054522,-2.981514,-2.3681059,0.9999578,0.0067403577,-0.0062464476,0
-0.78927612,-1.6821911,-2.9251215,-0.0059481859,-0.043390036,-0.99904048,0
-3.1823845,2.9066622,-1.7036254,-0.0070049223,0.99903548,-0.043348111,0
-3.489239,-1.3513874,0.2880733,-0.9999578,-0.0067403577,0.0062464476,0
-3.5104911,-0.68509454,-2.3950429,-0.9999578,-0.0067403577,0.0062464476,0
-3.0830393,2.8957543,-1.9710727,-0.0070049223,0.99903548,-0.043348111,0
-2.1548233,2.8874705,-2.3119831,-0.0070049223,0.99903548,-0.043348111,0
3.5033116,-2.5312173,-2.2248642,0.9999578,0.0067403577,-0.0062464476,0
-3.4864542,-0.81154251,1.3164184,-0.9999578,-0.0067403577,0.0062464476,0
-0.34333682,0.94257772,-3.041775,-0.0059481859,-0.043390036,-0.99904048,0
-0.91738939,0.7010892,2.9778938,0.0059481859,0.043390036,0.99904048,0
-3.5159378,2.2218213,-0.13024235,-0.9999578,-0.0067403577,0.0062464476,0
2.7485142,0.84318924,2.9498954,0.0059481859,0.043390036,0.99904048,0
-3.4987531,0.89127636,1.1849947,-0.9999578,-0.0067403577,0.0062464476,0
-3.517025,1.3425469,-1.253046,-0.9999578,-0.0067403577,0.0062464476,0
-2.9844422,2.6332734,2.9062824,0.0059481859,0.043390036,0.99904048,0
3.0937147,-3.0198245,-0.89007139,0.0070049223,-0.99903548,0.043348111,0
-3.4964485,-2.0472412,-1.6169344,-0.9999578,-0.0067403577,0.0062464476,0
-2.6845777,1.4328818,2.9566321,0.0059481859,0.043390036,0.99904048,0
-0.44310641,-3.1140361,-2.4898114,0.0070049223,-0.99903548,0.043348111,0
2.4015374,-2.9577899,0.65147483,0.0070049223,-0.99903548,0.043348111,0
-1.0612166,-2.336956,-2.8950648,-0.0059481859,-0.043390036,-0.99904048,0
1.6013979,2.9529972,-1.4087981,-0.0070049223,0.99903548,-0.043348111,0
-3.2495322,-0.52735007,3.0451322,0.0059481859,0.043390036,0.99904048,0
1.651109,1.7991592,2.9149098,0.0059481859,0.043390036,0.99904048,0
2.1796241,3.0292394,0.25490165,-0.0070049223,0.99903548,-0.043348111,0
-0.1192143,-3.0520732,-1.1141002,0.0070049223,-0.99903548,0.043348111,0
3.5015824,1.4946775,1.8425378,0.9999578,0.0067403577,-0.0062464476,0
0.32184029,-0.4853512,-2.9837177,-0.0059481859,-0.043390036,-0.99904048,0
-0.078852177,-0.35548815,3.01879,0.0059481859,0.043390036,0.99904048,0
2.7727354,2.8057406,2.8645144,0.0059481859,0.043390036,0.99904048,0
1.8769331,-2.2525725,3.0895391,0.0059481859,0.043390036,0.99904048,0
-0.17860126,-2.3336658,-2.9004629,-0.0059481859,-0.043390036,-0.99904048,0
-2.9423344,-1.5048821,-2.9200032,-0.0059481859,-0.043390036,-0.99904048,0
-1.3337724,-2.5210083,3.1203141,0.0059481859,0.043390036,0.99904048,0
1.6428995,0.36803901,-3.0286472,-0.0059481859,-0.043390036,-0.99904048,0
-0.34427524,-2.6919327,3.1218462,0.0059481859,0.043390036,0.99904048,0
3.5064421,-0.71194971,0.23933887,0.9999578,0.0067403577,-0.0062464476,0
-2.2008281,-3.0844898,-1.5248191,0.0070049223,-0.99903548,0.043348111,0
1.8856393,-2.9091573,1.8556727,0.0070049223,-0.99903548,0.043348111,0
2.2876627,-2.8720443,2.6460423,0.0070049223,-0.99903548,0.043348111,0
1.578501,-1.5694305,3.0616457,0.0059481859,0.043390036,0.99904048,0
-3.5083101,-0.64387238,-2.0014114,-0.9999578,-0.0067403577,0.0062464476,0
-3.5122924,1.0532405,-0.80765939,-0.9999578,-0.0067403577,0.0062464476,0
-1.7316973,0.14670342,-2.9989424,-0.0059481859,-0.043390036,-0.99904048,0
1.180835,2.824698,-3.1325932,-0.0059481859,-0.043390036,-0.99904048,0
1.0247345,0.8622812,2.9593296,0.0059481859,0.043390036,0.99904048,0
-2.7244902,-2.9455447,1.7620375,0.0070049223,-0.99903548,0.043348111,0
2.6776266,3.0541174,0.74778664,-0.0070049223,0.99903548,-0.043348111,0
3.4999933,2.576684,2.7556956,0.9999578,0.0067403577,-0.0062464476,0
-2.2570612,-2.9274254,2.1040976,0.0070049223,-0.99903548,0.043348111,0
-3.4707208,-2.6978738,1.7996213,-0.9999578,-0.0067403577,0.0062464476,0
2.0950973,2.9211924,2.8635347,0.0059481859,0.043390036,0.99904048,0
-3.4965534,0.44221848,1.0526054,-0.9999578,-0.0067403577,0.0062464476,0
2.6626284,-1.2756791,-2.9633293,-0.0059481859,-0.043390036,-0.99904048,0
2.7569809,-2.9441931,0.90740073,0.0070049223,-0.99903548,0.043348111,0
-1.6217046,-1.8109236,-2.9145739,-0.0059481859,-0.043390036,-0.99904048,0
0.014832735,-3.0322955,-0.67995322,0.0070049223,-0.99903548,0.043348111,0
2.455478,2.4481952,2.8819323,0.0059481859,0.043390036,0.99904048,0
3.5053592,-2.2650645,-1.609915,0.9999578,0.0067403577,-0.0062464476,0
3.490952,2.8402214,1.592766,0.9999578,0.0067403577,-0.0062464476,0
-1.6575632,0.084840007,-2.9966969,-0.0059481859,-0.043390036,-0.99904048,0
-1.3576429,-2.989501,0.52811337,0.0070049223,-0.99903548,0.043348111,0
0.89724255,-3.1203203,-2.8512373,0.0070049223,-0.99903548,0.043348111,0
-1.2815211,2.8917189,-2.3551979,-0.0070049223,0.99903548,-0.043348111,0
1.3636839,-2.8590586,3.0946345,0.0070049223,-0.99903548,0.043348111,0
-0.19404578,-1.7282137,3.0790956,0.0059481859,0.043390036,0.99904048,0
3.491729,2.465759,1.3130138,0.9999578,0.0067403577,-0.0062464476,0
3.476738,1.6252065,-1.993794,0.9999578,0.0067403577,-0.0062464476,0
-3.5121355,3.0364518,1.3408945,-0.0070049223,0.99903548,-0.043348111,0
-1.994027,-1.649922,3.0864124,0.0059481859,0.043390036,0.99904048,0
1.1904657,3.0042298,-0.16164303,-0.0070049223,0.99903548,-0.043348111,0
-2.7389579,2.0808556,2.9288135,0.0059481859,0.043390036,0.99904048,0
-2.7800364,-0.97908771,-2.9438055,-0.0059481859,-0.043390036,-0.99904048,0
-3.4810655,-2.8924592,-0.06639576,-0.9999578,-0.0067403577,0.0062464476,0
3.5267072,-2.8119152,1.2175238,0.9999578,0.0067403577,-0.0062464476,0
3.4948401,-1.8458134,-2.8413923,0.9999578,0.0067403577,-0.0062464476,0
-3.1075211,-2.4150078,3.126271,0.0059481859,0.043390036,0.99904048,0
2.5860753,0.99298126,2.9443567,0.0059481859,0.043390036,0.99904048,0
-2.6294851,-1.0313033,-2.9424341,-0.0059481859,-0.043390036,-0.99904048,0
2.9548883,-3.0567734,-1.7191968,0.0070049223,-0.99903548,0.043348111,0
-0.52992845,3.0868762,2.871968,0.0059481859,0.043390036,0.99904048,0
0.6953277,-2.9854946,0.2886925,0.0070049223,-0.99903548,0.043348111,0
-3.5018024,1.6337456,1.4980271,-0.9999578,-0.0067403577,0.0062464476,0
1.8648415,2.9735785,-0.97703791,-0.0070049223,0.99903548,-0.043348111,0
-2.9339824,0.69985938,-3.0158086,-0.0059481859,-0.043390036,-0.99904048,0
3.4721532,2.5482914,-1.7317042,0.9999578,0.0067403577,-0.0062464476,0
3.3919125,2.9830339,-1.0058901,-0.0070049223,0.99903548,-0.043348111,0
-1.0524436,-3.0359795,-0.59238368,0.0070049223,-0.99903548,0.043348111,0
3.4937062,-1.7632269,3.05866,0.0059481859,0.043390036,0.99904048,0
2.1387374,-2.85744,3.0066929,0.0070049223,-0.99903548,0.043348111,0
3.5153334,-1.7929988,0.49619174,0.9999578,0.0067403577,-0.0062464476,0
-1.5639465,-0.19401118,-2.9851432,-0.0059481859,-0.043390036,-0.99904048,0
0.17524028,-1.0621991,3.047971,0.0059481859,0.043390036,0.99904048,0
-2.3369503,-2.8458855,3.1403968,0.0059481859,0.043390036,0.99904048,0
0.14012671,1.5360223,2.9353347,0.0059481859,0.043390036,0.99904048,0
-1.4821557,-3.0120571,0.028388739,0.0070049223,-0.99903548,0.043348111,0
3.5156121,-2.557554,-0.28417087,0.9999578,0.0067403577,-0.0062464476,0
0.3354795,-1.0695258,-2.9584272,-0.0059481859,-0.043390036,-0.99904048,0
3.4900894,0.77590263,-0.77292752,0.9999578,0.0067403577,-0.0062464476,0
3.4876826,0.64550191,-1.2989645,0.9999578,0.0067403577,-0.0062464476,0
2.2253747,-1.1581205,3.0399306,0.0059481859,0.043390036,0.99904048,0
-1.2358911,2.2117774,2.9141784,0.0059481859,0.043390036,0.99904048,0
-3.3129969,-2.9367316,2.0602541,0.0070049223,-0.99903548,0.043348111,0
3.4814208,2.9394531,0.17399335,0.9999578,0.0067403577,-0.0062464476,0
-3.508368,1.2910205,0.077156067,-0.9999578,-0.0067403577,0.0062464476,0
2.0864556,-0.7185033,-2.9840977,-0.0059481859,-0.043390036,-0.99904048,0
-0.95273638,-3.0783098,-1.5840793,0.0070049223,-0.99903548,0.043348111,0
-3.4011991,2.8542264,-2.8767433,-0.0070049223,0.99903548,-0.043348111,0
-3.493427,-0.85301834,0.15542269,-0.9999578,-0.0067403577,0.0062464476,0
3.511261,1.0693393,2.9329462,0.9999578,0.0067403577,-0.0062464476,0
-3.0372844,1.205403,2.9686122,0.0059481859,0.043390036,0.99904048,0
-3.5096555,1.6945194,0.30649066,-0.9999578,-0.0067403577,0.0062464476,0
-0.70905459,-3.091048,-1.9170349,0.0070049223,-0.99903548,0.043348111,0
2.375762,2.9441774,-1.7372034,-0.0070049223,0.99903548,-0.043348111,0
-1.2159882,-3.0963717,-1.9578022,0.0070049223,-0.99903548,0.043348111,0
2.9595611,3.0295684,0.13645267,-0.0070049223,0.99903548,-0.043348111,0
1.5144038,-2.9455893,1.076019,0.0070049223,-0.99903548,0.043348111,0
1.2232277,2.1960022,2.9002218,0.0059481859,0.043390036,0.99904048,0
-2.3735485,-3.0190647,0.010931253,0.0070049223,-0.99903548,0.043348111,0
-2.3610747,-2.950036,1.5998065,0.0070049223,-0.99903548,0.043348111,0
3.5031319,0.20097332,0.69450974,0.9999578,0.0067403577,-0.0062464476,0
2.8851399,0.99454367,-3.0632541,-0.0059481859,-0.043390036,-0.99904048,0
1.7828839,2.9898033,-0.58986342,-0.0070049223,0.99903548,-0.043348111,0
0.13218164,2.9055219,-2.2655313,-0.0070049223,0.99903548,-0.043348111,0
3.5069027,0.87341893,2.0238352,0.9999578,0.0067403577,-0.0062464476,0
2.3075566,-1.2443089,3.0431845,0.0059481859,0.043390036,0.99904048,0
-3.4999747,2.0777183,2.2696726,-0.9999578,-0.0067403577,0.0062464476,0
-1.2056764,-1.985396,3.0962889,0.0059481859,0.043390036,0.99904048,0
-3.4893303,-2.1235051,-0.55968022,-0.9999578,-0.0067403577,0.0062464476,0
-2.8189738,2.7789769,-3.1067929,-0.0059481859,-0.043390036,-0.99904048,0
-0.11288404,-3.0651994,-1.4176441,0.0070049223,-0.99903548,0.043348111,0
2.061203,2.9930034,-0.56108475,-0.0070049223,0.99903548,-0.043348111,0
-3.5086706,0.7144568,-0.59339929,-0.9999578,-0.0067403577,0.0062464476,0
-1.902702,3.1087654,2.7474134,-0.0070049223,0.99903548,-0.043348111,0
-0.83975971,3.0460701,1.1307168,-0.0070049223,0.99903548,-0.043348111,0
-2.737813,2.8788676,-2.4160454,-0.0070049223,0.99903548,-0.043348111,0
-3.5079899,1.6538192,0.52917981,-0.9999578,-0.0067403577,0.0062464476,0
3.4772031,2.5305521,-0.94238663,0.9999578,0.0067403577,-0.0062464476,0
1.2927979,2.9952481,-0.38518047,-0.0070049223,0.99903548,-0.043348111,0
1.382688,-0.75158101,-2.9784713,-0.0059481859,-0.043390036,-0.99904048,0
-0.28622019,-3.0844209,-1.8326249,0.0070049223,-0.99903548,0.043348111,0
-3.2871635,-3.0261352,-0.004386425,0.0070049223,-0.99903548,0.043348111,0
3.5179441,-0.62971616,2.1693835,0.9999578,0.0067403577,-0.0062464476,0
1.0045314,3.0009196,-0.20788997,-0.0070049223,0.99903548,-0.043348111,0
3.0735769,0.7041344,2.9539995,0.0059481859,0.043390036,0.99904048,0
2.2636347,-3.0279608,-0.94345021,0.0070049223,-0.99903548,0.043348111,0
-1.9334877,-1.7707305,-2.9144635,-0.0059481859,-0.043390036,-0.99904048,0
3.5316558,-2.0118265,2.8730676,0.9999578,0.0067403577,-0.0062464476,0
3.4915218,0.58626211,-0.74829125,0.9999578,0.0067403577,-0.0062464476,0
-3.5044203,3.0538387,2.6113334,-0.9999578,-0.0067403577,0.0062464476,0
2.3235612,-0.58813745,-2.9911716,-0.0059481859,-0.043390036,-0.99904048,0
-1.0050207,2.9661117,-0.68536496,-0.0070049223,0.99903548,-0.043348111,0
-0.023550034,0.43252146,-3.0215261,-0.0059481859,-0.043390036,-0.99904048,0
-3.4322028,-0.70013517,-2.952038,-0.0059481859,-0.043390036,-0.99904048,0
-0.60314536,2.8325768,-3.1223135,-0.0059481859,-0.043390036,-0.99904048,0
-2.8169212,-3.0945041,-1.6560593,0.0070049223,-0.99903548,0.043348111,0
2.5642462,-1.3749856,-2.9584305,-0.0059481859,-0.043390036,-0.99904048,0
2.8341963,-1.9163536,3.0692368,0.0059481859,0.043390036,0.99904048,0
0.083673239,2.5412381,-3.1137495,-0.0059481859,-0.043390036,-0.99904048,0
0.40917039,2.8823686,-2.8439059,-0.0070049223,0.99903548,-0.043348111,0
-2.480406,-0.18364337,3.0256255,0.0059481859,0.043390036,0.99904048,0
1.6724236,-3.0131762,-0.50717914,0.0070049223,-0.99903548,0.043348111,0
-2.5117841,-1.2687675,-2.9328213,-0.0059481859,-0.043390036,-0.99904048,0
1.614429,0.51431394,-3.034831,-0.0059481859,-0.043390036,-0.99904048,0
3.50104,-1.4731538,-1.4467919,0.9999578,0.0067403577,-0.0062464476,0
0.24164391,2.6353455,-3.1187775,-0.0059481859,-0.043390036,-0.99904048,0
-1.7796147,1.949407,-3.0769515,-0.0059481859,-0.043390036,-0.99904048,0
-2.8556731,2.981132,-0.040130377,-0.0070049223,0.99903548,-0.043348111,0
-2.4638929,-1.2536353,-2.933764,-0.0059481859,-0.043390036,-0.99904048,0
-2.8010886,3.0349567,1.1915336,-0.0070049223,0.99903548,-0.043348111,0
1.023978,2.9036248,-2.4533629,-0.0070049223,0.99903548,-0.043348111,0
-1.7342477,0.90986216,-3.0320725,-0.0059481859,-0.043390036,-0.99904048,0
3.1352055,-2.8779416,2.3731711,0.0070049223,-0.99903548,0.043348111,0
3.4958589,1.0195932,0.41364074,0.9999578,0.0067403577,-0.0062464476,0
-2.931397,2.9177475,-1.4887022,-0.0070049223,0.99903548,-0.043348111,0
-2.6490824,2.9902024,0.1355238,-0.0070049223,0.99903548,-0.043348111,0
-1.5988173,1.1582659,-3.0436673,-0.0059481859,-0.043390036,-0.99904048,0
1.8477081,-3.1085374,-2.7332721,0.0070049223,-0.99903548,0.043348111,0
-0.34285116,-0.28295055,3.0172114,0.0059481859,0.043390036,0.99904048,0
-3.4965336,-1.4516488,-0.98782706,-0.9999578,-0.0067403577,0.0062464476,0
0.80307025,3.0411196,0.75114495,-0.0070049223,0.99903548,-0.043348111,0
3.5302367,-2.5368826,2.0792799,0.9999578,0.0067403577,-0.0062464476,0
-3.0380309,-3.0753598,-1.1791117,0.0070049223,-0.99903548,0.043348111,0
-0.12731028,3.0179479,0.36746401,-0.0070049223,0.99903548,-0.043348111,0
-1.9927306,-3.1007988,-1.9343195,0.0070049223,-0.99903548,0.043348111,0
3.5244207,-0.88416094,2.9316463,0.9999578,0.0067403577,-0.0062464476,0
-3.4886498,-2.813772,-1.1956155,-0.9999578,-0.0067403577,0.0062464476,0
2.9932694,2.9702394,-1.2363405,-0.0070049223,0.99903548,-0.043348111,0
0.028181314,-1.2779207,3.0582156,0.0059481859,0.043390036,0.99904048,0
-2.2497747,-2.7698867,-2.8691852,-0.0059481859,-0.043390036,-0.99904048,0
0.2447536,-2.9286242,1.672188,0.0070049223,-0.99903548,0.043348111,0
1.4000926,1.9472729,2.9099717,0.0059481859,0.043390036,0.99904048,0
3.4997313,0.52132446,0.49590707,0.9999578,0.0067403577,-0.0062464476,0
2.386342,-0.24308711,2.9992309,0.0059481859,0.043390036,0.99904048,0
1.2859476,3.1211474,2.5175023,-0.0070049223,0.99903548,-0.043348111,0
1.4179668,-0.66605586,3.0233665,0.0059481859,0.043390036,0.99904048,0
-0.56998158,0.8482331,-3.0363276,-0.0059481859,-0.043390036,-0.99904048,0
-3.5098553,2.4016104,1.0374932,-0.9999578,-0.0067403577,0.0062464476,0
2.3322792,2.5594845,-3.1279306,-0.0059481859,-0.043390036,-0.99904048,0
3.5206499,-1.5654287,1.5928696,0.9999578,0.0067403577,-0.0062464476,0
-3.3647907,2.1350219,2.9301872,0.0059481859,0.043390036,0.99904048,0
-1.953336,-1.0692229,3.0609498,0.0059481859,0.043390036,0.99904048,0
3.5167866,-0.65554756,1.9562005,0.9999578,0.0067403577,-0.0062464476,0
-2.1266823,-1.1869273,3.0670936,0.0059481859,0.043390036,0.99904048,0
-1.7624786,-1.6014141,-2.9228351,-0.0059481859,-0.043390036,-0.99904048,0
2.7239249,-2.7511959,3.1061523,0.0059481859,0.043390036,0.99904048,0
3.4739285,1.5996126,-2.4712343,0.9999578,0.0067403577,-0.0062464476,0
0.22581863,-1.7171768,-2.9296458,-0.0059481859,-0.043390036,-0.99904048,0
0.62888622,-3.009948,-0.26414663,0.0070049223,-0.99903548,0.043348111,0
3.5006752,-2.0482907,-2.1257856,0.9999578,0.0067403577,-0.0062464476,0
3.4161553,0.82821417,-3.0591915,-0.0059481859,-0.043390036,-0.99904048,0
1.3519572,-2.9499834,1.001001,0.0070049223,-0.99903548,0.043348111,0
2.5910404,-2.8658431,2.7399366,0.0070049223,-0.99903548,0.043348111,0
3.5143213,-0.38900635,1.849218,0.9999578,0.0067403577,-0.0062464476,0
-3.4950035,1.1099727,2.021246,-0.9999578,-0.0067403577,0.0062464476,0
-1.3031168,-1.7418805,3.086293,0.0059481859,0.043390036,0.99904048,0
3.4995556,1.8746027,1.9279875,0.9999578,0.0067403577,-0.0062464476,0
-3.4955926,-2.9595673,-2.4643364,-0.9999578,-0.0067403577,0.0062464476,0
0.22002304,2.9175911,-2.0015695,-0.0070049223,0.99903548,-0.043348111,0
-3.5049682,0.56081671,-0.16650414,-0.9999578,-0.0067403577,0.0062464476,0
1.7132623,3.1340086,2.7448575,-0.0070049223,0.99903548,-0.043348111,0
-3.5177505,2.3748031,-0.25536728,-0.9999578,-0.0067403577,0.0062464476,0
-2.3462131,-2.9496691,1.6058586,0.0070049223,-0.99903548,0.043348111,0
3.4896665,0.88187456,-0.72631121,0.9999578,0.0067403577,-0.0062464476,0
0.067312121,3.0865912,1.9180244,-0.0070049223,0.99903548,-0.043348111,0
-1.2853899,2.8703187,-2.8477788,-0.0070049223,0.99903548,-0.043348111,0
-0.091025591,-0.67879951,3.0329044,0.0059481859,0.043390036,0.99904048,0
-0.54883265,-0.082406729,3.0097277,0.0059481859,0.043390036,0.99904048,0
-1.8800712,-3.1316578,-2.6637247,0.0070049223,-0.99903548,0.043348111,0
3.4932616,-1.6496795,-2.8825331,0.9999578,0.0067403577,-0.0062464476,0
1.9677346,-1.886412,3.0730956,0.0059481859,0.043390036,0.99904048,0
3.4852376,1.143316,-1.1532304,0.9999578,0.0067403577,-0.0062464476,0
0.46277058,-2.9190617,1.8573401,0.0070049223,-0.99903548,0.043348111,0
-2.3155868,2.9537013,-0.75959861,-0.0070049223,0.99903548,-0.043348111,0
-1.1972928,-0.65167451,-2.9674492,-0.0059481859,-0.043390036,-0.99904048,0
-1.4659749,-2.2154891,3.107832,0.0059481859,0.043390036,0.99904048,0
2.9257054,-0.12839217,-3.0147243,-0.0059481859,-0.043390036,-0.99904048,0
3.5043175,0.3376115,1.0318437,0.9999578,0.0067403577,-0.0062464476,0
-0.57051539,2.1893444,-3.0945711,-0.0059481859,-0.043390036,-0.99904048,0
-0.63620651,3.0089231,0.24170113,-0.0070049223,0.99903548,-0.043348111,0
3.5012765,1.6066817,1.9144536,0.9999578,0.0067403577,-0.0062464476,0
3.0307889,-3.0129631,-0.72177386,0.0070049223,-0.99903548,0.043348111,0
-3.5045605,2.1972134,1.6645997,-0.9999578,-0.0067403577,0.0062464476,0
3.4945483,-1.5871458,-2.609055,0.9999578,0.0067403577,-0.0062464476,0
-1.1915069,2.7006183,-3.1130795,-0.0059481859,-0.043390036,-0.99904048,0
-1.9096062,-3.0416794,-0.58523679,0.0070049223,-0.99903548,0.043348111,0
1.6140919,-0.086307116,2.9970193,0.0059481859,0.043390036,0.99904048,0
-3.1129591,-2.5172222,3.1307428,0.0059481859,0.043390036,0.99904048,0
-2.3503494,-3.079978,-1.3966746,0.0070049223,-0.99903548,0.043348111,0
0.71812654,-3.0722561,-1.7145697,0.0070049223,-0.99903548,0.043348111,0
1.8936703,-0.54512119,3.0152817,0.0059481859,0.043390036,0.99904048,0
-3.493052,0.616642,1.8013675,-0.9999578,-0.0067403577,0.0062464476,0
0.78159118,2.3405473,-3.1091886,-0.0059481859,-0.043390036,-0.99904048,0
0.39764714,-0.3674165,-2.9892912,-0.0059481859,-0.043390036,-0.99904048,0
3.5154366,-0.40186512,2.0139043,0.9999578,0.0067403577,-0.0062464476,0
-2.0497601,2.3993809,2.9108758,0.0059481859,0.043390036,0.99904048,0
1.7255511,0.98188847,2.9499621,0.0059481859,0.043390036,0.99904048,0
1.2991624,0.012594789,2.9945991,0.0059481859,0.043390036,0.99904048,0
3.5102677,0.47707543,2.1348433,0.9999578,0.0067403577,-0.0062464476,0
-1.7660812,2.0512238,2.9243078,0.0059481859,0.043390036,0.99904048,0
3.5104475,-2.1790028,-0.70246911,0.9999578,0.0067403577,-0.0062464476,0
-3.0465097,-2.9739201,1.1601152,0.0070049223,-0.99903548,0.043348111,0
-2.4150734,-2.6686954,3.1331663,0.0059481859,0.043390036,0.99904048,0
1.3556178,-1.2938949,3.0510058,0.0059481859,0.043390036,0.99904048,0
2.4637508,3.0753789,1.2723532,-0.0070049223,0.99903548,-0.043348111,0
3.312171,2.4121335,2.8783975,0.0059481859,0.043390036,0.99904048,0
-1.2009249,1.6158578,-3.0659103,-0.0059481859,-0.043390036,-0.99904048,0
-3.4678366,-2.0192304,2.9936039,-0.9999578,-0.0067403577,0.0062464476,0
3.4378393,-2.3959656,-2.9192889,-0.0059481859,-0.043390036,-0.99904048,0
-2.3109505,-3.1186016,-2.2931926,0.0070049223,-0.99903548,0.043348111,0
2.0648875,3.0026762,-0.33875299,-0.0070049223,0.99903548,-0.043348111,0
-2.6294329,2.8687453,-2.6668413,-0.0070049223,0.99903548,-0.043348111,0
-2.8523855,-1.500643,-2.9207227,-0.0059481859,-0.043390036,-0.99904048,0
-3.4730763,-1.9249372,2.256505,-0.9999578,-0.0067403577,0.0062464476,0
-2.833663,3.0777748,2.1836197,-0.0070049223,0.99903548,-0.043348111,0
-1.950492,-3.0566556,-0.92378718,0.0070049223,-0.99903548,0.043348111,0
-0.53251052,3.0077953,0.19895911,-0.0070049223,0.99903548,-0.043348111,0
-0.41371512,2.8752682,-2.8745656,-0.0070049223,0.99903548,-0.043348111,0
-1.1999613,2.1973655,2.9145904,0.0059481859,0.043390036,0.99904048,0
-1.8458108,-3.0849621,-1.5930779,0.0070049223,-0.99903548,0.043348111,0
1.8446914,2.9649212,-1.1733001,-0.0070049223,0.99903548,-0.043348111,0
3.5109529,-1.1135416,0.52817655,0.9999578,0.0067403577,-0.0062464476,0
-0.53771722,-2.928582,1.7996008,0.0070049223,-0.99903548,0.043348111,0
-3.485791,-0.30159539,1.9728546,-0.9999578,-0.0067403577,0.0062464476,0
1.2090018,2.9216704,-2.0673668,-0.0070049223,0.99903548,-0.043348111,0
-1.0280197,3.0370221,0.95261765,-0.0070049223,0.99903548,-0.043348111,0
2.1004167,-1.8655424,-2.9343631,-0.0059481859,-0.043390036,-0.99904048,0
1.8356504,-0.43335786,3.0107732,0.0059481859,0.043390036,0.99904048,0
2.9199889,-2.9135861,1.5864542,0.0070049223,-0.99903548,0.043348111,0
1.4151492,-2.538604,-2.901051,-0.0059481859,-0.043390036,-0.99904048,0
-0.8877449,-1.4648495,-2.9339747,-0.0059481859,-0.043390036,-0.99904048,0
3.5178609,-1.6786985,1.024148,0.9999578,0.0067403577,-0.0062464476,0
-3.5054739,3.0033538,2.3882179,-0.9999578,-0.0067403577,0.0062464476,0
-2.2044468,2.8721652,-2.6566994,-0.0070049223,0.99903548,-0.043348111,0
-3.4393802,2.9490414,-0.68539572,-0.0070049223,0.99903548,-0.043348111,0
-1.1881446,3.0243886,0.68732488,-0.0070049223,0.99903548,-0.043348111,0
-2.6024888,-2.9764957,1.0290012,0.0070049223,-0.99903548,0.043348111,0
-3.5001254,-1.414904,-1.5232025,-0.9999578,-0.0067403577,0.0062464476,0
3.3447213,-0.61539394,3.0096948,0.0059481859,0.043390036,0.99904048,0
-3.4952826,-2.3713605,-1.7800542,-0.9999578,-0.0067403577,0.0062464476,0
0.68525064,3.0693188,1.4200926,-0.0070049223,0.99903548,-0.043348111,0
3.5206842,-2.5823193,0.50107503,0.9999578,0.0067403577,-0.0062464476,0
-3.3196588,-2.9718082,1.2529333,0.0070049223,-0.99903548,0.043348111,0
3.1060758,-0.82443374,-2.9855683,-0.0059481859,-0.043390036,-0.99904048,0
3.5022187,-0.22241223,0.091506958,0.9999578,0.0067403577,-0.0062464476,0
2.8844044,-2.8539553,2.9665093,0.0070049223,-0.99903548,0.043348111,0
-1.6842198,-2.6590419,-2.8773665,-0.0059481859,-0.043390036,-0.99904048,0
-3.2899168,-0.59358466,3.04825,0.0059481859,0.043390036,0.99904048,0
3.5215943,-0.79352468,2.5769777,0.9999578,0.0067403577,-0.0062464476,0
-0.18154955,0.47523823,2.9833217,0.0059481859,0.043390036,0.99904048,0
3.508301,-1.2538906,-0.047868252,0.9999578,0.0067403577,-0.0062464476,0
-2.4884615,-2.9001005,-2.8621089,-0.0059481859,-0.043390036,-0.99904048,0
-0.2718215,1.950179,2.9197998,0.0059481859,0.043390036,0.99904048,0
-2.9259009,0.43459052,3.0014265,0.0059481859,0.043390036,0.99904048,0
-3.5109932,-0.49974588,-2.2754989,-0.9999578,-0.0067403577,0.0062464476,0
3.5092635,-0.45282623,0.97058511,0.9999578,0.0067403577,-0.0062464476,0
0.037934303,3.0955708,2.1297174,-0.0070049223,0.99903548,-0.043348111,0
-2.6727812,2.656229,-3.1023324,-0.0059481859,-0.043390036,-0.99904048,0
-2.107918,-3.05357,-0.82723105,0.0070049223,-0.99903548,0.043348111,0
-3.4856687,-0.79525417,1.4597166,-0.9999578,-0.0067403577,0.0062464476,0
-2.4401481,-1.6349354,-2.917345,-0.0059481859,-0.043390036,-0.99904048,0
-2.7215962,-2.1267259,-2.8943095,-0.0059481859,-0.043390036,-0.99904048,0
-1.3484104,-2.233917,-2.89783,-0.0059481859,-0.043390036,-0.99904048,0
1.7410029,2.9073679,-2.4829648,-0.0070049223,0.99903548,-0.043348111,0
0.98540151,-3.0887897,-2.1388016,0.0070049223,-0.99903548,0.043348111,0
3.3694334,-2.9501057,0.67216492,0.0070049223,-0.99903548,0.043348111,0
-3.5288093,2.2801385,-2.1278324,-0.9999578,-0.0067403577,0.0062464476,0
-3.5165586,2.1666899,-0.28910899,-0.9999578,-0.0067403577,0.0062464476,0
2.0365245,1.3382756,-3.0731304,-0.0059481859,-0.043390036,-0.99904048,0
-3.0486784,-0.69129699,3.0510569,0.0059481859,0.043390036,0.99904048,0
2.1874142,-2.977742,0.22624731,0.0070049223,-0.99903548,0.043348111,0
0.97128701,3.1228352,2.6072493,-0.0070049223,0.99903548,-0.043348111,0
3.4905608,0.025878079,-1.5068107,0.9999578,0.0067403577,-0.0062464476,0
-0.80786228,-2.348763,3.1097021,0.0059481859,0.043390036,0.99904048,0
-3.4978485,1.5218399,2.0102737,-0.9999578,-0.0067403577,0.0062464476,0
1.1041512,2.8836033,-2.9277463,-0.0070049223,0.99903548,-0.043348111,0
-3.4946642,-0.013636176,0.86309171,-0.9999578,-0.0067403577,0.0062464476,0
-3.209404,1.5431224,2.9549694,0.0059481859,0.043390036,0.99904048,0
3.4990244,1.2920375,1.214355,0.9999578,0.0067403577,-0.0062464476,0
2.9978499,3.0158963,-0.18484068,-0.0070049223,0.99903548,-0.043348111,0
-0.63239264,0.66959596,-3.0281975,-0.0059481859,-0.043390036,-0.99904048,0
-0.32928839,3.0266981,0.60176581,-0.0070049223,0.99903548,-0.043348111,0
-2.0995648,-0.15823108,-2.9835081,-0.0059481859,-0.043390036,-0.99904048,0
-2.6574519,-2.4909921,3.1268916,0.0059481859,0.043390036,0.99904048,0
-1.554847,-2.9088612,2.4184718,0.0070049223,-0.99903548,0.043348111,0
-1.7940699,-2.5508997,3.1243529,0.0059481859,0.043390036,0.99904048,0
0.71652102,-1.3543745,3.0574379,0.0059481859,0.043390036,0.99904048,0
2.5013621,-1.0273904,-2.9731529,-0.0059481859,-0.043390036,-0.99904048,0
-2.5198483,2.9309437,-1.2510797,-0.0070049223,0.99903548,-0.043348111,0
-3.4943225,-0.92819053,-0.069058657,-0.9999578,-0.0067403577,0.0062464476,0
3.4825435,2.9477825,0.36269116,0.9999578,0.0067403577,-0.0062464476,0
-0.7065767,-2.9024992,2.4280167,0.0070049223,-0.99903548,0.043348111,0
-3.4817412,-2.3893905,0.36828685,-0.9999578,-0.0067403577,0.0062464476,0
2.3012488,3.067306,1.1125581,-0.0070049223,0.99903548,-0.043348111,0
3.5187643,-2.6774833,0.090968609,0.9999578,0.0067403577,-0.0062464476,0
2.7747874,-3.1003256,-2.6938326,0.0070049223,-0.99903548,0.043348111,0
-3.4794717,-0.78373265,2.4641886,-0.9999578,-0.0067403577,0.0062464476,0
-3.5167408,1.1338924,-1.4327035,-0.9999578,-0.0067403577,0.0062464476,0
3.418402,0.69708353,2.9522524,0.0059481859,0.043390036,0.99904048,0
3.5043874,0.0060492903,0.68522024,0.9999578,0.0067403577,-0.0062464476,0
3.5252328,-2.4557123,1.3658533,0.9999578,0.0067403577,-0.0062464476,0
-3.195652,-0.51672447,3.0443504,0.0059481859,0.043390036,0.99904048,0
0.010524035,0.86684155,2.9651701,0.0059481859,0.043390036,0.99904048,0
3.5173044,-1.6762092,0.9378016,0.9999578,0.0067403577,-0.0062464476,0
-3.5066166,1.2457741,0.30874205,-0.9999578,-0.0067403577,0.0062464476,0
-1.6567669,-1.7188153,3.0873966,0.0059481859,0.043390036,0.99904048,0
-1.0135841,3.0142047,0.42441356,-0.0070049223,0.99903548,-0.043348111,0
-3.5209024,2.3962703,-0.73676586,-0.9999578,-0.0067403577,0.0062464476,0
0.020788372,-3.0408368,-0.87776047,0.0070049223,-0.99903548,0.043348111,0
2.7158327,-2.077898,3.0769577,0.0059481859,0.043390036,0.99904048,0
-2.2822428,-1.2317818,3.069968,0.0059481859,0.043390036,0.99904048,0
1.9380727,-3.0085576,-0.4436599,0.0070049223,-0.99903548,0.043348111,0
-2.4068646,-2.0256402,3.1051886,0.0059481859,0.043390036,0.99904048,0
3.517272,0.12583795,2.877104,0.9999578,0.0067403577,-0.0062464476,0
3.1259835,3.1071074,2.8493223,0.0059481859,0.043390036,0.99904048,0
-3.5051768,-1.6600865,-2.596427,-0.9999578,-0.0067403577,0.0062464476,0
-3.5242081,1.927763,-1.7715163,-0.9999578,-0.0067403577,0.0062464476,0
1.8688051,1.2883843,-3.0699644,-0.0059481859,-0.043390036,-0.99904048,0
-0.38921762,-2.8810525,2.8710065,0.0070049223,-0.99903548,0.043348111,0
-1.3587967,2.9081764,-1.9634156,-0.0070049223,0.99903548,-0.043348111,0
-3.2542729,2.6298068,2.90804,0.0059481859,0.043390036,0.99904048,0
0.88838315,3.0619409,1.2172257,-0.0070049223,0.99903548,-0.043348111,0
-3.5007951,0.059796482,-0.039117813,-0.9999578,-0.0067403577,0.0062464476,0
0.045670271,-2.9304833,1.6615061,0.0070049223,-0.99903548,0.043348111,0
3.4906194,-0.1011136,-1.6344581,0.9999578,0.0067403577,-0.0062464476,0
-3.5046988,0.21258356,-0.49916172,-0.9999578,-0.0067403577,0.0062464476,0
-1.8366392,2.9433556,-1.0754297,-0.0070049223,0.99903548,-0.043348111,0
0.049035788,2.5768266,2.8906734,0.0059481859,0.043390036,0.99904048,0
3.4978266,-0.30676273,-0.70261407,0.9999578,0.0067403577,-0.0062464476,0
-0.97494793,-0.71828008,3.0398824,0.0059481859,0.043390036,0.99904048,0
-3.5042391,0.34353149,-0.28423095,-0.9999578,-0.0067403577,0.0062464476,0
1.4511044,2.9741883,-0.89612401,-0.0070049223,0.99903548,-0.043348111,0
-1.9345893,-3.0047135,0.27074409,0.0070049223,-0.99903548,0.043348111,0
-0.26356363,-0.025867727,-3.0001881,-0.0059481859,-0.043390036,-0.99904048,0
3.4712019,1.4879562,-3.0282447,0.9999578,0.0067403577,-0.0062464476,0
3.5152526,-1.8769989,0.39259911,0.9999578,0.0067403577,-0.0062464476,0
-3.5061913,0.062019877,-0.90057397,-0.9999578,-0.0067403577,0.0062464476,0
-3.4798582,-0.32483631,2.8975184,-0.9999578,-0.0067403577,0.0062464476,0
-2.189265,2.1255643,2.9235992,0.0059481859,0.043390036,0.99904048,0
2.2599895,2.9487534,-1.6130292,-0.0070049223,0.99903548,-0.043348111,0
-0.8557387,-3.0383456,-0.67870909,0.0070049223,-0.99903548,0.043348111,0
3.4767067,2.9944396,-0.52134585,0.9999578,0.0067403577,-0.0062464476,0
-0.13640594,2.4289153,2.8982015,0.0059481859,0.043390036,0.99904048,0
3.2414138,2.2099965,2.887598,0.0059481859,0.043390036,0.99904048,0
3.5117655,-2.7413254,-1.098237,0.9999578,0.0067403577,-0.0062464476,0
-0.74862027,2.9269567,-1.629196,-0.0070049223,0.99903548,-0.043348111,0
-3.1601248,3.0385282,1.3318701,-0.0070049223,0.99903548,-0.043348111,0
-2.9457808,-2.8894913,3.0896537,0.0070049223,-0.99903548,0.043348111,0
-1.8024669,-2.9485993,1.5426486,0.0070049223,-0.99903548,0.043348111,0
3.3472803,2.4508746,-3.129256,-0.0059481859,-0.043390036,-0.99904048,0
0.84079504,1.709246,2.9236395,0.0059481859,0.043390036,0.99904048,0
-2.2018752,-1.9136246,3.099103,0.0059481859,0.043390036,0.99904048,0
3.5038075,1.330233,2.021282,0.9999578,0.0067403577,-0.0062464476,0
-3.5083137,0.2053372,-1.0856221,-0.9999578,-0.0067403577,0.0062464476,0
-2.4029367,-0.96614927,3.05915,0.0059481859,0.043390036,0.99904048,0
-3.4975793,-2.5520637,-2.3426828,-0.9999578,-0.0067403577,0.0062464476,0
-2.3942175,2.860606,-2.8924394,-0.0070049223,0.99903548,-0.043348111,0
3.486321,1.9872223,-0.069065094,0.9999578,0.0067403577,-0.0062464476,0
3.4938948,0.36488906,-0.60723448,0.9999578,0.0067403577,-0.0062464476,0
0.083305836,-2.425611,-2.8980286,-0.0059481859,-0.043390036,-0.99904048,0
1.7862961,-2.844317,3.1157789,0.0059481859,0.043390036,0.99904048,0
0.63811964,-2.9900289,0.19343796,0.0070049223,-0.99903548,0.043348111,0
-3.506999,-1.5781764,-2.7997811,-0.9999578,-0.0067403577,0.0062464476,0
-0.54667974,-3.1189218,-2.5856757,0.0070049223,-0.99903548,0.043348111,0
-2.7560661,-2.2190545,3.1156681,0.0059481859,0.043390036,0.99904048,0
-3.3951111,-3.0920608,-1.5063163,0.0070049223,-0.99903548,0.043348111,0
3.3002708,2.5200033,-3.1319785,-0.0059481859,-0.043390036,-0.99904048,0
-0.22494185,3.0225139,0.48847005,-0.0070049223,0.99903548,-0.043348111,0
-3.0743785,2.8969119,-1.9457921,-0.0070049223,0.99903548,-0.043348111,0
3.1192155,3.0303838,0.12944269,-0.0070049223,0.99903548,-0.043348111,0
3.0905859,2.3838401,-3.1248169,-0.0059481859,-0.043390036,-0.99904048,0
-3.4966416,0.40711668,1.0005529,-0.9999578,-0.0067403577,0.0062464476,0
3.486897,0.45563754,-1.6296117,0.9999578,0.0067403577,-0.0062464476,0
-0.8920095,0.16924946,3.0008411,0.0059481859,0.043390036,0.99904048,0
-1.6628942,-0.92538106,3.0529726,0.0059481859,0.043390036,0.99904048,0
-3.2907062,2.7909851,-3.1045058,-0.0059481859,-0.043390036,-0.99904048,0
-3.5077872,2.4577055,1.429064,-0.9999578,-0.0067403577,0.0062464476,0
-0.068091452,2.9578218,-1.027819,-0.0070049223,0.99903548,-0.043348111,0
-1.392803,1.7717607,2.9342232,0.0059481859,0.043390036,0.99904048,0
3.5198512,-1.4281812,1.6130929,0.9999578,0.0067403577,-0.0062464476,0
2.3331718,2.9442873,-1.727782,-0.0070049223,0.99903548,-0.043348111,0
3.5024822,2.1119795,2.6526418,0.9999578,0.0067403577,-0.0062464476,0
-3.4959085,-2.7431438,-2.2813642,-0.9999578,-0.0067403577,0.0062464476,0
-0.48140812,0.095552698,3.0015974,0.0059481859,0.043390036,0.99904048,0
-2.76,-3.0232577,-0.023254871,0.0070049223,-0.99903548,0.043348111,0
-2.7283165,-1.0662302,-2.9403291,-0.0059481859,-0.043390036,-0.99904048,0
-1.014096,2.9146948,-1.8688939,-0.0070049223,0.99903548,-0.043348111,0
3.4647515,2.8585553,-2.5818274,0.9999578,0.0067403577,-0.0062464476,0
-1.8406485,-3.0072622,0.19682252,0.0070049223,-0.99903548,0.043348111,0
-3.4882123,0.23624125,2.1655993,-0.9999578,-0.0067403577,0.0062464476,0
-1.817754,-1.3203511,3.071049,0.0059481859,0.043390036,0.99904048,0
-3.5016065,1.375672,1.2509124,-0.9999578,-0.0067403577,0.0062464476,0
-2.2384951,1.5181355,2.950274,0.0059481859,0.043390036,0.99904048,0
1.2788508,-1.0987678,-2.9627738,-0.0059481859,-0.043390036,-0.99904048,0
-2.0292413,3.0017204,0.30081654,-0.0070049223,0.99903548,-0.043348111,0
3.5167906,-2.1579845,0.3356483,0.9999578,0.0067403577,-0.0062464476,0
1.0815603,-0.2284053,-2.9994006,-0.0059481859,-0.043390036,-0.99904048,0
-3.5034971,-0.44551414,-1.0169413,-0.9999578,-0.0067403577,0.0062464476,0
-3.1144292,1.1373526,2.9720271,0.0059481859,0.043390036,0.99904048,0
-2.1640155,1.1680295,-3.0407259,-0.0059481859,-0.043390036,-0.99904048,0
-3.4989712,-2.7556055,-2.7851753,-0.9999578,-0.0067403577,0.0062464476,0
-3.5127308,1.6475999,-0.2364943,-0.9999578,-0.0067403577,0.0062464476,0
-0.092365503,1.6499877,2.9317691,0.0059481859,0.043390036,0.99904048,0
-3.5288138,1.9778771,-2.454716,-0.9999578,-0.0067403577,0.0062464476,0
0.51513267,2.8763547,-2.9996288,-0.0070049223,0.99903548,-0.043348111,0
-3.2850893,1.8786669,-3.0649159,-0.0059481859,-0.043390036,-0.99904048,0
0.35075939,3.0110223,0.13059749,-0.0070049223,0.99903548,-0.043348111,0
-1.8626267,-2.9085367,2.4756875,0.0070049223,-0.99903548,0.043348111,0
-3.5072417,-0.43898392,-1.609334,-0.9999578,-0.0067403577,0.0062464476,0
2.3580604,-1.1485747,-2.9670365,-0.0059481859,-0.043390036,-0.99904048,0
3.5298538,-1.8087234,2.8037081,0.9999578,0.0067403577,-0.0062464476,0
-0.98887002,-3.042733,-0.75830483,0.0070049223,-0.99903548,0.043348111,0
0.73963815,-3.0004926,-0.064121306,0.0070049223,-0.99903548,0.043348111,0
3.4965613,-0.0051284656,-0.57969761,0.9999578,0.0067403577,-0.0062464476,0
3.5047174,0.19206238,0.93881416,0.9999578,0.0067403577,-0.0062464476,0
0.99003434,1.3519061,2.938271,0.0059481859,0.043390036,0.99904048,0
3.496387,2.5423312,2.1413608,0.9999578,0.0067403577,-0.0062464476,0
-3.5158427,1.7065256,-0.67099738,-0.9999578,-0.0067403577,0.0062464476,0
3.514848,-2.9009674,-0.77709532,0.9999578,0.0067403577,-0.0062464476,0
1.0709372,-1.5881572,-2.9402814,-0.0059481859,-0.043390036,-0.99904048,0
3.5246592,-1.0355978,2.8063979,0.9999578,0.0067403577,-0.0062464476,0
-1.0695503,1.5399761,2.9423652,0.0059481859,0.043390036,0.99904048,0
2.6705623,-1.1127839,3.035311,0.0059481859,0.043390036,0.99904048,0
-0.18049359,-0.72747177,3.0355513,0.0059481859,0.043390036,0.99904048,0
2.1588583,-1.4593574,-2.9523523,-0.0059481859,-0.043390036,-0.99904048,0
-2.738534,0.80365717,2.9842818,0.0059481859,0.043390036,0.99904048,0
3.5034242,1.7602814,2.4240141,0.9999578,0.0067403577,-0.0062464476,0
2.2944877,0.91224867,-3.0561631,-0.0059481859,-0.043390036,-0.99904048,0
-0.15714025,-1.9662516,-2.916548,-0.0059481859,-0.043390036,-0.99904048,0
-1.9444847,-2.1869411,-2.8963213,-0.0059481859,-0.043390036,-0.99904048,0
-1.6706333,-3.0642076,-1.1430569,0.0070049223,-0.99903548,0.043348111,0
3.5039284,-0.09166351,0.5063343,0.9999578,0.0067403577,-0.0062464476,0
-1.8857019,0.048430465,-2.9937572,-0.0059481859,-0.043390036,-0.99904048,0
3.5290055,-2.1340575,2.3168914,0.9999578,0.0067403577,-0.0062464476,0
-3.4879584,-0.56927133,1.3370023,-0.9999578,-0.0067403577,0.0062464476,0
3.4002547,-3.0842588,-2.4246144,0.0070049223,-0.99903548,0.043348111,0
3.4922643,2.7084219,1.6606085,0.9999578,0.0067403577,-0.0062464476,0
-3.5069735,0.593539,-0.45226216,-0.9999578,-0.0067403577,0.0062464476,0
3.4995387,1.91187,1.9655318,0.9999578,0.0067403577,-0.0062464476,0
-3.5269246,2.6716757,-1.4036255,-0.9999578,-0.0067403577,0.0062464476,0
1.8212669,-2.461843,3.0989594,0.0059481859,0.043390036,0.99904048,0
-2.3277228,-2.2305536,-2.8921452,-0.0059481859,-0.043390036,-0.99904048,0
0.95344138,2.4909959,2.8890162,0.0059481859,0.043390036,0.99904048,0
3.5199947,-1.4814008,1.5786672,0.9999578,0.0067403577,-0.0062464476,0
-3.172981,-2.2633963,-2.8856862,-0.0059481859,-0.043390036,-0.99904048,0
3.2964935,1.531648,2.9167318,0.0059481859,0.043390036,0.99904048,0
-2.2977927,-3.0893042,-1.6201046,0.0070049223,-0.99903548,0.043348111,0
1.6902469,2.9963212,-0.42467618,-0.0070049223,0.99903548,-0.043348111,0
2.8350763,-2.8823519,2.3200281,0.0070049223,-0.99903548,0.043348111,0
0.8581475,-2.9119668,1.956959,0.0070049223,-0.99903548,0.043348111,0
0.38897035,-2.9893448,0.24946335,0.0070049223,-0.99903548,0.043348111,0
-0.66022205,-2.8780072,2.9849865,0.0070049223,-0.99903548,0.043348111,0
0.045837641,3.1036229,2.3140192,-0.0070049223,0.99903548,-0.043348111,0
1.7455714,3.0367625,0.49842644,-0.0070049223,0.99903548,-0.043348111,0
0.74984908,-0.28820413,3.0109339,0.0059481859,0.043390036,0.99904048,0
-3.4787166,-2.2262008,1.0285368,-0.9999578,-0.0067403577,0.0062464476,0
3.5208178,-0.88466585,2.3543818,0.9999578,0.0067403577,-0.0062464476,0
-2.0260565,2.869514,-2.7466331,-0.0070049223,0.99903548,-0.043348111,0
-3.4941301,0.97887784,2.0196235,-0.9999578,-0.0067403577,0.0062464476,0
0.3112762,-3.0163653,-0.36071578,0.0070049223,-0.99903548,0.043348111,0
3.4960217,3.0100865,2.5875564,0.9999578,0.0067403577,-0.0062464476,0
-3.1481533,-2.9563851,1.580667,0.0070049223,-0.99903548,0.043348111,0
-2.5584888,2.9418683,-0.99305546,-0.0070049223,0.99903548,-0.043348111,0
0.23588389,-3.0393384,-0.87798679,0.0070049223,-0.99903548,0.043348111,0
-2.8039787,2.9909785,0.17844653,-0.0070049223,0.99903548,-0.043348111,0
-0.317981,-2.942708,1.4385353,0.0070049223,-0.99903548,0.043348111,0
-3.4823728,-0.28261259,2.540518,-0.9999578,-0.0067403577,0.0062464476,0
-3.4839063,0.093134455,2.7005298,-0.9999578,-0.0067403577,0.0062464476,0
1.1493595,-1.4716222,3.0599532,0.0059481859,0.043390036,0.99904048,0
-1.7835258,-2.9790959,0.83673477,0.0070049223,-0.99903548,0.043348111,0
-1.5141547,-0.8448146,-2.9571743,-0.0059481859,-0.043390036,-0.99904048,0
3.5052633,-0.23203875,0.56851077,0.9999578,0.0067403577,-0.0062464476,0
