-1.7727709,4.4745803,2.9001222,-0.54068667,0.67225707,-0.5056963,0
-6.0522442,-1.0370193,0.14875221,-0.54068667,0.67225707,-0.5056963,0
1.2251455,-3.4054253,-0.89330292,0.54068667,-0.67225707,0.5056963,0
-3.0521588,-2.888027,-1.7223306,-0.58277857,-0.7328546,-0.3511318,0
4.0829716,-1.6881478,-1.665974,0.54068667,-0.67225707,0.5056963,0
0.16417837,-4.6476712,-3.3879414,-0.58277857,-0.7328546,-0.3511318,0
-1.6823583,3.6326623,3.9319801,-0.60665244,0.10485673,0.78802156,0
5.2588644,1.7313371,0.47397923,0.58277857,0.7328546,0.3511318,0
0.53190815,4.5627947,0.55324554,-0.54068667,0.67225707,-0.5056963,0
1.122992,1.6250978,5.9033403,0.54068667,-0.67225707,0.5056963,0
0.26090598,4.1096163,0.24055719,-0.54068667,0.67225707,-0.5056963,0
-1.3328526,2.274009,4.3818312,-0.60665244,0.10485673,0.78802156,0
-3.3481941,-4.4187374,1.9637818,-0.58277857,-0.7328546,-0.3511318,0
-0.37003028,2.1908643,-1.6355797,-0.54068667,0.67225707,-0.5056963,0
2.6705363,-0.78420973,1.0458589,0.54068667,-0.67225707,0.5056963,0
3.1206765,2.8202333,-3.6833439,0.60665244,-0.10485673,-0.78802156,0
-1.7477252,0.046584368,4.3588324,-0.60665244,0.10485673,0.78802156,0
-2.0087416,-2.6286995,-3.9953532,-0.58277857,-0.7328546,-0.3511318,0
0.67518616,3.1529293,5.114542,0.58277857,0.7328546,0.3511318,0
-3.8393397,-0.85424924,2.8684864,-0.60665244,0.10485673,0.78802156,0
4.5292377,1.8176796,-2.4655704,0.60665244,-0.10485673,-0.78802156,0
2.3298614,-1.918377,-3.661613,0.60665244,-0.10485673,-0.78802156,0
1.1520784,-3.9121926,-1.4888611,0.54068667,-0.67225707,0.5056963,0
-0.25131702,2.2797554,-1.6443379,-0.54068667,0.67225707,-0.5056963,0
0.51797462,-5.2655663,-2.6855221,-0.58277857,-0.7328546,-0.3511318,0
4.943841,2.3094451,-2.2118266,0.60665244,-0.10485673,-0.78802156,0
0.81541729,-4.8288679,-4.0906334,-0.58277857,-0.7328546,-0.3511318,0
2.6345694,-1.2550985,-3.5152934,0.60665244,-0.10485673,-0.78802156,0
-4.3975453,-3.3664224,1.509099,-0.58277857,-0.7328546,-0.3511318,0
-0.20529938,2.3238199,5.2432418,-0.60665244,0.10485673,0.78802156,0
2.0900919,3.0555251,2.9694986,0.58277857,0.7328546,0.3511318,0
-0.038016796,4.4665308,3.556613,0.58277857,0.7328546,0.3511318,0
-1.0913205,4.8792944,4.2211056,-0.60665244,0.10485673,0.78802156,0
0.74685359,3.3061812,4.6757402,0.58277857,0.7328546,0.3511318,0
1.452508,-1.2520084,1.7262886,0.54068667,-0.67225707,0.5056963,0
2.0149503,2.1267526,5.0326724,0.58277857,0.7328546,0.3511318,0
-0.52685499,-1.8049705,-5.8759255,0.60665244,-0.10485673,-0.78802156,0
2.3820233,3.3149598,1.9435024,0.58277857,0.7328546,0.3511318,0
-4.7888336,-3.2681315,1.9533806,-0.58277857,-0.7328546,-0.3511318,0
-4.1982999,-2.4894278,-0.6519866,-0.58277857,-0.7328546,-0.3511318,0
-4.1960526,0.19529361,2.4542179,-0.60665244,0.10485673,0.78802156,0
-0.80084753,-3.5145802,1.1277657,0.54068667,-0.67225707,0.5056963,0
-2.8682377,-4.3041825,2.2885318,0.54068667,-0.67225707,0.5056963,0
-2.6030989,-1.9970078,-4.3273053,-0.58277857,-0.7328546,-0.3511318,0
-2.2676506,-0.24317122,3.9971275,-0.60665244,0.10485673,0.78802156,0
1.2163172,-3.0157716,-0.36587048,0.54068667,-0.67225707,0.5056963,0
4.3675423,2.2075944,0.95931435,0.58277857,0.7328546,0.3511318,0
0.33419013,3.4577975,-0.70430541,-0.54068667,0.67225707,-0.5056963,0
-0.24012542,0.41246605,5.4707618,-0.60665244,0.10485673,0.78802156,0
-4.2958498,1.652185,1.8457735,-0.54068667,0.67225707,-0.5056963,0
-5.3051,-0.7839433,1.7307262,-0.60665244,0.10485673,0.78802156,0
4.6144762,3.7405574,-2.6500065,0.58277857,0.7328546,0.3511318,0
-0.1615386,4.1133513,4.4987516,0.58277857,0.7328546,0.3511318,0
-5.8371277,-1.6169615,0.24705744,-0.58277857,-0.7328546,-0.3511318,0
-3.5905743,-2.4315128,3.269872,-0.60665244,0.10485673,0.78802156,0
-1.4634321,-0.47426844,4.6470003,-0.60665244,0.10485673,0.78802156,0
5.7776108,0.50345087,-1.3296441,0.60665244,-0.10485673,-0.78802156,0
2.8097413,-2.9409294,-3.1561167,0.60665244,-0.10485673,-0.78802156,0
-3.946614,-0.016472042,2.6744249,-0.60665244,0.10485673,0.78802156,0
-3.8719296,-0.49724424,2.795893,-0.60665244,0.10485673,0.78802156,0
1.1175561,-4.5577703,-2.3101611,0.54068667,-0.67225707,0.5056963,0
-1.2565494,-1.2495923,-5.2613564,-0.54068667,0.67225707,-0.5056963,0
-4.3543105,-3.223238,2.7872648,-0.60665244,0.10485673,0.78802156,0
5.2678647,2.4140148,-1.976294,0.60665244,-0.10485673,-0.78802156,0
-4.6324153,-1.2130142,2.3056812,-0.60665244,0.10485673,0.78802156,0
4.5194659,2.4366274,0.22914362,0.58277857,0.7328546,0.3511318,0
-2.4846988,-1.2352247,3.9620407,-0.60665244,0.10485673,0.78802156,0
3.2016015,3.2355494,0.74897528,0.58277857,0.7328546,0.3511318,0
4.3480945,2.0362651,1.3491752,0.58277857,0.7328546,0.3511318,0
-0.25164461,0.4887805,5.4517393,-0.60665244,0.10485673,0.78802156,0
-1.8771195,-2.2531626,-4.9975996,-0.58277857,-0.7328546,-0.3511318,0
0.33727121,-3.8591616,-4.9373469,0.60665244,-0.10485673,-0.78802156,0
-2.5403099,0.16475487,-2.0085807,-0.54068667,0.67225707,-0.5056963,0
-1.408484,-2.8555048,-4.51824,-0.58277857,-0.7328546,-0.3511318,0
-4.2262225,0.10242158,2.4433498,-0.60665244,0.10485673,0.78802156,0
1.857138,-1.2141957,1.3439283,0.54068667,-0.67225707,0.5056963,0
-2.0433347,3.2346931,3.7070398,-0.60665244,0.10485673,0.78802156,0
-5.5576978,-0.11928439,0.83999503,-0.54068667,0.67225707,-0.5056963,0
1.7859471,-1.6660562,0.81935614,0.54068667,-0.67225707,0.5056963,0
2.9177659,-1.5500052,-0.23650199,0.54068667,-0.67225707,0.5056963,0
4.0935392,0.66851187,-2.648078,0.60665244,-0.10485673,-0.78802156,0
2.5767269,2.3224022,3.6919394,0.58277857,0.7328546,0.3511318,0
-0.6868732,-0.0025143623,5.182055,-0.60665244,0.10485673,0.78802156,0
4.4611816,1.6197283,-2.4916224,0.60665244,-0.10485673,-0.78802156,0
-0.50514722,-1.0054214,4.1472044,0.54068667,-0.67225707,0.5056963,0
4.0428257,1.6793318,2.6007988,0.58277857,0.7328546,0.3511318,0
2.450129,4.2146769,-0.047351837,0.58277857,0.7328546,0.3511318,0
-0.99473619,3.5191705,0.79816031,-0.54068667,0.67225707,-0.5056963,0
3.5327985,2.2295718,2.2988803,0.58277857,0.7328546,0.3511318,0
-2.3090882,-3.4973149,-1.6839566,-0.58277857,-0.7328546,-0.3511318,0
2.2981737,3.7868772,-2.3667128,-0.54068667,0.67225707,-0.5056963,0
-2.7831805,2.2391546,1.0087383,-0.54068667,0.67225707,-0.5056963,0
-0.52893865,2.2233551,-1.4224834,-0.54068667,0.67225707,-0.5056963,0
4.6211925,1.7329948,1.528873,0.58277857,0.7328546,0.3511318,0
-1.2172523,5.3046608,3.7645273,0.58277857,0.7328546,0.3511318,0
-4.0439291,1.6874676,1.6233253,-0.54068667,0.67225707,-0.5056963,0
0.48846114,3.7534649,-0.47619891,-0.54068667,0.67225707,-0.5056963,0
1.9564865,0.44554853,-4.2636042,0.60665244,-0.10485673,-0.78802156,0
5.2471375,1.2903254,1.048799,0.54068667,-0.67225707,0.5056963,0
3.1908112,-1.6585959,-3.0333838,0.60665244,-0.10485673,-0.78802156,0
0.74018431,4.0144577,3.2085528,0.58277857,0.7328546,0.3511318,0
3.6629214,-2.4554808,-2.5638971,0.60665244,-0.10485673,-0.78802156,0
-0.62802887,2.7670984,4.8588223,-0.60665244,0.10485673,0.78802156,0
-4.2735486,-1.3239303,2.5967109,-0.60665244,0.10485673,0.78802156,0
-2.5287485,-0.43977022,-2.8245778,-0.54068667,0.67225707,-0.5056963,0
-0.21688461,-1.7317486,-5.6470404,0.60665244,-0.10485673,-0.78802156,0
2.7657535,-1.2218184,0.36230996,0.54068667,-0.67225707,0.5056963,0
-3.6834607,-0.0046581626,2.8754396,-0.60665244,0.10485673,0.78802156,0
-3.7067969,-2.7444391,-0.93550158,-0.58277857,-0.7328546,-0.3511318,0
-1.3488188,4.4200678,2.3743677,-0.54068667,0.67225707,-0.5056963,0
2.0230517,-0.72365975,1.8186381,0.54068667,-0.67225707,0.5056963,0
-0.57194066,0.098582745,5.2570825,-0.60665244,0.10485673,0.78802156,0
-3.6547825,-3.3019609,3.3362665,-0.60665244,0.10485673,0.78802156,0
-2.7084677,2.3619258,3.3111253,-0.60665244,0.10485673,0.78802156,0
-5.0591183,-2.3493302,2.1283891,-0.60665244,0.10485673,0.78802156,0
5.1119547,0.86461258,0.62740612,0.54068667,-0.67225707,0.5056963,0
-1.8828593,-0.050922871,-2.9982364,-0.54068667,0.67225707,-0.5056963,0
1.5073458,3.9160228,-1.3494833,-0.54068667,0.67225707,-0.5056963,0
-0.20290303,-1.4133968,3.2816968,0.54068667,-0.67225707,0.5056963,0
4.5073862,2.5382853,0.037020683,0.58277857,0.7328546,0.3511318,0
2.5988491,3.7327933,-2.7600911,-0.54068667,0.67225707,-0.5056963,0
-4.5962224,-1.7760575,-1.4804385,-0.58277857,-0.7328546,-0.3511318,0
-1.8638252,-4.712451,0.67188168,0.54068667,-0.67225707,0.5056963,0
3.0542321,0.25598764,2.0184202,0.54068667,-0.67225707,0.5056963,0
-3.8034742,-0.64220339,2.8678818,-0.60665244,0.10485673,0.78802156,0
2.1331801,0.71269631,-4.163125,0.60665244,-0.10485673,-0.78802156,0
2.5781183,3.9838717,-2.4041495,-0.54068667,0.67225707,-0.5056963,0
-3.1852629,-2.590097,3.6029999,-0.60665244,0.10485673,0.78802156,0
-3.7946608,-1.588558,-2.9982374,-0.54068667,0.67225707,-0.5056963,0
-1.6065614,-4.2347293,-1.3108783,-0.58277857,-0.7328546,-0.3511318,0
1.8439088,-2.7891026,-0.7355597,0.54068667,-0.67225707,0.5056963,0
-2.7334967,-4.6588573,1.4447203,-0.58277857,-0.7328546,-0.3511318,0
-0.087458849,-0.28672028,4.656034,0.54068667,-0.67225707,0.5056963,0
5.3324089,1.7484851,0.31612682,0.58277857,0.7328546,0.3511318,0
1.6069694,2.3799505,-3.4980075,-0.54068667,0.67225707,-0.5056963,0
-1.9283421,-1.2123916,4.3873091,-0.60665244,0.10485673,0.78802156,0
4.6129088,-1.3739301,-1.9764711,0.60665244,-0.10485673,-0.78802156,0
-1.5711539,-2.7806294,-4.4045286,-0.58277857,-0.7328546,-0.3511318,0
-3.4698117,-2.3299661,3.3493283,-0.60665244,0.10485673,0.78802156,0
2.8730292,1.4547595,-3.6922994,0.60665244,-0.10485673,-0.78802156,0
0.65090513,4.9098301,1.487978,0.58277857,0.7328546,0.3511318,0
-1.415257,1.4045843,4.4340811,-0.60665244,0.10485673,0.78802156,0
4.4989309,-1.2815433,-2.0765097,0.60665244,-0.10485673,-0.78802156,0
-4.6789045,-2.0899274,-0.68812585,-0.58277857,-0.7328546,-0.3511318,0
5.0858765,0.73258328,0.47977328,0.54068667,-0.67225707,0.5056963,0
-3.9399037,-4.4459734,3.2458565,0.54068667,-0.67225707,0.5056963,0
0.72422552,-4.1977563,-4.5943985,0.60665244,-0.10485673,-0.78802156,0
-4.349236,-1.2703595,2.5313153,-0.60665244,0.10485673,0.78802156,0
-1.6461133,-1.6359599,4.5288978,0.54068667,-0.67225707,0.5056963,0
3.7667158,2.2180896,1.9346092,0.58277857,0.7328546,0.3511318,0
5.1427264,0.20624661,-0.28070629,0.54068667,-0.67225707,0.5056963,0
-0.17673135,-4.4953661,-3.1400094,-0.58277857,-0.7328546,-0.3511318,0
-0.73293829,-4.2510281,-2.7268262,-0.58277857,-0.7328546,-0.3511318,0
-3.8727775,-4.4216466,3.2064252,0.54068667,-0.67225707,0.5056963,0
0.33665776,-1.1427133,-5.2992783,0.60665244,-0.10485673,-0.78802156,0
-3.8281302,-1.8358051,3.0077245,-0.60665244,0.10485673,0.78802156,0
2.5133176,-1.5667801,0.17363137,0.54068667,-0.67225707,0.5056963,0
-3.6957932,-4.3120828,2.3180978,-0.58277857,-0.7328546,-0.3511318,0
1.2581739,-4.2314353,-4.1788607,0.60665244,-0.10485673,-0.78802156,0
2.1345081,0.46796942,-4.129539,0.60665244,-0.10485673,-0.78802156,0
-0.2953341,-0.29774094,4.8636413,0.54068667,-0.67225707,0.5056963,0
2.709836,3.461802,-3.2390046,-0.54068667,0.67225707,-0.5056963,0
-3.7123921,-4.289897,2.2993426,-0.58277857,-0.7328546,-0.3511318,0
-2.6414278,-1.2294412,-3.7538667,-0.54068667,0.67225707,-0.5056963,0
4.8059301,2.5651603,-2.3520231,0.60665244,-0.10485673,-0.78802156,0
2.1014409,2.7837863,3.5178139,0.58277857,0.7328546,0.3511318,0
-4.8218803,-2.5739238,0.55933213,-0.58277857,-0.7328546,-0.3511318,0
5.2144728,2.9095526,-1.9114225,0.58277857,0.7328546,0.3511318,0
2.5254323,4.0042758,0.26679802,0.58277857,0.7328546,0.3511318,0
3.4204774,-1.4870406,-2.8794048,0.60665244,-0.10485673,-0.78802156,0
-2.3876662,-0.86730909,3.9877841,-0.60665244,0.10485673,0.78802156,0
3.5917718,-2.0346446,-1.6014088,0.54068667,-0.67225707,0.5056963,0
-2.3631494,-1.2171223,4.0532055,-0.60665244,0.10485673,0.78802156,0
2.3242183,-0.040330887,2.4050288,0.54068667,-0.67225707,0.5056963,0
0.75407934,3.0539098,5.1902695,0.58277857,0.7328546,0.3511318,0
-0.0042271614,-3.5926368,-5.2357111,0.60665244,-0.10485673,-0.78802156,0
3.8555031,0.48930216,1.4718689,0.54068667,-0.67225707,0.5056963,0
-1.491991,3.680711,4.0721388,-0.60665244,0.10485673,0.78802156,0
4.9074087,2.2134426,0.051082611,0.58277857,0.7328546,0.3511318,0
1.4206648,3.4568565,3.242929,0.58277857,0.7328546,0.3511318,0
-1.678973,3.3984206,1.3692207,-0.54068667,0.67225707,-0.5056963,0
-3.2744217,-2.2723916,-2.6383417,-0.58277857,-0.7328546,-0.3511318,0
4.0279808,4.4381599,-3.2001493,0.60665244,-0.10485673,-0.78802156,0
1.9474384,3.561564,2.1500983,0.58277857,0.7328546,0.3511318,0
2.4209909,-1.9404279,-0.22436953,0.54068667,-0.67225707,0.5056963,0
-3.6581061,-4.4588742,2.5619197,-0.58277857,-0.7328546,-0.3511318,0
-0.93842089,-1.9475796,3.357981,0.54068667,-0.67225707,0.5056963,0
1.2798908,-3.1809466,-4.3019238,0.60665244,-0.10485673,-0.78802156,0
-1.8172439,-3.8552356,-1.7532549,-0.58277857,-0.7328546,-0.3511318,0
0.71235061,-4.6914406,-2.0546155,0.54068667,-0.67225707,0.5056963,0
3.2283897,0.67032027,2.3830137,0.54068667,-0.67225707,0.5056963,0
2.5672925,-2.6328454,-3.3837585,0.60665244,-0.10485673,-0.78802156,0
1.9031134,-2.0063934,-3.9784298,0.60665244,-0.10485673,-0.78802156,0
3.9950099,4.2272573,-2.6376703,0.58277857,0.7328546,0.3511318,0
-2.4583402,-0.39615917,-2.8418827,-0.54068667,0.67225707,-0.5056963,0
1.6361015,-4.6059694,-2.9286604,0.54068667,-0.67225707,0.5056963,0
2.353847,1.5312271,4.4625316,0.54068667,-0.67225707,0.5056963,0
4.3800879,2.4737566,0.38297844,0.58277857,0.7328546,0.3511318,0
1.834244,0.068608761,3.0737267,0.54068667,-0.67225707,0.5056963,0
2.2316413,4.5251241,-1.3141751,-0.54068667,0.67225707,-0.5056963,0
-2.6971149,-0.086340547,3.6456394,-0.60665244,0.10485673,0.78802156,0
0.87359196,2.580224,-2.4476485,-0.54068667,0.67225707,-0.5056963,0
1.4281783,2.3408644,5.5596695,0.58277857,0.7328546,0.3511318,0
3.1613271,2.1831479,3.0123103,0.58277857,0.7328546,0.3511318,0
2.269784,0.87769747,-4.079917,0.60665244,-0.10485673,-0.78802156,0
-2.912334,-2.8457849,-2.042563,-0.58277857,-0.7328546,-0.3511318,0
2.2951362,-2.6779408,-1.0702341,0.54068667,-0.67225707,0.5056963,0
-2.3239579,-2.8982344,-2.909632,-0.58277857,-0.7328546,-0.3511318,0
-3.3275745,0.53823137,-0.6703546,-0.54068667,0.67225707,-0.5056963,0
-1.8043118,0.494066,4.2557263,-0.60665244,0.10485673,0.78802156,0
-1.6460409,-2.0138817,-5.8609376,-0.54068667,0.67225707,-0.5056963,0
-2.917942,-3.9482026,0.26762438,-0.58277857,-0.7328546,-0.3511318,0
-0.86256695,-3.7329388,0.90347719,0.54068667,-0.67225707,0.5056963,0
0.20610523,4.443419,3.199676,0.58277857,0.7328546,0.3511318,0
0.09122324,3.8416388,4.6463351,0.58277857,0.7328546,0.3511318,0
-0.07467556,-5.124362,-1.9966006,-0.58277857,-0.7328546,-0.3511318,0
2.1628695,2.6289558,3.7390096,0.58277857,0.7328546,0.3511318,0
4.0821719,-1.3307917,-1.1900609,0.54068667,-0.67225707,0.5056963,0
-4.7368269,0.09990108,2.0506001,-0.60665244,0.10485673,0.78802156,0
-1.5332415,0.46006799,4.4689317,-0.60665244,0.10485673,0.78802156,0
1.0538356,4.1097336,2.4891262,0.58277857,0.7328546,0.3511318,0
-3.6604438,-0.19484568,2.9184656,-0.60665244,0.10485673,0.78802156,0
0.66806555,2.2116704,5.9305191,-0.60665244,0.10485673,0.78802156,0
3.4194217,2.2487063,-3.3773079,0.60665244,-0.10485673,-0.78802156,0
-3.5945783,-2.4983699,-1.6353295,-0.58277857,-0.7328546,-0.3511318,0
4.1439295,4.1804547,-3.0765958,0.60665244,-0.10485673,-0.78802156,0
-2.8091695,3.2059276,3.1212955,-0.60665244,0.10485673,0.78802156,0
2.8764322,4.139698,-0.59840345,0.58277857,0.7328546,0.3511318,0
2.8736882,-1.0109963,0.52716732,0.54068667,-0.67225707,0.5056963,0
4.3369627,2.7768328,-2.7412198,0.60665244,-0.10485673,-0.78802156,0
-3.4900882,-2.873575,-1.0256543,-0.58277857,-0.7328546,-0.3511318,0
-1.9636365,-4.368926,-0.43814945,-0.58277857,-0.7328546,-0.3511318,0
-4.4342704,-0.10384262,2.3106318,-0.60665244,0.10485673,0.78802156,0
-3.8999572,-3.7306159,3.2045591,-0.60665244,0.10485673,0.78802156,0
3.6531024,-1.037755,-0.34174868,0.54068667,-0.67225707,0.5056963,0
-3.3796577,2.1169813,2.8270078,-0.60665244,0.10485673,0.78802156,0
1.0568612,-1.7574785,1.4773546,0.54068667,-0.67225707,0.5056963,0
2.1114862,4.210712,0.52297306,0.58277857,0.7328546,0.3511318,0
-5.9831161,-0.39450693,1.1569409,-0.60665244,0.10485673,0.78802156,0
-1.8831758,3.4485168,3.8018849,-0.60665244,0.10485673,0.78802156,0
4.4727278,2.7441015,-0.33501911,0.58277857,0.7328546,0.3511318,0
5.6779509,1.9262204,-1.595685,0.60665244,-0.10485673,-0.78802156,0
-1.8217654,3.2181659,1.2822676,-0.54068667,0.67225707,-0.5056963,0
3.5116282,3.9838614,-1.3273978,0.58277857,0.7328546,0.3511318,0
4.5851283,1.517097,2.0393338,0.58277857,0.7328546,0.3511318,0
4.3689318,0.54421949,0.99591982,0.54068667,-0.67225707,0.5056963,0
-0.21680021,0.7621007,-3.6987667,-0.54068667,0.67225707,-0.5056963,0
-1.6756241,3.8337138,3.9104121,-0.60665244,0.10485673,0.78802156,0
1.9861375,3.6033001,-2.2771287,-0.54068667,0.67225707,-0.5056963,0
4.0393476,-0.57888329,-2.5238147,0.60665244,-0.10485673,-0.78802156,0
5.2784948,0.51891375,-1.7159421,0.60665244,-0.10485673,-0.78802156,0
-5.2433133,-1.3420126,1.852551,-0.60665244,0.10485673,0.78802156,0
-0.36917448,2.7315161,5.0628347,-0.60665244,0.10485673,0.78802156,0
0.88624001,-3.5636773,-4.5540447,0.60665244,-0.10485673,-0.78802156,0
-1.1726398,1.4748814,-1.7292414,-0.54068667,0.67225707,-0.5056963,0
2.0452185,3.1622407,-2.9266272,-0.54068667,0.67225707,-0.5056963,0
5.4815598,2.3425775,-1.8022768,0.60665244,-0.10485673,-0.78802156,0
5.1287351,0.17293251,-1.7851967,0.60665244,-0.10485673,-0.78802156,0
-4.9107189,-1.4979985,-1.5388083,-0.58277857,-0.7328546,-0.3511318,0
4.2697039,2.2198257,1.0961685,0.58277857,0.7328546,0.3511318,0
-4.0642829,0.79813677,2.4754441,-0.60665244,0.10485673,0.78802156,0
0.13803673,-2.5276504,-5.2679014,0.60665244,-0.10485673,-0.78802156,0
-1.5092092,1.6532283,-1.132295,-0.54068667,0.67225707,-0.5056963,0
-1.241822,-2.4415891,-5.6587415,-0.58277857,-0.7328546,-0.3511318,0
2.1054561,-2.0151534,-3.8214922,0.60665244,-0.10485673,-0.78802156,0
1.5251791,3.3887799,3.2115474,0.58277857,0.7328546,0.3511318,0
-5.8837843,-1.6623062,0.41913342,-0.58277857,-0.7328546,-0.3511318,0
0.1729908,-3.5946016,-5.09902,0.60665244,-0.10485673,-0.78802156,0
-5.7233934,-2.1877401,1.2495747,-0.58277857,-0.7328546,-0.3511318,0
-0.042045593,-5.097033,-2.1077957,-0.58277857,-0.7328546,-0.3511318,0
-0.096751213,1.5117221,5.4348669,-0.60665244,0.10485673,0.78802156,0
1.7217755,0.87200356,-4.50104,0.60665244,-0.10485673,-0.78802156,0
-5.8289299,-1.8565791,1.4701881,-0.60665244,0.10485673,0.78802156,0
-4.8172073,-2.3302009,2.312077,-0.60665244,0.10485673,0.78802156,0
2.2922773,-2.0201507,-0.19273102,0.54068667,-0.67225707,0.5056963,0
-4.6390791,-1.1644629,2.2940907,-0.60665244,0.10485673,0.78802156,0
-4.4811916,-0.71767712,-1.1064816,-0.54068667,0.67225707,-0.5056963,0
2.677506,1.1926346,-3.8079424,0.60665244,-0.10485673,-0.78802156,0
2.962913,0.44048166,-3.4881399,0.60665244,-0.10485673,-0.78802156,0
-0.65492439,2.4898567,4.8750076,-0.60665244,0.10485673,0.78802156,0
-5.1660776,-2.8665843,2.1148748,-0.60665244,0.10485673,0.78802156,0
1.245537,1.3450351,5.4000096,0.54068667,-0.67225707,0.5056963,0
2.5509648,3.6947298,0.87048149,0.58277857,0.7328546,0.3511318,0
-4.7466249,-2.1803379,2.3464727,-0.60665244,0.10485673,0.78802156,0
-1.2504762,1.0008621,-2.2761655,-0.54068667,0.67225707,-0.5056963,0
-4.5738382,-1.3275533,-1.8181753,-0.54068667,0.67225707,-0.5056963,0
-1.1256125,1.3839915,4.6598024,-0.60665244,0.10485673,0.78802156,0
0.44600773,3.6090856,4.5428629,0.58277857,0.7328546,0.3511318,0
-4.9965615,-2.3612347,2.1781318,-0.60665244,0.10485673,0.78802156,0
-0.34804606,-1.5241654,3.2896304,0.54068667,-0.67225707,0.5056963,0
6.0776134,1.1508331,-1.1848321,0.60665244,-0.10485673,-0.78802156,0
1.7174304,3.7426171,-1.8046241,-0.54068667,0.67225707,-0.5056963,0
0.48322248,-0.39534092,-5.2858944,0.60665244,-0.10485673,-0.78802156,0
-1.6011002,2.6845384,4.1206961,-0.60665244,0.10485673,0.78802156,0
4.0872841,2.096421,1.6564939,0.58277857,0.7328546,0.3511318,0
-4.2523952,-2.1306093,-1.3111022,-0.58277857,-0.7328546,-0.3511318,0
1.69133,-4.4214439,-2.7424068,0.54068667,-0.67225707,0.5056963,0
-5.4837461,-1.9774581,1.7520099,-0.60665244,0.10485673,0.78802156,0
-4.5583072,-2.8046837,0.60349941,-0.58277857,-0.7328546,-0.3511318,0
2.504844,2.8798208,2.6478431,0.58277857,0.7328546,0.3511318,0
4.2641973,2.9153304,-0.34629488,0.58277857,0.7328546,0.3511318,0
-2.0288279,3.5660036,1.9660616,-0.54068667,0.67225707,-0.5056963,0
0.13819802,2.6603041,-1.5549145,-0.54068667,0.67225707,-0.5056963,0
-2.7860065,0.29472876,-1.5730996,-0.54068667,0.67225707,-0.5056963,0
-4.8901329,-2.3960314,0.30132914,-0.58277857,-0.7328546,-0.3511318,0
-2.2232356,-3.878531,-1.0308037,-0.58277857,-0.7328546,-0.3511318,0
-0.90107989,-3.8339746,-3.3182006,-0.58277857,-0.7328546,-0.3511318,0
-5.4263263,-1.8489079,1.779109,-0.60665244,0.10485673,0.78802156,0
-0.8439517,3.306941,4.6207628,-0.60665244,0.10485673,0.78802156,0
-2.8614423,-3.2812676,-1.2181234,-0.58277857,-0.7328546,-0.3511318,0
-0.31368327,0.19165516,5.4435158,-0.60665244,0.10485673,0.78802156,0
-2.185344,0.55705929,3.9540098,-0.60665244,0.10485673,0.78802156,0
0.55478978,4.9391699,1.5862679,0.58277857,0.7328546,0.3511318,0
3.5269387,-1.500312,-2.7956805,0.60665244,-0.10485673,-0.78802156,0
-3.6896613,-0.62731624,2.9535189,-0.60665244,0.10485673,0.78802156,0
5.838203,0.092021942,-1.176151,0.54068667,-0.67225707,0.5056963,0
-2.5358663,-1.3767967,-4.0626225,-0.54068667,0.67225707,-0.5056963,0
-4.516664,-2.3237972,-0.46928501,-0.58277857,-0.7328546,-0.3511318,0
-0.94474959,0.049757004,-3.8674161,-0.54068667,0.67225707,-0.5056963,0
-2.284668,-2.3723254,-4.0724783,-0.58277857,-0.7328546,-0.3511318,0
4.1218801,2.3768835,-2.8535812,0.60665244,-0.10485673,-0.78802156,0
-2.0895102,-4.0832949,-0.82538271,-0.58277857,-0.7328546,-0.3511318,0
3.5891531,4.3447084,-2.209199,0.58277857,0.7328546,0.3511318,0
-4.388217,-2.4625111,2.6599379,-0.60665244,0.10485673,0.78802156,0
-3.1457572,2.7601509,2.9214923,-0.60665244,0.10485673,0.78802156,0
-1.0065675,0.16024852,4.9142828,-0.60665244,0.10485673,0.78802156,0
-0.0010414124,4.7389979,1.3573098,-0.54068667,0.67225707,-0.5056963,0
-2.1697879,2.0716896,3.7644439,-0.60665244,0.10485673,0.78802156,0
-4.569778,-1.8016386,-1.4709382,-0.58277857,-0.7328546,-0.3511318,0
-4.6717119,-1.4361384,2.3051188,-0.60665244,0.10485673,0.78802156,0
-2.2869384,4.3400812,3.2710671,-0.54068667,0.67225707,-0.5056963,0
-2.4442861,-1.79916,4.0681906,-0.60665244,0.10485673,0.78802156,0
-4.1167049,-3.1287236,0.54687643,-0.58277857,-0.7328546,-0.3511318,0
-0.68578935,2.4374959,4.8582144,-0.60665244,0.10485673,0.78802156,0
2.5525274,0.058023453,2.2916718,0.54068667,-0.67225707,0.5056963,0
-1.9491904,4.6532788,3.5907545,-0.60665244,0.10485673,0.78802156,0
3.7381384,-0.84772873,-2.7199247,0.60665244,-0.10485673,-0.78802156,0
-3.5056634,-0.20258498,-1.464762,-0.54068667,0.67225707,-0.5056963,0
-4.5608125,-1.9279182,-1.2222576,-0.58277857,-0.7328546,-0.3511318,0
3.6348422,-2.4291236,-2.5890214,0.60665244,-0.10485673,-0.78802156,0
3.0361807,-1.8011849,-3.1334517,0.60665244,-0.10485673,-0.78802156,0
-1.6337371,-3.3568957,-3.0979199,-0.58277857,-0.7328546,-0.3511318,0
-2.7762704,-3.7702785,-0.33885908,-0.58277857,-0.7328546,-0.3511318,0
-5.1595778,-2.1702638,0.27732635,-0.58277857,-0.7328546,-0.3511318,0
-0.35091591,-4.3636999,-3.1257153,-0.58277857,-0.7328546,-0.3511318,0
2.2170002,-3.2362924,-3.573132,0.60665244,-0.10485673,-0.78802156,0
-3.076488,1.9600664,0.95132911,-0.54068667,0.67225707,-0.5056963,0
-4.4847717,-2.5511389,2.5973992,-0.60665244,0.10485673,0.78802156,0
1.2067616,4.3561831,1.7209425,0.58277857,0.7328546,0.3511318,0
-1.0842161,4.0601487,1.6129913,-0.54068667,0.67225707,-0.5056963,0
6.1136065,1.4492886,-0.35597968,0.58277857,0.7328546,0.3511318,0
-2.6534801,-1.3347266,3.8453455,-0.60665244,0.10485673,0.78802156,0
-0.78416204,4.3888979,4.5228229,-0.60665244,0.10485673,0.78802156,0
-4.5272336,-2.0140564,-1.0982087,-0.58277857,-0.7328546,-0.3511318,0
0.26686716,-3.5878732,-5.0276451,0.60665244,-0.10485673,-0.78802156,0
2.2161982,-3.964503,-2.6961501,0.54068667,-0.67225707,0.5056963,0
3.7196965,1.7451224,2.9997885,0.58277857,0.7328546,0.3511318,0
-2.1772046,1.1351261,-1.1068281,-0.54068667,0.67225707,-0.5056963,0
2.2965224,1.9892592,4.8523083,0.58277857,0.7328546,0.3511318,0
-5.4866581,-1.9635961,0.38884664,-0.58277857,-0.7328546,-0.3511318,0
3.7757041,0.62820888,1.741847,0.54068667,-0.67225707,0.5056963,0
-4.53578,-2.7635589,2.5863955,-0.60665244,0.10485673,0.78802156,0
-0.087528706,4.633379,3.290554,0.58277857,0.7328546,0.3511318,0
-3.4899769,-3.1908402,-0.36366796,-0.58277857,-0.7328546,-0.3511318,0
2.8331575,4.6575184,-1.6073346,0.58277857,0.7328546,0.3511318,0
1.4728093,-5.0718832,-3.3734407,0.54068667,-0.67225707,0.5056963,0
-1.2417665,-0.2894845,4.7930598,-0.60665244,0.10485673,0.78802156,0
-4.1494484,-0.49092031,-1.1597351,-0.54068667,0.67225707,-0.5056963,0
-2.9228063,-1.9745314,-3.843595,-0.58277857,-0.7328546,-0.3511318,0
-1.2203233,4.0611033,1.7597852,-0.54068667,0.67225707,-0.5056963,0
2.4989541,-3.7832778,-3.2832882,0.60665244,-0.10485673,-0.78802156,0
-0.32918599,2.1265168,-1.764792,-0.54068667,0.67225707,-0.5056963,0
4.9862952,2.6895504,-1.0735414,0.58277857,0.7328546,0.3511318,0
-5.634882,-1.1996676,1.5321639,-0.60665244,0.10485673,0.78802156,0
2.2853796,-2.2831907,-3.6473141,0.60665244,-0.10485673,-0.78802156,0
-4.2555842,-3.4032807,1.3504112,-0.58277857,-0.7328546,-0.3511318,0
-3.2778294,-3.2522223,-0.58766031,-0.58277857,-0.7328546,-0.3511318,0
-2.7925224,-0.70317435,-2.892715,-0.54068667,0.67225707,-0.5056963,0
0.57026482,-1.64662,2.1449919,0.54068667,-0.67225707,0.5056963,0
-4.9138894,0.17277586,1.9045928,-0.60665244,0.10485673,0.78802156,0
-4.69384,0.59664118,2.0175953,-0.60665244,0.10485673,0.78802156,0
-1.6891181,3.3579583,1.3262784,-0.54068667,0.67225707,-0.5056963,0
3.7530417,2.4146161,-3.1425495,0.60665244,-0.10485673,-0.78802156,0
2.3040702,3.6715627,1.3286099,0.58277857,0.7328546,0.3511318,0
4.2660732,3.1914897,-2.8509696,0.60665244,-0.10485673,-0.78802156,0
-2.5089257,4.0587883,3.1344714,-0.54068667,0.67225707,-0.5056963,0
4.0547104,2.8243585,0.19126415,0.58277857,0.7328546,0.3511318,0
5.1196661,0.28404188,-0.15263176,0.54068667,-0.67225707,0.5056963,0
0.39686561,1.2199337,-3.7462645,-0.54068667,0.67225707,-0.5056963,0
2.9404373,-2.8211269,-3.0714426,0.60665244,-0.10485673,-0.78802156,0
-2.2091281,-3.1313503,3.1429439,0.54068667,-0.67225707,0.5056963,0
-6.0729685,-1.2726843,-0.080061197,-0.58277857,-0.7328546,-0.3511318,0
2.7214143,-0.18933749,1.7822654,0.54068667,-0.67225707,0.5056963,0
0.043070674,-3.4490304,0.31259465,0.54068667,-0.67225707,0.5056963,0
-4.4686151,-1.5599384,-2.143297,-0.58277857,-0.7328546,-0.3511318,0
-1.3364582,-2.1277895,-6.1566095,-0.58277857,-0.7328546,-0.3511318,0
1.5139761,2.7875149,4.4850559,0.58277857,0.7328546,0.3511318,0
3.0415506,-2.7056727,-1.9051609,0.54068667,-0.67225707,0.5056963,0
3.0018415,4.4345856e-05,-3.399565,0.60665244,-0.10485673,-0.78802156,0
2.6615028,-0.59325385,1.3093685,0.54068667,-0.67225707,0.5056963,0
-2.6918652,1.247389,3.4722104,-0.60665244,0.10485673,0.78802156,0
3.5225716,-2.1099589,-2.7179213,0.60665244,-0.10485673,-0.78802156,0
4.493145,0.93224311,1.3789387,0.54068667,-0.67225707,0.5056963,0
-2.8614688,-0.61153114,3.5889964,-0.60665244,0.10485673,0.78802156,0
-1.2962971,-2.0777283,-6.3197575,-0.54068667,0.67225707,-0.5056963,0
-1.7810894,-4.8134589,0.18666792,-0.58277857,-0.7328546,-0.3511318,0
-0.73140192,4.889513,3.8246183,0.58277857,0.7328546,0.3511318,0
-5.0515413,-1.5863407,-1.1207018,-0.58277857,-0.7328546,-0.3511318,0
1.9608502,-2.0444143,0.12937295,0.54068667,-0.67225707,0.5056963,0
1.745208,4.5893707,0.34058475,0.58277857,0.7328546,0.3511318,0
1.6109831,0.93913722,-4.5952659,0.60665244,-0.10485673,-0.78802156,0
1.4325392,-0.85596275,2.2741301,0.54068667,-0.67225707,0.5056963,0
-2.5142071,-2.0416937,-4.381577,-0.58277857,-0.7328546,-0.3511318,0
-0.55603391,-2.8157716,1.7949876,0.54068667,-0.67225707,0.5056963,0
2.309463,-2.3813729,-3.6157086,0.60665244,-0.10485673,-0.78802156,0
-5.9830074,-1.5741895,0.39990568,-0.58277857,-0.7328546,-0.3511318,0
0.2728107,3.9208443,-0.023118496,-0.54068667,0.67225707,-0.5056963,0
-2.1731339,-3.202091,-2.5257721,-0.58277857,-0.7328546,-0.3511318,0
-0.96573353,3.7253497,4.4713354,-0.60665244,0.10485673,0.78802156,0
2.1596975,-1.3248932,-3.8715827,0.60665244,-0.10485673,-0.78802156,0
-5.0432458,0.80127859,1.5137156,-0.54068667,0.67225707,-0.5056963,0
-1.2015324,-2.4138579,-5.7834911,-0.58277857,-0.7328546,-0.3511318,0
-4.7192335,-1.6147085,2.2922955,-0.60665244,0.10485673,0.78802156,0
0.28645182,0.86072683,5.7816319,0.54068667,-0.67225707,0.5056963,0
-3.4105263,-4.2903728,1.7993245,-0.58277857,-0.7328546,-0.3511318,0
-2.0870349,-4.6127834,1.0430312,0.54068667,-0.67225707,0.5056963,0
-2.5637047,0.98933613,3.6052113,-0.60665244,0.10485673,0.78802156,0
2.2689047,4.3800778,-1.5468364,-0.54068667,0.67225707,-0.5056963,0
-5.2088523,-2.5720742,1.1977346,-0.58277857,-0.7328546,-0.3511318,0
6.1983204,1.4533191,-0.50499368,0.58277857,0.7328546,0.3511318,0
-3.9064288,-3.8627818,3.2171631,-0.60665244,0.10485673,0.78802156,0
-5.0800304,-1.7939615,2.0383911,-0.60665244,0.10485673,0.78802156,0
2.9564452,1.4224238,-3.6237793,0.60665244,-0.10485673,-0.78802156,0
-4.7806215,-2.4535897,0.23970318,-0.58277857,-0.7328546,-0.3511318,0
-1.9065645,-0.54819942,4.3156953,-0.60665244,0.10485673,0.78802156,0
-2.4739583,-3.4310579,3.0276759,0.54068667,-0.67225707,0.5056963,0
2.622056,-0.21848154,1.8497553,0.54068667,-0.67225707,0.5056963,0
4.1762614,4.1154871,-3.0430603,0.60665244,-0.10485673,-0.78802156,0
3.8240168,3.5829401,-3.2433708,0.60665244,-0.10485673,-0.78802156,0
-0.52682853,5.0472031,2.3291969,-0.54068667,0.67225707,-0.5056963,0
0.89308023,-5.2210069,-3.4010916,-0.58277857,-0.7328546,-0.3511318,0
1.3403318,3.9460859,2.3551788,0.58277857,0.7328546,0.3511318,0
0.052268982,0.57871389,-4.2302423,-0.54068667,0.67225707,-0.5056963,0
-4.9954171,-0.64503735,1.9506502,-0.60665244,0.10485673,0.78802156,0
3.0128992,-2.186676,-3.1000805,0.60665244,-0.10485673,-0.78802156,0
-3.3665552,-3.7828548,0.66709328,-0.58277857,-0.7328546,-0.3511318,0
4.6395125,0.7039398,-2.2324784,0.60665244,-0.10485673,-0.78802156,0
-0.14158991,2.8229384,-1.0395665,-0.54068667,0.67225707,-0.5056963,0
-2.9781747,-3.0153122,-1.579463,-0.58277857,-0.7328546,-0.3511318,0
2.3346395,-2.7910256,-1.2628016,0.54068667,-0.67225707,0.5056963,0
-4.1727381,1.6862289,2.2737782,-0.60665244,0.10485673,0.78802156,0
-4.7462339,-0.60102963,-0.66803336,-0.54068667,0.67225707,-0.5056963,0
-0.85993409,-3.1702571,1.6486738,0.54068667,-0.67225707,0.5056963,0
-2.5318062,-1.8164926,-4.6514816,-0.54068667,0.67225707,-0.5056963,0
-2.8242481,-0.31252146,-2.3394718,-0.54068667,0.67225707,-0.5056963,0
5.1869507,0.96991539,0.68720722,0.54068667,-0.67225707,0.5056963,0
2.4455383,-3.2611742,-3.3938825,0.60665244,-0.10485673,-0.78802156,0
3.0758176,1.8763394,-3.5922809,0.60665244,-0.10485673,-0.78802156,0
-2.242048,-0.12261581,-2.7095008,-0.54068667,0.67225707,-0.5056963,0
-4.2810316,1.5959476,2.2024221,-0.60665244,0.10485673,0.78802156,0
-1.75414,0.89980125,-1.8719997,-0.54068667,0.67225707,-0.5056963,0
2.1442223,-4.4516048,-3.4674463,0.60665244,-0.10485673,-0.78802156,0
4.4703884,0.079461098,0.2696079,0.54068667,-0.67225707,0.5056963,0
-3.1035304,-4.520823,1.7707763,-0.58277857,-0.7328546,-0.3511318,0
-1.7376255,1.9767048,-0.45805359,-0.54068667,0.67225707,-0.5056963,0
-1.5817931,3.6140723,1.5519969,-0.54068667,0.67225707,-0.5056963,0
-0.013485432,2.2460079,5.4012623,-0.60665244,0.10485673,0.78802156,0
2.2715564,-0.52126122,1.8220006,0.54068667,-0.67225707,0.5056963,0
-4.6835165,-2.5008988,2.4377112,-0.60665244,0.10485673,0.78802156,0
1.5465248,2.1611304,5.7383728,0.58277857,0.7328546,0.3511318,0
-0.23305583,-1.3484344,3.4002953,0.54068667,-0.67225707,0.5056963,0
-0.66671014,-3.554661,-4.2901492,-0.58277857,-0.7328546,-0.3511318,0
-1.6167159,2.3836768,4.1487083,-0.60665244,0.10485673,0.78802156,0
3.670414,-0.81688803,-2.7761657,0.60665244,-0.10485673,-0.78802156,0
-5.7352757,-0.090754747,1.0677867,-0.54068667,0.67225707,-0.5056963,0
-1.1033747,4.9950585,2.8763161,-0.54068667,0.67225707,-0.5056963,0
-4.1644921,-0.04884243,-0.55596602,-0.54068667,0.67225707,-0.5056963,0
-5.0271091,-2.2889228,0.30512285,-0.58277857,-0.7328546,-0.3511318,0
-2.4821358,-4.3967271,0.48043537,-0.58277857,-0.7328546,-0.3511318,0
-2.5936873,-4.5992026,1.0881691,-0.58277857,-0.7328546,-0.3511318,0
5.3388376,0.87234163,-1.7165163,0.60665244,-0.10485673,-0.78802156,0
-1.7149088,-2.0723662,-5.6441665,-0.58277857,-0.7328546,-0.3511318,0
3.6953671,-1.6852707,-1.2477255,0.54068667,-0.67225707,0.5056963,0
-2.2379818,4.1549277,3.4347434,-0.60665244,0.10485673,0.78802156,0
3.4365373,2.6692338,-3.4200888,0.60665244,-0.10485673,-0.78802156,0
-1.0358646,0.86904454,4.7974143,-0.60665244,0.10485673,0.78802156,0
1.454522,-2.2811775,0.35598874,0.54068667,-0.67225707,0.5056963,0
-3.8800855,-1.2301196,2.8871329,-0.60665244,0.10485673,0.78802156,0
-2.0831251,-2.177392,-4.8138313,-0.58277857,-0.7328546,-0.3511318,0
-0.33158112,-3.3005216,-5.3767872,-0.58277857,-0.7328546,-0.3511318,0
-1.5696518,4.3401117,2.5041904,-0.54068667,0.67225707,-0.5056963,0
2.3786395,4.3873305,-1.6545229,-0.54068667,0.67225707,-0.5056963,0
5.7305965,1.5125985,0.1475718,0.58277857,0.7328546,0.3511318,0
-2.7599533,-4.5559545,1.838057,0.54068667,-0.67225707,0.5056963,0
4.3575044,4.0258589,-2.8189652,0.58277857,0.7328546,0.3511318,0
-0.10660148,-4.4382296,-0.84238768,0.54068667,-0.67225707,0.5056963,0
2.2050805,0.251333,-4.0463829,0.60665244,-0.10485673,-0.78802156,0
2.5632586,4.511807,-1.6864409,-0.54068667,0.67225707,-0.5056963,0
3.7315009,2.1254656,2.1863739,0.58277857,0.7328546,0.3511318,0
-3.5211895,-4.0852485,1.5548744,-0.58277857,-0.7328546,-0.3511318,0
-2.2884872,-1.5343847,-4.5366096,-0.54068667,0.67225707,-0.5056963,0
1.6529,-1.8113372,-4.1970096,0.60665244,-0.10485673,-0.78802156,0
-3.7010026,0.892986,2.7424917,-0.60665244,0.10485673,0.78802156,0
1.2345312,-2.1022997,-4.4803715,0.60665244,-0.10485673,-0.78802156,0
2.2911494,-3.3326073,-3.5032325,0.60665244,-0.10485673,-0.78802156,0
1.8207387,3.7895908,1.8844638,0.58277857,0.7328546,0.3511318,0
-0.6781432,-2.6305244,2.171808,0.54068667,-0.67225707,0.5056963,0
0.34134793,1.828743,-2.8775728,-0.54068667,0.67225707,-0.5056963,0
-4.0095148,-4.1885018,3.1811445,-0.60665244,0.10485673,0.78802156,0
-5.0432768,-1.8685089,-0.54549932,-0.58277857,-0.7328546,-0.3511318,0
0.52087712,-5.0321102,-3.1775899,-0.58277857,-0.7328546,-0.3511318,0
3.6512847,-0.42790115,-2.8426523,0.60665244,-0.10485673,-0.78802156,0
-3.5728867,-0.66287172,3.0481482,-0.60665244,0.10485673,0.78802156,0
-4.7792273,-1.8526182,-1.0169127,-0.58277857,-0.7328546,-0.3511318,0
-0.97322464,-2.04493,-6.1876297,0.60665244,-0.10485673,-0.78802156,0
4.7351627,3.2668848,-1.8617001,0.58277857,0.7328546,0.3511318,0
1.7518144,-3.0949335,-1.0436556,0.54068667,-0.67225707,0.5056963,0
-5.306911,-2.6398292,1.5018978,-0.58277857,-0.7328546,-0.3511318,0
-1.4545791,2.5667,0.02363658,-0.54068667,0.67225707,-0.5056963,0
3.1339068,2.8799677,1.6034713,0.58277857,0.7328546,0.3511318,0
1.5919039,-1.6157131,1.0937502,0.54068667,-0.67225707,0.5056963,0
1.5337414,4.4969683,0.88441372,0.58277857,0.7328546,0.3511318,0
-4.2695389,0.97163916,0.91294509,-0.54068667,0.67225707,-0.5056963,0
-0.095590591,-2.8641047,-5.402987,0.60665244,-0.10485673,-0.78802156,0
-5.8576121,-2.1204216,1.4832151,-0.60665244,0.10485673,0.78802156,0
-6.1903634,-0.7706399,0.65054512,-0.54068667,0.67225707,-0.5056963,0
1.1852956,3.0145202,4.5567832,0.58277857,0.7328546,0.3511318,0
2.7114189,-3.4037554,-3.1702247,0.60665244,-0.10485673,-0.78802156,0
-0.35053778,4.9830618,2.9972448,0.58277857,0.7328546,0.3511318,0
-3.0387392,-3.609493,-0.23881531,-0.58277857,-0.7328546,-0.3511318,0
1.5687611,3.7048063,-1.6959331,-0.54068667,0.67225707,-0.5056963,0
-2.1601057,-2.0265939,4.3172283,-0.60665244,0.10485673,0.78802156,0
0.81677818,-3.5193615,-0.60814285,0.54068667,-0.67225707,0.5056963,0
-1.069962,-2.3672204,-6.0991988,-0.58277857,-0.7328546,-0.3511318,0
-3.150259,-2.8807123,-1.5747776,-0.58277857,-0.7328546,-0.3511318,0
-1.2410982,-0.35791731,4.80268,-0.60665244,0.10485673,0.78802156,0
2.2224078,-2.3407416,-0.54421091,0.54068667,-0.67225707,0.5056963,0
2.0073264,0.45102048,-4.225194,0.60665244,-0.10485673,-0.78802156,0
1.0202782,-0.36646032,-4.8762884,0.60665244,-0.10485673,-0.78802156,0
3.8449762,1.548351,2.8909907,0.54068667,-0.67225707,0.5056963,0
-0.23710099,-3.0807362,1.101752,0.54068667,-0.67225707,0.5056963,0
2.1912088,-3.3168867,-1.8085105,0.54068667,-0.67225707,0.5056963,0
-3.488471,-2.7084675,-1.3729382,-0.58277857,-0.7328546,-0.3511318,0
3.0242591,-0.75104117,0.71175444,0.54068667,-0.67225707,0.5056963,0
1.6201441,-3.9526424,-2.0430861,0.54068667,-0.67225707,0.5056963,0
0.48936844,3.0984221,5.5367107,0.58277857,0.7328546,0.3511318,0
-2.9670949,2.5522678,1.6216213,-0.54068667,0.67225707,-0.5056963,0
5.3662362,2.3891315,-1.0771241,0.58277857,0.7328546,0.3511318,0
-3.2665551,-0.36319876,-1.9339296,-0.54068667,0.67225707,-0.5056963,0
2.6029096,2.2497864,-4.0060377,0.60665244,-0.10485673,-0.78802156,0
-0.78974873,-3.0209794,1.7720772,0.54068667,-0.67225707,0.5056963,0
-1.1008954,-3.77121,-3.1175613,-0.58277857,-0.7328546,-0.3511318,0
5.5562782,1.3746817,0.72473955,0.58277857,0.7328546,0.3511318,0
1.1918434,-2.7002945,0.07968235,0.54068667,-0.67225707,0.5056963,0
-2.691885,-3.2098646,-1.6485677,-0.58277857,-0.7328546,-0.3511318,0
-1.1148024,-3.5174854,-3.624033,-0.58277857,-0.7328546,-0.3511318,0
0.68837726,-2.4221911,0.98768711,0.54068667,-0.67225707,0.5056963,0
-1.0827529,-3.6864502,-3.3245769,-0.58277857,-0.7328546,-0.3511318,0
-5.2430382,-2.9055414,2.0608103,-0.60665244,0.10485673,0.78802156,0
0.76396227,1.7744722,6.0625191,-0.60665244,0.10485673,0.78802156,0
-2.4715321,1.5106022,3.6068084,-0.60665244,0.10485673,0.78802156,0
0.84130734,4.0098071,-0.51268625,-0.54068667,0.67225707,-0.5056963,0
-1.3939691,-4.4625444,0.5017333,0.54068667,-0.67225707,0.5056963,0
3.3903675,3.0525851,0.81754684,0.58277857,0.7328546,0.3511318,0
-1.2152791,4.6331968,4.1584234,-0.60665244,0.10485673,0.78802156,0
-3.0001881,-0.4526372,-2.3376245,-0.54068667,0.67225707,-0.5056963,0
-1.6127739,1.5688879,4.2601614,-0.60665244,0.10485673,0.78802156,0
-1.8104551,4.9744215,3.6048865,-0.54068667,0.67225707,-0.5056963,0
0.79161406,3.3143542,4.584393,0.58277857,0.7328546,0.3511318,0
-4.2956772,1.6206093,2.1878657,-0.60665244,0.10485673,0.78802156,0
-2.29772,-4.4653296,1.4643149,0.54068667,-0.67225707,0.5056963,0
1.1593542,3.5213966,3.5419269,0.58277857,0.7328546,0.3511318,0
-2.169579,-1.3607554,-4.4329286,-0.54068667,0.67225707,-0.5056963,0
1.5327427,3.3541715,3.2712264,0.58277857,0.7328546,0.3511318,0
-0.10078526,-3.0189114,1.0381923,0.54068667,-0.67225707,0.5056963,0
-2.4191575,3.7638941,3.3472981,-0.60665244,0.10485673,0.78802156,0
1.6473379,2.6992064,4.4480233,0.58277857,0.7328546,0.3511318,0
2.2506607,-3.8576479,-2.5909467,0.54068667,-0.67225707,0.5056963,0
2.0151103,2.2949634,4.6813307,0.58277857,0.7328546,0.3511318,0
-5.0211306,-2.2105515,2.1391673,-0.60665244,0.10485673,0.78802156,0
4.6751976,0.066044092,0.032790542,0.54068667,-0.67225707,0.5056963,0
-2.5792913,-3.0668643,-2.1338997,-0.58277857,-0.7328546,-0.3511318,0
4.2297859,1.9216937,-2.7099419,0.60665244,-0.10485673,-0.78802156,0
1.0503373,3.705111,3.3394279,0.58277857,0.7328546,0.3511318,0
-4.5506577,-2.3885012,2.5250359,-0.60665244,0.10485673,0.78802156,0
1.2065578,-5.2953491,-3.766212,-0.58277857,-0.7328546,-0.3511318,0
1.4505956,0.91559219,4.6098747,0.54068667,-0.67225707,0.5056963,0
1.9938552,4.2895517,-1.3730979,-0.54068667,0.67225707,-0.5056963,0
0.9060688,4.2474804,2.4468842,0.58277857,0.7328546,0.3511318,0
-4.0318732,-1.1226714,2.7559829,-0.60665244,0.10485673,0.78802156,0
-3.6996129,0.93683821,2.7377264,-0.60665244,0.10485673,0.78802156,0
5.9521503,0.48626304,-0.77389109,0.54068667,-0.67225707,0.5056963,0
1.7227697,0.38532424,-4.4355154,0.60665244,-0.10485673,-0.78802156,0
