-0.86861569,-0.18732357,-4.4147673,0.2324819,0.61744118,-0.7514776,0
2.6479695,-0.53438079,-3.612009,0.2324819,0.61744118,-0.7514776,0
4.3693938,-1.3887348,-1.1447847,0.8704716,0.21257138,0.44395101,0
3.5175614,1.4251281,-0.82189053,0.8704716,0.21257138,0.44395101,0
1.2595016,-0.30009854,-3.8490596,0.2324819,0.61744118,-0.7514776,0
3.9182339,-0.9870804,-3.5909867,0.2324819,0.61744118,-0.7514776,0
0.99944305,4.3022413,2.7378681,0.8704716,0.21257138,0.44395101,0
1.0777488,5.7637868,1.0770202,0.2324819,0.61744118,-0.7514776,0
3.2333477,-0.4369905,-3.3508935,0.2324819,0.61744118,-0.7514776,0
-3.5930107,3.228756,1.0159893,-0.43385637,0.75735044,0.48804605,0
-2.9651566,4.3837457,-0.21818471,-0.43385637,0.75735044,0.48804605,0
4.2014055,-1.3012382,-3.4662712,0.43385637,-0.75735044,-0.48804605,0
-4.5285974,1.1358048,3.4321289,-0.43385637,0.75735044,0.48804605,0
-2.5623853,2.9886045,-2.3293052,0.2324819,0.61744118,-0.7514776,0
-2.4288259,-2.5347247,-0.78154016,-0.8704716,-0.21257138,-0.44395101,0
2.2192683,1.2053881,1.8289369,0.8704716,0.21257138,0.44395101,0
0.040518284,5.3274589,0.98930264,-0.43385637,0.75735044,0.48804605,0
-0.15793669,0.02676034,-4.0190082,0.2324819,0.61744118,-0.7514776,0
2.7437131,2.4715328,0.19438601,0.8704716,0.21257138,0.44395101,0
3.75562,-3.0015125,-1.224072,0.43385637,-0.75735044,-0.48804605,0
5.0519547,-1.2056246,-2.5707836,0.8704716,0.21257138,0.44395101,0
-1.6105833,5.0074821,-0.37606645,0.2324819,0.61744118,-0.7514776,0
-2.1205535,1.6086848,4.6578612,-0.2324819,-0.61744118,0.7514776,0
-4.4152384,2.2629011,1.7838719,-0.43385637,0.75735044,0.48804605,0
1.058918,-0.61308467,-4.1682739,0.2324819,0.61744118,-0.7514776,0
0.76633263,-4.6397495,-1.3392277,0.43385637,-0.75735044,-0.48804605,0
-2.5525723,-1.697847,1.8074425,-0.2324819,-0.61744118,0.7514776,0
0.56007171,-2.3414123,2.2416131,-0.2324819,-0.61744118,0.7514776,0
-1.0610002,-1.0945592,-4.1530643,-0.8704716,-0.21257138,-0.44395101,0
-0.29454041,3.3488042,-1.3317568,0.2324819,0.61744118,-0.7514776,0
1.4700975,-0.37499809,4.0545807,0.8704716,0.21257138,0.44395101,0
-0.68710524,3.0088935,3.9404233,-0.43385637,0.75735044,0.48804605,0
-2.4829507,-1.4528414,2.0302866,-0.2324819,-0.61744118,0.7514776,0
-4.9156971,0.90592456,2.44712,-0.8704716,-0.21257138,-0.44395101,0
0.86630607,-4.7505789,-1.0783701,0.43385637,-0.75735044,-0.48804605,0
-2.6854353,0.32238156,3.4262323,-0.2324819,-0.61744118,0.7514776,0
-2.4513044,3.8352275,1.0898039,-0.43385637,0.75735044,0.48804605,0
0.076991394,-2.4063799,-5.4177747,0.43385637,-0.75735044,-0.48804605,0
-3.7400622,2.9598773,1.3025119,-0.43385637,0.75735044,0.48804605,0
3.3453526,0.24942875,0.078710586,0.8704716,0.21257138,0.44395101,0
-1.1440104,0.42786241,-3.9945064,0.2324819,0.61744118,-0.7514776,0
1.2951837,3.2727637,-0.90242779,0.2324819,0.61744118,-0.7514776,0
-2.2394879,-0.93029594,-1.9210112,-0.8704716,-0.21257138,-0.44395101,0
2.3177376,-2.1635025,-3.8027256,0.43385637,-0.75735044,-0.48804605,0
-3.6225739,1.5105789,3.6559782,-0.43385637,0.75735044,0.48804605,0
2.7795806,-3.4003038,-1.4728923,0.43385637,-0.75735044,-0.48804605,0
-1.1070616,5.2140603,-0.050561428,0.2324819,0.61744118,-0.7514776,0
1.1589093,5.2538881,0.68317747,0.2324819,0.61744118,-0.7514776,0
-2.0801029,2.0590687,4.1760349,-0.43385637,0.75735044,0.48804605,0
0.11616051,3.426017,4.007206,-0.43385637,0.75735044,0.48804605,0
3.5137968,-1.2543094,-3.9356709,0.2324819,0.61744118,-0.7514776,0
-1.1536446,-0.64057994,-4.1887865,-0.8704716,-0.21257138,-0.44395101,0
1.5966036,3.6596727,1.874666,0.8704716,0.21257138,0.44395101,0
0.69952047,-0.14296246,4.0910797,-0.2324819,-0.61744118,0.7514776,0
0.079155207,3.5138836,-1.0805129,0.2324819,0.61744118,-0.7514776,0
-1.470764,-3.1845684,-2.3488922,-0.8704716,-0.21257138,-0.44395101,0
0.74770761,-4.6529846,-1.3352468,0.43385637,-0.75735044,-0.48804605,0
0.87413311,-3.1183577,-3.604295,0.43385637,-0.75735044,-0.48804605,0
1.4575334,4.8242378,0.42254567,0.2324819,0.61744118,-0.7514776,0
1.2051628,-3.6115029,1.39763,-0.2324819,-0.61744118,0.7514776,0
2.4106309,-1.6914763,-4.4526372,0.43385637,-0.75735044,-0.48804605,0
-1.0423622,5.2412581,0.16042566,-0.43385637,0.75735044,0.48804605,0
-1.0714748,-2.4370077,-3.4897394,-0.8704716,-0.21257138,-0.44395101,0
-1.3378654,-1.4108493,-3.4587586,-0.8704716,-0.21257138,-0.44395101,0
1.6117821,1.4576764,2.8992581,0.8704716,0.21257138,0.44395101,0
-0.86631298,-2.6769514,-3.7771182,-0.8704716,-0.21257138,-0.44395101,0
0.98897028,-2.7686868,2.0232353,-0.2324819,-0.61744118,0.7514776,0
-3.5022063,4.6607056,-1.2461948,0.2324819,0.61744118,-0.7514776,0
-0.98639548,-3.5434675,-3.1267648,-0.8704716,-0.21257138,-0.44395101,0
2.8338826,0.016997099,1.1928624,0.8704716,0.21257138,0.44395101,0
-0.3367393,-2.4905376,1.8416431,-0.2324819,-0.61744118,0.7514776,0
0.87783992,1.0059841,-2.8940082,0.2324819,0.61744118,-0.7514776,0
1.0259447,5.400291,1.7522922,-0.43385637,0.75735044,0.48804605,0
-4.302094,-0.55030608,1.9412735,-0.8704716,-0.21257138,-0.44395101,0
0.28044635,-1.2355182,-4.9205208,0.2324819,0.61744118,-0.7514776,0
-3.5051978,2.8070915,1.7483917,-0.43385637,0.75735044,0.48804605,0
-1.4406888,-4.667357,-1.6978762,-0.8704716,-0.21257138,-0.44395101,0
4.5637779,-2.5209169,-1.2514354,0.43385637,-0.75735044,-0.48804605,0
-2.3349645,0.24345541,-2.2958186,-0.8704716,-0.21257138,-0.44395101,0
-0.18702412,-3.1611459,-4.4812293,0.43385637,-0.75735044,-0.48804605,0
-2.9317102,-2.6191726,0.93315554,-0.2324819,-0.61744118,0.7514776,0
4.7669497,-1.8412521,-1.707613,0.8704716,0.21257138,0.44395101,0
1.6444528,4.921412,1.1767027,0.8704716,0.21257138,0.44395101,0
-1.3082296,1.3566843,4.7021136,-0.2324819,-0.61744118,0.7514776,0
-4.0759416,-0.35129106,2.4425426,-0.2324819,-0.61744118,0.7514776,0
3.0020077,-3.9777112,-0.37914181,0.43385637,-0.75735044,-0.48804605,0
3.2385058,0.75602269,0.045643687,0.8704716,0.21257138,0.44395101,0
0.67878938,3.8254154,3.5948977,0.8704716,0.21257138,0.44395101,0
1.2745049,3.5957561,-0.64344239,0.2324819,0.61744118,-0.7514776,0
1.7463311,-1.7608969,3.0855744,-0.2324819,-0.61744118,0.7514776,0
-2.3599734,-1.9629591,-1.190313,-0.8704716,-0.21257138,-0.44395101,0
3.5543756,-3.8505182,1.6319978,0.8704716,0.21257138,0.44395101,0
3.2614331,-4.646697,1.1832178,-0.2324819,-0.61744118,0.7514776,0
1.6074835,-2.7677615,2.2153432,-0.2324819,-0.61744118,0.7514776,0
4.0164623,0.58664715,-2.2675662,0.2324819,0.61744118,-0.7514776,0
-2.5227706,1.7325873,4.2891526,-0.43385637,0.75735044,0.48804605,0
4.2635055,-0.39140034,-1.4147063,0.8704716,0.21257138,0.44395101,0
2.2109418,2.2300365,1.3546445,0.8704716,0.21257138,0.44395101,0
-4.1215615,2.051687,0.34141672,-0.8704716,-0.21257138,-0.44395101,0
-3.8794434,4.2171745,-0.77246881,-0.43385637,0.75735044,0.48804605,0
-1.4312809,2.6029742,3.9087827,-0.43385637,0.75735044,0.48804605,0
-2.7236862,-3.2855408,0.15610695,-0.8704716,-0.21257138,-0.44395101,0
-2.5197508,-2.5521905,1.1156365,-0.2324819,-0.61744118,0.7514776,0
-0.52694201,2.8596268,-1.8055803,0.2324819,0.61744118,-0.7514776,0
-3.8310685,0.11758256,0.69791919,-0.8704716,-0.21257138,-0.44395101,0
1.8737714,3.4181187,1.446872,0.8704716,0.21257138,0.44395101,0
-0.70630741,-1.2494285,2.7470515,-0.2324819,-0.61744118,0.7514776,0
-0.43248987,3.9601984,2.690531,-0.43385637,0.75735044,0.48804605,0
0.94724613,-3.1548374,-3.4826908,0.43385637,-0.75735044,-0.48804605,0
2.1011281,1.2150068,2.0559738,0.8704716,0.21257138,0.44395101,0
-3.4460244,3.6643152,0.47075391,-0.43385637,0.75735044,0.48804605,0
-4.1687584,2.2084649,2.0874581,-0.43385637,0.75735044,0.48804605,0
0.97911042,0.52241707,4.5875807,0.8704716,0.21257138,0.44395101,0
-1.6994132,-0.720186,-3.0805602,-0.8704716,-0.21257138,-0.44395101,0
-1.2972983,2.3792565,-2.4385922,0.2324819,0.61744118,-0.7514776,0
-1.9123099,1.9229538,4.5364208,-0.43385637,0.75735044,0.48804605,0
-3.1704555,4.1673856,-0.064939976,-0.43385637,0.75735044,0.48804605,0
3.4745908,0.71177101,-0.39606887,0.8704716,0.21257138,0.44395101,0
1.9355166,-4.9453011,0.52767992,-0.2324819,-0.61744118,0.7514776,0
-2.364778,-2.5073037,1.200461,-0.2324819,-0.61744118,0.7514776,0
-1.5323801,-3.7407367,-1.9617758,-0.8704716,-0.21257138,-0.44395101,0
2.2016864,-1.1895204,3.0101342,0.8704716,0.21257138,0.44395101,0
2.3409922,-0.52529955,2.418952,0.8704716,0.21257138,0.44395101,0
-1.031684,-1.25459,-4.1339202,-0.8704716,-0.21257138,-0.44395101,0
4.033217,-4.1048336,0.81488585,0.8704716,0.21257138,0.44395101,0
-1.3851089,-4.9435725,-1.6745987,-0.8704716,-0.21257138,-0.44395101,0
-3.4602971,3.5372601,-1.6664673,-0.8704716,-0.21257138,-0.44395101,0
1.8295743,0.82270145,2.776262,0.8704716,0.21257138,0.44395101,0
-3.9370751,4.2702975,-0.90613818,-0.43385637,0.75735044,0.48804605,0
0.93911988,1.86833,4.0215445,0.8704716,0.21257138,0.44395101,0
-1.6436486,-4.4022641,-1.4268575,-0.8704716,-0.21257138,-0.44395101,0
4.0346794,-1.4385096,-3.4014678,0.43385637,-0.75735044,-0.48804605,0
-0.91730666,-2.2868512,1.8293915,-0.2324819,-0.61744118,0.7514776,0
-0.25223923,5.399951,0.61655712,-0.43385637,0.75735044,0.48804605,0
-0.14697409,1.1135769,-3.1226487,0.2324819,0.61744118,-0.7514776,0
1.1484498,-0.78929472,3.6989133,-0.2324819,-0.61744118,0.7514776,0
-2.5207014,-2.161973,1.4359598,-0.2324819,-0.61744118,0.7514776,0
-0.058567762,4.1950865,-0.56341887,0.2324819,0.61744118,-0.7514776,0
-3.7185757,0.30031729,0.38985354,-0.8704716,-0.21257138,-0.44395101,0
-1.3790214,1.4825664,4.7836418,-0.2324819,-0.61744118,0.7514776,0
4.2785769,-2.10903,-2.1441364,0.43385637,-0.75735044,-0.48804605,0
2.1490123,-4.6772032,0.81400752,-0.2324819,-0.61744118,0.7514776,0
1.1096139,2.9296274,-1.2417697,0.2324819,0.61744118,-0.7514776,0
-2.8137646,-1.6356969,1.7777032,-0.2324819,-0.61744118,0.7514776,0
3.4504669,-0.44541001,0.20531034,0.8704716,0.21257138,0.44395101,0
2.1834385,1.3992084,-2.1670125,0.2324819,0.61744118,-0.7514776,0
-1.1252775,2.2167215,4.7801962,-0.43385637,0.75735044,0.48804605,0
1.6110314,-2.6446142,-3.6843729,0.43385637,-0.75735044,-0.48804605,0
-5.0776577,0.8998394,2.7675951,-0.8704716,-0.21257138,-0.44395101,0
1.0921607,-3.2476511,1.661625,-0.2324819,-0.61744118,0.7514776,0
-0.63458323,-4.2143078,-3.2447953,0.43385637,-0.75735044,-0.48804605,0
0.56213212,0.072348118,-3.7587864,0.2324819,0.61744118,-0.7514776,0
-3.4889424,-1.2106807,0.6630953,-0.8704716,-0.21257138,-0.44395101,0
-2.9629691,-2.6558704,0.32378101,-0.8704716,-0.21257138,-0.44395101,0
-4.8584666,1.9756515,1.8356112,-0.43385637,0.75735044,0.48804605,0
-0.2710495,5.2666368,0.8067131,-0.43385637,0.75735044,0.48804605,0
2.6025262,-1.4679234,2.3574975,0.8704716,0.21257138,0.44395101,0
4.4341865,-1.4697093,-2.9979038,0.43385637,-0.75735044,-0.48804605,0
-1.4129657,-2.9577613,-2.5708184,-0.8704716,-0.21257138,-0.44395101,0
2.9149959,1.6755431,0.23967898,0.8704716,0.21257138,0.44395101,0
0.23681314,-2.1501148,-5.6733718,0.43385637,-0.75735044,-0.48804605,0
-2.9683566,2.6696653,2.4388831,-0.43385637,0.75735044,0.48804605,0
-3.2609181,-0.04811275,2.9437857,-0.2324819,-0.61744118,0.7514776,0
1.5096633,4.3132319,1.7321973,0.8704716,0.21257138,0.44395101,0
1.0732634,-3.9895854,1.0461788,-0.2324819,-0.61744118,0.7514776,0
-0.087123394,3.3198504,3.9912436,-0.43385637,0.75735044,0.48804605,0
3.7991824,-0.43191648,-0.4848901,0.8704716,0.21257138,0.44395101,0
3.5273914,-0.17396963,-3.0438187,0.2324819,0.61744118,-0.7514776,0
1.2336973,-3.8918653,-2.0843253,0.43385637,-0.75735044,-0.48804605,0
-2.0034809,-1.2835565,-2.2146111,-0.8704716,-0.21257138,-0.44395101,0
-1.3481187,0.3191061,-4.1470079,0.2324819,0.61744118,-0.7514776,0
0.65200806,-4.0753179,-2.3167446,0.43385637,-0.75735044,-0.48804605,0
2.9963846,2.2442608,-1.2211885,0.2324819,0.61744118,-0.7514776,0
-1.8857057,-2.7733409,-1.7322028,-0.8704716,-0.21257138,-0.44395101,0
0.83700246,-0.14260006,4.1339097,-0.2324819,-0.61744118,0.7514776,0
-0.33108807,-5.5685024,-0.68557596,-0.2324819,-0.61744118,0.7514776,0
-2.860827,1.6849089,-1.9549332,-0.8704716,-0.21257138,-0.44395101,0
-4.5690308,0.92286348,1.759287,-0.8704716,-0.21257138,-0.44395101,0
-1.532397,-1.180547,-3.1876059,-0.8704716,-0.21257138,-0.44395101,0
1.0562629,2.8549209,3.3194609,0.8704716,0.21257138,0.44395101,0
0.25534725,-3.3749583,-3.7561815,0.43385637,-0.75735044,-0.48804605,0
-1.3589623,-3.9057879,0.36258101,-0.2324819,-0.61744118,0.7514776,0
-0.88298178,4.1401134,2.0108669,-0.43385637,0.75735044,0.48804605,0
-3.6589534,-0.13503766,0.48140526,-0.8704716,-0.21257138,-0.44395101,0
0.98357898,-2.5943816,-4.3201084,0.43385637,-0.75735044,-0.48804605,0
2.3713956,1.1159472,1.5734811,0.8704716,0.21257138,0.44395101,0
0.81024218,-2.4762931,2.2081845,-0.2324819,-0.61744118,0.7514776,0
-0.2295301,-1.1950045,2.9392672,-0.2324819,-0.61744118,0.7514776,0
3.521549,-0.5840404,0.13231555,0.8704716,0.21257138,0.44395101,0
0.69496679,-4.1372538,-2.1824441,0.43385637,-0.75735044,-0.48804605,0
-1.9071785,-1.512553,-2.293788,-0.8704716,-0.21257138,-0.44395101,0
4.1158705,-0.040241957,-2.7518876,0.2324819,0.61744118,-0.7514776,0
0.19951487,3.9758196,-0.66373444,0.2324819,0.61744118,-0.7514776,0
-1.4617333,-4.9231186,-1.5341504,-0.8704716,-0.21257138,-0.44395101,0
-0.33206421,1.2297857,4.8998418,-0.2324819,-0.61744118,0.7514776,0
-0.60010755,0.71847343,-3.5874639,0.2324819,0.61744118,-0.7514776,0
-2.9744904,3.2332804,1.5588117,-0.43385637,0.75735044,0.48804605,0
0.37359169,-1.6469777,-5.229775,0.2324819,0.61744118,-0.7514776,0
2.0412979,3.1095655,-0.80569446,0.2324819,0.61744118,-0.7514776,0
-2.3660369,4.9431801,-0.66261077,0.2324819,0.61744118,-0.7514776,0
0.92632651,-1.0530598,3.4134765,-0.2324819,-0.61744118,0.7514776,0
1.0398667,-3.8193278,-2.3691969,0.43385637,-0.75735044,-0.48804605,0
-1.4783697,-5.6243892,-1.0864248,-0.2324819,-0.61744118,0.7514776,0
0.025497556,-0.89172435,-4.7169199,0.2324819,0.61744118,-0.7514776,0
2.8760569,-3.3479819,-1.4683213,0.43385637,-0.75735044,-0.48804605,0
-0.78470266,-2.0239763,-4.2497902,-0.8704716,-0.21257138,-0.44395101,0
-2.9526532,1.1937134,-1.5396931,-0.8704716,-0.21257138,-0.44395101,0
2.3604212,-1.6894219,-4.5004606,0.43385637,-0.75735044,-0.48804605,0
-1.827558,2.8184223,-2.2418017,0.2324819,0.61744118,-0.7514776,0
-2.8396113,-2.9903195,0.65669966,-0.2324819,-0.61744118,0.7514776,0
-2.6191916,-1.7683281,1.7289227,-0.2324819,-0.61744118,0.7514776,0
-0.11725381,2.1754689,5.7403111,-0.43385637,0.75735044,0.48804605,0
4.284893,-3.393481,-0.14530849,0.43385637,-0.75735044,-0.48804605,0
1.0455276,3.1170287,3.2150083,0.8704716,0.21257138,0.44395101,0
3.4641681,0.10194063,-0.083635479,0.8704716,0.21257138,0.44395101,0
4.21205,-2.0590649,-2.2808127,0.43385637,-0.75735044,-0.48804605,0
-4.3069038,0.56365037,1.4173228,-0.8704716,-0.21257138,-0.44395101,0
1.2377329,2.3718867,3.1949306,0.8704716,0.21257138,0.44395101,0
-2.5249376,3.7054651,1.2257123,-0.43385637,0.75735044,0.48804605,0
-3.0724936,0.09117198,-0.776802,-0.8704716,-0.21257138,-0.44395101,0
1.8160447,1.5689726,-2.1411872,0.2324819,0.61744118,-0.7514776,0
3.228533,1.0521314,-0.076584041,0.8704716,0.21257138,0.44395101,0
2.0087516,3.5702748,1.1093566,0.8704716,0.21257138,0.44395101,0
-1.747911,-4.2659593,-0.053676605,-0.2324819,-0.61744118,0.7514776,0
-4.3719959,1.7374676,2.637681,-0.43385637,0.75735044,0.48804605,0
-2.1887438,4.2229166,0.72159505,-0.43385637,0.75735044,0.48804605,0
1.2977201,2.7883992,2.8778787,0.8704716,0.21257138,0.44395101,0
3.9076343,-1.7414804,-3.0442557,0.43385637,-0.75735044,-0.48804605,0
1.6361377,4.0628366,1.6041079,0.8704716,0.21257138,0.44395101,0
0.3994019,-2.8460646,1.7772665,-0.2324819,-0.61744118,0.7514776,0
1.8687367,1.7072937,2.2759163,0.8704716,0.21257138,0.44395101,0
1.7928016,-4.8399839,-0.11600828,0.43385637,-0.75735044,-0.48804605,0
-1.2300617,-1.6737297,-3.5442622,-0.8704716,-0.21257138,-0.44395101,0
1.3995419,-4.1765656,0.99348879,-0.2324819,-0.61744118,0.7514776,0
3.4888973,-1.6702068,-3.5271015,0.43385637,-0.75735044,-0.48804605,0
-0.56088489,-2.5241017,-4.4491692,-0.8704716,-0.21257138,-0.44395101,0
-0.94558835,1.8407621,-2.7722311,0.2324819,0.61744118,-0.7514776,0
0.49749458,1.0547545,-2.9716024,0.2324819,0.61744118,-0.7514776,0
1.8060653,-3.6945212,1.5153179,-0.2324819,-0.61744118,0.7514776,0
1.5193336,-3.3539958,-2.6650701,0.43385637,-0.75735044,-0.48804605,0
4.1904116,-3.0232334,-0.80385065,0.43385637,-0.75735044,-0.48804605,0
0.5981763,-0.93345618,-4.5740404,0.2324819,0.61744118,-0.7514776,0
-0.98344612,4.3056135,-0.75873232,0.2324819,0.61744118,-0.7514776,0
-2.1937795,-3.9970651,-0.54221153,-0.8704716,-0.21257138,-0.44395101,0
4.2514606,-1.7726421,-2.6902492,0.43385637,-0.75735044,-0.48804605,0
-2.0507424,1.0868747,4.25072,-0.2324819,-0.61744118,0.7514776,0
-3.1271882,1.3939505,-1.2933527,-0.8704716,-0.21257138,-0.44395101,0
-1.5109038,-1.0104904,-3.3111744,-0.8704716,-0.21257138,-0.44395101,0
-3.5066643,-1.8983386,1.0271053,-0.8704716,-0.21257138,-0.44395101,0
3.6754344,-3.1960785,1.0812756,0.8704716,0.21257138,0.44395101,0
-0.35675049,2.0955577,-2.3807154,0.2324819,0.61744118,-0.7514776,0
-1.5952814,-0.53125691,-3.3751981,-0.8704716,-0.21257138,-0.44395101,0
-0.28206038,-4.3614793,-2.7030344,0.43385637,-0.75735044,-0.48804605,0
-4.8847475,1.3511865,2.1732366,-0.8704716,-0.21257138,-0.44395101,0
1.6095235,4.2993984,0.038338661,0.2324819,0.61744118,-0.7514776,0
1.0898573,-3.5076289,1.447305,-0.2324819,-0.61744118,0.7514776,0
1.2421029,4.1341734,2.3425493,0.8704716,0.21257138,0.44395101,0
-2.7540247,3.3852854,1.5189164,-0.43385637,0.75735044,0.48804605,0
-1.8164846,2.8495464,-2.2128034,0.2324819,0.61744118,-0.7514776,0
-4.2648201,2.121475,2.137054,-0.43385637,0.75735044,0.48804605,0
-0.015084982,-1.3817655,2.8521595,-0.2324819,-0.61744118,0.7514776,0
-2.0725398,-1.8641707,-1.8011963,-0.8704716,-0.21257138,-0.44395101,0
2.0309997,2.9486585,1.3633745,0.8704716,0.21257138,0.44395101,0
-3.5792816,4.1474047,-0.39736629,-0.43385637,0.75735044,0.48804605,0
4.0831146,-3.8822055,0.43372035,0.43385637,-0.75735044,-0.48804605,0
-0.98335838,4.3711514,1.5631108,-0.43385637,0.75735044,0.48804605,0
-0.10468084,2.6762776,4.9743328,-0.43385637,0.75735044,0.48804605,0
1.1018124,-4.3604393,-1.474432,0.43385637,-0.75735044,-0.48804605,0
3.1875546,0.96545625,0.045265317,0.8704716,0.21257138,0.44395101,0
2.0780683,2.9239752,1.2829044,0.8704716,0.21257138,0.44395101,0
0.83871031,5.2226233,1.861553,-0.43385637,0.75735044,0.48804605,0
0.57204103,1.8916554,-2.2609122,0.2324819,0.61744118,-0.7514776,0
0.14923763,-3.8181355,0.90118599,-0.2324819,-0.61744118,0.7514776,0
2.5683308,-1.1230073,-4.1202836,0.2324819,0.61744118,-0.7514776,0
0.93877268,-3.296984,1.5736382,-0.2324819,-0.61744118,0.7514776,0
-0.17720492,1.9931693,5.5749741,-0.2324819,-0.61744118,0.7514776,0
-0.52444965,-1.5069923,-5.0076194,-0.8704716,-0.21257138,-0.44395101,0
-1.0740778,4.5510983,1.2032225,-0.43385637,0.75735044,0.48804605,0
3.5983419,-3.7882957,-0.14295483,0.43385637,-0.75735044,-0.48804605,0
-3.9996159,1.578743,0.32876772,-0.8704716,-0.21257138,-0.44395101,0
1.9780594,2.053906,1.8955997,0.8704716,0.21257138,0.44395101,0
3.3376131,-2.6315942,1.4733701,0.8704716,0.21257138,0.44395101,0
-3.727648,1.7727038,3.1558049,-0.43385637,0.75735044,0.48804605,0
-0.003688097,5.0130663,1.43788,-0.43385637,0.75735044,0.48804605,0
1.43358,-3.7692316,-2.0969388,0.43385637,-0.75735044,-0.48804605,0
1.4855529,-0.23325777,3.9564095,0.8704716,0.21257138,0.44395101,0
-3.5770845,-1.9118894,1.17167,-0.8704716,-0.21257138,-0.44395101,0
3.6286201,1.4113075,-1.7099806,0.2324819,0.61744118,-0.7514776,0
-0.73711395,2.4234812,-2.2289531,0.2324819,0.61744118,-0.7514776,0
-0.39257336,-5.0029726,-0.23993707,-0.2324819,-0.61744118,0.7514776,0
-2.6135278,3.3588171,1.6848874,-0.43385637,0.75735044,0.48804605,0
0.1550765,-4.2832823,-2.4357805,0.43385637,-0.75735044,-0.48804605,0
-4.012548,3.6324539,0.016575336,-0.43385637,0.75735044,0.48804605,0
-4.0387044,0.51895785,0.9128533,-0.8704716,-0.21257138,-0.44395101,0
0.087592602,5.2759728,1.1110468,-0.43385637,0.75735044,0.48804605,0
-1.2830567,-3.8896222,0.39934564,-0.2324819,-0.61744118,0.7514776,0
0.7427727,0.10821748,-3.6734309,0.2324819,0.61744118,-0.7514776,0
0.58516955,0.45890522,-3.4340501,0.2324819,0.61744118,-0.7514776,0
4.9538822,-0.91390157,-3.2104652,0.2324819,0.61744118,-0.7514776,0
-3.5342302,1.416821,-0.50620079,-0.8704716,-0.21257138,-0.44395101,0
-0.2750268,5.2870207,0.77154589,-0.43385637,0.75735044,0.48804605,0
-2.5870781,2.2764966,-2.7749457,-0.8704716,-0.21257138,-0.44395101,0
1.2049648,-2.3041294,2.4717541,-0.2324819,-0.61744118,0.7514776,0
0.68901277,-4.6895542,-1.3306768,0.43385637,-0.75735044,-0.48804605,0
1.4575261,-3.8177006,-2.000437,0.43385637,-0.75735044,-0.48804605,0
2.7128954,-1.3920608,2.1047678,0.8704716,0.21257138,0.44395101,0
0.59994125,-5.2150316,-0.10712242,-0.2324819,-0.61744118,0.7514776,0
-2.7661929,3.5058281,1.3210411,-0.43385637,0.75735044,0.48804605,0
-2.923512,2.4963856,-2.2205729,-0.8704716,-0.21257138,-0.44395101,0
-0.40105438,5.0448318,1.0353413,-0.43385637,0.75735044,0.48804605,0
-1.0213696,-0.88966703,-4.3288755,-0.8704716,-0.21257138,-0.44395101,0
-0.37955594,4.0735941,2.5616205,-0.43385637,0.75735044,0.48804605,0
3.1796794,2.0321884,-1.3387296,0.2324819,0.61744118,-0.7514776,0
2.0027404,1.7006187,2.016367,0.8704716,0.21257138,0.44395101,0
4.5078554,-2.0364161,-2.0529981,0.43385637,-0.75735044,-0.48804605,0
-1.2129468,2.4535246,4.3347902,-0.43385637,0.75735044,0.48804605,0
1.6521266,4.5170059,1.3552933,0.8704716,0.21257138,0.44395101,0
-1.2944396,4.6779585,0.81046629,-0.43385637,0.75735044,0.48804605,0
2.035373,-4.6508231,-0.19391036,0.43385637,-0.75735044,-0.48804605,0
-1.763819,-2.5497706,-2.0782404,-0.8704716,-0.21257138,-0.44395101,0
-0.22720265,3.8183253,3.0931838,-0.43385637,0.75735044,0.48804605,0
1.1350138,-2.3987212,-4.4891138,0.43385637,-0.75735044,-0.48804605,0
-3.3130102,2.9681945,-1.6827798,-0.8704716,-0.21257138,-0.44395101,0
-1.2845896,2.8928268,3.5893927,-0.43385637,0.75735044,0.48804605,0
-0.99373007,-4.238112,-2.7797756,-0.8704716,-0.21257138,-0.44395101,0
3.1018825,-3.1624033,2.1897359,0.8704716,0.21257138,0.44395101,0
-1.5523725,-5.349349,-1.1523447,-0.8704716,-0.21257138,-0.44395101,0
0.48586512,1.7284217,4.9772496,0.8704716,0.21257138,0.44395101,0
4.9071426,-1.5752151,-2.1098788,0.8704716,0.21257138,0.44395101,0
-2.0305972,2.5205784,3.5038729,-0.43385637,0.75735044,0.48804605,0
1.5720358,5.4867153,1.0480165,0.8704716,0.21257138,0.44395101,0
-3.0222349,3.2914624,-2.2227278,0.2324819,0.61744118,-0.7514776,0
1.4505358,0.81958866,3.5209477,0.8704716,0.21257138,0.44395101,0
1.2038956,5.292315,1.862926,0.8704716,0.21257138,0.44395101,0
-1.6880682,2.369967,4.0420885,-0.43385637,0.75735044,0.48804605,0
-1.2590164,3.7676749,2.2545354,-0.43385637,0.75735044,0.48804605,0
1.1490787,-2.0536773,2.6602454,-0.2324819,-0.61744118,0.7514776,0
-0.49267244,1.4790125,-2.9293413,0.2324819,0.61744118,-0.7514776,0
0.37737381,0.077643871,-3.8115931,0.2324819,0.61744118,-0.7514776,0
-2.637187,1.8853464,3.9503884,-0.43385637,0.75735044,0.48804605,0
-0.55944514,1.6835322,-2.7819576,0.2324819,0.61744118,-0.7514776,0
2.63236,0.76369476,1.2304635,0.8704716,0.21257138,0.44395101,0
2.1059439,3.7786043,-0.23598886,0.2324819,0.61744118,-0.7514776,0
0.72915792,2.338614,-1.845068,0.2324819,0.61744118,-0.7514776,0
-3.6812739,1.7613385,3.2146666,-0.43385637,0.75735044,0.48804605,0
-1.7833169,-3.7461972,0.36242557,-0.2324819,-0.61744118,0.7514776,0
-2.1964364,0.45742488,-2.6698885,-0.8704716,-0.21257138,-0.44395101,0
0.2144202,-0.3213563,-4.1898389,0.2324819,0.61744118,-0.7514776,0
-0.2041496,-3.3421292,-4.2156029,0.43385637,-0.75735044,-0.48804605,0
4.4506588,-2.0910397,-0.96784854,0.8704716,0.21257138,0.44395101,0
1.0625829,-2.1893971,-4.8783321,0.43385637,-0.75735044,-0.48804605,0
1.5140498,-2.7819827,2.1747534,-0.2324819,-0.61744118,0.7514776,0
0.72212601,-2.3688445,2.269208,-0.2324819,-0.61744118,0.7514776,0
-0.3722477,-5.3398652,-1.2649465,0.43385637,-0.75735044,-0.48804605,0
-0.0062392354,-2.6548967,-5.1061158,0.43385637,-0.75735044,-0.48804605,0
-3.2321167,3.5125618,-2.1020434,-0.8704716,-0.21257138,-0.44395101,0
-1.2996217,-0.96008104,2.8012383,-0.2324819,-0.61744118,0.7514776,0
1.2701302,1.4020977,-2.447185,0.2324819,0.61744118,-0.7514776,0
-1.0600491,-5.0471621,-0.48274016,-0.2324819,-0.61744118,0.7514776,0
2.0129492,2.1193471,1.7958558,0.8704716,0.21257138,0.44395101,0
-2.6634817,-1.5123308,1.9255577,-0.2324819,-0.61744118,0.7514776,0
1.406171,2.9973323,2.5651939,0.8704716,0.21257138,0.44395101,0
4.2640753,-1.8684061,-2.5304289,0.43385637,-0.75735044,-0.48804605,0
0.49182475,-0.30116534,-4.0874295,0.2324819,0.61744118,-0.7514776,0
2.1609449,-4.2981443,1.1291475,-0.2324819,-0.61744118,0.7514776,0
0.16703725,3.9340656,3.2640438,-0.43385637,0.75735044,0.48804605,0
2.6689065,3.1897335,-0.54566431,0.2324819,0.61744118,-0.7514776,0
3.7505865,-3.945329,1.2926767,0.8704716,0.21257138,0.44395101,0
-0.47969437,-4.5062852,-2.6540143,0.43385637,-0.75735044,-0.48804605,0
0.27802587,1.7249357,-2.4888535,0.2324819,0.61744118,-0.7514776,0
-1.2888792,-0.66041303,-3.91413,-0.8704716,-0.21257138,-0.44395101,0
-4.3402886,-0.13164473,2.5412316,-0.2324819,-0.61744118,0.7514776,0
-3.3382802,-0.40558434,-0.017808199,-0.8704716,-0.21257138,-0.44395101,0
-2.6455212,-3.0040793,-0.13192296,-0.8704716,-0.21257138,-0.44395101,0
-0.9070363,2.4146686,-2.2887621,0.2324819,0.61744118,-0.7514776,0
-1.4291775,-3.9374535,-2.0699382,-0.8704716,-0.21257138,-0.44395101,0
4.0055203,-2.1686959,-2.2942848,0.43385637,-0.75735044,-0.48804605,0
-1.2255294,-1.3757091,-3.6958461,-0.8704716,-0.21257138,-0.44395101,0
-2.7834601,2.3720086,3.0651536,-0.43385637,0.75735044,0.48804605,0
-1.1602056,-4.4850845,-0.051901579,-0.2324819,-0.61744118,0.7514776,0
3.7389064,-4.3561959,0.86327004,0.43385637,-0.75735044,-0.48804605,0
1.3108501,5.679584,1.4677844,0.8704716,0.21257138,0.44395101,0
3.4852366,-0.040840864,-0.05657921,0.8704716,0.21257138,0.44395101,0
-1.645517,3.3458452,2.5655453,-0.43385637,0.75735044,0.48804605,0
-1.2144845,-3.015909,-2.9321461,-0.8704716,-0.21257138,-0.44395101,0
3.0456791,0.83616328,0.38535357,0.8704716,0.21257138,0.44395101,0
0.35673571,5.3062572,1.3033099,-0.43385637,0.75735044,0.48804605,0
0.012010574,-3.0488143,-4.4786105,0.43385637,-0.75735044,-0.48804605,0
1.0933521,-0.45960355,-4.0315156,0.2324819,0.61744118,-0.7514776,0
0.53496146,3.9814761,3.517544,-0.43385637,0.75735044,0.48804605,0
-0.63952589,-2.1114941,-4.4925389,-0.8704716,-0.21257138,-0.44395101,0
4.2499208,-2.5563197,-0.3514694,0.8704716,0.21257138,0.44395101,0
-2.4238951,4.6607542,-0.16688323,-0.43385637,0.75735044,0.48804605,0
-1.9394693,-4.8120394,-0.56161761,-0.2324819,-0.61744118,0.7514776,0
-3.3399415,0.31356835,-0.35889286,-0.8704716,-0.21257138,-0.44395101,0
2.9078846,-3.0906239,-1.8393967,0.43385637,-0.75735044,-0.48804605,0
-0.79379654,-4.0485477,0.42012763,-0.2324819,-0.61744118,0.7514776,0
-1.0562401,-5.5035381,-1.6190052,0.43385637,-0.75735044,-0.48804605,0
1.5927335,-2.8016396,-3.4569674,0.43385637,-0.75735044,-0.48804605,0
4.5413256,-1.3957689,-3.0174017,0.43385637,-0.75735044,-0.48804605,0
0.62174088,2.8204551,4.1879478,0.8704716,0.21257138,0.44395101,0
-1.3646975,-2.946856,1.1487001,-0.2324819,-0.61744118,0.7514776,0
2.5632465,-4.4722137,-0.0018157959,0.43385637,-0.75735044,-0.48804605,0
3.6402001,-1.694917,-3.3542533,0.43385637,-0.75735044,-0.48804605,0
0.15446997,-5.3121204,-0.8397665,0.43385637,-0.75735044,-0.48804605,0
-0.81812155,3.3084145,3.3591578,-0.43385637,0.75735044,0.48804605,0
-4.9414492,1.5209248,2.4674881,-0.43385637,0.75735044,0.48804605,0
4.5061994,-0.51241016,-3.0190835,0.2324819,0.61744118,-0.7514776,0
-4.1878166,-0.51118279,2.2765594,-0.2324819,-0.61744118,0.7514776,0
0.27243662,-5.4442654,-0.5298357,0.43385637,-0.75735044,-0.48804605,0
-1.1289048,-5.5156794,-1.6647606,0.43385637,-0.75735044,-0.48804605,0
-0.36600626,-0.2192471,3.6987638,-0.2324819,-0.61744118,0.7514776,0
1.340601,3.0904226,2.6491864,0.8704716,0.21257138,0.44395101,0
-1.5167159,-0.29777652,3.2782502,-0.2324819,-0.61744118,0.7514776,0
-3.3348329,3.3933997,0.99000573,-0.43385637,0.75735044,0.48804605,0
3.6885726,-2.0291317,0.49676079,0.8704716,0.21257138,0.44395101,0
3.2183855,-0.59672284,0.73281229,0.8704716,0.21257138,0.44395101,0
-1.9008878,-0.088341951,-2.988059,-0.8704716,-0.21257138,-0.44395101,0
-1.9089972,2.0040872,4.4134622,-0.43385637,0.75735044,0.48804605,0
-1.4635432,0.51699257,-4.0201259,0.2324819,0.61744118,-0.7514776,0
-2.5902407,1.6285129,4.390677,-0.43385637,0.75735044,0.48804605,0
-2.8919504,3.1544619,-2.294987,0.2324819,0.61744118,-0.7514776,0
2.6460543,-3.8508584,-0.89242196,0.43385637,-0.75735044,-0.48804605,0
-4.2195024,-0.33018756,2.4154689,-0.2324819,-0.61744118,0.7514776,0
-2.1574798,-2.9656315,0.88801289,-0.2324819,-0.61744118,0.7514776,0
-1.7041143,0.034568429,3.4933422,-0.2324819,-0.61744118,0.7514776,0
-1.7931458,-2.8297703,-1.8866701,-0.8704716,-0.21257138,-0.44395101,0
4.0109987,-3.7660437,0.1893518,0.43385637,-0.75735044,-0.48804605,0
-1.5502689,-4.401866,-1.6101398,-0.8704716,-0.21257138,-0.44395101,0
4.7196527,-0.49211717,-2.2608657,0.8704716,0.21257138,0.44395101,0
3.8421266,-2.5252917,0.43325126,0.8704716,0.21257138,0.44395101,0
4.4898911,-1.1896803,-1.4763591,0.8704716,0.21257138,0.44395101,0
-2.155539,-2.819031,1.0090656,-0.2324819,-0.61744118,0.7514776,0
-0.23603809,0.58742452,-3.5825081,0.2324819,0.61744118,-0.7514776,0
2.0827501,0.0066125393,-3.3423691,0.2324819,0.61744118,-0.7514776,0
2.3656094,3.5327764,0.42760587,0.8704716,0.21257138,0.44395101,0
0.28180814,4.077343,3.1437325,-0.43385637,0.75735044,0.48804605,0
3.2987909,-0.52377176,0.54022795,0.8704716,0.21257138,0.44395101,0
-1.4386286,1.4457641,-3.2493057,0.2324819,0.61744118,-0.7514776,0
-1.3073983,-2.5435548,1.497793,-0.2324819,-0.61744118,0.7514776,0
2.0456715,3.6886401,0.98029041,0.8704716,0.21257138,0.44395101,0
2.6009405,0.63388014,1.3542264,0.8704716,0.21257138,0.44395101,0
3.8485332,1.1619729,-1.3448361,0.8704716,0.21257138,0.44395101,0
1.1637087,-1.0030913,-4.4562988,0.2324819,0.61744118,-0.7514776,0
-2.611577,2.4476459,3.1005778,-0.43385637,0.75735044,0.48804605,0
-2.8478208,-1.8774012,-0.27473915,-0.8704716,-0.21257138,-0.44395101,0
5.2202201,-1.0068724,-2.9958737,0.8704716,0.21257138,0.44395101,0
-3.1440244,-2.3921096,1.0540359,-0.2324819,-0.61744118,0.7514776,0
3.6637139,1.8055698,-1.2906191,0.8704716,0.21257138,0.44395101,0
3.6636696,-4.224999,0.59279537,0.43385637,-0.75735044,-0.48804605,0
0.84849405,3.0085716,3.6532707,0.8704716,0.21257138,0.44395101,0
-1.8809701,-0.29999447,-2.9257698,-0.8704716,-0.21257138,-0.44395101,0
2.4103122,-4.1579528,-0.62543941,0.43385637,-0.75735044,-0.48804605,0
3.859849,-4.1317482,0.62248564,0.43385637,-0.75735044,-0.48804605,0
0.51423836,-3.0894289,1.6128361,-0.2324819,-0.61744118,0.7514776,0
-1.5411422,1.5664268,-3.181879,0.2324819,0.61744118,-0.7514776,0
2.7681406,2.4157875,-1.1508671,0.2324819,0.61744118,-0.7514776,0
1.4689541,1.8101866,-2.0503752,0.2324819,0.61744118,-0.7514776,0
-1.0764816,5.2271323,0.15201473,-0.43385637,0.75735044,0.48804605,0
1.0577307,-0.70371842,3.7411604,-0.2324819,-0.61744118,0.7514776,0
-3.3058686,1.2213959,3.9729538,-0.2324819,-0.61744118,0.7514776,0
-4.0121722,-0.79492426,2.0977654,-0.2324819,-0.61744118,0.7514776,0
-4.1054969,3.7874451,-0.30656815,-0.43385637,0.75735044,0.48804605,0
-1.4611697,-4.9095144,-0.49373674,-0.2324819,-0.61744118,0.7514776,0
0.72268331,-1.1478083,3.2726278,-0.2324819,-0.61744118,0.7514776,0
1.5568826,-5.0936794,0.067953348,0.43385637,-0.75735044,-0.48804605,0
2.1831143,0.31712079,2.3251438,0.8704716,0.21257138,0.44395101,0
-3.9812558,3.3349378,0.50607944,-0.43385637,0.75735044,0.48804605,0
-0.22652292,-4.1672373,-2.9550884,0.43385637,-0.75735044,-0.48804605,0
-0.42479932,-3.5014925,-4.164453,0.43385637,-0.75735044,-0.48804605,0
-2.061903,4.8325386,-0.11166024,-0.43385637,0.75735044,0.48804605,0
0.88734806,-0.75659299,3.6450064,-0.2324819,-0.61744118,0.7514776,0
3.4807158,0.54534888,-0.32839265,0.8704716,0.21257138,0.44395101,0
-1.5123402,-1.4525778,-3.0966792,-0.8704716,-0.21257138,-0.44395101,0
2.9375103,1.0984643,0.47185034,0.8704716,0.21257138,0.44395101,0
-1.3340483,5.1012974,0.11831808,-0.43385637,0.75735044,0.48804605,0
-3.4627383,0.036873817,2.9511771,-0.2324819,-0.61744118,0.7514776,0
-2.9759502,-2.3688717,0.21181452,-0.8704716,-0.21257138,-0.44395101,0
-3.5460076,3.5503004,-1.5046562,-0.8704716,-0.21257138,-0.44395101,0
2.0340207,-0.33034515,2.927495,0.8704716,0.21257138,0.44395101,0
2.0988386,-1.3372982,3.2825506,0.8704716,0.21257138,0.44395101,0
-2.4646757,1.3445466,-2.5687108,-0.8704716,-0.21257138,-0.44395101,0
-1.1252693,3.3976746,2.9475992,-0.43385637,0.75735044,0.48804605,0
0.011235556,-2.1874042,-5.7321644,-0.8704716,-0.21257138,-0.44395101,0
-2.3114052,-0.90766215,2.531296,-0.2324819,-0.61744118,0.7514776,0
1.845742,-2.0442171,-4.4074211,0.43385637,-0.75735044,-0.48804605,0
0.53554857,1.1403909,-2.8894677,0.2324819,0.61744118,-0.7514776,0
-1.112693,1.626651,-2.9998493,0.2324819,0.61744118,-0.7514776,0
2.9100204,-1.5668072,-4.2021589,0.43385637,-0.75735044,-0.48804605,0
2.6791975,3.2873843,-0.46224737,0.2324819,0.61744118,-0.7514776,0
1.412097,0.11626577,3.9330795,0.8704716,0.21257138,0.44395101,0
-1.6984909,4.3289032,0.99294257,-0.43385637,0.75735044,0.48804605,0
-4.9950414,1.076359,3.109724,-0.43385637,0.75735044,0.48804605,0
-4.0772929,3.4289913,0.27475286,-0.43385637,0.75735044,0.48804605,0
-1.6013805,-1.0636933,2.6227529,-0.2324819,-0.61744118,0.7514776,0
2.3799558,-1.7298291,-4.4203906,0.43385637,-0.75735044,-0.48804605,0
-1.1869886,-4.7784748,-0.30124736,-0.2324819,-0.61744118,0.7514776,0
0.92279553,4.136765,2.9673865,0.8704716,0.21257138,0.44395101,0
-2.4474275,4.5213532,-1.0343788,0.2324819,0.61744118,-0.7514776,0
-0.033848763,-2.7455111,-4.9900441,0.43385637,-0.75735044,-0.48804605,0
2.7659457,-1.1740375,-4.1010761,0.2324819,0.61744118,-0.7514776,0
-3.770977,1.451983,-0.058838725,-0.8704716,-0.21257138,-0.44395101,0
-0.25798815,0.80748701,4.5757828,-0.2324819,-0.61744118,0.7514776,0
-3.0502186,-1.9923173,0.17713404,-0.8704716,-0.21257138,-0.44395101,0
4.2581239,-0.65842927,-3.2158041,0.2324819,0.61744118,-0.7514776,0
0.91289592,5.1328621,2.0667927,-0.43385637,0.75735044,0.48804605,0
1.2553468,5.0698199,0.56177473,0.2324819,0.61744118,-0.7514776,0
-2.2221906,-2.3305199,1.3898242,-0.2324819,-0.61744118,0.7514776,0
2.6748018,-2.9106593,2.4281251,-0.2324819,-0.61744118,0.7514776,0
-0.74836159,-2.5825715,-4.0535812,-0.8704716,-0.21257138,-0.44395101,0
-3.4576192,-2.1512823,1.0520546,-0.8704716,-0.21257138,-0.44395101,0
-1.3968291,-5.4932714,-0.95346785,-0.2324819,-0.61744118,0.7514776,0
-0.58932018,3.5469418,3.1924064,-0.43385637,0.75735044,0.48804605,0
3.6076069,1.1906184,-0.88615835,0.8704716,0.21257138,0.44395101,0
1.4956496,-4.3472519,-1.1447885,0.43385637,-0.75735044,-0.48804605,0
2.6047611,0.96970975,-2.3895612,0.2324819,0.61744118,-0.7514776,0
3.3553827,1.2927836,-0.44053155,0.8704716,0.21257138,0.44395101,0
1.7144892,-0.033862174,-3.4895523,0.2324819,0.61744118,-0.7514776,0
-2.1405251,-3.5002663,-0.88450432,-0.8704716,-0.21257138,-0.44395101,0
-0.1488198,-3.0230637,-4.6615434,0.43385637,-0.75735044,-0.48804605,0
-0.35461092,5.3752837,0.31468868,0.2324819,0.61744118,-0.7514776,0
1.4706817,5.4160471,1.2805834,0.8704716,0.21257138,0.44395101,0
-1.5925432,3.061799,3.0534205,-0.43385637,0.75735044,0.48804605,0
-1.5506254,-1.7744145,-2.8675103,-0.8704716,-0.21257138,-0.44395101,0
1.3824394,2.2053397,-1.7524679,0.2324819,0.61744118,-0.7514776,0
0.99743176,1.3088698,4.1750898,0.8704716,0.21257138,0.44395101,0
-1.8362958,5.0600863,-0.26421213,-0.43385637,0.75735044,0.48804605,0
0.34114623,4.6795273,2.2620118,-0.43385637,0.75735044,0.48804605,0
4.0461025,0.75274372,-1.5362713,0.8704716,0.21257138,0.44395101,0
0.24763143,3.6076703,3.84219,-0.43385637,0.75735044,0.48804605,0
-1.5229388,0.35732317,-3.9425101,-0.8704716,-0.21257138,-0.44395101,0
-2.5781207,-3.2366333,-0.15272617,-0.8704716,-0.21257138,-0.44395101,0
-3.416007,2.2236094,2.7331266,-0.43385637,0.75735044,0.48804605,0
3.4744582,0.026085377,-0.067490831,0.8704716,0.21257138,0.44395101,0
-3.0207329,2.863256,2.0919075,-0.43385637,0.75735044,0.48804605,0
-1.682687,3.8540726,-1.346056,0.2324819,0.61744118,-0.7514776,0
-4.0856156,0.86251163,0.84033459,-0.8704716,-0.21257138,-0.44395101,0
-2.2774906,2.8791869,2.7279034,-0.43385637,0.75735044,0.48804605,0
0.18635917,1.3640182,-2.813755,0.2324819,0.61744118,-0.7514776,0
-4.2695251,1.698313,2.7895346,-0.43385637,0.75735044,0.48804605,0
1.5689096,3.4441276,2.0321727,0.8704716,0.21257138,0.44395101,0
0.51720536,2.1317694,4.7226691,0.8704716,0.21257138,0.44395101,0
3.8283155,-2.6490555,-1.7063916,0.43385637,-0.75735044,-0.48804605,0
0.22987747,-4.0721936,-2.6968522,0.43385637,-0.75735044,-0.48804605,0
1.5804677,-0.060410857,-3.5528274,0.2324819,0.61744118,-0.7514776,0
-0.65380013,1.5244951,5.0424519,-0.2324819,-0.61744118,0.7514776,0
3.3369992,-2.7731783,-1.9505408,0.43385637,-0.75735044,-0.48804605,0
-0.3925786,2.5560212,-2.0134659,0.2324819,0.61744118,-0.7514776,0
-1.1085339,-3.8356037,0.49772096,-0.2324819,-0.61744118,0.7514776,0
2.6414089,1.6869788,-1.7888892,0.2324819,0.61744118,-0.7514776,0
1.4516922,-1.2398658,-4.5617485,0.2324819,0.61744118,-0.7514776,0
1.5470412,-0.067309618,-3.5688367,0.2324819,0.61744118,-0.7514776,0
-1.8764184,3.6765094,-1.5518823,0.2324819,0.61744118,-0.7514776,0
0.72741449,-0.13483799,-3.8778851,0.2324819,0.61744118,-0.7514776,0
-2.7245784,3.1846223,-2.2184265,0.2324819,0.61744118,-0.7514776,0
1.4095712,5.1242065,1.5401428,0.8704716,0.21257138,0.44395101,0
-1.9064395,3.9707103,1.3639281,-0.43385637,0.75735044,0.48804605,0
-0.46955496,2.9423027,4.237154,-0.43385637,0.75735044,0.48804605,0
-1.6227597,1.1092539,4.4015107,-0.2324819,-0.61744118,0.7514776,0
-1.4333377,-5.1427264,-0.67674208,-0.2324819,-0.61744118,0.7514776,0
-3.8589206,0.69780397,0.47470969,-0.8704716,-0.21257138,-0.44395101,0
0.85595238,0.43416321,-3.3706079,0.2324819,0.61744118,-0.7514776,0
-0.55665296,-2.5828722,-4.429327,-0.8704716,-0.21257138,-0.44395101,0
1.8430674,4.1170225,-0.039257526,0.2324819,0.61744118,-0.7514776,0
1.4351524,0.98657227,3.4711554,0.8704716,0.21257138,0.44395101,0
-2.3149362,3.5926242,1.5875027,-0.43385637,0.75735044,0.48804605,0
-1.134246,-0.92488027,-4.0906935,-0.8704716,-0.21257138,-0.44395101,0
-2.7526815,-0.8595407,-0.94865185,-0.8704716,-0.21257138,-0.44395101,0
-2.6959565,0.60726833,3.6570506,-0.2324819,-0.61744118,0.7514776,0
-4.2743607,1.2666653,3.4550674,-0.43385637,0.75735044,0.48804605,0
-0.8377099,-1.3849699,-4.4518242,-0.8704716,-0.21257138,-0.44395101,0
-3.0442772,4.1893249,0.01318264,-0.43385637,0.75735044,0.48804605,0
-3.3675783,-2.040875,1.273463,-0.2324819,-0.61744118,0.7514776,0
-2.1219611,4.8382864,-0.17396998,-0.43385637,0.75735044,0.48804605,0
0.67405498,1.8804696,4.5354552,0.8704716,0.21257138,0.44395101,0
-2.9229636,-2.2750838,0.063013434,-0.8704716,-0.21257138,-0.44395101,0
2.7111011,-2.0863972,2.4407458,0.8704716,0.21257138,0.44395101,0
-1.9838673,-0.225624,3.1930125,-0.2324819,-0.61744118,0.7514776,0
-1.602381,2.4332876,4.02,-0.43385637,0.75735044,0.48804605,0
3.3841727,0.64162517,-0.18519527,0.8704716,0.21257138,0.44395101,0
0.98103261,-3.2807088,1.6000842,-0.2324819,-0.61744118,0.7514776,0
0.99331886,-1.3782638,-4.8172669,0.2324819,0.61744118,-0.7514776,0
1.2007747,-4.9507871,0.29586816,-0.2324819,-0.61744118,0.7514776,0
0.045332432,5.4148588,0.47093391,0.2324819,0.61744118,-0.7514776,0
0.52264059,-1.0605292,-4.701817,0.2324819,0.61744118,-0.7514776,0
3.9008727,0.88895202,-2.0549412,0.2324819,0.61744118,-0.7514776,0
3.7031658,1.1306796,-1.0448244,0.8704716,0.21257138,0.44395101,0
-3.471405,4.6579123,-1.0936742,-0.43385637,0.75735044,0.48804605,0
0.22819543,4.2158442,2.8811467,-0.43385637,0.75735044,0.48804605,0
-4.2602448,1.368454,3.30966,-0.43385637,0.75735044,0.48804605,0
-0.47712028,3.2981293,3.6782563,-0.43385637,0.75735044,0.48804605,0
0.1237154,-2.7053261,-4.912334,0.43385637,-0.75735044,-0.48804605,0
1.621357,-1.9024291,2.9306235,-0.2324819,-0.61744118,0.7514776,0
