0.95548391,1.7629932,2.7365584,-0.14179137,-0.040372431,0.98907298,0
0.066176653,2.2930443,2.6307054,-0.14179137,-0.040372431,0.98907298,0
0.98673701,-4.6282988,2.3580279,-0.020226598,-0.99884129,-0.043670863,0
-4.7326365,-4.4725285,1.4442363,-0.020226598,-0.99884129,-0.043670863,0
4.7155223,-3.3758752,1.7374775,0.98968995,-0.026197731,0.14081043,0
1.1623735,4.4573741,0.55598855,0.020226598,0.99884129,0.043670863,0
-0.11293364,4.4720044,0.81203568,0.020226598,0.99884129,0.043670863,0
-4.6925592,-0.34445304,-2.5910408,-0.98968995,0.026197731,-0.14081043,0
-1.7179611,4.5826321,-0.97484994,0.020226598,0.99884129,0.043670863,0
-1.29843,4.5132933,0.41674858,0.020226598,0.99884129,0.043670863,0
1.3806117,-4.5514708,0.41839123,-0.020226598,-0.99884129,-0.043670863,0
5.2269058,0.14730072,-1.2013097,0.98968995,-0.026197731,0.14081043,0
4.4581099,1.6683588,-1.820415,0.14179137,0.040372431,-0.98907298,0
4.8200679,-1.9663653,-1.9168894,0.14179137,0.040372431,-0.98907298,0
2.7854669,2.9624422,3.0478606,-0.14179137,-0.040372431,0.98907298,0
4.8134222,1.213764,1.9032903,0.98968995,-0.026197731,0.14081043,0
-4.7793427,3.536474,-1.259032,-0.98968995,0.026197731,-0.14081043,0
-2.6350381,-2.5040627,-3.0075848,0.14179137,0.040372431,-0.98907298,0
3.8204858,-4.5654364,-0.39225304,-0.020226598,-0.99884129,-0.043670863,0
4.7190957,-4.5556078,1.4928733,0.98968995,-0.026197731,0.14081043,0
2.2304842,-4.5155735,-0.79627866,-0.020226598,-0.99884129,-0.043670863,0
-3.4168417,-4.5150003,1.8062253,-0.020226598,-0.99884129,-0.043670863,0
-0.29594696,-3.4482002,2.3444431,-0.14179137,-0.040372431,0.98907298,0
-3.0097356,1.0703423,2.1398404,-0.14179137,-0.040372431,0.98907298,0
-1.6271309,-4.0866041,2.1275487,-0.14179137,-0.040372431,0.98907298,0
1.8202541,-2.6672466,2.6796944,-0.14179137,-0.040372431,0.98907298,0
5.2466183,2.4371367,-0.91383362,0.98968995,-0.026197731,0.14081043,0
1.3070164,4.3862476,2.1157992,0.020226598,0.99884129,0.043670863,0
-1.5929089,4.6413832,-2.3765395,0.020226598,0.99884129,0.043670863,0
-2.5253065,-4.524086,1.6011059,-0.020226598,-0.99884129,-0.043670863,0
5.2710733,-0.51632357,-1.6352086,0.98968995,-0.026197731,0.14081043,0
4.7728996,-4.5824776,-0.44359899,-0.020226598,-0.99884129,-0.043670863,0
3.7819698,-1.8413951,-2.0606079,0.14179137,0.040372431,-0.98907298,0
-5.166409,-1.1540487,0.58879995,-0.98968995,0.026197731,-0.14081043,0
-3.5793917,-0.22244978,2.0054061,-0.14179137,-0.040372431,0.98907298,0
4.8936534,2.4991975,-1.7240629,0.14179137,0.040372431,-0.98907298,0
-3.523026,-4.4730387,0.89565229,-0.020226598,-0.99884129,-0.043670863,0
-1.3857346,4.599112,-1.5056627,0.020226598,0.99884129,0.043670863,0
-2.4324512,-1.0171533,2.1373904,-0.14179137,-0.040372431,0.98907298,0
-0.92470509,1.8902338,-2.5830269,0.14179137,0.040372431,-0.98907298,0
5.2823901,1.7212005,-1.2984543,0.98968995,-0.026197731,0.14081043,0
5.1108298,4.1754289,0.3639679,0.98968995,-0.026197731,0.14081043,0
-1.5816035,-3.8268681,-2.9105618,0.14179137,0.040372431,-0.98907298,0
-4.6069813,1.3526568,-2.87678,-0.98968995,0.026197731,-0.14081043,0
-0.51201057,4.4082546,2.4549599,0.020226598,0.99884129,0.043670863,0
5.1619406,3.7164266,-0.080658913,0.98968995,-0.026197731,0.14081043,0
-4.7419219,-2.8676872,-2.7135401,-0.98968995,0.026197731,-0.14081043,0
5.0802112,0.29019022,-0.14367723,0.98968995,-0.026197731,0.14081043,0
4.7544756,-2.1499915,1.6917689,0.98968995,-0.026197731,0.14081043,0
0.80177927,4.4272318,1.4124181,0.020226598,0.99884129,0.043670863,0
3.5843189,3.1863298,3.1715209,-0.14179137,-0.040372431,0.98907298,0
3.6674707,-4.1248817,2.8850086,-0.14179137,-0.040372431,0.98907298,0
3.7825515,4.4469953,-0.42019367,0.020226598,0.99884129,0.043670863,0
4.7819109,1.0089974,2.0866699,0.98968995,-0.026197731,0.14081043,0
4.8309708,2.1978252,1.9630313,0.98968995,-0.026197731,0.14081043,0
-5.0196624,2.0875533,0.16048574,-0.98968995,0.026197731,-0.14081043,0
-3.1872189,4.5320182,0.86328226,0.020226598,0.99884129,0.043670863,0
-4.8383169,0.62962353,-1.3853552,-0.98968995,0.026197731,-0.14081043,0
-1.0967216,-3.9045584,-2.8442214,0.14179137,0.040372431,-0.98907298,0
5.00389,-2.2916427,-0.087597609,0.98968995,-0.026197731,0.14081043,0
2.8051748,-4.4821882,-1.826054,-0.020226598,-0.99884129,-0.043670863,0
-4.8957305,-4.1994967,-1.8802757,-0.98968995,0.026197731,-0.14081043,0
-5.0330286,-1.4524138,-0.40417862,-0.98968995,0.026197731,-0.14081043,0
2.5098879,-1.752977,2.8158777,-0.14179137,-0.040372431,0.98907298,0
4.5912418,-1.3532295,2.9872983,0.98968995,-0.026197731,0.14081043,0
-2.1380305,4.4540315,2.1610644,0.020226598,0.99884129,0.043670863,0
-4.8284788,3.1801786,-0.97996616,-0.98968995,0.026197731,-0.14081043,0
4.6779747,2.8609257,3.1617408,0.98968995,-0.026197731,0.14081043,0
5.2294536,-2.9596128,-1.7972553,0.98968995,-0.026197731,0.14081043,0
-4.840477,-2.3144255,-1.9179106,-0.98968995,0.026197731,-0.14081043,0
1.6548603,1.7187903,-2.2202241,0.14179137,0.040372431,-0.98907298,0
1.3961756,4.5146441,-0.86218548,0.020226598,0.99884129,0.043670863,0
-2.2901959,4.4676466,1.9201403,0.020226598,0.99884129,0.043670863,0
4.3534431,-4.6581516,1.4815,-0.020226598,-0.99884129,-0.043670863,0
-4.9261498,-1.8758599,-1.2341604,-0.98968995,0.026197731,-0.14081043,0
1.0165362,0.54508984,2.6955979,-0.14179137,-0.040372431,0.98907298,0
5.1672201,0.23702502,-0.76511049,0.98968995,-0.026197731,0.14081043,0
4.127758,-1.9491578,3.0398045,-0.14179137,-0.040372431,0.98907298,0
2.9236348,4.4332004,0.29314041,0.020226598,0.99884129,0.043670863,0
0.175596,-2.7303324,2.4413445,-0.14179137,-0.040372431,0.98907298,0
-4.7118554,-1.245663,-2.6230874,-0.98968995,0.026197731,-0.14081043,0
0.88816118,1.7009857,2.7243762,-0.14179137,-0.040372431,0.98907298,0
2.4399319,-1.120383,-2.2235684,0.14179137,0.040372431,-0.98907298,0
-5.278512,1.030983,1.7832415,-0.98968995,0.026197731,-0.14081043,0
2.5617571,-3.9201896,-2.3203881,0.14179137,0.040372431,-0.98907298,0
-3.48809,-4.4002957,-0.78430271,-0.020226598,-0.99884129,-0.043670863,0
1.0419204,-4.5450754,0.42897999,-0.020226598,-0.99884129,-0.043670863,0
-1.670269,-4.3696103,-2.3280864,-0.020226598,-0.99884129,-0.043670863,0
5.2358465,1.0404027,-1.0979881,0.98968995,-0.026197731,0.14081043,0
-4.8967862,-3.0560842,-1.6601243,-0.98968995,0.026197731,-0.14081043,0
-1.2836542,4.0855927,-2.5448737,0.14179137,0.040372431,-0.98907298,0
1.5815475,4.5421238,-1.5765579,0.020226598,0.99884129,0.043670863,0
-2.6587284,-4.4622965,0.24964762,-0.020226598,-0.99884129,-0.043670863,0
1.8261975,3.8966393,-2.1067653,0.14179137,0.040372431,-0.98907298,0
0.40196955,-2.5679007,2.4804273,-0.14179137,-0.040372431,0.98907298,0
4.7465277,3.746484,2.8446698,0.98968995,-0.026197731,0.14081043,0
0.36649084,-4.2576504,-2.6488714,0.14179137,0.040372431,-0.98907298,0
-0.86906552,4.5663481,-0.99559337,0.020226598,0.99884129,0.043670863,0
2.6467717,4.4029112,1.114152,0.020226598,0.99884129,0.043670863,0
1.5718892,4.5334949,-1.3747218,0.020226598,0.99884129,0.043670863,0
2.0169907,-4.467864,-1.7886207,-0.020226598,-0.99884129,-0.043670863,0
0.38311541,-2.566577,2.4777784,-0.14179137,-0.040372431,0.98907298,0
-4.613512,2.0962205,-2.6925406,-0.98968995,0.026197731,-0.14081043,0
4.7981119,-4.6191912,0.38443422,-0.020226598,-0.99884129,-0.043670863,0
2.7107396,-4.5114679,-1.112626,-0.020226598,-0.99884129,-0.043670863,0
-4.7604046,-1.8665426,-2.3973722,-0.98968995,0.026197731,-0.14081043,0
-4.7939677,-2.9863288,-2.3698068,-0.98968995,0.026197731,-0.14081043,0
-4.9537864,-0.75524521,-0.83142614,-0.98968995,0.026197731,-0.14081043,0
5.2090821,-1.4656401,-1.3761206,0.98968995,-0.026197731,0.14081043,0
2.5583503,-4.5449815,-0.27551627,-0.020226598,-0.99884129,-0.043670863,0
1.2173638,4.3961191,1.931541,0.020226598,0.99884129,0.043670863,0
-1.1931286,3.411715,2.4958365,-0.14179137,-0.040372431,0.98907298,0
1.5853199,-1.5765836,2.6905339,-0.14179137,-0.040372431,0.98907298,0
-2.3926163,0.56173122,-2.8476908,0.14179137,0.040372431,-0.98907298,0
4.3454103,-3.7890425,2.9959049,-0.14179137,-0.040372431,0.98907298,0
1.6643606,-3.905139,2.6068168,-0.14179137,-0.040372431,0.98907298,0
1.0850897,4.2194877,-2.1998305,0.14179137,0.040372431,-0.98907298,0
-2.9989445,-1.3664075,-3.0133164,0.14179137,0.040372431,-0.98907298,0
-4.7555118,-1.5486914,-2.3726263,-0.98968995,0.026197731,-0.14081043,0
-0.97197127,-4.4756031,-0.22723579,-0.020226598,-0.99884129,-0.043670863,0
-4.9488654,-3.3794634,-1.3542519,-0.98968995,0.026197731,-0.14081043,0
1.6563013,-4.5649896,2.5787272,-0.14179137,-0.040372431,0.98907298,0
-1.2533951,-4.4270458,-1.2075062,-0.020226598,-0.99884129,-0.043670863,0
2.9815359,-4.6283045,1.4342484,-0.020226598,-0.99884129,-0.043670863,0
2.3714347,-4.4823651,-1.62111,-0.020226598,-0.99884129,-0.043670863,0
1.0910897,2.5191972,2.7868655,-0.14179137,-0.040372431,0.98907298,0
1.611948,-4.566051,0.64472055,-0.020226598,-0.99884129,-0.043670863,0
-1.7793351,1.1339519,2.3188243,-0.14179137,-0.040372431,0.98907298,0
-5.3365636,-3.2898617,1.3873649,-0.98968995,0.026197731,-0.14081043,0
-0.028683186,1.8515784,2.5990863,-0.14179137,-0.040372431,0.98907298,0
-0.41258532,0.52807546,-2.5652118,0.14179137,0.040372431,-0.98907298,0
-4.9677854,2.2371411,-0.17629933,-0.98968995,0.026197731,-0.14081043,0
-4.0829029,4.6010427,-0.30059791,0.020226598,0.99884129,0.043670863,0
4.8559928,0.76473975,1.5205393,0.98968995,-0.026197731,0.14081043,0
-2.9047379,4.5816917,-0.40368962,0.020226598,0.99884129,0.043670863,0
-0.79648519,4.5523195,-0.70834255,0.020226598,0.99884129,0.043670863,0
3.1339498,0.15541315,-2.0719998,0.14179137,0.040372431,-0.98907298,0
4.6288805,-3.6415071,2.2970214,0.98968995,-0.026197731,0.14081043,0
-4.9025998,-4.3798256,-0.59735918,-0.020226598,-0.99884129,-0.043670863,0
-1.686218,-2.7855659,-2.8830547,0.14179137,0.040372431,-0.98907298,0
5.1066551,-1.1800416,-0.60307789,0.98968995,-0.026197731,0.14081043,0
-5.0177011,4.5237088,1.9011341,0.020226598,0.99884129,0.043670863,0
-0.29480839,3.2604733,2.6184442,-0.14179137,-0.040372431,0.98907298,0
5.2101483,-0.99127769,-1.2953596,0.98968995,-0.026197731,0.14081043,0
-0.40842724,-3.5708854,-2.7319291,0.14179137,0.040372431,-0.98907298,0
-4.5441999,-3.9474008,1.7150464,-0.14179137,-0.040372431,0.98907298,0
0.3233929,-1.1092651,2.5287018,-0.14179137,-0.040372431,0.98907298,0
-0.90240216,-4.231174,2.225543,-0.14179137,-0.040372431,0.98907298,0
5.1997695,-1.5350437,-1.3235807,0.98968995,-0.026197731,0.14081043,0
2.0652218,-4.5701656,0.52888554,-0.020226598,-0.99884129,-0.043670863,0
4.8034062,-1.9410242,1.3867381,0.98968995,-0.026197731,0.14081043,0
4.8704357,0.73690581,1.4138465,0.98968995,-0.026197731,0.14081043,0
4.9389791,-0.26762271,0.74519348,0.98968995,-0.026197731,0.14081043,0
4.6232972,-2.0932896,2.6243067,0.98968995,-0.026197731,0.14081043,0
-5.2528391,2.3100402,1.8407712,-0.98968995,0.026197731,-0.14081043,0
5.1771889,-4.3438082,-1.6874393,0.98968995,-0.026197731,0.14081043,0
0.97626877,3.5918281,-2.2410507,0.14179137,0.040372431,-0.98907298,0
-0.2668798,-4.5955815,2.1903419,-0.020226598,-0.99884129,-0.043670863,0
-3.4297864,3.7444911,2.1887777,-0.14179137,-0.040372431,0.98907298,0
1.3925264,3.1419392,-2.1997409,0.14179137,0.040372431,-0.98907298,0
-1.8974185,4.5553617,-0.26801306,0.020226598,0.99884129,0.043670863,0
1.5638539,-1.660285,2.6840398,-0.14179137,-0.040372431,0.98907298,0
-3.2636008,-2.882148,1.9421122,-0.14179137,-0.040372431,0.98907298,0
4.5280342,0.28740644,-1.8667595,0.14179137,0.040372431,-0.98907298,0
-3.5445967,4.4833956,2.1409125,0.020226598,0.99884129,0.043670863,0
-3.2355084,-4.1918421,-3.16256,0.14179137,0.040372431,-0.98907298,0
-2.8233099,-4.5221281,1.6943607,-0.020226598,-0.99884129,-0.043670863,0
4.7586746,-1.7865443,1.729872,0.98968995,-0.026197731,0.14081043,0
-1.1094737,4.58464,-1.3026192,0.020226598,0.99884129,0.043670863,0
0.49498367,-2.0989013,-2.5423336,0.14179137,0.040372431,-0.98907298,0
-4.7524695,0.47501326,1.8657053,-0.14179137,-0.040372431,0.98907298,0
5.1061459,-0.085024357,-0.39576769,0.98968995,-0.026197731,0.14081043,0
-0.032391548,-3.8442888,2.3660579,-0.14179137,-0.040372431,0.98907298,0
-4.5588632,4.6887126,-2.0853448,0.020226598,0.99884129,0.043670863,0
-4.4376721,4.68571,-2.0727913,0.020226598,0.99884129,0.043670863,0
-5.2916384,-2.9249637,1.6496296,-0.14179137,-0.040372431,0.98907298,0
-4.8053541,-2.5063839,1.7364278,-0.14179137,-0.040372431,0.98907298,0
-4.7435608,2.0821307,-1.7811086,-0.98968995,0.026197731,-0.14081043,0
0.36740598,1.788139,-2.4019599,0.14179137,0.040372431,-0.98907298,0
-2.2020192,0.0058088303,-2.8430593,0.14179137,0.040372431,-0.98907298,0
2.2764137,1.6471651,-2.1340432,0.14179137,0.040372431,-0.98907298,0
-3.2054322,-4.4292736,-0.25244427,-0.020226598,-0.99884129,-0.043670863,0
-3.4936132,2.7119668,-2.9177577,0.14179137,0.040372431,-0.98907298,0
-4.5966005,2.6382146,-2.7105649,-0.98968995,0.026197731,-0.14081043,0
2.1730478,2.8772814,2.956589,-0.14179137,-0.040372431,0.98907298,0
0.68937254,4.4259505,1.4937909,0.020226598,0.99884129,0.043670863,0
-1.0496604,0.098721385,-2.6740668,0.14179137,0.040372431,-0.98907298,0
1.1894383,4.3565536,2.849431,0.020226598,0.99884129,0.043670863,0
4.6513853,-4.5575628,-0.95716858,-0.020226598,-0.99884129,-0.043670863,0
-5.0419154,-3.6806612,-0.75628281,-0.98968995,0.026197731,-0.14081043,0
3.3022032,-0.70761824,-2.083107,0.14179137,0.040372431,-0.98907298,0
-5.1075397,1.9301775,0.74885583,-0.98968995,0.026197731,-0.14081043,0
4.8669062,-2.1959679,0.89299297,0.98968995,-0.026197731,0.14081043,0
1.7784986,-4.4993887,-0.95712429,-0.020226598,-0.99884129,-0.043670863,0
-4.7441912,-1.4696971,-2.437499,-0.98968995,0.026197731,-0.14081043,0
-3.9610515,-4.3510618,-1.6913247,-0.020226598,-0.99884129,-0.043670863,0
4.9836597,-1.8709574,0.13285637,0.98968995,-0.026197731,0.14081043,0
0.63924289,-2.4651012,2.5186384,-0.14179137,-0.040372431,0.98907298,0
-5.0373745,-0.41874146,-0.18131971,-0.98968995,0.026197731,-0.14081043,0
4.7512884,-3.3625062,1.4885809,0.98968995,-0.026197731,0.14081043,0
5.2473373,0.90239334,-1.2044244,0.98968995,-0.026197731,0.14081043,0
-2.7560878,-0.92713416,-2.9605703,0.14179137,0.040372431,-0.98907298,0
3.8888385,4.2936082,3.038856,0.020226598,0.99884129,0.043670863,0
-4.8762636,-0.47619319,-1.3243804,-0.98968995,0.026197731,-0.14081043,0
-2.1719909,4.4496231,2.2776144,0.020226598,0.99884129,0.043670863,0
-4.5494571,2.6890438,-3.0324562,-0.98968995,0.026197731,-0.14081043,0
1.6056027,4.3458972,2.9004014,0.020226598,0.99884129,0.043670863,0
-0.67214727,4.4367666,1.877008,0.020226598,0.99884129,0.043670863,0
-4.665411,-4.2787232,-3.0196247,-0.020226598,-0.99884129,-0.043670863,0
3.1988134,-1.7626126,2.9142475,-0.14179137,-0.040372431,0.98907298,0
-5.1932445,-3.4691923,0.34668016,-0.98968995,0.026197731,-0.14081043,0
4.035717,-3.7297661,-2.1013117,0.14179137,0.040372431,-0.98907298,0
3.8983014,2.8650002,3.2034163,-0.14179137,-0.040372431,0.98907298,0
0.27205038,4.5658975,-1.5138063,0.020226598,0.99884129,0.043670863,0
-0.12815213,2.5494266,2.6133118,-0.14179137,-0.040372431,0.98907298,0
2.4351163,4.4109077,1.0292754,0.020226598,0.99884129,0.043670863,0
2.5281692,-4.5215297,-0.79792899,-0.020226598,-0.99884129,-0.043670863,0
5.2139378,-0.8144691,-1.2890985,0.98968995,-0.026197731,0.14081043,0
3.664463,3.772799,-1.8482904,0.14179137,0.040372431,-0.98907298,0
0.25166655,-4.4004383,-2.5131547,-0.020226598,-0.99884129,-0.043670863,0
-1.3228755,2.9054961,2.456573,-0.14179137,-0.040372431,0.98907298,0
-1.9464765,4.4963837,1.103653,0.020226598,0.99884129,0.043670863,0
4.9181824,-0.54141879,0.84042645,0.98968995,-0.026197731,0.14081043,0
-2.2506623,-2.2412441,2.1134858,-0.14179137,-0.040372431,0.98907298,0
0.308671,4.5026989,-0.085282087,0.020226598,0.99884129,0.043670863,0
4.4636602,-1.6796641,-1.9562805,0.14179137,0.040372431,-0.98907298,0
0.69542646,-2.8479903,2.5110638,-0.14179137,-0.040372431,0.98907298,0
-3.0180342,-4.3936663,-1.1536455,-0.020226598,-0.99884129,-0.043670863,0
4.7259026,-3.4141378,1.6574001,0.98968995,-0.026197731,0.14081043,0
-2.785938,3.3785512,2.2661409,-0.14179137,-0.040372431,0.98907298,0
-0.92348289,4.4648509,1.3510691,0.020226598,0.99884129,0.043670863,0
1.7635636,-4.5171733,-0.54343188,-0.020226598,-0.99884129,-0.043670863,0
-3.1582265,-3.4361663,1.9346042,-0.14179137,-0.040372431,0.98907298,0
4.2214084,-4.7059035,2.6348367,-0.020226598,-0.99884129,-0.043670863,0
0.36498117,-4.4548779,-1.3204943,-0.020226598,-0.99884129,-0.043670863,0
-3.2523117,-3.8748653,1.9032092,-0.14179137,-0.040372431,0.98907298,0
4.5399408,-3.5058095,2.9473834,0.98968995,-0.026197731,0.14081043,0
-4.8695922,-0.31007493,-1.3403645,-0.98968995,0.026197731,-0.14081043,0
-0.49999237,-4.564395,1.585013,-0.020226598,-0.99884129,-0.043670863,0
0.98156309,-4.513083,-0.27479088,-0.020226598,-0.99884129,-0.043670863,0
3.0944793,0.19341046,2.9791322,-0.14179137,-0.040372431,0.98907298,0
-0.030835152,4.5563793,-1.1558138,0.020226598,0.99884129,0.043670863,0
4.8618274,0.88915777,1.5026779,0.98968995,-0.026197731,0.14081043,0
-5.0080867,0.37766814,-0.23899603,-0.98968995,0.026197731,-0.14081043,0
-5.2684083,-3.2740967,0.91126919,-0.98968995,0.026197731,-0.14081043,0
-5.3044138,-2.5499973,1.2990551,-0.98968995,0.026197731,-0.14081043,0
4.5006046,4.4056568,0.19273376,0.020226598,0.99884129,0.043670863,0
-0.32585907,4.4116516,2.2910542,0.020226598,0.99884129,0.043670863,0
1.5408509,-1.8899119,-2.3838699,0.14179137,0.040372431,-0.98907298,0
4.6885443,-1.4662708,2.2823756,0.98968995,-0.026197731,0.14081043,0
1.5522344,-2.7345285,-2.4167142,0.14179137,0.040372431,-0.98907298,0
4.8899145,0.76168597,1.2815528,0.98968995,-0.026197731,0.14081043,0
2.7407229,-4.5336676,-0.61875457,-0.020226598,-0.99884129,-0.043670863,0
-2.8620067,-4.4981165,1.1630707,-0.020226598,-0.99884129,-0.043670863,0
4.6562262,-1.1848031,2.5618887,0.98968995,-0.026197731,0.14081043,0
3.6299269,-1.0513872,3.0050821,-0.14179137,-0.040372431,0.98907298,0
4.9157038,-2.7712932,0.44297838,0.98968995,-0.026197731,0.14081043,0
0.74948311,4.25739,2.8088441,-0.14179137,-0.040372431,0.98907298,0
-5.140305,-3.0926151,0.044656754,-0.98968995,0.026197731,-0.14081043,0
5.3336029,2.8233426,-1.4533525,0.98968995,-0.026197731,0.14081043,0
5.2124534,3.3942802,-0.49562883,0.98968995,-0.026197731,0.14081043,0
-5.2530389,-3.476727,0.76554537,-0.98968995,0.026197731,-0.14081043,0
-4.6458693,3.4110975,-2.2204814,-0.98968995,0.026197731,-0.14081043,0
5.2505212,-2.1823726,-1.8007257,0.98968995,-0.026197731,0.14081043,0
1.0328283,-4.4707131,-1.267633,-0.020226598,-0.99884129,-0.043670863,0
4.6572142,-3.7233074,2.0826578,0.98968995,-0.026197731,0.14081043,0
-4.5346522,3.7044487,-2.9475965,-0.98968995,0.026197731,-0.14081043,0
4.601923,1.8305155,3.2620602,-0.14179137,-0.040372431,0.98907298,0
3.8615184,4.4868555,-1.3684573,0.020226598,0.99884129,0.043670863,0
-4.9204617,2.843472,1.9382992,-0.14179137,-0.040372431,0.98907298,0
-3.1633704,-0.93341529,-3.0192139,0.14179137,0.040372431,-0.98907298,0
-4.3179293,4.653718,-1.3965403,0.020226598,0.99884129,0.043670863,0
-2.7144747,3.3416753,-2.7803586,0.14179137,0.040372431,-0.98907298,0
5.269805,1.0287762,-1.3388267,0.98968995,-0.026197731,0.14081043,0
1.9376504,-3.1532402,-2.3785529,0.14179137,0.040372431,-0.98907298,0
0.24045908,0.33752441,2.5758684,-0.14179137,-0.040372431,0.98907298,0
2.1150541,4.5396485,-1.7670426,0.020226598,0.99884129,0.043670863,0
4.6550555,-4.2605782,-2.0341916,0.14179137,0.040372431,-0.98907298,0
3.8956299,-0.90040874,-2.005904,0.14179137,0.040372431,-0.98907298,0
-4.1504054,-0.22938412,-3.1319757,0.14179137,0.040372431,-0.98907298,0
1.3459561,0.20843124,2.7290807,-0.14179137,-0.040372431,0.98907298,0
-1.7041492,-4.5305219,1.3679843,-0.020226598,-0.99884129,-0.043670863,0
0.37430716,-4.3958201,-2.6533904,0.14179137,0.040372431,-0.98907298,0
3.9202938,-4.5589733,-0.58628905,-0.020226598,-0.99884129,-0.043670863,0
2.1320119,1.018105,2.8748176,-0.14179137,-0.040372431,0.98907298,0
-2.7938313,4.60254,-0.93189585,0.020226598,0.99884129,0.043670863,0
-3.888484,-4.4811225,1.2498178,-0.020226598,-0.99884129,-0.043670863,0
-3.6630886,4.6062379,-0.61386371,0.020226598,0.99884129,0.043670863,0
2.4174924,-4.4509258,-2.3615289,-0.020226598,-0.99884129,-0.043670863,0
-2.5352757,-4.4751096,0.48553038,-0.020226598,-0.99884129,-0.043670863,0
2.4385531,4.4602141,-0.1000514,0.020226598,0.99884129,0.043670863,0
4.1160307,3.5914834,-1.7909555,0.14179137,0.040372431,-0.98907298,0
3.3119478,-1.2551936,2.9511781,-0.14179137,-0.040372431,0.98907298,0
0.58489084,4.4414873,1.1868155,0.020226598,0.99884129,0.043670863,0
4.5421386,-3.9711156,-2.0385637,0.14179137,0.040372431,-0.98907298,0
5.0497737,2.3139939,0.44678354,0.98968995,-0.026197731,0.14081043,0
1.3895562,-4.6270566,2.1430457,-0.020226598,-0.99884129,-0.043670863,0
-2.4656792,4.584331,-0.6674068,0.020226598,0.99884129,0.043670863,0
-5.0573101,4.0027561,0.7814157,-0.98968995,0.026197731,-0.14081043,0
4.990428,0.88894939,0.59876585,0.98968995,-0.026197731,0.14081043,0
-3.1392255,4.6369591,-1.5591563,0.020226598,0.99884129,0.043670863,0
4.7213407,-2.8551021,1.7934732,0.98968995,-0.026197731,0.14081043,0
4.1064525,2.6933014,-1.8289914,0.14179137,0.040372431,-0.98907298,0
4.7996449,3.2665992,2.3820515,0.98968995,-0.026197731,0.14081043,0
-3.4375627,-4.3132763,-2.7980189,-0.020226598,-0.99884129,-0.043670863,0
-5.0423808,0.31827974,-0.0090112686,-0.98968995,0.026197731,-0.14081043,0
-0.90417051,2.3488984,2.4938781,-0.14179137,-0.040372431,0.98907298,0
-4.7399492,4.5403557,1.3917505,0.020226598,0.99884129,0.043670863,0
-4.1028481,4.526679,1.4094887,0.020226598,0.99884129,0.043670863,0
-5.0241299,-3.2287674,-0.79721689,-0.98968995,0.026197731,-0.14081043,0
-2.3402424,-4.3528962,-2.4000635,-0.020226598,-0.99884129,-0.043670863,0
-4.536675,-4.3547645,-1.3400245,-0.020226598,-0.99884129,-0.043670863,0
4.8214073,2.4962831,2.0857739,0.98968995,-0.026197731,0.14081043,0
-1.7778418,-1.6405351,2.2057879,-0.14179137,-0.040372431,0.98907298,0
-1.9304352,4.5949993,-1.1593127,0.020226598,0.99884129,0.043670863,0
2.1528044,-1.7794666,2.7636056,-0.14179137,-0.040372431,0.98907298,0
5.2141185,2.4880064,-1.6785784,0.14179137,0.040372431,-0.98907298,0
-3.7825835,4.5843458,-0.057806611,0.020226598,0.99884129,0.043670863,0
-2.2424703,-4.350327,-2.5041192,-0.020226598,-0.99884129,-0.043670863,0
4.6687732,-0.98291957,2.5112643,0.98968995,-0.026197731,0.14081043,0
-5.3580375,-2.7244995,1.6434803,-0.98968995,0.026197731,-0.14081043,0
0.87694216,4.4037514,1.9146562,0.020226598,0.99884129,0.043670863,0
-4.7897501,-2.6211705,-2.3315134,-0.98968995,0.026197731,-0.14081043,0
4.9671226,1.5020281,0.87663174,0.98968995,-0.026197731,0.14081043,0
-3.3090138,4.4775763,2.1648927,0.020226598,0.99884129,0.043670863,0
5.1488748,-3.1301098,-1.2626278,0.98968995,-0.026197731,0.14081043,0
-4.4731369,-4.4822245,1.5458088,-0.020226598,-0.99884129,-0.043670863,0
4.9420242,-1.5618279,0.48300385,0.98968995,-0.026197731,0.14081043,0
-1.0294302,1.4712564,2.4400973,-0.14179137,-0.040372431,0.98907298,0
4.6780944,3.3990502,3.2610154,0.98968995,-0.026197731,0.14081043,0
2.8535075,1.1199417,2.9824069,-0.14179137,-0.040372431,0.98907298,0
-5.3371453,-3.1999273,1.6318822,-0.14179137,-0.040372431,0.98907298,0
-4.7074242,1.0294745,-2.2309432,-0.98968995,0.026197731,-0.14081043,0
-3.2129049,2.8992805,-2.8698702,0.14179137,0.040372431,-0.98907298,0
4.726079,1.1373321,2.5029602,0.98968995,-0.026197731,0.14081043,0
4.9595213,-4.5659885,-0.90716934,-0.020226598,-0.99884129,-0.043670863,0
-5.1790395,-4.2193012,1.6129384,-0.14179137,-0.040372431,0.98907298,0
5.1411257,3.0805299,-0.052670956,0.98968995,-0.026197731,0.14081043,0
-4.5001159,0.81973124,-3.139286,0.14179137,0.040372431,-0.98907298,0
-5.315371,-4.2289715,1.063693,-0.98968995,0.026197731,-0.14081043,0
-0.20633698,4.5347753,-0.5804069,0.020226598,0.99884129,0.043670863,0
4.8534417,1.4866683,1.6727853,0.98968995,-0.026197731,0.14081043,0
2.2073953,-4.5360789,-0.31659788,-0.020226598,-0.99884129,-0.043670863,0
4.5331817,-1.4976261,-1.9388835,0.14179137,0.040372431,-0.98907298,0
-2.5180154,2.4582362,2.2669842,-0.14179137,-0.040372431,0.98907298,0
-4.7995052,-4.2062216,1.6678815,-0.14179137,-0.040372431,0.98907298,0
4.6004,-1.0138108,2.9860778,0.98968995,-0.026197731,0.14081043,0
-3.418009,-4.4515781,0.35617161,-0.020226598,-0.99884129,-0.043670863,0
5.0215464,-0.44664812,0.1315608,0.98968995,-0.026197731,0.14081043,0
5.0647674,2.5187018,0.37948847,0.98968995,-0.026197731,0.14081043,0
-2.3447382,-3.3522937,-3.0005915,0.14179137,0.040372431,-0.98907298,0
0.16345191,0.80301118,2.5838296,-0.14179137,-0.040372431,0.98907298,0
4.6184244,-3.8646297,2.3290019,0.98968995,-0.026197731,0.14081043,0
2.7328696,-4.6285305,1.5545862,-0.020226598,-0.99884129,-0.043670863,0
-4.642828,-4.3319349,-1.8130336,-0.020226598,-0.99884129,-0.043670863,0
4.8560739,4.3244123,1.8863192,0.020226598,0.99884129,0.043670863,0
1.0170193,-4.4365277,-2.0421972,-0.020226598,-0.99884129,-0.043670863,0
4.1143298,-0.13984728,-1.9435067,0.14179137,0.040372431,-0.98907298,0
-0.68050194,-4.4095736,-1.8724794,-0.020226598,-0.99884129,-0.043670863,0
-4.7912474,3.540154,-1.1746767,-0.98968995,0.026197731,-0.14081043,0
-4.9430456,-0.19235921,-0.8021946,-0.98968995,0.026197731,-0.14081043,0
4.1327939,4.3676429,1.2325292,0.020226598,0.99884129,0.043670863,0
3.524683,-0.87967491,-2.0582361,0.14179137,0.040372431,-0.98907298,0
-5.2671299,-0.10833359,1.491272,-0.98968995,0.026197731,-0.14081043,0
2.4331586,4.401639,1.2421749,0.020226598,0.99884129,0.043670863,0
-4.5978069,-4.3804979,-0.72314978,-0.020226598,-0.99884129,-0.043670863,0
4.4058352,-4.5795636,-0.34024072,-0.020226598,-0.99884129,-0.043670863,0
-0.23862028,-4.410387,-2.0585241,-0.020226598,-0.99884129,-0.043670863,0
-1.832736,2.3823578,-2.6931124,0.14179137,0.040372431,-0.98907298,0
-4.9758754,2.3261747,-0.1028769,-0.98968995,0.026197731,-0.14081043,0
4.451231,-4.5393143,-1.28185,-0.020226598,-0.99884129,-0.043670863,0
-1.5259733,-4.4199018,-1.2446477,-0.020226598,-0.99884129,-0.043670863,0
-4.551168,4.3393345,-2.7133927,-0.98968995,0.026197731,-0.14081043,0
-0.27202177,4.5166225,-0.13478529,0.020226598,0.99884129,0.043670863,0
-4.7908769,-3.1625342,-2.4243178,-0.98968995,0.026197731,-0.14081043,0
-2.1332407,4.4914322,1.3034101,0.020226598,0.99884129,0.043670863,0
4.095767,-0.74213344,3.0844867,-0.14179137,-0.040372431,0.98907298,0
5.1754503,0.094825506,-0.84941196,0.98968995,-0.026197731,0.14081043,0
-4.5148268,-4.4249144,0.25431395,-0.020226598,-0.99884129,-0.043670863,0
-1.4099319,0.07807672,-2.7265573,0.14179137,0.040372431,-0.98907298,0
-2.9344354,1.4956179,-2.8872449,0.14179137,0.040372431,-0.98907298,0
3.5341945,4.4518404,-0.41598415,0.020226598,0.99884129,0.043670863,0
4.1455703,4.4971619,-1.7357473,0.020226598,0.99884129,0.043670863,0
-1.0738568,-4.5574274,1.6914344,-0.020226598,-0.99884129,-0.043670863,0
-2.2594163,2.1634643,2.2920239,-0.14179137,-0.040372431,0.98907298,0
0.054515839,4.4199238,1.9256715,0.020226598,0.99884129,0.043670863,0
4.7219687,3.3347476,2.9406805,0.98968995,-0.026197731,0.14081043,0
1.0479591,4.579103,-2.1752071,0.020226598,0.99884129,0.043670863,0
3.2355783,-4.6164026,1.0443561,-0.020226598,-0.99884129,-0.043670863,0
-1.1691475,-4.1153841,-2.8632097,0.14179137,0.040372431,-0.98907298,0
2.5152597,4.5401888,-1.9647584,0.020226598,0.99884129,0.043670863,0
-5.0823364,-3.9685516,-0.52574778,-0.98968995,0.026197731,-0.14081043,0
-1.006242,-4.5245671,0.9085443,-0.020226598,-0.99884129,-0.043670863,0
-4.9317575,0.14712167,-0.81837273,-0.98968995,0.026197731,-0.14081043,0
2.4419553,2.5090306,2.9801078,-0.14179137,-0.040372431,0.98907298,0
4.5379386,4.4261913,-0.29422283,0.020226598,0.99884129,0.043670863,0
-4.4496784,4.6236129,-0.64696038,0.020226598,0.99884129,0.043670863,0
-4.6445923,4.5774164,0.49992764,0.020226598,0.99884129,0.043670863,0
4.7948527,-3.6527698,1.1283844,0.98968995,-0.026197731,0.14081043,0
-1.0728184,-0.22352934,-2.6905406,0.14179137,0.040372431,-0.98907298,0
4.841938,-0.27991819,1.4249632,0.98968995,-0.026197731,0.14081043,0
-5.1124034,-1.2677388,0.18806696,-0.98968995,0.026197731,-0.14081043,0
0.95378423,-1.0080476,-2.4320343,0.14179137,0.040372431,-0.98907298,0
4.6438003,0.087470919,2.8859315,0.98968995,-0.026197731,0.14081043,0
4.7368793,-2.3331575,1.7813661,0.98968995,-0.026197731,0.14081043,0
4.7681975,4.3304791,1.7882538,0.020226598,0.99884129,0.043670863,0
4.9817038,0.64565158,0.61481905,0.98968995,-0.026197731,0.14081043,0
5.1667032,-0.88228536,-0.96972466,0.98968995,-0.026197731,0.14081043,0
1.857561,1.379015,2.8502047,-0.14179137,-0.040372431,0.98907298,0
-2.1665363,-4.3485255,-2.5804911,-0.020226598,-0.99884129,-0.043670863,0
2.8705029,-4.4951601,-1.5596156,-0.020226598,-0.99884129,-0.043670863,0
4.8949127,-0.17042899,1.0730014,0.98968995,-0.026197731,0.14081043,0
-4.3386688,4.6296096,-0.83552516,0.020226598,0.99884129,0.043670863,0
0.55499935,3.8588748,-2.2905426,0.14179137,0.040372431,-0.98907298,0
-5.0525393,3.6157203,0.67587972,-0.98968995,0.026197731,-0.14081043,0
-4.9742398,-3.5323942,-1.2043576,-0.98968995,0.026197731,-0.14081043,0
4.7899976,-4.5920653,-0.23222589,-0.020226598,-0.99884129,-0.043670863,0
0.39103568,0.61030185,2.6085892,-0.14179137,-0.040372431,0.98907298,0
5.2834935,2.3941901,-1.1810026,0.98968995,-0.026197731,0.14081043,0
3.1691329,4.3958378,1.0339999,0.020226598,0.99884129,0.043670863,0
1.9277582,-4.4445214,-2.2811766,-0.020226598,-0.99884129,-0.043670863,0
-3.0631099,-4.3339491,-2.4986291,-0.020226598,-0.99884129,-0.043670863,0
2.2219162,3.5872455,2.9925747,-0.14179137,-0.040372431,0.98907298,0
5.1207676,-3.2558343,-1.0884678,0.98968995,-0.026197731,0.14081043,0
5.2266507,-1.7443953,-1.551465,0.98968995,-0.026197731,0.14081043,0
3.0581505,-2.7704515,2.8529437,-0.14179137,-0.040372431,0.98907298,0
0.1196146,-4.418757,-2.0330024,-0.020226598,-0.99884129,-0.043670863,0
4.1678662,4.3819828,0.88832903,0.020226598,0.99884129,0.043670863,0
-5.2784162,-3.6904697,0.90414333,-0.98968995,0.026197731,-0.14081043,0
1.0499778,3.8906028,-2.2182887,0.14179137,0.040372431,-0.98907298,0
-0.032076359,-0.080822945,2.5197222,-0.14179137,-0.040372431,0.98907298,0
-0.71458435,4.5582333,-0.88153392,0.020226598,0.99884129,0.043670863,0
-0.16933966,4.4598036,1.1172159,0.020226598,0.99884129,0.043670863,0
-1.1311052,4.6322002,-2.380404,0.020226598,0.99884129,0.043670863,0
-4.7876549,4.5477591,1.2445129,0.020226598,0.99884129,0.043670863,0
3.4914203,-0.75154686,-2.0577741,0.14179137,0.040372431,-0.98907298,0
1.8338628,-4.526989,-0.35148773,-0.020226598,-0.99884129,-0.043670863,0
-3.3463709,-4.3937798,-0.99897718,-0.020226598,-0.99884129,-0.043670863,0
-5.1752954,3.433006,1.5046804,-0.98968995,0.026197731,-0.14081043,0
-5.2045116,-0.6765852,0.94543362,-0.98968995,0.026197731,-0.14081043,0
1.1316451,-3.3580935,2.5527773,-0.14179137,-0.040372431,0.98907298,0
-5.1117234,-2.6292708,-0.070024967,-0.98968995,0.026197731,-0.14081043,0
1.9529843,4.5387182,-1.6707001,0.020226598,0.99884129,0.043670863,0
1.4443693,-4.4705524,-1.4619164,-0.020226598,-0.99884129,-0.043670863,0
2.767503,-4.5704918,0.21107593,-0.020226598,-0.99884129,-0.043670863,0
-1.402657,4.4563608,1.7671806,0.020226598,0.99884129,0.043670863,0
4.8746986,-1.3097131,-1.8822544,0.14179137,0.040372431,-0.98907298,0
0.59320402,-1.1216224,-2.4883623,0.14179137,0.040372431,-0.98907298,0
-4.8495116,-0.20217741,-1.4614263,-0.98968995,0.026197731,-0.14081043,0
-2.4981401,4.5825825,-0.61238045,0.020226598,0.99884129,0.043670863,0
4.7129221,2.5131907,2.8514113,0.98968995,-0.026197731,0.14081043,0
3.8711975,4.3590956,1.549191,0.020226598,0.99884129,0.043670863,0
2.7032204,-3.6476092,2.7662573,-0.14179137,-0.040372431,0.98907298,0
1.477946,4.5506063,-1.7225816,0.020226598,0.99884129,0.043670863,0
-4.177938,1.8360806,2.0036259,-0.14179137,-0.040372431,0.98907298,0
-5.1582117,-1.7534878,0.41966009,-0.98968995,0.026197731,-0.14081043,0
3.5266354,-4.0799422,2.8666532,-0.14179137,-0.040372431,0.98907298,0
-0.068106651,-3.222146,2.386333,-0.14179137,-0.040372431,0.98907298,0
-5.3270855,-3.7989705,1.2260327,-0.98968995,0.026197731,-0.14081043,0
2.0421469,3.7222104,-2.082927,0.14179137,0.040372431,-0.98907298,0
3.4099429,-4.6057444,0.71982306,-0.020226598,-0.99884129,-0.043670863,0
4.7529564,0.71997279,2.236403,0.98968995,-0.026197731,0.14081043,0
-4.5177031,-2.0384562,1.7967649,-0.14179137,-0.040372431,0.98907298,0
-4.8582435,-4.321238,-1.9579177,-0.020226598,-0.99884129,-0.043670863,0
-2.315522,1.4288466,2.2539947,-0.14179137,-0.040372431,0.98907298,0
-5.3455119,-2.1770101,1.6573062,-0.98968995,0.026197731,-0.14081043,0
4.2249985,-4.6024446,0.26686013,-0.020226598,-0.99884129,-0.043670863,0
2.5208697,-4.6138935,1.3179936,-0.020226598,-0.99884129,-0.043670863,0
5.0877848,-0.48256207,-0.34067965,0.98968995,-0.026197731,0.14081043,0
3.0364618,4.4088688,0.79740286,0.020226598,0.99884129,0.043670863,0
-3.1733742,-1.0723522,2.0289199,-0.14179137,-0.040372431,0.98907298,0
1.4920013,4.5368004,-1.4133301,0.020226598,0.99884129,0.043670863,0
-5.1493473,-4.3438177,-0.12457657,-0.98968995,0.026197731,-0.14081043,0
-4.0993295,-3.7931287,-3.2701206,0.14179137,0.040372431,-0.98907298,0
-1.135715,-4.4653821,-0.38517714,-0.020226598,-0.99884129,-0.043670863,0
4.7511415,2.6753392,2.6129551,0.98968995,-0.026197731,0.14081043,0
5.1398354,3.4264421,0.020755291,0.98968995,-0.026197731,0.14081043,0
-4.7139616,-3.7035728,-3.0655799,-0.98968995,0.026197731,-0.14081043,0
0.25829434,1.9002821,-2.4130247,0.14179137,0.040372431,-0.98907298,0
4.538228,-4.5644422,-0.74742198,-0.020226598,-0.99884129,-0.043670863,0
0.24509776,-3.1945107,2.4323611,-0.14179137,-0.040372431,0.98907298,0
-0.43155289,4.5757666,-1.4136558,0.020226598,0.99884129,0.043670863,0
-5.0900054,-4.0629187,-0.48939896,-0.98968995,0.026197731,-0.14081043,0
-1.6266286,-4.5184216,1.0553198,-0.020226598,-0.99884129,-0.043670863,0
-4.675447,0.60672283,-2.5343485,-0.98968995,0.026197731,-0.14081043,0
4.722621,4.2633953,3.1088691,0.98968995,-0.026197731,0.14081043,0
-5.1975374,-0.38505578,0.95065737,-0.98968995,0.026197731,-0.14081043,0
-5.1483727,4.2531347,1.4680345,-0.98968995,0.026197731,-0.14081043,0
-1.3249459,1.7669885,2.4098041,-0.14179137,-0.040372431,0.98907298,0
4.7343626,1.9020623,2.587018,0.98968995,-0.026197731,0.14081043,0
5.3731694,4.1331501,-1.4877596,0.98968995,-0.026197731,0.14081043,0
-4.6602592,4.4631648,-1.9236054,-0.98968995,0.026197731,-0.14081043,0
2.087709,-1.3203511,2.7730141,-0.14179137,-0.040372431,0.98907298,0
4.1620655,-0.90265775,3.0874388,-0.14179137,-0.040372431,0.98907298,0
-0.71002436,4.5339675,-0.32863843,0.020226598,0.99884129,0.043670863,0
-1.2895746,-4.4024596,2.1630473,-0.14179137,-0.040372431,0.98907298,0
4.9446483,-0.20016575,-1.826936,0.14179137,0.040372431,-0.98907298,0
-4.6379399,-1.8206778,-3.2495847,-0.98968995,0.026197731,-0.14081043,0
-1.7754111,-3.2549269,-2.915,0.14179137,0.040372431,-0.98907298,0
0.92025852,-0.067852974,-2.398463,0.14179137,0.040372431,-0.98907298,0
1.3558145,3.6235752,-2.1853442,0.14179137,0.040372431,-0.98907298,0
5.0759692,2.0451603,0.21265221,0.98968995,-0.026197731,0.14081043,0
-5.1900754,-2.9870074,0.41411591,-0.98968995,0.026197731,-0.14081043,0
3.526051,4.4791799,-1.0375214,0.020226598,0.99884129,0.043670863,0
-1.0654759,4.4608307,1.5087817,0.020226598,0.99884129,0.043670863,0
-1.0836806,4.514173,0.29716158,0.020226598,0.99884129,0.043670863,0
4.3197904,-2.1617575,-1.9965838,0.14179137,0.040372431,-0.98907298,0
1.1938376,4.3981476,1.8960497,0.020226598,0.99884129,0.043670863,0
0.39160514,4.5412474,-1.0053738,0.020226598,0.99884129,0.043670863,0
4.5792065,-1.9984264,2.9518485,0.98968995,-0.026197731,0.14081043,0
-5.2590561,-2.509768,0.98774195,-0.98968995,0.026197731,-0.14081043,0
-0.87139082,-4.3960252,-2.0939374,-0.020226598,-0.99884129,-0.043670863,0
-2.5477483,-4.384119,-1.5898235,-0.020226598,-0.99884129,-0.043670863,0
-4.3996229,-4.4229178,0.15529537,-0.020226598,-0.99884129,-0.043670863,0
-2.5425441,-3.3575997,2.0260739,-0.14179137,-0.040372431,0.98907298,0
5.0512142,-3.153579,-0.5805831,0.98968995,-0.026197731,0.14081043,0
0.13193321,2.5464642,-2.4047632,0.14179137,0.040372431,-0.98907298,0
1.6169214,-4.522295,-0.3583692,-0.020226598,-0.99884129,-0.043670863,0
-0.64368773,-4.3856635,-2.4363909,-0.020226598,-0.99884129,-0.043670863,0
-3.511251,-0.40941322,-3.0476966,0.14179137,0.040372431,-0.98907298,0
4.2005391,4.4445648,-0.55820513,0.020226598,0.99884129,0.043670863,0
2.1116467,-0.67582238,2.8027544,-0.14179137,-0.040372431,0.98907298,0
-0.003330946,4.6001582,-2.1698751,0.020226598,0.99884129,0.043670863,0
2.6272173,-4.5396709,-0.4288877,-0.020226598,-0.99884129,-0.043670863,0
1.7569669,3.6460977,-2.1269169,0.14179137,0.040372431,-0.98907298,0
0.027112007,-4.2514277,-2.6972699,0.14179137,0.040372431,-0.98907298,0
2.4243305,2.2667742,-2.0875468,0.14179137,0.040372431,-0.98907298,0
-2.2727053,-4.4532661,-0.13568306,-0.020226598,-0.99884129,-0.043670863,0
4.7936506,2.2105565,2.227704,0.98968995,-0.026197731,0.14081043,0
-4.7586136,-0.28365135,-2.1154652,-0.98968995,0.026197731,-0.14081043,0
0.034225941,-3.7233515,2.3805444,-0.14179137,-0.040372431,0.98907298,0
-5.208919,1.0760465,1.3024905,-0.98968995,0.026197731,-0.14081043,0
-4.5714941,2.1142917,1.9585629,-0.14179137,-0.040372431,0.98907298,0
1.5698681,0.8984102,2.7893443,-0.14179137,-0.040372431,0.98907298,0
-4.7543325,-0.5170064,-2.1889691,-0.98968995,0.026197731,-0.14081043,0
2.5389223,4.3328748,2.7659848,0.020226598,0.99884129,0.043670863,0
-4.2362528,2.2586999,-3.0427227,0.14179137,0.040372431,-0.98907298,0
0.0054900646,4.5985188,-2.1364608,0.020226598,0.99884129,0.043670863,0
2.2837405,1.7314875,-2.1295507,0.14179137,0.040372431,-0.98907298,0
-2.1032314,3.9468665,-2.6680291,0.14179137,0.040372431,-0.98907298,0
4.613976,-4.3098536,2.2774327,0.98968995,-0.026197731,0.14081043,0
0.38405085,-4.4565339,-1.291446,-0.020226598,-0.99884129,-0.043670863,0
2.6801512,-4.6223984,1.438758,-0.020226598,-0.99884129,-0.043670863,0
-3.4376018,-4.4647017,0.66540527,-0.020226598,-0.99884129,-0.043670863,0
2.1264687,-4.4971328,2.6488991,-0.14179137,-0.040372431,0.98907298,0
2.8313112,1.0515966,2.9764347,-0.14179137,-0.040372431,0.98907298,0
-4.3182573,-4.444809,0.61830711,-0.020226598,-0.99884129,-0.043670863,0
4.580349,-2.7455015,2.8048258,0.98968995,-0.026197731,0.14081043,0
-0.99560225,-1.0063709,-2.7114255,0.14179137,0.040372431,-0.98907298,0
-0.92717975,-1.7630908,2.3227346,-0.14179137,-0.040372431,0.98907298,0
-0.85508823,4.5258131,-0.074946046,0.020226598,0.99884129,0.043670863,0
-3.2489762,4.6746297,-2.3699346,0.020226598,0.99884129,0.043670863,0
-0.74749327,0.98424435,-2.5946033,0.14179137,0.040372431,-0.98907298,0
1.4746966,-4.1134329,-2.4841146,0.14179137,0.040372431,-0.98907298,0
-4.8238969,2.6889389,-1.1035695,-0.98968995,0.026197731,-0.14081043,0
4.2974381,1.8959464,3.2210803,-0.14179137,-0.040372431,0.98907298,0
-5.0970469,3.7559102,1.0147858,-0.98968995,0.026197731,-0.14081043,0
4.8834925,-4.0400534,-1.9924419,0.14179137,0.040372431,-0.98907298,0
-4.8393993,2.2815695,-1.0703998,-0.98968995,0.026197731,-0.14081043,0
-5.062994,2.152787,0.47718215,-0.98968995,0.026197731,-0.14081043,0
-4.7350211,0.00080925226,-2.2283599,-0.98968995,0.026197731,-0.14081043,0
1.7561185,-3.917552,2.6194644,-0.14179137,-0.040372431,0.98907298,0
-4.1191206,-3.1167455,1.8098907,-0.14179137,-0.040372431,0.98907298,0
-4.0852203,-4.3731146,-1.129426,-0.020226598,-0.99884129,-0.043670863,0
-1.9960845,-4.4489942,-0.361516,-0.020226598,-0.99884129,-0.043670863,0
0.43564272,3.0689378,2.7153418,-0.14179137,-0.040372431,0.98907298,0
1.7970152,4.4785023,-0.22120142,0.020226598,0.99884129,0.043670863,0
0.79235744,-4.5822644,1.3951607,-0.020226598,-0.99884129,-0.043670863,0
3.9832048,-3.0620551,-2.0815847,0.14179137,0.040372431,-0.98907298,0
-3.2396581,-2.8476417,-3.1082861,0.14179137,0.040372431,-0.98907298,0
-4.7920785,2.1294541,-1.4312983,-0.98968995,0.026197731,-0.14081043,0
5.0749092,3.2403531,0.4424696,0.98968995,-0.026197731,0.14081043,0
-1.0743396,-4.555882,1.6563203,-0.020226598,-0.99884129,-0.043670863,0
-4.5768013,0.49870527,-3.1633832,0.14179137,0.040372431,-0.98907298,0
