3.4551816,-1.8092897,-4.0327005,0.97908121,0.04644835,0.19809692,0
-3.1241622,3.7197642,3.1556668,-0.054842234,0.99780566,0.037095688,0
-0.61538732,-1.0565579,-5.2787495,0.19593918,0.047183782,-0.97948021,0
-3.0732086,-0.84155059,4.4494314,-0.19593918,-0.047183782,0.97948021,0
2.9361215,1.7848932,-4.4314122,0.19593918,0.047183782,-0.97948021,0
2.0533931,0.068685532,2.4552164,0.97908121,0.04644835,0.19809692,0
0.24720669,-3.9054122,-2.4153697,0.054842234,-0.99780566,-0.037095688,0
0.68929124,4.216332,-4.563282,-0.054842234,0.99780566,0.037095688,0
2.7033422,-3.7341945,-3.3896747,0.054842234,-0.99780566,-0.037095688,0
2.6310735,-2.3728876,0.17255139,0.97908121,0.04644835,0.19809692,0
2.0547421,-0.26534653,2.5268705,0.97908121,0.04644835,0.19809692,0
-2.6614065,-2.031729,1.0101318,-0.97908121,-0.04644835,-0.19809692,0
-1.0861344,-3.8669872,-5.4201393,0.054842234,-0.99780566,-0.037095688,0
-0.56111979,-2.9732778,4.8492699,-0.19593918,-0.047183782,0.97948021,0
3.1493776,0.81151342,-3.1357894,0.97908121,0.04644835,0.19809692,0
-2.7072911,-0.20424485,0.8084172,-0.97908121,-0.04644835,-0.19809692,0
-1.6811547,-3.8318605,-3.4126172,-0.97908121,-0.04644835,-0.19809692,0
1.8515954,-3.9984362,2.4587224,0.054842234,-0.99780566,-0.037095688,0
1.6581228,1.3683457,4.1040792,0.97908121,0.04644835,0.19809692,0
3.2787459,1.2562175,-3.8794551,0.97908121,0.04644835,0.19809692,0
2.4670153,-0.75466943,0.60396934,0.97908121,0.04644835,0.19809692,0
0.62861776,3.9238873,3.2132463,-0.054842234,0.99780566,0.037095688,0
-2.5997596,3.7846169,2.1865258,-0.054842234,0.99780566,0.037095688,0
-3.1933377,-1.097302,3.4200687,-0.97908121,-0.04644835,-0.19809692,0
0.98462152,3.0197334,-4.7623129,0.19593918,0.047183782,-0.97948021,0
-3.2011883,-1.3115264,4.4011903,-0.19593918,-0.047183782,0.97948021,0
1.45433,0.7638799,5.2530441,0.97908121,0.04644835,0.19809692,0
-1.4169629,-2.9611368,-4.9225297,-0.97908121,-0.04644835,-0.19809692,0
-2.9775276,0.92977834,1.8781457,-0.97908121,-0.04644835,-0.19809692,0
1.4585319,-3.8771687,-1.3842394,0.054842234,-0.99780566,-0.037095688,0
0.021654129,-4.0937672,2.3175788,0.054842234,-0.99780566,-0.037095688,0
-0.076943874,3.8240561,4.8554068,-0.054842234,0.99780566,0.037095688,0
-1.8938489,-4.2226944,2.9535892,0.054842234,-0.99780566,-0.037095688,0
3.0274272,-1.3006668,-2.0378082,0.97908121,0.04644835,0.19809692,0
3.3432336,-1.5490484,-3.5404227,0.97908121,0.04644835,0.19809692,0
-0.78765571,-1.3899701,4.8802242,-0.19593918,-0.047183782,0.97948021,0
3.4503033,-3.0793777,-3.7107873,0.97908121,0.04644835,0.19809692,0
2.7543182,4.2455754,-2.2969453,-0.054842234,0.99780566,0.037095688,0
1.6937321,1.3321548,3.9365678,0.97908121,0.04644835,0.19809692,0
2.3886769,-3.7562165,-3.2625163,0.054842234,-0.99780566,-0.037095688,0
-1.2846255,-4.0979347,0.49847561,0.054842234,-0.99780566,-0.037095688,0
1.5452037,2.7919717,4.3283744,0.97908121,0.04644835,0.19809692,0
-1.93001,1.5553185,4.7935843,-0.19593918,-0.047183782,0.97948021,0
1.5714784,-1.3207695,5.1628394,0.97908121,0.04644835,0.19809692,0
2.777915,3.1894958,-1.857434,0.97908121,0.04644835,0.19809692,0
-2.8078301,2.7064581,0.62284285,-0.97908121,-0.04644835,-0.19809692,0
-2.1054409,3.8341851,1.5840309,-0.054842234,0.99780566,0.037095688,0
-0.062984824,2.1915042,-5.0117784,0.19593918,0.047183782,-0.97948021,0
-1.1594779,3.9984031,-1.4346123,-0.054842234,0.99780566,0.037095688,0
0.69560874,0.069293544,-4.9622579,0.19593918,0.047183782,-0.97948021,0
0.21484041,-3.9268823,-1.885722,0.054842234,-0.99780566,-0.037095688,0
0.59341508,-0.93542576,5.1783957,-0.19593918,-0.047183782,0.97948021,0
0.44993925,3.8650675,4.5312223,-0.054842234,0.99780566,0.037095688,0
0.022313595,2.5006189,5.2296724,-0.19593918,-0.047183782,0.97948021,0
-0.59525084,4.111546,-3.6438024,-0.054842234,0.99780566,0.037095688,0
-3.507443,1.2826726,4.4144764,-0.97908121,-0.04644835,-0.19809692,0
1.9914652,-2.7432163,3.4206061,0.97908121,0.04644835,0.19809692,0
-1.310533,3.9169159,0.53392446,-0.054842234,0.99780566,0.037095688,0
2.8540764,-0.27838302,-1.4207317,0.97908121,0.04644835,0.19809692,0
2.093447,-3.8088186,3.1664224,0.97908121,0.04644835,0.19809692,0
-0.39112186,1.8951411,5.1177998,-0.19593918,-0.047183782,0.97948021,0
1.7002821,-4.0192842,2.7957873,0.054842234,-0.99780566,-0.037095688,0
1.6398709,-1.6557877,4.903367,0.97908121,0.04644835,0.19809692,0
-0.3134315,-2.3073692,-5.2785993,0.19593918,0.047183782,-0.97948021,0
1.1026912,-3.3123169,-5.0437231,0.19593918,0.047183782,-0.97948021,0
0.5396179,-2.8005235,5.0777884,-0.19593918,-0.047183782,0.97948021,0
1.4004922,3.3645751,-4.662509,0.19593918,0.047183782,-0.97948021,0
3.1385155,-1.3853815,-4.543644,0.19593918,0.047183782,-0.97948021,0
0.95076644,-0.79502022,-4.9528508,0.19593918,0.047183782,-0.97948021,0
0.62957883,2.7917588,-4.8443193,0.19593918,0.047183782,-0.97948021,0
-1.4598196,4.0060682,-2.0848167,-0.054842234,0.99780566,0.037095688,0
1.6180071,-2.3694987,-4.8952198,0.19593918,0.047183782,-0.97948021,0
1.9611701,1.5957742,2.5529613,0.97908121,0.04644835,0.19809692,0
-0.79149222,-2.7216387,-5.3941889,0.19593918,0.047183782,-0.97948021,0
1.4127388,2.6951909,5.005765,0.97908121,0.04644835,0.19809692,0
-0.42431617,4.1253028,-3.7611127,-0.054842234,0.99780566,0.037095688,0
3.3694589,0.61285186,-4.401185,0.19593918,0.047183782,-0.97948021,0
2.1304972,-2.2621288,-4.7875266,0.19593918,0.047183782,-0.97948021,0
0.44138312,-4.0431542,1.5767055,0.054842234,-0.99780566,-0.037095688,0
-1.0891705,2.9802508,5.0304313,-0.19593918,-0.047183782,0.97948021,0
2.0286388,-3.8362548,-1.6419154,0.054842234,-0.99780566,-0.037095688,0
2.3126082,3.0002363,0.48669252,0.97908121,0.04644835,0.19809692,0
3.1614027,-1.513541,-2.6500611,0.97908121,0.04644835,0.19809692,0
-0.6132555,4.0382409,-1.6986382,-0.054842234,0.99780566,0.037095688,0
-1.1242859,4.0709481,-3.3339169,-0.054842234,0.99780566,0.037095688,0
-2.7884486,-0.37253904,4.5289893,-0.19593918,-0.047183782,0.97948021,0
-0.45738322,-1.0750918,4.961462,-0.19593918,-0.047183782,0.97948021,0
0.49389064,1.5708617,-4.9302764,0.19593918,0.047183782,-0.97948021,0
-3.0855854,-4.1323867,4.2884288,-0.19593918,-0.047183782,0.97948021,0
-2.9078202,3.7215242,3.4281633,-0.054842234,0.99780566,0.037095688,0
3.1235151,-1.1421807,-4.5349293,0.19593918,0.047183782,-0.97948021,0
-0.96737146,-3.5644226,-5.4699717,0.19593918,0.047183782,-0.97948021,0
2.5177608,-2.4329481,-4.7182856,0.19593918,0.047183782,-0.97948021,0
-2.98489,3.5283597,4.6776075,-0.19593918,-0.047183782,0.97948021,0
0.0063458681,1.7986609,-5.0168333,0.19593918,0.047183782,-0.97948021,0
0.67108655,-1.2000829,5.1811843,-0.19593918,-0.047183782,0.97948021,0
-1.1556568,-2.974103,4.7302966,-0.19593918,-0.047183782,0.97948021,0
-1.5007329,-3.9728734,-3.184932,0.054842234,-0.99780566,-0.037095688,0
2.896256,-3.7739849,-2.0341628,0.054842234,-0.99780566,-0.037095688,0
-1.0475819,4.0804405,-3.4758463,-0.054842234,0.99780566,0.037095688,0
2.6933475,-3.4833834,0.12514824,0.97908121,0.04644835,0.19809692,0
-0.77224469,3.9602151,0.16506317,-0.054842234,0.99780566,0.037095688,0
-1.880618,0.97249484,4.7753892,-0.19593918,-0.047183782,0.97948021,0
0.063073397,3.3169127,-4.9323478,0.19593918,0.047183782,-0.97948021,0
0.74644566,-3.9106302,-1.536942,0.054842234,-0.99780566,-0.037095688,0
0.87109709,3.9584537,2.6419582,-0.054842234,0.99780566,0.037095688,0
-3.3254771,2.0581093,3.3333001,-0.97908121,-0.04644835,-0.19809692,0
-2.7725134,2.1192698,4.6522136,-0.19593918,-0.047183782,0.97948021,0
1.7329657,-0.87378716,4.2598925,0.97908121,0.04644835,0.19809692,0
-0.16621494,3.9075847,-4.9497614,0.19593918,0.047183782,-0.97948021,0
2.0180542,-0.73600507,2.8185551,0.97908121,0.04644835,0.19809692,0
-2.016346,3.9636035,-1.7653654,-0.054842234,0.99780566,0.037095688,0
3.4683812,-0.54613519,-4.394114,0.97908121,0.04644835,0.19809692,0
-2.7202601,-3.8077168,4.3771501,-0.19593918,-0.047183782,0.97948021,0
1.688345,1.1235423,-4.7128816,0.19593918,0.047183782,-0.97948021,0
-1.4630527,-4.0837903,-0.14576714,0.054842234,-0.99780566,-0.037095688,0
-0.021409631,-2.3660634,4.9864869,-0.19593918,-0.047183782,0.97948021,0
2.9086342,-2.1325204,-4.6256218,0.19593918,0.047183782,-0.97948021,0
2.4310219,-0.75092816,0.78098691,0.97908121,0.04644835,0.19809692,0
-1.1258509,2.6045182,5.0049939,-0.19593918,-0.047183782,0.97948021,0
-3.2328739,-0.4744184,3.469425,-0.97908121,-0.04644835,-0.19809692,0
-2.6459908,0.31168294,4.5904479,-0.19593918,-0.047183782,0.97948021,0
-1.7652652,-2.4580045,-3.3190405,-0.97908121,-0.04644835,-0.19809692,0
-2.0143762,-0.23829341,-2.6082869,-0.97908121,-0.04644835,-0.19809692,0
-0.52745008,3.8281512,4.0792274,-0.054842234,0.99780566,0.037095688,0
-1.6016731,3.8415232,2.1314263,-0.054842234,0.99780566,0.037095688,0
-2.0997667,3.7314472,4.3558812,-0.054842234,0.99780566,0.037095688,0
0.0091061592,4.1373916,-3.4455216,-0.054842234,0.99780566,0.037095688,0
-2.4428053,-1.5097055,-0.19269094,-0.97908121,-0.04644835,-0.19809692,0
-2.1920209,3.9385996,-1.3525159,-0.054842234,0.99780566,0.037095688,0
-0.72984433,-1.7878761,-5.3368754,0.19593918,0.047183782,-0.97948021,0
1.2572393,-3.9227633,-0.45541805,0.054842234,-0.99780566,-0.037095688,0
-1.5069549,3.8773217,1.3085489,-0.054842234,0.99780566,0.037095688,0
1.0936246,-3.2558453,5.1666803,-0.19593918,-0.047183782,0.97948021,0
2.4537134,-0.62535381,0.63939273,0.97908121,0.04644835,0.19809692,0
2.5420012,4.2317209,-2.2381656,-0.054842234,0.99780566,0.037095688,0
-0.93252277,-2.0260153,-5.3888917,0.19593918,0.047183782,-0.97948021,0
-1.1374751,1.6327951,4.9558582,-0.19593918,-0.047183782,0.97948021,0
1.8393402,-1.0521703,3.7759705,0.97908121,0.04644835,0.19809692,0
-2.3947878,0.059583426,4.6285558,-0.19593918,-0.047183782,0.97948021,0
2.0730691,4.2734051,-4.0526624,-0.054842234,0.99780566,0.037095688,0
-0.90722513,-3.9880505,-1.8992712,0.054842234,-0.99780566,-0.037095688,0
1.3174727,-2.5413043,5.2458801,-0.19593918,-0.047183782,0.97948021,0
-1.1738887,4.0716677,-3.4266107,-0.054842234,0.99780566,0.037095688,0
-1.5555024,3.8989244,0.65569603,-0.054842234,0.99780566,0.037095688,0
-0.70893526,3.9195366,1.3528312,-0.054842234,0.99780566,0.037095688,0
-2.5399842,-3.6932821,4.4187255,-0.19593918,-0.047183782,0.97948021,0
-0.6713295,3.9352872,0.98476768,-0.054842234,0.99780566,0.037095688,0
-1.1536767,-2.4476936,-5.453445,0.19593918,0.047183782,-0.97948021,0
-0.9563089,-1.5562115,4.8384786,-0.19593918,-0.047183782,0.97948021,0
1.8383219,3.0779822,2.8125923,0.97908121,0.04644835,0.19809692,0
1.1459615,-3.9529057,0.19084069,0.054842234,-0.99780566,-0.037095688,0
0.95655966,3.9662251,2.5592566,-0.054842234,0.99780566,0.037095688,0
-1.1982343,3.9292428,0.36836863,-0.054842234,0.99780566,0.037095688,0
2.1259549,-1.278162,-4.7410355,0.19593918,0.047183782,-0.97948021,0
-2.580631,-0.77600265,4.551127,-0.19593918,-0.047183782,0.97948021,0
1.5177014,2.2457473,4.5923748,0.97908121,0.04644835,0.19809692,0
2.7108479,-3.4204628,0.023899674,0.97908121,0.04644835,0.19809692,0
-1.8230469,2.3654847,4.8540092,-0.19593918,-0.047183782,0.97948021,0
1.5365144,-0.55663681,5.156477,0.97908121,0.04644835,0.19809692,0
-0.94252574,2.8887465,-5.1541376,0.19593918,0.047183782,-0.97948021,0
2.706121,-1.410547,-4.6313543,0.19593918,0.047183782,-0.97948021,0
-0.015899181,-3.5853028,4.9288554,-0.19593918,-0.047183782,0.97948021,0
3.1199832,3.7413514,-4.300385,0.19593918,0.047183782,-0.97948021,0
-2.3064244,3.500948,-2.0416088,-0.97908121,-0.04644835,-0.19809692,0
-0.3617636,0.46837914,-5.1545544,0.19593918,0.047183782,-0.97948021,0
-1.3953362,1.8163774,4.9131184,-0.19593918,-0.047183782,0.97948021,0
0.26081538,2.9021771,-4.9127693,0.19593918,0.047183782,-0.97948021,0
1.2378075,0.30387592,-4.8424935,0.19593918,0.047183782,-0.97948021,0
1.2103848,-4.0922003,4.0328407,0.054842234,-0.99780566,-0.037095688,0
0.81195736,-4.0515656,2.3508022,0.054842234,-0.99780566,-0.037095688,0
2.854986,-3.6833782,-4.5323372,0.054842234,-0.99780566,-0.037095688,0
3.227562,0.6181426,-3.4768708,0.97908121,0.04644835,0.19809692,0
3.2765763,1.4348055,-4.3801708,0.19593918,0.047183782,-0.97948021,0
-0.020111084,3.8257811,4.893043,-0.054842234,0.99780566,0.037095688,0
1.1197729,-2.1879756,-4.9861445,0.19593918,0.047183782,-0.97948021,0
2.7252915,3.8250332,-1.7463617,0.97908121,0.04644835,0.19809692,0
0.95347726,0.76634604,5.3324022,-0.19593918,-0.047183782,0.97948021,0
-2.753747,1.7724347,0.57454503,-0.97908121,-0.04644835,-0.19809692,0
-0.76491356,3.8732378,2.5154209,-0.054842234,0.99780566,0.037095688,0
3.4752293,-1.5512111,-4.192296,0.97908121,0.04644835,0.19809692,0
2.9039559,3.2534447,-2.4953763,0.97908121,0.04644835,0.19809692,0
1.9456505,1.2250273,2.7165971,0.97908121,0.04644835,0.19809692,0
-0.82944822,-3.9873168,-1.8040063,0.054842234,-0.99780566,-0.037095688,0
2.0054343,3.3621023,1.9200321,0.97908121,0.04644835,0.19809692,0
-3.0430746,-1.1753919,2.6957145,-0.97908121,-0.04644835,-0.19809692,0
1.8431131,1.0198109,3.2714992,0.97908121,0.04644835,0.19809692,0
0.31084538,4.0568094,-0.83190727,-0.054842234,0.99780566,0.037095688,0
-0.80843496,-3.902029,-4.0670304,0.054842234,-0.99780566,-0.037095688,0
0.14709806,1.9861031,-4.9796472,0.19593918,0.047183782,-0.97948021,0
1.6457224,-0.22135019,4.5381083,0.97908121,0.04644835,0.19809692,0
-3.104064,3.7454014,2.495796,-0.054842234,0.99780566,0.037095688,0
-0.67712587,-0.35238516,4.9523182,-0.19593918,-0.047183782,0.97948021,0
2.3722014,4.2238207,-2.2766943,-0.054842234,0.99780566,0.037095688,0
-1.8042928,1.719888,-4.105751,-0.97908121,-0.04644835,-0.19809692,0
1.0134605,-1.4363706,-4.9712048,0.19593918,0.047183782,-0.97948021,0
1.1072962,4.1899605,-3.2359521,-0.054842234,0.99780566,0.037095688,0
-0.96520519,-4.0762086,0.38630849,0.054842234,-0.99780566,-0.037095688,0
-2.1583204,-2.9130163,-1.2697017,-0.97908121,-0.04644835,-0.19809692,0
0.84755659,-2.6985474,5.1443014,-0.19593918,-0.047183782,0.97948021,0
0.10484672,3.8794637,-4.8968916,0.19593918,0.047183782,-0.97948021,0
2.1114583,2.2029233,1.6678128,0.97908121,0.04644835,0.19809692,0
-0.25512314,-3.8603792,-4.3693223,0.054842234,-0.99780566,-0.037095688,0
3.0836637,0.042958975,-2.6307981,0.97908121,0.04644835,0.19809692,0
-1.1954703,3.7973254,3.920784,-0.054842234,0.99780566,0.037095688,0
0.69556367,-2.1745381,5.1391397,-0.19593918,-0.047183782,0.97948021,0
-1.3618613,1.9981941,4.9285731,-0.19593918,-0.047183782,0.97948021,0
0.35152364,-3.4180725,5.0104122,-0.19593918,-0.047183782,0.97948021,0
-2.4033413,2.328043,-1.2875882,-0.97908121,-0.04644835,-0.19809692,0
-0.66053677,-4.0676169,0.60562658,0.054842234,-0.99780566,-0.037095688,0
-1.073812,-3.1580811,4.7378068,-0.19593918,-0.047183782,0.97948021,0
-0.06739521,4.0666623,-1.6561224,-0.054842234,0.99780566,0.037095688,0
-0.10211754,-3.8469069,-4.5054984,0.054842234,-0.99780566,-0.037095688,0
0.33156252,3.9980865,0.77825236,-0.054842234,0.99780566,0.037095688,0
3.0925336,-1.9803574,-4.5815039,0.19593918,0.047183782,-0.97948021,0
2.8977156,-2.3710144,-1.1457505,0.97908121,0.04644835,0.19809692,0
0.7929554,1.1245806,5.3175478,-0.19593918,-0.047183782,0.97948021,0
2.4555793,-1.4431477,-4.683044,0.19593918,0.047183782,-0.97948021,0
3.3992548,0.17868972,-4.2224121,0.97908121,0.04644835,0.19809692,0
2.3015981,-3.0812933,1.9670627,0.97908121,0.04644835,0.19809692,0
-0.64975643,3.311398,-5.0752106,0.19593918,0.047183782,-0.97948021,0
-2.0508204,-1.5064127,-2.1308236,-0.97908121,-0.04644835,-0.19809692,0
3.136626,-0.86035657,-4.5187302,0.19593918,0.047183782,-0.97948021,0
-0.67655122,-0.38617486,4.9508052,-0.19593918,-0.047183782,0.97948021,0
-1.9354219,3.8528001,1.3346863,-0.054842234,0.99780566,0.037095688,0
-3.3087668,3.6457121,2.8784611,-0.97908121,-0.04644835,-0.19809692,0
2.5255003,-0.90398097,0.34992075,0.97908121,0.04644835,0.19809692,0
-2.2184882,-1.8535559,4.5716629,-0.19593918,-0.047183782,0.97948021,0
2.936276,0.26039219,-1.9533267,0.97908121,0.04644835,0.19809692,0
1.8407555,-2.8336906,-4.8730216,0.19593918,0.047183782,-0.97948021,0
1.1907296,4.1517491,-2.0847991,-0.054842234,0.99780566,0.037095688,0
0.83313775,-3.2742279,-5.0958109,0.19593918,0.047183782,-0.97948021,0
1.7866764,-3.0064499,4.4944825,0.97908121,0.04644835,0.19809692,0
2.7407904,-1.5620272,-0.55984223,0.97908121,0.04644835,0.19809692,0
0.32933331,3.706455,5.3491778,-0.19593918,-0.047183782,0.97948021,0
-0.96398187,4.0771813,-3.2645707,-0.054842234,0.99780566,0.037095688,0
-2.7318244,3.1947069,0.13271093,-0.97908121,-0.04644835,-0.19809692,0
1.8896829,-2.6146681,3.893517,0.97908121,0.04644835,0.19809692,0
-0.28101921,-3.9619043,-1.6767657,0.054842234,-0.99780566,-0.037095688,0
-0.68857503,-2.9710498,4.8238807,-0.19593918,-0.047183782,0.97948021,0
1.975137,-1.4786842,3.2048087,0.97908121,0.04644835,0.19809692,0
-3.0238347,-2.0762444,2.8118463,-0.97908121,-0.04644835,-0.19809692,0
-1.0664225,-4.2333546,4.4636025,0.054842234,-0.99780566,-0.037095688,0
-1.4710426,-3.9811904,-2.9173336,0.054842234,-0.99780566,-0.037095688,0
2.8343995,2.2301097,-1.9116539,0.97908121,0.04644835,0.19809692,0
3.5020649,-1.9790323,-4.224618,0.97908121,0.04644835,0.19809692,0
-3.3185983,-0.33517528,3.8604631,-0.97908121,-0.04644835,-0.19809692,0
0.96013635,-1.9271801,5.2039809,-0.19593918,-0.047183782,0.97948021,0
-2.5031371,2.3010488,4.7148571,-0.19593918,-0.047183782,0.97948021,0
-3.3616443,0.67301488,3.8368227,-0.97908121,-0.04644835,-0.19809692,0
-2.0923526,2.2541356,-2.8073003,-0.97908121,-0.04644835,-0.19809692,0
0.96653247,-2.221314,-5.018405,0.19593918,0.047183782,-0.97948021,0
1.1146693,-2.7553034,5.1950021,-0.19593918,-0.047183782,0.97948021,0
3.4089947,-3.0747478,-4.5709167,0.19593918,0.047183782,-0.97948021,0
-2.9627337,-1.2923111,2.3260477,-0.97908121,-0.04644835,-0.19809692,0
-0.5518074,-3.8389528,-5.3842649,0.054842234,-0.99780566,-0.037095688,0
-2.4590275,0.075703144,-0.48425066,-0.97908121,-0.04644835,-0.19809692,0
1.7974243,1.9210804,3.285989,0.97908121,0.04644835,0.19809692,0
2.1053472,2.6029894,1.6042107,0.97908121,0.04644835,0.19809692,0
1.5231342,4.1768026,-2.267266,-0.054842234,0.99780566,0.037095688,0
2.4074552,4.3011723,-4.305192,-0.054842234,0.99780566,0.037095688,0
2.2766447,3.0809503,-4.5009027,0.19593918,0.047183782,-0.97948021,0
0.60549164,4.0770755,-0.94142306,-0.054842234,0.99780566,0.037095688,0
-2.5190179,3.0371776,-0.88213587,-0.97908121,-0.04644835,-0.19809692,0
-3.1442244,1.0505822,2.6737094,-0.97908121,-0.04644835,-0.19809692,0
2.0226631,1.5074742,2.2697411,0.97908121,0.04644835,0.19809692,0
-0.32437706,-3.9032121,-3.3195844,0.054842234,-0.99780566,-0.037095688,0
1.483676,1.6847624,4.8920808,0.97908121,0.04644835,0.19809692,0
1.790458,2.6892772,3.1402986,0.97908121,0.04644835,0.19809692,0
3.2627861,2.2230067,-4.3449597,0.19593918,0.047183782,-0.97948021,0
-1.8354338,0.59987116,-3.6892245,-0.97908121,-0.04644835,-0.19809692,0
1.3014326,1.1626692,5.4211006,-0.19593918,-0.047183782,0.97948021,0
1.562589,-1.4782203,-4.8633709,0.19593918,0.047183782,-0.97948021,0
2.2130201,-3.6671724,-4.8387027,0.19593918,0.047183782,-0.97948021,0
-3.4623132,1.8214152,4.0651035,-0.97908121,-0.04644835,-0.19809692,0
0.35154724,3.9644701,1.7120162,-0.054842234,0.99780566,0.037095688,0
-2.3684521,3.0152049,-1.621146,-0.97908121,-0.04644835,-0.19809692,0
2.7626801,3.8697531,-4.3656759,0.19593918,0.047183782,-0.97948021,0
-1.2664068,2.3681226,-5.2440076,0.19593918,0.047183782,-0.97948021,0
0.2778511,-2.0416331,-5.1475163,0.19593918,0.047183782,-0.97948021,0
0.12886429,2.9203939,5.2712088,-0.19593918,-0.047183782,0.97948021,0
-1.0079331,0.67689097,-5.2737718,0.19593918,0.047183782,-0.97948021,0
2.5565281,-0.090615273,-4.5976949,0.19593918,0.047183782,-0.97948021,0
-0.63249707,4.0900655,-3.1210761,-0.054842234,0.99780566,0.037095688,0
-1.2221906,-0.52643621,-5.3745995,0.19593918,0.047183782,-0.97948021,0
-1.5333028,-3.9924021,-2.7078021,0.054842234,-0.99780566,-0.037095688,0
2.7576396,-2.5048385,-4.6737628,0.19593918,0.047183782,-0.97948021,0
3.1865852,0.69054747,-3.2913229,0.97908121,0.04644835,0.19809692,0
-3.3876185,2.8376839,3.4576416,-0.97908121,-0.04644835,-0.19809692,0
2.9913118,4.2681766,-3.1650541,0.97908121,0.04644835,0.19809692,0
-3.2532606,-3.4351442,4.2884741,-0.19593918,-0.047183782,0.97948021,0
0.56952453,-3.9995897,0.59434378,0.054842234,-0.99780566,-0.037095688,0
-0.29867864,4.1709228,-4.8024678,-0.054842234,0.99780566,0.037095688,0
-2.0467834,-0.93983763,4.6500273,-0.19593918,-0.047183782,0.97948021,0
3.182498,-0.36077476,-3.0246158,0.97908121,0.04644835,0.19809692,0
1.0924621,-1.1191019,5.2693791,-0.19593918,-0.047183782,0.97948021,0
-1.5991764,-3.9769821,-3.2199583,0.054842234,-0.99780566,-0.037095688,0
1.6937337,3.5851462,3.4082959,0.97908121,0.04644835,0.19809692,0
2.3111641,-3.7902877,2.0860231,0.97908121,0.04644835,0.19809692,0
0.33604765,-3.5996797,-5.2109284,0.19593918,0.047183782,-0.97948021,0
-0.51556146,1.737931,-5.1241632,0.19593918,0.047183782,-0.97948021,0
-0.13711452,4.1126118,-2.9951591,-0.054842234,0.99780566,0.037095688,0
-3.1953785,-0.95851517,3.3976145,-0.97908121,-0.04644835,-0.19809692,0
1.9081404,-0.42995822,-4.7437482,0.19593918,0.047183782,-0.97948021,0
-2.9532769,0.50522304,1.8578353,-0.97908121,-0.04644835,-0.19809692,0
-0.58866453,4.1196413,-3.8518236,-0.054842234,0.99780566,0.037095688,0
3.3993151,-2.4774981,-3.5999069,0.97908121,0.04644835,0.19809692,0
3.2358489,2.253818,-3.9013495,0.97908121,0.04644835,0.19809692,0
3.3253863,-0.13677335,-3.7833543,0.97908121,0.04644835,0.19809692,0
3.4556437,-3.3938513,-3.663445,0.97908121,0.04644835,0.19809692,0
-1.9580274,3.8003731,2.7114515,-0.054842234,0.99780566,0.037095688,0
0.7006197,-3.9279745,-1.1381532,0.054842234,-0.99780566,-0.037095688,0
-1.8773222,3.7945714,2.9868329,-0.054842234,0.99780566,0.037095688,0
-2.1210358,4.0060587,-3.0621066,-0.054842234,0.99780566,0.037095688,0
2.0461879,-3.9425707,3.4313588,0.97908121,0.04644835,0.19809692,0
1.3391533,4.0484095,0.91428667,-0.054842234,0.99780566,0.037095688,0
-1.8938307,-1.036065,4.6759892,-0.19593918,-0.047183782,0.97948021,0
2.4055727,3.1928194,-0.017934412,0.97908121,0.04644835,0.19809692,0
-3.032372,-3.1557117,3.1071484,-0.97908121,-0.04644835,-0.19809692,0
-2.8247187,-3.6971216,4.3615813,-0.19593918,-0.047183782,0.97948021,0
0.13608503,1.7118589,-4.9950609,0.19593918,0.047183782,-0.97948021,0
3.1197996,-2.9582932,-4.6231585,0.19593918,0.047183782,-0.97948021,0
-0.63391697,1.5750979,-5.1556835,0.19593918,0.047183782,-0.97948021,0
-2.914634,-2.9339459,2.4732375,-0.97908121,-0.04644835,-0.19809692,0
-3.2885311,3.5023813,2.812058,-0.97908121,-0.04644835,-0.19809692,0
-1.4131277,0.25672638,-5.3750691,0.19593918,0.047183782,-0.97948021,0
2.0158424,-3.8653526,-0.87815374,0.054842234,-0.99780566,-0.037095688,0
1.8965855,3.7018218,-4.5470223,0.19593918,0.047183782,-0.97948021,0
-0.66625702,1.5646459,5.0468402,-0.19593918,-0.047183782,0.97948021,0
-0.61739254,3.9744468,0.011174977,-0.054842234,0.99780566,0.037095688,0
2.5126832,0.57610369,-4.5743484,0.19593918,0.047183782,-0.97948021,0
2.1967771,-1.5525252,-4.7400846,0.19593918,0.047183782,-0.97948021,0
-0.16366053,-4.1794939,4.3494911,0.054842234,-0.99780566,-0.037095688,0
3.2736678,-0.98544979,-3.3287463,0.97908121,0.04644835,0.19809692,0
3.0009344,0.35265231,-4.4874411,0.19593918,0.047183782,-0.97948021,0
2.2530923,-0.087639093,1.5048695,0.97908121,0.04644835,0.19809692,0
-0.17107391,-3.7978141,-5.3219199,0.19593918,0.047183782,-0.97948021,0
2.1643524,-2.2149482,2.4422567,0.97908121,0.04644835,0.19809692,0
-1.4735618,-4.0451584,-1.2004467,0.054842234,-0.99780566,-0.037095688,0
1.4412469,-0.87504125,5.3509083,-0.19593918,-0.047183782,0.97948021,0
0.59332156,3.0392542,-4.8396497,0.19593918,0.047183782,-0.97948021,0
-2.6269555,-4.2462273,2.5027735,0.054842234,-0.99780566,-0.037095688,0
-1.7389829,-2.7232883,-3.3867371,-0.97908121,-0.04644835,-0.19809692,0
1.2788229,4.0416827,1.0060239,-0.054842234,0.99780566,0.037095688,0
-1.3607969,-3.8902507,-4.9822736,-0.97908121,-0.04644835,-0.19809692,0
-1.0429871,3.9378972,0.36510247,-0.054842234,0.99780566,0.037095688,0
0.87276316,-1.42865,-4.9989786,0.19593918,0.047183782,-0.97948021,0
2.0138326,-1.4051135,2.9963074,0.97908121,0.04644835,0.19809692,0
-0.68711615,-4.0851259,1.0372998,0.054842234,-0.99780566,-0.037095688,0
3.4128461,-0.83278441,-4.0524225,0.97908121,0.04644835,0.19809692,0
-0.9738282,0.71087122,-5.2653122,0.19593918,0.047183782,-0.97948021,0
-3.3353455,3.4857912,3.0473228,-0.97908121,-0.04644835,-0.19809692,0
3.3446569,1.5058494,-4.3631296,0.19593918,0.047183782,-0.97948021,0
0.70827609,-2.0245674,5.1489067,-0.19593918,-0.047183782,0.97948021,0
2.7784071,-3.6578724,-4.725152,0.19593918,0.047183782,-0.97948021,0
-2.4625025,3.7596552,3.0608792,-0.054842234,0.99780566,0.037095688,0
2.1679921,-3.7559266,-3.5965736,0.054842234,-0.99780566,-0.037095688,0
-0.70631701,-0.54833609,4.9370389,-0.19593918,-0.047183782,0.97948021,0
1.2264361,4.2192464,-3.8475575,-0.054842234,0.99780566,0.037095688,0
-0.74770617,1.5134542,5.0280805,-0.19593918,-0.047183782,0.97948021,0
3.6057858,-3.0405185,-4.4883604,0.97908121,0.04644835,0.19809692,0
-3.5199413,3.489913,4.5687218,-0.19593918,-0.047183782,0.97948021,0
-2.77268,1.444315,0.74505526,-0.97908121,-0.04644835,-0.19809692,0
1.6280895,1.0495694,4.327261,0.97908121,0.04644835,0.19809692,0
0.82114601,3.8928947,4.3315172,-0.054842234,0.99780566,0.037095688,0
-1.0849676,-4.1348672,1.7870617,0.054842234,-0.99780566,-0.037095688,0
-3.4828434,1.7885771,4.1742721,-0.97908121,-0.04644835,-0.19809692,0
0.88428497,-3.9324019,-0.74753553,0.054842234,-0.99780566,-0.037095688,0
-1.7428751,-4.1983929,2.5231268,0.054842234,-0.99780566,-0.037095688,0
-2.6160588,2.2858648,-0.22635666,-0.97908121,-0.04644835,-0.19809692,0
-2.1835601,3.8625991,0.70425963,-0.054842234,0.99780566,0.037095688,0
0.47711802,2.7594311,-4.8763757,0.19593918,0.047183782,-0.97948021,0
-0.37021089,4.068655,-2.1574066,-0.054842234,0.99780566,0.037095688,0
-2.9864333,-0.92342937,4.4628468,-0.19593918,-0.047183782,0.97948021,0
-1.5216357,-0.63778603,-4.9499545,-0.97908121,-0.04644835,-0.19809692,0
-2.9239366,0.31109738,1.7583395,-0.97908121,-0.04644835,-0.19809692,0
0.98255348,0.68733245,-4.8750839,0.19593918,0.047183782,-0.97948021,0
-1.8043911,3.7692664,3.775295,-0.054842234,0.99780566,0.037095688,0
0.77928162,3.975071,2.059238,-0.054842234,0.99780566,0.037095688,0
0.96664238,3.1824512,-4.7580714,0.19593918,0.047183782,-0.97948021,0
1.601629,3.7927866,-4.601645,0.19593918,0.047183782,-0.97948021,0
3.3418467,-3.5726347,-3.0590911,0.97908121,0.04644835,0.19809692,0
-2.7917082,-3.6792388,2.0404348,-0.97908121,-0.04644835,-0.19809692,0
-1.9622211,1.9628828,-3.3821754,-0.97908121,-0.04644835,-0.19809692,0
2.3269868,-1.5105817,1.4732924,0.97908121,0.04644835,0.19809692,0
-0.81274486,4.0870285,-3.3058586,-0.054842234,0.99780566,0.037095688,0
1.8153217,3.3418467,2.8644021,0.97908121,0.04644835,0.19809692,0
-0.28355217,-3.7898643,4.865459,-0.19593918,-0.047183782,0.97948021,0
-2.7462692,0.73385406,0.781106,-0.97908121,-0.04644835,-0.19809692,0
-2.1073179,-4.0997458,-0.66908407,0.054842234,-0.99780566,-0.037095688,0
1.1363633,3.114965,-4.7273707,0.19593918,0.047183782,-0.97948021,0
1.1242511,-3.9305425,-0.44279444,0.054842234,-0.99780566,-0.037095688,0
0.30787802,4.0075784,0.48793128,-0.054842234,0.99780566,0.037095688,0
2.8155413,1.8962141,-1.7401563,0.97908121,0.04644835,0.19809692,0
-2.7789359,3.4573159,0.30398059,-0.97908121,-0.04644835,-0.19809692,0
1.8339503,-3.846453,-1.6554245,0.054842234,-0.99780566,-0.037095688,0
1.4656324,4.1705337,-2.1836414,-0.054842234,0.99780566,0.037095688,0
1.8899322,2.4697111,-4.607707,0.19593918,0.047183782,-0.97948021,0
-2.8120203,-2.9318647,4.4009857,-0.19593918,-0.047183782,0.97948021,0
-3.0805385,-2.3554888,3.157577,-0.97908121,-0.04644835,-0.19809692,0
1.8556454,2.2349565,2.9246387,0.97908121,0.04644835,0.19809692,0
-0.12126589,4.1574821,-4.1786609,-0.054842234,0.99780566,0.037095688,0
-2.4388289,1.2893693,-0.86865199,-0.97908121,-0.04644835,-0.19809692,0
-1.7788599,-0.21182323,-3.778517,-0.97908121,-0.04644835,-0.19809692,0
3.2144544,-0.01541853,-3.263535,0.97908121,0.04644835,0.19809692,0
1.8601515,-3.2485409,-4.8891253,0.19593918,0.047183782,-0.97948021,0
-1.7142609,2.3761673,4.8762856,-0.19593918,-0.047183782,0.97948021,0
-2.1662335,-1.4128957,-1.5823286,-0.97908121,-0.04644835,-0.19809692,0
0.96983004,4.0218258,1.0833333,-0.054842234,0.99780566,0.037095688,0
-0.65033162,2.2009017,-5.1288209,0.19593918,0.047183782,-0.97948021,0
-1.5397449,1.943694,4.8903637,-0.19593918,-0.047183782,0.97948021,0
2.3682449,-1.8432747,-4.7197895,0.19593918,0.047183782,-0.97948021,0
1.163712,-4.1032367,4.2607012,0.054842234,-0.99780566,-0.037095688,0
-2.2491262,0.52819204,-1.6277701,-0.97908121,-0.04644835,-0.19809692,0
-3.019618,-2.1019559,2.7970362,-0.97908121,-0.04644835,-0.19809692,0
-3.2525649,-0.009333849,3.4576962,-0.97908121,-0.04644835,-0.19809692,0
2.1562581,-3.004086,2.667295,0.97908121,0.04644835,0.19809692,0
-1.7901605,3.6523752,-4.6287141,-0.97908121,-0.04644835,-0.19809692,0
2.7796645,-3.791816,-1.7269163,0.054842234,-0.99780566,-0.037095688,0
3.3713493,-3.0452948,-4.5770283,0.19593918,0.047183782,-0.97948021,0
1.603096,3.7391171,3.8201661,0.97908121,0.04644835,0.19809692,0
3.0996556,1.2160202,-4.4261017,0.19593918,0.047183782,-0.97948021,0
3.1172833,-1.1771038,-2.5108881,0.97908121,0.04644835,0.19809692,0
-0.68957782,3.8657506,2.8281918,-0.054842234,0.99780566,0.037095688,0
1.1133673,2.4221747,5.4441524,-0.19593918,-0.047183782,0.97948021,0
-1.2750108,-2.0922542,4.7489014,-0.19593918,-0.047183782,0.97948021,0
-1.7931702,-3.6397138,4.5707021,-0.19593918,-0.047183782,0.97948021,0
-2.7462556,-0.10996723,0.97889137,-0.97908121,-0.04644835,-0.19809692,0
2.1099856,-1.308604,2.4984493,0.97908121,0.04644835,0.19809692,0
-1.4475975,-4.1784334,2.422801,0.054842234,-0.99780566,-0.037095688,0
-2.8248563,3.7696841,2.2554133,-0.054842234,0.99780566,0.037095688,0
-2.286737,1.7097807,-1.718931,-0.97908121,-0.04644835,-0.19809692,0
1.9670408,2.0508723,2.4172394,0.97908121,0.04644835,0.19809692,0
2.4799695,1.9074889,-4.516757,0.19593918,0.047183782,-0.97948021,0
-3.1977074,-4.1142344,4.2668738,-0.19593918,-0.047183782,0.97948021,0
1.708508,4.171669,-1.8551152,-0.054842234,0.99780566,0.037095688,0
1.1900196,4.1169424,-1.1496031,-0.054842234,0.99780566,0.037095688,0
1.5736656,-4.061214,3.73645,0.054842234,-0.99780566,-0.037095688,0
-1.8274283,4.0330672,-3.3545034,-0.054842234,0.99780566,0.037095688,0
1.2709229,-4.0983829,4.2886438,0.054842234,-0.99780566,-0.037095688,0
-0.62828279,-1.1627446,-5.2864447,0.19593918,0.047183782,-0.97948021,0
0.71992147,-0.77383459,-4.9980097,0.19593918,0.047183782,-0.97948021,0
0.26953268,4.0834661,-1.6100019,-0.054842234,0.99780566,0.037095688,0
3.2745142,2.493464,-4.1486425,0.97908121,0.04644835,0.19809692,0
-0.98422217,4.1268444,-4.6303549,-0.054842234,0.99780566,0.037095688,0
2.0233264,3.8881617,-4.5126925,0.19593918,0.047183782,-0.97948021,0
-0.96216869,3.948123,0.20952362,-0.054842234,0.99780566,0.037095688,0
2.268101,-3.9327848,1.3085835,0.054842234,-0.99780566,-0.037095688,0
2.1279159,-3.9217329,0.80406106,0.054842234,-0.99780566,-0.037095688,0
-2.9415872,2.5535724,1.3197775,-0.97908121,-0.04644835,-0.19809692,0
1.4704274,-1.0236034,5.3495893,-0.19593918,-0.047183782,0.97948021,0
1.4602697,1.7617874,-4.7277608,0.19593918,0.047183782,-0.97948021,0
-0.71045339,-0.98927921,-5.2945261,0.19593918,0.047183782,-0.97948021,0
-1.080791,-4.1011686,0.88680506,0.054842234,-0.99780566,-0.037095688,0
-0.69886923,-2.2403605,4.8570204,-0.19593918,-0.047183782,0.97948021,0
2.492182,2.3631592,-0.25145966,0.97908121,0.04644835,0.19809692,0
0.73993659,-3.7993703,-4.5392451,0.054842234,-0.99780566,-0.037095688,0
-1.7542675,1.7384512,-4.3573503,-0.97908121,-0.04644835,-0.19809692,0
2.4222856,1.9159093,-4.5278912,0.19593918,0.047183782,-0.97948021,0
-0.73517084,-3.8592091,-5.1104832,0.054842234,-0.99780566,-0.037095688,0
1.1661065,4.0679526,-4.6755133,0.19593918,0.047183782,-0.97948021,0
2.7213132,3.6511011,-4.3844838,0.19593918,0.047183782,-0.97948021,0
2.5539341,-0.51076007,0.11718895,0.97908121,0.04644835,0.19809692,0
0.70850074,-2.2365499,5.1387401,-0.19593918,-0.047183782,0.97948021,0
2.7770138,-3.214324,-0.3514567,0.97908121,0.04644835,0.19809692,0
2.2313015,4.0016952,-4.4656186,0.19593918,0.047183782,-0.97948021,0
1.6705377,-4.0258398,2.9281623,0.054842234,-0.99780566,-0.037095688,0
2.3755133,2.0897987,0.38926351,0.97908121,0.04644835,0.19809692,0
0.79094791,-4.1506362,5.0630269,-0.19593918,-0.047183782,0.97948021,0
-0.4471879,-3.8581696,-4.7126994,0.054842234,-0.99780566,-0.037095688,0
1.3472128,-1.7682906,5.2890677,-0.19593918,-0.047183782,0.97948021,0
-2.5343399,3.7073131,4.3625803,-0.054842234,0.99780566,0.037095688,0
-0.36669493,-3.9731059,-1.502121,0.054842234,-0.99780566,-0.037095688,0
0.010215282,3.9570963,1.405735,-0.054842234,0.99780566,0.037095688,0
-1.9288383,3.8353925,1.8126481,-0.054842234,0.99780566,0.037095688,0
-1.0240316,3.8922939,1.6197745,-0.054842234,0.99780566,0.037095688,0
1.7972093,2.754034,3.0917466,0.97908121,0.04644835,0.19809692,0
-0.82987165,-3.0326841,4.7926464,-0.19593918,-0.047183782,0.97948021,0
0.95069951,0.66014737,-4.8827658,0.19593918,0.047183782,-0.97948021,0
1.8933196,4.1629534,-1.347458,-0.054842234,0.99780566,0.037095688,0
-1.7332606,3.8792343,0.92252904,-0.054842234,0.99780566,0.037095688,0
-1.5251677,3.9690571,-1.1858982,-0.054842234,0.99780566,0.037095688,0
3.1027315,3.9752419,-3.6470535,0.97908121,0.04644835,0.19809692,0
-0.06382513,-3.9928257,-0.52393138,0.054842234,-0.99780566,-0.037095688,0
3.0198174,-0.86623478,-2.1020594,0.97908121,0.04644835,0.19809692,0
-2.6749473,0.31591606,4.5848594,-0.19593918,-0.047183782,0.97948021,0
-0.14369631,4.1787834,-4.9321923,0.19593918,0.047183782,-0.97948021,0
-2.9680772,-2.7268755,2.6888232,-0.97908121,-0.04644835,-0.19809692,0
2.5066314,3.1052108,-0.49686822,0.97908121,0.04644835,0.19809692,0
-2.6086524,1.6730642,-0.11927691,-0.97908121,-0.04644835,-0.19809692,0
-2.1182117,1.172904,-2.4259737,-0.97908121,-0.04644835,-0.19809692,0
-1.7288687,0.99676156,-4.3089762,-0.97908121,-0.04644835,-0.19809692,0
3.2819722,0.65910101,-3.755394,0.97908121,0.04644835,0.19809692,0
0.166008,2.9760284,-4.9281774,0.19593918,0.047183782,-0.97948021,0
-3.5296526,1.8113382,4.4859185,-0.19593918,-0.047183782,0.97948021,0
0.16177225,3.9806578,0.99603385,-0.054842234,0.99780566,0.037095688,0
2.2249095,1.4633048,1.2805068,0.97908121,0.04644835,0.19809692,0
-1.767554,3.8163762,2.5625966,-0.054842234,0.99780566,0.037095688,0
2.2938225,-1.9764011,1.7464266,0.97908121,0.04644835,0.19809692,0
1.1107335,4.1068201,-0.99456131,-0.054842234,0.99780566,0.037095688,0
-1.5478907,1.1756349,-5.2453899,-0.97908121,-0.04644835,-0.19809692,0
0.31834662,0.90967274,-4.9972439,0.19593918,0.047183782,-0.97948021,0
-1.7173865,4.0453782,-3.5229774,-0.054842234,0.99780566,0.037095688,0
3.4107513,-0.83561754,-4.4627013,0.19593918,0.047183782,-0.97948021,0
2.0009172,-2.1438246,3.2333498,0.97908121,0.04644835,0.19809692,0
2.612294,-0.84634471,-4.6229444,0.19593918,0.047183782,-0.97948021,0
-0.0073051453,3.8676558,3.7856174,-0.054842234,0.99780566,0.037095688,0
0.47493768,3.8988271,-4.8219242,0.19593918,0.047183782,-0.97948021,0
-0.52954531,3.85993,3.2213449,-0.054842234,0.99780566,0.037095688,0
3.0642974,-1.2073002,-4.5499125,0.19593918,0.047183782,-0.97948021,0
-1.2284846,-4.1449165,1.8451949,0.054842234,-0.99780566,-0.037095688,0
-0.01906392,-0.96706533,5.0543489,-0.19593918,-0.047183782,0.97948021,0
2.328367,-2.0445814,-4.7374644,0.19593918,0.047183782,-0.97948021,0
-2.462399,-3.5496716,0.38246727,-0.97908121,-0.04644835,-0.19809692,0
-1.2694252,3.813972,3.3636963,-0.054842234,0.99780566,0.037095688,0
2.4391358,4.2342525,-2.4583416,-0.054842234,0.99780566,0.037095688,0
-2.3106768,-2.860472,-0.52900827,-0.97908121,-0.04644835,-0.19809692,0
2.376133,2.5876677,0.26946086,0.97908121,0.04644835,0.19809692,0
1.7686201,-2.260046,4.4087129,0.97908121,0.04644835,0.19809692,0
1.8515773,-3.8058639,-2.7211308,0.054842234,-0.99780566,-0.037095688,0
-1.1678662,1.7042969,-5.2562728,0.19593918,0.047183782,-0.97948021,0
1.9718461,4.1618385,-1.2013714,-0.054842234,0.99780566,0.037095688,0
-0.99013567,-2.8244374,4.770618,-0.19593918,-0.047183782,0.97948021,0
2.2818866,-0.73313761,1.5139074,0.97908121,0.04644835,0.19809692,0
2.9997778,1.3808676,-2.529901,0.97908121,0.04644835,0.19809692,0
-0.1449666,-3.9203596,-2.5931015,0.054842234,-0.99780566,-0.037095688,0
-2.4630842,2.910315,-1.128839,-0.97908121,-0.04644835,-0.19809692,0
2.1026742,3.7660408,-4.5027022,0.19593918,0.047183782,-0.97948021,0
1.1602082,0.6929704,-4.8392739,0.19593918,0.047183782,-0.97948021,0
1.7670617,3.8776541,2.9772911,0.97908121,0.04644835,0.19809692,0
-0.66368115,-0.17232414,4.9636817,-0.19593918,-0.047183782,0.97948021,0
-1.123313,-4.0767889,0.16817373,0.054842234,-0.99780566,-0.037095688,0
0.25776005,3.9250677,2.6332083,-0.054842234,0.99780566,0.037095688,0
2.8105984,-3.7297289,-3.3512135,0.054842234,-0.99780566,-0.037095688,0
1.8981891,0.20897484,3.189409,0.97908121,0.04644835,0.19809692,0
-1.4513276,3.9548435,-0.69441676,-0.054842234,0.99780566,0.037095688,0
0.044775844,-2.4799979,4.9942384,-0.19593918,-0.047183782,0.97948021,0
2.3766625,-3.7944732,-2.2512443,0.054842234,-0.99780566,-0.037095688,0
-0.73535895,-4.1527829,2.7858241,0.054842234,-0.99780566,-0.037095688,0
-0.62326503,3.306613,-5.0701418,0.19593918,0.047183782,-0.97948021,0
0.52193069,4.1028199,-1.7574403,-0.054842234,0.99780566,0.037095688,0
3.0157335,3.4261503,-4.3364229,0.19593918,0.047183782,-0.97948021,0
-0.76313376,4.0191565,-1.4068922,-0.054842234,0.99780566,0.037095688,0
0.89017367,4.0751667,-4.7303643,0.19593918,0.047183782,-0.97948021,0
-0.76356745,-3.8495824,-5.4114146,0.054842234,-0.99780566,-0.037095688,0
-2.1241584,-4.2436504,4.4753966,-0.19593918,-0.047183782,0.97948021,0
-1.3740437,-0.83841646,-5.4200058,0.19593918,0.047183782,-0.97948021,0
2.4833069,-3.7514532,-3.2507424,0.054842234,-0.99780566,-0.037095688,0
0.017487288,-2.15711,-5.2051625,0.19593918,0.047183782,-0.97948021,0
2.1351991,1.6109875,1.6892667,0.97908121,0.04644835,0.19809692,0
-0.94709444,-3.8742957,-5.0179996,0.054842234,-0.99780566,-0.037095688,0
-3.3295944,0.32899475,3.7590814,-0.97908121,-0.04644835,-0.19809692,0
-1.599503,2.1359825,4.8876719,-0.19593918,-0.047183782,0.97948021,0
2.1799669,2.0990596,1.353565,0.97908121,0.04644835,0.19809692,0
-2.5572047,2.6116662,-0.59362978,-0.97908121,-0.04644835,-0.19809692,0
-0.74198103,-4.0313964,-0.48903894,0.054842234,-0.99780566,-0.037095688,0
-0.59199476,-3.7964482,-5.4060564,0.19593918,0.047183782,-0.97948021,0
0.50223064,-3.8045576,-4.7511501,0.054842234,-0.99780566,-0.037095688,0
-1.9549301,-0.031213284,-2.9506493,-0.97908121,-0.04644835,-0.19809692,0
-1.0484128,-2.4750733,-5.4337068,0.19593918,0.047183782,-0.97948021,0
-3.2232993,0.85329795,3.1107891,-0.97908121,-0.04644835,-0.19809692,0
1.2874684,-0.46265173,-4.8694849,0.19593918,0.047183782,-0.97948021,0
1.6101518,4.174572,-2.078613,-0.054842234,0.99780566,0.037095688,0
-3.3818786,-1.1187086,4.3569403,-0.97908121,-0.04644835,-0.19809692,0
-2.4429588,-3.8693695,4.4296522,-0.19593918,-0.047183782,0.97948021,0
-2.6194239,1.529604,-0.032401115,-0.97908121,-0.04644835,-0.19809692,0
-2.3809345,-3.0072918,-0.14733993,-0.97908121,-0.04644835,-0.19809692,0
3.0629539,0.78274751,-2.7019014,0.97908121,0.04644835,0.19809692,0
2.2782545,-2.8502083,2.0282545,0.97908121,0.04644835,0.19809692,0
1.8084013,-0.56094742,3.8137045,0.97908121,0.04644835,0.19809692,0
-0.83341312,-1.4424794,4.8685412,-0.19593918,-0.047183782,0.97948021,0
-3.1360927,-1.8448291,3.3124135,-0.97908121,-0.04644835,-0.19809692,0
0.99940205,-2.566783,5.181025,-0.19593918,-0.047183782,0.97948021,0
-0.7485342,-4.0472689,-0.071792066,0.054842234,-0.99780566,-0.037095688,0
-1.1980968,-4.0893126,0.39447865,0.054842234,-0.99780566,-0.037095688,0
1.1391115,4.1352367,-1.7169554,-0.054842234,0.99780566,0.037095688,0
-2.2422118,-1.3461772,-1.2224551,-0.97908121,-0.04644835,-0.19809692,0
-1.3288124,-1.9350731,-5.4637861,0.19593918,0.047183782,-0.97948021,0
