-1.355427,-2.6768618,-3.4533513,0.055097699,-0.85331714,-0.51847267,0
-4.4378934,-3.394557,-0.61206198,-0.9955467,-0.0071695447,-0.093995929,0
0.86237931,-3.8517318,-1.2840321,0.055097699,-0.85331714,-0.51847267,0
3.7228234,-1.4593419,-3.5016017,0.076491207,0.52134275,-0.84991217,0
4.491416,-3.0041523,0.53325558,0.9955467,0.0071695447,0.093995929,0
3.9255502,-4.1897388,-0.40221024,0.055097699,-0.85331714,-0.51847267,0
-4.6096387,-0.69784689,1.0012579,-0.9955467,-0.0071695447,-0.093995929,0
1.8789778,-0.033899069,3.0897923,-0.076491207,-0.52134275,0.84991217,0
-4.5763602,-2.496887,0.78601265,-0.9955467,-0.0071695447,-0.093995929,0
0.5110898,2.3198462,3.951211,-0.055097699,0.85331714,0.51847267,0
-1.3573757,1.0430593,3.4591389,-0.076491207,-0.52134275,0.84991217,0
0.37914851,0.56267762,-2.5622063,0.076491207,0.52134275,-0.84991217,0
-4.3630762,1.1043496,-1.7476408,-0.9955467,-0.0071695447,-0.093995929,0
4.3047376,-2.2484398,-3.5569599,0.055097699,-0.85331714,-0.51847267,0
-3.2065647,-3.6148567,-2.1062903,0.055097699,-0.85331714,-0.51847267,0
-2.0473633,1.3416092,3.5801733,-0.076491207,-0.52134275,0.84991217,0
-4.253458,-0.68955326,-2.7718158,-0.9955467,-0.0071695447,-0.093995929,0
-4.3807659,-1.4159883,-1.3680344,-0.9955467,-0.0071695447,-0.093995929,0
3.3530643,-2.4377334,-3.3465483,0.055097699,-0.85331714,-0.51847267,0
3.6892333,-4.19243,0.70183766,-0.076491207,-0.52134275,0.84991217,0
4.7047305,-1.2577535,-1.859247,0.9955467,0.0071695447,0.093995929,0
-4.6871686,0.17619325,1.7557366,-0.9955467,-0.0071695447,-0.093995929,0
1.7814116,-3.9254642,-1.0650169,0.055097699,-0.85331714,-0.51847267,0
1.2507008,1.393079,-1.9743929,0.076491207,0.52134275,-0.84991217,0
-4.6954155,-0.52624536,1.8966596,-0.9955467,-0.0071695447,-0.093995929,0
4.2981815,-2.469749,-3.1934192,0.055097699,-0.85331714,-0.51847267,0
4.5787363,-3.9180248,-0.32188201,0.9955467,0.0071695447,0.093995929,0
-0.084768295,-2.0208189,1.694265,-0.076491207,-0.52134275,0.84991217,0
-4.528687,-0.3636452,0.11837959,-0.9955467,-0.0071695447,-0.093995929,0
-4.5630789,0.79075682,0.39457798,-0.9955467,-0.0071695447,-0.093995929,0
4.5924811,-0.35825092,-0.73898053,0.9955467,0.0071695447,0.093995929,0
-1.7990773,3.4279284,1.8819979,-0.055097699,0.85331714,0.51847267,0
1.4403868,-1.0551322,-3.4590731,0.076491207,0.52134275,-0.84991217,0
-3.4419112,3.7603102,1.1603725,-0.055097699,0.85331714,0.51847267,0
2.4737701,-1.6289527,-3.7180557,0.076491207,0.52134275,-0.84991217,0
-4.4981871,0.97143054,-0.30648804,-0.9955467,-0.0071695447,-0.093995929,0
0.84436494,-1.4788721,2.1103203,-0.076491207,-0.52134275,0.84991217,0
-4.3058195,-4.3159113,-1.0692911,0.055097699,-0.85331714,-0.51847267,0
4.5379395,-0.78743064,-0.12857819,0.9955467,0.0071695447,0.093995929,0
-2.9411519,-3.6418035,-2.0337367,0.055097699,-0.85331714,-0.51847267,0
0.15646219,-2.1366992,1.6448934,-0.076491207,-0.52134275,0.84991217,0
-4.1076546,-4.1240788,0.042053223,-0.076491207,-0.52134275,0.84991217,0
-3.1134391,1.7684324,3.7460442,-0.076491207,-0.52134275,0.84991217,0
3.2236972,1.3073058,-1.8494394,0.076491207,0.52134275,-0.84991217,0
3.3807204,-0.17976809,3.1354704,-0.076491207,-0.52134275,0.84991217,0
-0.16567695,1.2580709,3.6982799,-0.076491207,-0.52134275,0.84991217,0
4.471179,-4.6080513,0.34424353,0.055097699,-0.85331714,-0.51847267,0
-2.8607619,-3.6957474,-1.9364109,0.055097699,-0.85331714,-0.51847267,0
4.5921645,-1.3915187,-0.65681481,0.9955467,0.0071695447,0.093995929,0
4.3326025,-3.3123119,-1.8030477,0.055097699,-0.85331714,-0.51847267,0
4.5391107,-2.2878242,-0.026535749,0.9955467,0.0071695447,0.093995929,0
-0.50108337,1.8249128,-1.8671613,0.076491207,0.52134275,-0.84991217,0
-1.3950429,2.7657509,3.0147653,-0.055097699,0.85331714,0.51847267,0
3.1604795,-0.90746832,2.6692717,-0.076491207,-0.52134275,0.84991217,0
4.2789097,3.4659064,2.2904773,0.9955467,0.0071695447,0.093995929,0
-1.1356244,2.5119739,3.4600067,-0.055097699,0.85331714,0.51847267,0
4.2775936,2.671047,2.3650446,0.9955467,0.0071695447,0.093995929,0
3.1984839,-3.9769306,-0.82972074,0.055097699,-0.85331714,-0.51847267,0
4.2678299,0.070680618,2.6668038,0.9955467,0.0071695447,0.093995929,0
1.1081614,3.5161405,2.0457656,-0.055097699,0.85331714,0.51847267,0
4.589983,1.4821329,-0.85289812,0.9955467,0.0071695447,0.093995929,0
-0.39391994,-4.3567853,-0.58630681,0.055097699,-0.85331714,-0.51847267,0
2.1207707,-2.7478211,-2.9671521,0.055097699,-0.85331714,-0.51847267,0
4.3612952,-0.2125504,1.6984839,0.9955467,0.0071695447,0.093995929,0
-1.9669316,-0.7422502,-3.5738039,0.076491207,0.52134275,-0.84991217,0
4.3297896,1.5128173,1.9005599,0.9955467,0.0071695447,0.093995929,0
-1.6589696,3.5300136,-0.92544764,0.076491207,0.52134275,-0.84991217,0
0.69200039,4.4503407,0.46400714,-0.055097699,0.85331714,0.51847267,0
-2.0091584,-1.2811637,-3.9081781,0.076491207,0.52134275,-0.84991217,0
4.4124908,3.3951843,0.88106775,0.9955467,0.0071695447,0.093995929,0
-1.2651055,2.0550985,-1.7947246,0.076491207,0.52134275,-0.84991217,0
-0.3139534,3.8546305,1.3375423,-0.055097699,0.85331714,0.51847267,0
-2.3075848,-4.3313227,-0.83157587,0.055097699,-0.85331714,-0.51847267,0
4.8031082,-2.4989598,-2.8065271,0.9955467,0.0071695447,0.093995929,0
4.491817,3.1051817,-0.63247871,0.076491207,0.52134275,-0.84991217,0
2.229758,-4.4440041,0.41616911,-0.076491207,-0.52134275,0.84991217,0
0.38393158,0.26086426,3.1360497,-0.076491207,-0.52134275,0.84991217,0
0.10024762,-2.4736259,-3.6331496,0.055097699,-0.85331714,-0.51847267,0
0.89499187,3.6026154,-0.65105951,0.076491207,0.52134275,-0.84991217,0
-0.19993591,4.5330997,0.23301494,-0.055097699,0.85331714,0.51847267,0
-3.8905096,-0.16334665,2.4911406,-0.076491207,-0.52134275,0.84991217,0
2.0729644,2.8605161,3.2273397,-0.055097699,0.85331714,0.51847267,0
3.9193816,-3.8064432,-1.0337055,0.055097699,-0.85331714,-0.51847267,0
3.5519421,2.3925724,4.154664,-0.055097699,0.85331714,0.51847267,0
-4.2335143,-2.1645074,-2.8705444,-0.9955467,-0.0071695447,-0.093995929,0
1.9717818,-2.1660314,1.7902777,-0.076491207,-0.52134275,0.84991217,0
-0.2857542,-4.6369038,-0.11378527,0.055097699,-0.85331714,-0.51847267,0
-1.542109,-4.7197194,-0.092421055,-0.076491207,-0.52134275,0.84991217,0
4.3255358,-0.47111797,2.0969493,0.9955467,0.0071695447,0.093995929,0
-4.5688477,-2.1478026,0.67982292,-0.9955467,-0.0071695447,-0.093995929,0
2.7190075,-2.3309045,-3.5897512,0.055097699,-0.85331714,-0.51847267,0
-4.4261022,0.81082755,3.0405037,-0.076491207,-0.52134275,0.84991217,0
-4.3937235,-2.3779471,-1.1574268,-0.9955467,-0.0071695447,-0.093995929,0
4.3301506,2.1747234,1.8462467,0.9955467,0.0071695447,0.093995929,0
0.74596667,-3.1272094,1.0903616,-0.076491207,-0.52134275,0.84991217,0
3.97802,3.794698,1.8922853,-0.055097699,0.85331714,0.51847267,0
4.1119962,0.67565346,3.7260067,-0.076491207,-0.52134275,0.84991217,0
4.2436504,-1.1961875,2.5896533,-0.076491207,-0.52134275,0.84991217,0
4.4079342,1.5859307,1.0673285,0.9955467,0.0071695447,0.093995929,0
3.7554791,1.3290915,-1.7882161,0.076491207,0.52134275,-0.84991217,0
4.4755597,2.7152798,0.26494503,0.9955467,0.0071695447,0.093995929,0
0.72510433,2.5020938,3.6740055,-0.055097699,0.85331714,0.51847267,0
-4.2616425,-0.6652627,-2.686985,-0.9955467,-0.0071695447,-0.093995929,0
1.5514326,0.22553921,-2.6635053,0.076491207,0.52134275,-0.84991217,0
3.6321554,0.20434678,-2.4892421,0.076491207,0.52134275,-0.84991217,0
0.49628925,-1.9204915,-4.0748591,0.076491207,0.52134275,-0.84991217,0
-1.9988474,-1.6242673,1.7652477,-0.076491207,-0.52134275,0.84991217,0
2.6279497,-2.3368752,1.7445351,-0.076491207,-0.52134275,0.84991217,0
0.29892564,1.7219398,-1.8583258,0.076491207,0.52134275,-0.84991217,0
-4.8581705,1.6885213,3.4515274,-0.9955467,-0.0071695447,-0.093995929,0
2.4585452,-1.9403801,1.9725021,-0.076491207,-0.52134275,0.84991217,0
4.1995997,-3.0408096,-2.2640271,0.055097699,-0.85331714,-0.51847267,0
-2.109859,-2.3808389,-4.0207272,0.055097699,-0.85331714,-0.51847267,0
-4.4801059,0.51145887,-0.46291447,-0.9955467,-0.0071695447,-0.093995929,0
-4.4098368,2.2846029,-1.3424022,-0.9955467,-0.0071695447,-0.093995929,0
4.0529666,0.71731091,-2.1367133,0.076491207,0.52134275,-0.84991217,0
-0.99588537,-4.4740248,-0.45732117,0.055097699,-0.85331714,-0.51847267,0
1.7227175,0.59671926,3.4625554,-0.076491207,-0.52134275,0.84991217,0
4.4202299,-0.84782648,1.1227407,0.9955467,0.0071695447,0.093995929,0
-2.610291,3.8620498,1.0813013,-0.055097699,0.85331714,0.51847267,0
-4.5643277,2.3795283,0.28662515,-0.9955467,-0.0071695447,-0.093995929,0
-2.0485687,2.8938546,-1.3507354,0.076491207,0.52134275,-0.84991217,0
-2.8668365,-3.9895406,-1.4535227,0.055097699,-0.85331714,-0.51847267,0
-4.466989,1.6428506,-0.68813372,-0.9955467,-0.0071695447,-0.093995929,0
4.3652468,1.0154971,1.5629597,0.9955467,0.0071695447,0.093995929,0
3.089823,-3.2008655,-2.1185384,0.055097699,-0.85331714,-0.51847267,0
3.6640596,4.687315,0.38982677,-0.055097699,0.85331714,0.51847267,0
1.8082304,2.5406823,-1.2202665,0.076491207,0.52134275,-0.84991217,0
4.4804969,-3.0367026,0.65138555,0.9955467,0.0071695447,0.093995929,0
-4.229898,-1.1742718,-2.9843783,-0.9955467,-0.0071695447,-0.093995929,0
0.79414701,2.765727,3.247447,-0.055097699,0.85331714,0.51847267,0
-0.88407922,-1.5893734,-3.9959803,0.076491207,0.52134275,-0.84991217,0
1.3511798,3.668808,-0.56939983,0.076491207,0.52134275,-0.84991217,0
-1.8138554,4.2751374,0.48606616,-0.055097699,0.85331714,0.51847267,0
4.2245913,-2.0287209,2.0772557,-0.076491207,-0.52134275,0.84991217,0
0.45708179,4.3082242,0.67294168,-0.055097699,0.85331714,0.51847267,0
0.46808529,-4.1377907,-0.8551296,0.055097699,-0.85331714,-0.51847267,0
-2.1129439,-2.1753948,-4.3591809,0.055097699,-0.85331714,-0.51847267,0
-1.0160022,-1.5156093,1.9203544,-0.076491207,-0.52134275,0.84991217,0
0.73016405,2.7590289,3.2516723,-0.055097699,0.85331714,0.51847267,0
3.1941688,-2.9994957,1.3890376,-0.076491207,-0.52134275,0.84991217,0
3.6109433,1.3166237,4.0740881,-0.076491207,-0.52134275,0.84991217,0
4.469955,2.6451368,0.32965279,0.9955467,0.0071695447,0.093995929,0
1.0128908,4.2823939,0.77451944,-0.055097699,0.85331714,0.51847267,0
-4.7139125,-0.56578505,2.0955837,-0.9955467,-0.0071695447,-0.093995929,0
3.5085111,-2.6279621,-3.0169456,0.055097699,-0.85331714,-0.51847267,0
-4.123723,0.67732036,2.9858234,-0.076491207,-0.52134275,0.84991217,0
-4.2489185,0.094374776,2.6169724,-0.076491207,-0.52134275,0.84991217,0
0.39257717,-3.8989425,-1.2562567,0.055097699,-0.85331714,-0.51847267,0
2.5003946,-4.5470853,0.034471095,0.055097699,-0.85331714,-0.51847267,0
-4.7175179,-0.43551457,2.1238339,-0.9955467,-0.0071695447,-0.093995929,0
-4.4645786,3.1501169,-0.82863331,-0.9955467,-0.0071695447,-0.093995929,0
4.6073966,-0.45945841,-0.88923788,0.9955467,0.0071695447,0.093995929,0
-0.17952627,-0.91640234,2.3631947,-0.076491207,-0.52134275,0.84991217,0
-4.4341812,-4.0506916,-0.60133839,-0.9955467,-0.0071695447,-0.093995929,0
3.8637929,-3.2574968,-1.943084,0.055097699,-0.85331714,-0.51847267,0
1.9267318,2.0057206,-1.5377517,0.076491207,0.52134275,-0.84991217,0
-1.1661623,2.6039815,3.3053327,-0.055097699,0.85331714,0.51847267,0
4.7839952,-2.7946541,-2.581542,0.9955467,0.0071695447,0.093995929,0
-4.2489753,-1.230756,-2.7780161,-0.9955467,-0.0071695447,-0.093995929,0
-0.86641502,-4.3736515,0.18067193,-0.076491207,-0.52134275,0.84991217,0
-2.6729121,4.0461407,0.77166528,-0.055097699,0.85331714,0.51847267,0
-4.4025998,-0.57148504,-1.2012067,-0.9955467,-0.0071695447,-0.093995929,0
-4.7616301,1.2071499,2.4657483,-0.9955467,-0.0071695447,-0.093995929,0
-4.7624044,1.7266873,2.4343235,-0.9955467,-0.0071695447,-0.093995929,0
-4.5812712,3.6107063,0.37216973,-0.9955467,-0.0071695447,-0.093995929,0
-1.4786329,4.3451934,0.40639064,-0.055097699,0.85331714,0.51847267,0
-4.6237831,2.5019879,0.90699673,-0.9955467,-0.0071695447,-0.093995929,0
0.34714699,4.1117678,-0.38804698,0.076491207,0.52134275,-0.84991217,0
2.1022606,-1.3429823,2.3068852,-0.076491207,-0.52134275,0.84991217,0
2.4046073,1.077332,3.8187361,-0.076491207,-0.52134275,0.84991217,0
0.82079679,-0.59549642,-3.2328916,0.076491207,0.52134275,-0.84991217,0
4.6523037,1.1851368,-1.4903035,0.9955467,0.0071695447,0.093995929,0
2.6281996,0.96573699,-2.1125546,0.076491207,0.52134275,-0.84991217,0
4.3577728,3.1543863,1.4789739,0.9955467,0.0071695447,0.093995929,0
0.96644306,1.0946572,-2.1830299,0.076491207,0.52134275,-0.84991217,0
-0.092287302,-2.2711842,-3.9867938,0.055097699,-0.85331714,-0.51847267,0
-2.1274841,2.3812842,3.5696955,-0.055097699,0.85331714,0.51847267,0
-4.6710157,0.49466991,1.5603688,-0.9955467,-0.0071695447,-0.093995929,0
4.3457642,3.8734412,1.5513139,0.9955467,0.0071695447,0.093995929,0
0.081912518,2.2706399,3.9865875,-0.055097699,0.85331714,0.51847267,0
-4.3926554,0.95123434,-1.4226735,-0.9955467,-0.0071695447,-0.093995929,0
-1.7381032,-0.52530599,-3.4201345,0.076491207,0.52134275,-0.84991217,0
1.7735538,-1.2462029,2.3366675,-0.076491207,-0.52134275,0.84991217,0
1.1017079,4.1251159,-0.31194925,0.076491207,0.52134275,-0.84991217,0
4.3182864,-0.95668125,2.2107599,0.9955467,0.0071695447,0.093995929,0
-4.176115,3.6890831,-1.0544136,0.076491207,0.52134275,-0.84991217,0
-3.4441383,-1.0502177,1.9872997,-0.076491207,-0.52134275,0.84991217,0
4.488317,2.6750822,0.13289213,0.9955467,0.0071695447,0.093995929,0
2.5650938,-1.1250355,2.4822299,-0.076491207,-0.52134275,0.84991217,0
3.7018228,-1.8202912,-3.7249012,0.076491207,0.52134275,-0.84991217,0
-0.94868708,-2.2554104,1.4726131,-0.076491207,-0.52134275,0.84991217,0
1.5862553,-0.45946693,-3.0805593,0.076491207,0.52134275,-0.84991217,0
4.5364385,-3.8345478,0.11974096,0.9955467,0.0071695447,0.093995929,0
-4.719995,-0.055808425,2.1211085,-0.9955467,-0.0071695447,-0.093995929,0
-4.6304612,2.9205551,0.94580197,-0.9955467,-0.0071695447,-0.093995929,0
-4.6094851,1.3496472,0.84345937,-0.9955467,-0.0071695447,-0.093995929,0
4.5978098,-2.0635333,-3.7934697,0.076491207,0.52134275,-0.84991217,0
2.2208195,1.8522453,-1.6054268,0.076491207,0.52134275,-0.84991217,0
-2.3414583,-2.2137837,1.3727992,-0.076491207,-0.52134275,0.84991217,0
-1.8293779,3.7909656,-0.78071427,0.076491207,0.52134275,-0.84991217,0
1.3178091,4.508296,0.43512583,-0.055097699,0.85331714,0.51847267,0
3.6185668,2.9670987,-0.7957716,0.076491207,0.52134275,-0.84991217,0
4.4866033,-2.5094166,-3.1081107,0.055097699,-0.85331714,-0.51847267,0
0.87019098,-0.26973939,2.8543363,-0.076491207,-0.52134275,0.84991217,0
4.6736774,-2.7072217,-1.4197922,0.9955467,0.0071695447,0.093995929,0
4.338119,0.18976164,1.9132628,0.9955467,0.0071695447,0.093995929,0
4.5341578,-2.8260891,0.066978455,0.9955467,0.0071695447,0.093995929,0
2.7067246,1.2302957,3.9397557,-0.076491207,-0.52134275,0.84991217,0
4.4180903,-1.4789679,1.1935396,0.9955467,0.0071695447,0.093995929,0
-3.4870594,-2.8692048,-3.3633142,0.055097699,-0.85331714,-0.51847267,0
4.4841652,4.1735315,0.062569618,0.9955467,0.0071695447,0.093995929,0
-4.4023199,0.75381255,-1.3052554,-0.9955467,-0.0071695447,-0.093995929,0
-4.5758195,2.0360484,0.43453908,-0.9955467,-0.0071695447,-0.093995929,0
-2.4240775,-4.2739315,-0.93841219,0.055097699,-0.85331714,-0.51847267,0
4.3447456,0.4688642,1.8217864,0.9955467,0.0071695447,0.093995929,0
3.4963207,-0.099121094,3.1953435,-0.076491207,-0.52134275,0.84991217,0
-4.474587,-3.5981469,-0.207901,-0.9955467,-0.0071695447,-0.093995929,0
4.6284246,1.6535836,-1.2731218,0.9955467,0.0071695447,0.093995929,0
-4.6351128,1.0809286,1.1353855,-0.9955467,-0.0071695447,-0.093995929,0
-3.5178363,-1.2285967,-4.011713,0.076491207,0.52134275,-0.84991217,0
-4.442976,3.5433378,-1.0874288,-0.9955467,-0.0071695447,-0.093995929,0
-0.22463727,2.6238973,3.3726101,-0.055097699,0.85331714,0.51847267,0
-1.674437,0.94836521,-2.510443,0.076491207,0.52134275,-0.84991217,0
-0.020186186,-2.9854996,-2.8034911,0.055097699,-0.85331714,-0.51847267,0
-3.7639427,3.402714,1.7146919,-0.055097699,0.85331714,0.51847267,0
-4.540359,3.2633896,-0.034654379,-0.9955467,-0.0071695447,-0.093995929,0
3.4590023,3.4642675,2.3809609,-0.055097699,0.85331714,0.51847267,0
-0.015624672,0.65313315,-2.5422492,0.076491207,0.52134275,-0.84991217,0
4.5202961,-3.2107501,0.24313354,0.9955467,0.0071695447,0.093995929,0
-1.9342575,2.3327518,3.6701059,-0.055097699,0.85331714,0.51847267,0
-3.3757377,2.3861651,3.4290116,-0.055097699,0.85331714,0.51847267,0
-4.3708124,-2.9068718,-1.3597398,-0.9955467,-0.0071695447,-0.093995929,0
4.4302912,3.4556923,0.68792486,0.9955467,0.0071695447,0.093995929,0
-0.54854035,2.634547,3.3206613,-0.055097699,0.85331714,0.51847267,0
-4.4013247,2.860029,-1.4764502,-0.9955467,-0.0071695447,-0.093995929,0
3.027703,3.6533289,2.0239644,-0.055097699,0.85331714,0.51847267,0
-1.3030698,-2.3578897,1.3778571,-0.076491207,-0.52134275,0.84991217,0
2.1151543,2.6542192,3.5713525,-0.055097699,0.85331714,0.51847267,0
4.8518047,-2.1821244,-3.3464551,0.9955467,0.0071695447,0.093995929,0
4.431529,-3.4372277,1.2005694,0.9955467,0.0071695447,0.093995929,0
-3.1783919,0.68051434,-2.8100991,0.076491207,0.52134275,-0.84991217,0
-2.4749722,-0.42927229,2.4554162,-0.076491207,-0.52134275,0.84991217,0
-3.4074335,-2.2766018,1.2383294,-0.076491207,-0.52134275,0.84991217,0
-1.6075665,-2.1283071,1.4912808,-0.076491207,-0.52134275,0.84991217,0
-3.881454,4.3415914,0.156973,-0.055097699,0.85331714,0.51847267,0
4.5597863,0.15183407,-0.43160391,0.9955467,0.0071695447,0.093995929,0
4.1482358,0.95363522,3.8661222,0.9955467,0.0071695447,0.093995929,0
-2.9914556,2.3539367,3.5228915,-0.055097699,0.85331714,0.51847267,0
-2.5529952,4.3084474,0.35269645,-0.055097699,0.85331714,0.51847267,0
-0.78565192,3.2950382,-0.99098575,0.076491207,0.52134275,-0.84991217,0
3.2313995,-1.6709316,-3.6756201,0.076491207,0.52134275,-0.84991217,0
-0.24667454,-3.4315915,-2.093369,0.055097699,-0.85331714,-0.51847267,0
2.6707258,-2.7280538,1.508433,-0.076491207,-0.52134275,0.84991217,0
4.1877685,1.9107938,3.3744035,0.9955467,0.0071695447,0.093995929,0
4.1008868,2.118726,4.2787457,0.9955467,0.0071695447,0.093995929,0
0.16172314,-4.615972,-0.10068202,0.055097699,-0.85331714,-0.51847267,0
-1.8558354,1.8296388,3.8967719,-0.076491207,-0.52134275,0.84991217,0
-0.43286467,-4.0662165,-1.0686724,0.055097699,-0.85331714,-0.51847267,0
-1.6272293,0.026823044,-3.0714755,0.076491207,0.52134275,-0.84991217,0
-4.5497823,-2.5283995,0.50692797,-0.9955467,-0.0071695447,-0.093995929,0
-3.3025303,-2.8330033,0.90646935,-0.076491207,-0.52134275,0.84991217,0
-4.3766413,-0.47103333,-1.4838047,-0.9955467,-0.0071695447,-0.093995929,0
4.1158285,-2.7610693,-2.7333348,0.055097699,-0.85331714,-0.51847267,0
-4.2391863,-1.0470228,-2.8957052,-0.9955467,-0.0071695447,-0.093995929,0
2.6780701,-4.551569,0.060731471,0.055097699,-0.85331714,-0.51847267,0
-4.5550499,3.9586415,0.067910433,-0.9955467,-0.0071695447,-0.093995929,0
2.4168994,-1.1552734,2.450345,-0.076491207,-0.52134275,0.84991217,0
4.4878812,-3.9879577,0.64573431,0.9955467,0.0071695447,0.093995929,0
-1.239002,3.751514,-0.75178063,0.076491207,0.52134275,-0.84991217,0
-4.5798793,2.8167219,0.41798639,-0.9955467,-0.0071695447,-0.093995929,0
3.9996839,-4.0017395,-0.70374739,0.055097699,-0.85331714,-0.51847267,0
-1.8369063,-1.4124359,1.9097612,-0.076491207,-0.52134275,0.84991217,0
4.4614801,-3.4746206,0.88620496,0.9955467,0.0071695447,0.093995929,0
-4.6218138,0.33216828,1.0516474,-0.9955467,-0.0071695447,-0.093995929,0
-1.5276184,-2.6484594,1.1794106,-0.076491207,-0.52134275,0.84991217,0
4.6104174,-3.700577,-0.674016,0.9955467,0.0071695447,0.093995929,0
2.9826808,-3.996484,-0.82047236,0.055097699,-0.85331714,-0.51847267,0
3.6572254,3.6763842,-0.35721064,0.076491207,0.52134275,-0.84991217,0
-4.5364318,3.0917749,-0.063160658,-0.9955467,-0.0071695447,-0.093995929,0
1.0596888,-3.6300471,0.81015158,-0.076491207,-0.52134275,0.84991217,0
4.6102304,1.3102329,-1.0542321,0.9955467,0.0071695447,0.093995929,0
-0.7621479,-1.6864009,-4.0445242,0.076491207,0.52134275,-0.84991217,0
4.6128554,-1.7854097,-0.84591627,0.9955467,0.0071695447,0.093995929,0
-4.5236378,-2.2251551,0.20688581,-0.9955467,-0.0071695447,-0.093995929,0
-0.34928846,-3.2874064,0.89352393,-0.076491207,-0.52134275,0.84991217,0
-0.0060811043,4.070406,-0.44520795,0.076491207,0.52134275,-0.84991217,0
-4.3483934,0.20170641,-1.8343029,-0.9955467,-0.0071695447,-0.093995929,0
0.86249828,4.0768228,1.0968721,-0.055097699,0.85331714,0.51847267,0
0.066010118,-1.3327813,-3.7530782,0.076491207,0.52134275,-0.84991217,0
1.1642191,3.5952799,-0.63132882,0.076491207,0.52134275,-0.84991217,0
4.4806457,-2.8381701,0.63466454,0.9955467,0.0071695447,0.093995929,0
-2.2121379,-3.3984506,-2.3567815,0.055097699,-0.85331714,-0.51847267,0
-4.3369207,-2.6659856,-1.7370787,-0.9955467,-0.0071695447,-0.093995929,0
-4.5173149,2.7483945,-0.23944116,-0.9955467,-0.0071695447,-0.093995929,0
3.8815846,0.56824541,3.6393845,-0.076491207,-0.52134275,0.84991217,0
4.811357,-1.9169412,-2.9382873,0.9955467,0.0071695447,0.093995929,0
-1.625508,2.4747894,-1.5697188,0.076491207,0.52134275,-0.84991217,0
-3.5932832,-1.5030003,-4.1868248,0.076491207,0.52134275,-0.84991217,0
-3.0955014,-1.8946645,1.5006864,-0.076491207,-0.52134275,0.84991217,0
-4.2016926,-3.4357593,-2.5068069,0.055097699,-0.85331714,-0.51847267,0
-4.4631128,-2.7340515,-0.3953352,-0.9955467,-0.0071695447,-0.093995929,0
1.6995611,0.8256495,3.6008987,-0.076491207,-0.52134275,0.84991217,0
3.5450518,-2.6652012,-2.9517729,0.055097699,-0.85331714,-0.51847267,0
1.7952871,-0.22426391,-2.9174714,0.076491207,0.52134275,-0.84991217,0
-4.695446,2.7734816,1.645299,-0.9955467,-0.0071695447,-0.093995929,0
-0.30105758,2.2748694,3.9389286,-0.055097699,0.85331714,0.51847267,0
-3.1141653,-0.032192826,2.6414614,-0.076491207,-0.52134275,0.84991217,0
-2.0123308,-4.1735129,0.20030689,-0.076491207,-0.52134275,0.84991217,0
4.7368951,-2.3036447,-2.1201363,0.9955467,0.0071695447,0.093995929,0
-2.5541203,1.6515512,-2.1582737,0.076491207,0.52134275,-0.84991217,0
4.3799596,0.8110702,1.422718,0.9955467,0.0071695447,0.093995929,0
-2.1371,-2.367938,-4.0448546,0.055097699,-0.85331714,-0.51847267,0
4.6954288,0.62103695,-2.1379476,0.076491207,0.52134275,-0.84991217,0
-2.3251352,2.9650202,2.5879617,-0.055097699,0.85331714,0.51847267,0
4.5749869,-3.9387703,-0.28058624,0.9955467,0.0071695447,0.093995929,0
-1.7656691,-2.9210827,-3.0950012,0.055097699,-0.85331714,-0.51847267,0
3.7918885,2.7443578,3.6011848,-0.055097699,0.85331714,0.51847267,0
-4.117382,-4.2321773,-0.025130272,-0.076491207,-0.52134275,0.84991217,0
-2.9559264,-2.1961687,-4.4145737,0.055097699,-0.85331714,-0.51847267,0
-4.2126112,-2.6455159,-3.0552435,-0.9955467,-0.0071695447,-0.093995929,0
-1.4666634,-4.3947082,-0.63789105,0.055097699,-0.85331714,-0.51847267,0
4.4138432,-1.1994274,1.2171993,0.9955467,0.0071695447,0.093995929,0
0.92940569,3.2642746,2.4412975,-0.055097699,0.85331714,0.51847267,0
4.3133655,-3.8581233,-0.90678,0.055097699,-0.85331714,-0.51847267,0
-4.451189,3.7424591,-1.0156238,-0.9955467,-0.0071695447,-0.093995929,0
1.3512821,1.0837111,3.7278514,-0.076491207,-0.52134275,0.84991217,0
3.6534243,-2.3588791,1.8233297,-0.076491207,-0.52134275,0.84991217,0
-4.0775738,-2.0282128,-4.5325584,-0.9955467,-0.0071695447,-0.093995929,0
4.2198429,4.5475245,0.22778893,0.076491207,0.52134275,-0.84991217,0
-4.1463394,2.0656023,-2.0475898,0.076491207,0.52134275,-0.84991217,0
-2.9373415,-3.545768,-2.1913881,0.055097699,-0.85331714,-0.51847267,0
0.34301943,0.12964392,3.0518763,-0.076491207,-0.52134275,0.84991217,0
-4.2965846,-4.2787204,-1.1295199,0.055097699,-0.85331714,-0.51847267,0
-1.8035094,-0.30030179,2.5949588,-0.076491207,-0.52134275,0.84991217,0
-2.5250726,0.52701759,-2.8454568,0.076491207,0.52134275,-0.84991217,0
-4.5842385,-2.3472383,0.8580451,-0.9955467,-0.0071695447,-0.093995929,0
-1.2844172,-0.93919921,2.2497718,-0.076491207,-0.52134275,0.84991217,0
-0.59907866,-2.8166864,-3.1428471,0.055097699,-0.85331714,-0.51847267,0
-4.7278934,2.6937654,1.9950423,-0.9955467,-0.0071695447,-0.093995929,0
4.757288,-0.12062395,-2.5026379,0.9955467,0.0071695447,0.093995929,0
-0.35730648,-3.9012163,-1.3322041,0.055097699,-0.85331714,-0.51847267,0
-3.375139,-0.20726359,2.5105841,-0.076491207,-0.52134275,0.84991217,0
4.526648,-2.116653,0.092403412,0.9955467,0.0071695447,0.093995929,0
4.1375227,-1.5102696,2.3874416,-0.076491207,-0.52134275,0.84991217,0
-1.4148977,-0.3162384,2.6201577,-0.076491207,-0.52134275,0.84991217,0
1.7609172,4.2641134,0.88409805,-0.055097699,0.85331714,0.51847267,0
-2.4066648,-0.049060583,2.6947889,-0.076491207,-0.52134275,0.84991217,0
4.1884804,3.3721073,2.6101627,-0.055097699,0.85331714,0.51847267,0
3.6500683,2.8021479,3.4910011,-0.055097699,0.85331714,0.51847267,0
-4.3654714,-4.0690298,-1.3276725,-0.9955467,-0.0071695447,-0.093995929,0
4.3721337,2.1187739,1.4058599,0.9955467,0.0071695447,0.093995929,0
4.2760239,0.73988414,2.5289669,0.9955467,0.0071695447,0.093995929,0
-0.23361254,-4.1725688,-0.87245941,0.055097699,-0.85331714,-0.51847267,0
4.5482388,2.6159182,-0.49725246,0.9955467,0.0071695447,0.093995929,0
0.82103968,1.6401827,-1.8614866,0.076491207,0.52134275,-0.84991217,0
-1.1736451,-0.81036019,2.3387718,-0.076491207,-0.52134275,0.84991217,0
-3.931628,3.7434404,1.1360954,-0.055097699,0.85331714,0.51847267,0
-4.2756577,-2.7532816,-2.3792772,-0.9955467,-0.0071695447,-0.093995929,0
4.4099817,3.7308986,0.88202763,0.9955467,0.0071695447,0.093995929,0
-4.1990423,-1.6827805,-3.2723923,-0.9955467,-0.0071695447,-0.093995929,0
-4.3678708,-0.88495946,-1.5451207,-0.9955467,-0.0071695447,-0.093995929,0
-4.7603259,2.7481918,2.3343968,-0.9955467,-0.0071695447,-0.093995929,0
0.56241345,-2.7036219,-3.2055018,0.055097699,-0.85331714,-0.51847267,0
-2.6781754,1.4023701,3.5606723,-0.076491207,-0.52134275,0.84991217,0
2.6306205,-4.6472592,0.32756782,-0.076491207,-0.52134275,0.84991217,0
4.4338093,-0.413661,0.9457984,0.9955467,0.0071695447,0.093995929,0
-4.3562531,2.4540372,-1.8282123,0.076491207,0.52134275,-0.84991217,0
-4.4729118,-3.7021708,-0.21771002,-0.9955467,-0.0071695447,-0.093995929,0
-4.6964264,-0.88244045,1.9345348,-0.9955467,-0.0071695447,-0.093995929,0
-3.2330134,4.5577168,-0.12982321,-0.055097699,0.85331714,0.51847267,0
-0.39802048,-0.84930921,2.3846858,-0.076491207,-0.52134275,0.84991217,0
-0.29367661,2.9007473,-1.1885698,0.076491207,0.52134275,-0.84991217,0
-2.7959285,2.3916292,3.4816341,-0.055097699,0.85331714,0.51847267,0
-4.8237038,2.1164384,3.0538402,-0.9955467,-0.0071695447,-0.093995929,0
-3.5593774,0.21491349,2.7529697,-0.076491207,-0.52134275,0.84991217,0
1.0910354,-4.2479148,0.43396801,-0.076491207,-0.52134275,0.84991217,0
-4.6919298,1.502898,1.704972,-0.9955467,-0.0071695447,-0.093995929,0
-0.98795426,-0.49859262,2.5467246,-0.076491207,-0.52134275,0.84991217,0
4.7116838,-2.1149509,-3.7334142,0.055097699,-0.85331714,-0.51847267,0
3.9283991,-4.2713304,-0.26762176,0.055097699,-0.85331714,-0.51847267,0
4.6319761,-2.3643131,-1.0042751,0.9955467,0.0071695447,0.093995929,0
-4.6914148,0.93480396,1.7428505,-0.9955467,-0.0071695447,-0.093995929,0
-4.6083164,0.62691689,0.88620973,-0.9955467,-0.0071695447,-0.093995929,0
-1.4116617,-1.4831553,-3.978307,0.076491207,0.52134275,-0.84991217,0
-4.1675777,3.1391797,-1.3909602,0.076491207,0.52134275,-0.84991217,0
-3.9517999,2.7192829,2.8195391,-0.055097699,0.85331714,0.51847267,0
3.1807168,2.3392792,4.2029271,-0.055097699,0.85331714,0.51847267,0
0.083533287,4.4921374,0.33055496,-0.055097699,0.85331714,0.51847267,0
0.36901689,-2.5493331,-3.4799867,0.055097699,-0.85331714,-0.51847267,0
-4.5308347,2.1431808,-0.050086498,-0.9955467,-0.0071695447,-0.093995929,0
3.1540744,-2.5421963,-3.1957672,0.055097699,-0.85331714,-0.51847267,0
-4.403142,-0.72327542,-1.1838832,-0.9955467,-0.0071695447,-0.093995929,0
-2.3155971,0.49243665,-2.8478172,0.076491207,0.52134275,-0.84991217,0
-1.892884,3.7146351,1.4001596,-0.055097699,0.85331714,0.51847267,0
-4.8535824,2.1851726,3.3650496,-0.9955467,-0.0071695447,-0.093995929,0
-1.7485702,-1.4236637,1.9108241,-0.076491207,-0.52134275,0.84991217,0
-0.7193594,2.0159295,-1.7696348,0.076491207,0.52134275,-0.84991217,0
-1.6019521,-4.671936,-0.19599915,0.055097699,-0.85331714,-0.51847267,0
-3.1155813,3.7038791,-0.94989038,0.076491207,0.52134275,-0.84991217,0
3.3627536,-0.12506151,3.1674111,-0.076491207,-0.52134275,0.84991217,0
-4.3522158,-0.037189722,-1.7755957,-0.9955467,-0.0071695447,-0.093995929,0
-3.7704945,-0.31741226,2.4074364,-0.076491207,-0.52134275,0.84991217,0
-0.0011138916,-4.4179516,-0.44389439,0.055097699,-0.85331714,-0.51847267,0
-3.0925384,-2.3287237,-4.210927,0.055097699,-0.85331714,-0.51847267,0
-3.6011958,-4.4856052,-0.13412905,-0.076491207,-0.52134275,0.84991217,0
4.6533661,-1.964947,-1.261281,0.9955467,0.0071695447,0.093995929,0
-2.5825791,0.66913748,-2.7634554,0.076491207,0.52134275,-0.84991217,0
-2.8286059,-1.0416105,2.0479767,-0.076491207,-0.52134275,0.84991217,0
-4.5098925,-3.2993562,0.14324331,-0.9955467,-0.0071695447,-0.093995929,0
2.3360255,0.2135942,-2.6002197,0.076491207,0.52134275,-0.84991217,0
-3.2417431,-3.711628,0.37298536,-0.076491207,-0.52134275,0.84991217,0
2.9288607,-2.673733,-3.0032134,0.055097699,-0.85331714,-0.51847267,0
3.587049,4.6408315,0.45814562,-0.055097699,0.85331714,0.51847267,0
-4.2915869,-0.12686801,-2.4109001,-0.9955467,-0.0071695447,-0.093995929,0
2.9164228,2.3079791,4.2263541,-0.055097699,0.85331714,0.51847267,0
-4.8106151,1.209296,2.9844058,-0.9955467,-0.0071695447,-0.093995929,0
-0.000831604,-2.1919978,-4.1074023,0.055097699,-0.85331714,-0.51847267,0
4.6754208,1.239104,-1.7392647,0.9955467,0.0071695447,0.093995929,0
-3.1127672,2.928694,2.5640478,-0.055097699,0.85331714,0.51847267,0
0.48296529,-0.02658534,-2.9143214,0.076491207,0.52134275,-0.84991217,0
1.6580985,-4.2023945,-0.62234116,0.055097699,-0.85331714,-0.51847267,0
-0.77619404,0.82568097,3.3781025,-0.076491207,-0.52134275,0.84991217,0
-0.62389433,1.5674922,-2.036118,0.076491207,0.52134275,-0.84991217,0
2.7451046,-2.7221179,-2.9431078,0.055097699,-0.85331714,-0.51847267,0
-4.1698675,-1.9550035,-3.5606265,-0.9955467,-0.0071695447,-0.093995929,0
1.9142528,1.4324864,-1.890501,0.076491207,0.52134275,-0.84991217,0
4.5309896,0.63029891,-0.16310501,0.9955467,0.0071695447,0.093995929,0
-3.424006,0.1746285,2.7404418,-0.076491207,-0.52134275,0.84991217,0
-0.17585754,-4.4008269,-0.49064851,0.055097699,-0.85331714,-0.51847267,0
2.6339235,1.9117953,-1.5317194,0.076491207,0.52134275,-0.84991217,0
-4.4248238,3.1216631,-1.2475207,-0.9955467,-0.0071695447,-0.093995929,0
4.7549348,-1.8191777,-2.3481576,0.9955467,0.0071695447,0.093995929,0
-1.9132344,2.7499442,2.9857125,-0.055097699,0.85331714,0.51847267,0
4.4145489,-2.5357349,1.3116541,0.9955467,0.0071695447,0.093995929,0
4.5082064,-3.2234282,0.37214541,0.9955467,0.0071695447,0.093995929,0
4.3825707,3.1330829,1.2179513,0.9955467,0.0071695447,0.093995929,0
-2.2968144,-3.0099797,-3.0051374,0.055097699,-0.85331714,-0.51847267,0
-4.4893012,3.7970455,-0.61613035,-0.9955467,-0.0071695447,-0.093995929,0
-3.9202828,-4.4155903,-0.86426783,0.055097699,-0.85331714,-0.51847267,0
-4.4447403,0.61920094,-0.8456974,-0.9955467,-0.0071695447,-0.093995929,0
-0.49068952,1.1627774,-2.2723851,0.076491207,0.52134275,-0.84991217,0
0.017289162,2.35253,3.8449433,-0.055097699,0.85331714,0.51847267,0
2.9769888,-1.0402319,-3.3116407,0.076491207,0.52134275,-0.84991217,0
-3.645596,2.1418498,-1.9557528,0.076491207,0.52134275,-0.84991217,0
-2.4157803,3.8147488,-0.81890088,0.076491207,0.52134275,-0.84991217,0
4.1317701,2.0998471,3.9530869,0.9955467,0.0071695447,0.093995929,0
2.7443147,-2.8062906,-2.8046577,0.055097699,-0.85331714,-0.51847267,0
4.6926479,-1.8283569,-1.6877503,0.9955467,0.0071695447,0.093995929,0
2.9554696,-2.7414155,-2.8889914,0.055097699,-0.85331714,-0.51847267,0
-1.7933609,0.79913759,3.270277,-0.076491207,-0.52134275,0.84991217,0
2.5809176,-0.28965569,2.9960833,-0.076491207,-0.52134275,0.84991217,0
3.8731549,0.9974407,-1.9810629,0.076491207,0.52134275,-0.84991217,0
4.5156627,-4.2529111,0.37169576,0.9955467,0.0071695447,0.093995929,0
4.3543849,3.5915773,1.4815116,0.9955467,0.0071695447,0.093995929,0
0.48276806,4.5616426,0.25858831,-0.055097699,0.85331714,0.51847267,0
-0.27125907,2.367722,3.7892754,-0.055097699,0.85331714,0.51847267,0
-2.3561816,4.323339,-0.50156367,0.076491207,0.52134275,-0.84991217,0
-0.85794687,-4.7144976,-0.046885252,0.055097699,-0.85331714,-0.51847267,0
-2.715142,-2.1489966,-4.4666224,0.055097699,-0.85331714,-0.51847267,0
3.7318823,2.2382169,4.4278293,-0.055097699,0.85331714,0.51847267,0
0.81739902,3.9996278,1.2191293,-0.055097699,0.85331714,0.51847267,0
-4.0576,4.244215,0.29851985,-0.055097699,0.85331714,0.51847267,0
-4.6257424,-1.2119174,1.2110286,-0.9955467,-0.0071695447,-0.093995929,0
-4.1239285,4.4952707,-0.12172556,-0.055097699,0.85331714,0.51847267,0
4.6877532,0.95284039,-1.8480515,0.9955467,0.0071695447,0.093995929,0
-3.4055138,-0.77077246,-3.7207711,0.076491207,0.52134275,-0.84991217,0
4.4932857,-4.1943588,0.60423684,0.9955467,0.0071695447,0.093995929,0
-3.8991661,-2.9388456,-3.292491,0.055097699,-0.85331714,-0.51847267,0
-4.6597447,2.0409725,3.7740564,-0.076491207,-0.52134275,0.84991217,0
-4.2890859,2.3156965,3.4479303,-0.055097699,0.85331714,0.51847267,0
2.7417803,1.4687924,-1.7937541,0.076491207,0.52134275,-0.84991217,0
-4.5547609,2.1109247,0.20578933,-0.9955467,-0.0071695447,-0.093995929,0
-3.6723478,4.4996233,-0.080899239,-0.055097699,0.85331714,0.51847267,0
-4.3105745,-3.7502766,0.25308371,-0.076491207,-0.52134275,0.84991217,0
-0.19709635,-4.5759025,-0.20476031,0.055097699,-0.85331714,-0.51847267,0
-4.4241204,0.57447052,-1.060678,-0.9955467,-0.0071695447,-0.093995929,0
1.8982363,-1.2692139,2.3337736,-0.076491207,-0.52134275,0.84991217,0
-4.6049514,1.2801926,0.80073738,-0.9955467,-0.0071695447,-0.093995929,0
4.5211043,-1.2761697,0.087010384,0.9955467,0.0071695447,0.093995929,0
0.16953945,-4.4346571,-0.39826429,0.055097699,-0.85331714,-0.51847267,0
-4.5282326,0.97554433,3.1323507,-0.076491207,-0.52134275,0.84991217,0
-4.2209992,-1.4628925,-3.056612,-0.9955467,-0.0071695447,-0.093995929,0
1.8597496,3.6086664,1.9733546,-0.055097699,0.85331714,0.51847267,0
-4.1427784,-2.0532677,-3.8400402,-0.9955467,-0.0071695447,-0.093995929,0
4.0001793,2.0011454,-1.35395,0.076491207,0.52134275,-0.84991217,0
-0.78702784,2.4219148,3.6452739,-0.055097699,0.85331714,0.51847267,0
-4.4058857,2.7079442,-1.4165421,-0.9955467,-0.0071695447,-0.093995929,0
4.6077995,-0.44721001,-0.89443803,0.9955467,0.0071695447,0.093995929,0
4.5014615,-4.4439077,0.53667521,0.9955467,0.0071695447,0.093995929,0
-3.6745996,0.19147313,2.7282212,-0.076491207,-0.52134275,0.84991217,0
4.3376112,-3.4390035,-1.5940024,0.055097699,-0.85331714,-0.51847267,0
-2.8646333,-1.992557,-4.4215441,0.076491207,0.52134275,-0.84991217,0
-4.2597551,-1.6970417,-2.6282687,-0.9955467,-0.0071695447,-0.093995929,0
2.5982974,0.8552866,-2.1829967,0.076491207,0.52134275,-0.84991217,0
-1.3641083,3.9481132,1.0720867,-0.055097699,0.85331714,0.51847267,0
0.069268227,1.0134313,-2.3135996,0.076491207,0.52134275,-0.84991217,0
-4.7574201,1.8055689,2.3755174,-0.9955467,-0.0071695447,-0.093995929,0
-4.2462702,-3.0178654,-2.6703491,-0.9955467,-0.0071695447,-0.093995929,0
0.75636387,3.7228284,1.6682076,-0.055097699,0.85331714,0.51847267,0
4.3610187,0.39525008,1.6550455,0.9955467,0.0071695447,0.093995929,0
2.816009,-4.348525,-0.25878567,0.055097699,-0.85331714,-0.51847267,0
-4.4348612,2.0497541,-1.0594501,-0.9955467,-0.0071695447,-0.093995929,0
-4.0460601,-1.9381852,-4.4945197,0.076491207,0.52134275,-0.84991217,0
-4.3318887,-2.8730371,-1.7745857,-0.9955467,-0.0071695447,-0.093995929,0
-4.422987,-3.9481215,-0.72771835,-0.9955467,-0.0071695447,-0.093995929,0
0.52656698,1.7472706,4.0606604,-0.076491207,-0.52134275,0.84991217,0
-0.029777527,-3.981185,-1.1657833,0.055097699,-0.85331714,-0.51847267,0
0.29831064,1.8164566,-1.8004038,0.076491207,0.52134275,-0.84991217,0
-4.639874,-0.69617546,1.3213613,-0.9955467,-0.0071695447,-0.093995929,0
2.0481319,-1.1101089,2.4448605,-0.076491207,-0.52134275,0.84991217,0
-4.3903813,1.8632472,-1.5163221,-0.9955467,-0.0071695447,-0.093995929,0
0.44032812,3.9281597,1.2966826,-0.055097699,0.85331714,0.51847267,0
0.78443623,4.4528794,0.46965218,-0.055097699,0.85331714,0.51847267,0
1.5000213,0.76910639,3.5482564,-0.076491207,-0.52134275,0.84991217,0
4.5938764,0.53502047,-0.82189512,0.9955467,0.0071695447,0.093995929,0
-4.4016929,0.56124711,-1.2972083,-0.9955467,-0.0071695447,-0.093995929,0
-4.0812678,-1.9907711,-4.4962916,-0.9955467,-0.0071695447,-0.093995929,0
0.93852234,-2.7458992,-3.0959511,0.055097699,-0.85331714,-0.51847267,0
-3.4674494,-4.342073,-0.03404808,-0.076491207,-0.52134275,0.84991217,0
1.6404372,-2.1874928,-3.9404006,0.055097699,-0.85331714,-0.51847267,0
-2.1270456,-3.3546922,0.69225359,-0.076491207,-0.52134275,0.84991217,0
-4.188282,-0.58164167,-3.4703481,-0.9955467,-0.0071695447,-0.093995929,0
3.3107724,-4.411582,-0.10242617,0.055097699,-0.85331714,-0.51847267,0
1.8664916,-2.156199,-3.9678824,0.055097699,-0.85331714,-0.51847267,0
-4.5242314,-2.4560564,0.23078299,-0.9955467,-0.0071695447,-0.093995929,0
-4.5291553,1.9372953,-0.052167177,-0.9955467,-0.0071695447,-0.093995929,0
1.5516284,3.2720056,-0.79476142,0.076491207,0.52134275,-0.84991217,0
4.5285635,-1.400777,0.017510891,0.9955467,0.0071695447,0.093995929,0
-0.019550323,-3.7537897,-1.5389494,0.055097699,-0.85331714,-0.51847267,0
-0.68843603,3.5428934,1.8108113,-0.055097699,0.85331714,0.51847267,0
1.5335827,-3.4468746,-1.8790293,0.055097699,-0.85331714,-0.51847267,0
3.1902657,2.9188919,3.2499971,-0.055097699,0.85331714,0.51847267,0
4.5893173,2.579987,-0.92958927,0.9955467,0.0071695447,0.093995929,0
-4.3691778,2.3074436,-1.7747796,-0.9955467,-0.0071695447,-0.093995929,0
4.4573693,-1.668663,0.79199076,0.9955467,0.0071695447,0.093995929,0
-4.4187822,3.2342951,-1.3201001,-0.9955467,-0.0071695447,-0.093995929,0
2.9083538,-2.225332,-3.7433834,0.055097699,-0.85331714,-0.51847267,0
-3.2049699,-1.4396255,-4.1130018,0.076491207,0.52134275,-0.84991217,0
4.3259654,2.1721468,1.8907728,0.9955467,0.0071695447,0.093995929,0
-4.7329683,-0.18823141,2.2686157,-0.9955467,-0.0071695447,-0.093995929,0
0.13212442,-4.368988,-0.51031995,0.055097699,-0.85331714,-0.51847267,0
2.3893304,1.2843091,3.9443226,-0.076491207,-0.52134275,0.84991217,0
0.063192844,1.8780737,-1.7837677,0.076491207,0.52134275,-0.84991217,0
4.498991,-3.2390087,0.47093701,0.9955467,0.0071695447,0.093995929,0
-0.19800091,-2.0743625,1.65123,-0.076491207,-0.52134275,0.84991217,0
-1.6211679,-2.7608151,-3.3434191,0.055097699,-0.85331714,-0.51847267,0
-4.699482,1.084285,1.8168852,-0.9955467,-0.0071695447,-0.093995929,0
-1.6504196,-1.7111506,1.7433109,-0.076491207,-0.52134275,0.84991217,0
4.3326263,-0.59704447,2.0314524,0.9955467,0.0071695447,0.093995929,0
2.9240773,-4.4009805,-0.1609686,0.055097699,-0.85331714,-0.51847267,0
3.6848249,2.4880078,4.0117145,-0.055097699,0.85331714,0.51847267,0
4.4722419,2.9465885,0.28243637,0.9955467,0.0071695447,0.093995929,0
-0.62268353,-3.7867782,-1.5487511,0.055097699,-0.85331714,-0.51847267,0
0.60023737,4.128469,-0.3550241,0.076491207,0.52134275,-0.84991217,0
4.2582712,-3.5326674,-1.4482791,0.055097699,-0.85331714,-0.51847267,0
-4.2821331,-1.3154597,-2.4203663,-0.9955467,-0.0071695447,-0.093995929,0
-0.19312477,-4.6773863,-0.0373137,0.055097699,-0.85331714,-0.51847267,0
3.886487,1.8756168,-1.4411826,0.076491207,0.52134275,-0.84991217,0
-4.385179,-1.8884143,-1.285265,-0.9955467,-0.0071695447,-0.093995929,0
-4.4022026,-0.65907705,-1.1987286,-0.9955467,-0.0071695447,-0.093995929,0
1.9789485,1.5998356,-1.7820252,0.076491207,0.52134275,-0.84991217,0
0.13831758,-4.1780572,-0.82390237,0.055097699,-0.85331714,-0.51847267,0
4.5400314,2.1919761,-0.37798548,0.9955467,0.0071695447,0.093995929,0
2.3011956,3.7944574,1.7144856,-0.055097699,0.85331714,0.51847267,0
4.2612782,1.0175343,2.6639714,0.9955467,0.0071695447,0.093995929,0
4.5237474,-1.0657682,0.042966366,0.9955467,0.0071695447,0.093995929,0
-4.3815417,-1.842603,-1.3272839,-0.9955467,-0.0071695447,-0.093995929,0
4.363935,-2.0403957,1.8099434,0.9955467,0.0071695447,0.093995929,0
-1.9609389,4.249311,0.5129419,-0.055097699,0.85331714,0.51847267,0
1.7582405,-3.5561683,-1.6752768,0.055097699,-0.85331714,-0.51847267,0
-2.9035685,1.2322563,3.436038,-0.076491207,-0.52134275,0.84991217,0
