3.9017081,-0.95108891,2.1588721,0.32350087,0.24650848,0.91355407,0
2.1764579,3.954845,1.3545258,-0.24915338,0.95358992,-0.16908315,0
-3.3106234,0.0030281544,-0.058211565,-0.91283631,-0.17291641,0.36990541,0
2.4914777,-2.0331132,-2.9122257,0.91283631,0.17291641,-0.36990541,0
2.0126472,-2.9449232,-1.8316759,0.24915338,-0.95358992,0.16908315,0
-3.412544,1.8991764,-2.0032642,-0.24915338,0.95358992,-0.16908315,0
0.85399306,-2.1127579,3.551564,0.32350087,0.24650848,0.91355407,0
-0.7365613,-3.684124,-1.9494891,0.24915338,-0.95358992,0.16908315,0
-3.1182158,-3.4241817,-1.1854846,-0.91283631,-0.17291641,0.36990541,0
-1.7558931,-0.60481632,3.4943383,-0.91283631,-0.17291641,0.36990541,0
0.17552829,1.1780784,-3.6639218,-0.32350087,-0.24650848,-0.91355407,0
0.6261363,-0.85299873,-3.2754326,-0.32350087,-0.24650848,-0.91355407,0
-3.345027,0.27490616,-2.173543,-0.32350087,-0.24650848,-0.91355407,0
3.5090342,-2.2539823,-0.13993955,0.24915338,-0.95358992,0.16908315,0
-2.2260551,2.7182608,0.86782241,-0.24915338,0.95358992,-0.16908315,0
-3.6024957,0.78537369,-0.41276431,-0.91283631,-0.17291641,0.36990541,0
-2.1751525,2.56779,-0.055805206,-0.24915338,0.95358992,-0.16908315,0
-3.8723738,1.6706798,-0.66491079,-0.91283631,-0.17291641,0.36990541,0
-2.7347972,2.4755867,0.24885798,-0.24915338,0.95358992,-0.16908315,0
0.17360532,0.63707924,-3.5172603,-0.32350087,-0.24650848,-0.91355407,0
3.9267659,-0.049928665,1.9068353,0.32350087,0.24650848,0.91355407,0
2.1968026,3.0167983,-1.2787731,0.91283631,0.17291641,-0.36990541,0
2.0006826,-2.8586454,-1.3274598,0.24915338,-0.95358992,0.16908315,0
-0.80071092,3.1992671,1.4802645,-0.24915338,0.95358992,-0.16908315,0
-3.7835014,-0.94723272,-1.6693685,-0.91283631,-0.17291641,0.36990541,0
-1.4958208,3.1784313,2.3870354,-0.24915338,0.95358992,-0.16908315,0
0.16515398,-0.76116586,-3.1369729,-0.32350087,-0.24650848,-0.91355407,0
0.66033554,3.1447353,-0.98021424,-0.24915338,0.95358992,-0.16908315,0
-1.785959,-3.257683,-1.7724135,-0.32350087,-0.24650848,-0.91355407,0
0.92187381,2.0368629,2.4078159,0.32350087,0.24650848,0.91355407,0
-1.8159783,2.7513971,0.45043254,-0.24915338,0.95358992,-0.16908315,0
0.41068655,-0.39662671,3.2454731,0.32350087,0.24650848,0.91355407,0
-2.4203484,-0.49584258,1.9055666,-0.91283631,-0.17291641,0.36990541,0
0.75072592,0.54500771,2.8709755,0.32350087,0.24650848,0.91355407,0
1.4327025,3.2698126,-1.4129325,-0.24915338,0.95358992,-0.16908315,0
1.2633452,3.412394,-0.35924909,-0.24915338,0.95358992,-0.16908315,0
-2.3610277,2.0949616,-2.4485495,-0.24915338,0.95358992,-0.16908315,0
1.7803607,3.6339209,0.12826174,-0.24915338,0.95358992,-0.16908315,0
3.5481491,-0.25217962,0.52789831,0.91283631,0.17291641,-0.36990541,0
-2.7035313,2.8010893,2.0385423,-0.24915338,0.95358992,-0.16908315,0
-0.094997168,-1.2865937,-2.9030719,-0.32350087,-0.24650848,-0.91355407,0
2.2529316,0.58667701,-2.2762485,0.91283631,0.17291641,-0.36990541,0
1.2927639,-2.1199756,-3.1696196,-0.32350087,-0.24650848,-0.91355407,0
0.87402701,-2.3141668,3.4034581,0.24915338,-0.95358992,0.16908315,0
-2.0260949,-0.10170686,3.0627303,-0.91283631,-0.17291641,0.36990541,0
-1.5476543,2.2305634,-2.8823352,-0.24915338,0.95358992,-0.16908315,0
1.908484,-2.266088,2.1502829,0.24915338,-0.95358992,0.16908315,0
-0.10758996,1.7263629,2.8561454,0.32350087,0.24650848,0.91355407,0
-1.6304493,-3.2916305,1.5812727,0.24915338,-0.95358992,0.16908315,0
3.5321674,-1.8028533,2.3702335,0.24915338,-0.95358992,0.16908315,0
3.3856812,-2.332114,-0.84532213,0.91283631,0.17291641,-0.36990541,0
0.84885579,0.96929908,-3.8460193,-0.32350087,-0.24650848,-0.91355407,0
3.7296252,-1.5332377,0.37689161,0.91283631,0.17291641,-0.36990541,0
1.0434132,-3.1550038,-1.5882627,0.24915338,-0.95358992,0.16908315,0
2.7432439,-2.3135943,-2.4220421,0.91283631,0.17291641,-0.36990541,0
-3.1554985,-1.1193776,-0.20008254,-0.91283631,-0.17291641,0.36990541,0
-2.8128901,-3.8808789,-0.64550352,-0.91283631,-0.17291641,0.36990541,0
-2.5373044,-2.2485967,0.79760301,-0.91283631,-0.17291641,0.36990541,0
1.3709939,3.1896689,-1.7739911,-0.24915338,0.95358992,-0.16908315,0
3.6238813,-0.89886093,2.2431614,0.32350087,0.24650848,0.91355407,0
3.1994004,2.0912647,0.76274097,0.91283631,0.17291641,-0.36990541,0
-1.0881479,0.8608191,3.4369266,0.32350087,0.24650848,0.91355407,0
2.3362904,-1.8920912,-3.2292681,0.91283631,0.17291641,-0.36990541,0
-3.9437728,1.7901723,-0.78524923,-0.91283631,-0.17291641,0.36990541,0
-3.2459016,-1.6525548,-0.67241526,-0.91283631,-0.17291641,0.36990541,0
-0.5832634,2.0891962,-3.6410751,-0.32350087,-0.24650848,-0.91355407,0
2.6613986,-1.8217311,2.8330102,0.32350087,0.24650848,0.91355407,0
-2.8146145,-0.65298569,0.85915637,-0.91283631,-0.17291641,0.36990541,0
3.3398321,1.665468,0.9102484,0.91283631,0.17291641,-0.36990541,0
1.7864356,-2.8331432,-0.86793041,0.24915338,-0.95358992,0.16908315,0
-3.8949149,0.8970747,-2.1467032,-0.32350087,-0.24650848,-0.91355407,0
0.40890551,-3.0575562,-0.10370016,0.24915338,-0.95358992,0.16908315,0
-0.16462708,0.40275979,3.2334967,0.32350087,0.24650848,0.91355407,0
2.1667426,1.0751734,-2.2605889,0.91283631,0.17291641,-0.36990541,0
-1.379648,-1.9273777,3.8045728,-0.91283631,-0.17291641,0.36990541,0
1.8893595,3.4060175,-1.3176768,-0.24915338,0.95358992,-0.16908315,0
3.3865962,1.320194,1.7284093,0.32350087,0.24650848,0.91355407,0
-1.1887705,-0.83172321,-2.6384928,-0.32350087,-0.24650848,-0.91355407,0
-1.4023051,-2.4484248,3.5050914,-0.91283631,-0.17291641,0.36990541,0
1.8087513,1.4516327,-2.9680431,0.91283631,0.17291641,-0.36990541,0
-3.0796361,-0.63445973,0.21380782,-0.91283631,-0.17291641,0.36990541,0
-2.2021246,-0.60228485,2.3943315,-0.91283631,-0.17291641,0.36990541,0
-1.5586681,3.0537343,1.7763829,-0.24915338,0.95358992,-0.16908315,0
-0.97731793,2.3822157,-2.8674736,-0.24915338,0.95358992,-0.16908315,0
0.7745924,-2.6926825,1.4152426,0.24915338,-0.95358992,0.16908315,0
1.6473329,3.1358933,-2.4844739,-0.24915338,0.95358992,-0.16908315,0
1.046032,-2.5507369,1.8158019,0.24915338,-0.95358992,0.16908315,0
2.4649754,3.7966161,0.037004709,-0.24915338,0.95358992,-0.16908315,0
2.6404815,-2.7097847,-1.4306996,0.24915338,-0.95358992,0.16908315,0
-2.1156795,2.8449464,1.4196541,-0.24915338,0.95358992,-0.16908315,0
2.2926259,-2.1586611,2.1900926,0.24915338,-0.95358992,0.16908315,0
-1.1676328,2.8358901,2.9321308,0.32350087,0.24650848,0.91355407,0
-1.1581287,-1.3387855,4.0552368,0.32350087,0.24650848,0.91355407,0
2.4383378,-1.5054719,-2.7967093,0.91283631,0.17291641,-0.36990541,0
-0.035810709,2.0720718,-3.8303142,-0.32350087,-0.24650848,-0.91355407,0
-3.1895304,2.1609082,-0.85578132,-0.24915338,0.95358992,-0.16908315,0
-2.0758858,0.1329366,3.0495455,-0.91283631,-0.17291641,0.36990541,0
3.2098222,0.072251797,-0.15535164,0.91283631,0.17291641,-0.36990541,0
3.0930562,2.858427,1.4172871,0.32350087,0.24650848,0.91355407,0
0.58982182,3.3010485,0.0052618086,-0.24915338,0.95358992,-0.16908315,0
-0.79216671,2.660717,-1.569623,-0.24915338,0.95358992,-0.16908315,0
-0.48161346,0.38921261,-3.2183564,-0.32350087,-0.24650848,-0.91355407,0
-0.16844511,3.2357314,2.4704156,0.32350087,0.24650848,0.91355407,0
-1.9713192,-3.9196486,-1.4583089,0.24915338,-0.95358992,0.16908315,0
-2.0456853,2.6922619,0.45540905,-0.24915338,0.95358992,-0.16908315,0
-0.45314384,3.0072842,-0.11463404,-0.24915338,0.95358992,-0.16908315,0
-3.57108,-1.7558756,-1.5231738,-0.91283631,-0.17291641,0.36990541,0
0.98606706,3.3382106,2.0339358,0.32350087,0.24650848,0.91355407,0
2.6395328,-2.4693069,-0.073062897,0.24915338,-0.95358992,0.16908315,0
-0.34995198,-3.0454395,-2.3381915,-0.32350087,-0.24650848,-0.91355407,0
0.76636499,-0.11048961,-3.5254438,-0.32350087,-0.24650848,-0.91355407,0
-3.1806233,-1.8713169,-0.61358702,-0.91283631,-0.17291641,0.36990541,0
-1.6955345,-3.8021321,-1.2019279,0.24915338,-0.95358992,0.16908315,0
-0.75114965,-3.1158583,1.2768927,0.24915338,-0.95358992,0.16908315,0
0.04185921,1.6966152,-3.7565069,-0.32350087,-0.24650848,-0.91355407,0
0.060297966,-2.9720778,0.8920688,0.24915338,-0.95358992,0.16908315,0
2.9329145,3.8400176,0.92259395,0.91283631,0.17291641,-0.36990541,0
1.6889933,0.29622138,-3.8036866,0.91283631,0.17291641,-0.36990541,0
-0.55623913,2.837671,-0.91929698,-0.24915338,0.95358992,-0.16908315,0
0.6520294,1.021735,2.777288,0.32350087,0.24650848,0.91355407,0
0.75405121,2.7271361,-3.4734702,-0.24915338,0.95358992,-0.16908315,0
2.6334186,1.415361,-0.94992197,0.91283631,0.17291641,-0.36990541,0
-0.59188056,2.5877311,-2.2763782,-0.24915338,0.95358992,-0.16908315,0
-3.3964882,-1.1113219,-0.79102063,-0.91283631,-0.17291641,0.36990541,0
-1.0452571,3.333158,2.5957272,-0.24915338,0.95358992,-0.16908315,0
2.7003658,-2.294559,0.82283354,0.24915338,-0.95358992,0.16908315,0
-1.4938734,-2.3297081,3.3346188,-0.91283631,-0.17291641,0.36990541,0
-3.7802668,1.2176576,-0.64938354,-0.91283631,-0.17291641,0.36990541,0
1.2485132,3.7734599,1.6989356,-0.24915338,0.95358992,-0.16908315,0
-2.4143422,2.7292485,1.2072418,-0.24915338,0.95358992,-0.16908315,0
-1.7522225,-3.0112169,-1.850865,-0.32350087,-0.24650848,-0.91355407,0
3.5248518,-1.436291,-0.083120346,0.91283631,0.17291641,-0.36990541,0
0.27351439,2.5531082,-3.7468495,-0.24915338,0.95358992,-0.16908315,0
-1.8409439,-0.49948168,-2.4972005,-0.32350087,-0.24650848,-0.91355407,0
1.7209456,2.9460497,-2.4861438,0.91283631,0.17291641,-0.36990541,0
-3.5748277,2.2370067,0.14115095,-0.24915338,0.95358992,-0.16908315,0
-2.4181247,1.9437715,3.0514786,-0.91283631,-0.17291641,0.36990541,0
-0.98787546,-2.757144,3.6487851,0.24915338,-0.95358992,0.16908315,0
-1.6033335,-3.1666207,2.2463431,0.24915338,-0.95358992,0.16908315,0
1.1116331,3.6750062,1.3453777,-0.24915338,0.95358992,-0.16908315,0
-2.4053228,-1.38644,1.5263261,-0.91283631,-0.17291641,0.36990541,0
-0.053390026,-3.2140217,-0.30491114,0.24915338,-0.95358992,0.16908315,0
-1.1063282,-0.94130707,-2.6381173,-0.32350087,-0.24650848,-0.91355407,0
2.6746595,-2.6458974,-1.1207516,0.24915338,-0.95358992,0.16908315,0
-2.1206465,0.97312367,3.3318422,-0.91283631,-0.17291641,0.36990541,0
0.16785407,-2.8433204,1.4597392,0.24915338,-0.95358992,0.16908315,0
-0.24833202,3.1462371,0.36722618,-0.24915338,0.95358992,-0.16908315,0
-2.8046885,-0.9845711,0.72864759,-0.91283631,-0.17291641,0.36990541,0
-2.8591814,2.679292,1.5809917,-0.24915338,0.95358992,-0.16908315,0
-1.8047376,0.0096782446,3.6610539,-0.91283631,-0.17291641,0.36990541,0
-0.080635786,2.9800282,-0.81726325,-0.24915338,0.95358992,-0.16908315,0
1.7847993,-1.5467701,-3.4985263,-0.32350087,-0.24650848,-0.91355407,0
2.7849195,0.09141016,-1.1949501,0.91283631,0.17291641,-0.36990541,0
2.4561043,2.4637594,1.7493346,0.32350087,0.24650848,0.91355407,0
-3.6259358,0.098437071,-0.7917254,-0.91283631,-0.17291641,0.36990541,0
-1.854605,-1.2071844,2.9691572,-0.91283631,-0.17291641,0.36990541,0
0.22784424,3.0159988,2.3893754,0.32350087,0.24650848,0.91355407,0
-1.9740541,-3.4757748,1.0490634,0.24915338,-0.95358992,0.16908315,0
0.69909811,-2.0374715,-2.981658,-0.32350087,-0.24650848,-0.91355407,0
-2.8131282,0.99221015,-2.5554478,-0.32350087,-0.24650848,-0.91355407,0
0.0053269267,1.0652866,-3.5732162,-0.32350087,-0.24650848,-0.91355407,0
-2.2633367,-2.5764866,1.3204117,-0.91283631,-0.17291641,0.36990541,0
-2.898761,-3.4661379,-1.3221083,-0.32350087,-0.24650848,-0.91355407,0
2.2029126,0.78992277,-2.3046732,0.91283631,0.17291641,-0.36990541,0
-2.0603487,-2.1184218,2.035464,-0.91283631,-0.17291641,0.36990541,0
-0.97287345,-3.5768137,-0.99606448,0.24915338,-0.95358992,0.16908315,0
-2.4047964,-2.6175323,0.95213699,-0.91283631,-0.17291641,0.36990541,0
2.0667632,3.5455618,1.5952978,0.32350087,0.24650848,0.91355407,0
-2.2542658,-1.5963173,1.8009886,-0.91283631,-0.17291641,0.36990541,0
1.869333,-2.7603142,-0.57934499,0.24915338,-0.95358992,0.16908315,0
0.93230593,2.3349669,-4.2440743,-0.32350087,-0.24650848,-0.91355407,0
3.0986054,2.0221858,0.48171198,0.91283631,0.17291641,-0.36990541,0
0.51018715,3.1393995,-0.78905511,-0.24915338,0.95358992,-0.16908315,0
-1.8823442,-3.6658804,-0.15822554,0.24915338,-0.95358992,0.16908315,0
3.9366732,-0.27032614,1.4781971,0.91283631,0.17291641,-0.36990541,0
-1.41565,0.52545714,3.6433916,0.32350087,0.24650848,0.91355407,0
3.9598243,-1.7241933,2.1836832,0.24915338,-0.95358992,0.16908315,0
4.3070517,-1.6705894,1.9743385,0.24915338,-0.95358992,0.16908315,0
2.7750213,-1.8493695,2.8002329,0.32350087,0.24650848,0.91355407,0
-3.1599164,-2.5097883,-0.8609482,-0.91283631,-0.17291641,0.36990541,0
-3.0465555,-2.51595,-0.58408248,-0.91283631,-0.17291641,0.36990541,0
2.7023776,0.33900118,-1.2829045,0.91283631,0.17291641,-0.36990541,0
-1.4816126,-2.9933529,3.0441713,0.24915338,-0.95358992,0.16908315,0
-3.9614739,1.7073848,-0.86763048,-0.91283631,-0.17291641,0.36990541,0
3.8337111,0.53644514,1.6012466,0.91283631,0.17291641,-0.36990541,0
1.0668786,-1.1050694,3.2042696,0.32350087,0.24650848,0.91355407,0
-1.7554839,0.24238205,-2.7276435,-0.32350087,-0.24650848,-0.91355407,0
-3.4035707,0.88881564,0.12648892,-0.91283631,-0.17291641,0.36990541,0
0.85303617,-2.3423338,3.2755361,0.24915338,-0.95358992,0.16908315,0
1.6152196,1.2881045,-3.5220749,0.91283631,0.17291641,-0.36990541,0
3.1668384,2.0919023,0.68268383,0.91283631,0.17291641,-0.36990541,0
2.2782073,1.2366652,-1.9100298,0.91283631,0.17291641,-0.36990541,0
1.5885462,1.7440028,-3.3747838,0.91283631,0.17291641,-0.36990541,0
-1.9784288,2.9164109,1.6204529,-0.24915338,0.95358992,-0.16908315,0
3.2410889,1.2872953,0.48979402,0.91283631,0.17291641,-0.36990541,0
-0.99741721,2.3176768,-3.2018404,-0.24915338,0.95358992,-0.16908315,0
1.7102323,-1.6681663,-3.4393644,-0.32350087,-0.24650848,-0.91355407,0
-2.9965587,2.2598355,-0.5822103,-0.24915338,0.95358992,-0.16908315,0
-0.6408627,-2.6442513,3.7741308,0.24915338,-0.95358992,0.16908315,0
-3.4403949,0.89121103,0.036735535,-0.91283631,-0.17291641,0.36990541,0
0.13295984,-1.1131465,-3.030596,-0.32350087,-0.24650848,-0.91355407,0
-4.1163912,1.801363,-1.5177534,-0.24915338,0.95358992,-0.16908315,0
-1.186115,2.6775584,2.9813988,0.32350087,0.24650848,0.91355407,0
1.0181302,2.0504675,-4.1976981,-0.32350087,-0.24650848,-0.91355407,0
-0.075420141,-3.2262063,-0.34116703,0.24915338,-0.95358992,0.16908315,0
2.6772807,0.49044913,-1.2740414,0.91283631,0.17291641,-0.36990541,0
-3.8757696,1.2482657,-0.87075329,-0.91283631,-0.17291641,0.36990541,0
2.3064754,2.6387761,-1.1848384,0.91283631,0.17291641,-0.36990541,0
-0.75426459,2.9063179,-0.24034345,-0.24915338,0.95358992,-0.16908315,0
-2.6461885,0.91262496,2.0066526,-0.91283631,-0.17291641,0.36990541,0
-2.5812793,0.96791124,-2.6309915,-0.32350087,-0.24650848,-0.91355407,0
-2.315917,-2.8634043,1.0565341,-0.91283631,-0.17291641,0.36990541,0
1.8620491,-2.066118,3.182014,0.32350087,0.24650848,0.91355407,0
-2.8750329,1.1232585,1.5403836,-0.91283631,-0.17291641,0.36990541,0
3.854219,0.14233303,1.467623,0.91283631,0.17291641,-0.36990541,0
-2.2464437,-2.9860606,1.1706398,-0.91283631,-0.17291641,0.36990541,0
1.5334011,-2.4204602,1.8323652,0.24915338,-0.95358992,0.16908315,0
3.1655457,0.60865068,-0.01386857,0.91283631,0.17291641,-0.36990541,0
-2.4904263,-0.73653126,-2.2032466,-0.32350087,-0.24650848,-0.91355407,0
-0.61597776,2.843883,-0.79623342,-0.24915338,0.95358992,-0.16908315,0
-1.8528469,-2.107554,2.552608,-0.91283631,-0.17291641,0.36990541,0
1.9681082,-2.2155676,2.3473487,0.24915338,-0.95358992,0.16908315,0
0.56768274,3.5925136,1.6816783,-0.24915338,0.95358992,-0.16908315,0
2.3522258,2.7490966,1.7091258,0.32350087,0.24650848,0.91355407,0
0.72034454,-2.9143913,0.24479342,0.24915338,-0.95358992,0.16908315,0
-0.40123987,-3.5002356,-1.4065156,0.24915338,-0.95358992,0.16908315,0
-3.0510249,0.33780003,-2.2946234,-0.32350087,-0.24650848,-0.91355407,0
2.3311722,0.40138197,2.3500755,0.32350087,0.24650848,0.91355407,0
-1.0520537,-3.2062154,1.2106979,0.24915338,-0.95358992,0.16908315,0
0.33314204,-2.7525434,-2.659117,-0.32350087,-0.24650848,-0.91355407,0
1.4445162,-2.220619,3.0904016,0.24915338,-0.95358992,0.16908315,0
-1.9556596,2.4489737,-1.0493351,-0.24915338,0.95358992,-0.16908315,0
1.7457709,2.2872143,-2.732861,0.91283631,0.17291641,-0.36990541,0
0.55775023,-2.9454834,0.30903172,0.24915338,-0.95358992,0.16908315,0
1.2839085,0.25241804,-3.8066378,-0.32350087,-0.24650848,-0.91355407,0
-3.7026796,-0.013211727,-1.9691494,-0.32350087,-0.24650848,-0.91355407,0
-1.5518847,2.8353281,0.53462732,-0.24915338,0.95358992,-0.16908315,0
3.2057111,1.2460966,1.8124573,0.32350087,0.24650848,0.91355407,0
-2.1228106,2.1019623,-2.7600937,-0.24915338,0.95358992,-0.16908315,0
-1.6252484,-2.9824493,-1.9035906,-0.32350087,-0.24650848,-0.91355407,0
-0.90751982,2.2366965,3.0017049,0.32350087,0.24650848,0.91355407,0
2.4870265,2.1647983,-0.96084869,0.91283631,0.17291641,-0.36990541,0
1.1016061,3.6152649,1.0232258,-0.24915338,0.95358992,-0.16908315,0
-3.3955336,1.8940718,-2.0571218,-0.24915338,0.95358992,-0.16908315,0
-1.0761431,2.3884721,-2.6865661,-0.24915338,0.95358992,-0.16908315,0
1.6148505,3.5206304,-0.26678333,-0.24915338,0.95358992,-0.16908315,0
-0.52752757,3.0979471,0.50629079,-0.24915338,0.95358992,-0.16908315,0
3.9636145,-1.8650351,1.383785,0.24915338,-0.95358992,0.16908315,0
-3.2632515,-2.6208067,-1.4211371,-0.32350087,-0.24650848,-0.91355407,0
3.447758,-0.63507986,2.2343512,0.32350087,0.24650848,0.91355407,0
-1.4272304,0.23452258,3.7259963,0.32350087,0.24650848,0.91355407,0
-1.8476764,-1.9570963,-2.1015015,-0.32350087,-0.24650848,-0.91355407,0
-1.7600126,-3.6919808,-0.48569012,0.24915338,-0.95358992,0.16908315,0
0.21313953,-2.1411209,3.7861519,0.32350087,0.24650848,0.91355407,0
-0.17937803,2.2443275,2.7418017,0.32350087,0.24650848,0.91355407,0
-3.7316124,-0.64223003,-1.3987417,-0.91283631,-0.17291641,0.36990541,0
0.55775762,-1.4105819,-3.1007638,-0.32350087,-0.24650848,-0.91355407,0
0.66884375,-3.1814163,-1.1852758,0.24915338,-0.95358992,0.16908315,0
0.30869913,-0.59694028,3.3356395,0.32350087,0.24650848,0.91355407,0
-2.8615294,-1.6157937,-1.8345792,-0.32350087,-0.24650848,-0.91355407,0
2.0072644,-2.3387296,1.5950445,0.24915338,-0.95358992,0.16908315,0
-2.4122357,2.1731684,-1.9320219,-0.24915338,0.95358992,-0.16908315,0
2.2068222,2.5021567,-1.494622,0.91283631,0.17291641,-0.36990541,0
-0.72480488,-2.7786937,-2.2774293,-0.32350087,-0.24650848,-0.91355407,0
0.23364615,-1.7583489,-2.8921525,-0.32350087,-0.24650848,-0.91355407,0
-3.8609447,0.88239622,-2.1547713,-0.32350087,-0.24650848,-0.91355407,0
3.086935,1.2414939,0.087969303,0.91283631,0.17291641,-0.36990541,0
-2.2937422,1.8385253,3.3092265,-0.91283631,-0.17291641,0.36990541,0
0.97306108,3.6781569,1.5673416,-0.24915338,0.95358992,-0.16908315,0
-1.77423,2.8821578,1.1263742,-0.24915338,0.95358992,-0.16908315,0
3.4295626,2.3161364,1.4358442,0.91283631,0.17291641,-0.36990541,0
-0.13088965,-2.4426296,3.9893341,0.32350087,0.24650848,0.91355407,0
-2.3973019,-3.4673314,0.57338363,-0.91283631,-0.17291641,0.36990541,0
-1.8829257,-3.8081059,-0.95948726,0.24915338,-0.95358992,0.16908315,0
1.207552,3.1883044,-1.5408468,-0.24915338,0.95358992,-0.16908315,0
-4.0262322,1.9011588,-1.0877838,-0.24915338,0.95358992,-0.16908315,0
3.357866,-2.3625283,-0.92817974,0.91283631,0.17291641,-0.36990541,0
3.0528255,0.63827038,-0.27818871,0.91283631,0.17291641,-0.36990541,0
0.00032711029,3.1461909,0.00055187941,-0.24915338,0.95358992,-0.16908315,0
-3.8057077,1.6500256,-0.5100503,-0.91283631,-0.17291641,0.36990541,0
-0.22627449,-1.3943329,-2.8275127,-0.32350087,-0.24650848,-0.91355407,0
1.99761,-1.1036072,2.8742919,0.32350087,0.24650848,0.91355407,0
1.10536,1.6002326,2.4606593,0.32350087,0.24650848,0.91355407,0
-2.6151516,0.42118287,1.853514,-0.91283631,-0.17291641,0.36990541,0
2.5130043,-2.003103,-2.8450751,0.91283631,0.17291641,-0.36990541,0
-0.84318686,3.3666997,2.4871364,-0.24915338,0.95358992,-0.16908315,0
1.8672199,2.1090274,-2.5164502,0.91283631,0.17291641,-0.36990541,0
-2.7089124,2.2332954,2.4692278,-0.91283631,-0.17291641,0.36990541,0
-0.067334652,3.53262,2.2796276,-0.24915338,0.95358992,-0.16908315,0
1.1087101,0.57078505,2.7372534,0.32350087,0.24650848,0.91355407,0
-1.2215424,1.405066,3.337307,0.32350087,0.24650848,0.91355407,0
3.0560327,3.4989247,1.2575692,0.32350087,0.24650848,0.91355407,0
-0.94000864,-3.6736071,-1.5903866,0.24915338,-0.95358992,0.16908315,0
0.00018656254,0.51428843,-3.4227176,-0.32350087,-0.24650848,-0.91355407,0
-2.2315171,-1.8498864,1.7385926,-0.91283631,-0.17291641,0.36990541,0
2.1425037,3.1556771,-1.3478491,0.91283631,0.17291641,-0.36990541,0
1.6292908,-2.8516889,-0.74096191,0.24915338,-0.95358992,0.16908315,0
2.7624741,3.2199211,0.21211755,0.91283631,0.17291641,-0.36990541,0
2.6379583,1.0044394,2.0787132,0.32350087,0.24650848,0.91355407,0
-0.1609838,-3.0342844,0.86730903,0.24915338,-0.95358992,0.16908315,0
2.1258328,-2.2952843,1.6653483,0.24915338,-0.95358992,0.16908315,0
-2.0098028,-0.98405868,2.6904707,-0.91283631,-0.17291641,0.36990541,0
-2.693274,2.1327682,2.4608264,-0.91283631,-0.17291641,0.36990541,0
1.5157764,1.9819978,-3.4431081,0.91283631,0.17291641,-0.36990541,0
4.005002,-0.86115599,1.3706257,0.91283631,0.17291641,-0.36990541,0
1.9516621,3.5417583,-0.64393443,-0.24915338,0.95358992,-0.16908315,0
-1.320152,3.0623584,1.4735551,-0.24915338,0.95358992,-0.16908315,0
-3.3562326,1.0037328,0.29702663,-0.91283631,-0.17291641,0.36990541,0
1.2395453,-0.090377808,-3.6984301,-0.32350087,-0.24650848,-0.91355407,0
-0.38134146,-3.4471581,-1.1364933,0.24915338,-0.95358992,0.16908315,0
-2.6886027,2.3644845,-0.44580269,-0.24915338,0.95358992,-0.16908315,0
3.7672386,-0.43132091,0.9848156,0.91283631,0.17291641,-0.36990541,0
0.93156403,1.9660819,-4.1442738,-0.32350087,-0.24650848,-0.91355407,0
-2.6637146,-2.9533861,-1.5436993,-0.32350087,-0.24650848,-0.91355407,0
3.0382977,2.6505117,1.4927806,0.32350087,0.24650848,0.91355407,0
2.5531662,2.1126187,-0.82202423,0.91283631,0.17291641,-0.36990541,0
0.73318326,-1.0296834,3.3020935,0.32350087,0.24650848,0.91355407,0
-3.2579308,2.2510927,1.1227036,-0.91283631,-0.17291641,0.36990541,0
-3.985023,1.8068745,-1.6802464,-0.24915338,0.95358992,-0.16908315,0
-1.8325169,-3.7288415,-1.6287919,-0.32350087,-0.24650848,-0.91355407,0
-3.0372546,1.501731,1.3169811,-0.91283631,-0.17291641,0.36990541,0
-0.98249626,-3.7123673,-1.7463776,0.24915338,-0.95358992,0.16908315,0
-0.68022513,3.0354846,0.37902772,-0.24915338,0.95358992,-0.16908315,0
-0.88480687,2.9101546,2.8119397,0.32350087,0.24650848,0.91355407,0
3.0118425,-0.32356811,-0.82894611,0.91283631,0.17291641,-0.36990541,0
-2.7892394,2.0803242,2.1994925,-0.91283631,-0.17291641,0.36990541,0
-2.6027839,-0.5293476,1.4396977,-0.91283631,-0.17291641,0.36990541,0
0.71704721,-3.1840804,-1.2713301,0.24915338,-0.95358992,0.16908315,0
-0.010536432,2.7974617,-1.9501889,-0.24915338,0.95358992,-0.16908315,0
1.6536679,1.8622348,2.1957994,0.32350087,0.24650848,0.91355407,0
1.640044,3.6069126,0.18270412,-0.24915338,0.95358992,-0.16908315,0
0.88231063,0.3267839,-3.6844933,-0.32350087,-0.24650848,-0.91355407,0
1.4837912,-2.3515882,2.2938921,0.24915338,-0.95358992,0.16908315,0
1.1080401,2.3368864,2.2609353,0.32350087,0.24650848,0.91355407,0
-1.9696497,-2.4227042,-1.9326723,-0.32350087,-0.24650848,-0.91355407,0
2.037138,2.0023165,-2.1470175,0.91283631,0.17291641,-0.36990541,0
0.88222814,2.905216,-2.6580162,-0.24915338,0.95358992,-0.16908315,0
-1.0826254,-2.988636,2.4828439,0.24915338,-0.95358992,0.16908315,0
0.82469505,-0.60494542,3.1550794,0.32350087,0.24650848,0.91355407,0
1.1764445,3.5487442,0.5377872,-0.24915338,0.95358992,-0.16908315,0
2.1306024,2.9570577,-1.4700655,0.91283631,0.17291641,-0.36990541,0
-1.2849954,-2.577394,3.7342944,-0.91283631,-0.17291641,0.36990541,0
-0.18514287,1.2278841,-3.549643,-0.32350087,-0.24650848,-0.91355407,0
2.1609886,-2.508492,-3.3722336,-0.32350087,-0.24650848,-0.91355407,0
1.12957,3.6225729,1.0232358,-0.24915338,0.95358992,-0.16908315,0
1.1160649,0.49301887,-3.8121245,-0.32350087,-0.24650848,-0.91355407,0
-0.75463271,-3.0057578,1.9029663,0.24915338,-0.95358992,0.16908315,0
3.3942566,1.3772771,0.90983677,0.91283631,0.17291641,-0.36990541,0
3.4740534,-1.4285533,-0.20486212,0.91283631,0.17291641,-0.36990541,0
-0.85950851,-3.6164751,-2.0036666,-0.32350087,-0.24650848,-0.91355407,0
-0.41251993,3.2238255,1.046746,-0.24915338,0.95358992,-0.16908315,0
0.15177035,-3.086132,0.1140399,0.24915338,-0.95358992,0.16908315,0
2.2470894,-1.4128969,2.869405,0.32350087,0.24650848,0.91355407,0
1.6500467,-2.228297,2.7442398,0.24915338,-0.95358992,0.16908315,0
0.16251063,-2.9401112,0.92173767,0.24915338,-0.95358992,0.16908315,0
3.0486982,1.5026531,0.11569214,0.91283631,0.17291641,-0.36990541,0
-1.5085427,-1.5558064,-2.329875,-0.32350087,-0.24650848,-0.91355407,0
-1.7813294,-1.3584844,3.0792568,-0.91283631,-0.17291641,0.36990541,0
2.619772,-1.5573738,2.7764182,0.32350087,0.24650848,0.91355407,0
0.26160645,3.1118164,-0.57831895,-0.24915338,0.95358992,-0.16908315,0
1.2077713,-2.3052931,2.9617152,0.24915338,-0.95358992,0.16908315,0
3.2474298,-0.63865185,2.3062539,0.32350087,0.24650848,0.91355407,0
0.66937852,3.2122226,-0.61292654,-0.24915338,0.95358992,-0.16908315,0
0.72856569,-3.3375769,-2.1539896,0.24915338,-0.95358992,0.16908315,0
-2.6895056,-1.2934964,-1.9824618,-0.32350087,-0.24650848,-0.91355407,0
-0.28316784,-1.9005184,-2.6707802,-0.32350087,-0.24650848,-0.91355407,0
-2.2265389,-2.8452747,-1.7276807,-0.32350087,-0.24650848,-0.91355407,0
-2.5494072,2.4496467,2.9639838,-0.91283631,-0.17291641,0.36990541,0
2.4990203,2.5678735,1.7060443,0.32350087,0.24650848,0.91355407,0
3.2923994,-2.4659159,-1.1380646,0.91283631,0.17291641,-0.36990541,0
-0.91776586,-3.5786121,-1.0874112,0.24915338,-0.95358992,0.16908315,0
-0.82765508,-2.8869641,2.6805377,0.24915338,-0.95358992,0.16908315,0
0.54397178,-2.1279531,-2.9023108,-0.32350087,-0.24650848,-0.91355407,0
-2.2992523,0.24580547,2.5510936,-0.91283631,-0.17291641,0.36990541,0
-1.8275599,-1.5823867,-2.2097344,-0.32350087,-0.24650848,-0.91355407,0
1.3319864,1.6940004,-4.0312843,0.91283631,0.17291641,-0.36990541,0
3.3590305,1.1606848,0.72165871,0.91283631,0.17291641,-0.36990541,0
2.4020298,-2.9390841,-2.372519,0.24915338,-0.95358992,0.16908315,0
-3.1732779,-1.7877407,-0.5563916,-0.91283631,-0.17291641,0.36990541,0
-2.3317332,-2.8489492,-1.6894386,-0.32350087,-0.24650848,-0.91355407,0
-2.8995621,-1.6373861,0.1893568,-0.91283631,-0.17291641,0.36990541,0
-0.87054211,-2.1113443,4.1618619,0.32350087,0.24650848,0.91355407,0
0.12677538,2.4948022,-3.8594532,-0.24915338,0.95358992,-0.16908315,0
-1.3298652,3.1493192,1.9783068,-0.24915338,0.95358992,-0.16908315,0
3.2418382,1.9755821,0.81339002,0.91283631,0.17291641,-0.36990541,0
1.1279671,2.6945553,-4.0670328,0.91283631,0.17291641,-0.36990541,0
-1.1178594,2.4918706,-2.0419502,-0.24915338,0.95358992,-0.16908315,0
3.2940402,-0.047202826,-0.003361702,0.91283631,0.17291641,-0.36990541,0
3.0783751,-2.4582272,-1.662631,0.91283631,0.17291641,-0.36990541,0
-3.5767365,0.8794508,-2.2546184,-0.32350087,-0.24650848,-0.91355407,0
-1.8832489,-1.4284369,2.7950444,-0.91283631,-0.17291641,0.36990541,0
3.2881083,0.036833286,0.021283627,0.91283631,0.17291641,-0.36990541,0
3.3740575,-0.098845005,0.1699605,0.91283631,0.17291641,-0.36990541,0
-0.61733508,2.7634954,-1.2476001,-0.24915338,0.95358992,-0.16908315,0
-1.3602788,-2.1753283,3.7364633,-0.91283631,-0.17291641,0.36990541,0
3.8506334,-0.083920956,1.3530097,0.91283631,0.17291641,-0.36990541,0
-0.91026366,0.048141479,3.5932243,0.32350087,0.24650848,0.91355407,0
2.1442831,2.5295541,1.8420007,0.32350087,0.24650848,0.91355407,0
2.8338559,-2.0776253,1.8495861,0.24915338,-0.95358992,0.16908315,0
3.3851104,0.41680288,1.9727019,0.32350087,0.24650848,0.91355407,0
1.6274059,-2.6073005,0.64010954,0.24915338,-0.95358992,0.16908315,0
-2.7005157,-2.7639799,0.15391552,-0.91283631,-0.17291641,0.36990541,0
0.81094587,1.7896471,-4.0539532,-0.32350087,-0.24650848,-0.91355407,0
-2.2107348,2.3253536,-1.3706561,-0.24915338,0.95358992,-0.16908315,0
-0.37009311,-0.51578856,3.5541108,0.32350087,0.24650848,0.91355407,0
4.2220902,-1.4084415,1.6505113,0.91283631,0.17291641,-0.36990541,0
-1.4306228,0.51308107,-2.9157248,-0.32350087,-0.24650848,-0.91355407,0
-2.8641939,1.8847433,1.9230967,-0.91283631,-0.17291641,0.36990541,0
1.5794472,-0.16409206,2.7688549,0.32350087,0.24650848,0.91355407,0
-0.89412427,-3.1544962,1.269664,0.24915338,-0.95358992,0.16908315,0
0.71114302,3.116513,-1.2142494,-0.24915338,0.95358992,-0.16908315,0
1.1127498,2.4907641,2.2177463,0.32350087,0.24650848,0.91355407,0
3.3917811,0.15057492,0.33029222,0.91283631,0.17291641,-0.36990541,0
-1.3659196,-1.1642214,4.0817146,0.32350087,0.24650848,0.91355407,0
1.5498571,-2.7942529,-0.29998469,0.24915338,-0.95358992,0.16908315,0
-1.0462402,2.2585263,-3.4634929,-0.24915338,0.95358992,-0.16908315,0
1.4332137,3.2795768,-1.3586169,-0.24915338,0.95358992,-0.16908315,0
-4.0677676,0.81956434,-2.0645788,-0.32350087,-0.24650848,-0.91355407,0
0.48496461,3.1672556,-0.59478515,-0.24915338,0.95358992,-0.16908315,0
2.5574346,-1.3070415,-2.4100494,0.91283631,0.17291641,-0.36990541,0
2.5548964,-0.95219898,2.6360943,0.32350087,0.24650848,0.91355407,0
3.0995519,-2.3592005,-0.12994957,0.24915338,-0.95358992,0.16908315,0
1.2274556,0.58782482,2.6906064,0.32350087,0.24650848,0.91355407,0
-2.0602427,2.5467634,-0.34371543,-0.24915338,0.95358992,-0.16908315,0
0.68990541,3.315582,-0.060250759,-0.24915338,0.95358992,-0.16908315,0
2.5499768,3.1400433,-0.34961331,0.91283631,0.17291641,-0.36990541,0
-0.89026523,-3.2256718,0.8625648,0.24915338,-0.95358992,0.16908315,0
-0.117064,1.8454252,2.827373,0.32350087,0.24650848,0.91355407,0
2.2267396,3.7887468,0.34367865,-0.24915338,0.95358992,-0.16908315,0
0.63278866,-3.0745192,-2.6783454,-0.32350087,-0.24650848,-0.91355407,0
0.61487556,2.199692,2.4725907,0.32350087,0.24650848,0.91355407,0
-1.7294039,1.2809963,3.5506248,0.32350087,0.24650848,0.91355407,0
-1.2188509,2.2247305,-3.3997426,-0.24915338,0.95358992,-0.16908315,0
-3.4587681,2.2702506,0.15761995,-0.24915338,0.95358992,-0.16908315,0
3.6535113,-1.2574522,0.31797957,0.91283631,0.17291641,-0.36990541,0
-1.4805384,-2.7436707,3.1740146,-0.91283631,-0.17291641,0.36990541,0
-1.800209,2.8691337,1.0912021,-0.24915338,0.95358992,-0.16908315,0
-1.1339358,0.39307857,-2.9884043,-0.32350087,-0.24650848,-0.91355407,0
-2.3435695,-3.3567278,0.75768423,-0.91283631,-0.17291641,0.36990541,0
-2.4009593,0.12708473,-2.4679613,-0.32350087,-0.24650848,-0.91355407,0
3.3779612,-1.6066587,-0.52525043,0.91283631,0.17291641,-0.36990541,0
0.54895139,2.7171721,-3.2274377,-0.24915338,0.95358992,-0.16908315,0
0.79614621,0.61342478,-3.7313271,-0.32350087,-0.24650848,-0.91355407,0
-3.8019145,1.7663651,-0.44630671,-0.91283631,-0.17291641,0.36990541,0
-1.5660167,2.9710357,3.0367365,0.32350087,0.24650848,0.91355407,0
-0.71099234,-1.0929406,3.8305631,0.32350087,0.24650848,0.91355407,0
2.1800175,2.9552517,1.7144787,0.32350087,0.24650848,0.91355407,0
-0.6698541,-1.4002818,3.8989267,0.32350087,0.24650848,0.91355407,0
-2.8487144,-2.9034462,-1.4916639,-0.32350087,-0.24650848,-0.91355407,0
0.67851496,-0.66328812,3.2225862,0.32350087,0.24650848,0.91355407,0
-3.460568,0.16263819,-0.35362601,-0.91283631,-0.17291641,0.36990541,0
-1.3602943,2.6569552,-0.75367105,-0.24915338,0.95358992,-0.16908315,0
-2.145613,-0.59216243,2.5385201,-0.91283631,-0.17291641,0.36990541,0
3.0431051,1.9835913,0.32670915,0.91283631,0.17291641,-0.36990541,0
0.30421513,1.9423869,-3.9157281,-0.32350087,-0.24650848,-0.91355407,0
-0.10520387,3.0497556,-0.38781303,-0.24915338,0.95358992,-0.16908315,0
2.8974953,-0.80675602,2.4755311,0.32350087,0.24650848,0.91355407,0
0.7743187,-3.0584469,-0.64718008,0.24915338,-0.95358992,0.16908315,0
-1.9181914,0.042566538,-2.6161096,-0.32350087,-0.24650848,-0.91355407,0
-2.8694148,-2.3797805,-1.6256371,-0.32350087,-0.24650848,-0.91355407,0
0.046670914,-3.1300054,0.0214746,0.24915338,-0.95358992,0.16908315,0
1.2462828,3.3243155,-0.83084905,-0.24915338,0.95358992,-0.16908315,0
0.70155531,-0.14096045,3.0734854,0.32350087,0.24650848,0.91355407,0
0.40987682,-0.88558125,-3.1900606,-0.32350087,-0.24650848,-0.91355407,0
1.2652705,-2.1007347,-3.165076,-0.32350087,-0.24650848,-0.91355407,0
-3.4248765,1.1075159,0.17614555,-0.91283631,-0.17291641,0.36990541,0
-3.0096469,-2.1002586,-0.29867959,-0.91283631,-0.17291641,0.36990541,0
-3.4026206,2.2325213,0.75696325,-0.91283631,-0.17291641,0.36990541,0
2.6743879,-2.5319943,-0.47796655,0.24915338,-0.95358992,0.16908315,0
0.17343903,-3.4318438,-2.419266,-0.32350087,-0.24650848,-0.91355407,0
4.0345674,-1.0035996,2.1259947,0.32350087,0.24650848,0.91355407,0
-1.4643832,1.8347669,-3.2604063,-0.32350087,-0.24650848,-0.91355407,0
-2.2862294,2.7254825,0.99722219,-0.24915338,0.95358992,-0.16908315,0
1.467128,3.8047106,1.5530372,-0.24915338,0.95358992,-0.16908315,0
0.55837727,3.072156,2.2571766,0.32350087,0.24650848,0.91355407,0
-0.37358773,2.4524274,-3.3611262,-0.24915338,0.95358992,-0.16908315,0
0.74210501,-0.11418939,3.0519023,0.32350087,0.24650848,0.91355407,0
-0.13492346,3.4947433,2.1656053,-0.24915338,0.95358992,-0.16908315,0
3.7270427,-1.8888483,1.5980816,0.24915338,-0.95358992,0.16908315,0
-2.5061598,2.1420007,2.9268942,-0.91283631,-0.17291641,0.36990541,0
0.599612,-0.4683919,-3.3698201,-0.32350087,-0.24650848,-0.91355407,0
0.57878911,0.83687449,-3.7146525,-0.32350087,-0.24650848,-0.91355407,0
3.3084242,-1.8252273,-0.79902291,0.91283631,0.17291641,-0.36990541,0
3.3013773,-2.0487275,-0.92089128,0.91283631,0.17291641,-0.36990541,0
-0.069672823,3.2137127,0.4845081,-0.24915338,0.95358992,-0.16908315,0
-0.48374438,2.6822658,-1.9025697,-0.24915338,0.95358992,-0.16908315,0
-1.02683,-3.4475007,-0.1872634,0.24915338,-0.95358992,0.16908315,0
-0.85178137,-3.2076111,0.90771425,0.24915338,-0.95358992,0.16908315,0
-2.1458333,-3.7755573,-0.38851339,0.24915338,-0.95358992,0.16908315,0
-0.27809453,-2.785042,2.4455476,0.24915338,-0.95358992,0.16908315,0
0.88161254,-2.7454267,-2.8552577,-0.32350087,-0.24650848,-0.91355407,0
-2.4283183,3.0934393,3.2817864,-0.24915338,0.95358992,-0.16908315,0
1.8186119,3.4916739,-0.73034441,-0.24915338,0.95358992,-0.16908315,0
3.3368406,1.4274316,0.79159403,0.91283631,0.17291641,-0.36990541,0
2.0039165,-2.0950611,2.9742107,0.24915338,-0.95358992,0.16908315,0
2.7559006,3.6195509,0.38270712,0.91283631,0.17291641,-0.36990541,0
-0.60684013,-2.732594,3.2257645,0.24915338,-0.95358992,0.16908315,0
-1.098127,2.3095922,-3.0990355,-0.24915338,0.95358992,-0.16908315,0
0.7977984,-1.7746209,-3.0875351,-0.32350087,-0.24650848,-0.91355407,0
-1.2403688,0.37082672,-2.944711,-0.32350087,-0.24650848,-0.91355407,0
2.9604745,-1.2571695,-1.392133,0.91283631,0.17291641,-0.36990541,0
-2.2211611,2.0769601,-2.7561736,-0.24915338,0.95358992,-0.16908315,0
-2.1705842,2.2490449,3.4456396,0.32350087,0.24650848,0.91355407,0
-0.53169084,3.1626513,0.8773427,-0.24915338,0.95358992,-0.16908315,0
1.0018176,-0.89862895,3.1716039,0.32350087,0.24650848,0.91355407,0
2.4995568,1.2635976,-1.3512034,0.91283631,0.17291641,-0.36990541,0
-2.9589934,-1.2149297,0.24017692,-0.91283631,-0.17291641,0.36990541,0
1.8467048,2.960475,-2.1690574,0.91283631,0.17291641,-0.36990541,0
-0.88235044,-2.9081991,2.6413729,0.24915338,-0.95358992,0.16908315,0
-1.3568436,-0.89595509,-2.5616441,-0.32350087,-0.24650848,-0.91355407,0
-2.5344949,-1.1514843,-2.0756729,-0.32350087,-0.24650848,-0.91355407,0
-2.5629177,2.2453718,-1.3027756,-0.24915338,0.95358992,-0.16908315,0
-2.2218194,2.036391,-2.9840045,-0.24915338,0.95358992,-0.16908315,0
-0.72647583,-0.69694161,3.7291918,0.32350087,0.24650848,0.91355407,0
0.87585706,1.2859412,-3.9410217,-0.32350087,-0.24650848,-0.91355407,0
-2.3170152,2.3604178,-1.0162947,-0.24915338,0.95358992,-0.16908315,0
0.74986959,2.887964,-2.560276,-0.24915338,0.95358992,-0.16908315,0
2.6506736,-2.6655595,-1.1962969,0.24915338,-0.95358992,0.16908315,0
2.2892938,3.4434679,-0.85107595,0.91283631,0.17291641,-0.36990541,0
-3.4838202,-0.79123235,-0.85690475,-0.91283631,-0.17291641,0.36990541,0
1.4635339,-2.8433864,-0.44988441,0.24915338,-0.95358992,0.16908315,0
3.6318526,-0.11489916,2.0287986,0.32350087,0.24650848,0.91355407,0
-1.9703298,0.40443921,3.436949,-0.91283631,-0.17291641,0.36990541,0
-0.76899081,1.1155214,-3.3125756,-0.32350087,-0.24650848,-0.91355407,0
2.6852918,1.6632717,1.884176,0.32350087,0.24650848,0.91355407,0
-3.5422246,1.5710511,-2.4534574,-0.32350087,-0.24650848,-0.91355407,0
2.0716357,2.4197392,-1.8667567,0.91283631,0.17291641,-0.36990541,0
-2.063014,-0.62648797,2.7263083,-0.91283631,-0.17291641,0.36990541,0
-2.2667248,0.36522666,2.6871881,-0.91283631,-0.17291641,0.36990541,0
2.0843391,0.87455392,-2.5577219,0.91283631,0.17291641,-0.36990541,0
2.1839046,-0.55033422,2.6590304,0.32350087,0.24650848,0.91355407,0
-1.7225437,2.498106,-1.1157497,-0.24915338,0.95358992,-0.16908315,0
0.43938804,2.7319255,-2.9827855,-0.24915338,0.95358992,-0.16908315,0
1.7130302,0.22923636,-3.7756822,0.91283631,0.17291641,-0.36990541,0
-0.89960313,-2.6134238,-2.2601264,-0.32350087,-0.24650848,-0.91355407,0
-1.760469,1.4310906,-3.0466325,-0.32350087,-0.24650848,-0.91355407,0
-0.081978798,-1.7184358,-2.7911558,-0.32350087,-0.24650848,-0.91355407,0
-3.1717525,1.1032548,-2.4584186,-0.32350087,-0.24650848,-0.91355407,0
-0.15076828,2.9254446,-1.0217558,-0.24915338,0.95358992,-0.16908315,0
3.5960429,1.6892614,1.5536373,0.91283631,0.17291641,-0.36990541,0
2.4185386,0.76186514,2.2218668,0.32350087,0.24650848,0.91355407,0
-1.8170946,-3.5380132,0.46676621,0.24915338,-0.95358992,0.16908315,0
-2.8962495,1.6718018,-2.7093911,-0.32350087,-0.24650848,-0.91355407,0
2.3527379,-0.087322235,2.474308,0.32350087,0.24650848,0.91355407,0
-0.21213579,-3.2638245,-2.3280663,-0.32350087,-0.24650848,-0.91355407,0
-3.1609147,2.2629619,1.3676639,-0.91283631,-0.17291641,0.36990541,0
2.1065204,1.3505332,-2.2804818,0.91283631,0.17291641,-0.36990541,0
-0.082420349,3.5384169,2.3345463,-0.24915338,0.95358992,-0.16908315,0
1.3812022,3.2221446,-1.6058798,-0.24915338,0.95358992,-0.16908315,0
0.36514884,-0.75764251,3.3590133,0.32350087,0.24650848,0.91355407,0
0.79967213,2.8837814,-2.6572521,-0.24915338,0.95358992,-0.16908315,0
-3.4232471,-0.6030848,-0.61947298,-0.91283631,-0.17291641,0.36990541,0
-1.688566,-3.8430157,-1.6489587,-0.32350087,-0.24650848,-0.91355407,0
1.1271942,0.36872745,-3.7825274,-0.32350087,-0.24650848,-0.91355407,0
3.3825564,-0.58054399,2.2427247,0.32350087,0.24650848,0.91355407,0
3.2446804,-2.2350178,0.35655594,0.24915338,-0.95358992,0.16908315,0
0.045250177,-2.5046549,3.5503976,0.24915338,-0.95358992,0.16908315,0
-2.0192029,-3.0572886,-1.743892,-0.32350087,-0.24650848,-0.91355407,0
2.6238787,-1.7485349,2.826546,0.32350087,0.24650848,0.91355407,0
-0.87209845,3.0644069,0.82487738,-0.24915338,0.95358992,-0.16908315,0
1.770318,1.2375941,2.3230417,0.32350087,0.24650848,0.91355407,0
2.6056125,-2.5533752,-2.8737712,0.91283631,0.17291641,-0.36990541,0
-1.2381692,0.22160006,3.6625342,0.32350087,0.24650848,0.91355407,0
-1.3011621,-0.049835205,-2.8096738,-0.32350087,-0.24650848,-0.91355407,0
-1.1627631,3.266356,2.3921318,-0.24915338,0.95358992,-0.16908315,0
-2.6748302,2.8644891,2.8483925,-0.91283631,-0.17291641,0.36990541,0
3.7458448,-0.24312711,1.0199952,0.91283631,0.17291641,-0.36990541,0
-1.970585,-1.674603,2.464447,-0.91283631,-0.17291641,0.36990541,0
-0.35832548,2.6345353,-2.3565702,-0.24915338,0.95358992,-0.16908315,0
0.42702544,-0.01465416,3.1366179,0.32350087,0.24650848,0.91355407,0
-2.4090014,1.0123441,2.6385865,-0.91283631,-0.17291641,0.36990541,0
-1.6815584,-2.368402,2.85337,-0.91283631,-0.17291641,0.36990541,0
-0.24573517,-2.8745399,1.893117,0.24915338,-0.95358992,0.16908315,0
1.8141489,-2.4799972,1.0828943,0.24915338,-0.95358992,0.16908315,0
3.0008006,0.16958988,-0.6256628,0.91283631,0.17291641,-0.36990541,0
1.2384124,1.6377218,2.4034276,0.32350087,0.24650848,0.91355407,0
1.6901914,2.8417807,-2.6107798,0.91283631,0.17291641,-0.36990541,0
2.5605369,-2.6827281,-3.0454743,0.91283631,0.17291641,-0.36990541,0
1.682853,2.7262506,-2.6828952,0.91283631,0.17291641,-0.36990541,0
3.6987886,-0.84319115,2.2016144,0.32350087,0.24650848,0.91355407,0
-1.6941895,-3.8310888,-1.3672185,0.24915338,-0.95358992,0.16908315,0
-0.60776126,-1.9511563,4.0255837,0.32350087,0.24650848,0.91355407,0
2.85395,-2.071038,1.8571244,0.24915338,-0.95358992,0.16908315,0
