3.3374825,4.1742086,0.64090157,0.2854062,0.94701546,0.14732635,0
-0.30903792,3.7448096,-4.0140018,0.65709376,-0.081448436,-0.74939579,0
0.25215071,-5.0671396,-1.8551049,-0.2854062,-0.94701546,-0.14732635,0
5.0996289,-0.99673247,1.7541826,0.69768989,-0.31068936,0.64552379,0
-1.3960357,5.2940497,1.5365477,-0.65709376,0.081448436,0.74939579,0
1.8618755,-4.0863709,3.7665479,0.69768989,-0.31068936,0.64552379,0
2.4142509,2.799588,5.1486382,-0.65709376,0.081448436,0.74939579,0
-2.7836409,-0.11310196,0.90752971,-0.65709376,0.081448436,0.74939579,0
-6.0617208,-1.6186988,-1.8031576,-0.65709376,0.081448436,0.74939579,0
-3.4071193,-3.7339587,-3.3359318,-0.2854062,-0.94701546,-0.14732635,0
-2.3284931,-3.8389795,-4.7504134,-0.2854062,-0.94701546,-0.14732635,0
-4.4717689,-1.9156847,-3.8345222,-0.69768989,0.31068936,-0.64552379,0
-2.005522,6.0633092,-1.151588,0.2854062,0.94701546,0.14732635,0
-0.32290161,-5.507844,2.0917604,-0.2854062,-0.94701546,-0.14732635,0
3.3272662,-6.4336252,0.97144747,-0.2854062,-0.94701546,-0.14732635,0
0.7168138,4.0412211,-3.146718,0.65709376,-0.081448436,-0.74939579,0
3.6750679,1.0820228,4.2943659,0.69768989,-0.31068936,0.64552379,0
-4.5705118,-1.8636732,-3.7027659,-0.69768989,0.31068936,-0.64552379,0
-3.3604884,-1.9058596,-5.030879,-0.69768989,0.31068936,-0.64552379,0
4.4340606,-3.4612298,0.92808819,0.65709376,-0.081448436,-0.74939579,0
-4.0896068,1.2606068,-2.7188249,-0.69768989,0.31068936,-0.64552379,0
0.31330216,4.7618723,2.7219524,0.2854062,0.94701546,0.14732635,0
-3.9271898,-2.8942971,-4.894114,-0.69768989,0.31068936,-0.64552379,0
-2.9382739,6.3354988,-1.0942621,0.2854062,0.94701546,0.14732635,0
-0.34587455,5.1866322,1.2685723,0.2854062,0.94701546,0.14732635,0
-5.6181993,-2.6877937,-2.9670603,-0.69768989,0.31068936,-0.64552379,0
4.691287,0.45568836,2.8945708,0.69768989,-0.31068936,0.64552379,0
3.0458095,-3.6746454,-0.26597905,0.65709376,-0.081448436,-0.74939579,0
0.44651258,-5.4549136,0.26098776,-0.2854062,-0.94701546,-0.14732635,0
2.217217,-2.688854,4.0551128,0.69768989,-0.31068936,0.64552379,0
-3.9241133,-3.1190836,-5.0056281,-0.69768989,0.31068936,-0.64552379,0
3.1512752,-0.13966656,-0.55770433,0.65709376,-0.081448436,-0.74939579,0
-1.9514589,4.3487163,-3.5434589,-0.69768989,0.31068936,-0.64552379,0
0.99351168,4.5781736,2.5850434,0.2854062,0.94701546,0.14732635,0
3.4222035,4.1337118,0.73709297,0.2854062,0.94701546,0.14732635,0
1.9916692,3.7185979,4.6782217,-0.65709376,0.081448436,0.74939579,0
-5.2006764,-0.17298484,-2.2079523,-0.69768989,0.31068936,-0.64552379,0
1.9062657,-5.1674471,3.1982505,0.69768989,-0.31068936,0.64552379,0
4.1726608,1.6000804,4.0059013,0.69768989,-0.31068936,0.64552379,0
2.2146318,4.2764134,2.1591587,0.2854062,0.94701546,0.14732635,0
5.8503041,1.26684,2.0322969,0.69768989,-0.31068936,0.64552379,0
-4.8353395,1.7703371,-1.6674948,-0.69768989,0.31068936,-0.64552379,0
3.6363792,1.3880706,4.4834819,0.69768989,-0.31068936,0.64552379,0
-0.6589601,-4.9664998,-0.73698425,-0.2854062,-0.94701546,-0.14732635,0
-3.8771844,-2.7881577,-4.8970766,-0.69768989,0.31068936,-0.64552379,0
3.8473678,2.1210811,4.6082382,0.69768989,-0.31068936,0.64552379,0
-3.9179175,-3.8668885,-1.491919,-0.2854062,-0.94701546,-0.14732635,0
1.2874053,-1.4100904,-2.0539274,0.65709376,-0.081448436,-0.74939579,0
0.4861865,-6.0632758,4.0946903,-0.2854062,-0.94701546,-0.14732635,0
0.74278951,-5.8196526,2.0315738,-0.2854062,-0.94701546,-0.14732635,0
-0.60220337,2.6056237,-4.1472454,0.65709376,-0.081448436,-0.74939579,0
-2.8371682,2.2865264,-3.578702,-0.69768989,0.31068936,-0.64552379,0
-0.97611189,-1.1905509,-4.062511,0.65709376,-0.081448436,-0.74939579,0
-3.5886397,5.1054001,-1.4097836,-0.69768989,0.31068936,-0.64552379,0
-4.1248341,-3.0901518,0.055091619,-0.65709376,0.081448436,0.74939579,0
5.9893527,1.1825502,1.8414437,0.69768989,-0.31068936,0.64552379,0
4.1436701,3.9893122,0.26764107,0.2854062,0.94701546,0.14732635,0
-0.51739603,-5.2051735,0.52297211,-0.2854062,-0.94701546,-0.14732635,0
0.1482445,-5.4874668,1.0480509,-0.2854062,-0.94701546,-0.14732635,0
2.8829517,4.1796646,1.4863653,0.2854062,0.94701546,0.14732635,0
4.5736399,-1.4786782,2.0907187,0.69768989,-0.31068936,0.64552379,0
-2.5430527,-4.6551828,0.91180801,-0.2854062,-0.94701546,-0.14732635,0
-1.0322762,-4.4903102,-3.0747328,-0.2854062,-0.94701546,-0.14732635,0
-6.2856655,-3.0414767,-2.210784,-0.2854062,-0.94701546,-0.14732635,0
4.2642894,-4.0374403,1.1935408,0.69768989,-0.31068936,0.64552379,0
-0.27561402,5.7413149,-2.4330487,0.2854062,0.94701546,0.14732635,0
-5.5727806,-3.3614197,-1.5352144,-0.2854062,-0.94701546,-0.14732635,0
0.86710763,0.23412764,4.0708823,-0.65709376,0.081448436,0.74939579,0
4.6122465,3.4693542,2.7021942,0.2854062,0.94701546,0.14732635,0
3.1540895,-6.0043077,0.082164288,0.65709376,-0.081448436,-0.74939579,0
-0.14583981,-5.0002847,-1.5138469,-0.2854062,-0.94701546,-0.14732635,0
3.1009459,3.7395587,3.8930693,0.2854062,0.94701546,0.14732635,0
2.1807153,-4.6763587,-0.91564941,0.65709376,-0.081448436,-0.74939579,0
2.7875822,-6.2097659,0.57797241,-0.2854062,-0.94701546,-0.14732635,0
1.0030174,-4.4691792,4.5105672,0.69768989,-0.31068936,0.64552379,0
-4.8955383,-0.31159759,-0.92267483,-0.65709376,0.081448436,0.74939579,0
-2.2181363,0.74469012,-4.9898419,-0.69768989,0.31068936,-0.64552379,0
4.2082047,-4.1014805,1.2233348,0.69768989,-0.31068936,0.64552379,0
-1.7487282,-3.6358802,2.1978488,-0.65709376,0.081448436,0.74939579,0
2.1053777,-5.2425385,-0.92017174,0.65709376,-0.081448436,-0.74939579,0
4.4898977,-0.71963072,2.5465555,0.69768989,-0.31068936,0.64552379,0
3.8989959,-2.1055093,2.518189,0.69768989,-0.31068936,0.64552379,0
-0.80841947,-2.4706993,-3.7763398,0.65709376,-0.081448436,-0.74939579,0
-4.0178857,-2.1922193,-4.45818,-0.69768989,0.31068936,-0.64552379,0
-0.82408142,-3.579186,-3.6695957,0.65709376,-0.081448436,-0.74939579,0
-4.5857801,-1.3360453,-3.432318,-0.69768989,0.31068936,-0.64552379,0
-2.8322515,-1.0055957,-5.1685076,-0.69768989,0.31068936,-0.64552379,0
-0.50416285,-4.9468007,-1.1634884,-0.2854062,-0.94701546,-0.14732635,0
0.40999174,4.0599031,3.254262,-0.65709376,0.081448436,0.74939579,0
-1.4123302,3.2068129,-4.6757517,-0.69768989,0.31068936,-0.64552379,0
-3.0960827,-4.4926987,0.93870878,-0.2854062,-0.94701546,-0.14732635,0
4.1080775,-3.5447738,1.5994953,0.69768989,-0.31068936,0.64552379,0
-1.4377849,-4.8165526,-0.19207335,-0.2854062,-0.94701546,-0.14732635,0
-3.7102473,5.4833775,-0.51320362,-0.65709376,0.081448436,0.74939579,0
2.179451,-4.1158013,3.4091439,0.69768989,-0.31068936,0.64552379,0
-2.7314804,-4.459445,0.01862812,-0.2854062,-0.94701546,-0.14732635,0
-2.6223006,5.0838375,-2.4645929,-0.69768989,0.31068936,-0.64552379,0
-2.4225464,0.57358205,-4.8512669,-0.69768989,0.31068936,-0.64552379,0
3.0317192,-5.9108081,-0.03529501,0.65709376,-0.081448436,-0.74939579,0
2.6520238,-5.3437996,-0.42985058,0.65709376,-0.081448436,-0.74939579,0
2.6258235,-0.98027694,4.4358211,0.69768989,-0.31068936,0.64552379,0
1.3589476,1.9589382,-2.3573611,0.65709376,-0.081448436,-0.74939579,0
0.22552919,-2.5101802,-2.8654499,0.65709376,-0.081448436,-0.74939579,0
-4.5658183,-0.62996602,-3.1140585,-0.69768989,0.31068936,-0.64552379,0
0.32285643,-5.9595017,3.7440386,-0.2854062,-0.94701546,-0.14732635,0
0.86878794,5.1200538,-0.65655231,0.2854062,0.94701546,0.14732635,0
2.7974548,2.8328683,5.4810266,-0.65709376,0.081448436,0.74939579,0
2.2857475,-5.891634,-0.49480724,-0.2854062,-0.94701546,-0.14732635,0
-3.8320329,5.745266,-0.83875513,-0.69768989,0.31068936,-0.64552379,0
-0.61083603,3.4386563,-4.2453537,0.65709376,-0.081448436,-0.74939579,0
4.4073076,-0.90353322,0.62664568,0.65709376,-0.081448436,-0.74939579,0
3.9195065,3.4143956,-0.27036953,0.65709376,-0.081448436,-0.74939579,0
2.7833972,-2.430337,-0.63130856,0.65709376,-0.081448436,-0.74939579,0
-1.0909371,4.9312668,1.8434958,-0.65709376,0.081448436,0.74939579,0
-3.8104234,5.644639,-0.91054296,-0.69768989,0.31068936,-0.64552379,0
-0.58224213,-2.7224624,3.1213851,-0.65709376,0.081448436,0.74939579,0
1.0763986,5.1736255,-1.4031029,0.2854062,0.94701546,0.14732635,0
1.9746975,-5.7675061,-0.69012117,-0.2854062,-0.94701546,-0.14732635,0
3.9619846,4.1187472,-0.21239996,0.2854062,0.94701546,0.14732635,0
0.079206824,-4.9740782,-2.1182761,-0.2854062,-0.94701546,-0.14732635,0
-3.1347196,-4.4677906,0.85344601,-0.2854062,-0.94701546,-0.14732635,0
5.2874331,-0.56971169,1.3620862,0.65709376,-0.081448436,-0.74939579,0
-0.41516638,5.7180548,-2.0131853,0.2854062,0.94701546,0.14732635,0
3.9020276,0.71030366,3.8701577,0.69768989,-0.31068936,0.64552379,0
-3.7432277,-3.9062481,-1.5773315,-0.2854062,-0.94701546,-0.14732635,0
3.9726708,-1.9141624,0.35538316,0.65709376,-0.081448436,-0.74939579,0
2.8826776,3.8111556,3.8556795,0.2854062,0.94701546,0.14732635,0
0.084885478,-5.443768,0.88989925,-0.2854062,-0.94701546,-0.14732635,0
-4.9702644,-1.5215515,-3.1060472,-0.69768989,0.31068936,-0.64552379,0
-0.9870224,1.9698112,2.2564788,-0.65709376,0.081448436,0.74939579,0
-5.2867975,-1.7524296,-1.1091454,-0.65709376,0.081448436,0.74939579,0
3.247263,-5.0470157,1.8068478,0.69768989,-0.31068936,0.64552379,0
-0.024347544,-1.5583131,-3.1880038,0.65709376,-0.081448436,-0.74939579,0
-0.87341082,-5.386611,2.3789394,-0.2854062,-0.94701546,-0.14732635,0
-1.8763447,-2.4821596,-4.711484,0.65709376,-0.081448436,-0.74939579,0
-0.2225945,-4.7268486,-3.0174589,0.65709376,-0.081448436,-0.74939579,0
-4.1624346,4.9041595,-0.84674287,-0.65709376,0.081448436,0.74939579,0
0.4580512,-5.6438489,1.4531107,-0.2854062,-0.94701546,-0.14732635,0
-4.7322621,-0.95931369,-3.0926785,-0.69768989,0.31068936,-0.64552379,0
-2.7883449,3.864924,-2.8717911,-0.69768989,0.31068936,-0.64552379,0
2.2900355,3.354708,-1.6926541,0.65709376,-0.081448436,-0.74939579,0
-0.41393495,-3.3697996,-3.3327246,0.65709376,-0.081448436,-0.74939579,0
4.2667494,-1.7922721,0.59999311,0.65709376,-0.081448436,-0.74939579,0
1.8063803,-4.0871048,3.8261747,0.69768989,-0.31068936,0.64552379,0
-2.8534412,-0.72941637,0.913311,-0.65709376,0.081448436,0.74939579,0
3.805434,2.050086,-0.22211123,0.65709376,-0.081448436,-0.74939579,0
4.5813317,1.2783878,3.4093761,0.69768989,-0.31068936,0.64552379,0
1.256119,-6.0388288,2.4460006,-0.2854062,-0.94701546,-0.14732635,0
1.2187428,-3.7682796,4.6147499,0.69768989,-0.31068936,0.64552379,0
-1.6425946,5.843462,-0.4414835,0.2854062,0.94701546,0.14732635,0
4.0125127,-4.6523461,1.1697109,0.69768989,-0.31068936,0.64552379,0
-1.2837086,5.8874578,-1.419538,0.2854062,0.94701546,0.14732635,0
-2.3529189,-4.2635913,-1.9736843,-0.2854062,-0.94701546,-0.14732635,0
-0.013961792,-3.5996084,3.7150044,-0.65709376,0.081448436,0.74939579,0
-0.67412138,5.569406,-0.55600977,0.2854062,0.94701546,0.14732635,0
-5.0243769,-0.3835299,-2.4998345,-0.69768989,0.31068936,-0.64552379,0
0.96931458,2.3862345,-2.7454445,0.65709376,-0.081448436,-0.74939579,0
3.2940197,-0.09160956,4.1413407,0.69768989,-0.31068936,0.64552379,0
2.8264084,0.52013707,-0.91426867,0.65709376,-0.081448436,-0.74939579,0
-0.38861668,-5.5055866,2.2045577,-0.2854062,-0.94701546,-0.14732635,0
1.5888059,4.2787042,3.3568058,0.2854062,0.94701546,0.14732635,0
2.7979243,4.6514411,-1.3882575,0.65709376,-0.081448436,-0.74939579,0
3.5350742,-3.1232047,2.4217052,0.69768989,-0.31068936,0.64552379,0
1.9677849,-4.3958993,3.5031047,0.69768989,-0.31068936,0.64552379,0
-3.4801755,0.32919574,0.24871476,-0.65709376,0.081448436,0.74939579,0
-1.304893,-1.9534059,-4.2678852,0.65709376,-0.081448436,-0.74939579,0
2.1818376,-1.0854228,4.8650804,0.69768989,-0.31068936,0.64552379,0
0.53928214,-2.7469501,-2.5646083,0.65709376,-0.081448436,-0.74939579,0
-1.8919098,-4.8864946,1.1372626,-0.2854062,-0.94701546,-0.14732635,0
2.0298638,-0.081310868,5.1247072,-0.65709376,0.081448436,0.74939579,0
-3.6165504,-3.5703695,-3.9817696,-0.2854062,-0.94701546,-0.14732635,0
-1.4022295,3.1192365,1.7674866,-0.65709376,0.081448436,0.74939579,0
-4.1740537,-2.6548769,-0.035373688,-0.65709376,0.081448436,0.74939579,0
4.0755138,1.5543637,4.0888958,0.69768989,-0.31068936,0.64552379,0
-2.6537399,-3.7525229,-4.6760755,-0.2854062,-0.94701546,-0.14732635,0
-3.9941225,-1.1023893,-0.046337485,-0.65709376,0.081448436,0.74939579,0
3.5036819,4.1210651,0.6605444,0.2854062,0.94701546,0.14732635,0
-3.9386277,3.2115455,-1.9430217,-0.69768989,0.31068936,-0.64552379,0
1.2592536,-2.65007,-1.9438441,0.65709376,-0.081448436,-0.74939579,0
1.3180866,-3.9241514,4.4323573,0.69768989,-0.31068936,0.64552379,0
-2.6559958,-0.19163048,-4.9672461,-0.69768989,0.31068936,-0.64552379,0
-4.7693253,-3.5130129,-2.117259,-0.2854062,-0.94701546,-0.14732635,0
-3.7396469,-2.9226208,-5.1104445,-0.69768989,0.31068936,-0.64552379,0
3.7118707,-0.16882783,3.6525576,0.69768989,-0.31068936,0.64552379,0
-4.9251461,-3.4659324,-2.118031,-0.2854062,-0.94701546,-0.14732635,0
-2.4279323,-3.7888467,-4.8800302,-0.2854062,-0.94701546,-0.14732635,0
4.4955821,0.1390717,2.9537044,0.69768989,-0.31068936,0.64552379,0
-4.0554595,-3.5262804,-3.4149008,-0.2854062,-0.94701546,-0.14732635,0
3.4796052,-6.3816843,0.91335678,0.69768989,-0.31068936,0.64552379,0
-3.5089109,5.8351307,-1.1447382,-0.69768989,0.31068936,-0.64552379,0
-0.9392488,-4.0267086,-3.7219391,0.65709376,-0.081448436,-0.74939579,0
-3.0125852,-1.6811762,-5.2987561,-0.69768989,0.31068936,-0.64552379,0
2.7095599,-2.8848436,3.4286532,0.69768989,-0.31068936,0.64552379,0
-1.4865808,5.5980434,0.83383226,0.2854062,0.94701546,0.14732635,0
-1.1077178,-4.9877205,2.906832,-0.65709376,0.081448436,0.74939579,0
-3.9024906,-1.6158178,-4.305479,-0.69768989,0.31068936,-0.64552379,0
-0.7659502,5.6838384,-1.1136885,0.2854062,0.94701546,0.14732635,0
4.653152,-0.39612651,2.5258105,0.69768989,-0.31068936,0.64552379,0
5.62918,0.25697255,1.5718914,0.65709376,-0.081448436,-0.74939579,0
5.1740174,-0.77968168,1.2854598,0.65709376,-0.081448436,-0.74939579,0
-5.003438,-3.5775483,-1.2488904,-0.2854062,-0.94701546,-0.14732635,0
1.3333385,4.1032133,4.0591745,-0.65709376,0.081448436,0.74939579,0
-1.653338,2.281265,-4.8607321,-0.69768989,0.31068936,-0.64552379,0
-1.9806638,5.0350413,-3.1815672,-0.69768989,0.31068936,-0.64552379,0
4.3812847,-0.30108809,2.8653893,0.69768989,-0.31068936,0.64552379,0
0.25978255,5.5677757,-3.7133718,0.65709376,-0.081448436,-0.74939579,0
5.1920171,3.3983932,2.0351825,0.2854062,0.94701546,0.14732635,0
3.7877283,-2.1931028,2.5962894,0.69768989,-0.31068936,0.64552379,0
-0.058279514,-0.25288558,-3.3596373,0.65709376,-0.081448436,-0.74939579,0
-0.56975532,-0.36680162,-3.7957346,0.65709376,-0.081448436,-0.74939579,0
5.0090737,-1.0097754,1.8457781,0.69768989,-0.31068936,0.64552379,0
-2.3113222,-0.56849194,-5.3008747,0.65709376,-0.081448436,-0.74939579,0
-4.9014883,-0.19248581,-0.94083744,-0.65709376,0.081448436,0.74939579,0
-1.7349622,-4.8022351,0.29159594,-0.2854062,-0.94701546,-0.14732635,0
-6.1163144,-2.617641,-2.3949282,-0.69768989,0.31068936,-0.64552379,0
-0.78394008,-2.9071794,-3.7074361,0.65709376,-0.081448436,-0.74939579,0
-0.43819308,-5.3196068,3.5299637,-0.65709376,0.081448436,0.74939579,0
4.9596329,3.2766826,3.2677207,0.2854062,0.94701546,0.14732635,0
0.1237216,1.3318007,3.2997565,-0.65709376,0.081448436,0.74939579,0
-5.4537706,-3.3694124,-1.7143874,-0.2854062,-0.94701546,-0.14732635,0
3.2651227,-6.3709383,1.1503444,0.69768989,-0.31068936,0.64552379,0
3.5090523,-6.2614799,0.93938351,0.69768989,-0.31068936,0.64552379,0
-6.1882224,-1.8077227,-1.8935342,-0.65709376,0.081448436,0.74939579,0
-0.98667288,1.7511027,2.2805562,-0.65709376,0.081448436,0.74939579,0
-4.655942,2.420007,-1.5487051,-0.69768989,0.31068936,-0.64552379,0
5.8596001,1.8904344,1.5963979,0.65709376,-0.081448436,-0.74939579,0
1.0683134,-6.0916042,3.1490664,-0.2854062,-0.94701546,-0.14732635,0
-0.20067716,2.6314137,-3.7979777,0.65709376,-0.081448436,-0.74939579,0
-4.8177485,0.41928506,-2.3367667,-0.69768989,0.31068936,-0.64552379,0
0.71296668,-1.0463558,4.0748963,-0.65709376,0.081448436,0.74939579,0
4.5103145,-0.49313688,2.6335003,0.69768989,-0.31068936,0.64552379,0
-2.3211007,3.3584652,-3.6205516,-0.69768989,0.31068936,-0.64552379,0
-3.3835135,3.5116282,-2.3985662,-0.69768989,0.31068936,-0.64552379,0
-1.9480176,-4.2123284,-3.0875902,-0.2854062,-0.94701546,-0.14732635,0
0.73688173,-5.3226147,-1.1519446,-0.2854062,-0.94701546,-0.14732635,0
-0.51778221,6.0266824,-3.7982574,0.2854062,0.94701546,0.14732635,0
0.87397653,-4.5442533,-2.0757961,0.65709376,-0.081448436,-0.74939579,0
-1.6550374,-1.709412,-4.6014223,0.65709376,-0.081448436,-0.74939579,0
-5.7932143,-3.1808729,-1.3979363,-0.65709376,0.081448436,0.74939579,0
-3.2760777,5.0453205,-1.7765205,-0.69768989,0.31068936,-0.64552379,0
-1.7252183,-4.23493,-3.3739243,-0.2854062,-0.94701546,-0.14732635,0
3.9768372,-1.5742931,0.32209736,0.65709376,-0.081448436,-0.74939579,0
-3.2961388,-3.2327583,0.79721665,-0.65709376,0.081448436,0.74939579,0
-3.7663383,-3.59535,-3.5310192,-0.2854062,-0.94701546,-0.14732635,0
-4.7454438,-2.7155099,-3.9236844,-0.69768989,0.31068936,-0.64552379,0
2.5058093,-5.5474896,2.3673427,0.69768989,-0.31068936,0.64552379,0
-3.6703038,-3.8936524,-1.7995682,-0.2854062,-0.94701546,-0.14732635,0
-3.6294727,4.4179897,-1.6965008,-0.69768989,0.31068936,-0.64552379,0
-3.8097422,5.4028506,-0.59169292,-0.65709376,0.081448436,0.74939579,0
-0.9864946,-5.0797749,0.62566566,-0.2854062,-0.94701546,-0.14732635,0
-1.3746668,-5.2167072,2.2578516,-0.2854062,-0.94701546,-0.14732635,0
-1.4311465,3.130301,1.7409286,-0.65709376,0.081448436,0.74939579,0
1.5994816,-4.2352481,3.978493,0.69768989,-0.31068936,0.64552379,0
2.0779827,-6.110261,1.3130164,-0.2854062,-0.94701546,-0.14732635,0
5.2211981,1.3312304,2.7432327,0.69768989,-0.31068936,0.64552379,0
2.4490631,-3.2411015,-0.83634496,0.65709376,-0.081448436,-0.74939579,0
-3.1416304,0.86433864,0.48740005,-0.65709376,0.081448436,0.74939579,0
-5.4471955,-0.22700667,-1.9675119,-0.69768989,0.31068936,-0.64552379,0
1.0564213,-5.6532545,0.35438251,-0.2854062,-0.94701546,-0.14732635,0
4.3173189,2.7800598,4.4174752,0.69768989,-0.31068936,0.64552379,0
-2.1117327,2.1685784,1.2486949,-0.65709376,0.081448436,0.74939579,0
-4.6320324,-2.9896791,-0.40055585,-0.65709376,0.081448436,0.74939579,0
-2.0929251,-4.856513,1.3339572,-0.2854062,-0.94701546,-0.14732635,0
-2.7516298,6.2628298,-0.9887166,0.2854062,0.94701546,0.14732635,0
-6.1030765,-2.4241362,-2.316102,-0.69768989,0.31068936,-0.64552379,0
1.4638171,1.8245331,4.4212418,-0.65709376,0.081448436,0.74939579,0
2.2852378,-5.9290423,-0.25336027,-0.2854062,-0.94701546,-0.14732635,0
-0.34664291,5.0155921,2.3695111,0.2854062,0.94701546,0.14732635,0
0.58581185,-5.9002514,2.8537674,-0.2854062,-0.94701546,-0.14732635,0
-2.9286623,0.44878915,-4.3643131,-0.69768989,0.31068936,-0.64552379,0
-1.4632679,5.7471051,-0.1695013,0.2854062,0.94701546,0.14732635,0
-2.4998827,-3.7340326,-5.0929937,-0.2854062,-0.94701546,-0.14732635,0
3.9974844,-0.22808242,0.19388784,0.65709376,-0.081448436,-0.74939579,0
-0.59618115,-5.258121,1.0159478,-0.2854062,-0.94701546,-0.14732635,0
4.6084862,-0.87553835,0.80000234,0.65709376,-0.081448436,-0.74939579,0
4.7767105,3.3582516,3.0977578,0.2854062,0.94701546,0.14732635,0
-3.3325958,-1.2309372,-4.7361851,-0.69768989,0.31068936,-0.64552379,0
-4.5406318,3.5649626,-1.1222694,-0.69768989,0.31068936,-0.64552379,0
5.221848,-0.78704762,1.7230078,0.69768989,-0.31068936,0.64552379,0
-2.8586864,-4.4543648,0.23240089,-0.2854062,-0.94701546,-0.14732635,0
-5.7697563,-2.620225,-2.7707353,-0.69768989,0.31068936,-0.64552379,0
4.7105246,3.6327198,1.4616899,0.2854062,0.94701546,0.14732635,0
2.4456415,3.2992644,5.1218543,-0.65709376,0.081448436,0.74939579,0
1.4450731,0.3866359,4.5610847,-0.65709376,0.081448436,0.74939579,0
3.0503469,-0.3424952,-0.62415701,0.65709376,-0.081448436,-0.74939579,0
1.826911,4.5841141,0.93236256,0.2854062,0.94701546,0.14732635,0
-1.3560946,5.7818718,-0.60060024,0.2854062,0.94701546,0.14732635,0
1.5874295,0.58017135,4.6648731,-0.65709376,0.081448436,0.74939579,0
2.8738852,1.6987011,-1.0007324,0.65709376,-0.081448436,-0.74939579,0
-2.8418298,-1.6497735,-5.4681973,-0.69768989,0.31068936,-0.64552379,0
3.6642561,3.1637373,5.3079762,0.69768989,-0.31068936,0.64552379,0
0.21871334,4.9642963,1.6040053,0.2854062,0.94701546,0.14732635,0
-1.523077,3.1889915,-4.5646324,-0.69768989,0.31068936,-0.64552379,0
0.22779441,1.2269124,-3.2696311,0.65709376,-0.081448436,-0.74939579,0
4.0768266,-4.0067992,1.4109001,0.69768989,-0.31068936,0.64552379,0
-2.6716657,4.4280248,-2.7268796,-0.69768989,0.31068936,-0.64552379,0
-1.5088646,5.5252266,1.3450727,0.2854062,0.94701546,0.14732635,0
-1.7768991,4.3852892,1.3013625,-0.65709376,0.081448436,0.74939579,0
-4.6032114,-3.2857227,-3.9000826,-0.2854062,-0.94701546,-0.14732635,0
0.47014189,0.25314033,-2.9512985,0.65709376,-0.081448436,-0.74939579,0
-3.8161259,0.21330827,-3.5184679,-0.69768989,0.31068936,-0.64552379,0
1.529201,4.3474789,3.0301933,0.2854062,0.94701546,0.14732635,0
-0.7795825,5.068471,-4.4636207,-0.69768989,0.31068936,-0.64552379,0
-3.8793969,-1.7510672,-4.3955336,-0.69768989,0.31068936,-0.64552379,0
3.5718527,-3.8319654,2.0408289,0.69768989,-0.31068936,0.64552379,0
1.0577176,2.0478165,4.0408936,-0.65709376,0.081448436,0.74939579,0
1.5322642,-5.3039556,3.5367746,0.69768989,-0.31068936,0.64552379,0
-3.3827105,0.72821951,-3.7390831,-0.69768989,0.31068936,-0.64552379,0
2.6173387,-1.971097,3.9681118,0.69768989,-0.31068936,0.64552379,0
-0.46993005,-5.4578834,2.0554428,-0.2854062,-0.94701546,-0.14732635,0
-2.5182695,-0.94402337,-5.4415178,0.65709376,-0.081448436,-0.74939579,0
5.6312723,2.3638151,2.7970004,0.69768989,-0.31068936,0.64552379,0
-1.9397244,5.7678776,0.6199851,0.2854062,0.94701546,0.14732635,0
-5.5561504,-0.50577211,-1.9839212,-0.69768989,0.31068936,-0.64552379,0
-0.80441046,5.6882777,-1.067719,0.2854062,0.94701546,0.14732635,0
2.1902084,-3.2652833,3.8068695,0.69768989,-0.31068936,0.64552379,0
-2.680223,-3.0939183,-5.3498602,0.65709376,-0.081448436,-0.74939579,0
-2.0371847,-4.4081411,-1.6561689,-0.2854062,-0.94701546,-0.14732635,0
-4.7554426,-1.5672268,-3.3602121,-0.69768989,0.31068936,-0.64552379,0
-1.9996023,5.0437365,1.0345263,-0.65709376,0.081448436,0.74939579,0
4.9386764,2.5715456,3.6455464,0.69768989,-0.31068936,0.64552379,0
-6.0062113,-1.515336,-1.983392,-0.69768989,0.31068936,-0.64552379,0
-2.2963696,-4.2226686,-2.3462849,-0.2854062,-0.94701546,-0.14732635,0
-1.7525501,-1.8319385,1.9984351,-0.65709376,0.081448436,0.74939579,0
1.9677649,-1.3240817,4.9815865,0.69768989,-0.31068936,0.64552379,0
-1.4371381,-2.7482247,2.3745852,-0.65709376,0.081448436,0.74939579,0
4.2444,-3.6366105,1.4079554,0.69768989,-0.31068936,0.64552379,0
3.5473709,0.26062801,4.037046,0.69768989,-0.31068936,0.64552379,0
2.503933,-3.5808749,3.3158989,0.69768989,-0.31068936,0.64552379,0
5.2048473,-1.2576272,1.5148932,0.69768989,-0.31068936,0.64552379,0
-1.1553993,6.087954,-3.5667584,-0.69768989,0.31068936,-0.64552379,0
0.84370995,4.0199957,3.6388974,-0.65709376,0.081448436,0.74939579,0
-2.1510344,-0.89969826,-5.124332,0.65709376,-0.081448436,-0.74939579,0
4.899888,1.6270313,3.232877,0.69768989,-0.31068936,0.64552379,0
0.71050811,-6.0121636,3.3315723,-0.2854062,-0.94701546,-0.14732635,0
-1.481729,0.6122818,-4.7017941,0.65709376,-0.081448436,-0.74939579,0
-3.393198,1.9386737,-3.145159,-0.69768989,0.31068936,-0.64552379,0
3.0302229,-6.3858185,1.2395959,-0.2854062,-0.94701546,-0.14732635,0
5.4183254,1.2635763,1.2776045,0.65709376,-0.081448436,-0.74939579,0
-1.0072055,4.3470812,-4.564806,-0.69768989,0.31068936,-0.64552379,0
-2.8141699,-3.2445989,-5.4509335,0.65709376,-0.081448436,-0.74939579,0
5.6247125,0.156111,1.7415278,0.69768989,-0.31068936,0.64552379,0
5.339787,0.65403152,2.2891266,0.69768989,-0.31068936,0.64552379,0
-1.6180011,-3.9408808,2.3456233,-0.65709376,0.081448436,0.74939579,0
2.6826465,4.6335325,-1.043066,0.2854062,0.94701546,0.14732635,0
1.8112704,-5.7977562,-0.17907953,-0.2854062,-0.94701546,-0.14732635,0
0.99921334,1.6597145,-2.6402664,0.65709376,-0.081448436,-0.74939579,0
-3.9831414,-3.7410705,-2.174325,-0.2854062,-0.94701546,-0.14732635,0
0.012868762,-5.4373903,0.98841429,-0.2854062,-0.94701546,-0.14732635,0
-1.3273059,-4.8606648,-0.12254477,-0.2854062,-0.94701546,-0.14732635,0
2.4809475,-0.15655261,4.988862,0.69768989,-0.31068936,0.64552379,0
4.654355,-0.18655205,2.6253777,0.69768989,-0.31068936,0.64552379,0
-0.094326735,2.7992456,2.9490752,-0.65709376,0.081448436,0.74939579,0
-0.60747361,5.6761012,-1.3709626,0.2854062,0.94701546,0.14732635,0
0.88148999,4.5106139,3.2363315,0.2854062,0.94701546,0.14732635,0
2.9319777,0.85000134,4.9858346,0.69768989,-0.31068936,0.64552379,0
0.93200493,-4.3409829,-2.047008,0.65709376,-0.081448436,-0.74939579,0
-0.16722465,-2.7808452,3.4916308,-0.65709376,0.081448436,0.74939579,0
-3.9341192,-3.1367159,-5.0033002,-0.69768989,0.31068936,-0.64552379,0
-1.9730289,1.0752413,1.4891442,-0.65709376,0.081448436,0.74939579,0
-3.361722,1.4059769,-3.4355648,-0.69768989,0.31068936,-0.64552379,0
0.60118473,4.8226557,1.7735357,0.2854062,0.94701546,0.14732635,0
-3.1076775,0.15239263,-4.3134871,-0.69768989,0.31068936,-0.64552379,0
3.1319392,3.9178391,2.687037,0.2854062,0.94701546,0.14732635,0
-1.1514542,-4.525455,-2.6179438,-0.2854062,-0.94701546,-0.14732635,0
-2.9228377,-3.6055081,-5.0997872,-0.2854062,-0.94701546,-0.14732635,0
0.99080682,-5.9477434,2.374475,-0.2854062,-0.94701546,-0.14732635,0
-2.0146763,-4.398335,-1.7628064,-0.2854062,-0.94701546,-0.14732635,0
-1.9448862,-4.6575022,-0.23207903,-0.2854062,-0.94701546,-0.14732635,0
-1.9312353,-3.2306957,-4.6782598,0.65709376,-0.081448436,-0.74939579,0
-2.2132168,0.67015624,1.322567,-0.65709376,0.081448436,0.74939579,0
2.8394008,-6.1258183,1.7284451,0.69768989,-0.31068936,0.64552379,0
1.85324,-3.4062567,4.103219,0.69768989,-0.31068936,0.64552379,0
-2.0407267,-3.2785709,-4.7690616,0.65709376,-0.081448436,-0.74939579,0
1.8981192,-6.1654224,2.0160363,-0.2854062,-0.94701546,-0.14732635,0
-0.1388936,-5.3416128,0.66675806,-0.2854062,-0.94701546,-0.14732635,0
-2.6199818,0.84033787,-4.5094867,-0.69768989,0.31068936,-0.64552379,0
-3.3955617,4.692122,-1.8173749,-0.69768989,0.31068936,-0.64552379,0
2.6252265,-3.2668731,3.3359318,0.69768989,-0.31068936,0.64552379,0
1.2902948,4.818841,0.46308851,0.2854062,0.94701546,0.14732635,0
0.12987733,-5.8385448,3.3403728,-0.2854062,-0.94701546,-0.14732635,0
3.0063639,-4.3060637,-0.23194075,0.65709376,-0.081448436,-0.74939579,0
-0.12821317,4.7981834,2.702107,-0.65709376,0.081448436,0.74939579,0
1.0850183,-3.7987165,-1.9717774,0.65709376,-0.081448436,-0.74939579,0
-1.8018785,-3.0059187,-4.5892649,0.65709376,-0.081448436,-0.74939579,0
5.7072544,1.1615212,1.5420387,0.65709376,-0.081448436,-0.74939579,0
-3.152976,6.2050505,-1.3513942,-0.69768989,0.31068936,-0.64552379,0
-2.1573443,3.6284783,-3.6675847,-0.69768989,0.31068936,-0.64552379,0
-4.208539,-0.48210716,-0.30176014,-0.65709376,0.081448436,0.74939579,0
4.2833242,1.8426465,0.21946383,0.65709376,-0.081448436,-0.74939579,0
-1.8942304,2.5290475,1.4002297,-0.65709376,0.081448436,0.74939579,0
-1.3780389,-4.7934618,-0.45624399,-0.2854062,-0.94701546,-0.14732635,0
4.2513094,3.9514098,0.30275631,0.2854062,0.94701546,0.14732635,0
4.9598384,-0.58169341,2.1050272,0.69768989,-0.31068936,0.64552379,0
-3.2422552,4.3611574,-2.1423631,-0.69768989,0.31068936,-0.64552379,0
3.7102294,0.88048732,4.1593642,0.69768989,-0.31068936,0.64552379,0
-3.8656418,1.8749964,-0.25727999,-0.65709376,0.081448436,0.74939579,0
-5.3950009,-3.3443604,-1.9892759,-0.2854062,-0.94701546,-0.14732635,0
1.0336967,-5.5889087,3.9384851,0.69768989,-0.31068936,0.64552379,0
2.340198,1.8027817,5.1920443,-0.65709376,0.081448436,0.74939579,0
-2.5186348,-2.6967144,1.4206967,-0.65709376,0.081448436,0.74939579,0
3.8229742,3.4390283,4.4261384,0.2854062,0.94701546,0.14732635,0
-3.9611173,0.73164451,-3.1122866,-0.69768989,0.31068936,-0.64552379,0
-0.42658067,1.4116503,-3.8634865,0.65709376,-0.081448436,-0.74939579,0
2.4260309,-6.1770444,1.0680523,-0.2854062,-0.94701546,-0.14732635,0
-3.2916074,5.3680587,-1.6044025,-0.69768989,0.31068936,-0.64552379,0
-3.4639392,-3.8594956,0.71820116,-0.65709376,0.081448436,0.74939579,0
-5.8130255,-1.7490904,-1.5709212,-0.65709376,0.081448436,0.74939579,0
-0.46998692,-4.5397387,-3.2547174,0.65709376,-0.081448436,-0.74939579,0
-0.0088777542,5.3775702,-3.9282689,0.65709376,-0.081448436,-0.74939579,0
-1.3692489,-0.44546914,2.1838367,-0.65709376,0.081448436,0.74939579,0
-0.22244978,-1.5405126,3.3084013,-0.65709376,0.081448436,0.74939579,0
-3.1756914,-4.4447145,0.78448343,-0.2854062,-0.94701546,-0.14732635,0
0.79375303,5.3977022,-2.2959211,0.2854062,0.94701546,0.14732635,0
3.7428315,4.1582227,-0.041596889,0.2854062,0.94701546,0.14732635,0
-0.42570138,-5.5496502,2.5596409,-0.2854062,-0.94701546,-0.14732635,0
-4.9134226,-0.49232781,-2.6721187,-0.69768989,0.31068936,-0.64552379,0
3.8653951,-3.3572454,1.9520466,0.69768989,-0.31068936,0.64552379,0
-0.4658941,2.0350611,2.7063291,-0.65709376,0.081448436,0.74939579,0
2.6006174,1.5151126,5.4516535,-0.65709376,0.081448436,0.74939579,0
-0.80446625,-0.6465565,-3.9711308,0.65709376,-0.081448436,-0.74939579,0
3.586086,4.1925592,0.041337013,0.2854062,0.94701546,0.14732635,0
0.33442616,0.079129457,3.6206565,-0.65709376,0.081448436,0.74939579,0
1.1105329,3.3615212,-2.7276194,0.65709376,-0.081448436,-0.74939579,0
0.79867673,-0.48179626,-2.5833519,0.65709376,-0.081448436,-0.74939579,0
1.15885,-5.6195421,-0.060746193,-0.2854062,-0.94701546,-0.14732635,0
3.261014,3.2320914,5.7767053,0.69768989,-0.31068936,0.64552379,0
0.79280812,5.3192997,-1.7901175,0.2854062,0.94701546,0.14732635,0
3.9053614,1.9373058,-0.12223482,0.65709376,-0.081448436,-0.74939579,0
-3.3359666,3.9588425,-0.019327879,-0.65709376,0.081448436,0.74939579,0
0.055486917,4.8316298,2.7729979,0.2854062,0.94701546,0.14732635,0
4.2172241,-0.56672573,2.9148567,0.69768989,-0.31068936,0.64552379,0
2.6446438,4.3362064,0.94177389,0.2854062,0.94701546,0.14732635,0
0.9820683,0.76622653,4.1138515,-0.65709376,0.081448436,0.74939579,0
-2.4439769,-3.8230772,-4.6289158,-0.2854062,-0.94701546,-0.14732635,0
-0.3324579,3.0213468,2.716135,-0.65709376,0.081448436,0.74939579,0
2.6263599,3.8773398,3.9267955,0.2854062,0.94701546,0.14732635,0
-1.110888,-4.4335198,-3.2874908,-0.2854062,-0.94701546,-0.14732635,0
-1.6912203,4.1347871,-3.9276915,-0.69768989,0.31068936,-0.64552379,0
4.7712202,3.0052037,0.52091217,0.65709376,-0.081448436,-0.74939579,0
-0.956141,0.53700531,-4.2327604,0.65709376,-0.081448436,-0.74939579,0
-3.7520056,4.8734827,-1.3448372,-0.69768989,0.31068936,-0.64552379,0
2.6695533,-1.9901433,3.9025102,0.69768989,-0.31068936,0.64552379,0
-2.8812704,-0.92389864,-5.0762067,-0.69768989,0.31068936,-0.64552379,0
-3.1478772,0.57740873,-4.0654783,-0.69768989,0.31068936,-0.64552379,0
-3.6903927,6.1290331,-0.80713511,-0.69768989,0.31068936,-0.64552379,0
4.9590378,1.3213983,0.86860251,0.65709376,-0.081448436,-0.74939579,0
2.2708688,-4.4844704,-0.85745573,0.65709376,-0.081448436,-0.74939579,0
1.888339,-3.0406332,4.2412572,0.69768989,-0.31068936,0.64552379,0
1.6065578,-5.2343531,3.4899778,0.69768989,-0.31068936,0.64552379,0
1.5309536,4.958096,-0.89825964,0.2854062,0.94701546,0.14732635,0
-3.305058,-3.4931765,-5.0814004,-0.2854062,-0.94701546,-0.14732635,0
1.256057,3.3789194,-2.6019101,0.65709376,-0.081448436,-0.74939579,0
2.6524458,2.8053045,5.3568726,-0.65709376,0.081448436,0.74939579,0
-2.4098067,-4.0166478,-3.4508367,-0.2854062,-0.94701546,-0.14732635,0
0.18807775,-5.1353521,-1.2925081,-0.2854062,-0.94701546,-0.14732635,0
1.8446863,-5.7263041,-0.70310831,-0.2854062,-0.94701546,-0.14732635,0
-0.74421465,-5.3572874,1.940167,-0.2854062,-0.94701546,-0.14732635,0
4.1288533,0.18559885,0.26411527,0.65709376,-0.081448436,-0.74939579,0
0.020527363,-5.2381968,-0.30683994,-0.2854062,-0.94701546,-0.14732635,0
-1.4717242,2.9284286,1.7272894,-0.65709376,0.081448436,0.74939579,0
1.4703085,4.3877716,2.8852797,0.2854062,0.94701546,0.14732635,0
-5.2863746,-1.9038607,-2.948396,-0.69768989,0.31068936,-0.64552379,0
-3.8520217,-2.6347451,-4.8504343,-0.69768989,0.31068936,-0.64552379,0
-2.3638039,-0.53556299,-5.3504705,0.65709376,-0.081448436,-0.74939579,0
-2.7469609,4.9083052,0.39393806,-0.65709376,0.081448436,0.74939579,0
-0.33687806,5.3585491,0.14606047,0.2854062,0.94701546,0.14732635,0
-2.9293628,0.43511957,-4.3701353,-0.69768989,0.31068936,-0.64552379,0
-4.039803,-2.0311174,0.014547825,-0.65709376,0.081448436,0.74939579,0
-1.4474469,-5.081728,1.5311944,-0.2854062,-0.94701546,-0.14732635,0
-3.1968322,-3.6880496,-4.0384111,-0.2854062,-0.94701546,-0.14732635,0
1.9679413,2.970413,4.7387338,-0.65709376,0.081448436,0.74939579,0
0.029088736,0.84576488,3.2696047,-0.65709376,0.081448436,0.74939579,0
5.056345,1.8421167,3.1672971,0.69768989,-0.31068936,0.64552379,0
2.3061533,2.4382329,5.0931292,-0.65709376,0.081448436,0.74939579,0
1.9136604,-5.1251125,-1.1010375,0.65709376,-0.081448436,-0.74939579,0
2.3776016,-2.6684983,3.8915648,0.69768989,-0.31068936,0.64552379,0
0.24967051,-5.5973954,1.5581918,-0.2854062,-0.94701546,-0.14732635,0
-1.6130534,-5.0658445,1.7499149,-0.2854062,-0.94701546,-0.14732635,0
-3.8583062,1.7002213,-0.23185217,-0.65709376,0.081448436,0.74939579,0
-4.3835077,3.3396263,-0.87054479,-0.65709376,0.081448436,0.74939579,0
2.8855972,-0.44296336,-0.75769484,0.65709376,-0.081448436,-0.74939579,0
-1.8967862,-1.6772838,-4.8168869,0.65709376,-0.081448436,-0.74939579,0
2.4761813,4.2084589,2.0892882,0.2854062,0.94701546,0.14732635,0
-3.025445,0.49923944,0.6289556,-0.65709376,0.081448436,0.74939579,0
-0.9521122,-2.3577809,-3.914607,0.65709376,-0.081448436,-0.74939579,0
6.0434928,2.2480588,2.2957542,0.69768989,-0.31068936,0.64552379,0
1.237715,4.5964875,1.9942412,0.2854062,0.94701546,0.14732635,0
0.92883927,-1.2936368,-2.3809862,0.65709376,-0.081448436,-0.74939579,0
-1.3723255,-4.7931623,-0.46923733,-0.2854062,-0.94701546,-0.14732635,0
3.9026308,-0.95489323,3.0680492,0.69768989,-0.31068936,0.64552379,0
1.5394748,-3.0327017,-1.6565502,0.65709376,-0.081448436,-0.74939579,0
3.1019719,4.1569085,1.2083478,0.2854062,0.94701546,0.14732635,0
-0.67507935,-4.3482485,-3.4553609,0.65709376,-0.081448436,-0.74939579,0
4.1637406,-3.1302438,0.65508962,0.65709376,-0.081448436,-0.74939579,0
-2.3254316,1.4332664,1.1412344,-0.65709376,0.081448436,0.74939579,0
-4.1679106,3.3338103,-1.6363631,-0.69768989,0.31068936,-0.64552379,0
3.7941515,3.9502745,1.1956787,0.2854062,0.94701546,0.14732635,0
5.0634131,0.17909288,2.3592479,0.69768989,-0.31068936,0.64552379,0
-4.4700193,-1.0842922,-3.4362655,-0.69768989,0.31068936,-0.64552379,0
-1.4510533,1.7349746,1.8751256,-0.65709376,0.081448436,0.74939579,0
-2.186512,-1.2351125,-5.1189847,0.65709376,-0.081448436,-0.74939579,0
5.7307205,2.2011898,2.611244,0.69768989,-0.31068936,0.64552379,0
-4.1585798,-0.56965733,-3.5251803,-0.69768989,0.31068936,-0.64552379,0
-3.1814191,-2.2747631,0.79368627,-0.65709376,0.081448436,0.74939579,0
2.8368196,-0.76175553,4.3129482,0.69768989,-0.31068936,0.64552379,0
-3.0806098,0.80694622,-4.0277057,-0.69768989,0.31068936,-0.64552379,0
4.5823946,3.701261,1.2693233,0.2854062,0.94701546,0.14732635,0
2.380338,-6.2609968,1.696218,-0.2854062,-0.94701546,-0.14732635,0
0.28862751,4.8258467,2.3585253,0.2854062,0.94701546,0.14732635,0
2.7383604,-2.835078,3.4214771,0.69768989,-0.31068936,0.64552379,0
-2.9320636,0.65392631,-4.2619052,-0.69768989,0.31068936,-0.64552379,0
4.9268398,-0.85191441,2.0106368,0.69768989,-0.31068936,0.64552379,0
-4.1875148,-2.3047566,-4.3290062,-0.69768989,0.31068936,-0.64552379,0
2.1714382,4.4052858,1.4144435,0.2854062,0.94701546,0.14732635,0
3.8537321,-3.9604988,1.6743078,0.69768989,-0.31068936,0.64552379,0
-2.7848458,-4.2084675,-1.4912758,-0.2854062,-0.94701546,-0.14732635,0
-0.39588857,5.6940594,-1.8962865,0.2854062,0.94701546,0.14732635,0
-2.6088612,-4.0300021,-2.9793797,-0.2854062,-0.94701546,-0.14732635,0
-5.9018993,-3.1151862,-2.4804265,-0.2854062,-0.94701546,-0.14732635,0
-4.6577077,-3.2540438,-3.9981451,-0.2854062,-0.94701546,-0.14732635,0
-3.4002028,3.6750243,-2.3018861,-0.69768989,0.31068936,-0.64552379,0
-0.27069271,3.4279592,2.7261002,-0.65709376,0.081448436,0.74939579,0
-0.20039487,-2.3794465,-3.2531223,0.65709376,-0.081448436,-0.74939579,0
2.0507934,3.1265054,-1.8776265,0.65709376,-0.081448436,-0.74939579,0
1.4076753,-6.1394176,3.2693257,0.69768989,-0.31068936,0.64552379,0
-1.6770091,-1.4232074,2.0202489,-0.65709376,0.081448436,0.74939579,0
3.7287569,3.6887839,3.0032287,0.2854062,0.94701546,0.14732635,0
-1.0715187,5.5615358,0.26443148,0.2854062,0.94701546,0.14732635,0
5.8475423,1.0614753,1.9364401,0.69768989,-0.31068936,0.64552379,0
-1.0440941,-5.2371202,1.7486665,-0.2854062,-0.94701546,-0.14732635,0
-4.3020329,1.4155886,-2.4146392,-0.69768989,0.31068936,-0.64552379,0
-5.3267269,-3.2440317,-0.98204112,-0.65709376,0.081448436,0.74939579,0
-4.1270766,-0.019414902,-0.28061911,-0.65709376,0.081448436,0.74939579,0
-0.80522722,5.4113517,0.71394825,0.2854062,0.94701546,0.14732635,0
-4.9413314,1.7922499,-1.5423919,-0.69768989,0.31068936,-0.64552379,0
1.1501327,-5.5507379,3.8310113,0.69768989,-0.31068936,0.64552379,0
1.3400116,4.2599936,-2.6240563,0.65709376,-0.081448436,-0.74939579,0
-3.1464753,-1.7059486,-5.1659698,-0.69768989,0.31068936,-0.64552379,0
-4.1277952,-1.7877034,-0.089061975,-0.65709376,0.081448436,0.74939579,0
1.1875403,4.4494076,-2.7783346,0.65709376,-0.081448436,-0.74939579,0
-3.8375049,2.9804115,-2.1635602,-0.69768989,0.31068936,-0.64552379,0
3.0197568,1.5167134,5.2118502,0.69768989,-0.31068936,0.64552379,0
3.3269367,-6.3253827,0.27630329,-0.2854062,-0.94701546,-0.14732635,0
-3.0244827,-0.24354625,-4.5939689,-0.69768989,0.31068936,-0.64552379,0
-3.4553113,-0.70681965,-4.3512969,-0.69768989,0.31068936,-0.64552379,0
-0.94037747,-4.5325894,-2.9809923,-0.2854062,-0.94701546,-0.14732635,0
1.1673958,-5.7792377,0.94922209,-0.2854062,-0.94701546,-0.14732635,0
0.51990843,-5.6085701,1.106503,-0.2854062,-0.94701546,-0.14732635,0
2.4959273,2.2945745,-1.3969005,0.65709376,-0.081448436,-0.74939579,0
-6.1889138,-2.7856216,-1.7878568,-0.65709376,0.081448436,0.74939579,0
1.5527508,2.6486802,-2.2623935,0.65709376,-0.081448436,-0.74939579,0
-1.2526718,5.7480245,-0.58338118,0.2854062,0.94701546,0.14732635,0
-1.6390982,2.4765334,-4.7821398,-0.69768989,0.31068936,-0.64552379,0
-2.4121284,4.0077062,0.78541231,-0.65709376,0.081448436,0.74939579,0
3.1131692,-5.3119936,1.8242452,0.69768989,-0.31068936,0.64552379,0
3.5601199,3.7899845,2.6793981,0.2854062,0.94701546,0.14732635,0
1.2796073,4.9931655,-0.63676834,0.2854062,0.94701546,0.14732635,0
-5.8975015,-2.0805826,-2.3729389,-0.69768989,0.31068936,-0.64552379,0
-1.4439603,-4.8461728,0.010286808,-0.2854062,-0.94701546,-0.14732635,0
-2.8158188,2.9604039,-3.2774405,-0.69768989,0.31068936,-0.64552379,0
0.99778211,5.420661,-2.8387542,0.2854062,0.94701546,0.14732635,0
1.9110341,-3.2440095,-1.30779,0.65709376,-0.081448436,-0.74939579,0
3.6853156,-3.6151381,0.28829241,0.65709376,-0.081448436,-0.74939579,0
-1.2535138,5.9023991,-1.5740738,0.2854062,0.94701546,0.14732635,0
1.7579911,4.2680812,3.0973396,0.2854062,0.94701546,0.14732635,0
1.236572,4.7076411,1.2819581,0.2854062,0.94701546,0.14732635,0
5.0499759,3.1586299,3.8078165,0.69768989,-0.31068936,0.64552379,0
-3.339396,5.3157253,-1.5779402,-0.69768989,0.31068936,-0.64552379,0
2.5154338,4.3186707,1.3048043,0.2854062,0.94701546,0.14732635,0
5.4094687,1.7685593,2.7502346,0.69768989,-0.31068936,0.64552379,0
1.0820546,-5.3778291,3.9878116,0.69768989,-0.31068936,0.64552379,0
4.9089375,0.53040135,2.6952918,0.69768989,-0.31068936,0.64552379,0
-2.9459703,-4.1833591,-1.3405356,-0.2854062,-0.94701546,-0.14732635,0
5.7481055,0.57964993,1.8120114,0.69768989,-0.31068936,0.64552379,0
1.8868531,4.5982728,0.72522831,0.2854062,0.94701546,0.14732635,0
5.9195633,2.6484919,2.622427,0.69768989,-0.31068936,0.64552379,0
0.13971877,5.3960667,-1.0183883,0.2854062,0.94701546,0.14732635,0
3.8739576,3.9559963,1.004293,0.2854062,0.94701546,0.14732635,0
5.2631078,1.4822743,2.7706342,0.69768989,-0.31068936,0.64552379,0
-3.6223884,-3.6246665,0.55374599,-0.65709376,0.081448436,0.74939579,0
-2.1100924,5.8568373,0.37819815,0.2854062,0.94701546,0.14732635,0
-0.8804121,6.0826497,-3.4555149,0.2854062,0.94701546,0.14732635,0
-4.4326363,1.8195496,-0.74841213,-0.65709376,0.081448436,0.74939579,0
