-2.3121531,-2.8637066,0.77448803,-0.92567408,-0.21625125,0.31042376,0
-2.2239571,-3.7966528,0.38756585,-0.92567408,-0.21625125,0.31042376,0
3.73294,0.87633991,2.5188532,0.2456429,0.28048471,0.92789423,0
-0.89647055,-4.8061442,-1.146039,0.28772733,-0.93518114,0.20651686,0
-0.55479991,3.9566011,-0.67902303,-0.28772733,0.93518114,-0.20651686,0
1.4220293,-3.1671147,3.0458388,0.28772733,-0.93518114,0.20651686,0
1.7632401,-3.8037848,-0.31261444,0.28772733,-0.93518114,0.20651686,0
3.3015776,-3.5642409,-1.3711464,0.28772733,-0.93518114,0.20651686,0
0.36633778,0.62532634,3.4859757,0.2456429,0.28048471,0.92789423,0
-2.1748006,-1.4109576,2.1961012,-0.92567408,-0.21625125,0.31042376,0
-3.7152042,0.94258475,-0.75778222,-0.92567408,-0.21625125,0.31042376,0
-1.8572848,-3.7984459,1.4797223,-0.92567408,-0.21625125,0.31042376,0
1.8739476,5.2141771,1.631899,-0.28772733,0.93518114,-0.20651686,0
4.0023775,-0.66717911,1.8059804,0.92567408,0.21625125,-0.31042376,0
2.6946554,3.6597295,1.9523543,0.2456429,0.28048471,0.92789423,0
-3.1268687,0.035964727,0.36503553,-0.92567408,-0.21625125,0.31042376,0
-1.5321407,-4.4069567,1.5472627,0.28772733,-0.93518114,0.20651686,0
0.45904922,4.4014478,-0.077136755,-0.28772733,0.93518114,-0.20651686,0
2.5479939,4.1061134,0.79428279,0.92567408,0.21625125,-0.31042376,0
-1.6483727,-0.95660341,-3.046442,-0.2456429,-0.28048471,-0.92789423,0
-0.86620486,-4.3639359,0.81426907,0.28772733,-0.93518114,0.20651686,0
2.0285785,-3.6878076,-0.15711045,0.28772733,-0.93518114,0.20651686,0
-0.0065070391,4.052844,-1.0071065,-0.28772733,0.93518114,-0.20651686,0
2.8088026,-2.7933352,-3.2343717,0.92567408,0.21625125,-0.31042376,0
2.4209776,-0.98462987,3.4287062,0.2456429,0.28048471,0.92789423,0
-0.48935127,-4.8599319,-1.9568222,0.28772733,-0.93518114,0.20651686,0
3.0001767,-1.5321405,3.440876,0.2456429,0.28048471,0.92789423,0
-2.2321045,4.0518227,2.089061,-0.28772733,0.93518114,-0.20651686,0
-3.1588788,0.5898478,0.65543532,-0.92567408,-0.21625125,0.31042376,0
0.72580957,-0.67896116,3.7850733,0.2456429,0.28048471,0.92789423,0
-0.69035006,-4.836822,-1.5721343,0.28772733,-0.93518114,0.20651686,0
-2.2012463,-4.0140882,0.30381739,-0.92567408,-0.21625125,0.31042376,0
-1.8015125,-0.15313888,-3.2487731,-0.2456429,-0.28048471,-0.92789423,0
3.002847,2.9952555,2.0716243,0.2456429,0.28048471,0.92789423,0
4.1866083,-2.5131886,1.0693622,0.92567408,0.21625125,-0.31042376,0
3.144743,-3.4126325,-2.6640301,0.92567408,0.21625125,-0.31042376,0
2.5907414,-1.3117527,-2.8525057,0.92567408,0.21625125,-0.31042376,0
0.023218036,3.5078654,-3.5163748,-0.28772733,0.93518114,-0.20651686,0
0.66743469,2.4421799,2.8570657,0.2456429,0.28048471,0.92789423,0
2.4663484,-3.2674961,1.1362917,0.28772733,-0.93518114,0.20651686,0
-0.80201972,3.4814205,-2.4863744,-0.28772733,0.93518114,-0.20651686,0
-1.6058805,4.0878611,1.3797746,-0.28772733,0.93518114,-0.20651686,0
0.73460078,-0.75420356,3.8054903,0.2456429,0.28048471,0.92789423,0
-1.9676063,-1.5126748,2.7430887,-0.92567408,-0.21625125,0.31042376,0
2.9698167,-4.007699,-3.346734,-0.2456429,-0.28048471,-0.92789423,0
0.89809167,4.2218814,-1.5019685,-0.28772733,0.93518114,-0.20651686,0
-2.0579634,-1.932492,2.1811886,-0.92567408,-0.21625125,0.31042376,0
-3.0140886,-1.7491271,-2.4453287,-0.2456429,-0.28048471,-0.92789423,0
-2.7264166,3.5431342,3.4227285,0.2456429,0.28048471,0.92789423,0
-2.4953816,-0.02254796,2.20735,-0.92567408,-0.21625125,0.31042376,0
-3.0907726,2.146225,1.9427488,-0.92567408,-0.21625125,0.31042376,0
-3.0717044,0.048407793,0.53820348,-0.92567408,-0.21625125,0.31042376,0
-2.4636703,-3.192687,0.093490988,-0.92567408,-0.21625125,0.31042376,0
2.1975465,4.5054617,0.027457476,0.92567408,0.21625125,-0.31042376,0
-2.4942493,3.8873467,3.2572169,0.2456429,0.28048471,0.92789423,0
1.4879851,-0.74089611,-3.9419389,-0.2456429,-0.28048471,-0.92789423,0
3.4027047,-2.6694689,-1.3770864,0.92567408,0.21625125,-0.31042376,0
4.5988455,-2.2990968,2.4477835,0.92567408,0.21625125,-0.31042376,0
-1.2238878,-4.0681076,2.6522226,0.28772733,-0.93518114,0.20651686,0
-0.54418373,-4.784471,-1.5387161,0.28772733,-0.93518114,0.20651686,0
3.5316987,0.61928511,1.2986233,0.92567408,0.21625125,-0.31042376,0
-4.0952859,1.2883859,-3.0772841,-0.2456429,-0.28048471,-0.92789423,0
3.3035402,-2.9204121,1.5416009,0.28772733,-0.93518114,0.20651686,0
-3.3506336,1.93785,-3.4707377,-0.2456429,-0.28048471,-0.92789423,0
-4.1757059,1.2911446,-1.8881652,-0.92567408,-0.21625125,0.31042376,0
-1.217995,-4.2107458,1.9980947,0.28772733,-0.93518114,0.20651686,0
1.9764018,-2.1398678,-3.648356,-0.2456429,-0.28048471,-0.92789423,0
1.3972969,4.968996,1.1857179,-0.28772733,0.93518114,-0.20651686,0
1.5324106,2.3848317,-3.4332566,0.92567408,0.21625125,-0.31042376,0
-1.2584741,2.1129572,-4.0775299,-0.2456429,-0.28048471,-0.92789423,0
-0.66401339,-4.7113419,-1.0406094,0.28772733,-0.93518114,0.20651686,0
-2.3301151,-0.16577172,-3.1050162,-0.2456429,-0.28048471,-0.92789423,0
2.6183028,-2.832747,2.8932796,0.28772733,-0.93518114,0.20651686,0
3.2338541,-1.5481713,3.3838603,0.2456429,0.28048471,0.92789423,0
0.20915639,4.1348925,-0.93603325,-0.28772733,0.93518114,-0.20651686,0
2.5925121,3.7103128,0.65130544,0.92567408,0.21625125,-0.31042376,0
-3.3009231,3.339412,0.35213137,-0.28772733,0.93518114,-0.20651686,0
-1.0481288,1.4797704,-3.9418149,-0.2456429,-0.28048471,-0.92789423,0
3.4556277,-3.5976269,-1.7369618,0.28772733,-0.93518114,0.20651686,0
-3.3316085,-2.1543779,-1.7713556,-0.92567408,-0.21625125,0.31042376,0
2.7230027,1.2309499,-0.68677896,0.92567408,0.21625125,-0.31042376,0
0.061863542,3.957788,-1.5328102,-0.28772733,0.93518114,-0.20651686,0
2.7542596,-3.7743173,-1.5599031,0.28772733,-0.93518114,0.20651686,0
2.569505,-0.97971606,-2.6845248,0.92567408,0.21625125,-0.31042376,0
-4.4320049,1.6196983,-2.4235613,-0.92567408,-0.21625125,0.31042376,0
-2.7540088,1.7764014,2.6893368,-0.92567408,-0.21625125,0.31042376,0
-2.2919023,-2.097234,1.3688257,-0.92567408,-0.21625125,0.31042376,0
-2.3385127,3.4256415,-0.59825683,-0.28772733,0.93518114,-0.20651686,0
-3.6457613,2.9413257,0.84168148,-0.92567408,-0.21625125,0.31042376,0
1.6094656,4.4470859,-1.4732779,-0.28772733,0.93518114,-0.20651686,0
0.55221105,-4.0761323,0.14135218,0.28772733,-0.93518114,0.20651686,0
4.51717,-2.2849629,2.7282636,0.28772733,-0.93518114,0.20651686,0
2.6760261,-1.8398764,-2.9660988,0.92567408,0.21625125,-0.31042376,0
3.1662898,0.69194937,0.25960398,0.92567408,0.21625125,-0.31042376,0
-0.053956747,-0.40514958,-3.6352282,-0.2456429,-0.28048471,-0.92789423,0
-2.9006445,-2.0086823,-0.38473755,-0.92567408,-0.21625125,0.31042376,0
1.0430567,2.6766639,-4.6891947,0.92567408,0.21625125,-0.31042376,0
3.388907,0.056698561,0.48090601,0.92567408,0.21625125,-0.31042376,0
-4.4522166,2.2286351,-2.0596256,-0.92567408,-0.21625125,0.31042376,0
-1.6778028,-1.0669771,-3.0052869,-0.2456429,-0.28048471,-0.92789423,0
-3.6059494,2.3271742,0.53256202,-0.92567408,-0.21625125,0.31042376,0
2.9019725,3.9920986,1.7704086,0.92567408,0.21625125,-0.31042376,0
2.1413629,4.4076347,-0.20822978,0.92567408,0.21625125,-0.31042376,0
-2.904588,0.38691497,1.2723536,-0.92567408,-0.21625125,0.31042376,0
-3.2963045,3.3248887,2.1509554,-0.92567408,-0.21625125,0.31042376,0
1.1599517,4.9590044,1.4711522,-0.28772733,0.93518114,-0.20651686,0
-1.9482374,-3.3153777,-2.254046,-0.2456429,-0.28048471,-0.92789423,0
-2.6991887,4.1199007,3.0480993,-0.28772733,0.93518114,-0.20651686,0
4.0568285,-2.5125616,2.3389797,0.28772733,-0.93518114,0.20651686,0
-2.1010494,3.8034325,0.78167033,-0.28772733,0.93518114,-0.20651686,0
0.20354414,4.1009183,-1.0820606,-0.28772733,0.93518114,-0.20651686,0
-2.7696157,-3.3421726,-2.0285015,-0.2456429,-0.28048471,-0.92789423,0
0.38563967,4.763751,2.2298989,0.2456429,0.28048471,0.92789423,0
1.2571967,0.055528373,-4.1215858,-0.2456429,-0.28048471,-0.92789423,0
1.4544215,-4.048173,-0.98903251,0.28772733,-0.93518114,0.20651686,0
-3.0378573,-3.0561526,-2.0439477,-0.2456429,-0.28048471,-0.92789423,0
2.9358072,-3.1308167,-3.0907488,0.92567408,0.21625125,-0.31042376,0
-2.5744104,-4.6370244,-1.2429047,-0.92567408,-0.21625125,0.31042376,0
0.28951645,4.3316212,2.3859706,0.2456429,0.28048471,0.92789423,0
-1.3515918,4.0999317,1.0801482,-0.28772733,0.93518114,-0.20651686,0
-0.65613079,-3.7836144,-2.4545684,-0.2456429,-0.28048471,-0.92789423,0
3.1827526,-3.5016232,-0.92204237,0.28772733,-0.93518114,0.20651686,0
-3.040025,-1.7184064,-2.4477491,-0.2456429,-0.28048471,-0.92789423,0
2.4665849,0.92561126,-1.6641175,0.92567408,0.21625125,-0.31042376,0
2.0721145,3.0807621,-1.3390685,0.92567408,0.21625125,-0.31042376,0
-2.6318567,3.52899,0.27844,-0.28772733,0.93518114,-0.20651686,0
-2.0358424,3.2012095,3.3432686,0.2456429,0.28048471,0.92789423,0
-3.6601036,2.9954114,-0.70520115,-0.28772733,0.93518114,-0.20651686,0
-2.4429593,-2.6114564,-2.3358593,-0.2456429,-0.28048471,-0.92789423,0
0.86175716,4.0358748,-2.2936487,-0.28772733,0.93518114,-0.20651686,0
-3.0051343,1.2494562,1.5734013,-0.92567408,-0.21625125,0.31042376,0
3.0351181,-3.7952285,-2.0458987,0.28772733,-0.93518114,0.20651686,0
-2.9285336,4.0666075,3.1263022,-0.28772733,0.93518114,-0.20651686,0
0.0031049252,4.4028931,0.56464815,-0.28772733,0.93518114,-0.20651686,0
2.2097681,4.414155,1.852671,0.2456429,0.28048471,0.92789423,0
-2.1845379,-0.22843075,2.9908514,-0.92567408,-0.21625125,0.31042376,0
2.5721507,-2.8930047,2.6847122,0.28772733,-0.93518114,0.20651686,0
-3.9661813,0.25284815,-2.7984383,-0.2456429,-0.28048471,-0.92789423,0
0.055245876,-4.5145354,-1.1515007,0.28772733,-0.93518114,0.20651686,0
0.78676462,4.8341513,2.102428,0.2456429,0.28048471,0.92789423,0
-2.6361737,2.7293267,-3.336704,-0.28772733,0.93518114,-0.20651686,0
2.869283,3.9785399,1.6634842,0.92567408,0.21625125,-0.31042376,0
-4.1687942,0.59915686,-2.8494833,-0.2456429,-0.28048471,-0.92789423,0
2.5692954,0.86559308,-1.3996482,0.92567408,0.21625125,-0.31042376,0
0.31233799,-3.9882653,0.8734467,0.28772733,-0.93518114,0.20651686,0
1.1023188,-4.0414066,-0.46783042,0.28772733,-0.93518114,0.20651686,0
-2.888499,-3.2069719,-2.0378978,-0.2456429,-0.28048471,-0.92789423,0
3.3041179,-1.3818734,-0.77408767,0.92567408,0.21625125,-0.31042376,0
2.315861,-2.8745372,3.1254132,0.28772733,-0.93518114,0.20651686,0
-3.0356259,1.2919986,1.5121133,-0.92567408,-0.21625125,0.31042376,0
-0.46766508,-4.097127,1.4672141,0.28772733,-0.93518114,0.20651686,0
0.74990344,1.6103618,-4.4572859,-0.2456429,-0.28048471,-0.92789423,0
-2.7697692,0.58072329,-3.2142768,-0.2456429,-0.28048471,-0.92789423,0
0.67901468,-3.1098459,-3.0116911,-0.2456429,-0.28048471,-0.92789423,0
1.4266484,2.3709412,2.6776118,0.2456429,0.28048471,0.92789423,0
-4.3726721,2.2955918,-1.7757821,-0.92567408,-0.21625125,0.31042376,0
-2.109632,2.1524487,-3.8641391,-0.2456429,-0.28048471,-0.92789423,0
2.5927033,-0.72221768,-2.4359677,0.92567408,0.21625125,-0.31042376,0
0.45150495,4.3879838,-0.12759542,-0.28772733,0.93518114,-0.20651686,0
-0.78085917,-3.8718987,2.9234798,0.28772733,-0.93518114,0.20651686,0
-1.8968534,-1.8239583,-2.7184763,-0.2456429,-0.28048471,-0.92789423,0
2.4989815,0.54195642,-1.8347783,0.92567408,0.21625125,-0.31042376,0
3.0523543,-2.7755334,2.5476234,0.28772733,-0.93518114,0.20651686,0
2.8528779,2.3489857,2.3066804,0.2456429,0.28048471,0.92789423,0
-0.6344825,-3.532536,4.2562971,0.28772733,-0.93518114,0.20651686,0
0.53787875,3.8962846,-2.4745231,-0.28772733,0.93518114,-0.20651686,0
1.8861049,1.6183982,-2.9124732,0.92567408,0.21625125,-0.31042376,0
1.644456,3.7601318,-2.1410623,0.92567408,0.21625125,-0.31042376,0
-3.0232201,-0.60155106,-2.7898016,-0.2456429,-0.28048471,-0.92789423,0
0.16831136,4.3159342,-0.059304237,-0.28772733,0.93518114,-0.20651686,0
3.4929621,-2.146924,3.4962578,0.2456429,0.28048471,0.92789423,0
-0.98073149,-1.8171253,-2.963068,-0.2456429,-0.28048471,-0.92789423,0
2.9504442,-3.0330377,1.5235403,0.28772733,-0.93518114,0.20651686,0
3.2685118,-0.5340898,-0.28967071,0.92567408,0.21625125,-0.31042376,0
-0.87558794,-3.1676035,-2.5826793,-0.2456429,-0.28048471,-0.92789423,0
1.6144857,1.7583251,2.8130674,0.2456429,0.28048471,0.92789423,0
1.0589035,2.0312865,-4.6663256,-0.2456429,-0.28048471,-0.92789423,0
0.50632381,4.3436337,-0.40480447,-0.28772733,0.93518114,-0.20651686,0
1.0328534,-2.2805474,4.1879177,0.2456429,0.28048471,0.92789423,0
-1.9942989,2.3929908,3.5765793,0.2456429,0.28048471,0.92789423,0
-2.2208581,-5.1769886,-0.98016429,0.28772733,-0.93518114,0.20651686,0
-0.2817173,1.0518937,3.5285933,0.2456429,0.28048471,0.92789423,0
3.9448996,-0.78812647,1.5503268,0.92567408,0.21625125,-0.31042376,0
0.17363763,1.5120406,-4.2750096,-0.2456429,-0.28048471,-0.92789423,0
2.7911286,0.60288453,2.8508406,0.2456429,0.28048471,0.92789423,0
-3.9276216,0.35847259,-1.798115,-0.92567408,-0.21625125,0.31042376,0
-3.0128524,2.8837442,-2.1126451,-0.28772733,0.93518114,-0.20651686,0
2.2018712,-1.1227136,-3.880415,0.92567408,0.21625125,-0.31042376,0
4.1810727,-2.6553502,1.5192814,0.28772733,-0.93518114,0.20651686,0
0.49246716,2.8283927,-4.7573214,-0.2456429,-0.28048471,-0.92789423,0
4.2023811,-2.6755397,1.3981695,0.28772733,-0.93518114,0.20651686,0
2.1394827,2.0290792,-1.870815,0.92567408,0.21625125,-0.31042376,0
-1.2832665,3.6950216,-0.84862113,-0.28772733,0.93518114,-0.20651686,0
-3.0600014,0.25598335,-3.0392809,-0.2456429,-0.28048471,-0.92789423,0
-1.524071,2.1797683,-4.0274138,-0.2456429,-0.28048471,-0.92789423,0
3.4969347,-3.0606656,-1.3686154,0.92567408,0.21625125,-0.31042376,0
-1.8230321,-2.9584968,-2.3950698,-0.2456429,-0.28048471,-0.92789423,0
-3.1251092,-3.0736098,-1.7959477,-0.92567408,-0.21625125,0.31042376,0
1.463869,4.4119244,-1.4296507,-0.28772733,0.93518114,-0.20651686,0
2.0414166,-3.3742735,-3.2924297,-0.2456429,-0.28048471,-0.92789423,0
0.10894489,3.5546763,2.6686292,0.2456429,0.28048471,0.92789423,0
3.9147022,-0.56832409,1.6134007,0.92567408,0.21625125,-0.31042376,0
2.5746543,2.8607402,0.0062155053,0.92567408,0.21625125,-0.31042376,0
-2.3543472,0.3118335,2.8608503,-0.92567408,-0.21625125,0.31042376,0
-3.5704997,3.4772944,1.3520994,-0.28772733,0.93518114,-0.20651686,0
0.69631147,4.9123945,1.9060476,-0.28772733,0.93518114,-0.20651686,0
4.3266635,-2.2426887,3.1851165,0.28772733,-0.93518114,0.20651686,0
4.1041341,-1.8068147,1.3155084,0.92567408,0.21625125,-0.31042376,0
-3.4036038,-0.40628052,-2.7481289,-0.2456429,-0.28048471,-0.92789423,0
-4.1515326,0.63463068,-2.2734303,-0.92567408,-0.21625125,0.31042376,0
-0.42764646,3.4332716,-3.2259998,-0.28772733,0.93518114,-0.20651686,0
0.76058173,3.9247773,-2.655776,-0.28772733,0.93518114,-0.20651686,0
-4.044322,1.0341763,-1.675395,-0.92567408,-0.21625125,0.31042376,0
-1.3765256,-0.15053999,-3.3620658,-0.2456429,-0.28048471,-0.92789423,0
0.1147449,4.2374005,-0.34030199,-0.28772733,0.93518114,-0.20651686,0
2.5586894,-3.2132709,1.2531872,0.28772733,-0.93518114,0.20651686,0
0.40385056,-0.96864557,3.9578719,0.2456429,0.28048471,0.92789423,0
-2.5071287,-5.232945,-1.4574101,-0.92567408,-0.21625125,0.31042376,0
-2.5915992,1.930789,-3.6695433,-0.2456429,-0.28048471,-0.92789423,0
-4.2055469,2.7347674,-1.1255541,-0.28772733,0.93518114,-0.20651686,0
2.8137977,-2.473978,-2.9970021,0.92567408,0.21625125,-0.31042376,0
1.4494696,-3.3045976,2.3850377,0.28772733,-0.93518114,0.20651686,0
-3.0260091,1.0515716,1.373301,-0.92567408,-0.21625125,0.31042376,0
-2.6207848,-3.0972862,-0.30856049,-0.92567408,-0.21625125,0.31042376,0
0.48090267,3.8511958,2.4805284,0.2456429,0.28048471,0.92789423,0
-2.6249146,-0.5153141,1.4778087,-0.92567408,-0.21625125,0.31042376,0
2.3077087,-2.860837,-3.5181282,-0.2456429,-0.28048471,-0.92789423,0
3.1291637,-3.0832133,1.0473261,0.28772733,-0.93518114,0.20651686,0
-0.99973464,-4.5674314,0.078808308,0.28772733,-0.93518114,0.20651686,0
-1.7571974,-3.1669137,2.2181256,-0.92567408,-0.21625125,0.31042376,0
0.64906979,4.4747715,-0.0098452568,-0.28772733,0.93518114,-0.20651686,0
0.95204175,3.3435729,-4.4960084,0.92567408,0.21625125,-0.31042376,0
-1.323065,-0.36287701,-3.3120332,-0.2456429,-0.28048471,-0.92789423,0
-0.13518435,-3.5260043,3.5902328,0.28772733,-0.93518114,0.20651686,0
0.14548326,-1.1977648,4.0955286,0.2456429,0.28048471,0.92789423,0
0.075251222,-3.2934389,4.3501844,0.28772733,-0.93518114,0.20651686,0
1.7731433,3.5182743,-1.925806,0.92567408,0.21625125,-0.31042376,0
0.54308915,-4.3221931,-0.96019101,0.28772733,-0.93518114,0.20651686,0
-3.749146,2.3612285,-3.4529459,-0.28772733,0.93518114,-0.20651686,0
-0.099025488,0.11724305,3.7627559,0.2456429,0.28048471,0.92789423,0
0.5785718,-3.6857116,-2.8110271,-0.2456429,-0.28048471,-0.92789423,0
1.0841289,-2.9949641,-3.1536639,-0.2456429,-0.28048471,-0.92789423,0
2.5310779,2.7756531,-0.18300259,0.92567408,0.21625125,-0.31042376,0
3.085268,1.6885767,0.7122826,0.92567408,0.21625125,-0.31042376,0
-0.72282219,3.2239714,-3.7625346,-0.28772733,0.93518114,-0.20651686,0
-2.5259171,-2.9099469,0.10483895,-0.92567408,-0.21625125,0.31042376,0
1.4204402,1.1219033,-4.4871464,-0.2456429,-0.28048471,-0.92789423,0
-3.9314213,1.6245558,-3.2222819,-0.2456429,-0.28048471,-0.92789423,0
-2.9922655,3.349792,3.0749371,-0.92567408,-0.21625125,0.31042376,0
-2.8999715,-0.45150614,-2.8677857,-0.2456429,-0.28048471,-0.92789423,0
0.12592101,-3.009321,4.6483064,0.2456429,0.28048471,0.92789423,0
2.515518,-1.6594787,-3.3190579,0.92567408,0.21625125,-0.31042376,0
-1.8305893,-4.7389846,0.45953488,0.28772733,-0.93518114,0.20651686,0
2.387491,3.3220959,2.1357307,0.2456429,0.28048471,0.92789423,0
-2.6409585,3.8170104,1.5953782,-0.28772733,0.93518114,-0.20651686,0
-1.7043886,-2.8504629,2.5960498,-0.92567408,-0.21625125,0.31042376,0
3.3672361,-2.0202174,-1.0305626,0.92567408,0.21625125,-0.31042376,0
4.5138111,-1.7683978,3.1115856,0.2456429,0.28048471,0.92789423,0
-2.1093414,-5.0046411,-0.35508311,0.28772733,-0.93518114,0.20651686,0
1.4664607,2.2129211,-3.7496758,0.92567408,0.21625125,-0.31042376,0
2.5205984,1.6931194,-0.9683798,0.92567408,0.21625125,-0.31042376,0
-0.83995533,-4.9340725,-1.804083,0.28772733,-0.93518114,0.20651686,0
-1.275676,-3.7783432,3.2280664,-0.92567408,-0.21625125,0.31042376,0
2.5611355,-3.9298182,-1.9949968,0.28772733,-0.93518114,0.20651686,0
-1.7178519,-4.9228001,-0.52991712,0.28772733,-0.93518114,0.20651686,0
-0.92872763,-0.31509089,-3.4308715,-0.2456429,-0.28048471,-0.92789423,0
-2.3550453,-5.2937231,-1.3218248,0.28772733,-0.93518114,0.20651686,0
3.4694099,-3.5445199,-1.5156755,0.28772733,-0.93518114,0.20651686,0
1.8893563,-1.2440282,3.6478548,0.2456429,0.28048471,0.92789423,0
3.1988571,-0.53219557,-0.49606013,0.92567408,0.21625125,-0.31042376,0
-4.0713711,1.5479312,-1.3981555,-0.92567408,-0.21625125,0.31042376,0
-2.8896317,3.2377548,3.3029387,-0.92567408,-0.21625125,0.31042376,0
3.3396008,2.5941713,2.1015625,0.92567408,0.21625125,-0.31042376,0
2.8964338,3.8379941,1.8450514,0.2456429,0.28048471,0.92789423,0
2.1584244,4.6846066,0.035595655,0.92567408,0.21625125,-0.31042376,0
-0.061016083,-1.2264798,-3.385087,-0.2456429,-0.28048471,-0.92789423,0
-3.3243656,-1.5140216,-1.3036656,-0.92567408,-0.21625125,0.31042376,0
1.485983,1.7529998,-4.0118566,0.92567408,0.21625125,-0.31042376,0
-2.7987294,-3.7355781,-1.2838418,-0.92567408,-0.21625125,0.31042376,0
2.7880125,3.214782,2.0621388,0.2456429,0.28048471,0.92789423,0
-2.0907111,3.9500709,3.1314275,0.2456429,0.28048471,0.92789423,0
1.2431355,4.4575167,2.0954616,0.2456429,0.28048471,0.92789423,0
-3.9481261,2.2801881,-0.52052975,-0.92567408,-0.21625125,0.31042376,0
-0.31595707,4.1733637,2.5940971,0.2456429,0.28048471,0.92789423,0
-2.6802878,1.4879456,2.7082224,-0.92567408,-0.21625125,0.31042376,0
2.7109823,-3.5243394,-3.4243231,-0.2456429,-0.28048471,-0.92789423,0
-2.0338423,-3.4309893,-2.1964362,-0.2456429,-0.28048471,-0.92789423,0
3.3677413,-0.502918,0.02794385,0.92567408,0.21625125,-0.31042376,0
-0.78537536,3.6601763,-1.7000947,-0.28772733,0.93518114,-0.20651686,0
-1.1491675,3.5509276,-1.6879609,-0.28772733,0.93518114,-0.20651686,0
-1.5098934,-2.7039258,-2.5549197,-0.2456429,-0.28048471,-0.92789423,0
-0.82861996,4.412107,1.7651646,-0.28772733,0.93518114,-0.20651686,0
2.5500736,4.8779602,1.3381774,0.92567408,0.21625125,-0.31042376,0
-0.04061389,0.58293247,3.6065235,0.2456429,0.28048471,0.92789423,0
-2.872401,-2.7688973,-0.8301062,-0.92567408,-0.21625125,0.31042376,0
3.4264033,-0.30141592,0.34324479,0.92567408,0.21625125,-0.31042376,0
-1.8567877,-3.0709834,1.9879788,-0.92567408,-0.21625125,0.31042376,0
-4.0822048,0.3360796,-2.7928829,-0.2456429,-0.28048471,-0.92789423,0
2.935277,-2.6892834,-2.7847447,0.92567408,0.21625125,-0.31042376,0
-0.79671121,-0.72516751,-3.3418622,-0.2456429,-0.28048471,-0.92789423,0
1.2156873,-1.1134222,3.7867162,0.2456429,0.28048471,0.92789423,0
-1.7471657,-3.4149866,2.0752244,-0.92567408,-0.21625125,0.31042376,0
-0.029060364,-4.2167172,-2.489655,-0.2456429,-0.28048471,-0.92789423,0
-3.5105543,0.98285723,-0.11946607,-0.92567408,-0.21625125,0.31042376,0
-0.19544601,2.5612545,-4.4944587,-0.2456429,-0.28048471,-0.92789423,0
-2.5899491,0.33438003,2.1739991,-0.92567408,-0.21625125,0.31042376,0
1.0813088,-3.3235135,-3.0536032,-0.2456429,-0.28048471,-0.92789423,0
2.5618331,-4.0232339,-2.4189892,0.28772733,-0.93518114,0.20651686,0
-2.6495099,-3.0232441,-0.3426373,-0.92567408,-0.21625125,0.31042376,0
2.7262404,2.8844738,0.474774,0.92567408,0.21625125,-0.31042376,0
2.8625712,-2.9193892,2.1606081,0.28772733,-0.93518114,0.20651686,0
-4.3277831,1.1422589,-2.4453743,-0.92567408,-0.21625125,0.31042376,0
-2.9703727,-2.4373908,-2.248853,-0.2456429,-0.28048471,-0.92789423,0
-3.0203366,1.9073334,1.9863663,-0.92567408,-0.21625125,0.31042376,0
0.82390714,3.3281546,-4.888844,0.92567408,0.21625125,-0.31042376,0
-0.12399435,2.3261583,3.1016531,0.2456429,0.28048471,0.92789423,0
-2.0460005,2.6809342,-4.0407352,-0.2456429,-0.28048471,-0.92789423,0
3.5149319,-3.0624962,0.60367537,0.28772733,-0.93518114,0.20651686,0
1.7309239,-0.099488735,3.3438241,0.2456429,0.28048471,0.92789423,0
3.10639,-3.4550982,-0.60496664,0.28772733,-0.93518114,0.20651686,0
-2.9704509,3.0110686,2.9040232,-0.92567408,-0.21625125,0.31042376,0
-3.4282975,3.428443,0.9327569,-0.28772733,0.93518114,-0.20651686,0
1.8776015,3.4975367,-1.6287618,0.92567408,0.21625125,-0.31042376,0
-1.9527779,3.4158683,-1.1799362,-0.28772733,0.93518114,-0.20651686,0
-3.8049886,-0.49477625,-2.0268278,-0.92567408,-0.21625125,0.31042376,0
-1.15623,-3.2394328,-2.4866719,-0.2456429,-0.28048471,-0.92789423,0
-3.2443955,0.36230493,-3.0226049,-0.2456429,-0.28048471,-0.92789423,0
1.5565596,-4.1970043,-1.8052979,0.28772733,-0.93518114,0.20651686,0
0.03966856,-3.8631957,1.8196993,0.28772733,-0.93518114,0.20651686,0
1.2467265,-3.555835,-3.0271683,-0.2456429,-0.28048471,-0.92789423,0
1.8601511,4.7525349,-0.43936265,-0.28772733,0.93518114,-0.20651686,0
1.09694,2.317842,2.7809472,0.2456429,0.28048471,0.92789423,0
3.8472295,-2.4282882,3.0126245,0.28772733,-0.93518114,0.20651686,0
-1.2983072,0.9729262,3.8215871,0.2456429,0.28048471,0.92789423,0
-1.8081793,3.6952043,-0.11646366,-0.28772733,0.93518114,-0.20651686,0
0.91356754,-2.1212196,-3.372627,-0.2456429,-0.28048471,-0.92789423,0
-1.6857427,-3.0690644,2.4993663,-0.92567408,-0.21625125,0.31042376,0
2.4625561,-1.889061,-3.6369226,0.92567408,0.21625125,-0.31042376,0
-3.6212571,2.15113,0.3642776,-0.92567408,-0.21625125,0.31042376,0
-2.2740598,-3.5977223,0.3767432,-0.92567408,-0.21625125,0.31042376,0
-0.32189369,1.9423645,-4.2739053,-0.2456429,-0.28048471,-0.92789423,0
2.0993419,-2.3748457,-3.6098728,-0.2456429,-0.28048471,-0.92789423,0
-0.31295156,-1.8815162,4.4235754,0.2456429,0.28048471,0.92789423,0
1.9276189,-2.4570827,4.0044088,0.2456429,0.28048471,0.92789423,0
-1.2953935,4.1268167,1.123596,-0.28772733,0.93518114,-0.20651686,0
-2.9139011,3.5953979,0.97211289,-0.28772733,0.93518114,-0.20651686,0
-2.306613,0.084905267,2.8451068,-0.92567408,-0.21625125,0.31042376,0
-1.8900728,-0.83695579,-3.0186234,-0.2456429,-0.28048471,-0.92789423,0
-0.057068825,-2.7972598,4.632647,0.2456429,0.28048471,0.92789423,0
-0.3129859,-0.24294508,3.9282761,0.2456429,0.28048471,0.92789423,0
-1.4316342,4.1263103,1.3111188,-0.28772733,0.93518114,-0.20651686,0
-2.6931255,1.6199245,2.7618828,-0.92567408,-0.21625125,0.31042376,0
0.47848058,1.3728817,3.2303162,0.2456429,0.28048471,0.92789423,0
1.1324316,4.1195159,-2.2920067,-0.28772733,0.93518114,-0.20651686,0
-3.3894496,1.0501862,-3.1921377,-0.2456429,-0.28048471,-0.92789423,0
-1.2378552,0.4735668,3.9565303,0.2456429,0.28048471,0.92789423,0
-2.7515218,-2.6684914,-0.39970258,-0.92567408,-0.21625125,0.31042376,0
-3.2905576,2.1627336,-3.5546196,-0.2456429,-0.28048471,-0.92789423,0
-1.7593542,1.3119825,-3.7028117,-0.2456429,-0.28048471,-0.92789423,0
0.68601131,-0.039089642,-3.9417739,-0.2456429,-0.28048471,-0.92789423,0
3.9435863,0.59074211,2.5494189,0.2456429,0.28048471,0.92789423,0
-1.8036014,-2.5912511,2.4807756,-0.92567408,-0.21625125,0.31042376,0
-1.7567489,0.74734104,-3.5328207,-0.2456429,-0.28048471,-0.92789423,0
1.0707281,4.4752879,-0.5949769,-0.28772733,0.93518114,-0.20651686,0
-1.6204114,4.1123438,2.9578724,0.2456429,0.28048471,0.92789423,0
1.9585741,3.1642084,-1.6195114,0.92567408,0.21625125,-0.31042376,0
0.42806685,3.4492106,-4.3460374,-0.28772733,0.93518114,-0.20651686,0
1.8046036,3.8535621,2.1293874,0.2456429,0.28048471,0.92789423,0
-1.8487816,-0.97216487,3.4739568,-0.92567408,-0.21625125,0.31042376,0
-1.4076247,-0.67019236,-3.1967518,-0.2456429,-0.28048471,-0.92789423,0
-2.6044838,0.12452888,1.9844687,-0.92567408,-0.21625125,0.31042376,0
-2.2716906,-2.9153895,0.85914189,-0.92567408,-0.21625125,0.31042376,0
-3.5758975,0.62945056,-3.015599,-0.2456429,-0.28048471,-0.92789423,0
-1.9203978,-0.49896467,3.5900459,-0.92567408,-0.21625125,0.31042376,0
-2.6741376,-4.0288267,-1.8462151,-0.2456429,-0.28048471,-0.92789423,0
-2.5065432,1.2141382,3.0355821,-0.92567408,-0.21625125,0.31042376,0
-3.7182548,0.61036491,-0.9983139,-0.92567408,-0.21625125,0.31042376,0
2.5884564,4.7171326,1.3405951,0.92567408,0.21625125,-0.31042376,0
2.3317549,2.9749284,-0.63855678,0.92567408,0.21625125,-0.31042376,0
2.3983819,-1.2362328,-3.3735075,0.92567408,0.21625125,-0.31042376,0
2.2645831,-3.9970822,-3.1632459,-0.2456429,-0.28048471,-0.92789423,0
1.488816,-3.6055419,0.96743774,0.28772733,-0.93518114,0.20651686,0
-0.79033744,3.2610602,-3.5005183,-0.28772733,0.93518114,-0.20651686,0
-0.10506678,-3.1165986,-2.802078,-0.2456429,-0.28048471,-0.92789423,0
4.3371043,-0.8652401,2.6661491,0.92567408,0.21625125,-0.31042376,0
2.3641806,-2.3787842,3.8651686,0.2456429,0.28048471,0.92789423,0
-1.5753405,-2.7626376,-2.519846,-0.2456429,-0.28048471,-0.92789423,0
1.796464,-4.2328467,-2.3018486,0.28772733,-0.93518114,0.20651686,0
-0.57891273,2.0726271,-4.2452402,-0.2456429,-0.28048471,-0.92789423,0
-0.77745962,-3.6214962,4.0526543,0.28772733,-0.93518114,0.20651686,0
-0.91764832,-2.7120044,4.8346982,0.2456429,0.28048471,0.92789423,0
-2.775578,0.63870716,1.8324646,-0.92567408,-0.21625125,0.31042376,0
-3.2666619,1.4823945,0.95580626,-0.92567408,-0.21625125,0.31042376,0
-2.6274688,-3.0087738,-0.2668311,-0.92567408,-0.21625125,0.31042376,0
0.14348307,3.8093874,-2.3185353,-0.28772733,0.93518114,-0.20651686,0
0.57382035,-3.6855073,1.8801334,0.28772733,-0.93518114,0.20651686,0
-2.3601568,-1.6506075,1.4764273,-0.92567408,-0.21625125,0.31042376,0
0.96105719,-4.2494221,-1.2129862,0.28772733,-0.93518114,0.20651686,0
-1.2539287,2.3892989,3.381696,0.2456429,0.28048471,0.92789423,0
-0.030177593,-4.5752344,-1.3073516,0.28772733,-0.93518114,0.20651686,0
-2.3706467,0.73899651,3.1098218,-0.92567408,-0.21625125,0.31042376,0
0.35395479,4.260849,-0.56739521,-0.28772733,0.93518114,-0.20651686,0
-3.3364842,1.1175592,-3.2265253,-0.2456429,-0.28048471,-0.92789423,0
1.0354643,-3.8605015,-2.8791451,-0.2456429,-0.28048471,-0.92789423,0
1.7026398,-0.89521468,-3.9521174,-0.2456429,-0.28048471,-0.92789423,0
-0.7541368,-2.9412451,4.8607068,0.2456429,0.28048471,0.92789423,0
-2.2960896,0.95757395,3.484416,-0.92567408,-0.21625125,0.31042376,0
-1.1327612,-4.7985158,-0.78228462,0.28772733,-0.93518114,0.20651686,0
0.93767774,-3.5325561,2.06581,0.28772733,-0.93518114,0.20651686,0
1.4503136,1.477837,-4.3099089,0.92567408,0.21625125,-0.31042376,0
-3.2044706,-0.22190237,-0.046010017,-0.92567408,-0.21625125,0.31042376,0
3.3373244,-2.7653656,2.1966357,0.28772733,-0.93518114,0.20651686,0
4.4958668,-2.4133317,2.1766443,0.28772733,-0.93518114,0.20651686,0
3.4421337,-0.24568295,0.42897797,0.92567408,0.21625125,-0.31042376,0
-1.942116,-2.0242939,-2.645936,-0.2456429,-0.28048471,-0.92789423,0
2.2457762,-1.2179859,-3.8158603,0.92567408,0.21625125,-0.31042376,0
4.0299249,0.0071759224,2.3579028,0.92567408,0.21625125,-0.31042376,0
0.68822837,-0.946365,-3.6681089,-0.2456429,-0.28048471,-0.92789423,0
1.7327552,5.139286,1.4894773,-0.28772733,0.93518114,-0.20651686,0
3.4270144,-2.0129273,-0.8472271,0.92567408,0.21625125,-0.31042376,0
-1.3632882,3.6791492,-0.80900836,-0.28772733,0.93518114,-0.20651686,0
-2.9973958,-2.5851533,-1.0748339,-0.92567408,-0.21625125,0.31042376,0
3.9909153,-0.82931542,2.9661458,0.2456429,0.28048471,0.92789423,0
-3.4469166,1.226701,-3.2302816,-0.2456429,-0.28048471,-0.92789423,0
-2.7025154,0.31032944,1.8215761,-0.92567408,-0.21625125,0.31042376,0
-1.8043137,1.2465761,3.872824,0.2456429,0.28048471,0.92789423,0
0.28840852,-0.19302267,-3.7899847,-0.2456429,-0.28048471,-0.92789423,0
1.569651,2.333909,-3.357681,0.92567408,0.21625125,-0.31042376,0
-2.2429719,2.399775,3.6403601,0.2456429,0.28048471,0.92789423,0
1.0552711,-2.9839993,-3.149339,-0.2456429,-0.28048471,-0.92789423,0
1.2762401,2.5774908,2.6549938,0.2456429,0.28048471,0.92789423,0
1.1234648,2.1729996,-4.726254,-0.2456429,-0.28048471,-0.92789423,0
-3.7792656,1.5700338,-3.2460814,-0.2456429,-0.28048471,-0.92789423,0
-2.5921657,0.40749955,-3.2089326,-0.2456429,-0.28048471,-0.92789423,0
-1.7913482,-0.70851427,3.8288898,-0.92567408,-0.21625125,0.31042376,0
-0.52025652,-2.3733392,-2.9168377,-0.2456429,-0.28048471,-0.92789423,0
-2.9871252,-0.050065994,0.72181559,-0.92567408,-0.21625125,0.31042376,0
2.5609806,3.298178,0.27017388,0.92567408,0.21625125,-0.31042376,0
-2.476397,3.4094186,-0.47961569,-0.28772733,0.93518114,-0.20651686,0
2.8680029,-2.4291122,3.7470047,0.2456429,0.28048471,0.92789423,0
1.9784894,0.15029383,3.2027814,0.2456429,0.28048471,0.92789423,0
3.7817473,0.45707941,1.9312631,0.92567408,0.21625125,-0.31042376,0
3.1749005,-2.8113227,2.2148221,0.28772733,-0.93518114,0.20651686,0
-3.0040288,3.8710046,2.3457263,-0.28772733,0.93518114,-0.20651686,0
-3.2453654,1.3606801,-3.3241379,-0.2456429,-0.28048471,-0.92789423,0
-2.8621457,-1.9946156,-0.26013505,-0.92567408,-0.21625125,0.31042376,0
0.56706953,3.8430557,2.4601777,0.2456429,0.28048471,0.92789423,0
-3.778769,-0.54727983,-1.9852173,-0.92567408,-0.21625125,0.31042376,0
3.7904744,-2.143784,0.14544153,0.92567408,0.21625125,-0.31042376,0
-0.78564548,0.18232405,3.9248533,0.2456429,0.28048471,0.92789423,0
-3.8817768,1.1560645,-1.1057796,-0.92567408,-0.21625125,0.31042376,0
-3.4396024,0.72099733,-0.09030962,-0.92567408,-0.21625125,0.31042376,0
-3.0161314,-0.89471459,0.046910286,-0.92567408,-0.21625125,0.31042376,0
2.6401563,0.30147552,2.9819179,0.2456429,0.28048471,0.92789423,0
-1.8783164,-4.0826788,-2.0406153,-0.2456429,-0.28048471,-0.92789423,0
-2.0796118,-0.57896852,3.0595415,-0.92567408,-0.21625125,0.31042376,0
-4.2162337,1.0382478,-2.1851933,-0.92567408,-0.21625125,0.31042376,0
-2.6096959,4.1519375,3.0684898,-0.28772733,0.93518114,-0.20651686,0
0.10171127,0.62920588,3.554858,0.2456429,0.28048471,0.92789423,0
3.8627849,0.045939445,2.7354932,0.2456429,0.28048471,0.92789423,0
0.74984801,-3.8992832,0.66683173,0.28772733,-0.93518114,0.20651686,0
-4.2783375,2.2426703,-1.5313473,-0.92567408,-0.21625125,0.31042376,0
1.9260561,-0.21189523,3.3261452,0.2456429,0.28048471,0.92789423,0
-2.4687324,0.27127326,2.4915018,-0.92567408,-0.21625125,0.31042376,0
1.0391068,-4.4356651,-2.1651015,0.28772733,-0.93518114,0.20651686,0
2.9427857,-0.96208239,3.2837515,0.2456429,0.28048471,0.92789423,0
0.48078513,4.5995903,0.78983736,-0.28772733,0.93518114,-0.20651686,0
-0.41283661,3.4860673,-3.0075555,-0.28772733,0.93518114,-0.20651686,0
-0.56948304,2.5182776,-4.3824482,-0.2456429,-0.28048471,-0.92789423,0
-3.9948218,2.7316964,-0.34523964,-0.92567408,-0.21625125,0.31042376,0
-1.5811796,2.898257,-4.0415869,-0.28772733,0.93518114,-0.20651686,0
-0.85344768,0.35995138,-3.6548529,-0.2456429,-0.28048471,-0.92789423,0
3.890275,-2.6325755,0.10253525,0.92567408,0.21625125,-0.31042376,0
1.4961784,2.2615788,-3.6271622,0.92567408,0.21625125,-0.31042376,0
-4.2556415,1.4634411,-2.0065036,-0.92567408,-0.21625125,0.31042376,0
1.2923875,-3.4742079,-3.0639305,-0.2456429,-0.28048471,-0.92789423,0
-3.2229755,3.2130651,2.291719,-0.92567408,-0.21625125,0.31042376,0
1.586298,-3.14574,-3.2410274,-0.2456429,-0.28048471,-0.92789423,0
1.5339797,-3.6602383,0.65682817,0.28772733,-0.93518114,0.20651686,0
1.3494749,3.92488,2.2283163,0.2456429,0.28048471,0.92789423,0
1.6203165,3.1460075,-2.6408641,0.92567408,0.21625125,-0.31042376,0
0.70956087,4.8928452,1.7990639,-0.28772733,0.93518114,-0.20651686,0
-1.9006232,1.5969679,-3.7515588,-0.2456429,-0.28048471,-0.92789423,0
1.4506028,4.260726,-2.0958447,-0.28772733,0.93518114,-0.20651686,0
-2.3054681,-4.0657654,-1.9326476,-0.2456429,-0.28048471,-0.92789423,0
-2.0652366,-1.8660411,-2.6611791,-0.2456429,-0.28048471,-0.92789423,0
3.0717854,-2.8373945,2.2404251,0.28772733,-0.93518114,0.20651686,0
3.0136852,1.0456786,2.6580749,0.2456429,0.28048471,0.92789423,0
-3.1427,3.6832173,1.6885607,-0.28772733,0.93518114,-0.20651686,0
0.16952939,3.7608614,-2.5745671,-0.28772733,0.93518114,-0.20651686,0
-0.77443266,4.3620338,1.4629188,-0.28772733,0.93518114,-0.20651686,0
-0.78969765,0.57535112,3.8071213,0.2456429,0.28048471,0.92789423,0
3.5769973,-3.2961886,-0.54103994,0.28772733,-0.93518114,0.20651686,0
1.428839,-0.58526564,-3.973325,-0.2456429,-0.28048471,-0.92789423,0
1.9145381,-3.4488935,1.083663,0.28772733,-0.93518114,0.20651686,0
4.3540506,-1.2588589,2.4424765,0.92567408,0.21625125,-0.31042376,0
-1.3147309,2.3143802,-4.1235232,-0.2456429,-0.28048471,-0.92789423,0
-1.6134486,-4.692925,-1.9262691,-0.2456429,-0.28048471,-0.92789423,0
0.73561049,3.5211871,2.5128541,0.2456429,0.28048471,0.92789423,0
2.3090124,-1.6014287,3.644794,0.2456429,0.28048471,0.92789423,0
-4.3168907,2.4172218,-1.524713,-0.92567408,-0.21625125,0.31042376,0
-1.8644481,4.3144546,2.7661147,-0.28772733,0.93518114,-0.20651686,0
2.6357956,-2.5759139,-3.5988107,0.92567408,0.21625125,-0.31042376,0
3.9472878,-0.11711311,2.024899,0.92567408,0.21625125,-0.31042376,0
-3.4012535,1.3492203,-3.2794051,-0.2456429,-0.28048471,-0.92789423,0
-2.1330564,4.0862708,2.1070549,-0.28772733,0.93518114,-0.20651686,0
0.282767,3.8488359,-2.3339543,-0.28772733,0.93518114,-0.20651686,0
0.82855082,3.5560012,-4.4204221,-0.28772733,0.93518114,-0.20651686,0
1.2692251,-4.0852642,-0.8989737,0.28772733,-0.93518114,0.20651686,0
-0.6985054,-4.3645196,0.57798076,0.28772733,-0.93518114,0.20651686,0
-0.89573526,-4.6931119,-2.1162138,-0.2456429,-0.28048471,-0.92789423,0
3.9564006,-2.9971795,0.28438139,0.28772733,-0.93518114,0.20651686,0
-0.33643436,-3.1102138,4.8012037,0.2456429,0.28048471,0.92789423,0
-0.77207065,2.4615407,-4.3116665,-0.2456429,-0.28048471,-0.92789423,0
0.35281467,1.1721857,-4.2197118,-0.2456429,-0.28048471,-0.92789423,0
-1.8043317,3.5063727,-0.9769218,-0.28772733,0.93518114,-0.20651686,0
-0.79217559,-3.6581297,3.907268,0.28772733,-0.93518114,0.20651686,0
2.0626855,-3.9732025,-3.1170161,-0.2456429,-0.28048471,-0.92789423,0
0.01442647,4.0801487,-0.9126246,-0.28772733,0.93518114,-0.20651686,0
2.7782326,2.4771867,0.34608316,0.92567408,0.21625125,-0.31042376,0
3.4836237,0.62095046,2.6620541,0.2456429,0.28048471,0.92789423,0
1.5871608,3.6880217,-2.3621488,0.92567408,0.21625125,-0.31042376,0
-3.61443,1.9073846,0.21483445,-0.92567408,-0.21625125,0.31042376,0
4.0235724,-1.4183705,1.3458776,0.92567408,0.21625125,-0.31042376,0
0.40036249,-1.9724308,-3.2817416,-0.2456429,-0.28048471,-0.92789423,0
-2.955435,2.053355,2.281625,-0.92567408,-0.21625125,0.31042376,0
-0.41345215,-4.8662496,-2.0911784,0.28772733,-0.93518114,0.20651686,0
1.9998363,2.7405796,-1.7915821,0.92567408,0.21625125,-0.31042376,0
-0.91617084,-0.73461175,4.2365794,0.2456429,0.28048471,0.92789423,0
1.5864556,4.7494497,-0.072006941,-0.28772733,0.93518114,-0.20651686,0
2.3083124,-1.4205685,3.5903087,0.2456429,0.28048471,0.92789423,0
1.452992,-0.051746845,-4.1409917,-0.2456429,-0.28048471,-0.92789423,0
-1.2431074,-3.6826329,3.3918593,-0.92567408,-0.21625125,0.31042376,0
-1.4036846,1.2121862,-3.7668021,-0.2456429,-0.28048471,-0.92789423,0
2.080626,-3.2702267,-3.3342614,-0.2456429,-0.28048471,-0.92789423,0
-3.7138052,2.4262638,0.27996874,-0.92567408,-0.21625125,0.31042376,0
1.7771046,3.7861946,-1.727352,0.92567408,0.21625125,-0.31042376,0
1.5996523,0.078199387,3.3248644,0.2456429,0.28048471,0.92789423,0
1.9756546,-0.7400341,3.472661,0.2456429,0.28048471,0.92789423,0
-3.0087183,2.4394498,-3.712877,-0.2456429,-0.28048471,-0.92789423,0
2.1262991,-3.2824833,1.5421929,0.28772733,-0.93518114,0.20651686,0
0.05999136,4.7879686,2.2291501,-0.28772733,0.93518114,-0.20651686,0
-2.4696159,-3.4121907,-0.077151537,-0.92567408,-0.21625125,0.31042376,0
-2.2825248,3.3057432,-1.2192049,-0.28772733,0.93518114,-0.20651686,0
-2.4804935,0.99959707,-3.4174757,-0.2456429,-0.28048471,-0.92789423,0
-2.6760583,-2.5727038,-0.1079433,-0.92567408,-0.21625125,0.31042376,0
-0.087800145,-3.7256176,2.6202943,0.28772733,-0.93518114,0.20651686,0
-1.4723811,-3.4840679,-2.3290284,-0.2456429,-0.28048471,-0.92789423,0
0.6651246,-3.7539787,1.4428623,0.28772733,-0.93518114,0.20651686,0
2.7110143,-3.011071,1.9565969,0.28772733,-0.93518114,0.20651686,0
-2.757266,4.1210675,3.1342995,-0.28772733,0.93518114,-0.20651686,0
1.6052086,3.6423676,-2.3401353,0.92567408,0.21625125,-0.31042376,0
0.68185711,-3.0686347,-3.0249007,-0.2456429,-0.28048471,-0.92789423,0
-3.2622533,-0.33747435,-0.29882669,-0.92567408,-0.21625125,0.31042376,0
1.8304939,-4.1983671,-2.1931233,0.28772733,-0.93518114,0.20651686,0
-3.7260542,-1.2861388,-2.3427362,-0.92567408,-0.21625125,0.31042376,0
-0.31149697,-1.3840172,4.2728062,0.2456429,0.28048471,0.92789423,0
-3.7689285,2.9838448,0.50402212,-0.92567408,-0.21625125,0.31042376,0
2.9617672,1.2188835,0.016803503,0.92567408,0.21625125,-0.31042376,0
2.3999348,-2.0696461,-3.7817049,-0.2456429,-0.28048471,-0.92789423,0
2.2663729,-3.7119207,-0.59760547,0.28772733,-0.93518114,0.20651686,0
1.2244117,0.67029607,-4.2987394,-0.2456429,-0.28048471,-0.92789423,0
-4.3926148,2.5320797,-1.7827644,-0.28772733,0.93518114,-0.20651686,0
-2.2929053,-1.8492066,1.5386183,-0.92567408,-0.21625125,0.31042376,0
-2.5209746,-1.0450915,1.4186953,-0.92567408,-0.21625125,0.31042376,0
-2.8768916,-1.3790383,0.12472296,-0.92567408,-0.21625125,0.31042376,0
2.4280348,-3.502938,0.12350655,0.28772733,-0.93518114,0.20651686,0
-3.1503224,3.0323534,-1.2481596,-0.28772733,0.93518114,-0.20651686,0
2.7418528,0.27660751,-1.2953943,0.92567408,0.21625125,-0.31042376,0
2.2015898,-0.25254178,-3.2750645,0.92567408,0.21625125,-0.31042376,0
0.48640251,1.9584413,-4.4927464,-0.2456429,-0.28048471,-0.92789423,0
-4.1018548,2.3483739,-3.0197475,-0.28772733,0.93518114,-0.20651686,0
-2.2022598,-4.4793167,-1.8349614,-0.2456429,-0.28048471,-0.92789423,0
-2.3410008,1.3893192,3.6512604,-0.92567408,-0.21625125,0.31042376,0
-0.71643782,-3.273268,-2.5928712,-0.2456429,-0.28048471,-0.92789423,0
2.5920429,1.1491052,-1.1343126,0.92567408,0.21625125,-0.31042376,0
-0.4118247,-3.0715497,4.8094749,0.2456429,0.28048471,0.92789423,0
0.59495497,-0.065705299,3.6343393,0.2456429,0.28048471,0.92789423,0
-3.9343948,1.1909263,-1.2383986,-0.92567408,-0.21625125,0.31042376,0
-3.7502894,3.0208907,-0.4641695,-0.28772733,0.93518114,-0.20651686,0
4.4251547,-1.8405249,2.2492974,0.92567408,0.21625125,-0.31042376,0
3.8031082,-2.0466363,0.2507906,0.92567408,0.21625125,-0.31042376,0
-0.45995355,-3.1456153,4.8446045,0.2456429,0.28048471,0.92789423,0
-4.2031918,2.6832511,-1.3621178,-0.28772733,0.93518114,-0.20651686,0
3.3775792,2.099201,1.8700011,0.92567408,0.21625125,-0.31042376,0
-2.5373118,-4.8002481,-1.2459846,-0.92567408,-0.21625125,0.31042376,0
-0.78749847,4.4890122,2.6235147,0.2456429,0.28048471,0.92789423,0
