-1.0150731,4.1500759,-1.6804893,0.51743549,0.6039691,-0.60620278,0
0.96534002,-1.5884497,4.1902256,-0.51743549,-0.6039691,0.60620278,0
2.2419512,-2.3354487,-3.7675264,-0.15121436,-0.63272697,-0.75946748,0
-2.3819184,6.0943241,0.66380358,0.15121436,0.63272697,0.75946748,0
-1.1667907,-1.9610996,-3.4007044,-0.15121436,-0.63272697,-0.75946748,0
2.8963351,-1.3608091,5.8238878,0.15121436,0.63272697,0.75946748,0
-0.66829944,-3.037149,1.3524417,-0.51743549,-0.6039691,0.60620278,0
3.4591336,-3.7453585,1.1495366,0.84225571,-0.484642,0.23606658,0
2.1140256,-1.5848997,5.1742444,-0.51743549,-0.6039691,0.60620278,0
4.3914685,0.28999442,4.1508818,0.15121436,0.63272697,0.75946748,0
2.104986,-0.017500401,-3.1695254,0.51743549,0.6039691,-0.60620278,0
-3.9486446,2.5267119,-1.9048896,-0.84225571,0.484642,-0.23606658,0
-1.6678026,-4.4930739,-0.95126319,-0.51743549,-0.6039691,0.60620278,0
3.1656668,-0.010041237,-2.2567306,0.51743549,0.6039691,-0.60620278,0
-1.51406,4.9263544,1.4640665,0.15121436,0.63272697,0.75946748,0
-2.0132709,1.1681211,-5.5034871,0.51743549,0.6039691,-0.60620278,0
1.2972043,-0.035217762,-3.8766749,0.51743549,0.6039691,-0.60620278,0
1.6503091,-5.7364216,-0.81631184,-0.15121436,-0.63272697,-0.75946748,0
2.2513783,-0.0026578903,4.8208003,0.15121436,0.63272697,0.75946748,0
-3.6865048,-3.3266468,-1.5122334,-0.51743549,-0.6039691,0.60620278,0
-1.6422019,-4.2941904,-0.73126006,-0.51743549,-0.6039691,0.60620278,0
4.2947969,-4.1051512,-2.7018876,-0.15121436,-0.63272697,-0.75946748,0
-2.8110759,2.8085246,-4.550108,0.51743549,0.6039691,-0.60620278,0
0.91595316,4.5807362,0.39684772,0.51743549,0.6039691,-0.60620278,0
2.9331579,1.6923022,-0.75912166,0.51743549,0.6039691,-0.60620278,0
0.17720413,-4.2450256,-1.7655184,-0.15121436,-0.63272697,-0.75946748,0
-4.8843007,2.7233043,1.8370142,-0.84225571,0.484642,-0.23606658,0
3.6166754,-3.1752806,1.7578099,0.84225571,-0.484642,0.23606658,0
4.7202754,-0.49478555,3.3233294,0.84225571,-0.484642,0.23606658,0
3.7498436,-4.333847,-1.0958405,0.84225571,-0.484642,0.23606658,0
-4.6018758,1.3701215,-1.9487104,-0.84225571,0.484642,-0.23606658,0
3.927007,-1.5582318,-3.1493604,0.51743549,0.6039691,-0.60620278,0
-2.2458386,3.1991014,-3.6785023,0.51743549,0.6039691,-0.60620278,0
4.653151,-3.5304568,-3.2520263,-0.15121436,-0.63272697,-0.75946748,0
-0.55558074,-1.7891951,2.6920106,-0.51743549,-0.6039691,0.60620278,0
4.41436,-3.0991342,-0.93190098,0.84225571,-0.484642,0.23606658,0
-3.6331809,1.4193151,-5.3038979,-0.84225571,0.484642,-0.23606658,0
2.0710118,2.5003211,2.7714322,0.15121436,0.63272697,0.75946748,0
1.488862,2.1772714,-1.508745,0.51743549,0.6039691,-0.60620278,0
2.5471723,1.6313581,-1.1493063,0.51743549,0.6039691,-0.60620278,0
-5.115304,2.8061662,2.8313198,-0.84225571,0.484642,-0.23606658,0
-4.6191435,1.5221148,2.5225914,-0.51743549,-0.6039691,0.60620278,0
-3.9021595,3.3240798,-0.4337554,-0.84225571,0.484642,-0.23606658,0
2.3087387,1.6247766,-1.3593829,0.51743549,0.6039691,-0.60620278,0
-2.9698174,2.9499598,3.4004881,0.15121436,0.63272697,0.75946748,0
-1.785583,-2.9848456,-2.4245963,-0.15121436,-0.63272697,-0.75946748,0
1.0477283,3.3840501,2.2389226,0.15121436,0.63272697,0.75946748,0
3.4550719,-2.5262039,3.6669383,0.84225571,-0.484642,0.23606658,0
-1.358063,1.9433739,3.9181843,0.15121436,0.63272697,0.75946748,0
-5.7359838,0.27710915,-0.14629793,-0.84225571,0.484642,-0.23606658,0
3.569,0.91186315,3.7965488,0.15121436,0.63272697,0.75946748,0
-5.0264854,0.12290847,-2.9942703,-0.84225571,0.484642,-0.23606658,0
-3.3548617,3.820075,-1.3681746,-0.84225571,0.484642,-0.23606658,0
2.8340163,-5.2856789,0.21761656,0.84225571,-0.484642,0.23606658,0
-0.24748993,-3.763227,-2.082355,-0.15121436,-0.63272697,-0.75946748,0
0.44727182,4.3295717,-0.25344276,0.51743549,0.6039691,-0.60620278,0
3.6070955,-3.8547478,0.39705324,0.84225571,-0.484642,0.23606658,0
-2.482646,1.0827384,3.9084799,-0.51743549,-0.6039691,0.60620278,0
-2.4427521,0.48953009,-5.1883192,-0.15121436,-0.63272697,-0.75946748,0
-3.937196,4.0164976,1.1127768,-0.84225571,0.484642,-0.23606658,0
5.2647805,-2.4018612,-2.5345976,0.84225571,-0.484642,0.23606658,0
-3.2448373,-0.65313369,-4.0766444,-0.15121436,-0.63272697,-0.75946748,0
1.0869257,-1.6308191,4.2517939,-0.51743549,-0.6039691,0.60620278,0
3.0240598,-3.390022,3.4313276,0.84225571,-0.484642,0.23606658,0
1.9538138,-1.1944437,-4.4711685,0.51743549,0.6039691,-0.60620278,0
-1.415329,-2.6509135,-2.7765214,-0.15121436,-0.63272697,-0.75946748,0
2.2444644,0.85280102,4.1094775,0.15121436,0.63272697,0.75946748,0
2.4182472,-0.75750065,-3.6394093,0.51743549,0.6039691,-0.60620278,0
3.1495419,1.2202423,3.6231494,0.15121436,0.63272697,0.75946748,0
-5.0264482,0.32882309,-2.5716643,-0.84225571,0.484642,-0.23606658,0
3.6788135,-1.7523348,4.4574013,0.84225571,-0.484642,0.23606658,0
-2.3561559,-0.80562806,-4.1265402,-0.15121436,-0.63272697,-0.75946748,0
-4.4904618,-0.29089874,-4.1304178,-0.15121436,-0.63272697,-0.75946748,0
-0.54928303,-4.7141838,-1.230006,-0.15121436,-0.63272697,-0.75946748,0
2.0609782,-1.9315555,-4.0679851,-0.15121436,-0.63272697,-0.75946748,0
-3.0113604,5.3790808,0.60687923,-0.84225571,0.484642,-0.23606658,0
-6.0228224,-1.2664449,-2.2917941,-0.84225571,0.484642,-0.23606658,0
-4.8984771,2.0008898,2.7611718,-0.51743549,-0.6039691,0.60620278,0
-0.46288419,0.88466358,4.6219816,0.15121436,0.63272697,0.75946748,0
2.266629,-2.321804,-3.7838078,-0.15121436,-0.63272697,-0.75946748,0
2.6611519,3.7172551,1.0261942,0.51743549,0.6039691,-0.60620278,0
3.1724851,-2.6898608,4.3391867,0.84225571,-0.484642,0.23606658,0
-3.7200928,3.8677824,0.032866955,-0.84225571,0.484642,-0.23606658,0
4.7184563,-1.8705674,0.5053575,0.84225571,-0.484642,0.23606658,0
1.1180186,4.0380087,1.6801018,0.15121436,0.63272697,0.75946748,0
4.5860081,-2.1267047,0.45206881,0.84225571,-0.484642,0.23606658,0
-0.2393961,-1.1162865,-4.2891836,-0.15121436,-0.63272697,-0.75946748,0
-0.24417543,3.8972692,-1.2743502,0.51743549,0.6039691,-0.60620278,0
-3.8744683,1.3674173,3.0040946,-0.51743549,-0.6039691,0.60620278,0
-3.3952482,4.285346,-0.26888275,-0.84225571,0.484642,-0.23606658,0
-0.71965694,4.2728057,1.8503795,0.15121436,0.63272697,0.75946748,0
-5.2279639,1.4435463,1.9246411,-0.51743549,-0.6039691,0.60620278,0
2.2592728,-3.2073183,-3.0446041,-0.15121436,-0.63272697,-0.75946748,0
-2.965802,1.7717295,4.1825256,-0.51743549,-0.6039691,0.60620278,0
-0.55863571,-1.4485234,-3.9488282,-0.15121436,-0.63272697,-0.75946748,0
4.5836124,1.4313121,3.1617711,0.15121436,0.63272697,0.75946748,0
-4.9431705,0.39652109,1.1245651,-0.51743549,-0.6039691,0.60620278,0
1.0024548,-4.6710577,-1.5748956,-0.15121436,-0.63272697,-0.75946748,0
2.898536,3.6870742,1.1987486,0.51743549,0.6039691,-0.60620278,0
-2.6051211,0.078056335,2.802959,-0.51743549,-0.6039691,0.60620278,0
1.6900454,-2.228128,-3.7470498,-0.15121436,-0.63272697,-0.75946748,0
-0.99315667,-0.92841458,-4.2956252,-0.15121436,-0.63272697,-0.75946748,0
-0.36499524,-4.0737963,0.57850456,-0.51743549,-0.6039691,0.60620278,0
-4.5416236,2.5534842,0.26574755,-0.84225571,0.484642,-0.23606658,0
2.1586721,-4.5846534,2.2236533,-0.51743549,-0.6039691,0.60620278,0
-3.3022704,3.7593689,-1.6804404,-0.84225571,0.484642,-0.23606658,0
-5.5372639,-0.49055028,-2.4313009,-0.84225571,0.484642,-0.23606658,0
0.65944672,-1.1416574,-4.4470115,-0.15121436,-0.63272697,-0.75946748,0
-4.2847514,1.7981998,-2.2013307,-0.84225571,0.484642,-0.23606658,0
-0.73453784,4.705833,-0.88732338,0.51743549,0.6039691,-0.60620278,0
-0.422966,2.9591999,2.8856974,0.15121436,0.63272697,0.75946748,0
3.8699665,-2.5944929,2.0464504,0.84225571,-0.484642,0.23606658,0
-5.1723595,1.7738481,0.91554952,-0.84225571,0.484642,-0.23606658,0
-1.5766472,-1.9676464,1.6426666,-0.51743549,-0.6039691,0.60620278,0
3.0888147,-3.4608665,3.054847,0.84225571,-0.484642,0.23606658,0
3.843456,-4.2805328,-1.320384,0.84225571,-0.484642,0.23606658,0
3.9677491,-2.5827985,1.7215829,0.84225571,-0.484642,0.23606658,0
2.4792435,-1.8739266,-4.199276,-0.15121436,-0.63272697,-0.75946748,0
-5.5120974,-0.45129108,-0.20574164,-0.51743549,-0.6039691,0.60620278,0
3.0035927,-3.1159453,-3.2689271,-0.15121436,-0.63272697,-0.75946748,0
-1.6576629,-1.6605167,-3.5533898,-0.15121436,-0.63272697,-0.75946748,0
4.633245,1.0801721,3.4444306,0.15121436,0.63272697,0.75946748,0
4.1670227,-2.1527505,1.8934832,0.84225571,-0.484642,0.23606658,0
-5.5814242,0.60526609,0.7877481,-0.51743549,-0.6039691,0.60620278,0
-4.9773641,0.096586108,-3.2235706,-0.84225571,0.484642,-0.23606658,0
3.4453473,1.6117158,-0.40222299,0.51743549,0.6039691,-0.60620278,0
-1.4195852,4.0319371,2.1904118,0.15121436,0.63272697,0.75946748,0
4.2699275,-4.1701908,-2.6154485,0.84225571,-0.484642,0.23606658,0
-5.1245956,-0.20054901,-3.3082824,-0.84225571,0.484642,-0.23606658,0
3.2506914,-3.1432607,3.1293325,0.84225571,-0.484642,0.23606658,0
-3.7993872,2.3045146,-2.8935907,-0.84225571,0.484642,-0.23606658,0
2.6973441,0.86898994,-1.7806835,0.51743549,0.6039691,-0.60620278,0
-3.7402382,1.8772331,-3.9818316,-0.84225571,0.484642,-0.23606658,0
4.0185022,2.1712642,0.6444909,0.51743549,0.6039691,-0.60620278,0
3.6133499,-1.5907243,5.0227509,0.84225571,-0.484642,0.23606658,0
-1.8225288,-4.1047239,-1.4842476,-0.15121436,-0.63272697,-0.75946748,0
2.0871077,-4.5537376,2.1933687,-0.51743549,-0.6039691,0.60620278,0
5.2847586,-0.64452696,-1.0800884,0.51743549,0.6039691,-0.60620278,0
-2.8122995,2.6290574,-4.729959,0.51743549,0.6039691,-0.60620278,0
3.2120872,-5.3491864,-1.2616725,0.84225571,-0.484642,0.23606658,0
-5.4799109,1.51475,1.4809272,-0.84225571,0.484642,-0.23606658,0
-1.7494848,-2.6985903,-2.6702685,-0.15121436,-0.63272697,-0.75946748,0
-4.5022607,2.331202,-0.33103609,-0.84225571,0.484642,-0.23606658,0
0.38795185,-0.21504068,-4.8319445,0.51743549,0.6039691,-0.60620278,0
-3.7228622,3.04637,-1.6436024,-0.84225571,0.484642,-0.23606658,0
-0.28498912,3.3947825,-1.8098228,0.51743549,0.6039691,-0.60620278,0
-4.8529072,1.2021265,-1.3979554,-0.84225571,0.484642,-0.23606658,0
-2.3902082,4.8672061,1.6877899,0.15121436,0.63272697,0.75946748,0
-2.8088679,-2.2911012,-2.7988262,-0.15121436,-0.63272697,-0.75946748,0
-3.5250845,3.6670117,-1.0750771,-0.84225571,0.484642,-0.23606658,0
3.7592838,-4.527153,-2.2436857,-0.15121436,-0.63272697,-0.75946748,0
1.7745697,1.9030608,3.3280447,0.15121436,0.63272697,0.75946748,0
4.7944264,-2.7590241,-1.5896888,0.84225571,-0.484642,0.23606658,0
-1.8493634,-0.097804785,-4.8171463,-0.15121436,-0.63272697,-0.75946748,0
4.1307292,2.5866671,1.1541562,0.51743549,0.6039691,-0.60620278,0
-2.9417479,-1.2554085,1.1870735,-0.51743549,-0.6039691,0.60620278,0
0.27184319,-2.66717,2.5235333,-0.51743549,-0.6039691,0.60620278,0
-2.9572666,4.266923,2.300802,0.15121436,0.63272697,0.75946748,0
2.9324069,1.012826,3.8391845,0.15121436,0.63272697,0.75946748,0
-3.8925192,2.9127095,-1.3126893,-0.84225571,0.484642,-0.23606658,0
0.69326115,-5.0313034,0.52782059,-0.51743549,-0.6039691,0.60620278,0
-2.859149,0.48385906,2.9904363,-0.51743549,-0.6039691,0.60620278,0
-0.065313101,1.3402445,4.163269,0.15121436,0.63272697,0.75946748,0
3.2460198,0.4616251,-1.7182157,0.51743549,0.6039691,-0.60620278,0
0.23778701,-3.0546112,-2.7693381,-0.15121436,-0.63272697,-0.75946748,0
6.0934892,1.3357108,2.1818652,0.84225571,-0.484642,0.23606658,0
-4.3617687,2.6763074,-0.12379837,-0.84225571,0.484642,-0.23606658,0
-3.7625504,2.5376239,3.9018509,0.15121436,0.63272697,0.75946748,0
3.0059061,0.46696568,-1.9178474,0.51743549,0.6039691,-0.60620278,0
4.6874776,-3.0773036,-1.8615308,0.84225571,-0.484642,0.23606658,0
-4.1477289,1.590633,-3.116343,-0.84225571,0.484642,-0.23606658,0
-1.609022,2.5812602,-3.7504997,0.51743549,0.6039691,-0.60620278,0
4.6956091,-2.7627363,-3.6933727,0.51743549,0.6039691,-0.60620278,0
-2.0743637,0.93675852,4.1115355,-0.51743549,-0.6039691,0.60620278,0
5.1874452,2.2418704,2.3662529,0.15121436,0.63272697,0.75946748,0
1.6286262,-1.0127525,5.3299618,-0.51743549,-0.6039691,0.60620278,0
-2.5226111,-3.0477061,-0.24085879,-0.51743549,-0.6039691,0.60620278,0
0.20413733,0.46799231,-4.3083262,0.51743549,0.6039691,-0.60620278,0
-5.5512419,-0.33150172,-2.0549057,-0.84225571,0.484642,-0.23606658,0
2.1430812,-6.6468267,-0.11163473,0.84225571,-0.484642,0.23606658,0
-3.6651683,2.128144,-3.7345531,-0.84225571,0.484642,-0.23606658,0
1.6654816,0.59227228,-2.9371469,0.51743549,0.6039691,-0.60620278,0
4.2137599,-1.8334002,2.3823533,0.84225571,-0.484642,0.23606658,0
-0.86890697,-2.6492138,-2.8867331,-0.15121436,-0.63272697,-0.75946748,0
3.6224828,-4.3895173,-0.755723,0.84225571,-0.484642,0.23606658,0
-1.6491637,-2.6091695,0.94160974,-0.51743549,-0.6039691,0.60620278,0
0.7084341,-3.9068475,-2.1530321,-0.15121436,-0.63272697,-0.75946748,0
3.1523342,-3.7626071,2.2087469,0.84225571,-0.484642,0.23606658,0
-3.5150168,5.0046468,1.7972417,0.15121436,0.63272697,0.75946748,0
-2.5312095,6.0912342,0.69610262,0.15121436,0.63272697,0.75946748,0
-4.135654,-2.7009158,-1.2721878,-0.51743549,-0.6039691,0.60620278,0
3.9071674,-3.208364,0.65345192,0.84225571,-0.484642,0.23606658,0
5.4992065,0.27605152,2.1267235,0.84225571,-0.484642,0.23606658,0
3.7017241,2.2886312,2.623111,0.15121436,0.63272697,0.75946748,0
2.501457,-1.3801475,5.7089419,-0.51743549,-0.6039691,0.60620278,0
5.0992804,-0.91623974,1.1058478,0.84225571,-0.484642,0.23606658,0
4.2469106,-2.1005697,-3.416641,0.51743549,0.6039691,-0.60620278,0
5.2562652,0.54923534,3.5543501,0.84225571,-0.484642,0.23606658,0
-5.5264959,0.024722099,-1.4118724,-0.84225571,0.484642,-0.23606658,0
-3.0860457,5.4597769,1.3326535,0.15121436,0.63272697,0.75946748,0
-3.7478051,-0.24581656,-4.3158445,-0.15121436,-0.63272697,-0.75946748,0
-1.5116894,-0.70003271,2.9610558,-0.51743549,-0.6039691,0.60620278,0
4.8490534,-1.5887856,0.61789799,0.84225571,-0.484642,0.23606658,0
2.2181489,3.8125992,0.74305332,0.51743549,0.6039691,-0.60620278,0
-1.5091581,-3.5818276,-1.9822768,-0.15121436,-0.63272697,-0.75946748,0
-2.8636274,0.28400004,-4.9332895,-0.15121436,-0.63272697,-0.75946748,0
-0.70922565,5.1306672,1.1336012,0.15121436,0.63272697,0.75946748,0
5.5059757,0.17094707,1.8867943,0.84225571,-0.484642,0.23606658,0
0.94748765,0.80247092,-3.3405795,0.51743549,0.6039691,-0.60620278,0
1.3710164,-2.137439,3.9895325,-0.51743549,-0.6039691,0.60620278,0
-3.7027502,1.9765702,-3.9116449,-0.84225571,0.484642,-0.23606658,0
3.4408107,-1.6913505,5.4317656,0.84225571,-0.484642,0.23606658,0
-2.324517,-2.9171302,0.058322787,-0.51743549,-0.6039691,0.60620278,0
0.65681338,3.6381073,-0.76350188,0.51743549,0.6039691,-0.60620278,0
-3.8989484,2.3439288,3.9561124,-0.51743549,-0.6039691,0.60620278,0
-0.63035202,-0.67229986,-4.5812359,-0.15121436,-0.63272697,-0.75946748,0
-0.64318395,-3.0244441,-2.6190641,-0.15121436,-0.63272697,-0.75946748,0
-3.3332338,-3.1806164,-1.9533497,-0.15121436,-0.63272697,-0.75946748,0
1.1406076,1.8127458,3.5295138,0.15121436,0.63272697,0.75946748,0
-0.4205209,0.48686218,-4.8227139,0.51743549,0.6039691,-0.60620278,0
-0.48785114,-3.0127265,-2.6597538,-0.15121436,-0.63272697,-0.75946748,0
1.0668138,0.21922016,-3.819828,0.51743549,0.6039691,-0.60620278,0
-0.0027470589,-4.1450911,0.81667614,-0.51743549,-0.6039691,0.60620278,0
-3.8930793,3.2639289,-0.58964252,-0.84225571,0.484642,-0.23606658,0
4.4463091,-2.0498915,1.1081934,0.84225571,-0.484642,0.23606658,0
4.4338636,-0.61099041,4.1066446,0.84225571,-0.484642,0.23606658,0
-4.2267504,-0.5485158,0.79452419,-0.51743549,-0.6039691,0.60620278,0
-5.2907906,-1.4034789,-0.96551979,-0.51743549,-0.6039691,0.60620278,0
-0.50942802,-4.478476,0.052032471,-0.51743549,-0.6039691,0.60620278,0
3.6986125,0.84710693,-0.94783497,0.51743549,0.6039691,-0.60620278,0
-2.7069974,0.38408279,3.0208993,-0.51743549,-0.6039691,0.60620278,0
-4.5605192,0.95789492,-2.9425621,-0.84225571,0.484642,-0.23606658,0
1.255908,-4.0167947,-2.1704383,-0.15121436,-0.63272697,-0.75946748,0
0.39026931,1.8485649,-2.7739644,0.51743549,0.6039691,-0.60620278,0
1.936425,-3.4467225,3.1676874,-0.51743549,-0.6039691,0.60620278,0
-4.7640963,3.2035425,2.3940625,-0.84225571,0.484642,-0.23606658,0
-0.17411184,3.3109691,-1.7986858,0.51743549,0.6039691,-0.60620278,0
1.7635028,3.5077009,0.051207781,0.51743549,0.6039691,-0.60620278,0
2.4137464,0.57180643,-2.3188424,0.51743549,0.6039691,-0.60620278,0
-3.4568782,-0.98363912,-3.7590754,-0.15121436,-0.63272697,-0.75946748,0
3.4586887,-1.5092328,5.7418642,0.84225571,-0.484642,0.23606658,0
-5.1472912,-2.5819626,-2.0171747,-0.51743549,-0.6039691,0.60620278,0
1.2170739,-3.6439242,-2.4733517,-0.15121436,-0.63272697,-0.75946748,0
-1.4378941,4.8961921,-1.2980285,0.51743549,0.6039691,-0.60620278,0
3.5561919,-3.5187526,1.2684646,0.84225571,-0.484642,0.23606658,0
1.1112194,2.1491983,3.2550597,0.15121436,0.63272697,0.75946748,0
-4.8067212,-1.562434,-0.71070266,-0.51743549,-0.6039691,0.60620278,0
2.2797966,-6.1053534,0.51222086,0.84225571,-0.484642,0.23606658,0
4.2218103,-3.8737969,-1.8352818,0.84225571,-0.484642,0.23606658,0
4.8861055,1.4188867,0.63544476,0.51743549,0.6039691,-0.60620278,0
3.3310549,-3.0573828,-3.382916,-0.15121436,-0.63272697,-0.75946748,0
5.0543799,2.1990163,1.5563329,0.51743549,0.6039691,-0.60620278,0
0.022052765,0.70759177,-4.2250314,0.51743549,0.6039691,-0.60620278,0
-5.3144231,-1.7051675,-1.2862689,-0.51743549,-0.6039691,0.60620278,0
4.1770787,-2.4351618,1.277817,0.84225571,-0.484642,0.23606658,0
-2.418386,5.5293713,-1.2002358,-0.84225571,0.484642,-0.23606658,0
-3.8939338,-2.6830544,-2.2562394,-0.15121436,-0.63272697,-0.75946748,0
-1.0606596,-0.97347927,-4.2446408,-0.15121436,-0.63272697,-0.75946748,0
-2.3719294,-3.5108459,-0.57367456,-0.51743549,-0.6039691,0.60620278,0
-3.2187796,3.9696488,-1.5466251,-0.84225571,0.484642,-0.23606658,0
0.42017794,1.0661139,-3.5280027,0.51743549,0.6039691,-0.60620278,0
-2.6743104,0.80375004,3.4669206,-0.51743549,-0.6039691,0.60620278,0
-1.6945072,-1.3216357,2.1856956,-0.51743549,-0.6039691,0.60620278,0
3.0665097,3.7089391,1.5663004,0.15121436,0.63272697,0.75946748,0
-4.0299921,-0.9978506,-3.6331253,-0.15121436,-0.63272697,-0.75946748,0
1.7868133,-5.6225195,-0.93838453,-0.15121436,-0.63272697,-0.75946748,0
4.0447993,1.0657351,-0.4345181,0.51743549,0.6039691,-0.60620278,0
5.7332859,-0.36923409,-0.03320837,0.84225571,-0.484642,0.23606658,0
5.2620964,-1.1884398,-0.033881426,0.84225571,-0.484642,0.23606658,0
3.7023759,-2.0357141,3.791559,0.84225571,-0.484642,0.23606658,0
-1.9637928,6.1000342,-0.54751205,0.51743549,0.6039691,-0.60620278,0
1.99234,-1.7402565,4.9155931,-0.51743549,-0.6039691,0.60620278,0
-1.8281012,-0.52545547,2.8649106,-0.51743549,-0.6039691,0.60620278,0
1.6870708,3.9965055,0.4729712,0.51743549,0.6039691,-0.60620278,0
-2.3170829,5.8647499,0.84215736,0.15121436,0.63272697,0.75946748,0
2.5087118,-6.1980462,-0.49481916,0.84225571,-0.484642,0.23606658,0
-0.6955483,1.3497953,4.2807956,0.15121436,0.63272697,0.75946748,0
-4.7700591,2.6410227,3.5085602,-0.51743549,-0.6039691,0.60620278,0
1.3669157,2.6084309,2.8215537,0.15121436,0.63272697,0.75946748,0
-3.8902912,2.1200261,-2.9480095,-0.84225571,0.484642,-0.23606658,0
-1.6049576,4.096427,2.1735921,0.15121436,0.63272697,0.75946748,0
-4.3790092,2.8153453,3.7932167,0.15121436,0.63272697,0.75946748,0
1.2027122,-1.5145857,4.4664311,-0.51743549,-0.6039691,0.60620278,0
-0.51924753,-4.4253244,0.09660697,-0.51743549,-0.6039691,0.60620278,0
4.9821687,2.245219,2.4043345,0.15121436,0.63272697,0.75946748,0
4.3089738,-1.7992511,-3.0634568,0.51743549,0.6039691,-0.60620278,0
3.7894225,2.8072927,2.1735427,0.15121436,0.63272697,0.75946748,0
4.0576062,-1.3219234,3.9895463,0.84225571,-0.484642,0.23606658,0
5.6399431,-0.27775192,0.48764157,0.84225571,-0.484642,0.23606658,0
-0.42211032,2.724808,3.0808034,0.15121436,0.63272697,0.75946748,0
-5.5609694,0.061424017,-1.2135277,-0.84225571,0.484642,-0.23606658,0
2.6135612,-6.0336776,-0.53146172,0.84225571,-0.484642,0.23606658,0
-4.5394225,2.5041611,0.15663385,-0.84225571,0.484642,-0.23606658,0
1.4276624,-4.6290026,-1.6945932,-0.15121436,-0.63272697,-0.75946748,0
2.6024823,-5.4846425,0.63523054,0.84225571,-0.484642,0.23606658,0
-2.0542858,5.1555476,-1.5657611,0.51743549,0.6039691,-0.60620278,0
-2.3773694,0.53181791,-5.2365685,-0.15121436,-0.63272697,-0.75946748,0
-2.0485139,6.7540984,0.047750473,0.15121436,0.63272697,0.75946748,0
-4.096817,4.1403437,1.9365387,-0.84225571,0.484642,-0.23606658,0
-4.1271563,-0.78260136,0.6463114,-0.51743549,-0.6039691,0.60620278,0
3.9193039,-3.7375145,-0.47619104,0.84225571,-0.484642,0.23606658,0
0.23171067,-1.7284155,-3.8730073,-0.15121436,-0.63272697,-0.75946748,0
5.1825972,-1.7405648,-0.88374662,0.84225571,-0.484642,0.23606658,0
0.78586006,-4.4802275,1.1559048,-0.51743549,-0.6039691,0.60620278,0
-5.3133111,2.3672309,2.6366558,-0.84225571,0.484642,-0.23606658,0
3.0542789,2.3575511,2.694603,0.15121436,0.63272697,0.75946748,0
3.1159799,0.63276744,4.1192684,0.15121436,0.63272697,0.75946748,0
3.342586,-2.9611337,3.1753681,0.84225571,-0.484642,0.23606658,0
-5.1977959,0.7728312,-1.0487733,-0.84225571,0.484642,-0.23606658,0
-2.2783546,0.12524295,-4.9175572,-0.15121436,-0.63272697,-0.75946748,0
-2.3344445,-1.8462074,1.1168264,-0.51743549,-0.6039691,0.60620278,0
2.1510129,1.6655382,3.4509778,0.15121436,0.63272697,0.75946748,0
-2.9568768,3.5348496,-3.3736982,-0.84225571,0.484642,-0.23606658,0
0.67272615,5.0042901,0.61123013,0.51743549,0.6039691,-0.60620278,0
-1.4641806,2.5932331,-3.6149397,0.51743549,0.6039691,-0.60620278,0
4.5197268,-1.7208492,1.5217686,0.84225571,-0.484642,0.23606658,0
-2.0063696,6.1253147,-0.55866718,0.51743549,0.6039691,-0.60620278,0
3.5520167,-3.7636571,0.78057337,0.84225571,-0.484642,0.23606658,0
-4.3980956,3.8141537,2.96489,0.15121436,0.63272697,0.75946748,0
-2.8275292,5.419548,0.034069538,-0.84225571,0.484642,-0.23606658,0
2.6277962,3.1656818,2.1062486,0.15121436,0.63272697,0.75946748,0
-1.1656699,5.9480858,-0.017649174,0.51743549,0.6039691,-0.60620278,0
3.8427269,-3.8103955,-0.35259628,0.84225571,-0.484642,0.23606658,0
-1.4918045,-0.88035345,2.7983723,-0.51743549,-0.6039691,0.60620278,0
-4.7023044,3.3409357,2.4556642,-0.84225571,0.484642,-0.23606658,0
0.98805237,4.282743,1.5020854,0.15121436,0.63272697,0.75946748,0
0.29726791,5.0396447,1.0090358,0.15121436,0.63272697,0.75946748,0
-4.2701979,3.5647097,1.3733692,-0.84225571,0.484642,-0.23606658,0
0.3589437,3.0791628,2.6300709,0.15121436,0.63272697,0.75946748,0
-2.9853072,-2.6897488,-2.4315753,-0.15121436,-0.63272697,-0.75946748,0
1.0521102,3.213872,2.3798289,0.15121436,0.63272697,0.75946748,0
0.75614834,1.0555656,-3.251739,0.51743549,0.6039691,-0.60620278,0
0.7196573,0.1174593,5.025703,0.15121436,0.63272697,0.75946748,0
0.38216996,3.2740326,-1.3606623,0.51743549,0.6039691,-0.60620278,0
-0.35033917,3.8779292,-1.3842373,0.51743549,0.6039691,-0.60620278,0
1.029182,4.2204137,0.13450146,0.51743549,0.6039691,-0.60620278,0
-4.0688243,2.5915153,-1.3430622,-0.84225571,0.484642,-0.23606658,0
-3.9627514,1.4579853,-4.0486422,-0.84225571,0.484642,-0.23606658,0
3.2825494,0.60302687,-1.5461539,0.51743549,0.6039691,-0.60620278,0
-1.2646322,-0.33893013,3.5317082,-0.51743549,-0.6039691,0.60620278,0
-5.4355011,0.29320931,-1.1853306,-0.84225571,0.484642,-0.23606658,0
-3.0578196,3.5830779,-2.9145341,-0.84225571,0.484642,-0.23606658,0
-2.5451326,5.1089787,-1.6110811,-0.84225571,0.484642,-0.23606658,0
0.98817205,-3.3051512,-2.7100139,-0.15121436,-0.63272697,-0.75946748,0
4.9579382,-0.72166109,2.0096071,0.84225571,-0.484642,0.23606658,0
-2.7295458,2.8347216,3.4486554,0.15121436,0.63272697,0.75946748,0
3.0951762,-0.33882666,-2.6444736,0.51743549,0.6039691,-0.60620278,0
3.8606603,-2.7602239,-3.7359324,-0.15121436,-0.63272697,-0.75946748,0
-2.9500012,-0.99364614,1.4408268,-0.51743549,-0.6039691,0.60620278,0
-3.1707118,3.2016671,-3.2947807,-0.84225571,0.484642,-0.23606658,0
-2.0770619,-1.0487893,2.1309998,-0.51743549,-0.6039691,0.60620278,0
-5.6555939,-0.10677934,-1.2212374,-0.84225571,0.484642,-0.23606658,0
-1.0236696,-2.7315574,1.3535746,-0.51743549,-0.6039691,0.60620278,0
-5.7010555,-1.2035136,-1.1164805,-0.51743549,-0.6039691,0.60620278,0
-5.2832823,0.55295491,-1.1951706,-0.84225571,0.484642,-0.23606658,0
2.4723415,2.547117,-0.30079502,0.51743549,0.6039691,-0.60620278,0
3.6411519,0.81533152,3.8626056,0.15121436,0.63272697,0.75946748,0
3.1591558,-2.8372214,4.0842137,0.84225571,-0.484642,0.23606658,0
4.1169581,-3.4901018,-0.67346001,0.84225571,-0.484642,0.23606658,0
4.108407,0.13038492,-1.3121283,0.51743549,0.6039691,-0.60620278,0
0.23159337,0.74224043,-4.0116529,0.51743549,0.6039691,-0.60620278,0
1.2470751,0.96808529,4.212018,0.15121436,0.63272697,0.75946748,0
-2.7681923,5.188983,1.4949703,0.15121436,0.63272697,0.75946748,0
-1.1592681,0.82001591,-5.1213593,0.51743549,0.6039691,-0.60620278,0
3.8972332,-3.0616524,0.9900918,0.84225571,-0.484642,0.23606658,0
-0.63424158,1.0109012,-4.4830313,0.51743549,0.6039691,-0.60620278,0
0.33985519,-5.3571515,-0.098483562,-0.51743549,-0.6039691,0.60620278,0
-1.2093637,-3.3682199,-2.2199287,-0.15121436,-0.63272697,-0.75946748,0
3.3111966,-0.7232151,-2.8430567,0.51743549,0.6039691,-0.60620278,0
-4.4942245,-2.5050552,-1.3831137,-0.51743549,-0.6039691,0.60620278,0
-0.12597084,-0.39363122,-4.913825,-0.15121436,-0.63272697,-0.75946748,0
-1.7691364,3.4272683,-3.0442781,0.51743549,0.6039691,-0.60620278,0
-1.452727,-0.61216736,3.0989258,-0.51743549,-0.6039691,0.60620278,0
0.71306539,2.1108847,3.3662543,0.15121436,0.63272697,0.75946748,0
5.4082308,-0.60413218,-0.93445086,0.51743549,0.6039691,-0.60620278,0
5.0072823,-2.7913964,-2.4155877,0.84225571,-0.484642,0.23606658,0
-4.3800254,-0.75448847,0.45848012,-0.51743549,-0.6039691,0.60620278,0
3.9037066,0.5466013,4.0342135,0.15121436,0.63272697,0.75946748,0
-3.0035186,4.0394301,-2.1713881,-0.84225571,0.484642,-0.23606658,0
-1.5013466,0.55230737,-5.4280596,-0.15121436,-0.63272697,-0.75946748,0
4.6788521,-2.5961256,-0.84290361,0.84225571,-0.484642,0.23606658,0
0.87953722,-0.50759816,5.1938562,-0.51743549,-0.6039691,0.60620278,0
4.1490459,-3.2493174,-0.29361916,0.84225571,-0.484642,0.23606658,0
5.9492989,0.21946335,0.40467668,0.84225571,-0.484642,0.23606658,0
4.0393167,-3.4100358,-0.23207092,0.84225571,-0.484642,0.23606658,0
-0.60764253,-2.5101659,1.9292574,-0.51743549,-0.6039691,0.60620278,0
-1.9666252,6.4474273,-0.20381737,0.51743549,0.6039691,-0.60620278,0
0.54353809,-1.6747675,-3.9797895,-0.15121436,-0.63272697,-0.75946748,0
-5.5978861,-2.3348413,-2.2070758,-0.15121436,-0.63272697,-0.75946748,0
-1.6697963,3.7626648,-2.6253238,0.51743549,0.6039691,-0.60620278,0
0.55906165,0.93835735,-3.536742,0.51743549,0.6039691,-0.60620278,0
-2.6511786,-1.9066885,0.78621364,-0.51743549,-0.6039691,0.60620278,0
-4.6390996,2.3306093,0.15596819,-0.84225571,0.484642,-0.23606658,0
-0.13421583,3.8778615,2.062851,0.15121436,0.63272697,0.75946748,0
0.26030684,-3.4888971,-2.4120097,-0.15121436,-0.63272697,-0.75946748,0
5.7975373,0.53494167,1.5938144,0.84225571,-0.484642,0.23606658,0
-3.1458597,0.95220542,-5.4337902,-0.15121436,-0.63272697,-0.75946748,0
-1.6440814,3.1314902,2.9852896,0.15121436,0.63272697,0.75946748,0
-0.91416752,0.51021028,-5.2208133,0.51743549,0.6039691,-0.60620278,0
1.6676564,-4.1616936,-2.1317019,-0.15121436,-0.63272697,-0.75946748,0
-3.8841851,0.38041687,-4.8104172,-0.15121436,-0.63272697,-0.75946748,0
0.63236922,1.3869262,-3.0272529,0.51743549,0.6039691,-0.60620278,0
-6.0534496,-1.6451433,-1.857275,-0.51743549,-0.6039691,0.60620278,0
4.3734293,-3.0966146,-0.78069448,0.84225571,-0.484642,0.23606658,0
2.1039252,-4.1813993,2.5786903,-0.51743549,-0.6039691,0.60620278,0
3.8529062,2.7419171,2.2153687,0.15121436,0.63272697,0.75946748,0
2.8460522,-3.9390821,-2.5517888,-0.15121436,-0.63272697,-0.75946748,0
0.0088896751,1.8564886,3.7184024,0.15121436,0.63272697,0.75946748,0
-4.2728539,2.4090853,-0.98963976,-0.84225571,0.484642,-0.23606658,0
-3.005971,3.5861828,-3.0931485,-0.84225571,0.484642,-0.23606658,0
0.63798183,2.1396842,-2.2724774,0.51743549,0.6039691,-0.60620278,0
3.9985108,-1.1530422,4.547102,0.84225571,-0.484642,0.23606658,0
1.3645008,-2.0264568,4.0945439,-0.51743549,-0.6039691,0.60620278,0
-3.1608024,2.8231406,-4.1072483,-0.84225571,0.484642,-0.23606658,0
3.694042,-4.3318291,-0.8926034,0.84225571,-0.484642,0.23606658,0
-4.478858,2.6415734,0.22265244,-0.84225571,0.484642,-0.23606658,0
-2.6506555,2.8227208,-4.399035,0.51743549,0.6039691,-0.60620278,0
1.1692535,-0.10013461,5.1174674,0.15121436,0.63272697,0.75946748,0
5.4749751,0.42875171,2.526669,0.84225571,-0.484642,0.23606658,0
2.5306239,-1.0353298,-3.8202937,0.51743549,0.6039691,-0.60620278,0
-2.4717286,0.5931561,-5.2688828,-0.15121436,-0.63272697,-0.75946748,0
-3.3609931,0.78726625,-5.2535419,-0.15121436,-0.63272697,-0.75946748,0
3.4372468,-2.7679088,3.2343194,0.84225571,-0.484642,0.23606658,0
-1.8316216,5.8134136,0.78826761,0.15121436,0.63272697,0.75946748,0
4.4689074,-3.9203937,-2.8125544,0.84225571,-0.484642,0.23606658,0
1.9347385,-2.0731113,4.5347981,-0.51743549,-0.6039691,0.60620278,0
-2.0568767,4.9132662,1.5830479,0.15121436,0.63272697,0.75946748,0
-5.0173779,1.6373029,2.2974341,-0.51743549,-0.6039691,0.60620278,0
3.0728393,-3.1632171,3.7229159,0.84225571,-0.484642,0.23606658,0
5.1728106,-2.7757697,-2.9740939,0.84225571,-0.484642,0.23606658,0
-4.3263998,0.4533577,1.7076484,-0.51743549,-0.6039691,0.60620278,0
-3.6554043,3.1920502,-1.5852032,-0.84225571,0.484642,-0.23606658,0
5.2660861,-2.1663218,-2.6122148,0.51743549,0.6039691,-0.60620278,0
-2.8597813,3.781414,2.6858788,0.15121436,0.63272697,0.75946748,0
-2.549772,0.38489604,-5.0798388,-0.15121436,-0.63272697,-0.75946748,0
4.0348392,-3.7169778,-2.9735222,-0.15121436,-0.63272697,-0.75946748,0
5.3713007,0.4873395,3.0168447,0.84225571,-0.484642,0.23606658,0
-2.0799887,4.8420696,-1.9000225,0.51743549,0.6039691,-0.60620278,0
3.5118079,2.8913124,2.1588192,0.15121436,0.63272697,0.75946748,0
2.143465,-0.11338902,4.9345388,0.15121436,0.63272697,0.75946748,0
-0.35552454,-1.0467477,-4.3239961,-0.15121436,-0.63272697,-0.75946748,0
2.5408583,-5.4873409,-1.2011385,-0.15121436,-0.63272697,-0.75946748,0
-1.8112822,5.1148853,1.3661757,0.15121436,0.63272697,0.75946748,0
0.90313089,-2.3276625,3.4006371,-0.51743549,-0.6039691,0.60620278,0
2.3884449,-5.9565988,0.42996502,0.84225571,-0.484642,0.23606658,0
-4.3728533,-1.9802617,-2.7463939,-0.15121436,-0.63272697,-0.75946748,0
-2.3996325,5.0519714,1.5357347,0.15121436,0.63272697,0.75946748,0
4.1784091,2.9948978,1.9397959,0.15121436,0.63272697,0.75946748,0
3.3645711,-2.4367657,4.1734486,0.84225571,-0.484642,0.23606658,0
3.167634,0.47664404,-1.7701597,0.51743549,0.6039691,-0.60620278,0
1.3718185,-5.6547866,0.48582935,-0.51743549,-0.6039691,0.60620278,0
0.084494352,0.2656579,5.0287004,0.15121436,0.63272697,0.75946748,0
4.9739175,1.8724308,2.7165544,0.15121436,0.63272697,0.75946748,0
1.7482067,0.70244837,-2.7567649,0.51743549,0.6039691,-0.60620278,0
-0.015102744,-1.9132154,3.0297821,-0.51743549,-0.6039691,0.60620278,0
3.8356612,-4.3513865,-1.4380345,0.84225571,-0.484642,0.23606658,0
1.1019417,-3.3540726,2.5477076,-0.51743549,-0.6039691,0.60620278,0
-5.6652145,-0.38512421,-1.7583513,-0.84225571,0.484642,-0.23606658,0
-0.037995338,-0.15589046,4.7610922,-0.51743549,-0.6039691,0.60620278,0
-2.8719716,5.132216,1.5629268,0.15121436,0.63272697,0.75946748,0
-3.018924,4.3314719,-1.5168653,-0.84225571,0.484642,-0.23606658,0
-3.012563,-0.13254929,-4.5566006,-0.15121436,-0.63272697,-0.75946748,0
-3.623626,-3.150692,-1.9204615,-0.15121436,-0.63272697,-0.75946748,0
1.1010652,1.2159573,4.0345821,0.15121436,0.63272697,0.75946748,0
4.5947495,-3.0191588,-1.4113173,0.84225571,-0.484642,0.23606658,0
0.55870366,3.3909779,-1.0934639,0.51743549,0.6039691,-0.60620278,0
3.0045137,-3.5184321,-2.9337907,-0.15121436,-0.63272697,-0.75946748,0
-2.8298714,1.5216277,-5.8483067,0.51743549,0.6039691,-0.60620278,0
3.5826535,-4.817297,-1.9667926,-0.15121436,-0.63272697,-0.75946748,0
0.90934014,4.0221562,-0.16531897,0.51743549,0.6039691,-0.60620278,0
-2.0564508,5.9836555,-0.74255228,0.51743549,0.6039691,-0.60620278,0
-2.9795177,-2.8375344,-2.3096046,-0.15121436,-0.63272697,-0.75946748,0
4.7723365,-2.2518075,-0.46956253,0.84225571,-0.484642,0.23606658,0
3.4741733,-0.84135091,5.2760663,0.15121436,0.63272697,0.75946748,0
-4.3510656,-2.089679,-2.6595743,-0.15121436,-0.63272697,-0.75946748,0
1.3441563,-3.6018767,2.5075629,-0.51743549,-0.6039691,0.60620278,0
5.4351597,-0.62152529,0.51251864,0.84225571,-0.484642,0.23606658,0
-3.6199446,-1.0199224,-3.6963794,-0.15121436,-0.63272697,-0.75946748,0
1.0552123,-2.5675969,-3.3378329,-0.15121436,-0.63272697,-0.75946748,0
-3.7836018,3.7830553,0.085517406,-0.84225571,0.484642,-0.23606658,0
-1.1679441,-0.51708484,-4.6035109,-0.15121436,-0.63272697,-0.75946748,0
-3.4989529,3.2118492,3.287657,0.15121436,0.63272697,0.75946748,0
-1.5011053,-1.388432,2.2842271,-0.51743549,-0.6039691,0.60620278,0
-3.4503713,3.8547626,-0.95619345,-0.84225571,0.484642,-0.23606658,0
-2.0417562,4.8753185,1.6116519,0.15121436,0.63272697,0.75946748,0
2.2383385,0.33754539,-2.7019629,0.51743549,0.6039691,-0.60620278,0
-2.2477396,3.4487169,2.8411934,0.15121436,0.63272697,0.75946748,0
1.7670758,0.18869996,4.7578039,0.15121436,0.63272697,0.75946748,0
4.9454556,-3.264401,-3.1660705,0.84225571,-0.484642,0.23606658,0
4.0629888,1.89941,2.8754487,0.15121436,0.63272697,0.75946748,0
6.1582785,1.0935769,1.453607,0.84225571,-0.484642,0.23606658,0
3.4175453,1.1714916,3.6104033,0.15121436,0.63272697,0.75946748,0
-1.1647966,-1.6427968,-3.666285,-0.15121436,-0.63272697,-0.75946748,0
-5.2656469,0.93708849,1.3878856,-0.51743549,-0.6039691,0.60620278,0
-2.1290016,0.10464287,3.2358479,-0.51743549,-0.6039691,0.60620278,0
-5.3105445,-0.26094866,-2.7688394,-0.84225571,0.484642,-0.23606658,0
-3.9461982,2.0172594,-2.9595189,-0.84225571,0.484642,-0.23606658,0
-4.3544412,0.59213686,1.8219813,-0.51743549,-0.6039691,0.60620278,0
-1.5733522,1.4700291,-4.8271899,0.51743549,0.6039691,-0.60620278,0
-4.2958622,1.4250056,-2.9278512,-0.84225571,0.484642,-0.23606658,0
-3.558044,-2.6330683,-2.3647616,-0.15121436,-0.63272697,-0.75946748,0
-4.6287017,2.7769032,1.0351071,-0.84225571,0.484642,-0.23606658,0
-4.6005015,-1.6118473,-3.0080011,-0.15121436,-0.63272697,-0.75946748,0
3.2369969,-4.3832808,0.63244486,0.84225571,-0.484642,0.23606658,0
1.0868667,-0.1835103,-4.203958,0.51743549,0.6039691,-0.60620278,0
1.7210073,-1.5380623,-4.3281217,-0.15121436,-0.63272697,-0.75946748,0
3.0722222,-3.2429328,3.5614629,0.84225571,-0.484642,0.23606658,0
-1.1526752,-2.4974935,1.4766611,-0.51743549,-0.6039691,0.60620278,0
0.7708751,-0.021157265,5.1309896,0.15121436,0.63272697,0.75946748,0
2.9273188,-3.6683569,3.2050672,0.84225571,-0.484642,0.23606658,0
-5.662046,-1.0844429,-3.2053502,-0.84225571,0.484642,-0.23606658,0
-0.39121795,-2.340349,-3.2391651,-0.15121436,-0.63272697,-0.75946748,0
-3.2470777,-2.0790646,-2.8882277,-0.15121436,-0.63272697,-0.75946748,0
3.9228477,-3.3149974,0.37858915,0.84225571,-0.484642,0.23606658,0
3.2102759,3.5087788,1.7044326,0.15121436,0.63272697,0.75946748,0
3.1107428,-5.0640392,-0.3146863,0.84225571,-0.484642,0.23606658,0
5.1859593,0.24429834,3.1791601,0.84225571,-0.484642,0.23606658,0
0.17724323,-5.4088202,-0.28876209,-0.51743549,-0.6039691,0.60620278,0
3.3028555,-4.1233582,0.93108892,0.84225571,-0.484642,0.23606658,0
-3.222163,-2.5589042,-2.4934247,-0.15121436,-0.63272697,-0.75946748,0
5.052516,-0.80770159,1.4955263,0.84225571,-0.484642,0.23606658,0
1.5732138,0.15717721,4.8226652,0.15121436,0.63272697,0.75946748,0
4.6779881,-1.0676513,2.2981205,0.84225571,-0.484642,0.23606658,0
3.6051641,-2.2979188,3.6000957,0.84225571,-0.484642,0.23606658,0
3.4767561,1.0939405,3.6632233,0.15121436,0.63272697,0.75946748,0
2.6245942,-5.4351954,-1.2612548,-0.15121436,-0.63272697,-0.75946748,0
2.4077902,-4.5016418,-1.9958487,-0.15121436,-0.63272697,-0.75946748,0
3.5217185,-3.9081297,-2.7121048,-0.15121436,-0.63272697,-0.75946748,0
-3.1925292,-1.8335245,-3.1036527,-0.15121436,-0.63272697,-0.75946748,0
5.8681297,0.10940218,0.46832204,0.84225571,-0.484642,0.23606658,0
3.7264926,-2.5424063,2.6652801,0.84225571,-0.484642,0.23606658,0
0.18085814,-2.1949296,-3.4742205,-0.15121436,-0.63272697,-0.75946748,0
-0.34519553,3.4236562,-1.8324463,0.51743549,0.6039691,-0.60620278,0
5.1770077,-2.6613092,-3.1814129,0.51743549,0.6039691,-0.60620278,0
-4.5231714,0.65047926,-3.7069349,-0.84225571,0.484642,-0.23606658,0
-1.1083457,4.9741063,-0.93910933,0.51743549,0.6039691,-0.60620278,0
-5.2012219,0.035034657,-2.5512378,-0.84225571,0.484642,-0.23606658,0
6.2269816,1.3551831,1.7455577,0.84225571,-0.484642,0.23606658,0
-0.42931962,-3.0961969,1.4975969,-0.51743549,-0.6039691,0.60620278,0
-3.4960246,3.6670613,-1.1786556,-0.84225571,0.484642,-0.23606658,0
4.7725048,-2.178925,-3.0460777,0.51743549,0.6039691,-0.60620278,0
0.31823635,5.0671353,0.37126184,0.51743549,0.6039691,-0.60620278,0
2.6165118,-4.3524976,-2.1616611,-0.15121436,-0.63272697,-0.75946748,0
3.3717055,-4.7236929,-2.0027757,-0.15121436,-0.63272697,-0.75946748,0
-3.3838289,0.3947283,-4.9219642,-0.15121436,-0.63272697,-0.75946748,0
1.3548026,-5.5711365,-0.89517641,-0.15121436,-0.63272697,-0.75946748,0
-2.849911,3.6725755,-3.4725893,-0.84225571,0.484642,-0.23606658,0
-5.0979958,2.6079617,2.3626547,-0.84225571,0.484642,-0.23606658,0
-0.4729251,1.1546674,-4.2021008,0.51743549,0.6039691,-0.60620278,0
3.2544813,-2.5201547,4.39504,0.84225571,-0.484642,0.23606658,0
-2.3876452,3.5356622,-3.4642231,0.51743549,0.6039691,-0.60620278,0
2.9819789,-2.9979095,4.386467,0.84225571,-0.484642,0.23606658,0
-1.0844901,-2.8247085,-2.6976016,-0.15121436,-0.63272697,-0.75946748,0
3.7801557,-0.57676768,4.9947138,0.15121436,0.63272697,0.75946748,0
-3.4855862,1.3617721,3.3304076,-0.51743549,-0.6039691,0.60620278,0
-2.1332486,3.5258114,-3.2568929,0.51743549,0.6039691,-0.60620278,0
0.94913578,0.10988808,-4.0292044,0.51743549,0.6039691,-0.60620278,0
0.039023161,2.9484668,-1.9779276,0.51743549,0.6039691,-0.60620278,0
-3.6567283,4.7170539,1.5503368,-0.84225571,0.484642,-0.23606658,0
-4.0323277,-3.2329826,-1.7140985,-0.51743549,-0.6039691,0.60620278,0
-0.17125416,-3.3386557,1.4763081,-0.51743549,-0.6039691,0.60620278,0
-3.7434978,3.6116409,-0.40948057,-0.84225571,0.484642,-0.23606658,0
-3.903852,0.61622381,-5.0029564,-0.15121436,-0.63272697,-0.75946748,0
4.0350118,1.7802432,0.26900357,0.51743549,0.6039691,-0.60620278,0
-0.94427419,-3.9946156,0.16293955,-0.51743549,-0.6039691,0.60620278,0
-5.04035,-1.0630621,-3.3776283,-0.15121436,-0.63272697,-0.75946748,0
-1.5524929,1.1925414,-5.0858507,0.51743549,0.6039691,-0.60620278,0
2.6393919,1.4190727,3.5590734,0.15121436,0.63272697,0.75946748,0
0.41422731,-1.1474676,4.1591711,-0.51743549,-0.6039691,0.60620278,0
3.1137152,0.56641912,-1.7267385,0.51743549,0.6039691,-0.60620278,0
6.1421251,1.5992422,2.5493655,0.84225571,-0.484642,0.23606658,0
-4.8744059,1.9238117,0.16036177,-0.84225571,0.484642,-0.23606658,0
-3.6391909,1.0887588,-5.4493303,-0.15121436,-0.63272697,-0.75946748,0
-5.3479819,0.052519321,-1.9917202,-0.84225571,0.484642,-0.23606658,0
-5.8823309,-0.4815712,-1.1817136,-0.84225571,0.484642,-0.23606658,0
-0.42169118,-2.5652912,2.0330575,-0.51743549,-0.6039691,0.60620278,0
-4.5301881,3.1397419,1.4285278,-0.84225571,0.484642,-0.23606658,0
-2.1456251,3.6051128,2.6905661,0.15121436,0.63272697,0.75946748,0
5.947485,0.34552336,0.66994572,0.84225571,-0.484642,0.23606658,0
0.85591984,3.4150524,2.2512836,0.15121436,0.63272697,0.75946748,0
4.0127325,-3.7754343,-0.8873806,0.84225571,-0.484642,0.23606658,0
-2.1815555,5.4480257,-1.3829947,0.51743549,0.6039691,-0.60620278,0
5.5180044,-0.016049623,1.4599729,0.84225571,-0.484642,0.23606658,0
0.90274453,3.6143715,-0.57723093,0.51743549,0.6039691,-0.60620278,0
1.619087,1.8685924,3.3877189,0.15121436,0.63272697,0.75946748,0
-5.1455059,-2.0762181,-2.5126109,-0.15121436,-0.63272697,-0.75946748,0
-5.6775646,0.09296751,-0.7327714,-0.84225571,0.484642,-0.23606658,0
2.1026592,4.1061363,0.93693089,0.51743549,0.6039691,-0.60620278,0
-3.5159919,2.555809,-3.3888052,-0.84225571,0.484642,-0.23606658,0
-4.4185147,1.6819496,-1.9627414,-0.84225571,0.484642,-0.23606658,0
3.0942459,-5.1635089,-0.46003723,0.84225571,-0.484642,0.23606658,0
4.8244863,-0.18704522,3.5833068,0.84225571,-0.484642,0.23606658,0
-2.9831529,-0.99812019,-3.8413324,-0.15121436,-0.63272697,-0.75946748,0
