-3.441442,2.9396756,-0.36128163,-0.75604177,0.61986303,-0.21016818,0
-3.7919855,3.1415579,1.4951613,-0.75604177,0.61986303,-0.21016818,0
5.5381131,0.7416625,-0.74595928,0.39652339,0.17830193,-0.90054297,0
-0.56226683,4.5021262,0.92575985,0.52073991,0.76418471,0.3805939,0
1.4496906,-1.4298232,-2.9760981,0.39652339,0.17830193,-0.90054297,0
-1.1951628,4.8217497,-2.8909352,-0.75604177,0.61986303,-0.21016818,0
-5.9571004,-0.12406063,-0.34774065,-0.75604177,0.61986303,-0.21016818,0
-1.4555391,-1.0314145,2.486213,-0.39652339,-0.17830193,0.90054297,0
-4.4660473,1.6698866,-0.42052364,-0.75604177,0.61986303,-0.21016818,0
-2.6255913,1.0468854,-4.2801361,0.39652339,0.17830193,-0.90054297,0
2.4416015,2.4163718,1.0037109,0.52073991,0.76418471,0.3805939,0
4.5672593,-1.0446272,-1.5271165,0.39652339,0.17830193,-0.90054297,0
5.1036978,0.11104488,1.9901581,0.52073991,0.76418471,0.3805939,0
-3.3515739,-2.7163963,0.84375143,-0.52073991,-0.76418471,-0.3805939,0
-5.3656902,-1.1174417,0.38902569,-0.52073991,-0.76418471,-0.3805939,0
-3.2329495,-1.2768924,1.6549878,-0.39652339,-0.17830193,0.90054297,0
-2.9402945,-1.7140267,-1.7316058,-0.52073991,-0.76418471,-0.3805939,0
1.0536594,-4.977643,-0.6433208,-0.52073991,-0.76418471,-0.3805939,0
4.2248468,-1.7979379,0.91052818,0.75604177,-0.61986303,0.21016818,0
0.50349778,1.0399284,-2.9037261,0.39652339,0.17830193,-0.90054297,0
5.0043821,-1.421453,-1.4092536,0.39652339,0.17830193,-0.90054297,0
-2.72032,-0.33287144,2.0676169,-0.39652339,-0.17830193,0.90054297,0
-0.70622897,5.8144217,-1.7220321,-0.75604177,0.61986303,-0.21016818,0
5.0440602,-0.90148926,-1.2888327,0.39652339,0.17830193,-0.90054297,0
1.3625768,-4.5947685,2.9581451,0.75604177,-0.61986303,0.21016818,0
1.0150332,-3.9853275,-2.5829167,-0.52073991,-0.76418471,-0.3805939,0
-2.0612001,-1.1758919,-4.0149155,-0.52073991,-0.76418471,-0.3805939,0
3.325968,0.47966906,3.6823494,0.52073991,0.76418471,0.3805939,0
-2.6881068,0.061039925,-4.5028543,0.39652339,0.17830193,-0.90054297,0
1.7560029,1.1149608,4.3252749,-0.39652339,-0.17830193,0.90054297,0
-5.7396913,-0.38668776,-0.5665164,-0.52073991,-0.76418471,-0.3805939,0
0.66462803,-2.687315,-3.570749,0.39652339,0.17830193,-0.90054297,0
-0.43064213,-3.5081363,-1.5630394,-0.52073991,-0.76418471,-0.3805939,0
4.3329382,-0.18920422,3.6475973,0.52073991,0.76418471,0.3805939,0
2.6944678,1.3251514,2.8487654,0.52073991,0.76418471,0.3805939,0
-0.86516941,-0.64910865,2.821856,-0.39652339,-0.17830193,0.90054297,0
-1.7572088,5.2775784,0.47533107,-0.75604177,0.61986303,-0.21016818,0
3.8148291,2.2683697,-0.57801032,0.52073991,0.76418471,0.3805939,0
1.0647039,-1.0314584,-3.06674,0.39652339,0.17830193,-0.90054297,0
5.1629057,-0.45095372,1.5087829,0.75604177,-0.61986303,0.21016818,0
1.0663671,-3.9288056,-2.7666421,-0.52073991,-0.76418471,-0.3805939,0
2.2682834,-1.5184608,-2.6332078,0.39652339,0.17830193,-0.90054297,0
-0.8558898,0.093135953,-3.6897449,0.39652339,0.17830193,-0.90054297,0
-1.6423554,-2.2699223,2.1587379,-0.39652339,-0.17830193,0.90054297,0
1.1099267,-4.454267,-1.7711804,-0.52073991,-0.76418471,-0.3805939,0
2.4009316,-3.8723829,1.3534322,0.75604177,-0.61986303,0.21016818,0
0.54109311,1.6192768,-2.7724648,0.39652339,0.17830193,-0.90054297,0
-3.3243725,-1.4102721,-1.816,-0.52073991,-0.76418471,-0.3805939,0
-1.9810655,3.7231789,-3.3038812,-0.75604177,0.61986303,-0.21016818,0
-1.191988,5.1310682,0.52452826,0.52073991,0.76418471,0.3805939,0
2.6642129,-1.5361044,4.2002797,-0.39652339,-0.17830193,0.90054297,0
1.02742,1.6619353,4.1127658,-0.39652339,-0.17830193,0.90054297,0
0.50067997,3.6178524,1.2469158,0.52073991,0.76418471,0.3805939,0
-4.5807076,-0.24019527,-2.4464123,-0.52073991,-0.76418471,-0.3805939,0
4.0311341,1.2365807,1.1977375,0.52073991,0.76418471,0.3805939,0
-2.4084952,-2.5233343,-0.83424067,-0.52073991,-0.76418471,-0.3805939,0
1.2696996,-4.6159873,-1.665073,-0.52073991,-0.76418471,-0.3805939,0
-2.5933447,-2.1284831,-1.3741354,-0.52073991,-0.76418471,-0.3805939,0
-0.47939777,-4.4297805,2.2431681,-0.39652339,-0.17830193,0.90054297,0
-2.1207032,-1.1862596,-3.9126847,-0.52073991,-0.76418471,-0.3805939,0
2.2513921,2.406919,1.2829417,0.52073991,0.76418471,0.3805939,0
-4.8323355,0.51668823,-2.5040739,-0.75604177,0.61986303,-0.21016818,0
-6.0416522,-0.47101736,0.015957832,-0.52073991,-0.76418471,-0.3805939,0
-3.4424534,2.5302594,-1.5651629,-0.75604177,0.61986303,-0.21016818,0
-3.6070356,0.4934845,1.8407955,-0.39652339,-0.17830193,0.90054297,0
1.7680795,-0.12656403,-2.5778692,0.39652339,0.17830193,-0.90054297,0
1.9235947,-4.4596329,1.3385491,0.75604177,-0.61986303,0.21016818,0
3.362983,1.0755227,2.4353051,0.52073991,0.76418471,0.3805939,0
4.5841393,-1.4486117,0.6483283,0.75604177,-0.61986303,0.21016818,0
0.59045768,0.91852534,3.7731738,-0.39652339,-0.17830193,0.90054297,0
-2.3585777,3.9408901,3.0730762,-0.39652339,-0.17830193,0.90054297,0
-3.9118838,0.34717867,-4.5408888,-0.52073991,-0.76418471,-0.3805939,0
-1.0654716,4.6088014,1.4000704,0.52073991,0.76418471,0.3805939,0
-1.49576,5.1252055,-0.91458845,-0.75604177,0.61986303,-0.21016818,0
-1.6718504,-0.63076842,-4.1923542,0.39652339,0.17830193,-0.90054297,0
-2.7041845,3.0205231,-2.7749822,-0.75604177,0.61986303,-0.21016818,0
-0.97278118,-3.1436255,-1.5531604,-0.52073991,-0.76418471,-0.3805939,0
4.4529877,-2.2592251,-1.8179142,0.39652339,0.17830193,-0.90054297,0
1.0833499,4.3369055,-0.99407941,0.52073991,0.76418471,0.3805939,0
-1.7790871,5.365624,0.8137114,-0.75604177,0.61986303,-0.21016818,0
-1.0843325,-0.34769106,2.7850342,-0.39652339,-0.17830193,0.90054297,0
-3.5124521,2.7941031,-0.53518176,-0.75604177,0.61986303,-0.21016818,0
-1.1699917,5.3685904,-1.3686497,-0.75604177,0.61986303,-0.21016818,0
-3.1713865,2.1857982,-3.5562179,-0.75604177,0.61986303,-0.21016818,0
-4.0802889,1.0428727,-3.6575146,-0.75604177,0.61986303,-0.21016818,0
0.80707139,2.5791659,-2.4652984,0.39652339,0.17830193,-0.90054297,0
4.1071515,0.17745745,3.2203143,0.52073991,0.76418471,0.3805939,0
-2.1425378,-2.1465602,-1.9546463,-0.52073991,-0.76418471,-0.3805939,0
-3.02282,-1.2438359,-2.5627756,-0.52073991,-0.76418471,-0.3805939,0
3.3373435,-2.3378401,2.5107901,0.75604177,-0.61986303,0.21016818,0
0.21851492,-3.8424578,-1.7799594,-0.52073991,-0.76418471,-0.3805939,0
4.3320627,-0.76321787,3.5766053,0.75604177,-0.61986303,0.21016818,0
-3.8991182,2.5392098,0.10400438,-0.75604177,0.61986303,-0.21016818,0
6.1290545,0.018885136,-0.58103466,0.75604177,-0.61986303,0.21016818,0
2.0226088,-1.7567677,3.8740814,-0.39652339,-0.17830193,0.90054297,0
-3.107399,-0.43456984,-4.0719562,-0.52073991,-0.76418471,-0.3805939,0
-2.6879749,3.9169869,-0.18929291,-0.75604177,0.61986303,-0.21016818,0
-3.3813684,3.1721802,2.4705255,-0.39652339,-0.17830193,0.90054297,0
4.8097024,-1.2156241,0.52407312,0.75604177,-0.61986303,0.21016818,0
-4.7459564,-0.30500412,-2.0901837,-0.52073991,-0.76418471,-0.3805939,0
1.7061071,-0.035290599,4.0755625,-0.39652339,-0.17830193,0.90054297,0
3.481009,0.76393628,2.8994455,0.52073991,0.76418471,0.3805939,0
-5.3412933,0.3924284,-1.0396781,-0.75604177,0.61986303,-0.21016818,0
-3.0772088,-2.27386,-0.42020011,-0.52073991,-0.76418471,-0.3805939,0
-3.1084843,2.6901145,-2.2950823,-0.75604177,0.61986303,-0.21016818,0
2.9236896,2.2033925,0.77173948,0.52073991,0.76418471,0.3805939,0
5.4925208,0.70926809,-0.77244854,0.39652339,0.17830193,-0.90054297,0
-4.391613,-0.93963885,-1.300741,-0.52073991,-0.76418471,-0.3805939,0
1.9734273,3.0573566,-1.8570544,0.39652339,0.17830193,-0.90054297,0
2.8798378,-0.83301538,4.4344301,-0.39652339,-0.17830193,0.90054297,0
2.6242726,-2.861093,3.5326691,0.75604177,-0.61986303,0.21016818,0
-2.7728179,-2.0286946,-1.3289381,-0.52073991,-0.76418471,-0.3805939,0
0.88005185,4.0925908,-0.22536713,0.52073991,0.76418471,0.3805939,0
4.4157801,-1.4930632,1.1228681,0.75604177,-0.61986303,0.21016818,0
-4.8192034,-0.27815914,1.1542783,-0.39652339,-0.17830193,0.90054297,0
3.9972768,0.23275471,-1.5251751,0.39652339,0.17830193,-0.90054297,0
5.0123706,1.1709092,-0.01295948,0.52073991,0.76418471,0.3805939,0
-4.7287555,-1.3269634,0.98644686,-0.39652339,-0.17830193,0.90054297,0
-0.29799938,3.1241117,3.3310626,0.52073991,0.76418471,0.3805939,0
-0.47441244,-1.4896581,-3.8351581,0.39652339,0.17830193,-0.90054297,0
0.3784771,-4.4319749,2.6204696,-0.39652339,-0.17830193,0.90054297,0
-2.9079781,-1.9028741,-1.3966393,-0.52073991,-0.76418471,-0.3805939,0
-5.6474147,-0.3494029,0.77549744,-0.39652339,-0.17830193,0.90054297,0
-0.56894183,0.42565739,-3.49756,0.39652339,0.17830193,-0.90054297,0
1.3559105,-4.9867058,1.8261575,0.75604177,-0.61986303,0.21016818,0
1.8559749,3.3161051,-0.0015689135,0.52073991,0.76418471,0.3805939,0
-3.9029965,-1.8433614,-0.15471959,-0.52073991,-0.76418471,-0.3805939,0
-4.3673139,2.0063405,0.21662664,-0.75604177,0.61986303,-0.21016818,0
4.2551432,-1.0816177,2.9142332,0.75604177,-0.61986303,0.21016818,0
-1.6639256,3.1564226,3.223623,-0.39652339,-0.17830193,0.90054297,0
-3.7041163,0.6482076,-4.8339639,0.39652339,0.17830193,-0.90054297,0
-4.8405013,0.69754028,-1.9413004,-0.75604177,0.61986303,-0.21016818,0
-3.190896,-2.4978051,0.18500376,-0.52073991,-0.76418471,-0.3805939,0
-4.9398274,0.27562571,1.2108107,-0.39652339,-0.17830193,0.90054297,0
2.8602443,-4.6466908,-2.5825801,0.75604177,-0.61986303,0.21016818,0
0.84850621,-0.034255981,3.6981518,-0.39652339,-0.17830193,0.90054297,0
-1.8949224,4.1040964,-2.4903007,-0.75604177,0.61986303,-0.21016818,0
1.0039835,2.6124928,2.5769172,0.52073991,0.76418471,0.3805939,0
-2.7935317,3.4218593,-1.2698855,-0.75604177,0.61986303,-0.21016818,0
-4.3093262,0.94576591,-3.1199961,-0.75604177,0.61986303,-0.21016818,0
2.5752783,-4.4368439,-0.93855166,0.75604177,-0.61986303,0.21016818,0
2.8405964,-3.7798858,0.044625998,0.75604177,-0.61986303,0.21016818,0
-4.2813182,0.87975019,-3.4154546,-0.75604177,0.61986303,-0.21016818,0
-2.3852649,-3.1642573,0.42086804,-0.52073991,-0.76418471,-0.3805939,0
-2.5519865,-1.9475291,1.8220447,-0.39652339,-0.17830193,0.90054297,0
3.4076753,1.6437241,1.233279,0.52073991,0.76418471,0.3805939,0
1.1836193,-4.9074125,2.67981,0.75604177,-0.61986303,0.21016818,0
-0.074940681,3.6580186,1.9538478,0.52073991,0.76418471,0.3805939,0
-1.3355169,5.3604565,-0.79719305,-0.75604177,0.61986303,-0.21016818,0
1.4377651,1.8308176,3.5529089,0.52073991,0.76418471,0.3805939,0
1.0335298,2.9982185,1.7620021,0.52073991,0.76418471,0.3805939,0
-2.1263227,1.5774025,-3.9552612,0.39652339,0.17830193,-0.90054297,0
2.2756925,-3.3008056,3.489749,0.75604177,-0.61986303,0.21016818,0
-4.8485079,1.3602328,0.042025089,-0.75604177,0.61986303,-0.21016818,0
-2.77527,4.878809,2.9615006,-0.75604177,0.61986303,-0.21016818,0
-1.6856995,-3.5290039,0.19606662,-0.52073991,-0.76418471,-0.3805939,0
1.8184277,2.8894684,-1.9585443,0.39652339,0.17830193,-0.90054297,0
1.1171923,-2.9722495,-3.4278929,0.39652339,0.17830193,-0.90054297,0
1.9121714,-0.27895355,4.118052,-0.39652339,-0.17830193,0.90054297,0
5.6495752,0.97607088,-0.65047026,0.39652339,0.17830193,-0.90054297,0
0.51354361,3.942275,0.57791501,0.52073991,0.76418471,0.3805939,0
5.8427644,0.28285503,0.63397074,0.52073991,0.76418471,0.3805939,0
2.9964557,-3.3544219,0.73879886,0.75604177,-0.61986303,0.21016818,0
-4.6843538,-1.3471746,-0.081923962,-0.52073991,-0.76418471,-0.3805939,0
0.13017297,3.4909546,-2.5828192,0.39652339,0.17830193,-0.90054297,0
-2.5207734,-1.9356649,1.8381371,-0.39652339,-0.17830193,0.90054297,0
-2.074929,-3.8269262,1.3268125,-0.52073991,-0.76418471,-0.3805939,0
4.1313634,-1.835555,1.1358714,0.75604177,-0.61986303,0.21016818,0
0.57356739,-3.43115,-3.0916083,-0.52073991,-0.76418471,-0.3805939,0
2.5146995,1.0782127,3.5905514,0.52073991,0.76418471,0.3805939,0
1.5417523,4.404038,-1.7560723,0.52073991,0.76418471,0.3805939,0
-0.74343669,4.164063,-2.8342121,0.39652339,0.17830193,-0.90054297,0
-0.22746181,-3.5787187,-1.6993167,-0.52073991,-0.76418471,-0.3805939,0
5.2466054,1.035295,-0.81617785,0.39652339,0.17830193,-0.90054297,0
-4.1585202,-0.26978827,-2.9646423,-0.52073991,-0.76418471,-0.3805939,0
4.6319714,-0.62215042,-1.4149747,0.39652339,0.17830193,-0.90054297,0
-2.4961796,3.0318537,-3.4898241,-0.75604177,0.61986303,-0.21016818,0
3.9850676,-1.4017756,2.9415183,0.75604177,-0.61986303,0.21016818,0
-3.6112695,0.88907194,1.9172549,-0.39652339,-0.17830193,0.90054297,0
-2.405436,-1.5502419,-2.792273,-0.52073991,-0.76418471,-0.3805939,0
-4.7147851,1.2606928,-0.73259497,-0.75604177,0.61986303,-0.21016818,0
-1.6444111,5.1494074,-0.30846405,-0.75604177,0.61986303,-0.21016818,0
-0.32188368,4.0918188,1.4207073,0.52073991,0.76418471,0.3805939,0
-4.1692677,-1.703017,-0.072194338,-0.52073991,-0.76418471,-0.3805939,0
0.32408619,-5.4022274,1.2074156,-0.52073991,-0.76418471,-0.3805939,0
-3.9490261,-1.2791431,-1.2246199,-0.52073991,-0.76418471,-0.3805939,0
5.6739502,-0.11477375,0.66191196,0.75604177,-0.61986303,0.21016818,0
4.6425657,-0.10755432,3.0600123,0.52073991,0.76418471,0.3805939,0
2.5942717,2.0327516,-1.7865523,0.39652339,0.17830193,-0.90054297,0
-2.9689133,-1.0327808,-3.0603042,-0.52073991,-0.76418471,-0.3805939,0
-2.7599258,4.8927755,3.0848236,-0.39652339,-0.17830193,0.90054297,0
-4.263854,1.4881861,1.7485328,-0.39652339,-0.17830193,0.90054297,0
2.0586109,2.3200903,-1.9655209,0.39652339,0.17830193,-0.90054297,0
3.6582756,-2.7814915,0.047805786,0.75604177,-0.61986303,0.21016818,0
0.92795658,-4.3022585,-1.8274174,-0.52073991,-0.76418471,-0.3805939,0
-5.8507013,-0.11705256,-0.70982218,-0.75604177,0.61986303,-0.21016818,0
4.0803733,-1.2392457,3.0780327,0.75604177,-0.61986303,0.21016818,0
-1.5358346,-3.5407643,0.014630437,-0.52073991,-0.76418471,-0.3805939,0
0.11247373,-3.2532589,2.7367225,-0.39652339,-0.17830193,0.90054297,0
-0.20305276,0.44830275,3.330677,-0.39652339,-0.17830193,0.90054297,0
0.088055849,0.82179809,3.5328069,-0.39652339,-0.17830193,0.90054297,0
-4.2760682,2.4926519,1.3226972,-0.75604177,0.61986303,-0.21016818,0
0.0054965019,3.6422925,1.8753679,0.52073991,0.76418471,0.3805939,0
3.788491,0.77440774,2.4577136,0.52073991,0.76418471,0.3805939,0
-4.2319469,1.4989194,-1.7669024,-0.75604177,0.61986303,-0.21016818,0
5.2006907,-0.19046426,2.1411366,0.75604177,-0.61986303,0.21016818,0
-0.55369949,-3.668179,-1.0733229,-0.52073991,-0.76418471,-0.3805939,0
2.0698442,-5.0029826,-1.9828165,-0.52073991,-0.76418471,-0.3805939,0
1.8497219,1.2171093,4.2215066,0.52073991,0.76418471,0.3805939,0
3.3912959,-3.9076984,-2.3133814,0.75604177,-0.61986303,0.21016818,0
0.3306036,4.8815098,-1.0576453,0.52073991,0.76418471,0.3805939,0
0.85660553,-2.1472189,-3.3792825,0.39652339,0.17830193,-0.90054297,0
6.1097794,0.55913687,-0.28610516,0.52073991,0.76418471,0.3805939,0
2.95504,-3.136976,1.5291138,0.75604177,-0.61986303,0.21016818,0
-3.7728908,-0.26742309,-3.4970205,-0.52073991,-0.76418471,-0.3805939,0
-4.8504038,-0.26215219,1.1437092,-0.39652339,-0.17830193,0.90054297,0
5.2116003,-0.50409722,1.1768713,0.75604177,-0.61986303,0.21016818,0
2.7081242,-3.6590457,0.87757206,0.75604177,-0.61986303,0.21016818,0
-1.3288875,-2.1358333,-3.0894458,-0.52073991,-0.76418471,-0.3805939,0
-2.7853539,-1.063902,-3.2489684,-0.52073991,-0.76418471,-0.3805939,0
-5.186481,-0.63752961,-0.81977654,-0.52073991,-0.76418471,-0.3805939,0
4.9945812,-0.78390884,-1.2873392,0.39652339,0.17830193,-0.90054297,0
4.3235793,-1.197957,-1.6647713,0.39652339,0.17830193,-0.90054297,0
-4.6551318,1.080667,-1.4781499,-0.75604177,0.61986303,-0.21016818,0
0.91953826,4.5914178,-2.017364,0.39652339,0.17830193,-0.90054297,0
-4.2274575,0.20753801,-3.8287308,-0.52073991,-0.76418471,-0.3805939,0
-2.7152138,4.6583433,2.0952237,-0.75604177,0.61986303,-0.21016818,0
-0.91425419,-4.8127961,1.7182455,-0.52073991,-0.76418471,-0.3805939,0
3.6701181,2.5793602,-1.0044417,0.52073991,0.76418471,0.3805939,0
-2.2721045,-0.24256492,2.2828536,-0.39652339,-0.17830193,0.90054297,0
-1.712055,4.92946,-0.71383309,-0.75604177,0.61986303,-0.21016818,0
-3.6736569,1.3630432,-4.1759977,-0.75604177,0.61986303,-0.21016818,0
-3.694804,-1.9975178,-0.1300478,-0.52073991,-0.76418471,-0.3805939,0
-1.4853557,2.3237998,-3.5252514,0.39652339,0.17830193,-0.90054297,0
-2.5169697,2.6083252,2.7394938,-0.39652339,-0.17830193,0.90054297,0
6.0674133,-0.026803017,-0.49404287,0.75604177,-0.61986303,0.21016818,0
-5.9512763,-0.6771698,0.30623198,-0.52073991,-0.76418471,-0.3805939,0
-0.57985687,5.1143408,-0.27942145,0.52073991,0.76418471,0.3805939,0
-2.5497496,1.8571503,-4.0863142,0.39652339,0.17830193,-0.90054297,0
2.0814295,1.6346738,3.0660605,0.52073991,0.76418471,0.3805939,0
5.825233,0.13224268,0.84624052,0.75604177,-0.61986303,0.21016818,0
3.4878616,2.443615,-0.48251343,0.52073991,0.76418471,0.3805939,0
2.7443302,-2.3104432,-2.5804043,0.39652339,0.17830193,-0.90054297,0
-3.357491,3.1506801,-0.040949345,-0.75604177,0.61986303,-0.21016818,0
-0.56510371,-1.6641309,2.7530117,-0.39652339,-0.17830193,0.90054297,0
2.2468209,-4.9930639,-1.3974805,0.75604177,-0.61986303,0.21016818,0
4.453743,-1.8527513,-0.074549675,0.75604177,-0.61986303,0.21016818,0
1.5726984,-5.2466893,0.27951646,0.75604177,-0.61986303,0.21016818,0
-3.0825462,2.6765983,2.5039797,-0.39652339,-0.17830193,0.90054297,0
-1.4269662,1.5894799,3.017715,-0.39652339,-0.17830193,0.90054297,0
-4.1856713,2.0093243,-0.42799711,-0.75604177,0.61986303,-0.21016818,0
-1.0697919,1.5325875,-3.4989271,0.39652339,0.17830193,-0.90054297,0
1.0095205,-4.9536533,-0.63109648,-0.52073991,-0.76418471,-0.3805939,0
-0.95180225,0.20518875,-3.7097912,0.39652339,0.17830193,-0.90054297,0
5.7273197,-0.32968283,-0.16392374,0.75604177,-0.61986303,0.21016818,0
2.9673767,-2.260602,-2.472326,0.39652339,0.17830193,-0.90054297,0
3.9208541,-1.3556073,3.308682,0.75604177,-0.61986303,0.21016818,0
1.7024336,-4.4672556,2.1116545,0.75604177,-0.61986303,0.21016818,0
-3.1550307,3.2397799,-0.50647616,-0.75604177,0.61986303,-0.21016818,0
4.1069593,1.1999342,-1.2853847,0.39652339,0.17830193,-0.90054297,0
-2.197298,0.35768414,2.4346378,-0.39652339,-0.17830193,0.90054297,0
1.4629421,-3.6485009,3.2530999,-0.39652339,-0.17830193,0.90054297,0
1.5063787,1.5542734,-2.3603046,0.39652339,0.17830193,-0.90054297,0
-5.5759459,0.29079199,-0.49531984,-0.75604177,0.61986303,-0.21016818,0
-2.1209767,-1.369015,-3.5453608,-0.52073991,-0.76418471,-0.3805939,0
-1.9503227,3.7242489,-3.4113178,-0.75604177,0.61986303,-0.21016818,0
-4.9397678,1.3316078,0.28589058,-0.75604177,0.61986303,-0.21016818,0
5.226213,0.60778046,0.82514668,0.52073991,0.76418471,0.3805939,0
-0.1326108,3.307234,2.7370861,0.52073991,0.76418471,0.3805939,0
2.0935979,3.1561801,-0.0055818558,0.52073991,0.76418471,0.3805939,0
3.7862489,-2.6646287,-2.1917584,0.39652339,0.17830193,-0.90054297,0
-4.6051507,0.87146962,-2.27495,-0.75604177,0.61986303,-0.21016818,0
4.2212191,0.21496069,2.9889419,0.52073991,0.76418471,0.3805939,0
4.5053258,1.1202786,0.78245378,0.52073991,0.76418471,0.3805939,0
2.6811826,0.064626694,-2.1379607,0.39652339,0.17830193,-0.90054297,0
-3.3918231,0.11964393,-4.7955904,-0.52073991,-0.76418471,-0.3805939,0
-2.4512608,3.4549918,-2.4034216,-0.75604177,0.61986303,-0.21016818,0
-2.5076923,-3.3369431,0.93510759,-0.52073991,-0.76418471,-0.3805939,0
2.4067531,-4.7822328,-1.3509903,0.75604177,-0.61986303,0.21016818,0
-2.4284425,4.3328862,0.10372615,-0.75604177,0.61986303,-0.21016818,0
-3.0187318,3.3006177,2.6556296,-0.39652339,-0.17830193,0.90054297,0
4.1670251,-2.7621114,-1.725172,0.75604177,-0.61986303,0.21016818,0
-2.3044393,-1.0684516,-3.8978345,-0.52073991,-0.76418471,-0.3805939,0
-5.2339735,1.2718844,1.2785468,-0.39652339,-0.17830193,0.90054297,0
1.6434374,3.3516018,0.21795899,0.52073991,0.76418471,0.3805939,0
0.018594265,2.6158009,3.8574233,-0.39652339,-0.17830193,0.90054297,0
0.12427139,-4.7996068,0.27082133,-0.52073991,-0.76418471,-0.3805939,0
0.66394091,-4.6956339,2.6939611,-0.39652339,-0.17830193,0.90054297,0
4.6318302,0.0055055618,-1.2907653,0.39652339,0.17830193,-0.90054297,0
0.68628597,-5.7108574,2.0992234,0.75604177,-0.61986303,0.21016818,0
-2.6483157,4.4274054,1.1734514,-0.75604177,0.61986303,-0.21016818,0
3.8163118,0.41145986,3.1484025,0.52073991,0.76418471,0.3805939,0
1.1747274,-3.6311989,-3.5124605,-0.52073991,-0.76418471,-0.3805939,0
1.7324069,3.0854506,0.6306265,0.52073991,0.76418471,0.3805939,0
4.1617417,-0.76240414,4.1917052,0.75604177,-0.61986303,0.21016818,0
-5.1944013,-0.9649539,-0.15151262,-0.52073991,-0.76418471,-0.3805939,0
1.1373434,2.7854538,2.0471647,0.52073991,0.76418471,0.3805939,0
-3.4139845,3.333252,0.70074463,-0.75604177,0.61986303,-0.21016818,0
1.9489057,-4.9057713,-0.068328381,0.75604177,-0.61986303,0.21016818,0
-2.9700809,-2.7719142,0.43325472,-0.52073991,-0.76418471,-0.3805939,0
3.3953326,2.5058866,-0.48094654,0.52073991,0.76418471,0.3805939,0
4.8957162,0.65906477,1.1743708,0.52073991,0.76418471,0.3805939,0
4.1547766,-1.186919,-1.7369123,0.39652339,0.17830193,-0.90054297,0
-1.9250212,-2.7357094,-1.0693222,-0.52073991,-0.76418471,-0.3805939,0
-3.2586598,2.8850718,-1.1798537,-0.75604177,0.61986303,-0.21016818,0
2.2570629,-4.9499192,-1.3070774,0.75604177,-0.61986303,0.21016818,0
-0.51640224,5.5194702,-1.1796923,0.52073991,0.76418471,0.3805939,0
-1.9283509,-0.076782465,2.4670377,-0.39652339,-0.17830193,0.90054297,0
-2.688478,4.3326879,1.0385711,-0.75604177,0.61986303,-0.21016818,0
0.19644547,-0.1678884,-3.2780664,0.39652339,0.17830193,-0.90054297,0
-2.9273634,3.9158785,0.66859579,-0.75604177,0.61986303,-0.21016818,0
6.0015903,-0.1599431,-0.64993668,0.75604177,-0.61986303,0.21016818,0
-1.7013297,-1.7939136,-3.2663906,-0.52073991,-0.76418471,-0.3805939,0
0.14868021,-4.8664255,0.37158728,-0.52073991,-0.76418471,-0.3805939,0
3.980438,-1.5725795,2.4544094,0.75604177,-0.61986303,0.21016818,0
3.6422455,-1.9321524,2.610482,0.75604177,-0.61986303,0.21016818,0
-4.2866387,2.4638734,1.2758441,-0.75604177,0.61986303,-0.21016818,0
3.3848715,1.948952,-1.4550304,0.39652339,0.17830193,-0.90054297,0
-0.95879292,5.6808653,-1.2073849,-0.75604177,0.61986303,-0.21016818,0
-1.083515,0.10919762,2.8758552,-0.39652339,-0.17830193,0.90054297,0
-1.9956101,4.3146343,-1.5071418,-0.75604177,0.61986303,-0.21016818,0
2.6697598,-2.411551,-2.6332583,0.39652339,0.17830193,-0.90054297,0
3.8750825,2.0886414,-1.2115252,0.39652339,0.17830193,-0.90054297,0
-1.5047562,4.4531097,-2.8644843,-0.75604177,0.61986303,-0.21016818,0
0.94891,4.7741179,-1.9682578,0.39652339,0.17830193,-0.90054297,0
-2.6529193,3.8817041,-0.4194603,-0.75604177,0.61986303,-0.21016818,0
0.93411779,-5.6119776,0.79390466,-0.52073991,-0.76418471,-0.3805939,0
-5.0234799,-0.64189148,-1.0340409,-0.52073991,-0.76418471,-0.3805939,0
-2.2817461,1.4350924,-4.0518732,0.39652339,0.17830193,-0.90054297,0
1.5283053,0.60889363,-2.5378294,0.39652339,0.17830193,-0.90054297,0
4.0907183,1.2191106,1.1512904,0.52073991,0.76418471,0.3805939,0
-2.0751572,4.7503796,0.064188957,-0.75604177,0.61986303,-0.21016818,0
-1.2373338,-2.7913494,-1.8985188,-0.52073991,-0.76418471,-0.3805939,0
-2.6733866,3.070637,-2.7379682,-0.75604177,0.61986303,-0.21016818,0
1.9996842,-1.1582367,3.9824927,-0.39652339,-0.17830193,0.90054297,0
3.0575371,-2.4164958,3.2853587,0.75604177,-0.61986303,0.21016818,0
-0.29860616,-0.2942332,-3.5210609,0.39652339,0.17830193,-0.90054297,0
-0.98238778,-4.1721883,0.52520865,-0.52073991,-0.76418471,-0.3805939,0
-2.5524402,-2.5749753,-0.53360307,-0.52073991,-0.76418471,-0.3805939,0
0.29933739,-5.2474704,0.93054509,-0.52073991,-0.76418471,-0.3805939,0
-1.2025754,-1.2086685,2.5625017,-0.39652339,-0.17830193,0.90054297,0
-0.24953938,-3.4734311,-1.8805141,-0.52073991,-0.76418471,-0.3805939,0
0.59578896,3.8975186,0.5552507,0.52073991,0.76418471,0.3805939,0
5.4649115,-0.50600982,0.25999022,0.75604177,-0.61986303,0.21016818,0
-2.3317213,2.0871611,-3.9447727,0.39652339,0.17830193,-0.90054297,0
-3.1793168,3.2956879,-0.25421834,-0.75604177,0.61986303,-0.21016818,0
-0.11588526,4.6384816,0.041223407,0.52073991,0.76418471,0.3805939,0
-1.6644464,-1.7744303,-3.3559761,-0.52073991,-0.76418471,-0.3805939,0
-1.5799007,4.8850584,-1.3201909,-0.75604177,0.61986303,-0.21016818,0
-2.6136317,2.8251984,-3.6768131,-0.75604177,0.61986303,-0.21016818,0
-1.4129205,-2.8806272,-1.4790169,-0.52073991,-0.76418471,-0.3805939,0
-2.4007742,2.2369776,2.7171323,-0.39652339,-0.17830193,0.90054297,0
3.7836056,1.1414427,1.7274375,0.52073991,0.76418471,0.3805939,0
-1.7123506,4.2663794,-2.6684384,-0.75604177,0.61986303,-0.21016818,0
3.3130999,2.7037942,-0.76580739,0.52073991,0.76418471,0.3805939,0
2.4739447,-2.392318,3.9469767,-0.39652339,-0.17830193,0.90054297,0
3.4922938,2.6587336,-0.92051053,0.52073991,0.76418471,0.3805939,0
-1.2388,-1.8050897,-3.8767972,-0.52073991,-0.76418471,-0.3805939,0
-3.7881641,2.0153399,-1.8402166,-0.75604177,0.61986303,-0.21016818,0
0.3683157,4.8570862,-1.0602047,0.52073991,0.76418471,0.3805939,0
0.59460163,-3.4420855,-3.0984304,-0.52073991,-0.76418471,-0.3805939,0
2.1488252,-3.4211004,3.5913367,0.75604177,-0.61986303,0.21016818,0
2.3376389,-4.4146066,-0.0181005,0.75604177,-0.61986303,0.21016818,0
3.8350289,0.70531964,2.5327594,0.52073991,0.76418471,0.3805939,0
-0.55382156,-3.4458282,2.4052145,-0.39652339,-0.17830193,0.90054297,0
-1.4359736,4.5827217,1.9593676,0.52073991,0.76418471,0.3805939,0
-0.48668432,4.9627237,-2.56303,0.39652339,0.17830193,-0.90054297,0
-3.443464,3.8800955,2.5833466,-0.39652339,-0.17830193,0.90054297,0
3.3173976,1.9156723,0.81076217,0.52073991,0.76418471,0.3805939,0
2.6245594,3.0916207,-0.60243201,0.52073991,0.76418471,0.3805939,0
-3.6752267,-2.6052337,1.0633819,-0.52073991,-0.76418471,-0.3805939,0
5.1851239,0.6112895,0.87432003,0.52073991,0.76418471,0.3805939,0
-3.4070766,2.2424097,-2.5413973,-0.75604177,0.61986303,-0.21016818,0
-3.7429454,3.2163572,1.5393596,-0.75604177,0.61986303,-0.21016818,0
5.6514707,0.90830946,-0.36012793,0.52073991,0.76418471,0.3805939,0
-2.9190438,4.3435631,1.9000661,-0.75604177,0.61986303,-0.21016818,0
0.4921723,2.8614182,-2.5480695,0.39652339,0.17830193,-0.90054297,0
-1.7373538,5.2884979,0.43611288,-0.75604177,0.61986303,-0.21016818,0
-2.5918288,3.144815,2.8127542,-0.39652339,-0.17830193,0.90054297,0
2.8612413,-4.5933199,-2.9809227,0.39652339,0.17830193,-0.90054297,0
-0.63502598,5.8265986,-1.6340621,0.52073991,0.76418471,0.3805939,0
2.739393,-0.87642145,-2.2986512,0.39652339,0.17830193,-0.90054297,0
0.21863127,2.9585896,2.9565406,0.52073991,0.76418471,0.3805939,0
-0.68928909,-4.1282001,0.035859302,-0.52073991,-0.76418471,-0.3805939,0
0.67846274,-0.62301683,3.5067081,-0.39652339,-0.17830193,0.90054297,0
5.7185602,-0.1685338,0.34287739,0.75604177,-0.61986303,0.21016818,0
-5.8998599,0.066044807,0.0070400238,-0.75604177,0.61986303,-0.21016818,0
-3.4551229,-0.29191357,-3.8826261,-0.52073991,-0.76418471,-0.3805939,0
2.0491722,-4.3771963,1.1299427,0.75604177,-0.61986303,0.21016818,0
0.29076961,2.5400321,-2.7003825,0.39652339,0.17830193,-0.90054297,0
-0.83210111,2.8153465,-3.14029,0.39652339,0.17830193,-0.90054297,0
3.9929743,2.0979645,-0.4796021,0.52073991,0.76418471,0.3805939,0
4.9908018,-1.2774458,-0.30973434,0.75604177,-0.61986303,0.21016818,0
-0.70800048,2.9682462,-3.0553732,0.39652339,0.17830193,-0.90054297,0
-1.6900167,-1.1389182,2.3616836,-0.39652339,-0.17830193,0.90054297,0
-0.77338839,-2.7727096,-2.5707283,-0.52073991,-0.76418471,-0.3805939,0
2.8696632,3.0428843,-1.4652929,0.39652339,0.17830193,-0.90054297,0
-4.1418023,2.0841787,-0.36503696,-0.75604177,0.61986303,-0.21016818,0
-2.0086658,1.9584904,-3.8280022,0.39652339,0.17830193,-0.90054297,0
-2.6573248,-1.9865746,1.7679317,-0.39652339,-0.17830193,0.90054297,0
-4.2481875,0.62726915,-4.279295,-0.75604177,0.61986303,-0.21016818,0
-1.4611473,4.9637289,-1.5153565,-0.75604177,0.61986303,-0.21016818,0
-2.5381532,4.2812161,3.061389,-0.39652339,-0.17830193,0.90054297,0
3.8697703,-2.0018892,1.5863235,0.75604177,-0.61986303,0.21016818,0
-3.5423856,2.5522256,2.2768795,-0.39652339,-0.17830193,0.90054297,0
-0.61036229,-4.9987764,1.6758761,-0.52073991,-0.76418471,-0.3805939,0
1.0119958,-3.002887,3.1823685,-0.39652339,-0.17830193,0.90054297,0
-2.4262109,4.3025556,0.0062420368,-0.75604177,0.61986303,-0.21016818,0
-6.0810127,-0.19817638,-0.1205821,-0.75604177,0.61986303,-0.21016818,0
3.2353885,-0.71463627,4.6144233,-0.39652339,-0.17830193,0.90054297,0
1.6707742,-2.7028122,3.5318522,-0.39652339,-0.17830193,0.90054297,0
-2.4968815,4.4231453,3.1076622,-0.39652339,-0.17830193,0.90054297,0
-1.3595634,4.5853367,1.8495698,0.52073991,0.76418471,0.3805939,0
3.8769932,-1.9899095,1.5956731,0.75604177,-0.61986303,0.21016818,0
3.8685703,-2.8767076,-0.98952031,0.75604177,-0.61986303,0.21016818,0
2.0781093,-1.6271291,3.9241867,-0.39652339,-0.17830193,0.90054297,0
-3.8863249,2.1811357,-0.99810743,-0.75604177,0.61986303,-0.21016818,0
2.7249074,1.6271399,2.2007611,0.52073991,0.76418471,0.3805939,0
2.9159069,1.8809042,1.4299045,0.52073991,0.76418471,0.3805939,0
2.9527636,-4.0185599,-1.0628123,0.75604177,-0.61986303,0.21016818,0
-0.66384238,2.2666543,-3.1748405,0.39652339,0.17830193,-0.90054297,0
1.1055386,4.3354392,-1.9861472,0.39652339,0.17830193,-0.90054297,0
1.7190888,2.4838271,1.8568325,0.52073991,0.76418471,0.3805939,0
2.4336045,-3.2233758,-2.8979774,0.39652339,0.17830193,-0.90054297,0
-2.3577044,-1.2970271,2.0363855,-0.39652339,-0.17830193,0.90054297,0
0.25834846,-3.8856246,-1.7477887,-0.52073991,-0.76418471,-0.3805939,0
0.71751928,3.4409425,1.3054423,0.52073991,0.76418471,0.3805939,0
1.9471297,0.14771402,4.2179227,-0.39652339,-0.17830193,0.90054297,0
0.70865858,3.1618433,-2.3932648,0.39652339,0.17830193,-0.90054297,0
-4.8811579,-0.27241373,-1.9706352,-0.52073991,-0.76418471,-0.3805939,0
3.0288861,-3.4274232,0.40682793,0.75604177,-0.61986303,0.21016818,0
-1.2985128,-2.0909739,2.3455679,-0.39652339,-0.17830193,0.90054297,0
-3.4051542,1.5780363,-4.5077953,-0.75604177,0.61986303,-0.21016818,0
-1.0502021,5.449419,-1.5611778,-0.75604177,0.61986303,-0.21016818,0
2.6847577,2.7762063,-0.051485538,0.52073991,0.76418471,0.3805939,0
3.461843,-1.9682326,3.153034,0.75604177,-0.61986303,0.21016818,0
-0.8285228,-2.3520236,2.5008259,-0.39652339,-0.17830193,0.90054297,0
0.44893157,-2.1846528,3.0964475,-0.39652339,-0.17830193,0.90054297,0
6.148664,0.14366817,-0.59552336,0.39652339,0.17830193,-0.90054297,0
4.2837329,-1.3935543,1.8913724,0.75604177,-0.61986303,0.21016818,0
-2.6940713,3.7235751,2.8823256,-0.39652339,-0.17830193,0.90054297,0
4.9558125,-1.1920254,0.068070889,0.75604177,-0.61986303,0.21016818,0
3.1990852,-3.3489854,0.025908947,0.75604177,-0.61986303,0.21016818,0
2.3464386,-0.50835967,-2.3988013,0.39652339,0.17830193,-0.90054297,0
-2.787451,-2.6227148,-0.11619806,-0.52073991,-0.76418471,-0.3805939,0
-0.4072547,-4.0222187,-0.56282669,-0.52073991,-0.76418471,-0.3805939,0
3.6695516,-2.1841788,1.7689354,0.75604177,-0.61986303,0.21016818,0
1.5986509,-5.0135856,-1.3168272,-0.52073991,-0.76418471,-0.3805939,0
-1.069315,5.6232157,-0.63148761,0.52073991,0.76418471,0.3805939,0
-2.2521753,5.1096363,1.7605581,-0.75604177,0.61986303,-0.21016818,0
3.4734383,-2.3844573,1.8837223,0.75604177,-0.61986303,0.21016818,0
2.747426,0.73975635,-1.9751211,0.39652339,0.17830193,-0.90054297,0
1.611006,-4.8366089,1.3511894,0.75604177,-0.61986303,0.21016818,0
-2.1938589,3.9056234,-2.0002999,-0.75604177,0.61986303,-0.21016818,0
-5.1967678,1.3022394,1.1237841,-0.75604177,0.61986303,-0.21016818,0
-1.6278439,-0.62743807,2.4903293,-0.39652339,-0.17830193,0.90054297,0
-3.0528979,2.4933896,-3.0752602,-0.75604177,0.61986303,-0.21016818,0
1.3636618,2.5701246,2.1698632,0.52073991,0.76418471,0.3805939,0
1.4729846,-4.8441973,1.8253161,0.75604177,-0.61986303,0.21016818,0
-0.75844431,4.1623135,1.8764772,0.52073991,0.76418471,0.3805939,0
-2.1664507,4.3777909,-0.70630169,-0.75604177,0.61986303,-0.21016818,0
4.9772429,-0.36853409,-1.2127318,0.39652339,0.17830193,-0.90054297,0
5.7024727,-0.018806934,0.84234905,0.75604177,-0.61986303,0.21016818,0
-4.1320124,2.6979885,1.4100957,-0.75604177,0.61986303,-0.21016818,0
-2.7987988,2.9997439,-2.4959083,-0.75604177,0.61986303,-0.21016818,0
4.6799994,-0.50975847,3.0725138,0.75604177,-0.61986303,0.21016818,0
2.6575167,-1.9725096,4.1109257,-0.39652339,-0.17830193,0.90054297,0
-1.875555,-0.78678,-4.3129382,0.39652339,0.17830193,-0.90054297,0
2.2166982,-3.5990434,2.8223569,0.75604177,-0.61986303,0.21016818,0
-0.71319032,1.5982599,3.3337402,-0.39652339,-0.17830193,0.90054297,0
-1.9909396,-3.8690903,1.2965567,-0.52073991,-0.76418471,-0.3805939,0
-1.7904298,4.269762,-2.3775849,-0.75604177,0.61986303,-0.21016818,0
2.7266781,-0.97383118,4.3391113,-0.39652339,-0.17830193,0.90054297,0
-3.0642319,3.6882024,0.48945427,-0.75604177,0.61986303,-0.21016818,0
2.2817323,-0.88923216,4.1599441,-0.39652339,-0.17830193,0.90054297,0
3.5999482,0.10047892,4.0688486,0.52073991,0.76418471,0.3805939,0
2.5648928,-3.2544346,2.5861681,0.75604177,-0.61986303,0.21016818,0
-3.6430004,-0.42268044,-3.3630033,-0.52073991,-0.76418471,-0.3805939,0
-0.40975094,-3.9320116,-0.74053508,-0.52073991,-0.76418471,-0.3805939,0
4.8943634,-1.6079986,-0.93773556,0.75604177,-0.61986303,0.21016818,0
1.2948613,-5.3783588,-0.16875386,-0.52073991,-0.76418471,-0.3805939,0
-4.2507133,-1.793442,0.22080517,-0.52073991,-0.76418471,-0.3805939,0
-4.3831367,1.4971994,-1.228097,-0.75604177,0.61986303,-0.21016818,0
5.5135837,-0.26688766,0.79015923,0.75604177,-0.61986303,0.21016818,0
1.2076283,-5.1044159,-0.59944153,-0.52073991,-0.76418471,-0.3805939,0
1.5062156,-4.5285277,2.6367984,0.75604177,-0.61986303,0.21016818,0
-1.682183,-3.4155409,-0.036564231,-0.52073991,-0.76418471,-0.3805939,0
-3.3475571,-1.2817366,1.6035652,-0.39652339,-0.17830193,0.90054297,0
2.9220152,-1.7746251,-2.3960788,0.39652339,0.17830193,-0.90054297,0
2.5269566,-3.2847514,2.6332219,0.75604177,-0.61986303,0.21016818,0
-4.402287,1.0184665,-2.571167,-0.75604177,0.61986303,-0.21016818,0
-3.934227,1.3841319,-3.176445,-0.75604177,0.61986303,-0.21016818,0
2.8694055,-3.5404291,0.64723611,0.75604177,-0.61986303,0.21016818,0
4.0671239,-1.9668465,0.97973442,0.75604177,-0.61986303,0.21016818,0
-4.0830555,2.8039331,1.546452,-0.75604177,0.61986303,-0.21016818,0
3.5700009,0.69314444,2.9198248,0.52073991,0.76418471,0.3805939,0
-0.033897877,4.7603359,-2.4037323,0.39652339,0.17830193,-0.90054297,0
-0.93291283,5.4082627,-2.1044898,-0.75604177,0.61986303,-0.21016818,0
-2.347168,-3.0968201,0.23333776,-0.52073991,-0.76418471,-0.3805939,0
-0.2802279,5.3973379,-2.3860731,0.39652339,0.17830193,-0.90054297,0
3.194824,-4.074688,-2.0991251,0.75604177,-0.61986303,0.21016818,0
3.7181997,-2.856885,-0.3901248,0.75604177,-0.61986303,0.21016818,0
1.0017581,3.5387919,0.72006929,0.52073991,0.76418471,0.3805939,0
2.1256161,0.94388688,4.3926158,0.52073991,0.76418471,0.3805939,0
-3.164258,4.0352807,1.8729408,-0.75604177,0.61986303,-0.21016818,0
-2.614701,-2.581461,-0.43539357,-0.52073991,-0.76418471,-0.3805939,0
2.2598181,2.3398838,1.4060105,0.52073991,0.76418471,0.3805939,0
2.384093,1.5888736,2.7439082,0.52073991,0.76418471,0.3805939,0
4.5713573,-1.9762735,-0.8619585,0.75604177,-0.61986303,0.21016818,0
0.80739069,-5.2420468,0.22452152,-0.52073991,-0.76418471,-0.3805939,0
-2.719409,3.1728899,-2.2708287,-0.75604177,0.61986303,-0.21016818,0
-0.12321568,3.4246366,2.4885006,0.52073991,0.76418471,0.3805939,0
0.56592822,-3.7981391,2.8285029,-0.39652339,-0.17830193,0.90054297,0
3.5707729,-3.4728847,-1.6765916,0.75604177,-0.61986303,0.21016818,0
-1.6382284,4.7686057,1.8628663,0.52073991,0.76418471,0.3805939,0
-0.93778753,-0.92610931,-3.9276104,0.39652339,0.17830193,-0.90054297,0
0.51511812,-5.0886822,0.3164804,-0.52073991,-0.76418471,-0.3805939,0
-5.5858636,0.32565355,-0.3568244,-0.75604177,0.61986303,-0.21016818,0
2.3267968,1.89393,2.2097883,0.52073991,0.76418471,0.3805939,0
4.8041186,-0.13548172,2.8950455,0.52073991,0.76418471,0.3805939,0
-1.2019117,0.071270466,2.8162141,-0.39652339,-0.17830193,0.90054297,0
-2.5481,3.6068339,-1.6072218,-0.75604177,0.61986303,-0.21016818,0
-2.029104,5.0495205,0.78079605,-0.75604177,0.61986303,-0.21016818,0
-1.854795,4.4468684,2.8051872,0.52073991,0.76418471,0.3805939,0
1.6506801,3.8303335,-0.75318372,0.52073991,0.76418471,0.3805939,0
-3.7239664,-0.23358297,1.6453538,-0.39652339,-0.17830193,0.90054297,0
-1.5355182,5.3422527,-0.13141274,-0.75604177,0.61986303,-0.21016818,0
-5.0067153,0.4919138,-1.9498425,-0.75604177,0.61986303,-0.21016818,0
3.7264721,-1.2639947,-1.9407616,0.39652339,0.17830193,-0.90054297,0
1.3814425,-5.110013,1.3706349,0.75604177,-0.61986303,0.21016818,0
3.2815087,1.0797756,-1.6726341,0.39652339,0.17830193,-0.90054297,0
-1.6684942,5.0316854,1.3760445,0.52073991,0.76418471,0.3805939,0
-2.4195261,1.4227604,-4.1149821,0.39652339,0.17830193,-0.90054297,0
4.3469839,-0.65512115,3.8417482,0.75604177,-0.61986303,0.21016818,0
-0.98724353,4.6997609,-2.8354993,0.39652339,0.17830193,-0.90054297,0
3.3793697,1.2994168,1.9633338,0.52073991,0.76418471,0.3805939,0
2.7968833,0.70781112,3.9481797,0.52073991,0.76418471,0.3805939,0
-0.058434963,-3.63643,-1.8147072,-0.52073991,-0.76418471,-0.3805939,0
-3.0802932,1.8350368,2.3383472,-0.39652339,-0.17830193,0.90054297,0
1.3855724,-4.659121,2.6856232,0.75604177,-0.61986303,0.21016818,0
4.3420553,-0.87490118,3.2112644,0.75604177,-0.61986303,0.21016818,0
-0.12000513,-2.8740053,-3.2613175,-0.52073991,-0.76418471,-0.3805939,0
-3.2772627,3.3114688,0.14466953,-0.75604177,0.61986303,-0.21016818,0
1.4108198,2.4257979,-2.2298243,0.39652339,0.17830193,-0.90054297,0
4.6503925,-1.2334919,1.0444651,0.75604177,-0.61986303,0.21016818,0
-1.9141124,2.4988172,-3.6793873,0.39652339,0.17830193,-0.90054297,0
-4.7364736,-1.345607,-0.013759613,-0.52073991,-0.76418471,-0.3805939,0
4.313653,-0.40446234,-1.5120349,0.39652339,0.17830193,-0.90054297,0
-2.4361112,-0.84788525,-4.1605468,-0.52073991,-0.76418471,-0.3805939,0
-1.8325151,3.630971,-3.4192996,0.39652339,0.17830193,-0.90054297,0
-2.529573,3.505842,2.9116473,-0.39652339,-0.17830193,0.90054297,0
2.1250558,-3.4774671,3.5105977,0.75604177,-0.61986303,0.21016818,0
-5.3521285,0.20726132,-1.5468268,-0.75604177,0.61986303,-0.21016818,0
-0.23174256,-1.2472245,2.9823411,-0.39652339,-0.17830193,0.90054297,0
4.7358494,0.011459351,-1.2437849,0.39652339,0.17830193,-0.90054297,0
-0.92623949,-1.5995994,-4.055872,0.39652339,0.17830193,-0.90054297,0
1.9462471,0.29581428,-2.4157906,0.39652339,0.17830193,-0.90054297,0
5.0213623,0.72525454,0.86955643,0.52073991,0.76418471,0.3805939,0
0.88899851,-4.3098221,-1.7589271,-0.52073991,-0.76418471,-0.3805939,0
-5.2065248,0.73170543,-0.52382946,-0.75604177,0.61986303,-0.21016818,0
4.8958693,-0.36353779,2.7272189,0.75604177,-0.61986303,0.21016818,0
4.4442735,-2.3113165,-1.3929634,0.75604177,-0.61986303,0.21016818,0
1.0453453,-4.7861924,-1.0163544,-0.52073991,-0.76418471,-0.3805939,0
2.1512263,3.7364919,-1.6443024,0.39652339,0.17830193,-0.90054297,0
-0.28533649,-2.8389261,-3.1055405,-0.52073991,-0.76418471,-0.3805939,0
-0.097723722,0.085458279,3.3052144,-0.39652339,-0.17830193,0.90054297,0
-0.61746359,5.7467175,-1.4977008,0.52073991,0.76418471,0.3805939,0
2.511708,-1.2640991,-2.4756622,0.39652339,0.17830193,-0.90054297,0
1.9435937,2.6543298,-1.9499876,0.39652339,0.17830193,-0.90054297,0
4.6279335,-0.4356848,3.4782803,0.75604177,-0.61986303,0.21016818,0
1.335336,4.2001719,-1.0643103,0.52073991,0.76418471,0.3805939,0
-0.43833399,-4.0314393,2.3401182,-0.39652339,-0.17830193,0.90054297,0
-3.237819,-1.593353,1.5901866,-0.39652339,-0.17830193,0.90054297,0
-2.5400724,4.3055534,0.42468071,-0.75604177,0.61986303,-0.21016818,0
-2.8792546,4.1398244,1.1560307,-0.75604177,0.61986303,-0.21016818,0
5.1504312,-0.41142964,1.670228,0.75604177,-0.61986303,0.21016818,0
3.6777606,-2.2208598,1.6312196,0.75604177,-0.61986303,0.21016818,0
-1.2740531,4.4217939,-3.0168219,0.39652339,0.17830193,-0.90054297,0
4.2524881,-0.79001963,3.7838144,0.75604177,-0.61986303,0.21016818,0
-3.8709023,0.14016056,1.6546545,-0.39652339,-0.17830193,0.90054297,0
-0.92143393,5.0981016,0.22054052,0.52073991,0.76418471,0.3805939,0
0.45877671,-4.6856651,2.6055977,-0.39652339,-0.17830193,0.90054297,0
2.1620362,0.48542684,4.3794141,-0.39652339,-0.17830193,0.90054297,0
-1.07955,5.1171231,-2.4356673,-0.75604177,0.61986303,-0.21016818,0
-1.750298,1.7352319,-3.7584426,0.39652339,0.17830193,-0.90054297,0
-3.9748855,-0.21215057,1.5391142,-0.39652339,-0.17830193,0.90054297,0
2.2156093,2.0150883,2.1186469,0.52073991,0.76418471,0.3805939,0
