-0.47903684,3.5493567,2.1477432,-0.46672153,0.27325803,0.84113079,0
4.0080733,4.6151385,0.31602716,0.043399885,0.95700115,-0.28681934,0
-2.4340658,-5.0887432,-1.6580865,-0.043399885,-0.95700115,0.28681934,0
1.453052,-4.3399782,1.4284191,-0.043399885,-0.95700115,0.28681934,0
2.3125272,3.499414,3.7129343,-0.46672153,0.27325803,0.84113079,0
2.953567,-2.7804291,4.7145967,0.88333881,0.097359762,0.45851243,0
2.4885087,4.8576136,0.89513826,0.043399885,0.95700115,-0.28681934,0
3.7136588,1.6239794,2.3150313,0.88333881,0.097359762,0.45851243,0
-3.0209134,-1.3692012,2.3352132,-0.46672153,0.27325803,0.84113079,0
-2.2254121,-5.1413455,-1.802027,-0.043399885,-0.95700115,0.28681934,0
3.9550848,1.2060633,1.9386561,0.88333881,0.097359762,0.45851243,0
-2.8748341,0.032864213,-4.2828655,-0.88333881,-0.097359762,-0.45851243,0
-2.536309,0.73348618,1.9210078,-0.46672153,0.27325803,0.84113079,0
2.7186913,4.1454196,3.6964695,0.88333881,0.097359762,0.45851243,0
2.4161928,2.5669529,-3.05987,0.46672153,-0.27325803,-0.84113079,0
-3.9056525,-4.3517771,0.57820129,-0.043399885,-0.95700115,0.28681934,0
1.0490701,5.0713243,1.3903964,0.043399885,0.95700115,-0.28681934,0
-5.1603551,-0.15169001,0.15945148,-0.88333881,-0.097359762,-0.45851243,0
-1.9406738,-5.1880589,-1.9148054,-0.043399885,-0.95700115,0.28681934,0
-1.1781421,-5.3653741,-2.3910537,-0.043399885,-0.95700115,0.28681934,0
1.2459846,4.4829793,-0.54287815,0.043399885,0.95700115,-0.28681934,0
-2.0291922,4.3649611,-1.4322393,0.043399885,0.95700115,-0.28681934,0
-4.1534152,-2.11096,-1.3644233,-0.88333881,-0.097359762,-0.45851243,0
0.20185697,3.9068871,-2.6230597,0.043399885,0.95700115,-0.28681934,0
-4.2753944,4.1751046,-2.4055974,0.043399885,0.95700115,-0.28681934,0
2.0478377,-3.8908811,3.0168772,-0.043399885,-0.95700115,0.28681934,0
-0.37829915,4.9402971,0.73722935,0.043399885,0.95700115,-0.28681934,0
-3.4701099,1.6944287,-3.4888623,-0.88333881,-0.097359762,-0.45851243,0
-3.6020887,-4.4505954,0.29441833,-0.043399885,-0.95700115,0.28681934,0
-0.070636988,-1.7166309,-3.0481403,0.46672153,-0.27325803,-0.84113079,0
3.6294274,3.0377498,2.1771085,0.88333881,0.097359762,0.45851243,0
2.3751101,4.5390534,-0.18492937,0.043399885,0.95700115,-0.28681934,0
2.1482382,3.6094344,-3.3210254,0.043399885,0.95700115,-0.28681934,0
-2.8591857,-0.17835712,-4.2681618,-0.88333881,-0.097359762,-0.45851243,0
-1.2675385,4.3406448,-1.3981247,0.043399885,0.95700115,-0.28681934,0
5.3096218,2.2003446,-0.88202548,0.88333881,0.097359762,0.45851243,0
3.212781,-4.4494605,1.3293924,-0.043399885,-0.95700115,0.28681934,0
3.0316639,4.7979903,0.77838564,0.043399885,0.95700115,-0.28681934,0
0.17121911,4.261961,-1.442955,0.043399885,0.95700115,-0.28681934,0
4.7924209,-3.3657467,0.185992,0.46672153,-0.27325803,-0.84113079,0
-2.0040729,-3.881423,2.4353209,-0.043399885,-0.95700115,0.28681934,0
-0.15848804,3.3863974,-4.4142518,0.043399885,0.95700115,-0.28681934,0
1.793865,-1.0589552,-2.2272356,0.46672153,-0.27325803,-0.84113079,0
-1.311273,1.5405751,2.3385496,-0.46672153,0.27325803,0.84113079,0
-2.0787683,-5.0369058,-1.4313631,-0.043399885,-0.95700115,0.28681934,0
-2.0570893,3.6592331,-3.7911904,0.043399885,0.95700115,-0.28681934,0
0.18693209,-4.341794,1.2307773,-0.043399885,-0.95700115,0.28681934,0
-3.4554462,4.0427389,-2.7231793,0.043399885,0.95700115,-0.28681934,0
3.8046105,-4.1391339,-0.11086822,0.46672153,-0.27325803,-0.84113079,0
5.1257105,-3.4334948,0.6685648,0.88333881,0.097359762,0.45851243,0
0.5708375,-3.7293029,3.3325076,-0.043399885,-0.95700115,0.28681934,0
1.026356,-4.2561326,1.6436133,-0.043399885,-0.95700115,0.28681934,0
3.0003033,4.5949941,3.0584736,0.88333881,0.097359762,0.45851243,0
1.5240037,-1.676021,-2.1765087,0.46672153,-0.27325803,-0.84113079,0
-0.3004899,3.7257173,-3.3035631,0.043399885,0.95700115,-0.28681934,0
1.7483722,-4.334547,-1.1883376,0.46672153,-0.27325803,-0.84113079,0
4.0119028,4.8271308,1.0239391,0.043399885,0.95700115,-0.28681934,0
-2.5530088,-4.5946903,-0.027625561,-0.043399885,-0.95700115,0.28681934,0
3.9016533,0.84828258,-1.6772828,0.46672153,-0.27325803,-0.84113079,0
3.1025233,5.0187321,1.5256341,0.043399885,0.95700115,-0.28681934,0
4.788034,3.8690925,-2.0552087,0.043399885,0.95700115,-0.28681934,0
-3.3722894,-4.8958697,-1.1565104,-0.043399885,-0.95700115,0.28681934,0
-2.2918692,-4.9625516,-1.2155187,-0.043399885,-0.95700115,0.28681934,0
3.8453755,1.6890786,-1.9816594,0.46672153,-0.27325803,-0.84113079,0
4.9151759,-0.83032799,0.52141392,0.88333881,0.097359762,0.45851243,0
4.5832491,3.2174902,0.30137396,0.88333881,0.097359762,0.45851243,0
-0.8994689,1.9817529,-4.7095304,0.46672153,-0.27325803,-0.84113079,0
-4.5896506,1.3201618,-1.2525605,-0.88333881,-0.097359762,-0.45851243,0
0.82808375,-3.5089304,4.1067262,-0.043399885,-0.95700115,0.28681934,0
3.1986289,4.5617208,2.6834576,0.88333881,0.097359762,0.45851243,0
0.72205114,-5.1119685,-1.5052557,0.46672153,-0.27325803,-0.84113079,0
2.5898032,5.448565,2.8822324,0.043399885,0.95700115,-0.28681934,0
-5.0681705,2.9119258,-0.19156551,-0.46672153,0.27325803,0.84113079,0
-3.7150347,4.8429251,-0.092559099,0.043399885,0.95700115,-0.28681934,0
5.0794959,-3.3074505,0.73083484,0.88333881,0.097359762,0.45851243,0
0.036518097,4.2535028,-1.4915586,0.043399885,0.95700115,-0.28681934,0
4.1147432,4.3265562,-0.63071585,0.043399885,0.95700115,-0.28681934,0
0.89777803,-2.9540067,5.0244484,-0.46672153,0.27325803,0.84113079,0
-4.8452191,-1.8953884,-0.077413321,-0.88333881,-0.097359762,-0.45851243,0
2.1529217,-2.1078269,5.4459972,-0.46672153,0.27325803,0.84113079,0
-5.2778316,1.8614292,-0.041689187,-0.88333881,-0.097359762,-0.45851243,0
2.7688417,3.0350728,3.8356221,0.88333881,0.097359762,0.45851243,0
1.1841488,4.7847519,0.45465899,0.043399885,0.95700115,-0.28681934,0
-3.3130889,3.9324627,-3.0695858,0.043399885,0.95700115,-0.28681934,0
4.474411,0.70449293,1.0446599,0.88333881,0.097359762,0.45851243,0
1.2956438,-2.4003241,5.0653381,-0.46672153,0.27325803,0.84113079,0
-1.7038922,-5.1136208,-1.6306076,-0.043399885,-0.95700115,0.28681934,0
1.5752392,-4.3862038,1.2926717,-0.043399885,-0.95700115,0.28681934,0
1.2072883,-3.9378352,-1.6174506,0.46672153,-0.27325803,-0.84113079,0
0.42296609,-4.8760266,-0.51602674,-0.043399885,-0.95700115,0.28681934,0
1.2724479,3.7670596,-2.9276123,0.043399885,0.95700115,-0.28681934,0
-1.0496528,-2.374846,3.7557178,-0.46672153,0.27325803,0.84113079,0
-0.17067611,0.36889935,3.3520792,-0.46672153,0.27325803,0.84113079,0
5.023344,-1.5294373,-0.28243604,0.46672153,-0.27325803,-0.84113079,0
-0.35281229,0.71024203,-3.9931297,0.46672153,-0.27325803,-0.84113079,0
3.9058845,3.5008678,1.5461681,0.88333881,0.097359762,0.45851243,0
2.923306,2.3575504,3.6819057,0.88333881,0.097359762,0.45851243,0
-1.5910782,-3.5360622,3.6501431,-0.043399885,-0.95700115,0.28681934,0
4.9452558,-0.29848337,0.35053378,0.88333881,0.097359762,0.45851243,0
-2.96134,-5.2892408,-2.9861228,-0.88333881,-0.097359762,-0.45851243,0
1.7527003,1.1841592,4.1544576,-0.46672153,0.27325803,0.84113079,0
3.2785602,4.7304387,2.4936423,0.88333881,0.097359762,0.45851243,0
4.6448307,-1.8874481,1.2667091,0.88333881,0.097359762,0.45851243,0
2.6002023,-2.2367005,-1.3972062,0.46672153,-0.27325803,-0.84113079,0
-2.1728292,3.1680434,-5.447607,0.043399885,0.95700115,-0.28681934,0
-2.9082541,0.015781999,-4.2148538,-0.88333881,-0.097359762,-0.45851243,0
-3.702486,-0.43754572,-2.5884824,-0.88333881,-0.097359762,-0.45851243,0
2.8228841,-3.0732737,5.0285454,0.88333881,0.097359762,0.45851243,0
-0.05028367,3.6510231,-3.5149269,0.043399885,0.95700115,-0.28681934,0
3.6463199,-1.5950329,3.1282818,0.88333881,0.097359762,0.45851243,0
-1.312408,-4.7183609,-0.25254631,-0.043399885,-0.95700115,0.28681934,0
-5.4102201,-2.5882311,1.1581969,-0.88333881,-0.097359762,-0.45851243,0
1.2145321,-4.3613348,1.3210697,-0.043399885,-0.95700115,0.28681934,0
1.1742644,3.0940399,3.2130358,-0.46672153,0.27325803,0.84113079,0
0.18953419,-3.8962908,2.7176366,-0.043399885,-0.95700115,0.28681934,0
1.005344,5.0286736,1.2414715,0.043399885,0.95700115,-0.28681934,0
-2.7477455,-3.5433936,-3.7683291,-0.88333881,-0.097359762,-0.45851243,0
2.0842745,3.687608,-3.0698686,0.043399885,0.95700115,-0.28681934,0
-0.69395947,0.83451033,-4.2227945,0.46672153,-0.27325803,-0.84113079,0
-2.4110317,-0.98647261,2.5492835,-0.46672153,0.27325803,0.84113079,0
-1.4152988,-3.4767017,3.874805,-0.043399885,-0.95700115,0.28681934,0
-3.8186514,4.7608294,-0.38215613,0.043399885,0.95700115,-0.28681934,0
4.1464815,-2.0514307,-0.59940493,0.46672153,-0.27325803,-0.84113079,0
-1.6577954,4.1189137,-2.1970041,0.043399885,0.95700115,-0.28681934,0
-4.1954923,3.1714272,-2.4050133,-0.88333881,-0.097359762,-0.45851243,0
-4.3441257,-3.0750368,-0.79230356,-0.88333881,-0.097359762,-0.45851243,0
3.3284771,-4.4998374,1.1788118,-0.043399885,-0.95700115,0.28681934,0
3.3907104,0.37097406,-1.8057287,0.46672153,-0.27325803,-0.84113079,0
1.5038819,4.2316828,-1.3423324,0.043399885,0.95700115,-0.28681934,0
-0.17860562,-5.2690263,-1.9183352,-0.043399885,-0.95700115,0.28681934,0
2.483304,4.5277314,-0.20633411,0.043399885,0.95700115,-0.28681934,0
4.392252,-1.9736586,-0.48829883,0.46672153,-0.27325803,-0.84113079,0
-3.073514,-1.2079098,-3.6366389,-0.88333881,-0.097359762,-0.45851243,0
0.030324459,3.7091515,-3.3087788,0.043399885,0.95700115,-0.28681934,0
-3.7249498,3.4460473,0.38023293,-0.46672153,0.27325803,0.84113079,0
-1.0302014,4.0217104,-2.4263692,0.043399885,0.95700115,-0.28681934,0
2.4005234,0.019655704,-2.2410247,0.46672153,-0.27325803,-0.84113079,0
-3.2975626,2.1738203,-3.9230735,-0.88333881,-0.097359762,-0.45851243,0
4.4009566,-2.3286951,1.8302344,0.88333881,0.097359762,0.45851243,0
-2.5097265,2.1304567,-5.4316559,-0.88333881,-0.097359762,-0.45851243,0
4.7786756,-3.829659,0.32907557,0.46672153,-0.27325803,-0.84113079,0
4.3533201,4.220212,-0.94944286,0.043399885,0.95700115,-0.28681934,0
5.1785498,-1.1973674,0.09195289,0.88333881,0.097359762,0.45851243,0
2.288455,-4.9675164,-0.53901458,-0.043399885,-0.95700115,0.28681934,0
4.1825304,2.3075941,-1.9955173,0.46672153,-0.27325803,-0.84113079,0
-3.1613226,-4.6132326,-0.18154383,-0.043399885,-0.95700115,0.28681934,0
-3.235841,3.9486663,0.48834085,-0.46672153,0.27325803,0.84113079,0
-5.0240831,-2.5272751,0.40134692,-0.88333881,-0.097359762,-0.45851243,0
-4.0504951,-0.37241518,-1.9318615,-0.88333881,-0.097359762,-0.45851243,0
-2.2630351,1.0094445,1.9829899,-0.46672153,0.27325803,0.84113079,0
-1.6280429,4.2786789,-1.6594286,0.043399885,0.95700115,-0.28681934,0
1.1727998,-3.835597,3.0689306,-0.043399885,-0.95700115,0.28681934,0
4.1183062,1.3639288,-1.7245858,0.46672153,-0.27325803,-0.84113079,0
0.91356498,-4.5032978,-1.5967283,0.46672153,-0.27325803,-0.84113079,0
4.9537177,-2.4104772,0.78268802,0.88333881,0.097359762,0.45851243,0
0.69093788,-4.964601,-0.77101588,-0.043399885,-0.95700115,0.28681934,0
2.663486,2.4223309,-2.8756702,0.46672153,-0.27325803,-0.84113079,0
-0.73158574,0.60814357,-4.1701326,0.46672153,-0.27325803,-0.84113079,0
2.1739001,-1.174531,5.1544371,-0.46672153,0.27325803,0.84113079,0
-1.3588235,3.6652238,1.6219308,-0.46672153,0.27325803,0.84113079,0
-5.0079169,0.42780781,-0.25727451,-0.88333881,-0.097359762,-0.45851243,0
-0.01260066,3.5400503,2.40958,-0.46672153,0.27325803,0.84113079,0
-2.4699144,2.8227677,-5.6553583,-0.88333881,-0.097359762,-0.45851243,0
-2.8802004,-1.0006893,-4.0530639,-0.88333881,-0.097359762,-0.45851243,0
2.1322134,4.7605495,0.51736259,0.043399885,0.95700115,-0.28681934,0
3.6140127,-4.571147,0.9840858,-0.043399885,-0.95700115,0.28681934,0
0.71386957,-0.83086514,-2.9005966,0.46672153,-0.27325803,-0.84113079,0
-2.0028536,-3.0356019,-3.691783,0.46672153,-0.27325803,-0.84113079,0
1.1506524,4.064929,-1.9521694,0.043399885,0.95700115,-0.28681934,0
-3.7610126,2.3812063,-3.0742569,-0.88333881,-0.097359762,-0.45851243,0
3.3490403,5.0554428,1.6854255,0.043399885,0.95700115,-0.28681934,0
-3.2570899,-4.8709178,-2.5051761,-0.88333881,-0.097359762,-0.45851243,0
-5.5253925,-3.2964609,1.5304618,-0.88333881,-0.097359762,-0.45851243,0
-4.1766672,-3.1111014,-1.1072578,-0.88333881,-0.097359762,-0.45851243,0
-3.0019264,-1.9167607,-3.6240382,-0.88333881,-0.097359762,-0.45851243,0
-4.2157497,-4.6681852,-0.52444649,-0.043399885,-0.95700115,0.28681934,0
-2.3885946,3.297962,-5.0467701,0.043399885,0.95700115,-0.28681934,0
-1.1723834,-5.2986803,-2.1676514,-0.043399885,-0.95700115,0.28681934,0
-3.4300838,-0.85845518,-3.0238972,-0.88333881,-0.097359762,-0.45851243,0
2.1289744,-3.1569362,5.4780335,-0.043399885,-0.95700115,0.28681934,0
-2.5188727,-3.6093206,3.2653198,-0.043399885,-0.95700115,0.28681934,0
-4.7292557,-2.9174519,-0.083797932,-0.88333881,-0.097359762,-0.45851243,0
-4.4596472,-3.1263583,-0.55884767,-0.88333881,-0.097359762,-0.45851243,0
4.0567756,2.0864847,1.5557977,0.88333881,0.097359762,0.45851243,0
-3.732585,4.5165081,-1.184335,0.043399885,0.95700115,-0.28681934,0
3.0318899,3.8284931,3.1603787,0.88333881,0.097359762,0.45851243,0
-2.5618143,1.1824946,-5.1300197,-0.88333881,-0.097359762,-0.45851243,0
-2.918242,1.1640241,1.5692142,-0.46672153,0.27325803,0.84113079,0
-2.3184071,-3.8323467,2.551506,-0.043399885,-0.95700115,0.28681934,0
-4.4687042,3.9918962,-0.20978665,-0.46672153,0.27325803,0.84113079,0
3.6475592,-3.8254361,3.4773009,-0.043399885,-0.95700115,0.28681934,0
-1.595633,3.6274803,-3.8273134,0.043399885,0.95700115,-0.28681934,0
-2.5612922,3.9394257,0.86563206,-0.46672153,0.27325803,0.84113079,0
3.671833,-0.47613567,2.8415456,0.88333881,0.097359762,0.45851243,0
3.314096,-1.3469023,3.7156343,0.88333881,0.097359762,0.45851243,0
4.6458526,-3.1737614,1.5378747,0.88333881,0.097359762,0.45851243,0
3.032711,3.9760938,-1.9637952,0.043399885,0.95700115,-0.28681934,0
2.0383768,2.3679876,-3.2048728,0.46672153,-0.27325803,-0.84113079,0
-1.098875,4.1692772,-1.9443874,0.043399885,0.95700115,-0.28681934,0
4.2906814,-0.55233967,1.6654968,0.88333881,0.097359762,0.45851243,0
-2.7365646,-1.9138234,-4.1358891,-0.88333881,-0.097359762,-0.45851243,0
3.2901497,-1.5706148,3.809269,0.88333881,0.097359762,0.45851243,0
-1.5399381,4.1649199,1.3590988,-0.46672153,0.27325803,0.84113079,0
-4.0684285,-0.53216493,-1.8633891,-0.88333881,-0.097359762,-0.45851243,0
-3.3056355,-3.6157715,-2.6781673,-0.88333881,-0.097359762,-0.45851243,0
3.2812901,-0.087669313,3.5114524,0.88333881,0.097359762,0.45851243,0
2.0781193,2.522686,3.9001768,-0.46672153,0.27325803,0.84113079,0
4.7005715,-3.5979147,1.5225215,0.88333881,0.097359762,0.45851243,0
3.0728197,3.2066278,3.2135715,0.88333881,0.097359762,0.45851243,0
4.1248569,-2.9391921,2.4917819,0.88333881,0.097359762,0.45851243,0
-1.995229,-5.1402926,-1.7636852,-0.043399885,-0.95700115,0.28681934,0
3.2345059,4.2351031,2.6836925,0.88333881,0.097359762,0.45851243,0
-2.7373738,-1.894376,-4.1384597,-0.88333881,-0.097359762,-0.45851243,0
1.296648,-3.2687664,4.9789562,-0.043399885,-0.95700115,0.28681934,0
-0.36227563,-4.9770193,-0.97181582,-0.043399885,-0.95700115,0.28681934,0
-0.27247402,4.3575273,1.9998094,-0.46672153,0.27325803,0.84113079,0
0.85176063,5.2913017,2.0945177,0.043399885,0.95700115,-0.28681934,0
2.8777189,-3.6367793,-0.78837633,0.46672153,-0.27325803,-0.84113079,0
3.5505357,-4.7836709,-0.042457342,0.46672153,-0.27325803,-0.84113079,0
-0.85442376,-4.5653806,0.32718801,-0.043399885,-0.95700115,0.28681934,0
-0.99552494,-1.314986,3.4414353,-0.46672153,0.27325803,0.84113079,0
-4.6265764,-3.9187202,-0.069005489,-0.88333881,-0.097359762,-0.45851243,0
4.8465424,-3.5231476,1.2254264,0.88333881,0.097359762,0.45851243,0
-1.4053612,-1.2022033,3.1773884,-0.46672153,0.27325803,0.84113079,0
0.13285899,4.4427428,2.1970344,-0.46672153,0.27325803,0.84113079,0
-0.29175711,-0.93695092,3.7091255,-0.46672153,0.27325803,0.84113079,0
-3.511754,0.87166667,1.3348683,-0.46672153,0.27325803,0.84113079,0
-1.1630669,1.7281466,-4.7734051,0.46672153,-0.27325803,-0.84113079,0
5.1809855,-4.3820496,0.73176193,0.46672153,-0.27325803,-0.84113079,0
-3.5539951,4.1899443,-2.2469256,0.043399885,0.95700115,-0.28681934,0
-2.719064,-5.3855877,-2.6916618,-0.043399885,-0.95700115,0.28681934,0
4.0427437,1.7051163,-1.8773549,0.46672153,-0.27325803,-0.84113079,0
-3.2017574,2.6013801,-4.198431,-0.88333881,-0.097359762,-0.45851243,0
-2.213927,-4.75491,-0.51090908,-0.043399885,-0.95700115,0.28681934,0
1.131175,-3.7492187,3.3508415,-0.043399885,-0.95700115,0.28681934,0
-1.6607351,3.2463183,-5.1089492,0.043399885,0.95700115,-0.28681934,0
2.197665,2.0795317,-3.0227773,0.46672153,-0.27325803,-0.84113079,0
-1.8085542,0.25515938,-4.6530409,0.46672153,-0.27325803,-0.84113079,0
0.98821664,0.57726693,-3.2058287,0.46672153,-0.27325803,-0.84113079,0
3.6743221,0.17029524,-1.5831653,0.46672153,-0.27325803,-0.84113079,0
1.8028933,4.5782595,-0.14069939,0.043399885,0.95700115,-0.28681934,0
-2.0174508,2.7138238,1.5655568,-0.46672153,0.27325803,0.84113079,0
-2.4514253,-5.461504,-3.1525812,0.46672153,-0.27325803,-0.84113079,0
1.9843527,1.8384612,-3.0628219,0.46672153,-0.27325803,-0.84113079,0
-3.2687075,-4.7288232,-2.5129666,-0.88333881,-0.097359762,-0.45851243,0
-1.0864015,2.7596583,-5.0659728,0.46672153,-0.27325803,-0.84113079,0
-1.525799,3.8546903,-3.0586381,0.043399885,0.95700115,-0.28681934,0
-3.2950416,-2.8056757,-2.8705912,-0.88333881,-0.097359762,-0.45851243,0
-0.89732075,4.843287,0.33501148,0.043399885,0.95700115,-0.28681934,0
-1.3172336,3.2738738,-4.9650297,0.043399885,0.95700115,-0.28681934,0
2.9944835,-0.43592346,4.1379409,0.88333881,0.097359762,0.45851243,0
-4.3878136,4.1336546,-0.21095538,-0.46672153,0.27325803,0.84113079,0
-0.2516191,2.3010848,-4.4537964,0.46672153,-0.27325803,-0.84113079,0
-1.0838015,-0.62972236,3.169832,-0.46672153,0.27325803,0.84113079,0
0.92263532,-0.75753999,-2.8085787,0.46672153,-0.27325803,-0.84113079,0
-0.51147628,-0.38260365,3.4071183,-0.46672153,0.27325803,0.84113079,0
-3.4589548,-4.1695204,-2.2652109,-0.88333881,-0.097359762,-0.45851243,0
-5.3558044,-1.0597622,0.72880912,-0.88333881,-0.097359762,-0.45851243,0
4.545331,3.2595391,0.36549616,0.88333881,0.097359762,0.45851243,0
2.3539364,1.0309215,-2.5954049,0.46672153,-0.27325803,-0.84113079,0
5.3306341,-0.081548691,-0.43797338,0.88333881,0.097359762,0.45851243,0
-3.1602945,-1.5545564,-3.3958459,-0.88333881,-0.097359762,-0.45851243,0
4.9415107,-3.1835535,0.97035968,0.88333881,0.097359762,0.45851243,0
3.6963322,4.8990512,1.2161603,0.043399885,0.95700115,-0.28681934,0
-4.7786956,-2.9135702,0.010624886,-0.88333881,-0.097359762,-0.45851243,0
-0.099055171,4.366735,-1.1342635,0.043399885,0.95700115,-0.28681934,0
3.5110307,2.062552,-2.2885089,0.46672153,-0.27325803,-0.84113079,0
-3.4304209,1.7160369,-3.569912,-0.88333881,-0.097359762,-0.45851243,0
-0.47925425,3.5031798,-4.073132,0.043399885,0.95700115,-0.28681934,0
-4.7815599,0.58296728,0.72407579,-0.46672153,0.27325803,0.84113079,0
-3.0958867,-0.63374853,-3.7154524,-0.88333881,-0.097359762,-0.45851243,0
-2.7866907,4.4357815,-1.31056,0.043399885,0.95700115,-0.28681934,0
-3.3335738,2.2077174,-3.860893,-0.88333881,-0.097359762,-0.45851243,0
-3.0890296,3.7528872,0.63340557,-0.46672153,0.27325803,0.84113079,0
4.1031342,1.2870045,1.6362476,0.88333881,0.097359762,0.45851243,0
-3.3016257,-2.605572,2.5811124,-0.46672153,0.27325803,0.84113079,0
1.5799959,-4.3554568,1.3959818,-0.043399885,-0.95700115,0.28681934,0
2.9021564,-3.5385103,4.321867,-0.043399885,-0.95700115,0.28681934,0
4.683465,-1.0096083,-0.63990313,0.46672153,-0.27325803,-0.84113079,0
-3.7140064,-4.9637032,-1.4345517,-0.043399885,-0.95700115,0.28681934,0
-0.7671144,4.3033423,-1.4468651,0.043399885,0.95700115,-0.28681934,0
-1.7060583,-4.7747593,-0.50028896,-0.043399885,-0.95700115,0.28681934,0
4.5587015,1.5439414,0.70402551,0.88333881,0.097359762,0.45851243,0
4.1601176,4.5370617,0.078521252,0.043399885,0.95700115,-0.28681934,0
4.4838958,3.3485117,0.46496201,0.88333881,0.097359762,0.45851243,0
-2.9484506,4.1228828,-2.3790553,0.043399885,0.95700115,-0.28681934,0
-1.706533,2.3045788,-5.2622261,0.46672153,-0.27325803,-0.84113079,0
3.4053435,4.6423779,2.2680886,0.88333881,0.097359762,0.45851243,0
-0.77642548,-3.2111251,4.1790061,-0.46672153,0.27325803,0.84113079,0
1.1332636,-3.0751536,5.1944695,-0.46672153,0.27325803,0.84113079,0
1.9809151,0.23305535,-2.5431817,0.46672153,-0.27325803,-0.84113079,0
4.6374197,-1.1878116,1.1324271,0.88333881,0.097359762,0.45851243,0
-0.83958077,0.42774415,-4.1714497,0.46672153,-0.27325803,-0.84113079,0
4.0402179,1.2964587,-1.7459955,0.46672153,-0.27325803,-0.84113079,0
-1.010551,-2.7205737,3.8897307,-0.46672153,0.27325803,0.84113079,0
0.24382997,-3.3855731,4.429915,-0.043399885,-0.95700115,0.28681934,0
3.3820124,2.4711571,-2.4928415,0.46672153,-0.27325803,-0.84113079,0
0.46173906,0.1310339,-3.3529887,0.46672153,-0.27325803,-0.84113079,0
-0.3674835,-5.1191387,-2.1074808,0.46672153,-0.27325803,-0.84113079,0
3.407887,4.0341606,-1.7132816,0.043399885,0.95700115,-0.28681934,0
1.9723282,2.1433949,3.9646964,-0.46672153,0.27325803,0.84113079,0
1.4898986,2.2324646,-3.4651816,0.46672153,-0.27325803,-0.84113079,0
3.2363009,0.62778139,-1.9748354,0.46672153,-0.27325803,-0.84113079,0
3.5135984,3.5701582,2.2872062,0.88333881,0.097359762,0.45851243,0
3.7734032,-1.6177497,2.8882747,0.88333881,0.097359762,0.45851243,0
4.7518067,0.34703994,0.58614826,0.88333881,0.097359762,0.45851243,0
-1.2999198,3.4829123,1.7138425,-0.46672153,0.27325803,0.84113079,0
-0.067673683,-1.5510498,-3.1002882,0.46672153,-0.27325803,-0.84113079,0
2.9971499,-2.2399077,4.5158606,0.88333881,0.097359762,0.45851243,0
2.6919026,-0.21182418,4.6732869,0.88333881,0.097359762,0.45851243,0
3.6932716,4.5415888,0.022987366,0.043399885,0.95700115,-0.28681934,0
-1.2442403,2.5646472,-5.090199,0.46672153,-0.27325803,-0.84113079,0
-5.3326693,-2.140888,1.3031781,-0.46672153,0.27325803,0.84113079,0
-3.5914726,-3.8722656,2.2256794,-0.043399885,-0.95700115,0.28681934,0
1.5682769,-4.2042112,1.8988552,-0.043399885,-0.95700115,0.28681934,0
-1.6337018,0.39770246,-4.6023269,0.46672153,-0.27325803,-0.84113079,0
4.036078,-2.3944609,2.5471499,0.88333881,0.097359762,0.45851243,0
-3.9300535,3.6693521,0.19388103,-0.46672153,0.27325803,0.84113079,0
-3.5236616,-4.3558626,0.62237167,-0.043399885,-0.95700115,0.28681934,0
-3.7116368,-4.5010719,0.1094203,-0.043399885,-0.95700115,0.28681934,0
2.5991395,4.9343476,1.1679077,0.043399885,0.95700115,-0.28681934,0
-5.269136,0.67300487,0.19390762,-0.88333881,-0.097359762,-0.45851243,0
-1.1203053,4.2007332,-1.8426743,0.043399885,0.95700115,-0.28681934,0
-5.437108,-1.3403869,0.94503093,-0.88333881,-0.097359762,-0.45851243,0
4.1880774,0.30981874,-1.3434229,0.46672153,-0.27325803,-0.84113079,0
3.7797995,0.43275788,2.4405527,0.88333881,0.097359762,0.45851243,0
-1.1632657,4.9760647,0.73779488,0.043399885,0.95700115,-0.28681934,0
1.168643,4.913887,0.88318539,0.043399885,0.95700115,-0.28681934,0
4.062861,1.4296315,1.6835506,0.88333881,0.097359762,0.45851243,0
3.1017461,1.1736917,3.5895138,0.88333881,0.097359762,0.45851243,0
4.0723109,1.772715,1.5924933,0.88333881,0.097359762,0.45851243,0
-0.80537021,4.4399128,-0.99697542,0.043399885,0.95700115,-0.28681934,0
3.5954905,-1.2540712,3.1538069,0.88333881,0.097359762,0.45851243,0
-1.8376155,3.6496568,-3.7899356,0.043399885,0.95700115,-0.28681934,0
-3.4110594,3.7763267,-3.6053743,0.043399885,0.95700115,-0.28681934,0
-1.7924635,5.0609632,0.9258604,0.043399885,0.95700115,-0.28681934,0
-3.0525553,-4.5776453,-0.046343327,-0.043399885,-0.95700115,0.28681934,0
-3.3294072,1.921447,-3.8081341,-0.88333881,-0.097359762,-0.45851243,0
-0.33353162,3.8482664,-2.8996649,0.043399885,0.95700115,-0.28681934,0
0.2303201,-4.2901993,-2.0450723,0.46672153,-0.27325803,-0.84113079,0
1.7883039,-3.8983083,2.9528222,-0.043399885,-0.95700115,0.28681934,0
1.1677085,3.7885299,-2.8718204,0.043399885,0.95700115,-0.28681934,0
0.94753784,4.9435663,0.94875574,0.043399885,0.95700115,-0.28681934,0
0.33502388,0.077540874,-3.4059215,0.46672153,-0.27325803,-0.84113079,0
0.42179155,1.8434926,3.2017732,-0.46672153,0.27325803,0.84113079,0
1.0617477,3.7591634,-2.9858389,0.043399885,0.95700115,-0.28681934,0
3.3963048,-4.7003298,-0.15511084,0.46672153,-0.27325803,-0.84113079,0
2.8906083,-0.39332509,4.3290153,0.88333881,0.097359762,0.45851243,0
3.4967341,3.4647834,-2.7519846,0.46672153,-0.27325803,-0.84113079,0
0.44485068,1.8885176,3.1999409,-0.46672153,0.27325803,0.84113079,0
3.2262931,3.6810462,2.8171628,0.88333881,0.097359762,0.45851243,0
4.64676,4.4229097,-0.22872066,0.043399885,0.95700115,-0.28681934,0
-2.7364931,4.2037067,-2.077307,0.043399885,0.95700115,-0.28681934,0
-2.9506686,-5.0916052,-1.7458045,-0.043399885,-0.95700115,0.28681934,0
4.5009279,0.38164222,1.0621274,0.88333881,0.097359762,0.45851243,0
4.8281159,-4.1667466,1.3975868,0.88333881,0.097359762,0.45851243,0
-5.0291991,-1.6277082,1.3048489,-0.46672153,0.27325803,0.84113079,0
2.5924716,-4.7294307,0.30138373,-0.043399885,-0.95700115,0.28681934,0
1.0937264,4.1809368,-1.5737123,0.043399885,0.95700115,-0.28681934,0
3.0045443,2.3998051,3.5164256,0.88333881,0.097359762,0.45851243,0
0.53023791,-4.2865028,1.4672089,-0.043399885,-0.95700115,0.28681934,0
-0.67074168,-4.4038076,0.89408445,-0.043399885,-0.95700115,0.28681934,0
-4.6192427,-1.1985269,1.392895,-0.46672153,0.27325803,0.84113079,0
5.2530766,-2.6132708,0.24902618,0.88333881,0.097359762,0.45851243,0
-2.2399619,-4.4233823,0.59132719,-0.043399885,-0.95700115,0.28681934,0
4.9399557,1.1667697,-1.2046223,0.46672153,-0.27325803,-0.84113079,0
-1.0412248,-4.1444902,1.7032647,-0.043399885,-0.95700115,0.28681934,0
2.1147978,4.7412562,3.1997824,-0.46672153,0.27325803,0.84113079,0
-4.8824625,-0.93543005,1.1613686,-0.46672153,0.27325803,0.84113079,0
-3.542686,-1.9143491,2.2227974,-0.46672153,0.27325803,0.84113079,0
2.3712673,4.7958975,0.67147541,0.043399885,0.95700115,-0.28681934,0
1.6478319,3.8743896,-2.5126934,0.043399885,0.95700115,-0.28681934,0
-5.4660988,-3.1778629,1.3910494,-0.88333881,-0.097359762,-0.45851243,0
4.1080189,-3.9606946,-0.00048422813,0.46672153,-0.27325803,-0.84113079,0
-1.1976317,4.8080511,0.17200089,0.043399885,0.95700115,-0.28681934,0
4.1248636,3.8883429,1.042021,0.88333881,0.097359762,0.45851243,0
0.43722624,4.2560186,-1.422533,0.043399885,0.95700115,-0.28681934,0
3.3577161,1.1402011,3.1034911,0.88333881,0.097359762,0.45851243,0
5.1016598,-0.49835467,0.091656089,0.88333881,0.097359762,0.45851243,0
2.8995872,-1.3737284,4.5198941,0.88333881,0.097359762,0.45851243,0
0.50780129,0.2162528,3.7781386,-0.46672153,0.27325803,0.84113079,0
4.4355497,2.3377697,-1.8649273,0.46672153,-0.27325803,-0.84113079,0
4.1210852,3.0482249,1.2276897,0.88333881,0.097359762,0.45851243,0
-2.8275628,2.8206339,-4.9658842,-0.88333881,-0.097359762,-0.45851243,0
4.9492149,-0.41728806,-0.68487275,0.46672153,-0.27325803,-0.84113079,0
1.5000254,3.4832761,-3.8400464,0.043399885,0.95700115,-0.28681934,0
-1.3842974,-4.4625988,0.58995152,-0.043399885,-0.95700115,0.28681934,0
-0.94357747,-1.5898235,3.5595465,-0.46672153,0.27325803,0.84113079,0
3.4062066,-4.2869778,1.9007998,-0.043399885,-0.95700115,0.28681934,0
4.1106162,-3.5051508,-0.14703584,0.46672153,-0.27325803,-0.84113079,0
1.0409427,-4.351171,1.3287153,-0.043399885,-0.95700115,0.28681934,0
0.67858958,1.4046345,3.4868355,-0.46672153,0.27325803,0.84113079,0
0.007506609,-3.0368669,4.5573788,-0.46672153,0.27325803,0.84113079,0
1.4717395,3.8318062,-2.6814232,0.043399885,0.95700115,-0.28681934,0
-0.66155791,3.7011914,-3.4400291,0.043399885,0.95700115,-0.28681934,0
-0.77517152,1.0700908,-4.3443899,0.46672153,-0.27325803,-0.84113079,0
-1.6916633,3.9087458,-2.903374,0.043399885,0.95700115,-0.28681934,0
0.9718914,3.9183104,2.8329635,-0.46672153,0.27325803,0.84113079,0
-2.9680409,2.9181266,-4.71595,-0.88333881,-0.097359762,-0.45851243,0
-2.8020031,-2.8635817,2.9421597,-0.46672153,0.27325803,0.84113079,0
4.4280272,-0.1326704,1.3117827,0.88333881,0.097359762,0.45851243,0
4.2913799,2.0743158,1.1064085,0.88333881,0.097359762,0.45851243,0
2.9500637,3.6476028,-3.0723448,0.043399885,0.95700115,-0.28681934,0
5.0072494,-0.79375482,-0.53036803,0.46672153,-0.27325803,-0.84113079,0
-0.36629987,-3.9557385,-2.4847775,0.46672153,-0.27325803,-0.84113079,0
-4.3591127,-3.9031065,2.0066199,-0.043399885,-0.95700115,0.28681934,0
-2.5862675,0.64350319,-4.968462,-0.88333881,-0.097359762,-0.45851243,0
-2.5035114,4.8510351,0.11782193,0.043399885,0.95700115,-0.28681934,0
-4.2673874,-3.4955652,-0.85084629,-0.88333881,-0.097359762,-0.45851243,0
-2.8065233,-4.0274982,1.8265057,-0.043399885,-0.95700115,0.28681934,0
2.0284944,-2.0216012,5.3489432,-0.46672153,0.27325803,0.84113079,0
3.2018456,1.2455006,3.3814209,0.88333881,0.097359762,0.45851243,0
5.3657808,2.8743765,-1.1333418,0.88333881,0.097359762,0.45851243,0
-3.4206119,2.8781786,-3.8355761,-0.88333881,-0.097359762,-0.45851243,0
-2.9024658,4.1932483,-2.1373148,0.043399885,0.95700115,-0.28681934,0
-0.75032693,-4.3969884,0.90479612,-0.043399885,-0.95700115,0.28681934,0
4.9824772,-0.26280093,-0.71660435,0.46672153,-0.27325803,-0.84113079,0
-2.1182344,-3.7257953,-3.5315819,0.46672153,-0.27325803,-0.84113079,0
0.41260529,1.2963595,-3.7588315,0.46672153,-0.27325803,-0.84113079,0
-3.3984618,-0.90302551,-3.0753541,-0.88333881,-0.097359762,-0.45851243,0
5.2899141,-0.014606953,-0.37374008,0.88333881,0.097359762,0.45851243,0
2.7394071,4.2314916,-1.1560144,0.043399885,0.95700115,-0.28681934,0
3.2637601,4.3957319,-0.52867079,0.043399885,0.95700115,-0.28681934,0
2.4967084,-3.5584793,4.1938877,-0.043399885,-0.95700115,0.28681934,0
-0.078971624,-4.1377134,1.871479,-0.043399885,-0.95700115,0.28681934,0
-2.6407304,-4.2203116,-3.6608477,0.46672153,-0.27325803,-0.84113079,0
-4.0008583,-3.0268798,-1.4638433,-0.88333881,-0.097359762,-0.45851243,0
-0.044732332,3.5662804,-3.7968392,0.043399885,0.95700115,-0.28681934,0
-2.8086023,4.5026064,-1.0909092,0.043399885,0.95700115,-0.28681934,0
2.0808249,-2.5441837,5.5477509,-0.46672153,0.27325803,0.84113079,0
4.5049043,-3.9213569,0.2069571,0.46672153,-0.27325803,-0.84113079,0
-3.3733172,-2.1838062,-2.8518376,-0.88333881,-0.097359762,-0.45851243,0
-3.9890542,-4.7218122,-0.6690774,-0.043399885,-0.95700115,0.28681934,0
-4.1053233,0.35645747,-1.9810003,-0.88333881,-0.097359762,-0.45851243,0
1.99052,-2.7623501,5.5685191,-0.46672153,0.27325803,0.84113079,0
3.8173842,-4.7803736,0.31675315,-0.043399885,-0.95700115,0.28681934,0
-2.2241564,-4.5342178,0.22390556,-0.043399885,-0.95700115,0.28681934,0
-4.4747887,-2.4573853,1.8820138,-0.46672153,0.27325803,0.84113079,0
1.2360063,4.8782969,2.6676435,-0.46672153,0.27325803,0.84113079,0
0.29013562,-3.3172269,4.6649647,-0.043399885,-0.95700115,0.28681934,0
2.8687425,-2.7156162,4.8642521,0.88333881,0.097359762,0.45851243,0
-2.8061132,3.6507425,-3.9328604,0.043399885,0.95700115,-0.28681934,0
-3.6433845,-2.3131859,-2.3040726,-0.88333881,-0.097359762,-0.45851243,0
4.3579302,2.657836,-2.0119758,0.46672153,-0.27325803,-0.84113079,0
-2.3176591,4.8449945,0.1257906,0.043399885,0.95700115,-0.28681934,0
3.0509157,-2.7389617,4.5182457,0.88333881,0.097359762,0.45851243,0
5.424418,2.5551956,-1.1785331,0.88333881,0.097359762,0.45851243,0
4.0760365,2.1943252,1.4957927,0.88333881,0.097359762,0.45851243,0
5.2788248,3.1701236,-1.0286169,0.88333881,0.097359762,0.45851243,0
3.9642205,-2.516865,2.7115762,0.88333881,0.097359762,0.45851243,0
-5.2551994,-4.1080437,1.1822572,-0.88333881,-0.097359762,-0.45851243,0
-0.56092501,4.6525898,1.7438984,-0.46672153,0.27325803,0.84113079,0
2.084059,-4.4614792,1.1184993,-0.043399885,-0.95700115,0.28681934,0
-2.6889408,0.1423068,2.028373,-0.46672153,0.27325803,0.84113079,0
0.40306997,3.5621643,-3.7428155,0.043399885,0.95700115,-0.28681934,0
-1.6929674,4.8338718,0.18320227,0.043399885,0.95700115,-0.28681934,0
-4.1696701,3.2720125,-2.4761178,-0.88333881,-0.097359762,-0.45851243,0
4.1764221,-1.3768182,-0.80195242,0.46672153,-0.27325803,-0.84113079,0
-1.1687253,-1.198482,-3.8257718,0.46672153,-0.27325803,-0.84113079,0
-0.74096167,4.7145438,1.6238739,-0.46672153,0.27325803,0.84113079,0
5.4053497,2.5487013,-1.1404195,0.88333881,0.097359762,0.45851243,0
3.3099413,-1.3890905,3.7325962,0.88333881,0.097359762,0.45851243,0
-1.9063563,-4.4248939,0.6367631,-0.043399885,-0.95700115,0.28681934,0
5.2212949,-2.9876246,0.38974178,0.88333881,0.097359762,0.45851243,0
4.9631171,2.5798309,-0.29505396,0.88333881,0.097359762,0.45851243,0
3.0649607,-1.3887587,-1.4147944,0.46672153,-0.27325803,-0.84113079,0
3.9012313,-3.5996847,3.0628524,0.88333881,0.097359762,0.45851243,0
-4.0229683,-3.2015884,-1.3841496,-0.88333881,-0.097359762,-0.45851243,0
0.87562037,-3.1556125,5.0776486,-0.46672153,0.27325803,0.84113079,0
3.1102328,0.46566838,3.7235053,0.88333881,0.097359762,0.45851243,0
-0.76458859,-4.4051228,0.87549639,-0.043399885,-0.95700115,0.28681934,0
-3.6925879,-3.3963945,-1.9792732,-0.88333881,-0.097359762,-0.45851243,0
5.334352,3.0609303,-1.1124053,0.88333881,0.097359762,0.45851243,0
2.468874,5.3345737,2.4835911,0.043399885,0.95700115,-0.28681934,0
0.82881927,-4.9940605,-0.8484478,-0.043399885,-0.95700115,0.28681934,0
2.0131388,0.12834096,4.6419711,-0.46672153,0.27325803,0.84113079,0
-1.0661085,-3.7451782,3.0318427,-0.043399885,-0.95700115,0.28681934,0
-4.0466428,-1.0961394,1.6773534,-0.46672153,0.27325803,0.84113079,0
0.95689344,-0.86875701,-2.7534392,0.46672153,-0.27325803,-0.84113079,0
3.1223063,-0.81991351,3.9732234,0.88333881,0.097359762,0.45851243,0
-4.7858362,-4.0734277,1.3737583,-0.043399885,-0.95700115,0.28681934,0
-2.9833477,-5.1311874,-1.8828199,-0.043399885,-0.95700115,0.28681934,0
3.1799874,4.2515612,-1.0223851,0.043399885,0.95700115,-0.28681934,0
-3.6632292,-4.9295549,-1.3129277,-0.043399885,-0.95700115,0.28681934,0
-5.1116381,3.6958516,-0.75138354,-0.88333881,-0.097359762,-0.45851243,0
-0.40183139,2.8965807,-4.7306042,0.46672153,-0.27325803,-0.84113079,0
-2.1963577,-1.6659572,-4.2441096,0.46672153,-0.27325803,-0.84113079,0
2.9185822,-4.409255,1.4190276,-0.043399885,-0.95700115,0.28681934,0
-4.1620116,2.5612633,-2.3399527,-0.88333881,-0.097359762,-0.45851243,0
3.1505771,-3.7358308,3.7010765,-0.043399885,-0.95700115,0.28681934,0
-1.9104271,-0.77813911,-4.3738794,0.46672153,-0.27325803,-0.84113079,0
4.5977521,-6.5803528e-05,0.95664483,0.88333881,0.097359762,0.45851243,0
-4.7938251,1.6828202,-0.93621707,-0.88333881,-0.097359762,-0.45851243,0
4.7487555,1.4476666,0.3583231,0.88333881,0.097359762,0.45851243,0
-1.1391362,-4.1650229,1.6199393,-0.043399885,-0.95700115,0.28681934,0
2.5511966,0.16766977,4.8637815,0.88333881,0.097359762,0.45851243,0
-0.9192996,-2.5756798,-3.2399619,0.46672153,-0.27325803,-0.84113079,0
0.85070682,4.4058013,-0.86020088,0.043399885,0.95700115,-0.28681934,0
-3.7083948,-3.8987885,-1.8421428,-0.88333881,-0.097359762,-0.45851243,0
-1.2038817,3.507216,-4.1693087,0.043399885,0.95700115,-0.28681934,0
-4.2308874,-3.9342704,-0.82801104,-0.88333881,-0.097359762,-0.45851243,0
4.0944662,-1.6874415,-0.74651587,0.46672153,-0.27325803,-0.84113079,0
-2.7252765,-3.9780011,-3.7193317,-0.88333881,-0.097359762,-0.45851243,0
4.8788919,-0.71736622,0.56732976,0.88333881,0.097359762,0.45851243,0
-3.1973834,-3.6333075,2.9728346,-0.46672153,0.27325803,0.84113079,0
1.3750358,-3.1699827,5.3204193,-0.043399885,-0.95700115,0.28681934,0
-1.0660534,-3.8614936,2.643754,-0.043399885,-0.95700115,0.28681934,0
2.3132119,3.9366817,-2.2041669,0.043399885,0.95700115,-0.28681934,0
4.1466441,0.71789181,1.6732681,0.88333881,0.097359762,0.45851243,0
1.6604028,4.1477709,-1.5986285,0.043399885,0.95700115,-0.28681934,0
-4.068181,4.5564251,-1.1019301,0.043399885,0.95700115,-0.28681934,0
-2.7265909,-5.5130224,-3.1179984,-0.043399885,-0.95700115,0.28681934,0
0.75884503,-4.8898921,-1.5569854,0.46672153,-0.27325803,-0.84113079,0
-4.021667,-2.03443,1.9960341,-0.46672153,0.27325803,0.84113079,0
-0.33285236,2.4372315,-4.5431013,0.46672153,-0.27325803,-0.84113079,0
2.9142351,-4.6754789,-0.43067217,0.46672153,-0.27325803,-0.84113079,0
-3.1473837,-0.54838026,-3.6343694,-0.88333881,-0.097359762,-0.45851243,0
-0.92507714,4.1715941,1.698101,-0.46672153,0.27325803,0.84113079,0
2.4928665,-4.3419676,1.5791206,-0.043399885,-0.95700115,0.28681934,0
2.3295369,-3.6321096,3.9229188,-0.043399885,-0.95700115,0.28681934,0
2.1326284,-3.8366787,3.2105584,-0.043399885,-0.95700115,0.28681934,0
-3.417109,0.080123156,-3.2481894,-0.88333881,-0.097359762,-0.45851243,0
-4.1087952,-2.4499912,2.0826917,-0.46672153,0.27325803,0.84113079,0
-1.3415852,4.8398638,1.2498908,-0.46672153,0.27325803,0.84113079,0
3.6725001,2.4374566,2.2215924,0.88333881,0.097359762,0.45851243,0
-3.2860119,4.8333426,0.17309809,-0.46672153,0.27325803,0.84113079,0
2.7932434,-1.4965037,4.7508402,0.88333881,0.097359762,0.45851243,0
-4.6886086,1.4128627,-1.0815966,-0.88333881,-0.097359762,-0.45851243,0
3.1038961,4.3428617,2.9124355,0.88333881,0.097359762,0.45851243,0
4.1827059,4.6908407,0.76018476,0.88333881,0.097359762,0.45851243,0
3.9536171,-2.5258007,2.7339015,0.88333881,0.097359762,0.45851243,0
1.4894683,-4.1647282,2.0186677,-0.043399885,-0.95700115,0.28681934,0
1.2628684,-0.59101343,4.459362,-0.46672153,0.27325803,0.84113079,0
-2.5850282,1.5488678,-5.1630902,-0.88333881,-0.097359762,-0.45851243,0
2.7885184,-4.0681272,2.5375535,-0.043399885,-0.95700115,0.28681934,0
3.8825195,4.1575975,-1.2296023,0.043399885,0.95700115,-0.28681934,0
1.1227455,-2.3683271,4.9590082,-0.46672153,0.27325803,0.84113079,0
-0.29298258,2.1899927,-4.4406576,0.46672153,-0.27325803,-0.84113079,0
1.1983762,3.142483,3.2106771,-0.46672153,0.27325803,0.84113079,0
-2.7764955,3.4577277,-4.5723925,0.043399885,0.95700115,-0.28681934,0
-3.7724638,1.1509962,-2.7909746,-0.88333881,-0.097359762,-0.45851243,0
-1.967559,-3.5488539,3.5504966,-0.043399885,-0.95700115,0.28681934,0
2.8500049,-4.6635923,0.56002712,-0.043399885,-0.95700115,0.28681934,0
1.7624798,-1.4691532,5.0218649,-0.46672153,0.27325803,0.84113079,0
2.7890081,-0.34158754,4.5137663,0.88333881,0.097359762,0.45851243,0
4.1884799,0.046844363,1.7351606,0.88333881,0.097359762,0.45851243,0
-1.9781375,-0.055193663,-4.6463132,0.46672153,-0.27325803,-0.84113079,0
-2.6162469,-0.48009443,2.2709084,-0.46672153,0.27325803,0.84113079,0
5.3292789,0.076508284,-0.46892333,0.88333881,0.097359762,0.45851243,0
3.1234818,-0.48562288,-1.6757243,0.46672153,-0.27325803,-0.84113079,0
1.2690408,3.2059371,-3.9039812,0.46672153,-0.27325803,-0.84113079,0
-5.2506819,0.50375605,0.19429326,-0.88333881,-0.097359762,-0.45851243,0
-1.3191438,1.1451075,-4.6705961,0.46672153,-0.27325803,-0.84113079,0
5.365169,2.7304163,-1.1015944,0.88333881,0.097359762,0.45851243,0
-2.6639366,1.0187066,-4.8984995,-0.88333881,-0.097359762,-0.45851243,0
-1.8050539,-2.0429988,3.2287583,-0.46672153,0.27325803,0.84113079,0
0.68964648,-2.3554313,4.7145019,-0.46672153,0.27325803,0.84113079,0
-5.2460728,2.5289528,-0.16586268,-0.46672153,0.27325803,0.84113079,0
-1.7380502,4.623517,-0.5254879,0.043399885,0.95700115,-0.28681934,0
5.1245852,3.9851091,-1.6171827,0.043399885,0.95700115,-0.28681934,0
-4.379282,0.64572072,-1.5146315,-0.88333881,-0.097359762,-0.45851243,0
2.673728,1.6812446,4.3063316,0.88333881,0.097359762,0.45851243,0
-3.3831439,-1.5851792,-2.9600177,-0.88333881,-0.097359762,-0.45851243,0
-0.39671969,-1.3431304,-3.3504138,0.46672153,-0.27325803,-0.84113079,0
1.1911541,4.472651,-0.58563662,0.043399885,0.95700115,-0.28681934,0
2.5160332,-4.4357305,-0.72951126,0.46672153,-0.27325803,-0.84113079,0
-1.4322541,3.7010946,-3.5569713,0.043399885,0.95700115,-0.28681934,0
-2.4174848,-4.9852705,-1.3103309,-0.043399885,-0.95700115,0.28681934,0
0.22040367,-3.4333777,4.2668629,-0.043399885,-0.95700115,0.28681934,0
0.47260821,4.9766064,2.2121158,-0.46672153,0.27325803,0.84113079,0
-0.88171244,-0.054140329,-4.0382776,0.46672153,-0.27325803,-0.84113079,0
1.3779123,-3.9558773,2.6986408,-0.043399885,-0.95700115,0.28681934,0
0.61083436,-3.5027013,4.0946369,-0.043399885,-0.95700115,0.28681934,0
-2.6312451,-0.41905522,-4.6561875,-0.88333881,-0.097359762,-0.45851243,0
0.40413404,2.9756088,-4.3090687,0.46672153,-0.27325803,-0.84113079,0
-2.6948161,-3.0100653,-3.9835453,-0.88333881,-0.097359762,-0.45851243,0
0.82371354,-4.5201044,-1.6411245,0.46672153,-0.27325803,-0.84113079,0
-2.9427433,2.7911952,-4.7377348,-0.88333881,-0.097359762,-0.45851243,0
-0.087530829,-4.8172827,-0.39726639,-0.043399885,-0.95700115,0.28681934,0
3.304317,0.99706197,3.2367601,0.88333881,0.097359762,0.45851243,0
