-2.8290029,3.6955128,1.877445,-0.024192095,0.48425156,0.87459421,0
-3.1225622,-0.82167673,-2.7167087,-0.97869962,-0.18987739,0.078060955,0
-0.22265959,5.9449058,0.25661564,-0.20386681,0.85407662,-0.47853041,0
-3.7898564,1.7556939,-5.0787916,0.024192095,-0.48425156,-0.87459421,0
2.2324347,2.9019022,-3.3833966,0.97869962,0.18987739,-0.078060955,0
-0.68502331,2.1581209,2.7879834,-0.024192095,0.48425156,0.87459421,0
3.2485089,-3.8077483,2.2686708,0.20386681,-0.85407662,0.47853041,0
-2.4877865,-2.9906874,-0.03407684,-0.97869962,-0.18987739,0.078060955,0
2.9601264,1.0347843,1.1985109,0.97869962,0.18987739,-0.078060955,0
-1.9035966,-3.3186636,-2.2170093,0.024192095,-0.48425156,-0.87459421,0
2.8065803,-3.5760856,-1.9441904,0.024192095,-0.48425156,-0.87459421,0
3.2174721,-0.058333158,1.7660953,0.97869962,0.18987739,-0.078060955,0
3.1242304,-2.9906945,-2.2595277,0.024192095,-0.48425156,-0.87459421,0
0.18931627,5.5277061,-0.66351175,-0.20386681,0.85407662,-0.47853041,0
-1.2881291,3.0209618,-4.5080948,-0.20386681,0.85407662,-0.47853041,0
3.0913491,-2.4950342,4.6785445,0.20386681,-0.85407662,0.47853041,0
1.2435572,3.2428508,2.2407289,-0.024192095,0.48425156,0.87459421,0
-1.3154709,1.9818399,-5.1355619,0.024192095,-0.48425156,-0.87459421,0
0.16593051,-5.3384752,0.84990478,0.20386681,-0.85407662,0.47853041,0
-0.92840028,-1.5373552,-3.176322,0.024192095,-0.48425156,-0.87459421,0
-3.2006452,-0.74986792,-3.521013,-0.97869962,-0.18987739,0.078060955,0
2.1473832,1.0126884,3.5005417,-0.024192095,0.48425156,0.87459421,0
-2.3032556,-2.7762377,-2.5283985,0.024192095,-0.48425156,-0.87459421,0
-2.3087392,-4.4050241,-1.2295121,-0.97869962,-0.18987739,0.078060955,0
1.7859313,-5.3577676,0.1253078,0.20386681,-0.85407662,0.47853041,0
2.7556787,0.29003406,3.9174919,-0.024192095,0.48425156,0.87459421,0
-1.0663195,4.6398611,-1.7131937,-0.20386681,0.85407662,-0.47853041,0
2.2249906,-1.5222025,4.9062247,-0.024192095,0.48425156,0.87459421,0
2.1227305,0.56965733,3.7451601,-0.024192095,0.48425156,0.87459421,0
-3.8822351,4.0246964,-1.6114793,-0.20386681,0.85407662,-0.47853041,0
1.9292436,-5.7677259,-0.75497556,0.024192095,-0.48425156,-0.87459421,0
1.6087809,-4.3713093,-1.5370175,0.024192095,-0.48425156,-0.87459421,0
-0.26295805,-5.3540702,-1.0446492,0.024192095,-0.48425156,-0.87459421,0
3.1168103,-4.4433784,1.1903102,0.20386681,-0.85407662,0.47853041,0
2.000001,-3.2308381,-2.1576605,0.024192095,-0.48425156,-0.87459421,0
-0.96711421,-2.9817419,-2.3776546,0.024192095,-0.48425156,-0.87459421,0
-3.9051275,3.0343418,-3.148751,-0.97869962,-0.18987739,0.078060955,0
-2.417109,-2.5208776,1.9948329,-0.97869962,-0.18987739,0.078060955,0
-1.3921463,-2.6698437,-2.5621057,0.024192095,-0.48425156,-0.87459421,0
1.8163525,5.2525086,-1.8478422,-0.20386681,0.85407662,-0.47853041,0
-2.5917401,-3.3154359,-2.1273322,-0.97869962,-0.18987739,0.078060955,0
-2.2819946,2.5574462,-4.9119587,-0.20386681,0.85407662,-0.47853041,0
3.0860865,-0.049099684,0.14128971,0.97869962,0.18987739,-0.078060955,0
-3.4368699,1.1715927,-1.8089015,-0.97869962,-0.18987739,0.078060955,0
3.9527802,-3.7970409,1.8909907,0.97869962,0.18987739,-0.078060955,0
2.4024549,3.9653285,1.3349583,0.97869962,0.18987739,-0.078060955,0
-0.27610457,-2.3117011,5.2741771,-0.024192095,0.48425156,0.87459421,0
-2.9848812,2.3744197,2.6046054,-0.024192095,0.48425156,0.87459421,0
1.4612906,-2.1673119,-2.7614222,0.024192095,-0.48425156,-0.87459421,0
-1.7394245,-6.128562,-0.65666378,0.024192095,-0.48425156,-0.87459421,0
0.23040581,-5.6230211,-0.88208795,0.024192095,-0.48425156,-0.87459421,0
-2.1433697,-4.4459515,0.74428093,-0.97869962,-0.18987739,0.078060955,0
1.8531535,3.2500036,2.2536302,-0.024192095,0.48425156,0.87459421,0
-3.8732164,2.1889043,-4.8918266,-0.20386681,0.85407662,-0.47853041,0
2.3370152,-1.6260737,-3.0368755,0.024192095,-0.48425156,-0.87459421,0
-0.38187993,4.3749166,-2.4776549,-0.20386681,0.85407662,-0.47853041,0
3.8401179,-3.9228313,0.17249489,0.97869962,0.18987739,-0.078060955,0
-2.0451853,-3.0453618,5.3821077,-0.97869962,-0.18987739,0.078060955,0
3.2320354,0.50730801,3.3245625,0.97869962,0.18987739,-0.078060955,0
2.2956297,-4.5953021,1.2690039,0.20386681,-0.85407662,0.47853041,0
-1.4662298,-3.9325528,4.0545259,0.20386681,-0.85407662,0.47853041,0
-2.3462956,-2.9924357,1.7356346,-0.97869962,-0.18987739,0.078060955,0
0.039690971,2.8456273,-5.3867168,-0.20386681,0.85407662,-0.47853041,0
-0.43296528,5.9433713,0.34347296,-0.20386681,0.85407662,-0.47853041,0
-0.79787469,-1.7074834,-3.0785139,0.024192095,-0.48425156,-0.87459421,0
3.911587,-4.2660346,1.1682358,0.20386681,-0.85407662,0.47853041,0
0.41081762,5.425158,-0.94090343,-0.20386681,0.85407662,-0.47853041,0
0.68270254,3.6803837,-4.1707916,-0.20386681,0.85407662,-0.47853041,0
3.661191,-2.8836255,0.45696425,0.97869962,0.18987739,-0.078060955,0
1.0147883,-2.984297,4.6899838,0.20386681,-0.85407662,0.47853041,0
0.92650604,-3.9485626,-1.7899594,0.024192095,-0.48425156,-0.87459421,0
2.5023029,1.2674778,-3.9755015,0.97869962,0.18987739,-0.078060955,0
-2.4792383,0.23095798,-4.1983118,0.024192095,-0.48425156,-0.87459421,0
-0.26716185,-5.428421,0.87387872,0.20386681,-0.85407662,0.47853041,0
-0.28230023,4.8430786,-1.6845067,-0.20386681,0.85407662,-0.47853041,0
2.5158453,2.2640889,-1.3815281,0.97869962,0.18987739,-0.078060955,0
-2.9004619,-0.13810384,1.7306483,-0.97869962,-0.18987739,0.078060955,0
-2.0897779,2.4763212,-5.1386404,-0.20386681,0.85407662,-0.47853041,0
1.5545108,-2.0923269,5.2033491,-0.024192095,0.48425156,0.87459421,0
1.7522731,5.7743993,0.85311413,-0.024192095,0.48425156,0.87459421,0
1.7159748,-2.4505925,5.3438101,0.20386681,-0.85407662,0.47853041,0
1.2552187,-2.9984851,4.5622311,0.20386681,-0.85407662,0.47853041,0
-2.2060776,-0.57567036,4.2595749,-0.024192095,0.48425156,0.87459421,0
-1.1485047,3.7049344,-3.3468299,-0.20386681,0.85407662,-0.47853041,0
2.751796,-0.86376548,4.5562277,-0.024192095,0.48425156,0.87459421,0
-3.1875906,0.35298848,-0.67472076,-0.97869962,-0.18987739,0.078060955,0
3.207031,0.17617869,2.2056198,0.97869962,0.18987739,-0.078060955,0
1.0319898,0.84470654,3.5626981,-0.024192095,0.48425156,0.87459421,0
1.6443443,0.93975842,-4.4767036,0.024192095,-0.48425156,-0.87459421,0
-0.69404316,-5.99402,0.046266079,0.20386681,-0.85407662,0.47853041,0
-0.71297407,0.79289258,-4.4605913,0.024192095,-0.48425156,-0.87459421,0
1.5186472,-0.040915743,-3.9371936,0.024192095,-0.48425156,-0.87459421,0
-1.5529263,4.574204,-1.623071,-0.20386681,0.85407662,-0.47853041,0
-2.7622404,5.0139685,1.1492794,-0.024192095,0.48425156,0.87459421,0
-2.091455,-3.5147107,3.6603374,-0.97869962,-0.18987739,0.078060955,0
2.7736282,2.4141235,2.7419074,-0.024192095,0.48425156,0.87459421,0
3.4383934,-2.8735526,-2.3118854,0.97869962,0.18987739,-0.078060955,0
0.029204369,-0.39741623,-3.7810035,0.024192095,-0.48425156,-0.87459421,0
-2.7424395,4.3208666,-1.5684607,-0.20386681,0.85407662,-0.47853041,0
-2.4994006,1.2327497,-4.7535491,0.024192095,-0.48425156,-0.87459421,0
1.4366331,-2.7591732,4.9120655,0.20386681,-0.85407662,0.47853041,0
0.45171022,-0.55810732,-3.6803441,0.024192095,-0.48425156,-0.87459421,0
0.54751933,3.9713531,-3.5938807,-0.20386681,0.85407662,-0.47853041,0
1.6445526,4.9361024,-2.3393698,-0.20386681,0.85407662,-0.47853041,0
0.77599502,0.82090914,-4.4349174,0.024192095,-0.48425156,-0.87459421,0
-3.4405804,0.70780158,-2.9835606,-0.97869962,-0.18987739,0.078060955,0
-2.663604,4.6832776,-0.95521927,-0.20386681,0.85407662,-0.47853041,0
3.4673381,-1.4315355,1.5586123,0.97869962,0.18987739,-0.078060955,0
-3.1011803,5.0103908,-0.18497038,-0.20386681,0.85407662,-0.47853041,0
0.069835186,-3.2714572,4.5800381,0.20386681,-0.85407662,0.47853041,0
0.58338237,-3.8051357,3.4087481,0.20386681,-0.85407662,0.47853041,0
0.30879307,5.9328995,0.72542691,-0.024192095,0.48425156,0.87459421,0
-2.5130863,-2.2454743,1.4614005,-0.97869962,-0.18987739,0.078060955,0
-0.91728568,-5.0294619,1.8629079,0.20386681,-0.85407662,0.47853041,0
3.2904584,-4.9606009,0.19319868,0.20386681,-0.85407662,0.47853041,0
3.1284022,0.62797546,3.7406883,-0.024192095,0.48425156,0.87459421,0
3.8297539,-4.1158886,1.4710784,0.20386681,-0.85407662,0.47853041,0
0.45919132,-5.9251413,-0.32211018,0.20386681,-0.85407662,0.47853041,0
0.87134957,1.3677359,3.2686601,-0.024192095,0.48425156,0.87459421,0
0.77377701,-3.4528351,-2.0686617,0.024192095,-0.48425156,-0.87459421,0
-1.6067183,-4.989049,2.2287533,0.20386681,-0.85407662,0.47853041,0
-2.4231634,-1.8112078,3.6451402,-0.97869962,-0.18987739,0.078060955,0
-2.7055905,3.4760044,2.0023975,-0.024192095,0.48425156,0.87459421,0
3.0737553,-4.2944274,-1.5390635,0.024192095,-0.48425156,-0.87459421,0
-2.5424094,-2.4421589,0.61533672,-0.97869962,-0.18987739,0.078060955,0
-2.5917649,-2.0511451,0.94765031,-0.97869962,-0.18987739,0.078060955,0
2.5205889,1.8481963,-2.3336866,0.97869962,0.18987739,-0.078060955,0
-2.6588621,5.4702911,0.44741535,-0.20386681,0.85407662,-0.47853041,0
1.141983,5.6888685,-0.78173208,-0.20386681,0.85407662,-0.47853041,0
-3.0960014,0.060677767,-0.23743629,-0.97869962,-0.18987739,0.078060955,0
3.8617027,-2.4228861,4.0916224,0.97869962,0.18987739,-0.078060955,0
-2.2506242,4.4653807,1.4671774,-0.024192095,0.48425156,0.87459421,0
-0.26103359,-4.0901775,3.2597525,0.20386681,-0.85407662,0.47853041,0
2.2155571,4.3791881,-0.0016191006,0.97869962,0.18987739,-0.078060955,0
-1.1465366,-4.2067075,-1.70437,0.024192095,-0.48425156,-0.87459421,0
-3.478996,2.8402193,1.7217438,-0.97869962,-0.18987739,0.078060955,0
3.6345363,-4.2417274,1.3296504,0.20386681,-0.85407662,0.47853041,0
3.8965349,-2.5927374,4.1151915,0.97869962,0.18987739,-0.078060955,0
-2.9800308,3.76158,1.8366868,-0.024192095,0.48425156,0.87459421,0
0.29269195,4.1936235,-3.0886099,-0.20386681,0.85407662,-0.47853041,0
3.3618958,-4.8297772,0.39625597,0.20386681,-0.85407662,0.47853041,0
-3.2999597,0.81645846,-4.545198,0.024192095,-0.48425156,-0.87459421,0
-2.3586593,-2.3499849,-2.7659419,0.024192095,-0.48425156,-0.87459421,0
-2.5022986,-1.9872286,2.2248149,-0.97869962,-0.18987739,0.078060955,0
0.67243755,-1.9758484,5.1144576,-0.024192095,0.48425156,0.87459421,0
-3.982585,4.3597426,-0.89594603,-0.97869962,-0.18987739,0.078060955,0
1.8533243,0.78897405,3.6162755,-0.024192095,0.48425156,0.87459421,0
2.9186149,-4.0584617,1.9617434,0.20386681,-0.85407662,0.47853041,0
3.8227029,-3.2648916,1.5545423,0.97869962,0.18987739,-0.078060955,0
-0.3255856,-2.0244012,-2.8899765,0.024192095,-0.48425156,-0.87459421,0
-2.0150559,3.3367367,-3.6348116,-0.20386681,0.85407662,-0.47853041,0
2.5513439,3.3600681,2.2120016,-0.024192095,0.48425156,0.87459421,0
0.69806993,-4.0385256,2.943337,0.20386681,-0.85407662,0.47853041,0
-2.3916669,-1.8317978,3.989949,-0.97869962,-0.18987739,0.078060955,0
2.5701933,0.77066678,-4.332778,0.97869962,0.18987739,-0.078060955,0
0.82293034,1.193451,3.3638201,-0.024192095,0.48425156,0.87459421,0
-1.8598559,4.0099397,-2.4994042,-0.20386681,0.85407662,-0.47853041,0
-0.029056191,-1.8848027,5.0446424,-0.024192095,0.48425156,0.87459421,0
0.65671271,-3.3458333,4.1972666,0.20386681,-0.85407662,0.47853041,0
-0.77787924,-1.7197324,4.9325323,-0.024192095,0.48425156,0.87459421,0
-2.5618334,-2.9536316,-2.4373302,0.024192095,-0.48425156,-0.87459421,0
1.2788424,-2.1523976,-2.7747266,0.024192095,-0.48425156,-0.87459421,0
-1.9384415,-4.691041,2.7174313,-0.97869962,-0.18987739,0.078060955,0
-1.2134352,-5.731298,0.73644471,0.20386681,-0.85407662,0.47853041,0
1.1564097,5.4384346,1.0226517,-0.024192095,0.48425156,0.87459421,0
0.42256194,3.4487705,-4.4733453,-0.20386681,0.85407662,-0.47853041,0
-2.3502083,2.9863429,-4.1174073,-0.20386681,0.85407662,-0.47853041,0
3.1973443,-0.31336999,0.89338219,0.97869962,0.18987739,-0.078060955,0
1.0625279,3.4263687,-4.7859702,-0.20386681,0.85407662,-0.47853041,0
-2.2647924,1.4369273,-4.8601098,0.024192095,-0.48425156,-0.87459421,0
2.0985105,5.0383887,0.13435423,0.97869962,0.18987739,-0.078060955,0
2.7322168,-3.4888465,3.0577977,0.20386681,-0.85407662,0.47853041,0
2.3626924,0.76865792,-4.3620973,0.024192095,-0.48425156,-0.87459421,0
1.985095,5.8618488,0.71539199,0.97869962,0.18987739,-0.078060955,0
-2.0165269,-5.3764682,0.07117188,-0.97869962,-0.18987739,0.078060955,0
3.226593,0.16332626,4.0006747,-0.024192095,0.48425156,0.87459421,0
1.2211075,-1.8586431,-2.938972,0.024192095,-0.48425156,-0.87459421,0
3.9218516,-4.1867595,0.55525589,0.97869962,0.18987739,-0.078060955,0
-2.2336459,-4.0239186,0.63899016,-0.97869962,-0.18987739,0.078060955,0
-3.3468966,4.922513,1.1837449,-0.024192095,0.48425156,0.87459421,0
2.3218613,3.5044017,-0.79666156,0.97869962,0.18987739,-0.078060955,0
1.4336858,-3.2289906,4.0747957,0.20386681,-0.85407662,0.47853041,0
-2.8186188,-1.4650037,-0.47082132,-0.97869962,-0.18987739,0.078060955,0
2.9801495,1.5300803,2.6543255,0.97869962,0.18987739,-0.078060955,0
0.52744484,-4.7296686,1.7824814,0.20386681,-0.85407662,0.47853041,0
-3.1977577,1.2024448,1.2640445,-0.97869962,-0.18987739,0.078060955,0
-3.7890081,2.6668265,-2.5868421,-0.97869962,-0.18987739,0.078060955,0
-2.3535447,-2.3886909,3.113313,-0.97869962,-0.18987739,0.078060955,0
2.9352679,0.45160294,-0.53169745,0.97869962,0.18987739,-0.078060955,0
1.2467375,-2.2761116,-2.7071159,0.024192095,-0.48425156,-0.87459421,0
3.1121979,-1.7544899,5.0593805,-0.024192095,0.48425156,0.87459421,0
2.2261801,4.2809768,-0.10732549,0.97869962,0.18987739,-0.078060955,0
0.86556935,5.1184068,-1.682127,-0.20386681,0.85407662,-0.47853041,0
2.2941868,-1.3990357,4.8399425,-0.024192095,0.48425156,0.87459421,0
2.902092,1.3850284,1.3228421,0.97869962,0.18987739,-0.078060955,0
0.48630345,4.0409441,-3.4435949,-0.20386681,0.85407662,-0.47853041,0
-1.6872683,3.1170809,-4.1664972,-0.20386681,0.85407662,-0.47853041,0
-2.6408386,-1.7766312,1.0001123,-0.97869962,-0.18987739,0.078060955,0
2.2458239,4.4192796,0.47537535,0.97869962,0.18987739,-0.078060955,0
1.379564,-1.2170705,4.7138915,-0.024192095,0.48425156,0.87459421,0
3.3785181,-0.41465569,2.918503,0.97869962,0.18987739,-0.078060955,0
1.8080076,3.3261087,-5.2825084,-0.20386681,0.85407662,-0.47853041,0
-1.5857437,-0.48169923,-3.7790082,0.024192095,-0.48425156,-0.87459421,0
-2.9099646,4.7663612,1.2822902,-0.024192095,0.48425156,0.87459421,0
-3.2372837,0.4219346,-1.1300529,-0.97869962,-0.18987739,0.078060955,0
0.83395243,-5.9843454,-0.66533279,0.024192095,-0.48425156,-0.87459421,0
1.7060093,-0.59727383,4.3797479,-0.024192095,0.48425156,0.87459421,0
-2.367734,5.649291,0.64286542,-0.20386681,0.85407662,-0.47853041,0
2.7266715,2.4012303,1.5953158,0.97869962,0.18987739,-0.078060955,0
-3.8048024,2.3644681,-3.5203252,-0.97869962,-0.18987739,0.078060955,0
-0.49936247,-6.1822643,-0.37265062,0.20386681,-0.85407662,0.47853041,0
-2.8996034,4.1521692,1.6226473,-0.024192095,0.48425156,0.87459421,0
-3.0640533,0.028770924,0.085505962,-0.97869962,-0.18987739,0.078060955,0
3.1611462,-0.75166368,-0.6265744,0.97869962,0.18987739,-0.078060955,0
0.66726995,1.1037385,-4.5945239,0.024192095,-0.48425156,-0.87459421,0
-2.6594942,-1.1121229,2.3825827,-0.97869962,-0.18987739,0.078060955,0
-3.2122712,0.34994388,-0.99156451,-0.97869962,-0.18987739,0.078060955,0
2.6506407,2.3425305,0.4992871,0.97869962,0.18987739,-0.078060955,0
0.87281561,-1.7372068,-3.0158436,0.024192095,-0.48425156,-0.87459421,0
-2.3524363,-0.24607468,-3.9306774,0.024192095,-0.48425156,-0.87459421,0
-0.28387022,3.8234718,1.8769963,-0.024192095,0.48425156,0.87459421,0
-3.1192701,-0.29776597,-1.4010581,-0.97869962,-0.18987739,0.078060955,0
2.5354476,-4.5395231,-1.4182472,0.024192095,-0.48425156,-0.87459421,0
-2.9575665,0.2712239,2.0103471,-0.97869962,-0.18987739,0.078060955,0
-2.6436372,3.1123848,-3.7674408,-0.20386681,0.85407662,-0.47853041,0
0.74141693,-1.4454708,-3.1810088,0.024192095,-0.48425156,-0.87459421,0
-1.050106,5.3061595,1.0348566,-0.024192095,0.48425156,0.87459421,0
0.13508406,-3.2273519,4.630959,0.20386681,-0.85407662,0.47853041,0
1.7670014,6.2098136,-0.11822891,-0.20386681,0.85407662,-0.47853041,0
-1.0659834,-4.5527596,2.7770703,0.20386681,-0.85407662,0.47853041,0
2.7708833,-2.9269133,-2.3046165,0.024192095,-0.48425156,-0.87459421,0
2.7007463,1.4427186,-1.0612296,0.97869962,0.18987739,-0.078060955,0
-3.633944,2.7323303,-0.48336577,-0.97869962,-0.18987739,0.078060955,0
0.36297584,2.7713134,2.4774551,-0.024192095,0.48425156,0.87459421,0
-0.83923697,1.3829132,-4.7907705,0.024192095,-0.48425156,-0.87459421,0
2.5036759,-4.0617943,2.1325703,0.20386681,-0.85407662,0.47853041,0
-3.5211804,2.5999029,0.60829902,-0.97869962,-0.18987739,0.078060955,0
0.28280887,-3.7216377,3.685828,0.20386681,-0.85407662,0.47853041,0
2.9193261,-0.0080156326,-1.8495597,0.97869962,0.18987739,-0.078060955,0
1.5760086,4.0640912,-3.8665266,-0.20386681,0.85407662,-0.47853041,0
3.0072694,-5.4522991,-0.56373501,0.20386681,-0.85407662,0.47853041,0
2.6601255,1.8166232,-0.66102272,0.97869962,0.18987739,-0.078060955,0
-0.22327757,-3.776551,-1.9170039,0.024192095,-0.48425156,-0.87459421,0
-2.502775,2.6471775,2.4669187,-0.024192095,0.48425156,0.87459421,0
0.30942392,-4.4227419,-1.5444812,0.024192095,-0.48425156,-0.87459421,0
2.2937837,0.22310853,-4.0619397,0.024192095,-0.48425156,-0.87459421,0
2.5374918,1.6200511,3.1750431,-0.024192095,0.48425156,0.87459421,0
3.759331,-4.1888065,-1.4873424,0.97869962,0.18987739,-0.078060955,0
-0.41775751,4.6849155,-1.9090865,-0.20386681,0.85407662,-0.47853041,0
-2.0664806,2.9594927,-4.2862053,-0.20386681,0.85407662,-0.47853041,0
-1.086808,0.13001919,-4.1039076,0.024192095,-0.48425156,-0.87459421,0
2.430429,-4.4518147,1.4676704,0.20386681,-0.85407662,0.47853041,0
-2.2582603,4.7987967,1.2823579,-0.024192095,0.48425156,0.87459421,0
2.3513956,4.1715355,1.1963748,0.97869962,0.18987739,-0.078060955,0
-1.1129122,-0.10875496,4.0312877,-0.024192095,0.48425156,0.87459421,0
1.7015872,-4.4481483,1.7847209,0.20386681,-0.85407662,0.47853041,0
0.99434519,1.5696609,3.160259,-0.024192095,0.48425156,0.87459421,0
-2.8006849,-2.4400091,-2.6175981,-0.97869962,-0.18987739,0.078060955,0
3.6281834,-4.3870907,1.0729132,0.20386681,-0.85407662,0.47853041,0
2.6724448,-3.540164,-1.9677902,0.024192095,-0.48425156,-0.87459421,0
-3.5873854,0.9447124,-4.2478819,-0.97869962,-0.18987739,0.078060955,0
0.66547698,3.290463,-4.8593802,-0.20386681,0.85407662,-0.47853041,0
-2.7379436,1.8438652,-5.0985141,0.024192095,-0.48425156,-0.87459421,0
-2.6321483,4.6608658,1.3483865,-0.024192095,0.48425156,0.87459421,0
0.20684743,-0.55741286,-3.6875017,0.024192095,-0.48425156,-0.87459421,0
1.7572286,3.9955845,-4.0660009,-0.20386681,0.85407662,-0.47853041,0
1.7789924,-3.2489052,3.8921418,0.20386681,-0.85407662,0.47853041,0
-2.7165706,-0.99841321,1.94357,-0.97869962,-0.18987739,0.078060955,0
-1.7676333,-0.31056762,-3.8787923,0.024192095,-0.48425156,-0.87459421,0
0.92958784,4.9803486,1.2700137,-0.024192095,0.48425156,0.87459421,0
0.13844228,1.8243657,-5.0081539,0.024192095,-0.48425156,-0.87459421,0
3.9788225,-4.5186272,0.46229506,0.97869962,0.18987739,-0.078060955,0
2.2794197,2.9772058,-2.6111465,0.97869962,0.18987739,-0.078060955,0
2.682476,1.3823289,-1.4371923,0.97869962,0.18987739,-0.078060955,0
3.8686705,-4.1605611,-0.047784805,0.97869962,0.18987739,-0.078060955,0
3.3158407,-1.5589957,-0.650846,0.97869962,0.18987739,-0.078060955,0
-0.95689332,-2.1758904,5.1801496,-0.024192095,0.48425156,0.87459421,0
-3.5263474,2.5675046,0.46470928,-0.97869962,-0.18987739,0.078060955,0
1.9454043,-1.1852484,-3.2917869,0.024192095,-0.48425156,-0.87459421,0
-2.3626261,4.5841522,-1.2603617,-0.20386681,0.85407662,-0.47853041,0
1.5570903,-5.1763844,-1.0926874,0.024192095,-0.48425156,-0.87459421,0
-2.3492506,-3.8662531,-1.9261436,0.024192095,-0.48425156,-0.87459421,0
2.5166566,3.1027267,0.66856623,0.97869962,0.18987739,-0.078060955,0
3.7655942,-2.756052,2.0762541,0.97869962,0.18987739,-0.078060955,0
2.0687256,0.15852475,3.9713054,-0.024192095,0.48425156,0.87459421,0
0.54760444,-4.4053335,2.3527634,0.20386681,-0.85407662,0.47853041,0
-2.7279718,-0.63897276,2.6749396,-0.97869962,-0.18987739,0.078060955,0
1.2110611,4.6169643,-2.7242856,-0.20386681,0.85407662,-0.47853041,0
0.16611171,-0.059297562,4.0392828,-0.024192095,0.48425156,0.87459421,0
2.0240338,3.787436,-3.8422561,0.97869962,0.18987739,-0.078060955,0
-1.7955761,-3.2956798,-2.2267473,0.024192095,-0.48425156,-0.87459421,0
1.9707835,-4.5850849,1.425632,0.20386681,-0.85407662,0.47853041,0
-1.2247365,-5.2405281,-1.13412,0.024192095,-0.48425156,-0.87459421,0
-2.0656276,2.9733996,-4.2617474,-0.20386681,0.85407662,-0.47853041,0
-3.6840162,1.6041665,-3.8553326,-0.97869962,-0.18987739,0.078060955,0
1.756608,-5.2508655,0.32859778,0.20386681,-0.85407662,0.47853041,0
3.5762482,-2.0268188,1.4761043,0.97869962,0.18987739,-0.078060955,0
-3.3394876,2.4008572,2.4021401,-0.97869962,-0.18987739,0.078060955,0
3.6292849,-3.1583228,-0.61124086,0.97869962,0.18987739,-0.078060955,0
2.94487,1.669529,2.5512044,0.97869962,0.18987739,-0.078060955,0
1.1417675,-3.0207109,-2.2977445,0.024192095,-0.48425156,-0.87459421,0
-3.3787656,2.3926101,1.8896215,-0.97869962,-0.18987739,0.078060955,0
-3.0482533,0.58899951,1.6463145,-0.97869962,-0.18987739,0.078060955,0
-0.20064425,-5.2519717,1.1604657,0.20386681,-0.85407662,0.47853041,0
-3.1372848,4.2843599,1.5428805,-0.024192095,0.48425156,0.87459421,0
-2.022753,-3.6148634,4.2780857,-0.97869962,-0.18987739,0.078060955,0
1.3293839,-0.92047191,-3.45543,0.024192095,-0.48425156,-0.87459421,0
-1.173934,2.9270086,-4.724432,-0.20386681,0.85407662,-0.47853041,0
-0.26113462,-5.9354219,-0.033579826,0.20386681,-0.85407662,0.47853041,0
2.6467059,1.3912119,-1.8640559,0.97869962,0.18987739,-0.078060955,0
1.7049509,5.1013699,-2.0701342,-0.20386681,0.85407662,-0.47853041,0
-3.5896182,2.6909456,-4.1166077,-0.20386681,0.85407662,-0.47853041,0
-3.2875819,-0.10958767,-3.0535598,-0.97869962,-0.18987739,0.078060955,0
-3.8750215,2.5382307,-3.9780431,-0.97869962,-0.18987739,0.078060955,0
2.0805142,5.3575997,0.68518484,0.97869962,0.18987739,-0.078060955,0
2.5643616,2.4023709,-0.43689245,0.97869962,0.18987739,-0.078060955,0
-1.5948825,-4.2971978,3.4585204,0.20386681,-0.85407662,0.47853041,0
-2.0949738,-3.1250103,4.5641403,-0.97869962,-0.18987739,0.078060955,0
-2.2500396,-2.7993219,3.4121954,-0.97869962,-0.18987739,0.078060955,0
-2.9830773,0.44495499,2.1130922,-0.97869962,-0.18987739,0.078060955,0
3.4787781,-4.3742757,1.1594362,0.20386681,-0.85407662,0.47853041,0
2.2389748,0.092953682,4.01232,-0.024192095,0.48425156,0.87459421,0
-0.42576265,5.1407871,-1.092041,-0.20386681,0.85407662,-0.47853041,0
-1.9654748,2.0852261,2.7929258,-0.024192095,0.48425156,0.87459421,0
-0.59507132,1.8957984,2.9357159,-0.024192095,0.48425156,0.87459421,0
3.2031579,-4.8200011,0.48133135,0.20386681,-0.85407662,0.47853041,0
-2.9022558,3.6205573,1.9169207,-0.024192095,0.48425156,0.87459421,0
-3.1515896,-0.70803571,-2.8042171,-0.97869962,-0.18987739,0.078060955,0
-2.7520294,-0.33105087,3.1223149,-0.97869962,-0.18987739,0.078060955,0
-2.2692115,-3.7068779,0.96425796,-0.97869962,-0.18987739,0.078060955,0
2.9044807,0.75866961,-0.17077899,0.97869962,0.18987739,-0.078060955,0
-1.6850159,3.1520054,2.2100215,-0.024192095,0.48425156,0.87459421,0
-1.706996,-2.7711098,-2.5147448,0.024192095,-0.48425156,-0.87459421,0
-2.371928,-2.4861875,2.6456773,-0.97869962,-0.18987739,0.078060955,0
-0.65002227,-4.6413097,2.441817,0.20386681,-0.85407662,0.47853041,0
-1.8645699,-5.8946195,0.7159915,-0.97869962,-0.18987739,0.078060955,0
-1.2468212,-4.4916968,2.9630966,0.20386681,-0.85407662,0.47853041,0
-3.160733,2.1044745,-5.2545042,0.024192095,-0.48425156,-0.87459421,0
0.59598684,5.1542454,1.164502,-0.024192095,0.48425156,0.87459421,0
-0.99428773,-4.1899476,-1.7094381,0.024192095,-0.48425156,-0.87459421,0
-2.1471937,0.24315214,-4.195879,0.024192095,-0.48425156,-0.87459421,0
1.1343384,-2.915153,4.7624602,0.20386681,-0.85407662,0.47853041,0
3.3789644,-1.9257007,-0.75141072,0.97869962,0.18987739,-0.078060955,0
-1.6565201,-6.4133716,-0.29214835,0.20386681,-0.85407662,0.47853041,0
0.91270423,-1.9308617,-2.907516,0.024192095,-0.48425156,-0.87459421,0
-3.1879435,-0.16638231,-1.9424772,-0.97869962,-0.18987739,0.078060955,0
3.570363,-2.6891968,-0.20886397,0.97869962,0.18987739,-0.078060955,0
3.5105431,-5.2556787,-0.42721605,0.20386681,-0.85407662,0.47853041,0
3.2555323,-0.75718784,0.54337001,0.97869962,0.18987739,-0.078060955,0
1.2696824,4.084795,-3.6990702,-0.20386681,0.85407662,-0.47853041,0
0.37015688,1.9659319,-5.0801277,0.024192095,-0.48425156,-0.87459421,0
-2.7935717,5.0226307,-0.29417515,-0.20386681,0.85407662,-0.47853041,0
3.7700028,-4.9643564,-1.1488738,0.024192095,-0.48425156,-0.87459421,0
-2.105032,-3.6424992,3.1792789,-0.97869962,-0.18987739,0.078060955,0
-0.74751675,4.2794471,-2.4922764,-0.20386681,0.85407662,-0.47853041,0
-0.15243769,-5.8440332,0.083222628,0.20386681,-0.85407662,0.47853041,0
-3.9660769,4.3520217,-0.70774651,-0.97869962,-0.18987739,0.078060955,0
3.8842618,-4.1259375,0.23192358,0.97869962,0.18987739,-0.078060955,0
-1.5580294,1.9593761,2.8738775,-0.024192095,0.48425156,0.87459421,0
1.4870024,5.3742223,1.0673494,-0.024192095,0.48425156,0.87459421,0
-0.72599149,-1.2094197,4.6514144,-0.024192095,0.48425156,0.87459421,0
4.0045042,-4.9825001,-0.3440547,0.97869962,0.18987739,-0.078060955,0
1.6264732,6.3202939,0.1388247,-0.20386681,0.85407662,-0.47853041,0
2.6181767,0.83482105,-3.5751238,0.97869962,0.18987739,-0.078060955,0
2.96715,-4.8355885,0.55405712,0.20386681,-0.85407662,0.47853041,0
-1.4183691,-0.50405836,4.2417126,-0.024192095,0.48425156,0.87459421,0
-1.8550286,-6.3737392,-0.32980192,-0.97869962,-0.18987739,0.078060955,0
0.71923375,-0.47831416,4.2865868,-0.024192095,0.48425156,0.87459421,0
1.9004364,6.170938,0.40581214,0.97869962,0.18987739,-0.078060955,0
-2.1158845,-3.1174684,4.3203106,-0.97869962,-0.18987739,0.078060955,0
2.2982395,4.0656466,0.27236009,0.97869962,0.18987739,-0.078060955,0
-1.7983084,1.3877873,-4.8199987,0.024192095,-0.48425156,-0.87459421,0
2.2774448,2.9509943,-2.6996632,0.97869962,0.18987739,-0.078060955,0
-3.514184,2.3672259,-4.7265177,-0.20386681,0.85407662,-0.47853041,0
-1.5233603,-5.0338831,-1.256797,0.024192095,-0.48425156,-0.87459421,0
-3.8225541,2.2102184,-4.1180925,-0.97869962,-0.18987739,0.078060955,0
-3.8671432,2.3193974,-4.4115639,-0.97869962,-0.18987739,0.078060955,0
1.4332256,-5.627284,-0.20546055,0.20386681,-0.85407662,0.47853041,0
-2.689435,-2.6888664,-1.8281112,-0.97869962,-0.18987739,0.078060955,0
-2.4433987,-2.1747503,2.5071497,-0.97869962,-0.18987739,0.078060955,0
-1.9581697,-5.6710629,0.086254716,-0.97869962,-0.18987739,0.078060955,0
-3.4670091,2.3732281,0.73611093,-0.97869962,-0.18987739,0.078060955,0
1.3599427,4.4592566,-3.0691881,-0.20386681,0.85407662,-0.47853041,0
2.9500449,-5.2340889,-0.14989519,0.20386681,-0.85407662,0.47853041,0
-2.0652158,-4.2538362,2.1914477,-0.97869962,-0.18987739,0.078060955,0
3.172668,-0.12605429,4.159409,-0.024192095,0.48425156,0.87459421,0
-0.19150257,5.7226796,-0.15328526,-0.20386681,0.85407662,-0.47853041,0
-0.63571954,5.1095619,-1.0583241,-0.20386681,0.85407662,-0.47853041,0
-1.2073026,5.2909689,-0.49104095,-0.20386681,0.85407662,-0.47853041,0
3.4977245,-0.80993772,3.4515786,0.97869962,0.18987739,-0.078060955,0
3.2213576,0.68136835,3.6140797,0.97869962,0.18987739,-0.078060955,0
-1.4197407,-5.6711221,-0.9010998,0.024192095,-0.48425156,-0.87459421,0
0.93887413,-3.6119227,3.6021445,0.20386681,-0.85407662,0.47853041,0
-3.1457474,-0.14870787,-1.3704481,-0.97869962,-0.18987739,0.078060955,0
3.6765721,-1.4641652,4.1025429,0.97869962,0.18987739,-0.078060955,0
3.6394646,-2.0310705,2.2583456,0.97869962,0.18987739,-0.078060955,0
1.9279267,-2.1892052,5.2673187,-0.024192095,0.48425156,0.87459421,0
-2.3749204,2.3153331,-5.304492,-0.20386681,0.85407662,-0.47853041,0
-1.2733974,2.9531713,-4.6353626,-0.20386681,0.85407662,-0.47853041,0
-0.56052828,4.9279809,-1.4144411,-0.20386681,0.85407662,-0.47853041,0
1.5883682,-4.3420568,2.0223057,0.20386681,-0.85407662,0.47853041,0
0.16928715,3.7443213,-3.8379476,-0.20386681,0.85407662,-0.47853041,0
1.8523088,6.0226445,-0.48862886,-0.20386681,0.85407662,-0.47853041,0
3.2793269,-0.82385707,0.679528,0.97869962,0.18987739,-0.078060955,0
1.2523481,-0.46880865,4.2960696,-0.024192095,0.48425156,0.87459421,0
-1.0469592,-5.3891578,1.2761695,0.20386681,-0.85407662,0.47853041,0
2.9012847,-4.1121163,1.873364,0.20386681,-0.85407662,0.47853041,0
-1.8432512,-4.8670144,-1.3580382,0.024192095,-0.48425156,-0.87459421,0
3.2489159,0.23128104,2.8647881,0.97869962,0.18987739,-0.078060955,0
0.03851366,6.0310354,0.66361403,-0.024192095,0.48425156,0.87459421,0
-2.6103332,0.57360792,3.612052,-0.024192095,0.48425156,0.87459421,0
2.4408088,3.7632029,1.3241763,0.97869962,0.18987739,-0.078060955,0
2.739727,2.6460633,2.3545458,0.97869962,0.18987739,-0.078060955,0
3.800046,-2.9795308,1.9646015,0.97869962,0.18987739,-0.078060955,0
-1.1475542,0.95689517,3.4402926,-0.024192095,0.48425156,0.87459421,0
-3.2090442,-0.27191114,-3.9400668,0.024192095,-0.48425156,-0.87459421,0
-2.2477381,-3.7102447,1.225296,-0.97869962,-0.18987739,0.078060955,0
-1.3349999,-2.0567455,5.1037216,-0.024192095,0.48425156,0.87459421,0
1.6617422,6.2340231,0.5961225,-0.024192095,0.48425156,0.87459421,0
2.2542677,-3.0603848,4.0261316,0.20386681,-0.85407662,0.47853041,0
2.4933953,-2.4622953,4.9917212,0.20386681,-0.85407662,0.47853041,0
1.0136272,4.7008805,-2.4904008,-0.20386681,0.85407662,-0.47853041,0
-2.1437068,-4.2100339,1.3139036,-0.97869962,-0.18987739,0.078060955,0
0.19553995,-5.2823882,0.93739367,0.20386681,-0.85407662,0.47853041,0
-0.12525737,4.2794499,-2.7573712,-0.20386681,0.85407662,-0.47853041,0
-0.085252285,5.7582598,-0.13504696,-0.20386681,0.85407662,-0.47853041,0
-2.33811,2.883353,-4.3063774,-0.20386681,0.85407662,-0.47853041,0
-1.5322912,4.6448507,-1.5057721,-0.20386681,0.85407662,-0.47853041,0
-3.1515703,-0.21812654,-1.6123092,-0.97869962,-0.18987739,0.078060955,0
3.1666312,-1.02159,-1.2143764,0.97869962,0.18987739,-0.078060955,0
1.9413173,-5.0446644,0.61793327,0.20386681,-0.85407662,0.47853041,0
-1.1217537,-4.3239112,3.2092767,0.20386681,-0.85407662,0.47853041,0
-2.4434676,-2.1021566,2.6828637,-0.97869962,-0.18987739,0.078060955,0
2.9762712,-0.0055742264,-1.1296659,0.97869962,0.18987739,-0.078060955,0
1.6898984,2.5920725,-5.3903089,0.024192095,-0.48425156,-0.87459421,0
0.96496046,1.3949002,-4.7475019,0.024192095,-0.48425156,-0.87459421,0
1.2345721,2.9619074,-5.607676,0.024192095,-0.48425156,-0.87459421,0
-1.758687,3.0915263,-4.1816812,-0.20386681,0.85407662,-0.47853041,0
-0.19791651,5.5064759,0.9475162,-0.024192095,0.48425156,0.87459421,0
0.45797122,-0.91963911,4.523716,-0.024192095,0.48425156,0.87459421,0
-0.60699034,5.8483901,0.24809051,-0.20386681,0.85407662,-0.47853041,0
3.8921375,-3.1722274,2.6504881,0.97869962,0.18987739,-0.078060955,0
2.5001795,2.1608727,-1.8290075,0.97869962,0.18987739,-0.078060955,0
-2.0322337,-4.7646012,1.3625702,-0.97869962,-0.18987739,0.078060955,0
1.0130401,6.1379628,0.074740648,-0.20386681,0.85407662,-0.47853041,0
3.1230922,0.75754023,2.5673413,0.97869962,0.18987739,-0.078060955,0
2.9791307,-0.61782515,-2.5830667,0.97869962,0.18987739,-0.078060955,0
1.7224538,3.9005141,1.8898357,-0.024192095,0.48425156,0.87459421,0
3.4639919,-3.1132524,3.4163983,0.20386681,-0.85407662,0.47853041,0
-2.4595268,-1.3735747,-3.3093579,0.024192095,-0.48425156,-0.87459421,0
-1.1905576,4.271389,-2.3179116,-0.20386681,0.85407662,-0.47853041,0
0.85507286,-1.454917,4.8310766,-0.024192095,0.48425156,0.87459421,0
0.82316303,-5.0258093,1.127949,0.20386681,-0.85407662,0.47853041,0
-1.2289913,-5.2087488,1.6757135,0.20386681,-0.85407662,0.47853041,0
-0.91472244,-3.2455518,5.045722,0.20386681,-0.85407662,0.47853041,0
0.24799418,-0.055174232,-3.9644463,0.024192095,-0.48425156,-0.87459421,0
-2.8456345,4.7272797,-0.79913473,-0.20386681,0.85407662,-0.47853041,0
1.6312478,5.8200107,0.82451236,-0.024192095,0.48425156,0.87459421,0
-1.6651995,2.4972239,-5.2822142,-0.20386681,0.85407662,-0.47853041,0
0.80105579,-2.9245012,4.8877625,0.20386681,-0.85407662,0.47853041,0
1.6257606,6.4548779,0.37933254,-0.20386681,0.85407662,-0.47853041,0
-2.9440737,-0.56788588,0.13844371,-0.97869962,-0.18987739,0.078060955,0
2.3545032,1.3843493,-4.7032242,0.024192095,-0.48425156,-0.87459421,0
1.0858157,3.8395994,-4.0583615,-0.20386681,0.85407662,-0.47853041,0
-2.0457776,-4.1173654,2.7671103,-0.97869962,-0.18987739,0.078060955,0
3.0834985,-1.3274415,-3.0006323,0.97869962,0.18987739,-0.078060955,0
3.4786012,-0.75046778,3.3564708,0.97869962,0.18987739,-0.078060955,0
-2.4055867,-3.6006687,-0.48721558,-0.97869962,-0.18987739,0.078060955,0
0.29528257,3.6658721,-4.0316405,-0.20386681,0.85407662,-0.47853041,0
2.8665044,-4.3319573,1.4958107,0.20386681,-0.85407662,0.47853041,0
0.94392151,3.27175,-5.0114036,-0.20386681,0.85407662,-0.47853041,0
-3.2472835,0.31978106,-1.5039054,-0.97869962,-0.18987739,0.078060955,0
-2.0927558,4.8187799,-0.95657134,-0.20386681,0.85407662,-0.47853041,0
-1.7633357,5.2227821,1.0612926,-0.024192095,0.48425156,0.87459421,0
0.44837213,-1.6315358,-3.0860927,0.024192095,-0.48425156,-0.87459421,0
2.4658389,2.3845143,2.749788,-0.024192095,0.48425156,0.87459421,0
1.0007198,0.80830979,3.5819855,-0.024192095,0.48425156,0.87459421,0
-1.4566355,4.0542994,-2.5920143,-0.20386681,0.85407662,-0.47853041,0
2.2763982,3.3062551,-1.8486404,0.97869962,0.18987739,-0.078060955,0
2.6257343,-0.44463158,4.3206725,-0.024192095,0.48425156,0.87459421,0
2.2321043,-4.6526804,1.1936588,0.20386681,-0.85407662,0.47853041,0
-0.40060759,-0.50113153,-3.7354667,0.024192095,-0.48425156,-0.87459421,0
3.2531667,-1.4272984,-1.1162841,0.97869962,0.18987739,-0.078060955,0
-0.61709476,-2.8644991,5.5708222,-0.024192095,0.48425156,0.87459421,0
-0.65260661,4.0868959,-2.876375,-0.20386681,0.85407662,-0.47853041,0
2.1734884,-1.3093876,-3.2167439,0.024192095,-0.48425156,-0.87459421,0
-3.0788803,3.2953362,-3.2554853,-0.20386681,0.85407662,-0.47853041,0
2.0548174,-3.3061182,3.6725192,0.20386681,-0.85407662,0.47853041,0
-0.76361704,-5.0302744,1.7959905,0.20386681,-0.85407662,0.47853041,0
-1.5871015,-5.3975196,1.4913609,0.20386681,-0.85407662,0.47853041,0
0.34818935,4.3535466,-2.8268251,-0.20386681,0.85407662,-0.47853041,0
-2.1811547,3.9802837,1.737691,-0.024192095,0.48425156,0.87459421,0
3.6133547,-3.0019667,3.5513878,0.20386681,-0.85407662,0.47853041,0
-3.5576615,1.6888607,-2.0651269,-0.97869962,-0.18987739,0.078060955,0
-2.0295279,-4.4178128,-1.6119081,0.024192095,-0.48425156,-0.87459421,0
3.2479529,-2.002336,-2.5803914,0.97869962,0.18987739,-0.078060955,0
-1.1094334,0.022552252,-4.0450306,0.024192095,-0.48425156,-0.87459421,0
-0.57905912,1.0730464,3.3917062,-0.024192095,0.48425156,0.87459421,0
-0.80285287,-5.7971964,0.44391036,0.20386681,-0.85407662,0.47853041,0
0.6205759,-4.8203216,-1.3157399,0.024192095,-0.48425156,-0.87459421,0
2.0140946,2.8652098,2.4711373,-0.024192095,0.48425156,0.87459421,0
-2.6885242,-0.29248744,4.0123162,-0.97869962,-0.18987739,0.078060955,0
1.5542824,4.8104353,-2.5252018,-0.20386681,0.85407662,-0.47853041,0
0.81751013,-2.155966,-2.785512,0.024192095,-0.48425156,-0.87459421,0
-2.6601906,-2.2971687,-0.50868165,-0.97869962,-0.18987739,0.078060955,0
3.09971,0.19109845,0.89635932,0.97869962,0.18987739,-0.078060955,0
1.3787565,-5.5736151,-0.87767887,0.024192095,-0.48425156,-0.87459421,0
1.8491719,3.3433502,2.2018352,-0.024192095,0.48425156,0.87459421,0
-2.71469,2.6394587,-4.5812454,-0.20386681,0.85407662,-0.47853041,0
-2.2421386,-0.20818439,4.0551047,-0.024192095,0.48425156,0.87459421,0
1.3011651,-3.6007917,3.467665,0.20386681,-0.85407662,0.47853041,0
-0.68485737,5.0297294,-1.1798747,-0.20386681,0.85407662,-0.47853041,0
-1.1611285,5.4992704,0.92486262,-0.024192095,0.48425156,0.87459421,0
-2.6093698,-2.1965222,0.37330642,-0.97869962,-0.18987739,0.078060955,0
2.7304711,0.34718454,-3.3533556,0.97869962,0.18987739,-0.078060955,0
3.1946886,0.087703228,4.0416636,-0.024192095,0.48425156,0.87459421,0
-0.064911604,-5.0008235,1.5508869,0.20386681,-0.85407662,0.47853041,0
-0.78302979,-5.0119524,1.836962,0.20386681,-0.85407662,0.47853041,0
-1.566314,-3.5258436,4.8230553,0.20386681,-0.85407662,0.47853041,0
-1.0075996,-5.8173985,0.49508214,0.20386681,-0.85407662,0.47853041,0
2.8486595,1.2048192,0.21457791,0.97869962,0.18987739,-0.078060955,0
3.4504812,-1.2552974,1.7759504,0.97869962,0.18987739,-0.078060955,0
-3.5579846,3.3323328,1.9284461,-0.97869962,-0.18987739,0.078060955,0
1.1442066,-1.028484,4.6029634,-0.024192095,0.48425156,0.87459421,0
1.8035883,-0.0461936,4.0773215,-0.024192095,0.48425156,0.87459421,0
0.52331018,-3.4607203,-2.0712237,0.024192095,-0.48425156,-0.87459421,0
-3.1631556,-0.57167244,-2.6175351,-0.97869962,-0.18987739,0.078060955,0
3.8458054,-2.3587477,4.0483203,0.97869962,0.18987739,-0.078060955,0
2.198076,2.7416611,-4.203948,0.97869962,0.18987739,-0.078060955,0
-1.9890827,-5.1160564,1.0486914,-0.97869962,-0.18987739,0.078060955,0
-1.9635596,4.9257908,-0.82062101,-0.20386681,0.85407662,-0.47853041,0
0.2651217,5.04283,-1.5612092,-0.20386681,0.85407662,-0.47853041,0
2.3406792,-2.3097963,5.3289614,0.20386681,-0.85407662,0.47853041,0
2.6320398,1.2861621,-2.3034596,0.97869962,0.18987739,-0.078060955,0
-1.5599995,-3.2855234,5.2492867,0.20386681,-0.85407662,0.47853041,0
1.7715948,1.375334,3.2893548,-0.024192095,0.48425156,0.87459421,0
-1.6072838,2.0096989,2.8446522,-0.024192095,0.48425156,0.87459421,0
-2.3485067,-3.0817976,-2.3604655,0.024192095,-0.48425156,-0.87459421,0
2.7447634,2.6428697,2.4099157,0.97869962,0.18987739,-0.078060955,0
-1.0405535,-3.2023659,5.1764073,0.20386681,-0.85407662,0.47853041,0
-3.1465147,0.94999444,1.2924421,-0.97869962,-0.18987739,0.078060955,0
2.9080858,-0.08084631,4.1270595,-0.024192095,0.48425156,0.87459421,0
-0.33174896,-4.1504936,-1.7129571,0.024192095,-0.48425156,-0.87459421,0
-1.0908504,2.577086,-5.3843665,-0.20386681,0.85407662,-0.47853041,0
-2.8592091,-0.82736182,0.57129019,-0.97869962,-0.18987739,0.078060955,0
0.89429188,-0.013427079,-3.9696841,0.024192095,-0.48425156,-0.87459421,0
0.84264398,1.0362763,3.451391,-0.024192095,0.48425156,0.87459421,0
2.6320274,0.9357059,3.5565715,-0.024192095,0.48425156,0.87459421,0
-0.079331875,5.569972,-0.47362399,-0.20386681,0.85407662,-0.47853041,0
2.4400945,-4.1452279,2.0107458,0.20386681,-0.85407662,0.47853041,0
1.19017,2.9644647,-5.6103206,0.024192095,-0.48425156,-0.87459421,0
-2.074316,-4.2447977,2.09934,-0.97869962,-0.18987739,0.078060955,0
-3.3608775,0.10946703,-3.4396811,-0.97869962,-0.18987739,0.078060955,0
-3.5279171,3.152483,1.86795,-0.97869962,-0.18987739,0.078060955,0
0.51638699,-3.6145909,-1.9862193,0.024192095,-0.48425156,-0.87459421,0
-1.5614152,5.7796588,0.53203058,-0.20386681,0.85407662,-0.47853041,0
-2.9713464,1.7636654,-5.0605645,0.024192095,-0.48425156,-0.87459421,0
1.8932099,-2.0258067,5.1758866,-0.024192095,0.48425156,0.87459421,0
-3.1209526,2.766964,-4.1805959,-0.20386681,0.85407662,-0.47853041,0
0.0036213398,4.782177,-1.9150143,-0.20386681,0.85407662,-0.47853041,0
-1.8445034,-2.4068172,-2.7202525,0.024192095,-0.48425156,-0.87459421,0
-1.5825288,-4.1755981,3.6702874,0.20386681,-0.85407662,0.47853041,0
-0.39083815,-6.0099154,-0.68505383,0.024192095,-0.48425156,-0.87459421,0
2.0112207,3.2358356,-5.3446312,0.97869962,0.18987739,-0.078060955,0
-1.0568089,5.5622048,-0.071055412,-0.20386681,0.85407662,-0.47853041,0
1.2681601,-5.3506141,0.35865951,0.20386681,-0.85407662,0.47853041,0
2.425004,0.6640327,3.7012668,-0.024192095,0.48425156,0.87459421,0
-0.39059329,3.0009317,2.329474,-0.024192095,0.48425156,0.87459421,0
-2.9258134,2.9510248,-3.9352195,-0.20386681,0.85407662,-0.47853041,0
-2.7437599,-1.9741149,-0.77064049,-0.97869962,-0.18987739,0.078060955,0
-0.13579941,-0.40743387,4.22369,-0.024192095,0.48425156,0.87459421,0
-3.677037,5.1263986,0.26740932,-0.20386681,0.85407662,-0.47853041,0
-0.037846804,-5.1914711,1.1990902,0.20386681,-0.85407662,0.47853041,0
-0.34879637,-4.7982435,2.033392,0.20386681,-0.85407662,0.47853041,0
-3.1374717,-0.24163222,-1.4927235,-0.97869962,-0.18987739,0.078060955,0
2.3604691,2.8946667,-1.7957473,0.97869962,0.18987739,-0.078060955,0
-3.4161022,2.8009918,-3.9941216,-0.20386681,0.85407662,-0.47853041,0
-2.8316979,0.061700821,3.078795,-0.97869962,-0.18987739,0.078060955,0
2.6319559,2.1965666,-0.090021938,0.97869962,0.18987739,-0.078060955,0
