-2.7255745,0.23462176,-2.0373573,-0.41907978,0.16472983,-0.89288074,0
3.1363347,-1.6822703,-4.6659579,0.89475667,-0.09210223,-0.43695235,0
3.1485555,4.5985665,-0.013624191,0.15421551,0.98202908,0.10879502,0
-4.8860512,-4.1331434,-1.7245997,-0.15421551,-0.98202908,-0.10879502,0
1.8969889,-5.3873215,-0.018734455,-0.15421551,-0.98202908,-0.10879502,0
-1.8408594,4.8567739,4.7281184,0.15421551,0.98202908,0.10879502,0
1.3857594,4.7530832,1.09038,0.15421551,0.98202908,0.10879502,0
-0.98880482,0.87363219,3.9851916,0.41907978,-0.16472983,0.89288074,0
-2.4992604,1.4733613,-1.9150413,-0.41907978,0.16472983,-0.89288074,0
-5.0760407,3.1470084,0.38523865,-0.89475667,0.09210223,0.43695235,0
-0.54176462,0.6948204,-2.9774399,-0.41907978,0.16472983,-0.89288074,0
3.4493644,-5.5108819,-1.1038952,-0.15421551,-0.98202908,-0.10879502,0
-3.799,4.7700319,2.6581545,-0.89475667,0.09210223,0.43695235,0
1.4745209,0.031490326,2.6736436,0.41907978,-0.16472983,0.89288074,0
-4.6985874,2.5576153,1.282392,-0.89475667,0.09210223,0.43695235,0
3.8545141,0.11601043,-3.5743737,0.89475667,-0.09210223,-0.43695235,0
1.5369115,-4.8758183,-4.125371,-0.15421551,-0.98202908,-0.10879502,0
-4.3201823,1.8367084,2.2092147,-0.89475667,0.09210223,0.43695235,0
3.4234257,0.29884005,-4.4956608,0.89475667,-0.09210223,-0.43695235,0
2.0575805,4.4154587,-3.5110302,-0.41907978,0.16472983,-0.89288074,0
3.3719633,-4.490459,-3.5915351,0.89475667,-0.09210223,-0.43695235,0
-3.0846062,5.2634444,2.8203349,0.15421551,0.98202908,0.10879502,0
2.5480657,-3.7051666,-5.2394385,-0.41907978,0.16472983,-0.89288074,0
4.4615126,-1.3202213,-2.028677,0.89475667,-0.09210223,-0.43695235,0
-0.47689176,3.5958209,4.2471452,0.41907978,-0.16472983,0.89288074,0
0.52692699,-3.8104696,-4.3102312,-0.41907978,0.16472983,-0.89288074,0
2.0962691,-1.187655,-4.5629225,-0.41907978,0.16472983,-0.89288074,0
1.079217,-3.6926541,2.1721048,0.41907978,-0.16472983,0.89288074,0
-5.3360462,-4.2349396,-0.16788459,-0.15421551,-0.98202908,-0.10879502,0
-3.0630326,1.0112252,4.9575043,-0.89475667,0.09210223,0.43695235,0
-5.6176577,-4.1265965,-0.74665546,-0.15421551,-0.98202908,-0.10879502,0
4.3151131,-3.6424465,-1.8389759,0.89475667,-0.09210223,-0.43695235,0
0.61558366,-4.8161407,-3.3580768,-0.15421551,-0.98202908,-0.10879502,0
-1.836122,5.0607591,2.8801413,0.15421551,0.98202908,0.10879502,0
-5.3421011,2.4924722,-0.021615028,-0.89475667,0.09210223,0.43695235,0
-3.7559774,5.2950764,-0.62011433,-0.41907978,0.16472983,-0.89288074,0
0.80175495,4.9196672,0.41454375,0.15421551,0.98202908,0.10879502,0
-3.4315884,3.9357612,3.5863624,-0.89475667,0.09210223,0.43695235,0
-3.0877473,2.4093437,4.6121964,-0.89475667,0.09210223,0.43695235,0
-0.9043982,2.1306024,-2.5423446,-0.41907978,0.16472983,-0.89288074,0
-4.3362703,-0.70984507,2.7130418,-0.89475667,0.09210223,0.43695235,0
3.3932207,4.6821222,-1.1146433,0.15421551,0.98202908,0.10879502,0
5.7611809,-0.5023545,0.46028852,0.89475667,-0.09210223,-0.43695235,0
0.88195515,-5.180624,-0.44567442,-0.15421551,-0.98202908,-0.10879502,0
3.6469316,-2.4660344,-3.4551926,0.89475667,-0.09210223,-0.43695235,0
-5.6017404,-2.7028868,0.54181242,-0.89475667,0.09210223,0.43695235,0
3.9261978,2.2472608,1.931726,0.41907978,-0.16472983,0.89288074,0
-0.089574337,-4.8696308,-1.8757,-0.15421551,-0.98202908,-0.10879502,0
4.0087237,-1.0072396,-3.0218334,0.89475667,-0.09210223,-0.43695235,0
-5.3777328,1.7231045,-0.5179348,-0.41907978,0.16472983,-0.89288074,0
4.6194353,1.8521645,-2.3739812,0.89475667,-0.09210223,-0.43695235,0
5.1697817,3.5132108,1.5815995,0.41907978,-0.16472983,0.89288074,0
4.674942,2.4248445,-2.3810313,0.89475667,-0.09210223,-0.43695235,0
3.1289504,-1.2574778,-4.7706175,0.89475667,-0.09210223,-0.43695235,0
-5.5061817,-3.0471318,0.81005096,-0.89475667,0.09210223,0.43695235,0
1.6211576,4.5077057,2.9715853,0.15421551,0.98202908,0.10879502,0
4.4979124,3.5021498,-2.9706156,0.89475667,-0.09210223,-0.43695235,0
-4.4103103,-1.2476676,2.6747928,-0.89475667,0.09210223,0.43695235,0
-3.2619562,5.338336,2.3957191,0.15421551,0.98202908,0.10879502,0
2.5111308,-0.32182336,2.1219201,0.41907978,-0.16472983,0.89288074,0
-3.0376258,-4.3768778,-2.1446743,-0.15421551,-0.98202908,-0.10879502,0
-3.3674731,-1.6054177,-2.0755515,-0.41907978,0.16472983,-0.89288074,0
-5.3155379,-1.5228455,-1.1459801,-0.41907978,0.16472983,-0.89288074,0
-2.0211601,-2.1327026,-2.8047333,-0.41907978,0.16472983,-0.89288074,0
0.048809052,3.8309498,-2.6760373,-0.41907978,0.16472983,-0.89288074,0
1.8398027,2.1907887,2.9005709,0.41907978,-0.16472983,0.89288074,0
1.0357981,4.5430226,3.4825397,0.15421551,0.98202908,0.10879502,0
2.3645124,-5.526814,0.57767248,-0.15421551,-0.98202908,-0.10879502,0
3.7042968,-0.58925915,-3.7333188,0.89475667,-0.09210223,-0.43695235,0
0.77882314,-0.9888432,-3.9078906,-0.41907978,0.16472983,-0.89288074,0
1.783277,-5.0357175,-3.0312715,-0.15421551,-0.98202908,-0.10879502,0
-2.0046079,1.5336907,4.5837412,0.41907978,-0.16472983,0.89288074,0
4.7265334,3.4910495,-2.500124,0.89475667,-0.09210223,-0.43695235,0
2.0926778,-0.44945025,2.2947776,0.41907978,-0.16472983,0.89288074,0
3.8280773,-3.5346341,-2.8590145,0.89475667,-0.09210223,-0.43695235,0
3.2429671,-3.4366927,-4.0778017,0.89475667,-0.09210223,-0.43695235,0
-1.7682133,5.0772839,2.6347241,0.15421551,0.98202908,0.10879502,0
-2.6824775,-1.4242969,4.3561773,0.41907978,-0.16472983,0.89288074,0
-0.53615355,2.6890216,-2.6121585,-0.41907978,0.16472983,-0.89288074,0
4.9635315,-4.3763604,-0.35649776,0.89475667,-0.09210223,-0.43695235,0
-5.6369147,-2.2796762,0.38057995,-0.89475667,0.09210223,0.43695235,0
4.5725818,4.4414926,-0.61435127,0.15421551,0.98202908,0.10879502,0
-4.0338702,-1.5593488,3.5113344,-0.89475667,0.09210223,0.43695235,0
-1.9829073,5.4648786,-0.55954504,0.15421551,0.98202908,0.10879502,0
-4.6924362,-0.54957008,1.9499302,-0.89475667,0.09210223,0.43695235,0
4.450789,-3.0833297,-1.6790009,0.89475667,-0.09210223,-0.43695235,0
-3.0898504,1.8601285,-1.566488,-0.41907978,0.16472983,-0.89288074,0
-0.16979387,-0.74496794,-3.4176579,-0.41907978,0.16472983,-0.89288074,0
0.58248687,4.642602,3.2262595,0.15421551,0.98202908,0.10879502,0
1.5416534,0.66371465,2.7587752,0.41907978,-0.16472983,0.89288074,0
2.4622264,-4.668201,1.342999,0.41907978,-0.16472983,0.89288074,0
-3.0938807,-0.23754263,-1.9516013,-0.41907978,0.16472983,-0.89288074,0
2.7891092,4.4634709,1.7153124,0.15421551,0.98202908,0.10879502,0
1.2532213,1.3290737,-3.702914,-0.41907978,0.16472983,-0.89288074,0
-1.0880184,4.7493553,4.6305799,0.15421551,0.98202908,0.10879502,0
0.85427076,2.4892259,3.4181967,0.41907978,-0.16472983,0.89288074,0
-4.239841,-4.7872367,3.263525,-0.15421551,-0.98202908,-0.10879502,0
-5.4316282,-4.0947986,1.1835465,-0.89475667,0.09210223,0.43695235,0
-1.4592419,5.2741165,0.42007017,0.15421551,0.98202908,0.10879502,0
1.9679446,-3.3705258,-4.905416,-0.41907978,0.16472983,-0.89288074,0
-4.9898567,4.7699189,-0.13787222,-0.41907978,0.16472983,-0.89288074,0
4.8353848,3.145221,-2.2043307,0.89475667,-0.09210223,-0.43695235,0
-2.4368434,-4.9021106,1.7447021,-0.15421551,-0.98202908,-0.10879502,0
2.1325247,-5.1157722,-2.8037229,-0.15421551,-0.98202908,-0.10879502,0
4.045331,-2.6071472,0.98020744,0.41907978,-0.16472983,0.89288074,0
5.189827,1.7539401,-1.1852751,0.89475667,-0.09210223,-0.43695235,0
-0.36580706,-5.1761341,1.2824857,-0.15421551,-0.98202908,-0.10879502,0
-1.7766194,-4.5515089,-2.3558373,-0.15421551,-0.98202908,-0.10879502,0
1.0083907,-4.8264275,-3.8220234,-0.15421551,-0.98202908,-0.10879502,0
3.2003748,-5.3090591,-2.5726972,-0.15421551,-0.98202908,-0.10879502,0
4.0469365,-2.2782459,1.040134,0.41907978,-0.16472983,0.89288074,0
1.1511531,4.4192104,-3.0848999,-0.41907978,0.16472983,-0.89288074,0
-0.73019075,-5.1310158,1.39174,-0.15421551,-0.98202908,-0.10879502,0
1.3735445,-4.9917693,-2.8471794,-0.15421551,-0.98202908,-0.10879502,0
-2.1011662,0.68263006,4.4720478,0.41907978,-0.16472983,0.89288074,0
1.1218765,-4.6019402,-4.7354946,-0.41907978,0.16472983,-0.89288074,0
-3.5412064,3.7283895,3.4056048,-0.89475667,0.09210223,0.43695235,0
2.4958277,-5.396297,-0.7865634,-0.15421551,-0.98202908,-0.10879502,0
5.9074111,4.0374889,1.1402552,0.15421551,0.98202908,0.10879502,0
4.3543911,0.0031750202,-2.5269823,0.89475667,-0.09210223,-0.43695235,0
-4.4996309,-4.4301586,3.1627045,-0.89475667,0.09210223,0.43695235,0
2.6157672,4.6943064,-0.12259739,0.15421551,0.98202908,0.10879502,0
-1.3732247,0.15226054,-2.6872873,-0.41907978,0.16472983,-0.89288074,0
2.2980313,-5.3313961,-1.0920081,-0.15421551,-0.98202908,-0.10879502,0
-1.9949739,2.4127791,-1.978416,-0.41907978,0.16472983,-0.89288074,0
0.46370316,0.26674318,3.1914804,0.41907978,-0.16472983,0.89288074,0
-4.0567884,-4.2724018,-1.6430641,-0.15421551,-0.98202908,-0.10879502,0
4.6521826,-5.1375523,0.22853661,0.41907978,-0.16472983,0.89288074,0
4.664341,4.4832182,-1.1210482,0.15421551,0.98202908,0.10879502,0
1.4125465,2.5207059,3.161974,0.41907978,-0.16472983,0.89288074,0
3.7197387,-5.176712,-2.7347383,0.89475667,-0.09210223,-0.43695235,0
-6.3136382,-3.2746654,-0.79543495,-0.89475667,0.09210223,0.43695235,0
4.959002,2.7128325,-1.8600583,0.89475667,-0.09210223,-0.43695235,0
-4.6185064,5.6681476,0.79072571,-0.89475667,0.09210223,0.43695235,0
3.2822418,-5.6619835,0.49690294,-0.15421551,-0.98202908,-0.10879502,0
-1.3663793,5.4704328,-1.4835949,0.15421551,0.98202908,0.10879502,0
-0.71504545,5.010993,-2.0998077,-0.41907978,0.16472983,-0.89288074,0
-0.73637784,0.83920336,-2.8594599,-0.41907978,0.16472983,-0.89288074,0
-4.8500814,5.0819783,0.44008064,-0.89475667,0.09210223,0.43695235,0
1.8700714,-2.2254083,-4.6482124,-0.41907978,0.16472983,-0.89288074,0
1.6879811,-4.8119197,-4.9162869,-0.15421551,-0.98202908,-0.10879502,0
3.1455107,0.59057283,-4.7273216,-0.41907978,0.16472983,-0.89288074,0
5.6852527,2.0652297,-0.23639536,0.89475667,-0.09210223,-0.43695235,0
5.2476177,-0.61969918,-0.56661129,0.89475667,-0.09210223,-0.43695235,0
0.34429288,-4.2377391,-4.303339,-0.41907978,0.16472983,-0.89288074,0
4.5691142,3.7201693,1.9017094,0.41907978,-0.16472983,0.89288074,0
4.7472544,-2.9638455,-1.0971084,0.89475667,-0.09210223,-0.43695235,0
-0.11286139,2.9609537,3.959157,0.41907978,-0.16472983,0.89288074,0
-4.0093088,-0.74344599,-1.6152742,-0.41907978,0.16472983,-0.89288074,0
4.8638248,2.3901172,-1.9869306,0.89475667,-0.09210223,-0.43695235,0
1.2295177,4.7216892,1.5952293,0.15421551,0.98202908,0.10879502,0
-4.2589202,5.7240095,0.32765293,0.15421551,0.98202908,0.10879502,0
5.367063,-0.54906261,-0.33690977,0.89475667,-0.09210223,-0.43695235,0
-2.6412115,0.15085506,-2.0924082,-0.41907978,0.16472983,-0.89288074,0
0.3532095,-0.23230648,3.1512702,0.41907978,-0.16472983,0.89288074,0
-0.20622778,-1.2752459,3.2214313,0.41907978,-0.16472983,0.89288074,0
-3.8743875,2.1906598,3.047471,-0.89475667,0.09210223,0.43695235,0
-4.6612377,0.034306765,1.8907452,-0.89475667,0.09210223,0.43695235,0
1.860498,2.8367109,-3.709796,-0.41907978,0.16472983,-0.89288074,0
1.5569234,-3.8285456,1.9228195,0.41907978,-0.16472983,0.89288074,0
-0.73247683,-0.66924691,3.5802326,0.41907978,-0.16472983,0.89288074,0
-4.5251603,2.2019284,1.7124949,-0.89475667,0.09210223,0.43695235,0
2.8941331,3.5675068,-4.060113,-0.41907978,0.16472983,-0.89288074,0
0.3313787,4.7060947,3.0090914,0.15421551,0.98202908,0.10879502,0
4.4288912,4.4374065,-0.37378621,0.15421551,0.98202908,0.10879502,0
-3.5589163,-4.3896623,-1.2903509,-0.15421551,-0.98202908,-0.10879502,0
4.9976025,4.4609237,-1.3922069,0.15421551,0.98202908,0.10879502,0
-4.5100727,1.6070199,1.8687873,-0.89475667,0.09210223,0.43695235,0
-0.81403422,4.717721,4.5277567,0.15421551,0.98202908,0.10879502,0
-2.4252396,1.4617949,-1.9519173,-0.41907978,0.16472983,-0.89288074,0
5.518311,0.80592281,-0.3128047,0.89475667,-0.09210223,-0.43695235,0
-1.6034417,-4.630105,-1.8918753,-0.15421551,-0.98202908,-0.10879502,0
0.17437625,4.7102222,3.1943839,0.15421551,0.98202908,0.10879502,0
-2.588357,5.3853164,1.0168357,0.15421551,0.98202908,0.10879502,0
1.0661409,-4.8372359,-3.8063204,-0.15421551,-0.98202908,-0.10879502,0
3.2146006,-5.2146668,-3.4448857,-0.15421551,-0.98202908,-0.10879502,0
1.8817255,4.4880996,2.7792099,0.15421551,0.98202908,0.10879502,0
-3.658421,5.649684,0.14734077,0.15421551,0.98202908,0.10879502,0
-5.0813389,3.3646579,0.32851171,-0.89475667,0.09210223,0.43695235,0
0.14948893,-4.7878046,-2.9531651,-0.15421551,-0.98202908,-0.10879502,0
-0.50990915,-2.9092453,3.0625057,0.41907978,-0.16472983,0.89288074,0
1.6494002,4.7750254,0.51861215,0.15421551,0.98202908,0.10879502,0
-2.1699028,-1.7955635,-2.67272,-0.41907978,0.16472983,-0.89288074,0
1.6477318,3.8323231,-3.4262495,-0.41907978,0.16472983,-0.89288074,0
5.1854525,4.2203574,0.51297307,0.15421551,0.98202908,0.10879502,0
-0.67512095,1.2272086,3.903194,0.41907978,-0.16472983,0.89288074,0
4.0702658,2.4179451,-3.617785,0.89475667,-0.09210223,-0.43695235,0
-1.797709,-5.0496416,2.1704121,-0.15421551,-0.98202908,-0.10879502,0
-5.5772076,-0.75528955,-0.88155508,-0.41907978,0.16472983,-0.89288074,0
-4.2494917,-4.1948085,-2.0703011,-0.15421551,-0.98202908,-0.10879502,0
-5.2038507,-3.9951887,1.6289747,-0.89475667,0.09210223,0.43695235,0
-4.6725626,4.804987,-0.28032684,-0.41907978,0.16472983,-0.89288074,0
-3.3639905,-1.9810829,-2.1464937,-0.41907978,0.16472983,-0.89288074,0
-3.5493257,4.6850896,-0.82964563,-0.41907978,0.16472983,-0.89288074,0
4.2818356,-5.6030331,-1.4521232,-0.15421551,-0.98202908,-0.10879502,0
2.4264603,-1.7765862,1.8932674,0.41907978,-0.16472983,0.89288074,0
-5.4417186,-4.2004504,1.185154,-0.89475667,0.09210223,0.43695235,0
3.3072457,-3.5991306,-3.9119372,0.89475667,-0.09210223,-0.43695235,0
-4.4202552,-0.52284002,2.501646,-0.89475667,0.09210223,0.43695235,0
2.4501181,1.9976104,2.5784752,0.41907978,-0.16472983,0.89288074,0
2.7251613,4.4880762,1.5838618,0.15421551,0.98202908,0.10879502,0
1.0495572,-3.556417,2.2111604,0.41907978,-0.16472983,0.89288074,0
0.70303011,-4.81391,-3.5021627,-0.15421551,-0.98202908,-0.10879502,0
-3.9745722,0.97724533,3.0980878,-0.89475667,0.09210223,0.43695235,0
-1.1251369,-5.0477018,1.1995375,-0.15421551,-0.98202908,-0.10879502,0
1.7009387,3.29633,-3.5501091,-0.41907978,0.16472983,-0.89288074,0
-4.2882471,-3.346472,3.3671374,-0.89475667,0.09210223,0.43695235,0
3.623373,-5.4733481,-1.6893458,-0.15421551,-0.98202908,-0.10879502,0
4.0393429,-0.78125,-3.0067682,0.89475667,-0.09210223,-0.43695235,0
-3.1479497,5.4593039,1.14221,0.15421551,0.98202908,0.10879502,0
4.8641801,-1.8988361,0.72655296,0.41907978,-0.16472983,0.89288074,0
-3.9870129,5.5781412,-0.45945263,-0.41907978,0.16472983,-0.89288074,0
-2.5187092,-4.8149362,1.0738716,-0.15421551,-0.98202908,-0.10879502,0
4.3987985,-0.19994855,1.2584152,0.41907978,-0.16472983,0.89288074,0
1.9381695,4.6563358,1.1806295,0.15421551,0.98202908,0.10879502,0
-0.99172688,-5.1082978,1.5574006,-0.15421551,-0.98202908,-0.10879502,0
-4.2804155,1.1456362,2.4363132,-0.89475667,0.09210223,0.43695235,0
-4.8751101,3.2755842,0.76958704,-0.89475667,0.09210223,0.43695235,0
-0.51864588,-2.7313132,-3.6203876,-0.41907978,0.16472983,-0.89288074,0
-3.8498251,-2.998065,4.1914654,-0.89475667,0.09210223,0.43695235,0
0.21163726,2.4813507,3.7183678,0.41907978,-0.16472983,0.89288074,0
-1.1448307,-5.0741138,2.961108,0.41907978,-0.16472983,0.89288074,0
5.5379372,1.8112987,1.0948126,0.41907978,-0.16472983,0.89288074,0
4.1387877,-2.472718,-2.446599,0.89475667,-0.09210223,-0.43695235,0
-3.7441139,-4.5823507,0.71145129,-0.15421551,-0.98202908,-0.10879502,0
2.3169422,-4.4704633,-5.2721505,-0.41907978,0.16472983,-0.89288074,0
4.4275985,-1.6361133,-2.031538,0.89475667,-0.09210223,-0.43695235,0
-0.43350244,-0.069800854,3.5505002,0.41907978,-0.16472983,0.89288074,0
1.3520737,0.62467003,2.8405526,0.41907978,-0.16472983,0.89288074,0
1.2944527,5.1792817,-2.6272426,0.15421551,0.98202908,0.10879502,0
1.1759458,0.70706201,2.9384198,0.41907978,-0.16472983,0.89288074,0
-1.9898722,-3.3940821,-3.0521333,-0.41907978,0.16472983,-0.89288074,0
-3.0834601,2.6581967,-1.4222493,-0.41907978,0.16472983,-0.89288074,0
1.8603321,0.09533,2.5043385,0.41907978,-0.16472983,0.89288074,0
-5.8455939,-1.2985827,-0.8558197,-0.41907978,0.16472983,-0.89288074,0
-5.0513372,1.4802973,-0.71592665,-0.41907978,0.16472983,-0.89288074,0
-5.0027218,-2.0778255,1.6366839,-0.89475667,0.09210223,0.43695235,0
4.8959265,4.5251923,-1.8281932,0.15421551,0.98202908,0.10879502,0
0.8804965,-5.3273273,0.8805964,-0.15421551,-0.98202908,-0.10879502,0
-3.5362296,3.9382088,3.3715706,-0.89475667,0.09210223,0.43695235,0
-0.31671357,3.0221393,4.0661249,0.41907978,-0.16472983,0.89288074,0
-1.3142343,5.3896327,-0.82817626,0.15421551,0.98202908,0.10879502,0
-4.7419891,3.375145,-0.51153564,-0.41907978,0.16472983,-0.89288074,0
-0.38292998,-1.5964937,-3.4747212,-0.41907978,0.16472983,-0.89288074,0
2.4507928,-5.1244421,-3.1766086,-0.15421551,-0.98202908,-0.10879502,0
-4.4772129,1.03424,2.056808,-0.89475667,0.09210223,0.43695235,0
3.4456134,1.7702875,2.0692933,0.41907978,-0.16472983,0.89288074,0
3.5805306,-0.15163279,-4.0790014,0.89475667,-0.09210223,-0.43695235,0
5.7716823,-0.45857543,0.47256422,0.89475667,-0.09210223,-0.43695235,0
2.9244862,4.985126,-3.1852632,0.15421551,0.98202908,0.10879502,0
0.17570603,-1.4437568,-3.7087419,-0.41907978,0.16472983,-0.89288074,0
4.5554953,-5.5173454,-0.95154285,0.89475667,-0.09210223,-0.43695235,0
-0.79686713,-4.6902027,-2.492713,-0.15421551,-0.98202908,-0.10879502,0
4.8885083,0.60902542,1.1778162,0.41907978,-0.16472983,0.89288074,0
-1.0214212,1.2373011,4.0675945,0.41907978,-0.16472983,0.89288074,0
1.4727428,1.9926653,-3.6835208,-0.41907978,0.16472983,-0.89288074,0
4.9537573,2.1900992,-1.7606139,0.89475667,-0.09210223,-0.43695235,0
-3.320662,-1.8442383,4.578238,0.41907978,-0.16472983,0.89288074,0
5.1698151,2.7998128,-1.4467044,0.89475667,-0.09210223,-0.43695235,0
1.8122358,-5.504179,1.1562088,-0.15421551,-0.98202908,-0.10879502,0
6.0075569,1.0968764,0.62770748,0.89475667,-0.09210223,-0.43695235,0
-2.8518233,2.2317848,5.1101809,0.41907978,-0.16472983,0.89288074,0
-5.8010931,-2.9450636,0.18464088,-0.89475667,0.09210223,0.43695235,0
-3.4630308,0.92709351,4.1561532,-0.89475667,0.09210223,0.43695235,0
-4.2015209,2.1744394,2.3810124,-0.89475667,0.09210223,0.43695235,0
-5.0148778,2.4636843,0.65451622,-0.89475667,0.09210223,0.43695235,0
-3.9025199,-3.5825238,4.2067547,-0.89475667,0.09210223,0.43695235,0
-3.3448095,-4.4974041,-0.62132287,-0.15421551,-0.98202908,-0.10879502,0
-5.2919412,1.9108062,0.20370579,-0.89475667,0.09210223,0.43695235,0
-4.5873852,4.8801007,-0.30644751,-0.41907978,0.16472983,-0.89288074,0
2.0298562,5.1037579,-2.9879534,0.15421551,0.98202908,0.10879502,0
5.0803728,3.4708717,-1.7713065,0.89475667,-0.09210223,-0.43695235,0
-0.080507755,1.080646,-3.1227524,-0.41907978,0.16472983,-0.89288074,0
-1.0825381,4.8655186,3.5742719,0.15421551,0.98202908,0.10879502,0
5.2861376,4.1135631,1.3342284,0.15421551,0.98202908,0.10879502,0
4.2972784,-2.4093182,-2.1354194,0.89475667,-0.09210223,-0.43695235,0
4.8279185,-1.3043926,-1.2817163,0.89475667,-0.09210223,-0.43695235,0
2.3905196,-4.0499005,-5.229094,-0.41907978,0.16472983,-0.89288074,0
-0.081928253,2.8872535,-2.7887797,-0.41907978,0.16472983,-0.89288074,0
5.2129073,4.3635402,-1.6880722,0.89475667,-0.09210223,-0.43695235,0
2.2037106,4.4770808,2.4222591,0.15421551,0.98202908,0.10879502,0
-4.1748767,3.2134569,2.2165647,-0.89475667,0.09210223,0.43695235,0
-5.2967682,2.5078702,-0.41115236,-0.41907978,0.16472983,-0.89288074,0
5.7204537,1.6361511,-0.073871136,0.89475667,-0.09210223,-0.43695235,0
3.9124303,4.4502072,0.24274504,0.15421551,0.98202908,0.10879502,0
-5.366787,-2.7999525,-1.3575428,-0.41907978,0.16472983,-0.89288074,0
1.7268169,4.6313624,1.7056403,0.15421551,0.98202908,0.10879502,0
-0.46656901,-1.3947949,-3.3982522,-0.41907978,0.16472983,-0.89288074,0
3.6259775,-3.6750507,-3.2432594,0.89475667,-0.09210223,-0.43695235,0
-1.4467478,5.4238148,-0.94887781,0.15421551,0.98202908,0.10879502,0
-4.0548921,-3.0506043,-2.0195332,-0.41907978,0.16472983,-0.89288074,0
-2.3599606,3.7517846,5.1597505,0.41907978,-0.16472983,0.89288074,0
1.5977588,5.0757256,-2.1224337,0.15421551,0.98202908,0.10879502,0
3.6121142,-4.8772202,-3.0182514,0.89475667,-0.09210223,-0.43695235,0
-5.0544605,-4.2019048,-0.86521411,-0.15421551,-0.98202908,-0.10879502,0
-1.5807467,-4.1934156,3.3281898,0.41907978,-0.16472983,0.89288074,0
3.983268,-5.4834347,-2.1084485,-0.15421551,-0.98202908,-0.10879502,0
-2.4050407,3.728425,-1.5432215,-0.41907978,0.16472983,-0.89288074,0
1.8010354,4.4472251,3.2625368,0.15421551,0.98202908,0.10879502,0
-3.8645318,2.8702371,2.924408,-0.89475667,0.09210223,0.43695235,0
1.3549829,5.2060194,-2.9543853,0.15421551,0.98202908,0.10879502,0
0.046742439,3.5545754,-2.7260563,-0.41907978,0.16472983,-0.89288074,0
0.30199718,-3.8751106,-4.2165842,-0.41907978,0.16472983,-0.89288074,0
1.1252058,-1.1753118,-4.1048698,-0.41907978,0.16472983,-0.89288074,0
4.5183558,4.539042,-1.4180067,0.15421551,0.98202908,0.10879502,0
-5.8220191,-0.040638328,-0.47041464,-0.89475667,0.09210223,0.43695235,0
1.8358016,4.8536811,-0.45558915,0.15421551,0.98202908,0.10879502,0
5.1089129,4.4045939,-1.9096773,0.89475667,-0.09210223,-0.43695235,0
-2.2892089,-2.6574559,-2.7757356,-0.41907978,0.16472983,-0.89288074,0
-1.3844097,4.9656687,3.0981765,0.15421551,0.98202908,0.10879502,0
-3.6552429,2.1837306,-1.2414148,-0.41907978,0.16472983,-0.89288074,0
3.7702005,3.0967546,-4.3753166,0.89475667,-0.09210223,-0.43695235,0
2.7315133,-4.8475318,-4.8277335,0.89475667,-0.09210223,-0.43695235,0
-3.9484768,4.4394097,2.4217582,-0.89475667,0.09210223,0.43695235,0
2.5016022,-5.0473571,-3.9444237,-0.15421551,-0.98202908,-0.10879502,0
4.3515821,1.4171243,-2.830771,0.89475667,-0.09210223,-0.43695235,0
-3.9831147,-1.0211682,3.5018282,-0.89475667,0.09210223,0.43695235,0
0.50346494,-4.7322626,-3.956269,-0.15421551,-0.98202908,-0.10879502,0
-4.0057197,-3.954586,4.0738549,-0.89475667,0.09210223,0.43695235,0
0.33998966,1.2246835,-3.2935419,-0.41907978,0.16472983,-0.89288074,0
-2.0608001,-4.902597,1.2160571,-0.15421551,-0.98202908,-0.10879502,0
-4.2615166,-4.518723,0.87053597,-0.15421551,-0.98202908,-0.10879502,0
-4.0053959,4.0785942,-0.72747993,-0.41907978,0.16472983,-0.89288074,0
-4.9392214,5.3634453,0.19821644,-0.89475667,0.09210223,0.43695235,0
-0.29466724,3.3119459,4.1092443,0.41907978,-0.16472983,0.89288074,0
5.2088523,4.3055663,-0.28932738,0.15421551,0.98202908,0.10879502,0
4.1086788,0.35206342,-3.1036711,0.89475667,-0.09210223,-0.43695235,0
-1.2903461,5.4395137,-1.312283,0.15421551,0.98202908,0.10879502,0
-2.1083579,-4.4208856,-3.0646658,-0.15421551,-0.98202908,-0.10879502,0
-5.1900826,0.018741488,-0.92045212,-0.41907978,0.16472983,-0.89288074,0
4.3253412,-5.6097364,-1.4033589,0.89475667,-0.09210223,-0.43695235,0
-0.94095367,2.6896152,4.2977676,0.41907978,-0.16472983,0.89288074,0
-2.7273722,1.1076097,4.844367,0.41907978,-0.16472983,0.89288074,0
5.686615,-0.47215092,0.60375023,0.41907978,-0.16472983,0.89288074,0
2.5711341,4.4819126,-3.7398095,-0.41907978,0.16472983,-0.89288074,0
1.3969405,-2.7740569,2.1924539,0.41907978,-0.16472983,0.89288074,0
-1.4576344,4.2821121,4.8340793,0.41907978,-0.16472983,0.89288074,0
-4.2386565,-0.20448756,-1.4081943,-0.41907978,0.16472983,-0.89288074,0
-3.1606638,-4.7439394,1.3429843,-0.15421551,-0.98202908,-0.10879502,0
5.1528616,1.9258318,-1.2971997,0.89475667,-0.09210223,-0.43695235,0
1.9534891,4.7427163,0.37921107,0.15421551,0.98202908,0.10879502,0
-1.7791016,2.3289897,-2.0951953,-0.41907978,0.16472983,-0.89288074,0
-3.9260266,-4.8893032,3.7399948,-0.15421551,-0.98202908,-0.10879502,0
0.94425249,5.0451527,-0.92013216,0.15421551,0.98202908,0.10879502,0
4.8284016,1.5031023,-1.8724999,0.89475667,-0.09210223,-0.43695235,0
1.149743,-0.98635268,-4.0815248,-0.41907978,0.16472983,-0.89288074,0
5.8356881,4.1160531,-0.36062455,0.89475667,-0.09210223,-0.43695235,0
-4.7315893,4.9361801,0.71345186,-0.89475667,0.09210223,0.43695235,0
2.3512106,4.9367476,-1.9359648,0.15421551,0.98202908,0.10879502,0
-5.1614337,-3.9859462,1.7138853,-0.89475667,0.09210223,0.43695235,0
4.0477095,4.1935539,-4.0382433,0.89475667,-0.09210223,-0.43695235,0
3.5434542,-0.12794733,1.6731606,0.41907978,-0.16472983,0.89288074,0
0.02534914,-0.70055985,-3.5010562,-0.41907978,0.16472983,-0.89288074,0
4.9345579,-3.2595634,0.44247675,0.41907978,-0.16472983,0.89288074,0
2.040472,-4.4176908,1.5871699,0.41907978,-0.16472983,0.89288074,0
-2.6233454,5.0252342,4.3166909,0.15421551,0.98202908,0.10879502,0
-6.1106181,-4.0557127,-0.68771791,-0.15421551,-0.98202908,-0.10879502,0
-3.4253242,-0.34643221,4.5018039,-0.89475667,0.09210223,0.43695235,0
2.9404759,-4.7976379,-4.4103537,0.89475667,-0.09210223,-0.43695235,0
-0.92355967,4.8711758,3.2978539,0.15421551,0.98202908,0.10879502,0
-4.815567,-2.404547,-1.5433123,-0.41907978,0.16472983,-0.89288074,0
0.18964064,-2.9713376,-3.9971097,-0.41907978,0.16472983,-0.89288074,0
-2.0968213,0.58340979,4.4517026,0.41907978,-0.16472983,0.89288074,0
3.398731,-5.1525264,-3.3971715,0.89475667,-0.09210223,-0.43695235,0
-0.53189039,5.3917089,-1.955875,0.15421551,0.98202908,0.10879502,0
-2.8772836,1.2136317,-1.7855318,-0.41907978,0.16472983,-0.89288074,0
0.74986815,4.6370611,3.0390105,0.15421551,0.98202908,0.10879502,0
2.5865855,4.4909859,-3.745388,-0.41907978,0.16472983,-0.89288074,0
4.1066227,-4.3481121,0.63024426,0.41907978,-0.16472983,0.89288074,0
-0.24445915,-4.669404,-3.4634826,-0.15421551,-0.98202908,-0.10879502,0
1.9127176,0.68885803,-4.1305685,-0.41907978,0.16472983,-0.89288074,0
-4.6548319,5.7784734,0.39723587,0.15421551,0.98202908,0.10879502,0
1.1501303,4.9852295,-0.67106646,0.15421551,0.98202908,0.10879502,0
4.3654022,-2.7789092,-1.918015,0.89475667,-0.09210223,-0.43695235,0
-4.7041373,-3.0385156,2.4505982,-0.89475667,0.09210223,0.43695235,0
-3.8701203,2.6771441,-1.0495296,-0.41907978,0.16472983,-0.89288074,0
-3.1220124,-2.4558363,4.3721642,0.41907978,-0.16472983,0.89288074,0
3.6811361,3.4321275,-4.4544744,-0.41907978,0.16472983,-0.89288074,0
-4.7142158,-0.42084098,-1.2249031,-0.41907978,0.16472983,-0.89288074,0
-1.7935505,-4.3641558,3.3965709,0.41907978,-0.16472983,0.89288074,0
4.4420981,-5.4820123,-1.191196,0.89475667,-0.09210223,-0.43695235,0
1.3558165,-3.6429138,-4.6683626,-0.41907978,0.16472983,-0.89288074,0
4.3833961,4.0223675,-3.3147664,0.89475667,-0.09210223,-0.43695235,0
1.4445281,4.5831413,2.5410461,0.15421551,0.98202908,0.10879502,0
1.0776811,5.1316085,-1.8896533,0.15421551,0.98202908,0.10879502,0
-4.2368565,4.969224,1.7195606,-0.89475667,0.09210223,0.43695235,0
-1.2364988,-4.1088872,-3.5376105,-0.41907978,0.16472983,-0.89288074,0
-4.6136456,0.80860806,1.8249912,-0.89475667,0.09210223,0.43695235,0
4.3862977,4.2673359,1.2217156,0.15421551,0.98202908,0.10879502,0
4.0354872,-4.8329487,0.57418346,0.41907978,-0.16472983,0.89288074,0
5.5700693,3.9435682,1.47312,0.41907978,-0.16472983,0.89288074,0
-2.7720416,2.2137918,5.0694156,0.41907978,-0.16472983,0.89288074,0
4.6358266,4.5244799,-1.4530745,0.15421551,0.98202908,0.10879502,0
2.6347847,-5.4965138,-0.07892704,-0.15421551,-0.98202908,-0.10879502,0
3.843497,-5.5739717,-1.0930977,-0.15421551,-0.98202908,-0.10879502,0
1.8949997,-1.6865258,-4.5604935,-0.41907978,0.16472983,-0.89288074,0
-4.1125145,-4.435215,3.9564779,-0.89475667,0.09210223,0.43695235,0
-1.1886234,3.7441797,-2.1112485,-0.41907978,0.16472983,-0.89288074,0
-2.1056614,-4.8465333,0.77358615,-0.15421551,-0.98202908,-0.10879502,0
-1.9885374,0.68340158,-2.3004942,-0.41907978,0.16472983,-0.89288074,0
-1.866823,2.0840142,-2.0992188,-0.41907978,0.16472983,-0.89288074,0
-4.3998942,1.5975187,-1.0000591,-0.41907978,0.16472983,-0.89288074,0
-4.3881006,-1.0108044,2.6703453,-0.89475667,0.09210223,0.43695235,0
-1.6723838,-4.7068682,-1.1012526,-0.15421551,-0.98202908,-0.10879502,0
-2.6675901,-4.9417887,2.429929,-0.15421551,-0.98202908,-0.10879502,0
-3.8122156,4.4244165,2.7039428,-0.89475667,0.09210223,0.43695235,0
-0.69128752,-4.7890892,-1.7497849,-0.15421551,-0.98202908,-0.10879502,0
-2.2459979,-4.6286707,-0.99400377,-0.15421551,-0.98202908,-0.10879502,0
5.9914718,1.5022082,0.82491875,0.41907978,-0.16472983,0.89288074,0
5.2007813,4.2092657,-1.6803839,0.89475667,-0.09210223,-0.43695235,0
2.9510181,-4.2183738,-4.5108657,0.89475667,-0.09210223,-0.43695235,0
0.23709249,-4.7124467,-3.7575562,-0.15421551,-0.98202908,-0.10879502,0
-5.4335499,-4.139431,-0.89177704,-0.15421551,-0.98202908,-0.10879502,0
-2.4887662,-3.84268,-2.9007368,-0.41907978,0.16472983,-0.89288074,0
-3.0373223,3.6092083,-1.2684498,-0.41907978,0.16472983,-0.89288074,0
-5.3740292,0.5838542,0.31531096,-0.89475667,0.09210223,0.43695235,0
-5.2278385,-3.9730711,1.5751932,-0.89475667,0.09210223,0.43695235,0
1.4914109,0.59153223,-3.9507813,-0.41907978,0.16472983,-0.89288074,0
-0.84301627,0.264745,-2.9153917,-0.41907978,0.16472983,-0.89288074,0
1.6138082,4.6432853,1.7582085,0.15421551,0.98202908,0.10879502,0
0.0070877075,-4.9382925,-1.3929486,-0.15421551,-0.98202908,-0.10879502,0
2.5453451,4.7157016,-0.21589579,0.15421551,0.98202908,0.10879502,0
4.2667098,1.579886,1.6487783,0.41907978,-0.16472983,0.89288074,0
2.5432467,-5.3098373,-1.6341982,-0.15421551,-0.98202908,-0.10879502,0
0.57073879,3.9324324,-2.9022858,-0.41907978,0.16472983,-0.89288074,0
-2.3824055,-1.6440229,4.174799,0.41907978,-0.16472983,0.89288074,0
-5.5518131,-0.72453934,0.22704649,-0.89475667,0.09210223,0.43695235,0
3.7039561,3.274334,2.2255239,0.41907978,-0.16472983,0.89288074,0
-2.7190356,-4.9614472,2.6803038,-0.15421551,-0.98202908,-0.10879502,0
-2.9650617,2.7207856,4.7977738,-0.89475667,0.09210223,0.43695235,0
3.6611915,-3.2713082,-3.2562547,0.89475667,-0.09210223,-0.43695235,0
4.8410339,4.2894373,0.37763977,0.15421551,0.98202908,0.10879502,0
1.6510587,-4.704525,1.7170241,0.41907978,-0.16472983,0.89288074,0
-3.5424874,-4.6092916,0.66882718,-0.15421551,-0.98202908,-0.10879502,0
3.0806651,-1.8458986,-4.7454634,0.89475667,-0.09210223,-0.43695235,0
-2.2429929,-0.39241743,-2.3795445,-0.41907978,0.16472983,-0.89288074,0
3.3905127,4.536262,0.20578772,0.15421551,0.98202908,0.10879502,0
0.27598143,-4.918088,-1.9564736,-0.15421551,-0.98202908,-0.10879502,0
1.7425017,4.5299783,2.5985446,0.15421551,0.98202908,0.10879502,0
-0.061356544,4.1764126,4.1592259,0.41907978,-0.16472983,0.89288074,0
-4.4623694,0.97369409,2.0999646,-0.89475667,0.09210223,0.43695235,0
-0.82674766,4.8908873,2.9827003,0.15421551,0.98202908,0.10879502,0
-4.6663184,2.0770211,1.4497709,-0.89475667,0.09210223,0.43695235,0
5.0084438,-2.3504663,-0.69155598,0.89475667,-0.09210223,-0.43695235,0
-3.1668692,-4.9392099,3.1143816,-0.15421551,-0.98202908,-0.10879502,0
-1.6392787,-4.4986944,-3.0272431,-0.15421551,-0.98202908,-0.10879502,0
-5.5216088,-0.60066175,0.26278543,-0.89475667,0.09210223,0.43695235,0
1.8838699,4.5586224,2.1396005,0.15421551,0.98202908,0.10879502,0
-3.9189024,5.4029236,2.2792249,-0.89475667,0.09210223,0.43695235,0
-5.0275207,-0.8821094,1.3338647,-0.89475667,0.09210223,0.43695235,0
3.3445661,-5.4344239,-1.6454844,-0.15421551,-0.98202908,-0.10879502,0
-0.038130343,-1.7619839,-3.6670868,-0.41907978,0.16472983,-0.89288074,0
-1.5892401,-5.0536757,1.9113255,-0.15421551,-0.98202908,-0.10879502,0
3.3415375,4.3144093,2.2777481,0.15421551,0.98202908,0.10879502,0
0.58417988,5.0812101,-0.73520195,0.15421551,0.98202908,0.10879502,0
2.1076694,4.6342821,1.1394333,0.15421551,0.98202908,0.10879502,0
5.3177929,-0.97113907,0.68480015,0.41907978,-0.16472983,0.89288074,0
3.0674624,-5.1587729,0.96842003,0.41907978,-0.16472983,0.89288074,0
4.8001051,-3.0509136,-0.97053146,0.89475667,-0.09210223,-0.43695235,0
-3.8771358,5.525125,-0.52080488,-0.41907978,0.16472983,-0.89288074,0
1.8116989,4.8155465,-3.3218107,-0.41907978,0.16472983,-0.89288074,0
-5.4027328,0.18608683,-0.78976917,-0.41907978,0.16472983,-0.89288074,0
4.8256979,-4.3661671,-0.64089108,0.89475667,-0.09210223,-0.43695235,0
3.5921974,-3.8900661,0.95619917,0.41907978,-0.16472983,0.89288074,0
-5.4793615,-3.6582272,-1.4630506,-0.41907978,0.16472983,-0.89288074,0
0.6635313,-4.4641905,-4.4949541,-0.41907978,0.16472983,-0.89288074,0
-0.56271732,0.018137932,3.6273723,0.41907978,-0.16472983,0.89288074,0
-5.3144574,-2.2104824,1.026298,-0.89475667,0.09210223,0.43695235,0
4.6245127,-1.3040148,-1.6983142,0.89475667,-0.09210223,-0.43695235,0
3.9960437,-4.9171762,-2.2236495,0.89475667,-0.09210223,-0.43695235,0
-1.5135279,-3.9113019,-3.3711324,-0.41907978,0.16472983,-0.89288074,0
6.2175837,4.0004749,1.0346944,0.15421551,0.98202908,0.10879502,0
3.6146727,0.64885569,-4.1778173,0.89475667,-0.09210223,-0.43695235,0
-3.0907922,0.58744955,-1.8008461,-0.41907978,0.16472983,-0.89288074,0
-3.3188193,-4.3316884,-2.1539831,-0.15421551,-0.98202908,-0.10879502,0
-5.3188267,-2.5404978,1.0869122,-0.89475667,0.09210223,0.43695235,0
5.3714142,2.9758413,1.3878214,0.41907978,-0.16472983,0.89288074,0
-2.6280034,5.2200079,2.5651741,0.15421551,0.98202908,0.10879502,0
5.3177624,4.4127522,-1.4837317,0.89475667,-0.09210223,-0.43695235,0
-4.6971254,-2.3902161,2.3283055,-0.89475667,0.09210223,0.43695235,0
-4.0262403,0.9319098,3.001843,-0.89475667,0.09210223,0.43695235,0
2.2545404,4.6342249,0.93176275,0.15421551,0.98202908,0.10879502,0
-4.7460375,3.957119,0.89023495,-0.89475667,0.09210223,0.43695235,0
-3.4854755,3.6467462,3.5369358,-0.89475667,0.09210223,0.43695235,0
3.7598367,1.0051751,1.7806528,0.41907978,-0.16472983,0.89288074,0
5.2815752,0.255463,0.92809772,0.41907978,-0.16472983,0.89288074,0
1.3795176,-1.233196,-4.2349119,-0.41907978,0.16472983,-0.89288074,0
-0.04505372,-1.532233,3.098371,0.41907978,-0.16472983,0.89288074,0
0.51951087,2.1085413,3.5050848,0.41907978,-0.16472983,0.89288074,0
0.63098478,-5.2222295,0.28561878,-0.15421551,-0.98202908,-0.10879502,0
-4.3938088,-4.3839574,-0.15839982,-0.15421551,-0.98202908,-0.10879502,0
3.9901259,-1.7959195,1.1557834,0.41907978,-0.16472983,0.89288074,0
-4.1323214,0.1162672,2.956542,-0.89475667,0.09210223,0.43695235,0
-1.0680041,2.2201688,-2.4490306,-0.41907978,0.16472983,-0.89288074,0
-5.8249397,-2.4835739,0.038535118,-0.89475667,0.09210223,0.43695235,0
5.9513478,4.1254239,-0.12576151,0.89475667,-0.09210223,-0.43695235,0
-5.8712654,-2.2810004,-0.09902668,-0.89475667,0.09210223,0.43695235,0
4.1637316,-2.780751,-2.3305931,0.89475667,-0.09210223,-0.43695235,0
-1.3760762,5.166276,1.2755966,0.15421551,0.98202908,0.10879502,0
-6.0496936,-4.1241713,-0.15614343,-0.15421551,-0.98202908,-0.10879502,0
-3.1566029,0.36080098,-1.811772,-0.41907978,0.16472983,-0.89288074,0
2.2464013,4.8264589,-0.79188865,0.15421551,0.98202908,0.10879502,0
4.3626895,4.4250946,-3.4420557,0.89475667,-0.09210223,-0.43695235,0
2.863564,-5.4408183,-0.90595531,-0.15421551,-0.98202908,-0.10879502,0
-4.4761534,5.7074203,0.78531361,0.15421551,0.98202908,0.10879502,0
-5.5998197,-4.2889476,0.69351077,-0.15421551,-0.98202908,-0.10879502,0
3.6108992,-0.72816563,-3.8952909,0.89475667,-0.09210223,-0.43695235,0
0.6892674,-1.6970122,2.7233119,0.41907978,-0.16472983,0.89288074,0
3.3519056,-5.4659462,-1.3713555,-0.15421551,-0.98202908,-0.10879502,0
-5.2516041,-0.48649693,-0.98478937,-0.41907978,0.16472983,-0.89288074,0
-4.1563606,1.7225693,2.5687342,-0.89475667,0.09210223,0.43695235,0
2.1589293,-4.8904953,-4.8745904,-0.15421551,-0.98202908,-0.10879502,0
5.2248073,-2.7433965,-0.16568089,0.89475667,-0.09210223,-0.43695235,0
-0.34257054,-4.7406564,-2.6812575,-0.15421551,-0.98202908,-0.10879502,0
1.3756062,1.1819606,-3.7874975,-0.41907978,0.16472983,-0.89288074,0
-2.7911487,-3.550087,4.0149903,0.41907978,-0.16472983,0.89288074,0
-0.35080481,-4.9473071,-0.80426741,-0.15421551,-0.98202908,-0.10879502,0
5.7647815,3.7227056,1.3409824,0.41907978,-0.16472983,0.89288074,0
-3.4947476,4.9432535,3.2446661,-0.89475667,0.09210223,0.43695235,0
5.0011997,-3.4923007,0.36825895,0.41907978,-0.16472983,0.89288074,0
-0.373101,0.5330677,-3.0864458,-0.41907978,0.16472983,-0.89288074,0
-0.50515008,-3.7618761,-3.816853,-0.41907978,0.16472983,-0.89288074,0
-3.5488172,-1.5645761,4.5056896,-0.89475667,0.09210223,0.43695235,0
-4.8785138,3.4455686,0.72678709,-0.89475667,0.09210223,0.43695235,0
0.49664474,-4.7104063,-4.1438885,-0.15421551,-0.98202908,-0.10879502,0
-3.6679454,-1.5633984,4.2614994,-0.89475667,0.09210223,0.43695235,0
0.68029726,0.89579678,3.2058761,0.41907978,-0.16472983,0.89288074,0
3.5946093,-4.0463295,-3.2292347,0.89475667,-0.09210223,-0.43695235,0
-3.2061067,-4.3464069,-2.1808929,-0.15421551,-0.98202908,-0.10879502,0
0.17942619,4.6266608,-2.5905409,-0.41907978,0.16472983,-0.89288074,0
-4.9181156,4.4370937,0.43669605,-0.89475667,0.09210223,0.43695235,0
-1.836866,-1.7223487,3.9042954,0.41907978,-0.16472983,0.89288074,0
-0.63783431,3.1905184,-2.4719112,-0.41907978,0.16472983,-0.89288074,0
-3.6932418,-3.0094993,-2.1816926,-0.41907978,0.16472983,-0.89288074,0
-1.6640673,5.4518147,-0.89357734,0.15421551,0.98202908,0.10879502,0
1.7010851,-5.4244518,0.59411144,-0.15421551,-0.98202908,-0.10879502,0
-4.6153822,2.7966108,1.4023967,-0.89475667,0.09210223,0.43695235,0
-2.4309981,-3.0712652,-2.7855308,-0.41907978,0.16472983,-0.89288074,0
0.71392918,4.9412665,0.34407091,0.15421551,0.98202908,0.10879502,0
0.50201344,-1.3819213,2.8693328,0.41907978,-0.16472983,0.89288074,0
3.6618671,-2.1781371,-3.4852924,0.89475667,-0.09210223,-0.43695235,0
5.2973399,2.3711104,-1.0952067,0.89475667,-0.09210223,-0.43695235,0
-3.9741874,5.0272503,2.2452025,-0.89475667,0.09210223,0.43695235,0
3.9271712,-4.660006,-2.418889,0.89475667,-0.09210223,-0.43695235,0
2.3385644,-1.9105358,1.9098095,0.41907978,-0.16472983,0.89288074,0
4.3657918,-1.1404819,-2.2625728,0.89475667,-0.09210223,-0.43695235,0
3.6313515,-1.0354104,-3.7886486,0.89475667,-0.09210223,-0.43695235,0
-4.3787904,3.6348319,1.710186,-0.89475667,0.09210223,0.43695235,0
4.1995721,0.046829104,1.3974521,0.41907978,-0.16472983,0.89288074,0
-1.2295291,4.9631939,2.9009705,0.15421551,0.98202908,0.10879502,0
-1.1804054,-0.30015731,-2.8612561,-0.41907978,0.16472983,-0.89288074,0
-5.3268924,-1.9935119,0.95509958,-0.89475667,0.09210223,0.43695235,0
-3.417305,-4.4368844,-1.0648383,-0.15421551,-0.98202908,-0.10879502,0
4.4850183,2.0208631,-2.684788,0.89475667,-0.09210223,-0.43695235,0
1.3767471,-5.1638803,-1.2981696,-0.15421551,-0.98202908,-0.10879502,0
-1.5065986,1.696583,4.3800497,0.41907978,-0.16472983,0.89288074,0
-0.099274635,-4.9891558,-0.78306675,-0.15421551,-0.98202908,-0.10879502,0
-4.5527964,2.0090618,1.6965561,-0.89475667,0.09210223,0.43695235,0
2.4462276,-2.780364,-5.0210209,-0.41907978,0.16472983,-0.89288074,0
-0.047861695,-1.8465457,-3.6781201,-0.41907978,0.16472983,-0.89288074,0
-3.6990335,-4.8115921,2.7167776,-0.15421551,-0.98202908,-0.10879502,0
-0.58716536,4.9951954,1.7015715,0.15421551,0.98202908,0.10879502,0
0.012299061,5.3428001,-2.2857962,0.15421551,0.98202908,0.10879502,0
-2.5617239,4.3354568,-1.3576877,-0.41907978,0.16472983,-0.89288074,0
4.9631448,-3.0382633,-0.63933897,0.89475667,-0.09210223,-0.43695235,0
-4.6948109,-1.3883009,2.1218581,-0.89475667,0.09210223,0.43695235,0
-4.8272505,4.4244418,-0.27793074,-0.41907978,0.16472983,-0.89288074,0
5.1209211,0.51508379,-1.0652442,0.89475667,-0.09210223,-0.43695235,0
-3.1291282,2.3067663,4.5490808,-0.89475667,0.09210223,0.43695235,0
-3.9490943,2.2864354,-1.0845451,-0.41907978,0.16472983,-0.89288074,0
6.0603423,1.9751637,0.55066824,0.89475667,-0.09210223,-0.43695235,0
4.4733019,-0.90687227,-2.0916629,0.89475667,-0.09210223,-0.43695235,0
0.99331427,4.926867,0.078022122,0.15421551,0.98202908,0.10879502,0
4.5843801,1.7471192,-2.4236228,0.89475667,-0.09210223,-0.43695235,0
0.13818231,-1.2028866,-3.6466908,-0.41907978,0.16472983,-0.89288074,0
6.0325975,1.0144175,0.6963644,0.89475667,-0.09210223,-0.43695235,0
1.4710464,-2.6375918,-4.536973,-0.41907978,0.16472983,-0.89288074,0
-4.8528104,-1.4792249,1.8174844,-0.89475667,0.09210223,0.43695235,0
-2.7916043,-4.8950176,2.1835492,-0.15421551,-0.98202908,-0.10879502,0
4.8846121,-3.8238688,-0.63456011,0.89475667,-0.09210223,-0.43695235,0
-4.4251013,-1.696991,2.7392159,-0.89475667,0.09210223,0.43695235,0
-2.8084917,5.2847805,2.2363534,0.15421551,0.98202908,0.10879502,0
-0.017902851,5.3449869,-2.2627168,0.15421551,0.98202908,0.10879502,0
-2.370019,5.5320158,-0.61682606,0.15421551,0.98202908,0.10879502,0
-4.268652,-0.073891163,2.7174568,-0.89475667,0.09210223,0.43695235,0
