-2.8082719,1.1762724,3.8697257,-0.099602476,-0.095553704,0.99042892,0
-0.97810125,4.0473528,-1.5881107,-0.13663566,0.98726261,0.081507474,0
1.6499724,4.199832,0.97058225,-0.13663566,0.98726261,0.081507474,0
-1.201689,-0.94145405,3.8269801,-0.099602476,-0.095553704,0.99042892,0
2.5744643,-3.372596,-3.9088299,0.13663566,-0.98726261,-0.081507474,0
-2.8017015,3.4426847,2.678947,-0.13663566,0.98726261,0.081507474,0
1.7877316,4.5809298,-3.4145446,-0.13663566,0.98726261,0.081507474,0
-3.0198932,3.8906269,-3.1125417,-0.13663566,0.98726261,0.081507474,0
-0.57697988,3.7384589,2.8258088,-0.13663566,0.98726261,0.081507474,0
3.1614678,-3.3959,-2.6425307,0.13663566,-0.98726261,-0.081507474,0
1.7203109,1.9926987,4.4039097,-0.099602476,-0.095553704,0.99042892,0
-3.2402852,2.9563329,-1.6378945,-0.98560143,-0.12720978,-0.11138984,0
-2.047652,-2.367764,3.6043,-0.099602476,-0.095553704,0.99042892,0
0.63071537,-2.4388795,3.8667884,-0.099602476,-0.095553704,0.99042892,0
-0.58048368,4.0091662,-0.45902491,-0.13663566,0.98726261,0.081507474,0
0.69999224,1.0305567,-3.8688364,0.099602476,0.095553704,-0.99042892,0
-1.3591594,1.8802607,4.083375,-0.099602476,-0.095553704,0.99042892,0
1.3414779,4.2449713,-0.093319654,-0.13663566,0.98726261,0.081507474,0
-2.4365551,-4.6370697,3.0068898,0.13663566,-0.98726261,-0.081507474,0
0.73270512,3.8784683,3.3254354,-0.13663566,0.98726261,0.081507474,0
-1.3206444,3.7712998,1.1813657,-0.13663566,0.98726261,0.081507474,0
-1.5929863,-4.2391839,-0.39839733,0.13663566,-0.98726261,-0.081507474,0
2.5431361,-2.0391364,-3.9796362,0.099602476,0.095553704,-0.99042892,0
1.231739,4.4906492,-3.2530689,-0.13663566,0.98726261,0.081507474,0
-0.52160668,0.91722536,4.0746922,-0.099602476,-0.095553704,0.99042892,0
-2.9763122,0.20462942,3.7590857,-0.099602476,-0.095553704,0.99042892,0
-0.40496373,-4.3246326,2.6281626,0.13663566,-0.98726261,-0.081507474,0
-2.6673188,3.5491614,1.614518,-0.13663566,0.98726261,0.081507474,0
3.2518287,-3.3672624,2.0050421,0.98560143,0.12720978,0.11138984,0
1.9796176,-3.7722168,-0.065583795,0.13663566,-0.98726261,-0.081507474,0
0.8963902,-4.1667051,2.8967946,0.13663566,-0.98726261,-0.081507474,0
0.25197792,-3.6816101,-4.0592065,0.13663566,-0.98726261,-0.081507474,0
0.5795753,-3.7480745,-2.7049828,0.13663566,-0.98726261,-0.081507474,0
1.9582691,1.7180672,4.4013443,-0.099602476,-0.095553704,0.99042892,0
-3.153996,0.36861467,0.55382955,-0.98560143,-0.12720978,-0.11138984,0
3.0723462,-3.4363616,-2.3018374,0.13663566,-0.98726261,-0.081507474,0
-3.3035498,1.4168267,0.68003404,-0.98560143,-0.12720978,-0.11138984,0
-3.7006657,3.1965938,2.1612749,-0.98560143,-0.12720978,-0.11138984,0
0.035932064,3.80934,2.9947145,-0.13663566,0.98726261,0.081507474,0
3.1612601,-1.5443769,0.72463834,0.98560143,0.12720978,0.11138984,0
2.2172065,-3.5226965,-2.6896245,0.13663566,-0.98726261,-0.081507474,0
0.44404912,3.0735183,-3.6974769,0.099602476,0.095553704,-0.99042892,0
-2.5312133,-0.42397857,-4.0515313,-0.98560143,-0.12720978,-0.11138984,0
-3.5626214,2.3104336,1.9518387,-0.98560143,-0.12720978,-0.11138984,0
3.2729235,-1.0116402,-0.87177777,0.98560143,0.12720978,0.11138984,0
3.4116588,-1.2907668,-1.78057,0.98560143,0.12720978,0.11138984,0
2.7806625,-1.5459272,4.0940199,0.98560143,0.12720978,0.11138984,0
3.4812021,-1.4334588,-3.8268652,0.099602476,0.095553704,-0.99042892,0
2.4991291,2.9537346,1.4463817,0.98560143,0.12720978,0.11138984,0
-2.9241776,-3.0661695,2.4429386,-0.98560143,-0.12720978,-0.11138984,0
3.3366601,-3.1134839,0.96461505,0.98560143,0.12720978,0.11138984,0
-1.0688446,2.248657,4.1481118,-0.099602476,-0.095553704,0.99042892,0
2.4797952,1.2277393,3.5885751,0.98560143,0.12720978,0.11138984,0
0.16565943,3.8659179,2.5268822,-0.13663566,0.98726261,0.081507474,0
1.5136461,-3.5430365,-3.6226785,0.13663566,-0.98726261,-0.081507474,0
-0.18029666,-2.4267468,-4.2909136,0.099602476,0.095553704,-0.99042892,0
1.890357,4.1691608,1.7450588,-0.13663566,0.98726261,0.081507474,0
2.8705196,-1.3908209,3.1218116,0.98560143,0.12720978,0.11138984,0
2.8309953,-0.039346933,1.9281185,0.98560143,0.12720978,0.11138984,0
-1.1816998,3.6021893,3.4626455,-0.13663566,0.98726261,0.081507474,0
2.0096416,3.9686973,4.373138,-0.13663566,0.98726261,0.081507474,0
-3.4482942,1.1673836,2.2456336,-0.98560143,-0.12720978,-0.11138984,0
3.5129309,-3.3283613,-0.34967053,0.98560143,0.12720978,0.11138984,0
0.033481598,-3.7564678,-3.5187733,0.13663566,-0.98726261,-0.081507474,0
-3.0776577,-0.91114807,1.3398883,-0.98560143,-0.12720978,-0.11138984,0
2.2093995,3.3365397,3.5728049,0.98560143,0.12720978,0.11138984,0
1.2821038,0.79591846,4.2443795,-0.099602476,-0.095553704,0.99042892,0
-1.3096044,4.103673,-2.8260088,-0.13663566,0.98726261,0.081507474,0
-3.5588746,3.421735,0.64955837,-0.98560143,-0.12720978,-0.11138984,0
-1.5171201,4.1344614,-3.5468056,-0.13663566,0.98726261,0.081507474,0
-0.57676411,4.2588434,-3.4770122,-0.13663566,0.98726261,0.081507474,0
3.0792956,-2.1448851,2.1356738,0.98560143,0.12720978,0.11138984,0
-0.10587263,-4.2167654,1.8229957,0.13663566,-0.98726261,-0.081507474,0
0.028017998,4.2627621,-2.5106502,-0.13663566,0.98726261,0.081507474,0
2.9555795,-0.20745587,1.017756,0.98560143,0.12720978,0.11138984,0
3.0697069,-0.44786286,0.28248051,0.98560143,0.12720978,0.11138984,0
-2.0524051,1.6362855,-4.0871925,0.099602476,0.095553704,-0.99042892,0
-0.10106713,1.4289002,-3.910964,0.099602476,0.095553704,-0.99042892,0
3.0683205,0.027465105,-0.24808592,0.98560143,0.12720978,0.11138984,0
1.0952795,4.1913018,-3.5241451,0.099602476,0.095553704,-0.99042892,0
0.11154222,-3.7632899,-3.3052819,0.13663566,-0.98726261,-0.081507474,0
-3.1133502,1.8006483,-1.4412255,-0.98560143,-0.12720978,-0.11138984,0
1.477452,4.1491089,-3.4897823,0.099602476,0.095553704,-0.99042892,0
-1.6001921,0.2224426,3.8991938,-0.099602476,-0.095553704,0.99042892,0
2.0358343,-0.63975143,-3.8956442,0.099602476,0.095553704,-0.99042892,0
-2.0514886,2.5883188,-3.9952507,0.099602476,0.095553704,-0.99042892,0
1.9827828,-2.8413126,3.9639339,-0.099602476,-0.095553704,0.99042892,0
-2.724766,-1.9099979,-0.64186418,-0.98560143,-0.12720978,-0.11138984,0
2.540931,0.60998392,3.7531242,0.98560143,0.12720978,0.11138984,0
-0.23716545,-4.3071332,2.6974833,0.13663566,-0.98726261,-0.081507474,0
-0.76942039,-1.3772703,-4.248908,0.099602476,0.095553704,-0.99042892,0
-2.2577288,-2.342968,-4.2798538,-0.98560143,-0.12720978,-0.11138984,0
-3.7345262,2.1237776,3.6860571,-0.98560143,-0.12720978,-0.11138984,0
3.1197886,-1.2654865,0.7730909,0.98560143,0.12720978,0.11138984,0
1.3157811,3.9124956,3.8907287,-0.13663566,0.98726261,0.081507474,0
-2.6346281,-4.2247047,1.2040172,-0.98560143,-0.12720978,-0.11138984,0
-3.4875805,0.92167795,2.8738496,-0.98560143,-0.12720978,-0.11138984,0
-0.35506916,4.1772046,-2.1165187,-0.13663566,0.98726261,0.081507474,0
0.54747915,3.9165134,2.554112,-0.13663566,0.98726261,0.081507474,0
-2.5732148,-1.0820138,-2.9284027,-0.98560143,-0.12720978,-0.11138984,0
0.026877165,2.2969286,-3.8143525,0.099602476,0.095553704,-0.99042892,0
0.99599761,-2.2759824,3.9192386,-0.099602476,-0.095553704,0.99042892,0
0.36683702,-3.6697097,3.7215047,-0.099602476,-0.095553704,0.99042892,0
1.3403566,-4.0781269,2.5681362,0.13663566,-0.98726261,-0.081507474,0
1.599628,1.3270829,-3.7497568,0.099602476,0.095553704,-0.99042892,0
-1.0561452,-4.3260608,1.5538404,0.13663566,-0.98726261,-0.081507474,0
-1.9480472,-4.2444134,-0.93026429,0.13663566,-0.98726261,-0.081507474,0
2.3561952,1.78178,4.0494909,0.98560143,0.12720978,0.11138984,0
1.36519,4.0825901,1.9132762,-0.13663566,0.98726261,0.081507474,0
-2.6871879,3.1794853,-4.0021462,0.099602476,0.095553704,-0.99042892,0
1.2106795,3.9801333,2.8952715,-0.13663566,0.98726261,0.081507474,0
3.8256047,-2.8820014,-3.6260307,0.98560143,0.12720978,0.11138984,0
3.5100238,-1.1155611,-2.8510141,0.98560143,0.12720978,0.11138984,0
-0.88995266,3.7075427,2.6756284,-0.13663566,0.98726261,0.081507474,0
-0.75242424,-2.3345757,3.7377563,-0.099602476,-0.095553704,0.99042892,0
3.1520164,-3.7185769,1.2500639,0.13663566,-0.98726261,-0.081507474,0
2.887516,-0.63520837,2.1084967,0.98560143,0.12720978,0.11138984,0
0.75369358,4.1475825,0.10096818,-0.13663566,0.98726261,0.081507474,0
-2.0077152,3.8928366,-1.4425287,-0.13663566,0.98726261,0.081507474,0
-1.3920145,0.15837121,-4.1633654,0.099602476,0.095553704,-0.99042892,0
-2.855808,3.646265,-3.9740701,0.099602476,0.095553704,-0.99042892,0
2.8593147,3.8482542,-2.7621768,0.98560143,0.12720978,0.11138984,0
-0.51789242,0.4705981,-4.0453367,0.099602476,0.095553704,-0.99042892,0
2.4682326,1.7472599,3.0975866,0.98560143,0.12720978,0.11138984,0
1.1620634,4.4377041,-2.7285709,-0.13663566,0.98726261,0.081507474,0
-2.2056384,-0.075299263,-4.2677312,0.099602476,0.095553704,-0.99042892,0
-3.4559965,3.5472403,-0.40405881,-0.98560143,-0.12720978,-0.11138984,0
-2.0901289,3.7607906,-3.8860202,0.099602476,0.095553704,-0.99042892,0
-1.4614189,2.5233397,4.1351337,-0.099602476,-0.095553704,0.99042892,0
2.7463717,0.42699957,-3.721272,0.099602476,0.095553704,-0.99042892,0
-3.1374266,3.383512,2.8328819,-0.13663566,0.98726261,0.081507474,0
1.0138698,0.16876876,4.156899,-0.099602476,-0.095553704,0.99042892,0
3.6616504,-3.2307887,-1.7770038,0.98560143,0.12720978,0.11138984,0
-0.26454401,3.6691895,4.1885872,-0.13663566,0.98726261,0.081507474,0
-2.5700457,-4.4917898,1.0233982,0.13663566,-0.98726261,-0.081507474,0
2.8839095,2.8828528,-1.8772871,0.98560143,0.12720978,0.11138984,0
-1.1435878,-1.9623876,-4.3429871,0.099602476,0.095553704,-0.99042892,0
-2.5812955,-0.81307125,-3.1640399,-0.98560143,-0.12720978,-0.11138984,0
-1.7774763,-3.9371493,-4.3660746,0.13663566,-0.98726261,-0.081507474,0
3.3605335,-3.5835352,-0.036087006,0.13663566,-0.98726261,-0.081507474,0
0.6572988,-3.4240956,3.7744112,-0.099602476,-0.095553704,0.99042892,0
-0.5453639,-3.8592939,-3.2436464,0.13663566,-0.98726261,-0.081507474,0
-2.3476362,-0.56508625,3.7480488,-0.099602476,-0.095553704,0.99042892,0
-3.1470594,3.4254761,2.3084426,-0.13663566,0.98726261,0.081507474,0
1.2685417,-0.0031189919,4.1659269,-0.099602476,-0.095553704,0.99042892,0
1.3364434,-3.2189937,-4.2148161,0.099602476,0.095553704,-0.99042892,0
2.5921478,1.019809,2.8319168,0.98560143,0.12720978,0.11138984,0
3.0347407,1.659893,-1.8152277,0.98560143,0.12720978,0.11138984,0
1.553014,4.378057,-1.3507171,-0.13663566,0.98726261,0.081507474,0
0.17337799,-3.8229039,-2.479547,0.13663566,-0.98726261,-0.081507474,0
-0.94628143,3.1915421,-3.8259087,0.099602476,0.095553704,-0.99042892,0
-2.4667144,3.6287284,0.98704451,-0.13663566,0.98726261,0.081507474,0
-0.58988333,-3.8430777,-3.5146892,0.13663566,-0.98726261,-0.081507474,0
-2.8356104,0.59071803,-2.5169616,-0.98560143,-0.12720978,-0.11138984,0
1.3486538,3.8252845,-3.5339761,0.099602476,0.095553704,-0.99042892,0
2.254529,3.6688333,2.793999,0.98560143,0.12720978,0.11138984,0
-1.3148732,-4.1128531,-1.4623703,0.13663566,-0.98726261,-0.081507474,0
0.34836793,4.3827996,-3.4275875,-0.13663566,0.98726261,0.081507474,0
2.0017409,-2.8580332,3.9642267,-0.099602476,-0.095553704,0.99042892,0
2.8891268,2.5453396,-1.5380077,0.98560143,0.12720978,0.11138984,0
2.8716214,-3.3937566,-3.1543798,0.13663566,-0.98726261,-0.081507474,0
3.0703754,0.83722138,-1.1910275,0.98560143,0.12720978,0.11138984,0
-0.1664958,-4.081234,0.079737484,0.13663566,-0.98726261,-0.081507474,0
-2.5828972,-0.84224463,-3.1165497,-0.98560143,-0.12720978,-0.11138984,0
-1.8345599,-2.2107992,-4.4364405,0.099602476,0.095553704,-0.99042892,0
-3.6155982,1.6451542,3.8337741,-0.099602476,-0.095553704,0.99042892,0
3.5641742,-3.3490491,-2.534934,0.13663566,-0.98726261,-0.081507474,0
0.71043539,3.2750645,4.4260702,-0.099602476,-0.095553704,0.99042892,0
-3.1031585,3.340013,3.4172111,-0.13663566,0.98726261,0.081507474,0
2.7407911,0.82782078,1.7359421,0.98560143,0.12720978,0.11138984,0
3.2115912,-1.5382679,0.272324,0.98560143,0.12720978,0.11138984,0
3.550437,-0.97835815,-3.3652864,0.98560143,0.12720978,0.11138984,0
2.5465858,3.7470949,0.12044221,0.98560143,0.12720978,0.11138984,0
1.4625617,1.2574883,4.3070579,-0.099602476,-0.095553704,0.99042892,0
-3.1574888,0.42461455,3.7620888,-0.099602476,-0.095553704,0.99042892,0
-1.7102451,3.5580282,3.1115184,-0.13663566,0.98726261,0.081507474,0
1.163846,3.9505434,3.1751781,-0.13663566,0.98726261,0.081507474,0
-3.3893609,0.99235868,1.9240613,-0.98560143,-0.12720978,-0.11138984,0
-0.35712409,3.7134562,3.49721,-0.13663566,0.98726261,0.081507474,0
0.40356529,-1.1296897,-4.1070614,0.099602476,0.095553704,-0.99042892,0
-2.0147898,3.6112309,1.95657,-0.13663566,0.98726261,0.081507474,0
3.4946184,-0.29897618,-3.6472607,0.98560143,0.12720978,0.11138984,0
2.336591,2.0672529,3.8969367,0.98560143,0.12720978,0.11138984,0
-3.2619531,1.1530545,0.61321247,-0.98560143,-0.12720978,-0.11138984,0
2.8192346,3.0229559,-1.4650321,0.98560143,0.12720978,0.11138984,0
-0.33920074,3.5253131,4.3446569,-0.099602476,-0.095553704,0.99042892,0
3.3678658,-2.1552331,-0.4058401,0.98560143,0.12720978,0.11138984,0
-1.8140692,0.42968178,-4.1796341,0.099602476,0.095553704,-0.99042892,0
1.429702,-3.9796302,1.5248628,0.13663566,-0.98726261,-0.081507474,0
1.2348332,4.4896717,-3.2360406,-0.13663566,0.98726261,0.081507474,0
0.50701857,-3.8299663,-1.8346978,0.13663566,-0.98726261,-0.081507474,0
1.224516,2.178653,-3.7053227,0.099602476,0.095553704,-0.99042892,0
-3.4312978,3.6207423,-0.5332132,-0.13663566,0.98726261,0.081507474,0
1.1299846,4.4051185,-2.38765,-0.13663566,0.98726261,0.081507474,0
-0.91586089,-4.4339886,3.096292,0.13663566,-0.98726261,-0.081507474,0
-3.7952497,2.8538752,3.3895643,-0.98560143,-0.12720978,-0.11138984,0
-2.6830444,-1.0462947,3.6678929,-0.099602476,-0.095553704,0.99042892,0
1.039907,4.0568213,1.6801145,-0.13663566,0.98726261,0.081507474,0
2.9950957,-3.5174999,-1.4485468,0.13663566,-0.98726261,-0.081507474,0
-2.6058404,3.0982852,-4.0017996,0.099602476,0.095553704,-0.99042892,0
-0.046491981,-1.5608289,3.8833966,-0.099602476,-0.095553704,0.99042892,0
-2.78758,0.081126213,-2.3599811,-0.98560143,-0.12720978,-0.11138984,0
-3.0025899,1.6136961,-2.2077532,-0.98560143,-0.12720978,-0.11138984,0
1.1468344,3.8504016,4.3596277,-0.13663566,0.98726261,0.081507474,0
1.1657035,-3.7318566,-1.918865,0.13663566,-0.98726261,-0.081507474,0
-1.1698042,0.58130181,-4.1002159,0.099602476,0.095553704,-0.99042892,0
1.1854696,-3.2099762,3.8481841,-0.099602476,-0.095553704,0.99042892,0
-2.5405259,-3.2990799,-0.68570298,-0.98560143,-0.12720978,-0.11138984,0
-0.87550628,-2.2988758,3.7288222,-0.099602476,-0.095553704,0.99042892,0
-1.4658518,-4.0518289,-2.4546175,0.13663566,-0.98726261,-0.081507474,0
0.78343487,-4.1158953,3.7203526,-0.099602476,-0.095553704,0.99042892,0
-2.1946766,-2.883213,3.5397849,-0.099602476,-0.095553704,0.99042892,0
-2.8131881,-3.8455057,2.3509016,-0.98560143,-0.12720978,-0.11138984,0
-0.15984893,-4.1877327,1.3808565,0.13663566,-0.98726261,-0.081507474,0
2.7212918,3.3896194,-1.0171511,0.98560143,0.12720978,0.11138984,0
2.7283964,-1.246205,-3.8845057,0.099602476,0.095553704,-0.99042892,0
2.4804168,0.7423811,4.1373668,0.98560143,0.12720978,0.11138984,0
-1.440733,-3.6500304,-4.5356884,0.099602476,0.095553704,-0.99042892,0
0.060585499,-2.7878001,-4.3015227,0.099602476,0.095553704,-0.99042892,0
-2.977257,-0.22551894,-0.33148122,-0.98560143,-0.12720978,-0.11138984,0
-3.5062821,3.4887607,0.10766535,-0.98560143,-0.12720978,-0.11138984,0
3.2867155,-3.7495646,1.8512067,0.13663566,-0.98726261,-0.081507474,0
2.9781289,-1.927832,2.7829375,0.98560143,0.12720978,0.11138984,0
1.0149972,4.3218956,-1.5723698,-0.13663566,0.98726261,0.081507474,0
-2.0143857,4.022552,-3.0248983,-0.13663566,0.98726261,0.081507474,0
-3.3498881,3.3548837,-1.1232574,-0.98560143,-0.12720978,-0.11138984,0
2.0863543,3.7103043,4.2346888,0.98560143,0.12720978,0.11138984,0
-3.5256701,0.58563304,3.5946436,-0.98560143,-0.12720978,-0.11138984,0
-3.1974411,2.1423895,3.9237974,-0.099602476,-0.095553704,0.99042892,0
2.9484484,-0.29284883,1.1783726,0.98560143,0.12720978,0.11138984,0
-2.0796094,3.6822443,0.98775762,-0.13663566,0.98726261,0.081507474,0
0.52527809,4.0219126,1.2402389,-0.13663566,0.98726261,0.081507474,0
-1.033428,-4.3769522,2.2083471,0.13663566,-0.98726261,-0.081507474,0
0.78510571,4.0761228,1.0191808,-0.13663566,0.98726261,0.081507474,0
-3.6203129,2.6780853,2.0424411,-0.98560143,-0.12720978,-0.11138984,0
-0.27391815,-4.2042894,1.3901823,0.13663566,-0.98726261,-0.081507474,0
0.60132933,3.9707568,1.987362,-0.13663566,0.98726261,0.081507474,0
-2.1775746,-4.2081838,-1.7538642,0.13663566,-0.98726261,-0.081507474,0
-1.177779,-0.44091177,-4.1996374,0.099602476,0.095553704,-0.99042892,0
-1.3647089,-4.2914791,0.61770809,0.13663566,-0.98726261,-0.081507474,0
2.672982,-0.1732223,3.4791446,0.98560143,0.12720978,0.11138984,0
1.221776,-1.4743474,-4.0580292,0.099602476,0.095553704,-0.99042892,0
2.2994471,2.8489459,-3.5325551,0.099602476,0.095553704,-0.99042892,0
3.2790792,-2.6438413,0.93776345,0.98560143,0.12720978,0.11138984,0
-0.51992595,1.3652256,4.118083,-0.099602476,-0.095553704,0.99042892,0
2.1301422,-0.74807858,4.1807013,-0.099602476,-0.095553704,0.99042892,0
-3.0299563,-0.7108624,0.68908644,-0.98560143,-0.12720978,-0.11138984,0
2.8551412,0.1245997,1.5272396,0.98560143,0.12720978,0.11138984,0
-2.8848655,-0.90226555,3.6614919,-0.099602476,-0.095553704,0.99042892,0
-0.0016479492,4.1707082,-1.4453659,-0.13663566,0.98726261,0.081507474,0
3.0280659,-1.6964327,2.076822,0.98560143,0.12720978,0.11138984,0
-0.56850863,3.6183848,4.294405,-0.13663566,0.98726261,0.081507474,0
1.2474154,-0.45127118,4.1205659,-0.099602476,-0.095553704,0.99042892,0
2.2837703,-2.4038434,4.0364079,-0.099602476,-0.095553704,0.99042892,0
0.53296852,-4.0291572,0.62151015,0.13663566,-0.98726261,-0.081507474,0
3.2334728,1.4326446,-3.3141336,0.98560143,0.12720978,0.11138984,0
-0.1203084,-4.0373511,-0.37435931,0.13663566,-0.98726261,-0.081507474,0
1.3060412,3.86693,4.426321,-0.13663566,0.98726261,0.081507474,0
2.7367053,2.2277708,0.17332524,0.98560143,0.12720978,0.11138984,0
3.0092275,3.1196558,-3.2565637,0.98560143,0.12720978,0.11138984,0
3.1133053,0.67137456,-1.3814819,0.98560143,0.12720978,0.11138984,0
-3.0078173,3.4029717,2.8144457,-0.13663566,0.98726261,0.081507474,0
3.2838688,-0.74391007,-1.2743812,0.98560143,0.12720978,0.11138984,0
3.0312223,-0.25842786,0.40666246,0.98560143,0.12720978,0.11138984,0
3.7595625,-2.3492372,-3.6501043,0.98560143,0.12720978,0.11138984,0
3.0636094,-1.1542177,1.1431057,0.98560143,0.12720978,0.11138984,0
-0.52606773,4.2792749,-3.6395092,-0.13663566,0.98726261,0.081507474,0
2.9920802,-2.3747275,3.1698594,0.98560143,0.12720978,0.11138984,0
-3.1473303,0.25478244,0.62484884,-0.98560143,-0.12720978,-0.11138984,0
-2.4181309,-3.712389,-1.296675,-0.98560143,-0.12720978,-0.11138984,0
2.0943034,-4.0334473,3.2908387,0.13663566,-0.98726261,-0.081507474,0
-2.7925367,-2.2272227,3.5429492,-0.099602476,-0.095553704,0.99042892,0
-1.3170711,1.8610426,4.0857534,-0.099602476,-0.095553704,0.99042892,0
2.7787976,-2.9243035,-4.0413356,0.099602476,0.095553704,-0.99042892,0
-1.5314534,-4.5004935,2.8698781,0.13663566,-0.98726261,-0.081507474,0
-3.2788916,3.6086576,-2.0412629,-0.98560143,-0.12720978,-0.11138984,0
0.36254358,2.0241809,4.2704029,-0.099602476,-0.095553704,0.99042892,0
3.0261912,-2.5178864,-3.977246,0.099602476,0.095553704,-0.99042892,0
0.28785384,-0.49577701,-4.0575399,0.099602476,0.095553704,-0.99042892,0
0.96793604,-2.3673751,-4.1697135,0.099602476,0.095553704,-0.99042892,0
-0.94968295,3.6425827,-3.7827353,0.099602476,0.095553704,-0.99042892,0
0.014226437,3.5922377,4.3866558,-0.099602476,-0.095553704,0.99042892,0
-1.1022511,2.6908298,4.1874123,-0.099602476,-0.095553704,0.99042892,0
0.053235769,-3.462549,3.7099533,-0.099602476,-0.095553704,0.99042892,0
1.3040538,4.0486374,2.2220426,-0.13663566,0.98726261,0.081507474,0
-3.2209396,0.28091955,1.2463112,-0.98560143,-0.12720978,-0.11138984,0
2.3130379,4.3325796,0.47419992,-0.13663566,0.98726261,0.081507474,0
-1.4124584,3.7875199,0.83098787,-0.13663566,0.98726261,0.081507474,0
-3.4720323,0.29031634,3.457304,-0.98560143,-0.12720978,-0.11138984,0
-1.8802261,0.17249966,-4.2110991,0.099602476,0.095553704,-0.99042892,0
2.7110586,-3.3678799,-3.7369735,0.13663566,-0.98726261,-0.081507474,0
-2.652657,-4.4665804,3.3409696,-0.099602476,-0.095553704,0.99042892,0
2.3217053,-1.5461531,4.1229706,-0.099602476,-0.095553704,0.99042892,0
3.8381016,-3.2163959,-3.6825018,0.13663566,-0.98726261,-0.081507474,0
1.8299475,-0.129004,4.2102389,-0.099602476,-0.095553704,0.99042892,0
2.5087395,3.7599664,0.44061393,0.98560143,0.12720978,0.11138984,0
0.046132505,1.145366,-3.9235153,0.099602476,0.095553704,-0.99042892,0
2.1998131,3.7464778,3.1894662,0.98560143,0.12720978,0.11138984,0
-0.33026648,-2.9151294,3.7242002,-0.099602476,-0.095553704,0.99042892,0
1.2830238,3.8784921,4.2476864,-0.13663566,0.98726261,0.081507474,0
-3.1773524,3.4321024,2.1774001,-0.13663566,0.98726261,0.081507474,0
1.2664938,-4.0521355,2.1294889,0.13663566,-0.98726261,-0.081507474,0
2.0841579,4.5480537,-2.5194225,-0.13663566,0.98726261,0.081507474,0
3.1909893,1.2869854,-2.771884,0.98560143,0.12720978,0.11138984,0
-0.11109209,1.7801261,4.1992264,-0.099602476,-0.095553704,0.99042892,0
0.35669196,1.6883862,-3.8398952,0.099602476,0.095553704,-0.99042892,0
-2.3537598,-2.6204877,3.5491333,-0.099602476,-0.095553704,0.99042892,0
-1.2714121,4.1327271,-3.1139042,-0.13663566,0.98726261,0.081507474,0
-1.4999124,3.8687754,-3.816247,0.099602476,0.095553704,-0.99042892,0
1.280623,-3.6139078,-3.154875,0.13663566,-0.98726261,-0.081507474,0
-0.40284252,-3.8915629,-2.6138606,0.13663566,-0.98726261,-0.081507474,0
2.3706758,-3.4476178,3.9444475,-0.099602476,-0.095553704,0.99042892,0
2.3200686,3.1460273,2.811151,0.98560143,0.12720978,0.11138984,0
-0.55862892,1.1062315,-3.9881091,0.099602476,0.095553704,-0.99042892,0
-1.6929181,-0.94633055,-4.3002043,0.099602476,0.095553704,-0.99042892,0
1.8265371,-4.0564651,3.8309865,-0.099602476,-0.095553704,0.99042892,0
-2.3987212,4.0155592,-3.5844808,-0.13663566,0.98726261,0.081507474,0
-3.0641322,1.3128589,-1.3196526,-0.98560143,-0.12720978,-0.11138984,0
-1.6781836,-4.119266,-1.9937342,0.13663566,-0.98726261,-0.081507474,0
1.4635644,3.4929421,4.5228291,-0.099602476,-0.095553704,0.99042892,0
2.3687301,-3.516202,-2.514281,0.13663566,-0.98726261,-0.081507474,0
-0.76735294,-0.96005762,-4.2084489,0.099602476,0.095553704,-0.99042892,0
-2.9335661,1.7153449,-2.9345734,-0.98560143,-0.12720978,-0.11138984,0
1.4344217,-2.3978362,3.9515729,-0.099602476,-0.095553704,0.99042892,0
2.6746612,-3.4272547,-3.0788076,0.13663566,-0.98726261,-0.081507474,0
3.7755609,-3.2899511,-2.8964009,0.13663566,-0.98726261,-0.081507474,0
2.9232473,2.2006645,-1.4462855,0.98560143,0.12720978,0.11138984,0
-0.67088938,3.629221,3.9915278,-0.13663566,0.98726261,0.081507474,0
-2.5571308,-0.3943243,-3.8560731,-0.98560143,-0.12720978,-0.11138984,0
0.64354801,4.4259758,-3.45573,-0.13663566,0.98726261,0.081507474,0
-3.6730015,2.9725647,2.1723409,-0.98560143,-0.12720978,-0.11138984,0
-0.27667975,4.2280602,-2.6011009,-0.13663566,0.98726261,0.081507474,0
1.7052011,3.9996483,3.4878917,-0.13663566,0.98726261,0.081507474,0
3.6774116,-2.1032934,-3.2040868,0.98560143,0.12720978,0.11138984,0
1.5229595,-4.0824981,2.927187,0.13663566,-0.98726261,-0.081507474,0
-1.3711975,3.585341,3.3490567,-0.13663566,0.98726261,0.081507474,0
-3.4628162,2.649843,0.6811291,-0.98560143,-0.12720978,-0.11138984,0
0.31196499,-3.7389276,-3.2643857,0.13663566,-0.98726261,-0.081507474,0
1.1754955,-1.2158554,-4.037745,0.099602476,0.095553704,-0.99042892,0
3.1853559,0.50579023,-1.8298993,0.98560143,0.12720978,0.11138984,0
3.1155491,1.325165,-2.1479757,0.98560143,0.12720978,0.11138984,0
1.0104866,3.58635,-3.5910363,0.099602476,0.095553704,-0.99042892,0
1.0582473,0.18200038,-3.9146748,0.099602476,0.095553704,-0.99042892,0
2.2124128,-1.8517659,-3.9948184,0.099602476,0.095553704,-0.99042892,0
2.7859833,1.8248494,0.19744495,0.98560143,0.12720978,0.11138984,0
-0.98264909,-4.3984241,2.5535567,0.13663566,-0.98726261,-0.081507474,0
2.5220718,-3.0453453,-4.0788307,0.099602476,0.095553704,-0.99042892,0
-2.9887583,3.84199,-2.4712293,-0.13663566,0.98726261,0.081507474,0
3.5142784,-3.4775777,-0.19118834,0.98560143,0.12720978,0.11138984,0
2.8537238,-3.7226586,3.9664903,-0.099602476,-0.095553704,0.99042892,0
-3.1487713,3.5788341,0.44801772,-0.13663566,0.98726261,0.081507474,0
1.7527168,4.285069,0.11037302,-0.13663566,0.98726261,0.081507474,0
2.4384868,3.2629867,-3.4786267,0.099602476,0.095553704,-0.99042892,0
-2.7821751,0.97737741,-3.4313436,-0.98560143,-0.12720978,-0.11138984,0
1.2186813,0.01477766,4.1626391,-0.099602476,-0.095553704,0.99042892,0
-2.4023764,-1.5866346,-3.863729,-0.98560143,-0.12720978,-0.11138984,0
3.6790977,-3.2867627,-3.0967269,0.13663566,-0.98726261,-0.081507474,0
-0.69051552,-3.8802633,-3.2329736,0.13663566,-0.98726261,-0.081507474,0
0.59687328,4.3192134,-2.2408018,-0.13663566,0.98726261,0.081507474,0
-2.8719614,0.98911071,-2.6502926,-0.98560143,-0.12720978,-0.11138984,0
-3.1699946,2.7058785,-1.9738141,-0.98560143,-0.12720978,-0.11138984,0
-2.4227805,-1.9158044,-3.3072708,-0.98560143,-0.12720978,-0.11138984,0
3.3370299,-0.4450438,-3.7460046,0.099602476,0.095553704,-0.99042892,0
1.5135331,-3.2233815,-4.1974306,0.099602476,0.095553704,-0.99042892,0
-2.5756416,-0.92632639,3.6902676,-0.099602476,-0.095553704,0.99042892,0
3.1545637,-0.60145164,-0.29294914,0.98560143,0.12720978,0.11138984,0
-2.5349998,3.752728,-0.62937629,-0.13663566,0.98726261,0.081507474,0
0.56158733,3.9907842,1.6781535,-0.13663566,0.98726261,0.081507474,0
0.40899706,-3.8352289,-1.9352734,0.13663566,-0.98726261,-0.081507474,0
-3.4930124,0.58897948,3.3018601,-0.98560143,-0.12720978,-0.11138984,0
1.8728492,3.3501272,-3.5271029,0.099602476,0.095553704,-0.99042892,0
-2.143091,0.67285466,-4.1892614,0.099602476,0.095553704,-0.99042892,0
2.7368503,2.3989387,-0.023434401,0.98560143,0.12720978,0.11138984,0
1.408807,4.2226181,0.29030353,-0.13663566,0.98726261,0.081507474,0
-2.7466636,-4.6620455,2.7895508,0.13663566,-0.98726261,-0.081507474,0
3.3930805,-3.4520819,-1.5737582,0.13663566,-0.98726261,-0.081507474,0
2.4689269,4.1962805,0.29460931,0.98560143,0.12720978,0.11138984,0
-1.9639769,-3.6996527,3.4842172,-0.099602476,-0.095553704,0.99042892,0
-2.9390378,-1.2507107,0.50113583,-0.98560143,-0.12720978,-0.11138984,0
2.7466042,3.3381307,-1.1823192,0.98560143,0.12720978,0.11138984,0
-2.6589911,-0.088218212,-3.3043704,-0.98560143,-0.12720978,-0.11138984,0
-1.2308137,3.7270775,1.8676006,-0.13663566,0.98726261,0.081507474,0
-0.6502254,-0.69002533,3.9066949,-0.099602476,-0.095553704,0.99042892,0
-0.90599501,0.12688649,-4.1175261,0.099602476,0.095553704,-0.99042892,0
3.5536299,-2.4906042,-1.6665238,0.98560143,0.12720978,0.11138984,0
-2.3712063,2.3097548,4.023035,-0.099602476,-0.095553704,0.99042892,0
-1.8873467,-4.0732036,-2.9022961,0.13663566,-0.98726261,-0.081507474,0
-1.5864012,0.60404116,3.9373965,-0.099602476,-0.095553704,0.99042892,0
-3.5599899,2.5010147,1.7109069,-0.98560143,-0.12720978,-0.11138984,0
-2.9468634,-0.97039175,0.25024813,-0.98560143,-0.12720978,-0.11138984,0
-3.345536,2.6509268,3.9579666,-0.099602476,-0.095553704,0.99042892,0
-2.1407552,3.7488241,0.078803897,-0.13663566,0.98726261,0.081507474,0
-3.4507027,0.20402694,3.3671186,-0.98560143,-0.12720978,-0.11138984,0
-2.8507454,-0.79948521,-0.79540312,-0.98560143,-0.12720978,-0.11138984,0
2.6526575,2.1779256,0.97392005,0.98560143,0.12720978,0.11138984,0
2.5112023,4.0704899,0.064197421,0.98560143,0.12720978,0.11138984,0
-2.929219,-0.43613839,-0.51600325,-0.98560143,-0.12720978,-0.11138984,0
3.2846384,0.49410272,-2.6950238,0.98560143,0.12720978,0.11138984,0
-2.7029037,1.002809,-4.1617966,-0.98560143,-0.12720978,-0.11138984,0
-0.048766613,-3.9858966,-0.87767947,0.13663566,-0.98726261,-0.081507474,0
3.1367278,-0.032520056,-0.78486454,0.98560143,0.12720978,0.11138984,0
-3.1435435,0.35815644,0.47328883,-0.98560143,-0.12720978,-0.11138984,0
-1.2759649,-0.050719261,-4.1718674,0.099602476,0.095553704,-0.99042892,0
0.18925047,2.0606418,4.2564931,-0.099602476,-0.095553704,0.99042892,0
-0.15204418,-0.5469141,-4.1067119,0.099602476,0.095553704,-0.99042892,0
-0.25468779,-1.5408503,-4.2129259,0.099602476,0.095553704,-0.99042892,0
-3.0988958,-1.5608437,2.2697747,-0.98560143,-0.12720978,-0.11138984,0
0.83290243,4.2490568,-0.99535918,-0.13663566,0.98726261,0.081507474,0
2.7581005,-1.0728993,3.7534485,0.98560143,0.12720978,0.11138984,0
2.0700159,-3.6428294,-1.4812547,0.13663566,-0.98726261,-0.081507474,0
1.462676,-4.0086212,1.9312963,0.13663566,-0.98726261,-0.081507474,0
0.89878392,4.2206221,-0.54050243,-0.13663566,0.98726261,0.081507474,0
-2.2717965,3.4984517,2.891778,-0.13663566,0.98726261,0.081507474,0
-3.3294783,1.4049522,0.92301607,-0.98560143,-0.12720978,-0.11138984,0
-2.5550644,1.377278,-4.1627312,0.099602476,0.095553704,-0.99042892,0
-1.2822337,-4.0550728,-2.1075151,0.13663566,-0.98726261,-0.081507474,0
1.1601036,-3.5140042,3.8163009,-0.099602476,-0.095553704,0.99042892,0
-2.8563023,-0.4252317,-1.1736419,-0.98560143,-0.12720978,-0.11138984,0
3.2977979,-3.739234,2.0230992,0.98560143,0.12720978,0.11138984,0
0.71913195,-3.9197438,-0.39168864,0.13663566,-0.98726261,-0.081507474,0
-2.2792683,-0.68747759,3.7431164,-0.099602476,-0.095553704,0.99042892,0
1.6612267,2.4630971,4.4433498,-0.099602476,-0.095553704,0.99042892,0
2.2523985,-3.505444,-2.8395984,0.13663566,-0.98726261,-0.081507474,0
2.2245307,3.0513768,3.7645822,0.98560143,0.12720978,0.11138984,0
2.7185185,1.6264844,1.0209237,0.98560143,0.12720978,0.11138984,0
1.4309919,3.245965,-3.5815873,0.099602476,0.095553704,-0.99042892,0
-1.6205335,3.5968695,2.7914417,-0.13663566,0.98726261,0.081507474,0
-3.0461888,1.5219315,-1.717182,-0.98560143,-0.12720978,-0.11138984,0
-0.99556446,4.0168028,-1.2473485,-0.13663566,0.98726261,0.081507474,0
2.1260183,-3.9332833,3.8729873,-0.099602476,-0.095553704,0.99042892,0
-1.9191704,3.2110744,4.1554503,-0.099602476,-0.095553704,0.99042892,0
-2.6750824,0.88189274,3.8547196,-0.099602476,-0.095553704,0.99042892,0
0.84092999,3.8676038,3.6384623,-0.13663566,0.98726261,0.081507474,0
1.7521789,2.3744748,-3.6333666,0.099602476,0.095553704,-0.99042892,0
-0.5655247,-1.9840571,3.7903681,-0.099602476,-0.095553704,0.99042892,0
2.0749042,4.4362183,-1.1803195,-0.13663566,0.98726261,0.081507474,0
2.3653426,-3.8048949,0.97684705,0.13663566,-0.98726261,-0.081507474,0
-2.7637465,-0.858845,-1.4973981,-0.98560143,-0.12720978,-0.11138984,0
-0.12456489,-4.2061934,1.6636143,0.13663566,-0.98726261,-0.081507474,0
-2.7140012,3.4870319,2.2888048,-0.13663566,0.98726261,0.081507474,0
-0.18636775,-4.2069845,1.5695884,0.13663566,-0.98726261,-0.081507474,0
-0.31150687,2.9319935,-3.7871132,0.099602476,0.095553704,-0.99042892,0
-1.2748518,-4.0044274,-2.7085876,0.13663566,-0.98726261,-0.081507474,0
-0.054108143,3.7119484,4.0234385,-0.13663566,0.98726261,0.081507474,0
3.6574242,-3.1016483,-1.8870926,0.98560143,0.12720978,0.11138984,0
-2.8910093,3.3131905,4.0675697,-0.099602476,-0.095553704,0.99042892,0
3.1167631,2.3508596,-3.498415,0.099602476,0.095553704,-0.99042892,0
0.24203491,-1.8440101,-4.1922216,0.099602476,0.095553704,-0.99042892,0
3.1667697,-3.3795133,2.7716551,0.98560143,0.12720978,0.11138984,0
-0.84916687,-3.8081121,-4.3728671,0.13663566,-0.98726261,-0.081507474,0
-1.2980909,-4.1368604,-1.143438,0.13663566,-0.98726261,-0.081507474,0
3.1681204,0.46841502,-1.6347125,0.98560143,0.12720978,0.11138984,0
3.2637494,-3.5374646,-0.75636405,0.13663566,-0.98726261,-0.081507474,0
-0.27416897,-3.7589073,-4.0049553,0.13663566,-0.98726261,-0.081507474,0
0.43403387,-3.6910131,-3.6401238,0.13663566,-0.98726261,-0.081507474,0
-3.1588881,3.7673969,-3.2843637,-0.98560143,-0.12720978,-0.11138984,0
2.3763144,2.691457,2.8326023,0.98560143,0.12720978,0.11138984,0
-1.3876266,4.1616654,-3.6592388,-0.13663566,0.98726261,0.081507474,0
-1.7233133,-2.9177213,-4.4934549,0.099602476,0.095553704,-0.99042892,0
0.89352918,4.2869334,-1.3525114,-0.13663566,0.98726261,0.081507474,0
-0.24324846,-3.7624795,3.6512012,-0.099602476,-0.095553704,0.99042892,0
-1.6428139,-4.5194807,2.9131823,0.13663566,-0.98726261,-0.081507474,0
0.570889,3.8404298,3.5149255,-0.13663566,0.98726261,0.081507474,0
-1.4984446,0.30523086,-4.1598997,0.099602476,0.095553704,-0.99042892,0
-2.7763257,-2.3937049,0.36674619,-0.98560143,-0.12720978,-0.11138984,0
-2.1086383,3.6852596,0.90257233,-0.13663566,0.98726261,0.081507474,0
-0.011759281,-0.37713277,-4.0762234,0.099602476,0.095553704,-0.99042892,0
-3.2009363,0.033909082,1.3514084,-0.98560143,-0.12720978,-0.11138984,0
-2.8443294,3.4339318,2.7135091,-0.13663566,0.98726261,0.081507474,0
-0.08776927,3.9798837,0.72163272,-0.13663566,0.98726261,0.081507474,0
0.8295486,-4.0387392,3.7324343,-0.099602476,-0.095553704,0.99042892,0
2.6163116,-3.8858993,2.3787291,0.13663566,-0.98726261,-0.081507474,0
0.4254868,-4.2132697,3.6749611,-0.099602476,-0.095553704,0.99042892,0
-2.1867137,0.34503651,-4.2252755,0.099602476,0.095553704,-0.99042892,0
-0.21425247,-2.7837718,-4.3287735,0.099602476,0.095553704,-0.99042892,0
0.52607679,2.6751995,-3.7276559,0.099602476,0.095553704,-0.99042892,0
-0.70882893,3.6065335,4.2027321,-0.13663566,0.98726261,0.081507474,0
-3.0659137,3.5850549,0.51156735,-0.13663566,0.98726261,0.081507474,0
2.6324756,1.3252409,2.1262784,0.98560143,0.12720978,0.11138984,0
-2.5447097,-2.0417857,-2.0845437,-0.98560143,-0.12720978,-0.11138984,0
-0.28548479,-2.3551085,-4.2945805,0.099602476,0.095553704,-0.99042892,0
-2.1043594,-0.45151281,3.7834711,-0.099602476,-0.095553704,0.99042892,0
-1.556838,2.5589163,-3.9483433,0.099602476,0.095553704,-0.99042892,0
3.1036041,-3.7924132,2.0632524,0.13663566,-0.98726261,-0.081507474,0
-3.0573812,-2.1209006,2.5420401,-0.98560143,-0.12720978,-0.11138984,0
0.80284905,-2.0471809,3.9218893,-0.099602476,-0.095553704,0.99042892,0
-1.7346301,2.718116,-3.9508638,0.099602476,0.095553704,-0.99042892,0
2.8136923,2.8425651,-1.2099819,0.98560143,0.12720978,0.11138984,0
2.931479,0.40983438,-3.7043128,0.099602476,0.095553704,-0.99042892,0
-3.2199485,3.5303121,-2.4733307,-0.98560143,-0.12720978,-0.11138984,0
-2.3125443,-4.138011,-1.7448571,-0.98560143,-0.12720978,-0.11138984,0
1.6614574,1.3032255,4.3314724,-0.099602476,-0.095553704,0.99042892,0
1.8634014,-2.2388561,-4.0672617,0.099602476,0.095553704,-0.99042892,0
-2.7196593,-3.0788682,0.64782023,-0.98560143,-0.12720978,-0.11138984,0
-3.0726728,-2.591567,3.2148514,-0.98560143,-0.12720978,-0.11138984,0
1.8361702,-3.611136,-2.2571559,0.13663566,-0.98726261,-0.081507474,0
-2.8017995,1.3312316,-3.6618106,-0.98560143,-0.12720978,-0.11138984,0
1.5403534,1.0945079,4.2991571,-0.099602476,-0.095553704,0.99042892,0
-1.1483173,-4.0479336,-1.9694977,0.13663566,-0.98726261,-0.081507474,0
-0.81173617,-0.2560122,-4.1449881,0.099602476,0.095553704,-0.99042892,0
-2.1433303,3.3244655,4.1438475,-0.099602476,-0.095553704,0.99042892,0
-3.7280834,2.1134708,3.6408188,-0.98560143,-0.12720978,-0.11138984,0
3.5030942,-3.3176134,-3.0180931,0.13663566,-0.98726261,-0.081507474,0
-1.7923303,3.9235828,-1.453881,-0.13663566,0.98726261,0.081507474,0
-1.5615032,3.777781,0.69910079,-0.13663566,0.98726261,0.081507474,0
3.3908882,-1.0854218,-1.8312969,0.98560143,0.12720978,0.11138984,0
2.434108,3.8901596,-3.4185591,0.099602476,0.095553704,-0.99042892,0
-0.21348846,1.3878164,4.1510797,-0.099602476,-0.095553704,0.99042892,0
2.4083152,2.6464348,2.6008668,0.98560143,0.12720978,0.11138984,0
2.7259068,-3.4695807,-2.4802287,0.13663566,-0.98726261,-0.081507474,0
-1.7273071,-4.2831154,3.4517274,-0.099602476,-0.095553704,0.99042892,0
3.1983666,1.5637507,-3.1532354,0.98560143,0.12720978,0.11138984,0
-2.8701866,-4.2600336,3.3390207,-0.099602476,-0.095553704,0.99042892,0
3.4836559,-1.8727245,-1.7530072,0.98560143,0.12720978,0.11138984,0
2.3573434,4.0703959,1.4256847,0.98560143,0.12720978,0.11138984,0
0.49761963,3.8271132,3.5533934,-0.13663566,0.98726261,0.081507474,0
1.8807315,2.3578258,-3.6220446,0.099602476,0.095553704,-0.99042892,0
0.14419973,2.6058762,-3.772748,0.099602476,0.095553704,-0.99042892,0
-0.87466574,1.7892978,-3.9539905,0.099602476,0.095553704,-0.99042892,0
2.2704501,4.5448365,-2.1681592,-0.13663566,0.98726261,0.081507474,0
-0.60939717,4.1492572,-2.2043502,-0.13663566,0.98726261,0.081507474,0
-2.1970308,3.5432739,2.4742043,-0.13663566,0.98726261,0.081507474,0
-2.7375913,-4.2395124,2.1319678,-0.98560143,-0.12720978,-0.11138984,0
-3.0853548,3.5459771,-3.6821346,-0.98560143,-0.12720978,-0.11138984,0
-2.1954498,-2.7313147,-4.3874121,-0.98560143,-0.12720978,-0.11138984,0
2.831866,-3.8165946,1.9006205,0.13663566,-0.98726261,-0.081507474,0
3.0998096,-3.5980573,-0.29725307,0.13663566,-0.98726261,-0.081507474,0
1.7480094,4.4117479,-1.431916,-0.13663566,0.98726261,0.081507474,0
-0.68099546,-4.4010534,3.0910835,0.13663566,-0.98726261,-0.081507474,0
0.90432239,-4.1495104,2.7018204,0.13663566,-0.98726261,-0.081507474,0
-2.9475541,3.7584128,-1.3898219,-0.13663566,0.98726261,0.081507474,0
-3.2589736,1.2806081,0.44117886,-0.98560143,-0.12720978,-0.11138984,0
-0.039248228,-4.10748,0.6109581,0.13663566,-0.98726261,-0.081507474,0
-1.776834,-4.300508,0.036202312,0.13663566,-0.98726261,-0.081507474,0
-2.6832657,-3.8822501,1.2432852,-0.98560143,-0.12720978,-0.11138984,0
2.681977,1.3679237,1.639534,0.98560143,0.12720978,0.11138984,0
0.52878904,-3.5743704,3.7469893,-0.099602476,-0.095553704,0.99042892,0
0.20040965,-1.0256215,-4.1174517,0.099602476,0.095553704,-0.99042892,0
3.190567,-3.1788568,2.3319335,0.98560143,0.12720978,0.11138984,0
-1.4610028,-4.1404676,-1.3728544,0.13663566,-0.98726261,-0.081507474,0
0.35248816,-0.70481765,-4.071207,0.099602476,0.095553704,-0.99042892,0
-1.7555103,2.2701936,-3.9961779,0.099602476,0.095553704,-0.99042892,0
0.50182533,4.1312337,-3.5896211,0.099602476,0.095553704,-0.99042892,0
-2.5354764,-4.4930515,1.0966313,0.13663566,-0.98726261,-0.081507474,0
-2.1012881,-4.4895391,1.7819407,0.13663566,-0.98726261,-0.081507474,0
-0.41770411,-2.8477135,3.721911,-0.099602476,-0.095553704,0.99042892,0
-2.1952164,-4.3215446,-0.41035232,0.13663566,-0.98726261,-0.081507474,0
1.8673271,-1.2613251,4.1047554,-0.099602476,-0.095553704,0.99042892,0
2.5045879,4.003582,-3.4005284,0.099602476,0.095553704,-0.99042892,0
0.42452741,-3.6868706,-3.7062321,0.13663566,-0.98726261,-0.081507474,0
1.2809179,4.2210221,0.095244706,-0.13663566,0.98726261,0.081507474,0
-0.31740928,4.1672721,-1.9330778,-0.13663566,0.98726261,0.081507474,0
-2.5983326,1.5757861,3.9293826,-0.099602476,-0.095553704,0.99042892,0
-2.9079251,1.2990834,-2.6860752,-0.98560143,-0.12720978,-0.11138984,0
-2.3569798,3.8603561,-1.6346011,-0.13663566,0.98726261,0.081507474,0
-0.41779941,-1.3515402,3.8662481,-0.099602476,-0.095553704,0.99042892,0
-0.036762357,-2.3582222,3.807445,-0.099602476,-0.095553704,0.99042892,0
0.3286171,3.817934,3.381264,-0.13663566,0.98726261,0.081507474,0
-0.29071569,3.7931414,2.6433458,-0.13663566,0.98726261,0.081507474,0
3.4595041,-1.3484106,-2.1380856,0.98560143,0.12720978,0.11138984,0
-1.2123237,4.1872935,-3.6757889,-0.13663566,0.98726261,0.081507474,0
-3.3557422,2.4335337,-0.019254506,-0.98560143,-0.12720978,-0.11138984,0
0.088888168,4.1705222,-1.291348,-0.13663566,0.98726261,0.081507474,0
2.746928,3.9335179,-3.3829174,0.099602476,0.095553704,-0.99042892,0
-3.1588109,3.4509637,-2.9236743,-0.98560143,-0.12720978,-0.11138984,0
-0.62850094,1.9711448,4.1656218,-0.099602476,-0.095553704,0.99042892,0
2.4171591,-2.7101502,-4.0570421,0.099602476,0.095553704,-0.99042892,0
-0.26099753,3.4932475,-3.7278852,0.099602476,0.095553704,-0.99042892,0
1.3146994,-3.5480378,-3.8956058,0.13663566,-0.98726261,-0.081507474,0
-1.2283621,-4.0434651,-2.1578043,0.13663566,-0.98726261,-0.081507474,0
-3.4402289,2.3428411,0.83187342,-0.98560143,-0.12720978,-0.11138984,0
-3.4680223,3.4734523,-0.21338451,-0.98560143,-0.12720978,-0.11138984,0
-0.10414553,-3.7381792,-3.9710045,0.13663566,-0.98726261,-0.081507474,0
2.2049892,2.8244836,4.1966066,0.98560143,0.12720978,0.11138984,0
2.559731,0.58712888,3.6128778,0.98560143,0.12720978,0.11138984,0
1.5459968,0.99902189,-3.7868004,0.099602476,0.095553704,-0.99042892,0
-2.6674805,-4.3488913,1.6365256,-0.98560143,-0.12720978,-0.11138984,0
2.0328078,-3.3666244,-4.1590295,0.099602476,0.095553704,-0.99042892,0
