-0.5015316,3.8477302,-0.35985604,-0.48605025,0.81733906,-0.30937335,0
3.1331515,3.4596705,-3.55896,0.87329245,0.44071668,-0.20767498,0
1.8978004,-3.4434409,-0.76569462,0.48605025,-0.81733906,0.30937335,0
-5.2189293,1.0169424,-0.42715502,-0.48605025,0.81733906,-0.30937335,0
5.0573134,-0.23553705,-3.3094521,0.87329245,0.44071668,-0.20767498,0
1.4240923,2.3377116,-4.7577353,-0.033394933,-0.37111402,-0.92798656,0
1.5128502,-2.1865203,-2.9516296,-0.033394933,-0.37111402,-0.92798656,0
-0.76574945,2.5553675,-3.3590653,-0.48605025,0.81733906,-0.30937335,0
-0.047544718,4.7247596,1.8838239,0.033394933,0.37111402,0.92798656,0
-0.71294475,-4.9121518,-0.5442186,0.48605025,-0.81733906,0.30937335,0
-4.5032287,-0.81777239,3.4041538,-0.87329245,-0.44071668,0.20767498,0
3.764715,-1.2499739,2.0961936,0.48605025,-0.81733906,0.30937335,0
-5.2925854,0.71504354,3.3376942,-0.87329245,-0.44071668,0.20767498,0
-1.5996964,-0.18913007,-3.6384029,-0.033394933,-0.37111402,-0.92798656,0
-0.06806612,2.9322577,-3.4594674,-0.48605025,0.81733906,-0.30937335,0
1.0692825,-1.7761145,-3.0997941,-0.033394933,-0.37111402,-0.92798656,0
1.5722923,5.525795,1.5051873,0.033394933,0.37111402,0.92798656,0
3.435946,2.3808351,-4.5751281,0.87329245,0.44071668,-0.20767498,0
3.8680511,1.5696254,-4.4795923,0.87329245,0.44071668,-0.20767498,0
-2.1176844,-1.2088387,4.3312445,0.033394933,0.37111402,0.92798656,0
0.43964314,4.5483179,0.012378871,-0.48605025,0.81733906,-0.30937335,0
1.4953413,-2.1994715,3.1530657,0.48605025,-0.81733906,0.30937335,0
-0.38684869,-4.9094963,-1.0495259,0.48605025,-0.81733906,0.30937335,0
-5.7825027,1.8396075,2.6316752,-0.48605025,0.81733906,-0.30937335,0
-3.7260089,-0.61478245,-3.3916607,-0.033394933,-0.37111402,-0.92798656,0
-0.98425317,4.0352545,0.89396203,-0.48605025,0.81733906,-0.30937335,0
-1.2932711,3.4257836,-0.23071754,-0.48605025,0.81733906,-0.30937335,0
-0.28429198,-4.9561977,-1.3340318,0.48605025,-0.81733906,0.30937335,0
5.0730782,-2.1789589,-2.4136519,0.48605025,-0.81733906,0.30937335,0
-3.599499,-0.94890547,-3.2625933,-0.033394933,-0.37111402,-0.92798656,0
3.1531811,1.9172492,-4.6518106,-0.033394933,-0.37111402,-0.92798656,0
0.61864281,4.0912743,-1.4763167,-0.48605025,0.81733906,-0.30937335,0
4.5296412,-2.167978,-3.0676084,-0.033394933,-0.37111402,-0.92798656,0
0.78196096,4.2795615,-1.2354631,-0.48605025,0.81733906,-0.30937335,0
2.7421925,-2.3520131,0.79116011,0.48605025,-0.81733906,0.30937335,0
0.96568394,-1.1377256,4.1918459,0.033394933,0.37111402,0.92798656,0
-3.8354177,-4.3168607,-1.2132146,-0.87329245,-0.44071668,0.20767498,0
4.7390599,0.53331089,-3.0161304,0.87329245,0.44071668,-0.20767498,0
-0.58257914,-4.1291895,1.3194885,0.48605025,-0.81733906,0.30937335,0
-4.4443526,-3.1275444,-2.360924,-0.033394933,-0.37111402,-0.92798656,0
0.41213179,4.7061777,0.47265294,-0.48605025,0.81733906,-0.30937335,0
-3.3182957,-0.54102433,-3.4358296,-0.033394933,-0.37111402,-0.92798656,0
-0.69880486,-0.6583221,4.0600247,0.033394933,0.37111402,0.92798656,0
4.8859081,-2.2182486,-3.0603251,-0.033394933,-0.37111402,-0.92798656,0
-2.1462424,-0.067704201,-3.6672945,-0.033394933,-0.37111402,-0.92798656,0
-5.3440433,-0.55793595,0.41986179,-0.87329245,-0.44071668,0.20767498,0
1.0262861,3.8523865,-2.7478788,-0.48605025,0.81733906,-0.30937335,0
-2.4650264,-0.41196394,4.025063,0.033394933,0.37111402,0.92798656,0
-0.43449378,4.3181067,0.77751774,-0.48605025,0.81733906,-0.30937335,0
-4.5517387,0.45950311,-2.9480743,-0.48605025,0.81733906,-0.30937335,0
6.0757046,-0.39189458,0.73241901,0.48605025,-0.81733906,0.30937335,0
-2.7791395,-3.9241259,4.0619702,-0.87329245,-0.44071668,0.20767498,0
5.0570087,-0.12585115,-3.0779629,0.87329245,0.44071668,-0.20767498,0
4.7979717,0.42037535,-3.0080662,0.87329245,0.44071668,-0.20767498,0
5.0295181,1.6217778,2.9420416,0.033394933,0.37111402,0.92798656,0
-4.9599752,-0.49679875,2.1646447,-0.87329245,-0.44071668,0.20767498,0
-4.1719518,-2.4640684,-2.6360595,-0.033394933,-0.37111402,-0.92798656,0
-0.11779578,2.2086802,2.8925648,0.033394933,0.37111402,0.92798656,0
-2.8784962,3.0328591,1.2217219,-0.48605025,0.81733906,-0.30937335,0
0.79802871,-0.44342732,3.9202201,0.033394933,0.37111402,0.92798656,0
-4.1240892,0.29789877,3.8008833,0.033394933,0.37111402,0.92798656,0
-4.4441395,-1.0998242,-3.1718435,-0.033394933,-0.37111402,-0.92798656,0
-2.6383927,1.7560033,-2.5288482,-0.48605025,0.81733906,-0.30937335,0
-5.9953547,1.2784219,1.5780568,-0.87329245,-0.44071668,0.20767498,0
5.7375517,-0.47935069,1.0326328,0.48605025,-0.81733906,0.30937335,0
-4.9019389,-0.85686374,1.6445818,-0.87329245,-0.44071668,0.20767498,0
-0.88102293,-1.4585154,4.38659,0.033394933,0.37111402,0.92798656,0
1.8536518,4.7609148,-1.6474776,-0.48605025,0.81733906,-0.30937335,0
-2.8588855,-4.0958676,3.3621726,-0.87329245,-0.44071668,0.20767498,0
4.8070498,1.7073761,2.9158154,0.033394933,0.37111402,0.92798656,0
-0.91572261,3.469655,-0.70797271,-0.48605025,0.81733906,-0.30937335,0
-2.3930502,0.77207851,-3.9942529,-0.033394933,-0.37111402,-0.92798656,0
2.5921035,-2.9282932,-2.6938238,-0.033394933,-0.37111402,-0.92798656,0
1.8580662,1.2171475,3.2179878,0.033394933,0.37111402,0.92798656,0
-0.082789898,-3.0393586,3.4135232,0.48605025,-0.81733906,0.30937335,0
-3.1056128,-2.9612706,4.7324409,-0.87329245,-0.44071668,0.20767498,0
5.0766211,-0.029742241,-2.7915368,0.87329245,0.44071668,-0.20767498,0
4.5621738,2.4589372,0.32650709,0.87329245,0.44071668,-0.20767498,0
5.5469575,1.0172856,1.4082174,0.87329245,0.44071668,-0.20767498,0
-2.6920738,-5.7131643,0.44894195,0.48605025,-0.81733906,0.30937335,0
3.4180107,4.0662241,-1.0739071,0.87329245,0.44071668,-0.20767498,0
0.65208614,0.82579398,3.4178939,0.033394933,0.37111402,0.92798656,0
5.6037512,0.48042631,0.50774527,0.87329245,0.44071668,-0.20767498,0
5.1189785,2.2502067,2.6875057,0.033394933,0.37111402,0.92798656,0
3.4262998,-1.8846278,-3.1412189,-0.033394933,-0.37111402,-0.92798656,0
5.3373704,-2.0297692,-3.151947,-0.033394933,-0.37111402,-0.92798656,0
-4.542347,-2.7766266,-0.91731787,-0.87329245,-0.44071668,0.20767498,0
2.0100207,-1.7172441,-3.1571908,-0.033394933,-0.37111402,-0.92798656,0
4.7530589,-0.14733028,3.4565191,0.48605025,-0.81733906,0.30937335,0
-5.3962169,0.65289408,-1.1104097,-0.48605025,0.81733906,-0.30937335,0
3.8234119,4.209949,0.93584538,0.87329245,0.44071668,-0.20767498,0
-4.7459421,-2.2665572,-0.69101334,-0.87329245,-0.44071668,0.20767498,0
2.936444,4.3395362,-2.5189307,0.87329245,0.44071668,-0.20767498,0
3.0993061,4.9286089,-0.58398247,0.87329245,0.44071668,-0.20767498,0
4.4309707,3.2302475,1.4116178,0.87329245,0.44071668,-0.20767498,0
5.2728019,-1.2663378,-0.31636381,0.48605025,-0.81733906,0.30937335,0
-2.250526,2.0393918,-2.389528,-0.48605025,0.81733906,-0.30937335,0
5.1114192,1.6759387,0.97449636,0.87329245,0.44071668,-0.20767498,0
3.4316573,-3.1513224,-2.6348438,-0.033394933,-0.37111402,-0.92798656,0
-5.3959885,0.97078049,-0.27093983,-0.48605025,0.81733906,-0.30937335,0
0.69664359,5.2442017,1.447078,-0.48605025,0.81733906,-0.30937335,0
0.18159795,-4.5246434,-1.9686772,-0.033394933,-0.37111402,-0.92798656,0
-0.26157141,-3.5006926,2.4755962,0.48605025,-0.81733906,0.30937335,0
-4.0853667,1.8271606,3.1879182,0.033394933,0.37111402,0.92798656,0
5.8976045,0.1213212,0.98135424,0.87329245,0.44071668,-0.20767498,0
-2.0060782,-3.1357532,5.097826,0.033394933,0.37111402,0.92798656,0
-2.9490037,0.81640613,-3.9919734,-0.033394933,-0.37111402,-0.92798656,0
3.0000999,-3.1606238,-1.7503157,0.48605025,-0.81733906,0.30937335,0
-5.7501516,0.62947464,1.2319989,-0.87329245,-0.44071668,0.20767498,0
-3.0602272,0.13236856,3.8287964,0.033394933,0.37111402,0.92798656,0
-2.5788581,-4.179862,-2.0072207,-0.033394933,-0.37111402,-0.92798656,0
-1.0221539,-3.326875,4.1297431,0.48605025,-0.81733906,0.30937335,0
1.9322517,1.3590875,-4.3846569,-0.033394933,-0.37111402,-0.92798656,0
3.3489196,-0.83748996,3.8391902,0.48605025,-0.81733906,0.30937335,0
0.47265792,5.0523977,1.2922474,-0.48605025,0.81733906,-0.30937335,0
4.2555761,-0.87264132,2.3218927,0.48605025,-0.81733906,0.30937335,0
-4.4193296,-1.3326244,2.6643672,-0.87329245,-0.44071668,0.20767498,0
-5.0546827,0.078866005,2.9880362,-0.87329245,-0.44071668,0.20767498,0
1.8930385,0.94403791,-4.2172623,-0.033394933,-0.37111402,-0.92798656,0
-3.7806473,-3.627655,0.47969341,-0.87329245,-0.44071668,0.20767498,0
5.9371572,-0.040030003,0.80526686,0.87329245,0.44071668,-0.20767498,0
-4.4998217,-1.9817828,0.94828176,-0.87329245,-0.44071668,0.20767498,0
-4.0518789,-3.577549,-0.55452776,-0.87329245,-0.44071668,0.20767498,0
-2.7832193,-2.5806582,-2.6394091,-0.033394933,-0.37111402,-0.92798656,0
-4.0068297,1.349551,3.3760943,0.033394933,0.37111402,0.92798656,0
-5.0479708,0.2025032,3.2786341,-0.87329245,-0.44071668,0.20767498,0
3.4962511,3.5317488,-1.8791313,0.87329245,0.44071668,-0.20767498,0
-1.4184613,-2.1729283,4.6916342,0.033394933,0.37111402,0.92798656,0
4.2413607,1.0092595,3.2153585,0.033394933,0.37111402,0.92798656,0
-5.7861705,-0.81566,-1.9862518,-0.87329245,-0.44071668,0.20767498,0
-3.5270267,-1.0378039,-3.2296495,-0.033394933,-0.37111402,-0.92798656,0
1.3999944,3.9613135,2.1370442,0.033394933,0.37111402,0.92798656,0
2.7390118,3.8653364,-4.3554707,0.87329245,0.44071668,-0.20767498,0
-0.13221192,4.5658283,1.9504294,0.033394933,0.37111402,0.92798656,0
1.1715522,-2.7947385,2.089119,0.48605025,-0.81733906,0.30937335,0
-4.7318897,0.21469271,-3.3118122,-0.48605025,0.81733906,-0.30937335,0
1.887886,4.0522537,-3.5734873,-0.48605025,0.81733906,-0.30937335,0
-3.0221138,-4.907836,-1.7001431,-0.033394933,-0.37111402,-0.92798656,0
-0.7066648,-5.1918921,-1.2931362,0.48605025,-0.81733906,0.30937335,0
-3.7295041,0.71500158,3.6198788,0.033394933,0.37111402,0.92798656,0
3.0124457,4.0114012,2.0589871,0.033394933,0.37111402,0.92798656,0
-3.602212,-2.986336,2.5910039,-0.87329245,-0.44071668,0.20767498,0
1.5028412,1.2902173,3.2015495,0.033394933,0.37111402,0.92798656,0
-0.96636915,3.827107,0.31595618,-0.48605025,0.81733906,-0.30937335,0
-4.2684121,1.0035992,-1.9557469,-0.48605025,0.81733906,-0.30937335,0
-3.7154877,0.20566535,-3.7201471,-0.033394933,-0.37111402,-0.92798656,0
-0.150473,-1.0141087,-3.3606358,-0.033394933,-0.37111402,-0.92798656,0
4.1142316,3.2973595,0.22212172,0.87329245,0.44071668,-0.20767498,0
4.1676569,-0.81894046,2.6018934,0.48605025,-0.81733906,0.30937335,0
-1.864198,0.80490565,-4.0264125,-0.033394933,-0.37111402,-0.92798656,0
-5.0628252,0.28929448,-2.5947957,-0.48605025,0.81733906,-0.30937335,0
-4.7489438,-1.8253345,0.23270559,-0.87329245,-0.44071668,0.20767498,0
1.1346998,5.0802526,0.32571518,-0.48605025,0.81733906,-0.30937335,0
2.1165836,-3.4690969,-1.1772015,0.48605025,-0.81733906,0.30937335,0
4.5059786,-2.2598877,-1.7365007,0.48605025,-0.81733906,0.30937335,0
-4.6713333,-0.86426783,2.5985875,-0.87329245,-0.44071668,0.20767498,0
0.035018206,-4.4188957,-0.41618642,0.48605025,-0.81733906,0.30937335,0
-5.0557346,0.17120171,3.1795621,-0.87329245,-0.44071668,0.20767498,0
2.7689266,1.189772,3.1961567,0.033394933,0.37111402,0.92798656,0
-0.6621151,2.43433,-3.8416538,-0.48605025,0.81733906,-0.30937335,0
4.0120721,-2.7893889,-2.3594327,0.48605025,-0.81733906,0.30937335,0
0.77030659,-2.3449111,3.9079132,0.48605025,-0.81733906,0.30937335,0
4.6218853,0.87888408,-2.7755008,0.87329245,0.44071668,-0.20767498,0
0.5807147,-3.3445139,1.5649095,0.48605025,-0.81733906,0.30937335,0
1.1398685,-2.604739,-2.7709565,-0.033394933,-0.37111402,-0.92798656,0
-3.2828906,-5.0698624,-0.48776579,-0.87329245,-0.44071668,0.20767498,0
-0.77337337,-2.837142,-2.609165,-0.033394933,-0.37111402,-0.92798656,0
-2.079407,-5.786056,-1.3828561,-0.033394933,-0.37111402,-0.92798656,0
4.5263758,1.6281819,-1.5870113,0.87329245,0.44071668,-0.20767498,0
-1.5459468,3.2758899,-0.22975206,-0.48605025,0.81733906,-0.30937335,0
5.1250844,1.1450509,-0.094661236,0.87329245,0.44071668,-0.20767498,0
1.3349223,-4.154747,-1.7605813,0.48605025,-0.81733906,0.30937335,0
4.9087667,-1.8995857,-1.4174232,0.48605025,-0.81733906,0.30937335,0
-3.4801369,-3.9712384,1.0142331,-0.87329245,-0.44071668,0.20767498,0
0.18307447,0.99363875,-4.1755633,-0.033394933,-0.37111402,-0.92798656,0
3.8860812,0.76532924,3.3256946,0.033394933,0.37111402,0.92798656,0
-1.4660759,-4.8716507,0.74601054,0.48605025,-0.81733906,0.30937335,0
-4.0444541,-0.96272397,-3.2410545,-0.033394933,-0.37111402,-0.92798656,0
5.427711,0.77084124,0.38378334,0.87329245,0.44071668,-0.20767498,0
-1.3845279,-0.88297224,4.1745424,0.033394933,0.37111402,0.92798656,0
-1.4963136,1.8485355,-4.0786819,-0.48605025,0.81733906,-0.30937335,0
-0.91498756,3.4265931,-0.8228941,-0.48605025,0.81733906,-0.30937335,0
-4.1855931,-1.5416665,3.2036304,-0.87329245,-0.44071668,0.20767498,0
-4.233211,-2.8514462,-2.4789374,-0.033394933,-0.37111402,-0.92798656,0
4.6761031,0.19958866,3.5235116,0.033394933,0.37111402,0.92798656,0
-2.9740124,-5.9911327,-1.143975,-0.87329245,-0.44071668,0.20767498,0
-0.24939346,-0.94606829,4.1589255,0.033394933,0.37111402,0.92798656,0
-4.5960197,2.0201602,1.2446218,-0.48605025,0.81733906,-0.30937335,0
4.7775097,1.0876124,-1.6781354,0.87329245,0.44071668,-0.20767498,0
1.9582603,1.3817565,3.1485527,0.033394933,0.37111402,0.92798656,0
0.28856039,4.8992386,1.1768439,-0.48605025,0.81733906,-0.30937335,0
-0.13079071,-2.3916442,4.7327623,0.033394933,0.37111402,0.92798656,0
2.013778,2.9570155,2.5165882,0.033394933,0.37111402,0.92798656,0
0.061282158,-4.8236022,-1.5266502,0.48605025,-0.81733906,0.30937335,0
0.63576889,-2.4127557,3.9400425,0.48605025,-0.81733906,0.30937335,0
4.691812,1.4318118,-1.308063,0.87329245,0.44071668,-0.20767498,0
-0.36142659,4.0452018,-0.058268875,-0.48605025,0.81733906,-0.30937335,0
0.73007607,-4.2122917,-0.96234632,0.48605025,-0.81733906,0.30937335,0
0.69868612,4.7459154,0.1274364,-0.48605025,0.81733906,-0.30937335,0
5.9569912,-1.5066667,-2.2237487,0.87329245,0.44071668,-0.20767498,0
4.2691956,1.083663,-3.8240252,0.87329245,0.44071668,-0.20767498,0
-4.5469317,-3.1218095,-1.6691246,-0.87329245,-0.44071668,0.20767498,0
2.9670415,0.052378893,3.6438856,0.033394933,0.37111402,0.92798656,0
3.709372,-1.6584468,1.1039898,0.48605025,-0.81733906,0.30937335,0
-2.871875,-4.3419137,2.7854011,-0.87329245,-0.44071668,0.20767498,0
-4.1595507,-3.9734545,-1.8474658,-0.87329245,-0.44071668,0.20767498,0
1.0027189,1.2018714,-4.2883339,-0.033394933,-0.37111402,-0.92798656,0
4.5779161,2.9910593,1.5219455,0.87329245,0.44071668,-0.20767498,0
4.9815545,1.6298957,0.3306942,0.87329245,0.44071668,-0.20767498,0
4.2225838,2.9322886,-0.096981525,0.87329245,0.44071668,-0.20767498,0
-2.8782394,-3.1114953,-2.4237008,-0.033394933,-0.37111402,-0.92798656,0
-2.7935545,-4.2897911,3.2253609,-0.87329245,-0.44071668,0.20767498,0
2.9378004,5.5806856,0.12067056,0.87329245,0.44071668,-0.20767498,0
-1.0381963,1.3703475,3.260947,0.033394933,0.37111402,0.92798656,0
-1.9378769,2.8853645,-0.64573383,-0.48605025,0.81733906,-0.30937335,0
2.0706282,5.2277622,1.606441,0.033394933,0.37111402,0.92798656,0
0.55145025,0.21386433,-3.8769779,-0.033394933,-0.37111402,-0.92798656,0
-5.2759757,-0.013792932,-3.0606506,-0.48605025,0.81733906,-0.30937335,0
1.1954541,-2.1815798,3.6714807,0.48605025,-0.81733906,0.30937335,0
-4.0921154,-1.2129202,4.2943621,-0.87329245,-0.44071668,0.20767498,0
0.34484446,-3.4282405,-2.4130175,-0.033394933,-0.37111402,-0.92798656,0
-6.0144506,0.50687349,-0.1395812,-0.87329245,-0.44071668,0.20767498,0
3.0721464,4.1467171,-2.3574805,0.87329245,0.44071668,-0.20767498,0
-4.236227,-3.7282219,-2.1281946,-0.033394933,-0.37111402,-0.92798656,0
-0.16869223,3.0786135,2.5464985,0.033394933,0.37111402,0.92798656,0
-1.9738503,3.1936262,0.22518444,-0.48605025,0.81733906,-0.30937335,0
-1.568265,-4.1499658,2.8131895,0.48605025,-0.81733906,0.30937335,0
-3.8630111,-3.9771361,-0.60830259,-0.87329245,-0.44071668,0.20767498,0
-1.9884424,-3.7352223,4.5690403,0.48605025,-0.81733906,0.30937335,0
1.3479551,-3.3885894,-2.4649727,-0.033394933,-0.37111402,-0.92798656,0
6.101531,-0.11000371,1.3479786,0.87329245,0.44071668,-0.20767498,0
3.0293257,-3.0584352,-2.6575127,-0.033394933,-0.37111402,-0.92798656,0
-0.55541134,0.58417106,-3.9852362,-0.033394933,-0.37111402,-0.92798656,0
-3.9417286,-4.3747034,-1.7830124,-0.87329245,-0.44071668,0.20767498,0
0.62387562,3.5442681,-2.9296825,-0.48605025,0.81733906,-0.30937335,0
-5.1738091,-0.96177208,0.27871418,-0.87329245,-0.44071668,0.20767498,0
-1.8397374,-5.7768927,-1.0585119,0.48605025,-0.81733906,0.30937335,0
1.2701735,-1.8563297,4.4133744,0.48605025,-0.81733906,0.30937335,0
-2.8500922,-5.2450304,0.96045852,-0.87329245,-0.44071668,0.20767498,0
-2.0852337,2.7296896,-0.82550645,-0.48605025,0.81733906,-0.30937335,0
2.679188,4.9190431,-2.3709183,0.87329245,0.44071668,-0.20767498,0
1.8731904,-1.8066558,3.597223,0.48605025,-0.81733906,0.30937335,0
-3.5707471,1.3384771,-2.1671138,-0.48605025,0.81733906,-0.30937335,0
2.7685306,-3.4002647,-2.0196137,0.48605025,-0.81733906,0.30937335,0
2.4222851,2.7623057,-4.9634571,-0.033394933,-0.37111402,-0.92798656,0
2.4597173,0.62370658,3.433661,0.033394933,0.37111402,0.92798656,0
3.4883833,-2.9741254,-2.0247333,0.48605025,-0.81733906,0.30937335,0
3.2249022,-2.9408121,-2.7115886,-0.033394933,-0.37111402,-0.92798656,0
3.3170123,0.71665335,3.3656397,0.033394933,0.37111402,0.92798656,0
-1.5730464,-0.12278748,3.8773186,0.033394933,0.37111402,0.92798656,0
-0.74339437,-1.6493733,4.4579639,0.033394933,0.37111402,0.92798656,0
-4.6477718,1.6277547,0.28922558,-0.48605025,0.81733906,-0.30937335,0
3.573967,3.3163419,-2.0094564,0.87329245,0.44071668,-0.20767498,0
4.6595449,1.6858447,-0.9046545,0.87329245,0.44071668,-0.20767498,0
0.26279354,-1.5166068,4.36866,0.033394933,0.37111402,0.92798656,0
0.61616278,-0.32330823,-3.664484,-0.033394933,-0.37111402,-0.92798656,0
4.372036,2.8109615,0.27400827,0.87329245,0.44071668,-0.20767498,0
0.5702467,4.1318688,-1.2930346,-0.48605025,0.81733906,-0.30937335,0
-2.6442289,-3.7138152,5.075592,-0.87329245,-0.44071668,0.20767498,0
3.1948147,3.8355107,-2.502074,0.87329245,0.44071668,-0.20767498,0
2.0353396,-3.6768312,-1.5983776,0.48605025,-0.81733906,0.30937335,0
-1.2666793,-3.5439961,3.9402962,0.48605025,-0.81733906,0.30937335,0
4.9109178,-2.3239534,-2.5419483,0.48605025,-0.81733906,0.30937335,0
-0.089614868,-3.540735,2.0996504,0.48605025,-0.81733906,0.30937335,0
-5.2429881,-1.0164063,-0.12813234,-0.87329245,-0.44071668,0.20767498,0
6.0227356,0.18376075,2.336472,0.48605025,-0.81733906,0.30937335,0
-1.6908514,3.1545212,-0.32274091,-0.48605025,0.81733906,-0.30937335,0
5.6212635,-1.2570915,-3.1058755,0.87329245,0.44071668,-0.20767498,0
-3.1297486,-4.3644414,-1.9135804,-0.033394933,-0.37111402,-0.92798656,0
4.6022301,1.5969645,2.9673409,0.033394933,0.37111402,0.92798656,0
-4.2150931,-3.694912,-2.1422765,-0.033394933,-0.37111402,-0.92798656,0
1.389535,5.5262232,1.1035684,-0.48605025,0.81733906,-0.30937335,0
1.8599136,4.895226,-1.3024764,-0.48605025,0.81733906,-0.30937335,0
-4.9528446,-1.2312241,0.63607216,-0.87329245,-0.44071668,0.20767498,0
-0.57378364,-4.6535034,-0.079524219,0.48605025,-0.81733906,0.30937335,0
5.3830223,-0.71813965,-2.9639692,0.87329245,0.44071668,-0.20767498,0
-5.0737848,-0.38288283,1.9278116,-0.87329245,-0.44071668,0.20767498,0
0.97604799,2.805445,-4.9286642,-0.033394933,-0.37111402,-0.92798656,0
-5.0181837,2.3642342,3.0067039,0.033394933,0.37111402,0.92798656,0
-3.1159832,0.67586029,-3.9297583,-0.033394933,-0.37111402,-0.92798656,0
4.2402439,-1.9929811,-0.61386395,0.48605025,-0.81733906,0.30937335,0
5.2859492,1.3785459,1.0772996,0.87329245,0.44071668,-0.20767498,0
-0.89794254,-3.1003742,-2.4994121,-0.033394933,-0.37111402,-0.92798656,0
-3.3368375,-2.2699542,4.7994709,0.033394933,0.37111402,0.92798656,0
-2.2784264,-2.4583254,-2.706497,-0.033394933,-0.37111402,-0.92798656,0
0.93606496,-4.1615071,-1.1518024,0.48605025,-0.81733906,0.30937335,0
-5.3240867,-1.6560479,-1.8265719,-0.87329245,-0.44071668,0.20767498,0
-4.9106903,2.1858146,2.1766386,-0.48605025,0.81733906,-0.30937335,0
-5.1774154,-0.0011105537,-3.1819906,-0.48605025,0.81733906,-0.30937335,0
4.9498472,-0.02508688,-3.3147497,0.87329245,0.44071668,-0.20767498,0
0.95789456,-3.3424067,0.97789687,0.48605025,-0.81733906,0.30937335,0
-0.25349569,3.9079194,-0.59052485,-0.48605025,0.81733906,-0.30937335,0
3.9995563,4.2357435,1.7312899,0.87329245,0.44071668,-0.20767498,0
4.1047111,1.8292966,-2.9333525,0.87329245,0.44071668,-0.20767498,0
3.7193003,-0.67293561,3.6920314,0.48605025,-0.81733906,0.30937335,0
-4.7313571,-0.54431343,3.0251713,-0.87329245,-0.44071668,0.20767498,0
2.6059184,-2.6875548,0.11878538,0.48605025,-0.81733906,0.30937335,0
1.6756229,-2.0027015,3.389679,0.48605025,-0.81733906,0.30937335,0
1.7416036,-0.64891291,3.9684405,0.033394933,0.37111402,0.92798656,0
3.0666509,2.8482044,2.5222144,0.033394933,0.37111402,0.92798656,0
-0.720994,-1.1495512,4.2572727,0.033394933,0.37111402,0.92798656,0
3.6411638,4.696312,1.2016113,0.87329245,0.44071668,-0.20767498,0
2.3940048,-1.2753984,4.1825185,0.48605025,-0.81733906,0.30937335,0
3.9690459,1.7479594,-3.6764505,0.87329245,0.44071668,-0.20767498,0
-3.4150136,-5.0126386,-0.92191887,-0.87329245,-0.44071668,0.20767498,0
3.4202118,-2.9127469,-2.7298412,-0.033394933,-0.37111402,-0.92798656,0
-2.8724394,-4.0596156,-2.044744,-0.033394933,-0.37111402,-0.92798656,0
3.1407647,2.0798047,-4.7163715,-0.033394933,-0.37111402,-0.92798656,0
-2.9089546,-4.3972855,-1.9083912,-0.033394933,-0.37111402,-0.92798656,0
-0.46118951,4.1793914,2.1168091,0.033394933,0.37111402,0.92798656,0
2.4239225,3.6748147,2.2147713,0.033394933,0.37111402,0.92798656,0
-5.4230266,-0.21732926,0.81054449,-0.87329245,-0.44071668,0.20767498,0
2.3284011,-2.2213502,1.7864614,0.48605025,-0.81733906,0.30937335,0
4.5653124,0.85028005,-3.0740995,0.87329245,0.44071668,-0.20767498,0
-1.184998,-2.3302221,-2.797076,-0.033394933,-0.37111402,-0.92798656,0
0.095614433,-3.6615098,-2.3107612,-0.033394933,-0.37111402,-0.92798656,0
3.5593023,4.1913133,-0.21430492,0.87329245,0.44071668,-0.20767498,0
-1.8765888,3.5816653,2.4067826,0.033394933,0.37111402,0.92798656,0
1.6017826,2.9425826,2.5371864,0.033394933,0.37111402,0.92798656,0
-0.37004781,4.3741107,0.8242256,-0.48605025,0.81733906,-0.30937335,0
0.10240269,-2.6767697,4.0805006,0.48605025,-0.81733906,0.30937335,0
-5.0625138,0.56326979,-1.8714623,-0.48605025,0.81733906,-0.30937335,0
0.5070467,4.0776229,-1.3370557,-0.48605025,0.81733906,-0.30937335,0
-2.6290004,-3.3768697,-2.3265433,-0.033394933,-0.37111402,-0.92798656,0
-3.883003,-2.7063446,2.0044336,-0.87329245,-0.44071668,0.20767498,0
4.0584927,-1.8329213,0.094545841,0.48605025,-0.81733906,0.30937335,0
1.0012738,-2.7324295,-2.7149038,-0.033394933,-0.37111402,-0.92798656,0
1.3162436,-3.9456563,-1.1788343,0.48605025,-0.81733906,0.30937335,0
-5.4322414,-0.22716933,-3.3788683,-0.48605025,0.81733906,-0.30937335,0
2.8354657,6.0497255,0.68571639,0.87329245,0.44071668,-0.20767498,0
4.2918501,3.3001709,0.97499323,0.87329245,0.44071668,-0.20767498,0
-5.0173855,1.9578371,3.1691995,0.033394933,0.37111402,0.92798656,0
-0.52791524,4.4438868,1.256591,-0.48605025,0.81733906,-0.30937335,0
-4.2442808,-3.8604374,-1.9639242,-0.87329245,-0.44071668,0.20767498,0
0.35579443,-1.398525,4.3180904,0.033394933,0.37111402,0.92798656,0
5.5849652,1.0951364,1.733254,0.87329245,0.44071668,-0.20767498,0
-2.2408977,-4.6002388,2.6803658,0.48605025,-0.81733906,0.30937335,0
-4.3788862,2.1263809,1.1841121,-0.48605025,0.81733906,-0.30937335,0
-1.9543872,-0.93007374,4.2138863,0.033394933,0.37111402,0.92798656,0
-1.0581985,-3.881773,2.720377,0.48605025,-0.81733906,0.30937335,0
3.6834345,-1.6072278,1.280056,0.48605025,-0.81733906,0.30937335,0
-5.5555277,0.27800298,1.3045354,-0.87329245,-0.44071668,0.20767498,0
1.2968853,-2.5146601,-2.8126307,-0.033394933,-0.37111402,-0.92798656,0
4.9152622,2.751018,2.4311149,0.87329245,0.44071668,-0.20767498,0
-5.0497313,-2.2128386,-1.8544736,-0.87329245,-0.44071668,0.20767498,0
-0.23447227,-3.6399465,2.065125,0.48605025,-0.81733906,0.30937335,0
-3.4509599,-2.6155953,4.0137959,-0.87329245,-0.44071668,0.20767498,0
1.3604915,1.6093628,3.0790415,0.033394933,0.37111402,0.92798656,0
5.4733853,1.2011455,3.0942848,0.033394933,0.37111402,0.92798656,0
-0.59644437,4.3488555,1.1131904,-0.48605025,0.81733906,-0.30937335,0
-4.6102104,-2.6355875,-0.90338421,-0.87329245,-0.44071668,0.20767498,0
-2.9474282,-5.8487711,-0.73007464,-0.87329245,-0.44071668,0.20767498,0
-3.2433577,2.4246554,0.18812466,-0.48605025,0.81733906,-0.30937335,0
0.61914229,4.1236148,2.1002376,0.033394933,0.37111402,0.92798656,0
-2.9280787,-5.0219355,1.1059558,-0.87329245,-0.44071668,0.20767498,0
3.1995983,1.6408696,-4.542953,-0.033394933,-0.37111402,-0.92798656,0
5.7027407,-0.93208361,-2.073544,0.87329245,0.44071668,-0.20767498,0
4.2359729,2.9023545,-0.10420179,0.87329245,0.44071668,-0.20767498,0
4.1083512,-2.393275,-1.4641948,0.48605025,-0.81733906,0.30937335,0
2.9842186,-3.3323855,-2.1791449,0.48605025,-0.81733906,0.30937335,0
-4.3208208,0.49405956,-3.2195704,-0.48605025,0.81733906,-0.30937335,0
-5.5546579,-0.90746278,-1.2075381,-0.87329245,-0.44071668,0.20767498,0
4.4943333,1.6381539,2.9547517,0.033394933,0.37111402,0.92798656,0
5.3603911,1.2769068,1.174643,0.87329245,0.44071668,-0.20767498,0
0.99582243,3.4602656,-3.7359684,-0.48605025,0.81733906,-0.30937335,0
1.5369823,-3.5049322,-0.36127436,0.48605025,-0.81733906,0.30937335,0
3.939667,3.1428878,-0.83974838,0.87329245,0.44071668,-0.20767498,0
-4.9042983,2.1478903,2.0664034,-0.48605025,0.81733906,-0.30937335,0
0.19969416,-3.0626998,2.9080513,0.48605025,-0.81733906,0.30937335,0
-2.818151,2.4220791,-0.48671508,-0.48605025,0.81733906,-0.30937335,0
-2.0268102,3.919503,2.2260952,-0.48605025,0.81733906,-0.30937335,0
-2.5411716,-1.3726977,-3.1311984,-0.033394933,-0.37111402,-0.92798656,0
-1.4530001,2.7254081,-1.8301048,-0.48605025,0.81733906,-0.30937335,0
4.5793161,2.6119418,0.72328901,0.87329245,0.44071668,-0.20767498,0
5.0349035,1.6038272,2.9490261,0.033394933,0.37111402,0.92798656,0
-4.1630163,1.1868476,-1.6372039,-0.48605025,0.81733906,-0.30937335,0
3.339915,-0.36675215,-3.7451286,-0.033394933,-0.37111402,-0.92798656,0
3.8782201,3.6757393,0.032650471,0.87329245,0.44071668,-0.20767498,0
-2.1892097,2.8286448,-0.4007194,-0.48605025,0.81733906,-0.30937335,0
5.9527001,-1.2159185,-1.2513342,0.48605025,-0.81733906,0.30937335,0
2.5779638,5.4385395,-0.99520159,-0.48605025,0.81733906,-0.30937335,0
-0.53650379,2.8301048,-2.9933949,-0.48605025,0.81733906,-0.30937335,0
-2.5760188,-3.0510175,5.0844493,0.033394933,0.37111402,0.92798656,0
3.1784475,4.1715107,-1.8578591,0.87329245,0.44071668,-0.20767498,0
-0.013207436,3.3357568,-2.4796448,-0.48605025,0.81733906,-0.30937335,0
-4.6057739,0.14054298,3.8811464,0.033394933,0.37111402,0.92798656,0
-0.75955021,-1.8570597,-3.0016098,-0.033394933,-0.37111402,-0.92798656,0
-4.7944388,1.3980465,3.3850436,0.033394933,0.37111402,0.92798656,0
-0.34802675,3.1665661,-2.400604,-0.48605025,0.81733906,-0.30937335,0
5.61588,-1.6997771,-2.0004783,0.48605025,-0.81733906,0.30937335,0
2.7680399,-2.6552722,-0.050633907,0.48605025,-0.81733906,0.30937335,0
4.8736634,-2.4760704,-2.8852987,0.48605025,-0.81733906,0.30937335,0
2.7761788,5.8829222,1.3190439,0.033394933,0.37111402,0.92798656,0
3.0647273,-0.4858942,-3.6875792,-0.033394933,-0.37111402,-0.92798656,0
-3.3560486,-2.1358345,-2.7966857,-0.033394933,-0.37111402,-0.92798656,0
3.5256333,4.6211195,0.5562253,0.87329245,0.44071668,-0.20767498,0
-0.42292976,-1.5332282,4.3999839,0.033394933,0.37111402,0.92798656,0
-4.776546,1.0479374,-1.0402913,-0.48605025,0.81733906,-0.30937335,0
0.37624449,-2.1543198,-2.9236047,-0.033394933,-0.37111402,-0.92798656,0
3.2451127,-1.4614913,2.3537183,0.48605025,-0.81733906,0.30937335,0
5.4802113,-1.0575962,-3.2756577,0.87329245,0.44071668,-0.20767498,0
-5.6680827,0.90084422,-0.028222084,-0.48605025,0.81733906,-0.30937335,0
4.2055821,3.6095133,2.1767707,0.033394933,0.37111402,0.92798656,0
-1.2657886,1.2294693,3.3254762,0.033394933,0.37111402,0.92798656,0
5.3642626,-1.3166809,-3.4380884,-0.033394933,-0.37111402,-0.92798656,0
2.779211,1.63353,3.0183222,0.033394933,0.37111402,0.92798656,0
1.890485,4.9865956,-1.1091168,-0.48605025,0.81733906,-0.30937335,0
4.9922838,0.56126785,-1.8919721,0.87329245,0.44071668,-0.20767498,0
2.7572761,-3.1861401,-2.5966513,-0.033394933,-0.37111402,-0.92798656,0
-0.81315136,-1.9546616,-2.960649,-0.033394933,-0.37111402,-0.92798656,0
-0.82526731,0.75317979,-4.0431137,-0.033394933,-0.37111402,-0.92798656,0
-5.4520841,1.7477891,1.8699837,-0.48605025,0.81733906,-0.30937335,0
-0.82647705,3.7524014,-0.10119182,-0.48605025,0.81733906,-0.30937335,0
-2.9913917,-2.579021,-2.6325722,-0.033394933,-0.37111402,-0.92798656,0
5.3856659,-0.091990709,-1.6240735,0.87329245,0.44071668,-0.20767498,0
6.0321522,-0.089354515,1.1000557,0.87329245,0.44071668,-0.20767498,0
-0.033301353,-3.2582057,2.7575979,0.48605025,-0.81733906,0.30937335,0
0.40971312,2.6916392,2.6804399,0.033394933,0.37111402,0.92798656,0
3.0797606,-1.4390788,2.6727109,0.48605025,-0.81733906,0.30937335,0
-5.1343098,0.92153782,-0.81215286,-0.48605025,0.81733906,-0.30937335,0
2.9477038,1.8155098,-4.6037292,-0.033394933,-0.37111402,-0.92798656,0
-2.7458057,-4.1883383,3.6414473,-0.87329245,-0.44071668,0.20767498,0
4.6361213,1.5382996,-1.3162651,0.87329245,0.44071668,-0.20767498,0
3.5459623,4.9355192,1.3089123,0.87329245,0.44071668,-0.20767498,0
-4.4615045,-3.1229341,-1.3122826,-0.87329245,-0.44071668,0.20767498,0
-2.1082654,-4.4171448,-1.9292634,-0.033394933,-0.37111402,-0.92798656,0
3.8345137,4.1567578,0.86965179,0.87329245,0.44071668,-0.20767498,0
1.5890906,-3.7604594,-2.3249345,-0.033394933,-0.37111402,-0.92798656,0
-2.5191054,-0.80965281,-3.3571618,-0.033394933,-0.37111402,-0.92798656,0
5.9226379,0.27685171,1.416678,0.87329245,0.44071668,-0.20767498,0
1.258822,-2.3585308,3.104435,0.48605025,-0.81733906,0.30937335,0
1.4187598,-1.2303011,4.212563,0.033394933,0.37111402,0.92798656,0
1.7547755,4.3886728,-2.4755692,-0.48605025,0.81733906,-0.30937335,0
4.9187975,1.7840998,0.39403868,0.87329245,0.44071668,-0.20767498,0
-4.3258924,-3.2485328,-1.0085559,-0.87329245,-0.44071668,0.20767498,0
0.82527733,-2.3419602,3.8293462,0.48605025,-0.81733906,0.30937335,0
-1.9420075,-3.5111868,5.0879717,0.48605025,-0.81733906,0.30937335,0
-4.001966,-3.9431,-1.1203911,-0.87329245,-0.44071668,0.20767498,0
3.6896164,2.013104,2.8337631,0.033394933,0.37111402,0.92798656,0
1.8003426,3.3155584,-5.1623287,-0.033394933,-0.37111402,-0.92798656,0
1.0871894,3.5443652,2.3150439,0.033394933,0.37111402,0.92798656,0
-4.0125246,-1.9770854,3.0073791,-0.87329245,-0.44071668,0.20767498,0
-3.7724671,1.8744357,3.1577523,0.033394933,0.37111402,0.92798656,0
3.7054377,3.4256573,-1.2246265,0.87329245,0.44071668,-0.20767498,0
-4.2423296,-0.86755276,4.2712173,0.033394933,0.37111402,0.92798656,0
5.0957608,-1.2681973,-0.043130875,0.48605025,-0.81733906,0.30937335,0
1.536128,4.6419692,-1.4628688,-0.48605025,0.81733906,-0.30937335,0
4.2313004,1.641567,-2.7994232,0.87329245,0.44071668,-0.20767498,0
2.5845032,-1.1376575,4.133563,0.033394933,0.37111402,0.92798656,0
-0.21364975,3.3821361,2.4267342,0.033394933,0.37111402,0.92798656,0
-3.3472166,1.6101639,-1.8005247,-0.48605025,0.81733906,-0.30937335,0
0.2685442,3.359828,-2.8587046,-0.48605025,0.81733906,-0.30937335,0
3.5247397,3.8347847,-1.1162491,0.87329245,0.44071668,-0.20767498,0
5.6654229,-0.67174554,-1.6779923,0.87329245,0.44071668,-0.20767498,0
-3.0185742,-3.6522815,3.6320188,-0.87329245,-0.44071668,0.20767498,0
4.9270086,0.43794155,-2.428175,0.87329245,0.44071668,-0.20767498,0
0.87511301,5.1512499,0.92111737,-0.48605025,0.81733906,-0.30937335,0
0.018476963,-3.5798593,1.8264663,0.48605025,-0.81733906,0.30937335,0
0.010034084,-4.1386747,0.36338633,0.48605025,-0.81733906,0.30937335,0
2.7203341,3.8154869,-4.5398035,0.87329245,0.44071668,-0.20767498,0
4.3660932,2.0370822,-1.3932691,0.87329245,0.44071668,-0.20767498,0
1.2078235,1.1425765,-4.2720022,-0.033394933,-0.37111402,-0.92798656,0
-1.6685712,3.5098886,0.5811069,-0.48605025,0.81733906,-0.30937335,0
-0.81371975,1.7677522,-4.4492702,-0.033394933,-0.37111402,-0.92798656,0
1.3709842,3.4260707,2.3521388,0.033394933,0.37111402,0.92798656,0
-4.2866249,-3.7189963,-1.8418267,-0.87329245,-0.44071668,0.20767498,0
5.9020329,0.93019235,2.716517,0.87329245,0.44071668,-0.20767498,0
-1.76912,3.029202,-0.53085709,-0.48605025,0.81733906,-0.30937335,0
5.0502844,2.0072756,1.4205647,0.87329245,0.44071668,-0.20767498,0
1.784632,0.77485371,-4.1457024,-0.033394933,-0.37111402,-0.92798656,0
-3.675386,2.0098023,-0.2291317,-0.48605025,0.81733906,-0.30937335,0
-5.3544984,-1.8329701,-2.8458881,-0.033394933,-0.37111402,-0.92798656,0
1.624391,3.8400481,2.1774645,0.033394933,0.37111402,0.92798656,0
3.6153817,-2.4717464,-0.89701414,0.48605025,-0.81733906,0.30937335,0
-2.9009182,-4.888432,1.5034809,-0.87329245,-0.44071668,0.20767498,0
2.6662264,1.106545,-4.3100753,-0.033394933,-0.37111402,-0.92798656,0
5.6133161,-1.0605893,-0.30776834,0.48605025,-0.81733906,0.30937335,0
1.8290886,-3.9671855,-2.2508988,-0.033394933,-0.37111402,-0.92798656,0
3.1060483,5.3775554,0.39709854,0.87329245,0.44071668,-0.20767498,0
-2.9744475,-4.5373869,1.9392529,-0.87329245,-0.44071668,0.20767498,0
4.6013498,0.49554205,-3.6753621,0.87329245,0.44071668,-0.20767498,0
4.3004961,0.84168208,3.2802465,0.033394933,0.37111402,0.92798656,0
-0.93286872,3.6281865,-0.26220858,-0.48605025,0.81733906,-0.30937335,0
4.8026052,-0.92728126,1.3181124,0.48605025,-0.81733906,0.30937335,0
-3.3952661,-2.5944431,4.292882,-0.87329245,-0.44071668,0.20767498,0
0.11643291,-0.73813605,-3.4806056,-0.033394933,-0.37111402,-0.92798656,0
2.5845885,6.050786,0.61189556,-0.48605025,0.81733906,-0.30937335,0
-3.2536459,-2.6125553,4.8499727,-0.87329245,-0.44071668,0.20767498,0
-5.9399643,1.5897315,2.4716206,-0.87329245,-0.44071668,0.20767498,0
-4.5616455,-0.45578671,3.9266911,-0.87329245,-0.44071668,0.20767498,0
-2.6797922,3.5254412,2.2109039,-0.48605025,0.81733906,-0.30937335,0
-0.25126934,-0.49771261,-3.5635219,-0.033394933,-0.37111402,-0.92798656,0
-3.6822884,-4.3013964,-0.53647327,-0.87329245,-0.44071668,0.20767498,0
-4.9807634,-0.17831469,2.7530947,-0.87329245,-0.44071668,0.20767498,0
3.0593581,3.1300244,-4.5688248,0.87329245,0.44071668,-0.20767498,0
1.2852116,-1.0904655,-3.3817647,-0.033394933,-0.37111402,-0.92798656,0
-0.75777948,3.6985316,2.3197846,0.033394933,0.37111402,0.92798656,0
3.0908885,1.1695966,3.1926389,0.033394933,0.37111402,0.92798656,0
2.9959123,-1.8748283,-3.1296496,-0.033394933,-0.37111402,-0.92798656,0
2.6452403,4.6014209,-3.1877096,0.87329245,0.44071668,-0.20767498,0
-1.1042466,-3.4341908,-2.3584905,-0.033394933,-0.37111402,-0.92798656,0
3.1038055,1.2662807,-4.3897028,-0.033394933,-0.37111402,-0.92798656,0
-0.8866806,-3.3798256,3.7770133,0.48605025,-0.81733906,0.30937335,0
1.800601,4.8563719,-1.3119426,-0.48605025,0.81733906,-0.30937335,0
5.3847289,1.2494212,1.218657,0.87329245,0.44071668,-0.20767498,0
3.4102647,2.8735187,-3.6375735,0.87329245,0.44071668,-0.20767498,0
-4.8463707,1.4033289,3.3847995,0.033394933,0.37111402,0.92798656,0
-2.9197984,3.2914968,1.9699104,-0.48605025,0.81733906,-0.30937335,0
-5.9908905,0.70915151,0.38875484,-0.87329245,-0.44071668,0.20767498,0
-0.84877419,3.9735465,2.2130768,0.033394933,0.37111402,0.92798656,0
1.6406169,2.1409483,-4.6868391,-0.033394933,-0.37111402,-0.92798656,0
1.2783902,-3.9748306,-1.1964386,0.48605025,-0.81733906,0.30937335,0
-3.6168139,0.359725,-3.7853084,-0.033394933,-0.37111402,-0.92798656,0
5.0481205,-0.012588143,3.3489323,0.48605025,-0.81733906,0.30937335,0
-1.8175702,-3.8774099,3.9249382,0.48605025,-0.81733906,0.30937335,0
3.7005756,4.3652744,0.74893022,0.87329245,0.44071668,-0.20767498,0
5.2036643,1.3913658,0.75849056,0.87329245,0.44071668,-0.20767498,0
4.8566456,1.7407935,0.040782452,0.87329245,0.44071668,-0.20767498,0
-3.3762956,-3.5621667,2.3190064,-0.87329245,-0.44071668,0.20767498,0
2.014719,-1.9292479,3.0509918,0.48605025,-0.81733906,0.30937335,0
3.5143871,3.2498941,-2.401006,0.87329245,0.44071668,-0.20767498,0
1.8773041,-1.6000503,4.1365919,0.48605025,-0.81733906,0.30937335,0
-3.0861375,-4.4524136,1.6499143,-0.87329245,-0.44071668,0.20767498,0
-0.56469011,-1.7804404,-3.0392632,-0.033394933,-0.37111402,-0.92798656,0
-0.50822353,-3.4590971,2.9729986,0.48605025,-0.81733906,0.30937335,0
3.4477403,4.5008059,1.8476031,0.033394933,0.37111402,0.92798656,0
-5.7466321,-0.69414872,-1.5621238,-0.87329245,-0.44071668,0.20767498,0
-3.1126544,-4.0340476,2.4262409,-0.87329245,-0.44071668,0.20767498,0
1.7716587,1.4237833,-4.4047508,-0.033394933,-0.37111402,-0.92798656,0
2.8487449,-1.2933824,3.4205728,0.48605025,-0.81733906,0.30937335,0
3.9460509,2.4986932,-2.1799774,0.87329245,0.44071668,-0.20767498,0
-0.18484259,-1.347564,4.3171663,0.033394933,0.37111402,0.92798656,0
1.243978,-3.8934405,-0.92734945,0.48605025,-0.81733906,0.30937335,0
1.9759741,4.634779,-2.1728966,-0.48605025,0.81733906,-0.30937335,0
0.58406496,0.0094537735,-3.7964051,-0.033394933,-0.37111402,-0.92798656,0
-3.0559316,3.1155174,1.718864,-0.48605025,0.81733906,-0.30937335,0
2.6786275,4.2096148,-3.8787849,0.87329245,0.44071668,-0.20767498,0
-5.333571,-0.99715889,-0.46819639,-0.87329245,-0.44071668,0.20767498,0
-1.8853695,-5.4317112,-0.074879646,0.48605025,-0.81733906,0.30937335,0
5.9659266,-1.4174497,-1.8045425,0.48605025,-0.81733906,0.30937335,0
-0.048823595,0.68892598,-4.0453596,-0.033394933,-0.37111402,-0.92798656,0
1.6639552,0.95299888,-4.2126026,-0.033394933,-0.37111402,-0.92798656,0
5.1561894,-1.5481734,-3.3380237,-0.033394933,-0.37111402,-0.92798656,0
6.0366449,-0.8488512,-0.49281502,0.87329245,0.44071668,-0.20767498,0
-3.2747903,-1.6503739,4.5494595,0.033394933,0.37111402,0.92798656,0
2.21843,2.8933358,-5.008522,-0.033394933,-0.37111402,-0.92798656,0
3.8412132,2.715502,2.54741,0.033394933,0.37111402,0.92798656,0
2.6849511,0.35647988,3.5324233,0.033394933,0.37111402,0.92798656,0
4.9442549,-1.091846,0.66080379,0.48605025,-0.81733906,0.30937335,0
-5.283278,1.5897684,1.1872993,-0.48605025,0.81733906,-0.30937335,0
3.1427467,2.8288562,2.5272131,0.033394933,0.37111402,0.92798656,0
-4.8585892,-1.2906055,0.90640831,-0.87329245,-0.44071668,0.20767498,0
-0.58923483,2.4984267,-3.7868176,-0.48605025,0.81733906,-0.30937335,0
2.8290968,-3.3702979,-2.0355971,0.48605025,-0.81733906,0.30937335,0
5.9434133,0.33223349,2.8533459,0.48605025,-0.81733906,0.30937335,0
-3.9843669,-1.7108512,3.6907675,-0.87329245,-0.44071668,0.20767498,0
-3.5179315,-4.1767907,0.41909361,-0.87329245,-0.44071668,0.20767498,0
0.99482441,0.13587093,3.681469,0.033394933,0.37111402,0.92798656,0
-4.2862911,0.48807049,3.7306681,0.033394933,0.37111402,0.92798656,0
5.478229,1.1900169,1.4857702,0.87329245,0.44071668,-0.20767498,0
-2.6341209,-1.1405129,-3.2207074,-0.033394933,-0.37111402,-0.92798656,0
5.5546513,-0.1686606,2.1408014,0.48605025,-0.81733906,0.30937335,0
-5.4931426,1.4069061,1.0339065,-0.48605025,0.81733906,-0.30937335,0
-3.4560702,-2.8285201,-2.5160723,-0.033394933,-0.37111402,-0.92798656,0
-5.5666261,1.5914912,1.6370134,-0.48605025,0.81733906,-0.30937335,0
1.0109817,-3.886853,-2.2535844,-0.033394933,-0.37111402,-0.92798656,0
3.4174728,-2.486659,-0.62548351,0.48605025,-0.81733906,0.30937335,0
4.7190285,3.0640621,2.2702577,0.87329245,0.44071668,-0.20767498,0
-3.4230967,-3.2645774,2.7537286,-0.87329245,-0.44071668,0.20767498,0
1.7074747,2.6698422,-4.9007568,-0.033394933,-0.37111402,-0.92798656,0
-4.9264979,-1.0804963,1.0667305,-0.87329245,-0.44071668,0.20767498,0
5.1017542,0.55435443,-1.4463105,0.87329245,0.44071668,-0.20767498,0
-3.7580934,-3.816329,-2.1101658,-0.033394933,-0.37111402,-0.92798656,0
5.47087,0.55084455,0.098407269,0.87329245,0.44071668,-0.20767498,0
4.0154619,2.3248081,-2.2571063,0.87329245,0.44071668,-0.20767498,0
-2.2227674,3.6819394,2.3791394,0.033394933,0.37111402,0.92798656,0
2.907001,0.81307125,3.3418355,0.033394933,0.37111402,0.92798656,0
-4.2923036,-0.95872706,-3.2337337,-0.033394933,-0.37111402,-0.92798656,0
2.8797703,4.3592243,-2.7154672,0.87329245,0.44071668,-0.20767498,0
-0.31154203,-1.9016075,4.5432944,0.033394933,0.37111402,0.92798656,0
5.4448924,-1.8041019,-3.2460642,-0.033394933,-0.37111402,-0.92798656,0
-1.7168404,-3.6143231,-2.2644079,-0.033394933,-0.37111402,-0.92798656,0
