-3.3270416,-1.9222293,-2.0568831,-0.63029373,-0.18253708,-0.75459272,0
0.63447207,-5.0031452,-0.20728922,0.23624378,-0.97096807,0.037549734,0
-2.7611279,-3.5644598,-2.1323195,-0.63029373,-0.18253708,-0.75459272,0
-4.3015065,-2.1779318,-1.1810806,-0.63029373,-0.18253708,-0.75459272,0
3.7042308,-4.1316924,3.0135427,0.23624378,-0.97096807,0.037549734,0
1.0153337,-4.8829374,0.504879,0.23624378,-0.97096807,0.037549734,0
-4.3463488,1.4867103,0.78695613,-0.73953962,-0.15460062,0.65511829,0
-2.7654247,4.0138106,-3.9619253,-0.63029373,-0.18253708,-0.75459272,0
2.378953,3.294837,2.5167637,0.63029373,0.18253708,0.75459272,0
-0.90893626,-5.2654309,2.7208266,0.23624378,-0.97096807,0.037549734,0
-2.572376,1.2139354,2.7251587,-0.73953962,-0.15460062,0.65511829,0
0.16417098,-5.2527523,-3.7027881,0.23624378,-0.97096807,0.037549734,0
3.9550743,5.3335228,0.38084507,0.73953962,0.15460062,-0.65511829,0
2.8790424,4.0192337,1.9238179,0.63029373,0.18253708,0.75459272,0
-1.0049809,-5.3490276,1.1634231,0.23624378,-0.97096807,0.037549734,0
0.65325046,-1.9214791,-5.0585632,0.73953962,0.15460062,-0.65511829,0
-2.6042092,-5.209661,1.1733274,-0.73953962,-0.15460062,0.65511829,0
4.5569468,-0.027879477,1.501307,0.63029373,0.18253708,0.75459272,0
1.4802871,-4.6450233,3.7316575,0.23624378,-0.97096807,0.037549734,0
3.6375694,-4.2558312,0.22292805,0.23624378,-0.97096807,0.037549734,0
-2.0023565,4.6789517,0.43026543,-0.23624378,0.97096807,-0.037549734,0
4.1840439,2.1456308,1.287008,0.63029373,0.18253708,0.75459272,0
-1.7773302,1.1014256,3.5961068,-0.73953962,-0.15460062,0.65511829,0
-4.1124458,4.1821489,0.85945225,-0.23624378,0.97096807,-0.037549734,0
1.5426495,-4.7443161,0.77177286,0.23624378,-0.97096807,0.037549734,0
1.8091127,0.14445782,-3.2662146,0.73953962,0.15460062,-0.65511829,0
0.59741163,5.2435536,-1.3265667,-0.23624378,0.97096807,-0.037549734,0
-4.7640572,-2.6615515,-0.66352272,-0.73953962,-0.15460062,0.65511829,0
1.1677855,-4.861239,0.1068058,0.23624378,-0.97096807,0.037549734,0
0.54070425,2.894443,-4.0491095,0.73953962,0.15460062,-0.65511829,0
5.5722265,-0.73512363,0.82435042,0.63029373,0.18253708,0.75459272,0
-4.4377718,-1.8970063,-1.1352177,-0.63029373,-0.18253708,-0.75459272,0
-0.82571077,2.0544736,4.8952641,-0.73953962,-0.15460062,0.65511829,0
3.8261809,-4.1521788,1.7165465,0.23624378,-0.97096807,0.037549734,0
2.2383189,-4.4394221,4.2789974,0.23624378,-0.97096807,0.037549734,0
1.4343996,-0.26955524,4.1679583,0.63029373,0.18253708,0.75459272,0
0.14360762,4.1380768,4.179915,0.63029373,0.18253708,0.75459272,0
-2.6891785,-5.8166933,-0.3334651,0.23624378,-0.97096807,0.037549734,0
3.5967391,-0.30807114,-1.3550189,0.73953962,0.15460062,-0.65511829,0
-2.4101996,-3.9871356,1.680841,-0.73953962,-0.15460062,0.65511829,0
5.2695637,-2.1313248,0.1031059,0.73953962,0.15460062,-0.65511829,0
4.7394013,-3.2774997,-0.76585889,0.73953962,0.15460062,-0.65511829,0
3.1179545,5.9452395,0.95978498,-0.23624378,0.97096807,-0.037549734,0
-1.531548,-2.9671271,-3.3038552,-0.63029373,-0.18253708,-0.75459272,0
1.9408059,-1.9141548,-3.6033597,0.73953962,0.15460062,-0.65511829,0
3.419059,-4.1418471,-2.4603226,0.73953962,0.15460062,-0.65511829,0
-5.157136,1.891413,-1.4507731,-0.63029373,-0.18253708,-0.75459272,0
2.7803941,2.5401247,-1.6044195,0.73953962,0.15460062,-0.65511829,0
4.8919263,-3.9726763,-0.34697247,0.23624378,-0.97096807,0.037549734,0
-3.4501076,0.8803103,1.6555874,-0.73953962,-0.15460062,0.65511829,0
-3.8473649,4.2013502,-0.31178093,-0.23624378,0.97096807,-0.037549734,0
5.1244164,-3.8971395,0.14355469,0.23624378,-0.97096807,0.037549734,0
3.3226848,5.9866695,0.74303007,-0.23624378,0.97096807,-0.037549734,0
-3.0080173,-0.78685522,-2.5980058,-0.63029373,-0.18253708,-0.75459272,0
0.18702745,5.1406097,-1.4065881,-0.23624378,0.97096807,-0.037549734,0
-1.6214256,2.7766726,4.1674409,-0.73953962,-0.15460062,0.65511829,0
-0.82854337,5.0235167,1.9550688,-0.23624378,0.97096807,-0.037549734,0
4.9481525,-3.518605,2.0189536,0.63029373,0.18253708,0.75459272,0
5.1158423,-1.055573,1.2830753,0.63029373,0.18253708,0.75459272,0
2.4186726,4.4575596,2.2023225,0.63029373,0.18253708,0.75459272,0
-3.0554168,4.3554611,-1.3092895,-0.23624378,0.97096807,-0.037549734,0
2.7148907,3.4435055,-1.4651763,0.73953962,0.15460062,-0.65511829,0
-5.8318801,1.7130725,-0.83658767,-0.73953962,-0.15460062,0.65511829,0
1.4045278,-0.84864616,-3.9572968,0.73953962,0.15460062,-0.65511829,0
-5.1491446,2.8011136,-1.6775067,-0.63029373,-0.18253708,-0.75459272,0
2.8026383,5.8297815,-0.041946888,-0.23624378,0.97096807,-0.037549734,0
-2.1445589,-2.3097954,-2.9508307,-0.63029373,-0.18253708,-0.75459272,0
1.5710119,1.0921819,-3.3113456,0.73953962,0.15460062,-0.65511829,0
-2.1999712,4.6366525,0.57977819,-0.23624378,0.97096807,-0.037549734,0
-0.9914341,-4.8970609,3.0677023,-0.73953962,-0.15460062,0.65511829,0
-0.38682795,2.8106992,-5.1159306,0.73953962,0.15460062,-0.65511829,0
-0.55768871,-3.9216185,-3.8864036,-0.63029373,-0.18253708,-0.75459272,0
2.140795,-4.7244468,-2.4776821,0.23624378,-0.97096807,0.037549734,0
-1.7218118,3.806762,-4.7835455,-0.63029373,-0.18253708,-0.75459272,0
3.8459563,3.5391343,-0.16578889,0.73953962,0.15460062,-0.65511829,0
-2.5071352,4.6391282,2.5763221,-0.23624378,0.97096807,-0.037549734,0
-1.5600939,-1.4990841,-3.6351328,-0.63029373,-0.18253708,-0.75459272,0
5.9923897,-2.9460664,1.0082288,0.63029373,0.18253708,0.75459272,0
1.1441865,1.27327,4.0371556,0.63029373,0.18253708,0.75459272,0
0.33098674,5.1896958,3.7690125,0.63029373,0.18253708,0.75459272,0
-1.2753749,-5.3866186,1.8925657,0.23624378,-0.97096807,0.037549734,0
0.19466734,-5.2603874,-4.0921059,0.23624378,-0.97096807,0.037549734,0
-2.0478163,3.6220486,3.885603,-0.73953962,-0.15460062,0.65511829,0
4.9916372,-3.5895495,-0.5547595,0.73953962,0.15460062,-0.65511829,0
2.5217474,-2.9341581,-3.1882648,0.73953962,0.15460062,-0.65511829,0
-1.4083543,-5.5980549,-2.7381637,0.23624378,-0.97096807,0.037549734,0
-0.23072386,-5.1078262,2.5292249,0.23624378,-0.97096807,0.037549734,0
3.4943275,4.9633965,-0.2266202,0.73953962,0.15460062,-0.65511829,0
-2.5716138,0.57615155,-3.2922368,-0.63029373,-0.18253708,-0.75459272,0
3.1600766,-0.8483808,2.8665602,0.63029373,0.18253708,0.75459272,0
-3.0923378,4.4586201,1.5905056,-0.23624378,0.97096807,-0.037549734,0
-2.2371888,4.7023878,2.5137286,-0.23624378,0.97096807,-0.037549734,0
4.4513855,-3.1523888,2.3453023,0.63029373,0.18253708,0.75459272,0
-1.8500769,-2.417299,-3.1707995,-0.63029373,-0.18253708,-0.75459272,0
1.2933004,5.4721813,2.8968809,0.63029373,0.18253708,0.75459272,0
-2.8740683,4.4365802,3.145097,-0.73953962,-0.15460062,0.65511829,0
-0.027894974,-1.0154064,5.0714326,-0.73953962,-0.15460062,0.65511829,0
2.7610846,-4.3906946,2.2500091,0.23624378,-0.97096807,0.037549734,0
-0.54099417,-5.1589842,3.1584506,0.23624378,-0.97096807,0.037549734,0
4.6138639,0.29458141,-0.064602733,0.73953962,0.15460062,-0.65511829,0
-2.9229307,-5.8717299,-0.28593302,0.23624378,-0.97096807,0.037549734,0
-2.3731008,-3.143889,1.9217169,-0.73953962,-0.15460062,0.65511829,0
2.5605118,1.1818047,-2.1731844,0.73953962,0.15460062,-0.65511829,0
-0.23435354,-4.9054193,3.9203711,-0.73953962,-0.15460062,0.65511829,0
0.78812003,5.4369073,2.4733717,-0.23624378,0.97096807,-0.037549734,0
-1.12746,3.2006767,-5.1333809,-0.63029373,-0.18253708,-0.75459272,0
1.1967342,4.5723944,3.1952004,0.63029373,0.18253708,0.75459272,0
-3.8468838,-5.3321991,-0.25840044,-0.73953962,-0.15460062,0.65511829,0
4.0851126,0.40946507,1.7896242,0.63029373,0.18253708,0.75459272,0
2.6537228,-4.3982058,2.7312655,0.23624378,-0.97096807,0.037549734,0
-1.7759914,-0.94552195,-3.5887063,-0.63029373,-0.18253708,-0.75459272,0
1.2513974,5.3679547,-2.2243404,-0.23624378,0.97096807,-0.037549734,0
-2.4201651,-0.53202045,-3.1506696,-0.63029373,-0.18253708,-0.75459272,0
-0.4409951,-5.2087302,1.2429419,0.23624378,-0.97096807,0.037549734,0
-0.38157988,3.4072583,-4.9692249,0.73953962,0.15460062,-0.65511829,0
2.6113405,4.9808145,-1.2192831,0.73953962,0.15460062,-0.65511829,0
-1.9635115,4.627501,-1.1445498,-0.23624378,0.97096807,-0.037549734,0
3.1554878,0.324471,2.5866783,0.63029373,0.18253708,0.75459272,0
-3.8158503,0.91303229,1.2504352,-0.73953962,-0.15460062,0.65511829,0
-0.21894407,3.2975368,4.6860733,0.63029373,0.18253708,0.75459272,0
2.6555843,-4.5611315,-1.4934404,0.23624378,-0.97096807,0.037549734,0
4.2345295,2.7758842,0.092738867,0.73953962,0.15460062,-0.65511829,0
-3.7410064,-4.5988793,0.034175396,-0.73953962,-0.15460062,0.65511829,0
3.3375883,2.7177408,1.8556385,0.63029373,0.18253708,0.75459272,0
-0.038392901,-5.166719,-0.20368433,0.23624378,-0.97096807,0.037549734,0
-3.6988564,3.0512595,-2.9494092,-0.63029373,-0.18253708,-0.75459272,0
-1.7591506,0.23741579,3.4127324,-0.73953962,-0.15460062,0.65511829,0
-6.0741143,3.1613674,-0.76825666,-0.73953962,-0.15460062,0.65511829,0
1.1069431,1.609952,3.98682,0.63029373,0.18253708,0.75459272,0
0.44671202,0.33794987,4.8459945,0.63029373,0.18253708,0.75459272,0
-2.2550507,-5.2280397,1.5631428,-0.73953962,-0.15460062,0.65511829,0
-1.1212034,4.7196193,-4.0619192,-0.23624378,0.97096807,-0.037549734,0
3.1697128,5.9191141,-0.041419029,-0.23624378,0.97096807,-0.037549734,0
0.98535872,-1.7178274,4.8933716,0.63029373,0.18253708,0.75459272,0
-3.1256659,4.471736,2.1393518,-0.23624378,0.97096807,-0.037549734,0
-2.8454909,4.3641148,-2.4062777,-0.23624378,0.97096807,-0.037549734,0
-1.5878968,2.4271975,-4.5616827,-0.63029373,-0.18253708,-0.75459272,0
-0.8091259,2.7722757,5.0833797,-0.73953962,-0.15460062,0.65511829,0
-1.47228,-0.61472648,-3.9224091,-0.63029373,-0.18253708,-0.75459272,0
0.61950618,5.3299236,0.76780653,-0.23624378,0.97096807,-0.037549734,0
1.0544422,-4.6945925,-5.0459957,-0.63029373,-0.18253708,-0.75459272,0
-0.82705474,4.1319427,4.9921699,0.63029373,0.18253708,0.75459272,0
-1.8390652,-5.3016071,2.0153728,-0.73953962,-0.15460062,0.65511829,0
2.4262092,4.9234452,2.0833292,0.63029373,0.18253708,0.75459272,0
1.6083817,-1.2462215,-3.8209968,0.73953962,0.15460062,-0.65511829,0
1.8010831,-2.7330689,-3.9543421,0.73953962,0.15460062,-0.65511829,0
0.62236106,-5.0608273,-1.6226594,0.23624378,-0.97096807,0.037549734,0
-0.86185122,-0.92283177,4.1518564,-0.73953962,-0.15460062,0.65511829,0
1.4272219,2.4623239,-3.1503274,0.73953962,0.15460062,-0.65511829,0
-2.156327,-5.6235991,1.3071766,0.23624378,-0.97096807,0.037549734,0
-2.3556933,4.7208767,3.7373986,-0.23624378,0.97096807,-0.037549734,0
-2.7795444,-5.8110247,0.38168287,0.23624378,-0.97096807,0.037549734,0
-1.5556021,4.7603784,-0.27493334,-0.23624378,0.97096807,-0.037549734,0
-2.316824,3.0204551,-4.0963368,-0.63029373,-0.18253708,-0.75459272,0
-1.9948983,0.66061664,-3.7943859,-0.63029373,-0.18253708,-0.75459272,0
2.5128462,-4.502985,0.90818262,0.23624378,-0.97096807,0.037549734,0
1.9455285,-3.0791354,4.4206662,0.63029373,0.18253708,0.75459272,0
0.33303261,-1.8088665,-5.1414795,-0.63029373,-0.18253708,-0.75459272,0
-1.2377691,4.2759161,-5.3013444,-0.63029373,-0.18253708,-0.75459272,0
1.9509385,2.0315983,3.1798532,0.63029373,0.18253708,0.75459272,0
-3.0808482,2.8729181,-3.4224761,-0.63029373,-0.18253708,-0.75459272,0
-1.4838969,4.8423162,1.3927007,-0.23624378,0.97096807,-0.037549734,0
4.0908909,-4.1289306,0.6522913,0.23624378,-0.97096807,0.037549734,0
4.7289352,1.3419957,1.0262737,0.63029373,0.18253708,0.75459272,0
-2.3555634,-5.7307429,-0.20985937,0.23624378,-0.97096807,0.037549734,0
0.90363216,-2.9252522,5.2537131,0.63029373,0.18253708,0.75459272,0
2.5300431,5.3345947,1.8971407,0.63029373,0.18253708,0.75459272,0
-1.1483922,4.4000597,-5.4060292,-0.63029373,-0.18253708,-0.75459272,0
0.38950825,-5.0719347,-4.399312,-0.63029373,-0.18253708,-0.75459272,0
-0.1674161,0.3890419,-5.2551446,-0.63029373,-0.18253708,-0.75459272,0
-3.1581237,-5.9324732,-1.2278924,-0.63029373,-0.18253708,-0.75459272,0
1.894424,-0.64311838,3.8740764,0.63029373,0.18253708,0.75459272,0
2.5125654,1.6326838,2.8072376,0.63029373,0.18253708,0.75459272,0
0.70818186,1.937108,4.2407565,0.63029373,0.18253708,0.75459272,0
0.28506422,-0.2135365,-5.0711408,0.73953962,0.15460062,-0.65511829,0
1.2476892,-0.021772385,4.2639751,0.63029373,0.18253708,0.75459272,0
-2.5754981,-5.8407073,-1.6696396,0.23624378,-0.97096807,0.037549734,0
2.6825666,3.3023906,-1.5349667,0.73953962,0.15460062,-0.65511829,0
-1.3585563,4.2031837,4.8008251,-0.73953962,-0.15460062,0.65511829,0
-4.5798326,4.0538449,0.48231053,-0.23624378,0.97096807,-0.037549734,0
-0.88465714,2.9583852,5.0420346,-0.73953962,-0.15460062,0.65511829,0
-0.86141729,-0.73167276,-4.4043593,-0.63029373,-0.18253708,-0.75459272,0
-1.2954361,4.2721705,4.8883595,-0.73953962,-0.15460062,0.65511829,0
-1.0003743,1.6932439,-4.8748822,-0.63029373,-0.18253708,-0.75459272,0
1.115119,2.1411276,3.8514991,0.63029373,0.18253708,0.75459272,0
-0.59111738,-0.64022398,4.5241704,-0.73953962,-0.15460062,0.65511829,0
-3.6382368,-1.6933928,-1.8523051,-0.63029373,-0.18253708,-0.75459272,0
0.63825035,-4.8925829,2.6278901,0.23624378,-0.97096807,0.037549734,0
-4.7474251,3.9658608,-0.73839355,-0.23624378,0.97096807,-0.037549734,0
1.2958486,-4.7934093,1.0550647,0.23624378,-0.97096807,0.037549734,0
-2.9311433,0.33993626,2.1139054,-0.73953962,-0.15460062,0.65511829,0
-3.3998952,4.3329363,0.2755518,-0.23624378,0.97096807,-0.037549734,0
-1.5617738,3.215085,4.3382401,-0.73953962,-0.15460062,0.65511829,0
-2.1567202,3.8849862,-4.4391985,-0.63029373,-0.18253708,-0.75459272,0
-0.10330963,1.2187474,-5.1715598,0.73953962,0.15460062,-0.65511829,0
-1.0965421,4.9938936,2.87519,-0.23624378,0.97096807,-0.037549734,0
0.58373928,0.20020676,-4.6363382,0.73953962,0.15460062,-0.65511829,0
2.6729312,4.195714,2.0532868,0.63029373,0.18253708,0.75459272,0
-3.0895293,1.2857563,2.1583121,-0.73953962,-0.15460062,0.65511829,0
2.8194637,-3.3145769,3.7476428,0.63029373,0.18253708,0.75459272,0
-2.722183,4.4591403,-0.72487211,-0.23624378,0.97096807,-0.037549734,0
-0.088770151,5.0729208,-1.421731,-0.23624378,0.97096807,-0.037549734,0
-2.3796415,4.4680562,-2.6494346,-0.23624378,0.97096807,-0.037549734,0
-0.74361205,1.3585269,4.8237071,-0.73953962,-0.15460062,0.65511829,0
-0.25118685,0.75961304,-5.2748141,-0.63029373,-0.18253708,-0.75459272,0
-1.0144951,-5.3653154,0.80209541,0.23624378,-0.97096807,0.037549734,0
1.2776417,2.1103811,-3.4022372,0.73953962,0.15460062,-0.65511829,0
0.36698961,-4.8342204,4.6160083,-0.73953962,-0.15460062,0.65511829,0
3.0244451,0.8243928,-1.733812,0.73953962,0.15460062,-0.65511829,0
-1.8000011,-4.0423651,2.356638,-0.73953962,-0.15460062,0.65511829,0
-1.2601446,4.9663787,3.1930058,-0.23624378,0.97096807,-0.037549734,0
-1.9870051,-1.9507332,2.6391375,-0.73953962,-0.15460062,0.65511829,0
-1.8837671,-3.631233,2.3590996,-0.73953962,-0.15460062,0.65511829,0
0.59720778,5.2679887,-0.69343662,-0.23624378,0.97096807,-0.037549734,0
-0.59667015,-2.6566827,-4.159833,-0.63029373,-0.18253708,-0.75459272,0
-4.5726786,3.0257044,0.89464617,-0.73953962,-0.15460062,0.65511829,0
-3.8453674,4.1127086,-2.6164842,-0.23624378,0.97096807,-0.037549734,0
-1.0897163,-5.4222145,-0.19596386,0.23624378,-0.97096807,0.037549734,0
3.9562058,-4.2084107,-0.55556107,0.23624378,-0.97096807,0.037549734,0
1.5033095,1.8922756,3.58745,0.63029373,0.18253708,0.75459272,0
4.1941404,4.3402729,0.74768734,0.63029373,0.18253708,0.75459272,0
5.3996534,-0.99797869,1.0320811,0.63029373,0.18253708,0.75459272,0
-2.3015189,2.1769559,-3.905077,-0.63029373,-0.18253708,-0.75459272,0
2.9242384,5.9097614,1.2611542,-0.23624378,0.97096807,-0.037549734,0
-1.5378778,-1.1622672,3.3322101,-0.73953962,-0.15460062,0.65511829,0
4.7159877,-2.7107382,2.0174503,0.63029373,0.18253708,0.75459272,0
1.0268447,-5.0773134,-4.5937624,0.23624378,-0.97096807,0.037549734,0
-2.1059651,4.7128806,1.9594691,-0.23624378,0.97096807,-0.037549734,0
1.6231019,-4.877615,-3.1812675,0.23624378,-0.97096807,0.037549734,0
-4.2470689,1.7012222,-2.1649239,-0.63029373,-0.18253708,-0.75459272,0
-4.1435719,4.1239738,-0.44901228,-0.23624378,0.97096807,-0.037549734,0
-3.830575,4.2347064,0.44511414,-0.23624378,0.97096807,-0.037549734,0
-3.8379521,-4.2457824,-1.0680606,-0.63029373,-0.18253708,-0.75459272,0
-0.96004295,-3.206017,3.5022056,-0.73953962,-0.15460062,0.65511829,0
-5.1503124,-0.95447922,-0.69670188,-0.73953962,-0.15460062,0.65511829,0
-2.4968014,-5.8023958,-1.1740799,0.23624378,-0.97096807,0.037549734,0
-4.6162252,1.4732478,0.47912544,-0.73953962,-0.15460062,0.65511829,0
4.6386757,-4.0103955,0.27100682,0.23624378,-0.97096807,0.037549734,0
2.4253907,4.8665504,2.0977755,0.63029373,0.18253708,0.75459272,0
1.793344,1.7602098,3.3771379,0.63029373,0.18253708,0.75459272,0
2.8957257,-0.30805647,2.9566612,0.63029373,0.18253708,0.75459272,0
0.15345216,-4.724184,-4.2862616,-0.63029373,-0.18253708,-0.75459272,0
0.5097208,-4.8603764,4.2693343,0.23624378,-0.97096807,0.037549734,0
0.19836736,-5.2347693,-3.4529371,0.23624378,-0.97096807,0.037549734,0
0.53556871,-5.1399202,-3.1218069,0.23624378,-0.97096807,0.037549734,0
4.1194124,-4.127099,0.52020168,0.23624378,-0.97096807,0.037549734,0
0.47714162,5.0176096,-3.6198196,0.73953962,0.15460062,-0.65511829,0
-0.40088344,-3.4500899,-4.131443,-0.63029373,-0.18253708,-0.75459272,0
-2.969152,-0.59321702,-2.67731,-0.63029373,-0.18253708,-0.75459272,0
0.5555377,-3.6808896,5.1010261,-0.73953962,-0.15460062,0.65511829,0
1.6561725,-4.6806335,1.7042651,0.23624378,-0.97096807,0.037549734,0
-2.5323362,2.072309,-3.6869669,-0.63029373,-0.18253708,-0.75459272,0
-2.4187109,4.6811643,3.1069846,-0.23624378,0.97096807,-0.037549734,0
2.2778623,4.3221798,-1.7511649,0.73953962,0.15460062,-0.65511829,0
-4.0336146,1.422695,-2.2758417,-0.63029373,-0.18253708,-0.75459272,0
1.4554521,5.02039,-2.5147848,0.73953962,0.15460062,-0.65511829,0
-0.032657146,5.2508082,2.8251064,-0.23624378,0.97096807,-0.037549734,0
1.7444763,4.483644,2.7591531,0.63029373,0.18253708,0.75459272,0
0.24795103,-0.15323091,5.1308322,0.63029373,0.18253708,0.75459272,0
-0.50945961,5.0573373,0.82209253,-0.23624378,0.97096807,-0.037549734,0
-2.1717408,4.7075267,2.2348518,-0.23624378,0.97096807,-0.037549734,0
-3.1290722,-3.802588,-1.7673805,-0.63029373,-0.18253708,-0.75459272,0
-1.0764003,-0.08214426,4.1080523,-0.73953962,-0.15460062,0.65511829,0
-1.3488953,-5.4253054,1.3547516,0.23624378,-0.97096807,0.037549734,0
3.5461135,1.5548854,-0.9725312,0.73953962,0.15460062,-0.65511829,0
4.9851632,-3.0521324,1.8751979,0.63029373,0.18253708,0.75459272,0
1.1018901,5.3889031,-0.74202442,-0.23624378,0.97096807,-0.037549734,0
2.1520271,2.3878107,2.9257205,0.63029373,0.18253708,0.75459272,0
-4.4642696,0.16354871,-1.6115355,-0.63029373,-0.18253708,-0.75459272,0
-2.0990922,-5.6069202,1.3783717,0.23624378,-0.97096807,0.037549734,0
-2.733345,-2.5347142,-2.4046233,-0.63029373,-0.18253708,-0.75459272,0
5.2826462,-3.0788746,-0.10573602,0.73953962,0.15460062,-0.65511829,0
-1.9742074,-2.6931067,2.4783924,-0.73953962,-0.15460062,0.65511829,0
0.35783124,4.1360703,4.0014639,0.63029373,0.18253708,0.75459272,0
1.4879214,-3.3635976,-4.4566569,0.73953962,0.15460062,-0.65511829,0
-3.5443542,-2.2580669,-1.7941273,-0.63029373,-0.18253708,-0.75459272,0
-2.8606973,4.4649668,0.29725981,-0.23624378,0.97096807,-0.037549734,0
0.14644337,-2.6057844,4.8929262,-0.73953962,-0.15460062,0.65511829,0
3.8036728,-3.6712487,3.0118346,0.63029373,0.18253708,0.75459272,0
-1.949975,1.4877797,-4.032001,-0.63029373,-0.18253708,-0.75459272,0
1.3310041,-4.884284,-1.5159881,0.23624378,-0.97096807,0.037549734,0
-4.2457294,-1.1988425,-1.4645133,-0.63029373,-0.18253708,-0.75459272,0
0.057158947,-4.983283,3.9384775,0.23624378,-0.97096807,0.037549734,0
-1.2853827,2.1016388,4.3874874,-0.73953962,-0.15460062,0.65511829,0
0.062168121,1.2144415,4.9551706,0.63029373,0.18253708,0.75459272,0
-1.1957428,-1.6525753,3.6027267,-0.73953962,-0.15460062,0.65511829,0
0.35276651,4.5680718,-3.8663087,0.73953962,0.15460062,-0.65511829,0
4.298532,-3.6314447,2.5888624,0.63029373,0.18253708,0.75459272,0
1.6265764,0.51486474,3.8176863,0.63029373,0.18253708,0.75459272,0
1.355631,3.229847,-3.0500169,0.73953962,0.15460062,-0.65511829,0
-2.4627311,-1.3035263,-2.9284868,-0.63029373,-0.18253708,-0.75459272,0
-3.3311334,-3.0368299,0.86549258,-0.73953962,-0.15460062,0.65511829,0
0.93288445,5.4747238,2.5404737,-0.23624378,0.97096807,-0.037549734,0
-3.7156663,0.77215862,1.3302853,-0.73953962,-0.15460062,0.65511829,0
-0.73867369,0.54157341,-4.8148837,-0.63029373,-0.18253708,-0.75459272,0
0.49884796,3.887778,-3.8619447,0.73953962,0.15460062,-0.65511829,0
1.1706487,1.3036668,-3.7133932,0.73953962,0.15460062,-0.65511829,0
1.6341267,5.4549317,2.6163692,0.63029373,0.18253708,0.75459272,0
0.87971115,-4.8773947,1.5014725,0.23624378,-0.97096807,0.037549734,0
3.6448393,-1.4583989,2.6092134,0.63029373,0.18253708,0.75459272,0
3.9988344,3.8694222,1.0247216,0.63029373,0.18253708,0.75459272,0
0.64301598,5.3946161,2.2927291,-0.23624378,0.97096807,-0.037549734,0
1.7648983,1.2323487,-3.059396,0.73953962,0.15460062,-0.65511829,0
5.1800981,-1.3761194,1.3069438,0.63029373,0.18253708,0.75459272,0
-1.2737617,-1.6720502,3.5100584,-0.73953962,-0.15460062,0.65511829,0
0.47863841,-4.2780757,-4.6657958,-0.63029373,-0.18253708,-0.75459272,0
0.73264933,-4.8516726,3.0918393,0.23624378,-0.97096807,0.037549734,0
3.0473652,-4.4099526,-0.049107075,0.23624378,-0.97096807,0.037549734,0
2.0902643,2.3869708,2.9775128,0.63029373,0.18253708,0.75459272,0
5.4255953,-3.1841683,0.030785799,0.73953962,0.15460062,-0.65511829,0
3.0484953,-2.9582245,-2.5993176,0.73953962,0.15460062,-0.65511829,0
2.6968141,-4.5157928,-0.58045006,0.23624378,-0.97096807,0.037549734,0
-3.988358,3.0228992,1.5536021,-0.73953962,-0.15460062,0.65511829,0
-2.5463459,4.6627231,3.4331484,-0.23624378,0.97096807,-0.037549734,0
-2.5531933,-2.8309755,-2.4834335,-0.63029373,-0.18253708,-0.75459272,0
-0.76175034,4.9354601,-0.74215364,-0.23624378,0.97096807,-0.037549734,0
3.134418,2.3971834,-1.2385068,0.73953962,0.15460062,-0.65511829,0
2.5636029,-4.3665376,-3.4790406,0.73953962,0.15460062,-0.65511829,0
4.4209275,1.4704609,1.2524693,0.63029373,0.18253708,0.75459272,0
-1.2017274,1.3406639,-4.621407,-0.63029373,-0.18253708,-0.75459272,0
0.24978769,5.1643515,-1.1875262,-0.23624378,0.97096807,-0.037549734,0
1.8203995,2.332267,-2.7371747,0.73953962,0.15460062,-0.65511829,0
-0.4647429,-2.0834146,4.3262539,-0.73953962,-0.15460062,0.65511829,0
1.4606123,-4.7477198,1.1998878,0.23624378,-0.97096807,0.037549734,0
-1.064528,4.7479672,-3.685472,-0.23624378,0.97096807,-0.037549734,0
-3.6230383,1.031106,1.4959582,-0.73953962,-0.15460062,0.65511829,0
-3.805274,4.2542005,2.0508523,-0.73953962,-0.15460062,0.65511829,0
-0.89808166,5.0290327,2.5352116,-0.23624378,0.97096807,-0.037549734,0
0.96389914,-4.7765098,3.5805149,0.23624378,-0.97096807,0.037549734,0
2.0116005,-4.8213696,-4.1711063,0.23624378,-0.97096807,0.037549734,0
-2.8247347,-0.83726859,1.9562194,-0.73953962,-0.15460062,0.65511829,0
3.9687128,-4.2395477,-1.4394059,0.23624378,-0.97096807,0.037549734,0
0.073598623,5.0996909,-1.7510414,-0.23624378,0.97096807,-0.037549734,0
-1.9196051,4.6809464,-0.038788795,-0.23624378,0.97096807,-0.037549734,0
2.5755441,-0.30498528,-2.5070808,0.73953962,0.15460062,-0.65511829,0
1.9113019,-4.83533,-3.9010763,0.23624378,-0.97096807,0.037549734,0
0.84193695,-4.9326386,0.31062078,0.23624378,-0.97096807,0.037549734,0
0.097052097,2.5837326,-4.6232572,0.73953962,0.15460062,-0.65511829,0
-2.3196507,4.0184135,-4.3353844,-0.63029373,-0.18253708,-0.75459272,0
-1.0787427,5.0122156,3.2369845,-0.23624378,0.97096807,-0.037549734,0
1.5190468,-0.87366366,4.2433901,0.63029373,0.18253708,0.75459272,0
-3.7363749,2.0696936,1.6131113,-0.73953962,-0.15460062,0.65511829,0
4.875895,-0.60308886,0.019354343,0.73953962,0.15460062,-0.65511829,0
-5.4029417,3.7882829,-1.2060685,-0.23624378,0.97096807,-0.037549734,0
-1.4971189,-1.3855147,-3.7152071,-0.63029373,-0.18253708,-0.75459272,0
1.2210274,-2.531328,-4.5615377,0.73953962,0.15460062,-0.65511829,0
1.7409515,-4.5845561,3.6552672,0.23624378,-0.97096807,0.037549734,0
-2.0428162,0.68508506,-3.7602797,-0.63029373,-0.18253708,-0.75459272,0
-2.4560223,3.4414513,3.382175,-0.73953962,-0.15460062,0.65511829,0
0.59527636,-4.3506198,4.9878364,-0.73953962,-0.15460062,0.65511829,0
-4.6108465,3.9870055,-1.0509226,-0.23624378,0.97096807,-0.037549734,0
1.1786611,5.4947877,1.5129685,-0.23624378,0.97096807,-0.037549734,0
2.7436106,1.0163827,2.7633352,0.63029373,0.18253708,0.75459272,0
0.27761459,-0.37238193,-5.1170359,0.73953962,0.15460062,-0.65511829,0
-1.2614212,3.1439447,4.6605091,-0.73953962,-0.15460062,0.65511829,0
-3.7172263,1.3083186,1.4550518,-0.73953962,-0.15460062,0.65511829,0
-1.4039035,4.928822,3.1263146,-0.23624378,0.97096807,-0.037549734,0
-0.8861208,-3.6450934,-3.6789641,-0.63029373,-0.18253708,-0.75459272,0
2.7016556,-4.4241962,1.7576218,0.23624378,-0.97096807,0.037549734,0
-0.58932114,0.64769578,4.830132,-0.73953962,-0.15460062,0.65511829,0
-2.0094473,4.5858316,-1.9330425,-0.23624378,0.97096807,-0.037549734,0
1.1174068,0.83389139,-3.8843579,0.73953962,0.15460062,-0.65511829,0
3.3251858,-4.0457425,3.5020947,0.63029373,0.18253708,0.75459272,0
-4.6914148,4.0404177,0.83711839,-0.23624378,0.97096807,-0.037549734,0
-0.0054118633,5.0172091,-3.3867888,-0.23624378,0.97096807,-0.037549734,0
3.9994364,3.0136418,-0.11654139,0.73953962,0.15460062,-0.65511829,0
-2.3680491,-5.7151585,0.27166319,0.23624378,-0.97096807,0.037549734,0
4.6595001,-1.6483552,-0.47159719,0.73953962,0.15460062,-0.65511829,0
2.5918367,-4.4655209,1.3799696,0.23624378,-0.97096807,0.037549734,0
2.5409358,-4.4485455,2.1391644,0.23624378,-0.97096807,0.037549734,0
-0.29281902,-2.6517477,-4.4148269,-0.63029373,-0.18253708,-0.75459272,0
-1.0124164,4.7057843,-5.1041179,-0.23624378,0.97096807,-0.037549734,0
2.5898561,-4.4088778,2.857111,0.23624378,-0.97096807,0.037549734,0
1.4528016,-1.9744184,-4.1684713,0.73953962,0.15460062,-0.65511829,0
-1.0870948,4.6218786,-5.4790196,0.73953962,0.15460062,-0.65511829,0
0.6776979,-5.1582346,-4.4895906,0.23624378,-0.97096807,0.037549734,0
-1.9071063,-5.5767984,0.94938898,0.23624378,-0.97096807,0.037549734,0
-0.29973221,-3.7397175,4.1216593,-0.73953962,-0.15460062,0.65511829,0
-2.8273315,4.3347511,-3.2798276,-0.23624378,0.97096807,-0.037549734,0
4.246891,2.0658565,1.2538109,0.63029373,0.18253708,0.75459272,0
-5.0868177,1.5075986,-1.4166635,-0.63029373,-0.18253708,-0.75459272,0
-0.081288099,5.2675133,3.5630329,-0.23624378,0.97096807,-0.037549734,0
-2.1470444,-5.6716151,0.0071845055,0.23624378,-0.97096807,0.037549734,0
1.8631675,2.1660349,-2.7281239,0.73953962,0.15460062,-0.65511829,0
-2.0356913,1.422681,3.380265,-0.73953962,-0.15460062,0.65511829,0
-1.1030798,1.5657474,4.4668183,-0.73953962,-0.15460062,0.65511829,0
-2.9374127,-2.3551753,-2.2776012,-0.63029373,-0.18253708,-0.75459272,0
-0.58603954,0.76053786,4.8604665,-0.73953962,-0.15460062,0.65511829,0
1.3595967,0.51442111,4.0407944,0.63029373,0.18253708,0.75459272,0
-4.5489612,0.19755316,0.25400802,-0.73953962,-0.15460062,0.65511829,0
1.3634926,-4.8032084,0.37609148,0.23624378,-0.97096807,0.037549734,0
3.0849535,1.3312917,2.4020422,0.63029373,0.18253708,0.75459272,0
3.0028334,-4.3918219,0.69990969,0.23624378,-0.97096807,0.037549734,0
-5.1462564,2.9418502,0.22736573,-0.73953962,-0.15460062,0.65511829,0
-2.5504155,-3.4876654,1.6404247,-0.73953962,-0.15460062,0.65511829,0
-1.7918446,-2.1561224,-3.282618,-0.63029373,-0.18253708,-0.75459272,0
-3.0294406,4.4708967,2.9778008,-0.73953962,-0.15460062,0.65511829,0
0.083833933,-4.625577,-4.2519636,-0.63029373,-0.18253708,-0.75459272,0
3.583034,3.8910277,1.3668036,0.63029373,0.18253708,0.75459272,0
-2.942317,0.38540351,-2.9364545,-0.63029373,-0.18253708,-0.75459272,0
-1.4734492,-4.7491245,-2.9213159,-0.63029373,-0.18253708,-0.75459272,0
-1.061435,-0.57561445,4.0084925,-0.73953962,-0.15460062,0.65511829,0
-1.0088422,-5.3841143,0.28043938,0.23624378,-0.97096807,0.037549734,0
-0.15616846,0.87068629,5.2206964,0.63029373,0.18253708,0.75459272,0
-4.2447143,-4.2085309,-0.73731327,-0.63029373,-0.18253708,-0.75459272,0
-0.12923136,-5.1825929,-0.042650223,0.23624378,-0.97096807,0.037549734,0
-0.83377457,4.5381532,-5.2128134,0.73953962,0.15460062,-0.65511829,0
2.234534,-4.6852093,-2.0528362,0.23624378,-0.97096807,0.037549734,0
0.17784965,-5.2126808,-2.752677,0.23624378,-0.97096807,0.037549734,0
-3.941927,2.7097888,-2.6637759,-0.63029373,-0.18253708,-0.75459272,0
-4.6409378,-2.6593294,-0.5240128,-0.73953962,-0.15460062,0.65511829,0
-4.4801598,-0.34001017,0.2048167,-0.73953962,-0.15460062,0.65511829,0
3.724247,-4.2234788,0.51418257,0.23624378,-0.97096807,0.037549734,0
0.49745178,-2.4142199,5.3343744,-0.73953962,-0.15460062,0.65511829,0
-2.7453756,-3.7748489,-2.094584,-0.63029373,-0.18253708,-0.75459272,0
-0.86180902,-5.3052874,1.3936939,0.23624378,-0.97096807,0.037549734,0
0.36566877,3.263978,4.2058778,0.63029373,0.18253708,0.75459272,0
5.2915506,0.46098948,0.73968422,0.73953962,0.15460062,-0.65511829,0
4.1369638,-1.161103,2.1262374,0.63029373,0.18253708,0.75459272,0
-2.7169442,3.1966376,-3.8047447,-0.63029373,-0.18253708,-0.75459272,0
-1.1862838,3.6546147,4.8658414,-0.73953962,-0.15460062,0.65511829,0
-1.5316958,-5.5546017,-0.83854151,0.23624378,-0.97096807,0.037549734,0
-1.3107619,4.2212982,-5.2271628,-0.63029373,-0.18253708,-0.75459272,0
3.7984324,5.82549,0.71893692,0.63029373,0.18253708,0.75459272,0
-0.038178146,-5.1451869,0.35174179,0.23624378,-0.97096807,0.037549734,0
-0.95947528,-3.3823006,-3.6812625,-0.63029373,-0.18253708,-0.75459272,0
-4.7163587,3.8206935,-2.2856405,-0.63029373,-0.18253708,-0.75459272,0
3.6992986,5.9951935,0.24825621,0.73953962,0.15460062,-0.65511829,0
2.7420397,-1.6869221,-2.645251,0.73953962,0.15460062,-0.65511829,0
-2.5159388,0.71699554,-3.3728106,-0.63029373,-0.18253708,-0.75459272,0
-0.47969282,5.1384211,2.7315061,-0.23624378,0.97096807,-0.037549734,0
0.0050294399,5.2064514,1.4410095,-0.23624378,0.97096807,-0.037549734,0
0.39875722,0.69056177,-4.7294397,0.73953962,0.15460062,-0.65511829,0
-0.91955805,-5.416234,-1.1118579,0.23624378,-0.97096807,0.037549734,0
1.0953016,-3.0100515,-4.8164387,0.73953962,0.15460062,-0.65511829,0
-1.4498072,-0.18488906,-4.0451584,-0.63029373,-0.18253708,-0.75459272,0
-1.7488325,-3.0890024,2.6393831,-0.73953962,-0.15460062,0.65511829,0
-1.7275124,-2.5804431,2.7834654,-0.73953962,-0.15460062,0.65511829,0
-4.6286001,4.0031543,-0.52164316,-0.23624378,0.97096807,-0.037549734,0
-2.0536747,-2.6096344,2.4083829,-0.73953962,-0.15460062,0.65511829,0
3.6907659,-4.149333,2.6421189,0.23624378,-0.97096807,0.037549734,0
2.2323191,2.4530849,-2.2436614,0.73953962,0.15460062,-0.65511829,0
1.7277925,1.5111911,3.4921293,0.63029373,0.18253708,0.75459272,0
1.7239742,-0.52106386,3.9869239,0.63029373,0.18253708,0.75459272,0
0.71139395,-5.0616322,-2.2036176,0.23624378,-0.97096807,0.037549734,0
2.4180379,1.6254599,-2.2293208,0.73953962,0.15460062,-0.65511829,0
4.0267162,-3.3591452,2.7500336,0.63029373,0.18253708,0.75459272,0
-1.6856604,-0.27115965,3.3756752,-0.73953962,-0.15460062,0.65511829,0
4.3730946,-0.77807426,-0.58953333,0.73953962,0.15460062,-0.65511829,0
2.1934011,3.9015765,2.5249796,0.63029373,0.18253708,0.75459272,0
2.9710641,4.5206132,-0.92180538,0.73953962,0.15460062,-0.65511829,0
1.5571452,-1.2959397,-3.8905685,0.73953962,0.15460062,-0.65511829,0
-2.8152652,-5.8192072,0.39479733,0.23624378,-0.97096807,0.037549734,0
2.4606178,2.4051661,2.663764,0.63029373,0.18253708,0.75459272,0
-1.6789412,4.6826305,-1.5093694,-0.23624378,0.97096807,-0.037549734,0
1.0511856,-4.719276,4.5113235,0.23624378,-0.97096807,0.037549734,0
4.3119206,-4.0225983,2.0112486,0.23624378,-0.97096807,0.037549734,0
-1.698038,1.1938301,3.7074232,-0.73953962,-0.15460062,0.65511829,0
0.44830966,4.0816164,3.9390619,0.63029373,0.18253708,0.75459272,0
5.3110666,-0.83610988,1.066919,0.63029373,0.18253708,0.75459272,0
0.12500593,-5.1444373,-0.65555286,0.23624378,-0.97096807,0.037549734,0
-3.272522,-2.7960787,-1.8910367,-0.63029373,-0.18253708,-0.75459272,0
-1.5727978,-4.3044891,-2.9458899,-0.63029373,-0.18253708,-0.75459272,0
0.63843012,1.0149194,4.5220971,0.63029373,0.18253708,0.75459272,0
-2.3382235,-3.2304411,1.9406629,-0.73953962,-0.15460062,0.65511829,0
1.3022761,-4.8891654,-1.4614706,0.23624378,-0.97096807,0.037549734,0
2.5879936,-4.4908109,0.75018597,0.23624378,-0.97096807,0.037549734,0
2.5220661,-4.4027939,3.4409328,0.23624378,-0.97096807,0.037549734,0
0.28984368,5.2324777,0.32209063,-0.23624378,0.97096807,-0.037549734,0
0.58453512,-0.27498102,4.8791432,0.63029373,0.18253708,0.75459272,0
-0.61967897,-4.0189753,3.6945815,-0.73953962,-0.15460062,0.65511829,0
-3.6730986,2.689569,1.8308253,-0.73953962,-0.15460062,0.65511829,0
4.6589394,-0.66176271,-0.23940659,0.73953962,0.15460062,-0.65511829,0
1.687124,-4.8501444,-2.8737206,0.23624378,-0.97096807,0.037549734,0
-4.8795838,3.8816915,-2.0833912,-0.23624378,0.97096807,-0.037549734,0
2.0175374,-0.85468626,-3.2667179,0.73953962,0.15460062,-0.65511829,0
-1.0569166,4.9781737,2.2193861,-0.23624378,0.97096807,-0.037549734,0
1.3436513,-4.6882734,3.4729233,0.23624378,-0.97096807,0.037549734,0
2.2484522,-3.2653561,4.2126884,0.63029373,0.18253708,0.75459272,0
5.4527359,-3.6061752,1.6186695,0.63029373,0.18253708,0.75459272,0
0.31153262,-5.1871958,-2.9347463,0.23624378,-0.97096807,0.037549734,0
3.6219954,4.6063905,-0.16675043,0.73953962,0.15460062,-0.65511829,0
2.6268508,-4.63095,-3.1180372,0.23624378,-0.97096807,0.037549734,0
-2.6205888,2.123898,-3.6257312,-0.63029373,-0.18253708,-0.75459272,0
-4.0172215,1.8944621,1.2547214,-0.73953962,-0.15460062,0.65511829,0
4.449955,0.54987574,1.4509147,0.63029373,0.18253708,0.75459272,0
-5.5175076,0.7221961,-0.71553969,-0.73953962,-0.15460062,0.65511829,0
3.1410947,4.6164126,-0.70725632,0.73953962,0.15460062,-0.65511829,0
4.3690033,2.1931031,1.1210321,0.63029373,0.18253708,0.75459272,0
2.6310549,3.4119513,2.277859,0.63029373,0.18253708,0.75459272,0
-0.7099123,1.3666818,4.8636737,-0.73953962,-0.15460062,0.65511829,0
-5.1237383,1.3903339,-0.11335492,-0.73953962,-0.15460062,0.65511829,0
1.2402649,-4.8588924,-0.28852367,0.23624378,-0.97096807,0.037549734,0
1.5905263,4.0038333,3.0038109,0.63029373,0.18253708,0.75459272,0
1.6591282,0.49720582,3.7947674,0.63029373,0.18253708,0.75459272,0
1.9963386,1.9115195,-2.6378546,0.73953962,0.15460062,-0.65511829,0
-4.4609857,0.31004047,0.37986612,-0.73953962,-0.15460062,0.65511829,0
0.36136937,3.5128644,-4.1056147,0.73953962,0.15460062,-0.65511829,0
1.292083,4.9920268,3.0140483,0.63029373,0.18253708,0.75459272,0
-1.648433,-2.3193226,2.9343565,-0.73953962,-0.15460062,0.65511829,0
3.9490457,-0.42942834,-0.98595119,0.73953962,0.15460062,-0.65511829,0
-1.8525527,-3.1273477,-2.9969692,-0.63029373,-0.18253708,-0.75459272,0
-2.8894696,4.4817777,0.91296983,-0.23624378,0.97096807,-0.037549734,0
-2.7458115,-2.6506329,-2.3661692,-0.63029373,-0.18253708,-0.75459272,0
-1.3149836,-5.3753891,2.4321361,0.23624378,-0.97096807,0.037549734,0
0.45902801,5.3437023,2.1337457,-0.23624378,0.97096807,-0.037549734,0
3.3757641,-4.285284,1.1084747,0.23624378,-0.97096807,0.037549734,0
5.9182587,-2.4332304,0.94609237,0.63029373,0.18253708,0.75459272,0
-3.8814116,0.70268798,1.1267867,-0.73953962,-0.15460062,0.65511829,0
-3.8495669,-5.4618907,-0.29203558,-0.73953962,-0.15460062,0.65511829,0
0.47400379,-1.5952562,-5.1839242,0.73953962,0.15460062,-0.65511829,0
1.0252643,3.5982206,-3.3360236,0.73953962,0.15460062,-0.65511829,0
-0.1396966,-1.110841,4.9227028,-0.73953962,-0.15460062,0.65511829,0
1.5217875,-4.9629936,-4.7515984,0.23624378,-0.97096807,0.037549734,0
1.7373977,0.57638204,3.710238,0.63029373,0.18253708,0.75459272,0
-4.7140284,0.31539392,0.095478021,-0.73953962,-0.15460062,0.65511829,0
-4.1386433,4.1521869,0.24950671,-0.23624378,0.97096807,-0.037549734,0
-1.6383505,4.8833885,3.4264965,-0.23624378,0.97096807,-0.037549734,0
-2.8989854,0.090312719,2.0912993,-0.73953962,-0.15460062,0.65511829,0
0.98377848,0.33487558,-4.1529679,0.73953962,0.15460062,-0.65511829,0
3.1287496,0.83158422,-1.6143694,0.73953962,0.15460062,-0.65511829,0
4.2088747,-2.47486,-1.1753374,0.73953962,0.15460062,-0.65511829,0
3.0287619,-2.0680308,-2.4115181,0.73953962,0.15460062,-0.65511829,0
2.7054765,-4.5475879,-1.4571187,0.23624378,-0.97096807,0.037549734,0
-4.5818987,4.0072618,-0.70924997,-0.23624378,0.97096807,-0.037549734,0
-1.0420623,1.4604955,-4.7837591,-0.63029373,-0.18253708,-0.75459272,0
0.53881812,-1.1730819,-5.0111294,0.73953962,0.15460062,-0.65511829,0
0.25824118,5.307848,2.4698572,-0.23624378,0.97096807,-0.037549734,0
-1.1709449,-4.3689027,-3.2659667,-0.63029373,-0.18253708,-0.75459272,0
-2.7899427,3.5225761,-3.8226156,-0.63029373,-0.18253708,-0.75459272,0
0.48491892,5.2577505,-0.25170374,-0.23624378,0.97096807,-0.037549734,0
-4.0666099,0.53602862,0.87839359,-0.73953962,-0.15460062,0.65511829,0
-3.9555798,-4.2865329,-0.95995188,-0.63029373,-0.18253708,-0.75459272,0
0.11439729,-5.0766854,1.1631379,0.23624378,-0.97096807,0.037549734,0
4.6108966,1.6297417,1.0552624,0.63029373,0.18253708,0.75459272,0
-0.35075605,5.1685281,2.6988096,-0.23624378,0.97096807,-0.037549734,0
-3.7643194,4.1620007,-1.8517909,-0.23624378,0.97096807,-0.037549734,0
-2.956387,1.8118436,-3.2697604,-0.63029373,-0.18253708,-0.75459272,0
1.0052104,-2.9275303,5.1694183,0.63029373,0.18253708,0.75459272,0
-0.078136444,0.51113367,5.2424951,0.63029373,0.18253708,0.75459272,0
-3.7592263,3.0655174,-2.9024327,-0.63029373,-0.18253708,-0.75459272,0
1.5879908,1.5263972,-3.1897082,0.73953962,0.15460062,-0.65511829,0
-1.0138482,-5.4716115,-1.9506063,0.23624378,-0.97096807,0.037549734,0
4.1888752,-4.1745868,-1.1447761,0.23624378,-0.97096807,0.037549734,0
0.65370655,-3.5711207,5.2377491,-0.73953962,-0.15460062,0.65511829,0
2.2144251,-4.6501622,-1.0200615,0.23624378,-0.97096807,0.037549734,0
2.3868084,-3.15962,-3.3937991,0.73953962,0.15460062,-0.65511829,0
-1.6180201,0.64102453,-4.104444,-0.63029373,-0.18253708,-0.75459272,0
-1.1180478,4.897378,0.51475906,-0.23624378,0.97096807,-0.037549734,0
-2.4196053,4.5152683,-1.1771641,-0.23624378,0.97096807,-0.037549734,0
-3.6128089,-5.0035086,-1.0728226,-0.63029373,-0.18253708,-0.75459272,0
-2.6316195,1.9874675,2.8408263,-0.73953962,-0.15460062,0.65511829,0
0.28452277,-5.0589848,0.55050755,0.23624378,-0.97096807,0.037549734,0
-0.48653507,4.8501816,-4.6788311,-0.23624378,0.97096807,-0.037549734,0
-3.5532966,-5.5774884,0.015133858,-0.73953962,-0.15460062,0.65511829,0
2.4834266,1.2401838,-2.2464266,0.73953962,0.15460062,-0.65511829,0
-1.2512696,4.7404499,-2.7049623,-0.23624378,0.97096807,-0.037549734,0
-3.3834715,-0.28283906,1.4563206,-0.73953962,-0.15460062,0.65511829,0
2.5568728,5.4668775,-1.1660638,0.73953962,0.15460062,-0.65511829,0
-0.084948778,5.2446523,2.9949245,-0.23624378,0.97096807,-0.037549734,0
2.5894275,1.4099222,2.7969227,0.63029373,0.18253708,0.75459272,0
-4.6020842,4.055656,0.66912127,-0.23624378,0.97096807,-0.037549734,0
-2.9899614,-0.65384841,1.8129864,-0.73953962,-0.15460062,0.65511829,0
-4.7875772,-2.5372024,-0.688169,-0.63029373,-0.18253708,-0.75459272,0
3.3319516,-1.5809209,-1.9543058,0.73953962,0.15460062,-0.65511829,0
4.2991285,3.7859178,0.79409289,0.63029373,0.18253708,0.75459272,0
-0.82184982,-5.4313478,-2.117415,0.23624378,-0.97096807,0.037549734,0
1.0568789,-5.0391951,-3.797049,0.23624378,-0.97096807,0.037549734,0
-0.84523892,4.9221497,-0.56106853,-0.23624378,0.97096807,-0.037549734,0
-3.5439153,-0.6112082,-2.1928718,-0.63029373,-0.18253708,-0.75459272,0
1.9162073,5.4359069,-1.8965979,0.73953962,0.15460062,-0.65511829,0
-0.83071816,5.038331,2.3518231,-0.23624378,0.97096807,-0.037549734,0
-3.5343201,-3.2268085,-1.5681686,-0.63029373,-0.18253708,-0.75459272,0
2.5107751,5.8296113,1.7899108,-0.23624378,0.97096807,-0.037549734,0
1.4497628,-4.6805687,3.0045586,0.23624378,-0.97096807,0.037549734,0
-0.0056920052,-5.086854,1.6557426,0.23624378,-0.97096807,0.037549734,0
3.319916,2.3776047,-1.0337248,0.73953962,0.15460062,-0.65511829,0
1.5604532,-4.7257562,1.1396847,0.23624378,-0.97096807,0.037549734,0
6.0634122,-3.0946124,0.77192855,0.73953962,0.15460062,-0.65511829,0
-0.7344923,-5.3111992,0.43981218,0.23624378,-0.97096807,0.037549734,0
-1.4779272,4.6187639,-4.4255438,-0.23624378,0.97096807,-0.037549734,0
-3.7131982,-2.2325201,0.6240015,-0.73953962,-0.15460062,0.65511829,0
