-3.5346804,-0.94852209,-3.6148767,-0.93368614,-0.23495698,-0.27023292,0
-0.12308979,4.1526561,2.7570527,-0.32227463,0.22236502,0.92015934,0
-4.8097057,-1.8017534,1.5323415,-0.93368614,-0.23495698,-0.27023292,0
-4.5009198,-3.4089134,1.8628147,-0.93368614,-0.23495698,-0.27023292,0
4.240088,3.947273,-1.4296932,0.93368614,0.23495698,0.27023292,0
-1.7321694,-4.604579,-2.0702381,0.15610766,-0.94622904,0.28333962,0
-0.17016077,-4.542521,-2.7235882,0.15610766,-0.94622904,0.28333962,0
2.9445012,4.2971916,2.7424755,0.93368614,0.23495698,0.27023292,0
-2.4584742,-3.5167325,1.9628488,0.15610766,-0.94622904,0.28333962,0
-2.4832695,-3.4630008,2.1559498,0.15610766,-0.94622904,0.28333962,0
-4.2587652,-2.1621184,-0.057899952,-0.93368614,-0.23495698,-0.27023292,0
2.1427836,1.9452202,-3.5232861,0.32227463,-0.22236502,-0.92015934,0
-2.7295108,3.3564394,2.0365984,-0.32227463,0.22236502,0.92015934,0
-0.68723172,-0.3094492,-3.969604,0.32227463,-0.22236502,-0.92015934,0
-0.76991105,0.35689449,-4.1595893,0.32227463,-0.22236502,-0.92015934,0
-4.6021118,1.7837479,-2.3023758,-0.93368614,-0.23495698,-0.27023292,0
-0.10689592,-3.087307,2.1013255,0.15610766,-0.94622904,0.28333962,0
-4.1209683,-2.3603113,-0.36168289,-0.93368614,-0.23495698,-0.27023292,0
-4.3033371,1.6594524,-3.2266088,-0.93368614,-0.23495698,-0.27023292,0
-3.7088084,0.62803793,-4.3840013,-0.93368614,-0.23495698,-0.27023292,0
2.0683241,-1.9140124,4.8211598,0.15610766,-0.94622904,0.28333962,0
3.3081517,-1.6440721,5.0395513,0.15610766,-0.94622904,0.28333962,0
-2.9901419,-2.5772939,-4.0801673,-0.93368614,-0.23495698,-0.27023292,0
-4.3352895,1.1432855,-2.6674237,-0.93368614,-0.23495698,-0.27023292,0
3.8695092,1.2344415,2.2094064,0.93368614,0.23495698,0.27023292,0
0.25876665,3.7545192,2.9870067,-0.32227463,0.22236502,0.92015934,0
-1.5868149,-1.8716369,3.7002254,-0.32227463,0.22236502,0.92015934,0
-1.7136722,-4.2362094,-3.3801651,0.32227463,-0.22236502,-0.92015934,0
5.286386,-1.3889828,-0.40510368,0.93368614,0.23495698,0.27023292,0
-2.9943373,3.5305815,1.0876546,-0.15610766,0.94622904,-0.28333962,0
-4.0453081,0.51695395,-3.1247711,-0.93368614,-0.23495698,-0.27023292,0
-1.8672059,2.2436697,-3.831058,-0.15610766,0.94622904,-0.28333962,0
-4.7427511,-2.2167516,1.6618321,-0.93368614,-0.23495698,-0.27023292,0
5.5693235,-1.2614511,-1.4935708,0.93368614,0.23495698,0.27023292,0
-4.7745342,2.2210896,-2.0868912,-0.93368614,-0.23495698,-0.27023292,0
-4.4105287,-1.4291654,-0.17081356,-0.93368614,-0.23495698,-0.27023292,0
4.3409767,0.18102586,1.496335,0.93368614,0.23495698,0.27023292,0
0.49877214,-4.0687494,-1.5099527,0.15610766,-0.94622904,0.28333962,0
-4.0295439,1.8907019,1.9354858,-0.32227463,0.22236502,0.92015934,0
-2.2245402,-2.6097879,-3.9521298,0.32227463,-0.22236502,-0.92015934,0
-0.95046997,0.98962331,-4.3757324,0.32227463,-0.22236502,-0.92015934,0
-4.085454,-1.1491389,-1.537457,-0.93368614,-0.23495698,-0.27023292,0
-3.2451987,-1.7390093,3.0873458,-0.32227463,0.22236502,0.92015934,0
4.4215403,2.8597128,-2.9461741,0.32227463,-0.22236502,-0.92015934,0
2.9941235,-0.13801241,4.8856974,-0.32227463,0.22236502,0.92015934,0
1.7419767,-3.8073609,-1.3219819,0.15610766,-0.94622904,0.28333962,0
-3.8153811,0.54557705,-3.9440846,-0.93368614,-0.23495698,-0.27023292,0
-0.20422482,-2.0488262,-3.3801003,0.32227463,-0.22236502,-0.92015934,0
1.2766732,1.3302701,-3.6780229,0.32227463,-0.22236502,-0.92015934,0
-2.9298408,-3.287559,2.9878883,0.15610766,-0.94622904,0.28333962,0
-1.7348415,-2.5536046,3.8131845,-0.32227463,0.22236502,0.92015934,0
-5.2649932,0.90682256,0.75041008,-0.93368614,-0.23495698,-0.27023292,0
4.2502985,-1.1465938,2.9639535,0.93368614,0.23495698,0.27023292,0
3.4353199,2.6689365,2.4623437,0.93368614,0.23495698,0.27023292,0
-3.9837856,-2.7832797,-0.46791172,-0.93368614,-0.23495698,-0.27023292,0
-4.2998371,-2.3831995,0.27623129,-0.93368614,-0.23495698,-0.27023292,0
3.7614334,-2.8391542,0.79876804,0.15610766,-0.94622904,0.28333962,0
-0.63450599,3.1800599,-1.383092,-0.15610766,0.94622904,-0.28333962,0
-4.0997357,-3.8005736,0.81720901,-0.93368614,-0.23495698,-0.27023292,0
-0.13304582,-0.018591404,3.7615855,-0.32227463,0.22236502,0.92015934,0
-4.4116125,-0.50524998,-0.97038078,-0.93368614,-0.23495698,-0.27023292,0
1.8179371,1.482944,4.0820341,-0.32227463,0.22236502,0.92015934,0
2.3606632,3.0438361,-3.4882238,-0.15610766,0.94622904,-0.28333962,0
-2.8640962,-3.5313549,-3.6861484,-0.93368614,-0.23495698,-0.27023292,0
1.3618708,1.791337,3.8477764,-0.32227463,0.22236502,0.92015934,0
0.75173354,2.7407227,-3.6140397,-0.15610766,0.94622904,-0.28333962,0
1.8170435,3.2273126,3.6601787,-0.32227463,0.22236502,0.92015934,0
-1.1031711,-3.5102429,1.2378099,0.15610766,-0.94622904,0.28333962,0
-0.91176027,0.25786066,-4.185338,0.32227463,-0.22236502,-0.92015934,0
3.2189245,1.7027802,4.0500526,0.93368614,0.23495698,0.27023292,0
0.50246191,-3.9409032,-2.6753542,0.32227463,-0.22236502,-0.92015934,0
3.1641774,-2.1569014,3.4062524,0.15610766,-0.94622904,0.28333962,0
2.1566322,2.2854242,4.006731,-0.32227463,0.22236502,0.92015934,0
-4.3328829,-2.2969694,0.31543446,-0.93368614,-0.23495698,-0.27023292,0
-3.3962452,-3.661937,1.9946001,0.15610766,-0.94622904,0.28333962,0
-1.8640947,-4.1067882,-0.33515167,0.15610766,-0.94622904,0.28333962,0
-0.34674263,-3.1564064,2.0027087,0.15610766,-0.94622904,0.28333962,0
-4.6486149,-2.0854166,2.6795285,-0.32227463,0.22236502,0.92015934,0
-2.7896228,1.2563498,2.5230503,-0.32227463,0.22236502,0.92015934,0
1.7414131,0.61092854,4.2659626,-0.32227463,0.22236502,0.92015934,0
2.7645695,-2.7824454,1.5373781,0.15610766,-0.94622904,0.28333962,0
-0.41505885,-2.6967788,3.5753,0.15610766,-0.94622904,0.28333962,0
-5.453486,1.7417283,0.67575455,-0.93368614,-0.23495698,-0.27023292,0
-4.8515415,1.4056133,-1.1117954,-0.93368614,-0.23495698,-0.27023292,0
-2.1172178,2.7476764,2.3981597,-0.32227463,0.22236502,0.92015934,0
1.1480794,4.7751093,3.0518432,-0.32227463,0.22236502,0.92015934,0
-4.3761411,-0.17321372,-1.3816309,-0.93368614,-0.23495698,-0.27023292,0
4.7802372,-0.039252162,0.17016029,0.93368614,0.23495698,0.27023292,0
-0.019095421,3.1353161,3.0393248,-0.32227463,0.22236502,0.92015934,0
-3.283222,3.2351823,1.8719707,-0.32227463,0.22236502,0.92015934,0
3.939579,-2.6230206,-1.7900236,0.32227463,-0.22236502,-0.92015934,0
3.2744794,4.3757763,1.5340326,0.93368614,0.23495698,0.27023292,0
3.4019446,3.437614,-2.7468796,-0.15610766,0.94622904,-0.28333962,0
4.791913,3.331944,-2.8013077,0.93368614,0.23495698,0.27023292,0
-1.2536833,-2.499599,-3.6387269,0.32227463,-0.22236502,-0.92015934,0
-1.5163552,-0.71353769,-4.1623425,0.32227463,-0.22236502,-0.92015934,0
-4.559351,0.27536583,-1.1386414,-0.93368614,-0.23495698,-0.27023292,0
-3.5575171,-1.0584462,2.8134961,-0.32227463,0.22236502,0.92015934,0
-4.4002719,1.5216292,-2.7718573,-0.93368614,-0.23495698,-0.27023292,0
4.6485481,-1.0677428,1.5193958,0.93368614,0.23495698,0.27023292,0
-2.7790177,1.3305731,2.5088277,-0.32227463,0.22236502,0.92015934,0
-2.0616708,3.2921455,-0.22247124,-0.15610766,0.94622904,-0.28333962,0
-0.85161257,3.1812077,-1.2596442,-0.15610766,0.94622904,-0.28333962,0
-1.4841816,2.9352255,2.5745499,-0.32227463,0.22236502,0.92015934,0
-1.7117977,-1.4643683,-4.0493493,0.32227463,-0.22236502,-0.92015934,0
-0.93352723,2.6106055,2.8458576,-0.32227463,0.22236502,0.92015934,0
-4.6878481,-2.6147492,1.8181794,-0.93368614,-0.23495698,-0.27023292,0
-0.2563163,-1.8851094,4.1694727,-0.32227463,0.22236502,0.92015934,0
-4.7054052,0.38038492,-0.72531557,-0.93368614,-0.23495698,-0.27023292,0
-1.7371306,1.4401875,2.8472469,-0.32227463,0.22236502,0.92015934,0
3.9432266,-1.7905388,-1.9899225,0.32227463,-0.22236502,-0.92015934,0
4.7037883,-1.6576329,1.8414211,0.93368614,0.23495698,0.27023292,0
-4.9407263,-1.9999385,2.1573474,-0.93368614,-0.23495698,-0.27023292,0
-3.6148572,2.436933,-2.2227674,-0.15610766,0.94622904,-0.28333962,0
1.7597269,1.6378231,-3.5831618,0.32227463,-0.22236502,-0.92015934,0
3.3984218,3.4322827,-2.762743,-0.15610766,0.94622904,-0.28333962,0
1.645914,3.2369924,-2.4493728,-0.15610766,0.94622904,-0.28333962,0
-4.0003653,-3.4837229,0.19838238,-0.93368614,-0.23495698,-0.27023292,0
2.3400495,4.5950556,1.7035186,-0.15610766,0.94622904,-0.28333962,0
-1.1120406,1.9614017,-4.6671596,0.32227463,-0.22236502,-0.92015934,0
-4.6968451,-1.7198448,2.5742929,-0.32227463,0.22236502,0.92015934,0
5.1869631,-1.5814002,-1.6048594,0.32227463,-0.22236502,-0.92015934,0
2.9559953,-3.4225609,-0.70579004,0.15610766,-0.94622904,0.28333962,0
-2.3594275,1.6746728,-5.0347509,0.32227463,-0.22236502,-0.92015934,0
-0.51956946,-0.30971098,-3.9108188,0.32227463,-0.22236502,-0.92015934,0
-2.1810608,3.7275023,1.2972052,-0.15610766,0.94622904,-0.28333962,0
0.46779108,-2.3470707,4.2567601,0.15610766,-0.94622904,0.28333962,0
-0.33673382,-2.6644788,3.6400146,0.15610766,-0.94622904,0.28333962,0
-2.2894399,2.670557,-2.1728117,-0.15610766,0.94622904,-0.28333962,0
-3.6872497,-1.6074426,-2.5148239,-0.93368614,-0.23495698,-0.27023292,0
-3.6878638,1.6817284,-4.7045922,-0.15610766,0.94622904,-0.28333962,0
2.9850035,-2.742974,1.5477469,0.15610766,-0.94622904,0.28333962,0
4.6950245,-2.6377745,0.95692062,0.15610766,-0.94622904,0.28333962,0
5.3033447,-2.9212871,-0.32504225,0.15610766,-0.94622904,0.28333962,0
-3.0112352,3.5008454,1.9030305,-0.32227463,0.22236502,0.92015934,0
-1.1015832,-1.8271346,-3.747963,0.32227463,-0.22236502,-0.92015934,0
-3.2347865,-2.9527521,3.3843045,-0.32227463,0.22236502,0.92015934,0
-2.7514482,1.4258952,-5.1119318,0.32227463,-0.22236502,-0.92015934,0
0.089076757,-2.9732385,2.3742914,0.15610766,-0.94622904,0.28333962,0
-2.904556,-4.6008048,-1.4116998,0.15610766,-0.94622904,0.28333962,0
-2.8554497,2.0640533,-3.8864188,-0.15610766,0.94622904,-0.28333962,0
-4.8921909,1.6764199,-1.2068,-0.93368614,-0.23495698,-0.27023292,0
2.0858586,5.0222149,3.2700887,-0.15610766,0.94622904,-0.28333962,0
-4.3453913,2.498992,-1.6130257,-0.15610766,0.94622904,-0.28333962,0
4.8676524,1.8348961,-1.7613711,0.93368614,0.23495698,0.27023292,0
0.14483786,2.2600834,3.3082488,-0.32227463,0.22236502,0.92015934,0
-0.032953739,4.0443444,1.1718066,-0.15610766,0.94622904,-0.28333962,0
2.9937568,-2.7335639,-2.0945725,0.32227463,-0.22236502,-0.92015934,0
-4.0364771,-0.7237277,-2.0765572,-0.93368614,-0.23495698,-0.27023292,0
2.4813936,1.1973321,-3.223958,0.32227463,-0.22236502,-0.92015934,0
2.8777251,3.9405167,-0.77858591,-0.15610766,0.94622904,-0.28333962,0
3.0600729,1.5717735,4.4956102,-0.32227463,0.22236502,0.92015934,0
4.7057772,-2.3295004,1.980494,0.15610766,-0.94622904,0.28333962,0
-0.83755779,1.895977,3.052166,-0.32227463,0.22236502,0.92015934,0
3.0355875,3.5581119,-2.1426237,-0.15610766,0.94622904,-0.28333962,0
-3.609827,-0.70730877,-3.5649619,-0.93368614,-0.23495698,-0.27023292,0
-4.9363256,-2.1673024,2.2876594,-0.93368614,-0.23495698,-0.27023292,0
2.35918,3.7648921,-1.0793992,-0.15610766,0.94622904,-0.28333962,0
-1.7880356,2.0668023,-4.4653358,-0.15610766,0.94622904,-0.28333962,0
3.940675,2.6705871,0.71484447,0.93368614,0.23495698,0.27023292,0
4.3716116,0.12895513,-2.3037493,0.32227463,-0.22236502,-0.92015934,0
-3.641402,-3.5496304,-0.98457384,-0.93368614,-0.23495698,-0.27023292,0
2.5756638,-0.70814133,4.876914,-0.32227463,0.22236502,0.92015934,0
5.0944977,-1.2496023,0.1367054,0.93368614,0.23495698,0.27023292,0
0.90329599,-2.8461699,-2.7995191,0.32227463,-0.22236502,-0.92015934,0
3.9455175,-1.1004152,3.9768572,0.93368614,0.23495698,0.27023292,0
2.0076287,-1.7794869,-2.6705134,0.32227463,-0.22236502,-0.92015934,0
4.1569147,3.6330862,-2.5100446,-0.15610766,0.94622904,-0.28333962,0
-2.8511274,-4.8310885,-2.2101834,0.15610766,-0.94622904,0.28333962,0
-2.8951545,-0.8414762,2.9930477,-0.32227463,0.22236502,0.92015934,0
0.81213093,4.3871226,1.8509305,-0.15610766,0.94622904,-0.28333962,0
4.3815975,-1.4045738,2.7346044,0.93368614,0.23495698,0.27023292,0
-0.76202106,-2.696332,3.7679524,0.15610766,-0.94622904,0.28333962,0
-2.6181135,-3.0926547,3.4670353,0.15610766,-0.94622904,0.28333962,0
-3.0996547,-2.2026558,-4.0275183,-0.93368614,-0.23495698,-0.27023292,0
-4.6538057,-3.6603141,2.6096373,-0.93368614,-0.23495698,-0.27023292,0
-4.3560338,-1.5539622,-0.25059509,-0.93368614,-0.23495698,-0.27023292,0
-5.0433216,1.4719405,-0.50684166,-0.93368614,-0.23495698,-0.27023292,0
2.7123203,4.2251763,0.26318192,-0.15610766,0.94622904,-0.28333962,0
1.337679,1.6598585,-3.7363043,0.32227463,-0.22236502,-0.92015934,0
0.37097597,-3.8617558,-0.74827564,0.15610766,-0.94622904,0.28333962,0
-2.9606626,1.9916313,2.2854581,-0.32227463,0.22236502,0.92015934,0
4.9416919,-0.49876994,0.01184845,0.93368614,0.23495698,0.27023292,0
5.3365383,-2.6259866,0.49714041,0.93368614,0.23495698,0.27023292,0
3.7231841,-0.4965322,-2.3796983,0.32227463,-0.22236502,-0.92015934,0
1.8513975,4.0190649,0.049190998,-0.15610766,0.94622904,-0.28333962,0
0.13429099,0.0055456161,-3.7579968,0.32227463,-0.22236502,-0.92015934,0
1.9647653,-2.1750793,-2.5899274,0.32227463,-0.22236502,-0.92015934,0
-1.7260594,-4.8042941,-2.7405653,0.15610766,-0.94622904,0.28333962,0
-1.2091217,-3.9406431,-0.14116168,0.15610766,-0.94622904,0.28333962,0
0.77210081,2.634171,-3.9810956,-0.15610766,0.94622904,-0.28333962,0
3.198215,-2.873791,0.99340606,0.15610766,-0.94622904,0.28333962,0
0.69192481,-0.0078468323,-3.5594556,0.32227463,-0.22236502,-0.92015934,0
-1.6064825,3.7172902,0.94653285,-0.15610766,0.94622904,-0.28333962,0
-3.5767627,-4.3232913,-0.11457253,0.15610766,-0.94622904,0.28333962,0
1.3733549,0.99850225,-3.5639863,0.32227463,-0.22236502,-0.92015934,0
3.0321469,-1.769582,4.7724705,0.15610766,-0.94622904,0.28333962,0
-4.8230691,0.95676196,-0.81991148,-0.93368614,-0.23495698,-0.27023292,0
3.4415634,3.1041067,2.062407,0.93368614,0.23495698,0.27023292,0
4.6701803,2.7828853,-1.903322,0.93368614,0.23495698,0.27023292,0
-1.6865748,-2.3913064,-3.8165121,0.32227463,-0.22236502,-0.92015934,0
-4.2629166,-1.170981,-0.90531445,-0.93368614,-0.23495698,-0.27023292,0
2.5954378,0.090847969,4.6907568,-0.32227463,0.22236502,0.92015934,0
2.7267828,1.6759498,-3.2536759,0.32227463,-0.22236502,-0.92015934,0
-3.1742477,-4.1486311,-2.0778394,-0.93368614,-0.23495698,-0.27023292,0
0.68490934,-3.4658411,0.40094042,0.15610766,-0.94622904,0.28333962,0
0.72520614,-2.3608825,-2.9791672,0.32227463,-0.22236502,-0.92015934,0
2.3347917,0.080046415,-3.0053015,0.32227463,-0.22236502,-0.92015934,0
2.3332515,4.4480553,1.2163486,-0.15610766,0.94622904,-0.28333962,0
-3.419621,1.6990411,-4.7945638,-0.15610766,0.94622904,-0.28333962,0
1.4995549,-2.5706286,2.9417193,0.15610766,-0.94622904,0.28333962,0
-3.9869387,3.3385367,0.99319029,-0.15610766,0.94622904,-0.28333962,0
3.3520389,-1.7753396,4.5769982,0.15610766,-0.94622904,0.28333962,0
-2.075171,-0.38672304,-4.4370389,0.32227463,-0.22236502,-0.92015934,0
-3.4855556,0.088199615,-4.685998,-0.93368614,-0.23495698,-0.27023292,0
-4.5146399,1.3446982,-2.2228684,-0.93368614,-0.23495698,-0.27023292,0
5.043992,-0.087466955,-0.69922352,0.93368614,0.23495698,0.27023292,0
0.2511971,-2.374718,4.2837629,0.15610766,-0.94622904,0.28333962,0
-1.2148176,2.0833127,-4.7260156,-0.15610766,0.94622904,-0.28333962,0
-1.1005046,-3.2230058,2.195586,0.15610766,-0.94622904,0.28333962,0
-2.0979476,-2.2531552,-3.9939761,0.32227463,-0.22236502,-0.92015934,0
5.3888559,-0.36853325,-1.6463923,0.93368614,0.23495698,0.27023292,0
3.7265794,3.6449494,-2.2333312,-0.15610766,0.94622904,-0.28333962,0
-3.4968872,-2.191596,-2.66465,-0.93368614,-0.23495698,-0.27023292,0
-0.44962859,-2.9270446,2.8253613,0.15610766,-0.94622904,0.28333962,0
1.5826681,1.205374,-3.5406694,0.32227463,-0.22236502,-0.92015934,0
4.5306673,2.8753347,-1.5016701,0.93368614,0.23495698,0.27023292,0
-2.2945337,-4.0303807,0.15716851,0.15610766,-0.94622904,0.28333962,0
-2.2889531,-4.0273652,0.16416395,0.15610766,-0.94622904,0.28333962,0
3.1856728,2.377593,3.5782151,0.93368614,0.23495698,0.27023292,0
-4.3707504,0.024485826,-1.5721474,-0.93368614,-0.23495698,-0.27023292,0
-2.8007536,-4.6855135,-2.9015088,-0.93368614,-0.23495698,-0.27023292,0
5.0672431,-1.1523951,0.14635754,0.93368614,0.23495698,0.27023292,0
2.3981936,4.1266627,0.10725999,-0.15610766,0.94622904,-0.28333962,0
0.1373353,1.5365036,3.4804804,-0.32227463,0.22236502,0.92015934,0
4.2619467,0.80367279,-2.5052094,0.32227463,-0.22236502,-0.92015934,0
-4.6785021,-2.1305075,2.6799579,-0.32227463,0.22236502,0.92015934,0
1.1516113,-3.430661,0.26129389,0.15610766,-0.94622904,0.28333962,0
-4.9710197,-0.50097716,2.1837165,-0.32227463,0.22236502,0.92015934,0
3.8153014,4.231585,-0.20920277,0.93368614,0.23495698,0.27023292,0
1.4767692,-0.85371637,4.5272188,-0.32227463,0.22236502,0.92015934,0
3.9910622,-0.33624649,3.1550808,0.93368614,0.23495698,0.27023292,0
4.4494328,-0.38460147,1.6133971,0.93368614,0.23495698,0.27023292,0
-4.6906586,2.4507127,-1.5840302,-0.15610766,0.94622904,-0.28333962,0
-1.2733374,3.5446777,0.18653607,-0.15610766,0.94622904,-0.28333962,0
2.9276071,3.692512,-1.634295,-0.15610766,0.94622904,-0.28333962,0
3.8009653,1.7506673,1.9973953,0.93368614,0.23495698,0.27023292,0
-2.6419773,-3.6282492,-3.852212,0.32227463,-0.22236502,-0.92015934,0
1.4023361,0.78291368,-3.5017371,0.32227463,-0.22236502,-0.92015934,0
-0.082233667,-2.0914063,4.2802958,-0.32227463,0.22236502,0.92015934,0
-3.9431882,-1.3751423,-1.8325028,-0.93368614,-0.23495698,-0.27023292,0
-3.8952799,-0.53044868,2.5676031,-0.32227463,0.22236502,0.92015934,0
2.0408559,4.4991293,1.5480101,-0.15610766,0.94622904,-0.28333962,0
-0.11740327,2.7091367,-3.2406671,-0.15610766,0.94622904,-0.28333962,0
-3.2894623,2.4903429,-2.2236791,-0.15610766,0.94622904,-0.28333962,0
0.35276979,-0.075744152,-3.6618326,0.32227463,-0.22236502,-0.92015934,0
3.7602606,2.0266221,-2.9764559,0.32227463,-0.22236502,-0.92015934,0
-0.53533459,4.0423899,2.6393158,-0.32227463,0.22236502,0.92015934,0
3.2101843,2.0627379,3.7672806,0.93368614,0.23495698,0.27023292,0
3.7874529,-0.88044596,4.3317356,0.93368614,0.23495698,0.27023292,0
-3.6890941,-2.8410604,-1.4358683,-0.93368614,-0.23495698,-0.27023292,0
-5.4197755,0.5149436,1.6259241,-0.93368614,-0.23495698,-0.27023292,0
0.89080405,4.1563811,1.0370097,-0.15610766,0.94622904,-0.28333962,0
-5.0171432,-0.93101585,1.4919891,-0.93368614,-0.23495698,-0.27023292,0
-1.8161619,2.8885322,-1.705627,-0.15610766,0.94622904,-0.28333962,0
0.92159152,-0.73426962,4.3039093,-0.32227463,0.22236502,0.92015934,0
1.6730018,4.9067459,3.111939,-0.15610766,0.94622904,-0.28333962,0
2.9544756,-0.4363718,4.9439135,-0.32227463,0.22236502,0.92015934,0
4.6464982,-0.29208034,0.85207081,0.93368614,0.23495698,0.27023292,0
4.2788529,3.4048131,-1.0919805,0.93368614,0.23495698,0.27023292,0
-3.5692179,1.0317888,-5.2173529,-0.93368614,-0.23495698,-0.27023292,0
-1.3762398,2.9871817,-1.6185586,-0.15610766,0.94622904,-0.28333962,0
-1.5911674,-4.7764401,-3.206708,0.32227463,-0.22236502,-0.92015934,0
3.6575925,2.0729215,2.2125771,0.93368614,0.23495698,0.27023292,0
-1.9479108,-4.4435492,-1.4136062,0.15610766,-0.94622904,0.28333962,0
3.5666921,3.9038811,-1.280524,-0.15610766,0.94622904,-0.28333962,0
2.6807787,0.047111034,4.7312164,-0.32227463,0.22236502,0.92015934,0
3.6274846,-3.4881139,-1.294668,0.15610766,-0.94622904,0.28333962,0
1.0228028,-4.1735039,-2.4369011,0.32227463,-0.22236502,-0.92015934,0
-0.089509249,-2.7546835,3.2025611,0.15610766,-0.94622904,0.28333962,0
4.069437,0.83190203,1.8686237,0.93368614,0.23495698,0.27023292,0
-2.643806,-2.8389478,-4.0435944,0.32227463,-0.22236502,-0.92015934,0
5.5766158,-1.3466439,-1.444695,0.93368614,0.23495698,0.27023292,0
-0.43205953,-3.4161682,1.1822252,0.15610766,-0.94622904,0.28333962,0
3.5942328,2.7490916,1.8435886,0.93368614,0.23495698,0.27023292,0
4.7771301,1.2759258,-2.4388971,0.32227463,-0.22236502,-0.92015934,0
0.11312056,3.8970525,2.9015515,-0.32227463,0.22236502,0.92015934,0
1.2636117,-0.31779051,4.3230519,-0.32227463,0.22236502,0.92015934,0
1.8331883,3.576292,-1.4194419,-0.15610766,0.94622904,-0.28333962,0
3.8364167,2.3192902,1.3805099,0.93368614,0.23495698,0.27023292,0
5.1190867,-0.050309479,-0.99099112,0.93368614,0.23495698,0.27023292,0
2.2349782,-2.1539097,3.9281914,0.15610766,-0.94622904,0.28333962,0
-0.78375518,0.8934834,3.3132713,-0.32227463,0.22236502,0.92015934,0
-3.579484,-0.081439018,-4.2139716,-0.93368614,-0.23495698,-0.27023292,0
-3.723207,-2.6415579,-1.4914627,-0.93368614,-0.23495698,-0.27023292,0
2.8219235,0.98494077,-3.0533652,0.32227463,-0.22236502,-0.92015934,0
2.4856958,-2.1180766,3.9097226,0.15610766,-0.94622904,0.28333962,0
1.442539,0.82112956,-3.4968917,0.32227463,-0.22236502,-0.92015934,0
4.0407906,-2.4888835,1.8146048,0.15610766,-0.94622904,0.28333962,0
-3.7877433,2.9289434,1.7692735,-0.32227463,0.22236502,0.92015934,0
1.2382948,3.2779486,3.4452424,-0.32227463,0.22236502,0.92015934,0
-4.0858822,-3.7281284,0.70635486,-0.93368614,-0.23495698,-0.27023292,0
-1.5360458,-2.7530017,-3.6763842,0.32227463,-0.22236502,-0.92015934,0
-1.8661956,0.9560883,2.9190302,-0.32227463,0.22236502,0.92015934,0
-3.255995,-2.3378532,-3.3697963,-0.93368614,-0.23495698,-0.27023292,0
-1.7170964,1.106602,2.9348776,-0.32227463,0.22236502,0.92015934,0
-1.8168538,2.3771188,-3.4131386,-0.15610766,0.94622904,-0.28333962,0
1.7625239,-1.9339693,-2.7190266,0.32227463,-0.22236502,-0.92015934,0
-2.6653926,-4.6027288,-3.4411743,-0.93368614,-0.23495698,-0.27023292,0
-1.6701162,-4.2221308,-3.3683126,0.32227463,-0.22236502,-0.92015934,0
-1.7821355,2.8932598,-1.7085845,-0.15610766,0.94622904,-0.28333962,0
-3.3700976,2.7387056,1.9615211,-0.32227463,0.22236502,0.92015934,0
5.198844,-0.52848077,-1.8551459,0.32227463,-0.22236502,-0.92015934,0
-3.8703752,-2.0608597,-1.487875,-0.93368614,-0.23495698,-0.27023292,0
-2.5865073,-3.5071201,-3.8620567,0.32227463,-0.22236502,-0.92015934,0
-0.4266448,2.8736351,-2.5209379,-0.15610766,0.94622904,-0.28333962,0
0.78664923,3.7020802,-0.42276955,-0.15610766,0.94622904,-0.28333962,0
4.626492,0.22384959,0.4726119,0.93368614,0.23495698,0.27023292,0
4.3974156,2.5400033,-0.74971104,0.93368614,0.23495698,0.27023292,0
-3.1824996,-3.3183484,-2.7712271,-0.93368614,-0.23495698,-0.27023292,0
0.41678476,3.6457143,-0.40722659,-0.15610766,0.94622904,-0.28333962,0
3.2192502,3.8584096,2.1746867,0.93368614,0.23495698,0.27023292,0
-0.29023552,-3.7433562,0.011423767,0.15610766,-0.94622904,0.28333962,0
-2.6944366,-3.8927684,-3.8066621,0.32227463,-0.22236502,-0.92015934,0
1.3453531,4.1003685,0.59951782,-0.15610766,0.94622904,-0.28333962,0
5.3554564,-0.41316736,-1.4921865,0.93368614,0.23495698,0.27023292,0
-4.882309,2.2208829,-1.714335,-0.93368614,-0.23495698,-0.27023292,0
-2.7431893,-3.7163582,1.453053,0.15610766,-0.94622904,0.28333962,0
-1.6152277,-2.2947969,3.7925348,-0.32227463,0.22236502,0.92015934,0
-4.4032106,2.1596355,1.7396233,-0.32227463,0.22236502,0.92015934,0
2.8185179,-0.68581319,-2.6508055,0.32227463,-0.22236502,-0.92015934,0
3.1829219,3.1947846,2.877203,0.93368614,0.23495698,0.27023292,0
-3.8705776,0.21880579,-3.4692593,-0.93368614,-0.23495698,-0.27023292,0
-2.6363201,-4.7465506,-2.0462136,0.15610766,-0.94622904,0.28333962,0
0.53789753,0.66841221,3.8305547,-0.32227463,0.22236502,0.92015934,0
-3.2374523,-4.5160017,-1.5400469,-0.93368614,-0.23495698,-0.27023292,0
-2.7646255,3.4550352,0.70880437,-0.15610766,0.94622904,-0.28333962,0
-3.2914228,-0.80522919,-4.5799475,-0.93368614,-0.23495698,-0.27023292,0
2.3677073,3.5471077,3.7757609,-0.32227463,0.22236502,0.92015934,0
-2.280514,-4.2739944,-0.66411746,0.15610766,-0.94622904,0.28333962,0
-4.3735886,-2.1977999,0.36985302,-0.93368614,-0.23495698,-0.27023292,0
3.4079666,0.5876298,4.3664703,0.93368614,0.23495698,0.27023292,0
4.8071117,1.2715559,-1.0623925,0.93368614,0.23495698,0.27023292,0
-3.9508886,-1.1353939,-2.0143471,-0.93368614,-0.23495698,-0.27023292,0
4.2125425,-2.2195115,2.6195593,0.15610766,-0.94622904,0.28333962,0
3.2317157,4.1363082,-0.31976247,-0.15610766,0.94622904,-0.28333962,0
0.92037249,2.3601043,3.5556989,-0.32227463,0.22236502,0.92015934,0
-4.5131083,2.9938667,0.13204193,-0.15610766,0.94622904,-0.28333962,0
4.5154743,1.0926296,0.10081959,0.93368614,0.23495698,0.27023292,0
3.6792772,1.5331872,2.6069334,0.93368614,0.23495698,0.27023292,0
-1.4915986,-0.3850987,3.3743384,-0.32227463,0.22236502,0.92015934,0
-4.3789368,-0.21456194,2.3218713,-0.32227463,0.22236502,0.92015934,0
1.1770396,-3.7299447,-0.75219059,0.15610766,-0.94622904,0.28333962,0
5.395669,-2.8123183,-0.012001514,0.15610766,-0.94622904,0.28333962,0
3.6530709,3.5837917,0.91455507,0.93368614,0.23495698,0.27023292,0
-4.2680063,-3.895206,1.6958866,0.15610766,-0.94622904,0.28333962,0
-3.5827951,-3.0131712,-1.6534998,-0.93368614,-0.23495698,-0.27023292,0
-2.2863255,1.9179173,-4.6880107,-0.15610766,0.94622904,-0.28333962,0
2.0643129,0.4002552,-3.1774149,0.32227463,-0.22236502,-0.92015934,0
-3.180505,-2.5149264,-3.4766648,-0.93368614,-0.23495698,-0.27023292,0
2.7507894,3.1328812,-3.4057951,-0.15610766,0.94622904,-0.28333962,0
-4.1630483,1.2509451,-3.356144,-0.93368614,-0.23495698,-0.27023292,0
-1.3917146,3.3678911,2.5023782,-0.32227463,0.22236502,0.92015934,0
2.4244008,0.87801051,-3.1667523,0.32227463,-0.22236502,-0.92015934,0
3.910322,-0.97478986,3.9892364,0.93368614,0.23495698,0.27023292,0
-0.30811882,1.5956519,3.3101718,-0.32227463,0.22236502,0.92015934,0
-1.8131416,-1.9883497,3.6491618,-0.32227463,0.22236502,0.92015934,0
3.9510403,3.5514126,-0.086813211,0.93368614,0.23495698,0.27023292,0
3.0426621,-2.7963362,1.337774,0.15610766,-0.94622904,0.28333962,0
3.9971349,3.3735387,-0.091420412,0.93368614,0.23495698,0.27023292,0
-4.0208507,-1.380973,-1.5590992,-0.93368614,-0.23495698,-0.27023292,0
3.9779837,1.9459118,1.2160168,0.93368614,0.23495698,0.27023292,0
3.6648304,2.4505985,1.8591928,0.93368614,0.23495698,0.27023292,0
3.4668045,-0.071574211,4.7363319,0.93368614,0.23495698,0.27023292,0
3.6862545,1.8132355,-2.9508088,0.32227463,-0.22236502,-0.92015934,0
-1.254384,0.53656435,-4.3726888,0.32227463,-0.22236502,-0.92015934,0
-3.6546986,0.12785721,-4.1360693,-0.93368614,-0.23495698,-0.27023292,0
-1.91465,-3.7251186,0.96730828,0.15610766,-0.94622904,0.28333962,0
2.2395623,2.0383382,-3.5118933,0.32227463,-0.22236502,-0.92015934,0
3.281225,2.8853266,2.8066165,0.93368614,0.23495698,0.27023292,0
-0.11045992,-1.578145,-3.4610045,0.32227463,-0.22236502,-0.92015934,0
3.0823729,-1.0431781,-2.472033,0.32227463,-0.22236502,-0.92015934,0
-2.2240088,-4.6491842,-3.4591055,0.32227463,-0.22236502,-0.92015934,0
1.5189545,4.4404979,1.6397507,-0.15610766,0.94622904,-0.28333962,0
-2.8957734,-4.5734138,-1.3250656,0.15610766,-0.94622904,0.28333962,0
4.9052162,-0.33466542,-0.0048060417,0.93368614,0.23495698,0.27023292,0
-1.0419236,0.081808805,3.4189992,-0.32227463,0.22236502,0.92015934,0
-2.8223593,-4.4936686,-2.9936595,-0.93368614,-0.23495698,-0.27023292,0
-0.99801707,-2.4311149,-3.5657332,0.32227463,-0.22236502,-0.92015934,0
3.804647,3.1884413,0.73458362,0.93368614,0.23495698,0.27023292,0
-4.9635687,2.4604197,1.4706774,-0.32227463,0.22236502,0.92015934,0
3.7271461,1.4714458,2.4952214,0.93368614,0.23495698,0.27023292,0
-0.052034616,1.7892385,3.3530803,-0.32227463,0.22236502,0.92015934,0
1.0243106,-3.9342589,-2.4941888,0.32227463,-0.22236502,-0.92015934,0
-4.7755642,-0.51697028,0.29730749,-0.93368614,-0.23495698,-0.27023292,0
-1.6241738,-1.6803093,3.6409049,-0.32227463,0.22236502,0.92015934,0
-3.1265528,-1.5275564,-4.5215573,-0.93368614,-0.23495698,-0.27023292,0
4.3638358,2.1205814,-2.7877667,0.32227463,-0.22236502,-0.92015934,0
2.005522,-3.6348383,-0.89103377,0.15610766,-0.94622904,0.28333962,0
-4.4474144,-2.838903,1.1823444,-0.93368614,-0.23495698,-0.27023292,0
4.2447934,-2.8074462,0.63835049,0.15610766,-0.94622904,0.28333962,0
-0.37881792,1.5357547,-4.3074961,0.32227463,-0.22236502,-0.92015934,0
-4.6464739,-1.5616062,0.75955725,-0.93368614,-0.23495698,-0.27023292,0
1.9365968,3.3224397,-2.3241706,-0.15610766,0.94622904,-0.28333962,0
-3.3635542,2.828599,-1.0532327,-0.15610766,0.94622904,-0.28333962,0
4.7579231,3.3613889,-2.7094715,0.93368614,0.23495698,0.27023292,0
1.267591,-2.4040387,-2.7787743,0.32227463,-0.22236502,-0.92015934,0
0.88757002,-1.7234306,4.5310335,-0.32227463,0.22236502,0.92015934,0
1.5818818,3.3556714,3.5467968,-0.32227463,0.22236502,0.92015934,0
1.6063449,-2.5347314,3.0027626,0.15610766,-0.94622904,0.28333962,0
2.9436569,4.780447,1.9900835,-0.15610766,0.94622904,-0.28333962,0
-3.7416265,-3.5218704,2.6526504,0.15610766,-0.94622904,0.28333962,0
1.9952204,-2.4302254,3.1375148,0.15610766,-0.94622904,0.28333962,0
2.3355207,3.5838122,3.7556171,-0.32227463,0.22236502,0.92015934,0
1.1789201,1.8242207,-3.8316271,0.32227463,-0.22236502,-0.92015934,0
4.28022,-0.59396148,2.3800778,0.93368614,0.23495698,0.27023292,0
-2.1459494,-1.6613822,3.4535854,-0.32227463,0.22236502,0.92015934,0
-3.2633131,3.3970726,0.78998899,-0.15610766,0.94622904,-0.28333962,0
-3.8369124,-3.2567983,-0.5636692,-0.93368614,-0.23495698,-0.27023292,0
-3.7358074,-0.72203708,-3.116878,-0.93368614,-0.23495698,-0.27023292,0
-3.9937189,-3.9988704,1.1985738,0.15610766,-0.94622904,0.28333962,0
2.9212389,-1.1477652,5.1041875,-0.32227463,0.22236502,0.92015934,0
0.85533452,3.6876106,-0.50893307,-0.15610766,0.94622904,-0.28333962,0
3.715457,-0.71437883,4.4361005,0.93368614,0.23495698,0.27023292,0
-5.5891056,2.9455624,0.56355238,-0.15610766,0.94622904,-0.28333962,0
3.2111709,3.5941577,2.432359,0.93368614,0.23495698,0.27023292,0
-4.4602733,-0.73235321,-0.60479259,-0.93368614,-0.23495698,-0.27023292,0
-0.28268528,2.8495975,-2.6805282,-0.15610766,0.94622904,-0.28333962,0
4.89077,-0.65343267,0.32226229,0.93368614,0.23495698,0.27023292,0
-5.1338234,2.3568816,-0.96357012,-0.93368614,-0.23495698,-0.27023292,0
3.9225211,3.9732249,-0.35502553,0.93368614,0.23495698,0.27023292,0
-3.1004746,3.4961743,1.8729043,-0.32227463,0.22236502,0.92015934,0
3.0394621,4.0212193,2.6543195,0.93368614,0.23495698,0.27023292,0
-4.1327791,-3.8458202,0.9707191,-0.93368614,-0.23495698,-0.27023292,0
4.2035789,-0.41700196,2.491024,0.93368614,0.23495698,0.27023292,0
-5.3376846,2.1344342,-0.065795422,-0.93368614,-0.23495698,-0.27023292,0
-3.4955826,3.4555073,1.7443504,-0.32227463,0.22236502,0.92015934,0
-4.4914155,0.32233608,-1.4142051,-0.93368614,-0.23495698,-0.27023292,0
5.1630783,-1.6390651,0.23837423,0.93368614,0.23495698,0.27023292,0
-0.37994146,-3.8673582,-3.0021784,0.32227463,-0.22236502,-0.92015934,0
-1.4556079,2.4001527,-3.5352459,-0.15610766,0.94622904,-0.28333962,0
-2.4962039,0.5609982,2.793855,-0.32227463,0.22236502,0.92015934,0
-3.9061213,-2.4995253,-0.98296404,-0.93368614,-0.23495698,-0.27023292,0
0.72902513,-1.6381385,-3.152487,0.32227463,-0.22236502,-0.92015934,0
-1.5949739,-0.76387739,-4.1777129,0.32227463,-0.22236502,-0.92015934,0
4.3736506,2.6931863,-0.80078578,0.93368614,0.23495698,0.27023292,0
4.9591556,-1.1653955,0.53111696,0.93368614,0.23495698,0.27023292,0
0.26713705,-2.1872389,4.4258175,-0.32227463,0.22236502,0.92015934,0
-3.9393222,-2.0393574,-1.2683506,-0.93368614,-0.23495698,-0.27023292,0
-2.0687108,3.1170001,-0.80350065,-0.15610766,0.94622904,-0.28333962,0
0.25117874,2.9290915,-2.7091882,-0.15610766,0.94622904,-0.28333962,0
-4.1856294,1.8883789,-3.7402258,-0.15610766,0.94622904,-0.28333962,0
0.97324252,3.9545629,0.31760654,-0.15610766,0.94622904,-0.28333962,0
-1.657717,-3.1849589,2.6296444,0.15610766,-0.94622904,0.28333962,0
1.9309011,-2.5071678,2.9159982,0.15610766,-0.94622904,0.28333962,0
4.3909225,1.9095986,-2.727294,0.32227463,-0.22236502,-0.92015934,0
-4.6288996,-1.0496271,0.25368834,-0.93368614,-0.23495698,-0.27023292,0
3.3799918,3.687999,1.7674716,0.93368614,0.23495698,0.27023292,0
-4.0604091,0.14256763,-2.7470813,-0.93368614,-0.23495698,-0.27023292,0
2.6335664,4.4330692,1.0008411,-0.15610766,0.94622904,-0.28333962,0
-4.3429823,1.3988328,1.9445724,-0.32227463,0.22236502,0.92015934,0
0.33806849,-3.9167309,-0.9137367,0.15610766,-0.94622904,0.28333962,0
5.2955718,0.14629686,-1.7717109,0.93368614,0.23495698,0.27023292,0
-5.2238264,0.91273028,0.60303736,-0.93368614,-0.23495698,-0.27023292,0
1.1238906,-3.2075377,1.0217001,0.15610766,-0.94622904,0.28333962,0
-4.4625254,-3.0252831,1.3966041,-0.93368614,-0.23495698,-0.27023292,0
-3.8118601,-1.5033073,-2.1748214,-0.93368614,-0.23495698,-0.27023292,0
4.2223458,1.0496336,1.1509976,0.93368614,0.23495698,0.27023292,0
3.1254983,4.317482,2.0994654,0.93368614,0.23495698,0.27023292,0
3.9366024,3.6283977,-0.10386515,0.93368614,0.23495698,0.27023292,0
2.432622,-2.9267802,1.2382529,0.15610766,-0.94622904,0.28333962,0
3.008724,2.7979875,3.8240781,0.93368614,0.23495698,0.27023292,0
0.66442323,0.95184851,-3.8010068,0.32227463,-0.22236502,-0.92015934,0
2.0113664,-2.2322223,3.789861,0.15610766,-0.94622904,0.28333962,0
5.0622559,-1.067796,0.090031624,0.93368614,0.23495698,0.27023292,0
-2.5199199,-4.2756534,-0.53775597,0.15610766,-0.94622904,0.28333962,0
2.8389297,-3.670229,-1.9224455,0.32227463,-0.22236502,-0.92015934,0
4.7592945,2.0409751,-1.5661595,0.93368614,0.23495698,0.27023292,0
-3.8270226,0.17533684,-3.5819516,-0.93368614,-0.23495698,-0.27023292,0
-3.6989088,-1.7295353,-2.3683853,-0.93368614,-0.23495698,-0.27023292,0
1.382454,-0.5485177,4.4204321,-0.32227463,0.22236502,0.92015934,0
-2.5622687,0.66123199,-4.8608866,0.32227463,-0.22236502,-0.92015934,0
-2.0157733,-2.4455099,3.6886694,-0.32227463,0.22236502,0.92015934,0
5.2039313,-1.0493406,-0.41551828,0.93368614,0.23495698,0.27023292,0
3.1103609,2.4206886,3.8009567,0.93368614,0.23495698,0.27023292,0
-2.3235102,-0.31213903,3.0653403,-0.32227463,0.22236502,0.92015934,0
4.7350969,-0.049451649,0.33499432,0.93368614,0.23495698,0.27023292,0
0.16292715,-2.2019114,4.3928657,-0.32227463,0.22236502,0.92015934,0
2.6529012,-2.096458,3.8897977,0.15610766,-0.94622904,0.28333962,0
-1.3019488,2.9842553,-1.6692611,-0.15610766,0.94622904,-0.28333962,0
-3.5065897,-1.3514347,-3.3616159,-0.93368614,-0.23495698,-0.27023292,0
4.2657337,2.6879447,-0.42336345,0.93368614,0.23495698,0.27023292,0
-2.3346901,-3.1575179,3.0942678,0.15610766,-0.94622904,0.28333962,0
-5.6958933,2.4374714,1.2197351,-0.32227463,0.22236502,0.92015934,0
3.9080517,3.983496,-0.31396246,0.93368614,0.23495698,0.27023292,0
-3.4199581,0.023743629,-4.8566036,-0.93368614,-0.23495698,-0.27023292,0
1.7189858,-2.9684687,1.4922125,0.15610766,-0.94622904,0.28333962,0
0.58641863,3.5171378,-0.93007648,-0.15610766,0.94622904,-0.28333962,0
-1.5247159,0.38821959,3.1758599,-0.32227463,0.22236502,0.92015934,0
3.0113897,-1.985013,4.0644627,0.15610766,-0.94622904,0.28333962,0
4.4579887,1.3081841,0.11202335,0.93368614,0.23495698,0.27023292,0
1.9897349,-2.5170465,-2.4985428,0.32227463,-0.22236502,-0.92015934,0
3.969285,2.7123463,0.57968545,0.93368614,0.23495698,0.27023292,0
-1.0161195,3.9453602,2.4943748,-0.32227463,0.22236502,0.92015934,0
3.4292302,4.4246788,0.95683169,0.93368614,0.23495698,0.27023292,0
-4.4897065,-3.3386815,1.7630064,-0.93368614,-0.23495698,-0.27023292,0
-0.44927907,1.0955966,-4.2258053,0.32227463,-0.22236502,-0.92015934,0
1.8068845,-0.16360474,4.4760666,-0.32227463,0.22236502,0.92015934,0
-1.8618989,-2.2187033,3.6877522,-0.32227463,0.22236502,0.92015934,0
-3.0603201,-4.2455406,-2.387213,-0.93368614,-0.23495698,-0.27023292,0
-4.6859922,0.43269837,-0.83787632,-0.93368614,-0.23495698,-0.27023292,0
-2.2061749,3.6881423,1.1795969,-0.15610766,0.94622904,-0.28333962,0
1.1646953,-2.5660276,3.141577,0.15610766,-0.94622904,0.28333962,0
3.2429762,-3.351367,-1.8579888,0.32227463,-0.22236502,-0.92015934,0
3.3249173,3.8234086,1.8400261,0.93368614,0.23495698,0.27023292,0
2.482976,-1.9467187,-2.4636157,0.32227463,-0.22236502,-0.92015934,0
3.488862,1.0188994,-2.8279848,0.32227463,-0.22236502,-0.92015934,0
-0.32565475,3.5331485,-0.37409669,-0.15610766,0.94622904,-0.28333962,0
0.26824403,-3.4768965,0.59358311,0.15610766,-0.94622904,0.28333962,0
-2.3210778,3.4594016,0.47900987,-0.15610766,0.94622904,-0.28333962,0
-0.2413826,4.4227161,2.5502334,-0.15610766,0.94622904,-0.28333962,0
0.78755975,-3.1555262,1.3806986,0.15610766,-0.94622904,0.28333962,0
-3.6078825,-2.4580004,-2.0495195,-0.93368614,-0.23495698,-0.27023292,0
4.4744616,2.2054834,-0.72506166,0.93368614,0.23495698,0.27023292,0
-0.17262006,-3.6026523,0.41651133,0.15610766,-0.94622904,0.28333962,0
4.7681665,2.2355931,-1.7660251,0.93368614,0.23495698,0.27023292,0
-3.6955483,-3.4575906,-0.8775177,-0.93368614,-0.23495698,-0.27023292,0
-4.7850599,-2.3588743,2.697824,-0.32227463,0.22236502,0.92015934,0
-1.1897368,-0.0018434525,3.3874447,-0.32227463,0.22236502,0.92015934,0
-0.62190795,-3.0119667,-3.2936375,0.32227463,-0.22236502,-0.92015934,0
-4.0615306,1.1861994,-3.6506062,-0.93368614,-0.23495698,-0.27023292,0
-5.3339462,2.2948287,-0.21817064,-0.93368614,-0.23495698,-0.27023292,0
-4.1896372,-0.62849081,-1.630178,-0.93368614,-0.23495698,-0.27023292,0
-4.7911668,-0.28208512,0.14699316,-0.93368614,-0.23495698,-0.27023292,0
-2.4346974,2.0763128,-4.0772934,-0.15610766,0.94622904,-0.28333962,0
-0.32335114,-3.4091854,1.1456505,0.15610766,-0.94622904,0.28333962,0
4.8549113,-0.010299884,-0.11301899,0.93368614,0.23495698,0.27023292,0
5.0956922,0.69501245,-1.5581901,0.93368614,0.23495698,0.27023292,0
0.88622749,-1.1664333,4.3959599,-0.32227463,0.22236502,0.92015934,0
-1.2908275,-0.70456696,3.5218582,-0.32227463,0.22236502,0.92015934,0
2.0541542,-3.4877503,-2.2414014,0.32227463,-0.22236502,-0.92015934,0
0.19314384,-1.0352168,4.1215062,-0.32227463,0.22236502,0.92015934,0
-3.006233,-5.2452087e-06,-4.8565869,0.32227463,-0.22236502,-0.92015934,0
-3.6305726,-4.2704549,-0.39526057,-0.93368614,-0.23495698,-0.27023292,0
0.45626163,-2.287302,4.4627118,0.15610766,-0.94622904,0.28333962,0
4.8236561,1.1787901,-1.038898,0.93368614,0.23495698,0.27023292,0
0.84945059,4.5950432,2.5247295,-0.15610766,0.94622904,-0.28333962,0
-3.6659458,3.4110057,1.0583518,-0.15610766,0.94622904,-0.28333962,0
-4.882453,3.105988,0.70996952,-0.15610766,0.94622904,-0.28333962,0
3.5758653,0.55838251,-2.6862249,0.32227463,-0.22236502,-0.92015934,0
3.2776284,3.8533783,1.9773574,0.93368614,0.23495698,0.27023292,0
-1.1928561,3.4264693,2.5578697,-0.32227463,0.22236502,0.92015934,0
2.021215,-2.1227102,4.150156,0.15610766,-0.94622904,0.28333962,0
-5.206996,1.8962727,-0.31026745,-0.93368614,-0.23495698,-0.27023292,0
3.6219904,-3.4388051,-1.126972,0.15610766,-0.94622904,0.28333962,0
-3.7411921,0.29234934,-3.9802442,-0.93368614,-0.23495698,-0.27023292,0
-4.5366468,2.8766873,-0.24631786,-0.15610766,0.94622904,-0.28333962,0
5.3881297,-0.23737884,-1.7579179,0.93368614,0.23495698,0.27023292,0
2.4609969,1.8402925,4.2209015,-0.32227463,0.22236502,0.92015934,0
-4.2821097,1.5437434,-3.1993489,-0.93368614,-0.23495698,-0.27023292,0
-1.9090719,3.2782061,2.3428531,-0.32227463,0.22236502,0.92015934,0
-4.1373463,-2.3147197,-0.34473705,-0.93368614,-0.23495698,-0.27023292,0
-3.6438551,-3.9131472,-0.66003561,-0.93368614,-0.23495698,-0.27023292,0
-4.7156029,1.1897423,-1.3937883,-0.93368614,-0.23495698,-0.27023292,0
2.8199472,-3.2067461,-2.0410991,0.32227463,-0.22236502,-0.92015934,0
4.1162863,-2.8988259,0.40398407,0.15610766,-0.94622904,0.28333962,0
0.31248558,-0.98453951,4.1510572,-0.32227463,0.22236502,0.92015934,0
-1.0319829,-4.4980655,-2.1003003,0.15610766,-0.94622904,0.28333962,0
-4.421814,-2.0176947,0.37988186,-0.93368614,-0.23495698,-0.27023292,0
3.0420465,-3.0101426,0.62409329,0.15610766,-0.94622904,0.28333962,0
4.5307169,-2.047514,-1.7220612,0.32227463,-0.22236502,-0.92015934,0
2.2726097,-3.9367859,-2.0465581,0.15610766,-0.94622904,0.28333962,0
-3.9257703,-2.6385756,-0.79417586,-0.93368614,-0.23495698,-0.27023292,0
0.030106306,2.7836952,3.1415298,-0.32227463,0.22236502,0.92015934,0
0.10131121,3.528512,-0.62481821,-0.15610766,0.94622904,-0.28333962,0
3.4558175,1.2714696,3.6065657,0.93368614,0.23495698,0.27023292,0
2.758698,-1.99177,-2.3561604,0.32227463,-0.22236502,-0.92015934,0
4.0903912,-3.4467051,-1.4114223,0.15610766,-0.94622904,0.28333962,0
-1.4897094,1.9894145,2.8011775,-0.32227463,0.22236502,0.92015934,0
3.5012052,1.3297596,3.3990655,0.93368614,0.23495698,0.27023292,0
-4.9604931,1.8951042,-1.1609468,-0.93368614,-0.23495698,-0.27023292,0
-0.41777325,3.7551563,2.7499027,-0.32227463,0.22236502,0.92015934,0
-1.9961567,3.3170028,-0.17555499,-0.15610766,0.94622904,-0.28333962,0
1.1280267,-2.7178695,2.654695,0.15610766,-0.94622904,0.28333962,0
-2.0020761,-0.31641245,-4.4284296,0.32227463,-0.22236502,-0.92015934,0
