3.3451905,-2.1109095,2.4907908,0.99448448,-0.10332623,-0.018007159,0
1.7967718,2.7884612,-2.1002884,0.090395123,0.93145132,-0.35245863,0
-2.0932915,2.853626,-2.9257603,0.090395123,0.93145132,-0.35245863,0
-0.89167905,2.6940899,2.7868166,0.053191125,0.34888688,0.9356541,0
2.5751176,-1.4618552,-3.3419952,-0.053191125,-0.34888688,-0.9356541,0
-2.82026,-3.9492197,-2.1077836,-0.053191125,-0.34888688,-0.9356541,0
1.2608614,1.8679037,-4.5088816,-0.053191125,-0.34888688,-0.9356541,0
-3.6091423,-1.1726,1.772856,-0.99448448,0.10332623,0.018007159,0
0.15208507,1.3099272,3.2436066,0.053191125,0.34888688,0.9356541,0
3.0642841,-3.9954581,-2.2091908,0.99448448,-0.10332623,-0.018007159,0
-3.5153027,-0.18287086,1.276216,-0.99448448,0.10332623,0.018007159,0
3.7723217,2.722105,-1.6520848,0.99448448,-0.10332623,-0.018007159,0
-1.9441168,-1.9294486,4.3326321,-0.090395123,-0.93145132,0.35245863,0
3.3400242,-1.3660359,-2.0686047,0.99448448,-0.10332623,-0.018007159,0
-3.1601777,0.97634959,3.5562899,0.053191125,0.34888688,0.9356541,0
3.8010826,3.4548743,2.236356,0.053191125,0.34888688,0.9356541,0
3.603925,2.03018,-3.6407363,0.090395123,0.93145132,-0.35245863,0
0.88701367,-0.48802161,-3.6091506,-0.053191125,-0.34888688,-0.9356541,0
-2.0946507,4.6284375,1.7642305,0.090395123,0.93145132,-0.35245863,0
-2.595165,-1.2941842,-3.11059,-0.053191125,-0.34888688,-0.9356541,0
2.3381233,2.922502,-1.6072137,0.090395123,0.93145132,-0.35245863,0
-1.4641438,3.2945762,2.5954514,0.053191125,0.34888688,0.9356541,0
-2.3630395,-2.2680533,-2.7606497,-0.053191125,-0.34888688,-0.9356541,0
3.49475,0.0014998913,-1.3705747,0.99448448,-0.10332623,-0.018007159,0
-3.8486929,-3.1791975,0.057142973,-0.99448448,0.10332623,0.018007159,0
-2.7259979,2.8132184,-3.1948164,0.090395123,0.93145132,-0.35245863,0
-1.724704,2.7974308,-2.979737,0.090395123,0.93145132,-0.35245863,0
0.4906497,-2.2851791,4.0169797,-0.090395123,-0.93145132,0.35245863,0
0.58976054,3.026736,-1.7801558,0.090395123,0.93145132,-0.35245863,0
-2.9588764,-0.28727525,-3.4653699,-0.053191125,-0.34888688,-0.9356541,0
-3.5935078,-0.47638726,-1.3585863,-0.99448448,0.10332623,0.018007159,0
2.1740761,3.7288396,0.48164144,0.090395123,0.93145132,-0.35245863,0
-0.777879,-3.7777092,-0.25270718,-0.090395123,-0.93145132,0.35245863,0
-3.8430781,-2.7009203,-2.3771427,-0.99448448,0.10332623,0.018007159,0
-2.4783492,3.0526271,-2.4986115,0.090395123,0.93145132,-0.35245863,0
-1.6345193,-1.7799847,-2.9840565,-0.053191125,-0.34888688,-0.9356541,0
0.14072037,-1.4042447,4.2563138,0.053191125,0.34888688,0.9356541,0
0.084545374,3.3233914,2.4966652,0.053191125,0.34888688,0.9356541,0
3.0981112,-3.7571783,-1.7082825,0.99448448,-0.10332623,-0.018007159,0
-1.3692962,2.5992806,-3.412241,0.090395123,0.93145132,-0.35245863,0
-0.061397791,-3.5927956,0.41972399,-0.090395123,-0.93145132,0.35245863,0
-1.4351144,-0.32247996,-3.538867,-0.053191125,-0.34888688,-0.9356541,0
0.6769073,0.33615077,3.5768731,0.053191125,0.34888688,0.9356541,0
-3.7025476,-1.3315406,-2.4736042,-0.99448448,0.10332623,0.018007159,0
2.3382182,-4.1754642,-2.3166761,-0.053191125,-0.34888688,-0.9356541,0
0.10020065,-0.20751715,3.8123813,0.053191125,0.34888688,0.9356541,0
3.5795603,0.50759029,0.40926671,0.99448448,-0.10332623,-0.018007159,0
0.29740524,-2.7036161,-2.7494807,-0.053191125,-0.34888688,-0.9356541,0
1.026764,-3.595993,0.69035494,-0.090395123,-0.93145132,0.35245863,0
2.2538037,-3.1105413,2.2879698,-0.090395123,-0.93145132,0.35245863,0
-1.7069948,2.1786952,-4.4560499,-0.053191125,-0.34888688,-0.9356541,0
0.40338516,-3.8443515,-2.3301477,-0.053191125,-0.34888688,-0.9356541,0
3.6494951,1.3458486,-0.53840709,0.99448448,-0.10332623,-0.018007159,0
-0.88772726,3.6396651,-0.53928256,0.090395123,0.93145132,-0.35245863,0
3.6407886,1.3275354,-0.91415858,0.99448448,-0.10332623,-0.018007159,0
2.7877662,-3.7067041,0.84942126,-0.090395123,-0.93145132,0.35245863,0
-3.4303422,0.55971402,1.707375,-0.99448448,0.10332623,0.018007159,0
-3.3223729,1.9374154,-0.23513031,-0.99448448,0.10332623,0.018007159,0
3.4719005,-0.87933898,2.4217839,0.99448448,-0.10332623,-0.018007159,0
-0.4778173,4.4504681,1.708577,0.090395123,0.93145132,-0.35245863,0
-3.4494166,0.87535554,-1.1572306,-0.99448448,0.10332623,0.018007159,0
-1.3803103,2.5552204,2.8663766,0.053191125,0.34888688,0.9356541,0
2.0889535,0.42063463,3.465097,0.053191125,0.34888688,0.9356541,0
-0.51080042,3.2043943,-1.592914,0.090395123,0.93145132,-0.35245863,0
2.0413942,-4.0522962,-2.3457286,-0.053191125,-0.34888688,-0.9356541,0
-1.0049272,3.0153122,2.6734772,0.053191125,0.34888688,0.9356541,0
3.6274674,1.7008848,-3.7921181,0.99448448,-0.10332623,-0.018007159,0
0.16326833,-3.6289318,0.38184685,-0.090395123,-0.93145132,0.35245863,0
-3.5078571,0.46302232,-2.018728,-0.99448448,0.10332623,0.018007159,0
-0.77291441,4.0652862,0.6149621,0.090395123,0.93145132,-0.35245863,0
-3.7166266,-1.6392895,-1.4852957,-0.99448448,0.10332623,0.018007159,0
-3.7887239,-3.0918956,-2.372406,-0.053191125,-0.34888688,-0.9356541,0
-3.6922345,-1.2747047,-2.2301822,-0.99448448,0.10332623,0.018007159,0
-3.1475654,3.618016,-0.22441101,-0.99448448,0.10332623,0.018007159,0
3.3845429,2.8521223,-1.5248339,0.090395123,0.93145132,-0.35245863,0
3.6893885,1.744148,-0.62066627,0.99448448,-0.10332623,-0.018007159,0
3.6288106,1.0968804,-0.25216889,0.99448448,-0.10332623,-0.018007159,0
1.2086101,1.1309547,-4.2311172,-0.053191125,-0.34888688,-0.9356541,0
3.4060197,-1.7815526,3.9603508,0.99448448,-0.10332623,-0.018007159,0
-3.5868819,-0.74109364,0.52623868,-0.99448448,0.10332623,0.018007159,0
2.8087339,2.7725759,-1.8827295,0.090395123,0.93145132,-0.35245863,0
1.1694688,-2.9693801,2.3829203,-0.090395123,-0.93145132,0.35245863,0
2.3953009,2.3239732,-3.1742969,0.090395123,0.93145132,-0.35245863,0
-0.61361504,-1.3197875,-3.2136924,-0.053191125,-0.34888688,-0.9356541,0
3.1196425,-3.6887074,-0.91206503,0.99448448,-0.10332623,-0.018007159,0
-0.65698254,-2.554769,3.0101936,-0.090395123,-0.93145132,0.35245863,0
3.1103029,-2.4063673,-3.0202296,-0.053191125,-0.34888688,-0.9356541,0
-2.5702071,1.363999,3.3782039,0.053191125,0.34888688,0.9356541,0
-3.109586,-1.750782,4.5058918,-0.090395123,-0.93145132,0.35245863,0
0.14409208,-3.5146072,-2.4383626,-0.053191125,-0.34888688,-0.9356541,0
3.8745244,3.9775074,2.0373015,0.053191125,0.34888688,0.9356541,0
1.6183071,4.1044388,1.3317082,0.090395123,0.93145132,-0.35245863,0
3.3472354,-2.127203,2.6972256,0.99448448,-0.10332623,-0.018007159,0
-3.5013864,0.46914795,-1.6965244,-0.99448448,0.10332623,0.018007159,0
-3.4389801,0.36199546,2.3648093,-0.99448448,0.10332623,0.018007159,0
-3.4868374,0.59306651,-1.604069,-0.99448448,0.10332623,0.018007159,0
-3.0020809,4.6542826,1.8641286,-0.99448448,0.10332623,0.018007159,0
-3.3455942,1.1646175,2.9167569,-0.99448448,0.10332623,0.018007159,0
-3.4778895,0.31728029,0.47254753,-0.99448448,0.10332623,0.018007159,0
-1.3829091,-4.2034183,-1.532912,-0.090395123,-0.93145132,0.35245863,0
-0.4139483,2.8043661,2.7185383,0.053191125,0.34888688,0.9356541,0
-1.2265108,2.9886878,-2.346525,0.090395123,0.93145132,-0.35245863,0
-2.9347334,1.7860093,-4.2398291,-0.053191125,-0.34888688,-0.9356541,0
-1.4188788,-2.1579328,-2.8553863,-0.053191125,-0.34888688,-0.9356541,0
-2.7173705,-2.5710063,2.4388559,-0.090395123,-0.93145132,0.35245863,0
-0.33293843,0.63402957,3.5232086,0.053191125,0.34888688,0.9356541,0
-0.84876251,-1.6619716,4.4086657,0.053191125,0.34888688,0.9356541,0
3.5217452,0.3457799,-1.8551927,0.99448448,-0.10332623,-0.018007159,0
2.9665694,3.5900111,0.31800735,0.090395123,0.93145132,-0.35245863,0
-3.8485661,-3.1004574,-0.38764691,-0.99448448,0.10332623,0.018007159,0
-2.3734446,-3.385078,0.37569487,-0.090395123,-0.93145132,0.35245863,0
0.48155499,1.5261631,3.1442466,0.053191125,0.34888688,0.9356541,0
1.0719759,2.4384828,-3.2110744,0.090395123,0.93145132,-0.35245863,0
-1.8813989,-3.2022979,-2.4396691,-0.053191125,-0.34888688,-0.9356541,0
-3.6428812,-1.800437,3.5120959,-0.99448448,0.10332623,0.018007159,0
0.61451173,1.2306132,3.2468925,0.053191125,0.34888688,0.9356541,0
0.27903271,1.1000564,3.3146465,0.053191125,0.34888688,0.9356541,0
-3.6568162,-1.5303113,1.1925306,-0.99448448,0.10332623,0.018007159,0
0.56020999,2.313993,-3.6713183,0.090395123,0.93145132,-0.35245863,0
3.1777098,-3.1056008,-1.0510564,0.99448448,-0.10332623,-0.018007159,0
3.7553101,2.1913877,0.45370126,0.99448448,-0.10332623,-0.018007159,0
1.0650697,0.72981024,3.4080186,0.053191125,0.34888688,0.9356541,0
2.0749912,-2.9857297,2.5719526,-0.090395123,-0.93145132,0.35245863,0
0.65532684,-4.1295862,-2.2381124,-0.053191125,-0.34888688,-0.9356541,0
-0.24005699,-3.3087516,1.1245538,-0.090395123,-0.93145132,0.35245863,0
-3.2564635,2.8484013,-3.2378869,0.090395123,0.93145132,-0.35245863,0
-0.24046957,-3.7156181,0.049212039,-0.090395123,-0.93145132,0.35245863,0
-3.3582811,-3.1787999,-2.3644719,-0.053191125,-0.34888688,-0.9356541,0
-2.3617735,-2.2472792,-2.7684679,-0.053191125,-0.34888688,-0.9356541,0
-0.58531833,-0.52513939,-3.5116096,-0.053191125,-0.34888688,-0.9356541,0
-2.0931072,4.3962259,2.2204239,0.053191125,0.34888688,0.9356541,0
0.89066839,-4.0917082,-2.2656152,-0.053191125,-0.34888688,-0.9356541,0
-0.37281108,2.453351,2.8470864,0.053191125,0.34888688,0.9356541,0
3.5309162,0.36625028,-1.4661822,0.99448448,-0.10332623,-0.018007159,0
2.2789583,-0.068233371,3.6365848,0.053191125,0.34888688,0.9356541,0
3.3270621,-2.547384,4.0514994,-0.090395123,-0.93145132,0.35245863,0
-0.83733678,4.0690193,0.6083045,0.090395123,0.93145132,-0.35245863,0
-3.4073749,1.6323807,-3.1792231,-0.99448448,0.10332623,0.018007159,0
2.0911422,-4.0208311,-0.15939355,-0.090395123,-0.93145132,0.35245863,0
-1.1938453,4.5736389,2.103148,0.053191125,0.34888688,0.9356541,0
-1.5316386,-1.4142493,-3.1262808,-0.053191125,-0.34888688,-0.9356541,0
-3.3951912,1.5618356,-2.1015835,-0.99448448,0.10332623,0.018007159,0
0.091010943,-2.9960334,2.0358913,-0.090395123,-0.93145132,0.35245863,0
2.4105644,-3.5200109,-2.5651941,-0.053191125,-0.34888688,-0.9356541,0
0.53366375,0.18052065,3.6430478,0.053191125,0.34888688,0.9356541,0
-0.47393298,-4.462368,-1.9841187,-0.090395123,-0.93145132,0.35245863,0
-1.8870946,-3.422657,0.40111864,-0.090395123,-0.93145132,0.35245863,0
-1.0230219,-3.8089979,-0.39826691,-0.090395123,-0.93145132,0.35245863,0
1.0086474,-4.1283617,-0.72119498,-0.090395123,-0.93145132,0.35245863,0
-3.6688175,-1.3908134,-0.27069926,-0.99448448,0.10332623,0.018007159,0
-1.7501147,-1.9665227,4.2844119,-0.090395123,-0.93145132,0.35245863,0
3.525116,-0.16627067,1.2691281,0.99448448,-0.10332623,-0.018007159,0
-1.9046183,4.0221624,2.3491895,0.053191125,0.34888688,0.9356541,0
3.3423371,-2.3879166,3.9226825,0.99448448,-0.10332623,-0.018007159,0
0.94356585,1.3908226,-4.3129497,-0.053191125,-0.34888688,-0.9356541,0
1.0796683,2.0789685,-4.1591983,0.090395123,0.93145132,-0.35245863,0
-2.9800887,4.6715627,2.1681805,0.053191125,0.34888688,0.9356541,0
-1.4840274,2.9896643,-2.409991,0.090395123,0.93145132,-0.35245863,0
3.6092997,0.58440411,1.6109179,0.99448448,-0.10332623,-0.018007159,0
-3.8398259,-2.7602208,-1.8572491,-0.99448448,0.10332623,0.018007159,0
2.3563771,3.4341424,-0.25040781,0.090395123,0.93145132,-0.35245863,0
0.14140993,3.3713164,-0.98451257,0.090395123,0.93145132,-0.35245863,0
0.93270934,3.5672479,-0.26377398,0.090395123,0.93145132,-0.35245863,0
0.38231468,2.4279575,2.813627,0.053191125,0.34888688,0.9356541,0
0.24821043,-3.7604122,-2.3526258,-0.053191125,-0.34888688,-0.9356541,0
3.2007122,-2.5599654,-2.9115951,0.99448448,-0.10332623,-0.018007159,0
-3.5416582,-0.46178889,1.4211605,-0.99448448,0.10332623,0.018007159,0
3.5933578,0.51210797,3.3454645,0.053191125,0.34888688,0.9356541,0
1.6782262,-2.5253699,3.6867993,-0.090395123,-0.93145132,0.35245863,0
2.2818186,-2.5090148,3.8848243,-0.090395123,-0.93145132,0.35245863,0
0.42422307,3.65137,-0.17187512,0.090395123,0.93145132,-0.35245863,0
-3.4206531,-2.4853001,2.4849818,-0.090395123,-0.93145132,0.35245863,0
-3.6991658,-1.5309418,-1.1426739,-0.99448448,0.10332623,0.018007159,0
-3.909677,-3.9125524,-2.0595238,-0.053191125,-0.34888688,-0.9356541,0
-3.6640587,-1.7565475,2.090719,-0.99448448,0.10332623,0.018007159,0
-3.5492156,-1.0211749,4.2135487,-0.99448448,0.10332623,0.018007159,0
0.14376354,-1.6723485,4.3561115,0.053191125,0.34888688,0.9356541,0
-2.9343395,-1.0677528,4.3056574,0.053191125,0.34888688,0.9356541,0
3.4235768,1.9567003,-3.8811767,0.090395123,0.93145132,-0.35245863,0
2.4225938,-2.87607,2.9509029,-0.090395123,-0.93145132,0.35245863,0
0.25456095,0.32962036,-3.8780787,-0.053191125,-0.34888688,-0.9356541,0
-1.5966464,3.5342593,-0.99965966,0.090395123,0.93145132,-0.35245863,0
0.094103336,2.7054429,2.7265425,0.053191125,0.34888688,0.9356541,0
-0.10616672,3.5577168,-0.55540341,0.090395123,0.93145132,-0.35245863,0
-3.1380305,-3.1164656,0.88946891,-0.090395123,-0.93145132,0.35245863,0
-3.3240852,-3.3580909,-2.2995617,-0.053191125,-0.34888688,-0.9356541,0
-3.4243982,-1.4395514,4.4721522,0.053191125,0.34888688,0.9356541,0
2.9666054,-0.56056464,3.7810731,0.053191125,0.34888688,0.9356541,0
3.7764566,2.7044702,-1.3225272,0.99448448,-0.10332623,-0.018007159,0
2.183557,1.857841,-4.4604611,0.090395123,0.93145132,-0.35245863,0
-2.8642483,2.2594109,3.061039,0.053191125,0.34888688,0.9356541,0
3.3447866,-1.4480057,-1.3352747,0.99448448,-0.10332623,-0.018007159,0
2.0676074,-4.2436342,-0.75423765,-0.090395123,-0.93145132,0.35245863,0
-0.66671157,-3.3179171,-2.465611,-0.053191125,-0.34888688,-0.9356541,0
2.6283484,-1.224653,-3.4334686,-0.053191125,-0.34888688,-0.9356541,0
1.7966093,-2.0589447,4.4063025,0.053191125,0.34888688,0.9356541,0
-3.6731176,-1.4579697,-0.12282848,-0.99448448,0.10332623,0.018007159,0
3.4404831,-0.53515029,-1.2882414,0.99448448,-0.10332623,-0.018007159,0
3.0259149,-0.62857962,-3.678334,-0.053191125,-0.34888688,-0.9356541,0
3.4773173,2.581665,-2.2157838,0.090395123,0.93145132,-0.35245863,0
-3.4848251,0.68509388,-2.0210094,-0.99448448,0.10332623,0.018007159,0
-3.5023513,-0.080994248,1.4069366,-0.99448448,0.10332623,0.018007159,0
-3.7638063,-2.2778966,-0.42652011,-0.99448448,0.10332623,0.018007159,0
3.3486204,-1.5980891,-0.26236677,0.99448448,-0.10332623,-0.018007159,0
-2.2131207,4.6502752,1.7915566,0.090395123,0.93145132,-0.35245863,0
3.779067,2.5789433,-0.45809722,0.99448448,-0.10332623,-0.018007159,0
0.026717335,2.8457274,-2.402915,0.090395123,0.93145132,-0.35245863,0
3.1333666,-3.3394942,-2.1579456,0.99448448,-0.10332623,-0.018007159,0
-2.3682153,-0.074410677,3.9030757,0.053191125,0.34888688,0.9356541,0
-0.24830329,-3.4411507,0.77254409,-0.090395123,-0.93145132,0.35245863,0
-3.4842966,-0.25692582,3.4135399,-0.99448448,0.10332623,0.018007159,0
-3.439172,0.85091585,-0.45121431,-0.99448448,0.10332623,0.018007159,0
1.2221615,-1.8758261,-3.1107187,-0.053191125,-0.34888688,-0.9356541,0
-2.9402459,-2.8466778,1.6531699,-0.090395123,-0.93145132,0.35245863,0
-3.4628429,-4.1531887,-1.9951973,-0.053191125,-0.34888688,-0.9356541,0
1.103626,-0.2840302,-3.6975293,-0.053191125,-0.34888688,-0.9356541,0
3.6369159,1.1778052,3.0947628,0.053191125,0.34888688,0.9356541,0
-2.818404,3.0949521,-2.4739716,0.090395123,0.93145132,-0.35245863,0
2.1834564,0.26218379,3.5188079,0.053191125,0.34888688,0.9356541,0
-2.0763357,-2.1477313,3.7218609,-0.090395123,-0.93145132,0.35245863,0
-2.4083889,1.6649656,-4.2246165,-0.053191125,-0.34888688,-0.9356541,0
0.77473307,0.03312397,3.684304,0.053191125,0.34888688,0.9356541,0
-2.2958314,-0.97230458,4.2337675,0.053191125,0.34888688,0.9356541,0
1.4631245,-2.4438224,3.8471386,-0.090395123,-0.93145132,0.35245863,0
1.9579606,3.3154783,-0.66618615,0.090395123,0.93145132,-0.35245863,0
-3.2481399,2.9100168,-1.7162952,-0.99448448,0.10332623,0.018007159,0
-3.5771155,-0.31923169,-1.3550553,-0.99448448,0.10332623,0.018007159,0
-3.6369457,-1.4277072,1.7011704,-0.99448448,0.10332623,0.018007159,0
-0.42959833,-0.53690863,3.965323,0.053191125,0.34888688,0.9356541,0
-0.86089325,4.100482,2.2606514,0.053191125,0.34888688,0.9356541,0
-0.80824578,-2.2277532,3.8356116,-0.090395123,-0.93145132,0.35245863,0
-3.2589948,-3.0467176,1.0427692,-0.090395123,-0.93145132,0.35245863,0
3.1721056,-3.4556499,0.64800668,0.99448448,-0.10332623,-0.018007159,0
2.8959002,3.4189591,2.3012071,0.053191125,0.34888688,0.9356541,0
-0.53193641,-2.1743188,4.0476899,-0.090395123,-0.93145132,0.35245863,0
2.1447639,-2.7512112,3.2096169,-0.090395123,-0.93145132,0.35245863,0
-3.0643141,-3.3262417,0.35399568,-0.090395123,-0.93145132,0.35245863,0
1.6140043,-1.5593507,4.2303944,0.053191125,0.34888688,0.9356541,0
0.44277927,3.2502646,-1.2271268,0.090395123,0.93145132,-0.35245863,0
1.1434717,4.1672401,1.3758943,0.090395123,0.93145132,-0.35245863,0
3.4950111,-0.25094885,0.092405796,0.99448448,-0.10332623,-0.018007159,0
3.4870014,2.2174628,2.7156179,0.053191125,0.34888688,0.9356541,0
-0.9909724,-2.7757399,2.3405704,-0.090395123,-0.93145132,0.35245863,0
0.11759806,0.62690377,-3.9811437,-0.053191125,-0.34888688,-0.9356541,0
3.5132797,-0.020703554,-0.21984172,0.99448448,-0.10332623,-0.018007159,0
-1.5284514,1.3406904,3.3276725,0.053191125,0.34888688,0.9356541,0
0.54191685,-1.8882458,-3.0674167,-0.053191125,-0.34888688,-0.9356541,0
-3.6035357,-0.47348672,-1.9290277,-0.99448448,0.10332623,0.018007159,0
3.8312502,3.0899949,-0.50860906,0.99448448,-0.10332623,-0.018007159,0
3.0838099,1.0794717,3.1628733,0.053191125,0.34888688,0.9356541,0
-0.32193398,0.30051351,3.6469448,0.053191125,0.34888688,0.9356541,0
1.2327807,-4.0958567,-0.57780886,-0.090395123,-0.93145132,0.35245863,0
-0.83997667,-2.2443929,3.7835009,-0.090395123,-0.93145132,0.35245863,0
1.0132513,1.1453981,3.2559998,0.053191125,0.34888688,0.9356541,0
-3.160553,-3.9708905,-2.0803576,-0.053191125,-0.34888688,-0.9356541,0
3.5425427,-0.24945247,2.7088478,0.99448448,-0.10332623,-0.018007159,0
-2.259109,-1.8338115,-2.9284782,-0.053191125,-0.34888688,-0.9356541,0
-3.4250345,0.95226556,-0.25201058,-0.99448448,0.10332623,0.018007159,0
-3.3291574,2.4931715,-3.79878,-0.99448448,0.10332623,0.018007159,0
-3.5849705,-0.31225416,-1.8288941,-0.99448448,0.10332623,0.018007159,0
-2.5683286,-1.3356614,4.3847475,0.053191125,0.34888688,0.9356541,0
-3.5321469,0.32856792,-2.5886781,-0.99448448,0.10332623,0.018007159,0
-2.0642617,-3.5472484,0.026417792,-0.090395123,-0.93145132,0.35245863,0
1.7426744,-1.3954308,4.1619577,0.053191125,0.34888688,0.9356541,0
2.0296097,4.2037463,1.6996385,0.090395123,0.93145132,-0.35245863,0
0.36095613,-3.3854678,1.0759562,-0.090395123,-0.93145132,0.35245863,0
-2.3262811,-3.6515512,-0.31642538,-0.090395123,-0.93145132,0.35245863,0
-3.5586052,-0.65170145,1.5749278,-0.99448448,0.10332623,0.018007159,0
1.8886781,-1.8078536,-3.173955,-0.053191125,-0.34888688,-0.9356541,0
3.7778797,2.7348046,-1.4180059,0.99448448,-0.10332623,-0.018007159,0
3.4230599,2.1451058,2.7462335,0.053191125,0.34888688,0.9356541,0
-2.7123542,0.9806304,3.5292356,0.053191125,0.34888688,0.9356541,0
3.5772128,0.50330555,0.30422187,0.99448448,-0.10332623,-0.018007159,0
-1.4417343,2.1516972,-4.4610624,-0.053191125,-0.34888688,-0.9356541,0
-2.3876219,-4.1833506,-1.7375579,-0.090395123,-0.93145132,0.35245863,0
1.4362757,0.65542293,-4.0667434,-0.053191125,-0.34888688,-0.9356541,0
3.3597102,-2.2520955,4.102797,0.99448448,-0.10332623,-0.018007159,0
0.32325792,-4.2215161,-2.1849556,-0.053191125,-0.34888688,-0.9356541,0
-3.332253,2.1168056,-1.8101182,-0.99448448,0.10332623,0.018007159,0
0.67056847,-2.9492729,-2.6790943,-0.053191125,-0.34888688,-0.9356541,0
2.878315,-2.5622981,-2.9488978,-0.053191125,-0.34888688,-0.9356541,0
0.64737856,3.7349396,0.10620993,0.090395123,0.93145132,-0.35245863,0
-3.3852174,1.8658972,-3.2954733,-0.99448448,0.10332623,0.018007159,0
-2.9063463,-2.9625061,-2.4708154,-0.053191125,-0.34888688,-0.9356541,0
-2.0180042,2.8708367,-2.8609669,0.090395123,0.93145132,-0.35245863,0
-3.4322891,0.99252439,-0.88364482,-0.99448448,0.10332623,0.018007159,0
-0.78833914,3.5372252,2.4665537,0.053191125,0.34888688,0.9356541,0
3.4901278,0.22871399,-2.9295883,0.99448448,-0.10332623,-0.018007159,0
0.40018988,-3.527493,-2.4481165,-0.053191125,-0.34888688,-0.9356541,0
-0.65777516,2.3708475,2.8940501,0.053191125,0.34888688,0.9356541,0
-3.7547491,-3.1714354,-2.3446794,-0.053191125,-0.34888688,-0.9356541,0
3.2691655,-2.281532,-0.72877693,0.99448448,-0.10332623,-0.018007159,0
2.2666168,-2.6201942,3.5871077,-0.090395123,-0.93145132,0.35245863,0
1.5411835,3.9282894,0.84641421,0.090395123,0.93145132,-0.35245863,0
2.9621789,1.8689337,-4.2314534,0.090395123,0.93145132,-0.35245863,0
-3.3576758,1.6202053,-0.36464214,-0.99448448,0.10332623,0.018007159,0
3.5601838,0.22346848,0.96945882,0.99448448,-0.10332623,-0.018007159,0
3.5138102,-0.42748615,2.14359,0.99448448,-0.10332623,-0.018007159,0
-0.10850239,1.0546736,3.3535998,0.053191125,0.34888688,0.9356541,0
3.2683852,-2.4630783,0.26982951,0.99448448,-0.10332623,-0.018007159,0
0.92990398,-2.0967863,4.4696846,0.053191125,0.34888688,0.9356541,0
3.4249711,0.88265324,3.2168682,0.053191125,0.34888688,0.9356541,0
2.0921533,-1.7548728,-3.2052777,-0.053191125,-0.34888688,-0.9356541,0
0.82355779,-2.8341777,2.6515088,-0.090395123,-0.93145132,0.35245863,0
1.8897395,4.1335154,2.0919623,0.053191125,0.34888688,0.9356541,0
-1.8556323,1.297017,3.3625574,0.053191125,0.34888688,0.9356541,0
2.8831432,1.742888,2.9269059,0.053191125,0.34888688,0.9356541,0
0.87926757,-3.2225306,1.6394856,-0.090395123,-0.93145132,0.35245863,0
-3.4650221,1.1796761,-3.7652824,-0.99448448,0.10332623,0.018007159,0
1.1195862,2.2050433,-3.8157785,0.090395123,0.93145132,-0.35245863,0
3.4187021,-1.0724957,0.59217072,0.99448448,-0.10332623,-0.018007159,0
-3.0821352,-4.1774693,-1.9001361,-0.090395123,-0.93145132,0.35245863,0
1.2122772,0.59763598,-4.0324621,-0.053191125,-0.34888688,-0.9356541,0
-0.39324546,2.989429,2.6483552,0.053191125,0.34888688,0.9356541,0
-0.99188757,-4.0239224,-2.1838698,-0.053191125,-0.34888688,-0.9356541,0
2.7948446,-3.4839196,1.4399951,-0.090395123,-0.93145132,0.35245863,0
-0.93387508,3.2690678,-1.530506,0.090395123,0.93145132,-0.35245863,0
2.5110862,-2.7213738,3.3824189,-0.090395123,-0.93145132,0.35245863,0
3.3483782,3.7867968,0.9359802,0.090395123,0.93145132,-0.35245863,0
-3.690877,-3.3971858,0.0058135986,-0.090395123,-0.93145132,0.35245863,0
0.88033968,3.3668692,-0.80675149,0.090395123,0.93145132,-0.35245863,0
-3.5457029,-0.28237677,0.16828752,-0.99448448,0.10332623,0.018007159,0
1.9454091,-0.53088963,-3.6533346,-0.053191125,-0.34888688,-0.9356541,0
-2.7858901,4.3417959,2.2801042,0.053191125,0.34888688,0.9356541,0
2.9495625,-3.7568667,0.75835228,-0.090395123,-0.93145132,0.35245863,0
0.40500328,3.2560787,-1.2214494,0.090395123,0.93145132,-0.35245863,0
3.2406251,-0.91555619,3.8978643,0.053191125,0.34888688,0.9356541,0
3.4501126,-1.2718357,3.4706845,0.99448448,-0.10332623,-0.018007159,0
0.62420821,-2.9221125,-2.6865859,-0.053191125,-0.34888688,-0.9356541,0
2.7256546,-3.2520583,-2.6830211,-0.053191125,-0.34888688,-0.9356541,0
-0.071575165,-0.67791551,-3.4838481,-0.053191125,-0.34888688,-0.9356541,0
3.1019573,-2.8625801,-2.8496425,-0.053191125,-0.34888688,-0.9356541,0
-0.86103201,2.4091437,-3.7843661,0.090395123,0.93145132,-0.35245863,0
-0.51401424,0.84272861,-4.0257139,-0.053191125,-0.34888688,-0.9356541,0
2.5951755,-0.14286339,3.646436,0.053191125,0.34888688,0.9356541,0
-1.1808548,-1.5820383,-3.083657,-0.053191125,-0.34888688,-0.9356541,0
-2.2223854,3.3171375,-1.7339358,0.090395123,0.93145132,-0.35245863,0
-3.2582664,-1.4674022,-3.0083039,-0.053191125,-0.34888688,-0.9356541,0
1.9088814,-3.1358519,2.1326191,-0.090395123,-0.93145132,0.35245863,0
0.24576545,-3.0255702,1.9975233,-0.090395123,-0.93145132,0.35245863,0
3.1508996,-2.3491793,-3.0438619,-0.053191125,-0.34888688,-0.9356541,0
1.6835074,3.0633049,2.5027468,0.053191125,0.34888688,0.9356541,0
1.9533961,-0.56427217,-3.6413414,-0.053191125,-0.34888688,-0.9356541,0
3.6840484,1.9773834,2.7939367,0.053191125,0.34888688,0.9356541,0
3.3177629,-1.8002943,-0.80627155,0.99448448,-0.10332623,-0.018007159,0
3.57847,0.92754054,-2.0606425,0.99448448,-0.10332623,-0.018007159,0
1.4184363,3.8424044,0.58796287,0.090395123,0.93145132,-0.35245863,0
-2.3032856,-3.7293141,-0.51603413,-0.090395123,-0.93145132,0.35245863,0
2.8991888,2.9268718,-1.4517694,0.090395123,0.93145132,-0.35245863,0
0.19757244,2.9220989,-2.1572671,0.090395123,0.93145132,-0.35245863,0
-2.3360784,3.5520554,2.549011,0.053191125,0.34888688,0.9356541,0
-1.5519221,-1.2223185,-3.1966949,-0.053191125,-0.34888688,-0.9356541,0
3.5011992,-0.63546622,2.6405258,0.99448448,-0.10332623,-0.018007159,0
-3.1387858,3.6832581,-1.0014091,0.090395123,0.93145132,-0.35245863,0
-1.451911,-2.8226607,2.0983543,-0.090395123,-0.93145132,0.35245863,0
0.60919636,-3.1253529,1.8270336,-0.090395123,-0.93145132,0.35245863,0
-1.086971,-3.8995156,-2.224853,-0.053191125,-0.34888688,-0.9356541,0
1.2070129,1.8494017,2.9824755,0.053191125,0.34888688,0.9356541,0
3.884589,3.2108848,1.743448,0.99448448,-0.10332623,-0.018007159,0
0.11782861,2.7516608,2.7079601,0.053191125,0.34888688,0.9356541,0
0.64703321,-4.1312246,-0.82150292,-0.090395123,-0.93145132,0.35245863,0
3.5362613,0.76885009,-3.4811385,0.99448448,-0.10332623,-0.018007159,0
-3.2484372,0.27339697,3.8234243,0.053191125,0.34888688,0.9356541,0
0.42386246,1.4058831,-4.2890205,-0.053191125,-0.34888688,-0.9356541,0
-1.926878,3.423496,-1.3770705,0.090395123,0.93145132,-0.35245863,0
3.3115277,-2.1165891,0.66429639,0.99448448,-0.10332623,-0.018007159,0
1.3594285,-0.68962693,3.9205642,0.053191125,0.34888688,0.9356541,0
-2.8382955,0.36270547,3.7668068,0.053191125,0.34888688,0.9356541,0
-3.6502872,-2.1355824,3.3502967,-0.090395123,-0.93145132,0.35245863,0
-1.5976598,-0.71187353,4.0969677,0.053191125,0.34888688,0.9356541,0
3.4376452,-0.55442852,-1.334343,0.99448448,-0.10332623,-0.018007159,0
3.6006799,0.27822775,2.8917248,0.99448448,-0.10332623,-0.018007159,0
3.7594781,2.035279,1.5796515,0.99448448,-0.10332623,-0.018007159,0
-1.1725252,-0.63687521,-3.4365633,-0.053191125,-0.34888688,-0.9356541,0
-3.8660939,-2.9330523,-2.3162496,-0.99448448,0.10332623,0.018007159,0
3.7481232,1.7904545,2.3573487,0.99448448,-0.10332623,-0.018007159,0
-3.0833447,-3.0252557,1.144538,-0.090395123,-0.93145132,0.35245863,0
1.8169842,-0.9918707,-3.4741435,-0.053191125,-0.34888688,-0.9356541,0
-3.7179246,-1.4203405,-2.8132994,-0.99448448,0.10332623,0.018007159,0
-0.80980623,-2.6466167,2.7282705,-0.090395123,-0.93145132,0.35245863,0
3.4786353,-0.93710887,3.1252253,0.99448448,-0.10332623,-0.018007159,0
-3.5018759,-0.16801262,1.9325185,-0.99448448,0.10332623,0.018007159,0
0.44251728,3.8075089,0.24544948,0.090395123,0.93145132,-0.35245863,0
-3.6603427,-1.842525,2.7892745,-0.99448448,0.10332623,0.018007159,0
3.1344383,-3.693785,-0.065804958,0.99448448,-0.10332623,-0.018007159,0
2.8120027,1.9784546,-3.980535,0.090395123,0.93145132,-0.35245863,0
-0.61937225,3.6481717,-0.44797754,0.090395123,0.93145132,-0.35245863,0
-3.5395143,-0.71826196,3.0111873,-0.99448448,0.10332623,0.018007159,0
3.1470644,-3.3031235,-1.6100998,0.99448448,-0.10332623,-0.018007159,0
-3.5264373,-0.043668151,-0.13745809,-0.99448448,0.10332623,0.018007159,0
-0.89434719,-4.3555584,-1.809674,-0.090395123,-0.93145132,0.35245863,0
-1.8773799,4.2147517,2.2758284,0.053191125,0.34888688,0.9356541,0
3.1078198,3.4261746,-0.078742027,0.090395123,0.93145132,-0.35245863,0
0.78704906,-1.6506845,-3.1699343,-0.053191125,-0.34888688,-0.9356541,0
-3.6818004,-2.0836763,2.9879525,-0.99448448,0.10332623,0.018007159,0
-3.2423167,-2.1899276,3.3113079,-0.090395123,-0.93145132,0.35245863,0
1.2709188,0.72094774,-4.0817761,-0.053191125,-0.34888688,-0.9356541,0
-3.4342432,0.6184324,1.1549873,-0.99448448,0.10332623,0.018007159,0
1.0654237,-1.62184,4.2848821,0.053191125,0.34888688,0.9356541,0
-2.652513,-0.27431655,3.9937782,0.053191125,0.34888688,0.9356541,0
-2.2822011,2.3960373,-4.1834912,0.090395123,0.93145132,-0.35245863,0
-1.7361625,2.3595972,-4.139751,0.090395123,0.93145132,-0.35245863,0
2.9195285,-0.53902292,3.775717,0.053191125,0.34888688,0.9356541,0
3.6543148,0.86508203,2.4864233,0.99448448,-0.10332623,-0.018007159,0
-3.4906356,0.93522382,-3.7771537,-0.99448448,0.10332623,0.018007159,0
-3.3474333,2.327559,-3.8577962,-0.99448448,0.10332623,0.018007159,0
-2.4363513,-4.2426548,-1.9067793,-0.090395123,-0.93145132,0.35245863,0
2.9522851,2.154026,2.76967,0.053191125,0.34888688,0.9356541,0
1.7256905,-3.7025878,0.58790922,-0.090395123,-0.93145132,0.35245863,0
0.7367819,2.7634418,-2.4382632,0.090395123,0.93145132,-0.35245863,0
0.57191247,-2.677283,3.0015974,-0.090395123,-0.93145132,0.35245863,0
1.5217092,3.5533686,-0.14939219,0.090395123,0.93145132,-0.35245863,0
3.6372247,0.92985809,1.1709228,0.99448448,-0.10332623,-0.018007159,0
-3.2804537,2.1691809,0.75007772,-0.99448448,0.10332623,0.018007159,0
-1.1108668,2.8643911,-2.6453481,0.090395123,0.93145132,-0.35245863,0
3.6871378,1.2729609,1.9587202,0.99448448,-0.10332623,-0.018007159,0
-0.52539754,1.3675359,3.2606397,0.053191125,0.34888688,0.9356541,0
-3.5009108,-0.2721324,2.5832551,-0.99448448,0.10332623,0.018007159,0
-2.9184642,-2.6387539,2.2082422,-0.090395123,-0.93145132,0.35245863,0
-0.40476274,1.1587293,-4.149755,-0.053191125,-0.34888688,-0.9356541,0
-1.6183934,4.1052818,0.50382137,0.090395123,0.93145132,-0.35245863,0
2.3177962,-3.4633574,1.3719864,-0.090395123,-0.93145132,0.35245863,0
0.54468679,-1.4700549,-3.2235091,-0.053191125,-0.34888688,-0.9356541,0
-1.2302582,1.7820075,3.1461618,0.053191125,0.34888688,0.9356541,0
0.93028402,3.9678006,0.79415351,0.090395123,0.93145132,-0.35245863,0
-0.65582275,-0.61399335,-3.4744694,-0.053191125,-0.34888688,-0.9356541,0
2.9738107,1.3566694,-4.4156313,-0.053191125,-0.34888688,-0.9356541,0
1.0699191,-4.1417613,-2.2571418,-0.053191125,-0.34888688,-0.9356541,0
3.6319747,0.96139991,0.69997907,0.99448448,-0.10332623,-0.018007159,0
-3.5892162,-0.35610622,-1.8117547,-0.99448448,0.10332623,0.018007159,0
-1.403789,3.0088587,-2.3386867,0.090395123,0.93145132,-0.35245863,0
2.1728096,1.9598098,-4.1937437,0.090395123,0.93145132,-0.35245863,0
-0.97940135,3.257494,-1.5727687,0.090395123,0.93145132,-0.35245863,0
2.1289878,2.836925,2.5618346,0.053191125,0.34888688,0.9356541,0
3.3631797,-1.2864203,-1.2466388,0.99448448,-0.10332623,-0.018007159,0
-3.7203927,-2.348525,2.3763745,-0.99448448,0.10332623,0.018007159,0
-3.2144799,3.2003849,-1.5235021,-0.99448448,0.10332623,0.018007159,0
-3.7408845,-2.4412179,1.7765214,-0.99448448,0.10332623,0.018007159,0
1.2161863,3.0543671,-1.5464753,0.090395123,0.93145132,-0.35245863,0
-3.720711,-2.029001,0.52530837,-0.99448448,0.10332623,0.018007159,0
-1.8375092,4.3842649,1.1848984,0.090395123,0.93145132,-0.35245863,0
3.6523032,1.4160748,-0.78628612,0.99448448,-0.10332623,-0.018007159,0
1.682292,4.3558903,2.0208366,0.053191125,0.34888688,0.9356541,0
-3.8730583,-3.1444423,-1.4878963,-0.99448448,0.10332623,0.018007159,0
-1.9964387,1.3138912,3.3642697,0.053191125,0.34888688,0.9356541,0
-3.7099075,-1.9964054,0.93492746,-0.99448448,0.10332623,0.018007159,0
-1.615226,-2.1351748,3.8733048,-0.090395123,-0.93145132,0.35245863,0
3.0081775,2.807446,2.5228455,0.053191125,0.34888688,0.9356541,0
-1.563962,-3.7528279,-0.38855964,-0.090395123,-0.93145132,0.35245863,0
2.2845416,3.4130189,-0.32465398,0.090395123,0.93145132,-0.35245863,0
1.1202307,0.8505941,3.3598447,0.053191125,0.34888688,0.9356541,0
-2.1761961,4.0180616,0.13025999,0.090395123,0.93145132,-0.35245863,0
-2.4741676,0.50103211,3.6945274,0.053191125,0.34888688,0.9356541,0
-1.2921302,4.4649372,1.5379658,0.090395123,0.93145132,-0.35245863,0
1.7052357,-2.3803332,4.0770178,-0.090395123,-0.93145132,0.35245863,0
-1.84375,-1.2150656,-3.1828094,-0.053191125,-0.34888688,-0.9356541,0
3.5416632,0.83635235,-3.5701354,0.99448448,-0.10332623,-0.018007159,0
-3.330224,1.6381313,1.0485859,-0.99448448,0.10332623,0.018007159,0
1.2191927,2.6667166,2.6770227,0.053191125,0.34888688,0.9356541,0
-3.3493738,1.7655971,-0.74041963,-0.99448448,0.10332623,0.018007159,0
2.3572793,0.94650435,3.2537565,0.053191125,0.34888688,0.9356541,0
0.14071703,-0.2394712,3.8219926,0.053191125,0.34888688,0.9356541,0
-2.1414075,2.6777742,-3.402828,0.090395123,0.93145132,-0.35245863,0
3.6593792,1.7978725,-2.5862679,0.99448448,-0.10332623,-0.018007159,0
3.6988771,2.2008529,-2.7172298,0.99448448,-0.10332623,-0.018007159,0
0.1681993,-1.0326861,-3.3651922,-0.053191125,-0.34888688,-0.9356541,0
-3.5622063,-0.50284457,0.52192664,-0.99448448,0.10332623,0.018007159,0
3.7192817,1.5926462,1.899554,0.99448448,-0.10332623,-0.018007159,0
0.77188921,1.4131925,-4.3115311,-0.053191125,-0.34888688,-0.9356541,0
-2.9428043,0.60803878,3.6812685,0.053191125,0.34888688,0.9356541,0
0.98692989,4.3688946,1.8686627,0.090395123,0.93145132,-0.35245863,0
-1.5339375,-1.5345235,4.4000945,0.053191125,0.34888688,0.9356541,0
-0.16016984,2.1863909,-4.1932907,0.090395123,0.93145132,-0.35245863,0
1.5362587,0.045107365,-3.8448529,-0.053191125,-0.34888688,-0.9356541,0
-3.0528536,4.2562609,0.53491974,0.090395123,0.93145132,-0.35245863,0
-3.6438527,-0.63241148,-3.2437189,-0.99448448,0.10332623,0.018007159,0
3.0702422,-3.5668335,1.2915077,-0.090395123,-0.93145132,0.35245863,0
2.4245043,0.53370786,-4.0775385,-0.053191125,-0.34888688,-0.9356541,0
2.5954387,-4.1968079,-0.49511528,-0.090395123,-0.93145132,0.35245863,0
0.063918114,-4.035131,-2.2397118,-0.053191125,-0.34888688,-0.9356541,0
-3.3729663,0.95111823,2.6301522,-0.99448448,0.10332623,0.018007159,0
-0.30711484,-2.1034787,-2.9388938,-0.053191125,-0.34888688,-0.9356541,0
0.76386428,4.2360516,1.4603858,0.090395123,0.93145132,-0.35245863,0
2.1537635,-0.49861729,-3.6772134,-0.053191125,-0.34888688,-0.9356541,0
3.5687375,0.018571049,2.6175675,0.99448448,-0.10332623,-0.018007159,0
0.49101281,-0.79765457,-3.4711823,-0.053191125,-0.34888688,-0.9356541,0
-2.400569,3.5917804,-1.0538282,0.090395123,0.93145132,-0.35245863,0
-1.793221,-3.7169263,-0.35247993,-0.090395123,-0.93145132,0.35245863,0
0.24124265,-0.10496366,-3.7152741,-0.053191125,-0.34888688,-0.9356541,0
-0.71619821,-4.4158778,-2.05339,-0.053191125,-0.34888688,-0.9356541,0
-1.4291177,-2.584322,-2.695812,-0.053191125,-0.34888688,-0.9356541,0
-3.95787,-3.9007993,-1.8317864,-0.99448448,0.10332623,0.018007159,0
2.4467611,-3.2292974,2.0236187,-0.090395123,-0.93145132,0.35245863,0
-1.7145002,0.22420216,3.7545657,0.053191125,0.34888688,0.9356541,0
-3.2552409,2.7376833,-1.1196108,-0.99448448,0.10332623,0.018007159,0
-0.088411331,-3.9167697,-0.44337988,-0.090395123,-0.93145132,0.35245863,0
3.7534499,2.4551265,-1.162385,0.99448448,-0.10332623,-0.018007159,0
3.6806645,1.3757864,1.011199,0.99448448,-0.10332623,-0.018007159,0
0.80401289,-2.5951481,3.2781844,-0.090395123,-0.93145132,0.35245863,0
0.76410544,-2.5533018,3.3785393,-0.090395123,-0.93145132,0.35245863,0
-0.6591869,3.1623244,-1.7421499,0.090395123,0.93145132,-0.35245863,0
-3.3922548,1.1910063,0.18842125,-0.99448448,0.10332623,0.018007159,0
-2.940429,3.5692992,2.5769377,0.053191125,0.34888688,0.9356541,0
1.3188846,-0.51486063,-3.6236944,-0.053191125,-0.34888688,-0.9356541,0
-2.6881399,-3.3409657,0.41156065,-0.090395123,-0.93145132,0.35245863,0
-0.76684761,-2.0959911,4.1944413,-0.090395123,-0.93145132,0.35245863,0
3.2559948,3.3843377,2.2936456,0.053191125,0.34888688,0.9356541,0
1.2444298,2.9267366,-1.876524,0.090395123,0.93145132,-0.35245863,0
-3.2698913,1.8548474,3.1370108,-0.99448448,0.10332623,0.018007159,0
3.4742236,0.10895538,-3.1207547,0.99448448,-0.10332623,-0.018007159,0
1.1771108,-2.8912976,2.5912311,-0.090395123,-0.93145132,0.35245863,0
-3.2743497,2.2790644,0.45662951,-0.99448448,0.10332623,0.018007159,0
-0.54280519,-1.6202346,-3.1056871,-0.053191125,-0.34888688,-0.9356541,0
2.1484969,-0.62585449,-3.6294699,-0.053191125,-0.34888688,-0.9356541,0
3.646919,1.4588156,-1.3288798,0.99448448,-0.10332623,-0.018007159,0
-2.7363119,-1.5764134,-2.9973283,-0.053191125,-0.34888688,-0.9356541,0
-2.0199554,-3.5495849,0.031607985,-0.090395123,-0.93145132,0.35245863,0
0.71555185,-4.3694477,-1.4334874,-0.090395123,-0.93145132,0.35245863,0
1.094574,0.61856389,-4.0335741,-0.053191125,-0.34888688,-0.9356541,0
1.7404256,-2.3599391,4.1399407,-0.090395123,-0.93145132,0.35245863,0
-0.20261788,-0.13291121,-3.6796196,-0.053191125,-0.34888688,-0.9356541,0
-3.0299103,-4.0071154,-1.4365439,-0.090395123,-0.93145132,0.35245863,0
1.3671594,0.39392877,-3.9653087,-0.053191125,-0.34888688,-0.9356541,0
-3.3379045,-3.1986117,0.62111712,-0.090395123,-0.93145132,0.35245863,0
3.3989136,-0.8843137,-1.5804844,0.99448448,-0.10332623,-0.018007159,0
-2.9308283,0.32122457,-3.693862,-0.053191125,-0.34888688,-0.9356541,0
3.640167,0.92051697,1.3869969,0.99448448,-0.10332623,-0.018007159,0
0.032044172,1.2886817,-4.2230439,-0.053191125,-0.34888688,-0.9356541,0
1.4307187,1.1765456,-4.2607436,-0.053191125,-0.34888688,-0.9356541,0
-3.5510893,-0.44564331,0.80765224,-0.99448448,0.10332623,0.018007159,0
-3.8629346,-3.2850153,-0.12216997,-0.99448448,0.10332623,0.018007159,0
-3.1221132,3.7418861,0.47047138,-0.99448448,0.10332623,0.018007159,0
-3.3806059,1.5007153,-0.94537139,-0.99448448,0.10332623,0.018007159,0
1.6988469,3.3015685,-0.76940137,0.090395123,0.93145132,-0.35245863,0
3.2051294,-3.2712865,1.4139435,0.99448448,-0.10332623,-0.018007159,0
3.7046885,1.642627,0.8068459,0.99448448,-0.10332623,-0.018007159,0
-3.3611526,2.2520871,-4.1824069,-0.99448448,0.10332623,0.018007159,0
-2.6973448,-1.6372377,-2.9768634,-0.053191125,-0.34888688,-0.9356541,0
-1.8642416,-2.2364497,3.5417984,-0.090395123,-0.93145132,0.35245863,0
1.9889137,-2.8805869,2.8277414,-0.090395123,-0.93145132,0.35245863,0
-2.4385014,3.3545072,-1.6906055,0.090395123,0.93145132,-0.35245863,0
3.2985461,-2.3480268,1.2753465,0.99448448,-0.10332623,-0.018007159,0
-1.7388561,-0.99401045,4.2101979,0.053191125,0.34888688,0.9356541,0
1.8973036,-3.7659111,-2.444325,-0.053191125,-0.34888688,-0.9356541,0
-0.98639417,-2.1689367,3.9453585,-0.090395123,-0.93145132,0.35245863,0
-2.4843087,3.4622118,-1.4177196,0.090395123,0.93145132,-0.35245863,0
-2.1586509,4.0662398,2.3471951,0.053191125,0.34888688,0.9356541,0
2.0116529,3.3619642,2.3727281,0.053191125,0.34888688,0.9356541,0
0.92668784,3.6523457,-0.040428996,0.090395123,0.93145132,-0.35245863,0
-0.72978544,4.405961,1.5263338,0.090395123,0.93145132,-0.35245863,0
2.1681106,3.8077052,0.68853116,0.090395123,0.93145132,-0.35245863,0
-3.3128746,1.8686968,0.68374515,-0.99448448,0.10332623,0.018007159,0
-2.405566,-2.8283658,1.8386919,-0.090395123,-0.93145132,0.35245863,0
3.8816452,3.3374841,0.85444188,0.99448448,-0.10332623,-0.018007159,0
2.9746733,-3.0359426,2.6699965,-0.090395123,-0.93145132,0.35245863,0
3.5697966,0.40113544,0.48088527,0.99448448,-0.10332623,-0.018007159,0
-0.0093579292,-2.6250453,2.9905694,-0.090395123,-0.93145132,0.35245863,0
-3.4209208,0.33696675,3.5058,-0.99448448,0.10332623,0.018007159,0
3.494586,0.062340736,-1.7287242,0.99448448,-0.10332623,-0.018007159,0
-1.7168213,-2.1300797,3.8607135,-0.090395123,-0.93145132,0.35245863,0
-3.0201612,0.30570626,-3.6829967,-0.053191125,-0.34888688,-0.9356541,0
3.4574385,-1.0716707,2.7267127,0.99448448,-0.10332623,-0.018007159,0
-1.234446,0.89105439,-4.0027781,-0.053191125,-0.34888688,-0.9356541,0
-2.5737851,-0.54125404,4.0888386,0.053191125,0.34888688,0.9356541,0
2.4730706,0.097254515,-3.9175541,-0.053191125,-0.34888688,-0.9356541,0
-3.6166143,-0.46205413,-2.7169271,-0.99448448,0.10332623,0.018007159,0
-1.6728992,2.2620223,-4.3813887,0.090395123,0.93145132,-0.35245863,0
-1.6326494,4.2438946,2.2510488,0.053191125,0.34888688,0.9356541,0
-0.051000834,-1.0929251,4.1511278,0.053191125,0.34888688,0.9356541,0
-1.1519305,-3.872045,-0.59794396,-0.090395123,-0.93145132,0.35245863,0
1.0024762,-4.0377593,-2.2920876,-0.053191125,-0.34888688,-0.9356541,0
-0.05744195,-3.6601994,0.24260986,-0.090395123,-0.93145132,0.35245863,0
1.7332656,1.0903308,-4.2457957,-0.053191125,-0.34888688,-0.9356541,0
0.81334472,3.9009304,2.239881,0.053191125,0.34888688,0.9356541,0
3.1342316,-3.3689508,-1.9410934,0.99448448,-0.10332623,-0.018007159,0
-3.8915424,-3.2725472,-1.7736436,-0.99448448,0.10332623,0.018007159,0
2.6933227,-1.3147085,-3.4035826,-0.053191125,-0.34888688,-0.9356541,0
3.2240274,-0.89739478,-3.5893607,-0.053191125,-0.34888688,-0.9356541,0
2.4658375,1.7885928,-4.5478096,-0.053191125,-0.34888688,-0.9356541,0
