0.77445102,-0.054312468,4.0569639,0.20624441,0.51778984,0.8302753,0
2.7065206,3.1321905,1.5898094,0.20624441,0.51778984,0.8302753,0
-3.9636912,0.73420298,1.3139133,-0.93919373,0.342834,0.01949656,0
-1.0257459,1.9839029,-3.9974265,0.27455151,0.78381032,-0.55701256,0
0.2249012,-1.0180509,4.7944965,0.20624441,0.51778984,0.8302753,0
-3.0167499,2.3876152,-4.4107008,0.27455151,0.78381032,-0.55701256,0
3.8738227,-0.86804628,-3.2895417,0.93919373,-0.342834,-0.01949656,0
-3.1896122,3.0081823,-1.3833482,-0.93919373,0.342834,0.01949656,0
-0.9176755,3.0007968,-2.5132179,0.27455151,0.78381032,-0.55701256,0
-1.1161687,-2.8061476,1.7846401,-0.27455151,-0.78381032,0.55701256,0
-2.1891472,-1.147027,3.5904307,-0.27455151,-0.78381032,0.55701256,0
3.4281776,-2.332787,0.99921632,0.93919373,-0.342834,-0.01949656,0
-3.1659985,0.14116168,-3.5170538,-0.20624441,-0.51778984,-0.8302753,0
3.1689491,-2.5214543,-3.4301817,-0.20624441,-0.51778984,-0.8302753,0
3.347718,-2.1860881,4.7472043,0.20624441,0.51778984,0.8302753,0
-4.924458,-1.7581697,-1.1417058,-0.93919373,0.342834,0.01949656,0
5.0978308,2.2554269,0.74954081,0.93919373,-0.342834,-0.01949656,0
-3.1750798,2.9187922,0.88856912,-0.93919373,0.342834,0.01949656,0
2.0594487,-3.2716846,2.6948128,-0.27455151,-0.78381032,0.55701256,0
-3.401284,2.3385947,0.19418788,-0.93919373,0.342834,0.01949656,0
3.1888938,-2.9291,-0.041880846,0.93919373,-0.342834,-0.01949656,0
-2.1531286,-1.8808472,-2.5076575,-0.20624441,-0.51778984,-0.8302753,0
1.130797,-0.45316839,-4.2137532,-0.20624441,-0.51778984,-0.8302753,0
-3.8599989,-0.24574757,4.03512,-0.27455151,-0.78381032,0.55701256,0
-4.0716772,-0.21700597,-3.0687127,-0.20624441,-0.51778984,-0.8302753,0
3.810863,2.5969868,-0.75075006,0.27455151,0.78381032,-0.55701256,0
4.7615871,2.6687365,-0.1811738,0.27455151,0.78381032,-0.55701256,0
3.2127798,-3.0170841,2.6559138,0.93919373,-0.342834,-0.01949656,0
-3.429436,2.3929315,-2.1174309,-0.93919373,0.342834,0.01949656,0
-2.6791193,3.0641549,-3.2922783,0.27455151,0.78381032,-0.55701256,0
2.8554418,-3.8144135,-0.53736973,0.93919373,-0.342834,-0.01949656,0
-1.4346836,-0.8488946,4.3818283,-0.27455151,-0.78381032,0.55701256,0
-1.18401,-3.8177295,-1.5404813,-0.20624441,-0.51778984,-0.8302753,0
0.16605544,-3.6721966,-1.966604,-0.20624441,-0.51778984,-0.8302753,0
-3.8225117,-1.5064077,-2.3264887,-0.20624441,-0.51778984,-0.8302753,0
-1.6574011,-2.4637806,1.9996349,-0.27455151,-0.78381032,0.55701256,0
-3.4347427,2.335397,-1.3613617,-0.93919373,0.342834,0.01949656,0
1.5313683,3.8067994,1.4610126,0.20624441,0.51778984,0.8302753,0
1.3120198,-1.1143093,-3.8464584,-0.20624441,-0.51778984,-0.8302753,0
0.93251801,3.6672301,-0.66347408,0.27455151,0.78381032,-0.55701256,0
-3.1567183,-2.1417229,-2.0956693,-0.20624441,-0.51778984,-0.8302753,0
-0.80303097,2.3848209,-3.3234916,0.27455151,0.78381032,-0.55701256,0
-2.5238502,1.1971357,-4.3351107,-0.20624441,-0.51778984,-0.8302753,0
3.8147907,-1.0013318,-3.7895188,0.93919373,-0.342834,-0.01949656,0
1.6579235,3.5290217,-0.50040472,0.27455151,0.78381032,-0.55701256,0
-2.3284287,4.4557757,-1.161178,0.27455151,0.78381032,-0.55701256,0
-3.1691957,2.9510808,0.6042614,-0.93919373,0.342834,0.01949656,0
-3.1843686,2.9723525,-0.50072122,-0.93919373,0.342834,0.01949656,0
-4.000257,0.77593255,-1.1813498,-0.93919373,0.342834,0.01949656,0
2.8301387,-3.6081572,2.6012127,-0.27455151,-0.78381032,0.55701256,0
-3.697969,1.6274068,-1.5920408,-0.93919373,0.342834,0.01949656,0
-0.93392181,-0.92254996,4.5250087,-0.27455151,-0.78381032,0.55701256,0
1.7736864,3.944427,0.14120007,0.27455151,0.78381032,-0.55701256,0
0.3032248,-3.7196622,-1.971076,-0.20624441,-0.51778984,-0.8302753,0
4.9854364,3.1151316,1.0343537,0.20624441,0.51778984,0.8302753,0
4.1047902,-0.46428469,0.73681808,0.93919373,-0.342834,-0.01949656,0
2.4307497,2.6277421,1.9729043,0.20624441,0.51778984,0.8302753,0
3.5423114,-0.30105066,3.5232887,0.20624441,0.51778984,0.8302753,0
-1.6862181,-2.0539036,-2.5157163,-0.20624441,-0.51778984,-0.8302753,0
3.282233,2.5615134,1.8026947,0.20624441,0.51778984,0.8302753,0
-1.870857,3.9110107,2.2411513,0.20624441,0.51778984,0.8302753,0
-2.0272162,2.0362034,3.4491901,0.20624441,0.51778984,0.8302753,0
-2.0605941,-1.303159,3.4340909,-0.27455151,-0.78381032,0.55701256,0
5.2922993,2.7903605,0.71106005,0.93919373,-0.342834,-0.01949656,0
-4.3703451,-2.4722891,0.65045214,-0.27455151,-0.78381032,0.55701256,0
-1.3312855,-4.5418344,-1.052319,-0.20624441,-0.51778984,-0.8302753,0
3.6267624,2.7744093,-0.59183025,0.27455151,0.78381032,-0.55701256,0
3.1222134,-3.1911519,1.3539946,0.93919373,-0.342834,-0.01949656,0
-4.641551,-2.8961883,-0.079722404,-0.27455151,-0.78381032,0.55701256,0
-0.87768573,1.9080997,3.2435312,0.20624441,0.51778984,0.8302753,0
0.61479998,-0.92536497,-3.7910981,-0.20624441,-0.51778984,-0.8302753,0
-3.0841398,-2.6084943,1.0927589,-0.27455151,-0.78381032,0.55701256,0
1.0101202,2.9352522,-1.6552398,0.27455151,0.78381032,-0.55701256,0
-4.3499093,-0.3053875,0.98941994,-0.93919373,0.342834,0.01949656,0
-1.2413402,2.2294025,-3.7582338,0.27455151,0.78381032,-0.55701256,0
-3.3113978,-3.1332788,0.24228382,-0.27455151,-0.78381032,0.55701256,0
0.051001191,0.32045841,-4.4279885,-0.20624441,-0.51778984,-0.8302753,0
4.773551,1.4547081,-0.79168081,0.93919373,-0.342834,-0.01949656,0
-2.4169607,-0.03824091,4.8397031,0.20624441,0.51778984,0.8302753,0
3.2902005,2.2505081,1.9946696,0.20624441,0.51778984,0.8302753,0
-2.8225667,3.8210542,2.004245,-0.93919373,0.342834,0.01949656,0
2.3248436,1.1387017,2.9278314,0.20624441,0.51778984,0.8302753,0
-2.4619179,0.7925787,4.3327417,0.20624441,0.51778984,0.8302753,0
-4.3995862,-0.24012923,-2.5511672,-0.93919373,0.342834,0.01949656,0
3.9595022,-0.65964413,-2.8267629,0.93919373,-0.342834,-0.01949656,0
-1.1459227,-4.6772785,-0.86302108,-0.27455151,-0.78381032,0.55701256,0
2.4199185,2.3589644,2.1432142,0.20624441,0.51778984,0.8302753,0
1.1010273,-3.2851152,2.2035084,-0.27455151,-0.78381032,0.55701256,0
1.973659,-0.13757181,-4.6199422,-0.20624441,-0.51778984,-0.8302753,0
3.9196148,-1.1417979,3.7301276,0.93919373,-0.342834,-0.01949656,0
-0.79914123,0.64229488,4.013422,0.20624441,0.51778984,0.8302753,0
2.0512402,-3.4597116,2.4261818,-0.27455151,-0.78381032,0.55701256,0
-3.6813803,1.7037649,-2.1356325,-0.93919373,0.342834,0.01949656,0
-3.6708608,1.4834847,2.2445929,-0.93919373,0.342834,0.01949656,0
-3.770133,1.2963259,0.75349283,-0.93919373,0.342834,0.01949656,0
-0.42498183,0.7657671,3.8434775,0.20624441,0.51778984,0.8302753,0
3.0319812,3.0991316,1.5295802,0.20624441,0.51778984,0.8302753,0
-2.4004037,1.4128964,-4.5003309,-0.20624441,-0.51778984,-0.8302753,0
-0.77724218,4.0190339,-1.0111674,0.27455151,0.78381032,-0.55701256,0
-3.1823735,2.9299581,-3.7291694,0.27455151,0.78381032,-0.55701256,0
2.2581239,-0.28938484,-4.5959282,-0.20624441,-0.51778984,-0.8302753,0
-3.0971398,-1.5471001,2.5799115,-0.27455151,-0.78381032,0.55701256,0
3.9041989,-0.96035749,-0.20301247,0.93919373,-0.342834,-0.01949656,0
-3.7278941,-1.6015129,-2.2906811,-0.20624441,-0.51778984,-0.8302753,0
-4.6176329,-0.98726815,0.082978725,-0.93919373,0.342834,0.01949656,0
3.4250641,-2.350143,1.1544216,0.93919373,-0.342834,-0.01949656,0
2.0675609,3.5387325,-0.2848289,0.27455151,0.78381032,-0.55701256,0
2.2281661,2.0092247,2.4089572,0.20624441,0.51778984,0.8302753,0
-4.0038128,0.54789734,-3.5625918,-0.20624441,-0.51778984,-0.8302753,0
0.8393364,-5.4511018,-0.97338676,-0.27455151,-0.78381032,0.55701256,0
-4.7411499,-1.2338153,-1.5317297,-0.93919373,0.342834,0.01949656,0
-0.85254645,2.2454438,-3.5440245,0.27455151,0.78381032,-0.55701256,0
0.70015287,-3.8146884,-2.0104134,-0.20624441,-0.51778984,-0.8302753,0
0.25598121,3.2672915,-1.5597198,0.27455151,0.78381032,-0.55701256,0
-3.0509491,3.233326,1.337363,-0.93919373,0.342834,0.01949656,0
1.96035,-4.1411037,-2.1198878,-0.20624441,-0.51778984,-0.8302753,0
-3.1755629,2.8436604,2.1864607,-0.93919373,0.342834,0.01949656,0
-4.648406,-1.1725711,1.8589869,-0.93919373,0.342834,0.01949656,0
1.2477441,-4.0127602,1.2519056,-0.27455151,-0.78381032,0.55701256,0
3.0449629,0.96062779,2.8600039,0.20624441,0.51778984,0.8302753,0
-0.72898102,-2.4108658,2.5317125,-0.27455151,-0.78381032,0.55701256,0
-0.01377821,4.8130503,0.48245782,0.27455151,0.78381032,-0.55701256,0
-5.1539192,-3.1103692,-0.99547148,-0.20624441,-0.51778984,-0.8302753,0
-0.97545576,-2.0544608,2.9117475,-0.27455151,-0.78381032,0.55701256,0
2.6338539,-4.4128656,-0.68837047,0.93919373,-0.342834,-0.01949656,0
1.9958706,4.2919588,0.73975074,0.27455151,0.78381032,-0.55701256,0
-4.7502265,-2.0738173,1.0239258,-0.27455151,-0.78381032,0.55701256,0
2.1456056,-5.5363407,-0.44947171,-0.27455151,-0.78381032,0.55701256,0
-4.4744372,-0.62688899,0.64402723,-0.93919373,0.342834,0.01949656,0
-4.2506342,-2.4118791,0.79446411,-0.27455151,-0.78381032,0.55701256,0
1.0383267,2.8960814,-1.6964569,0.27455151,0.78381032,-0.55701256,0
4.366106,0.41251123,-2.0928793,0.93919373,-0.342834,-0.01949656,0
1.9667275,3.9075537,1.2900329,0.20624441,0.51778984,0.8302753,0
3.0977716,-0.97641182,4.0548944,0.20624441,0.51778984,0.8302753,0
0.16355419,-4.9258776,-0.56740117,-0.27455151,-0.78381032,0.55701256,0
3.3541198,2.9686594,-0.45287347,0.27455151,0.78381032,-0.55701256,0
0.56961274,3.0666633,-1.687448,0.27455151,0.78381032,-0.55701256,0
-2.5098557,-3.0261493,-1.704793,-0.20624441,-0.51778984,-0.8302753,0
3.9939594,-0.87508321,2.6214683,0.93919373,-0.342834,-0.01949656,0
3.6762004,1.8871059,2.125416,0.20624441,0.51778984,0.8302753,0
3.491775,-2.2263317,2.1909213,0.93919373,-0.342834,-0.01949656,0
-0.047113419,1.9850845,-3.5133958,0.27455151,0.78381032,-0.55701256,0
0.19367528,0.65785861,-4.6738448,-0.20624441,-0.51778984,-0.8302753,0
4.3042512,0.10039027,0.41587448,0.93919373,-0.342834,-0.01949656,0
-0.48762536,4.5702343,1.4864342,0.20624441,0.51778984,0.8302753,0
3.3480587,-2.5488191,0.93848085,0.93919373,-0.342834,-0.01949656,0
3.2598677,-1.468423,4.321465,0.20624441,0.51778984,0.8302753,0
1.9008957,-0.051919937,-4.6552825,-0.20624441,-0.51778984,-0.8302753,0
0.4971199,4.0275431,-0.37106073,0.27455151,0.78381032,-0.55701256,0
1.7365904,0.36036968,-4.8715873,-0.20624441,-0.51778984,-0.8302753,0
0.31630778,1.4063282,-4.1486726,0.27455151,0.78381032,-0.55701256,0
-2.4242978,-1.1941066,3.4082763,-0.27455151,-0.78381032,0.55701256,0
-0.20712447,3.8757234,1.8498788,0.20624441,0.51778984,0.8302753,0
-4.4606938,-0.55966818,0.12402105,-0.93919373,0.342834,0.01949656,0
3.4896579,2.8485422,1.5721676,0.20624441,0.51778984,0.8302753,0
-3.434195,2.2984951,-0.68607545,-0.93919373,0.342834,0.01949656,0
-1.0336746,-0.11331224,-3.8880341,-0.20624441,-0.51778984,-0.8302753,0
-1.2698638,-2.2590563,-2.4912,-0.20624441,-0.51778984,-0.8302753,0
-3.6482823,1.7731528,-1.7613659,-0.93919373,0.342834,0.01949656,0
0.97935724,-1.9585906,4.0101805,-0.27455151,-0.78381032,0.55701256,0
3.0401726,-3.3834097,0.78263044,0.93919373,-0.342834,-0.01949656,0
2.5646715,-0.74990129,4.0460587,0.20624441,0.51778984,0.8302753,0
-3.5790725,1.0454118,-3.9783676,-0.20624441,-0.51778984,-0.8302753,0
-3.4369824,2.4295554,-3.1249752,-0.93919373,0.342834,0.01949656,0
3.4021192,-2.1544385,-3.392226,0.93919373,-0.342834,-0.01949656,0
-3.022485,-3.2567096,0.21100092,-0.27455151,-0.78381032,0.55701256,0
0.45114928,0.36059856,3.87852,0.20624441,0.51778984,0.8302753,0
-3.7347555,-1.5248919,-2.3367603,-0.20624441,-0.51778984,-0.8302753,0
-0.71253633,-0.2608912,-3.875771,-0.20624441,-0.51778984,-0.8302753,0
1.8988321,3.4268732,-0.52540052,0.27455151,0.78381032,-0.55701256,0
3.0233426,-3.5152838,2.2908168,0.93919373,-0.342834,-0.01949656,0
-2.2665262,0.9252634,-4.2294817,-0.20624441,-0.51778984,-0.8302753,0
-1.5773213,-2.1089749,-2.5084224,-0.20624441,-0.51778984,-0.8302753,0
-0.55801702,-2.2808225,2.798974,-0.27455151,-0.78381032,0.55701256,0
3.3063922,0.78271461,-3.5523894,0.27455151,0.78381032,-0.55701256,0
-0.34724188,-4.8122129,-1.1281427,-0.20624441,-0.51778984,-0.8302753,0
3.5437357,-2.0199187,1.0643301,0.93919373,-0.342834,-0.01949656,0
-3.6338525,1.4985981,3.7616067,-0.93919373,0.342834,0.01949656,0
-2.2272501,-1.5753967,2.9688621,-0.27455151,-0.78381032,0.55701256,0
3.5452547,-1.9495063,-0.10063696,0.93919373,-0.342834,-0.01949656,0
0.78650004,1.7788451,2.9107468,0.20624441,0.51778984,0.8302753,0
2.5684671,-4.6853919,0.95399094,0.93919373,-0.342834,-0.01949656,0
-2.210722,-0.16355801,-3.5643151,-0.20624441,-0.51778984,-0.8302753,0
-4.2753439,-0.054769456,0.17447042,-0.93919373,0.342834,0.01949656,0
-4.2422028,-0.076456308,2.152298,-0.93919373,0.342834,0.01949656,0
-4.4189386,-0.59956288,2.8370118,-0.93919373,0.342834,0.01949656,0
-4.1550026,0.24289489,-3.334825,-0.20624441,-0.51778984,-0.8302753,0
1.7910159,-1.5084033,-3.7196717,-0.20624441,-0.51778984,-0.8302753,0
-1.9238613,3.5978754,2.4496007,0.20624441,0.51778984,0.8302753,0
-4.7339926,-1.3264287,0.44158363,-0.93919373,0.342834,0.01949656,0
-4.1665783,0.045715809,3.6470046,-0.93919373,0.342834,0.01949656,0
4.3496895,0.16558433,1.4583726,0.93919373,-0.342834,-0.01949656,0
1.5843782,4.1353869,0.31660318,0.27455151,0.78381032,-0.55701256,0
-0.99582338,4.2700233,1.7998956,0.20624441,0.51778984,0.8302753,0
-4.8702168,-2.6607926,0.13880968,-0.27455151,-0.78381032,0.55701256,0
-4.3777199,-0.69412994,3.1489859,-0.27455151,-0.78381032,0.55701256,0
-1.8129244,-2.2579997,2.2125461,-0.27455151,-0.78381032,0.55701256,0
1.082058,-1.5293698,4.6647873,-0.27455151,-0.78381032,0.55701256,0
-4.396904,-1.3862751,-2.2587259,-0.20624441,-0.51778984,-0.8302753,0
3.7346842,0.2995069,3.1009727,0.20624441,0.51778984,0.8302753,0
2.4613748,-2.0713186,4.5820389,-0.27455151,-0.78381032,0.55701256,0
-1.8149934,-0.42515945,4.7906404,-0.27455151,-0.78381032,0.55701256,0
-1.9094522,-3.0361845,1.0699304,-0.27455151,-0.78381032,0.55701256,0
1.7002389,2.2769506,-2.2414215,0.27455151,0.78381032,-0.55701256,0
1.0946417,4.5624876,0.6762141,0.27455151,0.78381032,-0.55701256,0
2.1322882,0.53834605,-4.4749732,0.27455151,0.78381032,-0.55701256,0
4.8790979,1.6817278,0.30077839,0.93919373,-0.342834,-0.01949656,0
4.4043059,0.34015065,1.0197105,0.93919373,-0.342834,-0.01949656,0
2.3036931,-2.1761413,-3.4305983,-0.20624441,-0.51778984,-0.8302753,0
3.8367853,-1.1733351,0.29457736,0.93919373,-0.342834,-0.01949656,0
-0.87192869,-2.0018268,3.0368409,-0.27455151,-0.78381032,0.55701256,0
4.1332078,-0.30028307,-0.77811241,0.93919373,-0.342834,-0.01949656,0
-3.6045251,-1.746145,2.0497315,-0.27455151,-0.78381032,0.55701256,0
-3.4274483,2.4079576,-2.2859125,-0.93919373,0.342834,0.01949656,0
1.4946284,-1.8515658,4.4147592,-0.27455151,-0.78381032,0.55701256,0
-0.38554859,-5.0191374,-0.96928549,-0.27455151,-0.78381032,0.55701256,0
2.7119796,0.30225801,-4.5214586,0.27455151,0.78381032,-0.55701256,0
-2.9521108,-0.97448945,3.4571562,-0.27455151,-0.78381032,0.55701256,0
-0.08896327,-2.0037649,3.4200373,-0.27455151,-0.78381032,0.55701256,0
-1.9561112,4.6796093,-0.66269124,0.27455151,0.78381032,-0.55701256,0
-1.1113603,-0.14185238,-3.8509383,-0.20624441,-0.51778984,-0.8302753,0
1.5424457,-0.055588245,-4.5639544,-0.20624441,-0.51778984,-0.8302753,0
-1.0652504,4.2867804,1.8066919,0.20624441,0.51778984,0.8302753,0
-0.35254717,2.2602093,-3.2767973,0.27455151,0.78381032,-0.55701256,0
-1.9470153,-3.9014997,-0.16622853,-0.27455151,-0.78381032,0.55701256,0
0.58455062,3.1678891,-1.5376439,0.27455151,0.78381032,-0.55701256,0
-0.34901261,2.2494364,-3.2902148,0.27455151,0.78381032,-0.55701256,0
4.095943,-0.343575,-1.8119769,0.93919373,-0.342834,-0.01949656,0
-5.1622696,-2.4598203,-0.2595768,-0.93919373,0.342834,0.01949656,0
-1.708225,3.4979038,-2.203366,0.27455151,0.78381032,-0.55701256,0
3.7216296,-1.517419,0.79777169,0.93919373,-0.342834,-0.01949656,0
-0.020326972,0.41972446,-4.4721761,-0.20624441,-0.51778984,-0.8302753,0
1.5178016,-0.16177082,-4.4916134,-0.20624441,-0.51778984,-0.8302753,0
-1.1430507,-1.643435,3.4075224,-0.27455151,-0.78381032,0.55701256,0
-2.6804097,4.3416305,-0.30168295,-0.93919373,0.342834,0.01949656,0
-4.4323826,-0.44587585,-0.51311922,-0.93919373,0.342834,0.01949656,0
-1.9118123,-4.2357464,-0.61921847,-0.27455151,-0.78381032,0.55701256,0
-3.1112058,3.3099051,-2.9119358,-0.93919373,0.342834,0.01949656,0
0.81813359,-1.03192,-3.7751553,-0.20624441,-0.51778984,-0.8302753,0
-2.2150784,1.1244853,-4.3665032,-0.20624441,-0.51778984,-0.8302753,0
-3.2438512,2.9797378,-3.495996,-0.93919373,0.342834,0.01949656,0
4.0153365,1.8336766,2.0744934,0.20624441,0.51778984,0.8302753,0
3.4665527,-1.9568434,-3.7629066,0.93919373,-0.342834,-0.01949656,0
-1.1393952,2.7886322,2.759409,0.20624441,0.51778984,0.8302753,0
-2.9034882,-4.0483723,-0.96951735,-0.20624441,-0.51778984,-0.8302753,0
-3.3354979,2.372525,-4.5890465,0.27455151,0.78381032,-0.55701256,0
2.6751122,-3.5755551,2.570677,-0.27455151,-0.78381032,0.55701256,0
3.5337029,-1.2930427,-4.2868705,-0.20624441,-0.51778984,-0.8302753,0
3.9651477,-0.89388323,1.5641291,0.93919373,-0.342834,-0.01949656,0
-4.2288852,-0.037481785,2.1084843,-0.93919373,0.342834,0.01949656,0
0.49874592,3.9018924,-0.54707068,0.27455151,0.78381032,-0.55701256,0
-3.2565269,2.8963819,-2.6408532,-0.93919373,0.342834,0.01949656,0
-4.2854095,0.10008359,-3.033452,-0.93919373,0.342834,0.01949656,0
3.9841216,-0.75675106,0.066756725,0.93919373,-0.342834,-0.01949656,0
-4.3726254,-0.42625189,2.0204749,-0.93919373,0.342834,0.01949656,0
3.6884499,-1.6221663,1.0413425,0.93919373,-0.342834,-0.01949656,0
3.5389831,3.3576057,1.2424443,0.20624441,0.51778984,0.8302753,0
3.0089664,-2.1455507,4.7474899,-0.27455151,-0.78381032,0.55701256,0
-0.93636799,-2.4890292,-2.4306223,-0.20624441,-0.51778984,-0.8302753,0
-4.2694111,-0.17146158,2.5122085,-0.93919373,0.342834,0.01949656,0
1.7703198,2.3361137,2.3188288,0.20624441,0.51778984,0.8302753,0
2.269424,1.8079041,-2.6208978,0.27455151,0.78381032,-0.55701256,0
-3.6846232,1.3838711,3.3332977,-0.93919373,0.342834,0.01949656,0
0.31088829,-0.44038701,4.4128847,0.20624441,0.51778984,0.8302753,0
-3.1900382,2.951829,-0.41293788,-0.93919373,0.342834,0.01949656,0
-4.0027413,0.44268847,4.5588837,-0.93919373,0.342834,0.01949656,0
-2.4467885,1.752491,3.7303472,0.20624441,0.51778984,0.8302753,0
-3.0075581,3.3290708,1.7440019,-0.93919373,0.342834,0.01949656,0
2.0738773,-0.061001301,-4.6925883,-0.20624441,-0.51778984,-0.8302753,0
-4.8949056,-1.8062663,1.1276536,-0.93919373,0.342834,0.01949656,0
3.4359779,-2.0398312,-3.7764599,0.93919373,-0.342834,-0.01949656,0
1.0566652,0.65348721,-4.8431249,0.27455151,0.78381032,-0.55701256,0
-1.545787,-0.84163833,-3.3066125,-0.20624441,-0.51778984,-0.8302753,0
-3.2181659,-3.0286112,0.43552256,-0.27455151,-0.78381032,0.55701256,0
-0.76765645,-2.249115,-2.6221509,-0.20624441,-0.51778984,-0.8302753,0
-1.4275544,-3.4118493,-1.7331054,-0.20624441,-0.51778984,-0.8302753,0
-3.1300836,3.001102,1.6087778,-0.93919373,0.342834,0.01949656,0
-4.4208498,-0.49300754,0.87122345,-0.93919373,0.342834,0.01949656,0
2.3298805,3.6094139,1.3857545,0.20624441,0.51778984,0.8302753,0
-4.7348084,-1.3713969,1.193027,-0.93919373,0.342834,0.01949656,0
2.5746174,-2.3490927,4.2469816,-0.27455151,-0.78381032,0.55701256,0
3.3585591,0.38932848,-4.0802369,0.27455151,0.78381032,-0.55701256,0
4.4336615,0.45138592,0.47784138,0.93919373,-0.342834,-0.01949656,0
-4.8630843,-2.6632218,-1.3465741,-0.20624441,-0.51778984,-0.8302753,0
-0.77243567,-4.8546262,-0.99607229,-0.20624441,-0.51778984,-0.8302753,0
0.058402717,1.8559864,3.0435021,0.20624441,0.51778984,0.8302753,0
4.0325942,3.224678,0.2418077,0.27455151,0.78381032,-0.55701256,0
1.4885738,1.2038236,-3.8558211,0.27455151,0.78381032,-0.55701256,0
0.65112972,-4.0392151,0.92060834,-0.27455151,-0.78381032,0.55701256,0
3.9293008,-0.78857636,-2.0144479,0.93919373,-0.342834,-0.01949656,0
3.0011597,1.9095178,-2.1172378,0.27455151,0.78381032,-0.55701256,0
-0.24341941,-3.6366887,-1.8870323,-0.20624441,-0.51778984,-0.8302753,0
4.1352091,1.0881238,-2.7141032,0.27455151,0.78381032,-0.55701256,0
-4.873518,-1.6541566,-0.51682377,-0.93919373,0.342834,0.01949656,0
3.665462,2.5789032,-0.84786439,0.27455151,0.78381032,-0.55701256,0
0.17965603,3.9376106,-0.6540888,0.27455151,0.78381032,-0.55701256,0
-1.5529246,-3.5364037,0.5417701,-0.27455151,-0.78381032,0.55701256,0
-3.2351246,2.7573652,0.83467889,-0.93919373,0.342834,0.01949656,0
2.9168518,-3.5391827,-2.4188657,0.93919373,-0.342834,-0.01949656,0
-3.2030988,2.8211024,1.2566497,-0.93919373,0.342834,0.01949656,0
2.7508848,-4.1147285,-0.29327297,0.93919373,-0.342834,-0.01949656,0
-3.104125,3.2468486,-1.4620304,-0.93919373,0.342834,0.01949656,0
-2.9391031,3.5288723,1.5282631,-0.93919373,0.342834,0.01949656,0
-5.0659046,-2.1276951,-1.4576693,-0.93919373,0.342834,0.01949656,0
4.3671942,0.26264542,0.59482145,0.93919373,-0.342834,-0.01949656,0
-3.8316536,1.1885707,-0.31527901,-0.93919373,0.342834,0.01949656,0
-2.6254525,4.5044136,-0.51672983,-0.93919373,0.342834,0.01949656,0
2.4499187,2.3762355,-1.7321939,0.27455151,0.78381032,-0.55701256,0
-0.68209767,3.3842404,-1.857532,0.27455151,0.78381032,-0.55701256,0
0.79242849,-2.4283831,3.2569656,-0.27455151,-0.78381032,0.55701256,0
0.7671895,1.8536251,-3.2970114,0.27455151,0.78381032,-0.55701256,0
2.624867,-4.5230007,0.81535888,0.93919373,-0.342834,-0.01949656,0
-5.1098347,-2.2977424,-1.5132062,-0.20624441,-0.51778984,-0.8302753,0
2.8588648,0.093738794,3.4468551,0.20624441,0.51778984,0.8302753,0
-1.3614578,3.8520689,2.1513731,0.20624441,0.51778984,0.8302753,0
1.8071094,1.3685678,-3.4669924,0.27455151,0.78381032,-0.55701256,0
0.78435695,-2.8210628,-2.6509912,-0.20624441,-0.51778984,-0.8302753,0
-3.9813066,0.56973815,3.3573525,-0.93919373,0.342834,0.01949656,0
0.38470674,-2.9738595,2.2884231,-0.27455151,-0.78381032,0.55701256,0
2.207875,-5.5760269,-0.75534081,0.93919373,-0.342834,-0.01949656,0
3.0241227,-3.3792853,-0.063048124,0.93919373,-0.342834,-0.01949656,0
3.9630513,-0.7144773,-1.6915903,0.93919373,-0.342834,-0.01949656,0
0.81516814,2.7073002,2.3246074,0.20624441,0.51778984,0.8302753,0
-1.9296806,3.5740736,-2.2053385,0.27455151,0.78381032,-0.55701256,0
3.4168057,-2.3822043,1.3203712,0.93919373,-0.342834,-0.01949656,0
4.7960262,1.4343811,0.64846516,0.93919373,-0.342834,-0.01949656,0
1.6736392,-1.0179582,-3.9963741,-0.20624441,-0.51778984,-0.8302753,0
3.4773402,-2.1147249,-0.46698141,0.93919373,-0.342834,-0.01949656,0
-2.8506026,2.5831251,3.3126435,0.20624441,0.51778984,0.8302753,0
3.6970012,-1.7784793,4.2019343,0.93919373,-0.342834,-0.01949656,0
0.58669376,-4.8858356,-0.30248928,-0.27455151,-0.78381032,0.55701256,0
-2.9233727,3.5363283,2.1549304,-0.93919373,0.342834,0.01949656,0
-1.4487908,-1.9234214,-2.6560676,-0.20624441,-0.51778984,-0.8302753,0
2.6247735,-4.368001,-1.9147074,0.93919373,-0.342834,-0.01949656,0
2.2118042,1.3320904,-3.3188481,0.27455151,0.78381032,-0.55701256,0
2.3987665,-5.0427132,-0.93763852,0.93919373,-0.342834,-0.01949656,0
-3.6729696,1.4335687,3.0207527,-0.93919373,0.342834,0.01949656,0
2.8473761,3.004158,-0.65269446,0.27455151,0.78381032,-0.55701256,0
-4.4109044,-0.59887433,3.2119093,-0.93919373,0.342834,0.01949656,0
-3.0802233,3.1446297,1.4868219,-0.93919373,0.342834,0.01949656,0
3.9755034,-0.96472096,3.3086195,0.93919373,-0.342834,-0.01949656,0
-1.4904611,-2.8441081,-2.071543,-0.20624441,-0.51778984,-0.8302753,0
-2.4766784,4.6395149,-0.97569776,0.27455151,0.78381032,-0.55701256,0
0.95970774,-3.2491536,2.1844556,-0.27455151,-0.78381032,0.55701256,0
0.51597357,2.133245,-3.027364,0.27455151,0.78381032,-0.55701256,0
0.23655367,3.6797814,-0.98885339,0.27455151,0.78381032,-0.55701256,0
-2.5318954,4.6675892,1.1208107,-0.93919373,0.342834,0.01949656,0
3.4799595,-2.2273722,1.6400249,0.93919373,-0.342834,-0.01949656,0
3.1269968,-3.2372036,2.3942075,0.93919373,-0.342834,-0.01949656,0
3.3272834,3.2750874,-0.034904957,0.27455151,0.78381032,-0.55701256,0
-3.5565889,1.9258065,-0.028587341,-0.93919373,0.342834,0.01949656,0
-1.6188079,2.9246669,2.7936611,0.20624441,0.51778984,0.8302753,0
-0.87805438,-3.039242,1.5740039,-0.27455151,-0.78381032,0.55701256,0
5.1336646,2.9285893,0.36787987,0.27455151,0.78381032,-0.55701256,0
-4.1561713,0.31181857,-0.53096724,-0.93919373,0.342834,0.01949656,0
-3.2164035,3.0481544,-3.5796206,0.27455151,0.78381032,-0.55701256,0
-4.067678,-3.3340459,-0.41300011,-0.27455151,-0.78381032,0.55701256,0
4.500349,2.7760332,-0.15895462,0.27455151,0.78381032,-0.55701256,0
4.0165858,3.0664115,0.011210442,0.27455151,0.78381032,-0.55701256,0
-4.2939782,-0.0094907284,-3.1429057,-0.20624441,-0.51778984,-0.8302753,0
3.1588287,-3.1154113,1.7859924,0.93919373,-0.342834,-0.01949656,0
4.0232468,2.1380844,-1.2918191,0.27455151,0.78381032,-0.55701256,0
4.1435218,-0.29314971,-0.40667486,0.93919373,-0.342834,-0.01949656,0
4.0653391,-0.47237003,-1.0214734,0.93919373,-0.342834,-0.01949656,0
-2.313705,5.3033056,0.45290017,-0.93919373,0.342834,0.01949656,0
-3.8390775,1.343181,-3.3916333,-0.93919373,0.342834,0.01949656,0
3.0183625,0.74639273,-3.7454708,0.27455151,0.78381032,-0.55701256,0
-4.5758476,-1.2839872,2.2213001,-0.27455151,-0.78381032,0.55701256,0
-3.2749243,2.5808909,2.0206187,-0.93919373,0.342834,0.01949656,0
1.0279765,1.0685956,-4.273138,0.27455151,0.78381032,-0.55701256,0
-2.8138032,4.0397263,-1.4187752,-0.93919373,0.342834,0.01949656,0
3.2033405,1.2668904,-2.9218671,0.27455151,0.78381032,-0.55701256,0
-1.684494,3.0023694,2.7615204,0.20624441,0.51778984,0.8302753,0
-1.4999447,-3.6430371,0.41783297,-0.27455151,-0.78381032,0.55701256,0
1.6672397,4.2216635,1.1685369,0.20624441,0.51778984,0.8302753,0
2.0438974,0.22262764,-4.8620229,-0.20624441,-0.51778984,-0.8302753,0
2.8083687,-4.0578547,1.4757826,0.93919373,-0.342834,-0.01949656,0
5.2701221,2.7048621,1.1461611,0.93919373,-0.342834,-0.01949656,0
1.5892024,4.1274233,0.30777478,0.27455151,0.78381032,-0.55701256,0
2.9670136,-3.6725078,2.3419883,0.93919373,-0.342834,-0.01949656,0
0.084572315,1.5893985,-4.0052848,0.27455151,0.78381032,-0.55701256,0
-2.9874816,1.1537144,-4.192863,-0.20624441,-0.51778984,-0.8302753,0
1.4824681,2.5399725,2.2631986,0.20624441,0.51778984,0.8302753,0
-2.9463601,-3.8998156,-1.0515132,-0.20624441,-0.51778984,-0.8302753,0
-1.3469317,-1.0908937,4.0845475,-0.27455151,-0.78381032,0.55701256,0
-3.4498475,2.1912494,0.44575667,-0.93919373,0.342834,0.01949656,0
-3.7895296,1.2024372,1.4700897,-0.93919373,0.342834,0.01949656,0
-1.7296755,-3.1602554,0.98395407,-0.27455151,-0.78381032,0.55701256,0
-0.82923698,-3.1188571,-2.0644507,-0.20624441,-0.51778984,-0.8302753,0
-1.4164433,-4.3740468,-0.56966245,-0.27455151,-0.78381032,0.55701256,0
-0.64694047,0.86680746,3.8356006,0.20624441,0.51778984,0.8302753,0
2.7755914,-4.1566329,1.6337653,0.93919373,-0.342834,-0.01949656,0
4.3269348,3.1664248,1.1659408,0.20624441,0.51778984,0.8302753,0
3.7643044,2.4784813,-0.94045615,0.27455151,0.78381032,-0.55701256,0
3.7131522,-0.61619329,-4.7535553,-0.20624441,-0.51778984,-0.8302753,0
0.3789134,3.2686932,2.08287,0.20624441,0.51778984,0.8302753,0
-2.630686,4.3526983,1.8989735,-0.93919373,0.342834,0.01949656,0
0.20839,-3.954478,-1.8010789,-0.20624441,-0.51778984,-0.8302753,0
-1.0170453,-0.61787295,-3.5775027,-0.20624441,-0.51778984,-0.8302753,0
0.016543865,3.6425281,-1.1497175,0.27455151,0.78381032,-0.55701256,0
-3.022778,1.2302704,4.1991014,0.20624441,0.51778984,0.8302753,0
-2.931628,1.8153791,3.811564,0.20624441,0.51778984,0.8302753,0
3.8478045,-1.2917709,2.9080386,0.93919373,-0.342834,-0.01949656,0
0.7745924,3.0620656,2.1134422,0.20624441,0.51778984,0.8302753,0
-0.1256963,-0.10229301,-4.1204529,-0.20624441,-0.51778984,-0.8302753,0
3.155515,2.1051736,-1.765835,0.27455151,0.78381032,-0.55701256,0
-1.9174759,5.1291394,1.4930632,0.20624441,0.51778984,0.8302753,0
4.0747471,3.155364,0.16504931,0.27455151,0.78381032,-0.55701256,0
-3.5545092,-2.0631709,1.6282756,-0.27455151,-0.78381032,0.55701256,0
3.6260364,-1.7278789,-0.10639143,0.93919373,-0.342834,-0.01949656,0
-0.98338974,1.1055408,-4.6606469,-0.20624441,-0.51778984,-0.8302753,0
-3.3696814,0.69066906,4.621789,0.20624441,0.51778984,0.8302753,0
1.7676629,-1.6887341,-3.6014099,-0.20624441,-0.51778984,-0.8302753,0
-2.3312166,3.4750512,-2.5425966,0.27455151,0.78381032,-0.55701256,0
-3.8721826,0.92857575,2.3041937,-0.93919373,0.342834,0.01949656,0
0.4065659,-4.2241821,-1.6821094,-0.20624441,-0.51778984,-0.8302753,0
3.8776319,2.4488673,-0.92626882,0.27455151,0.78381032,-0.55701256,0
2.1567202,-5.2765059,-0.078362703,-0.27455151,-0.78381032,0.55701256,0
-2.9664946,3.6492198,-1.9074843,-0.93919373,0.342834,0.01949656,0
-4.3443975,-2.3039026,0.90019083,-0.27455151,-0.78381032,0.55701256,0
-2.0699601,3.1190715,-2.9147463,0.27455151,0.78381032,-0.55701256,0
-4.6694059,-2.3963995,0.60983467,-0.27455151,-0.78381032,0.55701256,0
-0.43940973,1.686205,-4.1273327,0.27455151,0.78381032,-0.55701256,0
3.296432,-2.8455303,3.9041929,-0.27455151,-0.78381032,0.55701256,0
2.1493337,0.74291301,-4.1787109,0.27455151,0.78381032,-0.55701256,0
4.4398451,0.60552526,-1.9347124,0.93919373,-0.342834,-0.01949656,0
2.7848926,-0.7123456,-4.463006,-0.20624441,-0.51778984,-0.8302753,0
2.876209,3.0176184,1.6191092,0.20624441,0.51778984,0.8302753,0
3.5182374,3.5384433,0.42980194,0.27455151,0.78381032,-0.55701256,0
1.0218401,3.8298974,1.5731764,0.20624441,0.51778984,0.8302753,0
3.7893741,-1.4631886,3.1075697,0.93919373,-0.342834,-0.01949656,0
3.0880792,-0.39589739,3.695272,0.20624441,0.51778984,0.8302753,0
2.9456444,-3.5636044,-0.60240412,0.93919373,-0.342834,-0.01949656,0
3.0996554,-3.0492196,-2.2284527,0.93919373,-0.342834,-0.01949656,0
3.4870307,-2.0042748,-1.9423728,0.93919373,-0.342834,-0.01949656,0
3.3930452,0.24461126,3.2200723,0.20624441,0.51778984,0.8302753,0
2.7739494,-4.0704761,1.9229563,-0.27455151,-0.78381032,0.55701256,0
-2.6737285,0.51323462,-3.8713744,-0.20624441,-0.51778984,-0.8302753,0
3.2100096,-3.0529902,3.1538613,0.93919373,-0.342834,-0.01949656,0
4.3848944,0.37883419,-0.59561348,0.93919373,-0.342834,-0.01949656,0
-3.473402,2.0192347,2.3358338,-0.93919373,0.342834,0.01949656,0
4.5153303,3.1719594,0.40556479,0.27455151,0.78381032,-0.55701256,0
-4.1837845,0.2162686,-0.18095493,-0.93919373,0.342834,0.01949656,0
-3.5073218,-2.0336146,1.6931252,-0.27455151,-0.78381032,0.55701256,0
-3.868681,1.103735,-0.6072042,-0.93919373,0.342834,0.01949656,0
-2.2781181,0.99968719,-4.273015,-0.20624441,-0.51778984,-0.8302753,0
2.4504881,2.116699,2.286706,0.20624441,0.51778984,0.8302753,0
4.0954556,1.0224962,2.560473,0.20624441,0.51778984,0.8302753,0
-3.7789412,1.505724,-3.3529477,-0.93919373,0.342834,0.01949656,0
-2.5087147,1.3989663,3.9662006,0.20624441,0.51778984,0.8302753,0
0.414639,-4.2995186,0.437751,-0.27455151,-0.78381032,0.55701256,0
-4.9404173,-1.8506885,-0.28357792,-0.93919373,0.342834,0.01949656,0
-0.017249823,1.5499402,-4.1109972,0.27455151,0.78381032,-0.55701256,0
4.5079088,0.96383071,-2.7053013,0.27455151,0.78381032,-0.55701256,0
4.2577443,0.046115518,-0.87010002,0.93919373,-0.342834,-0.01949656,0
1.2225082,0.53824615,3.576123,0.20624441,0.51778984,0.8302753,0
1.8275516,-5.6766944,-1.12925,-0.20624441,-0.51778984,-0.8302753,0
-3.1495173,3.0499032,-0.18551278,-0.93919373,0.342834,0.01949656,0
1.3895981,1.6155246,-3.3252738,0.27455151,0.78381032,-0.55701256,0
-0.034904242,3.2818336,-1.6826339,0.27455151,0.78381032,-0.55701256,0
-2.0822489,3.4591351,-2.4422767,0.27455151,0.78381032,-0.55701256,0
2.1438274,-5.5720997,-0.50066781,-0.27455151,-0.78381032,0.55701256,0
2.7621021,-0.70027494,-4.4648724,-0.20624441,-0.51778984,-0.8302753,0
-0.27866817,-0.60679674,4.6631131,0.20624441,0.51778984,0.8302753,0
-4.9810486,-2.004251,0.45936251,-0.93919373,0.342834,0.01949656,0
-1.6823871,-2.758584,1.5724813,-0.27455151,-0.78381032,0.55701256,0
0.13713527,2.7806647,2.4472816,0.20624441,0.51778984,0.8302753,0
-4.7160921,-1.2887404,0.64115286,-0.93919373,0.342834,0.01949656,0
-1.1730469,-0.49244714,-3.6169715,-0.20624441,-0.51778984,-0.8302753,0
3.0751851,0.061918736,3.4129641,0.20624441,0.51778984,0.8302753,0
4.584259,0.96379459,-1.2778921,0.93919373,-0.342834,-0.01949656,0
-1.4547982,-0.36287332,-3.62779,-0.20624441,-0.51778984,-0.8302753,0
-0.62019032,-0.75735998,-3.5890946,-0.20624441,-0.51778984,-0.8302753,0
-4.1762552,0.13317323,1.6429343,-0.93919373,0.342834,0.01949656,0
4.4561934,0.56311607,-0.40143824,0.93919373,-0.342834,-0.01949656,0
2.8561993,-2.7051299,3.884769,-0.27455151,-0.78381032,0.55701256,0
-2.4447074,-2.3706148,-2.1297913,-0.20624441,-0.51778984,-0.8302753,0
-0.93420982,4.3405838,1.7405865,0.20624441,0.51778984,0.8302753,0
-2.9604485,3.6514122,-1.6547854,-0.93919373,0.342834,0.01949656,0
-1.7053838,3.4507256,-2.2683535,0.27455151,0.78381032,-0.55701256,0
-2.5766115,-1.7877302,2.4978731,-0.27455151,-0.78381032,0.55701256,0
1.5448976,2.2979121,2.3986487,0.20624441,0.51778984,0.8302753,0
3.5133276,-1.8672256,-3.0855381,0.93919373,-0.342834,-0.01949656,0
2.7605844,3.2729468,1.4885991,0.20624441,0.51778984,0.8302753,0
4.1261673,1.8222274,-1.685554,0.27455151,0.78381032,-0.55701256,0
4.4147592,0.29119086,2.3841908,0.93919373,-0.342834,-0.01949656,0
1.8082533,-1.3147078,4.5861902,0.20624441,0.51778984,0.8302753,0
-4.9578085,-1.8354807,-1.3887801,-0.93919373,0.342834,0.01949656,0
-2.3348422,4.7935467,-0.68903899,0.27455151,0.78381032,-0.55701256,0
0.51267004,-0.37314081,-4.1101155,-0.20624441,-0.51778984,-0.8302753,0
4.0631666,-0.2296505,-4.6039429,0.27455151,0.78381032,-0.55701256,0
0.45002127,4.1560087,1.5118443,0.20624441,0.51778984,0.8302753,0
2.1727445,1.5336478,-3.0544753,0.27455151,0.78381032,-0.55701256,0
1.4506283,-3.8476803,-2.1762595,-0.20624441,-0.51778984,-0.8302753,0
-1.6429149,0.78246474,-4.2953348,-0.20624441,-0.51778984,-0.8302753,0
0.43868303,-4.9831939,-1.2167397,-0.20624441,-0.51778984,-0.8302753,0
3.0805793,-3.1977775,-0.53510642,0.93919373,-0.342834,-0.01949656,0
0.20262426,0.36108541,3.9399509,0.20624441,0.51778984,0.8302753,0
1.9233042,-1.8685411,4.6021662,-0.27455151,-0.78381032,0.55701256,0
3.7837343,-1.2833797,4.0759339,0.20624441,0.51778984,0.8302753,0
1.9127474,-4.8759727,0.36500156,-0.27455151,-0.78381032,0.55701256,0
-3.413763,0.41064787,4.8073702,0.20624441,0.51778984,0.8302753,0
2.1421347,-0.29606962,3.8679934,0.20624441,0.51778984,0.8302753,0
-3.5848808,1.8399582,0.11809492,-0.93919373,0.342834,0.01949656,0
3.0279083,-3.4071512,0.6093092,0.93919373,-0.342834,-0.01949656,0
-3.0165396,3.5017653,-1.7253754,-0.93919373,0.342834,0.01949656,0
-3.2354503,2.7250223,1.3877203,-0.93919373,0.342834,0.01949656,0
-4.5336747,-0.60090947,-2.6664336,-0.93919373,0.342834,0.01949656,0
-4.4075804,-0.96332312,-2.5198421,-0.20624441,-0.51778984,-0.8302753,0
-4.5491643,-0.71704865,-1.3703434,-0.93919373,0.342834,0.01949656,0
0.15142417,-2.3411336,3.0637896,-0.27455151,-0.78381032,0.55701256,0
0.44892478,-0.92867255,4.6831088,0.20624441,0.51778984,0.8302753,0
-4.4526825,-0.69591737,2.9057922,-0.93919373,0.342834,0.01949656,0
2.7831912,1.2256502,-3.186991,0.27455151,0.78381032,-0.55701256,0
1.997153,3.3307192,-0.61224318,0.27455151,0.78381032,-0.55701256,0
1.3894145,-0.19129944,-4.4413061,-0.20624441,-0.51778984,-0.8302753,0
-4.1873064,-2.5106969,0.68662596,-0.27455151,-0.78381032,0.55701256,0
0.79371691,-1.5198958,4.5359955,-0.27455151,-0.78381032,0.55701256,0
-4.0804124,0.3119278,3.1165991,-0.93919373,0.342834,0.01949656,0
3.8093979,1.7456897,-1.9493906,0.27455151,0.78381032,-0.55701256,0
-2.5216699,4.7395706,0.34766436,-0.93919373,0.342834,0.01949656,0
-3.4977007,1.9327576,2.6859729,-0.93919373,0.342834,0.01949656,0
-1.4834952,4.7023654,-0.39771712,0.27455151,0.78381032,-0.55701256,0
-4.438499,-0.41054475,-1.4290242,-0.93919373,0.342834,0.01949656,0
-3.5981407,-0.299155,-3.1351101,-0.20624441,-0.51778984,-0.8302753,0
3.530333,-2.1611798,2.9026761,0.93919373,-0.342834,-0.01949656,0
1.9371974,-4.9568419,0.26325607,-0.27455151,-0.78381032,0.55701256,0
3.5377483,-2.0087776,4.5894227,0.20624441,0.51778984,0.8302753,0
2.7409701,-0.71657515,-4.4494576,-0.20624441,-0.51778984,-0.8302753,0
-1.4712048,-0.39983702,-3.6006627,-0.20624441,-0.51778984,-0.8302753,0
-3.4196506,2.3084612,-0.16068387,-0.93919373,0.342834,0.01949656,0
-1.4853573,5.5859127,1.100862,0.20624441,0.51778984,0.8302753,0
-0.11779571,3.6100729,1.9933584,0.20624441,0.51778984,0.8302753,0
1.807487,-5.1473083,-0.068696499,-0.27455151,-0.78381032,0.55701256,0
4.5492301,0.82048845,-0.4453907,0.93919373,-0.342834,-0.01949656,0
4.8807168,1.684577,0.32868099,0.93919373,-0.342834,-0.01949656,0
4.0951614,0.43650866,-3.6507757,0.27455151,0.78381032,-0.55701256,0
2.3967659,-3.126317,-2.8611538,-0.20624441,-0.51778984,-0.8302753,0
-3.9089041,0.70886517,4.3987083,-0.93919373,0.342834,0.01949656,0
-3.6406302,1.6318099,1.0926657,-0.93919373,0.342834,0.01949656,0
1.7998512,0.069001675,-4.7055936,-0.20624441,-0.51778984,-0.8302753,0
2.0846903,-0.10811162,3.7650452,0.20624441,0.51778984,0.8302753,0
4.6335821,1.1779574,-2.3420444,0.27455151,0.78381032,-0.55701256,0
3.2663827,-2.604898,-2.0099401,0.93919373,-0.342834,-0.01949656,0
-3.8443708,0.66569805,-3.675663,-0.20624441,-0.51778984,-0.8302753,0
-1.0688121,4.55796,1.6384586,0.20624441,0.51778984,0.8302753,0
3.5767627,-1.6589375,-3.692318,0.93919373,-0.342834,-0.01949656,0
1.1549363,3.5833826,-0.67183197,0.27455151,0.78381032,-0.55701256,0
-3.2385738,2.8048155,-0.16587424,-0.93919373,0.342834,0.01949656,0
4.8356242,2.6480474,-0.17379475,0.27455151,0.78381032,-0.55701256,0
-4.5851116,-1.0798053,2.5040531,-0.27455151,-0.78381032,0.55701256,0
4.185627,-0.031783104,-2.9743752,0.93919373,-0.342834,-0.01949656,0
-3.0431256,-3.2608848,-1.4259365,-0.20624441,-0.51778984,-0.8302753,0
2.4640641,0.26030016,-4.7026987,0.27455151,0.78381032,-0.55701256,0
-4.0898218,0.20844364,4.483058,-0.93919373,0.342834,0.01949656,0
-2.4798205,-0.42651868,-3.333478,-0.20624441,-0.51778984,-0.8302753,0
-1.7208118,-4.3687434,-0.71222341,-0.27455151,-0.78381032,0.55701256,0
2.7168322,1.0353827,2.8948932,0.20624441,0.51778984,0.8302753,0
-3.4512985,0.36699581,4.8439178,0.20624441,0.51778984,0.8302753,0
-2.8319669,-2.029525,2.0317624,-0.27455151,-0.78381032,0.55701256,0
-3.7341449,1.5192089,-1.4321256,-0.93919373,0.342834,0.01949656,0
0.41681147,-5.1228161,-0.71969676,-0.27455151,-0.78381032,0.55701256,0
0.41525698,-2.3400028,3.1954238,-0.27455151,-0.78381032,0.55701256,0
-0.31571031,-3.4391634,1.2884271,-0.27455151,-0.78381032,0.55701256,0
1.3229799,1.4705319,-3.5621386,0.27455151,0.78381032,-0.55701256,0
3.8977578,-0.27050734,-4.7429657,0.27455151,0.78381032,-0.55701256,0
4.3362427,1.5082822,2.1977067,0.20624441,0.51778984,0.8302753,0
-1.42681,-2.5411894,-2.2762654,-0.20624441,-0.51778984,-0.8302753,0
3.927043,-0.92169851,0.21763444,0.93919373,-0.342834,-0.01949656,0
3.8492081,0.93659687,-3.0682981,0.27455151,0.78381032,-0.55701256,0
3.3981884,-2.5036068,2.5583229,0.93919373,-0.342834,-0.01949656,0
-1.8042996,1.5414643,-4.7285862,-0.20624441,-0.51778984,-0.8302753,0
0.46372581,1.1604891,-4.421948,0.27455151,0.78381032,-0.55701256,0
5.0379753,2.1006024,0.58865738,0.93919373,-0.342834,-0.01949656,0
-3.5530269,2.1523986,-3.8414948,-0.93919373,0.342834,0.01949656,0
-3.6063337,1.9841764,-3.4513147,-0.93919373,0.342834,0.01949656,0
-1.3654977,2.9957013,2.6864381,0.20624441,0.51778984,0.8302753,0
2.1994233,-2.6766989,3.6010516,-0.27455151,-0.78381032,0.55701256,0
-2.4705415,-2.7072475,-1.9134376,-0.20624441,-0.51778984,-0.8302753,0
-4.1140938,0.31230426,-3.3882732,-0.20624441,-0.51778984,-0.8302753,0
2.1737962,-2.70577,3.5475118,-0.27455151,-0.78381032,0.55701256,0
1.7024962,-4.1909647,-2.0247405,-0.20624441,-0.51778984,-0.8302753,0
3.9350359,3.5003767,1.0550258,0.20624441,0.51778984,0.8302753,0
2.2322216,-5.5132661,-0.68610072,0.93919373,-0.342834,-0.01949656,0
-4.6255217,-1.4882324,1.9094086,-0.27455151,-0.78381032,0.55701256,0
3.9283707,-1.0500965,2.5394058,0.93919373,-0.342834,-0.01949656,0
3.0618746,-3.3091497,0.52225208,0.93919373,-0.342834,-0.01949656,0
2.6384773,-4.4154625,-0.41999435,0.93919373,-0.342834,-0.01949656,0
-0.42404723,-2.3994255,2.6981137,-0.27455151,-0.78381032,0.55701256,0
3.5415657,-1.7852859,-3.1660929,0.93919373,-0.342834,-0.01949656,0
4.9466562,1.8360224,0.84204245,0.93919373,-0.342834,-0.01949656,0
3.7965887,1.8819292,2.0987391,0.20624441,0.51778984,0.8302753,0
1.9178591,-3.8957741,-2.2623296,-0.20624441,-0.51778984,-0.8302753,0
