0.25527704,2.4492197,-3.3293531,0.44692716,0.19593436,-0.87284929,0
6.3481512,1.0315478,0.32264137,0.57483399,0.68471175,0.44803548,0
1.1367052,6.1523447,-0.81689739,0.57483399,0.68471175,0.44803548,0
-3.7118971,-0.081327677,-5.1571584,-0.57483399,-0.68471175,-0.44803548,0
-2.8517628,2.180058,3.0390334,-0.44692716,-0.19593436,0.87284929,0
-2.4657359,-2.4889712,-3.0765061,-0.57483399,-0.68471175,-0.44803548,0
-1.484489,-4.2972522,-1.5719438,-0.57483399,-0.68471175,-0.44803548,0
-0.49851298,4.1829958,-3.3261256,0.44692716,0.19593436,-0.87284929,0
5.5187263,0.2003476,2.6570864,0.57483399,0.68471175,0.44803548,0
3.9622869,2.1309717,1.7035298,0.57483399,0.68471175,0.44803548,0
-5.0689716,-1.2558664,-1.6210251,-0.57483399,-0.68471175,-0.44803548,0
1.7135524,1.2962141,-2.8414919,0.44692716,0.19593436,-0.87284929,0
-1.3561234,4.5231819,-2.0439355,-0.68543577,0.70198262,-0.19338652,0
-0.11892295,4.6232662,3.1309052,0.57483399,0.68471175,0.44803548,0
-1.2403941,4.9570327,4.0596833,0.57483399,0.68471175,0.44803548,0
1.9420619,4.2589645,1.0433865,0.57483399,0.68471175,0.44803548,0
-5.2281651,0.56496108,-2.6880708,-0.68543577,0.70198262,-0.19338652,0
-3.9262729,1.3861127,-4.3217382,-0.68543577,0.70198262,-0.19338652,0
0.24206686,-5.9576707,0.78546333,0.68543577,-0.70198262,0.19338652,0
2.200062,-1.4067976,4.8205657,-0.44692716,-0.19593436,0.87284929,0
5.8981309,1.4108133,-0.6731267,0.44692716,0.19593436,-0.87284929,0
3.2735472,-3.3919144,-0.64570075,0.68543577,-0.70198262,0.19338652,0
1.4967072,-2.3994927,4.2375884,-0.44692716,-0.19593436,0.87284929,0
-2.7765653,-4.3583546,0.17918301,-0.57483399,-0.68471175,-0.44803548,0
-4.1181755,-3.469939,0.54275751,-0.57483399,-0.68471175,-0.44803548,0
0.86014032,-5.5400357,-2.6808376,-0.57483399,-0.68471175,-0.44803548,0
1.2943536,-0.7633543,4.5012522,-0.44692716,-0.19593436,0.87284929,0
6.5526714,0.0036638975,0.057593822,0.68543577,-0.70198262,0.19338652,0
-3.4967246,3.2521632,2.9494553,-0.44692716,-0.19593436,0.87284929,0
1.6560346,1.185179,-2.8958678,0.44692716,0.19593436,-0.87284929,0
-3.4384027,-1.6437851,-3.120224,-0.57483399,-0.68471175,-0.44803548,0
3.7684526,1.0387087,3.6214771,0.57483399,0.68471175,0.44803548,0
0.88511705,-2.3450911,3.9366465,-0.44692716,-0.19593436,0.87284929,0
-2.8253679,-2.7588091,1.9438877,-0.44692716,-0.19593436,0.87284929,0
-3.6366119,3.4433849,2.920753,-0.44692716,-0.19593436,0.87284929,0
-3.3211873,-2.8557465,-1.4184284,-0.57483399,-0.68471175,-0.44803548,0
-2.9699121,2.7026877,-2.932349,-0.68543577,0.70198262,-0.19338652,0
-2.1488104,3.4081361,-3.2819076,-0.68543577,0.70198262,-0.19338652,0
-0.54501414,2.8696523,-3.6447508,0.44692716,0.19593436,-0.87284929,0
-0.46276116,3.6131296,4.5839715,-0.44692716,-0.19593436,0.87284929,0
-3.2586157,2.1978762,-3.7415142,-0.68543577,0.70198262,-0.19338652,0
-6.7630596,-0.44286871,0.44753647,-0.44692716,-0.19593436,0.87284929,0
0.10996485,3.8262808,4.0552354,0.57483399,0.68471175,0.44803548,0
3.7122483,-3.1434112,-1.2985768,0.68543577,-0.70198262,0.19338652,0
1.5688753,-4.0160151,3.1308517,0.68543577,-0.70198262,0.19338652,0
-1.20509,5.50106,0.97038746,-0.68543577,0.70198262,-0.19338652,0
-1.7560952,-2.2763867,-4.3118653,-0.57483399,-0.68471175,-0.44803548,0
0.87977338,5.8783422,-0.068506479,0.57483399,0.68471175,0.44803548,0
-0.80280036,-2.3011227,3.082248,-0.44692716,-0.19593436,0.87284929,0
4.6056528,0.059407234,4.0439625,0.57483399,0.68471175,0.44803548,0
-1.8041563,5.2332587,2.1216018,-0.68543577,0.70198262,-0.19338652,0
3.9624395,-1.1476884,5.0590172,0.68543577,-0.70198262,0.19338652,0
-1.3836344,-4.1407027,2.3718991,-0.44692716,-0.19593436,0.87284929,0
-0.7767899,1.9799988,-3.9631341,0.44692716,0.19593436,-0.87284929,0
5.2921944,1.1964204,1.425477,0.57483399,0.68471175,0.44803548,0
-0.64015341,4.7830458,3.5554647,0.57483399,0.68471175,0.44803548,0
0.64091063,5.9823046,0.079075575,0.57483399,0.68471175,0.44803548,0
-2.7581511,-0.51143765,2.4827876,-0.44692716,-0.19593436,0.87284929,0
-5.8832636,-0.92594516,0.7895813,-0.44692716,-0.19593436,0.87284929,0
0.94214964,-5.9435606,-1.6446807,0.68543577,-0.70198262,0.19338652,0
3.7368653,1.4333528,-1.7747058,0.44692716,0.19593436,-0.87284929,0
-0.15750313,5.11691,2.4259908,0.57483399,0.68471175,0.44803548,0
-0.62705779,-2.3574142,3.1595976,-0.44692716,-0.19593436,0.87284929,0
4.8725648,-1.8331696,-0.65507245,0.68543577,-0.70198262,0.19338652,0
-1.771328,3.6547649,-3.7246006,-0.68543577,0.70198262,-0.19338652,0
-3.7173247,-2.5368023,-1.3976068,-0.57483399,-0.68471175,-0.44803548,0
-2.3100886,4.3472815,0.69876969,-0.68543577,0.70198262,-0.19338652,0
-0.67068172,-6.1719651,2.280983,-0.44692716,-0.19593436,0.87284929,0
-1.061927,-3.4636211,-3.3880954,-0.57483399,-0.68471175,-0.44803548,0
-1.9205655,-4.419651,-0.82539701,-0.57483399,-0.68471175,-0.44803548,0
0.12922192,-0.38800383,-4.0307884,0.44692716,0.19593436,-0.87284929,0
-2.297893,3.1886997,-3.5500424,-0.68543577,0.70198262,-0.19338652,0
0.52858591,-5.7471666,0.53404546,0.68543577,-0.70198262,0.19338652,0
0.35625762,-0.57967377,-3.9575641,0.44692716,0.19593436,-0.87284929,0
-4.5519257,1.8457668,-0.43566442,-0.68543577,0.70198262,-0.19338652,0
0.7421571,3.965734,-2.7396326,0.44692716,0.19593436,-0.87284929,0
-2.2048082,-2.0277319,2.4257443,-0.44692716,-0.19593436,0.87284929,0
-4.4367795,0.021282911,1.7428589,-0.44692716,-0.19593436,0.87284929,0
6.0097923,-0.2350629,1.1152,0.68543577,-0.70198262,0.19338652,0
-1.5347538,0.45532632,3.3262229,-0.44692716,-0.19593436,0.87284929,0
-0.10310102,-2.6987326,-4.6684504,0.44692716,0.19593436,-0.87284929,0
-4.9298639,1.0666687,-1.9241915,-0.68543577,0.70198262,-0.19338652,0
6.0419207,-0.44405305,0.24270105,0.68543577,-0.70198262,0.19338652,0
-2.9353998,2.6459916,-3.260479,-0.68543577,0.70198262,-0.19338652,0
-6.7224464,-0.2423867,-0.32239771,-0.68543577,0.70198262,-0.19338652,0
-3.146735,2.0586548,-4.643425,-0.68543577,0.70198262,-0.19338652,0
-1.1584876,-5.7649093,0.25274467,-0.57483399,-0.68471175,-0.44803548,0
-4.735292,-3.0071983,0.62733984,-0.57483399,-0.68471175,-0.44803548,0
-4.7599401,0.39511824,-4.5406389,-0.57483399,-0.68471175,-0.44803548,0
2.6712327,-2.7725496,3.7373896,0.68543577,-0.70198262,0.19338652,0
2.6375711,4.1819029,0.26881123,0.57483399,0.68471175,0.44803548,0
1.0194349,4.6020999,-2.454808,0.44692716,0.19593436,-0.87284929,0
-0.35142326,6.1094089,0.15294003,-0.68543577,0.70198262,-0.19338652,0
1.0110106,-2.6814361,-4.0941057,0.44692716,0.19593436,-0.87284929,0
2.7989757,4.9111838,-1.052799,0.57483399,0.68471175,0.44803548,0
-1.9923866,-0.063115597,-5.0441904,0.44692716,0.19593436,-0.87284929,0
6.5023336,1.1719254,-0.41738033,0.44692716,0.19593436,-0.87284929,0
5.2759333,0.91695631,1.8734312,0.57483399,0.68471175,0.44803548,0
-2.6132824,2.898895,-3.4841592,-0.68543577,0.70198262,-0.19338652,0
-3.9024541,1.8394555,-2.7605512,-0.68543577,0.70198262,-0.19338652,0
-5.1158919,-1.1029416,-1.7945347,-0.57483399,-0.68471175,-0.44803548,0
6.1429896,-0.65101385,-0.8667829,0.68543577,-0.70198262,0.19338652,0
0.83337307,6.3860273,-0.78484511,0.57483399,0.68471175,0.44803548,0
6.2044907,0.15511227,-0.79813695,0.44692716,0.19593436,-0.87284929,0
-5.1563601,-0.7221241,1.2075326,-0.44692716,-0.19593436,0.87284929,0
0.9808585,0.37362719,-3.4237545,0.44692716,0.19593436,-0.87284929,0
0.94483137,-5.8537188,-2.3101096,-0.57483399,-0.68471175,-0.44803548,0
-3.1303501,-1.0878403,-4.3650823,-0.57483399,-0.68471175,-0.44803548,0
3.0411222,3.3604171,1.0064898,0.57483399,0.68471175,0.44803548,0
-3.5251875,3.7084575,2.6866496,-0.68543577,0.70198262,-0.19338652,0
6.2419491,-0.4172225,-0.3688848,0.68543577,-0.70198262,0.19338652,0
0.98424315,3.0454516,4.1268325,0.57483399,0.68471175,0.44803548,0
4.1928878,2.7500017,-1.2456503,0.44692716,0.19593436,-0.87284929,0
-1.7939887,5.1199713,1.6743367,-0.68543577,0.70198262,-0.19338652,0
6.7076263,0.92965639,0.017146111,0.57483399,0.68471175,0.44803548,0
-3.0040524,1.0162728,2.6998136,-0.44692716,-0.19593436,0.87284929,0
-3.647953,2.9070041,0.21254349,-0.68543577,0.70198262,-0.19338652,0
0.33446097,4.8264413,-2.7551775,0.44692716,0.19593436,-0.87284929,0
-0.59726143,-4.6269436,2.6653976,-0.44692716,-0.19593436,0.87284929,0
-4.5085392,0.2651217,-4.6645222,-0.57483399,-0.68471175,-0.44803548,0
3.0230894,3.7052164,0.50268459,0.57483399,0.68471175,0.44803548,0
-3.1746721,-3.3578277,-0.83910084,-0.57483399,-0.68471175,-0.44803548,0
2.3587356,-4.3723164,-0.96207023,0.68543577,-0.70198262,0.19338652,0
-0.026795149,2.8984573,4.6467724,-0.44692716,-0.19593436,0.87284929,0
-0.32198,5.8842382,-0.76877594,-0.68543577,0.70198262,-0.19338652,0
-4.5181513,-1.8003236,1.2922857,-0.44692716,-0.19593436,0.87284929,0
1.9799668,-0.68438554,4.8700352,-0.44692716,-0.19593436,0.87284929,0
-3.1864281,-4.3277016,0.65819597,-0.57483399,-0.68471175,-0.44803548,0
-2.8731236,-4.0660009,-0.14372253,-0.57483399,-0.68471175,-0.44803548,0
-0.98927927,-6.158782,0.63758636,-0.57483399,-0.68471175,-0.44803548,0
3.0301304,-3.4848216,-3.240593,0.44692716,0.19593436,-0.87284929,0
4.7812767,0.47614145,-1.4548049,0.44692716,0.19593436,-0.87284929,0
-5.1235008,0.78907877,-2.2455044,-0.68543577,0.70198262,-0.19338652,0
-3.6416562,1.3585789,2.4501796,-0.44692716,-0.19593436,0.87284929,0
3.9323606,1.1570035,-1.7366396,0.44692716,0.19593436,-0.87284929,0
2.1980157,5.4155989,-1.0526354,0.57483399,0.68471175,0.44803548,0
0.10128951,3.8621488,4.0115499,0.57483399,0.68471175,0.44803548,0
0.63951421,-3.0039446,3.6629927,-0.44692716,-0.19593436,0.87284929,0
-3.2645082,-0.51062822,-5.0750823,-0.57483399,-0.68471175,-0.44803548,0
0.53424501,-3.8909161,-4.6097264,0.44692716,0.19593436,-0.87284929,0
-0.82151985,5.8706417,0.95243049,-0.68543577,0.70198262,-0.19338652,0
-3.1156678,-3.6253781,-0.5059185,-0.57483399,-0.68471175,-0.44803548,0
1.8150765,4.9588823,0.13665819,0.57483399,0.68471175,0.44803548,0
-3.9505422,-1.3719165,-2.8786273,-0.57483399,-0.68471175,-0.44803548,0
2.0214176,-5.1686244,-2.6570368,0.68543577,-0.70198262,0.19338652,0
0.12779522,6.3957229,0.10560036,0.57483399,0.68471175,0.44803548,0
2.0155725,-2.9920712,4.3702445,-0.44692716,-0.19593436,0.87284929,0
-0.88900948,-4.730135,-1.6743951,-0.57483399,-0.68471175,-0.44803548,0
4.0617805,-2.0975204,1.2590775,0.68543577,-0.70198262,0.19338652,0
0.33522224,-5.6511641,-1.8375311,-0.57483399,-0.68471175,-0.44803548,0
-0.039860725,6.108036,-0.95634007,-0.68543577,0.70198262,-0.19338652,0
1.9926,-3.8356102,2.2838683,0.68543577,-0.70198262,0.19338652,0
-0.73842812,4.9800887,-2.5747378,-0.68543577,0.70198262,-0.19338652,0
1.3676257,2.2807214,4.8036518,0.57483399,0.68471175,0.44803548,0
3.5217905,3.8068378,-0.2924571,0.57483399,0.68471175,0.44803548,0
1.5575349,5.7583528,-0.75470686,0.57483399,0.68471175,0.44803548,0
2.2103643,-4.2616448,-3.8347185,0.44692716,0.19593436,-0.87284929,0
1.7885655,2.1081872,4.5272565,0.57483399,0.68471175,0.44803548,0
1.6256166,-4.3916287,1.5662806,0.68543577,-0.70198262,0.19338652,0
0.89289761,-5.613142,-2.61114,-0.57483399,-0.68471175,-0.44803548,0
0.73779821,5.0349841,1.4025142,0.57483399,0.68471175,0.44803548,0
-0.46593064,-0.079995632,-4.2663851,0.44692716,0.19593436,-0.87284929,0
-3.3003144,2.4352262,-2.7321489,-0.68543577,0.70198262,-0.19338652,0
3.3877246,3.0352731,-1.593883,0.44692716,0.19593436,-0.87284929,0
0.66547275,5.8131747,0.30603552,0.57483399,0.68471175,0.44803548,0
0.3649466,-2.8194435,3.5638216,-0.44692716,-0.19593436,0.87284929,0
5.1722126,0.87000048,2.0782666,0.57483399,0.68471175,0.44803548,0
5.4227614,-0.28935522,2.9987817,0.68543577,-0.70198262,0.19338652,0
0.5268991,-0.67204595,4.128787,-0.44692716,-0.19593436,0.87284929,0
2.0894551,2.9601185,2.8392463,0.57483399,0.68471175,0.44803548,0
4.157836,-1.3978473,3.458395,0.68543577,-0.70198262,0.19338652,0
-0.99508119,-4.5870166,2.470664,-0.44692716,-0.19593436,0.87284929,0
2.0202169,3.6049843,1.9425607,0.57483399,0.68471175,0.44803548,0
-2.9318552,-5.012558,1.3782103,-0.57483399,-0.68471175,-0.44803548,0
2.1516142,-4.4635572,-3.910125,0.44692716,0.19593436,-0.87284929,0
-0.6431396,3.2700503,4.4145985,-0.44692716,-0.19593436,0.87284929,0
3.6919646,-1.7313713,3.898946,0.68543577,-0.70198262,0.19338652,0
0.29241648,0.08560729,-3.8409128,0.44692716,0.19593436,-0.87284929,0
1.884964,-5.1983624,-4.2116051,0.44692716,0.19593436,-0.87284929,0
2.0701108,-3.5860829,2.9149127,0.68543577,-0.70198262,0.19338652,0
3.0178652,-4.1334333,-3.3924708,0.44692716,0.19593436,-0.87284929,0
0.37164259,-6.1221604,-0.27089214,0.68543577,-0.70198262,0.19338652,0
-3.2975159,2.9054639,-1.0351303,-0.68543577,0.70198262,-0.19338652,0
1.1728575,-2.8536639,-4.0498962,0.44692716,0.19593436,-0.87284929,0
1.3721809,-3.8830199,-4.1789036,0.44692716,0.19593436,-0.87284929,0
-3.7797046,-1.2875612,-3.2267289,-0.57483399,-0.68471175,-0.44803548,0
1.479269,5.7073994,-0.57642126,0.57483399,0.68471175,0.44803548,0
-3.0969751,-3.0481846,-1.4119992,-0.57483399,-0.68471175,-0.44803548,0
3.9956737,1.3385254,2.8717527,0.57483399,0.68471175,0.44803548,0
-0.617221,-2.8339949,3.0576532,-0.44692716,-0.19593436,0.87284929,0
2.0824852,4.1625924,1.0105023,0.57483399,0.68471175,0.44803548,0
-1.4951329,5.765409,2.9579821,-0.68543577,0.70198262,-0.19338652,0
1.2725456,0.87588835,-3.1616552,0.44692716,0.19593436,-0.87284929,0
4.2836227,2.6455495,0.50484753,0.57483399,0.68471175,0.44803548,0
5.8994794,1.8253626,-0.31485939,0.57483399,0.68471175,0.44803548,0
-4.5221834,-0.075117111,-4.1270447,-0.57483399,-0.68471175,-0.44803548,0
3.4397936,-3.2705843,-0.79452688,0.68543577,-0.70198262,0.19338652,0
-0.085582256,3.9746811,4.0793319,0.57483399,0.68471175,0.44803548,0
2.7098162,2.2025542,3.201067,0.57483399,0.68471175,0.44803548,0
0.72158003,-4.1244249,3.453491,-0.44692716,-0.19593436,0.87284929,0
-2.6875196,4.344944,2.0280452,-0.68543577,0.70198262,-0.19338652,0
2.269732,-3.2715902,3.3489685,0.68543577,-0.70198262,0.19338652,0
-7.0206962,-0.42257714,0.08063221,-0.68543577,0.70198262,-0.19338652,0
3.7729354,-2.2566321,1.7052851,0.68543577,-0.70198262,0.19338652,0
-2.5569315,3.2124159,-2.5458245,-0.68543577,0.70198262,-0.19338652,0
-1.5709176,3.9280865,-3.4427905,-0.68543577,0.70198262,-0.19338652,0
-0.72299719,5.3624005,-1.2416601,-0.68543577,0.70198262,-0.19338652,0
-3.1950221,-3.9312179,1.4914339,-0.44692716,-0.19593436,0.87284929,0
2.8149595,1.404327,-2.2532668,0.44692716,0.19593436,-0.87284929,0
-0.37753105,5.5436378,2.0561402,0.57483399,0.68471175,0.44803548,0
-0.23091698,6.295536,0.71894217,0.57483399,0.68471175,0.44803548,0
-3.5549827,2.14428,-2.8856268,-0.68543577,0.70198262,-0.19338652,0
-1.2403542,-3.3736672,-3.2966437,-0.57483399,-0.68471175,-0.44803548,0
-1.1671553,5.1579103,-0.40968096,-0.68543577,0.70198262,-0.19338652,0
-5.0062718,0.57701778,-3.430779,-0.68543577,0.70198262,-0.19338652,0
-4.1432657,-2.4636216,1.3353441,-0.44692716,-0.19593436,0.87284929,0
4.3407922,1.9452944,1.5016665,0.57483399,0.68471175,0.44803548,0
0.85678971,2.7893784,4.6817021,0.57483399,0.68471175,0.44803548,0
-0.93699646,3.332535,-3.7415524,0.44692716,0.19593436,-0.87284929,0
-1.7573833,0.54882622,3.233218,-0.44692716,-0.19593436,0.87284929,0
-1.3346443,4.3049126,-2.9123731,-0.68543577,0.70198262,-0.19338652,0
1.7543809,2.083205,4.6092954,0.57483399,0.68471175,0.44803548,0
-0.92602372,-1.3134692,3.2408588,-0.44692716,-0.19593436,0.87284929,0
-1.6009793,5.2942848,1.6229854,-0.68543577,0.70198262,-0.19338652,0
2.2483673,-4.471735,-0.93176579,0.68543577,-0.70198262,0.19338652,0
-0.54677171,0.13246012,3.7596254,-0.44692716,-0.19593436,0.87284929,0
-3.9223666,-1.1342906,-3.2779293,-0.57483399,-0.68471175,-0.44803548,0
-2.2990985,-4.8478947,0.31472874,-0.57483399,-0.68471175,-0.44803548,0
2.2751594,4.6570969,-1.7994908,0.44692716,0.19593436,-0.87284929,0
-2.5384779,-1.9473339,2.2729421,-0.44692716,-0.19593436,0.87284929,0
0.26015887,0.92602324,-3.668776,0.44692716,0.19593436,-0.87284929,0
5.0446143,-0.45134532,3.7510633,0.68543577,-0.70198262,0.19338652,0
-1.8777847,3.9845176,-2.1502924,-0.68543577,0.70198262,-0.19338652,0
0.86176205,6.0715237,-0.34062719,0.57483399,0.68471175,0.44803548,0
-3.2868028,3.4518242,0.91015518,-0.68543577,0.70198262,-0.19338652,0
-3.9758153,-2.4931297,1.4144602,-0.44692716,-0.19593436,0.87284929,0
-0.88636482,1.4318933,-4.1422772,0.44692716,0.19593436,-0.87284929,0
-5.0603819,0.56322587,-3.2890601,-0.68543577,0.70198262,-0.19338652,0
3.2110031,3.232218,0.98445082,0.57483399,0.68471175,0.44803548,0
1.0589097,5.0388765,-2.3365493,0.44692716,0.19593436,-0.87284929,0
-2.5737395,-1.7375207,-4.0863428,-0.57483399,-0.68471175,-0.44803548,0
-0.15974998,5.8497152,-1.4690959,-0.68543577,0.70198262,-0.19338652,0
0.99828768,-4.931438,-3.7881734,-0.57483399,-0.68471175,-0.44803548,0
-3.4462898,1.780141,-4.5926795,-0.68543577,0.70198262,-0.19338652,0
1.8345443,5.1469178,-1.9151468,0.44692716,0.19593436,-0.87284929,0
-4.1037388,2.071306,-1.2055147,-0.68543577,0.70198262,-0.19338652,0
2.3602769,0.64144468,-2.6573286,0.44692716,0.19593436,-0.87284929,0
-1.1713755,-6.6559458,1.6310112,-0.57483399,-0.68471175,-0.44803548,0
0.67561793,5.1388488,1.3235602,0.57483399,0.68471175,0.44803548,0
0.94766319,2.6407287,-2.9318397,0.44692716,0.19593436,-0.87284929,0
2.2728176,0.73883629,5.3394642,-0.44692716,-0.19593436,0.87284929,0
-3.0958989,-3.3523633,1.672128,-0.44692716,-0.19593436,0.87284929,0
3.304081,4.5897961,-1.2096925,0.57483399,0.68471175,0.44803548,0
5.3565979,2.041461,0.051409721,0.57483399,0.68471175,0.44803548,0
-3.6727948,2.1392031,-2.4864819,-0.68543577,0.70198262,-0.19338652,0
4.6952381,-1.0582006,2.7865338,0.68543577,-0.70198262,0.19338652,0
0.64881396,-3.7461956,3.5011358,-0.44692716,-0.19593436,0.87284929,0
3.5452693,2.5767262,1.5573421,0.57483399,0.68471175,0.44803548,0
1.3907146,3.9639289,2.2016592,0.57483399,0.68471175,0.44803548,0
-0.85634708,5.6077495,0.1215837,-0.68543577,0.70198262,-0.19338652,0
1.1154559,4.0929894,2.3575816,0.57483399,0.68471175,0.44803548,0
-3.7457261,-2.23581,1.5900357,-0.44692716,-0.19593436,0.87284929,0
-2.5524564,3.5380516,-1.3796474,-0.68543577,0.70198262,-0.19338652,0
2.1014709,-4.4182119,-0.21682239,0.68543577,-0.70198262,0.19338652,0
-1.7065349,-4.6775436,-0.70587492,-0.57483399,-0.68471175,-0.44803548,0
5.8420916,0.98646957,1.0408115,0.57483399,0.68471175,0.44803548,0
-4.0343113,-2.2130737,1.4473743,-0.44692716,-0.19593436,0.87284929,0
4.464426,-1.5861995,1.6880145,0.68543577,-0.70198262,0.19338652,0
-3.624779,-3.2452466,1.4253695,-0.44692716,-0.19593436,0.87284929,0
-1.5660176,3.8457074,-3.7591863,-0.68543577,0.70198262,-0.19338652,0
-5.7218051,-1.3428019,-0.65057468,-0.57483399,-0.68471175,-0.44803548,0
1.864043,4.9878311,0.029592514,0.57483399,0.68471175,0.44803548,0
2.1654513,1.6397917,-2.53298,0.44692716,0.19593436,-0.87284929,0
0.3195734,-5.9310212,0.60748863,0.68543577,-0.70198262,0.19338652,0
-6.2538662,-0.7857573,-0.81923962,-0.57483399,-0.68471175,-0.44803548,0
-2.6821251,4.1510973,1.3052723,-0.68543577,0.70198262,-0.19338652,0
-2.1626554,-0.013529301,-5.1202431,0.44692716,0.19593436,-0.87284929,0
-0.10673094,3.265691,-3.331434,0.44692716,0.19593436,-0.87284929,0
-5.2409754,0.59142858,-2.5465894,-0.68543577,0.70198262,-0.19338652,0
1.3324118,-5.4571977,-1.2624466,0.68543577,-0.70198262,0.19338652,0
-3.705441,-0.84681678,-3.9955807,-0.57483399,-0.68471175,-0.44803548,0
2.87149,-3.1914496,1.5070155,0.68543577,-0.70198262,0.19338652,0
6.7267809,0.37809145,0.79963732,0.68543577,-0.70198262,0.19338652,0
-1.2065468,4.8372951,-1.4338804,-0.68543577,0.70198262,-0.19338652,0
-2.5386252,-4.4435215,0.0040597916,-0.57483399,-0.68471175,-0.44803548,0
-3.6719656,2.9199622,0.34468913,-0.68543577,0.70198262,-0.19338652,0
2.5136325,-2.2134409,4.8000522,-0.44692716,-0.19593436,0.87284929,0
-0.22293329,2.4867532,4.4539251,-0.44692716,-0.19593436,0.87284929,0
-1.9517314,-3.2611804,-2.5558472,-0.57483399,-0.68471175,-0.44803548,0
3.7071819,-1.6885667,4.0003853,0.68543577,-0.70198262,0.19338652,0
-3.6700201,-4.1970811,1.1885395,-0.44692716,-0.19593436,0.87284929,0
0.17342687,5.0981565,2.0300646,0.57483399,0.68471175,0.44803548,0
4.7994404,-0.36998773,4.4515533,0.57483399,0.68471175,0.44803548,0
3.8226428,4.0033035,-0.97870278,0.57483399,0.68471175,0.44803548,0
-0.69244242,4.8897882,-3.0655141,-0.68543577,0.70198262,-0.19338652,0
0.3500371,0.4493463,-3.729758,0.44692716,0.19593436,-0.87284929,0
-3.9450083,2.1511285,-1.4783671,-0.68543577,0.70198262,-0.19338652,0
-2.5857701,4.2454138,1.3061162,-0.68543577,0.70198262,-0.19338652,0
3.2129087,3.4755709,0.61010122,0.57483399,0.68471175,0.44803548,0
-4.7653513,0.79827487,-3.481545,-0.68543577,0.70198262,-0.19338652,0
-4.2117038,-2.1328495,-1.3806558,-0.57483399,-0.68471175,-0.44803548,0
-3.2895646,-3.8055983,-0.0073852539,-0.57483399,-0.68471175,-0.44803548,0
-0.85229874,5.3278551,-0.90876234,-0.68543577,0.70198262,-0.19338652,0
-2.8563612,2.3379636,-4.6587458,-0.68543577,0.70198262,-0.19338652,0
-1.9276603,-2.7889676,-3.3083916,-0.57483399,-0.68471175,-0.44803548,0
3.3367362,-2.2691667,3.2058432,0.68543577,-0.70198262,0.19338652,0
3.5366018,3.4472415,0.23809528,0.57483399,0.68471175,0.44803548,0
3.6999626,-1.2670119,5.5561972,0.68543577,-0.70198262,0.19338652,0
2.1195569,4.0024199,1.2077241,0.57483399,0.68471175,0.44803548,0
-0.32354069,4.913188,2.9503572,0.57483399,0.68471175,0.44803548,0
-2.3034902,-4.891757,1.7323089,-0.44692716,-0.19593436,0.87284929,0
4.1807594,-2.2378881,0.32784176,0.68543577,-0.70198262,0.19338652,0
3.8400047,2.9974012,-1.3708024,0.44692716,0.19593436,-0.87284929,0
-0.74255419,5.9033213,0.79117107,-0.68543577,0.70198262,-0.19338652,0
2.4902411,3.4513128,1.5743637,0.57483399,0.68471175,0.44803548,0
-4.0693407,-0.14867926,-4.5956249,-0.57483399,-0.68471175,-0.44803548,0
-2.8766952,2.9106228,3.1902618,-0.44692716,-0.19593436,0.87284929,0
2.4166839,1.973915,-2.3293376,0.44692716,0.19593436,-0.87284929,0
-0.84880376,-2.8650858,-4.5762467,-0.57483399,-0.68471175,-0.44803548,0
-5.8337617,0.86048174,0.53111672,-0.68543577,0.70198262,-0.19338652,0
0.22497606,3.3831723,4.5848579,0.57483399,0.68471175,0.44803548,0
2.2166567,-4.321238,-0.27307349,0.68543577,-0.70198262,0.19338652,0
-4.5111375,-2.6131361,-0.26247978,-0.57483399,-0.68471175,-0.44803548,0
3.4444494,-3.7439024,-2.5291452,0.68543577,-0.70198262,0.19338652,0
-2.9896064,3.7944894,3.3308563,-0.44692716,-0.19593436,0.87284929,0
5.5594029,-0.64671075,1.2172918,0.68543577,-0.70198262,0.19338652,0
0.12687349,6.4707899,-0.23053241,-0.68543577,0.70198262,-0.19338652,0
-1.993039,-0.60237336,2.8541369,-0.44692716,-0.19593436,0.87284929,0
0.50137568,-6.1238112,-0.73670864,0.68543577,-0.70198262,0.19338652,0
1.0349183,6.3171844,-2.0618834,0.44692716,0.19593436,-0.87284929,0
2.6943827,-4.1250305,-1.2540932,0.68543577,-0.70198262,0.19338652,0
4.0217552,-1.8086612,2.4494839,0.68543577,-0.70198262,0.19338652,0
0.91649532,-5.6833615,-0.60924077,0.68543577,-0.70198262,0.19338652,0
2.7390993,4.45646,-0.28104401,0.57483399,0.68471175,0.44803548,0
-2.2237587,1.2789018,-4.8614092,0.44692716,0.19593436,-0.87284929,0
1.5028591,4.0622525,1.9075131,0.57483399,0.68471175,0.44803548,0
3.1072326,1.1286941,4.3323078,0.57483399,0.68471175,0.44803548,0
0.24854374,-4.9177017,-2.8472376,-0.57483399,-0.68471175,-0.44803548,0
4.3052506,-1.3997891,2.9288518,0.68543577,-0.70198262,0.19338652,0
-3.8150558,-3.4524796,0.12716961,-0.57483399,-0.68471175,-0.44803548,0
1.0732613,-5.4304004,-0.24664474,0.68543577,-0.70198262,0.19338652,0
2.3626745,2.2015126,3.6480455,0.57483399,0.68471175,0.44803548,0
5.9049635,0.74893832,1.3231535,0.57483399,0.68471175,0.44803548,0
-0.37786198,5.5592313,2.0327339,0.57483399,0.68471175,0.44803548,0
2.1310415,2.4112804,3.6246538,0.57483399,0.68471175,0.44803548,0
-6.1172934,0.22100687,-0.78519535,-0.68543577,0.70198262,-0.19338652,0
3.9477358,0.18333077,4.698689,0.57483399,0.68471175,0.44803548,0
-3.697361,3.552382,2.7303481,-0.68543577,0.70198262,-0.19338652,0
-4.2335587,1.8745084,-1.4597509,-0.68543577,0.70198262,-0.19338652,0
-0.61196566,5.0713682,3.0786712,0.57483399,0.68471175,0.44803548,0
4.070694,2.3222136,1.2721763,0.57483399,0.68471175,0.44803548,0
-3.9986305,-3.5585475,0.52479696,-0.57483399,-0.68471175,-0.44803548,0
-2.5587473,4.2303104,3.6493013,-0.44692716,-0.19593436,0.87284929,0
4.5802474,-0.86221564,3.9055219,0.68543577,-0.70198262,0.19338652,0
-2.2006986,-3.3552222,-2.0927,-0.57483399,-0.68471175,-0.44803548,0
1.5521708,-4.7655058,0.46945053,0.68543577,-0.70198262,0.19338652,0
2.3085585,-4.8727112,-2.6006305,0.68543577,-0.70198262,0.19338652,0
-0.090211749,-1.9249806,-4.4881611,0.44692716,0.19593436,-0.87284929,0
0.51570892,3.5952828,-2.9387391,0.44692716,0.19593436,-0.87284929,0
-2.1113677,4.6921306,1.2462116,-0.68543577,0.70198262,-0.19338652,0
4.2051468,-2.7020955,-2.4632423,0.44692716,0.19593436,-0.87284929,0
-0.70103264,5.8577042,0.47841406,-0.68543577,0.70198262,-0.19338652,0
1.8060102,1.3440275,5.2362952,-0.44692716,-0.19593436,0.87284929,0
-5.5655651,-0.93170589,-1.4792914,-0.57483399,-0.68471175,-0.44803548,0
-4.6619534,-0.42323422,1.5277787,-0.44692716,-0.19593436,0.87284929,0
-1.2312193,5.4405937,3.3089097,0.57483399,0.68471175,0.44803548,0
-1.157686,-6.7908592,1.8926935,-0.44692716,-0.19593436,0.87284929,0
-1.2635964,-4.6672421,-1.2899127,-0.57483399,-0.68471175,-0.44803548,0
-0.23133755,4.8409238,2.9424994,0.57483399,0.68471175,0.44803548,0
0.3843441,-3.7697198,3.3604386,-0.44692716,-0.19593436,0.87284929,0
-2.7610672,-0.79946566,2.4166389,-0.44692716,-0.19593436,0.87284929,0
0.0089132786,4.2406979,3.5515513,0.57483399,0.68471175,0.44803548,0
-1.6273229,3.5969393,-4.0356688,0.44692716,0.19593436,-0.87284929,0
2.6957269,0.5106082,-2.5149369,0.44692716,0.19593436,-0.87284929,0
-2.2785668,3.4452236,3.6165287,-0.44692716,-0.19593436,0.87284929,0
1.1085231,5.1590567,-2.284168,0.44692716,0.19593436,-0.87284929,0
-1.0251808,5.3537078,-0.20216119,-0.68543577,0.70198262,-0.19338652,0
-3.6360164,3.1969128,1.2225842,-0.68543577,0.70198262,-0.19338652,0
1.7206622,3.2747025,-2.3937268,0.44692716,0.19593436,-0.87284929,0
2.3475273,1.4351578,-2.4856865,0.44692716,0.19593436,-0.87284929,0
-4.0284257,-3.4411325,1.1747174,-0.44692716,-0.19593436,0.87284929,0
0.55543041,-5.3182883,-2.6287794,-0.57483399,-0.68471175,-0.44803548,0
-3.5529377,-1.1509771,-3.7264109,-0.57483399,-0.68471175,-0.44803548,0
-3.5117762,-3.9908059,0.56075811,-0.57483399,-0.68471175,-0.44803548,0
-3.5080469,-3.9521422,1.3264587,-0.44692716,-0.19593436,0.87284929,0
-5.8003025,0.69969165,-0.17113018,-0.68543577,0.70198262,-0.19338652,0
4.5398345,-1.6208541,-2.0491576,0.44692716,0.19593436,-0.87284929,0
-5.186028,1.4160573,1.6723139,-0.44692716,-0.19593436,0.87284929,0
3.4624095,-2.2769125,2.7322934,0.68543577,-0.70198262,0.19338652,0
-3.3436103,1.8667885,-4.6420898,-0.68543577,0.70198262,-0.19338652,0
-0.77905035,-5.7754302,-0.21799827,-0.57483399,-0.68471175,-0.44803548,0
-0.3087945,5.6584296,1.7925198,0.57483399,0.68471175,0.44803548,0
-0.99035645,5.2623701,3.2722504,0.57483399,0.68471175,0.44803548,0
-3.9064646,2.3305686,-0.96362329,-0.68543577,0.70198262,-0.19338652,0
-3.194242,-4.5153918,0.95505929,-0.57483399,-0.68471175,-0.44803548,0
4.5536489,-1.4289848,1.9424546,0.68543577,-0.70198262,0.19338652,0
-5.0658612,-1.489252,-1.2683439,-0.57483399,-0.68471175,-0.44803548,0
4.3133726,0.5920918,-1.6683588,0.44692716,0.19593436,-0.87284929,0
-0.10783672,-5.2578292,-1.8701971,-0.57483399,-0.68471175,-0.44803548,0
-0.21001494,-2.035491,3.4454017,-0.44692716,-0.19593436,0.87284929,0
1.1260777,5.0818138,0.83278036,0.57483399,0.68471175,0.44803548,0
-1.0091493,-4.5292177,-1.8273077,-0.57483399,-0.68471175,-0.44803548,0
2.7618949,2.683181,2.3997293,0.57483399,0.68471175,0.44803548,0
-5.6011548,0.54386121,-1.4426455,-0.68543577,0.70198262,-0.19338652,0
3.9118385,1.0464525,-1.7719638,0.44692716,0.19593436,-0.87284929,0
0.96574306,-5.1286297,1.2298521,0.68543577,-0.70198262,0.19338652,0
0.49192286,-5.9405274,-1.5963593,-0.57483399,-0.68471175,-0.44803548,0
0.026015997,-4.303349,-3.5006187,-0.57483399,-0.68471175,-0.44803548,0
-6.7515354,-0.22457588,-0.15464258,-0.68543577,0.70198262,-0.19338652,0
3.627609,-1.9051833,3.4961171,0.68543577,-0.70198262,0.19338652,0
2.6748614,0.33735275,5.4552007,-0.44692716,-0.19593436,0.87284929,0
-2.0721397,4.4019551,0.053851187,-0.68543577,0.70198262,-0.19338652,0
-0.83166051,-4.2112212,2.6386979,-0.44692716,-0.19593436,0.87284929,0
6.5261765,0.4217124,-0.57357693,0.44692716,0.19593436,-0.87284929,0
1.8375746,1.535731,-2.7242227,0.44692716,0.19593436,-0.87284929,0
0.52936459,-5.512248,-2.2989168,-0.57483399,-0.68471175,-0.44803548,0
-4.0662112,-0.65250826,-3.8296604,-0.57483399,-0.68471175,-0.44803548,0
1.5114808,6.1830359,-1.3446429,0.57483399,0.68471175,0.44803548,0
2.8497353,0.61181116,5.4526067,0.57483399,0.68471175,0.44803548,0
-0.92788577,-5.8713222,0.1195066,-0.57483399,-0.68471175,-0.44803548,0
3.2667732,-2.9500647,0.98219478,0.68543577,-0.70198262,0.19338652,0
-3.9424024,-3.4200776,1.2234905,-0.44692716,-0.19593436,0.87284929,0
4.2181988,-0.28594613,5.0688553,0.57483399,0.68471175,0.44803548,0
2.9417982,-1.6039317,5.1561065,-0.44692716,-0.19593436,0.87284929,0
-4.5073299,-0.12674904,-4.0671935,-0.57483399,-0.68471175,-0.44803548,0
2.751019,-3.9101372,-3.4789801,0.44692716,0.19593436,-0.87284929,0
0.13144684,6.2182226,0.37218118,0.57483399,0.68471175,0.44803548,0
-3.444612,2.8761001,-0.62035561,-0.68543577,0.70198262,-0.19338652,0
-3.6462724,1.9561622,-3.2449174,-0.68543577,0.70198262,-0.19338652,0
-6.3116164,0.099011421,0.80032969,-0.44692716,-0.19593436,0.87284929,0
3.671916,-2.3533602,1.7122204,0.68543577,-0.70198262,0.19338652,0
-3.2363033,1.4020545,-5.3522205,0.44692716,0.19593436,-0.87284929,0
-2.3134236,-0.087770462,-5.2141075,0.44692716,0.19593436,-0.87284929,0
-2.8897285,-4.5322189,1.5128438,-0.44692716,-0.19593436,0.87284929,0
-4.2912188,0.37954068,-5.118207,-0.57483399,-0.68471175,-0.44803548,0
-0.73163986,-6.5250864,2.1705027,-0.44692716,-0.19593436,0.87284929,0
1.6300206,-5.3624706,-1.9734313,0.68543577,-0.70198262,0.19338652,0
-0.6171968,-5.8302426,-0.34188986,-0.57483399,-0.68471175,-0.44803548,0
-3.5502927,-4.0774374,0.7425704,-0.57483399,-0.68471175,-0.44803548,0
-5.836278,-1.8679724,0.29889011,-0.57483399,-0.68471175,-0.44803548,0
2.8392377,-3.2387161,1.4497545,0.68543577,-0.70198262,0.19338652,0
-2.9148526,3.374557,-0.6886521,-0.68543577,0.70198262,-0.19338652,0
-1.6728721,4.7704191,-0.023801923,-0.68543577,0.70198262,-0.19338652,0
-3.5384133,-1.7443135,-2.8382759,-0.57483399,-0.68471175,-0.44803548,0
-4.7699556,2.2425344,1.7773588,-0.68543577,0.70198262,-0.19338652,0
0.70012903,-3.5286582,3.5762434,-0.44692716,-0.19593436,0.87284929,0
-3.0099339,3.7086916,3.301188,-0.44692716,-0.19593436,0.87284929,0
2.4942229,2.4683905,3.0714092,0.57483399,0.68471175,0.44803548,0
-1.4440643,-2.9622788,-3.6639867,-0.57483399,-0.68471175,-0.44803548,0
-0.65434432,-4.7210965,-1.9892852,-0.57483399,-0.68471175,-0.44803548,0
-3.0788543,-0.10577154,-5.6100726,0.44692716,0.19593436,-0.87284929,0
0.49208212,5.1266747,1.5776439,0.57483399,0.68471175,0.44803548,0
-0.10825658,3.4631445,4.7318211,-0.44692716,-0.19593436,0.87284929,0
-4.3222589,1.8284404,-1.312587,-0.68543577,0.70198262,-0.19338652,0
-0.67284298,-4.3366938,2.6918519,-0.44692716,-0.19593436,0.87284929,0
-3.0625191,-1.0679703,-4.4824762,-0.57483399,-0.68471175,-0.44803548,0
-1.6147752,-3.8554144,2.3175881,-0.44692716,-0.19593436,0.87284929,0
0.46484566,3.9624429,3.3918295,0.57483399,0.68471175,0.44803548,0
2.0808969,-4.2816029,0.35198244,0.68543577,-0.70198262,0.19338652,0
-2.4231849,-4.3864398,1.7844533,-0.44692716,-0.19593436,0.87284929,0
2.2828929,-2.8745463,-3.4862103,0.44692716,0.19593436,-0.87284929,0
-2.2139726,-0.87908626,2.678896,-0.44692716,-0.19593436,0.87284929,0
3.6397667,1.4068208,-1.8303791,0.44692716,0.19593436,-0.87284929,0
-4.2379365,1.911352,-1.3104916,-0.68543577,0.70198262,-0.19338652,0
0.96233368,-5.1344161,-3.4318428,-0.57483399,-0.68471175,-0.44803548,0
-0.80096287,-2.5208335,3.0338688,-0.44692716,-0.19593436,0.87284929,0
6.5390253,0.70074189,0.58330202,0.57483399,0.68471175,0.44803548,0
5.6604342,0.23144037,2.4277549,0.57483399,0.68471175,0.44803548,0
5.0897427,-0.46613133,3.5374379,0.68543577,-0.70198262,0.19338652,0
3.8851352,-2.1783881,1.5916274,0.68543577,-0.70198262,0.19338652,0
4.6050463,1.0836765,2.4793973,0.57483399,0.68471175,0.44803548,0
6.4879045,0.055724502,0.47613144,0.68543577,-0.70198262,0.19338652,0
5.3859282,-0.10798991,3.2986856,0.57483399,0.68471175,0.44803548,0
5.7830911,1.5274681,0.28972673,0.57483399,0.68471175,0.44803548,0
1.7596612,-5.3553319,-4.1172075,-0.57483399,-0.68471175,-0.44803548,0
-1.48282,4.7372074,-0.81797612,-0.68543577,0.70198262,-0.19338652,0
2.6955364,-2.6251006,4.1864786,0.68543577,-0.70198262,0.19338652,0
-2.9721141,3.7770193,0.97522104,-0.68543577,0.70198262,-0.19338652,0
1.8724525,4.8411174,0.24301958,0.57483399,0.68471175,0.44803548,0
-0.53633547,5.3922682,-1.7948428,-0.68543577,0.70198262,-0.19338652,0
0.09032917,5.1524181,2.0537546,0.57483399,0.68471175,0.44803548,0
-4.0321345,-2.7433558,-0.67803669,-0.57483399,-0.68471175,-0.44803548,0
0.090896606,4.9358053,-2.8553405,0.44692716,0.19593436,-0.87284929,0
-2.9358604,-3.028842,-1.648272,-0.57483399,-0.68471175,-0.44803548,0
4.1673851,-2.5675325,-0.82134575,0.68543577,-0.70198262,0.19338652,0
0.23522043,6.1331816,-1.8400551,-0.68543577,0.70198262,-0.19338652,0
-0.72955298,2.0515454,4.0968256,-0.44692716,-0.19593436,0.87284929,0
-0.81636143,-4.9815955,-1.3833084,-0.57483399,-0.68471175,-0.44803548,0
0.89300811,0.11327434,4.4925327,-0.44692716,-0.19593436,0.87284929,0
5.4674315,-0.36641979,2.5607123,0.68543577,-0.70198262,0.19338652,0
6.7248869,0.68282998,0.37221432,0.57483399,0.68471175,0.44803548,0
-4.5055623,2.4979732,1.7674778,-0.68543577,0.70198262,-0.19338652,0
-0.57621574,-5.3729196,-1.093375,-0.57483399,-0.68471175,-0.44803548,0
1.1568804,-5.8417969,-2.0363691,0.68543577,-0.70198262,0.19338652,0
0.99180603,-5.5174084,-2.8843465,-0.57483399,-0.68471175,-0.44803548,0
1.8905096,-4.4015431,0.59141034,0.68543577,-0.70198262,0.19338652,0
-0.49963522,-6.077879,-0.11427116,-0.57483399,-0.68471175,-0.44803548,0
5.5455046,0.1222558,2.7420726,0.57483399,0.68471175,0.44803548,0
-2.4638162,-3.8887553,1.8753673,-0.44692716,-0.19593436,0.87284929,0
-2.2518675,-3.9760849,-1.0782146,-0.57483399,-0.68471175,-0.44803548,0
-2.1986032,3.888134,-1.3630564,-0.68543577,0.70198262,-0.19338652,0
-0.11255562,-1.8783989,3.5305674,-0.44692716,-0.19593436,0.87284929,0
4.9179897,1.2548294,1.8163218,0.57483399,0.68471175,0.44803548,0
-2.4725137,4.2570558,0.94695246,-0.68543577,0.70198262,-0.19338652,0
5.2589774,-1.5942028,-1.1572303,0.68543577,-0.70198262,0.19338652,0
-2.9074166,2.1976986,-4.9869399,-0.68543577,0.70198262,-0.19338652,0
0.49160147,-4.7092867,-3.4775941,-0.57483399,-0.68471175,-0.44803548,0
-4.8644934,0.97084963,-2.5037093,-0.68543577,0.70198262,-0.19338652,0
-1.9721847,4.7934031,1.1205075,-0.68543577,0.70198262,-0.19338652,0
2.3651257,-3.8249569,1.0021666,0.68543577,-0.70198262,0.19338652,0
1.6100757,2.8390524,3.6393137,0.57483399,0.68471175,0.44803548,0
-2.6908967,-2.9074352,-2.1481032,-0.57483399,-0.68471175,-0.44803548,0
6.06071,0.43374094,1.6050315,0.57483399,0.68471175,0.44803548,0
3.8898799,-1.0229206,5.7690954,0.68543577,-0.70198262,0.19338652,0
-6.7179646,-0.88158035,0.37214613,-0.44692716,-0.19593436,0.87284929,0
3.2229018,4.6046605,-1.1282549,0.57483399,0.68471175,0.44803548,0
3.1967483,-1.4967036,5.31072,-0.44692716,-0.19593436,0.87284929,0
-0.72847712,1.0385094,-4.1497388,0.44692716,0.19593436,-0.87284929,0
6.8308811,0.2646513,0.018884182,0.68543577,-0.70198262,0.19338652,0
5.4488754,-0.025651574,3.0920892,0.57483399,0.68471175,0.44803548,0
-0.75381529,-2.4669824,-4.949615,0.44692716,0.19593436,-0.87284929,0
2.5455914,-3.4206824,1.830022,0.68543577,-0.70198262,0.19338652,0
3.4188685,-3.1848936,-0.40930516,0.68543577,-0.70198262,0.19338652,0
0.44235078,1.3227403,-3.486434,0.44692716,0.19593436,-0.87284929,0
-0.76994157,3.3106394,-3.6609299,0.44692716,0.19593436,-0.87284929,0
-3.7196009,-3.6711719,0.33891726,-0.57483399,-0.68471175,-0.44803548,0
1.2477734,5.0993214,-2.2262764,0.44692716,0.19593436,-0.87284929,0
1.3762417,-5.4522672,-3.4771345,-0.57483399,-0.68471175,-0.44803548,0
-5.9390817,0.70015979,0.32245302,-0.68543577,0.70198262,-0.19338652,0
0.73046112,-2.2032621,-4.1304178,0.44692716,0.19593436,-0.87284929,0
-2.9388456,4.0096817,1.7018541,-0.68543577,0.70198262,-0.19338652,0
-0.87636757,-4.2082167,-2.4882379,-0.57483399,-0.68471175,-0.44803548,0
-5.5428514,-0.89246297,-1.5684061,-0.57483399,-0.68471175,-0.44803548,0
-6.4727659,-0.12216222,-0.77095032,-0.68543577,0.70198262,-0.19338652,0
3.6108623,3.6640933,-0.18858624,0.57483399,0.68471175,0.44803548,0
-2.7914917,2.3329313,3.1042111,-0.44692716,-0.19593436,0.87284929,0
-2.7165856,4.5008888,2.6971374,-0.68543577,0.70198262,-0.19338652,0
4.5781708,-1.4972055,1.607899,0.68543577,-0.70198262,0.19338652,0
-4.0548401,-2.3022065,-1.3230929,-0.57483399,-0.68471175,-0.44803548,0
2.9984927,-3.9868541,-1.8304048,0.68543577,-0.70198262,0.19338652,0
-0.79463577,-3.0163059,-4.4146428,-0.57483399,-0.68471175,-0.44803548,0
6.0744119,-0.57855511,-1.0294325,0.44692716,0.19593436,-0.87284929,0
6.0411072,0.75943363,-0.74613857,0.44692716,0.19593436,-0.87284929,0
-1.0955424,4.9150119,-1.5452116,-0.68543577,0.70198262,-0.19338652,0
-4.4629984,0.15722394,-4.5580559,-0.57483399,-0.68471175,-0.44803548,0
-2.8995867,-0.6438725,2.3806396,-0.44692716,-0.19593436,0.87284929,0
1.5916319,-4.7164569,0.5076285,0.68543577,-0.70198262,0.19338652,0
0.57426769,-0.37510443,4.219698,-0.44692716,-0.19593436,0.87284929,0
-6.4993577,-0.049625754,-0.41339827,-0.68543577,0.70198262,-0.19338652,0
1.8556063,4.9627218,0.078789711,0.57483399,0.68471175,0.44803548,0
3.8011625,-1.5505239,4.1683731,0.68543577,-0.70198262,0.19338652,0
-6.1287255,-0.90856242,-0.79211903,-0.57483399,-0.68471175,-0.44803548,0
-2.7148056,4.1106701,1.2743542,-0.68543577,0.70198262,-0.19338652,0
-6.8669233,-0.72227657,-0.12969542,-0.57483399,-0.68471175,-0.44803548,0
-4.849699,-3.0165021,0.78834295,-0.57483399,-0.68471175,-0.44803548,0
-4.92624,1.8565716,0.93026459,-0.68543577,0.70198262,-0.19338652,0
-2.0621791,5.1718988,4.1149249,-0.44692716,-0.19593436,0.87284929,0
2.2550013,-3.0152359,4.3317337,0.68543577,-0.70198262,0.19338652,0
2.7213614,-0.55570483,-2.7411737,0.44692716,0.19593436,-0.87284929,0
-2.9726305,3.6333811,3.3033829,-0.44692716,-0.19593436,0.87284929,0
0.21059597,-1.6842005,3.7396245,-0.44692716,-0.19593436,0.87284929,0
3.9704652,-2.1529787,1.3814192,0.68543577,-0.70198262,0.19338652,0
-5.149766,1.5622125,1.7236894,-0.44692716,-0.19593436,0.87284929,0
2.6828637,-3.6998429,0.33013928,0.68543577,-0.70198262,0.19338652,0
-2.5604434,-4.4313064,0.013384819,-0.57483399,-0.68471175,-0.44803548,0
-0.40202093,4.6218805,-3.1781993,0.44692716,0.19593436,-0.87284929,0
3.1127086,-2.3844142,3.5815403,0.68543577,-0.70198262,0.19338652,0
1.5481329,-1.8531921,4.3865523,-0.44692716,-0.19593436,0.87284929,0
2.0352645,-4.1330929,1.0528032,0.68543577,-0.70198262,0.19338652,0
-2.3141043,-0.72978377,2.6611404,-0.44692716,-0.19593436,0.87284929,0
-3.2704768,-2.8704352,1.6909201,-0.44692716,-0.19593436,0.87284929,0
-1.374571,0.6777873,3.4581785,-0.44692716,-0.19593436,0.87284929,0
-0.12920713,5.1356297,2.3610787,0.57483399,0.68471175,0.44803548,0
0.97380543,-5.5160112,-0.20489788,0.68543577,-0.70198262,0.19338652,0
3.1874738,-2.0106432,4.6733131,0.68543577,-0.70198262,0.19338652,0
-0.77294827,5.4334984,-0.80653489,-0.68543577,0.70198262,-0.19338652,0
5.2686191,-1.6621974,-1.4382225,0.68543577,-0.70198262,0.19338652,0
2.3350887,-3.5063004,2.265336,0.68543577,-0.70198262,0.19338652,0
-6.2694178,-0.31175065,0.72973061,-0.44692716,-0.19593436,0.87284929,0
4.8273849,0.55751657,2.998239,0.57483399,0.68471175,0.44803548,0
0.92164946,-5.8159947,-1.1089604,0.68543577,-0.70198262,0.19338652,0
2.1548042,-0.17188048,-2.9451098,0.44692716,0.19593436,-0.87284929,0
-3.4418416,-2.7465911,-1.4304442,-0.57483399,-0.68471175,-0.44803548,0
-5.0405474,1.074406,-1.5038002,-0.68543577,0.70198262,-0.19338652,0
