-3.2443392,1.499198,3.9336333,-0.1961029,-0.24652529,0.94908845,0
3.8905554,-0.2110852,1.1403737,0.8587715,-0.5103904,0.044867754,0
2.7965696,-2.0486276,1.1764787,0.8587715,-0.5103904,0.044867754,0
2.1701436,-0.029328912,4.6553526,-0.1961029,-0.24652529,0.94908845,0
0.813995,2.0889602,4.9253664,-0.1961029,-0.24652529,0.94908845,0
-1.9671996,-3.059413,3.0134215,-0.1961029,-0.24652529,0.94908845,0
1.1786882,0.92647552,-3.7303753,0.1961029,0.24652529,-0.94908845,0
0.088261127,-3.0929201,-4.7905359,-0.47334462,-0.82384878,-0.31179792,0
2.8889911,-2.0860186,-1.0178189,0.8587715,-0.5103904,0.044867754,0
2.7091384,2.2256894,2.8352087,0.47334462,0.82384878,0.31179792,0
-2.157387,3.1241498,-1.1759299,-0.8587715,0.5103904,-0.044867754,0
5.5404282,2.2992206,-1.8824656,0.8587715,-0.5103904,0.044867754,0
-2.9678843,-3.7988849,2.6145802,-0.1961029,-0.24652529,0.94908845,0
-2.6906362,2.2415969,-1.0089364,-0.8587715,0.5103904,-0.044867754,0
-0.62257016,5.2774019,-0.17027576,0.47334462,0.82384878,0.31179792,0
3.57377,-0.78367865,0.69015604,0.8587715,-0.5103904,0.044867754,0
1.9471451,-3.4719973,-4.7140961,0.1961029,0.24652529,-0.94908845,0
3.5587721,-0.95073402,-0.92311221,0.8587715,-0.5103904,0.044867754,0
2.392374,-2.6650367,1.9008789,0.8587715,-0.5103904,0.044867754,0
-2.0309286,-1.9377759,-4.6255479,-0.47334462,-0.82384878,-0.31179792,0
0.64330661,-5.4100428,0.48926574,-0.47334462,-0.82384878,-0.31179792,0
2.2311456,2.5131123,2.8014116,0.47334462,0.82384878,0.31179792,0
2.6900363,2.1384733,3.0946543,0.47334462,0.82384878,0.31179792,0
3.5246146,2.4937882,-2.8385456,0.1961029,0.24652529,-0.94908845,0
1.2376497,-1.2580256,4.1435246,-0.1961029,-0.24652529,0.94908845,0
-4.7645836,-2.7145681,1.5769314,-0.47334462,-0.82384878,-0.31179792,0
0.28715289,2.9096806,4.7047791,0.47334462,0.82384878,0.31179792,0
-1.6875077,4.1095762,1.0402187,-0.8587715,0.5103904,-0.044867754,0
3.5107584,0.9419024,5.0103474,0.47334462,0.82384878,0.31179792,0
-3.4023345,-2.7379587,-0.42931408,-0.47334462,-0.82384878,-0.31179792,0
1.0306005,-5.11759,0.066438675,0.8587715,-0.5103904,0.044867754,0
1.6077211,4.8248606,-2.3603818,0.47334462,0.82384878,0.31179792,0
2.912092,3.1606338,0.056742817,0.47334462,0.82384878,0.31179792,0
1.6171325,-1.1196747,4.2578712,-0.1961029,-0.24652529,0.94908845,0
-1.1403866,-4.6080413,1.078024,-0.47334462,-0.82384878,-0.31179792,0
2.9416299,2.1660085,2.6399522,0.47334462,0.82384878,0.31179792,0
2.9263992,2.2033553,-3.03759,0.1961029,0.24652529,-0.94908845,0
3.4612539,3.2784786,-1.0883229,0.47334462,0.82384878,0.31179792,0
-3.837656,0.17977405,-2.5090485,-0.8587715,0.5103904,-0.044867754,0
4.9141617,1.3160126,-2.8573608,0.1961029,0.24652529,-0.94908845,0
-1.1657034,-2.414834,-4.6785502,-0.47334462,-0.82384878,-0.31179792,0
-0.62371886,2.3481343,4.6956224,-0.1961029,-0.24652529,0.94908845,0
5.4625387,2.179162,-1.757369,0.8587715,-0.5103904,0.044867754,0
-4.1021366,-2.6704354,0.45465273,-0.47334462,-0.82384878,-0.31179792,0
-0.76051986,5.3405385,-2.6996577,-0.8587715,0.5103904,-0.044867754,0
-0.71185422,-3.4715621,3.1657486,-0.1961029,-0.24652529,0.94908845,0
-2.6162896,2.1574557,-3.3890791,-0.8587715,0.5103904,-0.044867754,0
1.3727863,3.8459673,0.58275914,0.47334462,0.82384878,0.31179792,0
-0.98118424,-4.1588612,-0.35051143,-0.47334462,-0.82384878,-0.31179792,0
-4.7450719,-1.2974409,-1.945019,-0.8587715,0.5103904,-0.044867754,0
-4.3610654,-0.25225937,2.5944679,-0.8587715,0.5103904,-0.044867754,0
-3.5413094,-1.427922,3.1119545,-0.1961029,-0.24652529,0.94908845,0
-4.4285979,-0.47061825,1.4031183,-0.8587715,0.5103904,-0.044867754,0
-2.921623,2.0048573,0.71915424,-0.8587715,0.5103904,-0.044867754,0
4.4758258,1.7753588,1.3430636,0.47334462,0.82384878,0.31179792,0
-0.9856776,0.97444832,-4.1651206,0.1961029,0.24652529,-0.94908845,0
-2.9854276,1.5592446,-3.1286678,-0.8587715,0.5103904,-0.044867754,0
0.48772359,3.3691432,3.1862738,0.47334462,0.82384878,0.31179792,0
1.988569,-2.7903259,-4.5284729,0.1961029,0.24652529,-0.94908845,0
-3.8559434,-0.94228733,-4.4853005,-0.47334462,-0.82384878,-0.31179792,0
3.9965582,-0.13114536,0.020818055,0.8587715,-0.5103904,0.044867754,0
1.2464931,3.1766348,2.5430324,0.47334462,0.82384878,0.31179792,0
0.90672362,-5.1230531,2.375298,0.8587715,-0.5103904,0.044867754,0
-1.9680097,3.5765743,0.34590912,-0.8587715,0.5103904,-0.044867754,0
-2.4195046,-3.1189437,2.9045024,-0.1961029,-0.24652529,0.94908845,0
-3.1218324,0.98786259,3.8261266,-0.1961029,-0.24652529,0.94908845,0
3.4371576,2.9806285,-0.26474619,0.47334462,0.82384878,0.31179792,0
0.86405641,-5.1666465,2.6960616,0.8587715,-0.5103904,0.044867754,0
3.1146269,-1.8912358,-3.1207638,0.8587715,-0.5103904,0.044867754,0
-3.3432262,0.85372043,-4.3060274,-0.8587715,0.5103904,-0.044867754,0
-0.82169151,1.9601929,-3.8751907,0.1961029,0.24652529,-0.94908845,0
4.0457163,-0.10441589,-0.61601079,0.8587715,-0.5103904,0.044867754,0
-2.103358,3.3186688,0.0026980639,-0.8587715,0.5103904,-0.044867754,0
1.0037374,-1.8743834,3.9350946,-0.1961029,-0.24652529,0.94908845,0
-1.2122083,4.8046465,-0.15032083,-0.8587715,0.5103904,-0.044867754,0
-2.1967549,2.5904818,4.433548,-0.1961029,-0.24652529,0.94908845,0
3.1330042,-1.771579,-2.1113553,0.8587715,-0.5103904,0.044867754,0
4.0160542,2.4653208,0.21799427,0.47334462,0.82384878,0.31179792,0
-3.5173397,-2.9673276,0.35132831,-0.47334462,-0.82384878,-0.31179792,0
-4.3734617,-0.25931692,2.7514553,-0.8587715,0.5103904,-0.044867754,0
4.8545837,1.6986266,0.97081262,0.47334462,0.82384878,0.31179792,0
1.5000678,-2.7025552,-4.6066103,0.1961029,0.24652529,-0.94908845,0
-2.0157585,3.7867782,3.6509864,-0.8587715,0.5103904,-0.044867754,0
1.3964262,3.9230587,0.34317648,0.47334462,0.82384878,0.31179792,0
1.5034685,0.2280672,4.5844607,-0.1961029,-0.24652529,0.94908845,0
3.6914988,-0.88667679,-2.7348247,0.8587715,-0.5103904,0.044867754,0
-4.2677259,-0.38512206,-0.70342374,-0.8587715,0.5103904,-0.044867754,0
1.2720767,-4.6378756,0.90152967,0.8587715,-0.5103904,0.044867754,0
4.747592,1.7977489,0.87133139,0.47334462,0.82384878,0.31179792,0
-5.0503759,-1.580236,0.6816088,-0.8587715,0.5103904,-0.044867754,0
-3.8344951,-2.4290791,2.7913256,-0.1961029,-0.24652529,0.94908845,0
-1.874418,4.0634632,4.0931315,-0.8587715,0.5103904,-0.044867754,0
1.1164038,-4.8325157,1.666994,0.8587715,-0.5103904,0.044867754,0
-1.9548639,3.5636458,-0.052771717,-0.8587715,0.5103904,-0.044867754,0
1.1844058,-1.4477282,4.0832481,-0.1961029,-0.24652529,0.94908845,0
-2.346988,3.1174803,2.3771813,-0.8587715,0.5103904,-0.044867754,0
-2.1579847,3.5832453,4.0579238,-0.8587715,0.5103904,-0.044867754,0
2.5081415,-2.2359264,-4.277113,0.1961029,0.24652529,-0.94908845,0
-3.9997551,-0.88091493,-4.4291391,-0.47334462,-0.82384878,-0.31179792,0
0.76746619,-2.9905357,3.5963554,-0.1961029,-0.24652529,0.94908845,0
-3.0287664,-2.0295424,-2.8682458,-0.47334462,-0.82384878,-0.31179792,0
-2.4448006,2.5833318,-1.8268555,-0.8587715,0.5103904,-0.044867754,0
-1.7727482,-3.0677974,-2.031693,-0.47334462,-0.82384878,-0.31179792,0
-3.0969841,1.3592173,-3.2688675,-0.8587715,0.5103904,-0.044867754,0
-2.0034368,0.069264054,3.8186069,-0.1961029,-0.24652529,0.94908845,0
-2.5019557,-3.958842,2.6693027,-0.1961029,-0.24652529,0.94908845,0
2.0313334,1.7621108,-3.3371439,0.1961029,0.24652529,-0.94908845,0
-2.0026646,3.6474786,1.8157728,-0.8587715,0.5103904,-0.044867754,0
0.90972364,2.7054896,-3.3238511,0.1961029,0.24652529,-0.94908845,0
-3.9859915,-0.51551664,-5.1720705,0.1961029,0.24652529,-0.94908845,0
1.019856,-5.0709014,0.80318445,0.8587715,-0.5103904,0.044867754,0
2.0906799,0.88423735,4.8762317,-0.1961029,-0.24652529,0.94908845,0
3.1156325,-1.3800097,2.6754131,0.8587715,-0.5103904,0.044867754,0
2.0039663,-2.3246818,-4.4043407,0.1961029,0.24652529,-0.94908845,0
-1.2537618,-0.45172215,-4.59096,0.1961029,0.24652529,-0.94908845,0
-1.7011235,-3.9865606,0.2871761,-0.47334462,-0.82384878,-0.31179792,0
-0.47568291,-2.2704678,3.5265305,-0.1961029,-0.24652529,0.94908845,0
0.030911922,-3.5621662,-3.4636071,-0.47334462,-0.82384878,-0.31179792,0
-4.7762775,-0.99121428,2.1357217,-0.8587715,0.5103904,-0.044867754,0
-2.6746571,0.72702551,-4.5783696,0.1961029,0.24652529,-0.94908845,0
-2.3182218,2.3220158,-4.0904245,0.1961029,0.24652529,-0.94908845,0
0.15066552,5.2830534,-2.8111687,0.1961029,0.24652529,-0.94908845,0
-0.18508765,0.49551201,4.3050361,-0.1961029,-0.24652529,0.94908845,0
-0.82128447,2.3007865,4.6425028,-0.1961029,-0.24652529,0.94908845,0
-4.647552,-1.5465255,2.8525724,-0.1961029,-0.24652529,0.94908845,0
0.55958498,-1.4360297,-4.4719558,0.1961029,0.24652529,-0.94908845,0
0.051779032,3.7195463,2.922235,0.47334462,0.82384878,0.31179792,0
-1.4689282,3.9341915,-3.4961791,0.1961029,0.24652529,-0.94908845,0
-3.3874989,0.88528419,-3.0995946,-0.8587715,0.5103904,-0.044867754,0
2.2204332,3.3153546,0.69794804,0.47334462,0.82384878,0.31179792,0
-0.88565075,3.2548769,-3.5521128,0.1961029,0.24652529,-0.94908845,0
-2.4700458,0.46123004,3.8240075,-0.1961029,-0.24652529,0.94908845,0
3.857235,-0.28910792,0.89058805,0.8587715,-0.5103904,0.044867754,0
2.2053089,1.9053824,-3.2639818,0.1961029,0.24652529,-0.94908845,0
-2.0542388,3.4925897,1.0409735,-0.8587715,0.5103904,-0.044867754,0
2.6019721,-2.2788773,2.2818933,0.8587715,-0.5103904,0.044867754,0
-4.552896,-1.7823879,-1.2074897,-0.47334462,-0.82384878,-0.31179792,0
3.4449272,1.4797188,-3.1184149,0.1961029,0.24652529,-0.94908845,0
-2.0915899,3.3585386,0.23099074,-0.8587715,0.5103904,-0.044867754,0
-2.9428191,1.4332745,3.9788103,-0.1961029,-0.24652529,0.94908845,0
0.036644835,0.86889809,-3.9813027,0.1961029,0.24652529,-0.94908845,0
4.1235256,3.0308144,-1.4393353,0.47334462,0.82384878,0.31179792,0
-1.4931457,2.9444304,4.6708674,-0.1961029,-0.24652529,0.94908845,0
4.1876488,1.7360241,1.8844807,0.47334462,0.82384878,0.31179792,0
1.5178586,-4.4926229,-2.1504393,0.8587715,-0.5103904,0.044867754,0
-1.2176588,4.1151953,3.8039794,0.47334462,0.82384878,0.31179792,0
-0.31796241,-5.0759625,1.0658566,-0.47334462,-0.82384878,-0.31179792,0
4.0785332,1.9231105,1.5558016,0.47334462,0.82384878,0.31179792,0
4.7571373,2.3008051,-0.47235984,0.47334462,0.82384878,0.31179792,0
-4.6226873,-0.73602402,2.0989001,-0.8587715,0.5103904,-0.044867754,0
-1.5743871,4.1421704,-0.75414985,-0.8587715,0.5103904,-0.044867754,0
3.3586879,2.2914643,1.6753247,0.47334462,0.82384878,0.31179792,0
-1.7837455,-3.1942062,-1.6809934,-0.47334462,-0.82384878,-0.31179792,0
2.0632761,-3.3936682,-0.088669777,0.8587715,-0.5103904,0.044867754,0
-3.4036901,1.1595101,0.32974333,-0.8587715,0.5103904,-0.044867754,0
-0.57892585,-1.2200878,-4.6511068,0.1961029,0.24652529,-0.94908845,0
0.63499045,3.5380375,2.5164447,0.47334462,0.82384878,0.31179792,0
-3.5262058,-3.2074807,0.99933207,-0.47334462,-0.82384878,-0.31179792,0
-2.0060809,3.8226933,3.8742986,-0.8587715,0.5103904,-0.044867754,0
-1.9046253,3.4172654,-2.6794813,-0.8587715,0.5103904,-0.044867754,0
-4.1737013,-0.88467824,3.1223953,-0.1961029,-0.24652529,0.94908845,0
3.5844483,-1.0279355,-2.2927535,0.8587715,-0.5103904,0.044867754,0
-0.68455625,4.3380566,2.4058149,0.47334462,0.82384878,0.31179792,0
3.4863718,1.0774204,4.6892962,0.47334462,0.82384878,0.31179792,0
-0.4499861,5.0699944,0.11574532,0.47334462,0.82384878,0.31179792,0
-2.5635347,-3.6987503,2.7241378,-0.1961029,-0.24652529,0.94908845,0
-4.1217566,-0.39021033,-3.5551763,-0.8587715,0.5103904,-0.044867754,0
-0.94363832,3.8672562,4.0431037,0.47334462,0.82384878,0.31179792,0
3.2615566,1.5830287,3.6946468,0.47334462,0.82384878,0.31179792,0
4.1072164,0.088623762,0.40279043,0.8587715,-0.5103904,0.044867754,0
-0.62245774,-4.713026,0.5691449,-0.47334462,-0.82384878,-0.31179792,0
-4.4541988,-0.92818129,-3.3118584,-0.8587715,0.5103904,-0.044867754,0
3.4341843,3.4550974,-1.5138986,0.47334462,0.82384878,0.31179792,0
-0.75565672,-4.4374657,2.9058049,-0.1961029,-0.24652529,0.94908845,0
-0.93995738,-2.9170649,-3.6942372,-0.47334462,-0.82384878,-0.31179792,0
3.3231213,3.1768811,-0.61017501,0.47334462,0.82384878,0.31179792,0
2.7463331,1.9534495,-3.1397088,0.1961029,0.24652529,-0.94908845,0
2.2789161,0.099230736,4.7112207,-0.1961029,-0.24652529,0.94908845,0
2.2839689,2.0390346,-3.2130127,0.1961029,0.24652529,-0.94908845,0
-1.3678601,-2.6111772,-3.8528655,-0.47334462,-0.82384878,-0.31179792,0
-0.44798338,-2.0008473,3.6022878,-0.1961029,-0.24652529,0.94908845,0
0.41849789,-1.0855874,-4.41008,0.1961029,0.24652529,-0.94908845,0
-0.74081254,-4.671937,0.64025235,-0.47334462,-0.82384878,-0.31179792,0
-4.9649258,-2.4854932,1.2757987,-0.47334462,-0.82384878,-0.31179792,0
-1.7278123,-2.7430358,-2.9580133,-0.47334462,-0.82384878,-0.31179792,0
1.6663105,3.1288047,2.0320802,0.47334462,0.82384878,0.31179792,0
1.2484202,-4.7127562,-2.2717733,-0.47334462,-0.82384878,-0.31179792,0
1.1056435,4.7110844,-1.2975451,0.47334462,0.82384878,0.31179792,0
-1.2977843,-4.7928548,1.8052948,-0.47334462,-0.82384878,-0.31179792,0
0.91602969,4.1789212,0.39641905,0.47334462,0.82384878,0.31179792,0
-2.5245059,-3.8022544,1.0501819,-0.47334462,-0.82384878,-0.31179792,0
1.9676499,-3.3444772,-4.6767364,0.1961029,0.24652529,-0.94908845,0
-1.1682172,4.8258848,-0.7507118,-0.8587715,0.5103904,-0.044867754,0
3.8012323,2.174475,-2.8643315,0.1961029,0.24652529,-0.94908845,0
0.57508481,-5.4639082,0.7351588,-0.47334462,-0.82384878,-0.31179792,0
0.28940058,-2.595521,3.6001816,-0.1961029,-0.24652529,0.94908845,0
1.4815824,-4.6135149,-2.8313103,0.8587715,-0.5103904,0.044867754,0
-1.5136722,3.9082875,4.8000646,0.47334462,0.82384878,0.31179792,0
0.99958134,-4.3882666,-2.75139,-0.47334462,-0.82384878,-0.31179792,0
-1.6896598,3.3340592,-3.6976714,0.1961029,0.24652529,-0.94908845,0
-0.57285333,-4.0797329,-1.1794817,-0.47334462,-0.82384878,-0.31179792,0
-3.7237875,0.60446298,0.14252478,-0.8587715,0.5103904,-0.044867754,0
2.0383801,3.0023973,-3.0135241,0.1961029,0.24652529,-0.94908845,0
-4.567153,-1.0637467,-2.6920295,-0.8587715,0.5103904,-0.044867754,0
-1.5291786,-4.3637013,2.7651384,-0.1961029,-0.24652529,0.94908845,0
2.1362576,2.4485459,3.1160634,0.47334462,0.82384878,0.31179792,0
2.5392811,2.2026052,3.1540647,0.47334462,0.82384878,0.31179792,0
0.9654634,3.3125398,2.6105721,0.47334462,0.82384878,0.31179792,0
-2.447746,-1.004124,-4.9811497,0.1961029,0.24652529,-0.94908845,0
-0.30126148,-2.1345348,3.5978782,-0.1961029,-0.24652529,0.94908845,0
-4.5737762,-0.83771569,0.0059444904,-0.8587715,0.5103904,-0.044867754,0
0.0021816492,3.0074301,4.8791199,0.47334462,0.82384878,0.31179792,0
2.7665164,1.9095725,3.5833631,0.47334462,0.82384878,0.31179792,0
-3.9699714,-2.1267533,2.841862,-0.1961029,-0.24652529,0.94908845,0
-0.9736836,-4.9505982,1.7300717,-0.47334462,-0.82384878,-0.31179792,0
-1.0433214,-4.5504913,2.8170085,-0.1961029,-0.24652529,0.94908845,0
-1.1324874,-0.84830415,-4.6689138,0.1961029,0.24652529,-0.94908845,0
-2.4884672,2.4692395,-2.2889295,-0.8587715,0.5103904,-0.044867754,0
4.7211666,1.025712,-0.68846959,0.8587715,-0.5103904,0.044867754,0
1.7247703,2.8914533,2.5704749,0.47334462,0.82384878,0.31179792,0
3.9122717,1.1750153,3.7848618,0.47334462,0.82384878,0.31179792,0
1.7865758,-3.904707,-0.60590029,0.8587715,-0.5103904,0.044867754,0
-1.0828862,2.4455917,4.6260629,-0.1961029,-0.24652529,0.94908845,0
0.59247005,-5.6541395,2.3487871,0.8587715,-0.5103904,0.044867754,0
-1.6765836,-2.5115168,-3.6475153,-0.47334462,-0.82384878,-0.31179792,0
2.9925876,-1.9872313,-1.8769138,0.8587715,-0.5103904,0.044867754,0
-4.7541146,-1.3885958,-1.942515,-0.47334462,-0.82384878,-0.31179792,0
1.6751268,-3.7634625,3.1339583,0.8587715,-0.5103904,0.044867754,0
-1.590035,1.1321353,-4.2490354,0.1961029,0.24652529,-0.94908845,0
4.395977,2.4249682,-0.25214905,0.47334462,0.82384878,0.31179792,0
3.4237099,2.7662325,0.32215634,0.47334462,0.82384878,0.31179792,0
0.68240821,-4.9686751,-0.73629981,-0.47334462,-0.82384878,-0.31179792,0
0.94057918,0.85282469,4.6304355,-0.1961029,-0.24652529,0.94908845,0
2.6406784,-2.4509218,-0.41603309,0.8587715,-0.5103904,0.044867754,0
4.7494965,0.97315407,-2.9804416,0.1961029,0.24652529,-0.94908845,0
-4.6610322,-1.1655016,-2.0526788,-0.8587715,0.5103904,-0.044867754,0
3.3935759,-1.1862748,-0.44062006,0.8587715,-0.5103904,0.044867754,0
-1.416779,1.2086617,4.2357812,-0.1961029,-0.24652529,0.94908845,0
5.1587343,2.5406721,-1.7158201,0.47334462,0.82384878,0.31179792,0
1.5607538,-0.68250388,4.3597765,-0.1961029,-0.24652529,0.94908845,0
4.8606648,1.4500712,1.4687994,0.8587715,-0.5103904,0.044867754,0
0.32292783,-4.8134241,-0.60078067,-0.47334462,-0.82384878,-0.31179792,0
-3.1504927,-2.2377169,-2.1334031,-0.47334462,-0.82384878,-0.31179792,0
-0.18342566,-5.1270323,0.99655217,-0.47334462,-0.82384878,-0.31179792,0
2.8805363,-1.9694898,0.46957368,0.8587715,-0.5103904,0.044867754,0
4.6972566,1.42572,1.9307404,0.47334462,0.82384878,0.31179792,0
-1.2539068,4.5558467,-2.1824167,-0.8587715,0.5103904,-0.044867754,0
-4.5781431,-2.8568025,2.5265703,-0.1961029,-0.24652529,0.94908845,0
3.0468769,1.4464768,4.3813596,0.47334462,0.82384878,0.31179792,0
1.6436217,-4.0868921,0.057807177,0.8587715,-0.5103904,0.044867754,0
2.647331,-2.3443713,0.66869181,0.8587715,-0.5103904,0.044867754,0
1.0749426,-4.995193,0.61004341,0.8587715,-0.5103904,0.044867754,0
2.1718793,-3.2854095,-0.93585479,0.8587715,-0.5103904,0.044867754,0
4.212523,0.37419736,1.635739,0.8587715,-0.5103904,0.044867754,0
5.2435007,1.7787632,-2.1196804,0.8587715,-0.5103904,0.044867754,0
-0.53948951,5.7606506,-2.1512253,-0.8587715,0.5103904,-0.044867754,0
-3.3176823,0.08435905,3.5509751,-0.1961029,-0.24652529,0.94908845,0
-3.994029,-0.62408531,3.2272086,-0.1961029,-0.24652529,0.94908845,0
4.6692257,2.5178368,-2.5957968,0.1961029,0.24652529,-0.94908845,0
-2.4022777,-2.4295182,-2.7624905,-0.47334462,-0.82384878,-0.31179792,0
-2.0173523,0.33891034,3.885772,-0.1961029,-0.24652529,0.94908845,0
4.3418703,0.90995312,3.8330431,0.47334462,0.82384878,0.31179792,0
-4.1535425,-0.53450531,-4.5881977,-0.8587715,0.5103904,-0.044867754,0
-2.1083975,-4.4034953,2.0071118,-0.47334462,-0.82384878,-0.31179792,0
-3.1175556,1.8467095,2.6703143,-0.8587715,0.5103904,-0.044867754,0
-1.4277105,-4.4835649,1.1853154,-0.47334462,-0.82384878,-0.31179792,0
1.166618,-0.89477599,4.2232022,-0.1961029,-0.24652529,0.94908845,0
-2.9381123,-3.4747741,2.7049193,-0.1961029,-0.24652529,0.94908845,0
-0.98850513,-3.9033225,-1.0145943,-0.47334462,-0.82384878,-0.31179792,0
1.3126148,-2.1163802,3.9360571,-0.1961029,-0.24652529,0.94908845,0
-1.4264414,0.31593904,-4.4272394,0.1961029,0.24652529,-0.94908845,0
0.77410197,3.2765136,2.9962704,0.47334462,0.82384878,0.31179792,0
-2.7489369,2.4273086,2.2194963,-0.8587715,0.5103904,-0.044867754,0
4.43894,2.7101636,-1.0709294,0.47334462,0.82384878,0.31179792,0
-3.5706873,-1.7594743,3.0197635,-0.1961029,-0.24652529,0.94908845,0
3.3393178,3.5076556,-1.5087545,0.47334462,0.82384878,0.31179792,0
1.0644649,2.9964216,3.2955401,0.47334462,0.82384878,0.31179792,0
-2.2291892,1.3595637,4.1071157,-0.1961029,-0.24652529,0.94908845,0
1.8147953,-0.82084119,4.3763342,-0.1961029,-0.24652529,0.94908845,0
-4.2913361,-2.4586437,0.18227142,-0.47334462,-0.82384878,-0.31179792,0
-2.8296876,1.4071226,-4.4337473,0.1961029,0.24652529,-0.94908845,0
2.8844736,-1.9193342,0.96475875,0.8587715,-0.5103904,0.044867754,0
0.69726145,-1.5411717,3.9583213,-0.1961029,-0.24652529,0.94908845,0
1.6841977,1.662452,-3.434756,0.1961029,0.24652529,-0.94908845,0
0.66176677,3.5572922,2.4249206,0.47334462,0.82384878,0.31179792,0
2.5022442,4.3347301,-2.4233215,0.47334462,0.82384878,0.31179792,0
-0.22447181,-4.5322905,-0.51259202,-0.47334462,-0.82384878,-0.31179792,0
-3.9781423,-0.093803644,-2.9321938,-0.8587715,0.5103904,-0.044867754,0
2.952687,-1.5404624,3.9689801,0.8587715,-0.5103904,0.044867754,0
-2.611834,2.6933022,2.6211348,-0.8587715,0.5103904,-0.044867754,0
-0.11063957,5.6579623,-1.9529803,0.47334462,0.82384878,0.31179792,0
4.2714095,0.49793124,1.916178,0.8587715,-0.5103904,0.044867754,0
2.1254592,4.191215,-1.4721154,0.47334462,0.82384878,0.31179792,0
0.93416023,5.1918421,-2.6729734,0.1961029,0.24652529,-0.94908845,0
1.4932785,1.4300113,-3.5345805,0.1961029,0.24652529,-0.94908845,0
-5.4917135,-2.6057796,2.4030092,-0.1961029,-0.24652529,0.94908845,0
-2.3573682,2.6635475,-2.5878322,-0.8587715,0.5103904,-0.044867754,0
-1.4188763,4.403656,-0.75611949,-0.8587715,0.5103904,-0.044867754,0
4.1173387,0.51251131,5.0309625,0.8587715,-0.5103904,0.044867754,0
-3.9548213,0.28997469,0.98708832,-0.8587715,0.5103904,-0.044867754,0
-2.1075516,-1.2715114,3.4488285,-0.1961029,-0.24652529,0.94908845,0
0.27612075,0.41629487,-4.0493851,0.1961029,0.24652529,-0.94908845,0
-0.031399965,-5.6165991,2.7491732,-0.1961029,-0.24652529,0.94908845,0
-3.7864857,-0.89940697,-4.7040462,-0.47334462,-0.82384878,-0.31179792,0
-1.0581341,0.029391844,-4.42557,0.1961029,0.24652529,-0.94908845,0
-1.0578628,0.035146967,-4.4240189,0.1961029,0.24652529,-0.94908845,0
2.6776397,-2.5888975,-2.6930125,0.8587715,-0.5103904,0.044867754,0
5.2105041,1.6982368,-2.4041429,0.8587715,-0.5103904,0.044867754,0
1.1644864,5.1018882,-2.4194782,0.47334462,0.82384878,0.31179792,0
1.7900523,0.79296541,-3.6387331,0.1961029,0.24652529,-0.94908845,0
-2.0277367,-0.53553653,-4.7726517,0.1961029,0.24652529,-0.94908845,0
-3.3067746,-1.414643,-4.0709181,-0.47334462,-0.82384878,-0.31179792,0
-3.9032373,-0.027101517,-3.6071146,-0.8587715,0.5103904,-0.044867754,0
-1.6639072,-2.2632174,-4.3228292,-0.47334462,-0.82384878,-0.31179792,0
0.3666172,4.5931096,0.13610007,0.47334462,0.82384878,0.31179792,0
1.9533334,2.8699,2.2804387,0.47334462,0.82384878,0.31179792,0
-5.2215953,-1.7510505,2.0156631,-0.8587715,0.5103904,-0.044867754,0
-0.9519093,4.084352,3.4820383,0.47334462,0.82384878,0.31179792,0
0.99791825,-5.1741247,-0.67242998,-0.47334462,-0.82384878,-0.31179792,0
2.106086,-3.6547244,-3.8776829,0.8587715,-0.5103904,0.044867754,0
-3.8580079,-1.3720565,-3.3466084,-0.47334462,-0.82384878,-0.31179792,0
3.5558972,3.560791,-1.9779429,0.47334462,0.82384878,0.31179792,0
3.576473,3.1835253,-1.0123489,0.47334462,0.82384878,0.31179792,0
2.4438457,2.2102902,3.2786415,0.47334462,0.82384878,0.31179792,0
-3.2989194,1.313935,0.081080794,-0.8587715,0.5103904,-0.044867754,0
-3.3403296,0.82858038,-4.6474466,-0.8587715,0.5103904,-0.044867754,0
1.7452309,4.5619068,-1.8743464,0.47334462,0.82384878,0.31179792,0
-4.6590929,-0.90108216,3.0178416,-0.1961029,-0.24652529,0.94908845,0
-0.64397347,5.3937492,-2.9466057,0.1961029,0.24652529,-0.94908845,0
2.0399857,4.4041476,-1.9049783,0.47334462,0.82384878,0.31179792,0
-3.2139859,1.5643303,3.9568229,-0.1961029,-0.24652529,0.94908845,0
-0.046803892,-2.2419236,3.622561,-0.1961029,-0.24652529,0.94908845,0
2.1816058,-3.130528,0.63982916,0.8587715,-0.5103904,0.044867754,0
1.9986124,-3.1909502,3.4550021,0.8587715,-0.5103904,0.044867754,0
0.23585117,-0.57870746,4.1129832,-0.1961029,-0.24652529,0.94908845,0
-1.1184127,-0.79500526,-4.6521616,0.1961029,0.24652529,-0.94908845,0
0.25404656,-2.8336668,3.5310185,-0.1961029,-0.24652529,0.94908845,0
2.0786109,3.2179976,1.1704922,0.47334462,0.82384878,0.31179792,0
-1.0854275,-3.4597168,-2.039573,-0.47334462,-0.82384878,-0.31179792,0
-2.2306745,3.1539307,4.5728951,-0.1961029,-0.24652529,0.94908845,0
-1.5752023,-0.96647,3.6380579,-0.1961029,-0.24652529,0.94908845,0
2.8964686,-2.3503256,-4.1675463,0.8587715,-0.5103904,0.044867754,0
-4.0657635,-0.18101978,-2.2472391,-0.8587715,0.5103904,-0.044867754,0
-0.70466375,-4.7656207,0.83291161,-0.47334462,-0.82384878,-0.31179792,0
-1.6579762,-4.2244153,2.7747052,-0.1961029,-0.24652529,0.94908845,0
2.8026998,-2.1031032,0.4394598,0.8587715,-0.5103904,0.044867754,0
-0.30112159,4.8383803,-3.0200217,0.1961029,0.24652529,-0.94908845,0
-3.3745484,1.0543072,-1.4247526,-0.8587715,0.5103904,-0.044867754,0
-1.1868885,2.1756866,4.5344658,-0.1961029,-0.24652529,0.94908845,0
-0.91389179,-4.3022351,-0.073837139,-0.47334462,-0.82384878,-0.31179792,0
-1.0244818,4.9277434,-2.3431339,-0.8587715,0.5103904,-0.044867754,0
-0.35306013,-2.1695499,3.5780804,-0.1961029,-0.24652529,0.94908845,0
-0.24040407,-0.58141673,-4.415266,0.1961029,0.24652529,-0.94908845,0
0.11170435,3.6309419,3.0653768,0.47334462,0.82384878,0.31179792,0
-2.4200335,-0.043053359,-4.7257862,0.1961029,0.24652529,-0.94908845,0
1.4695084,-4.6190081,-2.6627011,0.8587715,-0.5103904,0.044867754,0
3.3827107,-1.3931947,-2.5864673,0.8587715,-0.5103904,0.044867754,0
4.0242066,2.009984,1.4087338,0.47334462,0.82384878,0.31179792,0
-0.55896568,-3.6153166,-2.4276683,-0.47334462,-0.82384878,-0.31179792,0
-4.442112,-2.1756516,-0.33657023,-0.47334462,-0.82384878,-0.31179792,0
2.7568026,-2.2259929,-0.079991132,0.8587715,-0.5103904,0.044867754,0
2.6736047,-2.071157,3.273746,0.8587715,-0.5103904,0.044867754,0
2.214519,-0.81243759,4.4611092,-0.1961029,-0.24652529,0.94908845,0
1.3188671,-4.4402742,2.2537611,0.8587715,-0.5103904,0.044867754,0
3.5717251,-1.1499791,-3.4375279,0.8587715,-0.5103904,0.044867754,0
0.37084258,-5.3254895,2.907901,-0.1961029,-0.24652529,0.94908845,0
2.1029093,-3.3550529,-0.40798944,0.8587715,-0.5103904,0.044867754,0
-1.2122512,-4.1279535,-0.081390694,-0.47334462,-0.82384878,-0.31179792,0
-0.83597696,4.7316046,-3.1582696,0.1961029,0.24652529,-0.94908845,0
-4.6062346,-2.6372578,2.5777926,-0.1961029,-0.24652529,0.94908845,0
2.1777477,1.1806239,4.9712081,-0.1961029,-0.24652529,0.94908845,0
-1.9516222,3.8936181,3.6387691,-0.8587715,0.5103904,-0.044867754,0
3.1334298,2.323772,1.9319276,0.47334462,0.82384878,0.31179792,0
-2.3436081,-0.39645988,-4.8017921,0.1961029,0.24652529,-0.94908845,0
-2.9599876,-1.9304463,-3.2344971,-0.47334462,-0.82384878,-0.31179792,0
0.55183321,-1.7321706,-4.5504799,0.1961029,0.24652529,-0.94908845,0
4.3706913,0.66383499,1.9031407,0.8587715,-0.5103904,0.044867754,0
3.3600368,-0.83110344,4.2415528,0.8587715,-0.5103904,0.044867754,0
-0.27403259,-5.0163727,0.8417151,-0.47334462,-0.82384878,-0.31179792,0
-4.6968436,-2.5514228,1.043023,-0.47334462,-0.82384878,-0.31179792,0
-3.3400197,-1.7612406,3.0669661,-0.1961029,-0.24652529,0.94908845,0
1.1532286,-4.8672438,0.56711859,0.8587715,-0.5103904,0.044867754,0
-0.76246154,4.7730579,-3.1323123,0.1961029,0.24652529,-0.94908845,0
-1.6127156,3.9037123,-2.7331097,-0.8587715,0.5103904,-0.044867754,0
1.6775404,2.4416146,3.8307624,0.47334462,0.82384878,0.31179792,0
1.1287848,-4.4631186,3.2885094,-0.1961029,-0.24652529,0.94908845,0
3.8219008,0.94043624,4.541872,0.47334462,0.82384878,0.31179792,0
-2.2984214,-0.888556,3.5088627,-0.1961029,-0.24652529,0.94908845,0
1.9630302,2.2165899,3.9919286,0.47334462,0.82384878,0.31179792,0
2.0561366,-3.2565713,1.6075156,0.8587715,-0.5103904,0.044867754,0
0.9594022,-4.9830189,2.9599831,0.8587715,-0.5103904,0.044867754,0
2.4437294,-2.1569073,-4.2698965,0.1961029,0.24652529,-0.94908845,0
-4.2447934,-1.4698516,2.9557076,-0.1961029,-0.24652529,0.94908845,0
-2.2073023,3.2477827,1.1858307,-0.8587715,0.5103904,-0.044867754,0
-3.8900738,-0.099894047,-4.6871104,-0.8587715,0.5103904,-0.044867754,0
-2.4582238,-2.3140442,-2.9826686,-0.47334462,-0.82384878,-0.31179792,0
-2.029593,-2.7737999,-2.4185886,-0.47334462,-0.82384878,-0.31179792,0
0.97604036,-5.1236506,1.0417743,0.8587715,-0.5103904,0.044867754,0
-2.3639014,2.6400905,-2.7296205,-0.8587715,0.5103904,-0.044867754,0
0.12059087,0.61294758,4.3986998,-0.1961029,-0.24652529,0.94908845,0
-3.8001621,-2.6288457,-0.11367083,-0.47334462,-0.82384878,-0.31179792,0
-1.4537007,2.9396935,-3.7513535,0.1961029,0.24652529,-0.94908845,0
1.9010906,-3.9899487,-3.7673876,0.8587715,-0.5103904,0.044867754,0
-1.4943466,2.3461366,-3.913928,0.1961029,0.24652529,-0.94908845,0
0.55362797,-5.7081079,2.4783118,0.8587715,-0.5103904,0.044867754,0
-3.4766715,1.0487872,0.46709514,-0.8587715,0.5103904,-0.044867754,0
2.3868835,-0.090236664,4.6843147,-0.1961029,-0.24652529,0.94908845,0
-4.0210991,-0.17710662,-3.0576148,-0.8587715,0.5103904,-0.044867754,0
-0.085088253,-5.145371,0.89572167,-0.47334462,-0.82384878,-0.31179792,0
1.025275,2.2843909,5.0197845,-0.1961029,-0.24652529,0.94908845,0
0.87173009,-1.1371586,4.0993128,-0.1961029,-0.24652529,0.94908845,0
-4.1335812,-1.8414114,2.882174,-0.1961029,-0.24652529,0.94908845,0
-1.9855379,2.6658297,4.4967613,-0.1961029,-0.24652529,0.94908845,0
2.6971226,-2.3918514,-0.82442784,0.8587715,-0.5103904,0.044867754,0
1.821471,3.4795656,0.86973035,0.47334462,0.82384878,0.31179792,0
-2.2220979,1.7301468,4.2048397,-0.1961029,-0.24652529,0.94908845,0
-4.5317154,-0.728356,0.44491965,-0.8587715,0.5103904,-0.044867754,0
-1.5167614,4.4188461,3.4557288,0.47334462,0.82384878,0.31179792,0
-3.4862754,1.2839818,3.3263593,-0.8587715,0.5103904,-0.044867754,0
-4.5248685,-0.53007543,2.5693991,-0.8587715,0.5103904,-0.044867754,0
0.63287604,1.0917393,-3.8002253,0.1961029,0.24652529,-0.94908845,0
-3.7567077,0.63428104,1.111815,-0.8587715,0.5103904,-0.044867754,0
1.7654984,-3.917048,-0.34286365,0.8587715,-0.5103904,0.044867754,0
0.90531248,-5.1251688,2.3782442,0.8587715,-0.5103904,0.044867754,0
4.7191472,1.1523025,0.79021019,0.8587715,-0.5103904,0.044867754,0
1.2637796,4.6770806,-1.4477676,0.47334462,0.82384878,0.31179792,0
-1.3742211,-4.4360609,2.7783606,-0.1961029,-0.24652529,0.94908845,0
-2.2752869,2.9161816,-1.2850469,-0.8587715,0.5103904,-0.044867754,0
-3.9544773,0.41488957,2.4014623,-0.8587715,0.5103904,-0.044867754,0
-0.72497952,5.4881477,-1.7007797,-0.8587715,0.5103904,-0.044867754,0
-3.5022235,-3.6301985,2.5479898,-0.1961029,-0.24652529,0.94908845,0
3.2215638,-1.7632632,-3.7118008,0.8587715,-0.5103904,0.044867754,0
3.6863039,-0.81204319,-1.7864103,0.8587715,-0.5103904,0.044867754,0
1.0935438,4.2320352,-0.013406985,0.47334462,0.82384878,0.31179792,0
4.094368,2.6557035,-0.40393239,0.47334462,0.82384878,0.31179792,0
-0.60716367,-5.4108515,2.3897586,-0.47334462,-0.82384878,-0.31179792,0
1.7118721,-3.9222476,-4.8796611,0.1961029,0.24652529,-0.94908845,0
1.4400275,3.1265819,2.3814766,0.47334462,0.82384878,0.31179792,0
-3.4520025,-1.0713652,-4.7574725,-0.47334462,-0.82384878,-0.31179792,0
0.86409831,-5.0052567,3.092999,-0.1961029,-0.24652529,0.94908845,0
1.5588368,-3.5399909,3.6171498,-0.1961029,-0.24652529,0.94908845,0
0.63636327,-4.4846911,-1.9452068,-0.47334462,-0.82384878,-0.31179792,0
-3.5305679,1.2191548,3.4366803,-0.8587715,0.5103904,-0.044867754,0
-1.4573845,-0.31611699,3.8313305,-0.1961029,-0.24652529,0.94908845,0
-1.4411765,1.6755486,-4.0771265,0.1961029,0.24652529,-0.94908845,0
-1.1419694,4.5072451,-3.279772,0.1961029,0.24652529,-0.94908845,0
-1.2440419,-5.1247363,2.6006212,-0.47334462,-0.82384878,-0.31179792,0
4.3474402,1.7410786,1.6285442,0.47334462,0.82384878,0.31179792,0
3.7347083,2.4657741,0.6439116,0.47334462,0.82384878,0.31179792,0
1.8465233,-3.7545395,-0.045076638,0.8587715,-0.5103904,0.044867754,0
-2.3111196,1.6862113,-4.2541065,0.1961029,0.24652529,-0.94908845,0
2.4758768,-3.0564651,-4.1500373,0.8587715,-0.5103904,0.044867754,0
0.9831084,-5.237082,-0.38383347,0.8587715,-0.5103904,0.044867754,0
-0.17805386,-5.2320957,2.8187459,-0.1961029,-0.24652529,0.94908845,0
2.7684548,-2.1608706,0.43778113,0.8587715,-0.5103904,0.044867754,0
4.4247198,2.3154435,-0.0063917637,0.47334462,0.82384878,0.31179792,0
-3.5777276,-2.5317051,-0.70802057,-0.47334462,-0.82384878,-0.31179792,0
-2.0520797,-0.87832516,3.5624201,-0.1961029,-0.24652529,0.94908845,0
3.3372722,-0.91932607,3.6736984,0.8587715,-0.5103904,0.044867754,0
1.024354,-3.8769608,-4.1399965,-0.47334462,-0.82384878,-0.31179792,0
-0.631405,-1.0803802,3.8034797,-0.1961029,-0.24652529,0.94908845,0
-0.78878295,4.4703493,2.2144916,0.47334462,0.82384878,0.31179792,0
-2.4458036,2.8732281,1.4900382,-0.8587715,0.5103904,-0.044867754,0
2.5520515,-2.4176731,1.6585097,0.8587715,-0.5103904,0.044867754,0
-1.1380258,4.7845383,-1.7989191,-0.8587715,0.5103904,-0.044867754,0
4.8090248,2.1635809,-0.18855244,0.47334462,0.82384878,0.31179792,0
3.9641826,3.3660908,-2.0833189,0.47334462,0.82384878,0.31179792,0
-0.76042163,-1.2402518,3.7352953,-0.1961029,-0.24652529,0.94908845,0
-0.24289203,-3.904958,3.1500723,-0.1961029,-0.24652529,0.94908845,0
1.1541572,-0.57292783,-4.1249132,0.1961029,0.24652529,-0.94908845,0
0.23887181,-5.558033,1.4942714,-0.47334462,-0.82384878,-0.31179792,0
0.020076632,3.1817064,-3.3839753,0.1961029,0.24652529,-0.94908845,0
-1.0041974,-1.9235524,3.5074387,-0.1961029,-0.24652529,0.94908845,0
-3.4843299,-3.5904868,1.9477587,-0.47334462,-0.82384878,-0.31179792,0
4.1586885,1.1288092,3.5328615,0.47334462,0.82384878,0.31179792,0
-1.6771793,4.3650913,3.7491262,-0.8587715,0.5103904,-0.044867754,0
2.6975336,-2.6079762,-3.290812,0.8587715,-0.5103904,0.044867754,0
-4.6309614,-0.96904606,-0.39346945,-0.8587715,0.5103904,-0.044867754,0
0.67367268,3.1403072,3.5086246,0.47334462,0.82384878,0.31179792,0
1.5439265,-4.325984,-3.7423339,-0.47334462,-0.82384878,-0.31179792,0
-1.5405872,-2.6550407,-3.4747467,-0.47334462,-0.82384878,-0.31179792,0
1.3160383,2.4641819,4.3199353,0.47334462,0.82384878,0.31179792,0
0.60020125,-2.3731906,-4.7069902,0.1961029,0.24652529,-0.94908845,0
-3.89047,-0.26304567,3.342386,-0.1961029,-0.24652529,0.94908845,0
-2.71736,1.7146966,-4.330646,0.1961029,0.24652529,-0.94908845,0
-2.5787835,-4.289681,2.4204843,-0.47334462,-0.82384878,-0.31179792,0
-4.0320182,-1.2846512,-3.3133874,-0.47334462,-0.82384878,-0.31179792,0
-3.1273189,1.4656479,-1.4775615,-0.8587715,0.5103904,-0.044867754,0
-2.5810132,1.8661561,-4.2631321,0.1961029,0.24652529,-0.94908845,0
-3.5495267,1.2183864,3.790812,-0.8587715,0.5103904,-0.044867754,0
-2.4151258,-3.5874462,2.7837136,-0.1961029,-0.24652529,0.94908845,0
3.6717429,-1.0006688,-3.6534095,0.8587715,-0.5103904,0.044867754,0
-2.0281503,3.1958804,-2.8335581,-0.8587715,0.5103904,-0.044867754,0
1.8354176,-3.8322799,-0.71684921,0.8587715,-0.5103904,0.044867754,0
-2.7722569,2.4467599,2.8871143,-0.8587715,0.5103904,-0.044867754,0
-4.605546,-1.1698198,-2.74612,-0.47334462,-0.82384878,-0.31179792,0
0.97286111,-2.2596233,-4.6004915,0.1961029,0.24652529,-0.94908845,0
2.1474137,2.6980119,2.439975,0.47334462,0.82384878,0.31179792,0
0.13268781,-3.1256647,-4.771461,-0.47334462,-0.82384878,-0.31179792,0
1.9770648,4.3278613,-2.6819043,0.1961029,0.24652529,-0.94908845,0
-2.2326028,3.2732449,1.9597266,-0.8587715,0.5103904,-0.044867754,0
4.7232108,0.94371617,-1.6603341,0.8587715,-0.5103904,0.044867754,0
-1.3937502,1.5582308,4.3313398,-0.1961029,-0.24652529,0.94908845,0
-5.3845973,-2.5067632,1.9691095,-0.47334462,-0.82384878,-0.31179792,0
-3.083904,-2.9768734,2.8041251,-0.1961029,-0.24652529,0.94908845,0
-0.96423286,-0.083505422,-4.4354925,0.1961029,0.24652529,-0.94908845,0
-1.6525781,-4.2697926,0.96184987,-0.47334462,-0.82384878,-0.31179792,0
3.5280395,1.6044291,-3.0688486,0.1961029,0.24652529,-0.94908845,0
2.0308485,3.242065,1.1794083,0.47334462,0.82384878,0.31179792,0
-0.097944379,-1.2742414,-4.5657911,0.1961029,0.24652529,-0.94908845,0
-0.024502516,5.2202492,-0.92719835,0.47334462,0.82384878,0.31179792,0
-3.759747,0.12640572,-4.6073151,-0.8587715,0.5103904,-0.044867754,0
2.4037228,2.1541409,3.4879131,0.47334462,0.82384878,0.31179792,0
-2.7080188,2.4968469,2.2273502,-0.8587715,0.5103904,-0.044867754,0
-1.4041959,2.425334,-3.8747292,0.1961029,0.24652529,-0.94908845,0
1.7744745,-2.4077706,-4.4733415,0.1961029,0.24652529,-0.94908845,0
3.8274472,2.0858824,1.5068941,0.47334462,0.82384878,0.31179792,0
1.7900056,-0.42112732,-3.9541028,0.1961029,0.24652529,-0.94908845,0
2.7099781,2.0702128,3.2447419,0.47334462,0.82384878,0.31179792,0
-2.9423733,0.67180109,-4.6480303,0.1961029,0.24652529,-0.94908845,0
3.3235748,-0.98338199,3.2072031,0.8587715,-0.5103904,0.044867754,0
-1.8667022,3.3102167,4.688695,-0.1961029,-0.24652529,0.94908845,0
3.6561239,2.8863821,-0.3481397,0.47334462,0.82384878,0.31179792,0
1.7931316,-3.5450883,3.3594422,0.8587715,-0.5103904,0.044867754,0
-0.95427716,-1.5694226,3.6097383,-0.1961029,-0.24652529,0.94908845,0
3.9438767,1.6056231,2.5991077,0.47334462,0.82384878,0.31179792,0
-3.7162657,0.80372167,2.2652161,-0.8587715,0.5103904,-0.044867754,0
2.598865,0.54400331,-3.5362818,0.1961029,0.24652529,-0.94908845,0
4.4428864,0.7462616,1.458963,0.8587715,-0.5103904,0.044867754,0
0.22205758,3.5477033,3.117785,0.47334462,0.82384878,0.31179792,0
-0.92164218,5.039618,0.91203588,0.47334462,0.82384878,0.31179792,0
3.0578144,-1.7800816,-0.76894033,0.8587715,-0.5103904,0.044867754,0
0.88120294,-5.368135,0.075858042,0.8587715,-0.5103904,0.044867754,0
2.9800425,-1.8624666,-4.0826015,0.1961029,0.24652529,-0.94908845,0
-3.2934284,1.2456765,-0.80048382,-0.8587715,0.5103904,-0.044867754,0
2.6769092,2.6439772,1.7789142,0.47334462,0.82384878,0.31179792,0
1.8999535,-3.1195457,3.7968426,-0.1961029,-0.24652529,0.94908845,0
1.1498492,-4.950408,-0.31422934,0.8587715,-0.5103904,0.044867754,0
0.93396902,1.7755938,4.8687587,-0.1961029,-0.24652529,0.94908845,0
2.8613026,0.32179821,-3.5397744,0.1961029,0.24652529,-0.94908845,0
-0.15953505,-4.5330477,3.0041497,-0.1961029,-0.24652529,0.94908845,0
0.13430846,1.7836386,-3.7235198,0.1961029,0.24652529,-0.94908845,0
-4.4720206,-2.1686671,-0.30962026,-0.47334462,-0.82384878,-0.31179792,0
2.346499,-2.580987,3.735033,0.8587715,-0.5103904,0.044867754,0
-4.2798009,-0.53178179,-2.1406283,-0.8587715,0.5103904,-0.044867754,0
-0.30360198,-4.8801575,0.52669013,-0.47334462,-0.82384878,-0.31179792,0
-0.91999865,5.1582589,-1.720737,-0.8587715,0.5103904,-0.044867754,0
-2.6328549,2.2119329,-2.452312,-0.8587715,0.5103904,-0.044867754,0
3.7511654,3.2563307,-1.4699218,0.47334462,0.82384878,0.31179792,0
-1.4506335,0.63044906,4.0785956,-0.1961029,-0.24652529,0.94908845,0
-0.10808432,3.5013638,3.7414191,0.47334462,0.82384878,0.31179792,0
-0.75053144,-2.5394661,3.3998685,-0.1961029,-0.24652529,0.94908845,0
3.460943,3.0096741,-0.37760162,0.47334462,0.82384878,0.31179792,0
-0.97182906,2.8455291,4.7528934,-0.1961029,-0.24652529,0.94908845,0
-2.9435985,-3.8470466,1.8047642,-0.47334462,-0.82384878,-0.31179792,0
1.5576136,4.706573,-1.9717678,0.47334462,0.82384878,0.31179792,0
2.1766798,1.6963263,5.0422521,0.47334462,0.82384878,0.31179792,0
-1.0579844,5.1395359,0.85500956,0.47334462,0.82384878,0.31179792,0
-4.3123007,-0.29389513,1.1874868,-0.8587715,0.5103904,-0.044867754,0
1.3031521,-4.8302345,-1.8814288,0.8587715,-0.5103904,0.044867754,0
-0.74566507,5.4456196,-1.7886401,-0.8587715,0.5103904,-0.044867754,0
0.82255948,-4.807467,-1.3750176,-0.47334462,-0.82384878,-0.31179792,0
0.36447537,3.9342668,-3.1173375,0.1961029,0.24652529,-0.94908845,0
-3.0472398,-2.357389,2.9726114,-0.1961029,-0.24652529,0.94908845,0
-2.4443345,2.5753236,-1.9268707,-0.8587715,0.5103904,-0.044867754,0
1.4640799,-4.1535602,2.7358704,0.8587715,-0.5103904,0.044867754,0
1.552071,-0.55460894,4.3912039,-0.1961029,-0.24652529,0.94908845,0
-3.3337917,1.0182121,-2.6154394,-0.8587715,0.5103904,-0.044867754,0
4.2308912,1.9034652,1.3764122,0.47334462,0.82384878,0.31179792,0
0.80349505,-4.9193573,-1.0504328,-0.47334462,-0.82384878,-0.31179792,0
1.7631618,2.047374,-3.3184571,0.1961029,0.24652529,-0.94908845,0
-4.3083882,-0.47213233,-0.91492677,-0.8587715,0.5103904,-0.044867754,0
1.4788077,-4.5827909,-2.4287066,0.8587715,-0.5103904,0.044867754,0
3.9304585,2.0567319,1.4275343,0.47334462,0.82384878,0.31179792,0
2.1608169,-3.5942338,-4.2371297,0.8587715,-0.5103904,0.044867754,0
1.9272254,1.2159563,4.9286222,-0.1961029,-0.24652529,0.94908845,0
0.51436067,5.490314,-2.4588323,0.47334462,0.82384878,0.31179792,0
1.2362065,0.17509654,4.5154791,-0.1961029,-0.24652529,0.94908845,0
4.0845737,2.1584508,0.92480296,0.47334462,0.82384878,0.31179792,0
2.219044,-3.1611781,-0.42540383,0.8587715,-0.5103904,0.044867754,0
-1.282939,4.540916,-1.7965786,-0.8587715,0.5103904,-0.044867754,0
-2.7818294,2.0540581,-1.3968273,-0.8587715,0.5103904,-0.044867754,0
2.1107793,1.3307579,-3.4327722,0.1961029,0.24652529,-0.94908845,0
1.7082489,3.3511195,1.3810024,0.47334462,0.82384878,0.31179792,0
-1.3741915,-1.2092167,-4.8126025,0.1961029,0.24652529,-0.94908845,0
-1.4092751,4.5972314,1.2621094,-0.8587715,0.5103904,-0.044867754,0
0.55728227,-0.1164493,4.2994695,-0.1961029,-0.24652529,0.94908845,0
-1.7992568,3.6304209,-2.2715104,-0.8587715,0.5103904,-0.044867754,0
3.4577127,3.0156665,-2.7168114,0.1961029,0.24652529,-0.94908845,0
0.88796115,3.5958824,1.9795662,0.47334462,0.82384878,0.31179792,0
-0.26653636,4.7999244,0.55084127,0.47334462,0.82384878,0.31179792,0
