1.6153245,4.7291083,-0.19449329,0.047490418,0.9192611,-0.39077345,0
2.9956775,-0.44747734,5.8189735,0.90737545,0.12386546,0.40165591,0
-5.879488,1.2621548,0.69176579,-0.41762984,0.37365305,0.82823241,0
3.7278681,2.2985814,3.3180408,0.90737545,0.12386546,0.40165591,0
1.6456335,2.0540609,4.1289864,-0.41762984,0.37365305,0.82823241,0
-0.8771174,-2.9397469,4.4935279,-0.047490418,-0.9192611,0.39077345,0
-3.3497944,-2.0052056,-4.2626162,-0.90737545,-0.12386546,-0.40165591,0
-2.2312405,-4.8580441,-0.18366933,-0.047490418,-0.9192611,0.39077345,0
2.4684334,-0.52641106,5.7080441,-0.41762984,0.37365305,0.82823241,0
2.2845018,0.16100407,5.3051744,-0.41762984,0.37365305,0.82823241,0
1.8649971,3.1778266,-3.8134084,0.047490418,0.9192611,-0.39077345,0
4.9836926,-0.32428163,1.2898817,0.90737545,0.12386546,0.40165591,0
3.0452905,4.1307282,-1.4283483,0.047490418,0.9192611,-0.39077345,0
-4.6027164,-0.15000319,1.972656,-0.41762984,0.37365305,0.82823241,0
2.5785613,-0.70907998,-2.6057501,0.41762984,-0.37365305,-0.82823241,0
1.6083393,-5.3214083,-0.80706978,-0.047490418,-0.9192611,0.39077345,0
-3.3044865,-1.3327427,-4.5723491,-0.90737545,-0.12386546,-0.40165591,0
-0.68774128,4.3545041,-1.3556089,0.047490418,0.9192611,-0.39077345,0
-3.8661816,-3.8783088,-2.5184107,-0.90737545,-0.12386546,-0.40165591,0
3.3856547,3.6455846,3.6757324,0.90737545,0.12386546,0.40165591,0
-3.0615082,2.7129991,-5.5055919,0.047490418,0.9192611,-0.39077345,0
-0.69666588,-0.88859558,4.275465,-0.41762984,0.37365305,0.82823241,0
3.2263031,2.9173474,4.2603002,0.90737545,0.12386546,0.40165591,0
-0.82252026,-2.4644253,4.9229317,-0.41762984,0.37365305,0.82823241,0
-3.5741374,3.2051153,-4.4102306,0.047490418,0.9192611,-0.39077345,0
-2.5467141,-2.6421366,-4.3180423,0.41762984,-0.37365305,-0.82823241,0
0.25871563,-4.3929,1.2131475,-0.047490418,-0.9192611,0.39077345,0
-3.3636632,0.23631954,-4.922543,-0.90737545,-0.12386546,-0.40165591,0
2.5574448,2.7097039,4.2929707,-0.41762984,0.37365305,0.82823241,0
-2.3215508,3.6673322,-3.1706789,0.047490418,0.9192611,-0.39077345,0
-1.108654,-4.4262629,0.9684875,-0.047490418,-0.9192611,0.39077345,0
-4.6850939,-3.2842498,3.220331,-0.047490418,-0.9192611,0.39077345,0
4.2832894,-2.3043036,3.4827666,0.90737545,0.12386546,0.40165591,0
0.2064352,4.1743917,-1.6706393,0.047490418,0.9192611,-0.39077345,0
-5.5300736,1.8148819,-0.51524019,-0.90737545,-0.12386546,-0.40165591,0
-1.2940338,-3.5287957,3.057173,-0.047490418,-0.9192611,0.39077345,0
2.7729645,5.1712451,0.98628247,0.047490418,0.9192611,-0.39077345,0
-4.8957243,-1.535441,2.4499431,-0.41762984,0.37365305,0.82823241,0
0.69037628,-4.6527605,0.65430629,-0.047490418,-0.9192611,0.39077345,0
6.0890894,3.4686737,-2.6158633,0.047490418,0.9192611,-0.39077345,0
0.80048466,-2.7483821,-2.5823107,0.41762984,-0.37365305,-0.82823241,0
-4.239656,0.40394378,-2.9952908,-0.90737545,-0.12386546,-0.40165591,0
-3.4786658,-0.078634262,2.5072527,-0.41762984,0.37365305,0.82823241,0
3.5035367,-1.8038037,5.0899496,0.90737545,0.12386546,0.40165591,0
-2.0998359,-3.6902652,-3.6198494,0.41762984,-0.37365305,-0.82823241,0
4.76087,-1.7870569,-1.0190134,0.41762984,-0.37365305,-0.82823241,0
4.2306981,0.38908696,2.7709675,0.90737545,0.12386546,0.40165591,0
5.0770011,4.2811384,-0.34116364,0.90737545,0.12386546,0.40165591,0
0.060088173,0.57194996,3.9981349,-0.41762984,0.37365305,0.82823241,0
2.9297757,3.4422154,-3.0620539,0.047490418,0.9192611,-0.39077345,0
-2.9889348,-2.070528,3.6528287,-0.41762984,0.37365305,0.82823241,0
3.0461307,-5.1732345,-0.28376865,-0.047490418,-0.9192611,0.39077345,0
-0.67289639,3.3969977,-3.6062562,0.047490418,0.9192611,-0.39077345,0
-1.6009731,-5.4880319,-1.5890658,-0.047490418,-0.9192611,0.39077345,0
-5.836761,1.083295,0.40320444,-0.90737545,-0.12386546,-0.40165591,0
-4.7866397,-1.4917505,-1.1750002,-0.90737545,-0.12386546,-0.40165591,0
5.727869,1.482048,-0.94832706,0.90737545,0.12386546,0.40165591,0
-4.7921581,-1.4726813,2.4738514,-0.41762984,0.37365305,0.82823241,0
0.94034874,2.2585969,3.681077,-0.41762984,0.37365305,0.82823241,0
3.3034499,0.88740969,4.7120256,0.90737545,0.12386546,0.40165591,0
-5.5061865,-1.9963007,0.60611486,-0.90737545,-0.12386546,-0.40165591,0
1.3416164,2.8660488,3.6093645,-0.41762984,0.37365305,0.82823241,0
5.7686152,0.60247689,-0.76912737,0.90737545,0.12386546,0.40165591,0
-3.3468714,-4.032464,1.6228558,-0.047490418,-0.9192611,0.39077345,0
-5.0906858,-2.5057864,-0.1754179,-0.90737545,-0.12386546,-0.40165591,0
4.9818535,-4.0399542,2.4399023,0.90737545,0.12386546,0.40165591,0
1.5002737,-5.1739082,-0.47322321,-0.047490418,-0.9192611,0.39077345,0
4.9044876,-1.9650037,1.9747901,0.90737545,0.12386546,0.40165591,0
1.1893795,-2.9561157,4.7061615,-0.047490418,-0.9192611,0.39077345,0
-4.1477604,-1.5621262,-2.596581,-0.90737545,-0.12386546,-0.40165591,0
5.4476051,-4.4785142,1.5229731,0.90737545,0.12386546,0.40165591,0
-1.2501249,-3.4618034,3.2201018,-0.047490418,-0.9192611,0.39077345,0
3.6783957,-4.365972,1.6920857,-0.047490418,-0.9192611,0.39077345,0
1.7164109,3.0176857,-4.2081833,0.047490418,0.9192611,-0.39077345,0
-0.18719411,1.7796459,-5.123138,0.41762984,-0.37365305,-0.82823241,0
5.3229046,3.4949243,-0.65422249,0.90737545,0.12386546,0.40165591,0
-1.3854966,4.3501339,-1.4506884,0.047490418,0.9192611,-0.39077345,0
-3.055387,-5.0519047,-0.73986673,-0.047490418,-0.9192611,0.39077345,0
4.9607229,-4.4756827,1.5898399,-0.047490418,-0.9192611,0.39077345,0
-0.24815559,4.8048129,-0.24287248,0.047490418,0.9192611,-0.39077345,0
0.74755239,-4.7903013,0.33770156,-0.047490418,-0.9192611,0.39077345,0
5.1294413,-0.17420186,0.91434002,0.90737545,0.12386546,0.40165591,0
-1.1464939,0.33704162,3.4957025,-0.41762984,0.37365305,0.82823241,0
-0.21047044,-3.1915116,3.9822905,-0.047490418,-0.9192611,0.39077345,0
0.45760107,3.9119058,2.6917732,-0.41762984,0.37365305,0.82823241,0
3.4815278,3.8762031,-1.9740813,0.047490418,0.9192611,-0.39077345,0
4.7084079,-0.33188546,1.9141183,0.90737545,0.12386546,0.40165591,0
3.8095279,1.5146973,3.3753037,0.90737545,0.12386546,0.40165591,0
3.269346,0.13066483,5.0224404,0.90737545,0.12386546,0.40165591,0
4.0322232,-0.34469628,3.4456296,0.90737545,0.12386546,0.40165591,0
1.8589356,-2.35711,6.1966419,-0.047490418,-0.9192611,0.39077345,0
-2.1752269,1.6581414,2.380964,-0.41762984,0.37365305,0.82823241,0
-3.1419396,-0.72101927,-5.1282039,-0.90737545,-0.12386546,-0.40165591,0
4.0731101,-4.6449542,1.0837722,-0.047490418,-0.9192611,0.39077345,0
-2.4062307,-1.2697568,-4.8663473,0.41762984,-0.37365305,-0.82823241,0
5.2193856,4.1271148,-0.61532331,0.90737545,0.12386546,0.40165591,0
2.904362,5.7365904,2.3321757,0.047490418,0.9192611,-0.39077345,0
0.29023838,3.1325493,-4.1112995,0.047490418,0.9192611,-0.39077345,0
-4.0986123,-4.5208006,0.38272762,-0.047490418,-0.9192611,0.39077345,0
0.64835572,-1.6251488,5.2859745,-0.41762984,0.37365305,0.82823241,0
-5.3726988,-2.1472483,0.35110617,-0.90737545,-0.12386546,-0.40165591,0
-1.1771657,1.159543,-5.342567,0.41762984,-0.37365305,-0.82823241,0
1.8648982,-4.0585871,-1.4544953,0.41762984,-0.37365305,-0.82823241,0
3.2718899,3.2513611,-3.4694452,0.047490418,0.9192611,-0.39077345,0
-4.997993,-2.4237101,2.7991128,-0.41762984,0.37365305,0.82823241,0
-3.1309743,-4.7725296,-0.09184742,-0.047490418,-0.9192611,0.39077345,0
-5.5351963,-1.150206,1.9536967,-0.41762984,0.37365305,0.82823241,0
-3.7212381,-1.0868793,-3.7066922,-0.90737545,-0.12386546,-0.40165591,0
1.3520207,5.6813092,2.0134785,0.047490418,0.9192611,-0.39077345,0
-4.9615479,0.98865587,-1.5447927,-0.90737545,-0.12386546,-0.40165591,0
-2.0656619,2.0128717,2.2761767,-0.41762984,0.37365305,0.82823241,0
1.4546025,3.8192487,-2.354393,0.047490418,0.9192611,-0.39077345,0
4.6704602,-1.1594225,2.2550478,0.90737545,0.12386546,0.40165591,0
-1.3384981,4.7168303,1.4229664,-0.41762984,0.37365305,0.82823241,0
-2.3942726,2.5110881,1.885709,-0.41762984,0.37365305,0.82823241,0
2.5674052,4.9386988,0.41425598,0.047490418,0.9192611,-0.39077345,0
0.70501471,-4.5629482,0.86736202,-0.047490418,-0.9192611,0.39077345,0
-5.3918428,4.5857549,-1.383297,0.047490418,0.9192611,-0.39077345,0
-6.0852461,-2.597647,2.0997088,-0.90737545,-0.12386546,-0.40165591,0
4.8336482,-3.644146,2.6526489,0.90737545,0.12386546,0.40165591,0
1.5102382,5.1763945,0.84493649,0.047490418,0.9192611,-0.39077345,0
-3.667419,-5.0363913,-0.77775335,-0.047490418,-0.9192611,0.39077345,0
3.7240343,3.4783492,-2.8805275,0.047490418,0.9192611,-0.39077345,0
-5.5447264,0.73320144,-0.14856243,-0.90737545,-0.12386546,-0.40165591,0
-2.9381418,-4.5960956,0.34663236,-0.047490418,-0.9192611,0.39077345,0
-5.6121874,-0.72126985,0.45237827,-0.90737545,-0.12386546,-0.40165591,0
-3.7458766,-5.0315261,-2.4345539,-0.90737545,-0.12386546,-0.40165591,0
-2.3555634,-0.14486694,-5.3482866,0.41762984,-0.37365305,-0.82823241,0
3.031611,-1.3876858,6.0277438,0.90737545,0.12386546,0.40165591,0
4.7455482,4.0132265,-1.4981296,0.047490418,0.9192611,-0.39077345,0
2.7107196,3.8330832,-2.1691935,0.047490418,0.9192611,-0.39077345,0
5.7049279,-2.5683112,0.35257816,0.90737545,0.12386546,0.40165591,0
-3.9126754,-3.756609,2.2030189,-0.047490418,-0.9192611,0.39077345,0
-4.8310246,1.6702646,-2.0498571,-0.90737545,-0.12386546,-0.40165591,0
-4.9240112,3.0340376,0.37418127,-0.41762984,0.37365305,0.82823241,0
3.4995041,-1.7555759,-1.6692502,0.41762984,-0.37365305,-0.82823241,0
0.88978338,4.9982491,0.35046303,0.047490418,0.9192611,-0.39077345,0
-5.8422089,0.85770786,0.48507977,-0.90737545,-0.12386546,-0.40165591,0
-5.3940067,2.8707976,-1.1482587,-0.90737545,-0.12386546,-0.40165591,0
-5.0153146,-3.6486504,2.322979,-0.047490418,-0.9192611,0.39077345,0
-2.7300603,-2.1858311,3.8353827,-0.41762984,0.37365305,0.82823241,0
-4.9182949,-0.5127387,1.9771748,-0.41762984,0.37365305,0.82823241,0
3.6071103,-3.6218767,3.4338431,-0.047490418,-0.9192611,0.39077345,0
-1.8813953,-5.5803556,-1.8403286,-0.047490418,-0.9192611,0.39077345,0
-2.2209489,0.81089234,2.7401416,-0.41762984,0.37365305,0.82823241,0
-3.7798066,-5.5595131,-2.022012,-0.047490418,-0.9192611,0.39077345,0
0.83946908,0.13503551,4.5882435,-0.41762984,0.37365305,0.82823241,0
-1.7990458,3.3775811,-3.7887931,0.047490418,0.9192611,-0.39077345,0
-2.0770893,4.7781339,1.0228801,-0.41762984,0.37365305,0.82823241,0
-0.54208684,-3.6644883,-2.8459957,0.41762984,-0.37365305,-0.82823241,0
-1.2431488,-0.52662373,-4.6151323,0.41762984,-0.37365305,-0.82823241,0
2.5433505,-3.2397954,4.2033777,-0.047490418,-0.9192611,0.39077345,0
-2.5646701,4.8570976,0.74139762,-0.41762984,0.37365305,0.82823241,0
4.6232586,-0.44042754,2.1399517,0.90737545,0.12386546,0.40165591,0
5.8600788,-3.2671776,0.21759796,0.90737545,0.12386546,0.40165591,0
-1.467684,2.7518914,-5.2204046,0.047490418,0.9192611,-0.39077345,0
2.0653613,4.6638751,3.1632268,-0.41762984,0.37365305,0.82823241,0
-3.397697,4.668951,-0.94523859,0.047490418,0.9192611,-0.39077345,0
5.1909986,0.19122809,0.66258287,0.90737545,0.12386546,0.40165591,0
5.705821,-4.432312,0.92539358,0.90737545,0.12386546,0.40165591,0
-2.453341,0.87039828,2.5961134,-0.41762984,0.37365305,0.82823241,0
-2.4801264,-1.7637053,-4.6807661,0.41762984,-0.37365305,-0.82823241,0
-3.4868548,3.8425927,-2.9000115,0.047490418,0.9192611,-0.39077345,0
0.57912779,1.0080457,4.0631142,-0.41762984,0.37365305,0.82823241,0
-1.2043667,-0.76857734,3.9653151,-0.41762984,0.37365305,0.82823241,0
4.136045,2.1703858,2.4354672,0.90737545,0.12386546,0.40165591,0
-5.6380944,-3.7403469,1.4419482,-0.90737545,-0.12386546,-0.40165591,0
1.5663352,-4.3498211,1.4733999,-0.047490418,-0.9192611,0.39077345,0
-5.0176859,-2.8694842,2.9902914,-0.41762984,0.37365305,0.82823241,0
5.5320244,-4.2692308,1.267724,0.90737545,0.12386546,0.40165591,0
2.7308402,0.79161167,-3.2059941,0.41762984,-0.37365305,-0.82823241,0
-4.4455576,-3.9171081,1.7606971,-0.047490418,-0.9192611,0.39077345,0
3.3363764,2.0462735,-3.4666917,0.41762984,-0.37365305,-0.82823241,0
-2.9604836,4.7238345,-0.76299763,0.047490418,0.9192611,-0.39077345,0
6.161314,3.424612,-2.5265791,0.90737545,0.12386546,0.40165591,0
0.49640119,1.1956861,-4.5149889,0.41762984,-0.37365305,-0.82823241,0
-1.2428169,4.0634575,-2.1077292,0.047490418,0.9192611,-0.39077345,0
3.1728249,-3.3443906,-1.1171899,0.41762984,-0.37365305,-0.82823241,0
0.026989937,3.789901,2.5296826,-0.41762984,0.37365305,0.82823241,0
-0.62854695,-2.2566831,4.9270196,-0.41762984,0.37365305,0.82823241,0
4.8078337,-2.5381422,-0.65648365,0.41762984,-0.37365305,-0.82823241,0
-5.1065698,-3.1862977,0.070326328,-0.90737545,-0.12386546,-0.40165591,0
3.9434352,4.866786,2.0390549,0.90737545,0.12386546,0.40165591,0
-4.7992058,0.47625679,-1.753521,-0.90737545,-0.12386546,-0.40165591,0
-0.42532861,1.7886591,3.2044547,-0.41762984,0.37365305,0.82823241,0
3.873961,5.044373,2.1412373,0.90737545,0.12386546,0.40165591,0
0.027638882,0.031344414,-4.2260723,0.41762984,-0.37365305,-0.82823241,0
-4.9521551,1.8470622,0.89548826,-0.41762984,0.37365305,0.82823241,0
-3.8694859,2.3586164,-4.4343348,-0.90737545,-0.12386546,-0.40165591,0
-3.6418664,-2.4965219,3.5157778,-0.41762984,0.37365305,0.82823241,0
2.7875943,-1.0598183,6.109623,-0.41762984,0.37365305,0.82823241,0
-5.4983888,0.93693042,-0.31607199,-0.90737545,-0.12386546,-0.40165591,0
-5.5679297,3.7724807,-1.0334206,-0.90737545,-0.12386546,-0.40165591,0
-1.3990448,3.8189187,-2.7019725,0.047490418,0.9192611,-0.39077345,0
1.1658721,4.9910936,2.5620432,-0.41762984,0.37365305,0.82823241,0
3.4762902,-0.5025835,4.7502198,0.90737545,0.12386546,0.40165591,0
-4.8312788,-1.3019736,2.377111,-0.41762984,0.37365305,0.82823241,0
-1.1493568,4.3321309,1.6918939,-0.41762984,0.37365305,0.82823241,0
2.5303378,1.1876707,-3.4857759,0.41762984,-0.37365305,-0.82823241,0
-4.8168726,-4.1941099,-0.27332783,-0.90737545,-0.12386546,-0.40165591,0
-0.57701921,-4.8410678,0.057303667,-0.047490418,-0.9192611,0.39077345,0
3.0165565,4.5256124,-0.50290942,0.047490418,0.9192611,-0.39077345,0
3.8919802,-3.9852848,2.613575,-0.047490418,-0.9192611,0.39077345,0
-2.7745032,-3.0021906,4.116044,-0.047490418,-0.9192611,0.39077345,0
-1.6008987,3.5517197,1.8162861,-0.41762984,0.37365305,0.82823241,0
-0.97709441,1.8994627,-5.5754938,0.41762984,-0.37365305,-0.82823241,0
3.0675793,0.1588583,5.4695544,0.90737545,0.12386546,0.40165591,0
-2.1546466,-3.2327991,-3.8538704,0.41762984,-0.37365305,-0.82823241,0
-4.129415,-3.1729259,-2.141274,-0.90737545,-0.12386546,-0.40165591,0
-0.93007731,2.966588,-4.6500139,0.047490418,0.9192611,-0.39077345,0
-0.81037164,-3.1501784,4.0066171,-0.047490418,-0.9192611,0.39077345,0
-3.2355752,-2.0437579,-4.5087576,-0.90737545,-0.12386546,-0.40165591,0
0.76614237,2.8449929,-4.7299147,0.047490418,0.9192611,-0.39077345,0
-2.2940149,1.4055924,2.4350021,-0.41762984,0.37365305,0.82823241,0
2.244338,3.5512128,-2.8889477,0.047490418,0.9192611,-0.39077345,0
3.8545594,-0.70856094,3.9591999,0.90737545,0.12386546,0.40165591,0
-2.1298251,4.8160052,0.97920275,-0.41762984,0.37365305,0.82823241,0
-3.7166593,3.7229264,-3.209445,0.047490418,0.9192611,-0.39077345,0
-5.525764,-0.054288387,0.051452637,-0.90737545,-0.12386546,-0.40165591,0
3.1985888,4.9223561,3.618036,-0.41762984,0.37365305,0.82823241,0
3.6100965,3.4469924,3.2299414,0.90737545,0.12386546,0.40165591,0
-2.1450362,-3.5237584,2.9656005,-0.047490418,-0.9192611,0.39077345,0
0.96404433,1.72962,-4.5200653,0.41762984,-0.37365305,-0.82823241,0
5.1648226,0.3315959,-1.7711427,0.41762984,-0.37365305,-0.82823241,0
-5.1554289,-3.1260467,3.0365825,-0.41762984,0.37365305,0.82823241,0
4.5608697,3.4229484,-2.909152,0.047490418,0.9192611,-0.39077345,0
5.1599998,0.30299544,-1.7606719,0.41762984,-0.37365305,-0.82823241,0
-4.4257736,-1.9043214,-1.8629966,-0.90737545,-0.12386546,-0.40165591,0
3.0896933,5.8869019,3.1279759,-0.41762984,0.37365305,0.82823241,0
-3.5106778,-3.4687307,-3.4478338,-0.90737545,-0.12386546,-0.40165591,0
-4.2847967,-2.5206037,-1.9914222,-0.90737545,-0.12386546,-0.40165591,0
-1.3531618,0.67014313,-5.2105212,0.41762984,-0.37365305,-0.82823241,0
-2.8683267,-3.6495738,2.5817289,-0.047490418,-0.9192611,0.39077345,0
0.89002323,5.0305729,0.42653042,0.047490418,0.9192611,-0.39077345,0
2.0459781,-4.8620424,0.3267343,-0.047490418,-0.9192611,0.39077345,0
3.4581666,1.5949693,-3.2016761,0.41762984,-0.37365305,-0.82823241,0
-4.8639555,4.6591821,-1.1464152,0.047490418,0.9192611,-0.39077345,0
0.61907768,5.4331541,2.0868931,-0.41762984,0.37365305,0.82823241,0
2.5882096,-4.5334182,1.1656919,-0.047490418,-0.9192611,0.39077345,0
1.0881573,0.41977811,-3.8665538,0.41762984,-0.37365305,-0.82823241,0
-3.4148977,-0.082465649,-4.7084899,-0.90737545,-0.12386546,-0.40165591,0
-0.26079273,3.2015266,-4.0160031,0.047490418,0.9192611,-0.39077345,0
-1.8289056,-1.6041708,-4.4243665,0.41762984,-0.37365305,-0.82823241,0
4.8034992,3.7951016,-2.0042067,0.047490418,0.9192611,-0.39077345,0
-3.3676968,-4.0711112,-3.5850739,-0.90737545,-0.12386546,-0.40165591,0
-3.8244164,1.0471921,1.8249996,-0.41762984,0.37365305,0.82823241,0
-4.5116391,4.6179261,-0.13244629,-0.41762984,0.37365305,0.82823241,0
-4.4121752,0.89235878,1.5984786,-0.41762984,0.37365305,0.82823241,0
4.8245096,1.2390618,1.1673737,0.90737545,0.12386546,0.40165591,0
4.0487103,3.0061677,2.3750193,0.90737545,0.12386546,0.40165591,0
6.0340257,1.2958016,-1.5825253,0.90737545,0.12386546,0.40165591,0
-2.6308074,4.1853409,-1.9896913,0.047490418,0.9192611,-0.39077345,0
3.0408611,3.615314,-2.6413546,0.047490418,0.9192611,-0.39077345,0
-5.4953918,4.1216393,-1.3049655,-0.90737545,-0.12386546,-0.40165591,0
1.5822551,4.5160379,-0.69974267,0.047490418,0.9192611,-0.39077345,0
-3.8920689,-3.9908624,1.6544623,-0.047490418,-0.9192611,0.39077345,0
-3.72012,-1.9641187,-3.4386878,-0.90737545,-0.12386546,-0.40165591,0
-5.1548414,-0.042798251,-0.79003763,-0.90737545,-0.12386546,-0.40165591,0
-4.8385754,3.8790395,0.036043167,-0.41762984,0.37365305,0.82823241,0
-4.196898,-0.83719373,-2.7091341,-0.90737545,-0.12386546,-0.40165591,0
2.1863673,3.7963991,-2.3192139,0.047490418,0.9192611,-0.39077345,0
5.2375193,2.1754217,-0.054412365,0.90737545,0.12386546,0.40165591,0
-1.5182259,0.86883855,3.0683417,-0.41762984,0.37365305,0.82823241,0
-4.8870149,-4.5790248,0.0038328171,-0.90737545,-0.12386546,-0.40165591,0
-3.2631998,-5.0437913,-0.74603653,-0.047490418,-0.9192611,0.39077345,0
3.4800444,-0.51372623,4.7451768,0.90737545,0.12386546,0.40165591,0
-0.37389565,3.7017956,-2.8529074,0.047490418,0.9192611,-0.39077345,0
3.5255795,4.4059019,3.1251581,0.90737545,0.12386546,0.40165591,0
-3.0004792,2.5725207,-5.8286376,0.047490418,0.9192611,-0.39077345,0
1.6014149,-1.3112445,-2.8268051,0.41762984,-0.37365305,-0.82823241,0
2.3992157,-3.5426855,3.4733377,-0.047490418,-0.9192611,0.39077345,0
-4.7122431,-4.2183313,1.0196848,-0.047490418,-0.9192611,0.39077345,0
2.683789,2.9898443,-4.1561131,0.047490418,0.9192611,-0.39077345,0
2.6259754,2.5195403,-4.0384178,0.41762984,-0.37365305,-0.82823241,0
2.8064446,5.9757576,2.8828969,0.047490418,0.9192611,-0.39077345,0
0.16921085,0.6823101,4.0033708,-0.41762984,0.37365305,0.82823241,0
-5.3387723,1.7832501,0.72932768,-0.41762984,0.37365305,0.82823241,0
-0.89287889,-0.49880457,-4.4510622,0.41762984,-0.37365305,-0.82823241,0
-0.18795204,-5.4629726,-1.3583899,-0.047490418,-0.9192611,0.39077345,0
4.6032977,-3.8841622,-0.15236998,0.41762984,-0.37365305,-0.82823241,0
4.8948679,4.1255245,0.11828041,0.90737545,0.12386546,0.40165591,0
-4.4213142,4.7166972,-0.95732069,0.047490418,0.9192611,-0.39077345,0
-4.6555829,4.6190553,-0.20553827,-0.41762984,0.37365305,0.82823241,0
-3.6486044,-4.057929,1.5262816,-0.047490418,-0.9192611,0.39077345,0
5.3370552,-3.2738278,1.4012065,0.90737545,0.12386546,0.40165591,0
-5.199687,2.8825679,-1.5908737,-0.90737545,-0.12386546,-0.40165591,0
-1.5908957,0.023615837,-5.0387197,0.41762984,-0.37365305,-0.82823241,0
-4.7150774,-3.1242273,-0.8332305,-0.90737545,-0.12386546,-0.40165591,0
2.2591276,1.0764346,-3.5723481,0.41762984,-0.37365305,-0.82823241,0
4.6403756,-0.8905133,2.2400827,0.90737545,0.12386546,0.40165591,0
-1.5258358,0.31347084,3.3150561,-0.41762984,0.37365305,0.82823241,0
0.60942543,-0.51664734,-3.6854866,0.41762984,-0.37365305,-0.82823241,0
1.0796852,0.93841958,-4.1048083,0.41762984,-0.37365305,-0.82823241,0
-3.5149603,-2.9578323,-3.5957139,-0.90737545,-0.12386546,-0.40165591,0
4.0592914,5.3131828,1.4765072,0.047490418,0.9192611,-0.39077345,0
-1.7378001,-3.4876103,-3.5287223,0.41762984,-0.37365305,-0.82823241,0
1.0047208,-0.48981237,-3.4982688,0.41762984,-0.37365305,-0.82823241,0
5.4143925,2.9464264,-0.69175196,0.90737545,0.12386546,0.40165591,0
0.6680994,-5.155592,-0.53126788,-0.047490418,-0.9192611,0.39077345,0
5.6069708,-0.030232847,-0.20883989,0.90737545,0.12386546,0.40165591,0
3.7065756,-0.11141968,4.1093574,0.90737545,0.12386546,0.40165591,0
-2.8703008,-5.0472775,-0.70648921,-0.047490418,-0.9192611,0.39077345,0
-3.9762087,2.471014,-4.227901,-0.90737545,-0.12386546,-0.40165591,0
-5.4182339,4.8098412,-0.85936356,0.047490418,0.9192611,-0.39077345,0
0.99431181,5.3266201,2.3241642,-0.41762984,0.37365305,0.82823241,0
-4.3384538,0.95589113,-2.9423127,-0.90737545,-0.12386546,-0.40165591,0
3.5319149,-4.1702185,2.1347771,-0.047490418,-0.9192611,0.39077345,0
4.7211862,4.7356424,0.19833159,0.047490418,0.9192611,-0.39077345,0
-2.769695,-5.4326582,-1.6008382,-0.047490418,-0.9192611,0.39077345,0
0.66653633,-4.161375,1.8073521,-0.047490418,-0.9192611,0.39077345,0
-3.6653414,1.5550478,-4.6477036,-0.90737545,-0.12386546,-0.40165591,0
1.2464066,3.8678155,-2.2654457,0.047490418,0.9192611,-0.39077345,0
3.8826594,-2.8658485,4.5609984,0.90737545,0.12386546,0.40165591,0
2.8763921,2.818692,-4.0471082,0.41762984,-0.37365305,-0.82823241,0
3.2688589,1.4156396,-3.2162294,0.41762984,-0.37365305,-0.82823241,0
2.971951,2.9869599,4.3768997,-0.41762984,0.37365305,0.82823241,0
-3.3451378,-0.57108426,2.7967491,-0.41762984,0.37365305,0.82823241,0
-5.3903451,0.4026674,-0.39539146,-0.90737545,-0.12386546,-0.40165591,0
2.9152417,1.9440603,4.8188038,-0.41762984,0.37365305,0.82823241,0
-1.8337855,5.3519382,0.85149026,0.047490418,0.9192611,-0.39077345,0
0.65956497,4.6061635,-0.59986407,0.047490418,0.9192611,-0.39077345,0
5.7203264,3.4847207,-2.6229296,0.047490418,0.9192611,-0.39077345,0
3.2532134,1.0590296,4.7725883,0.90737545,0.12386546,0.40165591,0
3.8593245,-3.5858734,3.5491881,-0.047490418,-0.9192611,0.39077345,0
-4.644043,1.2998655,1.2977164,-0.41762984,0.37365305,0.82823241,0
-4.4332762,2.3396211,-3.1548262,-0.90737545,-0.12386546,-0.40165591,0
-1.0558987,-0.078588486,-4.7228422,0.41762984,-0.37365305,-0.82823241,0
1.9668045,-4.3690014,1.4769499,-0.047490418,-0.9192611,0.39077345,0
-2.2166929,3.3070896,-4.0053744,0.047490418,0.9192611,-0.39077345,0
-2.6280043,3.6361139,-3.2813601,0.047490418,0.9192611,-0.39077345,0
3.9886382,3.6629767,-2.4140487,0.047490418,0.9192611,-0.39077345,0
3.987042,-4.6696048,1.0153246,-0.047490418,-0.9192611,0.39077345,0
-2.1978338,-0.14064455,3.181078,-0.41762984,0.37365305,0.82823241,0
5.1672344,-3.6788092,0.039347172,0.41762984,-0.37365305,-0.82823241,0
-4.237998,-2.3553195,-2.1481166,-0.90737545,-0.12386546,-0.40165591,0
0.92416,-4.963829,-0.049043179,-0.047490418,-0.9192611,0.39077345,0
4.377594,-2.2323022,-1.0114074,0.41762984,-0.37365305,-0.82823241,0
-3.2138066,-4.6980944,0.07318902,-0.047490418,-0.9192611,0.39077345,0
-4.3028655,3.2000852,-3.7147908,-0.90737545,-0.12386546,-0.40165591,0
-5.8977189,-0.28156054,0.96181679,-0.90737545,-0.12386546,-0.40165591,0
-3.4774404,-2.4572439,-3.8348503,-0.90737545,-0.12386546,-0.40165591,0
-1.5452905,-5.2324295,-0.98101491,-0.047490418,-0.9192611,0.39077345,0
2.2402582,-0.22150183,5.455431,-0.41762984,0.37365305,0.82823241,0
3.0368581,-4.5199981,1.2517862,-0.047490418,-0.9192611,0.39077345,0
-0.7793622,4.4592113,-1.1204293,0.047490418,0.9192611,-0.39077345,0
-4.7515106,1.9521947,-2.3164282,-0.90737545,-0.12386546,-0.40165591,0
-0.50412834,-0.050971985,-4.4570751,0.41762984,-0.37365305,-0.82823241,0
-5.2424326,-1.0017501,-0.29643393,-0.90737545,-0.12386546,-0.40165591,0
2.2590971,4.7280474,-0.11875236,0.047490418,0.9192611,-0.39077345,0
0.080245256,-3.7056351,-2.5136261,0.41762984,-0.37365305,-0.82823241,0
-5.7240582,3.826401,-0.69733906,-0.90737545,-0.12386546,-0.40165591,0
5.6333961,1.7191761,-0.80803204,0.90737545,0.12386546,0.40165591,0
4.6302471,4.0003967,-1.5423231,0.047490418,0.9192611,-0.39077345,0
-3.6291103,4.1445303,-2.2070184,0.047490418,0.9192611,-0.39077345,0
1.3312545,5.6051111,2.3684249,-0.41762984,0.37365305,0.82823241,0
-3.2095602,-3.9097834,-3.9920702,-0.90737545,-0.12386546,-0.40165591,0
4.8426409,-3.8349278,2.6911693,0.90737545,0.12386546,0.40165591,0
5.5331798,3.5122108,-2.5810051,0.047490418,0.9192611,-0.39077345,0
0.85910606,-4.6712432,0.63133359,-0.047490418,-0.9192611,0.39077345,0
-3.3135309,-3.1000881,3.8202415,-0.047490418,-0.9192611,0.39077345,0
-2.2180057,0.013572693,3.1013322,-0.41762984,0.37365305,0.82823241,0
1.6570444,-4.0974445,2.0781181,-0.047490418,-0.9192611,0.39077345,0
3.2708075,2.0360093,4.4315548,0.90737545,0.12386546,0.40165591,0
4.2339063,1.5331221,2.4109144,0.90737545,0.12386546,0.40165591,0
4.2818661,3.8411436,1.5908046,0.90737545,0.12386546,0.40165591,0
-2.4677358,2.6322839,1.7939889,-0.41762984,0.37365305,0.82823241,0
-0.29118013,-5.3423309,-1.087137,-0.047490418,-0.9192611,0.39077345,0
4.9287109,3.2142966,0.32283688,0.90737545,0.12386546,0.40165591,0
0.64960527,5.5227804,1.5551883,0.047490418,0.9192611,-0.39077345,0
1.4262929,-3.9755576,2.3368044,-0.047490418,-0.9192611,0.39077345,0
-1.0740471,3.5953057,-3.1885056,0.047490418,0.9192611,-0.39077345,0
-5.1493931,2.1659524,-1.4834976,-0.90737545,-0.12386546,-0.40165591,0
-1.0280776,0.28785896,-4.8741345,0.41762984,-0.37365305,-0.82823241,0
1.9505777,-4.7607131,0.55350828,-0.047490418,-0.9192611,0.39077345,0
4.2359939,1.0508237,-2.5639739,0.41762984,-0.37365305,-0.82823241,0
-4.7745457,4.0730476,-0.019195557,-0.41762984,0.37365305,0.82823241,0
-3.9184835,-5.2246809,-1.9850523,-0.90737545,-0.12386546,-0.40165591,0
0.51879847,1.4163446,-4.6032448,0.41762984,-0.37365305,-0.82823241,0
-0.77615547,3.3359807,-3.7623427,0.047490418,0.9192611,-0.39077345,0
3.4700584,-2.3313763,5.3282752,0.90737545,0.12386546,0.40165591,0
-3.7816324,-5.0818691,-2.3382523,-0.90737545,-0.12386546,-0.40165591,0
-2.1293967,2.4710996,2.0373116,-0.41762984,0.37365305,0.82823241,0
0.22993183,2.0301924,3.4258978,-0.41762984,0.37365305,0.82823241,0
1.9861177,2.017302,4.3172569,-0.41762984,0.37365305,0.82823241,0
-1.952538,2.6838467,-5.4393973,0.047490418,0.9192611,-0.39077345,0
-1.7969398,3.5583549,-3.3632822,0.047490418,0.9192611,-0.39077345,0
-1.530582,-5.6338549,-1.9235463,-0.047490418,-0.9192611,0.39077345,0
0.42811275,1.9149842,-4.8739314,0.41762984,-0.37365305,-0.82823241,0
-0.1511578,1.2092843,3.604085,-0.41762984,0.37365305,0.82823241,0
-0.65113652,0.047919273,3.8759186,-0.41762984,0.37365305,0.82823241,0
0.60461855,4.1114397,-1.7703365,0.047490418,0.9192611,-0.39077345,0
1.9615149,0.95331144,4.7848654,-0.41762984,0.37365305,0.82823241,0
-0.14070904,-1.308423,-3.7065315,0.41762984,-0.37365305,-0.82823241,0
2.2661624,-3.6131268,3.2914603,-0.047490418,-0.9192611,0.39077345,0
2.3416219,3.5558023,3.8024304,-0.41762984,0.37365305,0.82823241,0
-2.8642297,-3.5575449,2.798717,-0.047490418,-0.9192611,0.39077345,0
4.9335642,0.68723679,1.091187,0.90737545,0.12386546,0.40165591,0
4.7291765,2.0901399,1.1202793,0.90737545,0.12386546,0.40165591,0
5.9389801,-1.0989254,-0.73540783,0.41762984,-0.37365305,-0.82823241,0
2.8361754,3.3115046,-3.3809147,0.047490418,0.9192611,-0.39077345,0
-1.8216898,-1.4688244,-4.4817882,0.41762984,-0.37365305,-0.82823241,0
0.89811802,5.7353764,2.0912504,-0.41762984,0.37365305,0.82823241,0
5.1903863,-3.9009535,1.9259429,0.90737545,0.12386546,0.40165591,0
1.9774427,-3.5580406,3.3859587,-0.047490418,-0.9192611,0.39077345,0
-2.3555496,1.3801346,-6.0362773,0.41762984,-0.37365305,-0.82823241,0
3.333668,-0.58600235,5.0981426,0.90737545,0.12386546,0.40165591,0
-2.2878773,-3.9259963,2.0020106,-0.047490418,-0.9192611,0.39077345,0
0.19276786,-3.242907,3.9103916,-0.047490418,-0.9192611,0.39077345,0
-3.5082614,0.54526234,-4.6911564,-0.90737545,-0.12386546,-0.40165591,0
-1.3510814,3.5800567,-3.2580457,0.047490418,0.9192611,-0.39077345,0
3.2472401,-4.8384428,0.5282402,-0.047490418,-0.9192611,0.39077345,0
-5.2300024,1.1308006,-0.98216629,-0.90737545,-0.12386546,-0.40165591,0
3.916007,1.0849042,3.2673016,0.90737545,0.12386546,0.40165591,0
-0.52292013,-5.468298,-2.0225511,0.41762984,-0.37365305,-0.82823241,0
0.21425033,3.3216963,-3.6755815,0.047490418,0.9192611,-0.39077345,0
-3.5465102,-0.59690619,-4.2525196,-0.90737545,-0.12386546,-0.40165591,0
1.4691666,-1.3226309,5.5633821,-0.41762984,0.37365305,0.82823241,0
-0.47845972,-0.31769896,4.1279368,-0.41762984,0.37365305,0.82823241,0
3.6375694,5.565855,2.5144489,0.90737545,0.12386546,0.40165591,0
-1.4164305,3.3850758,-3.7246637,0.047490418,0.9192611,-0.39077345,0
-0.74063253,-4.841424,0.036581933,-0.047490418,-0.9192611,0.39077345,0
3.7195206,-0.113729,-2.2990198,0.41762984,-0.37365305,-0.82823241,0
-1.6575615,-5.1453753,-0.78987193,-0.047490418,-0.9192611,0.39077345,0
-3.8389883,2.7957003,1.0288208,-0.41762984,0.37365305,0.82823241,0
4.8331146,3.8224363,0.35125542,0.90737545,0.12386546,0.40165591,0
1.5296364,-2.22856,6.0025797,-0.41762984,0.37365305,0.82823241,0
3.7902093,-0.73871493,4.1138706,0.90737545,0.12386546,0.40165591,0
-2.1813414,-1.3547814,3.7371459,-0.41762984,0.37365305,0.82823241,0
-0.67694879,-4.1257029,1.7279942,-0.047490418,-0.9192611,0.39077345,0
1.125455,2.3145308,3.7491808,-0.41762984,0.37365305,0.82823241,0
-3.9879918,3.8861408,-2.8584709,0.047490418,0.9192611,-0.39077345,0
4.6219125,0.11216295,1.9725814,0.90737545,0.12386546,0.40165591,0
3.3331876,1.0126846,-3.0020008,0.41762984,-0.37365305,-0.82823241,0
2.7696507,0.58481026,5.3586082,-0.41762984,0.37365305,0.82823241,0
5.8397336,0.56515652,-0.91828108,0.90737545,0.12386546,0.40165591,0
-3.8332126,3.5776348,-3.5653958,0.047490418,0.9192611,-0.39077345,0
3.9407084,-3.4388781,-0.68736315,0.41762984,-0.37365305,-0.82823241,0
-5.0174894,-4.0306396,0.12947083,-0.90737545,-0.12386546,-0.40165591,0
-2.0366082,-3.4728475,-3.6860545,0.41762984,-0.37365305,-0.82823241,0
1.9325794,0.032840014,-3.2661953,0.41762984,-0.37365305,-0.82823241,0
-1.5905359,0.34861469,-5.1851597,0.41762984,-0.37365305,-0.82823241,0
-5.1367164,-0.29873583,-0.75205612,-0.90737545,-0.12386546,-0.40165591,0
2.6033211,1.4845724,4.8688149,-0.41762984,0.37365305,0.82823241,0
4.0824299,-1.754582,3.7670002,0.90737545,0.12386546,0.40165591,0
5.0841746,4.2711024,-0.8503449,0.047490418,0.9192611,-0.39077345,0
-4.3799562,1.1089811,-2.8957663,-0.90737545,-0.12386546,-0.40165591,0
-1.0438709,-5.4665337,-1.4707885,-0.047490418,-0.9192611,0.39077345,0
5.2931962,-1.1825695,0.855371,0.90737545,0.12386546,0.40165591,0
5.3002701,-1.5964823,-0.83300209,0.41762984,-0.37365305,-0.82823241,0
5.4055753,3.9558535,-0.98312712,0.90737545,0.12386546,0.40165591,0
-4.4807148,1.6508057,-2.8352361,-0.90737545,-0.12386546,-0.40165591,0
-5.5952702,0.65662074,1.108264,-0.41762984,0.37365305,0.82823241,0
1.3342743,-4.6704011,0.6910603,-0.047490418,-0.9192611,0.39077345,0
-1.1370473,4.5237207,-1.0121453,0.047490418,0.9192611,-0.39077345,0
4.0171633,4.5463219,1.9713242,0.90737545,0.12386546,0.40165591,0
-2.9261582,-2.5937538,-4.5312014,0.41762984,-0.37365305,-0.82823241,0
-1.8529738,1.3572502,-5.7725325,0.41762984,-0.37365305,-0.82823241,0
3.8389413,1.7219284,3.2449498,0.90737545,0.12386546,0.40165591,0
-4.0297337,0.06494236,-3.3649802,-0.90737545,-0.12386546,-0.40165591,0
-2.6011834,1.8387878,2.0846808,-0.41762984,0.37365305,0.82823241,0
2.6008477,2.8820715,-4.2146425,0.41762984,-0.37365305,-0.82823241,0
-4.0379047,4.3193359,-1.8454833,0.047490418,0.9192611,-0.39077345,0
-2.5502646,3.6330736,1.3008735,-0.41762984,0.37365305,0.82823241,0
-4.0975266,3.8338425,-2.9948111,0.047490418,0.9192611,-0.39077345,0
-3.5719554,-2.3409858,-3.6571844,-0.90737545,-0.12386546,-0.40165591,0
2.138375,4.6515436,-0.31339186,0.047490418,0.9192611,-0.39077345,0
1.994982,5.5093155,2.7463226,-0.41762984,0.37365305,0.82823241,0
-4.0874476,-3.5043149,-2.1338866,-0.90737545,-0.12386546,-0.40165591,0
0.6239109,-3.2687201,3.902065,-0.047490418,-0.9192611,0.39077345,0
5.677392,-1.6199961,0.12233543,0.90737545,0.12386546,0.40165591,0
-4.3209591,4.4340696,-1.6099815,0.047490418,0.9192611,-0.39077345,0
-5.5583668,0.40590578,-0.016815186,-0.90737545,-0.12386546,-0.40165591,0
-5.4217787,3.1065164,0.090487957,-0.41762984,0.37365305,0.82823241,0
1.428395,4.4059281,-0.97746456,0.047490418,0.9192611,-0.39077345,0
-1.8505228,-5.0667744,-0.62842065,-0.047490418,-0.9192611,0.39077345,0
1.4123362,-0.21500206,5.0350246,-0.41762984,0.37365305,0.82823241,0
3.5635874,3.9049118,3.1937935,0.90737545,0.12386546,0.40165591,0
3.9282558,-1.655627,4.0847759,0.90737545,0.12386546,0.40165591,0
4.9363189,3.0554359,0.35464001,0.90737545,0.12386546,0.40165591,0
-5.6925569,-2.3466625,2.4141245,-0.41762984,0.37365305,0.82823241,0
4.4970918,-4.5269847,0.08408308,0.41762984,-0.37365305,-0.82823241,0
-2.938904,0.18211889,2.6617856,-0.41762984,0.37365305,0.82823241,0
2.0302055,-0.37284279,-3.033946,0.41762984,-0.37365305,-0.82823241,0
-4.0458665,-4.525218,0.3787446,-0.047490418,-0.9192611,0.39077345,0
-4.2271485,-3.0521502,-1.9577322,-0.90737545,-0.12386546,-0.40165591,0
5.900404,2.7847378,-1.739831,0.90737545,0.12386546,0.40165591,0
-0.63985896,3.1392457,-4.2085814,0.047490418,0.9192611,-0.39077345,0
-1.6846979,1.0043845,-5.5284872,0.41762984,-0.37365305,-0.82823241,0
-3.1119428,1.6653264,1.9053905,-0.41762984,0.37365305,0.82823241,0
-2.2096665,3.3979902,-3.7906847,0.047490418,0.9192611,-0.39077345,0
-3.2334435,-4.881619,-0.36092401,-0.047490418,-0.9192611,0.39077345,0
1.9641328,-3.8009605,2.8128924,-0.047490418,-0.9192611,0.39077345,0
-3.4782538,-1.4552794,-4.142004,-0.90737545,-0.12386546,-0.40165591,0
1.4252563,-3.8776162,2.5670772,-0.047490418,-0.9192611,0.39077345,0
-4.2060699,1.8441136,-3.515295,-0.90737545,-0.12386546,-0.40165591,0
4.5862947,4.0826049,0.82861018,0.90737545,0.12386546,0.40165591,0
1.073426,-2.9478159,4.7115946,-0.047490418,-0.9192611,0.39077345,0
3.7074859,-3.7488327,3.1473875,-0.047490418,-0.9192611,0.39077345,0
-1.8513522,4.5381145,-1.0650933,0.047490418,0.9192611,-0.39077345,0
-5.1139565,0.65173918,-1.0965877,-0.90737545,-0.12386546,-0.40165591,0
-2.0203302,1.0896535,-5.7361956,0.41762984,-0.37365305,-0.82823241,0
4.1039944,-1.0981008,3.5158319,0.90737545,0.12386546,0.40165591,0
-3.9405987,4.1077337,-2.3314342,0.047490418,0.9192611,-0.39077345,0
2.1844966,3.4157252,-3.2149434,0.047490418,0.9192611,-0.39077345,0
1.0835338,-0.45398188,4.9770432,-0.41762984,0.37365305,0.82823241,0
3.3191259,-0.018274307,4.9559135,0.90737545,0.12386546,0.40165591,0
1.5598979,5.0231042,0.49036947,0.047490418,0.9192611,-0.39077345,0
-3.4052594,2.0173483,-5.3778195,-0.90737545,-0.12386546,-0.40165591,0
3.3377523,1.1618509,4.5498991,0.90737545,0.12386546,0.40165591,0
-1.0613203,3.5372915,-3.3234329,0.047490418,0.9192611,-0.39077345,0
0.34055424,3.6894019,-2.7952366,0.047490418,0.9192611,-0.39077345,0
-4.1007257,1.2390945,1.5990968,-0.41762984,0.37365305,0.82823241,0
3.7938058,-4.1103926,2.3073387,-0.047490418,-0.9192611,0.39077345,0
-2.4796488,-0.44720554,-5.2744579,0.41762984,-0.37365305,-0.82823241,0
-5.249301,4.2018323,-1.8856373,-0.90737545,-0.12386546,-0.40165591,0
1.7429633,1.7126286,-4.1196356,0.41762984,-0.37365305,-0.82823241,0
-0.9622252,-4.1006861,-2.861059,0.41762984,-0.37365305,-0.82823241,0
-3.9035659,1.3023992,-4.0316195,-0.90737545,-0.12386546,-0.40165591,0
4.9523735,-1.1741257,-1.1989698,0.41762984,-0.37365305,-0.82823241,0
-3.6490555,3.339026,0.87947464,-0.41762984,0.37365305,0.82823241,0
0.74780655,4.5146642,-0.8043856,0.047490418,0.9192611,-0.39077345,0
-3.0617704,1.6462421,-6.0393472,-0.90737545,-0.12386546,-0.40165591,0
5.0137939,2.9374192,0.21601295,0.90737545,0.12386546,0.40165591,0
2.4979203,4.0857735,-1.6006219,0.047490418,0.9192611,-0.39077345,0
3.9990029,3.8023465,2.2417822,0.90737545,0.12386546,0.40165591,0
2.6965706,5.3457699,1.3875519,0.047490418,0.9192611,-0.39077345,0
1.9479718,-4.514441,1.1325271,-0.047490418,-0.9192611,0.39077345,0
-5.6394482,0.46736771,0.14740086,-0.90737545,-0.12386546,-0.40165591,0
0.58096218,-4.5052443,-1.9004035,0.41762984,-0.37365305,-0.82823241,0
2.8490372,1.6584809,-3.537478,0.41762984,-0.37365305,-0.82823241,0
5.1897335,-2.2446051,1.4166212,0.90737545,0.12386546,0.40165591,0
-4.1629043,-3.8027844,-1.8713794,-0.90737545,-0.12386546,-0.40165591,0
1.4383397,3.1050992,-4.036345,0.047490418,0.9192611,-0.39077345,0
3.9905622,-4.2814775,1.9287896,-0.047490418,-0.9192611,0.39077345,0
5.7903137,-0.31543171,-0.53507519,0.90737545,0.12386546,0.40165591,0
-5.6023078,0.25048542,0.13038206,-0.90737545,-0.12386546,-0.40165591,0
-1.752599,2.525964,-5.7865047,0.047490418,0.9192611,-0.39077345,0
2.4773028,-4.0183458,-1.1638498,0.41762984,-0.37365305,-0.82823241,0
1.2891178,-5.1456575,-1.2544028,0.41762984,-0.37365305,-0.82823241,0
-0.16634893,-2.3637655,5.2083898,-0.41762984,0.37365305,0.82823241,0
4.8671927,2.7631421,0.60094213,0.90737545,0.12386546,0.40165591,0
-1.1273899,-5.5897355,-1.7707591,-0.047490418,-0.9192611,0.39077345,0
-4.3218546,-4.7634039,-1.216054,-0.90737545,-0.12386546,-0.40165591,0
2.0833108,3.5988345,-2.7964921,0.047490418,0.9192611,-0.39077345,0
5.8223324,1.8037221,-1.2609282,0.90737545,0.12386546,0.40165591,0
-5.0503187,-4.0834827,0.21993113,-0.90737545,-0.12386546,-0.40165591,0
1.1498928,-3.8211927,2.6663425,-0.047490418,-0.9192611,0.39077345,0
4.3771915,-1.8245289,3.1226773,0.90737545,0.12386546,0.40165591,0
-1.7060442,-3.0331478,4.1730695,-0.047490418,-0.9192611,0.39077345,0
-1.9678664,1.3290682,2.6339839,-0.41762984,0.37365305,0.82823241,0
-5.0876265,-1.6961879,-0.43199778,-0.90737545,-0.12386546,-0.40165591,0
3.3560343,3.3954947,-3.1201572,0.047490418,0.9192611,-0.39077345,0
0.32865548,-2.9583247,4.5963621,-0.047490418,-0.9192611,0.39077345,0
5.0653915,3.6764257,-2.2515535,0.047490418,0.9192611,-0.39077345,0
-2.3509371,3.1097405,-4.4859357,0.047490418,0.9192611,-0.39077345,0
-3.8519361,-4.6401753,0.13188648,-0.047490418,-0.9192611,0.39077345,0
2.7075243,-1.8196657,-2.039686,0.41762984,-0.37365305,-0.82823241,0
-4.4933343,-3.3254623,-1.2721095,-0.90737545,-0.12386546,-0.40165591,0
-1.8320692,-3.8706412,2.1876235,-0.047490418,-0.9192611,0.39077345,0
4.9587231,3.1310976,-3.1380484,0.41762984,-0.37365305,-0.82823241,0
-4.4684649,3.3111677,-3.3749437,-0.90737545,-0.12386546,-0.40165591,0
-4.9874725,-0.11333001,-1.1463881,-0.90737545,-0.12386546,-0.40165591,0
4.602489,3.2028854,1.0633216,0.90737545,0.12386546,0.40165591,0
2.9232683,0.85461307,-3.1373863,0.41762984,-0.37365305,-0.82823241,0
2.2056398,-1.8774314,6.1850386,-0.41762984,0.37365305,0.82823241,0
-4.4127445,-2.77318,-1.6244855,-0.90737545,-0.12386546,-0.40165591,0
-5.7867289,3.7347965,-0.37698174,-0.41762984,0.37365305,0.82823241,0
3.7493935,3.9769907,2.7518137,0.90737545,0.12386546,0.40165591,0
1.1279964,-3.5320456,-2.0636196,0.41762984,-0.37365305,-0.82823241,0
1.2691798,-3.8985894,-1.8270649,0.41762984,-0.37365305,-0.82823241,0
-1.0841227,2.9790092,2.3352423,-0.41762984,0.37365305,0.82823241,0
5.9578876,-0.26585698,-0.9289279,0.90737545,0.12386546,0.40165591,0
-2.2986968,-4.936254,-0.37584925,-0.047490418,-0.9192611,0.39077345,0
4.4435778,-2.5930736,3.2097144,0.90737545,0.12386546,0.40165591,0
-2.0776389,2.4798734,2.0594521,-0.41762984,0.37365305,0.82823241,0
-4.2031851,4.9157152,-0.4626379,0.047490418,0.9192611,-0.39077345,0
-4.005362,-2.549628,-2.6137381,-0.90737545,-0.12386546,-0.40165591,0
-1.3731241,5.2719493,1.1550667,-0.41762984,0.37365305,0.82823241,0
-3.8415904,-1.5623207,2.9936085,-0.41762984,0.37365305,0.82823241,0
-5.1249514,4.8381033,-0.75723696,0.047490418,0.9192611,-0.39077345,0
0.039188385,-5.6043615,-1.6633928,-0.047490418,-0.9192611,0.39077345,0
4.3586893,-1.5119722,-1.3459134,0.41762984,-0.37365305,-0.82823241,0
-1.8252518,-4.2223382,-3.2413507,0.41762984,-0.37365305,-0.82823241,0
-4.5989776,-4.586019,0.16849589,-0.047490418,-0.9192611,0.39077345,0
-2.1891265,5.1613302,0.35991716,0.047490418,0.9192611,-0.39077345,0
0.090303004,0.36833048,-4.3465037,0.41762984,-0.37365305,-0.82823241,0
