-3.7763772,-0.72107458,-0.31221724,-0.81504822,-0.40662366,-0.4127391,0
-0.19795001,-2.7549551,-4.9210024,0.50681686,-0.15514775,-0.8479774,0
-1.9073553,-4.872622,0.087003499,-0.81504822,-0.40662366,-0.4127391,0
-0.87053871,3.5468373,4.1375065,-0.50681686,0.15514775,0.8479774,0
-3.5695248,1.0869637,-2.5019436,-0.81504822,-0.40662366,-0.4127391,0
-2.5685873,3.735992,0.25500202,-0.28077209,0.90032566,-0.33253664,0
-3.9004729,-2.4249401,3.4191923,-0.50681686,0.15514775,0.8479774,0
1.6897031,4.3956747,0.81268096,0.81504822,0.40662366,0.4127391,0
-4.9175711,3.480839,1.5475163,-0.28077209,0.90032566,-0.33253664,0
-2.5280745,0.8816188,3.6344686,-0.50681686,0.15514775,0.8479774,0
-4.0966797,-3.5792782,3.1361482,-0.81504822,-0.40662366,-0.4127391,0
-2.0872502,-4.7114348,0.28344855,-0.81504822,-0.40662366,-0.4127391,0
-1.3320792,3.6735506,-0.95808065,-0.28077209,0.90032566,-0.33253664,0
-1.9688716,4.2454567,1.1279907,-0.28077209,0.90032566,-0.33253664,0
-1.143043,5.2023635,3.0214887,-0.28077209,0.90032566,-0.33253664,0
-1.6825583,-4.9799037,-0.033439875,0.28077209,-0.90032566,0.33253664,0
4.2973485,-0.35016918,0.3388114,0.81504822,0.40662366,0.4127391,0
-1.1892829,3.1360176,-2.5339906,-0.28077209,0.90032566,-0.33253664,0
3.6287324,2.1372011,-3.5289602,0.50681686,-0.15514775,-0.8479774,0
2.0517981,2.3435056,2.1194031,0.81504822,0.40662366,0.4127391,0
3.0608099,0.57130933,1.8728158,0.81504822,0.40662366,0.4127391,0
2.416223,-0.76699722,-3.7222905,0.50681686,-0.15514775,-0.8479774,0
-0.4146204,-2.6026258,5.3323536,0.28077209,-0.90032566,0.33253664,0
3.5090919,-2.4600539,-2.7593431,0.50681686,-0.15514775,-0.8479774,0
2.2594905,2.6670353,1.3905314,0.81504822,0.40662366,0.4127391,0
2.3981404,2.392324,1.387376,0.81504822,0.40662366,0.4127391,0
2.9514279,2.6217778,-4.022429,0.50681686,-0.15514775,-0.8479774,0
-4.4369841,3.2219799,0.44089222,-0.28077209,0.90032566,-0.33253664,0
-2.0411205,1.4373775,-5.8653507,-0.81504822,-0.40662366,-0.4127391,0
0.5221374,4.361352,-0.66147268,-0.28077209,0.90032566,-0.33253664,0
0.99991417,-1.4586527,6.1712484,-0.50681686,0.15514775,0.8479774,0
-2.6304915,-0.73454094,3.8689528,-0.50681686,0.15514775,0.8479774,0
6.0265369,-2.2168627,-1.2368336,0.81504822,0.40662366,0.4127391,0
1.1046684,-3.0833254,-4.0823774,0.50681686,-0.15514775,-0.8479774,0
-0.57935637,3.1041687,4.3925309,-0.50681686,0.15514775,0.8479774,0
3.0591452,-3.2101679,-2.8910232,0.50681686,-0.15514775,-0.8479774,0
-3.9949784,2.6902165,-1.3720279,-0.28077209,0.90032566,-0.33253664,0
-3.2444308,0.55359626,-2.6184528,-0.81504822,-0.40662366,-0.4127391,0
-1.7592678,-4.510314,-0.56236893,-0.81504822,-0.40662366,-0.4127391,0
-1.4205208,-4.1609035,1.9627123,0.28077209,-0.90032566,0.33253664,0
1.6712742,-2.7808254,3.0886939,0.28077209,-0.90032566,0.33253664,0
0.97410011,3.913662,-2.2551782,-0.28077209,0.90032566,-0.33253664,0
4.810843,-1.015414,-0.019814014,0.81504822,0.40662366,0.4127391,0
0.58853817,-2.3044889,5.2925391,0.28077209,-0.90032566,0.33253664,0
-1.640548,4.1697302,3.563323,-0.50681686,0.15514775,0.8479774,0
0.16233397,1.5921443,5.1124659,-0.50681686,0.15514775,0.8479774,0
0.66295528,2.1346099,5.0677924,0.81504822,0.40662366,0.4127391,0
4.6836734,-0.37244058,-0.40213394,0.81504822,0.40662366,0.4127391,0
5.1335077,-0.78920031,-0.87985086,0.81504822,0.40662366,0.4127391,0
-3.7819674,-3.0666022,3.6074195,-0.50681686,0.15514775,0.8479774,0
2.6728976,-3.9641793,-0.96088076,0.28077209,-0.90032566,0.33253664,0
2.2426262,3.6066329,0.49815768,0.81504822,0.40662366,0.4127391,0
3.9962931,0.86357021,-0.26244092,0.81504822,0.40662366,0.4127391,0
-2.0904837,-4.1105494,-0.30214772,-0.81504822,-0.40662366,-0.4127391,0
-4.5850124,2.2839377,-1.675869,-0.81504822,-0.40662366,-0.4127391,0
-1.8896909,-0.26015925,-4.4919991,-0.81504822,-0.40662366,-0.4127391,0
1.0349972,4.9710689,1.5386801,0.81504822,0.40662366,0.4127391,0
-2.3409505,-1.2378354,-2.6376939,-0.81504822,-0.40662366,-0.4127391,0
4.1450138,1.8989656,-3.1768022,0.50681686,-0.15514775,-0.8479774,0
1.0395613,1.1947622,5.25002,0.81504822,0.40662366,0.4127391,0
-1.5792713,3.1255724,-2.23299,-0.28077209,0.90032566,-0.33253664,0
1.821497,3.0634806,1.8648787,0.81504822,0.40662366,0.4127391,0
3.8719752,2.6779835,-1.804477,0.81504822,0.40662366,0.4127391,0
4.7822661,1.1154795,-2.6525831,0.50681686,-0.15514775,-0.8479774,0
4.9864359,0.57208443,-1.9305387,0.81504822,0.40662366,0.4127391,0
4.113483,-2.8418071,-2.3282652,0.50681686,-0.15514775,-0.8479774,0
0.68511128,4.0048957,-1.7641646,-0.28077209,0.90032566,-0.33253664,0
-3.6448193,3.4879422,0.49212122,-0.28077209,0.90032566,-0.33253664,0
-0.54494858,3.3465509,4.3687482,-0.50681686,0.15514775,0.8479774,0
2.9038916,-1.8066669,4.5254292,0.81504822,0.40662366,0.4127391,0
-1.1188989,3.11024,-2.663209,-0.28077209,0.90032566,-0.33253664,0
-1.3533413,4.0826755,0.16755629,-0.28077209,0.90032566,-0.33253664,0
0.31677836,-3.3197727,-4.5100198,0.50681686,-0.15514775,-0.8479774,0
2.5505061,1.5247786,-4.0613413,0.50681686,-0.15514775,-0.8479774,0
0.40095615,-2.5504253,4.7850623,0.28077209,-0.90032566,0.33253664,0
-4.7742195,3.372519,1.8362589,-0.50681686,0.15514775,0.8479774,0
5.8246837,-2.4076469,-1.3849545,0.50681686,-0.15514775,-0.8479774,0
0.16725206,-3.2112978,3.19311,0.28077209,-0.90032566,0.33253664,0
3.8643997,-3.9891541,-2.0345249,0.28077209,-0.90032566,0.33253664,0
1.5497522,3.1548691,-4.7956142,-0.28077209,0.90032566,-0.33253664,0
-3.6489072,-0.48286724,-0.7986145,-0.81504822,-0.40662366,-0.4127391,0
-0.047202855,-4.2334614,-4.2159843,-0.81504822,-0.40662366,-0.4127391,0
-2.8456697,-2.3464346,4.0352607,-0.50681686,0.15514775,0.8479774,0
1.6637774,-1.5733981,6.3640685,0.28077209,-0.90032566,0.33253664,0
-1.6956255,3.0898738,3.7279773,-0.50681686,0.15514775,0.8479774,0
-2.019886,-1.8094735,-2.7085402,-0.81504822,-0.40662366,-0.4127391,0
3.1525335,3.8330555,-1.5217313,0.81504822,0.40662366,0.4127391,0
0.87894845,4.7890563,2.0261493,0.81504822,0.40662366,0.4127391,0
-1.4008927,2.0882833,-5.1920071,-0.28077209,0.90032566,-0.33253664,0
-0.40033174,-4.1970053,1.0035887,0.28077209,-0.90032566,0.33253664,0
0.51020449,3.1419528,4.377018,0.81504822,0.40662366,0.4127391,0
1.3812678,3.0009875,2.7957795,0.81504822,0.40662366,0.4127391,0
3.5923772,-1.8655863,3.2239027,0.81504822,0.40662366,0.4127391,0
1.8359681,-1.2114217,-3.9877839,0.50681686,-0.15514775,-0.8479774,0
1.2008055,2.2291801,3.9125156,0.81504822,0.40662366,0.4127391,0
0.90314174,4.0966558,-1.6998205,-0.28077209,0.90032566,-0.33253664,0
-2.0406473,-3.7044623,-0.80063128,-0.81504822,-0.40662366,-0.4127391,0
1.3993301,-3.2735538,1.9842681,0.28077209,-0.90032566,0.33253664,0
0.18561387,-4.4374228,-0.14206338,0.28077209,-0.90032566,0.33253664,0
3.6394649,3.7834003,-2.4343698,0.81504822,0.40662366,0.4127391,0
-2.2126536,0.96302414,3.808094,-0.50681686,0.15514775,0.8479774,0
0.46849847,-1.3164849,-4.7858667,0.50681686,-0.15514775,-0.8479774,0
-3.8638482,-0.021151245,3.0012794,-0.50681686,0.15514775,0.8479774,0
3.4364555,-3.1479192,0.60440326,0.28077209,-0.90032566,0.33253664,0
2.7342029,-1.6773453,4.7331119,0.81504822,0.40662366,0.4127391,0
6.0847058,-2.8879187,-0.92766857,0.28077209,-0.90032566,0.33253664,0
0.3277421,-2.7783918,4.2296734,0.28077209,-0.90032566,0.33253664,0
4.8260317,-3.4140599,-1.7976913,0.50681686,-0.15514775,-0.8479774,0
-2.2479556,4.8280859,2.9410682,-0.28077209,0.90032566,-0.33253664,0
0.66150284,-0.019369125,5.7056532,-0.50681686,0.15514775,0.8479774,0
3.1677921,-0.3802731,2.5990369,0.81504822,0.40662366,0.4127391,0
5.4349036,-0.78325129,-1.9151201,0.50681686,-0.15514775,-0.8479774,0
-0.48197794,3.9840536,-0.83518094,-0.28077209,0.90032566,-0.33253664,0
1.9122055,0.9431088,3.7747087,0.81504822,0.40662366,0.4127391,0
0.77453756,-1.0629574,-4.6493397,0.50681686,-0.15514775,-0.8479774,0
0.83409846,4.4603524,2.438549,0.81504822,0.40662366,0.4127391,0
-1.9371147,0.48957634,-5.1369777,-0.81504822,-0.40662366,-0.4127391,0
4.8823328,-0.84619248,-2.2338634,0.50681686,-0.15514775,-0.8479774,0
-1.9593168,-3.2328632,-1.4258487,-0.81504822,-0.40662366,-0.4127391,0
-1.1504917,3.779541,3.927609,-0.50681686,0.15514775,0.8479774,0
1.4753909,-0.045648098,5.6114054,0.81504822,0.40662366,0.4127391,0
-3.8341861,2.7779613,-1.270227,-0.28077209,0.90032566,-0.33253664,0
5.5556355,-1.0108302,-1.8013229,0.50681686,-0.15514775,-0.8479774,0
1.1766973,-3.0754142,2.7086983,0.28077209,-0.90032566,0.33253664,0
3.9133058,-3.7166793,-1.3381062,0.28077209,-0.90032566,0.33253664,0
2.6760831,4.4617462,-2.2083127,-0.28077209,0.90032566,-0.33253664,0
3.6301551,-2.5209727,-2.6758399,0.50681686,-0.15514775,-0.8479774,0
-0.029681742,2.882297,4.7616529,-0.50681686,0.15514775,0.8479774,0
1.5782309,-2.3054676,4.4542599,0.28077209,-0.90032566,0.33253664,0
-3.8981059,-4.3122673,3.6448147,0.28077209,-0.90032566,0.33253664,0
-3.2726855,-3.7643583,1.691319,-0.81504822,-0.40662366,-0.4127391,0
-3.8703108,0.0047111511,-0.84175599,-0.81504822,-0.40662366,-0.4127391,0
-0.029068232,-4.6439629,-0.5199976,0.28077209,-0.90032566,0.33253664,0
-3.3484979,-3.2005041,1.2855282,-0.81504822,-0.40662366,-0.4127391,0
4.7171669,0.079392672,-2.5019269,0.50681686,-0.15514775,-0.8479774,0
5.2451735,-2.818614,-0.031182766,0.28077209,-0.90032566,0.33253664,0
-2.143822,4.7554369,2.6564527,-0.28077209,0.90032566,-0.33253664,0
-0.80854797,-0.3333075,4.8844767,-0.50681686,0.15514775,0.8479774,0
-2.9839807,2.6779535,3.0333228,-0.50681686,0.15514775,0.8479774,0
1.4759204,1.8296567,-4.7593775,0.50681686,-0.15514775,-0.8479774,0
-2.8539431,0.14761066,-2.9895897,-0.81504822,-0.40662366,-0.4127391,0
-3.8963258,1.4344937,2.7155409,-0.50681686,0.15514775,0.8479774,0
1.6982393,4.9392996,0.26025409,0.81504822,0.40662366,0.4127391,0
-1.5833273,2.674521,-3.4507637,-0.28077209,0.90032566,-0.33253664,0
-0.7182188,1.2489438,-5.9645171,0.50681686,-0.15514775,-0.8479774,0
-4.6909404,-1.0535448,1.821342,-0.81504822,-0.40662366,-0.4127391,0
3.3705821,3.2769995,-1.4045012,0.81504822,0.40662366,0.4127391,0
0.21876228,3.9615839,4.145051,0.81504822,0.40662366,0.4127391,0
3.6004105,-3.5899827,-0.73089457,0.28077209,-0.90032566,0.33253664,0
1.310231,4.1343236,-1.9415557,-0.28077209,0.90032566,-0.33253664,0
0.96212482,1.9758248,-5.0932055,0.50681686,-0.15514775,-0.8479774,0
-2.1104147,-3.789022,3.5520649,0.28077209,-0.90032566,0.33253664,0
-5.6964836,2.367393,0.43676662,-0.81504822,-0.40662366,-0.4127391,0
-2.5583878,-1.2698199,4.0099835,-0.50681686,0.15514775,0.8479774,0
2.1533947,-2.2738783,4.0541539,0.28077209,-0.90032566,0.33253664,0
4.343719,-0.065808296,-0.032905579,0.81504822,0.40662366,0.4127391,0
2.7290969,2.5831218,0.54585528,0.81504822,0.40662366,0.4127391,0
-2.6464889,-4.4182777,1.0989804,-0.81504822,-0.40662366,-0.4127391,0
-1.1523228,1.7831619,-6.2279835,-0.28077209,0.90032566,-0.33253664,0
3.1586256,-3.5750322,-0.31740189,0.28077209,-0.90032566,0.33253664,0
-2.478601,-0.37739635,-3.2135601,-0.81504822,-0.40662366,-0.4127391,0
5.0134234,-0.72294581,-2.1780624,0.50681686,-0.15514775,-0.8479774,0
4.8416533,-1.2672615,-2.1811371,0.50681686,-0.15514775,-0.8479774,0
-4.7941923,1.1835972,2.2248111,-0.50681686,0.15514775,0.8479774,0
3.0359995,3.8424387,-4.1889448,-0.28077209,0.90032566,-0.33253664,0
-2.6521306,-4.1708612,0.86637139,-0.81504822,-0.40662366,-0.4127391,0
-1.5081501,-3.1263411,4.8377261,0.28077209,-0.90032566,0.33253664,0
-0.67542553,-2.8943684,4.7626801,0.28077209,-0.90032566,0.33253664,0
-4.8140087,0.43811488,0.59481049,-0.81504822,-0.40662366,-0.4127391,0
3.5862763,-3.4986372,-0.47164679,0.28077209,-0.90032566,0.33253664,0
-2.618686,-2.3745666,-0.96935201,-0.81504822,-0.40662366,-0.4127391,0
2.4019175,-4.1310654,-1.183917,0.28077209,-0.90032566,0.33253664,0
0.34566355,-2.5062001,4.9514852,0.28077209,-0.90032566,0.33253664,0
5.3662004,-2.5998859,0.44449997,0.81504822,0.40662366,0.4127391,0
0.5152657,3.9235609,-1.8409679,-0.28077209,0.90032566,-0.33253664,0
0.67127848,3.6794503,-2.6336117,-0.28077209,0.90032566,-0.33253664,0
-3.9210999,-1.4294508,3.2247272,-0.50681686,0.15514775,0.8479774,0
3.094589,0.59446657,-3.5659432,0.50681686,-0.15514775,-0.8479774,0
-3.4252613,2.9002604,-1.2843766,-0.28077209,0.90032566,-0.33253664,0
0.25485212,3.9937236,4.042119,0.81504822,0.40662366,0.4127391,0
-1.829715,-2.2357554,4.6222239,-0.50681686,0.15514775,0.8479774,0
0.81144714,-0.77088118,5.9327698,-0.50681686,0.15514775,0.8479774,0
3.7398181,-3.5561392,-2.4209008,0.50681686,-0.15514775,-0.8479774,0
1.3360803,4.5097117,-0.94703674,-0.28077209,0.90032566,-0.33253664,0
-4.2799492,2.1639159,2.3528013,-0.50681686,0.15514775,0.8479774,0
4.2698879,-3.5100851,-1.0798378,0.28077209,-0.90032566,0.33253664,0
2.8050737,-1.7925322,4.7066426,0.81504822,0.40662366,0.4127391,0
4.7559142,-1.1952363,-2.2455592,0.50681686,-0.15514775,-0.8479774,0
0.46041799,3.0856428,4.530808,0.81504822,0.40662366,0.4127391,0
0.62926459,-5.0165911,-2.0847201,0.28077209,-0.90032566,0.33253664,0
4.8250728,0.41984499,-2.4997234,0.50681686,-0.15514775,-0.8479774,0
-4.221384,-2.0221906,3.1537032,-0.50681686,0.15514775,0.8479774,0
-5.3993702,2.0613337,0.15157127,-0.81504822,-0.40662366,-0.4127391,0
0.29990137,3.0973239,4.8362775,0.81504822,0.40662366,0.4127391,0
-0.71234208,-4.2675462,-2.8689349,-0.81504822,-0.40662366,-0.4127391,0
3.3961759,0.12174487,1.6534621,0.81504822,0.40662366,0.4127391,0
-2.0302415,-3.563741,-0.95981669,-0.81504822,-0.40662366,-0.4127391,0
-1.0755429,2.4152884,-4.5813618,-0.28077209,0.90032566,-0.33253664,0
1.3997052,4.9619188,0.22356915,-0.28077209,0.90032566,-0.33253664,0
-3.0239282,2.1713712,-3.5966659,-0.28077209,0.90032566,-0.33253664,0
-3.9985671,-2.8691759,2.2428203,-0.81504822,-0.40662366,-0.4127391,0
2.4814491,-2.5654528,2.9877441,0.28077209,-0.90032566,0.33253664,0
-3.2519565,-2.5554576,0.4593966,-0.81504822,-0.40662366,-0.4127391,0
-0.5203777,-2.8867044,-4.6083946,-0.81504822,-0.40662366,-0.4127391,0
2.1257772,-1.2913814,5.5543442,0.81504822,0.40662366,0.4127391,0
0.88651991,2.5973103,-5.2521009,0.50681686,-0.15514775,-0.8479774,0
2.4601855,1.9926236,-4.200922,0.50681686,-0.15514775,-0.8479774,0
-1.9088111,0.83495569,-5.5331316,-0.81504822,-0.40662366,-0.4127391,0
3.7905459,3.2293849,-2.1869068,0.81504822,0.40662366,0.4127391,0
4.1266909,2.9713876,-2.5965283,0.81504822,0.40662366,0.4127391,0
1.0495555,2.5747352,3.8707576,0.81504822,0.40662366,0.4127391,0
5.3321085,-0.62931073,-2.0047245,0.50681686,-0.15514775,-0.8479774,0
-4.2347107,2.8805194,-0.65437961,-0.28077209,0.90032566,-0.33253664,0
-1.2135854,-4.5823774,-1.5689479,-0.81504822,-0.40662366,-0.4127391,0
-0.9089607,-4.9085088,-1.8492007,-0.81504822,-0.40662366,-0.4127391,0
3.8274994,-2.9393485,0.83892703,0.28077209,-0.90032566,0.33253664,0
-1.0134964,-4.6661053,0.25124198,0.28077209,-0.90032566,0.33253664,0
-3.9483113,3.7337799,2.2637882,-0.50681686,0.15514775,0.8479774,0
-1.6779075,4.3822041,1.2525568,-0.28077209,0.90032566,-0.33253664,0
-1.1326904,-0.12356377,-5.9611206,0.50681686,-0.15514775,-0.8479774,0
3.2136343,1.6083494,0.54935503,0.81504822,0.40662366,0.4127391,0
-0.74864149,-2.5226555,-4.5162897,-0.81504822,-0.40662366,-0.4127391,0
0.36726809,-2.3719833,5.2966299,0.28077209,-0.90032566,0.33253664,0
0.70981902,-2.9625602,-4.3404651,0.50681686,-0.15514775,-0.8479774,0
-0.22531748,1.2275739,-5.6660118,0.50681686,-0.15514775,-0.8479774,0
-0.50430441,-1.5906744,-5.3171234,0.50681686,-0.15514775,-0.8479774,0
0.89759451,3.2089806,3.5459917,0.81504822,0.40662366,0.4127391,0
1.2372602,1.6524544,4.4087076,0.81504822,0.40662366,0.4127391,0
-0.85388124,-4.4079552,-2.4511044,-0.81504822,-0.40662366,-0.4127391,0
0.029809952,4.0572166,-1.0692152,-0.28077209,0.90032566,-0.33253664,0
-3.9746065,-3.410521,2.7288287,-0.81504822,-0.40662366,-0.4127391,0
2.3085907,3.273185,0.69640303,0.81504822,0.40662366,0.4127391,0
-3.2855802,3.5313408,0.30630159,-0.28077209,0.90032566,-0.33253664,0
-1.954787,-3.6759744,-0.99824858,-0.81504822,-0.40662366,-0.4127391,0
2.0007219,-2.9024632,2.4812012,0.28077209,-0.90032566,0.33253664,0
4.1098461,3.8564692,-3.4352317,0.81504822,0.40662366,0.4127391,0
3.8516121,-2.8674698,1.013175,0.28077209,-0.90032566,0.33253664,0
-3.8301313,-2.1523128,3.4113536,-0.50681686,0.15514775,0.8479774,0
1.9564381,-4.6069083,-3.2945356,0.50681686,-0.15514775,-0.8479774,0
5.7883248,-2.6005874,-1.3713846,0.50681686,-0.15514775,-0.8479774,0
-3.8100047,-3.8533752,2.8400776,-0.81504822,-0.40662366,-0.4127391,0
3.7768648,1.7487599,-3.3693552,0.50681686,-0.15514775,-0.8479774,0
1.961916,0.089668274,4.5173392,0.81504822,0.40662366,0.4127391,0
-3.7871079,2.9857767,2.4969921,-0.50681686,0.15514775,0.8479774,0
0.0046057701,-2.6551564,4.8361616,0.28077209,-0.90032566,0.33253664,0
-0.6854527,-1.2727618,-5.4835567,0.50681686,-0.15514775,-0.8479774,0
-1.4624994,-1.0576661,-4.5498962,-0.81504822,-0.40662366,-0.4127391,0
1.0511365,-2.2233691,5.121582,0.28077209,-0.90032566,0.33253664,0
1.2782631,-4.5707173,-3.7064877,0.50681686,-0.15514775,-0.8479774,0
-2.105191,-4.205626,2.4197204,0.28077209,-0.90032566,0.33253664,0
1.6402421,-2.6381576,3.5011606,0.28077209,-0.90032566,0.33253664,0
-3.8444192,4.0345612,2.1405911,-0.28077209,0.90032566,-0.33253664,0
1.5826316,2.3963377,2.9938309,0.81504822,0.40662366,0.4127391,0
-5.6407704,2.6336336,0.064453602,-0.81504822,-0.40662366,-0.4127391,0
2.5896378,4.4902887,-2.0580447,-0.28077209,0.90032566,-0.33253664,0
-3.0347314,-2.544914,0.020048261,-0.81504822,-0.40662366,-0.4127391,0
4.4316363,-3.7591684,-1.8907866,0.28077209,-0.90032566,0.33253664,0
3.7129004,-3.3657918,-0.21888685,0.28077209,-0.90032566,0.33253664,0
2.8571162,4.1823215,-3.1176913,-0.28077209,0.90032566,-0.33253664,0
-4.537425,-1.8791171,2.9386353,-0.50681686,0.15514775,0.8479774,0
3.5496986,-3.4187143,-0.22437668,0.28077209,-0.90032566,0.33253664,0
-3.2726583,-2.6129339,3.8288186,-0.50681686,0.15514775,0.8479774,0
-0.58845913,1.2467365,4.7269306,-0.50681686,0.15514775,0.8479774,0
4.94522,-2.7016816,0.5386672,0.28077209,-0.90032566,0.33253664,0
3.1239164,3.4020431,-1.0405942,0.81504822,0.40662366,0.4127391,0
0.55609274,-2.1751807,5.6700301,0.28077209,-0.90032566,0.33253664,0
1.32078,4.0100212,-2.2870049,-0.28077209,0.90032566,-0.33253664,0
1.749987,-0.16720855,-4.2302237,0.50681686,-0.15514775,-0.8479774,0
-3.3359587,0.62359023,3.1988244,-0.50681686,0.15514775,0.8479774,0
-1.75553,2.4397585,3.8111205,-0.50681686,0.15514775,0.8479774,0
-2.4132128,-4.6379623,0.85475248,-0.81504822,-0.40662366,-0.4127391,0
-3.1525421,-0.12864327,-2.1277764,-0.81504822,-0.40662366,-0.4127391,0
0.84019971,1.0423717,5.6181984,-0.50681686,0.15514775,0.8479774,0
1.9314756,-4.8146439,-2.6374607,0.28077209,-0.90032566,0.33253664,0
4.0689859,-1.0045829,-2.6910033,0.50681686,-0.15514775,-0.8479774,0
-1.40416,-1.4895465,4.7400398,-0.50681686,0.15514775,0.8479774,0
1.292976,-2.1536915,-4.1399179,0.50681686,-0.15514775,-0.8479774,0
4.2593217,0.92610657,-2.9304867,0.50681686,-0.15514775,-0.8479774,0
-2.7999008,0.90939283,3.4669232,-0.50681686,0.15514775,0.8479774,0
-3.3687119,3.9166908,1.4198084,-0.28077209,0.90032566,-0.33253664,0
1.6037078,0.61513853,4.7070184,0.81504822,0.40662366,0.4127391,0
-1.5633601,5.1805701,3.424511,-0.50681686,0.15514775,0.8479774,0
0.54700279,4.5182309,2.9484646,0.81504822,0.40662366,0.4127391,0
2.6460662,1.6201574,1.658515,0.81504822,0.40662366,0.4127391,0
2.8997834,4.4303012,-2.482326,-0.28077209,0.90032566,-0.33253664,0
-4.1922512,-3.6709745,3.4152131,-0.81504822,-0.40662366,-0.4127391,0
-2.8390124,-2.9255769,0.0085792542,-0.81504822,-0.40662366,-0.4127391,0
-0.88593721,2.007376,-5.8458538,-0.28077209,0.90032566,-0.33253664,0
-2.775877,-1.3677633,-1.6508284,-0.81504822,-0.40662366,-0.4127391,0
-0.86585093,2.1073759,-5.5920696,-0.28077209,0.90032566,-0.33253664,0
-3.7308164,0.25493154,3.0302768,-0.50681686,0.15514775,0.8479774,0
-3.0943103,-1.8802419,3.8013577,-0.50681686,0.15514775,0.8479774,0
-4.5112076,-1.1143919,1.5263634,-0.81504822,-0.40662366,-0.4127391,0
0.60578489,3.9428372,-1.8652072,-0.28077209,0.90032566,-0.33253664,0
3.5327137,-2.7314975,1.6505687,0.28077209,-0.90032566,0.33253664,0
3.4798036,-3.0958576,0.70875597,0.28077209,-0.90032566,0.33253664,0
-0.14527085,-4.1169953,-4.1370673,-0.81504822,-0.40662366,-0.4127391,0
1.9158807,-1.8153868,5.4960375,0.28077209,-0.90032566,0.33253664,0
1.9975924,-3.6550894,0.44614744,0.28077209,-0.90032566,0.33253664,0
0.83276081,3.3824313,-3.5741208,-0.28077209,0.90032566,-0.33253664,0
1.6977875,3.2610965,1.9144835,0.81504822,0.40662366,0.4127391,0
3.9422131,-3.9543779,-2.2270722,0.50681686,-0.15514775,-0.8479774,0
0.68585193,-4.7285872,-4.0316739,0.50681686,-0.15514775,-0.8479774,0
-0.56396103,0.62771773,4.8548288,-0.50681686,0.15514775,0.8479774,0
-0.49548483,-4.8018398,-0.55362761,0.28077209,-0.90032566,0.33253664,0
-3.4335387,1.7346435,2.937222,-0.50681686,0.15514775,0.8479774,0
-1.2444925,-0.76617122,4.7031202,-0.50681686,0.15514775,0.8479774,0
-2.0888751,-3.480978,-0.92556775,-0.81504822,-0.40662366,-0.4127391,0
-5.0851307,3.1809874,0.8771615,-0.28077209,0.90032566,-0.33253664,0
-2.3337572,-0.98532939,-2.9006629,-0.81504822,-0.40662366,-0.4127391,0
-4.4488802,2.1963255,-1.8583812,-0.81504822,-0.40662366,-0.4127391,0
-3.163558,1.3282409,3.1729398,-0.50681686,0.15514775,0.8479774,0
1.3347654,-3.5223064,1.365298,0.28077209,-0.90032566,0.33253664,0
0.99847507,3.206074,-4.1915159,-0.28077209,0.90032566,-0.33253664,0
1.3194332,0.076683044,5.7988605,0.81504822,0.40662366,0.4127391,0
-1.7980093,-1.8912065,-3.066165,-0.81504822,-0.40662366,-0.4127391,0
2.8473351,-4.5117092,-2.5905719,0.28077209,-0.90032566,0.33253664,0
-3.5751791,3.4713519,0.38840294,-0.28077209,0.90032566,-0.33253664,0
1.8073769,-2.422575,-3.783277,0.50681686,-0.15514775,-0.8479774,0
3.5434957,4.3202572,-3.3237717,-0.28077209,0.90032566,-0.33253664,0
0.44082594,2.843719,-4.7017317,-0.28077209,0.90032566,-0.33253664,0
3.5855439,-0.29949498,1.6945091,0.81504822,0.40662366,0.4127391,0
-5.2206459,0.5965004,1.2417707,-0.81504822,-0.40662366,-0.4127391,0
-2.2520771,2.545718,-3.2348433,-0.28077209,0.90032566,-0.33253664,0
2.4482231,-4.2450724,-1.531683,0.28077209,-0.90032566,0.33253664,0
2.5215881,0.27643466,3.2281382,0.81504822,0.40662366,0.4127391,0
-1.8096077,-1.4632337,-3.4648926,-0.81504822,-0.40662366,-0.4127391,0
1.1395769,1.0693684,5.1760526,0.81504822,0.40662366,0.4127391,0
-0.4351809,4.3879189,0.21875215,-0.28077209,0.90032566,-0.33253664,0
2.9508703,-0.9184258,3.5575778,0.81504822,0.40662366,0.4127391,0
-0.94599956,-3.7519715,-2.9154603,-0.81504822,-0.40662366,-0.4127391,0
-0.714046,-0.47941303,-5.6457987,0.50681686,-0.15514775,-0.8479774,0
-1.8593576,-1.2365141,-3.5900106,-0.81504822,-0.40662366,-0.4127391,0
-1.8165774,1.2051454,-6.0799708,-0.81504822,-0.40662366,-0.4127391,0
2.3165684,-2.9709935,-3.3786049,0.50681686,-0.15514775,-0.8479774,0
3.4040127,0.062494643,-3.2836771,0.50681686,-0.15514775,-0.8479774,0
0.75203896,-1.0980645,-4.6563635,0.50681686,-0.15514775,-0.8479774,0
2.831749,-0.046156883,-3.6058264,0.50681686,-0.15514775,-0.8479774,0
0.75968504,0.61768961,-4.9657116,0.50681686,-0.15514775,-0.8479774,0
-1.9638504,-0.80952346,4.2811069,-0.50681686,0.15514775,0.8479774,0
3.7230155,-3.0712061,0.57014751,0.28077209,-0.90032566,0.33253664,0
-2.0854702,-1.7318645,4.377172,-0.50681686,0.15514775,0.8479774,0
1.2979069,-0.41799545,6.1589508,-0.50681686,0.15514775,0.8479774,0
5.5101476,-1.7073087,-1.7010813,0.50681686,-0.15514775,-0.8479774,0
-4.9742498,2.2928109,1.9142509,-0.50681686,0.15514775,0.8479774,0
-0.9134047,0.35044193,4.6967053,-0.50681686,0.15514775,0.8479774,0
-3.4629445,-2.9786663,1.292979,-0.81504822,-0.40662366,-0.4127391,0
-1.4448862,3.9338293,3.7234263,-0.50681686,0.15514775,0.8479774,0
2.4403362,-0.595285,-3.7392955,0.50681686,-0.15514775,-0.8479774,0
-1.4559133,-1.5499775,-4.0778847,-0.81504822,-0.40662366,-0.4127391,0
-3.2961354,1.5554297,-3.5033379,-0.81504822,-0.40662366,-0.4127391,0
5.154984,-1.8052292,0.078713417,0.81504822,0.40662366,0.4127391,0
2.3618801,-4.6921825,-2.6693091,0.28077209,-0.90032566,0.33253664,0
0.66371703,-2.9004958,-4.379375,0.50681686,-0.15514775,-0.8479774,0
-4.5988083,-2.3912151,2.9572558,-0.81504822,-0.40662366,-0.4127391,0
1.3609802,-0.28843665,-4.4405432,0.50681686,-0.15514775,-0.8479774,0
2.5949979,0.67136401,-3.8786077,0.50681686,-0.15514775,-0.8479774,0
-3.5395682,3.7013447,2.5140176,-0.50681686,0.15514775,0.8479774,0
-1.548842,0.40111876,-5.8165646,-0.81504822,-0.40662366,-0.4127391,0
-1.3320029,-2.3424168,4.9392099,-0.50681686,0.15514775,0.8479774,0
0.24777794,4.518671,-0.0038892031,-0.28077209,0.90032566,-0.33253664,0
-0.28899646,-4.4859614,0.12725091,0.28077209,-0.90032566,0.33253664,0
-0.044380903,-5.2139931,-3.2555537,-0.81504822,-0.40662366,-0.4127391,0
0.75825548,4.5199099,2.5296438,0.81504822,0.40662366,0.4127391,0
-3.1993432,-0.36698318,-1.8005481,-0.81504822,-0.40662366,-0.4127391,0
-4.8598075,-0.27697659,1.3897471,-0.81504822,-0.40662366,-0.4127391,0
-0.22283888,-0.70263004,5.3021135,-0.50681686,0.15514775,0.8479774,0
4.6502495,-1.9311664,1.1994991,0.81504822,0.40662366,0.4127391,0
-2.6202278,2.2821531,3.3231459,-0.50681686,0.15514775,0.8479774,0
2.4591172,4.0246377,-0.34116417,0.81504822,0.40662366,0.4127391,0
2.7995691,-2.369633,3.2493172,0.28077209,-0.90032566,0.33253664,0
-1.670578,0.97474301,4.1299362,-0.50681686,0.15514775,0.8479774,0
2.6029034,4.2842093,-0.88082922,0.81504822,0.40662366,0.4127391,0
0.26520252,-4.1491017,0.57135177,0.28077209,-0.90032566,0.33253664,0
-0.47728419,5.1041923,2.1935732,-0.28077209,0.90032566,-0.33253664,0
-0.3898077,3.0121315,-3.5444305,-0.28077209,0.90032566,-0.33253664,0
0.72699142,0.95694423,5.5661659,-0.50681686,0.15514775,0.8479774,0
-5.843708,2.0559771,1.0342979,-0.81504822,-0.40662366,-0.4127391,0
-1.7316642,4.1953397,3.504179,-0.50681686,0.15514775,0.8479774,0
2.6910305,3.65483,-0.43480253,0.81504822,0.40662366,0.4127391,0
-2.3216369,-3.0014889,-0.93831044,-0.81504822,-0.40662366,-0.4127391,0
-4.3504348,-3.1071568,3.2750797,-0.50681686,0.15514775,0.8479774,0
3.6715,-3.9216349,-1.688848,0.28077209,-0.90032566,0.33253664,0
0.78421843,4.8413572,2.1616895,0.81504822,0.40662366,0.4127391,0
-4.5106506,-1.0376419,1.4496503,-0.81504822,-0.40662366,-0.4127391,0
3.0017347,1.5787619,0.99694777,0.81504822,0.40662366,0.4127391,0
-0.41174895,3.1342192,4.4872079,-0.50681686,0.15514775,0.8479774,0
-1.6913007,-1.2816265,-3.8774343,-0.81504822,-0.40662366,-0.4127391,0
-1.257158,-4.1652708,-1.8938302,-0.81504822,-0.40662366,-0.4127391,0
-0.20744944,-4.3179426,0.51330107,0.28077209,-0.90032566,0.33253664,0
3.1796198,4.3052511,-2.0404179,0.81504822,0.40662366,0.4127391,0
0.26865959,-5.2938981,-3.7950034,-0.81504822,-0.40662366,-0.4127391,0
2.8585286,-2.9707341,1.572086,0.28077209,-0.90032566,0.33253664,0
-1.1457553,-4.7021294,0.26537782,0.28077209,-0.90032566,0.33253664,0
3.874022,4.3582058,-3.5001032,-0.28077209,0.90032566,-0.33253664,0
3.2786407,-3.8202062,-2.6482215,0.50681686,-0.15514775,-0.8479774,0
-0.3242259,5.1589098,2.2124865,-0.28077209,0.90032566,-0.33253664,0
-2.0862942,-0.43225455,-3.9342155,-0.81504822,-0.40662366,-0.4127391,0
0.036359787,2.036144,4.9559383,-0.50681686,0.15514775,0.8479774,0
-3.4690917,-3.8123305,2.1264293,-0.81504822,-0.40662366,-0.4127391,0
-4.1379571,-2.2266908,1.8851128,-0.81504822,-0.40662366,-0.4127391,0
-3.2724447,-4.3069487,2.2253947,-0.81504822,-0.40662366,-0.4127391,0
2.3654737,3.7508497,-3.8707683,-0.28077209,0.90032566,-0.33253664,0
-4.7739458,-1.3171917,2.2449961,-0.81504822,-0.40662366,-0.4127391,0
-4.5533876,-1.7346128,2.9026556,-0.50681686,0.15514775,0.8479774,0
-3.5557711,3.8370037,1.362,-0.28077209,0.90032566,-0.33253664,0
4.0367155,4.1922431,-3.6611128,0.50681686,-0.15514775,-0.8479774,0
-1.947156,-1.8689058,-2.793611,-0.81504822,-0.40662366,-0.4127391,0
0.93932205,3.6906979,2.9890113,0.81504822,0.40662366,0.4127391,0
-4.2080827,0.43544626,-0.59909964,-0.81504822,-0.40662366,-0.4127391,0
4.112751,-0.92068672,1.2654052,0.81504822,0.40662366,0.4127391,0
1.7335496,-3.9058805,-0.0099160671,0.28077209,-0.90032566,0.33253664,0
-3.153553,2.0376649,3.0491214,-0.50681686,0.15514775,0.8479774,0
-1.2608461,-1.8049247,-4.2119203,-0.81504822,-0.40662366,-0.4127391,0
-4.6850014,2.0845122,2.1252384,-0.50681686,0.15514775,0.8479774,0
-1.4938439,-4.5887036,-1.0092813,-0.81504822,-0.40662366,-0.4127391,0
1.9098387,2.0211513,-4.5350709,0.50681686,-0.15514775,-0.8479774,0
-1.4556458,5.1005831,3.0098672,-0.28077209,0.90032566,-0.33253664,0
-0.58798695,1.7111232,4.6422472,-0.50681686,0.15514775,0.8479774,0
-1.3468552,-1.7412328,4.8203392,-0.50681686,0.15514775,0.8479774,0
2.4832349,4.5717368,-1.7476902,-0.28077209,0.90032566,-0.33253664,0
0.63075805,4.5798326,2.7223816,0.81504822,0.40662366,0.4127391,0
3.5513954,4.4156699,-3.0721178,-0.28077209,0.90032566,-0.33253664,0
-4.1210871,2.3643985,-2.147687,-0.28077209,0.90032566,-0.33253664,0
2.5319304,-0.9854641,4.4509168,0.81504822,0.40662366,0.4127391,0
-2.7335813,-1.6936364,3.982816,-0.50681686,0.15514775,0.8479774,0
-0.56857157,-3.2229137,3.7829421,0.28077209,-0.90032566,0.33253664,0
4.559957,2.1850305,-2.6774063,0.81504822,0.40662366,0.4127391,0
2.566349,2.2304943,1.2146415,0.81504822,0.40662366,0.4127391,0
-1.9870799,2.7707639,3.6121664,-0.50681686,0.15514775,0.8479774,0
3.5722053,-2.8475919,-2.6507163,0.50681686,-0.15514775,-0.8479774,0
-2.8061693,2.8558345,-1.9273791,-0.28077209,0.90032566,-0.33253664,0
3.5373559,-2.2617543,2.9184537,0.28077209,-0.90032566,0.33253664,0
-2.0049787,-4.2196569,-0.36350659,-0.81504822,-0.40662366,-0.4127391,0
-0.514539,-4.8196745,-0.58582616,0.28077209,-0.90032566,0.33253664,0
-0.904239,-3.0525508,-3.6869829,-0.81504822,-0.40662366,-0.4127391,0
2.8177762,-0.86325717,3.7660513,0.81504822,0.40662366,0.4127391,0
-5.1187329,-0.56176865,2.1816258,-0.81504822,-0.40662366,-0.4127391,0
2.4168596,4.492187,-0.71833926,0.81504822,0.40662366,0.4127391,0
2.1877179,-3.4072173,-3.3758035,0.50681686,-0.15514775,-0.8479774,0
1.9744939,4.531528,0.11645609,0.81504822,0.40662366,0.4127391,0
-0.46553326,3.0201328,-3.4588296,-0.28077209,0.90032566,-0.33253664,0
4.3239355,-3.0180223,-2.1702428,0.50681686,-0.15514775,-0.8479774,0
1.3992758,3.7185376,-3.1424577,-0.28077209,0.90032566,-0.33253664,0
4.2805362,2.1140766,-3.1351614,0.50681686,-0.15514775,-0.8479774,0
-4.9501047,2.3628662,-1.0326684,-0.81504822,-0.40662366,-0.4127391,0
1.1546259,-3.3109801,2.0895512,0.28077209,-0.90032566,0.33253664,0
0.70740151,0.65047455,5.6105299,-0.50681686,0.15514775,0.8479774,0
5.6130109,-2.894341,-1.4224205,0.50681686,-0.15514775,-0.8479774,0
-4.1977191,-2.6450331,2.415271,-0.81504822,-0.40662366,-0.4127391,0
-4.1456189,-3.5225642,3.4734979,-0.50681686,0.15514775,0.8479774,0
1.7865212,-0.4924829,-4.1488757,0.50681686,-0.15514775,-0.8479774,0
-2.6507983,-1.6261979,-1.643219,-0.81504822,-0.40662366,-0.4127391,0
-4.9179277,1.5904632,-0.33525085,-0.81504822,-0.40662366,-0.4127391,0
-0.29486597,3.7432034,4.4456449,-0.50681686,0.15514775,0.8479774,0
-0.31146795,-3.9118454,-4.0109835,-0.81504822,-0.40662366,-0.4127391,0
-2.4930916,1.2338933,3.5909238,-0.50681686,0.15514775,0.8479774,0
4.6336594,-1.7257316,-2.2215676,0.50681686,-0.15514775,-0.8479774,0
5.0333047,-2.9161816,-0.11645508,0.28077209,-0.90032566,0.33253664,0
-4.6274247,3.3440471,0.93217802,-0.28077209,0.90032566,-0.33253664,0
1.8525734,-2.1307127,4.6957617,0.28077209,-0.90032566,0.33253664,0
-0.68650544,-5.0226178,-2.1760714,-0.81504822,-0.40662366,-0.4127391,0
-0.32480001,1.9754605,-5.8623047,0.50681686,-0.15514775,-0.8479774,0
-2.3592553,4.4650984,2.0522738,-0.28077209,0.90032566,-0.33253664,0
5.4426622,-2.3356996,0.033236504,0.81504822,0.40662366,0.4127391,0
-4.5843372,-1.4133018,1.9652548,-0.81504822,-0.40662366,-0.4127391,0
-0.58964682,-5.0364547,-1.1093304,0.28077209,-0.90032566,0.33253664,0
0.74726915,-0.68923497,5.8794737,-0.50681686,0.15514775,0.8479774,0
0.68840051,-4.9323578,-1.9065936,0.28077209,-0.90032566,0.33253664,0
-3.3070455,-4.0263557,3.9198527,0.28077209,-0.90032566,0.33253664,0
0.74533176,-0.91516447,5.9196525,-0.50681686,0.15514775,0.8479774,0
-1.1218104,2.015801,-5.6238871,-0.28077209,0.90032566,-0.33253664,0
1.4273329,3.3705506,-4.108304,-0.28077209,0.90032566,-0.33253664,0
2.1009698,0.19598377,-4.0868993,0.50681686,-0.15514775,-0.8479774,0
3.3576918,-2.7059639,1.8674766,0.28077209,-0.90032566,0.33253664,0
-1.7022533,1.5500879,-6.3946953,-0.28077209,0.90032566,-0.33253664,0
-5.3656883,3.1249642,0.9623661,-0.28077209,0.90032566,-0.33253664,0
0.94963408,-2.6050181,4.1739874,0.28077209,-0.90032566,0.33253664,0
3.2203324,-1.259614,3.3615961,0.81504822,0.40662366,0.4127391,0
-1.9529154,-0.38428414,4.2098403,-0.50681686,0.15514775,0.8479774,0
0.51794362,3.9672599,-1.724916,-0.28077209,0.90032566,-0.33253664,0
0.83113909,-4.7684059,-1.5832226,0.28077209,-0.90032566,0.33253664,0
-3.3559194,-1.1599472,-0.71013832,-0.81504822,-0.40662366,-0.4127391,0
-5.9640174,2.962966,1.0289536,-0.28077209,0.90032566,-0.33253664,0
4.1426229,2.0496802,-1.7199392,0.81504822,0.40662366,0.4127391,0
0.71386957,-0.98059535,5.9128199,-0.50681686,0.15514775,0.8479774,0
2.0278697,3.3802521,-4.5890923,-0.28077209,0.90032566,-0.33253664,0
4.0780725,-2.8382072,0.90119362,0.28077209,-0.90032566,0.33253664,0
3.1885624,4.3039393,-2.0567842,0.81504822,0.40662366,0.4127391,0
0.45352614,4.4785342,3.1721644,0.81504822,0.40662366,0.4127391,0
-0.95219004,3.5947371,4.0799408,-0.50681686,0.15514775,0.8479774,0
0.72629642,2.4857395,4.5967846,0.81504822,0.40662366,0.4127391,0
0.29728675,-4.3132892,0.099732518,0.28077209,-0.90032566,0.33253664,0
4.1015277,-2.5562382,1.6448047,0.28077209,-0.90032566,0.33253664,0
-2.3070078,-4.4931107,1.8117708,0.28077209,-0.90032566,0.33253664,0
1.7294668,3.6442342,1.4744648,0.81504822,0.40662366,0.4127391,0
-4.7579145,-0.71257317,2.5934205,-0.50681686,0.15514775,0.8479774,0
-0.31214845,-4.0046062,-3.9182529,-0.81504822,-0.40662366,-0.4127391,0
0.98094416,-5.0623808,-2.5056295,0.28077209,-0.90032566,0.33253664,0
3.905834,1.1529394,-0.36889052,0.81504822,0.40662366,0.4127391,0
-2.4833755,-2.5648599,-1.0490798,-0.81504822,-0.40662366,-0.4127391,0
-5.5032744,1.3396022,1.0677943,-0.81504822,-0.40662366,-0.4127391,0
-2.056097,-3.0592334,4.6375856,-0.50681686,0.15514775,0.8479774,0
-1.1537197,4.3850775,0.81774592,-0.28077209,0.90032566,-0.33253664,0
1.8879129,-2.4069722,-3.7379966,0.50681686,-0.15514775,-0.8479774,0
0.50942242,4.2765522,3.2607741,0.81504822,0.40662366,0.4127391,0
-1.6283724,-3.6723943,-1.6463559,-0.81504822,-0.40662366,-0.4127391,0
3.2040589,-3.8478355,-1.0943627,0.28077209,-0.90032566,0.33253664,0
-2.438237,4.6993494,2.7531834,-0.28077209,0.90032566,-0.33253664,0
2.9526999,1.5031121,1.1683077,0.81504822,0.40662366,0.4127391,0
-0.22782671,1.9884443,4.8067675,-0.50681686,0.15514775,0.8479774,0
3.8940699,0.35834956,0.43715692,0.81504822,0.40662366,0.4127391,0
-1.2973356,2.7541895,-3.4765379,-0.28077209,0.90032566,-0.33253664,0
0.044630766,4.6405516,0.49761939,-0.28077209,0.90032566,-0.33253664,0
2.1821077,4.5383759,-1.5837598,-0.28077209,0.90032566,-0.33253664,0
-2.0430579,3.0625296,-2.0120838,-0.28077209,0.90032566,-0.33253664,0
-0.91835511,-4.5295978,-2.2039454,-0.81504822,-0.40662366,-0.4127391,0
0.98434711,5.020112,1.5903833,0.81504822,0.40662366,0.4127391,0
2.364641,3.6137826,-4.241169,-0.28077209,0.90032566,-0.33253664,0
2.4681158,-1.5648754,-3.5452943,0.50681686,-0.15514775,-0.8479774,0
-1.7809706,5.0378089,3.1145921,-0.28077209,0.90032566,-0.33253664,0
-3.1746123,1.55407,3.1250148,-0.50681686,0.15514775,0.8479774,0
0.45886087,3.6236658,-2.605294,-0.28077209,0.90032566,-0.33253664,0
1.3352478,4.7802186,-0.21395147,-0.28077209,0.90032566,-0.33253664,0
0.91196632,-3.4762805,1.8468959,0.28077209,-0.90032566,0.33253664,0
2.1052473,-4.0610442,-0.74385023,0.28077209,-0.90032566,0.33253664,0
3.1958494,-3.9358406,-1.3257008,0.28077209,-0.90032566,0.33253664,0
1.4736707,-4.6639829,-1.8430133,0.28077209,-0.90032566,0.33253664,0
1.8648725,2.1618466,-4.5876884,0.50681686,-0.15514775,-0.8479774,0
5.0097961,0.5502758,-1.9551821,0.81504822,0.40662366,0.4127391,0
3.3520112,0.63943064,-3.4203143,0.50681686,-0.15514775,-0.8479774,0
1.3883423,-0.32760596,-4.4170246,0.50681686,-0.15514775,-0.8479774,0
-0.092875034,-3.7570486,-4.595149,-0.81504822,-0.40662366,-0.4127391,0
4.3954058,1.9405882,-2.1116409,0.81504822,0.40662366,0.4127391,0
2.722569,0.8636179,2.2527723,0.81504822,0.40662366,0.4127391,0
3.7104888,2.9945142,-3.6369524,0.50681686,-0.15514775,-0.8479774,0
1.2940428,1.5533481,-4.8175282,0.50681686,-0.15514775,-0.8479774,0
0.21373987,3.3544991,-3.127084,-0.28077209,0.90032566,-0.33253664,0
2.0015671,-3.5940652,0.60801148,0.28077209,-0.90032566,0.33253664,0
-0.21275806,-1.4813983,-5.1628652,0.50681686,-0.15514775,-0.8479774,0
-0.98823345,-5.0037556,-1.5988226,-0.81504822,-0.40662366,-0.4127391,0
1.7557418,2.020124,3.0226245,0.81504822,0.40662366,0.4127391,0
2.6888838,-0.93523544,-3.5285468,0.50681686,-0.15514775,-0.8479774,0
-2.9954953,-3.2968931,4.1196113,-0.50681686,0.15514775,0.8479774,0
3.6044216,-2.6045506,-2.6759286,0.50681686,-0.15514775,-0.8479774,0
-3.5747466,0.47632861,-1.8900442,-0.81504822,-0.40662366,-0.4127391,0
-4.4266448,2.6941304,-0.99696159,-0.28077209,0.90032566,-0.33253664,0
1.3876975,-4.6941776,-1.8521733,0.28077209,-0.90032566,0.33253664,0
2.091764,-2.3395882,-3.6284885,0.50681686,-0.15514775,-0.8479774,0
3.9559035,3.8266659,-3.1018748,0.81504822,0.40662366,0.4127391,0
1.0087228,2.876327,-5.0929422,-0.28077209,0.90032566,-0.33253664,0
1.8213172,1.3490095,-4.4650011,0.50681686,-0.15514775,-0.8479774,0
5.139401,0.36437654,-2.0279732,0.81504822,0.40662366,0.4127391,0
0.51805961,-4.8331151,-4.112834,0.50681686,-0.15514775,-0.8479774,0
0.31532955,-0.13218784,-5.0940933,0.50681686,-0.15514775,-0.8479774,0
4.4191823,-3.7425976,-1.8354087,0.28077209,-0.90032566,0.33253664,0
-5.0081606,-0.21879721,1.6253853,-0.81504822,-0.40662366,-0.4127391,0
-4.5219574,1.9224436,-1.4442477,-0.81504822,-0.40662366,-0.4127391,0
-0.78658676,-5.1503744,-1.2514796,0.28077209,-0.90032566,0.33253664,0
-2.3749149,2.7583985,3.3826289,-0.50681686,0.15514775,0.8479774,0
0.75437415,2.4282084,4.5980167,0.81504822,0.40662366,0.4127391,0
0.050201654,-5.3883042,-2.6021914,0.28077209,-0.90032566,0.33253664,0
1.8714838,-2.4414732,3.8384287,0.28077209,-0.90032566,0.33253664,0
-1.5475738,-4.5469341,1.0248313,0.28077209,-0.90032566,0.33253664,0
-2.2812078,4.5639925,2.2541256,-0.28077209,0.90032566,-0.33253664,0
3.2352154,1.9364884,-3.7274337,0.50681686,-0.15514775,-0.8479774,0
-2.7933061,-0.7660774,3.7774119,-0.50681686,0.15514775,0.8479774,0
-3.2543957,-2.9387677,0.84184384,-0.81504822,-0.40662366,-0.4127391,0
3.0324783,-2.0006866,4.0515676,0.28077209,-0.90032566,0.33253664,0
0.77139437,-4.8076038,-3.9660897,0.50681686,-0.15514775,-0.8479774,0
4.2049408,-1.1617887,1.3208853,0.81504822,0.40662366,0.4127391,0
3.8809514,-2.1980331,-2.585031,0.50681686,-0.15514775,-0.8479774,0
-3.6625605,0.83230591,-2.0673389,-0.81504822,-0.40662366,-0.4127391,0
-1.4659301,-0.0054935217,4.4315968,-0.50681686,0.15514775,0.8479774,0
2.4950681,-1.8986206,4.7816606,0.28077209,-0.90032566,0.33253664,0
-0.17376915,4.1329169,4.4467192,-0.50681686,0.15514775,0.8479774,0
1.13212,-0.46459436,-4.5450993,0.50681686,-0.15514775,-0.8479774,0
-1.7399904,0.768448,4.1261945,-0.50681686,0.15514775,0.8479774,0
2.5625432,-3.1075046,1.4516981,0.28077209,-0.90032566,0.33253664,0
3.3630629,1.8746526,-0.0080842972,0.81504822,0.40662366,0.4127391,0
0.12905812,-5.2891278,-2.4002576,0.28077209,-0.90032566,0.33253664,0
-5.1517763,-0.024613857,1.7176828,-0.81504822,-0.40662366,-0.4127391,0
-1.3419892,5.2274647,3.5482388,-0.50681686,0.15514775,0.8479774,0
0.35349822,-0.3694911,-5.0278635,0.50681686,-0.15514775,-0.8479774,0
-4.5624557,1.3640332,2.3303013,-0.50681686,0.15514775,0.8479774,0
4.1982417,3.3502731,-3.1110926,0.81504822,0.40662366,0.4127391,0
0.73449588,4.2757969,-1.0724105,-0.28077209,0.90032566,-0.33253664,0
1.8198199,-1.2881546,6.1553483,0.81504822,0.40662366,0.4127391,0
-1.0623877,2.0385132,4.2988086,-0.50681686,0.15514775,0.8479774,0
0.19595242,-3.481708,2.4367549,0.28077209,-0.90032566,0.33253664,0
-2.016547,3.4943917,-0.86522377,-0.28077209,0.90032566,-0.33253664,0
