-4.3468986,3.6113262,1.5826042,-0.23282671,0.64805096,0.72513562,0
-5.5020552,0.8492775,0.90044498,-0.86730212,-0.47569016,0.146649,0
-2.6175983,-4.6819124,0.017811775,-0.86730212,-0.47569016,0.146649,0
5.2612123,0.79304862,3.2057717,0.43997589,-0.59476781,0.67280936,0
-0.31893015,-5.665832,-1.2446051,0.23282671,-0.64805096,-0.72513562,0
-5.3830204,1.2616701,-1.3097324,-0.43997589,0.59476781,-0.67280936,0
1.1239154,-5.5726695,0.2839731,0.43997589,-0.59476781,0.67280936,0
5.7154388,-1.4119551,0.95949841,0.43997589,-0.59476781,0.67280936,0
2.8490832,4.2534027,-0.038748264,0.86730212,0.47569016,-0.146649,0
0.29899168,-6.3779006,0.11159272,0.43997589,-0.59476781,0.67280936,0
-2.2429194,1.7943068,3.8820133,-0.23282671,0.64805096,0.72513562,0
-2.852098,-4.8667641,-1.9686623,-0.86730212,-0.47569016,0.146649,0
3.8799272,1.2338092,-3.7369518,0.86730212,0.47569016,-0.146649,0
4.3742085,1.4740541,-0.034413338,0.86730212,0.47569016,-0.146649,0
-2.1431754,3.3157959,2.5542903,-0.23282671,0.64805096,0.72513562,0
3.4335582,0.83043957,4.4339991,0.43997589,-0.59476781,0.67280936,0
2.6742878,0.53702259,4.6711326,0.43997589,-0.59476781,0.67280936,0
-5.1387563,0.70582056,2.5837045,-0.86730212,-0.47569016,0.146649,0
2.2048471,-2.2145603,-3.5186582,0.23282671,-0.64805096,-0.72513562,0
-1.9138794,5.687943,0.33451724,-0.43997589,0.59476781,-0.67280936,0
-4.3620348,-2.4725833,-3.1325541,-0.86730212,-0.47569016,0.146649,0
-2.7539575,-0.47695774,5.7477503,-0.23282671,0.64805096,0.72513562,0
-3.176301,-2.0044248,5.3986197,-0.86730212,-0.47569016,0.146649,0
0.42349625,-0.26773417,5.4316015,0.43997589,-0.59476781,0.67280936,0
3.0794792,1.4535809,5.2164059,0.43997589,-0.59476781,0.67280936,0
4.7392273,1.3013909,3.996495,0.43997589,-0.59476781,0.67280936,0
-4.308773,1.6068102,3.3862736,-0.23282671,0.64805096,0.72513562,0
-3.9175334,-3.4975789,-3.8285193,-0.86730212,-0.47569016,0.146649,0
3.3146267,-1.1778879,2.7363985,0.43997589,-0.59476781,0.67280936,0
-0.059264183,4.9404335,1.7714604,-0.23282671,0.64805096,0.72513562,0
1.6783006,-1.0040691,3.9601116,0.43997589,-0.59476781,0.67280936,0
-3.9412007,-2.4796858,-0.66671872,-0.86730212,-0.47569016,0.146649,0
-3.7594991,-2.3445354,0.8462801,-0.86730212,-0.47569016,0.146649,0
3.1701696,-2.8889441,1.3182793,0.43997589,-0.59476781,0.67280936,0
4.5416174,1.3000987,0.39139843,0.86730212,0.47569016,-0.146649,0
2.8217769,3.5137475,3.97153,-0.23282671,0.64805096,0.72513562,0
0.92257595,-4.6962872,1.190364,0.43997589,-0.59476781,0.67280936,0
-4.6464496,-1.1781616,-0.61585999,-0.86730212,-0.47569016,0.146649,0
5.0166101,0.20127821,-0.36370945,0.86730212,0.47569016,-0.146649,0
-3.0412431,-4.6752148,-3.0039968,0.23282671,-0.64805096,-0.72513562,0
3.8916972,1.1911755,-3.8056366,0.86730212,0.47569016,-0.146649,0
4.0822783,-0.55522203,-4.398797,0.23282671,-0.64805096,-0.72513562,0
-4.9849005,0.56430078,3.0345788,-0.86730212,-0.47569016,0.146649,0
-1.1764183,-5.5028648,-1.6655706,0.23282671,-0.64805096,-0.72513562,0
2.8658161,-3.6642866,-2.0108199,0.23282671,-0.64805096,-0.72513562,0
3.5733728,2.2677386,-2.1961651,0.86730212,0.47569016,-0.146649,0
-5.4630404,0.23353505,-0.86612082,-0.86730212,-0.47569016,0.146649,0
-0.67529583,4.2461195,2.194171,-0.23282671,0.64805096,0.72513562,0
-2.9473801,2.0457077,3.4311495,-0.23282671,0.64805096,0.72513562,0
2.9317937,-0.5467577,3.5446706,0.43997589,-0.59476781,0.67280936,0
4.8261795,-0.34169626,-3.2512035,0.86730212,0.47569016,-0.146649,0
2.6449051,1.0544065,-6.2988286,0.23282671,-0.64805096,-0.72513562,0
2.2930951,4.0798893,-3.838115,-0.43997589,0.59476781,-0.67280936,0
1.0720739,3.0691681,3.8070536,-0.23282671,0.64805096,0.72513562,0
-2.3342109,3.0523052,-1.7205325,-0.43997589,0.59476781,-0.67280936,0
-4.5842733,-0.92933679,-3.7689285,-0.43997589,0.59476781,-0.67280936,0
-2.8115225,5.0359726,0.80238199,-0.23282671,0.64805096,0.72513562,0
-2.4917259,-4.4867868,1.3951719,-0.86730212,-0.47569016,0.146649,0
3.2292295,2.9485993,-2.0229452,0.86730212,0.47569016,-0.146649,0
3.5897052,3.6061618,2.2419152,0.86730212,0.47569016,-0.146649,0
-0.94532585,0.87312317,-4.5551891,-0.43997589,0.59476781,-0.67280936,0
4.5820055,0.58589005,-1.6864419,0.86730212,0.47569016,-0.146649,0
-1.4681764,-4.8344741,-2.3565869,0.23282671,-0.64805096,-0.72513562,0
4.8546271,-3.3895905,-0.22582626,0.43997589,-0.59476781,0.67280936,0
-2.318109,-3.5458777,-3.7810977,0.23282671,-0.64805096,-0.72513562,0
5.0349803,1.0191026,2.3977368,0.86730212,0.47569016,-0.146649,0
5.7331643,-1.9624586,0.46125793,0.43997589,-0.59476781,0.67280936,0
0.85242128,-1.3550507,-4.7210364,0.23282671,-0.64805096,-0.72513562,0
2.3035922,4.6856141,-1.8628769,0.86730212,0.47569016,-0.146649,0
-2.9727652,-0.11675644,-4.1044288,-0.43997589,0.59476781,-0.67280936,0
3.0619066,2.2335687,-5.3318839,0.86730212,0.47569016,-0.146649,0
-3.0684428,-3.1220396,2.4112647,-0.86730212,-0.47569016,0.146649,0
4.3427992,0.14327431,-4.5368705,0.86730212,0.47569016,-0.146649,0
-4.872735,-0.77895498,-0.65922451,-0.86730212,-0.47569016,0.146649,0
-0.92539406,1.4248949,-4.0804534,-0.43997589,0.59476781,-0.67280936,0
3.8950725,-0.59018576,-4.4276586,0.23282671,-0.64805096,-0.72513562,0
-1.1974521,5.2027779,-0.56287116,-0.43997589,0.59476781,-0.67280936,0
1.2533975,4.8980393,-2.434967,-0.43997589,0.59476781,-0.67280936,0
-3.5414023,1.9187639,-1.9331617,-0.43997589,0.59476781,-0.67280936,0
2.8862514,2.7220793,-4.7861342,0.86730212,0.47569016,-0.146649,0
4.9601212,-2.2449281,-2.6068554,0.23282671,-0.64805096,-0.72513562,0
-3.2306395,3.6861062,1.8741815,-0.23282671,0.64805096,0.72513562,0
-5.0417614,0.12508798,1.2736082,-0.86730212,-0.47569016,0.146649,0
-2.9358275,-3.3020427,2.6116872,-0.86730212,-0.47569016,0.146649,0
1.6743509,-1.9874332,3.0933948,0.43997589,-0.59476781,0.67280936,0
2.268909,4.2417936,3.1433625,-0.23282671,0.64805096,0.72513562,0
-2.2119107,-5.4610457,-2.0354202,0.23282671,-0.64805096,-0.72513562,0
3.7731466,2.0345199,-1.7711749,0.86730212,0.47569016,-0.146649,0
2.4591544,0.11927585,-5.5227466,0.23282671,-0.64805096,-0.72513562,0
-0.26150417,0.74566936,-5.1150365,-0.43997589,0.59476781,-0.67280936,0
-1.3572426,0.63518357,5.202291,-0.23282671,0.64805096,0.72513562,0
2.4084146,-4.4009905,-1.4992931,0.23282671,-0.64805096,-0.72513562,0
-2.6643205,-4.1677036,1.4094458,-0.86730212,-0.47569016,0.146649,0
3.4842503,1.9616377,-3.7161572,0.86730212,0.47569016,-0.146649,0
-4.1129079,-0.69715196,4.0998459,-0.86730212,-0.47569016,0.146649,0
-4.6941304,4.0514703,1.0777597,-0.23282671,0.64805096,0.72513562,0
5.3152418,-2.9799922,-0.16495275,0.43997589,-0.59476781,0.67280936,0
1.1029896,-1.8194528,3.6155257,0.43997589,-0.59476781,0.67280936,0
2.9530618,-3.8139563,-1.8490474,0.23282671,-0.64805096,-0.72513562,0
-2.0257416,2.2031708,-2.6728933,-0.43997589,0.59476781,-0.67280936,0
-1.4686179,-2.7713997,-4.2004905,0.23282671,-0.64805096,-0.72513562,0
-0.41126299,-6.6695924,-0.37719455,0.23282671,-0.64805096,-0.72513562,0
5.690341,-1.6676202,-2.4413791,0.86730212,0.47569016,-0.146649,0
0.21154881,-2.0838747,-4.2754612,0.23282671,-0.64805096,-0.72513562,0
1.6135683,-2.2960012,-3.6357234,0.23282671,-0.64805096,-0.72513562,0
-1.6119947,5.2092295,-0.28608239,-0.43997589,0.59476781,-0.67280936,0
-1.5225208,1.4587722,-3.6600218,-0.43997589,0.59476781,-0.67280936,0
-3.2159171,-2.2474098,4.3761482,-0.86730212,-0.47569016,0.146649,0
-1.2090294,4.7134748,-0.98784769,-0.43997589,0.59476781,-0.67280936,0
1.6863804,6.5615902,0.57201183,0.86730212,0.47569016,-0.146649,0
-1.8484066,2.8865938,3.0325108,-0.23282671,0.64805096,0.72513562,0
-3.2492106,3.9127362,1.6656806,-0.23282671,0.64805096,0.72513562,0
3.1515713,3.3778358,-1.0898988,0.86730212,0.47569016,-0.146649,0
-3.4950485,-2.5827198,1.6376698,-0.86730212,-0.47569016,0.146649,0
-4.4598374,-0.73788977,-3.681061,-0.43997589,0.59476781,-0.67280936,0
-0.69610023,-5.0466194,-1.9190946,0.23282671,-0.64805096,-0.72513562,0
5.0337687,-3.1439571,-1.7797499,0.23282671,-0.64805096,-0.72513562,0
-0.85693121,-6.6610069,-0.52796263,0.23282671,-0.64805096,-0.72513562,0
-3.6691029,2.0462646,-1.7369423,-0.43997589,0.59476781,-0.67280936,0
0.27083284,-3.2293291,2.9133646,0.43997589,-0.59476781,0.67280936,0
1.4836311,0.15409631,-5.8670869,0.23282671,-0.64805096,-0.72513562,0
5.9155855,-3.0953343,-0.65950441,0.43997589,-0.59476781,0.67280936,0
-0.87893343,0.36417007,5.5980706,-0.23282671,0.64805096,0.72513562,0
5.1788087,0.13575387,0.38301229,0.86730212,0.47569016,-0.146649,0
0.22907209,1.8025653,4.6683407,-0.23282671,0.64805096,0.72513562,0
-1.0135202,-4.330616,-2.660902,0.23282671,-0.64805096,-0.72513562,0
-0.61796713,-6.7435651,0.38797772,0.43997589,-0.59476781,0.67280936,0
6.2766724,-2.0410116,-0.1849184,0.86730212,0.47569016,-0.146649,0
-1.7508616,2.0730202,3.7909184,-0.23282671,0.64805096,0.72513562,0
-1.5850768,-6.6576114,-0.284356,-0.86730212,-0.47569016,0.146649,0
2.5728359,4.853847,2.6939571,-0.23282671,0.64805096,0.72513562,0
-2.5772119,-3.8670619,2.8998191,-0.86730212,-0.47569016,0.146649,0
1.1263425,1.7584714,-5.1272793,-0.43997589,0.59476781,-0.67280936,0
-2.0546763,2.4732995,3.3356411,-0.23282671,0.64805096,0.72513562,0
-3.8892734,-0.80796385,-4.1161203,-0.43997589,0.59476781,-0.67280936,0
-0.9192245,5.0327559,-0.89511585,-0.43997589,0.59476781,-0.67280936,0
4.9486647,-0.11354971,-1.7867632,0.86730212,0.47569016,-0.146649,0
-2.3798389,4.0431933,1.8282299,-0.23282671,0.64805096,0.72513562,0
-3.9322267,-0.26012242,5.1756458,-0.23282671,0.64805096,0.72513562,0
5.6181822,-0.52341986,1.808568,0.43997589,-0.59476781,0.67280936,0
1.9955187,-3.2566905,1.7613389,0.43997589,-0.59476781,0.67280936,0
2.610281,4.9370623,2.6316113,-0.23282671,0.64805096,0.72513562,0
-3.3836501,-2.1484973,3.7049987,-0.86730212,-0.47569016,0.146649,0
2.8438313,3.9237533,-1.1391058,0.86730212,0.47569016,-0.146649,0
-2.100421,-3.1273079,4.5542059,0.43997589,-0.59476781,0.67280936,0
-2.1083684,0.55337775,5.0342288,-0.23282671,0.64805096,0.72513562,0
-2.0683448,-4.0979867,3.6751437,0.43997589,-0.59476781,0.67280936,0
-4.0743804,3.2471757,1.9955444,-0.23282671,0.64805096,0.72513562,0
4.2875528,2.8954921,4.9946947,-0.23282671,0.64805096,0.72513562,0
-2.5133877,5.0522552,0.16460657,-0.43997589,0.59476781,-0.67280936,0
1.8046927,6.2994537,0.42142606,0.86730212,0.47569016,-0.146649,0
0.64307451,0.066148162,-6.0583739,0.23282671,-0.64805096,-0.72513562,0
5.7370229,-2.8349364,-1.8301191,0.23282671,-0.64805096,-0.72513562,0
-2.4555547,2.0849612,3.5539839,-0.23282671,0.64805096,0.72513562,0
2.0643597,-2.5169885,-3.2934875,0.23282671,-0.64805096,-0.72513562,0
-3.910511,-2.6944678,-1.1819127,-0.86730212,-0.47569016,0.146649,0
1.6950655,4.1229725,3.0653024,-0.23282671,0.64805096,0.72513562,0
-6.3823376,3.1165712,0.98350382,-0.43997589,0.59476781,-0.67280936,0
6.5623369,-2.8721087,-1.1913204,0.86730212,0.47569016,-0.146649,0
-0.97640848,-6.929903,0.45765173,0.43997589,-0.59476781,0.67280936,0
-4.5337219,-2.4440174,-4.0552702,-0.86730212,-0.47569016,0.146649,0
-5.6333942,0.72229719,-0.2882061,-0.86730212,-0.47569016,0.146649,0
6.0353532,-1.6757455,0.51710081,0.43997589,-0.59476781,0.67280936,0
0.41474771,0.84207249,5.5863461,-0.23282671,0.64805096,0.72513562,0
-5.7516251,0.93118048,-1.3608427,-0.43997589,0.59476781,-0.67280936,0
4.1125698,-4.0155082,-1.2966261,0.23282671,-0.64805096,-0.72513562,0
3.4023302,2.272536,-3.1921747,0.86730212,0.47569016,-0.146649,0
3.072469,3.3480823,-1.6542308,0.86730212,0.47569016,-0.146649,0
-3.6667156,1.2755041,-2.4198604,-0.43997589,0.59476781,-0.67280936,0
2.8751779,3.4407918,-2.5203133,0.86730212,0.47569016,-0.146649,0
-5.8610792,3.1306372,1.526021,-0.23282671,0.64805096,0.72513562,0
-3.6570263,-3.3223701,-1.7195141,-0.86730212,-0.47569016,0.146649,0
-5.3162479,2.8213871,0.025402546,-0.43997589,0.59476781,-0.67280936,0
-5.219285,0.73157096,-1.8854156,-0.43997589,0.59476781,-0.67280936,0
-2.8125582,4.7119579,1.09162,-0.23282671,0.64805096,0.72513562,0
-3.0870342,2.8452351,-1.4112841,-0.43997589,0.59476781,-0.67280936,0
-2.8934588,-1.1527948,6.3069515,-0.23282671,0.64805096,0.72513562,0
1.8121564,-1.7662942,3.1987665,0.43997589,-0.59476781,0.67280936,0
-3.2177038,-1.0118097,6.0768452,-0.23282671,0.64805096,0.72513562,0
-0.95833015,3.7908361,2.510179,-0.23282671,0.64805096,0.72513562,0
1.371264,1.7281458,5.101584,-0.23282671,0.64805096,0.72513562,0
-1.7618599,2.7472339,3.1848445,-0.23282671,0.64805096,0.72513562,0
-1.8214513,4.6515889,-0.64206898,-0.43997589,0.59476781,-0.67280936,0
-1.0430884,-6.4106412,0.96028763,0.43997589,-0.59476781,0.67280936,0
-5.546885,3.536901,1.2638259,-0.23282671,0.64805096,0.72513562,0
-0.18611002,-1.829977,-4.6300488,0.23282671,-0.64805096,-0.72513562,0
0.36331654,-0.63009262,5.1506281,0.43997589,-0.59476781,0.67280936,0
0.41403103,5.0177889,-1.7802131,-0.43997589,0.59476781,-0.67280936,0
3.7463975,-2.9532466,-2.3635364,0.23282671,-0.64805096,-0.72513562,0
-2.219902,-4.1353049,-3.222796,0.23282671,-0.64805096,-0.72513562,0
-2.5925455,-3.2884293,4.6860642,-0.86730212,-0.47569016,0.146649,0
3.2389228,3.8007057,0.798388,0.86730212,0.47569016,-0.146649,0
-0.51559269,2.358551,-3.5230803,-0.43997589,0.59476781,-0.67280936,0
-4.7943358,0.28846836,3.2668724,-0.86730212,-0.47569016,0.146649,0
-3.4909551,-3.1465163,-0.16692472,-0.86730212,-0.47569016,0.146649,0
5.1845274,-0.094892025,-0.33132076,0.86730212,0.47569016,-0.146649,0
3.9953375,1.9086115,5.0197411,0.43997589,-0.59476781,0.67280936,0
-0.57892036,-3.7511182,3.007786,0.43997589,-0.59476781,0.67280936,0
-2.4254503,-4.1175237,2.9849241,-0.86730212,-0.47569016,0.146649,0
-4.4494858,-1.4350289,-0.28419828,-0.86730212,-0.47569016,0.146649,0
3.5149426,3.8765869,2.67695,0.86730212,0.47569016,-0.146649,0
1.2590127,5.375617,1.805811,-0.23282671,0.64805096,0.72513562,0
2.5214455,-5.2537928,-0.70085478,0.23282671,-0.64805096,-0.72513562,0
-1.8522698,4.423008,-0.82398236,-0.43997589,0.59476781,-0.67280936,0
-0.49121168,-3.4367855,3.2283022,0.43997589,-0.59476781,0.67280936,0
5.5720186,-2.9491944,-0.3056426,0.43997589,-0.59476781,0.67280936,0
-1.8070986,-5.7188263,1.4477445,-0.86730212,-0.47569016,0.146649,0
-0.90414047,-0.86609852,-5.7220087,0.23282671,-0.64805096,-0.72513562,0
4.5724096,1.5889506,4.3597889,0.43997589,-0.59476781,0.67280936,0
-0.93422031,-0.76070571,-5.8258562,0.23282671,-0.64805096,-0.72513562,0
-0.24207449,-0.26428032,-6.0205445,-0.43997589,0.59476781,-0.67280936,0
2.2223604,1.2365606,-6.3053799,-0.43997589,0.59476781,-0.67280936,0
0.82011414,4.3678675,-2.6203012,-0.43997589,0.59476781,-0.67280936,0
-1.7502515,-4.2452788,3.3369234,0.43997589,-0.59476781,0.67280936,0
3.0660315,4.6070619,2.3914897,0.86730212,0.47569016,-0.146649,0
2.8388455,4.64044,1.1561525,0.86730212,0.47569016,-0.146649,0
-1.9634604,-0.94239879,6.3961163,0.43997589,-0.59476781,0.67280936,0
-0.11058974,-5.2300367,1.3941528,0.43997589,-0.59476781,0.67280936,0
-2.5301342,0.43445945,-3.9066038,-0.43997589,0.59476781,-0.67280936,0
-4.1964345,-2.0389304,-0.74651456,-0.86730212,-0.47569016,0.146649,0
-2.2210662,-0.086110353,-4.568902,-0.43997589,0.59476781,-0.67280936,0
0.32174301,-4.421773,-2.1507084,0.23282671,-0.64805096,-0.72513562,0
-0.037101448,4.0899878,-2.3053827,-0.43997589,0.59476781,-0.67280936,0
-3.5838256,0.73828959,-2.948967,-0.43997589,0.59476781,-0.67280936,0
-4.9081883,-0.36723256,0.46661949,-0.86730212,-0.47569016,0.146649,0
0.99969339,-1.7517798,3.742898,0.43997589,-0.59476781,0.67280936,0
0.75042844,-1.0131119,4.5588894,0.43997589,-0.59476781,0.67280936,0
-5.8868637,1.8996818,2.0318623,-0.86730212,-0.47569016,0.146649,0
3.7572269,-0.29109776,-4.739212,0.23282671,-0.64805096,-0.72513562,0
4.1192026,1.6508548,-0.96906042,0.86730212,0.47569016,-0.146649,0
0.015295506,-1.705891,4.4271994,0.43997589,-0.59476781,0.67280936,0
-2.7193422,-5.170238,-2.4582407,0.23282671,-0.64805096,-0.72513562,0
-1.2621017,1.6487736,4.3269978,-0.23282671,0.64805096,0.72513562,0
5.9119916,-1.2769914,0.95027351,0.43997589,-0.59476781,0.67280936,0
1.0336194,-4.2946901,1.4727634,0.43997589,-0.59476781,0.67280936,0
-0.2206912,4.7507353,1.8891616,-0.23282671,0.64805096,0.72513562,0
1.4817472,5.7875524,1.5091814,-0.23282671,0.64805096,0.72513562,0
5.2701006,0.10833931,2.5946715,0.43997589,-0.59476781,0.67280936,0
0.73268926,-4.6950369,1.3156438,0.43997589,-0.59476781,0.67280936,0
-2.7682509,-3.4504862,3.1212482,-0.86730212,-0.47569016,0.146649,0
-4.0588312,1.5475789,3.5194604,-0.23282671,0.64805096,0.72513562,0
3.7446187,-3.7056427,0.2206583,0.43997589,-0.59476781,0.67280936,0
-4.3502717,-1.7351809,-0.6710453,-0.86730212,-0.47569016,0.146649,0
-6.6267862,2.9300125,0.99798441,-0.86730212,-0.47569016,0.146649,0
3.6354511,-3.1664567,-2.2086139,0.23282671,-0.64805096,-0.72513562,0
-3.9425805,-0.40146208,5.2986374,-0.23282671,0.64805096,0.72513562,0
-0.4810493,-1.5864782,4.8573403,0.43997589,-0.59476781,0.67280936,0
1.3035798,-0.14531714,-5.6573124,0.23282671,-0.64805096,-0.72513562,0
0.84657931,-0.84745431,4.6424546,0.43997589,-0.59476781,0.67280936,0
1.0363116,5.8320732,1.3263727,-0.23282671,0.64805096,0.72513562,0
1.1376144,-4.6985736,1.0477213,0.43997589,-0.59476781,0.67280936,0
-3.8205104,0.055738688,-3.3975689,-0.43997589,0.59476781,-0.67280936,0
-2.867259,-3.7300894,1.6287444,-0.86730212,-0.47569016,0.146649,0
-2.1343606,-5.5826874,-0.046127558,-0.86730212,-0.47569016,0.146649,0
1.3118424,-0.0033893585,5.0843601,0.43997589,-0.59476781,0.67280936,0
-2.7872186,0.089796066,-4.0431714,-0.43997589,0.59476781,-0.67280936,0
-4.7623401,0.31447649,3.5404701,-0.86730212,-0.47569016,0.146649,0
3.9340498,2.6542945,1.1908114,0.86730212,0.47569016,-0.146649,0
3.7203896,-1.6631831,-3.524812,0.23282671,-0.64805096,-0.72513562,0
-6.3840532,2.5635724,1.2448997,-0.86730212,-0.47569016,0.146649,0
-2.8202832,-3.4086769,2.9491408,-0.86730212,-0.47569016,0.146649,0
2.8438869,-4.9479666,-0.28854108,0.43997589,-0.59476781,0.67280936,0
-3.5201206,-2.9650257,-4.6861444,0.23282671,-0.64805096,-0.72513562,0
1.9088918,3.3742027,-4.210701,-0.43997589,0.59476781,-0.67280936,0
-5.7136335,2.6294401,2.0212803,-0.23282671,0.64805096,0.72513562,0
-3.0601487,-2.9612989,2.9817185,-0.86730212,-0.47569016,0.146649,0
4.440135,-1.9912691,-3.0005069,0.23282671,-0.64805096,-0.72513562,0
-1.3669689,-1.8361614,5.2159557,0.43997589,-0.59476781,0.67280936,0
2.4802427,-1.6183767,-3.9630418,0.23282671,-0.64805096,-0.72513562,0
-3.7319102,-1.2659856,4.5079718,-0.86730212,-0.47569016,0.146649,0
-0.47649574,-5.2630887,-1.6551267,0.23282671,-0.64805096,-0.72513562,0
-3.1538019,0.66027147,4.6030307,-0.23282671,0.64805096,0.72513562,0
-1.6642704,0.61551738,5.1212859,-0.23282671,0.64805096,0.72513562,0
2.0055516,3.1956022,-4.4317951,-0.43997589,0.59476781,-0.67280936,0
2.1787384,4.8970366,-1.9154812,0.86730212,0.47569016,-0.146649,0
-1.6807147,1.859081,-3.2026973,-0.43997589,0.59476781,-0.67280936,0
-5.4876928,3.0898337,0.37482548,-0.43997589,0.59476781,-0.67280936,0
-1.7330856,-2.0499847,-4.9301319,0.23282671,-0.64805096,-0.72513562,0
-2.4729226,-4.9698162,-0.060440302,-0.86730212,-0.47569016,0.146649,0
0.99732494,5.4887242,1.6207049,-0.23282671,0.64805096,0.72513562,0
4.8968649,-0.19432926,-2.355145,0.86730212,0.47569016,-0.146649,0
-1.8726697,-2.6726379,-4.4184866,0.23282671,-0.64805096,-0.72513562,0
-6.2737761,2.1592958,0.58573341,-0.86730212,-0.47569016,0.146649,0
-0.8057487,5.5110478,-0.54650867,-0.43997589,0.59476781,-0.67280936,0
-5.9101,3.2685871,1.3869948,-0.23282671,0.64805096,0.72513562,0
0.63955355,0.028429627,-6.0257955,0.23282671,-0.64805096,-0.72513562,0
5.4839315,-0.91642904,-1.22545,0.86730212,0.47569016,-0.146649,0
4.8663731,-0.38498759,2.4225812,0.43997589,-0.59476781,0.67280936,0
2.9561498,-0.30208373,3.7450366,0.43997589,-0.59476781,0.67280936,0
4.0257664,3.3404772,4.5129576,-0.23282671,0.64805096,0.72513562,0
3.5912557,0.88247085,4.3768706,0.43997589,-0.59476781,0.67280936,0
-1.782896,-5.8312392,-1.5668316,0.23282671,-0.64805096,-0.72513562,0
-4.4910336,1.6724072,-1.529943,-0.43997589,0.59476781,-0.67280936,0
-3.5640638,2.3786459,-1.5118041,-0.43997589,0.59476781,-0.67280936,0
-4.9051933,-0.078816652,1.4198751,-0.86730212,-0.47569016,0.146649,0
2.9945145,4.0732269,0.23690844,0.86730212,0.47569016,-0.146649,0
-0.13973808,-5.1962147,1.4431132,0.43997589,-0.59476781,0.67280936,0
-0.35298538,4.1545758,2.3794701,-0.23282671,0.64805096,0.72513562,0
1.2693472,5.4762893,-1.9342201,-0.43997589,0.59476781,-0.67280936,0
5.8773813,-1.8643496,-1.9733377,0.86730212,0.47569016,-0.146649,0
-2.3315694,-4.1327567,3.490737,-0.86730212,-0.47569016,0.146649,0
2.6084521,-2.4109387,-3.2135663,0.23282671,-0.64805096,-0.72513562,0
-0.81510282,-6.5780101,0.66324353,0.43997589,-0.59476781,0.67280936,0
-0.30749846,-2.2516363,-4.2921891,0.23282671,-0.64805096,-0.72513562,0
4.3519564,1.8261919,0.97622514,0.86730212,0.47569016,-0.146649,0
5.690558,-0.56394672,1.139926,0.86730212,0.47569016,-0.146649,0
-0.2625165,3.5435724,-2.6410098,-0.43997589,0.59476781,-0.67280936,0
-3.7603822,-2.6930909,-5.0063148,0.23282671,-0.64805096,-0.72513562,0
0.40512371,-3.9578948,-2.5385029,0.23282671,-0.64805096,-0.72513562,0
3.9727509,1.021399,-3.8769815,0.86730212,0.47569016,-0.146649,0
-3.8423619,-0.93585229,4.9256086,-0.86730212,-0.47569016,0.146649,0
-5.3109779,0.89666653,2.184217,-0.86730212,-0.47569016,0.146649,0
2.3417869,5.0953355,-0.30796218,0.86730212,0.47569016,-0.146649,0
-0.95759583,2.9958916,3.2208536,-0.23282671,0.64805096,0.72513562,0
-3.3199928,-1.6666913,5.6443233,-0.86730212,-0.47569016,0.146649,0
0.84505129,0.47921479,5.8162384,0.43997589,-0.59476781,0.67280936,0
-2.6092591,-3.4090579,4.1959314,-0.86730212,-0.47569016,0.146649,0
-4.655725,-1.6489277,-4.358326,-0.43997589,0.59476781,-0.67280936,0
-1.7163775,5.8534336,0.35165823,-0.43997589,0.59476781,-0.67280936,0
-4.8006339,0.25671077,3.1266131,-0.86730212,-0.47569016,0.146649,0
-2.4064925,5.50913,0.50957012,-0.23282671,0.64805096,0.72513562,0
-2.5205312,-5.1162987,-0.81715453,-0.86730212,-0.47569016,0.146649,0
1.7038293,5.0042753,2.2804992,-0.23282671,0.64805096,0.72513562,0
-3.645925,4.6900759,0.58504725,-0.43997589,0.59476781,-0.67280936,0
-0.80042887,-0.91671002,-5.6434774,0.23282671,-0.64805096,-0.72513562,0
4.403348,0.67249751,-2.4621141,0.86730212,0.47569016,-0.146649,0
0.62819976,4.1847401,-2.6566873,-0.43997589,0.59476781,-0.67280936,0
-2.6620333,-4.7152805,-0.35322094,-0.86730212,-0.47569016,0.146649,0
1.5609846,-0.93660098,-4.8674979,0.23282671,-0.64805096,-0.72513562,0
-3.8103533,-0.95873344,5.0406895,-0.86730212,-0.47569016,0.146649,0
2.2252796,-0.25731987,-5.2612772,0.23282671,-0.64805096,-0.72513562,0
2.1494479,0.58366513,5.0555782,0.43997589,-0.59476781,0.67280936,0
-4.9803209,1.8401749,2.9620957,-0.23282671,0.64805096,0.72513562,0
-4.7289824,-1.9076779,-3.47033,-0.86730212,-0.47569016,0.146649,0
-2.9316676,0.11414355,5.162426,-0.23282671,0.64805096,0.72513562,0
-2.1685567,-4.9358721,1.8497275,-0.86730212,-0.47569016,0.146649,0
-0.49651766,-0.46159673,5.8618579,0.43997589,-0.59476781,0.67280936,0
-1.3088009,-3.4250994,3.7732859,0.43997589,-0.59476781,0.67280936,0
-0.93190956,0.94231361,5.0643759,-0.23282671,0.64805096,0.72513562,0
-3.3979166,-3.8392811,-1.863826,-0.86730212,-0.47569016,0.146649,0
-0.96923226,3.8413603,-1.9156148,-0.43997589,0.59476781,-0.67280936,0
2.6863968,-1.466276,-4.0327811,0.23282671,-0.64805096,-0.72513562,0
-5.7171845,2.6134822,0.10380125,-0.43997589,0.59476781,-0.67280936,0
5.0181756,-2.6450675,-2.2306123,0.23282671,-0.64805096,-0.72513562,0
1.1421514,2.1004319,4.6953101,-0.23282671,0.64805096,0.72513562,0
-0.29317904,-1.9999096,4.3690085,0.43997589,-0.59476781,0.67280936,0
-3.5046411,3.1509345,-0.86795473,-0.43997589,0.59476781,-0.67280936,0
1.4122381,0.32457739,-6.0423679,0.23282671,-0.64805096,-0.72513562,0
-3.6778097,-2.4832439,0.87947083,-0.86730212,-0.47569016,0.146649,0
-3.9360552,-2.5771329,-0.95238042,-0.86730212,-0.47569016,0.146649,0
4.9712687,0.41493177,0.061171532,0.86730212,0.47569016,-0.146649,0
-1.2431103,-2.7253799,4.3488846,0.43997589,-0.59476781,0.67280936,0
-1.7802382,1.2490232,4.517889,-0.23282671,0.64805096,0.72513562,0
-3.3177829,-2.8608658,-4.7142653,0.23282671,-0.64805096,-0.72513562,0
1.7727463,3.1423075,-4.3266673,-0.43997589,0.59476781,-0.67280936,0
-0.976601,-2.7771676,4.1288238,0.43997589,-0.59476781,0.67280936,0
-1.3170815,-0.30448782,-5.3530998,-0.43997589,0.59476781,-0.67280936,0
-1.1529083,0.41845894,-4.8213692,-0.43997589,0.59476781,-0.67280936,0
-4.8807201,-1.9262817,-4.4280672,-0.86730212,-0.47569016,0.146649,0
2.5856438,-0.44186807,3.8637545,0.43997589,-0.59476781,0.67280936,0
-5.4982305,1.0737772,1.6512794,-0.86730212,-0.47569016,0.146649,0
0.023193836,2.5120444,3.9681783,-0.23282671,0.64805096,0.72513562,0
3.8866606,0.97404492,-4.5397358,0.86730212,0.47569016,-0.146649,0
2.960681,4.2253771,0.53035069,0.86730212,0.47569016,-0.146649,0
2.2403059,4.5585575,-2.6492996,0.86730212,0.47569016,-0.146649,0
-2.9292278,3.1249688,-1.2671934,-0.43997589,0.59476781,-0.67280936,0
0.28010404,-2.871588,3.2235472,0.43997589,-0.59476781,0.67280936,0
-0.090215683,-6.5518174,-0.37936753,0.23282671,-0.64805096,-0.72513562,0
1.5817139,6.1846757,-1.2696114,0.86730212,0.47569016,-0.146649,0
-2.2058897,-1.3687255,-5.6907778,0.23282671,-0.64805096,-0.72513562,0
3.1183214,4.0985999,1.0514224,0.86730212,0.47569016,-0.146649,0
-5.3836875,2.8956444,1.8893137,-0.23282671,0.64805096,0.72513562,0
4.1012521,0.36706084,-5.2169456,0.23282671,-0.64805096,-0.72513562,0
-2.4841483,0.84183735,4.6557779,-0.23282671,0.64805096,0.72513562,0
3.9461758,2.8888083,2.0232246,0.86730212,0.47569016,-0.146649,0
2.3091044,3.3736606,-4.4728947,-0.43997589,0.59476781,-0.67280936,0
-4.5435762,-0.71997869,1.4787683,-0.86730212,-0.47569016,0.146649,0
-2.3595011,2.8835142,2.8711607,-0.23282671,0.64805096,0.72513562,0
-0.18278503,-0.030848742,-5.8529606,-0.43997589,0.59476781,-0.67280936,0
2.4589963,-2.2972133,2.306437,0.43997589,-0.59476781,0.67280936,0
4.5232334,-2.8195992,0.49476051,0.43997589,-0.59476781,0.67280936,0
1.0939381,5.5234566,-1.7778174,-0.43997589,0.59476781,-0.67280936,0
-1.9753814,-3.4894781,-3.721458,0.23282671,-0.64805096,-0.72513562,0
4.5676646,-2.0647967,-2.8938487,0.23282671,-0.64805096,-0.72513562,0
-1.5454459,-3.3413343,4.0020862,0.43997589,-0.59476781,0.67280936,0
4.1912832,2.7812071,3.1237972,0.86730212,0.47569016,-0.146649,0
-5.6438971,0.69794655,-0.42930603,-0.86730212,-0.47569016,0.146649,0
2.4700344,-4.3834071,0.4550097,0.43997589,-0.59476781,0.67280936,0
1.5072138,-2.5079203,2.742578,0.43997589,-0.59476781,0.67280936,0
-6.0080047,2.3711555,2.1575918,-0.23282671,0.64805096,0.72513562,0
2.1208067,-0.044841513,-5.4847121,0.23282671,-0.64805096,-0.72513562,0
2.5774965,3.6386845,-3.6389303,0.86730212,0.47569016,-0.146649,0
0.24943018,-0.69744444,5.1655631,0.43997589,-0.59476781,0.67280936,0
-1.7097082,-5.6508074,-1.7045839,0.23282671,-0.64805096,-0.72513562,0
-4.2011447,-1.6000451,0.6492548,-0.86730212,-0.47569016,0.146649,0
5.0855188,-0.65242434,-2.7253556,0.86730212,0.47569016,-0.146649,0
4.7873654,0.56784487,3.3165565,0.43997589,-0.59476781,0.67280936,0
-0.28243756,5.553627,-0.85108161,-0.43997589,0.59476781,-0.67280936,0
-0.20726514,-2.6568434,3.7320924,0.43997589,-0.59476781,0.67280936,0
-0.42282152,-1.6175243,-4.8959203,0.23282671,-0.64805096,-0.72513562,0
-3.3753386,-3.0433576,0.85146785,-0.86730212,-0.47569016,0.146649,0
-3.5618088,-0.14509177,-3.7442789,-0.43997589,0.59476781,-0.67280936,0
-1.1472669,0.83445042,5.0916262,-0.23282671,0.64805096,0.72513562,0
-6.1970005,2.9546473,1.5754437,-0.23282671,0.64805096,0.72513562,0
-4.5352755,-0.44317567,2.4257369,-0.86730212,-0.47569016,0.146649,0
-2.7037637,2.0322731,-2.3805833,-0.43997589,0.59476781,-0.67280936,0
-0.14941174,3.1342061,-3.0768559,-0.43997589,0.59476781,-0.67280936,0
4.9326973,-1.7755156,1.1499729,0.43997589,-0.59476781,0.67280936,0
2.6097741,4.4700603,-0.75127387,0.86730212,0.47569016,-0.146649,0
-2.4535797,2.5742435,-2.065083,-0.43997589,0.59476781,-0.67280936,0
2.9689164,4.8508534,2.8238068,-0.23282671,0.64805096,0.72513562,0
4.5685444,1.3784883,0.80492401,0.86730212,0.47569016,-0.146649,0
-1.7472895,2.8522451,-2.2811978,-0.43997589,0.59476781,-0.67280936,0
4.8859558,-0.13439822,-2.2252612,0.86730212,0.47569016,-0.146649,0
2.6347473,-0.4529506,-4.9549704,0.23282671,-0.64805096,-0.72513562,0
-5.3869052,0.91289949,1.7878275,-0.86730212,-0.47569016,0.146649,0
-2.5398281,-4.3997107,1.393142,-0.86730212,-0.47569016,0.146649,0
-2.8363926,4.8503785,0.96026063,-0.23282671,0.64805096,0.72513562,0
0.27680922,5.183423,1.662208,-0.23282671,0.64805096,0.72513562,0
-4.4580002,-2.1518955,-2.6598768,-0.86730212,-0.47569016,0.146649,0
1.4321413,2.9938428,3.9899819,-0.23282671,0.64805096,0.72513562,0
-4.7573376,2.5377634,-0.59081554,-0.43997589,0.59476781,-0.67280936,0
0.2198801,-0.03900969,-6.1002741,0.23282671,-0.64805096,-0.72513562,0
0.43230391,-0.40310884,5.3061695,0.43997589,-0.59476781,0.67280936,0
-0.74166441,4.6359701,-1.3619897,-0.43997589,0.59476781,-0.67280936,0
5.936554,-1.7734294,-1.3284583,0.86730212,0.47569016,-0.146649,0
-1.0235615,-0.048401833,-5.3186622,-0.43997589,0.59476781,-0.67280936,0
4.337698,1.1803465,-1.2030511,0.86730212,0.47569016,-0.146649,0
4.4096365,2.3388572,2.9803014,0.86730212,0.47569016,-0.146649,0
3.1860394,4.5046992,2.7691941,0.86730212,0.47569016,-0.146649,0
2.6514468,4.4394197,-0.60420609,0.86730212,0.47569016,-0.146649,0
1.9315499,-2.6812129,2.3118961,0.43997589,-0.59476781,0.67280936,0
4.0013437,1.91035,-0.82436013,0.86730212,0.47569016,-0.146649,0
-1.7631359,5.6839905,0.55986655,-0.23282671,0.64805096,0.72513562,0
0.38334441,6.2477617,-0.67284244,-0.43997589,0.59476781,-0.67280936,0
3.8173976,3.7210228,3.9610999,0.86730212,0.47569016,-0.146649,0
2.4637964,0.13423634,4.4527154,0.43997589,-0.59476781,0.67280936,0
-5.2835937,0.67521906,1.6278553,-0.86730212,-0.47569016,0.146649,0
-1.4553504,1.5746262,-3.601531,-0.43997589,0.59476781,-0.67280936,0
2.8174083,-4.3705196,0.23924112,0.43997589,-0.59476781,0.67280936,0
2.9123743,-0.47944939,-4.8421483,0.23282671,-0.64805096,-0.72513562,0
0.78336167,-2.4964447,3.2260768,0.43997589,-0.59476781,0.67280936,0
5.6447272,-2.1817119,0.32526875,0.43997589,-0.59476781,0.67280936,0
5.3847427,-2.0910168,-2.608068,0.23282671,-0.64805096,-0.72513562,0
1.5791221,6.4173002,-0.53036523,0.86730212,0.47569016,-0.146649,0
1.7983,5.8660517,-1.0222194,0.86730212,0.47569016,-0.146649,0
-2.0048051,-2.1698294,-4.9102712,0.23282671,-0.64805096,-0.72513562,0
0.89587021,-3.3685668,-2.9076145,0.23282671,-0.64805096,-0.72513562,0
-1.3570305,-4.2413774,3.08323,0.43997589,-0.59476781,0.67280936,0
5.1303535,1.0576317,3.0867662,0.86730212,0.47569016,-0.146649,0
-0.30236053,-4.7740741,-2.0362456,0.23282671,-0.64805096,-0.72513562,0
-0.70024145,4.4180598,-1.5817122,-0.43997589,0.59476781,-0.67280936,0
3.6295283,2.7437925,-0.31986046,0.86730212,0.47569016,-0.146649,0
-5.8737669,1.838516,1.910913,-0.86730212,-0.47569016,0.146649,0
-4.8992023,-0.26185989,0.86156511,-0.86730212,-0.47569016,0.146649,0
-3.8808589,-2.0558221,1.0650523,-0.86730212,-0.47569016,0.146649,0
2.7861838,-0.89028382,3.3362112,0.43997589,-0.59476781,0.67280936,0
-2.9956183,-1.4049437,-5.22825,-0.43997589,0.59476781,-0.67280936,0
4.0746489,-3.386811,-1.8706667,0.23282671,-0.64805096,-0.72513562,0
1.684516,6.0577073,-1.0734748,0.86730212,0.47569016,-0.146649,0
3.8478503,3.3974915,3.0917521,0.86730212,0.47569016,-0.146649,0
-3.6318319,-0.85505199,5.8037834,-0.23282671,0.64805096,0.72513562,0
2.240984,-5.5328145,-0.54154444,0.23282671,-0.64805096,-0.72513562,0
-2.6798294,5.0342541,0.84620166,-0.23282671,0.64805096,0.72513562,0
-3.7081728,-1.0864465,5.2307358,-0.86730212,-0.47569016,0.146649,0
-1.9571733,-2.1386852,-4.9228106,0.23282671,-0.64805096,-0.72513562,0
1.4501185,-1.2952956,-4.5825305,0.23282671,-0.64805096,-0.72513562,0
-3.1302385,-3.8332763,-0.26126504,-0.86730212,-0.47569016,0.146649,0
0.68281555,-3.7664371,-2.6204472,0.23282671,-0.64805096,-0.72513562,0
-3.3860645,-3.0585096,0.73888183,-0.86730212,-0.47569016,0.146649,0
2.7226555,-2.0787599,-3.4737649,0.23282671,-0.64805096,-0.72513562,0
2.661494,-3.3010614,1.2866075,0.43997589,-0.59476781,0.67280936,0
2.3298831,-2.6629596,2.0675468,0.43997589,-0.59476781,0.67280936,0
-2.6372051,-5.1615973,-1.6541175,-0.86730212,-0.47569016,0.146649,0
-3.3612099,-2.8397439,1.595494,-0.86730212,-0.47569016,0.146649,0
0.79714441,4.8396125,2.1365399,-0.23282671,0.64805096,0.72513562,0
-4.4118853,-0.94269729,-3.8934703,-0.43997589,0.59476781,-0.67280936,0
4.8458824,-3.0480678,0.081799984,0.43997589,-0.59476781,0.67280936,0
-5.021306,0.47733688,2.5371838,-0.86730212,-0.47569016,0.146649,0
4.7717094,1.5872648,4.2279687,0.43997589,-0.59476781,0.67280936,0
-4.4564528,-0.6653651,2.1711802,-0.86730212,-0.47569016,0.146649,0
-1.57054,-1.1751552,5.9334121,0.43997589,-0.59476781,0.67280936,0
5.6773782,-1.4114044,-1.6869483,0.86730212,0.47569016,-0.146649,0
-0.86930919,5.4140911,-0.59065425,-0.43997589,0.59476781,-0.67280936,0
-4.1587753,-2.9349968,-3.4303939,-0.86730212,-0.47569016,0.146649,0
4.0085902,2.1723595,0.06838274,0.86730212,0.47569016,-0.146649,0
-3.1253443,3.2350636,2.3110857,-0.23282671,0.64805096,0.72513562,0
-3.7708588,-0.59578967,-4.0059934,-0.43997589,0.59476781,-0.67280936,0
-3.8776259,-3.2100251,-2.6597557,-0.86730212,-0.47569016,0.146649,0
-1.8731496,3.5901277,2.3958206,-0.23282671,0.64805096,0.72513562,0
0.45418024,4.2663465,2.5387459,-0.23282671,0.64805096,0.72513562,0
-3.4550548,-1.9064659,4.0677862,-0.86730212,-0.47569016,0.146649,0
3.3189511,-2.0827839,1.9336363,0.43997589,-0.59476781,0.67280936,0
4.186069,-0.97864056,2.3426652,0.43997589,-0.59476781,0.67280936,0
5.6312628,-1.6945059,-2.8779874,0.86730212,0.47569016,-0.146649,0
1.9272115,5.802495,-0.46598184,0.86730212,0.47569016,-0.146649,0
-0.87349606,-1.5446713,-5.1057315,0.23282671,-0.64805096,-0.72513562,0
-4.5809069,3.0272965,2.0294137,-0.23282671,0.64805096,0.72513562,0
-4.1842742,-2.8059564,-5.0415511,0.23282671,-0.64805096,-0.72513562,0
3.0343709,3.8634887,-0.20770693,0.86730212,0.47569016,-0.146649,0
4.0867391,-1.4828753,1.9618738,0.43997589,-0.59476781,0.67280936,0
-2.5781221,-3.2139301,4.7900186,0.43997589,-0.59476781,0.67280936,0
-4.2516246,-0.74823785,3.1137466,-0.86730212,-0.47569016,0.146649,0
-3.0290077,-0.72906804,5.884747,-0.23282671,0.64805096,0.72513562,0
-5.5434427,1.8115492,-0.71872997,-0.43997589,0.59476781,-0.67280936,0
-3.9979587,-3.1716933,-3.2470818,-0.86730212,-0.47569016,0.146649,0
-0.10986328,-0.2892766,5.761342,0.43997589,-0.59476781,0.67280936,0
-3.5312824,-2.8023856,0.71084023,-0.86730212,-0.47569016,0.146649,0
-1.3381748,4.5448103,-1.0524944,-0.43997589,0.59476781,-0.67280936,0
1.3536801,6.2773533,1.0303285,-0.23282671,0.64805096,0.72513562,0
1.5257442,-3.5642717,-2.5304735,0.23282671,-0.64805096,-0.72513562,0
4.5755978,-2.9687967,0.32862568,0.43997589,-0.59476781,0.67280936,0
2.4857082,2.8291264,-5.0697546,-0.43997589,0.59476781,-0.67280936,0
4.3376818,-0.3418529,2.8064437,0.43997589,-0.59476781,0.67280936,0
-4.4094343,-2.5533206,-3.6747689,-0.86730212,-0.47569016,0.146649,0
-4.3695459,-2.6411088,-5.2483621,0.23282671,-0.64805096,-0.72513562,0
-2.9493332,-3.7630658,-3.7896705,0.23282671,-0.64805096,-0.72513562,0
-1.7779529,5.8570971,0.3951633,-0.43997589,0.59476781,-0.67280936,0
1.8209653,1.6377432,-5.6882439,-0.43997589,0.59476781,-0.67280936,0
-1.1199787,-6.0891962,1.2947283,0.43997589,-0.59476781,0.67280936,0
2.3361058,0.83421659,5.1550045,0.43997589,-0.59476781,0.67280936,0
-2.5679264,4.3909264,-0.38434744,-0.43997589,0.59476781,-0.67280936,0
2.4614174,4.9431043,-0.094248772,0.86730212,0.47569016,-0.146649,0
3.8588998,-3.7830389,0.077506781,0.43997589,-0.59476781,0.67280936,0
2.2341967,-2.7494626,2.0536509,0.43997589,-0.59476781,0.67280936,0
-3.9576678,-1.7302163,1.6669703,-0.86730212,-0.47569016,0.146649,0
4.9846506,0.89324808,1.6918457,0.86730212,0.47569016,-0.146649,0
-1.9380889,-5.843524,0.26856184,-0.86730212,-0.47569016,0.146649,0
5.4602685,-0.99540615,-1.6215792,0.86730212,0.47569016,-0.146649,0
1.2664528,-2.5727243,-3.4998689,0.23282671,-0.64805096,-0.72513562,0
1.7856159,0.88136673,5.5566711,0.43997589,-0.59476781,0.67280936,0
1.8097067,0.15477371,-5.7629957,0.23282671,-0.64805096,-0.72513562,0
6.4718142,-2.9534121,-1.4883113,0.23282671,-0.64805096,-0.72513562,0
2.6920314,3.1680932,4.2387805,-0.23282671,0.64805096,0.72513562,0
-4.2072663,-1.5547706,0.75990963,-0.86730212,-0.47569016,0.146649,0
4.5680408,1.9822408,2.76036,0.86730212,0.47569016,-0.146649,0
-4.3338532,3.8626955,1.3621449,-0.23282671,0.64805096,0.72513562,0
-6.3039474,2.5941329,1.8177862,-0.86730212,-0.47569016,0.146649,0
2.6950378,4.6339278,2.9297349,-0.23282671,0.64805096,0.72513562,0
-0.056680202,0.44145942,5.7930064,-0.23282671,0.64805096,0.72513562,0
3.5505137,2.9122286,-0.24080396,0.86730212,0.47569016,-0.146649,0
-3.6074858,-2.6510942,0.75091457,-0.86730212,-0.47569016,0.146649,0
-2.3699822,4.3940978,-0.51098704,-0.43997589,0.59476781,-0.67280936,0
-0.89143229,-0.69004506,5.9181581,0.43997589,-0.59476781,0.67280936,0
4.9118176,0.45632982,-0.15614939,0.86730212,0.47569016,-0.146649,0
-1.8073125,-5.5742702,1.9153795,-0.86730212,-0.47569016,0.146649,0
-5.4790778,1.4215105,-1.1056166,-0.43997589,0.59476781,-0.67280936,0
-0.8940382,-6.2062397,1.04351,0.43997589,-0.59476781,0.67280936,0
3.6609631,3.4130909,2.0370741,0.86730212,0.47569016,-0.146649,0
1.8212667,-0.72482228,4.1134768,0.43997589,-0.59476781,0.67280936,0
2.7479589,2.1004338,-5.8854194,-0.43997589,0.59476781,-0.67280936,0
-2.4281874,4.4679499,-0.40763879,-0.43997589,0.59476781,-0.67280936,0
-0.83277273,5.1807628,1.3083208,-0.23282671,0.64805096,0.72513562,0
-3.7464848,-1.4569565,3.8023186,-0.86730212,-0.47569016,0.146649,0
-3.85498,4.1723366,1.239177,-0.23282671,0.64805096,0.72513562,0
-5.622828,0.88527322,-1.4856496,-0.43997589,0.59476781,-0.67280936,0
3.6169384,2.3021708,-1.8268247,0.86730212,0.47569016,-0.146649,0
-5.9499531,2.115176,2.3577499,-0.86730212,-0.47569016,0.146649,0
-4.1634188,-1.9261944,-0.18556786,-0.86730212,-0.47569016,0.146649,0
2.106113,0.9876796,5.4410677,0.43997589,-0.59476781,0.67280936,0
3.2120667,-4.8464775,-0.43959069,0.43997589,-0.59476781,0.67280936,0
0.049269676,4.531219,2.1720219,-0.23282671,0.64805096,0.72513562,0
1.2458754,5.5696812,1.6281582,-0.23282671,0.64805096,0.72513562,0
-3.3842573,-0.013489068,5.1311731,-0.23282671,0.64805096,0.72513562,0
-1.5770679,-4.2398567,-2.9229574,0.23282671,-0.64805096,-0.72513562,0
-2.6879253,-5.108819,-1.7828844,-0.86730212,-0.47569016,0.146649,0
2.4388142,4.4874825,-1.7058437,0.86730212,0.47569016,-0.146649,0
-4.3045735,-2.7314453,-3.6323977,-0.86730212,-0.47569016,0.146649,0
0.38117981,4.0519085,2.7069497,-0.23282671,0.64805096,0.72513562,0
3.4904835,-2.4839804,-2.865087,0.23282671,-0.64805096,-0.72513562,0
4.452795,1.7146894,1.2109129,0.86730212,0.47569016,-0.146649,0
-5.7438922,2.8529918,1.8117776,-0.23282671,0.64805096,0.72513562,0
3.1206779,3.6078358,-0.52654648,0.86730212,0.47569016,-0.146649,0
-1.7914432,-2.7534051,4.6826868,0.43997589,-0.59476781,0.67280936,0
-0.21668768,0.3773309,-5.4699569,-0.43997589,0.59476781,-0.67280936,0
2.7709017,-4.4084945,0.23608398,0.43997589,-0.59476781,0.67280936,0
3.4057465,2.9415731,4.6703806,-0.23282671,0.64805096,0.72513562,0
4.3355517,2.3751688,2.65994,0.86730212,0.47569016,-0.146649,0
-2.0550749,0.31666088,5.2628932,-0.23282671,0.64805096,0.72513562,0
-2.0104764,-5.5504169,0.7912153,-0.86730212,-0.47569016,0.146649,0
-3.7618737,1.7819252,-1.9099536,-0.43997589,0.59476781,-0.67280936,0
0.63554382,-4.0329409,-2.3974509,0.23282671,-0.64805096,-0.72513562,0
3.8136976,-1.5801201,2.0544608,0.43997589,-0.59476781,0.67280936,0
-5.8915453,1.0019934,-0.90768147,-0.86730212,-0.47569016,0.146649,0
1.4169736,6.0085478,1.2908812,-0.23282671,0.64805096,0.72513562,0
2.7193558,-0.67870432,-4.7260494,0.23282671,-0.64805096,-0.72513562,0
0.46224594,0.47446489,-5.8280711,-0.43997589,0.59476781,-0.67280936,0
5.8027639,-1.1753294,-0.17963743,0.86730212,0.47569016,-0.146649,0
5.041934,-0.034928083,-0.98012972,0.86730212,0.47569016,-0.146649,0
-1.6106553,3.4007323,2.6493645,-0.23282671,0.64805096,0.72513562,0
