-0.90068173,4.8277459,3.6600497,0.26232406,0.42950174,0.86412632,0
-3.3230815,-2.1007366,-3.7332571,-0.26232406,-0.42950174,-0.86412632,0
-5.9370408,1.6763405,-2.9784508,-0.3431173,0.87848175,-0.33247623,0
-2.3463876,0.14438999,-5.1456614,-0.26232406,-0.42950174,-0.86412632,0
3.5228181,-3.2241688,-5.2530904,-0.26232406,-0.42950174,-0.86412632,0
5.0008831,-2.9349742,-1.5982486,0.90191829,0.20928019,-0.37781641,0
2.249784,-1.4063685,5.8022366,0.26232406,0.42950174,0.86412632,0
4.2117085,3.6498923,0.16533726,0.90191829,0.20928019,-0.37781641,0
-6.2086649,1.4545095,-2.1050134,-0.90191829,-0.20928019,0.37781641,0
2.9031103,3.3079121,-3.1479611,0.90191829,0.20928019,-0.37781641,0
4.9070296,-0.39521766,-0.41547018,0.90191829,0.20928019,-0.37781641,0
-5.0499897,1.3565538,-4.7388449,-0.3431173,0.87848175,-0.33247623,0
-1.1909494,2.5065248,-5.6828985,-0.3431173,0.87848175,-0.33247623,0
2.5727308,2.4524794,-4.4104805,0.90191829,0.20928019,-0.37781641,0
-6.1121635,-0.13224816,-3.8649807,-0.26232406,-0.42950174,-0.86412632,0
-0.047887325,-2.6093416,6.6897187,0.3431173,-0.87848175,0.33247623,0
-0.60146284,5.6542931,2.0259047,-0.3431173,0.87848175,-0.33247623,0
1.4388866,3.5856938,-5.5454826,-0.3431173,0.87848175,-0.33247623,0
-1.8200912,4.6377001,4.0336151,0.26232406,0.42950174,0.86412632,0
-4.8790755,0.36182356,0.46370488,-0.90191829,-0.20928019,0.37781641,0
-5.6029882,-0.9746623,-2.0047169,-0.90191829,-0.20928019,0.37781641,0
0.7730875,0.40585029,5.3497815,0.26232406,0.42950174,0.86412632,0
-4.0307302,1.6798248,-4.9365673,-0.3431173,0.87848175,-0.33247623,0
-5.8141394,0.64146018,-1.6135701,-0.90191829,-0.20928019,0.37781641,0
-2.4866064,-2.0244281,-4.025115,-0.26232406,-0.42950174,-0.86412632,0
-3.2152703,-2.8103111,2.6784089,-0.90191829,-0.20928019,0.37781641,0
-0.43056583,-6.2082086,-2.4244227,0.3431173,-0.87848175,0.33247623,0
5.3827329,2.7592723,2.4674573,0.90191829,0.20928019,-0.37781641,0
-5.3511848,-2.038384,-1.9928318,-0.90191829,-0.20928019,0.37781641,0
3.8879201,0.23005939,-2.5019217,0.90191829,0.20928019,-0.37781641,0
-0.92396516,1.4644147,-6.2335682,-0.26232406,-0.42950174,-0.86412632,0
-3.0467141,-0.18412679,-4.7697778,-0.26232406,-0.42950174,-0.86412632,0
-1.9396145,4.720273,0.93898046,-0.3431173,0.87848175,-0.33247623,0
4.815002,1.9975667,3.3316319,0.26232406,0.42950174,0.86412632,0
-5.5844965,1.2385938,-0.73460579,-0.90191829,-0.20928019,0.37781641,0
3.6514421,-2.4873796,-4.5716839,0.90191829,0.20928019,-0.37781641,0
-3.5363843,3.5209725,-0.58198303,-0.3431173,0.87848175,-0.33247623,0
3.4348974,-2.5793169,-5.1395411,0.90191829,0.20928019,-0.37781641,0
3.4701276,1.9699433,-2.5355134,0.90191829,0.20928019,-0.37781641,0
4.5344801,4.9997363,1.9246041,0.26232406,0.42950174,0.86412632,0
3.2483816,-1.5926855,-5.0382748,0.90191829,0.20928019,-0.37781641,0
-1.5876112,5.1969953,3.6850514,0.26232406,0.42950174,0.86412632,0
4.0504227,-0.71627206,4.9126115,0.26232406,0.42950174,0.86412632,0
0.21560144,3.604609,-4.2330647,-0.3431173,0.87848175,-0.33247623,0
5.1078215,-2.4740343,-1.0876423,0.90191829,0.20928019,-0.37781641,0
2.7668121,0.36064196,-5.1058836,0.90191829,0.20928019,-0.37781641,0
0.41545463,-4.5882049,0.98291624,0.3431173,-0.87848175,0.33247623,0
-3.2787881,2.045229,-4.7470908,-0.3431173,0.87848175,-0.33247623,0
-4.4814439,-0.54228234,0.91212249,-0.90191829,-0.20928019,0.37781641,0
2.1595585,-3.0954864,3.1271107,0.3431173,-0.87848175,0.33247623,0
-4.564611,1.3554902,-5.0742331,-0.26232406,-0.42950174,-0.86412632,0
-5.3568177,0.79009891,-0.43952399,-0.90191829,-0.20928019,0.37781641,0
0.1775744,3.4725239,-4.5428214,-0.3431173,0.87848175,-0.33247623,0
-3.5940125,4.3801107,4.7001591,0.26232406,0.42950174,0.86412632,0
1.2221398,-2.4043489,5.9206824,0.3431173,-0.87848175,0.33247623,0
0.99410689,3.8862216,-4.2923999,-0.3431173,0.87848175,-0.33247623,0
0.48990023,-1.8696165,-5.0056443,-0.26232406,-0.42950174,-0.86412632,0
-4.4922242,-3.8615899,-0.95224363,-0.90191829,-0.20928019,0.37781641,0
-2.81655,-3.5735812,3.207437,-0.90191829,-0.20928019,0.37781641,0
2.9303732,-0.98201299,-5.4591565,0.90191829,0.20928019,-0.37781641,0
1.8221936,1.9237294,-6.4950385,0.90191829,0.20928019,-0.37781641,0
-2.0569153,-5.4165034,-2.469574,-0.26232406,-0.42950174,-0.86412632,0
0.41607308,2.7890973,-6.5947294,-0.3431173,0.87848175,-0.33247623,0
-1.6731914,2.706393,-4.6571221,-0.3431173,0.87848175,-0.33247623,0
4.3135767,0.15613794,-1.5267466,0.90191829,0.20928019,-0.37781641,0
-2.6546204,-5.4504514,1.8729887,0.3431173,-0.87848175,0.33247623,0
4.6940064,1.9730251,3.3805606,0.26232406,0.42950174,0.86412632,0
-0.66135776,-2.7957456,-4.1958361,-0.26232406,-0.42950174,-0.86412632,0
-1.5728264,-3.6370976,-3.5009584,-0.26232406,-0.42950174,-0.86412632,0
-0.0027148724,-2.7981858,6.1441278,0.3431173,-0.87848175,0.33247623,0
-5.598125,-1.9284811,-2.5214477,-0.90191829,-0.20928019,0.37781641,0
-1.8251984,-2.1290267,6.3741469,-0.90191829,-0.20928019,0.37781641,0
4.1128435,-2.2700744,3.2922461,0.3431173,-0.87848175,0.33247623,0
3.921761,-3.823,-0.61375642,0.3431173,-0.87848175,0.33247623,0
6.6867738,-0.76981044,4.1389008,0.26232406,0.42950174,0.86412632,0
-3.9976268,4.5676265,4.7294827,0.26232406,0.42950174,0.86412632,0
1.7897949,-3.460011,2.545547,0.3431173,-0.87848175,0.33247623,0
-0.65341139,0.62771451,5.6725516,0.26232406,0.42950174,0.86412632,0
2.9465716,-4.5113211,-4.4383974,-0.26232406,-0.42950174,-0.86412632,0
-4.6005526,-4.4715233,-1.5486975,-0.90191829,-0.20928019,0.37781641,0
2.0389888,-4.0775471,0.65670043,0.3431173,-0.87848175,0.33247623,0
-2.7734001,-2.7385893,-3.5830891,-0.26232406,-0.42950174,-0.86412632,0
3.5916712,-3.0383062,-5.0195365,0.90191829,0.20928019,-0.37781641,0
-4.5729713,4.3375173,3.3966508,-0.90191829,-0.20928019,0.37781641,0
-3.2292459,0.70962429,4.5948105,-0.90191829,-0.20928019,0.37781641,0
-3.2215409,1.5319052,5.0686817,-0.90191829,-0.20928019,0.37781641,0
1.2420434,0.31579673,5.2521796,0.26232406,0.42950174,0.86412632,0
4.0132637,-4.0656247,-4.5821705,0.90191829,0.20928019,-0.37781641,0
5.0433588,2.1904414,3.1664436,0.26232406,0.42950174,0.86412632,0
0.53577471,4.9049482,-1.1276792,-0.3431173,0.87848175,-0.33247623,0
-0.29082546,-0.34047198,6.043704,0.26232406,0.42950174,0.86412632,0
4.8333383,-2.3109603,2.4406614,0.3431173,-0.87848175,0.33247623,0
2.1976843,-0.42700517,5.3312736,0.26232406,0.42950174,0.86412632,0
-0.60125875,4.2244921,-1.7521822,-0.3431173,0.87848175,-0.33247623,0
6.2323928,0.78968644,3.4047608,0.90191829,0.20928019,-0.37781641,0
4.8665237,-3.526809,-0.80614901,0.3431173,-0.87848175,0.33247623,0
-5.7970915,1.554703,-3.4442739,-0.3431173,0.87848175,-0.33247623,0
2.8328395,6.8032503,1.5175064,-0.3431173,0.87848175,-0.33247623,0
5.4390745,-1.5675845,0.20522135,0.90191829,0.20928019,-0.37781641,0
-2.1454256,-4.3606844,-2.9674845,-0.26232406,-0.42950174,-0.86412632,0
1.6225138,-5.5805879,-2.8848884,0.3431173,-0.87848175,0.33247623,0
-4.5302014,4.6675229,3.4731035,-0.3431173,0.87848175,-0.33247623,0
0.39070487,5.154716,-0.31801987,-0.3431173,0.87848175,-0.33247623,0
-4.9560266,-0.67355108,-0.2935074,-0.90191829,-0.20928019,0.37781641,0
-0.62391412,-1.9180279,6.9289222,0.26232406,0.42950174,0.86412632,0
2.2866681,0.43008876,-6.2136087,0.90191829,0.20928019,-0.37781641,0
-3.8179822,-3.8603776,-2.7084148,-0.26232406,-0.42950174,-0.86412632,0
-3.0253882,2.3650265,5.5291095,0.26232406,0.42950174,0.86412632,0
3.2837226,5.8849316,1.8643245,0.26232406,0.42950174,0.86412632,0
4.3364973,-2.855922,1.5134848,0.3431173,-0.87848175,0.33247623,0
-5.8297682,1.1243019,-1.3834231,-0.90191829,-0.20928019,0.37781641,0
-0.98580837,3.2885337,-3.8283496,-0.3431173,0.87848175,-0.33247623,0
2.8879147,6.665956,1.0979036,-0.3431173,0.87848175,-0.33247623,0
4.0410557,-0.96343112,-2.797457,0.90191829,0.20928019,-0.37781641,0
-2.1514671,-5.8385592,-2.2310941,-0.26232406,-0.42950174,-0.86412632,0
-4.9634581,2.012898,1.1768308,-0.90191829,-0.20928019,0.37781641,0
4.2208786,-2.8965971,-3.4390078,0.90191829,0.20928019,-0.37781641,0
-3.6490839,-1.4705093,2.3849583,-0.90191829,-0.20928019,0.37781641,0
-2.1934218,4.4175296,0.40099037,-0.3431173,0.87848175,-0.33247623,0
1.7987307,0.25379544,5.1140027,0.26232406,0.42950174,0.86412632,0
-4.1123362,0.1688168,2.1871445,-0.90191829,-0.20928019,0.37781641,0
2.2176299,2.6465714,-5.1506615,0.90191829,0.20928019,-0.37781641,0
-0.97170329,-0.50436282,6.3318586,0.26232406,0.42950174,0.86412632,0
-4.7082343,3.6927402,2.7165973,-0.90191829,-0.20928019,0.37781641,0
0.69937229,-3.3229499,-4.3468752,-0.26232406,-0.42950174,-0.86412632,0
-3.4243944,1.1018906,4.3462391,-0.90191829,-0.20928019,0.37781641,0
-4.6047883,2.1046691,2.0838771,-0.90191829,-0.20928019,0.37781641,0
-5.9366136,1.0276711,-1.692009,-0.90191829,-0.20928019,0.37781641,0
2.9388933,5.0008736,-2.1247745,0.90191829,0.20928019,-0.37781641,0
1.1562393,-1.0586241,5.9613638,0.26232406,0.42950174,0.86412632,0
4.12922,3.4977579,-0.11584872,0.90191829,0.20928019,-0.37781641,0
3.6208925,6.296113,0.22074437,0.90191829,0.20928019,-0.37781641,0
-1.684216,1.766058,-6.1527052,-0.26232406,-0.42950174,-0.86412632,0
2.9955153,5.7105622,-1.5375214,-0.3431173,0.87848175,-0.33247623,0
-5.0434356,0.27390337,0.022645116,-0.90191829,-0.20928019,0.37781641,0
2.107378,-4.0135841,-4.431036,-0.26232406,-0.42950174,-0.86412632,0
6.0449476,-1.0661163,4.4794483,0.3431173,-0.87848175,0.33247623,0
-6.1093001,0.022083521,-2.6612597,-0.90191829,-0.20928019,0.37781641,0
1.5111301,3.3945026,-6.1252098,-0.3431173,0.87848175,-0.33247623,0
-2.6305161,1.4463713,5.8658423,0.26232406,0.42950174,0.86412632,0
-2.8493464,-1.9389284,-3.957494,-0.26232406,-0.42950174,-0.86412632,0
1.721662,-1.9136082,6.2146749,0.26232406,0.42950174,0.86412632,0
1.3179538,-0.061399698,5.416616,0.26232406,0.42950174,0.86412632,0
2.5481009,-4.0859213,0.10916865,0.3431173,-0.87848175,0.33247623,0
-2.485332,4.4079065,0.67681777,-0.3431173,0.87848175,-0.33247623,0
-3.558495,-2.3211033,2.1300492,-0.90191829,-0.20928019,0.37781641,0
-1.1812558,-5.1112204,-2.887136,-0.26232406,-0.42950174,-0.86412632,0
0.0052511692,4.499157,-1.6523738,-0.3431173,0.87848175,-0.33247623,0
4.9120798,-0.82385373,-0.64084619,0.90191829,0.20928019,-0.37781641,0
-3.4556026,1.7155609,-5.4356794,-0.3431173,0.87848175,-0.33247623,0
3.738009,1.1873627,-2.3295176,0.90191829,0.20928019,-0.37781641,0
-2.7839243,0.029919147,-4.9559417,-0.26232406,-0.42950174,-0.86412632,0
-0.12579006,-1.2872586,6.464191,0.26232406,0.42950174,0.86412632,0
2.9810739,5.6217628,2.0870047,0.26232406,0.42950174,0.86412632,0
-6.1202669,0.66854215,-2.3293531,-0.90191829,-0.20928019,0.37781641,0
-3.2682381,0.73948932,4.5182719,-0.90191829,-0.20928019,0.37781641,0
-3.1791492,-1.1710064,3.6726809,-0.90191829,-0.20928019,0.37781641,0
1.0476215,-0.3909235,5.662466,0.26232406,0.42950174,0.86412632,0
-6.1875291,1.4092658,-3.4256203,-0.3431173,0.87848175,-0.33247623,0
-1.1729486,-1.9589956,-4.4564261,-0.26232406,-0.42950174,-0.86412632,0
-1.5090624,-2.3542805,7.0040503,-0.90191829,-0.20928019,0.37781641,0
2.4351811,-4.9540291,-2.0680475,0.3431173,-0.87848175,0.33247623,0
3.2991438,-5.2709265,-3.7969797,0.3431173,-0.87848175,0.33247623,0
-1.5734169,2.1463499,5.1970224,0.26232406,0.42950174,0.86412632,0
-4.9867172,-0.8842628,-0.4834888,-0.90191829,-0.20928019,0.37781641,0
1.9263501,6.4568615,1.9921145,0.26232406,0.42950174,0.86412632,0
-4.7083888,2.8072796,-1.258215,-0.3431173,0.87848175,-0.33247623,0
-3.4515927,-4.0211153,-2.7397478,-0.26232406,-0.42950174,-0.86412632,0
-0.43067026,3.2240133,-4.5717344,-0.3431173,0.87848175,-0.33247623,0
-0.11238426,-0.36762106,-5.5693536,-0.26232406,-0.42950174,-0.86412632,0
5.5065966,-2.4991875,1.248513,0.3431173,-0.87848175,0.33247623,0
-5.9315777,2.4214079,-1.0154423,-0.3431173,0.87848175,-0.33247623,0
-0.90326321,1.6553431,5.2376308,0.26232406,0.42950174,0.86412632,0
1.5351927,4.9885869,2.8406439,0.26232406,0.42950174,0.86412632,0
3.4326575,-2.6425848,-5.179935,0.90191829,0.20928019,-0.37781641,0
-3.6671982,1.7858863,-5.0314946,-0.3431173,0.87848175,-0.33247623,0
4.0600662,-4.5048265,-2.5580363,0.3431173,-0.87848175,0.33247623,0
2.9848666,5.8345566,1.9800872,0.26232406,0.42950174,0.86412632,0
-3.293997,-2.0691743,2.9010043,-0.90191829,-0.20928019,0.37781641,0
-1.6937971,5.3975859,2.4749188,-0.3431173,0.87848175,-0.33247623,0
4.2287292,2.4434886,3.2879679,0.26232406,0.42950174,0.86412632,0
0.99806881,5.8224735,0.81955206,-0.3431173,0.87848175,-0.33247623,0
-2.6769164,-5.505621,1.7502291,0.3431173,-0.87848175,0.33247623,0
3.7789662,1.8899925,-1.842545,0.90191829,0.20928019,-0.37781641,0
-3.4787769,-5.5256114,0.54530931,-0.90191829,-0.20928019,0.37781641,0
-3.0092897,-2.4855764,3.3499999,-0.90191829,-0.20928019,0.37781641,0
3.5869892,2.2956519,-2.0761263,0.90191829,0.20928019,-0.37781641,0
-0.8413673,-0.388394,-5.3377299,-0.26232406,-0.42950174,-0.86412632,0
-2.3807821,3.0744061,-2.9545059,-0.3431173,0.87848175,-0.33247623,0
5.5362282,-1.0116723,0.7450766,0.90191829,0.20928019,-0.37781641,0
-2.3297093,-6.1064901,-2.0438132,-0.26232406,-0.42950174,-0.86412632,0
-2.4511604,-0.52796006,5.7667212,-0.90191829,-0.20928019,0.37781641,0
6.054369,0.69446707,2.9270411,0.90191829,0.20928019,-0.37781641,0
-5.2343884,2.4816275,-1.5758312,-0.3431173,0.87848175,-0.33247623,0
-5.9912987,1.3634291,-1.6365693,-0.90191829,-0.20928019,0.37781641,0
1.4981748,2.119556,-7.1600599,0.90191829,0.20928019,-0.37781641,0
-5.572844,1.2568924,-0.69665301,-0.90191829,-0.20928019,0.37781641,0
-0.40003836,-0.93998373,-5.1975451,-0.26232406,-0.42950174,-0.86412632,0
-1.8853304,1.5648832,5.5807204,0.26232406,0.42950174,0.86412632,0
1.276814,1.4367452,-6.8879094,-0.26232406,-0.42950174,-0.86412632,0
5.7644773,0.78328085,2.2842109,0.90191829,0.20928019,-0.37781641,0
3.09916,3.9858699,-2.30442,0.90191829,0.20928019,-0.37781641,0
-3.0222266,-1.7452407,-4.0012822,-0.26232406,-0.42950174,-0.86412632,0
-5.7554798,2.5639071,-0.40865648,-0.90191829,-0.20928019,0.37781641,0
-2.3951125,0.66900557,-5.391623,-0.26232406,-0.42950174,-0.86412632,0
-0.6260826,-1.9172201,-4.6432028,-0.26232406,-0.42950174,-0.86412632,0
4.4775195,2.3657296,0.088553011,0.90191829,0.20928019,-0.37781641,0
-3.8196392,-5.834734,-0.439623,-0.90191829,-0.20928019,0.37781641,0
-2.0935338,1.9566637,-6.1231856,-0.26232406,-0.42950174,-0.86412632,0
3.0445845,3.3031244,3.2201705,0.26232406,0.42950174,0.86412632,0
-1.7052915,3.8214812,-1.6776651,-0.3431173,0.87848175,-0.33247623,0
4.0828991,-2.9276111,1.5857787,0.3431173,-0.87848175,0.33247623,0
4.1309652,-5.1012797,-4.2071762,0.3431173,-0.87848175,0.33247623,0
-2.8177576,-6.657548,-1.1480876,0.3431173,-0.87848175,0.33247623,0
-1.6950037,2.7574682,-4.4996586,-0.3431173,0.87848175,-0.33247623,0
3.952179,3.1620257,-0.72444773,0.90191829,0.20928019,-0.37781641,0
-3.1352596,4.9183416,4.2933745,0.26232406,0.42950174,0.86412632,0
1.7396126,1.6774209,-6.8286099,0.90191829,0.20928019,-0.37781641,0
0.45447564,2.6865294,-6.9053698,-0.3431173,0.87848175,-0.33247623,0
-0.97384667,-4.2994313,-3.3535881,-0.26232406,-0.42950174,-0.86412632,0
5.4067445,2.2427902,2.2386887,0.90191829,0.20928019,-0.37781641,0
-2.9237123,4.392868,1.0894915,-0.3431173,0.87848175,-0.33247623,0
-0.99335313,4.7374611,0.0078476667,-0.3431173,0.87848175,-0.33247623,0
-4.1812887,4.4069529,2.4245341,-0.3431173,0.87848175,-0.33247623,0
-5.3136039,2.6075778,-1.1612903,-0.3431173,0.87848175,-0.33247623,0
3.0622797,1.9157856,3.9043562,0.26232406,0.42950174,0.86412632,0
-2.9219534,-1.1374154,4.3052616,-0.90191829,-0.20928019,0.37781641,0
1.8173423,-1.1634059,-5.7596297,-0.26232406,-0.42950174,-0.86412632,0
-1.6419137,5.0170178,1.4158225,-0.3431173,0.87848175,-0.33247623,0
3.005188,-0.97805882,5.3600316,0.26232406,0.42950174,0.86412632,0
-5.3878794,-0.24903965,-4.026803,-0.26232406,-0.42950174,-0.86412632,0
1.6480227,-1.2810727,5.9226375,0.26232406,0.42950174,0.86412632,0
-2.4378285,5.2093139,2.7453036,-0.3431173,0.87848175,-0.33247623,0
5.7535295,1.8733733,2.861902,0.90191829,0.20928019,-0.37781641,0
-3.1627302,-6.6835661,-0.86082256,0.3431173,-0.87848175,0.33247623,0
4.9249706,0.15041637,-0.070404291,0.90191829,0.20928019,-0.37781641,0
1.5862293,3.8988922,-4.8699942,-0.3431173,0.87848175,-0.33247623,0
0.34539557,-0.53502679,-5.6251154,-0.26232406,-0.42950174,-0.86412632,0
-3.252991,-5.087554,-2.2699792,-0.26232406,-0.42950174,-0.86412632,0
-4.7264895,1.589208,-4.4579706,-0.3431173,0.87848175,-0.33247623,0
-1.9508407,4.3621025,4.210289,0.26232406,0.42950174,0.86412632,0
4.5819178,-4.5906181,-3.3232727,0.3431173,-0.87848175,0.33247623,0
-2.0372734,-2.6142848,-3.86834,-0.26232406,-0.42950174,-0.86412632,0
-4.259769,-5.033658,-1.9911387,-0.26232406,-0.42950174,-0.86412632,0
3.8374281,-2.858665,-4.3333635,0.90191829,0.20928019,-0.37781641,0
-4.4290266,3.0226059,3.011915,-0.90191829,-0.20928019,0.37781641,0
-4.3344254,2.2745795,2.8234003,-0.90191829,-0.20928019,0.37781641,0
-6.1172004,0.76240587,-4.3081264,-0.26232406,-0.42950174,-0.86412632,0
5.1101685,0.9054637,3.7848418,0.26232406,0.42950174,0.86412632,0
2.3146749,1.2744551,-5.6790404,0.90191829,0.20928019,-0.37781641,0
-3.6671422,-1.1010143,-4.1257076,-0.26232406,-0.42950174,-0.86412632,0
3.4598851,-0.035532475,-3.6708376,0.90191829,0.20928019,-0.37781641,0
-0.14732468,1.821739,-6.6469369,-0.26232406,-0.42950174,-0.86412632,0
-3.7746594,-0.98603034,2.3535485,-0.90191829,-0.20928019,0.37781641,0
-1.2122688,-6.3173189,-2.2782474,-0.26232406,-0.42950174,-0.86412632,0
-1.7014797,3.8231282,-1.677247,-0.3431173,0.87848175,-0.33247623,0
3.0283837,-2.9021802,2.74124,0.3431173,-0.87848175,0.33247623,0
1.7205691,6.197855,2.1833196,0.26232406,0.42950174,0.86412632,0
-3.8928878,3.3017824,-0.79322273,-0.3431173,0.87848175,-0.33247623,0
4.8026471,1.5166106,0.39434928,0.90191829,0.20928019,-0.37781641,0
0.80863702,2.8050337,-6.9577503,-0.3431173,0.87848175,-0.33247623,0
1.8117812,1.7785301,4.3521929,0.26232406,0.42950174,0.86412632,0
0.29360032,-3.8332748,3.1033769,0.3431173,-0.87848175,0.33247623,0
0.31233644,-5.5272746,-1.3919111,0.3431173,-0.87848175,0.33247623,0
1.8254395,-5.2268691,-2.1596985,0.3431173,-0.87848175,0.33247623,0
5.7663174,-2.0477767,0.72042227,0.90191829,0.20928019,-0.37781641,0
-6.1498766,1.9499037,-2.0359843,-0.3431173,0.87848175,-0.33247623,0
-3.6560097,-4.3094969,0.79585129,-0.90191829,-0.20928019,0.37781641,0
1.968426,0.64110589,4.8699803,0.26232406,0.42950174,0.86412632,0
2.7380025,-0.55107331,-5.6796751,0.90191829,0.20928019,-0.37781641,0
4.8311062,4.4223623,2.0718417,0.90191829,0.20928019,-0.37781641,0
-3.9536691,-0.6383965,2.1187801,-0.90191829,-0.20928019,0.37781641,0
5.5550361,-0.51258075,4.3546119,0.26232406,0.42950174,0.86412632,0
-3.7903438,0.1906563,-4.7303143,-0.26232406,-0.42950174,-0.86412632,0
3.4658189,6.8674688,1.0339477,-0.3431173,0.87848175,-0.33247623,0
0.85133219,1.8696661,-6.9739223,-0.26232406,-0.42950174,-0.86412632,0
-2.3104284,-0.61602664,6.053894,-0.90191829,-0.20928019,0.37781641,0
-1.8960388,-3.7618213,5.3006001,-0.90191829,-0.20928019,0.37781641,0
-5.6760836,2.7698834,-0.35835826,-0.3431173,0.87848175,-0.33247623,0
5.0802822,2.5924611,1.6530514,0.90191829,0.20928019,-0.37781641,0
-0.31640148,-0.10975671,5.9367943,0.26232406,0.42950174,0.86412632,0
5.9385276,-2.1727242,1.6653523,0.3431173,-0.87848175,0.33247623,0
-2.8813214,-2.5350039,3.6281044,-0.90191829,-0.20928019,0.37781641,0
-4.283597,2.8406084,3.2582722,-0.90191829,-0.20928019,0.37781641,0
1.4930735,-3.5530505,-4.4734526,-0.26232406,-0.42950174,-0.86412632,0
-1.1697628,5.3196435,1.7281693,-0.3431173,0.87848175,-0.33247623,0
3.725791,-3.2890725,0.99925005,0.3431173,-0.87848175,0.33247623,0
1.0355411,3.6144581,3.6753151,0.26232406,0.42950174,0.86412632,0
-1.9482884,0.48370022,-5.4351625,-0.26232406,-0.42950174,-0.86412632,0
0.68336725,-5.8269448,-2.566618,0.3431173,-0.87848175,0.33247623,0
2.8909428,5.9548397,-0.78415966,-0.3431173,0.87848175,-0.33247623,0
-1.9153543,4.7462711,0.98263609,-0.3431173,0.87848175,-0.33247623,0
3.6072083,2.2092066,-2.0757425,0.90191829,0.20928019,-0.37781641,0
1.8503138,5.0732718,2.7028909,0.26232406,0.42950174,0.86412632,0
-4.776495,0.10782409,0.56788754,-0.90191829,-0.20928019,0.37781641,0
-0.94472551,5.4278979,1.7819635,-0.3431173,0.87848175,-0.33247623,0
-1.1822298,4.4694285,-0.50543541,-0.3431173,0.87848175,-0.33247623,0
2.6380582,-2.0783527,5.3208075,0.3431173,-0.87848175,0.33247623,0
-5.2648659,-0.69702506,-3.8414817,-0.26232406,-0.42950174,-0.86412632,0
2.2782764,3.2578874,3.4752846,0.26232406,0.42950174,0.86412632,0
-3.8799579,-0.085814714,2.6008296,-0.90191829,-0.20928019,0.37781641,0
1.644294,6.5230594,2.0037596,-0.3431173,0.87848175,-0.33247623,0
-3.8115473,-3.3179879,0.97377115,-0.90191829,-0.20928019,0.37781641,0
-4.5525084,0.50820422,1.3243637,-0.90191829,-0.20928019,0.37781641,0
5.6688147,0.62031913,1.965579,0.90191829,0.20928019,-0.37781641,0
0.89404178,-1.272683,6.1473541,0.26232406,0.42950174,0.86412632,0
5.5173397,-1.8935704,2.83761,0.3431173,-0.87848175,0.33247623,0
-0.49618948,2.2719026,4.8076029,0.26232406,0.42950174,0.86412632,0
-1.0405273,-2.2366378,-4.3586273,-0.26232406,-0.42950174,-0.86412632,0
3.6488171,5.7724609,1.8093941,0.26232406,0.42950174,0.86412632,0
1.3086685,-0.55429482,5.6644211,0.26232406,0.42950174,0.86412632,0
-1.5185826,-6.0911121,-0.99218488,0.3431173,-0.87848175,0.33247623,0
3.7245522,3.3891923,2.9709733,0.26232406,0.42950174,0.86412632,0
-5.3498487,0.32861388,-4.3254623,-0.26232406,-0.42950174,-0.86412632,0
-3.1283939,0.87493134,4.9271297,-0.90191829,-0.20928019,0.37781641,0
-4.0417452,1.9515344,3.343142,-0.90191829,-0.20928019,0.37781641,0
5.549015,-2.4471655,1.3421913,0.3431173,-0.87848175,0.33247623,0
-1.7628937,-6.2194853,-1.0792469,0.3431173,-0.87848175,0.33247623,0
4.1797223,1.8539636,-0.9058212,0.90191829,0.20928019,-0.37781641,0
-2.5188665,-2.0926144,4.7384009,-0.90191829,-0.20928019,0.37781641,0
3.9903829,-3.1394424,1.1215475,0.3431173,-0.87848175,0.33247623,0
1.5219195,-2.7986379,4.5695024,0.3431173,-0.87848175,0.33247623,0
-4.9782186,1.2452617,-4.8938856,-0.26232406,-0.42950174,-0.86412632,0
1.783861,4.1344223,-4.4516253,-0.3431173,0.87848175,-0.33247623,0
-3.4352777,0.95329666,4.2379484,-0.90191829,-0.20928019,0.37781641,0
3.7661304,-2.7582712,-4.4479532,0.90191829,0.20928019,-0.37781641,0
-5.4678769,-1.9598348,-3.1521916,-0.26232406,-0.42950174,-0.86412632,0
-3.7763367,-4.2761869,0.52706015,-0.90191829,-0.20928019,0.37781641,0
0.43853986,-1.9197489,-4.9651351,-0.26232406,-0.42950174,-0.86412632,0
4.8847704,-1.2723348,-0.95446092,0.90191829,0.20928019,-0.37781641,0
4.8580761,-3.6286311,-2.3233848,0.90191829,0.20928019,-0.37781641,0
2.7010098,2.3626206,3.7919345,0.26232406,0.42950174,0.86412632,0
-4.5768232,2.3042669,2.2611966,-0.90191829,-0.20928019,0.37781641,0
4.9812078,0.078184366,0.023832321,0.90191829,0.20928019,-0.37781641,0
-4.0127335,1.7901496,-4.6636357,-0.3431173,0.87848175,-0.33247623,0
5.368578,-1.8967017,2.982861,0.3431173,-0.87848175,0.33247623,0
-2.2802415,4.1702671,4.4056349,0.26232406,0.42950174,0.86412632,0
-3.9660158,4.0670176,4.6957302,-0.90191829,-0.20928019,0.37781641,0
-4.1882806,3.3288863,-0.41676021,-0.3431173,0.87848175,-0.33247623,0
4.499011,-2.6935177,-2.6625624,0.90191829,0.20928019,-0.37781641,0
-5.5484419,-0.14647126,-1.4157525,-0.90191829,-0.20928019,0.37781641,0
-4.2624016,2.2035263,2.955977,-0.90191829,-0.20928019,0.37781641,0
-4.4101806,4.6093702,3.9358461,-0.90191829,-0.20928019,0.37781641,0
-5.1448479,3.0014422,1.2913955,-0.90191829,-0.20928019,0.37781641,0
-3.1198499,1.5086706,5.2985659,-0.90191829,-0.20928019,0.37781641,0
3.3098512,-2.4025195,3.7709863,0.3431173,-0.87848175,0.33247623,0
6.0574532,-1.1428508,4.263793,0.3431173,-0.87848175,0.33247623,0
-5.3813214,-0.71382189,-3.7977803,-0.26232406,-0.42950174,-0.86412632,0
0.47219729,-0.7185626,5.9999967,0.26232406,0.42950174,0.86412632,0
-3.0407352,4.5599899,4.4427929,0.26232406,0.42950174,0.86412632,0
1.4144156,-1.1694001,5.9380484,0.26232406,0.42950174,0.86412632,0
5.3906898,-2.7034311,0.82846981,0.3431173,-0.87848175,0.33247623,0
2.8269787,1.0836635,4.3893819,0.26232406,0.42950174,0.86412632,0
-4.9376664,3.3220239,1.9635524,-0.90191829,-0.20928019,0.37781641,0
-2.7846656,-6.3865328,-0.46615243,0.3431173,-0.87848175,0.33247623,0
3.7123954,4.35958,-0.63350666,0.90191829,0.20928019,-0.37781641,0
-1.4487485,1.1809045,-5.9333444,-0.26232406,-0.42950174,-0.86412632,0
0.68392277,0.80284166,-6.3928514,-0.26232406,-0.42950174,-0.86412632,0
0.26663232,-3.6399763,3.6419487,0.3431173,-0.87848175,0.33247623,0
5.8867307,-0.78250885,1.7087301,0.90191829,0.20928019,-0.37781641,0
3.2284427,0.77351999,4.4216609,0.26232406,0.42950174,0.86412632,0
1.0174673,4.9105449,-1.6100007,-0.3431173,0.87848175,-0.33247623,0
-2.9456451,-3.3442378,-3.2297714,-0.26232406,-0.42950174,-0.86412632,0
-0.65816665,3.1711512,4.4098158,0.26232406,0.42950174,0.86412632,0
1.1355102,0.66410327,5.1113992,0.26232406,0.42950174,0.86412632,0
5.4547968,-2.6503377,0.90259528,0.3431173,-0.87848175,0.33247623,0
1.6462097,6.2222815,2.1937523,0.26232406,0.42950174,0.86412632,0
-0.54441726,-2.855916,6.5506306,0.3431173,-0.87848175,0.33247623,0
-5.4918418,-0.37415004,-1.4067541,-0.90191829,-0.20928019,0.37781641,0
-4.0077481,-4.7137413,-2.2266545,-0.26232406,-0.42950174,-0.86412632,0
-3.9389131,1.9797685,3.6042612,-0.90191829,-0.20928019,0.37781641,0
-4.7225242,1.6047148,1.5258851,-0.90191829,-0.20928019,0.37781641,0
-0.59188473,-0.42002511,6.1746373,0.26232406,0.42950174,0.86412632,0
1.6834829,4.7020426,-2.8482456,-0.3431173,0.87848175,-0.33247623,0
-0.53749883,2.9602194,-5.158493,-0.3431173,0.87848175,-0.33247623,0
-1.2693017,0.015503883,6.1638083,0.26232406,0.42950174,0.86412632,0
2.6917651,0.59681845,-5.1542115,0.90191829,0.20928019,-0.37781641,0
-0.17929983,0.40914345,5.6372623,0.26232406,0.42950174,0.86412632,0
5.1398306,-1.4952466,-0.46905929,0.90191829,0.20928019,-0.37781641,0
-2.8267002,-3.8186707,-3.0300696,-0.26232406,-0.42950174,-0.86412632,0
0.90371442,4.2088652,3.4198923,0.26232406,0.42950174,0.86412632,0
4.7612805,2.0559282,0.59433866,0.90191829,0.20928019,-0.37781641,0
-1.6720823,-0.97311401,-4.7949219,-0.26232406,-0.42950174,-0.86412632,0
-4.3968067,-1.0811591,0.81567299,-0.90191829,-0.20928019,0.37781641,0
-0.35918337,-1.7292907,6.7547483,0.26232406,0.42950174,0.86412632,0
-2.4341645,-1.598964,5.2140441,-0.90191829,-0.20928019,0.37781641,0
-4.856112,-0.50727773,-4.0598788,-0.26232406,-0.42950174,-0.86412632,0
-1.5582633,5.1791387,1.7578559,-0.3431173,0.87848175,-0.33247623,0
-0.04211247,-1.8156204,-4.8709788,-0.26232406,-0.42950174,-0.86412632,0
0.76370144,-0.73179936,5.9180837,0.26232406,0.42950174,0.86412632,0
-4.7480145,1.495436,1.4045038,-0.90191829,-0.20928019,0.37781641,0
-5.0873556,-2.3665032,-3.065578,-0.26232406,-0.42950174,-0.86412632,0
-5.2015934,1.0810537,0.092191935,-0.90191829,-0.20928019,0.37781641,0
3.3549206,5.6648731,1.9520879,0.26232406,0.42950174,0.86412632,0
5.1130061,1.4423535,1.0941012,0.90191829,0.20928019,-0.37781641,0
-0.69341612,-4.3008938,2.8864219,0.3431173,-0.87848175,0.33247623,0
2.1603794,-5.1230431,-3.8956847,-0.26232406,-0.42950174,-0.86412632,0
4.1277981,-3.0739741,-3.7594595,0.90191829,0.20928019,-0.37781641,0
1.2824388,-5.4557352,-3.4638066,-0.26232406,-0.42950174,-0.86412632,0
2.4170594,-3.8750672,0.80152941,0.3431173,-0.87848175,0.33247623,0
-0.72931004,4.8468018,0.024257779,-0.3431173,0.87848175,-0.33247623,0
-6.6016688,1.3290329,-3.1126907,-0.90191829,-0.20928019,0.37781641,0
-1.1085184,-5.2524471,0.80057919,0.3431173,-0.87848175,0.33247623,0
5.4210558,-2.9694815,-0.61433077,0.90191829,0.20928019,-0.37781641,0
1.7306963,2.0145152,-6.6631713,0.90191829,0.20928019,-0.37781641,0
-2.8670931,2.7816172,-3.2262492,-0.3431173,0.87848175,-0.33247623,0
0.93331409,-5.1861176,-1.131345,0.3431173,-0.87848175,0.33247623,0
-4.260952,-5.4191651,-1.7991683,-0.26232406,-0.42950174,-0.86412632,0
-1.5342416,-2.1638696,7.0494151,-0.90191829,-0.20928019,0.37781641,0
0.023999691,-3.4265475,-4.0903597,-0.26232406,-0.42950174,-0.86412632,0
-3.4674425,-4.9455795,-2.275444,-0.26232406,-0.42950174,-0.86412632,0
-1.9166083,2.1767797,5.2860813,0.26232406,0.42950174,0.86412632,0
-5.5834055,1.5285209,-0.57140481,-0.90191829,-0.20928019,0.37781641,0
2.8513446,2.3109887,-3.8237526,0.90191829,0.20928019,-0.37781641,0
-2.3439004,-0.2563743,-4.9472222,-0.26232406,-0.42950174,-0.86412632,0
3.0176191,6.3843746,1.6968656,0.26232406,0.42950174,0.86412632,0
-4.6212196,-0.60185361,0.54545343,-0.90191829,-0.20928019,0.37781641,0
-3.7095227,-2.8055441,-3.26563,-0.26232406,-0.42950174,-0.86412632,0
-4.2324672,-4.7553263,-0.82721317,-0.90191829,-0.20928019,0.37781641,0
4.2817993,1.2866011,3.8468721,0.26232406,0.42950174,0.86412632,0
2.8477702,4.746664,-2.4831145,0.90191829,0.20928019,-0.37781641,0
1.3554522,1.7617598,-7.0733252,-0.26232406,-0.42950174,-0.86412632,0
-5.755753,-1.1050096,-2.4415977,-0.90191829,-0.20928019,0.37781641,0
-3.5947499,-3.9744577,1.1276753,-0.90191829,-0.20928019,0.37781641,0
2.7716842,0.34383807,4.7738867,0.26232406,0.42950174,0.86412632,0
4.0256772,-2.8615923,1.8192703,0.3431173,-0.87848175,0.33247623,0
1.4322387,2.6297786,-7.0348382,0.90191829,0.20928019,-0.37781641,0
-1.2427742,4.2236342,-1.0924019,-0.3431173,0.87848175,-0.33247623,0
2.1325593,3.964298,-4.6238246,0.90191829,0.20928019,-0.37781641,0
2.7747192,-1.2060044,-5.9548054,0.90191829,0.20928019,-0.37781641,0
3.1449275,-1.564517,-5.2696357,0.90191829,0.20928019,-0.37781641,0
-0.41797927,-0.71476126,6.2683392,0.26232406,0.42950174,0.86412632,0
-1.5249116,-4.7516193,2.5536053,0.3431173,-0.87848175,0.33247623,0
-2.1251912,-5.2973738,-2.508059,-0.26232406,-0.42950174,-0.86412632,0
-3.9893038,-6.2260766,-1.4805694,-0.26232406,-0.42950174,-0.86412632,0
3.338444,3.2618666,3.1514702,0.26232406,0.42950174,0.86412632,0
4.894742,0.13934183,4.231029,0.26232406,0.42950174,0.86412632,0
-4.0778618,-2.7020051,0.67923462,-0.90191829,-0.20928019,0.37781641,0
2.2911057,-4.2988181,-0.1881367,0.3431173,-0.87848175,0.33247623,0
5.7974582,0.48395967,2.1971426,0.90191829,0.20928019,-0.37781641,0
-3.6896567,-2.5397787,1.6958132,-0.90191829,-0.20928019,0.37781641,0
2.2555795,2.5417097,-5.1181531,0.90191829,0.20928019,-0.37781641,0
0.4525657,1.0729681,5.1155014,0.26232406,0.42950174,0.86412632,0
-5.9454112,0.57405424,-1.9642785,-0.90191829,-0.20928019,0.37781641,0
-6.4864564,1.3314066,-3.3228493,-0.3431173,0.87848175,-0.33247623,0
-1.6284447,4.0264792,-1.215318,-0.3431173,0.87848175,-0.33247623,0
-4.1858501,-2.2180796,0.68950212,-0.90191829,-0.20928019,0.37781641,0
1.5699184,6.4741983,1.9514118,-0.3431173,0.87848175,-0.33247623,0
4.1526823,2.0819144,-0.84410447,0.90191829,0.20928019,-0.37781641,0
0.81248283,-4.5639358,0.63730621,0.3431173,-0.87848175,0.33247623,0
-5.3014956,-2.7119954,-2.2473409,-0.90191829,-0.20928019,0.37781641,0
3.487118,-0.9085772,-4.0894251,0.90191829,0.20928019,-0.37781641,0
2.0033932,5.8843141,-0.054552317,-0.3431173,0.87848175,-0.33247623,0
0.32054067,6.0273819,2.0601826,-0.3431173,0.87848175,-0.33247623,0
2.7802546,-2.067517,-5.6025667,-0.26232406,-0.42950174,-0.86412632,0
-0.59913969,3.9777474,-2.4063272,-0.3431173,0.87848175,-0.33247623,0
-5.46491,-2.5211484,-2.5317283,-0.90191829,-0.20928019,0.37781641,0
-0.56180859,1.7248269,-6.4729428,-0.26232406,-0.42950174,-0.86412632,0
1.7776841,3.2521036,-5.8654776,0.90191829,0.20928019,-0.37781641,0
-2.3818347,4.2306156,0.10156298,-0.3431173,0.87848175,-0.33247623,0
-2.249444,2.3428977,-5.0228677,-0.3431173,0.87848175,-0.33247623,0
-3.7954063,4.0874352,1.182059,-0.3431173,0.87848175,-0.33247623,0
-0.035767555,6.0057697,2.8119664,0.26232406,0.42950174,0.86412632,0
-1.7431037,-6.1763649,-0.98573518,0.3431173,-0.87848175,0.33247623,0
-3.1240001,-1.081207,3.8540738,-0.90191829,-0.20928019,0.37781641,0
-1.847965,-5.3369708,1.3403592,0.3431173,-0.87848175,0.33247623,0
-4.3516612,2.9173951,3.1383238,-0.90191829,-0.20928019,0.37781641,0
1.7136155,-1.8819048,-5.3710213,-0.26232406,-0.42950174,-0.86412632,0
6.3828621,-0.74652886,2.9130194,0.90191829,0.20928019,-0.37781641,0
-3.4295256,-5.3876772,0.73928612,-0.90191829,-0.20928019,0.37781641,0
0.36778587,-0.045656204,-5.8751473,-0.26232406,-0.42950174,-0.86412632,0
3.0332584,-3.1284509,-5.1520495,-0.26232406,-0.42950174,-0.86412632,0
4.6410065,4.1359377,2.3216047,0.26232406,0.42950174,0.86412632,0
-3.9910274,-4.5626826,-0.14414322,-0.90191829,-0.20928019,0.37781641,0
0.20742851,1.1188374,-6.4052629,-0.26232406,-0.42950174,-0.86412632,0
2.3484397,-1.3155632,-5.8452282,-0.26232406,-0.42950174,-0.86412632,0
-5.7186956,-0.92643666,-2.2542186,-0.90191829,-0.20928019,0.37781641,0
-1.2199801,-3.9825692,4.2709289,0.3431173,-0.87848175,0.33247623,0
-0.032508373,-3.3863511,-4.0931845,-0.26232406,-0.42950174,-0.86412632,0
-1.4287511,-1.5693365,-4.5724463,-0.26232406,-0.42950174,-0.86412632,0
-2.2799075,-2.0413949,5.337213,-0.90191829,-0.20928019,0.37781641,0
3.5475833,2.7390592,-1.9245827,0.90191829,0.20928019,-0.37781641,0
4.4693809,3.2059979,2.8359189,0.26232406,0.42950174,0.86412632,0
-0.83039677,-3.7990439,4.3537936,0.3431173,-0.87848175,0.33247623,0
2.897193,6.2862558,0.085070372,-0.3431173,0.87848175,-0.33247623,0
0.55470109,-4.7159305,0.50173283,0.3431173,-0.87848175,0.33247623,0
1.7276385,4.3574185,3.0959358,0.26232406,0.42950174,0.86412632,0
2.0940895,5.7201595,-0.58188617,-0.3431173,0.87848175,-0.33247623,0
0.21526885,3.3320994,4.0646687,0.26232406,0.42950174,0.86412632,0
2.1706436,-2.9436936,-4.9820151,-0.26232406,-0.42950174,-0.86412632,0
1.9982786,4.1911278,3.0964303,0.26232406,0.42950174,0.86412632,0
5.7692513,1.6770201,2.7906678,0.90191829,0.20928019,-0.37781641,0
-0.40944266,-6.1178823,-2.6210892,-0.26232406,-0.42950174,-0.86412632,0
-3.1893613,3.8383191,-0.10160697,-0.3431173,0.87848175,-0.33247623,0
-3.272682,-2.8950741,2.4944048,-0.90191829,-0.20928019,0.37781641,0
3.3886263,6.5811405,1.4864379,0.26232406,0.42950174,0.86412632,0
2.5644276,1.300231,-5.0685554,0.90191829,0.20928019,-0.37781641,0
-4.5095968,-4.1045408,-2.3771024,-0.26232406,-0.42950174,-0.86412632,0
-3.8518195,-2.7315645,1.2024661,-0.90191829,-0.20928019,0.37781641,0
2.2471666,0.86224794,-6.0685244,0.90191829,0.20928019,-0.37781641,0
-4.7444582,-0.80380535,0.1393957,-0.90191829,-0.20928019,0.37781641,0
-5.8260689,-1.7855823,-2.986438,-0.90191829,-0.20928019,0.37781641,0
6.3517475,0.51140404,3.6037958,0.26232406,0.42950174,0.86412632,0
-1.435436,3.9911008,4.2382288,0.26232406,0.42950174,0.86412632,0
-3.223619,2.9020591,5.3223624,0.26232406,0.42950174,0.86412632,0
2.0530026,1.2617939,-6.3107142,0.90191829,0.20928019,-0.37781641,0
0.091635823,1.7880349,4.8696556,0.26232406,0.42950174,0.86412632,0
2.4588356,-0.75723696,-6.156249,-0.26232406,-0.42950174,-0.86412632,0
-4.8288631,2.6977587,1.8774931,-0.90191829,-0.20928019,0.37781641,0
-2.5942001,5.2900405,3.1199775,-0.3431173,0.87848175,-0.33247623,0
-5.4258251,0.70315838,-0.65241617,-0.90191829,-0.20928019,0.37781641,0
-2.564846,-2.8575759,4.2049112,-0.90191829,-0.20928019,0.37781641,0
3.8609147,1.4337723,-1.8996279,0.90191829,0.20928019,-0.37781641,0
4.5021567,2.1294279,0.016475081,0.90191829,0.20928019,-0.37781641,0
-3.3018231,-6.9154549,-1.3299817,0.3431173,-0.87848175,0.33247623,0
-4.9545012,2.1422243,-2.7614613,-0.3431173,0.87848175,-0.33247623,0
-3.332998,4.3942947,1.5156475,-0.3431173,0.87848175,-0.33247623,0
0.076033831,-5.5010505,-1.0787547,0.3431173,-0.87848175,0.33247623,0
-2.3692102,-4.0989809,-3.0296259,-0.26232406,-0.42950174,-0.86412632,0
-4.4329681,0.30849504,1.4991069,-0.90191829,-0.20928019,0.37781641,0
-1.219155,-3.7578583,4.8638177,0.3431173,-0.87848175,0.33247623,0
-4.9134951,1.9449786,1.2584807,-0.90191829,-0.20928019,0.37781641,0
-6.0928402,-1.2287557,-3.3258429,-0.26232406,-0.42950174,-0.86412632,0
0.58601153,3.2087991,4.0134068,0.26232406,0.42950174,0.86412632,0
-0.39365053,-3.8404939,-3.7578268,-0.26232406,-0.42950174,-0.86412632,0
-4.2247839,4.0618734,1.5576384,-0.3431173,0.87848175,-0.33247623,0
3.0312643,-2.1233037,4.7962446,0.3431173,-0.87848175,0.33247623,0
3.1336002,1.413583,-3.6470466,0.90191829,0.20928019,-0.37781641,0
-5.8105063,1.2144542,-4.3294487,-0.3431173,0.87848175,-0.33247623,0
0.53835142,1.4500524,4.9020348,0.26232406,0.42950174,0.86412632,0
5.2757978,-2.5253203,-0.71505988,0.90191829,0.20928019,-0.37781641,0
0.15576434,-2.7886741,-4.4474058,-0.26232406,-0.42950174,-0.86412632,0
6.5955372,-1.1241214,3.211556,0.90191829,0.20928019,-0.37781641,0
-2.1987803,-5.3239098,-2.4725304,-0.26232406,-0.42950174,-0.86412632,0
2.1569257,-2.0389762,5.92138,0.3431173,-0.87848175,0.33247623,0
4.5091777,-4.7663307,-3.7864664,0.90191829,0.20928019,-0.37781641,0
3.3629725,0.055722475,4.7375922,0.26232406,0.42950174,0.86412632,0
4.7349482,4.4027362,2.1604781,0.26232406,0.42950174,0.86412632,0
-6.3242793,1.4206218,-3.2544889,-0.3431173,0.87848175,-0.33247623,0
-4.8571672,3.82567,1.5861555,-0.3431173,0.87848175,-0.33247623,0
2.2958863,-3.4278588,2.1082132,0.3431173,-0.87848175,0.33247623,0
-3.8491302,-4.6822271,0.12837476,-0.90191829,-0.20928019,0.37781641,0
-0.80788606,0.52112675,5.7724237,0.26232406,0.42950174,0.86412632,0
-2.6352293,1.6749809,5.7536459,0.26232406,0.42950174,0.86412632,0
3.292767,-3.7188401,0.31058335,0.3431173,-0.87848175,0.33247623,0
4.0571103,0.40343428,-2.0019975,0.90191829,0.20928019,-0.37781641,0
-5.8528395,2.0264082,-2.1403854,-0.3431173,0.87848175,-0.33247623,0
4.1498489,1.5794873,-1.1291729,0.90191829,0.20928019,-0.37781641,0
-0.57347655,-4.0205641,3.5033422,0.3431173,-0.87848175,0.33247623,0
5.731822,-2.4261765,1.2089918,0.3431173,-0.87848175,0.33247623,0
-4.8361959,0.35979474,-4.496891,-0.26232406,-0.42950174,-0.86412632,0
-1.8143883,-0.55829024,6.6144781,0.26232406,0.42950174,0.86412632,0
-2.1515195,-4.0726786,4.5185294,-0.90191829,-0.20928019,0.37781641,0
-2.4281151,-6.3210516,-0.66109896,0.3431173,-0.87848175,0.33247623,0
2.853977,-2.4026706,4.2410512,0.3431173,-0.87848175,0.33247623,0
1.771893,4.2783499,-4.0589819,-0.3431173,0.87848175,-0.33247623,0
-2.3027804,3.5188119,-1.8607771,-0.3431173,0.87848175,-0.33247623,0
2.9814692,-2.1736467,4.7146153,0.3431173,-0.87848175,0.33247623,0
1.7593222,-5.3990307,-2.5463572,0.3431173,-0.87848175,0.33247623,0
-4.039032,-5.8208485,-0.95566225,-0.90191829,-0.20928019,0.37781641,0
2.9183252,-4.8292341,-2.2369165,0.3431173,-0.87848175,0.33247623,0
0.6955508,-2.6551943,5.8013325,0.3431173,-0.87848175,0.33247623,0
6.326499,-1.4133704,3.271358,0.3431173,-0.87848175,0.33247623,0
0.06832242,2.5776911,-6.7944355,-0.3431173,0.87848175,-0.33247623,0
2.7852807,0.13062194,4.8757353,0.26232406,0.42950174,0.86412632,0
-1.2431045,-4.508009,2.906456,0.3431173,-0.87848175,0.33247623,0
6.5858579,-1.1093252,3.8070581,0.3431173,-0.87848175,0.33247623,0
-5.1957006,3.1221135,0.076559544,-0.3431173,0.87848175,-0.33247623,0
-0.78945851,2.882545,-5.1037035,-0.3431173,0.87848175,-0.33247623,0
1.072001,2.8679852,-7.0632091,-0.3431173,0.87848175,-0.33247623,0
6.0884686,-0.78650212,2.1881032,0.90191829,0.20928019,-0.37781641,0
-3.5804319,5.1401029,4.3182926,0.26232406,0.42950174,0.86412632,0
-2.2483816,-6.5169172,-1.3641095,0.3431173,-0.87848175,0.33247623,0
6.0597353,-1.0501723,4.4686017,0.26232406,0.42950174,0.86412632,0
5.8123212,-1.6893851,1.028764,0.90191829,0.20928019,-0.37781641,0
5.4734378,0.81438541,1.6066741,0.90191829,0.20928019,-0.37781641,0
5.004837,-2.0745604,2.888298,0.3431173,-0.87848175,0.33247623,0
1.160385,-0.75921786,-5.7610922,-0.26232406,-0.42950174,-0.86412632,0
1.5812529,4.8355613,-2.3899555,-0.3431173,0.87848175,-0.33247623,0
1.2068419,2.7166758,4.0695429,0.26232406,0.42950174,0.86412632,0
-5.6947823,2.1791201,-0.47690254,-0.90191829,-0.20928019,0.37781641,0
4.184948,-3.6194289,-0.34748268,0.3431173,-0.87848175,0.33247623,0
-0.84270024,4.5018854,-0.77007437,-0.3431173,0.87848175,-0.33247623,0
3.227999,4.2060409,-1.8748999,0.90191829,0.20928019,-0.37781641,0
-3.1848712,-2.8726592,2.7164407,-0.90191829,-0.20928019,0.37781641,0
0.40757966,-1.9673746,6.640317,0.26232406,0.42950174,0.86412632,0
-1.337769,2.3362813,-5.9812031,-0.3431173,0.87848175,-0.33247623,0
-2.1676428,-1.0003083,-4.6309676,-0.26232406,-0.42950174,-0.86412632,0
-4.4527273,-1.858041,0.25184983,-0.90191829,-0.20928019,0.37781641,0
