5.7773314,0.35100693,0.44112849,0.88583559,0.19413207,-0.42143559,0
-2.3421731,-0.76817638,-4.5825758,-0.4492898,0.13199338,-0.88358158,0
1.7962192,-5.502037,2.7258532,0.11590482,-0.97205478,-0.20414601,0
-1.5287361,-6.3351221,4.8048835,0.11590482,-0.97205478,-0.20414601,0
-1.1594584,-3.8310363,-5.6415148,-0.4492898,0.13199338,-0.88358158,0
2.5700657,-5.0823135,3.5927229,0.4492898,-0.13199338,0.88358158,0
3.9341731,5.2034459,-1.1978421,0.88583559,0.19413207,-0.42143559,0
1.0115823,1.212703,-5.9920039,-0.4492898,0.13199338,-0.88358158,0
3.8768075,4.568686,-1.610821,0.88583559,0.19413207,-0.42143559,0
-1.2720624,-5.2540417,5.5207415,0.4492898,-0.13199338,0.88358158,0
-2.7757192,-4.9707842,-2.3994825,0.11590482,-0.97205478,-0.20414601,0
5.4277821,3.1386082,3.3676896,0.4492898,-0.13199338,0.88358158,0
-4.987464,-5.4710422,-1.2731992,0.11590482,-0.97205478,-0.20414601,0
-1.8590605,0.69800115,6.7083659,0.4492898,-0.13199338,0.88358158,0
5.7574368,4.8926134,2.4913785,0.88583559,0.19413207,-0.42143559,0
1.7800815,4.3027349,-5.9211736,-0.4492898,0.13199338,-0.88358158,0
5.6683674,0.71431077,0.37944627,0.88583559,0.19413207,-0.42143559,0
-6.5304718,-1.1708572,-2.5130346,-0.4492898,0.13199338,-0.88358158,0
-3.8848543,-1.4414041,3.0344725,-0.88583559,-0.19413207,0.42143559,0
3.7770839,1.9462962,-3.0284243,0.88583559,0.19413207,-0.42143559,0
-4.1906939,1.8903086,3.9263504,-0.88583559,-0.19413207,0.42143559,0
3.6891294,2.3456149,-3.0293558,0.88583559,0.19413207,-0.42143559,0
-2.0177362,-5.728631,1.6394033,0.11590482,-0.97205478,-0.20414601,0
4.1283994,1.8599404,-2.3297565,0.88583559,0.19413207,-0.42143559,0
3.2670884,1.3084533,-4.394227,0.88583559,0.19413207,-0.42143559,0
2.4112556,-4.3822141,-2.2570686,0.11590482,-0.97205478,-0.20414601,0
6.5180235,-2.5700595,1.9605296,0.4492898,-0.13199338,0.88358158,0
-2.5998638,-1.8297969,5.5565448,-0.88583559,-0.19413207,0.42143559,0
5.8897066,-3.4139283,-1.0569615,0.88583559,0.19413207,-0.42143559,0
-4.8235183,-1.2794429,1.1360564,-0.88583559,-0.19413207,0.42143559,0
2.8042619,-2.412596,-7.0811462,0.88583559,0.19413207,-0.42143559,0
-0.61238986,5.0719404,-0.0057932734,-0.11590482,0.97205478,0.20414601,0
5.4813118,3.8201287,3.4422789,0.4492898,-0.13199338,0.88358158,0
3.688117,1.5676682,-3.3898411,0.88583559,0.19413207,-0.42143559,0
5.211308,3.3831201,0.64810443,0.88583559,0.19413207,-0.42143559,0
4.929574,-3.984724,2.5569065,0.4492898,-0.13199338,0.88358158,0
2.5990014,-0.80268508,4.21732,0.4492898,-0.13199338,0.88358158,0
0.017697886,5.3146038,-0.80351651,-0.11590482,0.97205478,0.20414601,0
6.2926865,-2.3998704,2.1005337,0.4492898,-0.13199338,0.88358158,0
1.1341953,-4.9243383,-0.40076527,0.11590482,-0.97205478,-0.20414601,0
0.52342921,-4.8910341,-0.90611041,0.11590482,-0.97205478,-0.20414601,0
-4.2328596,-5.3340654,-1.4969916,0.11590482,-0.97205478,-0.20414601,0
-2.6794028,4.1435742,3.2411273,-0.11590482,0.97205478,0.20414601,0
5.0575972,3.2845349,3.577723,0.4492898,-0.13199338,0.88358158,0
-3.3609896,3.9246964,3.8963554,-0.11590482,0.97205478,0.20414601,0
-1.7751442,-6.4107122,5.0249138,0.11590482,-0.97205478,-0.20414601,0
-0.17985314,4.8727417,1.1882772,-0.11590482,0.97205478,0.20414601,0
-0.3054409,-4.4961967,5.1424375,0.4492898,-0.13199338,0.88358158,0
6.3352413,-1.9978267,2.1389542,0.4492898,-0.13199338,0.88358158,0
-4.7856269,0.52487791,2.0468531,-0.88583559,-0.19413207,0.42143559,0
5.7588253,-3.9147372,2.1456981,0.4492898,-0.13199338,0.88358158,0
-2.8690071,-2.3272018,4.761692,-0.88583559,-0.19413207,0.42143559,0
2.6430209,-3.2652702,-7.4438872,0.11590482,-0.97205478,-0.20414601,0
2.9957116,4.6676893,-3.4172332,0.88583559,0.19413207,-0.42143559,0
-1.2323463,-4.2857552,-4.785037,0.11590482,-0.97205478,-0.20414601,0
0.70820737,4.7565799,2.2455904,-0.11590482,0.97205478,0.20414601,0
-1.9418092,-1.5286207,6.41782,0.4492898,-0.13199338,0.88358158,0
6.2148247,-2.8967552,-0.13534737,0.88583559,0.19413207,-0.42143559,0
4.376123,0.23266743,-2.5586491,0.88583559,0.19413207,-0.42143559,0
-6.1838679,3.0958962,0.29214859,-0.88583559,-0.19413207,0.42143559,0
-5.3168058,3.7465501,2.4143891,-0.88583559,-0.19413207,0.42143559,0
-6.331934,2.3802922,-0.34871721,-0.88583559,-0.19413207,0.42143559,0
-1.9183533,3.8824394,4.9166279,-0.11590482,0.97205478,0.20414601,0
1.8458141,-1.0944542,-6.7608538,-0.4492898,0.13199338,-0.88358158,0
0.48343468,4.3543653,-5.2541323,-0.4492898,0.13199338,-0.88358158,0
-0.3125639,-3.4914608,5.2961521,0.4492898,-0.13199338,0.88358158,0
-3.2013752,-2.9860008,3.759599,-0.88583559,-0.19413207,0.42143559,0
-3.3046784,-4.7800517,2.716042,-0.88583559,-0.19413207,0.42143559,0
-4.9342446,0.083538063,1.5311649,-0.88583559,-0.19413207,0.42143559,0
-3.2872047,-5.1041603,-2.0548007,0.11590482,-0.97205478,-0.20414601,0
-3.1621189,-3.8878534,3.4266801,-0.88583559,-0.19413207,0.42143559,0
-0.24288327,5.2976894,-0.87092286,-0.11590482,0.97205478,0.20414601,0
1.7101576,5.6463518,-1.4222554,-0.11590482,0.97205478,0.20414601,0
1.0191448,-4.5948224,-2.0350981,0.11590482,-0.97205478,-0.20414601,0
1.0868232,5.626812,-1.683116,-0.11590482,0.97205478,0.20414601,0
-2.4603164,2.7653313,-3.9946504,-0.4492898,0.13199338,-0.88358158,0
2.0715733,5.3369536,0.2561605,-0.11590482,0.97205478,0.20414601,0
-5.4199772,-1.5625024,-3.1362121,-0.4492898,0.13199338,-0.88358158,0
0.34011939,5.5407391,-1.6972187,-0.11590482,0.97205478,0.20414601,0
5.1015916,1.0442287,-0.65991163,0.88583559,0.19413207,-0.42143559,0
6.5294371,-2.0764971,0.9037987,0.88583559,0.19413207,-0.42143559,0
-6.2362695,0.34002009,-1.0874757,-0.88583559,-0.19413207,0.42143559,0
-6.2900491,4.4488344,-0.26234961,-0.11590482,0.97205478,0.20414601,0
-1.7657235,5.288949,-3.9708524,-0.4492898,0.13199338,-0.88358158,0
-4.5256281,3.5952544,-2.820488,-0.4492898,0.13199338,-0.88358158,0
2.4363191,3.235867,4.903338,0.4492898,-0.13199338,0.88358158,0
-6.7252827,2.1433849,-1.9188794,-0.4492898,0.13199338,-0.88358158,0
-2.2823246,-3.2880595,5.5522537,-0.88583559,-0.19413207,0.42143559,0
-5.7057033,0.45836627,0.082262278,-0.88583559,-0.19413207,0.42143559,0
-0.088223457,5.7633429,-3.0003548,-0.11590482,0.97205478,0.20414601,0
4.7415681,3.5627937,3.7799871,0.4492898,-0.13199338,0.88358158,0
3.7521474,2.7710187,4.1648154,0.4492898,-0.13199338,0.88358158,0
3.3350499,-4.0599403,3.3564651,0.4492898,-0.13199338,0.88358158,0
-1.3294127,2.2423992,-4.6478181,-0.4492898,0.13199338,-0.88358158,0
4.9973845,-1.7972617,-2.1878664,0.88583559,0.19413207,-0.42143559,0
0.99021506,3.3136075,-5.6672964,-0.4492898,0.13199338,-0.88358158,0
-3.3362298,-5.3285608,-1.0141369,0.11590482,-0.97205478,-0.20414601,0
2.7048187,4.1757421,-4.2552872,0.88583559,0.19413207,-0.42143559,0
6.8952217,-4.1385021,0.72280836,0.88583559,0.19413207,-0.42143559,0
-2.0139048,-4.6123328,5.5064402,-0.88583559,-0.19413207,0.42143559,0
5.0089555,-3.3649421,-2.8856885,0.88583559,0.19413207,-0.42143559,0
-0.78632212,-3.1901965,5.5820556,0.4492898,-0.13199338,0.88358158,0
6.4319248,2.198076,2.7165949,0.4492898,-0.13199338,0.88358158,0
-3.9094782,5.1999264,-2.4871438,-0.11590482,0.97205478,0.20414601,0
4.6382713,2.494801,3.6729703,0.4492898,-0.13199338,0.88358158,0
2.6456077,5.1567354,-3.9278564,0.88583559,0.19413207,-0.42143559,0
2.8282225,-1.1737278,-6.4601049,0.88583559,0.19413207,-0.42143559,0
-1.9426854,4.8465028,-3.9469643,-0.4492898,0.13199338,-0.88358158,0
0.08564949,-3.9879622,-5.4546995,0.11590482,-0.97205478,-0.20414601,0
-0.85096931,4.440505,-4.562737,-0.4492898,0.13199338,-0.88358158,0
-3.030293,1.5390866,6.2036633,-0.88583559,-0.19413207,0.42143559,0
-5.7679415,-4.101059,-2.1488347,-0.88583559,-0.19413207,0.42143559,0
-5.1965656,1.0896864,-2.8536184,-0.4492898,0.13199338,-0.88358158,0
-0.93828952,-1.0036074,5.9859715,0.4492898,-0.13199338,0.88358158,0
5.8260298,1.672774,1.1523566,0.88583559,0.19413207,-0.42143559,0
-2.859138,-5.3146973,-0.80927956,0.11590482,-0.97205478,-0.20414601,0
-5.1672688,-4.8877258,-3.7614481,-0.4492898,0.13199338,-0.88358158,0
-3.2912221,4.2613182,2.333118,-0.11590482,0.97205478,0.20414601,0
-1.526517,-5.9757576,3.0950069,0.11590482,-0.97205478,-0.20414601,0
0.67469072,-5.0137897,4.5667329,0.4492898,-0.13199338,0.88358158,0
-1.2095715,4.4923644,2.4148426,-0.11590482,0.97205478,0.20414601,0
2.6268444,3.6277671,-4.6716075,0.88583559,0.19413207,-0.42143559,0
2.4112687,-4.6474271,-0.99423355,0.11590482,-0.97205478,-0.20414601,0
-4.9091487,-4.930088,-3.8045239,0.11590482,-0.97205478,-0.20414601,0
0.8628819,-5.1981611,4.4434981,0.4492898,-0.13199338,0.88358158,0
6.1376843,-1.4232965,2.3252356,0.4492898,-0.13199338,0.88358158,0
1.3967177,1.3680806,-6.1646299,-0.4492898,0.13199338,-0.88358158,0
-3.4841974,4.0310626,-3.2849395,-0.4492898,0.13199338,-0.88358158,0
5.2518687,-0.43689504,-1.0263081,0.88583559,0.19413207,-0.42143559,0
0.89700627,4.5457764,3.3565357,-0.11590482,0.97205478,0.20414601,0
3.0081275,-3.635747,-5.4725456,0.11590482,-0.97205478,-0.20414601,0
4.7076082,-0.78198421,3.1482124,0.4492898,-0.13199338,0.88358158,0
5.379281,3.6244054,1.1123214,0.88583559,0.19413207,-0.42143559,0
-0.15487802,-6.1031599,4.4803939,0.11590482,-0.97205478,-0.20414601,0
-5.1711216,-4.9721718,-3.7528763,0.11590482,-0.97205478,-0.20414601,0
-3.4360993,-3.7535567,2.9126515,-0.88583559,-0.19413207,0.42143559,0
-4.2576795,4.9168339,-1.3368734,-0.11590482,0.97205478,0.20414601,0
-4.5657911,-0.081328213,2.2296906,-0.88583559,-0.19413207,0.42143559,0
3.6206577,-4.5794988,-0.63104284,0.11590482,-0.97205478,-0.20414601,0
5.8491173,-4.2203684,-1.0758467,0.11590482,-0.97205478,-0.20414601,0
-4.059495,-3.7239432,1.6159484,-0.88583559,-0.19413207,0.42143559,0
0.4184916,3.1024098,5.909441,0.4492898,-0.13199338,0.88358158,0
3.2628894,-4.9058552,3.2667911,0.4492898,-0.13199338,0.88358158,0
-4.2328081,-1.8411056,2.1189713,-0.88583559,-0.19413207,0.42143559,0
-2.7089853,-2.2728419,5.1230903,-0.88583559,-0.19413207,0.42143559,0
6.7827888,-3.776979,0.65301299,0.88583559,0.19413207,-0.42143559,0
0.095987916,6.0555863,-4.2873058,-0.11590482,0.97205478,0.20414601,0
3.1743658,3.085911,-3.7703483,0.88583559,0.19413207,-0.42143559,0
-0.46697927,-3.1006794,-5.8845272,-0.4492898,0.13199338,-0.88358158,0
3.9072807,-2.8437068,-4.9612474,0.88583559,0.19413207,-0.42143559,0
0.97054768,3.4422994,5.679502,0.4492898,-0.13199338,0.88358158,0
5.2215557,0.77458173,-0.53196383,0.88583559,0.19413207,-0.42143559,0
-0.4175719,4.5586581,2.5488429,-0.11590482,0.97205478,0.20414601,0
-4.2633381,-4.9846687,0.60673356,-0.88583559,-0.19413207,0.42143559,0
-5.5841179,-4.7549787,-3.5296557,-0.4492898,0.13199338,-0.88358158,0
-2.3929267,-5.5796704,0.71710229,0.11590482,-0.97205478,-0.20414601,0
-5.4803176,-2.413105,-3.2325969,-0.4492898,0.13199338,-0.88358158,0
5.8141441,-2.5801542,-0.83171678,0.88583559,0.19413207,-0.42143559,0
4.1582184,2.4636397,3.9124165,0.4492898,-0.13199338,0.88358158,0
-1.5954449,-4.3277421,-4.7912621,0.11590482,-0.97205478,-0.20414601,0
-0.82675993,5.1022501,-0.27182394,-0.11590482,0.97205478,0.20414601,0
-2.2196476,-4.9956336,4.8974123,-0.88583559,-0.19413207,0.42143559,0
2.2018437,4.3112798,-5.2500792,0.88583559,0.19413207,-0.42143559,0
-3.1939881,-4.0139952,3.3015871,-0.88583559,-0.19413207,0.42143559,0
2.74968,5.0422578,2.0443718,-0.11590482,0.97205478,0.20414601,0
2.7145143,4.0463328,-4.2945199,0.88583559,0.19413207,-0.42143559,0
-2.9575615,-5.7445221,3.0013845,-0.88583559,-0.19413207,0.42143559,0
-4.4480515,-0.61607563,-3.4890423,-0.4492898,0.13199338,-0.88358158,0
1.6101596,2.3819513,5.1958685,0.4492898,-0.13199338,0.88358158,0
-1.0771085,4.5875583,2.0367773,-0.11590482,0.97205478,0.20414601,0
-5.4154544,3.6684482,2.1710572,-0.88583559,-0.19413207,0.42143559,0
5.4274311,4.0787926,1.4228435,0.88583559,0.19413207,-0.42143559,0
-2.2677569,-6.0264702,2.9156349,0.11590482,-0.97205478,-0.20414601,0
-3.1686716,-2.4274507,-4.410182,-0.4492898,0.13199338,-0.88358158,0
3.0078299,2.1347005,4.4482355,0.4492898,-0.13199338,0.88358158,0
1.9227834,-3.180769,4.2059188,0.4492898,-0.13199338,0.88358158,0
4.1124201,0.70491672,3.6729779,0.4492898,-0.13199338,0.88358158,0
0.32995021,-5.6832376,2.7561707,0.11590482,-0.97205478,-0.20414601,0
-2.0836875,-1.9403722,-4.8891206,-0.4492898,0.13199338,-0.88358158,0
5.9738488,-4.5694809,0.65729141,0.11590482,-0.97205478,-0.20414601,0
2.472739,1.4265149,-6.0095224,0.88583559,0.19413207,-0.42143559,0
3.2159667,-4.7399416,-0.096846819,0.11590482,-0.97205478,-0.20414601,0
4.855628,-3.4850893,-3.2633197,0.88583559,0.19413207,-0.42143559,0
2.6511397,-0.86076719,-6.6881599,0.88583559,0.19413207,-0.42143559,0
5.1651068,5.3876081,1.7713327,-0.11590482,0.97205478,0.20414601,0
3.0133445,4.8638825,3.0434141,-0.11590482,0.97205478,0.20414601,0
4.6239281,4.3159919,-0.15681529,0.88583559,0.19413207,-0.42143559,0
0.54293704,-1.3235128,5.184998,0.4492898,-0.13199338,0.88358158,0
-5.2055416,-5.1228938,-3.0547447,0.11590482,-0.97205478,-0.20414601,0
-6.2054429,2.5399318,-0.0093026161,-0.88583559,-0.19413207,0.42143559,0
-3.0630894,2.1915557,6.4352837,-0.88583559,-0.19413207,0.42143559,0
1.4580803,-0.025235534,4.9136019,0.4492898,-0.13199338,0.88358158,0
3.2496634,-2.8642244,-6.3529758,0.88583559,0.19413207,-0.42143559,0
5.7238059,1.1468697,2.9196301,0.4492898,-0.13199338,0.88358158,0
-1.6615471,0.76746523,6.6183095,0.4492898,-0.13199338,0.88358158,0
0.33004427,-3.7453938,4.9314594,0.4492898,-0.13199338,0.88358158,0
-0.46436694,5.334311,-1.1710472,-0.11590482,0.97205478,0.20414601,0
-1.1139938,0.1451568,6.2469225,0.4492898,-0.13199338,0.88358158,0
-6.2262545,1.7936852,-2.2248685,-0.4492898,0.13199338,-0.88358158,0
1.8159781,5.9294567,-2.7101972,-0.11590482,0.97205478,0.20414601,0
6.0908365,4.3103747,3.2055786,0.4492898,-0.13199338,0.88358158,0
-6.5534506,0.52411222,-1.6693735,-0.88583559,-0.19413207,0.42143559,0
0.34912491,-1.1605893,5.3078871,0.4492898,-0.13199338,0.88358158,0
-1.1972723,5.5797796,-4.2164569,-0.4492898,0.13199338,-0.88358158,0
6.0120516,2.1396132,2.9213614,0.4492898,-0.13199338,0.88358158,0
1.07586,5.3654585,-0.44489002,-0.11590482,0.97205478,0.20414601,0
-2.954191,-0.039943755,-4.1625862,-0.4492898,0.13199338,-0.88358158,0
4.7495975,-1.9537337,2.9518206,0.4492898,-0.13199338,0.88358158,0
-3.2290251,2.8292406,6.3802414,-0.88583559,-0.19413207,0.42143559,0
-4.6318259,-3.663691,0.44069147,-0.88583559,-0.19413207,0.42143559,0
5.7483892,-2.9776795,-1.1530473,0.88583559,0.19413207,-0.42143559,0
0.20882154,5.109036,-5.0017591,-0.4492898,0.13199338,-0.88358158,0
-1.2737463,4.3234873,3.1825292,-0.11590482,0.97205478,0.20414601,0
-1.7777684,4.6070328,1.5462461,-0.11590482,0.97205478,0.20414601,0
-4.5986614,-2.5047257,1.0442736,-0.88583559,-0.19413207,0.42143559,0
-4.3458443,-2.2668164,-3.7876089,-0.4492898,0.13199338,-0.88358158,0
-2.5799985,-4.1897287,4.5112095,-0.88583559,-0.19413207,0.42143559,0
5.793911,0.85140765,0.70648599,0.88583559,0.19413207,-0.42143559,0
2.8646243,0.91328639,4.338593,0.4492898,-0.13199338,0.88358158,0
-3.6037345,4.4285512,1.3593969,-0.11590482,0.97205478,0.20414601,0
3.3900039,1.1468881,-4.2102895,0.88583559,0.19413207,-0.42143559,0
2.9636929,0.25999624,-5.514915,0.88583559,0.19413207,-0.42143559,0
5.1135349,-4.1259928,-1.9428546,0.11590482,-0.97205478,-0.20414601,0
1.5533036,-5.333488,1.7853782,0.11590482,-0.97205478,-0.20414601,0
-1.5996425,-3.4640338,5.9547119,0.4492898,-0.13199338,0.88358158,0
4.7330875,-4.7746611,0.92982244,0.11590482,-0.97205478,-0.20414601,0
5.8220057,-3.6540031,-1.3098536,0.88583559,0.19413207,-0.42143559,0
-5.506258,4.6624093,-0.83430231,-0.11590482,0.97205478,0.20414601,0
1.8640983,2.0712981,5.0203366,0.4492898,-0.13199338,0.88358158,0
-4.6710334,4.2175989,1.7578955,-0.11590482,0.97205478,0.20414601,0
1.0033072,5.8895168,-2.9814181,-0.11590482,0.97205478,0.20414601,0
-0.55270696,5.6994514,-2.9598455,-0.11590482,0.97205478,0.20414601,0
-6.0712562,3.5087466,0.71903062,-0.88583559,-0.19413207,0.42143559,0
-4.7500963,5.0674577,-2.3336501,-0.11590482,0.97205478,0.20414601,0
-4.2599268,-5.453042,0.39814973,-0.88583559,-0.19413207,0.42143559,0
-5.2526774,-3.4982102,-3.510447,-0.4492898,0.13199338,-0.88358158,0
-3.1253753,1.982824,-3.7733707,-0.4492898,0.13199338,-0.88358158,0
-5.2437911,1.113636,1.3550243,-0.88583559,-0.19413207,0.42143559,0
2.297663,0.51784015,4.567812,0.4492898,-0.13199338,0.88358158,0
2.9946895,4.8505635,-3.3351419,0.88583559,0.19413207,-0.42143559,0
1.2784007,3.6793849,-5.7591939,-0.4492898,0.13199338,-0.88358158,0
0.12685871,2.7853706,-5.3072014,-0.4492898,0.13199338,-0.88358158,0
3.1078868,-5.4007235,2.9881449,0.11590482,-0.97205478,-0.20414601,0
0.10949993,-4.5811863,-2.6164839,0.11590482,-0.97205478,-0.20414601,0
2.7910192,5.0607042,-3.666446,0.88583559,0.19413207,-0.42143559,0
6.8447537,-3.6921287,1.6267716,0.4492898,-0.13199338,0.88358158,0
-2.5586467,-4.7827244,-3.1716979,0.11590482,-0.97205478,-0.20414601,0
-4.8506484,-5.0184674,-0.64333129,-0.88583559,-0.19413207,0.42143559,0
-3.1066365,4.8201642,-0.22306406,-0.11590482,0.97205478,0.20414601,0
-6.5272403,2.4045093,-1.9805732,-0.4492898,0.13199338,-0.88358158,0
1.0972607,-4.2353387,4.4681501,0.4492898,-0.13199338,0.88358158,0
1.9479909,4.8707952,2.4056401,-0.11590482,0.97205478,0.20414601,0
3.7993426,0.8608793,3.8554726,0.4492898,-0.13199338,0.88358158,0
-2.1777375,4.6781712,0.98043132,-0.11590482,0.97205478,0.20414601,0
6.0567255,4.0386548,2.727097,0.88583559,0.19413207,-0.42143559,0
-6.4598637,-0.064389229,-2.3836486,-0.4492898,0.13199338,-0.88358158,0
5.8510327,-4.7775545,1.5783193,0.11590482,-0.97205478,-0.20414601,0
3.380522,-5.3760929,3.0256562,0.11590482,-0.97205478,-0.20414601,0
-4.347692,2.3107333,-3.1028543,-0.4492898,0.13199338,-0.88358158,0
2.6216469,-5.3623528,2.5293779,0.11590482,-0.97205478,-0.20414601,0
0.29548931,3.9431753,5.8843479,-0.11590482,0.97205478,0.20414601,0
-5.9857063,-1.6291342,-1.4678849,-0.88583559,-0.19413207,0.42143559,0
-5.1130018,3.9229627,2.9098961,-0.11590482,0.97205478,0.20414601,0
0.25985217,-4.432126,-3.2408805,0.11590482,-0.97205478,-0.20414601,0
4.8350911,-0.21587776,-1.8005419,0.88583559,0.19413207,-0.42143559,0
-3.8984938,2.6833231,4.9058371,-0.88583559,-0.19413207,0.42143559,0
-1.5303364,2.6887245,6.8385973,0.4492898,-0.13199338,0.88358158,0
5.3593054,4.0906758,1.2851197,0.88583559,0.19413207,-0.42143559,0
5.4100304,1.3711729,0.13901544,0.88583559,0.19413207,-0.42143559,0
-5.1025448,-0.90906078,0.72017264,-0.88583559,-0.19413207,0.42143559,0
2.0742443,3.3276935,5.1011662,0.4492898,-0.13199338,0.88358158,0
1.8776708,-4.3906779,4.0481162,0.4492898,-0.13199338,0.88358158,0
5.8682947,2.117275,2.9911232,0.4492898,-0.13199338,0.88358158,0
3.5001888,0.34139758,3.9299855,0.4492898,-0.13199338,0.88358158,0
-4.8927546,-5.115232,-2.9136419,0.11590482,-0.97205478,-0.20414601,0
1.0863969,-1.0568308,4.948494,0.4492898,-0.13199338,0.88358158,0
-3.1134381,4.0028033,-3.4776871,-0.4492898,0.13199338,-0.88358158,0
3.9881589,-0.28919625,-3.6145229,0.88583559,0.19413207,-0.42143559,0
-4.8268585,-4.707839,-0.4502368,-0.88583559,-0.19413207,0.42143559,0
6.5565825,-0.25928488,1.7979479,0.88583559,0.19413207,-0.42143559,0
-6.0995579,-1.9894307,-1.8731647,-0.88583559,-0.19413207,0.42143559,0
2.0649238,2.9090619,5.0433688,0.4492898,-0.13199338,0.88358158,0
0.16013014,6.1332808,-4.6208358,-0.11590482,0.97205478,0.20414601,0
-4.2154593,4.8158836,-0.83222067,-0.11590482,0.97205478,0.20414601,0
-2.4000609,3.8724914,4.6905041,-0.11590482,0.97205478,0.20414601,0
2.0129681,4.9128723,2.2421799,-0.11590482,0.97205478,0.20414601,0
-3.6117659,-4.2594271,2.3103819,-0.88583559,-0.19413207,0.42143559,0
-5.1746516,-0.38942879,0.80797267,-0.88583559,-0.19413207,0.42143559,0
6.0599756,3.7193162,2.5868278,0.88583559,0.19413207,-0.42143559,0
2.4308379,4.3808966,-4.7366772,0.88583559,0.19413207,-0.42143559,0
-1.5091966,-6.0081568,3.2591095,0.11590482,-0.97205478,-0.20414601,0
-0.46505427,3.0618138,6.3526483,0.4492898,-0.13199338,0.88358158,0
-4.0407372,1.4237305,4.0266247,-0.88583559,-0.19413207,0.42143559,0
-5.1949439,3.3902881,2.5064268,-0.88583559,-0.19413207,0.42143559,0
-0.80061108,-5.347352,0.51494682,0.11590482,-0.97205478,-0.20414601,0
1.8568267,-4.8726625,-0.23654675,0.11590482,-0.97205478,-0.20414601,0
3.977371,-3.6694617,-4.7617183,0.11590482,-0.97205478,-0.20414601,0
3.4230659,-0.028227806,3.9139853,0.4492898,-0.13199338,0.88358158,0
0.52175856,-3.9982264,-5.1582222,0.11590482,-0.97205478,-0.20414601,0
2.3779514,2.2867374,4.7912321,0.4492898,-0.13199338,0.88358158,0
3.4651709,4.8245573,3.4871902,-0.11590482,0.97205478,0.20414601,0
5.2671337,-1.5261297,2.7525377,0.4492898,-0.13199338,0.88358158,0
-4.9390125,-2.2580137,-3.4846749,-0.4492898,0.13199338,-0.88358158,0
-0.11409307,-0.28465474,-5.6432953,-0.4492898,0.13199338,-0.88358158,0
2.6446033,4.8521919,-4.0702543,0.88583559,0.19413207,-0.42143559,0
1.9562111,2.936322,5.1027198,0.4492898,-0.13199338,0.88358158,0
-0.38433796,-5.9000311,3.382905,0.11590482,-0.97205478,-0.20414601,0
-6.3552656,-2.0122128,-2.4211431,-0.88583559,-0.19413207,0.42143559,0
0.91970086,4.6511917,2.8674788,-0.11590482,0.97205478,0.20414601,0
3.7563963,-1.2553614,-4.5467348,0.88583559,0.19413207,-0.42143559,0
5.2636995,1.3466482,3.1834321,0.4492898,-0.13199338,0.88358158,0
1.9146991,2.9962242,5.1327767,0.4492898,-0.13199338,0.88358158,0
-0.053018928,-5.8337917,3.2556107,0.11590482,-0.97205478,-0.20414601,0
4.5332351,-4.2660956,-1.6052136,0.11590482,-0.97205478,-0.20414601,0
0.28339586,5.4758348,-1.420377,-0.11590482,0.97205478,0.20414601,0
4.3880548,-4.5054135,-0.54811132,0.11590482,-0.97205478,-0.20414601,0
4.794034,-3.9863582,-2.7891316,0.11590482,-0.97205478,-0.20414601,0
6.2942152,-1.2374289,2.2734077,0.4492898,-0.13199338,0.88358158,0
-4.9191732,0.54353738,-3.0762548,-0.4492898,0.13199338,-0.88358158,0
1.9973333,-2.8492761,-7.1000428,-0.4492898,0.13199338,-0.88358158,0
-3.5193677,-4.6286492,-4.4507904,0.11590482,-0.97205478,-0.20414601,0
-2.6572626,5.0713558,-1.1639963,-0.11590482,0.97205478,0.20414601,0
4.8957367,0.36612457,-1.4049718,0.88583559,0.19413207,-0.42143559,0
5.7767863,-4.4256601,-0.1394031,0.11590482,-0.97205478,-0.20414601,0
-0.97837377,-1.075954,-5.3220272,-0.4492898,0.13199338,-0.88358158,0
5.5698037,-3.1965985,-1.6292677,0.88583559,0.19413207,-0.42143559,0
4.2245431,2.0909228,-2.0212669,0.88583559,0.19413207,-0.42143559,0
-5.3029003,-5.250391,-2.502934,0.11590482,-0.97205478,-0.20414601,0
-1.4930522,-4.3115654,-4.8101573,0.11590482,-0.97205478,-0.20414601,0
-4.648334,-0.26670584,1.9707971,-0.88583559,-0.19413207,0.42143559,0
2.0033362,-4.5591869,3.9590445,0.4492898,-0.13199338,0.88358158,0
-0.77680635,2.6850514,6.4548879,0.4492898,-0.13199338,0.88358158,0
0.19693565,-4.2012901,-4.3757401,0.11590482,-0.97205478,-0.20414601,0
-5.3732052,-3.6447561,-1.1089258,-0.88583559,-0.19413207,0.42143559,0
3.7894962,1.0033817,-3.4366832,0.88583559,0.19413207,-0.42143559,0
5.2180967,-4.550601,0.13831377,0.11590482,-0.97205478,-0.20414601,0
-3.1955163,-0.18878675,-4.0621099,-0.4492898,0.13199338,-0.88358158,0
-4.3738513,4.9506531,-1.5638639,-0.11590482,0.97205478,0.20414601,0
5.5593901,3.3611655,1.3696425,0.88583559,0.19413207,-0.42143559,0
4.5564218,-1.6652465,3.0931435,0.4492898,-0.13199338,0.88358158,0
3.7205024,-5.2081833,2.4191685,0.11590482,-0.97205478,-0.20414601,0
0.016845465,-1.1891255,-5.8449898,-0.4492898,0.13199338,-0.88358158,0
-5.8662167,-0.98996615,-0.92229462,-0.88583559,-0.19413207,0.42143559,0
-3.7030563,0.55315107,-3.6931984,-0.4492898,0.13199338,-0.88358158,0
6.8656678,-4.5033236,0.84861255,0.11590482,-0.97205478,-0.20414601,0
-5.3836231,2.4436707,-2.5562379,-0.4492898,0.13199338,-0.88358158,0
4.2276859,1.2112582,3.6900063,0.4492898,-0.13199338,0.88358158,0
0.28504896,-4.1260691,-4.6838827,0.11590482,-0.97205478,-0.20414601,0
-3.4834621,-4.2136607,2.6011534,-0.88583559,-0.19413207,0.42143559,0
-0.33717901,4.6420927,2.1972072,-0.11590482,0.97205478,0.20414601,0
-1.8817425,5.3246078,-1.9295666,-0.11590482,0.97205478,0.20414601,0
-3.6223588,4.6323667,0.37834132,-0.11590482,0.97205478,0.20414601,0
-5.6125188,-2.7398126,-3.2141793,-0.4492898,0.13199338,-0.88358158,0
-1.723491,1.1375587,-4.6124802,-0.4492898,0.13199338,-0.88358158,0
-0.48347259,-3.9986134,-5.7271037,0.11590482,-0.97205478,-0.20414601,0
-1.7632356,-5.2540717,5.7377191,-0.88583559,-0.19413207,0.42143559,0
2.3230498,4.1306019,-5.0785398,0.88583559,0.19413207,-0.42143559,0
-6.3769512,2.953407,-1.9749964,-0.4492898,0.13199338,-0.88358158,0
-0.94512212,-4.6543908,-2.8666806,0.11590482,-0.97205478,-0.20414601,0
5.1599007,-0.012287378,3.0332088,0.4492898,-0.13199338,0.88358158,0
6.8330574,-1.1832035,1.9534848,0.88583559,0.19413207,-0.42143559,0
5.8802805,2.0001702,1.4172006,0.88583559,0.19413207,-0.42143559,0
-7.0984383,3.4559274,-1.4643829,-0.88583559,-0.19413207,0.42143559,0
1.7050315,-4.8488092,-0.43630683,0.11590482,-0.97205478,-0.20414601,0
6.1034927,0.0072084367,0.96833575,0.88583559,0.19413207,-0.42143559,0
-1.3493025,-2.810817,-5.3925762,-0.4492898,0.13199338,-0.88358158,0
-2.2322335,5.1279325,-1.1920766,-0.11590482,0.97205478,0.20414601,0
3.319109,0.35864115,4.0246382,0.4492898,-0.13199338,0.88358158,0
3.3204184,2.5562148,-3.707356,0.88583559,0.19413207,-0.42143559,0
2.3778529,-3.731169,-5.376029,0.11590482,-0.97205478,-0.20414601,0
-3.5218446,-4.7035522,2.2948084,-0.88583559,-0.19413207,0.42143559,0
-2.1413224,-1.4802184,6.5265002,0.4492898,-0.13199338,0.88358158,0
-6.4934835,4.3279061,0.19795728,-0.11590482,0.97205478,0.20414601,0
5.3806405,1.6441038,0.20296454,0.88583559,0.19413207,-0.42143559,0
2.0166895,-5.1065722,0.96799219,0.11590482,-0.97205478,-0.20414601,0
-6.2081518,0.43002638,-0.98691213,-0.88583559,-0.19413207,0.42143559,0
-5.2457132,1.3960876,-2.7828555,-0.4492898,0.13199338,-0.88358158,0
2.2129629,4.4994674,4.3241811,-0.11590482,0.97205478,0.20414601,0
-6.3131218,1.3342754,-0.79101729,-0.88583559,-0.19413207,0.42143559,0
-2.0904264,3.6330047,6.0066309,-0.11590482,0.97205478,0.20414601,0
-2.9624388,-1.6416349,4.8811064,-0.88583559,-0.19413207,0.42143559,0
-6.8082743,4.3111339,-0.46052623,-0.88583559,-0.19413207,0.42143559,0
2.7075682,-1.7390795,-6.9741397,0.88583559,0.19413207,-0.42143559,0
-1.355029,-6.0875111,3.7244918,0.11590482,-0.97205478,-0.20414601,0
-3.6349277,5.1276069,-1.9869125,-0.11590482,0.97205478,0.20414601,0
-0.45182681,1.621943,6.1308279,0.4492898,-0.13199338,0.88358158,0
-2.3912373,-2.4453816,5.7115006,-0.88583559,-0.19413207,0.42143559,0
-3.6964853,-2.7925069,2.8080359,-0.88583559,-0.19413207,0.42143559,0
2.4172039,1.1421328,4.600287,0.4492898,-0.13199338,0.88358158,0
3.7583127,-1.6327944,3.5038195,0.4492898,-0.13199338,0.88358158,0
1.0144122,5.9082923,-3.0645156,-0.11590482,0.97205478,0.20414601,0
-5.7050443,-2.8207123,-1.4268425,-0.88583559,-0.19413207,0.42143559,0
0.66053152,-3.9352825,-5.3791451,0.11590482,-0.97205478,-0.20414601,0
0.62298357,6.1438928,-4.408576,-0.11590482,0.97205478,0.20414601,0
3.4371572,-4.4874945,-1.1733102,0.11590482,-0.97205478,-0.20414601,0
-3.317615,-5.7879062,2.2245865,-0.88583559,-0.19413207,0.42143559,0
-5.779129,4.3397312,0.54722905,-0.11590482,0.97205478,0.20414601,0
-3.0479386,2.0726933,-3.7993217,-0.4492898,0.13199338,-0.88358158,0
0.014926195,1.0151105,-5.5147347,-0.4492898,0.13199338,-0.88358158,0
6.538342,1.4373517,2.5411525,0.88583559,0.19413207,-0.42143559,0
3.5299737,4.1672988,-2.5247436,0.88583559,0.19413207,-0.42143559,0
2.7017202,5.8629985,-3.4845743,0.88583559,0.19413207,-0.42143559,0
2.4692469,-3.4788673,-6.5254898,0.11590482,-0.97205478,-0.20414601,0
5.9987011,-4.0105424,2.0094118,0.4492898,-0.13199338,0.88358158,0
6.2981367,2.683527,2.6102984,0.88583559,0.19413207,-0.42143559,0
-1.0665388,1.0526795,-4.9592113,-0.4492898,0.13199338,-0.88358158,0
-0.015989304,4.2564125,4.2160053,-0.11590482,0.97205478,0.20414601,0
1.6941383,5.3023233,0.2067641,-0.11590482,0.97205478,0.20414601,0
4.4272313,3.2376945,-1.066973,0.88583559,0.19413207,-0.42143559,0
-4.7043715,4.9772806,-1.8783047,-0.11590482,0.97205478,0.20414601,0
5.7231674,-4.6513829,0.90494812,0.11590482,-0.97205478,-0.20414601,0
-1.4556231,4.8858967,-4.1887441,-0.4492898,0.13199338,-0.88358158,0
-1.3213689,-2.3600013,-5.3394356,-0.4492898,0.13199338,-0.88358158,0
-3.3792794,-1.0962784,4.2561455,-0.88583559,-0.19413207,0.42143559,0
0.33165133,-4.7769117,-1.5583957,0.11590482,-0.97205478,-0.20414601,0
4.4341812,-3.6164522,-4.2096906,0.88583559,0.19413207,-0.42143559,0
3.2911184,4.3698907,-2.9334826,0.88583559,0.19413207,-0.42143559,0
-5.4349895,-2.0714476,-0.51405692,-0.88583559,-0.19413207,0.42143559,0
-3.9459097,2.7617292,4.842288,-0.88583559,-0.19413207,0.42143559,0
-5.2567258,3.6812704,2.510603,-0.88583559,-0.19413207,0.42143559,0
5.2412901,4.1887279,1.0822246,0.88583559,0.19413207,-0.42143559,0
-5.1759424,4.2791691,-2.3876457,-0.4492898,0.13199338,-0.88358158,0
-1.2288635,-5.9494429,5.3948936,0.4492898,-0.13199338,0.88358158,0
-3.4403276,4.8354945,-0.48551571,-0.11590482,0.97205478,0.20414601,0
-3.7202857,-4.6431708,1.9055107,-0.88583559,-0.19413207,0.42143559,0
1.1018612,-5.0395174,0.12931064,0.11590482,-0.97205478,-0.20414601,0
-0.22290456,-5.6155043,4.9332619,0.4492898,-0.13199338,0.88358158,0
2.480104,-3.4848013,-6.4910698,0.11590482,-0.97205478,-0.20414601,0
3.4929192,3.951998,-2.7018082,0.88583559,0.19413207,-0.42143559,0
2.5154505,-4.1821079,-3.1507306,0.11590482,-0.97205478,-0.20414601,0
3.4550261,-3.4200554,-6.1773534,0.88583559,0.19413207,-0.42143559,0
-6.9893622,3.8018157,-1.0757785,-0.88583559,-0.19413207,0.42143559,0
-5.9475989,3.9278021,1.1719878,-0.88583559,-0.19413207,0.42143559,0
6.8554716,-2.430742,1.4259249,0.88583559,0.19413207,-0.42143559,0
0.18840957,-4.4308081,4.9010887,0.4492898,-0.13199338,0.88358158,0
-2.6730108,-2.3934064,5.1431694,-0.88583559,-0.19413207,0.42143559,0
-1.9867499,1.4732494,-4.4284697,-0.4492898,0.13199338,-0.88358158,0
2.300108,-4.5136585,3.8149407,0.4492898,-0.13199338,0.88358158,0
-7.150507,3.681114,-1.4700981,-0.88583559,-0.19413207,0.42143559,0
-0.82830954,3.9738727,-4.6439672,-0.4492898,0.13199338,-0.88358158,0
4.8044062,0.43897349,-1.5633862,0.88583559,0.19413207,-0.42143559,0
-0.68052673,-4.4710512,-3.5894384,0.11590482,-0.97205478,-0.20414601,0
-2.4988918,4.1505375,3.310457,-0.11590482,0.97205478,0.20414601,0
0.60444522,-5.9871097,4.3589215,0.11590482,-0.97205478,-0.20414601,0
-6.9409513,3.6464331,-1.0455987,-0.88583559,-0.19413207,0.42143559,0
-5.9454765,2.0964618,0.33285117,-0.88583559,-0.19413207,0.42143559,0
6.5165539,-0.99964631,1.3727638,0.88583559,0.19413207,-0.42143559,0
0.66981912,-4.7404566,-1.5399826,0.11590482,-0.97205478,-0.20414601,0
3.0391436,-4.8718929,3.3856363,0.4492898,-0.13199338,0.88358158,0
4.4836025,-1.2109762,-2.99774,0.88583559,0.19413207,-0.42143559,0
-4.3718867,-4.9552674,-3.3795967,0.11590482,-0.97205478,-0.20414601,0
-3.0585475,-5.5724897,2.8683636,-0.88583559,-0.19413207,0.42143559,0
-5.8150802,1.1040658,0.14979577,-0.88583559,-0.19413207,0.42143559,0
5.4007888,2.2714596,0.53430271,0.88583559,0.19413207,-0.42143559,0
-4.6995611,1.1418083,2.5119452,-0.88583559,-0.19413207,0.42143559,0
-5.6316586,-5.08638,-3.4705367,0.11590482,-0.97205478,-0.20414601,0
-6.0901709,4.0320153,-1.9596934,-0.4492898,0.13199338,-0.88358158,0
3.9398618,-2.3004148,3.3117719,0.4492898,-0.13199338,0.88358158,0
3.4977429,-3.1906507,3.4035964,0.4492898,-0.13199338,0.88358158,0
2.0036848,4.9483342,-5.3731437,0.88583559,0.19413207,-0.42143559,0
2.5137038,5.4585438,-4.0660849,0.88583559,0.19413207,-0.42143559,0
-3.3487017,-0.27469444,4.6988764,-0.88583559,-0.19413207,0.42143559,0
-3.2529759,1.9239769,5.9128928,-0.88583559,-0.19413207,0.42143559,0
5.2674809,1.7122331,-0.0035076141,0.88583559,0.19413207,-0.42143559,0
1.4927825,-0.28621209,-6.4606032,-0.4492898,0.13199338,-0.88358158,0
6.4364724,-3.2912445,0.14882588,0.88583559,0.19413207,-0.42143559,0
3.1526423,-3.4853058,-6.106832,0.11590482,-0.97205478,-0.20414601,0
2.3054373,4.7880883,3.0023971,-0.11590482,0.97205478,0.20414601,0
-3.1726022,4.756701,-3.3349826,-0.4492898,0.13199338,-0.88358158,0
-0.17933398,-5.0830636,-0.39074576,0.11590482,-0.97205478,-0.20414601,0
-0.10047507,-2.3006744,5.3661919,0.4492898,-0.13199338,0.88358158,0
-2.844353,5.30722,-2.393302,-0.11590482,0.97205478,0.20414601,0
-1.7532892,4.2255044,-4.1360373,-0.4492898,0.13199338,-0.88358158,0
3.0232553,-3.818527,-4.5936375,0.11590482,-0.97205478,-0.20414601,0
-4.87954,-1.4413686,0.943712,-0.88583559,-0.19413207,0.42143559,0
0.033729076,-1.8053041,-5.9456224,-0.4492898,0.13199338,-0.88358158,0
2.1727011,4.3718281,4.9090853,-0.11590482,0.97205478,0.20414601,0
-3.5686693,-3.7071364,2.6553798,-0.88583559,-0.19413207,0.42143559,0
0.58455801,2.3575454,-5.6038461,-0.4492898,0.13199338,-0.88358158,0
-0.0096387863,3.7161815,6.2188282,0.4492898,-0.13199338,0.88358158,0
3.0460677,-3.6668456,-5.3029265,0.11590482,-0.97205478,-0.20414601,0
5.340641,-1.3428233,2.7425432,0.4492898,-0.13199338,0.88358158,0
2.4904547,-2.107703,-7.2400093,-0.4492898,0.13199338,-0.88358158,0
5.6491261,-1.3056513,-0.59148169,0.88583559,0.19413207,-0.42143559,0
6.1289377,2.1476045,2.0077815,0.88583559,0.19413207,-0.42143559,0
-6.07938,3.0922093,0.51007962,-0.88583559,-0.19413207,0.42143559,0
-5.561862,1.3928069,-2.6225882,-0.4492898,0.13199338,-0.88358158,0
2.623596,1.2979841,-5.7516375,0.88583559,0.19413207,-0.42143559,0
-2.295799,-5.4775963,4.5153332,-0.88583559,-0.19413207,0.42143559,0
3.5377061,-2.7573764,-5.6983051,0.88583559,0.19413207,-0.42143559,0
0.049744606,-2.6902239,-6.085959,-0.4492898,0.13199338,-0.88358158,0
-0.53537774,4.1435099,4.4587126,-0.11590482,0.97205478,0.20414601,0
-6.7011719,2.2607999,-1.1798794,-0.88583559,-0.19413207,0.42143559,0
0.44908559,4.5938635,2.8732581,-0.11590482,0.97205478,0.20414601,0
3.0149674,-0.74359775,4.0146332,0.4492898,-0.13199338,0.88358158,0
0.043147653,-5.3736453,1.1191916,0.11590482,-0.97205478,-0.20414601,0
4.4768133,-3.6595554,2.8357043,0.4492898,-0.13199338,0.88358158,0
3.7636287,-4.7328601,3.0380144,0.4492898,-0.13199338,0.88358158,0
4.7658043,-3.0840545,2.7747273,0.4492898,-0.13199338,0.88358158,0
-4.3168921,-1.5056139,2.0967731,-0.88583559,-0.19413207,0.42143559,0
-4.4470277,-0.40109226,2.3320279,-0.88583559,-0.19413207,0.42143559,0
3.2463176,0.45464957,4.075994,0.4492898,-0.13199338,0.88358158,0
-2.8477306,-1.9960902,4.9589386,-0.88583559,-0.19413207,0.42143559,0
3.0268981,-1.8663645,-6.361558,0.88583559,0.19413207,-0.42143559,0
-3.5643427,1.9275558,-3.5584178,-0.4492898,0.13199338,-0.88358158,0
6.4231958,-1.4900801,0.95061719,0.88583559,0.19413207,-0.42143559,0
-2.3419194,5.6034632,-3.5186231,-0.11590482,0.97205478,0.20414601,0
2.6710162,-5.5143604,3.2811999,0.11590482,-0.97205478,-0.20414601,0
-4.0330887,-0.39137781,-3.6664793,-0.4492898,0.13199338,-0.88358158,0
6.8695579,-2.3583276,1.488892,0.88583559,0.19413207,-0.42143559,0
-4.4078503,1.0185354,-3.2652986,-0.4492898,0.13199338,-0.88358158,0
2.0897865,-4.4990668,-1.8831832,0.11590482,-0.97205478,-0.20414601,0
-6.0777082,-3.6809988,-2.6064491,-0.88583559,-0.19413207,0.42143559,0
2.1705837,-4.2279091,-3.1284451,0.11590482,-0.97205478,-0.20414601,0
-4.4324374,-5.268929,-1.9204533,0.11590482,-0.97205478,-0.20414601,0
-2.3980422,-5.3770123,-0.25077415,0.11590482,-0.97205478,-0.20414601,0
-5.5634732,2.3281927,1.242548,-0.88583559,-0.19413207,0.42143559,0
-2.0181494,-5.4551377,0.33691227,0.11590482,-0.97205478,-0.20414601,0
1.0583959,-3.7865362,-5.8615217,0.11590482,-0.97205478,-0.20414601,0
3.8517044,4.9031653,3.3323498,-0.11590482,0.97205478,0.20414601,0
-4.4134507,-3.0824342,-3.875072,-0.4492898,0.13199338,-0.88358158,0
4.822094,-5.0606422,2.4508328,0.4492898,-0.13199338,0.88358158,0
3.3236766,-0.39679378,-5.0607944,0.88583559,0.19413207,-0.42143559,0
-3.0718377,0.47372124,5.6255841,-0.88583559,-0.19413207,0.42143559,0
4.6509066,4.6313677,0.045170069,0.88583559,0.19413207,-0.42143559,0
-6.1323519,-1.9872038,-1.9410692,-0.88583559,-0.19413207,0.42143559,0
0.40825415,1.9963288,5.7494159,0.4492898,-0.13199338,0.88358158,0
6.9789824,-2.7942896,1.5180732,0.88583559,0.19413207,-0.42143559,0
4.1908779,1.4736155,3.7479148,0.4492898,-0.13199338,0.88358158,0
0.48422825,6.0886617,-4.2243695,-0.11590482,0.97205478,0.20414601,0
-0.98597956,2.7975924,-4.7395124,-0.4492898,0.13199338,-0.88358158,0
-0.038313627,-3.9313707,-5.7945457,0.11590482,-0.97205478,-0.20414601,0
-0.0045355558,4.4963531,3.0800166,-0.11590482,0.97205478,0.20414601,0
-1.3764689,1.3137417,-4.7626176,-0.4492898,0.13199338,-0.88358158,0
5.2086382,-4.1643405,-1.7062619,0.11590482,-0.97205478,-0.20414601,0
5.3860435,1.4645116,3.1388288,0.4492898,-0.13199338,0.88358158,0
-4.6165094,4.0768719,2.4589341,-0.11590482,0.97205478,0.20414601,0
-6.1503658,4.5975771,-0.89129186,-0.11590482,0.97205478,0.20414601,0
1.4433033,-0.72326106,4.8168421,0.4492898,-0.13199338,0.88358158,0
1.2340794,-4.162508,4.4094596,0.4492898,-0.13199338,0.88358158,0
-6.3377409,-1.8738743,-2.3205814,-0.88583559,-0.19413207,0.42143559,0
-3.4555926,-2.3625178,3.5124519,-0.88583559,-0.19413207,0.42143559,0
-3.4562516,-5.0582232,2.2693048,-0.88583559,-0.19413207,0.42143559,0
5.870883,1.8709121,1.3379072,0.88583559,0.19413207,-0.42143559,0
3.8543611,2.675714,4.0986042,0.4492898,-0.13199338,0.88358158,0
-4.2994051,2.9623694,4.1916838,-0.88583559,-0.19413207,0.42143559,0
3.0648503,-5.0424519,1.2577782,0.11590482,-0.97205478,-0.20414601,0
5.1904879,0.40589142,-0.76710248,0.88583559,0.19413207,-0.42143559,0
-6.6659536,1.5189683,-2.0423257,-0.4492898,0.13199338,-0.88358158,0
6.9262829,-3.0831962,1.2742193,0.88583559,0.19413207,-0.42143559,0
-4.4790306,-3.9484961,0.63066721,-0.88583559,-0.19413207,0.42143559,0
-5.2614288,4.5670214,-0.24110091,-0.11590482,0.97205478,0.20414601,0
-5.3353467,-0.89912081,0.23541284,-0.88583559,-0.19413207,0.42143559,0
4.0349717,-5.1326957,2.2382722,0.11590482,-0.97205478,-0.20414601,0
-1.7767243,-5.1677079,5.7491488,-0.88583559,-0.19413207,0.42143559,0
-4.2000594,-3.823158,-4.0942316,-0.4492898,0.13199338,-0.88358158,0
-1.030807,-4.7921395,-2.2594285,0.11590482,-0.97205478,-0.20414601,0
4.4977016,-0.42030263,3.3089771,0.4492898,-0.13199338,0.88358158,0
-1.6417493,-1.014991,6.3419714,0.4492898,-0.13199338,0.88358158,0
-5.4310408,-2.8877599,-3.3285596,-0.4492898,0.13199338,-0.88358158,0
3.9454191,0.072108746,3.6633644,0.4492898,-0.13199338,0.88358158,0
-1.7724562,-2.2108269,-5.087779,-0.4492898,0.13199338,-0.88358158,0
-4.4229918,-2.3147554,-3.7555413,-0.4492898,0.13199338,-0.88358158,0
-4.1169534,-0.82616162,-3.6887848,-0.4492898,0.13199338,-0.88358158,0
0.65888381,-4.2421379,4.6900434,0.4492898,-0.13199338,0.88358158,0
-5.9681897,2.4372101,0.4420743,-0.88583559,-0.19413207,0.42143559,0
2.6006958,-3.7838218,-4.9987974,0.11590482,-0.97205478,-0.20414601,0
0.040156551,-5.1878862,0.23298967,0.11590482,-0.97205478,-0.20414601,0
2.1023257,5.6317625,-1.1301332,-0.11590482,0.97205478,0.20414601,0
3.70749,-3.0868285,3.3124521,0.4492898,-0.13199338,0.88358158,0
2.4968586,5.3575878,-4.1479983,0.88583559,0.19413207,-0.42143559,0
3.1733389,-3.8454194,-4.3803782,0.11590482,-0.97205478,-0.20414601,0
3.7164881,-0.14694592,-4.1200347,0.88583559,0.19413207,-0.42143559,0
-3.4494739,1.0924981,5.1168489,-0.88583559,-0.19413207,0.42143559,0
-1.6431576,-0.54397726,6.4130497,0.4492898,-0.13199338,0.88358158,0
5.0288811,-2.3465924,-2.3747091,0.88583559,0.19413207,-0.42143559,0
3.5267377,0.20621389,-4.3561993,0.88583559,0.19413207,-0.42143559,0
4.247529,5.5368176,-0.38561845,0.88583559,0.19413207,-0.42143559,0
-5.9065657,-1.4617909,-1.2244496,-0.88583559,-0.19413207,0.42143559,0
4.9130144,2.0100594,-0.61138511,0.88583559,0.19413207,-0.42143559,0
1.9755861,4.5141101,-5.6322279,0.88583559,0.19413207,-0.42143559,0
3.9169443,5.324038,1.365376,-0.11590482,0.97205478,0.20414601,0
-1.9390631,4.783916,-3.9581556,-0.4492898,0.13199338,-0.88358158,0
3.7662075,4.9703231,2.9640324,-0.11590482,0.97205478,0.20414601,0
-0.39667487,-0.74459565,5.7492599,0.4492898,-0.13199338,0.88358158,0
-1.3478003,5.3984666,-4.1670008,-0.4492898,0.13199338,-0.88358158,0
-3.0072327,5.0745687,-1.3779911,-0.11590482,0.97205478,0.20414601,0
3.4268041,-4.3040342,-2.0527458,0.11590482,-0.97205478,-0.20414601,0
-0.8101263,0.87117994,-5.1167073,-0.4492898,0.13199338,-0.88358158,0
