2.9282727,1.4658928,-4.94523,0.15948284,-0.18136039,-0.97039866,0
3.713707,2.8396254,-5.0728874,0.15948284,-0.18136039,-0.97039866,0
-1.5073247,4.2618704,4.1082835,-0.15948284,0.18136039,0.97039866,0
-4.4002442,-0.055826664,1.7450181,-0.98040676,0.086027503,-0.17720559,0
0.45971513,3.3679719,4.5986252,-0.15948284,0.18136039,0.97039866,0
-2.5943761,5.9742365,3.368228,0.11561909,0.97964668,-0.16408694,0
-3.5211155,-4.353178,2.0008593,-0.11561909,-0.97964668,0.16408694,0
-4.3244696,4.2202864,3.6530638,-0.15948284,0.18136039,0.97039866,0
-0.86657381,-4.0345392,5.7641273,-0.15948284,0.18136039,0.97039866,0
0.57528687,1.3606709,4.9927692,-0.15948284,0.18136039,0.97039866,0
3.3531737,-2.0134554,3.043433,0.98040676,-0.086027503,0.17720559,0
-4.90905,-2.9353297,3.1621323,-0.98040676,0.086027503,-0.17720559,0
0.14701152,5.0941515,0.045502663,0.11561909,0.97964668,-0.16408694,0
-2.8629911,-3.5278206,-4.9637237,0.15948284,-0.18136039,-0.97039866,0
-1.0130072,4.1398592,4.2123265,-0.15948284,0.18136039,0.97039866,0
1.3280597,-4.585835,4.0286617,-0.11561909,-0.97964668,0.16408694,0
-3.5615962,-0.36891937,-3.0468793,-0.98040676,0.086027503,-0.17720559,0
2.5759113,0.39545757,5.5019584,-0.15948284,0.18136039,0.97039866,0
-2.6508648,4.8094826,-3.6254945,0.11561909,0.97964668,-0.16408694,0
-4.3345747,3.142312,2.9342833,-0.98040676,0.086027503,-0.17720559,0
0.35030317,-0.036094189,5.2168384,-0.15948284,0.18136039,0.97039866,0
-2.0303628,-5.3306489,-2.7845068,-0.11561909,-0.97964668,0.16408694,0
0.19699717,4.1975079,4.400414,-0.15948284,0.18136039,0.97039866,0
-3.9484262,5.0235858,1.7111802,-0.98040676,0.086027503,-0.17720559,0
-1.7753155,-4.828649,0.39228678,-0.11561909,-0.97964668,0.16408694,0
-4.9834356,-2.5635996,3.7541389,-0.98040676,0.086027503,-0.17720559,0
-0.86725235,-0.23442626,5.0538025,-0.15948284,0.18136039,0.97039866,0
-1.6574857,-5.1739039,-1.585958,-0.11561909,-0.97964668,0.16408694,0
-4.374228,1.9150915,2.5578976,-0.98040676,0.086027503,-0.17720559,0
-3.7981639,0.26955318,-1.4280895,-0.98040676,0.086027503,-0.17720559,0
3.439858,-3.5207415,1.8321042,0.98040676,-0.086027503,0.17720559,0
2.9553518,-1.1309054,5.6728687,0.98040676,-0.086027503,0.17720559,0
-3.4679458,4.3479557,-1.2751203,-0.98040676,0.086027503,-0.17720559,0
4.1803942,1.8828194,0.35826892,0.98040676,-0.086027503,0.17720559,0
3.2675028,-2.8701587,3.1015124,0.98040676,-0.086027503,0.17720559,0
-2.8803353,5.5633745,0.71376562,0.11561909,0.97964668,-0.16408694,0
-3.8516035,1.4998429,-0.53516388,-0.98040676,0.086027503,-0.17720559,0
2.2413893,4.499156,4.6800294,-0.15948284,0.18136039,0.97039866,0
2.3189511,4.9153304,0.50828457,0.11561909,0.97964668,-0.16408694,0
-1.8805237,4.9735661,-2.1030712,0.11561909,0.97964668,-0.16408694,0
4.515099,1.0291309,-4.6028113,0.15948284,-0.18136039,-0.97039866,0
0.47485924,-4.3556113,4.8019772,-0.11561909,-0.97964668,0.16408694,0
-0.91051149,4.3013916,-5.432651,0.11561909,0.97964668,-0.16408694,0
-2.1391888,1.5686764,-5.797266,0.15948284,-0.18136039,-0.97039866,0
-4.5111208,0.44947863,4.3271236,-0.15948284,0.18136039,0.97039866,0
-3.1492572,-4.9624391,-1.3745868,-0.11561909,-0.97964668,0.16408694,0
0.39306164,-4.5731697,3.4454551,-0.11561909,-0.97964668,0.16408694,0
-3.9932132,0.46590805,-0.25363588,-0.98040676,0.086027503,-0.17720559,0
1.6529248,-4.890357,-3.9668949,0.15948284,-0.18136039,-0.97039866,0
0.9326179,4.6698256,-1.9342899,0.11561909,0.97964668,-0.16408694,0
1.5597811,-1.3543947,-4.6430483,0.15948284,-0.18136039,-0.97039866,0
2.9587846,-1.0163865,5.7094717,0.98040676,-0.086027503,0.17720559,0
3.4875064,-0.89154482,2.8448744,0.98040676,-0.086027503,0.17720559,0
-0.31097499,-5.2113795,-0.860919,-0.11561909,-0.97964668,0.16408694,0
2.22403,-0.66542602,-4.6626434,0.15948284,-0.18136039,-0.97039866,0
-2.4812644,4.6561136,3.8745372,-0.15948284,0.18136039,0.97039866,0
-4.4174356,2.1191616,2.8960152,-0.98040676,0.086027503,-0.17720559,0
4.0678167,-4.3267279,-2.0334163,0.98040676,-0.086027503,0.17720559,0
4.5852699,2.4992247,-1.5824986,0.98040676,-0.086027503,0.17720559,0
-2.4388297,-5.2027068,-2.3084691,-0.11561909,-0.97964668,0.16408694,0
2.1758189,-5.4881868,-0.76129246,-0.11561909,-0.97964668,0.16408694,0
-2.060533,2.2859116,-5.918385,0.15948284,-0.18136039,-0.97039866,0
1.6079025,-0.96302032,-4.7082844,0.15948284,-0.18136039,-0.97039866,0
-3.2807713,3.2643669,-2.8367267,-0.98040676,0.086027503,-0.17720559,0
-1.0081482,-4.3693557,3.6749616,-0.11561909,-0.97964668,0.16408694,0
2.1595626,5.0465479,1.1793823,0.11561909,0.97964668,-0.16408694,0
0.81213713,2.016916,4.9090471,-0.15948284,0.18136039,0.97039866,0
1.8620669,-5.3210678,0.015380383,-0.11561909,-0.97964668,0.16408694,0
-4.4869032,-3.408777,0.59672117,-0.98040676,0.086027503,-0.17720559,0
3.4586568,-2.8732758,-4.0471044,0.15948284,-0.18136039,-0.97039866,0
0.77933216,1.92459,4.9209108,-0.15948284,0.18136039,0.97039866,0
1.4741838,5.5962706,3.9784496,0.11561909,0.97964668,-0.16408694,0
-2.1907535,-4.6140575,1.3807325,-0.11561909,-0.97964668,0.16408694,0
-3.9303405,1.9981794,0.14238381,-0.98040676,0.086027503,-0.17720559,0
-3.6958284,0.58136415,4.4364672,-0.15948284,0.18136039,0.97039866,0
3.9486227,-4.6753597,-1.5432172,0.98040676,-0.086027503,0.17720559,0
-3.3551519,4.0959969,3.8355975,-0.15948284,0.18136039,0.97039866,0
-3.3932645,-4.3733735,1.9703708,-0.11561909,-0.97964668,0.16408694,0
4.4271507,1.7751558,-1.0592024,0.98040676,-0.086027503,0.17720559,0
-4.3959708,2.0788922,2.7577121,-0.98040676,0.086027503,-0.17720559,0
-1.2142851,5.2194719,-0.1654973,0.11561909,0.97964668,-0.16408694,0
-2.3927035,-3.0474463,-4.9762115,0.15948284,-0.18136039,-0.97039866,0
0.86106682,2.4597449,-5.4707146,0.15948284,-0.18136039,-0.97039866,0
4.205924,-1.184866,-1.2722346,0.98040676,-0.086027503,0.17720559,0
2.8113115,1.5059187,5.3331089,-0.15948284,0.18136039,0.97039866,0
3.5141768,3.9875329,-4.188756,0.11561909,0.97964668,-0.16408694,0
-2.5575318,3.5916269,-6.2440948,0.15948284,-0.18136039,-0.97039866,0
-0.41087198,1.771078,4.7539935,-0.15948284,0.18136039,0.97039866,0
-3.9567542,5.3791199,1.9298553,-0.98040676,0.086027503,-0.17720559,0
-0.67512369,2.4389234,-5.7192931,0.15948284,-0.18136039,-0.97039866,0
-3.1687303,-1.3215659,-5.4263039,0.15948284,-0.18136039,-0.97039866,0
-3.6440392,0.60902262,-2.1159966,-0.98040676,0.086027503,-0.17720559,0
-1.9082961,-3.8442669,5.5573616,-0.15948284,0.18136039,0.97039866,0
-2.6543584,-4.1988063,3.5332365,-0.11561909,-0.97964668,0.16408694,0
3.0912697,-2.2377918,4.3835335,0.98040676,-0.086027503,0.17720559,0
-0.91321993,-2.1979856,-4.8918195,0.15948284,-0.18136039,-0.97039866,0
-1.1011171,5.6885819,2.7149639,0.11561909,0.97964668,-0.16408694,0
4.0903521,4.1959786,-2.5382888,0.11561909,0.97964668,-0.16408694,0
3.6982796,2.6639385,3.4048223,0.98040676,-0.086027503,0.17720559,0
-4.362289,-3.6084752,5.1099863,-0.15948284,0.18136039,0.97039866,0
-3.7177048,-5.2445626,-4.5501599,-0.98040676,0.086027503,-0.17720559,0
-3.1360741,-0.058693886,4.6480837,-0.15948284,0.18136039,0.97039866,0
1.5980728,-4.8024192,2.9258456,-0.11561909,-0.97964668,0.16408694,0
-0.3665328,-4.1400328,5.4961815,-0.11561909,-0.97964668,0.16408694,0
-4.3069401,0.30268764,1.4028502,-0.98040676,0.086027503,-0.17720559,0
-4.0336342,3.7662082,3.7857256,-0.15948284,0.18136039,0.97039866,0
-1.5238829,0.72603649,-5.5386591,0.15948284,-0.18136039,-0.97039866,0
4.198215,4.1474643,-2.751929,0.11561909,0.97964668,-0.16408694,0
1.7489793,5.4489336,3.2924335,0.11561909,0.97964668,-0.16408694,0
-0.48212481,4.3044596,4.2688131,-0.15948284,0.18136039,0.97039866,0
2.8674393,4.2345209,4.8323779,-0.15948284,0.18136039,0.97039866,0
-4.812007,-3.2217157,2.4861984,-0.98040676,0.086027503,-0.17720559,0
3.1564617,4.1004152,-3.7668703,0.11561909,0.97964668,-0.16408694,0
-0.009323597,3.0488973,4.5811725,-0.15948284,0.18136039,0.97039866,0
-0.73871076,-5.2611694,-1.4595714,-0.11561909,-0.97964668,0.16408694,0
-1.367691,-0.88759005,-5.2114143,0.15948284,-0.18136039,-0.97039866,0
1.2448483,0.6920557,-5.0772729,0.15948284,-0.18136039,-0.97039866,0
4.2420325,4.0793676,-3.1276119,0.11561909,0.97964668,-0.16408694,0
1.317203,-4.607739,3.8902345,-0.11561909,-0.97964668,0.16408694,0
-1.6015303,-5.4931188,-3.4523346,-0.11561909,-0.97964668,0.16408694,0
3.6997466,-3.4336009,0.43654728,0.98040676,-0.086027503,0.17720559,0
3.7474337,5.0706248,2.4419701,0.11561909,0.97964668,-0.16408694,0
-2.4218326,5.1597342,-1.3730078,0.11561909,0.97964668,-0.16408694,0
-2.5884252,1.2199428,-5.8059216,0.15948284,-0.18136039,-0.97039866,0
-0.98886585,3.7988205,-6.0250106,0.15948284,-0.18136039,-0.97039866,0
3.0406947,-2.8304231,4.3756399,0.98040676,-0.086027503,0.17720559,0
-3.1986856,1.9523222,-3.9278281,-0.98040676,0.086027503,-0.17720559,0
4.8394132,3.2961957,-2.6016665,0.98040676,-0.086027503,0.17720559,0
-3.2083409,3.04338,4.0564518,-0.15948284,0.18136039,0.97039866,0
1.1397209,-4.5026445,4.3926206,-0.11561909,-0.97964668,0.16408694,0
-1.4608736,4.8009396,-2.838006,0.11561909,0.97964668,-0.16408694,0
2.8140543,-4.8407183,3.5539937,-0.11561909,-0.97964668,0.16408694,0
-3.3569884,0.88006163,4.4363303,-0.15948284,0.18136039,0.97039866,0
0.85746503,4.709518,-1.7502708,0.11561909,0.97964668,-0.16408694,0
1.3883598,-5.3221927,-0.32512236,-0.11561909,-0.97964668,0.16408694,0
3.6045752,0.5159955,2.8804953,0.98040676,-0.086027503,0.17720559,0
-3.7850251,2.9690833,-0.19024706,-0.98040676,0.086027503,-0.17720559,0
5.0741048,3.6827128,-3.7124772,0.98040676,-0.086027503,0.17720559,0
-2.310919,5.2558107,-0.72125292,0.11561909,0.97964668,-0.16408694,0
2.0676939,5.3145781,4.4990869,-0.15948284,0.18136039,0.97039866,0
-1.8085842,-5.0982895,-1.2409854,-0.11561909,-0.97964668,0.16408694,0
-3.4051547,-5.309824,-4.7197843,0.15948284,-0.18136039,-0.97039866,0
0.52369833,-2.2249923,5.6544247,-0.15948284,0.18136039,0.97039866,0
1.3264257,4.8472433,-0.59757042,0.11561909,0.97964668,-0.16408694,0
-4.1847563,5.6098261,3.3032975,-0.98040676,0.086027503,-0.17720559,0
2.0905471,4.646481,-1.2577653,0.11561909,0.97964668,-0.16408694,0
-3.4727569,-2.6761146,-4.6584578,-0.98040676,0.086027503,-0.17720559,0
-0.10723162,-1.8198762,-4.8300228,0.15948284,-0.18136039,-0.97039866,0
1.0358019,5.317945,4.3288684,-0.15948284,0.18136039,0.97039866,0
1.2425902,-4.8465633,2.4118118,-0.11561909,-0.97964668,0.16408694,0
3.6323209,-4.7509918,0.17003918,0.98040676,-0.086027503,0.17720559,0
-1.0274699,-4.6165142,-4.4585915,0.15948284,-0.18136039,-0.97039866,0
3.5002637,4.2287054,-2.7586884,0.11561909,0.97964668,-0.16408694,0
3.4776499,-1.7153912,2.4994557,0.98040676,-0.086027503,0.17720559,0
-2.1072154,-4.639451,1.287991,-0.11561909,-0.97964668,0.16408694,0
-3.1761241,2.2636409,-3.9015172,-0.98040676,0.086027503,-0.17720559,0
-1.2561815,3.95452,4.2069998,-0.15948284,0.18136039,0.97039866,0
-0.87464404,-3.6969132,-4.6053405,0.15948284,-0.18136039,-0.97039866,0
-0.77801466,2.8830547,-5.8192081,0.15948284,-0.18136039,-0.97039866,0
4.2299256,-0.7474227,-1.1926658,0.98040676,-0.086027503,0.17720559,0
2.5727556,-5.455101,-0.28407049,-0.11561909,-0.97964668,0.16408694,0
1.7548468,-4.0331626,-4.1103477,0.15948284,-0.18136039,-0.97039866,0
4.6241622,-1.7453227,-3.8582635,0.98040676,-0.086027503,0.17720559,0
-0.72208214,-3.0414841,5.6022797,-0.15948284,0.18136039,0.97039866,0
-4.058568,2.4578514,1.0749681,-0.98040676,0.086027503,-0.17720559,0
3.6468334,2.6966631,-5.0571585,0.15948284,-0.18136039,-0.97039866,0
1.1505439,-3.0555401,-4.392374,0.15948284,-0.18136039,-0.97039866,0
3.8629079,1.0181851,1.6950412,0.98040676,-0.086027503,0.17720559,0
-2.1898808,2.9319034,-6.0603743,0.15948284,-0.18136039,-0.97039866,0
0.19226336,-4.173512,-4.3409243,0.15948284,-0.18136039,-0.97039866,0
-0.81887531,-4.6485891,2.1412239,-0.11561909,-0.97964668,0.16408694,0
-2.6511097,5.8084784,2.3386264,0.11561909,0.97964668,-0.16408694,0
-2.6075735,-5.1860757,-2.3280797,-0.11561909,-0.97964668,0.16408694,0
1.5796043,-5.2699151,0.12174511,-0.11561909,-0.97964668,0.16408694,0
3.8303826,-1.5038624,-4.2419453,0.15948284,-0.18136039,-0.97039866,0
-2.7013843,-4.356461,2.5588582,-0.11561909,-0.97964668,0.16408694,0
-0.50731993,2.6623952,-5.73348,0.15948284,-0.18136039,-0.97039866,0
-4.2044392,0.33659887,0.85221565,-0.98040676,0.086027503,-0.17720559,0
-1.2563624,-0.36790511,-5.2902431,0.15948284,-0.18136039,-0.97039866,0
-4.7178211,-4.2359333,1.857621,-0.11561909,-0.97964668,0.16408694,0
0.31002665,2.2454426,4.7838163,-0.15948284,0.18136039,0.97039866,0
-0.31030405,-5.0412207,0.15545034,-0.11561909,-0.97964668,0.16408694,0
0.52751589,1.504662,-5.3470354,0.15948284,-0.18136039,-0.97039866,0
-4.9484072,-2.5740089,3.5552838,-0.98040676,0.086027503,-0.17720559,0
-1.9265223,-3.7063856,5.5285974,-0.15948284,0.18136039,0.97039866,0
-3.8899126,2.9336205,0.37283754,-0.98040676,0.086027503,-0.17720559,0
0.73175192,-3.9932699,6.0190964,-0.15948284,0.18136039,0.97039866,0
-1.6166501,1.0307528,-5.6108541,0.15948284,-0.18136039,-0.97039866,0
-2.9463813,3.7591214,-4.4465852,-0.98040676,0.086027503,-0.17720559,0
-4.1321363,2.0490451,4.0904622,-0.15948284,0.18136039,0.97039866,0
-2.6388218,-3.518714,-4.9285841,0.15948284,-0.18136039,-0.97039866,0
2.0933824,0.30835724,-4.8661079,0.15948284,-0.18136039,-0.97039866,0
3.6569967,-4.8845243,-0.031309605,0.98040676,-0.086027503,0.17720559,0
4.4568582,4.1215653,-2.7243102,0.11561909,0.97964668,-0.16408694,0
-2.2238173,-4.1153226,4.3350272,-0.11561909,-0.97964668,0.16408694,0
4.0867558,-5.9546576,-3.36799,0.15948284,-0.18136039,-0.97039866,0
-3.3870442,2.9041741,-2.4236217,-0.98040676,0.086027503,-0.17720559,0
0.52294564,5.2610817,4.255209,-0.15948284,0.18136039,0.97039866,0
3.8150673,-4.2752848,-0.61008453,0.98040676,-0.086027503,0.17720559,0
-0.83892822,-2.0839856,5.4041262,-0.15948284,0.18136039,0.97039866,0
3.2394898,-1.7601447,3.7953725,0.98040676,-0.086027503,0.17720559,0
4.1604185,4.3642731,1.6734533,0.98040676,-0.086027503,0.17720559,0
4.3497443,-3.0727563,-2.984446,0.98040676,-0.086027503,0.17720559,0
4.3850608,-0.45396042,-1.9084984,0.98040676,-0.086027503,0.17720559,0
-0.089171171,4.9906936,-0.73859072,0.11561909,0.97964668,-0.16408694,0
-4.5492721,0.050170898,2.6209857,-0.98040676,0.086027503,-0.17720559,0
1.0316567,-4.4174771,4.8249516,-0.11561909,-0.97964668,0.16408694,0
-1.0349985,5.7661142,3.2244425,0.11561909,0.97964668,-0.16408694,0
0.60067964,-4.7160239,2.7388659,-0.11561909,-0.97964668,0.16408694,0
-3.9445758,-2.693181,-2.0563626,-0.98040676,0.086027503,-0.17720559,0
-3.3433216,5.3163061,-1.0875325,0.11561909,0.97964668,-0.16408694,0
4.7715588,0.56773233,-4.474431,0.15948284,-0.18136039,-0.97039866,0
2.2546835,-5.9013906,-3.1726685,-0.11561909,-0.97964668,0.16408694,0
-3.9461217,-5.1332178,-2.955668,-0.11561909,-0.97964668,0.16408694,0
-2.6616211,1.3315842,4.4662261,-0.15948284,0.18136039,0.97039866,0
0.61505508,-0.66032362,5.3770137,-0.15948284,0.18136039,0.97039866,0
-3.7504878,-1.5477185,4.8253937,-0.15948284,0.18136039,0.97039866,0
-1.9486468,4.9715614,-2.1630406,0.11561909,0.97964668,-0.16408694,0
2.9941156,4.8710113,0.71941686,0.11561909,0.97964668,-0.16408694,0
2.8018727,-3.0152121,5.607235,0.98040676,-0.086027503,0.17720559,0
2.0994406,4.7255421,-0.77948046,0.11561909,0.97964668,-0.16408694,0
-0.48869419,0.87630355,-5.3966117,0.15948284,-0.18136039,-0.97039866,0
1.7784964,-5.7846837,-2.8114257,-0.11561909,-0.97964668,0.16408694,0
-2.8837206,5.0580091,3.733283,-0.15948284,0.18136039,0.97039866,0
-4.7834921,-2.4610314,2.6977243,-0.98040676,0.086027503,-0.17720559,0
3.8110294,2.4010632,-4.9749274,0.15948284,-0.18136039,-0.97039866,0
-3.9508924,-4.9739652,-2.0082474,-0.11561909,-0.97964668,0.16408694,0
0.76773024,-1.5360925,-4.7392621,0.15948284,-0.18136039,-0.97039866,0
4.0099239,-5.4828019,-2.2743583,0.98040676,-0.086027503,0.17720559,0
4.6313257,4.3079882,-0.95921087,0.98040676,-0.086027503,0.17720559,0
2.54405,0.29584086,5.5153399,-0.15948284,0.18136039,0.97039866,0
0.8012476,1.8548214,-5.3674898,0.15948284,-0.18136039,-0.97039866,0
2.0724857,-4.8426905,3.0196967,-0.11561909,-0.97964668,0.16408694,0
3.1525421,-4.4934773,2.9494729,0.98040676,-0.086027503,0.17720559,0
1.8708975,-4.874012,2.6906533,-0.11561909,-0.97964668,0.16408694,0
2.4755816,4.1588078,-3.8980112,0.11561909,0.97964668,-0.16408694,0
-3.9891696,5.6433201,3.442215,-0.15948284,0.18136039,0.97039866,0
-3.8168848,0.73493147,4.3878713,-0.15948284,0.18136039,0.97039866,0
-1.6855083,1.6951659,4.5586972,-0.15948284,0.18136039,0.97039866,0
-3.3015671,5.0053177,-1.8764977,-0.98040676,0.086027503,-0.17720559,0
1.1828055,4.8280668,4.4445829,-0.15948284,0.18136039,0.97039866,0
3.5981081,-1.3864548,1.9926975,0.98040676,-0.086027503,0.17720559,0
-2.0896199,-5.1547403,-4.5325623,0.15948284,-0.18136039,-0.97039866,0
4.1446152,1.6209645,0.42909923,0.98040676,-0.086027503,0.17720559,0
2.276844,-2.5951054,-4.2933207,0.15948284,-0.18136039,-0.97039866,0
-3.2484555,-0.41891432,-4.8036304,-0.98040676,0.086027503,-0.17720559,0
4.2633953,-0.43375254,-1.2255609,0.98040676,-0.086027503,0.17720559,0
-0.17735672,2.3216338,4.689477,-0.15948284,0.18136039,0.97039866,0
-4.0650387,-4.7747855,-2.4004416,-0.98040676,0.086027503,-0.17720559,0
4.5457811,-1.3746347,-4.1485229,0.15948284,-0.18136039,-0.97039866,0
2.0400262,-4.2084079,-4.0307269,0.15948284,-0.18136039,-0.97039866,0
2.2015188,5.4250383,3.4686382,0.11561909,0.97964668,-0.16408694,0
3.8050673,5.2390437,3.4880903,0.11561909,0.97964668,-0.16408694,0
-0.98824024,-4.4962068,2.9316516,-0.11561909,-0.97964668,0.16408694,0
-0.2577014,-2.0702055,5.4970741,-0.15948284,0.18136039,0.97039866,0
-2.0440497,-5.0248737,-0.96858573,-0.11561909,-0.97964668,0.16408694,0
3.6161451,0.9731915,3.0384359,0.98040676,-0.086027503,0.17720559,0
-3.71457,-3.8417876,-3.8865011,-0.98040676,0.086027503,-0.17720559,0
-4.7282906,0.036542892,3.6048083,-0.98040676,0.086027503,-0.17720559,0
-3.770997,-1.2745311,-2.3279934,-0.98040676,0.086027503,-0.17720559,0
0.11846781,-3.373065,5.802392,-0.15948284,0.18136039,0.97039866,0
3.7359004,5.151535,4.4043279,0.98040676,-0.086027503,0.17720559,0
3.1253548,4.8692789,0.80154991,0.11561909,0.97964668,-0.16408694,0
4.2918987,-0.019467831,-1.1821401,0.98040676,-0.086027503,0.17720559,0
-4.6372342,-2.4026423,1.9168839,-0.98040676,0.086027503,-0.17720559,0
4.0185075,-0.15390444,0.26515973,0.98040676,-0.086027503,0.17720559,0
-1.4542296,5.4138589,0.82598114,0.11561909,0.97964668,-0.16408694,0
-3.9978018,-0.74392581,-0.81558478,-0.98040676,0.086027503,-0.17720559,0
3.6417048,-2.9363899,-4.0052257,0.15948284,-0.18136039,-0.97039866,0
0.71980852,-5.2936139,-0.62557125,-0.11561909,-0.97964668,0.16408694,0
-2.8953919,-0.7837894,4.823154,-0.15948284,0.18136039,0.97039866,0
-2.1547019,-4.9833179,-0.79845381,-0.11561909,-0.97964668,0.16408694,0
4.003345,4.1974554,-2.5907795,0.11561909,0.97964668,-0.16408694,0
-3.6930072,-3.1984453,-3.6934788,-0.98040676,0.086027503,-0.17720559,0
4.3824162,3.8093772,0.17584586,0.98040676,-0.086027503,0.17720559,0
0.28290033,4.2447228,-4.9300804,0.11561909,0.97964668,-0.16408694,0
-4.5856109,-3.7868552,4.6319027,-0.11561909,-0.97964668,0.16408694,0
4.1400218,-0.0094213486,-0.33698726,0.98040676,-0.086027503,0.17720559,0
-1.8217754,-3.9644313,5.5191774,-0.11561909,-0.97964668,0.16408694,0
3.4816122,3.1944685,4.8611097,0.98040676,-0.086027503,0.17720559,0
3.6613579,-5.2274675,-0.2219243,0.98040676,-0.086027503,0.17720559,0
3.4043467,-0.8628757,3.318881,0.98040676,-0.086027503,0.17720559,0
2.3936501,4.160789,-3.9439106,0.11561909,0.97964668,-0.16408694,0
3.1110473,4.5176888,-1.3076267,0.11561909,0.97964668,-0.16408694,0
-1.58022,-2.4800456,-4.9487247,0.15948284,-0.18136039,-0.97039866,0
-3.575938,-1.0042205,-3.275948,-0.98040676,0.086027503,-0.17720559,0
3.3774717,-1.1923873,3.3076038,0.98040676,-0.086027503,0.17720559,0
2.6056795,4.8071823,0.064642429,0.11561909,0.97964668,-0.16408694,0
1.4865062,3.2976868,4.7805119,-0.15948284,0.18136039,0.97039866,0
-0.70654631,1.5604056,-5.5602689,0.15948284,-0.18136039,-0.97039866,0
-3.9010932,-4.7311459,-0.52345705,-0.11561909,-0.97964668,0.16408694,0
3.6645167,3.4296513,3.9633496,0.98040676,-0.086027503,0.17720559,0
4.0517888,4.7991986,1.0359366,0.11561909,0.97964668,-0.16408694,0
-2.9390445,-0.15920353,4.6992493,-0.15948284,0.18136039,0.97039866,0
-4.0357046,2.1481609,4.0877862,-0.15948284,0.18136039,0.97039866,0
-4.0664611,4.0380616,1.8857789,-0.98040676,0.086027503,-0.17720559,0
-4.564929,1.7768621,3.5458603,-0.98040676,0.086027503,-0.17720559,0
-3.0530612,-5.2526131,-3.0392237,-0.11561909,-0.97964668,0.16408694,0
4.5194516,2.4051776,-4.8592691,0.15948284,-0.18136039,-0.97039866,0
-3.7367077,-3.8542435,-3.7700698,-0.98040676,0.086027503,-0.17720559,0
-2.2567787,0.0213269,-5.5274038,0.15948284,-0.18136039,-0.97039866,0
-0.31110179,-5.5717959,-3.0127993,-0.11561909,-0.97964668,0.16408694,0
3.3975048,-4.4370294,1.6216006,0.98040676,-0.086027503,0.17720559,0
3.5660295,-1.8995113,1.9211023,0.98040676,-0.086027503,0.17720559,0
3.8478584,-1.4103434,0.59933114,0.98040676,-0.086027503,0.17720559,0
3.3282709,-2.8074706,2.7957392,0.98040676,-0.086027503,0.17720559,0
-2.8373408,-5.0725155,-1.8119888,-0.11561909,-0.97964668,0.16408694,0
-1.3223403,-2.4510024,-4.9117708,0.15948284,-0.18136039,-0.97039866,0
-0.62437582,4.1713557,-6.0073895,0.11561909,0.97964668,-0.16408694,0
-0.8573904,-0.38056159,5.0827351,-0.15948284,0.18136039,0.97039866,0
3.4780812,-0.17118096,3.2467299,0.98040676,-0.086027503,0.17720559,0
-4.1338,2.0084023,4.0977845,-0.15948284,0.18136039,0.97039866,0
-3.7491374,-2.7495739,5.0502338,-0.15948284,0.18136039,0.97039866,0
1.3548177,-5.4540119,-1.135756,-0.11561909,-0.97964668,0.16408694,0
2.2196636,-4.2905889,-3.9858451,0.15948284,-0.18136039,-0.97039866,0
1.845891,4.0207686,4.7044373,-0.15948284,0.18136039,0.97039866,0
1.624418,-4.7854962,-3.9911776,0.15948284,-0.18136039,-0.97039866,0
-2.4876919,-1.8957183,-5.2070723,0.15948284,-0.18136039,-0.97039866,0
3.5311248,-1.3042955,2.4031727,0.98040676,-0.086027503,0.17720559,0
-2.79668,3.3451617,-5.4757872,-0.98040676,0.086027503,-0.17720559,0
0.31705117,-4.749753,2.3376436,-0.11561909,-0.97964668,0.16408694,0
3.1049023,0.91269493,-4.8128128,0.15948284,-0.18136039,-0.97039866,0
-1.5462861,4.7956438,4.0021219,-0.15948284,0.18136039,0.97039866,0
-1.3408017,4.2449713,-6.0726914,0.11561909,0.97964668,-0.16408694,0
1.656477,-4.2671938,6.1624503,-0.11561909,-0.97964668,0.16408694,0
2.1297328,4.5542202,-1.7809772,0.11561909,0.97964668,-0.16408694,0
-2.6320758,-3.9230356,5.1953669,-0.11561909,-0.97964668,0.16408694,0
-0.31678373,5.3798761,1.4245572,0.11561909,0.97964668,-0.16408694,0
-4.3379931,-4.0127759,3.457572,-0.11561909,-0.97964668,0.16408694,0
-1.5442157,4.5297365,-4.5158925,0.11561909,0.97964668,-0.16408694,0
4.079565,1.7514257,-4.8093824,0.15948284,-0.18136039,-0.97039866,0
-3.1338215,0.13433051,-5.1692743,-0.98040676,0.086027503,-0.17720559,0
2.0971282,4.7043228,4.6179762,-0.15948284,0.18136039,0.97039866,0
-3.7106667,4.7532349,0.26450825,-0.98040676,0.086027503,-0.17720559,0
-3.0186336,3.9017749,-3.9775887,-0.98040676,0.086027503,-0.17720559,0
4.204031,-3.3000603,-3.8448405,0.15948284,-0.18136039,-0.97039866,0
3.5903645,-2.5964122,1.4481442,0.98040676,-0.086027503,0.17720559,0
-4.0234647,-5.0607047,-2.5772426,-0.11561909,-0.97964668,0.16408694,0
-2.1391912,4.3520546,3.9875832,-0.15948284,0.18136039,0.97039866,0
-4.7975559,-4.1764121,2.1567976,-0.11561909,-0.97964668,0.16408694,0
-2.7270751,3.2005258,-5.931098,-0.98040676,0.086027503,-0.17720559,0
2.0241575,-4.3171639,6.1231847,-0.11561909,-0.97964668,0.16408694,0
1.0630009,-4.7986684,2.5712152,-0.11561909,-0.97964668,0.16408694,0
4.3059301,-1.7824821,-2.1156528,0.98040676,-0.086027503,0.17720559,0
3.4529638,1.7755286,4.330761,0.98040676,-0.086027503,0.17720559,0
0.29312778,-4.9973226,0.84272623,-0.11561909,-0.97964668,0.16408694,0
-3.7620416,-4.2035642,2.7243388,-0.11561909,-0.97964668,0.16408694,0
4.0156231,-1.9310379,-0.58162093,0.98040676,-0.086027503,0.17720559,0
0.76650065,-5.2241855,-0.17816257,-0.11561909,-0.97964668,0.16408694,0
3.7632184,-1.7614212,0.89717507,0.98040676,-0.086027503,0.17720559,0
-0.78664589,5.4807081,1.6954808,0.11561909,0.97964668,-0.16408694,0
1.8357987,-0.65225291,5.5761318,-0.15948284,0.18136039,0.97039866,0
0.2033565,-5.6912045,-4.0554552,0.15948284,-0.18136039,-0.97039866,0
-4.6961088,-1.6704235,4.6929159,-0.15948284,0.18136039,0.97039866,0
-2.5638206,5.1988978,-1.2392392,0.11561909,0.97964668,-0.16408694,0
-4.4504395,1.933444,2.9884496,-0.98040676,0.086027503,-0.17720559,0
-1.9607327,-4.6671743,1.2256885,-0.11561909,-0.97964668,0.16408694,0
2.0044098,4.770545,-0.57776117,0.11561909,0.97964668,-0.16408694,0
-1.8139262,-3.3859572,5.4872169,-0.15948284,0.18136039,0.97039866,0
4.4462671,-0.35865641,-2.2008595,0.98040676,-0.086027503,0.17720559,0
4.4200716,-2.9186258,-3.8806219,0.15948284,-0.18136039,-0.97039866,0
-4.5170717,-2.4858553,1.2116748,-0.98040676,0.086027503,-0.17720559,0
4.5577822,0.93978834,-2.1874769,0.98040676,-0.086027503,0.17720559,0
1.5184278,1.2773373,-5.141696,0.15948284,-0.18136039,-0.97039866,0
3.950707,-3.2441208,-0.85992575,0.98040676,-0.086027503,0.17720559,0
1.7417688,-4.5725207,-4.0116949,0.15948284,-0.18136039,-0.97039866,0
1.9178752,5.0503755,1.0319324,0.11561909,0.97964668,-0.16408694,0
1.1564708,-2.2135088,5.7562728,-0.15948284,0.18136039,0.97039866,0
1.9905186,4.4257112,-2.6463044,0.11561909,0.97964668,-0.16408694,0
-0.89395475,4.3473215,4.193119,-0.15948284,0.18136039,0.97039866,0
3.6096299,3.7202349,4.4080844,0.98040676,-0.086027503,0.17720559,0
-1.2594581,-4.30126,3.9044342,-0.11561909,-0.97964668,0.16408694,0
-2.9926553,1.6263399,-5.225965,-0.98040676,0.086027503,-0.17720559,0
-2.1202426,-5.0464549,-1.1511209,-0.11561909,-0.97964668,0.16408694,0
-0.55122328,-4.4049616,3.7843435,-0.11561909,-0.97964668,0.16408694,0
-2.4210002,-4.9639282,-0.870332,-0.11561909,-0.97964668,0.16408694,0
2.514287,-5.1343694,1.5895939,-0.11561909,-0.97964668,0.16408694,0
4.9166327,0.6531496,-4.312005,0.98040676,-0.086027503,0.17720559,0
-1.0712714,4.0409131,-6.0837989,0.15948284,-0.18136039,-0.97039866,0
-1.491703,0.17475176,4.8747029,-0.15948284,0.18136039,0.97039866,0
-3.2487144,-0.28808403,4.6724424,-0.15948284,0.18136039,0.97039866,0
-0.96650505,-3.9340851,-4.5761123,0.15948284,-0.18136039,-0.97039866,0
-2.7426279,-4.505969,1.6371913,-0.11561909,-0.97964668,0.16408694,0
1.6728873,-0.19975471,-4.8402529,0.15948284,-0.18136039,-0.97039866,0
4.0867867,-1.9171681,-0.96860743,0.98040676,-0.086027503,0.17720559,0
4.5905733,1.5558577,-2.0698152,0.98040676,-0.086027503,0.17720559,0
3.8994703,-2.9801044,-0.44828463,0.98040676,-0.086027503,0.17720559,0
-3.5910466,-2.5263708,-3.9313149,-0.98040676,0.086027503,-0.17720559,0
0.91465712,4.2356009,-4.5393925,0.11561909,0.97964668,-0.16408694,0
3.230679,5.085948,2.1693413,0.11561909,0.97964668,-0.16408694,0
-2.1422462,4.6808147,-4.0352936,0.11561909,0.97964668,-0.16408694,0
-0.59494781,0.099591732,5.03613,-0.15948284,0.18136039,0.97039866,0
3.6684909,-5.154829,-0.22612524,0.98040676,-0.086027503,0.17720559,0
3.5663798,1.6274558,3.6313934,0.98040676,-0.086027503,0.17720559,0
3.9369311,4.7590308,0.71518826,0.11561909,0.97964668,-0.16408694,0
-2.4417007,5.8736172,2.8750796,0.11561909,0.97964668,-0.16408694,0
-0.8010931,1.318406,4.7744627,-0.15948284,0.18136039,0.97039866,0
-4.458384,2.8601985,3.4823143,-0.98040676,0.086027503,-0.17720559,0
-1.8441458,2.227437,-5.8718948,0.15948284,-0.18136039,-0.97039866,0
-3.4912314,0.34874868,-3.0877748,-0.98040676,0.086027503,-0.17720559,0
1.0370417,-4.4966197,4.3562441,-0.11561909,-0.97964668,0.16408694,0
-1.3058389,5.4726858,1.2817535,0.11561909,0.97964668,-0.16408694,0
-0.061462402,-4.3698473,4.3390818,-0.11561909,-0.97964668,0.16408694,0
4.3708959,-1.2927895,-2.2373524,0.98040676,-0.086027503,0.17720559,0
4.0180392,-5.4146519,-2.2861705,0.98040676,-0.086027503,0.17720559,0
-3.2371459,4.8767724,-2.2953176,-0.98040676,0.086027503,-0.17720559,0
-3.8881321,-0.011843204,-1.0669401,-0.98040676,0.086027503,-0.17720559,0
2.7558539,-1.7488143,-4.3727622,0.15948284,-0.18136039,-0.97039866,0
-0.42380619,-0.28226513,-5.1694198,0.15948284,-0.18136039,-0.97039866,0
-1.3787575,4.0720768,4.1648841,-0.15948284,0.18136039,0.97039866,0
1.9708099,4.4608579,-2.4503582,0.11561909,0.97964668,-0.16408694,0
-0.57917643,-1.9367661,-4.8857403,0.15948284,-0.18136039,-0.97039866,0
1.1750965,-1.9730628,5.7143965,-0.15948284,0.18136039,0.97039866,0
4.1707034,-1.5577745,-1.2584102,0.98040676,-0.086027503,0.17720559,0
-0.19132555,-5.0735793,0.046095371,-0.11561909,-0.97964668,0.16408694,0
-3.3940516,4.7383113,-1.4944401,-0.98040676,0.086027503,-0.17720559,0
1.2595992,-0.18701653,5.3944855,-0.15948284,0.18136039,0.97039866,0
-3.3434126,-4.491158,1.3022933,-0.11561909,-0.97964668,0.16408694,0
1.2599125,4.1557722,-4.7727203,0.11561909,0.97964668,-0.16408694,0
0.29379082,2.9331787,-5.6524267,0.15948284,-0.18136039,-0.97039866,0
-1.8228953,-3.6939368,-4.7617402,0.15948284,-0.18136039,-0.97039866,0
0.36541075,5.4430614,2.2824814,0.11561909,0.97964668,-0.16408694,0
2.3829682,-2.7423093,-4.2483683,0.15948284,-0.18136039,-0.97039866,0
-3.4352565,1.0324702,-3.0655353,-0.98040676,0.086027503,-0.17720559,0
-3.0283942,-3.5767887,5.3232861,-0.15948284,0.18136039,0.97039866,0
-1.963964,1.2297084,4.5999246,-0.15948284,0.18136039,0.97039866,0
-0.82757449,4.8353095,-2.1865735,0.11561909,0.97964668,-0.16408694,0
1.8916779,-4.4441037,5.2719727,-0.11561909,-0.97964668,0.16408694,0
3.8591371,5.1881371,3.2222629,0.11561909,0.97964668,-0.16408694,0
-2.1901884,-0.27966046,4.8448353,-0.15948284,0.18136039,0.97039866,0
-4.0750942,1.3923326,0.64912724,-0.98040676,0.086027503,-0.17720559,0
1.4880815,-2.026366,-4.5292449,0.15948284,-0.18136039,-0.97039866,0
-4.2539449,-3.84235,4.5342832,-0.11561909,-0.97964668,0.16408694,0
0.67008972,-1.9204232,-4.6834803,0.15948284,-0.18136039,-0.97039866,0
-3.6735106,2.080971,-1.2383595,-0.98040676,0.086027503,-0.17720559,0
-5.2395492,-3.3829017,4.7733688,-0.98040676,0.086027503,-0.17720559,0
-1.329855,0.14583373,4.9067068,-0.15948284,0.18136039,0.97039866,0
-0.89713383,-2.5474339,-4.8238664,0.15948284,-0.18136039,-0.97039866,0
3.7817423,-3.9133556,-0.25000572,0.98040676,-0.086027503,0.17720559,0
-4.5239754,1.0998683,2.9906266,-0.98040676,0.086027503,-0.17720559,0
-1.7785807,4.7764058,-3.2083416,0.11561909,0.97964668,-0.16408694,0
3.556088,2.9986537,4.354003,0.98040676,-0.086027503,0.17720559,0
1.6832545,-5.8104448,-3.0323353,-0.11561909,-0.97964668,0.16408694,0
3.4870317,-3.1763086,1.7383218,0.98040676,-0.086027503,0.17720559,0
3.8881583,1.6582389,1.8660655,0.98040676,-0.086027503,0.17720559,0
3.1031332,0.49632359,-4.7352867,0.15948284,-0.18136039,-0.97039866,0
-1.9328504,-2.8899407,5.3749704,-0.15948284,0.18136039,0.97039866,0
-2.0337553,0.19317889,4.7821741,-0.15948284,0.18136039,0.97039866,0
-1.3132949,1.8656794,-5.7170401,0.15948284,-0.18136039,-0.97039866,0
2.4729047,3.9263096,-5.2879801,0.11561909,0.97964668,-0.16408694,0
4.897089,3.5173051,-2.8134227,0.98040676,-0.086027503,0.17720559,0
-4.2707481,4.824935,3.398015,-0.98040676,0.086027503,-0.17720559,0
-3.0243347,5.4677544,3.633595,-0.15948284,0.18136039,0.97039866,0
4.0177946,-0.49207163,0.10493493,0.98040676,-0.086027503,0.17720559,0
-2.5944767,-4.1162739,-4.8096161,0.15948284,-0.18136039,-0.97039866,0
3.8642325,4.5832272,-0.38563251,0.11561909,0.97964668,-0.16408694,0
-1.3660362,5.7015738,2.605864,0.11561909,0.97964668,-0.16408694,0
3.8301823,1.8000622,2.2556746,0.98040676,-0.086027503,0.17720559,0
3.0132864,5.2235775,2.8378484,0.11561909,0.97964668,-0.16408694,0
3.1258223,-5.8623624,-2.3258357,-0.11561909,-0.97964668,0.16408694,0
-5.0464301,-2.74052,4.0167718,-0.98040676,0.086027503,-0.17720559,0
3.3273041,-5.1609197,-3.6411483,0.15948284,-0.18136039,-0.97039866,0
3.4529035,-2.6590884,2.1782322,0.98040676,-0.086027503,0.17720559,0
2.7380147,3.9307132,-5.0748835,0.11561909,0.97964668,-0.16408694,0
2.676347,4.9866824,1.1861024,0.11561909,0.97964668,-0.16408694,0
4.2139492,-3.3375192,-3.8362103,0.15948284,-0.18136039,-0.97039866,0
-5.0037169,-2.1723876,4.0562673,-0.98040676,0.086027503,-0.17720559,0
-4.2553549,4.7064037,3.5735705,-0.15948284,0.18136039,0.97039866,0
0.97669697,0.81243551,-5.1438413,0.15948284,-0.18136039,-0.97039866,0
2.4833012,5.1467686,2.0058377,0.11561909,0.97964668,-0.16408694,0
-3.9030025,2.7005484,0.3321104,-0.98040676,0.086027503,-0.17720559,0
0.79830599,0.049163342,-5.0305095,0.15948284,-0.18136039,-0.97039866,0
4.0652599,-3.788908,-1.7581782,0.98040676,-0.086027503,0.17720559,0
3.0676417,-2.2638245,4.5016165,0.98040676,-0.086027503,0.17720559,0
3.5987196,4.4973969,4.8457322,0.98040676,-0.086027503,0.17720559,0
4.6881523,2.8956044,-1.9592776,0.98040676,-0.086027503,0.17720559,0
1.8120461,-5.1136942,1.2182136,-0.11561909,-0.97964668,0.16408694,0
5.0236521,1.8593121,-4.3185444,0.98040676,-0.086027503,0.17720559,0
-1.6941571,-5.2085061,-1.8183827,-0.11561909,-0.97964668,0.16408694,0
3.6422653,-4.9543333,0.016302586,0.98040676,-0.086027503,0.17720559,0
-1.7758534,2.9717047,4.3052735,-0.15948284,0.18136039,0.97039866,0
-1.7986622,5.0150361,-1.7977991,0.11561909,0.97964668,-0.16408694,0
-0.56892282,5.2285285,0.34330893,0.11561909,0.97964668,-0.16408694,0
-4.4609327,-1.4588852,4.6920309,-0.15948284,0.18136039,0.97039866,0
-2.2561686,-5.2706442,-2.585367,-0.11561909,-0.97964668,0.16408694,0
-3.2822478,-0.26594114,-4.5424085,-0.98040676,0.086027503,-0.17720559,0
-4.1863451,-4.8315182,-1.7568438,-0.98040676,0.086027503,-0.17720559,0
3.1151989,-4.5200357,3.1431875,0.98040676,-0.086027503,0.17720559,0
3.632477,-3.1575246,-3.9654136,0.15948284,-0.18136039,-0.97039866,0
1.311708,5.3100033,2.1548665,0.11561909,0.97964668,-0.16408694,0
-0.4491415,5.7970753,3.9952753,-0.15948284,0.18136039,0.97039866,0
2.0514579,0.086094618,5.4735832,-0.15948284,0.18136039,0.97039866,0
3.2048666,-5.2796149,-3.6390872,0.15948284,-0.18136039,-0.97039866,0
-4.5655665,-2.2022796,4.8137698,-0.15948284,0.18136039,0.97039866,0
-1.8373373,-4.7668262,0.71768522,-0.11561909,-0.97964668,0.16408694,0
3.5371909,-1.6547914,-4.2619228,0.15948284,-0.18136039,-0.97039866,0
3.2804914,3.9435687,-4.6158934,0.11561909,0.97964668,-0.16408694,0
-3.3473876,-1.078562,-4.5765185,-0.98040676,0.086027503,-0.17720559,0
2.2851124,-1.1253874,5.7384009,-0.15948284,0.18136039,0.97039866,0
-4.7277284,-2.6431246,4.8695097,-0.15948284,0.18136039,0.97039866,0
1.5839419,4.3932953,-3.1263206,0.11561909,0.97964668,-0.16408694,0
-3.4142251,-0.79572701,-4.0694265,-0.98040676,0.086027503,-0.17720559,0
-1.5693648,-2.4978657,-4.9436102,0.15948284,-0.18136039,-0.97039866,0
0.53782368,-0.30836546,5.2985425,-0.15948284,0.18136039,0.97039866,0
4.5825977,3.366111,-1.1468723,0.98040676,-0.086027503,0.17720559,0
4.5558825,1.8062038,-1.7563472,0.98040676,-0.086027503,0.17720559,0
1.2558908,3.9901228,4.6131997,-0.15948284,0.18136039,0.97039866,0
3.2796798,-5.8328638,-2.0413098,-0.11561909,-0.97964668,0.16408694,0
2.0995421,2.3312492,-5.2431593,0.15948284,-0.18136039,-0.97039866,0
4.560648,3.3246806,-1.0455409,0.98040676,-0.086027503,0.17720559,0
3.022656,-3.2482615,4.2725973,0.98040676,-0.086027503,0.17720559,0
-3.1868811,-0.94478989,4.8053384,-0.15948284,0.18136039,0.97039866,0
-3.2434628,-0.24066615,-4.74472,-0.98040676,0.086027503,-0.17720559,0
-3.5108342,-3.4189618,-4.8084216,-0.98040676,0.086027503,-0.17720559,0
-3.2235239,0.43960404,-4.524786,-0.98040676,0.086027503,-0.17720559,0
0.063048363,4.4906054,4.3236217,-0.15948284,0.18136039,0.97039866,0
4.1150112,0.35702372,-0.020717025,0.98040676,-0.086027503,0.17720559,0
3.0263548,3.9802017,-4.5762529,0.11561909,0.97964668,-0.16408694,0
-2.1171086,-2.2069511,-5.0880003,0.15948284,-0.18136039,-0.97039866,0
4.114006,1.9805911,0.77303243,0.98040676,-0.086027503,0.17720559,0
-3.1548049,-0.12339997,-5.1782975,-0.98040676,0.086027503,-0.17720559,0
3.2371054,4.0346889,-4.1024528,0.11561909,0.97964668,-0.16408694,0
0.78822756,4.2258711,4.49228,-0.15948284,0.18136039,0.97039866,0
1.2028294,2.7868025,-5.4756713,0.15948284,-0.18136039,-0.97039866,0
4.1087408,4.9745531,2.1229794,0.11561909,0.97964668,-0.16408694,0
3.7349262,-0.64719534,-4.417738,0.15948284,-0.18136039,-0.97039866,0
4.0131221,5.0342784,2.4121826,0.11561909,0.97964668,-0.16408694,0
-1.4060512,-3.2865136,5.5356655,-0.15948284,0.18136039,0.97039866,0
-2.1632893,-5.379477,-3.1696882,-0.11561909,-0.97964668,0.16408694,0
2.5006795,4.9165564,0.64365149,0.11561909,0.97964668,-0.16408694,0
3.5029755,3.6144888,4.9468231,0.98040676,-0.086027503,0.17720559,0
4.4038754,3.9616394,0.13103771,0.98040676,-0.086027503,0.17720559,0
1.5346475,4.53092,-2.3393972,0.11561909,0.97964668,-0.16408694,0
3.1790271,-4.1254797,2.9815927,0.98040676,-0.086027503,0.17720559,0
2.3656538,-5.6581101,-1.6420236,-0.11561909,-0.97964668,0.16408694,0
-3.4200349,1.7871504,-2.7833779,-0.98040676,0.086027503,-0.17720559,0
-0.81327486,-1.3337642,-5.0369105,0.15948284,-0.18136039,-0.97039866,0
-4.020175,5.2143736,2.2007551,-0.98040676,0.086027503,-0.17720559,0
-2.3625584,4.6007752,-4.6683927,0.11561909,0.97964668,-0.16408694,0
3.3991823,0.54090881,-4.6949649,0.15948284,-0.18136039,-0.97039866,0
-3.1678343,2.6891057,4.1293201,-0.15948284,0.18136039,0.97039866,0
-4.482511,-2.0026574,4.790112,-0.15948284,0.18136039,0.97039866,0
-0.9364953,-4.4571891,3.2010596,-0.11561909,-0.97964668,0.16408694,0
-2.801096,-5.1039424,-1.9740772,-0.11561909,-0.97964668,0.16408694,0
3.5250351,-1.3576293,2.4109726,0.98040676,-0.086027503,0.17720559,0
4.8648043,0.6394949,-4.031888,0.98040676,-0.086027503,0.17720559,0
5.1631837,3.5418477,-4.9659085,0.15948284,-0.18136039,-0.97039866,0
4.490098,2.33639,-4.8512373,0.15948284,-0.18136039,-0.97039866,0
1.9645219,-4.0024304,6.2234101,-0.15948284,0.18136039,0.97039866,0
4.8704147,2.3020887,-3.25579,0.98040676,-0.086027503,0.17720559,0
-3.8543279,-5.2091389,-3.34426,-0.11561909,-0.97964668,0.16408694,0
2.2573647,-3.4402611,6.1664739,-0.15948284,0.18136039,0.97039866,0
1.7199824,-4.7737627,3.1828365,-0.11561909,-0.97964668,0.16408694,0
-3.6376681,-4.4992518,-4.631146,-0.98040676,0.086027503,-0.17720559,0
0.63389683,1.5452559,-5.3371382,0.15948284,-0.18136039,-0.97039866,0
3.9798033,2.8013742,1.9139869,0.98040676,-0.086027503,0.17720559,0
0.18177319,3.5300498,4.522655,-0.15948284,0.18136039,0.97039866,0
3.443568,2.326154,4.6500568,0.98040676,-0.086027503,0.17720559,0
-2.8569157,2.2063808,4.270637,-0.15948284,0.18136039,0.97039866,0
1.5745492,1.6100938,-5.1946621,0.15948284,-0.18136039,-0.97039866,0
4.2770925,3.7366686,0.72326088,0.98040676,-0.086027503,0.17720559,0
-2.4435635,4.5538568,3.8998442,-0.15948284,0.18136039,0.97039866,0
-3.1947441,0.058939934,-4.8688107,-0.98040676,0.086027503,-0.17720559,0
-3.7147913,0.95044351,-1.5588062,-0.98040676,0.086027503,-0.17720559,0
-5.0537105,-3.7711747,4.3956904,-0.11561909,-0.97964668,0.16408694,0
3.632067,2.114666,3.5044961,0.98040676,-0.086027503,0.17720559,0
-0.99788737,4.8478918,-2.2314568,0.11561909,0.97964668,-0.16408694,0
2.8864098,-2.3374014,5.4685788,0.98040676,-0.086027503,0.17720559,0
-3.7691934,-0.54689622,-1.9847292,-0.98040676,0.086027503,-0.17720559,0
3.9875512,5.1035814,2.8079243,0.11561909,0.97964668,-0.16408694,0
-4.0112524,1.839448,4.1495008,-0.15948284,0.18136039,0.97039866,0
0.12299728,2.158267,-5.5356712,0.15948284,-0.18136039,-0.97039866,0
3.1686301,2.6784108,-5.132339,0.15948284,-0.18136039,-0.97039866,0
2.5501084,-1.2828233,5.8113761,-0.15948284,0.18136039,0.97039866,0
-2.1738513,-5.1642227,-1.8920023,-0.11561909,-0.97964668,0.16408694,0
-1.2234387,-5.0081615,-4.4176021,0.15948284,-0.18136039,-0.97039866,0
-0.36280012,-5.5133343,-2.7001915,-0.11561909,-0.97964668,0.16408694,0
-1.7908792,-4.364727,3.1510684,-0.11561909,-0.97964668,0.16408694,0
-2.3747373,1.8940903,-5.8967953,0.15948284,-0.18136039,-0.97039866,0
2.9840801,1.1322502,5.4313393,-0.15948284,0.18136039,0.97039866,0
2.1388354,0.33004713,-4.8626914,0.15948284,-0.18136039,-0.97039866,0
3.77876,-5.669518,-1.0860658,0.98040676,-0.086027503,0.17720559,0
3.9480672,2.4250762,1.9068881,0.98040676,-0.086027503,0.17720559,0
0.61309457,2.8315878,4.7240791,-0.15948284,0.18136039,0.97039866,0
