-1.8634396,-2.3879669,4.3890443,-0.087694764,0.19048411,0.97776556,0
-2.4408355,3.0677893,-4.6799669,-0.034454197,0.98037982,-0.19408357,0
1.0908837,-2.4419274,4.6645269,-0.087694764,0.19048411,0.97776556,0
3.8827479,0.70706558,1.2425337,0.99555141,0.050708175,0.079411179,0
0.58003235,0.0035481453,-4.0396295,0.087694764,-0.19048411,-0.97776556,0
-2.8898621,4.2484899,3.0040991,-0.087694764,0.19048411,0.97776556,0
3.6775665,0.49007821,3.953378,0.99555141,0.050708175,0.079411179,0
2.6017256,2.4078076,3.8552277,-0.087694764,0.19048411,0.97776556,0
-0.43963194,-1.032979,4.2527709,-0.087694764,0.19048411,0.97776556,0
2.8280153,3.5002203,3.6627042,-0.087694764,0.19048411,0.97776556,0
4.0897884,-2.7515147,0.8554225,0.99555141,0.050708175,0.079411179,0
1.6178794,-3.429656,-3.2777033,0.087694764,-0.19048411,-0.97776556,0
3.8334939,2.8355813,0.50084412,0.99555141,0.050708175,0.079411179,0
-1.2771471,0.28237295,3.9214039,-0.087694764,0.19048411,0.97776556,0
4.2103491,-4.3207936,-1.9634962,0.034454197,-0.98037982,0.19408357,0
-2.9870458,4.3419533,1.8532181,-0.034454197,0.98037982,-0.19408357,0
-2.6997864,-4.3312125,-0.78942466,0.034454197,-0.98037982,0.19408357,0
4.2370758,-3.9292021,-0.23905754,0.99555141,0.050708175,0.079411179,0
-3.9346318,-0.40037894,-0.78791916,-0.99555141,-0.050708175,-0.079411179,0
-3.9859316,-0.93751144,0.19819766,-0.99555141,-0.050708175,-0.079411179,0
2.9328675,-3.0580204,4.6419678,0.034454197,-0.98037982,0.19408357,0
-3.9845157,0.082777023,-0.47106242,-0.99555141,-0.050708175,-0.079411179,0
-2.7721667,-2.3043377,4.2912493,-0.087694764,0.19048411,0.97776556,0
-0.12795925,-3.216337,4.385622,0.034454197,-0.98037982,0.19408357,0
-3.8593502,0.38665771,-2.2342639,-0.99555141,-0.050708175,-0.079411179,0
0.20129985,-4.3986697,-1.6451783,0.034454197,-0.98037982,0.19408357,0
-3.7632167,1.5731846,-4.197114,-0.99555141,-0.050708175,-0.079411179,0
-3.8047013,-3.1847568,-0.63883823,-0.99555141,-0.050708175,-0.079411179,0
0.56058073,3.8014331,-1.5069103,-0.034454197,0.98037982,-0.19408357,0
3.9561155,-2.4607954,2.345592,0.99555141,0.050708175,0.079411179,0
2.1297364,-2.3576794,4.7412877,-0.087694764,0.19048411,0.97776556,0
4.288455,0.080579281,-3.44363,0.99555141,0.050708175,0.079411179,0
-3.9993973,1.7032611,-1.3192592,-0.99555141,-0.050708175,-0.079411179,0
-4.1344991,1.7129858,0.36825562,-0.99555141,-0.050708175,-0.079411179,0
4.2494888,-4.0488915,-0.59697866,0.034454197,-0.98037982,0.19408357,0
-2.6278691,-3.4166274,3.8176792,0.034454197,-0.98037982,0.19408357,0
2.1566131,-2.5953097,-3.3919289,0.087694764,-0.19048411,-0.97776556,0
0.81408477,1.9428633,3.7854743,-0.087694764,0.19048411,0.97776556,0
-3.9194908,-3.6501274,1.0973997,-0.99555141,-0.050708175,-0.079411179,0
-3.7055106,0.84542143,-4.4558411,-0.99555141,-0.050708175,-0.079411179,0
-0.17841756,4.4490881,1.8957968,-0.034454197,0.98037982,-0.19408357,0
-4.036808,0.3420465,0.018955946,-0.99555141,-0.050708175,-0.079411179,0
-4.3315334,4.0477042,1.3475671,-0.99555141,-0.050708175,-0.079411179,0
-3.7943921,0.2086575,-2.9349597,-0.99555141,-0.050708175,-0.079411179,0
3.5996034,-4.4090233,-2.300755,0.034454197,-0.98037982,0.19408357,0
0.1932795,3.2349107,3.4780836,-0.087694764,0.19048411,0.97776556,0
0.32721853,-3.8110561,1.3006952,0.034454197,-0.98037982,0.19408357,0
-2.5835593,3.5801957,-2.0662971,-0.034454197,0.98037982,-0.19408357,0
2.1603734,3.7251024,-2.1764798,-0.034454197,0.98037982,-0.19408357,0
2.2020361,-3.3237243,3.4295483,0.034454197,-0.98037982,0.19408357,0
-0.024546623,0.21366847,-4.1347885,0.087694764,-0.19048411,-0.97776556,0
-2.767725,-1.8651106,4.206079,-0.087694764,0.19048411,0.97776556,0
3.8551085,4.0277128,-0.53136706,0.99555141,0.050708175,0.079411179,0
-2.4639051,-3.9762826,0.96157098,0.034454197,-0.98037982,0.19408357,0
-1.9929221,3.561595,-2.2651076,-0.034454197,0.98037982,-0.19408357,0
-3.7977672,1.795617,-3.9060035,-0.99555141,-0.050708175,-0.079411179,0
-3.6541963,-1.6701143,-3.4928491,-0.99555141,-0.050708175,-0.079411179,0
-1.3547363,1.1691281,-4.4402304,0.087694764,-0.19048411,-0.97776556,0
-3.4359984,3.2214677,-3.7270236,-0.034454197,0.98037982,-0.19408357,0
3.1272464,3.4107952,-3.9357905,-0.034454197,0.98037982,-0.19408357,0
1.2940865,-0.49804667,4.3040528,-0.087694764,0.19048411,0.97776556,0
-4.2388515,0.4595089,2.476898,-0.99555141,-0.050708175,-0.079411179,0
0.41140413,-3.1028299,4.7323389,-0.087694764,0.19048411,0.97776556,0
0.71531117,-4.2369771,-0.91966486,0.034454197,-0.98037982,0.19408357,0
2.8464658,4.2175608,0.18929362,-0.034454197,0.98037982,-0.19408357,0
2.6290011,3.2027225,-4.4791088,0.087694764,-0.19048411,-0.97776556,0
3.0585456,-4.0558295,-3.0265028,0.087694764,-0.19048411,-0.97776556,0
4.1082029,-1.0997858,-0.43014789,0.99555141,0.050708175,0.079411179,0
-3.4757032,0.73490095,3.6360581,-0.087694764,0.19048411,0.97776556,0
0.44301933,4.1243563,0.14515257,-0.034454197,0.98037982,-0.19408357,0
-4.2037783,-1.2912326,3.1551375,-0.99555141,-0.050708175,-0.079411179,0
-2.9245336,-3.5824282,3.0328288,0.034454197,-0.98037982,0.19408357,0
1.6143103,-3.1987326,4.1652565,0.034454197,-0.98037982,0.19408357,0
4.4685493,-4.4696875,-2.7958241,0.99555141,0.050708175,0.079411179,0
-3.8453188,0.17492652,-2.2749681,-0.99555141,-0.050708175,-0.079411179,0
3.8103571,-0.17591095,2.713902,0.99555141,0.050708175,0.079411179,0
-3.1858983,-1.5741313,4.1118865,-0.087694764,0.19048411,0.97776556,0
2.6394534,1.6784695,4.0006976,-0.087694764,0.19048411,0.97776556,0
-1.3624451,2.3249347,3.5158303,-0.087694764,0.19048411,0.97776556,0
-1.6297784,-3.3296986,4.0796013,0.034454197,-0.98037982,0.19408357,0
-2.0178666,-4.2402744,-0.45112014,0.034454197,-0.98037982,0.19408357,0
-3.3019855,-4.6834192,-2.4616289,0.034454197,-0.98037982,0.19408357,0
3.7961953,-3.8972313,0.24957752,0.034454197,-0.98037982,0.19408357,0
3.350281,4.3667297,0.85335493,-0.034454197,0.98037982,-0.19408357,0
-2.357198,3.8085203,-0.95313883,-0.034454197,0.98037982,-0.19408357,0
-3.5855103,-4.5613489,-1.794681,0.034454197,-0.98037982,0.19408357,0
-3.007205,-3.4383774,3.7751517,0.034454197,-0.98037982,0.19408357,0
-4.0826921,3.9964275,0.30235481,-0.034454197,0.98037982,-0.19408357,0
2.761194,-1.4220829,-3.5662677,0.087694764,-0.19048411,-0.97776556,0
-0.79699707,-0.53717422,4.1241288,-0.087694764,0.19048411,0.97776556,0
1.5707059,0.89966702,-4.1253548,0.087694764,-0.19048411,-0.97776556,0
2.7043848,3.5444508,-3.185585,-0.034454197,0.98037982,-0.19408357,0
2.2266731,-1.279385,4.5399127,-0.087694764,0.19048411,0.97776556,0
3.2296026,3.6012301,-2.9920115,-0.034454197,0.98037982,-0.19408357,0
0.82651377,-1.5622287,-3.7124846,0.087694764,-0.19048411,-0.97776556,0
0.48656607,0.081038475,-4.0631084,0.087694764,-0.19048411,-0.97776556,0
0.020700932,-3.3324094,3.7729123,0.034454197,-0.98037982,0.19408357,0
4.091713,-2.2389746,0.50400829,0.99555141,0.050708175,0.079411179,0
3.7457442,4.3021774,0.66443133,0.99555141,0.050708175,0.079411179,0
3.9814892,-0.27865601,0.63408351,0.99555141,0.050708175,0.079411179,0
-3.5353,4.1047268,0.75223446,-0.034454197,0.98037982,-0.19408357,0
-1.8101542,3.2860637,-3.689352,-0.034454197,0.98037982,-0.19408357,0
1.2719253,-4.070025,-3.1839778,0.087694764,-0.19048411,-0.97776556,0
-1.7205272,3.068552,-4.8039851,-0.034454197,0.98037982,-0.19408357,0
-1.5383666,3.1666479,3.3360734,-0.087694764,0.19048411,0.97776556,0
3.9011877,-1.8815441,-3.3745122,0.087694764,-0.19048411,-0.97776556,0
0.63169003,-2.9787099,-3.4540052,0.087694764,-0.19048411,-0.97776556,0
1.7410433,-4.226202,-1.0473266,0.034454197,-0.98037982,0.19408357,0
4.3771477,-1.9549255,-3.3175287,0.087694764,-0.19048411,-0.97776556,0
3.1673911,-4.3179884,-1.7641807,0.034454197,-0.98037982,0.19408357,0
0.67796016,1.4248981,3.8741732,-0.087694764,0.19048411,0.97776556,0
2.1393228,2.6556611,3.7654696,-0.087694764,0.19048411,0.97776556,0
-4.170187,-1.0567722,2.5842996,-0.99555141,-0.050708175,-0.079411179,0
-3.6821003,-0.73923063,3.9047308,-0.087694764,0.19048411,0.97776556,0
-3.8319945,0.86385441,-2.881922,-0.99555141,-0.050708175,-0.079411179,0
1.0235264,-3.5022736,2.7368474,0.034454197,-0.98037982,0.19408357,0
3.4384623,-3.2934926,-3.1409442,0.087694764,-0.19048411,-0.97776556,0
-0.081486225,0.069025278,4.0702047,-0.087694764,0.19048411,0.97776556,0
-0.50009114,-4.1390934,-0.2094624,0.034454197,-0.98037982,0.19408357,0
0.50214529,3.5282252,-2.8765979,-0.034454197,0.98037982,-0.19408357,0
0.48326969,-3.2053804,-3.4231582,0.087694764,-0.19048411,-0.97776556,0
3.8522553,-3.0748274,4.0397463,0.99555141,0.050708175,0.079411179,0
2.6030717,4.0762539,-0.48128676,-0.034454197,0.98037982,-0.19408357,0
-2.7438357,3.9467432,3.0759809,-0.087694764,0.19048411,0.97776556,0
-3.6533504,-3.5888572,-2.2782376,-0.99555141,-0.050708175,-0.079411179,0
3.5628498,3.8020139,3.2767031,0.99555141,0.050708175,0.079411179,0
2.1359453,3.3546095,-4.043622,-0.034454197,0.98037982,-0.19408357,0
4.1216645,-1.7110136,-0.20861244,0.99555141,0.050708175,0.079411179,0
-3.9519317,0.88294482,-1.3905039,-0.99555141,-0.050708175,-0.079411179,0
-4.2445035,3.162364,0.82184076,-0.99555141,-0.050708175,-0.079411179,0
3.5618296,-1.4491119,-3.4891939,0.087694764,-0.19048411,-0.97776556,0
1.6430185,-2.5030565,-3.4559648,0.087694764,-0.19048411,-0.97776556,0
2.346765,3.4773116,-3.4612381,-0.034454197,0.98037982,-0.19408357,0
-4.426681,4.3400216,2.3537526,-0.99555141,-0.050708175,-0.079411179,0
-3.593482,-3.4380531,-3.1250813,-0.99555141,-0.050708175,-0.079411179,0
2.9702814,-2.0395031,4.7546892,-0.087694764,0.19048411,0.97776556,0
4.1642747,-2.4806368,-0.25135756,0.99555141,0.050708175,0.079411179,0
3.4760666,1.5284572,4.1049576,-0.087694764,0.19048411,0.97776556,0
-4.3699861,4.2276163,2.8754148,-0.087694764,0.19048411,0.97776556,0
3.9654367,1.6114516,-0.37160528,0.99555141,0.050708175,0.079411179,0
0.88487417,-3.9712062,0.39273071,0.034454197,-0.98037982,0.19408357,0
1.4263577,-2.725347,-3.4320912,0.087694764,-0.19048411,-0.97776556,0
-1.062933,-3.4880269,3.1792052,0.034454197,-0.98037982,0.19408357,0
3.7849584,-0.69650793,3.3647442,0.99555141,0.050708175,0.079411179,0
-4.1700191,-0.57514048,2.2746439,-0.99555141,-0.050708175,-0.079411179,0
-4.2053099,-1.1946449,3.1126518,-0.99555141,-0.050708175,-0.079411179,0
0.89193857,4.5311079,2.1200919,-0.034454197,0.98037982,-0.19408357,0
0.81534863,0.39135981,-4.0940762,0.087694764,-0.19048411,-0.97776556,0
1.3416589,-3.7868805,1.2427292,0.034454197,-0.98037982,0.19408357,0
-3.6555583,-3.7754765,-2.1313901,-0.99555141,-0.050708175,-0.079411179,0
1.373843,1.2310091,3.974359,-0.087694764,0.19048411,0.97776556,0
-2.8259645,4.0005884,0.10027409,-0.034454197,0.98037982,-0.19408357,0
3.8244014,-3.2209725,3.6605749,0.034454197,-0.98037982,0.19408357,0
1.9338868,3.5890813,3.5651994,-0.087694764,0.19048411,0.97776556,0
-4.2091942,1.4133453,1.4960144,-0.99555141,-0.050708175,-0.079411179,0
-4.2749739,0.81791067,2.7008951,-0.99555141,-0.050708175,-0.079411179,0
-2.3947921,-1.6061761,-3.9928384,0.087694764,-0.19048411,-0.97776556,0
0.25187564,4.5141797,3.2341177,-0.087694764,0.19048411,0.97776556,0
-4.0613585,0.11882257,0.46927309,-0.99555141,-0.050708175,-0.079411179,0
0.26417708,2.445945,3.6381457,-0.087694764,0.19048411,0.97776556,0
-1.5911839,-1.4221286,-3.9566188,0.087694764,-0.19048411,-0.97776556,0
4.0932989,-3.1748841,1.0817518,0.99555141,0.050708175,0.079411179,0
-3.6375337,2.1450331,-4.8350935,0.087694764,-0.19048411,-0.97776556,0
3.4135385,0.92333031,-3.9646831,0.087694764,-0.19048411,-0.97776556,0
4.2841725,-0.76261044,-2.851522,0.99555141,0.050708175,0.079411179,0
1.0732045,-0.31491369,4.2485652,-0.087694764,0.19048411,0.97776556,0
-0.13116968,4.0112128,-0.32444334,-0.034454197,0.98037982,-0.19408357,0
-2.7112818,-4.0769014,-3.5398879,0.087694764,-0.19048411,-0.97776556,0
1.6236689,3.6832776,-2.2924736,-0.034454197,0.98037982,-0.19408357,0
-3.6661363,-2.4314113,-2.8570359,-0.99555141,-0.050708175,-0.079411179,0
-3.6969445,0.9123559,3.5816443,-0.087694764,0.19048411,0.97776556,0
-3.4802904,-3.9842167,1.1019249,0.034454197,-0.98037982,0.19408357,0
-1.5259033,-4.2713032,-3.3956997,0.087694764,-0.19048411,-0.97776556,0
3.5668726,4.414248,2.8353219,0.99555141,0.050708175,0.079411179,0
4.163712,-3.5008373,0.40714693,0.99555141,0.050708175,0.079411179,0
1.5307364,4.1375461,0.01868391,-0.034454197,0.98037982,-0.19408357,0
-1.8782516,-1.0900288,4.1348572,-0.087694764,0.19048411,0.97776556,0
4.0675621,-0.88222361,-0.059576511,0.99555141,0.050708175,0.079411179,0
1.4368504,-3.8124547,1.0966468,0.034454197,-0.98037982,0.19408357,0
2.4871802,3.5071073,-3.3356586,-0.034454197,0.98037982,-0.19408357,0
-4.0728536,2.7462358,-1.0643592,-0.99555141,-0.050708175,-0.079411179,0
-3.7881217,-0.92961836,-2.2867191,-0.99555141,-0.050708175,-0.079411179,0
-3.8571472,2.2113171,3.3142171,-0.087694764,0.19048411,0.97776556,0
-4.2184949,1.1778522,1.7629969,-0.99555141,-0.050708175,-0.079411179,0
-2.5557542,-2.9606774,4.4385242,-0.087694764,0.19048411,0.97776556,0
-3.0126827,0.045140266,-4.3699594,0.087694764,-0.19048411,-0.97776556,0
-1.2758689,2.493856,-4.6912346,0.087694764,-0.19048411,-0.97776556,0
-0.72120905,-4.6751823,-2.8781686,0.034454197,-0.98037982,0.19408357,0
3.2495975,2.3678851,-4.2608089,0.087694764,-0.19048411,-0.97776556,0
4.1739807,-3.6322699,0.3623414,0.99555141,0.050708175,0.079411179,0
4.1665144,-0.13914728,-1.7745986,0.99555141,0.050708175,0.079411179,0
0.35369849,2.7460752,3.5877047,-0.087694764,0.19048411,0.97776556,0
-3.6184146,1.5099149,-4.7096472,0.087694764,-0.19048411,-0.97776556,0
-4.0065184,0.60802722,-0.53062534,-0.99555141,-0.050708175,-0.079411179,0
-4.3707972,2.9006319,2.5722673,-0.99555141,-0.050708175,-0.079411179,0
-1.1574094,3.8156188,3.2438107,-0.087694764,0.19048411,0.97776556,0
1.3103063,-3.0360165,-3.3819766,0.087694764,-0.19048411,-0.97776556,0
-3.6081119,-1.3748093,4.0351877,-0.087694764,0.19048411,0.97776556,0
3.7833834,-2.0727115,4.263267,0.99555141,0.050708175,0.079411179,0
0.48250771,-3.9918261,0.36000252,0.034454197,-0.98037982,0.19408357,0
2.1282175,-3.4213076,2.9497268,0.034454197,-0.98037982,0.19408357,0
-4.2603121,-0.54433489,3.3869426,-0.99555141,-0.050708175,-0.079411179,0
-1.1460133,4.0222793,-0.088385105,-0.034454197,0.98037982,-0.19408357,0
3.8676438,2.3678923,-4.2053785,0.087694764,-0.19048411,-0.97776556,0
3.0000443,3.344012,3.7085652,-0.087694764,0.19048411,0.97776556,0
-4.2195616,-1.721035,3.6274571,-0.99555141,-0.050708175,-0.079411179,0
0.98017168,1.8590708,-4.3652263,0.087694764,-0.19048411,-0.97776556,0
-2.4932981,2.3290482,-4.7683172,0.087694764,-0.19048411,-0.97776556,0
2.8841033,3.4140518,-3.8761756,-0.034454197,0.98037982,-0.19408357,0
-1.8312292,-3.4381287,3.567647,0.034454197,-0.98037982,0.19408357,0
2.0754795,-4.2768641,-3.0716121,0.087694764,-0.19048411,-0.97776556,0
-3.4861505,2.8859644,-4.9658608,0.087694764,-0.19048411,-0.97776556,0
4.2265739,0.30003166,-2.8079848,0.99555141,0.050708175,0.079411179,0
-3.6532843,-0.61840773,-4.1758513,-0.99555141,-0.050708175,-0.079411179,0
-0.20851088,0.55392742,3.9643455,-0.087694764,0.19048411,0.97776556,0
3.7718644,0.089079857,3.027256,0.99555141,0.050708175,0.079411179,0
-3.5238357,-4.7361751,-3.1692955,-0.99555141,-0.050708175,-0.079411179,0
-2.7408586,3.7118704,-1.3732395,-0.034454197,0.98037982,-0.19408357,0
-2.6703496,-2.9214172,-3.7613232,0.087694764,-0.19048411,-0.97776556,0
3.8070517,-2.1768727,4.0330553,0.99555141,0.050708175,0.079411179,0
-1.9259925,1.6337824,-4.5819874,0.087694764,-0.19048411,-0.97776556,0
2.8121302,3.7964563,-1.931747,-0.034454197,0.98037982,-0.19408357,0
3.6476736,4.3521347,1.8620106,0.99555141,0.050708175,0.079411179,0
0.63760769,4.6418734,3.2438366,-0.087694764,0.19048411,0.97776556,0
-0.0095748901,3.7194791,-1.8196709,-0.034454197,0.98037982,-0.19408357,0
3.7481093,-0.48334646,3.6905947,0.99555141,0.050708175,0.079411179,0
-0.97413182,-3.7443111,1.8688657,0.034454197,-0.98037982,0.19408357,0
-3.8827782,1.9296731,-2.9258451,-0.99555141,-0.050708175,-0.079411179,0
2.0123982,2.7485282,-4.4459271,0.087694764,-0.19048411,-0.97776556,0
4.1994305,2.1605706,-3.6557446,0.99555141,0.050708175,0.079411179,0
1.8992974,-4.1356874,-3.1149178,0.087694764,-0.19048411,-0.97776556,0
-0.88119578,-1.7357818,-3.8318367,0.087694764,-0.19048411,-0.97776556,0
3.6615019,-1.5852138,4.7281818,-0.087694764,0.19048411,0.97776556,0
4.0841403,2.2722764,-2.2817175,0.99555141,0.050708175,0.079411179,0
-3.467113,-3.4510698,-3.7295995,0.087694764,-0.19048411,-0.97776556,0
-3.0321696,-4.4550605,-1.3560159,0.034454197,-0.98037982,0.19408357,0
1.396415,4.6772237,2.7686167,-0.034454197,0.98037982,-0.19408357,0
1.1721687,2.9084141,-4.5524349,0.087694764,-0.19048411,-0.97776556,0
1.3590808,3.9550321,-0.87278247,-0.034454197,0.98037982,-0.19408357,0
1.7569096,4.1284895,-0.067217112,-0.034454197,0.98037982,-0.19408357,0
2.6659977,-1.2461786,-3.6090751,0.087694764,-0.19048411,-0.97776556,0
2.8657117,1.4456291,-4.1155691,0.087694764,-0.19048411,-0.97776556,0
2.0342588,-3.4870205,2.6344686,0.034454197,-0.98037982,0.19408357,0
-4.1733408,3.7451115,-0.44241333,-0.99555141,-0.050708175,-0.079411179,0
3.8703055,4.0203114,-0.98883176,-0.034454197,0.98037982,-0.19408357,0
-2.2616854,4.2630715,1.3259921,-0.034454197,0.98037982,-0.19408357,0
-2.2914062,-4.0774274,0.42003083,0.034454197,-0.98037982,0.19408357,0
2.3185267,4.1152062,-0.23401213,-0.034454197,0.98037982,-0.19408357,0
-0.12553787,-2.4763398,-3.6197901,0.087694764,-0.19048411,-0.97776556,0
4.0542521,2.623266,-2.1311464,0.99555141,0.050708175,0.079411179,0
2.9365284,2.0589046,3.9532275,-0.087694764,0.19048411,0.97776556,0
0.76069975,0.57254648,4.0476456,-0.087694764,0.19048411,0.97776556,0
-2.5388486,-3.6784632,2.4792576,0.034454197,-0.98037982,0.19408357,0
-3.7211521,1.158554,-4.4597011,-0.99555141,-0.050708175,-0.079411179,0
-3.2975025,-1.7559419,4.1372957,-0.087694764,0.19048411,0.97776556,0
-4.0451298,3.4618664,-1.8688912,-0.99555141,-0.050708175,-0.079411179,0
-0.58669728,4.3011732,1.2211094,-0.034454197,0.98037982,-0.19408357,0
-4.0918937,-3.5118191,3.1704354,-0.99555141,-0.050708175,-0.079411179,0
2.8600993,0.4783501,4.2542896,-0.087694764,0.19048411,0.97776556,0
-4.1351471,1.5828846,0.45945644,-0.99555141,-0.050708175,-0.079411179,0
-2.6979642,0.012785971,-4.3354287,0.087694764,-0.19048411,-0.97776556,0
-1.4668398,-4.7412767,-3.079668,0.034454197,-0.98037982,0.19408357,0
3.981832,-3.4178038,2.6342916,0.99555141,0.050708175,0.079411179,0
-3.3943756,-4.687397,-2.4653256,0.034454197,-0.98037982,0.19408357,0
-3.008744,3.8365736,-0.69577074,-0.034454197,0.98037982,-0.19408357,0
0.15028095,-3.2165546,4.3351278,0.034454197,-0.98037982,0.19408357,0
0.68134165,-0.76134837,4.3003922,-0.087694764,0.19048411,0.97776556,0
-3.8760142,-2.9823084,0.12590992,-0.99555141,-0.050708175,-0.079411179,0
-2.9076157,-2.9091029,4.3969188,-0.087694764,0.19048411,0.97776556,0
-3.7709188,0.70393515,-3.5454938,-0.99555141,-0.050708175,-0.079411179,0
2.2953639,-3.1224747,4.4295588,0.034454197,-0.98037982,0.19408357,0
2.8869452,-3.9331741,0.22943115,0.034454197,-0.98037982,0.19408357,0
0.24701166,3.6795802,-2.0667627,-0.034454197,0.98037982,-0.19408357,0
1.1562561,3.9051063,-1.088968,-0.034454197,0.98037982,-0.19408357,0
4.18613,-2.4342301,-0.55498409,0.99555141,0.050708175,0.079411179,0
-3.8208921,-3.0979133,-0.4913159,-0.99555141,-0.050708175,-0.079411179,0
2.0412588,3.9932506,-0.80083013,-0.034454197,0.98037982,-0.19408357,0
-1.718008,3.0736375,-4.7787442,-0.034454197,0.98037982,-0.19408357,0
0.78196716,-1.3557949,-3.7566962,0.087694764,-0.19048411,-0.97776556,0
-0.061001062,1.141161,3.8631732,-0.087694764,0.19048411,0.97776556,0
-0.038515091,3.4979866,-2.9333653,-0.034454197,0.98037982,-0.19408357,0
-4.1115613,2.9107163,-0.68411779,-0.99555141,-0.050708175,-0.079411179,0
-2.8131166,-3.0970693,-3.7399077,0.087694764,-0.19048411,-0.97776556,0
3.8259878,1.7774799,1.2705994,0.99555141,0.050708175,0.079411179,0
4.0259962,3.7215033,-2.4782081,0.99555141,0.050708175,0.079411179,0
-0.93361998,-3.2423034,4.3974781,0.034454197,-0.98037982,0.19408357,0
-3.9055462,2.3961303,-2.9382725,-0.99555141,-0.050708175,-0.079411179,0
2.7481256,4.5526686,1.8994892,-0.034454197,0.98037982,-0.19408357,0
3.97859,-0.21581173,0.6302979,0.99555141,0.050708175,0.079411179,0
-3.9707851,3.2432351,-2.6613135,-0.99555141,-0.050708175,-0.079411179,0
3.8874748,-1.73348,2.7416897,0.99555141,0.050708175,0.079411179,0
4.2564445,1.3100905,-3.8274345,0.99555141,0.050708175,0.079411179,0
-3.8053129,1.7908267,-3.8083487,-0.99555141,-0.050708175,-0.079411179,0
2.3828912,-0.78478551,-3.7243528,0.087694764,-0.19048411,-0.97776556,0
-3.310318,0.82342565,-4.5482755,0.087694764,-0.19048411,-0.97776556,0
-0.095952749,2.3149405,3.6313677,-0.087694764,0.19048411,0.97776556,0
-3.8768063,2.7322025,-3.513175,-0.99555141,-0.050708175,-0.079411179,0
3.8516736,2.2770607,0.62957853,0.99555141,0.050708175,0.079411179,0
-1.4806328,-4.3814268,-1.2594972,0.034454197,-0.98037982,0.19408357,0
0.80911785,-4.1234236,-0.36272192,0.034454197,-0.98037982,0.19408357,0
-1.6193261,-3.2535927,4.4621835,0.034454197,-0.98037982,0.19408357,0
-2.7033849,-2.1832838,-3.9080863,0.087694764,-0.19048411,-0.97776556,0
-3.3078842,0.27969837,3.7397902,-0.087694764,0.19048411,0.97776556,0
-1.3318839,-1.5478404,4.2730489,-0.087694764,0.19048411,0.97776556,0
4.2046695,-2.0153413,-1.054888,0.99555141,0.050708175,0.079411179,0
2.4661417,3.5643902,-3.042572,-0.034454197,0.98037982,-0.19408357,0
3.8492937,3.9503889,-0.40909696,0.99555141,0.050708175,0.079411179,0
0.25106576,4.2524729,0.82638764,-0.034454197,0.98037982,-0.19408357,0
-4.2728486,2.7783296,1.4224186,-0.99555141,-0.050708175,-0.079411179,0
-3.7624962,-3.0490479,-1.2546116,-0.99555141,-0.050708175,-0.079411179,0
-3.0830653,4.2750778,1.5324535,-0.034454197,0.98037982,-0.19408357,0
-3.9430935,-1.9569633,0.31212333,-0.99555141,-0.050708175,-0.079411179,0
-1.2974048,4.6137757,2.9263337,-0.034454197,0.98037982,-0.19408357,0
-2.359288,2.7315335,3.3472133,-0.087694764,0.19048411,0.97776556,0
-3.4564233,2.997735,-4.8535442,-0.034454197,0.98037982,-0.19408357,0
-2.0396352,-4.0313454,0.60811305,0.034454197,-0.98037982,0.19408357,0
-4.1724091,1.8658507,0.74590683,-0.99555141,-0.050708175,-0.079411179,0
2.7497232,-1.2052057,-3.6095476,0.087694764,-0.19048411,-0.97776556,0
-2.247613,-3.7883508,1.872479,0.034454197,-0.98037982,0.19408357,0
2.7583463,-0.40219927,-3.7652125,0.087694764,-0.19048411,-0.97776556,0
-3.9517593,-1.3334243,0.022605121,-0.99555141,-0.050708175,-0.079411179,0
-0.079498768,3.8230298,3.3390439,-0.087694764,0.19048411,0.97776556,0
2.5113039,4.7107611,2.7401063,-0.034454197,0.98037982,-0.19408357,0
3.9101958,-2.346395,2.8482182,0.99555141,0.050708175,0.079411179,0
2.7717986,-3.4469085,-3.1708484,0.087694764,-0.19048411,-0.97776556,0
1.5634856,-4.4815588,-2.3056965,0.034454197,-0.98037982,0.19408357,0
-2.720619,-0.73688722,3.9905081,-0.087694764,0.19048411,0.97776556,0
4.2432785,-3.0930502,-0.85074568,0.99555141,0.050708175,0.079411179,0
-4.3570833,2.687748,2.5362849,-0.99555141,-0.050708175,-0.079411179,0
-0.53416491,-0.10030353,-4.1193285,0.087694764,-0.19048411,-0.97776556,0
-2.9634628,3.0527604,-4.663105,-0.034454197,0.98037982,-0.19408357,0
1.1099882,-3.3462119,3.509819,0.034454197,-0.98037982,0.19408357,0
-4.288516,0.97900391,2.7678061,-0.99555141,-0.050708175,-0.079411179,0
4.1179843,-1.3911831,-0.3667016,0.99555141,0.050708175,0.079411179,0
4.0126543,-2.6720386,1.7716761,0.99555141,0.050708175,0.079411179,0
-2.7420354,4.3840656,2.0224481,-0.034454197,0.98037982,-0.19408357,0
-3.8719838,-1.144871,-1.0979159,-0.99555141,-0.050708175,-0.079411179,0
3.8565094,1.7716577,0.89167845,0.99555141,0.050708175,0.079411179,0
0.82851911,3.6039484,-2.5520349,-0.034454197,0.98037982,-0.19408357,0
4.3168478,-4.2769537,-1.7609534,0.034454197,-0.98037982,0.19408357,0
0.77237737,-4.4500971,-3.1547377,0.087694764,-0.19048411,-0.97776556,0
3.1916342,-4.0924988,-0.62946272,0.034454197,-0.98037982,0.19408357,0
3.7200925,1.5593328,-4.0610919,0.087694764,-0.19048411,-0.97776556,0
4.1178455,-2.6236105,0.42200279,0.99555141,0.050708175,0.079411179,0
2.4973769,-4.4533467,-2.3289762,0.034454197,-0.98037982,0.19408357,0
2.4973354,2.0153797,3.9223161,-0.087694764,0.19048411,0.97776556,0
-3.5187516,-4.4410405,-1.1988164,0.034454197,-0.98037982,0.19408357,0
-4.0924649,1.6002731,3.4121528,-0.087694764,0.19048411,0.97776556,0
3.4790144,2.5070159,-4.2673378,0.087694764,-0.19048411,-0.97776556,0
4.0658908,-3.3737018,1.5523181,0.99555141,0.050708175,0.079411179,0
2.8258874,-0.10169554,-3.8176978,0.087694764,-0.19048411,-0.97776556,0
4.1178894,2.5060866,-2.8541217,0.99555141,0.050708175,0.079411179,0
2.6880393,-4.3062401,-1.6197376,0.034454197,-0.98037982,0.19408357,0
2.3803837,-2.7398551,-3.3436995,0.087694764,-0.19048411,-0.97776556,0
3.9330313,-1.0157473,1.7122519,0.99555141,0.050708175,0.079411179,0
1.6382818,-3.2143049,-3.3178272,0.087694764,-0.19048411,-0.97776556,0
-0.39087534,-3.3779545,3.6159112,0.034454197,-0.98037982,0.19408357,0
-0.12206459,3.8974154,-0.90088725,-0.034454197,0.98037982,-0.19408357,0
2.6155035,-1.3769398,-3.5881293,0.087694764,-0.19048411,-0.97776556,0
0.9436872,4.5353961,3.2920322,-0.087694764,0.19048411,0.97776556,0
-4.1093082,2.1378462,-0.21884632,-0.99555141,-0.050708175,-0.079411179,0
-4.0975933,3.3127763,-1.1159697,-0.99555141,-0.050708175,-0.079411179,0
-2.9975481,3.4180737,-2.8117356,-0.034454197,0.98037982,-0.19408357,0
3.65154,3.5753672,2.3095465,0.99555141,0.050708175,0.079411179,0
-4.0088387,-0.084354401,-0.059413195,-0.99555141,-0.050708175,-0.079411179,0
4.4260058,-3.2319422,-3.0528452,0.99555141,0.050708175,0.079411179,0
-3.5770416,-4.5259242,-2.6365256,-0.99555141,-0.050708175,-0.079411179,0
4.1628475,-0.12609243,-1.736964,0.99555141,0.050708175,0.079411179,0
-1.88623,-3.2449811,4.5530643,0.034454197,-0.98037982,0.19408357,0
3.7614272,-3.4929023,2.2981482,0.034454197,-0.98037982,0.19408357,0
0.54926848,-4.1431389,-0.41618109,0.034454197,-0.98037982,0.19408357,0
1.2814735,-4.443799,-3.1103041,0.087694764,-0.19048411,-0.97776556,0
3.8875983,-1.0698407,2.3163722,0.99555141,0.050708175,0.079411179,0
-3.9630938,-2.9730477,1.2116866,-0.99555141,-0.050708175,-0.079411179,0
2.3905427,0.58343053,-3.9902167,0.087694764,-0.19048411,-0.97776556,0
1.60428,-4.2843666,-1.3168569,0.034454197,-0.98037982,0.19408357,0
-4.3066063,2.4477992,2.0566864,-0.99555141,-0.050708175,-0.079411179,0
3.7951086,-2.9571855,4.681056,0.99555141,0.050708175,0.079411179,0
4.0730834,-3.561775,1.5822425,0.99555141,0.050708175,0.079411179,0
3.8845141,1.6035867,0.64791602,0.99555141,0.050708175,0.079411179,0
0.24282551,-3.0693479,4.7106972,-0.087694764,0.19048411,0.97776556,0
1.1282157,-4.1436114,-0.52134609,0.034454197,-0.98037982,0.19408357,0
-3.2350707,-2.327584,-3.9276607,0.087694764,-0.19048411,-0.97776556,0
3.2771721,2.881367,-4.3583703,0.087694764,-0.19048411,-0.97776556,0
0.9977355,0.89196444,-4.1752434,0.087694764,-0.19048411,-0.97776556,0
3.3166599,-3.2881587,3.4113307,0.034454197,-0.98037982,0.19408357,0
4.1322169,1.9243779,-2.6622961,0.99555141,0.050708175,0.079411179,0
3.8642883,2.217366,0.50955135,0.99555141,0.050708175,0.079411179,0
-1.387369,-4.0318747,0.48964572,0.034454197,-0.98037982,0.19408357,0
-4.2103181,3.0559628,0.46121264,-0.99555141,-0.050708175,-0.079411179,0
-0.86263138,4.4153047,1.8466079,-0.034454197,0.98037982,-0.19408357,0
2.2118371,-3.74845,1.2823782,0.034454197,-0.98037982,0.19408357,0
2.4746437,3.6982937,-2.3676872,-0.034454197,0.98037982,-0.19408357,0
1.8000183,-4.1552925,-0.69960833,0.034454197,-0.98037982,0.19408357,0
-0.038910389,-2.5175004,-3.6040018,0.087694764,-0.19048411,-0.97776556,0
-3.295855,3.3692605,-3.0053525,-0.034454197,0.98037982,-0.19408357,0
3.899143,-1.3806608,2.3701172,0.99555141,0.050708175,0.079411179,0
3.1242175,3.5256841,3.6843095,-0.087694764,0.19048411,0.97776556,0
-2.7744453,-0.86789227,4.0112023,-0.087694764,0.19048411,0.97776556,0
-0.97800231,4.529388,3.1208482,-0.087694764,0.19048411,0.97776556,0
-3.9669204,2.1099999,-1.9861345,-0.99555141,-0.050708175,-0.079411179,0
-1.424454,-1.8967271,-3.849206,0.087694764,-0.19048411,-0.97776556,0
1.029361,-3.403563,3.2344315,0.034454197,-0.98037982,0.19408357,0
3.7519913,3.850204,0.87472594,0.99555141,0.050708175,0.079411179,0
-0.6623888,-0.21345425,4.0731359,-0.087694764,0.19048411,0.97776556,0
3.294951,1.944809,4.0076017,-0.087694764,0.19048411,0.97776556,0
-1.3295634,3.6945634,-1.7112017,-0.034454197,0.98037982,-0.19408357,0
-1.8960723,3.9992681,-0.071468353,-0.034454197,0.98037982,-0.19408357,0
-4.0208826,-0.28009272,0.21657085,-0.99555141,-0.050708175,-0.079411179,0
2.8416204,2.6312804,-4.3487134,0.087694764,-0.19048411,-0.97776556,0
3.4714146,-0.87644958,4.5730543,-0.087694764,0.19048411,0.97776556,0
-4.03195,0.18921518,0.055643559,-0.99555141,-0.050708175,-0.079411179,0
3.7426999,-0.42013764,3.7180486,0.99555141,0.050708175,0.079411179,0
4.1537509,3.4498348,-3.9063442,0.99555141,0.050708175,0.079411179,0
3.5937746,-0.94013023,-3.5854864,0.087694764,-0.19048411,-0.97776556,0
-3.3599608,-1.591748,-4.0822139,0.087694764,-0.19048411,-0.97776556,0
2.5294697,3.649112,-2.625854,-0.034454197,0.98037982,-0.19408357,0
-0.92351508,4.1960731,0.75000477,-0.034454197,0.98037982,-0.19408357,0
-4.4621849,4.3386984,2.7996855,-0.99555141,-0.050708175,-0.079411179,0
3.829812,2.7805071,0.58217144,0.99555141,0.050708175,0.079411179,0
-3.8353672,1.5208356,-3.2591603,-0.99555141,-0.050708175,-0.079411179,0
-1.2186286,-3.8528917,1.3637946,0.034454197,-0.98037982,0.19408357,0
-2.106164,3.6087925,-2.0065947,-0.034454197,0.98037982,-0.19408357,0
-1.64976,-3.5792136,2.8227668,0.034454197,-0.98037982,0.19408357,0
4.3254189,-2.6746488,-2.1476829,0.99555141,0.050708175,0.079411179,0
3.2334042,-2.6817892,-3.2785051,0.087694764,-0.19048411,-0.97776556,0
-3.7692327,-0.84515476,-2.5774579,-0.99555141,-0.050708175,-0.079411179,0
3.6295199,-3.1336186,-3.1549542,0.087694764,-0.19048411,-0.97776556,0
-4.1606455,-2.1965065,3.1924636,-0.99555141,-0.050708175,-0.079411179,0
2.0953233,3.7923293,-1.8253484,-0.034454197,0.98037982,-0.19408357,0
3.7042818,4.0417385,1.3505354,0.99555141,0.050708175,0.079411179,0
-1.4447348,0.98034716,3.7703967,-0.087694764,0.19048411,0.97776556,0
-0.092602015,3.9073653,3.3214388,-0.087694764,0.19048411,0.97776556,0
1.5691857,3.3390303,-4.021708,-0.034454197,0.98037982,-0.19408357,0
2.2082028,4.1891284,0.15897822,-0.034454197,0.98037982,-0.19408357,0
-4.0780859,1.1338329,0.030840635,-0.99555141,-0.050708175,-0.079411179,0
-4.4147959,3.3588119,2.8312943,-0.99555141,-0.050708175,-0.079411179,0
-3.8336873,1.3757012,-3.1875465,-0.99555141,-0.050708175,-0.079411179,0
2.8201158,0.51037645,-3.9374568,0.087694764,-0.19048411,-0.97776556,0
-4.0667901,3.5317569,-1.6419754,-0.99555141,-0.050708175,-0.079411179,0
1.2952353,4.5419459,2.1032465,-0.034454197,0.98037982,-0.19408357,0
-3.0682859,-4.2776766,-3.532793,0.087694764,-0.19048411,-0.97776556,0
1.1014161,0.2263453,-4.0362711,0.087694764,-0.19048411,-0.97776556,0
1.4717968,3.8190587,-1.5796382,-0.034454197,0.98037982,-0.19408357,0
-1.5368601,-4.0612984,0.36755586,0.034454197,-0.98037982,0.19408357,0
2.2747574,2.181288,-4.3118896,0.087694764,-0.19048411,-0.97776556,0
2.6967545,3.7229502,-2.2825716,-0.034454197,0.98037982,-0.19408357,0
-1.9607644,-3.0778618,4.5147181,-0.087694764,0.19048411,0.97776556,0
3.9178572,2.782697,-0.5230189,0.99555141,0.050708175,0.079411179,0
-4.1339979,-1.5768633,2.4627151,-0.99555141,-0.050708175,-0.079411179,0
3.7900665,-2.1629057,4.2370749,0.99555141,0.050708175,0.079411179,0
-3.0936007,4.5311913,2.8280358,-0.034454197,0.98037982,-0.19408357,0
-4.1163063,2.0462081,-0.072606087,-0.99555141,-0.050708175,-0.079411179,0
4.3719783,-3.1649532,-2.4182949,0.99555141,0.050708175,0.079411179,0
-3.8417802,0.34009957,-2.4248037,-0.99555141,-0.050708175,-0.079411179,0
-0.69857013,-4.3860283,-1.4215782,0.034454197,-0.98037982,0.19408357,0
3.6873419,1.9391019,2.9055498,0.99555141,0.050708175,0.079411179,0
-3.9991469,2.9675875,-2.1297388,-0.99555141,-0.050708175,-0.079411179,0
-1.075524,4.0452533,0.015149593,-0.034454197,0.98037982,-0.19408357,0
-0.17552996,-1.5806508,4.383153,-0.087694764,0.19048411,0.97776556,0
-2.7769392,-4.2205005,-0.21648359,0.034454197,-0.98037982,0.19408357,0
-2.8738236,3.0120018,-4.884903,-0.034454197,0.98037982,-0.19408357,0
1.7583318,0.86500168,-4.1017737,0.087694764,-0.19048411,-0.97776556,0
-4.3972096,2.7204423,3.0184531,-0.99555141,-0.050708175,-0.079411179,0
4.2378483,-4.2336612,-2.8860884,0.087694764,-0.19048411,-0.97776556,0
-2.2880206,-1.203424,4.1201963,-0.087694764,0.19048411,0.97776556,0
-1.1444306,-2.2383366,4.4243813,-0.087694764,0.19048411,0.97776556,0
0.054906368,-4.1400003,-0.31256676,0.034454197,-0.98037982,0.19408357,0
-1.3547974,-2.5306444,4.4624596,-0.087694764,0.19048411,0.97776556,0
4.1699009,0.51301718,-2.2334964,0.99555141,0.050708175,0.079411179,0
-3.9536564,3.403089,-2.7177005,-0.034454197,0.98037982,-0.19408357,0
-0.16187239,-3.0880849,4.67805,-0.087694764,0.19048411,0.97776556,0
3.4280972,0.90610838,-3.9600224,0.087694764,-0.19048411,-0.97776556,0
1.8415376,-4.5371723,-2.6359789,0.034454197,-0.98037982,0.19408357,0
4.0414343,1.1328249,-1.0187297,0.99555141,0.050708175,0.079411179,0
-2.1817527,3.7696652,3.1608911,-0.087694764,0.19048411,0.97776556,0
-1.9306481,3.955785,-0.28497839,-0.034454197,0.98037982,-0.19408357,0
-4.042088,0.97482872,-0.31891537,-0.99555141,-0.050708175,-0.079411179,0
-3.7466459,-4.2611046,-0.24944687,0.034454197,-0.98037982,0.19408357,0
1.8808446,-3.0584636,-3.3264327,0.087694764,-0.19048411,-0.97776556,0
-3.7373414,-0.80713105,-3.0015497,-0.99555141,-0.050708175,-0.079411179,0
-4.2970824,4.0795302,0.89534235,-0.99555141,-0.050708175,-0.079411179,0
-0.032125473,2.2809482,-4.5382061,0.087694764,-0.19048411,-0.97776556,0
2.5155401,4.3601074,3.4671588,-0.087694764,0.19048411,0.97776556,0
4.3439803,-2.0497231,-2.7794259,0.99555141,0.050708175,0.079411179,0
-1.3792593,-0.21129295,-4.1735015,0.087694764,-0.19048411,-0.97776556,0
-2.7448177,-3.6476719,2.6713603,0.034454197,-0.98037982,0.19408357,0
-3.9484949,1.1029894,-1.5740986,-0.99555141,-0.050708175,-0.079411179,0
-0.54244232,-2.3946981,4.5088348,-0.087694764,0.19048411,0.97776556,0
1.3440189,1.4975898,-4.2621708,0.087694764,-0.19048411,-0.97776556,0
-1.2204129,4.1436272,3.1742589,-0.087694764,0.19048411,0.97776556,0
1.5976255,3.5107565,-3.1593115,-0.034454197,0.98037982,-0.19408357,0
3.7526119,-1.796891,4.4729095,0.99555141,0.050708175,0.079411179,0
-0.01411891,-4.471652,-3.2210786,0.087694764,-0.19048411,-0.97776556,0
4.0328188,-2.8476539,1.6310177,0.99555141,0.050708175,0.079411179,0
-0.54889417,-1.7531089,-3.7986569,0.087694764,-0.19048411,-0.97776556,0
-3.6542292,-2.1609149,4.1841969,-0.087694764,0.19048411,0.97776556,0
-3.670527,-0.6873498,-3.9156671,-0.99555141,-0.050708175,-0.079411179,0
1.5071702,3.136286,-4.566782,0.087694764,-0.19048411,-0.97776556,0
0.99458647,3.641052,-2.3940928,-0.034454197,0.98037982,-0.19408357,0
-3.6099951,3.1240313,-4.1883187,-0.034454197,0.98037982,-0.19408357,0
-0.27835584,-3.0809278,-3.5157125,0.087694764,-0.19048411,-0.97776556,0
-2.9044952,4.1183009,0.70882225,-0.034454197,0.98037982,-0.19408357,0
3.6010153,0.26489639,-3.8195956,0.087694764,-0.19048411,-0.97776556,0
-1.9577112,-4.7353511,-2.9625947,0.034454197,-0.98037982,0.19408357,0
0.51276612,3.9217205,-0.89081144,-0.034454197,0.98037982,-0.19408357,0
1.3610073,-3.8710022,0.81436682,0.034454197,-0.98037982,0.19408357,0
3.809834,2.0131469,1.3226291,0.99555141,0.050708175,0.079411179,0
-3.9672532,-1.247225,0.16180491,-0.99555141,-0.050708175,-0.079411179,0
3.9434967,1.3264859,0.085418046,0.99555141,0.050708175,0.079411179,0
-3.8711081,1.3347616,-2.6922703,-0.99555141,-0.050708175,-0.079411179,0
-2.8979831,-3.4093034,3.9026246,0.034454197,-0.98037982,0.19408357,0
4.0199208,2.8232117,-1.8284228,0.99555141,0.050708175,0.079411179,0
3.6743219,2.9355874,2.4324682,0.99555141,0.050708175,0.079411179,0
2.5837488,3.8798003,-1.4702089,-0.034454197,0.98037982,-0.19408357,0
-3.6043596,-2.3969994,-3.6534777,-0.99555141,-0.050708175,-0.079411179,0
-3.1802773,1.4377624,-4.6562948,0.087694764,-0.19048411,-0.97776556,0
-2.3516374,0.42964244,3.7963436,-0.087694764,0.19048411,0.97776556,0
-4.1297579,-3.4293208,4.0201788,0.034454197,-0.98037982,0.19408357,0
0.84953022,0.84697509,4.0021501,-0.087694764,0.19048411,0.97776556,0
-4.3801756,2.4596982,2.9714015,-0.99555141,-0.050708175,-0.079411179,0
4.0616727,1.3036151,-1.3815113,0.99555141,0.050708175,0.079411179,0
3.3862233,4.6851158,2.4552455,-0.034454197,0.98037982,-0.19408357,0
2.198173,4.2012372,0.22192359,-0.034454197,0.98037982,-0.19408357,0
3.2496507,-1.5159118,4.677742,-0.087694764,0.19048411,0.97776556,0
0.23877025,-2.9467595,-3.49547,0.087694764,-0.19048411,-0.97776556,0
-1.6004806,-3.8677011,1.3567736,0.034454197,-0.98037982,0.19408357,0
0.53564692,-4.1209502,-0.301682,0.034454197,-0.98037982,0.19408357,0
-0.42563778,4.4140453,1.7626719,-0.034454197,0.98037982,-0.19408357,0
0.95481682,-1.9740105,4.5611653,-0.087694764,0.19048411,0.97776556,0
-2.6782901,-4.6553159,-2.4303911,0.034454197,-0.98037982,0.19408357,0
-0.92901778,-1.3713253,-3.9071274,0.087694764,-0.19048411,-0.97776556,0
2.0678265,-2.2046072,-3.476007,0.087694764,-0.19048411,-0.97776556,0
-4.413125,3.6911542,2.5981321,-0.99555141,-0.050708175,-0.079411179,0
3.5465302,3.681355,3.5583377,0.99555141,0.050708175,0.079411179,0
-4.1763072,-1.0426183,2.6519861,-0.99555141,-0.050708175,-0.079411179,0
-4.3134041,3.8377271,2.9564462,-0.087694764,0.19048411,0.97776556,0
3.699007,-0.8026495,4.5100613,0.99555141,0.050708175,0.079411179,0
-0.74341345,-2.3891706,4.4897327,-0.087694764,0.19048411,0.97776556,0
2.6577256,2.9036174,3.7636585,-0.087694764,0.19048411,0.97776556,0
2.8829327,-3.2527778,3.6670456,0.034454197,-0.98037982,0.19408357,0
-2.1882832,-3.9776502,0.90573382,0.034454197,-0.98037982,0.19408357,0
-4.3903232,3.7285132,2.2884197,-0.99555141,-0.050708175,-0.079411179,0
4.0413713,2.7845633,-2.0726643,0.99555141,0.050708175,0.079411179,0
-4.0269074,2.4862909,-1.4743776,-0.99555141,-0.050708175,-0.079411179,0
1.2925651,4.4066672,1.4203825,-0.034454197,0.98037982,-0.19408357,0
-1.7794425,2.4159839,3.4606922,-0.087694764,0.19048411,0.97776556,0
-2.2411406,0.76657349,-4.4413066,0.087694764,-0.19048411,-0.97776556,0
1.0296943,-3.4910705,-3.3184929,0.087694764,-0.19048411,-0.97776556,0
-0.56683064,-2.9045448,4.6059732,-0.087694764,0.19048411,0.97776556,0
-4.0738935,2.704905,-1.0249305,-0.99555141,-0.050708175,-0.079411179,0
3.9190321,-0.2839222,1.4204512,0.99555141,0.050708175,0.079411179,0
4.2431078,-1.592061,-1.8070652,0.99555141,0.050708175,0.079411179,0
-3.0948348,-0.1584748,-4.3376598,0.087694764,-0.19048411,-0.97776556,0
-3.9161046,-3.5740223,3.2513156,0.034454197,-0.98037982,0.19408357,0
2.4283545,-3.8217759,0.87354803,0.034454197,-0.98037982,0.19408357,0
-3.8402474,-3.3012214,-0.11884332,-0.99555141,-0.050708175,-0.079411179,0
-0.97946191,-2.4267037,-3.7060471,0.087694764,-0.19048411,-0.97776556,0
3.8948596,3.0716028,-0.41918826,0.99555141,0.050708175,0.079411179,0
3.8658643,-0.80074072,2.4170115,0.99555141,0.050708175,0.079411179,0
1.4894657,3.2943411,3.5827594,-0.087694764,0.19048411,0.97776556,0
-0.47282505,-3.7589488,1.7059331,0.034454197,-0.98037982,0.19408357,0
0.73653054,4.3060808,1.0109973,-0.034454197,0.98037982,-0.19408357,0
-4.2001567,1.7179379,1.1882186,-0.99555141,-0.050708175,-0.079411179,0
0.49134493,-3.7156713,1.7533805,0.034454197,-0.98037982,0.19408357,0
-0.58672655,-4.3913708,-3.288075,0.087694764,-0.19048411,-0.97776556,0
3.7627864,0.62954688,2.7959476,0.99555141,0.050708175,0.079411179,0
-4.4098406,3.0373869,2.9744198,-0.99555141,-0.050708175,-0.079411179,0
-2.0000863,4.3947849,1.9448786,-0.034454197,0.98037982,-0.19408357,0
3.8357098,-2.8676436,4.1148767,0.99555141,0.050708175,0.079411179,0
3.2028756,3.0960121,3.7750711,-0.087694764,0.19048411,0.97776556,0
-4.2296114,-0.40283442,2.9117124,-0.99555141,-0.050708175,-0.079411179,0
-2.2880321,-2.3520377,4.3439636,-0.087694764,0.19048411,0.97776556,0
2.3389981,4.7101626,2.767674,-0.034454197,0.98037982,-0.19408357,0
