2.2502222,-2.9129732,-3.2813973,0.76741493,-0.50025362,-0.40102407,0
-4.3011079,2.1863089,0.26321459,-0.76741493,0.50025362,0.40102407,0
-0.23355484,-6.1114769,-2.2094913,-0.47069594,-0.86427808,0.17739356,0
-4.5067749,-3.7588456,-2.0858071,-0.47069594,-0.86427808,0.17739356,0
-2.4024565,-4.1838756,1.4269991,-0.47069594,-0.86427808,0.17739356,0
2.2853234,-5.3340769,3.0313973,0.4353382,-0.052625656,0.89872742,0
-0.45877296,0.63342094,-4.1914196,-0.4353382,0.052625656,-0.89872742,0
-3.6500382,-0.86280107,5.3127098,-0.76741493,0.50025362,0.40102407,0
0.26721025,-5.6797895,1.2224574,-0.47069594,-0.86427808,0.17739356,0
0.46919978,1.0402305,4.2843709,0.4353382,-0.052625656,0.89872742,0
4.9572892,3.1954069,0.53607893,0.47069594,0.86427808,-0.17739356,0
-1.2877576,5.9369841,-2.6772962,0.47069594,0.86427808,-0.17739356,0
-1.4909048,6.2206144,-1.834455,0.47069594,0.86427808,-0.17739356,0
3.5839024,1.5662782,2.8064308,0.4353382,-0.052625656,0.89872742,0
-5.6465178,-2.5628092,0.71719646,-0.47069594,-0.86427808,0.17739356,0
-5.6943407,-2.2658594,2.0370698,-0.47069594,-0.86427808,0.17739356,0
5.5321984,0.45864636,-1.2067752,0.76741493,-0.50025362,-0.40102407,0
-4.0307755,4.3966408,-1.9767275,-0.76741493,0.50025362,0.40102407,0
6.2459931,1.4765512,-1.1106081,0.76741493,-0.50025362,-0.40102407,0
-1.1896572,3.3595281,4.7538853,-0.76741493,0.50025362,0.40102407,0
-2.2129083,-3.6200092,4.6771522,-0.47069594,-0.86427808,0.17739356,0
-1.0367222,4.2558513,3.9284377,-0.76741493,0.50025362,0.40102407,0
2.4041533,1.0027285,3.3448954,0.4353382,-0.052625656,0.89872742,0
-5.8575096,-1.6311198,2.0468383,-0.76741493,0.50025362,0.40102407,0
0.99115151,3.3242908,-4.7361884,-0.4353382,0.052625656,-0.89872742,0
-0.2790103,5.2605853,4.1250787,-0.76741493,0.50025362,0.40102407,0
3.7056937,-1.9978147,-1.6377562,0.76741493,-0.50025362,-0.40102407,0
-2.2788858,2.6662757,3.5342855,-0.76741493,0.50025362,0.40102407,0
3.1288559,-3.8566797,2.709306,0.4353382,-0.052625656,0.89872742,0
-1.3694633,-5.4933805,-2.2120852,-0.47069594,-0.86427808,0.17739356,0
1.4414302,4.774724,4.0321054,0.4353382,-0.052625656,0.89872742,0
-3.1058607,4.658567,-0.53350854,-0.76741493,0.50025362,0.40102407,0
-4.5624075,-0.69465971,-2.2814102,-0.4353382,0.052625656,-0.89872742,0
3.1149259,1.091181,3.0057807,0.4353382,-0.052625656,0.89872742,0
-6.3376799,-2.5067623,-0.84366512,-0.47069594,-0.86427808,0.17739356,0
-0.83785009,6.4529705,1.5682313,-0.76741493,0.50025362,0.40102407,0
-2.4941697,2.3311076,3.5404124,-0.76741493,0.50025362,0.40102407,0
3.1919808,-4.2759528,0.22102427,0.76741493,-0.50025362,-0.40102407,0
1.8173392,-1.2399747,3.4978209,0.4353382,-0.052625656,0.89872742,0
1.0069284,-6.273035,0.29487658,-0.47069594,-0.86427808,0.17739356,0
2.7898836,-2.6191936,-2.6151536,0.76741493,-0.50025362,-0.40102407,0
1.9480777,1.9002981,3.6183736,0.4353382,-0.052625656,0.89872742,0
-2.5433111,0.03655529,-3.2166317,-0.4353382,0.052625656,-0.89872742,0
-2.790772,5.5746803,-1.0733409,-0.76741493,0.50025362,0.40102407,0
-3.0842695,3.8141675,-2.7333932,-0.4353382,0.052625656,-0.89872742,0
2.3796859,-3.7693613,-1.965358,0.76741493,-0.50025362,-0.40102407,0
-2.9325707,-2.2256069,5.7409334,0.4353382,-0.052625656,0.89872742,0
-0.80810213,4.6435699,3.882278,-0.76741493,0.50025362,0.40102407,0
2.0805144,3.9933705,-3.2093954,0.47069594,0.86427808,-0.17739356,0
3.6953397,3.0860708,-3.345068,0.47069594,0.86427808,-0.17739356,0
0.16450596,-5.6294384,1.1952572,-0.47069594,-0.86427808,0.17739356,0
3.0985391,-3.6598847,2.7355146,0.4353382,-0.052625656,0.89872742,0
1.0156274,4.4384394,4.2186704,0.4353382,-0.052625656,0.89872742,0
-2.5132089,-2.7368841,5.5078588,0.4353382,-0.052625656,0.89872742,0
4.061667,3.9487948,1.8302104,0.47069594,0.86427808,-0.17739356,0
3.1801703,-3.0906148,2.7293072,0.4353382,-0.052625656,0.89872742,0
3.4869919,-4.8684797,1.5247097,0.76741493,-0.50025362,-0.40102407,0
2.3188567,-5.529871,3.0036893,0.4353382,-0.052625656,0.89872742,0
-3.4000282,-3.677109,1.2490568,-0.47069594,-0.86427808,0.17739356,0
-2.1857436,-4.085146,2.4830437,-0.47069594,-0.86427808,0.17739356,0
6.3625612,2.4721193,0.74089909,0.47069594,0.86427808,-0.17739356,0
-6.7529011,-1.3344893,-0.036647797,-0.76741493,0.50025362,0.40102407,0
1.4646616,5.66922,3.3213885,0.47069594,0.86427808,-0.17739356,0
-0.52200413,3.8779912,4.9306717,0.4353382,-0.052625656,0.89872742,0
3.6462579,-5.2421541,2.2956257,0.76741493,-0.50025362,-0.40102407,0
-4.4749041,-3.2038798,0.70259714,-0.47069594,-0.86427808,0.17739356,0
-1.5086641,-1.0248451,5.1215143,0.4353382,-0.052625656,0.89872742,0
-2.5190697,1.0171545,5.1318417,-0.76741493,0.50025362,0.40102407,0
-6.4897647,-2.3215013,-1.4430716,-0.4353382,0.052625656,-0.89872742,0
5.5209036,-1.626909,1.6811788,0.4353382,-0.052625656,0.89872742,0
2.9548583,1.5436375,3.1098104,0.4353382,-0.052625656,0.89872742,0
5.5099163,0.76599574,-1.6328166,0.76741493,-0.50025362,-0.40102407,0
2.7283111,-0.3880105,-5.5162492,0.76741493,-0.50025362,-0.40102407,0
4.2814126,3.3836408,-0.34019947,0.47069594,0.86427808,-0.17739356,0
1.5994852,1.7944276,3.7810302,0.4353382,-0.052625656,0.89872742,0
-4.6830816,0.93468094,-2.1275492,-0.4353382,0.052625656,-0.89872742,0
-5.1700735,-0.32352,1.7311888,-0.76741493,0.50025362,0.40102407,0
3.2058449,3.0828645,-4.6595149,0.47069594,0.86427808,-0.17739356,0
7.2161031,2.0591276,0.99355602,0.47069594,0.86427808,-0.17739356,0
1.4845047,3.9714928,-4.8974366,0.47069594,0.86427808,-0.17739356,0
2.3553219,-0.88140202,3.2582216,0.4353382,-0.052625656,0.89872742,0
0.91613674,-5.7373691,-2.311089,0.76741493,-0.50025362,-0.40102407,0
1.138414,-4.2727175,3.6491027,0.4353382,-0.052625656,0.89872742,0
3.1703339,-1.992027,2.7984009,0.4353382,-0.052625656,0.89872742,0
2.7104616,-6.2214327,1.7264419,0.76741493,-0.50025362,-0.40102407,0
-2.279691,-3.6007142,4.5939589,-0.47069594,-0.86427808,0.17739356,0
-1.6235223,0.0036797523,5.2373767,0.4353382,-0.052625656,0.89872742,0
3.260365,-0.95041037,2.8157835,0.4353382,-0.052625656,0.89872742,0
2.3497987,-1.5208895,-4.8273854,0.76741493,-0.50025362,-0.40102407,0
6.9766331,1.3829472,0.40433979,0.76741493,-0.50025362,-0.40102407,0
2.0752654,-3.5944133,-2.7661445,0.76741493,-0.50025362,-0.40102407,0
-2.844821,3.6888604,1.1756769,-0.76741493,0.50025362,0.40102407,0
5.5422096,2.0294027,-3.1470442,0.76741493,-0.50025362,-0.40102407,0
-0.28567266,-3.833286,-4.5368204,-0.4353382,0.052625656,-0.89872742,0
0.24711591,-3.7088842,4.1138573,0.4353382,-0.052625656,0.89872742,0
-2.0783134,5.0054812,1.0000892,-0.76741493,0.50025362,0.40102407,0
5.6480937,-0.77492189,0.55380833,0.76741493,-0.50025362,-0.40102407,0
5.6638288,1.9372709,-2.7993789,0.76741493,-0.50025362,-0.40102407,0
-1.7742184,-4.6955314,-3.8662674,-0.4353382,0.052625656,-0.89872742,0
0.99916792,6.1200228,4.2826037,0.47069594,0.86427808,-0.17739356,0
-0.3307941,-0.95545149,4.5550237,0.4353382,-0.052625656,0.89872742,0
0.35694003,3.9013994,4.5062876,0.4353382,-0.052625656,0.89872742,0
-1.1895002,-5.6187458,-2.3453617,-0.47069594,-0.86427808,0.17739356,0
-3.956779,0.63443506,2.8580055,-0.76741493,0.50025362,0.40102407,0
-2.351974,4.6417608,0.93012226,-0.76741493,0.50025362,0.40102407,0
-5.1995511,0.069916129,1.1839919,-0.76741493,0.50025362,0.40102407,0
2.2153883,-5.0286894,3.0831556,0.4353382,-0.052625656,0.89872742,0
-3.6310234,3.1564598,0.33530745,-0.76741493,0.50025362,0.40102407,0
-0.17229843,4.7137899,4.8102179,0.4353382,-0.052625656,0.89872742,0
-3.1795297,4.6109266,-0.61505818,-0.76741493,0.50025362,0.40102407,0
-1.9125206,-4.7238131,0.096369743,-0.47069594,-0.86427808,0.17739356,0
-1.1439304,6.2776909,-0.63571501,0.47069594,0.86427808,-0.17739356,0
0.47348022,-6.1463552,-0.50337505,-0.47069594,-0.86427808,0.17739356,0
-1.9486231,-4.2073259,-3.7531998,-0.4353382,0.052625656,-0.89872742,0
1.3765097,5.0640178,0.13889074,0.47069594,0.86427808,-0.17739356,0
1.179317,-5.8720269,2.7060409,-0.47069594,-0.86427808,0.17739356,0
-5.331768,-1.4297383,2.8017054,-0.76741493,0.50025362,0.40102407,0
3.1804848,-3.1846497,-1.1623106,0.76741493,-0.50025362,-0.40102407,0
0.67644906,-0.85001993,4.0732951,0.4353382,-0.052625656,0.89872742,0
-2.3299527,3.1624198,2.8176522,-0.76741493,0.50025362,0.40102407,0
2.0802975,-6.5208883,0.89408779,0.76741493,-0.50025362,-0.40102407,0
-2.5642405,6.1657476,-1.3771639,-0.76741493,0.50025362,0.40102407,0
-2.9321432,-4.8092904,-3.0255466,-0.47069594,-0.86427808,0.17739356,0
3.3325534,-4.1042662,0.27586091,0.76741493,-0.50025362,-0.40102407,0
0.8138032,4.0202699,-4.6095276,-0.4353382,0.052625656,-0.89872742,0
-3.5437498,-0.85918379,5.5115943,-0.76741493,0.50025362,0.40102407,0
-1.9927688,3.8725185,2.5770948,-0.76741493,0.50025362,0.40102407,0
1.5530927,4.3967748,-2.6434345,0.47069594,0.86427808,-0.17739356,0
-4.1469631,-2.5324063,4.844233,-0.47069594,-0.86427808,0.17739356,0
0.50778818,-1.207123,-4.7673907,-0.4353382,0.052625656,-0.89872742,0
-0.69512296,-3.2741356,-4.3057437,-0.4353382,0.052625656,-0.89872742,0
1.1870776,4.9446545,-0.94529581,0.47069594,0.86427808,-0.17739356,0
3.702564,1.7171061,2.7577837,0.4353382,-0.052625656,0.89872742,0
4.1536665,-2.2151189,-0.50942379,0.76741493,-0.50025362,-0.40102407,0
4.1480494,1.9186795,-5.6768417,0.76741493,-0.50025362,-0.40102407,0
3.3959136,1.4731183,-6.0094376,-0.4353382,0.052625656,-0.89872742,0
-0.65454435,1.9294169,4.8807735,0.4353382,-0.052625656,0.89872742,0
-1.3931389,5.9195747,-3.0417385,0.47069594,0.86427808,-0.17739356,0
1.7836509,-6.1449766,2.9797416,-0.47069594,-0.86427808,0.17739356,0
-1.2991972,6.0541244,-2.1369357,0.47069594,0.86427808,-0.17739356,0
3.9974551,2.9443054,-3.2341275,0.47069594,0.86427808,-0.17739356,0
3.813338,4.2321367,2.5517614,0.47069594,0.86427808,-0.17739356,0
-4.9198747,-2.8907797,1.047369,-0.47069594,-0.86427808,0.17739356,0
-1.2838793,-5.8464956,-3.7054012,-0.47069594,-0.86427808,0.17739356,0
-5.242434,-3.1266732,-0.9578042,-0.47069594,-0.86427808,0.17739356,0
-5.7546825,-0.67419136,1.0499005,-0.76741493,0.50025362,0.40102407,0
-0.86631131,-6.1548572,-4.0997972,-0.47069594,-0.86427808,0.17739356,0
3.6649718,4.1045742,1.5365911,0.47069594,0.86427808,-0.17739356,0
1.5583701,-5.9760246,3.2051291,-0.47069594,-0.86427808,0.17739356,0
-1.5856833,4.046937,-3.4456685,-0.4353382,0.052625656,-0.89872742,0
-5.6794481,-2.9028857,-1.8696272,-0.4353382,0.052625656,-0.89872742,0
2.0102849,-1.7199278,-5.2288041,0.76741493,-0.50025362,-0.40102407,0
-0.73827958,-0.41837502,4.7838564,0.4353382,-0.052625656,0.89872742,0
-0.72707713,-5.4488568,-0.29065704,-0.47069594,-0.86427808,0.17739356,0
-1.7098614,-5.3065062,-2.2048273,-0.47069594,-0.86427808,0.17739356,0
-4.409761,2.3980446,-0.20883584,-0.76741493,0.50025362,0.40102407,0
1.3873994,-1.2144818,-5.1939006,-0.4353382,0.052625656,-0.89872742,0
0.78034979,4.4898896,-4.2401628,0.47069594,0.86427808,-0.17739356,0
-1.7421865,6.462986,-1.3203492,0.47069594,0.86427808,-0.17739356,0
4.5788908,2.8698192,2.4007945,0.4353382,-0.052625656,0.89872742,0
-0.21298456,6.2913551,1.9010253,0.47069594,0.86427808,-0.17739356,0
-1.2733607,3.7736509,4.0771132,-0.76741493,0.50025362,0.40102407,0
0.49937499,5.4315381,-0.39790487,0.47069594,0.86427808,-0.17739356,0
-0.72265863,3.6550288,5.0148125,0.4353382,-0.052625656,0.89872742,0
5.308188,2.6819153,2.0365248,0.4353382,-0.052625656,0.89872742,0
-4.9925756,-3.2181141,-0.7403388,-0.47069594,-0.86427808,0.17739356,0
-1.7958254,-5.1489263,-1.6651802,-0.47069594,-0.86427808,0.17739356,0
-3.38978,4.1328554,-2.5667441,-0.4353382,0.052625656,-0.89872742,0
3.6049843,0.82469153,2.7527945,0.4353382,-0.052625656,0.89872742,0
-5.9432425,-2.7798762,-1.1277008,-0.47069594,-0.86427808,0.17739356,0
-0.26811361,-6.2160277,-3.9802179,0.76741493,-0.50025362,-0.40102407,0
-0.12464154,-5.0629663,3.1879396,-0.47069594,-0.86427808,0.17739356,0
0.14382911,-5.7158327,0.71947432,-0.47069594,-0.86427808,0.17739356,0
3.1287653,0.22582769,2.9484048,0.4353382,-0.052625656,0.89872742,0
7.0964751,1.9723898,0.25354052,0.47069594,0.86427808,-0.17739356,0
-0.12309146,2.3577914,4.6484241,0.4353382,-0.052625656,0.89872742,0
1.2445083,-5.9118309,2.6850896,-0.47069594,-0.86427808,0.17739356,0
1.6800866,-6.3725772,1.5960579,-0.47069594,-0.86427808,0.17739356,0
-6.9358463,-1.9375985,0.34217882,-0.47069594,-0.86427808,0.17739356,0
6.5064077,2.4940367,1.2293665,0.47069594,0.86427808,-0.17739356,0
-1.7590816,-4.9902935,-3.8908601,-0.4353382,0.052625656,-0.89872742,0
-1.510128,1.0445247,5.2433972,0.4353382,-0.052625656,0.89872742,0
3.4808168,0.15774679,2.7738867,0.4353382,-0.052625656,0.89872742,0
0.071526051,-6.3983765,-3.1028023,0.76741493,-0.50025362,-0.40102407,0
-1.0556426,5.65833,-3.4190288,0.47069594,0.86427808,-0.17739356,0
0.6444695,-5.5915947,2.6531653,-0.47069594,-0.86427808,0.17739356,0
-6.7311244,-1.7501788,-1.2927041,-0.4353382,0.052625656,-0.89872742,0
-5.8021145,-1.4932775,-1.7276676,-0.4353382,0.052625656,-0.89872742,0
-3.6068399,-4.193325,-1.8147454,-0.47069594,-0.86427808,0.17739356,0
3.5523019,-4.4181461,1.0879273,0.76741493,-0.50025362,-0.40102407,0
3.2096992,-1.5740414,2.8038082,0.4353382,-0.052625656,0.89872742,0
0.54891598,5.2864723,-0.97322512,0.47069594,0.86427808,-0.17739356,0
6.3825707,2.1042416,-0.99833775,0.47069594,0.86427808,-0.17739356,0
7.0928159,1.1662123,0.89703512,0.76741493,-0.50025362,-0.40102407,0
-2.0647993,-4.1935062,2.2760134,-0.47069594,-0.86427808,0.17739356,0
2.4958119,-6.6995506,2.1674523,-0.47069594,-0.86427808,0.17739356,0
-3.255816,5.3818355,-1.7227042,-0.76741493,0.50025362,0.40102407,0
5.4440279,-0.54891682,1.7815399,0.4353382,-0.052625656,0.89872742,0
-2.4885714,-1.3083267,5.5795751,0.4353382,-0.052625656,0.89872742,0
-6.5451746,-2.3332489,-1.416919,-0.4353382,0.052625656,-0.89872742,0
-3.3846359,0.20845509,4.4842644,-0.76741493,0.50025362,0.40102407,0
1.7828947,5.5862083,3.7613482,0.47069594,0.86427808,-0.17739356,0
-6.5901556,-1.8735619,0.94725132,-0.76741493,0.50025362,0.40102407,0
0.57996058,-5.3271995,3.7701564,-0.47069594,-0.86427808,0.17739356,0
-0.82014596,0.014413834,-4.052619,-0.4353382,0.052625656,-0.89872742,0
-1.3810042,0.51326799,-3.7517314,-0.4353382,0.052625656,-0.89872742,0
2.8277247,0.71859384,3.1230817,0.4353382,-0.052625656,0.89872742,0
-2.565022,4.2115498,1.0590882,-0.76741493,0.50025362,0.40102407,0
-2.5965648,3.1844795,2.2799356,-0.76741493,0.50025362,0.40102407,0
4.6150484,-2.5957596,0.84831893,0.76741493,-0.50025362,-0.40102407,0
1.4775424,-2.4270525,3.592906,0.4353382,-0.052625656,0.89872742,0
1.3271027,-5.4750242,-1.8519087,0.76741493,-0.50025362,-0.40102407,0
-3.0083194,1.1126086,4.0765219,-0.76741493,0.50025362,0.40102407,0
5.7924876,-0.64845181,0.67236412,0.76741493,-0.50025362,-0.40102407,0
-3.8913832,-1.4282038,5.556169,-0.76741493,0.50025362,0.40102407,0
1.7853423,4.8284926,0.07618618,0.47069594,0.86427808,-0.17739356,0
0.25283575,-6.3601933,-2.803472,0.76741493,-0.50025362,-0.40102407,0
0.81639254,5.2561078,-0.41144371,0.47069594,0.86427808,-0.17739356,0
-6.2771335,-2.5819604,-1.0493808,-0.47069594,-0.86427808,0.17739356,0
2.6126177,2.3029709,-5.5814204,-0.4353382,0.052625656,-0.89872742,0
-2.8656356,-4.3199778,-0.46510124,-0.47069594,-0.86427808,0.17739356,0
-3.8450913,4.3289185,-1.5369123,-0.76741493,0.50025362,0.40102407,0
4.1098981,-2.2627738,-0.53373408,0.76741493,-0.50025362,-0.40102407,0
2.8109658,-2.0511751,2.9690132,0.4353382,-0.052625656,0.89872742,0
-5.1158514,0.35125589,-1.9520811,-0.4353382,0.052625656,-0.89872742,0
-4.2163086,-2.2864931,5.858346,-0.47069594,-0.86427808,0.17739356,0
-4.5858889,-3.4498057,-0.79006004,-0.47069594,-0.86427808,0.17739356,0
-4.277298,-2.3487017,5.3934298,-0.47069594,-0.86427808,0.17739356,0
-4.0626903,4.4763193,-2.1371911,-0.76741493,0.50025362,0.40102407,0
5.8357401,1.0543598,-1.3690248,0.76741493,-0.50025362,-0.40102407,0
-4.7422056,-2.9980001,0.99640846,-0.47069594,-0.86427808,0.17739356,0
0.13374066,-1.4424665,-4.5999851,-0.4353382,0.052625656,-0.89872742,0
-1.6500007,-2.1946878,5.1214752,0.4353382,-0.052625656,0.89872742,0
0.17449689,-0.12136078,4.3591051,0.4353382,-0.052625656,0.89872742,0
-5.1319141,0.51183808,0.76215386,-0.76741493,0.50025362,0.40102407,0
0.14803219,-6.3540339,-2.378747,-0.47069594,-0.86427808,0.17739356,0
5.0362663,2.8729672,2.1794293,0.4353382,-0.052625656,0.89872742,0
-0.71519017,4.474153,-3.8423142,-0.4353382,0.052625656,-0.89872742,0
-0.25439119,-4.8934889,3.669363,-0.47069594,-0.86427808,0.17739356,0
3.9109683,-0.60127258,2.5210791,0.4353382,-0.052625656,0.89872742,0
-2.3307314,0.91344976,5.6216192,-0.76741493,0.50025362,0.40102407,0
5.0395803,-1.5059774,1.9214104,0.4353382,-0.052625656,0.89872742,0
-3.0261889,0.54023814,4.7563238,-0.76741493,0.50025362,0.40102407,0
1.6591508,-6.0263653,3.2272811,-0.47069594,-0.86427808,0.17739356,0
-1.7836478,-0.30788517,5.2966967,0.4353382,-0.052625656,0.89872742,0
-5.3256874,0.48209548,-1.8427762,-0.4353382,0.052625656,-0.89872742,0
-1.4526038,3.4006803,4.1993647,-0.76741493,0.50025362,0.40102407,0
0.18535233,-6.3656211,-2.336179,-0.47069594,-0.86427808,0.17739356,0
2.1771491,0.030062199,-5.5035744,-0.4353382,0.052625656,-0.89872742,0
-2.0416529,5.6544442,-3.1306705,-0.4353382,0.052625656,-0.89872742,0
-1.2906809,6.1058502,1.1346889,-0.76741493,0.50025362,0.40102407,0
-5.5123172,-1.9305993,3.0809946,-0.76741493,0.50025362,0.40102407,0
6.5663586,1.1544552,1.3376324,0.4353382,-0.052625656,0.89872742,0
-4.826057,-1.7053306,4.1132393,-0.76741493,0.50025362,0.40102407,0
-2.7979822,-3.2485232,4.9346285,-0.47069594,-0.86427808,0.17739356,0
1.294944,-6.1037221,1.8840084,-0.47069594,-0.86427808,0.17739356,0
1.1369911,5.4705739,1.484129,0.47069594,0.86427808,-0.17739356,0
0.26316214,1.4672413,-4.4922957,-0.4353382,0.052625656,-0.89872742,0
0.83571744,5.8464794,2.5161746,0.47069594,0.86427808,-0.17739356,0
-0.51211321,-5.26546,1.1732507,-0.47069594,-0.86427808,0.17739356,0
-5.6728568,-0.65268117,1.1796529,-0.76741493,0.50025362,0.40102407,0
-3.1430211,-3.4100447,3.2321591,-0.47069594,-0.86427808,0.17739356,0
-1.4820528,4.5771241,2.6754665,-0.76741493,0.50025362,0.40102407,0
-5.0874701,2.2635243,-1.8538542,-0.4353382,0.052625656,-0.89872742,0
2.3247733,-3.3201449,3.1302156,0.4353382,-0.052625656,0.89872742,0
-4.9896536,-2.7856443,1.3744454,-0.47069594,-0.86427808,0.17739356,0
-1.3843786,-1.9853272,5.0050688,0.4353382,-0.052625656,0.89872742,0
-0.72176731,-5.3232679,0.33530998,-0.47069594,-0.86427808,0.17739356,0
-5.2510953,1.5402391,-0.74878311,-0.76741493,0.50025362,0.40102407,0
1.574923,2.2695618,3.82075,0.4353382,-0.052625656,0.89872742,0
0.033261299,-6.1615114,-3.4715018,0.76741493,-0.50025362,-0.40102407,0
2.6172814,4.6174717,1.2555335,0.47069594,0.86427808,-0.17739356,0
5.2935085,2.299293,-2.9377437,0.47069594,0.86427808,-0.17739356,0
2.6820378,-2.8956242,-2.4767008,0.76741493,-0.50025362,-0.40102407,0
-1.6452265,3.6595149,3.5078745,-0.76741493,0.50025362,0.40102407,0
2.0920658,-2.0084443,-4.7123961,0.76741493,-0.50025362,-0.40102407,0
1.3102069,-4.3945808,-3.232029,0.76741493,-0.50025362,-0.40102407,0
0.69094992,-6.2693644,-0.52565384,-0.47069594,-0.86427808,0.17739356,0
4.5297666,-1.0935726,-1.1887665,0.76741493,-0.50025362,-0.40102407,0
-2.7810578,0.34494781,5.4690275,-0.76741493,0.50025362,0.40102407,0
-2.1363282,1.6704252,5.0493536,-0.76741493,0.50025362,0.40102407,0
-1.0064814,-6.0433254,-3.9283295,-0.47069594,-0.86427808,0.17739356,0
-3.9094696,-1.4778669,5.5835071,-0.76741493,0.50025362,0.40102407,0
-2.2134135,0.23678875,-3.3647075,-0.4353382,0.052625656,-0.89872742,0
-4.3672762,-3.4590578,-0.25506926,-0.47069594,-0.86427808,0.17739356,0
-5.6986299,1.178616,-1.1541007,-0.76741493,0.50025362,0.40102407,0
-3.6425099,2.5181322,-2.5388746,-0.4353382,0.052625656,-0.89872742,0
0.44624257,2.5123181,4.381691,0.4353382,-0.052625656,0.89872742,0
-1.3214294,-2.6331816,-3.964833,-0.4353382,0.052625656,-0.89872742,0
-1.0558738,-5.6455822,-2.1215489,-0.47069594,-0.86427808,0.17739356,0
-1.6665249,-1.7207456,5.1572309,0.4353382,-0.052625656,0.89872742,0
-2.5217004,-4.6625423,-1.2215085,-0.47069594,-0.86427808,0.17739356,0
-0.69126034,5.7152433,-2.1748967,0.47069594,0.86427808,-0.17739356,0
2.4661493,4.6777639,1.1482716,0.47069594,0.86427808,-0.17739356,0
-1.0857546,0.47516894,5.0044942,0.4353382,-0.052625656,0.89872742,0
-2.7669735,1.7414335,3.7539482,-0.76741493,0.50025362,0.40102407,0
-0.55513167,-3.0091412,-4.3580379,-0.4353382,0.052625656,-0.89872742,0
-4.1695328,-1.4580951,5.0611768,-0.76741493,0.50025362,0.40102407,0
4.3667946,-3.3555274,2.1390014,0.4353382,-0.052625656,0.89872742,0
0.06379962,5.923595,0.8436842,0.47069594,0.86427808,-0.17739356,0
-6.2985458,-2.0538578,1.4667645,-0.47069594,-0.86427808,0.17739356,0
-2.0072196,-4.1088867,2.8410692,-0.47069594,-0.86427808,0.17739356,0
4.5241528,2.9372387,-1.8710217,0.47069594,0.86427808,-0.17739356,0
-6.360096,-1.2574074,-1.4435735,-0.4353382,0.052625656,-0.89872742,0
3.1979377,2.3725648,-5.8608704,-0.4353382,0.052625656,-0.89872742,0
-1.8967822,-4.2136564,2.6236577,-0.47069594,-0.86427808,0.17739356,0
-2.086503,5.8179164,-0.029047012,-0.76741493,0.50025362,0.40102407,0
1.6120665,5.2788606,1.810648,0.47069594,0.86427808,-0.17739356,0
1.1253829,3.6206996,4.1176219,0.4353382,-0.052625656,0.89872742,0
0.79834175,-6.0906873,0.6298275,-0.47069594,-0.86427808,0.17739356,0
4.8050075,-1.1016066,-0.65203452,0.76741493,-0.50025362,-0.40102407,0
0.7246924,-2.9219174,3.9286041,0.4353382,-0.052625656,0.89872742,0
-2.4214277,-4.4509072,0.075658798,-0.47069594,-0.86427808,0.17739356,0
-3.6834035,-0.70049334,-2.7075365,-0.4353382,0.052625656,-0.89872742,0
-3.5917859,1.4586619,2.5282969,-0.76741493,0.50025362,0.40102407,0
0.10502815,6.0269451,3.904,-0.76741493,0.50025362,0.40102407,0
-4.3155384,-3.4094486,0.12390852,-0.47069594,-0.86427808,0.17739356,0
-2.1899018,-3.0566354,5.3325272,0.4353382,-0.052625656,0.89872742,0
-3.0538568,4.8946133,-2.6848578,-0.4353382,0.052625656,-0.89872742,0
-1.5212555,6.1477923,0.64113212,-0.76741493,0.50025362,0.40102407,0
-2.1568711,-4.1835666,2.0801373,-0.47069594,-0.86427808,0.17739356,0
-7.044826,-2.01279,-0.31332397,-0.47069594,-0.86427808,0.17739356,0
0.31372619,-5.9544182,0.0078673363,-0.47069594,-0.86427808,0.17739356,0
-1.875062,-1.2302737,5.2869654,0.4353382,-0.052625656,0.89872742,0
2.2176166,2.8823373,3.5453148,0.4353382,-0.052625656,0.89872742,0
-0.067086399,1.4057231,-4.335927,-0.4353382,0.052625656,-0.89872742,0
-5.339633,-2.5981231,1.3594327,-0.47069594,-0.86427808,0.17739356,0
0.88422823,-5.3150244,-2.8990006,0.76741493,-0.50025362,-0.40102407,0
0.96966791,-6.1283822,-1.7208841,0.76741493,-0.50025362,-0.40102407,0
-4.0502324,2.2800684,0.62633896,-0.76741493,0.50025362,0.40102407,0
-2.1822152,6.4262419,-2.666944,0.47069594,0.86427808,-0.17739356,0
-0.029671669,-6.3048964,-3.4130664,0.76741493,-0.50025362,-0.40102407,0
0.46556258,4.9175115,-2.9920053,0.47069594,0.86427808,-0.17739356,0
5.5578566,1.9524028,-3.0210481,0.76741493,-0.50025362,-0.40102407,0
1.9582496,4.7880521,0.33794832,0.47069594,0.86427808,-0.17739356,0
-1.9390289,-5.4730263,-3.8319616,-0.4353382,0.052625656,-0.89872742,0
-0.91047525,5.3995237,2.743366,-0.76741493,0.50025362,0.40102407,0
-4.0295153,-3.9083424,-1.5478117,-0.47069594,-0.86427808,0.17739356,0
-1.7560065,-4.6511202,0.86582851,-0.47069594,-0.86427808,0.17739356,0
2.5490594,1.7148423,-5.5850725,-0.4353382,0.052625656,-0.89872742,0
-1.1163821,4.6557417,3.2771571,-0.76741493,0.50025362,0.40102407,0
-2.8475065,6.3060379,-2.0942349,-0.76741493,0.50025362,0.40102407,0
3.5229421,-1.8132038,-2.2177687,0.76741493,-0.50025362,-0.40102407,0
4.7943506,3.6392806,2.3414838,0.4353382,-0.052625656,0.89872742,0
2.3822618,4.5113845,0.11507034,0.47069594,0.86427808,-0.17739356,0
-0.3021771,2.823945,-4.1390057,-0.4353382,0.052625656,-0.89872742,0
0.87548065,-1.1862161,-4.9442744,-0.4353382,0.052625656,-0.89872742,0
-1.3463461,-4.9214191,-4.0867538,-0.4353382,0.052625656,-0.89872742,0
-4.0412283,2.4471328,0.43516722,-0.76741493,0.50025362,0.40102407,0
2.3223305,1.0815294,3.3891439,0.4353382,-0.052625656,0.89872742,0
-4.8472252,1.6775916,-0.14726263,-0.76741493,0.50025362,0.40102407,0
-1.9662895,1.9584535,5.0154481,-0.76741493,0.50025362,0.40102407,0
2.492017,4.4791842,3.5059018,0.4353382,-0.052625656,0.89872742,0
-3.1759412,-0.72760963,-2.954936,-0.4353382,0.052625656,-0.89872742,0
3.6687145,3.133209,2.8571019,0.4353382,-0.052625656,0.89872742,0
-2.2538118,1.1029975,5.5323648,-0.76741493,0.50025362,0.40102407,0
2.4706674,4.3008652,-0.67602444,0.47069594,0.86427808,-0.17739356,0
-4.3190384,-2.6899266,3.6201959,-0.47069594,-0.86427808,0.17739356,0
-3.3578782,-4.5871472,-3.0728886,-0.47069594,-0.86427808,0.17739356,0
3.3204384,-2.0937083,-2.2553744,0.76741493,-0.50025362,-0.40102407,0
3.7969937,1.072705,2.6743093,0.4353382,-0.052625656,0.89872742,0
5.9714131,2.2728186,-1.2679801,0.47069594,0.86427808,-0.17739356,0
-3.3643713,0.95301259,3.5942533,-0.76741493,0.50025362,0.40102407,0
-2.4588761,6.0529795,-2.9052334,-0.4353382,0.052625656,-0.89872742,0
4.1360836,-2.3854225,2.3075619,0.4353382,-0.052625656,0.89872742,0
-2.2373853,1.5439909,5.0136857,-0.76741493,0.50025362,0.40102407,0
-0.016409099,4.2091718,-4.1963162,-0.4353382,0.052625656,-0.89872742,0
1.9110767,3.3974609,3.7239645,0.4353382,-0.052625656,0.89872742,0
-6.2508631,-2.3134782,0.32839203,-0.47069594,-0.86427808,0.17739356,0
-2.1248198,2.2528179,-3.2895703,-0.4353382,0.052625656,-0.89872742,0
2.5803924,-6.5184793,2.8191142,0.4353382,-0.052625656,0.89872742,0
-4.2777653,-1.6219585,5.0584698,-0.76741493,0.50025362,0.40102407,0
1.141284,-6.0758743,1.6119633,-0.47069594,-0.86427808,0.17739356,0
-2.9667606,4.0330448,0.51298022,-0.76741493,0.50025362,0.40102407,0
-3.3041363,4.9460559,-2.560611,-0.4353382,0.052625656,-0.89872742,0
4.304554,-0.062982261,-2.9053421,0.76741493,-0.50025362,-0.40102407,0
-1.4375978,-5.2936592,-1.4198143,-0.47069594,-0.86427808,0.17739356,0
2.9921718,4.6998248,3.2765496,0.4353382,-0.052625656,0.89872742,0
2.1962643,5.178287,2.8707509,0.47069594,0.86427808,-0.17739356,0
-3.5433128,2.1788771,-2.6067908,-0.4353382,0.052625656,-0.89872742,0
-1.2833322,-4.8136368,1.3282232,-0.47069594,-0.86427808,0.17739356,0
0.69180238,5.3254414,-0.40423203,0.47069594,0.86427808,-0.17739356,0
4.6080527,-1.5248812,-0.50092423,0.76741493,-0.50025362,-0.40102407,0
2.367445,-6.5414057,2.5973401,-0.47069594,-0.86427808,0.17739356,0
4.8602819,1.3207095,-3.5679545,0.76741493,-0.50025362,-0.40102407,0
1.2122898,-3.6892138,-4.2993107,0.76741493,-0.50025362,-0.40102407,0
4.0207167,3.3816874,-1.0414443,0.47069594,0.86427808,-0.17739356,0
-2.5047872,-2.4345384,-3.3799896,-0.4353382,0.052625656,-0.89872742,0
4.7766094,3.1994214,2.3243215,0.4353382,-0.052625656,0.89872742,0
4.8243761,0.044592373,-2.0447841,0.76741493,-0.50025362,-0.40102407,0
1.2574317,-3.7800941,3.6202974,0.4353382,-0.052625656,0.89872742,0
2.4055176,2.0426102,-5.4963479,-0.4353382,0.052625656,-0.89872742,0
5.2691331,-1.4352918,1.8143556,0.4353382,-0.052625656,0.89872742,0
4.8993335,-1.1174006,-0.45182538,0.76741493,-0.50025362,-0.40102407,0
4.3803968,2.2152188,-5.6021271,0.76741493,-0.50025362,-0.40102407,0
-2.1057925,-4.1863904,-3.6758418,-0.4353382,0.052625656,-0.89872742,0
3.2158051,-2.3077486,2.7578874,0.4353382,-0.052625656,0.89872742,0
-2.0543642,5.1278224,0.89330721,-0.76741493,0.50025362,0.40102407,0
2.6841421,-4.8779178,0.00011897087,0.76741493,-0.50025362,-0.40102407,0
-2.7618275,3.6544654,-2.8989334,-0.4353382,0.052625656,-0.89872742,0
-3.8706741,-4.1067429,-2.0929658,-0.47069594,-0.86427808,0.17739356,0
3.3617034,-4.5911689,0.9390254,0.76741493,-0.50025362,-0.40102407,0
-4.1117148,0.45656025,2.783402,-0.76741493,0.50025362,0.40102407,0
-4.1562834,-2.0878687,5.8721371,-0.76741493,0.50025362,0.40102407,0
-2.1237295,-5.1846094,-2.7090917,-0.47069594,-0.86427808,0.17739356,0
2.9815116,-3.1404345,-1.5982292,0.76741493,-0.50025362,-0.40102407,0
5.410192,-1.2239869,1.7584006,0.4353382,-0.052625656,0.89872742,0
0.30648804,-5.8087115,-3.3887408,0.76741493,-0.50025362,-0.40102407,0
3.0121205,4.3556004,1.0273385,0.47069594,0.86427808,-0.17739356,0
-4.5476379,-2.7799001,2.5752735,-0.47069594,-0.86427808,0.17739356,0
-6.8406763,-2.1940174,-0.65459061,-0.47069594,-0.86427808,0.17739356,0
-2.7289181,5.7310314,-1.1500132,-0.76741493,0.50025362,0.40102407,0
2.8287344,-1.2330689,3.0083113,0.4353382,-0.052625656,0.89872742,0
4.4350009,-2.897995,2.1327536,0.4353382,-0.052625656,0.89872742,0
4.1139765,-0.55637497,-2.6545608,0.76741493,-0.50025362,-0.40102407,0
-0.7763288,5.799449,-1.9903631,0.47069594,0.86427808,-0.17739356,0
-1.6853347,-5.228487,-1.7596314,-0.47069594,-0.86427808,0.17739356,0
1.8627558,-2.80318,-4.1598282,0.76741493,-0.50025362,-0.40102407,0
6.829648,1.4882084,-0.0082435608,0.76741493,-0.50025362,-0.40102407,0
-1.0948362,4.7133479,3.2465279,-0.76741493,0.50025362,0.40102407,0
3.3466091,1.4414785,2.9140668,0.4353382,-0.052625656,0.89872742,0
4.2099838,1.4804668,-5.0116758,0.76741493,-0.50025362,-0.40102407,0
0.94768286,-4.3495264,-3.981972,0.76741493,-0.50025362,-0.40102407,0
-2.0558012,-1.9840081,-3.5710945,-0.4353382,0.052625656,-0.89872742,0
1.7627722,5.1214752,1.4437327,0.47069594,0.86427808,-0.17739356,0
5.1614943,2.535852,-2.1354947,0.47069594,0.86427808,-0.17739356,0
-3.1655223,4.6401453,-2.6456683,-0.4353382,0.052625656,-0.89872742,0
4.9928756,1.7214812,-3.8141565,0.76741493,-0.50025362,-0.40102407,0
-2.5248358,4.3796883,-2.9712641,-0.4353382,0.052625656,-0.89872742,0
2.368134,-1.3228879,-5.0392942,0.76741493,-0.50025362,-0.40102407,0
-4.442523,-2.1325991,5.3801761,-0.76741493,0.50025362,0.40102407,0
2.7608838,-5.2305703,0.58688855,0.76741493,-0.50025362,-0.40102407,0
2.5543604,-3.9818742,-1.3659954,0.76741493,-0.50025362,-0.40102407,0
-2.470504,3.1008112,-3.0724688,-0.4353382,0.052625656,-0.89872742,0
-2.0003991,-4.7274046,-0.15430737,-0.47069594,-0.86427808,0.17739356,0
0.075601339,0.99940205,4.4726372,0.4353382,-0.052625656,0.89872742,0
-1.1927129,-5.2249961,-0.43550396,-0.47069594,-0.86427808,0.17739356,0
2.3452508,0.50281477,-5.5573192,-0.4353382,0.052625656,-0.89872742,0
-3.8208718,3.0211272,0.14082551,-0.76741493,0.50025362,0.40102407,0
3.972147,-0.93010652,-2.4597626,0.76741493,-0.50025362,-0.40102407,0
3.1234021,3.8692617,-1.0468702,0.47069594,0.86427808,-0.17739356,0
3.5349972,-3.9855943,2.5050249,0.4353382,-0.052625656,0.89872742,0
1.7887203,3.1457613,3.7684948,0.4353382,-0.052625656,0.89872742,0
-3.1785355,2.5433865,1.9659792,-0.76741493,0.50025362,0.40102407,0
-0.84258902,4.7337108,-3.7654042,-0.4353382,0.052625656,-0.89872742,0
2.4196835,1.5098495,3.3670673,0.4353382,-0.052625656,0.89872742,0
0.2257843,6.1960535,3.9241321,-0.76741493,0.50025362,0.40102407,0
-1.1069522,-5.9534149,-3.7568669,-0.47069594,-0.86427808,0.17739356,0
2.8675606,-2.7610228,2.900033,0.4353382,-0.052625656,0.89872742,0
3.7036886,0.39776039,-4.6299324,0.76741493,-0.50025362,-0.40102407,0
-4.8932085,-3.2336648,-0.55244255,-0.47069594,-0.86427808,0.17739356,0
-1.4433738,-5.3185444,-1.5563834,-0.47069594,-0.86427808,0.17739356,0
-3.961833,-2.4003894,5.9786563,-0.47069594,-0.86427808,0.17739356,0
-0.97758865,6.4983711,0.880831,0.47069594,0.86427808,-0.17739356,0
-0.19747949,5.3743792,-2.5254202,0.47069594,0.86427808,-0.17739356,0
-1.3827705,3.8231387,3.8060093,-0.76741493,0.50025362,0.40102407,0
3.8393531,-1.2827454,-2.2739882,0.76741493,-0.50025362,-0.40102407,0
-0.88908231,2.0705428,-3.8988276,-0.4353382,0.052625656,-0.89872742,0
5.0102167,2.7823124,2.186739,0.4353382,-0.052625656,0.89872742,0
-4.5233698,-1.1540365,4.0047684,-0.76741493,0.50025362,0.40102407,0
-1.9049172,4.1722393,-3.2836969,-0.4353382,0.052625656,-0.89872742,0
-6.0521083,-1.2365561,1.1822538,-0.76741493,0.50025362,0.40102407,0
0.16367149,-5.924346,-3.5177927,0.76741493,-0.50025362,-0.40102407,0
-4.6241202,-1.8273544,4.6518912,-0.76741493,0.50025362,0.40102407,0
6.1686368,-0.32316065,0.98639429,0.76741493,-0.50025362,-0.40102407,0
-4.6794252,3.0635383,-1.5550414,-0.76741493,0.50025362,0.40102407,0
-6.2627544,-2.2994509,-1.551743,-0.4353382,0.052625656,-0.89872742,0
-2.1920676,1.1036754,-3.3242855,-0.4353382,0.052625656,-0.89872742,0
4.0633593,2.6798716,2.6393926,0.4353382,-0.052625656,0.89872742,0
-2.746172,2.9707286,2.2602825,-0.76741493,0.50025362,0.40102407,0
-3.2073207,-4.0691524,-0.14968443,-0.47069594,-0.86427808,0.17739356,0
1.1262233,1.9123535,4.0171809,0.4353382,-0.052625656,0.89872742,0
1.318435,-6.1607447,1.6685162,-0.47069594,-0.86427808,0.17739356,0
2.4926016,4.3836384,-0.21454477,0.47069594,0.86427808,-0.17739356,0
2.9692507,3.9779086,-0.92655849,0.47069594,0.86427808,-0.17739356,0
3.845191,-1.5446945,-1.9360485,0.76741493,-0.50025362,-0.40102407,0
-4.6187453,1.6448601,0.33079642,-0.76741493,0.50025362,0.40102407,0
-5.1218104,-3.4062469,-1.9998491,-0.47069594,-0.86427808,0.17739356,0
0.42968595,5.4628592,-0.43021822,0.47069594,0.86427808,-0.17739356,0
-2.3975267,-3.0863247,5.4313612,0.4353382,-0.052625656,0.89872742,0
-4.3256483,2.6527226,-2.2000861,-0.4353382,0.052625656,-0.89872742,0
-1.2026033,6.1844854,-1.245502,0.47069594,0.86427808,-0.17739356,0
-5.9066553,-2.2392263,1.6034741,-0.47069594,-0.86427808,0.17739356,0
6.7091036,2.2125559,0.39579964,0.47069594,0.86427808,-0.17739356,0
1.6677256,-3.6783059,-3.4413772,0.76741493,-0.50025362,-0.40102407,0
3.6983771,0.69969249,-5.0167389,0.76741493,-0.50025362,-0.40102407,0
-0.90727103,-3.1853695,4.7036905,0.4353382,-0.052625656,0.89872742,0
-3.5653429,4.6306009,-1.3779061,-0.76741493,0.50025362,0.40102407,0
2.3704424,-2.0771723,-4.0939517,0.76741493,-0.50025362,-0.40102407,0
3.3227947,-3.8228724,2.6173429,0.4353382,-0.052625656,0.89872742,0
-0.69119775,-2.1635747,4.6588583,0.4353382,-0.052625656,0.89872742,0
-3.7270322,-3.312681,-2.8393621,-0.4353382,0.052625656,-0.89872742,0
-0.56066418,-5.9548645,-4.5278478,-0.4353382,0.052625656,-0.89872742,0
-5.9169264,-1.0638297,1.2254753,-0.76741493,0.50025362,0.40102407,0
-5.2240844,0.95585537,0.031886697,-0.76741493,0.50025362,0.40102407,0
0.66639358,0.12974977,4.1355376,0.4353382,-0.052625656,0.89872742,0
1.9533801,-5.9469256,-0.064771414,0.76741493,-0.50025362,-0.40102407,0
-0.1187613,-4.3624034,-4.6486545,-0.4353382,0.052625656,-0.89872742,0
1.1754713,-1.2167406,3.8100982,0.4353382,-0.052625656,0.89872742,0
-0.91334242,-0.28960538,-4.0252771,-0.4353382,0.052625656,-0.89872742,0
-2.1024408,-5.1329165,-2.400753,-0.47069594,-0.86427808,0.17739356,0
0.70956028,2.2984295,4.2416172,0.4353382,-0.052625656,0.89872742,0
-1.6130961,-4.4862027,2.0485196,-0.47069594,-0.86427808,0.17739356,0
-0.8604393,6.4933805,1.4745948,-0.76741493,0.50025362,0.40102407,0
2.3129244,-4.8071389,-0.79854977,0.76741493,-0.50025362,-0.40102407,0
6.3913665,0.54620671,0.32813644,0.76741493,-0.50025362,-0.40102407,0
0.90778446,-6.4836125,-0.99414182,-0.47069594,-0.86427808,0.17739356,0
3.6376112,-0.96787524,2.6320248,0.4353382,-0.052625656,0.89872742,0
-2.1883023,-5.2745671,-3.3187108,-0.47069594,-0.86427808,0.17739356,0
-3.7678552,0.65565944,-2.5872173,-0.4353382,0.052625656,-0.89872742,0
-1.7450817,-4.3255672,2.4809384,-0.47069594,-0.86427808,0.17739356,0
1.6397183,-0.51368666,3.6263876,0.4353382,-0.052625656,0.89872742,0
5.7572532,1.5964828,-2.195487,0.76741493,-0.50025362,-0.40102407,0
-2.7218597,1.1311805,-3.0660467,-0.4353382,0.052625656,-0.89872742,0
-6.2067776,-1.6589327,-1.5413513,-0.4353382,0.052625656,-0.89872742,0
5.3814802,1.8718922,-3.2581358,0.76741493,-0.50025362,-0.40102407,0
-0.15991354,-4.8436918,4.1626673,-0.47069594,-0.86427808,0.17739356,0
-3.1141973,-1.8913817,-3.05299,-0.4353382,0.052625656,-0.89872742,0
-2.3921504,2.0274491,4.1144357,-0.76741493,0.50025362,0.40102407,0
1.45066,4.414464,-2.8290453,0.47069594,0.86427808,-0.17739356,0
1.7077858,2.7508545,3.7845745,0.4353382,-0.052625656,0.89872742,0
3.9502325,-4.6459155,2.2652214,0.4353382,-0.052625656,0.89872742,0
-0.24724388,4.6034026,4.8400574,0.4353382,-0.052625656,0.89872742,0
-3.5418391,-3.6230905,1.1359572,-0.47069594,-0.86427808,0.17739356,0
-1.2044387,-2.1647754,-3.9940743,-0.4353382,0.052625656,-0.89872742,0
5.1912432,0.36970592,1.9577785,0.4353382,-0.052625656,0.89872742,0
-1.3330486,6.1169643,-1.9205933,0.47069594,0.86427808,-0.17739356,0
2.812871,-0.36972117,-5.3772473,0.76741493,-0.50025362,-0.40102407,0
0.50050855,5.556179,0.21236563,0.47069594,0.86427808,-0.17739356,0
-4.3537292,-3.923326,-2.4810803,-0.47069594,-0.86427808,0.17739356,0
1.3797557,5.300241,1.2984037,0.47069594,0.86427808,-0.17739356,0
2.0604339,4.8673782,0.99556613,0.47069594,0.86427808,-0.17739356,0
-4.2839017,4.0517416,-2.0308764,-0.76741493,0.50025362,0.40102407,0
2.0984015,-3.599864,-2.7150717,0.76741493,-0.50025362,-0.40102407,0
2.990768,-0.90362227,-4.3708057,0.76741493,-0.50025362,-0.40102407,0
-3.359374,5.0525732,-1.5101416,-0.76741493,0.50025362,0.40102407,0
-4.2953863,3.9506199,-1.9267097,-0.76741493,0.50025362,0.40102407,0
-4.4997635,-2.5064793,4.0344372,-0.47069594,-0.86427808,0.17739356,0
1.9530082,-2.0654025,-4.9074512,0.76741493,-0.50025362,-0.40102407,0
-5.3442297,-3.2167716,-1.6668754,-0.47069594,-0.86427808,0.17739356,0
5.0009141,0.12170281,-1.8031459,0.76741493,-0.50025362,-0.40102407,0
-0.47284889,-5.7005916,-0.84256458,-0.47069594,-0.86427808,0.17739356,0
5.2337017,2.3129215,-3.0300336,0.47069594,0.86427808,-0.17739356,0
1.5312518,2.9953296,3.8844023,0.4353382,-0.052625656,0.89872742,0
6.6704793,1.4105779,-0.21599531,0.76741493,-0.50025362,-0.40102407,0
0.57735729,-6.0116911,-2.6171906,0.76741493,-0.50025362,-0.40102407,0
1.1179234,4.346139,-4.0448141,0.47069594,0.86427808,-0.17739356,0
-6.343359,-2.6414795,-1.5150878,-0.47069594,-0.86427808,0.17739356,0
-1.7869644,6.2262287,-2.5926681,0.47069594,0.86427808,-0.17739356,0
-0.13677046,2.3635106,-4.246089,-0.4353382,0.052625656,-0.89872742,0
5.0151882,2.2939878,-3.702085,0.47069594,0.86427808,-0.17739356,0
3.2394574,-0.86100554,2.831146,0.4353382,-0.052625656,0.89872742,0
0.26174963,-0.21550608,-4.5901461,-0.4353382,0.052625656,-0.89872742,0
-2.0709109,-0.25351286,5.4390287,0.4353382,-0.052625656,0.89872742,0
-6.3537145,-2.4283686,-0.50426817,-0.47069594,-0.86427808,0.17739356,0
2.952024,-3.1990478,-1.5815413,0.76741493,-0.50025362,-0.40102407,0
6.6258478,0.64972997,0.64770746,0.76741493,-0.50025362,-0.40102407,0
2.6697097,-0.46977186,-5.5263977,0.76741493,-0.50025362,-0.40102407,0
4.9860649,-1.8282626,0.60090387,0.76741493,-0.50025362,-0.40102407,0
1.7283163,-5.8250141,3.2724614,0.4353382,-0.052625656,0.89872742,0
1.5024252,-6.1166673,-0.7159934,0.76741493,-0.50025362,-0.40102407,0
-3.7022533,-0.1878171,-2.6683855,-0.4353382,0.052625656,-0.89872742,0
0.55290937,0.097006798,-4.7128825,-0.4353382,0.052625656,-0.89872742,0
0.16653466,-0.76549125,-4.5762296,-0.4353382,0.052625656,-0.89872742,0
4.7316551,-3.260685,1.9009181,0.76741493,-0.50025362,-0.40102407,0
-1.0860219,4.598865,-3.6553829,-0.4353382,0.052625656,-0.89872742,0
4.0064735,3.8730597,1.3147714,0.47069594,0.86427808,-0.17739356,0
-2.5686598,5.5320468,-0.59511638,-0.76741493,0.50025362,0.40102407,0
-3.8741446,4.3160238,-1.5764246,-0.76741493,0.50025362,0.40102407,0
0.072887421,5.4478931,4.5648279,-0.76741493,0.50025362,0.40102407,0
3.6739082,-2.8778327,-0.60081208,0.76741493,-0.50025362,-0.40102407,0
-4.6549335,-2.3262782,-2.3321326,-0.4353382,0.052625656,-0.89872742,0
3.9440484,3.043143,-2.8942938,0.47069594,0.86427808,-0.17739356,0
-0.7257241,-5.1812725,1.0166254,-0.47069594,-0.86427808,0.17739356,0
-3.510663,-3.3797572,2.404223,-0.47069594,-0.86427808,0.17739356,0
3.464011,3.2028992,-3.3896799,0.47069594,0.86427808,-0.17739356,0
5.6357083,2.5865574,-0.63017511,0.47069594,0.86427808,-0.17739356,0
0.16280127,6.197372,3.8019609,-0.76741493,0.50025362,0.40102407,0
-6.0895405,-1.4876554,1.4238524,-0.76741493,0.50025362,0.40102407,0
-2.9008913,-4.8143215,-2.9671323,-0.47069594,-0.86427808,0.17739356,0
-0.83293986,-4.9578209,1.8208199,-0.47069594,-0.86427808,0.17739356,0
-4.2712975,1.0192788,1.7760611,-0.76741493,0.50025362,0.40102407,0
5.1297379,-1.9064088,0.97332495,0.76741493,-0.50025362,-0.40102407,0
6.8364186,0.82754898,0.82884622,0.76741493,-0.50025362,-0.40102407,0
4.0545025,-1.4282001,-1.6808233,0.76741493,-0.50025362,-0.40102407,0
-1.8013659,5.0806861,1.4362537,-0.76741493,0.50025362,0.40102407,0
