5.2013326,-1.4740415,2.9180284,0.63749462,0.44363052,0.62991488,0
0.38804936,5.9469142,1.3512731,-0.62190509,0.77891052,0.080824435,0
0.87709188,5.9883795,2.0387373,0.63749462,0.44363052,0.62991488,0
-0.53329563,-0.052118182,-6.1695366,0.45479107,0.44327244,-0.77244735,0
-1.688982,1.0052781,5.4081087,-0.45479107,-0.44327244,0.77244735,0
-5.3343296,-0.37039757,2.4724126,-0.45479107,-0.44327244,0.77244735,0
-1.8282251,-6.6892672,0.9105773,-0.45479107,-0.44327244,0.77244735,0
-3.4165168,2.8873501,1.5621998,-0.62190509,0.77891052,0.080824435,0
-4.561317,0.3189249,-2.7522302,-0.63749462,-0.44363052,-0.62991488,0
6.708127,-0.28756762,-1.289135,0.62190509,-0.77891052,-0.080824435,0
-3.1580324,-3.5210457,1.9457294,-0.45479107,-0.44327244,0.77244735,0
1.8587588,3.9342732,2.491905,0.63749462,0.44363052,0.62991488,0
-2.4442182,-6.940949,0.2181133,-0.63749462,-0.44363052,-0.62991488,0
1.5243294,-4.1040745,-4.3960114,0.62190509,-0.77891052,-0.080824435,0
6.5666108,-0.4825592,-0.49887896,0.62190509,-0.77891052,-0.080824435,0
3.5965259,-1.2412682,4.3782096,0.63749462,0.44363052,0.62991488,0
-1.6311901,-3.4344101,-3.0742507,-0.63749462,-0.44363052,-0.62991488,0
0.74803257,5.568655,2.4649487,0.63749462,0.44363052,0.62991488,0
-2.349829,-2.3512204,-3.1098235,-0.63749462,-0.44363052,-0.62991488,0
4.5017467,-1.8378655,-3.3258305,0.62190509,-0.77891052,-0.080824435,0
-0.051181316,5.8079395,-0.68908453,-0.62190509,0.77891052,0.080824435,0
1.7665058,-3.9681766,-3.842237,0.62190509,-0.77891052,-0.080824435,0
2.9487214,-1.2521263,-4.8080716,0.45479107,0.44327244,-0.77244735,0
2.9152608,-3.2194328,-2.2188201,0.62190509,-0.77891052,-0.080824435,0
1.375293,1.0596688,5.0056882,0.63749462,0.44363052,0.62991488,0
0.12143326,-1.6149783,-6.1293364,-0.63749462,-0.44363052,-0.62991488,0
-3.0101991,1.4124911,-5.0921783,-0.63749462,-0.44363052,-0.62991488,0
1.8073713,-3.9657826,-3.550868,0.62190509,-0.77891052,-0.080824435,0
-0.24103737,0.91549796,6.2090893,-0.45479107,-0.44327244,0.77244735,0
-3.6503284,-0.61090064,3.325882,-0.45479107,-0.44327244,0.77244735,0
-6.245645,-0.46821737,-0.49327421,-0.63749462,-0.44363052,-0.62991488,0
0.53974664,-5.1677475,-1.7212143,0.62190509,-0.77891052,-0.080824435,0
-1.3007655,5.0071001,-2.5862842,-0.62190509,0.77891052,0.080824435,0
1.4592805,4.7973437,-2.2134881,0.45479107,0.44327244,-0.77244735,0
-1.681659,4.4299202,0.045244217,-0.62190509,0.77891052,0.080824435,0
0.13597393,1.1995339,6.1614165,0.63749462,0.44363052,0.62991488,0
3.5166156,-3.2774758,2.9676712,0.62190509,-0.77891052,-0.080824435,0
1.9551387,-3.6322672,4.8923683,-0.45479107,-0.44327244,0.77244735,0
2.255096,-3.8310449,4.9549036,-0.45479107,-0.44327244,0.77244735,0
0.68844795,1.0628587,-4.8103795,0.45479107,0.44327244,-0.77244735,0
2.8372643,-3.143568,-3.5500817,0.62190509,-0.77891052,-0.080824435,0
-1.9568737,2.1796956,5.9243279,-0.45479107,-0.44327244,0.77244735,0
4.615572,-2.4926021,3.8597312,0.62190509,-0.77891052,-0.080824435,0
2.3195958,3.9200323,-2.2104127,0.45479107,0.44327244,-0.77244735,0
-3.7663493,3.3138959,-5.2402287,-0.62190509,0.77891052,0.080824435,0
-7.6462507,-0.51144266,0.95462751,-0.63749462,-0.44363052,-0.62991488,0
2.7767367,4.7874584,0.9620083,0.63749462,0.44363052,0.62991488,0
0.16337395,1.0436947,-5.1305237,0.45479107,0.44327244,-0.77244735,0
2.4107165,-3.6442561,-2.006995,0.62190509,-0.77891052,-0.080824435,0
-0.21264839,1.6780428,-4.9878883,0.45479107,0.44327244,-0.77244735,0
-5.8202066,-0.86054516,-0.64752674,-0.63749462,-0.44363052,-0.62991488,0
-0.6525197,2.3560119,-4.8578148,0.45479107,0.44327244,-0.77244735,0
0.97536373,-5.1640387,1.5949025,0.62190509,-0.77891052,-0.080824435,0
-1.0804071,-6.6924181,0.50583696,0.62190509,-0.77891052,-0.080824435,0
3.2525609,-1.290185,4.7607641,0.63749462,0.44363052,0.62991488,0
-0.3306489,-3.2641313,-4.5103636,-0.63749462,-0.44363052,-0.62991488,0
-2.027838,-2.3447216,-3.4402659,-0.63749462,-0.44363052,-0.62991488,0
-1.553185,4.5426273,-0.052377462,-0.62190509,0.77891052,0.080824435,0
-5.1202607,1.9876976,-3.3618283,-0.63749462,-0.44363052,-0.62991488,0
-0.72537231,-4.1920786,2.9929233,-0.45479107,-0.44327244,0.77244735,0
2.0137854,7.3349161,-0.059960485,0.63749462,0.44363052,0.62991488,0
5.9365306,1.7030787,-1.3530912,0.45479107,0.44327244,-0.77244735,0
5.4154406,-0.38321877,-2.8571229,0.45479107,0.44327244,-0.77244735,0
0.53458929,5.8867207,2.4569561,0.63749462,0.44363052,0.62991488,0
3.3782189,-3.4237843,3.3127546,0.62190509,-0.77891052,-0.080824435,0
-1.4862137,-6.0459852,1.4810925,-0.45479107,-0.44327244,0.77244735,0
2.5979824,2.5467396,-2.834578,0.45479107,0.44327244,-0.77244735,0
-2.6414649,1.5791736,5.176651,-0.45479107,-0.44327244,0.77244735,0
-1.1071415,-3.5454936,-3.5263724,-0.63749462,-0.44363052,-0.62991488,0
0.7189436,3.1368127,-3.6022773,0.45479107,0.44327244,-0.77244735,0
3.2917795,5.1670265,0.17344874,0.63749462,0.44363052,0.62991488,0
1.9037787,2.6891074,3.323277,0.63749462,0.44363052,0.62991488,0
-2.6443095,-4.3236737,-1.4226587,-0.63749462,-0.44363052,-0.62991488,0
2.5498531,4.0499716,1.7110122,0.63749462,0.44363052,0.62991488,0
4.9022427,3.62835,-0.37274837,0.63749462,0.44363052,0.62991488,0
3.7843924,5.0829635,-0.68063605,0.45479107,0.44327244,-0.77244735,0
5.7171516,2.0732636,-0.10226107,0.63749462,0.44363052,0.62991488,0
4.9073019,-1.7943809,3.4412036,0.63749462,0.44363052,0.62991488,0
-3.8219078,-3.3688791,-0.90332425,-0.63749462,-0.44363052,-0.62991488,0
-1.9586313,2.6231272,6.1777582,-0.45479107,-0.44327244,0.77244735,0
-0.58503437,-6.3005147,1.8656132,-0.45479107,-0.44327244,0.77244735,0
2.405129,2.9910364,-2.693162,0.45479107,0.44327244,-0.77244735,0
-2.5798903,-4.6237869,1.6533068,-0.45479107,-0.44327244,0.77244735,0
0.82123756,1.3903893,5.3334932,0.63749462,0.44363052,0.62991488,0
2.0730078,3.1287861,2.8423588,0.63749462,0.44363052,0.62991488,0
-0.30353546,0.57086134,5.9745216,-0.45479107,-0.44327244,0.77244735,0
0.54613495,3.3960075,-3.5552809,0.45479107,0.44327244,-0.77244735,0
2.8595908,1.0337034,-3.5488143,0.45479107,0.44327244,-0.77244735,0
1.0746288,-4.6120009,-2.961319,0.62190509,-0.77891052,-0.080824435,0
-5.5849133,1.4859452,-1.6171212,-0.62190509,0.77891052,0.080824435,0
4.1105819,1.2501035,2.1033683,0.63749462,0.44363052,0.62991488,0
-1.7131763,3.4184475,6.4701009,0.63749462,0.44363052,0.62991488,0
6.0381479,1.0640397,0.28364706,0.63749462,0.44363052,0.62991488,0
4.8883891,-1.9540951,3.5728247,0.63749462,0.44363052,0.62991488,0
1.4416649,0.73350501,5.1682253,0.63749462,0.44363052,0.62991488,0
-2.4449499,-2.392637,-2.9843893,-0.63749462,-0.44363052,-0.62991488,0
3.7880111,-3.1682191,4.0030088,0.62190509,-0.77891052,-0.080824435,0
-3.0374131,3.4363441,-0.81146955,-0.62190509,0.77891052,0.080824435,0
-2.8269467,1.985106,-5.6809125,-0.63749462,-0.44363052,-0.62991488,0
-0.86083245,-1.4557987,-5.2473564,-0.63749462,-0.44363052,-0.62991488,0
-5.4908671,-1.146148,1.9350815,-0.45479107,-0.44327244,0.77244735,0
-1.0368123,2.8056645,-4.8260388,0.45479107,0.44327244,-0.77244735,0
1.5038147,6.3928509,-1.2716794,0.45479107,0.44327244,-0.77244735,0
2.3907261,-4.0526552,1.7749581,0.62190509,-0.77891052,-0.080824435,0
-2.1497123,4.2520375,-1.8419278,-0.62190509,0.77891052,0.080824435,0
-0.81857491,4.5118914,-3.7184215,0.45479107,0.44327244,-0.77244735,0
-5.0597391,-1.6722779,1.8869922,-0.45479107,-0.44327244,0.77244735,0
-1.6629782,-5.3530979,-1.6908047,-0.63749462,-0.44363052,-0.62991488,0
-1.458113,-4.4366188,-2.5435843,-0.63749462,-0.44363052,-0.62991488,0
-3.9637914,2.5952699,0.16598701,-0.62190509,0.77891052,0.080824435,0
-1.3785343,-0.99782324,4.4414015,-0.45479107,-0.44327244,0.77244735,0
-1.8821864,2.2691126,-5.631669,0.45479107,0.44327244,-0.77244735,0
-2.7855527,-1.3257866,3.4247928,-0.45479107,-0.44327244,0.77244735,0
-3.7473533,-4.9271412,0.79186261,-0.45479107,-0.44327244,0.77244735,0
-3.9034362,-1.9982245,-1.7861266,-0.63749462,-0.44363052,-0.62991488,0
0.75469065,6.3838501,-1.7179033,0.45479107,0.44327244,-0.77244735,0
-3.7908523,3.0559144,-2.9425917,-0.62190509,0.77891052,0.080824435,0
4.0652666,-2.876255,3.3226843,0.62190509,-0.77891052,-0.080824435,0
2.6088002,1.8692977,-3.2169623,0.45479107,0.44327244,-0.77244735,0
-4.2065248,2.8696094,-4.3455544,-0.62190509,0.77891052,0.080824435,0
5.0659523,-1.620424,-1.0800409,0.62190509,-0.77891052,-0.080824435,0
0.64679146,6.4029803,-1.0529647,-0.62190509,0.77891052,0.080824435,0
4.2992792,0.99723268,-2.7221034,0.45479107,0.44327244,-0.77244735,0
-0.59893584,-2.1288686,-5.0383806,-0.63749462,-0.44363052,-0.62991488,0
-5.5299926,0.53501606,2.8767886,-0.45479107,-0.44327244,0.77244735,0
3.1971242,4.9999819,-1.0740192,0.45479107,0.44327244,-0.77244735,0
-5.5206656,0.93833137,3.1137242,-0.45479107,-0.44327244,0.77244735,0
1.2633915,3.7623415,-2.9227619,0.45479107,0.44327244,-0.77244735,0
-0.21024799,-6.0599818,1.1064552,0.62190509,-0.77891052,-0.080824435,0
-2.7363794,3.6263337,-0.32610416,-0.62190509,0.77891052,0.080824435,0
-3.2055924,0.083917618,-3.95876,-0.63749462,-0.44363052,-0.62991488,0
-2.3733399,3.5120182,3.5689702,-0.62190509,0.77891052,0.080824435,0
0.42735481,-5.6850443,2.3992047,0.62190509,-0.77891052,-0.080824435,0
1.0314846,1.7095978,4.8959074,0.63749462,0.44363052,0.62991488,0
-1.9919915,3.5608311,6.0328474,-0.62190509,0.77891052,0.080824435,0
4.0829678,-2.8201077,2.9177914,0.62190509,-0.77891052,-0.080824435,0
-0.96666306,-3.5386231,-3.6733799,-0.63749462,-0.44363052,-0.62991488,0
-0.30689216,5.4571362,0.72406006,-0.62190509,0.77891052,0.080824435,0
5.641295,-1.0574522,-2.0784564,0.62190509,-0.77891052,-0.080824435,0
5.6517944,0.14243698,1.3237076,0.63749462,0.44363052,0.62991488,0
-2.9781675,-2.7044044,-2.2251871,-0.63749462,-0.44363052,-0.62991488,0
0.82869363,-4.9532852,-1.5646975,0.62190509,-0.77891052,-0.080824435,0
-1.1677513,-4.9889717,2.2751646,-0.45479107,-0.44327244,0.77244735,0
-5.3969164,0.61633658,3.0018058,-0.45479107,-0.44327244,0.77244735,0
-5.8959999,-0.006916523,-1.1720071,-0.63749462,-0.44363052,-0.62991488,0
-5.3240795,-3.4010448,0.63957596,-0.63749462,-0.44363052,-0.62991488,0
-7.5901752,-0.52557468,0.90783024,-0.63749462,-0.44363052,-0.62991488,0
2.0706043,-1.3242157,5.9809098,0.63749462,0.44363052,0.62991488,0
-2.9293466,-3.4932978,-1.7190008,-0.63749462,-0.44363052,-0.62991488,0
-4.5723839,-1.0933104,-1.7464345,-0.63749462,-0.44363052,-0.62991488,0
5.8000422,2.3398433,-0.37389231,0.63749462,0.44363052,0.62991488,0
-5.9470701,-0.71611643,1.913259,-0.45479107,-0.44327244,0.77244735,0
-2.6962991,4.0898037,-4.4841967,-0.62190509,0.77891052,0.080824435,0
0.82382488,1.7431645,-4.3402777,0.45479107,0.44327244,-0.77244735,0
-2.0867038,-4.7200985,1.8884103,-0.45479107,-0.44327244,0.77244735,0
-2.7096839,4.0010562,-3.7319083,-0.62190509,0.77891052,0.080824435,0
1.4179287,-2.5125027,5.2186594,-0.45479107,-0.44327244,0.77244735,0
1.2761226,-2.8956506,4.915297,-0.45479107,-0.44327244,0.77244735,0
-3.9353502,0.81193602,3.9745722,-0.45479107,-0.44327244,0.77244735,0
0.6880455,0.04903686,6.2588797,-0.45479107,-0.44327244,0.77244735,0
2.9170809,-3.5055273,0.55229282,0.62190509,-0.77891052,-0.080824435,0
3.7906575,-2.9377627,1.8024561,0.62190509,-0.77891052,-0.080824435,0
3.0940089,-3.6966605,3.7556276,0.62190509,-0.77891052,-0.080824435,0
0.13664365,-3.5509729,-4.7812648,-0.63749462,-0.44363052,-0.62991488,0
2.9803276,0.75880671,3.5932286,0.63749462,0.44363052,0.62991488,0
-4.4868269,-3.4293208,-0.18783665,-0.63749462,-0.44363052,-0.62991488,0
-2.9401,-3.8932571,-1.4264388,-0.63749462,-0.44363052,-0.62991488,0
0.58452713,-5.0954027,-2.0738425,0.62190509,-0.77891052,-0.080824435,0
-4.5769806,-1.3608871,-1.5533361,-0.63749462,-0.44363052,-0.62991488,0
3.2419538,4.5261173,0.67524737,0.63749462,0.44363052,0.62991488,0
-0.97074765,-3.3075798,-3.8319631,-0.63749462,-0.44363052,-0.62991488,0
-1.7728362,2.0589499,5.9633923,-0.45479107,-0.44327244,0.77244735,0
-0.40729523,2.4933262,-4.6346369,0.45479107,0.44327244,-0.77244735,0
1.4390597,6.5876637,-1.1980108,0.45479107,0.44327244,-0.77244735,0
1.3321819,-5.0628757,3.3655281,0.62190509,-0.77891052,-0.080824435,0
-2.0368195,-1.6857781,-3.8952508,-0.63749462,-0.44363052,-0.62991488,0
2.4907303,-2.3513165,5.9427862,-0.45479107,-0.44327244,0.77244735,0
2.7175326,4.8738189,-1.4287862,0.45479107,0.44327244,-0.77244735,0
0.53143978,-5.5327706,1.7326155,0.62190509,-0.77891052,-0.080824435,0
-0.45221996,-0.2593146,5.4105806,-0.45479107,-0.44327244,0.77244735,0
0.6032784,6.1162753,1.3752124,-0.62190509,0.77891052,0.080824435,0
-0.90470362,3.5807407,-4.3034763,0.45479107,0.44327244,-0.77244735,0
-3.3792009,3.573463,-4.7627811,-0.62190509,0.77891052,0.080824435,0
4.7017474,-2.3638709,3.2822134,0.62190509,-0.77891052,-0.080824435,0
1.0439584,5.4176326,2.2718232,0.63749462,0.44363052,0.62991488,0
-4.0526133,2.6526608,-1.0705338,-0.62190509,0.77891052,0.080824435,0
2.9713387,-2.9292176,-4.5841503,0.62190509,-0.77891052,-0.080824435,0
6.9807167,0.74325037,-0.44434071,0.63749462,0.44363052,0.62991488,0
6.7796993,-0.38025618,0.15482569,0.62190509,-0.77891052,-0.080824435,0
-3.0510581,2.769264,5.5122275,-0.62190509,0.77891052,0.080824435,0
0.59927809,-4.9969039,-2.9095817,0.62190509,-0.77891052,-0.080824435,0
4.6857891,2.5671208,0.59370351,0.63749462,0.44363052,0.62991488,0
-3.8900552,-3.1202712,-1.0094441,-0.63749462,-0.44363052,-0.62991488,0
2.6672451,-3.073662,-5.5319815,0.62190509,-0.77891052,-0.080824435,0
-2.1114402,-0.93869591,-4.3458805,-0.63749462,-0.44363052,-0.62991488,0
1.6188505,-3.8678298,-5.9454222,0.62190509,-0.77891052,-0.080824435,0
5.5640512,-0.2560463,1.6931467,0.63749462,0.44363052,0.62991488,0
-5.9909158,0.90372276,0.86979675,-0.62190509,0.77891052,0.080824435,0
5.5984731,3.0425811,-0.6648159,0.63749462,0.44363052,0.62991488,0
-2.3943992,-3.2620206,-2.4232674,-0.63749462,-0.44363052,-0.62991488,0
-5.4980664,-0.47681189,-1.2437954,-0.63749462,-0.44363052,-0.62991488,0
2.1351576,-4.3713336,4.5742412,-0.45479107,-0.44327244,0.77244735,0
0.68981028,3.3484521,4.0874958,0.63749462,0.44363052,0.62991488,0
-2.9829142,0.85035145,4.5573792,-0.45479107,-0.44327244,0.77244735,0
0.73069668,-4.4178524,3.7206464,-0.45479107,-0.44327244,0.77244735,0
-4.34688,2.477457,-1.6463203,-0.62190509,0.77891052,0.080824435,0
2.8769367,-3.5498879,0.6709075,0.62190509,-0.77891052,-0.080824435,0
0.37930727,-5.7169518,2.3369923,0.62190509,-0.77891052,-0.080824435,0
-2.0741355,-2.2338896,-3.471467,-0.63749462,-0.44363052,-0.62991488,0
-7.0296454,0.087291718,-0.091068268,-0.63749462,-0.44363052,-0.62991488,0
-2.1782413,1.0083675,-5.6495352,-0.63749462,-0.44363052,-0.62991488,0
-2.1419809,-1.9988942,-3.5683055,-0.63749462,-0.44363052,-0.62991488,0
1.9875679,-3.6462021,-5.2441635,0.62190509,-0.77891052,-0.080824435,0
4.8210239,-1.9235222,-0.043673038,0.62190509,-0.77891052,-0.080824435,0
0.98539543,-5.0132647,0.21907258,0.62190509,-0.77891052,-0.080824435,0
-1.5604223,4.2410812,2.7979484,-0.62190509,0.77891052,0.080824435,0
2.7802956,1.2119507,-3.4932127,0.45479107,0.44327244,-0.77244735,0
-3.7848458,2.7927074,-0.35983372,-0.62190509,0.77891052,0.080824435,0
-2.278028,0.69342077,4.8823371,-0.45479107,-0.44327244,0.77244735,0
-1.2858903,4.8125153,-0.59660125,-0.62190509,0.77891052,0.080824435,0
-2.6490853,0.46032357,-4.7870545,-0.63749462,-0.44363052,-0.62991488,0
6.9853859,0.85507774,-1.2221899,0.45479107,0.44327244,-0.77244735,0
0.24017525,-5.5338745,-0.49787831,0.62190509,-0.77891052,-0.080824435,0
-1.5020733,4.6779737,-0.96343827,-0.62190509,0.77891052,0.080824435,0
4.0565891,0.9145689,-2.9124281,0.45479107,0.44327244,-0.77244735,0
2.3842177,6.2958388,0.29694176,0.63749462,0.44363052,0.62991488,0
-3.3461454,-3.7708366,-1.1017245,-0.63749462,-0.44363052,-0.62991488,0
7.2367582,0.152421,-1.4617643,0.62190509,-0.77891052,-0.080824435,0
1.50966,2.3214078,3.9810982,0.63749462,0.44363052,0.62991488,0
-3.0763173,1.7498624,5.0185752,-0.45479107,-0.44327244,0.77244735,0
3.9062088,-1.8612726,4.5014515,0.63749462,0.44363052,0.62991488,0
-0.52808207,-5.1896091,-2.9544969,-0.63749462,-0.44363052,-0.62991488,0
-5.3270826,-0.92065525,-1.1042509,-0.63749462,-0.44363052,-0.62991488,0
-3.4034023,3.6492262,-5.6791339,-0.62190509,0.77891052,0.080824435,0
-1.580904,1.3231721,-5.9971161,0.45479107,0.44327244,-0.77244735,0
-0.0082950592,3.4526701,-3.849195,0.45479107,0.44327244,-0.77244735,0
-3.2597337,-2.0649011,-2.3906162,-0.63749462,-0.44363052,-0.62991488,0
4.5722795,-1.8185649,-2.9691205,0.62190509,-0.77891052,-0.080824435,0
-3.0712891,-6.2141538,0.34086877,-0.63749462,-0.44363052,-0.62991488,0
0.07880342,4.2269683,4.087141,0.63749462,0.44363052,0.62991488,0
-5.4642382,-2.3107882,0.013586044,-0.63749462,-0.44363052,-0.62991488,0
-2.5495906,-5.3448715,-0.79931712,-0.63749462,-0.44363052,-0.62991488,0
3.8676863,-3.1447272,4.3896818,0.62190509,-0.77891052,-0.080824435,0
7.0793781,-0.022093773,-0.99092722,0.62190509,-0.77891052,-0.080824435,0
-1.1112573,3.9075191,5.5165005,0.63749462,0.44363052,0.62991488,0
5.0340729,2.5982852,-1.3707101,0.45479107,0.44327244,-0.77244735,0
-0.837672,3.6934788,5.3903656,0.63749462,0.44363052,0.62991488,0
-1.4083271,-6.6800208,1.1631052,-0.45479107,-0.44327244,0.77244735,0
0.45683458,-5.0200286,-3.7827597,0.62190509,-0.77891052,-0.080824435,0
-0.9829011,5.0208349,-0.27283645,-0.62190509,0.77891052,0.080824435,0
4.3598146,4.0713162,-0.13576126,0.63749462,0.44363052,0.62991488,0
-5.4304962,1.1424043,2.8817663,-0.62190509,0.77891052,0.080824435,0
-6.2016273,0.65279865,1.6666408,-0.62190509,0.77891052,0.080824435,0
0.80528903,-5.0765829,-0.55655551,0.62190509,-0.77891052,-0.080824435,0
-0.41315496,-4.5266461,-3.5377126,-0.63749462,-0.44363052,-0.62991488,0
4.040297,-3.0845301,5.1377163,0.62190509,-0.77891052,-0.080824435,0
-6.1029048,-1.3628435,1.4503818,-0.45479107,-0.44327244,0.77244735,0
4.0968599,-2.9901102,4.6630025,0.62190509,-0.77891052,-0.080824435,0
-0.51802588,-1.3423085,-5.6742158,-0.63749462,-0.44363052,-0.62991488,0
-2.5998111,-0.76978672,3.853214,-0.45479107,-0.44327244,0.77244735,0
-3.1481636,2.8202462,4.2737346,-0.62190509,0.77891052,0.080824435,0
-0.73911476,0.88491678,5.8982887,-0.45479107,-0.44327244,0.77244735,0
-1.9316936,0.22463632,-5.3470907,-0.63749462,-0.44363052,-0.62991488,0
2.3701267,-3.54918,-3.2355676,0.62190509,-0.77891052,-0.080824435,0
2.2929442,4.0113945,1.9981809,0.63749462,0.44363052,0.62991488,0
0.95782661,2.2772408,-3.9549,0.45479107,0.44327244,-0.77244735,0
0.48160768,2.13078,5.1557746,0.63749462,0.44363052,0.62991488,0
-0.17877483,0.8593418,-5.4377608,0.45479107,0.44327244,-0.77244735,0
-2.0369368,4.0184364,1.2770481,-0.62190509,0.77891052,0.080824435,0
-0.61404228,-6.3366776,0.665995,0.62190509,-0.77891052,-0.080824435,0
-7.0415063,0.044993401,1.0616388,-0.62190509,0.77891052,0.080824435,0
-4.5195556,1.5389436,4.0478086,-0.45479107,-0.44327244,0.77244735,0
0.53050429,-5.0910769,-2.5312054,0.62190509,-0.77891052,-0.080824435,0
-4.200768,2.3194704,1.000464,-0.62190509,0.77891052,0.080824435,0
5.722167,-1.0471995,-1.5549927,0.62190509,-0.77891052,-0.080824435,0
4.1052361,-1.1844418,3.8233569,0.63749462,0.44363052,0.62991488,0
1.4207428,6.3363652,1.2434683,0.63749462,0.44363052,0.62991488,0
-1.0301037,-5.0598564,-2.5378153,-0.63749462,-0.44363052,-0.62991488,0
3.7171803,4.5215549,-1.0423752,0.45479107,0.44327244,-0.77244735,0
-3.4678452,-2.2638161,-2.0399108,-0.63749462,-0.44363052,-0.62991488,0
0.75357628,-5.4504967,2.648962,0.62190509,-0.77891052,-0.080824435,0
2.0338585,-3.3669837,-6.5603323,0.45479107,0.44327244,-0.77244735,0
1.8220642,-4.4822092,1.5390177,0.62190509,-0.77891052,-0.080824435,0
-2.9148197,3.8720455,-4.0670514,-0.62190509,0.77891052,0.080824435,0
-2.8134713,-4.0777874,-1.424632,-0.63749462,-0.44363052,-0.62991488,0
-1.9269414,-7.2796664,0.5136537,-0.45479107,-0.44327244,0.77244735,0
-0.61320114,-6.3995504,1.2783768,0.62190509,-0.77891052,-0.080824435,0
0.68243265,4.4701223,-2.8586481,0.45479107,0.44327244,-0.77244735,0
0.6995163,2.7149978,4.5237961,0.63749462,0.44363052,0.62991488,0
-3.7758663,2.8102031,-0.45934534,-0.62190509,0.77891052,0.080824435,0
-3.9551497,2.7030787,-0.80648279,-0.62190509,0.77891052,0.080824435,0
-0.6711812,-3.0487795,3.6809163,-0.45479107,-0.44327244,0.77244735,0
-0.92297769,-5.3808656,-2.4201534,-0.63749462,-0.44363052,-0.62991488,0
1.2005267,-3.1825159,4.7061701,-0.45479107,-0.44327244,0.77244735,0
0.34985852,5.9266229,1.2529633,-0.62190509,0.77891052,0.080824435,0
0.035967171,4.7855349,3.7371111,0.63749462,0.44363052,0.62991488,0
-2.9718671,2.8769732,-5.9244127,0.45479107,0.44327244,-0.77244735,0
-2.3369677,-1.855186,-3.4721825,-0.63749462,-0.44363052,-0.62991488,0
2.9039907,-1.8467963,5.5055332,0.63749462,0.44363052,0.62991488,0
-1.6819282,1.6019838,-5.8965983,0.45479107,0.44327244,-0.77244735,0
-5.3535891,1.4955535,0.070204735,-0.62190509,0.77891052,0.080824435,0
2.4819651,5.1246867,-1.4235189,0.45479107,0.44327244,-0.77244735,0
-5.4820237,1.1084566,2.8124352,-0.62190509,0.77891052,0.080824435,0
4.5221791,-1.1199567,3.3559825,0.63749462,0.44363052,0.62991488,0
-2.2715304,-2.4279108,-3.1350534,-0.63749462,-0.44363052,-0.62991488,0
-0.67277205,-6.0649261,-2.1916056,-0.63749462,-0.44363052,-0.62991488,0
-1.5316443,-6.6944404,-0.87905049,-0.63749462,-0.44363052,-0.62991488,0
-3.0931697,-3.4861512,2.0039427,-0.45479107,-0.44327244,0.77244735,0
-3.6000242,2.9690387,-0.63703299,-0.62190509,0.77891052,0.080824435,0
-3.1616364,3.3209505,-0.65524817,-0.62190509,0.77891052,0.080824435,0
4.1521206,-1.7790959,4.1947064,0.63749462,0.44363052,0.62991488,0
-5.3904486,0.319134,2.835062,-0.45479107,-0.44327244,0.77244735,0
-5.703763,-0.29356813,2.2989912,-0.45479107,-0.44327244,0.77244735,0
-1.7816122,-0.88624573,-4.7166166,-0.63749462,-0.44363052,-0.62991488,0
-5.0830369,1.6960893,-3.1941295,-0.63749462,-0.44363052,-0.62991488,0
1.2601666,2.6901751,-3.5399282,0.45479107,0.44327244,-0.77244735,0
2.3180676,1.5906725,-3.5480261,0.45479107,0.44327244,-0.77244735,0
-3.62199,-0.96517611,3.1392641,-0.45479107,-0.44327244,0.77244735,0
1.5265512,-3.042026,4.9787436,-0.45479107,-0.44327244,0.77244735,0
2.6839044,3.2611275,2.1309073,0.63749462,0.44363052,0.62991488,0
-4.3276582,2.248672,0.70639181,-0.62190509,0.77891052,0.080824435,0
-0.29793644,5.6447692,-1.015259,-0.62190509,0.77891052,0.080824435,0
-0.98028755,4.5613031,-3.7852774,0.45479107,0.44327244,-0.77244735,0
-1.1901183,-6.8447399,1.1295973,0.62190509,-0.77891052,-0.080824435,0
1.6571467,1.5203247,4.3960161,0.63749462,0.44363052,0.62991488,0
-1.7227366,-6.7300854,-0.66055512,-0.63749462,-0.44363052,-0.62991488,0
-0.63725567,5.5718069,-2.9230142,-0.62190509,0.77891052,0.080824435,0
-6.4024415,-0.22207594,1.9286594,-0.45479107,-0.44327244,0.77244735,0
-2.4619172,3.4379053,3.6016459,-0.62190509,0.77891052,0.080824435,0
4.0807939,-1.3871033,3.9908233,0.63749462,0.44363052,0.62991488,0
-2.2911258,2.2735441,-5.8698959,0.45479107,0.44327244,-0.77244735,0
-4.7498403,1.0561578,3.6351757,-0.45479107,-0.44327244,0.77244735,0
4.8012595,2.1967037,-1.7382319,0.45479107,0.44327244,-0.77244735,0
-3.5852923,-4.8436723,0.93517828,-0.45479107,-0.44327244,0.77244735,0
-1.7028725,-6.3994031,-0.91354841,-0.63749462,-0.44363052,-0.62991488,0
-5.3782811,0.76153088,-2.2371507,-0.63749462,-0.44363052,-0.62991488,0
-1.0440495,3.4725618,5.7548122,0.63749462,0.44363052,0.62991488,0
1.1081777,-4.2170691,4.058115,-0.45479107,-0.44327244,0.77244735,0
-3.3585081,2.0026836,-5.1553345,-0.63749462,-0.44363052,-0.62991488,0
-4.3654013,-2.6606863,-0.85205102,-0.63749462,-0.44363052,-0.62991488,0
4.159173,4.5339851,-0.25854945,0.63749462,0.44363052,0.62991488,0
-5.9208918,1.1452808,-0.91930962,-0.62190509,0.77891052,0.080824435,0
-7.0261979,-1.0694504,0.72010183,-0.63749462,-0.44363052,-0.62991488,0
-2.2963781,4.1215749,-4.8124876,0.45479107,0.44327244,-0.77244735,0
-4.9094839,-0.30811691,-1.958266,-0.63749462,-0.44363052,-0.62991488,0
-3.9093416,2.6827641,-0.25823164,-0.62190509,0.77891052,0.080824435,0
4.385745,-0.10389233,2.7784739,0.63749462,0.44363052,0.62991488,0
2.753211,6.4655871,-0.19604057,0.63749462,0.44363052,0.62991488,0
-0.90409803,5.3521776,-3.2865725,0.45479107,0.44327244,-0.77244735,0
3.7152665,-3.0509548,2.3131986,0.62190509,-0.77891052,-0.080824435,0
-2.9582975,2.839186,5.5521345,-0.62190509,0.77891052,0.080824435,0
4.5458202,3.4176583,0.13634753,0.63749462,0.44363052,0.62991488,0
-1.3475127,-1.1068034,-5.000607,-0.63749462,-0.44363052,-0.62991488,0
-2.3774173,3.6659241,2.0544002,-0.62190509,0.77891052,0.080824435,0
-1.3696871,-4.2360244,2.5883536,-0.45479107,-0.44327244,0.77244735,0
-1.3783193,2.8233197,-5.0169749,0.45479107,0.44327244,-0.77244735,0
2.1647739,-0.97724509,5.6412463,0.63749462,0.44363052,0.62991488,0
1.5660293,-4.4538689,-0.70416498,0.62190509,-0.77891052,-0.080824435,0
-4.7584043,-0.48106813,2.7479892,-0.45479107,-0.44327244,0.77244735,0
-4.5281138,-3.9513369,0.22158718,-0.63749462,-0.44363052,-0.62991488,0
4.13131,-2.1406851,-3.2578702,0.62190509,-0.77891052,-0.080824435,0
1.6019454,-4.7877874,2.7901883,0.62190509,-0.77891052,-0.080824435,0
3.3256381,-3.4171138,2.8438935,0.62190509,-0.77891052,-0.080824435,0
2.6707692,1.1431322,-3.5971904,0.45479107,0.44327244,-0.77244735,0
5.4406042,-1.3417084,-0.883286,0.62190509,-0.77891052,-0.080824435,0
-0.58706594,4.2103105,4.7727551,0.63749462,0.44363052,0.62991488,0
0.46366549,4.9360542,-2.7200732,0.45479107,0.44327244,-0.77244735,0
-3.2160468,-2.9516716,-1.8103026,-0.63749462,-0.44363052,-0.62991488,0
-4.80299,-0.36521435,-2.0258305,-0.63749462,-0.44363052,-0.62991488,0
0.88901281,3.6378109,-3.2146459,0.45479107,0.44327244,-0.77244735,0
-3.644567,1.5055976,-4.5157504,-0.63749462,-0.44363052,-0.62991488,0
0.53890276,2.6664743,4.7205167,0.63749462,0.44363052,0.62991488,0
-3.9499545,2.4144521,2.0150037,-0.62190509,0.77891052,0.080824435,0
6.6926098,-0.46785498,0.32891798,0.62190509,-0.77891052,-0.080824435,0
-1.2911167,-4.856606,2.2784896,-0.45479107,-0.44327244,0.77244735,0
-3.283186,1.738997,4.890543,-0.45479107,-0.44327244,0.77244735,0
1.3786192,-4.9003873,2.1569295,0.62190509,-0.77891052,-0.080824435,0
-0.28666162,-3.7231712,-4.2315917,-0.63749462,-0.44363052,-0.62991488,0
-5.4072466,-1.646318,1.6972885,-0.45479107,-0.44327244,0.77244735,0
-5.3268018,1.4188592,1.0154243,-0.62190509,0.77891052,0.080824435,0
-4.3922319,-3.654084,-0.12527585,-0.63749462,-0.44363052,-0.62991488,0
1.4493222,-4.3926759,-2.1918859,0.62190509,-0.77891052,-0.080824435,0
-0.38294989,5.0816436,3.7574787,-0.62190509,0.77891052,0.080824435,0
-4.499794,2.3277166,-1.3798637,-0.62190509,0.77891052,0.080824435,0
-3.7801332,2.5035253,2.4632943,-0.62190509,0.77891052,0.080824435,0
-0.10319328,-5.8911314,0.30297375,0.62190509,-0.77891052,-0.080824435,0
-0.88398528,-6.42313,-0.57794201,0.62190509,-0.77891052,-0.080824435,0
1.6060469,-4.5314622,0.35152507,0.62190509,-0.77891052,-0.080824435,0
-5.2374663,-3.4370894,0.57730603,-0.63749462,-0.44363052,-0.62991488,0
-0.33128119,-1.3172565,-5.8808508,-0.63749462,-0.44363052,-0.62991488,0
-3.0699944,-5.3432302,-0.2738077,-0.63749462,-0.44363052,-0.62991488,0
3.7365763,-2.9143178,1.1603899,0.62190509,-0.77891052,-0.080824435,0
5.7811251,2.3449121,-1.0762706,0.45479107,0.44327244,-0.77244735,0
3.1194782,-3.6531358,3.5321474,0.62190509,-0.77891052,-0.080824435,0
-3.9620161,-2.2237651,-1.5679998,-0.63749462,-0.44363052,-0.62991488,0
-0.19395256,-1.9202378,4.6095114,-0.45479107,-0.44327244,0.77244735,0
3.8330524,-0.80304265,3.8302083,0.63749462,0.44363052,0.62991488,0
-3.4869194,2.0411932,-5.0524993,-0.63749462,-0.44363052,-0.62991488,0
-2.4940209,1.5731583,5.2600093,-0.45479107,-0.44327244,0.77244735,0
-2.4262018,3.5998106,-5.1883397,0.45479107,0.44327244,-0.77244735,0
-5.8455725,-0.8164711,-0.65289593,-0.63749462,-0.44363052,-0.62991488,0
-3.8554702,-4.4325233,-0.12026465,-0.63749462,-0.44363052,-0.62991488,0
4.7993188,1.7772069,1.03512,0.63749462,0.44363052,0.62991488,0
4.3751588,-0.81211829,3.2879703,0.63749462,0.44363052,0.62991488,0
0.56851006,6.2557602,-0.23653102,-0.62190509,0.77891052,0.080824435,0
-3.9543216,-2.8173542,1.8807175,-0.45479107,-0.44327244,0.77244735,0
3.6429994,0.06205225,-3.6451564,0.45479107,0.44327244,-0.77244735,0
-3.6553049,-4.4716902,-0.29525447,-0.63749462,-0.44363052,-0.62991488,0
-1.497426,-5.247551,-1.9326824,-0.63749462,-0.44363052,-0.62991488,0
6.0693879,2.3039207,-0.62118053,0.63749462,0.44363052,0.62991488,0
1.8317323,-4.1597309,4.5170236,-0.45479107,-0.44327244,0.77244735,0
-3.441853,2.0158215,4.9559822,-0.45479107,-0.44327244,0.77244735,0
-1.2219901,-4.522459,2.510941,-0.45479107,-0.44327244,0.77244735,0
5.3364973,-1.5380032,0.20736933,0.62190509,-0.77891052,-0.080824435,0
2.0581422,6.9349661,0.17682201,0.63749462,0.44363052,0.62991488,0
3.2074506,-0.77189398,-4.3801565,0.45479107,0.44327244,-0.77244735,0
-2.1640077,0.91188812,-5.595993,-0.63749462,-0.44363052,-0.62991488,0
-5.180562,-3.5289717,0.58442688,-0.63749462,-0.44363052,-0.62991488,0
0.16429281,-5.6344972,-0.11205649,0.62190509,-0.77891052,-0.080824435,0
2.795507,-0.18238008,-4.2844,0.45479107,0.44327244,-0.77244735,0
-1.7403519,3.6547818,6.3311601,0.63749462,0.44363052,0.62991488,0
2.4236743,4.0040913,1.871021,0.63749462,0.44363052,0.62991488,0
-1.8207235,-6.6126962,0.95893419,-0.45479107,-0.44327244,0.77244735,0
-3.0439348,-3.9319088,1.7771306,-0.45479107,-0.44327244,0.77244735,0
2.6477256,-3.581135,-0.79162693,0.62190509,-0.77891052,-0.080824435,0
4.4671593,-2.4196959,2.0151687,0.62190509,-0.77891052,-0.080824435,0
-4.0229464,2.1434023,-4.582005,-0.63749462,-0.44363052,-0.62991488,0
-2.7424598,3.1124589,-5.6542115,0.45479107,0.44327244,-0.77244735,0
2.8088727,4.0283618,1.4640948,0.63749462,0.44363052,0.62991488,0
-0.95796621,-5.6581354,-2.189471,-0.63749462,-0.44363052,-0.62991488,0
6.5734549,-0.52369738,0.86009598,0.63749462,0.44363052,0.62991488,0
-3.8646228,-4.848433,0.18191159,-0.63749462,-0.44363052,-0.62991488,0
-1.3205118,-1.9118829,3.9510255,-0.45479107,-0.44327244,0.77244735,0
4.0412917,-2.5757179,0.24191809,0.62190509,-0.77891052,-0.080824435,0
0.66227198,-2.9069374,-5.7667928,-0.63749462,-0.44363052,-0.62991488,0
-1.8530927,0.50920224,5.0268106,-0.45479107,-0.44327244,0.77244735,0
-4.1269884,1.1564783,4.0594592,-0.45479107,-0.44327244,0.77244735,0
1.9081259,7.316618,-0.15239525,-0.62190509,0.77891052,0.080824435,0
0.86011028,-1.3341273,-6.0848322,0.45479107,0.44327244,-0.77244735,0
5.8262696,-1.2092667,0.80787992,0.62190509,-0.77891052,-0.080824435,0
-0.49604654,-6.1997557,0.25438499,0.62190509,-0.77891052,-0.080824435,0
3.3521211,-1.1669321,-4.5216737,0.45479107,0.44327244,-0.77244735,0
1.3738437,3.2259569,3.4815016,0.63749462,0.44363052,0.62991488,0
-0.54862499,-6.2219949,0.064144135,0.62190509,-0.77891052,-0.080824435,0
-0.80934572,-3.6017036,3.2822719,-0.45479107,-0.44327244,0.77244735,0
-0.61102247,-5.7872682,-2.449645,-0.63749462,-0.44363052,-0.62991488,0
-2.6312225,3.5591836,1.1301544,-0.62190509,0.77891052,0.080824435,0
2.6214261,2.9806738,2.3916528,0.63749462,0.44363052,0.62991488,0
-4.6746178,-1.9960673,1.9279304,-0.45479107,-0.44327244,0.77244735,0
5.7088509,-0.88680148,-2.9733558,0.45479107,0.44327244,-0.77244735,0
-6.0003982,-0.88227892,1.7865081,-0.45479107,-0.44327244,0.77244735,0
0.48887539,-5.3048673,-0.79121184,0.62190509,-0.77891052,-0.080824435,0
1.1329939,3.8979015,3.2520182,0.63749462,0.44363052,0.62991488,0
-3.5067706,2.6102052,3.538605,-0.62190509,0.77891052,0.080824435,0
-2.1944113,-6.041101,-0.66843617,-0.63749462,-0.44363052,-0.62991488,0
0.55625343,6.4095287,-1.8127171,-0.62190509,0.77891052,0.080824435,0
-5.5468922,1.1732621,1.688776,-0.62190509,0.77891052,0.080824435,0
-4.6777883,-1.152694,-1.5979393,-0.63749462,-0.44363052,-0.62991488,0
-0.67711592,4.6201701,-3.5729988,0.45479107,0.44327244,-0.77244735,0
-2.5722024,-1.6286552,3.3766036,-0.45479107,-0.44327244,0.77244735,0
4.3778744,-2.3234925,0.40104628,0.62190509,-0.77891052,-0.080824435,0
2.9849029,1.4732445,-3.2228022,0.45479107,0.44327244,-0.77244735,0
-6.5255575,-0.2978282,-0.32999372,-0.63749462,-0.44363052,-0.62991488,0
0.14822245,2.7669888,5.0451078,0.63749462,0.44363052,0.62991488,0
-3.8024571,2.3257565,4.0046906,-0.62190509,0.77891052,0.080824435,0
0.34793711,2.1891069,-4.3645592,0.45479107,0.44327244,-0.77244735,0
-3.8655903,-3.0468154,-1.0859361,-0.63749462,-0.44363052,-0.62991488,0
-5.8133206,1.1270304,0.084276676,-0.62190509,0.77891052,0.080824435,0
-2.6461463,-0.78987908,-3.909548,-0.63749462,-0.44363052,-0.62991488,0
5.0993605,-0.75292659,-3.2553785,0.45479107,0.44327244,-0.77244735,0
0.11152506,-0.70155686,5.4887123,-0.45479107,-0.44327244,0.77244735,0
-2.226563,-7.1126962,0.11879492,-0.63749462,-0.44363052,-0.62991488,0
5.6306162,-1.3133092,0.30508471,0.62190509,-0.77891052,-0.080824435,0
3.9237635,-2.6398258,-0.044594765,0.62190509,-0.77891052,-0.080824435,0
-0.17359304,1.1694386,-5.2567596,0.45479107,0.44327244,-0.77244735,0
2.511632,6.5481377,-0.0096927285,0.63749462,0.44363052,0.62991488,0
-4.2978997,-1.5784678,-1.6825387,-0.63749462,-0.44363052,-0.62991488,0
3.339278,1.0931401,2.9944983,0.63749462,0.44363052,0.62991488,0
-5.4591269,-1.8850305,1.5297563,-0.45479107,-0.44327244,0.77244735,0
3.3006234,0.22420096,3.645586,0.63749462,0.44363052,0.62991488,0
-5.4842973,1.3967533,0.016611099,-0.62190509,0.77891052,0.080824435,0
4.7689528,-0.45753193,2.6397126,0.63749462,0.44363052,0.62991488,0
-3.4634564,-3.0632663,-1.4813229,-0.63749462,-0.44363052,-0.62991488,0
-1.8430252,3.8145328,4.7341332,-0.62190509,0.77891052,0.080824435,0
-6.1014624,0.97962856,-0.7123127,-0.62190509,0.77891052,0.080824435,0
0.45991826,-3.53894,-5.1169038,-0.63749462,-0.44363052,-0.62991488,0
-0.29962969,3.2683244,-4.1265101,0.45479107,0.44327244,-0.77244735,0
-0.32425642,-6.2304354,1.8718922,0.62190509,-0.77891052,-0.080824435,0
2.178926,0.43147993,4.6348,0.63749462,0.44363052,0.62991488,0
1.8151972,-3.7653399,-5.4223318,0.62190509,-0.77891052,-0.080824435,0
1.1614578,3.7382524,3.3356483,0.63749462,0.44363052,0.62991488,0
-1.3971512,-3.2878096,-3.4143524,-0.63749462,-0.44363052,-0.62991488,0
-1.3586154,4.8605423,-3.8363047,0.45479107,0.44327244,-0.77244735,0
0.24334383,6.0034657,-0.30715179,-0.62190509,0.77891052,0.080824435,0
2.3306189,-3.9461639,0.28619432,0.62190509,-0.77891052,-0.080824435,0
-4.4222112,-0.98632908,-1.9737573,-0.63749462,-0.44363052,-0.62991488,0
0.24855083,-5.2764578,-2.9141729,0.62190509,-0.77891052,-0.080824435,0
1.6151512,-3.3918302,-6.3896422,-0.63749462,-0.44363052,-0.62991488,0
-2.9689753,2.8529384,5.3374386,-0.62190509,0.77891052,0.080824435,0
-0.83444422,4.7281303,3.6902742,-0.62190509,0.77891052,0.080824435,0
2.8049536,2.2577059,-2.8785837,0.45479107,0.44327244,-0.77244735,0
4.0653715,-2.9344938,3.8847406,0.62190509,-0.77891052,-0.080824435,0
0.87563848,-1.1095991,-5.9468431,0.45479107,0.44327244,-0.77244735,0
4.4207954,3.1639776,-1.407162,0.45479107,0.44327244,-0.77244735,0
-0.54778647,-5.2581534,-2.8862817,-0.63749462,-0.44363052,-0.62991488,0
-2.8344493,0.025371313,-4.2931356,-0.63749462,-0.44363052,-0.62991488,0
1.8111882,-1.91277,-5.8569264,0.45479107,0.44327244,-0.77244735,0
3.595876,-1.1126645,4.2882957,0.63749462,0.44363052,0.62991488,0
4.1127644,-1.0125804,3.6947017,0.63749462,0.44363052,0.62991488,0
-6.4918752,-1.95434,0.88193607,-0.45479107,-0.44327244,0.77244735,0
-1.9489851,-3.0623951,2.9207749,-0.45479107,-0.44327244,0.77244735,0
4.3215857,-0.72137403,3.2782798,0.63749462,0.44363052,0.62991488,0
3.2075822,-2.7217631,-4.7656221,0.62190509,-0.77891052,-0.080824435,0
0.066643715,-4.5579996,3.2492502,-0.45479107,-0.44327244,0.77244735,0
2.7711437,-3.8021982,2.2884126,0.62190509,-0.77891052,-0.080824435,0
-0.1384151,5.3900409,2.6670103,-0.62190509,0.77891052,0.080824435,0
6.7654438,0.55253601,-1.5252991,0.45479107,0.44327244,-0.77244735,0
-4.4432664,-0.30625367,3.0338497,-0.45479107,-0.44327244,0.77244735,0
0.96009207,-5.2441111,2.249053,0.62190509,-0.77891052,-0.080824435,0
3.7581756,-2.5257821,-2.4177554,0.62190509,-0.77891052,-0.080824435,0
-0.21981621,4.647728,-3.2879424,0.45479107,0.44327244,-0.77244735,0
-3.6026065,-3.2256832,1.853474,-0.45479107,-0.44327244,0.77244735,0
3.8523257,3.7896812,-1.3827951,0.45479107,0.44327244,-0.77244735,0
2.1568685,-3.9024732,4.8560815,-0.45479107,-0.44327244,0.77244735,0
0.18027115,5.9279022,-0.06426096,-0.62190509,0.77891052,0.080824435,0
-4.6999598,2.0183115,0.061712265,-0.62190509,0.77891052,0.080824435,0
5.3411551,0.69512868,-2.2820456,0.45479107,0.44327244,-0.77244735,0
-1.010056,0.44676697,-6.1639495,0.45479107,0.44327244,-0.77244735,0
-2.9655409,3.412885,-0.032369137,-0.62190509,0.77891052,0.080824435,0
-2.2561989,0.88047957,-5.4805717,-0.63749462,-0.44363052,-0.62991488,0
3.9655125,-0.30906534,-3.6682389,0.45479107,0.44327244,-0.77244735,0
1.6375299,0.42143348,-4.6196766,0.45479107,0.44327244,-0.77244735,0
2.208488,-3.6719298,-3.296349,0.62190509,-0.77891052,-0.080824435,0
5.3386693,-1.2679038,2.633862,0.63749462,0.44363052,0.62991488,0
1.6047554,-2.306288,5.4469934,-0.45479107,-0.44327244,0.77244735,0
2.277638,6.319344,-0.85826039,0.45479107,0.44327244,-0.77244735,0
-3.6091652,2.4996052,3.8165877,-0.62190509,0.77891052,0.080824435,0
1.9307189,-4.5968857,3.4802027,0.62190509,-0.77891052,-0.080824435,0
-0.43838501,-6.0726418,-0.52693939,0.62190509,-0.77891052,-0.080824435,0
6.0355544,1.75458,-0.2000556,0.63749462,0.44363052,0.62991488,0
-2.9631872,2.9577332,4.3720636,-0.62190509,0.77891052,0.080824435,0
-0.60536528,-5.3332915,-2.7750924,-0.63749462,-0.44363052,-0.62991488,0
-2.8719389,-3.9731348,-1.4391639,-0.63749462,-0.44363052,-0.62991488,0
1.1426942,4.806622,2.602216,0.63749462,0.44363052,0.62991488,0
2.7554817,4.8979626,0.90569383,0.63749462,0.44363052,0.62991488,0
0.91536021,2.0169003,4.7970047,0.63749462,0.44363052,0.62991488,0
2.2046301,1.8628588,3.6007085,0.63749462,0.44363052,0.62991488,0
-3.1696296,-2.6790638,-2.0492685,-0.63749462,-0.44363052,-0.62991488,0
5.6082954,1.4850292,0.42218208,0.63749462,0.44363052,0.62991488,0
-2.8563924,-4.3445678,1.6507432,-0.45479107,-0.44327244,0.77244735,0
-0.47631264,-6.2419977,0.81331885,0.62190509,-0.77891052,-0.080824435,0
0.24965072,2.8166945,4.9074526,0.63749462,0.44363052,0.62991488,0
-0.63833237,-0.0057909489,-6.204793,0.45479107,0.44327244,-0.77244735,0
-4.2912602,0.98790836,3.8660073,-0.45479107,-0.44327244,0.77244735,0
-2.4367652,-6.4756665,0.67486519,-0.45479107,-0.44327244,0.77244735,0
1.8350964,5.9929104,-1.3061392,0.45479107,0.44327244,-0.77244735,0
-2.0007758,-2.1154487,3.4336917,-0.45479107,-0.44327244,0.77244735,0
-0.66799092,-6.2476673,-0.60691881,0.62190509,-0.77891052,-0.080824435,0
3.1143806,-0.48250937,4.3317852,0.63749462,0.44363052,0.62991488,0
1.6665237,0.58766174,5.0433736,0.63749462,0.44363052,0.62991488,0
-3.4863973,-4.2802281,1.3167391,-0.45479107,-0.44327244,0.77244735,0
2.218668,-1.6788726,-5.4827929,0.45479107,0.44327244,-0.77244735,0
-0.22624266,-3.5048225,-4.4465146,-0.63749462,-0.44363052,-0.62991488,0
0.770926,2.2913737,4.7498732,0.63749462,0.44363052,0.62991488,0
3.2692184,5.4173717,0.019970715,0.63749462,0.44363052,0.62991488,0
-4.6287265,-2.9508982,1.4070163,-0.45479107,-0.44327244,0.77244735,0
6.3673944,0.32788515,-1.8885736,0.45479107,0.44327244,-0.77244735,0
6.5629721,-0.41313267,-1.1959434,0.62190509,-0.77891052,-0.080824435,0
2.1144514,-4.330204,2.3239076,0.62190509,-0.77891052,-0.080824435,0
1.2249119,-4.9088345,1.0556397,0.62190509,-0.77891052,-0.080824435,0
-0.74019575,5.4267182,-2.3168602,-0.62190509,0.77891052,0.080824435,0
3.8375449,-2.8820088,1.6259236,0.62190509,-0.77891052,-0.080824435,0
6.7362533,0.30710793,-1.6833253,0.45479107,0.44327244,-0.77244735,0
-1.6776686,4.1148305,3.1124842,-0.62190509,0.77891052,0.080824435,0
-0.94652605,3.9635088,-4.1084466,0.45479107,0.44327244,-0.77244735,0
1.5364153,6.8892975,0.73699021,0.63749462,0.44363052,0.62991488,0
2.0946021,5.6453104,-1.3528224,0.45479107,0.44327244,-0.77244735,0
-3.1751575,2.9124918,-5.9816422,-0.63749462,-0.44363052,-0.62991488,0
-0.60484719,5.2855735,0.084803343,-0.62190509,0.77891052,0.080824435,0
-4.200213,-3.3675492,-0.52140355,-0.63749462,-0.44363052,-0.62991488,0
-0.28856325,-0.058332324,5.6222706,-0.45479107,-0.44327244,0.77244735,0
