2.4024253,3.7221923,2.7416792,0.20790988,0.84020877,0.50082213,0
-4.8956203,-0.48544526,-2.286391,-0.97784305,0.19132042,0.084968716,0
4.0819287,-2.1878295,-1.0584877,0.97784305,-0.19132042,-0.084968716,0
4.1952739,-3.3971438,2.968873,0.97784305,-0.19132042,-0.084968716,0
4.304112,-1.2318068,-0.65418649,0.97784305,-0.19132042,-0.084968716,0
5.3457966,5.4934387,-2.4171987,0.024426028,0.50739121,-0.86136973,0
0.86415958,4.3948793,2.2517314,0.20790988,0.84020877,0.50082213,0
-2.9430685,-0.14962417,-5.9763031,0.024426028,0.50739121,-0.86136973,0
2.2955971,-4.4840174,3.2284889,-0.024426028,-0.50739121,0.86136973,0
-4.8635497,0.83399272,-4.888238,-0.97784305,0.19132042,0.084968716,0
-2.9132521,-3.2838295,-3.2650392,-0.20790988,-0.84020877,-0.50082213,0
5.3085318,4.241569,-1.4192054,0.97784305,-0.19132042,-0.084968716,0
-3.8247287,1.9545817,4.5436106,-0.97784305,0.19132042,0.084968716,0
2.2179265,1.3662198,6.6723785,-0.024426028,-0.50739121,0.86136973,0
-3.3628244,-0.79926825,5.2385397,-0.024426028,-0.50739121,0.86136973,0
-3.3304973,1.1342239,6.3783827,-0.024426028,-0.50739121,0.86136973,0
5.1136131,2.1566868,1.0320513,0.97784305,-0.19132042,-0.084968716,0
-1.0231371,5.4238553,1.3089471,0.20790988,0.84020877,0.50082213,0
4.2960439,0.73100662,-5.1666126,0.97784305,-0.19132042,-0.084968716,0
0.09376955,-5.8734479,-0.1688695,-0.20790988,-0.84020877,-0.50082213,0
-2.0518384,-3.9985225,-2.4236329,-0.20790988,-0.84020877,-0.50082213,0
4.5659504,-0.61429262,0.96869159,0.97784305,-0.19132042,-0.084968716,0
-1.4709218,-5.6080637,0.035468578,-0.20790988,-0.84020877,-0.50082213,0
4.9858656,0.29527855,3.7531581,0.97784305,-0.19132042,-0.084968716,0
-4.82728,0.48061466,-3.6751494,-0.97784305,0.19132042,0.084968716,0
-3.6384611,-2.7980027,-3.7790294,-0.20790988,-0.84020877,-0.50082213,0
-4.2872481,-3.4945767,-2.3410804,-0.20790988,-0.84020877,-0.50082213,0
-4.1408539,3.0334661,-1.5237212,-0.97784305,0.19132042,0.084968716,0
-0.8529501,2.8659642,5.5295658,0.20790988,0.84020877,0.50082213,0
3.4395227,4.6202493,-2.9856086,0.024426028,0.50739121,-0.86136973,0
3.8619704,-4.3089604,1.186224,0.97784305,-0.19132042,-0.084968716,0
2.2839248,0.81594992,-5.2593079,0.024426028,0.50739121,-0.86136973,0
3.8752213,-4.0474029,0.74978161,0.97784305,-0.19132042,-0.084968716,0
-3.989619,2.4774928,-4.4584732,0.024426028,0.50739121,-0.86136973,0
-5.1225019,-2.8263233,0.37344301,-0.97784305,0.19132042,0.084968716,0
3.4669561,-4.584712,-2.738806,0.97784305,-0.19132042,-0.084968716,0
2.125376,1.2382932,6.594398,-0.024426028,-0.50739121,0.86136973,0
-4.5891852,-0.98618698,2.3676479,-0.97784305,0.19132042,0.084968716,0
-0.48624086,-4.1607251,-2.801451,-0.20790988,-0.84020877,-0.50082213,0
2.5531394,3.0812898,3.7543278,0.20790988,0.84020877,0.50082213,0
3.4050794,-4.4052649,-3.8549585,0.97784305,-0.19132042,-0.084968716,0
5.2210603,4.3746948,-2.7256069,0.97784305,-0.19132042,-0.084968716,0
3.4408181,-5.7701001,-0.37052441,0.97784305,-0.19132042,-0.084968716,0
1.1247861,4.9499249,1.2123582,0.20790988,0.84020877,0.50082213,0
2.2409301,-0.9891057,-6.3237972,0.024426028,0.50739121,-0.86136973,0
3.412107,-2.1962595,4.6077566,-0.024426028,-0.50739121,0.86136973,0
3.524426,-0.94043064,5.3506904,-0.024426028,-0.50739121,0.86136973,0
4.185751,-2.5751312,1.0083871,0.97784305,-0.19132042,-0.084968716,0
4.2516603,5.3896103,-0.82336712,0.20790988,0.84020877,0.50082213,0
0.30574012,2.1147888,-4.5503197,0.024426028,0.50739121,-0.86136973,0
5.1599894,2.3677959,1.0904232,0.97784305,-0.19132042,-0.084968716,0
-1.0430975,2.3609872,-4.4435453,0.024426028,0.50739121,-0.86136973,0
1.8331466,-5.0365887,-2.2949166,-0.20790988,-0.84020877,-0.50082213,0
-1.4467297,-1.8056527,-6.3537245,-0.20790988,-0.84020877,-0.50082213,0
-4.5660396,-5.5653028,1.2486291,-0.20790988,-0.84020877,-0.50082213,0
1.1747041,-1.2667558,-6.5175829,0.024426028,0.50739121,-0.86136973,0
0.10704014,3.2841179,-3.8671589,0.024426028,0.50739121,-0.86136973,0
3.0709105,5.8496647,-1.1050076,0.20790988,0.84020877,0.50082213,0
-4.587419,-2.2027369,-4.3837347,-0.20790988,-0.84020877,-0.50082213,0
3.1920724,-6.5102606,-0.38673592,-0.20790988,-0.84020877,-0.50082213,0
-5.0722704,-3.6053641,2.7056539,-0.97784305,0.19132042,0.084968716,0
-2.6307383,5.0511079,2.6016667,0.20790988,0.84020877,0.50082213,0
-0.31982374,6.2072644,-2.1573796,0.024426028,0.50739121,-0.86136973,0
5.3270855,4.8722963,-0.40193892,0.20790988,0.84020877,0.50082213,0
4.1058979,3.5248992,-3.6119294,0.024426028,0.50739121,-0.86136973,0
3.9675581,-0.44869328,-5.9565053,0.024426028,0.50739121,-0.86136973,0
0.44316101,-4.0745993,-3.3317707,-0.20790988,-0.84020877,-0.50082213,0
4.848866,2.436832,3.8824668,0.20790988,0.84020877,0.50082213,0
4.3803339,-1.3876567,0.57391882,0.97784305,-0.19132042,-0.084968716,0
-0.30155468,1.2229564,6.5165434,-0.024426028,-0.50739121,0.86136973,0
4.3543696,4.0996747,1.2980677,0.20790988,0.84020877,0.50082213,0
1.5019906,1.063318,-5.1357679,0.024426028,0.50739121,-0.86136973,0
-1.3003936,5.1501245,1.883275,0.20790988,0.84020877,0.50082213,0
0.63316858,-2.2782011,4.4806871,-0.024426028,-0.50739121,0.86136973,0
3.7392006,2.5233178,4.1980367,0.20790988,0.84020877,0.50082213,0
3.7377439,-3.4484038,-2.1810892,0.97784305,-0.19132042,-0.084968716,0
-3.119184,1.0621479,-5.2675009,0.024426028,0.50739121,-0.86136973,0
-2.7411795,0.8009553,6.198782,-0.024426028,-0.50739121,0.86136973,0
0.80831456,0.46839261,-5.5058808,0.024426028,0.50739121,-0.86136973,0
4.4021559,-0.63806772,-0.86276346,0.97784305,-0.19132042,-0.084968716,0
-3.5455084,4.014473,3.118793,-0.97784305,0.19132042,0.084968716,0
-1.7038245,-2.587085,-4.936018,-0.20790988,-0.84020877,-0.50082213,0
-4.4628215,-2.2255707,4.3671799,-0.024426028,-0.50739121,0.86136973,0
3.8287406,4.0002632,1.6830542,0.20790988,0.84020877,0.50082213,0
3.2086496,-5.6451106,-1.8450459,-0.20790988,-0.84020877,-0.50082213,0
-5.2959146,-2.517025,-2.3186729,-0.97784305,0.19132042,0.084968716,0
-2.0912576,6.4508047,0.029494286,0.20790988,0.84020877,0.50082213,0
3.6242557,4.4144864,1.0730183,0.20790988,0.84020877,0.50082213,0
1.2218876,-2.4881561,-6.3165598,-0.20790988,-0.84020877,-0.50082213,0
-5.2699795,-2.9988503,-0.9352966,-0.97784305,0.19132042,0.084968716,0
3.7950974,2.8184271,3.679739,0.20790988,0.84020877,0.50082213,0
-5.0652804,-0.79739499,-3.536483,-0.97784305,0.19132042,0.084968716,0
-5.1566529,-3.4596057,1.4063609,-0.97784305,0.19132042,0.084968716,0
1.3956621,-7.2087011,1.5307651,-0.20790988,-0.84020877,-0.50082213,0
5.525115,5.6947174,-2.1986952,0.97784305,-0.19132042,-0.084968716,0
-1.5744481,-6.3800774,1.3736219,-0.20790988,-0.84020877,-0.50082213,0
4.2038455,-2.9238117,2.0017362,0.97784305,-0.19132042,-0.084968716,0
-4.032392,4.3064899,-3.1419168,-0.97784305,0.19132042,0.084968716,0
4.8427377,4.6071477,0.24396062,0.20790988,0.84020877,0.50082213,0
-3.5724201,5.4988117,-0.53313684,-0.97784305,0.19132042,0.084968716,0
-2.3370104,-3.2614839,-3.5417469,-0.20790988,-0.84020877,-0.50082213,0
3.9771483,-1.408443,-4.0192475,0.97784305,-0.19132042,-0.084968716,0
5.4828701,5.3816533,-1.9799509,0.97784305,-0.19132042,-0.084968716,0
2.7910295,5.1256027,0.22591066,0.20790988,0.84020877,0.50082213,0
-3.3363256,6.1033225,0.82274699,-0.97784305,0.19132042,0.084968716,0
4.6500912,-1.1500194,3.1432819,0.97784305,-0.19132042,-0.084968716,0
4.4967041,4.1609879,1.1361166,0.20790988,0.84020877,0.50082213,0
5.2547593,1.549556,4.0234547,0.97784305,-0.19132042,-0.084968716,0
0.049902439,-6.1002207,0.22978783,-0.20790988,-0.84020877,-0.50082213,0
-4.5265131,1.2067132,-5.2222533,0.024426028,0.50739121,-0.86136973,0
-3.0569606,-4.4173236,-1.3037636,-0.20790988,-0.84020877,-0.50082213,0
-4.0788307,2.7475677,-0.16619444,-0.97784305,0.19132042,0.084968716,0
1.6233063,4.4733734,-3.1236296,0.024426028,0.50739121,-0.86136973,0
3.4359741,-5.5634003,-0.89168906,0.97784305,-0.19132042,-0.084968716,0
-2.2592757,-3.2525339,3.8247323,-0.024426028,-0.50739121,0.86136973,0
4.4027753,3.2417436,-3.7703056,0.024426028,0.50739121,-0.86136973,0
3.511023,-3.0879459,-5.6018753,0.97784305,-0.19132042,-0.084968716,0
-0.26481485,-2.9422359,-4.9375825,-0.20790988,-0.84020877,-0.50082213,0
-1.5017607,-0.60650325,-6.2045584,0.024426028,0.50739121,-0.86136973,0
4.1434116,-1.2695198,-2.4186463,0.97784305,-0.19132042,-0.084968716,0
3.4913137,-3.897404,3.6079421,-0.024426028,-0.50739121,0.86136973,0
-0.073562145,-0.70896482,-6.2244129,0.024426028,0.50739121,-0.86136973,0
-1.2357779,3.7978613,-3.6026163,0.024426028,0.50739121,-0.86136973,0
-5.3535676,-3.488606,-0.79449046,-0.97784305,0.19132042,0.084968716,0
-4.8673553,-0.0062973499,-3.0399947,-0.97784305,0.19132042,0.084968716,0
-1.9101462,4.3926792,3.4071405,0.20790988,0.84020877,0.50082213,0
-4.8886714,-1.285465,-0.40505424,-0.97784305,0.19132042,0.084968716,0
-2.9084535,7.5120029,-1.4622273,0.024426028,0.50739121,-0.86136973,0
5.0869627,1.5919381,5.201067,0.20790988,0.84020877,0.50082213,0
-4.4458709,-3.5164301,-2.2385669,-0.20790988,-0.84020877,-0.50082213,0
-4.7366238,1.2564764,-4.3788276,-0.97784305,0.19132042,0.084968716,0
-3.7945733,1.4964223,5.9222717,-0.97784305,0.19132042,0.084968716,0
0.41920805,-6.6698642,1.887702,-0.024426028,-0.50739121,0.86136973,0
-3.6112874,4.9702444,0.20972204,-0.97784305,0.19132042,0.084968716,0
3.1777091,-2.6121917,-6.9204054,-0.20790988,-0.84020877,-0.50082213,0
4.0349522,-3.8157949,2.0665112,0.97784305,-0.19132042,-0.084968716,0
-3.9809229,2.1809921,2.2362907,-0.97784305,0.19132042,0.084968716,0
-3.6070442,3.6815505,3.1602426,-0.97784305,0.19132042,0.084968716,0
5.0936337,1.4322889,2.4332209,0.97784305,-0.19132042,-0.084968716,0
-0.57918835,0.13642287,-5.7407746,0.024426028,0.50739121,-0.86136973,0
1.9906344,-0.20917368,-5.8714752,0.024426028,0.50739121,-0.86136973,0
-1.7851062,5.3662491,1.7219143,0.20790988,0.84020877,0.50082213,0
2.7295485,4.7023873,0.96144497,0.20790988,0.84020877,0.50082213,0
0.29642123,2.6644187,-4.2268243,0.024426028,0.50739121,-0.86136973,0
3.0372553,3.7159009,2.488692,0.20790988,0.84020877,0.50082213,0
2.7643838,5.6478271,-0.63914108,0.20790988,0.84020877,0.50082213,0
-5.2797122,-2.4442921,-2.2959836,-0.97784305,0.19132042,0.084968716,0
-3.5568531,4.0792527,2.8423715,-0.97784305,0.19132042,0.084968716,0
-1.2644591,0.2458148,5.9136505,-0.024426028,-0.50739121,0.86136973,0
-3.7418442,3.576931,1.8444959,-0.97784305,0.19132042,0.084968716,0
-2.3596866,-2.6970143,-4.479321,-0.20790988,-0.84020877,-0.50082213,0
4.1900883,-0.73155308,5.4926066,-0.024426028,-0.50739121,0.86136973,0
4.041153,-1.8771877,-2.227212,0.97784305,-0.19132042,-0.084968716,0
-4.4955025,-1.0571446,3.6055405,-0.97784305,0.19132042,0.084968716,0
2.7853644,-3.9240131,3.572248,-0.024426028,-0.50739121,0.86136973,0
-4.8331337,-0.7303431,-1.0158511,-0.97784305,0.19132042,0.084968716,0
-4.777813,-0.22123551,-1.525543,-0.97784305,0.19132042,0.084968716,0
1.0103626,-4.5014582,-2.8511128,-0.20790988,-0.84020877,-0.50082213,0
-0.51503849,-5.2758331,-0.91872454,-0.20790988,-0.84020877,-0.50082213,0
3.3495009,1.8300049,5.5229578,0.20790988,0.84020877,0.50082213,0
-0.21859312,2.3327971,-4.4367704,0.024426028,0.50739121,-0.86136973,0
-3.5381155,3.4022818,4.5823202,-0.97784305,0.19132042,0.084968716,0
3.4518161,-4.3505206,-3.4403658,0.97784305,-0.19132042,-0.084968716,0
-3.9024673,1.1657801,5.4250908,-0.97784305,0.19132042,0.084968716,0
-1.1328847,-6.2277098,2.1041412,-0.024426028,-0.50739121,0.86136973,0
-3.6877365,4.871397,-0.44750643,-0.97784305,0.19132042,0.084968716,0
-1.9315562,-6.1654277,1.1617613,-0.20790988,-0.84020877,-0.50082213,0
3.0400903,2.5923791,-4.1914558,0.024426028,0.50739121,-0.86136973,0
-1.7582574,4.1319728,3.7814622,0.20790988,0.84020877,0.50082213,0
-3.7648792,-0.21447742,-6.0378103,0.024426028,0.50739121,-0.86136973,0
1.0132655,-2.4888825,4.3673635,-0.024426028,-0.50739121,0.86136973,0
-3.9621668,2.8912697,0.85284543,-0.97784305,0.19132042,0.084968716,0
-3.7635748,3.8324895,1.0189832,-0.97784305,0.19132042,0.084968716,0
-4.4431186,0.22200584,1.3281802,-0.97784305,0.19132042,0.084968716,0
-0.74901772,1.0830953,-5.1879511,0.024426028,0.50739121,-0.86136973,0
3.2193131,-6.2902069,-0.7672205,-0.20790988,-0.84020877,-0.50082213,0
3.8262377,-2.5064068,-3.2837272,0.97784305,-0.19132042,-0.084968716,0
3.3519766,-6.1758165,-0.47940397,0.97784305,-0.19132042,-0.084968716,0
4.1081829,-2.3620095,-0.3641572,0.97784305,-0.19132042,-0.084968716,0
3.4096546,-4.7708502,-2.9791291,0.97784305,-0.19132042,-0.084968716,0
-3.4310474,0.73780298,6.1420193,-0.024426028,-0.50739121,0.86136973,0
-5.2851496,-1.6654159,-4.1123114,-0.97784305,0.19132042,0.084968716,0
0.45568991,-2.1260228,4.5652947,-0.024426028,-0.50739121,0.86136973,0
0.24641061,-6.7861037,1.2988896,-0.20790988,-0.84020877,-0.50082213,0
-3.7268295,3.0104213,3.2928793,-0.97784305,0.19132042,0.084968716,0
4.3875465,-1.5224538,0.96044254,0.97784305,-0.19132042,-0.084968716,0
1.3186693,1.2257431,6.5641298,-0.024426028,-0.50739121,0.86136973,0
0.96523833,4.6357055,1.8057455,0.20790988,0.84020877,0.50082213,0
4.0905833,5.9126759,-1.6340227,0.20790988,0.84020877,0.50082213,0
-4.1630526,3.7469532,-3.3857098,-0.97784305,0.19132042,0.084968716,0
2.3633318,1.5324395,-4.8350062,0.024426028,0.50739121,-0.86136973,0
3.5454185,0.57338428,6.2430005,-0.024426028,-0.50739121,0.86136973,0
5.4025564,2.6726918,3.1954257,0.97784305,-0.19132042,-0.084968716,0
2.3050776,1.5581664,6.4125896,0.20790988,0.84020877,0.50082213,0
3.5791528,-1.4760408,5.0367408,-0.024426028,-0.50739121,0.86136973,0
-1.7801961,-4.9160929,2.8583956,-0.024426028,-0.50739121,0.86136973,0
5.2733164,2.0265372,3.163013,0.97784305,-0.19132042,-0.084968716,0
4.1666889,-0.44599485,-4.0050673,0.97784305,-0.19132042,-0.084968716,0
5.4361663,4.1946468,0.68964273,0.20790988,0.84020877,0.50082213,0
-2.8743286,3.5604563,5.2035942,0.20790988,0.84020877,0.50082213,0
0.35248041,-3.6480045,-4.0098062,-0.20790988,-0.84020877,-0.50082213,0
-2.7933619,-3.3677063,-3.1740935,-0.20790988,-0.84020877,-0.50082213,0
1.1072822,-1.0225143,5.2337952,-0.024426028,-0.50739121,0.86136973,0
4.6551123,-0.85527635,2.5374053,0.97784305,-0.19132042,-0.084968716,0
4.4106474,3.0119383,-3.9054484,0.024426028,0.50739121,-0.86136973,0
-4.0271435,-0.99971497,-6.5077925,0.024426028,0.50739121,-0.86136973,0
-3.342401,-0.019451618,5.6984711,-0.024426028,-0.50739121,0.86136973,0
3.1454754,-5.3679414,-2.283814,-0.20790988,-0.84020877,-0.50082213,0
1.7818031,-5.1269693,-2.1219721,-0.20790988,-0.84020877,-0.50082213,0
-4.1562948,1.8056622,1.0631782,-0.97784305,0.19132042,0.084968716,0
-3.4956505,-2.8805733,4.0087762,-0.024426028,-0.50739121,0.86136973,0
5.2663784,2.4006228,2.2408597,0.97784305,-0.19132042,-0.084968716,0
-1.0295172,2.7665484,5.7696514,0.20790988,0.84020877,0.50082213,0
-3.28949,6.5468807,0.3630085,-0.97784305,0.19132042,0.084968716,0
1.2097516,-4.9379168,-2.2016582,-0.20790988,-0.84020877,-0.50082213,0
-2.0446641,-4.2686481,-1.9734327,-0.20790988,-0.84020877,-0.50082213,0
-3.295933,-2.7849529,4.070765,-0.024426028,-0.50739121,0.86136973,0
-3.950264,1.2087464,4.7782831,-0.97784305,0.19132042,0.084968716,0
4.8827686,0.43593907,6.1999626,-0.024426028,-0.50739121,0.86136973,0
1.4719169,4.9620113,-2.8400893,0.024426028,0.50739121,-0.86136973,0
5.3197017,4.7644153,-2.4679327,0.97784305,-0.19132042,-0.084968716,0
-4.0335178,3.9400351,-2.3297505,-0.97784305,0.19132042,0.084968716,0
5.0889263,1.6960686,5.025557,0.20790988,0.84020877,0.50082213,0
-2.2326512,1.4077945,6.570662,-0.024426028,-0.50739121,0.86136973,0
-4.6160126,-1.336561,-5.8250127,-0.20790988,-0.84020877,-0.50082213,0
-3.5952206,-4.6747513,-0.64843655,-0.20790988,-0.84020877,-0.50082213,0
1.0297489,5.2848334,0.68994975,0.20790988,0.84020877,0.50082213,0
-3.670311,3.6882315,2.4171121,-0.97784305,0.19132042,0.084968716,0
0.24554491,-4.8692675,-1.9165503,-0.20790988,-0.84020877,-0.50082213,0
-1.7849355,1.0382032,6.3656492,-0.024426028,-0.50739121,0.86136973,0
-0.43525529,-6.3105283,0.78401995,-0.20790988,-0.84020877,-0.50082213,0
-4.4793568,1.5292869,-2.0324028,-0.97784305,0.19132042,0.084968716,0
3.1094565,4.8773761,0.51015973,0.20790988,0.84020877,0.50082213,0
3.733217,-3.0987606,-3.0204611,0.97784305,-0.19132042,-0.084968716,0
-4.5701675,0.96705508,-1.8115268,-0.97784305,0.19132042,0.084968716,0
2.8199396,-1.8043666,-6.7876091,0.024426028,0.50739121,-0.86136973,0
-1.7384152,4.2418537,3.5888822,0.20790988,0.84020877,0.50082213,0
-2.083951,2.7018392,-4.2722821,0.024426028,0.50739121,-0.86136973,0
4.5002441,5.1375175,-2.6508322,0.024426028,0.50739121,-0.86136973,0
-2.9271536,-2.4299757,-4.6917439,-0.20790988,-0.84020877,-0.50082213,0
-1.7012382,0.64414942,-5.4735141,0.024426028,0.50739121,-0.86136973,0
1.7330416,-5.7306595,2.4782,-0.024426028,-0.50739121,0.86136973,0
-5.4058743,-3.2644956,-2.2626946,-0.20790988,-0.84020877,-0.50082213,0
3.350462,-4.127594,-4.4497938,-0.20790988,-0.84020877,-0.50082213,0
3.5686073,-5.9484196,1.5016193,0.97784305,-0.19132042,-0.084968716,0
3.7481756,-4.948576,1.3168364,0.97784305,-0.19132042,-0.084968716,0
-1.1168011,3.8052545,-3.5948882,0.024426028,0.50739121,-0.86136973,0
3.224071,3.8332989,-3.4552727,0.024426028,0.50739121,-0.86136973,0
-4.7986293,0.043571949,-2.3613615,-0.97784305,0.19132042,0.084968716,0
-0.83569551,6.984405,-1.3869371,0.20790988,0.84020877,0.50082213,0
-4.4988389,-0.69618225,2.7543793,-0.97784305,0.19132042,0.084968716,0
-3.7830164,2.9267206,2.8347278,-0.97784305,0.19132042,0.084968716,0
0.0069503784,5.8561854,-2.3549166,0.024426028,0.50739121,-0.86136973,0
4.6866708,-0.14387226,1.2987537,0.97784305,-0.19132042,-0.084968716,0
-5.089819,-3.1940634,-2.5120616,-0.20790988,-0.84020877,-0.50082213,0
-2.2319732,6.2238908,0.46859264,0.20790988,0.84020877,0.50082213,0
-1.6844695,-0.52963984,-6.1644616,0.024426028,0.50739121,-0.86136973,0
-4.4878769,-1.117497,3.829191,-0.97784305,0.19132042,0.084968716,0
-4.112936,-4.1726694,-1.2758355,-0.20790988,-0.84020877,-0.50082213,0
2.9091697,4.664732,0.95005035,0.20790988,0.84020877,0.50082213,0
-5.2116437,-5.1882448,0.88406873,-0.20790988,-0.84020877,-0.50082213,0
4.9622822,3.2782311,-3.2348368,0.97784305,-0.19132042,-0.084968716,0
3.8246903,-1.8329496,-4.8179255,0.97784305,-0.19132042,-0.084968716,0
-0.97331798,-5.2958593,2.6575742,-0.024426028,-0.50739121,0.86136973,0
3.9805789,3.7298331,2.07371,0.20790988,0.84020877,0.50082213,0
1.2796508,-2.133842,4.584054,-0.024426028,-0.50739121,0.86136973,0
2.2743239,1.8059266,-4.6764321,0.024426028,0.50739121,-0.86136973,0
0.52438784,-5.7493706,-0.55579472,-0.20790988,-0.84020877,-0.50082213,0
4.8058715,0.41565537,1.4106808,0.97784305,-0.19132042,-0.084968716,0
0.24633026,2.4062283,5.8444939,0.20790988,0.84020877,0.50082213,0
-3.7310562,-0.16940749,-6.0103021,0.024426028,0.50739121,-0.86136973,0
2.3741794,-2.2167749,-7.0431805,0.024426028,0.50739121,-0.86136973,0
-4.4292893,-3.3799391,3.6881485,-0.024426028,-0.50739121,0.86136973,0
-3.5821402,-6.2168412,2.0410895,-0.024426028,-0.50739121,0.86136973,0
3.448972,-6.5146227,1.3997202,0.97784305,-0.19132042,-0.084968716,0
1.5275517,-0.87445128,5.3329306,-0.024426028,-0.50739121,0.86136973,0
-4.1837034,0.087360263,-5.8718886,0.024426028,0.50739121,-0.86136973,0
3.4767518,5.5242057,-2.4520764,0.024426028,0.50739121,-0.86136973,0
0.41164255,0.031918645,5.8351855,-0.024426028,-0.50739121,0.86136973,0
2.6105726,-6.7584648,1.8976526,-0.024426028,-0.50739121,0.86136973,0
-5.5134258,-5.6131272,2.1495066,-0.97784305,0.19132042,0.084968716,0
3.4722624,-6.5446024,1.7352595,0.97784305,-0.19132042,-0.084968716,0
-5.1595731,-2.8794219,0.066381097,-0.97784305,0.19132042,0.084968716,0
-2.2537372,-1.1351237,-6.5372663,0.024426028,0.50739121,-0.86136973,0
-0.92254436,-3.363833,3.7970777,-0.024426028,-0.50739121,0.86136973,0
-1.0965943,2.8817003,5.6043119,0.20790988,0.84020877,0.50082213,0
3.5057142,2.6279998,4.1193452,0.20790988,0.84020877,0.50082213,0
-5.3914247,-4.3675895,0.74900889,-0.97784305,0.19132042,0.084968716,0
4.4625645,-2.6355906,4.3301697,0.97784305,-0.19132042,-0.084968716,0
-0.88317657,-6.353826,1.0426083,-0.20790988,-0.84020877,-0.50082213,0
-4.3099856,-0.38001013,4.215848,-0.97784305,0.19132042,0.084968716,0
4.9649096,0.26122284,3.5886638,0.97784305,-0.19132042,-0.084968716,0
4.4557238,2.8688021,3.3209758,0.20790988,0.84020877,0.50082213,0
-3.0819283,4.4991202,3.715019,0.20790988,0.84020877,0.50082213,0
4.2646413,-0.22762156,-3.369504,0.97784305,-0.19132042,-0.084968716,0
1.7073226,-7.0135789,1.0740356,-0.20790988,-0.84020877,-0.50082213,0
3.6819482,0.086603284,5.9601336,-0.024426028,-0.50739121,0.86136973,0
2.4434462,-7.0978837,1.6929789,-0.024426028,-0.50739121,0.86136973,0
1.0187323,6.5860748,-1.8962822,0.024426028,0.50739121,-0.86136973,0
-1.9591117,-6.4905539,1.7186508,-0.20790988,-0.84020877,-0.50082213,0
-3.8592629,3.486496,0.69683671,-0.97784305,0.19132042,0.084968716,0
3.5532367,-4.6422749,-1.6162546,0.97784305,-0.19132042,-0.084968716,0
-1.6326332,2.7491038,-4.2316432,0.024426028,0.50739121,-0.86136973,0
-1.9162834,0.3187919,-5.6712651,0.024426028,0.50739121,-0.86136973,0
1.7331212,0.12262082,-5.6833334,0.024426028,0.50739121,-0.86136973,0
4.9479532,1.613025,0.34973252,0.97784305,-0.19132042,-0.084968716,0
-1.8365953,-4.3210087,-1.9719665,-0.20790988,-0.84020877,-0.50082213,0
-0.25756311,4.3797894,2.7427154,0.20790988,0.84020877,0.50082213,0
4.3830209,-1.0740829,-0.1012181,0.97784305,-0.19132042,-0.084968716,0
3.7088466,3.0930448,-3.8775744,0.024426028,0.50739121,-0.86136973,0
4.3731432,4.170682,1.1711476,0.20790988,0.84020877,0.50082213,0
-3.4920328,-2.5723972,-4.2183065,-0.20790988,-0.84020877,-0.50082213,0
3.3539374,2.259901,4.7998977,0.20790988,0.84020877,0.50082213,0
0.67606211,-4.9857659,-1.8998294,-0.20790988,-0.84020877,-0.50082213,0
-3.1029806,5.9028606,1.3687613,0.20790988,0.84020877,0.50082213,0
3.636054,-4.2357154,-1.5786096,0.97784305,-0.19132042,-0.084968716,0
-2.6052446,-2.1488743,-5.2969723,-0.20790988,-0.84020877,-0.50082213,0
3.9648902,-3.8715243,1.3857017,0.97784305,-0.19132042,-0.084968716,0
-1.1948943,5.6098104,1.0682817,0.20790988,0.84020877,0.50082213,0
2.2633932,3.1036711,3.8370647,0.20790988,0.84020877,0.50082213,0
-3.3539617,-0.61973208,-6.2648735,0.024426028,0.50739121,-0.86136973,0
-4.6435723,-3.8901799,-1.5294696,-0.20790988,-0.84020877,-0.50082213,0
-2.501375,3.3422446,-3.9068875,0.024426028,0.50739121,-0.86136973,0
3.1050634,-0.0039687157,-5.718996,0.024426028,0.50739121,-0.86136973,0
-0.081932545,6.55058,-0.97204113,0.20790988,0.84020877,0.50082213,0
-4.4383473,0.64207458,-5.5523534,0.024426028,0.50739121,-0.86136973,0
-0.88369489,3.350127,-3.8563714,0.024426028,0.50739121,-0.86136973,0
-1.8499987,-3.0400403,-4.1154308,-0.20790988,-0.84020877,-0.50082213,0
4.4222102,3.6364889,-3.5372286,0.024426028,0.50739121,-0.86136973,0
-4.3742175,1.2943835,-0.29351282,-0.97784305,0.19132042,0.084968716,0
-1.9198442,5.5212393,1.5178277,0.20790988,0.84020877,0.50082213,0
-4.4717875,1.5419338,-1.9737725,-0.97784305,0.19132042,0.084968716,0
-1.6231935,-5.2624097,-0.48120832,-0.20790988,-0.84020877,-0.50082213,0
-4.0729318,2.3811889,0.72665477,-0.97784305,0.19132042,0.084968716,0
3.2581768,-0.051267624,-5.742516,0.024426028,0.50739121,-0.86136973,0
-0.48849702,-6.3939114,0.94601059,-0.20790988,-0.84020877,-0.50082213,0
-2.7428517,-3.0336058,-3.755569,-0.20790988,-0.84020877,-0.50082213,0
4.1968651,1.3571404,5.9644904,0.20790988,0.84020877,0.50082213,0
2.9140487,3.1675916,-3.8562007,0.024426028,0.50739121,-0.86136973,0
-4.7338824,-4.5599794,-0.3682822,-0.20790988,-0.84020877,-0.50082213,0
-3.6414242,3.7172322,2.6842484,-0.97784305,0.19132042,0.084968716,0
4.033597,-0.14419413,5.8341537,-0.024426028,-0.50739121,0.86136973,0
3.9001207,-3.5921922,0.011351109,0.97784305,-0.19132042,-0.084968716,0
5.1398282,4.9889383,-2.7202163,0.024426028,0.50739121,-0.86136973,0
-2.0570922,-5.2624016,-0.30109382,-0.20790988,-0.84020877,-0.50082213,0
3.404269,-0.50926232,5.6012635,-0.024426028,-0.50739121,0.86136973,0
-4.9432144,-2.8462536,2.4816105,-0.97784305,0.19132042,0.084968716,0
-4.4582686,-6.0900507,2.0842371,-0.20790988,-0.84020877,-0.50082213,0
-4.0262337,2.9209633,0.048681021,-0.97784305,0.19132042,0.084968716,0
1.3109493,-0.87154889,-6.2809229,0.024426028,0.50739121,-0.86136973,0
0.29168177,-0.18245292,-5.9039125,0.024426028,0.50739121,-0.86136973,0
0.55021977,5.9358234,-2.2926011,0.024426028,0.50739121,-0.86136973,0
1.8437231,0.72888589,-5.3230753,0.024426028,0.50739121,-0.86136973,0
0.26704025,-1.5339031,-6.7006855,0.024426028,0.50739121,-0.86136973,0
-4.5576382,1.6685178,-4.9511085,0.024426028,0.50739121,-0.86136973,0
2.90223,1.6684606,-4.7396021,0.024426028,0.50739121,-0.86136973,0
-4.0352736,0.72982502,4.8783364,-0.97784305,0.19132042,0.084968716,0
2.2343955,2.5965216,4.6999264,0.20790988,0.84020877,0.50082213,0
4.7674322,2.2432306,-3.1467533,0.97784305,-0.19132042,-0.084968716,0
4.0842094,-4.0346594,3.1261806,0.97784305,-0.19132042,-0.084968716,0
-4.5413389,-0.80826092,2.5176418,-0.97784305,0.19132042,0.084968716,0
5.293561,1.2220711,5.2073803,0.97784305,-0.19132042,-0.084968716,0
-2.1975725,-4.1825538,-2.0543916,-0.20790988,-0.84020877,-0.50082213,0
-2.5524306,4.9061861,2.8122866,0.20790988,0.84020877,0.50082213,0
-3.7200236,4.8276367,-0.72054625,-0.97784305,0.19132042,0.084968716,0
1.0710115,-5.8376379,-0.63463759,-0.20790988,-0.84020877,-0.50082213,0
-0.67056847,-1.8003445,-6.684844,-0.20790988,-0.84020877,-0.50082213,0
-1.5337098,-3.4589045,-3.5440228,-0.20790988,-0.84020877,-0.50082213,0
-2.331135,1.7198744,-4.8577204,0.024426028,0.50739121,-0.86136973,0
4.592648,4.3177013,0.83337468,0.20790988,0.84020877,0.50082213,0
-1.9905715,2.8592792,6.0130506,0.20790988,0.84020877,0.50082213,0
-5.3245115,-5.432838,1.3412683,-0.20790988,-0.84020877,-0.50082213,0
-0.39712238,4.3046546,2.926703,0.20790988,0.84020877,0.50082213,0
4.1776276,-1.5270891,-1.4449185,0.97784305,-0.19132042,-0.084968716,0
-2.119226,-0.90448785,-6.3975954,0.024426028,0.50739121,-0.86136973,0
-3.9813616,0.90215683,5.1107397,-0.97784305,0.19132042,0.084968716,0
-1.0155749,5.2400355,1.6141955,0.20790988,0.84020877,0.50082213,0
-2.9102705,6.5132484,-2.0505967,0.024426028,0.50739121,-0.86136973,0
3.1088593,3.3734112,3.0335476,0.20790988,0.84020877,0.50082213,0
-4.4714031,-0.1751647,1.8969625,-0.97784305,0.19132042,0.084968716,0
-0.74357063,-4.4132171,3.1840115,-0.024426028,-0.50739121,0.86136973,0
-2.8848877,-3.8026543,-2.4064031,-0.20790988,-0.84020877,-0.50082213,0
3.0199409,1.383461,-4.9041433,0.024426028,0.50739121,-0.86136973,0
3.3701227,-6.1226602,-0.39026308,0.97784305,-0.19132042,-0.084968716,0
3.5990911,-4.9540291,-0.38658428,0.97784305,-0.19132042,-0.084968716,0
-5.4685092,-5.3370714,2.0448418,-0.97784305,0.19132042,0.084968716,0
-5.0671391,-2.6401088,0.59128046,-0.97784305,0.19132042,0.084968716,0
-4.7940464,-2.0103748,2.316165,-0.97784305,0.19132042,0.084968716,0
3.061995,-1.3996224,-6.5423298,0.024426028,0.50739121,-0.86136973,0
-1.6379526,-5.3637137,2.5987573,-0.024426028,-0.50739121,0.86136973,0
3.9973633,4.5684338,0.65985668,0.20790988,0.84020877,0.50082213,0
0.29767275,-2.0306976,-6.7003422,-0.20790988,-0.84020877,-0.50082213,0
1.3900578,3.6625752,3.2619684,0.20790988,0.84020877,0.50082213,0
5.2418904,2.3126903,2.1570392,0.97784305,-0.19132042,-0.084968716,0
-3.6782603,4.1203775,1.352579,-0.97784305,0.19132042,0.084968716,0
0.40751982,-0.92815113,-6.3398829,0.024426028,0.50739121,-0.86136973,0
0.98116899,5.8836746,-0.29453421,0.20790988,0.84020877,0.50082213,0
-2.7909851,2.9307337,-4.1575007,0.024426028,0.50739121,-0.86136973,0
-1.8676043,-1.8396449,4.6681042,-0.024426028,-0.50739121,0.86136973,0
-1.4290509,-1.4033054,-6.6718535,0.024426028,0.50739121,-0.86136973,0
-3.8063223,2.3152966,3.9432368,-0.97784305,0.19132042,0.084968716,0
2.8550944,-1.6050839,-6.6692257,0.024426028,0.50739121,-0.86136973,0
0.45960069,5.7776794,-2.3883257,0.024426028,0.50739121,-0.86136973,0
-1.3344963,-2.2531354,4.4396548,-0.024426028,-0.50739121,0.86136973,0
-0.21000099,2.9010923,5.2037206,0.20790988,0.84020877,0.50082213,0
-4.4085054,0.057092667,2.0978453,-0.97784305,0.19132042,0.084968716,0
0.87845516,-3.0616374,-5.2118812,-0.20790988,-0.84020877,-0.50082213,0
3.730092,-4.4858985,0.066934109,0.97784305,-0.19132042,-0.084968716,0
5.2780395,3.9781647,-1.177026,0.97784305,-0.19132042,-0.084968716,0
1.0356777,5.9143286,-0.36859035,0.20790988,0.84020877,0.50082213,0
4.450911,-0.054608345,-1.6154234,0.97784305,-0.19132042,-0.084968716,0
1.608393,-0.32129312,-5.9483581,0.024426028,0.50739121,-0.86136973,0
-3.5724835,4.6686301,1.3354146,-0.97784305,0.19132042,0.084968716,0
-2.2599676,7.1383719,-1.6639261,0.024426028,0.50739121,-0.86136973,0
-0.01496613,2.5495434,-4.3033214,0.024426028,0.50739121,-0.86136973,0
4.5094457,-2.450942,4.4539294,0.97784305,-0.19132042,-0.084968716,0
-0.25273657,5.5434818,0.78843403,0.20790988,0.84020877,0.50082213,0
5.3543501,4.6977253,-1.9190273,0.97784305,-0.19132042,-0.084968716,0
2.8378127,-1.8273715,4.8087659,-0.024426028,-0.50739121,0.86136973,0
-4.0876684,1.2744851,3.0489748,-0.97784305,0.19132042,0.084968716,0
2.0076675,-0.99567127,-6.334281,0.024426028,0.50739121,-0.86136973,0
-3.4304118,6.5390892,-2.0501251,0.024426028,0.50739121,-0.86136973,0
-0.7915535,-2.2392745,-5.8982425,-0.20790988,-0.84020877,-0.50082213,0
3.533787,2.8279424,-4.0386977,0.024426028,0.50739121,-0.86136973,0
-2.2632661,-5.982264,2.2166672,-0.024426028,-0.50739121,0.86136973,0
4.9567742,3.3137357,-3.3781683,0.97784305,-0.19132042,-0.084968716,0
2.532567,2.9792502,3.9340558,0.20790988,0.84020877,0.50082213,0
-4.6063099,-1.0815773,2.3853545,-0.97784305,0.19132042,0.084968716,0
-4.3780336,2.4822264,-3.012043,-0.97784305,0.19132042,0.084968716,0
-4.7693486,-0.42820621,-0.96210575,-0.97784305,0.19132042,0.084968716,0
0.75989246,-1.9831278,-6.9513259,0.024426028,0.50739121,-0.86136973,0
0.3529911,1.0175774,-5.1952939,0.024426028,0.50739121,-0.86136973,0
4.0946817,-3.7999589,2.7182331,0.97784305,-0.19132042,-0.084968716,0
0.70245934,-6.3586783,2.0790396,-0.024426028,-0.50739121,0.86136973,0
2.9072919,0.26490468,6.0431948,-0.024426028,-0.50739121,0.86136973,0
3.707957,-3.7998862,-1.7324617,0.97784305,-0.19132042,-0.084968716,0
4.2287436,-3.0247636,2.5155797,0.97784305,-0.19132042,-0.084968716,0
0.4395729,-2.9885654,4.0567555,-0.024426028,-0.50739121,0.86136973,0
-0.13432074,2.0730708,6.5614405,0.20790988,0.84020877,0.50082213,0
3.5322068,-4.9561248,-1.1515927,0.97784305,-0.19132042,-0.084968716,0
-4.4947033,-4.2554288,-0.97850728,-0.20790988,-0.84020877,-0.50082213,0
5.3250465,3.652822,0.096506596,0.97784305,-0.19132042,-0.084968716,0
0.9835248,-6.6863861,0.82559347,-0.20790988,-0.84020877,-0.50082213,0
0.54206419,2.6414726,5.3270636,0.20790988,0.84020877,0.50082213,0
-5.3210917,-5.6073971,1.632699,-0.20790988,-0.84020877,-0.50082213,0
-1.5179648,1.7811694,6.8108654,-0.024426028,-0.50739121,0.86136973,0
5.2040882,3.1747777,-0.21912563,0.97784305,-0.19132042,-0.084968716,0
-4.7567339,-5.2464781,0.79291415,-0.20790988,-0.84020877,-0.50082213,0
-4.3113179,1.3564849,0.29052269,-0.97784305,0.19132042,0.084968716,0
2.0486207,5.3774328,-2.5790305,0.024426028,0.50739121,-0.86136973,0
-3.8394265,4.1245842,-0.51163626,-0.97784305,0.19132042,0.084968716,0
1.1861758,0.63133025,-5.3991876,0.024426028,0.50739121,-0.86136973,0
-1.5965312,-4.565145,-1.6620487,-0.20790988,-0.84020877,-0.50082213,0
4.8090534,2.2625337,-2.7112339,0.97784305,-0.19132042,-0.084968716,0
1.672291,6.0528765,-0.86530781,0.20790988,0.84020877,0.50082213,0
-4.8955412,0.26922536,-3.9847426,-0.97784305,0.19132042,0.084968716,0
1.3979359,-4.1835594,3.3800192,-0.024426028,-0.50739121,0.86136973,0
2.1025856,5.509769,-0.13279009,0.20790988,0.84020877,0.50082213,0
-1.4310381,2.411828,-4.4245982,0.024426028,0.50739121,-0.86136973,0
-2.6115203,-5.4286222,0.20793128,-0.20790988,-0.84020877,-0.50082213,0
4.1404352,2.3184969,-4.3215842,0.024426028,0.50739121,-0.86136973,0
-5.1756554,-3.2995908,0.82737303,-0.97784305,0.19132042,0.084968716,0
-1.5324664,-3.141994,-4.0762067,-0.20790988,-0.84020877,-0.50082213,0
1.6763234,-5.5403824,-1.384618,-0.20790988,-0.84020877,-0.50082213,0
-0.061615705,6.4827871,-0.86674118,0.20790988,0.84020877,0.50082213,0
-3.501833,2.9580865,6.0000458,-0.97784305,0.19132042,0.084968716,0
0.29630709,0.21490812,5.9397039,-0.024426028,-0.50739121,0.86136973,0
4.0072703,-4.1488533,2.4978628,0.97784305,-0.19132042,-0.084968716,0
-0.74220467,-6.3634524,2.0352607,-0.024426028,-0.50739121,0.86136973,0
2.6277184,-5.0382962,2.9114084,-0.024426028,-0.50739121,0.86136973,0
-4.2687745,-3.9299612,-1.6183225,-0.20790988,-0.84020877,-0.50082213,0
3.1453996,4.2303228,1.5807734,0.20790988,0.84020877,0.50082213,0
-5.3317132,-5.8763442,2.1920466,-0.024426028,-0.50739121,0.86136973,0
0.63703728,-2.7983692,-5.5533352,-0.20790988,-0.84020877,-0.50082213,0
-3.6017108,-5.2280841,0.28256226,-0.20790988,-0.84020877,-0.50082213,0
0.1041708,-6.074904,0.16478682,-0.20790988,-0.84020877,-0.50082213,0
2.6519089,-2.3649268,-7.116951,-0.20790988,-0.84020877,-0.50082213,0
5.1584668,1.6281455,2.7383327,0.97784305,-0.19132042,-0.084968716,0
4.696537,-0.026764393,1.1486154,0.97784305,-0.19132042,-0.084968716,0
-3.8144088,3.9981575,0.060946703,-0.97784305,0.19132042,0.084968716,0
-4.7739029,-1.8144572,-4.9577188,-0.20790988,-0.84020877,-0.50082213,0
4.0305457,-2.1090984,-1.8270984,0.97784305,-0.19132042,-0.084968716,0
5.0652552,2.0936172,0.61754543,0.97784305,-0.19132042,-0.084968716,0
-1.0748587,7.1505356,-1.6231551,0.024426028,0.50739121,-0.86136973,0
4.4421763,-0.8401022,0.052714348,0.97784305,-0.19132042,-0.084968716,0
-2.6734037,1.9711838,6.890029,-0.024426028,-0.50739121,0.86136973,0
-4.4985714,-1.5462046,4.6714163,-0.97784305,0.19132042,0.084968716,0
4.5732956,1.4294634,-3.5486095,0.97784305,-0.19132042,-0.084968716,0
0.80312943,3.7121949,-3.5952606,0.024426028,0.50739121,-0.86136973,0
-2.2911012,-3.9181004,3.431777,-0.024426028,-0.50739121,0.86136973,0
-3.794831,2.7709894,3.0494156,-0.97784305,0.19132042,0.084968716,0
1.186306,-3.6954494,-4.2763615,-0.20790988,-0.84020877,-0.50082213,0
-0.62572861,-4.4189997,3.1839471,-0.024426028,-0.50739121,0.86136973,0
0.49747705,0.22617674,5.9520473,-0.024426028,-0.50739121,0.86136973,0
-4.9558311,-4.0785627,3.261692,-0.024426028,-0.50739121,0.86136973,0
4.9243069,4.3230267,-3.1185842,0.024426028,0.50739121,-0.86136973,0
-4.2401085,1.4391274,0.92393827,-0.97784305,0.19132042,0.084968716,0
3.9674966,-4.5694113,2.9870958,0.97784305,-0.19132042,-0.084968716,0
1.5615907,2.0494628,-4.5531883,0.024426028,0.50739121,-0.86136973,0
-5.2926402,-0.84845781,-6.0380282,-0.97784305,0.19132042,0.084968716,0
3.934628,-1.636241,-3.9956636,0.97784305,-0.19132042,-0.084968716,0
-2.8349679,-3.7545738,-2.5077899,-0.20790988,-0.84020877,-0.50082213,0
3.5533447,5.4503298,-2.4934211,0.024426028,0.50739121,-0.86136973,0
-5.2359715,-2.0209565,-2.7458081,-0.97784305,0.19132042,0.084968716,0
1.1859756,5.907711,-0.41988182,0.20790988,0.84020877,0.50082213,0
0.14582014,5.1351295,1.3080541,0.20790988,0.84020877,0.50082213,0
-0.047798634,3.0169463,4.9420214,0.20790988,0.84020877,0.50082213,0
0.018413544,4.7871771,1.9446903,0.20790988,0.84020877,0.50082213,0
-4.5442924,-3.7056768,3.4930115,-0.024426028,-0.50739121,0.86136973,0
-4.092782,0.33954477,5.0952926,-0.97784305,0.19132042,0.084968716,0
-1.9171026,-2.8014998,4.1001186,-0.024426028,-0.50739121,0.86136973,0
-4.3110313,1.6631503,-0.39668679,-0.97784305,0.19132042,0.084968716,0
-0.59255934,4.5970421,2.5173101,0.20790988,0.84020877,0.50082213,0
1.8901618,4.540586,1.5813534,0.20790988,0.84020877,0.50082213,0
-3.6221457,2.095706,-4.6729445,0.024426028,0.50739121,-0.86136973,0
-1.9786496,4.793395,2.7633147,0.20790988,0.84020877,0.50082213,0
5.3671823,4.6173153,-1.590296,0.97784305,-0.19132042,-0.084968716,0
-5.1521606,-3.1328158,0.72223878,-0.97784305,0.19132042,0.084968716,0
0.0482454,-3.1665535,3.9408145,-0.024426028,-0.50739121,0.86136973,0
-2.7380481,-3.1889966,3.8485827,-0.024426028,-0.50739121,0.86136973,0
1.0827796,0.301476,-5.5964208,0.024426028,0.50739121,-0.86136973,0
-1.6574402,6.7435117,-1.8794336,0.024426028,0.50739121,-0.86136973,0
-5.173646,-2.2298431,-1.5582078,-0.97784305,0.19132042,0.084968716,0
-4.5704699,-5.5468245,1.2194681,-0.20790988,-0.84020877,-0.50082213,0
2.9134493,3.6761317,2.6068082,0.20790988,0.84020877,0.50082213,0
0.51814747,-0.56578469,-6.1232924,0.024426028,0.50739121,-0.86136973,0
-0.24185658,-4.7370348,3.0074935,-0.024426028,-0.50739121,0.86136973,0
-0.40810394,-3.2395124,-4.3793697,-0.20790988,-0.84020877,-0.50082213,0
-1.4821038,-5.9369121,0.59180498,-0.20790988,-0.84020877,-0.50082213,0
0.20970583,4.4251046,2.4727113,0.20790988,0.84020877,0.50082213,0
2.1711977,-3.6948423,3.6898255,-0.024426028,-0.50739121,0.86136973,0
3.2591076,4.8813457,0.44137383,0.20790988,0.84020877,0.50082213,0
3.2871187,-1.6107749,4.9490933,-0.024426028,-0.50739121,0.86136973,0
-5.0574384,0.062660456,-5.3827839,-0.97784305,0.19132042,0.084968716,0
3.7739873,-2.7042975,-3.43946,0.97784305,-0.19132042,-0.084968716,0
-0.34663725,6.1359739,-0.16658449,0.20790988,0.84020877,0.50082213,0
5.2325339,1.190725,5.8137341,0.20790988,0.84020877,0.50082213,0
1.1521229,-2.5438461,4.3389244,-0.024426028,-0.50739121,0.86136973,0
-4.8457718,-2.582721,3.009618,-0.97784305,0.19132042,0.084968716,0
0.51205671,3.9915161,-3.4389801,0.024426028,0.50739121,-0.86136973,0
3.0754938,-5.3774691,2.7243147,-0.024426028,-0.50739121,0.86136973,0
4.4153767,-0.10969353,-1.9003388,0.97784305,-0.19132042,-0.084968716,0
5.2380056,1.9104887,3.0179491,0.97784305,-0.19132042,-0.084968716,0
2.1429586,-4.9245768,-2.6114473,-0.20790988,-0.84020877,-0.50082213,0
4.6526103,4.3100138,0.8213793,0.20790988,0.84020877,0.50082213,0
-1.6304564,-1.5615917,-6.686904,-0.20790988,-0.84020877,-0.50082213,0
-4.1614366,3.7923117,-3.4692492,-0.97784305,0.19132042,0.084968716,0
-0.33526587,0.36767006,-5.5976405,0.024426028,0.50739121,-0.86136973,0
2.3608043,5.6920161,-0.54573536,0.20790988,0.84020877,0.50082213,0
-0.64826047,-5.2361679,2.7019539,-0.024426028,-0.50739121,0.86136973,0
3.9141812,-1.7467961,-3.982034,0.97784305,-0.19132042,-0.084968716,0
-4.9014378,-4.7190037,-0.031936169,-0.20790988,-0.84020877,-0.50082213,0
-0.075994492,-6.0699463,0.23126316,-0.20790988,-0.84020877,-0.50082213,0
-5.4324851,-5.7278376,1.8810005,-0.20790988,-0.84020877,-0.50082213,0
-2.1339703,-1.7323005,-6.1914849,-0.20790988,-0.84020877,-0.50082213,0
-4.6813245,-0.84942269,0.99933356,-0.97784305,0.19132042,0.084968716,0
2.980736,-5.5743089,2.6056795,-0.024426028,-0.50739121,0.86136973,0
-4.2966919,-5.298326,0.68891621,-0.20790988,-0.84020877,-0.50082213,0
4.8748379,2.2909408,-2.0181317,0.97784305,-0.19132042,-0.084968716,0
-2.2932024,-1.4774812,-6.5528817,-0.20790988,-0.84020877,-0.50082213,0
-2.5972152,-2.0639517,4.5152855,-0.024426028,-0.50739121,0.86136973,0
-0.42210293,-5.4120517,-0.72877765,-0.20790988,-0.84020877,-0.50082213,0
3.3234224,0.3454628,-5.5069714,0.024426028,0.50739121,-0.86136973,0
-4.4675832,2.3034332,-3.6400247,-0.97784305,0.19132042,0.084968716,0
-0.75974083,7.0671334,-1.6633472,0.024426028,0.50739121,-0.86136973,0
0.76291656,-5.0856733,2.8306193,-0.024426028,-0.50739121,0.86136973,0
0.77123451,6.2427549,-0.80979729,0.20790988,0.84020877,0.50082213,0
-3.929033,-0.31023693,5.5105476,-0.024426028,-0.50739121,0.86136973,0
1.5816231,-3.8716645,3.5689497,-0.024426028,-0.50739121,0.86136973,0
5.2212229,0.67709327,5.6019931,0.97784305,-0.19132042,-0.084968716,0
-0.31664515,-1.5961823,-6.753922,0.024426028,0.50739121,-0.86136973,0
-2.3031807,6.18295,-2.2279444,0.024426028,0.50739121,-0.86136973,0
0.72122407,6.3868155,-2.0220933,0.024426028,0.50739121,-0.86136973,0
2.6247954,-5.6062632,2.5767636,-0.024426028,-0.50739121,0.86136973,0
1.2093132,6.0870256,-0.73039913,0.20790988,0.84020877,0.50082213,0
-3.08777,0.20505905,5.8379393,-0.024426028,-0.50739121,0.86136973,0
-4.7146406,-0.14877415,-0.96170115,-0.97784305,0.19132042,0.084968716,0
-3.7277355,2.4836254,4.4686146,-0.97784305,0.19132042,0.084968716,0
0.98146868,-2.4889679,4.3664117,-0.024426028,-0.50739121,0.86136973,0
-0.33688974,-1.7166078,-6.8254337,0.024426028,0.50739121,-0.86136973,0
