5.6902132,2.6640434,0.20633125,0.95374984,-0.13968107,-0.26617825,0
-1.8378441,-0.90499115,4.5640664,0.15511924,-0.52978611,0.83382535,0
0.45055342,0.033160686,4.7344198,0.15511924,-0.52978611,0.83382535,0
-5.9084983,1.0240753,-2.923871,-0.95374984,0.13968107,0.26617825,0
-1.1354156,2.238071,5.0041704,0.2574873,0.83655006,0.48361629,0
-1.4375682,4.2613459,1.6652206,0.2574873,0.83655006,0.48361629,0
4.5217342,-2.2298145,-1.412343,0.95374984,-0.13968107,-0.26617825,0
0.88473338,3.8089843,-2.5416498,-0.15511924,0.52978611,-0.83382535,0
4.0785336,-3.7122438,-2.2224591,0.95374984,-0.13968107,-0.26617825,0
0.032661438,0.22202802,4.9321623,0.15511924,-0.52978611,0.83382535,0
-1.2577995,-4.8062506,1.9774213,0.15511924,-0.52978611,0.83382535,0
5.3809013,3.5433078,-1.3633771,0.95374984,-0.13968107,-0.26617825,0
4.0706863,-6.0729403,0.18133044,0.15511924,-0.52978611,0.83382535,0
1.1036036,0.33454466,-4.7899165,-0.15511924,0.52978611,-0.83382535,0
-4.5597649,4.4929628,0.08845377,-0.95374984,0.13968107,0.26617825,0
0.69831944,4.8917575,-0.56244421,0.2574873,0.83655006,0.48361629,0
5.2571535,-1.7062957,0.94802952,0.95374984,-0.13968107,-0.26617825,0
-5.0210147,-0.83961678,1.2340932,-0.95374984,0.13968107,0.26617825,0
5.6553264,0.56432068,1.1831899,0.95374984,-0.13968107,-0.26617825,0
1.1761141,0.27007318,4.7499681,0.15511924,-0.52978611,0.83382535,0
-4.1690097,1.865325,2.8674717,-0.95374984,0.13968107,0.26617825,0
-2.0949588,-1.4483751,-4.6502542,-0.2574873,-0.83655006,-0.48361629,0
-1.8550725,0.13968301,-4.3633127,-0.15511924,0.52978611,-0.83382535,0
-3.0843344,5.243773,-0.89165163,-0.15511924,0.52978611,-0.83382535,0
-2.5322018,-3.5807652,-0.72888851,-0.2574873,-0.83655006,-0.48361629,0
-2.3547451,5.4575796,0.084321618,0.2574873,0.83655006,0.48361629,0
0.1816082,-2.843431,-3.4492044,-0.2574873,-0.83655006,-0.48361629,0
4.268815,-3.7810724,-1.5045414,0.95374984,-0.13968107,-0.26617825,0
4.4892049,-1.5148978,-1.9040656,0.95374984,-0.13968107,-0.26617825,0
2.1435015,4.4643245,-0.59252381,0.2574873,0.83655006,0.48361629,0
4.5079851,1.9578612,-3.6591601,0.95374984,-0.13968107,-0.26617825,0
2.5586023,-4.5960255,-1.6831586,-0.2574873,-0.83655006,-0.48361629,0
-4.0302458,4.4366279,2.0153496,-0.95374984,0.13968107,0.26617825,0
1.2228193,-2.724098,-4.2099857,-0.2574873,-0.83655006,-0.48361629,0
-1.8335848,2.3600166,5.1649518,0.2574873,0.83655006,0.48361629,0
-3.5381768,-1.1537995,4.7222991,0.15511924,-0.52978611,0.83382535,0
-4.5437651,3.2541144,0.79588938,-0.95374984,0.13968107,0.26617825,0
1.7931454,-0.5626843,4.1060719,0.15511924,-0.52978611,0.83382535,0
-3.8267751,1.4620866,-3.1562967,-0.15511924,0.52978611,-0.83382535,0
5.6315489,-1.9107639,2.3968329,0.95374984,-0.13968107,-0.26617825,0
4.7699561,-1.6386788,-0.83314276,0.95374984,-0.13968107,-0.26617825,0
2.0399404,4.0499697,-2.6034427,-0.15511924,0.52978611,-0.83382535,0
5.0492725,2.2907424,-1.8943429,0.95374984,-0.13968107,-0.26617825,0
-1.4048433,-2.5044863,-3.1908443,-0.2574873,-0.83655006,-0.48361629,0
0.50868654,-4.2539363,-1.1834821,-0.2574873,-0.83655006,-0.48361629,0
5.6965218,-1.0873191,2.1975222,0.95374984,-0.13968107,-0.26617825,0
-0.76293635,-1.6379998,3.8983669,0.15511924,-0.52978611,0.83382535,0
5.1158714,1.250191,-1.1096649,0.95374984,-0.13968107,-0.26617825,0
-4.2794728,0.30600023,3.2899473,-0.95374984,0.13968107,0.26617825,0
0.80258822,-5.4274049,0.68988371,-0.2574873,-0.83655006,-0.48361629,0
-1.6332388,3.157032,3.6796215,0.2574873,0.83655006,0.48361629,0
-0.31139851,3.8872769,1.7126821,0.2574873,0.83655006,0.48361629,0
-0.17141771,0.8943038,-4.1970668,-0.15511924,0.52978611,-0.83382535,0
-2.5601838,3.0439811,-2.3868394,-0.15511924,0.52978611,-0.83382535,0
-5.7641344,-1.6372477,-1.0100284,-0.95374984,0.13968107,0.26617825,0
4.0961351,0.47498608,-4.3567066,0.95374984,-0.13968107,-0.26617825,0
5.3488932,0.080706954,0.33898687,0.95374984,-0.13968107,-0.26617825,0
0.20822763,0.34297204,-4.6179924,-0.15511924,0.52978611,-0.83382535,0
4.8312097,-4.2596078,0.76170921,0.95374984,-0.13968107,-0.26617825,0
-5.196311,-4.0155926,2.2726269,-0.95374984,0.13968107,0.26617825,0
5.5039158,1.3193815,0.24443913,0.95374984,-0.13968107,-0.26617825,0
-5.5755687,0.9125275,-3.1801353,-0.15511924,0.52978611,-0.83382535,0
2.1879647,4.5772648,-2.2959538,-0.15511924,0.52978611,-0.83382535,0
-2.2203979,2.4204092,5.2664323,0.2574873,0.83655006,0.48361629,0
-4.2652063,-2.8377869,3.7875991,0.15511924,-0.52978611,0.83382535,0
-0.43402433,-1.8306642,-4.8732939,-0.2574873,-0.83655006,-0.48361629,0
-4.6088204,4.6318755,-0.16021633,-0.95374984,0.13968107,0.26617825,0
2.084348,4.4029875,-0.45492911,0.2574873,0.83655006,0.48361629,0
0.5857439,1.2239289,5.4658461,0.15511924,-0.52978611,0.83382535,0
-4.5888915,-0.015246391,2.3498416,-0.95374984,0.13968107,0.26617825,0
-0.7539804,1.2593222,-3.8567696,-0.15511924,0.52978611,-0.83382535,0
-5.4270115,-3.1815934,1.0083447,-0.95374984,0.13968107,0.26617825,0
-4.9020557,-0.73395848,1.6048918,-0.95374984,0.13968107,0.26617825,0
-1.147613,-0.68156815,-5.0167208,-0.15511924,0.52978611,-0.83382535,0
-1.4158168,3.5514061,2.8816798,0.2574873,0.83655006,0.48361629,0
-4.5649877,-1.6682959,3.3029571,-0.95374984,0.13968107,0.26617825,0
4.6219692,-2.7676826,-0.77093506,0.95374984,-0.13968107,-0.26617825,0
-2.2548604,2.2821364,5.523963,0.2574873,0.83655006,0.48361629,0
5.8701916,-0.19000049,2.3489223,0.95374984,-0.13968107,-0.26617825,0
0.51095557,-4.3685198,-0.98648506,-0.2574873,-0.83655006,-0.48361629,0
5.0309358,-1.8169897,0.1955514,0.95374984,-0.13968107,-0.26617825,0
-1.3614798,2.4148464,4.8187485,0.2574873,0.83655006,0.48361629,0
-6.0052114,-0.46011409,-2.4915586,-0.95374984,0.13968107,0.26617825,0
-4.6878524,3.0877781,0.36689281,-0.95374984,0.13968107,0.26617825,0
-4.1202335,-1.5392938,-3.4146876,-0.2574873,-0.83655006,-0.48361629,0
-4.973588,2.8540974,-0.53430605,-0.95374984,0.13968107,0.26617825,0
0.75140035,-2.6131582,2.9970651,0.15511924,-0.52978611,0.83382535,0
1.7085896,-3.3601723,2.3443663,0.15511924,-0.52978611,0.83382535,0
4.5761609,1.4581287,-3.1526332,0.95374984,-0.13968107,-0.26617825,0
-2.4283357,3.9348948,2.7574139,0.2574873,0.83655006,0.48361629,0
-0.15081024,-1.4760442,-5.6374979,-0.2574873,-0.83655006,-0.48361629,0
2.881182,-5.7963037,0.57838416,0.15511924,-0.52978611,0.83382535,0
4.9881392,1.9361341,-1.9273052,0.95374984,-0.13968107,-0.26617825,0
4.5018806,-5.3845711,0.17202449,0.95374984,-0.13968107,-0.26617825,0
5.0802445,1.1126345,3.6415844,0.2574873,0.83655006,0.48361629,0
-1.6570357,-1.9404199,3.8725512,0.15511924,-0.52978611,0.83382535,0
4.7324901,1.110039,3.8312254,0.2574873,0.83655006,0.48361629,0
3.8556879,-3.7596891,-2.9960461,0.95374984,-0.13968107,-0.26617825,0
4.1219425,4.6130619,-1.9031701,0.2574873,0.83655006,0.48361629,0
0.6385169,1.1901155,5.4345455,0.15511924,-0.52978611,0.83382535,0
-0.95185518,-3.7424417,2.5964162,0.15511924,-0.52978611,0.83382535,0
4.3825727,-3.0215816,-1.4954867,0.95374984,-0.13968107,-0.26617825,0
-0.41087627,-1.2250383,-5.4990826,-0.15511924,0.52978611,-0.83382535,0
5.7015233,2.5972147,0.28192711,0.95374984,-0.13968107,-0.26617825,0
3.9117806,-2.4266891,-3.4945724,0.95374984,-0.13968107,-0.26617825,0
-3.4810889,-4.1046915,2.8367763,0.15511924,-0.52978611,0.83382535,0
-4.9341068,-2.0531762,2.1823301,-0.95374984,0.13968107,0.26617825,0
-3.614444,-4.4208422,1.3004684,-0.2574873,-0.83655006,-0.48361629,0
-2.339221,2.5799153,5.0537863,0.2574873,0.83655006,0.48361629,0
-2.00319,1.2475905,5.9625082,0.15511924,-0.52978611,0.83382535,0
4.0024929,4.2556877,-2.8378367,-0.15511924,0.52978611,-0.83382535,0
3.9933233,-1.8684978,-3.4953129,0.95374984,-0.13968107,-0.26617825,0
-4.5245028,2.6240811,1.1955271,-0.95374984,0.13968107,0.26617825,0
-5.080596,1.0478029,0.030154705,-0.95374984,0.13968107,0.26617825,0
4.0563688,-2.9809034,-2.6856635,0.95374984,-0.13968107,-0.26617825,0
-3.5962729,3.4626555,4.0814352,-0.95374984,0.13968107,0.26617825,0
-2.9182417,-1.1556811,4.6057758,0.15511924,-0.52978611,0.83382535,0
-4.8784213,-1.6675627,2.1794996,-0.95374984,0.13968107,0.26617825,0
-1.4803822,-3.477144,-1.468141,-0.2574873,-0.83655006,-0.48361629,0
5.603631,2.1796608,0.15028477,0.95374984,-0.13968107,-0.26617825,0
1.2988049,4.5417833,-2.1530843,-0.15511924,0.52978611,-0.83382535,0
-1.6887238,2.0196035,-3.1998172,-0.15511924,0.52978611,-0.83382535,0
1.038748,-4.3364677,-1.3229351,-0.2574873,-0.83655006,-0.48361629,0
-2.3051906,-3.4310608,3.0460234,0.15511924,-0.52978611,0.83382535,0
-3.6954374,-2.8800328,3.6547616,0.15511924,-0.52978611,0.83382535,0
-4.0010076,4.172719,-1.4016337,-0.15511924,0.52978611,-0.83382535,0
1.966341,1.2010548,5.146543,0.2574873,0.83655006,0.48361629,0
-2.8801126,-4.8591619,2.2456074,0.15511924,-0.52978611,0.83382535,0
1.2202523,-5.2677855,0.19140376,-0.2574873,-0.83655006,-0.48361629,0
2.2267036,2.7068257,-3.4915781,-0.15511924,0.52978611,-0.83382535,0
4.3677177,3.8227494,-0.6669569,0.2574873,0.83655006,0.48361629,0
5.8651228,2.1815579,1.086246,0.95374984,-0.13968107,-0.26617825,0
0.7654109,-1.7429838,-5.6635652,-0.2574873,-0.83655006,-0.48361629,0
4.6911206,-0.9759444,-1.4634027,0.95374984,-0.13968107,-0.26617825,0
-4.1034756,0.64443099,-3.6243341,-0.15511924,0.52978611,-0.83382535,0
0.29985452,-2.2953176,3.2830133,0.15511924,-0.52978611,0.83382535,0
-1.4278913,-2.664592,-2.9016254,-0.2574873,-0.83655006,-0.48361629,0
-0.72465503,-4.6542883,1.9747905,0.15511924,-0.52978611,0.83382535,0
0.10241616,2.8203263,-3.0242751,-0.15511924,0.52978611,-0.83382535,0
4.8648171,-1.51705,2.9282644,0.15511924,-0.52978611,0.83382535,0
0.00069665909,-2.3390253,-4.2253938,-0.2574873,-0.83655006,-0.48361629,0
-5.7197552,-1.0462292,-1.161159,-0.95374984,0.13968107,0.26617825,0
2.1246872,-1.204946,3.6363211,0.15511924,-0.52978611,0.83382535,0
5.1740284,-2.1752021,0.89624739,0.95374984,-0.13968107,-0.26617825,0
2.7625213,-1.3326588,-6.1578197,-0.15511924,0.52978611,-0.83382535,0
-0.68527335,2.6242857,-3.0022967,-0.15511924,0.52978611,-0.83382535,0
-3.1725006,5.7591348,-0.54780519,-0.15511924,0.52978611,-0.83382535,0
-3.1183805,2.6176834,5.4032955,0.2574873,0.83655006,0.48361629,0
-1.9705255,-3.0393238,-1.9645119,-0.2574873,-0.83655006,-0.48361629,0
4.2799745,-0.36902952,-3.2550776,0.95374984,-0.13968107,-0.26617825,0
-0.7665925,-3.7051189,-1.4538306,-0.2574873,-0.83655006,-0.48361629,0
5.6880741,1.3045049,0.91210651,0.95374984,-0.13968107,-0.26617825,0
1.370717,-4.7230821,-0.83092487,-0.2574873,-0.83655006,-0.48361629,0
-3.1723199,-4.5851922,1.3493619,-0.2574873,-0.83655006,-0.48361629,0
-4.2995753,-0.68617535,3.7385802,-0.95374984,0.13968107,0.26617825,0
2.2914662,0.80343223,4.8813548,0.15511924,-0.52978611,0.83382535,0
0.53988957,-5.2659421,0.55045378,-0.2574873,-0.83655006,-0.48361629,0
1.5288415,-3.3234649,-3.3361449,-0.2574873,-0.83655006,-0.48361629,0
4.8736424,-1.8236585,-0.36455107,0.95374984,-0.13968107,-0.26617825,0
5.5791955,0.91385758,3.7197728,0.2574873,0.83655006,0.48361629,0
-0.45896006,3.4856496,2.4859738,0.2574873,0.83655006,0.48361629,0
-1.0238104,1.8857272,-3.4085741,-0.15511924,0.52978611,-0.83382535,0
1.3018057,-4.6382952,-0.94089782,-0.2574873,-0.83655006,-0.48361629,0
2.307394,0.90568829,-4.6509752,-0.15511924,0.52978611,-0.83382535,0
-2.3206439,-4.6948986,1.085681,-0.2574873,-0.83655006,-0.48361629,0
-0.8468371,-2.4334433,3.4085755,0.15511924,-0.52978611,0.83382535,0
0.50391579,3.4569077,2.0230365,0.2574873,0.83655006,0.48361629,0
-4.352098,-1.7198038,4.0927978,-0.95374984,0.13968107,0.26617825,0
4.317626,-1.3388417,-2.6112418,0.95374984,-0.13968107,-0.26617825,0
1.6643173,4.2178493,-2.426899,-0.15511924,0.52978611,-0.83382535,0
-2.5118618,-0.80104494,4.7555008,0.15511924,-0.52978611,0.83382535,0
5.3206325,2.639935,-1.1052694,0.95374984,-0.13968107,-0.26617825,0
4.2250013,3.2075222,-3.5452013,-0.15511924,0.52978611,-0.83382535,0
2.0921888,0.56677365,4.7680616,0.15511924,-0.52978611,0.83382535,0
1.8649094,4.1823902,-2.4867456,-0.15511924,0.52978611,-0.83382535,0
-2.627274,3.3291168,-2.193192,-0.15511924,0.52978611,-0.83382535,0
2.6460838,4.0013685,-2.7470856,-0.15511924,0.52978611,-0.83382535,0
-4.709446,-0.41479468,2.1275516,-0.95374984,0.13968107,0.26617825,0
-5.897337,1.1348472,-2.9790211,-0.15511924,0.52978611,-0.83382535,0
-4.0395041,-3.8836758,0.59759903,-0.2574873,-0.83655006,-0.48361629,0
-0.97369194,-2.5966449,-3.2609842,-0.2574873,-0.83655006,-0.48361629,0
2.1387582,-2.0347009,3.1065032,0.15511924,-0.52978611,0.83382535,0
4.5362296,3.6123691,-0.39276457,0.2574873,0.83655006,0.48361629,0
-5.6547203,1.7713457,-2.4066978,-0.95374984,0.13968107,0.26617825,0
-4.4567666,-3.1544838,-0.44158506,-0.2574873,-0.83655006,-0.48361629,0
-0.66416907,1.9844868,-3.4127309,-0.15511924,0.52978611,-0.83382535,0
1.1807168,-5.5533819,1.0490721,0.15511924,-0.52978611,0.83382535,0
-4.0954218,-1.3381712,-3.775795,-0.2574873,-0.83655006,-0.48361629,0
4.5102434,-5.0199027,0.76862526,0.15511924,-0.52978611,0.83382535,0
-1.6289341,-0.96465516,4.4872932,0.15511924,-0.52978611,0.83382535,0
4.4824076,-3.3505433,1.8344615,0.15511924,-0.52978611,0.83382535,0
-1.4425665,-4.9880753,1.8962691,0.15511924,-0.52978611,0.83382535,0
-5.7119484,-0.62139356,-4.1293693,-0.15511924,0.52978611,-0.83382535,0
1.6595881,-5.7406039,0.84103131,0.15511924,-0.52978611,0.83382535,0
-4.4416709,-1.2192719,3.5091834,-0.95374984,0.13968107,0.26617825,0
0.1140275,-2.2714381,-4.4026442,-0.2574873,-0.83655006,-0.48361629,0
0.52552485,-4.322547,-1.0737652,-0.2574873,-0.83655006,-0.48361629,0
4.5454402,-1.2302541,-1.8519382,0.95374984,-0.13968107,-0.26617825,0
-4.004323,1.9969432,3.3884985,-0.95374984,0.13968107,0.26617825,0
3.7780197,-1.9427481,-4.2278109,0.95374984,-0.13968107,-0.26617825,0
-0.69296265,4.0533195,1.628617,0.2574873,0.83655006,0.48361629,0
4.1730633,-4.3924737,-1.5267878,0.95374984,-0.13968107,-0.26617825,0
4.2678809,-4.097229,-1.3419769,0.95374984,-0.13968107,-0.26617825,0
-1.9130988,-3.2849939,3.0658875,0.15511924,-0.52978611,0.83382535,0
4.2180538,3.0621557,0.72838736,0.2574873,0.83655006,0.48361629,0
2.4246213,3.1466842,1.5370324,0.2574873,0.83655006,0.48361629,0
-6.28333,-0.40275621,-3.5181909,-0.95374984,0.13968107,0.26617825,0
2.0312104,0.64566541,4.8295307,0.15511924,-0.52978611,0.83382535,0
2.128751,2.2629726,-3.7553661,-0.15511924,0.52978611,-0.83382535,0
-0.3032856,-2.444952,-3.8803172,-0.2574873,-0.83655006,-0.48361629,0
-4.0381279,0.76167202,3.9155972,-0.95374984,0.13968107,0.26617825,0
-4.7006345,0.58832967,-3.5488873,-0.15511924,0.52978611,-0.83382535,0
-3.8614109,4.7790213,2.0602591,0.2574873,0.83655006,0.48361629,0
3.0699975,3.5453377,0.50383711,0.2574873,0.83655006,0.48361629,0
-2.9095163,-3.9432888,0.099087238,-0.2574873,-0.83655006,-0.48361629,0
4.1051254,0.26059949,4.1990547,0.15511924,-0.52978611,0.83382535,0
1.133635,-3.4667141,-2.8779387,-0.2574873,-0.83655006,-0.48361629,0
3.2537479,-3.5476713,1.9377844,0.15511924,-0.52978611,0.83382535,0
-1.2621579,2.7619815,4.165401,0.2574873,0.83655006,0.48361629,0
3.8396542,-5.0570431,-1.5677588,-0.2574873,-0.83655006,-0.48361629,0
-5.4865146,-3.3521171,0.88462162,-0.95374984,0.13968107,0.26617825,0
6.2434793,0.75591397,3.1900744,0.95374984,-0.13968107,-0.26617825,0
4.7017031,1.3424861,-2.6421142,0.95374984,-0.13968107,-0.26617825,0
3.8790481,-4.4501638,-2.5500078,0.95374984,-0.13968107,-0.26617825,0
0.2736764,-0.83116937,-5.3761802,-0.15511924,0.52978611,-0.83382535,0
1.3339853,-3.0770354,-3.658668,-0.2574873,-0.83655006,-0.48361629,0
-3.6066065,2.9523973,4.3121781,-0.95374984,0.13968107,0.26617825,0
5.2552032,-2.1230221,2.4706244,0.15511924,-0.52978611,0.83382535,0
-4.0660253,0.81750989,3.7863357,-0.95374984,0.13968107,0.26617825,0
0.33517599,5.4702272,-1.3839127,-0.15511924,0.52978611,-0.83382535,0
-1.0979431,-4.1729641,-0.46814275,-0.2574873,-0.83655006,-0.48361629,0
-5.3931746,-1.3866107,0.18764067,-0.95374984,0.13968107,0.26617825,0
4.526196,2.6664679,1.2487803,0.2574873,0.83655006,0.48361629,0
4.8951769,1.2394878,3.5206902,0.2574873,0.83655006,0.48361629,0
3.0663309,-2.5586801,2.6010242,0.15511924,-0.52978611,0.83382535,0
-3.9945774,2.4747381,3.1726875,-0.95374984,0.13968107,0.26617825,0
-1.5864182,-2.7759902,-2.6245289,-0.2574873,-0.83655006,-0.48361629,0
-5.8264742,0.24607141,-2.2217007,-0.95374984,0.13968107,0.26617825,0
-4.9451694,-2.5432951,2.3998871,-0.95374984,0.13968107,0.26617825,0
4.1502428,-5.3693061,-1.0959501,0.95374984,-0.13968107,-0.26617825,0
0.99779129,0.01608634,4.621767,0.15511924,-0.52978611,0.83382535,0
4.6891766,-2.7833197,-0.52191782,0.95374984,-0.13968107,-0.26617825,0
4.982336,1.9622679,-1.961813,0.95374984,-0.13968107,-0.26617825,0
4.3111944,3.301856,0.26416779,0.2574873,0.83655006,0.48361629,0
-2.0967486,-3.7664554,-0.63952971,-0.2574873,-0.83655006,-0.48361629,0
4.1141987,-2.430912,-2.7670674,0.95374984,-0.13968107,-0.26617825,0
-4.7905884,-0.68194306,-4.3392444,-0.15511924,0.52978611,-0.83382535,0
4.1873546,1.2518916,-4.4375501,0.95374984,-0.13968107,-0.26617825,0
-6.0656571,-1.4950371,-2.1650491,-0.95374984,0.13968107,0.26617825,0
3.0546951,3.8636017,-0.038543224,0.2574873,0.83655006,0.48361629,0
2.5878201,-1.2270131,-6.0581951,-0.15511924,0.52978611,-0.83382535,0
1.3634702,-2.8425817,2.7374308,0.15511924,-0.52978611,0.83382535,0
2.1860952,-0.094258308,-5.2637444,-0.15511924,0.52978611,-0.83382535,0
0.26590586,4.6293068,0.12176394,0.2574873,0.83655006,0.48361629,0
3.8196263,3.6499417,-0.07622242,0.2574873,0.83655006,0.48361629,0
-4.5304503,2.3359702,1.3254089,-0.95374984,0.13968107,0.26617825,0
-4.6316857,1.9062967,1.1881461,-0.95374984,0.13968107,0.26617825,0
-5.2921095,0.063557744,-3.7722771,-0.15511924,0.52978611,-0.83382535,0
-2.7122893,2.9465685,4.618186,0.2574873,0.83655006,0.48361629,0
-5.7693601,-0.25441402,-1.7544165,-0.95374984,0.13968107,0.26617825,0
-5.1033754,1.1753037,-0.11837769,-0.95374984,0.13968107,0.26617825,0
-5.0082092,-1.9237735,1.8489046,-0.95374984,0.13968107,0.26617825,0
-4.5058455,4.5638275,-1.0592189,-0.15511924,0.52978611,-0.83382535,0
4.1755505,2.6862235,1.4012976,0.2574873,0.83655006,0.48361629,0
4.7123981,-0.8896277,-1.4324579,0.95374984,-0.13968107,-0.26617825,0
1.4579105,-1.5052128,-6.0247536,-0.15511924,0.52978611,-0.83382535,0
-4.4636993,-0.5986762,-4.3471518,-0.15511924,0.52978611,-0.83382535,0
-2.5302515,0.91911077,5.8518538,0.15511924,-0.52978611,0.83382535,0
-2.0990987,-4.1700516,0.059854269,-0.2574873,-0.83655006,-0.48361629,0
-2.9584229,5.0541811,-1.0355357,-0.15511924,0.52978611,-0.83382535,0
1.0177112,0.20965028,-4.853292,-0.15511924,0.52978611,-0.83382535,0
-4.2694397,2.1048443,2.3819277,-0.95374984,0.13968107,0.26617825,0
3.1102448,2.6554074,2.0217929,0.2574873,0.83655006,0.48361629,0
5.4292378,-1.3924282,1.3999233,0.95374984,-0.13968107,-0.26617825,0
0.32679844,-2.2260976,-4.5943575,-0.2574873,-0.83655006,-0.48361629,0
-4.0998001,4.1886444,1.8962595,-0.95374984,0.13968107,0.26617825,0
0.94205594,-5.2291875,1.299454,0.15511924,-0.52978611,0.83382535,0
2.0872164,2.5006313,-3.5966382,-0.15511924,0.52978611,-0.83382535,0
-5.0655885,-4.2506418,2.8643689,-0.95374984,0.13968107,0.26617825,0
-4.1003642,2.2286587,-2.6183445,-0.15511924,0.52978611,-0.83382535,0
2.085207,-1.9448113,-6.0171337,-0.2574873,-0.83655006,-0.48361629,0
-1.6952467,1.3828902,5.9911861,0.15511924,-0.52978611,0.83382535,0
-0.31034088,-3.7979183,-1.5362256,-0.2574873,-0.83655006,-0.48361629,0
4.9349346,4.0568724,-1.3739357,0.2574873,0.83655006,0.48361629,0
2.1687534,-5.6760297,0.39257485,-0.2574873,-0.83655006,-0.48361629,0
3.4601486,-4.3893833,1.3645902,0.15511924,-0.52978611,0.83382535,0
-4.739975,3.2144632,0.11364985,-0.95374984,0.13968107,0.26617825,0
-2.7341905,5.5597343,-0.75603819,-0.15511924,0.52978611,-0.83382535,0
-5.0857325,-3.5066381,2.401763,-0.95374984,0.13968107,0.26617825,0
5.4302459,2.8836756,-0.84041739,0.95374984,-0.13968107,-0.26617825,0
1.9982882,-1.8914636,3.2236438,0.15511924,-0.52978611,0.83382535,0
2.704648,3.2065058,1.2844613,0.2574873,0.83655006,0.48361629,0
-4.3939075,-4.5274053,1.8998013,-0.2574873,-0.83655006,-0.48361629,0
5.1188259,2.1568847,1.8147192,0.2574873,0.83655006,0.48361629,0
-5.9012103,0.74828547,-2.7530355,-0.95374984,0.13968107,0.26617825,0
1.8852545,-5.0065184,1.2654647,0.15511924,-0.52978611,0.83382535,0
-3.6854098,4.6607466,2.1711419,0.2574873,0.83655006,0.48361629,0
6.2203083,0.52714622,3.2271004,0.95374984,-0.13968107,-0.26617825,0
5.8128033,1.4499831,2.6680169,0.2574873,0.83655006,0.48361629,0
-5.2898989,-3.2129221,0.10307884,-0.2574873,-0.83655006,-0.48361629,0
-5.1519756,-0.74343133,0.71436977,-0.95374984,0.13968107,0.26617825,0
4.546226,-5.5379143,0.41138935,0.95374984,-0.13968107,-0.26617825,0
-4.6648898,-3.7267721,0.65915871,-0.2574873,-0.83655006,-0.48361629,0
-4.0943947,2.4264796,2.8403537,-0.95374984,0.13968107,0.26617825,0
-3.5759082,2.2759955,4.7771244,-0.95374984,0.13968107,0.26617825,0
-3.0092332,4.9354811,1.3359008,0.2574873,0.83655006,0.48361629,0
-4.5970058,3.4257083,0.51507378,-0.95374984,0.13968107,0.26617825,0
3.9250338,3.1825488,0.67614365,0.2574873,0.83655006,0.48361629,0
-3.0609436,1.5572033,6.3560042,0.15511924,-0.52978611,0.83382535,0
-0.68849045,-3.0100021,3.0127907,0.15511924,-0.52978611,0.83382535,0
-5.1567059,-3.8984768,2.3530807,-0.95374984,0.13968107,0.26617825,0
-6.0453749,0.54135925,-3.3285642,-0.15511924,0.52978611,-0.83382535,0
-4.3424993,0.25896239,3.0888014,-0.95374984,0.13968107,0.26617825,0
1.3825741,1.6976745,4.598309,0.2574873,0.83655006,0.48361629,0
-5.265429,-0.30276537,0.076604366,-0.95374984,0.13968107,0.26617825,0
5.5326595,0.29498839,0.88499689,0.95374984,-0.13968107,-0.26617825,0
-0.27359486,-3.4784203,-2.1084518,-0.2574873,-0.83655006,-0.48361629,0
-4.897006,-2.672384,2.6402063,-0.95374984,0.13968107,0.26617825,0
-2.7912192,4.9679117,-1.1214541,-0.15511924,0.52978611,-0.83382535,0
2.3461194,-3.9949656,-2.609731,-0.2574873,-0.83655006,-0.48361629,0
-5.7828584,-0.27731839,-1.7907615,-0.95374984,0.13968107,0.26617825,0
1.4294662,-3.3637457,2.3940222,0.15511924,-0.52978611,0.83382535,0
-5.3652487,-2.7077358,-0.73066616,-0.2574873,-0.83655006,-0.48361629,0
-4.2634516,-3.1552517,-0.54318142,-0.2574873,-0.83655006,-0.48361629,0
3.9758387,4.1472425,-1.0196147,0.2574873,0.83655006,0.48361629,0
-4.0478926,-0.38350773,4.4815621,-0.95374984,0.13968107,0.26617825,0
0.96571553,4.6592369,-2.0164919,-0.15511924,0.52978611,-0.83382535,0
-2.4697323,-2.8511367,-2.024246,-0.2574873,-0.83655006,-0.48361629,0
-1.4976053,-1.8643703,-4.2487168,-0.2574873,-0.83655006,-0.48361629,0
-4.6038694,5.0238695,-0.34817982,-0.95374984,0.13968107,0.26617825,0
-5.8094497,-0.35358733,-1.8460193,-0.95374984,0.13968107,0.26617825,0
0.32934141,3.9509144,1.2614598,0.2574873,0.83655006,0.48361629,0
5.0226226,-2.1795869,2.4779522,0.15511924,-0.52978611,0.83382535,0
4.9488659,-1.1564782,-0.44512844,0.95374984,-0.13968107,-0.26617825,0
-3.5412183,-4.8184452,1.9492469,-0.2574873,-0.83655006,-0.48361629,0
2.1649165,1.8750432,3.8749647,0.2574873,0.83655006,0.48361629,0
0.53236294,-3.046689,-3.2843604,-0.2574873,-0.83655006,-0.48361629,0
4.7467909,-2.8305297,-0.29070425,0.95374984,-0.13968107,-0.26617825,0
-5.131134,0.4429307,-3.5611823,-0.15511924,0.52978611,-0.83382535,0
5.7020149,0.20919949,1.5368385,0.95374984,-0.13968107,-0.26617825,0
-2.887176,3.5884788,3.6009333,0.2574873,0.83655006,0.48361629,0
1.4847093,2.4030495,-3.5465522,-0.15511924,0.52978611,-0.83382535,0
6.2058229,0.81880713,3.0221434,0.95374984,-0.13968107,-0.26617825,0
4.2355261,-1.5421133,-2.7987483,0.95374984,-0.13968107,-0.26617825,0
2.0710354,-2.388979,2.8940051,0.15511924,-0.52978611,0.83382535,0
3.2259839,3.8589947,-2.9454253,-0.15511924,0.52978611,-0.83382535,0
3.951941,-3.6629663,-2.7019181,0.95374984,-0.13968107,-0.26617825,0
-2.2515521,2.8059454,4.6161265,0.2574873,0.83655006,0.48361629,0
2.8436427,-1.4353466,-6.2381554,-0.15511924,0.52978611,-0.83382535,0
-1.8475966,0.90492487,5.7158442,0.15511924,-0.52978611,0.83382535,0
0.0037136078,-4.4663258,-0.54723603,-0.2574873,-0.83655006,-0.48361629,0
6.1196861,1.3218052,2.7263455,0.2574873,0.83655006,0.48361629,0
-5.2596388,2.4427102,-2.2666793,-0.15511924,0.52978611,-0.83382535,0
3.7546208,-2.1845613,-4.1847558,0.95374984,-0.13968107,-0.26617825,0
-2.0750229,-2.0328615,3.8915763,0.15511924,-0.52978611,0.83382535,0
5.0908499,-0.49877942,-0.28152037,0.95374984,-0.13968107,-0.26617825,0
-3.0759656,0.075024128,-4.1772685,-0.15511924,0.52978611,-0.83382535,0
1.0767028,5.2167006,-1.3259838,0.2574873,0.83655006,0.48361629,0
1.2451072,2.6361122,3.0482073,0.2574873,0.83655006,0.48361629,0
-0.25910616,-2.23455,-4.2677889,-0.2574873,-0.83655006,-0.48361629,0
4.2279296,-2.7462788,2.2657337,0.15511924,-0.52978611,0.83382535,0
-3.8285968,0.16369343,4.9801741,-0.95374984,0.13968107,0.26617825,0
1.7744038,4.4476795,-0.36721587,0.2574873,0.83655006,0.48361629,0
-0.6515342,2.7484713,-2.9296694,-0.15511924,0.52978611,-0.83382535,0
-5.7549071,-2.1252742,-1.530735,-0.2574873,-0.83655006,-0.48361629,0
0.3276248,3.4651737,2.1025991,0.2574873,0.83655006,0.48361629,0
-2.8580189,-4.2559619,0.61252451,-0.2574873,-0.83655006,-0.48361629,0
-3.4215589,-3.4912288,-0.41025591,-0.2574873,-0.83655006,-0.48361629,0
0.90199369,-3.3442585,2.5045314,0.15511924,-0.52978611,0.83382535,0
-2.7408807,-0.4934392,-4.6007891,-0.15511924,0.52978611,-0.83382535,0
2.8304522,-4.6189599,-1.7882265,-0.2574873,-0.83655006,-0.48361629,0
-1.7191153,2.9805074,4.0306921,0.2574873,0.83655006,0.48361629,0
4.6024857,2.7767489,-3.7502747,0.95374984,-0.13968107,-0.26617825,0
-1.7598624,-4.0895276,-0.26005077,-0.2574873,-0.83655006,-0.48361629,0
-4.1289577,6.0510144,-0.18442082,-0.15511924,0.52978611,-0.83382535,0
-5.7523532,-2.2444847,-0.64915752,-0.95374984,0.13968107,0.26617825,0
3.5643554,2.1819098,2.5990624,0.2574873,0.83655006,0.48361629,0
-5.223196,-0.47056675,-4.1244631,-0.15511924,0.52978611,-0.83382535,0
4.1514525,1.6474797,3.2109275,0.2574873,0.83655006,0.48361629,0
0.40542364,-1.8444958,-5.2963057,-0.2574873,-0.83655006,-0.48361629,0
-3.713393,0.24872398,5.34834,-0.95374984,0.13968107,0.26617825,0
-2.5400095,-3.1264246,-1.5106418,-0.2574873,-0.83655006,-0.48361629,0
-5.5378146,-0.7264117,-0.67707205,-0.95374984,0.13968107,0.26617825,0
4.7805939,3.6385612,-0.56817579,0.2574873,0.83655006,0.48361629,0
5.5658846,-0.026798368,3.7447014,0.15511924,-0.52978611,0.83382535,0
2.6850033,-3.855206,-3.0319133,-0.2574873,-0.83655006,-0.48361629,0
-1.9719086,-0.66856194,4.7392263,0.15511924,-0.52978611,0.83382535,0
-3.7550354,2.8881843,-2.2635455,-0.15511924,0.52978611,-0.83382535,0
-2.7757335,-1.8823414,-3.5371292,-0.2574873,-0.83655006,-0.48361629,0
4.6201148,-3.0195441,-0.64541292,0.95374984,-0.13968107,-0.26617825,0
-1.1568508,-1.1751063,-5.3285813,-0.15511924,0.52978611,-0.83382535,0
-2.9539576,0.91885233,5.9305134,0.15511924,-0.52978611,0.83382535,0
4.3726273,0.84880781,-3.5621696,0.95374984,-0.13968107,-0.26617825,0
4.0540266,-2.6054239,-2.891094,0.95374984,-0.13968107,-0.26617825,0
1.9367065,-2.6184299,2.7732086,0.15511924,-0.52978611,0.83382535,0
-4.0584583,-3.7240982,0.33165646,-0.2574873,-0.83655006,-0.48361629,0
-0.76026368,1.5679052,-3.6595368,-0.15511924,0.52978611,-0.83382535,0
-5.5568604,1.9311994,-2.1399384,-0.95374984,0.13968107,0.26617825,0
3.937515,-1.2776229,-4.0053539,0.95374984,-0.13968107,-0.26617825,0
0.45067215,4.1579261,0.83877563,0.2574873,0.83655006,0.48361629,0
0.47567105,-0.80254006,4.1987691,0.15511924,-0.52978611,0.83382535,0
-0.8138442,-1.4249861,-5.3728037,-0.2574873,-0.83655006,-0.48361629,0
-5.7193718,-0.55882895,-4.0882363,-0.15511924,0.52978611,-0.83382535,0
4.024251,0.090545654,-4.4125357,0.95374984,-0.13968107,-0.26617825,0
0.76809788,2.1111836,4.2101879,0.2574873,0.83655006,0.48361629,0
4.12181,-0.90471172,-3.5406923,0.95374984,-0.13968107,-0.26617825,0
5.9169121,1.4683908,1.6460586,0.95374984,-0.13968107,-0.26617825,0
4.845202,3.3234906,-0.057571411,0.2574873,0.83655006,0.48361629,0
2.7771358,2.5611727,2.3621526,0.2574873,0.83655006,0.48361629,0
-2.4580557,-3.2884412,-1.2740219,-0.2574873,-0.83655006,-0.48361629,0
2.1439195,4.5360036,-0.71673536,0.2574873,0.83655006,0.48361629,0
-5.4641466,-0.38979548,-0.58975744,-0.95374984,0.13968107,0.26617825,0
0.18115306,0.47274089,-4.5305047,-0.15511924,0.52978611,-0.83382535,0
-4.5266619,-0.50798416,2.8313909,-0.95374984,0.13968107,0.26617825,0
4.0399361,-3.520133,-2.4615743,0.95374984,-0.13968107,-0.26617825,0
-5.0449553,0.014479756,-3.8494384,-0.15511924,0.52978611,-0.83382535,0
-3.4548535,2.3008852,5.1978168,-0.95374984,0.13968107,0.26617825,0
-5.6108127,0.52424467,-1.5949354,-0.95374984,0.13968107,0.26617825,0
-2.1223087,-0.64507389,4.7821293,0.15511924,-0.52978611,0.83382535,0
2.1015928,4.1128268,0.037803173,0.2574873,0.83655006,0.48361629,0
-4.8851318,0.11773467,1.2185936,-0.95374984,0.13968107,0.26617825,0
-3.9575374,0.09245801,-4.0021896,-0.15511924,0.52978611,-0.83382535,0
3.7341285,-0.36802959,-5.2114353,0.95374984,-0.13968107,-0.26617825,0
0.0059856102,-3.2752955,2.7150359,0.15511924,-0.52978611,0.83382535,0
-1.9693037,2.2405915,-3.0072112,-0.15511924,0.52978611,-0.83382535,0
-5.0311584,-2.1844697,1.9034801,-0.95374984,0.13968107,0.26617825,0
-2.9781923,0.58369136,-3.8722665,-0.15511924,0.52978611,-0.83382535,0
-2.9543562,1.3875957,6.2284117,0.15511924,-0.52978611,0.83382535,0
-4.1977458,1.5589283,2.9252939,-0.95374984,0.13968107,0.26617825,0
-2.471405,0.54900932,5.6057553,0.15511924,-0.52978611,0.83382535,0
1.2551767,2.4272854,-3.4884527,-0.15511924,0.52978611,-0.83382535,0
-0.42910719,-4.2038345,-0.77084529,-0.2574873,-0.83655006,-0.48361629,0
4.3404589,-3.9783237,-1.1443193,0.95374984,-0.13968107,-0.26617825,0
5.2158513,4.4742327,-2.4432893,0.95374984,-0.13968107,-0.26617825,0
-1.3271334,-3.5563822,-1.4126695,-0.2574873,-0.83655006,-0.48361629,0
-3.3097391,-3.7908802,0.048540592,-0.2574873,-0.83655006,-0.48361629,0
-3.6891212,-0.087663174,5.4277697,0.15511924,-0.52978611,0.83382535,0
-3.3371804,-1.3234143,4.5771399,0.15511924,-0.52978611,0.83382535,0
5.0323553,-0.88712448,-0.28732347,0.95374984,-0.13968107,-0.26617825,0
0.9435035,-2.911552,2.7717371,0.15511924,-0.52978611,0.83382535,0
4.08776,2.0808465,-4.2355242,-0.15511924,0.52978611,-0.83382535,0
-4.8769164,-1.4408569,2.0659251,-0.95374984,0.13968107,0.26617825,0
-4.1763287,-4.157547,1.1441846,-0.2574873,-0.83655006,-0.48361629,0
-4.6207509,-2.2668083,-1.88976,-0.2574873,-0.83655006,-0.48361629,0
1.7055829,3.4928727,1.3210316,0.2574873,0.83655006,0.48361629,0
2.3566728,-0.73388004,-5.7018728,-0.15511924,0.52978611,-0.83382535,0
-3.3730941,3.3258774,-2.0565028,-0.15511924,0.52978611,-0.83382535,0
2.8429344,2.0077248,3.2844639,0.2574873,0.83655006,0.48361629,0
-4.335475,-4.4078078,1.6618142,-0.2574873,-0.83655006,-0.48361629,0
2.8696642,-1.6242779,3.2313004,0.15511924,-0.52978611,0.83382535,0
-2.9340956,4.9520283,1.267272,0.2574873,0.83655006,0.48361629,0
1.6187196,-0.32106018,-5.3022962,-0.15511924,0.52978611,-0.83382535,0
5.8060279,2.1987991,1.3763361,0.2574873,0.83655006,0.48361629,0
-4.4037619,2.9001691,1.4832759,-0.95374984,0.13968107,0.26617825,0
-3.5008571,-4.777916,1.8576508,-0.2574873,-0.83655006,-0.48361629,0
-3.5167861,-0.30746412,5.2560558,0.15511924,-0.52978611,0.83382535,0
-2.263082,-1.8133665,-3.9293869,-0.2574873,-0.83655006,-0.48361629,0
1.1275069,2.954294,-3.1298575,-0.15511924,0.52978611,-0.83382535,0
-5.9939299,-1.0612752,-2.1356664,-0.95374984,0.13968107,0.26617825,0
-4.8525095,-1.1814563,-3.6437888,-0.2574873,-0.83655006,-0.48361629,0
-5.0945988,2.9761319,-1.0319424,-0.95374984,0.13968107,0.26617825,0
1.7389833,-5.1379619,1.2091609,0.15511924,-0.52978611,0.83382535,0
-5.1221342,-1.9961082,-2.0910664,-0.2574873,-0.83655006,-0.48361629,0
-1.0570264,-2.5116818,3.3979676,0.15511924,-0.52978611,0.83382535,0
-4.9324102,-0.64645839,1.4502101,-0.95374984,0.13968107,0.26617825,0
2.0506787,3.3726864,-3.0357647,-0.15511924,0.52978611,-0.83382535,0
-0.59538651,0.17265463,-4.5767074,-0.15511924,0.52978611,-0.83382535,0
3.3043778,1.7031186,-4.3297853,-0.15511924,0.52978611,-0.83382535,0
1.9337192,-0.58038664,-5.5256643,-0.15511924,0.52978611,-0.83382535,0
3.532373,2.1340034,2.6989586,0.2574873,0.83655006,0.48361629,0
-4.3157835,-3.0234861,-0.74324369,-0.2574873,-0.83655006,-0.48361629,0
-5.5470285,-1.6803076,-2.411109,-0.2574873,-0.83655006,-0.48361629,0
0.87934113,-2.2699094,-4.812758,-0.2574873,-0.83655006,-0.48361629,0
-3.0338814,-0.37624764,-4.4718218,-0.15511924,0.52978611,-0.83382535,0
3.9683526,0.61799049,-4.8896112,0.95374984,-0.13968107,-0.26617825,0
-3.5028126,-3.0548084,-1.1219063,-0.2574873,-0.83655006,-0.48361629,0
-5.50843,-3.133096,0.081346512,-0.2574873,-0.83655006,-0.48361629,0
-1.1214001,0.70125222,-4.1429973,-0.15511924,0.52978611,-0.83382535,0
-1.4203017,-3.1153412,3.0820026,0.15511924,-0.52978611,0.83382535,0
0.18333578,-3.8254716,-1.7514083,-0.2574873,-0.83655006,-0.48361629,0
-2.7631488,3.1586738,4.2783675,0.2574873,0.83655006,0.48361629,0
4.6218433,1.2439067,3.6585746,0.2574873,0.83655006,0.48361629,0
2.4205096,3.5947421,0.76417971,0.2574873,0.83655006,0.48361629,0
1.8699715,-0.24960232,4.2907023,0.15511924,-0.52978611,0.83382535,0
-3.6298988,1.6764627,4.8982844,-0.95374984,0.13968107,0.26617825,0
4.6072569,0.045703411,-2.3000212,0.95374984,-0.13968107,-0.26617825,0
-5.0820141,2.3822176,-2.3381581,-0.15511924,0.52978611,-0.83382535,0
2.4773788,3.8456993,-2.8146079,-0.15511924,0.52978611,-0.83382535,0
-1.8590627,-2.3025203,-3.2983661,-0.2574873,-0.83655006,-0.48361629,0
3.7037432,4.2412119,-2.7914567,-0.15511924,0.52978611,-0.83382535,0
5.7362804,-0.15894517,1.8528047,0.95374984,-0.13968107,-0.26617825,0
-2.9507594,-3.1284509,-1.2884455,-0.2574873,-0.83655006,-0.48361629,0
4.5403023,4.0785713,-1.2013607,0.2574873,0.83655006,0.48361629,0
-3.1100702,5.469265,0.46625876,0.2574873,0.83655006,0.48361629,0
-3.0404286,-3.9626451,0.20227051,-0.2574873,-0.83655006,-0.48361629,0
1.4150965,0.76758218,-4.5727267,-0.15511924,0.52978611,-0.83382535,0
-2.0254598,3.9738464,-1.8955086,-0.15511924,0.52978611,-0.83382535,0
-1.5272441,-0.5043509,-4.833499,-0.15511924,0.52978611,-0.83382535,0
-3.1265395,-4.9965515,2.0365481,-0.2574873,-0.83655006,-0.48361629,0
5.0561094,-1.2250125,-0.024897575,0.95374984,-0.13968107,-0.26617825,0
0.96496838,-2.4060304,3.0889366,0.15511924,-0.52978611,0.83382535,0
4.9856429,-3.8992429,1.1259575,0.95374984,-0.13968107,-0.26617825,0
-5.4948378,1.1101036,-1.4868197,-0.95374984,0.13968107,0.26617825,0
4.9576955,1.6432941,-1.8827152,0.95374984,-0.13968107,-0.26617825,0
5.6723127,2.5924282,0.76663637,0.2574873,0.83655006,0.48361629,0
-0.17926073,-2.0427499,-4.6420727,-0.2574873,-0.83655006,-0.48361629,0
3.6542993,-5.1911159,0.81907582,0.15511924,-0.52978611,0.83382535,0
3.277029,4.8166914,-1.8055544,0.2574873,0.83655006,0.48361629,0
3.8288805,-1.1816545,-4.4449663,0.95374984,-0.13968107,-0.26617825,0
-3.5393014,2.8540297,4.6049585,-0.95374984,0.13968107,0.26617825,0
3.0227947,3.8694296,-2.9009962,-0.15511924,0.52978611,-0.83382535,0
0.94725752,3.3378496,1.9929364,0.2574873,0.83655006,0.48361629,0
-2.0032072,0.97168064,5.7872076,0.15511924,-0.52978611,0.83382535,0
-4.9606872,-0.55587244,1.3013544,-0.95374984,0.13968107,0.26617825,0
3.7008286,3.0264041,-3.5627651,-0.15511924,0.52978611,-0.83382535,0
3.8829606,1.6321099,3.3804643,0.2574873,0.83655006,0.48361629,0
1.2176691,-4.4941754,1.7151845,0.15511924,-0.52978611,0.83382535,0
-0.63852787,-2.2861123,-3.9765861,-0.2574873,-0.83655006,-0.48361629,0
-1.5006872,4.2491474,-1.8182166,-0.15511924,0.52978611,-0.83382535,0
-5.385129,-2.2716541,0.68091106,-0.95374984,0.13968107,0.26617825,0
0.44023097,-4.5333924,1.8348967,0.15511924,-0.52978611,0.83382535,0
-3.3933792,-0.63347673,5.0259595,0.15511924,-0.52978611,0.83382535,0
-4.6902294,-0.23671496,-4.0750303,-0.15511924,0.52978611,-0.83382535,0
-4.7489467,3.2732389,0.050662041,-0.95374984,0.13968107,0.26617825,0
-4.0496159,-0.41082239,4.4897194,-0.95374984,0.13968107,0.26617825,0
-4.4357848,-0.17308688,2.9812746,-0.95374984,0.13968107,0.26617825,0
-4.5526342,-4.0699611,1.1930332,-0.2574873,-0.83655006,-0.48361629,0
3.4812994,-4.6880665,1.1708813,0.15511924,-0.52978611,0.83382535,0
-4.6782012,-3.9732308,1.0925651,-0.2574873,-0.83655006,-0.48361629,0
3.3471951,-4.2678499,-2.6706939,-0.2574873,-0.83655006,-0.48361629,0
3.3525393,4.732542,-1.7001977,0.2574873,0.83655006,0.48361629,0
5.7299576,-0.30025601,1.9043045,0.95374984,-0.13968107,-0.26617825,0
-3.5355084,5.8418484,-0.42772007,-0.15511924,0.52978611,-0.83382535,0
-0.50245667,5.4651365,-0.91494679,0.2574873,0.83655006,0.48361629,0
2.0623875,-4.4927053,-1.5976846,-0.2574873,-0.83655006,-0.48361629,0
-2.8925087,1.776782,-3.1301541,-0.15511924,0.52978611,-0.83382535,0
-1.3999424,-2.7987411,-2.6844578,-0.2574873,-0.83655006,-0.48361629,0
-0.98226714,-0.34521151,4.7605667,0.15511924,-0.52978611,0.83382535,0
-4.7976174,0.58919966,1.2847595,-0.95374984,0.13968107,0.26617825,0
5.0680795,3.821636,-2.6303163,0.95374984,-0.13968107,-0.26617825,0
4.9077377,0.32756007,4.0922871,0.15511924,-0.52978611,0.83382535,0
-4.422389,-1.5965662,3.7762656,-0.95374984,0.13968107,0.26617825,0
-4.2693939,-4.2792373,1.4042311,-0.2574873,-0.83655006,-0.48361629,0
-5.0526695,-3.6790147,2.6106896,-0.95374984,0.13968107,0.26617825,0
-1.3219181,2.7145753,-2.8264921,-0.15511924,0.52978611,-0.83382535,0
6.3004532,0.20715857,3.6821876,0.95374984,-0.13968107,-0.26617825,0
0.94758368,-5.2456555,1.2879627,0.15511924,-0.52978611,0.83382535,0
3.3992314,-1.7629733,-5.6793985,0.95374984,-0.13968107,-0.26617825,0
-1.8824108,0.46644568,-4.1506124,-0.15511924,0.52978611,-0.83382535,0
-1.0651464,-2.580822,-3.2396622,-0.2574873,-0.83655006,-0.48361629,0
-0.33348751,-3.1965759,-2.5640936,-0.2574873,-0.83655006,-0.48361629,0
-1.864594,2.6973705,4.5979123,0.2574873,0.83655006,0.48361629,0
-0.21147346,1.8226547,5.2308245,0.2574873,0.83655006,0.48361629,0
-2.4408698,5.7691903,-0.67752391,-0.15511924,0.52978611,-0.83382535,0
0.43249226,-4.1567926,-1.3109511,-0.2574873,-0.83655006,-0.48361629,0
0.76542616,-3.6428494,-2.3772209,-0.2574873,-0.83655006,-0.48361629,0
1.7318566,4.9188848,-1.1596451,0.2574873,0.83655006,0.48361629,0
-0.9813695,-2.0901008,-4.1331072,-0.2574873,-0.83655006,-0.48361629,0
-1.411325,5.7084541,-0.85193318,0.2574873,0.83655006,0.48361629,0
5.5407677,3.3959579,-0.55325747,0.2574873,0.83655006,0.48361629,0
1.8477287,2.3543329,3.2147751,0.2574873,0.83655006,0.48361629,0
3.8908482,-1.124835,-4.2527452,0.95374984,-0.13968107,-0.26617825,0
4.8344593,1.979207,2.2734656,0.2574873,0.83655006,0.48361629,0
-6.2125578,-0.77395421,-3.0698128,-0.95374984,0.13968107,0.26617825,0
-3.7557919,-2.075702,-2.6808546,-0.2574873,-0.83655006,-0.48361629,0
0.83860016,-0.71274877,-5.4060345,-0.15511924,0.52978611,-0.83382535,0
2.9994454,1.1985301,4.6008639,0.2574873,0.83655006,0.48361629,0
4.1235437,-3.1397433,-2.3616128,0.95374984,-0.13968107,-0.26617825,0
4.7363925,-1.1966794,-1.1853514,0.95374984,-0.13968107,-0.26617825,0
-3.2914462,-2.768517,3.6504588,0.15511924,-0.52978611,0.83382535,0
0.41242743,2.7302661,3.3286777,0.2574873,0.83655006,0.48361629,0
-3.9630489,2.2025325,-2.6604893,-0.15511924,0.52978611,-0.83382535,0
3.8835096,-3.8850291,-2.8305848,0.95374984,-0.13968107,-0.26617825,0
4.5236473,-2.0826271,-1.4827309,0.95374984,-0.13968107,-0.26617825,0
-2.4624972,4.1656055,2.376523,0.2574873,0.83655006,0.48361629,0
-4.4430571,5.307312,-0.59851289,-0.15511924,0.52978611,-0.83382535,0
-5.0550327,-3.3259714,0.17358065,-0.2574873,-0.83655006,-0.48361629,0
3.1111178,-5.0785112,-1.1427354,-0.2574873,-0.83655006,-0.48361629,0
-0.19823861,-2.9145789,2.9822161,0.15511924,-0.52978611,0.83382535,0
-3.9797988,0.095733643,4.4740582,-0.95374984,0.13968107,0.26617825,0
-3.7919357,3.4010222,3.4126945,-0.95374984,0.13968107,0.26617825,0
-3.8002214,-0.28066826,5.3150301,-0.95374984,0.13968107,0.26617825,0
3.9232218,2.1955121,-4.1320601,-0.15511924,0.52978611,-0.83382535,0
4.9749274,0.92506766,-1.4440713,0.95374984,-0.13968107,-0.26617825,0
5.8603048,0.29430872,2.0593452,0.95374984,-0.13968107,-0.26617825,0
-2.4477553,-4.2584462,0.39839005,-0.2574873,-0.83655006,-0.48361629,0
3.2886186,1.0909019,4.6330748,0.2574873,0.83655006,0.48361629,0
