2.0162425,-2.1936588,-2.3304017,-0.63991284,0.016866699,-0.76826245,0
2.4657102,-2.9675963,-2.2995319,0.60408276,-0.6068992,-0.51648605,0
2.7450447,-2.8653984,-2.0510583,0.60408276,-0.6068992,-0.51648605,0
0.6554985,-1.4413657,-1.0867,-0.47496921,-0.79460013,0.37817374,0
-2.4920785,1.8791656,1.2559397,-0.63991284,0.016866699,-0.76826245,0
1.0940619,-1.3625036,-0.14988017,0.63991284,-0.016866699,0.76826245,0
-2.9261866,2.3685107,2.1992168,-0.60408276,0.6068992,0.51648605,0
-2.8709114,2.4714353,2.6124601,-0.60408276,0.6068992,0.51648605,0
-0.42747271,-0.36872095,0.49186036,-0.47496921,-0.79460013,0.37817374,0
2.6759233,-2.7571898,-2.6852183,0.60408276,-0.6068992,-0.51648605,0
-3.0610881,2.537415,2.1584268,-0.60408276,0.6068992,0.51648605,0
1.471643,-2.3545105,-1.5204988,-0.47496921,-0.79460013,0.37817374,0
-2.1274242,1.6939249,1.3445265,-0.63991284,0.016866699,-0.76826245,0
-2.5198193,2.6837542,2.5613484,-0.60408276,0.6068992,0.51648605,0
2.8461599,-2.0680628,-1.6144643,0.63991284,-0.016866699,0.76826245,0
1.065456,-1.691298,-0.51590514,-0.47496921,-0.79460013,0.37817374,0
-1.6569097,1.0229163,1.3911152,-0.47496921,-0.79460013,0.37817374,0
0.11929587,0.65225583,0.15488237,0.47496921,0.79460013,-0.37817374,0
-1.5097561,2.3243062,1.3617878,0.47496921,0.79460013,-0.37817374,0
1.4770405,-1.1278284,-0.4344815,0.63991284,-0.016866699,0.76826245,0
2.2628837,-1.4802923,-1.050163,0.63991284,-0.016866699,0.76826245,0
2.6535039,-2.9434211,-1.4040275,0.63991284,-0.016866699,0.76826245,0
-2.1729896,2.9172401,1.662323,0.47496921,0.79460013,-0.37817374,0
-1.9190164,1.7718968,2.2768359,-0.47496921,-0.79460013,0.37817374,0
2.0284364,-1.9746552,-2.5160589,0.47496921,0.79460013,-0.37817374,0
2.63449,-2.4062016,-2.5336337,0.60408276,-0.6068992,-0.51648605,0
-2.7937949,2.1655083,1.762506,-0.63991284,0.016866699,-0.76826245,0
-2.81038,2.7707424,2.2217035,-0.60408276,0.6068992,0.51648605,0
-1.4204416,0.91270453,1.4711214,-0.47496921,-0.79460013,0.37817374,0
-2.7103407,2.6178384,2.56881,-0.60408276,0.6068992,0.51648605,0
-0.52755404,-0.075043857,0.07086508,-0.47496921,-0.79460013,0.37817374,0
-1.1998644,1.4638582,1.8884125,0.63991284,-0.016866699,0.76826245,0
-0.48966998,0.99566638,0.8976239,0.63991284,-0.016866699,0.76826245,0
2.375519,-1.5230386,-1.18221,0.63991284,-0.016866699,0.76826245,0
-1.9545584,1.0780118,1.131124,-0.63991284,0.016866699,-0.76826245,0
-2.9284172,2.7318692,2.1054139,-0.60408276,0.6068992,0.51648605,0
2.9173205,-2.495347,-2.3330503,0.60408276,-0.6068992,-0.51648605,0
-2.9939156,2.5698133,2.437634,-0.60408276,0.6068992,0.51648605,0
-2.5812798,3.0094013,1.7865105,-0.60408276,0.6068992,0.51648605,0
2.2831855,-1.5421799,-1.4832556,0.63991284,-0.016866699,0.76826245,0
2.0287149,-1.6860914,-2.0794888,0.47496921,0.79460013,-0.37817374,0
-0.47835597,0.21856481,0.70675683,-0.47496921,-0.79460013,0.37817374,0
-0.4270075,0.52371496,-0.23992324,-0.63991284,0.016866699,-0.76826245,0
-1.8206749,1.7252567,1.150758,-0.63991284,0.016866699,-0.76826245,0
2.8683147,-2.825877,-2.0414119,0.60408276,-0.6068992,-0.51648605,0
1.1182878,-0.63067979,-0.37650037,0.63991284,-0.016866699,0.76826245,0
2.5527909,-2.3636501,-2.7257528,0.60408276,-0.6068992,-0.51648605,0
-2.8867557,2.6257274,1.8840909,-0.60408276,0.6068992,0.51648605,0
-1.1347743,1.2232331,1.4997418,0.63991284,-0.016866699,0.76826245,0
-2.6593616,2.5207624,2.5506458,-0.60408276,0.6068992,0.51648605,0
1.7424001,-1.7386491,-1.0419562,0.63991284,-0.016866699,0.76826245,0
1.1553373,-1.1730787,-1.5670538,-0.63991284,0.016866699,-0.76826245,0
0.10732421,0.58712536,0.42406249,0.63991284,-0.016866699,0.76826245,0
1.8766168,-1.9962693,-2.2794297,-0.63991284,0.016866699,-0.76826245,0
-2.7477827,3.3268743,1.6923084,0.47496921,0.79460013,-0.37817374,0
-2.5653472,3.0609646,2.2954335,-0.60408276,0.6068992,0.51648605,0
-3.1828632,2.7747881,1.9759936,-0.60408276,0.6068992,0.51648605,0
-2.5721681,2.6643224,2.4383464,-0.60408276,0.6068992,0.51648605,0
3.0391655,-2.2083049,-2.2520008,0.47496921,0.79460013,-0.37817374,0
1.0965185,-0.082904696,-0.3229683,0.47496921,0.79460013,-0.37817374,0
-1.6965432,2.6529074,2.3539276,0.63991284,-0.016866699,0.76826245,0
0.82405436,-1.5192763,-0.66777658,-0.47496921,-0.79460013,0.37817374,0
2.8422472,-2.2258711,-1.8720214,0.63991284,-0.016866699,0.76826245,0
1.3644364,-0.12891853,-0.25424182,0.63991284,-0.016866699,0.76826245,0
2.8646717,-2.0832837,-2.5649867,0.47496921,0.79460013,-0.37817374,0
0.55759758,-0.83882117,0.30084121,0.63991284,-0.016866699,0.76826245,0
-2.8978062,2.9576488,1.6737289,-0.60408276,0.6068992,0.51648605,0
1.2821555,-2.0786374,-1.0153615,-0.47496921,-0.79460013,0.37817374,0
-2.5094402,2.3916783,2.7583494,-0.60408276,0.6068992,0.51648605,0
-0.44738054,1.1166089,1.1984551,0.63991284,-0.016866699,0.76826245,0
-0.82637715,1.5159775,1.4544322,0.63991284,-0.016866699,0.76826245,0
-1.7648822,2.2857754,1.1062911,0.47496921,0.79460013,-0.37817374,0
3.0455475,-2.6230788,-1.9724536,0.60408276,-0.6068992,-0.51648605,0
-1.1547399,1.6781261,1.4991226,0.63991284,-0.016866699,0.76826245,0
-0.1675083,0.92029715,0.68232727,0.47496921,0.79460013,-0.37817374,0
-2.4965541,2.3612084,2.8386488,-0.60408276,0.6068992,0.51648605,0
2.7869518,-2.6899147,-1.8685498,0.63991284,-0.016866699,0.76826245,0
-1.3281145,1.8754675,1.8452396,0.63991284,-0.016866699,0.76826245,0
1.5562527,-2.3820071,-1.5261841,-0.47496921,-0.79460013,0.37817374,0
-2.6873546,1.9616191,2.5803118,-0.47496921,-0.79460013,0.37817374,0
0.84389919,-0.90831131,-0.17304897,0.63991284,-0.016866699,0.76826245,0
1.8808217,-2.7341669,-1.5446608,-0.47496921,-0.79460013,0.37817374,0
-1.9585034,2.2649341,1.1769128,0.47496921,0.79460013,-0.37817374,0
0.88155425,-0.8633455,0.089813232,0.63991284,-0.016866699,0.76826245,0
2.6579537,-2.5469809,-2.6889668,-0.63991284,0.016866699,-0.76826245,0
2.3799839,-2.8092048,-2.4919214,0.60408276,-0.6068992,-0.51648605,0
-2.7625804,2.3553379,1.6775258,-0.63991284,0.016866699,-0.76826245,0
-2.1607032,2.9163382,2.4844594,-0.60408276,0.6068992,0.51648605,0
-0.27064872,0.079476476,-0.47820023,-0.63991284,0.016866699,-0.76826245,0
-0.099564731,0.32068062,-0.46164882,-0.63991284,0.016866699,-0.76826245,0
-0.47246608,-0.32625854,-0.36155322,-0.63991284,0.016866699,-0.76826245,0
-0.22694474,-0.35365191,-0.35689771,-0.63991284,0.016866699,-0.76826245,0
3.2382562,-2.3368568,-2.1765733,0.60408276,-0.6068992,-0.51648605,0
1.8897989,-2.8215992,-2.1653948,-0.47496921,-0.79460013,0.37817374,0
2.4466832,-2.9362354,-2.5604005,0.60408276,-0.6068992,-0.51648605,0
1.1680404,-0.56601167,-0.58669865,0.47496921,0.79460013,-0.37817374,0
1.2336113,-1.7196169,-0.9672401,-0.47496921,-0.79460013,0.37817374,0
-3.0820255,2.7009573,2.1521411,-0.60408276,0.6068992,0.51648605,0
-0.56578958,0.2233063,0.6907019,-0.47496921,-0.79460013,0.37817374,0
-0.95124435,2.1408587,1.4637358,0.47496921,0.79460013,-0.37817374,0
1.3283916,-1.6761118,-1.9276114,-0.63991284,0.016866699,-0.76826245,0
-0.81389987,1.2973853,0.84202385,0.47496921,0.79460013,-0.37817374,0
1.3395886,-0.446612,-0.8663379,0.47496921,0.79460013,-0.37817374,0
-0.25507221,0.070321053,-0.46390605,-0.63991284,0.016866699,-0.76826245,0
-0.18782634,-0.11557454,0.86772734,0.63991284,-0.016866699,0.76826245,0
2.128408,-2.3878386,-2.4206352,-0.63991284,0.016866699,-0.76826245,0
2.2732866,-1.5483332,-1.4176741,0.47496921,0.79460013,-0.37817374,0
-0.69192833,0.64831245,1.4501749,0.63991284,-0.016866699,0.76826245,0
2.5852368,-2.9582405,-2.1686473,0.60408276,-0.6068992,-0.51648605,0
-1.2254841,0.70844448,0.92725527,-0.47496921,-0.79460013,0.37817374,0
0.21154988,-0.57663327,0.46624386,-0.47496921,-0.79460013,0.37817374,0
-2.9629393,2.1568155,2.016619,-0.63991284,0.016866699,-0.76826245,0
-2.5745151,2.6210907,2.8063445,-0.60408276,0.6068992,0.51648605,0
2.5495932,-2.0223398,-2.5029075,0.47496921,0.79460013,-0.37817374,0
0.87759048,-0.62058979,-1.5791379,-0.63991284,0.016866699,-0.76826245,0
1.3762486,-2.0245595,-1.6763685,-0.63991284,0.016866699,-0.76826245,0
-0.44673592,0.96195984,0.80279291,0.63991284,-0.016866699,0.76826245,0
1.4036794,-1.4506133,-0.56861925,0.63991284,-0.016866699,0.76826245,0
1.7928996,-0.80414587,-0.75916219,0.63991284,-0.016866699,0.76826245,0
-1.6071184,2.1410913,1.0198619,0.47496921,0.79460013,-0.37817374,0
-2.5514512,2.8624134,2.2078285,-0.60408276,0.6068992,0.51648605,0
-2.4623837,1.9230375,2.2819321,-0.47496921,-0.79460013,0.37817374,0
3.0127678,-2.6839654,-1.882298,0.63991284,-0.016866699,0.76826245,0
2.6883779,-2.6445043,-2.1039357,0.60408276,-0.6068992,-0.51648605,0
-0.86523676,1.5994014,1.1701221,0.63991284,-0.016866699,0.76826245,0
-0.87208956,0.97209352,1.5363579,0.63991284,-0.016866699,0.76826245,0
-1.2457018,1.3433986,1.745235,0.63991284,-0.016866699,0.76826245,0
-2.4525156,1.6045015,2.1281903,-0.47496921,-0.79460013,0.37817374,0
-0.87865388,-0.30249441,-0.17394328,-0.63991284,0.016866699,-0.76826245,0
1.1662428,-1.86414,-0.98234677,-0.47496921,-0.79460013,0.37817374,0
-1.2274185,1.7707632,1.5717771,0.63991284,-0.016866699,0.76826245,0
1.9776803,-2.3919537,-2.5134969,-0.63991284,0.016866699,-0.76826245,0
2.5582554,-2.6600735,-1.7984118,0.63991284,-0.016866699,0.76826245,0
2.6949272,-2.0673594,-1.829355,0.47496921,0.79460013,-0.37817374,0
3.3689454,-2.580292,-2.0438561,0.60408276,-0.6068992,-0.51648605,0
2.8684888,-2.430346,-2.8051004,0.60408276,-0.6068992,-0.51648605,0
2.7337379,-2.4885089,-2.3151937,0.60408276,-0.6068992,-0.51648605,0
1.4328997,-1.9855422,-2.1153655,-0.63991284,0.016866699,-0.76826245,0
-0.9391585,1.1993179,1.6696534,0.63991284,-0.016866699,0.76826245,0
-2.2645781,2.8758547,2.6828318,-0.60408276,0.6068992,0.51648605,0
1.5430819,-1.7674944,-0.6148417,-0.47496921,-0.79460013,0.37817374,0
0.76075375,-1.6801124,-1.1122811,-0.47496921,-0.79460013,0.37817374,0
2.451647,-3.0131257,-1.5876398,-0.47496921,-0.79460013,0.37817374,0
-2.6604984,2.1202149,2.6606615,-0.47496921,-0.79460013,0.37817374,0
1.4664307,-1.9452848,-1.3574755,-0.47496921,-0.79460013,0.37817374,0
0.70076048,0.024621189,-0.37803411,0.47496921,0.79460013,-0.37817374,0
-3.3265224,2.2466943,2.142621,-0.60408276,0.6068992,0.51648605,0
-0.64287025,1.4118738,1.1628544,0.47496921,0.79460013,-0.37817374,0
1.7864649,-2.8529289,-2.4088025,-0.47496921,-0.79460013,0.37817374,0
2.4124267,-1.7108822,-2.315836,0.47496921,0.79460013,-0.37817374,0
1.4346694,-1.7110956,-1.7038667,-0.63991284,0.016866699,-0.76826245,0
0.32179862,0.74777532,0.48250985,0.63991284,-0.016866699,0.76826245,0
2.9132934,-2.4758883,-2.1491351,0.60408276,-0.6068992,-0.51648605,0
-2.6093397,2.9732966,1.9916468,-0.60408276,0.6068992,0.51648605,0
2.0516226,-3.0893164,-2.3211432,0.60408276,-0.6068992,-0.51648605,0
-0.001545608,0.56333512,-0.61517334,0.47496921,0.79460013,-0.37817374,0
3.1116662,-2.4621069,-2.1072741,0.60408276,-0.6068992,-0.51648605,0
-1.5927291,1.8870637,2.065531,0.63991284,-0.016866699,0.76826245,0
0.66942275,-1.2721512,-0.98715687,-0.63991284,0.016866699,-0.76826245,0
2.8625255,-2.5031786,-2.1053133,0.60408276,-0.6068992,-0.51648605,0
-1.2837408,1.6038238,0.2916317,-0.63991284,0.016866699,-0.76826245,0
-2.4880762,3.0648303,2.129508,-0.60408276,0.6068992,0.51648605,0
2.79249,-2.389209,-2.5945849,0.60408276,-0.6068992,-0.51648605,0
-1.7552783,0.74027687,0.64871085,-0.63991284,0.016866699,-0.76826245,0
-0.16827689,0.94282615,0.1127845,0.47496921,0.79460013,-0.37817374,0
-0.83267784,0.34432888,0.15021282,-0.63991284,0.016866699,-0.76826245,0
2.6637588,-2.4214284,-2.5900898,0.60408276,-0.6068992,-0.51648605,0
0.95317578,-2.0819883,-1.7362602,-0.63991284,0.016866699,-0.76826245,0
2.6364911,-2.9633551,-2.1975522,0.60408276,-0.6068992,-0.51648605,0
-1.6165192,2.7424154,1.9218171,0.47496921,0.79460013,-0.37817374,0
-2.1575756,1.7145946,1.8200541,-0.47496921,-0.79460013,0.37817374,0
0.22666228,-0.11617786,-1.0089891,-0.63991284,0.016866699,-0.76826245,0
-0.27611011,1.200367,0.78120875,0.63991284,-0.016866699,0.76826245,0
1.8027352,-1.4854903,-0.69516492,0.63991284,-0.016866699,0.76826245,0
-2.1387753,1.8894047,2.4906318,0.63991284,-0.016866699,0.76826245,0
0.6299361,-0.90828967,0.33225882,-0.47496921,-0.79460013,0.37817374,0
2.0860353,-2.3262739,-1.0087385,0.63991284,-0.016866699,0.76826245,0
-2.690964,2.81321,2.2825985,-0.60408276,0.6068992,0.51648605,0
-1.8097291,2.613112,2.0964952,0.47496921,0.79460013,-0.37817374,0
-1.2860136,1.5299826,0.43523049,0.47496921,0.79460013,-0.37817374,0
-1.9495534,2.4360659,2.5302863,0.63991284,-0.016866699,0.76826245,0
0.095577359,0.67026722,0.053670764,0.47496921,0.79460013,-0.37817374,0
-2.6296978,2.5066473,2.6405158,-0.60408276,0.6068992,0.51648605,0
2.3910408,-2.6522193,-2.4779615,0.60408276,-0.6068992,-0.51648605,0
-1.0035048,2.066761,1.3288717,0.47496921,0.79460013,-0.37817374,0
2.8265371,-2.5850639,-2.572422,0.60408276,-0.6068992,-0.51648605,0
-0.12182117,1.0943511,0.65671289,0.47496921,0.79460013,-0.37817374,0
-0.16979998,1.4456074,1.0111964,0.63991284,-0.016866699,0.76826245,0
2.7916865,-2.7524922,-2.2515721,0.60408276,-0.6068992,-0.51648605,0
2.3769565,-2.6605439,-2.854455,0.60408276,-0.6068992,-0.51648605,0
2.3933229,-2.7794259,-1.8901649,-0.47496921,-0.79460013,0.37817374,0
2.6385741,-2.5363152,-2.6352983,0.60408276,-0.6068992,-0.51648605,0
-0.51253653,-0.25860113,-0.24632838,-0.63991284,0.016866699,-0.76826245,0
1.9624698,-3.020045,-2.1362486,-0.47496921,-0.79460013,0.37817374,0
-3.0309298,2.1955793,2.0442514,-0.63991284,0.016866699,-0.76826245,0
-2.1339278,2.1118333,2.351831,0.63991284,-0.016866699,0.76826245,0
0.31008461,0.39452475,0.48909193,0.63991284,-0.016866699,0.76826245,0
3.2207263,-2.3574591,-2.351759,0.60408276,-0.6068992,-0.51648605,0
-3.1703501,2.3067832,2.1344719,-0.60408276,0.6068992,0.51648605,0
-0.5591923,-0.56366736,-0.10624295,-0.47496921,-0.79460013,0.37817374,0
-1.0703386,1.581907,0.65153456,0.47496921,0.79460013,-0.37817374,0
-3.2235701,2.6561878,2.042592,-0.60408276,0.6068992,0.51648605,0
2.6947935,-3.0067439,-1.7558308,0.60408276,-0.6068992,-0.51648605,0
-0.56069583,1.0832661,0.55298138,0.47496921,0.79460013,-0.37817374,0
3.0413947,-2.5953953,-2.05266,0.60408276,-0.6068992,-0.51648605,0
0.98898804,-0.8757776,-0.36554408,0.63991284,-0.016866699,0.76826245,0
-2.1942813,1.2802213,1.3058434,-0.47496921,-0.79460013,0.37817374,0
-3.1972353,2.5220551,2.2422047,-0.60408276,0.6068992,0.51648605,0
2.425338,-1.8435773,-1.2046332,0.63991284,-0.016866699,0.76826245,0
0.13496289,-0.95471942,-0.0053683519,-0.47496921,-0.79460013,0.37817374,0
-0.2132473,1.3876369,0.82655203,0.47496921,0.79460013,-0.37817374,0
-2.9890811,2.3801789,2.508009,-0.60408276,0.6068992,0.51648605,0
-2.8860722,2.6394904,2.2661014,-0.60408276,0.6068992,0.51648605,0
-2.9520731,2.6735175,2.2259073,-0.60408276,0.6068992,0.51648605,0
2.6230807,-2.1543415,-1.3531227,0.63991284,-0.016866699,0.76826245,0
1.3021891,-1.0075699,-1.4123341,0.47496921,0.79460013,-0.37817374,0
2.8107405,-2.7101345,-2.0275807,0.60408276,-0.6068992,-0.51648605,0
0.37070209,0.4445408,0.17602435,0.47496921,0.79460013,-0.37817374,0
-0.59801292,1.4046063,0.57552171,0.47496921,0.79460013,-0.37817374,0
2.8164284,-2.9218221,-2.0960865,0.60408276,-0.6068992,-0.51648605,0
1.1876354,-0.84112841,-1.6707557,-0.63991284,0.016866699,-0.76826245,0
-0.55115926,0.2531023,0.76572108,-0.47496921,-0.79460013,0.37817374,0
-2.239821,2.8951824,2.4294157,-0.60408276,0.6068992,0.51648605,0
2.6380143,-2.6978443,-2.4806156,0.60408276,-0.6068992,-0.51648605,0
-2.4717066,1.7175213,1.6637456,-0.63991284,0.016866699,-0.76826245,0
-2.9135828,2.2762406,2.3465657,-0.60408276,0.6068992,0.51648605,0
0.69239509,-0.19236471,-0.035787791,0.63991284,-0.016866699,0.76826245,0
-2.5712612,2.3589482,2.5672207,-0.60408276,0.6068992,0.51648605,0
-1.6495347,2.0123887,1.8257244,0.63991284,-0.016866699,0.76826245,0
2.3268156,-1.9802086,-1.2372253,0.63991284,-0.016866699,0.76826245,0
-3.0500634,2.1223993,1.7330637,-0.47496921,-0.79460013,0.37817374,0
-1.5718236,2.0313652,0.94964743,0.47496921,0.79460013,-0.37817374,0
0.88356042,-0.66220385,-1.0836554,0.47496921,0.79460013,-0.37817374,0
-2.2790568,1.7794588,2.4537482,-0.47496921,-0.79460013,0.37817374,0
2.5511684,-2.1623387,-1.3450787,0.63991284,-0.016866699,0.76826245,0
-2.7180564,2.85146,2.0732174,-0.60408276,0.6068992,0.51648605,0
2.0871754,-1.7499113,-0.99074268,0.63991284,-0.016866699,0.76826245,0
-0.69685674,0.68886805,-0.083925664,-0.63991284,0.016866699,-0.76826245,0
3.0039947,-2.5726748,-2.4526882,0.60408276,-0.6068992,-0.51648605,0
-2.0727203,1.5346721,1.9504528,-0.47496921,-0.79460013,0.37817374,0
-0.22782068,-0.19321758,0.5633412,-0.47496921,-0.79460013,0.37817374,0
-1.0798328,1.9242771,1.6109419,0.47496921,0.79460013,-0.37817374,0
-2.1003935,1.2053875,1.7057722,-0.47496921,-0.79460013,0.37817374,0
2.4541373,-1.3295822,-1.2427588,0.63991284,-0.016866699,0.76826245,0
-1.3554313,1.5990964,2.004148,0.63991284,-0.016866699,0.76826245,0
-2.5094028,2.8543346,2.7671418,-0.60408276,0.6068992,0.51648605,0
-3.0018325,2.189275,1.9154296,-0.63991284,0.016866699,-0.76826245,0
-0.86025488,1.2482054,1.5729415,0.63991284,-0.016866699,0.76826245,0
2.9056678,-2.4946961,-2.3721147,0.60408276,-0.6068992,-0.51648605,0
-2.0688744,0.93819404,1.0954537,-0.47496921,-0.79460013,0.37817374,0
-0.80097431,0.14586958,0.16066766,-0.63991284,0.016866699,-0.76826245,0
-0.10184674,-0.18884522,0.47097343,-0.47496921,-0.79460013,0.37817374,0
-0.19854295,1.0548214,0.83380866,0.47496921,0.79460013,-0.37817374,0
0.43224353,-0.96205986,-0.25128841,-0.47496921,-0.79460013,0.37817374,0
2.2088642,-2.6496797,-1.824244,-0.47496921,-0.79460013,0.37817374,0
2.3518581,-2.6259475,-2.5119987,0.60408276,-0.6068992,-0.51648605,0
-2.6255414,2.4004877,2.528481,-0.60408276,0.6068992,0.51648605,0
0.83895397,-1.4729465,-0.94085693,-0.47496921,-0.79460013,0.37817374,0
-3.0547304,2.1062186,2.281095,-0.47496921,-0.79460013,0.37817374,0
-1.6078422,2.3087578,1.932112,0.47496921,0.79460013,-0.37817374,0
0.3534866,-0.66343236,-1.0206969,-0.63991284,0.016866699,-0.76826245,0
0.52081877,-0.12642741,-1.2960843,-0.63991284,0.016866699,-0.76826245,0
2.251163,-2.8204465,-2.4386988,0.60408276,-0.6068992,-0.51648605,0
-0.04847455,-0.47993034,0.47733331,0.63991284,-0.016866699,0.76826245,0
-1.709604,2.502003,2.1690295,0.47496921,0.79460013,-0.37817374,0
0.30836913,-0.27303573,0.43866381,0.63991284,-0.016866699,0.76826245,0
2.8692639,-2.230294,-2.405611,0.60408276,-0.6068992,-0.51648605,0
-2.4196062,1.8460717,1.7632678,-0.47496921,-0.79460013,0.37817374,0
0.032921553,0.79396993,0.74255884,0.63991284,-0.016866699,0.76826245,0
-0.86018425,0.61312389,1.2073752,0.63991284,-0.016866699,0.76826245,0
1.275928,-1.3827933,-1.6539013,-0.63991284,0.016866699,-0.76826245,0
2.9519279,-2.3384428,-2.5250416,0.60408276,-0.6068992,-0.51648605,0
2.2389247,-2.8328028,-1.5231094,-0.47496921,-0.79460013,0.37817374,0
-1.0433166,0.75621372,1.6821191,0.63991284,-0.016866699,0.76826245,0
0.19090392,0.38703665,0.134727,0.47496921,0.79460013,-0.37817374,0
-0.03178069,0.1514647,-0.63116682,-0.63991284,0.016866699,-0.76826245,0
2.8530643,-2.2099528,-2.7048764,0.60408276,-0.6068992,-0.51648605,0
-2.2155285,2.9311557,2.4041615,-0.60408276,0.6068992,0.51648605,0
1.0122788,-2.2159142,-1.7501853,-0.47496921,-0.79460013,0.37817374,0
-1.3205459,2.1691661,1.5473604,0.47496921,0.79460013,-0.37817374,0
-1.4027478,2.0662856,1.9324434,0.63991284,-0.016866699,0.76826245,0
3.0446937,-2.3734224,-2.2172155,0.60408276,-0.6068992,-0.51648605,0
-2.017801,1.6557595,2.3574255,-0.47496921,-0.79460013,0.37817374,0
1.2225344,-1.3491496,-1.7134023,-0.63991284,0.016866699,-0.76826245,0
-2.9063163,2.6933465,1.763844,-0.60408276,0.6068992,0.51648605,0
-1.9826794,1.6473558,0.96550846,-0.63991284,0.016866699,-0.76826245,0
1.6600381,-1.0114999,-0.75611699,0.63991284,-0.016866699,0.76826245,0
0.93935764,-0.63126969,-1.2312537,-0.63991284,0.016866699,-0.76826245,0
2.7301641,-2.645504,-2.0819407,0.60408276,-0.6068992,-0.51648605,0
-1.790802,2.3243785,1.0891449,0.47496921,0.79460013,-0.37817374,0
0.82149917,-1.5926974,-0.59492373,-0.47496921,-0.79460013,0.37817374,0
1.3315418,-2.3293419,-1.7843482,-0.47496921,-0.79460013,0.37817374,0
1.1799064,-0.44820017,-0.95975292,0.47496921,0.79460013,-0.37817374,0
-2.278892,2.7610478,2.7048874,-0.60408276,0.6068992,0.51648605,0
1.5690618,-1.1085138,-1.1933453,0.47496921,0.79460013,-0.37817374,0
0.77718651,0.12453681,-0.41325319,0.47496921,0.79460013,-0.37817374,0
-0.11128044,-0.27675381,-0.57410014,-0.63991284,0.016866699,-0.76826245,0
2.4595554,-3.0114126,-2.6206465,0.60408276,-0.6068992,-0.51648605,0
2.7608824,-1.8829353,-1.7090676,0.47496921,0.79460013,-0.37817374,0
1.3108113,-1.4405383,-1.9940951,-0.63991284,0.016866699,-0.76826245,0
-2.5200584,2.939584,2.3724766,-0.60408276,0.6068992,0.51648605,0
-2.8124945,3.0178638,2.1196194,-0.60408276,0.6068992,0.51648605,0
-2.5986006,3.1179409,2.2744546,-0.60408276,0.6068992,0.51648605,0
-2.4868405,2.6179349,1.372386,-0.63991284,0.016866699,-0.76826245,0
-2.8703468,2.8511164,1.7704573,-0.63991284,0.016866699,-0.76826245,0
2.5708709,-2.9356613,-2.2164235,0.60408276,-0.6068992,-0.51648605,0
0.36876115,-0.99557364,-0.74142611,-0.47496921,-0.79460013,0.37817374,0
2.9587734,-3.1120009,-1.9342608,0.60408276,-0.6068992,-0.51648605,0
-1.7187973,1.2736433,0.91926169,-0.63991284,0.016866699,-0.76826245,0
-2.4439986,2.6569219,2.3761086,-0.60408276,0.6068992,0.51648605,0
-2.7699833,2.5977826,2.2555575,-0.60408276,0.6068992,0.51648605,0
-2.0238876,2.1348248,2.4757488,0.63991284,-0.016866699,0.76826245,0
-1.7895114,1.5551801,2.1627247,-0.47496921,-0.79460013,0.37817374,0
-0.23083848,0.95776922,0.59521294,0.47496921,0.79460013,-0.37817374,0
-0.74692214,1.7330873,1.5101886,0.63991284,-0.016866699,0.76826245,0
2.2894273,-3.0945621,-2.4967895,0.60408276,-0.6068992,-0.51648605,0
-0.82739973,1.5730011,0.90852904,0.47496921,0.79460013,-0.37817374,0
1.0628954,-1.2505521,-1.5843542,-0.63991284,0.016866699,-0.76826245,0
-2.258544,2.8136015,1.4046488,0.47496921,0.79460013,-0.37817374,0
1.9226291,-1.6122634,-1.1607611,0.63991284,-0.016866699,0.76826245,0
2.4608743,-2.6218688,-2.5225492,0.60408276,-0.6068992,-0.51648605,0
2.4387417,-3.1760561,-2.0955443,0.60408276,-0.6068992,-0.51648605,0
2.0264418,-2.9822879,-2.6366425,0.60408276,-0.6068992,-0.51648605,0
2.6351023,-2.7610524,-2.4076595,0.60408276,-0.6068992,-0.51648605,0
-2.1376231,3.2962213,2.4355769,-0.60408276,0.6068992,0.51648605,0
-2.6961324,2.8962307,2.452363,-0.60408276,0.6068992,0.51648605,0
0.92308116,-0.68779135,-1.3539764,-0.63991284,0.016866699,-0.76826245,0
2.8182905,-2.8204346,-2.404521,0.60408276,-0.6068992,-0.51648605,0
-0.44032377,0.15516311,1.0879439,0.63991284,-0.016866699,0.76826245,0
-1.3475523,2.0869174,1.5166051,0.47496921,0.79460013,-0.37817374,0
2.2383785,-1.4152211,-1.8899715,0.47496921,0.79460013,-0.37817374,0
-2.1941371,3.1412487,2.4878931,-0.60408276,0.6068992,0.51648605,0
-2.3891947,2.8969309,2.2432404,-0.60408276,0.6068992,0.51648605,0
0.27834588,-1.1474376,-1.149036,-0.63991284,0.016866699,-0.76826245,0
-2.7650681,2.6831048,2.5788713,-0.60408276,0.6068992,0.51648605,0
1.6766777,-1.756853,-2.0226817,-0.63991284,0.016866699,-0.76826245,0
1.0190029,-1.5935645,-0.58921552,-0.47496921,-0.79460013,0.37817374,0
1.0471171,-1.5496043,-0.44511724,0.63991284,-0.016866699,0.76826245,0
-2.5562024,3.0214462,2.0764294,-0.60408276,0.6068992,0.51648605,0
-0.88326335,1.849539,1.2859752,0.47496921,0.79460013,-0.37817374,0
-0.49864227,0.61666209,-0.059810817,-0.63991284,0.016866699,-0.76826245,0
0.84234798,-0.38553873,-0.069630027,0.63991284,-0.016866699,0.76826245,0
-1.321981,1.0386491,1.6968997,0.63991284,-0.016866699,0.76826245,0
3.1806135,-2.6352921,-2.0388765,0.60408276,-0.6068992,-0.51648605,0
0.26744252,0.5432086,0.29011625,0.47496921,0.79460013,-0.37817374,0
2.5433583,-1.8988128,-2.1988473,0.47496921,0.79460013,-0.37817374,0
2.2138677,-2.1770136,-2.4763505,-0.63991284,0.016866699,-0.76826245,0
-2.9985104,2.7121079,2.0865521,-0.60408276,0.6068992,0.51648605,0
-0.47681874,1.2335787,0.99036562,0.63991284,-0.016866699,0.76826245,0
2.636951,-2.7067983,-2.2916164,0.60408276,-0.6068992,-0.51648605,0
2.2061877,-2.4519582,-1.5513215,-0.47496921,-0.79460013,0.37817374,0
2.3883688,-2.7152553,-2.4730821,0.60408276,-0.6068992,-0.51648605,0
0.11549169,0.60131687,0.2584216,0.47496921,0.79460013,-0.37817374,0
3.0311484,-2.5150898,-2.2004275,0.60408276,-0.6068992,-0.51648605,0
2.9074953,-2.1358688,-1.9519253,0.63991284,-0.016866699,0.76826245,0
2.9298277,-2.3891382,-2.1250362,0.60408276,-0.6068992,-0.51648605,0
-2.1597633,1.6358589,2.1619954,-0.47496921,-0.79460013,0.37817374,0
2.6029575,-2.3759432,-2.5094786,0.60408276,-0.6068992,-0.51648605,0
1.6018707,-0.83890468,-1.3669674,0.47496921,0.79460013,-0.37817374,0
2.1674116,-1.8981946,-0.97947979,0.63991284,-0.016866699,0.76826245,0
-2.0666831,1.6153326,1.620765,-0.47496921,-0.79460013,0.37817374,0
2.7050536,-3.0258689,-2.072597,0.60408276,-0.6068992,-0.51648605,0
0.80583018,-1.2500855,-1.4228539,-0.63991284,0.016866699,-0.76826245,0
-1.3918873,1.1590225,0.33387446,-0.63991284,0.016866699,-0.76826245,0
-1.5505439,0.5076316,0.76797891,-0.63991284,0.016866699,-0.76826245,0
2.3739994,-3.0525169,-1.6141968,-0.47496921,-0.79460013,0.37817374,0
1.5723379,-1.1150364,-1.9490957,0.47496921,0.79460013,-0.37817374,0
2.7305415,-2.8361139,-2.5402365,0.60408276,-0.6068992,-0.51648605,0
-2.2378492,2.8237147,2.749537,-0.60408276,0.6068992,0.51648605,0
3.01702,-2.7887974,-1.822381,0.60408276,-0.6068992,-0.51648605,0
-0.69255173,0.94038624,1.5061525,0.63991284,-0.016866699,0.76826245,0
-0.55522925,0.68596339,1.2509656,0.63991284,-0.016866699,0.76826245,0
1.1848936,-2.3021898,-1.9126954,-0.63991284,0.016866699,-0.76826245,0
-0.091990404,0.78639948,-0.23297727,0.47496921,0.79460013,-0.37817374,0
0.70778137,-0.13636914,0.1007387,0.63991284,-0.016866699,0.76826245,0
2.6469157,-2.2347889,-2.7471514,0.60408276,-0.6068992,-0.51648605,0
1.6381972,-1.0026413,-0.52320731,0.63991284,-0.016866699,0.76826245,0
0.2409156,-0.94885397,-0.28086185,-0.47496921,-0.79460013,0.37817374,0
0.48625055,-0.19651675,0.1155076,0.63991284,-0.016866699,0.76826245,0
-2.7303379,2.5924568,1.6182208,-0.63991284,0.016866699,-0.76826245,0
-0.32963902,0.15708333,0.77831012,-0.47496921,-0.79460013,0.37817374,0
1.2183161,-1.6897668,-1.6254108,-0.63991284,0.016866699,-0.76826245,0
-0.94733554,1.9955897,1.6888556,0.63991284,-0.016866699,0.76826245,0
-0.088665843,0.85936618,0.86327899,0.63991284,-0.016866699,0.76826245,0
-3.0218275,2.4609082,2.2341661,-0.60408276,0.6068992,0.51648605,0
-1.2420697,0.59499311,0.57394242,-0.47496921,-0.79460013,0.37817374,0
2.604059,-2.4402041,-2.8667431,0.60408276,-0.6068992,-0.51648605,0
0.54413676,-1.1230278,0.030950069,-0.47496921,-0.79460013,0.37817374,0
-2.0143559,0.95565158,1.1065609,-0.47496921,-0.79460013,0.37817374,0
3.1323638,-2.3168628,-1.8746476,0.63991284,-0.016866699,0.76826245,0
2.4677601,-1.8570198,-2.4649215,0.47496921,0.79460013,-0.37817374,0
-2.1561527,2.0915554,2.3009567,0.63991284,-0.016866699,0.76826245,0
0.8359378,-1.6824175,-0.98146534,-0.47496921,-0.79460013,0.37817374,0
-2.5619278,2.717139,2.5734968,-0.60408276,0.6068992,0.51648605,0
2.2551575,-2.829185,-2.4408388,0.60408276,-0.6068992,-0.51648605,0
-2.7484581,2.8020222,2.2632146,-0.60408276,0.6068992,0.51648605,0
2.7291927,-2.4349251,-2.6701255,0.60408276,-0.6068992,-0.51648605,0
2.1453595,-2.4312696,-1.3509142,-0.47496921,-0.79460013,0.37817374,0
-0.71058726,1.0331759,1.3481665,0.63991284,-0.016866699,0.76826245,0
2.6625798,-3.0549946,-2.1618948,0.60408276,-0.6068992,-0.51648605,0
2.8937232,-2.9632468,-2.0806956,0.63991284,-0.016866699,0.76826245,0
-2.9213097,2.3591776,2.4635835,-0.47496921,-0.79460013,0.37817374,0
-2.3065031,2.5809388,1.1972697,0.47496921,0.79460013,-0.37817374,0
-2.8369226,2.5056462,2.6579313,-0.60408276,0.6068992,0.51648605,0
-3.1425917,2.3818748,2.1964231,-0.60408276,0.6068992,0.51648605,0
-2.3521776,2.8103297,2.4554582,-0.60408276,0.6068992,0.51648605,0
-1.7477797,2.0876205,1.1980009,0.47496921,0.79460013,-0.37817374,0
0.36163294,0.089901924,-1.1056299,0.47496921,0.79460013,-0.37817374,0
0.97174847,-0.2766695,-0.4933672,0.47496921,0.79460013,-0.37817374,0
-2.5771761,3.058337,1.757947,-0.60408276,0.6068992,0.51648605,0
2.461273,-2.6561987,-2.5728469,0.60408276,-0.6068992,-0.51648605,0
-1.0216286,-0.060296416,0.068306595,-0.63991284,0.016866699,-0.76826245,0
-1.0989352,1.1681279,1.5305004,0.63991284,-0.016866699,0.76826245,0
-1.859668,2.1992834,2.027349,0.63991284,-0.016866699,0.76826245,0
2.3184638,-2.5886576,-1.3332191,-0.47496921,-0.79460013,0.37817374,0
-0.53756434,0.13113493,-0.22810872,-0.63991284,0.016866699,-0.76826245,0
-0.045985475,-0.2400198,0.33479911,-0.47496921,-0.79460013,0.37817374,0
-1.3317398,2.3896616,1.7752995,0.47496921,0.79460013,-0.37817374,0
2.6941283,-3.1221447,-2.1647391,0.60408276,-0.6068992,-0.51648605,0
1.4523554,-0.64222908,-0.82017493,0.47496921,0.79460013,-0.37817374,0
0.28799763,0.12522751,-0.39161617,0.47496921,0.79460013,-0.37817374,0
-1.6145592,1.7726581,2.1191478,0.63991284,-0.016866699,0.76826245,0
-2.3540359,2.0788252,1.1602082,-0.63991284,0.016866699,-0.76826245,0
2.6478481,-2.4594016,-3.0783191,0.60408276,-0.6068992,-0.51648605,0
0.20143783,-0.78197128,-0.51393545,-0.47496921,-0.79460013,0.37817374,0
0.17483398,0.29017806,0.38539073,0.63991284,-0.016866699,0.76826245,0
1.2756228,-2.1946664,-1.6410041,-0.63991284,0.016866699,-0.76826245,0
2.5571308,-3.1099062,-2.27106,0.60408276,-0.6068992,-0.51648605,0
1.5990984,-1.0194795,-1.8714168,0.47496921,0.79460013,-0.37817374,0
-1.6817584,1.8845541,0.69710398,0.47496921,0.79460013,-0.37817374,0
0.27248126,0.30643761,-0.1922033,0.47496921,0.79460013,-0.37817374,0
-0.96532226,1.3121513,0.68546939,0.47496921,0.79460013,-0.37817374,0
-2.4696846,2.9243159,2.6001487,-0.60408276,0.6068992,0.51648605,0
-1.5515819,1.3544009,0.88781571,-0.63991284,0.016866699,-0.76826245,0
-0.18385714,1.1726283,0.52181566,0.47496921,0.79460013,-0.37817374,0
-0.76872313,0.085016549,0.39560348,-0.47496921,-0.79460013,0.37817374,0
-0.98430252,1.6773909,0.90947914,0.47496921,0.79460013,-0.37817374,0
-2.3980389,3.1307716,2.4571466,-0.60408276,0.6068992,0.51648605,0
1.2661126,-1.8651986,-1.1537929,-0.47496921,-0.79460013,0.37817374,0
2.71928,-2.2247713,-1.7722604,0.63991284,-0.016866699,0.76826245,0
3.0721214,-3.0798149,-1.8590341,0.60408276,-0.6068992,-0.51648605,0
-2.8979917,2.5406466,2.0245342,-0.60408276,0.6068992,0.51648605,0
1.780232,-2.4484282,-1.6038229,-0.47496921,-0.79460013,0.37817374,0
-2.7059388,2.779705,2.6467662,-0.60408276,0.6068992,0.51648605,0
-0.94307137,1.0866618,0.17253625,-0.63991284,0.016866699,-0.76826245,0
2.0466263,-1.3505785,-1.4865119,0.47496921,0.79460013,-0.37817374,0
-2.4112024,2.9141886,2.0889106,-0.60408276,0.6068992,0.51648605,0
0.26167706,0.65702593,0.36925715,0.47496921,0.79460013,-0.37817374,0
0.49430919,-1.4763365,-0.93267107,-0.47496921,-0.79460013,0.37817374,0
2.770391,-2.5335519,-2.5461283,0.60408276,-0.6068992,-0.51648605,0
-0.93446434,0.14096946,0.58583772,-0.47496921,-0.79460013,0.37817374,0
-0.59664905,0.10365748,0.71689177,-0.47496921,-0.79460013,0.37817374,0
3.288754,-2.3125918,-2.1444616,0.60408276,-0.6068992,-0.51648605,0
-3.1899357,2.6602917,1.9264221,-0.60408276,0.6068992,0.51648605,0
0.62518764,-1.1626997,-1.3439561,-0.63991284,0.016866699,-0.76826245,0
2.7334561,-2.9955082,-2.0517187,0.60408276,-0.6068992,-0.51648605,0
-0.1359694,0.82379019,0.81312656,0.63991284,-0.016866699,0.76826245,0
1.1162499,-1.3088869,-1.5519099,-0.63991284,0.016866699,-0.76826245,0
-1.8740106,1.2539215,1.9387195,-0.47496921,-0.79460013,0.37817374,0
-2.1164064,3.0674844,2.5966387,-0.60408276,0.6068992,0.51648605,0
0.06953752,1.0092183,0.4464438,0.47496921,0.79460013,-0.37817374,0
1.1968173,-2.2059588,-1.522727,-0.47496921,-0.79460013,0.37817374,0
2.1534505,-1.835916,-0.98716044,0.63991284,-0.016866699,0.76826245,0
0.90415442,-0.33761624,-0.26315141,0.63991284,-0.016866699,0.76826245,0
2.5397356,-2.7608831,-2.4909458,0.60408276,-0.6068992,-0.51648605,0
-2.6906946,2.7072718,2.3817263,-0.60408276,0.6068992,0.51648605,0
2.7763736,-2.7429461,-2.232173,0.60408276,-0.6068992,-0.51648605,0
2.242198,-3.2443583,-2.53966,0.60408276,-0.6068992,-0.51648605,0
2.4338672,-1.9075358,-2.5265388,-0.63991284,0.016866699,-0.76826245,0
2.2910187,-2.8069072,-1.3238239,-0.47496921,-0.79460013,0.37817374,0
-0.91389239,1.611557,0.57770205,0.47496921,0.79460013,-0.37817374,0
-2.712719,2.3042207,2.6080208,-0.60408276,0.6068992,0.51648605,0
1.8601482,-2.2709732,-2.4531963,-0.63991284,0.016866699,-0.76826245,0
2.2172809,-2.6476574,-1.0731881,-0.47496921,-0.79460013,0.37817374,0
-1.7954994,2.4308536,2.2416136,0.63991284,-0.016866699,0.76826245,0
-0.8727504,1.8662648,1.465528,0.47496921,0.79460013,-0.37817374,0
-2.3003788,3.0620394,2.0903988,-0.60408276,0.6068992,0.51648605,0
-2.7892246,2.9240816,2.357614,-0.60408276,0.6068992,0.51648605,0
-2.6212094,1.9873933,2.1655092,-0.47496921,-0.79460013,0.37817374,0
-2.5226703,2.5275891,1.4276826,-0.63991284,0.016866699,-0.76826245,0
-3.194391,2.4275174,2.3293204,-0.60408276,0.6068992,0.51648605,0
2.8374798,-2.8402045,-1.6929646,0.60408276,-0.6068992,-0.51648605,0
0.15205216,0.17374343,-0.90834033,0.47496921,0.79460013,-0.37817374,0
2.4980245,-2.9956491,-2.0846367,0.60408276,-0.6068992,-0.51648605,0
-0.71352994,1.0730189,-0.068051219,0.47496921,0.79460013,-0.37817374,0
3.039587,-2.4514983,-2.1379485,0.60408276,-0.6068992,-0.51648605,0
-2.5817742,3.0527925,1.9146028,-0.60408276,0.6068992,0.51648605,0
1.4486595,-1.5558531,-0.5870378,0.63991284,-0.016866699,0.76826245,0
0.95535982,-1.7659435,-0.87569451,-0.47496921,-0.79460013,0.37817374,0
-0.17957032,-0.74698746,-0.64188474,-0.47496921,-0.79460013,0.37817374,0
1.1446409,-0.76450628,-0.25935471,0.63991284,-0.016866699,0.76826245,0
2.5447586,-2.4410062,-1.7123306,0.63991284,-0.016866699,0.76826245,0
1.899421,-2.3349905,-2.2139015,-0.63991284,0.016866699,-0.76826245,0
0.77094328,0.12569016,-0.44281775,0.47496921,0.79460013,-0.37817374,0
-0.31910306,0.16938609,0.85966331,-0.47496921,-0.79460013,0.37817374,0
-1.6267253,1.6081128,0.5470798,-0.63991284,0.016866699,-0.76826245,0
-1.0141213,1.0626683,1.7026032,0.63991284,-0.016866699,0.76826245,0
-2.3140564,3.0286112,2.7337327,-0.60408276,0.6068992,0.51648605,0
1.2573903,-2.1783667,-1.3158708,-0.47496921,-0.79460013,0.37817374,0
-2.6204557,2.338712,2.5174828,-0.60408276,0.6068992,0.51648605,0
-0.12172335,1.1719311,0.46538484,0.47496921,0.79460013,-0.37817374,0
-1.5132408,0.39330965,0.42460489,-0.63991284,0.016866699,-0.76826245,0
2.878664,-2.7347801,-2.5188951,0.60408276,-0.6068992,-0.51648605,0
-1.1846521,0.4204582,0.92461979,-0.47496921,-0.79460013,0.37817374,0
-2.4725115,3.060348,2.3038368,-0.60408276,0.6068992,0.51648605,0
-1.8463286,1.0169935,0.75554824,-0.63991284,0.016866699,-0.76826245,0
-1.1410064,1.8644636,1.5936065,0.47496921,0.79460013,-0.37817374,0
0.68542278,-1.2502674,-0.077980757,-0.47496921,-0.79460013,0.37817374,0
-1.0568882,1.5644673,0.12773585,0.47496921,0.79460013,-0.37817374,0
0.36029911,0.38242334,0.22019127,0.47496921,0.79460013,-0.37817374,0
2.4762676,-3.2317443,-2.2680011,0.60408276,-0.6068992,-0.51648605,0
2.6435058,-2.7657247,-2.3779159,0.60408276,-0.6068992,-0.51648605,0
-1.0894686,1.007455,1.4344293,0.63991284,-0.016866699,0.76826245,0
-1.6820042,2.246737,1.2506974,0.47496921,0.79460013,-0.37817374,0
-1.7027837,1.6992509,1.868561,0.63991284,-0.016866699,0.76826245,0
0.29230925,0.29729819,0.14032109,0.47496921,0.79460013,-0.37817374,0
0.48173785,-1.3946354,-0.69373763,-0.47496921,-0.79460013,0.37817374,0
1.8617623,-1.4368732,-0.97788358,0.63991284,-0.016866699,0.76826245,0
0.29779691,-0.9295609,-0.80112934,-0.63991284,0.016866699,-0.76826245,0
1.417244,-2.6460614,-2.1145139,-0.63991284,0.016866699,-0.76826245,0
2.3704476,-3.1456337,-2.3785157,-0.47496921,-0.79460013,0.37817374,0
-1.7948536,1.7800992,0.86310339,-0.63991284,0.016866699,-0.76826245,0
2.6149998,-2.7220337,-2.7768898,0.60408276,-0.6068992,-0.51648605,0
1.0087571,-1.1008463,-1.6427755,-0.63991284,0.016866699,-0.76826245,0
-2.9540129,2.0666316,1.7411914,-0.63991284,0.016866699,-0.76826245,0
-1.4488193,0.77519923,0.4912287,-0.63991284,0.016866699,-0.76826245,0
-1.251699,2.0558455,1.7203264,0.63991284,-0.016866699,0.76826245,0
2.6964774,-2.7265522,-2.7384548,0.60408276,-0.6068992,-0.51648605,0
3.3448267,-2.4653487,-2.2786899,0.60408276,-0.6068992,-0.51648605,0
2.6448524,-3.083612,-2.0828681,0.60408276,-0.6068992,-0.51648605,0
-2.939785,2.7039232,1.8958325,-0.60408276,0.6068992,0.51648605,0
2.0194528,-2.2318845,-1.0492487,-0.47496921,-0.79460013,0.37817374,0
2.9968522,-2.7816219,-2.170125,0.60408276,-0.6068992,-0.51648605,0
1.0855787,-1.9220576,-1.1688633,-0.47496921,-0.79460013,0.37817374,0
0.47577444,-0.095521033,0.25961724,0.63991284,-0.016866699,0.76826245,0
-0.018178046,-0.63528031,-0.61321408,-0.63991284,0.016866699,-0.76826245,0
2.0950975,-2.5547538,-2.6183929,-0.63991284,0.016866699,-0.76826245,0
-2.846137,2.3191032,2.5121632,-0.47496921,-0.79460013,0.37817374,0
1.27034,-1.062113,-1.6389928,0.47496921,0.79460013,-0.37817374,0
1.3523443,-0.57679117,-1.2956448,0.47496921,0.79460013,-0.37817374,0
-1.1499457,1.3516281,0.34970129,0.47496921,0.79460013,-0.37817374,0
0.30629396,-0.067851901,-1.0816097,-0.63991284,0.016866699,-0.76826245,0
2.0783069,-2.4409947,-1.1652603,0.63991284,-0.016866699,0.76826245,0
-2.4828796,3.0228252,2.5532193,-0.60408276,0.6068992,0.51648605,0
2.9336846,-3.0675783,-1.8577552,0.60408276,-0.6068992,-0.51648605,0
2.8230033,-2.2647312,-1.5806489,0.63991284,-0.016866699,0.76826245,0
1.5986962,-1.6026978,-0.71703267,0.63991284,-0.016866699,0.76826245,0
2.0393205,-2.0934319,-2.3923731,-0.63991284,0.016866699,-0.76826245,0
-2.6372623,2.6697605,2.2225084,-0.60408276,0.6068992,0.51648605,0
1.5367563,-0.73406267,-1.0785774,0.47496921,0.79460013,-0.37817374,0
-3.0884619,2.2506399,1.9937458,-0.63991284,0.016866699,-0.76826245,0
-2.3766131,1.8926942,1.8663352,-0.47496921,-0.79460013,0.37817374,0
-2.0184045,1.7811652,2.2202625,-0.47496921,-0.79460013,0.37817374,0
0.11598599,0.97991765,0.45052576,0.47496921,0.79460013,-0.37817374,0
-1.2636247,1.4395726,0.60762143,-0.63991284,0.016866699,-0.76826245,0
2.8707399,-2.6135061,-2.03934,0.60408276,-0.6068992,-0.51648605,0
1.6712888,-1.1475002,-1.5374134,0.47496921,0.79460013,-0.37817374,0
-0.24207276,-0.42098719,-0.69743896,-0.63991284,0.016866699,-0.76826245,0
1.4332302,-1.0351143,-1.5563595,0.47496921,0.79460013,-0.37817374,0
2.9345496,-2.438081,-2.2874908,0.60408276,-0.6068992,-0.51648605,0
-1.4329933,2.2356064,1.8390095,0.63991284,-0.016866699,0.76826245,0
-1.9474447,2.1297219,2.2374229,0.63991284,-0.016866699,0.76826245,0
2.9677207,-2.7215867,-2.3744988,0.60408276,-0.6068992,-0.51648605,0
-1.4506048,1.1718473,0.43308377,-0.63991284,0.016866699,-0.76826245,0
0.38425577,-1.0419294,-1.1579728,-0.63991284,0.016866699,-0.76826245,0
3.1544421,-2.5862739,-2.3027725,0.60408276,-0.6068992,-0.51648605,0
2.7858932,-2.4394436,-2.2374754,0.60408276,-0.6068992,-0.51648605,0
-3.16119,2.6166234,2.2102466,-0.60408276,0.6068992,0.51648605,0
-2.907572,2.7529981,2.3622346,-0.60408276,0.6068992,0.51648605,0
0.82822716,-1.6516864,-0.7288332,-0.47496921,-0.79460013,0.37817374,0
-0.80358899,1.5488067,1.4396877,0.63991284,-0.016866699,0.76826245,0
-2.635184,2.5924211,1.3549051,-0.63991284,0.016866699,-0.76826245,0
-0.64993834,1.1820103,0.53577805,0.47496921,0.79460013,-0.37817374,0
1.1506988,-1.5202248,-0.58847117,-0.47496921,-0.79460013,0.37817374,0
3.0489197,-2.5411625,-2.4571276,0.60408276,-0.6068992,-0.51648605,0
2.6115811,-2.5809169,-2.4743009,0.60408276,-0.6068992,-0.51648605,0
0.38201895,0.21050048,-0.51827794,0.47496921,0.79460013,-0.37817374,0
-2.6124759,3.0241132,2.4230824,-0.60408276,0.6068992,0.51648605,0
2.6568432,-2.8046432,-1.4832993,-0.47496921,-0.79460013,0.37817374,0
-2.3196454,2.0888405,2.5432942,0.63991284,-0.016866699,0.76826245,0
2.3689907,-2.9960465,-1.8749733,-0.47496921,-0.79460013,0.37817374,0
-2.7417603,1.8089688,1.5700643,-0.63991284,0.016866699,-0.76826245,0
2.2695851,-2.1271513,-2.4526467,0.47496921,0.79460013,-0.37817374,0
