1.0660138,-0.47794184,-0.21664357,0.46138138,-0.43303013,0.77434629,0
-1.9254484,-0.55721349,0.92600822,-0.87234187,-0.062347054,0.48490465,0
1.877239,-0.1786416,-0.52364254,0.87234187,0.062347054,-0.48490465,0
0.64999437,0.39861906,0.3514387,0.16170013,0.89922065,0.40651608,0
-1.9917493,-0.24589229,0.24528432,-0.46138138,0.43303013,-0.77434629,0
-1.7839689,-0.051921457,0.758219,-0.87234187,-0.062347054,0.48490465,0
1.0368176,0.41917866,-0.88307357,-0.46138138,0.43303013,-0.77434629,0
0.049599588,-0.49783367,0.062498778,-0.16170013,-0.89922065,-0.40651608,0
1.6511381,0.36559045,-1.3759906,0.87234187,0.062347054,-0.48490465,0
-1.8166625,-0.20135248,1.2195208,-0.87234187,-0.062347054,0.48490465,0
-0.92891002,0.039312005,-0.26749623,-0.46138138,0.43303013,-0.77434629,0
1.9878811,-0.54767287,-0.77857327,0.87234187,0.062347054,-0.48490465,0
-1.5715048,0.14709979,0.94672191,-0.87234187,-0.062347054,0.48490465,0
-1.6511655,-0.46486408,0.84337461,-0.87234187,-0.062347054,0.48490465,0
-0.83352113,-0.026717305,-0.093948424,-0.46138138,0.43303013,-0.77434629,0
-1.564025,-0.6737113,0.94736326,-0.87234187,-0.062347054,0.48490465,0
1.6016401,0.84018683,-1.316072,-0.46138138,0.43303013,-0.77434629,0
0.22677323,-0.16904205,0.2800104,0.46138138,-0.43303013,0.77434629,0
-1.2618234,0.27794826,0.73417509,0.16170013,0.89922065,0.40651608,0
-1.5692595,0.19557768,1.172092,0.16170013,0.89922065,0.40651608,0
1.8655421,-0.13379991,-0.76849413,0.87234187,0.062347054,-0.48490465,0
-0.32712618,-0.16358095,-0.44614702,-0.46138138,0.43303013,-0.77434629,0
-1.5912315,-0.69685793,1.0269729,-0.16170013,-0.89922065,-0.40651608,0
-0.032044947,-0.033454061,-0.77345502,-0.46138138,0.43303013,-0.77434629,0
0.65186238,-0.26812178,-1.0130124,-0.16170013,-0.89922065,-0.40651608,0
0.27942455,-0.16877848,-0.68712491,-0.16170013,-0.89922065,-0.40651608,0
0.21205127,0.25270551,0.46597314,0.46138138,-0.43303013,0.77434629,0
-1.7218671,-0.2315038,0.41163456,-0.46138138,0.43303013,-0.77434629,0
-1.4844325,-0.5776363,0.98488224,-0.87234187,-0.062347054,0.48490465,0
-1.5209154,-0.29869586,0.098965526,-0.46138138,0.43303013,-0.77434629,0
1.7080613,-0.024465442,-0.87102175,0.87234187,0.062347054,-0.48490465,0
-1.6432223,0.04613645,0.26392019,-0.46138138,0.43303013,-0.77434629,0
-0.22945604,-0.52889353,-0.1908859,-0.16170013,-0.89922065,-0.40651608,0
1.8063829,0.23699832,-0.66218758,0.87234187,0.062347054,-0.48490465,0
0.093792498,-0.2409727,0.54647869,0.46138138,-0.43303013,0.77434629,0
-1.7204158,-0.18600565,0.78384376,-0.87234187,-0.062347054,0.48490465,0
-0.1723256,0.16885996,0.80624312,0.16170013,0.89922065,0.40651608,0
-2.0013103,-0.56166714,0.56196117,-0.87234187,-0.062347054,0.48490465,0
-1.8680925,-0.072655648,0.56714511,-0.46138138,0.43303013,-0.77434629,0
-0.24509728,0.63350445,0.056773096,0.16170013,0.89922065,0.40651608,0
-0.33473703,-0.55436015,0.42476732,0.46138138,-0.43303013,0.77434629,0
1.7761449,-0.073895246,-0.83779526,0.87234187,0.062347054,-0.48490465,0
-0.21357769,-0.64982057,-0.087379672,-0.16170013,-0.89922065,-0.40651608,0
-1.6182697,-0.58131039,0.96478772,-0.87234187,-0.062347054,0.48490465,0
-1.7048372,0.21281838,1.023541,0.16170013,0.89922065,0.40651608,0
-0.17691964,0.49888796,0.28193441,0.16170013,0.89922065,0.40651608,0
-1.3434427,0.032550469,0.090647936,-0.46138138,0.43303013,-0.77434629,0
0.4853785,0.74633217,-0.48236939,0.16170013,0.89922065,0.40651608,0
0.025572211,-0.051347375,0.48453835,0.46138138,-0.43303013,0.77434629,0
-1.4736624,-0.12017548,1.3511864,-0.87234187,-0.062347054,0.48490465,0
1.55979,0.017191172,-1.3306965,0.87234187,0.062347054,-0.48490465,0
0.44619977,-0.18474126,-0.81256175,-0.46138138,0.43303013,-0.77434629,0
-1.9296261,-0.45062125,0.63686836,-0.87234187,-0.062347054,0.48490465,0
-1.019034,-0.7518239,0.80373073,0.46138138,-0.43303013,0.77434629,0
-0.49133059,-0.33620834,0.78451085,0.46138138,-0.43303013,0.77434629,0
-1.8769104,-0.0090642571,0.97121072,-0.87234187,-0.062347054,0.48490465,0
-1.9997433,0.08411786,0.79878044,-0.87234187,-0.062347054,0.48490465,0
-0.74508989,0.33187181,0.91567934,0.16170013,0.89922065,0.40651608,0
-1.5208275,0.48723221,0.32280529,-0.46138138,0.43303013,-0.77434629,0
-1.9674697,0.17821595,0.50811481,-0.87234187,-0.062347054,0.48490465,0
-0.66129774,-0.19999504,-0.29875869,-0.16170013,-0.89922065,-0.40651608,0
-0.30208954,0.025619924,0.68289298,0.46138138,-0.43303013,0.77434629,0
-0.25446475,-0.024516582,0.64982802,0.46138138,-0.43303013,0.77434629,0
0.0078320503,0.64385605,0.15116741,0.16170013,0.89922065,0.40651608,0
-0.70659947,0.54128689,0.29709524,0.16170013,0.89922065,0.40651608,0
0.40238538,-0.40653339,-0.51829308,-0.16170013,-0.89922065,-0.40651608,0
1.0411848,-0.37886408,-0.19417572,0.46138138,-0.43303013,0.77434629,0
-1.5614854,0.19567305,1.1285577,-0.87234187,-0.062347054,0.48490465,0
1.5163953,0.21879721,-1.4820344,0.87234187,0.062347054,-0.48490465,0
1.4495438,0.01413773,-0.40534985,0.46138138,-0.43303013,0.77434629,0
0.92737806,0.57379615,-0.48296887,0.16170013,0.89922065,0.40651608,0
-0.57955587,0.41218144,1.022271,0.16170013,0.89922065,0.40651608,0
0.68682945,-0.3221125,0.24941164,0.46138138,-0.43303013,0.77434629,0
1.9221373,0.32542628,-0.90255237,0.87234187,0.062347054,-0.48490465,0
-0.25438517,0.12853074,-0.32028139,-0.46138138,0.43303013,-0.77434629,0
0.99906766,0.28899437,-0.85395145,-0.46138138,0.43303013,-0.77434629,0
-0.47499999,-0.14955261,-0.32923853,-0.16170013,-0.89922065,-0.40651608,0
-1.1901696,-0.41720212,-0.085440814,-0.16170013,-0.89922065,-0.40651608,0
1.8515583,0.3219569,-0.57345414,0.16170013,0.89922065,0.40651608,0
0.69108975,-0.001347214,0.22562221,0.46138138,-0.43303013,0.77434629,0
1.3087906,0.78632241,-0.66286361,0.16170013,0.89922065,0.40651608,0
1.9414277,0.19216366,-0.34419537,0.46138138,-0.43303013,0.77434629,0
-0.75016439,0.66547656,0.4418143,0.16170013,0.89922065,0.40651608,0
-1.921913,0.25689802,0.92520142,-0.87234187,-0.062347054,0.48490465,0
1.2858794,0.12825012,-1.316009,-0.46138138,0.43303013,-0.77434629,0
1.483361,0.39356929,-0.5554781,0.16170013,0.89922065,0.40651608,0
0.35463759,0.71292782,-0.37479496,-0.46138138,0.43303013,-0.77434629,0
-0.11523294,-0.31439787,-0.57080793,-0.16170013,-0.89922065,-0.40651608,0
1.7019556,-0.28264517,-0.73352456,0.87234187,0.062347054,-0.48490465,0
1.6972673,0.42797983,-1.179904,0.87234187,0.062347054,-0.48490465,0
-0.83735412,0.78452516,0.070364237,-0.46138138,0.43303013,-0.77434629,0
0.33044723,0.62642026,-0.20905957,0.16170013,0.89922065,0.40651608,0
0.012678504,-0.15924233,-0.7188434,-0.46138138,0.43303013,-0.77434629,0
1.3817757,-0.48272288,-0.96616817,-0.16170013,-0.89922065,-0.40651608,0
1.9480953,0.384992,-0.46578467,0.87234187,0.062347054,-0.48490465,0
-0.49872696,-0.051149249,1.0851715,0.46138138,-0.43303013,0.77434629,0
-0.69593036,0.5585779,-0.005033195,-0.46138138,0.43303013,-0.77434629,0
-0.49039388,-0.020513058,-0.3504082,-0.46138138,0.43303013,-0.77434629,0
-1.5086131,0.10869259,1.0392326,-0.87234187,-0.062347054,0.48490465,0
1.7266836,0.5137471,-0.74150562,0.16170013,0.89922065,0.40651608,0
1.7726169,0.73972362,-0.69554687,0.87234187,0.062347054,-0.48490465,0
-1.7096698,0.30253866,0.51976299,-0.46138138,0.43303013,-0.77434629,0
0.40326476,-0.070893198,0.24794859,0.46138138,-0.43303013,0.77434629,0
1.725877,0.098263443,-0.61706722,0.87234187,0.062347054,-0.48490465,0
-0.13474524,-0.32337695,0.78300977,0.46138138,-0.43303013,0.77434629,0
-0.85244799,0.22374392,0.96226728,0.16170013,0.89922065,0.40651608,0
-1.1405395,-0.21438208,0.03621006,-0.46138138,0.43303013,-0.77434629,0
-0.99990773,0.56318939,0.19013822,-0.46138138,0.43303013,-0.77434629,0
-0.76658648,0.36639249,1.0890082,0.16170013,0.89922065,0.40651608,0
1.6221349,0.42919087,-0.56498146,0.16170013,0.89922065,0.40651608,0
-0.052754492,-0.35832411,-0.21256837,-0.16170013,-0.89922065,-0.40651608,0
-0.54025334,0.29577667,0.82669491,0.16170013,0.89922065,0.40651608,0
1.7890978,0.19486272,-0.58003688,0.87234187,0.062347054,-0.48490465,0
-1.3991158,-0.43695045,1.1399432,0.46138138,-0.43303013,0.77434629,0
0.98305506,-0.2694419,-1.1008015,-0.16170013,-0.89922065,-0.40651608,0
-1.2056078,-0.24160333,0.092933416,-0.16170013,-0.89922065,-0.40651608,0
-1.747018,0.43388629,0.73861313,0.16170013,0.89922065,0.40651608,0
-0.58881128,-0.7540164,0.20544201,-0.16170013,-0.89922065,-0.40651608,0
-1.0188065,-0.12069171,-0.080857217,-0.46138138,0.43303013,-0.77434629,0
1.1593344,-0.56846583,-0.36227262,0.46138138,-0.43303013,0.77434629,0
1.5682428,0.31313896,-0.9141432,0.87234187,0.062347054,-0.48490465,0
-1.1965308,-0.65131247,0.71051741,-0.16170013,-0.89922065,-0.40651608,0
1.7200191,-0.17604655,-1.2905853,0.87234187,0.062347054,-0.48490465,0
-1.1688588,-0.48217833,1.1006902,0.46138138,-0.43303013,0.77434629,0
0.57683861,0.81941515,-0.41996759,0.16170013,0.89922065,0.40651608,0
2.0285254,-0.14606854,-0.56777024,0.87234187,0.062347054,-0.48490465,0
-1.3342969,-0.31738159,0.25624013,-0.16170013,-0.89922065,-0.40651608,0
-1.1478521,0.61579287,0.20553064,-0.46138138,0.43303013,-0.77434629,0
-1.6385154,-0.27989686,1.3164757,-0.87234187,-0.062347054,0.48490465,0
1.9413157,0.4372533,-0.8705523,0.87234187,0.062347054,-0.48490465,0
-0.79015344,-0.36321968,-0.19288218,-0.16170013,-0.89922065,-0.40651608,0
1.5214745,0.083175063,-1.6081864,0.87234187,0.062347054,-0.48490465,0
-0.0029195398,0.26234543,-0.51528442,-0.46138138,0.43303013,-0.77434629,0
1.6021912,0.21535313,-1.5969243,0.87234187,0.062347054,-0.48490465,0
-1.3898032,-0.34819531,1.3262802,-0.87234187,-0.062347054,0.48490465,0
1.1186301,0.018177509,-1.2555315,-0.46138138,0.43303013,-0.77434629,0
1.2539012,-0.42382374,-0.6941967,-0.16170013,-0.89922065,-0.40651608,0
-0.58948505,-0.20802696,-0.11727411,-0.16170013,-0.89922065,-0.40651608,0
-2.0730441,0.32910442,0.766608,-0.87234187,-0.062347054,0.48490465,0
0.41740426,-0.37561816,-0.45613497,-0.16170013,-0.89922065,-0.40651608,0
-1.9109247,-0.68191117,0.87653482,-0.87234187,-0.062347054,0.48490465,0
0.6815697,-0.14840096,-1.0124681,-0.16170013,-0.89922065,-0.40651608,0
0.55064195,-0.13195813,-0.79680157,-0.16170013,-0.89922065,-0.40651608,0
-1.1014049,-0.13143784,1.1153417,0.46138138,-0.43303013,0.77434629,0
1.8112028,0.27767453,-0.24384022,0.46138138,-0.43303013,0.77434629,0
0.3899644,0.70923215,-0.58747673,-0.46138138,0.43303013,-0.77434629,0
-1.7106475,-0.44068658,0.64578474,-0.87234187,-0.062347054,0.48490465,0
-1.4882891,-0.35015434,1.0908482,-0.87234187,-0.062347054,0.48490465,0
0.1443084,0.16793972,0.5284391,0.16170013,0.89922065,0.40651608,0
1.80611,-0.056791931,-0.67678666,0.87234187,0.062347054,-0.48490465,0
-0.73292398,-0.17734051,0.82305801,0.46138138,-0.43303013,0.77434629,0
0.74955082,0.43745705,0.01104182,0.16170013,0.89922065,0.40651608,0
2.0337689,-0.4226408,-0.91836691,0.87234187,0.062347054,-0.48490465,0
1.8900459,0.46732593,-0.61286414,0.87234187,0.062347054,-0.48490465,0
1.492453,0.25825596,-0.29192495,0.16170013,0.89922065,0.40651608,0
1.910507,0.42738479,-0.75895715,0.87234187,0.062347054,-0.48490465,0
1.7579259,-0.097400904,-1.0723321,0.87234187,0.062347054,-0.48490465,0
0.97767735,-0.63057303,-0.26613951,0.46138138,-0.43303013,0.77434629,0
-0.0065511763,0.1968382,0.78447247,0.46138138,-0.43303013,0.77434629,0
-0.57842648,0.59952915,-0.15094924,0.16170013,0.89922065,0.40651608,0
0.74856794,0.51219749,-0.30743259,0.16170013,0.89922065,0.40651608,0
0.56317896,0.6459837,-0.42686662,0.16170013,0.89922065,0.40651608,0
1.6162095,0.15742087,-0.83866024,0.87234187,0.062347054,-0.48490465,0
1.4829032,0.59632444,-0.41147649,0.16170013,0.89922065,0.40651608,0
0.041944325,0.2471292,0.55456662,0.46138138,-0.43303013,0.77434629,0
1.3668975,-0.21740794,-1.4881767,0.87234187,0.062347054,-0.48490465,0
-1.5802739,-0.25734729,1.104383,-0.87234187,-0.062347054,0.48490465,0
-1.1307114,-0.80955839,1.0879093,0.46138138,-0.43303013,0.77434629,0
-1.1863821,-0.41134456,-0.011612177,-0.16170013,-0.89922065,-0.40651608,0
0.18122368,0.10476142,-0.95088482,-0.46138138,0.43303013,-0.77434629,0
0.67766261,0.39406103,-0.70410472,-0.46138138,0.43303013,-0.77434629,0
-1.6982951,-0.01428175,0.96136057,-0.87234187,-0.062347054,0.48490465,0
1.0159166,0.19979376,0.021150649,0.46138138,-0.43303013,0.77434629,0
1.84078,0.082715541,-0.65003133,0.46138138,-0.43303013,0.77434629,0
-1.8959385,0.34624287,0.8763845,-0.87234187,-0.062347054,0.48490465,0
1.4302889,-0.62760854,-0.73594189,-0.16170013,-0.89922065,-0.40651608,0
-2.0041046,0.13325325,0.81886458,-0.87234187,-0.062347054,0.48490465,0
-1.6849959,-0.75643665,0.97974622,-0.16170013,-0.89922065,-0.40651608,0
2.18082,-0.01985541,-0.60641742,0.87234187,0.062347054,-0.48490465,0
1.2493118,0.36513346,-0.28828025,0.16170013,0.89922065,0.40651608,0
0.097959369,0.42390341,-0.22575876,-0.46138138,0.43303013,-0.77434629,0
-1.4875562,0.36787039,0.7997787,0.16170013,0.89922065,0.40651608,0
-0.20985627,0.66816533,-0.19336616,0.16170013,0.89922065,0.40651608,0
-1.1361207,0.15153027,0.018003583,-0.46138138,0.43303013,-0.77434629,0
0.56776643,-0.43473095,0.076793492,0.46138138,-0.43303013,0.77434629,0
1.3080363,0.78263378,-0.68135488,0.16170013,0.89922065,0.40651608,0
1.542554,0.52051628,-1.2856756,0.87234187,0.062347054,-0.48490465,0
1.7943239,0.16071612,-1.2010942,0.87234187,0.062347054,-0.48490465,0
-0.58279473,0.18476912,0.78629738,0.16170013,0.89922065,0.40651608,0
0.83854818,0.076921046,-1.0275584,-0.46138138,0.43303013,-0.77434629,0
-0.16910917,0.60804707,-0.072337449,-0.46138138,0.43303013,-0.77434629,0
-2.1129293,0.53604329,0.69827056,-0.87234187,-0.062347054,0.48490465,0
1.8790736,0.46975201,-0.86052811,0.87234187,0.062347054,-0.48490465,0
-1.6844146,-0.35159323,0.67022562,-0.87234187,-0.062347054,0.48490465,0
-1.2310638,0.35804325,0.68470609,0.16170013,0.89922065,0.40651608,0
0.33923504,-0.31352538,-0.88617039,-0.46138138,0.43303013,-0.77434629,0
-0.95186353,-0.17530122,0.049635589,-0.46138138,0.43303013,-0.77434629,0
-1.5925353,-0.55179441,0.2706598,-0.16170013,-0.89922065,-0.40651608,0
-0.85042304,-0.42316747,0.76217431,0.46138138,-0.43303013,0.77434629,0
1.3490105,-0.50699764,-0.71806228,-0.16170013,-0.89922065,-0.40651608,0
-0.94341671,-0.3883287,0.3782869,-0.16170013,-0.89922065,-0.40651608,0
-0.95491731,-0.60952336,0.61525959,-0.16170013,-0.89922065,-0.40651608,0
-1.0902641,0.11879873,0.23953629,-0.46138138,0.43303013,-0.77434629,0
-0.54011798,0.44234788,-0.32323214,-0.46138138,0.43303013,-0.77434629,0
-1.1846778,0.082741328,0.23407876,-0.46138138,0.43303013,-0.77434629,0
0.67303419,0.048645794,0.43961295,0.46138138,-0.43303013,0.77434629,0
-1.5911987,-0.27485675,0.28455257,-0.46138138,0.43303013,-0.77434629,0
-1.5601161,0.39097691,0.67031753,-0.46138138,0.43303013,-0.77434629,0
1.7411669,-0.32759812,-1.1001167,0.87234187,0.062347054,-0.48490465,0
-1.521275,-0.32442069,1.2238075,-0.87234187,-0.062347054,0.48490465,0
0.59089363,-0.072445482,0.35651916,0.46138138,-0.43303013,0.77434629,0
0.19830984,-0.62863529,-0.086388588,-0.16170013,-0.89922065,-0.40651608,0
1.7929128,0.72189784,-1.1124961,0.87234187,0.062347054,-0.48490465,0
1.3603867,0.47528172,-1.4209498,-0.46138138,0.43303013,-0.77434629,0
-1.995997,-0.29242721,0.41843677,-0.87234187,-0.062347054,0.48490465,0
-1.0887258,-0.095572948,1.2840896,0.46138138,-0.43303013,0.77434629,0
0.86725456,0.57646048,-0.026530683,0.16170013,0.89922065,0.40651608,0
1.9821625,0.15068409,-0.6311996,0.87234187,0.062347054,-0.48490465,0
-1.0436689,-0.26596943,-0.26550269,-0.46138138,0.43303013,-0.77434629,0
1.7313532,-0.1524235,-1.1434348,0.87234187,0.062347054,-0.48490465,0
1.7325217,-0.28066123,-1.3122966,0.87234187,0.062347054,-0.48490465,0
0.19722867,-0.084806919,-0.74779177,-0.16170013,-0.89922065,-0.40651608,0
1.5850117,-0.036906004,-0.92054152,0.87234187,0.062347054,-0.48490465,0
-1.7944324,0.11527103,0.87953806,-0.87234187,-0.062347054,0.48490465,0
-1.8573433,-0.2917341,0.88965797,-0.87234187,-0.062347054,0.48490465,0
-1.8415965,-0.23583543,0.98864913,-0.87234187,-0.062347054,0.48490465,0
-1.8721755,-0.26727375,0.68267453,-0.87234187,-0.062347054,0.48490465,0
1.4127496,0.34257355,0.021618962,0.46138138,-0.43303013,0.77434629,0
-1.4346398,-0.11509633,1.3734612,-0.87234187,-0.062347054,0.48490465,0
1.4445553,0.13377941,-1.2372556,0.87234187,0.062347054,-0.48490465,0
0.31058878,0.41558266,-0.85217458,-0.46138138,0.43303013,-0.77434629,0
1.0036465,0.7506212,-0.59704316,0.16170013,0.89922065,0.40651608,0
0.17856033,-0.12324804,-1.0387299,-0.46138138,0.43303013,-0.77434629,0
-1.6288557,0.54254907,0.6103214,0.16170013,0.89922065,0.40651608,0
1.2019382,-0.19367921,-1.525844,-0.46138138,0.43303013,-0.77434629,0
1.5413145,-0.35156989,-1.3719864,0.87234187,0.062347054,-0.48490465,0
-1.8955444,-0.23926038,0.85162783,-0.87234187,-0.062347054,0.48490465,0
0.066672184,-0.18762487,0.50298369,0.46138138,-0.43303013,0.77434629,0
0.7321831,0.19600341,0.2103264,0.16170013,0.89922065,0.40651608,0
1.2049748,0.34666926,-1.0801668,-0.46138138,0.43303013,-0.77434629,0
-0.32560217,-0.49654794,0.30793193,0.46138138,-0.43303013,0.77434629,0
1.7720461,0.01494728,-0.14546728,0.46138138,-0.43303013,0.77434629,0
-0.66072619,-0.24764447,-0.36470425,-0.16170013,-0.89922065,-0.40651608,0
-1.7518132,-0.46163124,1.1496007,-0.87234187,-0.062347054,0.48490465,0
0.53572989,-0.27966762,-0.84175593,-0.16170013,-0.89922065,-0.40651608,0
-0.41624376,0.41797432,0.15426385,0.16170013,0.89922065,0.40651608,0
-2.0954914,-0.31723231,0.7046814,-0.87234187,-0.062347054,0.48490465,0
-1.9713671,-0.28876472,0.71366835,-0.87234187,-0.062347054,0.48490465,0
0.33598208,0.010079086,0.39500821,0.46138138,-0.43303013,0.77434629,0
1.6566659,0.75771332,-1.2411038,-0.46138138,0.43303013,-0.77434629,0
1.9106117,-0.32576412,-0.92158389,0.87234187,0.062347054,-0.48490465,0
-1.4808654,-0.6051805,1.0919461,-0.87234187,-0.062347054,0.48490465,0
1.7738005,-0.39382026,-0.41045427,0.46138138,-0.43303013,0.77434629,0
-0.562002,-0.0032888055,0.80973583,0.46138138,-0.43303013,0.77434629,0
0.49196905,0.34655508,0.38933152,0.16170013,0.89922065,0.40651608,0
-1.8291566,-0.34279647,0.63455689,-0.87234187,-0.062347054,0.48490465,0
-1.6135798,-0.43704295,1.2867038,-0.87234187,-0.062347054,0.48490465,0
-1.7537413,0.095108032,1.0962868,-0.87234187,-0.062347054,0.48490465,0
-1.5354658,-0.023941636,1.6290443,-0.87234187,-0.062347054,0.48490465,0
1.6063464,0.1088177,-1.2103376,0.87234187,0.062347054,-0.48490465,0
1.7254976,-0.35246736,-0.89524913,0.87234187,0.062347054,-0.48490465,0
-1.7832747,-0.14161319,0.91685581,-0.87234187,-0.062347054,0.48490465,0
-0.85151649,-0.83995062,0.74820894,0.46138138,-0.43303013,0.77434629,0
1.841917,0.37261668,-0.6929909,0.87234187,0.062347054,-0.48490465,0
0.67501748,0.79728723,-0.41403484,0.16170013,0.89922065,0.40651608,0
1.1850978,0.38362086,-0.97218394,-0.46138138,0.43303013,-0.77434629,0
1.340121,0.14812744,-0.31794155,0.46138138,-0.43303013,0.77434629,0
1.6964421,0.69316924,-1.2344494,0.87234187,0.062347054,-0.48490465,0
0.47462732,-0.6079706,-0.36674666,-0.16170013,-0.89922065,-0.40651608,0
-1.3986504,0.50948238,0.47892606,0.16170013,0.89922065,0.40651608,0
2.1044173,-0.028557256,-0.57932663,0.46138138,-0.43303013,0.77434629,0
-1.8736186,-0.73362195,0.76161957,-0.87234187,-0.062347054,0.48490465,0
-1.3397158,0.11488599,-0.040043831,-0.46138138,0.43303013,-0.77434629,0
-1.1414925,-0.26638317,1.2548997,0.46138138,-0.43303013,0.77434629,0
0.83205479,-0.26709345,0.044597805,0.46138138,-0.43303013,0.77434629,0
-1.8634862,-0.094672129,0.54516006,-0.87234187,-0.062347054,0.48490465,0
1.1473582,0.3912909,-0.3485589,0.16170013,0.89922065,0.40651608,0
-1.3084855,-0.55699563,0.86209321,-0.16170013,-0.89922065,-0.40651608,0
0.29243118,0.38514411,0.057025246,0.16170013,0.89922065,0.40651608,0
-0.33415198,-0.27381492,-0.37102449,-0.46138138,0.43303013,-0.77434629,0
0.27158359,0.70173407,-0.61778152,0.16170013,0.89922065,0.40651608,0
0.0044522583,0.40753993,0.66551256,0.16170013,0.89922065,0.40651608,0
-1.5080993,0.0025528669,1.5897996,-0.87234187,-0.062347054,0.48490465,0
1.3057252,0.22427739,-0.18912899,0.46138138,-0.43303013,0.77434629,0
-0.50029367,0.14160007,0.82080996,0.16170013,0.89922065,0.40651608,0
-1.0079226,0.21832748,0.21789348,-0.46138138,0.43303013,-0.77434629,0
-0.55718786,-0.75255013,0.45035601,-0.16170013,-0.89922065,-0.40651608,0
-1.6096016,-0.38150227,0.77775872,-0.87234187,-0.062347054,0.48490465,0
1.5754932,0.4153617,-0.34202623,0.16170013,0.89922065,0.40651608,0
0.91260368,-0.25948882,-1.4860731,-0.16170013,-0.89922065,-0.40651608,0
0.41436541,0.29968643,-0.78059614,-0.46138138,0.43303013,-0.77434629,0
-0.72387487,-0.46390688,-0.19237331,-0.16170013,-0.89922065,-0.40651608,0
1.5407987,0.45347822,-1.0990267,0.87234187,0.062347054,-0.48490465,0
-1.518387,0.62223399,0.52789176,-0.46138138,0.43303013,-0.77434629,0
-0.54762143,-0.024199188,-0.54993218,-0.46138138,0.43303013,-0.77434629,0
-1.1675875,0.41566288,0.97317314,0.16170013,0.89922065,0.40651608,0
0.48469406,0.63701481,-0.81060922,-0.46138138,0.43303013,-0.77434629,0
-1.4333881,0.40170959,0.60719788,-0.46138138,0.43303013,-0.77434629,0
-0.73610628,-0.85755527,0.59028071,-0.16170013,-0.89922065,-0.40651608,0
0.75692791,0.61841697,0.04237479,0.16170013,0.89922065,0.40651608,0
-1.8840761,0.1972231,0.39780068,-0.46138138,0.43303013,-0.77434629,0
1.5677016,-0.52003533,-0.43619382,0.46138138,-0.43303013,0.77434629,0
0.43677467,-0.086273015,-0.70190036,-0.46138138,0.43303013,-0.77434629,0
-0.43549111,-0.80476314,0.24578738,-0.16170013,-0.89922065,-0.40651608,0
0.99861443,-0.57008982,-0.6084578,-0.16170013,-0.89922065,-0.40651608,0
-1.7113039,-0.45540506,0.7413373,-0.87234187,-0.062347054,0.48490465,0
-1.8283517,0.082573459,0.53591132,-0.87234187,-0.062347054,0.48490465,0
1.3627319,0.46305287,-1.2940558,0.87234187,0.062347054,-0.48490465,0
-1.9324775,0.20752186,0.90540648,-0.87234187,-0.062347054,0.48490465,0
1.6218221,-0.27516037,-0.3976233,0.46138138,-0.43303013,0.77434629,0
-1.4100327,-0.25534415,1.2402594,-0.87234187,-0.062347054,0.48490465,0
-0.78069365,0.10015249,1.0140724,0.16170013,0.89922065,0.40651608,0
1.3744226,0.28340602,-1.332083,0.87234187,0.062347054,-0.48490465,0
1.9507776,-0.45652604,-0.85390711,0.87234187,0.062347054,-0.48490465,0
-1.5515341,-0.22359218,0.15220106,-0.46138138,0.43303013,-0.77434629,0
-1.9853063,-0.26221639,0.85410738,-0.87234187,-0.062347054,0.48490465,0
1.3751409,-0.21002021,-0.82188141,-0.16170013,-0.89922065,-0.40651608,0
-1.099582,-0.66144657,0.86339355,-0.16170013,-0.89922065,-0.40651608,0
1.8016057,0.060684144,-1.1657574,0.87234187,0.062347054,-0.48490465,0
1.8283992,-0.30286881,-0.45062876,0.46138138,-0.43303013,0.77434629,0
2.0877123,0.49751908,-0.71220493,0.87234187,0.062347054,-0.48490465,0
-1.7981063,0.025379539,1.138375,-0.87234187,-0.062347054,0.48490465,0
1.7581296,0.68650627,-0.95807767,0.16170013,0.89922065,0.40651608,0
1.7191782,0.30261922,-1.2808588,0.87234187,0.062347054,-0.48490465,0
-1.1963425,0.69535542,0.49956787,-0.46138138,0.43303013,-0.77434629,0
1.4618764,-0.44121012,-0.4039042,-0.16170013,-0.89922065,-0.40651608,0
-0.85070848,-0.54026443,0.24022716,-0.16170013,-0.89922065,-0.40651608,0
1.5266893,0.60652018,-1.3562725,-0.46138138,0.43303013,-0.77434629,0
0.4040758,0.38842908,0.41906518,0.16170013,0.89922065,0.40651608,0
1.348624,-0.16105366,-1.2082455,-0.16170013,-0.89922065,-0.40651608,0
-0.0009252429,-0.33028245,0.34734535,0.46138138,-0.43303013,0.77434629,0
1.1356072,-0.47093713,-0.2182765,0.46138138,-0.43303013,0.77434629,0
0.910941,-0.45350146,-0.87129509,-0.16170013,-0.89922065,-0.40651608,0
-1.4649398,-0.33213031,1.1436492,0.46138138,-0.43303013,0.77434629,0
-1.0148506,-0.61653697,0.46089071,-0.16170013,-0.89922065,-0.40651608,0
0.031539232,-0.1925301,-0.73431236,-0.46138138,0.43303013,-0.77434629,0
-1.9191059,0.32376444,0.55152559,-0.87234187,-0.062347054,0.48490465,0
2.0310054,-0.24910457,-0.6620512,0.46138138,-0.43303013,0.77434629,0
-0.55905181,-0.090009391,0.73434258,0.46138138,-0.43303013,0.77434629,0
-1.1106023,0.041364551,1.0890435,0.46138138,-0.43303013,0.77434629,0
0.49566603,0.33270973,0.48427099,0.46138138,-0.43303013,0.77434629,0
-1.8024225,-0.6699214,1.1903807,-0.87234187,-0.062347054,0.48490465,0
-0.082046032,-0.69648874,0.28972667,0.46138138,-0.43303013,0.77434629,0
0.46016741,-0.6324752,-0.026518703,-0.16170013,-0.89922065,-0.40651608,0
-0.83880472,0.38786831,0.25278389,0.16170013,0.89922065,0.40651608,0
-1.8506169,-0.18015459,0.59487438,-0.87234187,-0.062347054,0.48490465,0
-1.7217511,-0.091532171,1.246248,-0.87234187,-0.062347054,0.48490465,0
-0.5200811,0.067222655,0.76580012,0.46138138,-0.43303013,0.77434629,0
-1.7691333,-0.60460079,1.0978527,-0.87234187,-0.062347054,0.48490465,0
-0.041946173,-0.67371666,-0.050451472,-0.16170013,-0.89922065,-0.40651608,0
-1.6928579,0.029797656,0.33421528,-0.46138138,0.43303013,-0.77434629,0
-1.259779,-0.27808654,1.4643083,0.46138138,-0.43303013,0.77434629,0
-0.91272151,-0.55253756,1.0238886,0.46138138,-0.43303013,0.77434629,0
-0.33779913,-0.016006649,-0.44043675,-0.46138138,0.43303013,-0.77434629,0
1.2142293,0.35024309,-1.1469156,-0.46138138,0.43303013,-0.77434629,0
1.8394555,-0.42249241,-0.67693567,0.87234187,0.062347054,-0.48490465,0
2.116827,-0.34985793,-0.71236324,0.87234187,0.062347054,-0.48490465,0
-1.7512802,-0.20996699,0.6471045,-0.87234187,-0.062347054,0.48490465,0
1.7490211,0.200867,-1.1608472,0.87234187,0.062347054,-0.48490465,0
-1.3470308,0.61302215,0.4963882,0.16170013,0.89922065,0.40651608,0
1.87819,0.026515543,-0.84959292,0.87234187,0.062347054,-0.48490465,0
-1.7546638,-0.06491299,0.316414,-0.46138138,0.43303013,-0.77434629,0
-1.2905703,-0.042694449,1.4074079,-0.87234187,-0.062347054,0.48490465,0
1.7253233,0.029630601,-0.78571475,0.87234187,0.062347054,-0.48490465,0
-1.8448042,0.033080488,0.8428123,-0.87234187,-0.062347054,0.48490465,0
-1.2422118,0.47376478,0.89661872,0.16170013,0.89922065,0.40651608,0
0.94362962,0.58764362,-1.1032796,-0.46138138,0.43303013,-0.77434629,0
-1.0393877,0.3241078,0.57703876,0.16170013,0.89922065,0.40651608,0
-1.036305,0.49572968,0.077049732,-0.46138138,0.43303013,-0.77434629,0
-1.6914752,-0.60124052,1.2757483,-0.87234187,-0.062347054,0.48490465,0
-0.033854306,0.44859296,-0.47301909,-0.46138138,0.43303013,-0.77434629,0
1.0116096,0.41507959,-1.2384943,-0.46138138,0.43303013,-0.77434629,0
-1.8419647,-0.15148884,0.55371392,-0.87234187,-0.062347054,0.48490465,0
1.7880327,0.24614441,-1.0602257,0.87234187,0.062347054,-0.48490465,0
-1.7463703,0.6935271,0.59687257,-0.46138138,0.43303013,-0.77434629,0
-1.7681705,0.31056374,0.94548416,-0.87234187,-0.062347054,0.48490465,0
-1.3236482,0.60760021,0.27107072,-0.46138138,0.43303013,-0.77434629,0
1.849787,0.27988559,-1.0898211,0.87234187,0.062347054,-0.48490465,0
1.6397269,0.10249984,-1.1631866,0.87234187,0.062347054,-0.48490465,0
-0.30475223,0.70228398,0.06330204,0.16170013,0.89922065,0.40651608,0
-1.5967906,-0.33727449,0.79890287,-0.87234187,-0.062347054,0.48490465,0
1.3210992,0.5297085,-0.55241036,0.16170013,0.89922065,0.40651608,0
1.8064754,0.15471691,-1.0407059,0.87234187,0.062347054,-0.48490465,0
-1.7196295,0.13165092,0.97292542,-0.87234187,-0.062347054,0.48490465,0
1.5236427,-0.1275844,-0.47064447,0.46138138,-0.43303013,0.77434629,0
-1.331434,-0.61457872,0.55354571,-0.16170013,-0.89922065,-0.40651608,0
0.39531532,0.12540334,-0.58914083,-0.46138138,0.43303013,-0.77434629,0
0.090433709,-0.054311275,0.73364943,0.46138138,-0.43303013,0.77434629,0
-0.05140397,0.30246913,0.81969178,0.46138138,-0.43303013,0.77434629,0
0.70235896,0.3731671,-0.055711985,0.16170013,0.89922065,0.40651608,0
0.25210905,-0.58855981,-0.054280311,-0.16170013,-0.89922065,-0.40651608,0
-1.7933338,-0.10603261,1.067868,-0.87234187,-0.062347054,0.48490465,0
1.3942765,0.64640224,-0.9097873,0.16170013,0.89922065,0.40651608,0
-1.7373868,-0.037489653,1.301868,-0.87234187,-0.062347054,0.48490465,0
0.42932057,-0.63347852,-0.012117684,0.46138138,-0.43303013,0.77434629,0
1.7463069,0.46438432,-1.0846454,0.87234187,0.062347054,-0.48490465,0
-1.7256912,0.1503312,1.1388903,-0.87234187,-0.062347054,0.48490465,0
0.90483701,-0.035426121,-0.11494726,0.46138138,-0.43303013,0.77434629,0
-0.14294815,-0.34123224,-0.50467473,-0.16170013,-0.89922065,-0.40651608,0
-1.8604158,-0.38566679,0.58704329,-0.87234187,-0.062347054,0.48490465,0
-1.8417608,-0.095543534,0.75836039,-0.87234187,-0.062347054,0.48490465,0
-1.9902923,0.032838881,0.89872622,-0.87234187,-0.062347054,0.48490465,0
-1.3964183,-0.27346659,1.2043955,-0.87234187,-0.062347054,0.48490465,0
1.6747388,0.16826832,-1.2630117,0.87234187,0.062347054,-0.48490465,0
1.3239657,0.36301148,-1.2453362,-0.46138138,0.43303013,-0.77434629,0
-1.4939041,-0.80557925,0.87396634,0.46138138,-0.43303013,0.77434629,0
-1.5336053,0.41848648,0.69860721,-0.46138138,0.43303013,-0.77434629,0
1.7962157,0.16777384,-1.2465141,0.87234187,0.062347054,-0.48490465,0
-0.62701344,-0.47095987,0.32454461,-0.16170013,-0.89922065,-0.40651608,0
0.018550187,0.35616028,-0.37059587,-0.46138138,0.43303013,-0.77434629,0
-1.4440804,-0.31451035,1.2358514,0.46138138,-0.43303013,0.77434629,0
1.993457,0.16171503,-0.36013699,0.46138138,-0.43303013,0.77434629,0
-1.1841375,-0.5850836,0.32605278,-0.16170013,-0.89922065,-0.40651608,0
-1.9256688,0.41558999,1.0157235,-0.87234187,-0.062347054,0.48490465,0
-1.6350482,-0.66096115,1.0949624,-0.87234187,-0.062347054,0.48490465,0
1.0029409,0.46245366,-0.38597041,0.16170013,0.89922065,0.40651608,0
-1.5636479,0.27217621,1.1578691,0.16170013,0.89922065,0.40651608,0
-1.0732517,0.55781132,0.33560264,0.16170013,0.89922065,0.40651608,0
-1.9518501,-0.062136292,0.89655328,-0.87234187,-0.062347054,0.48490465,0
-0.67170769,0.52762425,-0.10079271,-0.46138138,0.43303013,-0.77434629,0
-0.31260923,0.11665139,-0.26521337,-0.46138138,0.43303013,-0.77434629,0
0.19247836,-0.26892963,-0.58277702,-0.16170013,-0.89922065,-0.40651608,0
0.52980274,0.6422897,-0.72575366,-0.46138138,0.43303013,-0.77434629,0
0.67937112,0.12632507,-0.95038301,-0.46138138,0.43303013,-0.77434629,0
0.94581956,0.90355325,-0.91465348,-0.46138138,0.43303013,-0.77434629,0
0.24846131,0.01728186,0.39380053,0.46138138,-0.43303013,0.77434629,0
-0.32444787,0.6682874,-0.059309572,-0.46138138,0.43303013,-0.77434629,0
1.7232275,0.12129923,-0.36657679,0.46138138,-0.43303013,0.77434629,0
-0.13916889,-0.062201381,-0.37233615,-0.46138138,0.43303013,-0.77434629,0
-2.0111187,0.27302048,0.72575688,-0.46138138,0.43303013,-0.77434629,0
-1.638056,-0.41043484,1.3968263,-0.87234187,-0.062347054,0.48490465,0
-1.2579067,-0.90849721,1.016479,-0.16170013,-0.89922065,-0.40651608,0
-0.050490379,0.48478383,-0.034361973,0.16170013,0.89922065,0.40651608,0
1.6555064,0.25414652,-0.90175796,0.87234187,0.062347054,-0.48490465,0
1.9151881,0.14940692,-0.54092216,0.87234187,0.062347054,-0.48490465,0
1.1441579,0.41298777,-0.45865917,0.16170013,0.89922065,0.40651608,0
-0.045020044,0.5978893,-0.49503449,-0.46138138,0.43303013,-0.77434629,0
0.023368329,0.13008827,-0.47814399,-0.46138138,0.43303013,-0.77434629,0
1.1377404,0.15967548,-1.3604318,-0.46138138,0.43303013,-0.77434629,0
1.7536879,0.060861409,-0.81668472,0.87234187,0.062347054,-0.48490465,0
1.2749001,0.87864792,-1.1463822,-0.46138138,0.43303013,-0.77434629,0
1.802744,-0.3921994,-0.55208778,0.87234187,0.062347054,-0.48490465,0
-1.8748151,0.049335539,1.0251982,-0.87234187,-0.062347054,0.48490465,0
-0.16913849,0.52237308,0.61395609,0.16170013,0.89922065,0.40651608,0
-1.6158819,0.45852613,0.71511126,0.16170013,0.89922065,0.40651608,0
-0.065739512,-0.30729523,-0.37607527,-0.16170013,-0.89922065,-0.40651608,0
1.8047426,0.64690524,-0.73738611,0.16170013,0.89922065,0.40651608,0
-1.3819752,0.023692667,1.2370026,-0.87234187,-0.062347054,0.48490465,0
0.19779384,0.0069373846,-1.0148617,-0.46138138,0.43303013,-0.77434629,0
1.6288356,0.43903071,-1.0711163,0.87234187,0.062347054,-0.48490465,0
-1.6809859,0.16348469,1.0965369,-0.87234187,-0.062347054,0.48490465,0
-1.5062261,-0.83002734,1.2603341,0.46138138,-0.43303013,0.77434629,0
-0.38354921,0.24328309,-0.14426288,-0.46138138,0.43303013,-0.77434629,0
-1.8202114,-0.57415521,0.84466338,-0.87234187,-0.062347054,0.48490465,0
-1.2302527,0.51027822,0.82615483,0.16170013,0.89922065,0.40651608,0
-1.7952385,0.45215404,0.62495184,-0.46138138,0.43303013,-0.77434629,0
0.74390066,-0.25205198,0.17196989,0.46138138,-0.43303013,0.77434629,0
-1.2276008,-0.25093496,1.0781569,0.46138138,-0.43303013,0.77434629,0
2.0408821,0.56022418,-0.33652818,0.16170013,0.89922065,0.40651608,0
-1.5858433,0.083629593,0.13006568,-0.46138138,0.43303013,-0.77434629,0
-1.8019209,-0.35666466,1.2403452,-0.87234187,-0.062347054,0.48490465,0
0.41006339,-0.31705993,0.15852496,0.46138138,-0.43303013,0.77434629,0
-1.7663813,-0.61609399,1.174867,-0.87234187,-0.062347054,0.48490465,0
-1.3223646,-0.04400754,1.4405378,-0.87234187,-0.062347054,0.48490465,0
-0.84821135,-0.61759818,0.99843115,0.46138138,-0.43303013,0.77434629,0
0.29141006,0.42547768,0.37993148,0.16170013,0.89922065,0.40651608,0
2.1001427,0.3405751,-0.69983578,0.87234187,0.062347054,-0.48490465,0
1.6035681,0.14755911,-1.1542875,0.87234187,0.062347054,-0.48490465,0
-0.50248754,-0.44244611,0.77855611,0.46138138,-0.43303013,0.77434629,0
1.6971769,0.51950574,-0.90798306,0.87234187,0.062347054,-0.48490465,0
-1.3395424,0.37561268,0.85378957,0.16170013,0.89922065,0.40651608,0
0.49841174,-0.56346369,-0.19409961,-0.16170013,-0.89922065,-0.40651608,0
1.4300992,0.48566389,-1.4343764,-0.46138138,0.43303013,-0.77434629,0
-0.59855157,-0.071179509,0.85990715,0.46138138,-0.43303013,0.77434629,0
0.96385342,0.28817368,-0.25506783,0.16170013,0.89922065,0.40651608,0
1.664546,0.045162201,-1.5031295,0.87234187,0.062347054,-0.48490465,0
1.9192114,0.10361317,-0.70244575,0.87234187,0.062347054,-0.48490465,0
-2.1351821,0.0064246207,0.52619076,-0.87234187,-0.062347054,0.48490465,0
1.3876432,0.77684379,-1.1084914,0.16170013,0.89922065,0.40651608,0
1.6901795,-0.72021073,-0.77528524,-0.16170013,-0.89922065,-0.40651608,0
-0.16744864,0.61823094,0.31207725,0.16170013,0.89922065,0.40651608,0
0.23548594,0.59862149,-0.3108651,-0.46138138,0.43303013,-0.77434629,0
-2.2181997,-0.39825094,0.45077348,-0.87234187,-0.062347054,0.48490465,0
-2.0544906,0.17576522,0.53843427,-0.87234187,-0.062347054,0.48490465,0
-1.3220879,0.057578534,0.12150943,-0.46138138,0.43303013,-0.77434629,0
-0.77109683,-0.38835168,-0.26710835,-0.16170013,-0.89922065,-0.40651608,0
-1.6638314,0.66039503,0.87181282,-0.87234187,-0.062347054,0.48490465,0
-1.8485591,0.069760598,0.52489758,-0.46138138,0.43303013,-0.77434629,0
-2.0435417,0.51672971,0.80582309,-0.87234187,-0.062347054,0.48490465,0
0.3494153,0.34178296,0.17495878,0.16170013,0.89922065,0.40651608,0
-1.4980509,-0.22213104,0.1879859,-0.16170013,-0.89922065,-0.40651608,0
-0.33906251,-0.18072957,0.87834877,0.46138138,-0.43303013,0.77434629,0
-1.7953043,-0.35760176,0.65471959,-0.87234187,-0.062347054,0.48490465,0
0.39350763,-0.32138741,-0.51482749,-0.16170013,-0.89922065,-0.40651608,0
-1.6341648,-0.3675338,0.88866079,-0.87234187,-0.062347054,0.48490465,0
1.0946161,-0.14379269,-1.1438187,-0.46138138,0.43303013,-0.77434629,0
-1.6743298,0.4237861,0.39495742,-0.46138138,0.43303013,-0.77434629,0
-1.7012894,-0.24158035,0.39533317,-0.16170013,-0.89922065,-0.40651608,0
0.51111495,0.20804892,0.34090033,0.16170013,0.89922065,0.40651608,0
-1.3474779,-0.48278731,0.45437324,-0.16170013,-0.89922065,-0.40651608,0
1.797801,0.23351678,-0.37273359,0.46138138,-0.43303013,0.77434629,0
0.94216388,-0.050981641,-1.3667946,-0.16170013,-0.89922065,-0.40651608,0
-1.3626112,0.40112457,0.51618338,-0.46138138,0.43303013,-0.77434629,0
-0.49128625,-0.59448701,-0.081518218,-0.16170013,-0.89922065,-0.40651608,0
-0.6918714,-0.73182607,0.19847983,-0.16170013,-0.89922065,-0.40651608,0
1.9714649,0.11678416,-0.35319591,0.87234187,0.062347054,-0.48490465,0
-0.82221586,-0.49209964,0.090493023,-0.16170013,-0.89922065,-0.40651608,0
-0.92956471,-0.49998829,0.24905741,-0.16170013,-0.89922065,-0.40651608,0
-0.33080015,-0.15895277,0.95923281,0.46138138,-0.43303013,0.77434629,0
-1.6678853,-0.028088093,1.4802849,-0.87234187,-0.062347054,0.48490465,0
0.73407352,0.38968086,-0.93270957,-0.46138138,0.43303013,-0.77434629,0
-0.71376926,-0.53055048,0.62890452,-0.16170013,-0.89922065,-0.40651608,0
-2.0748138,0.30574057,0.66277695,-0.87234187,-0.062347054,0.48490465,0
1.6137276,-0.060140848,-1.4179842,-0.16170013,-0.89922065,-0.40651608,0
0.65345228,-0.4085474,-0.48075193,-0.16170013,-0.89922065,-0.40651608,0
-1.9437394,0.22324096,0.61725569,-0.87234187,-0.062347054,0.48490465,0
-0.11237708,0.29225487,-0.40575606,-0.46138138,0.43303013,-0.77434629,0
0.075271368,0.69223946,-0.39106187,-0.46138138,0.43303013,-0.77434629,0
1.9633113,0.040086448,-0.52607322,0.87234187,0.062347054,-0.48490465,0
-1.2772231,0.50093579,0.80001009,0.16170013,0.89922065,0.40651608,0
-2.0667748,0.32924569,0.60666823,-0.46138138,0.43303013,-0.77434629,0
0.66690588,-0.40420359,0.15807366,0.46138138,-0.43303013,0.77434629,0
1.6391315,-0.27157298,-0.9707818,-0.16170013,-0.89922065,-0.40651608,0
-0.94945228,-0.22965014,1.1996443,0.46138138,-0.43303013,0.77434629,0
-1.063069,-0.74507672,0.4220891,-0.16170013,-0.89922065,-0.40651608,0
-1.270843,-0.35173082,1.443718,0.46138138,-0.43303013,0.77434629,0
0.50349957,0.059670895,0.27968538,0.46138138,-0.43303013,0.77434629,0
1.936285,-0.060129687,-0.63549399,0.87234187,0.062347054,-0.48490465,0
-0.92673612,0.20759749,1.2951453,0.46138138,-0.43303013,0.77434629,0
0.058958411,0.22719657,-0.5714649,-0.46138138,0.43303013,-0.77434629,0
0.21529467,0.15750682,0.40487075,0.16170013,0.89922065,0.40651608,0
-0.44063607,-0.39769551,0.263156,-0.16170013,-0.89922065,-0.40651608,0
1.6542383,-0.003634572,-1.2491407,0.87234187,0.062347054,-0.48490465,0
-0.10149412,-0.14547843,-0.50840569,-0.16170013,-0.89922065,-0.40651608,0
-0.35519511,0.20767415,-0.43097946,-0.46138138,0.43303013,-0.77434629,0
0.93483186,0.67233473,-0.45975751,0.16170013,0.89922065,0.40651608,0
-1.9468822,0.2904613,0.78948236,-0.46138138,0.43303013,-0.77434629,0
-0.40346259,-0.69481915,0.38841805,0.46138138,-0.43303013,0.77434629,0
1.6594753,-0.27066463,-1.1063905,0.87234187,0.062347054,-0.48490465,0
1.7385871,0.29535192,-0.54485357,0.16170013,0.89922065,0.40651608,0
0.33686364,0.74952197,-0.29620177,0.16170013,0.89922065,0.40651608,0
1.9101436,0.50641644,-0.60844362,0.87234187,0.062347054,-0.48490465,0
-1.5939935,-0.24281907,0.9874965,-0.87234187,-0.062347054,0.48490465,0
1.0720725,0.74079162,-0.9158349,-0.46138138,0.43303013,-0.77434629,0
1.4074777,-0.26263571,-1.3841017,0.87234187,0.062347054,-0.48490465,0
-1.7575876,-0.60457969,0.53413498,-0.87234187,-0.062347054,0.48490465,0
1.821816,0.31855133,-0.45434856,0.87234187,0.062347054,-0.48490465,0
-1.7773198,0.24625793,1.0660331,-0.87234187,-0.062347054,0.48490465,0
-0.75629413,-0.19154161,0.97510129,0.46138138,-0.43303013,0.77434629,0
2.0237517,0.19366276,-0.66624594,0.87234187,0.062347054,-0.48490465,0
1.9642773,0.098106652,-0.70584178,0.87234187,0.062347054,-0.48490465,0
-1.9073052,0.009604454,0.97312903,-0.87234187,-0.062347054,0.48490465,0
1.7831711,-0.01487115,-0.56688356,0.87234187,0.062347054,-0.48490465,0
-1.8259149,-0.52802938,1.0339262,-0.87234187,-0.062347054,0.48490465,0
-1.5119753,-0.29010123,1.0646873,-0.87234187,-0.062347054,0.48490465,0
1.8725891,0.50808293,-0.94304824,0.87234187,0.062347054,-0.48490465,0
-0.3317681,0.48203999,0.51341581,0.16170013,0.89922065,0.40651608,0
-0.1258468,0.38487101,0.71957839,0.16170013,0.89922065,0.40651608,0
1.3271394,0.4121362,-0.13190424,0.16170013,0.89922065,0.40651608,0
1.1134534,-0.0019036531,-1.5003226,-0.16170013,-0.89922065,-0.40651608,0
1.4098384,0.34545878,0.024951458,0.46138138,-0.43303013,0.77434629,0
-0.8427102,0.034176528,1.0017191,0.16170013,0.89922065,0.40651608,0
-0.57685238,0.043840885,-0.40873823,-0.46138138,0.43303013,-0.77434629,0
-0.39845052,-0.25308025,-0.30063456,-0.16170013,-0.89922065,-0.40651608,0
-1.6654404,-0.19129014,1.3381155,0.46138138,-0.43303013,0.77434629,0
1.5783207,0.53965306,-1.2658408,0.87234187,0.062347054,-0.48490465,0
-0.30414444,0.61334658,-0.08390519,0.16170013,0.89922065,0.40651608,0
