2.5325992,1.6197405,-0.96603942,0.56679058,-0.80369127,-0.18118724,0
2.7492814,1.445078,-0.038248301,0.56679058,-0.80369127,-0.18118724,0
3.0236633,2.6464911,-0.4080255,0.79722965,0.59050632,-0.12540948,0
-2.9641407,-2.5560381,0.95137024,-0.79722965,-0.59050632,0.12540948,0
-1.3685169,-1.2416089,-0.43236828,-0.20778275,0.073366985,-0.97541988,0
-2.963223,-2.9630675,0.67525887,-0.79722965,-0.59050632,0.12540948,0
3.0739903,2.1476316,-0.68753695,0.79722965,0.59050632,-0.12540948,0
-0.61072296,0.40174156,0.10127541,-0.56679058,0.80369127,0.18118724,0
2.9417565,1.667833,-0.59470606,0.56679058,-0.80369127,-0.18118724,0
2.5325928,1.3052161,0.062930107,0.56679058,-0.80369127,-0.18118724,0
-3.0737908,-2.225215,0.76657462,-0.79722965,-0.59050632,0.12540948,0
-3.2275128,-2.4022386,0.82242918,-0.79722965,-0.59050632,0.12540948,0
1.3340392,0.72681397,0.3301096,0.20778275,-0.073366985,0.97541988,0
-2.1359777,-1.2516973,0.022679329,-0.20778275,0.073366985,-0.97541988,0
2.198112,2.0198495,-0.39833927,-0.56679058,0.80369127,0.18118724,0
2.4767747,1.1304641,-0.55469823,0.56679058,-0.80369127,-0.18118724,0
-1.071847,-1.1204886,-0.42223465,0.56679058,-0.80369127,-0.18118724,0
-1.6672821,-0.95316261,-0.35220623,-0.20778275,0.073366985,-0.97541988,0
-1.1663625,-0.34893709,0.37924623,-0.56679058,0.80369127,0.18118724,0
-1.2944574,-1.3095572,-0.26414299,-0.20778275,0.073366985,-0.97541988,0
2.7182779,2.7835734,-0.50119567,0.79722965,0.59050632,-0.12540948,0
-2.688427,-2.7278576,0.62862158,-0.79722965,-0.59050632,0.12540948,0
1.3519678,0.60746092,-0.75665748,-0.20778275,0.073366985,-0.97541988,0
-2.2501407,-1.9661704,0.87131095,0.20778275,-0.073366985,0.97541988,0
2.9501448,2.484916,-0.50992537,0.79722965,0.59050632,-0.12540948,0
0.84374434,1.4793386,-0.5680871,-0.56679058,0.80369127,0.18118724,0
2.1817169,2.2791746,-0.89137363,-0.56679058,0.80369127,0.18118724,0
-1.4129047,-0.61996621,0.15841639,-0.56679058,0.80369127,0.18118724,0
2.8607507,2.5606694,-0.073747635,0.79722965,0.59050632,-0.12540948,0
0.29025227,0.75885701,-0.30142543,-0.56679058,0.80369127,0.18118724,0
-0.48791862,-0.78758001,-0.42966783,0.56679058,-0.80369127,-0.18118724,0
-2.3446026,-2.3928657,0.48708081,0.56679058,-0.80369127,-0.18118724,0
3.2442963,1.9491009,-0.35560465,0.56679058,-0.80369127,-0.18118724,0
-2.9577675,-2.413873,0.61610532,-0.79722965,-0.59050632,0.12540948,0
0.70727265,0.79825449,-0.49910271,-0.20778275,0.073366985,-0.97541988,0
2.5192575,1.108777,0.16249013,0.56679058,-0.80369127,-0.18118724,0
-2.9491491,-2.7073822,0.37113142,-0.79722965,-0.59050632,0.12540948,0
-3.2756858,-2.1182003,0.21854734,-0.79722965,-0.59050632,0.12540948,0
-3.081439,-1.6314484,0.32770586,-0.56679058,0.80369127,0.18118724,0
0.79965401,-0.14265999,0.13049722,0.56679058,-0.80369127,-0.18118724,0
-3.307997,-2.2000833,0.99044633,-0.79722965,-0.59050632,0.12540948,0
2.4865601,2.3108604,-0.64017773,-0.56679058,0.80369127,0.18118724,0
-3.2225354,-2.5474946,0.17136049,-0.79722965,-0.59050632,0.12540948,0
3.3577628,2.1777878,-0.56672192,0.79722965,0.59050632,-0.12540948,0
1.5448942,0.61383003,-0.62767327,0.56679058,-0.80369127,-0.18118724,0
-1.6481223,-0.87200844,0.96412086,0.20778275,-0.073366985,0.97541988,0
-1.7167816,-1.7746754,0.69274783,0.56679058,-0.80369127,-0.18118724,0
-2.7799087,-2.5152345,0.80786896,-0.79722965,-0.59050632,0.12540948,0
1.5625774,0.5239982,-0.2268647,0.56679058,-0.80369127,-0.18118724,0
-0.33056986,-0.20204441,-0.56687456,-0.20778275,0.073366985,-0.97541988,0
3.0251465,1.4797423,-0.85185075,0.56679058,-0.80369127,-0.18118724,0
-3.2847321,-2.4185872,0.36424732,-0.79722965,-0.59050632,0.12540948,0
-0.037531078,0.3393032,0.59621018,0.20778275,-0.073366985,0.97541988,0
3.4126163,2.4565074,-0.066048145,0.79722965,0.59050632,-0.12540948,0
3.157706,2.0610082,-0.54625559,0.79722965,0.59050632,-0.12540948,0
-3.6115918,-2.1049395,0.5762887,-0.79722965,-0.59050632,0.12540948,0
0.18230218,-0.34794882,-0.58752787,-0.20778275,0.073366985,-0.97541988,0
-2.4213653,-1.2006309,0.76483274,-0.56679058,0.80369127,0.18118724,0
-2.1234889,-1.0566374,-0.26334405,-0.20778275,0.073366985,-0.97541988,0
0.2296198,0.35077289,0.68268096,0.20778275,-0.073366985,0.97541988,0
-0.87513602,-0.16411391,-0.1337676,-0.20778275,0.073366985,-0.97541988,0
3.2559009,1.9224167,-0.96206498,0.79722965,0.59050632,-0.12540948,0
-0.32673472,-0.94253409,0.48803824,0.56679058,-0.80369127,-0.18118724,0
-3.7029073,-2.0227911,0.36585426,-0.79722965,-0.59050632,0.12540948,0
1.171415,0.88930798,-0.75032628,-0.20778275,0.073366985,-0.97541988,0
3.527653,2.2006583,-0.39937449,0.79722965,0.59050632,-0.12540948,0
2.1611209,0.80888516,-0.61137581,0.56679058,-0.80369127,-0.18118724,0
3.186743,2.5938988,-0.91706443,0.79722965,0.59050632,-0.12540948,0
2.4829428,1.1777679,-0.89959335,0.56679058,-0.80369127,-0.18118724,0
2.8921788,2.8108668,-0.01540184,0.79722965,0.59050632,-0.12540948,0
2.2897243,2.4018512,-0.48590207,-0.56679058,0.80369127,0.18118724,0
3.0835495,2.8258538,-0.47423029,0.79722965,0.59050632,-0.12540948,0
2.5935953,1.9677848,-0.76464033,-0.20778275,0.073366985,-0.97541988,0
1.5477746,2.0546794,-0.42517829,-0.56679058,0.80369127,0.18118724,0
3.2090495,2.1388116,-0.42965722,0.79722965,0.59050632,-0.12540948,0
1.7852004,0.87429059,-0.077083588,0.56679058,-0.80369127,-0.18118724,0
2.3205543,2.1332328,-0.30445266,-0.56679058,0.80369127,0.18118724,0
-3.2168574,-1.8586522,0.86310244,0.20778275,-0.073366985,0.97541988,0
-3.2719467,-2.0101972,0.95247436,-0.79722965,-0.59050632,0.12540948,0
-2.1515043,-1.5390186,0.65524554,0.20778275,-0.073366985,0.97541988,0
2.3444276,2.1616368,-1.0241389,-0.20778275,0.073366985,-0.97541988,0
-3.2184412,-2.2813802,0.46583462,-0.79722965,-0.59050632,0.12540948,0
-1.2085247,-0.16027552,-0.32779634,-0.20778275,0.073366985,-0.97541988,0
3.216439,2.1692724,-0.70640135,0.79722965,0.59050632,-0.12540948,0
2.3473687,0.81850874,0.12167335,0.20778275,-0.073366985,0.97541988,0
-0.39351049,-0.76955223,-0.28434885,-0.20778275,0.073366985,-0.97541988,0
-3.2600832,-2.3367438,0.68590426,-0.79722965,-0.59050632,0.12540948,0
-3.1639128,-2.6290202,0.88066959,-0.79722965,-0.59050632,0.12540948,0
1.4742601,0.39425868,-0.6175971,0.56679058,-0.80369127,-0.18118724,0
3.2898099,2.0142648,-0.27008104,0.79722965,0.59050632,-0.12540948,0
-1.3713653,-0.46765012,0.93218768,0.20778275,-0.073366985,0.97541988,0
2.1385188,1.7939267,-0.84863758,-0.20778275,0.073366985,-0.97541988,0
-3.2603805,-2.3071938,0.25420713,-0.79722965,-0.59050632,0.12540948,0
-2.0085206,-1.9152602,-0.11676025,0.56679058,-0.80369127,-0.18118724,0
1.3070441,1.4497793,-0.87003851,-0.20778275,0.073366985,-0.97541988,0
-0.22112976,-0.57244396,-0.18347496,0.56679058,-0.80369127,-0.18118724,0
3.2551825,1.9522343,-0.94917488,0.79722965,0.59050632,-0.12540948,0
-2.3583348,-2.2617588,0.71212411,0.20778275,-0.073366985,0.97541988,0
-3.020319,-1.774547,0.59500837,-0.56679058,0.80369127,0.18118724,0
1.8217709,0.44223577,0.011174202,0.56679058,-0.80369127,-0.18118724,0
-0.6598832,0.060901716,0.48380902,-0.56679058,0.80369127,0.18118724,0
3.5694318,1.8502179,-0.2967248,0.79722965,0.59050632,-0.12540948,0
1.5897684,0.47596964,0.28412831,0.20778275,-0.073366985,0.97541988,0
-0.51065272,-0.81370401,0.10925025,0.56679058,-0.80369127,-0.18118724,0
1.2241949,1.4554956,-0.22852778,-0.56679058,0.80369127,0.18118724,0
2.6727614,1.8245559,-0.8431468,-0.20778275,0.073366985,-0.97541988,0
2.544445,0.95207667,-0.0052564144,0.56679058,-0.80369127,-0.18118724,0
-2.810375,-2.1759758,-0.16617298,-0.20778275,0.073366985,-0.97541988,0
-3.2044446,-2.3105257,0.99747014,-0.79722965,-0.59050632,0.12540948,0
3.4897976,1.9774121,-0.28396034,0.79722965,0.59050632,-0.12540948,0
3.1134658,1.8914769,-0.86863708,-0.20778275,0.073366985,-0.97541988,0
2.7094402,2.632678,-0.82906914,-0.20778275,0.073366985,-0.97541988,0
-1.1797881,-0.3626757,0.22727036,-0.56679058,0.80369127,0.18118724,0
-2.8565099,-2.6532793,-0.25302219,-0.79722965,-0.59050632,0.12540948,0
-2.1013007,-1.0829588,0.16272068,-0.56679058,0.80369127,0.18118724,0
-3.3922713,-2.3554716,0.60725927,-0.79722965,-0.59050632,0.12540948,0
3.3372598,1.8899637,-1.161329,0.56679058,-0.80369127,-0.18118724,0
-2.3515024,-2.2335575,0.44501114,0.56679058,-0.80369127,-0.18118724,0
3.3994255,2.0934019,-0.17249393,0.79722965,0.59050632,-0.12540948,0
-2.4744334,-1.6353588,-0.084288359,-0.20778275,0.073366985,-0.97541988,0
0.36082977,0.75258905,-0.59696531,-0.20778275,0.073366985,-0.97541988,0
2.9115629,2.5595613,-0.43701911,0.79722965,0.59050632,-0.12540948,0
1.8278277,0.57576442,0.090189934,0.56679058,-0.80369127,-0.18118724,0
3.1445422,2.7018685,-0.30509567,0.79722965,0.59050632,-0.12540948,0
-1.3375894,-1.50102,-0.41034973,-0.20778275,0.073366985,-0.97541988,0
2.3553772,2.1324108,-0.26653934,-0.56679058,0.80369127,0.18118724,0
2.2297497,2.1402738,-0.79565573,-0.20778275,0.073366985,-0.97541988,0
-2.9758749,-2.5977287,0.23047781,-0.79722965,-0.59050632,0.12540948,0
-2.4105129,-1.0589665,-0.12433147,-0.20778275,0.073366985,-0.97541988,0
2.6836967,1.87901,-1.0426145,-0.20778275,0.073366985,-0.97541988,0
2.0726328,1.1785072,-0.98063588,-0.20778275,0.073366985,-0.97541988,0
1.3870286,0.29223999,0.29054201,0.56679058,-0.80369127,-0.18118724,0
3.0013199,1.6959677,-0.058613062,0.20778275,-0.073366985,0.97541988,0
3.2119803,2.5539544,-0.37226868,0.79722965,0.59050632,-0.12540948,0
3.3781071,2.0208435,-0.46489429,0.79722965,0.59050632,-0.12540948,0
-3.3046083,-2.4484162,0.93883514,-0.79722965,-0.59050632,0.12540948,0
-2.4507022,-2.2656155,0.033982038,-0.20778275,0.073366985,-0.97541988,0
3.0126512,2.4302831,-0.48911095,0.79722965,0.59050632,-0.12540948,0
0.90830404,0.68443942,-0.47671157,-0.20778275,0.073366985,-0.97541988,0
-3.0582685,-2.6244311,0.63955855,-0.79722965,-0.59050632,0.12540948,0
-0.57457805,-0.26017526,0.4589844,0.20778275,-0.073366985,0.97541988,0
0.065389395,-0.61995417,-0.093923189,0.56679058,-0.80369127,-0.18118724,0
-0.52752352,-0.069775522,-0.31960261,-0.20778275,0.073366985,-0.97541988,0
3.2920527,2.1047688,-0.87576079,0.79722965,0.59050632,-0.12540948,0
2.2737429,2.6513543,-0.85063171,-0.56679058,0.80369127,0.18118724,0
-2.022418,-0.97849071,0.35067987,-0.56679058,0.80369127,0.18118724,0
0.44426659,0.70292443,0.29142267,-0.56679058,0.80369127,0.18118724,0
-0.15088168,0.32606399,-0.23509221,-0.56679058,0.80369127,0.18118724,0
-1.8166622,-1.2657051,0.69790983,0.20778275,-0.073366985,0.97541988,0
-2.433104,-1.8908554,1.0417223,0.20778275,-0.073366985,0.97541988,0
0.014299095,0.39395571,-0.31881052,-0.20778275,0.073366985,-0.97541988,0
-2.9807076,-2.5888481,0.31710601,0.56679058,-0.80369127,-0.18118724,0
2.9995019,1.7947735,0.070211411,0.20778275,-0.073366985,0.97541988,0
-0.072291434,-0.48036316,0.14834504,0.56679058,-0.80369127,-0.18118724,0
1.6543273,0.78834981,-0.69080579,-0.20778275,0.073366985,-0.97541988,0
-2.7738135,-2.8478174,0.60822034,0.56679058,-0.80369127,-0.18118724,0
2.5861495,2.525301,-0.48792577,-0.56679058,0.80369127,0.18118724,0
3.1785178,2.2605364,-1.1335561,-0.20778275,0.073366985,-0.97541988,0
3.2317154,2.6852524,-0.081791401,0.79722965,0.59050632,-0.12540948,0
-2.2661264,-2.4430692,0.77994657,0.56679058,-0.80369127,-0.18118724,0
0.14801019,0.27295941,0.55984652,0.20778275,-0.073366985,0.97541988,0
-1.5377138,-0.3799735,0.4920795,-0.56679058,0.80369127,0.18118724,0
-3.1988413,-2.1427984,0.99247241,0.20778275,-0.073366985,0.97541988,0
-3.1593559,-2.0286024,0.8519938,-0.79722965,-0.59050632,0.12540948,0
-2.21631,-2.0166726,0.095547676,0.56679058,-0.80369127,-0.18118724,0
-1.2437598,-1.3364481,0.77507162,0.20778275,-0.073366985,0.97541988,0
3.6998563,1.9438518,-0.48034954,0.79722965,0.59050632,-0.12540948,0
3.0050051,2.3821239,-0.5741725,0.79722965,0.59050632,-0.12540948,0
-3.0130808,-2.4497991,0.17415285,-0.79722965,-0.59050632,0.12540948,0
3.073684,2.5196033,-0.41125226,0.79722965,0.59050632,-0.12540948,0
2.9433613,2.5772169,-0.41565251,0.79722965,0.59050632,-0.12540948,0
1.580442,1.2116785,0.40143418,0.20778275,-0.073366985,0.97541988,0
1.4991874,0.29677343,-0.036314964,0.56679058,-0.80369127,-0.18118724,0
-3.2717295,-1.9805641,0.24270678,-0.79722965,-0.59050632,0.12540948,0
-0.87793827,-0.36033824,0.57407594,0.20778275,-0.073366985,0.97541988,0
2.9328592,2.6878929,-0.64068604,0.79722965,0.59050632,-0.12540948,0
-3.0005364,-2.6211267,0.6927526,-0.79722965,-0.59050632,0.12540948,0
0.78135514,0.24315192,-0.67689627,-0.20778275,0.073366985,-0.97541988,0
-3.4611175,-2.3807242,0.11950397,-0.79722965,-0.59050632,0.12540948,0
2.6437314,1.5926394,-0.073138237,0.20778275,-0.073366985,0.97541988,0
2.3878679,1.6334958,-0.99937701,-0.20778275,0.073366985,-0.97541988,0
1.9879217,1.5874224,-0.84961629,-0.20778275,0.073366985,-0.97541988,0
-0.89100671,0.0850043,0.35384154,-0.56679058,0.80369127,0.18118724,0
-3.1342742,-2.291697,0.70774364,-0.79722965,-0.59050632,0.12540948,0
-3.082314,-1.8659158,0.82528973,-0.56679058,0.80369127,0.18118724,0
1.0213078,-0.17202571,0.13278222,0.56679058,-0.80369127,-0.18118724,0
-0.82017708,-0.56240785,-0.50589716,-0.20778275,0.073366985,-0.97541988,0
-1.9806422,-2.0222259,-0.037098885,0.56679058,-0.80369127,-0.18118724,0
-0.29078031,-0.55416375,-0.22625923,0.56679058,-0.80369127,-0.18118724,0
2.0458558,0.62739158,-0.088268042,0.56679058,-0.80369127,-0.18118724,0
-1.1322339,-1.4204673,0.18438888,0.56679058,-0.80369127,-0.18118724,0
0.23215449,0.75155747,-0.18291748,-0.56679058,0.80369127,0.18118724,0
-1.0984735,-0.938097,-0.47847152,-0.20778275,0.073366985,-0.97541988,0
1.3360968,0.65340161,0.38834035,0.20778275,-0.073366985,0.97541988,0
1.0665371,1.1773355,0.11621976,-0.56679058,0.80369127,0.18118724,0
3.4233165,2.2336771,-0.35512304,0.79722965,0.59050632,-0.12540948,0
-1.3636715,-1.2195777,-0.34783399,-0.20778275,0.073366985,-0.97541988,0
2.2215838,2.0973201,0.2628336,0.20778275,-0.073366985,0.97541988,0
2.8815575,2.6222444,-0.53541708,0.79722965,0.59050632,-0.12540948,0
0.88482845,0.076202631,0.15371644,0.56679058,-0.80369127,-0.18118724,0
-3.3819821,-1.8313165,0.7681036,-0.79722965,-0.59050632,0.12540948,0
-3.1220846,-2.6604748,-0.059800625,-0.79722965,-0.59050632,0.12540948,0
-1.2917612,-1.0400616,0.71175134,0.20778275,-0.073366985,0.97541988,0
-3.4111598,-2.3690329,0.053396702,-0.79722965,-0.59050632,0.12540948,0
3.2357812,2.1956325,-0.15852356,0.79722965,0.59050632,-0.12540948,0
3.3801579,1.9871937,-0.017992973,0.79722965,0.59050632,-0.12540948,0
2.7801819,2.8243427,-0.55379176,0.79722965,0.59050632,-0.12540948,0
-3.4345272,-1.9771119,0.54266739,-0.79722965,-0.59050632,0.12540948,0
-0.45822984,-0.05593355,0.67930937,0.20778275,-0.073366985,0.97541988,0
3.4200666,2.0333865,-0.44316959,0.79722965,0.59050632,-0.12540948,0
-0.12276977,0.13505392,-0.53043431,-0.20778275,0.073366985,-0.97541988,0
-1.4045043,-0.8644222,0.62499416,0.20778275,-0.073366985,0.97541988,0
-0.67964047,0.045279771,-0.5638513,-0.20778275,0.073366985,-0.97541988,0
3.4144101,2.2188587,-0.36915159,0.79722965,0.59050632,-0.12540948,0
-3.0103357,-2.6373434,0.64302731,-0.79722965,-0.59050632,0.12540948,0
2.7998061,1.3702073,-0.58442402,0.56679058,-0.80369127,-0.18118724,0
0.37778476,-0.18935657,0.53027916,0.20778275,-0.073366985,0.97541988,0
-0.58686358,-1.0632271,-0.56981373,-0.20778275,0.073366985,-0.97541988,0
3.1000874,2.4125655,-0.46574974,0.79722965,0.59050632,-0.12540948,0
1.6391509,0.47471538,-0.45196772,0.56679058,-0.80369127,-0.18118724,0
1.7319688,0.52680671,0.14841628,0.56679058,-0.80369127,-0.18118724,0
3.5798604,2.1494873,-0.48593998,0.79722965,0.59050632,-0.12540948,0
-3.168426,-2.7863104,0.032404423,-0.79722965,-0.59050632,0.12540948,0
0.53153187,1.2311845,-0.11440349,-0.56679058,0.80369127,0.18118724,0
3.4106932,1.778594,-0.88915777,0.79722965,0.59050632,-0.12540948,0
3.4844694,2.063611,-0.57275915,0.79722965,0.59050632,-0.12540948,0
3.5033472,2.0565827,-0.18289185,0.79722965,0.59050632,-0.12540948,0
-0.22037375,-0.72396183,0.6032545,0.20778275,-0.073366985,0.97541988,0
3.0441308,2.6529374,-0.55704331,0.79722965,0.59050632,-0.12540948,0
-3.1600914,-2.3217056,0.79423857,-0.79722965,-0.59050632,0.12540948,0
-2.0427899,-2.2773015,0.55554986,0.56679058,-0.80369127,-0.18118724,0
3.0893388,2.3068938,-0.46299076,0.79722965,0.59050632,-0.12540948,0
-1.0807182,-1.3488767,-0.34874022,-0.20778275,0.073366985,-0.97541988,0
-3.2973528,-2.506083,0.50613976,-0.79722965,-0.59050632,0.12540948,0
-0.94439268,-0.58661532,0.72592139,0.20778275,-0.073366985,0.97541988,0
3.4382761,2.0251048,-0.47357988,0.79722965,0.59050632,-0.12540948,0
-2.7074628,-2.7569442,0.11311936,0.56679058,-0.80369127,-0.18118724,0
2.3192649,1.2711805,-0.75232387,-0.20778275,0.073366985,-0.97541988,0
2.9761961,2.4875503,-0.91409159,0.79722965,0.59050632,-0.12540948,0
3.3810492,2.0575182,-0.2550602,0.79722965,0.59050632,-0.12540948,0
2.5884404,2.3426661,0.00092840195,-0.56679058,0.80369127,0.18118724,0
3.0545144,1.5010296,-0.62780595,0.56679058,-0.80369127,-0.18118724,0
-2.6609898,-1.4631828,0.014540672,-0.20778275,0.073366985,-0.97541988,0
0.71176225,0.14275146,0.46563441,0.20778275,-0.073366985,0.97541988,0
1.7298356,0.53437865,-0.28128946,0.56679058,-0.80369127,-0.18118724,0
-0.60405862,-0.72766083,-0.31576484,-0.20778275,0.073366985,-0.97541988,0
-2.2329047,-1.042944,0.89190435,-0.56679058,0.80369127,0.18118724,0
-1.2683799,-0.37815273,0.52548218,-0.56679058,0.80369127,0.18118724,0
1.3607823,0.20078731,0.12746418,0.56679058,-0.80369127,-0.18118724,0
-3.2969272,-1.9976614,0.22195196,-0.79722965,-0.59050632,0.12540948,0
-1.8613418,-2.0578501,0.67605186,0.20778275,-0.073366985,0.97541988,0
0.3910439,0.79374474,-0.30679274,-0.56679058,0.80369127,0.18118724,0
0.41249949,-0.47320348,-0.11732756,0.56679058,-0.80369127,-0.18118724,0
3.5289044,1.8267856,-0.3843317,0.79722965,0.59050632,-0.12540948,0
-1.1859055,-1.3813714,0.16160893,0.56679058,-0.80369127,-0.18118724,0
-1.3028425,-1.5397315,0.69824839,0.20778275,-0.073366985,0.97541988,0
-3.0478182,-2.5143061,0.83712626,-0.79722965,-0.59050632,0.12540948,0
-3.1775923,-2.0342078,0.024266243,-0.20778275,0.073366985,-0.97541988,0
-3.2563219,-2.1869607,0.50471783,-0.79722965,-0.59050632,0.12540948,0
-1.8623176,-1.7927804,0.31890035,0.56679058,-0.80369127,-0.18118724,0
3.0352678,1.665488,-0.28773808,0.56679058,-0.80369127,-0.18118724,0
1.5652362,1.122341,0.27698112,0.20778275,-0.073366985,0.97541988,0
2.8647828,1.9973333,-1.163698,-0.20778275,0.073366985,-0.97541988,0
-3.1936355,-2.6132967,0.70588541,-0.79722965,-0.59050632,0.12540948,0
2.9873803,2.6217694,-0.67489433,0.79722965,0.59050632,-0.12540948,0
1.7327907,1.1919371,0.31080365,0.20778275,-0.073366985,0.97541988,0
-2.6384497,-2.218992,-0.19969654,-0.20778275,0.073366985,-0.97541988,0
-0.011369504,0.55867618,0.21684773,-0.56679058,0.80369127,0.18118724,0
3.0941186,2.2129488,-0.85794306,0.79722965,0.59050632,-0.12540948,0
3.0730562,2.7372661,-0.74228573,0.79722965,0.59050632,-0.12540948,0
-3.2943718,-2.4768081,0.21299553,-0.79722965,-0.59050632,0.12540948,0
-3.055711,-2.3241813,0.097275734,-0.79722965,-0.59050632,0.12540948,0
-3.0968759,-2.2047417,0.37330222,-0.79722965,-0.59050632,0.12540948,0
2.9393935,2.3360035,-0.61781311,0.79722965,0.59050632,-0.12540948,0
1.6119967,1.0948294,-0.61863792,-0.20778275,0.073366985,-0.97541988,0
3.2552125,2.330466,-0.24377012,0.79722965,0.59050632,-0.12540948,0
-0.4304384,-0.43804064,0.43971425,0.20778275,-0.073366985,0.97541988,0
1.2670144,0.26239634,-0.53978205,0.56679058,-0.80369127,-0.18118724,0
2.7749345,2.7075539,-0.83191705,0.79722965,0.59050632,-0.12540948,0
1.6567355,1.7617878,-0.73612058,-0.56679058,0.80369127,0.18118724,0
3.4718559,2.097543,-0.027419567,0.79722965,0.59050632,-0.12540948,0
-2.1158941,-1.9592865,-0.26875877,0.56679058,-0.80369127,-0.18118724,0
3.3089099,2.1036177,-0.55257034,0.79722965,0.59050632,-0.12540948,0
3.3680668,2.3231709,-1.0735817,0.79722965,0.59050632,-0.12540948,0
3.1838813,1.5679866,-0.73589253,0.56679058,-0.80369127,-0.18118724,0
3.3826153,2.1801951,-0.43793917,0.79722965,0.59050632,-0.12540948,0
3.2093801,2.1377656,-0.33102465,0.79722965,0.59050632,-0.12540948,0
3.1105185,2.4552982,0.038219452,0.79722965,0.59050632,-0.12540948,0
3.4078016,2.2605178,-0.88308454,0.79722965,0.59050632,-0.12540948,0
3.1691365,2.3255005,-0.72494197,0.79722965,0.59050632,-0.12540948,0
3.5096984,2.0082569,-0.63838482,0.79722965,0.59050632,-0.12540948,0
2.473815,1.3116592,-0.1630106,0.56679058,-0.80369127,-0.18118724,0
-2.3243854,-0.78779173,0.0043349266,-0.56679058,0.80369127,0.18118724,0
1.0683274,0.70945907,-0.59533429,-0.20778275,0.073366985,-0.97541988,0
2.8593404,2.7028627,-0.82442665,0.79722965,0.59050632,-0.12540948,0
1.8320471,1.7081354,0.16802144,-0.56679058,0.80369127,0.18118724,0
-1.6056786,-0.74942803,-0.28430498,-0.20778275,0.073366985,-0.97541988,0
3.0403364,1.7888594,-0.99854016,0.56679058,-0.80369127,-0.18118724,0
-0.85265654,-0.3396619,0.66767955,0.20778275,-0.073366985,0.97541988,0
3.3887031,2.4560399,-0.20033026,0.79722965,0.59050632,-0.12540948,0
-3.2473214,-2.4910562,0.030521393,-0.79722965,-0.59050632,0.12540948,0
-2.9130692,-2.1331899,0.98403931,0.20778275,-0.073366985,0.97541988,0
0.32330179,-0.27396777,0.41576132,0.20778275,-0.073366985,0.97541988,0
1.7859849,1.3581595,0.1161778,0.20778275,-0.073366985,0.97541988,0
1.6201049,1.9846714,-0.77634466,-0.56679058,0.80369127,0.18118724,0
-3.2631025,-2.4992404,0.16584396,-0.79722965,-0.59050632,0.12540948,0
3.0494425,1.5379404,-0.68206549,0.56679058,-0.80369127,-0.18118724,0
3.1900012,2.0696635,-0.82617331,0.79722965,0.59050632,-0.12540948,0
2.3186407,1.8765321,0.21326017,0.20778275,-0.073366985,0.97541988,0
-2.632849,-2.3739681,-0.15074015,0.56679058,-0.80369127,-0.18118724,0
-1.2398087,-0.42944688,0.26158381,-0.56679058,0.80369127,0.18118724,0
0.57149923,1.2095921,-0.2236582,-0.56679058,0.80369127,0.18118724,0
0.85750967,0.91098404,-0.63025695,-0.20778275,0.073366985,-0.97541988,0
1.0355104,0.92735034,0.33430123,0.20778275,-0.073366985,0.97541988,0
-2.9161558,-1.742156,0.62611461,-0.56679058,0.80369127,0.18118724,0
-2.5402668,-2.5214252,0.17556953,0.56679058,-0.80369127,-0.18118724,0
2.5094764,1.1234598,-0.2207613,0.56679058,-0.80369127,-0.18118724,0
-0.65873998,-1.263917,-0.12135506,0.56679058,-0.80369127,-0.18118724,0
-0.83322525,-0.038344949,-0.037130535,-0.56679058,0.80369127,0.18118724,0
-3.5106277,-2.1101601,1.0548298,-0.79722965,-0.59050632,0.12540948,0
1.1128286,0.25947514,0.23881638,0.56679058,-0.80369127,-0.18118724,0
-0.6242364,-0.42065284,-0.42326242,-0.20778275,0.073366985,-0.97541988,0
-1.2710208,-0.66467279,-0.27923727,-0.20778275,0.073366985,-0.97541988,0
-2.8813882,-2.6740341,0.89771175,-0.79722965,-0.59050632,0.12540948,0
-0.037218481,0.4347319,0.36553389,0.20778275,-0.073366985,0.97541988,0
-0.63322693,-1.1396787,-0.35478377,0.56679058,-0.80369127,-0.18118724,0
0.032782376,0.65019083,-0.19022381,-0.56679058,0.80369127,0.18118724,0
-3.3505979,-2.2850041,0.6243763,-0.79722965,-0.59050632,0.12540948,0
-2.9514821,-2.4975562,0.77336335,-0.79722965,-0.59050632,0.12540948,0
-3.4225779,-2.326607,0.33139944,-0.79722965,-0.59050632,0.12540948,0
2.6469762,2.4455693,-0.42752719,-0.56679058,0.80369127,0.18118724,0
-3.1131039,-2.5455484,0.17451572,-0.79722965,-0.59050632,0.12540948,0
3.1572628,2.0543501,-0.74619913,0.79722965,0.59050632,-0.12540948,0
-2.6403282,-1.3788559,0.25954676,-0.56679058,0.80369127,0.18118724,0
-1.6423864,-1.1949143,0.9219408,0.20778275,-0.073366985,0.97541988,0
-2.9734023,-2.6424642,0.44653392,-0.79722965,-0.59050632,0.12540948,0
-0.33372506,-0.5843389,-0.19635242,0.56679058,-0.80369127,-0.18118724,0
-1.9932632,-1.3968877,-0.39241076,-0.20778275,0.073366985,-0.97541988,0
3.1151595,2.2851832,-0.036964417,0.79722965,0.59050632,-0.12540948,0
1.1346169,1.5068713,0.020150065,-0.56679058,0.80369127,0.18118724,0
3.1414161,2.6291595,-0.7747972,0.79722965,0.59050632,-0.12540948,0
-3.1199396,-2.3924165,0.55331922,-0.79722965,-0.59050632,0.12540948,0
-3.2165115,-2.1621897,0.93127394,-0.79722965,-0.59050632,0.12540948,0
2.1744063,1.0574174,-0.95609355,-0.20778275,0.073366985,-0.97541988,0
-1.1308959,-0.54801583,0.68751478,-0.56679058,0.80369127,0.18118724,0
3.1519606,2.0266769,-0.88502002,0.56679058,-0.80369127,-0.18118724,0
3.1243911,2.7317872,-0.3536582,0.79722965,0.59050632,-0.12540948,0
2.3546672,2.4376204,0.040529728,-0.56679058,0.80369127,0.18118724,0
3.0470586,1.6696354,-0.92964506,0.56679058,-0.80369127,-0.18118724,0
-1.5130832,-1.8162296,0.74762404,0.56679058,-0.80369127,-0.18118724,0
-2.7715542,-1.3781171,0.85422182,-0.56679058,0.80369127,0.18118724,0
1.229058,0.47162285,-0.58946586,-0.20778275,0.073366985,-0.97541988,0
-0.55182672,0.026338398,-0.55717051,-0.20778275,0.073366985,-0.97541988,0
-3.0197973,-2.3817375,0.86993933,0.20778275,-0.073366985,0.97541988,0
-3.177774,-2.5724468,0.95093751,-0.79722965,-0.59050632,0.12540948,0
-0.94066668,-0.81801832,0.62550199,0.20778275,-0.073366985,0.97541988,0
-1.2324557,-0.49374935,-0.21444798,-0.20778275,0.073366985,-0.97541988,0
3.3464086,2.3931518,0.056704998,0.79722965,0.59050632,-0.12540948,0
-2.342088,-1.2652872,-0.080904007,-0.20778275,0.073366985,-0.97541988,0
1.7256445,1.1923717,0.31645179,0.20778275,-0.073366985,0.97541988,0
0.11733615,-0.23578976,-0.64758152,-0.20778275,0.073366985,-0.97541988,0
-2.62918,-2.5824499,0.70462584,0.56679058,-0.80369127,-0.18118724,0
-1.704613,-1.7622972,0.90296578,0.20778275,-0.073366985,0.97541988,0
2.8820622,2.2954803,-0.11929297,0.20778275,-0.073366985,0.97541988,0
3.0984638,2.6881738,0.077853203,0.79722965,0.59050632,-0.12540948,0
1.1286612,0.99531317,0.16960216,0.20778275,-0.073366985,0.97541988,0
0.85252917,0.26858366,0.51192981,0.20778275,-0.073366985,0.97541988,0
0.012393653,-0.18312025,-0.50249183,-0.20778275,0.073366985,-0.97541988,0
1.4698892,0.44842732,0.20342064,0.20778275,-0.073366985,0.97541988,0
2.5752044,2.0380323,-0.72432065,-0.20778275,0.073366985,-0.97541988,0
3.4153471,1.8502448,-0.5004549,0.56679058,-0.80369127,-0.18118724,0
1.6025823,1.0301771,0.32977581,0.20778275,-0.073366985,0.97541988,0
0.23559058,0.76706314,-0.49947274,-0.56679058,0.80369127,0.18118724,0
-2.5163934,-1.2126848,0.08556509,-0.56679058,0.80369127,0.18118724,0
3.3254395,1.91962,-0.48314571,0.79722965,0.59050632,-0.12540948,0
-3.0468614,-2.1754618,0.74156857,-0.79722965,-0.59050632,0.12540948,0
-0.26307097,-0.80055302,0.12555233,0.56679058,-0.80369127,-0.18118724,0
2.1908476,0.72464108,-0.032049417,0.56679058,-0.80369127,-0.18118724,0
-3.5682664,-2.0871537,0.053636551,-0.79722965,-0.59050632,0.12540948,0
-3.375087,-2.2659001,0.34097958,-0.79722965,-0.59050632,0.12540948,0
-3.3908017,-2.4340017,0.11591005,-0.79722965,-0.59050632,0.12540948,0
-0.35356069,-0.68933332,0.64573663,0.20778275,-0.073366985,0.97541988,0
-2.9923289,-2.3784118,0.13920736,-0.20778275,0.073366985,-0.97541988,0
-2.3449531,-2.5438442,0.28009439,0.56679058,-0.80369127,-0.18118724,0
3.3604374,2.2002053,-0.3968215,0.79722965,0.59050632,-0.12540948,0
-1.0960455,-0.26218745,0.07155478,-0.56679058,0.80369127,0.18118724,0
-2.9154859,-2.7877283,0.88044238,-0.79722965,-0.59050632,0.12540948,0
-3.2767563,-2.3888454,0.51249933,-0.79722965,-0.59050632,0.12540948,0
-3.2489398,-2.1588202,0.35430574,-0.79722965,-0.59050632,0.12540948,0
2.4529495,1.4149563,-0.70606518,0.56679058,-0.80369127,-0.18118724,0
1.0685421,0.65553921,-0.64439785,-0.20778275,0.073366985,-0.97541988,0
-2.6136992,-2.5760684,0.013376474,0.56679058,-0.80369127,-0.18118724,0
2.9467266,2.3382959,0.24506712,0.20778275,-0.073366985,0.97541988,0
-2.1558654,-0.74938941,0.31515455,-0.56679058,0.80369127,0.18118724,0
0.92517263,-0.027722687,0.28273976,0.20778275,-0.073366985,0.97541988,0
0.050658345,0.1031215,0.56594121,0.20778275,-0.073366985,0.97541988,0
3.464705,2.2249355,-0.016990662,0.79722965,0.59050632,-0.12540948,0
-1.3973761,-1.3630855,-0.23649096,0.56679058,-0.80369127,-0.18118724,0
0.508295,0.76954365,0.24582398,-0.56679058,0.80369127,0.18118724,0
-0.16056961,0.59382063,-0.46655333,-0.56679058,0.80369127,0.18118724,0
-3.1976054,-2.356117,0.7249155,-0.79722965,-0.59050632,0.12540948,0
-0.66161633,0.080943257,-0.27879798,-0.56679058,0.80369127,0.18118724,0
2.9853661,2.4819508,-0.99489212,0.79722965,0.59050632,-0.12540948,0
0.65525353,1.1580544,-0.53595519,-0.20778275,0.073366985,-0.97541988,0
-3.4918694,-2.2129979,0.31809235,-0.79722965,-0.59050632,0.12540948,0
-1.1659765,-0.14175397,0.027081251,-0.56679058,0.80369127,0.18118724,0
1.9157754,0.9400779,-0.89922512,0.56679058,-0.80369127,-0.18118724,0
2.8947136,2.4386005,0.20179987,0.20778275,-0.073366985,0.97541988,0
0.7048533,0.50390053,-0.53060055,-0.20778275,0.073366985,-0.97541988,0
2.1624141,1.6535306,0.047328711,0.20778275,-0.073366985,0.97541988,0
-1.4579241,-0.21514302,0.044128776,-0.56679058,0.80369127,0.18118724,0
1.6628971,1.8074076,-0.3371439,-0.56679058,0.80369127,0.18118724,0
3.5428386,2.048192,-0.29291773,0.79722965,0.59050632,-0.12540948,0
3.5101919,1.8638871,-0.86044741,0.56679058,-0.80369127,-0.18118724,0
-0.11059667,-0.55055434,-0.38770461,-0.20778275,0.073366985,-0.97541988,0
0.10415423,-0.40166077,-0.73584056,-0.20778275,0.073366985,-0.97541988,0
1.7501345,1.6124431,-0.83589649,-0.20778275,0.073366985,-0.97541988,0
-1.6585572,-1.3037145,0.89236617,0.20778275,-0.073366985,0.97541988,0
-0.77897954,-1.3088987,0.43150866,0.20778275,-0.073366985,0.97541988,0
3.1249347,2.6333687,-0.36543417,0.79722965,0.59050632,-0.12540948,0
-3.3412995,-2.3330224,0.81536508,-0.79722965,-0.59050632,0.12540948,0
1.6205199,0.98247361,-0.76249182,-0.20778275,0.073366985,-0.97541988,0
2.7166672,2.8616173,-0.81830406,0.79722965,0.59050632,-0.12540948,0
-0.38640186,0.17260806,0.54633373,0.20778275,-0.073366985,0.97541988,0
-1.130332,-1.2123632,0.54447067,0.20778275,-0.073366985,0.97541988,0
-2.9333611,-2.5168552,0.94789433,-0.79722965,-0.59050632,0.12540948,0
1.5643017,1.496501,0.42469001,0.20778275,-0.073366985,0.97541988,0
-1.3118825,-0.27792048,0.76492,-0.56679058,0.80369127,0.18118724,0
-1.773165,-1.3700687,-0.15349913,-0.20778275,0.073366985,-0.97541988,0
-3.1586747,-2.4192731,0.068682194,-0.79722965,-0.59050632,0.12540948,0
2.9283237,2.4194455,-0.32953,0.79722965,0.59050632,-0.12540948,0
-3.4938726,-2.120862,0.22088385,-0.79722965,-0.59050632,0.12540948,0
-1.0345485,-0.63228101,-0.15930688,-0.20778275,0.073366985,-0.97541988,0
-3.2813826,-2.4397125,-0.015747547,-0.79722965,-0.59050632,0.12540948,0
-0.96413362,-0.99357474,0.52702606,0.20778275,-0.073366985,0.97541988,0
-2.9080238,-2.3013172,1.1177728,-0.79722965,-0.59050632,0.12540948,0
3.0645256,1.6575303,0.16689324,0.20778275,-0.073366985,0.97541988,0
2.5124764,0.99100965,-0.12104368,0.56679058,-0.80369127,-0.18118724,0
2.9412346,1.3886085,-0.5483501,0.56679058,-0.80369127,-0.18118724,0
3.0790989,2.2410429,-0.52773094,0.79722965,0.59050632,-0.12540948,0
3.3473704,2.3163395,-0.96649337,0.79722965,0.59050632,-0.12540948,0
-2.2422655,-2.5705824,0.71843362,0.56679058,-0.80369127,-0.18118724,0
0.19147462,-0.1248264,0.45323119,0.20778275,-0.073366985,0.97541988,0
-2.340925,-1.8069212,-0.10212207,-0.20778275,0.073366985,-0.97541988,0
2.8384209,2.7766767,-0.34487295,0.79722965,0.59050632,-0.12540948,0
-1.8103676,-1.7187414,0.85543561,0.20778275,-0.073366985,0.97541988,0
-2.2799635,-1.7390862,-0.060244322,-0.20778275,0.073366985,-0.97541988,0
1.5365381,1.3744068,0.41611528,0.20778275,-0.073366985,0.97541988,0
-1.9539996,-1.0050098,-0.35996222,-0.20778275,0.073366985,-0.97541988,0
-3.3816299,-2.1706321,0.38847303,-0.79722965,-0.59050632,0.12540948,0
3.2424469,2.3368235,-0.12583447,0.79722965,0.59050632,-0.12540948,0
2.7745125,2.7296951,-0.18708253,0.79722965,0.59050632,-0.12540948,0
3.0390041,2.2058074,-0.16219425,0.20778275,-0.073366985,0.97541988,0
-1.7719476,-1.5435764,0.91957021,0.20778275,-0.073366985,0.97541988,0
-1.6951019,-1.6651177,-0.0049555302,0.56679058,-0.80369127,-0.18118724,0
3.5062082,1.8945171,-0.51971865,0.79722965,0.59050632,-0.12540948,0
3.1104646,1.9364421,-0.77287197,0.56679058,-0.80369127,-0.18118724,0
-2.0110927,-1.1789494,0.81733727,-0.56679058,0.80369127,0.18118724,0
-1.0287914,-1.3490045,-0.52411687,-0.20778275,0.073366985,-0.97541988,0
3.3168471,2.0013952,-0.33226442,0.79722965,0.59050632,-0.12540948,0
3.1712511,2.4694772,-0.2122798,0.79722965,0.59050632,-0.12540948,0
3.3522453,2.121562,0.046942711,0.79722965,0.59050632,-0.12540948,0
-0.46984458,-0.23528072,0.39263847,0.20778275,-0.073366985,0.97541988,0
0.86935031,-0.15804127,0.051418245,0.56679058,-0.80369127,-0.18118724,0
3.2401915,2.007431,-0.38168335,0.79722965,0.59050632,-0.12540948,0
3.2718894,1.9282502,-0.6976912,0.79722965,0.59050632,-0.12540948,0
-2.4179363,-1.2390109,0.48138046,-0.56679058,0.80369127,0.18118724,0
2.7287872,2.4292169,-0.12292814,-0.56679058,0.80369127,0.18118724,0
-2.4404292,-1.457355,0.83283424,-0.56679058,0.80369127,0.18118724,0
-3.3185267,-2.0959027,0.08064127,-0.79722965,-0.59050632,0.12540948,0
-1.8273566,-0.74381524,0.2021358,-0.56679058,0.80369127,0.18118724,0
1.2022321,1.5213585,-0.81553459,-0.20778275,0.073366985,-0.97541988,0
-0.91202807,-0.36538801,-0.2411747,-0.20778275,0.073366985,-0.97541988,0
3.3798251,2.3480563,-0.25407982,0.79722965,0.59050632,-0.12540948,0
1.6150801,1.89846,0.0034906864,-0.56679058,0.80369127,0.18118724,0
0.43325573,0.26218,-0.52337396,-0.20778275,0.073366985,-0.97541988,0
2.2748752,1.0940473,-0.5224328,0.56679058,-0.80369127,-0.18118724,0
-1.6704235,-1.257226,0.93643093,0.20778275,-0.073366985,0.97541988,0
3.1185193,1.3937604,0.011893511,0.56679058,-0.80369127,-0.18118724,0
-1.7330256,-0.99150795,0.65210223,0.20778275,-0.073366985,0.97541988,0
-1.1919214,-1.6358173,0.68434584,0.20778275,-0.073366985,0.97541988,0
3.0086274,2.5211577,0.003841877,0.79722965,0.59050632,-0.12540948,0
3.2864451,1.88613,-0.67105007,0.79722965,0.59050632,-0.12540948,0
3.3934548,1.9354701,-0.24362135,0.79722965,0.59050632,-0.12540948,0
1.9324613,1.7748438,-0.77849841,-0.20778275,0.073366985,-0.97541988,0
-3.5323939,-2.0974948,0.57890606,-0.79722965,-0.59050632,0.12540948,0
-0.95196605,-1.0178124,-0.44603264,-0.20778275,0.073366985,-0.97541988,0
2.9987621,2.4227319,-0.15004778,0.79722965,0.59050632,-0.12540948,0
-0.91510296,-0.61219019,-0.55903029,-0.20778275,0.073366985,-0.97541988,0
0.10348332,0.73990113,-0.54984844,-0.56679058,0.80369127,0.18118724,0
-0.17018053,0.63954854,-0.30598372,-0.56679058,0.80369127,0.18118724,0
0.50935054,0.14660014,0.57789469,0.20778275,-0.073366985,0.97541988,0
-3.3505726,-1.771722,0.93290997,-0.79722965,-0.59050632,0.12540948,0
-1.7148075,-0.44800445,0.10167885,-0.56679058,0.80369127,0.18118724,0
1.3544049,1.9887037,-0.73241603,-0.56679058,0.80369127,0.18118724,0
-2.8196874,-2.7391829,0.17777658,0.56679058,-0.80369127,-0.18118724,0
-1.5128317,-1.9458141,0.78704929,0.20778275,-0.073366985,0.97541988,0
-3.05163,-2.5687742,0.74107671,-0.79722965,-0.59050632,0.12540948,0
-1.8205346,-1.1313388,0.8828218,0.20778275,-0.073366985,0.97541988,0
-2.7022083,-2.2745502,1.0869577,0.20778275,-0.073366985,0.97541988,0
-3.4399517,-2.2883525,0.39041567,-0.79722965,-0.59050632,0.12540948,0
-2.082227,-1.1793741,0.011592865,-0.20778275,0.073366985,-0.97541988,0
-3.2094097,-2.0951507,0.53154397,-0.79722965,-0.59050632,0.12540948,0
2.0877893,1.1265838,-0.42245626,0.56679058,-0.80369127,-0.18118724,0
-2.1108127,-2.3721018,0.55212045,0.56679058,-0.80369127,-0.18118724,0
2.4602239,1.3123481,-0.42821479,0.56679058,-0.80369127,-0.18118724,0
2.6046133,1.4698451,-0.72879601,0.56679058,-0.80369127,-0.18118724,0
3.5761266,2.1133018,-0.090698719,0.79722965,0.59050632,-0.12540948,0
-3.0843611,-2.7459574,0.41729736,-0.79722965,-0.59050632,0.12540948,0
-0.970433,-1.3178515,-0.17326844,0.56679058,-0.80369127,-0.18118724,0
-3.4109592,-1.8474669,0.87087345,-0.79722965,-0.59050632,0.12540948,0
-2.9162643,-2.4189715,0.43835163,-0.79722965,-0.59050632,0.12540948,0
-2.7908723,-1.1659782,0.081373453,-0.56679058,0.80369127,0.18118724,0
3.0456562,2.6304157,-0.91843176,0.79722965,0.59050632,-0.12540948,0
-3.0324378,-2.2638407,0.93325877,-0.79722965,-0.59050632,0.12540948,0
-3.055939,-2.2760961,0.85747528,0.20778275,-0.073366985,0.97541988,0
-3.0421793,-2.4835005,-0.035656452,-0.79722965,-0.59050632,0.12540948,0
0.35148722,0.69319457,-0.72101754,-0.20778275,0.073366985,-0.97541988,0
-2.9831829,-2.339807,0.7944777,-0.79722965,-0.59050632,0.12540948,0
3.2335455,2.4624221,0.17899466,0.20778275,-0.073366985,0.97541988,0
3.0769129,2.5647366,-1.1048272,0.79722965,0.59050632,-0.12540948,0
-3.048068,-2.2791641,0.45875478,-0.79722965,-0.59050632,0.12540948,0
2.8096471,2.5577617,-0.81985807,0.79722965,0.59050632,-0.12540948,0
-1.6701255,-2.1876447,0.70863485,0.56679058,-0.80369127,-0.18118724,0
-3.2897067,-1.9290539,0.54204965,-0.79722965,-0.59050632,0.12540948,0
2.5204766,2.0336769,0.18223929,0.20778275,-0.073366985,0.97541988,0
-3.478693,-2.0971491,0.69397402,-0.56679058,0.80369127,0.18118724,0
-2.2241244,-2.4170046,0.82591152,0.56679058,-0.80369127,-0.18118724,0
-2.0658674,-2.1969376,0.45851111,0.56679058,-0.80369127,-0.18118724,0
2.4240856,1.9209926,-0.82585359,-0.20778275,0.073366985,-0.97541988,0
-0.51791781,-0.51924902,0.71838355,0.20778275,-0.073366985,0.97541988,0
-1.6426425,-0.72831488,0.66056108,0.20778275,-0.073366985,0.97541988,0
0.80457151,-0.01729545,0.15926087,0.56679058,-0.80369127,-0.18118724,0
-1.3884975,-0.4326427,0.76014566,-0.56679058,0.80369127,0.18118724,0
3.4498913,2.2748537,-0.25148964,0.79722965,0.59050632,-0.12540948,0
-1.6956486,-1.1102515,0.82804453,0.20778275,-0.073366985,0.97541988,0
-3.5565405,-1.920013,0.11954975,-0.79722965,-0.59050632,0.12540948,0
2.1569352,2.0721738,0.08319068,0.20778275,-0.073366985,0.97541988,0
-3.1585402,-2.4081457,1.0933616,-0.79722965,-0.59050632,0.12540948,0
0.09715116,0.3801825,-0.37703434,-0.20778275,0.073366985,-0.97541988,0
-2.8410995,-2.3261416,0.035021067,-0.20778275,0.073366985,-0.97541988,0
-3.1730745,-1.5881774,0.21937251,-0.56679058,0.80369127,0.18118724,0
3.0218372,2.5427909,-0.81548643,0.79722965,0.59050632,-0.12540948,0
3.2399657,2.5836039,-0.5352993,0.79722965,0.59050632,-0.12540948,0
-3.2517176,-1.9862186,0.52145267,-0.79722965,-0.59050632,0.12540948,0
-2.4452534,-1.4232138,0.8397398,0.20778275,-0.073366985,0.97541988,0
1.603708,0.73827851,-0.95713735,-0.20778275,0.073366985,-0.97541988,0
3.4548845,2.2163773,-0.82965565,0.79722965,0.59050632,-0.12540948,0
-0.47370601,-0.80951345,0.26189762,0.56679058,-0.80369127,-0.18118724,0
0.07951653,0.62015128,-0.16434251,-0.56679058,0.80369127,0.18118724,0
-3.175837,-1.8519328,1.174813,0.20778275,-0.073366985,0.97541988,0
-2.7096632,-2.1473739,0.85977602,0.20778275,-0.073366985,0.97541988,0
-2.2323146,-2.300585,0.89434695,0.20778275,-0.073366985,0.97541988,0
1.3082976,0.95973909,-0.77517259,-0.20778275,0.073366985,-0.97541988,0
3.4461207,2.2802737,-0.082985878,0.79722965,0.59050632,-0.12540948,0
1.3205326,0.93409008,-0.73706162,-0.20778275,0.073366985,-0.97541988,0
2.9795897,2.5145152,-0.44038796,0.79722965,0.59050632,-0.12540948,0
-2.9991813,-2.3771057,0.59543681,-0.79722965,-0.59050632,0.12540948,0
-2.4866464,-1.5501647,0.093874216,-0.20778275,0.073366985,-0.97541988,0
3.0016956,2.5890579,0.1874423,-0.56679058,0.80369127,0.18118724,0
-3.4014325,-2.3593879,0.19679499,-0.79722965,-0.59050632,0.12540948,0
0.72917676,1.1872838,-0.53771287,-0.56679058,0.80369127,0.18118724,0
-2.7470796,-2.91506,0.67986965,-0.79722965,-0.59050632,0.12540948,0
-1.657305,-1.248155,-0.24830437,-0.20778275,0.073366985,-0.97541988,0
1.328897,0.43430978,-0.70072174,-0.20778275,0.073366985,-0.97541988,0
-3.3774161,-2.2570956,1.1057482,-0.79722965,-0.59050632,0.12540948,0
2.8199053,1.4422137,-0.42513871,0.56679058,-0.80369127,-0.18118724,0
-0.62240756,0.03964442,-0.13392341,-0.56679058,0.80369127,0.18118724,0
2.9960938,2.5439744,-0.52345443,0.79722965,0.59050632,-0.12540948,0
3.2043409,2.4571695,-0.51583767,0.79722965,0.59050632,-0.12540948,0
3.0218778,2.5344019,-0.31712341,0.79722965,0.59050632,-0.12540948,0
-3.2966678,-2.1647525,0.99262667,-0.79722965,-0.59050632,0.12540948,0
-3.3443918,-1.8089536,1.1762555,-0.56679058,0.80369127,0.18118724,0
1.4639895,0.93361139,0.16057909,0.20778275,-0.073366985,0.97541988,0
