-0.59804869,-0.62319207,-1.6911552,-0.74797738,-0.65504062,0.10701282,0
-0.98394859,-0.30666035,-2.9240828,-0.12542501,-0.018828698,-0.99192441,0
0.14397319,-0.73791528,1.2681378,0.6517657,-0.75535905,-0.068075024,0
0.32860374,0.03740146,3.1284354,0.12542501,0.018828698,0.99192441,0
-0.41014856,0.45406187,0.44088307,-0.6517657,0.75535905,0.068075024,0
0.62852943,-0.2851809,3.0355716,0.12542501,0.018828698,0.99192441,0
-0.47731072,0.082658365,1.3789109,-0.74797738,-0.65504062,0.10701282,0
-0.23889332,0.54648507,0.41502675,-0.6517657,0.75535905,0.068075024,0
0.30843908,-0.3517248,-0.21781802,0.6517657,-0.75535905,-0.068075024,0
-0.55995971,0.13219622,-2.4040694,-0.6517657,0.75535905,0.068075024,0
-0.51712573,0.17793427,-1.1628354,-0.6517657,0.75535905,0.068075024,0
-0.6042276,0.32193008,0.068698876,-0.6517657,0.75535905,0.068075024,0
0.96269119,0.0041903853,2.8624635,0.6517657,-0.75535905,-0.068075024,0
0.046431884,0.59148824,-2.1180863,0.74797738,0.65504062,-0.10701282,0
-0.73596466,0.06633611,-1.5501219,-0.6517657,0.75535905,0.068075024,0
-0.56682634,0.065429345,-2.7582917,-0.12542501,-0.018828698,-0.99192441,0
0.41929114,-0.094712138,2.7996864,0.12542501,0.018828698,0.99192441,0
0.93074346,-0.19261053,2.8115158,0.6517657,-0.75535905,-0.068075024,0
-0.696293,-0.16809523,-0.2575953,-0.74797738,-0.65504062,0.10701282,0
-0.5410077,-0.68111026,-2.9865198,-0.12542501,-0.018828698,-0.99192441,0
-0.67390698,0.13408996,1.2376372,-0.6517657,0.75535905,0.068075024,0
0.26987481,-0.27893689,2.8959773,0.12542501,0.018828698,0.99192441,0
-0.92536771,-0.16619658,-2.5153174,-0.74797738,-0.65504062,0.10701282,0
-0.16961202,-0.73361653,-1.804829,0.6517657,-0.75535905,-0.068075024,0
-0.046228908,0.18712351,3.0417991,0.12542501,0.018828698,0.99192441,0
-0.03596928,0.15316291,-3.0509408,-0.12542501,-0.018828698,-0.99192441,0
-0.12427528,-0.59355557,1.3276792,-0.74797738,-0.65504062,0.10701282,0
-0.035311617,-0.70585883,0.055720612,-0.74797738,-0.65504062,0.10701282,0
0.17508602,-0.31264731,0.69609594,0.6517657,-0.75535905,-0.068075024,0
-0.63545889,0.49381179,-1.7843859,-0.6517657,0.75535905,0.068075024,0
0.78513253,0.33938652,2.9228253,0.12542501,0.018828698,0.99192441,0
-0.51173121,0.041978456,1.211614,-0.6517657,0.75535905,0.068075024,0
0.46008104,-0.24871966,-1.2035888,0.6517657,-0.75535905,-0.068075024,0
0.38449627,0.092522629,-1.7181718,0.74797738,0.65504062,-0.10701282,0
0.27811259,-0.053113997,3.0151439,0.12542501,0.018828698,0.99192441,0
0.4340542,0.32281664,-0.73330426,0.74797738,0.65504062,-0.10701282,0
-0.0023597423,0.63007253,2.7316346,-0.6517657,0.75535905,0.068075024,0
0.19897346,-0.079398029,-3.0592117,-0.12542501,-0.018828698,-0.99192441,0
-0.36976916,0.47264588,1.2606732,-0.6517657,0.75535905,0.068075024,0
0.36596048,0.16064735,-0.86522251,0.74797738,0.65504062,-0.10701282,0
-0.030080527,-0.42544883,2.3797436,-0.74797738,-0.65504062,0.10701282,0
-0.71644026,0.27421272,-2.2884843,-0.6517657,0.75535905,0.068075024,0
0.54194117,0.61248374,2.5240285,0.74797738,0.65504062,-0.10701282,0
0.79561776,-0.22165944,1.2425812,0.6517657,-0.75535905,-0.068075024,0
-0.37683433,-0.80763608,-2.2449493,0.6517657,-0.75535905,-0.068075024,0
0.45080301,-0.25728184,1.6344358,0.6517657,-0.75535905,-0.068075024,0
-0.67623407,-0.22689244,0.15141693,-0.74797738,-0.65504062,0.10701282,0
0.63736415,0.14323327,2.298074,0.74797738,0.65504062,-0.10701282,0
-0.032523587,0.049133666,-3.1121819,0.74797738,0.65504062,-0.10701282,0
0.65163392,-0.19309187,-1.3385509,0.6517657,-0.75535905,-0.068075024,0
0.10711016,0.61905968,-1.7616647,0.74797738,0.65504062,-0.10701282,0
0.53638262,-0.45219398,2.4154646,0.6517657,-0.75535905,-0.068075024,0
-0.38366523,0.014354825,-2.9294322,-0.12542501,-0.018828698,-0.99192441,0
0.016933799,-0.10327332,3.11956,0.12542501,0.018828698,0.99192441,0
0.055078141,0.6555323,0.52668512,0.74797738,0.65504062,-0.10701282,0
0.49150106,-0.020275168,-0.0026584184,0.6517657,-0.75535905,-0.068075024,0
0.35361144,-0.3359752,-1.3699067,0.6517657,-0.75535905,-0.068075024,0
0.51875919,-0.18561703,-1.410135,0.6517657,-0.75535905,-0.068075024,0
0.73471159,0.033797681,2.3629007,0.74797738,0.65504062,-0.10701282,0
0.45936421,0.4098233,3.0187898,0.12542501,0.018828698,0.99192441,0
0.079450049,-0.12073554,3.0307014,0.12542501,0.018828698,0.99192441,0
-0.46722233,-0.21442124,-0.62542969,-0.74797738,-0.65504062,0.10701282,0
-0.10272836,0.19344212,-2.8734186,-0.12542501,-0.018828698,-0.99192441,0
-0.58031464,0.45963687,-2.8550277,-0.12542501,-0.018828698,-0.99192441,0
0.24512166,0.43181229,0.68353409,0.74797738,0.65504062,-0.10701282,0
0.45891744,0.62749058,2.8453434,0.12542501,0.018828698,0.99192441,0
0.26571888,0.65662521,1.5207411,0.74797738,0.65504062,-0.10701282,0
-0.87357938,0.07502,-1.4709134,-0.74797738,-0.65504062,0.10701282,0
0.12099378,-0.28213871,2.8778312,0.12542501,0.018828698,0.99192441,0
0.96098149,-0.1412001,1.1987313,0.6517657,-0.75535905,-0.068075024,0
0.68925226,-0.069580585,0.13624379,0.74797738,0.65504062,-0.10701282,0
-0.24270798,-0.13073127,2.6179662,-0.74797738,-0.65504062,0.10701282,0
-0.87117553,0.023973718,-0.11664051,-0.6517657,0.75535905,0.068075024,0
0.2644617,-0.017281689,-1.4712995,0.74797738,0.65504062,-0.10701282,0
0.47173214,0.6762259,0.96710289,0.74797738,0.65504062,-0.10701282,0
-0.99462235,-0.2606948,-2.9790025,-0.12542501,-0.018828698,-0.99192441,0
0.85186934,-0.097050056,2.0715973,0.74797738,0.65504062,-0.10701282,0
0.029055297,-0.65323472,2.2607045,-0.74797738,-0.65504062,0.10701282,0
0.33388105,0.59221745,1.3427906,0.74797738,0.65504062,-0.10701282,0
-0.57074273,0.30211782,-2.3807974,-0.6517657,0.75535905,0.068075024,0
-0.48303956,-0.10341491,0.8248651,-0.74797738,-0.65504062,0.10701282,0
-0.7050038,0.22337309,-2.1850002,-0.6517657,0.75535905,0.068075024,0
0.082086064,-0.7569226,1.514143,-0.74797738,-0.65504062,0.10701282,0
-0.066835135,0.3930074,-2.9731936,0.74797738,0.65504062,-0.10701282,0
0.084591679,-0.55202115,0.082841523,-0.74797738,-0.65504062,0.10701282,0
0.76128674,-0.30748588,1.7834908,0.6517657,-0.75535905,-0.068075024,0
-0.91930002,0.0094849169,-1.523995,-0.74797738,-0.65504062,0.10701282,0
0.38877004,0.69344962,1.6806345,-0.6517657,0.75535905,0.068075024,0
-0.041294716,-0.56302094,-0.4181537,-0.74797738,-0.65504062,0.10701282,0
0.38670748,-0.38555378,0.48569232,0.6517657,-0.75535905,-0.068075024,0
0.0254841,-0.41648519,3.1022284,0.12542501,0.018828698,0.99192441,0
0.39443004,0.088796675,2.8605001,0.12542501,0.018828698,0.99192441,0
0.23351464,-0.28663373,2.9546123,0.12542501,0.018828698,0.99192441,0
0.4149757,0.048623674,2.7768915,0.12542501,0.018828698,0.99192441,0
0.41907781,-0.14413847,3.1699481,0.12542501,0.018828698,0.99192441,0
0.01512859,0.077577025,-2.7129793,0.74797738,0.65504062,-0.10701282,0
-0.76120001,0.35727587,-2.7841105,-0.6517657,0.75535905,0.068075024,0
0.74554634,-0.055670589,2.7986779,0.12542501,0.018828698,0.99192441,0
0.17068128,0.80047363,2.348474,-0.6517657,0.75535905,0.068075024,0
-0.85766357,0.074556664,-2.7184699,-0.6517657,0.75535905,0.068075024,0
-0.65946048,-0.11716457,0.20990455,-0.6517657,0.75535905,0.068075024,0
0.67368096,-0.066827871,-0.60646302,0.6517657,-0.75535905,-0.068075024,0
-1.0147296,-0.1038105,-2.7251766,-0.12542501,-0.018828698,-0.99192441,0
0.12361627,-0.47789025,1.5587152,0.6517657,-0.75535905,-0.068075024,0
0.13847464,0.61644053,2.9046061,0.12542501,0.018828698,0.99192441,0
0.15031365,-0.014060855,-3.0745447,-0.12542501,-0.018828698,-0.99192441,0
0.81403118,0.29736805,3.035428,0.12542501,0.018828698,0.99192441,0
-0.048587736,0.40006945,2.6511965,-0.6517657,0.75535905,0.068075024,0
0.88748038,-0.22231022,2.7323296,0.12542501,0.018828698,0.99192441,0
0.69493949,-0.17575607,0.79292482,0.6517657,-0.75535905,-0.068075024,0
-0.58651096,0.22060467,-0.12246585,-0.6517657,0.75535905,0.068075024,0
-0.72070688,-0.060294539,0.47142103,-0.74797738,-0.65504062,0.10701282,0
0.58633733,-0.39585119,0.17738721,0.6517657,-0.75535905,-0.068075024,0
0.72118533,0.63236654,2.693923,0.74797738,0.65504062,-0.10701282,0
0.42784798,0.30819261,2.7880685,0.12542501,0.018828698,0.99192441,0
0.17424861,-0.17547996,-0.88071209,0.6517657,-0.75535905,-0.068075024,0
0.75882351,0.069021158,1.8931065,0.6517657,-0.75535905,-0.068075024,0
-0.40326393,0.16016386,2.743634,-0.74797738,-0.65504062,0.10701282,0
-0.34480298,-0.21127012,0.7477361,-0.74797738,-0.65504062,0.10701282,0
-0.64243495,-0.60447204,-2.2185929,-0.74797738,-0.65504062,0.10701282,0
0.35012388,0.084613502,-1.8705295,0.74797738,0.65504062,-0.10701282,0
0.25604936,0.68325555,3.1636379,0.12542501,0.018828698,0.99192441,0
0.0078492165,-0.21122654,2.4993083,-0.74797738,-0.65504062,0.10701282,0
0.73744756,0.057194754,3.0723212,0.12542501,0.018828698,0.99192441,0
0.26477331,0.025162164,-3.0932655,-0.12542501,-0.018828698,-0.99192441,0
-0.14976728,-0.36922193,0.26145494,-0.74797738,-0.65504062,0.10701282,0
-0.36427811,-0.41959217,-2.2734287,-0.74797738,-0.65504062,0.10701282,0
-0.10282054,-0.50594592,-0.43413377,-0.74797738,-0.65504062,0.10701282,0
0.17171231,0.14280789,-2.9584839,-0.12542501,-0.018828698,-0.99192441,0
0.64426053,-0.14883307,0.47329748,0.74797738,0.65504062,-0.10701282,0
0.18337613,0.30965084,3.0345514,0.12542501,0.018828698,0.99192441,0
-0.64764917,0.1518106,-2.9884746,-0.12542501,-0.018828698,-0.99192441,0
0.52880126,-0.45217368,1.3811328,0.6517657,-0.75535905,-0.068075024,0
-0.26602352,0.37799883,-2.8070557,-0.12542501,-0.018828698,-0.99192441,0
-0.54464835,0.44053066,-2.2995782,-0.6517657,0.75535905,0.068075024,0
0.25011823,-0.77413023,2.5886164,-0.74797738,-0.65504062,0.10701282,0
-0.10603026,0.49606138,2.4439735,-0.6517657,0.75535905,0.068075024,0
-0.34316167,0.10437358,1.7578558,-0.74797738,-0.65504062,0.10701282,0
-0.51530981,0.19795772,-2.8984976,-0.12542501,-0.018828698,-0.99192441,0
-0.54359549,-0.53313911,-1.922906,-0.74797738,-0.65504062,0.10701282,0
-0.34074998,-0.0017452087,2.0800846,-0.74797738,-0.65504062,0.10701282,0
0.79884088,0.23087093,2.7656233,0.12542501,0.018828698,0.99192441,0
-0.10946314,-0.48443118,-2.9861898,-0.12542501,-0.018828698,-0.99192441,0
0.13166875,-0.14888267,-3.0978417,-0.12542501,-0.018828698,-0.99192441,0
-0.54495949,0.38223213,-3.1543345,-0.12542501,-0.018828698,-0.99192441,0
0.3516596,0.077557206,3.0401728,0.12542501,0.018828698,0.99192441,0
0.043866344,-0.08780846,3.2000201,0.12542501,0.018828698,0.99192441,0
0.77853918,0.1531803,0.25342771,0.74797738,0.65504062,-0.10701282,0
-0.03012535,-0.26477802,2.4341357,-0.74797738,-0.65504062,0.10701282,0
0.48933667,-0.51076627,1.2731768,0.6517657,-0.75535905,-0.068075024,0
0.32360947,-0.27574638,-2.4744093,0.6517657,-0.75535905,-0.068075024,0
0.27435103,-0.32101646,-1.823352,0.6517657,-0.75535905,-0.068075024,0
-0.0054928139,-0.80171728,-0.73591375,0.6517657,-0.75535905,-0.068075024,0
-0.35774428,0.36556387,-2.162796,-0.6517657,0.75535905,0.068075024,0
0.21921369,-0.38229007,2.7530296,-0.74797738,-0.65504062,0.10701282,0
0.053649485,0.22954893,-2.9724634,0.74797738,0.65504062,-0.10701282,0
0.97556394,0.34190881,2.6291158,0.74797738,0.65504062,-0.10701282,0
-0.12854159,-0.54498905,0.61219829,-0.74797738,-0.65504062,0.10701282,0
-0.36559945,-0.53922856,-3.0064747,-0.12542501,-0.018828698,-0.99192441,0
0.0087982863,-0.51894426,0.081508249,-0.74797738,-0.65504062,0.10701282,0
-0.013004035,-0.54841954,2.709651,-0.74797738,-0.65504062,0.10701282,0
-0.049149267,0.45739385,-1.7412953,0.74797738,0.65504062,-0.10701282,0
-0.041174579,-0.21253832,-2.9658725,-0.12542501,-0.018828698,-0.99192441,0
0.38884354,-0.52382636,2.3591504,0.6517657,-0.75535905,-0.068075024,0
0.14953789,-0.55768967,-0.67217034,0.6517657,-0.75535905,-0.068075024,0
0.041728422,-0.32112595,2.8796947,-0.74797738,-0.65504062,0.10701282,0
-0.39996764,0.036460325,0.87754613,-0.74797738,-0.65504062,0.10701282,0
-0.51620388,-0.88961476,-3.004544,-0.74797738,-0.65504062,0.10701282,0
-0.28992823,-0.37107012,-0.28405097,-0.74797738,-0.65504062,0.10701282,0
-0.33212081,-0.59773731,-0.12386944,-0.74797738,-0.65504062,0.10701282,0
0.23196518,-0.44049829,3.0957365,0.12542501,0.018828698,0.99192441,0
-0.19088897,-0.0076096281,3.2330785,0.12542501,0.018828698,0.99192441,0
0.15842092,0.7388978,2.9169593,0.12542501,0.018828698,0.99192441,0
-0.42532498,0.050241411,-3.0636468,-0.12542501,-0.018828698,-0.99192441,0
-0.50234675,0.12650907,0.13087676,-0.6517657,0.75535905,0.068075024,0
-0.31128094,0.69204807,-2.8592944,-0.6517657,0.75535905,0.068075024,0
-0.074722305,-0.77781963,1.256564,-0.74797738,-0.65504062,0.10701282,0
-0.42895737,-0.060146004,-0.34177029,-0.74797738,-0.65504062,0.10701282,0
0.48695898,-0.095533982,-3.1230185,-0.12542501,-0.018828698,-0.99192441,0
0.19114707,-0.32131851,0.43856874,0.6517657,-0.75535905,-0.068075024,0
0.42093292,-0.26183528,2.1064034,0.6517657,-0.75535905,-0.068075024,0
-0.24659194,-0.68468869,0.54872626,-0.74797738,-0.65504062,0.10701282,0
0.67064869,-0.054778501,1.1254758,0.74797738,0.65504062,-0.10701282,0
0.61647588,-0.41616535,2.3089621,0.6517657,-0.75535905,-0.068075024,0
-0.48916838,-0.38058752,-1.0157355,-0.74797738,-0.65504062,0.10701282,0
-0.14186144,-0.6632278,0.37138635,0.6517657,-0.75535905,-0.068075024,0
0.22125939,-0.78382981,1.3545166,0.6517657,-0.75535905,-0.068075024,0
-0.79198897,0.075816736,-1.3834451,-0.74797738,-0.65504062,0.10701282,0
-0.76661509,0.31997702,-3.0495698,-0.12542501,-0.018828698,-0.99192441,0
0.67196721,-0.27823859,1.3087337,0.6517657,-0.75535905,-0.068075024,0
-0.082610324,0.66526359,-2.4135523,0.74797738,0.65504062,-0.10701282,0
-0.095650114,0.4743717,2.8772948,0.12542501,0.018828698,0.99192441,0
0.33266264,0.6804179,3.1149058,0.12542501,0.018828698,0.99192441,0
0.41321331,0.12485544,-1.5917695,0.74797738,0.65504062,-0.10701282,0
-0.50974244,0.59451681,-2.5826707,-0.6517657,0.75535905,0.068075024,0
-0.33558336,-0.54878229,-2.30776,0.6517657,-0.75535905,-0.068075024,0
0.062038258,-0.59178776,1.0915432,-0.74797738,-0.65504062,0.10701282,0
-0.37275308,-0.33286303,-0.60534072,-0.74797738,-0.65504062,0.10701282,0
-0.18469493,-0.069604561,-2.9837492,-0.12542501,-0.018828698,-0.99192441,0
-0.77131283,-0.59999537,-3.1018469,-0.12542501,-0.018828698,-0.99192441,0
0.3328765,0.062468868,-2.4356425,0.74797738,0.65504062,-0.10701282,0
0.77857697,-0.18681078,2.8827639,0.12542501,0.018828698,0.99192441,0
-0.24470714,-0.052781418,3.0437114,0.12542501,0.018828698,0.99192441,0
-0.66684234,0.097253188,-3.0808167,-0.12542501,-0.018828698,-0.99192441,0
-0.11320614,-0.78223276,-1.6984137,-0.74797738,-0.65504062,0.10701282,0
0.24172741,0.35115698,-2.0465572,0.74797738,0.65504062,-0.10701282,0
0.60983729,0.73373532,2.6091757,0.74797738,0.65504062,-0.10701282,0
0.2641179,-0.065266497,-1.4420164,0.74797738,0.65504062,-0.10701282,0
-0.32294983,0.68301767,-1.6347251,-0.6517657,0.75535905,0.068075024,0
0.38109839,0.31366867,-1.2983203,0.74797738,0.65504062,-0.10701282,0
-0.46130487,0.52415836,-3.1004217,-0.12542501,-0.018828698,-0.99192441,0
-0.56943518,-0.74771714,-2.3328664,-0.74797738,-0.65504062,0.10701282,0
-0.24317826,-0.32689345,0.41247365,-0.74797738,-0.65504062,0.10701282,0
-0.17767966,0.16410902,2.9593031,-0.74797738,-0.65504062,0.10701282,0
0.92200363,0.17544323,2.9651318,0.74797738,0.65504062,-0.10701282,0
0.56222433,-0.25087109,0.41914949,0.6517657,-0.75535905,-0.068075024,0
0.12069166,0.30596632,-0.62513888,0.74797738,0.65504062,-0.10701282,0
-1.1993378,-0.065466583,-2.7634592,-0.74797738,-0.65504062,0.10701282,0
-0.49483964,-0.39862394,-2.7938769,-0.12542501,-0.018828698,-0.99192441,0
0.13797793,-0.17212312,2.9904597,-0.74797738,-0.65504062,0.10701282,0
0.54920471,0.13647853,3.1033719,0.12542501,0.018828698,0.99192441,0
0.5370087,0.23258087,2.7778046,0.12542501,0.018828698,0.99192441,0
-0.13415228,-0.59643406,-2.5755939,0.6517657,-0.75535905,-0.068075024,0
0.68677771,-0.15191311,2.7352815,0.6517657,-0.75535905,-0.068075024,0
0.44425786,-0.18963966,0.068773173,0.6517657,-0.75535905,-0.068075024,0
-0.71952975,0.53377318,-2.6702018,-0.6517657,0.75535905,0.068075024,0
-0.39910111,0.49821258,-1.9593282,-0.6517657,0.75535905,0.068075024,0
-0.43995121,-0.79720759,-2.1853387,0.6517657,-0.75535905,-0.068075024,0
-0.51512617,-0.30021316,-1.8522351,-0.74797738,-0.65504062,0.10701282,0
0.14611746,0.35154936,2.956635,0.12542501,0.018828698,0.99192441,0
0.41988707,-0.37369597,2.6490042,0.6517657,-0.75535905,-0.068075024,0
0.27377796,-0.48604977,-0.21320298,0.6517657,-0.75535905,-0.068075024,0
0.83361667,0.33575338,2.8597314,0.74797738,0.65504062,-0.10701282,0
-0.29804665,-0.58132774,-3.0418091,-0.12542501,-0.018828698,-0.99192441,0
0.30894592,-0.47321722,2.2551293,-0.74797738,-0.65504062,0.10701282,0
0.7099154,0.18474966,2.3067868,0.74797738,0.65504062,-0.10701282,0
0.25107509,-0.26774287,-2.719384,0.6517657,-0.75535905,-0.068075024,0
0.4035508,0.60711342,1.751448,0.74797738,0.65504062,-0.10701282,0
-0.31326523,0.48298579,0.93200088,-0.6517657,0.75535905,0.068075024,0
1.0090863,-0.11062859,1.6667418,0.74797738,0.65504062,-0.10701282,0
0.27515578,-0.49666262,1.5179286,0.6517657,-0.75535905,-0.068075024,0
0.59269273,0.64495391,1.9129641,0.74797738,0.65504062,-0.10701282,0
-0.43948615,0.49147072,-2.6001527,-0.6517657,0.75535905,0.068075024,0
0.50674534,-0.23766206,3.1203232,0.12542501,0.018828698,0.99192441,0
-0.4737668,0.19029841,-2.7798028,-0.12542501,-0.018828698,-0.99192441,0
0.4981879,0.20807475,-0.93744802,0.74797738,0.65504062,-0.10701282,0
-0.19278322,0.21645609,1.2431473,-0.6517657,0.75535905,0.068075024,0
-0.61431432,-0.21695927,-2.7863414,-0.74797738,-0.65504062,0.10701282,0
0.43111947,-0.14228851,-2.6908343,0.74797738,0.65504062,-0.10701282,0
-0.043862991,0.66363525,-0.46856827,0.74797738,0.65504062,-0.10701282,0
-0.40645599,0.1777024,-3.1019883,-0.12542501,-0.018828698,-0.99192441,0
-0.7129302,0.26835614,-0.032081097,-0.6517657,0.75535905,0.068075024,0
0.24184948,-0.094822705,-2.0199056,0.6517657,-0.75535905,-0.068075024,0
-0.12135764,0.54438037,2.2859349,-0.6517657,0.75535905,0.068075024,0
-0.92185086,0.16198486,-2.8942029,-0.12542501,-0.018828698,-0.99192441,0
-0.39134485,-0.66493964,-2.2719152,-0.74797738,-0.65504062,0.10701282,0
-0.2553252,-0.47659647,1.1067154,-0.74797738,-0.65504062,0.10701282,0
0.37640768,-0.067238316,-0.5961436,0.74797738,0.65504062,-0.10701282,0
0.39088017,0.21207471,2.9487321,0.12542501,0.018828698,0.99192441,0
0.42152998,-0.25984049,1.3568122,0.6517657,-0.75535905,-0.068075024,0
-0.31096792,0.24449974,-0.52604049,-0.6517657,0.75535905,0.068075024,0
0.60436493,-0.32603979,-0.58160824,0.6517657,-0.75535905,-0.068075024,0
-0.9661473,0.036743656,-1.3852539,-0.74797738,-0.65504062,0.10701282,0
0.56638891,-0.029690474,3.1409552,0.12542501,0.018828698,0.99192441,0
-0.73918498,-0.047837734,-0.3966749,-0.74797738,-0.65504062,0.10701282,0
-0.13919944,0.52244556,2.1974747,-0.6517657,0.75535905,0.068075024,0
0.59646624,0.59078926,1.9647727,0.74797738,0.65504062,-0.10701282,0
0.7604003,-0.29719234,1.5916288,0.6517657,-0.75535905,-0.068075024,0
-0.08713486,0.43006039,-0.81379771,-0.6517657,0.75535905,0.068075024,0
0.71509469,-0.26815331,0.23547795,0.6517657,-0.75535905,-0.068075024,0
0.4260692,0.65994596,1.0424613,0.74797738,0.65504062,-0.10701282,0
-0.6296488,-0.3682172,-2.444438,-0.74797738,-0.65504062,0.10701282,0
0.68786585,0.074551307,1.5054907,0.74797738,0.65504062,-0.10701282,0
0.39972264,-0.39901376,2.3674836,0.6517657,-0.75535905,-0.068075024,0
0.062758088,-0.50968218,1.0693287,0.6517657,-0.75535905,-0.068075024,0
0.16734463,0.65619439,1.3380879,0.74797738,0.65504062,-0.10701282,0
-0.074626252,-0.11354275,-2.9176698,-0.12542501,-0.018828698,-0.99192441,0
0.72463775,-0.073456004,2.8164711,0.6517657,-0.75535905,-0.068075024,0
0.21249782,0.50679654,1.5105153,-0.6517657,0.75535905,0.068075024,0
-0.91737527,-0.36192954,-2.9175057,-0.12542501,-0.018828698,-0.99192441,0
0.24300969,-0.27236113,2.8286715,0.12542501,0.018828698,0.99192441,0
-0.42368641,-0.15733998,-2.852879,-0.12542501,-0.018828698,-0.99192441,0
0.5899629,-0.1059414,-0.49972314,0.6517657,-0.75535905,-0.068075024,0
-0.34020552,-0.57782078,-1.9243088,-0.74797738,-0.65504062,0.10701282,0
-0.43767172,-0.5266782,-2.7797148,-0.12542501,-0.018828698,-0.99192441,0
-0.91162837,-0.017799541,-2.1247277,-0.74797738,-0.65504062,0.10701282,0
0.25784516,0.69469929,2.1959753,0.74797738,0.65504062,-0.10701282,0
0.34431556,-0.3762399,2.0672839,0.6517657,-0.75535905,-0.068075024,0
0.045787245,0.37769765,-0.32919285,0.74797738,0.65504062,-0.10701282,0
-0.69602019,-0.25574303,-2.5395951,-0.74797738,-0.65504062,0.10701282,0
0.89537048,-0.14894381,2.9567969,0.12542501,0.018828698,0.99192441,0
-0.11266714,0.036116578,-3.1110513,-0.12542501,-0.018828698,-0.99192441,0
-0.057045467,-0.59766555,0.19959602,0.6517657,-0.75535905,-0.068075024,0
0.76620299,-0.022374287,2.9544909,0.12542501,0.018828698,0.99192441,0
-0.0027359128,-0.03501023,-2.9845889,-0.12542501,-0.018828698,-0.99192441,0
-0.44325933,-0.63109231,-1.5118625,-0.74797738,-0.65504062,0.10701282,0
-0.54874468,-0.30920175,-0.74748677,-0.74797738,-0.65504062,0.10701282,0
-0.57022512,-0.003480766,1.7578743,-0.74797738,-0.65504062,0.10701282,0
0.59764338,-0.48019725,3.069447,0.12542501,0.018828698,0.99192441,0
0.11959286,0.86134326,1.58529,0.74797738,0.65504062,-0.10701282,0
-0.11244716,0.023827199,3.2239397,0.12542501,0.018828698,0.99192441,0
0.23258367,0.19846767,-0.44395265,0.74797738,0.65504062,-0.10701282,0
-0.029680192,0.42992687,3.1623735,0.12542501,0.018828698,0.99192441,0
-0.44729739,-0.58116972,-2.641705,0.6517657,-0.75535905,-0.068075024,0
0.27091399,0.14201891,-2.4401445,0.74797738,0.65504062,-0.10701282,0
-0.40652585,-0.21781719,-1.1467477,-0.74797738,-0.65504062,0.10701282,0
0.10605333,-0.14961511,-2.2618349,0.6517657,-0.75535905,-0.068075024,0
-0.053292386,-0.28336906,-2.8208561,-0.12542501,-0.018828698,-0.99192441,0
-0.11628366,0.51256859,-1.9345038,-0.6517657,0.75535905,0.068075024,0
0.88296533,0.31375042,3.1069577,0.12542501,0.018828698,0.99192441,0
-0.50485897,0.18262759,-2.872503,-0.12542501,-0.018828698,-0.99192441,0
-0.25771177,0.64937609,0.035816666,-0.6517657,0.75535905,0.068075024,0
-0.180978,-0.30826148,2.8047147,-0.74797738,-0.65504062,0.10701282,0
0.39953381,-0.45327163,2.7409832,0.6517657,-0.75535905,-0.068075024,0
0.11811675,0.34293059,-2.8918891,0.74797738,0.65504062,-0.10701282,0
0.64985907,0.26251215,3.1239283,0.12542501,0.018828698,0.99192441,0
0.55103433,-0.057671331,-0.047836334,0.6517657,-0.75535905,-0.068075024,0
-0.68268931,0.2122865,-2.8465271,-0.12542501,-0.018828698,-0.99192441,0
0.21383584,-0.38092765,-2.8839431,0.6517657,-0.75535905,-0.068075024,0
-0.19494197,0.31294674,-3.1524904,0.74797738,0.65504062,-0.10701282,0
-0.14427038,-0.46330914,2.0640566,-0.74797738,-0.65504062,0.10701282,0
-0.78817403,-0.22651833,-3.0169466,-0.12542501,-0.018828698,-0.99192441,0
0.54770207,0.68259853,1.9343405,0.74797738,0.65504062,-0.10701282,0
0.15099175,-0.52300131,-0.50193995,0.6517657,-0.75535905,-0.068075024,0
-0.52284598,0.53498429,-1.2730162,-0.6517657,0.75535905,0.068075024,0
-0.057898756,-0.22613236,-2.8964043,-0.12542501,-0.018828698,-0.99192441,0
-0.4847019,0.1632468,2.0143549,-0.6517657,0.75535905,0.068075024,0
0.52930486,-0.16578326,0.25864068,0.6517657,-0.75535905,-0.068075024,0
-0.20052479,0.30828756,2.9860168,0.12542501,0.018828698,0.99192441,0
0.17170615,0.029617283,-2.8188505,0.74797738,0.65504062,-0.10701282,0
-0.17666256,0.099486649,-2.9752669,-0.12542501,-0.018828698,-0.99192441,0
0.85210216,0.010600746,0.5452224,0.74797738,0.65504062,-0.10701282,0
-0.42911863,-0.47462958,-2.555763,-0.74797738,-0.65504062,0.10701282,0
0.89632541,-0.21178737,2.4381623,0.6517657,-0.75535905,-0.068075024,0
0.61825264,-0.21822214,2.6831882,0.6517657,-0.75535905,-0.068075024,0
0.6428448,-0.31719398,-0.5925169,0.6517657,-0.75535905,-0.068075024,0
-0.013741337,0.69204092,0.21288562,-0.6517657,0.75535905,0.068075024,0
-0.86399192,0.14862053,-2.0118942,-0.74797738,-0.65504062,0.10701282,0
0.094174385,0.081348971,3.186523,0.12542501,0.018828698,0.99192441,0
-0.49181494,0.22178189,-1.0035124,-0.6517657,0.75535905,0.068075024,0
0.21276502,-0.76784182,2.823436,0.12542501,0.018828698,0.99192441,0
-1.0117072,0.1384567,-2.8796806,-0.12542501,-0.018828698,-0.99192441,0
0.41642118,0.12753877,2.8704906,0.12542501,0.018828698,0.99192441,0
-0.15961537,-0.43931478,0.17192875,-0.74797738,-0.65504062,0.10701282,0
0.75282741,0.56172514,2.7399187,0.12542501,0.018828698,0.99192441,0
-0.44127733,0.61162364,-2.6508615,0.74797738,0.65504062,-0.10701282,0
0.1491625,0.2698116,3.0193231,0.12542501,0.018828698,0.99192441,0
-0.032510236,0.34210703,-1.3972676,0.74797738,0.65504062,-0.10701282,0
0.34129363,0.20819227,-2.5753329,0.74797738,0.65504062,-0.10701282,0
0.61186486,-0.30457988,1.3638511,0.6517657,-0.75535905,-0.068075024,0
0.06959606,0.17683318,3.1078744,0.12542501,0.018828698,0.99192441,0
-0.16334563,0.59267855,-0.97799164,0.74797738,0.65504062,-0.10701282,0
0.0055935085,-0.044440046,2.6863892,-0.74797738,-0.65504062,0.10701282,0
0.22673574,-0.21754409,2.7988179,0.12542501,0.018828698,0.99192441,0
-0.53853375,-0.0050527006,-0.14632486,-0.6517657,0.75535905,0.068075024,0
-0.52368814,0.097728282,-0.93272632,-0.6517657,0.75535905,0.068075024,0
-0.1836535,0.45320949,2.1666102,-0.6517657,0.75535905,0.068075024,0
-0.37956932,-0.28855368,-3.1647098,-0.12542501,-0.018828698,-0.99192441,0
0.23007536,0.004479032,-2.6811252,0.74797738,0.65504062,-0.10701282,0
0.12323941,0.56240177,-1.6668411,0.74797738,0.65504062,-0.10701282,0
0.23074141,0.14741907,-0.53379184,0.74797738,0.65504062,-0.10701282,0
-0.18767239,-0.53144121,-2.8236022,-0.12542501,-0.018828698,-0.99192441,0
-0.53114116,-0.27622074,-2.7996113,-0.12542501,-0.018828698,-0.99192441,0
0.021918908,-0.28710276,-3.0773292,-0.12542501,-0.018828698,-0.99192441,0
0.059928358,0.35943016,-1.8156345,0.74797738,0.65504062,-0.10701282,0
0.32388613,-0.71848267,2.1588471,0.6517657,-0.75535905,-0.068075024,0
0.33683777,-0.48382074,-0.27459589,0.6517657,-0.75535905,-0.068075024,0
-0.40762693,0.6514163,-2.3858013,0.74797738,0.65504062,-0.10701282,0
0.77308226,0.15499261,3.0048826,0.12542501,0.018828698,0.99192441,0
-0.57406986,0.35903403,-0.88983208,-0.6517657,0.75535905,0.068075024,0
-0.16996253,0.36252797,2.6636302,-0.6517657,0.75535905,0.068075024,0
0.63542807,0.27083689,0.069409207,0.74797738,0.65504062,-0.10701282,0
-0.42940682,0.04739954,1.1377155,-0.6517657,0.75535905,0.068075024,0
-0.34484917,0.34574553,0.4866026,-0.6517657,0.75535905,0.068075024,0
0.35883781,-0.3346042,2.5504894,0.6517657,-0.75535905,-0.068075024,0
-0.26653603,-0.58343548,-2.867749,-0.12542501,-0.018828698,-0.99192441,0
0.14676642,-0.3032729,-2.0432315,0.6517657,-0.75535905,-0.068075024,0
0.59531134,0.16116354,-0.19146687,0.74797738,0.65504062,-0.10701282,0
-0.36892867,-0.54659551,-2.9205127,0.6517657,-0.75535905,-0.068075024,0
-0.23342872,0.13391393,1.3414321,-0.6517657,0.75535905,0.068075024,0
0.707578,-0.36225328,2.0678053,0.6517657,-0.75535905,-0.068075024,0
0.19856089,-0.82336885,2.5119359,-0.74797738,-0.65504062,0.10701282,0
0.64303851,0.43796802,0.6463719,0.74797738,0.65504062,-0.10701282,0
0.63708389,0.042605083,-0.71272802,0.74797738,0.65504062,-0.10701282,0
-0.32876125,0.2901839,-2.9270093,-0.12542501,-0.018828698,-0.99192441,0
-0.076943465,-0.79491132,-0.76455021,-0.74797738,-0.65504062,0.10701282,0
0.1253351,-0.14717115,3.1753993,0.12542501,0.018828698,0.99192441,0
0.75936127,0.10905231,2.778831,0.12542501,0.018828698,0.99192441,0
-0.36853552,0.22096646,-0.76560181,-0.6517657,0.75535905,0.068075024,0
-0.70112741,-0.56087422,-2.9664054,-0.74797738,-0.65504062,0.10701282,0
0.97656602,-0.027573124,2.7867351,0.12542501,0.018828698,0.99192441,0
0.20711499,-0.16059054,3.0173912,0.12542501,0.018828698,0.99192441,0
-0.18835817,0.72896093,-1.5056572,-0.6517657,0.75535905,0.068075024,0
-0.16963124,-0.022653341,-2.9650862,-0.12542501,-0.018828698,-0.99192441,0
0.30072415,-0.54518205,2.8334692,-0.74797738,-0.65504062,0.10701282,0
0.43553022,-0.026992157,3.0948842,0.12542501,0.018828698,0.99192441,0
0.081473082,-0.45345783,-2.9031725,-0.12542501,-0.018828698,-0.99192441,0
-0.44720972,0.16116387,-3.0080299,-0.12542501,-0.018828698,-0.99192441,0
-0.69335324,0.18119095,-1.6481525,-0.6517657,0.75535905,0.068075024,0
-0.99529862,-0.23894924,-3.0583515,-0.12542501,-0.018828698,-0.99192441,0
-0.26726818,-0.1713372,-3.1050818,-0.12542501,-0.018828698,-0.99192441,0
0.33242899,-0.68026954,2.1451647,0.6517657,-0.75535905,-0.068075024,0
-0.23769973,-0.11343259,2.9993031,0.12542501,0.018828698,0.99192441,0
-0.14256737,-0.36479664,0.54701388,-0.74797738,-0.65504062,0.10701282,0
1.2052772,0.044383779,3.0215547,0.12542501,0.018828698,0.99192441,0
-0.42268381,0.29925382,-1.3062983,-0.6517657,0.75535905,0.068075024,0
-0.00069794059,0.15798479,-2.935549,-0.12542501,-0.018828698,-0.99192441,0
0.11915717,0.83039659,2.0035889,-0.6517657,0.75535905,0.068075024,0
-0.41742313,0.30520937,-1.6008306,-0.6517657,0.75535905,0.068075024,0
0.050242603,-0.17338121,2.6423581,-0.74797738,-0.65504062,0.10701282,0
0.30709657,0.083897181,-0.17643639,0.74797738,0.65504062,-0.10701282,0
-0.38823611,-0.020023126,0.53799194,-0.74797738,-0.65504062,0.10701282,0
-0.98236734,0.14507511,-2.7532654,-0.12542501,-0.018828698,-0.99192441,0
-0.022344947,0.68031406,-0.78275621,0.74797738,0.65504062,-0.10701282,0
0.55148745,-0.46762544,3.0052912,0.12542501,0.018828698,0.99192441,0
0.14047025,0.13151124,-3.1691871,-0.12542501,-0.018828698,-0.99192441,0
-0.10182653,0.12642664,2.9702773,-0.6517657,0.75535905,0.068075024,0
-0.056917697,0.34051549,0.76498109,-0.6517657,0.75535905,0.068075024,0
-0.56058598,-0.0087138116,-3.1350667,-0.12542501,-0.018828698,-0.99192441,0
-0.69419342,-0.31789607,-0.70334935,-0.74797738,-0.65504062,0.10701282,0
-0.097649373,-0.51162481,-0.46227887,-0.74797738,-0.65504062,0.10701282,0
0.36796808,-0.22061825,0.9781478,0.6517657,-0.75535905,-0.068075024,0
0.56642723,-0.093688354,0.25690895,0.74797738,0.65504062,-0.10701282,0
-0.77866203,-0.53894198,-2.4040344,-0.74797738,-0.65504062,0.10701282,0
0.38957724,0.37772909,2.9722595,0.12542501,0.018828698,0.99192441,0
-0.49684003,0.1874159,-2.789892,-0.12542501,-0.018828698,-0.99192441,0
0.23659547,0.13124742,3.0103114,0.12542501,0.018828698,0.99192441,0
0.019919291,0.33816957,-3.2309833,-0.12542501,-0.018828698,-0.99192441,0
0.53035033,0.12533619,2.7893126,0.12542501,0.018828698,0.99192441,0
-0.35909131,-0.18020408,2.0667794,-0.74797738,-0.65504062,0.10701282,0
-0.46844572,-0.42561197,-1.3758664,-0.74797738,-0.65504062,0.10701282,0
-0.79979151,0.37220931,-1.9512073,-0.6517657,0.75535905,0.068075024,0
-0.62324512,0.25993711,0.97976416,-0.6517657,0.75535905,0.068075024,0
0.056168579,-0.31246424,-1.0134943,0.6517657,-0.75535905,-0.068075024,0
0.61154318,0.51264554,2.2120943,0.74797738,0.65504062,-0.10701282,0
0.48535898,0.20929362,-0.2420557,0.74797738,0.65504062,-0.10701282,0
0.46057856,0.39605111,1.36692,0.74797738,0.65504062,-0.10701282,0
0.73453981,0.34056783,1.8224891,0.74797738,0.65504062,-0.10701282,0
-0.29026279,-0.54474723,-2.3044388,0.6517657,-0.75535905,-0.068075024,0
-0.10865276,0.44527611,-0.03119188,-0.6517657,0.75535905,0.068075024,0
0.025393002,0.33210191,1.8066162,-0.6517657,0.75535905,0.068075024,0
-0.65610474,0.33214715,-0.97425133,-0.6517657,0.75535905,0.068075024,0
0.5197311,-0.086251318,-1.2281303,0.6517657,-0.75535905,-0.068075024,0
-0.18788141,0.68899369,-2.2189987,0.74797738,0.65504062,-0.10701282,0
-0.42562947,-0.21389908,-2.8494809,-0.12542501,-0.018828698,-0.99192441,0
-0.14911115,-0.68434912,-0.75928181,0.6517657,-0.75535905,-0.068075024,0
-0.91076702,0.032956153,-2.8379052,-0.12542501,-0.018828698,-0.99192441,0
0.39651033,0.40706247,-0.14323071,0.74797738,0.65504062,-0.10701282,0
-0.21380508,0.16156356,2.9221804,-0.74797738,-0.65504062,0.10701282,0
-0.41839904,-0.68382013,-3.0055983,-0.12542501,-0.018828698,-0.99192441,0
0.33341891,0.24487808,2.821749,0.12542501,0.018828698,0.99192441,0
0.27421325,0.49545786,-0.97688633,0.74797738,0.65504062,-0.10701282,0
0.2502867,-0.61124885,-0.060324028,0.6517657,-0.75535905,-0.068075024,0
0.65234625,-0.12481794,1.692112,0.6517657,-0.75535905,-0.068075024,0
0.40205055,0.21811593,3.0796077,0.12542501,0.018828698,0.99192441,0
0.043438852,0.059595324,-3.1500399,-0.12542501,-0.018828698,-0.99192441,0
-0.92200065,-0.14186062,-3.0631776,-0.12542501,-0.018828698,-0.99192441,0
-0.29938471,-0.27536571,0.69134742,-0.74797738,-0.65504062,0.10701282,0
0.41649783,-0.29953253,0.96627998,0.6517657,-0.75535905,-0.068075024,0
-0.77115405,-0.047967911,-2.8707085,-0.12542501,-0.018828698,-0.99192441,0
0.24645235,-0.58818865,-0.31317005,0.6517657,-0.75535905,-0.068075024,0
-0.09974286,-0.055636153,3.1741679,0.12542501,0.018828698,0.99192441,0
-0.73652023,0.29491419,-0.63897967,-0.6517657,0.75535905,0.068075024,0
-0.23195593,-0.42511225,0.048929624,-0.74797738,-0.65504062,0.10701282,0
0.87030482,0.071495175,0.31203517,0.74797738,0.65504062,-0.10701282,0
-0.1765058,-0.59073532,-2.0029099,-0.74797738,-0.65504062,0.10701282,0
-0.07088735,0.54321343,-0.42060229,-0.6517657,0.75535905,0.068075024,0
-0.19913661,0.50320321,-2.709033,-0.6517657,0.75535905,0.068075024,0
0.78801209,0.11421105,3.0342555,0.12542501,0.018828698,0.99192441,0
0.28624088,0.53808343,2.8228018,0.12542501,0.018828698,0.99192441,0
0.61852199,-0.077645764,-1.8569381,0.74797738,0.65504062,-0.10701282,0
-0.051236581,-0.036982846,-2.9215195,-0.12542501,-0.018828698,-0.99192441,0
-0.42008939,-0.063459642,-2.8902259,-0.12542501,-0.018828698,-0.99192441,0
-0.58359158,0.039243095,1.1743702,-0.74797738,-0.65504062,0.10701282,0
0.42213422,-0.74901211,2.5076005,0.6517657,-0.75535905,-0.068075024,0
0.47827461,-0.29562047,0.24491188,0.6517657,-0.75535905,-0.068075024,0
0.33570161,-0.476556,-0.95853883,0.6517657,-0.75535905,-0.068075024,0
-0.18678428,-0.32754484,-3.0531633,-0.12542501,-0.018828698,-0.99192441,0
-0.10858566,0.32688293,-2.1222196,0.74797738,0.65504062,-0.10701282,0
-0.57875901,0.24100764,-1.0423121,-0.6517657,0.75535905,0.068075024,0
0.85585511,-0.31582153,2.9341652,0.12542501,0.018828698,0.99192441,0
-0.40236276,-0.79070556,-2.347012,-0.74797738,-0.65504062,0.10701282,0
-0.41273376,-0.47003275,0.72834629,-0.74797738,-0.65504062,0.10701282,0
-0.99090284,-0.055439323,-2.753608,-0.74797738,-0.65504062,0.10701282,0
0.37445149,-0.27040792,0.58041865,0.6517657,-0.75535905,-0.068075024,0
-0.32473391,-0.13344137,1.8130122,-0.74797738,-0.65504062,0.10701282,0
-0.37491566,0.3199634,-3.0647562,-0.12542501,-0.018828698,-0.99192441,0
-0.12109443,0.2049069,1.9293983,-0.6517657,0.75535905,0.068075024,0
0.049399845,0.25331587,2.5036077,-0.6517657,0.75535905,0.068075024,0
-0.91359997,-0.24108854,-1.8135558,-0.74797738,-0.65504062,0.10701282,0
-0.27241993,-0.8122341,-0.34298936,-0.74797738,-0.65504062,0.10701282,0
-0.45271772,0.39510131,-1.1346792,-0.6517657,0.75535905,0.068075024,0
0.30886775,0.84375221,1.3196079,0.74797738,0.65504062,-0.10701282,0
-0.014268875,-0.60905659,-0.62456602,-0.74797738,-0.65504062,0.10701282,0
-0.079414196,0.78113621,-1.7474397,0.74797738,0.65504062,-0.10701282,0
-0.89680725,-0.11443534,-2.948349,-0.12542501,-0.018828698,-0.99192441,0
0.97166353,0.19408546,1.9888213,0.74797738,0.65504062,-0.10701282,0
-0.19637236,-0.10504031,-3.1444654,-0.12542501,-0.018828698,-0.99192441,0
-0.13152352,-0.21682417,-2.9865305,-0.12542501,-0.018828698,-0.99192441,0
-0.012635328,-0.83271885,-0.78104651,0.6517657,-0.75535905,-0.068075024,0
0.5520395,0.51199055,3.0450754,0.12542501,0.018828698,0.99192441,0
0.47062755,-0.47877505,1.740131,0.6517657,-0.75535905,-0.068075024,0
0.060175851,0.70928586,-0.8550567,0.74797738,0.65504062,-0.10701282,0
-0.23530221,0.067805141,-3.1497622,-0.12542501,-0.018828698,-0.99192441,0
0.47694889,-0.25337416,-1.0901525,0.74797738,0.65504062,-0.10701282,0
-0.24825761,-0.53096086,-1.9262143,0.6517657,-0.75535905,-0.068075024,0
-0.026358724,-0.23237669,2.8567042,0.12542501,0.018828698,0.99192441,0
0.0052624298,0.38503188,2.1850803,-0.6517657,0.75535905,0.068075024,0
0.38260707,-0.48933071,0.73026299,0.6517657,-0.75535905,-0.068075024,0
0.25562984,0.78539371,2.7881787,0.12542501,0.018828698,0.99192441,0
0.026412576,-0.45434225,-2.8724852,-0.12542501,-0.018828698,-0.99192441,0
1.0459356,-0.019171432,2.1275747,0.6517657,-0.75535905,-0.068075024,0
-0.50764126,0.07034108,-2.7803178,-0.12542501,-0.018828698,-0.99192441,0
-0.51758981,-0.72261375,-1.8635867,0.6517657,-0.75535905,-0.068075024,0
-0.51990759,0.0085032284,-0.1182,-0.74797738,-0.65504062,0.10701282,0
-0.20553216,0.2242351,2.8725424,0.12542501,0.018828698,0.99192441,0
0.19940513,-0.41939485,2.888206,-0.74797738,-0.65504062,0.10701282,0
-0.39215454,0.23842226,-2.9984727,-0.12542501,-0.018828698,-0.99192441,0
-0.093832679,0.7827087,-0.24520142,0.74797738,0.65504062,-0.10701282,0
-0.25802365,0.65704459,-1.119332,-0.6517657,0.75535905,0.068075024,0
-0.33028132,0.11172764,-2.9496605,-0.12542501,-0.018828698,-0.99192441,0
-0.72713995,0.077523723,-2.9038162,-0.12542501,-0.018828698,-0.99192441,0
-0.37187633,0.60866773,-0.79658359,-0.6517657,0.75535905,0.068075024,0
-0.0058085844,0.076984935,3.1273084,0.12542501,0.018828698,0.99192441,0
0.29258728,-0.29457289,0.85138732,0.6517657,-0.75535905,-0.068075024,0
0.31027156,0.53816491,2.9426727,0.12542501,0.018828698,0.99192441,0
-0.72707927,0.014318004,-2.9172821,-0.12542501,-0.018828698,-0.99192441,0
-0.24359995,0.77966845,-2.1224828,-0.6517657,0.75535905,0.068075024,0
-1.0757492,0.085246772,-2.2487962,-0.6517657,0.75535905,0.068075024,0
-0.17150903,0.63142276,-2.2584839,-0.6517657,0.75535905,0.068075024,0
-0.40267718,-0.37655345,0.94639307,-0.74797738,-0.65504062,0.10701282,0
0.34478325,-0.59680414,2.8025954,0.12542501,0.018828698,0.99192441,0
0.21014783,0.50762713,2.8536756,-0.6517657,0.75535905,0.068075024,0
-0.33158427,0.13933346,1.606778,-0.74797738,-0.65504062,0.10701282,0
-0.32230639,-0.32967705,-0.17840306,-0.74797738,-0.65504062,0.10701282,0
-0.06699153,-0.44032106,-2.359621,0.6517657,-0.75535905,-0.068075024,0
-0.031393223,-0.64674854,-1.2466273,0.6517657,-0.75535905,-0.068075024,0
-0.31953615,0.25601047,2.9698777,0.12542501,0.018828698,0.99192441,0
0.15655278,-0.28896195,-1.4232559,0.6517657,-0.75535905,-0.068075024,0
-0.72886139,0.44063005,-2.0387428,-0.6517657,0.75535905,0.068075024,0
-0.00078514218,-0.045498028,2.8943527,-0.74797738,-0.65504062,0.10701282,0
-0.49611378,0.20216812,1.5526994,-0.6517657,0.75535905,0.068075024,0
-0.75451118,0.31143576,-1.6137313,-0.6517657,0.75535905,0.068075024,0
0.29894352,-0.85158819,2.8650618,-0.74797738,-0.65504062,0.10701282,0
0.84894836,-0.13644387,2.7050076,0.6517657,-0.75535905,-0.068075024,0
0.14324442,-0.61159861,-0.74024957,0.6517657,-0.75535905,-0.068075024,0
0.49625576,0.2000367,-0.8887679,0.74797738,0.65504062,-0.10701282,0
0.050052479,-0.21024761,2.8831482,0.12542501,0.018828698,0.99192441,0
-0.94650501,-0.11908229,-1.8275609,-0.74797738,-0.65504062,0.10701282,0
0.7811377,-0.097287163,1.8106233,0.6517657,-0.75535905,-0.068075024,0
0.076030716,-0.80223715,1.571408,0.6517657,-0.75535905,-0.068075024,0
-0.4601987,0.19410604,-1.5993633,-0.6517657,0.75535905,0.068075024,0
1.0925207,-0.19792557,3.0359025,0.12542501,0.018828698,0.99192441,0
-0.25909847,-0.31472188,0.68589723,-0.74797738,-0.65504062,0.10701282,0
0.093029007,0.42572585,-1.8925644,0.74797738,0.65504062,-0.10701282,0
0.098313808,0.14715563,2.8707206,0.12542501,0.018828698,0.99192441,0
0.70082277,0.36613798,2.9698684,0.12542501,0.018828698,0.99192441,0
-0.31181526,0.39706913,0.57419312,-0.6517657,0.75535905,0.068075024,0
0.90538979,-0.02158241,3.0157237,0.12542501,0.018828698,0.99192441,0
-0.42156234,-0.0068632215,-2.8090317,-0.12542501,-0.018828698,-0.99192441,0
0.34998977,-0.047838453,-2.0363703,0.6517657,-0.75535905,-0.068075024,0
0.21168545,0.12220225,-0.74913847,0.74797738,0.65504062,-0.10701282,0
-0.69143361,-0.5064739,-2.7715893,-0.12542501,-0.018828698,-0.99192441,0
0.13956054,0.31123048,2.9634082,0.12542501,0.018828698,0.99192441,0
-0.14474453,-0.54998922,1.6687769,-0.74797738,-0.65504062,0.10701282,0
-0.69146037,0.19878171,-2.9528694,-0.12542501,-0.018828698,-0.99192441,0
