-0.45753121,-0.32125786,-0.5476706,-0.26188481,-0.81964636,-0.50950587,0
0.34851563,-0.1609686,-0.62443703,0.3845894,0.3955704,-0.83403546,0
0.10566509,0.43427724,-0.35175678,0.3845894,0.3955704,-0.83403546,0
0.77816045,0.36419073,0.13966641,0.88515949,-0.41437179,0.21163332,0
-0.40328497,-0.48193797,0.27346385,-0.26188481,-0.81964636,-0.50950587,0
0.10775486,-0.39118671,0.4708733,0.88515949,-0.41437179,0.21163332,0
-0.32027072,-0.41204777,-0.52276593,-0.26188481,-0.81964636,-0.50950587,0
0.11984111,-0.010383129,-0.65211236,0.3845894,0.3955704,-0.83403546,0
0.23609114,-0.50116104,-0.36777791,-0.26188481,-0.81964636,-0.50950587,0
-0.43237823,0.35352191,0.29324272,-0.88515949,0.41437179,-0.21163332,0
-0.12155336,0.85176528,0.044949412,0.26188481,0.81964636,0.50950587,0
-0.37521693,0.66538084,-0.14098084,-0.88515949,0.41437179,-0.21163332,0
-0.075034559,0.55473042,-0.064906657,0.26188481,0.81964636,0.50950587,0
0.41377059,0.46836251,0.2582671,0.26188481,0.81964636,0.50950587,0
-0.47715732,0.17326015,0.34368217,-0.3845894,-0.3955704,0.83403546,0
0.65239173,0.53264391,0.097048059,0.26188481,0.81964636,0.50950587,0
-0.14581802,-0.3353976,-0.33900708,-0.26188481,-0.81964636,-0.50950587,0
0.2877478,0.32378522,-0.13506252,0.3845894,0.3955704,-0.83403546,0
0.39221194,0.19068231,0.16975231,0.88515949,-0.41437179,0.21163332,0
0.21493344,-0.02163744,-0.44531912,0.3845894,0.3955704,-0.83403546,0
0.055042684,0.45862234,-0.40639707,0.3845894,0.3955704,-0.83403546,0
0.24634084,0.12706175,0.71825594,-0.3845894,-0.3955704,0.83403546,0
-0.57640338,-0.188961,-0.64048487,-0.26188481,-0.81964636,-0.50950587,0
-0.59370834,-0.15543735,0.23105137,-0.88515949,0.41437179,-0.21163332,0
-0.35582203,0.32483166,0.48239762,0.26188481,0.81964636,0.50950587,0
-0.011093676,0.31755272,-0.50007325,0.3845894,0.3955704,-0.83403546,0
0.36643487,0.5644182,0.0096545219,0.3845894,0.3955704,-0.83403546,0
0.65002662,-0.21390265,-0.44219786,0.3845894,0.3955704,-0.83403546,0
-0.25711361,-0.31066832,-0.33296508,-0.26188481,-0.81964636,-0.50950587,0
0.22046636,0.12381321,-0.24335204,0.3845894,0.3955704,-0.83403546,0
-0.11424714,-0.65918624,0.40906516,-0.3845894,-0.3955704,0.83403546,0
0.27898815,-0.09713304,0.82880104,0.26188481,0.81964636,0.50950587,0
0.41997796,-0.34054059,-0.38693771,0.3845894,0.3955704,-0.83403546,0
0.076792955,-0.71202302,-0.15190876,-0.26188481,-0.81964636,-0.50950587,0
-0.030872464,-0.4900133,0.35886288,-0.3845894,-0.3955704,0.83403546,0
0.54613858,-0.051894784,-0.24944575,0.3845894,0.3955704,-0.83403546,0
0.32979804,-0.3810761,0.3867327,0.88515949,-0.41437179,0.21163332,0
0.23421237,-0.60362571,0.20884651,-0.3845894,-0.3955704,0.83403546,0
0.599841,0.35068321,-0.078998767,0.88515949,-0.41437179,0.21163332,0
-0.36024225,-0.7376644,0.20026806,-0.3845894,-0.3955704,0.83403546,0
-0.1261996,0.44524714,0.38393039,0.26188481,0.81964636,0.50950587,0
-0.50290835,0.029377848,0.063577026,-0.88515949,0.41437179,-0.21163332,0
0.41790843,0.3892211,0.11128889,0.26188481,0.81964636,0.50950587,0
0.06575942,-0.651757,-0.011089981,-0.26188481,-0.81964636,-0.50950587,0
0.43696028,-0.31498682,-0.31444177,-0.26188481,-0.81964636,-0.50950587,0
-0.44262519,-0.11438268,-0.73218274,-0.26188481,-0.81964636,-0.50950587,0
-0.27219373,0.037411273,0.68792331,-0.3845894,-0.3955704,0.83403546,0
-0.40404299,0.30519488,-0.31257531,-0.88515949,0.41437179,-0.21163332,0
-0.56270105,-0.17254847,0.25503537,-0.88515949,0.41437179,-0.21163332,0
-0.376048,-0.02407378,-0.6374951,-0.26188481,-0.81964636,-0.50950587,0
-0.66806477,-0.043165028,-0.40739197,-0.88515949,0.41437179,-0.21163332,0
-0.44491631,-0.25356424,-0.093572997,-0.26188481,-0.81964636,-0.50950587,0
-0.3217898,0.69367415,0.05520767,-0.88515949,0.41437179,-0.21163332,0
0.16787356,0.54421425,-0.21039534,0.3845894,0.3955704,-0.83403546,0
0.19206417,0.31704348,-0.59971797,0.3845894,0.3955704,-0.83403546,0
-0.027176589,-0.28874105,-0.29662415,-0.26188481,-0.81964636,-0.50950587,0
0.14717081,-0.31253546,0.2566331,0.88515949,-0.41437179,0.21163332,0
0.24206376,-0.71349901,-0.1780706,-0.26188481,-0.81964636,-0.50950587,0
-0.2757138,0.037936032,-0.63498843,-0.88515949,0.41437179,-0.21163332,0
-0.44319516,0.023604631,-0.58819878,0.3845894,0.3955704,-0.83403546,0
-0.63972747,0.12193248,-0.12048906,-0.88515949,0.41437179,-0.21163332,0
-0.18274003,0.23005527,0.73074043,-0.3845894,-0.3955704,0.83403546,0
-0.31450087,0.51695335,-0.24151605,-0.88515949,0.41437179,-0.21163332,0
0.55168861,0.36263815,0.17102987,0.26188481,0.81964636,0.50950587,0
0.0016561151,0.46533561,-0.49926135,0.3845894,0.3955704,-0.83403546,0
-0.55860269,0.14561671,0.33638683,-0.3845894,-0.3955704,0.83403546,0
0.7259261,0.29693165,0.16254866,0.26188481,0.81964636,0.50950587,0
0.17304081,0.4725883,-0.15202117,0.26188481,0.81964636,0.50950587,0
-0.24135423,0.30144796,-0.34781125,-0.88515949,0.41437179,-0.21163332,0
0.011133455,0.084660977,-0.31998959,0.3845894,0.3955704,-0.83403546,0
0.56767964,-0.027154386,-0.24985018,0.88515949,-0.41437179,0.21163332,0
-0.62408179,0.37961006,0.049564004,-0.88515949,0.41437179,-0.21163332,0
-0.029932082,0.5853976,-0.059561074,0.26188481,0.81964636,0.50950587,0
-0.10163468,0.87984544,-0.39534348,0.3845894,0.3955704,-0.83403546,0
0.51030183,-0.030542076,-0.36145574,0.3845894,0.3955704,-0.83403546,0
0.31209859,0.39466733,-0.5070278,0.3845894,0.3955704,-0.83403546,0
0.45819217,-0.39731419,0.33736154,0.88515949,-0.41437179,0.21163332,0
0.048679173,0.87212187,-0.22991633,0.26188481,0.81964636,0.50950587,0
-0.13206244,-0.08891049,0.42029077,-0.3845894,-0.3955704,0.83403546,0
0.30888635,-0.26432252,0.52428472,0.88515949,-0.41437179,0.21163332,0
-0.097695768,0.63843596,-0.49965608,0.3845894,0.3955704,-0.83403546,0
0.093235403,0.27655548,0.77454191,-0.3845894,-0.3955704,0.83403546,0
0.20488039,-0.15987012,-0.43103459,0.3845894,0.3955704,-0.83403546,0
-0.046458215,-0.51128888,0.24385142,-0.3845894,-0.3955704,0.83403546,0
-0.11685418,0.15670952,0.4524999,-0.3845894,-0.3955704,0.83403546,0
0.36619911,-0.66243261,-0.39462334,-0.26188481,-0.81964636,-0.50950587,0
0.31804913,0.10992777,0.98164713,0.26188481,0.81964636,0.50950587,0
0.20642227,0.53653181,-0.18467468,0.3845894,0.3955704,-0.83403546,0
0.11545926,0.5006448,0.021684915,0.26188481,0.81964636,0.50950587,0
-0.1838796,-0.15527517,0.67257518,-0.3845894,-0.3955704,0.83403546,0
0.12876001,-0.58892941,0.10020548,-0.26188481,-0.81964636,-0.50950587,0
-0.45163596,0.2105042,-0.19289356,-0.88515949,0.41437179,-0.21163332,0
-0.34999496,0.12644672,0.59473491,-0.3845894,-0.3955704,0.83403546,0
0.22983372,-0.7522251,-0.036561549,-0.26188481,-0.81964636,-0.50950587,0
-0.12125289,-0.15053254,-0.71658105,-0.26188481,-0.81964636,-0.50950587,0
0.35216516,-0.39399132,-0.1545184,0.88515949,-0.41437179,0.21163332,0
0.0016800016,-0.22588211,-0.23581189,-0.26188481,-0.81964636,-0.50950587,0
0.48913437,0.074539661,-0.5592109,0.3845894,0.3955704,-0.83403546,0
0.02523756,0.67426395,-0.33680752,0.26188481,0.81964636,0.50950587,0
-0.50357872,0.19405361,-0.52202815,-0.88515949,0.41437179,-0.21163332,0
0.044235587,0.34585825,-0.27945632,0.3845894,0.3955704,-0.83403546,0
0.21842018,0.43224812,-0.095688999,0.26188481,0.81964636,0.50950587,0
0.60675639,0.39282751,-0.23005885,0.88515949,-0.41437179,0.21163332,0
-0.34033826,0.41064227,-0.32074472,-0.88515949,0.41437179,-0.21163332,0
-0.11405283,-0.60649866,0.033774525,-0.26188481,-0.81964636,-0.50950587,0
-0.28743678,0.077850193,-0.72368729,-0.26188481,-0.81964636,-0.50950587,0
-0.39530724,0.21354257,-0.20193055,-0.88515949,0.41437179,-0.21163332,0
-0.26279229,0.73937845,0.10117167,-0.88515949,0.41437179,-0.21163332,0
-0.11523837,0.3459996,-0.30070096,0.3845894,0.3955704,-0.83403546,0
0.18998583,0.28569108,0.081812784,0.26188481,0.81964636,0.50950587,0
-0.49712649,0.001186192,0.22167613,-0.3845894,-0.3955704,0.83403546,0
0.40668449,-0.15427698,0.51194465,-0.3845894,-0.3955704,0.83403546,0
0.51742291,0.10099328,0.59008932,0.88515949,-0.41437179,0.21163332,0
0.77219951,-0.054296136,-0.20845407,0.88515949,-0.41437179,0.21163332,0
-0.31806427,-0.32320049,0.03973826,-0.26188481,-0.81964636,-0.50950587,0
-0.32887751,-0.18529719,0.24347104,-0.3845894,-0.3955704,0.83403546,0
0.32102543,0.67389166,-0.30306986,0.26188481,0.81964636,0.50950587,0
-0.32935968,0.16762227,0.53626716,-0.3845894,-0.3955704,0.83403546,0
0.48099124,0.41037232,-0.36004496,0.3845894,0.3955704,-0.83403546,0
-0.42366707,-0.18947503,0.19400448,-0.3845894,-0.3955704,0.83403546,0
0.35847217,0.013714194,-0.47395015,0.3845894,0.3955704,-0.83403546,0
0.63850188,0.42058033,0.0018965155,0.88515949,-0.41437179,0.21163332,0
0.51166189,0.31333908,0.35102361,0.26188481,0.81964636,0.50950587,0
-0.26710901,0.62351894,-0.26554644,-0.88515949,0.41437179,-0.21163332,0
0.45186636,0.18397206,0.20904483,0.26188481,0.81964636,0.50950587,0
-0.028809696,0.37004861,-0.48871166,0.3845894,0.3955704,-0.83403546,0
0.19399062,0.32240379,0.48698434,0.26188481,0.81964636,0.50950587,0
-0.20396605,0.52310044,-0.016401052,-0.88515949,0.41437179,-0.21163332,0
0.20484962,-0.1386618,-0.44602582,0.3845894,0.3955704,-0.83403546,0
0.040313572,0.34617424,-0.2582258,0.3845894,0.3955704,-0.83403546,0
-0.51001799,-0.14443636,-0.34762037,-0.26188481,-0.81964636,-0.50950587,0
-0.54107893,-0.25190276,0.43553698,-0.3845894,-0.3955704,0.83403546,0
-0.27838188,0.28350952,-0.079958051,-0.88515949,0.41437179,-0.21163332,0
-0.34218389,0.37527356,0.39440933,0.26188481,0.81964636,0.50950587,0
-0.47973952,-0.42109549,0.30960089,-0.3845894,-0.3955704,0.83403546,0
-0.016361445,-0.26634112,-0.1993181,-0.26188481,-0.81964636,-0.50950587,0
0.31531718,0.40239009,0.21215114,0.26188481,0.81964636,0.50950587,0
0.15084431,0.34913522,0.39456567,0.26188481,0.81964636,0.50950587,0
-0.041198015,-0.47864828,0.43118373,-0.3845894,-0.3955704,0.83403546,0
-0.39933386,0.54407728,-0.16498327,-0.88515949,0.41437179,-0.21163332,0
-0.66453445,-0.25721526,-0.22342375,-0.88515949,0.41437179,-0.21163332,0
-0.56576508,-0.070504606,0.06563656,-0.88515949,0.41437179,-0.21163332,0
0.0847826,0.57275254,-0.095015973,0.26188481,0.81964636,0.50950587,0
-0.33699465,-0.17991504,-0.68572915,-0.88515949,0.41437179,-0.21163332,0
-0.27973819,0.38558173,-0.053853661,-0.88515949,0.41437179,-0.21163332,0
0.0010275245,-0.67393225,0.16542035,-0.26188481,-0.81964636,-0.50950587,0
-0.11419557,0.063010335,-0.57769859,0.3845894,0.3955704,-0.83403546,0
-0.16092356,0.31560934,-0.31541234,0.3845894,0.3955704,-0.83403546,0
0.31318679,0.41268027,0.089347549,0.26188481,0.81964636,0.50950587,0
0.27107906,0.12457526,0.87624711,0.26188481,0.81964636,0.50950587,0
0.2960149,-0.019936532,0.5078004,0.88515949,-0.41437179,0.21163332,0
-0.22450875,0.087457776,-0.38882017,-0.88515949,0.41437179,-0.21163332,0
-0.59343582,-0.082483232,-0.10128823,-0.88515949,0.41437179,-0.21163332,0
0.16456114,-0.31429538,-0.53682065,-0.26188481,-0.81964636,-0.50950587,0
-0.40844586,0.46903682,0.37774059,0.26188481,0.81964636,0.50950587,0
0.46607322,-0.44554001,-0.69251931,0.3845894,0.3955704,-0.83403546,0
0.58975768,0.46655357,0.054015771,0.26188481,0.81964636,0.50950587,0
0.25601614,0.44258207,-0.13582438,0.26188481,0.81964636,0.50950587,0
-0.10698378,-0.16938561,-0.70334381,0.3845894,0.3955704,-0.83403546,0
0.44743791,0.49702272,0.22613105,0.26188481,0.81964636,0.50950587,0
-0.10978794,0.76538551,0.0071293116,-0.88515949,0.41437179,-0.21163332,0
0.11983541,-0.43869501,0.21789178,-0.3845894,-0.3955704,0.83403546,0
0.21075055,0.44121614,-0.15288216,0.3845894,0.3955704,-0.83403546,0
0.23838645,0.18409491,-0.26335627,0.3845894,0.3955704,-0.83403546,0
-0.51603895,0.32590744,-0.20392558,-0.88515949,0.41437179,-0.21163332,0
-0.36764553,0.012678504,-0.79609084,-0.26188481,-0.81964636,-0.50950587,0
0.35283166,-0.49729267,0.054569185,0.88515949,-0.41437179,0.21163332,0
-0.52085948,0.22233784,-0.6789676,-0.88515949,0.41437179,-0.21163332,0
-0.54157329,0.16905822,-0.31478247,-0.88515949,0.41437179,-0.21163332,0
0.14089492,-0.26607648,0.34256643,-0.3845894,-0.3955704,0.83403546,0
-0.32893133,0.62162054,-0.12088454,0.26188481,0.81964636,0.50950587,0
0.19828409,0.85302883,-0.27169535,0.3845894,0.3955704,-0.83403546,0
0.53512418,0.094228804,-0.20253649,0.88515949,-0.41437179,0.21163332,0
-0.04445906,0.076487362,0.57862276,0.26188481,0.81964636,0.50950587,0
0.21483202,0.26163882,-0.52851713,0.3845894,0.3955704,-0.83403546,0
0.24330726,-0.21202081,-0.3973178,-0.26188481,-0.81964636,-0.50950587,0
0.16945148,0.38465989,-0.28751507,0.3845894,0.3955704,-0.83403546,0
0.44729343,-0.34825855,-0.3163456,0.88515949,-0.41437179,0.21163332,0
-0.55608624,-0.019136488,0.36938882,-0.3845894,-0.3955704,0.83403546,0
-0.32834673,-0.73297882,0.15246254,-0.26188481,-0.81964636,-0.50950587,0
0.46532696,0.25595784,-0.16046342,0.3845894,0.3955704,-0.83403546,0
0.38285148,-0.17246784,0.53701705,0.88515949,-0.41437179,0.21163332,0
-0.49901533,0.29778075,0.12413183,-0.88515949,0.41437179,-0.21163332,0
0.35704899,-0.18841596,0.37907845,0.88515949,-0.41437179,0.21163332,0
-0.55305672,-0.49970531,-0.021738626,-0.3845894,-0.3955704,0.83403546,0
0.80704415,0.51526165,0.024945047,0.26188481,0.81964636,0.50950587,0
-0.26643407,-0.43242797,0.43619421,-0.3845894,-0.3955704,0.83403546,0
0.29786769,-0.10155423,0.34944138,0.88515949,-0.41437179,0.21163332,0
0.078418076,-0.65339607,0.53184056,-0.3845894,-0.3955704,0.83403546,0
0.25396338,-0.13210435,0.46470416,-0.3845894,-0.3955704,0.83403546,0
-0.21668839,-0.26871353,-0.48975515,-0.26188481,-0.81964636,-0.50950587,0
-0.32305706,0.025488198,-0.82950139,-0.26188481,-0.81964636,-0.50950587,0
0.310224,0.055032253,0.53370661,-0.3845894,-0.3955704,0.83403546,0
0.3521339,-0.098227352,0.56933147,-0.3845894,-0.3955704,0.83403546,0
0.15884095,-0.22197109,-0.46962553,-0.26188481,-0.81964636,-0.50950587,0
0.23262647,-0.049711317,0.62255186,-0.3845894,-0.3955704,0.83403546,0
0.49015173,-0.20816696,-0.23276752,0.3845894,0.3955704,-0.83403546,0
0.36879507,-0.18815196,-0.69444889,0.3845894,0.3955704,-0.83403546,0
0.22151232,0.65898907,-0.17269358,0.26188481,0.81964636,0.50950587,0
0.34756333,0.14171243,0.54983342,0.88515949,-0.41437179,0.21163332,0
-0.33793837,0.37362152,-0.26164812,-0.88515949,0.41437179,-0.21163332,0
-0.25402099,0.45175067,0.41804096,-0.88515949,0.41437179,-0.21163332,0
-0.54295033,-0.20603305,0.18265477,-0.3845894,-0.3955704,0.83403546,0
0.12024966,-0.22530711,-0.62712997,0.3845894,0.3955704,-0.83403546,0
0.029482126,0.66593814,-0.15470621,0.3845894,0.3955704,-0.83403546,0
0.28338122,-0.23848581,-0.53204489,0.3845894,0.3955704,-0.83403546,0
-0.38255137,0.31972513,-0.054326296,-0.88515949,0.41437179,-0.21163332,0
0.13688099,-0.40647921,-0.30860776,-0.26188481,-0.81964636,-0.50950587,0
-0.12525266,0.58642453,-0.1718654,-0.88515949,0.41437179,-0.21163332,0
0.29311159,0.14185375,-0.53276837,0.3845894,0.3955704,-0.83403546,0
0.22189006,-0.56547946,-0.1066395,0.88515949,-0.41437179,0.21163332,0
0.14187616,-0.68469179,-0.12776721,-0.26188481,-0.81964636,-0.50950587,0
0.42506248,-0.074440762,0.23252642,0.88515949,-0.41437179,0.21163332,0
-0.45867732,-0.14598617,-0.49732178,-0.88515949,0.41437179,-0.21163332,0
0.6401732,0.23942089,-0.26828873,0.88515949,-0.41437179,0.21163332,0
-0.37240428,0.31746566,0.090654492,-0.88515949,0.41437179,-0.21163332,0
0.51811743,-0.013076223,0.30717075,0.88515949,-0.41437179,0.21163332,0
-0.40208387,0.3004306,0.53270245,-0.3845894,-0.3955704,0.83403546,0
-0.27066737,-0.32798278,0.27388176,-0.3845894,-0.3955704,0.83403546,0
-0.88286531,-0.26220387,0.14468709,-0.88515949,0.41437179,-0.21163332,0
-0.36822388,0.32609972,0.24096587,-0.88515949,0.41437179,-0.21163332,0
-0.5783636,-0.053014889,-0.27871734,-0.88515949,0.41437179,-0.21163332,0
-0.29528558,0.3854931,0.61254954,0.26188481,0.81964636,0.50950587,0
0.64963627,0.43348694,-0.15434569,0.3845894,0.3955704,-0.83403546,0
-0.52533013,0.22332078,0.038329542,-0.88515949,0.41437179,-0.21163332,0
-0.48229474,0.068565428,-0.6071195,0.3845894,0.3955704,-0.83403546,0
0.76079869,-0.11471522,-0.13638684,0.88515949,-0.41437179,0.21163332,0
-0.4854486,0.2229791,0.24812308,-0.88515949,0.41437179,-0.21163332,0
0.25683704,0.10836414,-0.21863061,0.3845894,0.3955704,-0.83403546,0
0.2927157,0.53574526,-0.20274118,0.3845894,0.3955704,-0.83403546,0
0.71670079,-0.11377531,-0.48053157,0.3845894,0.3955704,-0.83403546,0
-0.39662993,0.12600797,0.48810831,-0.3845894,-0.3955704,0.83403546,0
-0.19182906,0.50777137,0.35417506,0.26188481,0.81964636,0.50950587,0
0.25763258,-0.51309639,0.33651838,-0.3845894,-0.3955704,0.83403546,0
-0.56144875,0.3908053,-0.025569916,-0.88515949,0.41437179,-0.21163332,0
0.23570648,0.45233262,0.32527596,0.26188481,0.81964636,0.50950587,0
-0.11300343,-0.28839654,-0.23552552,-0.26188481,-0.81964636,-0.50950587,0
0.25437582,-0.3923493,-0.52614164,-0.26188481,-0.81964636,-0.50950587,0
-0.49889654,0.4067173,0.58240891,-0.3845894,-0.3955704,0.83403546,0
0.17128158,-0.38139537,-0.48072845,0.3845894,0.3955704,-0.83403546,0
0.53566641,-0.12512095,0.70558405,0.88515949,-0.41437179,0.21163332,0
0.42308289,-0.52945727,0.090318501,0.88515949,-0.41437179,0.21163332,0
0.19040179,-0.70863163,0.18174219,0.88515949,-0.41437179,0.21163332,0
-0.12479371,-0.47848159,-0.30894339,-0.26188481,-0.81964636,-0.50950587,0
0.92185336,0.3124299,-0.06372413,0.26188481,0.81964636,0.50950587,0
0.320896,0.29362819,-0.32149696,0.3845894,0.3955704,-0.83403546,0
-0.63661456,-0.34733146,0.32486373,-0.3845894,-0.3955704,0.83403546,0
-0.26927707,0.28922093,-0.043596715,-0.88515949,0.41437179,-0.21163332,0
0.4955751,-0.47238562,-0.1855796,0.88515949,-0.41437179,0.21163332,0
0.1407727,-0.32130402,-0.64220589,-0.26188481,-0.81964636,-0.50950587,0
-0.81328493,-0.33194885,-0.18644184,-0.88515949,0.41437179,-0.21163332,0
-0.09929359,0.77339959,-0.18936896,0.26188481,0.81964636,0.50950587,0
0.21817376,0.25509796,0.81139845,0.26188481,0.81964636,0.50950587,0
-0.58217019,0.20647892,0.039177746,-0.88515949,0.41437179,-0.21163332,0
0.57627785,-0.17012282,0.15676352,0.88515949,-0.41437179,0.21163332,0
0.14413023,-0.58218986,0.26324159,-0.3845894,-0.3955704,0.83403546,0
-0.27478686,0.201748,0.062569022,-0.88515949,0.41437179,-0.21163332,0
0.17598808,-0.62662578,0.067582548,-0.26188481,-0.81964636,-0.50950587,0
-0.22343957,0.4763234,0.044411838,0.26188481,0.81964636,0.50950587,0
0.6637491,0.090107143,-0.44343066,0.3845894,0.3955704,-0.83403546,0
-0.61724669,0.36099708,0.34449443,-0.88515949,0.41437179,-0.21163332,0
0.53658092,0.11595975,0.67117471,0.88515949,-0.41437179,0.21163332,0
0.33929548,0.48994011,-0.21743935,0.3845894,0.3955704,-0.83403546,0
-0.12323771,-0.10471857,0.70599037,-0.3845894,-0.3955704,0.83403546,0
-0.26919809,-0.19688383,0.17769234,-0.3845894,-0.3955704,0.83403546,0
0.015876159,0.1446988,-0.29028487,0.3845894,0.3955704,-0.83403546,0
-0.049650885,-0.031002522,0.66944081,-0.3845894,-0.3955704,0.83403546,0
-0.27352911,-0.26154003,0.1574775,-0.3845894,-0.3955704,0.83403546,0
-0.5422712,-0.043938816,-0.12911755,-0.88515949,0.41437179,-0.21163332,0
0.71129084,0.34668672,0.33228695,0.26188481,0.81964636,0.50950587,0
-0.51447284,-0.08748249,-0.34407309,-0.88515949,0.41437179,-0.21163332,0
0.13265869,0.51275003,-0.15653342,0.3845894,0.3955704,-0.83403546,0
0.48129213,-0.23329902,0.38201332,0.88515949,-0.41437179,0.21163332,0
-0.16071928,0.49672574,-0.52886796,-0.88515949,0.41437179,-0.21163332,0
0.21433072,-0.19575146,0.64963198,-0.3845894,-0.3955704,0.83403546,0
0.32695657,0.2181702,0.81079686,0.26188481,0.81964636,0.50950587,0
-0.16579086,-0.53950202,0.32601982,-0.26188481,-0.81964636,-0.50950587,0
-0.19040906,0.71703053,0.17816997,0.26188481,0.81964636,0.50950587,0
-0.34843454,0.16589265,-0.15663078,-0.88515949,0.41437179,-0.21163332,0
0.059845269,0.51456386,-0.23262346,0.26188481,0.81964636,0.50950587,0
0.34748679,-0.082303286,0.82992893,0.26188481,0.81964636,0.50950587,0
0.20657933,0.69609863,0.14372098,0.26188481,0.81964636,0.50950587,0
0.31070659,0.13681865,-0.49606836,0.3845894,0.3955704,-0.83403546,0
0.4134621,0.10479939,0.65263242,0.26188481,0.81964636,0.50950587,0
-0.059670627,0.46686846,0.46342888,0.26188481,0.81964636,0.50950587,0
0.48358268,-0.56746042,-0.079715669,-0.26188481,-0.81964636,-0.50950587,0
-0.097812951,0.06120491,-0.73755825,-0.26188481,-0.81964636,-0.50950587,0
0.42710835,0.26981524,0.56597424,0.26188481,0.81964636,0.50950587,0
-0.057206631,0.63381994,-0.14372799,0.26188481,0.81964636,0.50950587,0
0.16534424,0.51566613,-0.18050921,0.3845894,0.3955704,-0.83403546,0
-0.20817226,0.5478729,0.10523891,0.26188481,0.81964636,0.50950587,0
-0.68597698,-0.2972168,-0.17301691,-0.26188481,-0.81964636,-0.50950587,0
0.52676433,0.46945962,-0.090413123,0.3845894,0.3955704,-0.83403546,0
0.12656969,0.070242703,0.58128667,-0.3845894,-0.3955704,0.83403546,0
-0.23200575,-0.11600405,-0.82004869,0.3845894,0.3955704,-0.83403546,0
0.024165392,-0.5855757,-0.14386284,-0.26188481,-0.81964636,-0.50950587,0
-0.67860138,0.068560183,0.0088201463,-0.88515949,0.41437179,-0.21163332,0
0.31264138,-0.21136686,0.75456655,0.88515949,-0.41437179,0.21163332,0
-0.1666964,-0.50527596,0.23751897,-0.3845894,-0.3955704,0.83403546,0
-0.036810368,-0.4018313,0.39726627,-0.3845894,-0.3955704,0.83403546,0
-0.0097771585,-0.42496702,0.62383968,-0.3845894,-0.3955704,0.83403546,0
-0.57080483,0.16417375,-0.028341383,-0.88515949,0.41437179,-0.21163332,0
0.17052665,0.56615692,-0.47807986,0.3845894,0.3955704,-0.83403546,0
0.40988222,-0.36165145,-0.30463493,-0.26188481,-0.81964636,-0.50950587,0
0.13184702,-0.62975842,0.10825962,0.88515949,-0.41437179,0.21163332,0
0.69908297,0.39476606,0.12196837,0.26188481,0.81964636,0.50950587,0
-0.5350157,-0.094315886,0.13499425,-0.3845894,-0.3955704,0.83403546,0
0.28201616,0.038373411,0.89834374,0.26188481,0.81964636,0.50950587,0
-0.50301212,-0.1433619,-0.0077313185,-0.88515949,0.41437179,-0.21163332,0
-0.45793888,0.39775339,0.28857851,-0.88515949,0.41437179,-0.21163332,0
-0.52836716,0.66509759,0.37382877,-0.88515949,0.41437179,-0.21163332,0
0.48621428,-0.23526278,0.23230076,0.88515949,-0.41437179,0.21163332,0
0.25935972,-0.11434054,-0.39305848,0.3845894,0.3955704,-0.83403546,0
0.15011981,-0.56828868,-0.088370949,-0.26188481,-0.81964636,-0.50950587,0
-0.1846413,-0.81781006,0.20060888,-0.26188481,-0.81964636,-0.50950587,0
0.33918196,-0.20565683,0.43315706,0.88515949,-0.41437179,0.21163332,0
-0.65650779,-0.272109,-0.2326369,-0.88515949,0.41437179,-0.21163332,0
0.24112761,0.44012576,0.076801255,0.26188481,0.81964636,0.50950587,0
0.49308151,0.29176781,0.36926466,0.26188481,0.81964636,0.50950587,0
0.32770905,-0.051363051,-0.34937891,0.3845894,0.3955704,-0.83403546,0
-0.10556632,0.2797454,-0.35896724,0.3845894,0.3955704,-0.83403546,0
0.66243333,0.0062173009,-0.37502187,0.3845894,0.3955704,-0.83403546,0
-0.22446626,-0.20686531,-0.82455182,0.3845894,0.3955704,-0.83403546,0
0.42066216,0.34449333,-0.03190612,0.26188481,0.81964636,0.50950587,0
-0.45404482,-0.022169352,0.38749987,-0.3845894,-0.3955704,0.83403546,0
-0.17530639,-0.27057219,0.19280824,-0.3845894,-0.3955704,0.83403546,0
0.65132248,0.52497071,0.064664163,0.26188481,0.81964636,0.50950587,0
-0.57808453,-0.20136119,-0.15421432,-0.26188481,-0.81964636,-0.50950587,0
0.34079671,-0.79555917,0.089002728,0.88515949,-0.41437179,0.21163332,0
0.17585689,0.46135956,0.14155616,0.26188481,0.81964636,0.50950587,0
0.34978905,-0.52454847,-0.40586039,0.88515949,-0.41437179,0.21163332,0
0.49213549,-0.40886056,0.00068408251,0.88515949,-0.41437179,0.21163332,0
-0.50536048,0.60989529,0.036445916,-0.88515949,0.41437179,-0.21163332,0
-0.63013506,-0.2198943,-0.23452681,-0.26188481,-0.81964636,-0.50950587,0
-0.048054427,0.33770764,0.70769686,0.26188481,0.81964636,0.50950587,0
0.5562377,0.68965602,-0.067437574,0.26188481,0.81964636,0.50950587,0
-0.071458161,0.41126895,0.64406633,0.26188481,0.81964636,0.50950587,0
0.29495257,0.40692028,-0.2092616,0.26188481,0.81964636,0.50950587,0
0.35464427,-0.57850254,-0.55212247,-0.26188481,-0.81964636,-0.50950587,0
0.10944931,-0.072398871,-0.37585109,0.3845894,0.3955704,-0.83403546,0
-0.010581136,0.50762814,-0.33913276,0.3845894,0.3955704,-0.83403546,0
0.44413942,0.11345598,-0.026470423,0.88515949,-0.41437179,0.21163332,0
-0.074894913,0.14731187,-0.63550562,0.3845894,0.3955704,-0.83403546,0
-0.5889895,0.11761218,-0.074405998,-0.88515949,0.41437179,-0.21163332,0
-0.23010118,0.27225137,0.74721181,-0.3845894,-0.3955704,0.83403546,0
0.61344665,0.27512589,0.090576343,0.26188481,0.81964636,0.50950587,0
0.39125517,0.16678292,0.21390404,0.88515949,-0.41437179,0.21163332,0
-0.26886901,-0.30583918,0.50864983,-0.3845894,-0.3955704,0.83403546,0
-0.39852634,-0.25800177,-0.3954699,-0.26188481,-0.81964636,-0.50950587,0
-0.22031388,-0.3974506,-0.50489873,-0.26188481,-0.81964636,-0.50950587,0
-0.15425028,0.20980451,-0.44596267,0.3845894,0.3955704,-0.83403546,0
0.56233299,-0.021614492,-0.35508204,0.3845894,0.3955704,-0.83403546,0
-0.33887121,0.61912042,0.34227201,0.26188481,0.81964636,0.50950587,0
0.51717293,0.31404096,-0.4041326,0.3845894,0.3955704,-0.83403546,0
-0.2818692,0.60860783,-0.01911962,-0.88515949,0.41437179,-0.21163332,0
0.52382195,-0.18093228,-0.24604318,0.3845894,0.3955704,-0.83403546,0
-0.41081917,-0.47383106,-0.17707092,-0.26188481,-0.81964636,-0.50950587,0
-0.22240871,0.52999556,-0.042646706,0.26188481,0.81964636,0.50950587,0
0.16017061,-0.47241303,-0.04152742,-0.26188481,-0.81964636,-0.50950587,0
0.12384945,-0.35953879,-0.26516032,-0.26188481,-0.81964636,-0.50950587,0
-0.42931455,0.024330139,-0.87446439,0.3845894,0.3955704,-0.83403546,0
-0.039662302,-0.64542121,-0.27708548,-0.26188481,-0.81964636,-0.50950587,0
-0.014681362,0.11651725,0.4101705,0.26188481,0.81964636,0.50950587,0
-0.26498866,-0.16776359,0.22071525,-0.3845894,-0.3955704,0.83403546,0
-0.65306693,-0.39975637,-0.21851428,-0.26188481,-0.81964636,-0.50950587,0
0.60773242,0.078990608,0.38723978,0.88515949,-0.41437179,0.21163332,0
-0.27459809,-0.39196086,0.086074121,-0.26188481,-0.81964636,-0.50950587,0
-0.21325114,-0.4520604,-0.27058381,-0.26188481,-0.81964636,-0.50950587,0
0.50628,-0.3704102,0.38203695,0.88515949,-0.41437179,0.21163332,0
0.37747729,0.045145825,0.26022154,0.88515949,-0.41437179,0.21163332,0
-0.51286405,-0.22075647,-0.091263056,-0.88515949,0.41437179,-0.21163332,0
0.21983847,-0.49884993,0.071746111,0.88515949,-0.41437179,0.21163332,0
0.19710891,0.086873382,0.53982419,-0.3845894,-0.3955704,0.83403546,0
0.31494144,-0.48443377,-0.60224229,-0.26188481,-0.81964636,-0.50950587,0
-0.44845331,-0.052346051,0.34331512,-0.3845894,-0.3955704,0.83403546,0
-0.31215915,-0.37424642,0.11368823,-0.26188481,-0.81964636,-0.50950587,0
0.014883339,-0.094013095,-0.85803878,0.3845894,0.3955704,-0.83403546,0
-0.57574415,-0.18537731,-0.50871825,-0.26188481,-0.81964636,-0.50950587,0
-0.28408182,0.37684804,-0.038964987,-0.88515949,0.41437179,-0.21163332,0
-0.48905724,-0.20338517,-0.64443582,-0.88515949,0.41437179,-0.21163332,0
-0.04996255,0.20133692,0.81399447,-0.3845894,-0.3955704,0.83403546,0
-0.41231364,0.54081416,-0.34604824,-0.88515949,0.41437179,-0.21163332,0
0.25386763,-0.15219569,-0.49327555,0.3845894,0.3955704,-0.83403546,0
0.063151434,0.073212534,-0.32651073,0.3845894,0.3955704,-0.83403546,0
-0.21223108,0.27164418,0.3940998,-0.3845894,-0.3955704,0.83403546,0
-0.36501798,-0.37220272,-0.24641913,-0.26188481,-0.81964636,-0.50950587,0
-0.28296518,0.2408011,0.6996851,0.26188481,0.81964636,0.50950587,0
-0.7104525,-0.21086472,-0.57887298,-0.88515949,0.41437179,-0.21163332,0
0.11167794,0.4401688,-0.35290283,0.3845894,0.3955704,-0.83403546,0
-0.69297898,-0.49191603,-0.071460716,-0.26188481,-0.81964636,-0.50950587,0
-0.082350671,-0.30785698,0.63807595,-0.3845894,-0.3955704,0.83403546,0
-0.54087079,0.32349288,-0.21270198,-0.88515949,0.41437179,-0.21163332,0
-0.4392592,-0.15469822,-0.48128304,-0.26188481,-0.81964636,-0.50950587,0
-0.21146818,0.39199907,0.088579476,0.26188481,0.81964636,0.50950587,0
0.22529943,0.24289834,0.52468777,0.26188481,0.81964636,0.50950587,0
-0.30662188,-0.42977068,0.40594161,-0.3845894,-0.3955704,0.83403546,0
0.30249292,-0.55360782,-0.54298109,-0.26188481,-0.81964636,-0.50950587,0
0.10397023,-0.69484913,0.43501025,0.88515949,-0.41437179,0.21163332,0
0.39066786,-0.29960826,0.36677912,0.88515949,-0.41437179,0.21163332,0
-0.28808489,0.6534577,0.46042636,0.26188481,0.81964636,0.50950587,0
-0.20934889,-0.017443299,-0.63123685,0.3845894,0.3955704,-0.83403546,0
0.51401293,-0.13083389,0.14374486,0.88515949,-0.41437179,0.21163332,0
0.37780723,0.12572791,0.49693841,0.26188481,0.81964636,0.50950587,0
-0.78020352,-0.37174511,0.11378199,-0.26188481,-0.81964636,-0.50950587,0
-0.04050646,0.13301522,-0.67688584,0.3845894,0.3955704,-0.83403546,0
0.24984622,-0.40868503,0.25745305,0.88515949,-0.41437179,0.21163332,0
0.33988789,-0.24734069,0.4084157,0.88515949,-0.41437179,0.21163332,0
-0.20515341,0.68720144,-0.14702821,-0.88515949,0.41437179,-0.21163332,0
-0.2379653,0.26314449,0.66454554,-0.3845894,-0.3955704,0.83403546,0
0.34222594,0.37632522,-0.34403634,0.3845894,0.3955704,-0.83403546,0
0.29291087,-0.12734634,0.80289102,-0.3845894,-0.3955704,0.83403546,0
-0.13262948,0.4977071,0.41446927,0.26188481,0.81964636,0.50950587,0
-0.10855101,-0.24215898,-0.53259051,-0.26188481,-0.81964636,-0.50950587,0
0.39253294,0.048109487,0.10731083,0.88515949,-0.41437179,0.21163332,0
0.56877768,0.26330692,-0.010607079,0.26188481,0.81964636,0.50950587,0
0.64718509,-0.34423003,-0.15651172,0.88515949,-0.41437179,0.21163332,0
-0.034222752,-0.35310325,-0.27740425,-0.26188481,-0.81964636,-0.50950587,0
-0.30471241,-0.33482963,-0.18691698,-0.26188481,-0.81964636,-0.50950587,0
-0.22688901,0.42348525,0.56368154,0.26188481,0.81964636,0.50950587,0
-0.70291615,-0.036347657,-0.24882442,-0.88515949,0.41437179,-0.21163332,0
0.18152216,0.45892614,-0.027691692,0.26188481,0.81964636,0.50950587,0
-0.42768162,0.10931513,0.05492276,-0.88515949,0.41437179,-0.21163332,0
-0.56180102,-0.1924365,-0.5311451,-0.26188481,-0.81964636,-0.50950587,0
-0.48998782,-0.15829068,-0.80150282,-0.26188481,-0.81964636,-0.50950587,0
-0.19608501,-0.22710478,0.30035755,-0.3845894,-0.3955704,0.83403546,0
0.37794289,0.39075869,0.2825551,0.26188481,0.81964636,0.50950587,0
0.41843575,-0.30238122,0.69900018,0.88515949,-0.41437179,0.21163332,0
0.94520265,0.3878991,-0.052533016,0.88515949,-0.41437179,0.21163332,0
0.48254657,-0.49292451,-0.80233181,-0.26188481,-0.81964636,-0.50950587,0
0.56933039,0.14186102,0.079761639,0.88515949,-0.41437179,0.21163332,0
0.26173726,-0.23843226,-0.36504897,0.3845894,0.3955704,-0.83403546,0
-0.45859772,-0.28743616,-0.15682265,-0.26188481,-0.81964636,-0.50950587,0
-0.69988978,0.082267702,0.29369342,-0.3845894,-0.3955704,0.83403546,0
-0.16146861,0.31229517,-0.51891983,0.3845894,0.3955704,-0.83403546,0
-0.4453603,0.15779024,0.55368418,-0.88515949,0.41437179,-0.21163332,0
0.3720791,-0.2732105,-0.32992142,0.88515949,-0.41437179,0.21163332,0
0.14500874,-0.73613667,0.22079718,0.88515949,-0.41437179,0.21163332,0
0.043121636,-0.60031641,0.56991649,-0.3845894,-0.3955704,0.83403546,0
0.38828534,0.26313123,0.49770194,0.26188481,0.81964636,0.50950587,0
-0.2183803,0.56693631,0.51313645,0.26188481,0.81964636,0.50950587,0
0.13568762,0.075081825,-0.26935706,0.3845894,0.3955704,-0.83403546,0
0.83189833,0.20072025,0.10996011,0.88515949,-0.41437179,0.21163332,0
-0.54345083,-0.069782227,-0.54786724,-0.88515949,0.41437179,-0.21163332,0
0.39401299,0.15632759,0.64934415,0.26188481,0.81964636,0.50950587,0
-0.41747946,0.039398164,0.0038820207,-0.88515949,0.41437179,-0.21163332,0
-0.26937264,-0.22354621,0.24242203,-0.3845894,-0.3955704,0.83403546,0
0.079298794,0.60185039,0.21376207,0.26188481,0.81964636,0.50950587,0
-0.13254037,0.58355987,-0.5198912,0.3845894,0.3955704,-0.83403546,0
0.13023847,0.55809706,-0.20493788,0.3845894,0.3955704,-0.83403546,0
0.72519857,0.17102939,-0.12416561,0.88515949,-0.41437179,0.21163332,0
0.22869237,-0.058266163,0.45624626,0.88515949,-0.41437179,0.21163332,0
0.58960032,-0.42983007,-0.15445149,0.88515949,-0.41437179,0.21163332,0
-0.35200295,0.21330416,0.43106335,-0.88515949,0.41437179,-0.21163332,0
0.36893383,-0.64156818,-0.37132114,-0.26188481,-0.81964636,-0.50950587,0
-0.38141286,-0.14809772,0.20504095,-0.3845894,-0.3955704,0.83403546,0
-0.59732753,0.17626637,0.40354347,-0.88515949,0.41437179,-0.21163332,0
-0.35260701,0.31208897,0.14289838,-0.88515949,0.41437179,-0.21163332,0
-0.24824873,-0.39837271,0.054419115,-0.26188481,-0.81964636,-0.50950587,0
-0.63084924,0.15412074,0.0086267889,-0.88515949,0.41437179,-0.21163332,0
0.45856842,0.29369804,0.43926156,0.26188481,0.81964636,0.50950587,0
0.087287843,0.40111122,-0.039955169,0.26188481,0.81964636,0.50950587,0
-0.71382868,0.06832993,0.46173328,-0.88515949,0.41437179,-0.21163332,0
0.0103333,0.62460262,-0.15741444,0.3845894,0.3955704,-0.83403546,0
0.22311674,-0.26422375,0.52895921,-0.3845894,-0.3955704,0.83403546,0
0.37929687,-0.21071246,0.66330087,0.88515949,-0.41437179,0.21163332,0
-0.23068574,0.60037148,-0.32873297,0.3845894,0.3955704,-0.83403546,0
0.45628339,-0.34250551,-0.29796273,-0.26188481,-0.81964636,-0.50950587,0
0.29818684,-0.027747929,-0.3063302,0.3845894,0.3955704,-0.83403546,0
-0.48168826,-0.0055326819,0.22030631,-0.3845894,-0.3955704,0.83403546,0
-0.12806204,0.55487424,-0.11985055,-0.88515949,0.41437179,-0.21163332,0
0.33802214,-0.12472197,0.015641838,0.88515949,-0.41437179,0.21163332,0
-0.29989052,0.11422212,-0.28101116,-0.88515949,0.41437179,-0.21163332,0
-0.35756445,0.70685923,-0.29300272,-0.88515949,0.41437179,-0.21163332,0
0.46332777,-0.5484969,0.1652348,0.88515949,-0.41437179,0.21163332,0
-0.11337543,-0.64247334,-0.12511674,-0.26188481,-0.81964636,-0.50950587,0
-0.6866681,0.065107316,-0.0034603179,-0.88515949,0.41437179,-0.21163332,0
0.091847889,0.017813027,-0.64165926,0.3845894,0.3955704,-0.83403546,0
0.019972026,-0.48189291,-0.60041523,-0.26188481,-0.81964636,-0.50950587,0
-0.33537066,-0.19982362,0.45181385,-0.3845894,-0.3955704,0.83403546,0
0.17941016,0.25245911,-0.25527138,0.3845894,0.3955704,-0.83403546,0
-0.55661434,-0.40794629,-0.16015099,-0.26188481,-0.81964636,-0.50950587,0
-0.10488073,0.06229341,0.64193779,0.26188481,0.81964636,0.50950587,0
0.54361403,0.11181767,0.22217442,0.88515949,-0.41437179,0.21163332,0
0.0033257008,-0.71788764,0.01540041,-0.26188481,-0.81964636,-0.50950587,0
-0.13030252,0.066051692,-0.42199785,0.3845894,0.3955704,-0.83403546,0
0.13928786,0.060798407,-0.29828462,0.3845894,0.3955704,-0.83403546,0
0.64730453,-0.081556201,-0.30731371,0.3845894,0.3955704,-0.83403546,0
-0.11258891,0.48825127,0.56107402,0.26188481,0.81964636,0.50950587,0
0.30297139,-0.0098949373,0.56305391,0.26188481,0.81964636,0.50950587,0
0.38468251,0.067606688,0.69873559,-0.3845894,-0.3955704,0.83403546,0
-0.24966826,-0.27436996,-0.49603865,-0.26188481,-0.81964636,-0.50950587,0
0.32432306,0.35302493,0.11871792,0.26188481,0.81964636,0.50950587,0
-0.29681,-0.092480063,-0.60513812,-0.26188481,-0.81964636,-0.50950587,0
0.42735785,-0.12429626,0.11225721,0.88515949,-0.41437179,0.21163332,0
0.15060371,0.77796209,0.018840909,0.26188481,0.81964636,0.50950587,0
0.057119787,-0.70312762,-0.18352744,-0.26188481,-0.81964636,-0.50950587,0
-0.61515105,0.092160702,0.0031850636,-0.88515949,0.41437179,-0.21163332,0
0.35900655,-0.68024659,-0.012071848,0.88515949,-0.41437179,0.21163332,0
0.58959794,-0.32107672,0.060830653,0.88515949,-0.41437179,0.21163332,0
-0.22289477,-0.093118966,-0.8357327,-0.26188481,-0.81964636,-0.50950587,0
-0.77485728,-0.27681291,0.088427573,-0.26188481,-0.81964636,-0.50950587,0
0.36973622,-0.41803885,0.27989304,0.88515949,-0.41437179,0.21163332,0
-0.45680746,0.55857986,0.2506302,-0.88515949,0.41437179,-0.21163332,0
0.058696866,-0.066628218,0.55184305,-0.3845894,-0.3955704,0.83403546,0
-0.46522108,0.049546123,0.23198622,-0.88515949,0.41437179,-0.21163332,0
0.42315483,-0.21507221,0.22414264,0.88515949,-0.41437179,0.21163332,0
0.26889908,-0.35506725,0.27952501,0.88515949,-0.41437179,0.21163332,0
0.1430968,0.46750003,0.032021672,0.26188481,0.81964636,0.50950587,0
0.48033863,0.42783144,-0.18140198,0.3845894,0.3955704,-0.83403546,0
-0.39459971,0.66231078,0.070043504,-0.88515949,0.41437179,-0.21163332,0
0.15720952,-0.80228639,-0.14097309,-0.26188481,-0.81964636,-0.50950587,0
0.57952911,0.22027808,0.07274361,0.88515949,-0.41437179,0.21163332,0
0.25580955,-0.30943537,0.23009765,0.88515949,-0.41437179,0.21163332,0
0.58024836,-0.15834317,0.035402894,0.88515949,-0.41437179,0.21163332,0
0.40847921,0.10380143,0.3505882,0.88515949,-0.41437179,0.21163332,0
0.53432512,0.43260241,0.017505201,0.3845894,0.3955704,-0.83403546,0
-0.087673068,0.50159103,0.23621792,0.26188481,0.81964636,0.50950587,0
0.39303774,-0.37388676,0.54207247,0.88515949,-0.41437179,0.21163332,0
0.10639369,0.60053682,-0.4809483,0.3845894,0.3955704,-0.83403546,0
0.53472078,0.23398645,0.13468483,0.26188481,0.81964636,0.50950587,0
-0.53287166,0.17963447,-0.70121837,-0.88515949,0.41437179,-0.21163332,0
0.073830038,0.31481534,-0.5789758,0.3845894,0.3955704,-0.83403546,0
0.36964959,-0.45081127,-0.64603966,-0.26188481,-0.81964636,-0.50950587,0
-0.374915,-0.067000166,-0.56724489,0.3845894,0.3955704,-0.83403546,0
0.056727588,-0.61466026,0.034149587,-0.26188481,-0.81964636,-0.50950587,0
-0.2866644,0.5115298,-0.013661563,0.26188481,0.81964636,0.50950587,0
0.039513439,-0.39914599,0.42868543,-0.3845894,-0.3955704,0.83403546,0
-0.32487157,0.3540608,0.43937913,-0.3845894,-0.3955704,0.83403546,0
-0.10425901,-0.61923611,0.28993446,-0.3845894,-0.3955704,0.83403546,0
-0.4123379,-0.23865077,-0.57544172,-0.26188481,-0.81964636,-0.50950587,0
-0.59200251,0.30175143,-0.048971534,-0.88515949,0.41437179,-0.21163332,0
0.090860233,0.04282099,0.61026043,-0.3845894,-0.3955704,0.83403546,0
0.14377201,-0.31278986,-0.36334294,-0.26188481,-0.81964636,-0.50950587,0
-0.035919011,0.84990942,-0.093317032,-0.88515949,0.41437179,-0.21163332,0
0.43189374,0.12086526,0.69786775,-0.3845894,-0.3955704,0.83403546,0
-0.58257687,0.16471317,-0.36951122,-0.88515949,0.41437179,-0.21163332,0
0.0032945871,-0.85223204,0.24436313,-0.3845894,-0.3955704,0.83403546,0
-0.10407813,-0.19080046,-0.27564916,-0.26188481,-0.81964636,-0.50950587,0
-0.38458228,0.018173486,-0.61650968,-0.88515949,0.41437179,-0.21163332,0
0.0093575716,0.31772119,0.68159682,0.26188481,0.81964636,0.50950587,0
0.49643511,0.26455078,0.51101214,0.26188481,0.81964636,0.50950587,0
-0.29358047,-0.45941105,0.16570984,-0.26188481,-0.81964636,-0.50950587,0
-0.26462442,0.22381002,0.7559942,-0.3845894,-0.3955704,0.83403546,0
-0.38176253,0.20942262,0.24111649,-0.88515949,0.41437179,-0.21163332,0
-0.17051989,-0.66535282,-0.024591208,-0.26188481,-0.81964636,-0.50950587,0
-0.43924361,0.44603819,0.7352944,-0.3845894,-0.3955704,0.83403546,0
0.48532808,0.25850335,-0.10012811,0.88515949,-0.41437179,0.21163332,0
0.43989408,-0.28556931,0.49707517,0.88515949,-0.41437179,0.21163332,0
-0.53323019,-0.0056353211,-0.12103868,-0.88515949,0.41437179,-0.21163332,0
-0.26093078,-0.19478577,0.419606,-0.3845894,-0.3955704,0.83403546,0
0.56070018,0.0062411427,-0.44792023,0.3845894,0.3955704,-0.83403546,0
0.68138909,0.075765163,0.03579244,0.88515949,-0.41437179,0.21163332,0
-0.13596104,-0.213323,-0.28139746,-0.26188481,-0.81964636,-0.50950587,0
-0.12967181,0.66129309,-0.43240118,0.3845894,0.3955704,-0.83403546,0
0.11271381,-0.72227663,-0.23604953,-0.26188481,-0.81964636,-0.50950587,0
0.31351349,0.03888756,0.4858039,0.88515949,-0.41437179,0.21163332,0
0.32710466,0.11324048,0.70358777,0.88515949,-0.41437179,0.21163332,0
0.28521705,-0.068179369,0.81361699,-0.3845894,-0.3955704,0.83403546,0
0.12680852,-0.41087207,0.23727566,0.88515949,-0.41437179,0.21163332,0
0.18321469,0.19163454,-0.4661071,0.3845894,0.3955704,-0.83403546,0
0.12120628,-0.50405329,0.045959711,0.88515949,-0.41437179,0.21163332,0
0.003387779,0.47454685,-0.52401245,-0.88515949,0.41437179,-0.21163332,0
0.32669455,-0.56884885,0.076199889,0.88515949,-0.41437179,0.21163332,0
0.66415495,0.28188521,0.30126148,0.26188481,0.81964636,0.50950587,0
0.2245743,-0.36740181,0.41746268,-0.3845894,-0.3955704,0.83403546,0
0.40411872,0.24116692,0.26091608,0.26188481,0.81964636,0.50950587,0
-0.63387018,-0.39962226,-0.041865192,-0.26188481,-0.81964636,-0.50950587,0
