1.5137411,0.070941359,-0.78467208,0.59032112,0.5968321,0.54342651,0
-0.1680312,-0.75472981,-0.15892392,-0.59032112,-0.5968321,-0.54342651,0
0.38049424,0.64902931,0.044833079,-0.28247136,0.78343076,-0.55357587,0
-3.5533369,1.4997315,2.9383259,-0.75612891,0.1732851,0.6310637,0
2.7112451,-1.2546465,-2.2380195,0.28247136,-0.78343076,0.55357587,0
2.6325505,-0.22997391,-1.9322041,0.59032112,0.5968321,0.54342651,0
-1.7989473,0.87731224,1.5192922,-0.28247136,0.78343076,-0.55357587,0
1.6822202,-0.19011748,-1.9380183,-0.28247136,0.78343076,-0.55357587,0
-3.9879456,0.36881077,2.8088753,-0.75612891,0.1732851,0.6310637,0
2.3943768,-1.3423066,-2.2704403,-0.59032112,-0.5968321,-0.54342651,0
4.1541362,-0.79764652,-2.6461384,0.75612891,-0.1732851,-0.6310637,0
-3.8619523,1.0219977,3.1667967,-0.75612891,0.1732851,0.6310637,0
2.3513031,-0.99944872,-2.7218313,-0.59032112,-0.5968321,-0.54342651,0
-0.77225214,0.054038242,0.039251477,-0.59032112,-0.5968321,-0.54342651,0
-0.35123464,-0.79834247,-0.013961226,-0.59032112,-0.5968321,-0.54342651,0
0.77709508,-1.0979474,-0.92098689,-0.59032112,-0.5968321,-0.54342651,0
-3.0335414,0.42353815,3.2053418,0.28247136,-0.78343076,0.55357587,0
-4.2934999,0.77799594,2.7258167,-0.75612891,0.1732851,0.6310637,0
-1.3715606,-0.14027219,1.5393322,0.28247136,-0.78343076,0.55357587,0
-3.7540903,0.88246846,2.8900027,-0.75612891,0.1732851,0.6310637,0
4.2262969,-0.75817168,-2.8282704,0.75612891,-0.1732851,-0.6310637,0
3.2233152,-1.1303759,-3.4039652,-0.59032112,-0.5968321,-0.54342651,0
0.88948667,0.45826027,-0.93934476,-0.28247136,0.78343076,-0.55357587,0
3.1684813,-0.48637229,-3.2940569,-0.28247136,0.78343076,-0.55357587,0
-0.56832182,-0.62071735,0.45521343,-0.59032112,-0.5968321,-0.54342651,0
-0.58369052,-0.090469703,1.0965183,0.28247136,-0.78343076,0.55357587,0
-4.0006609,1.4007126,2.8726943,-0.75612891,0.1732851,0.6310637,0
1.0789162,0.2408516,-0.35285333,0.59032112,0.5968321,0.54342651,0
-1.2549416,0.90983927,0.71417874,-0.28247136,0.78343076,-0.55357587,0
0.52621824,-0.43182385,-1.2633954,-0.59032112,-0.5968321,-0.54342651,0
3.9016442,-0.78675234,-2.4260397,0.59032112,0.5968321,0.54342651,0
-3.3545091,1.0101551,3.4059615,-0.75612891,0.1732851,0.6310637,0
-1.8672782,0.52674901,2.0704036,0.59032112,0.5968321,0.54342651,0
-3.2945154,0.17404991,2.958071,0.28247136,-0.78343076,0.55357587,0
-0.57139301,0.022070076,1.5115799,0.28247136,-0.78343076,0.55357587,0
-4.3785667,0.93035579,2.6013033,-0.75612891,0.1732851,0.6310637,0
-0.69188225,-0.023760274,0.13085832,-0.59032112,-0.5968321,-0.54342651,0
-0.23201814,-0.45187125,0.063018143,-0.59032112,-0.5968321,-0.54342651,0
0.55268687,0.5067904,0.041931417,0.59032112,0.5968321,0.54342651,0
-3.7368796,1.2962539,3.2961698,-0.75612891,0.1732851,0.6310637,0
-2.489671,1.0897896,2.3092165,0.59032112,0.5968321,0.54342651,0
-3.6320353,0.42878431,3.4947734,-0.75612891,0.1732851,0.6310637,0
-2.4062259,-0.014455318,1.76718,-0.59032112,-0.5968321,-0.54342651,0
-2.7151954,0.80756706,1.2766359,-0.28247136,0.78343076,-0.55357587,0
-3.5964384,0.88687974,3.6432128,-0.75612891,0.1732851,0.6310637,0
-0.8507669,0.590554,0.18748924,-0.28247136,0.78343076,-0.55357587,0
-2.3610923,1.0533044,1.7495108,-0.28247136,0.78343076,-0.55357587,0
3.842315,-0.93625021,-2.9933653,0.75612891,-0.1732851,-0.6310637,0
-1.7655323,-0.22002527,1.430737,0.28247136,-0.78343076,0.55357587,0
3.8819165,-0.77530366,-3.0727623,0.75612891,-0.1732851,-0.6310637,0
-3.0352595,0.96714693,2.3195436,-0.28247136,0.78343076,-0.55357587,0
0.62502015,-0.042350709,0.58144337,0.59032112,0.5968321,0.54342651,0
-1.2477747,0.72828555,1.4664589,0.59032112,0.5968321,0.54342651,0
3.1782689,-0.97887677,-3.0705817,-0.59032112,-0.5968321,-0.54342651,0
1.2158277,-0.38203377,0.07737416,0.28247136,-0.78343076,0.55357587,0
-1.1543922,-0.33410814,0.53775859,-0.59032112,-0.5968321,-0.54342651,0
-2.3230145,1.2509899,1.8336165,-0.28247136,0.78343076,-0.55357587,0
-3.8016181,1.101257,3.2860148,-0.75612891,0.1732851,0.6310637,0
-0.21453603,0.15557627,0.68369865,0.59032112,0.5968321,0.54342651,0
-3.7504859,0.95188332,3.1829858,-0.75612891,0.1732851,0.6310637,0
-1.5073761,0.42018357,0.59902006,-0.28247136,0.78343076,-0.55357587,0
0.85383606,-0.75524962,-0.70372504,0.28247136,-0.78343076,0.55357587,0
3.9505572,-1.0115882,-2.6254544,0.59032112,0.5968321,0.54342651,0
-1.7704556,0.61768198,2.0978217,0.59032112,0.5968321,0.54342651,0
-3.9646716,0.76202989,2.8656421,-0.75612891,0.1732851,0.6310637,0
0.6124565,-0.38587907,-1.0139161,-0.59032112,-0.5968321,-0.54342651,0
-2.6400743,0.65825284,3.1218629,0.59032112,0.5968321,0.54342651,0
-1.1337781,0.23906013,1.6392169,0.28247136,-0.78343076,0.55357587,0
1.3756649,0.093818605,-1.1188457,-0.28247136,0.78343076,-0.55357587,0
-3.2279058,0.084946334,2.6287293,0.28247136,-0.78343076,0.55357587,0
-2.2164066,0.10605368,2.3291402,0.28247136,-0.78343076,0.55357587,0
1.3483776,0.037451953,-0.29533905,0.59032112,0.5968321,0.54342651,0
-3.6402035,1.0372477,3.1479878,-0.75612891,0.1732851,0.6310637,0
-3.9007835,1.3942496,3.1260231,-0.75612891,0.1732851,0.6310637,0
-3.2968578,0.19351608,3.1329026,0.28247136,-0.78343076,0.55357587,0
2.5262973,-0.69641113,-3.0727615,-0.28247136,0.78343076,-0.55357587,0
-2.6640897,0.88057017,3.0788651,0.59032112,0.5968321,0.54342651,0
-2.0380819,0.22594044,2.0483618,0.28247136,-0.78343076,0.55357587,0
-3.5800121,0.77354169,3.6418219,-0.75612891,0.1732851,0.6310637,0
0.89766097,-0.67516369,-0.53431338,0.28247136,-0.78343076,0.55357587,0
3.8684747,-0.35238391,-2.929764,0.75612891,-0.1732851,-0.6310637,0
1.6122558,-0.23795399,-1.8818061,-0.28247136,0.78343076,-0.55357587,0
2.8293149,-0.765598,-1.2824019,0.28247136,-0.78343076,0.55357587,0
-2.4800458,0.29313713,2.3347888,0.28247136,-0.78343076,0.55357587,0
3.7095482,-1.0535629,-3.4266896,0.75612891,-0.1732851,-0.6310637,0
-4.2935543,1.192471,2.7435691,-0.75612891,0.1732851,0.6310637,0
0.51492894,0.029041916,-0.94871068,-0.28247136,0.78343076,-0.55357587,0
-3.8281875,0.72515011,3.1612568,-0.75612891,0.1732851,0.6310637,0
3.8573275,-1.3717345,-2.6909983,0.75612891,-0.1732851,-0.6310637,0
-3.8400006,0.894261,2.6456213,-0.28247136,0.78343076,-0.55357587,0
-3.8018293,0.41881341,3.0950022,-0.75612891,0.1732851,0.6310637,0
3.9351482,-0.70375031,-2.9310179,0.75612891,-0.1732851,-0.6310637,0
-3.0773783,0.98490679,3.3937967,0.59032112,0.5968321,0.54342651,0
-1.4412639,0.63814247,1.6752592,0.59032112,0.5968321,0.54342651,0
3.2085419,-0.5295791,-3.33482,-0.28247136,0.78343076,-0.55357587,0
1.3878396,-0.40525341,-0.11765897,0.28247136,-0.78343076,0.55357587,0
1.9309055,-1.0392222,-1.8754256,-0.59032112,-0.5968321,-0.54342651,0
3.508889,-0.82884395,-2.2687802,0.59032112,0.5968321,0.54342651,0
3.5178695,-1.1652133,-3.0740345,0.75612891,-0.1732851,-0.6310637,0
1.0085773,0.46649027,-0.52073359,-0.28247136,0.78343076,-0.55357587,0
-2.2711267,0.97058791,2.1633644,0.59032112,0.5968321,0.54342651,0
1.780943,0.12284765,-0.83240747,0.59032112,0.5968321,0.54342651,0
-1.0678723,-0.15686476,0.71004295,-0.59032112,-0.5968321,-0.54342651,0
3.0609655,0.028783619,-2.6097443,-0.28247136,0.78343076,-0.55357587,0
3.5228822,-0.69460714,-3.2028074,0.75612891,-0.1732851,-0.6310637,0
-1.6123985,0.37687668,0.46317375,-0.28247136,0.78343076,-0.55357587,0
3.622263,-0.89865172,-3.5973716,0.75612891,-0.1732851,-0.6310637,0
0.67755473,0.60696661,-0.67285967,-0.28247136,0.78343076,-0.55357587,0
-0.26116264,0.4085283,0.42716524,0.59032112,0.5968321,0.54342651,0
-2.5652981,0.36804676,1.6183572,-0.59032112,-0.5968321,-0.54342651,0
1.7336034,-0.4953562,-0.51669413,0.59032112,0.5968321,0.54342651,0
4.160367,-0.86676896,-2.6489038,0.59032112,0.5968321,0.54342651,0
3.9202859,-1.3183166,-3.154752,0.75612891,-0.1732851,-0.6310637,0
-3.8537321,0.83983094,2.9087789,-0.75612891,0.1732851,0.6310637,0
-1.9524047,-0.19132119,1.4218698,-0.59032112,-0.5968321,-0.54342651,0
3.9673555,-0.66827321,-2.8471417,0.75612891,-0.1732851,-0.6310637,0
-3.6166897,1.1924202,3.1393938,-0.75612891,0.1732851,0.6310637,0
-0.012992531,-0.22765361,-0.96764123,-0.59032112,-0.5968321,-0.54342651,0
-3.6531138,0.8641777,3.3592863,-0.75612891,0.1732851,0.6310637,0
3.7343271,-0.49311095,-3.0562558,0.75612891,-0.1732851,-0.6310637,0
-0.71395314,0.92235595,0.97439855,0.59032112,0.5968321,0.54342651,0
1.0019301,-0.68408275,-0.39397705,0.28247136,-0.78343076,0.55357587,0
3.7245178,-1.3818309,-3.3527966,0.75612891,-0.1732851,-0.6310637,0
-1.3809977,-0.33606401,0.71199858,-0.59032112,-0.5968321,-0.54342651,0
1.7060465,-0.090041816,-2.224344,-0.28247136,0.78343076,-0.55357587,0
-4.0052695,0.30570877,3.3063867,-0.75612891,0.1732851,0.6310637,0
0.29021758,-0.39624602,-0.97230911,-0.59032112,-0.5968321,-0.54342651,0
-1.9571149,0.25383854,2.4898925,0.28247136,-0.78343076,0.55357587,0
0.85264742,0.015899509,0.24013408,0.59032112,0.5968321,0.54342651,0
-2.3537316,0.037022233,1.9610846,0.28247136,-0.78343076,0.55357587,0
-3.9678872,1.0538182,2.643532,-0.75612891,0.1732851,0.6310637,0
-3.8412924,1.1291915,2.7608032,-0.75612891,0.1732851,0.6310637,0
3.3051028,-0.51189411,-2.4328187,0.59032112,0.5968321,0.54342651,0
-0.27423245,0.01444076,-0.57682216,-0.59032112,-0.5968321,-0.54342651,0
-3.1218181,1.0525205,3.509984,0.59032112,0.5968321,0.54342651,0
3.791626,-0.98379648,-2.1684699,0.28247136,-0.78343076,0.55357587,0
-3.1905456,0.42343563,2.8383777,0.28247136,-0.78343076,0.55357587,0
3.4347742,-1.3780876,-2.8264256,-0.59032112,-0.5968321,-0.54342651,0
-3.7791448,0.89726442,2.9383011,-0.75612891,0.1732851,0.6310637,0
3.7585928,-1.416393,-3.2706811,0.75612891,-0.1732851,-0.6310637,0
3.9531207,-0.38051045,-3.1223559,0.59032112,0.5968321,0.54342651,0
-3.7215657,0.67974228,3.2048731,-0.75612891,0.1732851,0.6310637,0
-0.21298227,0.74640107,0.030488402,-0.28247136,0.78343076,-0.55357587,0
3.6671319,-0.7689749,-2.2397997,0.59032112,0.5968321,0.54342651,0
-3.6416914,0.49745363,3.2040596,-0.75612891,0.1732851,0.6310637,0
-3.370532,1.2160008,2.9348249,0.59032112,0.5968321,0.54342651,0
-2.7305961,0.042517245,2.1587367,-0.59032112,-0.5968321,-0.54342651,0
-2.3408852,-0.12214696,1.9821959,0.28247136,-0.78343076,0.55357587,0
3.6716504,-0.72547573,-3.4291501,0.75612891,-0.1732851,-0.6310637,0
-0.40462819,0.44046703,-0.052164897,-0.28247136,0.78343076,-0.55357587,0
2.6271524,-0.17107141,-2.5682745,-0.28247136,0.78343076,-0.55357587,0
1.5347488,0.38322526,-1.1913345,-0.28247136,0.78343076,-0.55357587,0
2.8151197,-0.20708066,-1.8817517,0.59032112,0.5968321,0.54342651,0
-3.8097069,1.2796192,3.1948109,-0.28247136,0.78343076,-0.55357587,0
0.37177658,0.32564238,-0.85275936,-0.28247136,0.78343076,-0.55357587,0
0.95206857,0.055869773,-0.50472581,0.59032112,0.5968321,0.54342651,0
-2.7122874,1.4496858,2.3238459,-0.28247136,0.78343076,-0.55357587,0
-3.4658878,0.55071461,3.5582581,-0.75612891,0.1732851,0.6310637,0
3.9451923,-1.5639827,-3.0437169,0.75612891,-0.1732851,-0.6310637,0
-3.8557086,0.77344894,2.9319811,-0.75612891,0.1732851,0.6310637,0
-1.1530918,0.76322424,0.56115466,-0.28247136,0.78343076,-0.55357587,0
-0.16002207,-0.60151118,-0.13369349,0.28247136,-0.78343076,0.55357587,0
3.676641,-0.42400539,-3.1516447,0.75612891,-0.1732851,-0.6310637,0
-3.8927214,0.30094218,2.9474645,-0.75612891,0.1732851,0.6310637,0
1.3360634,-0.073710963,-2.0218413,-0.28247136,0.78343076,-0.55357587,0
-3.8632336,1.3124163,3.0090404,-0.75612891,0.1732851,0.6310637,0
-2.0439534,1.2908123,1.7094307,0.59032112,0.5968321,0.54342651,0
1.1569177,-0.034839123,-1.2193604,-0.28247136,0.78343076,-0.55357587,0
2.7523875,-1.4109318,-2.1939526,0.28247136,-0.78343076,0.55357587,0
-3.755106,0.18755966,2.9306338,0.28247136,-0.78343076,0.55357587,0
-0.68178606,0.77779067,0.23957527,-0.28247136,0.78343076,-0.55357587,0
1.5198691,0.23774277,-1.0852612,0.59032112,0.5968321,0.54342651,0
-1.8368566,0.56639349,2.1750913,0.59032112,0.5968321,0.54342651,0
-2.6451974,0.85778445,2.7784207,0.59032112,0.5968321,0.54342651,0
-3.8097906,0.62021446,3.4028761,-0.75612891,0.1732851,0.6310637,0
1.5106834,0.3393898,-0.95968604,0.59032112,0.5968321,0.54342651,0
2.2143881,-0.23432273,-2.5203319,-0.28247136,0.78343076,-0.55357587,0
-1.8998727,0.11060354,1.0029607,-0.59032112,-0.5968321,-0.54342651,0
-1.9207658,-0.046331316,0.97528648,-0.59032112,-0.5968321,-0.54342651,0
-3.5018692,0.74078,3.7033448,-0.75612891,0.1732851,0.6310637,0
-0.05996871,0.31982616,0.58081257,0.59032112,0.5968321,0.54342651,0
-0.51654124,0.20833467,1.5165898,0.59032112,0.5968321,0.54342651,0
-3.9015796,0.22214997,2.9803174,-0.75612891,0.1732851,0.6310637,0
0.16060987,-0.31605288,0.70335656,0.28247136,-0.78343076,0.55357587,0
1.5630603,-0.84356421,-1.3278937,-0.59032112,-0.5968321,-0.54342651,0
3.5798306,-0.58544749,-3.365458,0.75612891,-0.1732851,-0.6310637,0
-1.020357,0.61662793,1.1878444,0.59032112,0.5968321,0.54342651,0
2.6441238,-0.029164553,-1.7479452,0.59032112,0.5968321,0.54342651,0
-3.866714,1.1437311,3.0839362,-0.75612891,0.1732851,0.6310637,0
-2.3799362,1.001948,2.055059,0.59032112,0.5968321,0.54342651,0
-4.0156884,1.1119221,2.9229383,-0.75612891,0.1732851,0.6310637,0
1.671909,0.044413596,-0.90815473,0.59032112,0.5968321,0.54342651,0
3.7187366,-0.83025491,-3.1174057,0.75612891,-0.1732851,-0.6310637,0
-3.9758253,0.31133145,2.8704598,-0.75612891,0.1732851,0.6310637,0
3.527369,-0.75070691,-3.4062071,0.75612891,-0.1732851,-0.6310637,0
-3.6942308,0.91359556,3.5422997,-0.75612891,0.1732851,0.6310637,0
0.27954316,-0.22211739,-0.84004998,-0.59032112,-0.5968321,-0.54342651,0
3.8679721,-0.5302245,-3.029635,0.75612891,-0.1732851,-0.6310637,0
-1.4798907,-0.24782412,1.296779,0.28247136,-0.78343076,0.55357587,0
3.6935685,-1.2349843,-3.0922675,0.75612891,-0.1732851,-0.6310637,0
1.4266552,-0.83733106,-1.1867536,-0.59032112,-0.5968321,-0.54342651,0
-3.8848143,0.29090661,3.083086,-0.75612891,0.1732851,0.6310637,0
1.6279941,-1.0354891,-1.3331814,0.28247136,-0.78343076,0.55357587,0
-3.9939148,0.63924962,3.2170928,-0.75612891,0.1732851,0.6310637,0
1.832355,0.10418856,-1.5062883,0.59032112,0.5968321,0.54342651,0
-3.3483095,1.1128681,3.3311799,-0.75612891,0.1732851,0.6310637,0
2.5938814,-0.22512853,-1.8647738,0.59032112,0.5968321,0.54342651,0
1.795223,-0.40519121,-2.1787667,-0.59032112,-0.5968321,-0.54342651,0
-2.7086816,0.97502494,2.6306643,0.59032112,0.5968321,0.54342651,0
3.6282353,-0.058934629,-2.9874229,0.59032112,0.5968321,0.54342651,0
-1.9294199,0.10753319,1.9600487,0.28247136,-0.78343076,0.55357587,0
-3.5149193,0.74260104,3.4982662,-0.75612891,0.1732851,0.6310637,0
4.046751,-1.0948422,-3.0338724,0.75612891,-0.1732851,-0.6310637,0
-2.3423784,-0.073738247,1.9385612,0.28247136,-0.78343076,0.55357587,0
-3.8344388,1.234569,3.20999,-0.75612891,0.1732851,0.6310637,0
0.092415743,-0.93832064,-0.26556584,-0.59032112,-0.5968321,-0.54342651,0
-3.5819476,0.31536645,2.2725673,-0.59032112,-0.5968321,-0.54342651,0
3.4681058,-0.97212869,-3.2503071,0.75612891,-0.1732851,-0.6310637,0
3.9639983,-0.73135495,-2.8030946,0.75612891,-0.1732851,-0.6310637,0
-0.2937724,-0.39602131,0.35542601,0.28247136,-0.78343076,0.55357587,0
3.4128959,-0.93339032,-3.3021734,0.75612891,-0.1732851,-0.6310637,0
1.5393666,0.46785039,-1.3065319,-0.28247136,0.78343076,-0.55357587,0
1.7783103,-1.0465642,-1.9223226,-0.59032112,-0.5968321,-0.54342651,0
-1.3245012,0.20707974,1.852734,0.28247136,-0.78343076,0.55357587,0
-4.1602736,1.0229502,2.7350903,-0.75612891,0.1732851,0.6310637,0
-1.1281093,0.11684561,1.5138965,0.28247136,-0.78343076,0.55357587,0
-1.4360693,-0.076967761,1.6433687,0.28247136,-0.78343076,0.55357587,0
-3.0873322,0.72337753,3.6001139,0.59032112,0.5968321,0.54342651,0
3.7104087,-0.63107759,-2.600337,0.59032112,0.5968321,0.54342651,0
-0.90562439,0.011900023,1.5490766,0.28247136,-0.78343076,0.55357587,0
3.7296264,-1.1001463,-2.948781,0.75612891,-0.1732851,-0.6310637,0
1.2019664,-0.55178326,-0.18060189,0.28247136,-0.78343076,0.55357587,0
-1.7278218,-0.11128168,1.8533282,0.28247136,-0.78343076,0.55357587,0
1.1240743,-0.34792593,-0.5060097,0.28247136,-0.78343076,0.55357587,0
3.8227592,-0.3917039,-2.953563,0.75612891,-0.1732851,-0.6310637,0
0.080688611,-0.13529728,0.63529438,0.59032112,0.5968321,0.54342651,0
-4.0496182,1.0467744,2.4801843,-0.75612891,0.1732851,0.6310637,0
-0.71500903,0.25318277,-0.070673823,-0.28247136,0.78343076,-0.55357587,0
0.56425804,-0.58030719,0.087569684,0.28247136,-0.78343076,0.55357587,0
-4.0913939,0.59246814,3.1596789,-0.75612891,0.1732851,0.6310637,0
3.1852145,-1.0726569,-2.3224518,0.28247136,-0.78343076,0.55357587,0
-3.8124433,0.90042806,3.0297365,-0.75612891,0.1732851,0.6310637,0
-0.16612367,-0.12159553,-0.24819288,-0.59032112,-0.5968321,-0.54342651,0
-0.48705,-0.74102622,0.18274462,-0.59032112,-0.5968321,-0.54342651,0
-3.9054143,1.0972548,2.8625827,-0.75612891,0.1732851,0.6310637,0
-3.1763952,1.4907242,3.082047,0.59032112,0.5968321,0.54342651,0
3.8011441,-0.39210147,-2.5300002,0.59032112,0.5968321,0.54342651,0
0.69957936,-0.71892619,-0.74632227,-0.59032112,-0.5968321,-0.54342651,0
-3.8143651,1.2091856,3.33564,-0.75612891,0.1732851,0.6310637,0
-3.5362766,0.79828072,3.3007822,-0.75612891,0.1732851,0.6310637,0
-2.9952829,1.1104269,3.0960107,0.59032112,0.5968321,0.54342651,0
4.0969052,-0.92716539,-3.0385399,0.75612891,-0.1732851,-0.6310637,0
-3.5676055,0.92390454,3.431226,-0.75612891,0.1732851,0.6310637,0
-0.13800606,-0.61398447,0.37663823,0.28247136,-0.78343076,0.55357587,0
0.56698519,-0.45719442,-1.244729,-0.59032112,-0.5968321,-0.54342651,0
0.22323716,-0.12629111,0.54348934,0.28247136,-0.78343076,0.55357587,0
-2.2301083,1.0265505,1.9347438,-0.28247136,0.78343076,-0.55357587,0
1.3733821,-0.7695365,-1.3074518,-0.59032112,-0.5968321,-0.54342651,0
-2.4785898,0.5841338,2.8306859,0.28247136,-0.78343076,0.55357587,0
3.7221558,-0.22029203,-3.0928371,0.75612891,-0.1732851,-0.6310637,0
-2.8990233,0.28233564,2.6076007,0.28247136,-0.78343076,0.55357587,0
1.3264118,0.34416932,-1.0558586,-0.28247136,0.78343076,-0.55357587,0
3.9407632,-0.43651134,-3.213356,0.75612891,-0.1732851,-0.6310637,0
3.2456508,-1.2941934,-2.7967958,-0.59032112,-0.5968321,-0.54342651,0
-0.088666648,-0.055139996,-0.65134263,-0.59032112,-0.5968321,-0.54342651,0
-1.5320668,0.085122943,1.9902911,0.28247136,-0.78343076,0.55357587,0
-3.7151196,0.88764465,3.4851184,-0.75612891,0.1732851,0.6310637,0
3.925487,-0.4170689,-2.9602046,0.75612891,-0.1732851,-0.6310637,0
-3.4877238,1.6492304,3.0702291,-0.75612891,0.1732851,0.6310637,0
-3.9457839,1.0659118,2.9830236,-0.75612891,0.1732851,0.6310637,0
1.3025774,0.23340133,-0.94296229,0.59032112,0.5968321,0.54342651,0
0.54828918,-0.5665462,-1.1279163,-0.59032112,-0.5968321,-0.54342651,0
-3.5492921,0.91795236,3.4171615,-0.75612891,0.1732851,0.6310637,0
-3.383286,1.2460293,3.334341,-0.75612891,0.1732851,0.6310637,0
-2.2048254,0.24771774,1.3788633,-0.59032112,-0.5968321,-0.54342651,0
3.5737875,-0.80247194,-3.5529485,0.75612891,-0.1732851,-0.6310637,0
3.547822,-0.9877978,-3.4143772,0.75612891,-0.1732851,-0.6310637,0
-3.623266,0.42846096,3.3075747,-0.75612891,0.1732851,0.6310637,0
1.9674352,-1.0587111,-1.7559602,0.28247136,-0.78343076,0.55357587,0
3.9072266,-0.82177371,-3.191155,0.75612891,-0.1732851,-0.6310637,0
3.8677247,-0.93353415,-2.9081125,0.75612891,-0.1732851,-0.6310637,0
3.9490502,-0.64505607,-3.3064618,0.75612891,-0.1732851,-0.6310637,0
-3.8699262,0.60458374,3.2569859,-0.75612891,0.1732851,0.6310637,0
-2.1511717,0.88402563,1.1189207,-0.28247136,0.78343076,-0.55357587,0
-3.4802685,0.50972223,3.4920931,-0.75612891,0.1732851,0.6310637,0
-3.2029173,1.4552188,3.0261836,0.59032112,0.5968321,0.54342651,0
3.4252994,-0.71521991,-3.7362156,0.75612891,-0.1732851,-0.6310637,0
-2.5419598,1.0991905,1.8546898,-0.28247136,0.78343076,-0.55357587,0
0.42906958,-0.25501248,-1.3474629,-0.59032112,-0.5968321,-0.54342651,0
-3.8118653,0.30038744,3.2188945,-0.75612891,0.1732851,0.6310637,0
1.3684195,0.44543123,-1.0638976,-0.28247136,0.78343076,-0.55357587,0
-3.034086,-0.035253108,2.2312822,-0.59032112,-0.5968321,-0.54342651,0
3.1085565,-0.22923499,-2.76616,-0.28247136,0.78343076,-0.55357587,0
-0.64383137,0.73324907,1.0635343,0.59032112,0.5968321,0.54342651,0
1.5974523,-0.73142529,-2.026726,-0.59032112,-0.5968321,-0.54342651,0
-3.8268466,0.43939763,2.9277468,-0.75612891,0.1732851,0.6310637,0
2.1453056,-0.77316302,-2.3340013,-0.59032112,-0.5968321,-0.54342651,0
3.5426679,-1.1203367,-3.2155607,0.75612891,-0.1732851,-0.6310637,0
-0.94940132,-0.50970042,0.68559527,-0.59032112,-0.5968321,-0.54342651,0
1.9727163,-0.20718682,-0.7196511,0.59032112,0.5968321,0.54342651,0
-3.0849845,0.087042034,2.616353,-0.59032112,-0.5968321,-0.54342651,0
-0.91256541,0.70281589,0.59050089,-0.28247136,0.78343076,-0.55357587,0
-1.2714722,0.88636398,0.84864098,-0.28247136,0.78343076,-0.55357587,0
3.7860773,-0.91003132,-3.0748806,0.75612891,-0.1732851,-0.6310637,0
-1.9853489,0.96244782,1.8466091,0.59032112,0.5968321,0.54342651,0
0.48174477,0.16852392,-1.2483664,-0.28247136,0.78343076,-0.55357587,0
0.28741148,0.0099061318,-1.1962235,-0.59032112,-0.5968321,-0.54342651,0
4.0409465,-0.80681026,-3.1165376,0.75612891,-0.1732851,-0.6310637,0
-3.9866431,1.0614622,3.0360551,-0.75612891,0.1732851,0.6310637,0
4.0561681,-0.48377985,-3.1521583,0.75612891,-0.1732851,-0.6310637,0
-3.3986647,0.92859101,3.4079652,-0.75612891,0.1732851,0.6310637,0
3.4234495,-1.1611235,-2.2456484,0.28247136,-0.78343076,0.55357587,0
-2.0049322,-0.075817823,1.6857738,0.28247136,-0.78343076,0.55357587,0
-2.2221916,0.93152881,2.3235221,0.59032112,0.5968321,0.54342651,0
1.5732651,-0.73382473,-1.5777872,-0.59032112,-0.5968321,-0.54342651,0
-3.7393491,0.45940661,3.4917476,-0.75612891,0.1732851,0.6310637,0
0.63486326,-0.56244719,-0.97838604,-0.59032112,-0.5968321,-0.54342651,0
-0.65853441,0.35528982,1.1458783,0.59032112,0.5968321,0.54342651,0
-3.6411092,1.33514,3.0266733,-0.75612891,0.1732851,0.6310637,0
-0.65970385,0.52464777,1.0356336,0.59032112,0.5968321,0.54342651,0
-0.87933832,0.6004833,0.32253143,-0.28247136,0.78343076,-0.55357587,0
3.2030113,-1.287436,-2.5834455,0.28247136,-0.78343076,0.55357587,0
3.6969509,-0.82838249,-2.4303703,0.59032112,0.5968321,0.54342651,0
-1.8509762,0.03176254,1.0425925,-0.59032112,-0.5968321,-0.54342651,0
-0.46446332,-0.56023884,0.09846516,-0.59032112,-0.5968321,-0.54342651,0
3.7476902,-1.1307976,-2.8715572,0.75612891,-0.1732851,-0.6310637,0
3.8533134,-0.2646715,-3.2583859,0.75612891,-0.1732851,-0.6310637,0
-3.7892582,0.79800338,2.9230437,-0.75612891,0.1732851,0.6310637,0
4.0606813,-0.77038097,-2.9456201,0.75612891,-0.1732851,-0.6310637,0
0.98607033,-0.064543158,0.12434338,0.59032112,0.5968321,0.54342651,0
1.0752331,-0.13243826,-1.5850074,-0.59032112,-0.5968321,-0.54342651,0
2.5514102,-0.89307445,-1.5209965,0.28247136,-0.78343076,0.55357587,0
3.041276,-0.58135003,-1.5658588,0.28247136,-0.78343076,0.55357587,0
0.27074552,0.12137661,0.42758009,0.59032112,0.5968321,0.54342651,0
-3.7939019,1.4154712,2.9577932,-0.28247136,0.78343076,-0.55357587,0
3.8613372,-1.2077757,-3.2008874,0.75612891,-0.1732851,-0.6310637,0
-1.0450599,0.40444499,1.3710709,0.59032112,0.5968321,0.54342651,0
-3.1350193,-0.034351707,2.7460284,0.28247136,-0.78343076,0.55357587,0
-2.402988,-0.17032295,1.7365866,-0.59032112,-0.5968321,-0.54342651,0
1.9497559,-1.0931624,-2.0621638,-0.59032112,-0.5968321,-0.54342651,0
-3.3757792,0.6914205,3.6148837,-0.75612891,0.1732851,0.6310637,0
0.059670687,0.21284047,0.82126749,0.59032112,0.5968321,0.54342651,0
-1.8115885,0.14588809,1.8773868,0.28247136,-0.78343076,0.55357587,0
3.7754762,-0.29940283,-3.3661871,0.75612891,-0.1732851,-0.6310637,0
-0.74403584,0.13357235,1.5989234,0.59032112,0.5968321,0.54342651,0
-2.7567527,0.642546,1.3113604,-0.59032112,-0.5968321,-0.54342651,0
3.4234433,-1.257937,-3.3506255,0.75612891,-0.1732851,-0.6310637,0
2.0681663,-0.90177584,-2.0899355,-0.59032112,-0.5968321,-0.54342651,0
0.35269266,-0.6678313,-0.65522236,-0.59032112,-0.5968321,-0.54342651,0
3.93203,-1.0541112,-2.8972783,0.75612891,-0.1732851,-0.6310637,0
0.28771833,0.36613688,-0.81633973,-0.28247136,0.78343076,-0.55357587,0
1.4458998,0.128731,-1.1376944,-0.28247136,0.78343076,-0.55357587,0
-0.58258718,0.14780971,1.3764784,0.28247136,-0.78343076,0.55357587,0
2.8200116,-0.5400297,-3.0253768,-0.28247136,0.78343076,-0.55357587,0
3.4851022,-0.5937143,-3.648428,-0.28247136,0.78343076,-0.55357587,0
-1.2725098,0.57165003,0.39619827,-0.28247136,0.78343076,-0.55357587,0
-3.9304693,0.54672587,2.9234405,-0.75612891,0.1732851,0.6310637,0
-3.6440752,0.62893265,3.544795,-0.75612891,0.1732851,0.6310637,0
-3.5824833,1.2828256,3.0535014,-0.75612891,0.1732851,0.6310637,0
1.4022771,0.26390922,-1.2414815,-0.28247136,0.78343076,-0.55357587,0
4.1954336,-0.98988128,-2.9271619,0.75612891,-0.1732851,-0.6310637,0
2.6205201,-0.59025723,-1.1036475,0.59032112,0.5968321,0.54342651,0
-1.9606687,0.04051441,0.96186614,-0.59032112,-0.5968321,-0.54342651,0
-3.7481303,0.59430081,3.0709662,-0.75612891,0.1732851,0.6310637,0
2.4919226,-0.52490151,-2.8585343,-0.28247136,0.78343076,-0.55357587,0
2.2266958,0.14049634,-2.0344198,-0.28247136,0.78343076,-0.55357587,0
1.4166845,-0.1678094,-0.21970722,0.59032112,0.5968321,0.54342651,0
3.6359465,-1.4295506,-3.0768952,0.75612891,-0.1732851,-0.6310637,0
-3.0933757,0.16168737,2.3703115,0.28247136,-0.78343076,0.55357587,0
4.1036916,-1.1274718,-2.6774726,0.75612891,-0.1732851,-0.6310637,0
1.8153964,-0.18577746,-1.0802652,0.59032112,0.5968321,0.54342651,0
1.5608517,-0.03260529,-0.43686837,0.59032112,0.5968321,0.54342651,0
0.27645412,0.25134033,-0.99323732,-0.28247136,0.78343076,-0.55357587,0
-3.4506662,1.0363371,2.3112612,-0.28247136,0.78343076,-0.55357587,0
-3.8119907,1.0320113,3.2625918,-0.75612891,0.1732851,0.6310637,0
2.5953798,-1.4529487,-2.4874771,-0.59032112,-0.5968321,-0.54342651,0
0.75845528,-0.25494516,-1.4874065,-0.59032112,-0.5968321,-0.54342651,0
-1.6123059,0.59474379,1.8418469,0.59032112,0.5968321,0.54342651,0
2.8515966,-1.1431785,-2.1034369,0.28247136,-0.78343076,0.55357587,0
0.53381258,0.27019554,-0.927248,-0.28247136,0.78343076,-0.55357587,0
-0.73649371,0.41231713,1.1627326,0.59032112,0.5968321,0.54342651,0
-1.360504,-0.10438603,1.7959874,0.28247136,-0.78343076,0.55357587,0
-1.0999405,0.89811122,1.4382802,0.59032112,0.5968321,0.54342651,0
-1.8405297,0.64983547,2.3605886,0.59032112,0.5968321,0.54342651,0
3.9364474,-0.70307833,-3.0798171,0.75612891,-0.1732851,-0.6310637,0
-2.3988791,0.96231937,1.5434558,-0.28247136,0.78343076,-0.55357587,0
3.8793333,-0.26418066,-2.9983561,0.75612891,-0.1732851,-0.6310637,0
-1.3116908,1.0089315,1.3490515,0.59032112,0.5968321,0.54342651,0
-2.953676,-0.076619506,2.6387644,0.28247136,-0.78343076,0.55357587,0
0.92930257,-0.61453736,-0.18580815,0.28247136,-0.78343076,0.55357587,0
-2.405247,0.0028107762,2.2516813,0.28247136,-0.78343076,0.55357587,0
-0.41013354,0.15971921,-0.58557719,-0.28247136,0.78343076,-0.55357587,0
-3.2674246,1.2163614,3.312768,0.59032112,0.5968321,0.54342651,0
-3.5262771,0.49265724,3.287293,-0.75612891,0.1732851,0.6310637,0
0.50919467,0.63159442,-0.23393834,0.59032112,0.5968321,0.54342651,0
3.8943739,-1.3458388,-2.9690473,0.75612891,-0.1732851,-0.6310637,0
-0.22778694,-0.07574448,-0.24726525,-0.59032112,-0.5968321,-0.54342651,0
-2.6955874,0.66868693,1.1651284,-0.28247136,0.78343076,-0.55357587,0
-0.61963034,-0.087804936,0.8436659,0.28247136,-0.78343076,0.55357587,0
3.4859934,-1.4405007,-3.1185541,0.75612891,-0.1732851,-0.6310637,0
2.9404824,-0.6092748,-3.093905,-0.59032112,-0.5968321,-0.54342651,0
1.7727611,-0.97680914,-1.1408153,0.28247136,-0.78343076,0.55357587,0
3.8246732,-1.0173622,-3.1912594,0.75612891,-0.1732851,-0.6310637,0
-1.9584346,0.70591205,0.74875379,-0.28247136,0.78343076,-0.55357587,0
-0.67640948,0.77908742,0.75290453,-0.28247136,0.78343076,-0.55357587,0
-3.8964145,0.32121003,3.3968034,-0.75612891,0.1732851,0.6310637,0
3.1072254,-1.1511555,-3.0668235,-0.59032112,-0.5968321,-0.54342651,0
-0.11350551,-0.57868493,0.34177306,0.28247136,-0.78343076,0.55357587,0
3.4654143,-1.4309899,-3.3100781,-0.59032112,-0.5968321,-0.54342651,0
-3.7916045,0.96462566,2.8513815,-0.75612891,0.1732851,0.6310637,0
2.2911916,0.17864728,-1.5176642,0.59032112,0.5968321,0.54342651,0
3.9900088,-0.54269844,-3.1862504,0.75612891,-0.1732851,-0.6310637,0
-0.23282392,-0.085231185,1.142127,0.28247136,-0.78343076,0.55357587,0
-3.5809584,1.4109267,2.6131718,-0.28247136,0.78343076,-0.55357587,0
-3.477443,0.46612036,3.4795313,-0.75612891,0.1732851,0.6310637,0
3.2902253,-0.074225068,-2.5097821,0.59032112,0.5968321,0.54342651,0
1.6348857,-0.84454787,-0.86016929,0.28247136,-0.78343076,0.55357587,0
0.62762082,-0.72597301,-0.74422884,-0.59032112,-0.5968321,-0.54342651,0
4.2068005,-0.8812809,-2.8454533,0.75612891,-0.1732851,-0.6310637,0
-2.6109262,0.87866938,2.4677501,0.59032112,0.5968321,0.54342651,0
-2.8905299,0.29996872,1.8259132,-0.59032112,-0.5968321,-0.54342651,0
3.9976873,-0.33493155,-3.3518398,0.75612891,-0.1732851,-0.6310637,0
-3.6728373,0.58712518,3.516082,-0.75612891,0.1732851,0.6310637,0
4.1226625,-0.64548647,-3.0696328,0.75612891,-0.1732851,-0.6310637,0
-4.330606,0.61875081,2.788537,-0.75612891,0.1732851,0.6310637,0
2.0485318,-0.70907199,-2.0726323,-0.59032112,-0.5968321,-0.54342651,0
3.5131588,-1.0811783,-2.178282,0.28247136,-0.78343076,0.55357587,0
3.9819787,-0.70160425,-2.7670598,0.75612891,-0.1732851,-0.6310637,0
0.2273688,0.80661005,-0.14562231,-0.28247136,0.78343076,-0.55357587,0
-0.41684982,0.092438489,-0.26673934,-0.28247136,0.78343076,-0.55357587,0
-3.8482544,0.97313607,2.7593215,-0.28247136,0.78343076,-0.55357587,0
-0.8791523,-0.22703075,0.85069549,0.28247136,-0.78343076,0.55357587,0
-4.24719,0.7659086,2.8579297,-0.75612891,0.1732851,0.6310637,0
3.7978725,-0.5235495,-3.1528902,0.75612891,-0.1732851,-0.6310637,0
-3.8276174,1.0076201,3.2205997,-0.75612891,0.1732851,0.6310637,0
-3.8459482,1.5705318,3.1772587,-0.75612891,0.1732851,0.6310637,0
0.92084289,0.36236012,-0.37741393,0.59032112,0.5968321,0.54342651,0
2.1716616,0.017257869,-1.7246802,0.59032112,0.5968321,0.54342651,0
0.94812405,-0.57860887,-1.1262519,-0.59032112,-0.5968321,-0.54342651,0
0.8971411,-0.88880956,-0.52721924,0.28247136,-0.78343076,0.55357587,0
-1.6314478,0.75297964,0.88827807,-0.28247136,0.78343076,-0.55357587,0
0.0055832341,0.3145164,-0.32800066,-0.28247136,0.78343076,-0.55357587,0
-3.7576275,1.0817583,3.2909541,-0.75612891,0.1732851,0.6310637,0
4.0489373,-0.77693379,-2.8650041,0.75612891,-0.1732851,-0.6310637,0
-2.5416443,0.52677625,3.2817168,0.59032112,0.5968321,0.54342651,0
1.2540916,-0.51451468,-0.47677255,0.28247136,-0.78343076,0.55357587,0
-1.1176279,0.22551094,1.6508918,0.59032112,0.5968321,0.54342651,0
-4.0171356,1.1516311,2.8658295,-0.75612891,0.1732851,0.6310637,0
0.54612911,-0.043036655,0.1428466,0.59032112,0.5968321,0.54342651,0
-3.8519654,0.35978639,2.9819484,-0.75612891,0.1732851,0.6310637,0
-3.9485421,1.1214951,2.8711374,-0.75612891,0.1732851,0.6310637,0
-0.79556966,0.20210843,1.6998644,0.59032112,0.5968321,0.54342651,0
0.69179034,0.37752515,-0.40710008,-0.28247136,0.78343076,-0.55357587,0
-3.4055903,1.1077012,3.3872948,-0.75612891,0.1732851,0.6310637,0
-3.324007,0.90607965,3.4230089,-0.75612891,0.1732851,0.6310637,0
1.9355131,-0.2486937,-0.7201404,0.28247136,-0.78343076,0.55357587,0
-3.8713024,1.1758144,3.2353749,-0.75612891,0.1732851,0.6310637,0
3.3564019,-0.65400994,-3.4544969,0.75612891,-0.1732851,-0.6310637,0
-2.4836376,0.37162912,2.7843874,0.28247136,-0.78343076,0.55357587,0
-3.0514371,0.9511537,1.7643137,-0.28247136,0.78343076,-0.55357587,0
1.89281,-0.6404916,-2.4083052,-0.59032112,-0.5968321,-0.54342651,0
-3.90312,0.78834617,2.5786245,-0.59032112,-0.5968321,-0.54342651,0
-2.0519283,1.0796729,1.9328823,0.59032112,0.5968321,0.54342651,0
3.4615138,-1.2829206,-3.2813687,0.75612891,-0.1732851,-0.6310637,0
-4.1408825,0.64060867,2.8480964,-0.75612891,0.1732851,0.6310637,0
0.97419465,-0.88260472,-0.76370412,0.28247136,-0.78343076,0.55357587,0
-3.7851291,0.32778972,2.9937325,-0.59032112,-0.5968321,-0.54342651,0
-2.8170502,0.12661141,2.818423,0.28247136,-0.78343076,0.55357587,0
1.2979683,-0.49716601,-1.47789,-0.59032112,-0.5968321,-0.54342651,0
-4.2740836,0.81075811,2.8522339,-0.75612891,0.1732851,0.6310637,0
-3.5266776,0.47261876,3.5013275,-0.75612891,0.1732851,0.6310637,0
-1.659627,0.44679052,2.0767353,0.59032112,0.5968321,0.54342651,0
3.4963529,-1.4401336,-3.3414955,0.75612891,-0.1732851,-0.6310637,0
-3.2697351,1.271486,3.189271,0.59032112,0.5968321,0.54342651,0
-2.0963297,-0.13850179,1.7030048,0.28247136,-0.78343076,0.55357587,0
-1.3034183,0.79427195,0.54801989,-0.28247136,0.78343076,-0.55357587,0
-4.1070604,0.41373861,2.9926918,-0.59032112,-0.5968321,-0.54342651,0
-2.2280474,0.99391437,1.9996389,-0.28247136,0.78343076,-0.55357587,0
-0.10775554,0.0086208656,-0.49071941,-0.28247136,0.78343076,-0.55357587,0
1.6837831,-0.019847751,-1.9526639,-0.28247136,0.78343076,-0.55357587,0
4.0144849,-0.85562158,-2.9297609,0.75612891,-0.1732851,-0.6310637,0
4.1059537,-0.533005,-2.9864407,0.75612891,-0.1732851,-0.6310637,0
2.8610888,-1.0292456,-2.2807033,0.28247136,-0.78343076,0.55357587,0
-3.4906487,1.3672514,3.383466,-0.75612891,0.1732851,0.6310637,0
-3.9410043,0.45723838,2.6396637,-0.59032112,-0.5968321,-0.54342651,0
-0.82743931,0.6238662,1.1270896,0.59032112,0.5968321,0.54342651,0
-0.77406228,0.68320358,0.38383734,-0.28247136,0.78343076,-0.55357587,0
2.8879662,-0.40297914,-3.2611279,-0.28247136,0.78343076,-0.55357587,0
-2.5865746,0.12666583,2.560499,0.28247136,-0.78343076,0.55357587,0
3.5556588,-1.1377034,-3.3025403,0.75612891,-0.1732851,-0.6310637,0
-3.8054481,0.74100381,3.3133693,-0.75612891,0.1732851,0.6310637,0
1.4429913,-0.28336355,-0.24334931,0.28247136,-0.78343076,0.55357587,0
1.534376,-0.70875406,-0.87233812,0.28247136,-0.78343076,0.55357587,0
-3.8254244,1.0494368,3.3061442,-0.75612891,0.1732851,0.6310637,0
2.8393078,-0.78299946,-1.8719926,0.28247136,-0.78343076,0.55357587,0
3.4958296,-1.1364385,-2.272866,0.28247136,-0.78343076,0.55357587,0
-3.6005118,1.1740625,2.6562595,-0.28247136,0.78343076,-0.55357587,0
-3.1602924,0.19794053,2.5081275,-0.59032112,-0.5968321,-0.54342651,0
-3.7185163,0.59257132,3.2727079,-0.75612891,0.1732851,0.6310637,0
3.1551464,-1.2335446,-2.6667149,0.28247136,-0.78343076,0.55357587,0
3.4256263,-1.0884914,-3.363905,0.75612891,-0.1732851,-0.6310637,0
1.435815,-0.70586729,-1.7463646,-0.59032112,-0.5968321,-0.54342651,0
3.8727155,-0.56574798,-3.1347001,0.75612891,-0.1732851,-0.6310637,0
3.5862191,-0.7696501,-3.2941012,0.75612891,-0.1732851,-0.6310637,0
-2.4051785,0.38819844,1.4791589,-0.59032112,-0.5968321,-0.54342651,0
-1.1013027,0.59787637,0.75656724,-0.28247136,0.78343076,-0.55357587,0
-2.1292453,0.74089843,2.1994038,0.59032112,0.5968321,0.54342651,0
-1.0711888,0.35922647,-0.066187024,-0.59032112,-0.5968321,-0.54342651,0
-3.9214034,0.58035564,3.0959907,-0.75612891,0.1732851,0.6310637,0
2.2434869,-0.4004578,-1.1279824,0.59032112,0.5968321,0.54342651,0
0.56683618,0.31375375,-0.87496608,-0.28247136,0.78343076,-0.55357587,0
2.6634531,-0.040785491,-1.8515037,0.59032112,0.5968321,0.54342651,0
2.1038077,-0.1430468,-1.4901164,0.59032112,0.5968321,0.54342651,0
2.8204131,-0.38308191,-2.7944674,-0.28247136,0.78343076,-0.55357587,0
3.532408,-1.2516087,-3.4764578,0.75612891,-0.1732851,-0.6310637,0
-3.8530264,0.91232228,3.0258858,-0.75612891,0.1732851,0.6310637,0
-3.6104987,0.73646241,3.6373215,-0.75612891,0.1732851,0.6310637,0
3.4698997,-1.0767629,-3.2246113,0.75612891,-0.1732851,-0.6310637,0
1.8501124,-0.018089503,-0.82389712,0.59032112,0.5968321,0.54342651,0
-1.7467937,0.26457614,0.84573072,-0.59032112,-0.5968321,-0.54342651,0
-1.1613259,-0.27242857,0.85333872,-0.59032112,-0.5968321,-0.54342651,0
-1.6857897,-0.059498489,0.83547163,-0.59032112,-0.5968321,-0.54342651,0
1.776023,-0.32889688,-0.54099095,0.28247136,-0.78343076,0.55357587,0
-3.8721769,1.0356281,3.0868206,-0.75612891,0.1732851,0.6310637,0
3.6801486,-1.0580752,-3.1139784,0.75612891,-0.1732851,-0.6310637,0
-4.1628704,0.92840385,2.5670204,-0.75612891,0.1732851,0.6310637,0
-1.971459,-0.1331386,1.7346768,0.28247136,-0.78343076,0.55357587,0
1.7368197,-0.036404252,-1.2041825,0.59032112,0.5968321,0.54342651,0
2.7310605,-0.68347412,-1.30361,0.59032112,0.5968321,0.54342651,0
-2.1962738,0.89577687,1.8337606,-0.28247136,0.78343076,-0.55357587,0
3.4153066,-0.47916245,-2.5484705,0.59032112,0.5968321,0.54342651,0
-3.7396891,0.41450453,3.4155226,-0.75612891,0.1732851,0.6310637,0
1.5810105,0.22327915,-1.0368787,-0.28247136,0.78343076,-0.55357587,0
-2.9259412,0.43458122,2.062645,-0.59032112,-0.5968321,-0.54342651,0
3.4442997,-0.91415191,-3.4860659,0.75612891,-0.1732851,-0.6310637,0
2.9963703,-1.1586057,-2.1417475,0.28247136,-0.78343076,0.55357587,0
1.7036791,0.18716921,-1.8405887,-0.28247136,0.78343076,-0.55357587,0
2.3335648,-0.36449689,-1.5227642,0.59032112,0.5968321,0.54342651,0
-3.3229704,0.87789661,1.8528228,-0.59032112,-0.5968321,-0.54342651,0
3.6214478,-1.4579604,-3.3430715,0.75612891,-0.1732851,-0.6310637,0
0.73109496,-0.14044619,0.53328753,0.59032112,0.5968321,0.54342651,0
-3.9538059,0.61778688,3.0269089,-0.75612891,0.1732851,0.6310637,0
3.4529078,-0.99286211,-3.6275635,-0.59032112,-0.5968321,-0.54342651,0
2.1051245,0.16745666,-1.7611499,-0.28247136,0.78343076,-0.55357587,0
2.3742301,-1.1402111,-1.9043751,-0.59032112,-0.5968321,-0.54342651,0
1.0979378,0.5974223,-0.8470695,-0.28247136,0.78343076,-0.55357587,0
3.6055105,-1.1191537,-3.2038567,0.75612891,-0.1732851,-0.6310637,0
-1.0336249,-0.022009254,0.26061919,-0.59032112,-0.5968321,-0.54342651,0
3.6240211,-1.0165229,-2.9849386,0.75612891,-0.1732851,-0.6310637,0
3.2671006,-0.14864284,-2.5666037,0.59032112,0.5968321,0.54342651,0
1.0350475,-0.36277884,-1.9764028,-0.59032112,-0.5968321,-0.54342651,0
3.6020317,-1.0574212,-3.1296301,0.75612891,-0.1732851,-0.6310637,0
1.809644,-0.089300036,-1.7568434,-0.28247136,0.78343076,-0.55357587,0
3.319185,-1.0723987,-3.3981965,0.75612891,-0.1732851,-0.6310637,0
-3.9691725,0.92101455,2.8701067,-0.75612891,0.1732851,0.6310637,0
0.91157216,-0.84503543,-0.68912327,0.28247136,-0.78343076,0.55357587,0
2.8615324,0.14013898,-2.4184093,-0.28247136,0.78343076,-0.55357587,0
3.7532883,-0.45093137,-3.4975684,0.75612891,-0.1732851,-0.6310637,0
2.0286551,-0.74462289,-1.3579874,0.28247136,-0.78343076,0.55357587,0
-1.7642248,-0.41863993,1.253895,-0.59032112,-0.5968321,-0.54342651,0
-1.9735051,-0.44288722,1.3766584,-0.59032112,-0.5968321,-0.54342651,0
2.9681766,-0.46292192,-3.3768363,-0.28247136,0.78343076,-0.55357587,0
0.85325086,-0.043254003,-1.1190716,-0.28247136,0.78343076,-0.55357587,0
0.11153661,0.1361378,-0.87628859,-0.28247136,0.78343076,-0.55357587,0
2.4521108,-0.58255541,-1.4633248,0.59032112,0.5968321,0.54342651,0
3.3332255,-1.1426156,-3.4127274,0.75612891,-0.1732851,-0.6310637,0
3.0148258,-1.3434842,-2.4785569,0.28247136,-0.78343076,0.55357587,0
4.0950665,-0.73307586,-2.8223481,0.75612891,-0.1732851,-0.6310637,0
-0.16198161,-0.67320031,-0.2916519,0.28247136,-0.78343076,0.55357587,0
0.90753847,-0.8487789,-1.0438783,-0.59032112,-0.5968321,-0.54342651,0
-2.3922474,1.1814787,2.3764348,0.59032112,0.5968321,0.54342651,0
3.0405006,-0.61173362,-1.6347176,0.59032112,0.5968321,0.54342651,0
-0.26156586,-0.147562,-0.12496216,-0.59032112,-0.5968321,-0.54342651,0
-2.9171033,0.7145772,3.207221,0.28247136,-0.78343076,0.55357587,0
3.0341024,-0.04604739,-2.424336,-0.28247136,0.78343076,-0.55357587,0
3.6674075,-1.5069695,-2.8907776,0.75612891,-0.1732851,-0.6310637,0
-3.1600373,0.99441826,3.0002799,0.59032112,0.5968321,0.54342651,0
3.9367743,-1.0252649,-2.7699711,0.28247136,-0.78343076,0.55357587,0
3.3364987,-0.81197739,-3.5358348,0.75612891,-0.1732851,-0.6310637,0
-1.4245491,0.49794245,1.5563436,0.59032112,0.5968321,0.54342651,0
0.576819,-0.30192059,0.53292215,0.28247136,-0.78343076,0.55357587,0
2.1749201,-1.3944931,-1.9292535,0.28247136,-0.78343076,0.55357587,0
-3.2667098,0.75501198,3.5064063,-0.75612891,0.1732851,0.6310637,0
2.0733023,-0.32321197,-0.71337569,0.59032112,0.5968321,0.54342651,0
-4.1433568,0.71439111,2.8271639,-0.75612891,0.1732851,0.6310637,0
-0.42998883,-0.037390947,0.77515346,0.28247136,-0.78343076,0.55357587,0
-1.0783312,0.42757148,0.29538631,-0.28247136,0.78343076,-0.55357587,0
-1.4497665,0.38247848,0.23615289,-0.28247136,0.78343076,-0.55357587,0
