0.96651077,0.00080561638,0.99920821,0.43168843,0.86715382,0.24837318,0
-1.4682734,0.56540322,-1.3455319,0.42809778,0.045406699,-0.90259093,0
-2.0546577,1.0421178,-1.0045636,-0.79396307,0.49596602,-0.35162497,0
-1.1696393,0.56164169,-0.096410513,-0.42809778,-0.045406699,0.90259093,0
-1.0246701,-0.05251509,-0.77552247,-0.43168843,-0.86715382,-0.24837318,0
-1.6736143,1.2972252,-1.2470644,-0.79396307,0.49596602,-0.35162497,0
-1.8634048,1.1976272,-0.86142039,-0.79396307,0.49596602,-0.35162497,0
1.0908049,-0.79905325,0.033391118,0.42809778,0.045406699,-0.90259093,0
-0.075562224,-0.42372844,0.050003797,-0.43168843,-0.86715382,-0.24837318,0
1.456352,-0.6821689,0.1190362,0.42809778,0.045406699,-0.90259093,0
1.4614049,-1.3889787,1.2958918,-0.42809778,-0.045406699,0.90259093,0
-1.9732865,1.2488559,-0.45245266,-0.79396307,0.49596602,-0.35162497,0
0.53014535,-0.42882067,-0.40333849,0.42809778,0.045406699,-0.90259093,0
1.5129359,-0.89534903,1.2328464,-0.42809778,-0.045406699,0.90259093,0
2.3624887,-0.94322431,0.60354161,0.79396307,-0.49596602,0.35162497,0
-0.23185283,0.54813665,-0.006433785,0.43168843,0.86715382,0.24837318,0
0.1829039,0.34861094,0.012463078,0.43168843,0.86715382,0.24837318,0
-1.8458657,1.3241837,-0.92552972,-0.79396307,0.49596602,-0.35162497,0
1.8020103,-0.6389758,1.017584,0.43168843,0.86715382,0.24837318,0
1.1242309,-0.53134096,0.029549956,0.42809778,0.045406699,-0.90259093,0
1.7817248,-0.41195571,0.76012647,0.43168843,0.86715382,0.24837318,0
-0.77860826,0.5624969,-1.022233,0.42809778,0.045406699,-0.90259093,0
0.75629365,-0.085829616,0.64113128,0.43168843,0.86715382,0.24837318,0
-1.2722645,1.379566,-0.23508549,0.43168843,0.86715382,0.24837318,0
2.2511258,-1.217099,0.56844354,0.79396307,-0.49596602,0.35162497,0
-0.82606226,1.0394676,-0.31599426,0.43168843,0.86715382,0.24837318,0
1.8395705,-1.0186672,1.1801457,0.79396307,-0.49596602,0.35162497,0
-1.914856,0.94413018,-0.43030906,-0.42809778,-0.045406699,0.90259093,0
2.0877438,-1.2253017,0.62402129,0.79396307,-0.49596602,0.35162497,0
1.8602667,-0.71386987,0.72350049,0.43168843,0.86715382,0.24837318,0
1.7213883,-1.5876105,1.1870561,0.79396307,-0.49596602,0.35162497,0
1.4032381,-1.1698443,0.18835926,0.42809778,0.045406699,-0.90259093,0
-2.1430755,0.80461615,-0.99099064,-0.79396307,0.49596602,-0.35162497,0
1.939554,-1.293231,0.39768004,0.79396307,-0.49596602,0.35162497,0
2.162631,-0.81259131,1.273895,0.79396307,-0.49596602,0.35162497,0
-0.58968318,0.16254559,0.157381,-0.42809778,-0.045406699,0.90259093,0
1.8125718,-1.2796288,1.1105721,0.79396307,-0.49596602,0.35162497,0
-0.6255061,0.47612822,-0.97507656,0.42809778,0.045406699,-0.90259093,0
1.9562001,-0.4928807,0.25877285,0.43168843,0.86715382,0.24837318,0
-1.1655567,0.89808124,-0.87100661,0.42809778,0.045406699,-0.90259093,0
1.9096599,-1.4867023,0.81507277,0.79396307,-0.49596602,0.35162497,0
-1.5481188,0.92533416,-0.023532391,-0.42809778,-0.045406699,0.90259093,0
1.090765,0.028318807,0.088473737,0.42809778,0.045406699,-0.90259093,0
2.135905,-0.6525476,0.50220013,0.42809778,0.045406699,-0.90259093,0
0.46055365,0.35926533,-0.020050202,0.43168843,0.86715382,0.24837318,0
-1.1037071,0.48649561,0.12846792,-0.42809778,-0.045406699,0.90259093,0
-0.23336212,0.650913,-0.063233733,0.43168843,0.86715382,0.24837318,0
2.0963771,-0.82889414,0.64850736,0.79396307,-0.49596602,0.35162497,0
-1.7289937,1.0549254,-1.3709085,-0.79396307,0.49596602,-0.35162497,0
-1.8401117,1.2571759,-1.1024024,-0.79396307,0.49596602,-0.35162497,0
-2.0192614,1.341617,-0.51898599,-0.79396307,0.49596602,-0.35162497,0
1.9796745,-1.4906228,0.48866034,0.79396307,-0.49596602,0.35162497,0
-1.9291141,1.7622969,-0.68823004,-0.79396307,0.49596602,-0.35162497,0
-2.4739776,1.1475939,-0.47244453,-0.79396307,0.49596602,-0.35162497,0
-0.3814595,-0.079587281,-0.68627799,0.42809778,0.045406699,-0.90259093,0
0.45196065,-1.0721031,0.30533111,-0.43168843,-0.86715382,-0.24837318,0
-2.0770345,0.88903874,-0.8568933,-0.79396307,0.49596602,-0.35162497,0
1.648043,-1.5858504,0.88491178,0.79396307,-0.49596602,0.35162497,0
1.971935,-0.92931271,1.1036,0.43168843,0.86715382,0.24837318,0
1.2417387,-0.33177212,0.086723924,0.42809778,0.045406699,-0.90259093,0
-1.8921968,1.2635303,-1.2630672,-0.79396307,0.49596602,-0.35162497,0
-1.8231827,0.58725333,-1.2512228,-0.43168843,-0.86715382,-0.24837318,0
-1.7644103,1.6895989,-0.55935717,-0.79396307,0.49596602,-0.35162497,0
-1.4766607,1.3138356,-0.050005198,0.43168843,0.86715382,0.24837318,0
-0.60980892,-0.039023817,-0.11561826,-0.43168843,-0.86715382,-0.24837318,0
0.72794497,-0.66745776,-0.37950945,0.42809778,0.045406699,-0.90259093,0
2.3017058,-1.3734493,0.50779605,0.79396307,-0.49596602,0.35162497,0
1.7555733,-1.2865816,1.5095229,-0.42809778,-0.045406699,0.90259093,0
1.9111468,-1.4189941,0.90993237,0.79396307,-0.49596602,0.35162497,0
2.1269507,-1.1196591,0.79348278,0.79396307,-0.49596602,0.35162497,0
-0.25267228,0.037288666,-0.72733045,0.42809778,0.045406699,-0.90259093,0
1.7770628,-1.005882,1.1901764,-0.42809778,-0.045406699,0.90259093,0
0.60049707,-0.9643324,0.9824388,-0.42809778,-0.045406699,0.90259093,0
-1.3384607,1.4086784,-0.19263816,0.43168843,0.86715382,0.24837318,0
0.29903889,-0.2968809,-0.47335368,0.42809778,0.045406699,-0.90259093,0
-1.9356475,1.8097548,-0.62627029,-0.79396307,0.49596602,-0.35162497,0
1.8399342,-1.642061,0.63874531,0.79396307,-0.49596602,0.35162497,0
-1.9232306,1.5232623,-0.94330502,-0.79396307,0.49596602,-0.35162497,0
2.1793439,-0.73983932,0.8073678,0.43168843,0.86715382,0.24837318,0
0.067109793,0.0030285716,0.66884339,-0.42809778,-0.045406699,0.90259093,0
-2.3372402,1.1319062,-0.44992185,-0.79396307,0.49596602,-0.35162497,0
-1.4386349,0.43507832,-0.71171606,-0.43168843,-0.86715382,-0.24837318,0
1.8381195,-0.36323655,0.75980258,0.43168843,0.86715382,0.24837318,0
1.8951292,-0.98137689,1.4916512,0.79396307,-0.49596602,0.35162497,0
2.1294668,-0.74136442,0.95826793,0.43168843,0.86715382,0.24837318,0
-1.0969709,1.2500942,-0.18445277,0.43168843,0.86715382,0.24837318,0
-0.63774198,0.051049948,0.39138997,-0.42809778,-0.045406699,0.90259093,0
2.1671324,-0.78635931,1.1965644,0.43168843,0.86715382,0.24837318,0
2.1793282,-1.5594003,0.45835876,0.79396307,-0.49596602,0.35162497,0
-0.12936163,0.71556282,-0.304075,0.43168843,0.86715382,0.24837318,0
2.0731192,-0.73937511,1.1082788,0.79396307,-0.49596602,0.35162497,0
0.98674995,-0.32862365,1.1546915,-0.42809778,-0.045406699,0.90259093,0
-0.85208273,1.203618,-0.42319262,0.43168843,0.86715382,0.24837318,0
-2.402142,1.1145091,-0.55181241,-0.79396307,0.49596602,-0.35162497,0
-0.4404586,0.78792548,-0.18220139,0.43168843,0.86715382,0.24837318,0
2.3621476,-0.70252407,0.48174453,0.42809778,0.045406699,-0.90259093,0
1.976583,-1.2061251,0.63099432,0.79396307,-0.49596602,0.35162497,0
0.37560952,-0.025308654,-0.19991249,0.42809778,0.045406699,-0.90259093,0
-1.8236914,1.2720677,-0.25357008,-0.42809778,-0.045406699,0.90259093,0
-1.7566986,0.7669276,-0.28640413,-0.42809778,-0.045406699,0.90259093,0
-1.5895079,1.5693972,-0.20832181,-0.42809778,-0.045406699,0.90259093,0
-2.0424984,0.83897436,-1.5374445,-0.79396307,0.49596602,-0.35162497,0
2.1113842,-1.0208254,1.2216737,0.79396307,-0.49596602,0.35162497,0
-2.027494,1.7222518,-0.23677325,-0.79396307,0.49596602,-0.35162497,0
-1.1895409,1.4472049,-0.22035575,0.43168843,0.86715382,0.24837318,0
-1.765219,1.43471,-0.7027719,-0.79396307,0.49596602,-0.35162497,0
1.4060385,-0.20209208,-0.027427673,0.43168843,0.86715382,0.24837318,0
-2.2982635,1.4342035,-0.3155117,-0.79396307,0.49596602,-0.35162497,0
-1.555645,0.19282526,-0.062934756,-0.43168843,-0.86715382,-0.24837318,0
-2.0320323,1.1608322,-1.1943531,-0.79396307,0.49596602,-0.35162497,0
0.27639204,0.46272677,0.44510722,0.43168843,0.86715382,0.24837318,0
-1.3237681,1.2467769,-0.41213393,0.43168843,0.86715382,0.24837318,0
-0.77604401,0.46810767,0.094177365,-0.42809778,-0.045406699,0.90259093,0
1.7661915,-1.6608604,0.37062407,0.79396307,-0.49596602,0.35162497,0
2.3131661,-1.0384972,0.47115111,0.42809778,0.045406699,-0.90259093,0
2.2767313,-0.80349505,1.2362139,0.79396307,-0.49596602,0.35162497,0
0.71836841,0.10986862,-0.42638746,0.42809778,0.045406699,-0.90259093,0
-1.138466,0.28190669,-0.092984438,-0.42809778,-0.045406699,0.90259093,0
1.9005302,-1.6358138,0.91942716,0.79396307,-0.49596602,0.35162497,0
-1.6120262,1.5795743,-1.0266736,-0.79396307,0.49596602,-0.35162497,0
-2.4202046,1.1346158,-0.58683991,-0.79396307,0.49596602,-0.35162497,0
2.2033935,-0.82593238,0.74767327,0.79396307,-0.49596602,0.35162497,0
1.1615868,-1.4441938,1.1508006,-0.42809778,-0.045406699,0.90259093,0
-2.0775623,1.0058545,-1.5075052,-0.79396307,0.49596602,-0.35162497,0
-1.6381969,0.6335668,0.028599381,-0.42809778,-0.045406699,0.90259093,0
2.1950686,-0.8605451,0.85641956,0.79396307,-0.49596602,0.35162497,0
0.67572212,0.16437252,-0.19844902,0.42809778,0.045406699,-0.90259093,0
1.1670516,-1.4082956,1.0396184,-0.42809778,-0.045406699,0.90259093,0
-0.11741722,-0.70568931,-0.065551639,-0.43168843,-0.86715382,-0.24837318,0
-1.0753671,0.24751267,-0.48432398,-0.43168843,-0.86715382,-0.24837318,0
-0.034948766,-0.46693331,0.14787495,-0.43168843,-0.86715382,-0.24837318,0
1.7547201,-1.4247729,1.1380205,0.79396307,-0.49596602,0.35162497,0
-0.24169004,-0.047851205,-0.60338616,0.42809778,0.045406699,-0.90259093,0
0.52998662,-0.014998049,-0.33441705,0.42809778,0.045406699,-0.90259093,0
-1.8228253,1.3893337,-0.91393876,-0.79396307,0.49596602,-0.35162497,0
-1.1542684,0.41721839,-0.6689378,-0.43168843,-0.86715382,-0.24837318,0
0.91557425,-1.1371189,-0.023484111,-0.43168843,-0.86715382,-0.24837318,0
1.5995164,-1.2297533,1.2663193,-0.42809778,-0.045406699,0.90259093,0
-1.5947442,1.6493809,-1.1581728,-0.79396307,0.49596602,-0.35162497,0
1.7243052,-0.89738369,1.3399411,-0.42809778,-0.045406699,0.90259093,0
1.6034248,-0.75224012,1.0619694,-0.42809778,-0.045406699,0.90259093,0
-2.3644388,1.023217,-0.87140727,-0.79396307,0.49596602,-0.35162497,0
-0.35378864,-0.43707895,0.1144904,-0.43168843,-0.86715382,-0.24837318,0
-0.66242158,0.22932863,-1.0595598,0.42809778,0.045406699,-0.90259093,0
-1.6780853,1.481463,-0.53636336,0.43168843,0.86715382,0.24837318,0
0.030579649,-0.55231017,0.42992833,-0.43168843,-0.86715382,-0.24837318,0
-0.36226213,0.071157679,0.25505054,-0.42809778,-0.045406699,0.90259093,0
0.66094935,-1.1772469,0.43511367,-0.43168843,-0.86715382,-0.24837318,0
-1.0639424,1.4108436,-0.52342939,0.43168843,0.86715382,0.24837318,0
-1.9344186,0.56885087,-1.3069758,-0.43168843,-0.86715382,-0.24837318,0
2.0347452,-0.41399741,0.61276257,0.43168843,0.86715382,0.24837318,0
-0.32752013,1.144431,-0.75403225,0.42809778,0.045406699,-0.90259093,0
-1.2875594,0.081232131,-0.59732997,-0.43168843,-0.86715382,-0.24837318,0
1.9761854,-0.9485141,1.2912247,0.79396307,-0.49596602,0.35162497,0
1.2275772,-0.66523129,0.97596025,-0.42809778,-0.045406699,0.90259093,0
-1.7134255,1.5359732,-0.3891058,0.43168843,0.86715382,0.24837318,0
-1.8650415,1.265536,-0.86787724,-0.79396307,0.49596602,-0.35162497,0
-0.60289019,1.0721378,-0.17233396,0.43168843,0.86715382,0.24837318,0
1.759959,-0.96495545,0.31451535,0.42809778,0.045406699,-0.90259093,0
0.92678374,-0.081498317,0.083670259,0.43168843,0.86715382,0.24837318,0
-2.0447607,1.3953452,-0.72458148,-0.79396307,0.49596602,-0.35162497,0
0.58880943,-1.0659871,0.73049974,-0.42809778,-0.045406699,0.90259093,0
-2.1587908,1.3709638,-0.52908635,-0.79396307,0.49596602,-0.35162497,0
1.3825371,-0.092424929,0.45274794,0.43168843,0.86715382,0.24837318,0
-0.13783348,-0.46341398,0.41459239,-0.43168843,-0.86715382,-0.24837318,0
0.12810923,0.53766614,-0.15676475,0.43168843,0.86715382,0.24837318,0
2.1133013,-1.1506938,0.79800916,0.79396307,-0.49596602,0.35162497,0
-2.2244143,1.2954065,-0.35990286,-0.79396307,0.49596602,-0.35162497,0
-1.9697967,1.3982173,-0.79506087,-0.79396307,0.49596602,-0.35162497,0
-1.0146528,0.24131036,-1.2350203,0.42809778,0.045406699,-0.90259093,0
-0.32267088,0.54668993,0.4543283,-0.42809778,-0.045406699,0.90259093,0
1.7075797,-1.3401815,0.46621704,-0.43168843,-0.86715382,-0.24837318,0
-2.2362323,0.90706205,-1.2477856,-0.79396307,0.49596602,-0.35162497,0
-0.85730839,0.92954659,0.21605992,0.43168843,0.86715382,0.24837318,0
0.59149826,0.43469936,-0.47154516,0.42809778,0.045406699,-0.90259093,0
-0.028230786,0.20885152,0.64604712,-0.42809778,-0.045406699,0.90259093,0
2.0320992,-1.1720369,0.97880244,0.79396307,-0.49596602,0.35162497,0
-1.8846581,1.6629186,-0.63860822,-0.79396307,0.49596602,-0.35162497,0
-1.9994502,1.2696195,-1.2887394,-0.79396307,0.49596602,-0.35162497,0
-1.375499,1.1866339,-0.15433669,-0.42809778,-0.045406699,0.90259093,0
-1.0970938,0.074532211,-0.77102876,-0.43168843,-0.86715382,-0.24837318,0
0.52369756,0.37697873,-0.047737055,0.43168843,0.86715382,0.24837318,0
-0.29250902,0.47781748,-0.67283452,0.42809778,0.045406699,-0.90259093,0
2.0005317,-1.3839118,0.83619475,0.79396307,-0.49596602,0.35162497,0
1.3151259,-0.48095012,-0.15563571,0.42809778,0.045406699,-0.90259093,0
1.957068,-1.1883463,0.96905065,0.79396307,-0.49596602,0.35162497,0
0.43010563,-0.84044254,0.60716093,-0.42809778,-0.045406699,0.90259093,0
0.26591307,0.64254367,0.027663618,0.43168843,0.86715382,0.24837318,0
0.47573319,-0.95361465,0.31305945,-0.43168843,-0.86715382,-0.24837318,0
-2.0546639,1.1990798,-0.98030758,-0.79396307,0.49596602,-0.35162497,0
-2.026376,1.1907904,-0.78003454,-0.79396307,0.49596602,-0.35162497,0
-0.46472013,-0.28576034,-0.23721397,-0.43168843,-0.86715382,-0.24837318,0
1.8033528,-0.55689287,1.5268573,0.43168843,0.86715382,0.24837318,0
0.20006645,-0.63676304,-0.39485365,-0.43168843,-0.86715382,-0.24837318,0
-1.8995273,1.4206408,-0.1793859,0.43168843,0.86715382,0.24837318,0
-2.2508001,0.93596917,-1.1357501,-0.79396307,0.49596602,-0.35162497,0
0.63847619,-1.1931303,0.79449224,-0.42809778,-0.045406699,0.90259093,0
1.6604921,-0.63035548,1.1659213,-0.42809778,-0.045406699,0.90259093,0
1.8679304,-0.60062295,0.64307761,0.43168843,0.86715382,0.24837318,0
0.15403923,0.64885646,-0.14195949,0.43168843,0.86715382,0.24837318,0
-0.81490988,1.0730437,-0.64916193,0.43168843,0.86715382,0.24837318,0
-0.0089835823,0.30788255,-0.71977162,0.42809778,0.045406699,-0.90259093,0
1.6091865,-1.5608724,0.81408334,-0.43168843,-0.86715382,-0.24837318,0
-1.050917,0.20797479,0.078266859,-0.42809778,-0.045406699,0.90259093,0
-1.9070348,1.0632451,-0.97833228,-0.79396307,0.49596602,-0.35162497,0
-1.6382828,1.0018396,0.021206617,-0.42809778,-0.045406699,0.90259093,0
-2.0657949,0.93711525,-0.84158182,-0.79396307,0.49596602,-0.35162497,0
-2.110393,1.0667452,-1.3499556,-0.79396307,0.49596602,-0.35162497,0
1.4297394,-1.2709901,1.238343,-0.42809778,-0.045406699,0.90259093,0
-1.9136839,1.3527008,-1.109545,-0.79396307,0.49596602,-0.35162497,0
-1.8832166,1.5920737,-0.64883971,-0.79396307,0.49596602,-0.35162497,0
-1.0203735,1.0418189,0.084926605,0.43168843,0.86715382,0.24837318,0
-0.21631715,0.56664199,0.36619169,0.43168843,0.86715382,0.24837318,0
-2.0175531,0.76591253,-1.1064315,-0.79396307,0.49596602,-0.35162497,0
2.3910704,-0.77310425,0.8348453,0.79396307,-0.49596602,0.35162497,0
-1.9231625,1.6353678,-0.43301868,-0.79396307,0.49596602,-0.35162497,0
-0.21343915,-0.36335331,0.32625487,-0.42809778,-0.045406699,0.90259093,0
1.9363788,-0.72387409,0.74036503,0.43168843,0.86715382,0.24837318,0
1.9544737,-1.3313642,0.4865365,0.79396307,-0.49596602,0.35162497,0
-0.95266265,0.7861923,0.10133922,-0.42809778,-0.045406699,0.90259093,0
-1.7151231,0.94624984,-1.3639705,-0.79396307,0.49596602,-0.35162497,0
1.1872754,-0.42501116,-0.082332611,0.42809778,0.045406699,-0.90259093,0
0.035153806,0.27861041,0.22255248,0.43168843,0.86715382,0.24837318,0
1.8890145,-1.5734913,0.49233294,0.79396307,-0.49596602,0.35162497,0
2.0101175,-1.5287707,0.93470621,0.79396307,-0.49596602,0.35162497,0
1.858389,-0.56310475,1.323248,0.43168843,0.86715382,0.24837318,0
-0.074626625,-0.60083652,-0.27867952,-0.43168843,-0.86715382,-0.24837318,0
0.17406964,-0.51368725,-0.10357225,-0.43168843,-0.86715382,-0.24837318,0
1.3251886,-1.1945693,0.64198136,-0.43168843,-0.86715382,-0.24837318,0
-0.34234315,0.7409696,-0.86638296,0.42809778,0.045406699,-0.90259093,0
0.75161439,0.070265502,-0.32057184,0.42809778,0.045406699,-0.90259093,0
1.3409646,-0.32742062,-0.095190883,0.42809778,0.045406699,-0.90259093,0
0.43993741,0.16463405,0.48274577,0.43168843,0.86715382,0.24837318,0
0.011054125,-0.70290464,0.7186588,-0.42809778,-0.045406699,0.90259093,0
1.646613,-0.81174827,1.1948844,-0.42809778,-0.045406699,0.90259093,0
-2.0836535,1.430005,-0.14780521,-0.42809778,-0.045406699,0.90259093,0
0.39116082,-0.51010913,-0.18517411,0.42809778,0.045406699,-0.90259093,0
0.88990724,0.15995014,0.018615961,0.43168843,0.86715382,0.24837318,0
1.9133363,-1.2454729,1.1519384,0.79396307,-0.49596602,0.35162497,0
1.7150204,-1.2081742,0.33405161,0.42809778,0.045406699,-0.90259093,0
-0.37242189,0.65643561,0.061217189,0.43168843,0.86715382,0.24837318,0
-1.3239883,1.51683,-1.0201907,0.43168843,0.86715382,0.24837318,0
-1.7751532,0.38029629,-0.35105932,-0.42809778,-0.045406699,0.90259093,0
2.2231312,-1.3632798,0.59277272,0.79396307,-0.49596602,0.35162497,0
0.2982319,-0.033840597,-0.58464277,0.42809778,0.045406699,-0.90259093,0
-1.9699466,0.81797832,-0.35682821,-0.42809778,-0.045406699,0.90259093,0
0.87478316,-0.17204311,0.48677289,0.43168843,0.86715382,0.24837318,0
0.88598943,0.22910579,-0.33456036,0.42809778,0.045406699,-0.90259093,0
0.13260555,0.18707612,0.35255063,0.43168843,0.86715382,0.24837318,0
-2.0363665,1.0423949,-0.78681183,-0.79396307,0.49596602,-0.35162497,0
-0.23332575,-0.61906755,0.074685484,-0.43168843,-0.86715382,-0.24837318,0
1.8129752,-1.495249,0.65917206,0.79396307,-0.49596602,0.35162497,0
0.050818384,0.68795013,0.13654053,0.43168843,0.86715382,0.24837318,0
-1.7407606,0.9147746,-0.2350409,-0.42809778,-0.045406699,0.90259093,0
0.81223869,0.15839115,0.30624482,0.43168843,0.86715382,0.24837318,0
2.0098989,-1.2227685,0.99038458,0.79396307,-0.49596602,0.35162497,0
-0.33803558,0.31820172,-0.78979719,0.42809778,0.045406699,-0.90259093,0
-0.88094944,-0.10611394,0.33788669,-0.42809778,-0.045406699,0.90259093,0
0.061154544,0.54036903,0.57814229,0.43168843,0.86715382,0.24837318,0
1.9612176,-1.0178354,0.75107431,0.79396307,-0.49596602,0.35162497,0
-0.22873333,-0.20814842,0.30539402,-0.42809778,-0.045406699,0.90259093,0
1.9955695,-1.428295,0.50215411,0.79396307,-0.49596602,0.35162497,0
-0.91975343,0.2953341,-1.0491922,0.42809778,0.045406699,-0.90259093,0
2.2124565,-1.1880269,0.68804073,0.79396307,-0.49596602,0.35162497,0
-2.2817144,0.95039618,-0.55696201,-0.79396307,0.49596602,-0.35162497,0
-1.4185444,0.8871904,0.13662839,-0.42809778,-0.045406699,0.90259093,0
-1.5182844,0.53491217,-0.84600186,-0.43168843,-0.86715382,-0.24837318,0
0.14439803,0.11260897,-0.5994823,0.42809778,0.045406699,-0.90259093,0
-0.8310976,1.2102349,-0.59455466,0.43168843,0.86715382,0.24837318,0
2.4069068,-0.87918901,0.79097652,0.79396307,-0.49596602,0.35162497,0
-1.9419216,0.37137395,-0.39513469,-0.42809778,-0.045406699,0.90259093,0
-0.87719023,0.39279497,0.27871943,-0.42809778,-0.045406699,0.90259093,0
-1.8792284,1.2274675,-0.87909126,-0.79396307,0.49596602,-0.35162497,0
-2.2518146,1.1144325,-0.3388052,-0.79396307,0.49596602,-0.35162497,0
-1.7939446,1.4634392,-0.59462953,-0.79396307,0.49596602,-0.35162497,0
-2.3884928,0.97290254,-0.65488505,-0.79396307,0.49596602,-0.35162497,0
1.1388915,-0.78583229,-0.16087723,0.42809778,0.045406699,-0.90259093,0
1.9887663,-0.80976856,0.90130734,0.43168843,0.86715382,0.24837318,0
2.0342708,-1.0693499,1.5086155,0.79396307,-0.49596602,0.35162497,0
-2.4322722,0.64427036,-0.57761931,-0.43168843,-0.86715382,-0.24837318,0
-1.9751372,1.540722,-0.2241087,-0.42809778,-0.045406699,0.90259093,0
-0.002581805,-0.085076153,0.57207328,-0.42809778,-0.045406699,0.90259093,0
-2.1068473,0.51370406,-0.34984684,-0.42809778,-0.045406699,0.90259093,0
-1.0906428,0.28258908,-0.80172402,-0.43168843,-0.86715382,-0.24837318,0
-2.184422,1.1649957,-0.57750273,-0.79396307,0.49596602,-0.35162497,0
0.32395762,0.43954796,-0.077242069,0.43168843,0.86715382,0.24837318,0
0.17412624,-0.34832013,0.81935203,-0.42809778,-0.045406699,0.90259093,0
-1.7730017,1.4395304,-0.053875208,0.43168843,0.86715382,0.24837318,0
1.7979051,-0.64211696,0.65218163,0.43168843,0.86715382,0.24837318,0
-1.1202941,0.45152164,-1.2169216,0.42809778,0.045406699,-0.90259093,0
1.6789207,-0.50473565,0.7658788,0.43168843,0.86715382,0.24837318,0
-1.4544659,1.3068666,-0.98341489,0.42809778,0.045406699,-0.90259093,0
-2.1089246,1.1745019,-0.23862553,-0.79396307,0.49596602,-0.35162497,0
-0.83109653,0.7437551,-0.97874689,0.42809778,0.045406699,-0.90259093,0
0.70063752,-1.0916214,-0.16184568,-0.43168843,-0.86715382,-0.24837318,0
2.0135527,-1.3899975,0.72843599,0.79396307,-0.49596602,0.35162497,0
1.7325151,-0.47035193,1.2759602,0.43168843,0.86715382,0.24837318,0
1.8446329,-1.4334233,0.55169511,0.79396307,-0.49596602,0.35162497,0
2.0528965,-0.6277163,1.0999398,0.79396307,-0.49596602,0.35162497,0
-0.96232629,1.2968432,-1.0590357,0.43168843,0.86715382,0.24837318,0
-0.23618233,0.49875483,-0.029867232,0.43168843,0.86715382,0.24837318,0
0.42913046,-0.71554524,-0.1613031,-0.43168843,-0.86715382,-0.24837318,0
-2.1221664,1.2408657,-0.42531896,-0.79396307,0.49596602,-0.35162497,0
1.010021,-0.35081536,-0.060183287,0.42809778,0.045406699,-0.90259093,0
-2.1705084,0.7917558,-1.110707,-0.43168843,-0.86715382,-0.24837318,0
0.82424968,-0.92477578,0.92995989,-0.42809778,-0.045406699,0.90259093,0
-0.91192889,1.05793,-0.76830244,0.43168843,0.86715382,0.24837318,0
-1.8837411,1.503123,-0.54639411,0.43168843,0.86715382,0.24837318,0
1.4517031,-1.3869839,1.0923576,-0.42809778,-0.045406699,0.90259093,0
2.068265,-1.2539641,0.33429956,0.79396307,-0.49596602,0.35162497,0
0.96395957,-1.1057656,0.89091742,-0.42809778,-0.045406699,0.90259093,0
0.17277487,0.018744379,-0.42673782,0.42809778,0.045406699,-0.90259093,0
1.7751482,-0.99664295,0.17475319,0.42809778,0.045406699,-0.90259093,0
-1.2970229,0.69144756,-0.91711688,0.42809778,0.045406699,-0.90259093,0
-1.0208242,0.91325319,-0.010770202,-0.42809778,-0.045406699,0.90259093,0
-1.3413991,0.2199918,-0.77282298,-0.43168843,-0.86715382,-0.24837318,0
-1.0250311,0.10440862,-0.81067705,-0.43168843,-0.86715382,-0.24837318,0
1.8597875,-1.7423749,0.67365742,0.79396307,-0.49596602,0.35162497,0
-0.15713012,-0.39370599,0.4119041,-0.43168843,-0.86715382,-0.24837318,0
-1.9262637,1.0730395,-0.86992383,-0.79396307,0.49596602,-0.35162497,0
2.2789927,-0.87355447,0.87068462,0.79396307,-0.49596602,0.35162497,0
1.1122111,-1.1730134,1.018579,-0.42809778,-0.045406699,0.90259093,0
-0.73306751,1.0737029,-0.45218503,0.43168843,0.86715382,0.24837318,0
0.2274799,-0.9085623,0.39489859,-0.43168843,-0.86715382,-0.24837318,0
-1.5880259,1.4169315,-0.78019023,0.43168843,0.86715382,0.24837318,0
-0.71175849,0.61753464,-0.73453754,0.42809778,0.045406699,-0.90259093,0
1.7615342,-1.2927638,0.071264267,0.42809778,0.045406699,-0.90259093,0
0.22539899,-0.884839,0.017848969,-0.43168843,-0.86715382,-0.24837318,0
-1.1300204,0.29736984,-0.95385617,-0.43168843,-0.86715382,-0.24837318,0
-1.5266894,1.5261712,0.074102402,-0.42809778,-0.045406699,0.90259093,0
-0.43446404,0.2770431,-0.72731698,0.42809778,0.045406699,-0.90259093,0
-2.0814056,1.5239955,-0.31856799,-0.42809778,-0.045406699,0.90259093,0
0.38138431,0.37918833,-0.17534512,0.43168843,0.86715382,0.24837318,0
1.7736328,-1.4839758,0.55849051,0.79396307,-0.49596602,0.35162497,0
-1.5530701,1.3454198,-1.1584871,-0.79396307,0.49596602,-0.35162497,0
-2.240799,1.038805,-1.0298986,-0.79396307,0.49596602,-0.35162497,0
-0.87837797,1.1828318,0.17006028,0.43168843,0.86715382,0.24837318,0
2.0871322,-1.2978679,0.33310628,0.79396307,-0.49596602,0.35162497,0
-1.0353916,0.75861281,0.13321865,-0.42809778,-0.045406699,0.90259093,0
-2.322793,0.94615608,-0.67109132,-0.79396307,0.49596602,-0.35162497,0
-1.5633061,1.1504774,-1.2583731,0.42809778,0.045406699,-0.90259093,0
-1.7787673,1.1984434,-1.0001085,-0.79396307,0.49596602,-0.35162497,0
-1.9946213,1.0657117,-1.0256219,-0.79396307,0.49596602,-0.35162497,0
1.5325732,-0.68971676,0.35764658,0.42809778,0.045406699,-0.90259093,0
-1.8992409,1.2010001,-1.3011796,-0.79396307,0.49596602,-0.35162497,0
1.5737025,-1.4056017,0.84640408,-0.43168843,-0.86715382,-0.24837318,0
1.7384605,-1.1877018,1.3483167,0.79396307,-0.49596602,0.35162497,0
-1.5032517,1.134588,-1.1195934,0.42809778,0.045406699,-0.90259093,0
-1.8941584,1.4233191,-1.3245091,-0.79396307,0.49596602,-0.35162497,0
0.52507037,0.14853799,0.91918933,-0.42809778,-0.045406699,0.90259093,0
1.8444899,-1.4510753,1.1131899,0.79396307,-0.49596602,0.35162497,0
-1.8999561,0.58884078,-0.92627931,-0.43168843,-0.86715382,-0.24837318,0
2.282115,-1.2043444,0.69595599,0.79396307,-0.49596602,0.35162497,0
2.2935045,-0.99845707,0.86421251,0.79396307,-0.49596602,0.35162497,0
1.9978294,-1.060896,1.2786126,0.79396307,-0.49596602,0.35162497,0
1.8902489,-1.4405206,0.51770568,0.79396307,-0.49596602,0.35162497,0
-0.30692333,-0.42621881,0.053808115,-0.43168843,-0.86715382,-0.24837318,0
-1.3888075,1.2170389,-1.22251,0.42809778,0.045406699,-0.90259093,0
0.86869389,-0.96695995,-0.1901207,0.42809778,0.045406699,-0.90259093,0
-1.7409246,1.4277649,-0.683496,-0.79396307,0.49596602,-0.35162497,0
0.78059596,-0.40511531,-0.29451227,0.42809778,0.045406699,-0.90259093,0
-0.48210654,-0.22223912,-0.12080166,-0.43168843,-0.86715382,-0.24837318,0
-1.9420892,0.80652827,-0.46443677,-0.42809778,-0.045406699,0.90259093,0
-0.45167693,0.37918657,-0.76345026,0.42809778,0.045406699,-0.90259093,0
-1.9704826,1.7412658,-0.26346493,-0.79396307,0.49596602,-0.35162497,0
-2.3702807,0.97991896,-0.58606887,-0.42809778,-0.045406699,0.90259093,0
-1.6579685,1.460674,-1.2629015,0.42809778,0.045406699,-0.90259093,0
1.8088435,-1.0203098,1.0370824,0.79396307,-0.49596602,0.35162497,0
0.67360961,-0.45513681,-0.061210394,0.42809778,0.045406699,-0.90259093,0
-0.70229751,0.84790659,-0.83902538,0.42809778,0.045406699,-0.90259093,0
-1.8324244,1.1314416,-0.88118267,-0.79396307,0.49596602,-0.35162497,0
-1.6641877,0.3729949,-1.0173683,-0.43168843,-0.86715382,-0.24837318,0
1.8256555,-1.249316,0.098700762,0.42809778,0.045406699,-0.90259093,0
1.8390315,-0.51379728,0.42491233,0.43168843,0.86715382,0.24837318,0
-1.3403916,0.018007159,-0.51839542,-0.43168843,-0.86715382,-0.24837318,0
-1.7985518,1.5805824,-0.94376206,-0.79396307,0.49596602,-0.35162497,0
1.1700428,-0.94001377,1.039272,-0.42809778,-0.045406699,0.90259093,0
0.11070639,-0.0446347,0.58875382,-0.42809778,-0.045406699,0.90259093,0
1.3240397,-0.58770347,0.93939102,-0.42809778,-0.045406699,0.90259093,0
1.4701558,-0.25263882,1.1076258,0.43168843,0.86715382,0.24837318,0
0.42543155,-0.68436706,0.41496253,-0.43168843,-0.86715382,-0.24837318,0
2.2666042,-0.66174054,0.82845759,0.43168843,0.86715382,0.24837318,0
1.9388751,-0.83911014,1.2255355,0.43168843,0.86715382,0.24837318,0
1.7623785,-1.5867254,1.3134117,0.79396307,-0.49596602,0.35162497,0
1.7992269,-1.3493485,1.0379462,0.79396307,-0.49596602,0.35162497,0
2.1686029,-1.179336,0.40625048,0.42809778,0.045406699,-0.90259093,0
-1.910267,0.71200442,-1.4554586,-0.79396307,0.49596602,-0.35162497,0
0.24367046,0.48034608,0.11551218,0.43168843,0.86715382,0.24837318,0
-1.8866972,0.53351045,-0.8725642,-0.43168843,-0.86715382,-0.24837318,0
-1.9704955,1.5700853,-0.58397889,-0.79396307,0.49596602,-0.35162497,0
1.820435,-1.2719247,1.0017297,0.79396307,-0.49596602,0.35162497,0
-1.6613756,1.6476235,-1.2401571,-0.79396307,0.49596602,-0.35162497,0
0.55843246,-0.30714345,-0.17662728,0.42809778,0.045406699,-0.90259093,0
-1.6788694,1.2141366,-1.3715808,-0.79396307,0.49596602,-0.35162497,0
1.9655008,-1.5791645,0.082757473,0.42809778,0.045406699,-0.90259093,0
-1.0926275,1.4106641,-0.47419405,0.43168843,0.86715382,0.24837318,0
-0.47810158,0.7846092,-0.20878959,0.43168843,0.86715382,0.24837318,0
0.88873863,-0.80698919,0.90488553,-0.42809778,-0.045406699,0.90259093,0
-1.54368,0.82047278,0.0062773228,-0.42809778,-0.045406699,0.90259093,0
2.2033608,-0.95880675,0.54631686,0.79396307,-0.49596602,0.35162497,0
1.7006048,-1.1144508,1.2060256,0.79396307,-0.49596602,0.35162497,0
1.2376931,0.0041908026,0.12364388,0.42809778,0.045406699,-0.90259093,0
-0.12269723,0.62108594,0.13939726,0.43168843,0.86715382,0.24837318,0
1.9314525,-1.1125622,0.86350846,0.79396307,-0.49596602,0.35162497,0
-0.7565254,0.77565682,-0.077105641,0.43168843,0.86715382,0.24837318,0
1.1115096,0.13385722,0.2139343,0.43168843,0.86715382,0.24837318,0
-1.826875,0.82920969,-1.3189855,-0.79396307,0.49596602,-0.35162497,0
1.0052075,0.07990104,0.58436817,0.43168843,0.86715382,0.24837318,0
-1.88708,1.5996219,-0.8392303,-0.79396307,0.49596602,-0.35162497,0
1.7164726,-1.7347517,0.42418909,-0.43168843,-0.86715382,-0.24837318,0
0.42977491,-0.91931438,-0.25667739,-0.43168843,-0.86715382,-0.24837318,0
-1.1068568,0.88835353,-1.0829222,0.42809778,0.045406699,-0.90259093,0
1.6144335,-1.6455917,0.14653397,-0.43168843,-0.86715382,-0.24837318,0
-0.73593807,-0.023501158,-0.63980162,-0.43168843,-0.86715382,-0.24837318,0
-1.8392119,1.4053385,-0.72568059,-0.79396307,0.49596602,-0.35162497,0
1.7849,-1.1737235,1.1275301,0.79396307,-0.49596602,0.35162497,0
1.1164502,-0.477467,0.077496171,0.42809778,0.045406699,-0.90259093,0
-1.6888392,1.5028659,-1.1629536,-0.79396307,0.49596602,-0.35162497,0
0.82808334,-0.056409717,0.97043508,-0.42809778,-0.045406699,0.90259093,0
0.13546616,0.23624128,-0.6632036,0.42809778,0.045406699,-0.90259093,0
1.3448228,-0.43072197,-0.017328739,0.42809778,0.045406699,-0.90259093,0
-0.66597414,0.16059706,0.13635457,-0.42809778,-0.045406699,0.90259093,0
-1.8226124,1.5837224,-0.86389518,-0.79396307,0.49596602,-0.35162497,0
-0.67377806,-0.18866608,0.39585525,-0.42809778,-0.045406699,0.90259093,0
-0.46311629,0.68091834,0.13522208,0.43168843,0.86715382,0.24837318,0
-2.4125965,0.82763898,-0.8907063,-0.79396307,0.49596602,-0.35162497,0
-2.410996,1.1595751,-0.48529649,-0.79396307,0.49596602,-0.35162497,0
-1.0404888,1.0913285,-0.67700231,0.43168843,0.86715382,0.24837318,0
-1.9955816,1.2484555,-0.83987498,-0.79396307,0.49596602,-0.35162497,0
-0.39677906,0.96179098,-0.20735276,0.43168843,0.86715382,0.24837318,0
0.4049581,-0.31968248,0.69177198,-0.42809778,-0.045406699,0.90259093,0
0.012893677,0.53871161,0.098442852,0.43168843,0.86715382,0.24837318,0
1.1043992,-1.3453521,0.36032391,-0.43168843,-0.86715382,-0.24837318,0
2.0270813,-1.3970969,0.76857448,0.79396307,-0.49596602,0.35162497,0
2.1870251,-0.98916209,0.73245168,0.79396307,-0.49596602,0.35162497,0
-2.1721129,1.4403812,-0.39778924,-0.79396307,0.49596602,-0.35162497,0
1.811404,-1.312438,1.2449343,0.79396307,-0.49596602,0.35162497,0
-2.0446298,0.91226822,-0.93436384,-0.43168843,-0.86715382,-0.24837318,0
-0.92313218,1.3438849,-1.0078644,0.42809778,0.045406699,-0.90259093,0
-1.2542087,1.5699481,-1.0542574,0.43168843,0.86715382,0.24837318,0
1.9746006,-1.0529846,1.4392474,0.79396307,-0.49596602,0.35162497,0
-1.80001,0.3017399,-0.31327903,-0.43168843,-0.86715382,-0.24837318,0
0.72366536,0.038972139,0.89902771,0.43168843,0.86715382,0.24837318,0
-1.9465356,0.6769495,-1.4796103,0.42809778,0.045406699,-0.90259093,0
-2.0127053,1.1192268,-0.76102853,-0.79396307,0.49596602,-0.35162497,0
1.8007196,-1.3333948,1.1062145,0.79396307,-0.49596602,0.35162497,0
-0.76728481,0.1344592,-0.5840795,-0.43168843,-0.86715382,-0.24837318,0
1.3349358,-0.76135731,1.2770799,-0.42809778,-0.045406699,0.90259093,0
1.8538773,-1.052855,1.0347831,0.79396307,-0.49596602,0.35162497,0
0.30461353,-1.0339702,0.66956651,-0.42809778,-0.045406699,0.90259093,0
-0.94563299,0.027720869,-0.29457694,-0.43168843,-0.86715382,-0.24837318,0
-1.2933807,1.3980111,-0.145998,0.43168843,0.86715382,0.24837318,0
1.0472883,-1.0084534,0.36512041,-0.43168843,-0.86715382,-0.24837318,0
-1.8026266,0.94433862,-0.2272017,-0.42809778,-0.045406699,0.90259093,0
1.6023335,-1.5197982,0.78713536,0.79396307,-0.49596602,0.35162497,0
-1.9932932,1.2847525,-0.37749076,-0.79396307,0.49596602,-0.35162497,0
1.0158362,-0.87374121,1.1530023,-0.42809778,-0.045406699,0.90259093,0
0.46406895,0.47170615,-0.45841977,0.42809778,0.045406699,-0.90259093,0
-0.31486928,0.38402829,0.45194101,-0.42809778,-0.045406699,0.90259093,0
1.8830264,-1.2713997,1.3883314,0.79396307,-0.49596602,0.35162497,0
1.7656057,-1.370609,0.6442101,0.79396307,-0.49596602,0.35162497,0
0.78199995,-0.84262031,-0.37187958,0.42809778,0.045406699,-0.90259093,0
1.7806604,-1.6364162,1.1148279,0.79396307,-0.49596602,0.35162497,0
0.73708725,-0.96340334,0.99759066,-0.42809778,-0.045406699,0.90259093,0
2.0456519,-0.92882508,0.94920421,0.79396307,-0.49596602,0.35162497,0
-1.937062,1.5106316,-0.13909626,-0.79396307,0.49596602,-0.35162497,0
1.1632024,-1.4546957,0.40166116,-0.43168843,-0.86715382,-0.24837318,0
-2.0159698,1.2277057,-0.57959986,-0.79396307,0.49596602,-0.35162497,0
-2.1327426,1.1933123,-0.74190855,-0.79396307,0.49596602,-0.35162497,0
2.2281458,-1.0205927,1.1234148,0.79396307,-0.49596602,0.35162497,0
-1.8939141,1.0853806,-0.29309916,-0.42809778,-0.045406699,0.90259093,0
1.8549865,-1.5501417,1.0166445,0.79396307,-0.49596602,0.35162497,0
0.10669266,0.64652389,-0.63854104,0.42809778,0.045406699,-0.90259093,0
-0.18983161,0.39149797,0.52810937,0.43168843,0.86715382,0.24837318,0
-0.27164501,0.016607463,-0.77226102,0.42809778,0.045406699,-0.90259093,0
1.776845,-1.0919826,1.1766453,-0.42809778,-0.045406699,0.90259093,0
1.9919838,-1.6897753,0.56180382,0.79396307,-0.49596602,0.35162497,0
1.2543656,-1.4566718,0.55874825,-0.43168843,-0.86715382,-0.24837318,0
-1.9804507,1.6611483,-0.19074368,-0.79396307,0.49596602,-0.35162497,0
2.1802051,-0.96390009,0.87553382,0.79396307,-0.49596602,0.35162497,0
0.93327689,-0.93594551,0.96966422,-0.42809778,-0.045406699,0.90259093,0
1.664867,-0.66085941,0.014419317,0.42809778,0.045406699,-0.90259093,0
1.6883337,-0.54821664,0.50878525,0.43168843,0.86715382,0.24837318,0
1.2737341,-1.1438119,0.20202994,0.42809778,0.045406699,-0.90259093,0
0.76060951,-0.56251049,0.79456389,-0.42809778,-0.045406699,0.90259093,0
-1.9667634,0.77376926,-1.2152877,-0.79396307,0.49596602,-0.35162497,0
-0.54110885,0.64547884,-0.7847591,0.42809778,0.045406699,-0.90259093,0
-1.9801486,1.0577984,-0.67598677,-0.79396307,0.49596602,-0.35162497,0
1.3227859,-0.10918494,0.17731357,0.43168843,0.86715382,0.24837318,0
-1.5853128,1.184504,-0.09689641,-0.42809778,-0.045406699,0.90259093,0
-0.87257338,0.93407309,-0.12369788,0.43168843,0.86715382,0.24837318,0
1.7657728,-0.99805188,0.43804979,0.42809778,0.045406699,-0.90259093,0
1.90904,-0.61825573,1.4532125,0.79396307,-0.49596602,0.35162497,0
-1.7222091,0.46186864,-0.90909612,-0.43168843,-0.86715382,-0.24837318,0
1.8335028,-0.41099751,0.27321625,0.43168843,0.86715382,0.24837318,0
-1.4727443,0.53481656,-0.78584421,-0.43168843,-0.86715382,-0.24837318,0
1.8294713,-1.454751,0.37961745,0.79396307,-0.49596602,0.35162497,0
-2.0475078,0.7086817,-1.2863944,0.42809778,0.045406699,-0.90259093,0
0.4683392,-0.43361896,-0.3165158,0.42809778,0.045406699,-0.90259093,0
1.2250381,-0.4536683,1.0255016,0.43168843,0.86715382,0.24837318,0
-0.84931928,0.066537559,-0.55107588,-0.43168843,-0.86715382,-0.24837318,0
-0.39887035,0.75974429,-0.49852049,0.42809778,0.045406699,-0.90259093,0
2.0857377,-0.85712361,1.6592751,0.79396307,-0.49596602,0.35162497,0
1.6274073,-1.7513876,0.85913491,0.79396307,-0.49596602,0.35162497,0
2.3576775,-0.76319003,1.0420954,0.79396307,-0.49596602,0.35162497,0
2.4558582,-0.76545429,0.67673683,0.79396307,-0.49596602,0.35162497,0
2.2036436,-1.0501015,0.47099948,0.42809778,0.045406699,-0.90259093,0
-2.1678877,1.0208529,-0.26859617,-0.79396307,0.49596602,-0.35162497,0
1.6525433,-1.0158182,1.3981251,0.79396307,-0.49596602,0.35162497,0
-1.6568828,1.2648034,-1.235183,-0.79396307,0.49596602,-0.35162497,0
-2.3287344,1.1889585,-0.53665042,-0.79396307,0.49596602,-0.35162497,0
0.45619851,-0.38123366,-0.13581145,0.42809778,0.045406699,-0.90259093,0
2.1439238,-0.55943102,0.75469828,0.43168843,0.86715382,0.24837318,0
1.7973963,-1.2828037,1.4023731,-0.42809778,-0.045406699,0.90259093,0
-0.94812351,0.32647395,-0.86248404,-0.43168843,-0.86715382,-0.24837318,0
-1.1129591,0.64629477,0.25306416,-0.42809778,-0.045406699,0.90259093,0
-1.9521383,1.3203754,-0.36351562,-0.79396307,0.49596602,-0.35162497,0
-2.0128398,0.90751296,-1.0368748,-0.79396307,0.49596602,-0.35162497,0
-1.843348,1.7147274,-1.0751748,-0.79396307,0.49596602,-0.35162497,0
-1.8439496,0.64362752,-1.233613,-0.43168843,-0.86715382,-0.24837318,0
-1.8403577,1.1653936,-0.061567068,-0.42809778,-0.045406699,0.90259093,0
2.0152442,-1.6899488,0.55602598,0.79396307,-0.49596602,0.35162497,0
0.75781834,0.012661293,0.030549169,0.43168843,0.86715382,0.24837318,0
0.51781327,-1.0600977,0.0034688711,-0.43168843,-0.86715382,-0.24837318,0
-1.6099102,1.8019323,-1.1092787,-0.79396307,0.49596602,-0.35162497,0
0.5865165,0.071281388,-0.15939942,0.42809778,0.045406699,-0.90259093,0
-1.8071687,1.2413282,-0.9945209,-0.79396307,0.49596602,-0.35162497,0
1.3182313,-1.3402472,0.25936842,-0.43168843,-0.86715382,-0.24837318,0
1.0949669,-1.4115987,0.51084089,-0.43168843,-0.86715382,-0.24837318,0
-2.1511366,1.1776634,-0.75696421,-0.79396307,0.49596602,-0.35162497,0
1.986222,-1.1052655,0.70848465,0.79396307,-0.49596602,0.35162497,0
1.457227,-0.27918631,0.012525916,0.42809778,0.045406699,-0.90259093,0
2.1531289,-0.75488615,0.78650475,0.79396307,-0.49596602,0.35162497,0
0.67591906,-0.7826581,-0.16715264,0.42809778,0.045406699,-0.90259093,0
0.72537547,-0.60698909,1.0886614,-0.42809778,-0.045406699,0.90259093,0
0.38288251,-0.96733451,0.69435519,-0.43168843,-0.86715382,-0.24837318,0
-1.8476679,1.1792294,-1.3961205,-0.79396307,0.49596602,-0.35162497,0
1.9607117,-1.1553478,0.9153204,0.79396307,-0.49596602,0.35162497,0
-0.95381963,0.094506025,-0.99024928,-0.43168843,-0.86715382,-0.24837318,0
-0.23908459,0.63871545,-0.091343343,0.43168843,0.86715382,0.24837318,0
2.1219356,-1.301906,0.97741222,0.79396307,-0.49596602,0.35162497,0
-1.9811779,1.0205196,-1.0227334,-0.79396307,0.49596602,-0.35162497,0
1.7696064,-0.77899539,0.98198903,0.43168843,0.86715382,0.24837318,0
-0.45457095,0.43252915,-0.88569629,0.42809778,0.045406699,-0.90259093,0
0.0019333959,0.86051017,-0.26787817,0.43168843,0.86715382,0.24837318,0
-1.7000909,1.3719856,-0.36142206,0.43168843,0.86715382,0.24837318,0
-1.8453526,1.4265411,-0.94722009,-0.79396307,0.49596602,-0.35162497,0
-1.6883041,0.57835126,-0.20693898,-0.42809778,-0.045406699,0.90259093,0
-2.0172985,1.0006087,-1.3240445,-0.79396307,0.49596602,-0.35162497,0
0.1238919,0.51178646,-0.63611418,0.42809778,0.045406699,-0.90259093,0
-1.7527727,1.2034894,-1.3229287,-0.79396307,0.49596602,-0.35162497,0
-2.1759305,1.4475714,-0.42578578,-0.79396307,0.49596602,-0.35162497,0
-2.1531172,1.2717801,-0.57809758,-0.79396307,0.49596602,-0.35162497,0
2.1829636,-1.2943969,0.51472092,0.79396307,-0.49596602,0.35162497,0
1.3018007,0.0064907074,0.52121228,0.43168843,0.86715382,0.24837318,0
-0.39932019,0.11435311,0.1684733,-0.42809778,-0.045406699,0.90259093,0
1.827898,-1.2732251,1.197901,0.79396307,-0.49596602,0.35162497,0
-1.9000463,1.1632245,-1.2329059,-0.79396307,0.49596602,-0.35162497,0
-1.9250257,0.50938517,-0.60942459,-0.43168843,-0.86715382,-0.24837318,0
1.1707847,-0.45251727,0.82111061,0.43168843,0.86715382,0.24837318,0
0.47890353,-0.83245981,0.53003037,-0.43168843,-0.86715382,-0.24837318,0
2.2543151,-0.66503263,0.79114962,0.79396307,-0.49596602,0.35162497,0
-1.8195876,1.5744858,-0.78301692,-0.79396307,0.49596602,-0.35162497,0
2.1810555,-1.0821576,0.68375516,0.79396307,-0.49596602,0.35162497,0
-1.0977368,0.87253308,-0.019481063,-0.42809778,-0.045406699,0.90259093,0
1.4957907,-0.49105117,0.036691785,0.42809778,0.045406699,-0.90259093,0
-1.7566047,1.0370471,-0.29876685,-0.42809778,-0.045406699,0.90259093,0
-1.2620276,0.44029999,-1.1665649,0.42809778,0.045406699,-0.90259093,0
0.95498794,-1.1897324,0.31752849,-0.43168843,-0.86715382,-0.24837318,0
1.9952412,-1.5455223,0.37065673,0.79396307,-0.49596602,0.35162497,0
2.1523452,-1.1507776,0.98977327,0.79396307,-0.49596602,0.35162497,0
-1.7337955,1.625965,-0.93310452,-0.79396307,0.49596602,-0.35162497,0
-1.6662496,1.6066196,-0.78354836,-0.79396307,0.49596602,-0.35162497,0
