0.71296215,3.0667772,-1.7625971,-0.0027037859,-0.41029271,-0.91194987,0
1.1269306,2.7655396,-1.5115092,0.22255108,0.88883531,-0.40055311,0
-0.83091843,-3.1396842,1.4370046,-0.22255108,-0.88883531,0.40055311,0
1.0503566,3.0203991,-1.615767,0.22255108,0.88883531,-0.40055311,0
-0.89537823,-3.1874533,1.2351201,-0.22255108,-0.88883531,0.40055311,0
0.11667371,2.6105177,-0.89470816,-0.97491729,0.20403838,-0.088907868,0
-0.80120051,-0.48389125,-0.052991867,-0.97491729,0.20403838,-0.088907868,0
1.2248827,3.0578907,-1.6961703,0.22255108,0.88883531,-0.40055311,0
-0.10072768,-2.6378772,0.84625173,-0.0027037859,-0.41029271,-0.91194987,0
-0.31117958,0.58569825,0.12481201,-0.97491729,0.20403838,-0.088907868,0
0.83668017,1.4685011,-0.67641294,0.97491729,-0.20403838,0.088907868,0
-0.42412025,0.73876685,-0.020792425,-0.97491729,0.20403838,-0.088907868,0
-1.1364383,-2.9196744,1.3917406,-0.22255108,-0.88883531,0.40055311,0
-0.19703804,1.4757379,-0.26743853,0.0027037859,0.41029271,0.91194987,0
-0.20376718,-3.0046153,1.7643726,-0.22255108,-0.88883531,0.40055311,0
0.11100778,-1.7094846,0.51344371,0.97491729,-0.20403838,0.088907868,0
-0.32154649,1.1890486,0.045340657,0.0027037859,0.41029271,0.91194987,0
-0.22515112,1.09578,-0.75589621,-0.97491729,0.20403838,-0.088907868,0
-0.31155899,0.58807904,-0.21613705,-0.97491729,0.20403838,-0.088907868,0
-0.55065721,-0.26036012,0.72556198,-0.97491729,0.20403838,-0.088907868,0
-0.087184757,-0.97972184,0.053860426,-0.0027037859,-0.41029271,-0.91194987,0
0.73615003,2.399457,-1.7971811,-0.0027037859,-0.41029271,-0.91194987,0
-0.44436866,0.24593252,0.5466609,0.0027037859,0.41029271,0.91194987,0
-0.24483335,-0.35526371,0.81454366,0.0027037859,0.41029271,0.91194987,0
1.1470195,2.6233852,-1.580225,-0.0027037859,-0.41029271,-0.91194987,0
-0.48330522,-1.2479562,-0.043178558,-0.0027037859,-0.41029271,-0.91194987,0
0.48748875,3.0549412,-1.2379923,0.22255108,0.88883531,-0.40055311,0
-1.0123897,-2.8422346,1.8587406,-0.22255108,-0.88883531,0.40055311,0
-0.47123671,-3.0421824,1.5784276,-0.22255108,-0.88883531,0.40055311,0
-0.39315283,-0.3760449,-0.53371239,-0.97491729,0.20403838,-0.088907868,0
-0.71723783,-2.8968129,1.5364599,-0.22255108,-0.88883531,0.40055311,0
0.96631515,3.1231256,-1.272965,0.22255108,0.88883531,-0.40055311,0
0.326437,-0.86363328,-0.33585858,-0.0027037859,-0.41029271,-0.91194987,0
-0.35364759,-3.2784214,1.1822648,-0.22255108,-0.88883531,0.40055311,0
0.20503235,0.41774911,-0.7350505,-0.0027037859,-0.41029271,-0.91194987,0
-0.73925447,-0.85364783,0.17422181,-0.97491729,0.20403838,-0.088907868,0
-1.3374156,-2.9672499,1.1745896,-0.22255108,-0.88883531,0.40055311,0
0.5375362,1.0293448,0.20514655,0.97491729,-0.20403838,0.088907868,0
0.15230781,0.81129599,0.37482283,0.0027037859,0.41029271,0.91194987,0
0.37095004,-0.93578136,-0.2021758,0.97491729,-0.20403838,0.088907868,0
-0.21411949,-0.27383471,0.86780143,0.0027037859,0.41029271,0.91194987,0
-0.17440128,-3.1170387,1.9763772,0.97491729,-0.20403838,0.088907868,0
-1.1520236,-3.1031508,0.63885474,-0.0027037859,-0.41029271,-0.91194987,0
1.2065871,1.884854,-1.2212272,0.97491729,-0.20403838,0.088907868,0
0.76159638,3.1039467,-0.97697687,0.0027037859,0.41029271,0.91194987,0
-0.0007172823,2.5287075,-1.4064724,-0.97491729,0.20403838,-0.088907868,0
0.78650105,3.1597977,-1.2258625,0.22255108,0.88883531,-0.40055311,0
0.86649346,1.1597389,-0.27272475,0.97491729,-0.20403838,0.088907868,0
1.0576508,1.3928705,-1.1520352,0.97491729,-0.20403838,0.088907868,0
-0.16009963,-1.6143959,1.2346832,0.0027037859,0.41029271,0.91194987,0
-1.096184,-3.2752023,1.0866535,-0.0027037859,-0.41029271,-0.91194987,0
1.0597725,1.7402236,-1.3211263,0.97491729,-0.20403838,0.088907868,0
-0.30523741,-3.3637307,1.0248361,-0.22255108,-0.88883531,0.40055311,0
-0.53834331,0.66881049,-0.22434539,-0.97491729,0.20403838,-0.088907868,0
-0.4661088,-2.2218947,1.5923557,0.0027037859,0.41029271,0.91194987,0
0.44185793,3.4184175,-1.1861086,0.22255108,0.88883531,-0.40055311,0
0.15473688,2.9482918,-1.7047901,-0.97491729,0.20403838,-0.088907868,0
0.87532741,2.06497,-0.401191,0.0027037859,0.41029271,0.91194987,0
-0.38391185,-2.9805555,0.84759116,-0.0027037859,-0.41029271,-0.91194987,0
-0.67451811,-3.0297174,1.6356969,-0.22255108,-0.88883531,0.40055311,0
0.52959329,3.1054072,-1.1324952,0.22255108,0.88883531,-0.40055311,0
-0.9304089,-1.098904,1.0675219,-0.97491729,0.20403838,-0.088907868,0
0.43698454,3.173486,-1.1049316,0.22255108,0.88883531,-0.40055311,0
1.4197164,2.984143,-1.281028,0.22255108,0.88883531,-0.40055311,0
-0.76664233,-0.94387561,-0.024061024,-0.0027037859,-0.41029271,-0.91194987,0
-0.64003766,-3.3875852,1.3527963,-0.22255108,-0.88883531,0.40055311,0
-0.029695392,2.3659875,-1.0298562,-0.97491729,0.20403838,-0.088907868,0
-1.405339,-2.7162471,1.5851772,-0.97491729,0.20403838,-0.088907868,0
0.98976266,1.1926441,-0.94984126,-0.0027037859,-0.41029271,-0.91194987,0
0.13803506,2.1666648,-0.38000417,0.0027037859,0.41029271,0.91194987,0
-0.75482219,-0.96514547,0.82448554,-0.97491729,0.20403838,-0.088907868,0
-1.3138664,-3.2400107,0.98410439,-0.22255108,-0.88883531,0.40055311,0
-0.61332905,-2.9932775,0.67531157,-0.0027037859,-0.41029271,-0.91194987,0
-0.36344719,-2.8391519,0.84479332,0.97491729,-0.20403838,0.088907868,0
0.56433856,3.2454729,-1.590306,0.22255108,0.88883531,-0.40055311,0
0.35184264,2.029722,-1.6533847,-0.0027037859,-0.41029271,-0.91194987,0
-0.49486232,-2.9194956,1.5911949,-0.22255108,-0.88883531,0.40055311,0
0.20340277,0.48009318,0.2474498,0.0027037859,0.41029271,0.91194987,0
-0.48441368,-3.1802011,0.90949893,-0.0027037859,-0.41029271,-0.91194987,0
-0.71306998,-0.92291832,0.95376551,-0.97491729,0.20403838,-0.088907868,0
0.022224069,-0.036980733,-0.5599581,-0.0027037859,-0.41029271,-0.91194987,0
0.68145943,2.9522817,-1.4744415,0.22255108,0.88883531,-0.40055311,0
0.74875534,2.4998038,-1.8862481,-0.0027037859,-0.41029271,-0.91194987,0
0.98388529,3.0212414,-1.4865367,0.22255108,0.88883531,-0.40055311,0
-0.46718502,-0.47609639,0.68434632,0.0027037859,0.41029271,0.91194987,0
-0.91068542,-3.2525616,1.4124651,-0.22255108,-0.88883531,0.40055311,0
-0.55372703,-0.072237134,0.54907072,-0.97491729,0.20403838,-0.088907868,0
-1.3019836,-3.0274899,0.9340961,-0.22255108,-0.88883531,0.40055311,0
0.0068149567,-2.5246327,1.5254278,0.97491729,-0.20403838,0.088907868,0
-1.0649908,-1.6239196,1.0142632,-0.97491729,0.20403838,-0.088907868,0
1.2522162,2.9767909,-0.94759417,0.22255108,0.88883531,-0.40055311,0
1.1375022,3.1150281,-1.2297685,0.22255108,0.88883531,-0.40055311,0
0.64538163,0.55800867,0.015813798,0.97491729,-0.20403838,0.088907868,0
-0.16171372,0.40111244,-0.91652602,-0.0027037859,-0.41029271,-0.91194987,0
-0.50249302,-0.49303249,0.60749441,0.0027037859,0.41029271,0.91194987,0
-0.19007431,-1.5695406,0.090582728,-0.0027037859,-0.41029271,-0.91194987,0
0.092694759,1.8707132,-0.99504924,-0.97491729,0.20403838,-0.088907868,0
1.323004,3.0947387,-1.0560129,0.22255108,0.88883531,-0.40055311,0
0.41563138,0.75852895,0.29185212,0.0027037859,0.41029271,0.91194987,0
-0.053359099,-1.5250734,0.16869879,-0.0027037859,-0.41029271,-0.91194987,0
-0.80576837,-3.0033209,1.3262861,-0.22255108,-0.88883531,0.40055311,0
-1.0805748,-3.3857441,1.0960753,-0.22255108,-0.88883531,0.40055311,0
0.609402,2.4866867,-0.71755338,0.0027037859,0.41029271,0.91194987,0
1.1382656,3.2860851,-1.1324992,0.22255108,0.88883531,-0.40055311,0
-0.086572409,2.0209069,-0.52907896,-0.97491729,0.20403838,-0.088907868,0
-0.44383818,-0.9918744,1.0143287,0.0027037859,0.41029271,0.91194987,0
-0.023623977,-1.1110705,-0.017914295,-0.0027037859,-0.41029271,-0.91194987,0
-0.017787248,-1.9714401,0.48467255,0.97491729,-0.20403838,0.088907868,0
-1.3830665,-2.8313537,1.5350995,-0.22255108,-0.88883531,0.40055311,0
-0.59461379,-3.0327539,1.3154016,-0.22255108,-0.88883531,0.40055311,0
0.77798212,3.0099337,-1.5640199,0.22255108,0.88883531,-0.40055311,0
0.44299763,3.4546554,-1.0964117,0.0027037859,0.41029271,0.91194987,0
-1.2000687,-3.2111623,1.118233,-0.22255108,-0.88883531,0.40055311,0
-0.14699917,-1.9566259,0.33366418,-0.0027037859,-0.41029271,-0.91194987,0
0.83629763,1.7427759,-0.18264854,0.0027037859,0.41029271,0.91194987,0
1.2502882,2.2476509,-1.332947,0.97491729,-0.20403838,0.088907868,0
0.44457769,0.90851557,-1.0305836,-0.0027037859,-0.41029271,-0.91194987,0
0.89838696,2.8543572,-1.6780572,0.22255108,0.88883531,-0.40055311,0
0.56781209,2.9704108,-1.6107059,0.22255108,0.88883531,-0.40055311,0
0.48095196,3.4553404,-1.0647206,0.22255108,0.88883531,-0.40055311,0
1.0336071,1.6682073,-1.3193748,-0.0027037859,-0.41029271,-0.91194987,0
0.45975441,-0.30003494,-0.11131349,0.97491729,-0.20403838,0.088907868,0
0.88695508,2.3589513,-0.42742753,0.0027037859,0.41029271,0.91194987,0
0.02520635,1.1419328,-0.089034557,0.0027037859,0.41029271,0.91194987,0
-1.2201707,-2.3017449,0.89279127,-0.97491729,0.20403838,-0.088907868,0
-0.95662546,-3.1023822,1.531729,-0.22255108,-0.88883531,0.40055311,0
0.59483516,3.2053061,-1.7467253,0.22255108,0.88883531,-0.40055311,0
1.0628434,2.9826674,-1.5596931,0.22255108,0.88883531,-0.40055311,0
-0.00062382221,2.8303397,-1.1087954,-0.97491729,0.20403838,-0.088907868,0
0.2526089,-0.61683118,0.31737632,0.97491729,-0.20403838,0.088907868,0
0.31217819,-1.5029435,0.88739395,0.97491729,-0.20403838,0.088907868,0
0.75951803,1.3993795,-0.31287146,0.97491729,-0.20403838,0.088907868,0
-0.48292565,-3.0945392,1.3249342,-0.22255108,-0.88883531,0.40055311,0
0.70815873,0.66600376,-0.3666507,0.97491729,-0.20403838,0.088907868,0
0.45711982,3.3835239,-0.95914125,0.22255108,0.88883531,-0.40055311,0
0.56720078,2.9876022,-1.4591756,0.22255108,0.88883531,-0.40055311,0
0.45903134,3.2098598,-1.2509131,0.22255108,0.88883531,-0.40055311,0
-0.45126998,-2.8713908,1.7448549,-0.22255108,-0.88883531,0.40055311,0
0.66337109,3.1859531,-1.7539389,0.22255108,0.88883531,-0.40055311,0
0.048757851,2.2886024,-0.64408088,-0.97491729,0.20403838,-0.088907868,0
-0.42644525,0.40676159,0.24963886,-0.97491729,0.20403838,-0.088907868,0
0.75055408,2.3667696,-1.5429893,-0.0027037859,-0.41029271,-0.91194987,0
0.5683465,0.36017767,-0.59715259,-0.0027037859,-0.41029271,-0.91194987,0
0.016391665,-0.73770362,-0.42118555,-0.0027037859,-0.41029271,-0.91194987,0
0.57542205,-0.31203955,-0.2618162,0.97491729,-0.20403838,0.088907868,0
-0.31881833,-2.9750583,1.9016209,-0.22255108,-0.88883531,0.40055311,0
-0.87246037,-1.9036806,0.44296527,-0.0027037859,-0.41029271,-0.91194987,0
0.66711116,0.65581447,-0.22964609,0.97491729,-0.20403838,0.088907868,0
-0.3231546,0.6703487,-0.69898963,-0.0027037859,-0.41029271,-0.91194987,0
0.11142537,-2.5912673,0.61217856,0.97491729,-0.20403838,0.088907868,0
0.085544527,2.4190106,-0.67107224,0.0027037859,0.41029271,0.91194987,0
0.5181427,3.3963561,-1.3707948,0.22255108,0.88883531,-0.40055311,0
-0.50042164,-3.2459228,1.5797958,-0.22255108,-0.88883531,0.40055311,0
-1.1381638,-3.1050243,1.2585311,-0.22255108,-0.88883531,0.40055311,0
-0.1954634,0.74230134,-0.31618714,-0.97491729,0.20403838,-0.088907868,0
-0.4618738,0.77828515,0.32112789,0.0027037859,0.41029271,0.91194987,0
-0.10619326,1.0628227,-0.012215257,-0.97491729,0.20403838,-0.088907868,0
0.9622702,3.1394048,-1.170635,0.22255108,0.88883531,-0.40055311,0
-0.10945119,1.4546918,-0.26094162,-0.97491729,0.20403838,-0.088907868,0
-0.49617714,-0.13865879,0.19244525,-0.97491729,0.20403838,-0.088907868,0
-1.0091707,-2.9847515,1.5047221,-0.22255108,-0.88883531,0.40055311,0
0.055484414,0.018821791,-0.58060676,-0.0027037859,-0.41029271,-0.91194987,0
-0.43714941,-3.127111,1.0921323,0.97491729,-0.20403838,0.088907868,0
0.9016645,2.7958789,-1.8067186,0.22255108,0.88883531,-0.40055311,0
0.99229777,3.0701337,-1.4111638,0.22255108,0.88883531,-0.40055311,0
0.53535008,3.0794075,-1.562851,0.22255108,0.88883531,-0.40055311,0
0.62785792,2.5325642,-0.38076091,0.0027037859,0.41029271,0.91194987,0
0.1578517,0.72016793,-0.8803609,-0.0027037859,-0.41029271,-0.91194987,0
1.2360799,3.1678433,-1.0087538,0.22255108,0.88883531,-0.40055311,0
-0.44362926,-2.7214017,1.9695418,0.0027037859,0.41029271,0.91194987,0
0.1208446,-1.3722098,0.64852285,0.97491729,-0.20403838,0.088907868,0
1.0022073,2.375782,-0.34627008,0.0027037859,0.41029271,0.91194987,0
0.62186503,-0.14920443,-0.32617155,0.97491729,-0.20403838,0.088907868,0
-0.51783872,-2.9570463,1.9084594,-0.22255108,-0.88883531,0.40055311,0
0.46229851,3.0792441,-1.1761711,0.22255108,0.88883531,-0.40055311,0
-0.28834748,0.25892383,-0.33783725,-0.97491729,0.20403838,-0.088907868,0
-0.42232549,-2.9745369,1.8420222,-0.22255108,-0.88883531,0.40055311,0
0.32660353,2.4068668,-0.66523314,0.0027037859,0.41029271,0.91194987,0
0.010740429,0.74294668,0.33128998,0.0027037859,0.41029271,0.91194987,0
-1.0835013,-1.6442752,1.2293736,0.0027037859,0.41029271,0.91194987,0
-0.69279802,-2.2901156,0.66218829,-0.0027037859,-0.41029271,-0.91194987,0
-0.32782817,-2.9501357,1.8152206,-0.22255108,-0.88883531,0.40055311,0
0.57109058,2.9218459,-1.6605198,-0.0027037859,-0.41029271,-0.91194987,0
0.89224041,3.094511,-1.4155641,0.22255108,0.88883531,-0.40055311,0
0.41800788,0.16650352,-0.54963958,-0.0027037859,-0.41029271,-0.91194987,0
-0.61440516,-1.3363312,1.2720456,0.0027037859,0.41029271,0.91194987,0
-0.72263616,-1.2166289,0.19110358,-0.97491729,0.20403838,-0.088907868,0
-0.8474977,-1.6322123,0.97918141,-0.97491729,0.20403838,-0.088907868,0
0.22552401,-1.1995977,0.32112944,0.97491729,-0.20403838,0.088907868,0
0.28088856,-0.98751819,1.0062274,0.97491729,-0.20403838,0.088907868,0
0.83373213,3.1875212,-1.6802154,0.22255108,0.88883531,-0.40055311,0
0.393664,3.361644,-1.2853444,0.22255108,0.88883531,-0.40055311,0
-0.59854782,0.13022912,0.30398548,-0.97491729,0.20403838,-0.088907868,0
-0.43592572,0.024586618,-0.531757,-0.97491729,0.20403838,-0.088907868,0
-0.82173908,-2.7124691,1.7122886,0.0027037859,0.41029271,0.91194987,0
-0.12688911,-3.1227362,1.2597616,-0.22255108,-0.88883531,0.40055311,0
0.65319753,2.0035946,-0.38023376,0.0027037859,0.41029271,0.91194987,0
-0.75037163,-1.6859529,0.28450549,-0.0027037859,-0.41029271,-0.91194987,0
0.98333156,2.9193239,-1.4014108,0.22255108,0.88883531,-0.40055311,0
0.92170674,3.3373799,-1.1796958,0.22255108,0.88883531,-0.40055311,0
0.0085217953,-1.5153831,0.90408993,0.97491729,-0.20403838,0.088907868,0
-0.72365761,-2.3617294,1.7899189,0.0027037859,0.41029271,0.91194987,0
-0.77889478,-3.1274996,1.0973675,-0.22255108,-0.88883531,0.40055311,0
-0.99628878,-1.3418748,0.98031366,-0.97491729,0.20403838,-0.088907868,0
-0.58494222,-2.8909996,1.5500386,-0.22255108,-0.88883531,0.40055311,0
1.0265205,2.8674498,-1.3539088,0.22255108,0.88883531,-0.40055311,0
0.33735609,1.1987029,-0.19782352,0.0027037859,0.41029271,0.91194987,0
0.80277586,2.6482606,-1.7361352,-0.0027037859,-0.41029271,-0.91194987,0
0.051929116,0.65720582,-0.84584647,-0.0027037859,-0.41029271,-0.91194987,0
0.73559594,3.2360725,-1.3670597,0.22255108,0.88883531,-0.40055311,0
0.33687758,3.225225,-1.4520395,0.22255108,0.88883531,-0.40055311,0
-1.0987657,-2.1564839,0.897609,-0.97491729,0.20403838,-0.088907868,0
-0.37308812,-0.88065267,0.89523339,0.0027037859,0.41029271,0.91194987,0
-0.0059645772,1.4385042,-0.65596485,-0.97491729,0.20403838,-0.088907868,0
0.12122333,-1.8389369,0.51574349,0.97491729,-0.20403838,0.088907868,0
-0.047116637,-2.2649856,0.25173974,-0.0027037859,-0.41029271,-0.91194987,0
1.081942,2.3800988,-1.5380757,-0.0027037859,-0.41029271,-0.91194987,0
-0.40087324,-3.1833169,1.0024543,-0.22255108,-0.88883531,0.40055311,0
-0.99871457,-3.0667462,1.7121491,-0.22255108,-0.88883531,0.40055311,0
-0.87018001,-3.356514,1.2068207,-0.22255108,-0.88883531,0.40055311,0
1.1101534,3.0126829,-1.6673925,0.22255108,0.88883531,-0.40055311,0
0.66193944,0.74262398,0.20085779,0.97491729,-0.20403838,0.088907868,0
0.57756793,3.3031106,-1.3152912,0.22255108,0.88883531,-0.40055311,0
0.68573058,3.2828007,-1.4444053,0.22255108,0.88883531,-0.40055311,0
-0.2372086,-2.8420379,1.913321,0.97491729,-0.20403838,0.088907868,0
0.32334584,1.0500691,-0.80602479,-0.0027037859,-0.41029271,-0.91194987,0
0.080248594,1.5160348,-1.296556,-0.97491729,0.20403838,-0.088907868,0
-1.1084186,-2.2147038,0.61015916,-0.0027037859,-0.41029271,-0.91194987,0
-0.80142033,-1.3934598,1.3861053,0.0027037859,0.41029271,0.91194987,0
0.96658778,3.1674352,-0.77497149,0.22255108,0.88883531,-0.40055311,0
0.80689311,1.8589922,-1.1850238,0.97491729,-0.20403838,0.088907868,0
0.99422967,3.278954,-1.1617358,0.22255108,0.88883531,-0.40055311,0
0.69024086,1.8851097,-1.5728638,-0.0027037859,-0.41029271,-0.91194987,0
0.2267487,3.1519675,-1.6778948,0.22255108,0.88883531,-0.40055311,0
0.52962792,0.04487738,0.36937094,0.0027037859,0.41029271,0.91194987,0
-0.32526872,-0.5683558,-0.48788947,-0.0027037859,-0.41029271,-0.91194987,0
-1.0011797,-1.7744446,1.3195469,-0.97491729,0.20403838,-0.088907868,0
1.1262963,2.2997289,-1.1325307,0.97491729,-0.20403838,0.088907868,0
0.6679796,3.0581477,-1.6565406,0.22255108,0.88883531,-0.40055311,0
0.62916392,-0.11610407,0.35058457,0.97491729,-0.20403838,0.088907868,0
-1.0457542,-3.2731624,1.0508423,-0.22255108,-0.88883531,0.40055311,0
0.20253305,-2.1566119,0.3524313,0.97491729,-0.20403838,0.088907868,0
-0.94541889,-3.056133,1.184329,-0.22255108,-0.88883531,0.40055311,0
0.31573045,2.8856363,-1.8762174,0.22255108,0.88883531,-0.40055311,0
0.67861259,2.9929132,-2.0562429,-0.0027037859,-0.41029271,-0.91194987,0
-0.28809744,-2.9201543,0.89184117,-0.0027037859,-0.41029271,-0.91194987,0
-0.58839405,-0.60465544,-0.34942532,-0.0027037859,-0.41029271,-0.91194987,0
-0.43031168,-3.2116966,1.2297721,-0.22255108,-0.88883531,0.40055311,0
-0.036833644,1.7340342,-1.115222,-0.0027037859,-0.41029271,-0.91194987,0
0.38136601,2.8835778,-1.06267,-0.97491729,0.20403838,-0.088907868,0
0.4087047,2.6876562,-0.79607582,0.0027037859,0.41029271,0.91194987,0
-0.26703614,-0.2953209,0.86834669,0.0027037859,0.41029271,0.91194987,0
1.0851729,3.0545163,-1.0063095,0.0027037859,0.41029271,0.91194987,0
0.8034423,0.9625389,-0.9708153,-0.0027037859,-0.41029271,-0.91194987,0
-0.23696256,1.3844615,-0.98260319,-0.97491729,0.20403838,-0.088907868,0
-1.1767182,-3.1389759,1.339118,-0.22255108,-0.88883531,0.40055311,0
-0.52335316,-3.475322,0.99019814,-0.22255108,-0.88883531,0.40055311,0
1.1279138,2.6604393,-1.3148258,0.97491729,-0.20403838,0.088907868,0
-0.052552566,1.4174465,-0.27094638,0.0027037859,0.41029271,0.91194987,0
0.10446982,0.92104298,0.21151048,0.0027037859,0.41029271,0.91194987,0
0.13250375,-2.0906358,0.44604206,0.97491729,-0.20403838,0.088907868,0
1.1700718,1.8843911,-0.75557017,0.97491729,-0.20403838,0.088907868,0
-0.1725347,-2.9340293,1.7072041,0.97491729,-0.20403838,0.088907868,0
-0.96604848,-3.4644551,0.92597294,-0.22255108,-0.88883531,0.40055311,0
-0.018166304,0.51591134,-0.93180346,-0.0027037859,-0.41029271,-0.91194987,0
0.52794987,3.2308564,-1.0428107,0.0027037859,0.41029271,0.91194987,0
0.72114742,3.0581617,-1.3921762,0.22255108,0.88883531,-0.40055311,0
0.62911344,3.2151928,-1.650214,0.22255108,0.88883531,-0.40055311,0
0.13772666,2.9678049,-1.7783966,0.22255108,0.88883531,-0.40055311,0
0.39344406,-1.0762539,0.55045271,0.97491729,-0.20403838,0.088907868,0
-1.0859206,-2.9834085,1.959583,-0.22255108,-0.88883531,0.40055311,0
-0.50117087,-0.27320549,0.47618961,0.0027037859,0.41029271,0.91194987,0
-0.45181289,-0.38698,-0.025832683,-0.97491729,0.20403838,-0.088907868,0
0.54768562,3.288147,-1.1803865,0.22255108,0.88883531,-0.40055311,0
0.62806726,3.0120444,-1.3548393,0.22255108,0.88883531,-0.40055311,0
-1.1772717,-2.9124355,1.6725562,-0.97491729,0.20403838,-0.088907868,0
-0.69644403,-2.6749129,0.50177717,-0.0027037859,-0.41029271,-0.91194987,0
-0.19675493,-1.9675469,1.5468667,0.0027037859,0.41029271,0.91194987,0
-0.092475027,1.9657131,-0.4580338,-0.97491729,0.20403838,-0.088907868,0
-0.34290433,0.53488481,-0.91815752,-0.0027037859,-0.41029271,-0.91194987,0
-1.1624656,-1.9312146,0.72029781,-0.97491729,0.20403838,-0.088907868,0
-0.59024858,-0.86936307,0.70441949,-0.97491729,0.20403838,-0.088907868,0
-0.47927248,-3.4344149,1.2443049,-0.22255108,-0.88883531,0.40055311,0
0.27576268,3.3549204,-1.0981936,0.22255108,0.88883531,-0.40055311,0
-0.059949458,0.38746631,-0.5961867,-0.0027037859,-0.41029271,-0.91194987,0
-1.2568816,-3.0012994,1.6750696,-0.22255108,-0.88883531,0.40055311,0
1.1511629,3.063519,-1.1577456,0.97491729,-0.20403838,0.088907868,0
-1.2889532,-2.3934572,1.4296839,-0.97491729,0.20403838,-0.088907868,0
0.4811039,3.1385758,-1.4301188,0.22255108,0.88883531,-0.40055311,0
-0.44988728,-3.5222826,0.93275118,-0.22255108,-0.88883531,0.40055311,0
0.30864167,2.8662269,-2.0407755,0.22255108,0.88883531,-0.40055311,0
-1.4227707,-3.0923853,1.3248477,-0.22255108,-0.88883531,0.40055311,0
-0.48464656,-3.4347479,1.3118358,-0.22255108,-0.88883531,0.40055311,0
-0.57018554,-3.1806035,1.3195539,-0.22255108,-0.88883531,0.40055311,0
-0.24718682,0.80150366,0.16697478,0.0027037859,0.41029271,0.91194987,0
-0.93160981,-3.0528426,1.1805215,-0.22255108,-0.88883531,0.40055311,0
0.65550363,3.0274282,-1.5724838,0.22255108,0.88883531,-0.40055311,0
-0.32443881,-3.2508922,1.6164556,-0.22255108,-0.88883531,0.40055311,0
-0.622531,-3.4467261,0.93884277,-0.22255108,-0.88883531,0.40055311,0
-0.7254709,-3.2061479,0.90944433,-0.22255108,-0.88883531,0.40055311,0
-0.44826245,-3.1689439,1.4198525,0.97491729,-0.20403838,0.088907868,0
0.71895558,0.86538452,-0.89207166,0.97491729,-0.20403838,0.088907868,0
0.22127521,3.4799483,-1.3459396,0.22255108,0.88883531,-0.40055311,0
0.34567404,3.1311557,-1.6284022,0.22255108,0.88883531,-0.40055311,0
-0.77621019,-3.0791163,1.675081,-0.22255108,-0.88883531,0.40055311,0
0.34544343,0.49666098,-0.60950434,-0.0027037859,-0.41029271,-0.91194987,0
0.45652989,2.7013633,-0.53338504,0.0027037859,0.41029271,0.91194987,0
0.19726294,3.2140927,-1.1001637,0.22255108,0.88883531,-0.40055311,0
0.64686811,3.3746042,-1.291029,0.22255108,0.88883531,-0.40055311,0
0.76145995,2.0543694,-1.4871919,-0.0027037859,-0.41029271,-0.91194987,0
0.50830179,0.1409533,-0.097080246,0.97491729,-0.20403838,0.088907868,0
0.053155243,0.34167638,-0.50132662,-0.0027037859,-0.41029271,-0.91194987,0
1.2285407,2.8427784,-1.428349,0.22255108,0.88883531,-0.40055311,0
0.87592399,2.7050488,-1.6087136,-0.0027037859,-0.41029271,-0.91194987,0
0.68477798,1.1208366,-0.061090946,0.97491729,-0.20403838,0.088907868,0
-0.45381749,-3.4972601,0.96198893,-0.22255108,-0.88883531,0.40055311,0
-0.55358493,-3.2472332,1.6326952,-0.22255108,-0.88883531,0.40055311,0
-0.56663501,-3.135303,1.7411177,-0.22255108,-0.88883531,0.40055311,0
0.18820047,3.0908854,-1.405967,0.22255108,0.88883531,-0.40055311,0
-0.28721297,-3.0711331,1.9367366,-0.22255108,-0.88883531,0.40055311,0
0.6264025,3.1848178,-1.7255013,0.22255108,0.88883531,-0.40055311,0
-0.19093466,0.021552563,0.70331246,0.0027037859,0.41029271,0.91194987,0
-0.1600247,0.74082422,-0.78342664,-0.97491729,0.20403838,-0.088907868,0
1.2015804,3.0153453,-0.99301076,0.22255108,0.88883531,-0.40055311,0
-0.2940731,-2.6212006,1.433491,0.97491729,-0.20403838,0.088907868,0
0.26421699,1.8632927,-0.21288824,0.0027037859,0.41029271,0.91194987,0
-0.46703354,-0.82959163,-0.27894264,-0.97491729,0.20403838,-0.088907868,0
0.79453802,1.2522658,-1.0871583,-0.0027037859,-0.41029271,-0.91194987,0
-0.80899096,-1.0742549,0.8493036,0.0027037859,0.41029271,0.91194987,0
0.48060876,-0.25582391,0.5568527,0.0027037859,0.41029271,0.91194987,0
0.19427299,1.7934847,-1.3002355,-0.0027037859,-0.41029271,-0.91194987,0
0.44749627,2.858772,-0.54707432,0.0027037859,0.41029271,0.91194987,0
0.098687053,1.7426848,-1.0688133,-0.97491729,0.20403838,-0.088907868,0
-0.68176275,0.045735598,0.38215247,0.0027037859,0.41029271,0.91194987,0
-0.36846316,-0.90373147,-0.14605415,-0.0027037859,-0.41029271,-0.91194987,0
0.42712367,3.0876632,-1.2696052,0.22255108,0.88883531,-0.40055311,0
0.13763845,-0.24424154,-0.39982146,-0.0027037859,-0.41029271,-0.91194987,0
-1.0758071,-2.4346886,0.61877537,-0.97491729,0.20403838,-0.088907868,0
-1.2207081,-2.8994071,1.4093285,-0.97491729,0.20403838,-0.088907868,0
-0.12503119,-0.44337219,-0.20152649,-0.0027037859,-0.41029271,-0.91194987,0
-0.54297918,-0.62064528,-0.2996344,-0.0027037859,-0.41029271,-0.91194987,0
0.3909452,3.3168221,-1.3394895,0.22255108,0.88883531,-0.40055311,0
0.72912633,1.7457091,-1.5470507,-0.0027037859,-0.41029271,-0.91194987,0
0.90371805,1.3794249,-0.67520285,0.97491729,-0.20403838,0.088907868,0
0.32534373,2.8034401,-0.6606276,0.0027037859,0.41029271,0.91194987,0
-0.0057173967,-1.5662783,1.0419883,0.0027037859,0.41029271,0.91194987,0
0.15043616,-2.0686893,0.43893909,-0.0027037859,-0.41029271,-0.91194987,0
-0.63668764,-3.0224674,1.5595462,-0.22255108,-0.88883531,0.40055311,0
0.73084307,3.3609772,-1.2167628,0.22255108,0.88883531,-0.40055311,0
0.35831076,2.7202148,-0.67490363,0.0027037859,0.41029271,0.91194987,0
-0.25112817,1.2435678,-0.59764624,-0.97491729,0.20403838,-0.088907868,0
-0.21893084,-2.8123789,1.6291952,0.97491729,-0.20403838,0.088907868,0
-0.30294728,-3.0315735,1.7174222,-0.22255108,-0.88883531,0.40055311,0
0.049940646,0.11538944,0.43531656,0.0027037859,0.41029271,0.91194987,0
0.94130206,2.8579855,-1.6904204,0.22255108,0.88883531,-0.40055311,0
-0.80424178,-3.3372121,1.3454077,-0.22255108,-0.88883531,0.40055311,0
-0.31454968,-3.2979341,1.3088043,-0.22255108,-0.88883531,0.40055311,0
-0.05049938,-1.6284204,0.8538357,0.97491729,-0.20403838,0.088907868,0
-0.537637,-3.2801836,1.229511,-0.22255108,-0.88883531,0.40055311,0
1.1691561,3.1802535,-1.0646756,0.22255108,0.88883531,-0.40055311,0
1.1065419,3.3305621,-1.2210443,0.22255108,0.88883531,-0.40055311,0
0.13361514,-1.5994159,0.15646863,-0.0027037859,-0.41029271,-0.91194987,0
-0.32419795,0.40314871,-0.65290624,-0.97491729,0.20403838,-0.088907868,0
0.13414538,3.1267474,-1.4318559,-0.97491729,0.20403838,-0.088907868,0
-0.43851605,-0.65417039,-0.35892567,-0.0027037859,-0.41029271,-0.91194987,0
-0.47062498,-2.7244978,0.74974561,-0.0027037859,-0.41029271,-0.91194987,0
-0.0037539937,-1.0356978,0.10152197,-0.0027037859,-0.41029271,-0.91194987,0
-0.34970742,-2.4833648,0.52731252,-0.0027037859,-0.41029271,-0.91194987,0
-0.87885326,-3.1639109,1.1875839,-0.22255108,-0.88883531,0.40055311,0
-0.25421774,1.1721599,-0.1414659,0.0027037859,0.41029271,0.91194987,0
0.182265,2.0448003,-0.33828855,0.0027037859,0.41029271,0.91194987,0
-1.0844827,-3.1960359,1.2853711,-0.22255108,-0.88883531,0.40055311,0
-0.052015424,-2.5478868,0.74677968,0.97491729,-0.20403838,0.088907868,0
1.0114837,3.0283229,-1.1454911,0.22255108,0.88883531,-0.40055311,0
-0.80813974,-1.3507293,0.68736851,-0.97491729,0.20403838,-0.088907868,0
-0.10322994,1.2302775,-0.88047671,-0.97491729,0.20403838,-0.088907868,0
0.96266067,2.6778469,-0.5380466,0.0027037859,0.41029271,0.91194987,0
0.72391546,2.7817106,-1.7034822,0.22255108,0.88883531,-0.40055311,0
-0.65717232,-3.1145239,1.4187915,-0.22255108,-0.88883531,0.40055311,0
0.50165689,3.1106634,-1.7153528,0.22255108,0.88883531,-0.40055311,0
-0.029456913,1.8710701,-0.28324962,-0.97491729,0.20403838,-0.088907868,0
-0.83174145,-2.5444045,1.5503023,0.0027037859,0.41029271,0.91194987,0
-0.93298316,-0.87096,1.0885009,-0.97491729,0.20403838,-0.088907868,0
0.20408314,0.31694666,-0.61732578,-0.0027037859,-0.41029271,-0.91194987,0
0.98824799,2.8316989,-1.9353828,-0.0027037859,-0.41029271,-0.91194987,0
0.15255487,1.6916032,-1.2376115,-0.0027037859,-0.41029271,-0.91194987,0
0.91880846,3.0016022,-1.6336083,0.22255108,0.88883531,-0.40055311,0
0.68995023,0.031576693,-0.55576599,-0.0027037859,-0.41029271,-0.91194987,0
-0.092508793,-1.1755049,1.2762506,0.0027037859,0.41029271,0.91194987,0
0.56897604,0.75744432,-0.80712563,-0.0027037859,-0.41029271,-0.91194987,0
-1.0243204,-2.9929199,1.6459863,-0.22255108,-0.88883531,0.40055311,0
0.96515661,1.397015,-0.56369197,0.97491729,-0.20403838,0.088907868,0
0.098505586,-1.8874445,0.33746862,0.97491729,-0.20403838,0.088907868,0
-0.25115585,-3.099925,1.8615408,-0.22255108,-0.88883531,0.40055311,0
0.26048982,3.3317442,-1.6329944,0.22255108,0.88883531,-0.40055311,0
0.60655117,1.1788672,-1.2198454,-0.0027037859,-0.41029271,-0.91194987,0
1.0996319,2.8627124,-1.858402,0.22255108,0.88883531,-0.40055311,0
-0.025466502,0.32062072,-0.52863133,-0.0027037859,-0.41029271,-0.91194987,0
-1.045315,-2.8951061,1.332577,-0.22255108,-0.88883531,0.40055311,0
0.38071722,-0.25886503,-0.24907467,0.97491729,-0.20403838,0.088907868,0
-0.19226295,0.68881333,-0.65144128,-0.0027037859,-0.41029271,-0.91194987,0
0.88952136,2.0010297,-1.6582434,-0.0027037859,-0.41029271,-0.91194987,0
-0.33077121,-3.2969074,1.7288859,-0.22255108,-0.88883531,0.40055311,0
0.67846608,3.1070235,-1.2297399,0.22255108,0.88883531,-0.40055311,0
0.68897027,3.4255755,-1.0255282,0.22255108,0.88883531,-0.40055311,0
1.1012932,2.4858873,-1.4391668,0.97491729,-0.20403838,0.088907868,0
0.5313375,3.2154281,-1.2583947,0.22255108,0.88883531,-0.40055311,0
-0.70397532,-1.2566376,0.94268179,0.0027037859,0.41029271,0.91194987,0
-0.32357943,1.5328267,-0.45148027,-0.97491729,0.20403838,-0.088907868,0
-0.13825542,-2.0057821,0.62180638,0.97491729,-0.20403838,0.088907868,0
1.0428867,3.0082469,-1.0786712,0.22255108,0.88883531,-0.40055311,0
0.84439838,3.0209079,-1.2979753,0.22255108,0.88883531,-0.40055311,0
0.79388833,3.2043583,-1.5110517,0.22255108,0.88883531,-0.40055311,0
0.24305394,0.5874849,0.48902452,0.0027037859,0.41029271,0.91194987,0
1.0984454,3.077894,-0.8360498,0.22255108,0.88883531,-0.40055311,0
0.76724422,2.9587359,-1.4899898,0.22255108,0.88883531,-0.40055311,0
0.33486485,1.5530543,-1.2992625,-0.0027037859,-0.41029271,-0.91194987,0
-0.28821838,1.026599,-1.1917598,-0.97491729,0.20403838,-0.088907868,0
-0.14618945,-2.6064014,1.1449883,0.97491729,-0.20403838,0.088907868,0
0.56606293,3.2327185,-1.3640523,0.22255108,0.88883531,-0.40055311,0
-0.27276886,-3.4333937,1.2659554,-0.22255108,-0.88883531,0.40055311,0
0.13446629,1.9117376,-0.71235538,-0.97491729,0.20403838,-0.088907868,0
1.041139,1.9723701,-0.80775404,0.97491729,-0.20403838,0.088907868,0
0.26943588,0.45093569,-0.5360353,-0.0027037859,-0.41029271,-0.91194987,0
1.1429884,1.9526997,-1.3432729,-0.0027037859,-0.41029271,-0.91194987,0
0.29907918,-0.89085162,0.79721916,0.97491729,-0.20403838,0.088907868,0
0.92166924,3.1041651,-1.538487,0.22255108,0.88883531,-0.40055311,0
-0.80553162,-1.3958504,0.27319169,-0.97491729,0.20403838,-0.088907868,0
0.56530833,3.0457141,-1.3818538,0.22255108,0.88883531,-0.40055311,0
-1.0912009,-2.1514087,1.3230619,-0.97491729,0.20403838,-0.088907868,0
-0.60249972,-3.0878468,0.68486238,-0.0027037859,-0.41029271,-0.91194987,0
-1.0821419,-3.199707,1.2122917,-0.22255108,-0.88883531,0.40055311,0
-0.0014312565,-1.14961,-0.22638404,-0.0027037859,-0.41029271,-0.91194987,0
-0.27130437,-1.0798074,-0.17153043,-0.0027037859,-0.41029271,-0.91194987,0
-0.7551651,-3.1036167,1.8804708,-0.22255108,-0.88883531,0.40055311,0
-0.44899976,-3.1046469,1.2321236,-0.22255108,-0.88883531,0.40055311,0
0.12357682,-0.81856936,0.92243588,0.0027037859,0.41029271,0.91194987,0
0.40798664,0.5775646,-0.94879514,-0.0027037859,-0.41029271,-0.91194987,0
1.1228735,1.8969481,-0.78069091,0.97491729,-0.20403838,0.088907868,0
0.24609673,2.3170824,-1.1246693,-0.97491729,0.20403838,-0.088907868,0
0.17380606,0.8433882,0.24770457,0.0027037859,0.41029271,0.91194987,0
0.480064,1.9329808,-0.16103315,0.0027037859,0.41029271,0.91194987,0
-0.96707541,-1.2856416,1.1279968,0.0027037859,0.41029271,0.91194987,0
0.55395854,-0.29697996,-0.078765988,0.97491729,-0.20403838,0.088907868,0
-0.15304297,1.2070489,-0.10466456,-0.97491729,0.20403838,-0.088907868,0
0.35273683,3.1980057,-1.4205575,0.22255108,0.88883531,-0.40055311,0
-0.96848321,-2.0368757,1.0988777,-0.97491729,0.20403838,-0.088907868,0
0.12667406,-0.65965188,0.51375198,0.97491729,-0.20403838,0.088907868,0
1.085498,3.1691718,-1.2379763,0.22255108,0.88883531,-0.40055311,0
0.45815441,0.48800829,-0.021585047,0.97491729,-0.20403838,0.088907868,0
0.96498275,2.3612199,-0.87269807,0.97491729,-0.20403838,0.088907868,0
0.90840685,3.1070993,-0.76182222,0.0027037859,0.41029271,0.91194987,0
-0.1173299,-2.4443529,1.055938,0.97491729,-0.20403838,0.088907868,0
0.14591551,2.3626823,-1.080658,-0.97491729,0.20403838,-0.088907868,0
0.57311887,2.712136,-0.81884217,0.0027037859,0.41029271,0.91194987,0
1.0481293,1.8613663,-0.76647687,0.97491729,-0.20403838,0.088907868,0
0.85255837,0.52855062,-0.52672744,0.97491729,-0.20403838,0.088907868,0
1.0832456,3.1418133,-0.96274519,0.22255108,0.88883531,-0.40055311,0
-0.37299395,0.63884914,-0.37678915,-0.97491729,0.20403838,-0.088907868,0
-0.44558334,0.57224584,-0.85772222,-0.97491729,0.20403838,-0.088907868,0
0.99240011,2.6373239,-1.1362922,0.97491729,-0.20403838,0.088907868,0
0.99739563,3.2805495,-1.1898451,0.22255108,0.88883531,-0.40055311,0
0.22307709,1.8551661,-0.47189951,0.0027037859,0.41029271,0.91194987,0
0.72132105,0.98693657,-0.7813586,0.97491729,-0.20403838,0.088907868,0
-0.3988409,-2.3682256,0.67787576,-0.0027037859,-0.41029271,-0.91194987,0
-0.74129188,-3.0378556,1.7436724,0.0027037859,0.41029271,0.91194987,0
0.83065802,1.5214106,-0.11276269,0.0027037859,0.41029271,0.91194987,0
-0.27800381,-2.2937326,1.3889446,0.97491729,-0.20403838,0.088907868,0
0.86694157,2.8066778,-1.5325506,0.22255108,0.88883531,-0.40055311,0
0.66396725,1.7698853,-1.4023716,-0.0027037859,-0.41029271,-0.91194987,0
0.46147257,-0.58502722,0.57699138,0.97491729,-0.20403838,0.088907868,0
1.1022481,3.0595202,-1.3546834,0.97491729,-0.20403838,0.088907868,0
0.28824779,1.591204,-0.18319237,0.0027037859,0.41029271,0.91194987,0
0.66953987,3.3879254,-0.94271731,0.22255108,0.88883531,-0.40055311,0
0.14606512,-1.6798323,0.47089136,0.97491729,-0.20403838,0.088907868,0
-0.48647153,-0.34546262,-0.17665538,-0.0027037859,-0.41029271,-0.91194987,0
1.0203999,3.253355,-1.3072114,0.22255108,0.88883531,-0.40055311,0
-0.27066943,-1.4914407,0.13032401,-0.0027037859,-0.41029271,-0.91194987,0
0.026550293,1.3971683,-1.1946889,-0.0027037859,-0.41029271,-0.91194987,0
-0.36969304,-3.0665238,1.7517638,-0.22255108,-0.88883531,0.40055311,0
-0.14162749,2.0058856,-0.33852243,0.0027037859,0.41029271,0.91194987,0
-0.2712841,0.91991258,0.17098749,0.0027037859,0.41029271,0.91194987,0
0.68783331,0.44599101,-0.60314071,0.97491729,-0.20403838,0.088907868,0
-1.3289416,-3.0244241,1.6367459,-0.22255108,-0.88883531,0.40055311,0
-0.74816293,-2.7752037,0.87634158,-0.0027037859,-0.41029271,-0.91194987,0
0.44567347,0.9838686,-1.1558212,-0.0027037859,-0.41029271,-0.91194987,0
0.27845383,2.4680381,-1.6764419,-0.0027037859,-0.41029271,-0.91194987,0
-0.77282643,-1.6125414,0.47360933,-0.97491729,0.20403838,-0.088907868,0
-0.20438331,1.0323532,-0.52706826,-0.97491729,0.20403838,-0.088907868,0
0.1824398,-1.1907629,0.85529029,0.97491729,-0.20403838,0.088907868,0
0.83731127,0.80981207,-1.0119561,-0.0027037859,-0.41029271,-0.91194987,0
0.21989131,3.4191699,-0.91157055,-0.97491729,0.20403838,-0.088907868,0
-0.090316892,1.4622883,-0.47618175,-0.97491729,0.20403838,-0.088907868,0
0.97593057,3.0602813,-1.3510332,0.22255108,0.88883531,-0.40055311,0
-0.38668704,-3.1506202,0.76379919,0.97491729,-0.20403838,0.088907868,0
-0.71027553,-3.0751085,1.6292031,-0.22255108,-0.88883531,0.40055311,0
0.75126266,2.9573965,-1.865129,0.22255108,0.88883531,-0.40055311,0
-0.56673205,-1.0408914,0.084031343,-0.0027037859,-0.41029271,-0.91194987,0
-0.86011147,-3.0240526,1.4812152,-0.22255108,-0.88883531,0.40055311,0
-0.02365154,0.99118537,-0.90633333,-0.0027037859,-0.41029271,-0.91194987,0
-0.47585216,-0.54361475,0.035022318,-0.97491729,0.20403838,-0.088907868,0
-0.51695931,-0.82124978,0.1923151,-0.97491729,0.20403838,-0.088907868,0
-0.20859283,-0.27819687,-0.54737139,-0.0027037859,-0.41029271,-0.91194987,0
0.93128121,1.5182203,-0.79695833,0.97491729,-0.20403838,0.088907868,0
-0.14826795,0.70205945,-0.46730381,-0.97491729,0.20403838,-0.088907868,0
0.49819064,2.7679033,-1.8352082,0.22255108,0.88883531,-0.40055311,0
0.048483193,-0.22392417,0.76116121,0.0027037859,0.41029271,0.91194987,0
-0.59231544,-0.068941981,-0.45648032,-0.0027037859,-0.41029271,-0.91194987,0
-0.63811278,-3.2084143,1.3577683,-0.22255108,-0.88883531,0.40055311,0
-0.45187962,0.84473884,-0.74899018,-0.97491729,0.20403838,-0.088907868,0
0.88715053,1.2994457,-0.48284853,0.97491729,-0.20403838,0.088907868,0
0.71657395,2.9624283,-1.7059593,0.22255108,0.88883531,-0.40055311,0
0.33434972,-0.11036381,0.70059943,0.0027037859,0.41029271,0.91194987,0
-0.84985048,-2.8427939,0.53833413,-0.0027037859,-0.41029271,-0.91194987,0
0.38635275,-1.1481442,0.30911601,0.97491729,-0.20403838,0.088907868,0
-1.0825797,-2.5215447,1.6302524,0.0027037859,0.41029271,0.91194987,0
-0.47628379,-3.0564151,1.7072988,-0.22255108,-0.88883531,0.40055311,0
-0.54470694,-0.77706659,-0.37013599,-0.97491729,0.20403838,-0.088907868,0
-0.23882604,-1.9580411,1.5448525,0.97491729,-0.20403838,0.088907868,0
-0.34238258,-1.5792764,0.10657561,-0.0027037859,-0.41029271,-0.91194987,0
0.59514046,3.1808009,-1.6019609,0.22255108,0.88883531,-0.40055311,0
-0.54515755,-3.2424998,1.3087034,-0.22255108,-0.88883531,0.40055311,0
0.33433989,-0.77444637,0.0011530519,0.97491729,-0.20403838,0.088907868,0
-0.28700572,-2.722795,0.76927733,0.97491729,-0.20403838,0.088907868,0
-0.2338742,0.3595852,-0.81729883,-0.0027037859,-0.41029271,-0.91194987,0
-0.77868783,-0.45751888,0.028012067,-0.97491729,0.20403838,-0.088907868,0
-0.46579,-0.33458078,0.068019032,-0.97491729,0.20403838,-0.088907868,0
-0.70109546,-2.882535,1.4816859,-0.22255108,-0.88883531,0.40055311,0
0.5427686,3.0673761,-1.4457338,0.22255108,0.88883531,-0.40055311,0
0.21839206,-0.38606185,-0.17179903,-0.0027037859,-0.41029271,-0.91194987,0
-0.78067124,-1.8675199,0.61212993,-0.97491729,0.20403838,-0.088907868,0
1.1544555,3.118432,-1.375963,0.22255108,0.88883531,-0.40055311,0
0.17219853,-1.7673398,1.3171787,0.97491729,-0.20403838,0.088907868,0
0.081208825,-0.85546154,1.0655175,0.0027037859,0.41029271,0.91194987,0
-0.67063093,-3.1065545,1.4889393,-0.22255108,-0.88883531,0.40055311,0
0.7909826,1.7377138,-0.52067566,0.97491729,-0.20403838,0.088907868,0
-1.1725187,-2.9005072,1.6866355,-0.22255108,-0.88883531,0.40055311,0
0.60280013,3.2101431,-1.0335555,0.22255108,0.88883531,-0.40055311,0
0.13181219,-2.0146184,0.52061534,-0.0027037859,-0.41029271,-0.91194987,0
-0.32963336,-3.0505571,1.7869589,-0.22255108,-0.88883531,0.40055311,0
-0.042222619,-2.0898528,1.5770414,0.0027037859,0.41029271,0.91194987,0
0.35381651,3.3232665,-1.3089097,0.22255108,0.88883531,-0.40055311,0
-0.58202922,-0.70835429,-0.31613186,-0.0027037859,-0.41029271,-0.91194987,0
0.48632979,1.7753606,-0.1310848,0.0027037859,0.41029271,0.91194987,0
-0.14534971,-0.20406318,0.49728516,0.0027037859,0.41029271,0.91194987,0
1.0743695,3.1952415,-1.0546381,0.22255108,0.88883531,-0.40055311,0
-0.046622217,-1.7842324,1.0100563,0.97491729,-0.20403838,0.088907868,0
-1.2491466,-3.0819163,0.9058466,-0.97491729,0.20403838,-0.088907868,0
-0.099253833,0.99672824,-0.86820281,-0.97491729,0.20403838,-0.088907868,0
-0.9236868,-3.3388739,1.028801,-0.22255108,-0.88883531,0.40055311,0
-1.1956521,-2.9280481,1.6436505,-0.22255108,-0.88883531,0.40055311,0
-0.6725238,-1.3714595,0.78660464,-0.97491729,0.20403838,-0.088907868,0
0.76656199,1.3648033,0.11449468,0.0027037859,0.41029271,0.91194987,0
-1.0300037,-3.0199304,1.9379623,-0.22255108,-0.88883531,0.40055311,0
-1.2243646,-2.8002384,1.6447098,-0.97491729,0.20403838,-0.088907868,0
-1.1816688,-2.7404764,0.86086607,-0.97491729,0.20403838,-0.088907868,0
-0.12291104,0.55779421,0.23210546,0.0027037859,0.41029271,0.91194987,0
-0.90301752,-1.1214843,0.29418457,-0.97491729,0.20403838,-0.088907868,0
-0.50336552,-1.0645775,1.2459099,0.0027037859,0.41029271,0.91194987,0
-0.15560418,2.0979655,-0.87718701,-0.97491729,0.20403838,-0.088907868,0
0.21123654,-0.30493054,-0.4968912,-0.0027037859,-0.41029271,-0.91194987,0
0.69933438,3.2032619,-1.3961303,0.22255108,0.88883531,-0.40055311,0
1.0492752,2.5103011,-0.89481544,0.97491729,-0.20403838,0.088907868,0
-0.013670001,-1.6844711,0.10494411,0.97491729,-0.20403838,0.088907868,0
-0.010711193,2.4341619,-1.4079077,-0.97491729,0.20403838,-0.088907868,0
0.0096375346,1.6957005,-0.80955863,-0.97491729,0.20403838,-0.088907868,0
-0.63220096,-2.9643002,1.7419698,-0.22255108,-0.88883531,0.40055311,0
