-1.5400078,-0.17600915,-0.62541211,-0.97353166,-0.04434675,-0.22420865,0
1.2407062,-0.36647117,-0.24017817,0.22022852,-0.44435489,-0.86835945,0
1.5179305,-0.5458895,0.10551822,0.97353166,0.04434675,0.22420865,0
1.313562,0.14982131,0.69415706,0.97353166,0.04434675,0.22420865,0
0.45294616,-0.55487216,0.47863024,-0.061119318,-0.8947525,0.44235998,0
-0.10164812,-0.74556118,-0.17588314,-0.061119318,-0.8947525,0.44235998,0
0.93954688,-0.4655568,0.51565737,-0.061119318,-0.8947525,0.44235998,0
-0.83364749,-0.21125551,-0.5718118,0.22022852,-0.44435489,-0.86835945,0
-0.81277817,0.45544806,-0.76110363,0.061119318,0.8947525,-0.44235998,0
1.6520551,0.23052937,0.041091084,0.97353166,0.04434675,0.22420865,0
-1.5879822,0.44640839,-0.22570825,-0.22022852,0.44435489,0.86835945,0
0.011678517,0.67917788,-0.17720467,0.061119318,0.8947525,-0.44235998,0
1.4075682,0.016060412,0.48999476,0.97353166,0.04434675,0.22420865,0
0.32011381,0.33444858,0.45407662,-0.22022852,0.44435489,0.86835945,0
-1.2052436,-0.070409387,-0.68822616,0.22022852,-0.44435489,-0.86835945,0
1.1785264,0.58310229,0.58172578,0.061119318,0.8947525,-0.44235998,0
0.38337964,0.62001562,-0.023404282,0.061119318,0.8947525,-0.44235998,0
1.1613482,-0.20988795,0.64539242,-0.061119318,-0.8947525,0.44235998,0
-1.6407378,0.19532388,-0.32922173,-0.97353166,-0.04434675,-0.22420865,0
1.2285469,-0.4993512,-0.00094985962,0.22022852,-0.44435489,-0.86835945,0
0.37160724,-0.45283186,0.49788466,-0.061119318,-0.8947525,0.44235998,0
1.0521014,0.85410857,0.29194266,0.061119318,0.8947525,-0.44235998,0
-0.96390367,-0.23149183,-0.76775342,0.22022852,-0.44435489,-0.86835945,0
1.6439216,-0.0030635595,0.29650044,0.97353166,0.04434675,0.22420865,0
-1.3296015,-0.29784507,-0.49032921,-0.97353166,-0.04434675,-0.22420865,0
-0.45831698,0.57025766,-0.1585834,0.061119318,0.8947525,-0.44235998,0
0.8982352,-0.33046639,0.35328895,-0.061119318,-0.8947525,0.44235998,0
-1.5438261,-0.42748356,0.22052467,-0.061119318,-0.8947525,0.44235998,0
1.1213623,-0.21647663,0.7705965,-0.061119318,-0.8947525,0.44235998,0
1.3493187,0.4365544,0.67492706,0.97353166,0.04434675,0.22420865,0
-1.4149971,0.1639041,-0.67517889,-0.97353166,-0.04434675,-0.22420865,0
1.0980302,0.00086382031,0.64746141,-0.22022852,0.44435489,0.86835945,0
-0.50198877,-0.40327522,-0.12035377,-0.061119318,-0.8947525,0.44235998,0
1.5791107,0.21142572,0.2938875,0.97353166,0.04434675,0.22420865,0
-0.57526135,-0.32355362,0.4480125,-0.061119318,-0.8947525,0.44235998,0
-1.5644253,0.50415176,-0.08734858,0.061119318,0.8947525,-0.44235998,0
0.58858943,0.12616132,0.76902151,-0.22022852,0.44435489,0.86835945,0
-1.3542215,0.19917655,0.1392951,-0.22022852,0.44435489,0.86835945,0
-0.11908448,0.4863143,-0.14558521,0.061119318,0.8947525,-0.44235998,0
1.3539119,0.19984341,0.18731272,0.97353166,0.04434675,0.22420865,0
-0.85817772,0.22775415,-1.046412,0.22022852,-0.44435489,-0.86835945,0
-1.2198678,0.24024026,-1.0041815,-0.97353166,-0.04434675,-0.22420865,0
1.6210194,0.15315348,0.29748309,0.97353166,0.04434675,0.22420865,0
0.56050307,0.50752789,0.30844519,-0.22022852,0.44435489,0.86835945,0
1.4855629,-0.21430546,0.099749923,0.97353166,0.04434675,0.22420865,0
-0.51499248,-0.18575704,0.6093086,-0.061119318,-0.8947525,0.44235998,0
0.15776241,-0.72332567,-0.35621905,0.22022852,-0.44435489,-0.86835945,0
-0.4251388,0.5951035,0.072046995,0.061119318,0.8947525,-0.44235998,0
1.116733,0.42982703,-0.55862445,0.061119318,0.8947525,-0.44235998,0
-0.021587193,-0.60658467,0.31320411,-0.061119318,-0.8947525,0.44235998,0
-0.004914403,-0.43219319,-0.022662476,-0.061119318,-0.8947525,0.44235998,0
1.4601024,0.066688955,0.32129467,0.97353166,0.04434675,0.22420865,0
1.3402319,0.080272853,-0.011176705,0.97353166,0.04434675,0.22420865,0
-1.5094762,-0.26957637,-0.62176883,-0.97353166,-0.04434675,-0.22420865,0
1.2398875,0.13393557,0.72428608,-0.22022852,0.44435489,0.86835945,0
-0.46845022,-0.20774108,0.26921478,-0.061119318,-0.8947525,0.44235998,0
0.99373639,0.2826544,-0.35425368,0.22022852,-0.44435489,-0.86835945,0
-1.4290352,-0.11393458,-0.45121825,-0.97353166,-0.04434675,-0.22420865,0
-1.3389442,-0.60456693,-0.62253982,-0.97353166,-0.04434675,-0.22420865,0
0.71536988,-0.23557521,0.52799976,-0.061119318,-0.8947525,0.44235998,0
0.77703708,-0.32857752,0.99868631,-0.061119318,-0.8947525,0.44235998,0
-0.95149326,-0.253079,0.55840468,-0.22022852,0.44435489,0.86835945,0
1.3845816,0.19206083,0.23294389,0.97353166,0.04434675,0.22420865,0
-0.39126307,-0.30690867,0.36994511,-0.061119318,-0.8947525,0.44235998,0
-0.0018078536,-0.4536534,-0.23073654,-0.061119318,-0.8947525,0.44235998,0
1.4575249,0.58861309,0.57173604,0.97353166,0.04434675,0.22420865,0
0.76193452,-0.536367,0.056704104,-0.061119318,-0.8947525,0.44235998,0
-0.69148195,-0.23831663,0.39983895,-0.22022852,0.44435489,0.86835945,0
-0.20290115,0.66726065,-0.11589766,0.061119318,0.8947525,-0.44235998,0
-1.2882447,-0.30026236,-0.093669355,-0.061119318,-0.8947525,0.44235998,0
1.128564,0.060145915,-0.28419262,0.22022852,-0.44435489,-0.86835945,0
0.40761146,-0.35683376,0.73501468,-0.061119318,-0.8947525,0.44235998,0
-0.29787689,0.39770508,-0.76934898,0.061119318,0.8947525,-0.44235998,0
1.6022193,0.47352314,0.077548146,0.97353166,0.04434675,0.22420865,0
-0.5508948,0.036484331,0.28225201,-0.22022852,0.44435489,0.86835945,0
-0.20105395,-0.42181891,-0.085835502,-0.061119318,-0.8947525,0.44235998,0
1.3181899,0.011839718,0.86900532,0.97353166,0.04434675,0.22420865,0
0.54404813,0.32504949,-0.53398693,0.061119318,0.8947525,-0.44235998,0
-1.5514287,0.26013017,-0.19514966,-0.97353166,-0.04434675,-0.22420865,0
0.54076016,0.42349643,-0.31897679,0.061119318,0.8947525,-0.44235998,0
1.3542953,0.21140566,0.65896285,-0.22022852,0.44435489,0.86835945,0
-0.94476056,0.48074329,0.20546097,-0.22022852,0.44435489,0.86835945,0
1.223737,0.516366,-0.36450544,0.061119318,0.8947525,-0.44235998,0
0.8807534,0.26402313,-0.4754864,0.22022852,-0.44435489,-0.86835945,0
1.2480916,0.56304395,0.34240395,0.97353166,0.04434675,0.22420865,0
-0.57055825,0.6855396,0.23498118,0.061119318,0.8947525,-0.44235998,0
-1.1286101,0.61971629,0.15492022,-0.22022852,0.44435489,0.86835945,0
1.3723422,-0.50668412,-0.059840679,0.22022852,-0.44435489,-0.86835945,0
0.095589407,-0.23183142,-0.25711861,0.22022852,-0.44435489,-0.86835945,0
1.1929243,0.55992329,0.639368,-0.22022852,0.44435489,0.86835945,0
-0.26890296,-0.62937659,-0.20108208,-0.061119318,-0.8947525,0.44235998,0
-0.90420043,0.28859365,0.091646075,-0.22022852,0.44435489,0.86835945,0
-0.10586221,0.35049734,0.409365,-0.22022852,0.44435489,0.86835945,0
1.5063324,0.55547523,0.55894846,0.061119318,0.8947525,-0.44235998,0
0.95702541,-0.67805809,-0.090097725,0.22022852,-0.44435489,-0.86835945,0
-0.16563582,0.68434352,-0.22104624,0.061119318,0.8947525,-0.44235998,0
0.94173729,-0.65291017,-0.14501178,-0.061119318,-0.8947525,0.44235998,0
-0.045171678,-0.26238182,0.49989176,-0.22022852,0.44435489,0.86835945,0
1.3806829,0.76754779,0.1829434,0.061119318,0.8947525,-0.44235998,0
0.85006398,0.64341915,0.15070322,0.061119318,0.8947525,-0.44235998,0
1.4634616,0.27713618,0.38441837,0.97353166,0.04434675,0.22420865,0
-1.3660762,0.38031542,-0.4272505,-0.97353166,-0.04434675,-0.22420865,0
1.2863762,-0.60394502,0.44462883,-0.061119318,-0.8947525,0.44235998,0
-0.027376473,0.1405552,0.49684465,-0.22022852,0.44435489,0.86835945,0
-1.0007359,0.51419193,-0.46405506,0.061119318,0.8947525,-0.44235998,0
1.2270641,0.31042641,-0.29652119,0.061119318,0.8947525,-0.44235998,0
-1.6589906,-0.26873916,-0.22154331,-0.97353166,-0.04434675,-0.22420865,0
-0.31409821,-0.20587918,0.50754511,-0.22022852,0.44435489,0.86835945,0
-0.0023530722,0.59012246,-0.12726596,0.061119318,0.8947525,-0.44235998,0
-0.81031859,0.20575303,0.23069531,-0.22022852,0.44435489,0.86835945,0
1.6366484,-0.19646984,0.46056306,0.97353166,0.04434675,0.22420865,0
-1.2348843,-0.038943678,-0.70801616,-0.97353166,-0.04434675,-0.22420865,0
-1.4632132,0.62084275,-0.28523386,0.061119318,0.8947525,-0.44235998,0
1.2701041,0.1945954,-0.18687624,0.061119318,0.8947525,-0.44235998,0
-0.62049478,-0.35884863,0.48902333,-0.061119318,-0.8947525,0.44235998,0
-1.1468937,-0.27182037,-0.68369836,0.22022852,-0.44435489,-0.86835945,0
0.39223158,-0.58177215,0.36824507,-0.061119318,-0.8947525,0.44235998,0
1.4041922,-0.050140172,0.68553281,0.97353166,0.04434675,0.22420865,0
0.29689869,-0.39018676,-0.29692975,0.22022852,-0.44435489,-0.86835945,0
-1.1088578,-0.5503419,0.19901538,-0.061119318,-0.8947525,0.44235998,0
-0.36205056,0.52051413,-0.47789323,0.061119318,0.8947525,-0.44235998,0
-0.39204338,-0.6565907,-0.046008408,-0.061119318,-0.8947525,0.44235998,0
-1.3385082,0.13028759,0.087637663,-0.22022852,0.44435489,0.86835945,0
-0.72986847,0.36230639,-0.065325141,0.061119318,0.8947525,-0.44235998,0
-1.5755249,-0.00054085255,-0.5268805,-0.97353166,-0.04434675,-0.22420865,0
0.25793526,0.4555836,0.42178753,-0.22022852,0.44435489,0.86835945,0
-1.3551278,-0.28031686,-0.50175589,-0.97353166,-0.04434675,-0.22420865,0
1.2927349,0.65469563,0.59651023,0.97353166,0.04434675,0.22420865,0
1.56199,0.40217733,-0.54304814,0.061119318,0.8947525,-0.44235998,0
-1.6054019,-0.28559661,-0.17892182,-0.97353166,-0.04434675,-0.22420865,0
1.1284856,-0.36708987,-0.31308895,0.22022852,-0.44435489,-0.86835945,0
0.032534264,0.53660131,0.35663921,-0.22022852,0.44435489,0.86835945,0
0.77035832,0.27015027,0.61712587,-0.22022852,0.44435489,0.86835945,0
-0.05621171,-0.54276562,-0.18835965,-0.061119318,-0.8947525,0.44235998,0
1.4825764,0.89340985,0.63203043,0.97353166,0.04434675,0.22420865,0
-1.4005281,-0.0026655793,0.33839446,-0.22022852,0.44435489,0.86835945,0
0.97188139,-0.32970151,0.17208672,-0.061119318,-0.8947525,0.44235998,0
1.2244869,0.6177367,0.46401966,-0.22022852,0.44435489,0.86835945,0
1.5194507,-0.10884094,0.74305475,0.97353166,0.04434675,0.22420865,0
1.0389986,0.25035647,-0.21439457,0.061119318,0.8947525,-0.44235998,0
-1.5093338,-0.2093876,0.0065169334,-0.97353166,-0.04434675,-0.22420865,0
1.068861,-0.39519128,0.81892967,-0.061119318,-0.8947525,0.44235998,0
-1.6595575,0.392856,-0.016918659,-0.97353166,-0.04434675,-0.22420865,0
-1.5554732,0.26693809,-0.67244387,-0.97353166,-0.04434675,-0.22420865,0
1.5877142,0.24620527,0.016079664,0.97353166,0.04434675,0.22420865,0
-1.5761888,-0.10712963,0.13032508,-0.22022852,0.44435489,0.86835945,0
-0.99849474,-0.25894991,-0.60579729,0.22022852,-0.44435489,-0.86835945,0
-0.02855581,-0.5344829,0.10657205,-0.061119318,-0.8947525,0.44235998,0
-1.21771,0.47618538,-0.08611691,-0.22022852,0.44435489,0.86835945,0
1.5147274,0.38788855,0.55211473,0.97353166,0.04434675,0.22420865,0
1.1028271,0.56542903,0.44256169,0.061119318,0.8947525,-0.44235998,0
0.79585338,0.63137954,0.30440229,-0.22022852,0.44435489,0.86835945,0
1.4681776,0.38186797,0.25650179,0.97353166,0.04434675,0.22420865,0
-0.99183929,-0.44621167,0.35938147,-0.061119318,-0.8947525,0.44235998,0
-1.2299237,0.55343914,-0.26774466,0.061119318,0.8947525,-0.44235998,0
1.251561,-0.14910042,-0.071614385,0.22022852,-0.44435489,-0.86835945,0
-0.15519747,0.37004784,-0.25174567,0.061119318,0.8947525,-0.44235998,0
-0.75808072,-0.37117076,-0.64722049,0.22022852,-0.44435489,-0.86835945,0
-1.400978,0.098026335,0.25397408,-0.22022852,0.44435489,0.86835945,0
0.40237623,0.43980676,0.32153642,-0.22022852,0.44435489,0.86835945,0
1.3381262,0.35306954,0.36649919,0.97353166,0.04434675,0.22420865,0
0.10890621,-0.30936533,0.27929109,-0.061119318,-0.8947525,0.44235998,0
1.0495446,0.5214572,-0.012955427,0.061119318,0.8947525,-0.44235998,0
1.3643231,0.094514519,0.55700648,0.97353166,0.04434675,0.22420865,0
-1.4889517,-0.75607777,-0.39978766,-0.061119318,-0.8947525,0.44235998,0
-1.4923344,-0.09660995,0.25438714,-0.97353166,-0.04434675,-0.22420865,0
-0.91345274,0.24743202,-0.80421722,0.061119318,0.8947525,-0.44235998,0
0.58571094,0.50300062,-0.4274506,0.061119318,0.8947525,-0.44235998,0
-1.312454,0.75624657,-0.12735665,0.061119318,0.8947525,-0.44235998,0
0.86033481,-0.44593963,0.53951293,-0.061119318,-0.8947525,0.44235998,0
-1.3334097,-0.29551435,0.49123722,-0.061119318,-0.8947525,0.44235998,0
1.4916978,0.12971157,0.093229055,0.97353166,0.04434675,0.22420865,0
-1.3740842,0.089506626,-0.06943357,-0.97353166,-0.04434675,-0.22420865,0
-1.4715954,0.099759817,-0.18740177,-0.97353166,-0.04434675,-0.22420865,0
-1.2764101,-0.16276431,-0.56787968,-0.97353166,-0.04434675,-0.22420865,0
0.97102529,-0.21786904,-0.098077893,0.22022852,-0.44435489,-0.86835945,0
-0.59909004,0.68228793,-0.25363946,0.061119318,0.8947525,-0.44235998,0
1.2742724,-0.29253721,-0.14600134,0.22022852,-0.44435489,-0.86835945,0
-1.7368468,-0.073052406,0.019097924,-0.97353166,-0.04434675,-0.22420865,0
-1.4930055,-0.084258378,-0.1085974,-0.97353166,-0.04434675,-0.22420865,0
-1.4492822,0.41931546,-0.078875065,-0.97353166,-0.04434675,-0.22420865,0
0.14652985,0.051518857,0.80328369,-0.22022852,0.44435489,0.86835945,0
-1.373523,-0.27119687,-0.4771384,-0.97353166,-0.04434675,-0.22420865,0
0.78048772,0.63818878,0.34747574,0.061119318,0.8947525,-0.44235998,0
-1.3356495,-0.58130735,-0.39351344,-0.97353166,-0.04434675,-0.22420865,0
0.47378016,0.30829251,-0.52323365,0.061119318,0.8947525,-0.44235998,0
1.3184073,-0.32140666,0.27791679,0.97353166,0.04434675,0.22420865,0
-0.25866449,-0.38671851,0.014222071,-0.061119318,-0.8947525,0.44235998,0
1.3376839,0.48447636,0.30657649,0.061119318,0.8947525,-0.44235998,0
1.4262122,0.19107497,-0.20505124,0.22022852,-0.44435489,-0.86835945,0
0.97054756,0.46398818,0.051853776,0.061119318,0.8947525,-0.44235998,0
-0.96066469,-0.62684989,-0.35229921,-0.061119318,-0.8947525,0.44235998,0
0.78085911,0.40484264,0.61890662,-0.22022852,0.44435489,0.86835945,0
0.627918,-0.75178415,-0.14620626,0.22022852,-0.44435489,-0.86835945,0
-0.021498203,-0.55380547,-0.26170287,-0.061119318,-0.8947525,0.44235998,0
0.24983314,0.535097,0.094575167,0.061119318,0.8947525,-0.44235998,0
0.99250811,0.53332889,0.47088003,-0.22022852,0.44435489,0.86835945,0
0.83726293,0.25127345,-0.66753048,0.22022852,-0.44435489,-0.86835945,0
-1.3989801,-0.3200371,-0.26288557,-0.97353166,-0.04434675,-0.22420865,0
1.2201897,0.43855634,-0.099694729,0.061119318,0.8947525,-0.44235998,0
-1.6497097,0.19267452,-0.27549899,-0.97353166,-0.04434675,-0.22420865,0
1.2716544,0.44146237,0.45274293,0.97353166,0.04434675,0.22420865,0
-1.0746038,0.24283475,-0.69690049,0.061119318,0.8947525,-0.44235998,0
0.15486175,-0.43068439,0.58066154,-0.061119318,-0.8947525,0.44235998,0
0.47919786,0.59914857,0.33569998,-0.22022852,0.44435489,0.86835945,0
1.5135593,-0.19032151,0.63020647,0.97353166,0.04434675,0.22420865,0
0.075395018,-0.59486246,-0.0058459342,-0.061119318,-0.8947525,0.44235998,0
-0.65522194,0.41675699,0.027016521,-0.22022852,0.44435489,0.86835945,0
-1.1443878,0.5274564,-0.31466508,0.061119318,0.8947525,-0.44235998,0
1.2776266,0.50029814,0.36694342,0.97353166,0.04434675,0.22420865,0
1.5862212,-0.10764682,0.27708602,0.97353166,0.04434675,0.22420865,0
-1.1294675,0.2389383,-0.50985897,0.061119318,0.8947525,-0.44235998,0
1.2245293,-0.0075088143,0.62442172,0.97353166,0.04434675,0.22420865,0
1.2570161,-0.44685787,0.068089366,-0.061119318,-0.8947525,0.44235998,0
1.2138324,0.53553396,0.12544882,0.061119318,0.8947525,-0.44235998,0
0.55618101,-0.4135834,-0.39104638,0.22022852,-0.44435489,-0.86835945,0
0.437388,-0.25723076,0.42813364,-0.061119318,-0.8947525,0.44235998,0
0.99162227,-0.37377584,-0.13066554,0.22022852,-0.44435489,-0.86835945,0
-1.5154324,0.033517838,-0.14707887,-0.97353166,-0.04434675,-0.22420865,0
1.2130787,-0.056773692,0.80171371,-0.061119318,-0.8947525,0.44235998,0
1.3029811,0.21302265,-0.11167294,0.061119318,0.8947525,-0.44235998,0
1.5569396,0.14643887,0.76184714,0.97353166,0.04434675,0.22420865,0
-1.0516884,0.18352281,-0.71368849,0.061119318,0.8947525,-0.44235998,0
0.95047426,0.15034336,0.61000276,-0.22022852,0.44435489,0.86835945,0
-1.3574047,-0.74922359,-0.44223803,-0.061119318,-0.8947525,0.44235998,0
-0.18128082,0.12285718,0.50421166,-0.22022852,0.44435489,0.86835945,0
1.435587,0.090723932,-0.44554269,0.22022852,-0.44435489,-0.86835945,0
0.43965966,-0.11703742,-0.21673778,0.22022852,-0.44435489,-0.86835945,0
-1.5159714,-0.52512038,-0.41212928,-0.97353166,-0.04434675,-0.22420865,0
0.13010159,-0.11581379,-0.35905302,0.22022852,-0.44435489,-0.86835945,0
1.7060524,0.31923741,-0.32915223,0.97353166,0.04434675,0.22420865,0
1.5233071,-0.18028381,0.72442377,0.97353166,0.04434675,0.22420865,0
-0.30700034,0.16606614,0.55647337,-0.22022852,0.44435489,0.86835945,0
-0.47407418,0.48457608,0.17120117,-0.22022852,0.44435489,0.86835945,0
1.4390883,-0.013610542,0.52159178,0.97353166,0.04434675,0.22420865,0
-0.018785968,-0.30163863,-0.52897888,0.22022852,-0.44435489,-0.86835945,0
0.46343684,0.32564089,0.042162538,0.061119318,0.8947525,-0.44235998,0
1.4169805,-0.27563131,0.5759747,0.97353166,0.04434675,0.22420865,0
-1.3477017,-0.83854651,-0.54277611,-0.97353166,-0.04434675,-0.22420865,0
1.0215913,-0.039027147,1.0301822,-0.22022852,0.44435489,0.86835945,0
0.0071361959,0.24056384,-0.36305159,0.061119318,0.8947525,-0.44235998,0
-0.75610173,0.64075035,0.2686857,-0.22022852,0.44435489,0.86835945,0
-1.3662481,0.25172406,-0.076623082,-0.22022852,0.44435489,0.86835945,0
-1.4852771,0.31500173,-0.5128845,-0.97353166,-0.04434675,-0.22420865,0
0.079841763,-0.071380764,0.61862272,-0.22022852,0.44435489,0.86835945,0
0.53650141,-0.42459002,-0.26959538,0.22022852,-0.44435489,-0.86835945,0
-1.5223238,-0.50730503,-0.35174227,-0.97353166,-0.04434675,-0.22420865,0
-1.3682592,-0.34570563,0.13524252,-0.061119318,-0.8947525,0.44235998,0
-1.2062061,-0.10900745,-0.78483588,-0.97353166,-0.04434675,-0.22420865,0
-1.2890116,0.039267361,-0.90864313,-0.97353166,-0.04434675,-0.22420865,0
1.3083811,-0.010345101,0.49817538,0.97353166,0.04434675,0.22420865,0
1.6165397,-0.30155718,0.10545743,0.97353166,0.04434675,0.22420865,0
0.45973897,-0.43937784,0.33356804,-0.061119318,-0.8947525,0.44235998,0
-1.640429,-0.34637874,-0.28003728,-0.97353166,-0.04434675,-0.22420865,0
-1.4179292,-0.59632164,-0.69282174,0.22022852,-0.44435489,-0.86835945,0
1.4711242,-0.41074026,0.6810261,0.97353166,0.04434675,0.22420865,0
-1.1811284,-0.64065599,-0.4193961,-0.061119318,-0.8947525,0.44235998,0
0.60041833,0.47573,0.30774876,-0.22022852,0.44435489,0.86835945,0
-1.0944257,-0.47913849,0.30718145,-0.061119318,-0.8947525,0.44235998,0
0.43218714,-0.68044621,0.037848711,-0.061119318,-0.8947525,0.44235998,0
-1.1597015,-0.46492249,0.35601401,-0.22022852,0.44435489,0.86835945,0
0.81488127,-0.17114401,-0.4791716,0.22022852,-0.44435489,-0.86835945,0
-1.3638943,0.010465026,-0.18866134,-0.97353166,-0.04434675,-0.22420865,0
1.2926028,-0.20908827,0.43115413,0.97353166,0.04434675,0.22420865,0
-1.2587858,-0.34781855,-0.46067309,-0.97353166,-0.04434675,-0.22420865,0
1.2021074,-0.16903469,0.72964275,0.97353166,0.04434675,0.22420865,0
0.013908803,-0.10155995,0.6428169,-0.061119318,-0.8947525,0.44235998,0
1.2568709,-0.20997953,0.80108893,-0.061119318,-0.8947525,0.44235998,0
1.4926353,-0.24749386,0.26691639,0.97353166,0.04434675,0.22420865,0
1.1905656,0.59730285,0.45250815,-0.22022852,0.44435489,0.86835945,0
-1.4049546,0.031284094,0.092730403,-0.97353166,-0.04434675,-0.22420865,0
1.3605566,-0.083508432,0.88484395,0.97353166,0.04434675,0.22420865,0
-0.32597342,0.43042219,-0.14053702,0.061119318,0.8947525,-0.44235998,0
1.6041068,0.42030597,0.16284239,0.97353166,0.04434675,0.22420865,0
0.77385247,0.077779233,-0.55050349,0.22022852,-0.44435489,-0.86835945,0
0.11557157,0.22205625,0.50635469,-0.22022852,0.44435489,0.86835945,0
-1.4902999,0.10594195,-0.3490454,-0.97353166,-0.04434675,-0.22420865,0
-1.0774903,0.24683124,-0.014090776,-0.22022852,0.44435489,0.86835945,0
-1.2218511,0.045707077,-0.61631256,-0.97353166,-0.04434675,-0.22420865,0
0.90479052,-0.63213789,-0.0074326992,0.22022852,-0.44435489,-0.86835945,0
1.3069797,0.056450725,0.11814606,0.97353166,0.04434675,0.22420865,0
1.3388811,0.41756895,0.18711966,0.97353166,0.04434675,0.22420865,0
1.0052997,0.6342386,0.37405175,-0.22022852,0.44435489,0.86835945,0
0.67263341,0.35664171,0.045819104,0.061119318,0.8947525,-0.44235998,0
-0.052148342,0.11678809,0.44013494,-0.22022852,0.44435489,0.86835945,0
1.5698091,0.018177807,0.3629967,0.97353166,0.04434675,0.22420865,0
1.4976132,-0.14507723,0.36995816,0.97353166,0.04434675,0.22420865,0
0.4542762,-0.29534239,-0.51287019,0.22022852,-0.44435489,-0.86835945,0
-1.4698546,0.29684401,-1.109,-0.97353166,-0.04434675,-0.22420865,0
-1.4013857,-0.22731519,-0.197932,-0.97353166,-0.04434675,-0.22420865,0
-1.0549854,-0.26828128,0.28627712,-0.061119318,-0.8947525,0.44235998,0
0.67147607,0.70759606,0.55795401,-0.22022852,0.44435489,0.86835945,0
-1.4191592,-0.41710436,0.063803196,-0.97353166,-0.04434675,-0.22420865,0
-1.3975989,0.022398889,-0.019011378,-0.97353166,-0.04434675,-0.22420865,0
1.3184525,-0.091488257,1.1525949,-0.061119318,-0.8947525,0.44235998,0
-1.7057246,-0.3488968,0.26339984,-0.97353166,-0.04434675,-0.22420865,0
1.3586473,-0.083265901,0.77593625,-0.22022852,0.44435489,0.86835945,0
-1.5863128,-0.44466561,0.089843392,-0.061119318,-0.8947525,0.44235998,0
-1.4889721,0.47049677,0.038929343,-0.22022852,0.44435489,0.86835945,0
0.23604584,0.56604624,0.24563053,-0.22022852,0.44435489,0.86835945,0
0.062349886,-0.37753826,0.30935216,-0.061119318,-0.8947525,0.44235998,0
-1.3976965,-0.033128947,-0.62125933,-0.97353166,-0.04434675,-0.22420865,0
1.7308222,0.16508251,-0.19694757,0.97353166,0.04434675,0.22420865,0
-0.0044562519,-0.14600635,-0.5531894,0.22022852,-0.44435489,-0.86835945,0
1.370424,-0.47573054,0.22134197,0.22022852,-0.44435489,-0.86835945,0
0.81402171,-0.18378276,-0.40386415,0.22022852,-0.44435489,-0.86835945,0
-1.3736706,-0.075379074,0.37436134,-0.22022852,0.44435489,0.86835945,0
-1.488709,-0.3516821,-0.53834391,-0.97353166,-0.04434675,-0.22420865,0
0.41391727,0.82236081,0.18409722,0.061119318,0.8947525,-0.44235998,0
-0.6119743,-0.51308542,-0.45393893,0.22022852,-0.44435489,-0.86835945,0
0.99765253,-0.6477716,0.31799304,-0.061119318,-0.8947525,0.44235998,0
1.702503,-0.44850749,0.0062053204,0.97353166,0.04434675,0.22420865,0
-1.3022064,-0.064703703,0.084510207,-0.22022852,0.44435489,0.86835945,0
0.90169567,0.13597107,0.72502232,-0.22022852,0.44435489,0.86835945,0
1.3456373,0.39673749,0.78840405,0.97353166,0.04434675,0.22420865,0
-1.589847,-0.34090459,-0.068138599,-0.97353166,-0.04434675,-0.22420865,0
-0.36537206,0.71824807,-0.015625238,0.061119318,0.8947525,-0.44235998,0
1.1063162,0.69565493,0.14650357,0.061119318,0.8947525,-0.44235998,0
-0.13116175,-0.20449172,0.46567792,-0.22022852,0.44435489,0.86835945,0
0.38287061,0.31828672,-0.21459198,0.061119318,0.8947525,-0.44235998,0
-0.11402231,-0.54895973,-0.024368204,-0.061119318,-0.8947525,0.44235998,0
-0.137914,-0.097775102,-0.53146356,0.22022852,-0.44435489,-0.86835945,0
1.3981466,-0.12735063,0.43610871,0.97353166,0.04434675,0.22420865,0
-1.4194448,0.12619454,-0.50104046,-0.97353166,-0.04434675,-0.22420865,0
-1.4446459,0.39517266,-0.41973019,-0.97353166,-0.04434675,-0.22420865,0
1.2098907,0.67906183,0.27991521,0.061119318,0.8947525,-0.44235998,0
-1.5909215,-0.14171624,-0.04816556,-0.97353166,-0.04434675,-0.22420865,0
0.29510665,-0.50741506,-0.13135171,0.22022852,-0.44435489,-0.86835945,0
-1.6670924,-0.23740929,-0.29183257,-0.97353166,-0.04434675,-0.22420865,0
-1.3756003,0.44337696,-0.13994098,-0.97353166,-0.04434675,-0.22420865,0
-1.659785,0.25140762,-0.30079293,-0.97353166,-0.04434675,-0.22420865,0
-1.3034551,0.28237385,-0.72112334,-0.97353166,-0.04434675,-0.22420865,0
1.3799968,0.29065636,0.74435824,0.97353166,0.04434675,0.22420865,0
1.2582414,-0.16637081,0.54777467,-0.061119318,-0.8947525,0.44235998,0
-0.52633023,0.27752617,-0.79821092,0.22022852,-0.44435489,-0.86835945,0
0.98463738,0.59093469,0.75330824,-0.22022852,0.44435489,0.86835945,0
-0.65101373,-0.59305,-0.33429641,-0.061119318,-0.8947525,0.44235998,0
-1.3263156,-0.61953598,-0.050892293,-0.061119318,-0.8947525,0.44235998,0
1.5480559,0.68673319,0.53140277,0.97353166,0.04434675,0.22420865,0
0.90403438,-0.21335845,0.74733222,-0.061119318,-0.8947525,0.44235998,0
-0.64970577,0.31380767,-0.57819593,0.061119318,0.8947525,-0.44235998,0
0.094349444,-0.75182122,-0.046332747,-0.061119318,-0.8947525,0.44235998,0
1.5436172,-0.61545587,0.28249156,0.97353166,0.04434675,0.22420865,0
-0.01690346,0.43419105,-0.53149915,0.061119318,0.8947525,-0.44235998,0
-0.87025702,-0.6353786,-0.31919435,-0.061119318,-0.8947525,0.44235998,0
-1.5768708,-0.1008364,0.32505679,-0.97353166,-0.04434675,-0.22420865,0
0.091817677,0.26989943,0.595258,-0.22022852,0.44435489,0.86835945,0
-1.3398045,0.27066451,-0.46757722,-0.97353166,-0.04434675,-0.22420865,0
-1.4677881,0.13745815,-0.010716438,-0.97353166,-0.04434675,-0.22420865,0
0.7862376,-0.37547866,-0.055983603,0.22022852,-0.44435489,-0.86835945,0
-1.4842279,0.10409117,-0.43120122,-0.97353166,-0.04434675,-0.22420865,0
-1.1580434,0.48537868,-0.25081992,0.061119318,0.8947525,-0.44235998,0
-1.5712657,-0.197393,-0.27976048,-0.97353166,-0.04434675,-0.22420865,0
1.3502659,0.73483109,0.31745332,-0.22022852,0.44435489,0.86835945,0
0.7482698,-0.32125711,-0.039166152,0.22022852,-0.44435489,-0.86835945,0
-1.476398,-0.54098445,-0.36382043,-0.97353166,-0.04434675,-0.22420865,0
-1.173068,-0.47986978,-0.26590818,-0.061119318,-0.8947525,0.44235998,0
-1.3543864,-0.32172528,-0.40263593,-0.97353166,-0.04434675,-0.22420865,0
-1.4122835,-0.003131032,-0.22869051,-0.97353166,-0.04434675,-0.22420865,0
-1.1623862,-0.37160593,0.084457338,-0.061119318,-0.8947525,0.44235998,0
-1.1632435,0.28706431,-0.072972417,-0.22022852,0.44435489,0.86835945,0
0.74109793,0.7653473,0.147232,0.061119318,0.8947525,-0.44235998,0
1.3749726,0.12827468,0.67767596,0.97353166,0.04434675,0.22420865,0
-1.4211488,0.42996693,-0.29449582,0.061119318,0.8947525,-0.44235998,0
-0.84845263,-0.65649045,-0.3084842,0.22022852,-0.44435489,-0.86835945,0
1.4258125,0.13912672,-0.27942979,0.97353166,0.04434675,0.22420865,0
0.91270542,0.017180592,0.66621757,-0.22022852,0.44435489,0.86835945,0
0.092308164,-0.094979137,0.70855206,-0.061119318,-0.8947525,0.44235998,0
0.95095485,-0.40958765,0.61679035,-0.061119318,-0.8947525,0.44235998,0
-0.79118687,-0.11256796,0.43000889,-0.061119318,-0.8947525,0.44235998,0
-1.2953289,-0.025711626,-0.95254987,-0.97353166,-0.04434675,-0.22420865,0
1.2493732,0.25857711,0.45406955,0.97353166,0.04434675,0.22420865,0
-1.4948406,-0.26771015,0.46836823,-0.97353166,-0.04434675,-0.22420865,0
-0.42129374,0.10771125,-0.67399651,0.061119318,0.8947525,-0.44235998,0
-1.1381224,0.34081176,-0.7293179,0.061119318,0.8947525,-0.44235998,0
-1.3732231,-0.063048065,0.049473047,-0.97353166,-0.04434675,-0.22420865,0
-1.3843904,0.20376378,-0.088814497,-0.97353166,-0.04434675,-0.22420865,0
-1.4729564,0.07492274,0.1604526,-0.97353166,-0.04434675,-0.22420865,0
-1.5724661,0.46282947,-0.39031196,-0.97353166,-0.04434675,-0.22420865,0
-1.4571356,-0.15230617,-0.66923916,-0.97353166,-0.04434675,-0.22420865,0
-0.020532072,-0.19330329,0.66730893,-0.061119318,-0.8947525,0.44235998,0
0.1330345,-0.092189491,0.69082153,-0.22022852,0.44435489,0.86835945,0
-1.4601612,0.68089253,-0.3028177,-0.97353166,-0.04434675,-0.22420865,0
0.39772078,-0.17530751,-0.54320121,0.22022852,-0.44435489,-0.86835945,0
-1.0295482,0.02589041,-0.74970734,0.22022852,-0.44435489,-0.86835945,0
-0.7688185,-0.23935297,-0.87186742,0.22022852,-0.44435489,-0.86835945,0
-1.0202979,0.21765453,0.29582864,-0.22022852,0.44435489,0.86835945,0
-1.6708751,0.37404865,-0.29185426,-0.97353166,-0.04434675,-0.22420865,0
0.45559797,-0.56333852,0.50278872,-0.061119318,-0.8947525,0.44235998,0
0.48756939,-0.076964244,0.73564684,-0.061119318,-0.8947525,0.44235998,0
1.1390586,0.11678867,0.76683009,-0.22022852,0.44435489,0.86835945,0
-0.34258538,-0.47983915,-0.31188795,0.22022852,-0.44435489,-0.86835945,0
0.97768426,0.63870835,0.088499248,0.061119318,0.8947525,-0.44235998,0
1.1715569,-0.14157242,1.0697712,-0.061119318,-0.8947525,0.44235998,0
0.52734077,0.52119422,0.42894936,-0.22022852,0.44435489,0.86835945,0
-1.1236196,0.37979379,-0.29964781,0.061119318,0.8947525,-0.44235998,0
1.4605017,0.50762385,0.30903208,0.97353166,0.04434675,0.22420865,0
-0.8558355,-0.55095547,-0.10216156,-0.061119318,-0.8947525,0.44235998,0
1.5086147,0.38760474,0.1410147,0.97353166,0.04434675,0.22420865,0
-1.3240321,-0.36955416,-0.6099937,-0.97353166,-0.04434675,-0.22420865,0
-0.63214898,-0.088451959,-0.48393634,0.22022852,-0.44435489,-0.86835945,0
0.84421015,-0.52340353,0.095001161,-0.061119318,-0.8947525,0.44235998,0
-1.0723352,-0.57687962,-0.02247411,-0.061119318,-0.8947525,0.44235998,0
1.0523481,0.73098552,0.40216345,0.061119318,0.8947525,-0.44235998,0
-0.4136802,0.3058767,-0.4057219,0.061119318,0.8947525,-0.44235998,0
1.3865066,-0.41714388,0.34032762,0.97353166,0.04434675,0.22420865,0
-0.56529218,-0.35174531,-0.072475016,-0.061119318,-0.8947525,0.44235998,0
-0.44835609,-0.84837812,-0.33783913,0.22022852,-0.44435489,-0.86835945,0
-1.4407139,-0.074208379,0.44018757,-0.22022852,0.44435489,0.86835945,0
-0.42014706,-0.70514858,-0.37634835,0.22022852,-0.44435489,-0.86835945,0
1.2505183,-0.10638043,0.4690237,0.97353166,0.04434675,0.22420865,0
-0.69250643,0.64911979,-0.32794863,0.061119318,0.8947525,-0.44235998,0
-1.0348272,-0.49157563,0.13146716,-0.061119318,-0.8947525,0.44235998,0
-1.3722613,0.4342925,-0.42377377,-0.97353166,-0.04434675,-0.22420865,0
1.249372,-0.10475332,0.68483496,0.97353166,0.04434675,0.22420865,0
-0.078713745,-0.14095642,-0.38549477,0.22022852,-0.44435489,-0.86835945,0
1.3148503,-0.18062881,0.51552582,0.97353166,0.04434675,0.22420865,0
0.79879922,0.3840183,-0.096258402,0.061119318,0.8947525,-0.44235998,0
-0.13560337,-0.38724303,-0.2836557,0.22022852,-0.44435489,-0.86835945,0
-1.7070538,-0.44640666,0.044905543,-0.97353166,-0.04434675,-0.22420865,0
0.038913161,0.73350275,0.082746729,0.061119318,0.8947525,-0.44235998,0
0.65613568,-0.50576514,-0.27588087,0.22022852,-0.44435489,-0.86835945,0
-0.50627881,0.13366121,0.48717141,-0.22022852,0.44435489,0.86835945,0
-0.67453361,-0.56422752,0.046879202,-0.061119318,-0.8947525,0.44235998,0
1.3245312,-0.020814419,0.1179328,0.97353166,0.04434675,0.22420865,0
1.0187355,-0.29858282,1.0875174,-0.061119318,-0.8947525,0.44235998,0
0.80054653,-0.31595725,-0.41477692,0.22022852,-0.44435489,-0.86835945,0
-1.5515975,0.036493123,-0.7968719,-0.97353166,-0.04434675,-0.22420865,0
0.50286239,0.10948482,-0.45778635,0.061119318,0.8947525,-0.44235998,0
-0.83083487,-0.055109382,0.45991668,-0.22022852,0.44435489,0.86835945,0
1.460149,-0.15205219,0.8501097,0.97353166,0.04434675,0.22420865,0
1.4469861,0.073872864,0.25203478,0.97353166,0.04434675,0.22420865,0
-1.4249264,0.19239423,-0.84407282,-0.97353166,-0.04434675,-0.22420865,0
1.5983438,-0.26708323,0.36716688,0.97353166,0.04434675,0.22420865,0
1.5949335,-0.045894384,0.11507905,0.97353166,0.04434675,0.22420865,0
1.5467777,0.15070358,0.8117944,0.97353166,0.04434675,0.22420865,0
1.3835139,0.091495514,0.14778948,0.97353166,0.04434675,0.22420865,0
-0.99776322,-0.52063227,-0.73242378,0.22022852,-0.44435489,-0.86835945,0
1.0195113,0.63649815,0.34389871,-0.22022852,0.44435489,0.86835945,0
0.96774852,-0.42292309,0.21761048,-0.061119318,-0.8947525,0.44235998,0
1.6723022,-0.56706256,0.30450797,0.97353166,0.04434675,0.22420865,0
0.010757878,0.39104652,0.23264965,-0.22022852,0.44435489,0.86835945,0
-1.3779558,-0.81653959,-0.62237853,0.22022852,-0.44435489,-0.86835945,0
-1.4777887,-0.084367305,-0.87768579,-0.97353166,-0.04434675,-0.22420865,0
-0.46839097,0.40898007,-0.47609216,0.061119318,0.8947525,-0.44235998,0
-1.1373752,-0.56604737,-0.18828237,-0.061119318,-0.8947525,0.44235998,0
-0.91104251,-0.20861095,0.1652627,-0.061119318,-0.8947525,0.44235998,0
0.29944038,0.47091159,-0.21371253,0.061119318,0.8947525,-0.44235998,0
-0.12599021,0.43898618,-0.49890053,0.061119318,0.8947525,-0.44235998,0
-0.76959431,-0.30725098,-0.74761975,0.22022852,-0.44435489,-0.86835945,0
1.3156685,0.012264013,0.10647869,0.97353166,0.04434675,0.22420865,0
0.56832933,0.19038947,0.62278068,-0.22022852,0.44435489,0.86835945,0
0.57968646,-0.71377718,0.052769244,-0.061119318,-0.8947525,0.44235998,0
-1.5452132,-0.28339216,-0.50919497,-0.97353166,-0.04434675,-0.22420865,0
1.0307376,-0.53332454,-0.023573041,-0.061119318,-0.8947525,0.44235998,0
0.20773789,0.42444396,-0.12002143,0.061119318,0.8947525,-0.44235998,0
-0.77778912,-0.76116979,-0.45621532,0.22022852,-0.44435489,-0.86835945,0
0.54724038,0.48227948,0.31168485,-0.22022852,0.44435489,0.86835945,0
0.96414018,-0.38686407,-0.079577982,0.22022852,-0.44435489,-0.86835945,0
1.3930601,0.47278565,-0.15846175,0.061119318,0.8947525,-0.44235998,0
-1.5769286,-0.5738095,0.011124015,-0.061119318,-0.8947525,0.44235998,0
-0.79402363,0.044702411,0.41507778,-0.22022852,0.44435489,0.86835945,0
0.48662943,0.17781267,-0.64594269,0.061119318,0.8947525,-0.44235998,0
1.0355022,0.26585901,0.60061884,-0.22022852,0.44435489,0.86835945,0
0.34575444,-0.51736349,0.20981723,-0.061119318,-0.8947525,0.44235998,0
-0.88503617,-0.30054322,0.14925116,-0.061119318,-0.8947525,0.44235998,0
1.1218972,-0.13252479,-0.1442858,0.22022852,-0.44435489,-0.86835945,0
0.25052634,-0.31188914,-0.20614478,0.22022852,-0.44435489,-0.86835945,0
-0.77099216,0.57576454,-0.51569378,0.061119318,0.8947525,-0.44235998,0
-1.4206655,-0.10217559,-0.28683591,-0.97353166,-0.04434675,-0.22420865,0
-0.78471106,-0.23294023,0.24628508,-0.061119318,-0.8947525,0.44235998,0
0.37159044,-0.37689376,-0.22115323,0.22022852,-0.44435489,-0.86835945,0
0.59100133,-0.3610526,-0.10499543,0.22022852,-0.44435489,-0.86835945,0
-1.3323276,0.77163368,0.023497224,-0.22022852,0.44435489,0.86835945,0
1.2903459,0.34576452,0.015042245,0.061119318,0.8947525,-0.44235998,0
1.2342013,-0.3264882,0.85819387,0.97353166,0.04434675,0.22420865,0
0.54839498,0.28785577,-0.58970463,0.061119318,0.8947525,-0.44235998,0
0.61984152,-0.23382267,0.64695561,-0.061119318,-0.8947525,0.44235998,0
-0.23951349,0.36617529,-0.16480005,0.061119318,0.8947525,-0.44235998,0
0.61150539,-0.70802099,-0.1768232,0.22022852,-0.44435489,-0.86835945,0
1.4210128,-0.34061784,0.12176669,0.97353166,0.04434675,0.22420865,0
-0.30728686,-0.47093913,-0.31083006,0.22022852,-0.44435489,-0.86835945,0
-0.95776302,-0.35396385,-0.0038183928,-0.061119318,-0.8947525,0.44235998,0
1.2895012,0.085721999,0.40964532,0.97353166,0.04434675,0.22420865,0
1.4870558,-0.37473643,0.14583075,0.97353166,0.04434675,0.22420865,0
-0.11945397,-0.41861403,0.4013218,-0.061119318,-0.8947525,0.44235998,0
1.4053236,0.43334389,0.28167927,0.97353166,0.04434675,0.22420865,0
-1.4234686,0.43749651,-0.65894175,0.061119318,0.8947525,-0.44235998,0
0.27925584,0.47803685,0.012903754,0.061119318,0.8947525,-0.44235998,0
-0.5861336,0.49513674,-0.33797127,0.061119318,0.8947525,-0.44235998,0
-0.43100947,0.24494556,0.48745528,-0.22022852,0.44435489,0.86835945,0
-1.6560886,-0.058978677,-0.36326218,-0.97353166,-0.04434675,-0.22420865,0
-1.3272841,0.15681386,-0.35408688,-0.97353166,-0.04434675,-0.22420865,0
0.080500543,-0.0078430772,0.69761145,-0.22022852,0.44435489,0.86835945,0
-1.3319087,-0.23490262,0.011629343,-0.97353166,-0.04434675,-0.22420865,0
-0.26339853,0.61452019,0.013255626,0.061119318,0.8947525,-0.44235998,0
0.39285052,0.2593075,-0.15189326,0.061119318,0.8947525,-0.44235998,0
-1.5568099,0.025879681,0.061083078,-0.97353166,-0.04434675,-0.22420865,0
1.0726192,0.76121044,0.1636278,0.061119318,0.8947525,-0.44235998,0
0.64109159,0.11267284,0.82876027,-0.22022852,0.44435489,0.86835945,0
1.5860372,-0.17405879,0.50751173,0.97353166,0.04434675,0.22420865,0
-1.3710451,-0.40719467,-0.44380134,-0.97353166,-0.04434675,-0.22420865,0
1.4972739,-0.23587233,0.064759851,0.22022852,-0.44435489,-0.86835945,0
-0.068124719,-0.6482119,-0.41730967,0.22022852,-0.44435489,-0.86835945,0
-1.5217901,-0.32353675,0.072237253,-0.97353166,-0.04434675,-0.22420865,0
0.21240263,-0.5219273,-0.042096138,0.22022852,-0.44435489,-0.86835945,0
-0.65925658,-0.071290791,0.23453626,-0.22022852,0.44435489,0.86835945,0
0.42818356,0.70743686,0.42173961,0.061119318,0.8947525,-0.44235998,0
0.89521194,0.23506695,-0.42025131,0.061119318,0.8947525,-0.44235998,0
1.4022603,-0.51445127,0.082666516,0.22022852,-0.44435489,-0.86835945,0
1.4906156,0.29338503,0.17672014,0.97353166,0.04434675,0.22420865,0
0.55551463,0.48145083,0.17045155,0.061119318,0.8947525,-0.44235998,0
0.66874665,0.17975408,-0.53394181,0.22022852,-0.44435489,-0.86835945,0
0.52456999,-0.26550779,-0.19945416,0.22022852,-0.44435489,-0.86835945,0
1.3823867,-0.46343011,0.48058069,-0.061119318,-0.8947525,0.44235998,0
1.4673957,-0.23145342,0.3998189,0.97353166,0.04434675,0.22420865,0
-0.64851797,0.54205179,-0.24569362,0.061119318,0.8947525,-0.44235998,0
0.63183397,-0.53885198,0.5505693,-0.061119318,-0.8947525,0.44235998,0
-1.5388728,0.24551439,-0.43214846,-0.97353166,-0.04434675,-0.22420865,0
1.1507375,0.86667979,0.34611189,0.061119318,0.8947525,-0.44235998,0
-0.98690754,0.44741949,-0.62195009,0.061119318,0.8947525,-0.44235998,0
1.1078229,-0.31763199,0.59697336,-0.061119318,-0.8947525,0.44235998,0
0.93768442,0.47399762,0.30704415,0.061119318,0.8947525,-0.44235998,0
0.95584726,0.12898478,0.67579746,-0.22022852,0.44435489,0.86835945,0
-1.3378001,-0.45148477,-0.30643755,-0.97353166,-0.04434675,-0.22420865,0
-1.2992914,0.40304643,0.11053419,-0.22022852,0.44435489,0.86835945,0
0.22597781,0.10605496,-0.56847155,0.22022852,-0.44435489,-0.86835945,0
1.3210938,0.29762271,0.40341711,0.97353166,0.04434675,0.22420865,0
-1.3128726,-0.22987151,-0.43554401,-0.97353166,-0.04434675,-0.22420865,0
1.5331812,-0.25378478,0.0084639788,0.97353166,0.04434675,0.22420865,0
-0.25149104,0.3225967,-0.48602504,0.061119318,0.8947525,-0.44235998,0
1.1332798,-0.10311893,0.85250455,-0.061119318,-0.8947525,0.44235998,0
-0.68188089,-0.76007289,-0.12285861,-0.061119318,-0.8947525,0.44235998,0
-1.3732315,-0.21520653,-0.38367844,-0.97353166,-0.04434675,-0.22420865,0
1.2311203,0.1415745,0.5923326,-0.22022852,0.44435489,0.86835945,0
0.070191681,0.47515237,-0.11803237,0.061119318,0.8947525,-0.44235998,0
1.447196,-0.075303048,0.92867672,0.97353166,0.04434675,0.22420865,0
-1.2418802,-0.42422438,-0.642371,0.22022852,-0.44435489,-0.86835945,0
0.58864683,0.80222416,0.22957009,0.061119318,0.8947525,-0.44235998,0
1.3612119,-0.30705667,0.28571141,0.97353166,0.04434675,0.22420865,0
0.2856721,0.61478096,0.30156237,-0.22022852,0.44435489,0.86835945,0
0.55384123,0.48811439,0.18108821,0.061119318,0.8947525,-0.44235998,0
-0.99556166,-0.025383025,-0.92868346,0.061119318,0.8947525,-0.44235998,0
-0.15841705,0.073159724,0.4450562,-0.22022852,0.44435489,0.86835945,0
1.3924882,0.228607,0.022951126,0.97353166,0.04434675,0.22420865,0
-1.3695652,-0.24357358,-0.54569739,-0.97353166,-0.04434675,-0.22420865,0
-0.0022860169,-0.7436136,-0.27489945,0.22022852,-0.44435489,-0.86835945,0
-1.3600569,-0.0098239183,-0.13457978,-0.97353166,-0.04434675,-0.22420865,0
-0.30685422,0.33014941,-0.056691259,0.061119318,0.8947525,-0.44235998,0
0.31637126,-0.31363404,0.54385251,-0.061119318,-0.8947525,0.44235998,0
-0.28687561,-0.29079759,-0.60051805,0.22022852,-0.44435489,-0.86835945,0
1.5248542,0.32136518,0.022589207,0.97353166,0.04434675,0.22420865,0
0.87141424,-0.46769917,0.53702122,-0.061119318,-0.8947525,0.44235998,0
-1.1580712,0.13664383,-0.75505048,0.22022852,-0.44435489,-0.86835945,0
-1.3369745,-0.51945972,-0.62185657,0.22022852,-0.44435489,-0.86835945,0
0.15549833,0.23994283,-0.59605086,0.061119318,0.8947525,-0.44235998,0
0.028027177,-0.20502052,-0.54560941,0.22022852,-0.44435489,-0.86835945,0
1.2352866,0.44025767,0.30361044,0.061119318,0.8947525,-0.44235998,0
-0.74053818,0.29427093,-0.60464156,0.061119318,0.8947525,-0.44235998,0
-0.82612729,-0.19263744,0.49234581,-0.061119318,-0.8947525,0.44235998,0
-1.6140016,0.41742808,-0.27516758,0.061119318,0.8947525,-0.44235998,0
0.14483225,-0.24924941,0.6612308,-0.061119318,-0.8947525,0.44235998,0
0.63147825,0.75237811,0.55462801,-0.22022852,0.44435489,0.86835945,0
-1.3184381,-0.46061397,-0.54941905,-0.97353166,-0.04434675,-0.22420865,0
0.16667596,-0.31742942,0.23721813,-0.061119318,-0.8947525,0.44235998,0
-0.57814115,0.096778363,-0.54582465,0.22022852,-0.44435489,-0.86835945,0
-0.35034192,-0.34187835,0.63618279,-0.061119318,-0.8947525,0.44235998,0
