-0.66540182,-0.73062789,-0.46957842,-0.92917269,-0.29079074,-0.22820789,0
1.1128083,-0.44270319,0.14853525,0.21042049,-0.92367506,0.32023054,0
-0.22308028,0.40190127,0.11907636,-0.21042049,0.92367506,-0.32023054,0
-0.10049841,0.18542522,-0.42870173,-0.21042049,0.92367506,-0.32023054,0
0.99826539,0.41821486,-0.48124319,0.30390999,-0.2495299,-0.919442,0
0.021420389,-0.33268628,0.073442288,0.21042049,-0.92367506,0.32023054,0
-0.074437141,-0.48720407,0.17203091,0.21042049,-0.92367506,0.32023054,0
0.0069012046,-0.43680391,0.31333539,0.21042049,-0.92367506,0.32023054,0
0.64414585,0.38465783,-0.30749702,0.30390999,-0.2495299,-0.919442,0
0.11935574,-0.4112058,0.85350132,0.21042049,-0.92367506,0.32023054,0
-0.62469512,-0.2010462,-0.59173286,0.30390999,-0.2495299,-0.919442,0
-0.043720484,0.47014713,-0.20841691,-0.21042049,0.92367506,-0.32023054,0
0.73970985,0.8009696,0.042240798,0.92917269,0.29079074,0.22820789,0
-0.65636677,-0.37017924,-0.64553654,-0.92917269,-0.29079074,-0.22820789,0
0.80278301,0.093817413,-0.28285331,0.30390999,-0.2495299,-0.919442,0
0.40612754,-0.68187821,-0.38475761,0.21042049,-0.92367506,0.32023054,0
-0.96801972,-0.44459125,0.054057539,-0.92917269,-0.29079074,-0.22820789,0
0.13920301,-0.76632458,-0.27792913,0.21042049,-0.92367506,0.32023054,0
1.1046206,0.23268881,0.22791153,0.92917269,0.29079074,0.22820789,0
-0.28303841,-0.032066762,0.67379969,-0.30390999,0.2495299,0.919442,0
1.2107507,-0.071494222,-0.12477148,0.30390999,-0.2495299,-0.919442,0
-0.4621098,0.12068874,0.24877405,-0.30390999,0.2495299,0.919442,0
-0.94594324,0.15900123,0.38474327,-0.30390999,0.2495299,0.919442,0
0.7196753,0.22932607,0.533966,0.92917269,0.29079074,0.22820789,0
0.40650916,-0.40119064,-0.089332342,0.21042049,-0.92367506,0.32023054,0
0.6767742,-0.31438217,0.17429703,0.21042049,-0.92367506,0.32023054,0
0.80944401,-0.060719594,0.54020679,0.21042049,-0.92367506,0.32023054,0
-0.92303646,0.0006112752,-1.0220809,0.30390999,-0.2495299,-0.919442,0
-0.92839962,-0.55036879,-0.22038239,-0.92917269,-0.29079074,-0.22820789,0
0.24101549,-0.23460872,0.60847878,0.21042049,-0.92367506,0.32023054,0
1.2765298,-0.19376147,0.25088167,0.92917269,0.29079074,0.22820789,0
-0.92069966,-0.57240558,0.07026875,-0.92917269,-0.29079074,-0.22820789,0
-0.24413931,0.024904519,-0.57001132,0.30390999,-0.2495299,-0.919442,0
-0.23143111,0.25429991,0.47365719,-0.30390999,0.2495299,0.919442,0
1.0725659,0.46217775,-0.38818532,0.92917269,0.29079074,0.22820789,0
0.65707225,-0.48743272,0.27927917,0.21042049,-0.92367506,0.32023054,0
-0.94918871,0.025016963,-0.28758949,-0.92917269,-0.29079074,-0.22820789,0
-0.27909374,-0.17953442,-0.68652916,0.30390999,-0.2495299,-0.919442,0
0.64684951,0.40610319,-0.26507509,0.30390999,-0.2495299,-0.919442,0
1.100283,-0.068613112,-0.13509071,0.92917269,0.29079074,0.22820789,0
0.62882918,-0.040674396,0.53672266,0.21042049,-0.92367506,0.32023054,0
-0.48673755,-0.96650058,-0.33974639,0.21042049,-0.92367506,0.32023054,0
0.73631126,-0.3321023,0.66898358,0.21042049,-0.92367506,0.32023054,0
-0.77309179,0.45426443,-0.23608893,-0.21042049,0.92367506,-0.32023054,0
0.97502118,0.30902374,-0.21509182,0.92917269,0.29079074,0.22820789,0
-0.86703193,-0.45866236,-0.47870487,-0.92917269,-0.29079074,-0.22820789,0
0.77315766,0.19472617,0.1627484,0.92917269,0.29079074,0.22820789,0
0.30525923,0.50382441,-0.36972529,-0.21042049,0.92367506,-0.32023054,0
0.0068030953,-0.17729685,-0.58733481,0.30390999,-0.2495299,-0.919442,0
-0.52227849,-0.37141895,-0.72608709,0.30390999,-0.2495299,-0.919442,0
0.40937722,-0.40725446,-0.20495728,0.21042049,-0.92367506,0.32023054,0
-0.44275984,0.35213906,-0.34681177,-0.21042049,0.92367506,-0.32023054,0
-0.68499959,-0.82535338,-0.059297949,0.21042049,-0.92367506,0.32023054,0
0.47631234,-0.40483779,0.35515499,0.21042049,-0.92367506,0.32023054,0
0.53965628,0.26349312,0.56520963,-0.30390999,0.2495299,0.919442,0
-0.76103926,0.27994561,0.20524359,-0.30390999,0.2495299,0.919442,0
0.37290883,-0.26112923,0.17971709,0.21042049,-0.92367506,0.32023054,0
0.86528361,0.63171995,0.10529536,0.92917269,0.29079074,0.22820789,0
-0.87471282,0.12487015,-0.85107774,-0.92917269,-0.29079074,-0.22820789,0
0.71664447,0.011076359,0.80930573,0.92917269,0.29079074,0.22820789,0
0.55974454,0.7158801,-0.42265344,-0.21042049,0.92367506,-0.32023054,0
0.47533286,0.89404154,0.10272223,-0.21042049,0.92367506,-0.32023054,0
1.1777402,-0.34184575,0.067998171,0.30390999,-0.2495299,-0.919442,0
0.52585679,0.79347062,0.4853515,0.92917269,0.29079074,0.22820789,0
-1.0675195,-0.10805583,0.19131017,-0.30390999,0.2495299,0.919442,0
0.047574967,-0.73659718,-0.50762212,0.30390999,-0.2495299,-0.919442,0
1.1390924,0.046459436,-0.066964388,0.92917269,0.29079074,0.22820789,0
0.49172315,-0.27813891,0.58564359,0.21042049,-0.92367506,0.32023054,0
-0.30948555,0.28319368,-0.1812346,-0.21042049,0.92367506,-0.32023054,0
-1.0300221,-0.48490155,0.19640696,-0.92917269,-0.29079074,-0.22820789,0
0.13829735,0.098152369,-0.45713323,0.30390999,-0.2495299,-0.919442,0
1.0960689,-0.33180332,-0.068708181,0.21042049,-0.92367506,0.32023054,0
-0.75702298,0.084632009,-0.84632558,-0.92917269,-0.29079074,-0.22820789,0
-0.83115542,-0.55431199,0.097380638,0.21042049,-0.92367506,0.32023054,0
0.037127316,-0.39124584,-0.4411459,0.30390999,-0.2495299,-0.919442,0
1.0071883,0.84227616,-0.0094172955,0.92917269,0.29079074,0.22820789,0
-0.92142045,0.030269593,-0.77109194,-0.21042049,0.92367506,-0.32023054,0
0.95136458,0.48802373,-0.067491412,0.92917269,0.29079074,0.22820789,0
1.0702615,0.71705842,-0.17395216,0.92917269,0.29079074,0.22820789,0
-1.1527612,-0.012573123,0.25034398,-0.92917269,-0.29079074,-0.22820789,0
0.89814633,-0.23736155,0.41018718,0.92917269,0.29079074,0.22820789,0
-0.72511393,-0.56175464,-0.28627449,-0.92917269,-0.29079074,-0.22820789,0
-0.22961688,0.58098692,-0.25384709,-0.21042049,0.92367506,-0.32023054,0
0.61596644,-0.39094958,-0.037405729,0.21042049,-0.92367506,0.32023054,0
-0.67228067,-0.16811652,-0.73223615,-0.92917269,-0.29079074,-0.22820789,0
0.96060604,-0.1359936,0.79193306,0.21042049,-0.92367506,0.32023054,0
1.1491569,0.3347621,0.033679485,0.92917269,0.29079074,0.22820789,0
1.1002033,0.27298439,0.15088212,0.92917269,0.29079074,0.22820789,0
0.8869583,0.54576099,0.46584564,0.92917269,0.29079074,0.22820789,0
0.96108115,0.27803528,0.064334452,0.92917269,0.29079074,0.22820789,0
1.0960649,0.054605424,0.26291782,0.92917269,0.29079074,0.22820789,0
1.0778507,0.72244251,-0.13680267,0.92917269,0.29079074,0.22820789,0
-0.5559746,0.32393014,0.34978083,-0.30390999,0.2495299,0.919442,0
-0.44893664,0.51269746,-0.40075672,-0.21042049,0.92367506,-0.32023054,0
-0.18412039,-0.34278569,-0.50406116,0.30390999,-0.2495299,-0.919442,0
1.1581321,0.12925225,0.34524018,0.92917269,0.29079074,0.22820789,0
-1.1980468,0.073052704,0.075066328,-0.92917269,-0.29079074,-0.22820789,0
-0.57316053,0.35420719,0.037423074,-0.21042049,0.92367506,-0.32023054,0
-0.17441046,-0.75437135,-0.18091998,0.30390999,-0.2495299,-0.919442,0
-0.20644543,0.21656135,0.58461803,-0.30390999,0.2495299,0.919442,0
-0.83779347,-0.37899768,-0.27039993,-0.92917269,-0.29079074,-0.22820789,0
-0.017820835,0.69429356,-0.16927496,-0.21042049,0.92367506,-0.32023054,0
-0.83728665,0.3366589,-0.068357408,-0.21042049,0.92367506,-0.32023054,0
-0.93736792,0.22179705,-0.038245797,-0.92917269,-0.29079074,-0.22820789,0
0.13344276,0.78407627,0.064321913,-0.21042049,0.92367506,-0.32023054,0
-0.62491196,-0.70807683,0.27302966,0.21042049,-0.92367506,0.32023054,0
-0.28001595,0.14675909,-0.87641066,-0.21042049,0.92367506,-0.32023054,0
-0.43198746,0.074227333,0.53041428,-0.30390999,0.2495299,0.919442,0
-0.511289,-0.54909134,-0.12099457,0.21042049,-0.92367506,0.32023054,0
-0.47954306,-0.70864439,-0.14465046,0.21042049,-0.92367506,0.32023054,0
0.99084979,-0.0054504871,0.69768924,0.92917269,0.29079074,0.22820789,0
0.64404798,-0.49593478,0.21107668,0.21042049,-0.92367506,0.32023054,0
-0.61920285,-0.73721516,0.089497387,0.21042049,-0.92367506,0.32023054,0
-0.97664887,-0.14225,0.14444005,-0.30390999,0.2495299,0.919442,0
-0.020005941,0.28309286,-0.56646019,-0.21042049,0.92367506,-0.32023054,0
0.64383721,0.45236641,0.7190913,-0.30390999,0.2495299,0.919442,0
0.14172357,0.7283172,-0.013933694,-0.21042049,0.92367506,-0.32023054,0
0.7436235,0.84681821,0.23648223,-0.21042049,0.92367506,-0.32023054,0
0.73825485,0.10029691,-0.39019218,0.30390999,-0.2495299,-0.919442,0
-0.66208565,0.1769014,-0.089553714,-0.21042049,0.92367506,-0.32023054,0
-0.19581842,-0.073676847,-0.395116,0.30390999,-0.2495299,-0.919442,0
0.052174419,-0.39446428,-0.098786399,0.21042049,-0.92367506,0.32023054,0
0.93613005,0.3104437,0.34650832,0.92917269,0.29079074,0.22820789,0
-0.70587176,-0.59779114,0.068032026,0.21042049,-0.92367506,0.32023054,0
1.0317155,0.12200585,0.6337623,0.92917269,0.29079074,0.22820789,0
-0.70919013,0.56152058,0.24992841,-0.30390999,0.2495299,0.919442,0
-0.55493945,0.41886312,0.38033572,-0.30390999,0.2495299,0.919442,0
0.65095198,0.48361126,-0.38212845,-0.21042049,0.92367506,-0.32023054,0
0.60135984,-0.40888131,-0.064043343,0.30390999,-0.2495299,-0.919442,0
-1.0137706,0.060402453,0.27052474,-0.30390999,0.2495299,0.919442,0
-0.41730371,-0.65410912,-0.21015626,0.21042049,-0.92367506,0.32023054,0
0.48430696,0.46184754,-0.26617038,-0.21042049,0.92367506,-0.32023054,0
0.36214373,-0.3485215,-0.32052064,0.30390999,-0.2495299,-0.919442,0
-0.36545527,-0.37285951,-0.57269084,0.30390999,-0.2495299,-0.919442,0
-1.1255616,0.29136682,-0.085319042,-0.92917269,-0.29079074,-0.22820789,0
0.62316614,0.72731125,0.38007379,0.92917269,0.29079074,0.22820789,0
0.14483464,-0.34357923,-0.39390931,0.30390999,-0.2495299,-0.919442,0
-0.37324271,-0.49409971,-0.45460293,0.30390999,-0.2495299,-0.919442,0
-0.73490798,-0.64786363,-0.36462978,-0.92917269,-0.29079074,-0.22820789,0
-0.74814796,-0.49329269,0.16489899,-0.92917269,-0.29079074,-0.22820789,0
0.58277571,0.67572701,0.38432419,0.92917269,0.29079074,0.22820789,0
-0.054614544,-0.18964946,-0.62636018,0.30390999,-0.2495299,-0.919442,0
1.1354015,-0.28456432,0.17522156,0.21042049,-0.92367506,0.32023054,0
1.0290117,0.49735498,-0.39926177,-0.21042049,0.92367506,-0.32023054,0
-0.94401515,-0.11659551,0.32703763,-0.92917269,-0.29079074,-0.22820789,0
0.64033711,-0.52129668,0.15634614,0.21042049,-0.92367506,0.32023054,0
-0.91434968,-0.0029865503,-0.77216685,-0.92917269,-0.29079074,-0.22820789,0
0.92622942,-0.087490559,-0.12113845,0.30390999,-0.2495299,-0.919442,0
-1.2263813,0.25236624,0.25776112,-0.30390999,0.2495299,0.919442,0
0.41069713,0.48220444,0.37108189,-0.30390999,0.2495299,0.919442,0
-0.92986947,-0.91948724,-0.084065318,0.21042049,-0.92367506,0.32023054,0
-0.84005582,-0.5690906,-0.06758666,0.21042049,-0.92367506,0.32023054,0
0.84566748,0.13393834,0.43631583,0.92917269,0.29079074,0.22820789,0
-0.61258221,-0.34147406,-0.58098495,-0.92917269,-0.29079074,-0.22820789,0
0.76898277,-0.42395765,-0.11981332,0.30390999,-0.2495299,-0.919442,0
-0.28366256,0.34256423,-0.74764585,-0.21042049,0.92367506,-0.32023054,0
0.7889238,0.98561299,0.18353915,0.92917269,0.29079074,0.22820789,0
1.1835527,0.14282519,-0.10814059,0.92917269,0.29079074,0.22820789,0
-0.16904917,0.40598714,0.1064346,-0.21042049,0.92367506,-0.32023054,0
0.88384306,0.86484879,-0.15743577,-0.21042049,0.92367506,-0.32023054,0
-0.77769697,-0.19990757,-0.1510126,-0.92917269,-0.29079074,-0.22820789,0
1.0145879,-0.12306532,0.6970517,-0.30390999,0.2495299,0.919442,0
-0.48073381,0.0074107051,-0.66470897,-0.21042049,0.92367506,-0.32023054,0
-0.56757689,0.08315368,-0.64085102,-0.21042049,0.92367506,-0.32023054,0
0.083655961,-0.24533826,-0.47112703,0.30390999,-0.2495299,-0.919442,0
-0.49141103,0.17271845,-0.71617413,-0.21042049,0.92367506,-0.32023054,0
-0.15337604,0.1656397,-0.73968863,0.30390999,-0.2495299,-0.919442,0
0.49008748,-0.48150066,-0.094887912,0.21042049,-0.92367506,0.32023054,0
0.41737872,-0.14164041,0.66798902,-0.30390999,0.2495299,0.919442,0
0.67879009,0.47974017,0.41466796,0.92917269,0.29079074,0.22820789,0
0.88411087,0.45287174,0.19102573,0.92917269,0.29079074,0.22820789,0
-0.19024195,0.15117231,0.57530427,-0.30390999,0.2495299,0.919442,0
-1.1037705,-0.4979372,0.28625739,-0.92917269,-0.29079074,-0.22820789,0
0.99697042,0.35163265,0.30168629,0.92917269,0.29079074,0.22820789,0
-0.22044662,0.19458151,-0.31636894,-0.21042049,0.92367506,-0.32023054,0
-0.34169298,0.5880363,0.44651973,-0.30390999,0.2495299,0.919442,0
0.88746017,-0.25009394,0.24532253,0.21042049,-0.92367506,0.32023054,0
0.68629813,-0.50926316,-0.069542229,0.30390999,-0.2495299,-0.919442,0
1.266294,-0.060979128,-0.19118893,0.30390999,-0.2495299,-0.919442,0
-0.091488928,0.12486802,-0.50532281,0.30390999,-0.2495299,-0.919442,0
-1.0458434,0.087282538,-0.27695918,-0.92917269,-0.29079074,-0.22820789,0
0.53243136,-0.30327159,0.17303824,0.21042049,-0.92367506,0.32023054,0
0.48525029,-0.35499021,-0.28070548,0.30390999,-0.2495299,-0.919442,0
-0.071169257,0.5654428,0.46635717,-0.30390999,0.2495299,0.919442,0
0.9136641,0.085108638,0.1102162,0.92917269,0.29079074,0.22820789,0
-0.46009663,-0.37128699,0.26335281,0.21042049,-0.92367506,0.32023054,0
-0.98499101,-0.04281801,-0.45573181,-0.92917269,-0.29079074,-0.22820789,0
0.29943502,-0.23459277,0.83235353,0.21042049,-0.92367506,0.32023054,0
1.1812119,0.14174348,0.14708471,0.92917269,0.29079074,0.22820789,0
0.96699965,-0.07554841,0.14883131,0.92917269,0.29079074,0.22820789,0
-0.56301004,0.013272054,-0.70934308,-0.21042049,0.92367506,-0.32023054,0
-0.21199206,0.011352301,0.51483661,-0.30390999,0.2495299,0.919442,0
0.97592509,0.25060847,0.76954758,0.92917269,0.29079074,0.22820789,0
-0.51423538,-0.46996462,0.10935676,0.21042049,-0.92367506,0.32023054,0
-0.60360551,-0.64091301,-0.47863904,0.21042049,-0.92367506,0.32023054,0
-0.96396655,-0.28242922,-0.47199029,-0.92917269,-0.29079074,-0.22820789,0
-1.1087477,-0.16669744,0.15533775,-0.92917269,-0.29079074,-0.22820789,0
0.52039015,-0.12839615,-0.16768932,0.30390999,-0.2495299,-0.919442,0
0.82898778,0.64324474,0.086105406,-0.21042049,0.92367506,-0.32023054,0
0.4678193,-0.080182157,0.56000233,-0.30390999,0.2495299,0.919442,0
-0.74982262,0.3203733,-0.33325011,-0.21042049,0.92367506,-0.32023054,0
-0.26189357,0.34965184,0.49935815,-0.30390999,0.2495299,0.919442,0
0.89924163,0.64817107,-0.62876385,0.30390999,-0.2495299,-0.919442,0
-0.25688493,-0.5755865,0.44320473,0.21042049,-0.92367506,0.32023054,0
0.86705315,-0.065807641,0.49399233,0.21042049,-0.92367506,0.32023054,0
-0.92730296,-0.5449484,-0.49056482,-0.92917269,-0.29079074,-0.22820789,0
0.8036021,-0.29940945,-0.090943098,0.30390999,-0.2495299,-0.919442,0
-1.0509176,0.25993627,-0.23516703,-0.92917269,-0.29079074,-0.22820789,0
0.28980047,-0.47980684,0.58988065,0.21042049,-0.92367506,0.32023054,0
-0.36780575,-0.56744653,-0.34383893,0.30390999,-0.2495299,-0.919442,0
0.57665157,-0.24052614,-0.33088154,0.30390999,-0.2495299,-0.919442,0
0.59060383,0.18296939,-0.51654744,0.30390999,-0.2495299,-0.919442,0
-0.93252665,-0.77216923,-0.38672841,-0.92917269,-0.29079074,-0.22820789,0
-1.2833225,0.1525203,0.267712,-0.30390999,0.2495299,0.919442,0
-0.25670505,-0.22816913,-0.69450301,0.30390999,-0.2495299,-0.919442,0
1.0200336,0.39686576,0.093132436,0.92917269,0.29079074,0.22820789,0
-0.42141551,-0.46913514,0.3018291,0.21042049,-0.92367506,0.32023054,0
1.14856,0.015225738,0.53656185,0.92917269,0.29079074,0.22820789,0
0.90686578,-0.10996634,0.57739991,0.21042049,-0.92367506,0.32023054,0
0.070619524,0.23370561,-0.3968733,-0.21042049,0.92367506,-0.32023054,0
0.93471426,-0.22376192,0.16793048,0.92917269,0.29079074,0.22820789,0
0.83489126,-0.26356655,-0.096566141,0.30390999,-0.2495299,-0.919442,0
-0.0033591986,0.73585796,0.12988797,-0.21042049,0.92367506,-0.32023054,0
0.38607234,0.41777349,-0.55373585,0.30390999,-0.2495299,-0.919442,0
0.850963,0.44564196,-0.28320748,-0.21042049,0.92367506,-0.32023054,0
-0.80448437,-0.40893239,-0.39010042,-0.92917269,-0.29079074,-0.22820789,0
-0.91260076,-0.49423909,-0.17099762,-0.92917269,-0.29079074,-0.22820789,0
-0.74927211,-0.79467362,-0.077992797,-0.92917269,-0.29079074,-0.22820789,0
0.011151113,0.4504483,0.42258623,-0.30390999,0.2495299,0.919442,0
-0.69948053,-0.91138721,-0.51813376,-0.92917269,-0.29079074,-0.22820789,0
0.56346464,0.58702779,0.24517685,-0.21042049,0.92367506,-0.32023054,0
0.96969694,0.14038447,0.3075946,0.92917269,0.29079074,0.22820789,0
0.20510513,-0.33209205,0.60548538,-0.30390999,0.2495299,0.919442,0
-0.38066781,-0.28624934,0.60677063,-0.30390999,0.2495299,0.919442,0
1.1043233,-0.35369015,-0.082776308,0.21042049,-0.92367506,0.32023054,0
1.0964255,-0.25745451,-0.26755345,0.21042049,-0.92367506,0.32023054,0
-0.79382968,-0.052243695,-0.588332,-0.92917269,-0.29079074,-0.22820789,0
0.55494434,-0.064279035,0.62880701,-0.30390999,0.2495299,0.919442,0
0.76054394,0.60856616,-0.14533567,0.92917269,0.29079074,0.22820789,0
-0.69448042,0.16797799,-0.01507175,-0.21042049,0.92367506,-0.32023054,0
-0.12751728,0.71403944,0.13898055,-0.21042049,0.92367506,-0.32023054,0
0.19162369,-0.56327415,0.36208963,0.21042049,-0.92367506,0.32023054,0
-1.2592211,0.11963046,-0.11113763,-0.92917269,-0.29079074,-0.22820789,0
-0.85484755,-0.51225162,-0.44344944,-0.92917269,-0.29079074,-0.22820789,0
-1.077351,0.3861419,0.23092902,-0.92917269,-0.29079074,-0.22820789,0
0.023947954,0.77248269,0.47774291,-0.21042049,0.92367506,-0.32023054,0
0.63546991,-0.11696155,0.44871044,0.21042049,-0.92367506,0.32023054,0
0.059232116,0.44967344,-0.19227664,-0.21042049,0.92367506,-0.32023054,0
-0.49666172,0.24506342,-0.66279459,-0.21042049,0.92367506,-0.32023054,0
-1.1239879,0.40171331,-0.20958328,-0.21042049,0.92367506,-0.32023054,0
-0.74916571,-0.097474873,0.16161305,-0.30390999,0.2495299,0.919442,0
0.10865468,-0.4619914,-0.053729892,0.21042049,-0.92367506,0.32023054,0
0.43700457,0.80921853,0.053176329,-0.21042049,0.92367506,-0.32023054,0
-0.79046911,0.084441662,-0.19092512,-0.21042049,0.92367506,-0.32023054,0
-0.23971838,0.19663832,-0.49856731,-0.21042049,0.92367506,-0.32023054,0
-0.40192279,-0.79934704,-0.33998364,0.21042049,-0.92367506,0.32023054,0
0.7369051,-0.17689773,0.14472109,0.21042049,-0.92367506,0.32023054,0
0.99377126,0.48759902,0.35537457,0.92917269,0.29079074,0.22820789,0
0.44634882,-0.41128173,-0.39041334,0.21042049,-0.92367506,0.32023054,0
-0.82938492,-0.59759563,-0.57259542,-0.92917269,-0.29079074,-0.22820789,0
-0.72849554,-0.014997885,-0.5272646,-0.92917269,-0.29079074,-0.22820789,0
-0.082874484,0.143253,0.38631573,-0.30390999,0.2495299,0.919442,0
-0.34290317,-0.55425632,-0.67101169,0.30390999,-0.2495299,-0.919442,0
0.83510727,0.80701715,0.28605503,0.92917269,0.29079074,0.22820789,0
0.85007507,-0.22976765,0.14217401,0.21042049,-0.92367506,0.32023054,0
-0.88875401,0.14706841,-0.3582713,-0.21042049,0.92367506,-0.32023054,0
-1.2895746,0.17236602,-0.21600938,-0.92917269,-0.29079074,-0.22820789,0
-0.11085355,-0.56763989,-0.21737687,0.21042049,-0.92367506,0.32023054,0
-0.40432706,-0.4254342,0.20609982,0.21042049,-0.92367506,0.32023054,0
0.95632219,-0.26124424,0.21899724,0.92917269,0.29079074,0.22820789,0
-1.0836675,0.017374218,-0.1865927,-0.92917269,-0.29079074,-0.22820789,0
-0.4494105,-0.033858627,0.26076424,-0.30390999,0.2495299,0.919442,0
1.0122305,-0.25667542,0.51283514,0.21042049,-0.92367506,0.32023054,0
-0.28076839,-0.77009523,0.10495086,0.21042049,-0.92367506,0.32023054,0
0.17912823,0.61458814,0.19356568,-0.21042049,0.92367506,-0.32023054,0
-0.7786994,-1.019235,-0.29272643,0.21042049,-0.92367506,0.32023054,0
-0.24827325,0.40039459,-0.47346896,-0.21042049,0.92367506,-0.32023054,0
1.0339537,0.44211042,-0.30239815,0.92917269,0.29079074,0.22820789,0
-0.96379703,-0.016588509,0.32956195,-0.30390999,0.2495299,0.919442,0
0.95522463,0.63270402,-0.13763845,0.92917269,0.29079074,0.22820789,0
0.81803781,0.5621472,0.45409548,0.92917269,0.29079074,0.22820789,0
0.48890966,-0.46334767,-0.089916468,0.21042049,-0.92367506,0.32023054,0
-0.24490851,-0.593431,0.31337139,0.21042049,-0.92367506,0.32023054,0
-0.64543021,0.22400688,-0.94678116,0.30390999,-0.2495299,-0.919442,0
1.0864503,0.12592059,0.61769944,0.92917269,0.29079074,0.22820789,0
0.46269527,0.9485606,0.33614004,-0.21042049,0.92367506,-0.32023054,0
-1.1019578,0.12719977,0.12398124,-0.30390999,0.2495299,0.919442,0
0.1639463,0.079235733,0.68648803,-0.30390999,0.2495299,0.919442,0
1.0046204,0.40960401,0.33502066,0.92917269,0.29079074,0.22820789,0
0.63933575,0.99203408,0.30180246,-0.21042049,0.92367506,-0.32023054,0
-0.12550396,0.21748303,-0.54766995,0.30390999,-0.2495299,-0.919442,0
1.147416,0.021088243,0.036433339,0.92917269,0.29079074,0.22820789,0
-0.5171994,-0.81415182,-0.45077384,-0.92917269,-0.29079074,-0.22820789,0
0.38596424,-0.024453104,-0.6122517,0.30390999,-0.2495299,-0.919442,0
-1.0196561,-0.45697522,0.024285495,-0.92917269,-0.29079074,-0.22820789,0
-0.68951368,0.26287609,-0.39162731,-0.21042049,0.92367506,-0.32023054,0
-0.90866721,-0.0024105608,-0.44208574,-0.21042049,0.92367506,-0.32023054,0
-0.32363236,0.60143059,0.17011309,-0.30390999,0.2495299,0.919442,0
-0.74628747,-0.59268045,-0.44887605,0.30390999,-0.2495299,-0.919442,0
-0.078659356,0.35091525,-0.13990378,-0.21042049,0.92367506,-0.32023054,0
1.0186207,-0.016999096,0.67554981,0.21042049,-0.92367506,0.32023054,0
0.18540165,-0.56053019,-0.19100015,0.21042049,-0.92367506,0.32023054,0
1.1842371,-0.18632579,0.21863544,0.92917269,0.29079074,0.22820789,0
-0.70682627,0.25065938,-0.88888651,0.30390999,-0.2495299,-0.919442,0
0.81745791,0.46188441,-0.26935193,0.92917269,0.29079074,0.22820789,0
0.67591727,0.59040093,-0.017452121,-0.21042049,0.92367506,-0.32023054,0
0.32655203,0.10313916,-0.61169136,0.30390999,-0.2495299,-0.919442,0
-0.80941826,-0.45353171,0.2447595,-0.92917269,-0.29079074,-0.22820789,0
0.62323093,0.61616671,-0.21830389,-0.21042049,0.92367506,-0.32023054,0
-0.71403283,-0.69459319,-0.30282503,0.21042049,-0.92367506,0.32023054,0
1.0065475,0.34766045,0.48669553,0.92917269,0.29079074,0.22820789,0
0.16773003,0.26473662,-0.55291462,0.30390999,-0.2495299,-0.919442,0
0.43191546,0.20372689,-0.43083113,0.30390999,-0.2495299,-0.919442,0
0.087256968,-0.35821429,0.70403051,-0.30390999,0.2495299,0.919442,0
-0.25753614,-0.64663011,-0.32401338,0.30390999,-0.2495299,-0.919442,0
-1.0727421,-0.19798565,-0.16461754,-0.92917269,-0.29079074,-0.22820789,0
-0.57261187,-0.60847592,-0.15303978,0.21042049,-0.92367506,0.32023054,0
-0.17489937,0.16213712,0.6363939,-0.30390999,0.2495299,0.919442,0
-0.92751658,-0.26776576,0.25961924,-0.30390999,0.2495299,0.919442,0
0.30491871,0.44598627,-0.60133016,0.30390999,-0.2495299,-0.919442,0
-0.78614479,0.29594153,-0.76186234,-0.21042049,0.92367506,-0.32023054,0
-0.94407064,-0.27730307,-0.74004072,-0.92917269,-0.29079074,-0.22820789,0
-0.97398144,0.15365064,-0.19951832,-0.92917269,-0.29079074,-0.22820789,0
0.7502265,0.35024825,0.59685802,0.92917269,0.29079074,0.22820789,0
-0.57599342,-0.41752282,0.28029162,-0.30390999,0.2495299,0.919442,0
0.47741756,-0.53804612,0.089695692,0.21042049,-0.92367506,0.32023054,0
0.90979975,0.31024927,-0.15905815,0.30390999,-0.2495299,-0.919442,0
-0.2797035,0.56204355,-0.0033698678,-0.21042049,0.92367506,-0.32023054,0
-0.8685838,-0.33223739,-0.42825931,-0.92917269,-0.29079074,-0.22820789,0
-0.081189454,0.76210147,0.35137796,-0.30390999,0.2495299,0.919442,0
0.95708793,0.2650587,-0.10837841,0.92917269,0.29079074,0.22820789,0
1.0435522,0.14914036,-0.32803124,0.30390999,-0.2495299,-0.919442,0
0.25751847,-0.067317694,0.82253283,-0.30390999,0.2495299,0.919442,0
0.868312,0.29921785,0.19682765,0.92917269,0.29079074,0.22820789,0
-0.3294456,-0.17523989,0.41956785,-0.30390999,0.2495299,0.919442,0
-0.071685702,0.5472976,0.18930335,-0.30390999,0.2495299,0.919442,0
-0.81016713,-0.55840337,-0.49003065,0.30390999,-0.2495299,-0.919442,0
-0.099609971,0.45952538,-0.095308393,-0.21042049,0.92367506,-0.32023054,0
0.18253642,0.76205951,0.56910467,-0.30390999,0.2495299,0.919442,0
0.92529786,-0.080686867,-0.24091274,0.30390999,-0.2495299,-0.919442,0
-0.90385437,-0.27430683,0.49637681,-0.30390999,0.2495299,0.919442,0
-0.77053928,-0.80804431,0.013857961,-0.92917269,-0.29079074,-0.22820789,0
0.92778468,0.37441584,-0.035750389,0.92917269,0.29079074,0.22820789,0
-0.30848837,-0.69352627,0.015080944,0.21042049,-0.92367506,0.32023054,0
-1.1095644,-0.45283008,-0.10948884,-0.92917269,-0.29079074,-0.22820789,0
-1.0302513,-0.25357395,-0.56618601,-0.92917269,-0.29079074,-0.22820789,0
0.91753721,0.27810347,-0.37681186,0.92917269,0.29079074,0.22820789,0
0.64044583,0.42655763,0.69797468,0.92917269,0.29079074,0.22820789,0
0.76126027,0.051651299,-0.25202614,0.30390999,-0.2495299,-0.919442,0
-0.48039079,-0.05815506,0.23848909,-0.30390999,0.2495299,0.919442,0
0.85637987,0.06740281,0.3054539,0.92917269,0.29079074,0.22820789,0
-0.9627775,-0.40513992,-0.56922036,-0.92917269,-0.29079074,-0.22820789,0
0.53202671,0.56743431,0.1775302,-0.21042049,0.92367506,-0.32023054,0
-0.89839613,-0.61248016,0.17433506,-0.92917269,-0.29079074,-0.22820789,0
-1.1692001,-0.58382869,0.42735994,-0.92917269,-0.29079074,-0.22820789,0
-0.58893514,0.37892944,-0.34974104,-0.21042049,0.92367506,-0.32023054,0
0.834701,0.19577426,-0.12622315,0.92917269,0.29079074,0.22820789,0
-1.1371055,0.021622241,-0.18106961,-0.92917269,-0.29079074,-0.22820789,0
0.3271428,-0.4955149,-0.43809488,0.30390999,-0.2495299,-0.919442,0
0.76826954,-0.38140565,-0.18651569,0.30390999,-0.2495299,-0.919442,0
1.0547636,0.20617235,-0.24780756,0.92917269,0.29079074,0.22820789,0
-0.993047,-0.65613878,0.065510154,-0.92917269,-0.29079074,-0.22820789,0
-0.93730581,-0.28272945,0.094513416,-0.92917269,-0.29079074,-0.22820789,0
0.96933812,0.69792098,0.36731935,0.92917269,0.29079074,0.22820789,0
-0.34554777,-0.24219537,-0.61245453,0.30390999,-0.2495299,-0.919442,0
-0.91163981,-0.18413353,-0.26797211,-0.92917269,-0.29079074,-0.22820789,0
0.54426175,0.4445616,-0.69227999,0.30390999,-0.2495299,-0.919442,0
1.0159464,0.14120856,0.30230916,0.92917269,0.29079074,0.22820789,0
-0.11867234,0.49314991,0.086524695,-0.21042049,0.92367506,-0.32023054,0
-0.31448513,-0.65274107,-0.17213535,0.21042049,-0.92367506,0.32023054,0
-0.43001381,-0.60997868,0.048512757,0.21042049,-0.92367506,0.32023054,0
-0.61348462,-0.57739836,-0.2694,0.21042049,-0.92367506,0.32023054,0
-1.1238979,0.027610898,-0.39673686,-0.92917269,-0.29079074,-0.22820789,0
-0.88544333,-0.44380844,-0.56001115,-0.92917269,-0.29079074,-0.22820789,0
0.37712803,0.01958327,0.77188838,-0.30390999,0.2495299,0.919442,0
0.27416438,0.3604781,-0.54244483,0.30390999,-0.2495299,-0.919442,0
-1.0064566,0.09236449,0.082990587,-0.92917269,-0.29079074,-0.22820789,0
-1.022256,-0.15349323,0.14201277,-0.92917269,-0.29079074,-0.22820789,0
-0.72593802,0.061224725,-0.76853824,-0.92917269,-0.29079074,-0.22820789,0
-0.67338783,0.29467791,-0.27615863,-0.21042049,0.92367506,-0.32023054,0
0.47040999,0.30607066,0.68708664,-0.30390999,0.2495299,0.919442,0
-0.90507936,-0.3079831,0.16804689,-0.30390999,0.2495299,0.919442,0
-0.8503772,-0.89159298,-0.35578519,-0.92917269,-0.29079074,-0.22820789,0
-0.97135013,0.45992923,0.090501547,-0.21042049,0.92367506,-0.32023054,0
-0.92914736,-0.39771181,-0.38159895,-0.92917269,-0.29079074,-0.22820789,0
0.099473953,0.42050278,-0.45426008,-0.21042049,0.92367506,-0.32023054,0
0.23684818,0.55531412,-0.58819962,0.30390999,-0.2495299,-0.919442,0
0.66998357,0.5150395,-0.67031378,0.30390999,-0.2495299,-0.919442,0
1.1024021,0.31215155,0.048863411,0.92917269,0.29079074,0.22820789,0
-0.3194721,-0.46020573,-0.34146374,0.30390999,-0.2495299,-0.919442,0
-0.31875998,-0.13806516,-0.77663356,0.30390999,-0.2495299,-0.919442,0
-0.058441222,-0.56802058,-0.15819323,0.21042049,-0.92367506,0.32023054,0
1.2271748,0.10896736,-0.23355621,0.30390999,-0.2495299,-0.919442,0
0.37078887,-0.34612891,-0.026009828,0.21042049,-0.92367506,0.32023054,0
-0.9330678,-0.70624441,-0.22015905,-0.92917269,-0.29079074,-0.22820789,0
0.3542482,0.97345012,0.49526781,-0.30390999,0.2495299,0.919442,0
-0.97297573,0.23396271,0.022998333,-0.92917269,-0.29079074,-0.22820789,0
0.069915295,-0.21355926,0.37007472,0.21042049,-0.92367506,0.32023054,0
1.1495323,-0.012852788,-0.20159721,0.92917269,0.29079074,0.22820789,0
-0.96221358,-0.34792203,-0.20559722,-0.92917269,-0.29079074,-0.22820789,0
-0.36390352,0.38264811,-0.83306599,-0.21042049,0.92367506,-0.32023054,0
0.62806696,0.19782305,-0.40057966,0.30390999,-0.2495299,-0.919442,0
0.80741465,-0.38734588,0.24249721,0.21042049,-0.92367506,0.32023054,0
-0.85552883,-0.42687517,0.42106405,-0.92917269,-0.29079074,-0.22820789,0
0.15162253,0.27289638,0.57463962,-0.30390999,0.2495299,0.919442,0
-0.92664647,-0.78885365,0.41567627,0.21042049,-0.92367506,0.32023054,0
0.077916935,0.23549305,0.53091311,-0.30390999,0.2495299,0.919442,0
1.1431427,0.030747086,0.51092625,0.92917269,0.29079074,0.22820789,0
-0.85388935,0.079576433,0.38060009,-0.30390999,0.2495299,0.919442,0
-1.0804859,-0.30932581,0.12906635,-0.92917269,-0.29079074,-0.22820789,0
-1.025768,-0.46441203,-0.48565423,-0.92917269,-0.29079074,-0.22820789,0
0.24656421,-0.0606848,0.66743827,0.21042049,-0.92367506,0.32023054,0
0.32420731,-0.4446891,-0.48741886,0.30390999,-0.2495299,-0.919442,0
0.32146049,0.65996617,0.37699479,-0.30390999,0.2495299,0.919442,0
-1.1074662,-0.057079256,-0.56982231,-0.92917269,-0.29079074,-0.22820789,0
-1.1426557,0.013411641,-0.0080238581,-0.92917269,-0.29079074,-0.22820789,0
-0.92348981,-0.54106748,-0.61978108,-0.92917269,-0.29079074,-0.22820789,0
-0.55493903,-0.53579146,-0.086998284,0.21042049,-0.92367506,0.32023054,0
-1.1319357,0.13254189,0.18430316,-0.30390999,0.2495299,0.919442,0
1.1827325,0.39207923,-0.19819993,0.92917269,0.29079074,0.22820789,0
0.91662562,0.32150859,0.61988306,0.92917269,0.29079074,0.22820789,0
0.882622,-0.3106463,-0.35607189,0.21042049,-0.92367506,0.32023054,0
-0.14906865,-0.61217099,-0.57405448,0.30390999,-0.2495299,-0.919442,0
0.86969948,0.72829825,-0.036881864,-0.21042049,0.92367506,-0.32023054,0
-0.34250501,-0.41431695,0.053411722,0.21042049,-0.92367506,0.32023054,0
-0.71303827,0.096333623,0.42886242,-0.30390999,0.2495299,0.919442,0
1.1147147,-0.27880424,0.33800673,0.21042049,-0.92367506,0.32023054,0
-0.65614063,-0.2041806,0.35731393,-0.30390999,0.2495299,0.919442,0
0.82308668,0.82710141,0.091086864,0.92917269,0.29079074,0.22820789,0
0.95202297,0.76164043,-0.3212868,-0.21042049,0.92367506,-0.32023054,0
0.94235218,-0.15735707,0.33775842,0.92917269,0.29079074,0.22820789,0
0.075598091,0.60715878,0.25536638,-0.21042049,0.92367506,-0.32023054,0
0.016788989,-0.15752909,-0.64850086,0.30390999,-0.2495299,-0.919442,0
-1.1103386,-0.62090087,0.21981084,-0.92917269,-0.29079074,-0.22820789,0
-0.39284539,-0.17160833,0.3539398,-0.30390999,0.2495299,0.919442,0
0.066174924,-0.065318733,-0.61188769,0.30390999,-0.2495299,-0.919442,0
-0.57980359,-0.22675236,-0.83036411,0.30390999,-0.2495299,-0.919442,0
0.66997671,0.38245481,0.34532154,0.92917269,0.29079074,0.22820789,0
-0.63643837,-0.93557405,-0.43060213,0.21042049,-0.92367506,0.32023054,0
-0.91547823,0.037509203,-0.12880307,-0.92917269,-0.29079074,-0.22820789,0
-0.011529744,0.57113314,-0.17831638,-0.21042049,0.92367506,-0.32023054,0
1.0483274,0.21579707,0.06845361,0.92917269,0.29079074,0.22820789,0
-0.64778715,-0.85309786,-0.15584546,0.21042049,-0.92367506,0.32023054,0
-0.33927107,-0.60130978,0.20026189,0.21042049,-0.92367506,0.32023054,0
-0.18077922,-0.17828837,0.37425852,-0.30390999,0.2495299,0.919442,0
-0.79090691,-0.38810384,0.08395189,-0.92917269,-0.29079074,-0.22820789,0
-0.11389649,0.66549492,0.51473141,-0.30390999,0.2495299,0.919442,0
-0.7461614,-0.84474349,-0.21904486,0.21042049,-0.92367506,0.32023054,0
0.87576842,0.51421463,-0.43022126,0.92917269,0.29079074,0.22820789,0
0.10708509,0.2166369,0.6055513,-0.30390999,0.2495299,0.919442,0
0.88250363,0.11923468,-0.020337403,0.92917269,0.29079074,0.22820789,0
-0.74419796,-0.40619129,0.4800503,-0.30390999,0.2495299,0.919442,0
-0.25868368,-0.52479053,0.40990561,0.21042049,-0.92367506,0.32023054,0
-0.94564193,0.18289286,-0.1563164,-0.92917269,-0.29079074,-0.22820789,0
-0.93790758,-0.66060102,-0.23966777,-0.92917269,-0.29079074,-0.22820789,0
0.39383084,0.25235245,0.69135875,-0.30390999,0.2495299,0.919442,0
0.48846516,0.2759257,-0.45459563,0.30390999,-0.2495299,-0.919442,0
-0.50575662,0.36002478,0.12609538,-0.30390999,0.2495299,0.919442,0
-0.49677882,0.17430216,0.32690111,-0.30390999,0.2495299,0.919442,0
-0.74873877,-0.12227124,0.47797501,-0.30390999,0.2495299,0.919442,0
1.1367743,-0.25991893,-0.16338861,0.30390999,-0.2495299,-0.919442,0
-0.11157966,0.69487369,-0.0551195,-0.21042049,0.92367506,-0.32023054,0
0.678168,-0.16044877,0.43919504,0.21042049,-0.92367506,0.32023054,0
0.28604871,0.4416967,-0.69540554,0.30390999,-0.2495299,-0.919442,0
-1.0151831,-0.31675723,-0.063039005,-0.92917269,-0.29079074,-0.22820789,0
0.16821206,-0.13036591,-0.60285729,0.30390999,-0.2495299,-0.919442,0
0.39677912,-0.23591888,-0.42045552,0.30390999,-0.2495299,-0.919442,0
-0.033371508,0.37647173,0.037401728,-0.21042049,0.92367506,-0.32023054,0
0.69844615,0.22685724,-0.45365059,0.30390999,-0.2495299,-0.919442,0
-0.15082979,-0.65073836,-0.21653995,0.30390999,-0.2495299,-0.919442,0
0.6907357,0.10716576,0.79158056,-0.30390999,0.2495299,0.919442,0
-0.097734317,-0.076301277,-0.36444655,0.30390999,-0.2495299,-0.919442,0
-0.76731777,-0.39135948,-0.31346989,-0.92917269,-0.29079074,-0.22820789,0
0.031116545,-0.54497218,-0.11195407,0.21042049,-0.92367506,0.32023054,0
0.88403141,0.62966096,0.32986349,0.92917269,0.29079074,0.22820789,0
-0.59791684,-0.98484355,-0.35004306,0.21042049,-0.92367506,0.32023054,0
-0.85793793,0.20789069,-0.29554838,-0.21042049,0.92367506,-0.32023054,0
-0.11697376,-0.1864655,0.34900534,-0.30390999,0.2495299,0.919442,0
-0.80492216,0.14568186,0.13725841,-0.30390999,0.2495299,0.919442,0
-0.37804765,-0.56783402,0.69509411,0.21042049,-0.92367506,0.32023054,0
-1.0714934,-0.43339589,0.025649428,-0.92917269,-0.29079074,-0.22820789,0
0.27856159,-0.39658687,0.11540177,0.21042049,-0.92367506,0.32023054,0
0.36665076,0.46841392,0.47874784,-0.30390999,0.2495299,0.919442,0
-0.087919295,0.077934772,0.39179665,-0.30390999,0.2495299,0.919442,0
0.13766199,0.42773473,0.55577552,-0.30390999,0.2495299,0.919442,0
0.73943675,0.16290933,0.44853282,0.92917269,0.29079074,0.22820789,0
0.7739805,0.56349838,-0.082661688,0.92917269,0.29079074,0.22820789,0
0.99954474,0.47312307,-0.49570459,0.92917269,0.29079074,0.22820789,0
-0.70812368,-0.95132726,-0.6846391,-0.92917269,-0.29079074,-0.22820789,0
0.88743567,0.22884279,-0.43687087,0.30390999,-0.2495299,-0.919442,0
-0.80866969,-0.37558693,-0.58502394,0.30390999,-0.2495299,-0.919442,0
1.0357841,-0.18702084,-0.067821741,0.21042049,-0.92367506,0.32023054,0
-0.45877278,-0.7068159,0.44004858,0.21042049,-0.92367506,0.32023054,0
-0.49390158,0.39712676,0.23330688,-0.30390999,0.2495299,0.919442,0
0.64200145,0.50143653,0.59475261,0.92917269,0.29079074,0.22820789,0
0.34023839,0.60877097,0.3907482,-0.21042049,0.92367506,-0.32023054,0
0.45738,0.51890916,0.57256287,-0.30390999,0.2495299,0.919442,0
0.86198187,0.55365157,0.31555128,0.92917269,0.29079074,0.22820789,0
0.17991671,-0.2286354,0.50928187,0.21042049,-0.92367506,0.32023054,0
-1.1965739,0.0044834018,-0.32447755,-0.92917269,-0.29079074,-0.22820789,0
-0.84007061,-0.36711174,-0.5779072,0.30390999,-0.2495299,-0.919442,0
-0.88995206,0.17042172,-0.44154853,-0.21042049,0.92367506,-0.32023054,0
-0.46739191,-0.48931813,-0.56751138,0.30390999,-0.2495299,-0.919442,0
0.1050932,0.53311849,0.30596378,-0.21042049,0.92367506,-0.32023054,0
0.7500304,0.43987048,-0.23080584,0.30390999,-0.2495299,-0.919442,0
-0.67934322,-0.17454726,0.3338922,-0.30390999,0.2495299,0.919442,0
-0.93359911,-0.89603019,-0.30603898,-0.92917269,-0.29079074,-0.22820789,0
1.2402046,-0.028020978,0.24318194,0.92917269,0.29079074,0.22820789,0
0.64435554,-0.33333632,0.75995922,0.21042049,-0.92367506,0.32023054,0
0.92326629,-0.11373061,0.079715788,0.92917269,0.29079074,0.22820789,0
1.1555672,0.13056988,0.066925406,0.92917269,0.29079074,0.22820789,0
0.89741659,0.11222261,0.65304303,0.92917269,0.29079074,0.22820789,0
-0.085497573,0.49388289,0.44813842,-0.21042049,0.92367506,-0.32023054,0
-0.36281872,-0.094180584,0.33753476,-0.30390999,0.2495299,0.919442,0
-0.36984271,0.21656105,-0.74039471,-0.21042049,0.92367506,-0.32023054,0
1.0347956,-0.052754372,0.39665598,0.92917269,0.29079074,0.22820789,0
0.55594361,-0.36317286,-0.22674367,0.21042049,-0.92367506,0.32023054,0
-0.60546201,-0.59556246,-0.69932926,-0.92917269,-0.29079074,-0.22820789,0
0.96205664,0.059425533,-0.36162972,0.30390999,-0.2495299,-0.919442,0
-0.058194101,-0.12076768,-0.69725174,0.30390999,-0.2495299,-0.919442,0
0.13574177,0.52723527,0.31556985,-0.21042049,0.92367506,-0.32023054,0
0.072221398,-0.0019851923,-0.53944314,0.30390999,-0.2495299,-0.919442,0
-1.0599592,0.17849046,0.22628826,-0.30390999,0.2495299,0.919442,0
-0.72011995,-0.59045273,-0.10551316,-0.92917269,-0.29079074,-0.22820789,0
-0.19394338,0.49193957,-0.51109064,-0.21042049,0.92367506,-0.32023054,0
-0.72735989,-0.011132181,0.45367739,-0.30390999,0.2495299,0.919442,0
0.45685861,-0.27950847,0.1239242,0.21042049,-0.92367506,0.32023054,0
1.1189324,0.38799751,-0.41567284,0.30390999,-0.2495299,-0.919442,0
-1.2729927,-0.11900294,0.17832828,-0.92917269,-0.29079074,-0.22820789,0
0.086574629,-0.38372681,-0.22314999,0.21042049,-0.92367506,0.32023054,0
-0.70562112,-0.58735597,-0.073225677,0.21042049,-0.92367506,0.32023054,0
-0.040783435,0.62909657,0.42637306,-0.30390999,0.2495299,0.919442,0
-0.19404732,-0.2642597,-0.673666,0.30390999,-0.2495299,-0.919442,0
1.231886,-0.25902855,0.082145452,0.21042049,-0.92367506,0.32023054,0
-0.96999311,-0.11388248,-0.69239795,-0.92917269,-0.29079074,-0.22820789,0
0.551193,-0.3253752,0.11677891,0.21042049,-0.92367506,0.32023054,0
-0.73432964,0.238307,0.26456064,-0.30390999,0.2495299,0.919442,0
-0.41284102,-0.53091639,-0.63176185,0.30390999,-0.2495299,-0.919442,0
0.53223622,0.33196431,-0.56573999,0.30390999,-0.2495299,-0.919442,0
-0.40755105,-0.50387406,0.36261532,0.21042049,-0.92367506,0.32023054,0
-0.55419159,-0.7349754,-0.25331259,0.21042049,-0.92367506,0.32023054,0
1.0787104,0.28550977,-0.14697278,0.92917269,0.29079074,0.22820789,0
-0.91521537,-0.23272827,-0.64676613,-0.92917269,-0.29079074,-0.22820789,0
-0.84630203,-0.66023934,-0.26598299,-0.92917269,-0.29079074,-0.22820789,0
-0.69871324,-0.48795855,-0.28703281,-0.92917269,-0.29079074,-0.22820789,0
-0.97471291,-0.014235497,0.1237551,-0.30390999,0.2495299,0.919442,0
-0.46420538,0.17047432,-0.83924103,-0.21042049,0.92367506,-0.32023054,0
1.0680237,0.55457306,0.090896726,0.92917269,0.29079074,0.22820789,0
-0.57220948,-0.26162481,0.30427918,-0.30390999,0.2495299,0.919442,0
0.23004301,0.59658718,0.30161452,-0.30390999,0.2495299,0.919442,0
-0.24714005,0.22729211,-0.30365062,-0.21042049,0.92367506,-0.32023054,0
0.51452303,0.38536593,-0.25782442,-0.21042049,0.92367506,-0.32023054,0
0.093693987,0.36599401,0.31075478,-0.30390999,0.2495299,0.919442,0
0.51970804,-0.34383628,0.45552513,0.21042049,-0.92367506,0.32023054,0
0.37695697,0.60014141,0.18528579,-0.21042049,0.92367506,-0.32023054,0
-0.056803167,0.16294092,-0.76345438,0.30390999,-0.2495299,-0.919442,0
1.2841719,-0.18452287,-0.14232123,0.92917269,0.29079074,0.22820789,0
0.97404081,0.58364242,0.13828617,0.92917269,0.29079074,0.22820789,0
0.13298059,0.27079853,-0.46637505,-0.21042049,0.92367506,-0.32023054,0
-0.90372473,-0.6090247,-0.24912548,-0.92917269,-0.29079074,-0.22820789,0
1.0351816,-0.072567165,0.16794091,0.92917269,0.29079074,0.22820789,0
0.28764677,-0.26619703,-0.56372666,0.30390999,-0.2495299,-0.919442,0
0.41557291,0.018159747,-0.40953332,0.30390999,-0.2495299,-0.919442,0
0.74345082,-0.2761358,-0.3555246,0.30390999,-0.2495299,-0.919442,0
-0.7253167,-0.64536083,-0.42781949,-0.92917269,-0.29079074,-0.22820789,0
0.56734467,0.73303688,-0.38676175,-0.21042049,0.92367506,-0.32023054,0
-0.89668512,0.11929506,-0.18084538,-0.92917269,-0.29079074,-0.22820789,0
0.12162384,-0.62499815,-0.19133911,0.30390999,-0.2495299,-0.919442,0
-1.151842,-0.36794782,0.051020265,-0.92917269,-0.29079074,-0.22820789,0
-0.010187626,-0.64437073,-0.38035518,0.30390999,-0.2495299,-0.919442,0
0.2674025,-0.11280476,0.48073667,-0.30390999,0.2495299,0.919442,0
