-1.4412415,2.767864,-0.042572021,0.50860643,0.6569072,0.55659008,0
-1.0633758,2.280602,-0.8097589,0.55150187,0.24786627,-0.7964974,0
1.8660653,-3.3889222,0.86064863,-0.55150187,-0.24786627,0.7964974,0
2.6501646,-3.2950144,0.87068319,0.66118479,-0.71206409,0.23621917,0
2.299803,-3.5989532,0.46119022,-0.50860643,-0.6569072,-0.55659008,0
1.6864651,-0.75676084,1.0280724,0.50860643,0.6569072,0.55659008,0
0.29869127,0.80710995,0.55443442,0.50860643,0.6569072,0.55659008,0
3.0154152,-3.263633,1.3414254,0.66118479,-0.71206409,0.23621917,0
-1.7009044,2.2514012,0.29139781,-0.55150187,-0.24786627,0.7964974,0
2.772249,-3.656868,0.72035837,0.66118479,-0.71206409,0.23621917,0
3.3329346,-2.622926,1.831778,0.66118479,-0.71206409,0.23621917,0
2.6702099,-3.148416,1.6875076,0.66118479,-0.71206409,0.23621917,0
2.1533911,-1.9222742,0.4983356,0.55150187,0.24786627,-0.7964974,0
-2.4761426,3.1829715,-1.3122015,0.55150187,0.24786627,-0.7964974,0
2.6486635,-3.3151615,1.0927396,0.66118479,-0.71206409,0.23621917,0
-2.6299129,1.9564881,-0.76085067,-0.55150187,-0.24786627,0.7964974,0
2.2961297,-3.4836235,1.2742462,-0.55150187,-0.24786627,0.7964974,0
-0.14541861,-0.20842737,0.22107047,-0.55150187,-0.24786627,0.7964974,0
2.7739129,-3.3520305,1.1869345,0.66118479,-0.71206409,0.23621917,0
2.1455865,-1.3086883,1.3987653,0.50860643,0.6569072,0.55659008,0
-1.1454957,2.9935377,-0.44857216,0.50860643,0.6569072,0.55659008,0
-1.512557,0.54285514,-0.3732332,-0.55150187,-0.24786627,0.7964974,0
2.7238104,-3.3755703,1.661015,-0.55150187,-0.24786627,0.7964974,0
-2.6573141,3.7872975,-0.60326433,-0.66118479,0.71206409,-0.23621917,0
0.53815836,-1.3529336,-0.58876193,-0.50860643,-0.6569072,-0.55659008,0
1.0028844,-1.4583602,-0.13813055,0.55150187,0.24786627,-0.7964974,0
1.309749,-1.6906641,-0.24070275,0.55150187,0.24786627,-0.7964974,0
3.1996706,-2.5322626,0.86775064,0.55150187,0.24786627,-0.7964974,0
-2.3897245,3.1738646,-1.5073318,0.55150187,0.24786627,-0.7964974,0
1.2349942,-2.1530702,-0.069905043,-0.50860643,-0.6569072,-0.55659008,0
-3.431479,2.6402779,-1.6356506,-0.66118479,0.71206409,-0.23621917,0
3.4096911,-2.6094139,1.0757184,0.66118479,-0.71206409,0.23621917,0
3.2799451,-2.7862256,0.96632576,0.66118479,-0.71206409,0.23621917,0
1.8082165,-2.3075247,-0.0035135746,0.55150187,0.24786627,-0.7964974,0
-0.39911717,-0.4800607,-0.64222121,-0.50860643,-0.6569072,-0.55659008,0
2.0091057,-3.4093299,0.3606596,-0.50860643,-0.6569072,-0.55659008,0
1.1473383,0.17328832,0.57843804,0.50860643,0.6569072,0.55659008,0
-2.871815,3.1502016,-0.8891778,-0.66118479,0.71206409,-0.23621917,0
-2.6245761,1.7964857,-1.4755425,-0.50860643,-0.6569072,-0.55659008,0
-2.9337471,2.0413074,-0.97468948,-0.55150187,-0.24786627,0.7964974,0
-2.0369215,3.7171693,-0.84015703,0.55150187,0.24786627,-0.7964974,0
3.095201,-3.4580319,0.79809237,0.66118479,-0.71206409,0.23621917,0
0.67674387,0.55354118,0.77695781,0.50860643,0.6569072,0.55659008,0
-3.0716758,2.5451481,-1.7426305,-0.50860643,-0.6569072,-0.55659008,0
2.8920424,-2.9295778,1.4751239,0.66118479,-0.71206409,0.23621917,0
-3.6715956,2.4778714,-1.3120613,-0.66118479,0.71206409,-0.23621917,0
2.581506,-1.0261891,0.63881445,0.50860643,0.6569072,0.55659008,0
-1.710129,2.6824458,-0.15203857,0.50860643,0.6569072,0.55659008,0
2.304929,-3.9923551,0.6429944,0.66118479,-0.71206409,0.23621917,0
-2.0215993,0.95792145,-0.49259996,-0.55150187,-0.24786627,0.7964974,0
1.5464847,-2.6068487,0.057463646,-0.50860643,-0.6569072,-0.55659008,0
0.074041903,0.82001263,0.43255174,0.50860643,0.6569072,0.55659008,0
2.3489716,-1.1122366,1.1992798,0.50860643,0.6569072,0.55659008,0
-1.8012762,3.0891271,-0.39784575,0.50860643,0.6569072,0.55659008,0
-2.2023978,2.4851284,-1.6163363,0.55150187,0.24786627,-0.7964974,0
-1.9608307,1.0524315,-1.1933067,-0.50860643,-0.6569072,-0.55659008,0
0.33178905,0.58604777,-0.33021197,0.55150187,0.24786627,-0.7964974,0
2.6351211,-3.4726727,1.4258018,0.66118479,-0.71206409,0.23621917,0
-0.40584606,0.61440754,-0.74122995,0.55150187,0.24786627,-0.7964974,0
1.5533322,-2.8789675,0.47614002,-0.50860643,-0.6569072,-0.55659008,0
-0.094085455,-0.24537584,-0.85882473,0.55150187,0.24786627,-0.7964974,0
3.0547259,-2.969116,1.2295556,0.66118479,-0.71206409,0.23621917,0
2.8905373,-3.7203665,0.45148325,0.66118479,-0.71206409,0.23621917,0
-1.1251622,1.880564,-0.78778768,0.55150187,0.24786627,-0.7964974,0
-2.5074277,2.1791282,-1.5142753,0.55150187,0.24786627,-0.7964974,0
3.0980086,-2.9040365,1.1834507,0.66118479,-0.71206409,0.23621917,0
2.9449198,-2.2266955,1.9519567,0.50860643,0.6569072,0.55659008,0
-1.6932861,1.1475677,-1.3777552,-0.50860643,-0.6569072,-0.55659008,0
-2.4033122,4.133863,-0.63485193,-0.66118479,0.71206409,-0.23621917,0
-0.32387966,2.2483706,-0.30573165,0.50860643,0.6569072,0.55659008,0
-2.0040336,2.5778737,0.21961451,-0.55150187,-0.24786627,0.7964974,0
-3.0153172,2.8074369,-1.3404546,-0.66118479,0.71206409,-0.23621917,0
1.5216796,-3.1504459,0.54162097,-0.50860643,-0.6569072,-0.55659008,0
-2.7272663,3.6626003,-0.86749315,-0.66118479,0.71206409,-0.23621917,0
-2.4702947,2.3329749,-0.30894494,-0.55150187,-0.24786627,0.7964974,0
-2.6805301,3.6239791,-1.3246884,-0.66118479,0.71206409,-0.23621917,0
-2.7080207,3.4413157,-0.88431025,-0.66118479,0.71206409,-0.23621917,0
1.5290943,-3.3006191,0.64121699,-0.55150187,-0.24786627,0.7964974,0
2.2911708,-1.7792618,1.6457083,0.50860643,0.6569072,0.55659008,0
-2.3768446,1.2506511,-1.0046563,-0.50860643,-0.6569072,-0.55659008,0
3.4082694,-2.7394893,1.9451962,0.66118479,-0.71206409,0.23621917,0
0.19933224,-1.3712595,-0.55677956,-0.50860643,-0.6569072,-0.55659008,0
0.0069002509,0.84963983,-0.11030596,0.55150187,0.24786627,-0.7964974,0
-2.2091796,3.4744925,-0.87195158,0.55150187,0.24786627,-0.7964974,0
-2.6953647,3.2634349,-1.1117291,-0.66118479,0.71206409,-0.23621917,0
2.0926466,-1.5543475,1.5155261,-0.55150187,-0.24786627,0.7964974,0
1.8386288,-0.58928859,1.1034691,0.50860643,0.6569072,0.55659008,0
-2.8523161,3.2364244,-1.0433941,-0.66118479,0.71206409,-0.23621917,0
-3.3574233,2.6535151,-1.5466495,-0.66118479,0.71206409,-0.23621917,0
-1.9138927,2.8315258,0.23225665,-0.55150187,-0.24786627,0.7964974,0
-0.306741,1.6133504,0.15334308,0.50860643,0.6569072,0.55659008,0
-0.5067758,1.0792477,0.65970409,0.50860643,0.6569072,0.55659008,0
0.58088905,-0.66102654,-0.20437044,0.55150187,0.24786627,-0.7964974,0
1.9863796,-3.0742812,0.21808553,-0.50860643,-0.6569072,-0.55659008,0
-0.48835778,-0.82548696,-0.38253704,-0.50860643,-0.6569072,-0.55659008,0
-0.15932119,1.5691913,-0.13349187,0.50860643,0.6569072,0.55659008,0
-1.0851598,0.34071499,-1.1431307,-0.50860643,-0.6569072,-0.55659008,0
-2.4904199,3.5236242,-0.93760681,-0.66118479,0.71206409,-0.23621917,0
0.8190859,0.45963249,0.05205214,0.55150187,0.24786627,-0.7964974,0
-0.41688102,1.5827267,-0.37123668,0.55150187,0.24786627,-0.7964974,0
0.67701381,0.15471666,0.8586086,0.50860643,0.6569072,0.55659008,0
1.7557812,-1.0978251,0.39462423,0.55150187,0.24786627,-0.7964974,0
-0.2951597,1.2689208,-0.2329694,0.55150187,0.24786627,-0.7964974,0
0.77256519,-0.081017196,1.1068757,0.50860643,0.6569072,0.55659008,0
-2.0413871,3.1526589,-1.1606498,0.55150187,0.24786627,-0.7964974,0
1.7772865,-0.88565993,0.10298765,0.55150187,0.24786627,-0.7964974,0
1.9778475,-1.8245866,0.23377514,0.55150187,0.24786627,-0.7964974,0
3.5065629,-2.9992261,0.92961836,0.66118479,-0.71206409,0.23621917,0
2.8010921,-2.9984698,1.732872,0.66118479,-0.71206409,0.23621917,0
1.8721375,-3.4325993,0.1943388,-0.50860643,-0.6569072,-0.55659008,0
-1.5899899,1.3961405,-1.5226238,0.55150187,0.24786627,-0.7964974,0
0.33979756,-1.7310627,-0.32832515,-0.50860643,-0.6569072,-0.55659008,0
-3.158962,2.8467739,-1.5867152,-0.66118479,0.71206409,-0.23621917,0
2.9081149,-2.9461827,1.559608,0.66118479,-0.71206409,0.23621917,0
2.7303963,-3.5382273,0.79173613,0.66118479,-0.71206409,0.23621917,0
3.4614935,-2.6985266,1.5230508,0.66118479,-0.71206409,0.23621917,0
-1.4140184,0.39057845,-0.70455456,-0.50860643,-0.6569072,-0.55659008,0
3.0507452,-2.8395295,1.1122074,0.66118479,-0.71206409,0.23621917,0
0.22919208,-1.5660527,-0.25100839,-0.50860643,-0.6569072,-0.55659008,0
-2.8488457,3.2938142,-0.88172293,-0.66118479,0.71206409,-0.23621917,0
0.19565853,0.36279619,-0.41429472,0.55150187,0.24786627,-0.7964974,0
-2.5290647,3.6653969,-1.1336198,-0.66118479,0.71206409,-0.23621917,0
2.3980544,-3.8726392,0.55208254,-0.50860643,-0.6569072,-0.55659008,0
2.5769317,-3.5314045,1.1469512,0.66118479,-0.71206409,0.23621917,0
-3.1981661,2.7753217,-0.92616177,-0.66118479,0.71206409,-0.23621917,0
2.6286771,-3.4558332,0.62842321,0.66118479,-0.71206409,0.23621917,0
2.8543284,-1.6544769,1.4136379,0.50860643,0.6569072,0.55659008,0
-3.8492913,2.4525504,-1.3095198,-0.66118479,0.71206409,-0.23621917,0
3.4342844,-2.5369234,1.6510272,0.66118479,-0.71206409,0.23621917,0
-3.3215666,2.7590322,-1.7747684,-0.66118479,0.71206409,-0.23621917,0
-0.3504746,0.047069132,0.63826835,-0.55150187,-0.24786627,0.7964974,0
1.9211971,-2.3898993,-0.25010133,0.55150187,0.24786627,-0.7964974,0
2.8874378,-2.1968277,1.7703443,0.50860643,0.6569072,0.55659008,0
-1.108814,0.79057127,-0.93436837,0.55150187,0.24786627,-0.7964974,0
0.16291702,1.1075853,0.42799884,0.50860643,0.6569072,0.55659008,0
-1.251163,0.31643611,-0.030992627,-0.55150187,-0.24786627,0.7964974,0
2.7420959,-3.3733835,0.97542381,0.66118479,-0.71206409,0.23621917,0
0.94913119,0.31208053,0.34960461,0.50860643,0.6569072,0.55659008,0
-3.4392581,2.8859627,-1.1343822,-0.66118479,0.71206409,-0.23621917,0
-3.0252063,3.1630316,-1.0630479,-0.66118479,0.71206409,-0.23621917,0
1.3971949,-2.1122444,-0.23530889,-0.50860643,-0.6569072,-0.55659008,0
3.5107889,-2.663475,1.7630267,0.66118479,-0.71206409,0.23621917,0
1.5272567,-0.88852763,0.022111773,0.55150187,0.24786627,-0.7964974,0
2.8454316,-3.4484587,1.2854013,0.66118479,-0.71206409,0.23621917,0
-0.92299211,1.7784214,-0.62949502,0.55150187,0.24786627,-0.7964974,0
-0.33749181,1.8472843,-0.39943922,0.50860643,0.6569072,0.55659008,0
0.46432382,-1.4932473,0.66636324,-0.55150187,-0.24786627,0.7964974,0
-0.8841635,-0.71683371,-0.42387754,-0.50860643,-0.6569072,-0.55659008,0
1.5508254,-0.20882463,0.59959805,0.50860643,0.6569072,0.55659008,0
-2.5163438,3.5027843,-0.7662673,-0.66118479,0.71206409,-0.23621917,0
-2.3782284,3.6058078,-1.1229572,-0.66118479,0.71206409,-0.23621917,0
-2.0518727,3.8589244,-0.87466097,0.55150187,0.24786627,-0.7964974,0
-0.33376098,-0.82843363,-0.85240757,-0.50860643,-0.6569072,-0.55659008,0
-0.77898031,0.98754025,-0.97819138,0.55150187,0.24786627,-0.7964974,0
1.9202454,-1.2270997,1.4384034,0.50860643,0.6569072,0.55659008,0
2.7405531,-3.1076341,1.2029953,0.66118479,-0.71206409,0.23621917,0
3.0526774,-2.8871198,1.901598,0.66118479,-0.71206409,0.23621917,0
0.99787498,0.67994869,0.16877058,0.50860643,0.6569072,0.55659008,0
-3.101351,2.8806877,-1.5192375,-0.66118479,0.71206409,-0.23621917,0
3.4507554,-2.5153694,1.463172,0.66118479,-0.71206409,0.23621917,0
3.6433139,-2.712827,1.004787,0.66118479,-0.71206409,0.23621917,0
0.59600389,0.76669604,-0.093732625,0.55150187,0.24786627,-0.7964974,0
2.2966638,-0.77558839,0.94322777,0.50860643,0.6569072,0.55659008,0
2.1105494,-2.405879,1.4676733,-0.55150187,-0.24786627,0.7964974,0
-2.9637814,3.5430007,-0.18855667,-0.66118479,0.71206409,-0.23621917,0
-2.2085662,1.7389445,-1.594239,-0.50860643,-0.6569072,-0.55659008,0
1.9612695,-2.9841468,0.28516006,-0.50860643,-0.6569072,-0.55659008,0
3.6057932,-2.7024188,1.5136089,0.66118479,-0.71206409,0.23621917,0
3.0648146,-3.4046357,0.77423,0.66118479,-0.71206409,0.23621917,0
0.6835463,-1.7624507,-0.54637975,-0.50860643,-0.6569072,-0.55659008,0
-2.8506126,3.3076763,-1.1427937,-0.66118479,0.71206409,-0.23621917,0
-2.2182353,3.0151196,-0.13153338,-0.55150187,-0.24786627,0.7964974,0
0.007119894,0.010504544,0.77503198,-0.55150187,-0.24786627,0.7964974,0
1.9234327,-2.554276,1.0917735,-0.55150187,-0.24786627,0.7964974,0
0.43902338,-0.050545096,1.1392288,-0.55150187,-0.24786627,0.7964974,0
0.2154209,-1.2871817,-0.5188573,-0.50860643,-0.6569072,-0.55659008,0
0.65157646,-2.2973812,-0.036961436,-0.50860643,-0.6569072,-0.55659008,0
-2.0535321,1.8959695,-0.19512081,-0.55150187,-0.24786627,0.7964974,0
-2.9843676,2.9542251,-1.7110553,-0.66118479,0.71206409,-0.23621917,0
0.080253363,1.5331761,0.056127369,0.50860643,0.6569072,0.55659008,0
-2.5911984,1.5294377,-1.3112841,-0.50860643,-0.6569072,-0.55659008,0
-1.9476223,2.8947816,-1.1890035,0.55150187,0.24786627,-0.7964974,0
-2.8945067,3.1578672,-1.5493383,-0.66118479,0.71206409,-0.23621917,0
3.3860149,-2.6106067,1.368022,0.66118479,-0.71206409,0.23621917,0
-1.8908422,2.8822093,-0.2234149,0.50860643,0.6569072,0.55659008,0
-1.1800109,2.8650744,-0.49046612,0.55150187,0.24786627,-0.7964974,0
3.2333248,-2.9328871,1.0069275,0.66118479,-0.71206409,0.23621917,0
0.75699997,-1.998575,-0.016744375,-0.50860643,-0.6569072,-0.55659008,0
2.4420652,-3.6727324,1.1339393,0.66118479,-0.71206409,0.23621917,0
2.8679628,-2.5885153,1.6040211,-0.55150187,-0.24786627,0.7964974,0
-2.5644958,2.0033584,-0.76421666,-0.55150187,-0.24786627,0.7964974,0
-1.4117923,2.7011156,0.092523813,0.50860643,0.6569072,0.55659008,0
-3.0470989,2.5448627,-0.44530654,-0.55150187,-0.24786627,0.7964974,0
2.4551864,-3.8383512,0.62858772,0.66118479,-0.71206409,0.23621917,0
0.061377525,1.4675615,0.12898695,0.50860643,0.6569072,0.55659008,0
2.7366061,-3.6381383,0.68151426,0.66118479,-0.71206409,0.23621917,0
1.9272934,-3.0360539,1.2288778,-0.55150187,-0.24786627,0.7964974,0
1.8616533,-3.4985626,0.67052126,-0.50860643,-0.6569072,-0.55659008,0
-3.3369882,2.7241569,-0.83278704,-0.66118479,0.71206409,-0.23621917,0
3.0359774,-3.6293187,0.4011116,0.66118479,-0.71206409,0.23621917,0
-1.9894499,3.6039007,-0.43671083,0.50860643,0.6569072,0.55659008,0
-3.3534272,2.529182,-1.7371106,-0.66118479,0.71206409,-0.23621917,0
2.4974415,-2.9576914,0.090438843,0.55150187,0.24786627,-0.7964974,0
-0.47788876,1.5874363,0.54841036,0.50860643,0.6569072,0.55659008,0
2.8488896,-2.44684,0.63425159,0.55150187,0.24786627,-0.7964974,0
-0.68943948,1.1145678,-0.65091097,0.55150187,0.24786627,-0.7964974,0
2.0139313,-3.3764505,0.28596544,-0.50860643,-0.6569072,-0.55659008,0
0.86505818,-1.8746556,-0.71252871,-0.50860643,-0.6569072,-0.55659008,0
0.93985903,-1.4677895,0.93059027,-0.55150187,-0.24786627,0.7964974,0
0.71767998,0.61530519,0.17324424,0.50860643,0.6569072,0.55659008,0
-0.95380354,-0.027177572,-1.1084199,-0.50860643,-0.6569072,-0.55659008,0
-1.2232902,0.042043388,-0.27503467,-0.55150187,-0.24786627,0.7964974,0
-0.49975601,0.65362978,0.35494012,-0.55150187,-0.24786627,0.7964974,0
0.92734414,-1.9859481,-0.40371943,-0.50860643,-0.6569072,-0.55659008,0
3.3828001,-2.1234879,1.383656,0.50860643,0.6569072,0.55659008,0
-1.4293704,1.3968714,-0.10834014,-0.55150187,-0.24786627,0.7964974,0
3.2137408,-1.9055432,0.82612658,0.50860643,0.6569072,0.55659008,0
-1.7196977,1.4385525,-0.2856257,-0.55150187,-0.24786627,0.7964974,0
3.160809,-1.8557235,1.4273067,0.50860643,0.6569072,0.55659008,0
-2.9268503,2.8815565,-1.8269744,-0.66118479,0.71206409,-0.23621917,0
-0.36906528,1.6271504,0.28201735,0.50860643,0.6569072,0.55659008,0
2.2992511,-3.6725497,0.94674921,0.66118479,-0.71206409,0.23621917,0
3.472919,-2.7535267,1.0983782,0.66118479,-0.71206409,0.23621917,0
-2.3149872,3.4475458,0.17367387,0.50860643,0.6569072,0.55659008,0
-3.5452974,2.2346401,-1.4308105,-0.50860643,-0.6569072,-0.55659008,0
-3.1476285,2.7795043,-1.301846,-0.66118479,0.71206409,-0.23621917,0
-2.4778607,3.6224542,-0.11253357,0.50860643,0.6569072,0.55659008,0
-3.7327094,2.6643887,-1.2124219,-0.66118479,0.71206409,-0.23621917,0
-3.7326021,2.551234,-1.2472653,-0.66118479,0.71206409,-0.23621917,0
-3.1648097,3.1353245,-1.0306587,-0.66118479,0.71206409,-0.23621917,0
0.90940988,-0.94792235,-0.35556322,0.55150187,0.24786627,-0.7964974,0
0.92072141,-1.7100409,-0.63738334,0.55150187,0.24786627,-0.7964974,0
-1.6720357,2.9117193,-0.028006792,0.50860643,0.6569072,0.55659008,0
2.4415009,-3.7413385,0.87437248,0.66118479,-0.71206409,0.23621917,0
1.9712001,-1.3409255,1.6645801,0.50860643,0.6569072,0.55659008,0
0.80256534,-1.8055111,-0.34138191,-0.50860643,-0.6569072,-0.55659008,0
-1.3576485,-0.04279092,-0.27927887,-0.50860643,-0.6569072,-0.55659008,0
2.967931,-3.3281372,0.99600458,0.66118479,-0.71206409,0.23621917,0
2.1157598,-0.7295723,0.43134904,0.55150187,0.24786627,-0.7964974,0
2.4243455,-2.7941573,0.056290627,0.55150187,0.24786627,-0.7964974,0
3.1109076,-1.8392587,1.4440763,0.50860643,0.6569072,0.55659008,0
-2.625998,2.1245415,-0.38008022,-0.55150187,-0.24786627,0.7964974,0
1.1690396,-2.9486623,0.60258532,-0.50860643,-0.6569072,-0.55659008,0
2.2901633,-2.226666,0.47795367,0.55150187,0.24786627,-0.7964974,0
1.2692337,-2.892575,0.53702283,-0.50860643,-0.6569072,-0.55659008,0
-1.1753596,1.3503013,-0.93099773,0.55150187,0.24786627,-0.7964974,0
-2.7364087,3.568069,-1.2296734,-0.66118479,0.71206409,-0.23621917,0
-3.490953,2.7375233,-1.2691097,-0.66118479,0.71206409,-0.23621917,0
3.4925165,-2.893616,1.1357136,0.66118479,-0.71206409,0.23621917,0
-2.7119589,2.774148,-1.836977,0.55150187,0.24786627,-0.7964974,0
-0.27532816,-1.2821821,-0.37130332,-0.50860643,-0.6569072,-0.55659008,0
3.1325021,-3.1061029,1.3181849,0.66118479,-0.71206409,0.23621917,0
3.0079999,-3.1980581,0.83250189,0.66118479,-0.71206409,0.23621917,0
-2.4400499,1.6241596,-1.8144596,-0.50860643,-0.6569072,-0.55659008,0
-2.1593881,3.8482697,-0.72138548,0.55150187,0.24786627,-0.7964974,0
3.3649924,-2.6866505,1.4428263,0.66118479,-0.71206409,0.23621917,0
-3.2591205,2.9768362,-1.0522866,-0.66118479,0.71206409,-0.23621917,0
1.8746459,-1.9730293,1.2704093,-0.55150187,-0.24786627,0.7964974,0
3.3496656,-2.3887494,0.7505703,0.55150187,0.24786627,-0.7964974,0
-0.37425989,-0.33411127,-0.81822604,-0.50860643,-0.6569072,-0.55659008,0
-1.006357,-0.038101554,-1.1063631,-0.50860643,-0.6569072,-0.55659008,0
2.6109815,-3.8355479,0.55440807,0.66118479,-0.71206409,0.23621917,0
0.17216384,1.390085,0.28375509,0.50860643,0.6569072,0.55659008,0
1.5924764,-2.4186339,1.0095797,-0.55150187,-0.24786627,0.7964974,0
-0.063571453,-0.016693115,-0.48092288,0.55150187,0.24786627,-0.7964974,0
-2.95295,2.572526,-1.8923564,-0.50860643,-0.6569072,-0.55659008,0
-2.9123559,3.2764263,-0.88717842,-0.66118479,0.71206409,-0.23621917,0
-1.3158895,0.52104032,0.051773667,-0.55150187,-0.24786627,0.7964974,0
-3.4651513,2.391294,-1.2678576,-0.50860643,-0.6569072,-0.55659008,0
0.97840184,-1.9472229,0.88955736,-0.55150187,-0.24786627,0.7964974,0
3.0731089,-3.2222905,0.95857191,0.66118479,-0.71206409,0.23621917,0
-1.9296997,2.3408954,-1.1605182,0.55150187,0.24786627,-0.7964974,0
3.5331593,-2.7364166,1.3059416,0.66118479,-0.71206409,0.23621917,0
-2.3619065,3.7620122,-0.84316921,-0.66118479,0.71206409,-0.23621917,0
2.4369605,-3.7105076,0.25523138,0.66118479,-0.71206409,0.23621917,0
0.5934245,-0.90105855,-0.45147905,0.55150187,0.24786627,-0.7964974,0
-3.314563,2.5985577,-1.3993368,-0.66118479,0.71206409,-0.23621917,0
0.78075224,-2.3453746,0.13346648,-0.50860643,-0.6569072,-0.55659008,0
-1.0592327,-0.080656946,-0.49466467,-0.50860643,-0.6569072,-0.55659008,0
-3.0875103,3.4730151,-0.65899372,-0.66118479,0.71206409,-0.23621917,0
-0.73902416,1.988224,-0.22456539,0.50860643,0.6569072,0.55659008,0
3.2120881,-2.8086481,1.1266751,0.66118479,-0.71206409,0.23621917,0
-2.6219542,3.4407759,-0.58473063,-0.66118479,0.71206409,-0.23621917,0
-1.7357254,0.59408408,-0.19711268,-0.55150187,-0.24786627,0.7964974,0
2.9089034,-3.0604193,1.0522571,0.66118479,-0.71206409,0.23621917,0
2.8940687,-2.0011616,1.50089,0.50860643,0.6569072,0.55659008,0
-2.7922904,2.7542596,-0.63422132,-0.55150187,-0.24786627,0.7964974,0
-3.0435939,1.7396739,-0.93202758,-0.50860643,-0.6569072,-0.55659008,0
1.6800967,-0.038316965,0.63064456,0.50860643,0.6569072,0.55659008,0
-2.6897612,3.8206885,-0.2622447,-0.66118479,0.71206409,-0.23621917,0
1.0662773,-2.2676439,0.20704722,-0.50860643,-0.6569072,-0.55659008,0
1.5738649,-0.22759169,0.19371498,0.55150187,0.24786627,-0.7964974,0
0.31413138,-1.6891212,0.046486855,-0.50860643,-0.6569072,-0.55659008,0
2.921983,-3.2265151,0.9966836,0.66118479,-0.71206409,0.23621917,0
-1.1485292,0.6434055,-1.3135167,-0.50860643,-0.6569072,-0.55659008,0
1.0740321,-0.52966648,1.0848141,-0.55150187,-0.24786627,0.7964974,0
2.3196545,-3.7502911,0.74767542,0.66118479,-0.71206409,0.23621917,0
-1.0066236,1.9397991,0.47275841,-0.55150187,-0.24786627,0.7964974,0
-2.7829151,3.2249668,-0.86375809,-0.66118479,0.71206409,-0.23621917,0
1.964021,-2.174767,1.3031318,-0.55150187,-0.24786627,0.7964974,0
2.9428241,-3.073673,1.0873346,0.66118479,-0.71206409,0.23621917,0
-1.6050223,1.7096813,0.1089232,-0.55150187,-0.24786627,0.7964974,0
-2.9450378,3.4283018,-1.041646,-0.66118479,0.71206409,-0.23621917,0
2.2640014,-1.2884969,1.519428,0.50860643,0.6569072,0.55659008,0
-3.1826324,2.8684444,-1.6399188,-0.66118479,0.71206409,-0.23621917,0
2.8737299,-3.1871736,1.5168166,0.66118479,-0.71206409,0.23621917,0
-2.471086,1.1329997,-0.88437057,-0.55150187,-0.24786627,0.7964974,0
-2.109961,1.0780212,-1.2197177,-0.50860643,-0.6569072,-0.55659008,0
-2.9205449,3.1227484,-1.5288496,-0.66118479,0.71206409,-0.23621917,0
1.0165411,-0.26424742,1.1286733,0.50860643,0.6569072,0.55659008,0
3.5575047,-2.6739166,1.751194,0.66118479,-0.71206409,0.23621917,0
3.6436331,-2.8185318,0.82954788,0.66118479,-0.71206409,0.23621917,0
0.77596313,0.15496725,0.118608,0.55150187,0.24786627,-0.7964974,0
2.4314291,-2.7565265,1.6484263,-0.55150187,-0.24786627,0.7964974,0
-0.96019679,2.0991797,0.02580142,0.50860643,0.6569072,0.55659008,0
2.7442584,-1.5028553,0.65194607,0.55150187,0.24786627,-0.7964974,0
-2.1113143,1.3077031,-0.64049315,-0.55150187,-0.24786627,0.7964974,0
2.0464735,-3.6075304,0.64796972,-0.50860643,-0.6569072,-0.55659008,0
-2.4753835,3.4511261,-0.88197613,-0.66118479,0.71206409,-0.23621917,0
-2.5578995,3.4695284,-1.0818996,-0.66118479,0.71206409,-0.23621917,0
3.4220772,-2.6046715,1.4937096,0.66118479,-0.71206409,0.23621917,0
1.5321298,-1.053862,-0.076444268,0.55150187,0.24786627,-0.7964974,0
2.2657588,-1.2068511,0.57789493,0.55150187,0.24786627,-0.7964974,0
-0.99303615,2.3374119,-0.23235631,0.50860643,0.6569072,0.55659008,0
2.6831388,-3.3510025,0.13521051,0.55150187,0.24786627,-0.7964974,0
2.225462,-1.7451141,1.6143765,0.50860643,0.6569072,0.55659008,0
2.7831454,-3.642056,0.54141617,0.66118479,-0.71206409,0.23621917,0
-0.22421074,-0.75154161,-0.5472334,-0.50860643,-0.6569072,-0.55659008,0
1.108487,-0.41351146,1.1808181,0.50860643,0.6569072,0.55659008,0
2.9468668,-2.9075565,1.2334175,0.66118479,-0.71206409,0.23621917,0
-3.7083867,2.515815,-1.1694398,-0.66118479,0.71206409,-0.23621917,0
1.65238,-0.37751159,0.60032272,0.50860643,0.6569072,0.55659008,0
-0.97468209,-0.25918481,-0.58592314,-0.50860643,-0.6569072,-0.55659008,0
-3.5709229,2.4185636,-1.4469023,-0.66118479,0.71206409,-0.23621917,0
-1.6849868,0.53561556,-0.5326879,-0.50860643,-0.6569072,-0.55659008,0
2.6651659,-3.5959067,0.23776245,0.66118479,-0.71206409,0.23621917,0
-3.094368,1.5109957,-0.96046352,-0.50860643,-0.6569072,-0.55659008,0
2.8992481,-3.4073503,0.67722988,0.66118479,-0.71206409,0.23621917,0
0.79324836,0.048008651,0.72005886,0.50860643,0.6569072,0.55659008,0
-2.9920228,2.4112983,-1.7587171,0.55150187,0.24786627,-0.7964974,0
1.8557272,-2.3841252,0.039099693,0.55150187,0.24786627,-0.7964974,0
-1.5569298,0.39360967,-1.1136171,-0.50860643,-0.6569072,-0.55659008,0
-3.0519223,2.7101102,-1.9290285,-0.66118479,0.71206409,-0.23621917,0
-1.8913338,3.1191838,-0.40012431,0.50860643,0.6569072,0.55659008,0
-2.9240711,2.9044807,-1.4429374,-0.66118479,0.71206409,-0.23621917,0
-2.7334783,2.9720073,-1.4129667,0.55150187,0.24786627,-0.7964974,0
-3.7691312,2.6420894,-1.1603689,-0.66118479,0.71206409,-0.23621917,0
-0.58276063,2.3502483,-0.15841413,0.50860643,0.6569072,0.55659008,0
-0.36052763,-0.69868273,-0.47214463,-0.50860643,-0.6569072,-0.55659008,0
-0.18364263,-0.82192242,-0.90433925,-0.50860643,-0.6569072,-0.55659008,0
3.049381,-2.9863503,1.4301972,0.66118479,-0.71206409,0.23621917,0
0.054256082,-1.187826,-0.45613512,-0.50860643,-0.6569072,-0.55659008,0
0.44200873,0.0092092752,0.85126531,-0.55150187,-0.24786627,0.7964974,0
1.5817585,-2.7541246,1.0932834,-0.55150187,-0.24786627,0.7964974,0
-2.304055,1.056617,-1.2273049,-0.50860643,-0.6569072,-0.55659008,0
3.0885608,-1.9815489,1.2257776,0.50860643,0.6569072,0.55659008,0
2.5208507,-1.8539766,1.6108644,0.50860643,0.6569072,0.55659008,0
-1.1435425,-0.21898043,-0.29879433,-0.50860643,-0.6569072,-0.55659008,0
-3.5898745,2.465723,-1.6199908,-0.66118479,0.71206409,-0.23621917,0
2.2318821,-2.9593544,0.15448356,0.55150187,0.24786627,-0.7964974,0
2.7105951,-3.6317382,1.1389155,0.66118479,-0.71206409,0.23621917,0
3.3439887,-2.5153489,1.4047561,0.50860643,0.6569072,0.55659008,0
2.058217,-1.4062302,1.3523254,0.50860643,0.6569072,0.55659008,0
2.2756858,-3.225445,0.1646502,0.55150187,0.24786627,-0.7964974,0
-2.9470162,3.1383967,-1.0006976,-0.66118479,0.71206409,-0.23621917,0
2.1037421,-3.364608,1.2608094,-0.55150187,-0.24786627,0.7964974,0
-2.2964411,3.4608274,-0.13668108,0.50860643,0.6569072,0.55659008,0
3.1881714,-2.4469323,2.0774903,0.50860643,0.6569072,0.55659008,0
2.4387877,-1.9641317,0.54858017,0.55150187,0.24786627,-0.7964974,0
-2.8483198,3.1660664,-1.0046525,-0.66118479,0.71206409,-0.23621917,0
-2.4017732,3.5894454,-0.35894442,0.50860643,0.6569072,0.55659008,0
-2.9853745,3.2011673,-0.69376421,-0.66118479,0.71206409,-0.23621917,0
2.7344244,-3.3177881,0.66645336,0.66118479,-0.71206409,0.23621917,0
1.8080864,-0.28973621,0.46035361,0.50860643,0.6569072,0.55659008,0
0.33746898,1.1957366,-0.064367533,0.55150187,0.24786627,-0.7964974,0
-1.9490166,1.3258135,-1.4420567,-0.50860643,-0.6569072,-0.55659008,0
1.1853745,-0.55946952,1.1311718,0.50860643,0.6569072,0.55659008,0
3.0009108,-2.2079649,1.7775588,0.50860643,0.6569072,0.55659008,0
-2.6004953,2.474215,-0.63504529,-0.55150187,-0.24786627,0.7964974,0
0.63007236,-1.5190747,0.7665956,-0.55150187,-0.24786627,0.7964974,0
-1.8697327,0.83904696,-1.3988137,-0.50860643,-0.6569072,-0.55659008,0
1.8287477,-1.9206114,0.067915678,0.55150187,0.24786627,-0.7964974,0
2.7618151,-3.6191812,1.1124701,0.66118479,-0.71206409,0.23621917,0
-0.6516825,0.76513022,0.61963582,-0.55150187,-0.24786627,0.7964974,0
0.77335519,-1.6678233,0.79323411,-0.55150187,-0.24786627,0.7964974,0
0.49755636,-1.2645376,-0.46661705,0.55150187,0.24786627,-0.7964974,0
-1.0790396,-0.085691273,0.041716397,-0.55150187,-0.24786627,0.7964974,0
2.7967298,-3.0185785,1.5344882,0.66118479,-0.71206409,0.23621917,0
2.4475553,-2.0444741,1.6212232,-0.55150187,-0.24786627,0.7964974,0
-3.3623021,2.7283688,-1.2755847,-0.66118479,0.71206409,-0.23621917,0
1.3934066,-0.08713451,0.33074927,0.50860643,0.6569072,0.55659008,0
1.8705566,-3.6663945,0.91511059,-0.50860643,-0.6569072,-0.55659008,0
-3.0580835,3.2348273,-1.507926,-0.66118479,0.71206409,-0.23621917,0
3.2097282,-2.1378658,1.5161047,0.50860643,0.6569072,0.55659008,0
1.5437026,-0.96222049,1.172622,0.50860643,0.6569072,0.55659008,0
-3.4631786,1.9998116,-1.2037435,-0.50860643,-0.6569072,-0.55659008,0
-2.7862494,3.142365,-1.0573339,-0.66118479,0.71206409,-0.23621917,0
-2.9569275,3.2033062,-0.61656427,-0.66118479,0.71206409,-0.23621917,0
-0.86953598,-0.35557505,-0.20312333,-0.55150187,-0.24786627,0.7964974,0
-3.1045296,2.983331,-1.4657121,-0.66118479,0.71206409,-0.23621917,0
0.72164983,-0.26949549,1.2006747,-0.55150187,-0.24786627,0.7964974,0
2.5429473,-3.6665812,0.66306591,0.66118479,-0.71206409,0.23621917,0
3.6788487,-2.3404288,1.1684051,0.66118479,-0.71206409,0.23621917,0
-3.1362362,2.8656707,-0.82401657,-0.66118479,0.71206409,-0.23621917,0
3.0444574,-3.2128139,1.2397103,0.66118479,-0.71206409,0.23621917,0
1.8907902,-0.99114048,0.59991384,0.55150187,0.24786627,-0.7964974,0
3.3359609,-2.6345892,1.9863715,0.50860643,0.6569072,0.55659008,0
2.2734869,-2.1798551,0.38413882,0.55150187,0.24786627,-0.7964974,0
-3.3440399,2.6228845,-1.8874726,-0.50860643,-0.6569072,-0.55659008,0
1.5271404,-2.4093461,-0.16472149,-0.50860643,-0.6569072,-0.55659008,0
-2.0056086,1.5309596,-0.52110863,-0.55150187,-0.24786627,0.7964974,0
2.4105344,-3.4489465,1.0894313,0.66118479,-0.71206409,0.23621917,0
2.5292854,-3.7499166,0.9303956,0.66118479,-0.71206409,0.23621917,0
-3.0431294,2.8765268,-1.467772,-0.66118479,0.71206409,-0.23621917,0
2.6190786,-3.5262275,0.35962009,0.66118479,-0.71206409,0.23621917,0
-0.64094555,-0.23213476,0.078262761,-0.55150187,-0.24786627,0.7964974,0
2.6452026,-1.3265557,1.0665076,0.50860643,0.6569072,0.55659008,0
2.5352111,-2.5824771,1.4914904,-0.55150187,-0.24786627,0.7964974,0
-1.9447546,0.45733285,-0.66784656,-0.50860643,-0.6569072,-0.55659008,0
-3.5910873,2.8520932,-1.2101493,-0.66118479,0.71206409,-0.23621917,0
-0.90123969,0.40504155,0.089528382,-0.55150187,-0.24786627,0.7964974,0
0.48869056,-1.2914245,-0.70520151,-0.50860643,-0.6569072,-0.55659008,0
2.6510894,-3.6853747,1.1361103,0.66118479,-0.71206409,0.23621917,0
1.9726064,-3.3862007,0.95680308,-0.55150187,-0.24786627,0.7964974,0
-0.11070859,-0.94371831,-0.31147695,-0.50860643,-0.6569072,-0.55659008,0
-3.5084944,2.6500344,-1.6979485,-0.66118479,0.71206409,-0.23621917,0
-2.4452631,1.2357457,-0.69947672,-0.55150187,-0.24786627,0.7964974,0
-2.823925,3.6053452,-0.24079037,-0.66118479,0.71206409,-0.23621917,0
-2.9942317,3.400291,-1.087636,-0.66118479,0.71206409,-0.23621917,0
-3.2303753,2.468751,-1.8605943,-0.66118479,0.71206409,-0.23621917,0
3.2053506,-2.3471823,1.3274713,0.50860643,0.6569072,0.55659008,0
-1.8253055,0.48621494,-0.71078455,-0.50860643,-0.6569072,-0.55659008,0
3.2192311,-3.3680661,0.69747305,0.66118479,-0.71206409,0.23621917,0
-0.031516075,-1.1999621,0.28355551,-0.55150187,-0.24786627,0.7964974,0
2.6777055,-2.1716185,1.8121066,0.50860643,0.6569072,0.55659008,0
0.60601068,-0.53859448,0.7292285,-0.55150187,-0.24786627,0.7964974,0
3.1942914,-2.3937361,1.9277234,0.50860643,0.6569072,0.55659008,0
1.1109321,0.22967561,0.42911154,0.50860643,0.6569072,0.55659008,0
3.1271231,-3.4297187,0.78492308,0.66118479,-0.71206409,0.23621917,0
-2.9665084,2.348022,-1.6907153,-0.50860643,-0.6569072,-0.55659008,0
-2.9843738,1.6101823,-1.2349007,-0.50860643,-0.6569072,-0.55659008,0
-3.5977993,2.5031769,-1.2486639,-0.50860643,-0.6569072,-0.55659008,0
3.0931215,-3.3064294,0.96114111,0.66118479,-0.71206409,0.23621917,0
-2.1390429,3.1816652,0.03831315,0.50860643,0.6569072,0.55659008,0
-2.3171096,3.9043798,-0.65077066,-0.66118479,0.71206409,-0.23621917,0
2.7476013,-3.5126803,0.4544301,0.66118479,-0.71206409,0.23621917,0
-0.63606739,2.032804,0.32542765,0.50860643,0.6569072,0.55659008,0
1.2150289,0.057471961,0.29646939,0.50860643,0.6569072,0.55659008,0
0.4735623,-1.6810966,0.10109925,-0.50860643,-0.6569072,-0.55659008,0
2.1417985,-1.7916507,0.46491718,0.55150187,0.24786627,-0.7964974,0
1.3842102,-2.2523119,-0.23032546,0.55150187,0.24786627,-0.7964974,0
-1.4166586,0.3590183,-0.083441615,-0.55150187,-0.24786627,0.7964974,0
-1.3198836,0.48086694,-1.2395341,-0.50860643,-0.6569072,-0.55659008,0
-0.81999373,2.2818489,-0.15738559,0.50860643,0.6569072,0.55659008,0
-2.8898745,3.5048406,-1.2246504,-0.66118479,0.71206409,-0.23621917,0
-3.2489676,3.0914736,-0.84896898,-0.66118479,0.71206409,-0.23621917,0
1.3212003,0.29135251,0.59169304,0.50860643,0.6569072,0.55659008,0
0.19169424,-0.17255956,-0.63364071,0.55150187,0.24786627,-0.7964974,0
-2.2585077,3.9138803,-0.5873065,0.50860643,0.6569072,0.55659008,0
2.7302999,-3.4649148,1.0967031,0.66118479,-0.71206409,0.23621917,0
-2.5381815,3.3266299,-0.14968204,0.50860643,0.6569072,0.55659008,0
-0.38203943,1.3647128,0.88028324,0.50860643,0.6569072,0.55659008,0
-1.7056293,2.726372,-0.033262968,0.50860643,0.6569072,0.55659008,0
-0.65340722,1.9410704,0.16790938,0.50860643,0.6569072,0.55659008,0
0.99020201,-0.08544296,1.0374616,0.50860643,0.6569072,0.55659008,0
-2.6307516,3.3787117,-0.012791157,0.50860643,0.6569072,0.55659008,0
0.93612695,-0.81294668,-0.21834171,0.55150187,0.24786627,-0.7964974,0
-3.6362376,2.7110116,-1.1869645,-0.66118479,0.71206409,-0.23621917,0
0.80475879,-2.4116149,0.35566282,-0.55150187,-0.24786627,0.7964974,0
-0.90758705,-0.084141135,-1.1504024,-0.50860643,-0.6569072,-0.55659008,0
3.2278554,-3.1569097,0.91026878,0.66118479,-0.71206409,0.23621917,0
-1.8026463,1.4992998,-0.2114923,-0.55150187,-0.24786627,0.7964974,0
2.2314332,-2.7914243,1.2178814,-0.55150187,-0.24786627,0.7964974,0
-0.78394997,-0.38481614,-0.92644519,-0.50860643,-0.6569072,-0.55659008,0
-2.6933639,2.9336448,-1.5498114,0.55150187,0.24786627,-0.7964974,0
-2.6037207,1.838758,-1.360111,-0.50860643,-0.6569072,-0.55659008,0
-0.066447973,1.3042467,0.52907485,0.50860643,0.6569072,0.55659008,0
-2.8784981,3.3823447,-1.163167,-0.66118479,0.71206409,-0.23621917,0
1.8528198,-3.0621486,-0.030135155,-0.50860643,-0.6569072,-0.55659008,0
2.4534059,-3.6770697,1.0221295,0.66118479,-0.71206409,0.23621917,0
2.6624837,-3.8280547,-0.038501263,-0.50860643,-0.6569072,-0.55659008,0
-2.9775145,2.9950993,-1.5443335,-0.66118479,0.71206409,-0.23621917,0
-1.591506,2.6323495,-0.19320035,0.50860643,0.6569072,0.55659008,0
1.7298987,-1.7018101,1.4766529,-0.55150187,-0.24786627,0.7964974,0
-2.9046178,3.208149,-0.68869448,-0.66118479,0.71206409,-0.23621917,0
-2.3186336,3.8136144,-0.99933386,-0.66118479,0.71206409,-0.23621917,0
3.0537953,-1.5776994,1.2045541,0.50860643,0.6569072,0.55659008,0
1.1505647,-0.12542582,0.008061707,0.55150187,0.24786627,-0.7964974,0
-0.36019683,-0.43598622,-0.88282007,0.55150187,0.24786627,-0.7964974,0
-2.7528887,1.4450794,-1.2056868,-0.50860643,-0.6569072,-0.55659008,0
-3.0381217,2.6105859,-0.73580074,-0.55150187,-0.24786627,0.7964974,0
2.9936967,-2.6074021,0.58561087,0.55150187,0.24786627,-0.7964974,0
-2.8945527,2.9034991,-1.8553252,-0.66118479,0.71206409,-0.23621917,0
2.2303128,-1.052307,1.26544,0.50860643,0.6569072,0.55659008,0
-1.9028338,3.2144554,-0.71275973,0.55150187,0.24786627,-0.7964974,0
-3.4283807,2.8718259,-1.551672,-0.66118479,0.71206409,-0.23621917,0
0.50633442,-1.5239648,0.55006313,-0.55150187,-0.24786627,0.7964974,0
-0.80749899,0.39404589,0.2673834,-0.55150187,-0.24786627,0.7964974,0
3.3014846,-2.7927504,1.1555219,0.66118479,-0.71206409,0.23621917,0
-2.4816642,1.2764341,-0.93702674,-0.50860643,-0.6569072,-0.55659008,0
-1.0010083,1.4397292,-0.84041584,0.55150187,0.24786627,-0.7964974,0
2.8472455,-3.4417119,1.1931043,0.66118479,-0.71206409,0.23621917,0
-0.60388225,0.67652076,-0.78845394,0.55150187,0.24786627,-0.7964974,0
-3.3864703,2.9269421,-1.4875641,-0.66118479,0.71206409,-0.23621917,0
-2.4642432,1.5495325,-0.78793287,-0.55150187,-0.24786627,0.7964974,0
-0.18968084,0.19654642,0.43334663,-0.55150187,-0.24786627,0.7964974,0
-0.764449,2.2598476,-0.61166739,0.55150187,0.24786627,-0.7964974,0
1.4526213,-2.4339476,-0.36030674,-0.50860643,-0.6569072,-0.55659008,0
-1.2178792,0.18670237,-0.88545537,-0.50860643,-0.6569072,-0.55659008,0
-0.23226243,1.704283,-0.4658457,0.55150187,0.24786627,-0.7964974,0
-3.0164094,2.868494,-1.8143773,-0.66118479,0.71206409,-0.23621917,0
-0.25180233,-0.75241238,-0.84501922,-0.50860643,-0.6569072,-0.55659008,0
-1.0206637,1.4675907,0.52401876,-0.55150187,-0.24786627,0.7964974,0
-2.1549067,0.8571198,-1.097955,-0.50860643,-0.6569072,-0.55659008,0
-2.6740167,2.9643557,-1.3757415,0.55150187,0.24786627,-0.7964974,0
-2.2808187,1.7144918,-1.6215496,-0.50860643,-0.6569072,-0.55659008,0
2.2420907,-0.92815775,0.78727388,0.55150187,0.24786627,-0.7964974,0
-2.501246,3.6941671,-0.56591558,-0.66118479,0.71206409,-0.23621917,0
-2.9359317,2.8771453,-1.675808,-0.66118479,0.71206409,-0.23621917,0
-1.4127527,2.830492,-0.083617449,0.50860643,0.6569072,0.55659008,0
-3.0931988,1.97787,-0.98874259,-0.55150187,-0.24786627,0.7964974,0
2.8385279,-2.3163261,1.7737443,-0.55150187,-0.24786627,0.7964974,0
-2.3980618,2.9467463,0.021669626,-0.55150187,-0.24786627,0.7964974,0
2.0365679,-1.1654539,1.2883379,0.50860643,0.6569072,0.55659008,0
3.4809806,-2.9636576,1.1619544,0.66118479,-0.71206409,0.23621917,0
3.0358636,-3.3603361,0.18522549,0.55150187,0.24786627,-0.7964974,0
0.26190132,-0.99414116,-0.61927521,-0.50860643,-0.6569072,-0.55659008,0
-1.9265075,3.0772698,-1.0508714,0.55150187,0.24786627,-0.7964974,0
2.8119922,-3.7891335,0.34335804,0.66118479,-0.71206409,0.23621917,0
-2.8156924,3.6794233,-0.78974724,-0.66118479,0.71206409,-0.23621917,0
-2.6737142,3.8373384,-0.48723173,-0.66118479,0.71206409,-0.23621917,0
-1.734854,3.3208196,-0.48914003,0.50860643,0.6569072,0.55659008,0
-2.9566491,3.5314298,-0.9325161,-0.66118479,0.71206409,-0.23621917,0
-2.845191,1.9939049,-0.83076119,-0.55150187,-0.24786627,0.7964974,0
-3.1031039,2.9133811,-1.2668047,-0.66118479,0.71206409,-0.23621917,0
-2.3551307,3.95561,-0.5117774,-0.66118479,0.71206409,-0.23621917,0
2.6903174,-3.7104373,0.85942554,0.66118479,-0.71206409,0.23621917,0
-1.3438226,0.31157812,-1.1563758,-0.50860643,-0.6569072,-0.55659008,0
-0.79576468,2.1654193,-0.15825295,0.50860643,0.6569072,0.55659008,0
-0.26817322,1.7475798,-0.25943649,0.55150187,0.24786627,-0.7964974,0
2.9111824,-3.4419932,0.13792562,0.66118479,-0.71206409,0.23621917,0
0.3883208,0.20891857,1.1516527,-0.55150187,-0.24786627,0.7964974,0
3.1518412,-2.8547435,2.022943,0.66118479,-0.71206409,0.23621917,0
2.8260965,-3.5964112,0.58097553,0.66118479,-0.71206409,0.23621917,0
0.25781351,-0.70573974,0.82452404,-0.55150187,-0.24786627,0.7964974,0
-2.6298871,1.3648429,-1.1609089,-0.50860643,-0.6569072,-0.55659008,0
-2.1511035,3.1858737,-0.28520823,0.50860643,0.6569072,0.55659008,0
-2.4932311,2.3272235,-1.79684,0.55150187,0.24786627,-0.7964974,0
3.0223045,-2.8902636,1.1916537,0.66118479,-0.71206409,0.23621917,0
-2.6829257,3.2789721,-1.2872748,-0.66118479,0.71206409,-0.23621917,0
2.2255652,-2.6109037,0.095425844,0.55150187,0.24786627,-0.7964974,0
-3.0292888,2.635365,-1.7361941,0.55150187,0.24786627,-0.7964974,0
3.2577493,-3.1107974,0.93158722,0.66118479,-0.71206409,0.23621917,0
3.0424192,-3.2369995,1.3660817,0.66118479,-0.71206409,0.23621917,0
2.5318325,-3.6366649,0.74873781,0.66118479,-0.71206409,0.23621917,0
3.0405388,-2.8613405,1.2201977,0.66118479,-0.71206409,0.23621917,0
3.2971349,-2.5469003,1.8344469,0.66118479,-0.71206409,0.23621917,0
-2.5995615,3.6187634,-1.365613,-0.66118479,0.71206409,-0.23621917,0
3.5380135,-2.4802547,1.2870069,0.66118479,-0.71206409,0.23621917,0
-2.8091805,3.1526046,-1.1026444,-0.66118479,0.71206409,-0.23621917,0
0.62992847,-1.0440075,-0.38296896,0.55150187,0.24786627,-0.7964974,0
-2.9988887,2.9271555,-1.8141437,-0.66118479,0.71206409,-0.23621917,0
-2.5523653,1.4189007,-1.2934172,-0.50860643,-0.6569072,-0.55659008,0
3.0719492,-3.2521727,0.53015947,0.66118479,-0.71206409,0.23621917,0
2.7851732,-1.8273177,1.730515,0.50860643,0.6569072,0.55659008,0
-3.0614362,3.1188769,-1.5527482,-0.66118479,0.71206409,-0.23621917,0
-0.428231,1.8777177,-0.55435073,0.55150187,0.24786627,-0.7964974,0
2.8714762,-3.2426531,0.47015667,0.66118479,-0.71206409,0.23621917,0
2.3645296,-3.8729005,0.60544157,0.66118479,-0.71206409,0.23621917,0
2.3532848,-0.91632903,0.88721299,0.50860643,0.6569072,0.55659008,0
-1.1582544,1.8579321,-1.0563898,0.55150187,0.24786627,-0.7964974,0
-3.6279302,2.6982546,-1.2819214,-0.66118479,0.71206409,-0.23621917,0
0.46847183,1.0142369,-0.0106318,0.50860643,0.6569072,0.55659008,0
2.9700487,-2.96522,0.38111877,0.55150187,0.24786627,-0.7964974,0
-2.2668817,3.8575821,-0.38843775,0.50860643,0.6569072,0.55659008,0
2.9999237,-2.8179975,1.5721855,0.66118479,-0.71206409,0.23621917,0
2.5486796,-3.7288835,0.93768692,0.66118479,-0.71206409,0.23621917,0
0.034030557,-1.1710544,-0.58966035,-0.50860643,-0.6569072,-0.55659008,0
0.13487065,-1.5105544,0.069133162,-0.55150187,-0.24786627,0.7964974,0
3.1100807,-2.41066,1.7813792,0.50860643,0.6569072,0.55659008,0
-2.8287332,3.468219,-0.6050148,-0.66118479,0.71206409,-0.23621917,0
-2.8404973,2.9537826,-1.4973731,-0.66118479,0.71206409,-0.23621917,0
-2.9068561,3.5031307,-0.69072533,-0.66118479,0.71206409,-0.23621917,0
2.6434386,-3.4637809,0.82702065,0.66118479,-0.71206409,0.23621917,0
-3.6251123,2.6225269,-1.4471006,-0.66118479,0.71206409,-0.23621917,0
2.6637774,-3.7954862,0.55527687,-0.50860643,-0.6569072,-0.55659008,0
-2.4456973,2.7867525,-0.31175518,-0.55150187,-0.24786627,0.7964974,0
