0.11003661,-1.0055426,-0.80012333,0.45350683,-0.45967448,-0.76356471,0
0.24516466,-1.3960974,-0.42363477,-0.38978183,-0.8727501,0.29390073,0
0.16187495,-0.45321679,-0.69049633,0.45350683,-0.45967448,-0.76356471,0
-0.24874164,-1.2918615,-0.23995531,-0.38978183,-0.8727501,0.29390073,0
-0.73212647,-0.54165643,0.4298107,-0.38978183,-0.8727501,0.29390073,0
-0.49673361,0.0050458908,0.85956514,-0.45350683,0.45967448,0.76356471,0
0.43788457,-1.1146066,-0.36770093,0.45350683,-0.45967448,-0.76356471,0
-0.57339931,1.2575307,0.21316367,-0.45350683,0.45967448,0.76356471,0
0.15211129,0.87051392,-0.53074026,0.38978183,0.8727501,-0.29390073,0
0.14122725,0.97821772,0.93947798,-0.45350683,0.45967448,0.76356471,0
-0.24951673,-0.73223996,-0.92870218,-0.80149972,0.16433752,-0.5749709,0
0.27234343,1.1873629,0.58265769,-0.45350683,0.45967448,0.76356471,0
0.22036678,0.6602422,-0.68731523,-0.80149972,0.16433752,-0.5749709,0
0.65048361,0.79376078,-0.71654463,0.38978183,0.8727501,-0.29390073,0
1.0106333,0.27041125,-0.63515276,0.45350683,-0.45967448,-0.76356471,0
-0.55545348,-0.8634246,0.62451506,-0.38978183,-0.8727501,0.29390073,0
-0.43636608,0.044563293,1.0155438,-0.45350683,0.45967448,0.76356471,0
-0.49471498,-0.62043411,0.97586823,-0.38978183,-0.8727501,0.29390073,0
0.6650281,-1.0637499,-0.2990317,0.45350683,-0.45967448,-0.76356471,0
-0.2355926,-0.73658967,0.90613699,-0.38978183,-0.8727501,0.29390073,0
-0.3510125,1.2557135,0.16217029,-0.80149972,0.16433752,-0.5749709,0
-0.17665809,-1.1844916,-0.64352429,0.45350683,-0.45967448,-0.76356471,0
0.84459174,-0.46085176,-0.28316838,0.80149972,-0.16433752,0.5749709,0
0.53979814,0.21240485,-0.92939132,0.45350683,-0.45967448,-0.76356471,0
0.49902916,0.91450143,0.082325101,0.38978183,0.8727501,-0.29390073,0
-0.26490998,0.29079512,-0.47045082,-0.80149972,0.16433752,-0.5749709,0
-0.28181332,-1.2267027,-0.018178821,-0.38978183,-0.8727501,0.29390073,0
-0.19493029,1.2089061,0.62612325,-0.45350683,0.45967448,0.76356471,0
1.1031529,-0.17730191,-0.42488876,0.80149972,-0.16433752,0.5749709,0
-0.12423849,-0.37739468,1.0025655,0.80149972,-0.16433752,0.5749709,0
-0.22060126,0.45442414,0.92807448,-0.45350683,0.45967448,0.76356471,0
-0.040591404,1.3448586,0.032561183,0.38978183,0.8727501,-0.29390073,0
-0.39005578,-0.33823931,1.0357047,-0.45350683,0.45967448,0.76356471,0
0.24669454,-1.4772249,-0.46525812,0.45350683,-0.45967448,-0.76356471,0
0.58118302,-0.78390795,-0.54895127,0.45350683,-0.45967448,-0.76356471,0
0.65343481,0.097258091,-1.2004654,0.45350683,-0.45967448,-0.76356471,0
0.86827177,-0.40050277,-0.63441569,0.45350683,-0.45967448,-0.76356471,0
0.42444864,1.1453354,0.22417951,0.38978183,0.8727501,-0.29390073,0
0.099460512,1.0687727,-0.44108987,0.38978183,0.8727501,-0.29390073,0
-0.47860742,-0.99730146,-0.26032257,-0.38978183,-0.8727501,0.29390073,0
0.27707291,-1.4254669,-0.12249386,0.80149972,-0.16433752,0.5749709,0
-0.032993942,-1.0665851,0.30210465,-0.38978183,-0.8727501,0.29390073,0
0.87067157,-0.13442282,-0.4609873,0.80149972,-0.16433752,0.5749709,0
-0.70991951,-0.48057091,0.09420836,-0.80149972,0.16433752,-0.5749709,0
0.57015723,0.87931758,-0.052098751,0.38978183,0.8727501,-0.29390073,0
0.13355458,-0.76860303,-0.8087548,0.45350683,-0.45967448,-0.76356471,0
-0.20724419,1.2015218,0.268682,0.38978183,0.8727501,-0.29390073,0
-0.08087036,-0.59971464,0.49054068,0.80149972,-0.16433752,0.5749709,0
0.50040841,0.95005286,0.066346884,0.38978183,0.8727501,-0.29390073,0
-0.03475672,0.60963535,-0.75081086,-0.80149972,0.16433752,-0.5749709,0
0.42532632,-0.79621458,-0.44115356,0.45350683,-0.45967448,-0.76356471,0
0.055084586,1.1578811,0.76789272,-0.45350683,0.45967448,0.76356471,0
0.52105778,0.81339741,0.043622613,0.38978183,0.8727501,-0.29390073,0
0.056433856,-0.39020997,-1.0340332,0.45350683,-0.45967448,-0.76356471,0
-0.14875853,-1.2805985,-0.58194792,-0.38978183,-0.8727501,0.29390073,0
-0.80928808,-0.55841243,0.77318883,-0.38978183,-0.8727501,0.29390073,0
-0.28450242,1.1291106,0.58766401,-0.45350683,0.45967448,0.76356471,0
-0.47646177,0.15358156,0.94622004,-0.45350683,0.45967448,0.76356471,0
-0.70744073,0.06111598,-0.15343118,-0.80149972,0.16433752,-0.5749709,0
0.31096071,-1.1628118,-0.085456908,0.80149972,-0.16433752,0.5749709,0
0.053199869,1.3225852,0.1324923,0.38978183,0.8727501,-0.29390073,0
0.29448217,0.35705268,0.56111592,0.80149972,-0.16433752,0.5749709,0
0.20044734,-1.2777233,0.19462729,-0.38978183,-0.8727501,0.29390073,0
1.103916,-0.17302823,-0.49455896,0.80149972,-0.16433752,0.5749709,0
-0.50336206,-0.98697782,0.092802167,-0.38978183,-0.8727501,0.29390073,0
-0.17227276,-1.1011248,0.23595107,-0.38978183,-0.8727501,0.29390073,0
-0.78629953,-0.26502079,0.89453274,-0.38978183,-0.8727501,0.29390073,0
0.018679917,0.88229489,0.90623695,-0.45350683,0.45967448,0.76356471,0
0.56535977,0.17665619,-0.94045448,0.45350683,-0.45967448,-0.76356471,0
-0.43863666,-0.96251285,-0.015619159,-0.38978183,-0.8727501,0.29390073,0
0.17501929,-0.96973032,-0.41052675,0.45350683,-0.45967448,-0.76356471,0
0.098413706,-0.3130669,0.38676095,0.80149972,-0.16433752,0.5749709,0
0.80546623,-0.83271438,-0.33200312,0.80149972,-0.16433752,0.5749709,0
-0.92875546,-0.12632293,1.0299135,-0.45350683,0.45967448,0.76356471,0
0.96100295,0.32728231,-0.6841647,0.38978183,0.8727501,-0.29390073,0
-0.034060419,-0.3071987,-1.0306013,0.45350683,-0.45967448,-0.76356471,0
-0.35283595,0.36104816,1.1166536,-0.45350683,0.45967448,0.76356471,0
-0.22246909,0.10829526,1.1169345,-0.45350683,0.45967448,0.76356471,0
0.78330868,-0.62385666,-0.10430582,0.80149972,-0.16433752,0.5749709,0
-0.84716386,0.098275989,0.18701595,-0.80149972,0.16433752,-0.5749709,0
-0.001760304,-0.37159222,-0.6840713,-0.80149972,0.16433752,-0.5749709,0
0.32677418,0.91783667,-0.83659875,0.38978183,0.8727501,-0.29390073,0
1.25646,0.26225489,-0.75197232,0.80149972,-0.16433752,0.5749709,0
0.38281187,-0.091190994,0.33589762,0.80149972,-0.16433752,0.5749709,0
-0.44573188,0.59792304,0.18462135,-0.80149972,0.16433752,-0.5749709,0
0.2642889,0.9652375,0.12066936,0.38978183,0.8727501,-0.29390073,0
0.52790028,-1.1966966,0.11938971,0.80149972,-0.16433752,0.5749709,0
0.31113684,0.62109089,-0.65556121,0.38978183,0.8727501,-0.29390073,0
-0.2076245,0.24635786,0.87671494,-0.45350683,0.45967448,0.76356471,0
-1.1351787,-0.29411027,0.28830487,-0.80149972,0.16433752,-0.5749709,0
-0.76466382,-0.63686091,0.50963825,-0.38978183,-0.8727501,0.29390073,0
0.75299269,-1.1175117,-0.39189187,0.45350683,-0.45967448,-0.76356471,0
0.38568205,0.31571519,-1.2152051,0.45350683,-0.45967448,-0.76356471,0
-0.2714296,0.36364394,1.1319469,0.80149972,-0.16433752,0.5749709,0
0.015263647,1.2977169,0.22613394,0.38978183,0.8727501,-0.29390073,0
0.91464192,0.78877336,0.013868451,0.80149972,-0.16433752,0.5749709,0
0.22368665,0.99479991,0.43142056,0.38978183,0.8727501,-0.29390073,0
0.91307557,0.26578349,-1.1731886,0.45350683,-0.45967448,-0.76356471,0
0.48288113,-0.29887265,-1.0321821,0.45350683,-0.45967448,-0.76356471,0
-0.57006526,0.76100123,0.27817205,-0.45350683,0.45967448,0.76356471,0
-0.32899979,-0.81022471,0.35037524,-0.38978183,-0.8727501,0.29390073,0
0.10519207,0.91769338,0.7877019,0.80149972,-0.16433752,0.5749709,0
0.54400432,-0.56080157,-0.26983076,0.80149972,-0.16433752,0.5749709,0
-0.07001698,-0.68878281,0.9633081,-0.38978183,-0.8727501,0.29390073,0
-0.38566422,-0.83424491,0.52150017,-0.38978183,-0.8727501,0.29390073,0
-0.57132387,1.2312806,0.4435671,-0.45350683,0.45967448,0.76356471,0
0.074567273,-1.431869,-0.29905379,-0.38978183,-0.8727501,0.29390073,0
-1.1191025,-0.27543032,0.53488082,-0.80149972,0.16433752,-0.5749709,0
0.07833764,-1.2555265,0.27898192,-0.38978183,-0.8727501,0.29390073,0
-0.71574837,0.57251823,0.61574095,-0.45350683,0.45967448,0.76356471,0
-0.4607698,0.42595017,-0.0072072595,-0.80149972,0.16433752,-0.5749709,0
-0.29920775,-0.35143608,1.1136585,0.80149972,-0.16433752,0.5749709,0
0.55932188,0.47948289,-0.92871654,0.38978183,0.8727501,-0.29390073,0
-0.088092923,-1.1954639,-0.63843977,0.45350683,-0.45967448,-0.76356471,0
0.82694256,0.87636095,-0.33454776,0.38978183,0.8727501,-0.29390073,0
0.92150939,0.55663759,-0.65050083,0.38978183,0.8727501,-0.29390073,0
0.13156903,0.79047298,-0.60592008,0.38978183,0.8727501,-0.29390073,0
-0.59006435,-0.44975024,0.071587324,-0.80149972,0.16433752,-0.5749709,0
-0.092615575,-1.1349918,0.49281967,-0.38978183,-0.8727501,0.29390073,0
-0.096761584,0.53320533,-0.78824651,-0.80149972,0.16433752,-0.5749709,0
0.68799657,-0.11012611,0.11602107,0.80149972,-0.16433752,0.5749709,0
0.84675682,-0.10931686,-0.40566945,0.80149972,-0.16433752,0.5749709,0
-0.42541295,-0.99872816,-0.80194008,0.45350683,-0.45967448,-0.76356471,0
0.44750059,1.014937,0.46719003,0.80149972,-0.16433752,0.5749709,0
0.51650083,0.084546283,-0.025207669,0.80149972,-0.16433752,0.5749709,0
-1.2036828,-0.26235467,0.74300963,-0.80149972,0.16433752,-0.5749709,0
-0.65664202,-0.60416126,0.017364264,-0.80149972,0.16433752,-0.5749709,0
0.23701173,0.98713458,-0.27239668,0.38978183,0.8727501,-0.29390073,0
-0.076608703,1.0912335,-0.19471812,0.38978183,0.8727501,-0.29390073,0
-0.22175439,1.3631225,0.24769068,-0.45350683,0.45967448,0.76356471,0
0.52572161,-0.013404071,-0.85760665,0.45350683,-0.45967448,-0.76356471,0
-0.21960258,0.81671721,0.64959204,-0.45350683,0.45967448,0.76356471,0
0.44829652,-0.025148451,0.3353408,0.80149972,-0.16433752,0.5749709,0
-0.23432295,-0.80656767,0.20679492,-0.38978183,-0.8727501,0.29390073,0
0.28904098,-0.45627189,-0.96850115,0.45350683,-0.45967448,-0.76356471,0
0.28977782,-0.11690092,-0.92208147,0.45350683,-0.45967448,-0.76356471,0
-0.21851882,1.1160679,-0.36191726,0.38978183,0.8727501,-0.29390073,0
-0.2102274,0.89329255,0.0012640953,-0.80149972,0.16433752,-0.5749709,0
-0.83876359,-0.68444347,0.18018079,-0.38978183,-0.8727501,0.29390073,0
-0.098001838,-0.82509738,0.42801803,-0.38978183,-0.8727501,0.29390073,0
-0.35881326,-1.0511363,0.085042238,-0.38978183,-0.8727501,0.29390073,0
-0.63437128,-0.70881939,0.29423404,-0.38978183,-0.8727501,0.29390073,0
-1.1910368,-0.16494478,0.86901772,-0.38978183,-0.8727501,0.29390073,0
0.064785123,-0.86583996,-0.632177,0.45350683,-0.45967448,-0.76356471,0
0.57867587,0.8355372,-0.51053911,0.38978183,0.8727501,-0.29390073,0
-0.14595294,0.15289104,1.1772935,0.80149972,-0.16433752,0.5749709,0
0.77361715,-0.34219134,-0.55162686,0.45350683,-0.45967448,-0.76356471,0
-0.55022287,-0.16974467,0.95564699,-0.45350683,0.45967448,0.76356471,0
0.030329317,-1.3927526,-0.51571918,-0.38978183,-0.8727501,0.29390073,0
-0.37977481,-0.61819887,1.3017554,-0.38978183,-0.8727501,0.29390073,0
-0.7767511,0.17119384,0.26154169,-0.80149972,0.16433752,-0.5749709,0
-0.5497784,-0.52406222,1.2350472,-0.45350683,0.45967448,0.76356471,0
-0.49241769,-0.92460394,0.66062397,-0.38978183,-0.8727501,0.29390073,0
0.15740907,0.48270941,-1.0593617,-0.80149972,0.16433752,-0.5749709,0
0.20281294,-0.91991478,-0.539662,0.45350683,-0.45967448,-0.76356471,0
-0.2493909,0.32929116,0.71333843,-0.45350683,0.45967448,0.76356471,0
-0.11794722,-0.21395332,0.76791108,0.80149972,-0.16433752,0.5749709,0
-1.0378979,-0.2003248,0.85714781,-0.45350683,0.45967448,0.76356471,0
0.21650791,1.3371336,0.5798949,0.38978183,0.8727501,-0.29390073,0
0.65867984,-0.86793381,-0.55644464,0.45350683,-0.45967448,-0.76356471,0
-0.24707922,1.050476,0.056681454,-0.80149972,0.16433752,-0.5749709,0
-1.0056825,0.15439431,0.81867737,-0.45350683,0.45967448,0.76356471,0
0.13031524,0.89027166,-0.75114012,0.38978183,0.8727501,-0.29390073,0
-0.50098419,0.56581163,-0.1965941,-0.80149972,0.16433752,-0.5749709,0
-0.68525732,-0.78176379,0.56295246,-0.38978183,-0.8727501,0.29390073,0
0.54700184,-0.872486,-0.61464787,0.45350683,-0.45967448,-0.76356471,0
0.6866225,-0.82500207,-0.28805241,0.45350683,-0.45967448,-0.76356471,0
-0.94456613,-0.45051256,1.0746756,-0.38978183,-0.8727501,0.29390073,0
-0.014269987,1.132709,0.01146102,0.38978183,0.8727501,-0.29390073,0
-0.22874801,1.0990206,0.35780817,-0.45350683,0.45967448,0.76356471,0
0.66419894,0.73029757,-0.40534347,0.38978183,0.8727501,-0.29390073,0
0.11069126,1.195587,-0.17689848,0.38978183,0.8727501,-0.29390073,0
-0.39361709,1.3017026,0.20005089,-0.80149972,0.16433752,-0.5749709,0
-0.49311537,-0.17172402,1.2699249,-0.45350683,0.45967448,0.76356471,0
0.20069915,-0.97189927,0.35652208,0.80149972,-0.16433752,0.5749709,0
0.38331956,0.12724666,0.17534578,0.80149972,-0.16433752,0.5749709,0
-0.43011758,0.40948868,0.59464902,-0.45350683,0.45967448,0.76356471,0
-0.51320863,0.19315472,0.81552815,-0.45350683,0.45967448,0.76356471,0
-0.056703556,1.1099565,0.073860049,0.38978183,0.8727501,-0.29390073,0
-0.41050062,1.331004,0.15556973,0.38978183,0.8727501,-0.29390073,0
0.28358984,0.31070036,-1.1273024,0.45350683,-0.45967448,-0.76356471,0
-0.29476333,-0.85466361,-0.93169564,-0.80149972,0.16433752,-0.5749709,0
0.091040164,-0.91033578,0.43757033,-0.38978183,-0.8727501,0.29390073,0
0.68474776,0.27136648,-1.2019671,0.45350683,-0.45967448,-0.76356471,0
0.57066178,-0.17479113,0.31834579,0.80149972,-0.16433752,0.5749709,0
-0.30312124,1.0841277,0.60893911,-0.45350683,0.45967448,0.76356471,0
-0.13448107,-0.5650084,-0.80106825,0.45350683,-0.45967448,-0.76356471,0
-0.2903167,-1.3288683,-0.29054928,-0.38978183,-0.8727501,0.29390073,0
-0.19338715,0.76536655,0.66937774,-0.45350683,0.45967448,0.76356471,0
-0.42412576,1.1200199,0.34516424,-0.80149972,0.16433752,-0.5749709,0
0.069045305,-0.36200061,0.51227915,0.80149972,-0.16433752,0.5749709,0
0.68706536,0.67868328,0.025015712,0.80149972,-0.16433752,0.5749709,0
0.36430588,1.070883,0.17288995,0.38978183,0.8727501,-0.29390073,0
1.0751231,0.040452413,-0.64194429,0.80149972,-0.16433752,0.5749709,0
-0.26484498,1.0469613,0.38429314,-0.45350683,0.45967448,0.76356471,0
-0.12487072,-0.17820269,1.1279743,0.80149972,-0.16433752,0.5749709,0
-0.76411271,0.63395947,0.2557472,-0.45350683,0.45967448,0.76356471,0
0.20134982,1.2567251,0.099938989,0.38978183,0.8727501,-0.29390073,0
0.44321015,0.58832324,0.70992637,0.80149972,-0.16433752,0.5749709,0
-1.0653665,-0.37489218,0.59444869,-0.38978183,-0.8727501,0.29390073,0
-0.095575511,0.6167354,-0.52569121,-0.80149972,0.16433752,-0.5749709,0
0.041663349,-0.94780958,0.62379521,0.80149972,-0.16433752,0.5749709,0
-0.4389644,-0.95818996,-0.75735188,-0.80149972,0.16433752,-0.5749709,0
-0.59078217,0.49018902,0.054497484,-0.80149972,0.16433752,-0.5749709,0
-0.48979181,-0.84349668,0.20232439,-0.38978183,-0.8727501,0.29390073,0
0.33808732,0.47932422,-1.4401861,0.38978183,0.8727501,-0.29390073,0
-0.53678215,1.1972923,0.445023,-0.45350683,0.45967448,0.76356471,0
0.071157396,-1.1371746,-0.48761833,0.45350683,-0.45967448,-0.76356471,0
0.54741824,-0.64416176,-0.43861493,0.45350683,-0.45967448,-0.76356471,0
0.28438848,-0.48464599,-0.87564969,0.45350683,-0.45967448,-0.76356471,0
-0.83168381,0.91440946,0.22174367,-0.80149972,0.16433752,-0.5749709,0
0.16154617,1.4419906,0.49083233,0.38978183,0.8727501,-0.29390073,0
-0.68930817,-0.26516223,-0.12147582,-0.80149972,0.16433752,-0.5749709,0
0.20729238,0.18442345,0.61146766,0.80149972,-0.16433752,0.5749709,0
-0.44702226,0.69088036,-0.34501642,-0.80149972,0.16433752,-0.5749709,0
-0.23931955,1.3087348,0.13193846,-0.80149972,0.16433752,-0.5749709,0
-0.30497122,1.0607973,0.26029891,-0.45350683,0.45967448,0.76356471,0
0.40978864,0.69229847,-0.41755402,0.38978183,0.8727501,-0.29390073,0
-0.34644562,0.31793424,0.71475148,-0.45350683,0.45967448,0.76356471,0
-0.13860945,-1.0614884,0.22787869,-0.38978183,-0.8727501,0.29390073,0
0.19398651,-0.10604239,0.72251141,0.80149972,-0.16433752,0.5749709,0
0.066250846,-1.1865419,0.29051644,0.80149972,-0.16433752,0.5749709,0
-0.29169679,0.18244165,-0.61997014,-0.80149972,0.16433752,-0.5749709,0
-0.53040951,0.34155387,0.24904162,-0.80149972,0.16433752,-0.5749709,0
0.65201849,0.15033478,-1.2641087,0.45350683,-0.45967448,-0.76356471,0
0.22924075,-0.49895418,0.27521515,0.80149972,-0.16433752,0.5749709,0
0.30601352,-0.72685045,0.038746536,0.80149972,-0.16433752,0.5749709,0
-0.061354458,-1.3552608,-0.61471927,-0.38978183,-0.8727501,0.29390073,0
-0.40184325,0.7993961,0.46546528,-0.45350683,0.45967448,0.76356471,0
-0.37301332,-0.75707614,0.20899093,-0.38978183,-0.8727501,0.29390073,0
-0.26473641,-0.70997143,-0.74890447,-0.80149972,0.16433752,-0.5749709,0
0.61276478,0.60919255,-0.89318573,0.38978183,0.8727501,-0.29390073,0
-0.5305087,0.12881003,0.03279525,-0.80149972,0.16433752,-0.5749709,0
0.69173813,-0.208722,-0.7875675,0.45350683,-0.45967448,-0.76356471,0
-0.32535952,-0.52569675,0.96756148,0.80149972,-0.16433752,0.5749709,0
-0.29635924,-0.60009283,0.69403839,-0.38978183,-0.8727501,0.29390073,0
0.84515846,0.044162296,-0.28509182,0.80149972,-0.16433752,0.5749709,0
-0.92058218,-0.55284595,0.095396638,-0.80149972,0.16433752,-0.5749709,0
-0.14316833,0.93468106,0.53900099,-0.45350683,0.45967448,0.76356471,0
-0.57917881,-0.16984311,0.058229387,-0.80149972,0.16433752,-0.5749709,0
0.55200458,-0.51236153,-0.36590755,0.80149972,-0.16433752,0.5749709,0
-0.14276695,0.31592357,0.87838447,-0.45350683,0.45967448,0.76356471,0
-0.38779807,-0.02874428,1.0347933,-0.45350683,0.45967448,0.76356471,0
-0.30370703,-0.78870416,0.45808333,-0.38978183,-0.8727501,0.29390073,0
0.49051461,0.88516009,0.1327405,0.38978183,0.8727501,-0.29390073,0
0.22522208,-0.80082685,0.026513934,0.80149972,-0.16433752,0.5749709,0
-0.45123488,-0.25429857,1.0941176,-0.45350683,0.45967448,0.76356471,0
-0.35613877,-0.015482172,-0.03028965,-0.80149972,0.16433752,-0.5749709,0
0.20455274,-1.4312387,-0.15905392,0.45350683,-0.45967448,-0.76356471,0
0.13692853,-1.4136823,-0.37987709,-0.38978183,-0.8727501,0.29390073,0
-0.2450754,-0.59437692,0.68133384,-0.38978183,-0.8727501,0.29390073,0
-0.23578346,-0.59105939,0.73861063,0.80149972,-0.16433752,0.5749709,0
0.60415757,0.75481707,-0.016381025,0.38978183,0.8727501,-0.29390073,0
0.173513,-1.3462524,0.049916744,-0.38978183,-0.8727501,0.29390073,0
0.19650941,-1.4288139,-0.23743069,-0.38978183,-0.8727501,0.29390073,0
-0.9693234,-0.31481934,1.1574759,-0.38978183,-0.8727501,0.29390073,0
-0.79034054,1.0558101,0.20682067,-0.80149972,0.16433752,-0.5749709,0
0.26034304,-1.3003802,0.0011880398,-0.38978183,-0.8727501,0.29390073,0
0.54107523,-0.8292141,-0.56104559,0.45350683,-0.45967448,-0.76356471,0
0.49635804,-0.90352839,-0.70776182,0.45350683,-0.45967448,-0.76356471,0
-0.27369899,-0.64000702,0.95815647,-0.38978183,-0.8727501,0.29390073,0
-0.032588139,1.3320781,0.23717117,0.38978183,0.8727501,-0.29390073,0
-0.65554422,-0.39285082,0.78526896,-0.38978183,-0.8727501,0.29390073,0
-0.56743193,0.0041720867,0.9080224,-0.45350683,0.45967448,0.76356471,0
-1.3602452,-0.25103325,0.62230247,-0.80149972,0.16433752,-0.5749709,0
0.56517088,-0.6540302,-0.73567617,0.45350683,-0.45967448,-0.76356471,0
0.044546366,1.1503108,0.82178563,-0.45350683,0.45967448,0.76356471,0
-1.3523604,-0.30232516,0.66929054,-0.80149972,0.16433752,-0.5749709,0
-0.46028095,1.0878117,-0.1067605,-0.80149972,0.16433752,-0.5749709,0
-0.96858525,-0.13329381,0.90119958,-0.45350683,0.45967448,0.76356471,0
0.18539895,-1.474252,-0.23588419,-0.38978183,-0.8727501,0.29390073,0
-0.12244093,0.28738117,1.1200923,-0.45350683,0.45967448,0.76356471,0
0.18256339,0.68015254,0.73127091,0.80149972,-0.16433752,0.5749709,0
-1.0657585,-0.38667944,0.82876915,-0.38978183,-0.8727501,0.29390073,0
0.058746636,-0.64376026,-0.88784844,0.45350683,-0.45967448,-0.76356471,0
-0.90454024,0.33948714,0.47511622,-0.45350683,0.45967448,0.76356471,0
-0.38366228,-0.80292004,0.51168042,-0.38978183,-0.8727501,0.29390073,0
-0.020747162,1.0314212,0.0015547276,0.38978183,0.8727501,-0.29390073,0
-0.28925854,-0.67706931,0.38532251,-0.38978183,-0.8727501,0.29390073,0
-0.97583711,-0.78407121,0.21077132,-0.38978183,-0.8727501,0.29390073,0
-0.69467574,-0.25164488,0.85824001,-0.45350683,0.45967448,0.76356471,0
0.15969396,-0.72341979,-0.64609843,0.45350683,-0.45967448,-0.76356471,0
-0.14302623,-0.50426471,-0.85458088,-0.80149972,0.16433752,-0.5749709,0
0.61427468,0.51575029,-0.81150657,0.38978183,0.8727501,-0.29390073,0
-0.93016899,-0.54751575,0.59318608,-0.38978183,-0.8727501,0.29390073,0
-0.55319858,-0.66631961,0.30253524,-0.38978183,-0.8727501,0.29390073,0
-0.14127159,0.67345417,0.96826196,-0.45350683,0.45967448,0.76356471,0
-0.7306422,-0.77133924,0.65964472,-0.38978183,-0.8727501,0.29390073,0
-0.3929984,1.3339891,-0.069807291,0.38978183,0.8727501,-0.29390073,0
0.055729151,0.26727235,-0.87685144,-0.80149972,0.16433752,-0.5749709,0
-0.07767117,0.84673941,-0.4148953,-0.80149972,0.16433752,-0.5749709,0
0.58204335,-0.57792962,-0.39968875,0.45350683,-0.45967448,-0.76356471,0
0.21141642,0.69042403,-1.1025218,0.38978183,0.8727501,-0.29390073,0
0.56085604,0.7340315,-0.66881591,0.38978183,0.8727501,-0.29390073,0
-0.65421146,-0.34295231,0.91341364,-0.38978183,-0.8727501,0.29390073,0
-0.22937265,-0.74367142,0.6197446,-0.38978183,-0.8727501,0.29390073,0
0.13425517,0.7244091,-0.82553673,0.38978183,0.8727501,-0.29390073,0
0.085972577,-0.4323692,0.48484597,0.80149972,-0.16433752,0.5749709,0
0.15069437,0.80630171,0.80737954,-0.45350683,0.45967448,0.76356471,0
0.10487995,1.2536397,0.47207594,-0.45350683,0.45967448,0.76356471,0
-0.5254792,1.2166116,0.37541682,-0.80149972,0.16433752,-0.5749709,0
0.76679498,0.11535768,-0.095393419,0.80149972,-0.16433752,0.5749709,0
0.2499342,0.40769333,-1.0803517,-0.80149972,0.16433752,-0.5749709,0
0.61543965,-0.02213788,0.19948888,0.80149972,-0.16433752,0.5749709,0
0.24347636,-1.0347414,-0.63474274,0.45350683,-0.45967448,-0.76356471,0
0.3297466,1.2160294,0.79930198,0.38978183,0.8727501,-0.29390073,0
0.45479313,-1.3583715,-0.19697803,0.80149972,-0.16433752,0.5749709,0
0.47874427,0.98417401,-0.3202697,0.38978183,0.8727501,-0.29390073,0
-0.24093378,-0.38131192,-0.66732454,-0.80149972,0.16433752,-0.5749709,0
0.34750694,1.0353042,0.14335978,0.38978183,0.8727501,-0.29390073,0
0.099182904,0.51966995,1.065552,0.80149972,-0.16433752,0.5749709,0
-0.40310347,0.12013897,-0.23396775,-0.80149972,0.16433752,-0.5749709,0
0.38330555,-0.087446153,-0.91884208,0.45350683,-0.45967448,-0.76356471,0
0.33867934,-1.2983211,-0.29813087,-0.38978183,-0.8727501,0.29390073,0
-0.46666646,1.5144427,0.030089021,0.38978183,0.8727501,-0.29390073,0
0.82290763,0.25587055,-0.48536122,0.80149972,-0.16433752,0.5749709,0
0.51857668,-0.41246802,-0.78077221,0.45350683,-0.45967448,-0.76356471,0
0.19483334,0.44122118,-0.67582583,-0.80149972,0.16433752,-0.5749709,0
0.48411769,1.062135,0.31876183,0.38978183,0.8727501,-0.29390073,0
0.37697935,0.70245123,-0.91314667,0.38978183,0.8727501,-0.29390073,0
0.76015604,0.58302444,-0.43153316,0.38978183,0.8727501,-0.29390073,0
0.10455537,-0.016082466,-1.042912,0.45350683,-0.45967448,-0.76356471,0
0.27567813,-1.0318689,-0.32202554,0.45350683,-0.45967448,-0.76356471,0
0.3295334,-0.82006526,-0.4666996,0.45350683,-0.45967448,-0.76356471,0
-1.0378716,-0.30499303,0.7538386,-0.38978183,-0.8727501,0.29390073,0
-0.73844695,-0.50474203,0.89374614,-0.38978183,-0.8727501,0.29390073,0
0.0778317,-1.4800856,-0.29570878,-0.38978183,-0.8727501,0.29390073,0
0.097236514,-0.025030255,0.77862728,0.80149972,-0.16433752,0.5749709,0
-0.66836357,0.28663132,0.64643776,-0.45350683,0.45967448,0.76356471,0
-0.73160243,-0.84954792,-0.070804596,-0.38978183,-0.8727501,0.29390073,0
-0.04915002,-1.4522392,-0.42885029,-0.38978183,-0.8727501,0.29390073,0
0.50028986,-1.4050328,-0.31806469,0.45350683,-0.45967448,-0.76356471,0
-0.51699978,-0.51456338,0.58121794,-0.38978183,-0.8727501,0.29390073,0
-0.15857369,-0.13000154,-0.63353986,-0.80149972,0.16433752,-0.5749709,0
-0.15517554,1.322086,-0.17252934,0.38978183,0.8727501,-0.29390073,0
-0.011954725,0.2259239,-0.86324155,-0.80149972,0.16433752,-0.5749709,0
-1.063519,0.10389082,0.73442549,-0.45350683,0.45967448,0.76356471,0
-0.10270642,-1.2275399,-0.3707031,0.45350683,-0.45967448,-0.76356471,0
0.096918881,-0.92514014,-0.68803114,0.45350683,-0.45967448,-0.76356471,0
0.5617795,0.33611971,0.25579906,0.80149972,-0.16433752,0.5749709,0
0.83439928,0.65347809,-0.79361004,0.38978183,0.8727501,-0.29390073,0
0.27374604,0.5162878,0.69983542,0.80149972,-0.16433752,0.5749709,0
0.92299747,0.31785783,-0.59790599,0.80149972,-0.16433752,0.5749709,0
-0.86309892,0.3537941,0.83638364,-0.45350683,0.45967448,0.76356471,0
-1.253206,-0.46798426,0.51930654,-0.38978183,-0.8727501,0.29390073,0
0.2235828,-1.0858885,-0.76101899,0.45350683,-0.45967448,-0.76356471,0
-0.27632177,0.19062793,1.0423944,-0.45350683,0.45967448,0.76356471,0
0.37182093,0.19696836,0.20454258,0.80149972,-0.16433752,0.5749709,0
-0.39370596,-0.23736942,-0.4830474,-0.80149972,0.16433752,-0.5749709,0
-0.15101674,1.2678862,-0.10623598,0.38978183,0.8727501,-0.29390073,0
0.2127361,-0.50864291,0.53281695,0.80149972,-0.16433752,0.5749709,0
-0.658719,-0.57787943,1.0135262,-0.38978183,-0.8727501,0.29390073,0
0.84742987,-0.044965297,-0.89418602,0.45350683,-0.45967448,-0.76356471,0
0.046481788,-0.85997349,0.48787397,-0.38978183,-0.8727501,0.29390073,0
0.13519847,-1.0411016,-0.39215726,0.45350683,-0.45967448,-0.76356471,0
-0.28207248,-0.34868467,1.120399,-0.45350683,0.45967448,0.76356471,0
-0.77975941,0.60549331,0.43988234,-0.80149972,0.16433752,-0.5749709,0
-0.14663672,0.47424504,-0.35049266,-0.80149972,0.16433752,-0.5749709,0
0.33197671,-0.25802201,0.63399231,0.80149972,-0.16433752,0.5749709,0
0.1152685,1.0884069,0.47814947,-0.45350683,0.45967448,0.76356471,0
1.068928,-0.06282708,-0.81321561,0.45350683,-0.45967448,-0.76356471,0
-0.16607785,1.1447606,0.068206072,0.38978183,0.8727501,-0.29390073,0
-0.21497373,-1.4082011,-0.45366919,-0.38978183,-0.8727501,0.29390073,0
-0.54747969,-0.60664856,0.74368685,-0.38978183,-0.8727501,0.29390073,0
1.2291193,0.16711973,-0.64760566,0.45350683,-0.45967448,-0.76356471,0
0.59778011,0.70989859,-0.87438399,0.38978183,0.8727501,-0.29390073,0
0.074584484,0.26652348,-1.133944,-0.80149972,0.16433752,-0.5749709,0
-0.43622401,-1.1558015,-0.77522337,-0.80149972,0.16433752,-0.5749709,0
-0.46596032,0.44715327,1.0077736,-0.45350683,0.45967448,0.76356471,0
1.0609463,0.0048985481,-0.50978208,0.80149972,-0.16433752,0.5749709,0
-0.18569368,0.35708243,0.96646017,-0.45350683,0.45967448,0.76356471,0
-0.12237486,-0.76275152,0.42503238,-0.38978183,-0.8727501,0.29390073,0
-0.041540384,1.1582487,0.63436991,-0.45350683,0.45967448,0.76356471,0
0.67749715,0.83725631,0.051206589,0.38978183,0.8727501,-0.29390073,0
-0.33924663,0.27714741,0.94155633,-0.45350683,0.45967448,0.76356471,0
-0.48969597,-1.0614753,-0.2893486,-0.80149972,0.16433752,-0.5749709,0
0.41211084,0.30412632,0.25011584,0.80149972,-0.16433752,0.5749709,0
-0.35214436,-0.45712113,1.2054523,-0.45350683,0.45967448,0.76356471,0
-0.80219167,-0.65108263,0.81488788,-0.38978183,-0.8727501,0.29390073,0
-0.3101781,0.077896953,1.1673549,-0.45350683,0.45967448,0.76356471,0
0.74582356,0.026888233,-0.28880781,0.80149972,-0.16433752,0.5749709,0
0.47561556,0.57085294,-0.69223166,0.38978183,0.8727501,-0.29390073,0
0.0035111457,-1.0051484,0.15087169,-0.38978183,-0.8727501,0.29390073,0
-0.59689498,1.0460296,0.38774976,-0.45350683,0.45967448,0.76356471,0
-0.18729943,-0.81484628,0.36081815,-0.38978183,-0.8727501,0.29390073,0
-0.12633479,-0.092879772,-1.0174681,-0.80149972,0.16433752,-0.5749709,0
0.61077935,1.0933489,0.64097059,0.80149972,-0.16433752,0.5749709,0
-0.36122161,0.17723149,0.78726727,-0.45350683,0.45967448,0.76356471,0
-0.2501049,-1.2551332,-0.2623142,-0.38978183,-0.8727501,0.29390073,0
-0.65117002,0.64835846,0.37877339,-0.45350683,0.45967448,0.76356471,0
-0.52936906,-0.86133945,-0.5298177,-0.80149972,0.16433752,-0.5749709,0
0.79218495,0.65056694,-0.1738261,0.38978183,0.8727501,-0.29390073,0
0.65411913,0.32369083,-1.098644,0.45350683,-0.45967448,-0.76356471,0
-1.1537961,-0.54681104,0.89712268,-0.38978183,-0.8727501,0.29390073,0
0.038072109,0.96655726,0.55766261,-0.45350683,0.45967448,0.76356471,0
-0.6327827,0.25022185,0.82636744,-0.45350683,0.45967448,0.76356471,0
0.36213142,0.70619899,0.46285164,0.80149972,-0.16433752,0.5749709,0
0.94380575,0.65591311,-0.81931567,0.38978183,0.8727501,-0.29390073,0
-0.67507374,-0.68974948,-0.1685729,-0.80149972,0.16433752,-0.5749709,0
0.057824552,0.31805408,-0.97854924,-0.80149972,0.16433752,-0.5749709,0
-0.14750797,-0.74319774,-0.7572695,-0.80149972,0.16433752,-0.5749709,0
0.26809424,-1.1842524,-0.040859222,-0.38978183,-0.8727501,0.29390073,0
-0.64661968,0.55622172,0.49697849,-0.45350683,0.45967448,0.76356471,0
-0.33318922,-0.32323337,-0.35247734,-0.80149972,0.16433752,-0.5749709,0
0.82928139,-0.27290446,-0.43135434,0.45350683,-0.45967448,-0.76356471,0
0.95587099,0.56074679,-0.54363978,0.38978183,0.8727501,-0.29390073,0
-0.91843593,0.1389631,0.4530566,-0.80149972,0.16433752,-0.5749709,0
0.80191123,0.26195559,-0.12688732,0.80149972,-0.16433752,0.5749709,0
-0.61007512,-0.30247754,1.336303,-0.45350683,0.45967448,0.76356471,0
0.30103633,1.3523685,0.40454257,0.38978183,0.8727501,-0.29390073,0
0.7870307,0.03778711,-0.47628886,0.80149972,-0.16433752,0.5749709,0
-0.36637974,1.3311534,0.50651658,-0.45350683,0.45967448,0.76356471,0
-0.27648342,-0.65661085,0.90898705,-0.38978183,-0.8727501,0.29390073,0
1.0545911,-0.22506487,-0.54241776,0.45350683,-0.45967448,-0.76356471,0
-0.18547291,0.60814023,0.96791017,-0.45350683,0.45967448,0.76356471,0
-0.4406918,0.66522253,0.4678463,-0.45350683,0.45967448,0.76356471,0
0.63291174,0.95818043,-0.086556196,0.38978183,0.8727501,-0.29390073,0
-0.32316518,1.1378822,0.50386494,-0.45350683,0.45967448,0.76356471,0
1.0666995,0.32092711,-0.88875175,0.38978183,0.8727501,-0.29390073,0
0.1911442,0.90496027,-0.059673429,0.38978183,0.8727501,-0.29390073,0
0.75957471,0.32449475,-0.16273713,0.80149972,-0.16433752,0.5749709,0
0.081341624,0.97271895,-0.33343971,0.38978183,0.8727501,-0.29390073,0
0.28353101,-1.1649601,-0.40970975,0.45350683,-0.45967448,-0.76356471,0
-0.41621917,0.44368201,0.62254059,-0.45350683,0.45967448,0.76356471,0
0.49876845,-0.15360796,0.36948517,0.80149972,-0.16433752,0.5749709,0
-0.20977309,0.27013588,-0.566616,-0.80149972,0.16433752,-0.5749709,0
-0.16472197,0.86633074,0.83620691,-0.45350683,0.45967448,0.76356471,0
-0.77676898,-0.33916491,0.92280805,-0.45350683,0.45967448,0.76356471,0
-0.08976236,-0.93007451,0.38803428,-0.38978183,-0.8727501,0.29390073,0
-0.0042449236,-1.0512962,0.66106009,-0.38978183,-0.8727501,0.29390073,0
-0.18572688,0.93954986,0.84541303,-0.45350683,0.45967448,0.76356471,0
-0.75187325,0.44080764,0.37928653,-0.80149972,0.16433752,-0.5749709,0
-1.0365033,-0.41883844,0.59816331,-0.38978183,-0.8727501,0.29390073,0
0.50880456,-1.3638592,-0.34832305,0.45350683,-0.45967448,-0.76356471,0
-0.10359049,0.91821396,0.7125268,-0.45350683,0.45967448,0.76356471,0
-0.93640387,-0.12541941,0.61970067,-0.80149972,0.16433752,-0.5749709,0
0.20428717,-0.66667336,-0.70370507,0.45350683,-0.45967448,-0.76356471,0
0.21973512,0.95484799,-0.37433052,0.38978183,0.8727501,-0.29390073,0
-0.30968744,-0.93861413,-0.41191882,-0.38978183,-0.8727501,0.29390073,0
-0.18003166,-0.064462185,1.0770203,0.80149972,-0.16433752,0.5749709,0
0.46632385,0.85562503,0.33988893,0.80149972,-0.16433752,0.5749709,0
-0.38097021,0.52247405,-0.43245393,-0.80149972,0.16433752,-0.5749709,0
0.059040427,0.42896429,-0.5629071,-0.80149972,0.16433752,-0.5749709,0
-0.22477269,-0.5586518,0.9983775,0.80149972,-0.16433752,0.5749709,0
-0.64173931,0.84739643,0.18650803,-0.80149972,0.16433752,-0.5749709,0
-0.97351807,-0.56761783,0.84398955,-0.38978183,-0.8727501,0.29390073,0
0.80484068,0.43613505,-1.1093791,0.38978183,0.8727501,-0.29390073,0
-0.62122667,-0.24987173,1.2393864,-0.45350683,0.45967448,0.76356471,0
0.037694871,1.0718858,0.40945518,0.38978183,0.8727501,-0.29390073,0
0.63639057,-0.95412815,-0.5499869,0.45350683,-0.45967448,-0.76356471,0
-0.76148778,-0.25970167,0.92121649,-0.45350683,0.45967448,0.76356471,0
0.22402292,0.4743396,-1.0731651,0.38978183,0.8727501,-0.29390073,0
0.4832893,-0.90554458,-0.35101092,0.45350683,-0.45967448,-0.76356471,0
-0.12824252,-1.106553,-0.48469853,0.45350683,-0.45967448,-0.76356471,0
0.35914189,0.1628412,0.62031424,0.80149972,-0.16433752,0.5749709,0
0.62651283,-0.50589556,-0.47153398,0.45350683,-0.45967448,-0.76356471,0
0.46691263,0.66902328,-0.97502446,0.38978183,0.8727501,-0.29390073,0
-0.48345357,1.035539,0.53125769,-0.45350683,0.45967448,0.76356471,0
-0.74283713,-0.38831633,1.1868842,-0.45350683,0.45967448,0.76356471,0
-0.55436796,0.8937273,0.65250957,-0.45350683,0.45967448,0.76356471,0
-0.35693347,-0.22000653,1.3081131,-0.45350683,0.45967448,0.76356471,0
0.17843041,-0.95631802,-0.42821109,0.45350683,-0.45967448,-0.76356471,0
0.52366346,0.61637884,-0.34497023,0.38978183,0.8727501,-0.29390073,0
0.040697873,0.43423706,0.87264621,-0.45350683,0.45967448,0.76356471,0
0.95245755,-0.70898211,-0.46651363,0.45350683,-0.45967448,-0.76356471,0
-0.60738039,-0.49446502,0.80562305,-0.38978183,-0.8727501,0.29390073,0
-0.16528031,-0.82120895,-0.75514591,0.45350683,-0.45967448,-0.76356471,0
0.11635724,-0.90313244,-0.47632474,0.45350683,-0.45967448,-0.76356471,0
-1.1432101,-0.01647149,0.41948307,-0.80149972,0.16433752,-0.5749709,0
-0.18459535,0.8272205,0.93289125,-0.45350683,0.45967448,0.76356471,0
-0.0058267713,0.60100949,-0.54917479,-0.80149972,0.16433752,-0.5749709,0
-0.081683993,-0.85122526,0.71180755,0.80149972,-0.16433752,0.5749709,0
-0.12138328,0.76606774,0.6348536,-0.45350683,0.45967448,0.76356471,0
0.2211605,0.99746597,-0.62030685,0.38978183,0.8727501,-0.29390073,0
-0.51029932,-0.99414814,-0.66661,-0.38978183,-0.8727501,0.29390073,0
0.61170125,0.87999284,-0.13247883,0.38978183,0.8727501,-0.29390073,0
0.38295639,0.43904114,-1.2902639,0.45350683,-0.45967448,-0.76356471,0
-0.20895457,1.1231909,0.75162083,-0.45350683,0.45967448,0.76356471,0
0.19012964,0.4530549,-1.3205836,-0.80149972,0.16433752,-0.5749709,0
-0.69680333,-0.68109214,-0.39601243,-0.80149972,0.16433752,-0.5749709,0
-0.068932533,0.57974488,0.78836036,-0.45350683,0.45967448,0.76356471,0
-0.50731361,0.80280328,-0.03090924,-0.80149972,0.16433752,-0.5749709,0
-0.45639706,0.88308269,0.31677845,-0.80149972,0.16433752,-0.5749709,0
0.8952139,-0.43711448,-0.71041429,0.80149972,-0.16433752,0.5749709,0
0.17432451,-0.80461049,0.68986356,0.80149972,-0.16433752,0.5749709,0
-0.11245233,-1.0563548,0.69785017,-0.38978183,-0.8727501,0.29390073,0
0.35790509,-0.37491831,-0.048924617,0.80149972,-0.16433752,0.5749709,0
0.6602394,0.20789963,-1.2957325,0.45350683,-0.45967448,-0.76356471,0
0.75542051,0.97921365,0.041034222,0.38978183,0.8727501,-0.29390073,0
0.14345092,-1.273551,-0.03621757,-0.38978183,-0.8727501,0.29390073,0
0.5241251,0.21172076,-0.95306563,0.45350683,-0.45967448,-0.76356471,0
0.97088099,0.078736275,-0.81397182,0.45350683,-0.45967448,-0.76356471,0
0.059497297,0.54965031,1.0025556,-0.45350683,0.45967448,0.76356471,0
0.14915073,-1.0596176,-0.1089893,-0.38978183,-0.8727501,0.29390073,0
0.85914755,-0.033146575,-0.56212151,0.80149972,-0.16433752,0.5749709,0
-0.47694144,1.0595081,0.61086285,-0.45350683,0.45967448,0.76356471,0
-0.22727567,1.2827326,-0.1322484,0.38978183,0.8727501,-0.29390073,0
-0.3771427,0.91311389,-0.36734113,-0.80149972,0.16433752,-0.5749709,0
0.74731392,0.28949583,0.16530865,0.80149972,-0.16433752,0.5749709,0
0.38122511,0.80190146,-0.43100655,0.38978183,0.8727501,-0.29390073,0
-0.471991,-0.39990553,-0.4286108,-0.80149972,0.16433752,-0.5749709,0
0.46794301,0.58861017,-1.0792668,0.38978183,0.8727501,-0.29390073,0
-0.31702861,1.2927272,0.11172187,-0.45350683,0.45967448,0.76356471,0
-0.62068975,-0.66495091,0.6565749,-0.38978183,-0.8727501,0.29390073,0
-0.88781083,-0.33626312,0.76835179,-0.45350683,0.45967448,0.76356471,0
0.42834932,-1.2782731,-0.37600976,0.45350683,-0.45967448,-0.76356471,0
-0.21948606,0.53242397,0.74355406,-0.45350683,0.45967448,0.76356471,0
-0.37158906,-0.17691541,1.3666027,-0.45350683,0.45967448,0.76356471,0
0.032921135,-0.46517897,-0.92114908,0.45350683,-0.45967448,-0.76356471,0
0.66955101,0.49908262,-1.4038222,0.45350683,-0.45967448,-0.76356471,0
0.12998641,1.1047938,0.78508532,-0.45350683,0.45967448,0.76356471,0
-0.84458274,-0.0080531538,0.73485488,-0.45350683,0.45967448,0.76356471,0
0.51170349,0.70001858,-0.65795028,0.38978183,0.8727501,-0.29390073,0
0.14500052,-0.27006727,-0.81041896,0.45350683,-0.45967448,-0.76356471,0
-0.026741982,0.69905025,0.83028716,0.80149972,-0.16433752,0.5749709,0
0.44941455,-0.66937017,-0.43277675,0.45350683,-0.45967448,-0.76356471,0
0.84647036,0.47671151,-0.056591749,0.80149972,-0.16433752,0.5749709,0
-0.040625721,-0.93123084,0.41897786,0.80149972,-0.16433752,0.5749709,0
0.67773658,0.59404212,0.14062881,0.80149972,-0.16433752,0.5749709,0
0.94250417,0.35607588,-0.55700797,0.38978183,0.8727501,-0.29390073,0
0.25348377,-0.51119602,-0.694112,0.45350683,-0.45967448,-0.76356471,0
-0.35220355,0.90615422,0.68713737,-0.45350683,0.45967448,0.76356471,0
0.01342088,-1.4266779,-0.53729773,-0.38978183,-0.8727501,0.29390073,0
0.067783654,0.50613576,0.67172229,0.80149972,-0.16433752,0.5749709,0
-1.1029959,-0.35850698,1.0820403,-0.45350683,0.45967448,0.76356471,0
-0.075487256,0.54177517,-0.87778622,-0.80149972,0.16433752,-0.5749709,0
-0.30115259,1.3078117,-0.05847311,0.38978183,0.8727501,-0.29390073,0
-0.8144896,0.57055658,0.17777434,-0.80149972,0.16433752,-0.5749709,0
0.35256112,-0.55212736,-0.78736854,0.45350683,-0.45967448,-0.76356471,0
-0.010846138,1.2266313,-0.16379857,0.38978183,0.8727501,-0.29390073,0
0.58744252,-0.30498618,0.25871238,0.80149972,-0.16433752,0.5749709,0
-0.5569672,-1.0295753,0.2011801,-0.38978183,-0.8727501,0.29390073,0
-0.93451077,-0.24874347,0.88700569,-0.45350683,0.45967448,0.76356471,0
-0.18202627,0.56661439,0.91972721,-0.45350683,0.45967448,0.76356471,0
-0.15382296,-0.78958046,0.71653903,-0.38978183,-0.8727501,0.29390073,0
-1.208269,-0.25816798,0.48479313,-0.80149972,0.16433752,-0.5749709,0
0.0273211,0.8369177,0.66909134,-0.45350683,0.45967448,0.76356471,0
0.32785648,-0.83882272,-0.36233312,0.45350683,-0.45967448,-0.76356471,0
0.22280991,-0.090770125,-1.0850673,-0.80149972,0.16433752,-0.5749709,0
0.072554111,0.91154194,0.93427783,0.80149972,-0.16433752,0.5749709,0
1.0315679,0.0086909533,-0.83806598,0.45350683,-0.45967448,-0.76356471,0
-1.1637101,-0.46110541,0.59145051,-0.38978183,-0.8727501,0.29390073,0
0.10675937,0.80255055,-0.95617318,-0.80149972,0.16433752,-0.5749709,0
0.49750066,0.13621116,-1.2008841,0.45350683,-0.45967448,-0.76356471,0
-0.60213202,-0.066592887,0.082829624,-0.80149972,0.16433752,-0.5749709,0
-0.37375799,-1.0671141,-0.6304574,-0.38978183,-0.8727501,0.29390073,0
0.71178102,0.14637792,-1.1768916,0.45350683,-0.45967448,-0.76356471,0
0.30036545,-0.69965285,-0.56973469,0.45350683,-0.45967448,-0.76356471,0
0.21323377,1.1570437,0.69177568,0.80149972,-0.16433752,0.5749709,0
0.40121579,0.43196875,-1.017818,0.38978183,0.8727501,-0.29390073,0
-0.61502677,-0.33687943,1.2214133,-0.45350683,0.45967448,0.76356471,0
-0.29662582,-0.20371872,-0.48418856,-0.80149972,0.16433752,-0.5749709,0
-0.061617553,-0.4426904,-0.85320181,0.45350683,-0.45967448,-0.76356471,0
-0.10374123,0.6266309,1.0469794,-0.45350683,0.45967448,0.76356471,0
0.46082202,-0.3439458,0.41219711,0.80149972,-0.16433752,0.5749709,0
-0.17171745,-0.86542243,0.30657172,-0.38978183,-0.8727501,0.29390073,0
-0.29548293,0.089580655,0.96369743,0.80149972,-0.16433752,0.5749709,0
-0.27923375,-1.0444561,-0.08848393,-0.38978183,-0.8727501,0.29390073,0
0.12187341,-1.1862223,-0.57222348,-0.38978183,-0.8727501,0.29390073,0
-0.51161599,0.4753769,0.65687394,-0.45350683,0.45967448,0.76356471,0
0.12697059,-1.3099248,0.32548046,-0.38978183,-0.8727501,0.29390073,0
-1.0293287,-0.76077139,0.022314668,-0.80149972,0.16433752,-0.5749709,0
-0.50128108,-0.83035511,0.37638414,-0.38978183,-0.8727501,0.29390073,0
0.41142377,-0.69073856,-0.4969824,0.45350683,-0.45967448,-0.76356471,0
0.84529352,0.59342474,-0.3393836,0.38978183,0.8727501,-0.29390073,0
0.24963084,-1.2964847,0.10307968,0.80149972,-0.16433752,0.5749709,0
-0.054931283,0.55488074,0.92913765,0.80149972,-0.16433752,0.5749709,0
0.011510611,0.95490903,0.89929789,-0.45350683,0.45967448,0.76356471,0
0.16828066,-0.53940064,-1.1374938,0.45350683,-0.45967448,-0.76356471,0
0.093007132,1.2571716,0.22501647,0.38978183,0.8727501,-0.29390073,0
0.74348158,-0.59371471,-0.27149686,0.45350683,-0.45967448,-0.76356471,0
-0.78649378,-0.16060376,0.76800287,-0.45350683,0.45967448,0.76356471,0
