1.3607082,0.68576032,-1.2172577,0.099794149,0.93913877,-0.32872429,0
-1.5870793,1.3688214,0.2678206,0.099794149,0.93913877,-0.32872429,0
0.11263835,-0.93831939,0.97633559,-0.099794149,-0.93913877,0.32872429,0
-0.47556692,-1.0157461,0.31393993,-0.099794149,-0.93913877,0.32872429,0
-1.5166485,0.94593239,0.13734221,-0.45130327,-0.25171423,-0.85613394,0
1.962029,-1.5838463,-0.49094772,-0.099794149,-0.93913877,0.32872429,0
0.70497626,-0.99466306,-0.57175148,-0.45130327,-0.25171423,-0.85613394,0
2.7387912,0.20353526,-0.74415183,0.88677311,-0.23379156,-0.39871681,0
-1.4629924,-0.54705018,0.65460086,-0.099794149,-0.93913877,0.32872429,0
0.34881502,0.71055287,-0.6355893,0.099794149,0.93913877,-0.32872429,0
-1.5354226,1.1870985,1.2180007,0.45130327,0.25171423,0.85613394,0
0.53988886,0.00967592,-0.91467339,-0.45130327,-0.25171423,-0.85613394,0
1.9199264,-1.2514637,-0.99734306,0.88677311,-0.23379156,-0.39871681,0
-2.0471807,0.60917127,0.86341095,-0.88677311,0.23379156,0.39871681,0
-2.1475325,0.65886617,0.92437744,-0.88677311,0.23379156,0.39871681,0
2.1443923,-0.22975373,-1.116749,0.88677311,-0.23379156,-0.39871681,0
1.3266209,0.23272181,-1.1758854,-0.45130327,-0.25171423,-0.85613394,0
-0.39745462,1.4436674,0.35799193,0.099794149,0.93913877,-0.32872429,0
-2.180979,1.0375595,0.65966272,-0.88677311,0.23379156,0.39871681,0
-2.5365365,0.80759627,0.62605119,-0.88677311,0.23379156,0.39871681,0
1.4428225,-0.8767305,-0.0092124939,0.45130327,0.25171423,0.85613394,0
-0.32901064,1.085084,0.2915104,0.099794149,0.93913877,-0.32872429,0
-1.5312822,1.3591464,0.052379608,-0.45130327,-0.25171423,-0.85613394,0
1.011548,-0.52084816,0.40951967,0.45130327,0.25171423,0.85613394,0
-2.2856998,0.82132709,0.74930978,-0.88677311,0.23379156,0.39871681,0
1.2572533,-0.23552924,0.048003554,0.45130327,0.25171423,0.85613394,0
1.5441868,-1.7092066,-1.0186234,-0.45130327,-0.25171423,-0.85613394,0
-2.3871055,0.95303422,0.67528152,-0.88677311,0.23379156,0.39871681,0
-0.44184393,0.5652765,-0.517461,-0.45130327,-0.25171423,-0.85613394,0
-1.6909553,1.2253557,0.98022389,0.45130327,0.25171423,0.85613394,0
-0.86743188,-0.77530366,1.1438234,-0.099794149,-0.93913877,0.32872429,0
1.9860878,0.39927667,-0.38778687,0.45130327,0.25171423,0.85613394,0
-2.0859063,0.39097822,1.5566342,-0.88677311,0.23379156,0.39871681,0
-1.0301861,1.0506433,0.095039129,0.099794149,0.93913877,-0.32872429,0
-0.066278696,0.82400817,-0.78111494,0.099794149,0.93913877,-0.32872429,0
-0.6170547,-0.81790084,0.40358818,-0.099794149,-0.93913877,0.32872429,0
-2.5670495,0.36251426,0.79205275,-0.88677311,0.23379156,0.39871681,0
-0.85119164,0.17462504,-0.37749994,-0.45130327,-0.25171423,-0.85613394,0
0.79559338,1.0845417,-0.22287713,0.099794149,0.93913877,-0.32872429,0
-0.75192392,-0.8519181,0.78826249,-0.099794149,-0.93913877,0.32872429,0
2.2869966,-0.8617655,-0.40110683,0.88677311,-0.23379156,-0.39871681,0
2.1771863,-0.56348866,-0.67059112,0.88677311,-0.23379156,-0.39871681,0
0.76482213,-0.91645896,-0.66784227,-0.45130327,-0.25171423,-0.85613394,0
0.07928896,-1.2350647,-0.05003494,-0.099794149,-0.93913877,0.32872429,0
2.2011812,0.36173183,-0.89064229,0.45130327,0.25171423,0.85613394,0
2.0072739,0.29827058,-1.6128106,0.88677311,-0.23379156,-0.39871681,0
-0.07172823,0.682603,-0.6618948,-0.45130327,-0.25171423,-0.85613394,0
-2.2435617,0.78278291,1.1614349,-0.88677311,0.23379156,0.39871681,0
-0.29515058,-0.7779519,0.1948117,-0.099794149,-0.93913877,0.32872429,0
0.17107534,0.33893132,-0.77149415,-0.45130327,-0.25171423,-0.85613394,0
0.43746829,0.86744303,-0.37830198,0.099794149,0.93913877,-0.32872429,0
0.22035837,-0.19252843,-0.69365221,-0.45130327,-0.25171423,-0.85613394,0
1.4862134,-1.227504,-0.57053804,-0.099794149,-0.93913877,0.32872429,0
-2.5595369,-0.16736013,0.63434839,-0.45130327,-0.25171423,-0.85613394,0
2.3474128,-0.42621058,-1.1346617,0.88677311,-0.23379156,-0.39871681,0
2.2903671,-1.1731316,-0.91072106,0.88677311,-0.23379156,-0.39871681,0
-0.043155968,-0.9144966,-0.39611974,-0.45130327,-0.25171423,-0.85613394,0
-0.98587799,0.8192147,0.92789185,0.45130327,0.25171423,0.85613394,0
1.9921345,-0.30357647,-1.4361186,0.88677311,-0.23379156,-0.39871681,0
1.5664904,0.37603784,-0.89216828,0.099794149,0.93913877,-0.32872429,0
1.2262895,0.089487433,-1.1095333,-0.45130327,-0.25171423,-0.85613394,0
2.4445693,-0.38718683,-0.9323175,0.88677311,-0.23379156,-0.39871681,0
2.0392554,-0.36829984,-1.1633682,0.88677311,-0.23379156,-0.39871681,0
1.6780474,0.59312296,-1.4105792,0.099794149,0.93913877,-0.32872429,0
-2.3510897,-0.28852749,1.5019679,-0.88677311,0.23379156,0.39871681,0
-1.6637605,1.548196,0.79396129,0.099794149,0.93913877,-0.32872429,0
-0.35563388,0.025740445,0.5874629,0.45130327,0.25171423,0.85613394,0
1.8043202,-1.1985993,-0.23626566,-0.099794149,-0.93913877,0.32872429,0
2.0609772,-0.72454834,-1.330415,0.88677311,-0.23379156,-0.39871681,0
-1.9825284,1.0081561,1.0172939,-0.88677311,0.23379156,0.39871681,0
1.0831755,-0.4143073,-0.095539451,0.45130327,0.25171423,0.85613394,0
-0.85508162,-0.60021359,1.1424272,-0.099794149,-0.93913877,0.32872429,0
-1.0393617,1.4005128,0.51539814,0.099794149,0.93913877,-0.32872429,0
2.1170857,-0.43938828,-1.367523,0.88677311,-0.23379156,-0.39871681,0
-2.1944456,0.77736086,0.56428289,-0.88677311,0.23379156,0.39871681,0
-1.0618608,0.36759618,0.019226909,-0.45130327,-0.25171423,-0.85613394,0
-2.2013464,1.1732793,0.45558834,-0.88677311,0.23379156,0.39871681,0
-0.18363905,0.72628134,-0.58364058,0.099794149,0.93913877,-0.32872429,0
0.80814171,0.53494608,-0.792436,0.099794149,0.93913877,-0.32872429,0
0.70021796,-1.2227936,-0.67344642,-0.099794149,-0.93913877,0.32872429,0
1.6079679,-0.47832084,-1.5023211,-0.45130327,-0.25171423,-0.85613394,0
-2.0140693,0.26239264,1.2466528,-0.88677311,0.23379156,0.39871681,0
2.3091755,0.32753122,-0.53180099,0.45130327,0.25171423,0.85613394,0
-1.9034212,1.401227,1.0987275,-0.88677311,0.23379156,0.39871681,0
2.4442315,-0.27210766,-0.94198656,0.88677311,-0.23379156,-0.39871681,0
-2.323544,0.10840303,1.0284572,-0.88677311,0.23379156,0.39871681,0
2.3523154,-0.52725577,-0.86533189,0.88677311,-0.23379156,-0.39871681,0
-2.2933619,0.84839785,0.82948613,-0.88677311,0.23379156,0.39871681,0
-1.8403029,-0.036635667,0.20713842,-0.45130327,-0.25171423,-0.85613394,0
1.4269286,0.74784386,-0.35297984,0.45130327,0.25171423,0.85613394,0
0.064845785,0.17664176,0.37834185,0.45130327,0.25171423,0.85613394,0
-1.0590239,0.53194296,-0.0047161579,-0.45130327,-0.25171423,-0.85613394,0
-1.8435593,-0.40143645,1.6839616,-0.099794149,-0.93913877,0.32872429,0
2.0956292,-0.59571332,-0.30378556,0.45130327,0.25171423,0.85613394,0
-2.0909715,0.64966929,1.2267876,-0.88677311,0.23379156,0.39871681,0
-2.1559031,0.5897181,1.419167,-0.88677311,0.23379156,0.39871681,0
2.4677958,0.36242354,-1.0677106,0.099794149,0.93913877,-0.32872429,0
2.4426734,-0.13052899,-0.81614566,0.88677311,-0.23379156,-0.39871681,0
-2.1547236,0.34232414,1.3069255,-0.88677311,0.23379156,0.39871681,0
1.9235868,-1.3572329,0.046474218,0.45130327,0.25171423,0.85613394,0
0.25978589,1.0472152,-0.16956478,0.099794149,0.93913877,-0.32872429,0
2.1975155,0.44151902,-1.4195299,0.88677311,-0.23379156,-0.39871681,0
-2.107811,-0.02741611,1.3762323,-0.88677311,0.23379156,0.39871681,0
-1.5697156,0.68226922,1.3123688,0.45130327,0.25171423,0.85613394,0
-2.1617234,1.241567,0.31763816,-0.88677311,0.23379156,0.39871681,0
0.15249813,1.1706827,-0.019832492,0.099794149,0.93913877,-0.32872429,0
-0.45445788,0.82999372,-0.26885223,0.099794149,0.93913877,-0.32872429,0
1.8900623,-1.4219143,-0.11558557,-0.099794149,-0.93913877,0.32872429,0
-2.4838727,0.20106882,1.0196776,-0.88677311,0.23379156,0.39871681,0
-2.4038997,0.80562454,0.73036718,-0.88677311,0.23379156,0.39871681,0
-2.2428789,0.004229933,0.38330364,-0.45130327,-0.25171423,-0.85613394,0
1.9060193,-1.298485,-0.36639452,-0.099794149,-0.93913877,0.32872429,0
-2.0150051,-0.71554077,0.61386144,-0.099794149,-0.93913877,0.32872429,0
1.4217716,-1.4256754,-0.77928925,-0.099794149,-0.93913877,0.32872429,0
1.3347366,-1.2284212,-0.46512485,-0.099794149,-0.93913877,0.32872429,0
-2.1796527,0.70422602,1.4929178,-0.88677311,0.23379156,0.39871681,0
-2.1130483,1.3236312,0.93885159,-0.88677311,0.23379156,0.39871681,0
-0.58591533,1.0791234,-0.68068492,-0.45130327,-0.25171423,-0.85613394,0
-2.2324128,0.75989974,1.2378306,-0.88677311,0.23379156,0.39871681,0
1.0547061,-1.0734642,0.45246696,-0.099794149,-0.93913877,0.32872429,0
2.3928785,-0.097844243,-1.2108939,0.88677311,-0.23379156,-0.39871681,0
0.80689257,0.36419952,-0.037371218,0.45130327,0.25171423,0.85613394,0
1.9494406,-1.3767501,-1.149617,0.88677311,-0.23379156,-0.39871681,0
-2.3991754,0.48049569,0.84941006,-0.88677311,0.23379156,0.39871681,0
-0.83956397,0.58072299,1.0288739,0.45130327,0.25171423,0.85613394,0
-1.843224,1.6642416,0.78435421,-0.88677311,0.23379156,0.39871681,0
0.24518901,-0.8864193,-0.25627506,-0.45130327,-0.25171423,-0.85613394,0
1.7931229,-1.4191246,-1.0663126,0.88677311,-0.23379156,-0.39871681,0
2.4141243,-0.19864982,-0.90757775,0.88677311,-0.23379156,-0.39871681,0
-1.6535423,0.72468239,0.14253545,-0.45130327,-0.25171423,-0.85613394,0
2.0056739,-1.0979209,-0.31425905,0.45130327,0.25171423,0.85613394,0
-1.2500082,1.2238923,0.77667844,0.45130327,0.25171423,0.85613394,0
-1.4027731,-0.46614945,1.397792,-0.099794149,-0.93913877,0.32872429,0
-1.0289388,-0.99481934,0.24486136,-0.099794149,-0.93913877,0.32872429,0
1.7623193,0.5032444,-1.618358,0.099794149,0.93913877,-0.32872429,0
1.6013713,-0.59115642,-0.19501376,0.45130327,0.25171423,0.85613394,0
1.4874545,-0.91439527,0.15828967,0.45130327,0.25171423,0.85613394,0
2.276042,-1.2797532,-0.24786186,0.45130327,0.25171423,0.85613394,0
0.25444254,-1.2651166,-0.48030674,-0.45130327,-0.25171423,-0.85613394,0
-0.75713634,-0.44625282,1.344794,0.45130327,0.25171423,0.85613394,0
1.4663274,0.80959284,-0.26334143,0.45130327,0.25171423,0.85613394,0
-1.2470835,-0.43918681,1.3283203,-0.099794149,-0.93913877,0.32872429,0
1.6518518,-1.4618329,-0.79736638,-0.099794149,-0.93913877,0.32872429,0
-2.2329078,0.94438279,0.61638832,-0.88677311,0.23379156,0.39871681,0
0.91309375,0.6556946,-0.72320938,0.099794149,0.93913877,-0.32872429,0
0.23380619,-1.1173362,-0.10427195,-0.099794149,-0.93913877,0.32872429,0
-1.1234734,1.3213855,0.19928384,0.099794149,0.93913877,-0.32872429,0
-0.48380464,-0.73004317,0.87442374,-0.099794149,-0.93913877,0.32872429,0
0.50835526,0.88541061,-0.091757178,0.099794149,0.93913877,-0.32872429,0
2.0648539,-0.026587725,-1.503126,0.88677311,-0.23379156,-0.39871681,0
-0.51501215,1.0523903,-0.61390305,-0.45130327,-0.25171423,-0.85613394,0
1.915221,-1.2127445,0.0099556446,0.45130327,0.25171423,0.85613394,0
-2.0795295,-0.028306723,1.7093167,-0.88677311,0.23379156,0.39871681,0
-1.2073734,0.17263077,0.12883306,-0.45130327,-0.25171423,-0.85613394,0
1.2246025,-0.20165288,-1.274686,-0.45130327,-0.25171423,-0.85613394,0
-2.0333803,0.65138912,1.3803084,-0.88677311,0.23379156,0.39871681,0
0.093306944,0.53101367,0.2797766,0.45130327,0.25171423,0.85613394,0
-0.67713475,0.92388994,-0.63634503,0.099794149,0.93913877,-0.32872429,0
2.0546842,-1.3737135,-0.63692021,0.88677311,-0.23379156,-0.39871681,0
1.6240251,0.20104182,-1.5968242,-0.45130327,-0.25171423,-0.85613394,0
2.0927846,-1.1486923,-0.5813477,0.88677311,-0.23379156,-0.39871681,0
2.2867744,0.23961234,-0.97148585,0.88677311,-0.23379156,-0.39871681,0
-1.2314668,1.0462481,0.84758401,0.45130327,0.25171423,0.85613394,0
-2.4179742,0.37916148,1.0824661,-0.88677311,0.23379156,0.39871681,0
1.6459318,-0.41059256,-1.2572145,-0.45130327,-0.25171423,-0.85613394,0
-2.2330718,0.88552058,0.68915081,-0.88677311,0.23379156,0.39871681,0
0.0022610426,1.1746168,0.37059969,0.45130327,0.25171423,0.85613394,0
-0.047476768,-0.94214046,0.57730889,-0.099794149,-0.93913877,0.32872429,0
-1.9201537,0.37716401,0.30701089,-0.45130327,-0.25171423,-0.85613394,0
-2.1194735,0.47519499,0.80557466,-0.88677311,0.23379156,0.39871681,0
2.219409,0.15713483,-0.99542046,0.88677311,-0.23379156,-0.39871681,0
2.5213861,0.54452735,-0.81822634,0.099794149,0.93913877,-0.32872429,0
0.17128161,-1.122576,-0.43128282,-0.45130327,-0.25171423,-0.85613394,0
0.3395319,1.1399262,0.18654585,0.099794149,0.93913877,-0.32872429,0
-0.022391081,-0.67714703,0.61925149,0.45130327,0.25171423,0.85613394,0
-1.8794701,0.37925005,1.620731,-0.88677311,0.23379156,0.39871681,0
2.2707937,-1.3065562,-0.50902891,0.88677311,-0.23379156,-0.39871681,0
0.5786168,-0.93090671,0.60691154,-0.099794149,-0.93913877,0.32872429,0
1.1933663,-0.98453081,-0.79048002,-0.45130327,-0.25171423,-0.85613394,0
1.2648925,-1.5883112,-0.73996139,-0.099794149,-0.93913877,0.32872429,0
1.929338,-1.5452108,-0.90386415,0.88677311,-0.23379156,-0.39871681,0
-0.13265562,0.9747591,-0.48727643,0.099794149,0.93913877,-0.32872429,0
-1.3762925,-0.087969437,0.28310168,-0.45130327,-0.25171423,-0.85613394,0
-2.3333266,-0.40756589,0.97255683,-0.88677311,0.23379156,0.39871681,0
1.6704319,0.36076975,-0.93637097,0.099794149,0.93913877,-0.32872429,0
2.2974958,0.19645584,-1.4140593,0.88677311,-0.23379156,-0.39871681,0
1.9177713,0.27196193,-1.2566324,0.099794149,0.93913877,-0.32872429,0
0.36440411,-1.0088333,-0.31279349,-0.45130327,-0.25171423,-0.85613394,0
-0.3986029,-0.77121425,0.6784445,-0.099794149,-0.93913877,0.32872429,0
0.93657196,-0.80673659,0.19716597,0.45130327,0.25171423,0.85613394,0
-0.97235948,-0.64091218,0.12978709,-0.45130327,-0.25171423,-0.85613394,0
1.4020447,-0.7296958,-0.017358661,0.45130327,0.25171423,0.85613394,0
0.7865591,0.082680583,-1.1145551,-0.45130327,-0.25171423,-0.85613394,0
-1.7727903,1.5260195,0.71750331,0.099794149,0.93913877,-0.32872429,0
-0.75324512,0.79538774,0.94568503,0.45130327,0.25171423,0.85613394,0
0.84456027,0.68430352,-0.44570485,0.099794149,0.93913877,-0.32872429,0
-0.35096341,1.0282644,-0.23320609,0.099794149,0.93913877,-0.32872429,0
-0.2246685,1.0305218,-0.624789,0.099794149,0.93913877,-0.32872429,0
-2.1218739,-0.058613896,1.2552829,-0.88677311,0.23379156,0.39871681,0
0.36115298,0.25405589,0.52915585,0.45130327,0.25171423,0.85613394,0
-1.7383848,1.4172325,1.0618677,0.099794149,0.93913877,-0.32872429,0
-1.3127459,0.59202868,-0.18821597,-0.45130327,-0.25171423,-0.85613394,0
1.2511423,-1.2575064,-0.51571345,-0.099794149,-0.93913877,0.32872429,0
2.484735,-0.24764866,-0.78268671,0.88677311,-0.23379156,-0.39871681,0
-1.5313435,-0.42395902,1.4940941,-0.099794149,-0.93913877,0.32872429,0
-2.0388334,-0.019115925,1.3691471,-0.88677311,0.23379156,0.39871681,0
2.4440725,-0.71216536,-0.7531774,0.88677311,-0.23379156,-0.39871681,0
-1.0894375,-0.12118167,0.99789035,0.45130327,0.25171423,0.85613394,0
-0.8908143,0.83008873,0.88473165,0.45130327,0.25171423,0.85613394,0
-0.43550467,1.2732651,0.10635209,0.099794149,0.93913877,-0.32872429,0
-2.3083324,1.1643974,0.61329603,-0.88677311,0.23379156,0.39871681,0
2.2083895,-1.189129,-0.79758453,0.88677311,-0.23379156,-0.39871681,0
1.6204164,-1.4683623,-0.47363591,-0.099794149,-0.93913877,0.32872429,0
0.2321042,-0.33758795,-0.61337167,-0.45130327,-0.25171423,-0.85613394,0
1.3245642,-1.0255991,-0.78770828,-0.45130327,-0.25171423,-0.85613394,0
-0.13595581,0.41467312,-0.57739031,-0.45130327,-0.25171423,-0.85613394,0
-0.78907001,-0.4022072,-0.011696637,-0.45130327,-0.25171423,-0.85613394,0
1.8669839,0.64002991,-1.1586274,0.099794149,0.93913877,-0.32872429,0
-2.0478942,-0.18671525,1.8176408,-0.099794149,-0.93913877,0.32872429,0
-2.1344762,0.79877162,1.0335028,-0.88677311,0.23379156,0.39871681,0
-0.19972615,0.75699174,0.68731475,0.45130327,0.25171423,0.85613394,0
2.349824,-0.35900629,-1.1787944,0.88677311,-0.23379156,-0.39871681,0
0.60895032,1.182248,0.085004039,0.099794149,0.93913877,-0.32872429,0
2.2300167,-0.028423548,-1.2462664,0.88677311,-0.23379156,-0.39871681,0
-2.3256946,-0.053448081,0.84537888,-0.45130327,-0.25171423,-0.85613394,0
-1.3207802,0.083935738,1.1548216,0.45130327,0.25171423,0.85613394,0
1.6157279,0.55886704,-0.95560539,0.099794149,0.93913877,-0.32872429,0
1.7090622,0.59212387,-0.39337587,0.45130327,0.25171423,0.85613394,0
-0.020312726,-0.98561615,-0.31454086,-0.099794149,-0.93913877,0.32872429,0
1.8571806,-1.2781194,-0.95470572,0.88677311,-0.23379156,-0.39871681,0
-0.25272864,0.95731902,0.02806443,0.099794149,0.93913877,-0.32872429,0
-1.595216,-0.40485704,1.5650907,0.45130327,0.25171423,0.85613394,0
1.7675372,0.60611439,-0.39775562,0.45130327,0.25171423,0.85613394,0
2.2961676,-0.95456046,-1.0153794,0.88677311,-0.23379156,-0.39871681,0
-2.2654028,0.47942209,0.78487492,-0.88677311,0.23379156,0.39871681,0
-1.2918602,1.3377244,0.68843865,0.45130327,0.25171423,0.85613394,0
2.0363739,-0.90150136,-1.3028576,0.88677311,-0.23379156,-0.39871681,0
-0.32126325,-1.0768147,0.41242933,-0.099794149,-0.93913877,0.32872429,0
2.3333721,-0.3360911,-1.0565388,0.88677311,-0.23379156,-0.39871681,0
-2.406945,0.55336845,0.86909866,-0.88677311,0.23379156,0.39871681,0
2.0219657,0.0040097237,-1.5529604,0.88677311,-0.23379156,-0.39871681,0
0.68302566,-0.54262692,-0.6641677,-0.45130327,-0.25171423,-0.85613394,0
1.3209826,-1.3538679,0.069209337,-0.099794149,-0.93913877,0.32872429,0
1.1818882,-0.085970521,-1.0619326,-0.45130327,-0.25171423,-0.85613394,0
2.2236059,-0.014977098,-1.4994959,0.88677311,-0.23379156,-0.39871681,0
-0.14972389,-0.95723683,0.68444324,-0.099794149,-0.93913877,0.32872429,0
-0.91411108,1.1576067,0.41745698,0.099794149,0.93913877,-0.32872429,0
2.1862495,-0.89647323,-0.39446402,0.88677311,-0.23379156,-0.39871681,0
0.85313076,0.30964774,0.082691967,0.45130327,0.25171423,0.85613394,0
-1.7034395,-0.54040742,0.75559127,-0.099794149,-0.93913877,0.32872429,0
1.5605717,-1.0569386,0.11465359,-0.099794149,-0.93913877,0.32872429,0
-1.4869604,-0.49285871,0.87163067,-0.099794149,-0.93913877,0.32872429,0
1.9426672,-1.5437918,-1.0854285,0.88677311,-0.23379156,-0.39871681,0
2.3254647,-0.4390614,-1.2093947,0.88677311,-0.23379156,-0.39871681,0
2.0058069,-1.4057835,-0.89257383,-0.099794149,-0.93913877,0.32872429,0
0.98336339,0.021031909,-0.031604409,0.45130327,0.25171423,0.85613394,0
-1.7376879,-0.35330009,1.4744248,-0.099794149,-0.93913877,0.32872429,0
0.80607027,0.6265583,-1.0321521,0.099794149,0.93913877,-0.32872429,0
-2.2618642,0.94037187,0.80819345,-0.88677311,0.23379156,0.39871681,0
1.8392618,0.50795954,-0.64168704,0.099794149,0.93913877,-0.32872429,0
-0.34597307,0.5536322,-0.49263313,-0.45130327,-0.25171423,-0.85613394,0
0.40343392,-0.88581103,0.65151322,0.45130327,0.25171423,0.85613394,0
0.18094122,-0.78751546,0.59108806,-0.099794149,-0.93913877,0.32872429,0
2.1045103,-0.70090854,-1.01614,0.88677311,-0.23379156,-0.39871681,0
-1.7828673,-0.64455724,0.4203428,-0.45130327,-0.25171423,-0.85613394,0
0.82135707,0.827124,-0.79766846,0.099794149,0.93913877,-0.32872429,0
-0.7228502,-1.0031739,0.41129154,-0.099794149,-0.93913877,0.32872429,0
1.5449595,0.22604777,-0.35082757,0.45130327,0.25171423,0.85613394,0
0.76675457,-1.3208852,-0.67006409,-0.099794149,-0.93913877,0.32872429,0
2.4357085,-0.042841673,-1.2011628,0.88677311,-0.23379156,-0.39871681,0
-1.6515213,1.0252316,1.1405733,0.45130327,0.25171423,0.85613394,0
-1.4470627,-0.85781181,0.27851212,-0.099794149,-0.93913877,0.32872429,0
0.31168705,0.68269145,-0.5153271,0.099794149,0.93913877,-0.32872429,0
1.8167123,-1.5689052,-0.39667654,-0.099794149,-0.93913877,0.32872429,0
-2.0914779,-0.57666111,0.977193,-0.099794149,-0.93913877,0.32872429,0
1.94203,-0.93769634,-1.4330835,0.88677311,-0.23379156,-0.39871681,0
0.037312686,-1.0669612,-0.046699166,-0.099794149,-0.93913877,0.32872429,0
-1.6677632,1.1993505,0.16263318,-0.45130327,-0.25171423,-0.85613394,0
-2.47455,0.26169217,0.71507263,-0.88677311,0.23379156,0.39871681,0
0.77581865,-0.9590165,0.42013264,0.45130327,0.25171423,0.85613394,0
2.3846862,-0.3198607,-0.94042015,0.88677311,-0.23379156,-0.39871681,0
1.6988966,-0.70629847,0.021268368,0.45130327,0.25171423,0.85613394,0
-1.3827813,-0.8037169,0.38943505,-0.099794149,-0.93913877,0.32872429,0
0.67015553,-0.75880033,0.502895,-0.099794149,-0.93913877,0.32872429,0
-1.4790382,0.94167799,1.2503241,0.45130327,0.25171423,0.85613394,0
-1.9928657,0.14464456,0.60169959,-0.45130327,-0.25171423,-0.85613394,0
-2.3933368,1.3117805,0.64280105,-0.88677311,0.23379156,0.39871681,0
-1.3219049,-0.35746318,1.1754481,-0.099794149,-0.93913877,0.32872429,0
-1.0222989,1.1557904,-0.28403091,0.099794149,0.93913877,-0.32872429,0
2.4007759,-0.31253248,-0.84008837,0.88677311,-0.23379156,-0.39871681,0
1.8153046,-0.21875095,-1.5131741,-0.45130327,-0.25171423,-0.85613394,0
1.0320803,0.18154293,-0.98437095,-0.45130327,-0.25171423,-0.85613394,0
-0.94948494,0.61024404,0.84465063,0.45130327,0.25171423,0.85613394,0
-1.9872833,0.56504136,1.0555172,-0.88677311,0.23379156,0.39871681,0
0.25912762,0.74866962,0.29393888,0.45130327,0.25171423,0.85613394,0
1.8848608,0.71512246,-0.76453042,0.099794149,0.93913877,-0.32872429,0
-1.5733827,1.448354,0.79869795,0.099794149,0.93913877,-0.32872429,0
0.20085695,-0.081586927,0.40552595,0.45130327,0.25171423,0.85613394,0
-0.66570473,1.0170987,-0.056466699,0.099794149,0.93913877,-0.32872429,0
-0.66649342,-0.59960914,0.82523471,-0.099794149,-0.93913877,0.32872429,0
2.4094548,0.045668244,-0.75092173,0.88677311,-0.23379156,-0.39871681,0
-2.4312744,-0.47337443,0.95772934,-0.88677311,0.23379156,0.39871681,0
-2.6676505,-0.24840176,0.68835664,-0.88677311,0.23379156,0.39871681,0
1.9651337,0.60336804,-1.0161494,0.099794149,0.93913877,-0.32872429,0
0.026318967,-1.0443959,-0.10563159,-0.099794149,-0.93913877,0.32872429,0
-1.3491371,1.4171839,0.44506764,0.099794149,0.93913877,-0.32872429,0
1.0589324,-0.31833407,0.15061414,0.45130327,0.25171423,0.85613394,0
-1.3001086,0.48551753,-0.18290615,-0.45130327,-0.25171423,-0.85613394,0
2.4584732,-0.17760831,-0.88265467,0.88677311,-0.23379156,-0.39871681,0
0.75585628,-0.24730307,-1.0292811,-0.45130327,-0.25171423,-0.85613394,0
-2.259068,1.0886725,0.51319098,-0.88677311,0.23379156,0.39871681,0
2.0599,-0.79815519,-1.3465195,0.88677311,-0.23379156,-0.39871681,0
-1.1038785,1.2307553,-0.2297101,0.099794149,0.93913877,-0.32872429,0
-2.367264,-0.60239834,0.61261749,-0.45130327,-0.25171423,-0.85613394,0
-2.0073256,1.576813,0.95955658,0.099794149,0.93913877,-0.32872429,0
2.0108223,-1.4353573,-1.1595006,0.88677311,-0.23379156,-0.39871681,0
-1.0916841,1.2625214,0.6735152,0.45130327,0.25171423,0.85613394,0
-2.0572286,1.6848862,0.9585886,0.099794149,0.93913877,-0.32872429,0
-1.5913765,-0.55448985,1.3563443,-0.099794149,-0.93913877,0.32872429,0
-1.7417283,0.55042481,1.4887263,0.45130327,0.25171423,0.85613394,0
0.68860781,0.74855494,-0.12825122,0.099794149,0.93913877,-0.32872429,0
2.435833,-0.33378583,-1.0772684,0.88677311,-0.23379156,-0.39871681,0
1.0647721,0.34272841,-0.14216495,0.45130327,0.25171423,0.85613394,0
2.1127508,-0.60594976,-1.4376652,0.88677311,-0.23379156,-0.39871681,0
-1.6548212,-0.71383333,0.98408198,-0.099794149,-0.93913877,0.32872429,0
0.71641952,-0.035670578,-0.8215093,-0.45130327,-0.25171423,-0.85613394,0
-2.0090733,0.36604747,0.33385777,-0.45130327,-0.25171423,-0.85613394,0
-1.8962039,-0.74023724,0.80189455,-0.099794149,-0.93913877,0.32872429,0
-2.0040579,0.4900707,1.3762617,-0.88677311,0.23379156,0.39871681,0
1.9487364,0.29316318,-1.3281214,0.099794149,0.93913877,-0.32872429,0
0.49227858,1.0987854,0.2253789,0.45130327,0.25171423,0.85613394,0
1.1669545,0.12892008,-1.3145914,-0.45130327,-0.25171423,-0.85613394,0
2.0721009,-0.19850057,-1.0669453,0.88677311,-0.23379156,-0.39871681,0
-2.1517897,0.24684072,1.1021938,-0.88677311,0.23379156,0.39871681,0
-2.4081669,1.000999,0.30913401,-0.88677311,0.23379156,0.39871681,0
-0.59139544,-0.37794733,-0.28091142,-0.45130327,-0.25171423,-0.85613394,0
-2.3077807,0.8871901,0.5377748,-0.88677311,0.23379156,0.39871681,0
-1.1180806,-0.57483923,0.097533762,-0.45130327,-0.25171423,-0.85613394,0
0.42826658,1.0810337,-0.0045474768,0.099794149,0.93913877,-0.32872429,0
-2.3275452,1.0645286,0.69548702,-0.88677311,0.23379156,0.39871681,0
0.69274592,-1.0608773,0.31752431,-0.099794149,-0.93913877,0.32872429,0
0.51977342,-0.76457679,0.65431857,0.45130327,0.25171423,0.85613394,0
2.0064971,-0.61490846,-1.2987669,0.88677311,-0.23379156,-0.39871681,0
2.1879091,-1.4619991,-0.88408685,0.88677311,-0.23379156,-0.39871681,0
0.40171987,0.57563734,-0.91001678,0.099794149,0.93913877,-0.32872429,0
-0.42544937,-0.19780713,-0.11150126,-0.45130327,-0.25171423,-0.85613394,0
2.5763905,0.0076277256,-0.71718431,0.88677311,-0.23379156,-0.39871681,0
1.9778414,-0.66228443,-1.0822003,0.88677311,-0.23379156,-0.39871681,0
-1.3261178,1.2110811,0.94581425,0.45130327,0.25171423,0.85613394,0
1.1782157,-0.29098487,-0.97982216,-0.45130327,-0.25171423,-0.85613394,0
1.5881578,-0.73598456,-0.0995996,0.45130327,0.25171423,0.85613394,0
2.1343751,-1.0405421,-0.7106092,0.88677311,-0.23379156,-0.39871681,0
0.96789706,-1.5436581,-0.51717293,-0.099794149,-0.93913877,0.32872429,0
-2.0560589,1.2084026,0.085516691,0.099794149,0.93913877,-0.32872429,0
-2.4704061,1.3969876,0.45569992,-0.88677311,0.23379156,0.39871681,0
-1.100188,-0.55632389,0.54996687,-0.099794149,-0.93913877,0.32872429,0
2.0389564,-0.19563556,-1.4194551,-0.45130327,-0.25171423,-0.85613394,0
2.0625267,-0.16860425,-0.37030339,0.45130327,0.25171423,0.85613394,0
-2.2146997,1.176844,0.59416533,-0.88677311,0.23379156,0.39871681,0
-0.13476062,0.88808149,-0.45307854,0.099794149,0.93913877,-0.32872429,0
-2.3915319,-0.31512949,0.56677341,-0.45130327,-0.25171423,-0.85613394,0
0.039823771,-0.90167272,0.71625626,-0.099794149,-0.93913877,0.32872429,0
-1.8413697,0.16931236,1.5401807,0.45130327,0.25171423,0.85613394,0
0.35971892,-0.45952293,0.64375293,0.45130327,0.25171423,0.85613394,0
-1.9905298,1.6157429,0.75621057,-0.88677311,0.23379156,0.39871681,0
1.4609662,0.46507072,-0.31487262,0.45130327,0.25171423,0.85613394,0
2.2450242,0.20014668,-1.3378574,0.88677311,-0.23379156,-0.39871681,0
0.84816146,-1.0140502,-0.8441962,-0.45130327,-0.25171423,-0.85613394,0
-0.2322678,-0.87144327,0.51294935,-0.099794149,-0.93913877,0.32872429,0
-1.228538,-0.36533773,1.2898095,-0.099794149,-0.93913877,0.32872429,0
2.3518798,-1.0514678,-0.83497214,0.88677311,-0.23379156,-0.39871681,0
2.3860288,-0.97250533,-0.8305316,0.88677311,-0.23379156,-0.39871681,0
-1.6141222,0.036854953,0.29616201,-0.45130327,-0.25171423,-0.85613394,0
-2.4671884,0.51376957,0.43138409,-0.88677311,0.23379156,0.39871681,0
-2.3795309,0.033531427,1.3190169,-0.88677311,0.23379156,0.39871681,0
-0.41667151,-0.3464644,-0.29623321,-0.45130327,-0.25171423,-0.85613394,0
-1.927249,0.48481953,1.3359356,-0.88677311,0.23379156,0.39871681,0
2.2807174,0.074460864,-1.5325907,0.88677311,-0.23379156,-0.39871681,0
-2.380342,0.75548708,0.69968462,-0.88677311,0.23379156,0.39871681,0
2.0841219,-1.5357679,-0.51232266,0.88677311,-0.23379156,-0.39871681,0
0.54613996,0.98589158,-0.51913559,0.099794149,0.93913877,-0.32872429,0
-0.40518457,-0.070215225,1.0500269,0.45130327,0.25171423,0.85613394,0
-1.5784144,1.2345874,0.46407032,0.099794149,0.93913877,-0.32872429,0
-0.80216944,0.055642165,-0.019447148,-0.45130327,-0.25171423,-0.85613394,0
0.71016759,1.1035193,-0.27133089,0.099794149,0.93913877,-0.32872429,0
-2.3989847,0.30910403,0.62033296,-0.88677311,0.23379156,0.39871681,0
2.6329648,-0.51443303,-0.60573792,0.88677311,-0.23379156,-0.39871681,0
0.3311969,-1.0016948,0.2278502,-0.099794149,-0.93913877,0.32872429,0
-0.12013619,0.42588395,0.66542131,0.45130327,0.25171423,0.85613394,0
1.9616568,-1.4506824,-0.80907679,-0.099794149,-0.93913877,0.32872429,0
-0.91572034,1.2386423,0.26508129,0.099794149,0.93913877,-0.32872429,0
-2.1676102,-0.64715391,1.0341167,-0.099794149,-0.93913877,0.32872429,0
-0.94831669,1.196986,0.69308317,0.45130327,0.25171423,0.85613394,0
-0.70205843,0.42058748,-0.46259481,-0.45130327,-0.25171423,-0.85613394,0
0.58694857,0.58467072,-0.77655959,0.099794149,0.93913877,-0.32872429,0
-2.2528532,0.57015455,1.3517954,-0.88677311,0.23379156,0.39871681,0
-0.96363622,-0.80415249,0.011546552,-0.099794149,-0.93913877,0.32872429,0
0.32411423,-0.7210862,-0.38593227,-0.45130327,-0.25171423,-0.85613394,0
1.1652858,0.76112747,-1.0966159,0.099794149,0.93913877,-0.32872429,0
-0.86853248,0.20931107,-0.1083948,-0.45130327,-0.25171423,-0.85613394,0
2.2723556,0.33825266,-1.2451504,0.099794149,0.93913877,-0.32872429,0
2.3587725,0.36629289,-0.76675248,0.88677311,-0.23379156,-0.39871681,0
-1.5700524,-0.30245486,0.54673767,-0.45130327,-0.25171423,-0.85613394,0
-0.51380378,-0.18539421,-0.25803155,-0.45130327,-0.25171423,-0.85613394,0
-2.1576605,0.79858553,0.59593821,-0.88677311,0.23379156,0.39871681,0
0.8737582,-0.34531999,0.3000983,0.45130327,0.25171423,0.85613394,0
2.1459231,-1.194472,-0.5454216,0.88677311,-0.23379156,-0.39871681,0
-0.097373843,-0.77043247,0.40340567,-0.099794149,-0.93913877,0.32872429,0
1.6888547,-1.6025525,-1.1899264,-0.45130327,-0.25171423,-0.85613394,0
-2.4037633,-0.37225592,0.96331215,-0.88677311,0.23379156,0.39871681,0
2.1614275,-0.81233108,-0.53638029,0.45130327,0.25171423,0.85613394,0
1.2293192,0.49680808,-0.67214751,0.099794149,0.93913877,-0.32872429,0
-2.0943203,1.3006525,0.43297553,-0.88677311,0.23379156,0.39871681,0
-2.0612259,0.88726997,1.5878639,-0.88677311,0.23379156,0.39871681,0
-1.1369704,1.497038,0.62844157,0.45130327,0.25171423,0.85613394,0
1.4025325,-0.72329539,-1.2250081,-0.45130327,-0.25171423,-0.85613394,0
0.52741379,-0.84858489,0.39052117,-0.099794149,-0.93913877,0.32872429,0
2.2745237,-1.2832811,-0.40611482,0.88677311,-0.23379156,-0.39871681,0
2.0519719,-1.6406944,-1.2429976,0.88677311,-0.23379156,-0.39871681,0
2.1194441,-1.244485,-0.21786833,-0.099794149,-0.93913877,0.32872429,0
0.62642801,-0.96701181,-0.54284871,-0.45130327,-0.25171423,-0.85613394,0
1.0376433,0.51665884,-0.074113071,0.45130327,0.25171423,0.85613394,0
-0.3801142,-0.98730242,0.0029556304,-0.45130327,-0.25171423,-0.85613394,0
-2.2536948,0.22918665,1.0709658,-0.88677311,0.23379156,0.39871681,0
-2.4410672,0.50512099,0.91259575,-0.88677311,0.23379156,0.39871681,0
-2.3658385,0.8384226,0.97892857,-0.88677311,0.23379156,0.39871681,0
1.2021936,0.25281072,-1.2344041,-0.45130327,-0.25171423,-0.85613394,0
-0.57990158,-1.0771348,0.19007188,-0.099794149,-0.93913877,0.32872429,0
2.1046696,-1.0942054,-0.67631245,0.88677311,-0.23379156,-0.39871681,0
1.0326085,0.38219595,-0.10269296,0.45130327,0.25171423,0.85613394,0
-2.4411259,0.29407024,0.91356039,-0.88677311,0.23379156,0.39871681,0
-2.1754866,0.58182317,0.77514005,-0.88677311,0.23379156,0.39871681,0
2.0285378,-1.2785378,-0.58176541,-0.099794149,-0.93913877,0.32872429,0
-2.1912246,0.053220749,1.4111032,-0.88677311,0.23379156,0.39871681,0
-1.8730714,-0.047786713,0.25214005,-0.45130327,-0.25171423,-0.85613394,0
2.172442,-1.1456171,-0.30488372,0.88677311,-0.23379156,-0.39871681,0
0.88902032,0.71687752,-0.33559608,0.099794149,0.93913877,-0.32872429,0
-2.4147534,0.27084553,0.53591013,-0.88677311,0.23379156,0.39871681,0
1.9265851,-0.32175162,-0.55576062,0.45130327,0.25171423,0.85613394,0
-1.5376625,0.84406102,-0.11963964,-0.45130327,-0.25171423,-0.85613394,0
-0.12288266,0.84077793,-0.15959382,0.099794149,0.93913877,-0.32872429,0
-0.079125345,-0.051607668,0.63833964,0.45130327,0.25171423,0.85613394,0
2.3743763,-0.70845336,-0.96552277,0.88677311,-0.23379156,-0.39871681,0
-0.83391273,0.8371985,-0.28074062,-0.45130327,-0.25171423,-0.85613394,0
2.0450373,-1.2461624,-0.99635696,0.88677311,-0.23379156,-0.39871681,0
-1.5835106,1.5692685,0.71586895,0.099794149,0.93913877,-0.32872429,0
-2.0899317,1.5564086,0.98273277,-0.88677311,0.23379156,0.39871681,0
1.106524,0.73206598,-0.36539871,0.45130327,0.25171423,0.85613394,0
-2.4817815,-0.69804144,0.88095903,-0.099794149,-0.93913877,0.32872429,0
1.3113225,-0.05439961,-1.1977866,-0.45130327,-0.25171423,-0.85613394,0
-1.6544964,0.93392348,0.062464476,-0.45130327,-0.25171423,-0.85613394,0
0.9721756,0.43385124,-1.3400415,0.099794149,0.93913877,-0.32872429,0
-1.2169206,-0.53476626,-0.013572514,-0.45130327,-0.25171423,-0.85613394,0
-2.0257547,0.96764374,1.0459626,-0.88677311,0.23379156,0.39871681,0
-0.68121624,-1.0745918,0.30096087,-0.099794149,-0.93913877,0.32872429,0
1.5388293,0.0095434189,-1.6165709,-0.45130327,-0.25171423,-0.85613394,0
0.17472446,-0.074519098,-0.87658459,-0.45130327,-0.25171423,-0.85613394,0
1.9996655,-0.2521801,-0.19925165,0.45130327,0.25171423,0.85613394,0
-0.061211795,-0.43905306,-0.24060231,-0.45130327,-0.25171423,-0.85613394,0
-0.97956812,0.8967886,-0.35080159,0.099794149,0.93913877,-0.32872429,0
1.5694172,-0.47190797,-1.3674074,-0.45130327,-0.25171423,-0.85613394,0
0.54666418,0.44634885,-0.025812685,0.45130327,0.25171423,0.85613394,0
-1.3399889,-0.41747963,1.2904329,-0.099794149,-0.93913877,0.32872429,0
0.081457019,0.66686702,-0.5504626,0.099794149,0.93913877,-0.32872429,0
0.17343199,0.83309996,-0.77633685,0.099794149,0.93913877,-0.32872429,0
-0.55597603,-0.79335791,0.52302265,-0.099794149,-0.93913877,0.32872429,0
-0.38483611,-1.0987828,-0.18287754,-0.45130327,-0.25171423,-0.85613394,0
1.9699289,-1.3704569,-0.73211432,0.88677311,-0.23379156,-0.39871681,0
-0.57460296,-1.0002021,-0.0074111447,-0.099794149,-0.93913877,0.32872429,0
1.8569955,-0.84394991,-1.4946294,0.88677311,-0.23379156,-0.39871681,0
1.6341652,0.6401087,-0.79899335,0.099794149,0.93913877,-0.32872429,0
-0.026952624,-0.69177115,0.7683177,-0.099794149,-0.93913877,0.32872429,0
0.86445326,0.79490763,-0.73557281,0.099794149,0.93913877,-0.32872429,0
-0.35190678,-0.97090667,0.46078151,-0.099794149,-0.93913877,0.32872429,0
1.8812174,-0.28047192,-1.548472,0.88677311,-0.23379156,-0.39871681,0
1.4908115,-1.5317104,-0.60693359,-0.099794149,-0.93913877,0.32872429,0
-1.6619762,-0.047812819,1.2448803,0.45130327,0.25171423,0.85613394,0
-2.2433724,0.16366184,0.85984182,-0.88677311,0.23379156,0.39871681,0
-1.4128401,1.0709773,0.82949972,0.45130327,0.25171423,0.85613394,0
1.0094535,-0.95614737,-0.94082379,-0.45130327,-0.25171423,-0.85613394,0
0.40197343,-0.76685464,0.49135208,-0.099794149,-0.93913877,0.32872429,0
1.5440912,-0.41918314,-1.1712986,-0.45130327,-0.25171423,-0.85613394,0
-1.1304723,0.59528333,1.2218356,0.45130327,0.25171423,0.85613394,0
-2.1300895,0.97250706,0.47398329,-0.45130327,-0.25171423,-0.85613394,0
-0.74222088,0.59112221,-0.29326659,-0.45130327,-0.25171423,-0.85613394,0
-0.80356759,-0.83025301,0.86190158,-0.099794149,-0.93913877,0.32872429,0
2.4375584,0.0035954714,-0.51103973,0.45130327,0.25171423,0.85613394,0
-1.6075048,1.3162913,0.048854828,0.099794149,0.93913877,-0.32872429,0
2.5129864,-1.0174648,-0.45062113,0.88677311,-0.23379156,-0.39871681,0
0.45590949,-0.46509704,-0.51224089,-0.45130327,-0.25171423,-0.85613394,0
1.8385216,-0.77042949,-1.2808595,-0.45130327,-0.25171423,-0.85613394,0
1.9892452,-0.83046997,-0.96465969,0.88677311,-0.23379156,-0.39871681,0
-1.1833529,0.18748063,0.92500556,0.45130327,0.25171423,0.85613394,0
-1.741406,1.4547526,1.2165098,0.45130327,0.25171423,0.85613394,0
1.9339815,-0.024726868,-1.4826899,0.88677311,-0.23379156,-0.39871681,0
-0.077072084,0.9785189,-0.15279216,0.099794149,0.93913877,-0.32872429,0
2.0867927,-0.54821986,-1.1281867,0.88677311,-0.23379156,-0.39871681,0
0.83917415,-1.1826122,0.045763373,-0.099794149,-0.93913877,0.32872429,0
2.3107116,0.28293443,-1.1741499,0.88677311,-0.23379156,-0.39871681,0
2.0081162,-1.6387644,-0.98138475,0.88677311,-0.23379156,-0.39871681,0
-1.8533077,-0.42625439,1.0213761,-0.099794149,-0.93913877,0.32872429,0
0.52706838,0.801934,-0.21563163,0.099794149,0.93913877,-0.32872429,0
0.19294694,-0.78564936,-0.38049304,-0.45130327,-0.25171423,-0.85613394,0
-2.0627525,1.4293239,0.91827512,-0.88677311,0.23379156,0.39871681,0
-2.255517,-0.10911679,1.1544719,-0.88677311,0.23379156,0.39871681,0
-1.2510386,0.46802795,-0.15022814,-0.45130327,-0.25171423,-0.85613394,0
-1.5591879,-0.66227299,0.33194864,-0.45130327,-0.25171423,-0.85613394,0
0.52708179,0.79248613,0.30436528,0.45130327,0.25171423,0.85613394,0
-1.8421754,1.0096443,0.023771524,-0.45130327,-0.25171423,-0.85613394,0
0.32490975,0.68736124,-0.79866993,0.099794149,0.93913877,-0.32872429,0
0.20685601,-1.0340921,-0.18540728,-0.45130327,-0.25171423,-0.85613394,0
-2.1180878,1.2046344,1.0953381,-0.88677311,0.23379156,0.39871681,0
-2.2678356,-0.33011705,1.1711757,-0.099794149,-0.93913877,0.32872429,0
2.2523608,-0.54030567,-0.74131608,0.88677311,-0.23379156,-0.39871681,0
0.3673237,1.1383491,-0.20489684,0.099794149,0.93913877,-0.32872429,0
2.0199528,0.3299253,-1.4344249,0.099794149,0.93913877,-0.32872429,0
-2.3145404,-0.18190408,1.1269732,-0.88677311,0.23379156,0.39871681,0
1.4859521,0.54070675,-1.1999278,0.099794149,0.93913877,-0.32872429,0
-0.45177317,1.2670707,0.29806185,0.099794149,0.93913877,-0.32872429,0
-1.5014758,-0.49922997,0.17276585,-0.45130327,-0.25171423,-0.85613394,0
2.3183312,0.30688208,-1.0665685,0.88677311,-0.23379156,-0.39871681,0
2.1495886,-0.03832233,-1.3931587,0.88677311,-0.23379156,-0.39871681,0
0.2046926,-1.1645156,0.35079062,-0.099794149,-0.93913877,0.32872429,0
-1.2200824,-0.58458054,1.4230208,-0.099794149,-0.93913877,0.32872429,0
-1.3750371,0.73869371,1.2928792,0.45130327,0.25171423,0.85613394,0
-1.2880194,-0.58519685,0.41060656,-0.099794149,-0.93913877,0.32872429,0
0.17127275,-0.063514292,0.28527921,0.45130327,0.25171423,0.85613394,0
-1.169902,-0.72992826,0.4044416,-0.099794149,-0.93913877,0.32872429,0
-2.4491861,-0.31193554,1.3360603,-0.88677311,0.23379156,0.39871681,0
0.67250943,0.023546398,-0.94796586,-0.45130327,-0.25171423,-0.85613394,0
-2.1106102,1.2757822,1.1764395,-0.88677311,0.23379156,0.39871681,0
0.55110323,0.82201207,0.034569804,0.099794149,0.93913877,-0.32872429,0
1.412441,0.34602219,-0.32692349,0.45130327,0.25171423,0.85613394,0
-2.444344,0.24551481,0.85088348,-0.88677311,0.23379156,0.39871681,0
-2.3514266,1.2840399,0.21897888,-0.88677311,0.23379156,0.39871681,0
-0.81663644,1.2438011,0.42785954,0.099794149,0.93913877,-0.32872429,0
1.6245441,-1.5266951,-1.1423321,-0.45130327,-0.25171423,-0.85613394,0
-0.71710199,1.0144292,0.78561532,0.45130327,0.25171423,0.85613394,0
-2.2086163,0.010525048,0.52411246,-0.45130327,-0.25171423,-0.85613394,0
0.22746313,-0.11245245,-0.61900061,-0.45130327,-0.25171423,-0.85613394,0
-0.19936967,-0.87392354,0.010425001,-0.099794149,-0.93913877,0.32872429,0
-0.93841332,-0.33403301,1.0049319,0.45130327,0.25171423,0.85613394,0
-0.98822546,1.3365045,0.29651988,0.099794149,0.93913877,-0.32872429,0
-2.2315588,0.76876998,0.64516306,-0.88677311,0.23379156,0.39871681,0
2.2321453,-1.1521308,-1.1094952,0.88677311,-0.23379156,-0.39871681,0
-1.5422516,1.063274,0.023230076,-0.45130327,-0.25171423,-0.85613394,0
1.562446,-0.070054606,-0.23630834,0.45130327,0.25171423,0.85613394,0
1.1393559,0.39445117,-0.13030833,0.45130327,0.25171423,0.85613394,0
0.052014053,0.21364653,-0.87083852,-0.45130327,-0.25171423,-0.85613394,0
-2.0493474,1.3784945,0.31138825,0.099794149,0.93913877,-0.32872429,0
-1.6271473,-0.47477162,0.63232839,-0.45130327,-0.25171423,-0.85613394,0
0.2587626,-1.0369649,0.66257203,0.45130327,0.25171423,0.85613394,0
-2.285676,-0.12504983,1.4314044,-0.88677311,0.23379156,0.39871681,0
-2.1626978,-0.68740588,0.97542953,-0.099794149,-0.93913877,0.32872429,0
-1.0371765,0.50710273,-0.36037397,-0.45130327,-0.25171423,-0.85613394,0
1.804154,-0.57945132,-1.4445239,0.88677311,-0.23379156,-0.39871681,0
-2.0228627,1.616696,0.6113584,0.099794149,0.93913877,-0.32872429,0
-0.37373966,1.0645992,-0.21150625,0.099794149,0.93913877,-0.32872429,0
0.4440425,-0.095407546,-0.68116647,-0.45130327,-0.25171423,-0.85613394,0
-2.1966953,0.91801667,1.345901,-0.88677311,0.23379156,0.39871681,0
2.3473868,-0.062131405,-1.2709129,0.88677311,-0.23379156,-0.39871681,0
-2.2612929,0.46086228,0.65447092,-0.88677311,0.23379156,0.39871681,0
2.0862906,-1.5747377,-0.75153422,0.88677311,-0.23379156,-0.39871681,0
-1.1095577,-0.67724323,0.8124662,-0.099794149,-0.93913877,0.32872429,0
0.12366092,-0.95039821,0.29646003,-0.099794149,-0.93913877,0.32872429,0
-2.226769,0.77533871,1.2549069,-0.88677311,0.23379156,0.39871681,0
2.3599329,-0.43372601,-1.1302786,0.88677311,-0.23379156,-0.39871681,0
1.8611701,-1.0599028,-0.10490203,0.45130327,0.25171423,0.85613394,0
1.9853592,-1.2854125,-1.1332133,0.88677311,-0.23379156,-0.39871681,0
-1.2568796,-0.54789215,0.93691438,-0.099794149,-0.93913877,0.32872429,0
-2.5149791,0.61767006,0.66088939,-0.88677311,0.23379156,0.39871681,0
