3.7958729,-0.9785502,2.3221917,-0.21272796,-0.90987861,0.35618484,0
-4.7187352,0.27113545,-0.94263124,-0.29360911,0.4072057,0.86485678,0
-4.8132386,-0.22071576,-1.7740264,-0.93195522,0.079400063,-0.35377276,0
-0.92074823,0.67050868,-1.1591456,0.29360911,-0.4072057,-0.86485678,0
-1.6540353,1.0715809,-0.65630221,-0.29360911,0.4072057,0.86485678,0
-4.096581,-0.59321988,-1.0289195,-0.21272796,-0.90987861,0.35618484,0
4.5724406,-0.83761072,2.1306405,0.93195522,-0.079400063,0.35377276,0
0.71613085,0.21956088,-0.37789136,0.29360911,-0.4072057,-0.86485678,0
3.6608267,0.078361988,1.9043503,-0.29360911,0.4072057,0.86485678,0
0.93356222,0.94939661,0.1393362,0.21272796,0.90987861,-0.35618484,0
-0.24802107,1.0130521,0.036266088,0.21272796,0.90987861,-0.35618484,0
-4.4507251,0.53487301,-2.2932692,-0.93195522,0.079400063,-0.35377276,0
2.9238834,-1.071403,1.1247928,0.29360911,-0.4072057,-0.86485678,0
2.8717003,0.11769712,1.3303359,-0.29360911,0.4072057,0.86485678,0
-1.2130425,0.66006821,-0.028074026,-0.29360911,0.4072057,0.86485678,0
1.4362011,-0.10640109,1.0541723,-0.29360911,0.4072057,0.86485678,0
0.40507644,-1.0233948,0.56367284,-0.21272796,-0.90987861,0.35618484,0
-0.83686364,0.71953875,-0.98304486,0.21272796,0.90987861,-0.35618484,0
4.5707231,-0.9746269,2.2430243,0.93195522,-0.079400063,0.35377276,0
4.8899593,-0.74447906,1.4936409,0.93195522,-0.079400063,0.35377276,0
-1.1223024,-0.58018684,-0.61603022,0.29360911,-0.4072057,-0.86485678,0
-4.4625363,-0.64920473,-1.6753187,-0.21272796,-0.90987861,0.35618484,0
-2.1697726,1.3022103,-0.95776057,0.21272796,0.90987861,-0.35618484,0
-0.56911361,0.83410496,-1.1734315,0.21272796,0.90987861,-0.35618484,0
5.0452967,0.46651077,1.4302125,0.93195522,-0.079400063,0.35377276,0
-4.5826869,1.3362746,-1.9335814,-0.93195522,0.079400063,-0.35377276,0
-1.0479672,0.29371762,-0.97642112,0.29360911,-0.4072057,-0.86485678,0
4.4454041,-0.47534394,2.3053923,0.93195522,-0.079400063,0.35377276,0
4.7670708,-0.70063353,1.8130422,0.93195522,-0.079400063,0.35377276,0
3.4783142,0.307096,1.6206567,-0.29360911,0.4072057,0.86485678,0
-3.7267299,0.16608691,-0.90380979,-0.29360911,0.4072057,0.86485678,0
-4.2190924,1.4334414,-2.0385046,0.21272796,0.90987861,-0.35618484,0
-1.2576573,-1.1405898,-0.49314427,0.29360911,-0.4072057,-0.86485678,0
-4.5672946,-0.38387501,-1.3935785,-0.21272796,-0.90987861,0.35618484,0
-1.9432114,-0.95455575,-0.66131628,0.29360911,-0.4072057,-0.86485678,0
-0.017908322,0.036556244,-0.39269942,0.29360911,-0.4072057,-0.86485678,0
-3.5460849,-0.5420348,-0.4902823,-0.21272796,-0.90987861,0.35618484,0
3.1840518,0.48547399,1.2480159,-0.29360911,0.4072057,0.86485678,0
4.5359073,-0.35997558,1.9931111,0.93195522,-0.079400063,0.35377276,0
-1.6227962,-0.80931056,-0.15064669,-0.21272796,-0.90987861,0.35618484,0
1.3283306,-1.2980459,0.67954516,-0.21272796,-0.90987861,0.35618484,0
-1.5255289,1.1780095,-0.51840997,0.21272796,0.90987861,-0.35618484,0
4.8651123,0.50534797,1.379642,0.93195522,-0.079400063,0.35377276,0
-3.9849596,1.441201,-1.6522045,0.21272796,0.90987861,-0.35618484,0
-1.7901853,0.12447202,-1.4689298,0.29360911,-0.4072057,-0.86485678,0
-4.859961,0.57798433,-1.5670986,-0.93195522,0.079400063,-0.35377276,0
-3.8747268,-0.64352608,-0.72934008,-0.21272796,-0.90987861,0.35618484,0
-4.9063749,-0.4033885,-1.2468271,-0.93195522,0.079400063,-0.35377276,0
-4.4489942,0.99058294,-1.9946446,-0.93195522,0.079400063,-0.35377276,0
-3.7389317,0.8478424,-1.1593323,-0.29360911,0.4072057,0.86485678,0
0.47262049,0.93951195,-0.10990301,0.21272796,0.90987861,-0.35618484,0
0.71176016,0.46850646,-0.34178302,0.29360911,-0.4072057,-0.86485678,0
4.1582813,-1.3468999,1.5890698,-0.21272796,-0.90987861,0.35618484,0
-0.73761195,0.3582164,0.13550609,-0.29360911,0.4072057,0.86485678,0
-3.5964713,0.88255811,-2.4066463,0.29360911,-0.4072057,-0.86485678,0
-3.9556813,1.1914512,-1.8249931,0.21272796,0.90987861,-0.35618484,0
1.6060752,-0.72392172,1.4263361,-0.21272796,-0.90987861,0.35618484,0
2.4739218,-0.056947738,0.2798152,0.29360911,-0.4072057,-0.86485678,0
4.5281239,0.022809267,1.8996248,0.93195522,-0.079400063,0.35377276,0
-1.6578684,-0.78328317,0.036385536,-0.21272796,-0.90987861,0.35618484,0
-3.8780804,-0.19270724,-0.53773713,-0.29360911,0.4072057,0.86485678,0
-2.1858368,0.4047395,-1.5887482,0.29360911,-0.4072057,-0.86485678,0
-3.6514649,-0.83747792,-1.0666428,-0.21272796,-0.90987861,0.35618484,0
4.4277325,-0.77704477,2.3123307,0.93195522,-0.079400063,0.35377276,0
-3.4861951,-0.77069986,-1.1807957,-0.21272796,-0.90987861,0.35618484,0
2.7365527,-0.93521571,1.630444,-0.21272796,-0.90987861,0.35618484,0
4.2886219,-0.991781,2.2239232,0.93195522,-0.079400063,0.35377276,0
-4.5234766,0.32041895,-1.7156467,-0.93195522,0.079400063,-0.35377276,0
0.34657228,-0.81061399,0.62268984,-0.21272796,-0.90987861,0.35618484,0
-4.519742,-0.40137434,-1.8748441,-0.93195522,0.079400063,-0.35377276,0
4.7962604,0.035885572,1.9136882,0.93195522,-0.079400063,0.35377276,0
1.7936763,-1.2019515,0.624717,0.29360911,-0.4072057,-0.86485678,0
0.8438651,0.74532223,-0.31187022,0.21272796,0.90987861,-0.35618484,0
0.010969579,0.96122217,0.074431807,-0.29360911,0.4072057,0.86485678,0
-4.7523012,1.4387643,-1.693975,-0.93195522,0.079400063,-0.35377276,0
-4.569097,-0.12784147,-1.6871104,-0.93195522,0.079400063,-0.35377276,0
-4.6600399,0.90113151,-1.8413,-0.93195522,0.079400063,-0.35377276,0
-4.5974846,1.1045284,-1.9627352,-0.93195522,0.079400063,-0.35377276,0
0.028646111,-1.0479391,0.13742399,-0.21272796,-0.90987861,0.35618484,0
4.5901589,-1.3162402,2.0652642,-0.21272796,-0.90987861,0.35618484,0
-4.6859717,-0.0079271793,-1.4292736,-0.93195522,0.079400063,-0.35377276,0
4.760561,-0.12612534,1.2905693,0.93195522,-0.079400063,0.35377276,0
-4.573957,0.91283083,-2.1155972,-0.93195522,0.079400063,-0.35377276,0
0.59967804,0.75439006,0.52712983,-0.29360911,0.4072057,0.86485678,0
-2.1145573,1.1704377,-1.4442434,0.21272796,0.90987861,-0.35618484,0
-0.43110794,-1.1472003,-0.08446613,-0.21272796,-0.90987861,0.35618484,0
-2.1808171,0.9223392,-1.5614638,0.21272796,0.90987861,-0.35618484,0
-3.859519,-0.53427494,-0.9580617,-0.21272796,-0.90987861,0.35618484,0
0.47452617,-0.72807217,0.96155041,-0.21272796,-0.90987861,0.35618484,0
4.5549164,-0.21325326,1.8156452,0.93195522,-0.079400063,0.35377276,0
-0.21985537,-0.7155174,-0.29666823,0.29360911,-0.4072057,-0.86485678,0
2.1788392,0.64486575,1.1511663,-0.29360911,0.4072057,0.86485678,0
-2.9548962,-0.52667665,-1.4996789,0.29360911,-0.4072057,-0.86485678,0
-1.683648,-0.81028044,0.027671933,-0.21272796,-0.90987861,0.35618484,0
-3.4060237,1.0618521,-1.9481106,0.21272796,0.90987861,-0.35618484,0
0.17300749,1.0038745,-0.26337549,0.21272796,0.90987861,-0.35618484,0
-4.581399,-0.48518038,-1.6317277,-0.93195522,0.079400063,-0.35377276,0
2.0107806,0.3106122,0.94373739,-0.29360911,0.4072057,0.86485678,0
-4.4403791,0.88106644,-1.9027309,-0.93195522,0.079400063,-0.35377276,0
-4.2302265,0.74757767,-2.2278976,0.29360911,-0.4072057,-0.86485678,0
-1.6576174,1.2310406,-1.0668151,0.21272796,0.90987861,-0.35618484,0
-4.7013063,1.1201814,-1.9641943,-0.93195522,0.079400063,-0.35377276,0
-0.5003255,1.0553697,-0.9092406,0.21272796,0.90987861,-0.35618484,0
4.700387,-0.23400307,2.1615996,0.93195522,-0.079400063,0.35377276,0
-3.8144431,1.218498,-2.0789447,0.21272796,0.90987861,-0.35618484,0
0.44015294,-0.80597377,0.76909512,-0.21272796,-0.90987861,0.35618484,0
3.6249866,0.58714283,0.66875935,0.21272796,0.90987861,-0.35618484,0
-4.4384108,-0.67779183,-1.536098,0.29360911,-0.4072057,-0.86485678,0
-2.9658556,-0.5720818,-1.3209372,0.29360911,-0.4072057,-0.86485678,0
-3.0730691,-0.43426299,-0.50408244,-0.21272796,-0.90987861,0.35618484,0
4.7434444,-0.051579952,1.5198655,0.93195522,-0.079400063,0.35377276,0
4.5458989,-0.034288883,1.8257957,0.93195522,-0.079400063,0.35377276,0
-3.3505402,0.8193686,-1.1687615,-0.29360911,0.4072057,0.86485678,0
4.8146744,-0.47593737,1.3841319,0.93195522,-0.079400063,0.35377276,0
-4.7330704,-0.1100347,-1.4689479,-0.93195522,0.079400063,-0.35377276,0
4.335669,-1.0371723,2.5056243,0.93195522,-0.079400063,0.35377276,0
4.4288678,0.64286399,1.6997237,0.21272796,0.90987861,-0.35618484,0
4.1340489,0.89207029,1.4492707,0.21272796,0.90987861,-0.35618484,0
4.9721832,-0.24840653,1.4564805,0.93195522,-0.079400063,0.35377276,0
1.1516808,-0.7824856,1.1710157,-0.21272796,-0.90987861,0.35618484,0
-0.35942382,-0.65559638,0.79725552,-0.29360911,0.4072057,0.86485678,0
2.331008,-1.0429313,1.3725617,-0.21272796,-0.90987861,0.35618484,0
-0.65810156,-1.1806089,-0.047507983,-0.21272796,-0.90987861,0.35618484,0
1.2250112,0.97280276,0.11639041,0.21272796,0.90987861,-0.35618484,0
0.6932565,-0.091517448,0.99154764,-0.29360911,0.4072057,0.86485678,0
-3.6704779,-0.65956414,-0.67533255,-0.21272796,-0.90987861,0.35618484,0
-1.2981174,1.1483954,-0.52559316,0.21272796,0.90987861,-0.35618484,0
4.0906625,-0.4559868,0.97669029,0.29360911,-0.4072057,-0.86485678,0
4.6690965,0.040624619,1.896409,0.93195522,-0.079400063,0.35377276,0
4.7916937,-1.112965,1.7368326,0.93195522,-0.079400063,0.35377276,0
-4.994813,-0.16335166,-1.3647623,-0.93195522,0.079400063,-0.35377276,0
-3.3744984,0.31333357,-0.85107994,-0.29360911,0.4072057,0.86485678,0
3.6409698,0.38982272,0.87699437,0.21272796,0.90987861,-0.35618484,0
0.53004658,-1.2647488,0.41105497,-0.21272796,-0.90987861,0.35618484,0
2.9187496,-0.97845566,2.206248,-0.21272796,-0.90987861,0.35618484,0
-4.5549121,1.1681839,-2.3810153,-0.93195522,0.079400063,-0.35377276,0
1.2752693,-1.0470808,0.91619253,-0.21272796,-0.90987861,0.35618484,0
-1.9722669,-0.24279049,0.12775135,-0.29360911,0.4072057,0.86485678,0
1.12467,-1.1012617,0.50052667,0.29360911,-0.4072057,-0.86485678,0
4.6936069,-0.44899511,1.3283076,0.93195522,-0.079400063,0.35377276,0
-2.0706892,0.26603827,-0.12572551,-0.29360911,0.4072057,0.86485678,0
-3.753474,1.3532002,-1.2621222,-0.29360911,0.4072057,0.86485678,0
0.59139478,-0.055124402,0.81340128,-0.29360911,0.4072057,0.86485678,0
-4.7739201,0.012447357,-1.9746027,-0.93195522,0.079400063,-0.35377276,0
0.28508377,0.70611179,0.11181919,-0.29360911,0.4072057,0.86485678,0
5.0673628,0.12178373,1.2812901,0.93195522,-0.079400063,0.35377276,0
-3.7110679,1.0961926,-2.4720893,0.21272796,0.90987861,-0.35618484,0
-4.3288441,0.91465974,-2.10602,-0.93195522,0.079400063,-0.35377276,0
0.72877216,0.88540888,-0.38639981,0.21272796,0.90987861,-0.35618484,0
-3.2683821,-0.8343792,-0.820575,-0.21272796,-0.90987861,0.35618484,0
-1.7383105,-0.057794094,-0.13460553,-0.29360911,0.4072057,0.86485678,0
3.5642865,0.11951137,1.8021147,-0.29360911,0.4072057,0.86485678,0
-2.6147156,1.192078,-1.1807535,0.21272796,0.90987861,-0.35618484,0
3.6453013,0.80901015,0.90615797,0.21272796,0.90987861,-0.35618484,0
4.4623094,-1.403571,1.4764194,-0.21272796,-0.90987861,0.35618484,0
-3.6440983,0.073951483,-2.0499184,0.29360911,-0.4072057,-0.86485678,0
1.4342793,-0.50618875,-0.0089355707,0.29360911,-0.4072057,-0.86485678,0
-4.2753143,0.5294764,-1.3233066,-0.29360911,0.4072057,0.86485678,0
4.4389367,-0.55751812,1.2337193,0.29360911,-0.4072057,-0.86485678,0
2.7041373,0.65763664,0.73580933,0.21272796,0.90987861,-0.35618484,0
-4.8617134,-0.49725032,-1.6732006,-0.93195522,0.079400063,-0.35377276,0
4.5446453,0.54054713,1.7675962,0.93195522,-0.079400063,0.35377276,0
-0.26314259,-1.0288572,0.037888736,-0.21272796,-0.90987861,0.35618484,0
5.0035353,-0.042255878,1.1739054,0.93195522,-0.079400063,0.35377276,0
-4.249126,1.2139834,-2.1932311,-0.93195522,0.079400063,-0.35377276,0
3.9128213,-1.2817481,1.1922703,0.29360911,-0.4072057,-0.86485678,0
1.9267468,0.86025149,0.60349894,0.21272796,0.90987861,-0.35618484,0
-1.4663098,0.88826442,-0.19222534,-0.29360911,0.4072057,0.86485678,0
4.554028,-1.1370516,1.9216657,0.93195522,-0.079400063,0.35377276,0
-4.7701459,0.5461694,-1.651968,-0.93195522,0.079400063,-0.35377276,0
-4.8163795,-0.6199379,-1.7311482,-0.93195522,0.079400063,-0.35377276,0
-4.2397604,-0.83427095,-1.5395713,-0.21272796,-0.90987861,0.35618484,0
-2.7782402,0.98972142,-0.93446684,-0.29360911,0.4072057,0.86485678,0
2.6719925,-0.88935256,1.975234,-0.29360911,0.4072057,0.86485678,0
-3.9110241,0.76843941,-2.1300135,0.29360911,-0.4072057,-0.86485678,0
2.8395851,-1.1195321,1.5915813,-0.21272796,-0.90987861,0.35618484,0
-2.4278827,-0.99520946,-0.77386606,-0.21272796,-0.90987861,0.35618484,0
4.5576544,-1.4371032,1.5814238,0.93195522,-0.079400063,0.35377276,0
-4.6367927,-0.4573133,-1.6076665,-0.93195522,0.079400063,-0.35377276,0
4.3520727,-1.3686364,1.7934537,-0.21272796,-0.90987861,0.35618484,0
-3.2467232,-0.60063994,-1.1165533,-0.21272796,-0.90987861,0.35618484,0
-3.3470488,0.49981469,-0.87190247,-0.29360911,0.4072057,0.86485678,0
3.0512524,0.29584318,0.087854624,0.29360911,-0.4072057,-0.86485678,0
4.3435359,-1.1072302,2.6070957,0.93195522,-0.079400063,0.35377276,0
4.8484755,0.4384253,1.6096792,0.93195522,-0.079400063,0.35377276,0
3.0789757,0.70021939,1.042351,0.21272796,0.90987861,-0.35618484,0
4.1438661,0.094712496,0.83925009,0.29360911,-0.4072057,-0.86485678,0
-1.9985929,-0.64554405,0.15749884,-0.29360911,0.4072057,0.86485678,0
5.0902343,0.038023353,1.2071543,0.93195522,-0.079400063,0.35377276,0
4.2048688,0.85564661,1.4101942,0.21272796,0.90987861,-0.35618484,0
-3.968472,0.95643783,-2.2463727,0.29360911,-0.4072057,-0.86485678,0
3.2473645,-1.3139431,1.8524036,-0.21272796,-0.90987861,0.35618484,0
-4.4379153,0.44287252,-1.8963785,-0.93195522,0.079400063,-0.35377276,0
-5.1334391,-0.15815294,-1.128016,-0.21272796,-0.90987861,0.35618484,0
3.1421056,0.54259264,1.2131503,-0.29360911,0.4072057,0.86485678,0
-0.24529034,-0.7348792,-0.38421333,0.29360911,-0.4072057,-0.86485678,0
-4.6611452,0.9749732,-1.7485948,-0.93195522,0.079400063,-0.35377276,0
4.7606363,0.12403965,2.1343174,0.93195522,-0.079400063,0.35377276,0
4.3821678,-0.78811765,2.4281411,0.93195522,-0.079400063,0.35377276,0
4.5109668,-1.0384963,2.2190137,0.93195522,-0.079400063,0.35377276,0
0.19700933,0.88173068,0.19158471,-0.29360911,0.4072057,0.86485678,0
4.6748495,-0.70158255,1.59481,0.93195522,-0.079400063,0.35377276,0
3.7706397,0.20401669,0.51587701,0.21272796,0.90987861,-0.35618484,0
0.068765402,1.0603286,0.28530335,0.21272796,0.90987861,-0.35618484,0
4.7380452,-1.2740091,1.8834219,0.93195522,-0.079400063,0.35377276,0
-4.5379138,-0.28951347,-1.1342168,-0.21272796,-0.90987861,0.35618484,0
-4.4944115,0.99546778,-1.6141157,-0.29360911,0.4072057,0.86485678,0
-4.4556341,0.93753469,-1.8894167,-0.93195522,0.079400063,-0.35377276,0
-4.6041446,1.1148515,-1.5714478,-0.93195522,0.079400063,-0.35377276,0
-0.26515007,-0.93090308,-0.049156934,-0.21272796,-0.90987861,0.35618484,0
4.3643341,-0.50042558,2.2766709,0.93195522,-0.079400063,0.35377276,0
0.68081605,-0.26809967,1.0811934,-0.29360911,0.4072057,0.86485678,0
4.3876405,-0.093467712,2.1217899,0.93195522,-0.079400063,0.35377276,0
-2.486228,-0.50385141,-0.01297164,-0.21272796,-0.90987861,0.35618484,0
0.12910658,-0.85001093,0.8429209,-0.21272796,-0.90987861,0.35618484,0
-0.36506614,0.56979203,-1.0694163,0.29360911,-0.4072057,-0.86485678,0
4.4166369,-1.0260353,2.5430713,0.93195522,-0.079400063,0.35377276,0
-3.8287625,-0.21808022,-0.5633595,-0.21272796,-0.90987861,0.35618484,0
3.0548253,-0.20089912,1.4788122,-0.29360911,0.4072057,0.86485678,0
-2.894187,1.168116,-1.8645108,0.21272796,0.90987861,-0.35618484,0
-3.1067572,0.14515758,-1.9166324,0.29360911,-0.4072057,-0.86485678,0
4.362206,-1.1832559,1.8441701,0.93195522,-0.079400063,0.35377276,0
4.3564425,-0.49854791,1.1469469,0.29360911,-0.4072057,-0.86485678,0
-1.7978973,0.11367252,-0.26921785,-0.29360911,0.4072057,0.86485678,0
-0.4325999,0.90486336,-0.47168928,0.21272796,0.90987861,-0.35618484,0
0.95339799,-0.90513074,1.2363654,-0.29360911,0.4072057,0.86485678,0
0.8677882,0.88260233,0.28614515,0.21272796,0.90987861,-0.35618484,0
4.8123055,-0.91096139,1.7576089,0.93195522,-0.079400063,0.35377276,0
1.1334189,0.3352446,0.74921203,-0.29360911,0.4072057,0.86485678,0
-4.8889589,-0.45370543,-1.3386502,-0.93195522,0.079400063,-0.35377276,0
4.7569251,-0.47271132,1.7834644,0.93195522,-0.079400063,0.35377276,0
-5.0788212,-0.29982269,-1.3303695,-0.93195522,0.079400063,-0.35377276,0
2.3057117,-0.25915486,0.21345258,0.29360911,-0.4072057,-0.86485678,0
-4.3757305,-0.38293147,-1.8081946,0.29360911,-0.4072057,-0.86485678,0
-1.6897707,-0.77489054,0.21008599,-0.21272796,-0.90987861,0.35618484,0
1.1101235,-0.051079661,-0.039897084,0.29360911,-0.4072057,-0.86485678,0
-4.7203388,-0.23826921,-0.94095659,-0.21272796,-0.90987861,0.35618484,0
4.8225904,-0.26271987,1.3281083,0.93195522,-0.079400063,0.35377276,0
4.9067144,-0.15683508,1.6468973,0.93195522,-0.079400063,0.35377276,0
2.4324713,-1.3122979,0.96220732,-0.21272796,-0.90987861,0.35618484,0
1.0105908,0.24145442,0.70305914,-0.29360911,0.4072057,0.86485678,0
-4.5255642,-0.34011912,-1.7611504,-0.93195522,0.079400063,-0.35377276,0
-2.7017372,0.79187381,-0.803442,-0.29360911,0.4072057,0.86485678,0
3.2183185,0.69487989,0.35508394,0.21272796,0.90987861,-0.35618484,0
3.6625786,-1.142756,2.3267899,-0.21272796,-0.90987861,0.35618484,0
-4.405344,0.9697901,-1.9970064,-0.93195522,0.079400063,-0.35377276,0
1.3879187,0.89855433,0.19367683,0.21272796,0.90987861,-0.35618484,0
-4.746737,1.0417039,-1.4988494,-0.29360911,0.4072057,0.86485678,0
-1.424386,0.81728542,-1.1476377,0.21272796,0.90987861,-0.35618484,0
-3.8630204,-0.76642489,-1.4210181,-0.21272796,-0.90987861,0.35618484,0
2.287883,1.0637848,0.92361605,-0.29360911,0.4072057,0.86485678,0
-4.9765325,0.15897369,-1.4797683,-0.93195522,0.079400063,-0.35377276,0
-1.3295518,0.075937867,-1.290255,0.29360911,-0.4072057,-0.86485678,0
-2.6396432,0.75027704,-1.6111751,0.29360911,-0.4072057,-0.86485678,0
3.3473718,-0.45480615,0.5789609,0.29360911,-0.4072057,-0.86485678,0
3.4640536,0.77477396,1.1066062,0.21272796,0.90987861,-0.35618484,0
-2.9736571,0.22027558,-0.73011374,-0.29360911,0.4072057,0.86485678,0
2.5620847,0.47718543,0.2991662,0.21272796,0.90987861,-0.35618484,0
-4.8578434,-0.26456344,-1.0471778,-0.93195522,0.079400063,-0.35377276,0
-1.590796,-0.6295892,-0.049528599,-0.21272796,-0.90987861,0.35618484,0
-4.3692865,0.51844168,-2.1238108,-0.93195522,0.079400063,-0.35377276,0
-0.61261988,0.81582761,0.037992597,-0.29360911,0.4072057,0.86485678,0
2.5073059,0.57404357,0.33723807,0.21272796,0.90987861,-0.35618484,0
-4.147049,0.029200315,-2.0004396,0.29360911,-0.4072057,-0.86485678,0
-4.5614676,-0.46098042,-1.6945138,-0.93195522,0.079400063,-0.35377276,0
5.0058494,-0.21979523,1.3237705,0.93195522,-0.079400063,0.35377276,0
-4.2363768,0.48212636,-1.2253327,-0.29360911,0.4072057,0.86485678,0
2.6622,0.70138633,1.2847126,-0.29360911,0.4072057,0.86485678,0
4.9507656,-0.0034813881,1.4676099,0.93195522,-0.079400063,0.35377276,0
2.1272521,-1.129575,1.4579971,-0.21272796,-0.90987861,0.35618484,0
-3.8639803,-0.50385833,-1.5451908,0.29360911,-0.4072057,-0.86485678,0
-5.0048923,0.40078914,-1.4189477,-0.93195522,0.079400063,-0.35377276,0
-4.3200731,0.22299337,-2.2292533,-0.93195522,0.079400063,-0.35377276,0
-4.5606017,-0.020923853,-2.0503354,-0.93195522,0.079400063,-0.35377276,0
-4.4959316,-0.42211056,-1.8241525,-0.93195522,0.079400063,-0.35377276,0
2.8392148,-0.082597345,0.25343084,0.29360911,-0.4072057,-0.86485678,0
-4.2512121,1.3347285,-1.4239345,0.21272796,0.90987861,-0.35618484,0
-1.7881818,1.1852088,-1.3053353,0.21272796,0.90987861,-0.35618484,0
-4.8395815,0.36771417,-1.5315657,-0.93195522,0.079400063,-0.35377276,0
-3.8151784,0.55518293,-2.3113012,0.29360911,-0.4072057,-0.86485678,0
2.0808361,-0.89806199,1.7952809,-0.21272796,-0.90987861,0.35618484,0
2.9320624,-1.1376141,1.1726129,-0.21272796,-0.90987861,0.35618484,0
4.4644113,-0.93793809,2.24964,0.93195522,-0.079400063,0.35377276,0
-2.545049,1.2778205,-1.0467465,-0.29360911,0.4072057,0.86485678,0
-4.8037081,-0.33788514,-1.5146718,-0.93195522,0.079400063,-0.35377276,0
-4.6724682,0.85513699,-1.8332558,-0.93195522,0.079400063,-0.35377276,0
-1.6924372,-1.042311,-0.88218069,0.29360911,-0.4072057,-0.86485678,0
-3.0099058,-0.25892889,-0.54026294,-0.29360911,0.4072057,0.86485678,0
-2.5033083,-0.53044462,-0.49207354,-0.21272796,-0.90987861,0.35618484,0
-1.8607231,0.95909309,-1.1932151,0.21272796,0.90987861,-0.35618484,0
-2.3330755,-0.11611438,-1.2915537,0.29360911,-0.4072057,-0.86485678,0
-4.6208448,0.30527806,-2.3030815,-0.93195522,0.079400063,-0.35377276,0
-4.778892,0.048832178,-2.0458446,-0.93195522,0.079400063,-0.35377276,0
-4.8369136,0.11250949,-1.5452528,-0.93195522,0.079400063,-0.35377276,0
-4.7696958,1.4323385,-1.7106862,-0.93195522,0.079400063,-0.35377276,0
-4.6978579,1.243404,-1.8603601,-0.93195522,0.079400063,-0.35377276,0
1.2319508,-1.208611,0.35870719,0.29360911,-0.4072057,-0.86485678,0
4.6976404,0.34925961,1.4898572,0.93195522,-0.079400063,0.35377276,0
4.1713896,0.27955317,0.71194267,0.29360911,-0.4072057,-0.86485678,0
3.2228734,-1.2417974,1.4109159,-0.21272796,-0.90987861,0.35618484,0
4.1278353,0.67160785,0.88766861,0.21272796,0.90987861,-0.35618484,0
2.3939285,-0.85629725,1.7186942,-0.29360911,0.4072057,0.86485678,0
-4.8369255,-0.30584526,-1.7277799,-0.93195522,0.079400063,-0.35377276,0
-0.62866628,0.48550016,-1.0633117,0.29360911,-0.4072057,-0.86485678,0
-4.711627,-0.59512877,-1.7495747,-0.93195522,0.079400063,-0.35377276,0
3.9709463,0.79920745,1.4027321,0.21272796,0.90987861,-0.35618484,0
-4.4397383,1.0476702,-2.0450778,-0.93195522,0.079400063,-0.35377276,0
0.79949671,0.93562841,-0.045609146,0.21272796,0.90987861,-0.35618484,0
-1.3578999,-0.046007499,0.34182954,-0.29360911,0.4072057,0.86485678,0
-4.6192884,0.08088553,-1.3876367,-0.93195522,0.079400063,-0.35377276,0
2.3891289,0.76217544,0.75771785,0.21272796,0.90987861,-0.35618484,0
1.1812412,0.014199197,-0.28954804,0.29360911,-0.4072057,-0.86485678,0
-4.2059922,-0.60631061,-1.1147411,-0.21272796,-0.90987861,0.35618484,0
-4.6469526,0.56970882,-1.8577833,-0.93195522,0.079400063,-0.35377276,0
-2.9765778,0.45912877,-0.58398843,-0.29360911,0.4072057,0.86485678,0
0.31990492,-1.0110629,0.26053959,-0.21272796,-0.90987861,0.35618484,0
-4.0288334,1.1574911,-1.3017278,-0.29360911,0.4072057,0.86485678,0
2.1505764,-0.95238853,1.1899729,-0.21272796,-0.90987861,0.35618484,0
-3.9251974,1.1123319,-2.5986753,0.29360911,-0.4072057,-0.86485678,0
-3.9525392,0.85589135,-2.2336049,0.29360911,-0.4072057,-0.86485678,0
-4.570457,0.77534747,-2.3301158,-0.93195522,0.079400063,-0.35377276,0
-4.4849534,-0.050684214,-1.9065886,-0.93195522,0.079400063,-0.35377276,0
4.9045258,0.067805529,1.4852233,0.93195522,-0.079400063,0.35377276,0
-4.7433596,-0.40380919,-1.3031754,-0.93195522,0.079400063,-0.35377276,0
3.9139431,-0.56201887,2.2391019,-0.29360911,0.4072057,0.86485678,0
4.5695925,0.20850873,0.86851263,0.21272796,0.90987861,-0.35618484,0
-2.6148622,1.4212785,-0.95328736,0.21272796,0.90987861,-0.35618484,0
-0.35077387,1.1209878,0.03996253,0.21272796,0.90987861,-0.35618484,0
1.3533206,0.13978504,-0.0066469908,0.29360911,-0.4072057,-0.86485678,0
0.82295418,-1.3534994,0.1454457,0.29360911,-0.4072057,-0.86485678,0
-1.1423831,-0.77284354,-0.48735416,0.29360911,-0.4072057,-0.86485678,0
-0.714845,-0.24068375,0.2463465,-0.29360911,0.4072057,0.86485678,0
-3.1400018,0.73856091,-1.7986684,0.29360911,-0.4072057,-0.86485678,0
-0.79076749,0.23191732,-0.97999477,0.29360911,-0.4072057,-0.86485678,0
-2.2693558,-0.048597574,-1.3700759,0.29360911,-0.4072057,-0.86485678,0
4.7079535,-1.4011004,1.9332576,0.93195522,-0.079400063,0.35377276,0
1.8925601,-0.36366129,1.1911716,-0.29360911,0.4072057,0.86485678,0
-4.6975565,-0.47467434,-0.85418177,-0.21272796,-0.90987861,0.35618484,0
-4.5637698,-0.1349113,-1.9141717,-0.93195522,0.079400063,-0.35377276,0
-3.2961032,0.48755628,-0.890625,-0.29360911,0.4072057,0.86485678,0
4.5493498,0.083795786,1.6865759,0.93195522,-0.079400063,0.35377276,0
2.584727,-1.1230416,0.69404697,0.29360911,-0.4072057,-0.86485678,0
-4.8797717,-0.30811179,-1.3078542,-0.93195522,0.079400063,-0.35377276,0
-1.8958261,-0.23084724,-0.97976995,0.29360911,-0.4072057,-0.86485678,0
-4.8155994,0.71465898,-1.6978841,-0.93195522,0.079400063,-0.35377276,0
-0.72360528,-1.132917,-0.036210969,-0.21272796,-0.90987861,0.35618484,0
4.2187438,-0.78964782,2.4969769,0.93195522,-0.079400063,0.35377276,0
4.9092517,-0.58322752,1.3566294,0.93195522,-0.079400063,0.35377276,0
-1.64495,0.91318798,-1.7971828,0.29360911,-0.4072057,-0.86485678,0
4.627563,-0.70765519,1.7850962,0.93195522,-0.079400063,0.35377276,0
1.4775914,-0.75690508,1.5748419,-0.29360911,0.4072057,0.86485678,0
-4.1375523,-0.27824926,-1.8196645,0.29360911,-0.4072057,-0.86485678,0
-0.77870983,0.86080652,-1.1270082,0.21272796,0.90987861,-0.35618484,0
2.6217983,0.48579478,-0.0021109581,0.21272796,0.90987861,-0.35618484,0
-4.51333,-0.10545731,-1.8266191,-0.93195522,0.079400063,-0.35377276,0
2.6704984,0.83476269,0.5735395,0.21272796,0.90987861,-0.35618484,0
-1.4001164,-0.05059582,0.32510006,-0.29360911,0.4072057,0.86485678,0
-3.5655098,1.1404662,-1.835463,0.21272796,0.90987861,-0.35618484,0
4.5370588,-1.1077853,2.0911837,0.93195522,-0.079400063,0.35377276,0
-2.030076,0.96030724,-1.8733759,0.21272796,0.90987861,-0.35618484,0
2.8152232,0.58590961,0.79398441,0.21272796,0.90987861,-0.35618484,0
-3.6665154,1.0053827,-2.0908332,0.21272796,0.90987861,-0.35618484,0
-2.0604963,-0.86787474,-0.83840394,0.29360911,-0.4072057,-0.86485678,0
-4.2294111,-0.81847286,-1.8488681,0.29360911,-0.4072057,-0.86485678,0
-4.7582312,-0.35776067,-1.557745,-0.93195522,0.079400063,-0.35377276,0
-3.0855532,0.48059511,-2.0500908,0.29360911,-0.4072057,-0.86485678,0
4.2760382,-0.079989672,1.979495,-0.29360911,0.4072057,0.86485678,0
-4.6670074,1.3197317,-2.068378,-0.93195522,0.079400063,-0.35377276,0
4.7660546,0.45091558,1.2279696,0.21272796,0.90987861,-0.35618484,0
3.5769141,0.494982,0.73474622,0.21272796,0.90987861,-0.35618484,0
-3.4539995,0.96331525,-2.0454278,0.29360911,-0.4072057,-0.86485678,0
-4.9946518,-0.2110014,-1.5876136,-0.93195522,0.079400063,-0.35377276,0
-3.7493594,1.2406268,-2.2235875,0.21272796,0.90987861,-0.35618484,0
-3.7618637,1.079118,-2.3214536,0.29360911,-0.4072057,-0.86485678,0
4.7164125,-0.53112066,1.724967,0.93195522,-0.079400063,0.35377276,0
2.1520951,-0.15600914,0.39189482,0.29360911,-0.4072057,-0.86485678,0
-0.22083259,0.85232794,-0.037852049,-0.29360911,0.4072057,0.86485678,0
1.1376491,-0.91890669,1.2179543,-0.29360911,0.4072057,0.86485678,0
4.8888302,-0.36431468,1.6085787,0.93195522,-0.079400063,0.35377276,0
0.11724391,-0.17405075,0.80611116,-0.29360911,0.4072057,0.86485678,0
-4.8508101,-0.058008432,-1.7521963,-0.93195522,0.079400063,-0.35377276,0
-4.8680267,-0.58891129,-1.5510883,-0.93195522,0.079400063,-0.35377276,0
-1.9165881,0.049959086,0.015781879,-0.29360911,0.4072057,0.86485678,0
2.2912741,-0.2512157,1.5152552,-0.29360911,0.4072057,0.86485678,0
-4.6228399,-0.73605967,-1.2922173,-0.21272796,-0.90987861,0.35618484,0
-0.55917698,0.95076585,-1.1824819,0.21272796,0.90987861,-0.35618484,0
-4.3137541,0.32276249,-2.2232823,-0.93195522,0.079400063,-0.35377276,0
1.5505116,-0.85246634,1.1898742,-0.21272796,-0.90987861,0.35618484,0
-4.0441427,-0.65488124,-1.6297188,0.29360911,-0.4072057,-0.86485678,0
-2.7713494,-0.51696432,0.073589563,-0.21272796,-0.90987861,0.35618484,0
0.7013976,0.87109149,0.26097322,0.21272796,0.90987861,-0.35618484,0
-4.4886107,-0.54664803,-1.7597985,-0.21272796,-0.90987861,0.35618484,0
4.5858288,-0.39049125,1.1803489,0.29360911,-0.4072057,-0.86485678,0
1.2448612,0.47773629,-0.36323029,0.29360911,-0.4072057,-0.86485678,0
-3.8173647,-0.48328173,-1.1694293,-0.21272796,-0.90987861,0.35618484,0
4.7249956,0.038154364,1.8719993,0.93195522,-0.079400063,0.35377276,0
-4.7295952,0.80047953,-1.7897429,-0.93195522,0.079400063,-0.35377276,0
4.585638,-0.28101802,1.5850019,0.93195522,-0.079400063,0.35377276,0
-4.2713718,1.0530291,-2.2736144,-0.93195522,0.079400063,-0.35377276,0
-4.3431821,-0.71500731,-1.6676731,-0.21272796,-0.90987861,0.35618484,0
-0.91240793,-0.70753074,0.30803001,-0.21272796,-0.90987861,0.35618484,0
4.7736468,-0.22503376,1.3516002,0.93195522,-0.079400063,0.35377276,0
-4.8404703,-0.19929957,-1.1805291,-0.93195522,0.079400063,-0.35377276,0
3.0044127,-1.0495274,1.3871243,-0.21272796,-0.90987861,0.35618484,0
-1.7655053,-0.92989445,-0.81658089,0.29360911,-0.4072057,-0.86485678,0
-2.4028971,-0.659343,-1.2033873,0.29360911,-0.4072057,-0.86485678,0
-2.732595,0.56193948,-1.9940245,0.29360911,-0.4072057,-0.86485678,0
4.852716,0.84282947,1.8584414,0.93195522,-0.079400063,0.35377276,0
-4.4087801,0.46000695,-2.1835508,-0.93195522,0.079400063,-0.35377276,0
1.3476059,0.7648198,-0.41352123,0.21272796,0.90987861,-0.35618484,0
4.5666285,0.38069248,1.662035,0.93195522,-0.079400063,0.35377276,0
-4.6140337,0.57452607,-2.0564222,-0.93195522,0.079400063,-0.35377276,0
4.7558627,-1.2408584,1.8009143,0.93195522,-0.079400063,0.35377276,0
-4.7086854,-0.31310725,-1.6789489,-0.93195522,0.079400063,-0.35377276,0
2.8836653,-1.0967627,1.5664659,-0.21272796,-0.90987861,0.35618484,0
-4.7452445,0.92467046,-1.5586419,-0.93195522,0.079400063,-0.35377276,0
3.0271797,-1.3149745,1.1507182,-0.21272796,-0.90987861,0.35618484,0
4.7767458,-0.048019052,1.4263191,0.93195522,-0.079400063,0.35377276,0
-1.1743174,0.19576752,-1.0866832,0.29360911,-0.4072057,-0.86485678,0
-4.6933804,0.84677339,-2.0027533,-0.93195522,0.079400063,-0.35377276,0
0.34784871,1.0805234,0.23103701,0.21272796,0.90987861,-0.35618484,0
-4.4729819,-0.83609748,-1.6811571,-0.21272796,-0.90987861,0.35618484,0
4.6553106,0.23147535,1.4727745,0.93195522,-0.079400063,0.35377276,0
5.0066333,0.26615715,1.5284128,0.93195522,-0.079400063,0.35377276,0
4.922637,-0.00044393539,1.4814081,0.93195522,-0.079400063,0.35377276,0
4.6385875,-0.047755957,1.9914184,0.93195522,-0.079400063,0.35377276,0
0.60383356,-0.64882922,1.1215203,-0.21272796,-0.90987861,0.35618484,0
-2.7418623,-0.11051512,-0.37814355,-0.29360911,0.4072057,0.86485678,0
-4.7439485,0.95266891,-1.9613552,-0.93195522,0.079400063,-0.35377276,0
-2.71772,0.17325664,-0.58178234,-0.29360911,0.4072057,0.86485678,0
-0.0014124513,-0.71819896,0.64706194,-0.21272796,-0.90987861,0.35618484,0
-0.51367277,0.67717767,0.051466882,-0.29360911,0.4072057,0.86485678,0
4.5444946,-1.2056278,1.7623205,0.93195522,-0.079400063,0.35377276,0
-4.7549963,-0.56213927,-1.1984444,-0.93195522,0.079400063,-0.35377276,0
0.34549868,0.78046376,0.098705314,-0.29360911,0.4072057,0.86485678,0
0.9877879,-0.42865163,0.08964777,0.29360911,-0.4072057,-0.86485678,0
-4.3334537,1.3404503,-1.7987313,0.21272796,0.90987861,-0.35618484,0
-1.9187253,-0.13363421,-1.3254129,0.29360911,-0.4072057,-0.86485678,0
-3.3594389,-0.90949905,-1.118294,-0.21272796,-0.90987861,0.35618484,0
-4.8302922,-0.024296045,-0.86395502,-0.93195522,0.079400063,-0.35377276,0
0.47146297,0.90383917,0.43320292,-0.29360911,0.4072057,0.86485678,0
3.6352646,-1.0117886,2.284174,-0.21272796,-0.90987861,0.35618484,0
-1.2633384,0.12609529,-1.1419359,0.29360911,-0.4072057,-0.86485678,0
4.6787949,-0.47434735,2.1568322,0.93195522,-0.079400063,0.35377276,0
-4.5657325,1.0040628,-1.5979476,-0.93195522,0.079400063,-0.35377276,0
3.3580034,0.60670149,1.0091798,0.21272796,0.90987861,-0.35618484,0
0.10538268,-1.0968448,0.61388713,-0.21272796,-0.90987861,0.35618484,0
1.1716421,-1.1084479,0.16008973,0.29360911,-0.4072057,-0.86485678,0
0.50236946,-0.010329351,-0.24437988,0.29360911,-0.4072057,-0.86485678,0
5.1401639,0.39984238,1.2467585,0.93195522,-0.079400063,0.35377276,0
1.8988733,-0.3578088,0.069495916,0.29360911,-0.4072057,-0.86485678,0
2.6629252,0.37128943,0.26243782,0.21272796,0.90987861,-0.35618484,0
3.0209343,-1.4673367,1.132699,-0.21272796,-0.90987861,0.35618484,0
-1.7850392,-0.86191297,-0.75298953,-0.21272796,-0.90987861,0.35618484,0
-4.7621222,-0.64148617,-1.7863436,-0.93195522,0.079400063,-0.35377276,0
3.4558799,0.65124249,0.7051115,0.21272796,0.90987861,-0.35618484,0
-2.4044905,0.32871056,-1.6060927,0.29360911,-0.4072057,-0.86485678,0
-4.5466075,0.23633909,-1.7720251,-0.93195522,0.079400063,-0.35377276,0
2.8316197,0.61673927,1.0200267,0.21272796,0.90987861,-0.35618484,0
-1.6478662,1.0202706,-1.3135066,0.21272796,0.90987861,-0.35618484,0
4.5263605,-0.62691903,2.2174301,0.93195522,-0.079400063,0.35377276,0
4.8225994,-0.40522873,1.2392268,0.93195522,-0.079400063,0.35377276,0
4.511972,-0.081918955,1.8603044,0.93195522,-0.079400063,0.35377276,0
-4.0518012,-0.43065917,-0.78298116,-0.21272796,-0.90987861,0.35618484,0
1.9124932,-0.60101855,1.415694,-0.29360911,0.4072057,0.86485678,0
4.7853312,0.41240478,1.5058928,0.93195522,-0.079400063,0.35377276,0
1.5869963,-0.1516974,1.1699991,-0.29360911,0.4072057,0.86485678,0
-0.6680162,1.2375981,-0.38890183,0.21272796,0.90987861,-0.35618484,0
-2.1808577,0.44050324,-1.4240487,0.29360911,-0.4072057,-0.86485678,0
3.5734825,0.63765585,0.92884183,0.21272796,0.90987861,-0.35618484,0
-1.9412037,1.0000468,-0.64865589,-0.29360911,0.4072057,0.86485678,0
1.7079121,0.34739041,0.055781603,0.29360911,-0.4072057,-0.86485678,0
4.4292622,0.51707172,0.93066359,0.21272796,0.90987861,-0.35618484,0
3.2358768,-0.93819284,1.787169,-0.21272796,-0.90987861,0.35618484,0
-3.5428703,0.8543036,-2.1796656,0.29360911,-0.4072057,-0.86485678,0
4.3275518,-0.69643164,2.0411091,0.93195522,-0.079400063,0.35377276,0
-3.3173246,0.16584086,-1.8718798,0.29360911,-0.4072057,-0.86485678,0
-0.9794631,0.58072811,-1.1907046,0.29360911,-0.4072057,-0.86485678,0
4.8838167,-0.039061308,1.6720514,0.93195522,-0.079400063,0.35377276,0
-4.6370544,1.0325094,-1.7944865,-0.93195522,0.079400063,-0.35377276,0
-3.1023362,1.1205487,-1.0436172,-0.29360911,0.4072057,0.86485678,0
4.5018101,-1.2608972,1.906467,0.93195522,-0.079400063,0.35377276,0
4.6077595,0.18233109,1.583086,0.93195522,-0.079400063,0.35377276,0
-0.96910632,0.89145476,-0.8954159,0.21272796,0.90987861,-0.35618484,0
3.5878863,-1.3738348,1.3872204,-0.21272796,-0.90987861,0.35618484,0
-3.8728027,0.45923495,-2.3028946,0.29360911,-0.4072057,-0.86485678,0
-1.9671955,-0.25964922,0.10452318,-0.29360911,0.4072057,0.86485678,0
0.076978743,-0.9227705,0.80450517,-0.21272796,-0.90987861,0.35618484,0
-2.3409445,1.0841019,-1.728883,0.21272796,0.90987861,-0.35618484,0
-4.4795232,0.61167669,-2.0270925,-0.93195522,0.079400063,-0.35377276,0
-4.7426085,-0.031013012,-2.0770411,-0.93195522,0.079400063,-0.35377276,0
3.8340325,0.41392827,1.9000232,-0.29360911,0.4072057,0.86485678,0
4.7299109,0.257671,1.3178954,0.93195522,-0.079400063,0.35377276,0
-2.6969121,1.1232841,-1.3521855,0.21272796,0.90987861,-0.35618484,0
-3.0778584,-0.67833787,-0.21028733,-0.21272796,-0.90987861,0.35618484,0
-4.7091255,0.56222177,-2.0075088,-0.93195522,0.079400063,-0.35377276,0
-4.6863909,0.60973597,-1.8362713,-0.93195522,0.079400063,-0.35377276,0
-0.67197287,-0.7945528,0.36237276,-0.21272796,-0.90987861,0.35618484,0
4.5498104,-0.99773037,1.528429,0.93195522,-0.079400063,0.35377276,0
5.0274367,-0.13129318,1.064002,0.93195522,-0.079400063,0.35377276,0
-4.7494774,-0.22918963,-2.0691423,-0.93195522,0.079400063,-0.35377276,0
-0.15614897,0.60475427,0.45591119,-0.29360911,0.4072057,0.86485678,0
-4.5353031,0.69849432,-2.0948882,-0.93195522,0.079400063,-0.35377276,0
-3.6126518,-0.59933722,-1.2531192,-0.21272796,-0.90987861,0.35618484,0
4.5400429,-0.9340601,2.2401037,0.93195522,-0.079400063,0.35377276,0
-4.5507269,0.43865645,-1.5239091,-0.93195522,0.079400063,-0.35377276,0
4.6426973,-0.53807914,1.4167752,0.93195522,-0.079400063,0.35377276,0
-0.48159438,0.99815297,-0.72406864,0.21272796,0.90987861,-0.35618484,0
0.77634346,0.59753203,-0.36023936,0.21272796,0.90987861,-0.35618484,0
0.92808771,1.0562165,-0.10955769,0.21272796,0.90987861,-0.35618484,0
4.3819971,0.55292034,1.6655087,-0.29360911,0.4072057,0.86485678,0
4.8545761,-0.34611654,1.4872947,0.93195522,-0.079400063,0.35377276,0
-2.5350797,1.010969,-0.7051909,-0.29360911,0.4072057,0.86485678,0
1.4348744,0.12657714,0.91551065,-0.29360911,0.4072057,0.86485678,0
4.6480484,-0.44323254,2.2478037,0.93195522,-0.079400063,0.35377276,0
-4.6160283,0.38917518,-2.1922207,-0.93195522,0.079400063,-0.35377276,0
1.1503757,-0.79417872,1.2869307,-0.29360911,0.4072057,0.86485678,0
-4.6264048,-0.78126836,-1.9211054,-0.93195522,0.079400063,-0.35377276,0
-3.6879056,1.0180644,-2.2070479,0.21272796,0.90987861,-0.35618484,0
-4.4641933,0.14254832,-2.0301189,-0.93195522,0.079400063,-0.35377276,0
-2.4396129,-0.93686521,-1.0132432,-0.21272796,-0.90987861,0.35618484,0
3.3249712,-0.34474421,1.760941,-0.29360911,0.4072057,0.86485678,0
-2.0822234,1.1781036,-1.3202312,0.21272796,0.90987861,-0.35618484,0
1.0250194,0.93964219,-0.3521983,0.21272796,0.90987861,-0.35618484,0
4.8530955,-0.76161098,1.4525518,0.93195522,-0.079400063,0.35377276,0
2.4171999,0.76145667,0.5363431,0.21272796,0.90987861,-0.35618484,0
2.2316034,-1.18146,0.67361736,0.29360911,-0.4072057,-0.86485678,0
0.88977116,-1.0498601,1.003323,-0.21272796,-0.90987861,0.35618484,0
3.621067,-0.58665586,2.1949182,-0.29360911,0.4072057,0.86485678,0
-1.6442006,-0.89738101,-0.53163886,-0.21272796,-0.90987861,0.35618484,0
-4.751586,-0.49294829,-1.8290567,-0.93195522,0.079400063,-0.35377276,0
-1.1123892,-0.47601384,-0.51667219,0.29360911,-0.4072057,-0.86485678,0
-2.2633338,-0.74324226,-0.48234558,-0.21272796,-0.90987861,0.35618484,0
4.69491,-0.070429802,1.8387923,0.93195522,-0.079400063,0.35377276,0
1.6911027,0.37933278,1.1355265,-0.29360911,0.4072057,0.86485678,0
-3.4951882,0.95990598,-1.9566183,0.21272796,0.90987861,-0.35618484,0
-4.020185,1.0684601,-2.2378788,0.21272796,0.90987861,-0.35618484,0
0.26068106,-0.35815284,0.68378079,-0.29360911,0.4072057,0.86485678,0
-2.0911994,0.48952848,-0.34370565,-0.29360911,0.4072057,0.86485678,0
4.6095743,-0.27228904,2.1130414,0.93195522,-0.079400063,0.35377276,0
4.7632017,-0.044361115,1.7699456,0.93195522,-0.079400063,0.35377276,0
-4.7593746,0.10662651,-1.4955134,-0.93195522,0.079400063,-0.35377276,0
-2.3840232,-0.10109398,-0.1617837,-0.29360911,0.4072057,0.86485678,0
-4.7104158,0.66300428,-1.7014213,-0.93195522,0.079400063,-0.35377276,0
2.7375536,0.13023996,1.3612731,-0.29360911,0.4072057,0.86485678,0
-4.9466233,0.61981285,-1.4392109,-0.93195522,0.079400063,-0.35377276,0
-4.9477472,0.20498037,-1.5512776,-0.93195522,0.079400063,-0.35377276,0
-4.7002406,1.0545074,-1.619422,-0.93195522,0.079400063,-0.35377276,0
2.9816556,-1.1261728,0.88928318,0.29360911,-0.4072057,-0.86485678,0
-2.5931008,0.84366196,-0.4825201,-0.29360911,0.4072057,0.86485678,0
-3.4019563,1.332096,-1.9808226,0.21272796,0.90987861,-0.35618484,0
1.6957262,-1.2807308,0.89246583,-0.21272796,-0.90987861,0.35618484,0
-4.9605346,0.049060106,-1.5497618,-0.93195522,0.079400063,-0.35377276,0
-4.997128,-0.058377385,-1.2841487,-0.93195522,0.079400063,-0.35377276,0
-0.19896966,0.62537742,0.044597954,-0.29360911,0.4072057,0.86485678,0
2.5496712,-1.3029311,1.2525702,-0.21272796,-0.90987861,0.35618484,0
-4.7514668,0.41312313,-1.9943051,-0.93195522,0.079400063,-0.35377276,0
2.5919514,0.84947884,1.2260594,-0.29360911,0.4072057,0.86485678,0
4.5638423,-1.0782342,2.2564788,0.93195522,-0.079400063,0.35377276,0
-3.4303405,-0.59032267,-0.45080185,-0.21272796,-0.90987861,0.35618484,0
1.2299788,-0.9439097,0.58904767,-0.21272796,-0.90987861,0.35618484,0
4.5851741,-1.2302933,2.0829096,0.93195522,-0.079400063,0.35377276,0
4.8734031,0.51495624,1.7157121,0.93195522,-0.079400063,0.35377276,0
4.7344923,-0.057980061,1.8729253,0.93195522,-0.079400063,0.35377276,0
-0.74999774,-0.12836669,0.33825585,-0.29360911,0.4072057,0.86485678,0
1.7631525,-0.64092946,0.38395214,0.29360911,-0.4072057,-0.86485678,0
-5.0292745,-0.1338979,-1.3659911,-0.93195522,0.079400063,-0.35377276,0
-3.2525752,0.2479018,-1.6210489,0.29360911,-0.4072057,-0.86485678,0
-4.4446001,1.0675358,-1.6948986,-0.93195522,0.079400063,-0.35377276,0
0.91192663,-0.55491614,-0.040740252,0.29360911,-0.4072057,-0.86485678,0
4.5202808,-0.50726628,1.7947869,0.93195522,-0.079400063,0.35377276,0
-3.2127984,1.2001337,-2.0853457,0.21272796,0.90987861,-0.35618484,0
-4.4126005,-0.48354673,-1.2105551,-0.21272796,-0.90987861,0.35618484,0
-4.0674891,-0.51817441,-1.2387187,-0.21272796,-0.90987861,0.35618484,0
1.893034,0.45304713,-0.051125288,0.29360911,-0.4072057,-0.86485678,0
1.8259168,-0.58303404,0.20279193,0.29360911,-0.4072057,-0.86485678,0
-3.6008544,0.18578905,-0.59856272,-0.29360911,0.4072057,0.86485678,0
5.0634856,0.37603581,1.0654273,0.93195522,-0.079400063,0.35377276,0
