-3.11057,1.7633362,-0.43504715,-0.75840348,0.65019441,-0.045514226,0
2.2800689,-2.9572921,0.36721945,0.75840348,-0.65019441,0.045514226,0
-3.2071903,1.7363621,-0.090983152,-0.75840348,0.65019441,-0.045514226,0
-2.2984486,2.4134395,0.031657219,-0.75840348,0.65019441,-0.045514226,0
2.7296586,-2.3976686,-0.014207363,0.75840348,-0.65019441,0.045514226,0
2.7024789,-2.1134653,0.2822063,0.75840348,-0.65019441,0.045514226,0
-2.1641643,1.0761241,-0.93777895,0.39451393,0.40234166,-0.82612348,0
3.0504456,-1.843159,1.1042299,0.75840348,-0.65019441,0.045514226,0
2.4030473,-2.5312631,-0.54531598,0.75840348,-0.65019441,0.045514226,0
-2.6996508,2.0378087,-0.6484549,-0.75840348,0.65019441,-0.045514226,0
-1.9584428,0.62569618,-0.22719932,-0.39451393,-0.40234166,0.82612348,0
-1.1725518,1.608361,-0.55744922,0.39451393,0.40234166,-0.82612348,0
-0.25257838,1.242357,0.64531302,0.51882863,0.64449084,0.56164807,0
-1.09934,0.8487637,0.30428767,-0.39451393,-0.40234166,0.82612348,0
-2.607425,2.4883723,0.5693152,-0.75840348,0.65019441,-0.045514226,0
-2.0578585,0.77703702,0.18915629,-0.39451393,-0.40234166,0.82612348,0
-0.51638001,-0.67913216,-0.051091373,-0.39451393,-0.40234166,0.82612348,0
0.55452538,-0.97761774,-0.7102958,0.39451393,0.40234166,-0.82612348,0
2.540277,-1.4214729,-0.049821377,0.39451393,0.40234166,-0.82612348,0
1.8366508,-2.9956691,0.12977791,0.75840348,-0.65019441,0.045514226,0
2.6248021,-1.2507324,0.78055978,0.51882863,0.64449084,0.56164807,0
3.0066173,-1.8203783,0.39840436,0.75840348,-0.65019441,0.045514226,0
-0.79239547,1.041775,0.58133978,-0.39451393,-0.40234166,0.82612348,0
2.1904004,-2.2694244,-0.46397829,0.39451393,0.40234166,-0.82612348,0
-0.62022889,2.1026056,0.0984689,0.51882863,0.64449084,0.56164807,0
0.87246966,-1.966912,-0.16746211,-0.51882863,-0.64449084,-0.56164807,0
-2.1944456,2.6462574,0.0024225712,-0.75840348,0.65019441,-0.045514226,0
2.972837,-2.0671959,1.0843213,0.75840348,-0.65019441,0.045514226,0
2.4705861,-2.6735961,-0.22041011,0.75840348,-0.65019441,0.045514226,0
0.1645695,-1.3282553,-0.75949663,-0.51882863,-0.64449084,-0.56164807,0
0.98768157,0.1364862,0.90327328,0.51882863,0.64449084,0.56164807,0
0.89681113,0.6371752,0.30455643,0.51882863,0.64449084,0.56164807,0
-2.9491255,1.3019806,-0.35438538,-0.51882863,-0.64449084,-0.56164807,0
-2.3702185,1.5689676,0.034701347,-0.39451393,-0.40234166,0.82612348,0
2.0073049,-2.2661686,0.3805306,-0.39451393,-0.40234166,0.82612348,0
2.910409,-1.2254516,0.26208735,0.39451393,0.40234166,-0.82612348,0
-1.2874187,1.9952018,0.98007309,0.51882863,0.64449084,0.56164807,0
-2.7560422,2.2375519,-0.072798252,-0.75840348,0.65019441,-0.045514226,0
2.5220144,-2.7025971,-0.70502973,0.75840348,-0.65019441,0.045514226,0
0.27271795,0.39882752,0.79093695,0.51882863,0.64449084,0.56164807,0
-3.2393322,1.4856023,-0.4445188,-0.75840348,0.65019441,-0.045514226,0
0.45323622,-1.0439805,-0.73675126,-0.51882863,-0.64449084,-0.56164807,0
-3.0926394,1.7640345,-0.61813807,-0.75840348,0.65019441,-0.045514226,0
-1.518958,0.15655482,-0.65407705,-0.51882863,-0.64449084,-0.56164807,0
-2.6163397,2.3511927,0.47969723,-0.75840348,0.65019441,-0.045514226,0
0.007122159,-0.13586889,-0.55184996,0.39451393,0.40234166,-0.82612348,0
-0.25865519,0.26941097,0.67991358,-0.39451393,-0.40234166,0.82612348,0
-1.6026765,1.2137246,0.29935741,-0.39451393,-0.40234166,0.82612348,0
1.8869517,-2.7432568,-0.22906351,-0.51882863,-0.64449084,-0.56164807,0
-0.5714851,0.67809331,-0.59464592,0.39451393,0.40234166,-0.82612348,0
-2.3728433,0.99090803,0.077130318,-0.39451393,-0.40234166,0.82612348,0
0.49255127,-0.68347895,0.67933953,-0.39451393,-0.40234166,0.82612348,0
-0.60218179,-0.072703958,-0.92602181,-0.51882863,-0.64449084,-0.56164807,0
1.7204045,-0.36514473,0.58875072,0.51882863,0.64449084,0.56164807,0
-1.1586666,-0.24866015,-0.13346326,-0.51882863,-0.64449084,-0.56164807,0
-2.8277531,2.3427653,-0.34242463,-0.75840348,0.65019441,-0.045514226,0
-0.42883873,0.52472663,0.43373328,-0.39451393,-0.40234166,0.82612348,0
-0.13399792,-0.4504593,-0.71051449,0.39451393,0.40234166,-0.82612348,0
2.4062958,-2.407177,0.11854219,0.75840348,-0.65019441,0.045514226,0
-1.7728741,0.10454869,0.039590836,-0.39451393,-0.40234166,0.82612348,0
-1.1186725,0.490637,0.42098904,-0.39451393,-0.40234166,0.82612348,0
-2.5360873,2.3531642,-0.077683687,-0.75840348,0.65019441,-0.045514226,0
-3.1422582,1.5674062,-0.62295914,-0.75840348,0.65019441,-0.045514226,0
-0.073159456,1.3981541,0.37930384,0.51882863,0.64449084,0.56164807,0
-0.51124215,-0.72510731,0.17373428,-0.39451393,-0.40234166,0.82612348,0
-2.9863553,1.9660394,-0.13887787,-0.75840348,0.65019441,-0.045514226,0
-1.8356,2.9946871,0.14844131,-0.75840348,0.65019441,-0.045514226,0
2.5151026,-0.51956844,0.29598188,0.51882863,0.64449084,0.56164807,0
0.9061175,-0.23919719,-0.45383734,0.39451393,0.40234166,-0.82612348,0
-2.506146,0.98849654,-0.44392776,-0.51882863,-0.64449084,-0.56164807,0
2.4619875,-2.6826067,-0.76119685,0.75840348,-0.65019441,0.045514226,0
1.5367246,-0.92323995,1.0314419,-0.39451393,-0.40234166,0.82612348,0
0.26308191,1.1025827,0.035338342,0.51882863,0.64449084,0.56164807,0
0.57504165,-1.4786345,-0.5916636,-0.51882863,-0.64449084,-0.56164807,0
2.7987607,-1.0172383,0.71437979,0.51882863,0.64449084,0.56164807,0
2.4728761,-2.7069087,-0.74156857,-0.51882863,-0.64449084,-0.56164807,0
-2.4568276,2.4433205,0.78482985,-0.39451393,-0.40234166,0.82612348,0
-3.083215,1.3958215,-0.59514546,-0.51882863,-0.64449084,-0.56164807,0
2.6438389,-0.97627425,0.49931264,0.51882863,0.64449084,0.56164807,0
-2.305707,2.5736094,0.13827777,-0.75840348,0.65019441,-0.045514226,0
1.067063,0.3972542,0.66932094,0.51882863,0.64449084,0.56164807,0
-2.7894859,2.0210552,-0.18808961,-0.75840348,0.65019441,-0.045514226,0
1.7848563,-1.2759874,0.63335454,-0.39451393,-0.40234166,0.82612348,0
0.69822699,-0.52957475,-0.34103554,0.39451393,0.40234166,-0.82612348,0
-3.163074,1.4145929,-0.5577352,-0.51882863,-0.64449084,-0.56164807,0
-2.309341,2.8210013,0.28926921,-0.75840348,0.65019441,-0.045514226,0
1.1528447,-2.3254857,-0.1337105,-0.39451393,-0.40234166,0.82612348,0
-0.98006272,0.090481892,-0.79582167,-0.51882863,-0.64449084,-0.56164807,0
-2.4854286,2.7077179,-0.42468381,-0.75840348,0.65019441,-0.045514226,0
-2.0200925,1.3873169,0.54896545,-0.39451393,-0.40234166,0.82612348,0
-1.7713342,1.4691976,0.59916496,-0.39451393,-0.40234166,0.82612348,0
-1.3412596,2.1792896,0.45459545,0.51882863,0.64449084,0.56164807,0
2.2509551,-2.0942175,-0.31511712,0.39451393,0.40234166,-0.82612348,0
0.68031406,0.92076486,0.0919846,0.39451393,0.40234166,-0.82612348,0
2.9035802,-1.8649207,0.57463408,0.75840348,-0.65019441,0.045514226,0
1.6046621,-0.39424801,0.43600154,0.51882863,0.64449084,0.56164807,0
0.018628597,0.10466424,-0.39351857,0.39451393,0.40234166,-0.82612348,0
0.1178515,-0.76431191,-0.90187728,-0.51882863,-0.64449084,-0.56164807,0
-0.11884725,-1.3553205,-0.40557235,-0.51882863,-0.64449084,-0.56164807,0
-3.1783817,1.8390067,-0.58615398,-0.75840348,0.65019441,-0.045514226,0
0.73579645,-0.5235647,0.82361686,-0.39451393,-0.40234166,0.82612348,0
2.5207992,-2.2826967,0.41928792,0.75840348,-0.65019441,0.045514226,0
-1.4449966,2.054553,-0.31966782,0.39451393,0.40234166,-0.82612348,0
-1.6067874,0.9083479,-1.1175674,-0.51882863,-0.64449084,-0.56164807,0
-2.8899174,2.0843663,-0.83560109,-0.75840348,0.65019441,-0.045514226,0
1.0526593,0.048354775,0.59621084,0.51882863,0.64449084,0.56164807,0
-1.2975235,0.99953479,-0.66065586,0.39451393,0.40234166,-0.82612348,0
-1.3196766,0.1891304,-0.94624978,-0.51882863,-0.64449084,-0.56164807,0
2.9931602,-2.0512199,0.005002737,0.75840348,-0.65019441,0.045514226,0
-0.69471055,-0.63016319,-0.21306083,-0.39451393,-0.40234166,0.82612348,0
2.2086985,-0.34094203,0.24979424,0.51882863,0.64449084,0.56164807,0
-1.4075524,2.5294898,0.20625448,0.51882863,0.64449084,0.56164807,0
-1.6680405,0.91608918,-0.99248862,0.39451393,0.40234166,-0.82612348,0
-2.0652728,0.42312789,-0.43031359,-0.51882863,-0.64449084,-0.56164807,0
0.46488953,-1.2416137,-0.95390832,0.39451393,0.40234166,-0.82612348,0
0.071642518,0.50373906,0.88315523,-0.39451393,-0.40234166,0.82612348,0
-2.4250038,1.9501404,-0.63901091,0.39451393,0.40234166,-0.82612348,0
-2.2486517,1.1621239,-0.7981565,-0.51882863,-0.64449084,-0.56164807,0
-2.0861692,2.9571493,0.44478798,0.51882863,0.64449084,0.56164807,0
2.7345173,-2.2566259,0.6828382,0.75840348,-0.65019441,0.045514226,0
2.8249259,-1.9968641,0.013074636,0.75840348,-0.65019441,0.045514226,0
-3.3363357,1.6865532,-0.094373703,-0.75840348,0.65019441,-0.045514226,0
-2.2216105,2.8075161,-0.10086346,-0.75840348,0.65019441,-0.045514226,0
1.9543027,-1.0043814,-0.30986571,0.39451393,0.40234166,-0.82612348,0
-3.313041,1.7233973,-0.15345025,-0.75840348,0.65019441,-0.045514226,0
0.2495091,-0.17835468,-0.53041208,0.39451393,0.40234166,-0.82612348,0
3.0349956,-2.0777435,0.39672685,0.75840348,-0.65019441,0.045514226,0
-1.2911165,2.1724803,0.43977427,0.51882863,0.64449084,0.56164807,0
2.2659678,-2.9551597,0.017964125,0.75840348,-0.65019441,0.045514226,0
0.26930237,-1.470196,-0.37000906,-0.51882863,-0.64449084,-0.56164807,0
-2.0847597,3.0734797,0.16061735,-0.75840348,0.65019441,-0.045514226,0
-2.8054662,1.9137352,-0.35377979,-0.75840348,0.65019441,-0.045514226,0
-2.1959155,0.58337128,-0.11159205,-0.39451393,-0.40234166,0.82612348,0
1.0841115,-1.1815021,0.67774487,-0.39451393,-0.40234166,0.82612348,0
-2.9128656,1.8809094,-0.73275948,-0.75840348,0.65019441,-0.045514226,0
0.6149708,-1.1584851,-0.71376604,-0.51882863,-0.64449084,-0.56164807,0
0.25889349,0.25470716,-0.14013425,0.39451393,0.40234166,-0.82612348,0
2.4563124,-2.7836134,-0.22548747,0.75840348,-0.65019441,0.045514226,0
-0.22801328,1.5662668,0.1240989,0.51882863,0.64449084,0.56164807,0
-1.013113,0.63411486,-0.86710137,0.39451393,0.40234166,-0.82612348,0
-2.7528715,1.9374301,-0.70094061,-0.75840348,0.65019441,-0.045514226,0
-1.8557585,2.4514644,0.64789796,0.51882863,0.64449084,0.56164807,0
2.3192277,-1.3148091,0.83663893,-0.39451393,-0.40234166,0.82612348,0
-3.0492039,1.574295,-0.58368468,-0.75840348,0.65019441,-0.045514226,0
-0.33122015,-0.8022511,-0.78412259,-0.51882863,-0.64449084,-0.56164807,0
3.0311949,-2.0763097,0.99824643,0.75840348,-0.65019441,0.045514226,0
-1.4170599,0.58464718,0.44995308,-0.39451393,-0.40234166,0.82612348,0
1.048794,-0.096781105,0.58538073,0.51882863,0.64449084,0.56164807,0
-0.62886071,-0.67199725,-0.6858536,-0.51882863,-0.64449084,-0.56164807,0
-2.100987,3.1424756,0.29040456,-0.75840348,0.65019441,-0.045514226,0
2.9013512,-2.1399717,0.57370687,0.75840348,-0.65019441,0.045514226,0
-0.93627918,1.6457982,-0.061775327,0.39451393,0.40234166,-0.82612348,0
2.981792,-1.805354,0.71585631,0.75840348,-0.65019441,0.045514226,0
2.0826726,-2.6304376,-0.40057898,-0.51882863,-0.64449084,-0.56164807,0
0.25789869,0.80162257,-0.056231596,0.39451393,0.40234166,-0.82612348,0
2.4265122,-2.7960885,-0.24985909,0.75840348,-0.65019441,0.045514226,0
-2.3207922,2.948437,0.73415232,-0.75840348,0.65019441,-0.045514226,0
-1.5874527,-0.19806021,-0.42469442,-0.51882863,-0.64449084,-0.56164807,0
-3.0807943,1.7019311,-0.42969275,-0.75840348,0.65019441,-0.045514226,0
0.67293441,-1.9005399,-0.074318051,-0.51882863,-0.64449084,-0.56164807,0
-2.57161,1.2043674,-0.52754259,-0.51882863,-0.64449084,-0.56164807,0
-2.5335805,2.4753554,-0.19471693,-0.75840348,0.65019441,-0.045514226,0
-2.22926,2.5450349,0.1590054,-0.75840348,0.65019441,-0.045514226,0
-2.3847191,2.3766792,-0.56234884,-0.75840348,0.65019441,-0.045514226,0
-2.9034729,1.9994929,-0.58992815,-0.75840348,0.65019441,-0.045514226,0
1.1422718,-2.0144141,-0.74933147,-0.51882863,-0.64449084,-0.56164807,0
-2.8182483,1.9682151,-0.99051547,-0.75840348,0.65019441,-0.045514226,0
2.310636,-3.0413871,-0.75205016,0.75840348,-0.65019441,0.045514226,0
0.50271225,-0.18727702,-0.5569188,0.39451393,0.40234166,-0.82612348,0
-0.86431342,1.4164922,-0.56165123,0.39451393,0.40234166,-0.82612348,0
2.2348218,-2.8825488,-0.58009624,-0.51882863,-0.64449084,-0.56164807,0
0.93704015,0.55109668,0.073060632,0.51882863,0.64449084,0.56164807,0
-0.15680933,1.0354546,0.95561439,0.51882863,0.64449084,0.56164807,0
-0.24905372,0.74052119,0.71537125,-0.39451393,-0.40234166,0.82612348,0
0.9921639,0.030195057,-0.15955669,0.39451393,0.40234166,-0.82612348,0
-1.1346269,0.91606331,0.31822264,-0.39451393,-0.40234166,0.82612348,0
0.53468883,-1.3607715,0.14331239,-0.39451393,-0.40234166,0.82612348,0
-2.0709722,2.7365153,0.22613811,-0.75840348,0.65019441,-0.045514226,0
2.0248713,-2.9247236,-0.12780261,-0.51882863,-0.64449084,-0.56164807,0
-1.8842216,2.9641597,0.47454882,0.51882863,0.64449084,0.56164807,0
2.562654,-2.6488557,-0.68941545,0.75840348,-0.65019441,0.045514226,0
2.8595548,-1.8874595,0.24140906,0.75840348,-0.65019441,0.045514226,0
-0.95594025,1.4647379,0.92561972,0.51882863,0.64449084,0.56164807,0
2.4643135,-2.8275363,-0.45347619,0.75840348,-0.65019441,0.045514226,0
-2.7879205,2.2601228,-0.09094286,-0.75840348,0.65019441,-0.045514226,0
-1.8385471,2.1549301,0.81409979,0.51882863,0.64449084,0.56164807,0
-2.5235889,1.1593484,-0.60885739,-0.51882863,-0.64449084,-0.56164807,0
1.0492268,-1.8620901,-0.82374763,-0.51882863,-0.64449084,-0.56164807,0
0.83402157,-1.8768973,0.14500546,-0.39451393,-0.40234166,0.82612348,0
-0.0085754693,0.30880195,-0.61043882,0.39451393,0.40234166,-0.82612348,0
-1.5361105,1.2264048,-0.69846487,0.39451393,0.40234166,-0.82612348,0
2.6282063,-1.6625183,1.1384752,0.51882863,0.64449084,0.56164807,0
2.2268169,-0.38029587,0.46121264,0.51882863,0.64449084,0.56164807,0
-2.0766757,1.0263007,-1.1486666,-0.51882863,-0.64449084,-0.56164807,0
-2.3720424,0.76710451,-0.1554935,-0.51882863,-0.64449084,-0.56164807,0
1.0431284,0.44496626,-0.09956193,0.39451393,0.40234166,-0.82612348,0
-3.150542,1.4976416,-0.6099031,-0.51882863,-0.64449084,-0.56164807,0
-1.4449719,2.4404724,0.49145424,0.51882863,0.64449084,0.56164807,0
2.6269271,-2.3190093,0.22576547,0.75840348,-0.65019441,0.045514226,0
-2.6149149,1.9975088,-0.45725822,-0.75840348,0.65019441,-0.045514226,0
-1.5259213,2.416611,0.11951351,0.51882863,0.64449084,0.56164807,0
-3.0286758,1.6620107,-0.65271831,-0.75840348,0.65019441,-0.045514226,0
2.2438016,-2.919873,0.19810247,0.75840348,-0.65019441,0.045514226,0
-1.9653007,0.51135731,-0.65323079,-0.51882863,-0.64449084,-0.56164807,0
-2.7931623,1.2695255,-0.8124218,-0.51882863,-0.64449084,-0.56164807,0
0.29895115,-1.9008292,-0.12257189,-0.51882863,-0.64449084,-0.56164807,0
2.0578542,-0.18219686,0.10362864,0.51882863,0.64449084,0.56164807,0
2.8653455,-1.3656664,0.06957674,0.39451393,0.40234166,-0.82612348,0
1.2981586,0.034655988,0.58379912,0.51882863,0.64449084,0.56164807,0
-0.74257445,1.4263595,0.57107723,0.51882863,0.64449084,0.56164807,0
-3.1281786,1.8197848,-0.42515993,-0.75840348,0.65019441,-0.045514226,0
-2.9244404,2.146647,0.087581158,-0.75840348,0.65019441,-0.045514226,0
-2.2445896,2.4794722,0.1138947,-0.75840348,0.65019441,-0.045514226,0
0.35631704,-1.0726079,-0.90314507,0.39451393,0.40234166,-0.82612348,0
-0.67156816,1.1034114,0.80105084,0.51882863,0.64449084,0.56164807,0
-1.2999096,0.13162482,-0.62863576,-0.51882863,-0.64449084,-0.56164807,0
-2.4260759,2.3291581,-0.23950291,-0.75840348,0.65019441,-0.045514226,0
-1.9184771,1.1616821,0.16372752,-0.39451393,-0.40234166,0.82612348,0
-2.8796165,2.120281,-0.85588837,-0.75840348,0.65019441,-0.045514226,0
-0.341003,0.29072145,0.68626416,-0.39451393,-0.40234166,0.82612348,0
-2.6155641,2.4631186,0.16656399,-0.75840348,0.65019441,-0.045514226,0
2.7408171,-1.8900349,0.25710106,0.75840348,-0.65019441,0.045514226,0
0.030443788,-0.98729908,-0.37398809,-0.51882863,-0.64449084,-0.56164807,0
2.3598537,-2.83216,-0.050646067,0.75840348,-0.65019441,0.045514226,0
-2.6473827,0.78530836,-0.25974774,-0.51882863,-0.64449084,-0.56164807,0
-2.2671814,2.6895676,-0.20062709,-0.75840348,0.65019441,-0.045514226,0
2.3061059,-2.6298227,-0.51598907,0.75840348,-0.65019441,0.045514226,0
1.1633426,-2.6365042,0.10994983,-0.39451393,-0.40234166,0.82612348,0
-1.8557163,3.0736275,0.070090294,-0.75840348,0.65019441,-0.045514226,0
1.0575913,-1.4210086,-0.78172898,0.39451393,0.40234166,-0.82612348,0
0.16016044,0.27473941,-0.5237062,0.39451393,0.40234166,-0.82612348,0
-2.6793599,2.5478549,0.47531176,-0.75840348,0.65019441,-0.045514226,0
-2.9821601,1.8520453,-1.0057104,-0.51882863,-0.64449084,-0.56164807,0
-2.4315875,1.7183876,-0.77900243,0.39451393,0.40234166,-0.82612348,0
2.8928788,-1.9026077,-0.026019335,0.75840348,-0.65019441,0.045514226,0
3.0633221,-1.8743477,-0.041407108,0.75840348,-0.65019441,0.045514226,0
1.8620275,-2.4753187,-0.67508197,-0.51882863,-0.64449084,-0.56164807,0
-1.4414659,0.11659193,-0.67383063,-0.51882863,-0.64449084,-0.56164807,0
1.0084665,-2.4237313,-0.087321401,-0.51882863,-0.64449084,-0.56164807,0
-0.54148245,0.94439554,0.64905852,-0.39451393,-0.40234166,0.82612348,0
-0.32164431,1.3018262,0.49385613,0.51882863,0.64449084,0.56164807,0
-2.0367122,0.6665107,-0.41800022,-0.51882863,-0.64449084,-0.56164807,0
0.49572551,-1.6834173,-0.6159147,-0.51882863,-0.64449084,-0.56164807,0
0.94216192,0.51218909,0.11585653,0.51882863,0.64449084,0.56164807,0
3.0286303,-1.5257167,-0.01462245,0.39451393,0.40234166,-0.82612348,0
0.20526361,0.78497291,0.61945176,0.51882863,0.64449084,0.56164807,0
-2.3882518,2.8726943,-0.35046053,-0.75840348,0.65019441,-0.045514226,0
1.2686403,-0.16942903,1.1212676,0.51882863,0.64449084,0.56164807,0
-1.9080167,3.1891961,0.10418534,-0.75840348,0.65019441,-0.045514226,0
1.2176914,-1.0309936,-0.71162593,0.39451393,0.40234166,-0.82612348,0
-2.0469527,3.2134769,-0.10353541,-0.75840348,0.65019441,-0.045514226,0
-2.8355584,2.3357785,-0.29876161,-0.75840348,0.65019441,-0.045514226,0
-0.89192152,2.2312045,0.29505265,0.51882863,0.64449084,0.56164807,0
2.3866675,-2.3804607,0.1380198,0.75840348,-0.65019441,0.045514226,0
1.7048385,-1.5187317,0.82964873,-0.39451393,-0.40234166,0.82612348,0
1.3630288,-1.9815361,-0.75297701,-0.51882863,-0.64449084,-0.56164807,0
-1.4348457,2.3277283,-0.29009044,0.39451393,0.40234166,-0.82612348,0
1.4030772,-1.0715568,0.7861017,-0.39451393,-0.40234166,0.82612348,0
-0.26745462,1.4524182,0.69746172,0.51882863,0.64449084,0.56164807,0
-1.2821857,0.68691266,0.23838019,-0.39451393,-0.40234166,0.82612348,0
-0.96289074,1.9196982,-0.21014488,0.39451393,0.40234166,-0.82612348,0
-2.589973,2.6517551,0.3493526,-0.75840348,0.65019441,-0.045514226,0
-2.6723967,2.0679901,-0.31263256,-0.75840348,0.65019441,-0.045514226,0
-0.71626234,1.7366499,0.24677157,0.51882863,0.64449084,0.56164807,0
2.2583566,-3.0189984,-0.2397604,0.75840348,-0.65019441,0.045514226,0
-1.6262746,2.3332512,0.45524693,0.51882863,0.64449084,0.56164807,0
-3.009654,1.4362085,-0.30604553,-0.51882863,-0.64449084,-0.56164807,0
-2.5802965,2.1189556,0.60837841,-0.75840348,0.65019441,-0.045514226,0
0.048770785,-1.2096725,-0.42719567,-0.51882863,-0.64449084,-0.56164807,0
-1.1670674,2.6292229,-0.015022755,0.51882863,0.64449084,0.56164807,0
-2.4568374,2.3924739,0.066893816,-0.75840348,0.65019441,-0.045514226,0
1.6663917,-2.2305377,0.14881039,-0.39451393,-0.40234166,0.82612348,0
0.23657978,-1.0471617,-0.85669732,-0.51882863,-0.64449084,-0.56164807,0
2.3523345,-2.5173891,0.5776825,0.75840348,-0.65019441,0.045514226,0
2.8161054,-1.8841068,0.67910504,0.75840348,-0.65019441,0.045514226,0
0.82648396,-0.45867658,-0.66216922,0.39451393,0.40234166,-0.82612348,0
2.9769561,-1.7884729,0.67879438,0.75840348,-0.65019441,0.045514226,0
-1.4861881,0.1515348,-0.7759335,-0.51882863,-0.64449084,-0.56164807,0
-1.6485243,0.44833156,-0.77237546,-0.51882863,-0.64449084,-0.56164807,0
-2.5171196,2.1495872,-0.030018568,-0.75840348,0.65019441,-0.045514226,0
1.5038717,0.15265572,0.55587637,0.51882863,0.64449084,0.56164807,0
1.3929071,-0.16395485,0.8443464,0.51882863,0.64449084,0.56164807,0
-0.59885585,-0.9222272,-0.49668133,-0.51882863,-0.64449084,-0.56164807,0
0.74416125,-0.68404973,0.47799629,-0.39451393,-0.40234166,0.82612348,0
-2.9934058,1.9355371,-0.31154156,-0.75840348,0.65019441,-0.045514226,0
-2.0498242,0.45300597,-0.36611271,-0.51882863,-0.64449084,-0.56164807,0
3.0351887,-1.7467659,0.75445867,0.75840348,-0.65019441,0.045514226,0
0.25834954,-0.48618355,-0.91393739,0.39451393,0.40234166,-0.82612348,0
2.7583709,-2.2324121,-0.10405946,0.75840348,-0.65019441,0.045514226,0
-3.0809846,1.9994751,-0.26200986,-0.75840348,0.65019441,-0.045514226,0
-0.64340985,0.34154058,0.30954856,-0.39451393,-0.40234166,0.82612348,0
2.4431877,-2.8699644,-0.5141263,0.75840348,-0.65019441,0.045514226,0
2.8829005,-1.4799711,0.23306489,0.39451393,0.40234166,-0.82612348,0
0.23309422,1.3616282,0.32662463,0.51882863,0.64449084,0.56164807,0
-2.720999,2.3681531,-0.43417573,-0.75840348,0.65019441,-0.045514226,0
2.6227007,-2.2502367,0.071303606,0.75840348,-0.65019441,0.045514226,0
-1.7058096,0.27475351,-0.12757564,-0.39451393,-0.40234166,0.82612348,0
2.356143,-2.4320285,-0.67398953,0.75840348,-0.65019441,0.045514226,0
-2.7880123,1.9207121,-1.1927884,0.39451393,0.40234166,-0.82612348,0
2.1516037,-1.5296451,-0.30006886,0.39451393,0.40234166,-0.82612348,0
-1.5084126,1.2012949,0.26078725,-0.39451393,-0.40234166,0.82612348,0
-0.56916857,-0.97864145,-0.36298269,-0.51882863,-0.64449084,-0.56164807,0
2.0013061,-2.8052545,-0.52230263,-0.51882863,-0.64449084,-0.56164807,0
-1.1565449,-0.33032036,-0.29098469,-0.39451393,-0.40234166,0.82612348,0
2.4062495,-0.75902158,0.77437377,0.51882863,0.64449084,0.56164807,0
1.1751404,-2.0382431,-0.81572354,-0.51882863,-0.64449084,-0.56164807,0
-2.3844755,2.5196507,-0.1095953,-0.75840348,0.65019441,-0.045514226,0
2.2261987,-2.8761497,-0.087997198,0.75840348,-0.65019441,0.045514226,0
-0.24802184,-1.0284011,-0.20929754,-0.51882863,-0.64449084,-0.56164807,0
-2.747582,1.0366462,-0.38219738,-0.51882863,-0.64449084,-0.56164807,0
1.8595238,-2.112885,-0.91851497,0.39451393,0.40234166,-0.82612348,0
-2.067435,1.6958749,0.37168527,-0.39451393,-0.40234166,0.82612348,0
-1.559361,0.34724104,-1.0356914,-0.51882863,-0.64449084,-0.56164807,0
-1.5772766,1.9311733,0.84177446,-0.39451393,-0.40234166,0.82612348,0
-0.26259553,-0.61829376,-0.96556044,-0.51882863,-0.64449084,-0.56164807,0
-2.204247,2.7630265,-0.053346395,-0.75840348,0.65019441,-0.045514226,0
-3.1699767,1.529879,-0.45096922,-0.75840348,0.65019441,-0.045514226,0
1.1952817,-0.78918332,-0.43448603,0.39451393,0.40234166,-0.82612348,0
-2.9840872,1.1766008,-0.2099483,-0.51882863,-0.64449084,-0.56164807,0
-2.7670436,1.9131589,-0.31304598,-0.75840348,0.65019441,-0.045514226,0
-2.7215259,2.1358151,0.5209403,-0.39451393,-0.40234166,0.82612348,0
0.13283765,-1.020937,-0.48240072,-0.51882863,-0.64449084,-0.56164807,0
2.8515942,-2.137948,0.70744658,0.75840348,-0.65019441,0.045514226,0
1.0059116,-1.7820288,-0.69081295,-0.51882863,-0.64449084,-0.56164807,0
2.7979143,-1.9696934,0.054744244,0.75840348,-0.65019441,0.045514226,0
0.23362398,-1.3106256,-0.35596013,-0.51882863,-0.64449084,-0.56164807,0
-1.1393515,-0.37976623,0.10806537,-0.39451393,-0.40234166,0.82612348,0
1.5864074,-2.496954,0.19565034,-0.39451393,-0.40234166,0.82612348,0
2.1124766,-3.1478655,0.11142182,0.75840348,-0.65019441,0.045514226,0
-0.73127848,1.2474277,-0.51966017,0.39451393,0.40234166,-0.82612348,0
3.2592664,-1.7275829,0.14598584,0.75840348,-0.65019441,0.045514226,0
2.6824028,-2.3289793,0.21946502,0.75840348,-0.65019441,0.045514226,0
3.1662843,-1.9082839,0.55416656,0.75840348,-0.65019441,0.045514226,0
-2.7465577,2.3376389,-0.46491599,-0.75840348,0.65019441,-0.045514226,0
0.95373857,0.080876946,-0.28849334,0.39451393,0.40234166,-0.82612348,0
-0.018159926,-1.0293585,0.19622578,-0.39451393,-0.40234166,0.82612348,0
-0.35042858,-0.99098366,-0.64849913,-0.51882863,-0.64449084,-0.56164807,0
1.1329551,-1.3717438,0.27610898,-0.39451393,-0.40234166,0.82612348,0
1.2408675,-1.8585054,0.39057207,-0.39451393,-0.40234166,0.82612348,0
-3.109848,1.8232684,-0.65451598,-0.75840348,0.65019441,-0.045514226,0
2.6340647,-2.1977267,0.4860146,0.75840348,-0.65019441,0.045514226,0
-2.3192782,2.8266432,-0.15427756,-0.75840348,0.65019441,-0.045514226,0
2.5844502,-2.605679,-0.72734475,0.75840348,-0.65019441,0.045514226,0
3.1810255,-1.7536064,0.61484218,0.75840348,-0.65019441,0.045514226,0
0.014960051,-0.80844438,-0.82097125,-0.51882863,-0.64449084,-0.56164807,0
1.425686,-0.31262958,0.58584607,0.51882863,0.64449084,0.56164807,0
-2.0821309,3.2049086,0.17552853,-0.75840348,0.65019441,-0.045514226,0
3.08324,-1.5296013,-0.087337494,0.39451393,0.40234166,-0.82612348,0
-2.7707539,1.9130131,-0.98780894,-0.75840348,0.65019441,-0.045514226,0
0.043509841,-1.2656982,-0.5653075,-0.51882863,-0.64449084,-0.56164807,0
0.895944,-1.1954287,-0.83828455,0.39451393,0.40234166,-0.82612348,0
2.36147,-2.5357239,-0.4218061,0.75840348,-0.65019441,0.045514226,0
0.88045937,0.4126409,0.60217422,0.51882863,0.64449084,0.56164807,0
-1.2898626,0.14088684,0.1545043,-0.39451393,-0.40234166,0.82612348,0
0.41735315,-1.5658375,-0.44841099,-0.51882863,-0.64449084,-0.56164807,0
0.65188539,0.012823284,-0.12670463,0.39451393,0.40234166,-0.82612348,0
-1.5229833,2.6436996,0.3067379,0.51882863,0.64449084,0.56164807,0
0.45355576,-0.027959317,0.76200217,-0.39451393,-0.40234166,0.82612348,0
-3.1923869,1.7272466,0.024757862,-0.75840348,0.65019441,-0.045514226,0
-2.1386075,3.0932722,-0.052766085,-0.75840348,0.65019441,-0.045514226,0
-2.3075557,2.560179,-0.043973923,-0.75840348,0.65019441,-0.045514226,0
-0.7058503,1.8046048,-0.019622326,0.39451393,0.40234166,-0.82612348,0
-3.0521088,1.504252,-0.40304661,-0.75840348,0.65019441,-0.045514226,0
1.443469,-2.1392226,0.10658836,-0.39451393,-0.40234166,0.82612348,0
-2.8795767,1.9185638,-0.98229337,-0.75840348,0.65019441,-0.045514226,0
3.3096843,-1.6276265,0.45675945,0.75840348,-0.65019441,0.045514226,0
1.7338767,-1.5287926,0.53772283,-0.39451393,-0.40234166,0.82612348,0
-0.97981071,1.6192106,0.49060583,0.51882863,0.64449084,0.56164807,0
-2.227844,0.52763951,-0.15027261,-0.39451393,-0.40234166,0.82612348,0
1.0384268,-2.3059998,-0.15753388,-0.51882863,-0.64449084,-0.56164807,0
3.2386284,-1.5687497,0.85881233,0.75840348,-0.65019441,0.045514226,0
2.3155291,-2.1787403,-0.38986182,0.39451393,0.40234166,-0.82612348,0
-1.9749815,1.7429836,-0.80454469,0.39451393,0.40234166,-0.82612348,0
-0.42591441,-0.7265017,-0.72494769,-0.51882863,-0.64449084,-0.56164807,0
-2.4624205,0.76890171,-0.42737079,-0.51882863,-0.64449084,-0.56164807,0
-1.5612743,0.68249023,-1.0475955,-0.51882863,-0.64449084,-0.56164807,0
-3.0122943,1.80127,-0.41017509,-0.75840348,0.65019441,-0.045514226,0
-0.77380633,1.5006422,0.60767245,0.51882863,0.64449084,0.56164807,0
3.0765162,-1.5403237,0.36071372,0.75840348,-0.65019441,0.045514226,0
-1.2044992,1.108675,-0.42326713,0.39451393,0.40234166,-0.82612348,0
1.9296722,-0.92432952,1.1235884,-0.39451393,-0.40234166,0.82612348,0
-0.15096641,0.014127284,0.68114609,-0.39451393,-0.40234166,0.82612348,0
-3.0516162,1.7186069,-0.25053,-0.75840348,0.65019441,-0.045514226,0
2.4136553,-2.5633502,-0.41251683,0.75840348,-0.65019441,0.045514226,0
-2.2866895,2.3854055,-0.38075161,-0.75840348,0.65019441,-0.045514226,0
-3.1074157,1.7652731,-0.72786283,-0.51882863,-0.64449084,-0.56164807,0
-2.8658614,1.706877,-0.81485438,-0.75840348,0.65019441,-0.045514226,0
2.7345462,-2.1132996,-0.28453946,0.75840348,-0.65019441,0.045514226,0
-1.9049646,0.35842866,-0.60789418,-0.51882863,-0.64449084,-0.56164807,0
-0.92859489,-0.032652855,-0.62544864,-0.51882863,-0.64449084,-0.56164807,0
2.6542273,-2.5738697,0.24869347,0.75840348,-0.65019441,0.045514226,0
2.9217362,-1.1983281,0.6184423,0.51882863,0.64449084,0.56164807,0
3.104475,-1.7185395,0.52947044,0.51882863,0.64449084,0.56164807,0
-3.0669715,1.5549692,-0.60091114,-0.75840348,0.65019441,-0.045514226,0
0.025901794,-1.1395211,-0.78451312,-0.51882863,-0.64449084,-0.56164807,0
-2.4619091,2.646678,0.27004814,-0.75840348,0.65019441,-0.045514226,0
-2.840847,1.1642931,0.01513195,-0.39451393,-0.40234166,0.82612348,0
1.2865624,-0.93885189,0.85508466,-0.39451393,-0.40234166,0.82612348,0
-2.8780689,2.1628277,-0.24535227,-0.75840348,0.65019441,-0.045514226,0
-2.0967116,1.5797744,-0.90170717,0.39451393,0.40234166,-0.82612348,0
-0.49695015,1.3797035,0.9677639,0.51882863,0.64449084,0.56164807,0
-0.83124804,-0.13582189,-0.83550519,-0.51882863,-0.64449084,-0.56164807,0
1.6548977,-1.2624843,-0.54031909,0.39451393,0.40234166,-0.82612348,0
1.0117798,-1.9787091,0.30286741,-0.39451393,-0.40234166,0.82612348,0
0.52136958,-1.5554039,-0.13689721,-0.51882863,-0.64449084,-0.56164807,0
0.51431745,-0.503268,-0.7505815,0.39451393,0.40234166,-0.82612348,0
-0.91636008,-0.51187503,-0.3633309,-0.51882863,-0.64449084,-0.56164807,0
-2.5935302,2.4617476,-0.30321383,-0.75840348,0.65019441,-0.045514226,0
-3.1317654,1.2496855,-0.3237927,-0.39451393,-0.40234166,0.82612348,0
-2.5454791,2.3033764,-0.1284101,-0.75840348,0.65019441,-0.045514226,0
-1.0038496,0.070969641,0.31376201,-0.39451393,-0.40234166,0.82612348,0
-2.5571747,2.6989424,0.087360144,-0.75840348,0.65019441,-0.045514226,0
0.11550486,1.1242523,0.099638224,0.51882863,0.64449084,0.56164807,0
-1.5579197,0.70945185,0.26261306,-0.39451393,-0.40234166,0.82612348,0
-2.3212233,2.5174193,0.34408689,-0.75840348,0.65019441,-0.045514226,0
0.44650218,0.6919589,-0.12393098,0.39451393,0.40234166,-0.82612348,0
2.0317185,-2.5694132,0.55987263,-0.39451393,-0.40234166,0.82612348,0
0.49262398,-0.34406352,0.79763144,-0.39451393,-0.40234166,0.82612348,0
1.733726,-2.6163807,-0.46479392,-0.51882863,-0.64449084,-0.56164807,0
-0.22365677,0.37811434,0.86613435,-0.39451393,-0.40234166,0.82612348,0
-0.55805814,2.0626512,0.26453364,0.51882863,0.64449084,0.56164807,0
-2.2058215,2.8262749,0.24096942,-0.75840348,0.65019441,-0.045514226,0
-2.6085503,2.5677021,-0.38048244,-0.75840348,0.65019441,-0.045514226,0
-0.42140299,-0.57636219,0.15956727,-0.39451393,-0.40234166,0.82612348,0
-0.1574471,1.3427507,0.052774131,0.51882863,0.64449084,0.56164807,0
-1.3278177,1.5131737,0.84283805,-0.39451393,-0.40234166,0.82612348,0
2.1902237,-3.0291228,0.0015535355,0.75840348,-0.65019441,0.045514226,0
2.1088529,-3.0155752,-0.28881884,0.75840348,-0.65019441,0.045514226,0
0.18480164,0.82475674,-0.087767653,0.39451393,0.40234166,-0.82612348,0
-2.9437394,1.9661019,-0.94396925,-0.75840348,0.65019441,-0.045514226,0
0.92322135,0.3070038,0.39097285,0.51882863,0.64449084,0.56164807,0
-2.24474,2.9395621,0.1293025,-0.75840348,0.65019441,-0.045514226,0
2.2808986,-2.4522209,0.37219214,0.75840348,-0.65019441,0.045514226,0
-1.5333416,-0.091171443,-0.61283863,-0.51882863,-0.64449084,-0.56164807,0
1.8714392,-0.6404832,0.73562467,0.51882863,0.64449084,0.56164807,0
-0.20669949,-1.0996976,-0.12769201,-0.39451393,-0.40234166,0.82612348,0
0.40279159,-0.23549268,-0.51247954,0.39451393,0.40234166,-0.82612348,0
1.0298483,-0.014132693,0.94417459,0.51882863,0.64449084,0.56164807,0
-2.9330359,1.6652867,-0.37065601,-0.75840348,0.65019441,-0.045514226,0
-0.21492684,1.3455291,0.57128882,0.51882863,0.64449084,0.56164807,0
1.4950079,-0.48043296,0.88405001,0.51882863,0.64449084,0.56164807,0
-2.9081616,1.9651411,-1.1392725,-0.75840348,0.65019441,-0.045514226,0
0.22272944,-1.6175647,-0.087571561,-0.51882863,-0.64449084,-0.56164807,0
0.24890828,-1.0198668,-0.90507138,-0.51882863,-0.64449084,-0.56164807,0
-2.4150157,2.7918742,0.5434885,0.51882863,0.64449084,0.56164807,0
-0.40833521,1.4221668,0.62550926,0.51882863,0.64449084,0.56164807,0
0.9775449,-2.3006873,-0.20288515,-0.51882863,-0.64449084,-0.56164807,0
2.1148806,-2.7141707,-0.48949313,0.75840348,-0.65019441,0.045514226,0
2.618597,-2.3157454,-0.393466,0.39451393,0.40234166,-0.82612348,0
1.7150471,-1.8583126,-0.79684663,0.39451393,0.40234166,-0.82612348,0
2.5578523,-1.2979168,-0.12286806,0.39451393,0.40234166,-0.82612348,0
-1.0838951,0.31367755,0.37335169,-0.39451393,-0.40234166,0.82612348,0
-0.4133265,1.3514307,0.79744649,0.51882863,0.64449084,0.56164807,0
2.3367686,-2.7803769,0.10328341,0.75840348,-0.65019441,0.045514226,0
0.75092125,0.40577644,0.37200111,0.51882863,0.64449084,0.56164807,0
0.098082185,-1.2943189,-0.13920408,-0.51882863,-0.64449084,-0.56164807,0
2.215457,-0.98581904,0.8148365,0.51882863,0.64449084,0.56164807,0
-2.9882445,1.8191366,-0.25259757,-0.75840348,0.65019441,-0.045514226,0
-0.059251666,1.1797186,0.56549406,0.51882863,0.64449084,0.56164807,0
-2.283226,0.98874795,-0.91460133,-0.51882863,-0.64449084,-0.56164807,0
-2.9646683,2.1416876,-0.85192227,-0.75840348,0.65019441,-0.045514226,0
-2.2874861,2.5908277,0.11597753,-0.75840348,0.65019441,-0.045514226,0
0.00058299303,-0.18663833,-0.47544003,0.39451393,0.40234166,-0.82612348,0
1.6998369,-2.8366983,0.039911747,-0.51882863,-0.64449084,-0.56164807,0
-0.3644937,0.38830471,-0.42532694,0.39451393,0.40234166,-0.82612348,0
-1.9502498,2.9737496,0.11092854,-0.75840348,0.65019441,-0.045514226,0
2.2261791,-1.8172246,-0.36430597,0.39451393,0.40234166,-0.82612348,0
2.7772498,-2.0583961,0.45240116,0.75840348,-0.65019441,0.045514226,0
-0.28983551,0.068753093,0.35877016,-0.39451393,-0.40234166,0.82612348,0
-0.95032722,0.3641215,0.34905219,-0.39451393,-0.40234166,0.82612348,0
2.2273417,-2.6522615,-0.13209224,0.75840348,-0.65019441,0.045514226,0
3.0069942,-1.7039763,0.012740612,0.75840348,-0.65019441,0.045514226,0
-0.3368389,0.32229605,0.81499249,-0.39451393,-0.40234166,0.82612348,0
0.52981424,0.64034593,0.44874227,0.51882863,0.64449084,0.56164807,0
1.3119851,-2.1999483,-0.73317099,-0.51882863,-0.64449084,-0.56164807,0
-2.0321593,1.0532801,-0.76196551,-0.51882863,-0.64449084,-0.56164807,0
2.4391401,-2.3861244,0.11472178,0.75840348,-0.65019441,0.045514226,0
-0.83341187,-0.58981264,-0.16899806,-0.39451393,-0.40234166,0.82612348,0
-2.7376037,1.9321766,-0.97952199,-0.75840348,0.65019441,-0.045514226,0
0.25463903,-1.5233173,-0.27970016,-0.51882863,-0.64449084,-0.56164807,0
0.5737493,0.43211541,-0.036922604,0.39451393,0.40234166,-0.82612348,0
-2.9620695,1.9426756,0.023073435,-0.39451393,-0.40234166,0.82612348,0
2.973381,-1.5874627,0.62523508,0.75840348,-0.65019441,0.045514226,0
2.7487423,-1.365577,0.52667761,0.51882863,0.64449084,0.56164807,0
0.0023295879,-0.23253997,-0.61829042,0.39451393,0.40234166,-0.82612348,0
0.48114109,-2.0069067,-0.11855066,-0.51882863,-0.64449084,-0.56164807,0
-2.4641829,2.5574448,0.060986042,-0.75840348,0.65019441,-0.045514226,0
-3.2579861,1.5799921,-0.7280724,-0.75840348,0.65019441,-0.045514226,0
2.5887582,-2.1825714,0.73895764,0.75840348,-0.65019441,0.045514226,0
-1.8043343,2.6339254,0.15320039,0.51882863,0.64449084,0.56164807,0
-0.53409261,-0.58373678,-0.32233968,-0.51882863,-0.64449084,-0.56164807,0
-2.8809159,2.3318512,0.39816594,-0.75840348,0.65019441,-0.045514226,0
3.3056026,-1.4106289,0.12482548,0.51882863,0.64449084,0.56164807,0
0.020906985,-1.0486197,-0.013512671,-0.39451393,-0.40234166,0.82612348,0
0.85170835,0.093630791,0.69652599,0.51882863,0.64449084,0.56164807,0
-1.2611321,1.7834069,-0.28854394,0.39451393,0.40234166,-0.82612348,0
-2.709276,2.4233475,-0.35346985,-0.75840348,0.65019441,-0.045514226,0
-1.5670587,2.7041731,0.26885962,0.51882863,0.64449084,0.56164807,0
1.4651071,-2.1954844,0.39033222,-0.39451393,-0.40234166,0.82612348,0
1.843711,-0.17967343,0.26497376,0.51882863,0.64449084,0.56164807,0
-3.0965295,1.7408588,-0.91174889,-0.51882863,-0.64449084,-0.56164807,0
2.7012372,-2.2121661,-0.54641795,0.75840348,-0.65019441,0.045514226,0
-1.5557067,2.033643,0.61981571,0.51882863,0.64449084,0.56164807,0
-2.3230948,2.6132114,0.29299569,-0.75840348,0.65019441,-0.045514226,0
-2.4102335,2.7868056,0.032778978,-0.75840348,0.65019441,-0.045514226,0
2.7779031,-1.2661388,0.047760725,0.39451393,0.40234166,-0.82612348,0
2.3638361,-2.3775597,0.74561429,-0.39451393,-0.40234166,0.82612348,0
-2.97142,1.2987555,-0.31812739,-0.39451393,-0.40234166,0.82612348,0
0.26849651,-1.3548368,-0.67126817,-0.51882863,-0.64449084,-0.56164807,0
-1.4064612,0.18720934,-0.9934119,-0.51882863,-0.64449084,-0.56164807,0
-1.3661838,0.23658168,-0.43425429,-0.51882863,-0.64449084,-0.56164807,0
-2.4924736,2.4227273,0.058785439,-0.75840348,0.65019441,-0.045514226,0
0.37596917,0.58770925,0.97694266,0.51882863,0.64449084,0.56164807,0
2.3332324,-2.6202197,-0.83002305,0.75840348,-0.65019441,0.045514226,0
-2.5066848,2.2914703,0.63792133,-0.75840348,0.65019441,-0.045514226,0
-2.3325729,2.6281116,0.49995828,-0.75840348,0.65019441,-0.045514226,0
2.4896228,-2.4497328,0.46462655,0.75840348,-0.65019441,0.045514226,0
-0.46893287,-0.60274041,-0.8220737,-0.51882863,-0.64449084,-0.56164807,0
2.1647947,-3.1234846,0.029402971,0.75840348,-0.65019441,0.045514226,0
-2.1595597,1.819118,-0.75179172,0.39451393,0.40234166,-0.82612348,0
-0.85766506,0.4644098,0.30338597,-0.39451393,-0.40234166,0.82612348,0
-2.6763875,1.8651522,-1.0109115,0.39451393,0.40234166,-0.82612348,0
0.78149438,-1.4012663,-0.69424027,-0.51882863,-0.64449084,-0.56164807,0
-2.5478542,2.1396537,-0.35663056,-0.75840348,0.65019441,-0.045514226,0
-3.1400402,1.9192784,-0.55584478,-0.75840348,0.65019441,-0.045514226,0
0.66680229,-0.042348295,-0.066271603,0.39451393,0.40234166,-0.82612348,0
-0.67401785,1.489203,-0.14761817,0.39451393,0.40234166,-0.82612348,0
3.0749164,-1.5571897,0.62685037,0.75840348,-0.65019441,0.045514226,0
1.1253643,-1.1700644,-0.52862561,0.39451393,0.40234166,-0.82612348,0
-2.5644,1.4368091,-0.80790973,-0.51882863,-0.64449084,-0.56164807,0
3.0280657,-1.9700809,0.27443266,0.75840348,-0.65019441,0.045514226,0
3.2490516,-1.4603587,0.1868515,0.75840348,-0.65019441,0.045514226,0
-1.1834161,-0.40168318,-0.53309745,-0.51882863,-0.64449084,-0.56164807,0
-0.75759935,0.017766833,0.42963564,-0.39451393,-0.40234166,0.82612348,0
-2.628643,2.07638,-0.34888697,-0.75840348,0.65019441,-0.045514226,0
-2.2855718,2.799334,0.60905719,-0.75840348,0.65019441,-0.045514226,0
-2.3468838,2.7635581,0.18153334,-0.75840348,0.65019441,-0.045514226,0
2.2929959,-2.5189879,-0.42042303,0.75840348,-0.65019441,0.045514226,0
2.4132693,-2.7718785,-0.47665834,0.75840348,-0.65019441,0.045514226,0
-1.051692,-0.47960603,0.087087691,-0.39451393,-0.40234166,0.82612348,0
-0.84374809,0.94007176,-0.69538051,0.39451393,0.40234166,-0.82612348,0
-1.1713121,0.063288748,-0.91073316,-0.51882863,-0.64449084,-0.56164807,0
0.43080449,-1.5416145,0.10896993,-0.39451393,-0.40234166,0.82612348,0
-3.0706782,2.0828359,-0.15417457,-0.75840348,0.65019441,-0.045514226,0
2.6504853,-2.5769191,-0.46039152,0.75840348,-0.65019441,0.045514226,0
0.38034567,0.83024961,-0.25733647,0.39451393,0.40234166,-0.82612348,0
-2.0436163,2.5478024,0.49472594,0.51882863,0.64449084,0.56164807,0
-0.24629295,-0.54190606,-0.87347364,-0.51882863,-0.64449084,-0.56164807,0
0.063145638,-1.0141101,-0.4404214,-0.51882863,-0.64449084,-0.56164807,0
3.2531924,-1.393412,0.55925035,0.75840348,-0.65019441,0.045514226,0
0.12431031,0.099598646,-0.69320321,0.39451393,0.40234166,-0.82612348,0
0.64230192,-0.91657823,0.57862705,-0.39451393,-0.40234166,0.82612348,0
-0.77847409,-0.24427786,-1.0527928,0.39451393,0.40234166,-0.82612348,0
-0.66406041,1.4635522,-0.18261147,0.39451393,0.40234166,-0.82612348,0
-1.9135671,1.2392693,0.20002198,-0.39451393,-0.40234166,0.82612348,0
-2.9618087,1.9616308,-0.28052616,-0.75840348,0.65019441,-0.045514226,0
1.0194204,-2.106658,0.027453184,-0.39451393,-0.40234166,0.82612348,0
-2.3060441,2.7304628,0.51962209,-0.75840348,0.65019441,-0.045514226,0
0.93336105,-1.639411,0.42815244,-0.39451393,-0.40234166,0.82612348,0
1.7662588,-1.7655218,0.60169029,-0.39451393,-0.40234166,0.82612348,0
-2.0419877,0.71392071,-0.8922317,-0.51882863,-0.64449084,-0.56164807,0
2.2702472,-2.8734837,0.045581341,0.75840348,-0.65019441,0.045514226,0
1.7784197,-0.51690429,0.96014595,0.51882863,0.64449084,0.56164807,0
-0.84640968,-0.1480999,-0.79221654,-0.51882863,-0.64449084,-0.56164807,0
1.9446926,-3.1043077,0.075366974,0.75840348,-0.65019441,0.045514226,0
-2.7768099,2.0276055,0.08110857,-0.75840348,0.65019441,-0.045514226,0
-1.1137528,-0.249834,-0.65438855,-0.51882863,-0.64449084,-0.56164807,0
-1.3197228,2.4793665,0.34410453,0.51882863,0.64449084,0.56164807,0
1.0567161,-0.21127373,-0.39234048,0.39451393,0.40234166,-0.82612348,0
-0.27393305,1.072636,0.52898163,0.51882863,0.64449084,0.56164807,0
-0.53141928,1.5268196,-0.087519825,0.39451393,0.40234166,-0.82612348,0
-1.647748,2.0072868,0.63921094,-0.39451393,-0.40234166,0.82612348,0
