-1.0586466,-1.4867927,-0.53884089,-0.90112877,-0.4147802,-0.12619175,0
-0.018265724,1.5595229,0.77121472,-0.42841846,0.80724907,0.40596396,0
-1.2428694,-0.57839763,-0.7042591,-0.90112877,-0.4147802,-0.12619175,0
1.6377739,0.12359669,-0.54430807,0.90112877,0.4147802,0.12619175,0
-0.28655875,0.54621506,-0.2980912,-0.066517666,0.41988868,-0.9051348,0
-1.5692776,0.18601143,-0.33705431,-0.90112877,-0.4147802,-0.12619175,0
1.3046614,-1.0731157,-0.20863026,0.42841846,-0.80724907,-0.40596396,0
0.65610623,0.52465576,-0.30533481,-0.066517666,0.41988868,-0.9051348,0
-1.6811858,0.32091725,0.52726316,-0.90112877,-0.4147802,-0.12619175,0
0.74981308,1.7094784,0.39106959,-0.066517666,0.41988868,-0.9051348,0
0.18233988,1.3749053,0.87684524,-0.42841846,0.80724907,0.40596396,0
0.82981718,1.6858006,0.84721375,0.90112877,0.4147802,0.12619175,0
1.1344151,-0.61571121,-0.80291641,-0.066517666,0.41988868,-0.9051348,0
0.8943271,1.1496962,-0.25602579,-0.066517666,0.41988868,-0.9051348,0
-0.48827216,-1.8862925,-0.69117153,0.42841846,-0.80724907,-0.40596396,0
-0.65330404,-1.4952816,-1.3979888,0.42841846,-0.80724907,-0.40596396,0
-0.66477358,0.83648473,0.08947134,-0.066517666,0.41988868,-0.9051348,0
-0.7233355,-1.4060869,-0.13527262,0.066517666,-0.41988868,0.9051348,0
-0.64855629,-0.98021197,0.078015894,0.066517666,-0.41988868,0.9051348,0
0.69855362,-1.481699,-0.37308007,0.42841846,-0.80724907,-0.40596396,0
0.52696151,-1.4881133,-0.51456475,0.42841846,-0.80724907,-0.40596396,0
-0.78555673,1.1434574,0.68842894,-0.42841846,0.80724907,0.40596396,0
-1.619242,0.77601337,0.38811779,-0.42841846,0.80724907,0.40596396,0
-1.4325659,-0.1672183,-0.14975332,-0.90112877,-0.4147802,-0.12619175,0
-1.8354105,0.10683344,0.40442067,-0.90112877,-0.4147802,-0.12619175,0
0.22596905,1.4445949,0.731911,-0.42841846,0.80724907,0.40596396,0
-1.2088299,-0.24485517,0.56585127,0.066517666,-0.41988868,0.9051348,0
0.95264971,1.4350979,1.090585,0.90112877,0.4147802,0.12619175,0
1.5059785,0.63354862,0.11657377,0.90112877,0.4147802,0.12619175,0
0.19517551,-0.051573843,-0.73044485,-0.066517666,0.41988868,-0.9051348,0
-0.0065826029,-1.5354958,-0.36613888,0.066517666,-0.41988868,0.9051348,0
0.19690131,1.2328357,0.14657307,-0.066517666,0.41988868,-0.9051348,0
-0.22937891,-1.5141454,-0.80638814,0.42841846,-0.80724907,-0.40596396,0
-1.1330137,-1.4358683,-0.27980292,-0.90112877,-0.4147802,-0.12619175,0
-0.63313043,-1.5156138,-0.32033581,0.066517666,-0.41988868,0.9051348,0
1.9460642,-0.0086038709,-0.43451086,0.90112877,0.4147802,0.12619175,0
-1.8783963,0.4573963,0.19768602,-0.90112877,-0.4147802,-0.12619175,0
0.15625492,-0.45778352,-0.62808663,-0.066517666,0.41988868,-0.9051348,0
1.5413883,0.070659772,-0.56334418,0.90112877,0.4147802,0.12619175,0
0.13360403,-1.5971807,-0.66196656,0.42841846,-0.80724907,-0.40596396,0
1.9918046,-0.4955436,-0.026711881,0.066517666,-0.41988868,0.9051348,0
-0.37977862,1.4322375,0.4389891,-0.42841846,0.80724907,0.40596396,0
-1.8253361,0.65468335,-0.031833947,-0.066517666,0.41988868,-0.9051348,0
0.95578611,1.6797905,1.1059496,0.90112877,0.4147802,0.12619175,0
-0.5552004,-1.8862809,-0.45644736,0.066517666,-0.41988868,0.9051348,0
1.9337602,-0.25685313,-0.42290333,0.90112877,0.4147802,0.12619175,0
1.1920501,1.2646546,0.21667343,0.90112877,0.4147802,0.12619175,0
0.63667887,1.6131924,0.1603623,-0.066517666,0.41988868,-0.9051348,0
-0.24619833,-1.6068839,-0.51028234,0.42841846,-0.80724907,-0.40596396,0
-1.8913291,0.16509578,0.26488194,-0.90112877,-0.4147802,-0.12619175,0
-1.250351,-1.0514069,-0.018496633,-0.90112877,-0.4147802,-0.12619175,0
1.5068564,0.63185543,0.56725192,0.90112877,0.4147802,0.12619175,0
1.7611403,-0.054644108,0.27266169,0.90112877,0.4147802,0.12619175,0
0.34070858,1.6457604,0.40156245,-0.42841846,0.80724907,0.40596396,0
-0.077295855,0.015741825,-0.59954751,-0.066517666,0.41988868,-0.9051348,0
0.90358478,0.80791038,-0.14600568,-0.066517666,0.41988868,-0.9051348,0
0.16360337,0.20764449,0.59905392,0.066517666,-0.41988868,0.9051348,0
-0.36614007,-0.35809508,0.55628622,0.066517666,-0.41988868,0.9051348,0
0.99944723,1.3044529,0.91918844,0.90112877,0.4147802,0.12619175,0
0.45465475,-0.15781999,0.3886933,0.066517666,-0.41988868,0.9051348,0
0.0021304637,-1.7901974,-0.28084469,0.42841846,-0.80724907,-0.40596396,0
0.6693387,1.6228114,0.89156938,0.90112877,0.4147802,0.12619175,0
0.72535181,1.6030612,0.70850199,0.90112877,0.4147802,0.12619175,0
-0.62410247,-0.96735728,-0.011889011,0.066517666,-0.41988868,0.9051348,0
0.55113524,-0.12823901,0.29608783,0.066517666,-0.41988868,0.9051348,0
1.6089554,0.45909634,0.40495825,0.90112877,0.4147802,0.12619175,0
1.5945165,-0.53985763,-0.73807353,0.42841846,-0.80724907,-0.40596396,0
1.2618191,-0.13421062,-0.51695156,-0.066517666,0.41988868,-0.9051348,0
-1.0697898,1.0702618,0.0039538145,-0.066517666,0.41988868,-0.9051348,0
1.5144043,0.44016752,-0.30986756,0.90112877,0.4147802,0.12619175,0
1.0677947,0.77297175,0.27799663,0.90112877,0.4147802,0.12619175,0
1.5213354,-0.61689746,-0.49554181,0.42841846,-0.80724907,-0.40596396,0
1.1153522,1.3593258,-0.018763006,0.90112877,0.4147802,0.12619175,0
0.8656137,-0.89087629,-0.098816037,0.066517666,-0.41988868,0.9051348,0
1.8684787,-0.84010673,-0.4750818,0.42841846,-0.80724907,-0.40596396,0
-1.4435865,-0.85612786,0.33143944,-0.90112877,-0.4147802,-0.12619175,0
0.63252622,1.8850487,0.19124126,-0.066517666,0.41988868,-0.9051348,0
-0.36434066,-1.3825916,-1.2074709,0.42841846,-0.80724907,-0.40596396,0
-0.60115838,-1.2730571,0.032251,0.066517666,-0.41988868,0.9051348,0
-0.79652739,1.0691658,0.80331475,-0.42841846,0.80724907,0.40596396,0
1.2523259,1.2510426,0.30873489,0.90112877,0.4147802,0.12619175,0
0.39923131,1.7686369,0.49936342,-0.42841846,0.80724907,0.40596396,0
-0.41167349,-0.22193959,0.40085202,0.066517666,-0.41988868,0.9051348,0
0.8061263,0.29905283,0.42273229,0.066517666,-0.41988868,0.9051348,0
1.1924783,0.55819982,-0.019634619,0.90112877,0.4147802,0.12619175,0
-2.0385268,0.46252555,0.34508348,-0.90112877,-0.4147802,-0.12619175,0
0.1840228,-0.17722234,0.4882915,0.066517666,-0.41988868,0.9051348,0
-0.32294086,-0.57390714,0.48372799,0.066517666,-0.41988868,0.9051348,0
0.67617965,-0.86985749,-0.83219677,0.42841846,-0.80724907,-0.40596396,0
0.90528625,1.0652993,1.0181571,0.90112877,0.4147802,0.12619175,0
1.1486814,-0.78343499,-0.54073858,0.42841846,-0.80724907,-0.40596396,0
1.4697816,0.80096698,-0.38493094,0.90112877,0.4147802,0.12619175,0
1.7918111,-0.13020608,-0.65001327,0.90112877,0.4147802,0.12619175,0
-1.6117402,-0.020804763,-0.063610539,-0.90112877,-0.4147802,-0.12619175,0
-0.88595951,-1.8458768,-0.29277271,-0.90112877,-0.4147802,-0.12619175,0
0.47281712,1.9828911,0.35140908,-0.066517666,0.41988868,-0.9051348,0
0.059385598,1.5288539,0.1688292,-0.066517666,0.41988868,-0.9051348,0
1.5007247,0.62494487,0.12227885,0.90112877,0.4147802,0.12619175,0
-0.22327521,0.40441352,0.9515605,0.066517666,-0.41988868,0.9051348,0
0.96371174,-1.0280484,-0.48486662,0.42841846,-0.80724907,-0.40596396,0
1.1937218,0.78859711,-0.18852666,0.90112877,0.4147802,0.12619175,0
1.5387614,-0.78140008,-0.8212803,0.42841846,-0.80724907,-0.40596396,0
0.20082372,-1.4413966,-0.65920961,0.42841846,-0.80724907,-0.40596396,0
-1.4354466,1.0169291,0.18876702,-0.066517666,0.41988868,-0.9051348,0
0.74972177,1.9121552,0.5528692,-0.42841846,0.80724907,0.40596396,0
1.7067366,0.1637105,0.28729838,0.90112877,0.4147802,0.12619175,0
-0.069014817,0.60742819,-0.28923693,-0.066517666,0.41988868,-0.9051348,0
-1.2132528,0.54212737,-0.16718833,-0.066517666,0.41988868,-0.9051348,0
-0.85001647,-1.2159806,-0.84709531,-0.90112877,-0.4147802,-0.12619175,0
-0.9052763,-0.74566478,-0.93363738,-0.066517666,0.41988868,-0.9051348,0
-1.6062715,-0.59371501,0.23456314,0.066517666,-0.41988868,0.9051348,0
-1.3030742,-0.6937784,-0.45124778,-0.90112877,-0.4147802,-0.12619175,0
-1.4900765,0.80000484,0.69528562,-0.42841846,0.80724907,0.40596396,0
0.69247818,-1.4297376,-0.45886719,0.42841846,-0.80724907,-0.40596396,0
-0.62526923,-1.7156051,-0.4586435,0.42841846,-0.80724907,-0.40596396,0
-1.674794,0.60064405,1.0878563,0.066517666,-0.41988868,0.9051348,0
0.67041683,2.0562232,0.79732358,-0.42841846,0.80724907,0.40596396,0
-0.063725203,-1.0639986,-0.078549504,0.066517666,-0.41988868,0.9051348,0
1.5073875,-0.086229354,-0.15881875,0.90112877,0.4147802,0.12619175,0
1.3295728,0.4424018,0.70047277,0.90112877,0.4147802,0.12619175,0
1.7777474,-0.42308009,0.31804535,0.90112877,0.4147802,0.12619175,0
-0.085981816,-0.10584559,-0.39709333,-0.066517666,0.41988868,-0.9051348,0
-1.0944004,-1.3692347,-0.9563126,-0.90112877,-0.4147802,-0.12619175,0
-1.1041173,-1.4922142,-0.44705462,-0.90112877,-0.4147802,-0.12619175,0
0.67735499,-1.1766286,-0.53083682,0.42841846,-0.80724907,-0.40596396,0
-1.6324494,-0.17846918,0.0015252531,-0.90112877,-0.4147802,-0.12619175,0
-0.8997339,-0.92144018,-1.1330256,-0.066517666,0.41988868,-0.9051348,0
0.21166655,1.6177863,1.0125251,-0.42841846,0.80724907,0.40596396,0
-1.1116291,-1.1577109,-0.92446655,-0.90112877,-0.4147802,-0.12619175,0
0.37410355,-0.71920085,-0.96420586,-0.066517666,0.41988868,-0.9051348,0
0.93456876,0.73288572,-0.14851139,-0.066517666,0.41988868,-0.9051348,0
1.2113869,0.19740894,0.71571392,0.066517666,-0.41988868,0.9051348,0
1.5855539,0.015297651,0.41534874,0.90112877,0.4147802,0.12619175,0
-0.25135639,-0.95158833,-0.97816753,-0.066517666,0.41988868,-0.9051348,0
0.68276507,1.6085572,0.72519457,-0.42841846,0.80724907,0.40596396,0
-1.5870767,0.63797939,0.27173495,-0.42841846,0.80724907,0.40596396,0
1.8028435,-0.52277416,-1.1224966,0.42841846,-0.80724907,-0.40596396,0
0.36134785,-1.3934486,-0.55415183,0.42841846,-0.80724907,-0.40596396,0
0.95331907,0.91464186,0.72086215,0.90112877,0.4147802,0.12619175,0
-1.1524589,-0.95869052,-0.80906892,-0.90112877,-0.4147802,-0.12619175,0
0.37959293,-1.7188393,-0.22303331,0.066517666,-0.41988868,0.9051348,0
0.61733085,1.854175,0.49709618,0.90112877,0.4147802,0.12619175,0
1.5551667,-0.36407244,0.228598,0.066517666,-0.41988868,0.9051348,0
1.7592372,0.17542347,-0.19986333,0.90112877,0.4147802,0.12619175,0
0.36134601,0.035923511,0.73115516,0.066517666,-0.41988868,0.9051348,0
-1.9669474,0.37148419,0.25357699,-0.90112877,-0.4147802,-0.12619175,0
1.6304907,-0.74801624,0.24072534,0.066517666,-0.41988868,0.9051348,0
0.65790105,-1.3706652,-0.59641445,0.42841846,-0.80724907,-0.40596396,0
-1.083871,0.35705844,-0.094771042,-0.066517666,0.41988868,-0.9051348,0
-0.56721854,-1.9384962,-0.26771677,0.066517666,-0.41988868,0.9051348,0
0.36935306,0.77583432,-0.42737442,-0.066517666,0.41988868,-0.9051348,0
1.5273993,-0.17541513,-0.0033034086,0.90112877,0.4147802,0.12619175,0
-0.047854066,1.0603025,1.2099984,0.066517666,-0.41988868,0.9051348,0
-1.0025085,-1.5145241,-0.7508142,-0.90112877,-0.4147802,-0.12619175,0
-1.0868357,-0.89413309,-0.68999714,-0.90112877,-0.4147802,-0.12619175,0
0.85512114,0.2266112,-0.45957083,-0.066517666,0.41988868,-0.9051348,0
1.3756651,0.91691536,0.60262311,0.90112877,0.4147802,0.12619175,0
-1.9497435,0.45510346,-0.092887849,-0.066517666,0.41988868,-0.9051348,0
0.23160382,0.94214225,-0.30002499,-0.066517666,0.41988868,-0.9051348,0
0.78902096,-1.5060974,-0.15002334,0.42841846,-0.80724907,-0.40596396,0
0.39900687,1.3650548,1.2246521,0.066517666,-0.41988868,0.9051348,0
1.0636489,0.62495947,0.85425377,0.90112877,0.4147802,0.12619175,0
1.9009341,-0.6162324,-0.49333906,0.90112877,0.4147802,0.12619175,0
0.54084027,1.6144657,1.2765064,0.90112877,0.4147802,0.12619175,0
1.5421997,-0.11007339,0.5143277,0.90112877,0.4147802,0.12619175,0
-1.2458384,-0.77643102,-0.50813222,-0.90112877,-0.4147802,-0.12619175,0
-1.5493975,0.066016026,0.85745025,0.066517666,-0.41988868,0.9051348,0
0.076123416,-0.33864278,-0.78919852,-0.066517666,0.41988868,-0.9051348,0
2.1124883,-0.78393131,0.1360054,0.42841846,-0.80724907,-0.40596396,0
-1.648721,0.85315138,0.3913396,-0.42841846,0.80724907,0.40596396,0
1.6610166,0.48181602,-0.37427863,0.90112877,0.4147802,0.12619175,0
0.07990475,-1.6745183,-0.38143373,0.066517666,-0.41988868,0.9051348,0
-1.3737869,-0.55977589,0.150626,-0.90112877,-0.4147802,-0.12619175,0
-0.91249669,-1.0431513,-0.97061521,-0.90112877,-0.4147802,-0.12619175,0
-0.57709241,1.416814,0.70833969,-0.42841846,0.80724907,0.40596396,0
-1.5582273,0.28211746,0.61298835,0.066517666,-0.41988868,0.9051348,0
-0.49738204,1.3961238,0.3645553,-0.42841846,0.80724907,0.40596396,0
-1.5606791,1.1759214,0.10148668,-0.42841846,0.80724907,0.40596396,0
0.52589417,-1.1423302,-0.81304967,0.42841846,-0.80724907,-0.40596396,0
1.1997436,-0.98248851,-0.054642498,0.066517666,-0.41988868,0.9051348,0
-0.77838725,0.22177529,-0.23463488,-0.066517666,0.41988868,-0.9051348,0
1.9924923,-0.53592658,-0.071562827,0.42841846,-0.80724907,-0.40596396,0
1.3275225,-0.058116958,-0.70389307,-0.066517666,0.41988868,-0.9051348,0
-1.2417835,-0.5941934,-0.20701005,-0.90112877,-0.4147802,-0.12619175,0
1.4725527,0.21222451,0.26937601,0.90112877,0.4147802,0.12619175,0
1.578005,0.37863016,-0.33315194,0.90112877,0.4147802,0.12619175,0
0.47248954,-0.18296021,0.47695321,0.066517666,-0.41988868,0.9051348,0
-1.1753945,-1.0716069,-0.59118789,-0.90112877,-0.4147802,-0.12619175,0
0.71471912,-0.38294926,0.35704958,0.066517666,-0.41988868,0.9051348,0
-1.8963526,0.77874172,0.39366573,-0.90112877,-0.4147802,-0.12619175,0
-1.7071199,-0.20261654,0.41766357,-0.90112877,-0.4147802,-0.12619175,0
1.4452094,-1.1131458,0.14261681,0.066517666,-0.41988868,0.9051348,0
-0.083698571,-1.6881878,-0.23817229,0.42841846,-0.80724907,-0.40596396,0
0.12480277,1.5856612,0.93206286,-0.42841846,0.80724907,0.40596396,0
-1.2917089,-0.27165714,-0.61344111,-0.90112877,-0.4147802,-0.12619175,0
1.5044153,-0.83091265,-0.56712961,0.42841846,-0.80724907,-0.40596396,0
2.0476696,-0.86319673,-0.092229784,0.42841846,-0.80724907,-0.40596396,0
0.83690619,0.50965458,-0.46024328,-0.066517666,0.41988868,-0.9051348,0
1.2535965,0.6833635,0.42902485,0.90112877,0.4147802,0.12619175,0
-0.05493778,-1.2895265,-0.92423081,0.42841846,-0.80724907,-0.40596396,0
0.26871499,1.74106,0.7143029,-0.42841846,0.80724907,0.40596396,0
-1.5262156,-0.23229197,0.1705294,-0.90112877,-0.4147802,-0.12619175,0
1.1774969,-1.0278981,-0.56249434,0.42841846,-0.80724907,-0.40596396,0
-1.0022008,0.26777372,-0.39978889,-0.066517666,0.41988868,-0.9051348,0
-1.013037,-0.95009077,-0.66733223,-0.90112877,-0.4147802,-0.12619175,0
0.78662747,0.25902385,-0.63706005,-0.066517666,0.41988868,-0.9051348,0
1.6790731,-0.067630172,-0.051137298,0.90112877,0.4147802,0.12619175,0
-0.94604611,-0.89148635,-0.80218828,-0.90112877,-0.4147802,-0.12619175,0
-1.8305894,0.6492306,0.1698032,-0.42841846,0.80724907,0.40596396,0
-0.16359764,1.5576377,0.19884157,-0.066517666,0.41988868,-0.9051348,0
-0.73679584,-2.1979244,-0.51597321,0.42841846,-0.80724907,-0.40596396,0
1.4689177,0.23200326,-0.41772753,0.90112877,0.4147802,0.12619175,0
-2.1633253,0.58136201,0.20811439,-0.90112877,-0.4147802,-0.12619175,0
1.3737943,-0.33975425,-0.98273718,-0.066517666,0.41988868,-0.9051348,0
1.1396223,0.36562502,0.707434,0.066517666,-0.41988868,0.9051348,0
-0.087273344,-1.920676,-0.29182601,0.42841846,-0.80724907,-0.40596396,0
-0.28712666,-1.5975289,-0.11441362,0.066517666,-0.41988868,0.9051348,0
-0.89539731,-1.6523426,-0.14125866,-0.90112877,-0.4147802,-0.12619175,0
1.1538352,0.97713327,0.16148078,0.90112877,0.4147802,0.12619175,0
1.4681749,0.81688941,0.0017699003,0.90112877,0.4147802,0.12619175,0
0.61827528,1.6954746,0.35999608,0.90112877,0.4147802,0.12619175,0
-0.32373396,1.5425487,0.59482574,-0.42841846,0.80724907,0.40596396,0
-0.29785958,1.1644708,0.22894657,-0.066517666,0.41988868,-0.9051348,0
0.97948903,1.1111426,0.42865545,0.90112877,0.4147802,0.12619175,0
-0.80388272,-1.3382825,0.20083919,0.066517666,-0.41988868,0.9051348,0
2.0699189,-0.46518195,-0.23176378,0.42841846,-0.80724907,-0.40596396,0
-0.87844479,-0.089667559,-0.51528466,-0.066517666,0.41988868,-0.9051348,0
-1.3036628,0.45602652,0.97303826,-0.42841846,0.80724907,0.40596396,0
0.62780428,0.337724,-0.65708399,-0.066517666,0.41988868,-0.9051348,0
1.0049368,-0.11489609,0.22234161,0.066517666,-0.41988868,0.9051348,0
1.5326555,0.14528409,0.29581937,0.066517666,-0.41988868,0.9051348,0
1.5138278,0.59752727,0.36660856,0.90112877,0.4147802,0.12619175,0
-1.0127132,-1.3307481,-0.38452822,-0.90112877,-0.4147802,-0.12619175,0
-0.15172347,-1.1871271,-1.056056,-0.066517666,0.41988868,-0.9051348,0
-1.7887156,0.19807729,0.51223683,-0.90112877,-0.4147802,-0.12619175,0
0.8876425,1.3559252,0.64274263,0.90112877,0.4147802,0.12619175,0
-1.5323207,0.4758046,1.0738721,0.066517666,-0.41988868,0.9051348,0
0.6174922,-1.2347442,-0.34383726,0.42841846,-0.80724907,-0.40596396,0
0.66348171,1.5266489,0.70490277,0.90112877,0.4147802,0.12619175,0
1.2987227,-1.0500517,-0.36155671,0.42841846,-0.80724907,-0.40596396,0
1.1688513,0.96252084,0.61444771,0.90112877,0.4147802,0.12619175,0
1.0309994,1.0170083,0.53859764,0.90112877,0.4147802,0.12619175,0
1.5929644,-0.0023803264,-0.59384954,0.90112877,0.4147802,0.12619175,0
-0.17536792,0.054404795,0.59656441,0.066517666,-0.41988868,0.9051348,0
1.0962512,-1.0390319,-0.93017119,0.42841846,-0.80724907,-0.40596396,0
1.6264977,0.24250647,-0.12224431,0.90112877,0.4147802,0.12619175,0
0.020187981,-1.0212628,0.021810949,0.066517666,-0.41988868,0.9051348,0
0.35503331,1.0417707,-0.2519666,-0.066517666,0.41988868,-0.9051348,0
0.53272611,0.84680307,-0.23382045,-0.066517666,0.41988868,-0.9051348,0
0.06138885,1.600579,0.4916231,-0.42841846,0.80724907,0.40596396,0
0.09392941,-1.1192594,-1.0658697,0.42841846,-0.80724907,-0.40596396,0
-0.69568872,-1.4782079,-0.21958476,0.066517666,-0.41988868,0.9051348,0
0.20442572,-1.5717841,-0.52842677,0.42841846,-0.80724907,-0.40596396,0
-1.9614782,0.50227237,0.77738363,-0.42841846,0.80724907,0.40596396,0
1.3257467,0.47012994,0.049940862,0.90112877,0.4147802,0.12619175,0
1.8763843,-0.41782823,-0.21259713,0.90112877,0.4147802,0.12619175,0
0.54223365,2.1460876,0.27870345,-0.42841846,0.80724907,0.40596396,0
0.81888962,-1.3421156,-0.44773483,0.42841846,-0.80724907,-0.40596396,0
0.26011899,-0.63143682,0.084528387,0.066517666,-0.41988868,0.9051348,0
-0.40783161,-0.65013099,-0.84326226,-0.066517666,0.41988868,-0.9051348,0
-0.13814539,-1.2516737,-0.86481649,0.42841846,-0.80724907,-0.40596396,0
0.7215569,1.6509135,1.3174318,0.066517666,-0.41988868,0.9051348,0
0.4641031,-0.16088888,-0.5371238,-0.066517666,0.41988868,-0.9051348,0
-0.3469725,-1.4942894,-0.91424459,0.42841846,-0.80724907,-0.40596396,0
0.52233946,1.8482379,0.46049905,-0.066517666,0.41988868,-0.9051348,0
0.42132059,1.8151793,0.42731512,-0.42841846,0.80724907,0.40596396,0
0.93551648,-1.0538533,-0.37870395,0.42841846,-0.80724907,-0.40596396,0
-1.8770158,0.60997158,0.52365988,-0.42841846,0.80724907,0.40596396,0
-1.7147151,0.19515726,-0.13428125,-0.90112877,-0.4147802,-0.12619175,0
0.41241345,1.8027217,0.33710551,-0.066517666,0.41988868,-0.9051348,0
1.7054702,-0.51239866,-0.6741026,0.42841846,-0.80724907,-0.40596396,0
0.050267898,-0.010870516,-0.69330305,-0.066517666,0.41988868,-0.9051348,0
0.54556704,1.1359925,1.1046975,0.066517666,-0.41988868,0.9051348,0
-0.87470436,-0.90510464,-0.96132141,-0.066517666,0.41988868,-0.9051348,0
0.30079433,1.3252525,1.2624676,-0.42841846,0.80724907,0.40596396,0
-1.2163596,-1.0618176,-0.60228795,-0.90112877,-0.4147802,-0.12619175,0
-0.70289302,-1.3477241,-1.0346258,-0.066517666,0.41988868,-0.9051348,0
0.14070439,-1.4915011,-0.97129166,0.42841846,-0.80724907,-0.40596396,0
-0.22326064,-0.68878591,-0.95875525,-0.066517666,0.41988868,-0.9051348,0
1.0056441,0.83746481,0.65032005,0.90112877,0.4147802,0.12619175,0
1.116015,0.24411273,0.76781583,0.066517666,-0.41988868,0.9051348,0
-1.6938125,-0.27149901,0.63801736,-0.90112877,-0.4147802,-0.12619175,0
1.6844764,0.32310975,0.23967707,0.90112877,0.4147802,0.12619175,0
0.31174469,1.6224229,1.0916778,-0.42841846,0.80724907,0.40596396,0
0.76763809,2.0008929,0.3906517,0.90112877,0.4147802,0.12619175,0
-0.082942449,-0.7024883,0.39918512,0.066517666,-0.41988868,0.9051348,0
-0.2245619,-0.25985265,0.32469928,0.066517666,-0.41988868,0.9051348,0
2.0857613,-0.64882028,-0.24279159,0.42841846,-0.80724907,-0.40596396,0
1.7047629,-0.06164366,0.51591229,0.066517666,-0.41988868,0.9051348,0
-1.1941797,0.66928291,0.75370175,0.066517666,-0.41988868,0.9051348,0
0.18435577,-1.7411029,-0.27529216,0.42841846,-0.80724907,-0.40596396,0
1.2501633,-0.92829198,-0.56404424,0.42841846,-0.80724907,-0.40596396,0
0.25734124,0.1334848,-0.48095343,-0.066517666,0.41988868,-0.9051348,0
1.3264155,0.17466059,0.33352083,0.90112877,0.4147802,0.12619175,0
-1.3598424,0.95264339,-0.12351227,-0.066517666,0.41988868,-0.9051348,0
1.996202,-0.14535591,-0.32998744,0.90112877,0.4147802,0.12619175,0
2.0065765,-0.2844305,-0.7385816,-0.066517666,0.41988868,-0.9051348,0
-0.58910882,0.38708228,0.7460568,0.066517666,-0.41988868,0.9051348,0
-1.2382822,0.65783501,0.69149548,-0.42841846,0.80724907,0.40596396,0
1.4418347,0.11511219,0.058821592,0.90112877,0.4147802,0.12619175,0
0.1139316,-1.5030835,-1.0583193,0.42841846,-0.80724907,-0.40596396,0
-0.41676509,1.4389831,0.14012259,-0.066517666,0.41988868,-0.9051348,0
0.53254336,1.7487228,0.4946624,-0.42841846,0.80724907,0.40596396,0
-2.1412024,0.59818959,0.44077045,-0.42841846,0.80724907,0.40596396,0
-0.8249898,-1.4487311,-0.81484771,-0.90112877,-0.4147802,-0.12619175,0
0.85855484,1.6943134,0.34264433,-0.066517666,0.41988868,-0.9051348,0
1.0464127,1.3148922,0.64308894,0.90112877,0.4147802,0.12619175,0
0.38613221,1.349987,0.93331718,-0.42841846,0.80724907,0.40596396,0
-0.24408495,-1.8078194,-0.21491313,0.42841846,-0.80724907,-0.40596396,0
0.74286842,-1.1880921,-0.51131618,0.42841846,-0.80724907,-0.40596396,0
1.2823093,0.96567839,-0.26477063,0.90112877,0.4147802,0.12619175,0
-0.97896504,0.74647146,0.96999192,-0.42841846,0.80724907,0.40596396,0
1.6938881,-0.14841205,-0.73881269,0.90112877,0.4147802,0.12619175,0
-0.58406532,-0.036534175,0.51822197,0.066517666,-0.41988868,0.9051348,0
-1.659621,-0.10913381,-0.092487365,-0.90112877,-0.4147802,-0.12619175,0
-1.8537291,0.24352193,0.32717919,-0.90112877,-0.4147802,-0.12619175,0
-0.19078709,0.88341212,1.0857297,0.066517666,-0.41988868,0.9051348,0
1.0180964,1.2850409,0.92292386,0.90112877,0.4147802,0.12619175,0
0.91455871,-0.94080573,-0.93434125,0.42841846,-0.80724907,-0.40596396,0
0.934672,-1.1466796,-0.26989555,0.42841846,-0.80724907,-0.40596396,0
1.5185404,-0.51921886,-0.76571703,0.42841846,-0.80724907,-0.40596396,0
-0.95422661,1.1419777,0.60758591,-0.42841846,0.80724907,0.40596396,0
-1.5329276,0.93572557,-0.029069662,-0.42841846,0.80724907,0.40596396,0
1.007342,1.2643787,0.87248844,0.90112877,0.4147802,0.12619175,0
0.13361979,1.2490531,0.99192339,-0.42841846,0.80724907,0.40596396,0
1.65622,-1.1023333,0.065518618,0.42841846,-0.80724907,-0.40596396,0
1.2466345,1.3162885,-0.094246298,0.90112877,0.4147802,0.12619175,0
0.0014504492,-1.5393804,-0.78636003,0.42841846,-0.80724907,-0.40596396,0
0.24467009,-0.70342422,0.38720769,0.066517666,-0.41988868,0.9051348,0
-0.84470326,-1.9368538,-0.27323151,-0.90112877,-0.4147802,-0.12619175,0
1.2866702,-0.32130867,0.29898801,0.066517666,-0.41988868,0.9051348,0
1.4012209,0.47815821,-0.59636033,-0.066517666,0.41988868,-0.9051348,0
-1.1804459,-1.1459205,-0.58322459,-0.90112877,-0.4147802,-0.12619175,0
-1.2242821,-0.50060028,-0.15720485,-0.90112877,-0.4147802,-0.12619175,0
-1.4657322,1.0918591,0.36110055,-0.42841846,0.80724907,0.40596396,0
0.9960959,0.88608801,0.97989571,0.066517666,-0.41988868,0.9051348,0
-1.7661372,0.41710311,0.63061804,-0.42841846,0.80724907,0.40596396,0
-1.5206302,-0.64994258,0.27300683,-0.90112877,-0.4147802,-0.12619175,0
1.6659113,-0.077750176,-0.86210084,-0.066517666,0.41988868,-0.9051348,0
-0.73879874,-2.0173495,-0.86507499,0.42841846,-0.80724907,-0.40596396,0
1.9658219,-0.38621488,-1.0609962,0.42841846,-0.80724907,-0.40596396,0
1.5050648,0.046920985,0.24336541,0.90112877,0.4147802,0.12619175,0
-1.6980437,0.72977245,0.16975105,-0.42841846,0.80724907,0.40596396,0
-0.58295715,1.2245891,1.112479,-0.42841846,0.80724907,0.40596396,0
1.0367854,-0.86454141,-1.1215422,0.42841846,-0.80724907,-0.40596396,0
-0.90519005,-1.3266085,-0.73558849,-0.90112877,-0.4147802,-0.12619175,0
-0.33839977,0.1659126,-0.54140508,-0.066517666,0.41988868,-0.9051348,0
-0.43348747,-1.5215427,-0.68068445,0.42841846,-0.80724907,-0.40596396,0
1.2034789,0.5454849,0.27830195,0.90112877,0.4147802,0.12619175,0
-0.53444469,-1.9248916,-0.79771745,0.42841846,-0.80724907,-0.40596396,0
-1.698197,0.037875205,0.29766375,-0.90112877,-0.4147802,-0.12619175,0
-0.15197001,1.5581608,0.33684742,-0.42841846,0.80724907,0.40596396,0
1.3405105,0.78646868,-0.13534585,0.90112877,0.4147802,0.12619175,0
1.0844064,-1.2581191,-0.29737878,0.42841846,-0.80724907,-0.40596396,0
1.1920125,-0.77907121,-0.43609321,0.42841846,-0.80724907,-0.40596396,0
1.7042174,-0.44434795,-0.11710423,0.90112877,0.4147802,0.12619175,0
-0.60085803,0.76128137,-0.2403155,-0.066517666,0.41988868,-0.9051348,0
1.0323031,-1.2855957,-0.47041255,0.42841846,-0.80724907,-0.40596396,0
-1.4933256,-0.25013271,-0.1385781,-0.90112877,-0.4147802,-0.12619175,0
-1.3542629,0.8948887,0.96190262,-0.42841846,0.80724907,0.40596396,0
0.77463144,-0.13568243,-0.80309778,-0.066517666,0.41988868,-0.9051348,0
1.3978314,0.030146718,0.44788587,0.90112877,0.4147802,0.12619175,0
-0.48420107,1.4759505,0.51104718,-0.42841846,0.80724907,0.40596396,0
-1.0638355,-0.92665744,0.097781241,-0.90112877,-0.4147802,-0.12619175,0
0.12536132,-0.45163742,-0.82838631,-0.066517666,0.41988868,-0.9051348,0
0.15965235,1.3111827,0.92661256,-0.42841846,0.80724907,0.40596396,0
0.57244134,-1.3373225,-0.44283962,0.42841846,-0.80724907,-0.40596396,0
-0.073075563,-1.6680837,-0.29642779,0.42841846,-0.80724907,-0.40596396,0
0.41545069,0.53166872,0.72035515,0.066517666,-0.41988868,0.9051348,0
1.8205128,-0.61841911,-0.62758297,0.42841846,-0.80724907,-0.40596396,0
-1.0705757,-1.5708115,-0.63591653,-0.90112877,-0.4147802,-0.12619175,0
-0.15928026,1.3846591,0.43219805,-0.42841846,0.80724907,0.40596396,0
0.75116616,-1.148204,-0.34977728,0.42841846,-0.80724907,-0.40596396,0
1.4379295,0.50173992,-0.20964861,0.90112877,0.4147802,0.12619175,0
-0.89029634,0.53280556,0.94790572,0.066517666,-0.41988868,0.9051348,0
0.63052106,1.2857736,0.89912069,0.066517666,-0.41988868,0.9051348,0
-1.319381,-0.027984262,-0.51977223,-0.066517666,0.41988868,-0.9051348,0
0.94407356,-1.0359902,-0.99289149,0.42841846,-0.80724907,-0.40596396,0
-0.82037818,1.3758425,0.092910171,-0.42841846,0.80724907,0.40596396,0
1.1356084,-1.0299507,-0.79306322,0.42841846,-0.80724907,-0.40596396,0
-0.18886773,-1.7231836,-0.14662147,0.066517666,-0.41988868,0.9051348,0
-1.0486686,-1.1244154,-0.80397552,-0.90112877,-0.4147802,-0.12619175,0
1.5958443,0.056835473,0.39725012,0.90112877,0.4147802,0.12619175,0
0.68612731,1.7880366,0.68309617,-0.42841846,0.80724907,0.40596396,0
1.3330537,-0.84600395,-0.98226154,0.42841846,-0.80724907,-0.40596396,0
-0.64159995,1.1176097,0.87044942,-0.42841846,0.80724907,0.40596396,0
1.6877677,-0.1405665,0.065329373,0.90112877,0.4147802,0.12619175,0
-0.80768192,-1.5232166,-0.67109275,-0.90112877,-0.4147802,-0.12619175,0
-0.17868778,0.56649959,-0.11832279,-0.066517666,0.41988868,-0.9051348,0
-0.31616688,-1.4277031,0.07390815,0.066517666,-0.41988868,0.9051348,0
-0.29333606,-1.2237272,0.063120961,0.066517666,-0.41988868,0.9051348,0
-0.3028554,1.3982229,0.55685759,-0.42841846,0.80724907,0.40596396,0
0.070827633,-1.16591,-1.0859724,0.42841846,-0.80724907,-0.40596396,0
-0.42799607,1.2324429,0.71819901,-0.42841846,0.80724907,0.40596396,0
0.078819752,-1.2558767,-0.83696026,0.42841846,-0.80724907,-0.40596396,0
0.026625216,-1.412764,-0.9993571,0.42841846,-0.80724907,-0.40596396,0
0.26313144,-1.0494671,-0.85078901,0.42841846,-0.80724907,-0.40596396,0
0.42388296,1.4979556,0.83216816,-0.42841846,0.80724907,0.40596396,0
-1.7493933,-0.062631793,0.36952949,-0.90112877,-0.4147802,-0.12619175,0
-1.4155777,0.21689503,0.557033,0.066517666,-0.41988868,0.9051348,0
-0.72458243,0.79471016,0.03526175,-0.066517666,0.41988868,-0.9051348,0
0.059037935,-0.85059571,0.16321886,0.066517666,-0.41988868,0.9051348,0
-0.94692129,-0.96558905,-0.87362999,-0.066517666,0.41988868,-0.9051348,0
1.6052548,0.32763511,-0.046292558,0.90112877,0.4147802,0.12619175,0
0.59887218,1.6592776,0.83132541,0.90112877,0.4147802,0.12619175,0
1.5867428,0.0012222826,0.2049619,0.90112877,0.4147802,0.12619175,0
1.971669,-0.51931083,-0.76026386,0.42841846,-0.80724907,-0.40596396,0
1.3935835,0.48016244,-0.54058808,-0.066517666,0.41988868,-0.9051348,0
1.076625,-1.0106876,-0.096392989,0.42841846,-0.80724907,-0.40596396,0
-0.44119942,1.3929179,0.53693086,-0.42841846,0.80724907,0.40596396,0
0.12771051,-1.3731585,-1.0782682,0.42841846,-0.80724907,-0.40596396,0
1.5826247,-0.21980494,0.35912907,0.066517666,-0.41988868,0.9051348,0
0.33226585,-1.2370765,-0.91685808,0.42841846,-0.80724907,-0.40596396,0
1.9081529,-0.78137422,-0.14486289,0.42841846,-0.80724907,-0.40596396,0
-0.71810222,-1.6994122,-0.16944921,-0.90112877,-0.4147802,-0.12619175,0
0.70398879,-1.1559241,0.13076347,0.066517666,-0.41988868,0.9051348,0
-1.4340055,-0.38177323,0.2127153,-0.90112877,-0.4147802,-0.12619175,0
-1.3873087,-0.93251145,0.23739174,0.066517666,-0.41988868,0.9051348,0
-0.27756867,1.4246926,0.85599673,-0.42841846,0.80724907,0.40596396,0
-0.2399511,-1.6777805,-0.9018954,0.42841846,-0.80724907,-0.40596396,0
0.7687006,1.4052124,0.66386771,0.90112877,0.4147802,0.12619175,0
-0.56218457,-1.7483817,-0.32965565,0.066517666,-0.41988868,0.9051348,0
-1.4510739,0.27197647,0.86730814,0.066517666,-0.41988868,0.9051348,0
-2.0588834,0.93555927,0.048857868,-0.90112877,-0.4147802,-0.12619175,0
1.5406482,-0.93230075,0.14673859,0.066517666,-0.41988868,0.9051348,0
-0.64239627,-0.70180905,0.31450391,0.066517666,-0.41988868,0.9051348,0
1.5855309,-0.11117223,-0.14766982,0.90112877,0.4147802,0.12619175,0
-0.6619668,-1.4410329,-0.91510409,-0.90112877,-0.4147802,-0.12619175,0
-0.48378044,-0.69077981,0.099367827,0.066517666,-0.41988868,0.9051348,0
-1.033498,0.22492085,0.73930097,0.066517666,-0.41988868,0.9051348,0
-0.99392152,-0.82140309,-0.59399867,-0.90112877,-0.4147802,-0.12619175,0
-0.09286195,-1.5893832,-0.19264221,0.42841846,-0.80724907,-0.40596396,0
-0.12951182,-0.10700208,0.52286768,0.066517666,-0.41988868,0.9051348,0
-1.8342482,-0.075344414,-0.12435245,-0.90112877,-0.4147802,-0.12619175,0
-0.6540882,1.3650248,0.13951349,-0.42841846,0.80724907,0.40596396,0
1.607325,-0.18338183,0.12681378,0.90112877,0.4147802,0.12619175,0
-1.3113333,-0.33042511,0.079729706,-0.90112877,-0.4147802,-0.12619175,0
0.11043465,1.344959,0.72052091,-0.42841846,0.80724907,0.40596396,0
0.10821345,0.92019367,0.89200491,0.066517666,-0.41988868,0.9051348,0
0.25149056,0.4086971,-0.39389807,-0.066517666,0.41988868,-0.9051348,0
-0.40746632,0.70383501,-0.26622611,-0.066517666,0.41988868,-0.9051348,0
1.6723261,0.25765115,-0.14780691,0.90112877,0.4147802,0.12619175,0
-0.69581872,1.36476,0.35464841,-0.42841846,0.80724907,0.40596396,0
1.26789,0.36996377,-0.4992559,-0.066517666,0.41988868,-0.9051348,0
1.2939245,-0.91485745,-0.83880347,0.42841846,-0.80724907,-0.40596396,0
-0.70164871,-0.41645977,0.62850976,0.066517666,-0.41988868,0.9051348,0
-1.8810343,0.83870763,-0.015876353,-0.42841846,0.80724907,0.40596396,0
1.0537285,-0.71666175,-0.72337574,0.42841846,-0.80724907,-0.40596396,0
-0.05195564,0.72649431,1.095461,0.066517666,-0.41988868,0.9051348,0
-0.50714946,0.99292076,0.77455491,-0.42841846,0.80724907,0.40596396,0
1.7132437,0.15759706,0.65291917,0.90112877,0.4147802,0.12619175,0
-1.1812136,-0.90783578,0.28904307,0.066517666,-0.41988868,0.9051348,0
-0.74609512,1.1383736,0.21982831,-0.42841846,0.80724907,0.40596396,0
-1.6913196,-0.21956362,0.25911647,-0.90112877,-0.4147802,-0.12619175,0
1.6921804,0.41341478,-0.22904962,0.90112877,0.4147802,0.12619175,0
-1.3867869,0.80647701,0.14784205,-0.42841846,0.80724907,0.40596396,0
-0.89396715,-1.6715354,-0.65794528,-0.90112877,-0.4147802,-0.12619175,0
-1.5263734,0.49384731,-0.24668428,-0.066517666,0.41988868,-0.9051348,0
1.3341511,0.34604356,0.68691313,0.90112877,0.4147802,0.12619175,0
-0.89839876,-1.6962229,-0.38308626,-0.90112877,-0.4147802,-0.12619175,0
1.5531163,0.067349799,-0.49770638,0.90112877,0.4147802,0.12619175,0
-1.4612014,0.16382791,0.76169431,0.066517666,-0.41988868,0.9051348,0
-0.48284853,-1.8760787,-0.88778198,0.42841846,-0.80724907,-0.40596396,0
-0.092328995,-1.7562573,-0.40009677,0.42841846,-0.80724907,-0.40596396,0
-1.0955632,-0.82939327,-0.25791317,-0.90112877,-0.4147802,-0.12619175,0
-0.19660982,-1.6521561,-0.48428428,0.42841846,-0.80724907,-0.40596396,0
-0.43816629,1.383738,0.20744044,-0.42841846,0.80724907,0.40596396,0
0.70034963,-1.194769,-0.19605386,0.42841846,-0.80724907,-0.40596396,0
1.7184473,0.040235173,-0.56905913,0.90112877,0.4147802,0.12619175,0
1.4142487,0.32891193,0.071548052,0.90112877,0.4147802,0.12619175,0
-1.2936856,-0.44820026,0.25124857,-0.90112877,-0.4147802,-0.12619175,0
0.30990538,1.6729754,0.69360113,-0.42841846,0.80724907,0.40596396,0
2.1252122,-0.66817069,0.038510382,0.90112877,0.4147802,0.12619175,0
0.80639875,2.0467026,0.67406917,0.90112877,0.4147802,0.12619175,0
-1.7741162,0.73203236,0.61879921,-0.42841846,0.80724907,0.40596396,0
-2.0492861,0.21068312,0.8772161,-0.90112877,-0.4147802,-0.12619175,0
-0.83656579,-1.3242267,-0.49319261,-0.90112877,-0.4147802,-0.12619175,0
-0.49914455,1.4770449,0.67835367,-0.42841846,0.80724907,0.40596396,0
-1.3428695,0.72950089,0.34639782,-0.42841846,0.80724907,0.40596396,0
-0.84969318,-1.1816833,-0.9072445,-0.90112877,-0.4147802,-0.12619175,0
1.0555654,1.1676745,0.73486,0.90112877,0.4147802,0.12619175,0
0.80936503,-1.2040448,-0.51154476,0.42841846,-0.80724907,-0.40596396,0
1.2714052,-1.1184762,0.083568573,0.066517666,-0.41988868,0.9051348,0
0.17946339,1.7644778,0.65881121,-0.42841846,0.80724907,0.40596396,0
0.030260652,1.50682,0.59116364,-0.42841846,0.80724907,0.40596396,0
-0.92084712,-0.33125418,0.34122095,0.066517666,-0.41988868,0.9051348,0
-0.083426282,1.442764,0.36084741,-0.42841846,0.80724907,0.40596396,0
-1.1639589,0.9753747,0.10606748,-0.42841846,0.80724907,0.40596396,0
-0.36749545,0.99537277,-0.016545057,-0.066517666,0.41988868,-0.9051348,0
-0.74737346,-1.8564963,-0.39087319,-0.90112877,-0.4147802,-0.12619175,0
0.27486977,1.8136237,0.53732216,-0.42841846,0.80724907,0.40596396,0
0.14894664,-1.5908842,-0.74360633,0.42841846,-0.80724907,-0.40596396,0
1.4636943,-0.58692211,-0.52682906,0.42841846,-0.80724907,-0.40596396,0
-1.5670072,-0.49326277,-0.023261353,-0.90112877,-0.4147802,-0.12619175,0
1.806123,-0.30617309,-0.14113137,0.90112877,0.4147802,0.12619175,0
1.7618788,-0.22379619,0.33289468,0.066517666,-0.41988868,0.9051348,0
0.84254718,1.009824,0.9797923,0.90112877,0.4147802,0.12619175,0
-0.084495157,1.5139749,0.49213547,-0.42841846,0.80724907,0.40596396,0
-0.010308504,-1.4385691,-0.98408711,0.42841846,-0.80724907,-0.40596396,0
0.31285691,2.0088239,0.50319242,-0.42841846,0.80724907,0.40596396,0
-0.50247514,1.4269295,0.22289807,-0.42841846,0.80724907,0.40596396,0
-0.99236798,-0.78588659,0.40264207,0.066517666,-0.41988868,0.9051348,0
-1.2727176,0.94205701,0.39714473,-0.42841846,0.80724907,0.40596396,0
-0.3665449,0.65143418,-0.26389641,-0.066517666,0.41988868,-0.9051348,0
-0.91491866,-1.2733389,-0.78952998,-0.90112877,-0.4147802,-0.12619175,0
-0.80041099,-1.7140861,-0.45973176,-0.90112877,-0.4147802,-0.12619175,0
-0.94594818,1.3628606,0.42594671,-0.42841846,0.80724907,0.40596396,0
-1.5670946,0.50466233,0.71390849,-0.42841846,0.80724907,0.40596396,0
0.85556626,0.94962132,-0.044662684,-0.066517666,0.41988868,-0.9051348,0
0.6854614,1.6994405,0.26493955,0.90112877,0.4147802,0.12619175,0
-0.60521656,-1.8789878,-0.49127519,-0.90112877,-0.4147802,-0.12619175,0
0.75797808,-1.1453308,-0.97854936,0.42841846,-0.80724907,-0.40596396,0
-0.92863965,-0.9064163,-0.97595173,-0.066517666,0.41988868,-0.9051348,0
0.41294652,0.12387325,-0.47864571,-0.066517666,0.41988868,-0.9051348,0
1.3444295,0.42522824,0.25013727,0.90112877,0.4147802,0.12619175,0
-0.59626758,-1.2291459,-0.19038993,0.066517666,-0.41988868,0.9051348,0
-0.82036966,1.0366704,0.63015461,-0.42841846,0.80724907,0.40596396,0
0.89902586,-1.2044469,-0.74786705,0.42841846,-0.80724907,-0.40596396,0
0.98663342,1.1064383,0.43711716,0.90112877,0.4147802,0.12619175,0
1.399412,0.27843136,0.58481622,0.90112877,0.4147802,0.12619175,0
-0.89685088,-1.4560523,-0.34997398,-0.90112877,-0.4147802,-0.12619175,0
1.1314192,-1.106033,-0.70634329,0.42841846,-0.80724907,-0.40596396,0
-1.5713803,0.014736176,-0.19832358,-0.90112877,-0.4147802,-0.12619175,0
-0.84181476,-1.5286158,-0.78165734,-0.90112877,-0.4147802,-0.12619175,0
0.95731378,1.2068218,0.12119633,0.90112877,0.4147802,0.12619175,0
1.172876,-0.91371369,-0.36147219,0.42841846,-0.80724907,-0.40596396,0
0.68481135,0.41424757,-0.47414178,-0.066517666,0.41988868,-0.9051348,0
1.4673049,-0.80643332,-0.55386829,0.42841846,-0.80724907,-0.40596396,0
-0.96936756,-1.1845489,-0.3891052,-0.90112877,-0.4147802,-0.12619175,0
0.12407508,-0.38212183,-0.82254034,-0.066517666,0.41988868,-0.9051348,0
1.489813,-0.21482879,0.40991193,0.066517666,-0.41988868,0.9051348,0
1.7728261,-0.014025629,0.51632345,0.90112877,0.4147802,0.12619175,0
0.81077862,1.575403,0.53977317,0.90112877,0.4147802,0.12619175,0
-1.1702729,0.43696362,-0.46268171,-0.066517666,0.41988868,-0.9051348,0
0.34319097,-1.4011598,-0.141837,0.066517666,-0.41988868,0.9051348,0
0.70957255,0.66471922,0.78896362,0.066517666,-0.41988868,0.9051348,0
-1.8800716,0.34499297,0.6071232,-0.90112877,-0.4147802,-0.12619175,0
0.95207739,1.3914289,0.43759227,0.90112877,0.4147802,0.12619175,0
1.2376354,0.75562394,0.93893719,0.90112877,0.4147802,0.12619175,0
-0.20143098,1.0582969,1.0858693,0.066517666,-0.41988868,0.9051348,0
-0.0014831424,1.550902,0.97805202,-0.42841846,0.80724907,0.40596396,0
-0.49366826,0.8814826,1.1780216,0.066517666,-0.41988868,0.9051348,0
-0.20996079,1.5112677,0.73412657,-0.42841846,0.80724907,0.40596396,0
-1.7537717,0.067156613,0.57955885,-0.90112877,-0.4147802,-0.12619175,0
1.0763522,0.95888424,-0.20873865,0.90112877,0.4147802,0.12619175,0
0.60731965,1.7801161,0.46584094,-0.42841846,0.80724907,0.40596396,0
1.717849,-0.54141045,-0.52516913,0.42841846,-0.80724907,-0.40596396,0
-1.2681363,-0.87301636,0.21846801,0.066517666,-0.41988868,0.9051348,0
-0.14923783,0.048818588,0.80177867,0.066517666,-0.41988868,0.9051348,0
-0.50927883,-1.2285241,-0.97806895,-0.066517666,0.41988868,-0.9051348,0
1.5705687,-0.9562344,-0.1877476,0.42841846,-0.80724907,-0.40596396,0
0.37536669,-0.49985823,0.36335373,0.066517666,-0.41988868,0.9051348,0
0.81477243,1.155705,0.084082723,-0.066517666,0.41988868,-0.9051348,0
-1.3227086,0.076448441,0.51584226,0.066517666,-0.41988868,0.9051348,0
-0.36387989,1.2498921,-0.15135133,-0.066517666,0.41988868,-0.9051348,0
-1.0259949,0.98586839,0.9824177,-0.42841846,0.80724907,0.40596396,0
-0.71980315,-1.8057773,-0.58082521,0.42841846,-0.80724907,-0.40596396,0
-1.8776122,0.86632454,0.33760744,-0.42841846,0.80724907,0.40596396,0
-0.89739496,0.83106309,1.2153962,0.066517666,-0.41988868,0.9051348,0
1.2651298,0.58559316,-0.20252755,-0.066517666,0.41988868,-0.9051348,0
-1.7772422,0.11359078,0.21182075,-0.90112877,-0.4147802,-0.12619175,0
1.3604571,0.78927541,0.25222945,0.90112877,0.4147802,0.12619175,0
-0.76693821,0.61509138,-0.38917685,-0.066517666,0.41988868,-0.9051348,0
1.0641136,0.80884254,0.15829989,0.90112877,0.4147802,0.12619175,0
0.064196095,0.19537029,0.49975422,0.066517666,-0.41988868,0.9051348,0
-0.13737221,-1.6108459,-0.34314215,0.42841846,-0.80724907,-0.40596396,0
1.5746452,0.40309036,-0.43093133,0.90112877,0.4147802,0.12619175,0
-0.75627422,-1.5397632,-0.033083797,0.066517666,-0.41988868,0.9051348,0
1.0730134,1.3655155,0.69193083,0.90112877,0.4147802,0.12619175,0
1.2465804,1.1963844,0.58035797,0.90112877,0.4147802,0.12619175,0
0.6066978,-1.2499888,-0.68566823,0.42841846,-0.80724907,-0.40596396,0
-1.0036033,-1.0905595,-0.052253783,-0.90112877,-0.4147802,-0.12619175,0
1.9477617,-0.26916635,-1.0357953,-0.066517666,0.41988868,-0.9051348,0
-1.2095975,0.86054373,0.41143805,-0.42841846,0.80724907,0.40596396,0
-1.2200174,-0.66610157,-0.077550724,-0.90112877,-0.4147802,-0.12619175,0
