0.7367354,-2.8509216,-0.06200099,-0.63069016,-0.31307429,0.71008056,0
0.28088039,0.15793315,-0.66336912,0.63069016,0.31307429,-0.71008056,0
1.4607229,-2.5266376,0.36701274,0.3505505,-0.93127102,-0.099239826,0
1.3223869,-2.7907071,0.0046298504,0.3505505,-0.93127102,-0.099239826,0
-0.50447118,-0.97497004,-0.87646973,-0.69234693,-0.18632948,-0.69709182,0
0.34418917,-2.9391909,-0.80903959,0.3505505,-0.93127102,-0.099239826,0
1.0578496,-2.155205,-0.68878555,0.63069016,0.31307429,-0.71008056,0
-0.083105564,2.9240382,0.67238355,0.69234693,0.18632948,0.69709182,0
0.59745336,-1.9729311,-1.1377926,0.63069016,0.31307429,-0.71008056,0
-0.3154887,-1.356374,-0.736238,-0.69234693,-0.18632948,-0.69709182,0
-1.49507,1.4379247,0.27014852,-0.63069016,-0.31307429,0.71008056,0
1.7913799,-2.4270623,-0.081417084,0.3505505,-0.93127102,-0.099239826,0
1.6123655,-2.4527392,0.72989535,0.69234693,0.18632948,0.69709182,0
-4.1723251e-05,-2.1430764,-0.90877354,-0.69234693,-0.18632948,-0.69709182,0
1.4629643,-2.5098956,-0.73549938,0.3505505,-0.93127102,-0.099239826,0
0.72071332,-2.7791221,0.22771263,0.3505505,-0.93127102,-0.099239826,0
0.64109588,-2.7597222,-0.43801451,0.3505505,-0.93127102,-0.099239826,0
-1.0792234,1.1349494,0.01664114,-0.63069016,-0.31307429,0.71008056,0
-0.9497931,0.48388112,0.24668288,-0.63069016,-0.31307429,0.71008056,0
0.39424336,0.073415324,1.0628618,0.69234693,0.18632948,0.69709182,0
-0.79048705,3.0691781,0.39737701,-0.3505505,0.93127102,0.099239826,0
-0.81389272,2.9104972,0.36113572,-0.3505505,0.93127102,0.099239826,0
-1.0516752,1.3573225,0.15077388,-0.63069016,-0.31307429,0.71008056,0
0.66850185,-3.0241101,-1.3436136,0.3505505,-0.93127102,-0.099239826,0
1.6880593,-2.5389354,-0.43204641,0.3505505,-0.93127102,-0.099239826,0
0.17066151,-1.6921339,0.2395283,-0.63069016,-0.31307429,0.71008056,0
-0.95842409,-0.40890473,-0.18560854,-0.69234693,-0.18632948,-0.69709182,0
0.94892812,-1.2476172,0.62919927,0.69234693,0.18632948,0.69709182,0
-0.11085927,-0.50261331,-1.1073766,0.63069016,0.31307429,-0.71008056,0
-0.019065619,-2.2132621,-0.93132186,-0.69234693,-0.18632948,-0.69709182,0
-0.87517965,1.853219,0.58063769,-0.63069016,-0.31307429,0.71008056,0
-0.85616124,-0.21210715,-0.57915008,-0.69234693,-0.18632948,-0.69709182,0
1.0561476,-1.6251016,0.68906736,-0.63069016,-0.31307429,0.71008056,0
0.66265488,1.2033633,0.42829275,0.69234693,0.18632948,0.69709182,0
-0.13031799,1.0802712,-0.11445457,0.63069016,0.31307429,-0.71008056,0
1.0938206,-2.6665711,0.1599586,0.3505505,-0.93127102,-0.099239826,0
-0.69041407,2.7316773,0.45396781,-0.3505505,0.93127102,0.099239826,0
-1.7287086,2.4572568,-0.65324712,-0.69234693,-0.18632948,-0.69709182,0
0.11785722,-2.0235806,-1.1230342,-0.69234693,-0.18632948,-0.69709182,0
1.3780209,-1.9970443,-0.23607421,0.63069016,0.31307429,-0.71008056,0
0.50008833,1.3992616,0.6440118,0.69234693,0.18632948,0.69709182,0
0.79826462,-2.0877421,-0.73736167,0.63069016,0.31307429,-0.71008056,0
-1.1937975,2.8726184,0.61936402,-0.3505505,0.93127102,0.099239826,0
0.91327214,-2.6770916,-0.90629482,0.3505505,-0.93127102,-0.099239826,0
-0.2977531,2.8203578,1.0000741,-0.3505505,0.93127102,0.099239826,0
0.6783843,-1.1712546,0.80087906,-0.63069016,-0.31307429,0.71008056,0
0.32194686,-1.8737086,-1.4222963,-0.69234693,-0.18632948,-0.69709182,0
-0.38830915,0.8515206,-0.72510552,0.63069016,0.31307429,-0.71008056,0
-0.22542381,0.25839102,0.35427305,-0.63069016,-0.31307429,0.71008056,0
1.1000075,-2.185302,0.78071916,0.69234693,0.18632948,0.69709182,0
-1.5541571,1.7037656,-0.29214549,-0.69234693,-0.18632948,-0.69709182,0
0.87350613,-0.32742772,0.70198286,0.69234693,0.18632948,0.69709182,0
0.38895297,-3.1308358,-0.76498151,0.3505505,-0.93127102,-0.099239826,0
-1.4287571,1.7456462,-0.68558502,-0.69234693,-0.18632948,-0.69709182,0
-1.4304285,2.6902585,0.36216998,-0.3505505,0.93127102,0.099239826,0
0.50215721,-0.53268236,0.91717076,0.69234693,0.18632948,0.69709182,0
1.2233347,-0.85248262,0.026176095,0.63069016,0.31307429,-0.71008056,0
0.058992028,-2.7161298,-0.50461531,-0.63069016,-0.31307429,0.71008056,0
-0.11222661,1.2815405,0.9418788,-0.63069016,-0.31307429,0.71008056,0
0.88102883,-2.9569492,-0.14304399,0.3505505,-0.93127102,-0.099239826,0
1.4704874,-0.74239212,0.39634562,0.69234693,0.18632948,0.69709182,0
-1.5881839,1.2754033,0.058147192,-0.69234693,-0.18632948,-0.69709182,0
-0.60935861,-0.21194273,-0.50247324,-0.69234693,-0.18632948,-0.69709182,0
-0.86466086,1.8988999,-0.61318445,0.63069016,0.31307429,-0.71008056,0
-0.50278497,2.7947154,0.55511355,-0.3505505,0.93127102,0.099239826,0
1.4165111,-1.2316854,0.40309024,0.69234693,0.18632948,0.69709182,0
0.3344326,0.44489425,-0.15242505,0.63069016,0.31307429,-0.71008056,0
-0.88088739,2.9854975,-0.18675041,0.63069016,0.31307429,-0.71008056,0
1.7199373,-2.4424753,-0.027889729,0.63069016,0.31307429,-0.71008056,0
0.64172536,-1.2304878,-0.83160937,0.63069016,0.31307429,-0.71008056,0
-0.20400488,2.6147659,0.78160691,0.69234693,0.18632948,0.69709182,0
0.52974665,0.22292463,0.76935565,0.69234693,0.18632948,0.69709182,0
-0.70831513,0.56605679,-0.67264676,-0.69234693,-0.18632948,-0.69709182,0
-0.20349598,2.7381141,0.99133945,0.69234693,0.18632948,0.69709182,0
1.552495,-2.3529704,0.48845172,0.69234693,0.18632948,0.69709182,0
-1.1695241,1.7070184,0.55389094,-0.63069016,-0.31307429,0.71008056,0
0.71244723,-0.24044108,0.84174448,0.69234693,0.18632948,0.69709182,0
-1.1399775,0.20302969,-0.42779231,-0.69234693,-0.18632948,-0.69709182,0
-0.068437576,-1.8394866,-0.9198699,-0.69234693,-0.18632948,-0.69709182,0
-1.7837198,2.4747336,-0.0084674358,-0.3505505,0.93127102,0.099239826,0
-1.5300673,1.6714095,-0.40480089,-0.69234693,-0.18632948,-0.69709182,0
0.78259945,-3.0059953,-1.0603445,0.3505505,-0.93127102,-0.099239826,0
0.0045208931,2.1080174,0.91271257,0.69234693,0.18632948,0.69709182,0
0.51551557,-2.8956559,-0.31899548,0.3505505,-0.93127102,-0.099239826,0
-0.37221789,2.1275611,1.166365,-0.63069016,-0.31307429,0.71008056,0
0.76812053,-1.0863715,0.78191459,-0.63069016,-0.31307429,0.71008056,0
1.4134454,-2.8654578,-0.21370649,0.3505505,-0.93127102,-0.099239826,0
1.0787532,-0.30337155,0.46222991,0.69234693,0.18632948,0.69709182,0
-0.36210084,-0.71556067,-0.70254052,-0.69234693,-0.18632948,-0.69709182,0
-0.97175503,2.8145475,-0.57927155,-0.3505505,0.93127102,0.099239826,0
0.61559343,-2.1605999,-1.3828284,0.63069016,0.31307429,-0.71008056,0
0.53398561,-2.8783531,-0.96463966,-0.69234693,-0.18632948,-0.69709182,0
-0.66727734,2.154716,0.99100876,-0.63069016,-0.31307429,0.71008056,0
-0.96541733,2.9288521,0.16372585,-0.3505505,0.93127102,0.099239826,0
-1.8960813,2.4008706,-0.43710279,-0.69234693,-0.18632948,-0.69709182,0
0.77662694,-2.7002215,-1.3465071,0.63069016,0.31307429,-0.71008056,0
-0.087109923,0.45759735,0.92220747,-0.63069016,-0.31307429,0.71008056,0
0.027403831,0.69055748,-0.11395836,0.63069016,0.31307429,-0.71008056,0
1.1285546,-2.7203803,-0.42749977,0.3505505,-0.93127102,-0.099239826,0
-0.079083234,-1.1171789,0.19281489,-0.63069016,-0.31307429,0.71008056,0
-0.00044023991,0.50237113,0.85504723,-0.63069016,-0.31307429,0.71008056,0
0.9041934,0.71965349,0.47246185,0.69234693,0.18632948,0.69709182,0
-1.5116792,1.9340302,-0.72109413,-0.69234693,-0.18632948,-0.69709182,0
-0.51666307,-1.1670891,-0.70776129,-0.69234693,-0.18632948,-0.69709182,0
1.3218832,-0.66842955,0.14743328,0.69234693,0.18632948,0.69709182,0
0.228912,1.9117693,0.59117043,0.69234693,0.18632948,0.69709182,0
1.2256815,-2.7294872,-0.41726685,0.3505505,-0.93127102,-0.099239826,0
-1.3715279,1.4186592,-0.26517999,-0.69234693,-0.18632948,-0.69709182,0
-0.75722039,1.6594298,1.0397912,-0.63069016,-0.31307429,0.71008056,0
-0.70503688,2.6740878,0.84175563,-0.3505505,0.93127102,0.099239826,0
0.75339067,-1.0524143,0.73337519,-0.63069016,-0.31307429,0.71008056,0
1.7184508,-1.9639968,0.15584397,0.69234693,0.18632948,0.69709182,0
-2.1006713,2.4892833,0.087217808,-0.3505505,0.93127102,0.099239826,0
0.13476236,-1.2146009,0.25738919,-0.63069016,-0.31307429,0.71008056,0
-1.2551677,2.7264822,-0.48714113,-0.3505505,0.93127102,0.099239826,0
1.5132287,-1.472773,0.41854286,0.69234693,0.18632948,0.69709182,0
-0.72114265,2.9769831,0.76760268,-0.3505505,0.93127102,0.099239826,0
1.5231076,-2.6651356,0.58348107,0.3505505,-0.93127102,-0.099239826,0
0.33073795,-2.4113638,-1.0231273,-0.69234693,-0.18632948,-0.69709182,0
-0.87213796,1.2005779,0.7026515,-0.63069016,-0.31307429,0.71008056,0
0.9032374,-2.6048992,-0.65968966,0.3505505,-0.93127102,-0.099239826,0
-1.5972714,2.7767806,0.30835271,-0.3505505,0.93127102,0.099239826,0
-0.60606259,2.2840383,-0.48446119,0.63069016,0.31307429,-0.71008056,0
-0.041730404,2.274632,0.58772814,0.69234693,0.18632948,0.69709182,0
0.30336022,-2.9606757,-0.94447112,0.3505505,-0.93127102,-0.099239826,0
-1.7853804,2.1389627,-0.34789133,-0.69234693,-0.18632948,-0.69709182,0
1.3586565,-1.8461543,0.33471251,0.69234693,0.18632948,0.69709182,0
1.4257222,-1.9509782,0.77073097,0.69234693,0.18632948,0.69709182,0
-0.68719929,0.62667114,-1.0709373,-0.69234693,-0.18632948,-0.69709182,0
0.060564518,1.5352042,1.2310407,0.69234693,0.18632948,0.69709182,0
-1.5955822,2.469636,-0.094944,-0.3505505,0.93127102,0.099239826,0
0.07437861,1.1048895,1.046499,0.69234693,0.18632948,0.69709182,0
-0.28886664,1.8908597,1.1526692,0.69234693,0.18632948,0.69709182,0
0.64230394,-2.9225473,-1.2809851,0.3505505,-0.93127102,-0.099239826,0
-1.2837625,2.8360507,0.83689237,-0.3505505,0.93127102,0.099239826,0
-1.407274,2.765249,-0.55593204,-0.3505505,0.93127102,0.099239826,0
-0.5291909,-1.844455,-0.691535,-0.69234693,-0.18632948,-0.69709182,0
-0.70438933,2.1826892,0.78871679,-0.63069016,-0.31307429,0.71008056,0
-0.73812604,0.95519084,0.66570544,-0.63069016,-0.31307429,0.71008056,0
-0.70553315,2.7307537,0.56845284,-0.3505505,0.93127102,0.099239826,0
0.78110445,-1.2641112,0.63259327,-0.63069016,-0.31307429,0.71008056,0
0.011329174,1.7589555,0.79272771,0.69234693,0.18632948,0.69709182,0
-0.25139546,2.4937449,0.82953715,0.69234693,0.18632948,0.69709182,0
-0.12866181,0.53830117,-0.64479798,0.63069016,0.31307429,-0.71008056,0
1.4286903,-1.735814,0.75636315,0.69234693,0.18632948,0.69709182,0
0.46554825,-0.56448811,-0.27557778,0.63069016,0.31307429,-0.71008056,0
1.8866391,-2.4128168,-0.29087925,0.63069016,0.31307429,-0.71008056,0
0.43026662,-2.8060925,-0.091216564,-0.63069016,-0.31307429,0.71008056,0
-0.90414822,0.78545165,0.4371742,-0.63069016,-0.31307429,0.71008056,0
-1.322539,1.9529418,-0.80007851,-0.69234693,-0.18632948,-0.69709182,0
0.56828451,-2.9098263,-0.47588706,0.3505505,-0.93127102,-0.099239826,0
-0.63631141,2.9538791,1.0028749,-0.3505505,0.93127102,0.099239826,0
-0.10403585,-2.3461099,-0.58357072,-0.63069016,-0.31307429,0.71008056,0
0.59473789,-2.01249,-0.8401525,0.63069016,0.31307429,-0.71008056,0
-0.1933825,3.0625329,0.58671284,-0.3505505,0.93127102,0.099239826,0
0.28030598,1.9190944,0.11175203,0.63069016,0.31307429,-0.71008056,0
0.95316291,-0.77019459,0.51437479,0.69234693,0.18632948,0.69709182,0
1.0930431,-2.7418075,-0.43333745,0.3505505,-0.93127102,-0.099239826,0
0.30682349,2.1490512,0.73958158,0.69234693,0.18632948,0.69709182,0
0.24142444,1.2321471,1.1360347,0.69234693,0.18632948,0.69709182,0
0.86106241,-2.7800486,-0.0077672005,0.3505505,-0.93127102,-0.099239826,0
-0.45758176,-0.75804317,-1.0509269,-0.69234693,-0.18632948,-0.69709182,0
-0.17947102,3.0108354,0.8610239,0.69234693,0.18632948,0.69709182,0
-0.69011581,1.0729467,-0.6362642,0.63069016,0.31307429,-0.71008056,0
-0.64467347,2.8671079,0.17195892,-0.3505505,0.93127102,0.099239826,0
-0.94394052,2.1706102,-0.73953569,0.63069016,0.31307429,-0.71008056,0
-0.87299991,2.6845005,1.0764937,-0.3505505,0.93127102,0.099239826,0
-1.105592,0.60457176,0.14096534,-0.63069016,-0.31307429,0.71008056,0
1.2695278,-2.5879767,0.89984155,-0.63069016,-0.31307429,0.71008056,0
-0.40556729,-0.24251309,0.44979689,-0.63069016,-0.31307429,0.71008056,0
0.80174577,-2.8351836,-1.2872844,0.3505505,-0.93127102,-0.099239826,0
-0.38519537,-1.6687679,-0.45681834,-0.69234693,-0.18632948,-0.69709182,0
0.99831879,-0.65015221,0.71530074,0.69234693,0.18632948,0.69709182,0
0.096135616,-2.5298288,-0.76718938,-0.69234693,-0.18632948,-0.69709182,0
0.18392506,-0.24510902,0.52903831,-0.63069016,-0.31307429,0.71008056,0
0.74147737,-0.17921621,-0.35695887,0.63069016,0.31307429,-0.71008056,0
0.31551552,-1.5502818,-0.93759561,0.63069016,0.31307429,-0.71008056,0
-1.4527308,1.1841881,-0.27601337,-0.69234693,-0.18632948,-0.69709182,0
0.39935958,-3.0638089,-0.42381239,0.3505505,-0.93127102,-0.099239826,0
0.95881867,-2.8480346,-0.85182667,0.3505505,-0.93127102,-0.099239826,0
-0.24893475,2.595325,1.2390344,0.69234693,0.18632948,0.69709182,0
0.058893204,-2.321774,-0.78376853,-0.69234693,-0.18632948,-0.69709182,0
0.12448728,1.3933662,0.99141699,0.69234693,0.18632948,0.69709182,0
-0.18144655,-0.66966844,-1.0008669,0.63069016,0.31307429,-0.71008056,0
-0.0096181631,0.54531431,-0.39209247,0.63069016,0.31307429,-0.71008056,0
-0.69964337,-0.25077027,-0.25765467,-0.63069016,-0.31307429,0.71008056,0
-0.2526114,3.0600805,0.92582631,0.69234693,0.18632948,0.69709182,0
-0.426844,3.0479045,0.7723074,-0.3505505,0.93127102,0.099239826,0
0.47821546,1.2490847,0.85949683,0.69234693,0.18632948,0.69709182,0
-0.96622622,2.4102893,1.1453156,-0.63069016,-0.31307429,0.71008056,0
-1.5813577,2.7330427,0.33805132,-0.3505505,0.93127102,0.099239826,0
-1.2523936,2.7306969,0.11164141,-0.3505505,0.93127102,0.099239826,0
0.70765132,0.015706539,0.69088697,0.69234693,0.18632948,0.69709182,0
1.5783453,-1.0280383,0.30259705,0.69234693,0.18632948,0.69709182,0
-1.485375,1.8982694,-0.64452338,-0.69234693,-0.18632948,-0.69709182,0
0.029754877,-2.1908946,-0.86881042,-0.69234693,-0.18632948,-0.69709182,0
-0.1796608,-0.77128434,-0.94658899,-0.69234693,-0.18632948,-0.69709182,0
-0.52301013,1.6784375,0.79206085,-0.63069016,-0.31307429,0.71008056,0
-0.89389271,1.0914727,0.13530338,-0.63069016,-0.31307429,0.71008056,0
-1.0142577,3.0486729,-0.22064662,-0.3505505,0.93127102,0.099239826,0
0.82507694,-3.0452108,-0.54551077,0.3505505,-0.93127102,-0.099239826,0
0.010673523,-1.8051569,-1.1442868,-0.69234693,-0.18632948,-0.69709182,0
0.13584113,0.34574017,1.0166671,-0.63069016,-0.31307429,0.71008056,0
-1.5981728,2.2851646,0.029843569,-0.63069016,-0.31307429,0.71008056,0
-1.7794014,2.7280674,-0.45169568,-0.3505505,0.93127102,0.099239826,0
-0.78044236,3.0839665,-0.13231635,-0.3505505,0.93127102,0.099239826,0
0.2143302,3.056608,0.6490128,0.63069016,0.31307429,-0.71008056,0
-1.1906321,0.989923,-0.60305333,-0.69234693,-0.18632948,-0.69709182,0
-0.94026005,-0.55638337,-0.61318338,-0.69234693,-0.18632948,-0.69709182,0
-0.60936153,2.8610225,0.51446342,-0.3505505,0.93127102,0.099239826,0
0.78288019,-2.7066319,-0.31762576,0.3505505,-0.93127102,-0.099239826,0
-1.188364,2.2106698,-1.0660948,0.63069016,0.31307429,-0.71008056,0
-0.77208734,2.9805868,0.84577775,-0.3505505,0.93127102,0.099239826,0
-1.5147231,2.4919994,-0.10778332,-0.3505505,0.93127102,0.099239826,0
-1.3579388,1.5614665,0.3095026,-0.63069016,-0.31307429,0.71008056,0
-0.85118091,-0.42843118,-0.57384503,-0.69234693,-0.18632948,-0.69709182,0
-0.52592129,1.203331,-0.78131813,0.63069016,0.31307429,-0.71008056,0
-1.0956564,-0.342058,-0.38894191,-0.63069016,-0.31307429,0.71008056,0
-1.3273406,1.7277728,-0.52616918,-0.69234693,-0.18632948,-0.69709182,0
0.29709738,-0.27601412,-0.46940967,0.63069016,0.31307429,-0.71008056,0
0.1122067,-2.7629573,-0.37191629,-0.63069016,-0.31307429,0.71008056,0
0.32677776,-0.2122561,0.6296894,-0.63069016,-0.31307429,0.71008056,0
-0.97422755,1.1344947,-0.72928452,-0.69234693,-0.18632948,-0.69709182,0
0.33596122,0.98654395,0.59592688,0.69234693,0.18632948,0.69709182,0
-0.50636339,0.97966158,0.45982885,-0.63069016,-0.31307429,0.71008056,0
1.3071737,-2.8794196,0.14407086,0.3505505,-0.93127102,-0.099239826,0
0.52233052,-3.0723908,-0.047450304,-0.63069016,-0.31307429,0.71008056,0
0.96879113,-0.58587939,-0.16129732,0.63069016,0.31307429,-0.71008056,0
0.94734353,-2.7698941,0.38084817,0.3505505,-0.93127102,-0.099239826,0
-0.53076398,-1.0782146,-0.36309364,-0.69234693,-0.18632948,-0.69709182,0
1.2603337,-2.5537062,-0.67457795,0.3505505,-0.93127102,-0.099239826,0
1.2102803,-1.7093968,0.47637522,0.69234693,0.18632948,0.69709182,0
-0.35587627,1.1589767,-0.64123052,0.63069016,0.31307429,-0.71008056,0
0.1025933,1.3545675,0.78206652,0.69234693,0.18632948,0.69709182,0
-0.71417093,3.0475996,0.55719805,-0.3505505,0.93127102,0.099239826,0
-1.5539494,2.6806819,-0.32024693,-0.3505505,0.93127102,0.099239826,0
-1.1197987,2.658953,-0.7113235,0.63069016,0.31307429,-0.71008056,0
0.66004407,-1.7144476,-0.67784381,0.63069016,0.31307429,-0.71008056,0
0.097950935,-3.008563,-0.68888307,-0.63069016,-0.31307429,0.71008056,0
1.0956368,-0.76198602,0.26969361,0.69234693,0.18632948,0.69709182,0
-1.0452843,3.0622671,-0.3845911,-0.3505505,0.93127102,0.099239826,0
1.3953966,-2.9284263,0.82903218,0.3505505,-0.93127102,-0.099239826,0
0.58926058,0.23800224,-0.34430486,0.63069016,0.31307429,-0.71008056,0
-0.21463846,-0.64652586,0.44051826,-0.63069016,-0.31307429,0.71008056,0
-0.1964947,2.1447549,0.11793411,0.63069016,0.31307429,-0.71008056,0
0.30075681,1.6352654,0.97386557,0.69234693,0.18632948,0.69709182,0
0.91933692,-2.6242137,-0.81749511,0.3505505,-0.93127102,-0.099239826,0
-1.4203366,2.6647658,0.10284352,-0.3505505,0.93127102,0.099239826,0
0.73252225,-2.6224988,-1.2620816,0.3505505,-0.93127102,-0.099239826,0
0.43303025,-0.015779123,1.2087371,0.69234693,0.18632948,0.69709182,0
-1.2338136,-0.11898094,-0.43911636,-0.69234693,-0.18632948,-0.69709182,0
-0.66444504,2.7533226,0.51766396,-0.3505505,0.93127102,0.099239826,0
-0.54099667,2.8932352,0.57867122,-0.3505505,0.93127102,0.099239826,0
0.63896382,-2.8259935,-0.64184904,0.3505505,-0.93127102,-0.099239826,0
0.27679956,0.96746343,-0.013617456,0.63069016,0.31307429,-0.71008056,0
0.79917938,-0.47360229,-0.012506962,0.63069016,0.31307429,-0.71008056,0
0.15302467,-2.8876214,-0.72592759,-0.69234693,-0.18632948,-0.69709182,0
-0.34594697,0.12120064,-0.87566352,0.63069016,0.31307429,-0.71008056,0
0.49948388,-1.588912,0.52903426,-0.63069016,-0.31307429,0.71008056,0
0.41454822,0.52014589,-0.32970321,0.63069016,0.31307429,-0.71008056,0
-1.869041,2.0320005,-0.27277398,-0.69234693,-0.18632948,-0.69709182,0
0.3670162,1.4220026,0.68680656,0.69234693,0.18632948,0.69709182,0
-0.35366511,2.697017,1.1842222,0.69234693,0.18632948,0.69709182,0
1.0462066,-2.5944967,-0.74480128,0.3505505,-0.93127102,-0.099239826,0
0.44630259,-0.063678347,0.87292236,0.69234693,0.18632948,0.69709182,0
0.053699255,-1.425796,-1.2345464,-0.69234693,-0.18632948,-0.69709182,0
1.0146058,-0.97474796,0.80801594,0.69234693,0.18632948,0.69709182,0
-1.1418467,2.7654214,0.42615128,-0.3505505,0.93127102,0.099239826,0
-0.64855742,1.7287695,0.95025361,-0.63069016,-0.31307429,0.71008056,0
0.36296415,-2.5397742,-1.0559816,-0.69234693,-0.18632948,-0.69709182,0
-0.81522942,-0.51629847,-0.50934124,-0.69234693,-0.18632948,-0.69709182,0
-0.30364156,0.70129478,-0.41789988,0.63069016,0.31307429,-0.71008056,0
-0.24569103,-0.58740926,0.45834196,-0.63069016,-0.31307429,0.71008056,0
1.1078957,-0.037476957,0.119937,0.63069016,0.31307429,-0.71008056,0
0.77619058,-2.7041993,-0.42845583,0.3505505,-0.93127102,-0.099239826,0
0.32318842,-3.2288566,-0.57552052,0.3505505,-0.93127102,-0.099239826,0
1.4655548,-0.98888999,0.30241823,0.69234693,0.18632948,0.69709182,0
0.81386602,-2.8269494,-0.49840736,0.3505505,-0.93127102,-0.099239826,0
-0.63709426,0.19119924,0.37568122,-0.63069016,-0.31307429,0.71008056,0
1.6101214,-1.6588521,0.25641322,0.69234693,0.18632948,0.69709182,0
-0.41685903,-1.0202371,-0.90439194,-0.69234693,-0.18632948,-0.69709182,0
0.65110075,-1.918255,0.28832138,-0.63069016,-0.31307429,0.71008056,0
-0.28698051,0.58374625,0.80171007,-0.63069016,-0.31307429,0.71008056,0
1.5414935,-1.3025968,0.30671048,0.69234693,0.18632948,0.69709182,0
-1.111354,2.9141021,0.014293194,-0.3505505,0.93127102,0.099239826,0
0.72958112,-2.714251,-1.0688226,0.3505505,-0.93127102,-0.099239826,0
-0.70589817,-0.70651144,-0.73168504,-0.69234693,-0.18632948,-0.69709182,0
1.1335841,-0.50576353,0.22927368,0.69234693,0.18632948,0.69709182,0
1.2595403,-2.6597006,-0.5120852,0.3505505,-0.93127102,-0.099239826,0
-0.54403847,2.863204,-0.12151408,0.63069016,0.31307429,-0.71008056,0
1.2951337,-2.7586818,0.70756078,0.69234693,0.18632948,0.69709182,0
1.9055705,-2.5036597,-0.084594965,0.3505505,-0.93127102,-0.099239826,0
-0.32743227,0.0807212,0.58529955,-0.63069016,-0.31307429,0.71008056,0
-1.211323,1.0784271,-0.36596668,-0.69234693,-0.18632948,-0.69709182,0
0.59431964,0.030895472,0.72090369,0.69234693,0.18632948,0.69709182,0
-0.50249803,-0.076656148,-1.1423913,-0.69234693,-0.18632948,-0.69709182,0
0.85917234,-2.8539112,-0.62396193,0.3505505,-0.93127102,-0.099239826,0
1.6033825,-2.0305114,-0.41543317,0.63069016,0.31307429,-0.71008056,0
1.0179828,-0.52019542,0.62609297,0.69234693,0.18632948,0.69709182,0
0.97777814,-2.7076306,0.46913242,0.3505505,-0.93127102,-0.099239826,0
0.69558144,-2.8626351,-1.4532168,0.3505505,-0.93127102,-0.099239826,0
-0.14901859,0.60147691,0.80989373,-0.63069016,-0.31307429,0.71008056,0
-0.30775559,2.4659708,0.089669228,0.63069016,0.31307429,-0.71008056,0
0.69582742,-2.7767022,-0.26507783,0.3505505,-0.93127102,-0.099239826,0
1.0535964,-2.8062267,-0.30392027,0.3505505,-0.93127102,-0.099239826,0
-0.86579841,-0.12923306,-0.30928949,-0.63069016,-0.31307429,0.71008056,0
-0.59917998,-0.83763814,-0.56559128,-0.69234693,-0.18632948,-0.69709182,0
-0.40268135,3.1691647,0.94131494,-0.3505505,0.93127102,0.099239826,0
1.2751191,-2.7651086,-0.52740407,0.3505505,-0.93127102,-0.099239826,0
1.4314767,-2.8272882,0.38159537,0.3505505,-0.93127102,-0.099239826,0
1.3274544,-0.68482989,0.17677462,0.63069016,0.31307429,-0.71008056,0
1.0597785,-1.4120991,-0.6388371,0.63069016,0.31307429,-0.71008056,0
-1.4843475,0.59754515,-0.36457837,-0.69234693,-0.18632948,-0.69709182,0
0.86975902,-2.7933476,-0.17487073,0.3505505,-0.93127102,-0.099239826,0
0.80488145,0.49187866,0.49445271,0.69234693,0.18632948,0.69709182,0
0.18385208,1.9829631,0.44640839,0.63069016,0.31307429,-0.71008056,0
0.29684281,2.0214047,0.73624158,0.69234693,0.18632948,0.69709182,0
-1.2037526,1.1817704,-0.71382129,-0.69234693,-0.18632948,-0.69709182,0
0.72207284,-2.8414226,0.24142814,0.3505505,-0.93127102,-0.099239826,0
-1.0742655,2.0915117,0.41890526,-0.63069016,-0.31307429,0.71008056,0
-0.27864325,0.83396637,1.0236524,-0.63069016,-0.31307429,0.71008056,0
1.0845883,-0.10224259,0.57886708,0.69234693,0.18632948,0.69709182,0
1.102978,-2.9765744,0.11112261,0.3505505,-0.93127102,-0.099239826,0
-1.1380466,0.45446104,0.14434123,-0.63069016,-0.31307429,0.71008056,0
0.55041504,-2.6272476,0.011556149,-0.63069016,-0.31307429,0.71008056,0
-1.2282897,2.3648698,0.43128395,-0.63069016,-0.31307429,0.71008056,0
0.72315955,-2.93701,-0.82098913,0.3505505,-0.93127102,-0.099239826,0
-0.34616327,3.0343511,1.0328486,0.69234693,0.18632948,0.69709182,0
1.2017601,-2.6565266,0.75672793,-0.63069016,-0.31307429,0.71008056,0
-1.1282737,2.9080641,0.36863708,-0.3505505,0.93127102,0.099239826,0
1.2885916,-1.4054246,0.27123129,0.69234693,0.18632948,0.69709182,0
-0.87840527,-0.48094827,-0.0549137,-0.63069016,-0.31307429,0.71008056,0
1.2197829,-2.0714314,0.67433691,0.69234693,0.18632948,0.69709182,0
0.43133652,-1.6033145,-0.96657968,0.63069016,0.31307429,-0.71008056,0
-0.91817778,2.7653201,0.21703029,-0.3505505,0.93127102,0.099239826,0
-0.60116732,-0.71508694,-0.58985287,-0.69234693,-0.18632948,-0.69709182,0
0.3626678,0.98350042,0.75423777,0.69234693,0.18632948,0.69709182,0
0.8536554,-0.0062052011,-0.13583255,0.63069016,0.31307429,-0.71008056,0
0.11702728,-2.1558547,-1.0259656,-0.69234693,-0.18632948,-0.69709182,0
1.2237952,-1.1469434,0.66125882,0.69234693,0.18632948,0.69709182,0
0.2218305,-1.0519128,0.25442219,-0.63069016,-0.31307429,0.71008056,0
-0.21863413,-0.049289465,-0.92117655,0.63069016,0.31307429,-0.71008056,0
0.07439518,2.17241,0.76796913,0.69234693,0.18632948,0.69709182,0
0.89935398,-0.18529284,0.59396315,0.69234693,0.18632948,0.69709182,0
0.86306781,-2.7086096,-0.47460961,0.3505505,-0.93127102,-0.099239826,0
-0.26891613,-0.63591868,-0.94751096,-0.69234693,-0.18632948,-0.69709182,0
-1.3735704,2.5192213,0.39724851,-0.3505505,0.93127102,0.099239826,0
0.72242928,0.64879632,0.27949172,0.69234693,0.18632948,0.69709182,0
-0.50206459,2.958765,0.82518959,-0.3505505,0.93127102,0.099239826,0
-1.0894589,2.5555918,0.53494859,-0.3505505,0.93127102,0.099239826,0
1.2175645,-1.458151,0.47706366,0.69234693,0.18632948,0.69709182,0
0.23334709,-1.5519611,0.33172882,-0.63069016,-0.31307429,0.71008056,0
-0.66650951,-1.4991611,-0.54164487,-0.69234693,-0.18632948,-0.69709182,0
0.68853009,1.2223411,0.4210273,0.63069016,0.31307429,-0.71008056,0
-0.52614844,1.2671428,1.0338382,-0.63069016,-0.31307429,0.71008056,0
1.4605758,-1.5190986,-0.33254075,0.63069016,0.31307429,-0.71008056,0
0.072856426,1.0784961,1.002471,0.69234693,0.18632948,0.69709182,0
0.49645984,-1.6426077,-1.1280576,0.63069016,0.31307429,-0.71008056,0
0.96052766,-2.7709184,-0.67294574,0.3505505,-0.93127102,-0.099239826,0
-1.4717903,2.6424465,-0.3989141,-0.3505505,0.93127102,0.099239826,0
-1.0816581,2.6954913,-0.19635057,-0.3505505,0.93127102,0.099239826,0
0.042544603,-2.7957134,-0.99073553,-0.69234693,-0.18632948,-0.69709182,0
1.4134287,-2.6100888,0.16860628,0.3505505,-0.93127102,-0.099239826,0
0.34615338,-2.5817614,-0.8936305,-0.69234693,-0.18632948,-0.69709182,0
1.5287403,-1.0693644,0.37364864,0.69234693,0.18632948,0.69709182,0
-0.090240479,2.2147102,0.80084169,0.69234693,0.18632948,0.69709182,0
0.84192979,-0.95757467,0.7538166,-0.63069016,-0.31307429,0.71008056,0
1.1325839,-2.5377324,-0.70639873,0.3505505,-0.93127102,-0.099239826,0
-0.49718761,-1.7060422,-0.64439315,-0.69234693,-0.18632948,-0.69709182,0
0.12750089,-1.6775459,-1.0773336,-0.69234693,-0.18632948,-0.69709182,0
-0.50696516,2.9178479,1.3520045,-0.3505505,0.93127102,0.099239826,0
-0.75654894,0.041122943,-0.54016405,-0.69234693,-0.18632948,-0.69709182,0
-1.4069252,2.4246321,-0.68953323,-0.69234693,-0.18632948,-0.69709182,0
-0.23733854,2.1974339,1.1988369,0.69234693,0.18632948,0.69709182,0
-1.460961,2.6253879,0.11451507,-0.3505505,0.93127102,0.099239826,0
-0.64856398,2.9685516,0.72842407,-0.3505505,0.93127102,0.099239826,0
0.065927505,-0.76345265,-0.72901416,0.63069016,0.31307429,-0.71008056,0
0.37808514,1.1704267,0.52133429,0.69234693,0.18632948,0.69709182,0
-0.093096375,2.4440222,0.60303247,0.69234693,0.18632948,0.69709182,0
-1.4190702,2.7172668,0.54919839,-0.3505505,0.93127102,0.099239826,0
1.86324,-2.6778812,0.46204352,0.3505505,-0.93127102,-0.099239826,0
0.6993292,-0.20634049,-0.42198277,0.63069016,0.31307429,-0.71008056,0
-0.87646276,0.029680848,-0.17456979,-0.63069016,-0.31307429,0.71008056,0
1.0339459,-0.7520653,0.5134241,0.69234693,0.18632948,0.69709182,0
-1.7899973,2.4380696,-0.43334556,-0.3505505,0.93127102,0.099239826,0
1.5322227,-2.6062927,-0.22454381,0.3505505,-0.93127102,-0.099239826,0
-0.72140914,2.7854381,-0.18732762,-0.3505505,0.93127102,0.099239826,0
1.1334009,-1.1752063,0.84790647,0.69234693,0.18632948,0.69709182,0
1.3597567,-2.5728533,-0.38878608,0.63069016,0.31307429,-0.71008056,0
-0.45582974,0.34607673,-1.1670802,-0.69234693,-0.18632948,-0.69709182,0
1.6642897,-2.7203531,0.035684109,0.3505505,-0.93127102,-0.099239826,0
0.13322437,0.72192395,-0.23880941,0.63069016,0.31307429,-0.71008056,0
1.223248,-2.6206472,0.53024745,0.3505505,-0.93127102,-0.099239826,0
1.4810946,-2.6876705,0.1560297,0.3505505,-0.93127102,-0.099239826,0
-0.40233481,0.038801894,-1.0973349,0.63069016,0.31307429,-0.71008056,0
1.6038191,-2.6341767,0.091039181,0.3505505,-0.93127102,-0.099239826,0
1.0887382,-2.1095152,-0.56161666,0.63069016,0.31307429,-0.71008056,0
0.58618701,0.1144319,1.0092072,0.69234693,0.18632948,0.69709182,0
1.003336,-2.7131712,-0.81170321,0.3505505,-0.93127102,-0.099239826,0
-0.02245903,0.7840693,1.148771,0.69234693,0.18632948,0.69709182,0
1.2071075,-2.8277793,0.23034883,0.3505505,-0.93127102,-0.099239826,0
-1.7293608,2.5521271,-0.18541694,-0.69234693,-0.18632948,-0.69709182,0
1.0896178,-2.6353421,-0.11906862,0.3505505,-0.93127102,-0.099239826,0
-0.064263582,-1.7564569,-0.051482439,-0.63069016,-0.31307429,0.71008056,0
0.74438465,0.1290756,0.81758714,0.69234693,0.18632948,0.69709182,0
1.1184604,-1.4572706,0.88978112,0.69234693,0.18632948,0.69709182,0
-1.8279326,1.9469554,-0.30805969,-0.69234693,-0.18632948,-0.69709182,0
0.05095911,-1.2819746,-1.1853977,-0.69234693,-0.18632948,-0.69709182,0
1.0690005,-2.2469547,-0.4680028,0.63069016,0.31307429,-0.71008056,0
1.5420718,-1.4649824,0.36184525,0.69234693,0.18632948,0.69709182,0
0.26530212,1.0031351,-0.011437893,0.63069016,0.31307429,-0.71008056,0
1.4264083,-2.896771,0.086751699,0.3505505,-0.93127102,-0.099239826,0
1.4860698,-1.5293891,-0.19519091,0.63069016,0.31307429,-0.71008056,0
-0.1259886,2.3156128,0.76722348,0.69234693,0.18632948,0.69709182,0
-1.6976039,2.4254856,-0.64995503,-0.69234693,-0.18632948,-0.69709182,0
0.35721624,0.052110448,0.88983536,-0.63069016,-0.31307429,0.71008056,0
0.18660474,2.1284809,0.32769179,0.63069016,0.31307429,-0.71008056,0
-0.59352511,0.48137784,0.57421237,-0.63069016,-0.31307429,0.71008056,0
-0.39695442,3.0047655,0.65936494,-0.3505505,0.93127102,0.099239826,0
-1.2106354,1.0229229,-0.13706315,-0.63069016,-0.31307429,0.71008056,0
0.82688463,0.15026867,0.40449351,0.69234693,0.18632948,0.69709182,0
-1.9772339,2.7004311,-0.42234325,-0.3505505,0.93127102,0.099239826,0
-1.1326553,2.690341,-0.17295289,-0.3505505,0.93127102,0.099239826,0
-0.92603016,2.8073506,-0.078966618,-0.3505505,0.93127102,0.099239826,0
0.55535716,-0.47696567,-0.57736886,0.63069016,0.31307429,-0.71008056,0
1.7725935,-2.6474602,0.34804606,0.3505505,-0.93127102,-0.099239826,0
0.3925643,-0.78635073,-0.73677421,0.63069016,0.31307429,-0.71008056,0
0.79044926,-2.8544264,-0.67817307,0.3505505,-0.93127102,-0.099239826,0
0.29942203,2.324151,0.68956721,0.63069016,0.31307429,-0.71008056,0
0.38184476,1.3720357,0.41809702,0.63069016,0.31307429,-0.71008056,0
0.26726615,2.069998,0.73329043,0.69234693,0.18632948,0.69709182,0
0.99623668,-1.145875,0.72194397,0.69234693,0.18632948,0.69709182,0
-1.0824628,2.7581604,-0.33919501,0.63069016,0.31307429,-0.71008056,0
-0.98595327,0.69247013,-0.83425575,-0.69234693,-0.18632948,-0.69709182,0
0.92783314,-1.4855727,-0.77561033,0.63069016,0.31307429,-0.71008056,0
0.66070449,-2.8549423,-0.67640138,0.3505505,-0.93127102,-0.099239826,0
1.0495458,0.47099054,0.37293518,0.63069016,0.31307429,-0.71008056,0
-0.74907756,2.8243759,1.1075306,-0.3505505,0.93127102,0.099239826,0
-1.834609,1.8463327,-0.39279032,-0.69234693,-0.18632948,-0.69709182,0
-0.6224978,0.89541614,0.676862,-0.63069016,-0.31307429,0.71008056,0
-0.86376894,2.8915985,1.1331828,-0.3505505,0.93127102,0.099239826,0
0.35305583,1.2594103,0.51396132,0.69234693,0.18632948,0.69709182,0
-0.63776278,2.6015847,1.3750591,-0.63069016,-0.31307429,0.71008056,0
1.6654,-2.5913289,0.71460319,0.3505505,-0.93127102,-0.099239826,0
1.3100858,-1.2481549,0.62987864,0.69234693,0.18632948,0.69709182,0
0.93514156,-2.9173045,-0.054881811,0.3505505,-0.93127102,-0.099239826,0
0.7823081,1.3051314,0.54504704,0.69234693,0.18632948,0.69709182,0
0.21901035,-2.9537854,-0.59472394,-0.69234693,-0.18632948,-0.69709182,0
0.76592851,-2.8184564,-0.40782309,0.3505505,-0.93127102,-0.099239826,0
0.56958288,-2.7480292,-0.13977766,-0.63069016,-0.31307429,0.71008056,0
1.5668405,-2.4305511,0.1252315,0.3505505,-0.93127102,-0.099239826,0
-0.72057408,2.8689141,-0.029357672,-0.3505505,0.93127102,0.099239826,0
1.1799405,-2.6584268,-0.65226412,0.3505505,-0.93127102,-0.099239826,0
-0.15107656,3.0878916,0.3255744,-0.3505505,0.93127102,0.099239826,0
0.11199737,2.2174778,0.6434865,0.63069016,0.31307429,-0.71008056,0
0.13315415,-3.2821536,-0.48001599,0.3505505,-0.93127102,-0.099239826,0
-0.59057122,0.27656931,-0.92223334,-0.69234693,-0.18632948,-0.69709182,0
1.4669722,-1.3689096,0.060120106,0.69234693,0.18632948,0.69709182,0
-0.51010859,-0.85006714,-0.60532677,-0.69234693,-0.18632948,-0.69709182,0
0.88376272,-2.8769445,-0.99334192,0.3505505,-0.93127102,-0.099239826,0
-1.4726447,2.6454732,-0.36984134,-0.3505505,0.93127102,0.099239826,0
0.55753708,1.0088871,0.12424749,0.63069016,0.31307429,-0.71008056,0
-1.708583,2.4276805,0.032842636,-0.3505505,0.93127102,0.099239826,0
-0.86223841,2.4033356,0.94063449,-0.63069016,-0.31307429,0.71008056,0
1.3669648,-1.5999362,0.41031456,0.69234693,0.18632948,0.69709182,0
0.19777404,-1.177038,0.33636403,-0.63069016,-0.31307429,0.71008056,0
0.7983886,0.39802241,0.79613137,0.69234693,0.18632948,0.69709182,0
-0.87011671,2.5938148,0.90276074,-0.3505505,0.93127102,0.099239826,0
0.29888296,1.5218878,0.95464283,0.69234693,0.18632948,0.69709182,0
0.59589005,-3.1321213,-0.62365532,0.3505505,-0.93127102,-0.099239826,0
-0.64823878,0.014509261,-0.030284554,-0.63069016,-0.31307429,0.71008056,0
0.70356619,0.4144308,0.8938309,0.69234693,0.18632948,0.69709182,0
-1.1850921,2.9308636,-0.12431693,-0.3505505,0.93127102,0.099239826,0
-1.0138183,-0.57511663,-0.28809011,-0.69234693,-0.18632948,-0.69709182,0
-0.097643495,2.8195071,0.17758131,0.63069016,0.31307429,-0.71008056,0
-1.129418,1.4890721,-0.54265046,-0.69234693,-0.18632948,-0.69709182,0
1.2631694,-2.9406872,-0.057743073,0.3505505,-0.93127102,-0.099239826,0
-0.93273395,2.8167143,-0.060373545,-0.3505505,0.93127102,0.099239826,0
1.2937566,-0.73682398,0.01804626,0.63069016,0.31307429,-0.71008056,0
1.486644,-2.7170215,0.58893943,0.69234693,0.18632948,0.69709182,0
1.0841726,-2.6759448,-0.32001758,0.3505505,-0.93127102,-0.099239826,0
1.1339294,-0.23727477,0.1525349,0.69234693,0.18632948,0.69709182,0
-0.056292295,0.19989559,-0.52620995,0.63069016,0.31307429,-0.71008056,0
-1.1633244,-0.36095595,-0.36759129,-0.63069016,-0.31307429,0.71008056,0
0.26129103,-2.8516877,-0.70178962,0.3505505,-0.93127102,-0.099239826,0
0.90015733,0.0009304285,0.7904532,0.69234693,0.18632948,0.69709182,0
-1.2503071,2.5232444,0.4676156,-0.3505505,0.93127102,0.099239826,0
1.0995488,-0.31784308,0.0062090158,0.63069016,0.31307429,-0.71008056,0
0.57237029,-1.6848212,-1.0769658,0.63069016,0.31307429,-0.71008056,0
-1.3560259,2.5825212,0.88095474,-0.3505505,0.93127102,0.099239826,0
0.86228395,-2.7945507,-0.22936273,0.3505505,-0.93127102,-0.099239826,0
0.53193712,-2.7130942,-1.326369,0.3505505,-0.93127102,-0.099239826,0
0.78674155,-2.6698325,-0.47439885,0.3505505,-0.93127102,-0.099239826,0
0.35983145,-2.6301713,-0.31649828,-0.63069016,-0.31307429,0.71008056,0
-0.26940465,2.7238257,1.2361271,0.69234693,0.18632948,0.69709182,0
0.064684212,-1.1570176,0.16184491,-0.63069016,-0.31307429,0.71008056,0
0.39893419,1.2824368,0.014693677,0.63069016,0.31307429,-0.71008056,0
0.33106852,-2.6820412,-0.98557019,-0.69234693,-0.18632948,-0.69709182,0
1.0808507,-0.045439482,0.46489871,0.69234693,0.18632948,0.69709182,0
0.36673376,-0.23543593,-0.6159752,0.63069016,0.31307429,-0.71008056,0
-0.26053762,-2.0976222,-0.82048714,-0.69234693,-0.18632948,-0.69709182,0
-0.48751748,-0.90061128,-0.74102414,-0.69234693,-0.18632948,-0.69709182,0
1.3713286,-2.6875381,-0.86867809,0.3505505,-0.93127102,-0.099239826,0
-0.82826394,0.27081797,-0.50871682,-0.69234693,-0.18632948,-0.69709182,0
1.1420113,-2.7282066,-0.77696609,0.3505505,-0.93127102,-0.099239826,0
0.76197779,-2.6557913,-1.2358539,0.3505505,-0.93127102,-0.099239826,0
-0.78899407,-0.81920791,-0.41405326,-0.69234693,-0.18632948,-0.69709182,0
0.57729053,-0.50258863,0.75560999,0.69234693,0.18632948,0.69709182,0
1.8288213,-1.8072963,0.36737037,0.69234693,0.18632948,0.69709182,0
-1.302886,2.8886151,0.38426995,-0.3505505,0.93127102,0.099239826,0
1.5502322,-2.7010021,0.66864681,0.69234693,0.18632948,0.69709182,0
0.65035653,-1.625798,0.38178337,-0.63069016,-0.31307429,0.71008056,0
-1.3097849,2.6574388,-0.39594769,-0.3505505,0.93127102,0.099239826,0
1.3098772,-2.6663253,0.17059326,0.3505505,-0.93127102,-0.099239826,0
1.3443824,-2.6340783,-0.30767369,0.3505505,-0.93127102,-0.099239826,0
-1.6163132,2.8223565,-0.15829825,-0.3505505,0.93127102,0.099239826,0
0.5719651,0.86375403,0.53984189,0.69234693,0.18632948,0.69709182,0
0.84711456,-3.0206368,0.29217362,0.3505505,-0.93127102,-0.099239826,0
1.6782186,-2.4525833,0.16960597,0.69234693,0.18632948,0.69709182,0
0.11090815,-1.566973,-0.85335469,-0.69234693,-0.18632948,-0.69709182,0
-1.717048,2.5910788,-0.10528708,-0.3505505,0.93127102,0.099239826,0
-0.88983977,0.31001675,0.08829242,-0.63069016,-0.31307429,0.71008056,0
1.128495,-2.5429347,-0.41662383,0.3505505,-0.93127102,-0.099239826,0
0.23295546,-0.19252723,-0.66153216,0.63069016,0.31307429,-0.71008056,0
0.6973145,-2.7049797,-1.3689625,-0.69234693,-0.18632948,-0.69709182,0
-0.33050936,0.14527541,0.59545445,-0.63069016,-0.31307429,0.71008056,0
-1.6251864,1.8819646,-0.42989302,-0.69234693,-0.18632948,-0.69709182,0
0.92434645,-2.8072777,0.55452561,0.3505505,-0.93127102,-0.099239826,0
1.4918396,-2.132956,0.47277498,0.69234693,0.18632948,0.69709182,0
-0.29569224,0.26188076,0.38997084,-0.63069016,-0.31307429,0.71008056,0
1.2116708,-1.1249027,0.7962687,0.69234693,0.18632948,0.69709182,0
0.23235762,1.2436686,0.86756849,0.69234693,0.18632948,0.69709182,0
0.32368791,1.2390271,1.0306351,0.69234693,0.18632948,0.69709182,0
-0.89492661,2.8831961,0.4959929,-0.3505505,0.93127102,0.099239826,0
-1.357314,2.7540007,-0.54614663,-0.3505505,0.93127102,0.099239826,0
1.4317691,-2.5103259,-0.52040029,0.3505505,-0.93127102,-0.099239826,0
-1.3979023,2.5361512,-0.4385283,-0.3505505,0.93127102,0.099239826,0
-1.1137614,2.6444538,0.33455324,-0.3505505,0.93127102,0.099239826,0
-1.0942824,1.6326787,-0.9546591,-0.69234693,-0.18632948,-0.69709182,0
0.13363814,2.0759683,0.5087738,0.69234693,0.18632948,0.69709182,0
-0.91243154,3.0242591,0.33234429,-0.3505505,0.93127102,0.099239826,0
0.78091443,-2.7565408,-1.1370943,0.3505505,-0.93127102,-0.099239826,0
-1.4022048,2.8096552,-0.59291339,-0.3505505,0.93127102,0.099239826,0
-1.2798488,1.8005031,-0.80322635,-0.69234693,-0.18632948,-0.69709182,0
1.8306559,-1.9348774,0.29647851,0.69234693,0.18632948,0.69709182,0
0.17594755,1.7688501,0.19728124,0.63069016,0.31307429,-0.71008056,0
0.52696764,-1.502455,0.42949796,-0.63069016,-0.31307429,0.71008056,0
0.21319532,2.8079596,0.5437789,0.63069016,0.31307429,-0.71008056,0
-0.93763435,-0.228928,-0.56886601,-0.69234693,-0.18632948,-0.69709182,0
-0.45422781,2.9797537,0.4536972,-0.3505505,0.93127102,0.099239826,0
-1.293844,2.8639359,-0.18289018,-0.3505505,0.93127102,0.099239826,0
0.59332776,0.53512949,0.75213152,0.69234693,0.18632948,0.69709182,0
-1.513031,2.4520955,-0.015205622,-0.3505505,0.93127102,0.099239826,0
-1.2954464,2.6877279,0.42039013,-0.3505505,0.93127102,0.099239826,0
-0.67007577,-1.0815616,-0.68700361,-0.69234693,-0.18632948,-0.69709182,0
0.96758008,-1.1311206,-0.15140831,0.63069016,0.31307429,-0.71008056,0
-0.18719196,-2.1663857,-0.25204229,-0.63069016,-0.31307429,0.71008056,0
0.015076637,2.8839941,0.89997458,0.69234693,0.18632948,0.69709182,0
-0.43117249,-0.014356128,-0.93282402,-0.69234693,-0.18632948,-0.69709182,0
0.6222921,-1.4076475,-0.79689014,0.63069016,0.31307429,-0.71008056,0
-0.14369416,3.0802019,0.83937502,0.69234693,0.18632948,0.69709182,0
1.3382162,-2.3697782,-0.38828015,0.63069016,0.31307429,-0.71008056,0
-0.13715458,-3.0178328,-0.71102452,-0.69234693,-0.18632948,-0.69709182,0
0.27153134,1.6593336,0.22474694,0.63069016,0.31307429,-0.71008056,0
-0.75851572,-0.72789896,-0.66198748,-0.69234693,-0.18632948,-0.69709182,0
-1.222385,2.2031686,0.32713747,-0.63069016,-0.31307429,0.71008056,0
-0.59145677,-0.5452252,-0.75709385,-0.69234693,-0.18632948,-0.69709182,0
1.6587322,-1.4066556,0.016674995,0.69234693,0.18632948,0.69709182,0
0.20402634,1.6994451,0.83517027,0.69234693,0.18632948,0.69709182,0
-0.75092947,2.9621663,0.73528957,-0.3505505,0.93127102,0.099239826,0
1.686511,-2.6920476,-0.39879584,0.3505505,-0.93127102,-0.099239826,0
0.4064979,0.14709321,0.77532637,0.69234693,0.18632948,0.69709182,0
-0.30160177,-0.52067417,-0.97570825,-0.69234693,-0.18632948,-0.69709182,0
-0.065101385,2.2332435,0.79015267,0.69234693,0.18632948,0.69709182,0
0.029363751,0.78968585,-0.2640143,0.63069016,0.31307429,-0.71008056,0
