-2.1864433,-0.44638097,-0.29742682,-0.90234196,-0.20635259,-0.37841445,0
0.82042897,-0.34905773,-0.39524531,0.32498431,-0.90243703,-0.28282958,0
-1.5324389,-0.15263098,-1.4450008,-0.90234196,-0.20635259,-0.37841445,0
1.6905992,0.10595164,1.0644611,0.90234196,0.20635259,0.37841445,0
-0.98150051,0.22733444,-0.37464929,-0.32498431,0.90243703,0.28282958,0
1.8329486,-0.20161372,1.4056298,0.90234196,0.20635259,0.37841445,0
-1.9141223,-0.72660011,-0.29244125,-0.90234196,-0.20635259,-0.37841445,0
0.17620379,-0.21874811,-0.99006355,0.32498431,-0.90243703,-0.28282958,0
1.5870814,0.40776333,1.7129509,0.90234196,0.20635259,0.37841445,0
-0.12894291,-0.80964863,0.15216237,0.32498431,-0.90243703,-0.28282958,0
1.7785422,0.78668821,0.31535232,0.90234196,0.20635259,0.37841445,0
1.9049226,0.55557621,0.66159129,0.90234196,0.20635259,0.37841445,0
0.14965081,-0.34812924,1.0423802,-0.28313261,-0.37818778,0.88136816,0
-1.360304,0.20687312,-0.92748177,-0.32498431,0.90243703,0.28282958,0
1.2269837,-0.65639472,1.3521438,-0.28313261,-0.37818778,0.88136816,0
0.90965718,0.39117432,1.209753,-0.32498431,0.90243703,0.28282958,0
-2.1173034,-0.46978223,-0.36771333,-0.90234196,-0.20635259,-0.37841445,0
0.075081229,0.63380718,-1.0450351,0.28313261,0.37818778,-0.88136816,0
-2.1889458,-0.3691901,-0.36589205,-0.90234196,-0.20635259,-0.37841445,0
-1.7177277,-1.1537945,-0.1962378,0.32498431,-0.90243703,-0.28282958,0
-0.96165895,-0.78576547,0.62334257,-0.28313261,-0.37818778,0.88136816,0
1.1314013,-0.19831568,0.68197078,0.32498431,-0.90243703,-0.28282958,0
0.16675156,-0.14681511,-1.0703942,0.28313261,0.37818778,-0.88136816,0
-1.9027238,-1.1766959,-0.25753152,-0.90234196,-0.20635259,-0.37841445,0
0.20160329,0.7364158,-0.54538113,-0.32498431,0.90243703,0.28282958,0
-1.150003,-0.066112652,0.52346164,-0.28313261,-0.37818778,0.88136816,0
0.85962987,-0.33830631,1.3484101,-0.28313261,-0.37818778,0.88136816,0
2.021673,0.72004652,0.53240824,0.90234196,0.20635259,0.37841445,0
-1.7836505,0.27588978,-0.48022723,-0.32498431,0.90243703,0.28282958,0
-0.99248928,-0.44116414,0.42813647,-0.28313261,-0.37818778,0.88136816,0
-1.8353412,-0.51499522,-0.74546874,-0.90234196,-0.20635259,-0.37841445,0
0.0093120337,-0.84713966,0.73514539,0.32498431,-0.90243703,-0.28282958,0
1.7093689,-0.055360556,0.92222846,0.90234196,0.20635259,0.37841445,0
1.4457718,0.82424927,-0.50042832,0.28313261,0.37818778,-0.88136816,0
-2.0213547,-1.2061861,-0.28744197,-0.90234196,-0.20635259,-0.37841445,0
0.30786544,0.95245022,-0.67592728,0.28313261,0.37818778,-0.88136816,0
2.0505352,0.021250904,0.37951267,0.90234196,0.20635259,0.37841445,0
1.4478642,0.076411784,1.5725721,0.90234196,0.20635259,0.37841445,0
0.84892881,0.23635876,1.7035422,-0.28313261,-0.37818778,0.88136816,0
-2.1288085,-0.71653968,0.35197258,-0.90234196,-0.20635259,-0.37841445,0
1.9806998,0.60687983,0.25633228,0.90234196,0.20635259,0.37841445,0
-1.3225591,-0.67793787,-0.57450992,0.32498431,-0.90243703,-0.28282958,0
-1.7169615,-0.27129182,-1.2603159,-0.90234196,-0.20635259,-0.37841445,0
-1.2465377,-1.0907423,-0.065808535,0.32498431,-0.90243703,-0.28282958,0
1.7146983,0.16202989,-0.49164307,0.28313261,0.37818778,-0.88136816,0
1.7150013,0.018018603,1.2103842,0.90234196,0.20635259,0.37841445,0
1.684622,0.79182959,-0.16840488,0.28313261,0.37818778,-0.88136816,0
2.1064799,0.72210252,-0.12584877,0.90234196,0.20635259,0.37841445,0
0.62358594,0.74440444,0.58680284,-0.32498431,0.90243703,0.28282958,0
2.022438,0.026309669,0.096673369,0.90234196,0.20635259,0.37841445,0
-0.89133579,-0.63930708,0.57724822,-0.28313261,-0.37818778,0.88136816,0
1.4468315,0.32965124,1.471766,0.90234196,0.20635259,0.37841445,0
-1.6314378,-0.36882895,-1.3595953,-0.90234196,-0.20635259,-0.37841445,0
1.007798,0.2891514,1.6031618,-0.28313261,-0.37818778,0.88136816,0
-1.5531533,-0.028833181,-1.573833,-0.90234196,-0.20635259,-0.37841445,0
1.6332111,0.55515593,1.1847855,0.90234196,0.20635259,0.37841445,0
0.97687274,-0.014977232,-0.42275584,0.32498431,-0.90243703,-0.28282958,0
1.2181199,-0.32185724,0.72054797,0.32498431,-0.90243703,-0.28282958,0
-1.5623862,0.1460169,-0.12246287,-0.32498431,0.90243703,0.28282958,0
-1.4780226,-0.8951745,0.11709851,-0.28313261,-0.37818778,0.88136816,0
-0.94635177,-1.0543376,0.069607526,0.32498431,-0.90243703,-0.28282958,0
0.1746562,0.33142048,0.64119494,-0.32498431,0.90243703,0.28282958,0
0.28289545,0.28269193,-0.73983437,0.28313261,0.37818778,-0.88136816,0
-2.1693027,-0.74007446,-0.06516242,-0.90234196,-0.20635259,-0.37841445,0
-0.67032325,0.094554424,0.15472916,-0.32498431,0.90243703,0.28282958,0
-1.1985518,-0.82878006,-0.4707222,0.32498431,-0.90243703,-0.28282958,0
-2.2078292,-0.51435548,-0.2642417,-0.90234196,-0.20635259,-0.37841445,0
0.61624753,0.79966903,-0.58176029,0.28313261,0.37818778,-0.88136816,0
0.89780718,0.53826272,0.56288141,-0.32498431,0.90243703,0.28282958,0
1.4412651,1.2788537,-0.065371037,-0.32498431,0.90243703,0.28282958,0
2.1245573,0.78702462,0.25193071,0.90234196,0.20635259,0.37841445,0
-1.3990039,-0.35494012,-1.6809649,-0.90234196,-0.20635259,-0.37841445,0
-0.97644585,0.065460354,-0.24530578,-0.32498431,0.90243703,0.28282958,0
0.35938841,0.52538115,-0.89099622,0.28313261,0.37818778,-0.88136816,0
0.6995393,0.46345758,-0.54080635,0.28313261,0.37818778,-0.88136816,0
-0.6173259,0.19806196,-0.17487913,-0.32498431,0.90243703,0.28282958,0
2.2827926,0.61873049,-0.086107135,0.90234196,0.20635259,0.37841445,0
1.6214504,0.013407648,1.3569252,0.90234196,0.20635259,0.37841445,0
-1.7317436,-0.88275367,-0.23732674,0.32498431,-0.90243703,-0.28282958,0
1.7144644,-0.029742151,1.1136671,0.90234196,0.20635259,0.37841445,0
1.38691,0.89100742,0.97233814,0.90234196,0.20635259,0.37841445,0
1.5024725,1.0049324,0.94944358,-0.32498431,0.90243703,0.28282958,0
1.2981576,0.17174906,1.600939,0.90234196,0.20635259,0.37841445,0
-0.23498088,-0.34303212,-1.4081218,0.28313261,0.37818778,-0.88136816,0
0.53225398,-0.3629418,-0.58364975,0.32498431,-0.90243703,-0.28282958,0
-0.3806451,-0.053362403,0.85149485,-0.28313261,-0.37818778,0.88136816,0
1.9612861,1.0304478,0.43845785,0.90234196,0.20635259,0.37841445,0
1.4517579,0.49586505,1.5047708,0.90234196,0.20635259,0.37841445,0
-0.4608134,0.018848918,1.0595379,-0.28313261,-0.37818778,0.88136816,0
-0.60094941,0.36985371,-0.50201094,-0.32498431,0.90243703,0.28282958,0
-0.038633287,0.088530101,-1.2283887,0.28313261,0.37818778,-0.88136816,0
-0.46694058,-0.51398462,-0.67373431,0.32498431,-0.90243703,-0.28282958,0
-1.3344893,-0.40683505,-1.5388694,0.32498431,-0.90243703,-0.28282958,0
-0.71333271,-0.16883247,0.6435113,-0.28313261,-0.37818778,0.88136816,0
2.1953959,0.81660664,0.0038404465,0.90234196,0.20635259,0.37841445,0
2.1701784,0.64036083,-0.22454488,0.28313261,0.37818778,-0.88136816,0
-0.2157073,-0.39416119,0.91334224,-0.28313261,-0.37818778,0.88136816,0
1.6370161,0.79501963,-0.1820789,0.28313261,0.37818778,-0.88136816,0
0.14471525,-0.65560222,1.0864388,0.32498431,-0.90243703,-0.28282958,0
0.63164926,-0.33888316,1.1307969,-0.28313261,-0.37818778,0.88136816,0
-0.88006723,0.14820334,-0.22237009,-0.32498431,0.90243703,0.28282958,0
-2.0280025,0.0070700049,-0.44467878,-0.90234196,-0.20635259,-0.37841445,0
1.804419,-0.24926704,1.317102,0.90234196,0.20635259,0.37841445,0
1.1478667,-0.0047780871,-0.58581084,0.28313261,0.37818778,-0.88136816,0
1.6451974,-0.19795409,1.2254449,0.90234196,0.20635259,0.37841445,0
1.1741281,-0.22236249,0.66165072,0.32498431,-0.90243703,-0.28282958,0
-1.3352885,-0.86189139,0.49525887,-0.28313261,-0.37818778,0.88136816,0
-1.3101079,0.59274471,-1.4228425,0.28313261,0.37818778,-0.88136816,0
1.7260584,0.25504154,1.2741878,0.90234196,0.20635259,0.37841445,0
1.139972,-0.060745716,1.3448801,-0.28313261,-0.37818778,0.88136816,0
1.4527922,-0.25308213,1.3433887,-0.28313261,-0.37818778,0.88136816,0
0.96214426,-0.22934002,1.121686,-0.28313261,-0.37818778,0.88136816,0
0.57130438,-0.45018232,1.2904274,-0.28313261,-0.37818778,0.88136816,0
0.70157909,0.50678921,0.94399977,-0.32498431,0.90243703,0.28282958,0
-0.24297604,0.13237548,0.41359395,-0.32498431,0.90243703,0.28282958,0
0.51352358,0.49594212,1.3725407,-0.32498431,0.90243703,0.28282958,0
-1.3219078,0.39281967,-0.77775288,-0.32498431,0.90243703,0.28282958,0
1.0350494,-0.025255442,-0.033528149,0.32498431,-0.90243703,-0.28282958,0
1.3284837,-0.004063338,1.5037912,-0.28313261,-0.37818778,0.88136816,0
0.48239809,-0.26213175,1.2549968,-0.28313261,-0.37818778,0.88136816,0
1.5991549,-0.14585066,-0.06343472,0.32498431,-0.90243703,-0.28282958,0
-2.2168751,-0.68721896,-0.075765729,-0.90234196,-0.20635259,-0.37841445,0
1.7411932,0.81860697,0.78646302,0.90234196,0.20635259,0.37841445,0
-1.6953106,0.073799342,-0.7460047,-0.32498431,0.90243703,0.28282958,0
-1.4952744,-0.1486851,0.4128426,-0.32498431,0.90243703,0.28282958,0
-0.9904424,-0.83730835,-0.086139679,0.32498431,-0.90243703,-0.28282958,0
-0.28777921,0.55055451,-0.57913482,-0.32498431,0.90243703,0.28282958,0
1.1671324,0.5534929,0.75636119,-0.32498431,0.90243703,0.28282958,0
-0.86242801,0.35303858,-0.023225784,-0.32498431,0.90243703,0.28282958,0
0.56459135,-0.23274966,0.1787492,0.32498431,-0.90243703,-0.28282958,0
-0.36452034,-0.4322471,-1.3041791,0.28313261,0.37818778,-0.88136816,0
0.66246533,1.005103,-0.1304177,-0.32498431,0.90243703,0.28282958,0
-0.77457684,-0.15480453,0.76512754,-0.32498431,0.90243703,0.28282958,0
1.7638891,0.70637077,-0.09334147,0.28313261,0.37818778,-0.88136816,0
-1.5025483,-0.66370809,-0.72443652,0.32498431,-0.90243703,-0.28282958,0
-1.4991446,-0.63455886,-1.8118628,-0.90234196,-0.20635259,-0.37841445,0
1.4738076,-0.035732329,0.19597548,0.32498431,-0.90243703,-0.28282958,0
1.7362733,0.010078222,-0.45393914,0.32498431,-0.90243703,-0.28282958,0
-1.622746,0.0057713687,-1.1372104,-0.90234196,-0.20635259,-0.37841445,0
-0.55632854,-0.63746011,-1.0117263,0.32498431,-0.90243703,-0.28282958,0
1.9326483,0.063582003,0.42052495,0.90234196,0.20635259,0.37841445,0
1.9288847,0.91823304,0.24822783,0.90234196,0.20635259,0.37841445,0
0.21684623,0.086498313,-0.95737165,0.28313261,0.37818778,-0.88136816,0
-0.78007776,-0.66385376,0.48609728,-0.28313261,-0.37818778,0.88136816,0
2.1114337,0.35416907,-0.43509614,0.28313261,0.37818778,-0.88136816,0
-1.5639516,0.057792902,-1.2822125,-0.90234196,-0.20635259,-0.37841445,0
1.9833503,0.76349592,0.26538134,0.90234196,0.20635259,0.37841445,0
1.6365514,-0.30626175,1.1539298,0.90234196,0.20635259,0.37841445,0
-0.10934475,0.59295589,-0.2532542,-0.32498431,0.90243703,0.28282958,0
-2.1019747,-1.0766256,-0.088075519,-0.90234196,-0.20635259,-0.37841445,0
-1.1536416,-0.77708083,-1.3164415,0.32498431,-0.90243703,-0.28282958,0
0.33002439,-0.098625585,1.1594528,-0.28313261,-0.37818778,0.88136816,0
1.8357897,0.56129014,0.11184132,0.90234196,0.20635259,0.37841445,0
1.5230304,0.53705585,1.1308299,0.90234196,0.20635259,0.37841445,0
-1.2379456,0.15686542,0.28065923,-0.32498431,0.90243703,0.28282958,0
1.8245076,0.94495374,0.86660254,0.90234196,0.20635259,0.37841445,0
-0.1326399,-0.44660652,-0.74755037,0.32498431,-0.90243703,-0.28282958,0
-1.5604043,-0.57519108,0.47532314,-0.28313261,-0.37818778,0.88136816,0
0.31798261,0.39324749,1.3933579,-0.32498431,0.90243703,0.28282958,0
-0.20255074,0.38662279,-0.048861057,-0.32498431,0.90243703,0.28282958,0
0.89005935,-0.31954673,0.95851678,0.32498431,-0.90243703,-0.28282958,0
-1.349124,-0.56658232,0.66621912,-0.28313261,-0.37818778,0.88136816,0
-1.2533536,-0.4880057,-1.6994015,-0.90234196,-0.20635259,-0.37841445,0
-1.7762855,0.18222749,-0.87692094,-0.90234196,-0.20635259,-0.37841445,0
-1.959594,-0.72967249,-0.17787647,-0.90234196,-0.20635259,-0.37841445,0
0.21322465,-0.13639604,1.1032825,-0.28313261,-0.37818778,0.88136816,0
-0.59686518,-1.100369,0.55938882,-0.28313261,-0.37818778,0.88136816,0
-0.012016214,0.63606161,0.29350117,-0.32498431,0.90243703,0.28282958,0
-0.75110036,-0.055663317,0.81035006,-0.28313261,-0.37818778,0.88136816,0
-0.68268305,0.29820025,-0.46592647,-0.32498431,0.90243703,0.28282958,0
0.8666836,0.40031344,1.4311851,-0.28313261,-0.37818778,0.88136816,0
1.8772314,0.52033108,0.38127887,0.90234196,0.20635259,0.37841445,0
1.0476841,1.0408998,-0.048467696,-0.32498431,0.90243703,0.28282958,0
1.6482224,0.18624189,0.88993371,0.90234196,0.20635259,0.37841445,0
1.0787262,0.59386182,0.59981179,-0.32498431,0.90243703,0.28282958,0
1.5624375,-0.32317936,0.60705233,0.32498431,-0.90243703,-0.28282958,0
1.8293294,0.05472073,0.38973927,0.90234196,0.20635259,0.37841445,0
1.1183397,1.0063308,0.118415,-0.32498431,0.90243703,0.28282958,0
1.3222444,-0.085534006,1.4498687,-0.28313261,-0.37818778,0.88136816,0
-0.24455261,-0.01437186,1.002794,-0.28313261,-0.37818778,0.88136816,0
-1.7811975,-1.1123743,-0.76601648,-0.90234196,-0.20635259,-0.37841445,0
1.0960077,-0.41264156,0.74838573,0.32498431,-0.90243703,-0.28282958,0
-1.5598851,-0.97044486,0.076066852,-0.28313261,-0.37818778,0.88136816,0
-1.199672,0.23349249,-0.59171903,-0.32498431,0.90243703,0.28282958,0
-0.37664664,0.33049953,0.63881242,-0.32498431,0.90243703,0.28282958,0
-1.8980834,-0.52980965,-0.38987386,-0.90234196,-0.20635259,-0.37841445,0
-1.930953,-0.10125029,-0.95720875,-0.90234196,-0.20635259,-0.37841445,0
-0.79191566,-0.39458489,0.527789,-0.28313261,-0.37818778,0.88136816,0
0.38934547,0.59313792,-0.31474227,-0.32498431,0.90243703,0.28282958,0
-1.2953169,-0.19316524,-1.4396999,0.28313261,0.37818778,-0.88136816,0
-1.0267255,-0.52638984,-1.3938931,0.32498431,-0.90243703,-0.28282958,0
-0.029557765,0.087911934,-1.2712104,0.28313261,0.37818778,-0.88136816,0
-0.086113274,-0.34732729,1.0202414,-0.28313261,-0.37818778,0.88136816,0
0.81418264,-0.29459897,1.1378648,-0.28313261,-0.37818778,0.88136816,0
-0.72825056,0.18532601,-1.3829505,0.28313261,0.37818778,-0.88136816,0
2.0939491,0.38157204,0.38858676,0.90234196,0.20635259,0.37841445,0
1.4490848,-0.16636112,1.3900902,-0.28313261,-0.37818778,0.88136816,0
1.8022606,0.0080890656,1.092245,0.90234196,0.20635259,0.37841445,0
0.3600263,0.18375982,1.4709293,-0.28313261,-0.37818778,0.88136816,0
-1.3898131,-0.12818728,-0.037603676,-0.32498431,0.90243703,0.28282958,0
-0.04778266,0.16163905,-0.89560264,0.28313261,0.37818778,-0.88136816,0
-1.4919072,-0.052845597,-1.7800934,0.28313261,0.37818778,-0.88136816,0
0.45997024,0.10708284,-0.99818558,0.28313261,0.37818778,-0.88136816,0
-1.4212639,-1.1797799,-0.029062748,-0.28313261,-0.37818778,0.88136816,0
-1.0232221,-0.24743551,-1.6891476,0.28313261,0.37818778,-0.88136816,0
1.0446465,-0.58117545,0.84045613,0.32498431,-0.90243703,-0.28282958,0
0.033051133,0.04931673,-1.1188904,0.28313261,0.37818778,-0.88136816,0
0.84225386,0.7398845,1.0307777,-0.32498431,0.90243703,0.28282958,0
0.17498106,-0.073262073,-1.1652997,0.28313261,0.37818778,-0.88136816,0
-1.8793157,0.015308022,-1.161867,-0.90234196,-0.20635259,-0.37841445,0
-0.80914271,0.74293894,-1.0572869,0.28313261,0.37818778,-0.88136816,0
-0.2770552,-0.29742149,0.81821859,-0.28313261,-0.37818778,0.88136816,0
-1.6588044,-0.22997761,-1.0004352,-0.90234196,-0.20635259,-0.37841445,0
1.4670174,0.56016856,-0.22856718,0.28313261,0.37818778,-0.88136816,0
-1.870277,-0.25805464,-0.92276335,-0.90234196,-0.20635259,-0.37841445,0
-0.56731588,-0.44207078,-1.3064067,0.32498431,-0.90243703,-0.28282958,0
-0.23639959,-0.26017547,0.78251445,-0.28313261,-0.37818778,0.88136816,0
-1.0720965,0.19660348,-1.6139092,0.28313261,0.37818778,-0.88136816,0
-1.6475189,0.10619974,-0.9053961,-0.90234196,-0.20635259,-0.37841445,0
1.7403753,0.57017326,1.0339233,0.90234196,0.20635259,0.37841445,0
0.53555048,0.51613128,-0.9171077,0.28313261,0.37818778,-0.88136816,0
-0.10453144,0.72839093,-0.4347297,-0.32498431,0.90243703,0.28282958,0
0.51836663,0.0071670189,-0.61801296,0.32498431,-0.90243703,-0.28282958,0
-0.50276572,0.090027884,-1.0682075,0.28313261,0.37818778,-0.88136816,0
-0.0079305768,-0.49196464,-0.8009007,0.32498431,-0.90243703,-0.28282958,0
-1.8414185,0.1514352,-1.1610352,-0.90234196,-0.20635259,-0.37841445,0
-1.5081713,-0.81962305,-0.91956544,-0.90234196,-0.20635259,-0.37841445,0
1.3250237,0.1171104,-0.64736897,0.28313261,0.37818778,-0.88136816,0
-1.2389529,0.23303178,-0.25061333,-0.32498431,0.90243703,0.28282958,0
-1.8597717,-0.62222242,0.18560648,-0.28313261,-0.37818778,0.88136816,0
1.0813117,0.14463302,1.3736477,-0.28313261,-0.37818778,0.88136816,0
-1.7805967,-1.074861,0.17611599,-0.28313261,-0.37818778,0.88136816,0
-0.86624593,0.29308245,0.1906063,-0.32498431,0.90243703,0.28282958,0
2.2545447,0.14435837,0.01704514,0.90234196,0.20635259,0.37841445,0
-0.71895832,0.0094775707,0.2540172,-0.32498431,0.90243703,0.28282958,0
-1.0407784,0.095114067,0.85749346,-0.32498431,0.90243703,0.28282958,0
-1.7267859,-1.0597645,-0.02101016,-0.28313261,-0.37818778,0.88136816,0
0.54128182,0.64169109,0.29085022,-0.32498431,0.90243703,0.28282958,0
-1.6017466,-0.31614876,-1.495175,-0.90234196,-0.20635259,-0.37841445,0
0.85381722,0.02978836,-0.17922309,0.32498431,-0.90243703,-0.28282958,0
-1.9723599,-0.31450045,-0.25138736,-0.90234196,-0.20635259,-0.37841445,0
0.71580702,0.49675518,0.56301588,-0.32498431,0.90243703,0.28282958,0
0.78716671,-0.40523216,1.4347396,-0.28313261,-0.37818778,0.88136816,0
-0.53446436,-0.53526598,-0.59876907,0.32498431,-0.90243703,-0.28282958,0
1.7095836,0.39415845,1.257044,0.90234196,0.20635259,0.37841445,0
-0.970662,-0.31027046,-1.2610395,0.32498431,-0.90243703,-0.28282958,0
-1.2971911,0.38346833,-1.3848715,0.28313261,0.37818778,-0.88136816,0
-0.046005666,-0.96059835,0.69327605,-0.28313261,-0.37818778,0.88136816,0
1.6388164,0.39180493,0.91257501,0.90234196,0.20635259,0.37841445,0
-0.11279446,-0.50769264,0.76065558,-0.28313261,-0.37818778,0.88136816,0
0.78424489,-0.60841233,0.70223993,0.32498431,-0.90243703,-0.28282958,0
-0.24410778,0.70808661,-0.82835454,-0.32498431,0.90243703,0.28282958,0
-0.94935882,-0.15704145,-1.4358044,0.28313261,0.37818778,-0.88136816,0
0.6756556,0.64900494,0.58433819,-0.32498431,0.90243703,0.28282958,0
-1.7515454,-0.62405288,0.091543496,-0.28313261,-0.37818778,0.88136816,0
-2.2254941,-0.47292274,0.25339341,-0.28313261,-0.37818778,0.88136816,0
-0.7619797,0.47208703,-1.1779724,0.28313261,0.37818778,-0.88136816,0
1.1736379,-0.29555458,1.2413027,-0.28313261,-0.37818778,0.88136816,0
-1.4705563,-1.1865066,-0.030966938,0.32498431,-0.90243703,-0.28282958,0
-1.5682335,-0.3664152,-1.2290784,-0.90234196,-0.20635259,-0.37841445,0
-0.19833118,-0.31372267,0.91903919,-0.28313261,-0.37818778,0.88136816,0
1.5736061,0.01644522,-0.16030908,0.32498431,-0.90243703,-0.28282958,0
-1.9138763,-0.63548911,0.12662816,-0.90234196,-0.20635259,-0.37841445,0
-1.7475309,0.29908121,-1.4398708,0.28313261,0.37818778,-0.88136816,0
2.0556908,0.61743885,-0.046182275,0.28313261,0.37818778,-0.88136816,0
-1.73386,-0.67712927,0.40996337,-0.28313261,-0.37818778,0.88136816,0
1.0778607,0.8278352,-0.23988056,0.28313261,0.37818778,-0.88136816,0
-1.2964661,-0.81501889,0.2469745,-0.28313261,-0.37818778,0.88136816,0
2.1783886,0.441118,-0.35968566,0.28313261,0.37818778,-0.88136816,0
1.0609655,-0.30214304,1.1270655,-0.28313261,-0.37818778,0.88136816,0
-2.0067577,-1.1153071,-0.40089381,-0.90234196,-0.20635259,-0.37841445,0
1.0697434,-0.14820299,0.14678693,0.32498431,-0.90243703,-0.28282958,0
1.3479137,0.59703159,1.6727862,-0.28313261,-0.37818778,0.88136816,0
1.9915721,0.0057245493,0.4965868,0.90234196,0.20635259,0.37841445,0
-2.1512737,-0.57847536,-0.26385617,-0.90234196,-0.20635259,-0.37841445,0
2.077245,0.4310762,0.2074517,0.90234196,0.20635259,0.37841445,0
-0.6328752,-0.028459027,-1.5004442,0.28313261,0.37818778,-0.88136816,0
-2.0106473,-0.53499812,-0.14491451,-0.90234196,-0.20635259,-0.37841445,0
-1.5323402,-0.3814505,-1.6615382,-0.90234196,-0.20635259,-0.37841445,0
0.21632634,-0.48187855,0.2079819,0.32498431,-0.90243703,-0.28282958,0
0.011085868,-0.085947551,0.94168854,-0.28313261,-0.37818778,0.88136816,0
-0.84886193,-0.19811507,0.7147373,-0.28313261,-0.37818778,0.88136816,0
-0.78746998,0.39751494,-1.1150255,0.28313261,0.37818778,-0.88136816,0
-1.0872937,0.3467434,-0.20792896,-0.32498431,0.90243703,0.28282958,0
1.7848907,0.31107289,0.47167134,0.90234196,0.20635259,0.37841445,0
1.0201998,0.70486522,-0.28629455,0.28313261,0.37818778,-0.88136816,0
-1.1542585,-0.98141193,0.28043976,-0.28313261,-0.37818778,0.88136816,0
0.87806374,-0.51836926,0.73986721,0.32498431,-0.90243703,-0.28282958,0
-0.90005189,-0.95663106,0.42321128,-0.28313261,-0.37818778,0.88136816,0
0.99128211,0.37190199,-0.51098502,0.28313261,0.37818778,-0.88136816,0
1.4931029,0.028003216,1.1940327,0.90234196,0.20635259,0.37841445,0
-1.5118315,-0.90957266,-1.0053341,-0.90234196,-0.20635259,-0.37841445,0
1.0115342,0.92395854,-0.2563414,0.28313261,0.37818778,-0.88136816,0
-0.30165449,0.72267842,-0.85522246,-0.32498431,0.90243703,0.28282958,0
-2.0365632,-0.55874383,-0.054486275,-0.90234196,-0.20635259,-0.37841445,0
1.3379648,0.019135475,0.064532816,0.32498431,-0.90243703,-0.28282958,0
-1.95535,-0.30448252,-0.11304641,-0.90234196,-0.20635259,-0.37841445,0
0.3238838,0.52543885,0.48588634,-0.32498431,0.90243703,0.28282958,0
0.009190321,0.54568034,-0.85835481,0.28313261,0.37818778,-0.88136816,0
1.8850191,0.056658298,0.76819634,0.90234196,0.20635259,0.37841445,0
-1.5485598,-0.47421062,-0.85561228,-0.90234196,-0.20635259,-0.37841445,0
-1.2522442,-0.88512552,-0.24320585,0.32498431,-0.90243703,-0.28282958,0
0.2516107,-0.35313812,-0.33688617,0.32498431,-0.90243703,-0.28282958,0
-0.2476576,-0.21416166,1.1484307,-0.28313261,-0.37818778,0.88136816,0
1.4865528,0.95629549,0.29411936,-0.32498431,0.90243703,0.28282958,0
-1.7857044,0.12460554,-0.79327035,-0.90234196,-0.20635259,-0.37841445,0
1.5229995,0.24100386,1.5013548,-0.28313261,-0.37818778,0.88136816,0
-0.92727894,-0.99004948,0.38709122,-0.28313261,-0.37818778,0.88136816,0
1.5155416,-0.34397647,1.5853063,0.90234196,0.20635259,0.37841445,0
1.7607599,-0.31870043,1.2404369,0.90234196,0.20635259,0.37841445,0
-1.24781,-0.32085204,-1.7460415,0.32498431,-0.90243703,-0.28282958,0
2.0317385,0.33925205,0.45356035,0.90234196,0.20635259,0.37841445,0
1.0652492,0.66995603,-0.51731384,0.28313261,0.37818778,-0.88136816,0
-1.6437923,-0.38065979,-1.3905822,-0.90234196,-0.20635259,-0.37841445,0
1.859133,0.51516747,0.80462539,0.90234196,0.20635259,0.37841445,0
1.8998767,0.92568254,0.22419715,0.90234196,0.20635259,0.37841445,0
-1.5741467,-0.052592844,-0.34366333,-0.32498431,0.90243703,0.28282958,0
-0.50587124,0.5414722,0.12587024,-0.32498431,0.90243703,0.28282958,0
1.6215743,0.37006301,1.0330995,0.90234196,0.20635259,0.37841445,0
1.8792371,0.82141596,0.52140975,0.90234196,0.20635259,0.37841445,0
0.37606138,-0.24515916,-0.76687294,0.32498431,-0.90243703,-0.28282958,0
0.93640864,-0.25145796,1.2889184,-0.28313261,-0.37818778,0.88136816,0
-0.068973362,0.073320605,-1.2138219,0.28313261,0.37818778,-0.88136816,0
0.023831844,0.17029265,1.0664889,-0.28313261,-0.37818778,0.88136816,0
2.2920814,0.54018784,-0.27435803,0.90234196,0.20635259,0.37841445,0
0.6261605,1.0399282,-0.17320794,-0.32498431,0.90243703,0.28282958,0
-0.43369183,-0.83288699,-0.25140339,0.32498431,-0.90243703,-0.28282958,0
-0.58776253,-0.17148529,-1.3914318,0.28313261,0.37818778,-0.88136816,0
-0.9447577,-0.88515627,-0.42422652,0.32498431,-0.90243703,-0.28282958,0
1.1425697,0.53014165,1.0809124,-0.32498431,0.90243703,0.28282958,0
-0.0064801574,-0.12147927,-0.78116632,0.32498431,-0.90243703,-0.28282958,0
-1.8610831,-0.19171298,-0.32008064,-0.90234196,-0.20635259,-0.37841445,0
-1.6825109,-0.74934268,-1.119468,-0.90234196,-0.20635259,-0.37841445,0
-1.5080978,-0.033425063,-1.2774761,-0.90234196,-0.20635259,-0.37841445,0
-0.58761466,-0.14110529,-1.1650335,0.28313261,0.37818778,-0.88136816,0
-0.53881562,-0.82632953,0.20215227,0.32498431,-0.90243703,-0.28282958,0
-0.16220558,-0.087023653,1.1907911,-0.28313261,-0.37818778,0.88136816,0
0.98525429,0.077693418,-0.61210823,0.32498431,-0.90243703,-0.28282958,0
1.9871855,0.84596872,0.5852325,0.90234196,0.20635259,0.37841445,0
-1.1658514,-0.22500879,0.56845093,-0.32498431,0.90243703,0.28282958,0
1.6403105,0.61441314,0.69506168,0.90234196,0.20635259,0.37841445,0
-1.7553225,0.073731124,-1.1695815,-0.90234196,-0.20635259,-0.37841445,0
0.090768754,-0.033165682,-1.2966175,0.28313261,0.37818778,-0.88136816,0
1.5451915,0.99575919,-0.045629144,-0.32498431,0.90243703,0.28282958,0
1.5805762,-0.20266855,0.897102,0.32498431,-0.90243703,-0.28282958,0
0.26506487,-0.28656721,-0.18574336,0.32498431,-0.90243703,-0.28282958,0
1.5404422,0.75897652,1.0676427,-0.32498431,0.90243703,0.28282958,0
-1.8603539,-0.45568916,0.18783092,-0.28313261,-0.37818778,0.88136816,0
-0.13287008,-0.64845693,0.66450399,-0.28313261,-0.37818778,0.88136816,0
1.6649957,1.0959568,0.85966468,0.90234196,0.20635259,0.37841445,0
-1.633473,-0.096235603,0.64535725,-0.32498431,0.90243703,0.28282958,0
-1.4250709,-0.36808011,0.70130521,-0.28313261,-0.37818778,0.88136816,0
-0.41912729,-0.71634096,0.64553934,0.32498431,-0.90243703,-0.28282958,0
-0.85832989,-0.3980386,-1.1679444,0.32498431,-0.90243703,-0.28282958,0
-1.772063,-0.66651839,0.14481902,-0.28313261,-0.37818778,0.88136816,0
-1.2460625,-0.72658145,0.38702574,-0.28313261,-0.37818778,0.88136816,0
0.73172486,0.82245874,0.2682904,-0.32498431,0.90243703,0.28282958,0
-1.7028415,-0.011651635,-1.2704188,-0.90234196,-0.20635259,-0.37841445,0
1.7482656,0.38830826,0.4492265,0.90234196,0.20635259,0.37841445,0
-0.4595415,0.27598375,0.02028954,-0.32498431,0.90243703,0.28282958,0
0.30003414,-0.10310445,1.0247217,-0.28313261,-0.37818778,0.88136816,0
-1.7444458,-0.015199751,-1.1761693,-0.90234196,-0.20635259,-0.37841445,0
-1.1700952,0.43845409,-0.89927417,-0.32498431,0.90243703,0.28282958,0
1.5854676,0.23631857,1.189521,0.90234196,0.20635259,0.37841445,0
0.86167789,0.68913996,0.13370585,-0.32498431,0.90243703,0.28282958,0
1.7751665,1.0198442,-0.022672534,0.90234196,0.20635259,0.37841445,0
1.11497,-0.2805599,-0.058976352,0.32498431,-0.90243703,-0.28282958,0
-1.9611294,-1.0078082,0.12802219,-0.28313261,-0.37818778,0.88136816,0
0.74995846,-0.18547875,1.4492764,-0.28313261,-0.37818778,0.88136816,0
0.41009897,-0.43300611,1.1832397,-0.28313261,-0.37818778,0.88136816,0
0.59220695,0.3857879,0.82088208,-0.32498431,0.90243703,0.28282958,0
-1.8724858,-0.83224535,0.025455475,-0.28313261,-0.37818778,0.88136816,0
-0.89382184,-0.049099728,0.84195292,-0.32498431,0.90243703,0.28282958,0
0.86939883,0.17925882,1.5105346,-0.28313261,-0.37818778,0.88136816,0
-0.78526008,-0.50001222,-0.53722942,0.32498431,-0.90243703,-0.28282958,0
-2.1879735,-0.39158329,-0.28680003,-0.90234196,-0.20635259,-0.37841445,0
-0.78735483,-0.9353717,-0.16118264,0.32498431,-0.90243703,-0.28282958,0
-0.92031586,0.040651441,0.22335935,-0.32498431,0.90243703,0.28282958,0
1.1030307,0.88571483,-0.54963189,0.28313261,0.37818778,-0.88136816,0
-0.11546171,0.78544706,-1.0206672,0.28313261,0.37818778,-0.88136816,0
0.28773028,0.76123232,-0.61096847,0.28313261,0.37818778,-0.88136816,0
-1.3976271,0.16640642,-1.0564965,-0.32498431,0.90243703,0.28282958,0
-0.1761263,0.35251734,0.2744202,-0.32498431,0.90243703,0.28282958,0
0.26149741,-0.44818735,0.97788328,-0.28313261,-0.37818778,0.88136816,0
0.9050982,1.0631299,-0.55688924,0.28313261,0.37818778,-0.88136816,0
-2.0971961,-0.66130364,-0.36322272,-0.90234196,-0.20635259,-0.37841445,0
1.0349681,0.24590674,1.5252988,-0.28313261,-0.37818778,0.88136816,0
1.8297979,0.14914018,1.0961319,0.90234196,0.20635259,0.37841445,0
1.7601504,0.18106061,0.84600306,0.90234196,0.20635259,0.37841445,0
1.6787343,-0.018746823,0.81796491,0.90234196,0.20635259,0.37841445,0
-0.51520097,0.038955122,-1.2326665,0.28313261,0.37818778,-0.88136816,0
0.24348538,-0.43040082,-0.42613739,0.32498431,-0.90243703,-0.28282958,0
-0.04060781,-0.004435949,-1.1736214,0.28313261,0.37818778,-0.88136816,0
-1.5135636,-0.6185891,0.41329247,-0.28313261,-0.37818778,0.88136816,0
0.62940413,0.66341716,-0.44368607,0.28313261,0.37818778,-0.88136816,0
-0.56044698,-0.91931236,0.46518224,0.32498431,-0.90243703,-0.28282958,0
-0.85590333,0.48273894,-1.0969251,-0.32498431,0.90243703,0.28282958,0
0.36292365,-0.41114163,0.86257577,-0.28313261,-0.37818778,0.88136816,0
1.433125,0.59890079,-0.63935745,0.28313261,0.37818778,-0.88136816,0
-1.7197534,-0.76148951,-1.0694754,-0.90234196,-0.20635259,-0.37841445,0
-1.536777,-0.68754256,-0.98358333,-0.90234196,-0.20635259,-0.37841445,0
1.2329018,0.315198,-0.736404,0.28313261,0.37818778,-0.88136816,0
-0.28368852,-0.6898005,-0.19321635,0.32498431,-0.90243703,-0.28282958,0
1.112031,-0.073913366,-0.58458412,0.28313261,0.37818778,-0.88136816,0
2.0859368,0.29781872,-0.19221795,0.28313261,0.37818778,-0.88136816,0
-1.7185161,-0.47808564,-1.1802132,-0.90234196,-0.20635259,-0.37841445,0
-0.65348387,-1.042115,0.13163234,0.32498431,-0.90243703,-0.28282958,0
1.8244456,0.098358303,1.0535356,0.90234196,0.20635259,0.37841445,0
1.2868437,0.57605314,-0.49342287,0.28313261,0.37818778,-0.88136816,0
-1.5557432,-0.59440267,-1.229882,0.32498431,-0.90243703,-0.28282958,0
0.44728386,-0.32607687,1.0427511,-0.28313261,-0.37818778,0.88136816,0
0.6959601,0.24872446,-0.725577,0.28313261,0.37818778,-0.88136816,0
1.5319186,0.97026169,0.8199023,0.90234196,0.20635259,0.37841445,0
0.59861434,0.68708229,0.0096357465,-0.32498431,0.90243703,0.28282958,0
-2.0002713,-0.45500726,-0.15619695,-0.90234196,-0.20635259,-0.37841445,0
0.85987508,0.099352539,1.3332007,-0.28313261,-0.37818778,0.88136816,0
-2.0366955,-0.76422882,0.054735184,-0.28313261,-0.37818778,0.88136816,0
-2.1099389,-0.19367984,0.2392143,-0.90234196,-0.20635259,-0.37841445,0
1.7763634,0.35401213,1.3480103,0.90234196,0.20635259,0.37841445,0
-1.1523342,-0.71685898,0.60136402,-0.28313261,-0.37818778,0.88136816,0
-1.1121314,0.16416022,-0.35188937,-0.32498431,0.90243703,0.28282958,0
-1.7743707,-0.15550563,-0.31844115,-0.32498431,0.90243703,0.28282958,0
-1.8797429,-0.0041267872,-0.55716395,-0.90234196,-0.20635259,-0.37841445,0
-1.8513008,-1.159876,-0.27831328,-0.90234196,-0.20635259,-0.37841445,0
1.7069852,1.1125175,0.42303395,0.90234196,0.20635259,0.37841445,0
-1.9350685,-0.066700757,-1.0467541,-0.90234196,-0.20635259,-0.37841445,0
-0.028546259,0.76535392,-0.10503381,-0.32498431,0.90243703,0.28282958,0
-1.4587343,-0.72056413,-1.1205238,-0.90234196,-0.20635259,-0.37841445,0
2.0941691,0.02167803,-0.037352324,0.32498431,-0.90243703,-0.28282958,0
-1.3413874,-0.91568857,-0.19716907,0.32498431,-0.90243703,-0.28282958,0
0.99125528,0.035256654,1.3926373,-0.28313261,-0.37818778,0.88136816,0
1.5194181,-0.33969373,0.63966715,0.32498431,-0.90243703,-0.28282958,0
-1.4424779,-0.28961867,-1.3771409,-0.90234196,-0.20635259,-0.37841445,0
-1.8471857,-0.34352356,-0.42944181,-0.90234196,-0.20635259,-0.37841445,0
1.5523105,-0.33384153,1.5830163,-0.28313261,-0.37818778,0.88136816,0
-1.5852613,-0.92450249,-0.67907977,-0.90234196,-0.20635259,-0.37841445,0
-0.64487678,-0.5400334,-1.2560439,0.32498431,-0.90243703,-0.28282958,0
-1.2574213,-1.1928903,-0.023975432,0.32498431,-0.90243703,-0.28282958,0
0.70288283,-0.14867996,-0.3930586,0.32498431,-0.90243703,-0.28282958,0
-0.67308027,0.57883543,-1.2503781,0.28313261,0.37818778,-0.88136816,0
-0.58508337,0.19619216,-1.2745736,0.28313261,0.37818778,-0.88136816,0
-0.56602848,0.03587465,-1.3465917,0.28313261,0.37818778,-0.88136816,0
0.17015857,0.6455816,-0.66077256,0.28313261,0.37818778,-0.88136816,0
0.185498,-0.4232609,-0.89623535,0.32498431,-0.90243703,-0.28282958,0
0.92930895,0.030602247,-0.5282262,0.32498431,-0.90243703,-0.28282958,0
1.8262291,-0.16180521,1.3133346,0.90234196,0.20635259,0.37841445,0
-1.1905956,-0.31904504,-1.5446903,0.28313261,0.37818778,-0.88136816,0
-0.37576199,-0.085159361,1.1208429,-0.28313261,-0.37818778,0.88136816,0
1.7243475,0.77017641,1.2396562,0.90234196,0.20635259,0.37841445,0
1.2738014,1.0237288,-0.14942044,-0.32498431,0.90243703,0.28282958,0
0.07071805,-0.068433248,1.1603906,-0.28313261,-0.37818778,0.88136816,0
-0.65960968,0.32118553,0.23098466,-0.32498431,0.90243703,0.28282958,0
1.5641477,0.54875398,-0.41097054,0.28313261,0.37818778,-0.88136816,0
-0.89741623,-0.12325713,-1.4865751,0.28313261,0.37818778,-0.88136816,0
1.6207201,0.37665358,0.71724188,0.90234196,0.20635259,0.37841445,0
1.2994621,0.57821882,-0.4515411,0.28313261,0.37818778,-0.88136816,0
0.73062634,0.24383421,-0.67292404,0.28313261,0.37818778,-0.88136816,0
1.6683326,0.31745094,0.81775165,0.90234196,0.20635259,0.37841445,0
0.35331762,0.29493731,-0.67162043,0.28313261,0.37818778,-0.88136816,0
0.015005141,-0.2668339,-0.29913113,0.32498431,-0.90243703,-0.28282958,0
-0.93531227,-0.4399336,0.79300106,-0.28313261,-0.37818778,0.88136816,0
0.16553533,0.059672456,1.4025476,-0.32498431,0.90243703,0.28282958,0
1.2256846,0.84114844,-0.60459924,0.28313261,0.37818778,-0.88136816,0
-0.76060253,-0.27619588,0.6875366,-0.28313261,-0.37818778,0.88136816,0
-1.8303683,-0.83358514,0.39585501,-0.28313261,-0.37818778,0.88136816,0
0.80807596,-0.71826172,1.0981326,0.32498431,-0.90243703,-0.28282958,0
1.9017712,0.08511892,0.45097518,0.90234196,0.20635259,0.37841445,0
-2.2625823,-0.3342174,0.40144396,-0.90234196,-0.20635259,-0.37841445,0
1.7859895,0.0874964,1.3824544,0.90234196,0.20635259,0.37841445,0
-1.5179085,-0.53036159,-0.8886131,-0.90234196,-0.20635259,-0.37841445,0
-1.662536,-1.0173316,-0.60856164,0.32498431,-0.90243703,-0.28282958,0
2.0571377,0.12363312,-0.34219468,0.32498431,-0.90243703,-0.28282958,0
0.28624749,0.75538087,0.051500022,-0.32498431,0.90243703,0.28282958,0
1.1535056,0.75135612,0.064801097,-0.32498431,0.90243703,0.28282958,0
2.209456,0.61436814,-0.13429523,0.90234196,0.20635259,0.37841445,0
1.1680663,0.4852396,1.5216153,-0.28313261,-0.37818778,0.88136816,0
1.839124,0.098624945,0.67303383,0.90234196,0.20635259,0.37841445,0
1.6775407,-0.12829536,0.52750862,0.32498431,-0.90243703,-0.28282958,0
1.5374763,0.099751085,1.4949169,0.90234196,0.20635259,0.37841445,0
-0.40956843,0.21897772,-1.1913334,0.28313261,0.37818778,-0.88136816,0
-1.222381,-0.99316204,-0.31691891,0.32498431,-0.90243703,-0.28282958,0
1.9493698,0.41482955,0.71475351,0.90234196,0.20635259,0.37841445,0
-0.85008001,-0.47012961,0.45377049,-0.28313261,-0.37818778,0.88136816,0
1.1449552,0.87833929,0.13438827,-0.32498431,0.90243703,0.28282958,0
-1.5560118,-0.41795591,0.33429599,-0.28313261,-0.37818778,0.88136816,0
-2.0964131,0.016644776,-0.58890605,-0.90234196,-0.20635259,-0.37841445,0
0.33656561,0.52008665,1.086755,-0.32498431,0.90243703,0.28282958,0
0.96462536,1.1410004,-0.28619209,0.28313261,0.37818778,-0.88136816,0
-1.333413,0.27977949,-0.60628599,-0.32498431,0.90243703,0.28282958,0
-1.4280126,-0.06880039,-1.662523,-0.90234196,-0.20635259,-0.37841445,0
-0.96345621,0.49100149,-0.4840976,-0.32498431,0.90243703,0.28282958,0
1.9173185,0.0027064681,0.24466133,0.90234196,0.20635259,0.37841445,0
-1.1633399,-0.34577626,-1.5876088,0.28313261,0.37818778,-0.88136816,0
-0.26056471,0.6478132,-0.40813446,-0.32498431,0.90243703,0.28282958,0
1.5054908,0.90215015,1.3050014,-0.32498431,0.90243703,0.28282958,0
-0.25727922,-0.5709914,-0.064981341,0.32498431,-0.90243703,-0.28282958,0
2.2444899,0.46566308,-0.36339396,0.28313261,0.37818778,-0.88136816,0
-1.2898817,0.46764991,-1.4654257,-0.32498431,0.90243703,0.28282958,0
-1.7537324,-1.0209203,-0.12836421,-0.90234196,-0.20635259,-0.37841445,0
-1.7545059,-0.6723327,-1.141013,-0.90234196,-0.20635259,-0.37841445,0
1.3786726,0.1158953,1.483837,0.90234196,0.20635259,0.37841445,0
-0.79694206,-0.70517665,-0.66220307,0.32498431,-0.90243703,-0.28282958,0
0.086328685,0.2255363,0.63652939,-0.32498431,0.90243703,0.28282958,0
-1.7175028,0.3566047,-1.5700046,-0.32498431,0.90243703,0.28282958,0
1.0564222,0.69698328,0.12447548,-0.32498431,0.90243703,0.28282958,0
-0.71514094,-0.83346879,0.68990451,-0.28313261,-0.37818778,0.88136816,0
1.5525727,0.30357271,0.94778645,0.90234196,0.20635259,0.37841445,0
-1.6261365,-0.46200174,-1.2397815,-0.90234196,-0.20635259,-0.37841445,0
-0.19095701,0.57261926,-0.45425963,-0.32498431,0.90243703,0.28282958,0
2.0252781,0.6419726,0.11849177,0.90234196,0.20635259,0.37841445,0
0.18617696,-0.61755091,1.0803843,-0.28313261,-0.37818778,0.88136816,0
0.46725979,0.50974488,0.17025459,-0.32498431,0.90243703,0.28282958,0
1.7431905,0.21066609,1.3674115,0.90234196,0.20635259,0.37841445,0
-1.8469834,-0.35461119,-0.16768384,-0.90234196,-0.20635259,-0.37841445,0
1.4872206,0.74261963,-0.33196622,0.28313261,0.37818778,-0.88136816,0
-1.5890861,-0.046292096,-0.9649775,-0.90234196,-0.20635259,-0.37841445,0
0.33692196,0.30850059,0.88992029,-0.32498431,0.90243703,0.28282958,0
1.9562726,0.088882357,0.73553908,0.32498431,-0.90243703,-0.28282958,0
-1.1338934,0.029339701,-1.2803202,0.28313261,0.37818778,-0.88136816,0
1.5330324,-0.069556028,1.3546596,0.90234196,0.20635259,0.37841445,0
1.6536278,-0.20179468,0.27612019,0.32498431,-0.90243703,-0.28282958,0
-2.3164704,-0.39458945,0.14752018,-0.90234196,-0.20635259,-0.37841445,0
-1.6987102,-0.1380505,-1.1147919,-0.90234196,-0.20635259,-0.37841445,0
1.8792939,0.49011368,0.29962873,0.90234196,0.20635259,0.37841445,0
-0.50119233,0.66845989,-0.9119876,0.28313261,0.37818778,-0.88136816,0
-2.0843236,-0.82278872,0.10836887,-0.90234196,-0.20635259,-0.37841445,0
0.28271568,0.39139539,-1.0886815,0.28313261,0.37818778,-0.88136816,0
1.1017531,-0.22764242,1.2364264,-0.28313261,-0.37818778,0.88136816,0
-1.5051821,-0.71196127,-0.86461639,-0.90234196,-0.20635259,-0.37841445,0
0.78308612,0.031706944,1.5195992,-0.28313261,-0.37818778,0.88136816,0
0.49311194,-0.41147804,0.39533836,0.32498431,-0.90243703,-0.28282958,0
-1.4181283,0.31852829,-1.3992815,0.28313261,0.37818778,-0.88136816,0
0.32209116,-0.079185218,-0.79250032,0.32498431,-0.90243703,-0.28282958,0
1.429871,0.18000366,1.2929006,0.90234196,0.20635259,0.37841445,0
-1.7997067,-0.0033277273,-1.0386953,-0.90234196,-0.20635259,-0.37841445,0
-2.1499226,-0.53299892,0.12936902,-0.90234196,-0.20635259,-0.37841445,0
-0.72496903,-0.79427099,0.12161529,0.32498431,-0.90243703,-0.28282958,0
1.5476623,0.52173948,1.4648274,0.90234196,0.20635259,0.37841445,0
1.3836375,0.274113,-0.4409804,0.28313261,0.37818778,-0.88136816,0
-1.0834665,-0.57226145,0.37893295,-0.28313261,-0.37818778,0.88136816,0
-0.87911558,0.35784456,-0.53392982,-0.32498431,0.90243703,0.28282958,0
1.7553575,0.84311998,-0.37480611,0.28313261,0.37818778,-0.88136816,0
-0.053200603,0.39314643,1.00427,-0.32498431,0.90243703,0.28282958,0
-1.419656,-0.38826963,0.6596877,-0.28313261,-0.37818778,0.88136816,0
-0.70571887,-0.099403411,-1.1898987,0.28313261,0.37818778,-0.88136816,0
0.93860286,-0.44675687,0.58650243,0.32498431,-0.90243703,-0.28282958,0
0.92931408,0.12932372,-0.5883441,0.28313261,0.37818778,-0.88136816,0
-0.035185814,0.47820026,-0.82854354,0.28313261,0.37818778,-0.88136816,0
2.0448089,1.0086725,0.23914707,0.90234196,0.20635259,0.37841445,0
1.9578849,1.2388998,0.41182494,0.90234196,0.20635259,0.37841445,0
-1.3391228,-0.031007588,0.48550087,-0.32498431,0.90243703,0.28282958,0
-1.746634,0.029952347,-1.144536,-0.90234196,-0.20635259,-0.37841445,0
-1.722082,-0.63833803,-0.63670635,-0.90234196,-0.20635259,-0.37841445,0
-2.032722,-0.62051356,-0.0019825697,-0.90234196,-0.20635259,-0.37841445,0
-0.7692762,-0.77753901,0.60547745,-0.28313261,-0.37818778,0.88136816,0
-0.9477722,-0.58991683,0.54909903,-0.28313261,-0.37818778,0.88136816,0
0.86967969,0.75142324,-0.6739651,0.28313261,0.37818778,-0.88136816,0
-2.090363,-0.46764162,0.25494301,-0.28313261,-0.37818778,0.88136816,0
-1.7429862,0.00056636333,-1.1925967,-0.90234196,-0.20635259,-0.37841445,0
1.9321625,0.45547029,0.27665794,0.90234196,0.20635259,0.37841445,0
-2.2554994,0.0019037127,-0.37591863,-0.90234196,-0.20635259,-0.37841445,0
0.83412445,0.67691863,1.2311566,-0.32498431,0.90243703,0.28282958,0
-2.0228741,-0.91395581,0.2016359,-0.28313261,-0.37818778,0.88136816,0
1.6268911,1.3005453,-0.17160082,-0.32498431,0.90243703,0.28282958,0
1.1833324,-0.29564273,1.2617674,-0.28313261,-0.37818778,0.88136816,0
-0.17263095,-0.30277792,-0.46122169,0.32498431,-0.90243703,-0.28282958,0
1.9662871,0.76810187,0.1941061,0.90234196,0.20635259,0.37841445,0
1.9748839,0.82003683,0.21261966,0.90234196,0.20635259,0.37841445,0
0.070447862,-0.52281171,0.65030587,0.32498431,-0.90243703,-0.28282958,0
-2.1081121,-0.57067549,-0.26679921,-0.90234196,-0.20635259,-0.37841445,0
1.6477115,0.47210082,1.4007957,0.90234196,0.20635259,0.37841445,0
1.1471938,0.39075547,-0.73187983,0.28313261,0.37818778,-0.88136816,0
