-0.5043487,-0.45185632,1.0040381,-0.576446,-0.79758608,-0.17766923,0
2.3525269,-1.1526389,-2.8262072,0.54278821,-0.21121871,-0.81287611,0
-2.7085404,1.0069747,2.8600535,-0.54278821,0.21121871,0.81287611,0
1.7605516,-0.77397287,-3.7171385,0.54278821,-0.21121871,-0.81287611,0
0.47711509,0.4300786,-1.1846001,0.576446,0.79758608,0.17766923,0
2.453994,-1.5900269,-2.6826229,0.54278821,-0.21121871,-0.81287611,0
2.1166945,-0.53572631,-3.538552,0.54278821,-0.21121871,-0.81287611,0
0.50551999,-1.0996269,-0.39101458,-0.576446,-0.79758608,-0.17766923,0
0.59922767,-0.017051369,-2.5429614,-0.61081159,0.56501597,-0.55467647,0
1.3626682,-1.098821,-1.4341911,-0.576446,-0.79758608,-0.17766923,0
1.0542842,-0.47787118,0.32105711,0.61081159,-0.56501597,0.55467647,0
-1.1148919,0.0080972314,2.9242036,0.61081159,-0.56501597,0.55467647,0
-2.0465035,0.11566293,3.3430176,-0.54278821,0.21121871,0.81287611,0
-1.4141216,1.0702641,0.49655297,-0.61081159,0.56501597,-0.55467647,0
2.4574244,-0.97410262,-3.0662556,0.54278821,-0.21121871,-0.81287611,0
1.4590369,-0.37769902,-3.7807908,0.54278821,-0.21121871,-0.81287611,0
2.1413841,-1.1673462,-1.643553,0.61081159,-0.56501597,0.55467647,0
-2.9059801,0.99239492,2.6796947,-0.61081159,0.56501597,-0.55467647,0
1.6431916,-1.2772045,-1.3486979,-0.576446,-0.79758608,-0.17766923,0
2.4790595,-1.0264164,-1.6180121,0.61081159,-0.56501597,0.55467647,0
-1.5947603,0.51924121,3.7956498,-0.54278821,0.21121871,0.81287611,0
2.4650347,-0.66464001,-2.3339016,0.576446,0.79758608,0.17766923,0
2.0081525,-0.3054702,-3.0635993,0.576446,0.79758608,0.17766923,0
1.084234,-0.57495677,-2.9606001,-0.576446,-0.79758608,-0.17766923,0
1.5280478,-1.1235125,-3.1773863,-0.576446,-0.79758608,-0.17766923,0
1.2519695,-0.0088332295,-3.1192033,-0.61081159,0.56501597,-0.55467647,0
-1.8096499,0.94172633,3.4204636,-0.54278821,0.21121871,0.81287611,0
2.6484451,-0.97822571,-2.7133312,0.54278821,-0.21121871,-0.81287611,0
2.5479603,-0.79899228,-2.2390759,0.576446,0.79758608,0.17766923,0
-2.7743022,0.8382358,2.8595467,-0.54278821,0.21121871,0.81287611,0
2.5998602,-1.6137545,-2.7155213,0.54278821,-0.21121871,-0.81287611,0
-2.1744108,0.31775141,3.3367076,-0.54278821,0.21121871,0.81287611,0
1.1297208,-1.1021353,-0.76049608,0.61081159,-0.56501597,0.55467647,0
-2.0056322,1.2853262,1.4705744,-0.61081159,0.56501597,-0.55467647,0
0.18018369,0.61122513,-1.5315452,-0.61081159,0.56501597,-0.55467647,0
-0.23208223,-0.32768267,-0.91205412,-0.576446,-0.79758608,-0.17766923,0
-1.115575,0.78015113,0.51392305,-0.61081159,0.56501597,-0.55467647,0
-1.7471418,1.3533556,2.1612384,0.576446,0.79758608,0.17766923,0
-1.8245406,1.3013637,3.2312911,-0.54278821,0.21121871,0.81287611,0
2.1691475,-1.6966718,-3.0132308,0.54278821,-0.21121871,-0.81287611,0
-1.3433921,0.82747412,3.6884713,-0.54278821,0.21121871,0.81287611,0
2.2758777,-0.62279993,-3.2843032,0.54278821,-0.21121871,-0.81287611,0
-0.84638369,0.73672748,0.17786081,-0.61081159,0.56501597,-0.55467647,0
2.5337176,-1.3267362,-3.0757546,0.54278821,-0.21121871,-0.81287611,0
-1.4045985,-0.072761536,2.5535755,-0.576446,-0.79758608,-0.17766923,0
-1.3688318,0.58999872,0.59008777,-0.61081159,0.56501597,-0.55467647,0
2.9895086,-1.256065,-2.4648964,0.61081159,-0.56501597,0.55467647,0
2.6983135,-0.79972303,-1.6935694,0.61081159,-0.56501597,0.55467647,0
-2.9518185,1.1448952,2.6749589,-0.54278821,0.21121871,0.81287611,0
0.037496418,0.30492228,-1.7020261,-0.61081159,0.56501597,-0.55467647,0
1.7461514,-0.56675738,-3.801295,0.54278821,-0.21121871,-0.81287611,0
-2.6826653,1.3460608,2.854682,-0.54278821,0.21121871,0.81287611,0
0.070672363,-0.61694056,1.3624089,0.61081159,-0.56501597,0.55467647,0
0.1491825,-0.77656311,0.92024422,0.61081159,-0.56501597,0.55467647,0
2.5225933,-1.4786394,-2.8575277,0.54278821,-0.21121871,-0.81287611,0
-1.1014371,0.31284672,-0.084996857,-0.61081159,0.56501597,-0.55467647,0
-0.63427746,0.91291273,1.1917667,0.576446,0.79758608,0.17766923,0
1.9802153,-0.3411774,-2.538527,0.576446,0.79758608,0.17766923,0
-0.7587744,0.55089837,-0.12148098,-0.61081159,0.56501597,-0.55467647,0
-2.0896988,0.6005283,2.0553832,-0.576446,-0.79758608,-0.17766923,0
-0.045575052,0.17847376,-1.8357298,-0.61081159,0.56501597,-0.55467647,0
-2.579859,1.6253834,2.7431529,-0.54278821,0.21121871,0.81287611,0
-1.4865115,0.83957058,3.541173,-0.54278821,0.21121871,0.81287611,0
-2.0811961,0.90814102,1.1277155,-0.61081159,0.56501597,-0.55467647,0
0.92873555,-0.93412602,-1.220402,-0.576446,-0.79758608,-0.17766923,0
0.028317243,-0.63163966,1.0295937,0.61081159,-0.56501597,0.55467647,0
-1.5221248,1.3588459,1.4686664,0.576446,0.79758608,0.17766923,0
1.6375221,-0.92088318,-0.72862536,0.61081159,-0.56501597,0.55467647,0
-2.8148921,0.67494142,3.0921731,-0.54278821,0.21121871,0.81287611,0
-2.0153987,0.79903644,3.2472184,-0.54278821,0.21121871,0.81287611,0
-0.57264602,0.6548149,-0.36390758,-0.61081159,0.56501597,-0.55467647,0
-2.5764387,1.2994211,2.1700702,-0.61081159,0.56501597,-0.55467647,0
-1.6827582,1.5508056,2.0235915,0.576446,0.79758608,0.17766923,0
-1.5058481,0.67082065,3.586503,-0.54278821,0.21121871,0.81287611,0
-0.28222394,-0.75072563,1.3051784,0.61081159,-0.56501597,0.55467647,0
-0.40943825,1.0631599,0.30957389,0.576446,0.79758608,0.17766923,0
1.2938581,-0.2085076,-3.7935653,-0.61081159,0.56501597,-0.55467647,0
1.223893,0.098204553,-2.3236158,0.576446,0.79758608,0.17766923,0
-1.6615998,0.60103196,0.94762903,-0.576446,-0.79758608,-0.17766923,0
-1.9004669,0.27091801,3.5507443,-0.54278821,0.21121871,0.81287611,0
-1.2117172,1.2012888,0.48227918,-0.61081159,0.56501597,-0.55467647,0
-2.7123342,1.0084146,2.2846477,-0.61081159,0.56501597,-0.55467647,0
-1.7796632,1.0102015,3.705482,-0.54278821,0.21121871,0.81287611,0
-2.227093,0.19221896,3.1479714,-0.54278821,0.21121871,0.81287611,0
-1.9351978,1.5830187,1.6941562,-0.61081159,0.56501597,-0.55467647,0
1.1747556,0.17704004,-3.092891,-0.61081159,0.56501597,-0.55467647,0
0.21951254,0.19595942,0.6117816,0.576446,0.79758608,0.17766923,0
2.7318811,-1.2597736,-2.890012,0.54278821,-0.21121871,-0.81287611,0
-0.89725786,0.24345553,2.7807174,0.61081159,-0.56501597,0.55467647,0
1.0556824,-0.71237868,-3.4424412,-0.576446,-0.79758608,-0.17766923,0
1.0414571,-0.27426785,-0.070644021,0.576446,0.79758608,0.17766923,0
2.0363107,-1.4643214,-2.2036021,0.61081159,-0.56501597,0.55467647,0
0.61550772,0.44236067,-1.822971,0.576446,0.79758608,0.17766923,0
-2.2137837,0.46268812,2.1724339,-0.576446,-0.79758608,-0.17766923,0
1.0938187,-0.59689426,0.056045778,0.61081159,-0.56501597,0.55467647,0
2.4618571,-1.1732202,-2.8163056,0.54278821,-0.21121871,-0.81287611,0
-0.93767315,0.93760157,2.3324251,0.576446,0.79758608,0.17766923,0
2.4063501,-1.0996407,-2.8324161,0.54278821,-0.21121871,-0.81287611,0
0.68595886,-0.016753137,-2.3843904,-0.61081159,0.56501597,-0.55467647,0
1.5365616,-0.92454553,-0.89605957,0.61081159,-0.56501597,0.55467647,0
-0.82022667,1.0476156,1.3221179,0.576446,0.79758608,0.17766923,0
2.4997094,-1.0024617,-3.0961783,0.54278821,-0.21121871,-0.81287611,0
-2.6163552,0.85429907,2.7308457,-0.54278821,0.21121871,0.81287611,0
-1.216484,1.0236243,0.79827136,-0.61081159,0.56501597,-0.55467647,0
2.2567146,-0.88087618,-3.152472,0.54278821,-0.21121871,-0.81287611,0
-2.2768884,0.93673837,1.5240571,-0.61081159,0.56501597,-0.55467647,0
2.1783676,-0.90165734,-3.4526899,0.54278821,-0.21121871,-0.81287611,0
1.5471615,-1.3774841,-1.4787039,-0.576446,-0.79758608,-0.17766923,0
-2.0846782,0.69294709,1.9190524,-0.576446,-0.79758608,-0.17766923,0
2.2254126,-0.59179991,-3.1196198,0.54278821,-0.21121871,-0.81287611,0
-1.1940918,0.27445373,3.1350353,0.61081159,-0.56501597,0.55467647,0
-2.4534538,0.88930458,2.8275788,-0.54278821,0.21121871,0.81287611,0
-1.9501708,0.19203228,2.7689643,-0.576446,-0.79758608,-0.17766923,0
-0.65384746,0.64494199,1.158807,0.576446,0.79758608,0.17766923,0
2.0653222,-0.3965615,-2.7323561,0.576446,0.79758608,0.17766923,0
-2.6624894,1.4934752,2.4604158,-0.61081159,0.56501597,-0.55467647,0
-2.4802692,0.78009391,2.831337,-0.54278821,0.21121871,0.81287611,0
-2.1699195,1.2264097,3.0292232,-0.54278821,0.21121871,0.81287611,0
-2.7519128,1.550583,2.8515825,-0.54278821,0.21121871,0.81287611,0
1.4405605,-0.43840304,-0.56903511,0.61081159,-0.56501597,0.55467647,0
2.3594646,-1.1453748,-2.1388118,0.61081159,-0.56501597,0.55467647,0
2.4669087,-0.91833782,-1.8710017,0.576446,0.79758608,0.17766923,0
-2.1982193,1.3684082,3.1287842,-0.54278821,0.21121871,0.81287611,0
-1.4547179,0.30198777,0.30834258,-0.576446,-0.79758608,-0.17766923,0
-0.86213452,-0.20698053,2.5137236,0.61081159,-0.56501597,0.55467647,0
1.684424,0.016111255,-3.9341092,-0.61081159,0.56501597,-0.55467647,0
-1.9605501,1.519073,2.9708767,0.576446,0.79758608,0.17766923,0
0.49189416,-0.55702555,0.57129973,0.61081159,-0.56501597,0.55467647,0
1.844638,-0.021889985,-3.0812361,0.576446,0.79758608,0.17766923,0
-1.9299871,0.8332293,3.2488165,-0.54278821,0.21121871,0.81287611,0
1.7457951,-0.24509084,-3.6041071,0.54278821,-0.21121871,-0.81287611,0
-1.8566117,1.7382936,2.143502,0.576446,0.79758608,0.17766923,0
1.6061153,-0.93601596,-3.2295618,-0.576446,-0.79758608,-0.17766923,0
-1.8821285,0.95786762,3.3688965,-0.54278821,0.21121871,0.81287611,0
-2.1919103,0.46565068,3.1504545,-0.54278821,0.21121871,0.81287611,0
1.8549656,-0.73638058,-3.5289693,0.54278821,-0.21121871,-0.81287611,0
-0.32997864,0.37327316,-0.75787234,-0.61081159,0.56501597,-0.55467647,0
2.3909838,-0.49482796,-3.1230414,0.54278821,-0.21121871,-0.81287611,0
0.37033027,0.57827461,-1.8318388,-0.61081159,0.56501597,-0.55467647,0
2.1762364,-0.18279767,-2.5730312,0.576446,0.79758608,0.17766923,0
0.83945131,0.0046919882,-2.364737,-0.61081159,0.56501597,-0.55467647,0
2.7315774,-1.3468035,-2.8812013,0.54278821,-0.21121871,-0.81287611,0
-2.1883192,1.3919625,3.010685,-0.54278821,0.21121871,0.81287611,0
2.3263607,-1.4879333,-2.5173826,0.61081159,-0.56501597,0.55467647,0
1.6994567,-0.45485026,-3.795507,0.54278821,-0.21121871,-0.81287611,0
-0.47834575,0.65893167,1.3378251,0.576446,0.79758608,0.17766923,0
1.5875067,-0.2218177,-0.74716878,0.576446,0.79758608,0.17766923,0
-2.8043101,1.23596,2.6549144,-0.54278821,0.21121871,0.81287611,0
-1.0990492,0.3266291,-0.22175002,-0.61081159,0.56501597,-0.55467647,0
2.7323875,-0.82617062,-1.9738729,0.576446,0.79758608,0.17766923,0
1.4655011,-1.3279282,-0.99787402,0.61081159,-0.56501597,0.55467647,0
2.8000429,-1.4031098,-2.7491488,0.54278821,-0.21121871,-0.81287611,0
0.096822195,-0.46636376,-0.049269993,-0.576446,-0.79758608,-0.17766923,0
-1.5251733,0.86540723,2.787487,0.576446,0.79758608,0.17766923,0
1.6378316,-1.0542258,-1.3618677,0.61081159,-0.56501597,0.55467647,0
0.91122913,-0.87996125,-2.8700132,-0.576446,-0.79758608,-0.17766923,0
1.2990634,0.29577088,-2.0397015,0.576446,0.79758608,0.17766923,0
0.72338837,0.020880103,-2.7212691,-0.61081159,0.56501597,-0.55467647,0
-1.4070804,0.47548899,3.9117324,-0.54278821,0.21121871,0.81287611,0
2.6309099,-0.98138428,-2.3342762,0.576446,0.79758608,0.17766923,0
-1.0837215,1.0181217,0.38482788,-0.61081159,0.56501597,-0.55467647,0
-2.1680992,1.5047319,2.3993187,-0.61081159,0.56501597,-0.55467647,0
1.854656,-1.3230259,-1.5566516,0.61081159,-0.56501597,0.55467647,0
-0.092694804,0.54949915,0.82939893,0.576446,0.79758608,0.17766923,0
0.25897804,-0.97719407,0.16651982,-0.576446,-0.79758608,-0.17766923,0
0.20198028,-0.47518414,-0.22551967,-0.576446,-0.79758608,-0.17766923,0
-2.0598092,0.65197599,3.5354471,-0.54278821,0.21121871,0.81287611,0
2.356051,-1.6490846,-2.8806632,0.54278821,-0.21121871,-0.81287611,0
0.56374025,-0.34071651,-2.6489093,-0.61081159,0.56501597,-0.55467647,0
-2.5074782,1.0529047,3.1267295,-0.54278821,0.21121871,0.81287611,0
0.31851649,-0.68932617,-1.0018606,-0.576446,-0.79758608,-0.17766923,0
2.3075297,-1.7426752,-2.6015978,-0.576446,-0.79758608,-0.17766923,0
2.1509507,-1.1237921,-2.970721,0.54278821,-0.21121871,-0.81287611,0
-2.8945441,1.100714,2.6867838,-0.54278821,0.21121871,0.81287611,0
-0.21635096,0.29230756,2.3594911,0.61081159,-0.56501597,0.55467647,0
0.3407079,-0.89907157,0.040019665,-0.576446,-0.79758608,-0.17766923,0
-1.5006655,-0.070892096,1.7175342,-0.576446,-0.79758608,-0.17766923,0
-1.5246986,0.89662683,2.8054609,0.576446,0.79758608,0.17766923,0
1.0772889,-0.71368766,-3.4615593,-0.576446,-0.79758608,-0.17766923,0
-0.68172967,-0.11196631,2.3801587,0.61081159,-0.56501597,0.55467647,0
1.0682253,0.42278659,-1.6869363,0.576446,0.79758608,0.17766923,0
-1.8476146,0.085421562,3.6896465,-0.54278821,0.21121871,0.81287611,0
2.1444309,-0.31176156,-1.8237319,0.576446,0.79758608,0.17766923,0
0.73025954,-1.1852863,-0.18891241,0.61081159,-0.56501597,0.55467647,0
2.0412149,-1.6007628,-2.5958209,-0.576446,-0.79758608,-0.17766923,0
2.6886187,-1.1789701,-2.1297536,0.61081159,-0.56501597,0.55467647,0
2.0175571,-0.19013035,-3.3158782,0.54278821,-0.21121871,-0.81287611,0
-1.3075919,0.7171424,0.44301298,-0.61081159,0.56501597,-0.55467647,0
0.0069850683,-0.35527682,1.2549312,0.61081159,-0.56501597,0.55467647,0
1.8635243,-0.24325466,-3.7968872,0.54278821,-0.21121871,-0.81287611,0
-1.7155231,1.3997743,1.8297724,-0.61081159,0.56501597,-0.55467647,0
-0.93720865,0.22831333,-0.35616687,-0.61081159,0.56501597,-0.55467647,0
-2.2273359,0.638403,3.1423986,-0.54278821,0.21121871,0.81287611,0
-1.1612093,0.19023153,-0.34182787,-0.61081159,0.56501597,-0.55467647,0
-0.5593428,0.84852707,0.30284518,0.576446,0.79758608,0.17766923,0
1.7267418,-0.29230976,-3.7143533,0.54278821,-0.21121871,-0.81287611,0
-0.059634551,0.33760011,1.8623942,0.61081159,-0.56501597,0.55467647,0
0.33333534,-0.49598727,-1.1543596,-0.576446,-0.79758608,-0.17766923,0
2.136013,-1.0433607,-3.0858243,0.54278821,-0.21121871,-0.81287611,0
1.6882498,-1.0852567,-3.3144617,-0.576446,-0.79758608,-0.17766923,0
-1.8889146,0.72670722,3.5028996,-0.54278821,0.21121871,0.81287611,0
-0.94822001,0.51987326,-0.48547444,-0.61081159,0.56501597,-0.55467647,0
-0.54027939,0.57604027,1.1207733,0.576446,0.79758608,0.17766923,0
1.7733068,0.068385005,-3.82829,-0.61081159,0.56501597,-0.55467647,0
-0.91826296,0.13266835,-0.45208451,-0.576446,-0.79758608,-0.17766923,0
-0.79661214,0.26721373,3.2229197,0.61081159,-0.56501597,0.55467647,0
1.0757378,-0.53465742,-3.1851125,-0.61081159,0.56501597,-0.55467647,0
-2.5718336,1.0826776,2.4346931,-0.61081159,0.56501597,-0.55467647,0
1.7665197,-0.97327065,-3.5398047,0.54278821,-0.21121871,-0.81287611,0
-0.28927174,0.78248858,-0.34083593,-0.61081159,0.56501597,-0.55467647,0
-0.58359432,-0.52953744,2.2260242,0.61081159,-0.56501597,0.55467647,0
-1.1505721,0.86166328,0.54924625,-0.61081159,0.56501597,-0.55467647,0
-1.9903854,0.49789521,3.6480186,-0.54278821,0.21121871,0.81287611,0
0.71031433,0.49890289,-1.9735456,0.576446,0.79758608,0.17766923,0
-1.6629001,0.75627172,3.6276367,-0.54278821,0.21121871,0.81287611,0
-0.70575172,0.7298193,2.5556457,0.576446,0.79758608,0.17766923,0
0.38008019,-0.49644047,0.66623926,0.61081159,-0.56501597,0.55467647,0
-1.8435923,1.2410505,3.4583547,-0.54278821,0.21121871,0.81287611,0
-0.63574541,-0.61904442,1.9775202,0.61081159,-0.56501597,0.55467647,0
-1.8068305,-0.032506645,3.5597606,0.61081159,-0.56501597,0.55467647,0
-0.14962935,0.53705311,1.3380587,0.576446,0.79758608,0.17766923,0
1.4490259,-0.86520851,-3.7894447,-0.576446,-0.79758608,-0.17766923,0
-1.2327269,0.80806041,2.461709,0.576446,0.79758608,0.17766923,0
-0.1467452,0.39653727,0.89341503,0.576446,0.79758608,0.17766923,0
-2.1131032,0.033656716,3.5041628,-0.54278821,0.21121871,0.81287611,0
1.8221679,-0.39171332,-1.7579414,0.576446,0.79758608,0.17766923,0
1.9817796,-1.350019,-2.3214004,-0.576446,-0.79758608,-0.17766923,0
1.7852468,-1.6307192,-1.6431949,0.61081159,-0.56501597,0.55467647,0
-1.3703632,-0.34452635,3.2836957,-0.576446,-0.79758608,-0.17766923,0
-2.7938595,1.3589566,2.3875947,-0.61081159,0.56501597,-0.55467647,0
-2.0798113,1.0682762,3.021384,-0.54278821,0.21121871,0.81287611,0
-1.1419822,-0.34567797,2.8969965,0.61081159,-0.56501597,0.55467647,0
-1.7133045,0.053418398,1.9964405,-0.576446,-0.79758608,-0.17766923,0
-1.5447862,1.042454,3.3795514,0.576446,0.79758608,0.17766923,0
-1.5750871,1.0883473,1.2964867,-0.61081159,0.56501597,-0.55467647,0
-2.1203179,1.2860308,3.1428816,-0.54278821,0.21121871,0.81287611,0
0.87769067,0.0052340925,0.13968568,0.576446,0.79758608,0.17766923,0
-1.6670886,0.40402859,3.8969693,-0.54278821,0.21121871,0.81287611,0
-0.61572796,0.31804404,-0.52317452,-0.61081159,0.56501597,-0.55467647,0
-0.19972356,0.17342171,1.958456,0.61081159,-0.56501597,0.55467647,0
2.4015508,-0.4482609,-2.9750483,0.54278821,-0.21121871,-0.81287611,0
2.5697138,-0.58775944,-3.1153703,0.54278821,-0.21121871,-0.81287611,0
0.38852555,-0.17127362,-2.1848414,-0.576446,-0.79758608,-0.17766923,0
-1.4116626,0.58111656,3.8859062,-0.54278821,0.21121871,0.81287611,0
1.8714217,-0.68993556,-3.6948724,0.54278821,-0.21121871,-0.81287611,0
1.8139405,-0.70248133,-3.502831,0.54278821,-0.21121871,-0.81287611,0
1.7051677,-1.1624025,-3.7140641,0.54278821,-0.21121871,-0.81287611,0
1.9157741,-1.541446,-2.5182023,-0.576446,-0.79758608,-0.17766923,0
2.0684664,-1.4260647,-3.0246377,0.54278821,-0.21121871,-0.81287611,0
2.5066319,-0.61894172,-3.1556726,0.54278821,-0.21121871,-0.81287611,0
-0.71726888,-0.19881587,0.079549044,-0.576446,-0.79758608,-0.17766923,0
-0.86187488,-0.091819525,2.9760637,0.61081159,-0.56501597,0.55467647,0
1.6970069,-0.13632905,-3.9791231,0.54278821,-0.21121871,-0.81287611,0
-1.6273105,0.89366829,0.64773154,-0.61081159,0.56501597,-0.55467647,0
2.1047328,-0.21130502,-3.6904531,0.54278821,-0.21121871,-0.81287611,0
-2.1256871,0.8368842,3.4248481,-0.54278821,0.21121871,0.81287611,0
1.4622722,-0.016089082,-3.6122978,-0.61081159,0.56501597,-0.55467647,0
2.1154027,-1.2968302,-3.2084036,0.54278821,-0.21121871,-0.81287611,0
2.7045929,-0.89218855,-2.8683138,0.54278821,-0.21121871,-0.81287611,0
2.8108082,-1.1004933,-2.8214808,0.54278821,-0.21121871,-0.81287611,0
-2.4064069,0.92416799,1.8377583,-0.576446,-0.79758608,-0.17766923,0
1.3579006,-1.0298674,-0.4311491,0.61081159,-0.56501597,0.55467647,0
2.3787241,-1.0188041,-3.2735929,0.54278821,-0.21121871,-0.81287611,0
-1.0038286,0.19928923,2.8383498,0.61081159,-0.56501597,0.55467647,0
-1.0468137,1.050709,0.25630891,-0.61081159,0.56501597,-0.55467647,0
-0.38767648,0.79767597,-0.24253172,0.576446,0.79758608,0.17766923,0
-2.0709052,0.78762877,1.4451586,-0.576446,-0.79758608,-0.17766923,0
2.7313073,-0.80409086,-1.760626,0.61081159,-0.56501597,0.55467647,0
1.8264546,-1.1891749,-3.324872,-0.576446,-0.79758608,-0.17766923,0
-2.180654,0.87811404,1.2693095,-0.61081159,0.56501597,-0.55467647,0
-2.817554,1.2767773,2.7101662,-0.54278821,0.21121871,0.81287611,0
-0.24425708,-0.68396801,0.54826277,-0.576446,-0.79758608,-0.17766923,0
0.20662907,-0.74706495,-0.03526295,-0.576446,-0.79758608,-0.17766923,0
-1.7779921,0.086353242,2.0815396,-0.576446,-0.79758608,-0.17766923,0
-1.735551,0.33113909,3.4389982,-0.54278821,0.21121871,0.81287611,0
1.6863115,-1.2117075,-2.1788507,-0.576446,-0.79758608,-0.17766923,0
-0.84614277,0.75015616,-0.42852193,-0.61081159,0.56501597,-0.55467647,0
2.3581586,-0.94956446,-3.3374054,0.54278821,-0.21121871,-0.81287611,0
1.7119609,-0.30652902,-3.5552604,0.54278821,-0.21121871,-0.81287611,0
2.062336,-0.42755353,-3.348089,0.54278821,-0.21121871,-0.81287611,0
0.1679814,0.21376213,-1.8464015,-0.61081159,0.56501597,-0.55467647,0
0.68552315,-0.27346799,0.71314567,0.576446,0.79758608,0.17766923,0
-2.2269402,0.30301946,3.4002643,-0.54278821,0.21121871,0.81287611,0
-0.72844529,-0.44261634,2.1093254,0.61081159,-0.56501597,0.55467647,0
-2.465766,0.82632768,2.0166316,-0.61081159,0.56501597,-0.55467647,0
2.2586961,-1.2621266,-1.709594,0.61081159,-0.56501597,0.55467647,0
-2.4595144,1.3419676,2.9563301,-0.54278821,0.21121871,0.81287611,0
1.6476545,-1.0276425,-3.4092877,0.54278821,-0.21121871,-0.81287611,0
-2.5885906,0.80626446,2.1021695,-0.576446,-0.79758608,-0.17766923,0
0.75321341,-0.27680129,0.76865739,0.61081159,-0.56501597,0.55467647,0
0.018048406,-0.82628447,0.88351285,0.61081159,-0.56501597,0.55467647,0
-1.0116668,-0.40103352,2.5470743,0.61081159,-0.56501597,0.55467647,0
-2.2506075,0.36546698,2.3229437,-0.576446,-0.79758608,-0.17766923,0
1.8753452,-0.24989161,-1.1770532,0.576446,0.79758608,0.17766923,0
-1.8541393,0.56376451,3.4055877,-0.54278821,0.21121871,0.81287611,0
-2.1005869,0.92779815,3.2636266,-0.54278821,0.21121871,0.81287611,0
2.910254,-1.4539597,-2.8224607,0.54278821,-0.21121871,-0.81287611,0
0.65916002,0.35522068,-0.03893213,0.576446,0.79758608,0.17766923,0
-1.5185912,0.39326894,3.7416611,-0.54278821,0.21121871,0.81287611,0
2.0884118,-0.37080196,-3.2839913,0.576446,0.79758608,0.17766923,0
-1.50904,-0.3060832,2.4762011,-0.576446,-0.79758608,-0.17766923,0
-0.77226794,-0.45916292,2.1629877,-0.576446,-0.79758608,-0.17766923,0
-2.9633505,0.98209268,2.1885173,-0.61081159,0.56501597,-0.55467647,0
2.4289074,-0.85229975,-2.9938173,0.54278821,-0.21121871,-0.81287611,0
-1.7832338,0.10155058,2.9863033,-0.576446,-0.79758608,-0.17766923,0
-0.19531146,0.18574248,2.4197173,0.61081159,-0.56501597,0.55467647,0
-0.56418967,0.043808728,2.368551,0.61081159,-0.56501597,0.55467647,0
-0.46962065,0.85196888,-0.35146314,-0.61081159,0.56501597,-0.55467647,0
2.5317245,-1.3382281,-2.723305,0.54278821,-0.21121871,-0.81287611,0
2.806952,-1.3097799,-2.82816,0.54278821,-0.21121871,-0.81287611,0
1.5902786,-0.19577402,-1.8531356,0.576446,0.79758608,0.17766923,0
0.1501132,-0.87637311,0.13807511,-0.576446,-0.79758608,-0.17766923,0
-1.6644664,0.73071468,3.8214426,-0.54278821,0.21121871,0.81287611,0
-0.80959165,0.39943552,2.8088498,0.576446,0.79758608,0.17766923,0
2.5475817,-1.7496985,-2.7045531,-0.576446,-0.79758608,-0.17766923,0
-2.4306622,0.79068965,3.0599022,-0.54278821,0.21121871,0.81287611,0
0.96437609,-1.0935698,-0.44964647,0.61081159,-0.56501597,0.55467647,0
2.8413725,-1.1525185,-2.9189899,0.54278821,-0.21121871,-0.81287611,0
1.4551107,-0.29997021,-3.52613,-0.61081159,0.56501597,-0.55467647,0
0.81740963,-0.1669825,-2.6070073,-0.61081159,0.56501597,-0.55467647,0
0.87563467,-1.2999502,-0.79548383,-0.576446,-0.79758608,-0.17766923,0
-1.7066841,0.27040905,3.8175797,-0.54278821,0.21121871,0.81287611,0
0.68869591,-0.50557673,0.55891865,0.61081159,-0.56501597,0.55467647,0
-1.8868614,1.1239417,3.1278801,-0.54278821,0.21121871,0.81287611,0
1.6587307,-1.1898201,-1.5745479,0.61081159,-0.56501597,0.55467647,0
1.867427,-0.90159345,-3.6299403,0.54278821,-0.21121871,-0.81287611,0
1.3750689,0.025643408,-2.9551163,-0.61081159,0.56501597,-0.55467647,0
2.2626307,-1.3768523,-2.3162885,0.61081159,-0.56501597,0.55467647,0
2.447371,-1.5696334,-2.4908924,0.61081159,-0.56501597,0.55467647,0
2.8370137,-1.4372622,-2.7878346,0.54278821,-0.21121871,-0.81287611,0
0.39451337,-0.10004342,1.2106966,0.576446,0.79758608,0.17766923,0
1.0382103,-0.45760393,-0.070684493,0.61081159,-0.56501597,0.55467647,0
-1.3487599,1.1320155,2.116956,0.576446,0.79758608,0.17766923,0
1.9149512,0.062421978,-3.8862467,0.54278821,-0.21121871,-0.81287611,0
-1.7400566,-0.084920645,3.9287214,0.61081159,-0.56501597,0.55467647,0
-1.6197048,0.02478379,2.3998179,-0.576446,-0.79758608,-0.17766923,0
-0.11919561,-0.16239923,1.8705144,0.61081159,-0.56501597,0.55467647,0
-0.71957302,0.76297057,0.63955402,0.576446,0.79758608,0.17766923,0
1.554823,0.07911855,-2.1304784,0.576446,0.79758608,0.17766923,0
-0.88322306,0.8424806,1.2758683,0.576446,0.79758608,0.17766923,0
2.2274725,-1.5067047,-2.1711526,0.61081159,-0.56501597,0.55467647,0
0.89758885,-0.52381814,-2.3187385,-0.576446,-0.79758608,-0.17766923,0
0.58507669,-0.18793944,-2.8245184,-0.61081159,0.56501597,-0.55467647,0
-0.92249888,0.27038974,-0.46258345,-0.61081159,0.56501597,-0.55467647,0
-0.97944939,0.28882423,-0.092332363,-0.61081159,0.56501597,-0.55467647,0
-2.2082415,0.25038165,3.2461114,-0.54278821,0.21121871,0.81287611,0
0.38781244,0.4353233,0.68220836,0.576446,0.79758608,0.17766923,0
-0.39009324,0.044831634,2.1681588,0.61081159,-0.56501597,0.55467647,0
1.8428665,-1.1725978,-1.7201998,0.61081159,-0.56501597,0.55467647,0
1.8249779,-1.767681,-1.7377484,0.61081159,-0.56501597,0.55467647,0
-0.58523798,-0.01964134,2.632009,0.61081159,-0.56501597,0.55467647,0
-1.8942716,0.57911575,0.91823483,-0.61081159,0.56501597,-0.55467647,0
1.8688871,-0.89263535,-0.91049159,0.61081159,-0.56501597,0.55467647,0
1.9928148,-0.881082,-3.5683734,0.54278821,-0.21121871,-0.81287611,0
2.4186745,-1.425621,-3.1257291,0.54278821,-0.21121871,-0.81287611,0
1.8750503,-0.68980712,-3.4905424,0.54278821,-0.21121871,-0.81287611,0
-0.99459124,0.14113156,0.29597268,-0.576446,-0.79758608,-0.17766923,0
-0.31257531,0.79400885,-0.40306252,-0.61081159,0.56501597,-0.55467647,0
-1.995728,1.3882762,1.616935,-0.61081159,0.56501597,-0.55467647,0
0.68006659,0.42427924,-2.174051,-0.61081159,0.56501597,-0.55467647,0
-0.19950691,-0.021626174,-1.9044698,-0.61081159,0.56501597,-0.55467647,0
-0.59394592,0.75616586,0.7722261,0.576446,0.79758608,0.17766923,0
0.90552908,0.33645475,-2.3653553,-0.61081159,0.56501597,-0.55467647,0
0.6298368,0.29212832,0.17551868,0.576446,0.79758608,0.17766923,0
-2.8446436,0.86516434,2.6555123,-0.576446,-0.79758608,-0.17766923,0
-1.4299775,-0.34906024,3.1879869,0.61081159,-0.56501597,0.55467647,0
2.6450717,-1.0019269,-2.7391906,0.54278821,-0.21121871,-0.81287611,0
-1.3196226,0.38228238,0.13494763,-0.576446,-0.79758608,-0.17766923,0
-1.679126,0.88510656,3.6575539,-0.54278821,0.21121871,0.81287611,0
-1.6781464,1.1378689,1.56285,-0.61081159,0.56501597,-0.55467647,0
0.12456438,-0.74386591,-0.077673644,-0.576446,-0.79758608,-0.17766923,0
-2.056282,0.60657132,3.3001399,-0.54278821,0.21121871,0.81287611,0
0.22894263,0.23316196,-1.5155553,-0.61081159,0.56501597,-0.55467647,0
2.0278518,-0.56559533,-3.5198922,0.54278821,-0.21121871,-0.81287611,0
-2.8167715,0.76329237,2.7813292,-0.54278821,0.21121871,0.81287611,0
2.5269659,-1.6470406,-2.8198192,0.54278821,-0.21121871,-0.81287611,0
-2.3979719,0.28726941,3.2766087,-0.54278821,0.21121871,0.81287611,0
0.21947068,0.10600677,-2.244406,-0.61081159,0.56501597,-0.55467647,0
-1.8075722,1.013652,1.4596927,-0.61081159,0.56501597,-0.55467647,0
1.754335,-0.76009816,-3.6469269,0.54278821,-0.21121871,-0.81287611,0
2.1917012,-1.410545,-2.8467305,0.54278821,-0.21121871,-0.81287611,0
-2.6916778,1.4546008,2.8474071,-0.54278821,0.21121871,0.81287611,0
0.98771942,-0.73908281,-3.1689389,-0.576446,-0.79758608,-0.17766923,0
2.1554968,-0.42986289,-3.3871293,0.54278821,-0.21121871,-0.81287611,0
-1.8622046,0.97110355,1.0793754,-0.61081159,0.56501597,-0.55467647,0
0.11482954,0.081884876,-1.5740952,-0.61081159,0.56501597,-0.55467647,0
0.11677757,-0.96954626,0.67576939,0.61081159,-0.56501597,0.55467647,0
-0.085492998,-0.23752581,-2.1033258,-0.61081159,0.56501597,-0.55467647,0
-1.6805518,1.1990929,3.3384523,-0.54278821,0.21121871,0.81287611,0
0.096900582,-0.99147242,0.68467283,-0.576446,-0.79758608,-0.17766923,0
1.4854194,-0.2252451,-0.58453995,0.576446,0.79758608,0.17766923,0
0.88394737,-1.1122875,-1.7252133,-0.576446,-0.79758608,-0.17766923,0
1.7372334,-0.41071609,-3.5872459,0.54278821,-0.21121871,-0.81287611,0
0.71306217,-0.49170521,-2.2190084,-0.576446,-0.79758608,-0.17766923,0
-1.3780116,0.79500628,3.6064754,-0.54278821,0.21121871,0.81287611,0
-2.4490492,0.79382253,2.3808901,-0.576446,-0.79758608,-0.17766923,0
0.70932877,-0.2515097,-2.9503667,-0.61081159,0.56501597,-0.55467647,0
-2.1293521,0.78596801,3.517113,-0.54278821,0.21121871,0.81287611,0
1.5775783,-1.0377585,-3.3635516,0.54278821,-0.21121871,-0.81287611,0
-0.92735565,0.58740878,2.7092171,0.576446,0.79758608,0.17766923,0
0.064127147,0.12806019,1.5714697,0.61081159,-0.56501597,0.55467647,0
-1.6839229,0.33878571,3.6546845,-0.54278821,0.21121871,0.81287611,0
1.6773407,0.12657642,-3.4914405,0.576446,0.79758608,0.17766923,0
1.1316315,-0.85671341,-2.5290763,-0.576446,-0.79758608,-0.17766923,0
1.7664148,-1.2176602,-2.5060048,-0.576446,-0.79758608,-0.17766923,0
1.8666641,-0.708628,-1.1346242,0.576446,0.79758608,0.17766923,0
2.5824692,-0.87329477,-2.7494783,0.54278821,-0.21121871,-0.81287611,0
-2.6353683,1.4057349,2.2806699,-0.61081159,0.56501597,-0.55467647,0
-1.1188012,-0.19984981,1.0394406,-0.576446,-0.79758608,-0.17766923,0
-1.7038088,0.82855207,3.6632493,-0.54278821,0.21121871,0.81287611,0
2.0540555,-0.40392157,-3.3733962,0.54278821,-0.21121871,-0.81287611,0
0.90504885,-1.0931852,-0.17640552,0.61081159,-0.56501597,0.55467647,0
2.564285,-1.342133,-2.7368317,0.54278821,-0.21121871,-0.81287611,0
0.24197109,0.47374716,-1.5149157,-0.61081159,0.56501597,-0.55467647,0
0.098567516,0.089757577,-1.6198214,-0.61081159,0.56501597,-0.55467647,0
-0.74255633,-0.12584463,2.198426,0.61081159,-0.56501597,0.55467647,0
-1.0840788,0.29115421,0.47288421,-0.576446,-0.79758608,-0.17766923,0
0.82163322,-1.048533,-1.4663923,-0.576446,-0.79758608,-0.17766923,0
1.5815459,-1.3004179,-1.0777022,0.61081159,-0.56501597,0.55467647,0
0.1765711,0.32486033,0.37213251,0.576446,0.79758608,0.17766923,0
2.676672,-1.0219158,-2.6254773,0.54278821,-0.21121871,-0.81287611,0
0.39950904,0.42299658,-2.0293419,-0.61081159,0.56501597,-0.55467647,0
-1.901346,1.2910111,1.8697764,-0.61081159,0.56501597,-0.55467647,0
2.1119752,-0.49334568,-1.5366173,0.576446,0.79758608,0.17766923,0
-0.074063689,0.84428906,-1.034047,-0.61081159,0.56501597,-0.55467647,0
2.4242444,-0.94909894,-3.1052542,0.54278821,-0.21121871,-0.81287611,0
1.2379098,-0.42259574,-3.7034371,-0.61081159,0.56501597,-0.55467647,0
-0.98374796,0.34214613,-0.2679227,-0.576446,-0.79758608,-0.17766923,0
-1.0735688,-0.36418998,2.7799506,0.61081159,-0.56501597,0.55467647,0
0.66856754,-0.8035053,-0.10400517,0.61081159,-0.56501597,0.55467647,0
-1.6533068,0.37436271,3.6530728,-0.54278821,0.21121871,0.81287611,0
-2.4938686,1.3037281,2.6943159,-0.54278821,0.21121871,0.81287611,0
1.592594,0.14567792,-2.8982697,0.576446,0.79758608,0.17766923,0
1.2442088,-0.45168829,-3.444674,-0.61081159,0.56501597,-0.55467647,0
-0.65435362,-0.1714021,2.4467745,0.61081159,-0.56501597,0.55467647,0
-2.7120595,1.0004119,2.7322044,-0.54278821,0.21121871,0.81287611,0
-2.80158,1.3354385,2.8398941,-0.54278821,0.21121871,0.81287611,0
-1.1004543,-0.35108477,2.5653179,0.61081159,-0.56501597,0.55467647,0
-2.6551859,1.4599774,2.6842186,-0.54278821,0.21121871,0.81287611,0
-1.8538558,0.54917181,1.1282276,-0.576446,-0.79758608,-0.17766923,0
0.25922912,0.60773468,-0.66830802,0.576446,0.79758608,0.17766923,0
-2.2675138,1.4874434,3.140671,-0.54278821,0.21121871,0.81287611,0
2.6954174,-0.91596609,-3.0981154,0.54278821,-0.21121871,-0.81287611,0
1.0306339,0.018062353,-3.0072002,-0.61081159,0.56501597,-0.55467647,0
-1.562835,0.89709592,3.7036607,-0.54278821,0.21121871,0.81287611,0
-1.7875704,1.2303853,3.3695033,-0.54278821,0.21121871,0.81287611,0
2.3690541,-0.90912509,-3.3352242,0.54278821,-0.21121871,-0.81287611,0
1.7216682,-0.11117107,-3.5738447,0.54278821,-0.21121871,-0.81287611,0
1.7478499,-0.97658634,-0.91114724,0.61081159,-0.56501597,0.55467647,0
2.3654492,-0.7304824,-3.158917,0.54278821,-0.21121871,-0.81287611,0
2.2726226,-1.2463734,-3.3170183,0.54278821,-0.21121871,-0.81287611,0
-0.49369577,0.93371207,-0.54692292,-0.61081159,0.56501597,-0.55467647,0
-2.1147707,0.12277591,2.4034517,-0.576446,-0.79758608,-0.17766923,0
-1.8650217,1.0389557,3.5049288,-0.54278821,0.21121871,0.81287611,0
1.6490471,-0.52752256,-3.8165739,0.54278821,-0.21121871,-0.81287611,0
-2.724587,0.68793166,2.2993803,-0.576446,-0.79758608,-0.17766923,0
-1.7287869,0.72026247,3.4430852,-0.54278821,0.21121871,0.81287611,0
-1.2546488,-0.016965032,0.41746452,-0.576446,-0.79758608,-0.17766923,0
0.89428842,-0.89434338,-0.68879753,-0.576446,-0.79758608,-0.17766923,0
-1.893231,-0.027505815,3.6436989,0.61081159,-0.56501597,0.55467647,0
-1.9514673,1.4605168,1.7280861,-0.61081159,0.56501597,-0.55467647,0
-2.2597075,0.50014687,2.1389866,-0.576446,-0.79758608,-0.17766923,0
2.4931674,-0.5031997,-3.3403544,0.54278821,-0.21121871,-0.81287611,0
2.6137803,-0.92765403,-2.7411051,0.54278821,-0.21121871,-0.81287611,0
1.1433411,-0.72704488,-3.7884707,-0.576446,-0.79758608,-0.17766923,0
-2.2077792,0.099523187,3.488735,-0.54278821,0.21121871,0.81287611,0
2.1072819,-0.13781017,-3.5653725,0.54278821,-0.21121871,-0.81287611,0
-0.82517302,0.98732108,2.1369858,0.576446,0.79758608,0.17766923,0
1.1460401,-0.69594377,-3.5140412,-0.576446,-0.79758608,-0.17766923,0
2.0160596,-0.79857814,-1.2098986,0.61081159,-0.56501597,0.55467647,0
2.3224452,-0.5909974,-1.5930402,0.576446,0.79758608,0.17766923,0
0.16269474,0.41491854,-1.6104119,-0.61081159,0.56501597,-0.55467647,0
1.7847222,-0.23104066,-3.618526,0.54278821,-0.21121871,-0.81287611,0
2.3682668,-0.53051251,-3.3952165,0.54278821,-0.21121871,-0.81287611,0
-0.91649848,1.1260688,1.8393755,0.576446,0.79758608,0.17766923,0
2.7345338,-1.2411538,-2.9214358,0.54278821,-0.21121871,-0.81287611,0
-2.0330155,0.5177148,1.8632829,-0.576446,-0.79758608,-0.17766923,0
0.73223084,0.5124619,-0.74784064,0.576446,0.79758608,0.17766923,0
-1.7787862,0.52939862,3.5574031,-0.54278821,0.21121871,0.81287611,0
2.6204729,-0.5528475,-2.8418901,0.54278821,-0.21121871,-0.81287611,0
0.012728631,-0.1044576,1.6493046,0.61081159,-0.56501597,0.55467647,0
0.18100846,-0.27930948,1.3199689,0.61081159,-0.56501597,0.55467647,0
-1.6759168,0.93812919,3.6715174,-0.54278821,0.21121871,0.81287611,0
0.0078912973,-0.84713447,0.4104909,-0.576446,-0.79758608,-0.17766923,0
-1.2418654,0.39043713,3.2737472,0.61081159,-0.56501597,0.55467647,0
-0.21203238,0.85454202,-0.16946091,0.576446,0.79758608,0.17766923,0
-1.4229394,1.3195329,2.0150313,0.576446,0.79758608,0.17766923,0
-1.8446572,0.26481503,2.5746281,-0.576446,-0.79758608,-0.17766923,0
1.867264,-0.18842852,-3.4158478,0.54278821,-0.21121871,-0.81287611,0
-2.8163078,1.5420725,2.8328671,-0.54278821,0.21121871,0.81287611,0
1.4829001,-0.7198292,-3.7017503,0.54278821,-0.21121871,-0.81287611,0
-1.8248782,1.3116977,1.5002905,-0.61081159,0.56501597,-0.55467647,0
0.95341468,-0.35129088,-3.2866912,-0.61081159,0.56501597,-0.55467647,0
-1.6043929,1.065779,2.9945674,0.576446,0.79758608,0.17766923,0
-2.0742579,1.2048336,1.7832077,-0.61081159,0.56501597,-0.55467647,0
1.1081759,-0.7615698,-1.9320009,-0.576446,-0.79758608,-0.17766923,0
-1.0394049,0.007796824,1.637671,-0.576446,-0.79758608,-0.17766923,0
0.17670596,0.59831512,0.47541013,0.576446,0.79758608,0.17766923,0
1.7403562,-0.083060563,-3.3338761,0.576446,0.79758608,0.17766923,0
-1.103822,0.60289955,3.8617325,0.576446,0.79758608,0.17766923,0
0.93475103,-0.39811987,-3.466203,-0.61081159,0.56501597,-0.55467647,0
-0.50596237,-0.44914585,1.0162369,-0.576446,-0.79758608,-0.17766923,0
1.5005255,-0.65029025,-3.977097,0.54278821,-0.21121871,-0.81287611,0
1.8933883,-0.58289021,-1.4928708,0.576446,0.79758608,0.17766923,0
0.72159749,0.25365111,-1.3866092,0.576446,0.79758608,0.17766923,0
1.9616483,-0.13253826,-3.5622365,0.54278821,-0.21121871,-0.81287611,0
1.8141757,-0.99184811,-3.3139198,0.54278821,-0.21121871,-0.81287611,0
-1.8745413,0.84649396,1.3289094,-0.61081159,0.56501597,-0.55467647,0
0.76801187,-0.60011131,-2.4003963,-0.576446,-0.79758608,-0.17766923,0
-0.9727084,0.66808224,0.063480914,-0.61081159,0.56501597,-0.55467647,0
-2.1880319,1.5088308,2.9671731,-0.54278821,0.21121871,0.81287611,0
-2.3215668,0.57873464,1.1368448,-0.61081159,0.56501597,-0.55467647,0
2.5307231,-0.96080804,-2.8299694,0.54278821,-0.21121871,-0.81287611,0
-2.7466657,0.78702509,2.9967303,-0.54278821,0.21121871,0.81287611,0
1.5744146,-0.093996763,-3.8280263,-0.61081159,0.56501597,-0.55467647,0
1.9447271,-0.61090565,-1.0215592,0.576446,0.79758608,0.17766923,0
-2.2596552,1.2014791,1.5624664,-0.61081159,0.56501597,-0.55467647,0
-1.8349755,0.62298667,3.3173993,-0.54278821,0.21121871,0.81287611,0
2.1995425,-0.91184396,-3.1091282,0.54278821,-0.21121871,-0.81287611,0
-0.29202464,0.44185141,-0.938223,-0.61081159,0.56501597,-0.55467647,0
-1.1252707,0.91633534,0.63019216,-0.61081159,0.56501597,-0.55467647,0
-0.088404328,0.79512572,-0.89195156,-0.61081159,0.56501597,-0.55467647,0
-2.3169174,1.4976494,2.7624574,-0.54278821,0.21121871,0.81287611,0
0.37254187,0.27911142,0.50792396,0.576446,0.79758608,0.17766923,0
-1.9536743,0.87179846,1.2500951,-0.61081159,0.56501597,-0.55467647,0
1.8718077,-0.32117233,-2.2891135,0.576446,0.79758608,0.17766923,0
-0.30877703,0.91547459,-0.51788521,-0.61081159,0.56501597,-0.55467647,0
-1.7761441,0.47898322,3.5278583,-0.54278821,0.21121871,0.81287611,0
2.2749872,-1.7374618,-2.9005909,0.54278821,-0.21121871,-0.81287611,0
-2.0997765,1.2984836,3.2168343,-0.54278821,0.21121871,0.81287611,0
2.5200536,-1.8632892,-2.8432739,0.61081159,-0.56501597,0.55467647,0
0.39206311,-0.40238416,-1.8615741,-0.576446,-0.79758608,-0.17766923,0
-0.37641892,0.82397342,0.35711032,0.576446,0.79758608,0.17766923,0
0.95936382,0.27804464,-2.3675847,-0.61081159,0.56501597,-0.55467647,0
-0.78933394,-0.25271416,1.4666183,-0.576446,-0.79758608,-0.17766923,0
-1.2837325,0.55170935,0.34273896,-0.61081159,0.56501597,-0.55467647,0
-2.1243877,1.7261037,2.1427207,-0.61081159,0.56501597,-0.55467647,0
2.6752264,-0.99166882,-2.9435687,0.54278821,-0.21121871,-0.81287611,0
-1.908958,0.24348158,3.7298434,-0.54278821,0.21121871,0.81287611,0
-0.12447524,-0.73295909,1.0574811,0.61081159,-0.56501597,0.55467647,0
-0.95177954,0.28664231,-0.44749168,-0.576446,-0.79758608,-0.17766923,0
2.0524907,-1.4030423,-2.987385,0.54278821,-0.21121871,-0.81287611,0
1.746981,-0.16739875,-3.5417287,0.54278821,-0.21121871,-0.81287611,0
-1.7571861,1.0661323,3.4765911,-0.54278821,0.21121871,0.81287611,0
-0.24595869,0.72868627,1.1444136,0.576446,0.79758608,0.17766923,0
-1.3087394,0.22446764,3.3707285,0.61081159,-0.56501597,0.55467647,0
-0.50087893,0.22405268,-0.79439259,-0.61081159,0.56501597,-0.55467647,0
-0.14139658,-0.68834782,1.1715313,0.61081159,-0.56501597,0.55467647,0
1.1323696,-0.080461919,-3.4866164,-0.61081159,0.56501597,-0.55467647,0
2.0389068,-0.51147425,-3.4883218,0.54278821,-0.21121871,-0.81287611,0
1.5047212,-0.37744784,-3.48879,-0.61081159,0.56501597,-0.55467647,0
-0.58182919,0.69106829,-0.72475135,-0.61081159,0.56501597,-0.55467647,0
-1.8868178,1.5160342,2.203578,0.576446,0.79758608,0.17766923,0
-0.99700034,0.41257846,3.4261091,0.61081159,-0.56501597,0.55467647,0
-1.4768288,1.2482783,1.8613925,0.576446,0.79758608,0.17766923,0
0.70398593,-0.79611391,-1.5348802,-0.576446,-0.79758608,-0.17766923,0
-1.9563758,1.4470518,2.211206,0.576446,0.79758608,0.17766923,0
-1.4759951,0.096120059,3.673821,-0.54278821,0.21121871,0.81287611,0
-1.6623061,0.72532606,3.6428216,-0.54278821,0.21121871,0.81287611,0
-1.0314047,-0.46183336,2.5346119,0.61081159,-0.56501597,0.55467647,0
-1.7138903,0.69819462,3.4779718,-0.54278821,0.21121871,0.81287611,0
-2.8484845,1.2051651,2.8179226,-0.54278821,0.21121871,0.81287611,0
-2.5024965,1.1865354,3.1438344,-0.54278821,0.21121871,0.81287611,0
2.5545845,-0.61357164,-3.1933587,0.54278821,-0.21121871,-0.81287611,0
1.5270805,-0.81455064,-0.56492639,0.61081159,-0.56501597,0.55467647,0
-2.3176749,0.44767773,3.299037,-0.54278821,0.21121871,0.81287611,0
-1.7394646,0.59730268,3.7708559,-0.54278821,0.21121871,0.81287611,0
2.1970701,-0.60766673,-2.3637128,0.576446,0.79758608,0.17766923,0
-1.4054289,0.73452121,3.0385284,0.576446,0.79758608,0.17766923,0
2.533865,-1.0976558,-2.7711549,0.54278821,-0.21121871,-0.81287611,0
0.93247652,-0.026528493,-0.53260285,0.576446,0.79758608,0.17766923,0
0.77282131,0.49131203,-1.4028258,0.576446,0.79758608,0.17766923,0
0.33330399,-0.865242,0.45031407,-0.576446,-0.79758608,-0.17766923,0
0.90463513,0.4086208,-0.97054785,0.576446,0.79758608,0.17766923,0
1.5098641,-0.7110346,-0.51401412,0.61081159,-0.56501597,0.55467647,0
-0.065239072,0.49815992,-0.13250455,0.576446,0.79758608,0.17766923,0
-2.4004641,0.52176231,3.3355403,-0.54278821,0.21121871,0.81287611,0
-0.98348063,-0.18083864,1.1349469,-0.576446,-0.79758608,-0.17766923,0
-1.2544347,-0.063397884,2.6388497,-0.576446,-0.79758608,-0.17766923,0
0.84510887,-1.0938406,-0.14109038,0.61081159,-0.56501597,0.55467647,0
-2.7815294,1.405164,2.6561012,-0.54278821,0.21121871,0.81287611,0
-2.446888,0.69554818,2.576153,-0.576446,-0.79758608,-0.17766923,0
-2.9238091,0.69297224,2.7806363,-0.54278821,0.21121871,0.81287611,0
2.4256551,-1.2837608,-3.0900841,0.54278821,-0.21121871,-0.81287611,0
