-0.84825379,-1.0406256,0.092111409,0.23839203,-0.58321428,-0.77655017,0
-1.1609584,0.17504612,-0.82584012,-0.34468007,0.6967392,-0.62908667,0
1.4283257,0.53150594,0.096901774,0.90794533,0.4176307,-0.034925401,0
-1.3001736,-1.1402645,0.19076836,-0.90794533,-0.4176307,0.034925401,0
1.3059578,0.51144934,0.067412376,0.90794533,0.4176307,-0.034925401,0
-0.66130644,-1.3457243,-0.069859445,0.23839203,-0.58321428,-0.77655017,0
1.6124156,0.15472168,-0.13110864,0.90794533,0.4176307,-0.034925401,0
-0.60021853,-1.3674548,0.15449327,0.23839203,-0.58321428,-0.77655017,0
0.92010212,1.2841878,-0.12706304,0.90794533,0.4176307,-0.034925401,0
0.92617953,-0.183121,0.60578066,0.34468007,-0.6967392,0.62908667,0
-1.6279695,-0.033971354,0.27115083,-0.23839203,0.58321428,0.77655017,0
0.65925157,0.54751617,-0.65900433,0.23839203,-0.58321428,-0.77655017,0
0.18629915,0.64538962,-1.0547861,-0.34468007,0.6967392,-0.62908667,0
-0.24241273,-0.3664262,-0.21414557,0.23839203,-0.58321428,-0.77655017,0
1.2193871,-0.28525823,0.50840116,0.34468007,-0.6967392,0.62908667,0
-0.37842852,-0.49040598,0.73157299,-0.23839203,0.58321428,0.77655017,0
-1.4832096,0.10112575,-0.7062465,-0.34468007,0.6967392,-0.62908667,0
-1.550441,-0.063709915,-0.53673816,-0.34468007,0.6967392,-0.62908667,0
-1.6693785,0.13723151,0.069939494,-0.23839203,0.58321428,0.77655017,0
1.2398221,1.2849551,-0.64701188,0.90794533,0.4176307,-0.034925401,0
1.0920033,1.6202195,-0.46209991,0.90794533,0.4176307,-0.034925401,0
1.2285182,0.99592787,-0.28267992,0.90794533,0.4176307,-0.034925401,0
1.4199451,0.26241624,1.0353299,0.34468007,-0.6967392,0.62908667,0
0.44927436,1.4889886,-0.50231344,-0.34468007,0.6967392,-0.62908667,0
0.25293282,-0.42309725,-0.10448428,0.23839203,-0.58321428,-0.77655017,0
-0.77595055,-1.0260344,0.70292872,0.34468007,-0.6967392,0.62908667,0
-1.2900538,-0.59400898,-0.50835466,-0.90794533,-0.4176307,0.034925401,0
0.35643452,0.71805054,-1.117239,0.23839203,-0.58321428,-0.77655017,0
0.069077939,0.53792775,0.18163069,-0.23839203,0.58321428,0.77655017,0
-1.5328761,-0.44431543,0.071614385,-0.90794533,-0.4176307,0.034925401,0
-0.75727767,-1.4628958,0.61502206,0.34468007,-0.6967392,0.62908667,0
-0.17150643,-0.14625269,0.63041306,-0.23839203,0.58321428,0.77655017,0
-1.0855378,-0.11279503,0.55950809,-0.23839203,0.58321428,0.77655017,0
1.2704651,-0.088288099,0.5860635,0.34468007,-0.6967392,0.62908667,0
-0.0033745766,0.74796939,-0.72735739,-0.34468007,0.6967392,-0.62908667,0
1.5810099,0.031123936,0.97919989,0.90794533,0.4176307,-0.034925401,0
1.0958905,1.1017294,0.38743579,0.90794533,0.4176307,-0.034925401,0
1.2815732,1.0966264,0.091268301,0.90794533,0.4176307,-0.034925401,0
0.42584461,-0.95527172,0.0053924173,0.23839203,-0.58321428,-0.77655017,0
-0.86235356,0.3737826,-0.90512955,-0.34468007,0.6967392,-0.62908667,0
0.028838322,-0.38064903,-0.35015041,0.23839203,-0.58321428,-0.77655017,0
0.7281577,0.31975955,0.48913676,-0.23839203,0.58321428,0.77655017,0
1.6333885,-0.11954217,0.11658204,0.90794533,0.4176307,-0.034925401,0
-1.5648133,-0.34555405,-0.48933458,-0.90794533,-0.4176307,0.034925401,0
-1.7233579,-0.15623164,-0.47845924,-0.90794533,-0.4176307,0.034925401,0
-1.1985301,-1.1521577,0.77108985,-0.90794533,-0.4176307,0.034925401,0
0.80594206,1.4587642,-0.20747584,0.90794533,0.4176307,-0.034925401,0
-0.75559366,-1.0211596,0.067304909,0.23839203,-0.58321428,-0.77655017,0
-1.3074307,0.40807235,-0.27504289,-0.34468007,0.6967392,-0.62908667,0
0.8499943,1.3691697,-0.39016092,0.90794533,0.4176307,-0.034925401,0
-1.3759468,0.088625014,-0.66672611,-0.34468007,0.6967392,-0.62908667,0
-1.5219529,-0.43244326,0.091280937,-0.90794533,-0.4176307,0.034925401,0
-0.69794726,-1.5735459,0.30256599,-0.90794533,-0.4176307,0.034925401,0
1.4735003,0.49223503,0.16638124,0.90794533,0.4176307,-0.034925401,0
-1.5988444,-0.58876872,-0.15377355,-0.90794533,-0.4176307,0.034925401,0
-0.03185451,-0.71979392,0.9809109,0.34468007,-0.6967392,0.62908667,0
-0.69220293,0.078311592,0.16758645,-0.23839203,0.58321428,0.77655017,0
-1.1246054,-1.450142,0.41981542,-0.90794533,-0.4176307,0.034925401,0
0.97706312,-0.28707325,1.0300138,0.34468007,-0.6967392,0.62908667,0
-0.95621049,0.64027864,-0.56631565,-0.34468007,0.6967392,-0.62908667,0
-0.52651453,-0.86947966,-0.19406122,0.23839203,-0.58321428,-0.77655017,0
-1.1785243,-1.3005959,-0.034255028,0.23839203,-0.58321428,-0.77655017,0
-1.39011,-0.25752735,0.6422224,-0.23839203,0.58321428,0.77655017,0
1.4020857,-0.58950126,0.40914142,0.34468007,-0.6967392,0.62908667,0
1.4009942,0.12064019,0.010618448,0.90794533,0.4176307,-0.034925401,0
0.063584983,0.97762668,-0.0011785626,-0.23839203,0.58321428,0.77655017,0
1.1070875,-0.44107056,0.41791427,0.34468007,-0.6967392,0.62908667,0
1.4513185,0.37942612,1.0506516,-0.23839203,0.58321428,0.77655017,0
1.2050062,0.75121367,-0.89856029,0.90794533,0.4176307,-0.034925401,0
1.5474119,-0.20165108,-0.10194409,0.90794533,0.4176307,-0.034925401,0
1.6556439,0.28523594,-0.24309731,0.90794533,0.4176307,-0.034925401,0
0.99829006,1.4058249,-0.38595945,-0.34468007,0.6967392,-0.62908667,0
1.0933995,0.25353977,-0.72451466,0.23839203,-0.58321428,-0.77655017,0
1.178422,0.61301911,0.34063351,0.90794533,0.4176307,-0.034925401,0
-1.4880881,0.07174091,-0.06868577,-0.90794533,-0.4176307,0.034925401,0
-0.25766349,0.61434108,-0.60767895,-0.34468007,0.6967392,-0.62908667,0
-0.2013014,-1.1220548,0.47487742,0.34468007,-0.6967392,0.62908667,0
0.50321585,0.97686124,-0.037069798,-0.23839203,0.58321428,0.77655017,0
-0.31044245,0.79036283,-0.18189925,-0.23839203,0.58321428,0.77655017,0
0.72905445,0.54657918,0.25833732,-0.23839203,0.58321428,0.77655017,0
0.55509853,-0.4823336,0.71914458,0.34468007,-0.6967392,0.62908667,0
-0.41304851,0.34242523,-1.0032005,-0.34468007,0.6967392,-0.62908667,0
1.5033042,0.094130158,0.75627148,0.90794533,0.4176307,-0.034925401,0
-0.19452134,-0.24393314,-0.59032428,0.23839203,-0.58321428,-0.77655017,0
-1.1062077,0.38239157,-0.69572872,-0.34468007,0.6967392,-0.62908667,0
-1.3042026,-0.58789361,-0.40600324,0.23839203,-0.58321428,-0.77655017,0
-0.14261371,0.46051696,-0.96787524,-0.34468007,0.6967392,-0.62908667,0
1.0228939,0.75199181,-0.76019794,0.23839203,-0.58321428,-0.77655017,0
-0.068620205,0.41607225,-0.78591532,0.23839203,-0.58321428,-0.77655017,0
-0.69052643,0.43386304,-0.71648353,-0.34468007,0.6967392,-0.62908667,0
-0.99949598,-0.27627885,-0.92345238,0.23839203,-0.58321428,-0.77655017,0
-1.1731859,0.14196908,-0.57288456,-0.34468007,0.6967392,-0.62908667,0
1.5452647,-0.023917854,0.90653861,-0.23839203,0.58321428,0.77655017,0
1.1684974,1.1770382,0.036547303,0.90794533,0.4176307,-0.034925401,0
-1.6366422,0.03176108,0.1780231,-0.90794533,-0.4176307,0.034925401,0
0.60455811,-0.3454423,-0.17490304,0.23839203,-0.58321428,-0.77655017,0
-0.84686023,-1.0322471,1.1933694,0.34468007,-0.6967392,0.62908667,0
1.5126697,0.73903286,0.33941555,0.90794533,0.4176307,-0.034925401,0
-1.0107335,-0.008623153,0.54554784,-0.23839203,0.58321428,0.77655017,0
-0.7000317,0.54152298,0.246317,-0.23839203,0.58321428,0.77655017,0
0.60500938,0.60381424,0.16742843,-0.23839203,0.58321428,0.77655017,0
-0.7225951,-0.56241441,1.0173105,-0.23839203,0.58321428,0.77655017,0
-1.6811266,-0.3759824,0.16997397,-0.90794533,-0.4176307,0.034925401,0
0.17772198,-1.025671,0.29462862,0.34468007,-0.6967392,0.62908667,0
-0.096550941,0.81825763,-0.31956908,-0.34468007,0.6967392,-0.62908667,0
1.1730384,-0.00024181604,-0.44261354,0.23839203,-0.58321428,-0.77655017,0
0.857207,1.2592399,-0.65082359,-0.34468007,0.6967392,-0.62908667,0
1.270565,0.49705231,-0.23337185,0.90794533,0.4176307,-0.034925401,0
-0.024554849,-0.62339354,0.98690945,0.34468007,-0.6967392,0.62908667,0
-0.97229433,-1.1834664,0.66629899,-0.90794533,-0.4176307,0.034925401,0
-0.9100877,-0.15068942,-0.95480388,-0.34468007,0.6967392,-0.62908667,0
-1.2537711,-0.60262567,-0.42050374,0.23839203,-0.58321428,-0.77655017,0
-1.4659209,-0.32558224,0.15626526,-0.90794533,-0.4176307,0.034925401,0
-0.15516043,0.89501196,-0.57813442,-0.34468007,0.6967392,-0.62908667,0
0.70477605,1.2226744,0.08759141,-0.23839203,0.58321428,0.77655017,0
0.65096211,1.5295559,-0.35685194,-0.34468007,0.6967392,-0.62908667,0
-1.1557453,0.48318577,-0.21220648,-0.34468007,0.6967392,-0.62908667,0
-0.32623067,-0.4640395,-0.54788679,0.23839203,-0.58321428,-0.77655017,0
-0.1402263,0.47423911,-0.7018612,-0.34468007,0.6967392,-0.62908667,0
1.6368352,0.34134632,-0.10248482,0.90794533,0.4176307,-0.034925401,0
-1.7237794,0.097440362,-0.44121027,-0.90794533,-0.4176307,0.034925401,0
-0.58977073,0.15590638,-0.69501978,0.23839203,-0.58321428,-0.77655017,0
-1.6356812,-0.012276441,-0.4674021,-0.90794533,-0.4176307,0.034925401,0
0.57150078,0.71271807,0.16252196,-0.23839203,0.58321428,0.77655017,0
1.3643658,0.93624836,-0.77287912,0.23839203,-0.58321428,-0.77655017,0
-1.0148392,-1.3703138,0.48441124,0.34468007,-0.6967392,0.62908667,0
-1.1727195,-0.98145568,0.29665351,-0.90794533,-0.4176307,0.034925401,0
-1.3489001,-0.67326558,0.0313555,-0.90794533,-0.4176307,0.034925401,0
-1.4867966,-0.73745006,0.50209677,-0.90794533,-0.4176307,0.034925401,0
-0.76736975,-0.31013829,-0.87845039,0.23839203,-0.58321428,-0.77655017,0
-0.4262425,-0.55360091,-0.13622743,0.23839203,-0.58321428,-0.77655017,0
0.56765866,0.50529557,0.55239332,-0.23839203,0.58321428,0.77655017,0
-1.1457355,-1.0088973,0.11834991,-0.90794533,-0.4176307,0.034925401,0
1.2134962,1.1242884,-0.68096662,0.90794533,0.4176307,-0.034925401,0
-0.97008127,-1.8143672,0.23400748,0.23839203,-0.58321428,-0.77655017,0
1.1339583,-0.72126752,0.43262601,0.34468007,-0.6967392,0.62908667,0
-0.55870271,-0.32618052,0.90701562,-0.23839203,0.58321428,0.77655017,0
-1.2723101,-0.3549327,0.34917712,-0.90794533,-0.4176307,0.034925401,0
1.4651049,0.7708146,-0.54328489,0.90794533,0.4176307,-0.034925401,0
1.3272256,-0.18645237,0.51968944,0.34468007,-0.6967392,0.62908667,0
-1.2408619,-0.80314112,-0.024043202,-0.90794533,-0.4176307,0.034925401,0
1.0970016,0.96288729,-0.35551047,0.90794533,0.4176307,-0.034925401,0
0.49301478,0.47884524,-0.65257114,0.23839203,-0.58321428,-0.77655017,0
0.24913663,0.70474958,-0.66192997,-0.34468007,0.6967392,-0.62908667,0
0.35618263,1.1394206,-0.19003105,-0.23839203,0.58321428,0.77655017,0
-0.67156208,0.85336989,-0.49826828,-0.34468007,0.6967392,-0.62908667,0
-1.2079667,0.38352022,-0.72148263,-0.34468007,0.6967392,-0.62908667,0
-1.4196492,-0.93482161,-0.14273047,-0.90794533,-0.4176307,0.034925401,0
-0.93518609,0.14972839,0.15907341,-0.23839203,0.58321428,0.77655017,0
-1.375843,0.099255666,-0.10544014,-0.23839203,0.58321428,0.77655017,0
-0.83513528,-1.4332656,0.077840209,-0.90794533,-0.4176307,0.034925401,0
1.6949043,0.22303623,0.32151639,0.90794533,0.4176307,-0.034925401,0
-0.36827743,0.45835978,-0.6121769,-0.34468007,0.6967392,-0.62908667,0
-0.6524868,0.082033813,-0.992064,0.23839203,-0.58321428,-0.77655017,0
0.87249774,0.87057674,-1.0501091,0.23839203,-0.58321428,-0.77655017,0
1.1598332,-0.51620162,0.69984341,0.34468007,-0.6967392,0.62908667,0
0.39782143,-0.56632328,0.52388936,0.34468007,-0.6967392,0.62908667,0
1.2689769,-0.43682259,0.32079971,0.34468007,-0.6967392,0.62908667,0
-0.91375864,-1.2805171,0.48243505,-0.90794533,-0.4176307,0.034925401,0
-1.5916927,-0.30341771,0.41121495,-0.90794533,-0.4176307,0.034925401,0
1.0438261,0.22072887,0.99488163,-0.23839203,0.58321428,0.77655017,0
0.042009413,0.97992307,-0.22675839,-0.34468007,0.6967392,-0.62908667,0
1.2957875,0.35267007,0.62163234,-0.23839203,0.58321428,0.77655017,0
0.94351333,0.1373558,-0.68415076,0.23839203,-0.58321428,-0.77655017,0
0.018927172,-0.090188026,-0.64280981,0.23839203,-0.58321428,-0.77655017,0
-0.010793567,-1.019024,0.73454988,0.34468007,-0.6967392,0.62908667,0
1.3297278,1.0746255,0.16625357,0.90794533,0.4176307,-0.034925401,0
-1.0333668,-0.9117136,0.43612665,-0.90794533,-0.4176307,0.034925401,0
-0.2453815,-0.22459,0.92581701,-0.23839203,0.58321428,0.77655017,0
1.3300885,0.34963799,0.45837116,0.90794533,0.4176307,-0.034925401,0
-0.48441699,0.13359189,0.37617359,-0.23839203,0.58321428,0.77655017,0
1.0568204,0.94194001,0.1755172,0.90794533,0.4176307,-0.034925401,0
-1.791508,-0.13446179,0.2118324,-0.90794533,-0.4176307,0.034925401,0
1.013153,-0.034929693,0.91571712,0.34468007,-0.6967392,0.62908667,0
-0.46137023,0.81541342,-0.39619642,-0.34468007,0.6967392,-0.62908667,0
0.42167264,-0.63813758,-0.27919194,0.23839203,-0.58321428,-0.77655017,0
-0.19994473,-0.67869067,0.71794438,0.34468007,-0.6967392,0.62908667,0
-1.5837119,-0.22927693,-0.079960108,-0.90794533,-0.4176307,0.034925401,0
-0.94072968,-0.0011202693,0.4957678,-0.23839203,0.58321428,0.77655017,0
-1.3295474,-0.63274646,0.040757656,-0.90794533,-0.4176307,0.034925401,0
-0.85738158,0.78286761,-0.27531052,-0.34468007,0.6967392,-0.62908667,0
1.239444,0.54236126,-0.73307502,0.23839203,-0.58321428,-0.77655017,0
1.5853537,0.30159581,0.092924833,0.90794533,0.4176307,-0.034925401,0
-1.2561588,-0.26163661,-1.0821437,0.23839203,-0.58321428,-0.77655017,0
-0.63493645,0.83067763,-0.54667366,-0.34468007,0.6967392,-0.62908667,0
1.3824631,0.31531021,-0.15562677,0.90794533,0.4176307,-0.034925401,0
-1.1995968,-0.65016019,-0.015803456,-0.90794533,-0.4176307,0.034925401,0
1.2596226,0.64536738,-0.26312363,0.90794533,0.4176307,-0.034925401,0
-0.21838397,-0.76677477,0.68654299,0.34468007,-0.6967392,0.62908667,0
1.0488577,1.3786607,-0.65559226,-0.34468007,0.6967392,-0.62908667,0
-0.76574761,0.40518203,-0.76693624,-0.34468007,0.6967392,-0.62908667,0
-1.8889171,0.33515254,-0.41889381,-0.34468007,0.6967392,-0.62908667,0
-1.17644,-0.60137522,0.15876913,-0.90794533,-0.4176307,0.034925401,0
-0.45040265,-0.008913219,-0.78340673,0.23839203,-0.58321428,-0.77655017,0
0.87443572,0.56530678,0.23395842,-0.23839203,0.58321428,0.77655017,0
0.57314241,0.81444287,-1.0207305,-0.34468007,0.6967392,-0.62908667,0
-1.2051965,0.19279695,0.010686994,-0.23839203,0.58321428,0.77655017,0
-1.6966763,-0.20187771,-0.58189344,-0.34468007,0.6967392,-0.62908667,0
-0.63671589,0.64346552,-0.65300989,-0.34468007,0.6967392,-0.62908667,0
-0.79732913,0.74432921,-0.1538009,-0.23839203,0.58321428,0.77655017,0
0.28646296,-0.6735965,-0.24908084,0.23839203,-0.58321428,-0.77655017,0
-1.5754929,0.043077409,-0.84383488,-0.34468007,0.6967392,-0.62908667,0
-0.09289062,0.58986819,0.027629096,-0.23839203,0.58321428,0.77655017,0
1.1029358,-0.50952488,0.21308374,0.34468007,-0.6967392,0.62908667,0
1.2336392,1.2749745,-0.62913084,0.90794533,0.4176307,-0.034925401,0
1.435025,0.65636772,-0.010733366,0.90794533,0.4176307,-0.034925401,0
0.35372347,1.140385,-0.70844215,-0.34468007,0.6967392,-0.62908667,0
0.85772455,1.1928382,-0.98202604,-0.34468007,0.6967392,-0.62908667,0
-0.13102978,-0.63539338,0.76005381,0.34468007,-0.6967392,0.62908667,0
1.0518482,1.2401609,-0.15199208,0.90794533,0.4176307,-0.034925401,0
-1.6472312,-0.051829875,-0.74488163,-0.34468007,0.6967392,-0.62908667,0
1.3079789,-0.20367908,0.92454648,0.34468007,-0.6967392,0.62908667,0
1.0696745,0.28992015,-0.5312345,0.23839203,-0.58321428,-0.77655017,0
0.60400605,1.4238071,-0.55283809,-0.34468007,0.6967392,-0.62908667,0
-1.2799253,0.32154638,-0.34892702,-0.34468007,0.6967392,-0.62908667,0
0.77902281,1.2239702,-0.81950647,-0.34468007,0.6967392,-0.62908667,0
-1.0179418,-0.48515087,-0.74967217,0.23839203,-0.58321428,-0.77655017,0
-0.75683767,0.59831291,-0.20982212,-0.34468007,0.6967392,-0.62908667,0
1.1994926,-0.55642372,0.60759711,0.34468007,-0.6967392,0.62908667,0
0.20433331,-0.73803002,0.4303464,0.34468007,-0.6967392,0.62908667,0
-1.3195516,-0.43049756,0.31089354,-0.90794533,-0.4176307,0.034925401,0
-1.063202,-1.2261441,0.63081908,0.34468007,-0.6967392,0.62908667,0
1.7412128,-0.073560342,0.26914227,0.90794533,0.4176307,-0.034925401,0
1.5240148,-0.067623876,0.061783552,0.23839203,-0.58321428,-0.77655017,0
1.3205305,0.48534501,0.85626769,0.90794533,0.4176307,-0.034925401,0
0.66299367,-0.42117,-0.13176504,0.23839203,-0.58321428,-0.77655017,0
0.6410709,0.69185781,0.49219942,-0.23839203,0.58321428,0.77655017,0
-0.31863236,1.0684463,-0.33236703,-0.34468007,0.6967392,-0.62908667,0
-0.83158469,0.52798009,-0.2962783,-0.34468007,0.6967392,-0.62908667,0
-1.0137935,-1.1189476,0.7844882,0.34468007,-0.6967392,0.62908667,0
1.242072,-0.22447538,0.43607044,0.34468007,-0.6967392,0.62908667,0
0.98108959,1.4432862,-0.65531456,-0.34468007,0.6967392,-0.62908667,0
-1.2761979,-1.0617243,0.58458877,-0.90794533,-0.4176307,0.034925401,0
-1.6633731,0.083982348,-0.3215009,-0.90794533,-0.4176307,0.034925401,0
-1.4917201,0.10354748,-0.57297385,-0.34468007,0.6967392,-0.62908667,0
-0.34391582,0.41041005,-0.89901799,-0.34468007,0.6967392,-0.62908667,0
-1.1667637,-1.3615332,0.55642784,-0.90794533,-0.4176307,0.034925401,0
-1.8871903,0.16174561,-0.041252136,-0.90794533,-0.4176307,0.034925401,0
-0.45300436,-0.90690255,0.85633636,0.34468007,-0.6967392,0.62908667,0
0.49124563,-0.075181484,-0.64887655,0.23839203,-0.58321428,-0.77655017,0
-0.094949007,0.92576939,-0.39796627,-0.34468007,0.6967392,-0.62908667,0
0.83464158,0.3955729,-0.84785229,0.23839203,-0.58321428,-0.77655017,0
1.7737584,-0.10935812,-0.049747825,0.90794533,0.4176307,-0.034925401,0
1.6454408,-0.28399163,0.3955195,0.90794533,0.4176307,-0.034925401,0
-1.2455487,-0.6577462,0.45187289,-0.90794533,-0.4176307,0.034925401,0
1.2451851,1.2158141,-0.35216022,0.90794533,0.4176307,-0.034925401,0
-1.3903706,-0.72155708,-0.19125509,-0.90794533,-0.4176307,0.034925401,0
-1.1871393,0.62321234,-0.25770438,-0.23839203,0.58321428,0.77655017,0
0.068847775,-0.46803942,0.77690923,0.34468007,-0.6967392,0.62908667,0
0.14682746,0.68426067,-0.6839354,-0.34468007,0.6967392,-0.62908667,0
0.23410648,0.90380245,-1.000005,-0.34468007,0.6967392,-0.62908667,0
1.2701522,1.0142865,-1.0265689,0.90794533,0.4176307,-0.034925401,0
1.1592481,0.81383377,0.25906098,0.90794533,0.4176307,-0.034925401,0
-0.92993963,-1.3486339,0.76014423,0.34468007,-0.6967392,0.62908667,0
1.5455604,-0.11535802,0.034991264,0.90794533,0.4176307,-0.034925401,0
-0.7486645,0.23941708,-0.8286159,-0.34468007,0.6967392,-0.62908667,0
-1.5488546,0.004452765,-0.89698982,-0.34468007,0.6967392,-0.62908667,0
1.3116405,-0.39539033,0.052250624,0.23839203,-0.58321428,-0.77655017,0
1.3034283,0.68978661,0.50967491,-0.23839203,0.58321428,0.77655017,0
-0.68943572,0.33578092,-0.75143278,-0.34468007,0.6967392,-0.62908667,0
-0.22984602,-0.47928244,-0.5117811,0.23839203,-0.58321428,-0.77655017,0
0.58301777,1.2374356,-0.83966142,-0.34468007,0.6967392,-0.62908667,0
-1.2807739,-0.41652068,0.57717633,-0.23839203,0.58321428,0.77655017,0
1.5854635,0.36553377,0.0096391439,0.90794533,0.4176307,-0.034925401,0
0.94627821,1.2420075,-0.61929631,-0.34468007,0.6967392,-0.62908667,0
-1.5143607,0.5323115,-0.40944743,-0.34468007,0.6967392,-0.62908667,0
0.12911338,1.0994368,-0.33260471,-0.34468007,0.6967392,-0.62908667,0
1.0975959,1.2254448,0.02562058,-0.23839203,0.58321428,0.77655017,0
-1.149754,0.11915192,-0.66864192,-0.34468007,0.6967392,-0.62908667,0
-1.3490945,0.11713237,-0.76188004,-0.34468007,0.6967392,-0.62908667,0
0.64419001,1.4140751,-0.59267455,-0.34468007,0.6967392,-0.62908667,0
-0.27721936,-0.49337685,-0.5171833,0.23839203,-0.58321428,-0.77655017,0
-0.65619278,0.58305836,-0.22488445,-0.23839203,0.58321428,0.77655017,0
-1.3373418,-0.33660957,0.31626964,-0.90794533,-0.4176307,0.034925401,0
1.5428835,0.60365331,0.51091206,0.90794533,0.4176307,-0.034925401,0
-0.33597481,0.028930604,-0.82741517,0.23839203,-0.58321428,-0.77655017,0
0.29270875,1.2189379,-0.54037088,-0.34468007,0.6967392,-0.62908667,0
-1.1335598,-1.4513755,0.79086614,0.34468007,-0.6967392,0.62908667,0
1.3411279,1.0362284,-0.23138392,0.90794533,0.4176307,-0.034925401,0
0.47301072,0.59308404,0.48250377,-0.23839203,0.58321428,0.77655017,0
-1.188875,-0.33535695,-0.83585477,0.23839203,-0.58321428,-0.77655017,0
-0.65545976,0.49367768,0.075763255,-0.23839203,0.58321428,0.77655017,0
-0.9199543,-0.77166092,1.0697144,-0.23839203,0.58321428,0.77655017,0
-0.17849398,0.87880862,-0.75915247,-0.34468007,0.6967392,-0.62908667,0
0.23642546,0.72026247,-0.8022328,-0.34468007,0.6967392,-0.62908667,0
-0.017728806,0.95143455,-0.41790131,-0.34468007,0.6967392,-0.62908667,0
-0.96541125,-0.30370772,-0.55157477,0.23839203,-0.58321428,-0.77655017,0
-1.6721087,-0.10218681,-0.17397952,-0.90794533,-0.4176307,0.034925401,0
0.18830532,0.97194695,-0.096638888,-0.23839203,0.58321428,0.77655017,0
0.75760001,-0.05922395,-0.58700317,0.23839203,-0.58321428,-0.77655017,0
-0.7226277,-1.2952913,0.83039844,0.34468007,-0.6967392,0.62908667,0
-1.4379985,-0.39510581,-0.057014942,-0.90794533,-0.4176307,0.034925401,0
0.97157311,1.5009669,-0.57162941,0.90794533,0.4176307,-0.034925401,0
0.34385991,1.1893654,-0.56527567,-0.34468007,0.6967392,-0.62908667,0
0.47924531,-0.30905616,1.0650712,0.34468007,-0.6967392,0.62908667,0
1.1977329,1.0016688,-0.86310846,0.90794533,0.4176307,-0.034925401,0
-1.8911669,0.51797414,-0.098318219,-0.34468007,0.6967392,-0.62908667,0
-1.6696668,0.24360582,-0.25403523,-0.34468007,0.6967392,-0.62908667,0
0.68113077,0.74328309,0.516747,-0.23839203,0.58321428,0.77655017,0
-0.23089075,-0.43303716,0.8632772,-0.23839203,0.58321428,0.77655017,0
-1.3646958,-0.62782013,-0.1294198,-0.90794533,-0.4176307,0.034925401,0
1.6947927,-0.074421525,0.44747293,0.90794533,0.4176307,-0.034925401,0
-1.4898274,0.30357292,0.16976571,-0.23839203,0.58321428,0.77655017,0
0.50758451,0.28903428,-0.7835182,0.23839203,-0.58321428,-0.77655017,0
-0.091098689,0.044147611,0.60599512,-0.23839203,0.58321428,0.77655017,0
-1.629143,0.044687808,-0.67593575,-0.90794533,-0.4176307,0.034925401,0
0.11697018,0.96136701,-0.84934914,-0.34468007,0.6967392,-0.62908667,0
-1.0228752,-0.37736923,-0.49557674,0.23839203,-0.58321428,-0.77655017,0
1.5749071,0.20686524,-0.17752624,0.90794533,0.4176307,-0.034925401,0
-0.92989957,0.27116615,0.32593316,-0.23839203,0.58321428,0.77655017,0
-1.3331195,-0.45142025,0.42834091,-0.90794533,-0.4176307,0.034925401,0
1.9110465,-0.35046268,0.41634595,0.34468007,-0.6967392,0.62908667,0
1.0522662,1.5074996,-0.24453592,-0.34468007,0.6967392,-0.62908667,0
-1.4281458,-0.27459711,-0.048898101,-0.90794533,-0.4176307,0.034925401,0
-1.2209963,-0.14851469,-0.85158801,-0.34468007,0.6967392,-0.62908667,0
-0.79770303,0.83250165,-0.25298762,-0.34468007,0.6967392,-0.62908667,0
-0.43922234,-0.29088134,0.86990428,-0.23839203,0.58321428,0.77655017,0
0.29314291,-0.79145873,0.800942,0.34468007,-0.6967392,0.62908667,0
0.096652552,0.0037661791,-0.63302052,0.23839203,-0.58321428,-0.77655017,0
-0.60432053,0.68570292,0.1936819,-0.23839203,0.58321428,0.77655017,0
-1.3593401,-0.55059534,0.39518881,-0.90794533,-0.4176307,0.034925401,0
-0.5836978,0.3354899,-0.77347326,-0.34468007,0.6967392,-0.62908667,0
0.4775216,0.77212375,-0.78049517,-0.34468007,0.6967392,-0.62908667,0
0.51802164,-0.29077673,0.84502506,-0.23839203,0.58321428,0.77655017,0
-1.01051,0.010859728,-1.0645745,-0.34468007,0.6967392,-0.62908667,0
1.5560756,-0.48208773,0.097036719,0.23839203,-0.58321428,-0.77655017,0
-0.78939259,-0.36569831,0.62498146,-0.23839203,0.58321428,0.77655017,0
-1.4510899,-0.67726845,0.68606669,-0.90794533,-0.4176307,0.034925401,0
-1.3722106,0.1688742,-0.75155652,-0.34468007,0.6967392,-0.62908667,0
-1.654794,-0.073759139,-0.62881553,-0.90794533,-0.4176307,0.034925401,0
-0.42940587,0.79530025,-0.29117566,-0.34468007,0.6967392,-0.62908667,0
-0.24817014,0.56812274,-0.57017428,-0.34468007,0.6967392,-0.62908667,0
-1.6268278,-0.39239618,0.046730399,-0.90794533,-0.4176307,0.034925401,0
-1.3377252,-0.4581815,0.31037092,-0.90794533,-0.4176307,0.034925401,0
0.79272866,-0.51565385,0.58618802,0.34468007,-0.6967392,0.62908667,0
-1.7485427,0.4289543,-0.20436764,-0.34468007,0.6967392,-0.62908667,0
0.35098243,0.86556464,-0.73119766,-0.34468007,0.6967392,-0.62908667,0
1.2897462,0.068230689,0.69863105,0.34468007,-0.6967392,0.62908667,0
-0.40995473,-1.435441,0.46737102,0.23839203,-0.58321428,-0.77655017,0
-0.80075103,-0.70561743,0.89018661,-0.23839203,0.58321428,0.77655017,0
-0.95615387,-0.53235286,-0.36954808,0.23839203,-0.58321428,-0.77655017,0
-0.23661113,-1.3106697,0.35825455,0.34468007,-0.6967392,0.62908667,0
-0.49073219,0.49353522,-1.0851163,-0.34468007,0.6967392,-0.62908667,0
0.53993297,0.49229234,0.38460046,-0.23839203,0.58321428,0.77655017,0
-0.13984561,0.26814359,-0.96892029,-0.34468007,0.6967392,-0.62908667,0
1.4471309,0.072835982,0.012797713,0.90794533,0.4176307,-0.034925401,0
1.2818427,1.0093994,-0.67080951,0.90794533,0.4176307,-0.034925401,0
0.60346699,1.455902,-0.51890576,-0.34468007,0.6967392,-0.62908667,0
-0.050443292,0.8951332,-0.49489617,-0.34468007,0.6967392,-0.62908667,0
-1.4827684,-0.53479278,-0.84614456,-0.90794533,-0.4176307,0.034925401,0
-1.165741,0.34168413,-0.094504833,-0.23839203,0.58321428,0.77655017,0
1.2291031,0.98799467,-0.10955191,0.90794533,0.4176307,-0.034925401,0
-1.5106473,-0.24268755,-0.243765,-0.90794533,-0.4176307,0.034925401,0
-0.64640534,-0.16476148,-0.51807207,0.23839203,-0.58321428,-0.77655017,0
1.1140727,1.5133619,-0.26798642,0.90794533,0.4176307,-0.034925401,0
0.88294697,1.1906928,-0.88405055,-0.34468007,0.6967392,-0.62908667,0
0.32205373,-0.43568385,0.94540274,0.34468007,-0.6967392,0.62908667,0
-0.83397949,-0.96074402,-0.29917789,0.23839203,-0.58321428,-0.77655017,0
-1.6226873,0.07341329,-0.10107839,-0.90794533,-0.4176307,0.034925401,0
0.83215952,-0.56021178,0.25242269,0.34468007,-0.6967392,0.62908667,0
-0.40653223,0.58496296,0.053704396,-0.23839203,0.58321428,0.77655017,0
-0.79427969,-0.26415664,-0.54807353,0.23839203,-0.58321428,-0.77655017,0
0.30922765,-0.20617992,0.92572087,-0.23839203,0.58321428,0.77655017,0
1.5906047,-0.080421567,0.91186082,0.34468007,-0.6967392,0.62908667,0
-1.3512579,-1.024582,-0.18772864,0.23839203,-0.58321428,-0.77655017,0
-0.55070686,-0.71977621,-0.21081358,0.23839203,-0.58321428,-0.77655017,0
-1.1562381,-0.83179784,0.78591853,-0.90794533,-0.4176307,0.034925401,0
-1.9049497,0.15299529,-0.49689496,-0.90794533,-0.4176307,0.034925401,0
0.77482313,1.4748161,-0.16199321,-0.34468007,0.6967392,-0.62908667,0
1.2510982,1.0270413,0.30124509,0.90794533,0.4176307,-0.034925401,0
-1.2099439,-0.57214111,-0.2083919,-0.90794533,-0.4176307,0.034925401,0
0.92489636,-0.61972088,0.15857774,0.23839203,-0.58321428,-0.77655017,0
-0.59963155,-0.21345764,-0.7532146,0.23839203,-0.58321428,-0.77655017,0
1.0999378,0.4169414,-0.83390474,0.23839203,-0.58321428,-0.77655017,0
-0.30837846,-1.2139421,0.72138476,0.34468007,-0.6967392,0.62908667,0
-1.0379273,-1.0784907,0.18847454,-0.90794533,-0.4176307,0.034925401,0
1.5572762,0.069007576,0.57144582,0.90794533,0.4176307,-0.034925401,0
0.063401818,0.27155411,-0.59953219,0.23839203,-0.58321428,-0.77655017,0
1.5310794,-0.054650016,-0.064884067,0.90794533,0.4176307,-0.034925401,0
1.4360368,0.82356244,0.12322187,0.90794533,0.4176307,-0.034925401,0
1.2389663,1.337145,-0.33973455,0.90794533,0.4176307,-0.034925401,0
1.0578969,0.28597087,0.70525467,-0.23839203,0.58321428,0.77655017,0
0.36795217,-0.89233875,0.22237961,0.34468007,-0.6967392,0.62908667,0
-1.2637506,0.034057915,-1.0739688,-0.34468007,0.6967392,-0.62908667,0
1.4393334,0.24364302,-0.46555495,0.23839203,-0.58321428,-0.77655017,0
-0.36672008,0.47089884,-0.87627506,-0.34468007,0.6967392,-0.62908667,0
-0.54975069,-0.22705492,0.40620726,-0.23839203,0.58321428,0.77655017,0
1.172912,0.67054319,0.5619446,0.90794533,0.4176307,-0.034925401,0
-0.95267546,-0.10284072,-1.0161625,0.23839203,-0.58321428,-0.77655017,0
0.72015822,0.78936893,0.3383444,-0.23839203,0.58321428,0.77655017,0
-0.76390254,-0.79346174,-0.50404835,0.23839203,-0.58321428,-0.77655017,0
-1.289978,-0.42921448,0.51706529,-0.90794533,-0.4176307,0.034925401,0
0.52185553,-0.5771178,0.52116799,0.34468007,-0.6967392,0.62908667,0
0.6930325,-0.81054288,0.20218131,0.23839203,-0.58321428,-0.77655017,0
-1.0353324,-0.92125452,0.25491023,-0.90794533,-0.4176307,0.034925401,0
-1.4849761,-0.32086429,-0.292557,-0.90794533,-0.4176307,0.034925401,0
-1.0165154,-0.95260751,0.81976247,0.34468007,-0.6967392,0.62908667,0
0.31868273,-0.34283853,0.8574512,-0.23839203,0.58321428,0.77655017,0
1.3341304,0.67048037,0.24789262,0.90794533,0.4176307,-0.034925401,0
1.9375226,-0.1707568,0.35589683,0.90794533,0.4176307,-0.034925401,0
-1.2783668,-0.69428664,-0.038942933,-0.90794533,-0.4176307,0.034925401,0
0.52239454,-1.1392541,0.16839913,0.34468007,-0.6967392,0.62908667,0
1.4299457,0.21351194,0.79995894,0.90794533,0.4176307,-0.034925401,0
-1.3312836,-0.36891863,-0.11311984,-0.90794533,-0.4176307,0.034925401,0
0.90998936,0.43976921,-0.47830033,0.23839203,-0.58321428,-0.77655017,0
-0.96262228,-0.13169929,0.42292392,-0.23839203,0.58321428,0.77655017,0
0.79051149,1.4131901,-0.052102208,-0.23839203,0.58321428,0.77655017,0
1.285877,0.23605528,-0.34013546,0.23839203,-0.58321428,-0.77655017,0
-1.0997078,-0.79168105,0.90381992,-0.90794533,-0.4176307,0.034925401,0
-1.3574362,0.10735863,-0.79500997,-0.34468007,0.6967392,-0.62908667,0
0.43114278,-0.31889066,-0.22879088,0.23839203,-0.58321428,-0.77655017,0
-1.3860865,-0.29583669,-0.96573222,-0.34468007,0.6967392,-0.62908667,0
-0.84206259,-1.3455853,0.54241782,-0.90794533,-0.4176307,0.034925401,0
-1.1123983,-1.0026644,0.68423796,-0.90794533,-0.4176307,0.034925401,0
-0.83645171,-1.7285813,0.41973186,0.34468007,-0.6967392,0.62908667,0
0.71922117,0.87372673,0.16689092,-0.23839203,0.58321428,0.77655017,0
-1.4102787,-0.48592335,-0.21879804,-0.90794533,-0.4176307,0.034925401,0
-1.1592777,-1.2008276,0.62033063,-0.90794533,-0.4176307,0.034925401,0
-1.5227956,0.45461529,-0.48393047,-0.34468007,0.6967392,-0.62908667,0
0.065842718,0.38156566,0.30809715,-0.23839203,0.58321428,0.77655017,0
-0.41199189,0.62849194,-0.48104605,-0.34468007,0.6967392,-0.62908667,0
-1.1815009,0.11381921,-0.65850782,-0.34468007,0.6967392,-0.62908667,0
-0.19465649,-1.0236815,0.76821285,0.34468007,-0.6967392,0.62908667,0
-1.6393986,-0.34840453,-0.19580591,-0.90794533,-0.4176307,0.034925401,0
-1.3728911,-0.19721794,-0.39503872,-0.90794533,-0.4176307,0.034925401,0
-1.0332636,-1.4430884,0.72936451,-0.90794533,-0.4176307,0.034925401,0
1.8055727,0.14489949,1.0087792,0.90794533,0.4176307,-0.034925401,0
-1.7643986,-0.084726632,-0.55665088,-0.90794533,-0.4176307,0.034925401,0
-0.45968318,0.76538134,-0.21041268,-0.23839203,0.58321428,0.77655017,0
1.0534047,0.98929155,-0.78332281,0.90794533,0.4176307,-0.034925401,0
-0.88182944,-1.1832561,0.4652074,-0.90794533,-0.4176307,0.034925401,0
-1.3173833,-0.49012613,0.63569081,-0.90794533,-0.4176307,0.034925401,0
0.86187398,-0.010912299,0.91262698,-0.23839203,0.58321428,0.77655017,0
0.57654887,-0.12507957,0.92466944,0.34468007,-0.6967392,0.62908667,0
1.2003396,0.079606652,0.95168972,0.34468007,-0.6967392,0.62908667,0
-0.36876422,-0.38266498,-0.53219104,0.23839203,-0.58321428,-0.77655017,0
0.98910868,1.5282466,-0.26342821,-0.34468007,0.6967392,-0.62908667,0
-0.15180612,0.63349873,-0.99319923,-0.34468007,0.6967392,-0.62908667,0
1.3135855,0.79961562,-0.9205932,0.23839203,-0.58321428,-0.77655017,0
1.1860602,0.92299944,0.18490624,0.90794533,0.4176307,-0.034925401,0
0.67265368,-0.26635897,-0.29432625,0.23839203,-0.58321428,-0.77655017,0
-1.6198448,0.25885087,0.020650029,-0.90794533,-0.4176307,0.034925401,0
1.1931547,1.0225986,0.26848638,0.90794533,0.4176307,-0.034925401,0
0.63396263,-0.48611006,0.69793868,0.34468007,-0.6967392,0.62908667,0
0.49526244,-0.81169045,0.11658069,0.34468007,-0.6967392,0.62908667,0
1.2823204,0.70607603,0.54880583,-0.23839203,0.58321428,0.77655017,0
0.46703285,-0.29185724,-0.081611663,0.23839203,-0.58321428,-0.77655017,0
1.7657938,-0.09041889,-0.20439768,0.90794533,0.4176307,-0.034925401,0
-1.5455389,0.25746176,-0.72454739,-0.34468007,0.6967392,-0.62908667,0
1.3517359,0.46562096,-0.47055137,0.90794533,0.4176307,-0.034925401,0
-0.88278306,-1.0500596,0.11462462,0.23839203,-0.58321428,-0.77655017,0
-0.71623766,0.4148688,-1.0107654,-0.34468007,0.6967392,-0.62908667,0
0.97550392,1.0489256,-0.076340556,0.90794533,0.4176307,-0.034925401,0
0.91594672,-0.36777198,0.67728078,0.34468007,-0.6967392,0.62908667,0
-0.7747696,-0.47775093,0.70129889,-0.23839203,0.58321428,0.77655017,0
1.252936,0.74644744,-0.23514307,0.90794533,0.4176307,-0.034925401,0
-0.035574913,1.1467481,-0.4246169,-0.23839203,0.58321428,0.77655017,0
-0.99176502,-0.50966668,0.68905377,-0.23839203,0.58321428,0.77655017,0
0.44144917,1.355037,-0.62164378,-0.34468007,0.6967392,-0.62908667,0
1.5988884,0.17042312,-0.08548975,0.90794533,0.4176307,-0.034925401,0
-0.89545172,-1.2161242,0.43260747,0.34468007,-0.6967392,0.62908667,0
1.1082195,1.3905153,-0.68070513,0.90794533,0.4176307,-0.034925401,0
-1.2950233,-0.31671211,0.03734529,-0.90794533,-0.4176307,0.034925401,0
-1.8465472,-0.039002925,-0.35810626,-0.90794533,-0.4176307,0.034925401,0
-1.776521,-0.0017822981,-0.35794365,-0.90794533,-0.4176307,0.034925401,0
-1.4997997,-0.75055134,0.3373059,-0.90794533,-0.4176307,0.034925401,0
-0.5981282,-1.6198616,0.26259899,0.34468007,-0.6967392,0.62908667,0
1.1460658,-0.62183237,-0.021585464,0.34468007,-0.6967392,0.62908667,0
0.72895819,0.018131912,-0.35541588,0.23839203,-0.58321428,-0.77655017,0
1.6134604,-0.39536601,0.37266171,0.34468007,-0.6967392,0.62908667,0
1.3334364,0.35851169,-0.089667797,0.90794533,0.4176307,-0.034925401,0
-1.2249211,0.51603901,0.035687327,-0.23839203,0.58321428,0.77655017,0
-0.71901751,0.24204808,0.15603429,-0.23839203,0.58321428,0.77655017,0
1.2710365,0.84660494,0.030979872,0.90794533,0.4176307,-0.034925401,0
1.2737265,0.13009846,0.99852741,-0.23839203,0.58321428,0.77655017,0
0.30100474,-0.2371664,-0.59662908,0.23839203,-0.58321428,-0.77655017,0
0.64178729,-0.31768218,-0.29922453,0.23839203,-0.58321428,-0.77655017,0
-1.7276094,-0.2486361,-0.26878452,-0.90794533,-0.4176307,0.034925401,0
1.2431135,0.90749353,-0.54014748,0.90794533,0.4176307,-0.034925401,0
-0.51777804,0.91389561,-0.15217477,-0.34468007,0.6967392,-0.62908667,0
1.198038,1.1802988,-0.40516543,0.90794533,0.4176307,-0.034925401,0
-0.18546437,-0.34771141,-0.18490227,0.23839203,-0.58321428,-0.77655017,0
-1.1211329,-0.61785567,0.92878854,-0.90794533,-0.4176307,0.034925401,0
-1.019155,0.22927678,0.29634219,-0.23839203,0.58321428,0.77655017,0
1.3215775,0.28056842,-0.0017772913,0.90794533,0.4176307,-0.034925401,0
-0.92245364,0.23016101,-1.0546732,-0.34468007,0.6967392,-0.62908667,0
-1.6786112,-0.40079778,-0.65146422,-0.90794533,-0.4176307,0.034925401,0
-1.1889458,-0.74579263,0.57605404,-0.90794533,-0.4176307,0.034925401,0
-1.3983467,-0.25541592,-0.7783978,-0.90794533,-0.4176307,0.034925401,0
0.033917844,0.55830044,-0.70592499,-0.34468007,0.6967392,-0.62908667,0
-1.6035486,-0.1922853,-1.0844554,-0.34468007,0.6967392,-0.62908667,0
1.0365283,1.06793,-0.48314667,0.90794533,0.4176307,-0.034925401,0
1.5043681,-0.50156057,0.40739453,0.34468007,-0.6967392,0.62908667,0
-1.4349182,-0.15398359,-0.51196432,-0.90794533,-0.4176307,0.034925401,0
-1.0733169,-1.0661283,0.10839796,-0.90794533,-0.4176307,0.034925401,0
0.98702508,-0.0038973093,-0.084466398,0.23839203,-0.58321428,-0.77655017,0
-1.0592511,-1.2432542,1.0746067,0.34468007,-0.6967392,0.62908667,0
0.04525876,1.0885934,-0.65464896,-0.34468007,0.6967392,-0.62908667,0
1.3969455,0.037012219,1.0833386,0.34468007,-0.6967392,0.62908667,0
-1.3186953,-0.52878129,-0.78108728,-0.90794533,-0.4176307,0.034925401,0
-0.28564841,0.7411623,-0.15975091,-0.23839203,0.58321428,0.77655017,0
1.5881921,0.57864678,-0.19843161,0.90794533,0.4176307,-0.034925401,0
1.2479653,0.4854852,0.33161688,0.90794533,0.4176307,-0.034925401,0
-1.2800283,-0.70802259,-0.679726,-0.90794533,-0.4176307,0.034925401,0
0.20209706,1.2713528,-0.47547266,-0.34468007,0.6967392,-0.62908667,0
-1.5680068,-0.34097707,-0.65616226,-0.90794533,-0.4176307,0.034925401,0
1.3762125,0.24696073,-0.23502493,0.23839203,-0.58321428,-0.77655017,0
-0.6408934,-1.332122,0.72123265,0.34468007,-0.6967392,0.62908667,0
-0.61087918,-0.85150659,0.66589636,0.34468007,-0.6967392,0.62908667,0
-1.5233037,0.2367197,-0.50720239,-0.34468007,0.6967392,-0.62908667,0
0.99784374,-0.11253369,1.0349555,-0.23839203,0.58321428,0.77655017,0
1.2574992,1.0377078,0.20676661,0.90794533,0.4176307,-0.034925401,0
-1.2968342,-0.20680153,-0.98928952,-0.34468007,0.6967392,-0.62908667,0
0.014012814,-1.1656491,0.48482335,0.23839203,-0.58321428,-0.77655017,0
0.22167873,1.0485102,-0.71457624,-0.34468007,0.6967392,-0.62908667,0
-1.3866899,-0.82784647,0.36370015,-0.90794533,-0.4176307,0.034925401,0
0.3351422,0.8229422,-0.68405408,-0.34468007,0.6967392,-0.62908667,0
0.028977394,1.2068142,-0.25741604,-0.34468007,0.6967392,-0.62908667,0
-1.4513944,-0.31899247,-0.14899945,-0.90794533,-0.4176307,0.034925401,0
-1.4766246,-0.48468083,-0.28223431,-0.90794533,-0.4176307,0.034925401,0
-1.2456825,-1.0546765,-0.2960732,-0.90794533,-0.4176307,0.034925401,0
1.0337585,1.0039897,-0.37690538,0.90794533,0.4176307,-0.034925401,0
-1.2402651,-0.66278446,-0.1226542,-0.90794533,-0.4176307,0.034925401,0
-1.2996082,-0.46701771,-0.62941897,0.23839203,-0.58321428,-0.77655017,0
-1.0390505,-1.3861563,0.76225549,-0.90794533,-0.4176307,0.034925401,0
0.6984939,1.3734581,-0.5863117,-0.34468007,0.6967392,-0.62908667,0
0.068123996,-0.34060261,0.81690472,-0.23839203,0.58321428,0.77655017,0
1.754329,-0.20973451,0.50799143,0.34468007,-0.6967392,0.62908667,0
-1.2980647,-0.081103444,-0.73173499,0.23839203,-0.58321428,-0.77655017,0
1.4319417,0.67907047,0.087368488,0.90794533,0.4176307,-0.034925401,0
0.0088370144,0.14162248,0.74855107,-0.23839203,0.58321428,0.77655017,0
0.41388202,0.56673652,0.55917406,-0.23839203,0.58321428,0.77655017,0
-0.77640653,-0.21769917,0.38617039,-0.23839203,0.58321428,0.77655017,0
1.4569324,-0.043473184,-0.31131268,0.90794533,0.4176307,-0.034925401,0
1.7576876,0.22344756,0.42071927,0.90794533,0.4176307,-0.034925401,0
1.2493954,0.80824697,-0.31947935,0.90794533,0.4176307,-0.034925401,0
1.4857061,0.68795472,-0.53895962,0.23839203,-0.58321428,-0.77655017,0
-0.05155617,-0.71382451,0.044246644,0.23839203,-0.58321428,-0.77655017,0
1.4086559,0.21009074,-0.14363647,0.90794533,0.4176307,-0.034925401,0
1.3613018,0.58009374,-0.47113574,0.90794533,0.4176307,-0.034925401,0
1.2914903,-0.026598811,0.61973953,0.34468007,-0.6967392,0.62908667,0
-0.87639534,-0.16468427,0.4627865,-0.23839203,0.58321428,0.77655017,0
1.3176095,0.46612877,-0.71023023,0.23839203,-0.58321428,-0.77655017,0
-1.6309588,-0.39372438,-0.34303594,-0.90794533,-0.4176307,0.034925401,0
-0.36279106,0.63965976,-0.52020705,-0.34468007,0.6967392,-0.62908667,0
0.74193954,1.4637341,-0.65738416,-0.34468007,0.6967392,-0.62908667,0
0.98815364,-0.36162865,0.52831686,0.34468007,-0.6967392,0.62908667,0
0.069319196,-0.13924581,-0.63332498,0.23839203,-0.58321428,-0.77655017,0
1.5888035,-0.10855526,0.64677143,0.34468007,-0.6967392,0.62908667,0
-1.130321,-0.96281749,0.60743845,-0.90794533,-0.4176307,0.034925401,0
-1.1276911,0.73121655,-0.18931365,-0.34468007,0.6967392,-0.62908667,0
-1.3230522,0.52871323,-0.28887451,-0.34468007,0.6967392,-0.62908667,0
0.4006401,-0.50715619,-0.38612911,0.23839203,-0.58321428,-0.77655017,0
-0.22101885,0.40370542,-0.76449525,-0.34468007,0.6967392,-0.62908667,0
-0.13202262,0.34948283,0.44354969,-0.23839203,0.58321428,0.77655017,0
-1.2984614,0.034942985,-0.75476789,-0.34468007,0.6967392,-0.62908667,0
0.89046329,1.1545612,-0.61995476,-0.34468007,0.6967392,-0.62908667,0
-1.3084381,-0.25252202,0.47457188,-0.90794533,-0.4176307,0.034925401,0
-1.0572519,-1.0259202,-0.068650961,-0.90794533,-0.4176307,0.034925401,0
-0.25666362,-0.97676873,0.90315074,0.34468007,-0.6967392,0.62908667,0
-0.86713982,-0.63455379,0.88267332,-0.23839203,0.58321428,0.77655017,0
-1.4267931,0.6059221,-0.04798913,-0.23839203,0.58321428,0.77655017,0
-0.6588825,0.74114013,-0.52951097,-0.34468007,0.6967392,-0.62908667,0
0.51606244,0.64960158,0.11367351,-0.23839203,0.58321428,0.77655017,0
1.1754925,0.95100909,0.22111452,-0.23839203,0.58321428,0.77655017,0
-1.2302208,-0.48408484,-0.093846917,-0.90794533,-0.4176307,0.034925401,0
-1.4613411,0.49374872,-0.40048766,-0.34468007,0.6967392,-0.62908667,0
0.76300007,0.5396561,-0.83410752,0.23839203,-0.58321428,-0.77655017,0
-1.1211262,-1.1404172,0.17467201,-0.90794533,-0.4176307,0.034925401,0
1.6301064,-0.32859617,0.55175459,0.34468007,-0.6967392,0.62908667,0
0.28730255,1.192625,-0.27793393,-0.34468007,0.6967392,-0.62908667,0
