1.8093791,-0.40207753,1.0723448,0.55439013,0.14371777,0.81975406,0
1.4558599,-1.793969,-0.034900904,-0.47544956,-0.75373602,0.4536846,0
-2.2247505,1.2749438,-1.0210385,0.47544956,0.75373602,-0.4536846,0
1.9562564,-1.4623345,-0.59921157,0.68308073,-0.64126998,-0.34953326,0
2.1002808,-1.8230908,0.29458213,-0.47544956,-0.75373602,0.4536846,0
1.699508,-1.8384292,-0.69953763,0.68308073,-0.64126998,-0.34953326,0
-0.61695766,1.657726,1.2174047,0.47544956,0.75373602,-0.4536846,0
0.20668834,-1.8725821,-2.4828501,-0.55439013,-0.14371777,-0.81975406,0
0.18845254,1.6102607,1.7461762,0.47544956,0.75373602,-0.4536846,0
-0.3568944,1.6415653,1.5566148,0.47544956,0.75373602,-0.4536846,0
-0.60763276,1.2046697,2.4955678,0.55439013,0.14371777,0.81975406,0
-1.5982295,1.5935645,1.133803,-0.68308073,0.64126998,0.34953326,0
0.018434525,0.52166224,2.3588324,0.55439013,0.14371777,0.81975406,0
0.043933719,0.1016539,-0.75319141,0.47544956,0.75373602,-0.4536846,0
-0.66483086,1.0690365,2.2302496,-0.47544956,-0.75373602,0.4536846,0
1.2918177,-1.7599853,-0.60983121,-0.47544956,-0.75373602,0.4536846,0
1.1013489,-1.3546855,-2.1223071,0.68308073,-0.64126998,-0.34953326,0
-2.4981117,0.65489084,-0.50048792,-0.47544956,-0.75373602,0.4536846,0
0.80782723,-0.62829626,-0.86071789,0.47544956,0.75373602,-0.4536846,0
-1.3553059,1.7729337,1.7422789,-0.68308073,0.64126998,0.34953326,0
1.4904947,-0.50591207,1.6752979,0.55439013,0.14371777,0.81975406,0
1.2437283,-1.9253119,-0.88375759,0.68308073,-0.64126998,-0.34953326,0
-1.7499278,0.34567326,0.14080334,-0.47544956,-0.75373602,0.4536846,0
-0.97302192,0.56420338,1.0664563,-0.47544956,-0.75373602,0.4536846,0
-1.3198779,-0.5722571,-1.6739655,-0.55439013,-0.14371777,-0.81975406,0
-0.53511333,2.1076584,1.6812552,0.47544956,0.75373602,-0.4536846,0
0.96917641,0.89436758,0.97997528,0.47544956,0.75373602,-0.4536846,0
0.016578317,1.8705447,1.936983,0.55439013,0.14371777,0.81975406,0
-1.642931,1.5441681,0.62132478,-0.68308073,0.64126998,0.34953326,0
1.4541771,0.30055714,1.3455503,0.47544956,0.75373602,-0.4536846,0
1.7096173,0.16665593,1.1541691,0.55439013,0.14371777,0.81975406,0
-1.0549843,2.1391125,1.6401831,-0.68308073,0.64126998,0.34953326,0
-1.0026412,0.98303002,1.3782912,-0.47544956,-0.75373602,0.4536846,0
1.2387439,-1.9321132,-1.1692336,0.68308073,-0.64126998,-0.34953326,0
-1.1019151,1.7190342,1.8660328,-0.68308073,0.64126998,0.34953326,0
1.1713853,0.59002101,1.5956994,0.55439013,0.14371777,0.81975406,0
1.1200508,-1.6724739,-1.463037,0.68308073,-0.64126998,-0.34953326,0
0.53383809,0.59720206,0.70318913,0.47544956,0.75373602,-0.4536846,0
-1.0436665,2.0715826,1.3232414,-0.68308073,0.64126998,0.34953326,0
0.09860754,-0.43243641,-1.97841,0.47544956,0.75373602,-0.4536846,0
2.363543,-0.34313512,0.71162266,0.47544956,0.75373602,-0.4536846,0
0.15336737,0.10362145,-1.136675,0.47544956,0.75373602,-0.4536846,0
0.3161068,-0.73194373,-0.087421566,-0.47544956,-0.75373602,0.4536846,0
1.7370828,-0.012835704,0.32680804,0.47544956,0.75373602,-0.4536846,0
-1.5368625,1.4559065,1.0637983,-0.68308073,0.64126998,0.34953326,0
0.86387897,-2.0137582,-1.4906651,0.68308073,-0.64126998,-0.34953326,0
0.71964747,-1.8117399,-1.3928111,-0.47544956,-0.75373602,0.4536846,0
-2.5992527,1.1296135,-0.28121889,-0.68308073,0.64126998,0.34953326,0
1.0532509,-1.8317536,-0.91042113,-0.47544956,-0.75373602,0.4536846,0
1.2260247,-1.9083393,-1.6736706,0.68308073,-0.64126998,-0.34953326,0
1.304368,0.097347677,0.43788397,0.47544956,0.75373602,-0.4536846,0
-0.4738293,1.7402346,2.5592613,0.55439013,0.14371777,0.81975406,0
1.7896056,-1.1315079,-1.0564885,0.68308073,-0.64126998,-0.34953326,0
1.6976794,-1.4761173,-0.58589983,0.68308073,-0.64126998,-0.34953326,0
0.25846016,-0.78239632,-2.2482147,-0.55439013,-0.14371777,-0.81975406,0
2.2719502,-0.93827116,1.0456485,0.55439013,0.14371777,0.81975406,0
-2.4787745,1.7724279,-0.99453843,0.47544956,0.75373602,-0.4536846,0
0.67817122,-1.3512493,-0.44257003,-0.47544956,-0.75373602,0.4536846,0
2.4001317,-1.5816278,0.078772545,0.68308073,-0.64126998,-0.34953326,0
1.6732593,-0.41946548,-0.19971871,0.47544956,0.75373602,-0.4536846,0
1.5873214,-0.21267541,0.44281715,0.47544956,0.75373602,-0.4536846,0
-1.9415218,1.6588415,0.29697537,-0.68308073,0.64126998,0.34953326,0
-1.7336166,1.6777042,-0.50513905,0.47544956,0.75373602,-0.4536846,0
1.7403886,-1.7067008,-0.5757966,0.68308073,-0.64126998,-0.34953326,0
-0.1676054,-0.84766561,-1.9552634,-0.55439013,-0.14371777,-0.81975406,0
0.084274828,0.79779112,2.0274611,0.55439013,0.14371777,0.81975406,0
1.5373038,-1.6119945,-0.90750337,0.68308073,-0.64126998,-0.34953326,0
-0.40664098,2.3805141,2.4597518,0.55439013,0.14371777,0.81975406,0
-0.53981465,-0.041225493,-1.854251,0.47544956,0.75373602,-0.4536846,0
0.6699329,0.48422658,1.8154882,0.55439013,0.14371777,0.81975406,0
0.032330036,0.8592357,2.4819932,0.55439013,0.14371777,0.81975406,0
1.7067801,-0.034175605,0.76151669,0.47544956,0.75373602,-0.4536846,0
-0.70713317,1.6215445,2.8370335,0.55439013,0.14371777,0.81975406,0
-1.7884569,2.0057113,0.086767554,-0.68308073,0.64126998,0.34953326,0
2.6078665,-1.7427237,1.1131968,-0.47544956,-0.75373602,0.4536846,0
-1.3447546,-0.12659478,-1.7067835,-0.55439013,-0.14371777,-0.81975406,0
1.5630487,-1.6888609,-1.5543824,0.68308073,-0.64126998,-0.34953326,0
-1.9404763,1.3244967,0.78172576,-0.68308073,0.64126998,0.34953326,0
1.082235,-1.5726612,-2.0013332,0.68308073,-0.64126998,-0.34953326,0
0.73607802,1.1869169,1.3374597,0.47544956,0.75373602,-0.4536846,0
-0.41194493,0.13785383,-1.1109933,0.47544956,0.75373602,-0.4536846,0
0.89332044,-1.8198128,-1.6892027,0.68308073,-0.64126998,-0.34953326,0
0.46405041,-2.0359607,-2.3521004,0.68308073,-0.64126998,-0.34953326,0
0.086411595,1.4579425,2.1866093,0.55439013,0.14371777,0.81975406,0
-0.13056391,-1.4471312,-1.917925,-0.55439013,-0.14371777,-0.81975406,0
-0.11926466,-1.4025145,-0.98673713,-0.47544956,-0.75373602,0.4536846,0
-0.74571788,0.6892122,1.1259056,-0.47544956,-0.75373602,0.4536846,0
0.79039729,-1.8194058,-1.9579304,0.68308073,-0.64126998,-0.34953326,0
0.67707372,0.48576891,1.6911167,0.55439013,0.14371777,0.81975406,0
-1.8019774,1.7314777,0.6645602,-0.68308073,0.64126998,0.34953326,0
-2.1998048,1.3475705,-1.0175734,0.47544956,0.75373602,-0.4536846,0
-1.8529185,0.15617532,-1.2950406,-0.55439013,-0.14371777,-0.81975406,0
-1.6227427,0.34017184,-1.1641314,-0.55439013,-0.14371777,-0.81975406,0
-2.2973888,0.53874993,-0.19559038,-0.47544956,-0.75373602,0.4536846,0
0.092550457,-0.18266332,1.021837,-0.47544956,-0.75373602,0.4536846,0
-2.0274127,1.2177387,-0.85663056,0.47544956,0.75373602,-0.4536846,0
2.1018975,-1.139971,-0.66024888,0.68308073,-0.64126998,-0.34953326,0
2.0723143,-0.92896205,-0.59355223,0.47544956,0.75373602,-0.4536846,0
-2.0036173,1.3899877,0.64785588,-0.68308073,0.64126998,0.34953326,0
-1.3833114,1.47631,1.7559401,-0.68308073,0.64126998,0.34953326,0
0.92209154,1.0042803,1.8290145,0.55439013,0.14371777,0.81975406,0
1.306089,0.18041489,0.30804726,0.47544956,0.75373602,-0.4536846,0
2.7833185,-1.1801292,0.86392748,0.55439013,0.14371777,0.81975406,0
2.5698206,-1.2302561,1.1351777,0.55439013,0.14371777,0.81975406,0
2.4316447,-1.4477464,-0.27720165,0.68308073,-0.64126998,-0.34953326,0
-2.3853369,1.5706198,-1.0065819,-0.55439013,-0.14371777,-0.81975406,0
0.80221927,-1.4146705,-2.5919099,-0.55439013,-0.14371777,-0.81975406,0
1.2440863,-2.1670513,-1.3163236,0.68308073,-0.64126998,-0.34953326,0
2.4756365,-1.3640872,0.20106328,0.68308073,-0.64126998,-0.34953326,0
-0.28626937,-1.4487116,-2.1464555,-0.55439013,-0.14371777,-0.81975406,0
2.7124925,-0.93037319,0.61810637,0.55439013,0.14371777,0.81975406,0
0.52370954,1.3135725,1.4446869,0.47544956,0.75373602,-0.4536846,0
2.4872379,-1.2027025,0.33505988,0.68308073,-0.64126998,-0.34953326,0
-0.62161744,2.0220637,2.123054,-0.68308073,0.64126998,0.34953326,0
0.96695304,0.40775123,1.8204496,0.55439013,0.14371777,0.81975406,0
-1.065789,1.6730306,2.1128249,-0.68308073,0.64126998,0.34953326,0
-1.6049573,1.6669694,0.64285123,-0.68308073,0.64126998,0.34953326,0
1.1328373,-2.0610149,-1.5701867,0.68308073,-0.64126998,-0.34953326,0
0.72825307,-2.0946636,-1.3912107,-0.47544956,-0.75373602,0.4536846,0
1.2436223,-1.2696106,0.34108573,-0.47544956,-0.75373602,0.4536846,0
-0.50260603,0.40024132,-0.6831795,0.47544956,0.75373602,-0.4536846,0
-0.97636789,1.2870432,2.3232677,-0.68308073,0.64126998,0.34953326,0
0.47561741,-0.64914799,-1.9045169,0.47544956,0.75373602,-0.4536846,0
-2.4299006,1.2807677,0.094615459,-0.68308073,0.64126998,0.34953326,0
-0.22000879,-0.70410007,-2.2240884,0.47544956,0.75373602,-0.4536846,0
2.1570716,-1.2858591,-0.67964578,0.47544956,0.75373602,-0.4536846,0
1.4948158,-0.99537778,-1.5843524,0.47544956,0.75373602,-0.4536846,0
1.2490319,0.36748499,0.55804485,0.47544956,0.75373602,-0.4536846,0
-1.0179139,1.7686505,2.3806033,-0.68308073,0.64126998,0.34953326,0
-0.020982504,2.0364869,2.034831,0.55439013,0.14371777,0.81975406,0
0.14479172,1.2769978,1.9255626,0.55439013,0.14371777,0.81975406,0
-0.28487962,-1.7282999,-2.0051179,-0.55439013,-0.14371777,-0.81975406,0
0.93682802,-1.4404321,-2.3683927,0.68308073,-0.64126998,-0.34953326,0
2.1394436,-1.380037,-0.20997357,0.68308073,-0.64126998,-0.34953326,0
1.4793466,-1.5065706,-1.3999795,0.68308073,-0.64126998,-0.34953326,0
2.406496,-1.3812494,0.13797092,0.68308073,-0.64126998,-0.34953326,0
-1.8562927,0.15841731,-1.1530197,-0.55439013,-0.14371777,-0.81975406,0
-1.8398345,1.759359,0.11230826,-0.68308073,0.64126998,0.34953326,0
2.6252394,-1.123787,-0.27097356,0.68308073,-0.64126998,-0.34953326,0
-1.9630494,1.6335785,0.091190934,-0.68308073,0.64126998,0.34953326,0
2.0533502,-1.9835672,-0.039145231,0.68308073,-0.64126998,-0.34953326,0
-1.6311816,1.5174348,1.5778013,-0.68308073,0.64126998,0.34953326,0
0.37681311,-0.9001646,-2.4493036,0.47544956,0.75373602,-0.4536846,0
0.29301405,-0.14969552,-1.0434121,0.47544956,0.75373602,-0.4536846,0
1.8506602,-0.33632475,1.2457697,0.55439013,0.14371777,0.81975406,0
-0.53920019,1.3395685,2.7697787,0.55439013,0.14371777,0.81975406,0
-1.3372325,0.40297759,0.65160131,-0.47544956,-0.75373602,0.4536846,0
2.3038123,-0.94097555,0.89562762,0.55439013,0.14371777,0.81975406,0
-1.4075549,1.5246198,1.8090903,-0.68308073,0.64126998,0.34953326,0
2.436074,-0.93352389,0.96760976,0.55439013,0.14371777,0.81975406,0
-1.4750482,1.3223398,1.6873001,-0.47544956,-0.75373602,0.4536846,0
-1.5934178,1.0959989,1.0726986,-0.47544956,-0.75373602,0.4536846,0
0.27141225,1.6793327,2.1600657,0.55439013,0.14371777,0.81975406,0
2.5811291,-1.3364936,-0.15443063,0.68308073,-0.64126998,-0.34953326,0
-0.91157299,-0.74803036,-1.5861286,-0.55439013,-0.14371777,-0.81975406,0
-2.7400899,1.0996047,-0.68460518,-0.55439013,-0.14371777,-0.81975406,0
0.37723422,-1.8675995,-1.9297197,-0.47544956,-0.75373602,0.4536846,0
1.1320221,0.40361783,1.3926066,0.55439013,0.14371777,0.81975406,0
1.1736221,-0.92828,-1.2634954,0.47544956,0.75373602,-0.4536846,0
1.456661,-0.75296539,1.2127472,-0.47544956,-0.75373602,0.4536846,0
0.23218977,-0.16344291,-0.76368809,0.47544956,0.75373602,-0.4536846,0
-1.9245296,0.21677354,-0.98482394,-0.55439013,-0.14371777,-0.81975406,0
-0.35694897,-0.82149774,-2.2250516,-0.55439013,-0.14371777,-0.81975406,0
1.835813,-1.8238244,-0.17351449,0.68308073,-0.64126998,-0.34953326,0
0.8517372,0.55099094,0.43894702,0.47544956,0.75373602,-0.4536846,0
-0.93472826,0.46564019,-1.2533417,0.47544956,0.75373602,-0.4536846,0
-1.9596184,1.6480426,0.056820512,-0.68308073,0.64126998,0.34953326,0
2.6866407,-0.9188773,-0.064633489,0.68308073,-0.64126998,-0.34953326,0
1.9580189,-0.51201349,1.2651743,0.55439013,0.14371777,0.81975406,0
-0.37747794,-1.4711213,-1.842942,-0.55439013,-0.14371777,-0.81975406,0
2.2618895,-0.964885,1.0567265,0.55439013,0.14371777,0.81975406,0
-0.93390024,0.70249796,1.3421592,-0.47544956,-0.75373602,0.4536846,0
-0.53811693,1.614724,1.1776688,0.47544956,0.75373602,-0.4536846,0
0.60190469,-0.71982384,0.66743475,-0.47544956,-0.75373602,0.4536846,0
2.0054431,-1.5583022,-0.88217282,0.68308073,-0.64126998,-0.34953326,0
0.00033396482,-0.47689125,-1.9002597,0.47544956,0.75373602,-0.4536846,0
0.33683449,1.2063999,1.9156017,0.55439013,0.14371777,0.81975406,0
-2.9556503,0.65192395,-0.69895512,-0.47544956,-0.75373602,0.4536846,0
1.1171985,-1.5260723,-2.2865725,0.47544956,0.75373602,-0.4536846,0
-1.9757355,1.1246324,-1.1478717,-0.55439013,-0.14371777,-0.81975406,0
0.055846095,-1.6547474,-2.3281779,-0.55439013,-0.14371777,-0.81975406,0
-0.39819425,-0.91762692,-2.2404585,-0.55439013,-0.14371777,-0.81975406,0
1.8670205,-1.3648032,-1.3666461,0.68308073,-0.64126998,-0.34953326,0
1.9768417,-1.4809285,-0.43306708,0.68308073,-0.64126998,-0.34953326,0
-0.4140527,1.8929486,2.45399,-0.68308073,0.64126998,0.34953326,0
-1.1286662,0.22492957,-1.5420272,-0.55439013,-0.14371777,-0.81975406,0
0.91565764,-1.7096462,-1.9237592,0.68308073,-0.64126998,-0.34953326,0
0.43469253,-1.1814836,-0.49468541,-0.47544956,-0.75373602,0.4536846,0
0.66054767,-1.8665236,-2.448451,0.68308073,-0.64126998,-0.34953326,0
-0.12279812,0.037917376,-0.77220923,0.47544956,0.75373602,-0.4536846,0
-0.68761086,2.2120361,1.7149711,0.47544956,0.75373602,-0.4536846,0
0.74331605,-2.1565988,-2.0063748,-0.47544956,-0.75373602,0.4536846,0
-1.7365086,1.4393966,0.76921511,-0.68308073,0.64126998,0.34953326,0
2.2502856,-1.4293408,0.20641387,0.68308073,-0.64126998,-0.34953326,0
1.7733719,-1.8480716,-0.63311076,0.68308073,-0.64126998,-0.34953326,0
1.0036291,-1.3000318,-2.5493867,0.47544956,0.75373602,-0.4536846,0
2.2079105,-1.127936,-0.61532807,0.68308073,-0.64126998,-0.34953326,0
-2.6399562,1.0002,-0.23353684,-0.68308073,0.64126998,0.34953326,0
-1.4737883,1.1665785,1.5550832,-0.47544956,-0.75373602,0.4536846,0
1.9609756,-1.8500684,-0.47807956,0.68308073,-0.64126998,-0.34953326,0
0.97469437,-1.9863887,-1.1164589,0.68308073,-0.64126998,-0.34953326,0
1.0895138,-1.6177576,-2.0460594,0.68308073,-0.64126998,-0.34953326,0
0.58323157,0.22097003,1.9705426,0.55439013,0.14371777,0.81975406,0
-1.6727362,1.7003883,0.44630933,-0.68308073,0.64126998,0.34953326,0
-2.403717,0.70915931,-0.88417423,-0.55439013,-0.14371777,-0.81975406,0
-1.4889929,1.946077,1.1684867,-0.68308073,0.64126998,0.34953326,0
0.39764059,-1.6178329,-2.6073961,-0.55439013,-0.14371777,-0.81975406,0
1.422578,-1.6880324,0.12901807,-0.47544956,-0.75373602,0.4536846,0
2.3557701,-0.87856525,0.82178521,0.55439013,0.14371777,0.81975406,0
-1.7970501,0.89357364,1.028176,-0.47544956,-0.75373602,0.4536846,0
-0.28774938,1.76542,2.1194057,0.55439013,0.14371777,0.81975406,0
-0.74937761,-0.23280281,-1.9663439,0.47544956,0.75373602,-0.4536846,0
2.1639223,-1.585833,0.090068221,0.68308073,-0.64126998,-0.34953326,0
0.12974361,-1.1404042,-0.67043,-0.47544956,-0.75373602,0.4536846,0
2.9444461,-1.1465534,0.70861697,0.55439013,0.14371777,0.81975406,0
2.2329984,-1.2113308,-0.73863065,0.68308073,-0.64126998,-0.34953326,0
-0.44969857,-0.44586992,-1.8371255,-0.55439013,-0.14371777,-0.81975406,0
1.3491439,-0.86426491,1.3276956,-0.47544956,-0.75373602,0.4536846,0
-1.3294475,0.76842725,-1.0006613,0.47544956,0.75373602,-0.4536846,0
2.5865445,-1.6943431,0.6952548,0.68308073,-0.64126998,-0.34953326,0
-2.1429181,0.62435269,-0.99687463,-0.55439013,-0.14371777,-0.81975406,0
2.1713436,-0.38391,0.27049851,0.47544956,0.75373602,-0.4536846,0
-2.2481472,0.89603901,-1.1892025,-0.55439013,-0.14371777,-0.81975406,0
1.1725568,-0.27523705,-0.47849542,0.47544956,0.75373602,-0.4536846,0
-1.0535872,-0.36056903,-1.5605272,-0.55439013,-0.14371777,-0.81975406,0
0.23649061,-0.27677804,0.97047698,-0.47544956,-0.75373602,0.4536846,0
-0.70851123,0.13747737,0.23189262,-0.47544956,-0.75373602,0.4536846,0
-2.7858069,1.4490869,-0.98767972,-0.55439013,-0.14371777,-0.81975406,0
-0.54368705,-0.71345764,-1.949145,-0.55439013,-0.14371777,-0.81975406,0
1.1109006,-1.1907451,0.37340963,-0.47544956,-0.75373602,0.4536846,0
-1.2388629,1.2524889,0.049470544,0.47544956,0.75373602,-0.4536846,0
1.3107967,-1.4816718,-1.7183867,0.68308073,-0.64126998,-0.34953326,0
1.0757825,0.5101701,1.2805871,0.47544956,0.75373602,-0.4536846,0
-0.21957578,-0.81052828,-0.70333445,-0.47544956,-0.75373602,0.4536846,0
2.2104228,-0.65702969,0.84046614,0.55439013,0.14371777,0.81975406,0
-1.2587254,2.1755414,1.2629488,-0.68308073,0.64126998,0.34953326,0
0.53779399,-0.24481034,-1.1541889,0.47544956,0.75373602,-0.4536846,0
-1.6787989,1.8837804,0.82626951,-0.68308073,0.64126998,0.34953326,0
2.1157548,-1.5711935,0.30234039,0.68308073,-0.64126998,-0.34953326,0
-0.91667897,0.23177671,0.52210891,-0.47544956,-0.75373602,0.4536846,0
-1.1146163,1.8137364,1.3682152,-0.68308073,0.64126998,0.34953326,0
-2.5786231,1.3248034,-0.46845901,-0.68308073,0.64126998,0.34953326,0
2.5505054,-1.348127,-0.017522693,0.68308073,-0.64126998,-0.34953326,0
2.6089275,-1.0376828,0.76276696,0.55439013,0.14371777,0.81975406,0
2.3928063,-0.62494975,1.1007737,0.55439013,0.14371777,0.81975406,0
-0.86256891,1.5513194,2.2074618,-0.68308073,0.64126998,0.34953326,0
1.9637134,-0.75204134,1.1204852,0.55439013,0.14371777,0.81975406,0
1.265196,-1.2975979,-0.10644543,-0.47544956,-0.75373602,0.4536846,0
-2.4191535,1.8692238,-0.44093275,-0.68308073,0.64126998,0.34953326,0
0.73064429,0.78871191,1.8778661,0.55439013,0.14371777,0.81975406,0
0.96041691,-2.1292238,-1.6242689,0.68308073,-0.64126998,-0.34953326,0
-2.4945261,1.6973096,-0.38275337,-0.68308073,0.64126998,0.34953326,0
0.75142896,-1.8560824,-2.357728,0.68308073,-0.64126998,-0.34953326,0
-1.5003877,-0.2848714,-1.2524366,-0.55439013,-0.14371777,-0.81975406,0
1.9681897,-1.7162313,-0.69950473,0.68308073,-0.64126998,-0.34953326,0
1.5338367,-1.7935613,-0.52325082,0.68308073,-0.64126998,-0.34953326,0
0.86576653,-1.6570284,-2.5222416,0.68308073,-0.64126998,-0.34953326,0
-0.20821805,-0.81423563,-0.070942,-0.47544956,-0.75373602,0.4536846,0
0.97506475,-0.77954447,0.77552634,-0.47544956,-0.75373602,0.4536846,0
1.6494757,-1.346478,-1.7827431,0.68308073,-0.64126998,-0.34953326,0
-2.021513,0.58293283,-0.99785215,-0.55439013,-0.14371777,-0.81975406,0
-0.21549022,1.928246,2.3164158,0.55439013,0.14371777,0.81975406,0
-1.2446587,-0.66089618,-1.0254757,-0.47544956,-0.75373602,0.4536846,0
1.1871815,0.28925228,0.37102696,0.47544956,0.75373602,-0.4536846,0
-1.3134545,1.660742,2.0420656,-0.68308073,0.64126998,0.34953326,0
2.0081506,-0.96316397,1.121067,0.55439013,0.14371777,0.81975406,0
-1.4453508,1.8288211,0.86786735,-0.68308073,0.64126998,0.34953326,0
-2.1668224,1.617615,0.1669277,-0.68308073,0.64126998,0.34953326,0
0.20341893,-0.20704934,-0.9454608,0.47544956,0.75373602,-0.4536846,0
2.8913064,-1.2571852,0.84869266,0.55439013,0.14371777,0.81975406,0
-1.0781349,-0.5644297,-1.3938071,-0.55439013,-0.14371777,-0.81975406,0
2.4786005,-1.1256356,-0.58991849,0.68308073,-0.64126998,-0.34953326,0
-2.6390452,1.3126905,-0.70121872,-0.68308073,0.64126998,0.34953326,0
-1.0288588,0.39656353,-1.5843178,-0.55439013,-0.14371777,-0.81975406,0
0.75579756,-1.7916189,-1.9159567,0.68308073,-0.64126998,-0.34953326,0
2.3982627,-0.70530796,0.73895216,0.55439013,0.14371777,0.81975406,0
-1.2117186,1.4349785,1.5904156,-0.68308073,0.64126998,0.34953326,0
-2.9912114,1.1421498,-0.53506005,-0.68308073,0.64126998,0.34953326,0
-0.32745644,0.99359632,0.23685628,0.47544956,0.75373602,-0.4536846,0
1.3044709,0.48908481,1.6496536,0.55439013,0.14371777,0.81975406,0
1.3091612,-1.7962424,-0.90358329,0.68308073,-0.64126998,-0.34953326,0
-0.98607171,0.16968751,-1.7081195,-0.55439013,-0.14371777,-0.81975406,0
-0.51887226,-1.4096949,-1.7378271,-0.55439013,-0.14371777,-0.81975406,0
-1.3679693,1.7324755,0.93395424,-0.68308073,0.64126998,0.34953326,0
-2.1928308,1.5944796,0.050542712,-0.68308073,0.64126998,0.34953326,0
-0.53791606,2.2202008,1.7898299,0.47544956,0.75373602,-0.4536846,0
-0.66431916,-0.56661451,-0.92277652,-0.47544956,-0.75373602,0.4536846,0
-1.361925,1.0028701,1.4684294,-0.47544956,-0.75373602,0.4536846,0
-1.7459184,0.86182952,-1.4137815,-0.55439013,-0.14371777,-0.81975406,0
-1.3108256,-0.31545368,-1.509881,-0.55439013,-0.14371777,-0.81975406,0
-1.1381439,1.618175,1.6508596,-0.68308073,0.64126998,0.34953326,0
-0.67970747,1.9295609,2.1870856,-0.68308073,0.64126998,0.34953326,0
0.66877246,-1.9214581,-1.5919784,-0.47544956,-0.75373602,0.4536846,0
1.5015583,-0.50490183,-0.80776143,0.47544956,0.75373602,-0.4536846,0
-1.4841298,1.7010372,1.5455539,-0.68308073,0.64126998,0.34953326,0
-1.2623975,-0.25176361,-0.44069269,-0.47544956,-0.75373602,0.4536846,0
-0.32304138,2.0425177,2.1947989,0.55439013,0.14371777,0.81975406,0
2.7391572,-1.2353179,0.92941225,0.55439013,0.14371777,0.81975406,0
-2.4099674,1.2724757,-0.17862272,-0.68308073,0.64126998,0.34953326,0
-2.402297,1.1354587,-1.2479944,-0.55439013,-0.14371777,-0.81975406,0
-2.0020816,1.29495,0.93402421,-0.68308073,0.64126998,0.34953326,0
1.0600075,-0.85767144,1.1163504,-0.47544956,-0.75373602,0.4536846,0
0.38411897,1.113359,1.0757867,0.47544956,0.75373602,-0.4536846,0
1.8549627,-1.7596905,0.22908521,0.68308073,-0.64126998,-0.34953326,0
-1.1369338,1.8659112,1.1054744,-0.68308073,0.64126998,0.34953326,0
0.72585052,0.58418334,2.0339463,0.55439013,0.14371777,0.81975406,0
1.1991105,0.29485735,1.724014,0.55439013,0.14371777,0.81975406,0
1.9178391,-1.6462332,-0.92831123,0.68308073,-0.64126998,-0.34953326,0
0.23713958,1.6153693,1.9638467,0.47544956,0.75373602,-0.4536846,0
-0.9944154,0.095304728,-1.8789423,-0.55439013,-0.14371777,-0.81975406,0
-2.1871395,0.3346287,-1.2335708,-0.55439013,-0.14371777,-0.81975406,0
1.3387562,-1.7731513,-1.1654714,0.68308073,-0.64126998,-0.34953326,0
-2.9186914,1.2449917,-0.26768231,-0.68308073,0.64126998,0.34953326,0
0.97649419,-1.5102382,-2.6634002,0.68308073,-0.64126998,-0.34953326,0
-0.44621921,-1.2139397,-1.3204371,-0.47544956,-0.75373602,0.4536846,0
-0.70715857,2.3110535,1.9087157,-0.68308073,0.64126998,0.34953326,0
1.5477178,-0.25654736,-0.2025792,0.47544956,0.75373602,-0.4536846,0
0.42392728,0.71697277,0.1992349,0.47544956,0.75373602,-0.4536846,0
1.4495552,-0.64390153,1.5047104,0.55439013,0.14371777,0.81975406,0
0.6943258,-2.0018113,-1.6183245,-0.47544956,-0.75373602,0.4536846,0
0.019097671,-0.9206599,-0.62773299,-0.47544956,-0.75373602,0.4536846,0
-2.4115932,1.6119076,-0.99362338,-0.55439013,-0.14371777,-0.81975406,0
-0.57800949,-0.36383879,-1.8721386,-0.55439013,-0.14371777,-0.81975406,0
-1.5974807,1.5142903,1.4035006,-0.68308073,0.64126998,0.34953326,0
-1.9654173,0.76917291,-1.3991225,-0.55439013,-0.14371777,-0.81975406,0
-1.3598933,0.21917811,0.41254222,-0.47544956,-0.75373602,0.4536846,0
0.45283574,0.071403138,-0.27511919,0.47544956,0.75373602,-0.4536846,0
-1.6538239,1.6798339,0.28477514,0.47544956,0.75373602,-0.4536846,0
-2.7787895,0.68385261,-0.49983263,-0.47544956,-0.75373602,0.4536846,0
1.7491689,-1.5522084,-1.1122795,0.68308073,-0.64126998,-0.34953326,0
-2.1604259,0.41058496,-0.92966902,-0.55439013,-0.14371777,-0.81975406,0
-0.5371592,-0.49693912,-1.8907852,-0.55439013,-0.14371777,-0.81975406,0
2.8770857,-1.1565356,0.16377318,0.68308073,-0.64126998,-0.34953326,0
-0.23809189,-1.6664884,-1.7793739,-0.55439013,-0.14371777,-0.81975406,0
-0.64490932,1.4327196,2.5981028,0.55439013,0.14371777,0.81975406,0
-1.1582268,1.8381023,1.1284626,-0.68308073,0.64126998,0.34953326,0
-0.83695376,0.49138975,1.193475,-0.47544956,-0.75373602,0.4536846,0
-1.1751609,-0.54493767,-1.6416576,-0.55439013,-0.14371777,-0.81975406,0
-0.41759902,2.0663576,2.0150228,-0.68308073,0.64126998,0.34953326,0
0.18938816,-1.5930195,-2.4956179,-0.55439013,-0.14371777,-0.81975406,0
-1.047912,1.720644,2.2120228,-0.68308073,0.64126998,0.34953326,0
-1.3891592,1.6347213,1.6488976,-0.68308073,0.64126998,0.34953326,0
-0.42951772,1.390169,1.1621013,0.47544956,0.75373602,-0.4536846,0
0.56298238,0.46798742,1.7609146,0.55439013,0.14371777,0.81975406,0
2.2275977,-1.2538604,0.99323666,0.55439013,0.14371777,0.81975406,0
2.5536811,-0.61943614,0.5473671,0.47544956,0.75373602,-0.4536846,0
-2.6006038,1.2457318,-0.08871448,-0.68308073,0.64126998,0.34953326,0
-0.45743155,-0.80046654,-1.842131,-0.55439013,-0.14371777,-0.81975406,0
-0.39373696,1.4414041,2.2616963,0.55439013,0.14371777,0.81975406,0
1.7422924,-1.718035,-0.5724622,0.68308073,-0.64126998,-0.34953326,0
-1.6653457,1.8512151,1.0604309,-0.68308073,0.64126998,0.34953326,0
1.8859782,-0.53645337,0.33118784,0.47544956,0.75373602,-0.4536846,0
-0.39653385,0.16483808,-1.6042753,0.47544956,0.75373602,-0.4536846,0
-2.7274423,1.2334799,-0.61353421,-0.55439013,-0.14371777,-0.81975406,0
-2.4756639,1.7964437,-0.93629938,0.47544956,0.75373602,-0.4536846,0
-1.3469982,1.5069088,1.3331387,-0.68308073,0.64126998,0.34953326,0
1.4940408,-1.43486,-2.1438854,0.68308073,-0.64126998,-0.34953326,0
1.2206969,-0.91867548,-1.7403393,0.47544956,0.75373602,-0.4536846,0
-0.785878,2.0577321,2.3663316,-0.68308073,0.64126998,0.34953326,0
1.9606742,-1.5476624,0.27637899,-0.47544956,-0.75373602,0.4536846,0
-0.91440886,-0.49809998,-1.7174225,-0.55439013,-0.14371777,-0.81975406,0
-0.67690694,-0.34081027,-1.8808677,-0.55439013,-0.14371777,-0.81975406,0
-1.4399056,0.56958914,-1.4486012,-0.55439013,-0.14371777,-0.81975406,0
-0.026017666,0.72509873,-0.046930879,0.47544956,0.75373602,-0.4536846,0
1.8592381,-0.77771896,1.1792088,0.55439013,0.14371777,0.81975406,0
-0.60961831,1.7911354,2.2236319,-0.68308073,0.64126998,0.34953326,0
-1.4286199,0.97479194,-1.1763198,0.47544956,0.75373602,-0.4536846,0
-1.6002728,-0.33320969,-1.4849888,-0.55439013,-0.14371777,-0.81975406,0
2.4691696,-1.6216103,0.24526811,0.68308073,-0.64126998,-0.34953326,0
-2.2921381,1.1848143,-0.032454014,-0.68308073,0.64126998,0.34953326,0
-1.3880401,2.0787997,0.56596577,-0.68308073,0.64126998,0.34953326,0
0.24479526,0.70936513,0.18530601,0.47544956,0.75373602,-0.4536846,0
-1.1327507,0.60571849,-1.058342,0.47544956,0.75373602,-0.4536846,0
-1.2619158,0.23401022,-1.776726,-0.55439013,-0.14371777,-0.81975406,0
-2.0475094,1.320489,-0.75341409,0.47544956,0.75373602,-0.4536846,0
-1.4620992,1.3820089,0.035682559,0.47544956,0.75373602,-0.4536846,0
-0.34728819,-0.44286275,-2.0233791,-0.55439013,-0.14371777,-0.81975406,0
0.10838127,-1.2270815,-2.2184258,-0.55439013,-0.14371777,-0.81975406,0
-0.32827783,-0.20953855,-1.5917104,0.47544956,0.75373602,-0.4536846,0
-1.4905957,1.9152552,1.2167517,-0.68308073,0.64126998,0.34953326,0
2.2440233,-0.072127521,0.98317748,0.47544956,0.75373602,-0.4536846,0
-0.13549864,-0.73684734,-2.0181844,-0.55439013,-0.14371777,-0.81975406,0
-1.0975144,-0.50804561,-1.7827958,-0.55439013,-0.14371777,-0.81975406,0
2.2427919,-1.3150607,-0.73135638,0.68308073,-0.64126998,-0.34953326,0
0.061301529,0.8105045,2.2109871,0.55439013,0.14371777,0.81975406,0
1.5999868,-1.1011342,-0.99052548,0.47544956,0.75373602,-0.4536846,0
2.3091459,-1.5616387,-0.32492435,0.68308073,-0.64126998,-0.34953326,0
0.26263604,0.71497321,0.1451719,0.47544956,0.75373602,-0.4536846,0
-2.4310594,1.3389797,0.30762267,-0.68308073,0.64126998,0.34953326,0
-0.8854754,1.1162182,2.1912827,-0.47544956,-0.75373602,0.4536846,0
2.2476249,-1.3281713,-0.69017982,0.68308073,-0.64126998,-0.34953326,0
-2.6840849,0.76541948,-0.78999525,-0.55439013,-0.14371777,-0.81975406,0
-2.3372412,1.4118257,0.44218731,-0.68308073,0.64126998,0.34953326,0
-0.93281704,1.51077,2.5275698,-0.68308073,0.64126998,0.34953326,0
0.45560127,0.013341188,-0.59922194,0.47544956,0.75373602,-0.4536846,0
1.0636059,0.096268117,-0.13576931,0.47544956,0.75373602,-0.4536846,0
2.4480257,-1.3915042,-0.15320671,0.68308073,-0.64126998,-0.34953326,0
-1.3357729,1.7333729,1.1751454,-0.68308073,0.64126998,0.34953326,0
-2.0739338,1.3659301,0.52444422,-0.68308073,0.64126998,0.34953326,0
-1.88265,1.6277124,0.31416774,-0.68308073,0.64126998,0.34953326,0
-1.9068003,2.0139837,0.12580454,-0.68308073,0.64126998,0.34953326,0
-1.1742899,0.5852688,-1.3141701,0.47544956,0.75373602,-0.4536846,0
-0.059726983,0.11655629,-0.8728286,0.47544956,0.75373602,-0.4536846,0
-0.62549734,-0.39896736,-0.181789,-0.47544956,-0.75373602,0.4536846,0
-0.24091887,-0.60548151,-1.9770559,0.47544956,0.75373602,-0.4536846,0
-0.92495096,2.0476668,1.5223371,-0.68308073,0.64126998,0.34953326,0
0.020371199,0.72737974,-0.20909926,0.47544956,0.75373602,-0.4536846,0
1.6488469,-0.11507758,1.2463979,0.55439013,0.14371777,0.81975406,0
2.4169433,-1.4453721,0.82158828,0.55439013,0.14371777,0.81975406,0
-0.49262184,-0.043259278,0.34500676,-0.47544956,-0.75373602,0.4536846,0
0.10969442,-0.12719771,-1.4068968,0.47544956,0.75373602,-0.4536846,0
-1.1560472,0.4371137,-1.2205822,0.47544956,0.75373602,-0.4536846,0
-1.1158848,1.4849737,2.5823059,-0.68308073,0.64126998,0.34953326,0
-1.4652489,1.3885231,1.5074641,-0.68308073,0.64126998,0.34953326,0
2.2168102,-1.3914691,-0.26375508,0.68308073,-0.64126998,-0.34953326,0
-1.6817944,0.59936231,-1.2973709,-0.55439013,-0.14371777,-0.81975406,0
-0.22325623,0.63857609,-0.62639749,0.47544956,0.75373602,-0.4536846,0
-0.24431571,0.40732086,-0.48366606,0.47544956,0.75373602,-0.4536846,0
2.6461229,-1.6069171,0.42649853,0.68308073,-0.64126998,-0.34953326,0
-1.6372489,1.7766764,0.97390985,-0.68308073,0.64126998,0.34953326,0
0.12463494,0.61061835,0.1985202,0.47544956,0.75373602,-0.4536846,0
0.11480665,-1.3094281,-1.2023244,-0.47544956,-0.75373602,0.4536846,0
-0.93787336,2.0784492,1.9137359,-0.68308073,0.64126998,0.34953326,0
-0.73453265,1.951286,1.7528771,-0.68308073,0.64126998,0.34953326,0
0.13079679,0.52427518,2.1816783,0.55439013,0.14371777,0.81975406,0
0.71789026,0.8463158,1.8689113,0.55439013,0.14371777,0.81975406,0
1.6255504,-1.169971,1.1133021,-0.47544956,-0.75373602,0.4536846,0
-2.2583437,0.51921684,-0.99001008,-0.55439013,-0.14371777,-0.81975406,0
2.6307766,-1.3850218,0.35044265,0.68308073,-0.64126998,-0.34953326,0
0.99370992,-1.7887855,-1.7867633,0.68308073,-0.64126998,-0.34953326,0
-0.80478591,-0.57964391,-1.7411467,-0.55439013,-0.14371777,-0.81975406,0
2.2216756,-1.4849461,0.047701836,0.68308073,-0.64126998,-0.34953326,0
-1.4306555,0.44033077,0.76832807,-0.47544956,-0.75373602,0.4536846,0
-2.0662982,1.6103386,0.68457568,-0.68308073,0.64126998,0.34953326,0
0.31725043,-1.2480875,-2.4442523,-0.55439013,-0.14371777,-0.81975406,0
1.2789322,-1.2814479,0.46153194,-0.47544956,-0.75373602,0.4536846,0
2.1780226,-0.43908793,0.38200152,0.47544956,0.75373602,-0.4536846,0
0.095872819,-1.5463077,-2.0563722,-0.55439013,-0.14371777,-0.81975406,0
0.50885487,-0.031238735,1.5326214,-0.47544956,-0.75373602,0.4536846,0
2.0744033,-1.4366757,-0.46165931,0.68308073,-0.64126998,-0.34953326,0
0.56091624,-0.59341371,-1.6860112,0.47544956,0.75373602,-0.4536846,0
1.4976487,0.0070570409,1.3064709,0.55439013,0.14371777,0.81975406,0
0.27477103,-0.61979324,-1.4997921,0.47544956,0.75373602,-0.4536846,0
1.8655939,-1.4929576,-0.94798088,0.68308073,-0.64126998,-0.34953326,0
-2.1080165,1.5417017,-1.0927588,0.47544956,0.75373602,-0.4536846,0
1.0733875,-1.9094818,-1.0520302,0.68308073,-0.64126998,-0.34953326,0
-2.0472023,0.11038998,-1.1228634,-0.55439013,-0.14371777,-0.81975406,0
1.31481,-0.98747677,-1.3414018,0.47544956,0.75373602,-0.4536846,0
0.40105301,1.3022902,1.8744857,0.55439013,0.14371777,0.81975406,0
-1.9405142,1.2598633,1.3928701,-0.47544956,-0.75373602,0.4536846,0
-0.097132146,-1.045087,-1.9893166,-0.55439013,-0.14371777,-0.81975406,0
2.2550981,-1.4284581,0.30775177,0.68308073,-0.64126998,-0.34953326,0
1.7742219,-1.7409266,-0.25290334,0.68308073,-0.64126998,-0.34953326,0
-0.8112793,-0.27635506,-1.8584609,-0.55439013,-0.14371777,-0.81975406,0
2.6346102,-1.1135828,0.49021435,0.68308073,-0.64126998,-0.34953326,0
-0.56827515,-1.1975561,-1.8103868,-0.55439013,-0.14371777,-0.81975406,0
-2.8861606,0.87199211,-0.53649592,-0.47544956,-0.75373602,0.4536846,0
-0.38165691,2.0411823,2.227416,-0.68308073,0.64126998,0.34953326,0
-1.8218389,1.8401947,-0.12233782,-0.68308073,0.64126998,0.34953326,0
-0.076293766,-1.6047885,-2.1484256,-0.55439013,-0.14371777,-0.81975406,0
-0.38121825,2.146874,2.0605142,0.47544956,0.75373602,-0.4536846,0
0.50525647,-1.174751,-0.53209704,-0.47544956,-0.75373602,0.4536846,0
0.52898693,1.4559488,1.9976228,0.55439013,0.14371777,0.81975406,0
-1.3402027,1.6058177,1.3559813,-0.68308073,0.64126998,0.34953326,0
-2.7501705,1.1698719,-0.82990795,-0.68308073,0.64126998,0.34953326,0
1.8622652,-1.8811935,-0.021239877,0.68308073,-0.64126998,-0.34953326,0
-0.47359779,1.5787146,2.441638,0.55439013,0.14371777,0.81975406,0
-0.30735344,1.9911526,2.4037685,-0.68308073,0.64126998,0.34953326,0
2.4438205,-1.1025575,0.13327074,0.68308073,-0.64126998,-0.34953326,0
-2.4119925,1.2934288,-0.98901284,-0.55439013,-0.14371777,-0.81975406,0
0.48634535,-1.9140698,-1.3190427,-0.47544956,-0.75373602,0.4536846,0
-1.6545064,0.19197482,-1.5097558,-0.55439013,-0.14371777,-0.81975406,0
-2.7782297,1.2175186,-0.62470126,-0.68308073,0.64126998,0.34953326,0
0.50733042,-0.76084995,-1.4697846,0.47544956,0.75373602,-0.4536846,0
-1.4963574,1.2422191,-0.86739939,0.47544956,0.75373602,-0.4536846,0
-0.25386864,-1.2320957,-2.0295744,-0.55439013,-0.14371777,-0.81975406,0
-1.085144,1.6407629,0.35581207,0.47544956,0.75373602,-0.4536846,0
1.9039301,-1.211131,-0.93838632,0.68308073,-0.64126998,-0.34953326,0
1.6451933,-1.9784049,-0.67826736,-0.47544956,-0.75373602,0.4536846,0
-0.081105232,-0.6291039,-2.4188466,-0.55439013,-0.14371777,-0.81975406,0
0.81335336,0.69441068,1.7557139,0.55439013,0.14371777,0.81975406,0
1.6569942,-0.72850126,1.5114582,-0.47544956,-0.75373602,0.4536846,0
-0.89188993,1.7621427,2.032263,-0.68308073,0.64126998,0.34953326,0
2.9115171,-1.0255942,0.58659339,0.68308073,-0.64126998,-0.34953326,0
-1.0925502,0.13880223,-1.7975832,-0.55439013,-0.14371777,-0.81975406,0
-2.6763811,0.97401023,-0.21123374,-0.47544956,-0.75373602,0.4536846,0
-1.4836807,1.8893969,0.8205272,-0.68308073,0.64126998,0.34953326,0
1.5699952,0.05891344,1.2991698,0.55439013,0.14371777,0.81975406,0
0.44862193,-2.3494248,-2.0451076,0.68308073,-0.64126998,-0.34953326,0
0.1383664,-1.832917,-1.7267863,-0.47544956,-0.75373602,0.4536846,0
2.0165029,-0.0075044632,0.96988058,0.55439013,0.14371777,0.81975406,0
1.1360023,0.49625346,1.3848596,0.55439013,0.14371777,0.81975406,0
-0.30593884,1.1135702,0.80714822,0.47544956,0.75373602,-0.4536846,0
-1.0409997,2.097806,1.680495,-0.68308073,0.64126998,0.34953326,0
2.5071313,-1.1684076,-0.28542483,0.68308073,-0.64126998,-0.34953326,0
-1.0496738,1.3660908,2.1224594,-0.68308073,0.64126998,0.34953326,0
-1.9278654,1.7100254,0.27215004,-0.68308073,0.64126998,0.34953326,0
1.707346,-1.1053936,1.2893015,0.55439013,0.14371777,0.81975406,0
1.0125685,-2.0262327,-1.4113851,0.68308073,-0.64126998,-0.34953326,0
-0.1904994,-1.1602622,-1.422197,-0.47544956,-0.75373602,0.4536846,0
-0.26653478,0.25929254,1.6767429,-0.47544956,-0.75373602,0.4536846,0
-0.039123356,-1.5999597,-1.9055961,-0.55439013,-0.14371777,-0.81975406,0
-1.4212075,0.56058449,-1.3409609,0.47544956,0.75373602,-0.4536846,0
-2.9382834,1.0247152,-0.55559564,-0.47544956,-0.75373602,0.4536846,0
0.8762821,0.78472233,1.9122479,0.55439013,0.14371777,0.81975406,0
1.0000228,-0.29702729,1.2198994,-0.47544956,-0.75373602,0.4536846,0
-1.0183431,-0.68586099,-0.79802763,-0.47544956,-0.75373602,0.4536846,0
1.9072603,-1.847428,-0.2425251,0.68308073,-0.64126998,-0.34953326,0
-0.032183837,-0.94545287,-0.50044084,-0.47544956,-0.75373602,0.4536846,0
-1.5890625,-0.24302654,-0.59132129,-0.47544956,-0.75373602,0.4536846,0
1.0781763,0.45136523,1.577149,0.55439013,0.14371777,0.81975406,0
-1.4105699,0.30202162,-0.020864606,-0.47544956,-0.75373602,0.4536846,0
0.3714937,0.42129067,0.26049665,0.47544956,0.75373602,-0.4536846,0
-0.18862545,-0.98875147,-2.1995442,-0.55439013,-0.14371777,-0.81975406,0
1.9583821,-1.2558026,-0.49769807,0.68308073,-0.64126998,-0.34953326,0
-2.2168117,0.18480688,-0.85118133,-0.47544956,-0.75373602,0.4536846,0
-0.29959589,-1.2776188,-1.9809451,-0.55439013,-0.14371777,-0.81975406,0
1.1010486,0.065008223,1.8854461,0.55439013,0.14371777,0.81975406,0
2.1117964,-0.64547962,0.33445859,0.47544956,0.75373602,-0.4536846,0
2.3465145,-1.1204867,-0.21204889,0.68308073,-0.64126998,-0.34953326,0
-0.25463706,1.2955474,1.1256207,0.47544956,0.75373602,-0.4536846,0
1.4894475,0.49131608,1.2902156,0.55439013,0.14371777,0.81975406,0
0.17757982,-0.69730544,-2.32236,-0.55439013,-0.14371777,-0.81975406,0
-1.3439572,2.0346749,1.2801476,-0.68308073,0.64126998,0.34953326,0
-0.61335331,0.94176847,-0.5756427,0.47544956,0.75373602,-0.4536846,0
1.8040483,-1.6071495,-0.71903026,0.68308073,-0.64126998,-0.34953326,0
2.6006684,-1.2859663,0.84185082,0.68308073,-0.64126998,-0.34953326,0
-0.38602832,1.8666348,2.5544839,0.55439013,0.14371777,0.81975406,0
-1.0431972,1.5798171,1.7488421,-0.68308073,0.64126998,0.34953326,0
-0.74024832,1.7320335,2.4012289,-0.68308073,0.64126998,0.34953326,0
1.4871224,-1.4017172,-1.4507389,0.68308073,-0.64126998,-0.34953326,0
-1.814173,-0.10575432,-1.4214886,-0.55439013,-0.14371777,-0.81975406,0
0.36912441,0.90163404,0.73154312,0.47544956,0.75373602,-0.4536846,0
0.080679715,0.82832617,2.1149199,0.55439013,0.14371777,0.81975406,0
1.7820442,-0.79923463,-0.75829399,0.47544956,0.75373602,-0.4536846,0
-0.79149497,1.2861348,0.091760695,0.47544956,0.75373602,-0.4536846,0
1.0289569,-1.8424249,-1.7617186,0.68308073,-0.64126998,-0.34953326,0
-0.34854996,-1.5000851,-2.1273689,-0.55439013,-0.14371777,-0.81975406,0
0.61372966,-2.283823,-2.1620448,0.68308073,-0.64126998,-0.34953326,0
0.43987149,0.87858331,1.8109053,0.55439013,0.14371777,0.81975406,0
-0.28467923,1.6597373,2.2753277,0.55439013,0.14371777,0.81975406,0
1.8090932,-1.4991601,-1.4204898,0.68308073,-0.64126998,-0.34953326,0
-2.3579528,1.2781724,0.22976267,-0.68308073,0.64126998,0.34953326,0
-0.012217835,0.5780127,-0.071022391,0.47544956,0.75373602,-0.4536846,0
0.31085676,0.1330342,-0.61755586,0.47544956,0.75373602,-0.4536846,0
0.71277004,-1.8324318,-1.9053882,0.68308073,-0.64126998,-0.34953326,0
2.3384938,-0.0050944686,1.0956662,0.55439013,0.14371777,0.81975406,0
1.4257709,-0.46732157,1.4553337,0.55439013,0.14371777,0.81975406,0
2.0991807,-0.59776735,1.0582486,0.55439013,0.14371777,0.81975406,0
1.6672318,-1.6004336,-0.24047077,-0.47544956,-0.75373602,0.4536846,0
-0.33251947,0.46088117,1.5553877,-0.47544956,-0.75373602,0.4536846,0
-1.214661,1.4290208,1.6740911,-0.68308073,0.64126998,0.34953326,0
0.87965935,0.40036711,0.078643903,0.47544956,0.75373602,-0.4536846,0
-0.13327706,1.5423857,2.1258383,0.55439013,0.14371777,0.81975406,0
-1.9807366,1.5221933,0.34892619,-0.68308073,0.64126998,0.34953326,0
0.43265936,-1.4950342,-1.3291278,-0.47544956,-0.75373602,0.4536846,0
-1.7361917,1.6129476,1.3277893,-0.68308073,0.64126998,0.34953326,0
-1.6119633,0.21526092,-1.5646169,-0.55439013,-0.14371777,-0.81975406,0
-1.1401899,1.5603192,2.0747404,-0.68308073,0.64126998,0.34953326,0
-0.4761712,1.0334332,2.086863,-0.47544956,-0.75373602,0.4536846,0
-0.86987847,1.7301205,2.536552,0.55439013,0.14371777,0.81975406,0
0.66999996,-0.23149598,1.3883332,-0.47544956,-0.75373602,0.4536846,0
1.1607641,-1.8518658,-1.7202485,0.68308073,-0.64126998,-0.34953326,0
2.6111689,-1.73892,0.77789974,0.68308073,-0.64126998,-0.34953326,0
2.539757,-1.0132271,1.0969296,0.55439013,0.14371777,0.81975406,0
0.66126955,-2.1778347,-1.7955265,0.68308073,-0.64126998,-0.34953326,0
2.8671863,-1.3538682,0.37809515,0.68308073,-0.64126998,-0.34953326,0
1.6389854,-0.88165641,1.3010051,-0.47544956,-0.75373602,0.4536846,0
0.53856945,0.82248151,0.98343778,0.47544956,0.75373602,-0.4536846,0
-0.20502579,0.37106729,-0.53016943,0.47544956,0.75373602,-0.4536846,0
-0.54591614,1.9807599,1.9648288,-0.68308073,0.64126998,0.34953326,0
0.87120646,-1.5649266,-2.4787846,0.47544956,0.75373602,-0.4536846,0
-2.4910827,1.1027254,0.083133221,-0.47544956,-0.75373602,0.4536846,0
0.72767407,-0.86470616,0.33632395,-0.47544956,-0.75373602,0.4536846,0
0.48270929,-1.808229,-2.6433625,-0.55439013,-0.14371777,-0.81975406,0
-0.033635139,-0.60312241,-1.9025524,0.47544956,0.75373602,-0.4536846,0
-0.0061801076,1.6998134,2.0246649,0.47544956,0.75373602,-0.4536846,0
0.98981595,-0.48006532,-1.1421726,0.47544956,0.75373602,-0.4536846,0
0.16906977,0.30526406,1.7675511,-0.47544956,-0.75373602,0.4536846,0
-2.8003635,0.79321539,-0.31496036,-0.68308073,0.64126998,0.34953326,0
-0.65066707,1.5991702,2.7545595,-0.68308073,0.64126998,0.34953326,0
0.50037116,-0.57847011,-1.1390479,0.47544956,0.75373602,-0.4536846,0
