-3.6944056,0.31646895,3.3218307,-0.70227242,0.25818846,0.66343963,0
2.6408288,-0.63083762,-3.0168347,-0.60264134,0.28051746,-0.74708331,0
-1.5873076,1.3980799,1.0692682,-0.60264134,0.28051746,-0.74708331,0
-0.22930133,1.6672292,1.3583539,0.60264134,-0.28051746,0.74708331,0
3.7730989,-0.59508979,-3.5382271,0.70227242,-0.25818846,-0.66343963,0
3.4899487,-1.8915106,-2.9311972,0.70227242,-0.25818846,-0.66343963,0
2.4164793,0.79506552,-1.8716903,0.3789947,0.92447221,0.041404575,0
-3.9491696,0.74922705,3.0271995,-0.70227242,0.25818846,0.66343963,0
-3.7246866,0.76145267,3.4553676,-0.70227242,0.25818846,0.66343963,0
2.7721503,-2.1616008,-3.7749557,-0.60264134,0.28051746,-0.74708331,0
-3.1963398,-0.26355588,3.3859506,0.60264134,-0.28051746,0.74708331,0
4.0720596,-0.5586133,-3.0329299,0.70227242,-0.25818846,-0.66343963,0
1.9587259,-1.0111773,-2.6693745,-0.60264134,0.28051746,-0.74708331,0
-1.6992295,-0.34145856,0.77218115,-0.60264134,0.28051746,-0.74708331,0
-3.1248655,2.4942126,3.3986349,-0.70227242,0.25818846,0.66343963,0
-0.46727073,1.8329829,1.0495126,0.3789947,0.92447221,0.041404575,0
-1.8101619,-0.26766205,1.9999359,0.60264134,-0.28051746,0.74708331,0
-2.5592482,-0.28655189,2.5764182,0.60264134,-0.28051746,0.74708331,0
3.1898594,-0.93819463,-2.0971308,0.60264134,-0.28051746,0.74708331,0
1.8445576,-2.3482523,-3.1934035,-0.60264134,0.28051746,-0.74708331,0
1.0886973,1.3263395,0.029478371,0.3789947,0.92447221,0.041404575,0
0.91495216,1.2334006,0.29283041,0.3789947,0.92447221,0.041404575,0
3.3000066,-2.3631699,-3.2934024,0.70227242,-0.25818846,-0.66343963,0
3.5299234,-1.411983,-3.327198,0.70227242,-0.25818846,-0.66343963,0
1.7475743,1.1324546,-0.48092771,0.3789947,0.92447221,0.041404575,0
1.3460498,-1.9972095,-2.4886849,-0.3789947,-0.92447221,-0.041404575,0
2.294765,-2.420572,-3.4290996,-0.60264134,0.28051746,-0.74708331,0
3.8602273,-0.54815257,-3.109035,0.70227242,-0.25818846,-0.66343963,0
-3.8863552,0.842839,3.1479657,-0.70227242,0.25818846,0.66343963,0
1.3459291,0.95665282,-0.39781785,0.3789947,0.92447221,0.041404575,0
2.8734426,-1.4270657,-1.9489592,0.60264134,-0.28051746,0.74708331,0
1.4662464,0.86998743,-0.16107059,0.60264134,-0.28051746,0.74708331,0
2.7458637,0.41528696,-2.8464456,0.3789947,0.92447221,0.041404575,0
-1.7726851,-0.36212647,2.1327152,0.60264134,-0.28051746,0.74708331,0
1.4801924,-2.2806702,-2.6230102,-0.3789947,-0.92447221,-0.041404575,0
3.5275006,-0.90966117,-3.5236416,0.70227242,-0.25818846,-0.66343963,0
1.4065742,0.91373128,-0.35225868,0.3789947,0.92447221,0.041404575,0
-3.9778707,-0.26014352,2.28298,-0.3789947,-0.92447221,-0.041404575,0
3.442894,-2.1312003,-2.8948803,0.70227242,-0.25818846,-0.66343963,0
3.9608746,-0.0320158,-3.5823998,0.70227242,-0.25818846,-0.66343963,0
3.1597965,-2.4629066,-3.197758,0.70227242,-0.25818846,-0.66343963,0
0.70643687,0.17594105,-1.3121023,-0.60264134,0.28051746,-0.74708331,0
4.5894008,0.0036995411,-2.8715789,0.3789947,0.92447221,0.041404575,0
-2.0204215,-0.03623271,2.2355292,0.60264134,-0.28051746,0.74708331,0
3.6005104,-1.3186983,-3.2247677,0.70227242,-0.25818846,-0.66343963,0
1.7333121,0.81455541,-0.48107612,0.3789947,0.92447221,0.041404575,0
3.6082764,-1.2707678,-2.943573,0.70227242,-0.25818846,-0.66343963,0
-4.1011996,-0.10946298,2.4854579,-0.3789947,-0.92447221,-0.041404575,0
-3.6220679,0.95985126,3.6055362,-0.70227242,0.25818846,0.66343963,0
-3.0563052,2.4199662,3.2531312,-0.70227242,0.25818846,0.66343963,0
1.1632464,-0.36013043,-1.8505871,-0.60264134,0.28051746,-0.74708331,0
2.098141,-1.1298211,-1.5456779,0.60264134,-0.28051746,0.74708331,0
4.1774225,0.16398048,-2.6755917,0.3789947,0.92447221,0.041404575,0
3.9661822,-0.72800612,-2.8434813,0.70227242,-0.25818846,-0.66343963,0
-3.1916456,0.55553246,3.1907487,0.60264134,-0.28051746,0.74708331,0
-1.0086293,1.9119903,1.8380204,0.3789947,0.92447221,0.041404575,0
3.6455402,-2.0217433,-3.1876283,0.70227242,-0.25818846,-0.66343963,0
-3.2123704,1.9942408,2.6282964,-0.60264134,0.28051746,-0.74708331,0
-1.4127476,1.9732597,1.9974536,0.3789947,0.92447221,0.041404575,0
2.378119,-0.72936833,-2.8910408,-0.60264134,0.28051746,-0.74708331,0
-4.0533862,0.6161356,2.7952635,-0.70227242,0.25818846,0.66343963,0
-2.9093542,-0.48578191,2.4284568,-0.3789947,-0.92447221,-0.041404575,0
3.8740931,0.22172046,-3.539829,0.70227242,-0.25818846,-0.66343963,0
-2.6383028,0.43419456,2.9396899,0.60264134,-0.28051746,0.74708331,0
1.9757696,0.97224283,-1.5779825,0.3789947,0.92447221,0.041404575,0
-0.52730799,-1.3911703,-0.045088887,-0.3789947,-0.92447221,-0.041404575,0
-1.0445713,-1.0574054,1.0221965,0.60264134,-0.28051746,0.74708331,0
-2.8165128,2.7021697,3.3293145,0.3789947,0.92447221,0.041404575,0
0.42726076,-1.5109227,-1.5532262,-0.60264134,0.28051746,-0.74708331,0
3.3090343,-2.0177069,-3.1422753,0.70227242,-0.25818846,-0.66343963,0
1.7027917,-0.69826448,-0.74375117,0.60264134,-0.28051746,0.74708331,0
0.1440064,-0.17518175,0.75286031,0.60264134,-0.28051746,0.74708331,0
0.14364022,0.68821925,0.86739075,0.60264134,-0.28051746,0.74708331,0
0.41799128,1.5152375,-0.12290215,0.3789947,0.92447221,0.041404575,0
-3.4837642,1.188361,3.5586338,-0.70227242,0.25818846,0.66343963,0
1.7754285,-2.0815079,-1.5583147,-0.3789947,-0.92447221,-0.041404575,0
-1.8609681,-0.75522035,1.2087469,-0.3789947,-0.92447221,-0.041404575,0
-2.58553,2.521692,3.17747,0.3789947,0.92447221,0.041404575,0
-3.9444218,0.16745019,2.4441645,-0.60264134,0.28051746,-0.74708331,0
-1.6712456,-0.98400629,0.81518519,-0.3789947,-0.92447221,-0.041404575,0
-2.4745626,1.9474266,1.9084342,-0.60264134,0.28051746,-0.74708331,0
0.6060344,-1.2123864,-1.3637177,-0.60264134,0.28051746,-0.74708331,0
-2.9551017,-0.16424882,2.9865069,0.60264134,-0.28051746,0.74708331,0
-1.4945569,0.11400914,0.47954988,-0.60264134,0.28051746,-0.74708331,0
3.8825381,0.12908685,-3.3395386,0.70227242,-0.25818846,-0.66343963,0
-1.9077528,2.4759259,2.9509196,0.3789947,0.92447221,0.041404575,0
-2.8535528,2.429492,3.8284569,-0.70227242,0.25818846,0.66343963,0
3.7566245,-1.4952803,-3.0581906,0.70227242,-0.25818846,-0.66343963,0
4.2218757,-0.4787848,-2.8336933,0.60264134,-0.28051746,0.74708331,0
3.5466685,-0.57986176,-3.2794847,0.70227242,-0.25818846,-0.66343963,0
-2.8509641,-0.56214917,2.3120732,-0.3789947,-0.92447221,-0.041404575,0
1.0452758,0.02890569,-0.21911532,0.60264134,-0.28051746,0.74708331,0
0.13609147,-1.1907585,-0.036295928,0.60264134,-0.28051746,0.74708331,0
2.9621763,-0.64151955,-2.2102365,0.60264134,-0.28051746,0.74708331,0
-3.9589086,-0.14296174,3.3210361,-0.3789947,-0.92447221,-0.041404575,0
3.6849365,0.0020847321,-3.5321164,0.70227242,-0.25818846,-0.66343963,0
3.8217285,-0.0038766861,-3.2095191,0.3789947,0.92447221,0.041404575,0
2.070261,-0.37000835,-0.97961259,0.60264134,-0.28051746,0.74708331,0
-2.8822415,-0.49848211,2.1566997,-0.3789947,-0.92447221,-0.041404575,0
0.66566157,1.4790065,0.20962143,0.3789947,0.92447221,0.041404575,0
2.1225829,-2.4318006,-2.659178,-0.3789947,-0.92447221,-0.041404575,0
-3.1145597,2.833252,3.1212292,0.3789947,0.92447221,0.041404575,0
3.9896774,0.04024601,-3.6063144,0.70227242,-0.25818846,-0.66343963,0
-0.90225923,-0.21812248,1.0989077,0.60264134,-0.28051746,0.74708331,0
-0.2155087,-1.5817142,-0.74074829,-0.3789947,-0.92447221,-0.041404575,0
-2.8299615,2.3083239,3.6248691,-0.70227242,0.25818846,0.66343963,0
-2.973531,2.6800063,3.6306772,-0.70227242,0.25818846,0.66343963,0
3.1106946,0.20912552,-3.3117559,-0.60264134,0.28051746,-0.74708331,0
2.8384895,-1.3972383,-1.8872724,0.60264134,-0.28051746,0.74708331,0
0.1482451,1.4962633,0.21451879,0.3789947,0.92447221,0.041404575,0
3.3361044,-1.5281667,-2.6864502,0.60264134,-0.28051746,0.74708331,0
-1.9934548,-1.0890021,1.5569185,-0.3789947,-0.92447221,-0.041404575,0
-3.8361998,1.1039008,2.8926404,-0.70227242,0.25818846,0.66343963,0
-3.6015289,0.1296196,2.0697725,-0.60264134,0.28051746,-0.74708331,0
3.1377246,-0.45427454,-3.1421766,-0.60264134,0.28051746,-0.74708331,0
2.9728622,-2.4624987,-3.2561982,0.70227242,-0.25818846,-0.66343963,0
2.9660883,-2.8186562,-3.0260615,0.70227242,-0.25818846,-0.66343963,0
-1.5801597,-0.64805967,0.61849546,-0.60264134,0.28051746,-0.74708331,0
-1.2302725,2.1733873,1.5782759,0.3789947,0.92447221,0.041404575,0
1.9003003,-2.1083078,-3.0011909,-0.3789947,-0.92447221,-0.041404575,0
-3.6698613,0.2567544,3.6029754,0.60264134,-0.28051746,0.74708331,0
-1.795548,0.71160614,0.95986748,-0.60264134,0.28051746,-0.74708331,0
-0.37571511,0.74332094,1.2016109,0.60264134,-0.28051746,0.74708331,0
3.2346883,-1.8790346,-2.385263,0.60264134,-0.28051746,0.74708331,0
3.7781389,0.17405164,-3.5082285,0.70227242,-0.25818846,-0.66343963,0
3.8347955,-0.46445298,-3.1368444,0.70227242,-0.25818846,-0.66343963,0
-3.084651,2.5519841,3.3030622,-0.70227242,0.25818846,0.66343963,0
-3.1307449,-0.077594519,1.7454047,-0.60264134,0.28051746,-0.74708331,0
2.9085443,-1.7263037,-3.4882183,0.70227242,-0.25818846,-0.66343963,0
2.665668,-2.783299,-2.7144341,-0.3789947,-0.92447221,-0.041404575,0
-0.53298116,-1.240236,0.27501407,-0.3789947,-0.92447221,-0.041404575,0
1.98096,1.0353062,-0.77510774,0.3789947,0.92447221,0.041404575,0
2.487119,-1.2687508,-1.844473,0.60264134,-0.28051746,0.74708331,0
1.6366892,-2.3034449,-1.7451437,-0.3789947,-0.92447221,-0.041404575,0
-2.9244971,-0.59962785,1.3505428,-0.3789947,-0.92447221,-0.041404575,0
0.71577787,1.286127,0.21027213,0.3789947,0.92447221,0.041404575,0
0.34618589,-0.25508457,-0.96547955,-0.60264134,0.28051746,-0.74708331,0
3.6574192,-0.62744391,-3.2139111,0.70227242,-0.25818846,-0.66343963,0
-2.1417017,-0.76875544,1.0753545,-0.3789947,-0.92447221,-0.041404575,0
2.1813686,-1.6602858,-1.6824529,0.60264134,-0.28051746,0.74708331,0
3.5392637,-1.5757557,-3.113246,0.70227242,-0.25818846,-0.66343963,0
3.7226923,0.1986779,-3.4685969,0.70227242,-0.25818846,-0.66343963,0
2.1849568,-1.6769371,-3.067008,-0.60264134,0.28051746,-0.74708331,0
1.9028289,-2.0891318,-2.2307727,-0.3789947,-0.92447221,-0.041404575,0
-3.8379183,1.0849291,3.1227984,-0.70227242,0.25818846,0.66343963,0
1.3258492,-1.1376666,-2.4034445,-0.60264134,0.28051746,-0.74708331,0
0.061436296,-1.2540262,-0.028901182,0.60264134,-0.28051746,0.74708331,0
0.32035172,1.6382637,0.055954278,0.3789947,0.92447221,0.041404575,0
-1.5361896,-0.73408115,1.8751529,0.60264134,-0.28051746,0.74708331,0
-3.009378,2.5343742,3.2882104,-0.70227242,0.25818846,0.66343963,0
-4.1425028,0.28293371,2.8336098,-0.70227242,0.25818846,0.66343963,0
2.9941103,-0.56719786,-3.2351367,-0.60264134,0.28051746,-0.74708331,0
-3.5345981,0.77558839,3.2573094,-0.70227242,0.25818846,0.66343963,0
2.8118606,-1.6943433,-3.3674297,-0.60264134,0.28051746,-0.74708331,0
2.3947084,-2.4146736,-3.0452974,-0.3789947,-0.92447221,-0.041404575,0
2.9106293,-2.0275247,-3.5302458,0.70227242,-0.25818846,-0.66343963,0
2.2318993,-1.3192596,-2.775358,-0.60264134,0.28051746,-0.74708331,0
-0.0088528395,-0.71558642,-1.1694473,-0.60264134,0.28051746,-0.74708331,0
-3.8771694,1.5923295,3.0601776,-0.70227242,0.25818846,0.66343963,0
2.7892237,-0.33599246,-1.5912368,0.60264134,-0.28051746,0.74708331,0
-1.6921808,-1.1037902,0.80630851,-0.3789947,-0.92447221,-0.041404575,0
0.088229179,-1.6842364,-1.0009558,-0.3789947,-0.92447221,-0.041404575,0
3.6308742,-2.161016,-3.1506,0.70227242,-0.25818846,-0.66343963,0
-3.4860485,1.949893,3.2978663,-0.70227242,0.25818846,0.66343963,0
3.5160496,-0.220204,-3.4855671,0.70227242,-0.25818846,-0.66343963,0
0.33505443,-0.72430122,-1.2148136,-0.60264134,0.28051746,-0.74708331,0
2.6708932,-2.6634169,-3.660646,-0.3789947,-0.92447221,-0.041404575,0
3.7389083,-0.27087522,-3.4224215,0.70227242,-0.25818846,-0.66343963,0
3.234941,-2.6385939,-3.2588329,0.70227242,-0.25818846,-0.66343963,0
1.2255182,1.0065218,-0.090869129,0.60264134,-0.28051746,0.74708331,0
1.6658403,0.91291767,-1.0661447,0.3789947,0.92447221,0.041404575,0
-3.2917578,-0.30565906,2.0616846,-0.3789947,-0.92447221,-0.041404575,0
-0.99545741,1.8402187,0.66435003,0.3789947,0.92447221,0.041404575,0
2.9392273,-2.5671768,-3.3734059,0.70227242,-0.25818846,-0.66343963,0
-1.2469385,0.50469714,0.76852012,-0.60264134,0.28051746,-0.74708331,0
-3.1617632,2.1674073,3.0943093,-0.70227242,0.25818846,0.66343963,0
3.7125225,-0.74942124,-3.3356724,0.70227242,-0.25818846,-0.66343963,0
-1.0106586,-1.3825694,0.055027604,-0.3789947,-0.92447221,-0.041404575,0
-0.52867144,-0.78846383,0.59865856,0.60264134,-0.28051746,0.74708331,0
0.13450336,-1.5462797,-0.24942708,-0.3789947,-0.92447221,-0.041404575,0
-1.2466786,0.81963247,0.61115855,-0.60264134,0.28051746,-0.74708331,0
4.0773559,-0.8387208,-2.8916516,0.70227242,-0.25818846,-0.66343963,0
-2.9380164,2.0248623,3.4525154,-0.70227242,0.25818846,0.66343963,0
-3.454385,-0.45206738,2.6809173,-0.3789947,-0.92447221,-0.041404575,0
-1.8041985,2.0829511,1.4821749,-0.60264134,0.28051746,-0.74708331,0
-2.661633,2.7246974,3.1303244,0.3789947,0.92447221,0.041404575,0
-1.3502903,-0.90085089,1.475812,0.60264134,-0.28051746,0.74708331,0
3.1997957,-2.2215664,-3.0754809,0.70227242,-0.25818846,-0.66343963,0
0.24251865,-0.51746845,-1.0672274,-0.60264134,0.28051746,-0.74708331,0
2.4286537,-2.6525402,-3.5324545,-0.3789947,-0.92447221,-0.041404575,0
-3.5168459,0.40470612,3.6065855,-0.70227242,0.25818846,0.66343963,0
3.0490093,-1.5967214,-3.4233766,0.70227242,-0.25818846,-0.66343963,0
-1.4660236,0.98100728,0.78378803,-0.60264134,0.28051746,-0.74708331,0
-3.1802034,1.2843394,3.5617552,-0.70227242,0.25818846,0.66343963,0
-3.8031826,0.64882731,3.4102311,-0.70227242,0.25818846,0.66343963,0
-0.85378933,-1.1554286,-0.042272508,-0.3789947,-0.92447221,-0.041404575,0
2.2933323,-1.0559636,-3.1652143,-0.60264134,0.28051746,-0.74708331,0
-1.2972853,1.5684634,0.72577679,-0.60264134,0.28051746,-0.74708331,0
1.052009,1.1417055,0.19972247,0.3789947,0.92447221,0.041404575,0
-3.9294925,0.0065021515,3.4549661,-0.70227242,0.25818846,0.66343963,0
3.769506,-1.4100329,-2.9928193,0.70227242,-0.25818846,-0.66343963,0
2.8284006,-2.5127971,-3.4924941,-0.3789947,-0.92447221,-0.041404575,0
2.1868651,0.056728899,-2.2032795,-0.60264134,0.28051746,-0.74708331,0
-4.1745524,1.0054224,3.0142374,-0.70227242,0.25818846,0.66343963,0
-3.0087044,2.0863783,3.8240695,-0.70227242,0.25818846,0.66343963,0
0.026589036,-1.4820056,-0.38588607,-0.3789947,-0.92447221,-0.041404575,0
-0.51711154,0.11633009,-0.07976234,-0.60264134,0.28051746,-0.74708331,0
2.520611,-0.53492498,-2.8701212,-0.60264134,0.28051746,-0.74708331,0
-0.59253907,1.8792731,1.5518681,0.3789947,0.92447221,0.041404575,0
2.7991905,-0.21893615,-3.2744956,-0.60264134,0.28051746,-0.74708331,0
1.0639193,0.062777266,-1.4837962,-0.60264134,0.28051746,-0.74708331,0
2.5870833,0.72582245,-1.9244268,0.3789947,0.92447221,0.041404575,0
1.2948377,-2.0160561,-1.3717434,-0.3789947,-0.92447221,-0.041404575,0
-3.8531945,0.11277032,3.1615608,-0.70227242,0.25818846,0.66343963,0
-3.4831002,1.2806113,3.2802527,-0.70227242,0.25818846,0.66343963,0
-3.8967934,-0.32305336,3.3972402,-0.70227242,0.25818846,0.66343963,0
3.614408,-1.2503872,-3.248667,0.70227242,-0.25818846,-0.66343963,0
1.266665,-1.6190374,-2.4281921,-0.60264134,0.28051746,-0.74708331,0
3.7525983,-1.7379143,-3.0914042,0.70227242,-0.25818846,-0.66343963,0
-1.007045,1.7841022,1.6570853,0.3789947,0.92447221,0.041404575,0
0.71882409,0.68816376,0.20181832,0.60264134,-0.28051746,0.74708331,0
0.53668129,1.2454315,0.68157214,0.3789947,0.92447221,0.041404575,0
2.2044494,-0.89451611,-1.4115188,0.60264134,-0.28051746,0.74708331,0
3.3994837,0.45314753,-2.4887726,0.3789947,0.92447221,0.041404575,0
0.49167418,-1.6076112,-1.2401421,-0.3789947,-0.92447221,-0.041404575,0
1.7596669,-2.0969632,-2.0099292,-0.3789947,-0.92447221,-0.041404575,0
-3.9641869,0.024983644,3.0571036,-0.70227242,0.25818846,0.66343963,0
-0.60745287,-1.1805871,0.66092396,0.60264134,-0.28051746,0.74708331,0
-0.85160786,-0.6528095,0.036047876,-0.60264134,0.28051746,-0.74708331,0
-2.7892115,-0.7679956,1.8312948,-0.3789947,-0.92447221,-0.041404575,0
4.0830116,-0.26649165,-3.2076101,0.70227242,-0.25818846,-0.66343963,0
1.1815872,-0.73121279,-1.9689374,-0.60264134,0.28051746,-0.74708331,0
-2.1683006,2.4099841,2.7689197,0.3789947,0.92447221,0.041404575,0
2.8765848,-1.2387657,-3.4380145,-0.60264134,0.28051746,-0.74708331,0
3.644486,-0.26320517,-3.2965469,0.70227242,-0.25818846,-0.66343963,0
2.9198005,0.68423772,-2.8377969,0.3789947,0.92447221,0.041404575,0
3.5796921,-2.1171346,-3.0122578,0.70227242,-0.25818846,-0.66343963,0
-1.8096747,0.84832829,2.6401486,0.60264134,-0.28051746,0.74708331,0
2.4337213,0.9147284,-1.6618131,0.3789947,0.92447221,0.041404575,0
4.3233104,-0.38179541,-3.0455012,0.70227242,-0.25818846,-0.66343963,0
1.3215957,-1.9160193,-2.6449804,-0.60264134,0.28051746,-0.74708331,0
3.5739062,0.06009078,-2.6382914,0.3789947,0.92447221,0.041404575,0
3.8037622,0.34718418,-3.1533427,0.3789947,0.92447221,0.041404575,0
-3.9167273,0.72246289,3.343153,-0.70227242,0.25818846,0.66343963,0
-4.2680449,0.41187358,2.8427403,-0.70227242,0.25818846,0.66343963,0
-0.069191456,-0.66881233,-0.93226278,-0.60264134,0.28051746,-0.74708331,0
1.5176489,-0.14425516,-2.0105088,-0.60264134,0.28051746,-0.74708331,0
-3.4404814,0.66050208,3.7932138,-0.70227242,0.25818846,0.66343963,0
-0.72944218,-0.22256207,-0.052782387,-0.60264134,0.28051746,-0.74708331,0
1.9135203,-0.49978656,-2.5498478,-0.60264134,0.28051746,-0.74708331,0
1.5721936,1.2341214,-1.6066973,0.3789947,0.92447221,0.041404575,0
3.6783335,0.067110062,-2.70769,0.3789947,0.92447221,0.041404575,0
2.4882817,0.60199386,-2.650291,-0.60264134,0.28051746,-0.74708331,0
-1.6754093,2.1008143,1.5370561,0.3789947,0.92447221,0.041404575,0
-3.6935606,-0.1813854,3.1148751,-0.3789947,-0.92447221,-0.041404575,0
1.143792,-1.8687208,-1.7970326,-0.3789947,-0.92447221,-0.041404575,0
-2.1071987,2.2041969,2.2603178,0.3789947,0.92447221,0.041404575,0
3.3746209,-1.5773731,-3.0708008,0.70227242,-0.25818846,-0.66343963,0
2.8778777,-0.62102205,-3.3793292,-0.60264134,0.28051746,-0.74708331,0
3.2781899,-0.93142962,-3.5457807,-0.60264134,0.28051746,-0.74708331,0
2.1960318,-2.3360984,-2.400872,-0.3789947,-0.92447221,-0.041404575,0
-1.1796736,0.057448253,1.6559441,0.60264134,-0.28051746,0.74708331,0
1.3117404,-1.9512346,-1.2981052,-0.3789947,-0.92447221,-0.041404575,0
-1.2347584,1.9250958,2.3778758,0.60264134,-0.28051746,0.74708331,0
1.4830586,-0.20891833,-0.74703234,0.60264134,-0.28051746,0.74708331,0
3.8958874,-0.77918613,-3.1604273,0.70227242,-0.25818846,-0.66343963,0
3.4926825,-0.66676629,-3.5512843,0.70227242,-0.25818846,-0.66343963,0
-3.2956736,2.3929496,3.3455534,-0.70227242,0.25818846,0.66343963,0
-3.8526263,-0.32933784,2.8372352,-0.3789947,-0.92447221,-0.041404575,0
-2.7048206,2.1633351,3.5546303,-0.70227242,0.25818846,0.66343963,0
3.6573181,-0.37648785,-3.2492075,0.70227242,-0.25818846,-0.66343963,0
3.2783399,-1.7106676,-3.6909695,0.70227242,-0.25818846,-0.66343963,0
2.3574228,-2.430706,-2.3028533,-0.3789947,-0.92447221,-0.041404575,0
-1.5376112,0.16546589,1.9840274,0.60264134,-0.28051746,0.74708331,0
0.80168217,0.095546901,0.10418576,0.60264134,-0.28051746,0.74708331,0
0.62538731,-1.9915242,-0.5810414,-0.3789947,-0.92447221,-0.041404575,0
-0.56948483,0.97406679,1.5321389,0.60264134,-0.28051746,0.74708331,0
-3.4527097,1.4332749,2.8554785,-0.60264134,0.28051746,-0.74708331,0
2.4924564,0.8038584,-2.2952483,0.3789947,0.92447221,0.041404575,0
2.091054,-2.0451217,-3.168597,-0.60264134,0.28051746,-0.74708331,0
-0.55224288,-1.4908822,0.54211843,-0.3789947,-0.92447221,-0.041404575,0
-3.3440838,1.3262165,3.2503729,-0.70227242,0.25818846,0.66343963,0
-1.1087054,0.48016846,0.47563565,-0.60264134,0.28051746,-0.74708331,0
-3.1295362,2.4227364,3.5582776,-0.70227242,0.25818846,0.66343963,0
-4.0278344,-0.20174503,2.2428987,-0.60264134,0.28051746,-0.74708331,0
1.0851563,-1.8412486,-1.6071256,-0.3789947,-0.92447221,-0.041404575,0
-0.11248281,-0.1268048,-0.37648809,-0.60264134,0.28051746,-0.74708331,0
1.1034206,1.0608387,-0.4035576,0.3789947,0.92447221,0.041404575,0
1.9317025,-1.9126055,-1.3661785,0.60264134,-0.28051746,0.74708331,0
3.21363,-2.2830203,-3.1684604,0.70227242,-0.25818846,-0.66343963,0
3.8554971,-0.87656665,-2.8911052,0.70227242,-0.25818846,-0.66343963,0
-4.2207375,-0.13183308,3.0923753,-0.70227242,0.25818846,0.66343963,0
-3.0984488,2.1618676,3.5547097,-0.70227242,0.25818846,0.66343963,0
-3.32742,1.8595408,3.2842727,-0.70227242,0.25818846,0.66343963,0
-2.9890938,2.2707589,3.2005575,-0.70227242,0.25818846,0.66343963,0
3.8429606,0.046194315,-3.2844534,0.70227242,-0.25818846,-0.66343963,0
-3.0425611,-0.097977161,1.8612831,-0.60264134,0.28051746,-0.74708331,0
2.953248,-0.86048007,-3.2497492,-0.60264134,0.28051746,-0.74708331,0
1.7107475,0.91390717,-0.33674133,0.60264134,-0.28051746,0.74708331,0
-1.2606702,-0.060975641,1.6562163,0.60264134,-0.28051746,0.74708331,0
-1.5000595,-1.0346495,1.1862407,-0.3789947,-0.92447221,-0.041404575,0
3.2303715,-0.65537822,-3.7242193,0.70227242,-0.25818846,-0.66343963,0
1.7956192,0.50420916,-2.0776634,-0.60264134,0.28051746,-0.74708331,0
-3.8099859,-0.095906615,3.5707552,0.60264134,-0.28051746,0.74708331,0
1.671293,0.90462542,-1.879195,0.3789947,0.92447221,0.041404575,0
-0.95255375,1.6509751,0.77341521,-0.60264134,0.28051746,-0.74708331,0
1.1963519,-1.5009722,-1.9453207,-0.60264134,0.28051746,-0.74708331,0
-0.99473363,-0.83731574,0.061349213,-0.60264134,0.28051746,-0.74708331,0
-2.9398437,2.6329529,3.6852362,-0.70227242,0.25818846,0.66343963,0
-3.9241319,-0.35450077,3.12904,-0.3789947,-0.92447221,-0.041404575,0
1.2858038,-1.2219785,-2.0033264,-0.60264134,0.28051746,-0.74708331,0
-1.8609204,-0.92488593,1.6654097,-0.3789947,-0.92447221,-0.041404575,0
-3.0876615,2.3066945,3.4074893,-0.70227242,0.25818846,0.66343963,0
-1.0262438,0.38911754,0.35521197,-0.60264134,0.28051746,-0.74708331,0
-2.0121131,1.3246728,1.3175576,-0.60264134,0.28051746,-0.74708331,0
-3.8527408,0.11101627,2.3943157,-0.60264134,0.28051746,-0.74708331,0
-2.3571627,-0.78683412,1.4447254,-0.3789947,-0.92447221,-0.041404575,0
2.6936841,-2.3243699,-2.5346839,0.60264134,-0.28051746,0.74708331,0
-2.1463706,2.5636878,2.271765,0.3789947,0.92447221,0.041404575,0
-0.62634277,1.9788356,2.040096,0.3789947,0.92447221,0.041404575,0
-3.6307302,0.99309802,2.7771418,-0.60264134,0.28051746,-0.74708331,0
-2.0996912,2.3176973,2.7764273,0.3789947,0.92447221,0.041404575,0
-2.5271964,0.27022421,1.5466504,-0.60264134,0.28051746,-0.74708331,0
2.0606866,0.18083394,-1.0487268,0.60264134,-0.28051746,0.74708331,0
-3.4454615,1.2699257,3.2242756,-0.70227242,0.25818846,0.66343963,0
-2.886193,-0.38773119,2.8849299,-0.3789947,-0.92447221,-0.041404575,0
1.713182,1.044822,-0.54894769,0.3789947,0.92447221,0.041404575,0
0.35905254,-1.8755089,-0.27532479,0.60264134,-0.28051746,0.74708331,0
3.2551653,-1.436573,-3.5425923,0.70227242,-0.25818846,-0.66343963,0
2.9431543,-2.0833981,-3.5234857,0.70227242,-0.25818846,-0.66343963,0
-3.0803702,2.5771923,3.2463639,-0.70227242,0.25818846,0.66343963,0
1.6363127,-0.72694218,-0.74413794,0.60264134,-0.28051746,0.74708331,0
-1.1430172,2.0924888,1.3191264,0.3789947,0.92447221,0.041404575,0
3.2219205,-2.5351248,-3.1683438,0.70227242,-0.25818846,-0.66343963,0
1.4134372,-1.3353094,-0.761558,0.60264134,-0.28051746,0.74708331,0
1.3615746,0.4784075,-0.29579121,0.60264134,-0.28051746,0.74708331,0
1.7937604,-2.044482,-2.5509794,-0.3789947,-0.92447221,-0.041404575,0
-2.9910102,2.6855264,3.4350371,0.3789947,0.92447221,0.041404575,0
3.9821429,-0.63087034,-2.7871711,0.70227242,-0.25818846,-0.66343963,0
3.0078177,-2.5882771,-3.2479591,0.70227242,-0.25818846,-0.66343963,0
-3.3871036,0.076467514,1.9241569,-0.60264134,0.28051746,-0.74708331,0
-3.7819858,-0.15754175,3.3049002,-0.70227242,0.25818846,0.66343963,0
-3.8736165,0.45303535,3.0723684,-0.70227242,0.25818846,0.66343963,0
4.0162706,-0.35595489,-3.3190913,0.70227242,-0.25818846,-0.66343963,0
2.7828646,0.59691334,-2.4127064,0.3789947,0.92447221,0.041404575,0
-3.5742736,1.3695009,3.1457696,-0.70227242,0.25818846,0.66343963,0
2.1069918,0.6581825,-1.2359136,0.3789947,0.92447221,0.041404575,0
3.2116318,-1.0926578,-3.7123322,-0.60264134,0.28051746,-0.74708331,0
3.5693619,-0.80618477,-3.5667291,0.70227242,-0.25818846,-0.66343963,0
0.59759194,-0.93474942,-0.30695546,0.60264134,-0.28051746,0.74708331,0
-1.3901267,0.83742428,0.71212715,-0.60264134,0.28051746,-0.74708331,0
2.3359413,-2.4259703,-2.4790597,-0.3789947,-0.92447221,-0.041404575,0
1.5556108,-2.2409203,-2.0284939,-0.3789947,-0.92447221,-0.041404575,0
-2.4964876,1.7693294,3.1450694,0.60264134,-0.28051746,0.74708331,0
-0.79932463,1.3697689,1.8114257,0.60264134,-0.28051746,0.74708331,0
1.5865942,0.88375187,-1.4861795,0.3789947,0.92447221,0.041404575,0
0.065268517,-1.6045995,-0.34810269,-0.3789947,-0.92447221,-0.041404575,0
1.4285562,1.1261113,-0.17420065,0.3789947,0.92447221,0.041404575,0
-0.059777498,-1.7264869,-0.40495408,-0.3789947,-0.92447221,-0.041404575,0
-2.3263025,-0.73283601,1.6328458,-0.3789947,-0.92447221,-0.041404575,0
1.2990214,-2.180999,-1.4567525,-0.3789947,-0.92447221,-0.041404575,0
3.2358954,-2.7752557,-3.308784,0.70227242,-0.25818846,-0.66343963,0
-3.1325371,1.2327137,3.7340457,-0.70227242,0.25818846,0.66343963,0
-3.5683343,0.37102711,3.7282953,0.60264134,-0.28051746,0.74708331,0
0.9863714,0.24332219,-1.1914282,-0.60264134,0.28051746,-0.74708331,0
-0.62752068,1.7730973,1.0768247,0.3789947,0.92447221,0.041404575,0
1.1157774,-1.9520261,-1.9690015,-0.3789947,-0.92447221,-0.041404575,0
2.793895,0.65552163,-2.8143768,0.3789947,0.92447221,0.041404575,0
-1.6311903,-0.027166247,0.64034057,-0.60264134,0.28051746,-0.74708331,0
-0.92107338,-0.79795986,0.88587207,0.60264134,-0.28051746,0.74708331,0
-3.5223475,1.3192534,3.3839455,-0.70227242,0.25818846,0.66343963,0
2.8763123,-1.5531255,-3.7751112,-0.60264134,0.28051746,-0.74708331,0
2.2726738,-1.2616614,-1.3975554,0.60264134,-0.28051746,0.74708331,0
3.4940143,0.29635453,-2.1884217,0.3789947,0.92447221,0.041404575,0
0.20147093,0.33738285,0.59792054,0.60264134,-0.28051746,0.74708331,0
3.3574417,-0.84183729,-3.8413835,0.70227242,-0.25818846,-0.66343963,0
-3.6756094,0.096047997,3.3227463,-0.70227242,0.25818846,0.66343963,0
-0.74277055,-0.93607873,1.0483057,0.60264134,-0.28051746,0.74708331,0
-3.5886588,1.3038729,2.9522057,-0.70227242,0.25818846,0.66343963,0
1.0995135,1.2780123,-0.26809239,0.3789947,0.92447221,0.041404575,0
2.5001333,0.45868433,-1.4359185,0.3789947,0.92447221,0.041404575,0
-3.4885669,1.6370896,3.0856018,-0.70227242,0.25818846,0.66343963,0
-4.3522954,0.15669274,3.1118727,-0.70227242,0.25818846,0.66343963,0
-0.045798913,-0.057810247,-0.57277673,-0.60264134,0.28051746,-0.74708331,0
2.2756472,0.94995528,-1.5076605,0.3789947,0.92447221,0.041404575,0
3.3085251,-1.2973598,-3.4854295,0.70227242,-0.25818846,-0.66343963,0
3.419127,-2.0083327,-2.69837,0.60264134,-0.28051746,0.74708331,0
-3.695075,0.37230754,3.2044303,-0.70227242,0.25818846,0.66343963,0
-0.99847269,-0.47799969,-0.11225617,-0.60264134,0.28051746,-0.74708331,0
-1.7073474,-0.8186723,0.16565502,-0.3789947,-0.92447221,-0.041404575,0
-3.011816,-0.55388713,2.692709,0.60264134,-0.28051746,0.74708331,0
3.0406587,0.50577986,-2.3345487,0.3789947,0.92447221,0.041404575,0
-1.1443323,1.4757266,2.0127251,0.60264134,-0.28051746,0.74708331,0
2.9896162,-0.16450799,-3.0232682,-0.60264134,0.28051746,-0.74708331,0
0.53134656,-0.65942079,0.22765106,0.60264134,-0.28051746,0.74708331,0
0.34183389,-0.17845342,0.26787922,0.60264134,-0.28051746,0.74708331,0
2.8993101,-2.1357441,-3.7055416,0.70227242,-0.25818846,-0.66343963,0
-3.2371826,1.846529,3.5628757,-0.70227242,0.25818846,0.66343963,0
2.619735,-2.7019157,-2.957793,-0.3789947,-0.92447221,-0.041404575,0
0.91386777,0.67048538,0.010813355,0.60264134,-0.28051746,0.74708331,0
-3.356622,1.1207573,2.5795646,-0.60264134,0.28051746,-0.74708331,0
-3.6344018,1.793969,2.9247794,-0.70227242,0.25818846,0.66343963,0
-0.68035281,1.8564053,1.4845853,0.3789947,0.92447221,0.041404575,0
1.8540531,-1.9914341,-2.7700095,-0.60264134,0.28051746,-0.74708331,0
-3.0580542,2.7423718,3.0348461,0.3789947,0.92447221,0.041404575,0
-0.44921654,1.4766499,1.7312977,0.60264134,-0.28051746,0.74708331,0
-1.6337053,2.2968566,1.7592977,0.3789947,0.92447221,0.041404575,0
-3.6881495,1.1786704,3.4210675,-0.70227242,0.25818846,0.66343963,0
4.0382695,-0.55581498,-2.970629,0.70227242,-0.25818846,-0.66343963,0
-1.7123538,0.26132393,0.57628715,-0.60264134,0.28051746,-0.74708331,0
-3.9481704,-0.13829374,3.2614009,-0.70227242,0.25818846,0.66343963,0
-3.9535394,0.2258749,2.9802601,-0.70227242,0.25818846,0.66343963,0
-1.012441,-1.1625795,0.96792859,0.60264134,-0.28051746,0.74708331,0
-2.1212249,1.3762469,2.8530154,0.60264134,-0.28051746,0.74708331,0
-3.4333272,1.6557393,2.6229117,-0.60264134,0.28051746,-0.74708331,0
-3.8552728,1.6070846,2.9121354,-0.60264134,0.28051746,-0.74708331,0
-1.7696199,0.8676492,1.073577,-0.60264134,0.28051746,-0.74708331,0
4.0390239,-1.2976496,-2.8717241,0.70227242,-0.25818846,-0.66343963,0
-3.1830926,1.2592819,3.4045987,-0.70227242,0.25818846,0.66343963,0
1.2764205,1.0100414,-0.19109368,0.3789947,0.92447221,0.041404575,0
3.1010706,-1.5565066,-3.6942739,0.70227242,-0.25818846,-0.66343963,0
-2.5912511,2.5954082,2.2552023,-0.60264134,0.28051746,-0.74708331,0
-3.4008093,1.412372,3.5365906,-0.70227242,0.25818846,0.66343963,0
-3.9221287,0.6874578,2.8700106,-0.70227242,0.25818846,0.66343963,0
-3.1472993,-0.14143753,3.2105765,0.60264134,-0.28051746,0.74708331,0
3.7200723,0.22661674,-3.2891364,0.3789947,0.92447221,0.041404575,0
1.9026531,-1.4433846,-1.165751,0.60264134,-0.28051746,0.74708331,0
-2.7989917,2.0610068,3.6467564,-0.70227242,0.25818846,0.66343963,0
3.2787898,0.56630409,-3.2609992,-0.60264134,0.28051746,-0.74708331,0
3.2054076,-0.77346456,-2.4356949,0.60264134,-0.28051746,0.74708331,0
-3.5089169,1.4821693,3.057323,-0.70227242,0.25818846,0.66343963,0
-2.9026062,-0.76554668,2.8309581,-0.3789947,-0.92447221,-0.041404575,0
2.289957,-2.3759663,-3.5280619,-0.3789947,-0.92447221,-0.041404575,0
3.0973914,-2.4347818,-3.1650958,0.70227242,-0.25818846,-0.66343963,0
3.0394709,-2.409642,-3.5361054,0.70227242,-0.25818846,-0.66343963,0
-3.334115,1.2195206,3.6378753,-0.70227242,0.25818846,0.66343963,0
3.3835268,-1.9687719,-3.220324,0.70227242,-0.25818846,-0.66343963,0
3.9050856,-0.31235576,-3.2123091,0.70227242,-0.25818846,-0.66343963,0
3.6456773,-0.75827909,-3.4777708,0.70227242,-0.25818846,-0.66343963,0
3.794929,-0.21518815,-3.5624537,0.70227242,-0.25818846,-0.66343963,0
-2.7915137,2.5274069,3.7090464,-0.70227242,0.25818846,0.66343963,0
1.9687878,0.64921761,-0.65996885,0.3789947,0.92447221,0.041404575,0
3.1065159,-1.303997,-3.6410027,0.70227242,-0.25818846,-0.66343963,0
-3.1081605,1.2437664,3.4818344,-0.70227242,0.25818846,0.66343963,0
2.9021101,-2.3394048,-3.6437635,0.70227242,-0.25818846,-0.66343963,0
0.63613427,-0.48928168,-1.5170333,-0.60264134,0.28051746,-0.74708331,0
2.1081934,-2.4675398,-2.5703013,-0.3789947,-0.92447221,-0.041404575,0
-0.058825254,-1.3653541,-0.96450186,-0.60264134,0.28051746,-0.74708331,0
2.6833422,0.64290059,-2.192754,0.3789947,0.92447221,0.041404575,0
-3.7285843,0.63382959,3.0442662,-0.70227242,0.25818846,0.66343963,0
-3.1949263,1.8164604,3.6223025,-0.70227242,0.25818846,0.66343963,0
0.80632496,0.11080281,-1.4989235,-0.60264134,0.28051746,-0.74708331,0
-2.0131071,-1.0618951,1.7205753,-0.3789947,-0.92447221,-0.041404575,0
-2.641706,1.9931945,2.2640743,-0.60264134,0.28051746,-0.74708331,0
-2.5185068,2.1381853,3.6156473,0.60264134,-0.28051746,0.74708331,0
-0.61656463,1.9230368,1.2077082,0.3789947,0.92447221,0.041404575,0
2.9770823,-1.1787651,-3.6779947,-0.60264134,0.28051746,-0.74708331,0
-2.3640985,2.2586162,3.1455903,0.3789947,0.92447221,0.041404575,0
-1.0854806,1.227967,1.7494811,0.60264134,-0.28051746,0.74708331,0
-3.1382315,1.7044392,3.3250713,-0.70227242,0.25818846,0.66343963,0
-2.6340282,-0.70889348,2.3574891,-0.3789947,-0.92447221,-0.041404575,0
1.6957734,0.98349255,-0.38415372,0.60264134,-0.28051746,0.74708331,0
0.8893646,-0.6194948,-1.5872461,-0.60264134,0.28051746,-0.74708331,0
2.3717062,0.66862482,-2.3031266,0.3789947,0.92447221,0.041404575,0
4.0609717,-0.13102698,-3.1651316,0.70227242,-0.25818846,-0.66343963,0
3.210031,-1.6693299,-3.6807168,0.70227242,-0.25818846,-0.66343963,0
1.7997489,-1.0660387,-2.2755084,-0.60264134,0.28051746,-0.74708331,0
1.4601934,-2.1133342,-1.922177,-0.3789947,-0.92447221,-0.041404575,0
3.4404526,-2.1862984,-3.197298,0.70227242,-0.25818846,-0.66343963,0
-3.3520694,1.3100069,3.1928229,-0.70227242,0.25818846,0.66343963,0
-1.4441304,0.69368631,0.95987159,-0.60264134,0.28051746,-0.74708331,0
-0.65649307,1.8485866,0.75517541,0.3789947,0.92447221,0.041404575,0
2.7411447,-1.9071065,-3.7013988,0.70227242,-0.25818846,-0.66343963,0
-3.6422625,0.61215591,3.1705143,-0.70227242,0.25818846,0.66343963,0
3.9640737,-0.293926,-3.2418952,0.70227242,-0.25818846,-0.66343963,0
-2.8369658,2.7712357,3.3079691,0.3789947,0.92447221,0.041404575,0
-2.364435,2.2927468,3.3072033,0.3789947,0.92447221,0.041404575,0
1.1869531,1.1629813,-0.2461372,0.3789947,0.92447221,0.041404575,0
2.8995988,-2.6638312,-3.3354571,0.70227242,-0.25818846,-0.66343963,0
-1.1840299,2.02388,2.3315251,0.3789947,0.92447221,0.041404575,0
-2.3078129,-0.9352318,1.8890522,-0.3789947,-0.92447221,-0.041404575,0
-3.6219766,1.7996544,3.1428523,-0.70227242,0.25818846,0.66343963,0
0.98910117,-0.83670819,-1.9991798,-0.60264134,0.28051746,-0.74708331,0
3.1879139,-0.85920352,-3.5513577,0.70227242,-0.25818846,-0.66343963,0
-2.6396372,2.695961,2.732233,0.3789947,0.92447221,0.041404575,0
1.5637152,-0.63091826,-0.86420929,0.60264134,-0.28051746,0.74708331,0
-3.1030264,1.8899863,3.7923543,-0.70227242,0.25818846,0.66343963,0
0.15434277,1.0789359,1.1780171,0.60264134,-0.28051746,0.74708331,0
3.4223607,-0.62947905,-3.7936614,0.70227242,-0.25818846,-0.66343963,0
1.2426045,1.2653998,-0.2758553,0.3789947,0.92447221,0.041404575,0
-3.1822193,1.434797,3.317909,-0.70227242,0.25818846,0.66343963,0
2.6131904,-0.44363987,-1.6790233,0.60264134,-0.28051746,0.74708331,0
-3.1952674,2.4916825,3.0196931,-0.70227242,0.25818846,0.66343963,0
3.8154311,-0.53050148,-3.1728313,0.70227242,-0.25818846,-0.66343963,0
1.534477,-2.0229166,-1.4257166,-0.3789947,-0.92447221,-0.041404575,0
1.0962843,1.0891596,-0.55129814,0.3789947,0.92447221,0.041404575,0
-0.058682323,-0.85121131,0.55667341,0.60264134,-0.28051746,0.74708331,0
-2.1630177,2.4210629,3.131001,0.3789947,0.92447221,0.041404575,0
-4.1285138,0.62963176,3.0891316,-0.70227242,0.25818846,0.66343963,0
3.041091,-2.1752286,-3.4924467,0.70227242,-0.25818846,-0.66343963,0
-2.7148242,2.5470419,2.9320924,0.3789947,0.92447221,0.041404575,0
2.7637382,-1.4921108,-3.3699019,-0.60264134,0.28051746,-0.74708331,0
-1.6544549,-0.80834597,1.1591178,-0.3789947,-0.92447221,-0.041404575,0
3.1549408,-1.8143073,-3.6577137,0.70227242,-0.25818846,-0.66343963,0
2.3323464,-1.8030456,-3.0040655,-0.60264134,0.28051746,-0.74708331,0
-3.003726,2.5039291,3.2023354,-0.70227242,0.25818846,0.66343963,0
3.7971044,-1.4172527,-2.9312549,0.70227242,-0.25818846,-0.66343963,0
1.1133124,-2.2316232,-0.97420579,-0.3789947,-0.92447221,-0.041404575,0
3.9769411,0.18286204,-3.658282,0.70227242,-0.25818846,-0.66343963,0
-3.4598989,1.2534295,3.5475905,-0.70227242,0.25818846,0.66343963,0
-2.902055,1.6478674,2.2133822,-0.60264134,0.28051746,-0.74708331,0
2.739979,-2.0231521,-3.6024852,0.70227242,-0.25818846,-0.66343963,0
-1.6634631,2.0737243,2.0475941,0.3789947,0.92447221,0.041404575,0
-2.3871207,-0.68853796,1.8767736,-0.3789947,-0.92447221,-0.041404575,0
-2.0757737,-0.73721731,0.90534413,-0.3789947,-0.92447221,-0.041404575,0
-3.5483086,2.1743979,2.9149127,-0.70227242,0.25818846,0.66343963,0
3.662904,-0.20676458,-3.6156557,0.70227242,-0.25818846,-0.66343963,0
-2.6798394,0.66249847,3.0356643,0.60264134,-0.28051746,0.74708331,0
-2.2675366,2.6384242,2.8160324,0.3789947,0.92447221,0.041404575,0
-3.3418307,0.8880657,3.540483,-0.70227242,0.25818846,0.66343963,0
-0.085366726,-1.6480727,0.36353058,0.60264134,-0.28051746,0.74708331,0
-3.6119165,1.0751907,3.4290686,-0.70227242,0.25818846,0.66343963,0
1.3929533,0.89913577,-1.4594636,-0.60264134,0.28051746,-0.74708331,0
1.494071,1.1989202,-0.34967315,0.3789947,0.92447221,0.041404575,0
4.047617,0.094695807,-2.5567539,0.3789947,0.92447221,0.041404575,0
-3.4386432,-0.21936476,2.46663,-0.3789947,-0.92447221,-0.041404575,0
0.049176693,-1.5980351,-0.37433478,-0.3789947,-0.92447221,-0.041404575,0
-2.0611265,-0.65325081,2.2383728,0.60264134,-0.28051746,0.74708331,0
-3.8681655,-0.16069138,3.5010381,0.60264134,-0.28051746,0.74708331,0
-1.1583275,-1.0245337,0.83138919,-0.3789947,-0.92447221,-0.041404575,0
-2.7863841,2.3022332,3.414608,-0.70227242,0.25818846,0.66343963,0
4.0463829,-0.043994904,-3.2131729,0.70227242,-0.25818846,-0.66343963,0
3.2378716,-1.8633332,-3.531455,0.70227242,-0.25818846,-0.66343963,0
2.640491,0.83040082,-1.7240837,0.3789947,0.92447221,0.041404575,0
2.9136729,0.3468467,-3.0403194,-0.60264134,0.28051746,-0.74708331,0
3.5954204,-0.54556572,-3.3919067,0.70227242,-0.25818846,-0.66343963,0
-1.2236683,2.1998034,2.2307498,0.3789947,0.92447221,0.041404575,0
4.0465727,0.29223418,-3.5146136,0.3789947,0.92447221,0.041404575,0
-3.8239393,0.23491156,3.4143991,-0.70227242,0.25818846,0.66343963,0
-3.4501665,1.2072836,3.6166298,-0.70227242,0.25818846,0.66343963,0
3.4219561,0.21800756,-2.7099476,0.3789947,0.92447221,0.041404575,0
3.2715545,-1.705737,-3.4829934,0.70227242,-0.25818846,-0.66343963,0
0.73250747,1.2811149,-0.21336806,0.3789947,0.92447221,0.041404575,0
2.3971598,-2.0415621,-2.0480833,0.60264134,-0.28051746,0.74708331,0
-0.28892022,0.54100633,1.0308914,0.60264134,-0.28051746,0.74708331,0
3.3081045,0.41118348,-2.1915412,0.3789947,0.92447221,0.041404575,0
-4.3039856,-0.15333176,2.6563745,-0.3789947,-0.92447221,-0.041404575,0
-4.2718468,0.14611554,3.0670884,-0.70227242,0.25818846,0.66343963,0
-0.89881516,-1.1440662,0.11861509,-0.3789947,-0.92447221,-0.041404575,0
1.0886084,-0.52062941,-0.16860336,0.60264134,-0.28051746,0.74708331,0
0.88446939,0.47042543,0.20220086,0.60264134,-0.28051746,0.74708331,0
2.6699209,-2.668987,-3.5751975,-0.3789947,-0.92447221,-0.041404575,0
1.4024683,-0.5384109,-2.1331208,-0.60264134,0.28051746,-0.74708331,0
-3.6740007,1.7490278,3.0977073,-0.70227242,0.25818846,0.66343963,0
-3.8842769,0.50684714,3.0076344,-0.70227242,0.25818846,0.66343963,0
1.2479092,0.98402572,-1.2708915,-0.60264134,0.28051746,-0.74708331,0
0.60003316,-1.8312094,-1.5619786,-0.3789947,-0.92447221,-0.041404575,0
-3.8764675,1.2164474,2.8202226,-0.70227242,0.25818846,0.66343963,0
0.013352275,1.375398,0.72563219,0.3789947,0.92447221,0.041404575,0
-3.2402382,1.0155849,3.7996473,-0.70227242,0.25818846,0.66343963,0
-0.49247265,1.7953928,1.576522,0.3789947,0.92447221,0.041404575,0
4.0559607,-0.050521851,-3.077868,0.70227242,-0.25818846,-0.66343963,0
0.67078465,-0.06458953,-1.1734962,-0.60264134,0.28051746,-0.74708331,0
0.77597702,-1.714592,-1.25502,-0.3789947,-0.92447221,-0.041404575,0
1.7494147,0.41623437,-0.80400395,0.60264134,-0.28051746,0.74708331,0
2.2732315,-2.4440184,-3.2420545,-0.3789947,-0.92447221,-0.041404575,0
3.1842222,-2.5466425,-3.3999438,0.70227242,-0.25818846,-0.66343963,0
-1.5456842,-0.63141239,0.13739574,-0.60264134,0.28051746,-0.74708331,0
-2.003288,0.32455289,1.1965847,-0.60264134,0.28051746,-0.74708331,0
-3.0939584,2.6274052,3.253315,-0.70227242,0.25818846,0.66343963,0
-0.61435699,1.6391026,0.72495371,0.3789947,0.92447221,0.041404575,0
-3.921114,1.5203035,2.9483671,-0.70227242,0.25818846,0.66343963,0
-3.1518345,1.9301546,3.6025784,-0.70227242,0.25818846,0.66343963,0
0.028283596,-1.6748538,-1.2563343,-0.3789947,-0.92447221,-0.041404575,0
1.8828003,-2.0686705,-2.860575,-0.60264134,0.28051746,-0.74708331,0
0.71368456,1.2995018,0.086606383,0.3789947,0.92447221,0.041404575,0
-3.0815532,2.3974931,3.5064044,-0.70227242,0.25818846,0.66343963,0
-4.1185446,0.037472486,3.222502,-0.3789947,-0.92447221,-0.041404575,0
-1.21193,2.0632536,2.4783115,0.3789947,0.92447221,0.041404575,0
0.77568638,-1.9335063,-1.3975037,-0.3789947,-0.92447221,-0.041404575,0
-0.95998919,-1.1309352,1.0279996,0.60264134,-0.28051746,0.74708331,0
1.7211404,0.21160194,-2.19559,-0.60264134,0.28051746,-0.74708331,0
-0.6988672,-0.22440261,0.037302732,-0.60264134,0.28051746,-0.74708331,0
