0.90282452,0.99433625,-1.6462106,0.95681721,-0.26987725,0.10801411,0
-1.0478749,-1.9306394,0.13615084,-0.95681721,0.26987725,-0.10801411,0
-0.4681406,-2.3003654,-0.46891713,-0.0044671297,-0.38518542,-0.92282832,0
-0.27833235,0.52551037,0.0060410202,-0.95681721,0.26987725,-0.10801411,0
0.61480314,0.22313166,0.80527771,0.95681721,-0.26987725,0.10801411,0
-0.024012148,-2.7280803,-0.64358687,-0.0044671297,-0.38518542,-0.92282832,0
-0.51809019,-2.3938415,0.2118845,-0.29065576,-0.88249552,0.36975753,0
-0.91298187,-1.0218723,-0.36718893,-0.95681721,0.26987725,-0.10801411,0
1.0520185,1.8619726,-1.4357405,0.29065576,0.88249552,-0.36975753,0
0.017899871,0.66146719,-1.7474266,-0.95681721,0.26987725,-0.10801411,0
-1.3967954,-1.8130361,1.8504672,-0.29065576,-0.88249552,0.36975753,0
0.84747988,2.0273602,0.9713738,0.0044671297,0.38518542,0.92282832,0
0.47874618,2.3648918,-0.80100632,0.29065576,0.88249552,-0.36975753,0
-0.42158973,-0.28178734,1.8865075,0.0044671297,0.38518542,0.92282832,0
0.62433195,-0.014732122,-1.5234691,0.95681721,-0.26987725,0.10801411,0
0.7559917,2.3571715,0.76148033,0.0044671297,0.38518542,0.92282832,0
-0.35862118,-2.4989662,0.21356416,0.95681721,-0.26987725,0.10801411,0
0.50867021,2.4465539,0.52633762,0.0044671297,0.38518542,0.92282832,0
-0.10398602,-1.6656172,2.2704461,-0.29065576,-0.88249552,0.36975753,0
1.184009,1.1650887,-1.6481701,0.95681721,-0.26987725,0.10801411,0
0.14304298,2.2884462,-0.64345837,-0.95681721,0.26987725,-0.10801411,0
-1.1080546,-1.108254,2.1642447,0.0044671297,0.38518542,0.92282832,0
0.52405262,1.9003774,-2.0748661,0.29065576,0.88249552,-0.36975753,0
0.98772901,0.85256386,-1.1470155,0.95681721,-0.26987725,0.10801411,0
0.98321104,1.2316303,-0.23013055,0.95681721,-0.26987725,0.10801411,0
-0.62450421,-0.96670055,-0.82509631,-0.95681721,0.26987725,-0.10801411,0
-1.1758739,-2.1984057,0.35731149,-0.29065576,-0.88249552,0.36975753,0
-0.12690139,-0.29048461,-1.5070856,-0.0044671297,-0.38518542,-0.92282832,0
0.1925056,1.2263312,-1.9243671,-0.0044671297,-0.38518542,-0.92282832,0
-0.10819274,1.2575567,0.59546971,-0.95681721,0.26987725,-0.10801411,0
0.42660379,1.7056988,-1.9312454,0.29065576,0.88249552,-0.36975753,0
0.027373634,1.4482391,0.13160908,-0.95681721,0.26987725,-0.10801411,0
0.43653643,-0.89509892,-1.190967,0.95681721,-0.26987725,0.10801411,0
0.62623596,2.1016881,-1.2306681,0.29065576,0.88249552,-0.36975753,0
-0.23074067,0.49442106,-0.77331764,-0.95681721,0.26987725,-0.10801411,0
-1.0549127,-2.8366082,-0.33638239,-0.29065576,-0.88249552,0.36975753,0
-0.5938527,-1.4690224,-0.95722616,-0.0044671297,-0.38518542,-0.92282832,0
0.77486956,1.8451436,-2.0177889,0.29065576,0.88249552,-0.36975753,0
-0.89578658,-2.9350333,-0.51720214,-0.29065576,-0.88249552,0.36975753,0
0.40547204,0.20094639,-1.914564,-0.0044671297,-0.38518542,-0.92282832,0
-1.0088667,-2.0079117,0.11699986,-0.95681721,0.26987725,-0.10801411,0
-0.1099515,0.50015825,-1.6799932,-0.95681721,0.26987725,-0.10801411,0
-0.56246424,-1.0597602,2.0931542,0.0044671297,0.38518542,0.92282832,0
1.1159836,2.5733588,0.49434066,0.0044671297,0.38518542,0.92282832,0
-0.096804023,-1.9181929,0.90615225,0.95681721,-0.26987725,0.10801411,0
0.31115818,2.4982522,-0.15069342,0.29065576,0.88249552,-0.36975753,0
1.0514466,2.6375818,0.51646185,0.29065576,0.88249552,-0.36975753,0
0.89319623,0.47338796,-1.4180789,0.95681721,-0.26987725,0.10801411,0
-0.85486132,-2.0050173,0.82025027,-0.29065576,-0.88249552,0.36975753,0
0.91365099,1.882486,-1.9431963,0.29065576,0.88249552,-0.36975753,0
-1.0428667,-2.0607154,-0.23570704,-0.95681721,0.26987725,-0.10801411,0
-0.052219748,0.52253687,-1.7148782,-0.95681721,0.26987725,-0.10801411,0
-0.58913589,-0.79199892,-0.25280654,-0.95681721,0.26987725,-0.10801411,0
-0.86422718,-1.6534238,0.18077755,-0.95681721,0.26987725,-0.10801411,0
-0.83462346,-1.5606282,0.46836019,-0.95681721,0.26987725,-0.10801411,0
0.32517958,-1.230283,-0.12569588,0.95681721,-0.26987725,0.10801411,0
0.017656982,1.3744646,0.8776685,0.0044671297,0.38518542,0.92282832,0
0.59891164,-0.1282675,0.10983199,0.95681721,-0.26987725,0.10801411,0
-0.31833994,-1.0461867,-1.1909556,-0.0044671297,-0.38518542,-0.92282832,0
-0.35063505,-2.95347,-0.18710756,-0.29065576,-0.88249552,0.36975753,0
-1.0635525,-2.7342222,-0.086273432,-0.29065576,-0.88249552,0.36975753,0
-0.035823941,1.4246397,-0.51221704,-0.95681721,0.26987725,-0.10801411,0
0.81769204,0.57623565,-1.1756396,0.95681721,-0.26987725,0.10801411,0
0.43436414,-0.83175719,-0.76499456,0.95681721,-0.26987725,0.10801411,0
1.2877512,2.5157492,0.24145126,0.29065576,0.88249552,-0.36975753,0
-0.062435389,-1.0570766,-0.9990629,-0.0044671297,-0.38518542,-0.92282832,0
0.92330503,2.04142,-1.3649457,0.29065576,0.88249552,-0.36975753,0
0.34554082,-0.089747928,-0.30674767,0.95681721,-0.26987725,0.10801411,0
-0.0072032809,2.1070056,0.81336474,-0.95681721,0.26987725,-0.10801411,0
0.24434975,-0.76000565,0.45510703,0.95681721,-0.26987725,0.10801411,0
0.01812005,1.7931067,-1.5253752,-0.95681721,0.26987725,-0.10801411,0
-0.16403461,1.8573239,0.91605699,0.0044671297,0.38518542,0.92282832,0
0.13430524,1.8261256,-2.3988318,-0.0044671297,-0.38518542,-0.92282832,0
-1.2816246,-2.1862373,0.63838005,-0.29065576,-0.88249552,0.36975753,0
0.66128516,2.0378208,0.60228515,0.0044671297,0.38518542,0.92282832,0
-0.80515218,-1.5723729,-0.12468958,-0.95681721,0.26987725,-0.10801411,0
-1.117148,-1.6690028,1.6468723,-0.29065576,-0.88249552,0.36975753,0
0.33608234,1.5520098,0.9303112,0.0044671297,0.38518542,0.92282832,0
-0.17081732,-2.3624446,0.44989157,-0.29065576,-0.88249552,0.36975753,0
-0.45437753,-0.7306416,1.8335099,0.0044671297,0.38518542,0.92282832,0
0.11205852,1.1229839,-1.3285459,-0.95681721,0.26987725,-0.10801411,0
-0.4801752,-2.184731,0.88514471,-0.29065576,-0.88249552,0.36975753,0
-0.43331796,-0.25883734,0.38298482,-0.95681721,0.26987725,-0.10801411,0
-0.65770447,-1.7943929,-0.79995692,-0.0044671297,-0.38518542,-0.92282832,0
0.85063469,0.69505191,-1.5018494,0.95681721,-0.26987725,0.10801411,0
-1.3611687,-2.1504412,0.28563404,-0.95681721,0.26987725,-0.10801411,0
0.60454702,0.23024729,-1.695339,-0.0044671297,-0.38518542,-0.92282832,0
-1.1704615,-1.6487482,1.4882579,-0.29065576,-0.88249552,0.36975753,0
0.42270827,0.05802536,1.6479864,0.95681721,-0.26987725,0.10801411,0
-0.34511793,-1.4106336,-0.99926066,-0.0044671297,-0.38518542,-0.92282832,0
0.71731788,-0.21955077,-1.0430748,0.95681721,-0.26987725,0.10801411,0
0.28215808,2.2574039,-0.76189137,0.29065576,0.88249552,-0.36975753,0
0.75210774,2.5337329,0.17567325,0.29065576,0.88249552,-0.36975753,0
-0.56071001,-1.6764326,-0.80496204,-0.0044671297,-0.38518542,-0.92282832,0
1.0971624,1.6883413,-1.8263023,0.29065576,0.88249552,-0.36975753,0
-0.56270003,-2.6871495,-0.036954641,-0.29065576,-0.88249552,0.36975753,0
0.80680192,2.2598879,0.59711409,0.0044671297,0.38518542,0.92282832,0
-1.2131385,-1.543101,2.1592846,-0.29065576,-0.88249552,0.36975753,0
0.31210381,-1.5973606,-0.39262474,0.95681721,-0.26987725,0.10801411,0
-0.91491365,-1.2589306,-0.0098571777,-0.95681721,0.26987725,-0.10801411,0
-0.20229918,-1.2238146,-0.97500634,-0.0044671297,-0.38518542,-0.92282832,0
-0.28681171,-1.1745073,-1.1375448,-0.0044671297,-0.38518542,-0.92282832,0
0.33873272,0.40889883,1.639257,0.0044671297,0.38518542,0.92282832,0
-0.52367163,-2.7398899,0.021298647,-0.29065576,-0.88249552,0.36975753,0
0.66377378,1.5725423,-2.2770939,-0.0044671297,-0.38518542,-0.92282832,0
1.2659757,2.4519184,0.62635374,0.95681721,-0.26987725,0.10801411,0
-0.65622795,-0.97790968,-0.67583483,-0.95681721,0.26987725,-0.10801411,0
0.27646077,1.9510486,0.86335123,0.0044671297,0.38518542,0.92282832,0
0.42843449,2.6566124,-0.0014407635,-0.95681721,0.26987725,-0.10801411,0
-0.15349483,-1.4630948,1.4040676,0.95681721,-0.26987725,0.10801411,0
-0.68929774,-2.4741852,0.30724239,-0.29065576,-0.88249552,0.36975753,0
-0.69843459,-0.027874872,1.3462868,-0.95681721,0.26987725,-0.10801411,0
-0.32125008,-0.18597341,1.7451446,0.0044671297,0.38518542,0.92282832,0
-0.55212975,-2.5824473,0.50814223,-0.29065576,-0.88249552,0.36975753,0
0.33519197,-0.060339093,1.1081526,0.95681721,-0.26987725,0.10801411,0
0.49693966,2.2840252,0.54949808,0.0044671297,0.38518542,0.92282832,0
0.97858214,0.5167402,-1.8996332,-0.0044671297,-0.38518542,-0.92282832,0
0.65284002,2.1250057,-1.2835183,0.29065576,0.88249552,-0.36975753,0
-0.38973999,-0.66358191,1.814307,0.0044671297,0.38518542,0.92282832,0
-0.094151676,-1.5942841,-0.890163,-0.0044671297,-0.38518542,-0.92282832,0
-0.60718083,-0.45597911,-1.2303722,-0.95681721,0.26987725,-0.10801411,0
-1.2449234,-1.5471448,2.0339808,-0.95681721,0.26987725,-0.10801411,0
-0.15561485,1.5863276,1.1367853,0.0044671297,0.38518542,0.92282832,0
-0.86918187,-0.28755322,1.3034275,-0.95681721,0.26987725,-0.10801411,0
0.39063752,0.59241271,-1.7696933,-0.0044671297,-0.38518542,-0.92282832,0
-0.56879705,-2.1572933,0.70351553,-0.29065576,-0.88249552,0.36975753,0
0.4645223,2.7146091,0.0045266151,0.29065576,0.88249552,-0.36975753,0
0.42918801,-0.12984097,0.32918391,0.95681721,-0.26987725,0.10801411,0
1.2507453,2.5442464,-0.14297485,0.29065576,0.88249552,-0.36975753,0
-0.77681303,-1.8387753,1.6658416,-0.29065576,-0.88249552,0.36975753,0
-0.2982952,-2.6628919,0.59504557,-0.29065576,-0.88249552,0.36975753,0
-0.38551223,-0.60691893,1.7232567,0.0044671297,0.38518542,0.92282832,0
1.1001943,0.80340689,-1.448379,0.95681721,-0.26987725,0.10801411,0
0.76083446,-0.040979937,-1.4456563,-0.0044671297,-0.38518542,-0.92282832,0
1.1353927,2.6187048,0.35652661,0.29065576,0.88249552,-0.36975753,0
-0.34062552,-2.2480211,1.3822274,-0.29065576,-0.88249552,0.36975753,0
0.19890279,1.9599779,-0.28635669,-0.95681721,0.26987725,-0.10801411,0
0.39347517,2.2770956,-1.4774787,0.29065576,0.88249552,-0.36975753,0
0.48688212,2.3674364,0.47083998,0.0044671297,0.38518542,0.92282832,0
-0.73437214,-1.1621436,-0.24119186,-0.95681721,0.26987725,-0.10801411,0
-0.48062897,-0.58612162,1.91915,0.0044671297,0.38518542,0.92282832,0
-0.084307283,2.1566586,-0.080861092,-0.95681721,0.26987725,-0.10801411,0
0.35415339,1.6368582,-2.3132219,0.29065576,0.88249552,-0.36975753,0
-0.84024715,-1.7570326,1.9273846,-0.29065576,-0.88249552,0.36975753,0
-0.70658445,-2.0305479,-0.92350018,-0.0044671297,-0.38518542,-0.92282832,0
0.5433355,2.5458159,0.38951182,0.0044671297,0.38518542,0.92282832,0
0.47633791,1.7427076,-2.3170872,-0.0044671297,-0.38518542,-0.92282832,0
1.0682909,2.3103287,0.64787769,0.95681721,-0.26987725,0.10801411,0
0.39618999,3.0466504,0.32391739,0.29065576,0.88249552,-0.36975753,0
0.5820604,1.1170156,0.85628605,0.95681721,-0.26987725,0.10801411,0
1.0944061,1.6368332,-0.78793859,0.95681721,-0.26987725,0.10801411,0
1.0996931,1.1451342,-1.7291254,0.95681721,-0.26987725,0.10801411,0
-0.37562692,-1.1645253,-1.2784594,-0.0044671297,-0.38518542,-0.92282832,0
0.058015347,2.0980268,-0.9418962,-0.95681721,0.26987725,-0.10801411,0
-0.13377333,0.22473192,1.6631014,0.0044671297,0.38518542,0.92282832,0
0.15548944,1.2650746,-1.5219328,-0.95681721,0.26987725,-0.10801411,0
0.057525754,-1.7007673,-0.84203148,-0.0044671297,-0.38518542,-0.92282832,0
-0.87293231,-1.8053441,1.7298679,-0.29065576,-0.88249552,0.36975753,0
-0.55418766,-2.5261972,-0.70715904,-0.0044671297,-0.38518542,-0.92282832,0
-0.77474117,-0.51330346,-0.24971157,-0.95681721,0.26987725,-0.10801411,0
0.62252927,2.642426,-0.26764417,0.29065576,0.88249552,-0.36975753,0
1.2074239,1.3162805,-1.9349614,0.95681721,-0.26987725,0.10801411,0
-0.78173387,-0.11596146,1.697701,0.0044671297,0.38518542,0.92282832,0
0.37559927,2.5038416,0.78000855,0.0044671297,0.38518542,0.92282832,0
0.68098247,0.093536519,-0.72156286,0.95681721,-0.26987725,0.10801411,0
-0.16265453,0.7836023,0.19717064,-0.95681721,0.26987725,-0.10801411,0
-0.35775992,-2.4067879,-0.58332443,-0.0044671297,-0.38518542,-0.92282832,0
-0.24389207,-0.65695649,1.7154205,0.0044671297,0.38518542,0.92282832,0
0.1840806,2.1758599,0.88065505,-0.95681721,0.26987725,-0.10801411,0
-0.79856133,-2.2016022,-0.78411436,-0.0044671297,-0.38518542,-0.92282832,0
0.72447485,2.0372422,0.65552449,0.0044671297,0.38518542,0.92282832,0
-1.0200157,-0.94660437,1.3471221,-0.95681721,0.26987725,-0.10801411,0
1.0041569,2.2727847,-0.35400105,0.29065576,0.88249552,-0.36975753,0
-0.22258139,-1.4318393,-1.0935085,-0.0044671297,-0.38518542,-0.92282832,0
1.01712,2.0275605,-1.0103228,0.29065576,0.88249552,-0.36975753,0
0.78646338,2.2501974,-0.63850832,0.29065576,0.88249552,-0.36975753,0
0.70667952,2.5904083,0.156672,0.29065576,0.88249552,-0.36975753,0
-0.71483481,-2.1736016,0.64227295,-0.29065576,-0.88249552,0.36975753,0
0.03689146,-0.35045642,1.878617,0.0044671297,0.38518542,0.92282832,0
0.1822347,-0.85621506,-0.65876663,0.95681721,-0.26987725,0.10801411,0
-0.93328255,-1.9532337,0.44596744,-0.95681721,0.26987725,-0.10801411,0
0.045249224,-1.2452215,-1.2620132,-0.0044671297,-0.38518542,-0.92282832,0
0.94035673,2.2537689,-0.48383427,0.29065576,0.88249552,-0.36975753,0
-0.47531515,-0.815202,-0.97969174,-0.95681721,0.26987725,-0.10801411,0
0.38799763,1.5136664,-2.0984478,-0.0044671297,-0.38518542,-0.92282832,0
-0.73425806,-2.7422154,-0.30318832,-0.29065576,-0.88249552,0.36975753,0
0.089889437,2.628782,0.51388645,0.0044671297,0.38518542,0.92282832,0
-0.085729182,-1.9496145,-0.65750444,0.95681721,-0.26987725,0.10801411,0
0.23686433,2.1510732,-1.0074785,0.29065576,0.88249552,-0.36975753,0
0.50348258,2.7263513,0.21884394,0.29065576,0.88249552,-0.36975753,0
0.66812205,2.5736408,0.38867807,0.29065576,0.88249552,-0.36975753,0
1.0543342,2.7976556,0.41564441,0.0044671297,0.38518542,0.92282832,0
-0.16549361,1.2738216,-1.3510928,-0.95681721,0.26987725,-0.10801411,0
1.1895576,2.1722815,-0.65374017,0.29065576,0.88249552,-0.36975753,0
-0.15404539,1.0655793,-0.20169443,-0.95681721,0.26987725,-0.10801411,0
1.2588021,2.5549102,-0.21144056,0.29065576,0.88249552,-0.36975753,0
-0.27205634,-2.1794515,-0.75583053,-0.0044671297,-0.38518542,-0.92282832,0
0.32196903,0.31369877,0.84217715,0.95681721,-0.26987725,0.10801411,0
-0.081882238,0.46950662,-2.0064247,-0.0044671297,-0.38518542,-0.92282832,0
-0.2029953,-0.57878286,-1.2086936,-0.0044671297,-0.38518542,-0.92282832,0
-0.20907348,-2.487745,0.61652827,-0.29065576,-0.88249552,0.36975753,0
0.0031379461,1.551751,1.1151844,0.0044671297,0.38518542,0.92282832,0
-0.70476544,-2.5325801,0.009046793,-0.29065576,-0.88249552,0.36975753,0
-0.52506506,-0.67152792,-1.4093108,-0.0044671297,-0.38518542,-0.92282832,0
1.0691555,1.7907909,0.28533459,0.95681721,-0.26987725,0.10801411,0
-0.26864016,-2.1973345,1.56435,-0.29065576,-0.88249552,0.36975753,0
-0.61321139,-1.2040883,2.2135491,0.0044671297,0.38518542,0.92282832,0
-0.23300087,-0.20337999,1.7434564,0.0044671297,0.38518542,0.92282832,0
0.87526679,2.521224,0.47680688,0.29065576,0.88249552,-0.36975753,0
-0.87916565,-0.90697396,0.68999159,-0.95681721,0.26987725,-0.10801411,0
1.0095958,1.5090923,-1.0320728,0.95681721,-0.26987725,0.10801411,0
0.6470747,1.8070642,0.94326794,0.0044671297,0.38518542,0.92282832,0
-0.57020628,-2.5755677,-0.40395927,-0.0044671297,-0.38518542,-0.92282832,0
1.0971354,1.8703291,-1.8607442,0.29065576,0.88249552,-0.36975753,0
0.13692009,-0.53799814,1.3657956,0.95681721,-0.26987725,0.10801411,0
-0.72784328,-0.62335086,-0.17257047,-0.95681721,0.26987725,-0.10801411,0
-0.50170314,-0.25082853,1.6959391,0.0044671297,0.38518542,0.92282832,0
0.094901562,-1.019891,2.22861,0.0044671297,0.38518542,0.92282832,0
-0.032280087,-0.0026693344,-1.6256405,-0.0044671297,-0.38518542,-0.92282832,0
-0.93851697,-1.3400645,1.364378,-0.95681721,0.26987725,-0.10801411,0
0.39734516,-1.0806415,-0.6178121,0.95681721,-0.26987725,0.10801411,0
-0.00049138069,2.2963848,0.68882918,-0.95681721,0.26987725,-0.10801411,0
-1.188884,-1.8404483,0.46316147,-0.95681721,0.26987725,-0.10801411,0
-1.2038314,-1.5517904,2.1498899,-0.29065576,-0.88249552,0.36975753,0
-0.19079041,0.62484932,-1.729349,-0.95681721,0.26987725,-0.10801411,0
0.026845276,1.4352992,0.43771434,-0.95681721,0.26987725,-0.10801411,0
0.30975127,1.4952211,-2.4268336,-0.0044671297,-0.38518542,-0.92282832,0
-0.13362157,-1.7161107,-0.72057736,-0.0044671297,-0.38518542,-0.92282832,0
0.28353864,2.0952475,-0.78745389,-0.95681721,0.26987725,-0.10801411,0
-0.68393636,-0.68935651,-1.0221481,-0.95681721,0.26987725,-0.10801411,0
-0.32913727,-2.55779,-0.38296938,-0.0044671297,-0.38518542,-0.92282832,0
-0.24631011,-2.2161996,1.4741139,-0.29065576,-0.88249552,0.36975753,0
-0.30085909,0.6654461,0.75015396,-0.95681721,0.26987725,-0.10801411,0
-0.1531713,-0.35197121,-1.5394269,-0.0044671297,-0.38518542,-0.92282832,0
-0.75467014,-2.4934435,0.40676737,-0.29065576,-0.88249552,0.36975753,0
-0.85391593,-2.1681399,0.54675269,-0.29065576,-0.88249552,0.36975753,0
-0.4624573,-2.6769915,0.24575949,-0.29065576,-0.88249552,0.36975753,0
-0.37840164,0.071265422,0.65677881,-0.95681721,0.26987725,-0.10801411,0
0.054241687,-1.802943,0.15169227,0.95681721,-0.26987725,0.10801411,0
-1.1290531,-1.8778343,0.85645938,-0.29065576,-0.88249552,0.36975753,0
0.43344671,0.40167814,0.14388251,0.95681721,-0.26987725,0.10801411,0
-0.11889863,-2.2097404,0.58780956,0.95681721,-0.26987725,0.10801411,0
1.2672851,1.9569912,-0.60229564,0.29065576,0.88249552,-0.36975753,0
0.15075183,0.59271502,-1.6601634,-0.0044671297,-0.38518542,-0.92282832,0
0.58273184,0.788302,0.97359776,0.95681721,-0.26987725,0.10801411,0
-0.93216634,-2.0318756,0.74939871,-0.29065576,-0.88249552,0.36975753,0
0.41804075,0.17304161,0.21502468,0.95681721,-0.26987725,0.10801411,0
-0.73744291,-0.46710446,0.033014894,-0.95681721,0.26987725,-0.10801411,0
-0.6516847,-0.37324306,0.2122165,-0.95681721,0.26987725,-0.10801411,0
-0.79256511,-2.4009733,0.79582572,-0.29065576,-0.88249552,0.36975753,0
0.58701056,0.80248177,-0.1673516,0.95681721,-0.26987725,0.10801411,0
1.1473573,2.0127487,-1.457854,0.29065576,0.88249552,-0.36975753,0
0.17262459,-0.28922451,1.1518373,0.95681721,-0.26987725,0.10801411,0
-0.095503688,-0.24600363,-1.4077845,-0.0044671297,-0.38518542,-0.92282832,0
0.66939545,0.69288635,-0.18523657,0.95681721,-0.26987725,0.10801411,0
0.50658536,0.071589708,-1.457607,-0.0044671297,-0.38518542,-0.92282832,0
0.20434122,-0.91183126,-0.06884867,0.95681721,-0.26987725,0.10801411,0
-0.77366042,-0.76085877,2.1293299,0.0044671297,0.38518542,0.92282832,0
0.57802492,-0.79457986,-0.78050268,0.95681721,-0.26987725,0.10801411,0
0.16290069,1.3285127,-2.2016697,-0.0044671297,-0.38518542,-0.92282832,0
0.89336133,1.5108112,-2.2213049,-0.0044671297,-0.38518542,-0.92282832,0
0.28817689,-0.34020856,-1.4017994,-0.0044671297,-0.38518542,-0.92282832,0
0.34536135,2.3556092,-1.2160673,0.29065576,0.88249552,-0.36975753,0
-0.17088592,0.11072063,-1.7892838,-0.0044671297,-0.38518542,-0.92282832,0
0.54152894,-0.45995796,0.51235986,0.95681721,-0.26987725,0.10801411,0
0.57320011,1.773106,-1.6637433,0.29065576,0.88249552,-0.36975753,0
-0.10778862,-1.9161651,-0.67244613,-0.0044671297,-0.38518542,-0.92282832,0
0.30350387,0.49907851,-1.7321143,-0.0044671297,-0.38518542,-0.92282832,0
0.29802108,-1.0212617,0.73328918,0.95681721,-0.26987725,0.10801411,0
-0.079264402,-1.54712,-1.1108845,-0.0044671297,-0.38518542,-0.92282832,0
-0.40577865,-1.9084913,2.1269102,-0.29065576,-0.88249552,0.36975753,0
0.89585817,2.7206826,-0.021139145,0.29065576,0.88249552,-0.36975753,0
-0.19802618,0.22345233,-1.5780966,-0.0044671297,-0.38518542,-0.92282832,0
-0.36557326,-2.7173083,-0.63765335,-0.0044671297,-0.38518542,-0.92282832,0
0.25427473,0.94123822,1.4388591,0.0044671297,0.38518542,0.92282832,0
1.1604375,2.542316,0.58370566,0.0044671297,0.38518542,0.92282832,0
0.69709331,1.5727851,1.1098472,0.0044671297,0.38518542,0.92282832,0
-0.83880949,-2.5309689,-0.2772615,-0.29065576,-0.88249552,0.36975753,0
0.4474915,2.375838,0.64016676,0.0044671297,0.38518542,0.92282832,0
0.92108488,0.93821096,-1.9083551,-0.0044671297,-0.38518542,-0.92282832,0
0.3561756,2.0235343,-0.88289595,-0.95681721,0.26987725,-0.10801411,0
-0.72093177,-1.5440881,-0.97315252,-0.0044671297,-0.38518542,-0.92282832,0
-0.4246546,-0.05818975,-1.5625666,-0.0044671297,-0.38518542,-0.92282832,0
0.15834081,-0.49971706,1.641351,0.95681721,-0.26987725,0.10801411,0
-1.2136066,-1.9692287,1.4596477,-0.29065576,-0.88249552,0.36975753,0
0.038270712,0.64285374,-1.8507991,-0.0044671297,-0.38518542,-0.92282832,0
-0.53359699,-2.4257877,0.71727991,-0.29065576,-0.88249552,0.36975753,0
0.33859217,-1.3514382,-0.10846651,0.95681721,-0.26987725,0.10801411,0
-0.93895841,-1.2112824,1.0351729,-0.95681721,0.26987725,-0.10801411,0
1.0833127,2.4746709,-0.053796053,0.29065576,0.88249552,-0.36975753,0
-0.93658125,-0.79496086,1.2256635,-0.95681721,0.26987725,-0.10801411,0
0.48537081,2.773268,0.022813559,0.29065576,0.88249552,-0.36975753,0
-0.4804163,-2.0046525,1.70781,-0.29065576,-0.88249552,0.36975753,0
-0.19300401,1.3598835,1.0328438,0.0044671297,0.38518542,0.92282832,0
-0.10232496,-0.65809774,1.9850549,0.0044671297,0.38518542,0.92282832,0
-0.4954648,-0.087078571,1.8377931,0.0044671297,0.38518542,0.92282832,0
-0.69425869,-1.4723392,2.098114,0.0044671297,0.38518542,0.92282832,0
0.98032129,2.1253545,-0.73030424,0.29065576,0.88249552,-0.36975753,0
0.98447227,2.5449295,-0.35598922,0.29065576,0.88249552,-0.36975753,0
0.15674269,-1.5909618,-0.88107985,-0.0044671297,-0.38518542,-0.92282832,0
1.139163,2.3785706,-0.17243218,0.29065576,0.88249552,-0.36975753,0
-0.062989771,-2.0002584,0.76308608,0.95681721,-0.26987725,0.10801411,0
0.028365195,2.1720562,0.70286727,0.0044671297,0.38518542,0.92282832,0
-1.2206731,-1.4085038,2.3109806,-0.29065576,-0.88249552,0.36975753,0
0.7186774,1.1431081,1.2527585,0.0044671297,0.38518542,0.92282832,0
-0.49568886,-1.4822801,-1.0991721,-0.0044671297,-0.38518542,-0.92282832,0
-1.0331663,-0.96517593,2.1214509,0.0044671297,0.38518542,0.92282832,0
-0.63073301,-1.8213984,2.3527341,-0.29065576,-0.88249552,0.36975753,0
-0.073863745,-1.7088913,1.2384861,0.95681721,-0.26987725,0.10801411,0
-0.045334578,-1.3961222,1.04636,0.95681721,-0.26987725,0.10801411,0
0.8126412,2.5547931,-0.19737816,0.29065576,0.88249552,-0.36975753,0
0.66751015,0.77827632,0.91766465,0.95681721,-0.26987725,0.10801411,0
-0.13682079,-0.67227083,2.0483053,0.0044671297,0.38518542,0.92282832,0
-0.52329284,-2.6293685,-0.021063328,-0.29065576,-0.88249552,0.36975753,0
0.60682875,2.6896133,0.41161966,0.0044671297,0.38518542,0.92282832,0
-0.1034817,2.0467577,0.25523567,-0.95681721,0.26987725,-0.10801411,0
0.36996648,2.6944423,0.16438961,0.29065576,0.88249552,-0.36975753,0
0.15581799,0.26903081,1.6495146,0.0044671297,0.38518542,0.92282832,0
-0.72695732,-2.5092483,-0.39111018,-0.0044671297,-0.38518542,-0.92282832,0
-0.3267554,-0.16565561,1.6371685,0.0044671297,0.38518542,0.92282832,0
-0.2432496,-1.4999748,-0.80649984,-0.0044671297,-0.38518542,-0.92282832,0
-0.0029584765,-2.0761652,-0.83928108,-0.0044671297,-0.38518542,-0.92282832,0
0.18680167,1.2005558,-2.089072,-0.95681721,0.26987725,-0.10801411,0
-0.20466185,-2.0453448,2.0825241,-0.29065576,-0.88249552,0.36975753,0
0.38922262,1.7147481,-2.002212,0.29065576,0.88249552,-0.36975753,0
-1.0394737,-2.2242749,0.28081417,-0.29065576,-0.88249552,0.36975753,0
-0.13118505,-2.391166,0.66028619,0.95681721,-0.26987725,0.10801411,0
-0.52600861,-1.4293692,2.3789678,0.0044671297,0.38518542,0.92282832,0
-0.88021469,-0.31377876,0.63393724,-0.95681721,0.26987725,-0.10801411,0
-0.065581322,-1.0354942,-1.1927741,-0.0044671297,-0.38518542,-0.92282832,0
0.56805032,2.3812132,-0.4822495,0.29065576,0.88249552,-0.36975753,0
0.87669694,1.2598269,-2.0695105,-0.0044671297,-0.38518542,-0.92282832,0
0.56455553,0.27473032,1.537495,0.0044671297,0.38518542,0.92282832,0
-0.25114509,0.31036654,-0.33345309,-0.95681721,0.26987725,-0.10801411,0
-0.98099053,-1.6227607,2.127501,0.0044671297,0.38518542,0.92282832,0
-0.89730334,-1.6046175,2.3553753,-0.29065576,-0.88249552,0.36975753,0
-0.3675698,-0.57747465,-1.4529928,-0.0044671297,-0.38518542,-0.92282832,0
-0.3050251,-1.639016,-0.8849535,-0.0044671297,-0.38518542,-0.92282832,0
-0.6310215,-2.665062,-0.35998368,-0.0044671297,-0.38518542,-0.92282832,0
0.99469995,1.4700805,-2.3265352,0.29065576,0.88249552,-0.36975753,0
-0.39374968,-2.4425302,0.30870914,-0.29065576,-0.88249552,0.36975753,0
-0.27373838,0.39160141,1.4039019,0.0044671297,0.38518542,0.92282832,0
0.79852736,1.3301505,0.25049281,0.95681721,-0.26987725,0.10801411,0
-1.1499074,-1.8571261,1.5038006,-0.29065576,-0.88249552,0.36975753,0
-0.78590369,-1.845574,1.9117285,-0.29065576,-0.88249552,0.36975753,0
-0.30788058,-2.7931705,-0.01833725,0.95681721,-0.26987725,0.10801411,0
-1.015098,-2.5596352,0.15023589,-0.29065576,-0.88249552,0.36975753,0
0.50547993,0.18785989,0.87204671,0.95681721,-0.26987725,0.10801411,0
-0.54516327,0.6422838,1.3283734,-0.95681721,0.26987725,-0.10801411,0
1.2806095,2.1156466,-0.64514852,0.95681721,-0.26987725,0.10801411,0
-0.72283775,-2.3439963,0.88202119,-0.29065576,-0.88249552,0.36975753,0
0.80144358,1.429635,-2.2711511,-0.0044671297,-0.38518542,-0.92282832,0
0.53807944,2.0791826,-0.90012169,0.29065576,0.88249552,-0.36975753,0
-0.31984878,-1.8327998,1.921979,-0.29065576,-0.88249552,0.36975753,0
-0.20163542,-1.785877,0.51713789,0.95681721,-0.26987725,0.10801411,0
-1.1255686,-2.3488731,0.79964876,-0.29065576,-0.88249552,0.36975753,0
0.37688816,0.26836544,1.1695859,0.95681721,-0.26987725,0.10801411,0
-0.62431246,-2.1591113,0.78214931,-0.29065576,-0.88249552,0.36975753,0
0.64446771,2.24646,0.65013576,0.0044671297,0.38518542,0.92282832,0
-0.35950661,-1.5642955,2.3158782,0.0044671297,0.38518542,0.92282832,0
-0.29564464,-0.26090521,-0.89308995,-0.95681721,0.26987725,-0.10801411,0
-1.2848709,-1.975795,0.90452814,-0.29065576,-0.88249552,0.36975753,0
1.0877552,1.624083,-1.5566251,0.29065576,0.88249552,-0.36975753,0
-0.13822699,-0.414985,-1.6514394,-0.0044671297,-0.38518542,-0.92282832,0
-0.32909089,-2.480808,0.67863274,-0.29065576,-0.88249552,0.36975753,0
-0.91635787,-0.85546142,1.8547479,0.0044671297,0.38518542,0.92282832,0
-0.9836489,-1.9962064,1.0150423,-0.29065576,-0.88249552,0.36975753,0
0.58748996,2.1554327,-1.4190392,0.29065576,0.88249552,-0.36975753,0
-0.87148333,-1.534355,2.0380149,-0.29065576,-0.88249552,0.36975753,0
0.29426843,-0.086505145,0.47877926,0.95681721,-0.26987725,0.10801411,0
0.60039413,2.406302,-0.051373243,0.29065576,0.88249552,-0.36975753,0
0.57287532,-0.46788561,-0.14240801,0.95681721,-0.26987725,0.10801411,0
-1.0492222,-1.7259804,1.4750829,-0.29065576,-0.88249552,0.36975753,0
0.054455757,1.2386953,-1.9334412,-0.0044671297,-0.38518542,-0.92282832,0
-0.57951599,-2.4503515,0.88771152,-0.29065576,-0.88249552,0.36975753,0
-0.06344986,-0.47394598,1.9457572,0.0044671297,0.38518542,0.92282832,0
0.53329194,2.2415931,-1.501231,0.29065576,0.88249552,-0.36975753,0
-0.3005774,-0.71527636,1.7976899,0.0044671297,0.38518542,0.92282832,0
-0.97480392,-2.4926412,0.17747307,-0.29065576,-0.88249552,0.36975753,0
0.32457316,2.6524572,0.5095818,0.0044671297,0.38518542,0.92282832,0
0.92195785,0.20814557,-1.307449,0.95681721,-0.26987725,0.10801411,0
0.060256958,-1.6894444,1.5538616,0.95681721,-0.26987725,0.10801411,0
-0.14507151,0.89164954,-1.8777521,-0.0044671297,-0.38518542,-0.92282832,0
0.53124273,2.1963153,0.66945267,0.0044671297,0.38518542,0.92282832,0
-0.60405147,-1.923878,1.9216546,-0.29065576,-0.88249552,0.36975753,0
-0.94519639,-1.3944571,1.5803586,-0.95681721,0.26987725,-0.10801411,0
0.45078015,-0.21858901,0.5536356,0.95681721,-0.26987725,0.10801411,0
0.68121803,2.1791315,-0.74076509,0.29065576,0.88249552,-0.36975753,0
-0.18711078,0.45542818,-0.5934602,-0.95681721,0.26987725,-0.10801411,0
0.69572747,0.30617118,0.95665079,0.95681721,-0.26987725,0.10801411,0
0.74887896,2.2490706,-0.85948277,0.29065576,0.88249552,-0.36975753,0
0.8402307,0.85535181,-2.1063275,-0.0044671297,-0.38518542,-0.92282832,0
0.70814812,-0.20444769,-1.6467534,-0.0044671297,-0.38518542,-0.92282832,0
-0.16277957,0.93918276,-2.0430679,-0.95681721,0.26987725,-0.10801411,0
1.1959653,2.1637583,-0.30374098,0.29065576,0.88249552,-0.36975753,0
0.66619354,1.3163853,1.2168612,0.0044671297,0.38518542,0.92282832,0
0.19423532,0.4587549,-1.8584976,-0.0044671297,-0.38518542,-0.92282832,0
0.18777692,1.859089,-1.4529485,-0.95681721,0.26987725,-0.10801411,0
1.3208055,1.8790008,-0.58486485,0.95681721,-0.26987725,0.10801411,0
-0.32457128,-2.7993636,-0.56516552,-0.0044671297,-0.38518542,-0.92282832,0
-0.7928077,-0.63857144,0.51816189,-0.95681721,0.26987725,-0.10801411,0
-0.90368736,-0.46477899,0.77937007,-0.95681721,0.26987725,-0.10801411,0
-0.16647768,-0.66549134,-1.3006153,-0.0044671297,-0.38518542,-0.92282832,0
-0.81285226,-1.2762282,-0.90964222,-0.95681721,0.26987725,-0.10801411,0
-0.83411503,-1.9349959,1.9958761,-0.29065576,-0.88249552,0.36975753,0
-0.50598848,-0.92460454,-1.2397652,-0.0044671297,-0.38518542,-0.92282832,0
-0.46032059,-2.3729596,1.0656259,-0.29065576,-0.88249552,0.36975753,0
-1.0132868,-2.4780712,0.43099403,-0.29065576,-0.88249552,0.36975753,0
-1.0590818,-1.356003,0.78190553,-0.95681721,0.26987725,-0.10801411,0
0.36244342,2.5230141,0.57459402,0.0044671297,0.38518542,0.92282832,0
0.76207662,0.10251051,-1.7418444,0.95681721,-0.26987725,0.10801411,0
0.40664911,0.41794744,-1.7063966,-0.0044671297,-0.38518542,-0.92282832,0
0.32410967,0.84980911,1.3117678,0.0044671297,0.38518542,0.92282832,0
-0.00050103664,-1.9304384,1.5849874,0.95681721,-0.26987725,0.10801411,0
0.063117266,-0.24110264,1.8232207,0.0044671297,0.38518542,0.92282832,0
-0.12522817,-1.5210938,2.1169193,0.0044671297,0.38518542,0.92282832,0
-0.11692107,-2.4949949,-0.68304968,-0.0044671297,-0.38518542,-0.92282832,0
-0.67971009,-1.1375045,-0.44314253,-0.95681721,0.26987725,-0.10801411,0
-0.73761511,-1.071771,-0.59745729,-0.95681721,0.26987725,-0.10801411,0
-0.25749779,-0.84327,-1.4356766,-0.0044671297,-0.38518542,-0.92282832,0
0.038574696,-0.69836348,2.1130662,0.0044671297,0.38518542,0.92282832,0
-0.72619033,-1.667478,1.9308991,-0.29065576,-0.88249552,0.36975753,0
0.63861197,2.4708333,-0.70072746,0.29065576,0.88249552,-0.36975753,0
0.6799382,2.1163123,-0.68193841,0.29065576,0.88249552,-0.36975753,0
-1.0920815,-2.2268758,0.06722331,-0.29065576,-0.88249552,0.36975753,0
-1.0071377,-1.4267744,0.047673941,-0.95681721,0.26987725,-0.10801411,0
-0.19559932,-0.18978405,1.7083734,0.0044671297,0.38518542,0.92282832,0
0.76146209,1.6526979,-1.929101,0.29065576,0.88249552,-0.36975753,0
0.32220852,1.4433993,1.133649,0.0044671297,0.38518542,0.92282832,0
0.015480161,0.33664268,-1.618403,-0.0044671297,-0.38518542,-0.92282832,0
0.43517756,1.717012,-2.2774262,-0.0044671297,-0.38518542,-0.92282832,0
-0.94461733,-2.1980093,0.33795547,-0.29065576,-0.88249552,0.36975753,0
0.64597332,2.4477339,-0.69306278,0.29065576,0.88249552,-0.36975753,0
1.3526778,1.777184,-1.9525452,0.29065576,0.88249552,-0.36975753,0
0.48885298,0.61812782,-1.778391,-0.0044671297,-0.38518542,-0.92282832,0
0.55896306,1.9896778,-1.4438386,0.29065576,0.88249552,-0.36975753,0
0.16789806,2.1123774,-1.1660547,0.29065576,0.88249552,-0.36975753,0
-0.24093592,-0.61800438,-1.5040655,-0.0044671297,-0.38518542,-0.92282832,0
-0.28157881,0.25775394,-0.087563798,-0.95681721,0.26987725,-0.10801411,0
0.076493263,2.1829875,-1.4566138,-0.95681721,0.26987725,-0.10801411,0
-0.33211398,-0.81068134,2.0445549,0.0044671297,0.38518542,0.92282832,0
-1.0923398,-1.9943044,1.1939859,-0.29065576,-0.88249552,0.36975753,0
0.060049266,-1.5848027,0.35326612,0.95681721,-0.26987725,0.10801411,0
-0.46969366,-1.8087351,2.3258536,-0.29065576,-0.88249552,0.36975753,0
-1.1667107,-1.586449,1.6440012,-0.29065576,-0.88249552,0.36975753,0
-0.61390495,-1.8400575,1.8551583,-0.29065576,-0.88249552,0.36975753,0
-1.2342954,-1.7328302,1.7236743,-0.29065576,-0.88249552,0.36975753,0
-0.32329467,-2.1996179,0.43476653,0.95681721,-0.26987725,0.10801411,0
-0.31966639,-0.48769689,-1.3686843,-0.0044671297,-0.38518542,-0.92282832,0
0.72129595,2.0785971,-0.78612351,0.29065576,0.88249552,-0.36975753,0
1.2109106,2.433279,-0.16186571,0.29065576,0.88249552,-0.36975753,0
0.14392292,1.8927441,0.64471304,-0.95681721,0.26987725,-0.10801411,0
0.74809396,2.1592987,-0.67535639,0.29065576,0.88249552,-0.36975753,0
-0.33579993,-2.0331547,1.7312124,-0.29065576,-0.88249552,0.36975753,0
0.70762992,2.1994405,0.72430325,0.0044671297,0.38518542,0.92282832,0
0.51444107,1.0273718,1.0864658,0.0044671297,0.38518542,0.92282832,0
-1.0764663,-2.1008103,0.6537087,-0.29065576,-0.88249552,0.36975753,0
-0.78013611,-1.1521155,2.300555,0.0044671297,0.38518542,0.92282832,0
-0.87138659,-1.1820077,-0.45726073,-0.95681721,0.26987725,-0.10801411,0
1.3559468,1.9347279,-1.4447536,0.29065576,0.88249552,-0.36975753,0
1.0854135,1.8100309,-1.392961,0.29065576,0.88249552,-0.36975753,0
-1.2926297,-2.2001855,0.10066223,-0.29065576,-0.88249552,0.36975753,0
-0.6008774,-0.1671769,-1.0594008,-0.95681721,0.26987725,-0.10801411,0
0.41675043,2.8162031,0.25294971,0.29065576,0.88249552,-0.36975753,0
-0.039810658,-0.92863852,1.8072808,0.95681721,-0.26987725,0.10801411,0
-0.94625413,-2.7312651,-0.69302058,-0.0044671297,-0.38518542,-0.92282832,0
-0.68466282,-0.44655225,1.927119,0.0044671297,0.38518542,0.92282832,0
-1.0167649,-1.6994286,0.67477536,-0.95681721,0.26987725,-0.10801411,0
-0.20705819,-2.0369487,1.5291662,0.95681721,-0.26987725,0.10801411,0
-0.7899648,-2.1850142,1.1581464,-0.29065576,-0.88249552,0.36975753,0
-0.40299606,-1.4843686,2.165472,0.0044671297,0.38518542,0.92282832,0
-0.61291182,-0.42874366,1.8564661,0.0044671297,0.38518542,0.92282832,0
0.75357652,1.7392458,-2.3476858,0.29065576,0.88249552,-0.36975753,0
-0.48067665,-2.0863011,1.3564053,-0.29065576,-0.88249552,0.36975753,0
1.2557935,2.5435939,0.43383169,0.95681721,-0.26987725,0.10801411,0
-0.18133369,1.7665982,0.64265072,-0.95681721,0.26987725,-0.10801411,0
-0.038357496,0.71918219,-1.4453969,-0.95681721,0.26987725,-0.10801411,0
-0.45482129,-0.052755356,-0.96703178,-0.95681721,0.26987725,-0.10801411,0
-0.57969475,0.5235703,0.61098027,-0.95681721,0.26987725,-0.10801411,0
0.43231404,-0.6945349,-0.99026144,0.95681721,-0.26987725,0.10801411,0
0.97744316,1.2830056,-0.39253056,0.95681721,-0.26987725,0.10801411,0
0.88029552,1.7900581,-1.8631364,0.29065576,0.88249552,-0.36975753,0
0.54478508,0.069189906,1.1109208,0.95681721,-0.26987725,0.10801411,0
1.2821921,2.7457228,0.26460242,0.29065576,0.88249552,-0.36975753,0
0.51560187,2.2001259,-0.99915838,0.29065576,0.88249552,-0.36975753,0
-0.13753629,1.9834082,0.56618166,-0.95681721,0.26987725,-0.10801411,0
-1.0263786,-2.0937245,0.38844085,-0.95681721,0.26987725,-0.10801411,0
-0.66921031,-1.9570516,1.1891477,-0.29065576,-0.88249552,0.36975753,0
0.23492329,2.6523061,0.33583617,0.0044671297,0.38518542,0.92282832,0
0.20251739,0.54052806,1.2684162,0.0044671297,0.38518542,0.92282832,0
-0.86618304,-2.3884249,0.55295968,-0.29065576,-0.88249552,0.36975753,0
0.017708868,2.5944829,0.45798898,-0.95681721,0.26987725,-0.10801411,0
-0.87432647,-1.7538627,1.8132011,-0.29065576,-0.88249552,0.36975753,0
-0.071644187,1.0983362,1.2852147,0.0044671297,0.38518542,0.92282832,0
-0.38125336,-2.2203519,0.78953266,-0.29065576,-0.88249552,0.36975753,0
-0.017946005,-0.53513312,-1.5459902,-0.0044671297,-0.38518542,-0.92282832,0
-0.55817091,-1.8681251,-0.6808778,-0.0044671297,-0.38518542,-0.92282832,0
-0.71497148,-1.8391314,-0.96716142,-0.0044671297,-0.38518542,-0.92282832,0
0.2437259,2.1132319,-1.4786532,0.29065576,0.88249552,-0.36975753,0
-1.2898415,-1.5436828,2.2896895,-0.29065576,-0.88249552,0.36975753,0
-0.16283917,2.0710332,0.76005399,0.0044671297,0.38518542,0.92282832,0
-0.88927591,-1.0881218,1.8988719,-0.95681721,0.26987725,-0.10801411,0
-0.18441677,-2.2375238,1.4040951,-0.29065576,-0.88249552,0.36975753,0
-0.59641027,-1.4101911,2.3444452,0.0044671297,0.38518542,0.92282832,0
0.9349978,1.225235,-2.1998758,-0.0044671297,-0.38518542,-0.92282832,0
-0.35839784,1.074261,0.078533769,-0.95681721,0.26987725,-0.10801411,0
0.072411418,-0.51077735,-1.2979466,-0.0044671297,-0.38518542,-0.92282832,0
-0.31453657,-2.2448311,1.4963491,-0.29065576,-0.88249552,0.36975753,0
0.83478332,-0.061419316,-1.3395371,0.95681721,-0.26987725,0.10801411,0
-0.73573482,-1.0996032,-0.37949693,-0.95681721,0.26987725,-0.10801411,0
0.52060878,2.6730838,-0.23937249,0.29065576,0.88249552,-0.36975753,0
0.15373552,-0.95341045,1.3913982,0.95681721,-0.26987725,0.10801411,0
-1.0706277,-2.4927812,0.023053408,-0.29065576,-0.88249552,0.36975753,0
-0.57183778,-0.35337317,1.2756481,-0.95681721,0.26987725,-0.10801411,0
-0.36253533,-2.6998079,0.034621954,-0.29065576,-0.88249552,0.36975753,0
0.059862554,2.1211319,0.78008521,0.0044671297,0.38518542,0.92282832,0
1.1942506,2.0237093,-0.17708731,0.95681721,-0.26987725,0.10801411,0
1.0450103,1.5057443,-2.2307603,0.29065576,0.88249552,-0.36975753,0
-0.023157597,0.80590349,1.2043195,0.0044671297,0.38518542,0.92282832,0
-0.10172594,-0.99678898,-1.0855845,-0.0044671297,-0.38518542,-0.92282832,0
0.78519732,0.091822751,-1.0823226,0.95681721,-0.26987725,0.10801411,0
-0.24373831,1.3471099,-0.079564095,-0.95681721,0.26987725,-0.10801411,0
-0.31417397,-2.6129689,0.17511463,-0.29065576,-0.88249552,0.36975753,0
1.1439596,2.760958,0.21708083,0.29065576,0.88249552,-0.36975753,0
-0.15547311,-0.53138959,-1.4497435,-0.0044671297,-0.38518542,-0.92282832,0
-0.14156401,0.63483965,-0.96199548,-0.95681721,0.26987725,-0.10801411,0
-0.66986334,-0.58867633,1.9561458,0.0044671297,0.38518542,0.92282832,0
0.47713196,0.57432938,-1.8183213,-0.0044671297,-0.38518542,-0.92282832,0
0.51057482,2.4410701,-0.26876068,0.29065576,0.88249552,-0.36975753,0
-1.2325085,-1.4184747,1.5029067,-0.95681721,0.26987725,-0.10801411,0
0.34054947,2.384145,-0.47431111,0.29065576,0.88249552,-0.36975753,0
0.088886976,1.1147974,-1.6423392,-0.95681721,0.26987725,-0.10801411,0
1.1833556,1.8675953,-1.3034451,0.29065576,0.88249552,-0.36975753,0
-0.22235808,1.9968797,0.66955173,0.0044671297,0.38518542,0.92282832,0
0.32922691,3.015826,0.52337742,0.0044671297,0.38518542,0.92282832,0
-0.15631214,-2.0742624,0.30113053,0.95681721,-0.26987725,0.10801411,0
-0.081147194,-0.94245386,-1.1046008,-0.0044671297,-0.38518542,-0.92282832,0
-0.42344791,-1.7154999,-0.74490535,-0.0044671297,-0.38518542,-0.92282832,0
-0.57324851,-0.63107449,1.9654782,0.0044671297,0.38518542,0.92282832,0
-0.49450356,-1.803874,-0.68644094,-0.0044671297,-0.38518542,-0.92282832,0
1.076575,1.8773422,-1.9527161,0.29065576,0.88249552,-0.36975753,0
0.3246358,-0.39138812,-0.095662251,0.95681721,-0.26987725,0.10801411,0
0.6800009,2.1538689,-1.4984429,0.29065576,0.88249552,-0.36975753,0
-0.50457573,0.48652834,0.45011705,-0.95681721,0.26987725,-0.10801411,0
-0.60184991,-0.12754744,-0.83563209,-0.95681721,0.26987725,-0.10801411,0
0.99094832,1.7423098,-1.5240445,0.29065576,0.88249552,-0.36975753,0
-0.80805647,-1.7803578,1.8915185,-0.29065576,-0.88249552,0.36975753,0
1.1723338,2.1257625,-1.2081172,0.29065576,0.88249552,-0.36975753,0
0.97392976,2.3756955,-0.76512885,0.29065576,0.88249552,-0.36975753,0
0.53456652,1.2046654,1.1533542,0.0044671297,0.38518542,0.92282832,0
-0.45508695,-1.5968821,2.1087008,-0.29065576,-0.88249552,0.36975753,0
-0.91231513,-1.2183317,1.2589393,-0.95681721,0.26987725,-0.10801411,0
0.30421054,2.5884972,-0.049526453,0.29065576,0.88249552,-0.36975753,0
-0.42051983,-0.035338163,-1.5801513,-0.0044671297,-0.38518542,-0.92282832,0
-0.46378559,-2.755044,0.28689957,-0.29065576,-0.88249552,0.36975753,0
-0.28236312,-2.5160766,0.2610786,-0.29065576,-0.88249552,0.36975753,0
-0.45622027,-2.2029388,1.3917882,-0.29065576,-0.88249552,0.36975753,0
0.44941175,0.015545964,1.0318289,0.95681721,-0.26987725,0.10801411,0
0.057390869,-2.1545496,0.46798003,0.95681721,-0.26987725,0.10801411,0
0.29433596,0.9162941,1.3251228,0.0044671297,0.38518542,0.92282832,0
-0.62947881,-2.5307899,-0.10676956,-0.29065576,-0.88249552,0.36975753,0
-0.8902247,-1.3600321,1.604264,-0.95681721,0.26987725,-0.10801411,0
-0.25349617,-1.89101,1.9100366,-0.29065576,-0.88249552,0.36975753,0
0.80617189,2.5370703,0.18812251,0.29065576,0.88249552,-0.36975753,0
-0.13309395,1.0507841,1.14566,0.0044671297,0.38518542,0.92282832,0
0.60227656,0.96707356,-2.1139939,-0.0044671297,-0.38518542,-0.92282832,0
-0.85919189,-1.8808675,1.4013882,-0.29065576,-0.88249552,0.36975753,0
0.68969512,2.8010967,0.16038108,0.29065576,0.88249552,-0.36975753,0
-1.0229876,-1.5933065,1.7662001,-0.29065576,-0.88249552,0.36975753,0
