-0.76926816,0.53574115,-0.16347855,-0.74036556,0.25361907,0.6225242,0
-1.5694578,-0.25206885,-1.0205261,-0.59646547,0.1791963,-0.78237951,0
0.096165776,-4.0718575,0.69622207,0.74036556,-0.25361907,-0.6225242,0
-0.24094081,-2.7070303,1.4614556,0.59646547,-0.1791963,0.78237951,0
1.2635157,4.1287861,-0.51868629,0.30998048,0.95056099,-0.018604219,0
0.28471941,2.5495124,0.26488948,-0.74036556,0.25361907,0.6225242,0
-0.38048723,-4.4440598,1.4368398,0.59646547,-0.1791963,0.78237951,0
-0.43241829,1.1179069,-1.3460287,-0.59646547,0.1791963,-0.78237951,0
-0.24363132,2.7420897,-0.51214242,-0.74036556,0.25361907,0.6225242,0
-2.2210124,-4.1864424,-0.81058073,-0.30998048,-0.95056099,0.018604219,0
1.1170123,0.71102029,1.4130721,0.59646547,-0.1791963,0.78237951,0
-1.2580494,-1.2284801,-0.41637588,-0.74036556,0.25361907,0.6225242,0
1.0474657,0.13602698,1.2410316,0.59646547,-0.1791963,0.78237951,0
1.1534517,2.0104377,0.028921843,0.74036556,-0.25361907,-0.6225242,0
-1.7520602,-3.8362234,-0.033353329,-0.74036556,0.25361907,0.6225242,0
-1.1935303,-0.045491815,-1.2066479,-0.59646547,0.1791963,-0.78237951,0
0.34259486,0.0094667077,-0.59041083,0.74036556,-0.25361907,-0.6225242,0
1.5970089,1.365603,1.1048698,0.59646547,-0.1791963,0.78237951,0
0.52112186,3.9623241,-1.1703143,-0.59646547,0.1791963,-0.78237951,0
0.12374622,1.4837461,-0.94156909,0.74036556,-0.25361907,-0.6225242,0
-0.7623353,-4.2389483,1.4039116,0.59646547,-0.1791963,0.78237951,0
0.34686854,-2.8909078,0.76097727,0.59646547,-0.1791963,0.78237951,0
-0.021385282,-0.12417933,-0.45697868,0.74036556,-0.25361907,-0.6225242,0
-0.69518554,-4.3813896,1.4543066,0.59646547,-0.1791963,0.78237951,0
-0.3917973,-3.1437182,-0.10766768,0.74036556,-0.25361907,-0.6225242,0
-0.66857123,-0.23931277,-1.6093479,-0.59646547,0.1791963,-0.78237951,0
-1.4085197,-0.015368536,-0.84984845,-0.59646547,0.1791963,-0.78237951,0
-0.98919821,-4.3374505,-0.16708422,0.74036556,-0.25361907,-0.6225242,0
-1.0491185,-1.5514181,-1.3855438,-0.59646547,0.1791963,-0.78237951,0
-2.5117693,-3.1247756,-0.62219214,-0.74036556,0.25361907,0.6225242,0
-0.23322016,2.3034737,-0.47945273,-0.74036556,0.25361907,0.6225242,0
-0.08152464,1.1239923,-1.3141921,0.74036556,-0.25361907,-0.6225242,0
-1.3866367,-3.0948441,-1.4478855,0.74036556,-0.25361907,-0.6225242,0
1.9697248,3.901119,0.65333915,0.30998048,0.95056099,-0.018604219,0
2.0015042,3.8147712,0.33686924,0.74036556,-0.25361907,-0.6225242,0
2.518271,3.8973789,0.93239045,0.30998048,0.95056099,-0.018604219,0
0.65076512,-1.532642,1.0966979,0.59646547,-0.1791963,0.78237951,0
1.0594058,4.4090962,-0.99059963,0.30998048,0.95056099,-0.018604219,0
0.15493235,2.747169,-1.3469148,-0.59646547,0.1791963,-0.78237951,0
0.26977178,0.26086602,-0.60256934,0.74036556,-0.25361907,-0.6225242,0
2.0672867,3.8653131,0.7719574,0.30998048,0.95056099,-0.018604219,0
1.5947421,4.2071023,-0.017391205,0.30998048,0.95056099,-0.018604219,0
0.2928381,4.4258003,-1.0242267,0.30998048,0.95056099,-0.018604219,0
-0.64338905,-4.509901,0.8104949,-0.30998048,-0.95056099,0.018604219,0
-2.4668162,-3.8752711,-0.60326958,-0.30998048,-0.95056099,0.018604219,0
0.35206777,2.8588612,-0.10720801,-0.74036556,0.25361907,0.6225242,0
-0.93524855,-4.3896713,0.43001986,-0.30998048,-0.95056099,0.018604219,0
0.68374419,4.6278086,-1.0941048,0.30998048,0.95056099,-0.018604219,0
1.7514215,4.1296778,-0.09807539,0.30998048,0.95056099,-0.018604219,0
0.14789546,-1.726088,1.4452252,0.59646547,-0.1791963,0.78237951,0
-2.2360849,-2.4403996,-0.97951865,-0.59646547,0.1791963,-0.78237951,0
0.43208671,-2.5133166,1.2603909,0.59646547,-0.1791963,0.78237951,0
1.4359193,-0.3016569,0.93355399,0.59646547,-0.1791963,0.78237951,0
-0.041113719,-2.176652,1.2399877,0.59646547,-0.1791963,0.78237951,0
-0.57579654,-4.401257,0.56100559,-0.30998048,-0.95056099,0.018604219,0
-1.1574537,-3.82164,-0.69203734,0.74036556,-0.25361907,-0.6225242,0
0.99614549,3.683291,-1.3711619,0.74036556,-0.25361907,-0.6225242,0
0.93974304,3.9199712,0.24147415,-0.74036556,0.25361907,0.6225242,0
1.5749055,4.3647566,-0.69263744,0.30998048,0.95056099,-0.018604219,0
0.36013889,4.6747479,-0.77245522,0.30998048,0.95056099,-0.018604219,0
-0.51031041,-0.83063209,-0.80099344,0.74036556,-0.25361907,-0.6225242,0
1.9831901,4.1906533,-0.15781546,0.30998048,0.95056099,-0.018604219,0
0.43387067,4.7264948,-0.92832756,0.30998048,0.95056099,-0.018604219,0
-0.31353074,-0.044461489,-1.1653266,0.74036556,-0.25361907,-0.6225242,0
-1.4558243,-4.3387008,-0.54963088,-0.30998048,-0.95056099,0.018604219,0
-1.5176361,-3.8658586,0.79188919,-0.74036556,0.25361907,0.6225242,0
2.1968055,3.9626932,0.71727395,0.30998048,0.95056099,-0.018604219,0
0.50502044,4.608963,-1.0328984,0.30998048,0.95056099,-0.018604219,0
1.1594808,4.5534897,-0.31668663,0.30998048,0.95056099,-0.018604219,0
-2.1345899,-4.1797996,-1.1309321,-0.30998048,-0.95056099,0.018604219,0
-0.17007393,0.57939464,-1.3792207,0.74036556,-0.25361907,-0.6225242,0
1.5533183,2.594285,1.2236813,0.59646547,-0.1791963,0.78237951,0
-0.73741621,-4.4672594,0.30570889,-0.30998048,-0.95056099,0.018604219,0
-1.1644887,-3.2193956,0.92021036,-0.74036556,0.25361907,0.6225242,0
0.71222603,-1.5313408,0.49228728,0.74036556,-0.25361907,-0.6225242,0
2.5794268,3.9165597,0.71489477,0.59646547,-0.1791963,0.78237951,0
-2.0844524,-2.9457364,-0.8903327,-0.59646547,0.1791963,-0.78237951,0
-0.90864301,-0.06899488,-1.4054816,-0.59646547,0.1791963,-0.78237951,0
1.72357,1.3067124,0.76985538,0.74036556,-0.25361907,-0.6225242,0
1.2988383,3.9599605,-1.0459738,0.74036556,-0.25361907,-0.6225242,0
-1.017318,0.65593207,-0.82947052,-0.74036556,0.25361907,0.6225242,0
0.93368727,0.31633848,1.45243,0.59646547,-0.1791963,0.78237951,0
-1.8099829,-4.1883397,-0.00062704086,-0.30998048,-0.95056099,0.018604219,0
-0.99369526,-0.22227424,-1.368934,-0.59646547,0.1791963,-0.78237951,0
0.9535771,0.79466134,1.296954,0.59646547,-0.1791963,0.78237951,0
0.53663063,-1.5289662,0.94628882,0.59646547,-0.1791963,0.78237951,0
0.055643439,-1.5180855,1.3114494,0.59646547,-0.1791963,0.78237951,0
-1.7262099,-4.0535321,-0.15974951,-0.30998048,-0.95056099,0.018604219,0
-0.25558144,0.74770606,0.29722953,-0.74036556,0.25361907,0.6225242,0
-0.85232353,-4.3321228,1.386579,0.59646547,-0.1791963,0.78237951,0
0.12681782,-1.397876,1.2220643,-0.74036556,0.25361907,0.6225242,0
0.42125803,1.4030204,0.89606351,-0.74036556,0.25361907,0.6225242,0
1.2839692,4.122057,-0.16326427,0.30998048,0.95056099,-0.018604219,0
0.55960155,0.7622714,1.1408834,-0.74036556,0.25361907,0.6225242,0
0.46858442,4.1702399,-0.43113756,-0.74036556,0.25361907,0.6225242,0
0.88622743,4.4891691,-1.0958376,0.30998048,0.95056099,-0.018604219,0
-0.72183263,-4.607522,0.34668112,-0.30998048,-0.95056099,0.018604219,0
1.6361927,2.4100404,1.3907913,0.59646547,-0.1791963,0.78237951,0
-1.9996874,-4.0437865,0.18634272,-0.30998048,-0.95056099,0.018604219,0
-1.9429699,-4.3107762,-0.044121742,-0.30998048,-0.95056099,0.018604219,0
2.1825218,3.1047292,0.63218427,0.74036556,-0.25361907,-0.6225242,0
1.5444534,1.3516761,0.37831414,0.74036556,-0.25361907,-0.6225242,0
1.7694268,4.2983956,0.77958894,0.30998048,0.95056099,-0.018604219,0
-0.92895067,-0.92571318,0.16059875,-0.74036556,0.25361907,0.6225242,0
-0.5182249,-3.0394654,1.2641351,-0.74036556,0.25361907,0.6225242,0
-0.37279129,-2.1499438,1.5345827,-0.74036556,0.25361907,0.6225242,0
-1.6260903,-4.2500944,-0.47204638,-0.30998048,-0.95056099,0.018604219,0
-0.66156477,-4.3169513,0.63987851,-0.30998048,-0.95056099,0.018604219,0
1.955994,4.2641768,0.25490522,0.30998048,0.95056099,-0.018604219,0
1.9790781,3.925462,1.1195586,0.59646547,-0.1791963,0.78237951,0
1.6265279,2.1616099,0.072358847,0.74036556,-0.25361907,-0.6225242,0
0.98176801,4.5209751,-0.52149916,0.30998048,0.95056099,-0.018604219,0
0.042425424,4.0430784,-1.0953846,-0.74036556,0.25361907,0.6225242,0
-0.052024901,-4.4583216,1.1061847,0.59646547,-0.1791963,0.78237951,0
-1.5292978,-2.2392585,-1.0211633,-0.59646547,0.1791963,-0.78237951,0
-0.39481038,-2.5381756,-0.4999361,0.74036556,-0.25361907,-0.6225242,0
-1.9888583,-4.3097715,-0.96163201,-0.30998048,-0.95056099,0.018604219,0
-1.9970098,-3.8434529,0.096922398,-0.74036556,0.25361907,0.6225242,0
0.65823376,4.5431895,-1.199904,0.30998048,0.95056099,-0.018604219,0
-0.7308225,-2.5028443,1.1259205,-0.74036556,0.25361907,0.6225242,0
-1.4239635,-2.4448807,-1.4611936,-0.59646547,0.1791963,-0.78237951,0
1.2456909,4.3090491,-1.102037,0.30998048,0.95056099,-0.018604219,0
-1.0321971,-4.3830724,0.99068594,-0.30998048,-0.95056099,0.018604219,0
-0.41544104,-0.069925547,-1.0505977,0.74036556,-0.25361907,-0.6225242,0
1.7426925,3.9771345,-0.33671236,0.30998048,0.95056099,-0.018604219,0
-2.2536714,-3.5770352,-1.1471441,-0.59646547,0.1791963,-0.78237951,0
-0.80119359,-0.90844071,-0.057620764,-0.74036556,0.25361907,0.6225242,0
-1.8411375,-2.31705,-1.0410624,-0.59646547,0.1791963,-0.78237951,0
1.9864326,2.3346648,0.87071657,0.74036556,-0.25361907,-0.6225242,0
-1.2703327,-0.81348103,-0.4747507,-0.74036556,0.25361907,0.6225242,0
0.57416952,0.34643948,1.0593302,-0.74036556,0.25361907,0.6225242,0
-1.4441763,-3.6014924,-1.1526551,0.74036556,-0.25361907,-0.6225242,0
0.82264441,-2.0821369,1.0280457,0.59646547,-0.1791963,0.78237951,0
1.7814839,3.8212304,-0.518682,0.74036556,-0.25361907,-0.6225242,0
-0.054904699,3.295023,-0.91147089,-0.59646547,0.1791963,-0.78237951,0
-1.9573708,-4.062551,-1.2778711,-0.30998048,-0.95056099,0.018604219,0
0.14154366,-0.65406162,-0.34062302,0.74036556,-0.25361907,-0.6225242,0
1.2999111,4.3614159,0.43779135,0.30998048,0.95056099,-0.018604219,0
-0.83569527,-3.9416449,0.028631926,0.74036556,-0.25361907,-0.6225242,0
-1.7753807,-3.7538633,-1.4661055,-0.59646547,0.1791963,-0.78237951,0
-0.88836169,-4.2953854,0.24336576,-0.30998048,-0.95056099,0.018604219,0
-0.3922888,-0.95896012,-0.60421038,0.74036556,-0.25361907,-0.6225242,0
-0.46926504,-2.7467356,-0.057118893,0.74036556,-0.25361907,-0.6225242,0
-2.0100851,-3.9591463,-1.427191,-0.59646547,0.1791963,-0.78237951,0
-2.3239665,-3.688482,-1.1429551,-0.59646547,0.1791963,-0.78237951,0
-0.86101604,-1.3112103,-1.4389936,0.74036556,-0.25361907,-0.6225242,0
1.5491521,4.150321,0.95023632,0.30998048,0.95056099,-0.018604219,0
0.55543399,4.7270732,-1.4269705,0.30998048,0.95056099,-0.018604219,0
-1.6143849,-4.2602501,-0.79518867,-0.30998048,-0.95056099,0.018604219,0
1.1148889,1.5089183,1.2718925,0.59646547,-0.1791963,0.78237951,0
-1.9861008,-4.2118573,-0.6629405,-0.30998048,-0.95056099,0.018604219,0
0.18302563,-1.247557,1.2952137,0.59646547,-0.1791963,0.78237951,0
-0.16639423,-1.05669,-0.52394187,0.74036556,-0.25361907,-0.6225242,0
0.38525301,4.7022433,-1.0106959,0.30998048,0.95056099,-0.018604219,0
-2.2939038,-3.4003017,-1.1381543,-0.59646547,0.1791963,-0.78237951,0
-2.0558701,-3.5537622,-0.43248868,-0.74036556,0.25361907,0.6225242,0
-0.70446062,0.79590273,-1.2208226,-0.59646547,0.1791963,-0.78237951,0
1.563215,3.9573483,-0.5692277,0.74036556,-0.25361907,-0.6225242,0
1.4723505,4.3895602,0.42327499,0.30998048,0.95056099,-0.018604219,0
-0.91157997,-4.2456851,0.021678448,-0.30998048,-0.95056099,0.018604219,0
1.7309189,1.4236054,1.1239996,0.59646547,-0.1791963,0.78237951,0
-2.1460762,-4.005579,-0.22059727,-0.30998048,-0.95056099,0.018604219,0
-1.9603306,-2.3651171,-1.0372412,-0.59646547,0.1791963,-0.78237951,0
-0.2917645,-3.5659173,1.3823795,0.59646547,-0.1791963,0.78237951,0
2.0906639,4.2473788,0.74609804,0.30998048,0.95056099,-0.018604219,0
1.1565058,0.50863743,0.54338318,0.74036556,-0.25361907,-0.6225242,0
0.90723473,4.3057632,-1.2428303,0.74036556,-0.25361907,-0.6225242,0
-1.8790166,-4.2737384,-0.58796263,-0.30998048,-0.95056099,0.018604219,0
0.74614114,0.26800168,-0.26385385,0.74036556,-0.25361907,-0.6225242,0
1.8757272,4.0120745,1.3843191,0.30998048,0.95056099,-0.018604219,0
1.3592774,4.3028617,0.39870501,0.30998048,0.95056099,-0.018604219,0
-1.0090702,-0.55053651,0.051839948,-0.74036556,0.25361907,0.6225242,0
0.2662462,-1.4865532,1.242117,0.59646547,-0.1791963,0.78237951,0
0.30856845,-2.4435706,1.1437455,0.59646547,-0.1791963,0.78237951,0
-0.34334999,-2.7638111,1.5446012,0.59646547,-0.1791963,0.78237951,0
1.7145405,2.4384086,-0.0047690868,0.74036556,-0.25361907,-0.6225242,0
1.320767,0.63432389,0.86164993,0.59646547,-0.1791963,0.78237951,0
-1.486897,-4.011765,-0.95555449,0.74036556,-0.25361907,-0.6225242,0
-1.4690802,-4.1091757,0.21249247,-0.30998048,-0.95056099,0.018604219,0
2.2159557,3.8660433,0.16400003,0.30998048,0.95056099,-0.018604219,0
0.098312646,-1.1612974,-0.17404574,0.74036556,-0.25361907,-0.6225242,0
-0.15086097,-4.4507594,0.78204656,0.59646547,-0.1791963,0.78237951,0
-0.036782518,-0.88436925,0.82042187,-0.74036556,0.25361907,0.6225242,0
-0.82696712,-1.0941437,0.39458728,-0.74036556,0.25361907,0.6225242,0
0.30345762,0.53751737,1.0282195,-0.74036556,0.25361907,0.6225242,0
0.3977021,3.0197387,-1.4284093,0.74036556,-0.25361907,-0.6225242,0
-1.6915848,-3.9755599,0.030885696,-0.30998048,-0.95056099,0.018604219,0
-0.1886223,-2.9033611,0.46118069,0.74036556,-0.25361907,-0.6225242,0
0.55988908,1.595018,0.61441624,-0.74036556,0.25361907,0.6225242,0
1.8767898,4.1736498,1.0858941,0.30998048,0.95056099,-0.018604219,0
-1.817113,-4.025774,-0.57893753,-0.30998048,-0.95056099,0.018604219,0
-0.10711157,-0.66198182,-0.80267328,0.74036556,-0.25361907,-0.6225242,0
-1.2823496,-4.3610473,0.49926805,-0.30998048,-0.95056099,0.018604219,0
-0.29788223,2.0849299,-1.431142,-0.59646547,0.1791963,-0.78237951,0
1.6230717,4.0118222,-0.095440865,0.30998048,0.95056099,-0.018604219,0
-0.63349348,-4.5608621,0.44740295,-0.30998048,-0.95056099,0.018604219,0
-0.46901634,-4.0953035,1.375901,0.59646547,-0.1791963,0.78237951,0
-1.2238731,-4.2424593,0.91991043,-0.30998048,-0.95056099,0.018604219,0
-0.80763614,-3.0225224,-0.52731824,0.74036556,-0.25361907,-0.6225242,0
-0.020163447,0.1956585,0.7134161,-0.74036556,0.25361907,0.6225242,0
0.84604251,-0.25480384,0.4239364,0.74036556,-0.25361907,-0.6225242,0
2.0012732,4.2723022,0.29785156,0.30998048,0.95056099,-0.018604219,0
-2.2238216,-2.6449745,-0.74229288,-0.59646547,0.1791963,-0.78237951,0
-1.2382739,-4.3009586,1.3266535,-0.30998048,-0.95056099,0.018604219,0
1.6249549,4.1410041,-0.44652557,0.30998048,0.95056099,-0.018604219,0
-0.58289814,0.44582182,-1.3691757,-0.59646547,0.1791963,-0.78237951,0
0.1890447,-3.4436913,0.85361695,0.74036556,-0.25361907,-0.6225242,0
-1.0549405,-4.3300457,-0.57968783,0.74036556,-0.25361907,-0.6225242,0
0.20998858,-2.8370416,0.90601206,0.59646547,-0.1791963,0.78237951,0
-0.23175913,2.8876669,-0.9738667,-0.59646547,0.1791963,-0.78237951,0
-0.29746762,-3.2397461,1.5656621,0.59646547,-0.1791963,0.78237951,0
-0.65280622,-4.5836034,0.39188671,-0.30998048,-0.95056099,0.018604219,0
2.5696876,3.5632601,1.0251913,0.59646547,-0.1791963,0.78237951,0
2.1464953,4.2482796,0.51104593,0.30998048,0.95056099,-0.018604219,0
-1.4268869,-4.2867832,0.096580029,-0.30998048,-0.95056099,0.018604219,0
0.91419595,-0.015882194,1.0210861,0.59646547,-0.1791963,0.78237951,0
-0.9295519,-0.52298385,-1.3713177,-0.59646547,0.1791963,-0.78237951,0
2.4826565,3.8487785,0.72054338,0.59646547,-0.1791963,0.78237951,0
-0.15715814,0.79723144,-1.05407,0.74036556,-0.25361907,-0.6225242,0
-1.4359963,-2.4337459,-0.23221231,-0.74036556,0.25361907,0.6225242,0
-0.14545166,0.0011737347,-1.061185,0.74036556,-0.25361907,-0.6225242,0
-0.70098126,-4.4361649,0.14723873,-0.30998048,-0.95056099,0.018604219,0
0.76573306,4.3621926,-0.91631937,0.30998048,0.95056099,-0.018604219,0
1.0075688,4.2815099,0.39486194,0.30998048,0.95056099,-0.018604219,0
1.1328894,2.8856339,-0.67354703,0.74036556,-0.25361907,-0.6225242,0
-0.24528319,0.64855283,-1.5976033,0.74036556,-0.25361907,-0.6225242,0
-0.58776879,0.57282984,-1.5692374,-0.59646547,0.1791963,-0.78237951,0
0.77053243,-2.2875748,1.0304476,0.59646547,-0.1791963,0.78237951,0
0.48174888,-0.52805513,-0.30269742,0.74036556,-0.25361907,-0.6225242,0
-2.0960956,-2.5419872,-0.86241484,-0.59646547,0.1791963,-0.78237951,0
0.77019972,4.4698639,-1.405436,0.30998048,0.95056099,-0.018604219,0
1.2997152,-0.59992862,0.74796903,0.59646547,-0.1791963,0.78237951,0
2.0144978,2.8439384,1.1089504,0.59646547,-0.1791963,0.78237951,0
2.195828,3.1154871,0.79415369,0.59646547,-0.1791963,0.78237951,0
2.4340806,3.5630908,0.88598943,0.59646547,-0.1791963,0.78237951,0
-1.7558107,-4.2564311,-0.15608549,-0.30998048,-0.95056099,0.018604219,0
-1.747309,-4.2884846,0.35908842,-0.30998048,-0.95056099,0.018604219,0
-0.53780019,-4.6129732,0.92082644,-0.30998048,-0.95056099,0.018604219,0
-1.6638203,-1.8880703,-0.47208762,-0.74036556,0.25361907,0.6225242,0
0.55892634,4.6597495,-1.1383471,0.30998048,0.95056099,-0.018604219,0
-1.0875962,-0.51864493,-1.261817,-0.59646547,0.1791963,-0.78237951,0
-0.85065091,-2.1025369,-1.1138853,0.74036556,-0.25361907,-0.6225242,0
0.042669326,-1.1618733,-0.022840858,0.74036556,-0.25361907,-0.6225242,0
1.0291715,0.26971906,0.58906078,0.74036556,-0.25361907,-0.6225242,0
-2.2917757,-3.9833984,-0.51562119,-0.30998048,-0.95056099,0.018604219,0
-1.9049559,-2.6368983,-0.29555607,-0.74036556,0.25361907,0.6225242,0
0.57765484,-0.13207889,1.2192152,0.59646547,-0.1791963,0.78237951,0
-1.5189817,-4.1078901,-0.71045327,-0.30998048,-0.95056099,0.018604219,0
-0.54447985,-4.7394533,0.30224705,-0.30998048,-0.95056099,0.018604219,0
2.653193,3.8574362,0.85718679,0.30998048,0.95056099,-0.018604219,0
-2.279212,-2.2742517,-0.92824507,-0.59646547,0.1791963,-0.78237951,0
1.3256849,4.1520123,-0.67062616,0.30998048,0.95056099,-0.018604219,0
0.91354549,3.5858405,-1.1733127,0.74036556,-0.25361907,-0.6225242,0
1.014104,4.4576344,-1.4488988,0.30998048,0.95056099,-0.018604219,0
1.666033,1.3867452,0.76165485,0.74036556,-0.25361907,-0.6225242,0
0.55860728,0.26989102,1.5701845,0.59646547,-0.1791963,0.78237951,0
-1.089949,-1.5022897,0.0026804209,-0.74036556,0.25361907,0.6225242,0
1.2622188,2.7190955,1.3905197,0.59646547,-0.1791963,0.78237951,0
-0.12425063,-2.8084321,1.3985202,0.59646547,-0.1791963,0.78237951,0
-1.6238112,-3.5604851,-1.4776139,0.74036556,-0.25361907,-0.6225242,0
2.0091977,4.0617657,0.84358048,0.30998048,0.95056099,-0.018604219,0
-1.9153553,-4.0249233,0.25165462,-0.30998048,-0.95056099,0.018604219,0
-0.45716077,2.3516083,-0.9815805,-0.59646547,0.1791963,-0.78237951,0
2.0293462,3.3039057,0.89723206,0.59646547,-0.1791963,0.78237951,0
1.627398,2.6344376,0.27717733,0.74036556,-0.25361907,-0.6225242,0
1.2051257,1.5818141,1.1784475,0.59646547,-0.1791963,0.78237951,0
0.43312812,2.831331,0.39948583,-0.74036556,0.25361907,0.6225242,0
0.84544563,-0.38627243,1.0852221,0.59646547,-0.1791963,0.78237951,0
0.94547945,-1.3270378,0.92539018,0.59646547,-0.1791963,0.78237951,0
-1.5244635,-4.4476376,-0.87568116,-0.30998048,-0.95056099,0.018604219,0
-1.260036,-0.21515301,-0.999762,-0.59646547,0.1791963,-0.78237951,0
-1.9780655,-3.2425265,-1.1956382,-0.59646547,0.1791963,-0.78237951,0
0.40707517,3.8659658,-0.25193,-0.74036556,0.25361907,0.6225242,0
0.61622345,3.5976272,-1.4491682,-0.59646547,0.1791963,-0.78237951,0
-1.7576035,-4.2090454,-0.61734843,-0.30998048,-0.95056099,0.018604219,0
-1.4250978,-4.0689631,-0.23782873,-0.30998048,-0.95056099,0.018604219,0
-0.51694906,-0.1617189,-1.3358965,0.74036556,-0.25361907,-0.6225242,0
-2.3839281,-3.9357307,-0.78320312,-0.59646547,0.1791963,-0.78237951,0
0.79350829,-0.74755222,1.3855749,0.59646547,-0.1791963,0.78237951,0
0.59076232,0.49359146,-0.10907435,0.74036556,-0.25361907,-0.6225242,0
-1.809701,-3.4347613,-1.2724743,-0.59646547,0.1791963,-0.78237951,0
0.15923589,-3.69031,0.76416969,0.59646547,-0.1791963,0.78237951,0
0.34827164,2.7829373,-1.2275469,0.74036556,-0.25361907,-0.6225242,0
0.63719821,1.1248591,1.3030679,-0.74036556,0.25361907,0.6225242,0
1.8842844,2.0953143,0.99785531,0.59646547,-0.1791963,0.78237951,0
-1.7741348,-4.3476691,-0.78767705,-0.30998048,-0.95056099,0.018604219,0
-1.7259732,-4.0115814,0.42023802,-0.30998048,-0.95056099,0.018604219,0
-1.1261855,-4.2167497,-0.23107862,-0.30998048,-0.95056099,0.018604219,0
-2.5622587,-3.7128692,-0.88265967,-0.59646547,0.1791963,-0.78237951,0
-0.56387818,-3.4959116,1.453342,0.59646547,-0.1791963,0.78237951,0
1.0538763,3.9244716,0.56594515,-0.74036556,0.25361907,0.6225242,0
0.67612273,0.73621297,-0.49932814,0.74036556,-0.25361907,-0.6225242,0
0.026811153,-0.022791862,-0.6916461,0.74036556,-0.25361907,-0.6225242,0
1.4291657,4.3072491,0.49119759,0.30998048,0.95056099,-0.018604219,0
-0.79281682,1.3878057,-0.77650541,-0.74036556,0.25361907,0.6225242,0
1.895123,4.2611947,0.30856657,0.30998048,0.95056099,-0.018604219,0
-0.17100793,-1.5389284,-0.15721965,0.74036556,-0.25361907,-0.6225242,0
0.16491374,3.1393132,-1.0961444,-0.59646547,0.1791963,-0.78237951,0
-0.89636534,-4.3777361,0.501472,-0.30998048,-0.95056099,0.018604219,0
1.3156159,-0.0072281882,0.68110585,0.74036556,-0.25361907,-0.6225242,0
-1.2018145,-0.43384311,-1.0470029,-0.59646547,0.1791963,-0.78237951,0
-0.39611918,2.4784169,-1.0850431,-0.59646547,0.1791963,-0.78237951,0
1.8496745,4.1933537,0.50170279,0.30998048,0.95056099,-0.018604219,0
0.63516486,3.5964282,0.37940454,-0.74036556,0.25361907,0.6225242,0
0.90328586,-0.75089002,0.28896761,0.74036556,-0.25361907,-0.6225242,0
-0.7795763,0.98966336,-0.36041513,-0.74036556,0.25361907,0.6225242,0
-2.3445272,-3.8605146,-0.86649084,-0.59646547,0.1791963,-0.78237951,0
-1.6672794,-4.3154697,-0.84955597,-0.30998048,-0.95056099,0.018604219,0
-0.32021135,2.4760351,-0.95392978,-0.59646547,0.1791963,-0.78237951,0
0.70583212,4.4655299,-0.063298702,-0.74036556,0.25361907,0.6225242,0
1.1964549,1.9892082,1.3185287,0.59646547,-0.1791963,0.78237951,0
0.90992141,-0.48149213,1.0552163,0.59646547,-0.1791963,0.78237951,0
-0.13801304,-1.8627472,1.19978,-0.74036556,0.25361907,0.6225242,0
-0.28252551,3.125911,-0.85705042,-0.59646547,0.1791963,-0.78237951,0
-1.4641972,-2.9546561,-1.0660412,0.74036556,-0.25361907,-0.6225242,0
0.12717479,0.97939742,0.83504772,-0.74036556,0.25361907,0.6225242,0
-0.0027228575,2.5406487,-1.181674,-0.59646547,0.1791963,-0.78237951,0
-1.0132508,-4.3115182,-0.3761735,-0.30998048,-0.95056099,0.018604219,0
-0.92933822,-4.5741944,0.12205601,-0.30998048,-0.95056099,0.018604219,0
-0.90419817,-3.5351591,-0.56172514,0.74036556,-0.25361907,-0.6225242,0
0.092171252,-0.31011277,-0.47223055,0.74036556,-0.25361907,-0.6225242,0
-0.99490035,-4.3873467,1.2121515,-0.30998048,-0.95056099,0.018604219,0
-0.67138201,-3.2989874,1.6569238,0.59646547,-0.1791963,0.78237951,0
-0.2735005,-1.0400496,-0.47907192,0.74036556,-0.25361907,-0.6225242,0
2.1804347,3.9803839,0.93832898,0.30998048,0.95056099,-0.018604219,0
0.86587048,4.3085814,-0.11352634,-0.74036556,0.25361907,0.6225242,0
-0.46601856,-0.52140725,-1.2487442,0.74036556,-0.25361907,-0.6225242,0
-0.34522834,2.1425905,-1.0989689,-0.59646547,0.1791963,-0.78237951,0
0.69512445,-1.2458735,0.73696661,0.74036556,-0.25361907,-0.6225242,0
1.7353872,4.2753763,-0.068721294,0.30998048,0.95056099,-0.018604219,0
-0.45190501,-0.56507313,0.55088556,-0.74036556,0.25361907,0.6225242,0
-1.5907766,-3.3489342,-1.4606154,-0.59646547,0.1791963,-0.78237951,0
-0.98967594,-4.2536731,1.4071174,-0.30998048,-0.95056099,0.018604219,0
0.15383787,3.2940323,-1.5352416,-0.59646547,0.1791963,-0.78237951,0
-0.72090137,-4.553216,0.9762392,-0.30998048,-0.95056099,0.018604219,0
-0.66238511,-4.6667304,0.48058558,-0.30998048,-0.95056099,0.018604219,0
-2.3532135,-2.8501763,-0.85834455,-0.59646547,0.1791963,-0.78237951,0
0.38608843,3.3848581,-0.16033888,-0.74036556,0.25361907,0.6225242,0
-0.66092682,-4.2198877,1.6578586,0.59646547,-0.1791963,0.78237951,0
-1.6344332,-4.3478765,-0.65319157,-0.30998048,-0.95056099,0.018604219,0
-1.0607426,-0.3901124,-1.2979002,-0.59646547,0.1791963,-0.78237951,0
-0.33339655,-0.61871445,-0.85578012,0.74036556,-0.25361907,-0.6225242,0
-0.0521954,0.61656845,-0.91103882,0.74036556,-0.25361907,-0.6225242,0
1.3250169,4.3054657,0.094218731,0.30998048,0.95056099,-0.018604219,0
-0.72533113,-2.6163964,-0.48887563,0.74036556,-0.25361907,-0.6225242,0
-0.17557003,3.6216993,-1.0682328,-0.59646547,0.1791963,-0.78237951,0
0.27381134,1.3192357,-1.1770887,0.74036556,-0.25361907,-0.6225242,0
1.2131307,2.5677133,-0.21056604,0.74036556,-0.25361907,-0.6225242,0
0.62109721,-1.168902,0.66540021,0.74036556,-0.25361907,-0.6225242,0
0.58033389,0.48778731,-0.42531747,0.74036556,-0.25361907,-0.6225242,0
0.5001418,-3.1496544,0.99703765,0.59646547,-0.1791963,0.78237951,0
0.41258562,4.7083559,-0.56741381,0.30998048,0.95056099,-0.018604219,0
-1.1635778,-1.363214,-1.4000804,-0.59646547,0.1791963,-0.78237951,0
-2.1308205,-3.9535568,-1.0926435,-0.30998048,-0.95056099,0.018604219,0
-0.54531854,-1.3177996,0.64234447,-0.74036556,0.25361907,0.6225242,0
2.3397007,3.7376235,0.99631143,0.59646547,-0.1791963,0.78237951,0
-1.1531403,0.18511188,-1.1101792,-0.59646547,0.1791963,-0.78237951,0
1.0655832,0.075193644,0.95478368,0.59646547,-0.1791963,0.78237951,0
-2.3653154,-3.9365325,-1.0143807,-0.30998048,-0.95056099,0.018604219,0
1.3127856,4.3165107,-0.7565608,0.30998048,0.95056099,-0.018604219,0
0.47364029,-0.923159,-0.14583859,0.74036556,-0.25361907,-0.6225242,0
1.1703579,0.11749589,1.2289599,0.59646547,-0.1791963,0.78237951,0
-2.2021556,-4.0064511,-0.631989,-0.30998048,-0.95056099,0.018604219,0
0.46474028,-0.29555285,1.7352583,0.59646547,-0.1791963,0.78237951,0
-1.6665332,-2.9957302,-1.3960834,-0.59646547,0.1791963,-0.78237951,0
1.999855,1.8206385,0.75523639,0.59646547,-0.1791963,0.78237951,0
1.1680508,4.4208956,-0.28224707,0.30998048,0.95056099,-0.018604219,0
-0.70704359,0.4441635,-1.1515058,-0.59646547,0.1791963,-0.78237951,0
-2.0428708,-1.7323055,-0.65112758,-0.59646547,0.1791963,-0.78237951,0
-2.0638185,-3.5054994,-0.10003948,-0.74036556,0.25361907,0.6225242,0
1.4106486,4.3381901,-0.24047995,0.30998048,0.95056099,-0.018604219,0
-1.0035181,-4.5967407,0.92851305,-0.30998048,-0.95056099,0.018604219,0
1.0712733,4.5445161,-0.60215998,0.30998048,0.95056099,-0.018604219,0
2.2488236,3.4782507,0.96154952,0.59646547,-0.1791963,0.78237951,0
-0.24532256,1.6787148,-1.5475445,-0.59646547,0.1791963,-0.78237951,0
-0.81591302,-0.18971634,-1.3481207,-0.59646547,0.1791963,-0.78237951,0
1.9963722,4.0555916,0.72078061,0.30998048,0.95056099,-0.018604219,0
0.149358,-3.2613721,1.2351215,0.59646547,-0.1791963,0.78237951,0
-0.91901541,-4.2591372,1.3968134,0.59646547,-0.1791963,0.78237951,0
1.7312708,3.8657391,-0.20450592,0.74036556,-0.25361907,-0.6225242,0
0.093990356,-1.4433501,1.4359653,-0.74036556,0.25361907,0.6225242,0
-2.058908,-3.2537038,-0.14407992,-0.74036556,0.25361907,0.6225242,0
-1.5145782,-4.2847748,-0.64792919,-0.30998048,-0.95056099,0.018604219,0
1.2423201,-0.89053732,0.99783641,0.59646547,-0.1791963,0.78237951,0
-1.0455281,-0.26187244,-0.2734291,-0.74036556,0.25361907,0.6225242,0
-1.7483495,-4.2137127,-1.2041028,-0.30998048,-0.95056099,0.018604219,0
-1.0408416,-2.2871969,0.31453276,-0.74036556,0.25361907,0.6225242,0
-1.4531054,-4.0596585,0.69346619,-0.30998048,-0.95056099,0.018604219,0
1.9367554,4.1842017,0.19785929,0.30998048,0.95056099,-0.018604219,0
1.515336,4.4058523,-0.10085964,0.30998048,0.95056099,-0.018604219,0
1.7294328,4.3074489,-0.30232668,0.30998048,0.95056099,-0.018604219,0
-1.1894469,-0.92364061,-1.2343988,-0.59646547,0.1791963,-0.78237951,0
-1.8464907,-4.0068216,-1.005517,-0.30998048,-0.95056099,0.018604219,0
1.139578,4.3371749,0.38175678,0.30998048,0.95056099,-0.018604219,0
-0.25924188,-4.5782862,0.92903686,-0.30998048,-0.95056099,0.018604219,0
-1.5332336,-3.5183487,0.56087613,-0.74036556,0.25361907,0.6225242,0
-1.7808874,-2.5969481,-0.91217804,-0.59646547,0.1791963,-0.78237951,0
1.7578292,2.0984125,0.64691401,0.74036556,-0.25361907,-0.6225242,0
-2.4094243,-3.0165751,-0.89272189,-0.59646547,0.1791963,-0.78237951,0
-0.56190604,-0.20374814,0.11010548,-0.74036556,0.25361907,0.6225242,0
0.90279269,4.4349704,-0.24680758,0.30998048,0.95056099,-0.018604219,0
-1.1076107,-4.485177,1.4626751,-0.30998048,-0.95056099,0.018604219,0
-0.034834474,-2.5366325,0.46875882,0.74036556,-0.25361907,-0.6225242,0
-0.56208491,1.2560793,-1.4438214,-0.59646547,0.1791963,-0.78237951,0
-1.3190786,-1.2345442,-1.3310517,-0.59646547,0.1791963,-0.78237951,0
-1.4035784,-4.4821148,0.20829248,-0.30998048,-0.95056099,0.018604219,0
0.76610863,4.341064,0.063632965,0.30998048,0.95056099,-0.018604219,0
0.13045299,-0.64484107,-0.49515948,0.74036556,-0.25361907,-0.6225242,0
-0.60547769,-2.6578155,-0.44930291,0.74036556,-0.25361907,-0.6225242,0
-2.197402,-3.8609245,-0.64645624,-0.30998048,-0.95056099,0.018604219,0
0.052409917,-1.7143506,1.5638852,0.59646547,-0.1791963,0.78237951,0
1.4769493,4.1708131,0.50434923,0.30998048,0.95056099,-0.018604219,0
1.6072049,2.3963609,0.40531945,0.74036556,-0.25361907,-0.6225242,0
-2.5844884,-3.7221081,-0.90260863,-0.59646547,0.1791963,-0.78237951,0
-0.82080883,-0.77255857,0.24814558,-0.74036556,0.25361907,0.6225242,0
-0.69439667,-3.0388026,1.2537525,-0.74036556,0.25361907,0.6225242,0
0.79445881,4.3543758,-0.66296577,0.30998048,0.95056099,-0.018604219,0
0.061852247,0.26782256,-1.014796,0.74036556,-0.25361907,-0.6225242,0
2.0775375,3.0207169,1.2793806,0.59646547,-0.1791963,0.78237951,0
-1.0214708,-4.261548,0.32716179,-0.30998048,-0.95056099,0.018604219,0
1.8517526,3.2355578,0.37263703,0.74036556,-0.25361907,-0.6225242,0
1.4269197,4.2080145,0.4078238,0.30998048,0.95056099,-0.018604219,0
-0.078112125,-3.5379152,1.1595356,0.59646547,-0.1791963,0.78237951,0
-1.5557605,-2.8892767,-1.6407366,-0.59646547,0.1791963,-0.78237951,0
0.70232224,-0.72539628,1.2663537,0.59646547,-0.1791963,0.78237951,0
0.37913263,0.81371778,1.0576364,-0.74036556,0.25361907,0.6225242,0
1.5700376,3.9788315,-0.39974689,0.74036556,-0.25361907,-0.6225242,0
1.7284741,4.0153685,0.82071877,0.30998048,0.95056099,-0.018604219,0
-2.1068277,-3.6477876,-0.44461155,-0.74036556,0.25361907,0.6225242,0
-2.0500209,-3.9517961,-0.49487782,-0.30998048,-0.95056099,0.018604219,0
-1.5785072,-4.2792263,0.59147358,-0.30998048,-0.95056099,0.018604219,0
1.5435784,2.6153903,1.4973147,0.59646547,-0.1791963,0.78237951,0
0.59973001,-1.8522966,1.2664242,0.59646547,-0.1791963,0.78237951,0
2.4136605,3.7763703,1.1132667,0.59646547,-0.1791963,0.78237951,0
0.78708726,4.568749,-1.1459956,0.30998048,0.95056099,-0.018604219,0
0.92077994,4.5107136,-0.0029006004,0.30998048,0.95056099,-0.018604219,0
-1.1165171,-4.4512367,0.12138414,-0.30998048,-0.95056099,0.018604219,0
0.55732512,3.3617852,0.059110165,-0.74036556,0.25361907,0.6225242,0
-1.6867229,-3.3954232,-1.1792722,-0.59646547,0.1791963,-0.78237951,0
1.6641545,0.80915791,0.85097295,0.59646547,-0.1791963,0.78237951,0
0.61710781,3.0074403,-1.1279614,0.74036556,-0.25361907,-0.6225242,0
-1.3671402,-0.020458177,-0.81290776,-0.74036556,0.25361907,0.6225242,0
0.9937973,0.38185689,0.45581067,0.74036556,-0.25361907,-0.6225242,0
1.7897356,2.8038633,0.32836914,0.74036556,-0.25361907,-0.6225242,0
-0.70265251,1.9741728,-1.1417305,-0.59646547,0.1791963,-0.78237951,0
-2.1170635,-3.2497895,-0.22884655,-0.74036556,0.25361907,0.6225242,0
-1.3540823,-4.1620774,0.69843006,-0.30998048,-0.95056099,0.018604219,0
-0.065021813,3.8445032,-0.8479135,-0.59646547,0.1791963,-0.78237951,0
1.0934029,4.4051328,0.12464523,0.30998048,0.95056099,-0.018604219,0
-0.57340288,2.0303504,-1.0838375,-0.59646547,0.1791963,-0.78237951,0
1.1529075,4.325119,0.17412806,0.30998048,0.95056099,-0.018604219,0
0.14067703,2.4147811,0.24195218,-0.74036556,0.25361907,0.6225242,0
-1.3004774,-4.4563842,-0.83558774,0.74036556,-0.25361907,-0.6225242,0
1.8110651,4.2424636,0.12925768,0.30998048,0.95056099,-0.018604219,0
-1.9434853,-4.1719232,0.32133961,-0.30998048,-0.95056099,0.018604219,0
0.27020156,2.0060925,-1.5897826,0.74036556,-0.25361907,-0.6225242,0
2.1674697,4.1770468,0.29566288,0.30998048,0.95056099,-0.018604219,0
2.1006181,4.0858231,0.75361967,0.30998048,0.95056099,-0.018604219,0
2.2265816,3.0327859,1.1026239,0.59646547,-0.1791963,0.78237951,0
1.49177,4.0688987,-0.58234739,0.30998048,0.95056099,-0.018604219,0
-0.98723662,-3.656862,-0.80057931,0.74036556,-0.25361907,-0.6225242,0
-1.4897612,-1.6792626,-1.3771904,-0.59646547,0.1791963,-0.78237951,0
0.8518132,4.521533,-0.10757923,0.30998048,0.95056099,-0.018604219,0
-1.1588473,-0.41107076,-1.2748318,-0.59646547,0.1791963,-0.78237951,0
-0.051391065,-1.6542611,-0.13194633,0.74036556,-0.25361907,-0.6225242,0
1.0620725,4.3165312,-0.35246944,0.30998048,0.95056099,-0.018604219,0
-2.0019865,-3.0669942,-0.46563435,-0.74036556,0.25361907,0.6225242,0
-0.2514272,-4.3320827,1.3181136,0.59646547,-0.1791963,0.78237951,0
1.237597,0.033202469,1.1483241,0.59646547,-0.1791963,0.78237951,0
-1.5575794,-4.417521,-0.60724068,-0.30998048,-0.95056099,0.018604219,0
1.4740739,1.568488,0.18860114,0.74036556,-0.25361907,-0.6225242,0
-2.0199471,-2.5128121,-1.1139123,-0.59646547,0.1791963,-0.78237951,0
-1.9093598,-4.2724247,-0.51833487,-0.30998048,-0.95056099,0.018604219,0
0.1595532,3.0643239,-1.5366614,-0.59646547,0.1791963,-0.78237951,0
0.31481862,4.4188375,-0.42714834,0.30998048,0.95056099,-0.018604219,0
-0.11749303,-1.76405,1.4526272,-0.74036556,0.25361907,0.6225242,0
-0.75452268,-4.6439066,1.3115726,-0.30998048,-0.95056099,0.018604219,0
-0.39162272,-4.4817772,0.85448456,-0.30998048,-0.95056099,0.018604219,0
-0.88499361,-0.60261685,-1.2338552,-0.59646547,0.1791963,-0.78237951,0
-0.36268008,-4.42132,1.1291537,0.59646547,-0.1791963,0.78237951,0
-1.2127593,-4.3225718,0.77668524,-0.30998048,-0.95056099,0.018604219,0
-1.4084657,-4.2774239,-0.19562864,-0.30998048,-0.95056099,0.018604219,0
1.2851009,4.1000862,-0.53820419,0.30998048,0.95056099,-0.018604219,0
-0.60060906,-4.585959,0.84773016,-0.30998048,-0.95056099,0.018604219,0
-1.86772,-3.8917983,-1.3403325,-0.59646547,0.1791963,-0.78237951,0
-0.79718083,-4.4849386,0.88989687,-0.30998048,-0.95056099,0.018604219,0
0.43305451,4.676796,-0.98773193,0.30998048,0.95056099,-0.018604219,0
2.1191902,3.9002628,0.92367506,0.30998048,0.95056099,-0.018604219,0
-1.252817,-1.5024927,-1.345336,-0.59646547,0.1791963,-0.78237951,0
-0.96577537,1.1632628,-1.1462299,-0.59646547,0.1791963,-0.78237951,0
2.1287997,3.9901104,1.1444814,0.30998048,0.95056099,-0.018604219,0
0.34716216,-2.5600002,1.0247442,0.59646547,-0.1791963,0.78237951,0
-0.79328406,-2.5183375,-0.72285688,0.74036556,-0.25361907,-0.6225242,0
-0.59330034,-4.4676933,0.25391722,-0.30998048,-0.95056099,0.018604219,0
0.4004001,2.9438837,-1.4676306,-0.59646547,0.1791963,-0.78237951,0
1.7544357,4.0319061,0.60814285,0.30998048,0.95056099,-0.018604219,0
1.2024741,4.288528,-0.9373908,0.30998048,0.95056099,-0.018604219,0
-0.19770184,-3.7219958,1.0830522,0.59646547,-0.1791963,0.78237951,0
2.1933584,3.6272945,0.55472922,0.74036556,-0.25361907,-0.6225242,0
1.7163668,1.4192908,1.0292536,0.59646547,-0.1791963,0.78237951,0
-0.050087065,2.136579,-0.10327017,-0.74036556,0.25361907,0.6225242,0
-0.017738819,2.2804241,-1.2892317,-0.59646547,0.1791963,-0.78237951,0
1.5336254,4.0822749,-0.14479685,0.30998048,0.95056099,-0.018604219,0
-0.79688406,-4.5024414,1.0061889,-0.30998048,-0.95056099,0.018604219,0
1.2889708,4.3092012,-0.015141964,0.30998048,0.95056099,-0.018604219,0
0.19227107,-2.884985,1.2915583,0.59646547,-0.1791963,0.78237951,0
-0.60681021,-2.7039542,1.2452703,-0.74036556,0.25361907,0.6225242,0
-0.6315425,-4.418519,0.6882515,-0.30998048,-0.95056099,0.018604219,0
-0.74281394,-4.3472481,0.11814547,-0.30998048,-0.95056099,0.018604219,0
-1.8708501,-1.6391008,-1.0322703,-0.74036556,0.25361907,0.6225242,0
0.65042269,-0.010280177,-0.037863582,0.74036556,-0.25361907,-0.6225242,0
0.55745834,-1.7591374,1.1386508,0.59646547,-0.1791963,0.78237951,0
1.4415801,3.1121347,-0.25727582,0.74036556,-0.25361907,-0.6225242,0
-1.2236831,-4.1139131,0.6446929,-0.30998048,-0.95056099,0.018604219,0
2.0969155,4.1664238,1.1355715,0.59646547,-0.1791963,0.78237951,0
0.33082011,-1.876501,0.13135302,0.74036556,-0.25361907,-0.6225242,0
1.0217655,-0.50432855,0.65204573,0.74036556,-0.25361907,-0.6225242,0
1.4479952,-0.22530067,0.7650466,0.59646547,-0.1791963,0.78237951,0
0.14172563,-3.1301734,1.0627851,0.59646547,-0.1791963,0.78237951,0
-1.8319105,-4.055295,-1.0889351,-0.30998048,-0.95056099,0.018604219,0
-0.28426096,-3.9559977,1.091356,0.59646547,-0.1791963,0.78237951,0
1.8026903,3.5570681,0.0087666512,0.74036556,-0.25361907,-0.6225242,0
-1.6548769,-1.0314133,-0.70654738,-0.74036556,0.25361907,0.6225242,0
-1.8419118,-3.0928371,-1.2484653,-0.59646547,0.1791963,-0.78237951,0
-0.46566397,-0.72233707,-1.0129263,0.74036556,-0.25361907,-0.6225242,0
1.363884,0.27381676,0.78153217,0.59646547,-0.1791963,0.78237951,0
0.83672512,2.6161909,0.86924684,-0.74036556,0.25361907,0.6225242,0
-0.32174784,-3.8190699,0.1466918,0.74036556,-0.25361907,-0.6225242,0
1.7329181,4.2280345,0.48586512,0.30998048,0.95056099,-0.018604219,0
2.0943379,4.2481451,1.0651431,0.30998048,0.95056099,-0.018604219,0
-1.6547996,-4.2240739,-0.81032038,-0.30998048,-0.95056099,0.018604219,0
-0.29353821,2.2685156,-1.2724464,-0.59646547,0.1791963,-0.78237951,0
-1.9618629,-1.3204056,-0.93568408,-0.59646547,0.1791963,-0.78237951,0
2.0410681,3.9489598,0.69693756,0.30998048,0.95056099,-0.018604219,0
1.2716361,4.2196541,0.51919317,0.30998048,0.95056099,-0.018604219,0
0.14624411,4.7237368,-0.97458649,0.30998048,0.95056099,-0.018604219,0
1.8740419,3.8211451,1.2354801,0.59646547,-0.1791963,0.78237951,0
1.226074,4.2338572,-1.1193523,0.30998048,0.95056099,-0.018604219,0
0.7826407,-0.95210201,0.23017612,0.74036556,-0.25361907,-0.6225242,0
-0.66971833,2.2459033,-1.1468318,-0.59646547,0.1791963,-0.78237951,0
-0.20686308,2.8906922,-0.60515928,-0.74036556,0.25361907,0.6225242,0
1.0809519,0.77518249,1.0919411,0.59646547,-0.1791963,0.78237951,0
0.33968085,-0.16984648,1.5252799,0.59646547,-0.1791963,0.78237951,0
0.83076441,-0.39396921,1.2301373,0.59646547,-0.1791963,0.78237951,0
0.0088768601,2.2725303,-0.23483968,-0.74036556,0.25361907,0.6225242,0
0.12754513,2.3393407,-1.2934316,-0.59646547,0.1791963,-0.78237951,0
-0.28241932,2.3229446,-0.92531741,-0.59646547,0.1791963,-0.78237951,0
-2.024286,-3.838995,0.027172565,-0.74036556,0.25361907,0.6225242,0
0.51931357,-1.1316929,1.044771,0.59646547,-0.1791963,0.78237951,0
2.4019451,4.0294123,1.2229905,0.59646547,-0.1791963,0.78237951,0
-0.5625993,1.3910414,-1.2771127,-0.59646547,0.1791963,-0.78237951,0
2.4050484,4.1167707,0.81247807,0.30998048,0.95056099,-0.018604219,0
1.1700983,4.5323968,-0.80833197,0.30998048,0.95056099,-0.018604219,0
-1.5000031,-1.0101645,-0.90218812,-0.59646547,0.1791963,-0.78237951,0
1.9251238,2.5572202,0.98385167,0.59646547,-0.1791963,0.78237951,0
-1.1649668,-0.36529785,-1.3199677,-0.59646547,0.1791963,-0.78237951,0
-0.31835276,-3.9467094,0.10991454,0.74036556,-0.25361907,-0.6225242,0
1.0707669,3.0371437,-0.77169037,0.74036556,-0.25361907,-0.6225242,0
-2.2019181,-3.7879038,-1.0452037,-0.59646547,0.1791963,-0.78237951,0
0.14080602,3.4318833,-1.1738904,-0.59646547,0.1791963,-0.78237951,0
-0.20687389,-3.1155813,0.47838163,0.74036556,-0.25361907,-0.6225242,0
0.94744009,4.5155077,-1.1185651,0.30998048,0.95056099,-0.018604219,0
1.1864947,-0.62468934,0.65647715,0.59646547,-0.1791963,0.78237951,0
0.14351153,-1.0941314,1.466646,0.59646547,-0.1791963,0.78237951,0
-1.592109,-0.45580277,-0.79368949,-0.74036556,0.25361907,0.6225242,0
1.0179391,-0.23498932,1.074526,0.59646547,-0.1791963,0.78237951,0
-1.1870209,-4.1829195,0.60583591,-0.30998048,-0.95056099,0.018604219,0
-0.74220544,-4.360568,0.61234331,-0.30998048,-0.95056099,0.018604219,0
0.97565591,4.2649441,-1.0681634,0.30998048,0.95056099,-0.018604219,0
-2.0842915,-2.7184076,-1.1928196,-0.59646547,0.1791963,-0.78237951,0
-2.0905252,-4.0178289,-0.060513973,-0.30998048,-0.95056099,0.018604219,0
1.977916,2.726001,0.12413955,0.74036556,-0.25361907,-0.6225242,0
-0.0031949282,-1.1116283,-0.42139995,0.74036556,-0.25361907,-0.6225242,0
-1.6865213,-3.9955049,-0.020882607,-0.30998048,-0.95056099,0.018604219,0
0.92167962,-0.93365431,1.0628371,0.59646547,-0.1791963,0.78237951,0
0.45110497,4.5806274,-1.2659183,0.30998048,0.95056099,-0.018604219,0
2.4116774,4.0550132,0.55268574,0.30998048,0.95056099,-0.018604219,0
0.86986172,4.607748,-0.20580149,0.30998048,0.95056099,-0.018604219,0
1.648155,4.2736521,0.2404089,0.30998048,0.95056099,-0.018604219,0
-1.0872526,-1.1602734,-1.2522955,-0.59646547,0.1791963,-0.78237951,0
0.81352437,4.315515,-1.4872551,-0.59646547,0.1791963,-0.78237951,0
