-2.5943332,1.5728884,1.6336844,-0.78253883,0.24008691,0.57444859,0
-2.4910283,-0.58290976,2.0786448,-0.010830879,-0.92776805,0.37300009,0
2.7039204,-0.76607561,-2.3602085,0.78253883,-0.24008691,-0.57444859,0
-0.96974969,-0.92572582,1.3095785,-0.010830879,-0.92776805,0.37300009,0
-2.5446284,0.26287961,2.2666702,-0.78253883,0.24008691,0.57444859,0
-2.1094284,1.8868548,0.57369924,0.010830879,0.92776805,-0.37300009,0
-1.4735755,1.2561457,0.21313262,-0.62250751,-0.28566527,-0.72861493,0
0.60383534,-0.1862396,-1.3181344,-0.62250751,-0.28566527,-0.72861493,0
0.010408044,1.5783489,-0.17737973,0.010830879,0.92776805,-0.37300009,0
-2.3016517,1.5659199,1.8800538,0.62250751,0.28566527,0.72861493,0
2.5035288,-2.207859,-1.6208446,-0.010830879,-0.92776805,0.37300009,0
2.3916187,-2.0700243,-1.2159662,-0.010830879,-0.92776805,0.37300009,0
2.5778508,-0.99830568,-2.15465,0.78253883,-0.24008691,-0.57444859,0
2.5129437,-2.049083,-1.5206597,0.78253883,-0.24008691,-0.57444859,0
-0.6006031,-0.96218616,1.4709001,-0.010830879,-0.92776805,0.37300009,0
-3.2002387,0.46895716,1.6857927,-0.78253883,0.24008691,0.57444859,0
-3.1124187,-0.32561651,2.3133955,-0.78253883,0.24008691,0.57444859,0
2.7060919,-1.7614439,-1.573832,0.78253883,-0.24008691,-0.57444859,0
-2.6133194,0.39038026,2.3502254,-0.78253883,0.24008691,0.57444859,0
0.34040248,-1.8401191,-0.17488733,-0.010830879,-0.92776805,0.37300009,0
-2.8552208,-0.72251284,2.5256321,-0.78253883,0.24008691,0.57444859,0
-0.77444583,1.5558448,-0.48509371,0.010830879,0.92776805,-0.37300009,0
0.70284402,-1.0678053,0.73629844,0.62250751,0.28566527,0.72861493,0
-0.17806524,-0.36472595,1.163492,0.62250751,0.28566527,0.72861493,0
-2.3342485,2.0057514,1.0062666,0.010830879,0.92776805,-0.37300009,0
2.6298921,-0.67064619,-1.8886704,0.78253883,-0.24008691,-0.57444859,0
2.2812738,0.62536973,-2.8007805,0.010830879,0.92776805,-0.37300009,0
-1.6448363,-0.60398459,2.2899733,-0.010830879,-0.92776805,0.37300009,0
-2.6591082,2.3105779,1.6240461,0.010830879,0.92776805,-0.37300009,0
2.5419829,-1.3107975,-1.9573095,0.78253883,-0.24008691,-0.57444859,0
2.5548642,-1.9497876,-1.6560931,0.78253883,-0.24008691,-0.57444859,0
-2.7324758,-0.66083783,2.3421285,-0.010830879,-0.92776805,0.37300009,0
-2.5591621,-0.023479939,2.7741847,-0.78253883,0.24008691,0.57444859,0
2.6029315,0.14293224,-2.3902771,0.78253883,-0.24008691,-0.57444859,0
1.2143223,0.15440571,-2.001271,-0.62250751,-0.28566527,-0.72861493,0
-3.1406331,2.1494508,1.2110243,-0.78253883,0.24008691,0.57444859,0
-2.9108186,1.5789896,1.1447165,-0.78253883,0.24008691,0.57444859,0
2.6964507,-1.1408502,-2.2113807,0.78253883,-0.24008691,-0.57444859,0
-2.5694046,-0.9099474,1.9703076,-0.010830879,-0.92776805,0.37300009,0
2.9236119,-0.50248599,-1.6935921,0.62250751,0.28566527,0.72861493,0
2.4739947,-0.24315357,-2.5785658,0.78253883,-0.24008691,-0.57444859,0
0.56639385,-1.4766628,0.67901367,-0.010830879,-0.92776805,0.37300009,0
0.92197394,-1.2820197,-1.098807,-0.62250751,-0.28566527,-0.72861493,0
-2.9736385,-0.70535016,2.0167985,-0.78253883,0.24008691,0.57444859,0
-1.0479698,1.747612,-0.066200554,0.010830879,0.92776805,-0.37300009,0
-1.2448664,1.8037314,0.84908915,0.010830879,0.92776805,-0.37300009,0
-2.7634382,-0.93143666,2.0572836,-0.010830879,-0.92776805,0.37300009,0
2.4327703,-1.026078,-2.3980985,0.78253883,-0.24008691,-0.57444859,0
0.20476007,-1.329307,0.32920146,-0.010830879,-0.92776805,0.37300009,0
-2.3485038,2.2960215,1.9369361,-0.78253883,0.24008691,0.57444859,0
2.0517859,-1.886337,-0.43540716,-0.010830879,-0.92776805,0.37300009,0
2.5932572,-0.79098737,-2.2206218,0.78253883,-0.24008691,-0.57444859,0
2.6153841,-1.0045432,-2.4002247,0.78253883,-0.24008691,-0.57444859,0
2.7039366,-0.97174793,-1.7498348,0.78253883,-0.24008691,-0.57444859,0
-2.03496,-0.52558678,1.4004605,-0.62250751,-0.28566527,-0.72861493,0
0.67121315,1.2351097,-1.2440823,0.010830879,0.92776805,-0.37300009,0
2.9641492,-1.7890449,-1.3435726,0.78253883,-0.24008691,-0.57444859,0
-2.7089829,2.0618937,0.83703423,-0.62250751,-0.28566527,-0.72861493,0
-2.0886509,0.94021142,2.325731,0.62250751,0.28566527,0.72861493,0
-0.25221658,-1.7113941,-0.012628973,-0.62250751,-0.28566527,-0.72861493,0
-0.47514281,0.37741596,-0.424739,-0.62250751,-0.28566527,-0.72861493,0
0.27386078,-0.6421923,-0.64314336,-0.62250751,-0.28566527,-0.72861493,0
3.1226695,-1.4903501,-1.200243,0.78253883,-0.24008691,-0.57444859,0
2.2214031,-0.67956209,-2.4861965,0.78253883,-0.24008691,-0.57444859,0
-2.5448284,0.70702028,1.303369,-0.62250751,-0.28566527,-0.72861493,0
-1.4126359,-0.90998054,1.5500247,-0.010830879,-0.92776805,0.37300009,0
-2.618392,-0.59792459,2.594121,-0.78253883,0.24008691,0.57444859,0
0.80297577,1.0231603,-0.39216274,0.62250751,0.28566527,0.72861493,0
-2.2731814,-0.4857043,2.4895043,-0.010830879,-0.92776805,0.37300009,0
-0.85807097,1.437255,-0.5866822,0.010830879,0.92776805,-0.37300009,0
-0.81933182,-0.55530739,1.7536323,0.62250751,0.28566527,0.72861493,0
0.55053246,-0.046531916,-0.95466942,-0.62250751,-0.28566527,-0.72861493,0
2.8099329,-2.3533423,-1.6169424,0.78253883,-0.24008691,-0.57444859,0
-0.55105329,1.6767399,0.61169285,0.62250751,0.28566527,0.72861493,0
-2.6041269,0.39777291,2.4424992,-0.78253883,0.24008691,0.57444859,0
-0.92718077,0.66049361,0.98144269,0.62250751,0.28566527,0.72861493,0
2.2860117,0.30789253,-1.5733395,0.62250751,0.28566527,0.72861493,0
-2.7430582,1.617708,1.2164819,-0.62250751,-0.28566527,-0.72861493,0
1.4622027,0.82852036,-1.9436142,0.010830879,0.92776805,-0.37300009,0
0.99593812,0.71578497,-2.0785861,-0.62250751,-0.28566527,-0.72861493,0
-2.287879,2.1350255,0.8581028,0.010830879,0.92776805,-0.37300009,0
-2.7107573,1.7018223,1.9464021,-0.78253883,0.24008691,0.57444859,0
-0.62698734,1.7304713,0.44147944,0.010830879,0.92776805,-0.37300009,0
-1.299476,-0.97661394,1.2993429,-0.010830879,-0.92776805,0.37300009,0
-2.8231628,-0.44317782,2.2755094,-0.78253883,0.24008691,0.57444859,0
-0.42498207,-0.98536479,1.0295982,-0.010830879,-0.92776805,0.37300009,0
-2.0117993,1.3715742,0.37043905,-0.62250751,-0.28566527,-0.72861493,0
1.787971,-1.9147377,-0.34231234,-0.010830879,-0.92776805,0.37300009,0
2.6311336,-0.87031257,-2.1699626,0.78253883,-0.24008691,-0.57444859,0
0.56184745,1.624472,-0.44404894,0.010830879,0.92776805,-0.37300009,0
-0.88787901,-0.73901212,1.7850105,-0.010830879,-0.92776805,0.37300009,0
2.4419389,0.42109951,-1.5904973,0.62250751,0.28566527,0.72861493,0
2.6547413,-2.1673303,-0.97558761,-0.010830879,-0.92776805,0.37300009,0
0.013659477,-1.2941184,0.82511985,-0.010830879,-0.92776805,0.37300009,0
-0.38469124,1.782392,0.48027265,0.010830879,0.92776805,-0.37300009,0
-2.6578424,-0.3422817,2.3916419,-0.78253883,0.24008691,0.57444859,0
-2.4294834,2.3461673,1.6532052,0.010830879,0.92776805,-0.37300009,0
0.59014976,1.4754046,-0.86637479,0.010830879,0.92776805,-0.37300009,0
-2.8908868,1.7245778,1.537816,-0.78253883,0.24008691,0.57444859,0
2.8407731,-1.3185163,-1.6637535,0.78253883,-0.24008691,-0.57444859,0
-1.0656365,-1.2210236,0.82683098,-0.010830879,-0.92776805,0.37300009,0
0.24746835,1.5613556,-0.43937051,0.010830879,0.92776805,-0.37300009,0
-0.30575407,1.461575,-0.54844713,0.010830879,0.92776805,-0.37300009,0
1.9553678,-1.9676481,-0.90651941,-0.010830879,-0.92776805,0.37300009,0
-1.5063481,-1.0935192,0.89257634,-0.010830879,-0.92776805,0.37300009,0
-0.55656898,-0.30592084,0.14935935,-0.62250751,-0.28566527,-0.72861493,0
-2.4752192,1.3574083,1.8854473,-0.78253883,0.24008691,0.57444859,0
2.6029961,-0.067928314,-2.2630739,0.78253883,-0.24008691,-0.57444859,0
2.622664,-0.89823472,-2.4449458,0.78253883,-0.24008691,-0.57444859,0
-2.9077554,0.33991832,1.7599804,-0.78253883,0.24008691,0.57444859,0
0.18430984,1.2821584,-0.46353775,0.010830879,0.92776805,-0.37300009,0
1.5373086,-1.9571705,-1.0872356,-0.010830879,-0.92776805,0.37300009,0
-2.7796094,0.37532878,2.3837004,-0.78253883,0.24008691,0.57444859,0
-2.6997871,1.8643914,1.7116177,-0.78253883,0.24008691,0.57444859,0
2.4240942,-1.0457994,-2.2557533,-0.62250751,-0.28566527,-0.72861493,0
-2.2285202,-0.87676334,1.9255865,-0.010830879,-0.92776805,0.37300009,0
-1.4581747,0.33630249,0.30013442,-0.62250751,-0.28566527,-0.72861493,0
1.0575207,-1.7005831,-0.91087854,-0.62250751,-0.28566527,-0.72861493,0
1.8724451,-0.19199252,-2.3609605,-0.62250751,-0.28566527,-0.72861493,0
0.71770251,1.4661793,-0.85489821,0.010830879,0.92776805,-0.37300009,0
0.50012684,-1.7361028,0.12580945,-0.010830879,-0.92776805,0.37300009,0
-2.896523,0.6449936,1.9421821,-0.78253883,0.24008691,0.57444859,0
-1.6307945,-1.1870239,1.0508826,-0.010830879,-0.92776805,0.37300009,0
2.371659,0.51354563,-2.9317148,0.010830879,0.92776805,-0.37300009,0
2.3151393,-1.6205627,-2.1450737,-0.62250751,-0.28566527,-0.72861493,0
-2.5104058,1.0660906,2.2222991,-0.78253883,0.24008691,0.57444859,0
3.0593731,-1.3334683,-1.4387283,0.78253883,-0.24008691,-0.57444859,0
-2.8645082,1.2570968,1.7263031,-0.78253883,0.24008691,0.57444859,0
2.6980488,0.23396116,-2.1674032,0.78253883,-0.24008691,-0.57444859,0
-2.8955238,0.37747401,2.0663452,-0.78253883,0.24008691,0.57444859,0
1.9683188,-1.7748618,-0.78880525,-0.010830879,-0.92776805,0.37300009,0
2.4478374,-0.27766049,-2.6145351,0.78253883,-0.24008691,-0.57444859,0
1.6846417,-1.7370005,0.026816249,-0.010830879,-0.92776805,0.37300009,0
0.62476969,-0.85741687,-0.76089656,-0.62250751,-0.28566527,-0.72861493,0
0.86492807,-0.8785547,-1.3484808,-0.62250751,-0.28566527,-0.72861493,0
-0.18179548,-1.2846799,-0.27141315,-0.62250751,-0.28566527,-0.72861493,0
0.069797039,1.3680108,-0.44172621,0.010830879,0.92776805,-0.37300009,0
2.9785376,-0.37888411,-1.5896294,0.78253883,-0.24008691,-0.57444859,0
1.4551669,0.46564633,-0.92318296,0.62250751,0.28566527,0.72861493,0
0.60467088,-0.27274996,-1.1543932,-0.62250751,-0.28566527,-0.72861493,0
0.35403657,0.76256239,-0.026515961,0.62250751,0.28566527,0.72861493,0
3.0087569,-0.29898176,-1.5246971,0.62250751,0.28566527,0.72861493,0
-0.17141843,0.79377043,-0.60286742,-0.62250751,-0.28566527,-0.72861493,0
-2.931407,0.85201883,1.5777903,-0.78253883,0.24008691,0.57444859,0
-2.3836739,-0.074522071,1.2754006,-0.62250751,-0.28566527,-0.72861493,0
2.140547,-1.9213426,-1.8541358,-0.62250751,-0.28566527,-0.72861493,0
-2.6120594,2.1315076,1.3509109,0.010830879,0.92776805,-0.37300009,0
2.9282744,-0.82787824,-1.6427879,0.78253883,-0.24008691,-0.57444859,0
1.180865,-1.1701238,-1.4881337,-0.62250751,-0.28566527,-0.72861493,0
-1.7932532,-0.77495444,2.1965005,-0.010830879,-0.92776805,0.37300009,0
0.91085386,-1.7762649,-0.56538439,-0.010830879,-0.92776805,0.37300009,0
2.9277449,-1.366137,-1.3291979,0.78253883,-0.24008691,-0.57444859,0
1.8237882,1.0062035,-1.564554,0.010830879,0.92776805,-0.37300009,0
-0.39833519,0.28068331,-0.27087986,-0.62250751,-0.28566527,-0.72861493,0
1.1156241,1.1659751,-1.5773051,0.010830879,0.92776805,-0.37300009,0
-2.7727165,0.11030763,1.9028814,-0.62250751,-0.28566527,-0.72861493,0
-2.8078861,-0.49507362,2.1925244,-0.010830879,-0.92776805,0.37300009,0
1.202921,1.3837227,-1.0768186,0.010830879,0.92776805,-0.37300009,0
0.46905351,1.3669677,-0.80750525,0.010830879,0.92776805,-0.37300009,0
2.7926018,-1.5278974,-1.8194907,0.78253883,-0.24008691,-0.57444859,0
-2.6517541,0.45374334,2.3147438,-0.78253883,0.24008691,0.57444859,0
-0.48594788,0.72624278,-0.39287615,-0.62250751,-0.28566527,-0.72861493,0
2.5830693,-0.8064962,-1.9738047,0.78253883,-0.24008691,-0.57444859,0
2.6985896,-0.25480759,-2.115808,0.78253883,-0.24008691,-0.57444859,0
2.8280005,-0.35930374,-1.762495,0.62250751,0.28566527,0.72861493,0
-2.7402577,1.3620107,1.7142184,-0.78253883,0.24008691,0.57444859,0
1.4242352,-1.5860226,-1.3281231,-0.62250751,-0.28566527,-0.72861493,0
-2.6864011,-0.11975795,2.2336311,-0.78253883,0.24008691,0.57444859,0
-1.7283967,2.0596848,1.1057794,0.010830879,0.92776805,-0.37300009,0
-2.5458415,1.1954308,1.2223389,-0.62250751,-0.28566527,-0.72861493,0
2.7216768,-1.5861679,-1.5001221,0.78253883,-0.24008691,-0.57444859,0
2.537358,-1.9712801,-1.0610151,-0.010830879,-0.92776805,0.37300009,0
2.650393,-1.6040769,-1.6671669,0.78253883,-0.24008691,-0.57444859,0
-2.7674839,-0.35964519,2.7139461,-0.78253883,0.24008691,0.57444859,0
-0.40558422,1.561514,-0.19996899,0.010830879,0.92776805,-0.37300009,0
2.7879541,-0.63204545,-1.751446,0.78253883,-0.24008691,-0.57444859,0
-0.35924828,1.390049,-0.39309955,0.010830879,0.92776805,-0.37300009,0
0.137097,-1.2944591,0.91422832,-0.010830879,-0.92776805,0.37300009,0
3.045722,-0.79405528,-1.7518137,0.78253883,-0.24008691,-0.57444859,0
3.0576115,-1.0985832,-1.2658284,0.62250751,0.28566527,0.72861493,0
-0.24025512,0.43700382,0.47062904,0.62250751,0.28566527,0.72861493,0
0.061598778,1.4336691,-0.79146755,0.010830879,0.92776805,-0.37300009,0
2.6581974,-0.61394125,-1.1510775,0.62250751,0.28566527,0.72861493,0
0.12937188,1.3622153,0.15750909,0.62250751,0.28566527,0.72861493,0
-1.2167047,1.6480781,0.12855446,0.010830879,0.92776805,-0.37300009,0
2.615164,-2.137733,-1.8063047,0.78253883,-0.24008691,-0.57444859,0
-2.5884852,1.5700068,1.7116899,-0.78253883,0.24008691,0.57444859,0
-2.7169135,1.0999647,1.9452689,-0.78253883,0.24008691,0.57444859,0
-0.07934621,-0.44921541,-0.4122301,-0.62250751,-0.28566527,-0.72861493,0
0.10260892,1.3721223,-0.11318555,0.010830879,0.92776805,-0.37300009,0
-2.8942213,1.8310165,1.4525778,-0.78253883,0.24008691,0.57444859,0
1.0808662,-0.84944898,-0.14827538,0.62250751,0.28566527,0.72861493,0
0.072843432,-1.4538598,0.32648233,-0.010830879,-0.92776805,0.37300009,0
1.6204884,-1.8248922,-1.5510397,-0.62250751,-0.28566527,-0.72861493,0
-0.71130985,1.5245563,0.0087512136,0.010830879,0.92776805,-0.37300009,0
-2.7401609,-0.039128423,2.500818,-0.78253883,0.24008691,0.57444859,0
-2.6374807,-0.34830812,1.9055653,-0.62250751,-0.28566527,-0.72861493,0
1.2684519,1.1481808,-1.2372495,0.010830879,0.92776805,-0.37300009,0
2.084718,-1.1728452,-2.2723837,-0.62250751,-0.28566527,-0.72861493,0
-1.3603158,0.92056143,-0.13930213,-0.62250751,-0.28566527,-0.72861493,0
0.27849466,-0.9306196,-0.47174352,-0.62250751,-0.28566527,-0.72861493,0
-0.26679665,0.93851632,0.77492976,0.62250751,0.28566527,0.72861493,0
1.5608442,-1.5526184,0.048369646,0.62250751,0.28566527,0.72861493,0
2.7719655,0.35799748,-1.9511969,0.62250751,0.28566527,0.72861493,0
-2.1031792,1.8821992,1.0321758,0.010830879,0.92776805,-0.37300009,0
1.7382828,-1.7449684,-0.49792624,-0.010830879,-0.92776805,0.37300009,0
-2.5845537,2.3746758,1.5033405,-0.78253883,0.24008691,0.57444859,0
2.7539957,0.26321113,-2.7254429,0.78253883,-0.24008691,-0.57444859,0
2.4949486,-1.6839935,-2.14767,0.78253883,-0.24008691,-0.57444859,0
-0.31445813,-1.3192437,1.0670487,-0.010830879,-0.92776805,0.37300009,0
2.5015764,-1.6686702,-2.3337839,0.78253883,-0.24008691,-0.57444859,0
2.5242035,0.6018886,-2.5463696,0.010830879,0.92776805,-0.37300009,0
-1.6746749,0.14760065,2.2380536,0.62250751,0.28566527,0.72861493,0
1.0492699,-1.5105199,0.24062556,0.62250751,0.28566527,0.72861493,0
2.8758209,-0.5744831,-1.7722318,0.78253883,-0.24008691,-0.57444859,0
2.837213,0.41979063,-2.1170142,0.62250751,0.28566527,0.72861493,0
1.7225056,-0.81994963,-0.29222083,0.62250751,0.28566527,0.72861493,0
0.15680993,1.0905886,-0.029316381,0.62250751,0.28566527,0.72861493,0
0.89706576,1.10712,-0.96611631,0.010830879,0.92776805,-0.37300009,0
2.3878589,-1.8669428,-1.7693481,0.78253883,-0.24008691,-0.57444859,0
-2.7212682,0.73648286,2.3320501,-0.78253883,0.24008691,0.57444859,0
2.041235,0.8519578,-2.3059108,0.010830879,0.92776805,-0.37300009,0
-2.8243921,0.53460765,2.3097284,-0.78253883,0.24008691,0.57444859,0
-2.8265052,-0.17214704,2.6353946,-0.78253883,0.24008691,0.57444859,0
-3.0971465,0.39324093,1.7611027,-0.78253883,0.24008691,0.57444859,0
-2.3653369,1.8461465,1.909287,0.62250751,0.28566527,0.72861493,0
-0.98348188,-0.57993728,2.005856,0.62250751,0.28566527,0.72861493,0
-2.7310555,-0.12836742,2.5624375,-0.78253883,0.24008691,0.57444859,0
-1.3420377,1.9763465,0.96975136,0.62250751,0.28566527,0.72861493,0
2.6988871,-1.3648062,-1.5999334,0.78253883,-0.24008691,-0.57444859,0
-0.56950426,0.76992124,0.85351193,0.62250751,0.28566527,0.72861493,0
2.2541299,-1.6380904,-1.7043843,-0.62250751,-0.28566527,-0.72861493,0
1.877261,-2.0092375,-0.78689981,-0.010830879,-0.92776805,0.37300009,0
-1.8828541,0.64525044,1.9724243,0.62250751,0.28566527,0.72861493,0
-0.57615328,1.5161222,-0.45816183,0.010830879,0.92776805,-0.37300009,0
-1.0360001,-1.0142041,1.8300704,-0.010830879,-0.92776805,0.37300009,0
2.6309359,-1.1836295,-2.097158,0.78253883,-0.24008691,-0.57444859,0
-2.92693,-0.58542192,2.1086855,-0.78253883,0.24008691,0.57444859,0
-2.865294,0.8193531,2.1413426,-0.78253883,0.24008691,0.57444859,0
1.0350986,-0.88258815,-1.4185635,-0.62250751,-0.28566527,-0.72861493,0
0.2474364,-1.1680369,0.67794412,-0.010830879,-0.92776805,0.37300009,0
2.5521624,-2.2789257,-1.6105804,0.78253883,-0.24008691,-0.57444859,0
-2.4852457,0.62888348,2.164032,-0.78253883,0.24008691,0.57444859,0
-0.31985652,-1.0971653,1.0909586,-0.010830879,-0.92776805,0.37300009,0
2.7188466,-0.51376945,-2.0810416,0.78253883,-0.24008691,-0.57444859,0
1.3411071,-1.5097846,-0.075604916,-0.010830879,-0.92776805,0.37300009,0
2.544898,-0.19819987,-2.6552777,0.78253883,-0.24008691,-0.57444859,0
-2.6442685,0.1408931,2.321183,-0.78253883,0.24008691,0.57444859,0
0.8404907,-1.1019542,-1.2230386,-0.62250751,-0.28566527,-0.72861493,0
3.0063977,-0.25043324,-1.8450961,0.78253883,-0.24008691,-0.57444859,0
2.8567355,0.16468215,-2.5974135,0.78253883,-0.24008691,-0.57444859,0
-2.3701382,1.1554174,2.1703026,-0.78253883,0.24008691,0.57444859,0
0.26655674,-1.2562094,0.4573105,-0.010830879,-0.92776805,0.37300009,0
2.5178511,-2.1939275,-1.396704,-0.010830879,-0.92776805,0.37300009,0
-1.5771904,0.86555052,0.22071552,-0.62250751,-0.28566527,-0.72861493,0
2.1038094,0.83943832,-2.1975279,0.010830879,0.92776805,-0.37300009,0
1.2532732,-1.4712708,0.20269567,-0.010830879,-0.92776805,0.37300009,0
-2.6026399,-0.53795516,2.7341969,-0.78253883,0.24008691,0.57444859,0
-2.4429836,-0.088609457,2.7252629,-0.78253883,0.24008691,0.57444859,0
2.4964743,0.85853362,-2.25121,0.010830879,0.92776805,-0.37300009,0
-2.0961785,-0.56066298,2.8618679,-0.010830879,-0.92776805,0.37300009,0
-3.1707087,1.0537835,1.5488975,-0.78253883,0.24008691,0.57444859,0
-1.974825,1.6833357,0.62890863,0.010830879,0.92776805,-0.37300009,0
-2.6324525,0.66953182,1.3690922,-0.62250751,-0.28566527,-0.72861493,0
1.4793301,0.74491215,-0.75911891,0.62250751,0.28566527,0.72861493,0
-1.6931685,-0.9404729,2.0250182,-0.010830879,-0.92776805,0.37300009,0
1.0918828,0.79657733,-1.7903967,0.010830879,0.92776805,-0.37300009,0
3.1058073,0.72721225,-2.3048868,0.78253883,-0.24008691,-0.57444859,0
-1.9134061,-0.75780648,1.9899843,-0.010830879,-0.92776805,0.37300009,0
-3.0968685,0.67394006,1.9214292,-0.78253883,0.24008691,0.57444859,0
-1.4590303,0.27018011,1.8445525,0.62250751,0.28566527,0.72861493,0
-2.4106781,2.0189013,1.4589641,0.010830879,0.92776805,-0.37300009,0
0.63270688,-0.91129708,0.29798499,0.62250751,0.28566527,0.72861493,0
2.901917,0.061631024,-2.0934198,0.78253883,-0.24008691,-0.57444859,0
2.4381561,0.52362794,-2.3801162,0.010830879,0.92776805,-0.37300009,0
-0.65713692,0.028690934,1.26208,0.62250751,0.28566527,0.72861493,0
2.5086472,-1.4642857,-2.3257976,0.78253883,-0.24008691,-0.57444859,0
1.1216016,-1.5207727,0.020711124,-0.010830879,-0.92776805,0.37300009,0
1.5655725,-1.5338204,-0.2748661,-0.010830879,-0.92776805,0.37300009,0
2.6444392,-1.251603,-2.101052,0.78253883,-0.24008691,-0.57444859,0
-2.4272475,1.9097465,1.8262446,-0.78253883,0.24008691,0.57444859,0
-2.7820578,1.7351563,1.8377094,-0.78253883,0.24008691,0.57444859,0
2.7901821,0.34055322,-2.0913155,0.78253883,-0.24008691,-0.57444859,0
-1.595475,1.3668916,1.6576731,0.62250751,0.28566527,0.72861493,0
-1.0195976,-0.27734435,0.026571989,-0.62250751,-0.28566527,-0.72861493,0
2.5562811,1.0059601,-1.8778389,0.010830879,0.92776805,-0.37300009,0
-1.2313405,0.15936416,0.23824561,-0.62250751,-0.28566527,-0.72861493,0
1.5113828,-0.97445637,-1.4578276,-0.62250751,-0.28566527,-0.72861493,0
-2.6206591,0.9001928,2.024792,-0.78253883,0.24008691,0.57444859,0
-1.319355,-1.3187751,1.1123174,-0.010830879,-0.92776805,0.37300009,0
-0.57952541,-0.17851031,1.0976623,0.62250751,0.28566527,0.72861493,0
-1.4721855,-1.2426136,1.3919168,-0.010830879,-0.92776805,0.37300009,0
-2.7375338,1.4408052,1.6164219,-0.78253883,0.24008691,0.57444859,0
3.0243948,-0.68409562,-1.7282364,0.78253883,-0.24008691,-0.57444859,0
-1.4386066,-1.0100653,1.1266593,-0.010830879,-0.92776805,0.37300009,0
2.4666266,-0.62361097,-2.5626249,0.78253883,-0.24008691,-0.57444859,0
-1.2469772,0.3822459,1.5934533,0.62250751,0.28566527,0.72861493,0
-0.53378093,1.2792443,0.49673283,0.62250751,0.28566527,0.72861493,0
1.3566031,-2.0372262,-0.4921999,-0.010830879,-0.92776805,0.37300009,0
1.9444118,0.59303516,-2.1261554,0.010830879,0.92776805,-0.37300009,0
2.3748007,0.74394596,-1.7202291,0.010830879,0.92776805,-0.37300009,0
-0.60816324,0.040992677,1.2401601,0.62250751,0.28566527,0.72861493,0
-2.2641339,2.2996559,1.8335729,-0.78253883,0.24008691,0.57444859,0
-0.95227516,-0.8662883,1.5706952,-0.010830879,-0.92776805,0.37300009,0
2.6671588,-0.78207958,-2.0251591,0.78253883,-0.24008691,-0.57444859,0
-2.6721172,1.1677067,1.863297,-0.78253883,0.24008691,0.57444859,0
-0.94587946,-0.10821933,1.5731913,0.62250751,0.28566527,0.72861493,0
1.1014479,0.056049228,-1.6346223,-0.62250751,-0.28566527,-0.72861493,0
2.6682119,-2.2432497,-1.7966514,0.78253883,-0.24008691,-0.57444859,0
-0.4378742,-1.2325164,0.72705764,-0.010830879,-0.92776805,0.37300009,0
3.033608,-0.42097357,-1.6915472,0.78253883,-0.24008691,-0.57444859,0
-2.5311589,0.97696358,1.3133533,-0.62250751,-0.28566527,-0.72861493,0
-2.9071207,0.52227408,2.0876343,-0.78253883,0.24008691,0.57444859,0
2.9714181,-0.68186378,-1.6727707,0.78253883,-0.24008691,-0.57444859,0
2.5904493,-2.0840878,-1.7581711,0.78253883,-0.24008691,-0.57444859,0
-2.4833961,0.089850068,2.9586854,-0.78253883,0.24008691,0.57444859,0
2.8624344,-1.8482597,-1.4955683,0.78253883,-0.24008691,-0.57444859,0
2.8898263,-1.6963758,-1.3535917,0.78253883,-0.24008691,-0.57444859,0
1.6790015,-1.756129,-1.2684596,-0.62250751,-0.28566527,-0.72861493,0
2.5175571,-1.8994484,-1.1408265,-0.010830879,-0.92776805,0.37300009,0
2.3048215,-1.1567498,-2.0215385,-0.62250751,-0.28566527,-0.72861493,0
-3.0862498,1.8951292,1.4032514,-0.78253883,0.24008691,0.57444859,0
2.0957704,-1.2308269,-1.7399485,-0.62250751,-0.28566527,-0.72861493,0
-1.873682,-0.7809872,1.8247478,-0.010830879,-0.92776805,0.37300009,0
-2.8096588,0.73025715,1.6402373,-0.78253883,0.24008691,0.57444859,0
0.42359149,1.3817554,-0.59231198,0.010830879,0.92776805,-0.37300009,0
1.3236346,-0.85549748,-1.6488197,-0.62250751,-0.28566527,-0.72861493,0
1.1596588,0.91291058,-1.7036526,0.010830879,0.92776805,-0.37300009,0
-0.4378767,-0.92392397,1.1931334,-0.010830879,-0.92776805,0.37300009,0
-0.8883,-0.35495853,1.7453187,0.62250751,0.28566527,0.72861493,0
2.4403772,0.53113627,-2.3914526,0.010830879,0.92776805,-0.37300009,0
-1.331005,-0.95546961,1.360443,-0.010830879,-0.92776805,0.37300009,0
1.3048146,1.0591068,-1.8817286,0.010830879,0.92776805,-0.37300009,0
-2.8649843,1.8916814,1.6370523,-0.78253883,0.24008691,0.57444859,0
-3.0756156,0.53442818,1.5591958,-0.62250751,-0.28566527,-0.72861493,0
1.8892207,0.40424538,-2.5806174,0.010830879,0.92776805,-0.37300009,0
1.8712925,-1.9368128,-0.31953788,-0.010830879,-0.92776805,0.37300009,0
1.6669536,-1.4520296,-1.654485,-0.62250751,-0.28566527,-0.72861493,0
-0.54215658,-1.395761,0.99429119,-0.010830879,-0.92776805,0.37300009,0
-2.412251,1.0617098,2.0156858,-0.78253883,0.24008691,0.57444859,0
2.5179729,-0.99499905,-2.3852012,-0.62250751,-0.28566527,-0.72861493,0
1.5664992,-2.0745301,-1.3987577,-0.010830879,-0.92776805,0.37300009,0
3.0639162,-1.6419666,-1.3587086,0.62250751,0.28566527,0.72861493,0
-1.4734716,-0.55693763,1.9903152,0.62250751,0.28566527,0.72861493,0
-0.76734847,-0.58681536,1.8373936,0.62250751,0.28566527,0.72861493,0
-0.34412181,1.5166883,-0.18615364,0.010830879,0.92776805,-0.37300009,0
1.9592328,1.1969442,-1.3505871,0.010830879,0.92776805,-0.37300009,0
-2.9120989,0.79940128,2.0285685,-0.78253883,0.24008691,0.57444859,0
-2.4212999,2.121587,1.655988,-0.78253883,0.24008691,0.57444859,0
2.5887699,-0.26060855,-2.6531472,0.78253883,-0.24008691,-0.57444859,0
-1.6715744,0.8893922,1.5103126,0.62250751,0.28566527,0.72861493,0
1.2566607,0.17869049,-1.7833011,-0.62250751,-0.28566527,-0.72861493,0
0.022519588,-1.2232251,-0.13116717,-0.62250751,-0.28566527,-0.72861493,0
-1.0295361,1.6078256,0.087874651,0.010830879,0.92776805,-0.37300009,0
-2.7503088,-0.24151862,2.5889173,-0.78253883,0.24008691,0.57444859,0
0.86549973,-0.52773744,-1.0709758,-0.62250751,-0.28566527,-0.72861493,0
-3.1620543,0.071840018,1.8753433,-0.78253883,0.24008691,0.57444859,0
-1.7858142,-0.90717769,1.5891452,-0.010830879,-0.92776805,0.37300009,0
3.1450214,-1.8148419,-1.2859263,0.78253883,-0.24008691,-0.57444859,0
1.1715181,-1.9735483,-0.68077517,-0.010830879,-0.92776805,0.37300009,0
2.7871397,-0.25786042,-2.4627244,0.78253883,-0.24008691,-0.57444859,0
-2.6968861,1.2789071,1.8822837,-0.78253883,0.24008691,0.57444859,0
-0.63738585,-0.93920064,1.6798843,0.62250751,0.28566527,0.72861493,0
-0.3370918,-1.0564326,1.126098,0.62250751,0.28566527,0.72861493,0
1.8880622,0.75925881,-1.6405087,0.010830879,0.92776805,-0.37300009,0
-1.5551432,-1.1072695,1.3994887,-0.010830879,-0.92776805,0.37300009,0
-2.9976141,0.027984381,1.6047289,-0.62250751,-0.28566527,-0.72861493,0
-1.7394662,1.7909113,0.87922931,0.010830879,0.92776805,-0.37300009,0
-0.028899312,-1.6282463,0.41082409,-0.010830879,-0.92776805,0.37300009,0
0.54616809,0.91644365,-1.6782587,0.010830879,0.92776805,-0.37300009,0
-1.3247626,1.5087037,-0.0058653355,0.010830879,0.92776805,-0.37300009,0
0.15188372,-1.2041149,1.0247568,-0.010830879,-0.92776805,0.37300009,0
2.0871625,-2.1678457,-1.8125639,-0.62250751,-0.28566527,-0.72861493,0
1.3769796,-0.42503572,-1.5785849,-0.62250751,-0.28566527,-0.72861493,0
0.82470524,1.5058157,-0.70891678,0.010830879,0.92776805,-0.37300009,0
-0.5060966,1.518857,0.12830538,0.010830879,0.92776805,-0.37300009,0
2.8885977,-0.14020813,-1.9271088,0.78253883,-0.24008691,-0.57444859,0
-1.7975806,1.9507513,0.76269269,0.010830879,0.92776805,-0.37300009,0
-0.89407879,1.4810418,-0.34372199,0.010830879,0.92776805,-0.37300009,0
1.3246648,1.139577,-0.88184237,0.010830879,0.92776805,-0.37300009,0
-2.777962,0.1085614,2.3958251,-0.78253883,0.24008691,0.57444859,0
1.1019192,-1.5527487,0.18597776,-0.010830879,-0.92776805,0.37300009,0
-2.7517805,-0.30820164,1.9086554,-0.62250751,-0.28566527,-0.72861493,0
-0.88977766,-0.79864883,1.7420092,-0.010830879,-0.92776805,0.37300009,0
-2.418925,2.0354533,1.0779746,0.010830879,0.92776805,-0.37300009,0
-2.7307467,0.32394317,1.6677434,-0.62250751,-0.28566527,-0.72861493,0
1.8519796,-1.9213071,-0.970469,-0.010830879,-0.92776805,0.37300009,0
1.960982,0.39448178,-2.6547577,0.010830879,0.92776805,-0.37300009,0
2.8611917,-1.4939346,-1.7392402,0.78253883,-0.24008691,-0.57444859,0
2.8870845,-1.9563093,-1.5738964,0.78253883,-0.24008691,-0.57444859,0
-0.39522111,0.084435731,-0.46245241,-0.62250751,-0.28566527,-0.72861493,0
-0.20366323,-1.1773522,1.0019922,-0.010830879,-0.92776805,0.37300009,0
2.7802088,-0.11118704,-2.2250729,0.78253883,-0.24008691,-0.57444859,0
-1.6064994,1.0108992,1.4757216,0.62250751,0.28566527,0.72861493,0
-2.2014313,1.4580088,1.7726996,0.62250751,0.28566527,0.72861493,0
1.913018,-1.5318027,-1.798039,-0.62250751,-0.28566527,-0.72861493,0
1.2212536,0.2138437,-1.8742259,-0.62250751,-0.28566527,-0.72861493,0
0.32729852,-1.4888426,0.63835651,-0.010830879,-0.92776805,0.37300009,0
1.996592,-0.5596329,-2.0958993,-0.62250751,-0.28566527,-0.72861493,0
-2.4066415,1.7778529,0.86682034,-0.62250751,-0.28566527,-0.72861493,0
1.5158695,1.2819959,-1.2149687,0.010830879,0.92776805,-0.37300009,0
0.64348334,-0.18854713,0.39733079,0.62250751,0.28566527,0.72861493,0
-1.1491041,0.69358611,0.22254062,-0.62250751,-0.28566527,-0.72861493,0
-0.13141215,-1.4508774,0.68140793,-0.010830879,-0.92776805,0.37300009,0
-3.0027094,1.1025548,1.8794582,-0.78253883,0.24008691,0.57444859,0
-1.9743707,2.2437224,1.2620232,0.010830879,0.92776805,-0.37300009,0
-2.0243914,-0.8970834,1.4255862,-0.010830879,-0.92776805,0.37300009,0
0.92663538,0.2530719,-1.5564933,-0.62250751,-0.28566527,-0.72861493,0
2.8782372,-0.060602367,-1.8140786,0.78253883,-0.24008691,-0.57444859,0
2.8654597,-1.1150451,-1.6949437,0.78253883,-0.24008691,-0.57444859,0
2.3552418,-1.2225267,-2.0459743,0.78253883,-0.24008691,-0.57444859,0
-2.7278039,2.0018005,1.2318404,0.010830879,0.92776805,-0.37300009,0
1.0289721,0.51107228,-0.64147472,0.62250751,0.28566527,0.72861493,0
-0.71544021,-0.95869327,0.029339254,-0.62250751,-0.28566527,-0.72861493,0
-1.9168543,2.170742,1.7429833,0.62250751,0.28566527,0.72861493,0
2.0667,-2.1736066,-1.2820117,-0.010830879,-0.92776805,0.37300009,0
-0.68854928,-0.46768394,0.098544061,-0.62250751,-0.28566527,-0.72861493,0
-2.7624605,0.31245273,2.2545404,-0.78253883,0.24008691,0.57444859,0
-1.7274761,2.1486876,1.0896659,0.010830879,0.92776805,-0.37300009,0
-1.4056387,1.7956131,0.86843359,0.010830879,0.92776805,-0.37300009,0
-1.8084453,2.0662115,0.57233059,0.010830879,0.92776805,-0.37300009,0
2.298007,-0.44549084,-0.90290523,0.62250751,0.28566527,0.72861493,0
2.920696,0.22498012,-2.1488111,0.62250751,0.28566527,0.72861493,0
1.4601059,-1.9946251,-0.7463901,-0.010830879,-0.92776805,0.37300009,0
-2.5698142,2.3567173,1.3816371,-0.78253883,0.24008691,0.57444859,0
-1.0182378,1.7602987,1.0647222,0.62250751,0.28566527,0.72861493,0
1.9405214,1.0027614,-1.281671,0.62250751,0.28566527,0.72861493,0
-2.6670918,-1.0092347,1.8023863,-0.010830879,-0.92776805,0.37300009,0
1.8950536,-0.55808294,-1.8740544,-0.62250751,-0.28566527,-0.72861493,0
-2.7611203,-0.82474434,1.8779507,-0.010830879,-0.92776805,0.37300009,0
-2.3890276,1.2990645,0.7649014,-0.62250751,-0.28566527,-0.72861493,0
-0.82868457,0.93922913,0.84526742,0.62250751,0.28566527,0.72861493,0
2.6992559,-1.4021947,-1.8840885,0.78253883,-0.24008691,-0.57444859,0
-2.7439544,-0.69505906,2.2673197,-0.010830879,-0.92776805,0.37300009,0
2.7664566,-0.40925223,-1.8125849,0.78253883,-0.24008691,-0.57444859,0
-1.2487723,1.3690107,1.089867,0.62250751,0.28566527,0.72861493,0
3.2078118,-0.79272169,-1.7330136,0.78253883,-0.24008691,-0.57444859,0
1.2453027,-0.24299568,-0.066265583,0.62250751,0.28566527,0.72861493,0
2.9398754,-1.3035407,-1.3462708,0.78253883,-0.24008691,-0.57444859,0
0.095402837,-1.6812245,-0.085227698,-0.010830879,-0.92776805,0.37300009,0
0.58451962,1.1964509,-0.72584903,0.010830879,0.92776805,-0.37300009,0
-2.9330475,0.61179054,1.546021,-0.78253883,0.24008691,0.57444859,0
0.025018692,1.5637794,-0.17957874,0.010830879,0.92776805,-0.37300009,0
-0.68281639,-1.0388641,1.6889572,-0.010830879,-0.92776805,0.37300009,0
2.6206288,-1.8443458,-1.53075,0.78253883,-0.24008691,-0.57444859,0
0.83607674,1.2907206,-0.70769012,0.010830879,0.92776805,-0.37300009,0
2.8364978,-0.6317355,-1.8295796,0.78253883,-0.24008691,-0.57444859,0
-1.1162859,1.636972,-0.35145196,-0.62250751,-0.28566527,-0.72861493,0
-2.596966,2.161484,1.6190827,-0.78253883,0.24008691,0.57444859,0
-0.53964531,1.5536536,-0.53651899,0.010830879,0.92776805,-0.37300009,0
2.1787305,-0.28186321,-1.3029242,0.62250751,0.28566527,0.72861493,0
2.9124899,-1.5087662,-1.3471608,0.78253883,-0.24008691,-0.57444859,0
-1.3361341,0.77684724,0.21969402,-0.62250751,-0.28566527,-0.72861493,0
-2.7729864,2.0901997,1.2897453,-0.78253883,0.24008691,0.57444859,0
2.7475994,-1.3555317,-2.0824611,0.78253883,-0.24008691,-0.57444859,0
-0.82745636,1.2698579,1.0964476,0.62250751,0.28566527,0.72861493,0
-2.5928667,-0.75022674,2.1029773,-0.010830879,-0.92776805,0.37300009,0
-3.0407181,0.62786311,1.8608534,-0.78253883,0.24008691,0.57444859,0
-0.71658021,0.55496001,1.0324954,0.62250751,0.28566527,0.72861493,0
-2.3127193,0.89381707,0.9908576,-0.62250751,-0.28566527,-0.72861493,0
-2.0876606,0.96205914,0.90074492,-0.62250751,-0.28566527,-0.72861493,0
2.9381838,-1.051342,-1.5628278,0.78253883,-0.24008691,-0.57444859,0
-2.9641614,-0.68179578,2.3920596,-0.78253883,0.24008691,0.57444859,0
1.6696862,0.64675343,-2.3014653,0.010830879,0.92776805,-0.37300009,0
1.6301389,1.2709773,-0.94055283,0.62250751,0.28566527,0.72861493,0
-0.1026423,-1.3827884,0.25610507,-0.010830879,-0.92776805,0.37300009,0
-2.5128531,0.75501311,2.3927915,-0.78253883,0.24008691,0.57444859,0
2.8997331,0.43968919,-2.2945616,0.78253883,-0.24008691,-0.57444859,0
-1.0188377,0.47996625,-0.22421646,-0.62250751,-0.28566527,-0.72861493,0
-3.0957735,2.0689673,1.1059248,0.010830879,0.92776805,-0.37300009,0
2.3941467,-2.0423245,-1.6863997,0.78253883,-0.24008691,-0.57444859,0
2.7249238,-1.1897504,-1.9771717,0.78253883,-0.24008691,-0.57444859,0
2.6583629,-0.89674354,-2.3483186,0.78253883,-0.24008691,-0.57444859,0
-2.0608141,1.1731871,0.58361578,-0.62250751,-0.28566527,-0.72861493,0
2.6160297,-2.3588011,-1.4026351,-0.010830879,-0.92776805,0.37300009,0
1.8439374,0.55561578,-2.2200406,0.010830879,0.92776805,-0.37300009,0
0.36260474,-1.7362232,-0.24023145,-0.010830879,-0.92776805,0.37300009,0
0.32196033,-1.7207396,0.21534088,-0.010830879,-0.92776805,0.37300009,0
-0.25958407,-1.4010606,1.063769,-0.010830879,-0.92776805,0.37300009,0
-1.079314,1.7333877,-0.20232224,0.010830879,0.92776805,-0.37300009,0
-2.8823099,0.58729899,1.6868398,-0.78253883,0.24008691,0.57444859,0
0.18645453,0.33357447,-1.1439927,-0.62250751,-0.28566527,-0.72861493,0
-2.3198383,-0.8006714,1.3811462,-0.62250751,-0.28566527,-0.72861493,0
-2.9264228,0.011439234,1.8804393,-0.78253883,0.24008691,0.57444859,0
-2.9909823,0.097668767,2.1774244,-0.78253883,0.24008691,0.57444859,0
2.4205501,-1.7539985,-1.7496092,0.78253883,-0.24008691,-0.57444859,0
-0.92419195,0.54033583,1.0583489,0.62250751,0.28566527,0.72861493,0
-2.2215877,2.1786146,1.2534461,0.010830879,0.92776805,-0.37300009,0
1.539598,-0.82112479,-0.30454612,0.62250751,0.28566527,0.72861493,0
-2.6171002,1.8803642,1.9957144,-0.78253883,0.24008691,0.57444859,0
2.8845417,-0.80905068,-1.6509571,0.62250751,0.28566527,0.72861493,0
-2.6103735,1.8365662,0.73804522,0.010830879,0.92776805,-0.37300009,0
-2.534924,-0.67488867,2.7458165,-0.78253883,0.24008691,0.57444859,0
0.24389111,-0.24680454,0.48856995,0.62250751,0.28566527,0.72861493,0
-2.6995173,0.84810829,2.1202025,-0.78253883,0.24008691,0.57444859,0
2.6740863,0.58026367,-2.4789808,0.010830879,0.92776805,-0.37300009,0
1.6479008,-1.7301198,-0.55270445,-0.010830879,-0.92776805,0.37300009,0
-0.078129053,1.0187234,-0.7804575,-0.62250751,-0.28566527,-0.72861493,0
0.23960423,-1.3880106,0.80558264,-0.010830879,-0.92776805,0.37300009,0
0.9079963,-1.8271068,-0.65187895,-0.62250751,-0.28566527,-0.72861493,0
-1.0758111,-1.152186,0.92229247,-0.010830879,-0.92776805,0.37300009,0
2.3202991,-1.1819865,-2.1605687,0.78253883,-0.24008691,-0.57444859,0
-2.5920055,-0.22085249,2.8186989,-0.78253883,0.24008691,0.57444859,0
-0.75239891,0.56923217,1.2611309,0.62250751,0.28566527,0.72861493,0
-2.5922379,-0.20317376,2.7594681,-0.78253883,0.24008691,0.57444859,0
-1.423197,-0.75754982,1.8637297,-0.010830879,-0.92776805,0.37300009,0
-1.6092674,0.24641383,1.9242322,0.62250751,0.28566527,0.72861493,0
2.333601,-2.3893943,-1.6054993,0.78253883,-0.24008691,-0.57444859,0
0.81694174,-0.51318586,0.42512253,0.62250751,0.28566527,0.72861493,0
-2.9361491,0.4204393,1.8430436,-0.78253883,0.24008691,0.57444859,0
-2.8860097,0.17797053,2.1739452,-0.78253883,0.24008691,0.57444859,0
-2.3738821,0.19632316,2.6998317,-0.78253883,0.24008691,0.57444859,0
0.18359005,1.1049383,-1.3609087,0.010830879,0.92776805,-0.37300009,0
2.8821032,-1.6712118,-1.3118722,0.78253883,-0.24008691,-0.57444859,0
1.8740151,-1.7794235,-1.5206418,-0.62250751,-0.28566527,-0.72861493,0
0.47072029,0.69572061,0.11849901,0.62250751,0.28566527,0.72861493,0
-1.2708238,1.5529547,-0.32276922,0.010830879,0.92776805,-0.37300009,0
0.51652974,0.13518171,-0.0042439997,0.62250751,0.28566527,0.72861493,0
-2.516571,1.4831879,1.9767761,-0.78253883,0.24008691,0.57444859,0
-0.027711391,-1.2343926,0.88207829,-0.010830879,-0.92776805,0.37300009,0
-2.8574278,-0.36560592,1.7420838,-0.62250751,-0.28566527,-0.72861493,0
-0.81004381,-1.005818,1.5900449,-0.010830879,-0.92776805,0.37300009,0
0.67974663,0.0013874173,0.33009154,0.62250751,0.28566527,0.72861493,0
-2.9892426,1.7973156,1.5555573,-0.78253883,0.24008691,0.57444859,0
-1.5792512,-1.1100459,1.139107,-0.010830879,-0.92776805,0.37300009,0
1.3375252,1.0501795,-1.5739384,0.010830879,0.92776805,-0.37300009,0
0.79177761,-1.4087675,0.013576329,-0.010830879,-0.92776805,0.37300009,0
-2.6599803,1.1974514,1.7893634,-0.78253883,0.24008691,0.57444859,0
2.5577681,0.074069381,-1.5891206,0.62250751,0.28566527,0.72861493,0
-2.4427724,0.77769589,2.2351108,-0.78253883,0.24008691,0.57444859,0
-0.22115916,0.80112314,0.51464295,0.62250751,0.28566527,0.72861493,0
2.9342058,0.13851917,-2.0549264,0.78253883,-0.24008691,-0.57444859,0
1.5980697,0.029663473,-0.44769144,0.62250751,0.28566527,0.72861493,0
-2.4372272,-0.57072037,2.5454283,-0.010830879,-0.92776805,0.37300009,0
2.9355242,-1.6233829,-1.245347,0.78253883,-0.24008691,-0.57444859,0
0.16902375,-1.3140831,0.68112063,-0.010830879,-0.92776805,0.37300009,0
-0.90236533,0.78554511,-0.097920597,-0.62250751,-0.28566527,-0.72861493,0
-2.6618624,-0.46480131,2.6667166,-0.010830879,-0.92776805,0.37300009,0
2.8329535,-1.6250298,-1.3339283,0.78253883,-0.24008691,-0.57444859,0
-2.8704667,1.479563,1.1897128,-0.62250751,-0.28566527,-0.72861493,0
-2.7805455,0.70104885,2.2847512,-0.78253883,0.24008691,0.57444859,0
-0.26336718,1.6124083,0.33758965,0.62250751,0.28566527,0.72861493,0
-2.5854149,1.9000374,0.79416966,-0.62250751,-0.28566527,-0.72861493,0
2.8433456,-1.1964262,-1.7902608,0.78253883,-0.24008691,-0.57444859,0
1.5030473,-1.4601253,-1.5817182,-0.62250751,-0.28566527,-0.72861493,0
2.7252064,-0.17780852,-2.5369666,0.78253883,-0.24008691,-0.57444859,0
2.460089,0.36437702,-2.7454796,0.78253883,-0.24008691,-0.57444859,0
-0.280772,0.67779726,0.6800307,0.62250751,0.28566527,0.72861493,0
-0.2040844,-1.5013086,0.43735099,-0.010830879,-0.92776805,0.37300009,0
2.99979,-0.46735948,-2.1269915,0.78253883,-0.24008691,-0.57444859,0
2.8732851,-1.0386977,-1.5389402,0.78253883,-0.24008691,-0.57444859,0
-0.96686733,0.88355017,1.0345207,0.62250751,0.28566527,0.72861493,0
-2.3918362,-0.22477739,1.296432,-0.62250751,-0.28566527,-0.72861493,0
-1.7161325,1.7264944,1.2900488,0.62250751,0.28566527,0.72861493,0
0.32718635,1.5346847,-0.14103189,0.010830879,0.92776805,-0.37300009,0
-2.2137103,-0.92870474,1.8003147,-0.010830879,-0.92776805,0.37300009,0
3.2082007,0.4665294,-2.101264,0.78253883,-0.24008691,-0.57444859,0
0.1558969,-0.012214422,0.69824052,0.62250751,0.28566527,0.72861493,0
-2.8680506,-0.059233129,2.3660822,-0.78253883,0.24008691,0.57444859,0
-0.50392723,1.0316372,0.53112364,0.62250751,0.28566527,0.72861493,0
-1.818399,-0.9938978,1.9096375,-0.010830879,-0.92776805,0.37300009,0
-2.7371874,-0.059934676,2.396024,-0.78253883,0.24008691,0.57444859,0
-2.5684226,0.20364308,2.6716275,-0.78253883,0.24008691,0.57444859,0
-2.0447969,1.6239626,1.5743032,0.62250751,0.28566527,0.72861493,0
-2.2625093,0.039753482,0.98897076,-0.62250751,-0.28566527,-0.72861493,0
-0.97002095,1.465064,-0.059107661,0.010830879,0.92776805,-0.37300009,0
-1.7805659,-0.58539075,2.2877617,-0.010830879,-0.92776805,0.37300009,0
2.124557,-1.5831585,-0.57713914,0.62250751,0.28566527,0.72861493,0
1.331356,1.1472685,-1.5252135,0.010830879,0.92776805,-0.37300009,0
-1.4204539,-1.0676373,1.0398812,-0.010830879,-0.92776805,0.37300009,0
2.1740673,-0.89750695,-2.0917523,-0.62250751,-0.28566527,-0.72861493,0
-2.9136682,1.5174196,1.7069857,-0.78253883,0.24008691,0.57444859,0
-2.2221842,-0.41987824,2.4115477,-0.010830879,-0.92776805,0.37300009,0
-0.8679564,1.8910463,0.41915488,0.010830879,0.92776805,-0.37300009,0
-1.9870229,-0.67151546,1.9900482,-0.010830879,-0.92776805,0.37300009,0
-0.090842605,-1.3220959,-0.10166106,-0.62250751,-0.28566527,-0.72861493,0
-1.860505,-0.83399457,1.9279597,-0.010830879,-0.92776805,0.37300009,0
-1.9174426,-0.061527371,2.1873379,0.62250751,0.28566527,0.72861493,0
