-0.27860615,-0.33900404,0.86368632,-0.70767283,0.43102193,0.55983835,0
-0.41164508,1.5865442,-0.53758264,-0.70767283,0.43102193,0.55983835,0
0.12990102,0.91929293,0.097885549,-0.70767283,0.43102193,0.55983835,0
-0.80162346,0.93498504,-2.0215621,-0.053003713,0.75774652,-0.65039253,0
0.9453488,1.0029056,0.71682608,0.70454931,0.48993874,0.5133909,0
0.11719468,2.0348589,-0.86448789,-0.053003713,0.75774652,-0.65039253,0
0.49592781,-1.2460201,1.623984,0.053003713,-0.75774652,0.65039253,0
0.45303422,-1.5326676,0.61086798,0.70767283,-0.43102193,-0.55983835,0
1.3591642,-0.5734868,1.7312235,0.70454931,0.48993874,0.5133909,0
0.52997684,1.5485609,-1.1766659,-0.053003713,0.75774652,-0.65039253,0
0.41708505,-2.0009518,0.93432522,0.053003713,-0.75774652,0.65039253,0
0.33845741,0.89119416,-0.95557177,0.70767283,-0.43102193,-0.55983835,0
0.1747666,-0.59834981,1.4245024,-0.70767283,0.43102193,0.55983835,0
0.71951437,-1.3032739,1.6760812,0.053003713,-0.75774652,0.65039253,0
-0.028272733,1.3477867,-0.22089338,-0.70767283,0.43102193,0.55983835,0
0.82295388,0.54497612,1.3515056,0.70454931,0.48993874,0.5133909,0
0.95526052,1.95384,-0.63175511,-0.053003713,0.75774652,-0.65039253,0
0.28025335,-1.5535233,1.2580597,0.053003713,-0.75774652,0.65039253,0
1.5234408,-0.48360533,1.248226,0.70767283,-0.43102193,-0.55983835,0
-0.90267307,-1.8509609,0.80515504,0.053003713,-0.75774652,0.65039253,0
-0.56838685,-2.5302784,0.25269938,0.70767283,-0.43102193,-0.55983835,0
-0.96536452,-1.9252355,0.23589075,-0.70454931,-0.48993874,-0.5133909,0
-0.82294434,-2.1412525,0.35099196,0.053003713,-0.75774652,0.65039253,0
-0.68060398,1.4337125,-0.96724892,-0.70767283,0.43102193,0.55983835,0
1.0359461,1.3562574,0.44877666,0.70454931,0.48993874,0.5133909,0
-0.53124672,-1.0868065,0.91929865,-0.70767283,0.43102193,0.55983835,0
-0.33879286,-1.7263743,1.3987937,0.053003713,-0.75774652,0.65039253,0
-0.2376596,-1.4828241,1.4819942,0.053003713,-0.75774652,0.65039253,0
-0.92427307,0.020412385,-1.4404941,-0.70454931,-0.48993874,-0.5133909,0
0.84051889,1.1267513,0.42042536,0.70454931,0.48993874,0.5133909,0
0.50312763,-0.48648986,0.30505186,0.70767283,-0.43102193,-0.55983835,0
-0.67666018,-1.5015706,-0.28561723,0.70767283,-0.43102193,-0.55983835,0
0.69382995,0.86494792,0.96327889,0.70454931,0.48993874,0.5133909,0
1.3696834,1.5931181,-0.59922481,0.70767283,-0.43102193,-0.55983835,0
-0.47869942,-1.9879606,0.698071,0.053003713,-0.75774652,0.65039253,0
0.085383415,-1.1432216,1.7327675,0.053003713,-0.75774652,0.65039253,0
-0.72278041,1.0914805,-1.8422575,-0.053003713,0.75774652,-0.65039253,0
1.1388911,1.599282,-0.32042205,0.70454931,0.48993874,0.5133909,0
0.50691587,-1.7045556,0.80970311,0.70767283,-0.43102193,-0.55983835,0
-0.49256057,-1.5132554,1.3974305,0.053003713,-0.75774652,0.65039253,0
1.2896285,-0.72902453,1.8995911,0.70454931,0.48993874,0.5133909,0
1.0688428,0.21081179,1.3787911,0.70454931,0.48993874,0.5133909,0
-0.82618648,-1.582966,-0.50459623,-0.70454931,-0.48993874,-0.5133909,0
-0.4454684,0.99628383,-0.11114573,-0.70767283,0.43102193,0.55983835,0
-1.5710675,0.58844632,-1.6611918,-0.70454931,-0.48993874,-0.5133909,0
1.1157783,2.0908141,-0.8884418,-0.053003713,0.75774652,-0.65039253,0
0.67402166,-1.3535172,1.2023494,0.053003713,-0.75774652,0.65039253,0
1.2918539,1.0065784,0.55780673,0.70454931,0.48993874,0.5133909,0
0.92402542,-0.61010647,2.4832835,0.053003713,-0.75774652,0.65039253,0
-0.73831737,-1.6445365,1.0134938,0.053003713,-0.75774652,0.65039253,0
0.26737836,1.4981806,0.15652347,-0.70767283,0.43102193,0.55983835,0
-0.90317512,0.66791505,-1.9813374,-0.053003713,0.75774652,-0.65039253,0
1.3064051,1.1762557,0.27550834,0.70454931,0.48993874,0.5133909,0
0.91746587,-0.93718249,1.8219688,0.053003713,-0.75774652,0.65039253,0
-0.23472881,0.93317437,-1.7888867,-0.053003713,0.75774652,-0.65039253,0
-0.90591389,-2.2177925,0.46639156,-0.70454931,-0.48993874,-0.5133909,0
-1.0201099,-0.71329337,-0.69563055,-0.70454931,-0.48993874,-0.5133909,0
-1.2246373,-1.2711688,0.062177658,-0.70767283,0.43102193,0.55983835,0
-0.13955121,-2.0383925,0.68991494,0.053003713,-0.75774652,0.65039253,0
0.52273655,0.72628438,-0.78190857,0.70767283,-0.43102193,-0.55983835,0
-0.51387775,0.97795892,-2.0340099,-0.053003713,0.75774652,-0.65039253,0
0.021235883,-0.59819692,1.529707,-0.70767283,0.43102193,0.55983835,0
-1.3549361,0.69225556,-1.5355206,-0.70454931,-0.48993874,-0.5133909,0
-0.53366923,1.6764431,-1.2898285,-0.053003713,0.75774652,-0.65039253,0
1.3045127,0.49601048,0.81695461,0.70454931,0.48993874,0.5133909,0
0.13968784,-0.53610027,1.3313842,-0.70767283,0.43102193,0.55983835,0
-0.54435736,-1.7769401,0.85430455,0.053003713,-0.75774652,0.65039253,0
-1.0420787,0.3627001,-1.9277161,-0.70454931,-0.48993874,-0.5133909,0
-0.60994464,-2.3169403,0.33362484,0.053003713,-0.75774652,0.65039253,0
0.87694436,0.56264287,1.0963986,0.70454931,0.48993874,0.5133909,0
-1.1427479,0.0085242093,-0.22298646,-0.70767283,0.43102193,0.55983835,0
-0.14693329,0.49232864,0.51356065,-0.70767283,0.43102193,0.55983835,0
-0.94283521,-0.98931003,-0.61724174,-0.70454931,-0.48993874,-0.5133909,0
-0.0087287501,-1.9794652,0.82868505,0.053003713,-0.75774652,0.65039253,0
1.1048387,1.9243171,-0.087751508,0.70454931,0.48993874,0.5133909,0
-1.2125072,-1.604113,0.60766077,-0.70767283,0.43102193,0.55983835,0
0.26731792,1.2504241,0.1315068,-0.70767283,0.43102193,0.55983835,0
0.98517728,1.5578277,-0.060891032,0.70454931,0.48993874,0.5133909,0
1.4647546,-0.69397444,1.1988209,0.70767283,-0.43102193,-0.55983835,0
-0.57450658,1.5655695,-0.98123074,-0.70767283,0.43102193,0.55983835,0
-0.77849674,0.65308201,-0.78288305,-0.70767283,0.43102193,0.55983835,0
-0.23102546,-0.99827206,1.1919209,-0.70767283,0.43102193,0.55983835,0
-0.83479238,-2.1251614,-0.075398445,-0.70454931,-0.48993874,-0.5133909,0
-1.3160855,0.98509312,-1.5269649,-0.053003713,0.75774652,-0.65039253,0
1.3584448,0.72297859,0.453924,0.70454931,0.48993874,0.5133909,0
-0.93875337,1.2989717,-1.788125,-0.053003713,0.75774652,-0.65039253,0
0.83458734,0.79740381,0.99725878,0.70454931,0.48993874,0.5133909,0
1.2020636,-1.1673245,1.3640407,0.053003713,-0.75774652,0.65039253,0
1.329371,-0.73962975,1.9203763,0.70454931,0.48993874,0.5133909,0
-1.1980866,0.72251803,-2.2190828,-0.70454931,-0.48993874,-0.5133909,0
0.66866112,-0.93118781,0.5035975,0.70767283,-0.43102193,-0.55983835,0
-0.94337416,-1.7876065,1.0104001,-0.70767283,0.43102193,0.55983835,0
0.61682409,2.1646173,-0.46121383,-0.053003713,0.75774652,-0.65039253,0
0.64230132,-0.91741663,2.1667109,0.053003713,-0.75774652,0.65039253,0
-1.3256335,0.51551747,-1.0442536,-0.70767283,0.43102193,0.55983835,0
0.97651172,1.3581939,0.17967963,0.70454931,0.48993874,0.5133909,0
-0.75312316,-2.4236064,0.52125454,0.053003713,-0.75774652,0.65039253,0
0.71797597,-0.81831223,2.1080606,-0.70767283,0.43102193,0.55983835,0
0.66947556,-0.85215193,1.9928892,0.053003713,-0.75774652,0.65039253,0
-0.69402838,-0.40593702,-1.2832212,0.70767283,-0.43102193,-0.55983835,0
-0.31066775,1.2385365,-1.39091,-0.053003713,0.75774652,-0.65039253,0
0.54117918,2.2286646,-0.267977,-0.053003713,0.75774652,-0.65039253,0
0.47701323,2.3385816,-0.69145584,-0.053003713,0.75774652,-0.65039253,0
-0.019063652,0.60293221,-1.5693371,0.70767283,-0.43102193,-0.55983835,0
-1.18867,0.015635848,-1.6055424,-0.70454931,-0.48993874,-0.5133909,0
-0.0095178187,-1.6925986,1.2949965,0.053003713,-0.75774652,0.65039253,0
-0.81268096,-1.780884,0.1915983,-0.70454931,-0.48993874,-0.5133909,0
-0.16689703,-1.7232519,0.051802039,0.70767283,-0.43102193,-0.55983835,0
1.1520861,0.48812622,1.1491656,0.70454931,0.48993874,0.5133909,0
0.85727173,-1.2422158,1.584465,0.053003713,-0.75774652,0.65039253,0
-1.414235,0.72430611,-1.5545194,-0.70454931,-0.48993874,-0.5133909,0
0.98201752,-0.090913296,2.0503502,0.70454931,0.48993874,0.5133909,0
-0.54862416,-1.7378621,0.037994266,0.70767283,-0.43102193,-0.55983835,0
-1.0280364,0.89809692,-2.1060152,-0.053003713,0.75774652,-0.65039253,0
0.46562988,-0.028965712,-0.45136711,0.70767283,-0.43102193,-0.55983835,0
-0.750471,-1.1091136,-1.0503764,-0.70454931,-0.48993874,-0.5133909,0
-0.17663324,1.628649,-1.1219811,-0.053003713,0.75774652,-0.65039253,0
-0.77260315,-0.63605964,-0.89515698,-0.70454931,-0.48993874,-0.5133909,0
1.12029,-0.80974126,1.9348232,0.053003713,-0.75774652,0.65039253,0
0.095132686,-1.2906549,0.4042089,0.70767283,-0.43102193,-0.55983835,0
-0.19383165,1.3911216,-0.63031137,-0.70767283,0.43102193,0.55983835,0
0.6653074,1.566321,-1.2720178,-0.053003713,0.75774652,-0.65039253,0
-0.40637097,1.6117914,-1.2080863,-0.053003713,0.75774652,-0.65039253,0
-0.77928287,1.062067,-1.8760513,-0.053003713,0.75774652,-0.65039253,0
0.25623408,-1.9791292,0.63267255,0.70767283,-0.43102193,-0.55983835,0
1.4034791,1.6981599,-0.39165127,0.70454931,0.48993874,0.5133909,0
-1.0399195,-1.8276229,0.806481,0.053003713,-0.75774652,0.65039253,0
-0.43559325,-0.43230832,0.8278451,-0.70767283,0.43102193,0.55983835,0
0.72211325,-1.3027381,1.6351395,0.053003713,-0.75774652,0.65039253,0
-0.59477848,-0.32797265,-1.5461183,-0.70454931,-0.48993874,-0.5133909,0
1.4899856,0.84545857,0.42271155,0.70454931,0.48993874,0.5133909,0
0.77386618,2.3856332,-0.23407555,-0.053003713,0.75774652,-0.65039253,0
1.2407091,-0.9234364,1.5965714,0.053003713,-0.75774652,0.65039253,0
-1.1015325,0.19088185,-1.5817137,-0.70454931,-0.48993874,-0.5133909,0
-0.12536038,-1.6957004,1.0195532,0.053003713,-0.75774652,0.65039253,0
-0.8141712,-0.013336957,0.059822589,-0.70767283,0.43102193,0.55983835,0
0.36633515,-0.36622506,1.4871418,-0.70767283,0.43102193,0.55983835,0
-0.38458148,1.3630968,-1.3758619,-0.053003713,0.75774652,-0.65039253,0
-0.36732537,0.34628689,-1.7245986,0.70767283,-0.43102193,-0.55983835,0
0.060850978,1.0276754,-1.5816797,-0.053003713,0.75774652,-0.65039253,0
-0.9882378,-2.1645885,0.61007953,0.053003713,-0.75774652,0.65039253,0
0.13851261,1.6091318,-0.95656323,-0.053003713,0.75774652,-0.65039253,0
0.72188771,1.0071204,1.1940671,0.70454931,0.48993874,0.5133909,0
-0.41597176,-1.6854086,0.17755497,0.70767283,-0.43102193,-0.55983835,0
0.0019231252,1.8967525,-0.62548041,-0.053003713,0.75774652,-0.65039253,0
-0.43014652,-1.8681854,-0.063210487,0.70767283,-0.43102193,-0.55983835,0
0.87882721,0.54698002,1.2007163,0.70454931,0.48993874,0.5133909,0
-0.26989314,1.697747,-0.94901705,-0.053003713,0.75774652,-0.65039253,0
0.1644313,-1.4814941,1.2747626,0.053003713,-0.75774652,0.65039253,0
-0.73901987,-1.4745612,-0.55829901,0.70767283,-0.43102193,-0.55983835,0
-1.0542861,-0.93445534,-0.6032176,-0.70454931,-0.48993874,-0.5133909,0
-0.97072786,-0.9768483,-0.44583076,-0.70454931,-0.48993874,-0.5133909,0
-1.1507473,-1.6151154,-0.17023981,-0.70454931,-0.48993874,-0.5133909,0
1.5038557,-0.33528507,1.4417487,0.70454931,0.48993874,0.5133909,0
-0.7176863,-0.22981834,-1.4442781,0.70767283,-0.43102193,-0.55983835,0
0.43841404,0.65878117,-0.54016846,0.70767283,-0.43102193,-0.55983835,0
-1.2552062,-1.6942964,0.11440551,-0.70454931,-0.48993874,-0.5133909,0
0.75446367,1.0234095,1.2690324,0.70454931,0.48993874,0.5133909,0
0.061316729,0.74217147,-1.1995258,0.70767283,-0.43102193,-0.55983835,0
0.5711481,0.74339992,-0.7029478,0.70767283,-0.43102193,-0.55983835,0
0.50911224,-1.2135614,1.4893472,0.053003713,-0.75774652,0.65039253,0
0.43218991,2.3223128,-0.2796886,-0.053003713,0.75774652,-0.65039253,0
0.52230906,0.2062031,1.1774999,-0.70767283,0.43102193,0.55983835,0
-0.22765696,1.1345227,-1.4655414,-0.053003713,0.75774652,-0.65039253,0
-1.0901709,-0.26820111,-1.4880924,-0.70454931,-0.48993874,-0.5133909,0
-1.2004606,0.27689445,-1.1626508,-0.70767283,0.43102193,0.55983835,0
0.25423014,1.9557271,-0.61854172,-0.053003713,0.75774652,-0.65039253,0
0.27650648,2.330265,-0.58159995,-0.053003713,0.75774652,-0.65039253,0
-0.1461761,-1.6483103,0.035191655,0.70767283,-0.43102193,-0.55983835,0
-1.6286104,0.74949515,-1.4623095,-0.70767283,0.43102193,0.55983835,0
0.6334458,1.4838901,0.46555424,0.70454931,0.48993874,0.5133909,0
0.2538515,-0.56700701,0.14528388,0.70767283,-0.43102193,-0.55983835,0
-1.3471624,-1.77421,0.714203,-0.70454931,-0.48993874,-0.5133909,0
1.0143207,2.0745702,-0.72493196,-0.053003713,0.75774652,-0.65039253,0
0.73497826,1.0495907,1.1598513,-0.70767283,0.43102193,0.55983835,0
0.49865291,1.8985457,-1.1226928,-0.053003713,0.75774652,-0.65039253,0
0.21546747,-0.89859587,-0.1690231,0.70767283,-0.43102193,-0.55983835,0
-0.62111068,0.1805805,0.28488812,-0.70767283,0.43102193,0.55983835,0
1.0094217,1.2250308,0.58068812,0.70454931,0.48993874,0.5133909,0
-0.80340779,-1.9778776,0.90380621,0.053003713,-0.75774652,0.65039253,0
-0.46067253,1.4330609,-1.1983883,-0.053003713,0.75774652,-0.65039253,0
-0.40604538,0.52966028,-0.17045563,-0.70767283,0.43102193,0.55983835,0
-1.463383,0.77341092,-1.7849889,-0.70454931,-0.48993874,-0.5133909,0
0.56126678,-0.079897046,-0.021348387,0.70767283,-0.43102193,-0.55983835,0
0.56365824,-1.2914464,1.4086612,0.053003713,-0.75774652,0.65039253,0
0.1222514,1.9587386,-0.98946929,-0.053003713,0.75774652,-0.65039253,0
0.40573424,0.27558112,1.348008,-0.70767283,0.43102193,0.55983835,0
-0.90179515,-1.7716881,0.99215412,0.053003713,-0.75774652,0.65039253,0
-0.19128251,-1.3565786,1.452216,0.053003713,-0.75774652,0.65039253,0
-0.86620301,-2.0822644,0.6908071,0.053003713,-0.75774652,0.65039253,0
-0.68408751,-1.1033621,0.68424129,-0.70767283,0.43102193,0.55983835,0
-0.45431501,1.4950784,-1.0482471,-0.70767283,0.43102193,0.55983835,0
1.090611,0.54761195,0.88934118,0.70454931,0.48993874,0.5133909,0
-0.80609447,-1.1503584,-0.78228188,0.70767283,-0.43102193,-0.55983835,0
-0.9239198,-0.20140517,-1.7234731,-0.70454931,-0.48993874,-0.5133909,0
0.036945172,1.9835331,-0.94680214,-0.053003713,0.75774652,-0.65039253,0
-1.2894651,-1.3396213,0.28491259,-0.70767283,0.43102193,0.55983835,0
0.49837351,1.5481417,0.40458941,-0.70767283,0.43102193,0.55983835,0
0.77581799,-1.7613914,1.1586525,0.70767283,-0.43102193,-0.55983835,0
0.1914625,2.2824361,-0.43957853,-0.053003713,0.75774652,-0.65039253,0
0.28694379,-1.2438403,1.8637358,0.053003713,-0.75774652,0.65039253,0
1.2354753,-0.41405565,1.3518583,0.70454931,0.48993874,0.5133909,0
-0.56692266,-0.46789408,-1.3848394,0.70767283,-0.43102193,-0.55983835,0
-1.2052474,-0.46028185,-0.52830899,-0.70454931,-0.48993874,-0.5133909,0
0.49907541,-0.99279267,1.9954865,0.053003713,-0.75774652,0.65039253,0
-0.67857593,-1.3433279,1.1527256,-0.70767283,0.43102193,0.55983835,0
-0.2517302,-0.94638693,-0.43343741,0.70767283,-0.43102193,-0.55983835,0
0.68438423,-0.99613869,0.71279085,0.70767283,-0.43102193,-0.55983835,0
-0.52720141,1.6100299,-1.0427012,-0.053003713,0.75774652,-0.65039253,0
-0.59693372,-1.0691922,0.97348773,-0.70767283,0.43102193,0.55983835,0
-0.34880534,-2.2635977,0.75588822,0.053003713,-0.75774652,0.65039253,0
0.42182976,-1.1376184,1.5694457,0.053003713,-0.75774652,0.65039253,0
-0.062809587,-1.4829443,1.093016,0.053003713,-0.75774652,0.65039253,0
-1.2015216,0.82493299,-2.1067557,-0.053003713,0.75774652,-0.65039253,0
-0.40160748,-2.3572152,0.37274265,0.053003713,-0.75774652,0.65039253,0
-0.63975072,0.46971175,-0.092067122,-0.70767283,0.43102193,0.55983835,0
-0.79096377,-1.8946224,-0.36201453,-0.70454931,-0.48993874,-0.5133909,0
-1.0989903,-2.3512845,0.59903431,0.053003713,-0.75774652,0.65039253,0
-0.28115872,1.4116225,-1.1439282,-0.053003713,0.75774652,-0.65039253,0
-0.84694731,-1.5959828,1.1691093,0.053003713,-0.75774652,0.65039253,0
0.89144844,-0.58790302,2.022963,0.70454931,0.48993874,0.5133909,0
0.1394816,-0.52873778,1.3438301,-0.70767283,0.43102193,0.55983835,0
0.26201856,1.1994901,-1.568749,-0.053003713,0.75774652,-0.65039253,0
0.77394283,1.9692397,-0.83703613,-0.053003713,0.75774652,-0.65039253,0
-1.3332795,0.19961637,-1.5816345,-0.70454931,-0.48993874,-0.5133909,0
-0.64318377,0.58824944,-1.9824123,0.70767283,-0.43102193,-0.55983835,0
1.4313586,-0.14841944,0.72476137,0.70767283,-0.43102193,-0.55983835,0
0.40766948,0.89828104,0.80767351,-0.70767283,0.43102193,0.55983835,0
-1.1990718,-2.0764368,0.55260324,-0.70454931,-0.48993874,-0.5133909,0
1.113345,-0.93588191,2.1080213,0.053003713,-0.75774652,0.65039253,0
1.4010729,-0.4082059,1.228492,0.70454931,0.48993874,0.5133909,0
0.48311216,0.59787917,1.2284234,-0.70767283,0.43102193,0.55983835,0
-0.30415657,-0.55972415,0.74256241,-0.70767283,0.43102193,0.55983835,0
-1.2345129,-0.093615174,-1.2479234,-0.70454931,-0.48993874,-0.5133909,0
1.0646902,1.0626383,0.33246779,0.70454931,0.48993874,0.5133909,0
-0.01495263,-1.7805953,1.1126947,0.053003713,-0.75774652,0.65039253,0
0.1151702,2.0236437,-0.72091269,-0.053003713,0.75774652,-0.65039253,0
0.77237463,-1.46158,1.0500576,0.70767283,-0.43102193,-0.55983835,0
0.78055441,-0.16219354,2.0311635,0.70454931,0.48993874,0.5133909,0
-0.42782024,-1.9876646,0.15705729,0.70767283,-0.43102193,-0.55983835,0
1.1651366,0.18157576,0.34380856,0.70767283,-0.43102193,-0.55983835,0
0.94684273,1.2945465,-0.62599158,0.70767283,-0.43102193,-0.55983835,0
0.82697862,1.2992654,0.26139158,0.70454931,0.48993874,0.5133909,0
-1.1239784,-0.90829748,-0.87983727,-0.70454931,-0.48993874,-0.5133909,0
-0.14862181,-2.2822316,0.5406127,0.053003713,-0.75774652,0.65039253,0
-0.45313719,1.6392407,-1.3573809,-0.053003713,0.75774652,-0.65039253,0
1.1172919,0.76334411,-0.066456497,0.70767283,-0.43102193,-0.55983835,0
0.1265569,1.4814024,-1.0552397,-0.053003713,0.75774652,-0.65039253,0
0.70705175,-0.35465977,0.12944108,0.70767283,-0.43102193,-0.55983835,0
-0.12339085,1.5411631,-1.2244408,-0.053003713,0.75774652,-0.65039253,0
-1.1075095,0.2637527,-1.6734407,-0.70454931,-0.48993874,-0.5133909,0
-0.16236007,-1.2359846,1.5227569,0.053003713,-0.75774652,0.65039253,0
0.18981475,1.9161181,-0.59520698,-0.053003713,0.75774652,-0.65039253,0
-0.65031874,-0.10761893,-1.5526073,-0.70454931,-0.48993874,-0.5133909,0
1.4666283,1.6258945,-0.56793642,0.70767283,-0.43102193,-0.55983835,0
-0.88537329,0.82274735,-2.0681481,-0.053003713,0.75774652,-0.65039253,0
1.636335,-0.72338599,1.4905282,0.70454931,0.48993874,0.5133909,0
-0.30399883,-2.4046569,0.46716452,0.70767283,-0.43102193,-0.55983835,0
-0.35113624,-1.9419934,0.66134477,0.053003713,-0.75774652,0.65039253,0
0.20898217,1.5902474,-1.330591,-0.053003713,0.75774652,-0.65039253,0
0.70760787,-1.4779532,1.3747349,0.053003713,-0.75774652,0.65039253,0
0.95630056,0.17158943,1.3774571,0.70454931,0.48993874,0.5133909,0
-0.7552619,-0.73393518,0.21849269,-0.70767283,0.43102193,0.55983835,0
1.1556375,-0.045476794,1.4600303,0.70454931,0.48993874,0.5133909,0
-0.34452817,-2.4878886,0.3040874,0.053003713,-0.75774652,0.65039253,0
-0.55036891,0.71931481,-2.3175635,-0.053003713,0.75774652,-0.65039253,0
-0.47147056,-2.2170577,0.37925386,0.053003713,-0.75774652,0.65039253,0
-0.14699495,1.0240345,-2.090637,-0.053003713,0.75774652,-0.65039253,0
1.0315444,0.73970711,0.57854295,0.70454931,0.48993874,0.5133909,0
0.80228424,-1.3370483,1.297096,0.053003713,-0.75774652,0.65039253,0
0.45619583,1.757056,-1.167269,-0.053003713,0.75774652,-0.65039253,0
-0.42711121,0.13181627,-1.4838934,0.70767283,-0.43102193,-0.55983835,0
1.4376907,0.51256001,0.2515648,0.70454931,0.48993874,0.5133909,0
0.60161746,-0.71450317,2.2492995,0.053003713,-0.75774652,0.65039253,0
0.13044524,-0.59410489,1.5944331,-0.70767283,0.43102193,0.55983835,0
-0.70182693,0.31216747,-0.077760518,-0.70767283,0.43102193,0.55983835,0
1.0095364,1.5940006,-0.80135834,0.70767283,-0.43102193,-0.55983835,0
1.1011575,-0.4171387,0.50121135,0.70767283,-0.43102193,-0.55983835,0
-1.0440631,-2.1322029,0.81226325,0.053003713,-0.75774652,0.65039253,0
1.364801,-1.1689216,1.3806982,0.70767283,-0.43102193,-0.55983835,0
0.75471354,1.7275499,-0.85675931,-0.053003713,0.75774652,-0.65039253,0
1.184733,1.9206372,-0.75121999,0.70454931,0.48993874,0.5133909,0
1.0760286,-0.30859601,2.0781782,0.70454931,0.48993874,0.5133909,0
0.18733233,-0.9382233,1.806746,0.053003713,-0.75774652,0.65039253,0
-0.94500196,0.52699733,-0.560256,-0.70767283,0.43102193,0.55983835,0
-0.2148867,-1.690354,0.84787703,0.053003713,-0.75774652,0.65039253,0
-0.76489908,0.95632595,-1.9656912,-0.053003713,0.75774652,-0.65039253,0
1.1217566,1.7658496,-0.93295825,-0.053003713,0.75774652,-0.65039253,0
-1.4421916,0.73614484,-1.4889923,-0.70454931,-0.48993874,-0.5133909,0
-1.1051152,0.85177392,-2.1411126,-0.053003713,0.75774652,-0.65039253,0
-0.65558791,-2.4007618,0.1215353,-0.70454931,-0.48993874,-0.5133909,0
1.1595745,-1.3143443,1.6489487,0.053003713,-0.75774652,0.65039253,0
-1.062003,-1.5721847,0.67913973,-0.70767283,0.43102193,0.55983835,0
-1.1975133,0.59524739,-1.7208352,-0.70454931,-0.48993874,-0.5133909,0
-1.176439,-1.1435522,-0.36158442,-0.70454931,-0.48993874,-0.5133909,0
-0.70552582,-1.4604006,1.0251485,-0.70767283,0.43102193,0.55983835,0
0.98634171,1.9850039,-0.74291468,-0.053003713,0.75774652,-0.65039253,0
0.29516664,-1.6553385,1.3930285,0.053003713,-0.75774652,0.65039253,0
0.25125387,1.9200835,-0.64898443,-0.053003713,0.75774652,-0.65039253,0
-0.8536675,-0.24442469,-0.043701544,-0.70767283,0.43102193,0.55983835,0
0.1362644,1.9090179,-1.1674337,-0.053003713,0.75774652,-0.65039253,0
-1.3018479,0.50492567,-1.9097221,-0.70454931,-0.48993874,-0.5133909,0
-0.79842722,-1.8549557,1.1347771,0.053003713,-0.75774652,0.65039253,0
0.53783977,2.1925621,-0.29521608,-0.70767283,0.43102193,0.55983835,0
1.3789709,0.90264988,0.48390195,0.70454931,0.48993874,0.5133909,0
0.66531467,1.7273138,0.19462657,0.70454931,0.48993874,0.5133909,0
-0.21954392,-2.2300858,0.6488533,0.053003713,-0.75774652,0.65039253,0
1.291693,0.19611906,0.73717451,0.70454931,0.48993874,0.5133909,0
0.40803248,1.6474007,-1.0260113,-0.053003713,0.75774652,-0.65039253,0
-0.68442285,-1.6007022,1.281269,0.053003713,-0.75774652,0.65039253,0
-0.44367993,-0.81889373,-0.77774113,0.70767283,-0.43102193,-0.55983835,0
0.73967487,-1.0840261,1.5524858,0.053003713,-0.75774652,0.65039253,0
0.6250478,2.0079679,-0.71273422,-0.053003713,0.75774652,-0.65039253,0
1.2941039,-0.78998184,1.8703413,0.70454931,0.48993874,0.5133909,0
0.17267823,0.14242864,1.264694,-0.70767283,0.43102193,0.55983835,0
0.6853773,0.63754654,-0.19419795,0.70767283,-0.43102193,-0.55983835,0
1.1607478,-1.087164,1.5682371,0.053003713,-0.75774652,0.65039253,0
-0.8557207,-0.37704182,-1.0473137,-0.70454931,-0.48993874,-0.5133909,0
-1.1783547,-1.7032547,0.23923016,-0.70454931,-0.48993874,-0.5133909,0
-0.15311348,1.0991374,-1.4853877,-0.053003713,0.75774652,-0.65039253,0
0.9985587,1.6199855,0.34017956,0.70454931,0.48993874,0.5133909,0
-0.24454047,-2.0021863,0.87633491,0.053003713,-0.75774652,0.65039253,0
-0.59670961,-2.430409,-0.0053064823,-0.70454931,-0.48993874,-0.5133909,0
-0.78511775,0.8985498,-1.7521169,-0.053003713,0.75774652,-0.65039253,0
-1.1716982,0.73051631,-2.2362204,-0.053003713,0.75774652,-0.65039253,0
0.83994746,2.3269875,-0.32188916,-0.053003713,0.75774652,-0.65039253,0
-0.71968317,-1.0276705,-1.1745327,-0.70454931,-0.48993874,-0.5133909,0
0.42660949,-1.380031,0.58256805,0.70767283,-0.43102193,-0.55983835,0
0.50288337,-0.64782953,0.15431315,0.70767283,-0.43102193,-0.55983835,0
0.96212828,1.4795723,-1.1254005,0.70767283,-0.43102193,-0.55983835,0
-0.54524815,-2.2234015,0.4978435,0.053003713,-0.75774652,0.65039253,0
0.14684138,-1.6088706,1.2834268,0.053003713,-0.75774652,0.65039253,0
-1.3533869,0.17943799,-1.559167,-0.70454931,-0.48993874,-0.5133909,0
1.1704394,-0.63926947,1.9036279,0.70454931,0.48993874,0.5133909,0
0.61979085,-0.13772178,-0.13053808,0.70767283,-0.43102193,-0.55983835,0
-0.57895541,0.031728208,0.32009771,-0.70767283,0.43102193,0.55983835,0
0.060761631,-1.6911658,1.0988693,0.053003713,-0.75774652,0.65039253,0
1.3413759,1.3167584,0.090807796,0.70454931,0.48993874,0.5133909,0
-0.087207526,-1.5191096,0.0071108341,0.70767283,-0.43102193,-0.55983835,0
-1.4386991,0.81776524,-1.714239,-0.70454931,-0.48993874,-0.5133909,0
0.96470368,-0.68408072,2.1889589,0.70454931,0.48993874,0.5133909,0
-0.38593346,1.0883069,-1.936914,-0.053003713,0.75774652,-0.65039253,0
1.2327473,2.2012084,-0.82170248,-0.053003713,0.75774652,-0.65039253,0
-0.32036713,-1.8753048,0.1470468,0.70767283,-0.43102193,-0.55983835,0
0.94460016,2.1317649,-0.1556654,0.70454931,0.48993874,0.5133909,0
-0.82135844,0.073889732,-1.8896656,-0.70454931,-0.48993874,-0.5133909,0
-0.88758385,-1.6775675,0.8678,-0.70767283,0.43102193,0.55983835,0
1.3765527,2.2345653,-0.76611948,0.70454931,0.48993874,0.5133909,0
0.74736947,2.3245687,-0.038351297,0.70454931,0.48993874,0.5133909,0
0.16886979,1.0426311,-1.3338015,0.70767283,-0.43102193,-0.55983835,0
0.73068994,1.7242326,-1.056866,-0.053003713,0.75774652,-0.65039253,0
1.2970102,0.65731812,0.34959865,0.70767283,-0.43102193,-0.55983835,0
-0.93423092,-1.448756,-0.052791476,-0.70454931,-0.48993874,-0.5133909,0
-0.54009861,0.99331456,-1.8641858,-0.053003713,0.75774652,-0.65039253,0
0.18502533,1.9913272,-0.31324625,-0.70767283,0.43102193,0.55983835,0
0.13854472,-1.8969989,1.0485439,0.053003713,-0.75774652,0.65039253,0
1.0716419,-0.91597831,1.175631,0.70767283,-0.43102193,-0.55983835,0
0.61346328,2.3602991,-0.24892902,0.70454931,0.48993874,0.5133909,0
0.29266739,0.42260936,-0.55989635,0.70767283,-0.43102193,-0.55983835,0
-0.91010273,0.91213131,-2.1556401,-0.053003713,0.75774652,-0.65039253,0
0.88333493,-0.85939604,2.1085896,0.053003713,-0.75774652,0.65039253,0
0.86279011,-0.46519601,1.9131763,0.70454931,0.48993874,0.5133909,0
-1.3637171,0.52139306,-1.4598336,-0.70454931,-0.48993874,-0.5133909,0
1.2195874,-0.05691883,0.33544809,0.70767283,-0.43102193,-0.55983835,0
0.76237851,0.3509129,-0.056529477,0.70767283,-0.43102193,-0.55983835,0
-0.66058218,-1.8848689,1.1228023,0.053003713,-0.75774652,0.65039253,0
-1.3736485,-1.2428125,0.32497871,-0.70767283,0.43102193,0.55983835,0
0.4340483,0.26886034,1.2751056,-0.70767283,0.43102193,0.55983835,0
-1.3303823,-0.31814101,-1.1804886,-0.70454931,-0.48993874,-0.5133909,0
0.4506456,-0.7131176,0.23852229,0.70767283,-0.43102193,-0.55983835,0
-1.5391569,0.27320996,-1.4479107,-0.70454931,-0.48993874,-0.5133909,0
0.35541061,-1.9213561,1.0854819,0.053003713,-0.75774652,0.65039253,0
0.22705634,1.7667756,-0.18049192,-0.70767283,0.43102193,0.55983835,0
-0.70129013,-2.0559821,0.43940997,0.053003713,-0.75774652,0.65039253,0
-0.9766742,-0.75950474,-0.96114129,-0.70454931,-0.48993874,-0.5133909,0
-1.146523,-1.2277857,0.020420313,-0.70454931,-0.48993874,-0.5133909,0
-0.32856661,1.4847319,-1.0050441,-0.70767283,0.43102193,0.55983835,0
0.12716427,1.8075373,-1.2837555,-0.053003713,0.75774652,-0.65039253,0
-0.45390123,-1.404349,1.1894569,-0.70767283,0.43102193,0.55983835,0
0.1147638,1.4851742,0.096312881,-0.70767283,0.43102193,0.55983835,0
-0.25479478,-0.20280528,-1.3774624,0.70767283,-0.43102193,-0.55983835,0
-0.8971287,-0.61427951,-0.92613274,-0.70454931,-0.48993874,-0.5133909,0
-0.47780776,-0.96435475,0.92730749,-0.70767283,0.43102193,0.55983835,0
0.91846532,-0.35712713,1.6451079,0.70454931,0.48993874,0.5133909,0
-0.3691318,-1.814476,0.69759989,0.053003713,-0.75774652,0.65039253,0
0.87197477,-0.34538734,1.791872,0.70454931,0.48993874,0.5133909,0
-0.67984295,0.48149589,-0.055321515,-0.70767283,0.43102193,0.55983835,0
0.27807173,1.4577639,-1.379958,-0.053003713,0.75774652,-0.65039253,0
0.9553889,1.4505402,0.040675282,0.70454931,0.48993874,0.5133909,0
1.0457876,0.8183499,-0.3703739,0.70767283,-0.43102193,-0.55983835,0
-1.0744925,-1.8347383,0.93240952,0.053003713,-0.75774652,0.65039253,0
-0.1461429,-1.2860849,1.8139948,0.053003713,-0.75774652,0.65039253,0
1.0580956,1.1409177,0.084593832,0.70454931,0.48993874,0.5133909,0
0.63187015,1.6576898,0.35131538,0.70454931,0.48993874,0.5133909,0
-0.16072935,-1.1925747,1.5066991,0.053003713,-0.75774652,0.65039253,0
-1.2922139,0.70702702,-1.8796574,-0.70454931,-0.48993874,-0.5133909,0
-1.1597605,0.021070004,-1.6574283,-0.70454931,-0.48993874,-0.5133909,0
0.31836823,0.99310338,0.28438038,-0.70767283,0.43102193,0.55983835,0
0.40045655,0.097153425,-0.66004908,0.70767283,-0.43102193,-0.55983835,0
0.040509835,1.5540735,-0.96105731,-0.053003713,0.75774652,-0.65039253,0
-0.37397298,-0.29579806,0.36305049,-0.70767283,0.43102193,0.55983835,0
1.2263325,0.43062311,0.66458052,0.70454931,0.48993874,0.5133909,0
-1.3967009,-0.50779295,-0.89524961,-0.70454931,-0.48993874,-0.5133909,0
-0.54290181,1.265908,-0.74041557,-0.70767283,0.43102193,0.55983835,0
0.24698101,2.0904932,-0.57961726,-0.053003713,0.75774652,-0.65039253,0
-0.16043526,-1.926863,0.69536257,0.053003713,-0.75774652,0.65039253,0
1.2018481,1.33252,-0.067675591,0.70454931,0.48993874,0.5133909,0
0.79120773,-1.1906812,0.93439746,0.70767283,-0.43102193,-0.55983835,0
-1.448352,0.42029649,-1.6363581,-0.70454931,-0.48993874,-0.5133909,0
1.1698706,-1.0488956,1.323835,0.70767283,-0.43102193,-0.55983835,0
-0.075378597,-1.5588694,0.95958185,0.053003713,-0.75774652,0.65039253,0
0.35838065,1.5075475,-1.1272305,-0.053003713,0.75774652,-0.65039253,0
-1.3358074,0.14713886,-1.1625655,-0.70454931,-0.48993874,-0.5133909,0
1.0701387,0.99809659,0.78282267,0.70454931,0.48993874,0.5133909,0
-0.53197408,0.98480368,-1.8421564,-0.053003713,0.75774652,-0.65039253,0
0.54413712,-1.6630585,1.1002097,0.053003713,-0.75774652,0.65039253,0
1.091501,-1.0459363,1.3520758,0.70767283,-0.43102193,-0.55983835,0
0.55465168,0.63181627,1.1336281,-0.70767283,0.43102193,0.55983835,0
0.12939858,1.3255818,-1.5053153,-0.053003713,0.75774652,-0.65039253,0
-0.94244337,-0.047062874,-1.4014566,-0.70454931,-0.48993874,-0.5133909,0
0.77903569,0.77800584,0.74219322,0.70454931,0.48993874,0.5133909,0
-0.99030781,-1.9074545,0.35154283,-0.70454931,-0.48993874,-0.5133909,0
0.0078226924,-1.3373467,1.2999294,0.053003713,-0.75774652,0.65039253,0
0.11659005,1.8968664,-0.93903255,-0.053003713,0.75774652,-0.65039253,0
-0.55412143,-0.86294866,1.1311005,-0.70767283,0.43102193,0.55983835,0
-0.89319766,-0.75744581,0.48357195,-0.70767283,0.43102193,0.55983835,0
0.35323173,2.2194202,-0.55112028,-0.053003713,0.75774652,-0.65039253,0
-0.20907265,-1.8171608,0.33133173,0.70767283,-0.43102193,-0.55983835,0
-0.27772179,-1.745764,-0.092509151,0.70767283,-0.43102193,-0.55983835,0
0.5896107,-0.76911438,2.1049371,-0.70767283,0.43102193,0.55983835,0
-1.025682,-0.80576307,-0.61651814,-0.70454931,-0.48993874,-0.5133909,0
-0.2234668,-2.131062,0.90744972,0.053003713,-0.75774652,0.65039253,0
-0.86407018,-1.9898026,0.77166843,0.053003713,-0.75774652,0.65039253,0
-0.20930323,-2.0822709,0.68978763,0.053003713,-0.75774652,0.65039253,0
-0.62560475,1.0621872,-1.4887038,-0.053003713,0.75774652,-0.65039253,0
-0.76789534,-2.2884679,0.73045254,0.053003713,-0.75774652,0.65039253,0
-1.1055248,-0.91688824,0.13993108,-0.70767283,0.43102193,0.55983835,0
-0.86707389,-1.0396481,-0.6280458,-0.70454931,-0.48993874,-0.5133909,0
-1.1102141,-0.94696426,-0.16261208,-0.70454931,-0.48993874,-0.5133909,0
-1.0275735,-0.491826,-0.86509532,-0.70454931,-0.48993874,-0.5133909,0
-0.83090609,-1.2571898,-0.84590864,-0.70454931,-0.48993874,-0.5133909,0
0.73657465,-0.13207029,0.41016385,0.70767283,-0.43102193,-0.55983835,0
0.31505847,-0.077614725,-0.2150609,0.70767283,-0.43102193,-0.55983835,0
1.0444112,1.2737589,0.57838321,0.70454931,0.48993874,0.5133909,0
0.24512672,0.28047889,1.011072,-0.70767283,0.43102193,0.55983835,0
-0.89316416,1.1052499,-1.5038668,-0.053003713,0.75774652,-0.65039253,0
-1.2647605,0.46074581,-1.9275295,-0.70454931,-0.48993874,-0.5133909,0
-1.38981,-0.31860632,-0.63726598,-0.70454931,-0.48993874,-0.5133909,0
0.75188166,-0.85030222,2.018302,0.053003713,-0.75774652,0.65039253,0
-0.56302381,-1.6690962,-0.47322464,-0.70454931,-0.48993874,-0.5133909,0
1.0969813,-1.2397052,1.6687512,0.053003713,-0.75774652,0.65039253,0
-1.4768459,0.54351062,-1.4725335,-0.70454931,-0.48993874,-0.5133909,0
-0.30379659,-1.6179444,1.197179,0.053003713,-0.75774652,0.65039253,0
0.60270274,-1.0828303,1.9498776,0.053003713,-0.75774652,0.65039253,0
-1.1502733,-1.4446669,0.10923445,-0.70454931,-0.48993874,-0.5133909,0
-0.49947214,0.0099214315,-1.5682232,0.70767283,-0.43102193,-0.55983835,0
-1.0767164,1.0174481,-1.8501054,-0.053003713,0.75774652,-0.65039253,0
1.263469,2.0554528,-0.96166158,-0.053003713,0.75774652,-0.65039253,0
-0.18505634,0.57922137,0.26914421,-0.70767283,0.43102193,0.55983835,0
0.559407,-0.9473927,2.0953944,0.053003713,-0.75774652,0.65039253,0
0.55150139,-1.1042783,1.4812616,0.053003713,-0.75774652,0.65039253,0
-0.3887496,-1.4025233,1.230075,-0.70767283,0.43102193,0.55983835,0
0.88960928,0.91010869,0.98673004,0.70454931,0.48993874,0.5133909,0
-1.3787296,0.68376714,-2.0474446,-0.70454931,-0.48993874,-0.5133909,0
0.1901466,1.9724946,-0.82017064,-0.053003713,0.75774652,-0.65039253,0
1.158152,-0.23245722,1.6088688,0.70454931,0.48993874,0.5133909,0
-1.2573385,-0.49993056,-0.69600189,-0.70454931,-0.48993874,-0.5133909,0
0.99623907,1.6727228,0.038653255,0.70454931,0.48993874,0.5133909,0
0.21491337,-1.6441321,0.65071249,0.70767283,-0.43102193,-0.55983835,0
-0.36877835,-1.8942206,1.0755384,0.053003713,-0.75774652,0.65039253,0
-0.19025284,1.2386613,-1.3846508,-0.053003713,0.75774652,-0.65039253,0
0.12616767,-0.56838173,0.035089135,0.70767283,-0.43102193,-0.55983835,0
-0.35419577,-2.2372499,0.21476841,0.70767283,-0.43102193,-0.55983835,0
0.37298432,1.5833896,-0.96098876,-0.053003713,0.75774652,-0.65039253,0
-0.91826695,1.064799,-1.7807268,-0.053003713,0.75774652,-0.65039253,0
1.1736021,-0.96156859,1.5612062,0.053003713,-0.75774652,0.65039253,0
1.409313,0.67460173,0.70760417,0.70454931,0.48993874,0.5133909,0
0.83872402,1.4323961,0.69416982,0.70454931,0.48993874,0.5133909,0
0.94924974,-0.16107917,1.7383621,0.70454931,0.48993874,0.5133909,0
0.11750287,-1.8511864,0.50011897,0.70767283,-0.43102193,-0.55983835,0
0.23805979,0.23055434,-1.0775077,0.70767283,-0.43102193,-0.55983835,0
0.36688828,-1.5020437,1.3764894,0.053003713,-0.75774652,0.65039253,0
-1.1885256,-0.3340618,-0.63911623,-0.70454931,-0.48993874,-0.5133909,0
0.84426737,-0.060432792,1.7857132,0.70454931,0.48993874,0.5133909,0
0.69695687,1.842375,0.10869932,0.70454931,0.48993874,0.5133909,0
-0.40433317,-2.1059637,0.33242846,0.70767283,-0.43102193,-0.55983835,0
-1.0824726,-0.66662359,-0.89130449,-0.70454931,-0.48993874,-0.5133909,0
1.1150329,-0.010967016,1.2238512,0.70454931,0.48993874,0.5133909,0
1.1869298,0.63793874,0.53749108,0.70454931,0.48993874,0.5133909,0
-0.17682342,2.1148758,-0.85554481,-0.053003713,0.75774652,-0.65039253,0
0.50920373,2.3593693,-0.22944307,0.70454931,0.48993874,0.5133909,0
0.68225539,1.7289238,-0.96316826,-0.053003713,0.75774652,-0.65039253,0
-0.8224442,0.26455331,-1.6962765,-0.70454931,-0.48993874,-0.5133909,0
-0.58155996,-0.86676157,0.75296676,-0.70767283,0.43102193,0.55983835,0
0.91384149,-0.38608283,1.8116579,0.70454931,0.48993874,0.5133909,0
-0.40122265,-1.8001405,1.1102788,0.053003713,-0.75774652,0.65039253,0
-0.82044458,-2.1798563,0.19200277,-0.70454931,-0.48993874,-0.5133909,0
-1.135717,-1.9319888,1.0507383,0.053003713,-0.75774652,0.65039253,0
-0.29459536,1.2468454,-1.3971446,-0.053003713,0.75774652,-0.65039253,0
0.28357095,-1.502823,1.1521022,0.053003713,-0.75774652,0.65039253,0
0.35728282,2.1035242,-0.76878881,-0.053003713,0.75774652,-0.65039253,0
1.1312516,0.76321447,0.77741778,0.70454931,0.48993874,0.5133909,0
-0.39885473,-1.7027406,1.39957,0.053003713,-0.75774652,0.65039253,0
0.66061765,2.0502954,-0.99567914,-0.053003713,0.75774652,-0.65039253,0
0.21535362,-0.63959795,0.095455945,0.70767283,-0.43102193,-0.55983835,0
0.63279486,2.3522964,-0.17931128,0.70454931,0.48993874,0.5133909,0
-0.63215709,-1.6231277,-0.37585604,-0.70454931,-0.48993874,-0.5133909,0
0.17147395,-1.5293442,1.3143122,0.053003713,-0.75774652,0.65039253,0
0.38888937,1.9005575,-0.61941838,-0.053003713,0.75774652,-0.65039253,0
-0.88579923,-0.82322919,-0.96437454,-0.70454931,-0.48993874,-0.5133909,0
1.2409348,1.3102709,-0.055461168,0.70454931,0.48993874,0.5133909,0
-0.022907019,-1.0535117,1.7621415,0.053003713,-0.75774652,0.65039253,0
1.2822416,-0.44945118,1.4255313,0.70454931,0.48993874,0.5133909,0
-1.3571612,-0.37986627,-0.35203186,-0.70454931,-0.48993874,-0.5133909,0
-0.83734989,-1.6431212,0.9928416,-0.70767283,0.43102193,0.55983835,0
-0.46106678,-1.7725155,0.87205124,0.053003713,-0.75774652,0.65039253,0
-0.7106151,-1.3227495,-0.8954097,0.70767283,-0.43102193,-0.55983835,0
-0.093501806,1.5773067,-1.4805348,-0.053003713,0.75774652,-0.65039253,0
-0.036928773,1.0703712,-1.5825698,-0.053003713,0.75774652,-0.65039253,0
1.0895729,0.26934418,1.0996941,0.70454931,0.48993874,0.5133909,0
-1.5021768,-1.4565494,0.37129176,-0.70454931,-0.48993874,-0.5133909,0
-0.855923,0.80310112,-2.069149,-0.053003713,0.75774652,-0.65039253,0
1.293855,2.0062516,-0.9310019,-0.053003713,0.75774652,-0.65039253,0
0.3505215,-1.5550919,0.6987431,0.70767283,-0.43102193,-0.55983835,0
1.1460116,2.1820478,-0.77727771,-0.053003713,0.75774652,-0.65039253,0
-0.31419533,-2.0085168,0.57206321,0.053003713,-0.75774652,0.65039253,0
0.40464756,1.5249201,-1.0751191,-0.053003713,0.75774652,-0.65039253,0
-0.79619402,-1.7243313,0.8844285,0.053003713,-0.75774652,0.65039253,0
0.35164627,-0.69155025,-0.18290961,0.70767283,-0.43102193,-0.55983835,0
-0.66104108,1.1101999,-0.68873227,-0.70767283,0.43102193,0.55983835,0
0.83486998,0.72555292,1.2356052,0.70454931,0.48993874,0.5133909,0
-0.96777821,0.78265834,-2.2579579,-0.053003713,0.75774652,-0.65039253,0
0.55792844,-0.7836228,1.8788999,0.053003713,-0.75774652,0.65039253,0
1.2421334,-0.0072109699,1.4291313,0.70454931,0.48993874,0.5133909,0
-0.83318788,-0.3958199,-1.3668948,-0.70454931,-0.48993874,-0.5133909,0
0.862831,-0.95280278,0.97062206,0.70767283,-0.43102193,-0.55983835,0
0.85061562,2.1986368,-0.32327294,-0.053003713,0.75774652,-0.65039253,0
0.92314899,1.6180472,-0.84079468,0.70767283,-0.43102193,-0.55983835,0
0.95760041,0.034582153,0.29719782,0.70767283,-0.43102193,-0.55983835,0
0.9309392,0.95076001,0.87138581,0.70454931,0.48993874,0.5133909,0
-0.20101801,-0.86529648,1.1641711,-0.70767283,0.43102193,0.55983835,0
1.2094097,-0.80252492,1.8160018,0.053003713,-0.75774652,0.65039253,0
0.37958655,-1.2649306,1.269478,0.053003713,-0.75774652,0.65039253,0
1.5032748,1.1032932,0.0081134439,0.70454931,0.48993874,0.5133909,0
0.81194723,-1.0728632,2.0052261,0.053003713,-0.75774652,0.65039253,0
0.75093144,1.1185648,0.94931149,0.70454931,0.48993874,0.5133909,0
-1.068349,-1.5449305,0.2359699,-0.70454931,-0.48993874,-0.5133909,0
-0.53052074,0.4082312,-0.40986454,-0.70767283,0.43102193,0.55983835,0
-1.1593626,1.4118855,-1.3393819,-0.70767283,0.43102193,0.55983835,0
1.224946,1.2703376,0.11772025,0.70454931,0.48993874,0.5133909,0
0.97400951,0.77091336,0.68184042,0.70454931,0.48993874,0.5133909,0
-0.10682255,-0.066948295,-1.3196822,0.70767283,-0.43102193,-0.55983835,0
0.55061805,1.5775604,-1.4648595,-0.053003713,0.75774652,-0.65039253,0
-0.11940591,-1.8794799,0.56284547,0.70767283,-0.43102193,-0.55983835,0
-0.10160923,1.4123578,-1.4577299,-0.053003713,0.75774652,-0.65039253,0
1.2313551,1.902563,-0.24168527,0.70454931,0.48993874,0.5133909,0
-0.94369346,-2.2069037,0.22698832,-0.70454931,-0.48993874,-0.5133909,0
-1.0886507,-0.37217638,-1.0848564,-0.70454931,-0.48993874,-0.5133909,0
0.21543509,-1.7053082,1.3251443,0.053003713,-0.75774652,0.65039253,0
0.98634589,1.0434132,0.41609386,0.70454931,0.48993874,0.5133909,0
-1.2132635,-0.3135668,-0.72151917,-0.70767283,0.43102193,0.55983835,0
1.0589826,0.40999269,1.0983952,0.70454931,0.48993874,0.5133909,0
-0.97225851,1.0258135,-1.5242718,-0.053003713,0.75774652,-0.65039253,0
0.94219202,2.282269,-0.58844256,-0.053003713,0.75774652,-0.65039253,0
0.33700758,-0.27728605,1.7629771,-0.70767283,0.43102193,0.55983835,0
0.73140287,1.6635983,0.29539025,0.70454931,0.48993874,0.5133909,0
-0.80170691,1.3492463,-1.563735,-0.053003713,0.75774652,-0.65039253,0
-0.8877598,1.2867174,-1.1766907,-0.70767283,0.43102193,0.55983835,0
0.68468434,1.0511906,0.62806427,0.70454931,0.48993874,0.5133909,0
-0.15628815,-2.1504145,0.85411525,0.053003713,-0.75774652,0.65039253,0
-0.82424754,1.4076972,-1.5781264,-0.053003713,0.75774652,-0.65039253,0
0.37767196,-0.34616482,1.7302775,-0.70767283,0.43102193,0.55983835,0
-0.92961943,-1.5208448,-0.0079233646,-0.70454931,-0.48993874,-0.5133909,0
0.36583501,0.60231131,-0.98648989,0.70767283,-0.43102193,-0.55983835,0
0.0091697276,-0.1081031,-0.56444079,0.70767283,-0.43102193,-0.55983835,0
