-1.9220095,-2.1065121,-1.0589706,-0.60873675,-0.56786817,-0.55404449,0
-2.0867488,-0.22212338,-1.6452485,-0.46120477,0.82151091,-0.33527559,0
1.2476848,2.6448174,1.0947471,0.60873675,0.56786817,0.55404449,0
0.77681994,-1.4626658,0.32350156,0.46120477,-0.82151091,0.33527559,0
2.3951623,0.67134857,1.9815025,0.60873675,0.56786817,0.55404449,0
-1.931263,-1.9431493,-1.3867352,-0.60873675,-0.56786817,-0.55404449,0
1.27143,1.7110846,0.66396511,0.64554584,0.051433325,-0.76198751,0
0.33699441,1.5793252,-0.33357719,0.64554584,0.051433325,-0.76198751,0
-1.1155608,-0.93417448,-0.31880593,-0.64554584,-0.051433325,0.76198751,0
2.3040295,0.66481674,1.3075182,0.64554584,0.051433325,-0.76198751,0
-1.9311348,-1.6932456,-1.8467199,-0.60873675,-0.56786817,-0.55404449,0
1.1045077,-0.14281642,1.7895123,-0.64554584,-0.051433325,0.76198751,0
-0.65358639,1.0280895,-1.0749828,-0.46120477,0.82151091,-0.33527559,0
-0.055689812,-1.8868849,-0.31718799,0.46120477,-0.82151091,0.33527559,0
1.3613365,2.4840961,0.82111049,0.64554584,0.051433325,-0.76198751,0
1.719913,0.16176111,1.8641798,-0.64554584,-0.051433325,0.76198751,0
-0.16532576,-0.38539392,0.50816643,-0.64554584,-0.051433325,0.76198751,0
1.7492747,1.4107897,1.6877917,0.60873675,0.56786817,0.55404449,0
-0.51624769,-0.65205848,-0.034384787,-0.64554584,-0.051433325,0.76198751,0
0.82240719,1.3398495,1.6718128,-0.64554584,-0.051433325,0.76198751,0
1.2928139,0.11216348,0.69473267,0.64554584,0.051433325,-0.76198751,0
-1.6998084,-0.75143933,-2.1994779,0.64554584,0.051433325,-0.76198751,0
2.4168143,1.7725258,1.2689117,0.60873675,0.56786817,0.55404449,0
2.0520709,1.2716947,1.8206773,0.60873675,0.56786817,0.55404449,0
-1.6302025,-2.1551023,-0.81632853,-0.64554584,-0.051433325,0.76198751,0
-0.80104148,-1.3802559,-1.1929996,0.64554584,0.051433325,-0.76198751,0
1.4696499,2.6783288,0.71642423,0.64554584,0.051433325,-0.76198751,0
2.3754091,0.034973145,1.7379479,0.46120477,-0.82151091,0.33527559,0
-0.67351735,-2.3694267,-0.31804305,0.46120477,-0.82151091,0.33527559,0
-0.96589661,0.9307633,-1.3438061,-0.46120477,0.82151091,-0.33527559,0
-1.513242,0.27254832,-1.201027,-0.46120477,0.82151091,-0.33527559,0
-0.73657775,-2.526206,-0.35736191,0.46120477,-0.82151091,0.33527559,0
-2.1280801,-1.7081866,-1.4221823,-0.60873675,-0.56786817,-0.55404449,0
-0.45082474,-2.2156978,-0.41469371,0.46120477,-0.82151091,0.33527559,0
0.1103251,2.0586371,-0.15554091,-0.46120477,0.82151091,-0.33527559,0
1.4942369,-0.3933081,1.8122442,0.46120477,-0.82151091,0.33527559,0
-0.6317625,-2.6985996,-1.3617094,0.46120477,-0.82151091,0.33527559,0
-2.6866853,-0.59476674,-1.7558045,-0.60873675,-0.56786817,-0.55404449,0
0.11018622,-1.7022302,0.14376378,0.46120477,-0.82151091,0.33527559,0
1.0283797,2.8594108,1.3400311,0.60873675,0.56786817,0.55404449,0
-1.7645208,0.50129926,-1.2800362,-0.46120477,0.82151091,-0.33527559,0
-0.10977197,-2.2928693,-0.55247456,0.46120477,-0.82151091,0.33527559,0
0.72169363,-1.440365,-0.1428061,0.46120477,-0.82151091,0.33527559,0
0.58926475,-1.2448144,0.52187276,0.46120477,-0.82151091,0.33527559,0
2.161324,0.72674423,2.3565662,0.60873675,0.56786817,0.55404449,0
-1.2468126,-2.8775463,-1.1392688,-0.60873675,-0.56786817,-0.55404449,0
-1.243641,-2.757988,-0.91353571,-0.60873675,-0.56786817,-0.55404449,0
-2.414315,-0.2043916,-1.8584999,-0.46120477,0.82151091,-0.33527559,0
1.0792432,-0.74379075,0.68428731,0.46120477,-0.82151091,0.33527559,0
2.1434007,0.89540017,2.1895423,0.60873675,0.56786817,0.55404449,0
0.17766011,1.4816918,-0.48401242,0.64554584,0.051433325,-0.76198751,0
-2.3971252,-0.68200243,-1.9493535,-0.60873675,-0.56786817,-0.55404449,0
-0.52714944,0.79538995,-1.0173919,0.64554584,0.051433325,-0.76198751,0
-2.0686986,0.26283324,-0.87073171,-0.64554584,-0.051433325,0.76198751,0
-0.41163218,0.22885799,0.52842987,-0.64554584,-0.051433325,0.76198751,0
-0.06479919,-1.7074554,0.056750774,0.46120477,-0.82151091,0.33527559,0
0.446015,-1.0290556,0.90846658,0.46120477,-0.82151091,0.33527559,0
-0.83946609,-2.5258374,-1.106122,0.46120477,-0.82151091,0.33527559,0
0.9745959,-0.69593263,0.92180872,0.46120477,-0.82151091,0.33527559,0
-0.70153284,-2.4898129,-1.0271184,0.46120477,-0.82151091,0.33527559,0
-2.5631056,-0.54178023,-1.7394304,-0.60873675,-0.56786817,-0.55404449,0
1.4291,0.018547177,2.0697236,-0.64554584,-0.051433325,0.76198751,0
0.78040135,0.3960526,-0.028127909,0.64554584,0.051433325,-0.76198751,0
-0.23748231,-2.162982,-0.74627542,0.64554584,0.051433325,-0.76198751,0
-1.5256604,-2.2252562,-1.5496629,-0.60873675,-0.56786817,-0.55404449,0
-1.3953447,0.50251788,-1.3586137,-0.46120477,0.82151091,-0.33527559,0
-2.4637208,-0.50553381,-1.3841875,-0.64554584,-0.051433325,0.76198751,0
-0.84758407,-0.35238957,-0.066718042,-0.64554584,-0.051433325,0.76198751,0
0.87304711,2.2218468,0.33310014,-0.46120477,0.82151091,-0.33527559,0
-0.81417096,-2.7605009,-1.3333638,0.64554584,0.051433325,-0.76198751,0
-0.40528023,-0.11223393,-1.182802,0.64554584,0.051433325,-0.76198751,0
-1.6588075,-1.1576717,-1.9249952,0.64554584,0.051433325,-0.76198751,0
-1.3983136,-0.63941211,-0.3228476,-0.64554584,-0.051433325,0.76198751,0
1.8769867,0.16576672,2.1534972,0.46120477,-0.82151091,0.33527559,0
2.2573025,1.0407852,1.674508,0.60873675,0.56786817,0.55404449,0
0.36505222,2.5260026,0.6561358,-0.46120477,0.82151091,-0.33527559,0
-1.4187891,-2.7635424,-0.98158658,-0.60873675,-0.56786817,-0.55404449,0
-1.8252084,-1.6420047,-1.9679108,-0.60873675,-0.56786817,-0.55404449,0
1.1097072,2.9465718,0.92301881,-0.46120477,0.82151091,-0.33527559,0
-1.3283612,-1.5634062,-2.1436245,0.64554584,0.051433325,-0.76198751,0
1.2659914,1.885852,1.898077,-0.64554584,-0.051433325,0.76198751,0
-0.55562145,0.2306096,0.34000614,-0.64554584,-0.051433325,0.76198751,0
2.00226,2.0502229,1.2554274,0.60873675,0.56786817,0.55404449,0
-1.6683359,-0.023357868,-1.6740578,-0.46120477,0.82151091,-0.33527559,0
1.3065567,0.55196255,1.8387684,-0.64554584,-0.051433325,0.76198751,0
-0.12477672,-1.1925107,0.55013126,-0.64554584,-0.051433325,0.76198751,0
2.2981503,0.69208455,2.149714,0.60873675,0.56786817,0.55404449,0
-0.84213006,-2.8535051,-1.2963704,0.46120477,-0.82151091,0.33527559,0
-0.5453124,-2.846364,-1.5487812,0.46120477,-0.82151091,0.33527559,0
-2.4123564,-0.98959804,-2.1091928,-0.60873675,-0.56786817,-0.55404449,0
-2.1657503,-0.72158039,-2.0543642,-0.60873675,-0.56786817,-0.55404449,0
1.0678097,2.8676236,1.0950693,-0.46120477,0.82151091,-0.33527559,0
-0.9985919,0.6723516,-1.5135156,0.64554584,0.051433325,-0.76198751,0
1.7551824,1.7967262,1.5078197,0.60873675,0.56786817,0.55404449,0
-1.9645631,0.041073322,-1.4241871,-0.46120477,0.82151091,-0.33527559,0
-1.4450752,-2.2605953,-1.4150108,-0.60873675,-0.56786817,-0.55404449,0
1.7402339,2.4905586,1.0498922,0.60873675,0.56786817,0.55404449,0
-1.4467933,-2.0338111,-1.3975511,-0.60873675,-0.56786817,-0.55404449,0
-0.7282818,0.74967039,0.06087321,-0.64554584,-0.051433325,0.76198751,0
0.77056932,2.7448626,0.64108634,-0.46120477,0.82151091,-0.33527559,0
-1.7449663,-0.46013778,-2.2311575,0.64554584,0.051433325,-0.76198751,0
1.5672133,1.8478237,1.0540861,0.64554584,0.051433325,-0.76198751,0
0.76429844,-1.1300751,0.7383619,0.46120477,-0.82151091,0.33527559,0
0.010316133,0.94378084,-0.6993196,0.64554584,0.051433325,-0.76198751,0
-0.16159797,-1.6791159,0.17066419,-0.64554584,-0.051433325,0.76198751,0
1.6630669,-0.38185495,1.7277228,0.46120477,-0.82151091,0.33527559,0
2.2622283,0.022058249,1.8082662,0.46120477,-0.82151091,0.33527559,0
1.6436311,1.5772065,1.650434,0.60873675,0.56786817,0.55404449,0
0.60208583,2.1216166,0.18088037,-0.46120477,0.82151091,-0.33527559,0
-1.975033,0.091645837,-1.6256647,-0.46120477,0.82151091,-0.33527559,0
-1.8079662,-1.4259067,-2.06162,-0.60873675,-0.56786817,-0.55404449,0
1.3797336,-0.47831777,1.5612142,0.46120477,-0.82151091,0.33527559,0
-2.1115427,-1.4451234,-1.5157725,-0.60873675,-0.56786817,-0.55404449,0
0.84936309,2.5360363,0.52816588,-0.46120477,0.82151091,-0.33527559,0
0.6597209,-1.009153,0.73733354,0.46120477,-0.82151091,0.33527559,0
-2.3092976,-1.0221658,-1.7654701,-0.60873675,-0.56786817,-0.55404449,0
0.32906753,0.47164434,-0.086186171,0.64554584,0.051433325,-0.76198751,0
-0.80437195,-1.4889829,0.10068047,-0.64554584,-0.051433325,0.76198751,0
-1.1509249,-2.7456679,-1.1067513,0.46120477,-0.82151091,0.33527559,0
-1.6345243,-0.014679074,-0.66697454,-0.64554584,-0.051433325,0.76198751,0
-0.86487663,0.099467158,0.058758795,-0.64554584,-0.051433325,0.76198751,0
2.3315113,1.0057127,1.5878609,0.60873675,0.56786817,0.55404449,0
-1.3706903,0.8598417,-0.54539961,-0.64554584,-0.051433325,0.76198751,0
2.4668734,1.0939075,1.3192858,0.64554584,0.051433325,-0.76198751,0
-0.89629078,-2.7372789,-1.5277803,-0.60873675,-0.56786817,-0.55404449,0
-0.39209789,-1.3746383,-0.88707244,0.64554584,0.051433325,-0.76198751,0
-1.264109,0.2349565,-1.5763474,-0.46120477,0.82151091,-0.33527559,0
1.4308113,-0.27088046,0.6864472,0.64554584,0.051433325,-0.76198751,0
-1.0785011,-1.4400873,-0.23852444,-0.64554584,-0.051433325,0.76198751,0
-1.0802802,0.90228796,-0.33418638,-0.46120477,0.82151091,-0.33527559,0
0.20966983,-1.8273633,0.25384837,0.46120477,-0.82151091,0.33527559,0
1.4346614,2.7907076,1.3328683,0.60873675,0.56786817,0.55404449,0
-1.2061915,-2.1735935,-0.40296721,-0.64554584,-0.051433325,0.76198751,0
1.8914428,2.2366033,1.3007239,0.60873675,0.56786817,0.55404449,0
1.4500703,2.1724029,1.6168135,0.60873675,0.56786817,0.55404449,0
-1.7835574,-1.6849593,-1.7737547,-0.60873675,-0.56786817,-0.55404449,0
-0.6359812,-0.045174912,-0.94992483,0.64554584,0.051433325,-0.76198751,0
-2.5434227,-0.60176229,-2.2800579,-0.60873675,-0.56786817,-0.55404449,0
0.21254301,2.1443119,0.12700862,-0.46120477,0.82151091,-0.33527559,0
2.4777741,0.83001709,1.6966555,0.64554584,0.051433325,-0.76198751,0
1.8591113,2.0030787,1.624868,0.60873675,0.56786817,0.55404449,0
-0.3029983,1.6975741,-0.36826307,-0.46120477,0.82151091,-0.33527559,0
1.7121511,1.7104371,1.4744257,0.60873675,0.56786817,0.55404449,0
-0.72562146,-2.2540317,-0.001685977,0.46120477,-0.82151091,0.33527559,0
0.26884067,-1.5140285,0.12012871,0.46120477,-0.82151091,0.33527559,0
2.2719886,0.35406244,1.8375007,0.46120477,-0.82151091,0.33527559,0
0.97916114,2.5557752,0.64114785,-0.46120477,0.82151091,-0.33527559,0
-1.1829256,-2.6304088,-1.3634878,-0.60873675,-0.56786817,-0.55404449,0
-0.64554656,1.428058,-0.34124374,-0.46120477,0.82151091,-0.33527559,0
1.4952972,1.9853206,1.6756792,0.60873675,0.56786817,0.55404449,0
0.16143048,2.2974544,0.88015783,-0.46120477,0.82151091,-0.33527559,0
-1.1086786,0.67761683,-0.84620345,-0.46120477,0.82151091,-0.33527559,0
-1.9202713,-1.4881182,-2.0156643,-0.60873675,-0.56786817,-0.55404449,0
0.72964406,0.41472727,-0.13593626,0.64554584,0.051433325,-0.76198751,0
-1.1386425,-2.4954765,-1.595391,-0.60873675,-0.56786817,-0.55404449,0
0.33219934,-1.6676042,-0.1849658,0.46120477,-0.82151091,0.33527559,0
0.52250719,-1.3321333,0.70688468,0.46120477,-0.82151091,0.33527559,0
-2.4189248,-0.64061868,-1.7419682,-0.60873675,-0.56786817,-0.55404449,0
-2.1757321,-0.73345327,-2.0532985,-0.60873675,-0.56786817,-0.55404449,0
2.4968898,0.45152032,2.1448064,0.46120477,-0.82151091,0.33527559,0
0.53146923,1.3176904,-0.16540134,0.64554584,0.051433325,-0.76198751,0
-0.060196042,-1.7418032,-0.29154554,0.46120477,-0.82151091,0.33527559,0
2.2657721,1.1188085,1.7175753,0.60873675,0.56786817,0.55404449,0
-1.9027812,0.32979906,-1.3206398,-0.46120477,0.82151091,-0.33527559,0
-2.8274603,-0.78637958,-1.8362755,-0.60873675,-0.56786817,-0.55404449,0
1.4930519,1.064837,0.85876,0.64554584,0.051433325,-0.76198751,0
0.2954089,-0.22618048,0.78877342,-0.64554584,-0.051433325,0.76198751,0
-1.8307085,-1.5818932,-1.4393705,-0.60873675,-0.56786817,-0.55404449,0
-2.6869104,-0.62625456,-2.0271974,-0.60873675,-0.56786817,-0.55404449,0
-0.40497398,-2.5961802,-0.80269748,0.46120477,-0.82151091,0.33527559,0
0.94708586,3.124639,1.3511029,-0.46120477,0.82151091,-0.33527559,0
1.7732146,1.9651252,1.4213283,0.60873675,0.56786817,0.55404449,0
1.760987,2.4117823,1.2027866,0.60873675,0.56786817,0.55404449,0
0.73941481,0.22050168,1.0895164,-0.64554584,-0.051433325,0.76198751,0
0.37733507,-0.6455822,0.78616226,-0.64554584,-0.051433325,0.76198751,0
-1.1475923,-2.2346137,-1.8414488,-0.60873675,-0.56786817,-0.55404449,0
-1.0649927,-1.6621978,-1.7998304,0.64554584,0.051433325,-0.76198751,0
-1.8521963,-2.1305795,-1.0944582,-0.60873675,-0.56786817,-0.55404449,0
-2.273772,-1.9006509,-1.2554396,-0.60873675,-0.56786817,-0.55404449,0
2.3313622,0.91200936,1.9097961,0.60873675,0.56786817,0.55404449,0
2.1364207,-0.30632102,0.95099306,0.64554584,0.051433325,-0.76198751,0
-1.3060946,-2.3673596,-1.3540927,-0.60873675,-0.56786817,-0.55404449,0
-2.5365968,-0.51995265,-1.5342312,-0.64554584,-0.051433325,0.76198751,0
-0.86407655,0.9619872,0.23183712,-0.64554584,-0.051433325,0.76198751,0
-0.089964569,0.059395373,0.55458701,-0.64554584,-0.051433325,0.76198751,0
0.33550417,-1.6908836,0.2930038,0.46120477,-0.82151091,0.33527559,0
0.96952164,3.0811458,1.5292087,0.60873675,0.56786817,0.55404449,0
0.70944071,2.4020813,0.32717574,-0.46120477,0.82151091,-0.33527559,0
-1.5286067,-2.2576389,-1.6639253,-0.60873675,-0.56786817,-0.55404449,0
1.0888236,-1.202014,0.61649537,0.46120477,-0.82151091,0.33527559,0
0.51624072,1.3876057,1.3222058,-0.64554584,-0.051433325,0.76198751,0
1.0560107,2.7603412,1.6827774,0.60873675,0.56786817,0.55404449,0
1.3859217,0.69898266,2.0324452,-0.64554584,-0.051433325,0.76198751,0
2.3422914,1.5349684,1.5772378,0.60873675,0.56786817,0.55404449,0
-1.3377674,0.59551162,-0.69693667,-0.64554584,-0.051433325,0.76198751,0
-0.41899908,-0.84219563,-1.2176772,0.64554584,0.051433325,-0.76198751,0
-2.2474365,-1.4548212,-1.3436987,-0.60873675,-0.56786817,-0.55404449,0
1.4727145,2.0142407,1.8422083,0.60873675,0.56786817,0.55404449,0
-0.86978054,-2.8087204,-0.95090061,0.46120477,-0.82151091,0.33527559,0
0.46912369,0.59514195,-0.099449039,0.64554584,0.051433325,-0.76198751,0
-2.1812873,-0.82000631,-2.3804359,-0.60873675,-0.56786817,-0.55404449,0
1.6805245,-0.32323635,1.540766,0.46120477,-0.82151091,0.33527559,0
1.4988469,2.9182718,0.78421056,0.60873675,0.56786817,0.55404449,0
1.7810954,1.8263899,1.3833506,0.60873675,0.56786817,0.55404449,0
2.0210414,0.08409512,1.1201876,0.64554584,0.051433325,-0.76198751,0
1.5170318,2.3241599,1.1923695,0.60873675,0.56786817,0.55404449,0
-2.3821211,-1.578458,-1.3341887,-0.60873675,-0.56786817,-0.55404449,0
-1.474597,0.33108014,-1.7063302,0.64554584,0.051433325,-0.76198751,0
-1.8431091,0.16106129,-1.5136335,-0.46120477,0.82151091,-0.33527559,0
2.626657,0.7572937,1.8706647,0.60873675,0.56786817,0.55404449,0
0.60689229,-0.86174798,-0.17692125,0.64554584,0.051433325,-0.76198751,0
-0.040690422,-2.0556378,-0.6935181,0.46120477,-0.82151091,0.33527559,0
-1.1868459,-2.5520759,-1.8406949,-0.60873675,-0.56786817,-0.55404449,0
1.9428523,1.3693969,1.7367975,0.60873675,0.56786817,0.55404449,0
-1.0735267,0.99509823,-1.1071082,-0.46120477,0.82151091,-0.33527559,0
0.95010662,-1.4428929,0.13688731,0.46120477,-0.82151091,0.33527559,0
2.2235765,1.3210685,1.6694963,0.60873675,0.56786817,0.55404449,0
0.51262808,1.9711964,0.97540128,-0.64554584,-0.051433325,0.76198751,0
-0.71913481,-2.2091963,-0.2906574,0.46120477,-0.82151091,0.33527559,0
0.017856687,0.11237133,-0.60403347,0.64554584,0.051433325,-0.76198751,0
-0.41284609,1.1010871,-0.82496405,-0.46120477,0.82151091,-0.33527559,0
-1.1654024,0.4484759,-1.364819,0.64554584,0.051433325,-0.76198751,0
-0.66357613,-2.5913873,-1.1305122,0.46120477,-0.82151091,0.33527559,0
1.8406541,0.22123462,2.3248901,0.46120477,-0.82151091,0.33527559,0
-1.8210703,0.11204112,-1.16355,-0.46120477,0.82151091,-0.33527559,0
2.5738797,0.25506485,1.4140415,0.64554584,0.051433325,-0.76198751,0
-0.85607982,-1.3839983,-1.3789825,0.64554584,0.051433325,-0.76198751,0
2.0528722,1.929643,1.4620452,0.60873675,0.56786817,0.55404449,0
1.9512099,0.11018646,1.7075843,0.46120477,-0.82151091,0.33527559,0
-0.3688935,0.8734988,-0.69196534,0.64554584,0.051433325,-0.76198751,0
1.6311345,1.3705426,1.9549494,0.60873675,0.56786817,0.55404449,0
-0.72835994,1.407039,-0.22099468,-0.46120477,0.82151091,-0.33527559,0
1.7529523,1.8812269,1.8586843,0.60873675,0.56786817,0.55404449,0
-1.3232901,-2.2110612,-1.4728838,-0.60873675,-0.56786817,-0.55404449,0
0.47841719,0.49191073,0.83583063,-0.64554584,-0.051433325,0.76198751,0
-1.979609,-1.9692819,-1.0697526,-0.64554584,-0.051433325,0.76198751,0
-0.71643519,-2.7534828,-1.0925639,0.46120477,-0.82151091,0.33527559,0
1.6642704,2.04439,1.7779766,0.60873675,0.56786817,0.55404449,0
-2.5135257,-0.11461043,-1.6402408,-0.46120477,0.82151091,-0.33527559,0
-0.28421235,1.2506527,-0.73398322,-0.46120477,0.82151091,-0.33527559,0
1.0934465,2.5411532,0.47902763,0.64554584,0.051433325,-0.76198751,0
1.2329674,0.2967512,0.50731558,0.64554584,0.051433325,-0.76198751,0
-0.67352295,-1.556147,-1.2817067,0.64554584,0.051433325,-0.76198751,0
-0.27574408,2.0509548,0.41748369,-0.46120477,0.82151091,-0.33527559,0
1.1230652,-0.24330431,0.27014178,0.64554584,0.051433325,-0.76198751,0
0.031361818,1.9840008,-0.23253091,-0.46120477,0.82151091,-0.33527559,0
0.96634567,-1.005633,0.99659359,0.46120477,-0.82151091,0.33527559,0
-1.6046553,-2.2461441,-1.5975258,-0.60873675,-0.56786817,-0.55404449,0
2.7405293,0.5045197,1.9340054,0.46120477,-0.82151091,0.33527559,0
0.20603752,2.3468618,0.98493946,-0.46120477,0.82151091,-0.33527559,0
1.508075,2.2515569,1.6956902,0.60873675,0.56786817,0.55404449,0
-0.41722834,-1.2779262,0.15836328,-0.64554584,-0.051433325,0.76198751,0
0.42499888,-0.71527845,0.71613842,-0.64554584,-0.051433325,0.76198751,0
1.2968686,-0.3704769,1.3916007,0.46120477,-0.82151091,0.33527559,0
-0.14689744,1.5403752,-0.25442702,-0.46120477,0.82151091,-0.33527559,0
2.0438797,-0.25394475,1.2957412,0.64554584,0.051433325,-0.76198751,0
0.43376899,-0.49398708,1.2412316,-0.64554584,-0.051433325,0.76198751,0
-0.67399311,-2.4865613,-1.255055,0.64554584,0.051433325,-0.76198751,0
0.77445292,2.7421792,0.93039894,-0.46120477,0.82151091,-0.33527559,0
-1.0531594,1.2745196,-0.48464039,-0.46120477,0.82151091,-0.33527559,0
-0.56865716,-2.1025767,-0.45511329,0.46120477,-0.82151091,0.33527559,0
0.1079222,-1.6638942,-0.31910825,0.46120477,-0.82151091,0.33527559,0
-0.64022958,-0.71495998,0.18394628,-0.64554584,-0.051433325,0.76198751,0
1.3627602,2.0373135,1.6097648,0.60873675,0.56786817,0.55404449,0
-2.1483111,-0.91714138,-2.2989054,-0.60873675,-0.56786817,-0.55404449,0
-2.7630935,-0.66872096,-1.5169173,-0.64554584,-0.051433325,0.76198751,0
-1.5553297,-2.1879153,-1.8216743,-0.60873675,-0.56786817,-0.55404449,0
0.47946358,-0.90050882,-0.42981136,0.64554584,0.051433325,-0.76198751,0
-2.0675063,-1.8946123,-1.3316038,-0.60873675,-0.56786817,-0.55404449,0
-1.0623815,-2.4305673,-0.32171738,0.46120477,-0.82151091,0.33527559,0
1.1618072,1.9875959,0.30583739,0.64554584,0.051433325,-0.76198751,0
1.8288203,2.1346061,1.0746733,0.60873675,0.56786817,0.55404449,0
-0.35521793,0.62230039,0.23126262,-0.64554584,-0.051433325,0.76198751,0
1.4554279,2.9312844,1.037933,0.60873675,0.56786817,0.55404449,0
-1.4383891,-2.8128943,-0.90518081,-0.60873675,-0.56786817,-0.55404449,0
0.35050249,-1.4929368,0.79222471,0.46120477,-0.82151091,0.33527559,0
0.46488237,-1.5333841,-0.35949141,0.46120477,-0.82151091,0.33527559,0
-0.43316948,1.2534733,-0.73304725,0.64554584,0.051433325,-0.76198751,0
-2.6058578,-0.3319366,-1.8796009,-0.60873675,-0.56786817,-0.55404449,0
-1.1500359,-2.2051575,-1.6459806,-0.60873675,-0.56786817,-0.55404449,0
1.0653031,-0.78421503,1.2905481,0.46120477,-0.82151091,0.33527559,0
-2.6289713,-0.77264559,-2.094245,-0.60873675,-0.56786817,-0.55404449,0
1.3705554,2.9469223,0.79610586,0.64554584,0.051433325,-0.76198751,0
-1.6943461,-2.3361855,-0.92572761,-0.60873675,-0.56786817,-0.55404449,0
-0.79419792,-2.3748107,-0.75314361,0.46120477,-0.82151091,0.33527559,0
1.2013623,1.4166539,0.70181501,0.64554584,0.051433325,-0.76198751,0
1.7889187,-0.039646745,1.9974813,0.46120477,-0.82151091,0.33527559,0
0.32285601,0.35291517,0.77250457,-0.64554584,-0.051433325,0.76198751,0
-1.7822992,-1.8176299,-1.6697006,-0.60873675,-0.56786817,-0.55404449,0
0.85679841,2.309516,0.56182426,-0.46120477,0.82151091,-0.33527559,0
0.0079244375,-2.0789406,-0.78557813,0.46120477,-0.82151091,0.33527559,0
-1.8649194,0.06327188,-1.6140096,-0.46120477,0.82151091,-0.33527559,0
1.7654728,0.96165347,2.1914127,0.60873675,0.56786817,0.55404449,0
0.99602997,2.5305507,1.4053507,0.60873675,0.56786817,0.55404449,0
-1.4349275,0.99752611,-0.36398911,-0.46120477,0.82151091,-0.33527559,0
1.1468974,-0.60654068,1.2638996,0.46120477,-0.82151091,0.33527559,0
-0.23630202,0.90668118,-0.88345361,0.64554584,0.051433325,-0.76198751,0
-0.56905615,1.1383309,-0.78244507,-0.46120477,0.82151091,-0.33527559,0
-2.0776324,-0.45926738,-2.2519345,-0.46120477,0.82151091,-0.33527559,0
1.9197689,1.5852364,0.96336997,0.64554584,0.051433325,-0.76198751,0
-0.12181342,0.90620136,0.49747753,-0.64554584,-0.051433325,0.76198751,0
-0.78711867,-2.8783,-1.5605543,0.46120477,-0.82151091,0.33527559,0
0.99763751,1.0353745,0.51797438,0.64554584,0.051433325,-0.76198751,0
-2.0694516,-1.7783823,-1.3005316,-0.60873675,-0.56786817,-0.55404449,0
1.8632185,2.1817973,1.0103896,0.60873675,0.56786817,0.55404449,0
2.0226214,1.7228935,1.1237972,0.64554584,0.051433325,-0.76198751,0
-1.6593378,-1.6225209,-1.9227482,-0.60873675,-0.56786817,-0.55404449,0
-1.9936701,-1.0475185,-2.4427614,-0.60873675,-0.56786817,-0.55404449,0
1.5241933,2.0964143,1.3362433,0.60873675,0.56786817,0.55404449,0
1.3488705,1.3193994,0.81574869,0.64554584,0.051433325,-0.76198751,0
1.2632554,-0.89540446,0.37574786,0.46120477,-0.82151091,0.33527559,0
2.4275775,0.42803764,2.3077602,0.60873675,0.56786817,0.55404449,0
0.28788769,-1.5741858,-0.25275487,0.46120477,-0.82151091,0.33527559,0
-1.3034054,-2.5813727,-1.458401,-0.60873675,-0.56786817,-0.55404449,0
2.1042717,0.96247131,2.3876696,0.60873675,0.56786817,0.55404449,0
-0.88473475,-2.5075276,-1.4312581,0.64554584,0.051433325,-0.76198751,0
-1.4760745,-0.72407055,-1.7110665,0.64554584,0.051433325,-0.76198751,0
0.1429038,-1.4853848,0.44597292,0.46120477,-0.82151091,0.33527559,0
1.5742052,1.6514566,0.64103353,0.64554584,0.051433325,-0.76198751,0
0.90126824,2.7802937,1.5002426,0.60873675,0.56786817,0.55404449,0
0.75922805,-0.58680749,-0.038924813,0.64554584,0.051433325,-0.76198751,0
1.0189238,2.7792799,1.7708889,0.60873675,0.56786817,0.55404449,0
-0.27808964,1.8623273,0.57603633,-0.46120477,0.82151091,-0.33527559,0
-2.0749273,-0.73772585,-2.5694213,-0.60873675,-0.56786817,-0.55404449,0
2.7044113,0.57574475,1.9826597,0.60873675,0.56786817,0.55404449,0
2.1992657,0.1185565,1.6491241,0.46120477,-0.82151091,0.33527559,0
-1.5011958,0.67494601,-1.1888113,-0.46120477,0.82151091,-0.33527559,0
-2.1124928,-1.832572,-1.1885598,-0.60873675,-0.56786817,-0.55404449,0
-0.96801233,0.96630579,-1.1637068,0.64554584,0.051433325,-0.76198751,0
0.54495198,0.87568521,-0.21283293,0.64554584,0.051433325,-0.76198751,0
0.5328033,-1.1405168,0.48721939,0.46120477,-0.82151091,0.33527559,0
1.6894923,-0.021854579,2.005929,0.46120477,-0.82151091,0.33527559,0
0.75322282,0.94621766,1.1227612,-0.64554584,-0.051433325,0.76198751,0
0.094864488,1.4665432,-0.29283321,0.64554584,0.051433325,-0.76198751,0
-1.7023991,0.55125904,-0.84941804,-0.64554584,-0.051433325,0.76198751,0
2.3792033,1.0992742,1.3226026,0.60873675,0.56786817,0.55404449,0
2.1528149,0.0683707,1.5859447,0.46120477,-0.82151091,0.33527559,0
-1.0167316,-2.6005626,-0.67674387,0.46120477,-0.82151091,0.33527559,0
1.5547819,3.0679121,0.89044261,0.60873675,0.56786817,0.55404449,0
1.6923618,1.078335,2.2755213,0.60873675,0.56786817,0.55404449,0
-0.26411641,0.80015868,0.29195043,-0.64554584,-0.051433325,0.76198751,0
-2.124207,-0.94813156,-2.2534995,-0.60873675,-0.56786817,-0.55404449,0
-1.7424999,-2.2789145,-0.896577,-0.60873675,-0.56786817,-0.55404449,0
2.0751312,-0.27729559,1.1876767,0.46120477,-0.82151091,0.33527559,0
0.082553148,-1.9267102,0.00086098909,0.46120477,-0.82151091,0.33527559,0
2.0951853,-0.069745541,1.9997573,0.46120477,-0.82151091,0.33527559,0
1.2772818,2.3101993,1.5071549,0.60873675,0.56786817,0.55404449,0
-0.55645585,1.3849782,0.52769279,-0.64554584,-0.051433325,0.76198751,0
1.3065854,0.40132561,1.7668109,-0.64554584,-0.051433325,0.76198751,0
-0.48037207,0.58269876,0.49841124,-0.64554584,-0.051433325,0.76198751,0
1.5735254,-0.55810177,1.0369205,0.46120477,-0.82151091,0.33527559,0
1.3998723,-0.50907564,0.29901069,0.64554584,0.051433325,-0.76198751,0
-1.7473576,-1.9570645,-1.4376094,-0.60873675,-0.56786817,-0.55404449,0
-2.2726226,-1.3946807,-1.7122803,-0.60873675,-0.56786817,-0.55404449,0
0.83326411,2.5083528,0.97479188,-0.46120477,0.82151091,-0.33527559,0
-1.3847671,-1.7134006,-0.52900946,-0.64554584,-0.051433325,0.76198751,0
-1.3504531,-2.5618615,-1.1077185,-0.60873675,-0.56786817,-0.55404449,0
2.5147228,1.0372576,1.7964529,0.60873675,0.56786817,0.55404449,0
0.41607964,-0.38872099,-0.57679904,0.64554584,0.051433325,-0.76198751,0
-0.0079952478,-1.586925,0.18502447,0.46120477,-0.82151091,0.33527559,0
1.3603423,2.3824344,1.2183971,0.60873675,0.56786817,0.55404449,0
-1.0567896,0.82929224,-1.5244313,-0.46120477,0.82151091,-0.33527559,0
-0.95673811,-2.2814288,-1.5686091,0.64554584,0.051433325,-0.76198751,0
0.85884273,2.5394793,1.0090811,-0.46120477,0.82151091,-0.33527559,0
1.0170783,-1.1135359,0.41645443,0.46120477,-0.82151091,0.33527559,0
-1.635561,-0.781865,-2.0370531,0.64554584,0.051433325,-0.76198751,0
-0.60010052,1.6227654,0.33040595,-0.46120477,0.82151091,-0.33527559,0
-2.1379271,-1.4666331,-1.2532924,-0.64554584,-0.051433325,0.76198751,0
-1.2375286,-2.2791123,-1.6194693,-0.60873675,-0.56786817,-0.55404449,0
-2.1076791,-2.1577015,-1.1266514,-0.60873675,-0.56786817,-0.55404449,0
-2.0565615,-1.811995,-1.2233605,-0.60873675,-0.56786817,-0.55404449,0
-0.74929035,1.3415514,-0.48265091,-0.46120477,0.82151091,-0.33527559,0
0.83799636,2.8364344,1.1170135,-0.46120477,0.82151091,-0.33527559,0
0.37518525,1.2204942,-0.20583507,0.64554584,0.051433325,-0.76198751,0
2.1174622,1.0862746,1.7756151,0.60873675,0.56786817,0.55404449,0
-1.6003746,-2.6806381,-1.1623975,-0.60873675,-0.56786817,-0.55404449,0
0.0079336166,2.1788032,0.92603576,-0.46120477,0.82151091,-0.33527559,0
1.9739022,1.5589031,1.5732001,0.60873675,0.56786817,0.55404449,0
-0.75000942,-1.1446772,-1.1499656,0.64554584,0.051433325,-0.76198751,0
-1.0579696,-2.3862207,-0.53022969,-0.64554584,-0.051433325,0.76198751,0
1.474586,1.8141478,2.0590725,0.60873675,0.56786817,0.55404449,0
-0.22959542,1.622782,0.22356078,-0.46120477,0.82151091,-0.33527559,0
0.74585724,2.5078888,0.44039255,-0.46120477,0.82151091,-0.33527559,0
-0.69038939,-1.9151924,0.201298,-0.64554584,-0.051433325,0.76198751,0
-2.0954349,-0.80354804,-2.2503726,-0.60873675,-0.56786817,-0.55404449,0
-1.5766628,-0.70933723,-1.8246077,0.64554584,0.051433325,-0.76198751,0
1.9645941,0.82083756,2.1507392,0.60873675,0.56786817,0.55404449,0
-1.443073,-0.99525505,-0.77174246,-0.64554584,-0.051433325,0.76198751,0
-1.4337749,-2.2554171,-1.7742184,-0.60873675,-0.56786817,-0.55404449,0
-2.5834985,-0.17845523,-1.9275655,-0.46120477,0.82151091,-0.33527559,0
-2.1621928,-1.3337843,-1.3877797,-0.60873675,-0.56786817,-0.55404449,0
-0.81169248,-2.4467962,-0.49015641,0.46120477,-0.82151091,0.33527559,0
-0.76292884,-2.0095344,-1.4634619,0.64554584,0.051433325,-0.76198751,0
-0.14645255,1.5628519,-0.037616223,-0.46120477,0.82151091,-0.33527559,0
0.40111095,1.7499673,1.2565687,-0.64554584,-0.051433325,0.76198751,0
-1.3945131,-1.6027852,-0.38719535,-0.64554584,-0.051433325,0.76198751,0
-1.8867397,0.2338109,-1.4878482,-0.46120477,0.82151091,-0.33527559,0
-1.2458642,-2.8077593,-0.45670533,0.46120477,-0.82151091,0.33527559,0
-2.0114098,-0.88590044,-2.4623537,-0.60873675,-0.56786817,-0.55404449,0
-1.0033582,-1.820609,-1.5106456,0.64554584,0.051433325,-0.76198751,0
-0.68295979,-2.6991937,-0.68674493,0.46120477,-0.82151091,0.33527559,0
1.2860271,0.9510169,0.31450415,0.64554584,0.051433325,-0.76198751,0
-1.9070444,-1.9732106,-1.0432601,-0.60873675,-0.56786817,-0.55404449,0
0.31038058,1.9975548,0.17924571,-0.46120477,0.82151091,-0.33527559,0
-1.838424,0.015266836,-2.1212492,-0.46120477,0.82151091,-0.33527559,0
-0.42036688,-2.3155193,-0.80339116,0.46120477,-0.82151091,0.33527559,0
1.1367953,2.8646197,1.4605792,0.60873675,0.56786817,0.55404449,0
-0.61539799,-1.6115496,-1.0567464,0.64554584,0.051433325,-0.76198751,0
-1.0930887,-2.3483417,-0.44408751,-0.64554584,-0.051433325,0.76198751,0
-1.6685835,-2.6561344,-1.0546119,-0.60873675,-0.56786817,-0.55404449,0
0.078112125,-0.15067381,0.9385581,-0.64554584,-0.051433325,0.76198751,0
1.9899603,0.18084598,1.8075776,0.46120477,-0.82151091,0.33527559,0
1.6632873,-0.046462774,1.7163119,0.46120477,-0.82151091,0.33527559,0
1.7130262,0.045029521,1.9580926,0.46120477,-0.82151091,0.33527559,0
0.19640732,-1.6616491,0.44815642,0.46120477,-0.82151091,0.33527559,0
-0.330046,-0.37542152,0.32482406,-0.64554584,-0.051433325,0.76198751,0
-1.7719057,-1.3799498,-2.1825457,-0.60873675,-0.56786817,-0.55404449,0
-1.1068352,-2.5792592,-0.27981961,-0.64554584,-0.051433325,0.76198751,0
2.0093722,1.5991048,1.2523701,0.60873675,0.56786817,0.55404449,0
-2.2639372,-1.4486721,-1.4595958,-0.60873675,-0.56786817,-0.55404449,0
1.8772545,1.0907207,2.1636782,0.60873675,0.56786817,0.55404449,0
2.6796391,0.52156174,1.8132988,0.46120477,-0.82151091,0.33527559,0
0.052249722,-0.35890567,-0.53729582,0.64554584,0.051433325,-0.76198751,0
1.4766798,-0.28951246,1.3488004,0.46120477,-0.82151091,0.33527559,0
1.7626997,1.8888423,1.4279882,0.60873675,0.56786817,0.55404449,0
1.2696332,-0.76714945,1.3232964,0.46120477,-0.82151091,0.33527559,0
-0.40438497,-2.1417453,-0.21639866,0.46120477,-0.82151091,0.33527559,0
1.6964449,1.156719,0.9259702,0.64554584,0.051433325,-0.76198751,0
-1.0949184,-2.3419909,-1.7429472,-0.60873675,-0.56786817,-0.55404449,0
-1.6756612,-0.0013160706,-2.0105591,0.64554584,0.051433325,-0.76198751,0
-2.2513676,0.11774278,-1.3442231,-0.46120477,0.82151091,-0.33527559,0
-2.128664,-1.8705841,-1.0754542,-0.64554584,-0.051433325,0.76198751,0
1.0296791,2.0156448,1.4611729,-0.64554584,-0.051433325,0.76198751,0
1.2437828,1.8033741,0.28254831,0.64554584,0.051433325,-0.76198751,0
-1.8843447,-2.2592206,-1.0707961,-0.60873675,-0.56786817,-0.55404449,0
-1.5493731,0.050972521,-1.7326224,-0.46120477,0.82151091,-0.33527559,0
0.26997516,-0.24874386,-0.50241202,0.64554584,0.051433325,-0.76198751,0
-1.0073826,-2.5120444,-0.61066532,0.46120477,-0.82151091,0.33527559,0
2.2951727,0.076899052,1.9623685,0.46120477,-0.82151091,0.33527559,0
1.3081185,2.7334104,1.0133241,0.60873675,0.56786817,0.55404449,0
-0.92682081,-0.80338335,-0.1623258,-0.64554584,-0.051433325,0.76198751,0
-0.34087551,1.2257949,0.34499875,-0.64554584,-0.051433325,0.76198751,0
0.62829375,-0.42181712,1.3707784,-0.64554584,-0.051433325,0.76198751,0
-1.6613499,-2.2787259,-0.99097586,-0.64554584,-0.051433325,0.76198751,0
-1.3679713,-1.9034667,-1.6945801,-0.60873675,-0.56786817,-0.55404449,0
-0.81074244,-0.90644568,0.074053168,-0.64554584,-0.051433325,0.76198751,0
0.82213151,0.37954345,1.3130974,-0.64554584,-0.051433325,0.76198751,0
-1.8130885,-0.40370202,-1.0568652,-0.64554584,-0.051433325,0.76198751,0
-0.18169045,-1.8385601,0.33576041,0.46120477,-0.82151091,0.33527559,0
2.4371943,0.91601086,1.3223642,0.64554584,0.051433325,-0.76198751,0
-1.6236353,-1.9269435,-1.8170758,-0.60873675,-0.56786817,-0.55404449,0
-0.4510957,1.4112297,0.19998127,-0.46120477,0.82151091,-0.33527559,0
1.921558,0.15447235,0.76155186,0.64554584,0.051433325,-0.76198751,0
1.6861811,1.3096836,1.0476919,0.64554584,0.051433325,-0.76198751,0
1.4124788,2.2527597,1.8982772,0.60873675,0.56786817,0.55404449,0
-0.66609573,1.0074999,-1.2379391,0.64554584,0.051433325,-0.76198751,0
-0.95163429,-2.544311,-0.85121006,0.46120477,-0.82151091,0.33527559,0
-1.8258207,0.39221358,-1.119051,-0.46120477,0.82151091,-0.33527559,0
1.1952461,0.50901896,1.4468557,-0.64554584,-0.051433325,0.76198751,0
0.076410532,-1.7119784,-0.068961903,0.46120477,-0.82151091,0.33527559,0
-0.12562561,-1.7807764,-1.0792706,0.64554584,0.051433325,-0.76198751,0
-1.3496777,-1.6580455,-0.77888095,-0.64554584,-0.051433325,0.76198751,0
-1.209744,-2.8167276,-1.381723,-0.60873675,-0.56786817,-0.55404449,0
1.0075425,-0.7563107,0.21104079,0.64554584,0.051433325,-0.76198751,0
2.0365095,1.6284273,1.0590925,0.64554584,0.051433325,-0.76198751,0
1.8391906,0.0236063,1.9178249,0.46120477,-0.82151091,0.33527559,0
-0.22090197,-0.39289838,-1.0217831,0.64554584,0.051433325,-0.76198751,0
-2.553781,-0.85502422,-2.0090983,-0.60873675,-0.56786817,-0.55404449,0
-1.0295579,0.46965361,-1.3804843,-0.46120477,0.82151091,-0.33527559,0
-0.99692714,-2.8050537,-1.2654159,-0.60873675,-0.56786817,-0.55404449,0
-1.6746646,-1.828191,-1.5192786,-0.60873675,-0.56786817,-0.55404449,0
0.17756915,-1.3710363,-0.64497006,0.64554584,0.051433325,-0.76198751,0
-1.6601461,-2.108427,-1.5538133,-0.60873675,-0.56786817,-0.55404449,0
1.0283811,-0.97486895,0.14812464,0.46120477,-0.82151091,0.33527559,0
0.37620115,2.2756057,0.79578131,-0.46120477,0.82151091,-0.33527559,0
-1.0226345,-0.039847016,-0.070946932,-0.64554584,-0.051433325,0.76198751,0
-2.6829619,-0.60527647,-2.1993961,-0.60873675,-0.56786817,-0.55404449,0
-1.0312101,0.97601902,-1.0652318,-0.46120477,0.82151091,-0.33527559,0
-2.1629939,-0.95090485,-1.1780635,-0.64554584,-0.051433325,0.76198751,0
-2.2393289,-0.2913214,-1.8110139,-0.46120477,0.82151091,-0.33527559,0
-1.7315018,-0.48500347,-2.087822,0.64554584,0.051433325,-0.76198751,0
1.2310225,0.053194821,1.4404705,-0.64554584,-0.051433325,0.76198751,0
-1.7715077,-1.7785189,-1.451905,-0.60873675,-0.56786817,-0.55404449,0
2.1114376,1.1835281,1.5698383,0.60873675,0.56786817,0.55404449,0
1.6987514,1.6466498,1.731599,0.60873675,0.56786817,0.55404449,0
-1.4380707,0.20111609,-1.8658593,0.64554584,0.051433325,-0.76198751,0
1.6051011,1.6251643,1.9035692,-0.64554584,-0.051433325,0.76198751,0
-1.9992719,-1.2354109,-1.9010644,-0.60873675,-0.56786817,-0.55404449,0
-2.414093,-1.5773216,-1.4955919,-0.60873675,-0.56786817,-0.55404449,0
1.2627834,2.6276047,1.1811984,0.60873675,0.56786817,0.55404449,0
2.6046734,1.0102326,1.6691236,0.60873675,0.56786817,0.55404449,0
-2.0131247,0.15643859,-1.4317752,-0.46120477,0.82151091,-0.33527559,0
2.5185645,0.62834179,1.5510114,0.64554584,0.051433325,-0.76198751,0
-1.257987,-0.23922983,-1.7133255,0.64554584,0.051433325,-0.76198751,0
-0.11020899,1.9529012,-0.099638849,-0.46120477,0.82151091,-0.33527559,0
-0.62679553,-1.7284303,-1.5057921,0.64554584,0.051433325,-0.76198751,0
1.1831236,2.2003093,1.700434,0.60873675,0.56786817,0.55404449,0
-2.2649307,-0.60701859,-2.0177364,-0.60873675,-0.56786817,-0.55404449,0
1.9163924,1.0260992,2.0931394,0.60873675,0.56786817,0.55404449,0
1.1765099,-0.41987169,0.11084276,0.64554584,0.051433325,-0.76198751,0
1.0056425,-1.174273,0.79635376,0.46120477,-0.82151091,0.33527559,0
-1.0036043,-2.863708,-1.1938453,-0.60873675,-0.56786817,-0.55404449,0
1.3806014,-0.62371624,0.67344493,0.46120477,-0.82151091,0.33527559,0
1.2718357,-0.56455958,1.4191899,0.46120477,-0.82151091,0.33527559,0
0.14413789,-0.063876122,0.64979577,-0.64554584,-0.051433325,0.76198751,0
-0.74842024,-2.6381586,-1.5964323,-0.60873675,-0.56786817,-0.55404449,0
2.1886678,1.0467072,1.2900323,0.64554584,0.051433325,-0.76198751,0
-0.7351104,1.0522527,-1.0143782,-0.46120477,0.82151091,-0.33527559,0
-1.7959201,-1.5571401,-2.0005298,-0.60873675,-0.56786817,-0.55404449,0
-0.14236403,2.0691195,0.51296574,-0.46120477,0.82151091,-0.33527559,0
1.8966058,1.8003504,1.2797158,0.60873675,0.56786817,0.55404449,0
-0.57449317,1.2790996,-0.32236764,-0.46120477,0.82151091,-0.33527559,0
-1.9559109,-0.095126033,-1.5872533,-0.46120477,0.82151091,-0.33527559,0
-1.4246932,-2.2254481,-1.6005381,-0.60873675,-0.56786817,-0.55404449,0
-0.85074306,-1.9841475,-1.2539881,0.64554584,0.051433325,-0.76198751,0
1.3683655,-0.66360247,1.1638563,0.46120477,-0.82151091,0.33527559,0
2.0666604,0.86340421,2.2987845,0.60873675,0.56786817,0.55404449,0
-1.5054855,0.19171232,-1.7243555,-0.46120477,0.82151091,-0.33527559,0
0.19325423,2.3518677,0.72113204,-0.46120477,0.82151091,-0.33527559,0
-1.255703,-1.3501556,-1.6442473,0.64554584,0.051433325,-0.76198751,0
-0.34337687,1.1295407,-0.83079004,-0.46120477,0.82151091,-0.33527559,0
-2.4652565,-0.70754898,-2.2729545,-0.60873675,-0.56786817,-0.55404449,0
2.3469012,1.0676086,1.85224,0.60873675,0.56786817,0.55404449,0
-0.42307115,-2.0842962,0.038967371,0.46120477,-0.82151091,0.33527559,0
1.4995995,-0.41941524,1.4943149,0.46120477,-0.82151091,0.33527559,0
0.98703814,-1.0542238,1.1053903,0.46120477,-0.82151091,0.33527559,0
-2.1830168,-2.0734062,-1.2172716,-0.60873675,-0.56786817,-0.55404449,0
-0.61037672,-0.04054901,-0.97576761,0.64554584,0.051433325,-0.76198751,0
1.1908889,0.90615314,0.64793247,0.64554584,0.051433325,-0.76198751,0
-1.5793996,0.16292411,-1.6024888,-0.46120477,0.82151091,-0.33527559,0
-1.4202284,-2.4384778,-0.8814193,-0.64554584,-0.051433325,0.76198751,0
-1.5810375,-1.466691,-1.8729311,-0.60873675,-0.56786817,-0.55404449,0
0.56342161,0.69425166,0.077725053,0.64554584,0.051433325,-0.76198751,0
1.7659814,2.839519,0.90916324,0.60873675,0.56786817,0.55404449,0
-1.8244538,0.18848073,-1.0550146,-0.46120477,0.82151091,-0.33527559,0
-2.6514297,-0.50913894,-2.1104808,-0.46120477,0.82151091,-0.33527559,0
0.09306097,1.996911,0.26623923,-0.46120477,0.82151091,-0.33527559,0
0.64410269,1.2985654,1.2924728,-0.64554584,-0.051433325,0.76198751,0
0.99490696,-0.16410637,0.3182438,0.64554584,0.051433325,-0.76198751,0
-1.0706702,1.1968986,-0.42675096,-0.46120477,0.82151091,-0.33527559,0
-0.8169986,-1.5750184,-1.2732878,0.64554584,0.051433325,-0.76198751,0
-1.1014056,-2.3404746,-1.631825,0.64554584,0.051433325,-0.76198751,0
2.0826604,0.85879028,2.1473742,0.60873675,0.56786817,0.55404449,0
0.83252466,-0.74368775,1.0092435,0.46120477,-0.82151091,0.33527559,0
-0.49282908,-2.699275,-1.0965936,0.64554584,0.051433325,-0.76198751,0
-1.8545806,0.15943575,-1.8179069,-0.46120477,0.82151091,-0.33527559,0
1.5178132,2.8466115,1.1576037,0.60873675,0.56786817,0.55404449,0
-0.50268507,-2.6784651,-1.0139191,0.46120477,-0.82151091,0.33527559,0
-1.7479532,-0.07255435,-1.8372383,-0.46120477,0.82151091,-0.33527559,0
-0.7173146,1.4270424,-0.12319109,-0.46120477,0.82151091,-0.33527559,0
1.3072889,1.7631067,0.53769195,0.64554584,0.051433325,-0.76198751,0
0.96876436,1.5688559,1.6709563,-0.64554584,-0.051433325,0.76198751,0
0.51130903,2.2720208,1.0681832,-0.64554584,-0.051433325,0.76198751,0
-2.0218322,-1.1963744,-2.0137687,-0.60873675,-0.56786817,-0.55404449,0
0.12888902,-0.54978085,-0.83635765,0.64554584,0.051433325,-0.76198751,0
-1.5791776,-1.5395993,-2.0017436,-0.60873675,-0.56786817,-0.55404449,0
-2.1709297,0.21253049,-1.1299838,-0.46120477,0.82151091,-0.33527559,0
1.255281,2.5308664,1.8005565,0.60873675,0.56786817,0.55404449,0
0.22000194,2.1260543,-0.1343534,-0.46120477,0.82151091,-0.33527559,0
1.0923804,3.0751524,1.2070825,-0.46120477,0.82151091,-0.33527559,0
2.3535819,1.1066872,1.8294646,0.60873675,0.56786817,0.55404449,0
1.4498262,2.2722116,1.4353482,0.60873675,0.56786817,0.55404449,0
-1.8957536,0.33087742,-1.6268921,-0.46120477,0.82151091,-0.33527559,0
-1.6083341,-2.2526648,-1.0184124,-0.64554584,-0.051433325,0.76198751,0
-0.12154579,-2.0875475,-0.15710035,0.46120477,-0.82151091,0.33527559,0
1.6701212,-0.15870166,1.5024476,0.46120477,-0.82151091,0.33527559,0
1.2230542,-1.0468414,0.81532633,0.46120477,-0.82151091,0.33527559,0
-0.19205904,0.72921866,-0.62956786,0.64554584,0.051433325,-0.76198751,0
-1.4498376,-0.71857905,-1.9718711,0.64554584,0.051433325,-0.76198751,0
1.9603901,0.10157633,2.1220412,0.46120477,-0.82151091,0.33527559,0
-1.8245723,-2.5461168,-0.85787034,-0.64554584,-0.051433325,0.76198751,0
2.100266,1.0421321,1.8060185,0.60873675,0.56786817,0.55404449,0
1.1269102,2.2359576,1.6750531,-0.64554584,-0.051433325,0.76198751,0
-0.11073625,0.88377535,-0.76252913,0.64554584,0.051433325,-0.76198751,0
-0.19985452,0.35440785,0.73570132,-0.64554584,-0.051433325,0.76198751,0
1.0251976,-0.88233721,1.3714148,0.46120477,-0.82151091,0.33527559,0
