-1.9243897,1.6498845,-1.8071771,-0.78340483,-0.61687386,0.075788856,0
-0.10237139,-0.43490469,1.8767703,-0.78340483,-0.61687386,0.075788856,0
1.2822371,-1.6188288,3.6211953,0.52625692,-0.593512,0.6089313,0
-1.6711431,1.8774599,-3.0256181,-0.52625692,0.593512,-0.6089313,0
1.9882417,-1.5240129,2.4682312,0.78340483,0.61687386,-0.075788856,0
-0.8217209,0.41104132,1.0044718,-0.78340483,-0.61687386,0.075788856,0
0.98749119,-0.3920126,-0.23819375,0.78340483,0.61687386,-0.075788856,0
2.675642,-2.7630939,1.3559849,0.52625692,-0.593512,0.6089313,0
-0.12012649,-0.61965859,-0.96643126,-0.78340483,-0.61687386,0.075788856,0
2.0264518,-2.170908,2.4449091,0.52625692,-0.593512,0.6089313,0
2.829294,-2.7640722,1.3833635,0.52625692,-0.593512,0.6089313,0
0.98040998,-1.4392292,-0.30233943,0.33065224,-0.51692414,-0.78959405,0
-0.99243867,1.9229257,-2.5456097,0.78340483,0.61687386,-0.075788856,0
-2.1273832,2.8113129,-0.70504832,-0.33065224,0.51692414,0.78959405,0
1.8100122,-2.9539518,1.2076919,-0.78340483,-0.61687386,0.075788856,0
0.15920162,-0.84627116,-1.464834,0.33065224,-0.51692414,-0.78959405,0
0.47078902,-1.2106881,2.754545,-0.33065224,0.51692414,0.78959405,0
-0.72052169,0.57602757,1.1477807,-0.33065224,0.51692414,0.78959405,0
2.7944596,-2.2413228,2.1475849,0.52625692,-0.593512,0.6089313,0
1.1712899,-2.100219,2.7597651,-0.78340483,-0.61687386,0.075788856,0
-1.116065,0.26144776,-2.4755237,0.33065224,-0.51692414,-0.78959405,0
0.98297346,-0.49568808,0.93728256,0.78340483,0.61687386,-0.075788856,0
0.30687058,-1.2452506,-0.88028646,-0.78340483,-0.61687386,0.075788856,0
-1.6567069,1.535917,-3.8358865,0.33065224,-0.51692414,-0.78959405,0
0.60609478,-1.311214,2.7513604,-0.78340483,-0.61687386,0.075788856,0
1.9597446,-1.8808999,2.9559197,0.52625692,-0.593512,0.6089313,0
-2.2064424,1.5678709,-3.0227628,-0.52625692,0.593512,-0.6089313,0
-2.6825552,2.5238583,-2.0411296,-0.52625692,0.593512,-0.6089313,0
-2.8895657,2.6702662,-1.1720006,-0.52625692,0.593512,-0.6089313,0
0.75656748,-1.5024772,2.4539807,-0.78340483,-0.61687386,0.075788856,0
-1.7148371,1.508096,-0.81695795,-0.78340483,-0.61687386,0.075788856,0
2.2518282,-2.7619298,1.9879508,0.52625692,-0.593512,0.6089313,0
-0.61339808,0.60119891,-2.7320259,0.33065224,-0.51692414,-0.78959405,0
-2.2363534,3.2669141,-1.7018993,-0.52625692,0.593512,-0.6089313,0
2.0199461,-3.1403594,1.7427425,0.52625692,-0.593512,0.6089313,0
-2.0866356,3.0642805,-1.8878977,-0.52625692,0.593512,-0.6089313,0
1.1060559,-1.0366185,-0.55356407,0.33065224,-0.51692414,-0.78959405,0
-1.7557015,1.1957973,-2.2725215,-0.78340483,-0.61687386,0.075788856,0
-2.2782114,2.6452782,-1.7752459,-0.52625692,0.593512,-0.6089313,0
-1.7309848,1.1385531,-3.6050551,0.33065224,-0.51692414,-0.78959405,0
0.56856322,-0.13568735,-1.3076789,0.78340483,0.61687386,-0.075788856,0
1.4023826,-2.2340634,0.22366714,0.33065224,-0.51692414,-0.78959405,0
-2.1884887,1.512612,-3.3321929,-0.52625692,0.593512,-0.6089313,0
-2.6959138,2.2808032,-1.8587885,-0.52625692,0.593512,-0.6089313,0
-0.71708679,0.28743386,1.2806194,-0.33065224,0.51692414,0.78959405,0
-0.11715519,0.34234917,-2.2404182,0.33065224,-0.51692414,-0.78959405,0
2.1982362,-2.959188,1.6256282,0.52625692,-0.593512,0.6089313,0
-0.49100316,-0.40158662,-1.5752938,-0.78340483,-0.61687386,0.075788856,0
1.3873605,-1.4848704,3.5038128,-0.33065224,0.51692414,0.78959405,0
2.5441904,-2.9313164,1.4343007,0.52625692,-0.593512,0.6089313,0
1.0339817,-2.093797,0.65231335,-0.78340483,-0.61687386,0.075788856,0
2.3050625,-1.7354963,2.7589107,0.78340483,0.61687386,-0.075788856,0
1.7573795,-2.5542431,0.52590656,0.33065224,-0.51692414,-0.78959405,0
0.77478564,-1.052633,3.0308533,-0.33065224,0.51692414,0.78959405,0
1.1889762,-1.9853411,0.11044157,0.33065224,-0.51692414,-0.78959405,0
-1.8910487,2.8729153,-1.9499207,-0.52625692,0.593512,-0.6089313,0
2.3470094,-2.3965626,2.4260926,0.52625692,-0.593512,0.6089313,0
1.2272904,-0.94672728,0.92377645,0.78340483,0.61687386,-0.075788856,0
1.0105556,-1.7162395,-0.24199855,0.33065224,-0.51692414,-0.78959405,0
0.63390851,-1.3039564,2.8144481,-0.33065224,0.51692414,0.78959405,0
-1.4086497,2.0070579,-3.4743807,-0.52625692,0.593512,-0.6089313,0
1.8457885,-1.7865278,0.2921536,0.78340483,0.61687386,-0.075788856,0
2.1976914,-2.2792993,2.466012,0.52625692,-0.593512,0.6089313,0
-2.364516,3.0961361,-1.3316998,-0.52625692,0.593512,-0.6089313,0
1.6481833,-1.1571422,-0.42444652,0.33065224,-0.51692414,-0.78959405,0
1.1349978,-0.67173392,-0.25376534,0.78340483,0.61687386,-0.075788856,0
1.1149319,-1.7106616,1.8959358,-0.78340483,-0.61687386,0.075788856,0
0.053058982,-0.048607886,-2.0512202,0.33065224,-0.51692414,-0.78959405,0
2.3588791,-2.7334514,2.1935418,0.52625692,-0.593512,0.6089313,0
-2.3725111,2.1683054,-2.1548545,-0.78340483,-0.61687386,0.075788856,0
-1.5942948,1.8441582,-3.1264212,-0.52625692,0.593512,-0.6089313,0
2.4248462,-2.9022462,1.6830313,0.52625692,-0.593512,0.6089313,0
1.7505527,-1.0099113,3.105511,-0.33065224,0.51692414,0.78959405,0
-0.36946964,0.035982251,1.9215226,-0.33065224,0.51692414,0.78959405,0
-1.3816018,2.1497996,-2.1598613,0.78340483,0.61687386,-0.075788856,0
-0.02162382,0.52421623,-0.19287279,0.78340483,0.61687386,-0.075788856,0
-2.0258656,1.6362362,-3.1902151,-0.52625692,0.593512,-0.6089313,0
-2.3642902,2.8832915,-1.4802833,-0.52625692,0.593512,-0.6089313,0
1.1117262,-0.45995587,0.89846992,0.78340483,0.61687386,-0.075788856,0
1.8411467,-1.2326254,1.2133026,0.78340483,0.61687386,-0.075788856,0
-1.4101949,1.3526735,-3.3225424,0.33065224,-0.51692414,-0.78959405,0
-0.83354437,1.7944602,-2.4459114,0.78340483,0.61687386,-0.075788856,0
-1.513198,2.2190704,-1.6043116,0.78340483,0.61687386,-0.075788856,0
1.146528,-0.19045776,1.2222228,0.78340483,0.61687386,-0.075788856,0
-0.79516554,0.11880076,0.95598871,-0.78340483,-0.61687386,0.075788856,0
-1.6501489,2.7406375,-0.8741076,0.78340483,0.61687386,-0.075788856,0
2.7089031,-2.9425936,1.3078678,0.52625692,-0.593512,0.6089313,0
2.3486335,-1.7546623,2.5073647,0.52625692,-0.593512,0.6089313,0
1.3321236,-1.9253235,-0.11547053,0.33065224,-0.51692414,-0.78959405,0
-2.2028012,2.6084862,-2.1797032,-0.52625692,0.593512,-0.6089313,0
-0.11630237,-0.60453731,-1.511555,-0.78340483,-0.61687386,0.075788856,0
-1.0543265,1.8518307,-2.9226966,0.78340483,0.61687386,-0.075788856,0
-2.0282984,1.9983125,-0.14389622,-0.33065224,0.51692414,0.78959405,0
-1.1561641,1.9151392,0.13404226,-0.33065224,0.51692414,0.78959405,0
-1.3990152,2.3447483,-3.0954001,0.78340483,0.61687386,-0.075788856,0
-0.415025,1.005939,-2.6794744,0.33065224,-0.51692414,-0.78959405,0
0.12910211,-0.99766457,-0.51775151,-0.78340483,-0.61687386,0.075788856,0
0.84466594,-0.41547036,2.5182242,-0.33065224,0.51692414,0.78959405,0
0.082354128,0.96000874,-0.33110875,0.78340483,0.61687386,-0.075788856,0
-1.1728003,2.2370529,0.0086963177,-0.33065224,0.51692414,0.78959405,0
2.13307,-2.9756672,2.042944,0.52625692,-0.593512,0.6089313,0
2.6874938,-2.8635838,1.2545238,0.33065224,-0.51692414,-0.78959405,0
-0.23327506,0.48796439,1.4937456,-0.33065224,0.51692414,0.78959405,0
-1.6417331,1.4045217,-3.6595707,0.33065224,-0.51692414,-0.78959405,0
-0.44720811,0.11516315,-2.1600575,0.33065224,-0.51692414,-0.78959405,0
1.1731023,-0.59541583,-0.90027815,0.33065224,-0.51692414,-0.78959405,0
2.1710958,-2.1410923,0.43838894,0.33065224,-0.51692414,-0.78959405,0
-1.8542553,1.8748596,-0.081186414,-0.33065224,0.51692414,0.78959405,0
2.7192321,-2.6582603,0.72910023,0.33065224,-0.51692414,-0.78959405,0
2.1372442,-2.3951294,2.7100806,0.52625692,-0.593512,0.6089313,0
-1.2629704,1.7831999,-3.2082748,0.78340483,0.61687386,-0.075788856,0
-2.1022267,2.2066588,-2.5964181,-0.52625692,0.593512,-0.6089313,0
1.7862803,-1.5888634,3.6188962,0.52625692,-0.593512,0.6089313,0
1.8953366,-2.3192112,0.48017108,0.33065224,-0.51692414,-0.78959405,0
-2.4269176,2.089788,-2.2083135,-0.52625692,0.593512,-0.6089313,0
2.310972,-3.373383,1.1989415,0.33065224,-0.51692414,-0.78959405,0
-0.52541131,0.45035425,-2.2480242,0.33065224,-0.51692414,-0.78959405,0
-0.51340646,0.63481247,-2.4354413,0.33065224,-0.51692414,-0.78959405,0
-1.8309846,1.4633651,-0.5641247,-0.78340483,-0.61687386,0.075788856,0
-1.0674559,2.0823038,-0.065882087,-0.33065224,0.51692414,0.78959405,0
2.302016,-1.5110313,2.3623238,0.78340483,0.61687386,-0.075788856,0
2.2900901,-2.495352,2.2266574,0.52625692,-0.593512,0.6089313,0
-1.3541064,1.257215,-3.2344937,0.33065224,-0.51692414,-0.78959405,0
-1.9176555,2.7291045,-1.7646985,0.78340483,0.61687386,-0.075788856,0
1.0708177,-1.3182247,-0.56238258,0.33065224,-0.51692414,-0.78959405,0
-2.3921912,2.4404898,-2.0049086,-0.52625692,0.593512,-0.6089313,0
-2.0462308,2.4280438,-0.74877167,-0.33065224,0.51692414,0.78959405,0
2.8417807,-2.7704597,1.306006,0.52625692,-0.593512,0.6089313,0
-2.2590506,3.3869324,-1.6375215,-0.52625692,0.593512,-0.6089313,0
-0.87709147,0.43850291,0.26962256,-0.78340483,-0.61687386,0.075788856,0
1.0920788,-1.1048512,-0.57442296,0.33065224,-0.51692414,-0.78959405,0
1.5710304,-1.9572623,0.088953495,0.33065224,-0.51692414,-0.78959405,0
-0.62733889,1.511411,0.41670209,-0.33065224,0.51692414,0.78959405,0
3.0439444,-2.6280272,1.2529407,0.78340483,0.61687386,-0.075788856,0
2.0496089,-2.100914,2.8466654,0.52625692,-0.593512,0.6089313,0
0.39648861,-0.90011466,2.6352277,-0.33065224,0.51692414,0.78959405,0
-1.9042366,2.7829907,-0.7271986,-0.33065224,0.51692414,0.78959405,0
2.0176466,-1.6050024,2.6886425,0.78340483,0.61687386,-0.075788856,0
-2.0670428,1.3677566,-3.1396904,-0.78340483,-0.61687386,0.075788856,0
0.79794568,-0.23155746,2.1871033,-0.33065224,0.51692414,0.78959405,0
-1.2211207,1.4656496,0.45012867,-0.33065224,0.51692414,0.78959405,0
-2.0929956,3.0972476,-1.485867,-0.52625692,0.593512,-0.6089313,0
1.1401812,-1.138741,-0.47963738,0.33065224,-0.51692414,-0.78959405,0
1.7057011,-1.6431195,3.276283,0.52625692,-0.593512,0.6089313,0
-1.2672219,2.658534,-0.49942446,0.78340483,0.61687386,-0.075788856,0
1.4763465,-0.68121976,2.2487073,0.78340483,0.61687386,-0.075788856,0
-2.6133347,2.2277157,-2.297272,-0.52625692,0.593512,-0.6089313,0
-2.5141397,2.8201776,-1.941216,-0.52625692,0.593512,-0.6089313,0
1.911001,-1.3753815,1.7768207,0.78340483,0.61687386,-0.075788856,0
2.379267,-1.7913026,2.3106589,0.78340483,0.61687386,-0.075788856,0
0.60016984,-0.36876452,2.4346256,-0.33065224,0.51692414,0.78959405,0
-0.28321415,-0.39820641,1.5238348,-0.78340483,-0.61687386,0.075788856,0
-1.6045194,1.9441905,-0.19405544,-0.33065224,0.51692414,0.78959405,0
-0.85852122,0.87357986,0.78882748,-0.33065224,0.51692414,0.78959405,0
0.27879962,0.60688537,-0.92079341,0.78340483,0.61687386,-0.075788856,0
1.8790678,-1.5318949,3.4169502,0.52625692,-0.593512,0.6089313,0
2.6272302,-2.8644862,1.1961105,0.52625692,-0.593512,0.6089313,0
-0.35871482,1.2473989,0.80510306,-0.33065224,0.51692414,0.78959405,0
1.7361308,-2.4816766,2.7546315,0.52625692,-0.593512,0.6089313,0
2.0974722,-1.1913404,3.3574111,0.52625692,-0.593512,0.6089313,0
-2.3619905,3.2624507,-1.096529,-0.33065224,0.51692414,0.78959405,0
-0.68030179,0.41516453,1.3537078,-0.33065224,0.51692414,0.78959405,0
-1.3743514,2.1218646,-2.1874642,0.78340483,0.61687386,-0.075788856,0
-1.8167588,2.9810035,-1.5064127,0.78340483,0.61687386,-0.075788856,0
0.93069398,-1.8922637,-0.15367937,0.33065224,-0.51692414,-0.78959405,0
2.0591083,-3.0992923,1.8988345,0.52625692,-0.593512,0.6089313,0
2.1986685,-2.8415341,1.6122987,0.52625692,-0.593512,0.6089313,0
1.0140523,-0.73364419,-0.78098434,0.33065224,-0.51692414,-0.78959405,0
2.4162178,-2.3006945,2.324481,0.52625692,-0.593512,0.6089313,0
-2.0204079,1.9335119,-3.1583238,-0.52625692,0.593512,-0.6089313,0
-0.41835189,-0.28097346,-1.9964924,0.33065224,-0.51692414,-0.78959405,0
-1.8318152,1.7172725,-3.5765729,-0.52625692,0.593512,-0.6089313,0
-0.52430344,-0.13778523,-2.175344,0.33065224,-0.51692414,-0.78959405,0
1.930702,-1.1976464,3.6150494,-0.33065224,0.51692414,0.78959405,0
1.1146812,-1.5194315,-0.25589657,0.33065224,-0.51692414,-0.78959405,0
-0.46188557,-0.20899446,-2.0188494,0.33065224,-0.51692414,-0.78959405,0
2.7747681,-2.8113186,1.7580483,0.52625692,-0.593512,0.6089313,0
1.5588274,-1.9819998,0.055418611,0.33065224,-0.51692414,-0.78959405,0
-0.36839044,0.80680293,0.97842425,-0.33065224,0.51692414,0.78959405,0
2.5511494,-2.7274811,1.9577284,0.52625692,-0.593512,0.6089313,0
1.0620434,-0.58377922,2.526145,-0.33065224,0.51692414,0.78959405,0
-1.0213165,0.36654043,-1.8143601,-0.78340483,-0.61687386,0.075788856,0
-2.1590414,2.6969512,-2.2783215,-0.52625692,0.593512,-0.6089313,0
2.6395082,-2.7249634,1.5101337,0.52625692,-0.593512,0.6089313,0
-2.3260932,2.2970262,-2.1295557,-0.52625692,0.593512,-0.6089313,0
1.5790693,-2.5501659,2.7516453,0.52625692,-0.593512,0.6089313,0
1.3903415,-2.1831689,2.9958858,0.52625692,-0.593512,0.6089313,0
1.5592638,-1.2811501,-0.2016319,0.33065224,-0.51692414,-0.78959405,0
1.7718996,-1.177581,1.6818627,0.78340483,0.61687386,-0.075788856,0
-1.8048167,1.8695599,-3.2786493,-0.52625692,0.593512,-0.6089313,0
2.3215632,-2.7987325,0.7456584,0.33065224,-0.51692414,-0.78959405,0
-0.13171756,-0.066438138,-1.8990467,0.33065224,-0.51692414,-0.78959405,0
-1.8038888,1.4859873,-3.4335179,-0.52625692,0.593512,-0.6089313,0
-0.29090393,0.73069239,-2.3186271,0.33065224,-0.51692414,-0.78959405,0
1.8661175,-2.261981,0.28215206,0.33065224,-0.51692414,-0.78959405,0
0.045037091,-0.38459218,2.1086917,-0.78340483,-0.61687386,0.075788856,0
1.6435652,-1.714196,3.318023,0.52625692,-0.593512,0.6089313,0
0.12662435,0.34883434,-2.1057713,0.33065224,-0.51692414,-0.78959405,0
-1.7877573,2.2661338,-2.5202789,-0.52625692,0.593512,-0.6089313,0
2.560288,-2.698463,1.4383981,0.52625692,-0.593512,0.6089313,0
-2.1773,1.41554,-3.1138928,-0.78340483,-0.61687386,0.075788856,0
2.0232055,-1.4453788,3.4055135,0.52625692,-0.593512,0.6089313,0
0.90543759,-1.2496639,-0.92256474,0.33065224,-0.51692414,-0.78959405,0
-1.229638,1.063813,0.82568735,-0.33065224,0.51692414,0.78959405,0
1.0052799,-1.8026016,0.79502225,-0.78340483,-0.61687386,0.075788856,0
-0.034941003,0.93133599,-1.6290599,0.78340483,0.61687386,-0.075788856,0
2.0026722,-1.2852077,3.4961491,0.78340483,0.61687386,-0.075788856,0
1.2608761,-0.63257277,2.8019621,-0.33065224,0.51692414,0.78959405,0
0.67869157,0.11224031,0.91809285,0.78340483,0.61687386,-0.075788856,0
-1.4238403,2.0048509,-3.404928,-0.52625692,0.593512,-0.6089313,0
1.026493,-1.9153724,0.82647991,-0.78340483,-0.61687386,0.075788856,0
1.8150382,-2.1725774,0.4465059,0.33065224,-0.51692414,-0.78959405,0
0.19911563,0.78784025,0.81651866,0.78340483,0.61687386,-0.075788856,0
2.1015668,-2.1558504,2.8792074,0.52625692,-0.593512,0.6089313,0
1.3046019,-1.8286084,3.2753088,-0.78340483,-0.61687386,0.075788856,0
-0.8645941,0.37043327,-0.2141383,-0.78340483,-0.61687386,0.075788856,0
0.11080575,-0.12694848,-1.8223691,0.33065224,-0.51692414,-0.78959405,0
-0.23115741,0.95528847,-1.7333719,0.78340483,0.61687386,-0.075788856,0
-1.0661681,0.28746289,-1.9342766,-0.78340483,-0.61687386,0.075788856,0
0.6431427,0.24993053,1.0702845,0.78340483,0.61687386,-0.075788856,0
-0.11038093,1.0790304,-1.3980957,0.78340483,0.61687386,-0.075788856,0
-2.2806716,2.5010414,-1.9797591,-0.52625692,0.593512,-0.6089313,0
-1.8501812,2.6886849,-1.7400419,0.78340483,0.61687386,-0.075788856,0
-0.23224568,-0.19438469,1.3794169,-0.78340483,-0.61687386,0.075788856,0
1.5980929,-2.5922222,2.4951766,0.52625692,-0.593512,0.6089313,0
0.026028395,-1.164396,-0.55719447,-0.78340483,-0.61687386,0.075788856,0
-0.68005407,0.81942254,-2.9066741,0.33065224,-0.51692414,-0.78959405,0
1.2298822,-1.0305408,3.3208458,-0.33065224,0.51692414,0.78959405,0
1.3912499,-1.0460352,0.18872321,0.78340483,0.61687386,-0.075788856,0
-0.91353965,0.40484762,0.15564424,-0.78340483,-0.61687386,0.075788856,0
-1.7514538,1.6412495,0.297943,-0.33065224,0.51692414,0.78959405,0
-0.24390447,-0.013680875,1.5481926,-0.78340483,-0.61687386,0.075788856,0
1.5609543,-1.6994414,3.6105936,0.52625692,-0.593512,0.6089313,0
2.1447215,-1.670522,1.1423711,0.78340483,0.61687386,-0.075788856,0
-0.42191732,0.15065771,-2.1315968,0.33065224,-0.51692414,-0.78959405,0
0.32326055,-1.6006336,-0.921866,-0.78340483,-0.61687386,0.075788856,0
-1.2588151,1.6359605,-3.3250151,0.33065224,-0.51692414,-0.78959405,0
2.0969722,-1.6503162,3.4513898,0.52625692,-0.593512,0.6089313,0
-0.24221915,0.42673552,-2.2467542,0.33065224,-0.51692414,-0.78959405,0
-1.0975579,2.2076566,-1.4688245,0.78340483,0.61687386,-0.075788856,0
1.2510661,-0.17006561,2.5660841,0.78340483,0.61687386,-0.075788856,0
2.605633,-2.1684833,1.9793983,0.52625692,-0.593512,0.6089313,0
-1.5039228,0.62538415,-3.1551776,0.33065224,-0.51692414,-0.78959405,0
-1.8741723,2.9756751,-2.0156541,-0.52625692,0.593512,-0.6089313,0
2.4385428,-2.5030768,1.9548141,0.52625692,-0.593512,0.6089313,0
-0.34225929,-0.40032682,-1.7181231,0.33065224,-0.51692414,-0.78959405,0
0.82725388,-1.6218472,1.0174811,-0.78340483,-0.61687386,0.075788856,0
1.5849072,-1.0452894,0.83011568,0.78340483,0.61687386,-0.075788856,0
2.1587272,-2.5289721,2.3870068,0.52625692,-0.593512,0.6089313,0
-1.3168912,0.81987315,-3.106648,0.33065224,-0.51692414,-0.78959405,0
1.2811892,-0.5118863,1.0139264,0.78340483,0.61687386,-0.075788856,0
0.027810574,-0.1535821,1.8625723,-0.33065224,0.51692414,0.78959405,0
-0.9265008,0.51559299,-0.5518198,-0.78340483,-0.61687386,0.075788856,0
-1.6760737,2.139663,0.047955036,-0.33065224,0.51692414,0.78959405,0
0.46622729,-1.3747492,0.30288625,-0.78340483,-0.61687386,0.075788856,0
-1.2542107,1.8413815,-3.690824,0.33065224,-0.51692414,-0.78959405,0
0.5085116,-1.4892402,1.8387959,-0.78340483,-0.61687386,0.075788856,0
-2.2072425,1.8086747,-0.11764979,-0.33065224,0.51692414,0.78959405,0
-1.6162739,2.5895524,-2.8596306,-0.52625692,0.593512,-0.6089313,0
-1.6196544,1.5044476,-3.4130323,-0.52625692,0.593512,-0.6089313,0
-2.0636659,2.6725073,-2.2848983,-0.52625692,0.593512,-0.6089313,0
-1.6008196,1.2153699,-3.2542934,0.33065224,-0.51692414,-0.78959405,0
1.3470769,-1.1856734,3.3169253,-0.33065224,0.51692414,0.78959405,0
2.7564793,-2.2615716,1.9285263,0.52625692,-0.593512,0.6089313,0
-2.4246926,2.5686107,-2.0519588,-0.52625692,0.593512,-0.6089313,0
2.186106,-1.5517921,2.5362179,0.78340483,0.61687386,-0.075788856,0
0.62542117,0.22468424,-0.89523685,0.78340483,0.61687386,-0.075788856,0
2.1379175,-2.371655,2.4556055,0.52625692,-0.593512,0.6089313,0
-1.9156621,1.5409081,-3.1022918,-0.52625692,0.593512,-0.6089313,0
0.21885598,0.39134449,1.8044722,-0.33065224,0.51692414,0.78959405,0
-1.8795531,1.5429274,-1.0109097,-0.78340483,-0.61687386,0.075788856,0
2.0403666,-2.8249531,2.2648163,0.52625692,-0.593512,0.6089313,0
-1.4890205,1.8651565,-0.04701376,-0.33065224,0.51692414,0.78959405,0
0.63128078,-0.56765473,-1.1052617,0.33065224,-0.51692414,-0.78959405,0
-1.0457656,1.6241344,-3.409626,0.78340483,0.61687386,-0.075788856,0
0.53256845,-1.3654118,1.5393431,-0.78340483,-0.61687386,0.075788856,0
0.50617743,0.023354113,-0.1095188,0.78340483,0.61687386,-0.075788856,0
0.68141961,-0.17043781,-0.083531365,0.78340483,0.61687386,-0.075788856,0
-1.955375,2.4644592,-0.5708046,-0.33065224,0.51692414,0.78959405,0
-2.0686672,3.0707955,-1.1480358,-0.33065224,0.51692414,0.78959405,0
-0.13024575,0.78988779,-0.84536684,0.78340483,0.61687386,-0.075788856,0
-0.14654325,0.67553997,-1.1722393,0.78340483,0.61687386,-0.075788856,0
0.43869978,-0.024579763,-1.4771646,0.78340483,0.61687386,-0.075788856,0
1.2309526,-1.4275274,-0.41510642,0.33065224,-0.51692414,-0.78959405,0
-1.3107826,2.0529706,-3.347826,-0.52625692,0.593512,-0.6089313,0
-1.2605422,2.1384943,-1.6610928,0.78340483,0.61687386,-0.075788856,0
-2.6789846,2.8010612,-0.80679154,-0.33065224,0.51692414,0.78959405,0
1.2391421,-1.0131491,3.0840087,-0.33065224,0.51692414,0.78959405,0
-1.6574233,0.83413619,-2.9854038,-0.78340483,-0.61687386,0.075788856,0
-0.60140324,1.0793155,-2.0365093,0.78340483,0.61687386,-0.075788856,0
2.7375135,-2.7656159,1.6000049,0.52625692,-0.593512,0.6089313,0
0.2993772,-0.50600433,-1.2649028,0.33065224,-0.51692414,-0.78959405,0
-0.20325404,0.2150383,-2.0986233,0.33065224,-0.51692414,-0.78959405,0
-2.6020575,2.6643922,-1.0800858,-0.33065224,0.51692414,0.78959405,0
2.6540995,-2.3611047,1.1855075,0.78340483,0.61687386,-0.075788856,0
2.783586,-2.4345119,2.0353098,0.52625692,-0.593512,0.6089313,0
2.7107093,-2.7375467,1.7834814,0.52625692,-0.593512,0.6089313,0
1.9906578,-1.8603479,2.9968555,0.52625692,-0.593512,0.6089313,0
2.5920787,-2.4348862,2.2773755,0.52625692,-0.593512,0.6089313,0
-1.5125545,0.76795816,-3.2710235,0.33065224,-0.51692414,-0.78959405,0
1.6023901,-2.4164748,2.7019892,0.52625692,-0.593512,0.6089313,0
0.86681819,-1.0815136,-1.0433146,0.33065224,-0.51692414,-0.78959405,0
-0.0039298534,1.0579747,-0.073040605,0.78340483,0.61687386,-0.075788856,0
2.2722819,-2.2301919,2.5870423,0.52625692,-0.593512,0.6089313,0
2.4289489,-2.946439,1.4090078,0.52625692,-0.593512,0.6089313,0
1.3067191,-2.4695621,0.17355442,0.33065224,-0.51692414,-0.78959405,0
1.0463583,-1.9890667,1.452334,-0.78340483,-0.61687386,0.075788856,0
2.3593421,-2.2180905,2.1623003,0.52625692,-0.593512,0.6089313,0
0.49035454,-1.2416558,0.89167589,-0.78340483,-0.61687386,0.075788856,0
0.68827868,-1.4381111,0.13551819,-0.78340483,-0.61687386,0.075788856,0
0.847574,-1.5545294,-0.53013259,0.33065224,-0.51692414,-0.78959405,0
1.8398193,-2.4649012,0.62198448,0.33065224,-0.51692414,-0.78959405,0
1.7581124,-2.6869435,2.5196018,0.52625692,-0.593512,0.6089313,0
-1.1363153,0.54526991,-2.9323606,0.33065224,-0.51692414,-0.78959405,0
2.0534308,-2.4049742,2.707263,0.52625692,-0.593512,0.6089313,0
-0.7476722,0.36053824,0.68614209,-0.78340483,-0.61687386,0.075788856,0
1.8494041,-3.1238804,2.0242784,0.52625692,-0.593512,0.6089313,0
-1.3553898,1.8941686,-3.2469327,-0.52625692,0.593512,-0.6089313,0
0.94261312,-2.014205,-0.42242527,0.33065224,-0.51692414,-0.78959405,0
-2.3667986,2.9765697,-1.1347132,-0.33065224,0.51692414,0.78959405,0
2.4584837,-2.5677059,0.90515566,0.33065224,-0.51692414,-0.78959405,0
-1.1331071,0.54180229,0.82292867,-0.33065224,0.51692414,0.78959405,0
1.0796124,-0.55634964,0.23078817,0.78340483,0.61687386,-0.075788856,0
1.8061521,-1.2923964,1.2643353,0.78340483,0.61687386,-0.075788856,0
-0.68397486,1.7954239,0.19400311,-0.33065224,0.51692414,0.78959405,0
-0.57424253,0.057243764,-0.36789721,-0.78340483,-0.61687386,0.075788856,0
-1.4406551,0.91755515,-1.844074,-0.78340483,-0.61687386,0.075788856,0
-0.38338971,1.2104888,0.98950016,0.78340483,0.61687386,-0.075788856,0
-0.84362376,0.48619285,-0.087929666,-0.78340483,-0.61687386,0.075788856,0
1.2898276,-0.39816737,2.7881017,-0.33065224,0.51692414,0.78959405,0
2.3030908,-2.9180057,2.0077147,0.52625692,-0.593512,0.6089313,0
-1.8975613,2.1246088,-0.061273575,-0.33065224,0.51692414,0.78959405,0
0.26547241,-0.77228612,-1.2739866,0.33065224,-0.51692414,-0.78959405,0
2.189697,-2.0354626,1.7232921,0.78340483,0.61687386,-0.075788856,0
-1.8256602,2.3873465,-0.40216804,-0.33065224,0.51692414,0.78959405,0
-2.4748325,2.9194732,-1.289937,-0.52625692,0.593512,-0.6089313,0
2.3992434,-2.8136024,1.4861178,0.52625692,-0.593512,0.6089313,0
1.7747822,-1.8110693,0.056184411,0.33065224,-0.51692414,-0.78959405,0
0.35067284,-0.99832273,-0.2994442,-0.78340483,-0.61687386,0.075788856,0
-2.4008408,2.5248291,-1.9112659,-0.52625692,0.593512,-0.6089313,0
-1.8745457,1.7698827,-3.5260372,-0.52625692,0.593512,-0.6089313,0
-2.0344434,1.7716604,-0.93948913,-0.78340483,-0.61687386,0.075788856,0
2.0695269,-2.5251355,2.051214,0.52625692,-0.593512,0.6089313,0
-1.7412963,1.2613976,-0.52688229,-0.78340483,-0.61687386,0.075788856,0
-2.3012664,1.7989166,-2.1164265,-0.78340483,-0.61687386,0.075788856,0
-1.4154612,0.81643784,0.7641651,-0.78340483,-0.61687386,0.075788856,0
-0.082846999,-0.086941481,1.6823754,-0.33065224,0.51692414,0.78959405,0
-1.6542239,1.4541953,0.3542335,-0.33065224,0.51692414,0.78959405,0
-1.7653112,3.0158458,-1.0421541,-0.33065224,0.51692414,0.78959405,0
-0.33735698,0.89816999,-2.670651,0.33065224,-0.51692414,-0.78959405,0
0.48247188,-1.2306265,1.5253353,-0.78340483,-0.61687386,0.075788856,0
-1.8211387,2.1481624,-2.7086554,-0.52625692,0.593512,-0.6089313,0
0.44291502,-0.39985541,2.5302274,-0.33065224,0.51692414,0.78959405,0
-1.364776,2.0354142,-3.438782,-0.52625692,0.593512,-0.6089313,0
2.1043227,-2.5905161,2.5260949,0.52625692,-0.593512,0.6089313,0
-0.27041873,-0.58325464,1.2354925,-0.78340483,-0.61687386,0.075788856,0
-0.88933277,0.59515548,1.2266532,-0.33065224,0.51692414,0.78959405,0
0.78562367,-0.5944199,-1.0800359,0.78340483,0.61687386,-0.075788856,0
2.8613672,-2.5171974,1.1698523,0.78340483,0.61687386,-0.075788856,0
-1.7773337,1.7025055,-3.2622056,-0.52625692,0.593512,-0.6089313,0
-1.6382787,1.6737661,-3.6363664,-0.52625692,0.593512,-0.6089313,0
-0.89039451,0.1824095,-2.3080869,0.33065224,-0.51692414,-0.78959405,0
1.6226597,-2.6725597,0.3936038,-0.78340483,-0.61687386,0.075788856,0
1.4447856,-0.62130618,1.7480522,0.78340483,0.61687386,-0.075788856,0
-1.7237587,2.4818318,-0.34220028,-0.33065224,0.51692414,0.78959405,0
-0.34501958,1.4042721,0.98192084,-0.33065224,0.51692414,0.78959405,0
-2.2698946,3.2538972,-1.255645,-0.33065224,0.51692414,0.78959405,0
1.9922433,-2.3842814,2.766037,0.52625692,-0.593512,0.6089313,0
2.3292642,-2.5383272,2.2322416,0.52625692,-0.593512,0.6089313,0
2.4638615,-2.8297014,1.0897164,0.33065224,-0.51692414,-0.78959405,0
1.8763245,-1.7976589,0.098631024,0.33065224,-0.51692414,-0.78959405,0
-1.1196527,0.36141667,-1.7038668,-0.78340483,-0.61687386,0.075788856,0
-2.6607296,2.5082428,-1.8943298,-0.52625692,0.593512,-0.6089313,0
1.7207563,-2.0282741,0.030688763,0.33065224,-0.51692414,-0.78959405,0
-1.3959248,2.4098103,-0.03742528,-0.33065224,0.51692414,0.78959405,0
2.4861145,-3.065382,1.4844041,0.52625692,-0.593512,0.6089313,0
2.0970957,-2.6000304,2.1247373,0.52625692,-0.593512,0.6089313,0
2.7028337,-2.2331555,2.1489177,0.52625692,-0.593512,0.6089313,0
1.0352681,-1.5109416,3.503732,-0.33065224,0.51692414,0.78959405,0
-1.4275581,2.3957949,-3.3150191,-0.52625692,0.593512,-0.6089313,0
2.2816863,-1.6447636,3.201149,0.52625692,-0.593512,0.6089313,0
-1.8040466,2.1927495,-3.0193238,-0.52625692,0.593512,-0.6089313,0
1.0597435,-1.5740668,-0.41386473,0.33065224,-0.51692414,-0.78959405,0
2.1213543,-2.3634849,0.33329844,0.33065224,-0.51692414,-0.78959405,0
2.6070418,-2.724225,1.6957209,0.52625692,-0.593512,0.6089313,0
-1.2167161,0.77432263,-0.55522096,-0.78340483,-0.61687386,0.075788856,0
0.24524546,-0.51423949,2.5850387,-0.33065224,0.51692414,0.78959405,0
-1.4943362,1.9744656,0.18313384,-0.33065224,0.51692414,0.78959405,0
-1.1875176,2.086071,-3.6454568,-0.52625692,0.593512,-0.6089313,0
-2.4609768,2.878545,-1.5023441,-0.52625692,0.593512,-0.6089313,0
-0.76675308,1.6414362,-0.80284584,0.78340483,0.61687386,-0.075788856,0
-1.1491423,0.55759585,-1.5562804,-0.78340483,-0.61687386,0.075788856,0
-0.80335569,0.92766243,0.70390928,-0.33065224,0.51692414,0.78959405,0
-1.3067257,1.7826793,0.25291216,-0.33065224,0.51692414,0.78959405,0
-0.43726361,-0.11985238,-2.0726202,0.33065224,-0.51692414,-0.78959405,0
1.2401202,-0.63430154,0.54104406,0.78340483,0.61687386,-0.075788856,0
-0.27220869,-0.21552706,1.7801629,-0.33065224,0.51692414,0.78959405,0
0.29270625,0.40268114,0.70498466,0.78340483,0.61687386,-0.075788856,0
-0.99559361,0.01837939,-1.254704,-0.78340483,-0.61687386,0.075788856,0
1.1454139,-1.4721197,3.1539571,-0.33065224,0.51692414,0.78959405,0
-1.9852027,1.3475307,-2.2924705,-0.78340483,-0.61687386,0.075788856,0
-1.5537505,1.7472873,0.2372694,-0.33065224,0.51692414,0.78959405,0
1.7859163,-3.1689639,1.1498141,-0.78340483,-0.61687386,0.075788856,0
2.0698509,-3.0349483,1.0564301,0.33065224,-0.51692414,-0.78959405,0
0.89814633,0.059085846,2.4289618,-0.33065224,0.51692414,0.78959405,0
-1.2948672,0.7941097,-1.3260107,-0.78340483,-0.61687386,0.075788856,0
2.2381577,-2.2489705,2.23066,0.52625692,-0.593512,0.6089313,0
-1.8189727,1.665863,-0.12291348,-0.78340483,-0.61687386,0.075788856,0
-1.5363252,2.6305194,-2.2541203,0.78340483,0.61687386,-0.075788856,0
0.29626137,0.5473063,-1.1039078,0.78340483,0.61687386,-0.075788856,0
1.4784751,-2.2116454,2.9351695,-0.78340483,-0.61687386,0.075788856,0
0.76593751,-1.8932011,1.290174,-0.78340483,-0.61687386,0.075788856,0
1.6557195,-2.2887969,2.6733112,0.52625692,-0.593512,0.6089313,0
1.9640107,-2.6239343,2.6371779,0.52625692,-0.593512,0.6089313,0
2.112407,-1.856545,2.8328445,0.52625692,-0.593512,0.6089313,0
-1.2031906,2.1630874,-3.5264587,-0.52625692,0.593512,-0.6089313,0
-2.4625342,2.7157981,-1.6482937,-0.52625692,0.593512,-0.6089313,0
-0.8549701,0.41141433,-1.0769389,-0.78340483,-0.61687386,0.075788856,0
-2.7306719,2.406848,-1.1311829,-0.78340483,-0.61687386,0.075788856,0
-0.035571337,-0.56165415,-1.7149638,0.33065224,-0.51692414,-0.78959405,0
-2.5387111,2.1193151,-2.6258194,-0.52625692,0.593512,-0.6089313,0
1.6488671,-0.68312079,3.0039678,0.78340483,0.61687386,-0.075788856,0
-0.94951236,1.6582899,0.53207767,-0.33065224,0.51692414,0.78959405,0
-1.3223076,1.4774094,0.29549134,-0.33065224,0.51692414,0.78959405,0
0.67166001,-1.6135192,1.3222592,-0.78340483,-0.61687386,0.075788856,0
2.2483532,-2.9246402,1.5299652,0.52625692,-0.593512,0.6089313,0
-1.3401158,2.4162223,-1.9929856,0.78340483,0.61687386,-0.075788856,0
2.0403886,-2.2369339,2.9096177,0.52625692,-0.593512,0.6089313,0
1.9935045,-1.9823606,2.6641865,0.52625692,-0.593512,0.6089313,0
1.272292,-0.97037297,-0.53483707,0.33065224,-0.51692414,-0.78959405,0
-0.97501969,0.64961362,1.1066446,-0.33065224,0.51692414,0.78959405,0
2.0766511,-2.7895718,1.7726557,0.52625692,-0.593512,0.6089313,0
1.4661347,-1.7813843,-0.078812718,0.33065224,-0.51692414,-0.78959405,0
-2.3552833,2.0486772,-2.3043342,-0.52625692,0.593512,-0.6089313,0
0.90623194,-1.3509617,3.3213973,-0.33065224,0.51692414,0.78959405,0
-1.2216384,2.3523417,-1.2512454,0.78340483,0.61687386,-0.075788856,0
-0.73370957,1.6217793,0.52345139,0.78340483,0.61687386,-0.075788856,0
-2.5694411,2.3401248,-1.4245098,-0.78340483,-0.61687386,0.075788856,0
-0.95326686,1.7085059,0.0057375431,0.78340483,0.61687386,-0.075788856,0
1.2206968,-2.5783715,0.76755738,-0.78340483,-0.61687386,0.075788856,0
2.643167,-2.8295748,1.5220754,0.52625692,-0.593512,0.6089313,0
0.52025425,-0.55995136,-1.4477942,0.33065224,-0.51692414,-0.78959405,0
-2.006192,3.2184284,-1.7053144,-0.52625692,0.593512,-0.6089313,0
2.1051052,-1.9256289,2.7998729,0.52625692,-0.593512,0.6089313,0
2.1627686,-2.5685351,2.2223415,0.52625692,-0.593512,0.6089313,0
0.2446754,0.42731819,1.8010533,-0.33065224,0.51692414,0.78959405,0
0.67795813,-1.6793842,2.0968893,-0.78340483,-0.61687386,0.075788856,0
-0.13218462,-0.28237987,2.2692516,-0.33065224,0.51692414,0.78959405,0
-0.12226514,-0.63311696,0.63160753,-0.78340483,-0.61687386,0.075788856,0
-1.9861227,2.9681375,-1.9348402,-0.52625692,0.593512,-0.6089313,0
0.33963048,-1.4213241,-0.4231813,-0.78340483,-0.61687386,0.075788856,0
-1.4386461,0.8845042,-3.2770472,0.33065224,-0.51692414,-0.78959405,0
1.8818327,-1.3221159,1.2096128,0.78340483,0.61687386,-0.075788856,0
-2.0578976,2.8940918,-1.8330908,-0.52625692,0.593512,-0.6089313,0
-1.3038001,0.77865744,0.71741867,-0.78340483,-0.61687386,0.075788856,0
-1.2184136,2.1834176,-3.2392921,-0.52625692,0.593512,-0.6089313,0
0.7147851,-0.10866994,-0.093877003,0.78340483,0.61687386,-0.075788856,0
2.3485627,-2.3273933,2.4235642,0.52625692,-0.593512,0.6089313,0
0.055738211,0.61039573,0.71389741,0.78340483,0.61687386,-0.075788856,0
-1.0849175,0.80319661,-3.1141975,0.33065224,-0.51692414,-0.78959405,0
1.0195799,-1.9665216,2.7764158,-0.78340483,-0.61687386,0.075788856,0
0.42584157,0.054026723,-1.1461737,0.78340483,0.61687386,-0.075788856,0
2.6966212,-2.9734833,1.4253762,0.52625692,-0.593512,0.6089313,0
-0.60884619,1.8206282,0.22695434,-0.33065224,0.51692414,0.78959405,0
1.5088851,-1.009034,1.832829,0.78340483,0.61687386,-0.075788856,0
-2.1227813,1.5538015,-1.2276595,-0.78340483,-0.61687386,0.075788856,0
2.2489851,-2.1841891,2.6523457,0.52625692,-0.593512,0.6089313,0
0.73107684,-0.047901943,2.4672575,-0.33065224,0.51692414,0.78959405,0
-1.5815349,1.3001754,-3.1896238,0.33065224,-0.51692414,-0.78959405,0
1.0109446,-0.051299915,2.301616,0.78340483,0.61687386,-0.075788856,0
-1.8237562,2.1710012,-0.34712827,-0.33065224,0.51692414,0.78959405,0
1.753549,-1.8167958,3.2299047,0.52625692,-0.593512,0.6089313,0
1.3243849,-1.858175,3.8249264,0.52625692,-0.593512,0.6089313,0
-2.0868356,2.4390187,-2.6348622,-0.52625692,0.593512,-0.6089313,0
-1.7007177,2.6988902,-1.935413,0.78340483,0.61687386,-0.075788856,0
1.7648827,-2.4650812,0.44430709,0.33065224,-0.51692414,-0.78959405,0
-0.38941425,0.95016277,-0.57089865,0.78340483,0.61687386,-0.075788856,0
1.4279541,-2.2860775,0.43246365,-0.78340483,-0.61687386,0.075788856,0
-1.0034163,2.3419659,-0.12851095,-0.33065224,0.51692414,0.78959405,0
0.083010286,0.79526997,-1.7565141,0.78340483,0.61687386,-0.075788856,0
0.33037919,-1.3744652,0.53006083,-0.78340483,-0.61687386,0.075788856,0
-0.84777552,0.28531769,-1.459251,-0.78340483,-0.61687386,0.075788856,0
-0.95023996,0.24047858,-0.54524159,-0.78340483,-0.61687386,0.075788856,0
-2.1815445,2.2839603,-2.4573169,-0.52625692,0.593512,-0.6089313,0
-2.1339006,1.844955,-2.8013606,-0.52625692,0.593512,-0.6089313,0
-2.5409067,2.2608154,-1.5294017,-0.78340483,-0.61687386,0.075788856,0
-2.2189567,2.7258065,-0.70056343,-0.33065224,0.51692414,0.78959405,0
1.0777392,-2.0465233,1.7386286,-0.78340483,-0.61687386,0.075788856,0
-2.3204427,2.8398292,-1.0498574,-0.33065224,0.51692414,0.78959405,0
2.3997989,-2.4333746,1.9260105,0.52625692,-0.593512,0.6089313,0
2.3745689,-2.2652857,1.6840382,0.78340483,0.61687386,-0.075788856,0
-1.1421883,1.6102746,-3.6287665,0.33065224,-0.51692414,-0.78959405,0
2.4403811,-3.2296515,1.2070963,0.52625692,-0.593512,0.6089313,0
1.9224367,-1.5099604,0.80757308,0.78340483,0.61687386,-0.075788856,0
0.59753752,-1.6631047,0.084064007,-0.78340483,-0.61687386,0.075788856,0
-0.26795828,0.89770395,0.20168787,0.78340483,0.61687386,-0.075788856,0
-2.4947624,3.0378532,-1.3214672,-0.52625692,0.593512,-0.6089313,0
1.2037671,-0.7585423,0.87603819,0.78340483,0.61687386,-0.075788856,0
-1.1768813,1.6977195,0.40318084,-0.33065224,0.51692414,0.78959405,0
-1.0364121,1.997339,-3.4525895,0.78340483,0.61687386,-0.075788856,0
2.3790021,-2.6967554,1.8057649,0.52625692,-0.593512,0.6089313,0
-0.024045229,0.45812321,-2.090107,0.78340483,0.61687386,-0.075788856,0
0.99268657,-1.6029487,1.7498128,-0.78340483,-0.61687386,0.075788856,0
-2.1427178,3.2039161,-1.2691522,-0.33065224,0.51692414,0.78959405,0
-1.4758198,1.0353706,0.058588862,-0.78340483,-0.61687386,0.075788856,0
0.14424074,0.031852901,1.722856,-0.33065224,0.51692414,0.78959405,0
-1.7216805,2.2797122,-2.6151993,-0.52625692,0.593512,-0.6089313,0
1.9702256,-1.9380263,2.9934206,0.52625692,-0.593512,0.6089313,0
-0.0011703968,-0.80022043,-0.41103017,-0.78340483,-0.61687386,0.075788856,0
-1.0849495,1.3457246,-3.4010162,0.33065224,-0.51692414,-0.78959405,0
-2.0516286,2.9340396,-1.3517509,0.78340483,0.61687386,-0.075788856,0
-1.5858018,2.5366669,-2.5476534,-0.52625692,0.593512,-0.6089313,0
2.4247217,-2.5760784,2.1982708,0.52625692,-0.593512,0.6089313,0
-2.2956944,2.5985467,-0.58118105,-0.33065224,0.51692414,0.78959405,0
2.3858941,-2.1825869,0.37116647,0.33065224,-0.51692414,-0.78959405,0
-2.5448058,2.8981149,-0.89056182,-0.33065224,0.51692414,0.78959405,0
-2.0713995,2.0654345,-2.6307857,-0.52625692,0.593512,-0.6089313,0
-1.2299168,1.8352779,-3.4098005,0.33065224,-0.51692414,-0.78959405,0
-2.1752594,1.8320452,-2.424648,-0.78340483,-0.61687386,0.075788856,0
0.268103,-0.33390635,-1.689836,0.33065224,-0.51692414,-0.78959405,0
-0.27717972,0.93897861,1.164099,-0.33065224,0.51692414,0.78959405,0
1.6477561,-2.3447263,3.0410242,0.52625692,-0.593512,0.6089313,0
-2.0395079,1.2763861,-3.4437463,0.33065224,-0.51692414,-0.78959405,0
-0.62124681,-0.012743413,-0.08521948,-0.78340483,-0.61687386,0.075788856,0
-1.9009461,3.2956841,-1.3837607,0.78340483,0.61687386,-0.075788856,0
1.3312569,-1.1058478,2.9376297,-0.33065224,0.51692414,0.78959405,0
-2.5583253,2.2705681,-2.2500226,-0.52625692,0.593512,-0.6089313,0
-0.46967939,1.4122325,-1.6602538,0.78340483,0.61687386,-0.075788856,0
-2.0898712,2.0664277,-2.9798017,-0.52625692,0.593512,-0.6089313,0
-1.938397,1.3531158,-3.6086183,0.33065224,-0.51692414,-0.78959405,0
0.77976143,-1.5651093,0.4526248,-0.78340483,-0.61687386,0.075788856,0
-0.37867218,-0.01709041,-1.8260566,0.33065224,-0.51692414,-0.78959405,0
-2.0152166,2.3630295,-2.5123262,-0.52625692,0.593512,-0.6089313,0
0.88117719,-0.34749809,2.3938165,-0.33065224,0.51692414,0.78959405,0
-2.2780964,1.5627573,-2.7335732,-0.78340483,-0.61687386,0.075788856,0
-2.8810067,2.6075768,-1.7843757,-0.52625692,0.593512,-0.6089313,0
1.7767332,-2.896666,0.65859461,0.33065224,-0.51692414,-0.78959405,0
0.17798281,0.65013176,1.6140336,-0.33065224,0.51692414,0.78959405,0
-1.8340374,2.1354306,-3.0757222,-0.52625692,0.593512,-0.6089313,0
-0.62626171,0.28456515,1.2607472,-0.33065224,0.51692414,0.78959405,0
-1.2595971,0.5879612,-2.647799,-0.78340483,-0.61687386,0.075788856,0
0.81202924,-1.8261688,1.02223,-0.78340483,-0.61687386,0.075788856,0
-0.57962555,0.04770577,1.4551011,-0.78340483,-0.61687386,0.075788856,0
-0.15548706,-0.50859898,-1.7924204,0.33065224,-0.51692414,-0.78959405,0
1.2314692,-0.73216486,2.2597792,0.78340483,0.61687386,-0.075788856,0
-1.6553836,1.2415702,-0.70727146,-0.78340483,-0.61687386,0.075788856,0
-1.9956378,1.8405343,-3.0158758,-0.52625692,0.593512,-0.6089313,0
-0.80361784,0.53383231,1.0894796,-0.33065224,0.51692414,0.78959405,0
1.1379921,-0.52312601,2.8687866,-0.33065224,0.51692414,0.78959405,0
-2.3707266,2.9955297,-1.8221185,-0.52625692,0.593512,-0.6089313,0
1.5655233,-2.676281,0.92678738,-0.78340483,-0.61687386,0.075788856,0
-0.38764936,-0.17551708,1.7998564,-0.33065224,0.51692414,0.78959405,0
-2.3444834,2.3407393,-1.9453505,-0.52625692,0.593512,-0.6089313,0
2.665175,-2.3781602,1.9853058,0.52625692,-0.593512,0.6089313,0
-0.47876334,1.5253772,-0.23640156,0.78340483,0.61687386,-0.075788856,0
-1.4335355,1.6051133,-3.6652269,-0.52625692,0.593512,-0.6089313,0
-0.53135145,0.58385599,1.110696,-0.33065224,0.51692414,0.78959405,0
-1.2587655,0.82291716,-3.0284281,0.33065224,-0.51692414,-0.78959405,0
-0.15286255,-0.40845686,-1.6788779,0.33065224,-0.51692414,-0.78959405,0
0.13794029,0.32430178,-2.0804584,0.33065224,-0.51692414,-0.78959405,0
0.71551299,-0.17593724,0.87605447,0.78340483,0.61687386,-0.075788856,0
-2.0385456,2.8641272,-0.631078,-0.33065224,0.51692414,0.78959405,0
0.99773705,-2.0549657,0.77760756,-0.78340483,-0.61687386,0.075788856,0
-3.0466309,3.0061874,-1.2179024,-0.52625692,0.593512,-0.6089313,0
2.2827921,-1.9422586,2.7535007,0.52625692,-0.593512,0.6089313,0
-1.7773789,2.1265986,-0.46166956,-0.33065224,0.51692414,0.78959405,0
-0.71911615,0.20184159,-2.2147379,0.33065224,-0.51692414,-0.78959405,0
0.95659894,-1.6316835,3.3625302,-0.78340483,-0.61687386,0.075788856,0
0.89677024,-0.41312993,-1.2411458,0.33065224,-0.51692414,-0.78959405,0
1.0386386,-1.5202657,-0.72129983,0.33065224,-0.51692414,-0.78959405,0
-1.8778143,1.5645726,0.21439862,-0.33065224,0.51692414,0.78959405,0
-0.14461005,-0.0017507076,-1.7261136,0.33065224,-0.51692414,-0.78959405,0
0.99857092,-1.645993,3.4452837,-0.33065224,0.51692414,0.78959405,0
0.43157876,-1.4716256,-0.36767179,-0.78340483,-0.61687386,0.075788856,0
-1.6238019,2.1528425,-2.9215827,-0.52625692,0.593512,-0.6089313,0
-0.45713353,-0.16342306,1.2638375,-0.78340483,-0.61687386,0.075788856,0
-1.5225168,2.4164567,-2.9937167,-0.52625692,0.593512,-0.6089313,0
-0.38287938,-0.52979958,-1.9196036,0.33065224,-0.51692414,-0.78959405,0
1.2182207,-1.4077398,3.1658938,-0.33065224,0.51692414,0.78959405,0
-1.9238988,1.5364811,-3.6419506,-0.52625692,0.593512,-0.6089313,0
-1.3962053,2.205435,-2.6510801,0.78340483,0.61687386,-0.075788856,0
-1.6270419,2.4548972,-2.7837925,0.78340483,0.61687386,-0.075788856,0
-2.2572618,2.8114786,-1.6665101,-0.52625692,0.593512,-0.6089313,0
2.2050991,-2.6197772,2.3718362,0.52625692,-0.593512,0.6089313,0
2.3281543,-2.8725653,1.1361854,0.33065224,-0.51692414,-0.78959405,0
1.3504676,-1.5291407,-0.56864887,0.33065224,-0.51692414,-0.78959405,0
1.2686459,-1.7883798,3.6041827,0.52625692,-0.593512,0.6089313,0
