0.90162379,-0.55777127,0.54850501,0.85048109,0.49360478,-0.18176019,0
-1.0521762,0.82377005,0.011071682,-0.85048109,-0.49360478,0.18176019,0
0.74210751,0.4229089,0.90209305,0.85048109,0.49360478,-0.18176019,0
-1.1237943,0.69352221,-0.81624854,-0.85048109,-0.49360478,0.18176019,0
-1.6979355,1.5533537,-1.0496023,-0.46417278,0.86682421,0.1820977,0
-0.43151405,1.0637176,-2.5376556,0.85048109,0.49360478,-0.18176019,0
-0.11261034,0.73659682,3.2214501,0.24743837,-0.07050249,0.96633554,0
-1.0830841,1.8974659,-1.8029182,0.85048109,0.49360478,-0.18176019,0
0.8925727,-1.7640853,1.7218615,-0.85048109,-0.49360478,0.18176019,0
1.0811253,-1.5962503,-0.53163487,0.46417278,-0.86682421,-0.1820977,0
-0.61109811,-0.15619329,-3.0176175,-0.24743837,0.07050249,-0.96633554,0
0.69042552,-1.3542707,-2.289748,0.46417278,-0.86682421,-0.1820977,0
-0.38538507,0.65327114,-3.0120616,0.85048109,0.49360478,-0.18176019,0
0.92416394,-1.0596409,-2.0915067,0.85048109,0.49360478,-0.18176019,0
1.6895598,-1.2657099,2.7567935,0.24743837,-0.07050249,0.96633554,0
1.0172544,-1.3324091,-1.310761,0.85048109,0.49360478,-0.18176019,0
0.70800066,-1.9884574,-0.034201428,0.46417278,-0.86682421,-0.1820977,0
-0.05145216,-1.4992251,-3.0495727,-0.24743837,0.07050249,-0.96633554,0
0.36161304,-0.85987765,-3.1362338,-0.24743837,0.07050249,-0.96633554,0
-0.21066272,1.4338841,3.1816232,-0.46417278,0.86682421,0.1820977,0
1.5734458,-1.544778,0.53565872,0.46417278,-0.86682421,-0.1820977,0
-0.90972632,1.5705419,-2.0576587,0.85048109,0.49360478,-0.18176019,0
1.679678,-1.7315737,1.8472061,0.46417278,-0.86682421,-0.1820977,0
0.78460264,-1.8405689,-0.34159029,0.46417278,-0.86682421,-0.1820977,0
-0.96423781,1.6967041,-0.17089808,-0.46417278,0.86682421,0.1820977,0
-0.59862053,-0.74923247,-2.9199896,-0.24743837,0.07050249,-0.96633554,0
-1.5595114,1.9822441,-2.4647789,-0.24743837,0.07050249,-0.96633554,0
0.24296606,-1.8429018,-1.6038284,0.46417278,-0.86682421,-0.1820977,0
0.1255089,-0.85371822,-3.052882,-0.24743837,0.07050249,-0.96633554,0
-1.1718223,1.0177648,0.96778041,-0.85048109,-0.49360478,0.18176019,0
-1.1837091,1.9525087,-2.5683517,-0.24743837,0.07050249,-0.96633554,0
0.87246311,-2.0773537,0.74221909,0.46417278,-0.86682421,-0.1820977,0
0.22821358,0.068150133,2.8527105,0.24743837,-0.07050249,0.96633554,0
0.8787837,-1.299619,-2.1320188,0.85048109,0.49360478,-0.18176019,0
-0.9647187,1.5198472,1.431107,-0.85048109,-0.49360478,0.18176019,0
-1.566175,1.8028523,-2.648756,-0.24743837,0.07050249,-0.96633554,0
-1.0516646,0.85197079,0.89722353,-0.85048109,-0.49360478,0.18176019,0
0.35054815,-1.8133862,-1.832873,0.46417278,-0.86682421,-0.1820977,0
-0.14174461,-1.0838039,-2.9810615,-0.24743837,0.07050249,-0.96633554,0
-0.64985329,0.70053935,-2.7586062,-0.24743837,0.07050249,-0.96633554,0
1.6120882,-1.7622712,1.3971283,0.46417278,-0.86682421,-0.1820977,0
-0.65583253,0.58304656,1.4417145,-0.85048109,-0.49360478,0.18176019,0
0.30148768,-1.6562544,-2.9712703,0.46417278,-0.86682421,-0.1820977,0
0.36244857,-1.2992656,-3.4296503,-0.24743837,0.07050249,-0.96633554,0
-1.2396085,2.0433276,-2.4349365,-0.24743837,0.07050249,-0.96633554,0
-0.70616716,0.19082874,0.8069039,-0.85048109,-0.49360478,0.18176019,0
-1.171648,2.119612,-1.1959301,-0.46417278,0.86682421,0.1820977,0
-1.95426,1.8443329,-2.144043,-0.46417278,0.86682421,0.1820977,0
2.0382075,-1.6651003,1.3492497,0.46417278,-0.86682421,-0.1820977,0
1.204715,-1.618469,-1.2444463,0.46417278,-0.86682421,-0.1820977,0
0.092029691,-0.24223018,-3.3066413,-0.24743837,0.07050249,-0.96633554,0
0.25090849,1.7169605,2.9811063,-0.46417278,0.86682421,0.1820977,0
-1.0351508,0.44536847,-2.6893723,-0.24743837,0.07050249,-0.96633554,0
-0.20765901,1.820187,1.8933743,-0.46417278,0.86682421,0.1820977,0
-1.1181457,1.4240427,1.0484126,-0.46417278,0.86682421,0.1820977,0
1.0930016,-0.5953446,-0.016850173,0.85048109,0.49360478,-0.18176019,0
-0.44542968,1.0480031,3.4746642,0.24743837,-0.07050249,0.96633554,0
1.3337169,-1.6430693,2.7745774,0.24743837,-0.07050249,0.96633554,0
-1.4224252,1.4527576,-2.6684823,-0.24743837,0.07050249,-0.96633554,0
-0.23092282,-0.32569388,-2.9437633,-0.24743837,0.07050249,-0.96633554,0
-0.11188012,-0.16049916,-2.7550807,0.85048109,0.49360478,-0.18176019,0
1.7447501,-1.6642272,1.3977004,0.46417278,-0.86682421,-0.1820977,0
-0.096549362,0.081547201,3.0114737,0.24743837,-0.07050249,0.96633554,0
0.82512426,-1.7206252,2.7179463,0.24743837,-0.07050249,0.96633554,0
0.13621014,0.92866945,1.3911548,0.85048109,0.49360478,-0.18176019,0
-0.14673305,1.580038,2.2755985,-0.46417278,0.86682421,0.1820977,0
0.091557264,-0.74051303,-3.2354627,-0.24743837,0.07050249,-0.96633554,0
1.6280175,-1.3152806,2.3859272,0.24743837,-0.07050249,0.96633554,0
0.56736827,-1.6964306,-2.348608,0.46417278,-0.86682421,-0.1820977,0
0.33248973,-1.6074258,-3.1439664,0.46417278,-0.86682421,-0.1820977,0
0.91284621,-2.0737827,1.0923952,0.46417278,-0.86682421,-0.1820977,0
0.14603537,-1.3096488,0.82251918,-0.85048109,-0.49360478,0.18176019,0
-1.0958103,0.99116611,-0.16817427,-0.85048109,-0.49360478,0.18176019,0
0.81477606,-1.3321371,-2.3197432,0.46417278,-0.86682421,-0.1820977,0
-0.2029117,0.18325502,-3.2375855,-0.24743837,0.07050249,-0.96633554,0
-1.6939051,1.8569953,-1.5355656,-0.46417278,0.86682421,0.1820977,0
1.4358647,-1.5331397,1.0064716,0.46417278,-0.86682421,-0.1820977,0
-0.6802628,1.8177077,1.0646968,-0.46417278,0.86682421,0.1820977,0
0.39692843,-1.6250407,-2.5779514,0.46417278,-0.86682421,-0.1820977,0
-1.0368906,1.0117534,0.024387449,-0.85048109,-0.49360478,0.18176019,0
-1.4861079,1.1530442,-1.3518102,-0.85048109,-0.49360478,0.18176019,0
0.15875018,1.8260403,2.0687861,0.85048109,0.49360478,-0.18176019,0
0.50462639,-1.7700292,-1.6564631,0.46417278,-0.86682421,-0.1820977,0
0.32667494,-1.69309,-0.10295142,-0.85048109,-0.49360478,0.18176019,0
-0.3150841,1.2997144,3.1049535,0.24743837,-0.07050249,0.96633554,0
-0.50935292,1.4247591,2.8194578,-0.46417278,0.86682421,0.1820977,0
-1.1470647,1.4652185,0.17576423,-0.46417278,0.86682421,0.1820977,0
0.48310387,0.67346299,0.32970801,0.85048109,0.49360478,-0.18176019,0
0.47093922,0.39681327,3.1924055,0.24743837,-0.07050249,0.96633554,0
-0.45012033,1.5624492,2.7820721,-0.46417278,0.86682421,0.1820977,0
-1.5126657,1.6611525,-2.6276038,-0.24743837,0.07050249,-0.96633554,0
0.12711626,0.89924943,-0.23727131,0.85048109,0.49360478,-0.18176019,0
-1.3337748,2.1033058,-2.1683426,-0.46417278,0.86682421,0.1820977,0
0.75252938,-1.9125745,0.31191885,0.46417278,-0.86682421,-0.1820977,0
-1.1093831,1.7499065,-0.23583293,-0.46417278,0.86682421,0.1820977,0
0.21146274,1.8007305,2.7796514,0.85048109,0.49360478,-0.18176019,0
1.9805434,-1.7880799,2.3063617,0.46417278,-0.86682421,-0.1820977,0
-1.2307861,0.53160244,-2.8687568,-0.24743837,0.07050249,-0.96633554,0
-0.95065594,1.7086332,0.30818507,-0.46417278,0.86682421,0.1820977,0
-0.88095248,0.29181683,-2.8686876,-0.24743837,0.07050249,-0.96633554,0
-0.50353122,1.7396437,-0.10710102,0.85048109,0.49360478,-0.18176019,0
-0.27050626,1.3604341,3.2268095,-0.46417278,0.86682421,0.1820977,0
-0.079873413,0.099932671,-2.3367338,0.85048109,0.49360478,-0.18176019,0
0.50569868,-1.5970875,0.72108167,-0.85048109,-0.49360478,0.18176019,0
-0.57675493,-1.4595674,-3.2578316,-0.24743837,0.07050249,-0.96633554,0
0.90630603,-2.1191049,2.1001921,0.46417278,-0.86682421,-0.1820977,0
0.0090507269,-0.91127467,0.31001043,-0.85048109,-0.49360478,0.18176019,0
-0.6015296,1.6816475,1.64536,-0.46417278,0.86682421,0.1820977,0
-1.9804993,1.752635,-2.2205176,-0.46417278,0.86682421,0.1820977,0
-0.32997572,1.7833488,1.0727992,-0.46417278,0.86682421,0.1820977,0
1.0357286,-2.0894036,0.90134978,0.46417278,-0.86682421,-0.1820977,0
0.18209052,1.5650079,3.0047209,-0.46417278,0.86682421,0.1820977,0
0.79227841,-1.3050478,2.3117886,-0.85048109,-0.49360478,0.18176019,0
-0.5178501,0.47116727,2.0604212,-0.85048109,-0.49360478,0.18176019,0
-0.3121444,1.4880043,2.364975,-0.46417278,0.86682421,0.1820977,0
-0.17142606,1.3737645,3.2256227,0.24743837,-0.07050249,0.96633554,0
-0.017861187,0.66310436,-1.3881156,0.85048109,0.49360478,-0.18176019,0
-0.90447021,2.2131555,-1.6689318,-0.46417278,0.86682421,0.1820977,0
-0.1880585,1.7652007,1.110821,-0.46417278,0.86682421,0.1820977,0
0.53940618,-1.5749409,-1.1912947,0.46417278,-0.86682421,-0.1820977,0
0.30628192,-1.674723,-3.2125816,0.46417278,-0.86682421,-0.1820977,0
1.4769645,-1.2038106,1.3300663,0.85048109,0.49360478,-0.18176019,0
-1.7599751,1.9418064,-2.5781415,-0.24743837,0.07050249,-0.96633554,0
-0.41824102,1.34456,-1.764753,0.85048109,0.49360478,-0.18176019,0
-0.5638417,2.0588872,0.10430431,-0.46417278,0.86682421,0.1820977,0
-0.59355211,-0.57329506,-3.1065001,-0.24743837,0.07050249,-0.96633554,0
-0.90936112,2.0580318,-0.59268862,-0.46417278,0.86682421,0.1820977,0
-1.1699188,1.5298343,0.94909066,-0.46417278,0.86682421,0.1820977,0
-0.99662733,1.3991151,-2.6382167,-0.24743837,0.07050249,-0.96633554,0
-0.32160625,-0.36739272,1.0137902,-0.85048109,-0.49360478,0.18176019,0
-0.01113236,1.7040986,1.4660137,0.85048109,0.49360478,-0.18176019,0
0.74299908,0.46843019,2.3030686,0.85048109,0.49360478,-0.18176019,0
-0.69898689,1.6974684,1.7460873,-0.46417278,0.86682421,0.1820977,0
0.67344534,-1.8997393,0.64436543,0.46417278,-0.86682421,-0.1820977,0
-0.95407605,-0.069865063,-2.8757186,-0.24743837,0.07050249,-0.96633554,0
0.98733324,-1.4722812,-1.3982664,0.46417278,-0.86682421,-0.1820977,0
-0.2559315,1.7747712,0.88012654,0.85048109,0.49360478,-0.18176019,0
-1.0301125,0.88331163,-2.6812284,-0.24743837,0.07050249,-0.96633554,0
-0.31657007,-0.099068731,-3.192682,-0.24743837,0.07050249,-0.96633554,0
-0.047713637,1.3057209,3.3059719,0.24743837,-0.07050249,0.96633554,0
0.1479764,-1.4274263,-3.3532183,-0.24743837,0.07050249,-0.96633554,0
-0.38850176,-0.89442211,-2.9904888,-0.24743837,0.07050249,-0.96633554,0
-0.89651203,0.2121858,-0.46268475,-0.85048109,-0.49360478,0.18176019,0
0.830634,-1.2626963,-1.9614199,0.46417278,-0.86682421,-0.1820977,0
-0.30837679,1.3067586,0.28204793,0.85048109,0.49360478,-0.18176019,0
-0.091352105,1.9411993,2.2340055,-0.46417278,0.86682421,0.1820977,0
1.5895197,-1.4389893,0.11905551,0.85048109,0.49360478,-0.18176019,0
1.1034107,0.33457679,2.4207044,0.85048109,0.49360478,-0.18176019,0
-0.32905686,1.2355387,3.4587708,0.24743837,-0.07050249,0.96633554,0
1.6972861,-1.684073,1.1678169,0.46417278,-0.86682421,-0.1820977,0
0.16150737,1.230518,0.97413766,0.85048109,0.49360478,-0.18176019,0
0.0067651272,0.80399871,0.54240757,0.85048109,0.49360478,-0.18176019,0
0.23027027,1.5752958,3.0494084,0.85048109,0.49360478,-0.18176019,0
0.292882,-0.47954142,2.1079557,-0.85048109,-0.49360478,0.18176019,0
0.044900119,0.89475775,0.66075325,0.85048109,0.49360478,-0.18176019,0
-0.45917368,1.5301498,3.1869333,-0.46417278,0.86682421,0.1820977,0
-1.4017739,1.4953575,-2.6829312,-0.24743837,0.07050249,-0.96633554,0
-0.10662723,-1.0818112,-0.85925239,-0.85048109,-0.49360478,0.18176019,0
-1.7582047,1.9495682,-1.7000873,-0.46417278,0.86682421,0.1820977,0
-0.69159734,1.5623956,1.4278806,-0.46417278,0.86682421,0.1820977,0
0.74579012,-1.4224216,-2.4573162,0.46417278,-0.86682421,-0.1820977,0
-0.63492894,2.1118536,-0.80329049,-0.46417278,0.86682421,0.1820977,0
0.054760456,-1.2170954,-0.35637912,-0.85048109,-0.49360478,0.18176019,0
-1.3757904,0.88892245,-2.8874381,-0.24743837,0.07050249,-0.96633554,0
0.65840995,-1.6658796,-1.2817587,0.46417278,-0.86682421,-0.1820977,0
1.2547591,-2.020304,1.8425357,0.46417278,-0.86682421,-0.1820977,0
-1.2192571,0.7438513,-2.7794895,-0.24743837,0.07050249,-0.96633554,0
-1.1565938,1.1293759,1.1366205,-0.85048109,-0.49360478,0.18176019,0
2.0167584,-1.5153332,1.5258842,0.85048109,0.49360478,-0.18176019,0
0.34821689,1.2788322,3.1564753,0.24743837,-0.07050249,0.96633554,0
-1.0743771,1.2458377,-2.7704983,-0.24743837,0.07050249,-0.96633554,0
-1.6985135,1.8746767,-1.9348025,-0.46417278,0.86682421,0.1820977,0
0.41208011,-0.56140333,-1.9052634,0.85048109,0.49360478,-0.18176019,0
0.80231225,-1.5874025,-0.91355473,0.46417278,-0.86682421,-0.1820977,0
-0.15818477,-1.0196037,-3.0809066,-0.24743837,0.07050249,-0.96633554,0
0.16321188,0.60120314,3.1670277,0.24743837,-0.07050249,0.96633554,0
0.92263836,0.13470928,2.9032469,0.24743837,-0.07050249,0.96633554,0
1.3026444,-1.8246754,1.1300092,0.46417278,-0.86682421,-0.1820977,0
1.3147378,-1.5942798,-0.36618102,0.46417278,-0.86682421,-0.1820977,0
0.25527227,1.1110376,3.1123471,0.24743837,-0.07050249,0.96633554,0
-0.26613951,0.68397915,-1.4765654,0.85048109,0.49360478,-0.18176019,0
0.1692003,-1.822244,-1.7018267,0.46417278,-0.86682421,-0.1820977,0
-0.60659409,1.6946948,2.304776,-0.46417278,0.86682421,0.1820977,0
1.6620697,-1.6950375,2.4518349,0.24743837,-0.07050249,0.96633554,0
-0.51558089,-1.3785849,-2.8744459,-0.24743837,0.07050249,-0.96633554,0
-0.3224889,1.6994762,1.2208878,-0.46417278,0.86682421,0.1820977,0
1.5655453,-0.34286675,2.5682883,0.85048109,0.49360478,-0.18176019,0
0.6167779,-1.8127872,1.6933199,-0.85048109,-0.49360478,0.18176019,0
-0.67201471,1.4604007,2.9983001,-0.46417278,0.86682421,0.1820977,0
-0.4857716,0.033398956,-2.9318633,-0.24743837,0.07050249,-0.96633554,0
-0.89628756,2.0824103,-0.69781572,-0.46417278,0.86682421,0.1820977,0
0.54937261,0.3058145,2.9868884,0.24743837,-0.07050249,0.96633554,0
1.4477235,-1.2129536,2.7223182,0.24743837,-0.07050249,0.96633554,0
1.4149842,-1.7831118,1.0017985,0.46417278,-0.86682421,-0.1820977,0
0.10746381,-0.34794182,2.0027642,-0.85048109,-0.49360478,0.18176019,0
-1.2161565,0.90199947,-2.8119335,-0.24743837,0.07050249,-0.96633554,0
1.9324572,-1.4346464,2.53882,0.24743837,-0.07050249,0.96633554,0
1.1699704,-2.1409345,1.096306,0.46417278,-0.86682421,-0.1820977,0
-0.088815212,1.6407201,2.8115821,-0.46417278,0.86682421,0.1820977,0
0.37755764,0.98623168,2.6458957,0.85048109,0.49360478,-0.18176019,0
-0.40668321,1.3206279,3.4154897,0.24743837,-0.07050249,0.96633554,0
1.3408854,-1.682292,1.4321097,0.46417278,-0.86682421,-0.1820977,0
0.6475457,1.0295143,3.1733193,0.24743837,-0.07050249,0.96633554,0
0.94346249,-1.6020494,-0.92089844,0.46417278,-0.86682421,-0.1820977,0
-1.4756017,0.77943718,-1.6777949,-0.85048109,-0.49360478,0.18176019,0
0.51608026,-1.5016704,-2.0701809,0.46417278,-0.86682421,-0.1820977,0
0.064639807,-1.6873248,-3.2654953,0.46417278,-0.86682421,-0.1820977,0
-1.6363393,1.0901792,-1.1999087,-0.85048109,-0.49360478,0.18176019,0
1.0880501,-1.5675181,0.061772317,0.46417278,-0.86682421,-0.1820977,0
0.99069202,-1.6056776,2.7667589,0.24743837,-0.07050249,0.96633554,0
-1.6256037,1.8756912,-1.2166922,-0.46417278,0.86682421,0.1820977,0
-0.041265011,1.6073393,2.84254,-0.46417278,0.86682421,0.1820977,0
0.23817341,-0.32002151,2.9417703,0.24743837,-0.07050249,0.96633554,0
-1.3778365,0.407121,-2.8035676,-0.24743837,0.07050249,-0.96633554,0
0.17993063,0.51135772,3.0882058,0.24743837,-0.07050249,0.96633554,0
0.071463823,1.7128049,2.3783662,-0.46417278,0.86682421,0.1820977,0
1.5244043,-1.5147902,2.5972908,0.24743837,-0.07050249,0.96633554,0
0.30939829,-0.83808243,-2.9302185,0.85048109,0.49360478,-0.18176019,0
1.3710102,-1.8649862,1.4467661,0.46417278,-0.86682421,-0.1820977,0
-0.43956423,-1.3127351,-3.2048995,-0.24743837,0.07050249,-0.96633554,0
-1.0641545,0.25442562,-2.1418648,-0.85048109,-0.49360478,0.18176019,0
0.96240598,0.093414709,2.8047984,0.24743837,-0.07050249,0.96633554,0
0.79051495,-0.33466363,0.1051361,0.85048109,0.49360478,-0.18176019,0
-1.3661672,2.2993164,-2.5446227,-0.46417278,0.86682421,0.1820977,0
-1.5243589,1.7122902,-1.6174502,-0.46417278,0.86682421,0.1820977,0
0.55669707,-0.78163791,2.7155271,0.24743837,-0.07050249,0.96633554,0
0.0025908947,0.97176242,0.83611947,0.85048109,0.49360478,-0.18176019,0
-0.5757969,1.6052442,-1.5984995,0.85048109,0.49360478,-0.18176019,0
1.4824636,-1.7349639,-0.023291647,0.46417278,-0.86682421,-0.1820977,0
-1.4076815,1.1138349,-0.1020599,-0.85048109,-0.49360478,0.18176019,0
0.80446756,-1.7996844,-1.184889,0.46417278,-0.86682421,-0.1820977,0
0.40947309,0.090543911,2.9123986,0.24743837,-0.07050249,0.96633554,0
-1.2863905,2.1082888,-1.5814697,-0.46417278,0.86682421,0.1820977,0
-0.52301288,0.63350415,1.3464024,-0.85048109,-0.49360478,0.18176019,0
1.1374282,-1.3992221,-1.2791176,0.46417278,-0.86682421,-0.1820977,0
0.78824747,-1.1906025,-2.3919184,0.46417278,-0.86682421,-0.1820977,0
1.0636338,-1.6277499,2.4338326,-0.85048109,-0.49360478,0.18176019,0
-1.0240666,0.50158358,-2.8982697,-0.24743837,0.07050249,-0.96633554,0
0.8319416,-1.2615292,-2.7857344,0.46417278,-0.86682421,-0.1820977,0
1.0980209,-1.9974895,0.90303004,0.46417278,-0.86682421,-0.1820977,0
-0.36831886,-0.70917934,-3.0742919,-0.24743837,0.07050249,-0.96633554,0
0.36003146,0.28017873,0.54760993,0.85048109,0.49360478,-0.18176019,0
0.73593247,-1.2157973,-3.1218574,0.46417278,-0.86682421,-0.1820977,0
0.69856608,-1.4313996,-1.4190925,0.46417278,-0.86682421,-0.1820977,0
-1.1652365,1.6145053,0.38612351,-0.46417278,0.86682421,0.1820977,0
-0.15362105,-0.66972792,0.46667656,-0.85048109,-0.49360478,0.18176019,0
0.68856537,-1.5300127,-1.3228111,0.46417278,-0.86682421,-0.1820977,0
0.92972648,-0.76903087,-1.1104584,0.85048109,0.49360478,-0.18176019,0
-1.342429,0.37209031,-2.8210943,-0.24743837,0.07050249,-0.96633554,0
-0.22379726,-0.29926687,-0.079936415,-0.85048109,-0.49360478,0.18176019,0
-1.2505169,1.7420806,0.04968363,-0.46417278,0.86682421,0.1820977,0
-1.1884918,1.6702304,0.79010928,-0.46417278,0.86682421,0.1820977,0
0.19133377,-0.96766663,-3.192699,-0.24743837,0.07050249,-0.96633554,0
-0.39658433,-1.0775299,-1.5559773,-0.85048109,-0.49360478,0.18176019,0
0.65765727,-1.3827493,-2.0855055,0.46417278,-0.86682421,-0.1820977,0
-1.4609761,1.1770875,-2.7801507,-0.24743837,0.07050249,-0.96633554,0
0.24537492,-1.6748829,-2.1591711,0.46417278,-0.86682421,-0.1820977,0
-1.5992348,2.0264034,-1.6468692,-0.46417278,0.86682421,0.1820977,0
-1.261969,2.0011067,-2.8229527,-0.24743837,0.07050249,-0.96633554,0
-0.73152339,1.6928428,1.8122488,-0.46417278,0.86682421,0.1820977,0
-0.18373185,0.58673227,3.3091559,0.24743837,-0.07050249,0.96633554,0
0.90323406,-1.6223855,2.0871348,-0.85048109,-0.49360478,0.18176019,0
-1.8078598,1.6315465,-2.2048659,-0.85048109,-0.49360478,0.18176019,0
1.1556289,-0.15315089,2.94906,0.24743837,-0.07050249,0.96633554,0
-1.7072483,1.2420866,-2.4101965,-0.85048109,-0.49360478,0.18176019,0
0.3511728,0.94534665,2.363986,0.85048109,0.49360478,-0.18176019,0
-1.2707509,0.1270375,-2.4161892,-0.85048109,-0.49360478,0.18176019,0
0.46829426,-1.2815391,-3.2744677,-0.24743837,0.07050249,-0.96633554,0
0.10789558,-0.012639105,-2.5590193,0.85048109,0.49360478,-0.18176019,0
-1.2853708,1.1600537,-1.0291675,-0.85048109,-0.49360478,0.18176019,0
-0.046371251,-0.033072412,-2.93117,-0.24743837,0.07050249,-0.96633554,0
1.0540835,-0.7246784,2.9010215,0.24743837,-0.07050249,0.96633554,0
1.7121651,-1.7993083,1.6650605,0.46417278,-0.86682421,-0.1820977,0
-1.8237033,1.3841496,-1.2415197,-0.85048109,-0.49360478,0.18176019,0
-1.0350866,1.5111789,1.7370251,-0.46417278,0.86682421,0.1820977,0
-0.4548825,1.4591172,3.1403534,-0.46417278,0.86682421,0.1820977,0
-0.34545863,-1.4212856,-1.8984138,-0.85048109,-0.49360478,0.18176019,0
-0.98868585,1.9261779,-0.42071044,-0.46417278,0.86682421,0.1820977,0
0.98383451,-1.549728,2.6714957,0.24743837,-0.07050249,0.96633554,0
0.11438829,0.82575929,0.084965758,0.85048109,0.49360478,-0.18176019,0
0.85577393,-1.0157425,2.7572939,0.24743837,-0.07050249,0.96633554,0
0.61429983,0.011442751,0.3265807,0.85048109,0.49360478,-0.18176019,0
-0.1407066,-0.59490883,-3.034688,-0.24743837,0.07050249,-0.96633554,0
1.6167301,-0.88813531,2.4543583,0.24743837,-0.07050249,0.96633554,0
1.2998419,-0.81913996,1.3289615,0.85048109,0.49360478,-0.18176019,0
-0.0088335276,-0.76222992,-3.1751137,-0.24743837,0.07050249,-0.96633554,0
0.94382858,-0.13530105,2.0219495,0.85048109,0.49360478,-0.18176019,0
0.22770837,0.6634838,0.003939487,0.85048109,0.49360478,-0.18176019,0
0.7171241,0.38560864,2.9340632,0.24743837,-0.07050249,0.96633554,0
-0.53532618,0.344605,-3.0933189,-0.24743837,0.07050249,-0.96633554,0
0.4960146,-1.7979968,-1.7237666,0.46417278,-0.86682421,-0.1820977,0
-0.48412853,-0.054683626,0.59484148,-0.85048109,-0.49360478,0.18176019,0
-1.3550408,1.5502577,-2.4583368,-0.24743837,0.07050249,-0.96633554,0
-0.58991939,-0.052290022,0.62829518,-0.85048109,-0.49360478,0.18176019,0
-0.081826091,1.6244735,3.1616032,-0.46417278,0.86682421,0.1820977,0
0.29968441,-1.2330542,-3.3002424,0.46417278,-0.86682421,-0.1820977,0
-1.129415,1.6195397,-2.7954082,-0.24743837,0.07050249,-0.96633554,0
-0.60233033,-0.63514972,-2.2206476,-0.85048109,-0.49360478,0.18176019,0
1.2736542,-1.8354415,0.64379454,0.46417278,-0.86682421,-0.1820977,0
-0.85114932,1.7858281,0.96358514,-0.46417278,0.86682421,0.1820977,0
-1.0952801,1.5609231,-2.5823135,-0.24743837,0.07050249,-0.96633554,0
-0.21525586,1.8277084,0.91323709,0.85048109,0.49360478,-0.18176019,0
0.15886855,-1.5302304,-3.4395335,-0.24743837,0.07050249,-0.96633554,0
1.1156111,-1.5099859,-0.47789609,0.46417278,-0.86682421,-0.1820977,0
-0.82872868,1.2136264,-2.9773347,-0.24743837,0.07050249,-0.96633554,0
-1.2265606,1.930795,-2.5351067,-0.24743837,0.07050249,-0.96633554,0
0.44119024,-1.4439521,-3.3793106,-0.24743837,0.07050249,-0.96633554,0
-1.1248924,1.7312089,-0.26368153,-0.46417278,0.86682421,0.1820977,0
0.78729403,0.26984689,2.2479308,0.85048109,0.49360478,-0.18176019,0
0.47992611,0.68826592,2.8838112,0.24743837,-0.07050249,0.96633554,0
0.47792161,-1.575964,-2.8684139,0.46417278,-0.86682421,-0.1820977,0
0.37718654,0.41161215,2.853951,0.24743837,-0.07050249,0.96633554,0
-0.050126135,0.97441614,0.38433719,0.85048109,0.49360478,-0.18176019,0
0.16688442,0.89706254,0.10799347,0.85048109,0.49360478,-0.18176019,0
1.2529643,-1.7288003,-0.58713645,0.46417278,-0.86682421,-0.1820977,0
-0.90976042,-0.23975186,-2.9450324,-0.24743837,0.07050249,-0.96633554,0
-1.4103088,0.39865714,-2.6405077,-0.24743837,0.07050249,-0.96633554,0
0.93969131,-1.5404532,-0.86130804,0.46417278,-0.86682421,-0.1820977,0
0.11611086,0.41252303,3.2759688,0.24743837,-0.07050249,0.96633554,0
0.52592921,1.196829,2.8617282,0.24743837,-0.07050249,0.96633554,0
1.0659056,-1.2349756,-0.68777323,0.85048109,0.49360478,-0.18176019,0
-0.95371139,1.0698595,2.1209702,-0.85048109,-0.49360478,0.18176019,0
1.6041563,-1.0100372,2.7045681,0.24743837,-0.07050249,0.96633554,0
-0.72959238,0.36218715,-2.7445219,-0.24743837,0.07050249,-0.96633554,0
1.0885997,-1.7232031,0.83718395,0.46417278,-0.86682421,-0.1820977,0
-0.59094006,0.41384211,1.0792511,-0.85048109,-0.49360478,0.18176019,0
1.8557518,-1.8167038,2.0263615,0.46417278,-0.86682421,-0.1820977,0
-1.0602913,0.599913,-1.6195289,-0.85048109,-0.49360478,0.18176019,0
-0.55619651,0.83942831,1.4937265,-0.85048109,-0.49360478,0.18176019,0
-0.46026468,1.3365688,3.1412146,0.24743837,-0.07050249,0.96633554,0
-0.38701093,1.5368365,1.9136779,-0.46417278,0.86682421,0.1820977,0
-0.49339548,1.1792477,-2.757875,-0.24743837,0.07050249,-0.96633554,0
-0.59071225,0.20744321,-2.93783,-0.24743837,0.07050249,-0.96633554,0
0.60677028,-1.447566,-1.4605736,0.46417278,-0.86682421,-0.1820977,0
0.5657469,-0.72007835,2.7045746,0.24743837,-0.07050249,0.96633554,0
0.11590278,1.1519783,3.3091111,0.24743837,-0.07050249,0.96633554,0
0.44527853,-1.9536297,-0.24332631,0.46417278,-0.86682421,-0.1820977,0
0.3811444,-1.0953403,-3.1768203,-0.24743837,0.07050249,-0.96633554,0
0.3944267,0.20562261,-0.23759478,0.85048109,0.49360478,-0.18176019,0
-1.8927897,1.2124654,-2.5857375,-0.85048109,-0.49360478,0.18176019,0
-0.8552466,1.8673998,-1.1667042,-0.46417278,0.86682421,0.1820977,0
1.3398669,-1.4792302,-0.80152237,0.46417278,-0.86682421,-0.1820977,0
0.21562469,-1.6183671,0.25854221,-0.85048109,-0.49360478,0.18176019,0
-1.1107259,0.18299393,-2.7509689,-0.24743837,0.07050249,-0.96633554,0
1.0225945,-1.6709572,-0.059088424,0.46417278,-0.86682421,-0.1820977,0
-0.56022739,1.2953713,2.5672214,-0.85048109,-0.49360478,0.18176019,0
-0.62139452,1.4008853,-1.2742578,0.85048109,0.49360478,-0.18176019,0
0.59096706,-1.0129908,-3.5108674,-0.24743837,0.07050249,-0.96633554,0
-0.18456316,-0.33838707,0.76343584,-0.85048109,-0.49360478,0.18176019,0
1.379488,-1.047603,2.5671813,0.24743837,-0.07050249,0.96633554,0
-1.7073052,1.2462597,-1.3129547,-0.85048109,-0.49360478,0.18176019,0
-0.17832112,0.95212811,3.1417084,0.24743837,-0.07050249,0.96633554,0
-0.79092723,0.20086484,-2.9577053,-0.24743837,0.07050249,-0.96633554,0
-0.25871527,1.4548904,2.3704112,-0.46417278,0.86682421,0.1820977,0
-0.16090786,-0.4256635,-3.0395327,-0.24743837,0.07050249,-0.96633554,0
-0.52230656,1.6300664,0.94114053,-0.46417278,0.86682421,0.1820977,0
-1.3200457,1.673454,-2.5847318,-0.24743837,0.07050249,-0.96633554,0
-1.423506,0.51824021,-1.5572934,-0.85048109,-0.49360478,0.18176019,0
0.76031423,-1.7964506,-1.0335779,0.46417278,-0.86682421,-0.1820977,0
-0.19187602,0.50756061,-1.5543928,0.85048109,0.49360478,-0.18176019,0
0.1660614,-1.9528823,-0.96966821,0.46417278,-0.86682421,-0.1820977,0
-0.03291434,-0.1077404,-3.1840062,-0.24743837,0.07050249,-0.96633554,0
0.42630982,-0.63950545,2.7942948,0.24743837,-0.07050249,0.96633554,0
-0.62525141,1.6969097,0.60404718,-0.46417278,0.86682421,0.1820977,0
1.3623292,-1.7547181,0.49824071,0.46417278,-0.86682421,-0.1820977,0
1.6462319,-0.81003875,2.7961543,0.24743837,-0.07050249,0.96633554,0
-1.3400378,1.7264112,-1.0853282,-0.46417278,0.86682421,0.1820977,0
-0.68667364,-0.13832949,-2.7937081,-0.24743837,0.07050249,-0.96633554,0
1.4477996,-1.137538,2.779485,0.24743837,-0.07050249,0.96633554,0
-0.44480717,0.27220091,-2.8267355,-0.24743837,0.07050249,-0.96633554,0
0.57575953,-1.3096336,-2.806257,0.46417278,-0.86682421,-0.1820977,0
0.067557275,0.52345198,3.3226054,0.24743837,-0.07050249,0.96633554,0
-1.0036659,1.7320417,-0.22854871,-0.46417278,0.86682421,0.1820977,0
-0.47103524,-1.3613288,-3.0544326,-0.85048109,-0.49360478,0.18176019,0
-0.87733597,1.8140124,-2.6211915,-0.24743837,0.07050249,-0.96633554,0
0.127262,1.3336285,1.305472,0.85048109,0.49360478,-0.18176019,0
-0.10609543,-0.69216812,-3.0100973,-0.24743837,0.07050249,-0.96633554,0
1.1987157,-1.4967034,-0.88665277,0.85048109,0.49360478,-0.18176019,0
-0.16540171,-0.19409245,1.697781,-0.85048109,-0.49360478,0.18176019,0
-1.8629919,1.5546455,-1.8192587,-0.46417278,0.86682421,0.1820977,0
1.6916174,-1.7838746,2.3423808,0.46417278,-0.86682421,-0.1820977,0
0.36685002,-1.0646791,-3.1251483,-0.24743837,0.07050249,-0.96633554,0
-0.37280506,0.33257627,-3.0841436,-0.24743837,0.07050249,-0.96633554,0
-0.73019731,1.400245,1.8845203,-0.46417278,0.86682421,0.1820977,0
-0.85999864,0.030726209,-2.8402541,-0.24743837,0.07050249,-0.96633554,0
-1.3703043,2.0204012,-1.7006452,-0.46417278,0.86682421,0.1820977,0
0.87113017,-1.2742387,2.7974892,-0.85048109,-0.49360478,0.18176019,0
-0.016841173,-1.3650783,-1.8065152,-0.85048109,-0.49360478,0.18176019,0
0.052226543,-1.5311819,-2.9329274,0.46417278,-0.86682421,-0.1820977,0
0.89190662,-2.0638745,0.9972986,-0.85048109,-0.49360478,0.18176019,0
-0.036302686,-1.5582818,-2.7676954,0.46417278,-0.86682421,-0.1820977,0
0.085472703,-0.95182681,1.0521516,-0.85048109,-0.49360478,0.18176019,0
-1.1178164,1.6944497,0.649611,-0.46417278,0.86682421,0.1820977,0
1.5650682,-1.5793321,0.62155163,0.46417278,-0.86682421,-0.1820977,0
0.4731763,0.12644048,3.1650128,0.24743837,-0.07050249,0.96633554,0
0.033520773,0.45913172,-1.3253015,0.85048109,0.49360478,-0.18176019,0
0.96747375,-2.1053777,0.79716587,0.46417278,-0.86682421,-0.1820977,0
0.16719642,-0.050160825,3.2363358,0.24743837,-0.07050249,0.96633554,0
1.7374463,-1.7594064,1.3067781,0.46417278,-0.86682421,-0.1820977,0
-0.5505718,-0.72867095,-2.8607235,-0.24743837,0.07050249,-0.96633554,0
-0.85524064,0.72110873,0.22021812,-0.85048109,-0.49360478,0.18176019,0
-1.504074,1.509675,-1.1059511,-0.46417278,0.86682421,0.1820977,0
1.2257988,-2.4112947,2.5637672,0.46417278,-0.86682421,-0.1820977,0
-1.5547363,0.96410775,-2.5333042,-0.24743837,0.07050249,-0.96633554,0
-0.17244291,1.4198529,3.3432388,-0.46417278,0.86682421,0.1820977,0
-1.243633,1.6415467,0.30081347,-0.46417278,0.86682421,0.1820977,0
-0.31520182,-0.68998963,-0.27605349,-0.85048109,-0.49360478,0.18176019,0
1.2227726,-0.68157601,1.4957749,0.85048109,0.49360478,-0.18176019,0
0.16874075,-1.0825367,1.6257358,-0.85048109,-0.49360478,0.18176019,0
-1.430066,1.7564925,-0.69037116,-0.46417278,0.86682421,0.1820977,0
-0.68670392,1.9204354,1.0318103,-0.46417278,0.86682421,0.1820977,0
0.29749799,1.7331581,2.6932242,0.85048109,0.49360478,-0.18176019,0
-0.3792547,1.7583373,1.044409,-0.46417278,0.86682421,0.1820977,0
0.11976206,0.45957953,3.0020244,0.24743837,-0.07050249,0.96633554,0
0.080217481,-0.85477567,-0.26609075,-0.85048109,-0.49360478,0.18176019,0
1.0857707,-0.4450694,2.64937,0.24743837,-0.07050249,0.96633554,0
-1.687694,1.9169325,-1.7030983,-0.46417278,0.86682421,0.1820977,0
1.0514392,0.08381772,1.9807541,0.85048109,0.49360478,-0.18176019,0
1.8702704,-1.4477546,1.5041914,0.46417278,-0.86682421,-0.1820977,0
0.75418425,0.79466784,3.108669,0.24743837,-0.07050249,0.96633554,0
-1.1888342,1.8707466,-1.0395576,-0.46417278,0.86682421,0.1820977,0
-1.4412537,2.0848329,-2.1371379,-0.46417278,0.86682421,0.1820977,0
-0.67246962,1.7416625,1.0049179,-0.46417278,0.86682421,0.1820977,0
1.4894562,-1.8333741,2.4557915,0.24743837,-0.07050249,0.96633554,0
1.8675346,-1.3538755,1.9301536,0.85048109,0.49360478,-0.18176019,0
-0.65660304,-0.29423165,-2.7670574,-0.24743837,0.07050249,-0.96633554,0
-0.94890678,1.5933365,1.1172639,-0.46417278,0.86682421,0.1820977,0
-1.0357646,1.1815999,-2.8768089,-0.24743837,0.07050249,-0.96633554,0
-0.30471694,0.97565329,3.1209788,0.24743837,-0.07050249,0.96633554,0
-1.4909554,1.9380469,-0.98964274,-0.46417278,0.86682421,0.1820977,0
-1.3624868,1.9932564,-1.2248808,-0.46417278,0.86682421,0.1820977,0
-1.19476,1.1452401,0.33668721,-0.85048109,-0.49360478,0.18176019,0
0.0091223717,-1.2717285,-0.76399279,-0.85048109,-0.49360478,0.18176019,0
0.78674191,-0.69519889,-0.13171533,0.85048109,0.49360478,-0.18176019,0
0.74282295,-1.5747561,2.6268671,-0.85048109,-0.49360478,0.18176019,0
-0.15681708,1.5150044,0.1825445,0.85048109,0.49360478,-0.18176019,0
0.085424393,-0.093007475,1.8959283,-0.85048109,-0.49360478,0.18176019,0
-0.85412776,2.0555582,0.11014039,-0.46417278,0.86682421,0.1820977,0
0.72398925,-1.6788812,-1.9100702,0.46417278,-0.86682421,-0.1820977,0
0.76560861,0.27630845,3.0447388,0.24743837,-0.07050249,0.96633554,0
0.23041177,-1.3321421,-3.3253391,-0.24743837,0.07050249,-0.96633554,0
0.23158801,-1.2402147,-3.1275327,-0.24743837,0.07050249,-0.96633554,0
-0.85519207,0.33887106,-0.58461767,-0.85048109,-0.49360478,0.18176019,0
-0.67281413,-1.0192283,-3.0004032,-0.24743837,0.07050249,-0.96633554,0
-0.74794787,-0.82233858,-2.7850511,-0.24743837,0.07050249,-0.96633554,0
-2.0773818,1.4413795,-2.3780017,-0.85048109,-0.49360478,0.18176019,0
-1.0864415,1.6558058,0.61605024,-0.46417278,0.86682421,0.1820977,0
-0.35197297,0.82763779,-1.8599671,0.85048109,0.49360478,-0.18176019,0
-0.56033862,-1.3289839,-3.0759232,-0.24743837,0.07050249,-0.96633554,0
1.523945,-1.6653248,1.4680098,0.46417278,-0.86682421,-0.1820977,0
1.2413228,0.0083002448,2.6298087,0.24743837,-0.07050249,0.96633554,0
-1.1726129,0.82589078,-2.620244,-0.24743837,0.07050249,-0.96633554,0
-0.10536593,1.0871825,-0.38089639,0.85048109,0.49360478,-0.18176019,0
1.9128187,-1.7808248,1.969785,0.46417278,-0.86682421,-0.1820977,0
-0.74476039,0.76126158,-2.8746712,-0.24743837,0.07050249,-0.96633554,0
1.4178526,-2.0205128,2.1713514,0.46417278,-0.86682421,-0.1820977,0
1.5719346,-1.3853066,2.7075207,0.24743837,-0.07050249,0.96633554,0
-0.033423603,-0.79281592,-0.32261568,-0.85048109,-0.49360478,0.18176019,0
1.5624073,-1.2371582,2.6825418,0.24743837,-0.07050249,0.96633554,0
0.39566839,-1.5807729,-1.5092529,0.46417278,-0.86682421,-0.1820977,0
0.56849641,-1.0417486,1.9610693,-0.85048109,-0.49360478,0.18176019,0
1.4548563,-1.9875227,2.3228638,0.46417278,-0.86682421,-0.1820977,0
0.41513869,-0.32343352,-1.7462951,0.85048109,0.49360478,-0.18176019,0
0.42842385,-0.1231747,3.0614147,0.24743837,-0.07050249,0.96633554,0
1.6856431,-1.8100283,2.0017302,0.46417278,-0.86682421,-0.1820977,0
2.0931797,-1.9256234,2.5367112,0.46417278,-0.86682421,-0.1820977,0
-0.58486748,-0.4135105,-2.0435271,-0.85048109,-0.49360478,0.18176019,0
-0.22313833,-0.44874218,-3.1359148,-0.24743837,0.07050249,-0.96633554,0
0.41006613,1.25157,3.0661554,0.24743837,-0.07050249,0.96633554,0
-1.6473651,0.86765277,-2.5525341,-0.24743837,0.07050249,-0.96633554,0
-0.71823347,1.6759405,1.2410069,-0.46417278,0.86682421,0.1820977,0
0.23633873,-1.8065734,-1.8725214,0.46417278,-0.86682421,-0.1820977,0
0.26643932,0.60540462,3.0686905,0.24743837,-0.07050249,0.96633554,0
0.18127787,0.7652905,-0.73364079,0.85048109,0.49360478,-0.18176019,0
1.3984125,-1.4869789,0.044040501,0.46417278,-0.86682421,-0.1820977,0
0.454054,-1.5706216,-1.3363771,0.46417278,-0.86682421,-0.1820977,0
-0.20193541,-1.5156991,-3.2821331,-0.24743837,0.07050249,-0.96633554,0
-0.30715752,1.6449238,2.8013625,-0.46417278,0.86682421,0.1820977,0
-1.1344831,0.52411044,-1.8115351,-0.85048109,-0.49360478,0.18176019,0
0.24070591,-0.74572504,2.7967236,-0.85048109,-0.49360478,0.18176019,0
1.5236247,-2.1452057,2.1043296,0.46417278,-0.86682421,-0.1820977,0
1.102549,-2.1822414,1.1858459,0.46417278,-0.86682421,-0.1820977,0
-0.29989469,1.4629998,2.5105088,-0.46417278,0.86682421,0.1820977,0
-0.13560553,0.52412075,-2.9128962,-0.24743837,0.07050249,-0.96633554,0
-0.9075309,-0.37658614,-3.0017715,-0.24743837,0.07050249,-0.96633554,0
-1.3157676,1.3509552,1.2358992,-0.46417278,0.86682421,0.1820977,0
-0.65764034,2.0574224,-1.2300445,0.85048109,0.49360478,-0.18176019,0
-1.6905942,1.5905273,-1.58951,-0.46417278,0.86682421,0.1820977,0
2.1100223,-1.4941471,2.6180735,0.24743837,-0.07050249,0.96633554,0
-0.11098969,1.1170413,3.2147589,0.24743837,-0.07050249,0.96633554,0
1.0421772,-0.37010223,2.8319757,0.24743837,-0.07050249,0.96633554,0
1.1850115,-1.4102738,2.6647513,0.24743837,-0.07050249,0.96633554,0
1.1624736,-1.8454196,0.46490282,0.46417278,-0.86682421,-0.1820977,0
0.44127792,-0.74335319,-2.9547434,0.85048109,0.49360478,-0.18176019,0
0.14448833,1.5064484,2.3804791,0.85048109,0.49360478,-0.18176019,0
1.1509227,-1.8701675,2.5064123,0.24743837,-0.07050249,0.96633554,0
-1.6006517,1.2504443,-2.6427233,-0.24743837,0.07050249,-0.96633554,0
-0.42214334,0.14879304,2.2654254,-0.85048109,-0.49360478,0.18176019,0
-0.10010326,1.4670506,0.67274606,0.85048109,0.49360478,-0.18176019,0
-0.16664779,-1.7557253,-2.5823915,0.46417278,-0.86682421,-0.1820977,0
0.71027136,-1.8399271,-0.30793047,0.46417278,-0.86682421,-0.1820977,0
-0.94496477,0.91303408,-2.954284,-0.24743837,0.07050249,-0.96633554,0
-0.10997617,1.695714,1.8802744,-0.46417278,0.86682421,0.1820977,0
0.63457435,0.11953676,2.7971635,0.24743837,-0.07050249,0.96633554,0
0.18744269,-0.19728765,-1.4750346,0.85048109,0.49360478,-0.18176019,0
0.57235777,0.016662478,0.99857688,0.85048109,0.49360478,-0.18176019,0
-0.66873813,0.23532884,0.07453844,-0.85048109,-0.49360478,0.18176019,0
0.073353767,1.379167,3.2121286,0.24743837,-0.07050249,0.96633554,0
-0.20875204,1.0327187,-1.8597822,0.85048109,0.49360478,-0.18176019,0
-0.83961356,-0.25928333,-3.0684142,-0.24743837,0.07050249,-0.96633554,0
-0.28680408,1.7571763,0.87079245,0.85048109,0.49360478,-0.18176019,0
-0.97083396,0.63938916,-0.71139514,-0.85048109,-0.49360478,0.18176019,0
0.24247611,1.6812049,3.3081436,0.24743837,-0.07050249,0.96633554,0
0.78008831,0.028412383,2.8895125,0.24743837,-0.07050249,0.96633554,0
1.3597476,-2.0212231,1.7444389,0.46417278,-0.86682421,-0.1820977,0
0.15686655,1.2064413,1.2997586,0.85048109,0.49360478,-0.18176019,0
-1.5533741,2.2045629,-2.4620154,-0.24743837,0.07050249,-0.96633554,0
1.5575548,-1.1213323,0.45589924,0.85048109,0.49360478,-0.18176019,0
-1.0298332,-0.52668417,-2.7375326,-0.24743837,0.07050249,-0.96633554,0
-0.69930565,-0.61261654,-2.5834134,-0.85048109,-0.49360478,0.18176019,0
0.43506449,-1.5626905,1.2485198,-0.85048109,-0.49360478,0.18176019,0
0.85863709,-1.2230504,-2.0653479,0.46417278,-0.86682421,-0.1820977,0
-0.26815611,1.0645876,-0.94462848,0.85048109,0.49360478,-0.18176019,0
1.4571197,-1.6057044,1.070721,0.46417278,-0.86682421,-0.1820977,0
-0.98258108,0.24571407,-2.7084422,-0.24743837,0.07050249,-0.96633554,0
1.2242662,-2.0314436,2.0892,-0.85048109,-0.49360478,0.18176019,0
0.20378232,1.8989078,3.1807675,-0.46417278,0.86682421,0.1820977,0
0.7864114,-0.014752567,0.44918787,0.85048109,0.49360478,-0.18176019,0
0.26280957,-0.59282678,2.8315332,-0.85048109,-0.49360478,0.18176019,0
-0.053486824,1.3225784,3.1563764,0.24743837,-0.07050249,0.96633554,0
-0.2813288,-0.83469045,-3.1831508,-0.24743837,0.07050249,-0.96633554,0
-0.59869254,-1.1804025,-3.2416101,-0.24743837,0.07050249,-0.96633554,0
-1.3957336,1.6166621,-0.044248074,-0.46417278,0.86682421,0.1820977,0
0.99981797,-1.8541098,0.48239744,0.46417278,-0.86682421,-0.1820977,0
-0.15315115,1.9417894,2.3791981,-0.46417278,0.86682421,0.1820977,0
0.92765057,0.020344414,2.8051136,0.24743837,-0.07050249,0.96633554,0
-0.67034948,1.6797255,0.58788925,-0.46417278,0.86682421,0.1820977,0
-1.0338364,1.5360923,1.3265622,-0.46417278,0.86682421,0.1820977,0
0.039896488,-0.9980225,-0.45733446,-0.85048109,-0.49360478,0.18176019,0
0.22214115,-1.8480208,-2.4002876,0.46417278,-0.86682421,-0.1820977,0
0.91705328,0.31474602,2.8025196,0.85048109,0.49360478,-0.18176019,0
-0.41700685,-0.55233818,-3.0519083,-0.24743837,0.07050249,-0.96633554,0
0.32792455,0.4424094,2.9317529,0.24743837,-0.07050249,0.96633554,0
1.1762273,-1.2584149,-0.62246072,0.85048109,0.49360478,-0.18176019,0
-0.38425148,1.9028244,0.96042526,-0.46417278,0.86682421,0.1820977,0
-0.49258351,0.21375474,0.043640461,-0.85048109,-0.49360478,0.18176019,0
0.55224061,-1.2167441,-2.7242146,0.46417278,-0.86682421,-0.1820977,0
-0.60293174,1.5124526,-1.0611234,0.85048109,0.49360478,-0.18176019,0
0.66278565,-2.0357049,0.76777792,0.46417278,-0.86682421,-0.1820977,0
1.5411315,-1.9632535,2.3990715,0.46417278,-0.86682421,-0.1820977,0
0.19939256,-1.8755293,-0.71288902,0.46417278,-0.86682421,-0.1820977,0
0.25580895,-1.3913158,-3.1538565,0.46417278,-0.86682421,-0.1820977,0
1.0820932,-1.9564092,1.3559548,0.46417278,-0.86682421,-0.1820977,0
0.18964255,-1.5259902,-2.3127091,0.46417278,-0.86682421,-0.1820977,0
-0.0072335005,1.527006,2.698822,-0.46417278,0.86682421,0.1820977,0
-1.4986889,0.86690295,-2.2497709,-0.85048109,-0.49360478,0.18176019,0
0.84019518,-0.46503541,0.86865866,0.85048109,0.49360478,-0.18176019,0
-1.5462391,1.7287242,-1.0160121,-0.46417278,0.86682421,0.1820977,0
-0.2453351,-1.0031116,-0.40813002,-0.85048109,-0.49360478,0.18176019,0
0.27086431,-0.51937222,-2.4967937,0.85048109,0.49360478,-0.18176019,0
0.65894008,-0.64854866,-1.5731093,0.85048109,0.49360478,-0.18176019,0
-0.5190866,-1.1421251,-1.7422514,-0.85048109,-0.49360478,0.18176019,0
-1.1657391,1.3569566,-2.6096509,-0.24743837,0.07050249,-0.96633554,0
0.60150266,-0.95624602,-3.4661462,-0.24743837,0.07050249,-0.96633554,0
0.84828323,-0.74475527,-0.53399658,0.85048109,0.49360478,-0.18176019,0
1.8774438,-1.812072,2.4555054,0.46417278,-0.86682421,-0.1820977,0
0.36964798,-0.94800884,2.0154674,-0.85048109,-0.49360478,0.18176019,0
0.17789543,1.0648232,2.9402218,0.24743837,-0.07050249,0.96633554,0
-0.73908448,-0.4545674,-2.4839664,-0.85048109,-0.49360478,0.18176019,0
-1.5753542,1.9003329,-1.0305711,-0.46417278,0.86682421,0.1820977,0
-0.68151498,-0.12477355,-1.7895669,-0.85048109,-0.49360478,0.18176019,0
-1.1623001,1.4606965,0.21207744,-0.46417278,0.86682421,0.1820977,0
1.6453023,-1.5242244,0.72619939,0.46417278,-0.86682421,-0.1820977,0
-0.20654106,1.6001494,3.2051632,0.24743837,-0.07050249,0.96633554,0
-1.0187078,1.6138149,-2.5468383,-0.24743837,0.07050249,-0.96633554,0
-1.1905178,0.64120984,-2.8188541,-0.24743837,0.07050249,-0.96633554,0
0.64628261,0.59181267,1.3656151,0.85048109,0.49360478,-0.18176019,0
0.39015526,0.65693277,1.2576292,0.85048109,0.49360478,-0.18176019,0
-1.7182255,1.8786279,-2.4495311,-0.24743837,0.07050249,-0.96633554,0
-0.37798244,-0.097117662,0.6107108,-0.85048109,-0.49360478,0.18176019,0
0.24061674,-0.78172463,-2.8001328,0.85048109,0.49360478,-0.18176019,0
-0.21746576,-1.7044104,-2.8330319,-0.85048109,-0.49360478,0.18176019,0
