1.1884472,-1.950384,-0.88590622,0.069596797,-0.97663844,0.20330739,0
0.63341022,1.6073081,-2.3255148,0.4964118,-0.14287078,-0.85624969,0
-0.36747396,1.8574762,-0.77271199,-0.86529291,-0.1605162,-0.4748714,0
0.40211761,-0.12476602,-1.7537998,-0.86529291,-0.1605162,-0.4748714,0
-1.1587157,-0.56350899,1.9190969,-0.4964118,0.14287078,0.85624969,0
0.90376508,-2.4061382,-1.2145129,0.069596797,-0.97663844,0.20330739,0
-0.39673591,-0.26165479,1.6192297,0.86529291,0.1605162,0.4748714,0
-0.92358327,-1.6568673,1.3053397,0.069596797,-0.97663844,0.20330739,0
0.54308677,-2.2400541,-1.1240108,0.069596797,-0.97663844,0.20330739,0
-1.5633849,0.87384176,1.4470247,-0.4964118,0.14287078,0.85624969,0
-0.91785991,0.59310752,1.6911612,-0.4964118,0.14287078,0.85624969,0
-0.61354244,1.4570155,-0.046293139,-0.86529291,-0.1605162,-0.4748714,0
-1.4551476,1.9943293,1.2866985,-0.4964118,0.14287078,0.85624969,0
0.85411084,-0.8534171,-1.5841436,0.4964118,-0.14287078,-0.85624969,0
-0.15991998,1.5984857,-1.3895313,-0.069596797,0.97663844,-0.20330739,0
-1.2146419,1.5072799,1.1980181,-0.4964118,0.14287078,0.85624969,0
-1.3076078,0.68629134,1.2414827,-0.4964118,0.14287078,0.85624969,0
-0.79505372,1.2425073,1.4896574,-0.4964118,0.14287078,0.85624969,0
1.1435301,-0.26828527,-0.55059409,0.86529291,0.1605162,0.4748714,0
-1.3852494,-0.11806667,1.6461949,-0.4964118,0.14287078,0.85624969,0
-0.91170847,1.0314994,1.7340858,-0.4964118,0.14287078,0.85624969,0
-0.32069254,-1.6527989,1.6191112,0.069596797,-0.97663844,0.20330739,0
0.40520835,-0.53278375,-1.9107225,0.4964118,-0.14287078,-0.85624969,0
-1.0630715,-1.3591267,1.8979242,-0.4964118,0.14287078,0.85624969,0
-0.73265135,1.9932659,0.12140203,-0.069596797,0.97663844,-0.20330739,0
-0.95169187,-1.4370432,1.8719885,-0.4964118,0.14287078,0.85624969,0
-0.98754787,0.65754825,1.4729841,-0.4964118,0.14287078,0.85624969,0
1.5119348,-0.258829,-1.5423286,0.4964118,-0.14287078,-0.85624969,0
-0.27715242,-1.9423637,0.52748168,-0.86529291,-0.1605162,-0.4748714,0
0.21218121,-2.0241969,0.85514069,0.069596797,-0.97663844,0.20330739,0
1.4086506,-1.2810245,-1.3294882,0.86529291,0.1605162,0.4748714,0
1.2247112,1.0678556,-1.7938107,0.4964118,-0.14287078,-0.85624969,0
-0.69101375,1.1080589,0.16239357,-0.86529291,-0.1605162,-0.4748714,0
0.42379665,1.4089193,-2.340066,-0.069596797,0.97663844,-0.20330739,0
-0.51603037,1.961289,0.40775633,-0.069596797,0.97663844,-0.20330739,0
0.045574546,-2.0676842,0.074294329,0.069596797,-0.97663844,0.20330739,0
-0.50183177,-1.3062733,-0.082721591,-0.86529291,-0.1605162,-0.4748714,0
0.84951425,1.7548897,-1.8003589,-0.069596797,0.97663844,-0.20330739,0
0.32650799,0.62728947,0.41577274,0.86529291,0.1605162,0.4748714,0
-1.0864521,0.59738421,1.0588326,-0.86529291,-0.1605162,-0.4748714,0
-0.64422822,0.024547994,1.9285741,-0.4964118,0.14287078,0.85624969,0
-1.1903472,0.061172128,0.69569075,-0.86529291,-0.1605162,-0.4748714,0
1.325086,0.022866368,-0.95955598,0.86529291,0.1605162,0.4748714,0
-0.091324389,0.4210999,-0.8602972,-0.86529291,-0.1605162,-0.4748714,0
-1.2867024,-0.74883342,1.5958644,-0.4964118,0.14287078,0.85624969,0
-0.81616211,-1.1412548,2.0690796,-0.4964118,0.14287078,0.85624969,0
-0.69084811,1.8889093,0.085818529,-0.069596797,0.97663844,-0.20330739,0
-0.66300237,1.9173069,0.0096895695,-0.069596797,0.97663844,-0.20330739,0
-0.23554549,1.9188726,-0.1570034,-0.069596797,0.97663844,-0.20330739,0
-0.61750555,0.19717196,1.8852375,0.86529291,0.1605162,0.4748714,0
-0.042134374,-1.4883378,-0.11202967,-0.86529291,-0.1605162,-0.4748714,0
0.15147889,1.9033369,-0.55448711,-0.069596797,0.97663844,-0.20330739,0
-0.64371371,-1.2567098,2.3220763,0.86529291,0.1605162,0.4748714,0
0.46679103,1.8210533,-0.78681505,-0.069596797,0.97663844,-0.20330739,0
0.84625196,-0.93247193,0.16697216,0.86529291,0.1605162,0.4748714,0
0.98779249,1.3065751,-2.0703483,0.4964118,-0.14287078,-0.85624969,0
-0.70359826,-1.8068279,1.0246807,0.069596797,-0.97663844,0.20330739,0
-0.36475635,2.2236125,0.39628983,-0.069596797,0.97663844,-0.20330739,0
-1.1430929,2.0098093,0.6662991,-0.069596797,0.97663844,-0.20330739,0
-0.13121808,0.84149909,0.83723468,0.86529291,0.1605162,0.4748714,0
-0.30044788,-1.2951186,0.20193255,-0.86529291,-0.1605162,-0.4748714,0
0.28171968,1.6505706,-1.8352035,-0.069596797,0.97663844,-0.20330739,0
0.82616895,-1.2988623,0.35358703,0.86529291,0.1605162,0.4748714,0
1.4323392,-0.10339451,-1.7017812,0.4964118,-0.14287078,-0.85624969,0
-0.30728769,-1.8025011,1.8158147,0.069596797,-0.97663844,0.20330739,0
-1.4015994,1.2053986,1.4155103,-0.4964118,0.14287078,0.85624969,0
0.59112835,0.68828923,-0.60065806,0.86529291,0.1605162,0.4748714,0
-0.70403194,-0.99705738,1.9328218,-0.4964118,0.14287078,0.85624969,0
-0.80909282,1.9609351,-0.072362423,-0.86529291,-0.1605162,-0.4748714,0
1.5497723,-0.13843882,-1.3202682,0.86529291,0.1605162,0.4748714,0
0.82968092,0.55815244,-1.9180306,0.4964118,-0.14287078,-0.85624969,0
0.16520995,-1.7429109,0.62642515,0.069596797,-0.97663844,0.20330739,0
0.61569095,-0.61994928,-1.7634265,0.4964118,-0.14287078,-0.85624969,0
0.65464997,1.0168183,-1.9572653,0.4964118,-0.14287078,-0.85624969,0
0.094310641,0.020715471,-0.85487056,-0.86529291,-0.1605162,-0.4748714,0
-0.83407128,-1.9867818,1.0748446,0.069596797,-0.97663844,0.20330739,0
0.74008512,0.91981894,-1.9577081,0.4964118,-0.14287078,-0.85624969,0
-0.9707166,1.9827425,0.22159672,-0.069596797,0.97663844,-0.20330739,0
0.5985449,0.38431075,-0.3669188,0.86529291,0.1605162,0.4748714,0
-0.60714972,1.0295132,1.6544846,-0.4964118,0.14287078,0.85624969,0
0.52723765,-0.23279321,0.54082215,0.86529291,0.1605162,0.4748714,0
-0.19956756,-0.9845072,1.8103009,0.86529291,0.1605162,0.4748714,0
-1.3123195,-0.82090366,1.8168464,-0.4964118,0.14287078,0.85624969,0
-0.50374949,1.8829306,-0.41080427,-0.069596797,0.97663844,-0.20330739,0
1.0026146,-1.4711032,-0.37494683,0.86529291,0.1605162,0.4748714,0
-1.3148186,0.3585856,1.6165941,-0.4964118,0.14287078,0.85624969,0
-0.7481339,-0.20012096,1.9905409,-0.4964118,0.14287078,0.85624969,0
-0.99180388,-1.4396594,1.8848773,-0.4964118,0.14287078,0.85624969,0
-1.3647597,1.626332,1.090898,-0.4964118,0.14287078,0.85624969,0
1.1785901,0.35510874,-1.6206925,0.4964118,-0.14287078,-0.85624969,0
-0.9751507,-1.1030165,1.1615243,-0.86529291,-0.1605162,-0.4748714,0
1.1434493,1.5765001,-2.0784693,-0.069596797,0.97663844,-0.20330739,0
-0.54666972,-0.33099756,1.8461059,-0.4964118,0.14287078,0.85624969,0
-1.2997985,-0.7171663,1.152931,-0.86529291,-0.1605162,-0.4748714,0
0.23769444,1.0975356,0.010980248,0.86529291,0.1605162,0.4748714,0
-1.1427944,-1.6882405,1.6523488,0.069596797,-0.97663844,0.20330739,0
-0.46263999,2.1728258,0.97978806,-0.069596797,0.97663844,-0.20330739,0
-0.057601929,-1.1930687,1.8476735,0.86529291,0.1605162,0.4748714,0
0.62803435,1.4010205,-2.2990546,0.4964118,-0.14287078,-0.85624969,0
0.3966378,-0.45203707,-1.5988464,-0.86529291,-0.1605162,-0.4748714,0
-1.4176309,0.65799105,1.3987626,-0.86529291,-0.1605162,-0.4748714,0
0.27625871,0.16951951,-1.6895512,-0.86529291,-0.1605162,-0.4748714,0
-0.55357909,-0.35411775,2.0620229,-0.4964118,0.14287078,0.85624969,0
-0.58526468,-1.7381722,1.0454336,0.069596797,-0.97663844,0.20330739,0
0.6320374,1.4968362,-2.1030583,0.4964118,-0.14287078,-0.85624969,0
-0.053260088,-0.019530352,0.98554671,0.86529291,0.1605162,0.4748714,0
0.42376354,-0.78775167,0.61864686,0.86529291,0.1605162,0.4748714,0
-0.50812507,0.35559878,1.8315884,0.86529291,0.1605162,0.4748714,0
1.1275606,1.4174327,-1.7660394,0.4964118,-0.14287078,-0.85624969,0
-0.30451369,-1.8218576,0.72208548,0.069596797,-0.97663844,0.20330739,0
-0.68350601,0.48829055,1.9013581,-0.4964118,0.14287078,0.85624969,0
1.1006665,-0.57784832,-1.395726,0.4964118,-0.14287078,-0.85624969,0
-0.37336418,1.9034879,0.70834506,0.86529291,0.1605162,0.4748714,0
-0.26576269,1.9603028,-0.65501022,-0.069596797,0.97663844,-0.20330739,0
-1.2978711,-0.60045755,1.5790563,-0.86529291,-0.1605162,-0.4748714,0
-0.059035778,-0.22309738,1.0463408,0.86529291,0.1605162,0.4748714,0
-1.197693,1.1689895,1.0731193,-0.86529291,-0.1605162,-0.4748714,0
-0.47320375,-0.24913388,0.0095067471,-0.86529291,-0.1605162,-0.4748714,0
-0.77901661,2.13451,1.5872167,0.86529291,0.1605162,0.4748714,0
0.12526405,-0.72038639,0.90211445,0.86529291,0.1605162,0.4748714,0
-0.82743788,0.45899913,1.8965092,-0.4964118,0.14287078,0.85624969,0
-0.24164438,0.82134688,-0.96431869,-0.86529291,-0.1605162,-0.4748714,0
-0.42197967,1.9844009,-0.71907258,-0.069596797,0.97663844,-0.20330739,0
-0.14543986,-1.9150159,1.5165273,0.069596797,-0.97663844,0.20330739,0
-0.49274218,0.99321437,1.7140992,0.86529291,0.1605162,0.4748714,0
1.4659786,0.59501797,-1.7703094,0.4964118,-0.14287078,-0.85624969,0
0.017835021,0.7064724,0.64747107,0.86529291,0.1605162,0.4748714,0
0.064406812,0.47737086,0.74067652,0.86529291,0.1605162,0.4748714,0
-0.77122855,1.2571888,1.8964702,-0.4964118,0.14287078,0.85624969,0
-1.0145402,-0.68694627,1.9822757,-0.4964118,0.14287078,0.85624969,0
-0.88195044,2.1917975,1.0443208,-0.069596797,0.97663844,-0.20330739,0
-1.2493278,2.107795,0.78561115,-0.069596797,0.97663844,-0.20330739,0
-0.76640534,-1.8519659,1.0037849,0.069596797,-0.97663844,0.20330739,0
0.81732845,-0.98749942,-1.5374106,0.4964118,-0.14287078,-0.85624969,0
-0.39653671,1.1060132,-1.0010265,-0.86529291,-0.1605162,-0.4748714,0
-1.4410691,1.9895122,1.0046183,-0.069596797,0.97663844,-0.20330739,0
-1.2482606,2.2016718,1.2671318,-0.4964118,0.14287078,0.85624969,0
-0.93347836,-0.57846403,1.7292902,-0.4964118,0.14287078,0.85624969,0
1.1039047,0.99331468,-2.0508683,0.4964118,-0.14287078,-0.85624969,0
0.19272649,-1.7644111,0.82039618,0.069596797,-0.97663844,0.20330739,0
0.88874644,-2.3345094,-0.85266423,0.069596797,-0.97663844,0.20330739,0
-0.55066633,-0.87751573,-0.13861144,-0.86529291,-0.1605162,-0.4748714,0
0.36917329,-0.42392451,-1.8281701,-0.86529291,-0.1605162,-0.4748714,0
1.1343193,0.52434075,-1.6412926,0.4964118,-0.14287078,-0.85624969,0
0.24173719,2.1205127,-0.25820506,-0.069596797,0.97663844,-0.20330739,0
0.99931622,-1.8238387,-0.16362739,0.069596797,-0.97663844,0.20330739,0
-0.37220132,-0.36594564,-0.63847244,-0.86529291,-0.1605162,-0.4748714,0
0.30947006,0.0020723194,-1.5210913,-0.86529291,-0.1605162,-0.4748714,0
0.80605936,0.68369764,-1.8278035,0.4964118,-0.14287078,-0.85624969,0
1.0314131,-1.1363008,-0.17089975,0.86529291,0.1605162,0.4748714,0
-1.37869,-0.91859859,1.6949518,-0.4964118,0.14287078,0.85624969,0
0.6229471,-0.56835228,-1.6846504,0.4964118,-0.14287078,-0.85624969,0
0.21573043,0.19150203,-1.8743584,-0.86529291,-0.1605162,-0.4748714,0
0.487324,0.63304228,-2.1914251,0.4964118,-0.14287078,-0.85624969,0
0.77992558,1.5665464,-1.9288629,-0.069596797,0.97663844,-0.20330739,0
-0.58599865,1.881771,-0.38081145,-0.069596797,0.97663844,-0.20330739,0
-0.94908571,0.20354623,1.6239554,-0.4964118,0.14287078,0.85624969,0
-1.0324824,1.9562614,0.59552884,-0.069596797,0.97663844,-0.20330739,0
-0.23378575,-0.76884842,0.0022194386,-0.86529291,-0.1605162,-0.4748714,0
0.72043562,-2.2235339,-0.69583309,0.069596797,-0.97663844,0.20330739,0
1.0725114,1.9444211,-1.603045,-0.069596797,0.97663844,-0.20330739,0
0.32570523,-0.13885206,0.82888371,0.86529291,0.1605162,0.4748714,0
-0.47131053,0.57719636,-0.0070519447,-0.86529291,-0.1605162,-0.4748714,0
-1.2866096,2.238939,1.3948085,-0.4964118,0.14287078,0.85624969,0
-0.477503,-1.7734025,0.36385512,-0.86529291,-0.1605162,-0.4748714,0
-1.021965,1.3910536,1.6265438,-0.4964118,0.14287078,0.85624969,0
0.59923273,-0.86452156,0.51825714,0.86529291,0.1605162,0.4748714,0
0.60449886,0.73717886,-2.11796,0.4964118,-0.14287078,-0.85624969,0
-1.2225842,-0.55783337,1.9014095,-0.4964118,0.14287078,0.85624969,0
0.1337328,1.278216,-1.4799421,-0.86529291,-0.1605162,-0.4748714,0
-0.041581124,1.4912934,0.58859712,0.86529291,0.1605162,0.4748714,0
1.2904758,-1.5731966,-1.1127603,0.86529291,0.1605162,0.4748714,0
-0.49217796,-1.0227014,2.0249286,-0.4964118,0.14287078,0.85624969,0
0.66979408,-1.98324,-0.29591489,0.069596797,-0.97663844,0.20330739,0
-0.38547111,-1.5336179,2.2746348,0.069596797,-0.97663844,0.20330739,0
0.86624122,-0.38107765,-0.35992023,0.86529291,0.1605162,0.4748714,0
-1.1118082,1.6899724,1.3326609,-0.4964118,0.14287078,0.85624969,0
-0.29414117,1.8914812,1.3488097,0.86529291,0.1605162,0.4748714,0
-0.76430178,1.0319275,1.9017397,-0.4964118,0.14287078,0.85624969,0
0.79959297,1.3673025,-0.75975668,0.86529291,0.1605162,0.4748714,0
0.76594877,1.9366195,-0.81872416,-0.069596797,0.97663844,-0.20330739,0
-0.37688971,-1.6705419,1.9506999,0.069596797,-0.97663844,0.20330739,0
1.0582129,-0.79806584,-1.7467862,0.4964118,-0.14287078,-0.85624969,0
-0.03766489,1.8990588,-1.657384,-0.069596797,0.97663844,-0.20330739,0
-0.9186902,-0.39329791,2.0065169,-0.4964118,0.14287078,0.85624969,0
-0.98987222,-0.69780976,1.8445144,-0.4964118,0.14287078,0.85624969,0
0.88171363,1.6935846,-1.400653,-0.069596797,0.97663844,-0.20330739,0
1.0254359,1.1331626,-1.814091,0.4964118,-0.14287078,-0.85624969,0
-1.1251645,-1.1355331,1.7511191,-0.4964118,0.14287078,0.85624969,0
-1.1736758,-1.6754805,1.9360693,-0.4964118,0.14287078,0.85624969,0
0.19282639,-1.964234,0.73683405,0.069596797,-0.97663844,0.20330739,0
1.4644388,-0.44191718,-1.3974361,0.4964118,-0.14287078,-0.85624969,0
-1.1266024,-0.39645052,1.7658083,-0.4964118,0.14287078,0.85624969,0
0.61520338,1.7245433,-2.1901093,-0.069596797,0.97663844,-0.20330739,0
-0.80660653,-1.7114412,2.3782716,-0.4964118,0.14287078,0.85624969,0
-1.0196909,0.98842168,1.6762575,-0.4964118,0.14287078,0.85624969,0
-0.3816022,1.9261529,-0.14484429,-0.069596797,0.97663844,-0.20330739,0
-0.72723985,0.23667321,1.8984983,-0.4964118,0.14287078,0.85624969,0
-0.14083755,-0.1625582,1.3345579,0.86529291,0.1605162,0.4748714,0
0.65138191,-1.7211101,0.35058832,0.86529291,0.1605162,0.4748714,0
-0.15566432,-1.953496,0.64472413,0.069596797,-0.97663844,0.20330739,0
-1.0103199,-1.7178168,2.1556718,-0.4964118,0.14287078,0.85624969,0
-0.23255086,-1.6737635,1.9899551,0.86529291,0.1605162,0.4748714,0
1.1692922,-1.1139107,-0.97101671,0.86529291,0.1605162,0.4748714,0
-0.93206358,-1.770918,1.6691835,0.069596797,-0.97663844,0.20330739,0
-0.61994827,-2.0138271,0.64966226,0.069596797,-0.97663844,0.20330739,0
0.82768774,0.18544701,-2.1088119,0.4964118,-0.14287078,-0.85624969,0
-0.97610259,-0.68142343,1.7342036,-0.4964118,0.14287078,0.85624969,0
-1.0339311,1.7056127,1.5976899,-0.4964118,0.14287078,0.85624969,0
0.094546556,1.4567069,-2.0002475,-0.86529291,-0.1605162,-0.4748714,0
0.30102491,1.814337,-1.2412146,-0.069596797,0.97663844,-0.20330739,0
1.4089658,1.1472931,-1.853345,0.4964118,-0.14287078,-0.85624969,0
0.35363233,-1.3483458,-1.4543719,-0.86529291,-0.1605162,-0.4748714,0
-0.71809101,1.6609267,1.5407182,-0.4964118,0.14287078,0.85624969,0
0.38494468,1.6068246,-1.8227425,-0.069596797,0.97663844,-0.20330739,0
-1.2942729,0.36505604,0.80961943,-0.86529291,-0.1605162,-0.4748714,0
-0.76425076,-0.5399282,2.0316133,-0.4964118,0.14287078,0.85624969,0
0.59722602,-0.9129523,-0.029453039,0.86529291,0.1605162,0.4748714,0
-0.47136968,2.2284055,0.09987998,-0.069596797,0.97663844,-0.20330739,0
0.50578934,-2.0859704,-1.1218125,0.069596797,-0.97663844,0.20330739,0
0.73724055,1.127401,-0.70796889,0.86529291,0.1605162,0.4748714,0
1.1888065,-0.49497151,-0.71868217,0.86529291,0.1605162,0.4748714,0
0.91190362,-0.012654364,-1.9811373,0.4964118,-0.14287078,-0.85624969,0
-0.17751217,1.7462316,-0.83985293,-0.069596797,0.97663844,-0.20330739,0
0.75264716,-0.70601398,-1.9838415,0.4964118,-0.14287078,-0.85624969,0
-0.75550604,1.920899,-0.30213308,-0.069596797,0.97663844,-0.20330739,0
-0.35738575,0.80823052,1.4195979,0.86529291,0.1605162,0.4748714,0
0.6036346,1.1296504,-0.45784438,0.86529291,0.1605162,0.4748714,0
-1.5487092,0.37534738,1.5015235,-0.4964118,0.14287078,0.85624969,0
1.1362956,1.5431608,-1.8848648,0.86529291,0.1605162,0.4748714,0
-1.3034221,1.3017848,1.204465,-0.4964118,0.14287078,0.85624969,0
0.14018282,-2.1092803,-0.53931594,0.069596797,-0.97663844,0.20330739,0
0.20657563,1.9534185,-0.34320974,-0.069596797,0.97663844,-0.20330739,0
-0.42252487,2.0621948,0.042309761,-0.069596797,0.97663844,-0.20330739,0
-0.30844057,0.43036544,-0.37543261,-0.86529291,-0.1605162,-0.4748714,0
-0.8971746,1.3230164,1.8142213,-0.4964118,0.14287078,0.85624969,0
-0.1989224,-1.9484887,1.310728,0.069596797,-0.97663844,0.20330739,0
-1.0176189,0.75692672,1.8100181,-0.4964118,0.14287078,0.85624969,0
-1.4181653,0.15344203,1.1153255,-0.86529291,-0.1605162,-0.4748714,0
0.91575217,1.5210114,-2.1385641,-0.069596797,0.97663844,-0.20330739,0
0.10000777,1.5421915,-1.886375,-0.069596797,0.97663844,-0.20330739,0
0.75346971,1.6937985,-2.0377245,0.4964118,-0.14287078,-0.85624969,0
-0.33568653,2.2645235,0.34007525,-0.069596797,0.97663844,-0.20330739,0
-1.326311,1.5150893,1.0583316,-0.86529291,-0.1605162,-0.4748714,0
0.36666584,1.3787725,-2.1210742,0.4964118,-0.14287078,-0.85624969,0
-1.0810139,-1.9076058,1.4532311,-0.86529291,-0.1605162,-0.4748714,0
-0.22533357,-0.33153534,-0.81690478,-0.86529291,-0.1605162,-0.4748714,0
0.62396479,1.2664928,-2.3866084,0.4964118,-0.14287078,-0.85624969,0
-0.93766552,2.0606396,1.0020751,-0.069596797,0.97663844,-0.20330739,0
0.033647895,1.8167005,-1.1718826,-0.069596797,0.97663844,-0.20330739,0
1.0216053,-0.44609392,-1.6936748,0.4964118,-0.14287078,-0.85624969,0
0.5308609,-1.7588228,-1.4216242,-0.86529291,-0.1605162,-0.4748714,0
-0.092250109,0.066103786,1.5776855,0.86529291,0.1605162,0.4748714,0
-0.38215363,1.6635911,1.37202,0.86529291,0.1605162,0.4748714,0
-0.14400542,0.85098672,-0.71390688,-0.86529291,-0.1605162,-0.4748714,0
0.52085114,-2.1154482,0.087452412,0.069596797,-0.97663844,0.20330739,0
-0.12278187,1.9836823,-0.88578737,-0.069596797,0.97663844,-0.20330739,0
1.3393097,0.59278345,-1.748234,0.4964118,-0.14287078,-0.85624969,0
1.3267539,-0.024536729,-1.7395792,0.4964118,-0.14287078,-0.85624969,0
1.0416666,-2.0352499,-0.50733018,0.069596797,-0.97663844,0.20330739,0
0.71571279,1.5913404,-2.4155715,0.4964118,-0.14287078,-0.85624969,0
0.22913361,1.8110487,-1.4541143,-0.069596797,0.97663844,-0.20330739,0
-0.79809356,1.9433625,0.13435864,-0.069596797,0.97663844,-0.20330739,0
-1.2582885,2.3066058,1.1069646,-0.4964118,0.14287078,0.85624969,0
0.37465,1.7768219,-2.2939897,-0.069596797,0.97663844,-0.20330739,0
-0.20983934,-1.2274481,2.2169163,0.86529291,0.1605162,0.4748714,0
-1.1804256,-1.3467625,1.9957219,-0.4964118,0.14287078,0.85624969,0
-0.80711496,0.90187269,1.8211664,0.86529291,0.1605162,0.4748714,0
0.4157387,-1.7586336,1.2761462,0.86529291,0.1605162,0.4748714,0
-0.47474018,0.16252169,-0.03901419,-0.86529291,-0.1605162,-0.4748714,0
-0.10370651,2.1974978,0.14169478,-0.069596797,0.97663844,-0.20330739,0
-0.69556963,2.2228372,1.708511,-0.4964118,0.14287078,0.85624969,0
0.77287674,0.18089488,-2.0026851,0.4964118,-0.14287078,-0.85624969,0
1.4509585,-0.82566392,-1.1244359,0.4964118,-0.14287078,-0.85624969,0
-0.55150265,2.2744105,1.15347,-0.069596797,0.97663844,-0.20330739,0
1.2083988,-1.6286755,-1.2324909,0.4964118,-0.14287078,-0.85624969,0
0.60168403,-0.12115002,-0.27981293,0.86529291,0.1605162,0.4748714,0
-0.78943825,-0.41281393,2.0803559,-0.4964118,0.14287078,0.85624969,0
0.27156261,-2.3830128,-0.8195231,0.069596797,-0.97663844,0.20330739,0
-1.0565453,1.9787768,1.584599,-0.4964118,0.14287078,0.85624969,0
-1.0828013,-0.13801438,1.7843703,-0.4964118,0.14287078,0.85624969,0
-1.1431068,-0.66595709,1.1732059,-0.86529291,-0.1605162,-0.4748714,0
0.34525982,-0.53647214,0.48374963,0.86529291,0.1605162,0.4748714,0
-0.17814177,1.1661475,1.0408337,0.86529291,0.1605162,0.4748714,0
-0.80995131,0.13532209,1.8181176,-0.4964118,0.14287078,0.85624969,0
0.87223625,1.8347589,-1.9557642,-0.069596797,0.97663844,-0.20330739,0
-0.84191334,0.86967766,1.8095112,-0.4964118,0.14287078,0.85624969,0
0.65912974,-2.2267296,-0.11314726,0.069596797,-0.97663844,0.20330739,0
-0.79901308,2.196306,1.2589359,-0.069596797,0.97663844,-0.20330739,0
-0.30301356,-1.5316172,2.0408731,0.86529291,0.1605162,0.4748714,0
0.11303136,0.49394923,0.27666903,0.86529291,0.1605162,0.4748714,0
0.58712077,-1.6330714,0.26433861,0.86529291,0.1605162,0.4748714,0
-1.1368107,1.5287535,1.6494929,-0.4964118,0.14287078,0.85624969,0
-0.42424703,-0.45106453,2.1692061,0.86529291,0.1605162,0.4748714,0
-1.0875995,0.61061674,1.4481637,-0.4964118,0.14287078,0.85624969,0
1.1232953,0.083280206,-1.7542183,0.4964118,-0.14287078,-0.85624969,0
0.58275139,-2.2253118,-1.5155742,0.4964118,-0.14287078,-0.85624969,0
0.2970227,0.55807447,0.40775847,0.86529291,0.1605162,0.4748714,0
0.17509842,0.012111127,0.63005954,0.86529291,0.1605162,0.4748714,0
0.32159638,-2.1131818,0.45470858,0.069596797,-0.97663844,0.20330739,0
0.98454094,0.50886542,-1.7857544,0.4964118,-0.14287078,-0.85624969,0
-0.45046711,1.854638,-0.69527578,-0.069596797,0.97663844,-0.20330739,0
-0.79820895,-1.3355772,1.9212201,-0.4964118,0.14287078,0.85624969,0
-1.1992874,-0.6625222,1.5029124,-0.86529291,-0.1605162,-0.4748714,0
0.44143844,-1.4636918,-1.6285809,0.4964118,-0.14287078,-0.85624969,0
0.42153108,-1.0607718,-1.24536,-0.86529291,-0.1605162,-0.4748714,0
-0.5982281,1.0956155,1.5915432,0.86529291,0.1605162,0.4748714,0
-0.020040393,-0.037021622,1.4635862,0.86529291,0.1605162,0.4748714,0
-0.97568691,1.9735293,1.4661397,-0.4964118,0.14287078,0.85624969,0
-1.5277408,0.80072463,1.2620368,-0.4964118,0.14287078,0.85624969,0
-1.4183161,1.5185652,1.3032471,-0.4964118,0.14287078,0.85624969,0
-0.29294497,2.2045307,0.14454389,-0.069596797,0.97663844,-0.20330739,0
0.064954519,0.50013912,-1.0133561,-0.86529291,-0.1605162,-0.4748714,0
-1.1199479,-0.87864792,1.8452557,-0.4964118,0.14287078,0.85624969,0
-1.5278285,1.8887787,0.93756032,-0.86529291,-0.1605162,-0.4748714,0
-0.87995934,-1.3535826,1.9465766,-0.4964118,0.14287078,0.85624969,0
-1.0453954,2.0614276,1.0067999,-0.069596797,0.97663844,-0.20330739,0
0.97535634,-0.38449037,-1.494579,0.4964118,-0.14287078,-0.85624969,0
-1.3535271,0.24777699,1.2945417,-0.86529291,-0.1605162,-0.4748714,0
-0.34503949,-1.9570258,0.51806235,0.069596797,-0.97663844,0.20330739,0
-1.2293477,1.9395138,0.36057472,-0.069596797,0.97663844,-0.20330739,0
-1.0911758,-1.7391567,1.7935854,0.069596797,-0.97663844,0.20330739,0
-0.78903794,-0.94732422,2.1028371,-0.4964118,0.14287078,0.85624969,0
-1.1954973,0.12775761,1.6447716,-0.4964118,0.14287078,0.85624969,0
0.45947632,-0.03595379,-0.14317648,0.86529291,0.1605162,0.4748714,0
-0.029331028,0.50637949,0.81838006,0.86529291,0.1605162,0.4748714,0
-0.35124588,-1.6004078,1.5248131,0.069596797,-0.97663844,0.20330739,0
1.3961115,-0.30822921,-1.3333042,0.4964118,-0.14287078,-0.85624969,0
1.0369302,-1.5313011,-1.3715763,0.4964118,-0.14287078,-0.85624969,0
-0.91376328,-1.6854653,1.8858678,0.069596797,-0.97663844,0.20330739,0
-0.55933714,1.9798502,-0.3903966,-0.069596797,0.97663844,-0.20330739,0
1.1059365,-0.30556959,-1.1126541,0.86529291,0.1605162,0.4748714,0
-0.7674098,-1.612818,1.5771962,0.069596797,-0.97663844,0.20330739,0
-0.53824735,0.52104092,1.8450215,-0.4964118,0.14287078,0.85624969,0
-0.18204427,0.67581934,-1.0693338,-0.86529291,-0.1605162,-0.4748714,0
0.82370007,-1.1520253,-1.5492932,0.4964118,-0.14287078,-0.85624969,0
-0.65664387,2.2205403,0.48988748,-0.069596797,0.97663844,-0.20330739,0
1.3576994,0.12168908,-1.599946,0.4964118,-0.14287078,-0.85624969,0
1.2315545,-1.3729203,-1.2290304,0.4964118,-0.14287078,-0.85624969,0
-0.7977345,-1.2537857,1.9666662,-0.4964118,0.14287078,0.85624969,0
-0.72247583,2.1780512,1.1489247,-0.069596797,0.97663844,-0.20330739,0
1.5912957,-1.7854095,-0.88136399,0.86529291,0.1605162,0.4748714,0
0.70032215,-2.3967786,-1.0064154,0.069596797,-0.97663844,0.20330739,0
-0.31770492,2.0629168,0.94252348,-0.069596797,0.97663844,-0.20330739,0
0.59553933,1.671447,-1.2822182,-0.069596797,0.97663844,-0.20330739,0
1.2185712,-1.8818481,-1.4301457,0.4964118,-0.14287078,-0.85624969,0
0.94721532,1.0942591,-1.8744184,0.4964118,-0.14287078,-0.85624969,0
-0.33340287,-1.7046443,2.0344992,0.069596797,-0.97663844,0.20330739,0
0.36537611,-0.79788697,0.89465058,0.86529291,0.1605162,0.4748714,0
0.20178485,-1.0129718,1.3240312,0.86529291,0.1605162,0.4748714,0
0.09708935,-1.9111704,-0.1337266,0.069596797,-0.97663844,0.20330739,0
0.28420496,1.7315584,-0.98120308,-0.069596797,0.97663844,-0.20330739,0
0.74794614,-1.782739,-1.6205406,0.4964118,-0.14287078,-0.85624969,0
-0.66531777,-0.19849429,1.7682959,-0.4964118,0.14287078,0.85624969,0
0.22743437,2.0061691,0.14413559,0.86529291,0.1605162,0.4748714,0
-1.1917434,-1.5846958,1.8922578,0.069596797,-0.97663844,0.20330739,0
-1.0976467,-1.271349,1.7641921,-0.4964118,0.14287078,0.85624969,0
-1.0578645,-0.8409729,0.97244525,-0.86529291,-0.1605162,-0.4748714,0
0.82129097,-2.0853436,-0.94759369,0.069596797,-0.97663844,0.20330739,0
0.39379597,1.5344989,-1.7702223,-0.069596797,0.97663844,-0.20330739,0
1.6488876,-2.0757785,-0.88069105,0.86529291,0.1605162,0.4748714,0
-0.71451044,0.8528648,1.9291593,-0.4964118,0.14287078,0.85624969,0
0.47386718,2.0017409,-1.114609,-0.069596797,0.97663844,-0.20330739,0
1.5930612,-2.2945595,-0.99193907,0.069596797,-0.97663844,0.20330739,0
-0.4174974,-1.2034205,-0.088127494,-0.86529291,-0.1605162,-0.4748714,0
1.3092587,-0.4752208,-1.4082537,0.4964118,-0.14287078,-0.85624969,0
0.10465442,-2.3134255,-0.49128187,0.069596797,-0.97663844,0.20330739,0
0.49574006,-0.91801798,-1.6878659,0.4964118,-0.14287078,-0.85624969,0
1.1458662,-1.2374836,-0.48555183,0.86529291,0.1605162,0.4748714,0
-0.55536532,-0.41445866,1.9156132,-0.4964118,0.14287078,0.85624969,0
1.4281003,-0.71362078,-1.0455775,0.86529291,0.1605162,0.4748714,0
-0.75120878,-0.403768,1.9912273,-0.4964118,0.14287078,0.85624969,0
-0.70825845,0.14631432,0.31678361,-0.86529291,-0.1605162,-0.4748714,0
0.31295949,1.8667014,-0.34938085,0.86529291,0.1605162,0.4748714,0
0.69797707,-1.9743557,-0.77431142,0.069596797,-0.97663844,0.20330739,0
1.6105946,-1.7173727,-1.1417651,0.4964118,-0.14287078,-0.85624969,0
-0.072948098,0.35647112,-0.71120381,-0.86529291,-0.1605162,-0.4748714,0
0.92084289,0.62287176,-1.7989217,0.4964118,-0.14287078,-0.85624969,0
-0.126562,-1.9444394,1.2870097,0.069596797,-0.97663844,0.20330739,0
1.0475068,-0.77989912,-0.39978921,0.86529291,0.1605162,0.4748714,0
-0.22721612,0.29882881,1.1254894,0.86529291,0.1605162,0.4748714,0
-0.85645938,1.5196652,1.4198236,-0.4964118,0.14287078,0.85624969,0
-0.62555838,-1.7651892,1.068921,0.069596797,-0.97663844,0.20330739,0
-0.57980156,0.27902785,1.7956219,-0.4964118,0.14287078,0.85624969,0
-0.64231509,1.0948539,-0.64088774,-0.86529291,-0.1605162,-0.4748714,0
-0.30817628,-1.9535539,0.5165447,0.069596797,-0.97663844,0.20330739,0
0.2687273,-0.87833178,1.0827471,0.86529291,0.1605162,0.4748714,0
-1.0696945,2.3540843,1.2116817,-0.069596797,0.97663844,-0.20330739,0
1.0671829,-2.2787342,-0.79156184,0.069596797,-0.97663844,0.20330739,0
0.93683386,0.26671755,-1.848236,0.4964118,-0.14287078,-0.85624969,0
-0.25166368,1.7579467,-1.0453815,-0.069596797,0.97663844,-0.20330739,0
-1.2969038,2.2121396,1.003397,-0.4964118,0.14287078,0.85624969,0
1.5044498,0.54033089,-1.7315148,0.4964118,-0.14287078,-0.85624969,0
0.41388458,-2.1279156,0.42701364,0.069596797,-0.97663844,0.20330739,0
0.14791048,0.35005832,-1.2713063,-0.86529291,-0.1605162,-0.4748714,0
-0.89830196,-1.2813954,0.62302417,-0.86529291,-0.1605162,-0.4748714,0
1.378377,0.37390006,-1.5002096,0.4964118,-0.14287078,-0.85624969,0
-0.7914542,1.6201657,1.4440396,-0.4964118,0.14287078,0.85624969,0
-0.74778032,-1.5528238,0.75098753,-0.86529291,-0.1605162,-0.4748714,0
0.13960314,1.2039156,-1.5320659,-0.86529291,-0.1605162,-0.4748714,0
1.3608562,-1.219202,-1.5697231,0.4964118,-0.14287078,-0.85624969,0
-0.55095124,-1.008348,2.3842926,-0.4964118,0.14287078,0.85624969,0
-1.511477,1.2181921,1.3177015,-0.4964118,0.14287078,0.85624969,0
-0.55375171,-0.64231408,2.0520787,-0.4964118,0.14287078,0.85624969,0
-0.0058610439,-1.6733843,1.6091063,0.069596797,-0.97663844,0.20330739,0
-0.89727688,0.18634516,1.8747146,-0.4964118,0.14287078,0.85624969,0
-0.26365328,0.6043663,1.6350584,0.86529291,0.1605162,0.4748714,0
-0.31269848,-1.8738675,0.72339296,0.069596797,-0.97663844,0.20330739,0
-0.87289405,0.7595793,1.8438984,-0.4964118,0.14287078,0.85624969,0
-0.68909293,2.1952622,1.0740402,-0.069596797,0.97663844,-0.20330739,0
-0.98867321,-1.5199928,1.9535325,-0.4964118,0.14287078,0.85624969,0
-0.98819607,2.1380126,0.87955391,-0.069596797,0.97663844,-0.20330739,0
0.98703218,-1.8579904,-1.5877979,0.4964118,-0.14287078,-0.85624969,0
-0.23610854,-1.4406402,2.1748757,0.069596797,-0.97663844,0.20330739,0
0.665097,1.8948649,-1.1469302,-0.069596797,0.97663844,-0.20330739,0
-1.0189023,1.4120367,1.4754739,-0.4964118,0.14287078,0.85624969,0
-0.26150453,0.37987152,1.3507187,0.86529291,0.1605162,0.4748714,0
-1.2164321,1.8362732,1.1922715,-0.4964118,0.14287078,0.85624969,0
0.046782732,1.6613053,-0.93941152,-0.069596797,0.97663844,-0.20330739,0
-1.1352782,-0.77213275,1.7516819,-0.4964118,0.14287078,0.85624969,0
-0.95088077,-0.85237312,2.0432713,-0.4964118,0.14287078,0.85624969,0
-0.45153546,-1.77456,2.0317259,0.069596797,-0.97663844,0.20330739,0
1.2629374,-0.36722016,-1.5780518,0.4964118,-0.14287078,-0.85624969,0
0.45403221,-0.63922691,0.13235188,0.86529291,0.1605162,0.4748714,0
-0.64080274,-2.0980682,0.72922802,0.069596797,-0.97663844,0.20330739,0
0.77570009,-0.41724029,-1.9831676,0.4964118,-0.14287078,-0.85624969,0
0.0038113594,1.8187604,-1.5810412,-0.069596797,0.97663844,-0.20330739,0
-1.0505867,-0.27409053,1.8181145,-0.4964118,0.14287078,0.85624969,0
-0.188833,-1.5722528,1.6124983,0.069596797,-0.97663844,0.20330739,0
-0.51526952,-1.7639438,1.2880774,0.069596797,-0.97663844,0.20330739,0
1.0234671,-2.2013128,-1.0230138,0.069596797,-0.97663844,0.20330739,0
0.723809,0.63693672,-0.77668858,0.86529291,0.1605162,0.4748714,0
0.25741255,-0.79844761,-0.97461867,-0.86529291,-0.1605162,-0.4748714,0
1.0312856,-1.5066509,-1.4966236,0.4964118,-0.14287078,-0.85624969,0
0.98080564,0.74577522,-1.6988096,0.4964118,-0.14287078,-0.85624969,0
1.3338296,0.93594193,-1.303633,0.86529291,0.1605162,0.4748714,0
0.7598083,-1.220819,-1.7676351,0.4964118,-0.14287078,-0.85624969,0
-0.32592255,2.0065134,-0.077847958,-0.069596797,0.97663844,-0.20330739,0
0.9896915,1.5170027,-1.7845154,0.4964118,-0.14287078,-0.85624969,0
-0.99029148,2.2127004,1.4559839,-0.4964118,0.14287078,0.85624969,0
1.084789,1.3352631,-1.5203416,0.86529291,0.1605162,0.4748714,0
-1.5982249,1.8984829,1.1052425,-0.4964118,0.14287078,0.85624969,0
-0.065879643,-2.0532198,0.10081124,-0.86529291,-0.1605162,-0.4748714,0
0.21350026,-1.8399541,1.3936968,0.069596797,-0.97663844,0.20330739,0
0.94788265,1.3713312,-2.0409274,0.4964118,-0.14287078,-0.85624969,0
1.3760529,0.34779149,-1.8143137,0.4964118,-0.14287078,-0.85624969,0
-1.3655318,1.9244695,1.3588177,-0.4964118,0.14287078,0.85624969,0
-0.30908045,2.1189518,0.17605495,-0.069596797,0.97663844,-0.20330739,0
1.0057247,-0.89546204,-1.6803428,0.4964118,-0.14287078,-0.85624969,0
-0.60011721,-1.7984157,2.2414005,0.069596797,-0.97663844,0.20330739,0
-0.10012284,2.1674769,0.16463447,-0.069596797,0.97663844,-0.20330739,0
-0.61545241,1.5649325,-0.6415621,-0.86529291,-0.1605162,-0.4748714,0
-0.84881783,-0.42108703,1.92932,-0.4964118,0.14287078,0.85624969,0
0.79571342,-2.1450446,-1.4897748,0.4964118,-0.14287078,-0.85624969,0
0.42693067,-0.03738679,-1.7368705,-0.86529291,-0.1605162,-0.4748714,0
-0.72292721,0.12394792,0.0005081892,-0.86529291,-0.1605162,-0.4748714,0
-0.72214466,2.3651717,0.79628325,-0.069596797,0.97663844,-0.20330739,0
0.62438273,-0.3923136,-1.7245274,0.4964118,-0.14287078,-0.85624969,0
-0.6112988,-1.6446303,1.3729986,0.069596797,-0.97663844,0.20330739,0
0.31419992,1.5317374,-2.1264887,-0.86529291,-0.1605162,-0.4748714,0
0.48714018,1.5902929,-2.1970649,-0.069596797,0.97663844,-0.20330739,0
0.68851268,-1.1005325,0.087495923,0.86529291,0.1605162,0.4748714,0
-0.60277462,-1.7188509,2.2612195,0.069596797,-0.97663844,0.20330739,0
1.2146884,-2.0129573,-1.4185766,0.4964118,-0.14287078,-0.85624969,0
1.5503145,-0.48905814,-1.542298,0.4964118,-0.14287078,-0.85624969,0
-1.3190472,-1.483357,1.9795785,-0.4964118,0.14287078,0.85624969,0
0.30706167,-1.891449,1.0537421,0.069596797,-0.97663844,0.20330739,0
-0.050917983,-0.76568872,1.2234354,0.86529291,0.1605162,0.4748714,0
0.54625344,1.7448486,-1.5971217,-0.069596797,0.97663844,-0.20330739,0
0.45774552,-0.19434291,0.34810629,0.86529291,0.1605162,0.4748714,0
-1.3619218,-0.88591272,1.8892467,-0.4964118,0.14287078,0.85624969,0
1.1168156,-1.7025281,-1.5154549,0.4964118,-0.14287078,-0.85624969,0
-0.29032493,0.47139347,1.3574255,0.86529291,0.1605162,0.4748714,0
0.80686653,-2.1112316,-0.10883832,0.069596797,-0.97663844,0.20330739,0
-0.71506888,0.82347506,-0.067193747,-0.86529291,-0.1605162,-0.4748714,0
0.64495373,0.23085144,-0.43214872,0.86529291,0.1605162,0.4748714,0
0.50669974,-1.6851575,0.97018576,0.069596797,-0.97663844,0.20330739,0
-1.213968,0.53050995,1.6382532,-0.4964118,0.14287078,0.85624969,0
1.080704,-0.67503208,-0.41299021,0.86529291,0.1605162,0.4748714,0
1.3771113,-1.4950345,-1.3258016,0.4964118,-0.14287078,-0.85624969,0
-0.26312876,-1.755399,2.1798723,0.069596797,-0.97663844,0.20330739,0
-1.5856071,1.2345915,1.4014612,-0.4964118,0.14287078,0.85624969,0
0.34329331,-1.8643155,0.89052153,0.86529291,0.1605162,0.4748714,0
-0.85672593,2.0729918,0.6974597,-0.069596797,0.97663844,-0.20330739,0
-1.2278862,-0.88910371,1.3463033,-0.86529291,-0.1605162,-0.4748714,0
0.63957548,1.6594026,-1.715456,-0.069596797,0.97663844,-0.20330739,0
0.7396391,-0.58577681,-0.36582333,0.86529291,0.1605162,0.4748714,0
1.2749783,-0.75693238,-1.4739089,0.4964118,-0.14287078,-0.85624969,0
-0.098175049,-1.8603028,0.54555023,0.069596797,-0.97663844,0.20330739,0
-0.038248897,2.2182631,-0.052377462,-0.069596797,0.97663844,-0.20330739,0
1.8104415,-2.1466031,-1.1191576,0.86529291,0.1605162,0.4748714,0
0.72452879,0.34478015,-1.8828536,0.4964118,-0.14287078,-0.85624969,0
-0.30406991,0.92257655,-0.44132662,-0.86529291,-0.1605162,-0.4748714,0
1.2392418,-0.030391693,-1.4167922,0.4964118,-0.14287078,-0.85624969,0
0.27459687,-0.61597031,0.76562923,0.86529291,0.1605162,0.4748714,0
1.3734263,-1.1590989,-1.4888721,0.4964118,-0.14287078,-0.85624969,0
0.17410263,-2.1481388,-0.22441816,0.069596797,-0.97663844,0.20330739,0
-0.67223501,1.1365861,-0.359815,-0.86529291,-0.1605162,-0.4748714,0
-0.5928371,-0.012547642,1.8373287,-0.4964118,0.14287078,0.85624969,0
0.12126896,-1.9481211,-0.57891607,-0.86529291,-0.1605162,-0.4748714,0
-0.73942804,0.53605235,1.9868357,-0.4964118,0.14287078,0.85624969,0
0.64824593,-2.0695455,0.60564423,0.069596797,-0.97663844,0.20330739,0
-0.52048928,2.2114983,0.22434258,-0.069596797,0.97663844,-0.20330739,0
-1.573735,0.75733733,1.4226948,-0.4964118,0.14287078,0.85624969,0
-1.2784371,0.74478316,1.3428307,-0.4964118,0.14287078,0.85624969,0
0.55458164,1.4816737,-2.2397654,-0.86529291,-0.1605162,-0.4748714,0
0.59586453,1.8605496,-2.0736451,-0.069596797,0.97663844,-0.20330739,0
0.0081478357,0.36621135,-0.79177856,-0.86529291,-0.1605162,-0.4748714,0
0.71901691,-1.8585664,-1.4044964,0.4964118,-0.14287078,-0.85624969,0
0.78293806,0.1753183,-0.43495554,0.86529291,0.1605162,0.4748714,0
-1.2172953,2.256465,1.0636981,-0.4964118,0.14287078,0.85624969,0
-1.1423763,1.7087848,1.2789276,-0.4964118,0.14287078,0.85624969,0
0.11043179,0.81098545,-1.4754163,-0.86529291,-0.1605162,-0.4748714,0
0.056480885,-1.6490436,1.7454865,0.86529291,0.1605162,0.4748714,0
0.63926858,-2.0598838,-1.0683904,0.069596797,-0.97663844,0.20330739,0
0.1116029,-1.3954082,-0.96805269,-0.86529291,-0.1605162,-0.4748714,0
0.15206194,1.7807384,-1.4253505,-0.069596797,0.97663844,-0.20330739,0
-0.10825014,0.94900954,1.0808631,0.86529291,0.1605162,0.4748714,0
0.26039052,-1.1610483,1.2295423,0.86529291,0.1605162,0.4748714,0
0.97582185,-1.8597931,-0.39625072,0.069596797,-0.97663844,0.20330739,0
0.25049734,-1.5904918,-1.3412679,-0.86529291,-0.1605162,-0.4748714,0
-1.0824552,0.69128269,0.67510521,-0.86529291,-0.1605162,-0.4748714,0
0.38091028,-1.8356615,0.68373191,0.069596797,-0.97663844,0.20330739,0
-0.30357623,-0.69018209,1.7790924,0.86529291,0.1605162,0.4748714,0
0.62305617,-2.1569088,-0.92112446,0.069596797,-0.97663844,0.20330739,0
0.48106754,1.984998,-1.0783873,-0.069596797,0.97663844,-0.20330739,0
0.61943936,-2.1576185,-0.014051199,0.069596797,-0.97663844,0.20330739,0
0.88434452,0.46000284,-0.46107474,0.86529291,0.1605162,0.4748714,0
0.75957799,1.0965048,-1.8476377,0.4964118,-0.14287078,-0.85624969,0
1.4074235,-0.37574339,-1.1731013,0.86529291,0.1605162,0.4748714,0
0.50819999,-1.9888736,0.422297,0.069596797,-0.97663844,0.20330739,0
0.26074404,0.97602475,0.3336063,0.86529291,0.1605162,0.4748714,0
1.4081678,0.44806397,-1.8052975,0.4964118,-0.14287078,-0.85624969,0
0.065385178,2.039947,0.31460989,0.86529291,0.1605162,0.4748714,0
-0.71060073,1.8874431,0.14335775,-0.069596797,0.97663844,-0.20330739,0
-1.1059117,0.72567111,1.4426562,-0.4964118,0.14287078,0.85624969,0
-0.1234315,1.8208075,-0.20155096,-0.069596797,0.97663844,-0.20330739,0
0.90369153,1.3273654,-1.2688334,0.86529291,0.1605162,0.4748714,0
-0.036804557,1.9587691,-1.213195,-0.069596797,0.97663844,-0.20330739,0
-0.095177293,1.9790245,-0.68624604,-0.069596797,0.97663844,-0.20330739,0
-0.24532652,1.3824742,-0.97825933,-0.86529291,-0.1605162,-0.4748714,0
-1.2642496,-0.3861658,1.7195619,-0.4964118,0.14287078,0.85624969,0
-1.3499734,-0.29291081,1.6165645,-0.4964118,0.14287078,0.85624969,0
-1.2202984,1.5880909,1.4032701,-0.4964118,0.14287078,0.85624969,0
0.51099539,-0.20798394,-1.8183198,-0.86529291,-0.1605162,-0.4748714,0
0.95979524,-1.9316385,0.015068531,0.069596797,-0.97663844,0.20330739,0
0.99394631,0.7634058,-1.7407596,0.4964118,-0.14287078,-0.85624969,0
0.61140025,-0.87789053,-1.8306535,-0.86529291,-0.1605162,-0.4748714,0
-0.22221661,-1.5464487,1.72998,0.069596797,-0.97663844,0.20330739,0
-0.33558053,2.3060961,1.1981702,-0.069596797,0.97663844,-0.20330739,0
-0.20581278,2.0888364,0.34483874,-0.069596797,0.97663844,-0.20330739,0
0.0010604858,-0.9861027,1.4678683,0.86529291,0.1605162,0.4748714,0
0.24961352,-2.060168,0.68179369,0.069596797,-0.97663844,0.20330739,0
-0.24324012,-1.7314947,2.0229306,0.069596797,-0.97663844,0.20330739,0
-0.7237522,-1.4610546,0.38001359,-0.86529291,-0.1605162,-0.4748714,0
0.76302624,1.6579688,-1.5351212,-0.069596797,0.97663844,-0.20330739,0
-0.10276341,-1.7064416,1.515534,0.069596797,-0.97663844,0.20330739,0
-0.48180676,-1.0595132,2.3219466,-0.4964118,0.14287078,0.85624969,0
0.18493104,-1.7166529,1.137477,0.069596797,-0.97663844,0.20330739,0
-1.0282856,2.068733,0.72171748,-0.069596797,0.97663844,-0.20330739,0
-0.17471981,1.9754213,-0.42404079,-0.069596797,0.97663844,-0.20330739,0
-1.1772282,2.2121477,1.1556456,-0.069596797,0.97663844,-0.20330739,0
-0.72707278,1.9804207,0.39016342,-0.069596797,0.97663844,-0.20330739,0
0.17047477,1.2681714,-1.4453722,-0.86529291,-0.1605162,-0.4748714,0
0.059023142,-1.1378738,1.7335635,0.86529291,0.1605162,0.4748714,0
-1.2699115,-1.2649314,2.024374,-0.4964118,0.14287078,0.85624969,0
-0.19561109,1.9976614,0.28958762,-0.069596797,0.97663844,-0.20330739,0
-0.60197163,-1.3600438,2.3342714,-0.4964118,0.14287078,0.85624969,0
1.0338669,0.98571134,-1.7007048,0.4964118,-0.14287078,-0.85624969,0
-1.3389152,0.34604394,0.87577486,-0.86529291,-0.1605162,-0.4748714,0
0.20096257,1.0131328,0.3426137,0.86529291,0.1605162,0.4748714,0
1.1792133,1.7688555,-1.9689136,-0.069596797,0.97663844,-0.20330739,0
-0.081541777,-0.88965762,-1.0099626,-0.86529291,-0.1605162,-0.4748714,0
-1.1717126,-1.5344441,2.0774391,-0.4964118,0.14287078,0.85624969,0
0.8674196,-2.4237189,-1.609112,0.4964118,-0.14287078,-0.85624969,0
0.80113417,0.12253869,-0.69616497,0.86529291,0.1605162,0.4748714,0
-0.67699814,-1.2121375,1.0017421,-0.86529291,-0.1605162,-0.4748714,0
0.81306314,-0.9639703,0.30592191,0.86529291,0.1605162,0.4748714,0
1.5356901,-0.96534443,-1.080179,0.86529291,0.1605162,0.4748714,0
0.5397507,-0.15042496,0.17879018,0.86529291,0.1605162,0.4748714,0
0.1690762,1.6453876,-1.5990849,-0.069596797,0.97663844,-0.20330739,0
1.2188518,-1.9251447,-0.61597764,0.86529291,0.1605162,0.4748714,0
0.36839271,1.8155701,-1.2718076,-0.069596797,0.97663844,-0.20330739,0
-1.106298,0.30705965,0.65139067,-0.86529291,-0.1605162,-0.4748714,0
