-0.14653304,2.1414557,-0.74943519,-0.69317734,0.016969085,-0.72056729,0
0.90301967,-0.30873501,-1.8135524,-0.69317734,0.016969085,-0.72056729,0
0.60223019,3.027277,0.11884594,0.69317734,-0.016969085,0.72056729,0
-0.10195076,2.5949733,-0.74286175,-0.69317734,0.016969085,-0.72056729,0
0.42247772,4.4834776,0.37636709,0.0063785911,0.99982804,0.017409563,0
-1.2653023,3.5290244,1.4265525,-0.72073889,-0.0074717104,0.69316638,0
-1.3788861,4.603744,0.99122858,0.0063785911,0.99982804,0.017409563,0
-0.74845427,-2.7768922,0.11550093,-0.69317734,0.016969085,-0.72056729,0
0.61917925,-3.3843219,-1.6392727,-0.69317734,0.016969085,-0.72056729,0
-0.92340535,0.49125576,0.031597137,-0.69317734,0.016969085,-0.72056729,0
0.97978765,-2.1834502,-0.26766539,0.69317734,-0.016969085,0.72056729,0
-1.6266471,-4.5856628,0.76143169,-0.0063785911,-0.99982804,-0.017409563,0
1.4756522,3.8945928,-1.380471,0.72073889,0.0074717104,-0.69316638,0
1.0603938,4.3928857,-0.32822895,0.0063785911,0.99982804,0.017409563,0
-0.26603389,3.8310308,-0.51987314,-0.69317734,0.016969085,-0.72056729,0
1.491268,4.3442149,-1.5587351,0.72073889,0.0074717104,-0.69316638,0
1.6787014,-1.2859633,-0.94981599,0.72073889,0.0074717104,-0.69316638,0
-0.40328574,4.3549161,0.20149612,0.0063785911,0.99982804,0.017409563,0
-1.2375534,-0.93182075,1.5929042,-0.72073889,-0.0074717104,0.69316638,0
1.122136,3.5855551,-1.5905254,0.72073889,0.0074717104,-0.69316638,0
0.056810021,-4.3704967,-0.017663956,-0.0063785911,-0.99982804,-0.017409563,0
-0.28169692,-4.5784502,-0.26465988,-0.0063785911,-0.99982804,-0.017409563,0
-0.39743686,4.6849375,-0.18341064,0.0063785911,0.99982804,0.017409563,0
-0.96374202,4.5374098,1.5867083,0.0063785911,0.99982804,0.017409563,0
0.64932019,-0.19781399,-1.49389,-0.69317734,0.016969085,-0.72056729,0
1.2913594,1.7986016,-0.53817952,0.69317734,-0.016969085,0.72056729,0
1.4217954,2.5633142,-1.106185,0.72073889,0.0074717104,-0.69316638,0
1.3160372,2.199034,-1.6703609,0.72073889,0.0074717104,-0.69316638,0
-0.21465468,-1.7804006,0.82257426,0.69317734,-0.016969085,0.72056729,0
-1.5621011,3.2877142,1.2445841,-0.72073889,-0.0074717104,0.69316638,0
1.8184867,3.1867762,-0.88608503,0.69317734,-0.016969085,0.72056729,0
0.029424667,4.4157004,-0.25395727,0.0063785911,0.99982804,0.017409563,0
-1.6448855,-2.6738906,1.0393403,-0.72073889,-0.0074717104,0.69316638,0
0.9183569,-2.9322066,-1.5353401,-0.69317734,0.016969085,-0.72056729,0
-1.2956717,1.1780818,1.5883522,-0.72073889,-0.0074717104,0.69316638,0
-1.1497829,2.2289107,1.4766849,-0.72073889,-0.0074717104,0.69316638,0
1.7582332,0.67947984,-1.1823118,0.72073889,0.0074717104,-0.69316638,0
1.5281647,1.5892758,-0.67961985,0.69317734,-0.016969085,0.72056729,0
1.8745888,0.90271544,-1.0015886,0.72073889,0.0074717104,-0.69316638,0
-1.2714127,-3.4738235,0.52014589,-0.69317734,0.016969085,-0.72056729,0
-1.4564662,4.3153248,1.2577851,-0.72073889,-0.0074717104,0.69316638,0
1.5655171,1.5658023,-1.024823,0.72073889,0.0074717104,-0.69316638,0
0.9670856,-1.9252549,-1.8164363,-0.69317734,0.016969085,-0.72056729,0
-1.5235128,4.6342783,1.2908216,0.0063785911,0.99982804,0.017409563,0
-1.3405676,1.3212025,1.5963775,-0.72073889,-0.0074717104,0.69316638,0
-0.4500618,4.4323502,0.15772247,0.0063785911,0.99982804,0.017409563,0
1.1020341,4.7011981,-0.72082663,0.0063785911,0.99982804,0.017409563,0
-0.59508657,4.5743523,1.4203427,0.69317734,-0.016969085,0.72056729,0
1.5366393,1.9662058,-1.2586426,0.72073889,0.0074717104,-0.69316638,0
-1.4372307,0.20769218,1.1325388,-0.72073889,-0.0074717104,0.69316638,0
-1.1304955,-2.0718346,0.53948486,-0.69317734,0.016969085,-0.72056729,0
-1.2232267,-2.0705562,1.6355878,-0.72073889,-0.0074717104,0.69316638,0
1.4138219,-2.6459422,-1.4073867,0.72073889,0.0074717104,-0.69316638,0
0.93061936,4.4209599,-0.43457317,0.0063785911,0.99982804,0.017409563,0
-1.2217206,-4.3267589,1.6588562,-0.72073889,-0.0074717104,0.69316638,0
-1.2427306,-2.871037,1.629957,-0.72073889,-0.0074717104,0.69316638,0
-1.0817845,-1.033622,1.4731079,-0.72073889,-0.0074717104,0.69316638,0
1.0001115,0.25555623,-0.43115884,0.69317734,-0.016969085,0.72056729,0
1.8417025,-1.1443062,-1.1159413,0.72073889,0.0074717104,-0.69316638,0
-1.4949979,-1.0825582,1.3717402,-0.72073889,-0.0074717104,0.69316638,0
-1.3245513,4.042069,1.3747649,-0.72073889,-0.0074717104,0.69316638,0
-1.7714119,-3.7324529,1.2567596,-0.72073889,-0.0074717104,0.69316638,0
-1.1250722,4.5397339,1.7999871,-0.72073889,-0.0074717104,0.69316638,0
-0.88917053,4.3536148,0.094186783,0.0063785911,0.99982804,0.017409563,0
-0.070546269,-4.5259185,0.22288656,-0.0063785911,-0.99982804,-0.017409563,0
0.96289802,-4.4021854,-1.3091557,-0.0063785911,-0.99982804,-0.017409563,0
-1.41939,-1.2124223,0.47132832,-0.69317734,0.016969085,-0.72056729,0
-0.7952593,-4.4441729,1.2545285,-0.0063785911,-0.99982804,-0.017409563,0
1.431615,-4.5381207,-1.1098824,-0.0063785911,-0.99982804,-0.017409563,0
-1.3336761,3.6837742,1.3937187,-0.72073889,-0.0074717104,0.69316638,0
1.435652,-2.5601933,-0.63016891,0.69317734,-0.016969085,0.72056729,0
1.4520807,-0.81825,-1.3552878,0.72073889,0.0074717104,-0.69316638,0
0.086680651,4.46489,0.63822341,0.0063785911,0.99982804,0.017409563,0
0.49561274,-4.4653864,-0.78853512,-0.0063785911,-0.99982804,-0.017409563,0
-0.87698674,4.6226501,0.17315817,0.0063785911,0.99982804,0.017409563,0
-0.66797906,-4.6078448,0.13511896,-0.0063785911,-0.99982804,-0.017409563,0
-1.351066,1.1397028,1.4330852,-0.72073889,-0.0074717104,0.69316638,0
1.5030924,2.7424288,-1.1897812,0.72073889,0.0074717104,-0.69316638,0
-0.50188804,4.4904141,0.50041246,0.0063785911,0.99982804,0.017409563,0
-0.32187998,4.3587589,0.63063765,0.0063785911,0.99982804,0.017409563,0
0.85524511,3.1424246,-1.4375365,-0.69317734,0.016969085,-0.72056729,0
-1.5769497,-2.5560417,1.2992378,-0.72073889,-0.0074717104,0.69316638,0
-1.3972664,0.51260495,1.5546746,-0.72073889,-0.0074717104,0.69316638,0
-1.4281654,-0.47966698,1.4452657,-0.72073889,-0.0074717104,0.69316638,0
1.4307189,4.503334,-1.2143366,0.0063785911,0.99982804,0.017409563,0
-1.2455504,-4.6966944,0.92666006,-0.0063785911,-0.99982804,-0.017409563,0
1.3676319,-0.050640404,-1.4888332,0.72073889,0.0074717104,-0.69316638,0
0.58691192,4.3260379,-1.1878061,0.0063785911,0.99982804,0.017409563,0
-1.1228549,-4.6379633,1.2208667,-0.0063785911,-0.99982804,-0.017409563,0
-0.1757679,-2.4403832,0.59247398,0.69317734,-0.016969085,0.72056729,0
0.57943141,4.6701469,-0.13760757,0.0063785911,0.99982804,0.017409563,0
-0.8786087,4.6703324,0.9151721,0.0063785911,0.99982804,0.017409563,0
-0.82539761,-4.6728735,0.9241581,-0.0063785911,-0.99982804,-0.017409563,0
-1.6166226,-4.1115303,1.4003212,-0.72073889,-0.0074717104,0.69316638,0
1.3203601,-3.0636544,-0.3941226,0.69317734,-0.016969085,0.72056729,0
0.064566612,-0.7677269,-0.60124946,-0.69317734,0.016969085,-0.72056729,0
-1.0883601,2.6323259,1.7516983,-0.72073889,-0.0074717104,0.69316638,0
1.2271938,3.7132425,-0.54300451,0.69317734,-0.016969085,0.72056729,0
0.035034165,0.22726563,-0.60257518,-0.69317734,0.016969085,-0.72056729,0
0.61513329,2.3817415,0.025195837,0.69317734,-0.016969085,0.72056729,0
-0.16385698,-3.3065286,-0.50820637,-0.69317734,0.016969085,-0.72056729,0
1.0592875,4.6384559,-0.80582428,0.0063785911,0.99982804,0.017409563,0
-1.8226342,4.5665493,1.1609731,-0.72073889,-0.0074717104,0.69316638,0
1.062955,-4.5294929,-0.84410715,-0.0063785911,-0.99982804,-0.017409563,0
0.67296064,4.5312653,-1.0518627,0.0063785911,0.99982804,0.017409563,0
0.73795128,-4.5816669,-1.2192335,-0.0063785911,-0.99982804,-0.017409563,0
1.2552446,-4.2936344,-1.2922122,-0.0063785911,-0.99982804,-0.017409563,0
0.23526287,4.177598,0.70257044,0.69317734,-0.016969085,0.72056729,0
1.1592528,2.2100713,-1.5619359,0.72073889,0.0074717104,-0.69316638,0
-1.4460496,3.3224008,1.6328835,-0.72073889,-0.0074717104,0.69316638,0
-0.91065121,4.6322403,0.40328074,0.0063785911,0.99982804,0.017409563,0
1.56319,3.1386952,-1.5068769,0.72073889,0.0074717104,-0.69316638,0
0.8017807,-4.5547404,-0.11708975,-0.0063785911,-0.99982804,-0.017409563,0
-1.4027404,-3.2399743,1.2264309,-0.72073889,-0.0074717104,0.69316638,0
-1.351486,-2.3758655,1.5960774,-0.72073889,-0.0074717104,0.69316638,0
-1.2554612,0.89730477,1.3062016,-0.72073889,-0.0074717104,0.69316638,0
-0.81103134,-3.2688062,-0.066078186,-0.69317734,0.016969085,-0.72056729,0
-0.68990147,3.7641132,0.0080990791,-0.69317734,0.016969085,-0.72056729,0
0.86072171,1.4509048,-1.3662992,-0.69317734,0.016969085,-0.72056729,0
0.37587953,-1.9666727,-1.3252325,-0.69317734,0.016969085,-0.72056729,0
1.3346273,-3.2910452,-0.49737525,0.69317734,-0.016969085,0.72056729,0
1.8183076,2.4613104,-1.1657716,0.72073889,0.0074717104,-0.69316638,0
-1.0608118,4.5289645,1.8409667,0.0063785911,0.99982804,0.017409563,0
-1.2615891,1.9889467,1.5362219,-0.72073889,-0.0074717104,0.69316638,0
1.146889,-3.4028368,-1.6712701,0.72073889,0.0074717104,-0.69316638,0
0.078214884,-4.5408931,0.44919729,-0.0063785911,-0.99982804,-0.017409563,0
1.7393777,-0.53585309,-0.84229124,0.69317734,-0.016969085,0.72056729,0
1.5129923,4.5116682,-1.0126891,0.0063785911,0.99982804,0.017409563,0
-0.66647315,1.085803,-0.26199162,-0.69317734,0.016969085,-0.72056729,0
1.0914059,-1.4912232,-0.58311164,0.69317734,-0.016969085,0.72056729,0
-1.2963147,4.5829816,1.2459741,0.0063785911,0.99982804,0.017409563,0
1.3595322,2.6430507,-1.5898832,0.72073889,0.0074717104,-0.69316638,0
0.68391132,4.6266384,0.29281092,0.0063785911,0.99982804,0.017409563,0
1.5463734,-1.3076215,-1.180783,0.72073889,0.0074717104,-0.69316638,0
0.30499059,0.24354398,-0.91146845,-0.69317734,0.016969085,-0.72056729,0
0.19819051,-1.5129638,0.2521472,0.69317734,-0.016969085,0.72056729,0
-1.1391969,-2.8121419,0.099747896,-0.69317734,0.016969085,-0.72056729,0
0.49952781,-4.5145931,-0.66255426,-0.0063785911,-0.99982804,-0.017409563,0
-1.5688975,4.3263073,1.1259582,0.0063785911,0.99982804,0.017409563,0
1.1856048,-1.1385607,-1.8861787,0.72073889,0.0074717104,-0.69316638,0
-1.5288535,-2.3967843,1.4567031,-0.72073889,-0.0074717104,0.69316638,0
-1.8744622,2.9637446,0.98667789,-0.72073889,-0.0074717104,0.69316638,0
-1.7891769,-3.9183078,1.2127426,-0.72073889,-0.0074717104,0.69316638,0
1.2756474,4.5911551,-1.6924307,0.0063785911,0.99982804,0.017409563,0
-1.3494691,1.1995606,0.90593624,-0.69317734,0.016969085,-0.72056729,0
-1.4025574,0.96598488,1.468447,-0.72073889,-0.0074717104,0.69316638,0
-1.5088199,-1.3319846,1.3092996,-0.72073889,-0.0074717104,0.69316638,0
1.2761673,-2.0280328,-1.6699377,0.72073889,0.0074717104,-0.69316638,0
-1.6180959,-1.2467544,1.0951087,-0.72073889,-0.0074717104,0.69316638,0
0.77371919,0.49159279,-0.24436478,0.69317734,-0.016969085,0.72056729,0
1.1492374,-4.5415421,-0.72784758,-0.0063785911,-0.99982804,-0.017409563,0
1.4126858,-3.8834364,-1.5793273,0.72073889,0.0074717104,-0.69316638,0
1.1335543,4.5639873,-0.34967327,0.0063785911,0.99982804,0.017409563,0
-1.37605,1.298213,0.81818604,-0.69317734,0.016969085,-0.72056729,0
0.90085566,-4.3370023,-0.5275383,-0.0063785911,-0.99982804,-0.017409563,0
1.2904056,-3.7001998,-1.6333122,0.72073889,0.0074717104,-0.69316638,0
0.24759531,-2.6458597,-1.015092,-0.69317734,0.016969085,-0.72056729,0
1.3567419,-4.3436093,-0.91563082,-0.0063785911,-0.99982804,-0.017409563,0
0.52506405,4.7013826,-0.92306042,0.0063785911,0.99982804,0.017409563,0
1.5696181,-2.9108224,-1.0808525,0.69317734,-0.016969085,0.72056729,0
0.56257725,3.1826768,-1.2270594,-0.69317734,0.016969085,-0.72056729,0
0.70700169,-0.43564063,0.1185568,0.69317734,-0.016969085,0.72056729,0
1.3254929,-3.7068288,-1.4063456,0.72073889,0.0074717104,-0.69316638,0
0.41757566,-1.4789162,0.519315,0.69317734,-0.016969085,0.72056729,0
-1.3016685,-2.623992,1.5246626,-0.72073889,-0.0074717104,0.69316638,0
-0.94934273,-1.7236104,-0.043420434,-0.69317734,0.016969085,-0.72056729,0
1.3390828,-1.4687769,-1.7444496,0.72073889,0.0074717104,-0.69316638,0
-1.3786628,-3.6324906,1.218735,-0.72073889,-0.0074717104,0.69316638,0
-1.6349742,-2.0255835,0.9316622,-0.69317734,0.016969085,-0.72056729,0
-0.3204757,-4.6722765,0.27369165,-0.0063785911,-0.99982804,-0.017409563,0
-0.43698335,2.265516,1.2879453,0.69317734,-0.016969085,0.72056729,0
1.2278243,0.83123666,-1.5187671,0.72073889,0.0074717104,-0.69316638,0
1.4133664,4.5768156,-0.90313864,0.0063785911,0.99982804,0.017409563,0
-1.3352343,1.2399981,1.4446549,-0.72073889,-0.0074717104,0.69316638,0
-1.5184653,-4.3883948,0.94218063,-0.0063785911,-0.99982804,-0.017409563,0
1.8346463,1.1122825,-1.2020956,0.72073889,0.0074717104,-0.69316638,0
1.3020298,3.1540046,-1.6033254,0.72073889,0.0074717104,-0.69316638,0
1.4532597,4.0650072,-1.375416,0.72073889,0.0074717104,-0.69316638,0
0.70902765,4.6845102,-0.96611786,0.0063785911,0.99982804,0.017409563,0
1.6964092,3.7429085,-1.2226086,0.72073889,0.0074717104,-0.69316638,0
-0.91203833,-4.4753723,1.2120199,0.69317734,-0.016969085,0.72056729,0
-0.24895525,4.6066713,0.84687233,0.0063785911,0.99982804,0.017409563,0
-1.0736734,0.20868659,1.6023037,-0.72073889,-0.0074717104,0.69316638,0
-1.3610307,2.3315358,1.31577,-0.72073889,-0.0074717104,0.69316638,0
-0.80778491,0.61287987,1.6347507,0.69317734,-0.016969085,0.72056729,0
0.065033793,4.4996471,-0.89535999,-0.69317734,0.016969085,-0.72056729,0
1.2809657,1.2551574,-1.3880008,0.72073889,0.0074717104,-0.69316638,0
1.1038084,-4.5864768,-1.3906465,-0.0063785911,-0.99982804,-0.017409563,0
-0.45069802,2.9968534,0.95609903,0.69317734,-0.016969085,0.72056729,0
1.7737937,-3.2230339,-0.84848046,0.69317734,-0.016969085,0.72056729,0
-1.5525861,4.5314808,1.1597066,0.0063785911,0.99982804,0.017409563,0
1.0375452,-4.3200731,-0.29785442,-0.0063785911,-0.99982804,-0.017409563,0
-0.8112663,-3.948195,-0.1305933,-0.69317734,0.016969085,-0.72056729,0
-1.4852188,-3.512965,1.295001,-0.72073889,-0.0074717104,0.69316638,0
-0.26348889,4.3666267,0.61937666,0.0063785911,0.99982804,0.017409563,0
-1.6371987,-3.2106423,1.3462818,-0.72073889,-0.0074717104,0.69316638,0
0.99100983,-1.1703455,-0.18027914,0.69317734,-0.016969085,0.72056729,0
-1.7016513,-3.5261936,0.93571043,-0.69317734,0.016969085,-0.72056729,0
1.7910432,4.3350568,-1.2216244,0.0063785911,0.99982804,0.017409563,0
1.3329231,1.6646276,-0.79707146,0.69317734,-0.016969085,0.72056729,0
-1.3695183,-3.7761662,1.4830153,-0.72073889,-0.0074717104,0.69316638,0
0.36329246,-4.4548736,-0.41998482,-0.0063785911,-0.99982804,-0.017409563,0
-0.07319355,-4.3189182,-0.40788174,-0.0063785911,-0.99982804,-0.017409563,0
-1.4353501,4.4588199,1.1534247,0.0063785911,0.99982804,0.017409563,0
1.0176725,-4.482945,-1.1204948,-0.0063785911,-0.99982804,-0.017409563,0
-1.5486363,1.2978538,1.0680394,-0.72073889,-0.0074717104,0.69316638,0
1.5853386,4.6924,-0.56572723,0.0063785911,0.99982804,0.017409563,0
-1.4925692,-0.74947822,1.378,-0.72073889,-0.0074717104,0.69316638,0
-1.4547424,-1.3401728,1.3369508,-0.72073889,-0.0074717104,0.69316638,0
-0.80153584,0.25157595,1.5915186,0.69317734,-0.016969085,0.72056729,0
0.37637639,-4.6052532,-0.77990532,-0.0063785911,-0.99982804,-0.017409563,0
-0.060423613,-4.5081997,-0.058526993,-0.0063785911,-0.99982804,-0.017409563,0
-1.7869196,-3.5096645,0.9076066,-0.69317734,0.016969085,-0.72056729,0
0.86974996,4.0926199,-1.4635279,-0.69317734,0.016969085,-0.72056729,0
-1.4708147,-3.3386865,1.2057366,-0.72073889,-0.0074717104,0.69316638,0
-1.4750564,1.7546052,0.79113698,-0.69317734,0.016969085,-0.72056729,0
-0.94462001,1.4844487,0.020876408,-0.69317734,0.016969085,-0.72056729,0
1.0608103,4.3728743,-1.1868961,0.0063785911,0.99982804,0.017409563,0
-1.6030929,-2.2770762,1.1434408,-0.72073889,-0.0074717104,0.69316638,0
1.5778648,-2.6119308,-0.80624914,0.69317734,-0.016969085,0.72056729,0
-0.62855673,4.4735684,0.035070419,0.0063785911,0.99982804,0.017409563,0
1.2807574,-3.8392515,-1.4976482,0.72073889,0.0074717104,-0.69316638,0
1.047334,-3.0731981,-0.29502034,0.69317734,-0.016969085,0.72056729,0
-0.99135774,2.1574755,0.47942281,-0.69317734,0.016969085,-0.72056729,0
-0.54851508,4.4593725,1.1723714,0.0063785911,0.99982804,0.017409563,0
-0.33476496,4.5077262,1.0333328,0.0063785911,0.99982804,0.017409563,0
-0.81620228,-1.9044628,0.15204322,-0.69317734,0.016969085,-0.72056729,0
1.5487487,2.1705201,-1.5371475,0.72073889,0.0074717104,-0.69316638,0
-1.5039943,3.2043293,1.4624932,-0.72073889,-0.0074717104,0.69316638,0
-0.53518975,3.4858234,1.0159993,0.69317734,-0.016969085,0.72056729,0
1.5320816,-2.4479096,-1.4673066,0.72073889,0.0074717104,-0.69316638,0
0.57731813,-0.035734773,0.22863577,0.69317734,-0.016969085,0.72056729,0
-1.1215718,-0.93647188,1.6348119,-0.72073889,-0.0074717104,0.69316638,0
1.1940391,4.3103323,-0.94015479,0.0063785911,0.99982804,0.017409563,0
0.39575505,2.2329478,0.46714926,0.69317734,-0.016969085,0.72056729,0
-0.72751236,-3.4377193,-0.23651171,-0.69317734,0.016969085,-0.72056729,0
1.3739332,-1.806514,-1.5878282,0.72073889,0.0074717104,-0.69316638,0
0.30503201,-4.6722245,-0.94979334,-0.0063785911,-0.99982804,-0.017409563,0
0.68568981,-2.806607,-1.4021733,-0.69317734,0.016969085,-0.72056729,0
-0.62800038,0.14225268,1.4749784,0.69317734,-0.016969085,0.72056729,0
-1.2873404,-4.6468558,1.0675344,-0.0063785911,-0.99982804,-0.017409563,0
-0.71383882,4.4645824,0.68451595,0.0063785911,0.99982804,0.017409563,0
-1.3128809,1.9006058,1.6892259,-0.72073889,-0.0074717104,0.69316638,0
-1.5395818,-4.3232861,1.3206956,-0.0063785911,-0.99982804,-0.017409563,0
1.6659168,3.0622094,-1.1547959,0.72073889,0.0074717104,-0.69316638,0
-0.2611264,-4.3348007,0.64563799,-0.0063785911,-0.99982804,-0.017409563,0
-1.1155117,-4.4038486,0.88439965,-0.0063785911,-0.99982804,-0.017409563,0
1.6016693,3.8963163,-1.0684347,0.72073889,0.0074717104,-0.69316638,0
-0.096946239,0.25572026,0.74070013,0.69317734,-0.016969085,0.72056729,0
-0.050419569,4.6582489,0.12460327,0.0063785911,0.99982804,0.017409563,0
0.61840379,-4.5273576,-0.97524953,-0.0063785911,-0.99982804,-0.017409563,0
0.086141258,-2.2139766,0.72677898,0.69317734,-0.016969085,0.72056729,0
1.4877563,0.0049183071,-1.1699929,0.72073889,0.0074717104,-0.69316638,0
-0.98388553,4.4068351,1.7398658,0.69317734,-0.016969085,0.72056729,0
1.595157,4.3395648,-0.88365841,0.0063785911,0.99982804,0.017409563,0
1.056814,-1.7666088,-1.6130985,0.72073889,0.0074717104,-0.69316638,0
-1.1938459,4.31074,0.56289101,0.0063785911,0.99982804,0.017409563,0
-0.53155267,4.3096933,0.99701381,0.0063785911,0.99982804,0.017409563,0
-1.7742622,-4.5046167,0.73432493,-0.0063785911,-0.99982804,-0.017409563,0
-1.3987947,0.32312328,0.78426367,-0.69317734,0.016969085,-0.72056729,0
-0.55312037,4.2161174,-0.0012402534,-0.69317734,0.016969085,-0.72056729,0
-0.10813498,4.3211961,0.86032152,0.0063785911,0.99982804,0.017409563,0
1.9195638,3.1739192,-1.0892212,0.72073889,0.0074717104,-0.69316638,0
0.8699162,-4.612793,-0.99391937,-0.0063785911,-0.99982804,-0.017409563,0
0.87511432,-3.8135102,-0.38630295,0.69317734,-0.016969085,0.72056729,0
0.41871896,3.6569929,-0.82146788,-0.69317734,0.016969085,-0.72056729,0
0.61313725,-4.6685467,-1.0465522,-0.0063785911,-0.99982804,-0.017409563,0
-0.96697944,-4.5151439,1.6667697,-0.0063785911,-0.99982804,-0.017409563,0
1.7223279,2.2258198,-1.0941635,0.72073889,0.0074717104,-0.69316638,0
1.1185324,-4.148911,-1.633055,0.72073889,0.0074717104,-0.69316638,0
0.7138927,-4.5979509,-0.27938795,-0.0063785911,-0.99982804,-0.017409563,0
0.61710536,-0.4463861,-1.5239987,-0.69317734,0.016969085,-0.72056729,0
-1.008895,-0.39534235,0.2972877,-0.69317734,0.016969085,-0.72056729,0
-0.2381835,-4.6868019,0.10862255,-0.0063785911,-0.99982804,-0.017409563,0
-1.5148647,-4.610918,1.1711898,-0.72073889,-0.0074717104,0.69316638,0
0.10683846,4.3494778,-0.055434227,0.0063785911,0.99982804,0.017409563,0
-1.2212681,-2.1731234,0.68862653,-0.69317734,0.016969085,-0.72056729,0
0.053400397,-4.5363765,-0.84552097,-0.0063785911,-0.99982804,-0.017409563,0
-0.1740756,4.6853042,-0.13145065,0.0063785911,0.99982804,0.017409563,0
-0.2462467,0.9064678,-0.61213624,-0.69317734,0.016969085,-0.72056729,0
-1.6701267,-0.11395031,1.0831866,-0.69317734,0.016969085,-0.72056729,0
1.3798437,2.8808315,-1.5708921,0.72073889,0.0074717104,-0.69316638,0
-1.2360753,-3.0489211,1.4789019,-0.72073889,-0.0074717104,0.69316638,0
0.03177911,-1.2923709,-0.729491,-0.69317734,0.016969085,-0.72056729,0
-0.54673958,4.6256008,-0.15657234,0.0063785911,0.99982804,0.017409563,0
0.97429919,-4.3035474,-1.5942569,-0.0063785911,-0.99982804,-0.017409563,0
-0.98642182,-4.6172409,0.91315985,-0.0063785911,-0.99982804,-0.017409563,0
-1.5594494,-2.0014753,1.2729467,-0.72073889,-0.0074717104,0.69316638,0
0.18443224,0.70824999,0.68911886,0.69317734,-0.016969085,0.72056729,0
-0.38495171,1.2240753,1.3383371,0.69317734,-0.016969085,0.72056729,0
0.63523841,-4.5880919,-0.34605408,-0.0063785911,-0.99982804,-0.017409563,0
-0.6425494,-4.6397138,1.0985951,-0.0063785911,-0.99982804,-0.017409563,0
1.1837704,1.6820934,-1.4433489,0.72073889,0.0074717104,-0.69316638,0
-0.43231386,-4.5914669,0.90933132,-0.0063785911,-0.99982804,-0.017409563,0
-0.35993683,-4.630795,0.53100061,-0.0063785911,-0.99982804,-0.017409563,0
-1.4080199,0.036332205,0.58160567,-0.69317734,0.016969085,-0.72056729,0
1.4946145,-0.72653329,-1.3125825,0.72073889,0.0074717104,-0.69316638,0
-1.0671588,1.153527,1.7419813,-0.72073889,-0.0074717104,0.69316638,0
-1.1034316,1.5850457,1.4846199,-0.72073889,-0.0074717104,0.69316638,0
-0.4899469,2.9790401,-0.37369537,-0.69317734,0.016969085,-0.72056729,0
-0.45686662,4.394917,0.24260187,0.0063785911,0.99982804,0.017409563,0
1.654565,0.59217352,-1.3664298,0.72073889,0.0074717104,-0.69316638,0
0.15461233,-0.76003021,0.28446281,0.69317734,-0.016969085,0.72056729,0
1.1465805,0.44124371,-1.8517462,0.72073889,0.0074717104,-0.69316638,0
-1.2165496,3.3362629,1.4720111,-0.72073889,-0.0074717104,0.69316638,0
-1.3770559,-0.94687736,1.4324648,-0.72073889,-0.0074717104,0.69316638,0
1.6650478,-0.55845535,-1.2775033,0.72073889,0.0074717104,-0.69316638,0
-1.5825769,2.2829311,1.518652,-0.72073889,-0.0074717104,0.69316638,0
0.32521296,0.58200514,0.30279589,0.69317734,-0.016969085,0.72056729,0
1.9683197,2.0555189,-1.023456,0.72073889,0.0074717104,-0.69316638,0
1.5745566,3.0001359,-0.79113102,0.69317734,-0.016969085,0.72056729,0
0.28219998,-4.6503434,-0.6741209,-0.0063785911,-0.99982804,-0.017409563,0
1.1598998,4.4653034,-0.72408772,0.0063785911,0.99982804,0.017409563,0
0.66044706,3.1218672,0.19888353,0.69317734,-0.016969085,0.72056729,0
-0.86268586,0.4480902,-0.020782888,-0.69317734,0.016969085,-0.72056729,0
-0.76896828,-4.5391674,0.43561363,-0.0063785911,-0.99982804,-0.017409563,0
-1.5344167,1.7429789,1.4607447,-0.72073889,-0.0074717104,0.69316638,0
-0.96048701,-0.84970474,0.12046069,-0.69317734,0.016969085,-0.72056729,0
0.31763256,4.4234533,-0.7535367,0.0063785911,0.99982804,0.017409563,0
-1.253828,4.0262656,1.7021556,-0.72073889,-0.0074717104,0.69316638,0
1.6537091,-0.51808465,-1.3358824,0.72073889,0.0074717104,-0.69316638,0
0.63443983,4.5134912,-0.91049242,0.0063785911,0.99982804,0.017409563,0
-0.60659623,4.6330214,1.2547832,0.0063785911,0.99982804,0.017409563,0
-0.97908974,4.5479903,1.4940186,0.0063785911,0.99982804,0.017409563,0
-1.4641731,3.0508285,1.4586794,-0.72073889,-0.0074717104,0.69316638,0
1.194283,3.2349024,-1.4399056,0.72073889,0.0074717104,-0.69316638,0
0.21838653,-4.5942984,-0.15495872,-0.0063785911,-0.99982804,-0.017409563,0
1.353283,-3.4046054,-1.2508016,0.72073889,0.0074717104,-0.69316638,0
-0.96739864,-4.4009056,1.2393174,-0.0063785911,-0.99982804,-0.017409563,0
1.420223,-4.4240222,-1.402003,-0.0063785911,-0.99982804,-0.017409563,0
-1.9434299,-2.1270285,1.0287473,-0.72073889,-0.0074717104,0.69316638,0
1.9692543,0.78859437,-1.0521698,0.72073889,0.0074717104,-0.69316638,0
0.99188638,2.7562294,-1.8216684,0.72073889,0.0074717104,-0.69316638,0
-1.6186333,-2.543566,0.94535172,-0.72073889,-0.0074717104,0.69316638,0
-1.4825146,0.41236359,1.2296007,-0.72073889,-0.0074717104,0.69316638,0
-1.5669003,-3.0386617,0.6062119,-0.69317734,0.016969085,-0.72056729,0
-0.78408492,3.5622885,0.028383493,-0.69317734,0.016969085,-0.72056729,0
1.4841201,-4.6508846,-1.1025362,-0.0063785911,-0.99982804,-0.017409563,0
1.4706415,3.5304108,-1.2414575,0.72073889,0.0074717104,-0.69316638,0
0.39378154,4.337604,0.12051105,0.0063785911,0.99982804,0.017409563,0
-1.5623505,-4.1857295,0.96797276,-0.72073889,-0.0074717104,0.69316638,0
1.5889249,-1.3934618,-1.0263809,0.72073889,0.0074717104,-0.69316638,0
0.25227857,4.5938225,0.24769449,0.0063785911,0.99982804,0.017409563,0
0.86450279,-2.8508451,-1.7135147,-0.69317734,0.016969085,-0.72056729,0
-1.0194613,-3.3505065,1.5113397,0.69317734,-0.016969085,0.72056729,0
-0.1145792,4.4485297,0.15167046,0.0063785911,0.99982804,0.017409563,0
-0.3876673,-4.3802776,0.10650063,-0.0063785911,-0.99982804,-0.017409563,0
-0.10558438,-4.3073368,0.11542797,-0.0063785911,-0.99982804,-0.017409563,0
1.7633295,-3.7347031,-0.9331429,0.69317734,-0.016969085,0.72056729,0
1.3620036,4.4514976,-1.2198751,0.0063785911,0.99982804,0.017409563,0
0.89263028,4.544754,-1.1887422,0.0063785911,0.99982804,0.017409563,0
1.745276,-2.6540837,-1.0985973,0.72073889,0.0074717104,-0.69316638,0
-0.70972395,-2.0229514,0.1561048,-0.69317734,0.016969085,-0.72056729,0
1.4244254,-4.2568073,-1.3471732,0.72073889,0.0074717104,-0.69316638,0
1.1863896,-1.6671077,-1.8651903,0.72073889,0.0074717104,-0.69316638,0
1.7843405,-0.05122374,-1.0707842,0.72073889,0.0074717104,-0.69316638,0
0.013778806,4.3715849,-0.57936144,0.0063785911,0.99982804,0.017409563,0
0.632523,4.6806359,-1.1021285,0.0063785911,0.99982804,0.017409563,0
0.67796785,-2.1851377,0.19792986,0.69317734,-0.016969085,0.72056729,0
-0.053884387,2.2931325,0.65826821,0.69317734,-0.016969085,0.72056729,0
0.45196337,4.4291897,-0.79871559,0.0063785911,0.99982804,0.017409563,0
-1.5658822,1.958998,1.0647169,-0.72073889,-0.0074717104,0.69316638,0
-1.1731522,3.2660751,0.26381087,-0.69317734,0.016969085,-0.72056729,0
1.5748014,4.4117551,-0.79481578,0.0063785911,0.99982804,0.017409563,0
-0.3998096,3.2840626,1.1647325,0.69317734,-0.016969085,0.72056729,0
1.494107,3.444248,-1.3370628,0.72073889,0.0074717104,-0.69316638,0
-1.4947145,-2.2716084,1.2678065,-0.72073889,-0.0074717104,0.69316638,0
-1.5223565,4.647687,1.2187319,0.0063785911,0.99982804,0.017409563,0
1.0972589,4.3697109,-1.501631,-0.69317734,0.016969085,-0.72056729,0
0.48179591,-4.486671,0.21062088,0.69317734,-0.016969085,0.72056729,0
1.0905306,-3.7444451,-1.7965338,-0.69317734,0.016969085,-0.72056729,0
0.85100222,4.5055509,-1.2069855,0.0063785911,0.99982804,0.017409563,0
-1.524286,-0.87098134,1.1876268,-0.72073889,-0.0074717104,0.69316638,0
0.93161464,4.5795593,-0.9412322,0.0063785911,0.99982804,0.017409563,0
-1.1384301,4.4549232,1.5710886,0.0063785911,0.99982804,0.017409563,0
0.47624397,-4.3392534,-0.61889839,-0.0063785911,-0.99982804,-0.017409563,0
-0.21881521,4.5424218,0.72920227,0.0063785911,0.99982804,0.017409563,0
1.0843467,-1.7596902,-0.44356394,0.69317734,-0.016969085,0.72056729,0
-1.6712749,-3.8361063,1.3494928,-0.72073889,-0.0074717104,0.69316638,0
-0.29572248,-4.3656425,-0.19173479,-0.0063785911,-0.99982804,-0.017409563,0
-1.0219522,4.6448817,1.7844529,0.0063785911,0.99982804,0.017409563,0
1.4850439,1.0125635,-1.3351811,0.72073889,0.0074717104,-0.69316638,0
-1.1803362,2.5248656,1.6345265,-0.72073889,-0.0074717104,0.69316638,0
-0.72913682,-4.6245413,0.88625765,-0.0063785911,-0.99982804,-0.017409563,0
1.0607905,2.1326022,-0.0029188395,0.69317734,-0.016969085,0.72056729,0
-1.1660422,1.9381255,1.5807583,-0.72073889,-0.0074717104,0.69316638,0
1.5386907,-2.9137669,-1.1228824,0.72073889,0.0074717104,-0.69316638,0
-0.91548049,-4.4296098,0.26686239,-0.69317734,0.016969085,-0.72056729,0
-0.3411296,-3.0156155,-0.58797193,-0.69317734,0.016969085,-0.72056729,0
1.4639517,-2.7785823,-0.72241616,0.69317734,-0.016969085,0.72056729,0
1.4458598,-1.6368525,-1.6327542,0.72073889,0.0074717104,-0.69316638,0
1.7710799,-2.854212,-1.3561552,0.72073889,0.0074717104,-0.69316638,0
1.072019,0.58905005,-0.25190371,0.69317734,-0.016969085,0.72056729,0
-0.8906852,-4.3393631,1.1563888,-0.0063785911,-0.99982804,-0.017409563,0
-0.37057221,-4.1622334,-0.27098298,-0.69317734,0.016969085,-0.72056729,0
-0.75714946,4.2009516,0.028319359,-0.69317734,0.016969085,-0.72056729,0
-0.33365822,3.0023568,-0.32977057,-0.69317734,0.016969085,-0.72056729,0
0.30097508,-4.564312,-0.79137564,-0.0063785911,-0.99982804,-0.017409563,0
-1.2279227,-2.562186,1.4908425,-0.72073889,-0.0074717104,0.69316638,0
0.089466825,-1.3050948,0.8520956,0.69317734,-0.016969085,0.72056729,0
-1.5614855,-3.016335,1.3522844,-0.72073889,-0.0074717104,0.69316638,0
-1.3223552,-0.94086289,1.3920679,-0.72073889,-0.0074717104,0.69316638,0
-1.6113511,-2.3245907,1.4504043,-0.72073889,-0.0074717104,0.69316638,0
-1.0631037,0.63471282,1.7725128,-0.72073889,-0.0074717104,0.69316638,0
-0.93902707,2.3151643,0.00082039833,-0.69317734,0.016969085,-0.72056729,0
-0.27796924,-1.530143,0.95487607,0.69317734,-0.016969085,0.72056729,0
-1.7112302,-2.7445397,1.1164267,-0.72073889,-0.0074717104,0.69316638,0
1.5831889,-3.6202688,-1.1357143,0.72073889,0.0074717104,-0.69316638,0
-1.604964,3.9468136,1.3726785,-0.72073889,-0.0074717104,0.69316638,0
0.24310076,4.3918228,-1.0485959,-0.69317734,0.016969085,-0.72056729,0
1.033668,4.3616352,-1.107249,0.0063785911,0.99982804,0.017409563,0
-0.041238844,-4.0856867,0.79602766,0.69317734,-0.016969085,0.72056729,0
-0.63100541,-4.3836536,0.42592335,-0.0063785911,-0.99982804,-0.017409563,0
0.12974226,4.4039536,0.38729429,0.0063785911,0.99982804,0.017409563,0
1.2704378,4.4913397,-1.2199082,0.0063785911,0.99982804,0.017409563,0
-1.5815345,0.21391943,1.0197878,-0.72073889,-0.0074717104,0.69316638,0
-0.64425278,1.4329318,1.3729508,0.69317734,-0.016969085,0.72056729,0
-1.3740035,0.43639588,1.269326,-0.72073889,-0.0074717104,0.69316638,0
1.6172177,0.99086308,-1.3258817,0.72073889,0.0074717104,-0.69316638,0
1.0546851,4.5174847,-1.5143454,0.0063785911,0.99982804,0.017409563,0
1.9930785,-1.0593586,-1.068597,0.72073889,0.0074717104,-0.69316638,0
-1.442763,1.8068894,1.5331701,-0.72073889,-0.0074717104,0.69316638,0
0.5498718,-4.3028154,-1.1262302,-0.0063785911,-0.99982804,-0.017409563,0
0.38954747,4.6331677,-0.05469799,0.0063785911,0.99982804,0.017409563,0
0.59518147,-4.4870849,-1.1363363,-0.0063785911,-0.99982804,-0.017409563,0
-1.7386509,0.16164142,1.0175465,-0.72073889,-0.0074717104,0.69316638,0
-1.9181328,-4.3712258,0.94068456,-0.69317734,0.016969085,-0.72056729,0
0.54738563,4.444212,-0.95208025,0.0063785911,0.99982804,0.017409563,0
-0.55625296,1.8410139,-0.052711725,-0.69317734,0.016969085,-0.72056729,0
1.1813695,0.74961853,-1.8404731,-0.69317734,0.016969085,-0.72056729,0
1.4076383,1.5691426,-1.6845536,0.72073889,0.0074717104,-0.69316638,0
0.89182705,4.3971591,-0.61519909,0.0063785911,0.99982804,0.017409563,0
0.38990292,0.2308687,-0.95661139,-0.69317734,0.016969085,-0.72056729,0
1.0403974,0.58692986,-0.31431574,0.69317734,-0.016969085,0.72056729,0
-0.67235833,-4.4940782,-0.15997124,-0.0063785911,-0.99982804,-0.017409563,0
1.3237268,-4.680438,-0.60515451,-0.0063785911,-0.99982804,-0.017409563,0
-0.85860628,-4.5472503,1.0705376,-0.0063785911,-0.99982804,-0.017409563,0
-1.1217897,1.6594144,0.67495096,-0.69317734,0.016969085,-0.72056729,0
-0.65520638,-1.7172904,-0.31860709,-0.69317734,0.016969085,-0.72056729,0
1.2376976,-0.47519177,-1.3624445,0.72073889,0.0074717104,-0.69316638,0
1.2307595,-2.3031738,-1.6346855,0.72073889,0.0074717104,-0.69316638,0
-0.80081642,-4.4315414,0.98882723,-0.0063785911,-0.99982804,-0.017409563,0
-0.56283516,-4.4821925,0.57083464,-0.0063785911,-0.99982804,-0.017409563,0
-0.96599388,-3.0969994,0.025023699,-0.69317734,0.016969085,-0.72056729,0
-0.31442058,0.68515301,0.93812662,0.69317734,-0.016969085,0.72056729,0
-1.2705889,-3.6129639,1.7365777,-0.72073889,-0.0074717104,0.69316638,0
-1.2595708,-1.1275491,1.5583509,-0.72073889,-0.0074717104,0.69316638,0
1.5447824,1.8134196,-1.1393812,0.72073889,0.0074717104,-0.69316638,0
-1.2249529,-4.5664773,1.1040606,-0.0063785911,-0.99982804,-0.017409563,0
0.54512203,-3.6686304,-1.4263422,-0.69317734,0.016969085,-0.72056729,0
1.6484754,2.3208153,-1.1446247,0.72073889,0.0074717104,-0.69316638,0
0.042638898,4.4067936,-0.044286251,0.0063785911,0.99982804,0.017409563,0
1.0369911,-4.5510731,-1.0961661,-0.0063785911,-0.99982804,-0.017409563,0
1.1375498,4.4729662,-0.71606398,0.0063785911,0.99982804,0.017409563,0
1.0184087,1.0318027,-1.4743572,-0.69317734,0.016969085,-0.72056729,0
1.4592123,1.7690616,-1.263263,0.72073889,0.0074717104,-0.69316638,0
0.91876876,-4.560184,-0.91025496,-0.0063785911,-0.99982804,-0.017409563,0
1.0253695,-0.16715167,-0.2563507,0.69317734,-0.016969085,0.72056729,0
-0.024920702,4.3296819,0.26275444,0.0063785911,0.99982804,0.017409563,0
-1.389634,-2.9927855,1.469703,-0.72073889,-0.0074717104,0.69316638,0
0.095082879,4.3247533,-0.36531258,0.0063785911,0.99982804,0.017409563,0
-1.1764725,-2.1294191,1.8506588,-0.72073889,-0.0074717104,0.69316638,0
-1.2530897,4.5240631,1.5266607,0.0063785911,0.99982804,0.017409563,0
-1.3606573,-3.3008785,1.4561069,-0.72073889,-0.0074717104,0.69316638,0
-0.49492502,2.0968628,1.2833536,0.69317734,-0.016969085,0.72056729,0
-1.3267971,1.5154855,1.2957026,-0.72073889,-0.0074717104,0.69316638,0
0.069177389,4.3294249,-0.1647892,0.0063785911,0.99982804,0.017409563,0
-1.4071007,-4.0710931,1.3944244,-0.72073889,-0.0074717104,0.69316638,0
1.592327,-2.7529931,-1.3907831,0.72073889,0.0074717104,-0.69316638,0
0.07120049,2.0303857,-0.54419243,-0.69317734,0.016969085,-0.72056729,0
1.6017847,-0.41741931,-1.3174354,0.72073889,0.0074717104,-0.69316638,0
-1.4364302,3.200398,1.5763836,-0.72073889,-0.0074717104,0.69316638,0
0.55177808,2.1390302,-0.0022083521,0.69317734,-0.016969085,0.72056729,0
1.5071663,-4.3177891,-0.96759033,-0.0063785911,-0.99982804,-0.017409563,0
-1.2723892,-4.5053005,1.4108982,-0.0063785911,-0.99982804,-0.017409563,0
1.7377255,3.349031,-0.84171247,0.69317734,-0.016969085,0.72056729,0
-0.089178085,4.2040863,-0.34485722,-0.69317734,0.016969085,-0.72056729,0
0.90113306,-1.74445,-1.8156759,-0.69317734,0.016969085,-0.72056729,0
-0.39179742,4.4975729,0.76942635,0.0063785911,0.99982804,0.017409563,0
-0.0042933226,-0.019753993,0.81327379,0.69317734,-0.016969085,0.72056729,0
0.94818354,-4.5526333,-1.5293121,-0.0063785911,-0.99982804,-0.017409563,0
1.152932,4.7047858,-1.4092836,0.0063785911,0.99982804,0.017409563,0
-0.03573966,-4.3316875,-0.91822386,-0.0063785911,-0.99982804,-0.017409563,0
0.61703926,0.57434958,-1.3962715,-0.69317734,0.016969085,-0.72056729,0
1.8766968,3.0251698,-1.0638146,0.72073889,0.0074717104,-0.69316638,0
-1.2605954,-2.2910404,1.2636769,-0.72073889,-0.0074717104,0.69316638,0
0.8664546,-4.5937185,-1.2473676,-0.0063785911,-0.99982804,-0.017409563,0
0.6454708,0.44757462,-1.5508593,-0.69317734,0.016969085,-0.72056729,0
-0.80914849,0.035704017,1.6673174,0.69317734,-0.016969085,0.72056729,0
-1.3794413,-0.51756525,0.8407951,-0.69317734,0.016969085,-0.72056729,0
1.6259987,3.1622167,-0.88187861,0.72073889,0.0074717104,-0.69316638,0
-1.3932641,1.1884944,1.2953687,-0.72073889,-0.0074717104,0.69316638,0
-0.70040876,-0.10287631,-0.1343601,-0.69317734,0.016969085,-0.72056729,0
-0.33049035,-4.5013199,0.59449005,-0.0063785911,-0.99982804,-0.017409563,0
-0.78058136,-0.87457669,1.4338634,0.69317734,-0.016969085,0.72056729,0
0.60607493,-4.3369727,-0.79207611,-0.0063785911,-0.99982804,-0.017409563,0
-0.81724501,-4.3158894,1.0885711,-0.0063785911,-0.99982804,-0.017409563,0
-0.13109231,4.4410276,0.023614407,0.0063785911,0.99982804,0.017409563,0
-1.4596882,4.1929197,0.67712307,-0.69317734,0.016969085,-0.72056729,0
-0.63299799,4.4750028,1.4486108,0.0063785911,0.99982804,0.017409563,0
0.021080256,4.6697092,-0.10907412,0.0063785911,0.99982804,0.017409563,0
-0.59271234,-4.4019394,0.07938242,-0.0063785911,-0.99982804,-0.017409563,0
-1.3704288,-4.424026,1.4252746,-0.0063785911,-0.99982804,-0.017409563,0
-1.0189567,0.74941152,1.5461713,-0.72073889,-0.0074717104,0.69316638,0
-1.506948,-2.8192606,1.0736177,-0.72073889,-0.0074717104,0.69316638,0
-1.2282763,-4.2076187,1.463984,-0.72073889,-0.0074717104,0.69316638,0
1.0380044,-3.9869096,-1.5838203,0.72073889,0.0074717104,-0.69316638,0
1.1382037,1.7764289,-1.4345858,0.72073889,0.0074717104,-0.69316638,0
0.085670948,-4.6209364,-0.22730064,-0.0063785911,-0.99982804,-0.017409563,0
-0.7423141,4.4300165,0.021104336,0.0063785911,0.99982804,0.017409563,0
0.31567216,4.6320362,-0.55559826,0.0063785911,0.99982804,0.017409563,0
-1.4848188,-4.5792165,1.0319943,-0.0063785911,-0.99982804,-0.017409563,0
-1.4455161,-3.4366164,1.1872461,-0.72073889,-0.0074717104,0.69316638,0
-1.1507709,-4.017663,1.5025167,-0.72073889,-0.0074717104,0.69316638,0
1.6656587,-3.1191385,-1.1400082,0.69317734,-0.016969085,0.72056729,0
-1.2087842,-2.4335389,1.5603651,-0.72073889,-0.0074717104,0.69316638,0
0.25685811,-4.4136147,-0.59225035,-0.0063785911,-0.99982804,-0.017409563,0
-0.22192277,-1.8804208,0.63724911,0.69317734,-0.016969085,0.72056729,0
-1.7108384,4.1499763,1.3605392,-0.72073889,-0.0074717104,0.69316638,0
0.47012472,-4.6148334,-0.57628727,-0.0063785911,-0.99982804,-0.017409563,0
-0.45621318,-1.2011703,-0.51190919,-0.69317734,0.016969085,-0.72056729,0
0.58228326,-2.4257004,-1.5552052,-0.69317734,0.016969085,-0.72056729,0
1.027115,-3.7142091,-1.6521962,-0.69317734,0.016969085,-0.72056729,0
1.5138843,0.86008942,-0.99767822,0.69317734,-0.016969085,0.72056729,0
-0.032950401,-4.4722486,-0.69809079,-0.0063785911,-0.99982804,-0.017409563,0
0.88001835,4.6750336,-0.30112839,0.0063785911,0.99982804,0.017409563,0
-1.4791319,-3.9420433,1.3298864,-0.72073889,-0.0074717104,0.69316638,0
-0.39357209,4.4279656,1.3222084,0.0063785911,0.99982804,0.017409563,0
1.7738316,-0.32288229,-1.0112662,0.72073889,0.0074717104,-0.69316638,0
-1.6030753,2.6110735,1.4339309,-0.72073889,-0.0074717104,0.69316638,0
1.3400658,4.3394728,-1.5088141,0.72073889,0.0074717104,-0.69316638,0
-1.3543377,-2.2231607,1.4017417,-0.72073889,-0.0074717104,0.69316638,0
1.2244377,2.3591552,-1.5776414,0.72073889,0.0074717104,-0.69316638,0
-1.4373416,3.4843845,1.3427885,-0.72073889,-0.0074717104,0.69316638,0
0.39910957,1.7827189,-0.81485713,-0.69317734,0.016969085,-0.72056729,0
-0.24881959,2.332509,-0.59755492,-0.69317734,0.016969085,-0.72056729,0
-1.1750515,4.3428688,1.6208515,-0.72073889,-0.0074717104,0.69316638,0
1.8087499,0.081427142,-1.0690333,0.69317734,-0.016969085,0.72056729,0
1.3532659,3.8151641,-1.2708652,0.72073889,0.0074717104,-0.69316638,0
-0.036160231,4.5188446,0.40560246,0.0063785911,0.99982804,0.017409563,0
0.67877936,-4.3484354,-0.13511562,-0.0063785911,-0.99982804,-0.017409563,0
-0.14478838,-4.441402,0.37099504,-0.0063785911,-0.99982804,-0.017409563,0
0.8886385,1.6115986,-0.078148603,0.69317734,-0.016969085,0.72056729,0
0.29779202,1.4822617,-0.71682274,-0.69317734,0.016969085,-0.72056729,0
-0.97794706,-4.668375,1.4912381,-0.0063785911,-0.99982804,-0.017409563,0
1.3417869,-0.25881904,-1.2461432,0.72073889,0.0074717104,-0.69316638,0
0.98509932,-4.4262481,-1.184289,-0.0063785911,-0.99982804,-0.017409563,0
0.29677355,4.2294374,-1.0427914,-0.69317734,0.016969085,-0.72056729,0
1.594352,1.8558298,-1.4168638,0.72073889,0.0074717104,-0.69316638,0
0.88896823,-4.5717778,-1.2709632,-0.0063785911,-0.99982804,-0.017409563,0
0.52177984,4.4872169,-0.41912985,0.0063785911,0.99982804,0.017409563,0
0.85121799,-4.3492155,-1.2463517,-0.0063785911,-0.99982804,-0.017409563,0
-1.5657339,-3.2431872,1.2585897,-0.72073889,-0.0074717104,0.69316638,0
0.77530479,-4.4093447,-0.72788286,-0.0063785911,-0.99982804,-0.017409563,0
-1.4684223,-4.5924807,0.8259201,-0.0063785911,-0.99982804,-0.017409563,0
0.74973273,4.6771245,-0.78832483,0.0063785911,0.99982804,0.017409563,0
-0.98162603,-4.180059,0.05305934,-0.69317734,0.016969085,-0.72056729,0
0.73761117,4.4169202,-0.80437946,0.0063785911,0.99982804,0.017409563,0
-0.4280594,0.080499649,1.1448793,0.69317734,-0.016969085,0.72056729,0
-1.2750157,-4.5687656,0.95207596,-0.0063785911,-0.99982804,-0.017409563,0
-0.091699481,4.3379431,0.014535427,0.0063785911,0.99982804,0.017409563,0
1.0401249,2.9992213,-1.3956037,-0.69317734,0.016969085,-0.72056729,0
-1.7862964,2.5356321,0.81110454,-0.69317734,0.016969085,-0.72056729,0
