-4.7011051,0.37252644,0.46423817,-0.96331626,-0.2294195,-0.13924313,0
4.2790604,1.1029842,0.61432433,0.96331626,0.2294195,0.13924313,0
0.42900491,-1.3822558,-1.9485252,0.24905407,-0.57095969,-0.7822898,0
4.3925028,-0.66236651,-1.3873043,0.24905407,-0.57095969,-0.7822898,0
3.4211526,-0.89673245,-0.87238479,0.099970311,-0.78827155,0.60715246,0
-4.2980509,-0.59759814,-1.1763184,-0.099970311,0.78827155,-0.60715246,0
3.8465281,-0.41351104,-1.4370487,0.24905407,-0.57095969,-0.7822898,0
-4.6587229,0.88229233,1.2189331,-0.099970311,0.78827155,-0.60715246,0
-4.8350267,0.12804532,1.6365891,-0.24905407,0.57095969,0.7822898,0
-4.5325418,-0.12482983,0.20500994,-0.96331626,-0.2294195,-0.13924313,0
-1.6295428,-1.1757777,-1.8053861,-0.099970311,0.78827155,-0.60715246,0
2.3741148,2.2672834,2.4959252,-0.24905407,0.57095969,0.7822898,0
4.6603327,-0.76243711,-1.1882706,0.24905407,-0.57095969,-0.7822898,0
1.4180719,0.16900992,-0.51266742,-0.099970311,0.78827155,-0.60715246,0
-4.5507255,-0.87489098,-0.34782124,-0.96331626,-0.2294195,-0.13924313,0
4.0311413,1.6244818,1.0093431,0.96331626,0.2294195,0.13924313,0
2.1567285,-0.43363976,-0.3031354,0.099970311,-0.78827155,0.60715246,0
4.7346148,-0.35867071,-1.4620814,0.24905407,-0.57095969,-0.7822898,0
-4.4212766,-0.65019095,0.57732439,-0.96331626,-0.2294195,-0.13924313,0
0.86026573,-1.379092,-1.9773856,0.24905407,-0.57095969,-0.7822898,0
-2.7427585,-0.12298715,0.83262491,0.099970311,-0.78827155,0.60715246,0
2.3152978,1.9355104,1.1637731,-0.099970311,0.78827155,-0.60715246,0
-0.026834488,1.4333552,0.83623886,-0.099970311,0.78827155,-0.60715246,0
-1.5763099,-1.6601844,-0.75627553,0.099970311,-0.78827155,0.60715246,0
-4.5108871,-0.03912434,-0.21296597,-0.96331626,-0.2294195,-0.13924313,0
4.2492485,1.3160295,0.99329805,0.96331626,0.2294195,0.13924313,0
-1.2713597,-0.626436,0.14792216,0.099970311,-0.78827155,0.60715246,0
-0.82798308,-0.85887975,-0.23092872,0.099970311,-0.78827155,0.60715246,0
2.571579,1.6209892,2.4802966,0.099970311,-0.78827155,0.60715246,0
-4.7966676,-0.039260626,0.92896128,-0.96331626,-0.2294195,-0.13924313,0
-3.5127831,-1.472414,-0.75728726,0.099970311,-0.78827155,0.60715246,0
-4.223712,-1.0617301,-1.4608533,-0.96331626,-0.2294195,-0.13924313,0
3.6863899,-0.77758265,-1.4669819,0.24905407,-0.57095969,-0.7822898,0
-3.2106471,1.2848247,1.4338248,-0.24905407,0.57095969,0.7822898,0
0.51715589,0.45529753,-0.1427778,-0.099970311,0.78827155,-0.60715246,0
2.5609298,1.2390424,1.8982935,0.099970311,-0.78827155,0.60715246,0
-1.5896059,-0.29955876,-0.67398036,-0.099970311,0.78827155,-0.60715246,0
-3.9515653,-2.110851,-2.7472341,-0.96331626,-0.2294195,-0.13924313,0
-3.7671177,0.57758534,1.3772933,-0.24905407,0.57095969,0.7822898,0
-2.8745856,-2.2320294,-1.7273034,0.099970311,-0.78827155,0.60715246,0
2.1466115,-1.5119812,-1.3606716,0.24905407,-0.57095969,-0.7822898,0
-0.028346539,-1.836444,-1.6597769,0.099970311,-0.78827155,0.60715246,0
-0.54621089,-1.7308139,-1.1346461,0.099970311,-0.78827155,0.60715246,0
4.1591234,1.7281871,1.5893962,0.96331626,0.2294195,0.13924313,0
3.1339674,2.0868645,2.6671276,-0.24905407,0.57095969,0.7822898,0
4.2430186,1.8899955,1.2047057,0.96331626,0.2294195,0.13924313,0
4.7403526,-0.82675946,-1.1290493,0.24905407,-0.57095969,-0.7822898,0
-0.10257196,-0.67379236,-1.4344143,-0.099970311,0.78827155,-0.60715246,0
3.6219921,2.3635151,2.5557899,-0.24905407,0.57095969,0.7822898,0
-1.1926798,0.28614473,1.2694039,0.099970311,-0.78827155,0.60715246,0
-4.1717167,0.41864669,1.6148167,-0.24905407,0.57095969,0.7822898,0
-1.9717345,0.55464959,-0.070884824,-0.099970311,0.78827155,-0.60715246,0
-4.8841987,-0.11403823,0.47442245,-0.96331626,-0.2294195,-0.13924313,0
0.71853805,1.4896996,2.3720059,-0.24905407,0.57095969,0.7822898,0
3.5280683,0.37060839,0.7801795,0.099970311,-0.78827155,0.60715246,0
2.9418998,1.637073,2.5020962,0.099970311,-0.78827155,0.60715246,0
-2.1661286,-2.0340376,-1.3395507,0.099970311,-0.78827155,0.60715246,0
-3.1370859,-2.5897043,-2.5002737,0.24905407,-0.57095969,-0.7822898,0
3.6864638,1.4633002,0.1718154,-0.099970311,0.78827155,-0.60715246,0
1.6754439,0.73600984,-0.34864032,-0.099970311,0.78827155,-0.60715246,0
-1.5678387,-1.695383,-2.2048614,0.24905407,-0.57095969,-0.7822898,0
4.1680565,-0.19188994,-0.36294794,0.099970311,-0.78827155,0.60715246,0
-2.4371161,-1.7523816,-2.8954406,0.24905407,-0.57095969,-0.7822898,0
-0.25819397,1.624558,1.7099818,-0.24905407,0.57095969,0.7822898,0
-4.0697479,-1.5438523,-2.4492729,-0.099970311,0.78827155,-0.60715246,0
0.50496817,-1.0555884,-2.2437387,0.24905407,-0.57095969,-0.7822898,0
-4.6454372,-0.30017239,-0.054261208,-0.96331626,-0.2294195,-0.13924313,0
-0.88620484,0.020014018,-0.59021217,-0.099970311,0.78827155,-0.60715246,0
2.5352728,1.9412506,2.6607263,-0.24905407,0.57095969,0.7822898,0
-1.3710072,-1.5232064,-2.6576102,0.24905407,-0.57095969,-0.7822898,0
0.064553738,0.1132994,-0.38719499,-0.099970311,0.78827155,-0.60715246,0
-0.48223877,-1.6085359,-2.3052087,0.24905407,-0.57095969,-0.7822898,0
-4.0836315,-1.1077864,-1.0706241,-0.96331626,-0.2294195,-0.13924313,0
1.7128272,-1.1979105,-1.8132203,0.24905407,-0.57095969,-0.7822898,0
-4.2848978,-1.0727623,-0.49786806,-0.96331626,-0.2294195,-0.13924313,0
4.5168467,0.48187304,-1.1276746,0.96331626,0.2294195,0.13924313,0
-3.6978641,-1.9820162,-2.4052451,-0.96331626,-0.2294195,-0.13924313,0
3.8906546,2.3654904,2.4252954,0.96331626,0.2294195,0.13924313,0
4.4450016,0.90915143,0.61386061,0.96331626,0.2294195,0.13924313,0
-2.0034442,-1.9854916,-2.5006495,0.24905407,-0.57095969,-0.7822898,0
-4.1111445,-0.63102055,-1.270463,-0.099970311,0.78827155,-0.60715246,0
-3.3119714,0.71703529,1.5102479,-0.24905407,0.57095969,0.7822898,0
4.3342896,1.0116395,0.32137203,0.96331626,0.2294195,0.13924313,0
3.9118607,2.1338263,2.5804329,0.96331626,0.2294195,0.13924313,0
-1.6182991,-2.2596397,-1.9914923,0.099970311,-0.78827155,0.60715246,0
4.9049797,-0.001187861,-0.39448023,0.96331626,0.2294195,0.13924313,0
-1.7816859,-1.8403399,-1.3156419,0.099970311,-0.78827155,0.60715246,0
2.343715,-0.88384974,-1.6599658,0.24905407,-0.57095969,-0.7822898,0
3.1861501,-0.039068043,-0.01295352,0.099970311,-0.78827155,0.60715246,0
-2.7085221,-2.2286274,-2.6524906,0.24905407,-0.57095969,-0.7822898,0
4.2745814,1.4382963,1.0800951,0.96331626,0.2294195,0.13924313,0
2.8606834,2.0814891,1.5183221,-0.099970311,0.78827155,-0.60715246,0
3.1596169,2.635421,2.2986593,-0.24905407,0.57095969,0.7822898,0
-1.7808006,1.2270361,1.389954,-0.099970311,0.78827155,-0.60715246,0
-4.8276277,-0.63860953,1.0361857,-0.96331626,-0.2294195,-0.13924313,0
-4.0802898,-1.4430208,-0.54008508,-0.96331626,-0.2294195,-0.13924313,0
2.3495836,-0.79189885,-0.33370829,0.099970311,-0.78827155,0.60715246,0
-1.2203604,0.94087553,0.4589901,-0.099970311,0.78827155,-0.60715246,0
-2.3699098,-2.1379349,-2.2556973,0.24905407,-0.57095969,-0.7822898,0
4.3852139,1.5393374,0.16027737,-0.099970311,0.78827155,-0.60715246,0
-2.0276818,0.573358,1.9185627,-0.24905407,0.57095969,0.7822898,0
-0.33628547,0.36232686,1.6537731,0.099970311,-0.78827155,0.60715246,0
4.3451815,1.0605321,0.30753565,0.96331626,0.2294195,0.13924313,0
-2.5741048,-1.5269127,-1.0523915,0.099970311,-0.78827155,0.60715246,0
2.7404957,-0.64434874,-0.4839344,0.099970311,-0.78827155,0.60715246,0
3.3211441,-1.2140741,-1.3524036,0.24905407,-0.57095969,-0.7822898,0
-3.6840887,-0.22113919,1.2129023,0.099970311,-0.78827155,0.60715246,0
0.038827896,1.2260607,0.6032322,-0.099970311,0.78827155,-0.60715246,0
5.0866051,-0.69933581,-1.2024269,0.96331626,0.2294195,0.13924313,0
4.2605314,-0.098002911,-1.9224193,0.24905407,-0.57095969,-0.7822898,0
-2.1369588,-1.5874705,-2.5539515,0.24905407,-0.57095969,-0.7822898,0
3.859,1.5531015,2.4913549,0.099970311,-0.78827155,0.60715246,0
4.4779572,0.78016269,0.27747345,0.96331626,0.2294195,0.13924313,0
-4.8714666,0.22954369,1.0086036,-0.96331626,-0.2294195,-0.13924313,0
-0.542804,1.2994301,2.1350594,-0.24905407,0.57095969,0.7822898,0
-4.483696,-0.32205606,0.62082529,-0.96331626,-0.2294195,-0.13924313,0
3.0681863,1.3064119,1.7354707,0.099970311,-0.78827155,0.60715246,0
-2.7643454,-1.2011011,-0.33948398,0.099970311,-0.78827155,0.60715246,0
-4.0886011,0.27655411,1.6347117,-0.24905407,0.57095969,0.7822898,0
4.4776731,0.75189877,0.55517006,0.96331626,0.2294195,0.13924313,0
-4.0089087,-2.1197586,-2.2709212,-0.96331626,-0.2294195,-0.13924313,0
4.382658,1.0487144,1.557168,0.96331626,0.2294195,0.13924313,0
-1.1138456,1.432304,0.95530277,-0.099970311,0.78827155,-0.60715246,0
1.3306024,-1.467772,-1.5945404,0.24905407,-0.57095969,-0.7822898,0
2.1816156,2.4142356,2.2977979,-0.24905407,0.57095969,0.7822898,0
-4.4856811,-1.0739883,-0.082056999,-0.96331626,-0.2294195,-0.13924313,0
4.6584263,-0.48090315,-1.1499333,0.24905407,-0.57095969,-0.7822898,0
-4.1233878,-1.4069176,-0.37090492,-0.96331626,-0.2294195,-0.13924313,0
2.174552,1.2664745,0.31657481,-0.099970311,0.78827155,-0.60715246,0
4.7005606,0.74809813,-0.47177839,0.96331626,0.2294195,0.13924313,0
-0.35509205,-1.6646398,-1.9729335,0.24905407,-0.57095969,-0.7822898,0
-1.753309,-0.48768061,0.46550155,0.099970311,-0.78827155,0.60715246,0
-3.6268928,-2.3033576,-2.5736659,0.24905407,-0.57095969,-0.7822898,0
4.2024684,1.6545881,1.5271449,0.96331626,0.2294195,0.13924313,0
-4.244998,0.68890327,1.4447649,-0.24905407,0.57095969,0.7822898,0
2.627367,-0.61722094,-1.6920087,0.24905407,-0.57095969,-0.7822898,0
3.8282659,1.7472198,2.4287138,0.96331626,0.2294195,0.13924313,0
0.93526089,1.4214336,0.83191121,-0.099970311,0.78827155,-0.60715246,0
-4.9874277,0.9277584,1.146297,-0.24905407,0.57095969,0.7822898,0
4.0734749,-0.77342689,-1.1438794,0.24905407,-0.57095969,-0.7822898,0
-0.93454957,-2.1117358,-1.4490247,0.099970311,-0.78827155,0.60715246,0
-4.223794,-0.58691996,-1.0139635,-0.96331626,-0.2294195,-0.13924313,0
1.0892705,-0.045830905,0.83902764,0.099970311,-0.78827155,0.60715246,0
4.6381392,0.61693275,-0.83538294,0.96331626,0.2294195,0.13924313,0
-4.7575455,0.28978842,1.026123,-0.96331626,-0.2294195,-0.13924313,0
-4.5588427,-0.42065465,0.91702795,-0.96331626,-0.2294195,-0.13924313,0
-1.045302,-2.1054168,-2.0897,0.24905407,-0.57095969,-0.7822898,0
-4.1418662,0.29082894,1.8405056,-0.24905407,0.57095969,0.7822898,0
3.7434745,2.5004404,1.8644977,0.96331626,0.2294195,0.13924313,0
-2.3610625,-0.10824513,0.90353537,0.099970311,-0.78827155,0.60715246,0
3.0942404,2.8293772,2.1213875,-0.24905407,0.57095969,0.7822898,0
-4.0628171,-1.153766,-0.99022627,-0.96331626,-0.2294195,-0.13924313,0
3.5903502,-1.1936824,-1.3020413,0.24905407,-0.57095969,-0.7822898,0
4.1678867,1.474081,1.4054906,0.96331626,0.2294195,0.13924313,0
-0.70151472,-1.5250125,-2.5407467,0.24905407,-0.57095969,-0.7822898,0
1.6683884,-1.3848279,-1.8830575,0.24905407,-0.57095969,-0.7822898,0
4.2603006,1.7999399,0.86902308,0.96331626,0.2294195,0.13924313,0
1.5550784,1.984336,2.3682852,-0.24905407,0.57095969,0.7822898,0
3.8883221,2.6750174,2.2263277,0.96331626,0.2294195,0.13924313,0
-2.4748979,-1.2165787,-2.2247474,-0.099970311,0.78827155,-0.60715246,0
4.600595,-0.083983123,-0.18633366,0.96331626,0.2294195,0.13924313,0
1.8662982,2.2661424,2.0879457,-0.099970311,0.78827155,-0.60715246,0
-4.8549805,-0.13836312,0.686759,-0.96331626,-0.2294195,-0.13924313,0
3.8241549,2.3366308,2.0024228,0.96331626,0.2294195,0.13924313,0
-3.8937232,-1.7509341,-1.7481153,-0.96331626,-0.2294195,-0.13924313,0
-4.1164031,-0.69446218,-1.0714417,-0.099970311,0.78827155,-0.60715246,0
-1.3797753,-0.71611977,-1.8086096,-0.099970311,0.78827155,-0.60715246,0
-4.2024164,0.32389438,1.4233739,-0.24905407,0.57095969,0.7822898,0
4.6140947,0.21749115,-0.42712021,0.96331626,0.2294195,0.13924313,0
0.7849645,-0.32055342,0.44848341,0.099970311,-0.78827155,0.60715246,0
-3.3192863,-1.1733562,-1.5977201,-0.099970311,0.78827155,-0.60715246,0
2.2360766,1.0878234,-0.054397106,-0.099970311,0.78827155,-0.60715246,0
0.83372653,1.0619192,0.61545342,-0.099970311,0.78827155,-0.60715246,0
-3.1091194,-1.5141505,-2.2051382,-0.099970311,0.78827155,-0.60715246,0
4.1786938,0.96871847,1.1763935,0.099970311,-0.78827155,0.60715246,0
-4.5270109,0.2873323,1.4021506,-0.24905407,0.57095969,0.7822898,0
-1.175987,-0.34875166,0.67742634,0.099970311,-0.78827155,0.60715246,0
-3.5590608,1.1761174,1.1695557,-0.099970311,0.78827155,-0.60715246,0
-3.013237,-2.1895542,-2.343925,0.24905407,-0.57095969,-0.7822898,0
-2.5711291,0.70376366,1.8063562,-0.24905407,0.57095969,0.7822898,0
4.1366444,1.1794603,0.15989351,-0.099970311,0.78827155,-0.60715246,0
-0.24528714,-0.73944312,0.23240873,0.099970311,-0.78827155,0.60715246,0
-2.912673,-1.9596229,-2.4485335,0.24905407,-0.57095969,-0.7822898,0
2.8298533,-0.89203751,-1.1028452,0.099970311,-0.78827155,0.60715246,0
0.30923551,0.32807249,-0.22586182,-0.099970311,0.78827155,-0.60715246,0
-5.1021137,0.45885658,0.93965864,-0.96331626,-0.2294195,-0.13924313,0
-3.8600373,-2.1072714,-2.0660303,-0.96331626,-0.2294195,-0.13924313,0
4.426106,0.34465277,0.19402313,0.96331626,0.2294195,0.13924313,0
-2.428055,1.2228849,1.3350151,-0.24905407,0.57095969,0.7822898,0
3.2599754,-1.2963105,-1.3060541,0.24905407,-0.57095969,-0.7822898,0
1.1135509,-0.074270189,-1.0105331,-0.099970311,0.78827155,-0.60715246,0
3.8883317,1.6769295,2.105468,0.96331626,0.2294195,0.13924313,0
4.6399565,0.70719695,0.2430687,0.96331626,0.2294195,0.13924313,0
-4.7034049,-0.19721717,0.11425543,-0.96331626,-0.2294195,-0.13924313,0
-2.3774297,-0.068081111,-0.24473095,-0.099970311,0.78827155,-0.60715246,0
-1.6774054,1.4120009,1.5483818,-0.24905407,0.57095969,0.7822898,0
3.9958324,-0.25786614,-1.5431812,0.24905407,-0.57095969,-0.7822898,0
2.1913528,1.7261398,2.704123,0.099970311,-0.78827155,0.60715246,0
3.5172985,-0.35363626,-0.42755961,0.099970311,-0.78827155,0.60715246,0
4.1924586,1.1544456,0.50312591,0.96331626,0.2294195,0.13924313,0
4.6014352,0.91024756,0.21051502,0.96331626,0.2294195,0.13924313,0
-4.7274284,0.029759228,0.33670902,-0.96331626,-0.2294195,-0.13924313,0
-0.24935067,0.42371395,1.4977251,0.099970311,-0.78827155,0.60715246,0
-2.7166266,-0.69026005,-1.4687446,-0.099970311,0.78827155,-0.60715246,0
4.5302987,0.28393266,0.4515152,0.96331626,0.2294195,0.13924313,0
4.4385362,0.66858613,0.67000675,0.96331626,0.2294195,0.13924313,0
-2.0974836,1.1938633,1.7637093,-0.24905407,0.57095969,0.7822898,0
1.6584955,1.6474783,2.6207049,-0.24905407,0.57095969,0.7822898,0
4.6800017,0.51974189,0.35176516,0.96331626,0.2294195,0.13924313,0
4.2921319,0.90599084,0.30024433,0.96331626,0.2294195,0.13924313,0
3.6280291,2.148695,2.5193903,0.96331626,0.2294195,0.13924313,0
0.078062296,1.7035439,1.8568944,-0.24905407,0.57095969,0.7822898,0
-3.7352004,-2.3959856,-1.9638901,-0.96331626,-0.2294195,-0.13924313,0
4.4434366,1.2077368,-0.038687706,0.96331626,0.2294195,0.13924313,0
-3.3098099,-1.223942,-0.1728723,0.099970311,-0.78827155,0.60715246,0
4.7728252,-0.28825611,-0.82784176,0.96331626,0.2294195,0.13924313,0
-0.53874201,-0.61241382,0.26842892,0.099970311,-0.78827155,0.60715246,0
-1.9028649,1.2303351,1.3619787,-0.099970311,0.78827155,-0.60715246,0
4.7634473,0.39364743,-0.23185492,0.96331626,0.2294195,0.13924313,0
-0.74398786,-0.99257892,-0.12330872,0.099970311,-0.78827155,0.60715246,0
-3.6116157,-1.5287981,-0.43242836,0.099970311,-0.78827155,0.60715246,0
-3.2293677,-2.2203856,-2.7430277,0.24905407,-0.57095969,-0.7822898,0
2.522459,-1.157599,-1.3482122,0.24905407,-0.57095969,-0.7822898,0
3.9706912,1.5390872,1.7545857,0.96331626,0.2294195,0.13924313,0
1.438103,2.4848955,2.0067101,-0.24905407,0.57095969,0.7822898,0
-4.62851,-0.06068933,1.4543328,0.099970311,-0.78827155,0.60715246,0
1.9337664,2.2847128,2.1221087,-0.24905407,0.57095969,0.7822898,0
1.6845534,-1.5486957,-1.3020524,0.24905407,-0.57095969,-0.7822898,0
4.0755177,1.861778,2.2756176,0.96331626,0.2294195,0.13924313,0
-4.9393301,-0.35314453,1.2953796,-0.96331626,-0.2294195,-0.13924313,0
-4.0420899,-1.3990233,-0.43327975,0.099970311,-0.78827155,0.60715246,0
1.8064752,-1.2219408,-1.6570971,0.24905407,-0.57095969,-0.7822898,0
-3.6049137,-1.525393,-0.63900971,0.099970311,-0.78827155,0.60715246,0
2.7922316,-1.1449176,-1.2208898,0.24905407,-0.57095969,-0.7822898,0
-3.9496121,-1.4249101,-1.6343367,-0.96331626,-0.2294195,-0.13924313,0
-0.48970914,-1.9943323,-2.1397388,0.24905407,-0.57095969,-0.7822898,0
-0.79879165,0.54668069,1.6889042,0.099970311,-0.78827155,0.60715246,0
-4.0877361,0.95718151,0.76671481,-0.099970311,0.78827155,-0.60715246,0
-3.81461,-1.7293624,-1.9424987,-0.96331626,-0.2294195,-0.13924313,0
5.0564213,-0.10308814,-1.2581792,0.96331626,0.2294195,0.13924313,0
-4.6906991,-0.14087439,1.4557481,-0.96331626,-0.2294195,-0.13924313,0
-4.3161712,-1.4278523,-0.64376736,-0.96331626,-0.2294195,-0.13924313,0
-4.8046103,0.053591073,0.17308426,-0.96331626,-0.2294195,-0.13924313,0
-0.026026249,-1.2732874,-2.3793912,0.24905407,-0.57095969,-0.7822898,0
-3.9832573,-1.8382039,-1.5027597,-0.96331626,-0.2294195,-0.13924313,0
0.90061259,-1.4453285,-2.0585458,0.24905407,-0.57095969,-0.7822898,0
-4.0046329,-2.109997,-1.106595,-0.96331626,-0.2294195,-0.13924313,0
-1.4363813,-1.1156993,-2.0318193,-0.099970311,0.78827155,-0.60715246,0
4.6381545,0.44676822,-0.010688305,0.96331626,0.2294195,0.13924313,0
3.9542325,1.6987265,2.0635748,0.96331626,0.2294195,0.13924313,0
-4.1619987,0.58056247,1.3608139,-0.24905407,0.57095969,0.7822898,0
-0.95392966,1.4769592,1.9533906,-0.24905407,0.57095969,0.7822898,0
-3.9492145,-1.4681932,-1.166198,-0.96331626,-0.2294195,-0.13924313,0
-0.53592777,-1.4659462,-2.316921,0.24905407,-0.57095969,-0.7822898,0
2.3489106,1.4216417,2.0332661,0.099970311,-0.78827155,0.60715246,0
-0.8251698,1.1481146,2.1670544,-0.24905407,0.57095969,0.7822898,0
0.77021289,-1.6842997,-1.2528341,0.099970311,-0.78827155,0.60715246,0
-3.7715509,-1.8748573,-2.2932558,-0.96331626,-0.2294195,-0.13924313,0
-3.1747262,-2.3116641,-2.5240707,0.24905407,-0.57095969,-0.7822898,0
-4.0520568,-1.6139787,-1.9440422,-0.96331626,-0.2294195,-0.13924313,0
3.8946714,2.2201798,1.9204521,0.96331626,0.2294195,0.13924313,0
-4.0680013,-1.7473547,-1.2404618,-0.96331626,-0.2294195,-0.13924313,0
-4.1032295,-1.7624552,-1.3687589,-0.96331626,-0.2294195,-0.13924313,0
4.0285749,1.7148038,0.50110698,0.96331626,0.2294195,0.13924313,0
-1.5250086,0.23607928,0.010026097,-0.099970311,0.78827155,-0.60715246,0
0.16524196,-0.1812396,-1.3745875,-0.099970311,0.78827155,-0.60715246,0
-2.4109793,0.86460721,1.8633349,-0.24905407,0.57095969,0.7822898,0
-1.6712694,-1.6440381,-2.3692024,0.24905407,-0.57095969,-0.7822898,0
-1.5101639,-1.1122284,-0.3923471,0.099970311,-0.78827155,0.60715246,0
4.0384812,1.8186597,2.5748281,0.96331626,0.2294195,0.13924313,0
-3.093472,-0.38092339,0.55913091,0.099970311,-0.78827155,0.60715246,0
-4.3508902,0.97242266,1.3483424,-0.24905407,0.57095969,0.7822898,0
-0.51039827,0.36054814,1.4646499,0.099970311,-0.78827155,0.60715246,0
-2.2912853,0.82724273,1.6812313,-0.24905407,0.57095969,0.7822898,0
1.8410938,-0.84146154,-1.970192,0.24905407,-0.57095969,-0.7822898,0
-4.2581067,-1.8322337,-1.269877,-0.96331626,-0.2294195,-0.13924313,0
-4.2392893,0.26727912,0.38474083,-0.099970311,0.78827155,-0.60715246,0
0.16536742,0.063049495,1.0695536,0.099970311,-0.78827155,0.60715246,0
-4.5453024,-1.0870353,0.34074259,0.099970311,-0.78827155,0.60715246,0
-4.1299744,-1.6269999,-1.3589621,-0.96331626,-0.2294195,-0.13924313,0
2.3760774,-1.0538243,-1.7029159,0.24905407,-0.57095969,-0.7822898,0
3.7961364,1.9473002,2.1444271,0.96331626,0.2294195,0.13924313,0
4.9815755,-0.53753304,-0.69053888,0.96331626,0.2294195,0.13924313,0
-2.3634217,1.4155278,1.6446185,-0.24905407,0.57095969,0.7822898,0
-0.97678149,0.25861534,0.99243015,0.099970311,-0.78827155,0.60715246,0
0.68290293,1.578779,2.2531917,-0.24905407,0.57095969,0.7822898,0
0.095082104,-0.80252647,0.012206294,0.099970311,-0.78827155,0.60715246,0
-0.42195594,-1.8228242,-1.2440262,0.099970311,-0.78827155,0.60715246,0
0.067901134,-1.775003,-1.6613135,0.24905407,-0.57095969,-0.7822898,0
3.9156344,1.9952688,1.4081559,0.96331626,0.2294195,0.13924313,0
-4.7473149,0.013519168,1.2942171,-0.96331626,-0.2294195,-0.13924313,0
-3.2684803,-0.63369179,0.47289324,0.099970311,-0.78827155,0.60715246,0
-2.8970613,-1.4269509,-0.68886042,0.099970311,-0.78827155,0.60715246,0
3.8608057,1.9195722,2.5029774,0.96331626,0.2294195,0.13924313,0
-2.5768776,0.80954409,1.8995941,-0.24905407,0.57095969,0.7822898,0
-0.43914938,-1.0211141,-2.1161864,-0.099970311,0.78827155,-0.60715246,0
-4.1570287,-1.1679208,-0.55190516,-0.96331626,-0.2294195,-0.13924313,0
-2.4225214,0.34794176,1.4196301,0.099970311,-0.78827155,0.60715246,0
-4.4831705,-0.86181927,-0.54740763,-0.96331626,-0.2294195,-0.13924313,0
-4.0201211,0.38880062,1.6299069,-0.24905407,0.57095969,0.7822898,0
0.32255363,-1.5542982,-2.0571399,0.24905407,-0.57095969,-0.7822898,0
-0.75956595,-2.0872934,-1.5263228,0.099970311,-0.78827155,0.60715246,0
-3.4980471,0.59312671,1.773917,-0.24905407,0.57095969,0.7822898,0
1.9561888,2.1017702,2.4161701,-0.24905407,0.57095969,0.7822898,0
3.9343774,1.434625,0.063621759,-0.099970311,0.78827155,-0.60715246,0
3.6611443,2.8320639,2.0920191,0.96331626,0.2294195,0.13924313,0
-0.89479208,1.2577696,1.8485284,-0.24905407,0.57095969,0.7822898,0
-3.9418199,-1.3962095,-0.55356717,0.099970311,-0.78827155,0.60715246,0
-4.3534474,-0.7439748,-0.7929759,-0.96331626,-0.2294195,-0.13924313,0
-4.3005137,-1.2651205,-1.7090394,-0.96331626,-0.2294195,-0.13924313,0
-4.9852834,0.44255561,0.84702969,-0.099970311,0.78827155,-0.60715246,0
4.0060663,1.8962305,1.6368613,0.96331626,0.2294195,0.13924313,0
3.4495943,2.4745126,2.5873675,-0.24905407,0.57095969,0.7822898,0
1.5724711,0.30307531,-0.93214762,-0.099970311,0.78827155,-0.60715246,0
-2.5372519,-2.0612595,-1.6865563,0.099970311,-0.78827155,0.60715246,0
-0.31377536,0.63503259,-0.27436167,-0.099970311,0.78827155,-0.60715246,0
3.7409964,2.3318186,1.7038317,0.96331626,0.2294195,0.13924313,0
-4.9871087,-0.15447652,1.0692301,-0.96331626,-0.2294195,-0.13924313,0
-2.079783,0.50041521,1.8844647,0.099970311,-0.78827155,0.60715246,0
1.5507483,-1.3181577,-1.699366,0.24905407,-0.57095969,-0.7822898,0
4.272429,1.011441,0.44591928,0.96331626,0.2294195,0.13924313,0
-2.4811361,-2.2212963,-2.5198128,0.24905407,-0.57095969,-0.7822898,0
-2.7996011,1.0412707,1.3548357,-0.24905407,0.57095969,0.7822898,0
4.9113998,-0.58240288,-1.0928793,0.96331626,0.2294195,0.13924313,0
-2.2500353,-1.7258322,-2.6409259,0.24905407,-0.57095969,-0.7822898,0
-4.5448847,-0.57602656,0.29567814,-0.96331626,-0.2294195,-0.13924313,0
-4.0505457,-1.8200328,-0.85833383,0.099970311,-0.78827155,0.60715246,0
3.7002721,1.9144439,2.3945475,0.099970311,-0.78827155,0.60715246,0
-3.6916397,0.79130703,1.2302082,-0.24905407,0.57095969,0.7822898,0
2.2853065,-0.94416916,-1.7119491,0.24905407,-0.57095969,-0.7822898,0
-4.1753716,-1.9415666,-0.79215693,-0.96331626,-0.2294195,-0.13924313,0
0.80215102,0.95096135,0.32310051,-0.099970311,0.78827155,-0.60715246,0
-4.5020084,0.57453823,0.57636881,-0.099970311,0.78827155,-0.60715246,0
-2.2436035,0.70079339,1.7780366,-0.24905407,0.57095969,0.7822898,0
4.7505493,0.12403166,-0.32648897,0.96331626,0.2294195,0.13924313,0
4.1448526,1.5460957,2.1094093,0.96331626,0.2294195,0.13924313,0
0.39834404,-1.7294627,-1.6837828,0.24905407,-0.57095969,-0.7822898,0
-4.8249154,-0.40088129,1.0807648,-0.96331626,-0.2294195,-0.13924313,0
4.2668777,1.0945873,1.6990077,0.96331626,0.2294195,0.13924313,0
-4.3874707,-0.78554881,0.26162481,-0.96331626,-0.2294195,-0.13924313,0
-5.0947409,0.14795709,1.3904877,-0.96331626,-0.2294195,-0.13924313,0
1.6318433,1.6654016,2.6575346,-0.24905407,0.57095969,0.7822898,0
-0.5011692,1.498127,2.0841868,-0.24905407,0.57095969,0.7822898,0
3.8180084,0.38356051,0.93812752,0.099970311,-0.78827155,0.60715246,0
-3.8977387,-2.0173867,-1.8590333,-0.96331626,-0.2294195,-0.13924313,0
-4.2638564,-1.4637085,-0.85052109,-0.96331626,-0.2294195,-0.13924313,0
-1.4727554,-1.4293149,-2.3868361,0.24905407,-0.57095969,-0.7822898,0
0.30464792,-1.9583819,-1.8285304,0.24905407,-0.57095969,-0.7822898,0
-4.6558304,-0.49120533,0.23284769,-0.96331626,-0.2294195,-0.13924313,0
0.52354836,-1.3901439,-2.033221,0.24905407,-0.57095969,-0.7822898,0
3.2848389,1.2187278,2.1747403,0.099970311,-0.78827155,0.60715246,0
-4.9298534,0.69575256,0.94942331,-0.24905407,0.57095969,0.7822898,0
3.5245962,2.0286558,1.5510879,-0.099970311,0.78827155,-0.60715246,0
4.2484922,0.86317921,0.32883692,0.96331626,0.2294195,0.13924313,0
0.42634416,1.5324397,2.3254132,-0.24905407,0.57095969,0.7822898,0
1.8172189,-0.78658998,-0.24183261,0.099970311,-0.78827155,0.60715246,0
4.1384006,1.6427823,2.2825112,0.96331626,0.2294195,0.13924313,0
2.8571289,-1.0802,-1.0207286,0.099970311,-0.78827155,0.60715246,0
-2.2678747,-2.5208859,-1.8836012,0.24905407,-0.57095969,-0.7822898,0
2.3487,-0.76789582,-1.8486871,0.24905407,-0.57095969,-0.7822898,0
-2.2051766,1.4768453,1.1813291,-0.099970311,0.78827155,-0.60715246,0
-4.4548521,-0.091448784,1.6945877,0.099970311,-0.78827155,0.60715246,0
-4.3069549,-0.45716977,1.1193285,0.099970311,-0.78827155,0.60715246,0
1.0792708,-1.1544327,-2.195828,0.24905407,-0.57095969,-0.7822898,0
-0.63602591,1.6879673,1.8919988,-0.24905407,0.57095969,0.7822898,0
-0.97759151,-1.5601802,-2.5700355,0.24905407,-0.57095969,-0.7822898,0
3.6344352,2.4695177,2.4263458,0.96331626,0.2294195,0.13924313,0
-2.5015407,-2.4222388,-2.0502839,0.099970311,-0.78827155,0.60715246,0
4.5368853,0.65032756,-0.44886923,0.96331626,0.2294195,0.13924313,0
-4.3473358,-1.1716521,-0.91704917,-0.96331626,-0.2294195,-0.13924313,0
-0.85119271,1.0288401,1.972631,-0.24905407,0.57095969,0.7822898,0
1.7751255,0.53301281,-0.25827587,-0.099970311,0.78827155,-0.60715246,0
-1.2715933,-2.0229936,-1.5995489,0.099970311,-0.78827155,0.60715246,0
3.5606067,-0.89453018,-1.4774654,0.24905407,-0.57095969,-0.7822898,0
-4.7017436,0.10545373,1.1794043,-0.96331626,-0.2294195,-0.13924313,0
-3.7090597,-2.1945198,-1.7624481,-0.96331626,-0.2294195,-0.13924313,0
-2.0666764,0.7673229,1.9708797,-0.24905407,0.57095969,0.7822898,0
-1.8518379,-2.2848499,-2.3634117,0.24905407,-0.57095969,-0.7822898,0
-2.8753281,-1.0659559,-1.6444294,-0.099970311,0.78827155,-0.60715246,0
-3.2939882,-1.6140887,-0.59260607,0.099970311,-0.78827155,0.60715246,0
2.5428953,-0.85808939,-1.9334662,0.24905407,-0.57095969,-0.7822898,0
-3.8504939,-2.3449759,-1.8193483,-0.96331626,-0.2294195,-0.13924313,0
-2.1004355,1.285728,1.7159994,-0.24905407,0.57095969,0.7822898,0
2.4438868,-1.3260658,-1.4019494,0.24905407,-0.57095969,-0.7822898,0
2.6490149,-0.53672761,-1.7859039,0.24905407,-0.57095969,-0.7822898,0
1.600157,1.4603484,2.4064028,-0.24905407,0.57095969,0.7822898,0
-1.3471248,-1.2280967,-2.1903987,-0.099970311,0.78827155,-0.60715246,0
4.9126511,-0.083265424,-1.097343,0.96331626,0.2294195,0.13924313,0
1.4866924,-1.040516,-1.7881842,0.24905407,-0.57095969,-0.7822898,0
4.1996899,1.6948038,0.86866689,0.96331626,0.2294195,0.13924313,0
-0.91159821,0.046959162,1.2440045,0.099970311,-0.78827155,0.60715246,0
-0.97838974,0.99427783,2.1851525,-0.24905407,0.57095969,0.7822898,0
-3.7283936,-1.896325,-2.5057611,-0.96331626,-0.2294195,-0.13924313,0
-4.2359548,0.63164502,0.83632851,-0.099970311,0.78827155,-0.60715246,0
-0.49087143,1.3778617,1.2713494,-0.099970311,0.78827155,-0.60715246,0
4.7124171,0.093281865,-0.43050766,0.96331626,0.2294195,0.13924313,0
3.9929845,1.5422575,0.92877674,0.96331626,0.2294195,0.13924313,0
-3.5923705,0.49778098,1.4336948,-0.24905407,0.57095969,0.7822898,0
1.8790474,0.86741471,1.8099431,0.099970311,-0.78827155,0.60715246,0
-1.7398796,0.71010995,1.997077,-0.24905407,0.57095969,0.7822898,0
-0.9884479,1.3556123,2.0698397,-0.24905407,0.57095969,0.7822898,0
-4.4528828,-0.60817015,0.046267986,-0.96331626,-0.2294195,-0.13924313,0
-4.5332079,-0.30448806,0.24701834,-0.96331626,-0.2294195,-0.13924313,0
4.2212701,1.0847176,0.63893104,0.96331626,0.2294195,0.13924313,0
-3.669183,-1.5703542,-2.3235359,-0.099970311,0.78827155,-0.60715246,0
4.4488935,0.93698913,0.92093825,0.96331626,0.2294195,0.13924313,0
0.22470331,-1.7626123,-1.9046648,0.24905407,-0.57095969,-0.7822898,0
3.3612499,0.55288601,-0.86413169,-0.099970311,0.78827155,-0.60715246,0
-5.0244923,0.72776556,1.0828433,-0.96331626,-0.2294195,-0.13924313,0
0.82847148,0.77743328,0.35344201,-0.099970311,0.78827155,-0.60715246,0
-4.2666187,-0.79269469,-0.14219618,-0.96331626,-0.2294195,-0.13924313,0
1.3604834,1.6507275,2.213187,-0.24905407,0.57095969,0.7822898,0
-0.58972752,0.82549077,1.9095875,0.099970311,-0.78827155,0.60715246,0
0.60310459,1.8402145,2.1608944,-0.24905407,0.57095969,0.7822898,0
4.8615642,-0.016372561,-0.63812304,0.96331626,0.2294195,0.13924313,0
-2.1713233,1.1873544,1.5425766,-0.24905407,0.57095969,0.7822898,0
-4.3929806,-1.0503656,-0.62120414,-0.96331626,-0.2294195,-0.13924313,0
-2.038307,0.19366884,1.7301652,0.099970311,-0.78827155,0.60715246,0
-4.5349879,-0.46119756,-0.39721489,-0.96331626,-0.2294195,-0.13924313,0
1.2634501,-1.375634,-2.0427086,0.24905407,-0.57095969,-0.7822898,0
2.000423,2.3260922,1.8963913,-0.24905407,0.57095969,0.7822898,0
-2.6064763,0.74557436,1.7873111,-0.24905407,0.57095969,0.7822898,0
3.9828763,1.9030844,2.3200161,0.96331626,0.2294195,0.13924313,0
-0.36391485,-0.96221232,-2.3116412,-0.099970311,0.78827155,-0.60715246,0
-4.096776,-1.3081956,-1.4732156,-0.96331626,-0.2294195,-0.13924313,0
0.76775646,2.2769482,1.7502949,-0.24905407,0.57095969,0.7822898,0
2.6057184,-1.2840211,-1.2986262,0.099970311,-0.78827155,0.60715246,0
-3.8203423,-1.6358094,-1.8879361,-0.96331626,-0.2294195,-0.13924313,0
4.4117098,-0.15455735,-1.8464909,0.24905407,-0.57095969,-0.7822898,0
-4.3074751,-0.89330822,-0.80098224,-0.96331626,-0.2294195,-0.13924313,0
1.3975377,-0.42575413,-1.5539957,-0.099970311,0.78827155,-0.60715246,0
3.9273255,1.6002507,1.5099423,0.96331626,0.2294195,0.13924313,0
-1.3994017,1.2081937,1.658656,-0.24905407,0.57095969,0.7822898,0
3.7187669,-0.58707714,-1.8362296,0.24905407,-0.57095969,-0.7822898,0
0.24100161,-1.4849917,-2.1335411,0.24905407,-0.57095969,-0.7822898,0
-3.221616,-2.1649232,-2.6411855,0.24905407,-0.57095969,-0.7822898,0
-1.7631476,0.9674809,2.1096225,-0.24905407,0.57095969,0.7822898,0
3.183939,1.988726,2.708118,-0.24905407,0.57095969,0.7822898,0
0.63193548,1.7755231,1.6381314,-0.099970311,0.78827155,-0.60715246,0
-1.2795351,1.4401914,1.0702268,-0.099970311,0.78827155,-0.60715246,0
0.57647288,-0.77212775,-1.8486894,-0.099970311,0.78827155,-0.60715246,0
-2.218883,-2.4159439,-2.2373426,0.24905407,-0.57095969,-0.7822898,0
4.43749,-0.41273969,-1.3512836,0.24905407,-0.57095969,-0.7822898,0
-3.9294508,-1.9136409,-1.799216,-0.96331626,-0.2294195,-0.13924313,0
-3.6780767,-2.3102267,-2.5245724,-0.96331626,-0.2294195,-0.13924313,0
2.3171659,1.3103163,0.78073215,-0.099970311,0.78827155,-0.60715246,0
-2.0162892,-2.2268183,-2.1593454,0.24905407,-0.57095969,-0.7822898,0
-4.9778671,0.39680624,1.4048896,-0.96331626,-0.2294195,-0.13924313,0
2.1081657,-1.5709475,-1.5546325,0.24905407,-0.57095969,-0.7822898,0
4.1408153,0.89733732,1.3247602,0.96331626,0.2294195,0.13924313,0
3.0277848,0.74791014,-0.53300285,-0.099970311,0.78827155,-0.60715246,0
1.8676536,-1.2289408,-1.8255798,0.24905407,-0.57095969,-0.7822898,0
4.9802094,-0.61719888,-0.96699238,0.96331626,0.2294195,0.13924313,0
-4.1327043,-1.7457345,-1.7207191,-0.96331626,-0.2294195,-0.13924313,0
3.4978895,-0.83237159,-0.97323799,0.099970311,-0.78827155,0.60715246,0
-2.6852179,-2.1098268,-2.6253946,0.24905407,-0.57095969,-0.7822898,0
3.6942401,1.9462134,2.5343132,0.099970311,-0.78827155,0.60715246,0
-1.8470008,-0.95100605,-1.5775442,-0.099970311,0.78827155,-0.60715246,0
4.0503559,1.9705126,1.3970761,0.96331626,0.2294195,0.13924313,0
1.3542329,1.0345889,1.6678745,0.099970311,-0.78827155,0.60715246,0
-2.3737092,-2.3394492,-2.3875263,0.24905407,-0.57095969,-0.7822898,0
4.2570162,-0.8220101,-1.2080374,0.24905407,-0.57095969,-0.7822898,0
-0.53941846,-2.0955594,-2.0502906,0.24905407,-0.57095969,-0.7822898,0
3.9169049,-0.077992797,-1.6816654,-0.099970311,0.78827155,-0.60715246,0
-3.9779165,0.54473406,1.6234338,-0.24905407,0.57095969,0.7822898,0
2.3785396,0.17833793,-1.0286169,-0.099970311,0.78827155,-0.60715246,0
-1.4954431,1.6798575,1.645322,-0.099970311,0.78827155,-0.60715246,0
2.2710171,2.1810126,2.2203045,-0.24905407,0.57095969,0.7822898,0
-2.6092694,-2.4139538,-2.3501515,0.24905407,-0.57095969,-0.7822898,0
-2.488863,0.17745292,1.4871619,0.099970311,-0.78827155,0.60715246,0
-4.1973391,-1.767375,-1.722152,-0.96331626,-0.2294195,-0.13924313,0
-4.9068584,0.57652932,0.94157076,-0.96331626,-0.2294195,-0.13924313,0
3.8675921,0.85824436,1.6015692,0.099970311,-0.78827155,0.60715246,0
-4.004734,-1.7412325,-0.66728926,-0.96331626,-0.2294195,-0.13924313,0
2.146049,-0.27780366,-0.14654899,0.099970311,-0.78827155,0.60715246,0
4.9176245,-0.29586089,-1.0274973,0.96331626,0.2294195,0.13924313,0
0.60490322,-1.1566581,-2.2348256,0.24905407,-0.57095969,-0.7822898,0
4.3698564,-0.24623919,-1.4166837,0.24905407,-0.57095969,-0.7822898,0
-1.3283669,-1.3323084,-2.2191448,-0.099970311,0.78827155,-0.60715246,0
-0.79697633,-1.6921889,-2.0035114,0.24905407,-0.57095969,-0.7822898,0
-0.082484961,0.51078176,1.1909963,0.099970311,-0.78827155,0.60715246,0
-0.8460393,-1.6641546,-2.1259489,0.24905407,-0.57095969,-0.7822898,0
-2.1437609,0.45302808,0.15438771,-0.099970311,0.78827155,-0.60715246,0
-4.6834641,-0.28819776,0.95806742,-0.96331626,-0.2294195,-0.13924313,0
-4.2290854,-1.248446,-1.29267,-0.96331626,-0.2294195,-0.13924313,0
-3.207202,-1.1889808,-0.43492603,0.099970311,-0.78827155,0.60715246,0
-4.2404871,-1.4398894,-1.398284,-0.96331626,-0.2294195,-0.13924313,0
3.6458521,0.15885568,-1.5254235,-0.099970311,0.78827155,-0.60715246,0
-0.90730941,-2.2692757,-1.9756947,0.24905407,-0.57095969,-0.7822898,0
3.686028,2.0109458,2.5434618,0.96331626,0.2294195,0.13924313,0
0.5643568,1.9572909,2.0729814,-0.24905407,0.57095969,0.7822898,0
-3.9881737,0.79930168,1.3074267,-0.24905407,0.57095969,0.7822898,0
-4.3529611,-1.1006236,-0.75129843,-0.96331626,-0.2294195,-0.13924313,0
-3.3128171,1.1322268,1.199013,-0.24905407,0.57095969,0.7822898,0
-3.0625052,-1.9339923,-2.677633,0.24905407,-0.57095969,-0.7822898,0
0.95319867,1.2296973,2.4079161,0.099970311,-0.78827155,0.60715246,0
1.7733645,-1.1575422,-1.8662195,0.24905407,-0.57095969,-0.7822898,0
3.9256673,1.8490188,1.5123351,0.96331626,0.2294195,0.13924313,0
-0.59138656,-1.4598967,-0.98632967,0.099970311,-0.78827155,0.60715246,0
2.0191648,2.1639135,2.3624165,-0.24905407,0.57095969,0.7822898,0
-3.1379304,-0.19479275,0.89149427,0.099970311,-0.78827155,0.60715246,0
4.4480152,0.77821445,0.46499348,0.96331626,0.2294195,0.13924313,0
4.5489564,0.750453,-0.28082418,0.96331626,0.2294195,0.13924313,0
-4.5301933,-0.88726282,-0.29550266,-0.96331626,-0.2294195,-0.13924313,0
-0.37122369,0.85583758,0.26467037,-0.099970311,0.78827155,-0.60715246,0
4.1898508,1.4513466,0.54089427,0.96331626,0.2294195,0.13924313,0
3.1179235,-0.84883261,-1.8079646,0.24905407,-0.57095969,-0.7822898,0
-5.0508723,0.13133192,1.3947139,-0.96331626,-0.2294195,-0.13924313,0
1.7714489,0.25256944,0.81658053,0.099970311,-0.78827155,0.60715246,0
-4.8418493,0.50700581,1.1854043,-0.96331626,-0.2294195,-0.13924313,0
-2.0787797,0.83107775,1.9236845,-0.24905407,0.57095969,0.7822898,0
-2.3731196,-1.4421341,-2.5672073,-0.099970311,0.78827155,-0.60715246,0
-1.8160155,0.79507387,1.8177431,-0.24905407,0.57095969,0.7822898,0
-3.1650205,-1.8510356,-2.6401663,0.24905407,-0.57095969,-0.7822898,0
-0.58208501,0.89539367,0.54899025,-0.099970311,0.78827155,-0.60715246,0
-3.8618207,-2.5931993,-2.6367388,-0.96331626,-0.2294195,-0.13924313,0
-3.5196447,-1.162223,-1.4298301,-0.099970311,0.78827155,-0.60715246,0
4.2295666,-0.14056528,-1.5862308,0.24905407,-0.57095969,-0.7822898,0
1.4483843,0.63536674,-0.31865239,-0.099970311,0.78827155,-0.60715246,0
1.5252876,2.390691,1.8509868,-0.24905407,0.57095969,0.7822898,0
-3.5814888,-2.2313626,-2.6062417,-0.96331626,-0.2294195,-0.13924313,0
-3.9633956,-1.8994063,-2.3929732,-0.96331626,-0.2294195,-0.13924313,0
-0.42143577,-0.072358668,0.74120581,0.099970311,-0.78827155,0.60715246,0
-3.5122921,0.61850274,1.4415607,-0.24905407,0.57095969,0.7822898,0
1.3727925,-1.4414992,-1.5017325,0.24905407,-0.57095969,-0.7822898,0
-3.9891076,-1.6510022,-0.81369162,-0.96331626,-0.2294195,-0.13924313,0
3.8505459,2.0305684,1.1429329,-0.099970311,0.78827155,-0.60715246,0
4.3157187,0.65199912,0.37669468,0.96331626,0.2294195,0.13924313,0
3.0214558,0.93004107,1.7737299,0.099970311,-0.78827155,0.60715246,0
2.4767442,2.483628,2.278708,-0.24905407,0.57095969,0.7822898,0
0.59065568,-1.0196016,-0.92227805,0.099970311,-0.78827155,0.60715246,0
-1.8524241,-2.3740661,-2.2910602,0.24905407,-0.57095969,-0.7822898,0
-3.3787904,-2.746454,-2.0584016,0.24905407,-0.57095969,-0.7822898,0
4.8426037,0.46585512,-0.7754612,0.96331626,0.2294195,0.13924313,0
3.2124982,2.4073887,1.8349252,-0.099970311,0.78827155,-0.60715246,0
-3.9336767,-2.0422695,-2.9566009,-0.96331626,-0.2294195,-0.13924313,0
2.8830285,0.04676652,-1.4341474,-0.099970311,0.78827155,-0.60715246,0
-0.92215109,1.6089644,1.8873227,-0.24905407,0.57095969,0.7822898,0
-1.9303617,1.2480102,1.5047866,-0.24905407,0.57095969,0.7822898,0
-3.754807,-2.0040123,-2.6022229,-0.099970311,0.78827155,-0.60715246,0
4.1408639,1.7392962,1.4811399,0.96331626,0.2294195,0.13924313,0
3.8761849,-0.077028275,-1.7691436,0.24905407,-0.57095969,-0.7822898,0
3.9087059,2.2249823,2.3530874,0.96331626,0.2294195,0.13924313,0
-4.1526251,0.41017151,1.4826627,-0.24905407,0.57095969,0.7822898,0
-3.9666119,-2.0024405,-2.3045034,-0.96331626,-0.2294195,-0.13924313,0
3.63625,1.8544807,2.7647171,0.96331626,0.2294195,0.13924313,0
-3.3286312,-2.7272186,-2.3771338,0.24905407,-0.57095969,-0.7822898,0
3.9335737,2.4626858,1.9626176,0.96331626,0.2294195,0.13924313,0
2.1705399,-1.1833055,-1.5299225,0.24905407,-0.57095969,-0.7822898,0
3.4680929,-0.69546926,-1.5851314,0.24905407,-0.57095969,-0.7822898,0
-4.606421,-0.38172436,0.85318708,-0.96331626,-0.2294195,-0.13924313,0
-4.9020958,-0.0052404404,0.65222502,-0.96331626,-0.2294195,-0.13924313,0
-4.2764983,-0.73269922,-1.1151338,-0.96331626,-0.2294195,-0.13924313,0
-3.2201238,0.27274621,1.8344791,0.099970311,-0.78827155,0.60715246,0
-1.0357676,0.11721021,0.98309958,0.099970311,-0.78827155,0.60715246,0
3.6530774,2.0621233,3.0175831,0.099970311,-0.78827155,0.60715246,0
-1.8973575,-1.1623843,-0.59546125,0.099970311,-0.78827155,0.60715246,0
3.5878539,-0.34384298,-1.8723269,0.24905407,-0.57095969,-0.7822898,0
5.0354161,-0.05151546,-1.3437705,0.96331626,0.2294195,0.13924313,0
-4.61027,-0.18855095,0.99778986,-0.96331626,-0.2294195,-0.13924313,0
3.974684,-0.91214448,-1.0536726,0.24905407,-0.57095969,-0.7822898,0
4.4266891,0.19611663,0.28033447,0.96331626,0.2294195,0.13924313,0
-2.6759634,0.18792415,1.307369,0.099970311,-0.78827155,0.60715246,0
4.5646944,0.12713492,-0.6795311,0.96331626,0.2294195,0.13924313,0
3.552228,1.2314003,1.8094325,0.099970311,-0.78827155,0.60715246,0
4.476243,0.58800322,0.22448015,0.96331626,0.2294195,0.13924313,0
2.1692021,1.3343151,0.39223719,-0.099970311,0.78827155,-0.60715246,0
-3.160388,-1.045269,-1.9323695,-0.099970311,0.78827155,-0.60715246,0
-0.38995194,1.7609906,1.6883644,-0.24905407,0.57095969,0.7822898,0
1.8056083,-1.1248838,-1.8954785,0.24905407,-0.57095969,-0.7822898,0
-0.6208179,1.201888,2.2955894,-0.24905407,0.57095969,0.7822898,0
-0.56916738,-0.5945881,0.19285733,0.099970311,-0.78827155,0.60715246,0
-4.7925014,-0.62081218,0.44435358,-0.96331626,-0.2294195,-0.13924313,0
-2.3351011,-2.5090444,-2.21838,0.24905407,-0.57095969,-0.7822898,0
-4.19034,-0.91163766,0.65328169,0.099970311,-0.78827155,0.60715246,0
-1.9034274,-1.3816898,-1.994457,-0.099970311,0.78827155,-0.60715246,0
-2.3076108,-1.6255704,-1.0216246,0.099970311,-0.78827155,0.60715246,0
0.67908883,-1.503438,-2.0082128,0.24905407,-0.57095969,-0.7822898,0
0.80481291,1.1696979,2.0115349,0.099970311,-0.78827155,0.60715246,0
0.97176516,-0.2608586,0.17499918,0.099970311,-0.78827155,0.60715246,0
1.2943473,2.0312271,2.1409874,-0.24905407,0.57095969,0.7822898,0
3.2562635,1.7036772,2.5654328,0.099970311,-0.78827155,0.60715246,0
3.0833697,2.6420894,1.8933616,-0.099970311,0.78827155,-0.60715246,0
-4.3433585,-1.6182269,-0.32575655,0.099970311,-0.78827155,0.60715246,0
