0.052351773,0.99288255,3.8175013,-0.60290927,0.16300024,0.78098094,0
-0.51175672,0.52522236,-0.011727706,-0.0070396326,0.9777813,-0.20950939,0
-1.729576,0.56492627,-0.14152089,-0.0070396326,0.9777813,-0.20950939,0
-2.484925,0.62023127,1.914811,-0.60290927,0.16300024,0.78098094,0
1.8380816,0.30287641,1.608089,0.79777867,0.13181299,0.58836597,0
2.7063453,-0.20672536,-1.5355227,0.60290927,-0.16300024,-0.78098094,0
2.7722521,0.68963629,0.15190469,0.79777867,0.13181299,0.58836597,0
-0.19816023,-0.86075634,-3.5772583,-0.79777867,-0.13181299,-0.58836597,0
0.82418144,-1.0958871,-3.1058037,0.60290927,-0.16300024,-0.78098094,0
2.3316474,-0.37974182,-2.1761761,0.60290927,-0.16300024,-0.78098094,0
-3.0308621,-0.22667146,0.16314694,-0.79777867,-0.13181299,-0.58836597,0
-0.51122773,1.1554812,2.2461445,-0.0070396326,0.9777813,-0.20950939,0
2.8668802,-0.18571548,0.57569879,0.79777867,0.13181299,0.58836597,0
1.488708,-0.099661544,2.341614,0.79777867,0.13181299,0.58836597,0
1.4029248,0.80743241,1.7721788,-0.0070396326,0.9777813,-0.20950939,0
-2.6648974,-0.36886826,-0.53789055,-0.79777867,-0.13181299,-0.58836597,0
-0.018771738,0.75795484,3.5385807,-0.60290927,0.16300024,0.78098094,0
2.3854802,-0.68442327,-2.0452054,0.60290927,-0.16300024,-0.78098094,0
3.3567829,-0.55252671,-1.231649,0.60290927,-0.16300024,-0.78098094,0
-1.0020401,-0.81999391,-2.491703,-0.79777867,-0.13181299,-0.58836597,0
0.5167793,0.86913204,3.0806832,0.79777867,0.13181299,0.58836597,0
2.3628907,-0.56367248,-1.6459825,0.60290927,-0.16300024,-0.78098094,0
1.3564165,0.75510591,1.6973989,-0.0070396326,0.9777813,-0.20950939,0
3.1134119,-0.047308505,-1.449571,0.60290927,-0.16300024,-0.78098094,0
-2.5043952,0.51457834,0.97034514,-0.0070396326,0.9777813,-0.20950939,0
-1.932471,0.73801297,2.4507172,-0.60290927,0.16300024,0.78098094,0
-1.5640742,-0.44770718,0.49585932,0.0070396326,-0.9777813,0.20950939,0
0.79074347,0.74241436,1.2449949,-0.0070396326,0.9777813,-0.20950939,0
-1.4906609,-0.79226339,-0.50898767,0.0070396326,-0.9777813,0.20950939,0
0.68841064,0.63303864,2.8849578,0.79777867,0.13181299,0.58836597,0
-0.23761328,0.7303465,3.6966567,-0.60290927,0.16300024,0.78098094,0
-0.2840696,0.28478211,3.6244564,-0.60290927,0.16300024,0.78098094,0
-1.6200341,-0.88200361,-1.7669436,-0.79777867,-0.13181299,-0.58836597,0
0.61785698,1.123024,3.4684863,0.79777867,0.13181299,0.58836597,0
1.4815643,-0.25143889,0.45308316,0.0070396326,-0.9777813,0.20950939,0
-0.76039308,-0.29098883,-3.1652794,-0.79777867,-0.13181299,-0.58836597,0
-2.9572628,0.80430412,1.6338632,-0.60290927,0.16300024,0.78098094,0
-1.0478272,0.20077693,2.836628,-0.60290927,0.16300024,0.78098094,0
-0.39621872,-0.54325134,-3.7255974,-0.79777867,-0.13181299,-0.58836597,0
-1.5458767,-0.72921664,-1.8034239,-0.79777867,-0.13181299,-0.58836597,0
-1.2369217,0.12793258,2.9630399,-0.60290927,0.16300024,0.78098094,0
-3.6976242,-0.072185591,0.56581932,-0.79777867,-0.13181299,-0.58836597,0
-0.12542969,0.16098627,-2.2033083,-0.0070396326,0.9777813,-0.20950939,0
-3.2609129,-0.0076820403,1.5126178,-0.60290927,0.16300024,0.78098094,0
2.9227185,-0.69491982,-1.1112591,0.0070396326,-0.9777813,0.20950939,0
-1.0859581,-0.34440976,-3.0038142,-0.79777867,-0.13181299,-0.58836597,0
-2.7887578,-0.35738018,1.1092772,0.0070396326,-0.9777813,0.20950939,0
3.0078471,0.19451845,0.11572361,0.79777867,0.13181299,0.58836597,0
-0.78877479,-0.59930778,-3.2316511,-0.79777867,-0.13181299,-0.58836597,0
2.1383274,0.048135914,1.0880557,0.79777867,0.13181299,0.58836597,0
2.7303231,-0.11745465,-1.7018406,0.60290927,-0.16300024,-0.78098094,0
-0.60176152,0.49753121,0.52775556,-0.0070396326,0.9777813,-0.20950939,0
-2.0281782,0.63356107,2.0798416,-0.60290927,0.16300024,0.78098094,0
-3.098763,0.26366386,-0.17045362,-0.79777867,-0.13181299,-0.58836597,0
-3.706594,-0.15398848,0.73662281,-0.79777867,-0.13181299,-0.58836597,0
2.4128287,0.042053267,1.3007685,0.79777867,0.13181299,0.58836597,0
-2.9475143,-0.43639803,-0.37346366,-0.79777867,-0.13181299,-0.58836597,0
0.48920155,0.43487072,-0.85959798,-0.0070396326,0.9777813,-0.20950939,0
-0.8545593,-0.083286688,-2.6126328,-0.0070396326,0.9777813,-0.20950939,0
-2.5332074,-0.12368349,-0.72815073,-0.79777867,-0.13181299,-0.58836597,0
0.19148615,-0.20501441,-2.7229822,-0.0070396326,0.9777813,-0.20950939,0
-1.0976801,0.59877968,2.9722846,-0.60290927,0.16300024,0.78098094,0
-0.56675923,0.030731276,-2.7411163,-0.0070396326,0.9777813,-0.20950939,0
-0.13980746,1.2594577,3.0346446,-0.0070396326,0.9777813,-0.20950939,0
-3.0883789,0.04738529,0.0093983412,-0.79777867,-0.13181299,-0.58836597,0
1.0000639,-0.4428916,-2.7346351,0.60290927,-0.16300024,-0.78098094,0
1.3908612,0.13192756,2.184607,0.79777867,0.13181299,0.58836597,0
-2.2492094,-0.52728748,-1.3156463,-0.79777867,-0.13181299,-0.58836597,0
1.1817389,0.082198545,-1.2661793,-0.0070396326,0.9777813,-0.20950939,0
-1.3451223,-0.94606084,-2.4039574,-0.79777867,-0.13181299,-0.58836597,0
1.7304207,0.15151408,1.9636865,0.79777867,0.13181299,0.58836597,0
1.1487571,0.14928862,2.4952056,0.79777867,0.13181299,0.58836597,0
-1.4809954,-0.24797876,1.1579471,0.0070396326,-0.9777813,0.20950939,0
2.4190307,-0.080555215,-1.8016752,0.60290927,-0.16300024,-0.78098094,0
-2.9573941,0.44877857,0.16411459,-0.0070396326,0.9777813,-0.20950939,0
-2.3229728,-0.29306155,0.54116285,0.0070396326,-0.9777813,0.20950939,0
-2.2796891,0.15790306,2.0953307,-0.60290927,0.16300024,0.78098094,0
0.19585282,0.84830356,3.8460777,0.79777867,0.13181299,0.58836597,0
1.2041727,-0.94873029,-2.5150044,0.60290927,-0.16300024,-0.78098094,0
-3.8314629,0.37568754,0.55858773,-0.79777867,-0.13181299,-0.58836597,0
-1.7790431,-0.59930766,-1.7962583,-0.79777867,-0.13181299,-0.58836597,0
1.5460103,0.70289373,2.0285819,0.79777867,0.13181299,0.58836597,0
3.4328265,0.0072292835,-1.2073588,0.60290927,-0.16300024,-0.78098094,0
-2.6876516,0.69308066,1.3934193,-0.60290927,0.16300024,0.78098094,0
-0.055624962,-0.30086806,-3.9146893,-0.79777867,-0.13181299,-0.58836597,0
-0.0091550779,-0.45005921,-0.30713284,0.0070396326,-0.9777813,0.20950939,0
1.4647627,0.25515091,2.1382782,0.79777867,0.13181299,0.58836597,0
-2.7772365,0.061433092,-0.54017532,-0.79777867,-0.13181299,-0.58836597,0
2.8925622,-0.33647519,-1.7433991,0.60290927,-0.16300024,-0.78098094,0
0.34743077,0.65234274,3.8554862,0.79777867,0.13181299,0.58836597,0
-0.13565916,-0.70418572,-1.5064518,0.0070396326,-0.9777813,0.20950939,0
1.0948602,0.54203194,-0.81136221,-0.0070396326,0.9777813,-0.20950939,0
2.3355374,-0.054981396,-1.7822266,0.60290927,-0.16300024,-0.78098094,0
-2.445766,-0.47489738,-0.29784977,0.0070396326,-0.9777813,0.20950939,0
-1.151029,0.79444289,2.5328212,-0.60290927,0.16300024,0.78098094,0
-0.068299025,0.17335917,-1.8093839,-0.0070396326,0.9777813,-0.20950939,0
-2.7332678,-0.0073311627,-0.46837121,-0.79777867,-0.13181299,-0.58836597,0
-0.54988724,0.76083612,3.2535233,-0.60290927,0.16300024,0.78098094,0
-2.0873365,-0.47633821,-1.4384696,-0.79777867,-0.13181299,-0.58836597,0
-2.2409644,-0.32782799,1.4040446,0.0070396326,-0.9777813,0.20950939,0
-2.3897097,-0.71126956,-0.68237144,-0.79777867,-0.13181299,-0.58836597,0
-3.5232494,-0.05844748,0.58785027,-0.79777867,-0.13181299,-0.58836597,0
-0.5252791,0.22433695,3.1763716,-0.60290927,0.16300024,0.78098094,0
-2.0604315,-0.81568408,-1.1826254,-0.79777867,-0.13181299,-0.58836597,0
3.4850931,-0.53622293,-0.11915624,0.0070396326,-0.9777813,0.20950939,0
2.2152953,0.7432332,1.3085725,0.79777867,0.13181299,0.58836597,0
1.0585321,-0.034068376,-1.7527375,-0.0070396326,0.9777813,-0.20950939,0
-2.5596626,0.11711323,1.8366947,-0.60290927,0.16300024,0.78098094,0
-2.1216488,-0.7012068,-1.1540447,0.0070396326,-0.9777813,0.20950939,0
0.88461059,0.80217928,3.1914184,0.79777867,0.13181299,0.58836597,0
2.4854114,-0.65010738,-1.624514,0.60290927,-0.16300024,-0.78098094,0
-1.2438881,-0.33976555,-2.3736091,-0.79777867,-0.13181299,-0.58836597,0
1.0841267,0.96432853,2.2212112,-0.0070396326,0.9777813,-0.20950939,0
-0.18183336,1.0967653,3.3983817,-0.60290927,0.16300024,0.78098094,0
-0.50722814,1.2734302,3.1580377,-0.60290927,0.16300024,0.78098094,0
3.288815,-0.24522847,-0.32538003,0.79777867,0.13181299,0.58836597,0
0.57797861,-0.94840157,-1.2798557,0.0070396326,-0.9777813,0.20950939,0
-3.3393884,-0.58298331,0.38243517,-0.79777867,-0.13181299,-0.58836597,0
1.4391569,0.34245494,-1.0809128,-0.0070396326,0.9777813,-0.20950939,0
1.7111332,-1.0391421,-2.118752,0.0070396326,-0.9777813,0.20950939,0
1.1873248,-0.11209431,-2.7219496,0.60290927,-0.16300024,-0.78098094,0
-1.0949748,0.19851847,2.8870497,-0.60290927,0.16300024,0.78098094,0
-1.7501829,-0.20854309,-1.9842445,-0.79777867,-0.13181299,-0.58836597,0
1.3392243,-1.1036094,-2.4736729,0.60290927,-0.16300024,-0.78098094,0
-0.10996127,-0.0025538467,-2.1492441,-0.0070396326,0.9777813,-0.20950939,0
0.42945167,0.2014024,3.1369143,0.0070396326,-0.9777813,0.20950939,0
3.4830174,-0.63971323,-1.1743412,0.60290927,-0.16300024,-0.78098094,0
2.9729676,-0.97836494,-1.4519141,0.60290927,-0.16300024,-0.78098094,0
-0.24792579,-0.2814458,1.1934057,0.0070396326,-0.9777813,0.20950939,0
1.3510474,0.0098495465,-2.3790588,-0.0070396326,0.9777813,-0.20950939,0
-2.6757362,0.068170711,1.9907629,-0.60290927,0.16300024,0.78098094,0
-1.439646,0.81380987,2.4054475,-0.60290927,0.16300024,0.78098094,0
-1.0599834,0.93861264,2.5733931,-0.60290927,0.16300024,0.78098094,0
-2.4044259,-0.28959721,-1.0744232,-0.79777867,-0.13181299,-0.58836597,0
1.7900593,-0.46607387,-2.6044774,0.60290927,-0.16300024,-0.78098094,0
-0.20233861,-0.69130152,-1.3483773,0.0070396326,-0.9777813,0.20950939,0
2.9092917,0.29794034,-1.6965566,0.60290927,-0.16300024,-0.78098094,0
-2.7893825,-0.056959622,1.6470213,-0.60290927,0.16300024,0.78098094,0
-3.1142888,-0.35158616,0.036473513,-0.79777867,-0.13181299,-0.58836597,0
-3.642854,0.15498587,0.36414129,-0.79777867,-0.13181299,-0.58836597,0
-2.1710968,-0.52412295,0.69299549,0.0070396326,-0.9777813,0.20950939,0
-3.6096334,0.058450371,0.89285666,-0.60290927,0.16300024,0.78098094,0
2.0728598,0.32687411,1.2212327,0.79777867,0.13181299,0.58836597,0
0.27635846,0.13262634,-2.2681079,-0.0070396326,0.9777813,-0.20950939,0
-2.5860755,0.021627203,2.0121536,-0.60290927,0.16300024,0.78098094,0
3.5389435,-0.011420161,-0.7807675,0.79777867,0.13181299,0.58836597,0
2.7756987,0.23593935,0.11557944,0.79777867,0.13181299,0.58836597,0
1.9886203,0.68825662,1.5130948,0.79777867,0.13181299,0.58836597,0
1.6382127,-0.79324669,-0.67173505,0.0070396326,-0.9777813,0.20950939,0
2.9083343,-0.1864204,0.43719107,0.79777867,0.13181299,0.58836597,0
0.7095294,-1.0589312,-2.8223357,0.60290927,-0.16300024,-0.78098094,0
-1.9529774,-0.6864146,-0.095882997,0.0070396326,-0.9777813,0.20950939,0
1.2886103,-0.40439042,-2.6244609,0.60290927,-0.16300024,-0.78098094,0
1.214274,-0.4168815,0.30692118,0.0070396326,-0.9777813,0.20950939,0
-2.2204828,0.31731087,-1.1041725,-0.0070396326,0.9777813,-0.20950939,0
-3.3154023,0.47700852,0.99397016,-0.60290927,0.16300024,0.78098094,0
0.26509994,0.070463613,-1.7357241,-0.0070396326,0.9777813,-0.20950939,0
-3.2998097,0.60003561,1.3617337,-0.60290927,0.16300024,0.78098094,0
2.9965277,-0.32644218,-1.6402829,0.60290927,-0.16300024,-0.78098094,0
-1.2364746,0.2186113,2.9957194,-0.60290927,0.16300024,0.78098094,0
2.3078055,-0.19274542,-1.9925771,0.60290927,-0.16300024,-0.78098094,0
-2.1630445,0.79075962,1.8809943,-0.60290927,0.16300024,0.78098094,0
0.46851563,-0.39398968,0.2476729,0.0070396326,-0.9777813,0.20950939,0
1.730028,-0.22065878,-2.6951218,0.60290927,-0.16300024,-0.78098094,0
-1.0182204,0.69486403,0.49450195,-0.0070396326,0.9777813,-0.20950939,0
-0.62598109,0.51030648,0.90188026,-0.0070396326,0.9777813,-0.20950939,0
2.3079591,-0.78326416,-1.5562463,0.0070396326,-0.9777813,0.20950939,0
3.5962927,-0.74342573,-0.79041845,0.60290927,-0.16300024,-0.78098094,0
-0.53498185,-0.9748835,-2.5246758,0.0070396326,-0.9777813,0.20950939,0
0.76030803,0.13925427,-1.5292284,-0.0070396326,0.9777813,-0.20950939,0
-1.4278581,-0.76923871,-1.5983739,0.0070396326,-0.9777813,0.20950939,0
-0.6954515,-0.41522938,-3.0141063,-0.79777867,-0.13181299,-0.58836597,0
1.173955,0.32010737,2.4758005,0.79777867,0.13181299,0.58836597,0
-3.8857594,0.52676094,0.75870138,-0.60290927,0.16300024,0.78098094,0
0.46036884,-1.1905566,-3.2026043,0.0070396326,-0.9777813,0.20950939,0
1.6905034,0.89892477,0.88706881,-0.0070396326,0.9777813,-0.20950939,0
-0.70351684,-0.52957767,-3.3807249,-0.79777867,-0.13181299,-0.58836597,0
0.701882,0.58432728,1.1105124,-0.0070396326,0.9777813,-0.20950939,0
0.92141426,0.21585515,2.7988276,0.79777867,0.13181299,0.58836597,0
-1.6937597,0.59990829,2.1794796,-0.60290927,0.16300024,0.78098094,0
-3.6249342,0.56474769,0.68840498,-0.79777867,-0.13181299,-0.58836597,0
-0.086210519,-0.29156631,0.50956941,0.0070396326,-0.9777813,0.20950939,0
2.7269707,-0.014060438,-1.5199894,0.60290927,-0.16300024,-0.78098094,0
2.74016,-0.87687099,-0.99823821,0.0070396326,-0.9777813,0.20950939,0
-0.29200444,1.301188,3.4456749,-0.60290927,0.16300024,0.78098094,0
-2.4238646,0.30392271,-1.1742005,-0.79777867,-0.13181299,-0.58836597,0
-2.6880805,0.11702378,-0.4406234,-0.79777867,-0.13181299,-0.58836597,0
-0.94374567,-0.022185132,-2.8303263,-0.79777867,-0.13181299,-0.58836597,0
2.3876746,0.24510148,1.0830524,0.79777867,0.13181299,0.58836597,0
0.42752746,-0.48988289,-0.52104312,0.0070396326,-0.9777813,0.20950939,0
-0.10534647,-0.095061034,-2.7360375,-0.0070396326,0.9777813,-0.20950939,0
0.67665452,-0.49348593,0.22048064,0.0070396326,-0.9777813,0.20950939,0
2.999733,-0.037173778,-0.14647987,0.79777867,0.13181299,0.58836597,0
-1.4944127,0.23419611,2.4308703,-0.60290927,0.16300024,0.78098094,0
1.7095351,0.42875713,2.1105249,0.79777867,0.13181299,0.58836597,0
-2.3508134,-0.28216988,-1.2127255,-0.79777867,-0.13181299,-0.58836597,0
-2.1648352,0.64793336,1.8332926,-0.60290927,0.16300024,0.78098094,0
-1.7843938,0.36073661,2.3203931,-0.60290927,0.16300024,0.78098094,0
-3.3919158,0.46969914,0.67931765,-0.0070396326,0.9777813,-0.20950939,0
-2.4925013,-0.045107782,-0.66780245,-0.79777867,-0.13181299,-0.58836597,0
0.0011206567,-0.22712579,0.84414303,0.0070396326,-0.9777813,0.20950939,0
0.90831429,0.7939477,2.8817801,0.79777867,0.13181299,0.58836597,0
0.18200815,1.2550411,3.4196663,0.79777867,0.13181299,0.58836597,0
-0.23400497,-0.4500905,0.19476995,0.0070396326,-0.9777813,0.20950939,0
2.5431154,-0.59908068,-1.6242945,0.60290927,-0.16300024,-0.78098094,0
1.4975954,0.42052746,-0.53864413,-0.0070396326,0.9777813,-0.20950939,0
0.82707083,0.71766019,2.8788309,0.79777867,0.13181299,0.58836597,0
3.8359044,0.085464478,-0.74856561,0.79777867,0.13181299,0.58836597,0
-3.3068933,-0.0043962151,1.4285156,-0.60290927,0.16300024,0.78098094,0
-1.5238898,-0.74255359,-0.87794966,0.0070396326,-0.9777813,0.20950939,0
1.417069,0.81417352,2.3061306,0.79777867,0.13181299,0.58836597,0
-1.1000563,0.57233971,2.9263711,-0.60290927,0.16300024,0.78098094,0
3.3989038,-0.34277463,-0.92356306,0.60290927,-0.16300024,-0.78098094,0
-0.31577995,-1.123715,-3.4365489,-0.79777867,-0.13181299,-0.58836597,0
-2.6494167,0.62920791,1.4559216,-0.60290927,0.16300024,0.78098094,0
1.1889362,-1.2419751,-2.838469,0.60290927,-0.16300024,-0.78098094,0
0.13239589,1.0757705,2.6202826,-0.0070396326,0.9777813,-0.20950939,0
0.71553004,-0.20667972,-3.2389679,0.60290927,-0.16300024,-0.78098094,0
1.927223,0.14167655,1.4908336,0.79777867,0.13181299,0.58836597,0
-2.1315131,-0.14599971,-1.2891934,-0.79777867,-0.13181299,-0.58836597,0
1.0691695,0.47052383,2.8293514,0.79777867,0.13181299,0.58836597,0
-2.4279561,-0.66739762,-0.6775226,-0.79777867,-0.13181299,-0.58836597,0
-1.6722205,-0.1460142,-2.0536432,-0.79777867,-0.13181299,-0.58836597,0
-2.390173,0.70573813,0.83671868,-0.0070396326,0.9777813,-0.20950939,0
-2.3551142,-0.49343872,-1.1222602,-0.79777867,-0.13181299,-0.58836597,0
-2.7132883,-0.038102001,-0.60624695,-0.79777867,-0.13181299,-0.58836597,0
-2.7514403,0.78376269,1.4618598,-0.60290927,0.16300024,0.78098094,0
-2.0041077,1.0514013,2.2784476,-0.60290927,0.16300024,0.78098094,0
2.0345464,-0.86422122,-0.87486339,0.0070396326,-0.9777813,0.20950939,0
-0.85944116,-0.22938974,-3.1898327,-0.79777867,-0.13181299,-0.58836597,0
-0.68562937,-0.2092455,2.1824477,0.0070396326,-0.9777813,0.20950939,0
2.2834566,0.03028518,1.3041735,0.79777867,0.13181299,0.58836597,0
-2.4857249,0.83450174,1.8336323,-0.60290927,0.16300024,0.78098094,0
-1.5841168,-0.46926844,-2.3159759,-0.79777867,-0.13181299,-0.58836597,0
3.319593,-0.60900831,-0.068793714,0.0070396326,-0.9777813,0.20950939,0
-3.4527917,0.27672687,0.033171803,-0.79777867,-0.13181299,-0.58836597,0
2.8376997,0.29715258,0.45858961,0.79777867,0.13181299,0.58836597,0
-1.1259269,0.81371814,1.4964716,-0.0070396326,0.9777813,-0.20950939,0
1.3835146,-0.88601613,-2.5829449,0.60290927,-0.16300024,-0.78098094,0
-1.9819951,-0.84959376,-1.3850453,-0.79777867,-0.13181299,-0.58836597,0
-0.67877269,-0.91067106,-1.3066528,0.0070396326,-0.9777813,0.20950939,0
-1.459404,0.68209124,1.5441909,-0.0070396326,0.9777813,-0.20950939,0
0.81997567,0.099974617,2.7951412,0.79777867,0.13181299,0.58836597,0
1.7239052,0.57717597,2.0071254,0.79777867,0.13181299,0.58836597,0
-0.63019443,-0.38905936,-3.0882092,-0.79777867,-0.13181299,-0.58836597,0
2.2211604,0.7464211,1.3674338,0.79777867,0.13181299,0.58836597,0
-0.28934678,0.36299202,3.4241006,-0.60290927,0.16300024,0.78098094,0
-1.9421098,-0.090794951,-1.8638107,-0.79777867,-0.13181299,-0.58836597,0
0.59033966,-0.085344374,-2.2301419,-0.0070396326,0.9777813,-0.20950939,0
-2.1871967,-0.33216804,-1.4073852,-0.79777867,-0.13181299,-0.58836597,0
-2.8291972,0.4833113,-0.23751831,-0.79777867,-0.13181299,-0.58836597,0
0.082006276,0.52943832,3.8184705,-0.60290927,0.16300024,0.78098094,0
0.94529748,-0.96772426,-3.1601341,0.60290927,-0.16300024,-0.78098094,0
-0.9886995,0.61482912,2.9898028,-0.60290927,0.16300024,0.78098094,0
2.930268,-0.87283754,-1.4065585,0.60290927,-0.16300024,-0.78098094,0
1.8376877,-0.67200255,-2.421113,0.60290927,-0.16300024,-0.78098094,0
-0.89370382,-0.12929171,-3.2555237,-0.79777867,-0.13181299,-0.58836597,0
2.4546309,0.35139447,1.1467285,0.79777867,0.13181299,0.58836597,0
-1.980181,-0.80388385,-1.49403,-0.79777867,-0.13181299,-0.58836597,0
-0.14660442,-1.3767966,-3.893837,0.60290927,-0.16300024,-0.78098094,0
1.9686764,0.21264845,1.8059664,0.79777867,0.13181299,0.58836597,0
1.2873951,-0.19376267,-2.7645974,0.60290927,-0.16300024,-0.78098094,0
-0.31207091,-0.99261934,-1.5823522,0.0070396326,-0.9777813,0.20950939,0
-3.5501122,0.33254063,1.2166239,-0.60290927,0.16300024,0.78098094,0
-1.8443906,0.71479368,1.1902294,-0.0070396326,0.9777813,-0.20950939,0
1.478965,0.04174877,1.9100831,0.0070396326,-0.9777813,0.20950939,0
2.7184353,0.49611431,0.26440409,-0.0070396326,0.9777813,-0.20950939,0
-0.75471723,1.1406053,2.8410432,-0.60290927,0.16300024,0.78098094,0
-0.36224064,0.006744951,-1.9637663,-0.0070396326,0.9777813,-0.20950939,0
-1.1584607,0.033187751,2.9395213,-0.60290927,0.16300024,0.78098094,0
2.2488215,0.2907064,0.94335204,0.79777867,0.13181299,0.58836597,0
1.4725779,-0.96074283,-2.5136237,0.60290927,-0.16300024,-0.78098094,0
-1.9345155,0.084126279,2.4834089,-0.60290927,0.16300024,0.78098094,0
-2.7038221,0.99093276,1.4415936,-0.60290927,0.16300024,0.78098094,0
-1.3237226,-0.21711797,2.310508,0.0070396326,-0.9777813,0.20950939,0
2.5144367,-0.16636866,-2.0520391,0.60290927,-0.16300024,-0.78098094,0
0.10751802,0.82110518,3.8771577,-0.60290927,0.16300024,0.78098094,0
1.5695013,-0.75168782,-2.5175757,0.60290927,-0.16300024,-0.78098094,0
-2.7606926,0.088934764,-0.727799,-0.79777867,-0.13181299,-0.58836597,0
1.43054,0.44206643,-1.2186164,-0.0070396326,0.9777813,-0.20950939,0
-0.87900639,0.92394501,3.1364107,-0.60290927,0.16300024,0.78098094,0
-2.9077256,-0.069717586,-0.097247988,-0.79777867,-0.13181299,-0.58836597,0
-0.14935662,0.67529488,0.032500528,-0.0070396326,0.9777813,-0.20950939,0
-3.2496653,0.57867634,1.1027334,-0.60290927,0.16300024,0.78098094,0
-0.22019342,1.0002803,2.7644,-0.0070396326,0.9777813,-0.20950939,0
0.65305853,0.92931885,1.2950724,-0.0070396326,0.9777813,-0.20950939,0
0.054140925,-0.9107855,-3.6060216,0.60290927,-0.16300024,-0.78098094,0
0.089244783,0.54497164,3.8431692,0.79777867,0.13181299,0.58836597,0
-2.4056106,0.71255618,1.7145638,-0.60290927,0.16300024,0.78098094,0
2.8779347,-0.75761044,-1.5583121,0.60290927,-0.16300024,-0.78098094,0
1.774294,-0.86361808,-1.6611354,0.0070396326,-0.9777813,0.20950939,0
0.43474197,0.6823138,3.7347505,0.79777867,0.13181299,0.58836597,0
1.3612721,0.24905089,-1.8140132,-0.0070396326,0.9777813,-0.20950939,0
0.26782593,-0.56362301,-3.3244615,0.60290927,-0.16300024,-0.78098094,0
0.2328047,-0.62696528,-3.7118461,0.60290927,-0.16300024,-0.78098094,0
3.5907373,0.073725045,-1.2619586,0.60290927,-0.16300024,-0.78098094,0
-1.5277882,-0.57177997,-1.92902,-0.79777867,-0.13181299,-0.58836597,0
2.3142071,0.023818515,-2.038733,0.60290927,-0.16300024,-0.78098094,0
-2.1011035,0.3515968,-0.27927452,-0.0070396326,0.9777813,-0.20950939,0
2.5953896,0.19390856,0.39016479,0.79777867,0.13181299,0.58836597,0
1.1377008,0.22621526,2.7743394,0.0070396326,-0.9777813,0.20950939,0
1.987841,-0.045564927,-2.172848,-0.0070396326,0.9777813,-0.20950939,0
-0.86564952,0.0081532197,2.8253403,0.0070396326,-0.9777813,0.20950939,0
-0.12272078,-0.98925662,-3.7390718,-0.79777867,-0.13181299,-0.58836597,0
0.50178933,-1.2909284,-3.2015185,0.0070396326,-0.9777813,0.20950939,0
1.8934056,-0.88109857,-2.4403691,0.60290927,-0.16300024,-0.78098094,0
-0.84465986,0.65695071,0.047721699,-0.0070396326,0.9777813,-0.20950939,0
-0.063407488,-0.24118872,0.39251444,0.0070396326,-0.9777813,0.20950939,0
3.2765911,0.38842148,-0.89293712,-0.0070396326,0.9777813,-0.20950939,0
1.8631415,-0.94021511,-2.323807,0.60290927,-0.16300024,-0.78098094,0
1.1085393,0.55970502,2.4144416,0.79777867,0.13181299,0.58836597,0
0.73167574,-0.5727464,0.64252502,0.0070396326,-0.9777813,0.20950939,0
-3.5312459,0.091769412,0.28975767,-0.79777867,-0.13181299,-0.58836597,0
-0.23332685,-0.25982347,1.7980322,0.0070396326,-0.9777813,0.20950939,0
0.69769347,0.26133436,3.1063137,0.0070396326,-0.9777813,0.20950939,0
-0.64784312,0.41278654,3.1994967,-0.60290927,0.16300024,0.78098094,0
0.43174687,-0.018660922,-3.396831,-0.0070396326,0.9777813,-0.20950939,0
1.2234747,0.78246528,2.5574555,0.79777867,0.13181299,0.58836597,0
-2.6778369,0.21510278,-0.80360675,-0.79777867,-0.13181299,-0.58836597,0
2.4672899,-0.091223702,-1.9021132,0.60290927,-0.16300024,-0.78098094,0
1.3419816,-0.62069917,-0.63020813,0.0070396326,-0.9777813,0.20950939,0
2.3585272,0.054118194,1.0130674,0.79777867,0.13181299,0.58836597,0
0.058021218,1.1694596,3.7101045,0.79777867,0.13181299,0.58836597,0
0.31665868,-0.75706518,-3.5149322,0.60290927,-0.16300024,-0.78098094,0
3.7002811,-0.54943287,-0.70779747,0.79777867,0.13181299,0.58836597,0
1.0592759,-0.72416645,-1.1490645,0.0070396326,-0.9777813,0.20950939,0
2.9219122,0.56081045,0.24226473,-0.0070396326,0.9777813,-0.20950939,0
3.2403498,0.26034358,-0.3849524,0.79777867,0.13181299,0.58836597,0
-2.862498,-0.42638654,-0.2481066,-0.79777867,-0.13181299,-0.58836597,0
-0.90367746,-0.47263056,-2.6425524,-0.79777867,-0.13181299,-0.58836597,0
2.6053576,-0.29392248,0.89042675,0.79777867,0.13181299,0.58836597,0
-3.211889,0.32941717,0.15071464,-0.79777867,-0.13181299,-0.58836597,0
-1.2300601,-0.39650604,-2.7849131,-0.79777867,-0.13181299,-0.58836597,0
0.11542365,-0.46268541,-3.483506,0.60290927,-0.16300024,-0.78098094,0
-0.12850507,-0.39910963,0.67557192,0.0070396326,-0.9777813,0.20950939,0
0.62613887,1.0492649,2.4259255,-0.0070396326,0.9777813,-0.20950939,0
0.46503192,0.22677518,3.2121758,0.0070396326,-0.9777813,0.20950939,0
0.67456323,0.43994281,-0.61045092,-0.0070396326,0.9777813,-0.20950939,0
1.8302922,0.3955822,1.6347342,0.79777867,0.13181299,0.58836597,0
-2.5513501,-0.10249659,-0.53100425,-0.79777867,-0.13181299,-0.58836597,0
-3.4365454,-0.42015132,1.296083,-0.60290927,0.16300024,0.78098094,0
3.6995921,-0.16421774,-1.1598413,0.60290927,-0.16300024,-0.78098094,0
0.34140727,0.58652669,1.2305499,-0.0070396326,0.9777813,-0.20950939,0
2.6939836,-0.30028707,-1.671978,0.60290927,-0.16300024,-0.78098094,0
1.1053567,-0.021994134,-2.140075,-0.0070396326,0.9777813,-0.20950939,0
-2.6484303,0.076356664,-0.81184739,-0.79777867,-0.13181299,-0.58836597,0
0.18709403,-0.31697005,1.6656616,0.0070396326,-0.9777813,0.20950939,0
-0.70497185,-0.39689195,-3.5002284,-0.79777867,-0.13181299,-0.58836597,0
0.47588408,0.93842798,3.0669901,0.79777867,0.13181299,0.58836597,0
-2.1469316,-0.038983315,-1.2074795,-0.79777867,-0.13181299,-0.58836597,0
-2.4194748,0.39996001,-0.1925679,-0.0070396326,0.9777813,-0.20950939,0
1.2382331,0.23271465,2.3838921,0.79777867,0.13181299,0.58836597,0
3.5334005,0.27503982,-0.94238019,0.60290927,-0.16300024,-0.78098094,0
-2.1582046,0.67480618,1.7873363,-0.60290927,0.16300024,0.78098094,0
1.521516,0.94058102,1.979066,0.79777867,0.13181299,0.58836597,0
2.9573145,-0.18905394,-1.3351506,0.60290927,-0.16300024,-0.78098094,0
0.87791413,0.012321387,-2.597579,-0.0070396326,0.9777813,-0.20950939,0
-0.93649173,0.24067032,-0.54522645,-0.0070396326,0.9777813,-0.20950939,0
-2.6760838,0.42708433,0.63627243,-0.0070396326,0.9777813,-0.20950939,0
0.061536074,0.52886057,3.9428759,-0.60290927,0.16300024,0.78098094,0
-2.5691693,0.28418884,-0.81327069,-0.79777867,-0.13181299,-0.58836597,0
0.63781524,-0.07879395,2.0089898,0.0070396326,-0.9777813,0.20950939,0
-2.5898259,0.092328608,-0.70981741,-0.79777867,-0.13181299,-0.58836597,0
-2.6131368,-0.35432494,1.4458408,0.0070396326,-0.9777813,0.20950939,0
-3.1746573,0.75033522,1.1738179,-0.60290927,0.16300024,0.78098094,0
-0.31798112,0.33685145,3.302834,-0.60290927,0.16300024,0.78098094,0
0.39461279,0.77766341,3.2044077,0.79777867,0.13181299,0.58836597,0
-2.7801945,0.25397602,1.5962212,-0.60290927,0.16300024,0.78098094,0
1.0937787,0.045128614,1.8754188,0.0070396326,-0.9777813,0.20950939,0
-3.6543009,-0.27356818,0.77645594,-0.79777867,-0.13181299,-0.58836597,0
0.70040035,0.77387893,0.85612059,-0.0070396326,0.9777813,-0.20950939,0
1.379127,1.0820723,1.685647,-0.0070396326,0.9777813,-0.20950939,0
-2.3762982,0.79712826,1.7654711,-0.0070396326,0.9777813,-0.20950939,0
-2.0074859,0.48665315,-0.60158986,-0.0070396326,0.9777813,-0.20950939,0
-0.5713312,-0.32850918,0.073920302,0.0070396326,-0.9777813,0.20950939,0
0.015408128,1.2362921,2.5888472,-0.0070396326,0.9777813,-0.20950939,0
-1.8375556,-0.88273877,-1.0106314,0.0070396326,-0.9777813,0.20950939,0
-0.8162306,0.82508576,1.6520475,-0.0070396326,0.9777813,-0.20950939,0
1.4427695,-0.71142161,-0.85931361,0.0070396326,-0.9777813,0.20950939,0
-1.6093103,-0.81261045,-1.5331534,0.0070396326,-0.9777813,0.20950939,0
2.7173047,-0.51177746,-0.44572243,0.0070396326,-0.9777813,0.20950939,0
0.70024669,-0.8360762,-1.8295288,0.0070396326,-0.9777813,0.20950939,0
0.48814261,1.0611938,3.6133528,0.79777867,0.13181299,0.58836597,0
-1.9069197,0.11485284,2.2478647,0.0070396326,-0.9777813,0.20950939,0
2.2995908,0.48466063,1.2219772,0.79777867,0.13181299,0.58836597,0
-0.18747789,0.11030899,3.2462583,0.0070396326,-0.9777813,0.20950939,0
-2.5096645,1.0098197,1.7674553,-0.60290927,0.16300024,0.78098094,0
3.6472051,-0.27747944,-1.1996329,0.60290927,-0.16300024,-0.78098094,0
-0.52207452,0.57570672,3.2738566,-0.60290927,0.16300024,0.78098094,0
2.9675827,-0.086667851,0.024999857,0.79777867,0.13181299,0.58836597,0
1.4019823,-0.57667369,-2.5502901,0.60290927,-0.16300024,-0.78098094,0
-2.9156771,-0.018985108,1.752001,0.0070396326,-0.9777813,0.20950939,0
-0.57131946,1.0241958,3.2073693,-0.60290927,0.16300024,0.78098094,0
2.360085,-0.38484108,0.95156074,0.0070396326,-0.9777813,0.20950939,0
0.42388117,1.1482956,3.7349634,0.79777867,0.13181299,0.58836597,0
1.4900153,-0.32180947,-2.6368225,0.60290927,-0.16300024,-0.78098094,0
-1.2215455,0.46164915,0.44909185,-0.0070396326,0.9777813,-0.20950939,0
-1.4213576,0.27932772,2.4418464,-0.60290927,0.16300024,0.78098094,0
3.9622314,-0.40512466,-0.70000583,0.79777867,0.13181299,0.58836597,0
0.14986867,0.041424584,-1.7846582,-0.0070396326,0.9777813,-0.20950939,0
2.7505717,-0.031841874,-1.772272,0.60290927,-0.16300024,-0.78098094,0
-3.8463206,0.4344973,0.99551046,-0.60290927,0.16300024,0.78098094,0
-0.73651004,0.87227958,3.294816,-0.60290927,0.16300024,0.78098094,0
1.3377548,0.085818507,-1.977237,-0.0070396326,0.9777813,-0.20950939,0
0.10842678,0.22528906,3.5061054,0.0070396326,-0.9777813,0.20950939,0
0.16419452,0.58188528,3.7392693,0.79777867,0.13181299,0.58836597,0
0.15268476,-0.48680362,0.65359521,0.0070396326,-0.9777813,0.20950939,0
-2.2884846,0.8440789,1.9817395,-0.60290927,0.16300024,0.78098094,0
0.66102159,-0.79823226,-1.9894457,0.0070396326,-0.9777813,0.20950939,0
0.25124556,-0.2892817,0.70731264,0.0070396326,-0.9777813,0.20950939,0
-0.68311524,0.017509155,-2.0893016,-0.0070396326,0.9777813,-0.20950939,0
-1.8975482,-0.74288213,-0.9272179,0.0070396326,-0.9777813,0.20950939,0
3.3019335,0.29449803,-0.27292612,0.79777867,0.13181299,0.58836597,0
1.290884,-0.96475279,-2.851125,0.60290927,-0.16300024,-0.78098094,0
0.044171318,-0.29408181,1.6727296,0.0070396326,-0.9777813,0.20950939,0
-2.0196066,0.11198725,-1.2882326,-0.79777867,-0.13181299,-0.58836597,0
-0.57506096,1.1174139,2.8083084,-0.0070396326,0.9777813,-0.20950939,0
0.67354584,-0.83712709,-2.9905114,0.60290927,-0.16300024,-0.78098094,0
3.2134323,0.38784462,-0.26200071,0.79777867,0.13181299,0.58836597,0
0.70482206,-0.97967291,-2.8245478,0.0070396326,-0.9777813,0.20950939,0
1.0505495,-1.0544062,-2.1540089,0.0070396326,-0.9777813,0.20950939,0
-1.3426807,0.1604937,-1.4354516,-0.0070396326,0.9777813,-0.20950939,0
0.98182338,0.3090086,-1.3483238,-0.0070396326,0.9777813,-0.20950939,0
-0.43152994,1.0535308,3.183378,-0.60290927,0.16300024,0.78098094,0
-2.0896833,0.15226416,-1.1405088,-0.79777867,-0.13181299,-0.58836597,0
-1.0067542,-0.15451556,1.4538797,0.0070396326,-0.9777813,0.20950939,0
1.6369532,-0.67147571,-1.0137725,0.0070396326,-0.9777813,0.20950939,0
3.3615539,0.4607113,-0.44700837,0.79777867,0.13181299,0.58836597,0
-2.5513456,0.23186891,-0.9008227,-0.79777867,-0.13181299,-0.58836597,0
-2.3623271,-0.44137627,-1.0961549,-0.79777867,-0.13181299,-0.58836597,0
-0.39696336,-0.67123008,-3.5680633,-0.79777867,-0.13181299,-0.58836597,0
1.1311336,-0.38551089,-0.25758454,0.0070396326,-0.9777813,0.20950939,0
-2.8397629,-0.25348005,1.072485,0.0070396326,-0.9777813,0.20950939,0
2.2858996,-0.14052497,1.4326675,0.79777867,0.13181299,0.58836597,0
-1.3114128,-0.87045872,-2.4082258,-0.79777867,-0.13181299,-0.58836597,0
-3.230603,-0.031052426,1.5375934,-0.60290927,0.16300024,0.78098094,0
2.2136254,0.219033,1.4414979,0.79777867,0.13181299,0.58836597,0
-0.7936672,0.54913723,-0.34656876,-0.0070396326,0.9777813,-0.20950939,0
-3.6752889,0.11480492,1.091617,-0.60290927,0.16300024,0.78098094,0
2.4554145,0.16151191,-2.0531545,0.60290927,-0.16300024,-0.78098094,0
-0.66768247,0.67883211,2.9870784,-0.60290927,0.16300024,0.78098094,0
2.8094914,-0.3414557,0.77683347,0.79777867,0.13181299,0.58836597,0
-0.43278322,0.83502948,3.2884848,-0.60290927,0.16300024,0.78098094,0
-1.0468979,0.47594151,2.8598282,-0.60290927,0.16300024,0.78098094,0
-3.7265098,0.56719446,0.95172441,-0.79777867,-0.13181299,-0.58836597,0
-2.2816482,-0.56121385,-0.35796726,0.0070396326,-0.9777813,0.20950939,0
-2.022738,-0.68743038,-1.5629483,-0.79777867,-0.13181299,-0.58836597,0
-0.83466566,-1.0564561,-1.6247323,0.0070396326,-0.9777813,0.20950939,0
-1.7379693,-0.74053359,-0.7561965,0.0070396326,-0.9777813,0.20950939,0
-1.1392777,0.46537024,0.24593656,-0.0070396326,0.9777813,-0.20950939,0
1.9868889,-0.62539232,-1.9364829,0.60290927,-0.16300024,-0.78098094,0
-3.1242566,-0.26754132,1.5318725,0.0070396326,-0.9777813,0.20950939,0
3.0521924,-0.55596918,-1.1572599,0.0070396326,-0.9777813,0.20950939,0
3.3291676,-0.031556651,0.015990466,0.79777867,0.13181299,0.58836597,0
-0.34474745,-0.10476142,2.7085652,0.0070396326,-0.9777813,0.20950939,0
1.1726921,0.21017507,2.331382,0.79777867,0.13181299,0.58836597,0
-2.1372268,-0.016082548,2.2060423,-0.60290927,0.16300024,0.78098094,0
2.7156351,0.23580377,0.83283186,0.79777867,0.13181299,0.58836597,0
0.90729678,-0.53383201,-3.1807551,0.60290927,-0.16300024,-0.78098094,0
0.16314662,0.17463976,3.4876714,0.0070396326,-0.9777813,0.20950939,0
-3.5214016,-0.044738352,1.1839206,-0.60290927,0.16300024,0.78098094,0
0.61674386,-0.23452982,-3.030463,-0.0070396326,0.9777813,-0.20950939,0
-3.0938902,0.22094941,1.4056352,-0.60290927,0.16300024,0.78098094,0
-3.0825224,0.56397927,1.5785649,-0.60290927,0.16300024,0.78098094,0
-3.207927,-0.14662635,0.38692543,-0.79777867,-0.13181299,-0.58836597,0
2.6440914,0.18636176,0.48331481,0.79777867,0.13181299,0.58836597,0
-0.50999522,0.95107585,3.4701149,-0.60290927,0.16300024,0.78098094,0
3.3416131,-0.66492927,-1.2588469,0.60290927,-0.16300024,-0.78098094,0
-0.33352911,0.20176262,-0.68053943,-0.0070396326,0.9777813,-0.20950939,0
-0.16349006,-0.12557808,-3.6906636,-0.0070396326,0.9777813,-0.20950939,0
2.9421566,-0.42821631,-1.3580418,0.60290927,-0.16300024,-0.78098094,0
3.9012027,0.04792881,-1.0314493,0.60290927,-0.16300024,-0.78098094,0
0.32647544,0.56821507,3.7378092,0.79777867,0.13181299,0.58836597,0
0.50039893,0.20844221,3.3528359,0.79777867,0.13181299,0.58836597,0
-3.3038139,0.54098731,1.146117,-0.0070396326,0.9777813,-0.20950939,0
0.29235226,-0.53758985,-3.3715162,0.60290927,-0.16300024,-0.78098094,0
-2.8934751,0.072323367,-0.18109779,-0.79777867,-0.13181299,-0.58836597,0
-3.1132941,-0.17287272,0.23845184,-0.79777867,-0.13181299,-0.58836597,0
0.094546676,-0.03753791,2.9086607,0.0070396326,-0.9777813,0.20950939,0
0.65481144,-1.1213833,-3.264132,0.60290927,-0.16300024,-0.78098094,0
-0.36714101,-0.70859206,-1.298651,0.0070396326,-0.9777813,0.20950939,0
3.2714386,-0.40445089,-1.3331335,0.60290927,-0.16300024,-0.78098094,0
-3.0408356,-0.11311321,-0.0067894459,-0.79777867,-0.13181299,-0.58836597,0
-1.5835338,0.88485336,2.6187119,-0.60290927,0.16300024,0.78098094,0
-0.52793366,-0.21971399,-3.6016445,-0.79777867,-0.13181299,-0.58836597,0
1.5060236,0.87572122,2.2374136,0.79777867,0.13181299,0.58836597,0
2.6055031,0.58925986,0.26036951,0.79777867,0.13181299,0.58836597,0
2.2930043,0.39055517,0.78307867,0.79777867,0.13181299,0.58836597,0
1.8093519,0.5722369,-0.54299235,-0.0070396326,0.9777813,-0.20950939,0
-3.5527794,0.60012591,1.1564486,-0.60290927,0.16300024,0.78098094,0
0.89307892,1.0868379,2.1864908,-0.0070396326,0.9777813,-0.20950939,0
1.284319,0.037468206,-2.2192707,-0.0070396326,0.9777813,-0.20950939,0
-2.7205217,0.33887398,-0.57295734,-0.79777867,-0.13181299,-0.58836597,0
-3.2799773,0.38826162,0.16234624,-0.79777867,-0.13181299,-0.58836597,0
0.90835571,0.27285632,2.9753945,0.79777867,0.13181299,0.58836597,0
1.9372873,0.24204209,-1.1492931,-0.0070396326,0.9777813,-0.20950939,0
0.41364318,-0.51214182,-0.63619077,0.0070396326,-0.9777813,0.20950939,0
-2.4029317,0.3532812,-0.92509413,-0.0070396326,0.9777813,-0.20950939,0
2.1360893,0.64403534,0.92544973,0.79777867,0.13181299,0.58836597,0
0.2827304,-0.18744329,-3.4960523,0.60290927,-0.16300024,-0.78098094,0
-0.28838462,-1.0544297,-3.6947937,0.60290927,-0.16300024,-0.78098094,0
2.8131552,0.24021107,0.20121984,0.79777867,0.13181299,0.58836597,0
0.44729248,0.0065824836,-2.2115211,-0.0070396326,0.9777813,-0.20950939,0
2.5353315,-0.099849932,-2.0130219,0.60290927,-0.16300024,-0.78098094,0
-1.460572,-0.51041675,-2.1316285,-0.79777867,-0.13181299,-0.58836597,0
-3.6867592,-0.40507305,0.89943463,-0.79777867,-0.13181299,-0.58836597,0
-2.548326,0.23889688,-0.69275194,-0.0070396326,0.9777813,-0.20950939,0
-1.9779197,0.9189136,1.043106,-0.0070396326,0.9777813,-0.20950939,0
0.5664866,-0.11043726,-3.2862713,0.60290927,-0.16300024,-0.78098094,0
0.51637363,0.34341049,-1.5740926,-0.0070396326,0.9777813,-0.20950939,0
-2.1709931,-0.53016365,-0.9132157,-0.79777867,-0.13181299,-0.58836597,0
-2.7063117,-0.43242097,-0.32789573,-0.79777867,-0.13181299,-0.58836597,0
-1.0497468,-0.69095594,-2.8897171,-0.79777867,-0.13181299,-0.58836597,0
-1.679924,-0.84686911,-1.8401517,-0.79777867,-0.13181299,-0.58836597,0
-2.1349649,0.14485188,-0.72825664,-0.0070396326,0.9777813,-0.20950939,0
-0.10311046,1.0152603,3.4641247,-0.60290927,0.16300024,0.78098094,0
2.0588391,0.68919194,0.53940612,-0.0070396326,0.9777813,-0.20950939,0
1.5160463,-0.26359499,1.8715957,0.0070396326,-0.9777813,0.20950939,0
3.5176184,0.18026003,-0.51339805,0.79777867,0.13181299,0.58836597,0
-2.2758296,-0.63858652,-0.38719642,0.0070396326,-0.9777813,0.20950939,0
-2.7159123,0.49068385,1.6045604,-0.60290927,0.16300024,0.78098094,0
1.4886127,0.49546644,-0.15693033,-0.0070396326,0.9777813,-0.20950939,0
-3.1636355,0.52033317,1.5208683,-0.60290927,0.16300024,0.78098094,0
0.90799743,-0.47686791,-3.0422122,0.60290927,-0.16300024,-0.78098094,0
2.6511986,-0.47060263,-1.9482586,0.60290927,-0.16300024,-0.78098094,0
-0.80817616,0.11679202,-2.2090518,-0.0070396326,0.9777813,-0.20950939,0
-1.1903969,0.92021054,2.5718803,-0.60290927,0.16300024,0.78098094,0
-2.0513639,0.39362988,2.2082341,-0.60290927,0.16300024,0.78098094,0
0.66796917,1.0027819,3.2207742,0.79777867,0.13181299,0.58836597,0
2.3259296,0.53714263,1.1271358,0.79777867,0.13181299,0.58836597,0
-3.792074,0.37783739,0.76554519,-0.60290927,0.16300024,0.78098094,0
-0.76604503,0.10934772,3.4824629,-0.60290927,0.16300024,0.78098094,0
0.19875038,0.49883875,-0.44599694,-0.0070396326,0.9777813,-0.20950939,0
1.320502,0.84836793,2.3583915,0.79777867,0.13181299,0.58836597,0
-1.0948339,0.13708675,2.7599387,-0.60290927,0.16300024,0.78098094,0
-0.54187965,-1.2901059,-2.8275006,0.0070396326,-0.9777813,0.20950939,0
1.4999769,0.020657115,2.127013,0.79777867,0.13181299,0.58836597,0
0.57509679,0.27470729,-1.3482575,-0.0070396326,0.9777813,-0.20950939,0
-1.6201658,0.54938483,1.1516483,-0.0070396326,0.9777813,-0.20950939,0
1.3040119,-0.27683991,-2.8754885,0.60290927,-0.16300024,-0.78098094,0
2.3674018,0.25054625,0.95081443,0.79777867,0.13181299,0.58836597,0
2.2180305,0.61395723,1.3658819,0.79777867,0.13181299,0.58836597,0
0.70370936,0.60961294,0.46096531,-0.0070396326,0.9777813,-0.20950939,0
-2.0212421,-0.24604559,-1.2293923,-0.79777867,-0.13181299,-0.58836597,0
-3.4579039,-0.50856304,0.58127367,0.0070396326,-0.9777813,0.20950939,0
-2.278739,-0.30575228,-0.88254374,-0.79777867,-0.13181299,-0.58836597,0
1.0547264,-0.19194153,-2.749094,-0.0070396326,0.9777813,-0.20950939,0
-0.14520288,0.3401975,3.2885993,0.0070396326,-0.9777813,0.20950939,0
0.12575236,1.0811319,2.3095803,-0.0070396326,0.9777813,-0.20950939,0
-2.8125939,0.40059978,-0.45943576,-0.79777867,-0.13181299,-0.58836597,0
-2.4970286,0.3691169,1.9153981,-0.60290927,0.16300024,0.78098094,0
-3.607856,-0.050706074,0.67510861,-0.79777867,-0.13181299,-0.58836597,0
-0.37348008,-1.0661912,-3.301048,-0.79777867,-0.13181299,-0.58836597,0
-2.5395639,-0.59756398,0.16878784,0.0070396326,-0.9777813,0.20950939,0
2.874723,0.49519962,0.26586017,0.79777867,0.13181299,0.58836597,0
0.4934417,-0.60142994,-3.2212336,0.60290927,-0.16300024,-0.78098094,0
-0.53170466,-1.091886,-2.8097203,0.0070396326,-0.9777813,0.20950939,0
-0.50916219,0.27807146,-0.50388849,-0.0070396326,0.9777813,-0.20950939,0
3.1010532,-0.002285853,0.18580143,0.79777867,0.13181299,0.58836597,0
2.3629093,0.099329785,0.97597229,0.79777867,0.13181299,0.58836597,0
-0.59762108,-0.86559552,-3.4403238,-0.79777867,-0.13181299,-0.58836597,0
-2.3587658,0.39685193,1.7930502,-0.60290927,0.16300024,0.78098094,0
0.22345394,-0.718099,-3.3525395,0.60290927,-0.16300024,-0.78098094,0
-3.3908005,0.16052343,1.3197551,-0.60290927,0.16300024,0.78098094,0
3.5707963,0.30582756,-0.90835357,0.79777867,0.13181299,0.58836597,0
-0.078261077,-1.1881398,-3.5459619,0.60290927,-0.16300024,-0.78098094,0
-0.4867453,-1.1011051,-3.431819,-0.79777867,-0.13181299,-0.58836597,0
-0.69391525,0.74567372,3.2126875,-0.60290927,0.16300024,0.78098094,0
0.65276492,-0.075300239,2.5383434,0.0070396326,-0.9777813,0.20950939,0
3.756597,-0.27295262,-1.1317649,0.60290927,-0.16300024,-0.78098094,0
0.25102144,-1.26975,-3.4475548,0.60290927,-0.16300024,-0.78098094,0
1.6694863,0.81645352,2.0319824,0.79777867,0.13181299,0.58836597,0
0.77145875,0.81204504,2.1381083,-0.0070396326,0.9777813,-0.20950939,0
