0.45923793,0.82176089,2.2025037,0.1792323,0.086490333,0.97999752,0
-1.8967804,2.7364085,0.024862528,-0.45681953,0.88954502,0.005040586,0
-0.40001273,-0.35498464,-2.6266651,-0.1792323,-0.086490333,-0.97999752,0
-0.9697023,0.12716325,-1.1808904,-0.87131602,-0.44858551,0.19894558,0
-2.1199193,2.8751407,-1.8399329,-0.45681953,0.88954502,0.005040586,0
1.1202233,-0.75260723,2.6102355,0.1792323,0.086490333,0.97999752,0
-1.495592,3.1983409,1.1357355,-0.45681953,0.88954502,0.005040586,0
1.6672199,-3.1344888,2.5337372,0.45681953,-0.88954502,-0.005040586,0
-0.79591513,0.58081138,-2.5130963,-0.1792323,-0.086490333,-0.97999752,0
-1.8299053,2.9104927,0.10119438,-0.45681953,0.88954502,0.005040586,0
-0.29074317,2.9081683,2.2010512,0.1792323,0.086490333,0.97999752,0
-0.0066450834,-2.0365529,-1.9727463,-0.87131602,-0.44858551,0.19894558,0
-0.57042193,0.72196388,-2.564292,-0.1792323,-0.086490333,-0.97999752,0
-1.7233665,3.0488307,-0.54667115,-0.45681953,0.88954502,0.005040586,0
2.2192516,-2.6797767,2.4287124,0.1792323,0.086490333,0.97999752,0
1.9663668,-2.9602792,1.1631985,0.45681953,-0.88954502,-0.005040586,0
-0.10561514,0.20310843,2.4475577,-0.87131602,-0.44858551,0.19894558,0
-1.1646802,1.2015979,-2.3185363,-0.1792323,-0.086490333,-0.97999752,0
-0.98438263,1.3359282,-2.351824,-0.1792323,-0.086490333,-0.97999752,0
0.91315269,-2.6448207,0.94892573,-0.87131602,-0.44858551,0.19894558,0
-0.57631469,1.2054425,-1.4130906,0.87131602,0.44858551,-0.19894558,0
-0.42254931,-0.21339652,-0.64915276,-0.87131602,-0.44858551,0.19894558,0
-1.4556775,1.1639578,-2.5761516,-0.1792323,-0.086490333,-0.97999752,0
-0.98660845,0.2504904,-0.65453565,-0.87131602,-0.44858551,0.19894558,0
1.7205205,-2.9151859,0.19180846,0.45681953,-0.88954502,-0.005040586,0
2.1387298,-2.7647057,2.3344254,0.1792323,0.086490333,0.97999752,0
-2.0642147,2.8251355,-2.2254114,-0.45681953,0.88954502,0.005040586,0
-0.06686306,-0.35571051,-2.6352751,-0.1792323,-0.086490333,-0.97999752,0
-0.8335427,1.695775,2.5654359,0.1792323,0.086490333,0.97999752,0
1.9507599,-3.0048614,1.7916555,0.45681953,-0.88954502,-0.005040586,0
1.0247633,-3.4722629,-1.5296268,0.45681953,-0.88954502,-0.005040586,0
-0.16893709,-0.84749365,-2.5590024,-0.1792323,-0.086490333,-0.97999752,0
0.1903584,-0.014952183,-1.5598603,0.87131602,0.44858551,-0.19894558,0
-0.053360462,-0.96579975,-2.5914454,-0.1792323,-0.086490333,-0.97999752,0
0.13503575,-0.061652839,-1.2542019,0.87131602,0.44858551,-0.19894558,0
0.88372564,-2.3600385,1.179686,-0.87131602,-0.44858551,0.19894558,0
-1.4446628,3.2921658,2.6626072,0.1792323,0.086490333,0.97999752,0
0.57712942,-3.6535683,-2.3878353,0.45681953,-0.88954502,-0.005040586,0
-0.53239006,2.2651246,-0.055003643,0.87131602,0.44858551,-0.19894558,0
-0.72405392,3.0571513,2.542227,0.1792323,0.086490333,0.97999752,0
-0.62872112,2.0445151,-0.60572159,0.87131602,0.44858551,-0.19894558,0
-1.2196387,3.4786582,2.118885,-0.45681953,0.88954502,0.005040586,0
1.7808536,-2.794868,-0.68329048,0.45681953,-0.88954502,-0.005040586,0
-1.1390152,3.1764445,1.981281,-0.45681953,0.88954502,0.005040586,0
-1.2236967,2.5979364,-2.6498528,0.87131602,0.44858551,-0.19894558,0
-0.82790124,0.73115426,0.47493148,-0.87131602,-0.44858551,0.19894558,0
0.57776725,-2.9264669,-1.8260479,-0.87131602,-0.44858551,0.19894558,0
-1.5224231,3.2525353,2.4251847,-0.45681953,0.88954502,0.005040586,0
-1.2197915,0.45616978,-2.1217995,-0.87131602,-0.44858551,0.19894558,0
1.4731317,-1.0856497,2.2656248,0.1792323,0.086490333,0.97999752,0
-0.11392117,1.485981,-0.020126224,0.87131602,0.44858551,-0.19894558,0
-2.0751176,3.087491,-2.1168003,-0.45681953,0.88954502,0.005040586,0
-1.6049879,2.3768611,-2.4758179,-0.1792323,-0.086490333,-0.97999752,0
0.56781799,-1.0958021,-1.9907743,0.87131602,0.44858551,-0.19894558,0
-0.67733437,2.7457817,0.1460278,0.87131602,0.44858551,-0.19894558,0
-0.2559098,1.1651928,2.4034808,0.1792323,0.086490333,0.97999752,0
0.10098624,-0.61944079,2.0134327,-0.87131602,-0.44858551,0.19894558,0
1.0867591,-3.3982115,0.30919743,0.45681953,-0.88954502,-0.005040586,0
-1.0023539,-0.085977614,-2.4664488,-0.1792323,-0.086490333,-0.97999752,0
1.388883,-3.3848453,-1.227519,0.45681953,-0.88954502,-0.005040586,0
1.3443019,-3.0363042,-0.79986811,0.45681953,-0.88954502,-0.005040586,0
-1.5519873,1.4867302,-1.8165356,-0.87131602,-0.44858551,0.19894558,0
-0.63038439,0.58117878,1.1368361,-0.87131602,-0.44858551,0.19894558,0
-0.79777431,2.4981627,2.3155043,0.1792323,0.086490333,0.97999752,0
1.6272142,-1.0071597,2.2320771,0.1792323,0.086490333,0.97999752,0
0.95673651,-3.2705419,-1.3293953,0.45681953,-0.88954502,-0.005040586,0
-1.3603761,3.13483,2.5442333,0.1792323,0.086490333,0.97999752,0
-1.8359134,2.8272588,-1.8938209,-0.45681953,0.88954502,0.005040586,0
0.8917743,0.42434502,2.4337454,0.1792323,0.086490333,0.97999752,0
2.0899076,-2.6380057,2.5657272,0.1792323,0.086490333,0.97999752,0
1.3666828,-2.158304,-0.74755931,0.87131602,0.44858551,-0.19894558,0
-1.1857224,3.4158387,1.8420882,-0.45681953,0.88954502,0.005040586,0
-1.0059712,2.0897353,2.5730209,0.1792323,0.086490333,0.97999752,0
-1.9682686,2.4326365,-2.5355344,-0.1792323,-0.086490333,-0.97999752,0
1.7475854,-2.9538896,0.28625536,0.45681953,-0.88954502,-0.005040586,0
0.8281827,-2.9714675,-2.4590425,-0.1792323,-0.086490333,-0.97999752,0
0.65049577,-2.1506293,0.36901152,-0.87131602,-0.44858551,0.19894558,0
1.7415664,-3.2171211,0.040440321,0.45681953,-0.88954502,-0.005040586,0
0.53020394,-1.2627615,1.2205567,-0.87131602,-0.44858551,0.19894558,0
-0.76800764,2.0273728,-1.4571342,0.87131602,0.44858551,-0.19894558,0
0.22671807,1.2652426,1.6669791,0.87131602,0.44858551,-0.19894558,0
-0.79096806,1.6108586,2.6137066,0.1792323,0.086490333,0.97999752,0
-1.5909619,1.8625706,-2.6100535,-0.1792323,-0.086490333,-0.97999752,0
-1.5864007,3.0910466,-0.11233354,-0.45681953,0.88954502,0.005040586,0
-0.1901803,1.0354128,2.506531,0.1792323,0.086490333,0.97999752,0
0.90750384,-2.5874348,1.6215732,-0.87131602,-0.44858551,0.19894558,0
0.2380271,0.28507829,2.4657106,0.1792323,0.086490333,0.97999752,0
-0.25288081,-0.73338389,-0.19825411,-0.87131602,-0.44858551,0.19894558,0
0.049768925,-1.317372,0.56348425,-0.87131602,-0.44858551,0.19894558,0
-1.0106992,3.4777915,1.3151174,-0.45681953,0.88954502,0.005040586,0
1.3298311,-3.2515121,-1.6444423,0.45681953,-0.88954502,-0.005040586,0
-1.1411756,3.176429,-0.83219433,-0.45681953,0.88954502,0.005040586,0
0.43331438,0.28933978,0.57636887,0.87131602,0.44858551,-0.19894558,0
0.23097128,1.3205253,1.0260973,0.87131602,0.44858551,-0.19894558,0
-1.9733784,3.1071513,-1.4959066,-0.45681953,0.88954502,0.005040586,0
1.1995748,-3.2196183,0.93487263,0.45681953,-0.88954502,-0.005040586,0
0.35584617,-2.8540075,-2.2830386,-0.87131602,-0.44858551,0.19894558,0
1.8590744,-2.8748636,1.5153618,0.45681953,-0.88954502,-0.005040586,0
0.46091723,-0.28419173,2.4827476,0.1792323,0.086490333,0.97999752,0
-1.7254829,3.1146021,0.72296786,-0.45681953,0.88954502,0.005040586,0
-1.8274455,2.9635401,0.17621899,-0.45681953,0.88954502,0.005040586,0
-1.7000057,3.2566414,-0.21950555,-0.45681953,0.88954502,0.005040586,0
0.27976227,1.736449,2.1332541,0.87131602,0.44858551,-0.19894558,0
-1.8127767,2.9134159,0.37421608,-0.45681953,0.88954502,0.005040586,0
-2.0460777,2.0768313,-2.2692864,-0.1792323,-0.086490333,-0.97999752,0
-0.78636909,0.9193722,1.2450435,-0.87131602,-0.44858551,0.19894558,0
0.36390603,-0.92600048,-2.5001364,-0.1792323,-0.086490333,-0.97999752,0
-1.1733288,2.4392498,2.0602689,-0.87131602,-0.44858551,0.19894558,0
1.6706104,-1.5377948,2.5053642,0.1792323,0.086490333,0.97999752,0
-0.79028714,0.058400393,-1.643059,-0.87131602,-0.44858551,0.19894558,0
0.9811554,-0.80841678,2.5723007,0.1792323,0.086490333,0.97999752,0
-0.39275455,1.0533956,2.3379312,0.1792323,0.086490333,0.97999752,0
0.58015239,-2.8473489,-1.2385032,-0.87131602,-0.44858551,0.19894558,0
2.1699994,-2.8591876,2.0446241,0.45681953,-0.88954502,-0.005040586,0
0.43934655,1.2352071,2.3748882,0.1792323,0.086490333,0.97999752,0
-1.8609743,1.7831621,-2.3863797,-0.1792323,-0.086490333,-0.97999752,0
-1.6544189,2.3342004,-2.2891388,-0.1792323,-0.086490333,-0.97999752,0
1.8906362,-3.0923526,0.056955814,0.45681953,-0.88954502,-0.005040586,0
1.114517,-2.1947932,-2.4728889,-0.1792323,-0.086490333,-0.97999752,0
-1.4561157,3.1907811,0.68208528,-0.45681953,0.88954502,0.005040586,0
-1.6819205,3.0202072,-1.2147295,-0.45681953,0.88954502,0.005040586,0
-0.29451931,3.0258002,2.4826858,0.1792323,0.086490333,0.97999752,0
1.3896096,-3.2530718,2.0470014,0.45681953,-0.88954502,-0.005040586,0
-1.8049433,2.7984238,-1.7131064,-0.45681953,0.88954502,0.005040586,0
-1.2540114,0.49354964,-2.542721,-0.1792323,-0.086490333,-0.97999752,0
1.3571391,-2.6589413,-2.1053836,0.87131602,0.44858551,-0.19894558,0
1.4008956,-3.153985,-1.407753,0.45681953,-0.88954502,-0.005040586,0
-0.44264248,0.090529114,0.31958213,-0.87131602,-0.44858551,0.19894558,0
-1.3808304,1.0832155,-1.5102054,-0.87131602,-0.44858551,0.19894558,0
-1.9733796,2.8853438,-1.9620433,-0.45681953,0.88954502,0.005040586,0
-0.20520622,0.14365917,1.1915346,-0.87131602,-0.44858551,0.19894558,0
2.0593653,-2.9504635,2.5348601,0.1792323,0.086490333,0.97999752,0
-1.3151722,3.1841965,0.7874229,-0.45681953,0.88954502,0.005040586,0
-0.018172979,-0.16868007,1.8310734,-0.87131602,-0.44858551,0.19894558,0
-1.8201584,2.995369,-0.72159553,-0.45681953,0.88954502,0.005040586,0
1.6070173,-3.2971501,1.8049362,0.45681953,-0.88954502,-0.005040586,0
0.27719223,-0.22276604,-2.422663,0.87131602,0.44858551,-0.19894558,0
-1.0886495,2.1922326,2.6818535,0.1792323,0.086490333,0.97999752,0
-1.7295578,3.2132912,0.34874511,-0.45681953,0.88954502,0.005040586,0
1.4284549,-2.9959028,0.029646397,0.45681953,-0.88954502,-0.005040586,0
2.1712582,-2.645503,0.93926525,0.45681953,-0.88954502,-0.005040586,0
-1.5946937,2.929379,2.5643222,0.1792323,0.086490333,0.97999752,0
-1.3865147,3.0095801,-0.80953074,-0.45681953,0.88954502,0.005040586,0
1.6412796,-3.167592,-1.1820607,0.45681953,-0.88954502,-0.005040586,0
-0.31154692,2.6914015,1.2594924,0.87131602,0.44858551,-0.19894558,0
0.69698215,-0.11944664,2.2618864,0.1792323,0.086490333,0.97999752,0
-1.4883146,3.2266817,0.02227211,-0.45681953,0.88954502,0.005040586,0
-1.0080215,2.9761105,0.50708508,0.87131602,0.44858551,-0.19894558,0
-2.1476324,2.7794595,-2.1909757,-0.45681953,0.88954502,0.005040586,0
0.59392411,-2.5678394,-2.4728055,-0.1792323,-0.086490333,-0.97999752,0
2.3300927,-2.8760123,1.7016313,0.45681953,-0.88954502,-0.005040586,0
-0.55645317,1.2163624,2.1082182,-0.87131602,-0.44858551,0.19894558,0
1.3275976,-1.6678864,2.2916124,0.1792323,0.086490333,0.97999752,0
0.040150404,-0.59526324,2.0925922,-0.87131602,-0.44858551,0.19894558,0
-1.2039438,3.3514175,0.71019244,-0.45681953,0.88954502,0.005040586,0
0.58177996,-0.19645417,2.6578636,0.1792323,0.086490333,0.97999752,0
1.4856427,-1.0088593,1.9367319,0.87131602,0.44858551,-0.19894558,0
-1.1351399,1.312762,-2.3770602,-0.1792323,-0.086490333,-0.97999752,0
-1.2769915,2.1020212,1.7432687,-0.87131602,-0.44858551,0.19894558,0
-1.5769038,3.2280872,-0.46920276,-0.45681953,0.88954502,0.005040586,0
-0.87382746,3.62521,1.3599832,-0.45681953,0.88954502,0.005040586,0
-1.6328878,2.9312093,-2.3750756,-0.45681953,0.88954502,0.005040586,0
-1.0476744,0.35332817,-0.41978568,-0.87131602,-0.44858551,0.19894558,0
1.4484993,-2.4939826,-1.9777298,0.87131602,0.44858551,-0.19894558,0
-0.90642631,3.4894028,0.80701351,-0.45681953,0.88954502,0.005040586,0
0.10230166,-1.019154,0.31740004,-0.87131602,-0.44858551,0.19894558,0
0.18051407,-2.5369437,-1.4478076,-0.87131602,-0.44858551,0.19894558,0
0.18485761,-0.3362633,-2.7577832,-0.1792323,-0.086490333,-0.97999752,0
-0.94975752,0.50537002,-0.9880619,-0.87131602,-0.44858551,0.19894558,0
-2.3585427,2.5172474,-2.1936488,-0.1792323,-0.086490333,-0.97999752,0
0.53265452,-0.95115954,2.3526688,-0.87131602,-0.44858551,0.19894558,0
1.2312881,-1.9538512,-1.5402639,0.87131602,0.44858551,-0.19894558,0
0.94422603,-1.7398632,-2.4921637,-0.1792323,-0.086490333,-0.97999752,0
0.26034683,-2.3260963,-2.2516758,-0.1792323,-0.086490333,-0.97999752,0
1.6964188,-2.8564451,-0.96588302,0.87131602,0.44858551,-0.19894558,0
1.5536864,-1.7480505,2.275089,0.1792323,0.086490333,0.97999752,0
-2.0286636,2.9277849,-0.32131553,-0.45681953,0.88954502,0.005040586,0
-1.2565845,3.2086153,1.8524406,-0.45681953,0.88954502,0.005040586,0
-0.20776105,-0.010514617,-2.4097884,-0.1792323,-0.086490333,-0.97999752,0
-1.5115898,3.1723118,0.99632239,-0.45681953,0.88954502,0.005040586,0
0.61986697,-2.1103263,0.10320044,-0.87131602,-0.44858551,0.19894558,0
1.3692706,-3.169009,1.8266909,0.45681953,-0.88954502,-0.005040586,0
0.52190292,0.2097937,0.49180424,0.87131602,0.44858551,-0.19894558,0
-0.94684124,1.9964176,-2.4189019,-0.1792323,-0.086490333,-0.97999752,0
1.377537,-2.3168647,2.346261,0.1792323,0.086490333,0.97999752,0
1.2776165,-0.70272791,2.4024673,0.87131602,0.44858551,-0.19894558,0
-0.22069347,2.8651638,2.1205726,0.87131602,0.44858551,-0.19894558,0
-0.83955765,0.50511014,-2.3596666,-0.1792323,-0.086490333,-0.97999752,0
-1.7017856,3.0677752,-2.4757712,-0.1792323,-0.086490333,-0.97999752,0
1.8167274,-2.5927808,-0.52923822,0.87131602,0.44858551,-0.19894558,0
0.44588488,-2.9618404,-1.335073,-0.87131602,-0.44858551,0.19894558,0
1.599113,-2.3993244,2.3332827,0.1792323,0.086490333,0.97999752,0
-1.7330816,3.2746911,-1.1900907,-0.45681953,0.88954502,0.005040586,0
2.0167422,-2.9158959,1.0654402,0.45681953,-0.88954502,-0.005040586,0
1.7580526,-3.0316682,-1.0640223,0.45681953,-0.88954502,-0.005040586,0
-1.574856,3.2524753,-0.79402494,-0.45681953,0.88954502,0.005040586,0
1.2780147,-0.97109878,2.243901,0.1792323,0.086490333,0.97999752,0
1.2659907,-3.2618442,-1.3065171,0.45681953,-0.88954502,-0.005040586,0
-1.4878979,3.1752102,1.6770604,-0.45681953,0.88954502,0.005040586,0
-1.4770255,3.0623846,-1.6587574,-0.45681953,0.88954502,0.005040586,0
-1.6576217,2.9221981,-0.42840195,-0.45681953,0.88954502,0.005040586,0
1.6935369,-2.9148343,-1.4096148,0.87131602,0.44858551,-0.19894558,0
1.3713721,-3.3018093,0.02335906,0.45681953,-0.88954502,-0.005040586,0
1.7479234,-1.5546974,1.8974342,0.87131602,0.44858551,-0.19894558,0
1.7045689,-2.9750581,-0.97194886,0.45681953,-0.88954502,-0.005040586,0
0.95242524,-2.594542,0.43148947,-0.87131602,-0.44858551,0.19894558,0
-0.71643448,0.57202518,-2.5957055,-0.1792323,-0.086490333,-0.97999752,0
1.3188794,-3.1389232,-1.2305975,0.45681953,-0.88954502,-0.005040586,0
-0.36390543,1.0009995,2.3835807,0.1792323,0.086490333,0.97999752,0
-0.041268557,-1.2929429,-0.69238877,-0.87131602,-0.44858551,0.19894558,0
-0.049088359,-2.3664436,-2.2549756,-0.1792323,-0.086490333,-0.97999752,0
0.41641569,-0.43009079,2.6030531,0.1792323,0.086490333,0.97999752,0
-1.6368392,3.2048559,0.90426159,-0.45681953,0.88954502,0.005040586,0
-1.5975417,3.1869049,-0.98709917,-0.45681953,0.88954502,0.005040586,0
-1.3440791,3.2521982,-0.42644191,-0.45681953,0.88954502,0.005040586,0
-0.23473835,0.23711133,-2.4358943,-0.1792323,-0.086490333,-0.97999752,0
-0.35158825,1.8504336,2.267149,0.1792323,0.086490333,0.97999752,0
-1.9312856,1.705016,-1.842581,-0.87131602,-0.44858551,0.19894558,0
0.19215441,0.055071831,2.3598752,0.1792323,0.086490333,0.97999752,0
1.667593,-3.0477505,1.0948405,0.45681953,-0.88954502,-0.005040586,0
0.64383471,-0.3134771,-1.3296103,0.87131602,0.44858551,-0.19894558,0
-1.4934464,3.3850112,0.18766975,-0.45681953,0.88954502,0.005040586,0
1.1769829,-2.7651105,1.558682,-0.87131602,-0.44858551,0.19894558,0
-0.29590148,2.7569056,2.4965577,0.1792323,0.086490333,0.97999752,0
1.872673,-3.071784,0.83983612,0.45681953,-0.88954502,-0.005040586,0
-0.36749125,-0.0052773952,0.91436112,-0.87131602,-0.44858551,0.19894558,0
1.9849269,-2.3998771,1.7588271,0.87131602,0.44858551,-0.19894558,0
0.21859884,0.31011462,-0.85857129,0.87131602,0.44858551,-0.19894558,0
-1.0644917,3.4608994,1.5338523,-0.45681953,0.88954502,0.005040586,0
0.6372602,-0.33497918,2.4885707,0.1792323,0.086490333,0.97999752,0
-1.0366001,-0.32318279,-2.0148702,-0.87131602,-0.44858551,0.19894558,0
-1.901706,2.359283,-2.240325,-0.1792323,-0.086490333,-0.97999752,0
1.2316082,-1.3918223,2.2823217,0.1792323,0.086490333,0.97999752,0
1.7865189,-3.1177454,0.18684268,0.45681953,-0.88954502,-0.005040586,0
-1.448307,3.0379062,0.29842591,-0.45681953,0.88954502,0.005040586,0
1.7075853,-3.1291876,2.1175404,0.45681953,-0.88954502,-0.005040586,0
-1.0670829,-0.089872986,-1.5563093,-0.87131602,-0.44858551,0.19894558,0
2.2912395,-2.7463539,2.3058579,0.1792323,0.086490333,0.97999752,0
-0.37711826,2.5940366,1.5062699,0.87131602,0.44858551,-0.19894558,0
1.8262578,-3.1826978,-2.3214469,0.45681953,-0.88954502,-0.005040586,0
-1.8302045,2.9184365,-2.6624494,-0.1792323,-0.086490333,-0.97999752,0
0.099985957,0.069203138,-1.6102368,0.87131602,0.44858551,-0.19894558,0
0.37045559,-1.6819891,-0.21876621,-0.87131602,-0.44858551,0.19894558,0
-0.47510454,2.765492,1.6449199,0.87131602,0.44858551,-0.19894558,0
-1.8134689,2.9681253,-0.47530413,-0.45681953,0.88954502,0.005040586,0
-1.6420496,3.2496228,1.7378459,-0.45681953,0.88954502,0.005040586,0
0.88237524,-3.3228998,-2.2608759,-0.1792323,-0.086490333,-0.97999752,0
-1.27879,3.3164673,1.0387061,-0.45681953,0.88954502,0.005040586,0
0.89166582,0.19451615,1.8387096,0.87131602,0.44858551,-0.19894558,0
0.94885755,-0.55536568,2.514812,0.1792323,0.086490333,0.97999752,0
1.6711496,-3.2036729,0.58122063,0.45681953,-0.88954502,-0.005040586,0
-2.1742408,2.9738159,-2.0159917,-0.45681953,0.88954502,0.005040586,0
0.24593879,0.30300483,-0.25672916,0.87131602,0.44858551,-0.19894558,0
0.24358034,-0.024265528,2.4197512,0.1792323,0.086490333,0.97999752,0
1.3706145,-3.3854764,-2.3817689,0.45681953,-0.88954502,-0.005040586,0
-1.1801112,1.5486428,-2.5319657,-0.1792323,-0.086490333,-0.97999752,0
-1.3920186,0.2078765,-2.4711986,-0.1792323,-0.086490333,-0.97999752,0
-1.8332021,2.9247148,0.097871065,-0.45681953,0.88954502,0.005040586,0
-0.0054116249,-0.55425096,-2.4616749,-0.1792323,-0.086490333,-0.97999752,0
1.1709263,-3.5425105,-2.1129503,0.45681953,-0.88954502,-0.005040586,0
-1.3182788,3.426239,0.92174363,-0.45681953,0.88954502,0.005040586,0
-0.60937917,2.7907004,2.2781806,0.1792323,0.086490333,0.97999752,0
1.757568,-3.1435189,1.1905224,0.45681953,-0.88954502,-0.005040586,0
-1.7100003,2.0319767,-2.3523622,-0.1792323,-0.086490333,-0.97999752,0
-1.3495175,3.2480075,-0.41527009,-0.45681953,0.88954502,0.005040586,0
0.92163754,-1.6875122,1.8305403,-0.87131602,-0.44858551,0.19894558,0
-1.0257882,3.3148277,2.6037989,0.1792323,0.086490333,0.97999752,0
-1.7778505,3.0805957,-0.27438378,-0.45681953,0.88954502,0.005040586,0
-1.766027,2.1705735,0.2973876,-0.87131602,-0.44858551,0.19894558,0
0.81568813,-3.375098,-2.0173893,0.45681953,-0.88954502,-0.005040586,0
-0.11878899,1.4475743,0.06408155,0.87131602,0.44858551,-0.19894558,0
-1.9753879,3.0609765,0.16759825,-0.45681953,0.88954502,0.005040586,0
1.2948227,-3.2333941,-0.89312649,0.45681953,-0.88954502,-0.005040586,0
0.99540669,-2.7271359,-2.3527689,-0.1792323,-0.086490333,-0.97999752,0
0.43507951,-0.48840684,-1.327479,0.87131602,0.44858551,-0.19894558,0
0.86550307,-1.7334505,1.9303722,-0.87131602,-0.44858551,0.19894558,0
0.21904767,-1.0451481,-2.2948406,-0.1792323,-0.086490333,-0.97999752,0
1.8717532,-2.0769196,2.2176948,0.1792323,0.086490333,0.97999752,0
1.0006428,-3.5337467,-1.4378638,0.45681953,-0.88954502,-0.005040586,0
0.53060365,0.060530692,0.29348511,0.87131602,0.44858551,-0.19894558,0
0.07079792,1.3233693,1.6360551,0.87131602,0.44858551,-0.19894558,0
-1.2201267,3.1974289,2.1117146,-0.45681953,0.88954502,0.005040586,0
1.8803798,-1.817776,0.98736739,0.87131602,0.44858551,-0.19894558,0
1.4759107,-3.1510615,-0.23020363,0.45681953,-0.88954502,-0.005040586,0
0.51462507,-2.5962403,-1.4004664,-0.87131602,-0.44858551,0.19894558,0
-1.6077886,3.0550628,1.4952719,-0.45681953,0.88954502,0.005040586,0
0.87624049,-1.0303936,2.3759158,0.1792323,0.086490333,0.97999752,0
-0.89452648,3.5972395,2.4690843,0.1792323,0.086490333,0.97999752,0
1.230799,-1.1531006,-0.45056248,0.87131602,0.44858551,-0.19894558,0
-1.0041568,1.0222673,0.12711012,-0.87131602,-0.44858551,0.19894558,0
1.1897973,-3.4310141,0.084255934,0.45681953,-0.88954502,-0.005040586,0
-1.9889927,2.7967136,-2.0338211,-0.45681953,0.88954502,0.005040586,0
1.8103298,-1.8453965,1.2663344,0.87131602,0.44858551,-0.19894558,0
-1.7099259,1.9379946,0.16986275,-0.87131602,-0.44858551,0.19894558,0
0.98650086,-1.4159245,-1.4217966,0.87131602,0.44858551,-0.19894558,0
-0.43082118,-0.882415,-2.2669139,-0.1792323,-0.086490333,-0.97999752,0
-1.3366889,3.402298,1.3744316,-0.45681953,0.88954502,0.005040586,0
-1.2081503,3.1629581,0.65361834,-0.45681953,0.88954502,0.005040586,0
-1.1268075,1.1943246,-0.00039339066,-0.87131602,-0.44858551,0.19894558,0
0.96811855,-3.3908486,-1.3393984,0.45681953,-0.88954502,-0.005040586,0
-1.8798739,1.5678,-1.2444949,-0.87131602,-0.44858551,0.19894558,0
-2.0931382,2.3085539,-2.3641582,-0.1792323,-0.086490333,-0.97999752,0
0.75575662,-2.706207,-0.15114474,-0.87131602,-0.44858551,0.19894558,0
-1.7579739,3.1912074,1.7664979,-0.45681953,0.88954502,0.005040586,0
1.0053978,-2.4006367,-2.3900404,-0.1792323,-0.086490333,-0.97999752,0
-2.0878203,2.1913002,-2.4632885,-0.1792323,-0.086490333,-0.97999752,0
-2.1951253,2.9034238,0.21809864,-0.45681953,0.88954502,0.005040586,0
1.333024,-1.6081357,2.6205089,0.1792323,0.086490333,0.97999752,0
0.007786274,-0.4524371,-2.3492362,-0.1792323,-0.086490333,-0.97999752,0
1.3609719,-3.2389693,-0.28486919,0.45681953,-0.88954502,-0.005040586,0
-0.4796744,0.50671864,0.75683373,-0.87131602,-0.44858551,0.19894558,0
-0.40916502,1.5730311,2.446806,0.1792323,0.086490333,0.97999752,0
0.46008921,-2.1617589,-0.12316144,-0.87131602,-0.44858551,0.19894558,0
-0.2233516,-1.2560469,-2.1969209,-0.87131602,-0.44858551,0.19894558,0
-1.4614804,3.2524095,1.026325,-0.45681953,0.88954502,0.005040586,0
-1.9589882,2.8050616,-1.5646565,-0.45681953,0.88954502,0.005040586,0
-0.89618635,-0.5160979,-2.4388766,-0.1792323,-0.086490333,-0.97999752,0
-0.62652016,0.43984008,-2.59482,-0.1792323,-0.086490333,-0.97999752,0
1.2011786,-3.0571239,-2.6005898,-0.1792323,-0.086490333,-0.97999752,0
-0.68030441,1.3884829,2.6418548,0.1792323,0.086490333,0.97999752,0
0.028718233,0.11094368,2.6141438,0.1792323,0.086490333,0.97999752,0
1.7969184,-1.5930448,2.2669854,0.87131602,0.44858551,-0.19894558,0
1.3463845,-2.1195207,-1.3529422,0.87131602,0.44858551,-0.19894558,0
-1.5134745,1.597383,-2.5149212,-0.1792323,-0.086490333,-0.97999752,0
-1.5379504,3.0809298,2.2218788,-0.45681953,0.88954502,0.005040586,0
2.0295012,-2.7247021,2.5483983,0.45681953,-0.88954502,-0.005040586,0
-0.53126132,2.6624713,0.17503238,0.87131602,0.44858551,-0.19894558,0
0.79523635,-0.082455665,0.30627587,0.87131602,0.44858551,-0.19894558,0
-1.5916454,3.265377,2.2816682,-0.45681953,0.88954502,0.005040586,0
-1.265386,1.2754562,-0.044256091,-0.87131602,-0.44858551,0.19894558,0
-1.3161761,3.0460711,1.4736373,-0.45681953,0.88954502,0.005040586,0
2.0216582,-2.8471966,0.90815306,0.45681953,-0.88954502,-0.005040586,0
1.5483205,-2.9623911,1.3974733,0.45681953,-0.88954502,-0.005040586,0
-0.65911192,2.1678269,0.049280643,0.87131602,0.44858551,-0.19894558,0
0.76072729,0.47002417,1.7482092,0.87131602,0.44858551,-0.19894558,0
1.8348885,-3.0451355,0.65206289,0.45681953,-0.88954502,-0.005040586,0
1.7201976,-2.4420984,0.51233506,0.87131602,0.44858551,-0.19894558,0
-0.48161459,1.9794574,0.035641551,0.87131602,0.44858551,-0.19894558,0
0.88252163,-3.5924621,-1.3065379,0.45681953,-0.88954502,-0.005040586,0
1.0049577,-3.3336816,-1.7624924,0.45681953,-0.88954502,-0.005040586,0
0.36532545,-1.234535,-2.3916233,-0.1792323,-0.086490333,-0.97999752,0
1.7590022,-1.8379352,2.3025813,0.1792323,0.086490333,0.97999752,0
-0.22090387,1.0277663,2.3405299,0.1792323,0.086490333,0.97999752,0
-2.176342,2.8446567,-2.2680693,-0.45681953,0.88954502,0.005040586,0
-1.2738338,0.90435588,-2.2274799,-0.1792323,-0.086490333,-0.97999752,0
0.77969813,-0.62670743,2.6271982,0.1792323,0.086490333,0.97999752,0
0.27281827,-1.5369508,-0.19830942,-0.87131602,-0.44858551,0.19894558,0
-2.265367,2.844919,-2.203423,-0.45681953,0.88954502,0.005040586,0
0.11276817,1.187031,1.0760975,0.87131602,0.44858551,-0.19894558,0
-2.1819897,3.037437,-2.0694726,-0.45681953,0.88954502,0.005040586,0
-1.5564157,3.2219696,0.71846151,-0.45681953,0.88954502,0.005040586,0
1.9306633,-1.7001877,2.077662,0.87131602,0.44858551,-0.19894558,0
-0.89094031,2.4701905,2.3404567,0.1792323,0.086490333,0.97999752,0
-1.6100472,1.0311333,-1.2349828,-0.87131602,-0.44858551,0.19894558,0
1.3643298,-2.1125755,-1.0030062,0.87131602,0.44858551,-0.19894558,0
2.3496239,-2.8273306,1.8634701,0.45681953,-0.88954502,-0.005040586,0
0.96782327,-3.3221743,-0.97112513,0.45681953,-0.88954502,-0.005040586,0
2.293292,-2.4699943,2.257247,0.1792323,0.086490333,0.97999752,0
-2.0519364,2.8165228,0.7483058,-0.87131602,-0.44858551,0.19894558,0
0.17072606,-1.2928166,-2.5517688,-0.1792323,-0.086490333,-0.97999752,0
-1.6041996,3.0455723,-1.2923238,-0.45681953,0.88954502,0.005040586,0
-0.90369105,0.6027925,-2.3146667,-0.1792323,-0.086490333,-0.97999752,0
1.3119814,-3.3207247,-1.4354265,0.45681953,-0.88954502,-0.005040586,0
1.6292949,-3.2990119,1.424279,0.45681953,-0.88954502,-0.005040586,0
1.3313993,-3.0737064,-2.4105883,0.45681953,-0.88954502,-0.005040586,0
1.8496454,-2.2184627,1.46104,0.87131602,0.44858551,-0.19894558,0
0.13963807,-1.0643556,-2.380846,-0.1792323,-0.086490333,-0.97999752,0
0.30142426,-0.46418071,2.6526175,-0.87131602,-0.44858551,0.19894558,0
-0.80798852,0.98535413,1.8838739,-0.87131602,-0.44858551,0.19894558,0
-1.5394906,3.3206525,-0.59976268,-0.45681953,0.88954502,0.005040586,0
-1.4960499,0.7382859,-1.380716,-0.87131602,-0.44858551,0.19894558,0
-0.31377757,-0.93593538,-2.3937793,-0.1792323,-0.086490333,-0.97999752,0
1.5729723,-3.1713803,-1.1881533,0.45681953,-0.88954502,-0.005040586,0
1.1512783,-1.3006655,2.5356913,0.1792323,0.086490333,0.97999752,0
2.0315514,-2.7571311,1.9658947,0.45681953,-0.88954502,-0.005040586,0
2.2830029,-2.6422629,2.3113294,0.87131602,0.44858551,-0.19894558,0
1.4769092,-1.9760845,2.4603038,0.1792323,0.086490333,0.97999752,0
1.0071533,-0.61313158,2.2810071,0.1792323,0.086490333,0.97999752,0
2.1482697,-2.8414917,1.1551037,0.45681953,-0.88954502,-0.005040586,0
1.6463253,-3.1447086,0.72405958,0.45681953,-0.88954502,-0.005040586,0
0.63044822,-0.58840907,-1.3036689,0.87131602,0.44858551,-0.19894558,0
-1.2689097,3.3215523,1.0411575,-0.45681953,0.88954502,0.005040586,0
1.4146347,-3.0434256,0.51783991,0.45681953,-0.88954502,-0.005040586,0
-0.96505409,0.10171537,-0.68399966,-0.87131602,-0.44858551,0.19894558,0
-1.2180376,0.91151208,-2.2592406,-0.1792323,-0.086490333,-0.97999752,0
-1.829982,2.7984686,-0.87688589,-0.45681953,0.88954502,0.005040586,0
1.6794446,-3.2672009,-1.2689788,0.45681953,-0.88954502,-0.005040586,0
-1.4487416,3.1391222,0.62889218,-0.45681953,0.88954502,0.005040586,0
-1.3670739,0.90283823,-1.0218161,-0.87131602,-0.44858551,0.19894558,0
1.0760299,-2.3832176,-2.3818772,-0.1792323,-0.086490333,-0.97999752,0
-0.16431201,2.3028998,1.8875325,0.87131602,0.44858551,-0.19894558,0
0.36984706,-1.3939954,0.85088539,-0.87131602,-0.44858551,0.19894558,0
1.0884223,-3.370594,-2.2547779,0.45681953,-0.88954502,-0.005040586,0
-1.5269387,2.9643974,-1.2435117,-0.45681953,0.88954502,0.005040586,0
1.9512715,-2.9326706,0.20710182,0.45681953,-0.88954502,-0.005040586,0
-0.27741656,-0.71118951,0.4683336,-0.87131602,-0.44858551,0.19894558,0
0.2293328,0.78145182,1.0666512,0.87131602,0.44858551,-0.19894558,0
-1.8215847,3.2153549,0.32286668,-0.45681953,0.88954502,0.005040586,0
0.66315663,-1.412818,-2.29212,0.87131602,0.44858551,-0.19894558,0
0.79224634,-1.2148521,2.6923859,0.1792323,0.086490333,0.97999752,0
0.38743484,-1.1388876,-2.3809929,-0.1792323,-0.086490333,-0.97999752,0
1.0173297,-2.3194878,1.544835,-0.87131602,-0.44858551,0.19894558,0
-0.71142292,1.8272314,-2.1437204,0.87131602,0.44858551,-0.19894558,0
-1.0197202,-0.51162827,-2.5012176,-0.1792323,-0.086490333,-0.97999752,0
-1.6534891,2.9661112,-1.9262744,-0.45681953,0.88954502,0.005040586,0
-1.9819176,2.8694649,0.11475706,-0.45681953,0.88954502,0.005040586,0
0.18008232,-2.0899103,-1.5020844,-0.87131602,-0.44858551,0.19894558,0
-1.5091462,3.2505925,-1.9258789,-0.45681953,0.88954502,0.005040586,0
-0.95160556,1.455068,1.1157202,-0.87131602,-0.44858551,0.19894558,0
-1.8050122,2.4143734,0.014134169,-0.87131602,-0.44858551,0.19894558,0
-1.8221231,3.2067389,-0.93981171,-0.45681953,0.88954502,0.005040586,0
-1.5096259,3.2163186,2.2468238,-0.45681953,0.88954502,0.005040586,0
-0.31798911,1.9562259,0.74066615,0.87131602,0.44858551,-0.19894558,0
-0.078845143,-1.2219337,-2.5223603,-0.1792323,-0.086490333,-0.97999752,0
0.21022406,0.88578975,-0.23156011,0.87131602,0.44858551,-0.19894558,0
1.4835359,-3.012876,-0.83067131,0.45681953,-0.88954502,-0.005040586,0
-1.1943495,1.8429481,-2.4152901,-0.1792323,-0.086490333,-0.97999752,0
1.0683497,-3.3700652,-2.0093372,0.45681953,-0.88954502,-0.005040586,0
1.2040541,-3.1881495,0.015483856,-0.87131602,-0.44858551,0.19894558,0
-0.6250577,1.2905273,-2.3899541,-0.1792323,-0.086490333,-0.97999752,0
-1.1729264,2.2285051,2.2486877,-0.87131602,-0.44858551,0.19894558,0
-1.310267,0.97991115,-2.5513253,-0.1792323,-0.086490333,-0.97999752,0
1.5896196,-2.9281697,-1.4189174,0.45681953,-0.88954502,-0.005040586,0
-2.0722055,2.7528679,-1.9867038,-0.45681953,0.88954502,0.005040586,0
1.705617,-2.3024707,2.3084881,0.1792323,0.086490333,0.97999752,0
-1.1475614,3.3316758,-0.31702948,-0.45681953,0.88954502,0.005040586,0
-0.20623147,0.87980562,2.7144704,0.1792323,0.086490333,0.97999752,0
-0.83046126,3.2768364,2.3505704,-0.45681953,0.88954502,0.005040586,0
1.104656,-2.5220673,2.181705,-0.87131602,-0.44858551,0.19894558,0
2.2906079,-2.8466539,0.85610986,0.45681953,-0.88954502,-0.005040586,0
-0.52680749,1.88994,2.3527815,0.1792323,0.086490333,0.97999752,0
-0.97373331,2.6862397,-0.55659866,0.87131602,0.44858551,-0.19894558,0
1.202607,-3.1061485,-1.364255,0.45681953,-0.88954502,-0.005040586,0
-0.66716492,2.7287402,0.40370059,0.87131602,0.44858551,-0.19894558,0
-1.3411565,2.3184247,-2.3647747,-0.1792323,-0.086490333,-0.97999752,0
1.1998482,-0.78730279,2.5792634,0.1792323,0.086490333,0.97999752,0
-1.2514142,3.1946211,-0.47524548,-0.45681953,0.88954502,0.005040586,0
1.6898224,-3.0823679,-0.41414094,0.45681953,-0.88954502,-0.005040586,0
1.2861242,-3.1775086,-0.28996778,0.45681953,-0.88954502,-0.005040586,0
0.45473194,1.5269808,2.2911193,0.87131602,0.44858551,-0.19894558,0
0.14905548,-0.063097239,-2.770541,-0.1792323,-0.086490333,-0.97999752,0
1.6505729,-3.1484966,0.11729813,0.45681953,-0.88954502,-0.005040586,0
-0.16917479,2.5803092,2.1885824,0.1792323,0.086490333,0.97999752,0
-1.2893145,3.0997298,2.3427463,-0.45681953,0.88954502,0.005040586,0
-1.4540396,3.3609638,2.4378436,-0.45681953,0.88954502,0.005040586,0
-1.7010863,2.4326437,-2.5050278,-0.1792323,-0.086490333,-0.97999752,0
-2.1822047,2.8021145,-2.2641344,-0.45681953,0.88954502,0.005040586,0
1.2289817,-0.73810285,2.3884692,0.1792323,0.086490333,0.97999752,0
1.4239357,-3.3753371,0.48487258,0.45681953,-0.88954502,-0.005040586,0
0.87143302,-2.7147198,-2.413306,-0.1792323,-0.086490333,-0.97999752,0
1.6601582,-3.2514641,-0.69268632,0.45681953,-0.88954502,-0.005040586,0
0.61548752,-2.3651743,-2.3972964,-0.1792323,-0.086490333,-0.97999752,0
-0.34215462,-0.4685657,-2.4773393,-0.1792323,-0.086490333,-0.97999752,0
0.53242517,-2.9576499,-2.1980574,-0.1792323,-0.086490333,-0.97999752,0
-1.8644607,1.5778327,-2.4889266,-0.1792323,-0.086490333,-0.97999752,0
-0.33025014,1.2863758,2.5546761,0.1792323,0.086490333,0.97999752,0
-0.86116856,3.4788852,2.2995195,-0.45681953,0.88954502,0.005040586,0
-0.65633416,2.4648557,2.6103797,0.1792323,0.086490333,0.97999752,0
-0.87889236,1.5652977,1.6303599,-0.87131602,-0.44858551,0.19894558,0
0.3912617,-1.4483938,-2.4452364,-0.1792323,-0.086490333,-0.97999752,0
-2.191781,2.9551456,-1.6548662,-0.45681953,0.88954502,0.005040586,0
-1.1755606,1.2992084,0.41320467,-0.87131602,-0.44858551,0.19894558,0
-1.5580677,2.9509089,1.773783,-0.45681953,0.88954502,0.005040586,0
-1.2494681,2.850071,-1.8036592,0.87131602,0.44858551,-0.19894558,0
-0.96611238,0.16607432,-0.40570784,-0.87131602,-0.44858551,0.19894558,0
0.10697877,1.94697,2.2623708,0.1792323,0.086490333,0.97999752,0
1.2112814,-2.9437065,1.0580742,-0.87131602,-0.44858551,0.19894558,0
1.2423515,-0.70678997,1.9789965,0.87131602,0.44858551,-0.19894558,0
0.059329152,-1.8603684,-2.514009,-0.1792323,-0.086490333,-0.97999752,0
1.7989974,-3.1049767,1.1421304,0.45681953,-0.88954502,-0.005040586,0
-0.2214855,-1.6683109,-1.8756417,-0.87131602,-0.44858551,0.19894558,0
1.5195429,-3.3219204,-0.55410743,0.45681953,-0.88954502,-0.005040586,0
-2.0511355,2.7706282,-0.63729572,-0.45681953,0.88954502,0.005040586,0
1.134649,-0.8043586,2.453465,0.1792323,0.086490333,0.97999752,0
-0.39420152,2.8636842,2.2817135,0.87131602,0.44858551,-0.19894558,0
-0.7052446,2.5091081,0.21126747,0.87131602,0.44858551,-0.19894558,0
0.21018267,1.0795622,1.4403131,0.87131602,0.44858551,-0.19894558,0
0.14833206,-2.2669013,-2.19842,-0.1792323,-0.086490333,-0.97999752,0
-1.4362346,3.2313385,1.1104939,-0.45681953,0.88954502,0.005040586,0
1.9768226,-3.1413858,1.3085659,0.45681953,-0.88954502,-0.005040586,0
-0.55190253,0.28353405,-2.5812545,-0.1792323,-0.086490333,-0.97999752,0
-1.6878564,1.354538,-2.5425899,-0.1792323,-0.086490333,-0.97999752,0
1.8198073,-2.1122208,2.2265096,0.1792323,0.086490333,0.97999752,0
1.5867295,-1.5804603,2.3358166,0.1792323,0.086490333,0.97999752,0
1.53122,-0.82558858,2.2691085,0.87131602,0.44858551,-0.19894558,0
1.6841865,-3.2430506,1.804821,0.45681953,-0.88954502,-0.005040586,0
1.5700516,-1.6157136,0.44329953,0.87131602,0.44858551,-0.19894558,0
0.15764534,0.78514564,-0.20762676,0.87131602,0.44858551,-0.19894558,0
2.0303125,-2.9775748,-0.68581629,0.45681953,-0.88954502,-0.005040586,0
1.0579824,-0.99087393,0.63133824,0.87131602,0.44858551,-0.19894558,0
-1.260864,3.4347944,0.68206859,-0.45681953,0.88954502,0.005040586,0
1.2578676,-0.2183612,2.5079875,0.1792323,0.086490333,0.97999752,0
-0.26866174,0.25627112,-2.5379391,-0.1792323,-0.086490333,-0.97999752,0
0.20327926,0.072897792,2.5710454,0.1792323,0.086490333,0.97999752,0
-0.83641791,2.6582379,2.364954,0.1792323,0.086490333,0.97999752,0
-1.0140877,0.49223787,-1.3909235,-0.87131602,-0.44858551,0.19894558,0
0.39407665,-1.9112457,0.050418496,-0.87131602,-0.44858551,0.19894558,0
-0.68669677,2.2540615,2.538137,0.1792323,0.086490333,0.97999752,0
0.99863571,-3.5486748,-2.4990695,-0.1792323,-0.086490333,-0.97999752,0
0.18664289,-0.43284905,2.51298,0.1792323,0.086490333,0.97999752,0
0.21313429,-0.035005808,2.3218632,0.1792323,0.086490333,0.97999752,0
-0.18999743,2.2127633,2.4574726,0.1792323,0.086490333,0.97999752,0
0.61487818,0.61652011,2.4070215,0.1792323,0.086490333,0.97999752,0
-0.63408959,1.8540407,-1.2869306,0.87131602,0.44858551,-0.19894558,0
-1.1070058,2.4564247,-1.8548241,0.87131602,0.44858551,-0.19894558,0
-0.13686848,0.437047,-2.5377522,-0.1792323,-0.086490333,-0.97999752,0
0.4676373,-0.57763171,-0.77527243,0.87131602,0.44858551,-0.19894558,0
2.1341906,-2.7503829,1.0470335,0.87131602,0.44858551,-0.19894558,0
-1.2378757,1.5036623,0.078955889,-0.87131602,-0.44858551,0.19894558,0
-0.66905534,-0.658113,-2.4601336,-0.1792323,-0.086490333,-0.97999752,0
-1.0795506,3.5275192,1.3734872,-0.45681953,0.88954502,0.005040586,0
1.2619591,-3.4163029,-1.4032028,0.45681953,-0.88954502,-0.005040586,0
2.1988053,-2.9365578,1.3247247,0.45681953,-0.88954502,-0.005040586,0
1.414909,-3.2306619,-2.3199415,0.45681953,-0.88954502,-0.005040586,0
-1.3074698,3.1100228,2.2035851,-0.45681953,0.88954502,0.005040586,0
1.4420441,-3.2394261,0.98282766,0.45681953,-0.88954502,-0.005040586,0
-1.5201279,3.178652,-0.37538934,-0.45681953,0.88954502,0.005040586,0
-1.5478742,3.1799726,1.8102911,-0.45681953,0.88954502,0.005040586,0
-0.98495716,3.2852201,2.2553217,-0.45681953,0.88954502,0.005040586,0
-1.7319551,2.989841,0.0042352676,-0.45681953,0.88954502,0.005040586,0
-2.0379901,3.0278814,-0.45897388,-0.45681953,0.88954502,0.005040586,0
0.65178144,-1.5514917,-2.5041945,-0.1792323,-0.086490333,-0.97999752,0
0.22216558,1.4460599,2.3724971,0.1792323,0.086490333,0.97999752,0
1.6140838,-3.1706936,-1.7049458,0.45681953,-0.88954502,-0.005040586,0
-1.52281,2.0244668,-0.16286397,-0.87131602,-0.44858551,0.19894558,0
1.1395284,-3.1558456,-1.0589204,0.45681953,-0.88954502,-0.005040586,0
-1.1228801,3.209568,0.98331094,-0.45681953,0.88954502,0.005040586,0
1.7569411,-2.3440535,-0.84378433,0.87131602,0.44858551,-0.19894558,0
2.2592456,-2.8961744,2.2234778,0.45681953,-0.88954502,-0.005040586,0
-1.1777396,3.3357661,0.71442056,-0.45681953,0.88954502,0.005040586,0
-1.566273,1.5765545,-1.2857518,-0.87131602,-0.44858551,0.19894558,0
0.8678596,-1.2823476,2.5271063,0.1792323,0.086490333,0.97999752,0
-2.3848906,2.4233902,-2.1972311,-0.1792323,-0.086490333,-0.97999752,0
-1.6456504,1.2516572,-2.1664567,-0.1792323,-0.086490333,-0.97999752,0
1.3020893,-3.1310539,0.84899497,0.45681953,-0.88954502,-0.005040586,0
-2.3877208,2.8349028,-2.2347922,-0.45681953,0.88954502,0.005040586,0
1.7377212,-3.0196948,-0.10845613,0.45681953,-0.88954502,-0.005040586,0
1.9978116,-2.7920065,1.497386,0.45681953,-0.88954502,-0.005040586,0
0.09012109,2.1975203,1.9786313,0.87131602,0.44858551,-0.19894558,0
0.60443306,-3.2682261,-2.2652214,-0.1792323,-0.086490333,-0.97999752,0
-0.22858793,0.0090342164,0.70194077,-0.87131602,-0.44858551,0.19894558,0
-1.3153703,2.393214,-2.6487284,-0.1792323,-0.086490333,-0.97999752,0
1.8599008,-3.0427637,0.54120326,0.45681953,-0.88954502,-0.005040586,0
0.5898993,-1.2581176,1.3502245,-0.87131602,-0.44858551,0.19894558,0
0.8227005,-0.33843082,2.3904557,0.1792323,0.086490333,0.97999752,0
-1.3860624,3.0157056,2.3517869,-0.45681953,0.88954502,0.005040586,0
2.062988,-2.7591715,1.8979373,0.45681953,-0.88954502,-0.005040586,0
-1.5499671,3.2133567,1.5206442,-0.45681953,0.88954502,0.005040586,0
-0.32702589,-0.88668931,-2.2189832,-0.1792323,-0.086490333,-0.97999752,0
2.0248132,-2.9461088,0.64453149,0.45681953,-0.88954502,-0.005040586,0
0.23179388,-0.77125907,2.1191964,-0.87131602,-0.44858551,0.19894558,0
-0.92316508,2.1198993,-2.2048912,0.87131602,0.44858551,-0.19894558,0
-0.44515622,1.4919922,2.4703305,0.1792323,0.086490333,0.97999752,0
0.91672862,-1.5897677,-1.4632089,0.87131602,0.44858551,-0.19894558,0
1.1394241,-3.4853988,-0.19576287,0.45681953,-0.88954502,-0.005040586,0
-2.1899774,2.7982175,-1.3747146,-0.45681953,0.88954502,0.005040586,0
1.8818765,-3.085228,1.8167179,0.45681953,-0.88954502,-0.005040586,0
-0.73848295,-0.32669598,-1.5604267,-0.87131602,-0.44858551,0.19894558,0
1.0770297,-1.0025527,2.2713058,0.1792323,0.086490333,0.97999752,0
-1.117159,2.8110838,2.6102273,0.1792323,0.086490333,0.97999752,0
-2.054553,2.9446325,-1.3062811,-0.45681953,0.88954502,0.005040586,0
-0.42068815,-0.091840319,-0.23058376,-0.87131602,-0.44858551,0.19894558,0
-1.832257,2.9128251,-1.8039372,-0.45681953,0.88954502,0.005040586,0
2.5734587,-2.7816064,1.7216249,0.45681953,-0.88954502,-0.005040586,0
1.3880013,-1.5756319,0.35263586,0.87131602,0.44858551,-0.19894558,0
0.37492007,-0.23125386,-1.0844175,0.87131602,0.44858551,-0.19894558,0
-1.0331628,2.1660085,-2.4037588,-0.1792323,-0.086490333,-0.97999752,0
1.4432334,-3.0360713,-1.2152495,0.45681953,-0.88954502,-0.005040586,0
-1.8398275,3.0985439,-1.9728012,-0.45681953,0.88954502,0.005040586,0
-2.0252287,2.9613388,-1.7164271,-0.45681953,0.88954502,0.005040586,0
1.7474879,-3.1447935,-0.67789769,0.45681953,-0.88954502,-0.005040586,0
0.76603466,-2.7625585,-0.01296711,-0.87131602,-0.44858551,0.19894558,0
1.5686786,-3.1373577,1.452565,0.45681953,-0.88954502,-0.005040586,0
-1.658412,3.2873325,0.50614047,-0.45681953,0.88954502,0.005040586,0
1.0888872,-2.6430933,1.1826072,-0.87131602,-0.44858551,0.19894558,0
1.3440897,-1.5905198,2.3533936,0.1792323,0.086490333,0.97999752,0
-1.620765,2.9415274,-2.3533087,-0.45681953,0.88954502,0.005040586,0
-2.3574643,2.3758202,-2.5048456,-0.1792323,-0.086490333,-0.97999752,0
-0.69816387,0.11655107,-1.2580218,-0.87131602,-0.44858551,0.19894558,0
