-4.6670523,-1.6932791,0.76668596,-0.95682067,-0.1432077,0.25295413,0
4.1520205,2.6512022,-0.69777513,-0.064209223,0.95284992,0.29657084,0
-0.50793666,-1.1781224,0.3696897,0.28349847,-0.26752317,0.92090178,0
-3.6989694,-0.80228096,0.44436789,-0.28349847,0.26752317,-0.92090178,0
-0.11229813,-1.8809623,-0.25745448,0.064209223,-0.95284992,-0.29657084,0
-2.0991924,-1.542254,0.52481401,0.28349847,-0.26752317,0.92090178,0
-2.433023,-1.9124511,-0.26281965,-0.28349847,0.26752317,-0.92090178,0
4.6658368,2.8028536,-0.97191572,0.95682067,0.1432077,-0.25295413,0
-2.8559363,1.5049,1.54986,-0.064209223,0.95284992,0.29657084,0
-4.9335613,-0.66392398,1.43049,-0.95682067,-0.1432077,0.25295413,0
-2.5424531,0.63699698,1.5511003,0.28349847,-0.26752317,0.92090178,0
-2.0614908,-1.8300065,-0.42086744,-0.28349847,0.26752317,-0.92090178,0
4.7406058,-1.0282645,-1.4274626,0.28349847,-0.26752317,0.92090178,0
-4.9964046,-0.2801106,0.96568918,-0.95682067,-0.1432077,0.25295413,0
2.9902217,0.52454281,-1.423959,-0.28349847,0.26752317,-0.92090178,0
-4.376543,-2.4518716,-0.0025587082,0.064209223,-0.95284992,-0.29657084,0
4.8168645,-0.16608667,-1.2624478,0.95682067,0.1432077,-0.25295413,0
-1.9583215,1.4911528,0.46604466,-0.28349847,0.26752317,-0.92090178,0
4.6992865,1.5840501,-0.61441422,0.95682067,0.1432077,-0.25295413,0
4.9935207,1.470488,-0.75946856,0.95682067,0.1432077,-0.25295413,0
-4.6643691,-2.6221867,1.0069823,0.064209223,-0.95284992,-0.29657084,0
-4.6805854,0.53121889,1.6056809,-0.95682067,-0.1432077,0.25295413,0
3.295495,2.4264822,-0.082920313,-0.064209223,0.95284992,0.29657084,0
-4.0067453,-2.3866034,0.66564846,0.064209223,-0.95284992,-0.29657084,0
-3.6590948,-2.3962221,0.64763498,0.064209223,-0.95284992,-0.29657084,0
2.3635776,-1.3078521,-1.5402937,-0.28349847,0.26752317,-0.92090178,0
-4.548326,-2.216485,1.0629897,-0.95682067,-0.1432077,0.25295413,0
4.8511596,1.0690849,-1.4560547,0.95682067,0.1432077,-0.25295413,0
1.6244657,2.2842984,-0.13587534,-0.064209223,0.95284992,0.29657084,0
0.64139473,1.8962947,0.16552597,-0.064209223,0.95284992,0.29657084,0
3.6041594,-0.8818382,-1.7338705,-0.28349847,0.26752317,-0.92090178,0
2.4234314,2.0122402,-0.81546116,-0.28349847,0.26752317,-0.92090178,0
-4.6018209,-0.36259937,1.5485158,-0.95682067,-0.1432077,0.25295413,0
-2.9227321,-1.1721585,0.18830609,-0.28349847,0.26752317,-0.92090178,0
3.6502566,1.6900753,0.077548504,0.28349847,-0.26752317,0.92090178,0
-2.334507,-2.4525237,0.29554474,0.064209223,-0.95284992,-0.29657084,0
4.6727085,-0.49616766,-2.0035419,0.95682067,0.1432077,-0.25295413,0
3.5423203,2.2055922,0.062353134,-0.064209223,0.95284992,0.29657084,0
-4.4073067,-2.7452924,0.93875027,-0.95682067,-0.1432077,0.25295413,0
2.0070007,2.3974409,-0.29737091,-0.064209223,0.95284992,0.29657084,0
-0.84884465,-2.0268123,-0.97805369,-0.28349847,0.26752317,-0.92090178,0
5.1416764,-0.94309235,-1.2019253,0.95682067,0.1432077,-0.25295413,0
1.7472107,-1.6963315,-1.0783937,0.064209223,-0.95284992,-0.29657084,0
-2.7309411,0.26833606,1.2720442,0.28349847,-0.26752317,0.92090178,0
-5.0323863,0.64090538,1.722764,-0.95682067,-0.1432077,0.25295413,0
4.6430264,0.29049754,-1.810091,0.95682067,0.1432077,-0.25295413,0
-0.29214585,1.7877513,0.94587779,-0.064209223,0.95284992,0.29657084,0
-4.7780862,-0.96065092,1.4863,-0.95682067,-0.1432077,0.25295413,0
4.4575524,2.02634,-1.1241422,0.95682067,0.1432077,-0.25295413,0
4.2062092,2.3547575,-0.322963,-0.064209223,0.95284992,0.29657084,0
2.7330432,2.2542245,-0.042264938,-0.064209223,0.95284992,0.29657084,0
3.6863275,2.2804012,-0.13746428,-0.064209223,0.95284992,0.29657084,0
-2.8879466,-0.044697344,0.3360095,-0.28349847,0.26752317,-0.92090178,0
3.5070591,-1.510838,-1.1792374,0.064209223,-0.95284992,-0.29657084,0
0.34213695,0.52932572,0.75218016,0.28349847,-0.26752317,0.92090178,0
-4.4766622,-1.8942583,0.99898672,-0.95682067,-0.1432077,0.25295413,0
3.071063,0.067661166,-1.4425211,-0.28349847,0.26752317,-0.92090178,0
-4.6965013,-2.3595076,0.95976639,-0.95682067,-0.1432077,0.25295413,0
-4.5867276,-0.24474311,1.6387529,-0.95682067,-0.1432077,0.25295413,0
0.51658744,0.9871676,-0.5655036,-0.28349847,0.26752317,-0.92090178,0
1.2849339,-1.4739108,-0.10736024,0.28349847,-0.26752317,0.92090178,0
-0.086484075,1.6711884,1.072536,-0.064209223,0.95284992,0.29657084,0
-3.6170049,-0.96577036,1.2874632,0.28349847,-0.26752317,0.92090178,0
-4.7253604,-2.2351322,1.4061785,-0.95682067,-0.1432077,0.25295413,0
1.5914788,-1.7238455,-1.470437,0.064209223,-0.95284992,-0.29657084,0
4.2403955,2.284517,-0.19717622,-0.064209223,0.95284992,0.29657084,0
2.2294858,1.7175807,0.20264184,0.28349847,-0.26752317,0.92090178,0
4.5029993,-1.1664751,-1.3647718,0.064209223,-0.95284992,-0.29657084,0
-4.9752283,-0.4703908,1.1273661,-0.95682067,-0.1432077,0.25295413,0
-4.8075604,-0.14427471,1.4331083,-0.95682067,-0.1432077,0.25295413,0
-4.5761003,-1.9286823,0.73575592,-0.95682067,-0.1432077,0.25295413,0
2.7199583,0.41802913,-0.22649956,0.28349847,-0.26752317,0.92090178,0
0.2740469,2.1345694,0.14685729,-0.064209223,0.95284992,0.29657084,0
-4.9767847,-0.6202631,1.0124087,-0.95682067,-0.1432077,0.25295413,0
3.3282049,2.4082563,0.33409286,-0.064209223,0.95284992,0.29657084,0
-4.6330328,-0.40249443,1.3287821,-0.95682067,-0.1432077,0.25295413,0
0.33713797,0.24528703,0.62391675,0.28349847,-0.26752317,0.92090178,0
-3.5167921,-2.5451634,0.11895776,0.064209223,-0.95284992,-0.29657084,0
5.0468674,-1.1676236,-1.5515571,0.95682067,0.1432077,-0.25295413,0
1.0603681,1.3280709,0.72239614,0.28349847,-0.26752317,0.92090178,0
4.5987468,-0.15957153,-1.0283971,0.28349847,-0.26752317,0.92090178,0
2.0290859,-1.5878917,-1.3793724,0.064209223,-0.95284992,-0.29657084,0
-4.8045077,-1.6650591,1.4035969,-0.95682067,-0.1432077,0.25295413,0
4.4806514,2.7181396,-1.0232987,0.95682067,0.1432077,-0.25295413,0
-2.9107099,-2.2297897,0.29595757,0.064209223,-0.95284992,-0.29657084,0
-2.6144636,-2.4418631,0.27094555,0.064209223,-0.95284992,-0.29657084,0
-4.7588873,-1.184273,1.3424673,-0.95682067,-0.1432077,0.25295413,0
1.4081004,-1.6589561,-0.4028753,0.28349847,-0.26752317,0.92090178,0
-4.3323889,-2.0668216,1.4106274,0.28349847,-0.26752317,0.92090178,0
4.9515204,-1.0270319,-1.8570662,0.95682067,0.1432077,-0.25295413,0
-1.8297225,-2.2447481,-0.29122841,0.064209223,-0.95284992,-0.29657084,0
-2.288343,-2.1202166,-0.60987699,-0.28349847,0.26752317,-0.92090178,0
-4.9472356,0.24729133,1.0944419,-0.95682067,-0.1432077,0.25295413,0
2.0504575,1.6045516,-0.75538909,-0.28349847,0.26752317,-0.92090178,0
1.1375937,-0.49410373,-1.0860153,-0.28349847,0.26752317,-0.92090178,0
3.6245489,-0.099342287,-0.54187894,0.28349847,-0.26752317,0.92090178,0
-0.48244196,-0.65848821,-0.54262114,-0.28349847,0.26752317,-0.92090178,0
-4.7199917,-1.7265457,0.76576614,-0.95682067,-0.1432077,0.25295413,0
-4.8127427,0.47835135,1.3394141,-0.95682067,-0.1432077,0.25295413,0
-3.6628628,-2.4864266,-0.18528771,0.064209223,-0.95284992,-0.29657084,0
3.7492576,2.5680065,-0.73555565,-0.064209223,0.95284992,0.29657084,0
3.7589154,-1.4515245,-1.4423528,0.064209223,-0.95284992,-0.29657084,0
1.6607072,-0.63882768,-1.102605,-0.28349847,0.26752317,-0.92090178,0
-4.5607591,0.76315451,2.2060661,-0.95682067,-0.1432077,0.25295413,0
-5.0711012,1.2051827,1.4559064,-0.064209223,0.95284992,0.29657084,0
-4.7085924,0.64654994,1.5857878,-0.95682067,-0.1432077,0.25295413,0
-0.41971254,-2.0606725,-0.74316382,0.064209223,-0.95284992,-0.29657084,0
0.60714668,-0.0037406087,0.50946468,0.28349847,-0.26752317,0.92090178,0
4.4614544,1.7580681,-1.2507901,0.95682067,0.1432077,-0.25295413,0
-2.1261742,-1.1982037,-0.23071945,-0.28349847,0.26752317,-0.92090178,0
-1.2757714,-1.3689059,0.73950016,0.28349847,-0.26752317,0.92090178,0
3.3189404,-1.2745411,-1.8087614,0.064209223,-0.95284992,-0.29657084,0
4.4571924,2.3236177,-1.387702,-0.28349847,0.26752317,-0.92090178,0
1.0550245,1.8424503,0.51307225,-0.064209223,0.95284992,0.29657084,0
4.972496,-0.27792573,-1.0692196,0.95682067,0.1432077,-0.25295413,0
2.3012941,2.2917943,-0.36812806,-0.064209223,0.95284992,0.29657084,0
3.6712661,2.623589,-0.48848248,-0.064209223,0.95284992,0.29657084,0
4.7064219,-1.1635211,-2.2452002,0.95682067,0.1432077,-0.25295413,0
3.738549,-0.51535559,-0.82696486,0.28349847,-0.26752317,0.92090178,0
-3.7795036,-0.60214531,1.3188598,0.28349847,-0.26752317,0.92090178,0
4.0510387,2.3907824,-0.092139721,0.28349847,-0.26752317,0.92090178,0
3.5489352,-0.6159687,-0.92021179,0.28349847,-0.26752317,0.92090178,0
-4.6222372,-2.5541072,0.45132017,0.064209223,-0.95284992,-0.29657084,0
1.770956,0.37570333,-0.022313833,0.28349847,-0.26752317,0.92090178,0
0.60832226,1.9525511,0.61946416,-0.064209223,0.95284992,0.29657084,0
0.89724368,0.56316978,0.31091356,0.28349847,-0.26752317,0.92090178,0
-3.398716,-2.5096271,0.37607503,0.064209223,-0.95284992,-0.29657084,0
-0.16724896,1.977643,0.16431034,-0.064209223,0.95284992,0.29657084,0
0.56086946,-1.8280733,-0.73918736,0.064209223,-0.95284992,-0.29657084,0
4.7022591,-0.052270889,-1.5220633,0.95682067,0.1432077,-0.25295413,0
3.3392124,-1.1075084,-2.0261066,-0.28349847,0.26752317,-0.92090178,0
0.47894889,0.837605,-0.65941262,-0.28349847,0.26752317,-0.92090178,0
-1.633882,-1.9725674,-0.12789714,0.064209223,-0.95284992,-0.29657084,0
-3.6447544,1.424139,1.3704271,-0.064209223,0.95284992,0.29657084,0
-0.84388757,0.021372557,0.89149785,0.28349847,-0.26752317,0.92090178,0
-1.9232659,1.6972625,1.0099008,-0.064209223,0.95284992,0.29657084,0
-3.5149896,0.6514107,0.53419828,-0.28349847,0.26752317,-0.92090178,0
0.187464,2.0714736,0.58037722,-0.064209223,0.95284992,0.29657084,0
-4.5204597,-0.85213232,1.6589818,-0.95682067,-0.1432077,0.25295413,0
4.7188139,-0.578668,-1.61798,0.95682067,0.1432077,-0.25295413,0
-0.27926505,-1.7466288,-0.66789484,0.064209223,-0.95284992,-0.29657084,0
4.9439764,1.6638528,-0.82103062,0.95682067,0.1432077,-0.25295413,0
-4.6316605,-0.51778388,1.2018061,-0.95682067,-0.1432077,0.25295413,0
-4.6873484,-2.398345,0.85874939,-0.95682067,-0.1432077,0.25295413,0
0.61107302,1.3029954,0.58169222,0.28349847,-0.26752317,0.92090178,0
-4.6373367,-0.040201664,1.7317572,-0.95682067,-0.1432077,0.25295413,0
0.76400113,-2.0573778,-0.25571847,0.28349847,-0.26752317,0.92090178,0
-3.6134081,1.4588623,1.4059858,-0.064209223,0.95284992,0.29657084,0
1.0856256,-1.1086682,-1.1868333,-0.28349847,0.26752317,-0.92090178,0
-1.1335592,0.68612593,1.0064814,0.28349847,-0.26752317,0.92090178,0
4.9576888,-1.2446247,-2.2959175,0.95682067,0.1432077,-0.25295413,0
3.4643555,0.50617301,-1.3931155,-0.28349847,0.26752317,-0.92090178,0
2.8973565,-1.7327383,-1.1396115,0.064209223,-0.95284992,-0.29657084,0
4.6060534,2.2414684,-0.46992111,0.95682067,0.1432077,-0.25295413,0
4.7626357,-0.07211566,-1.210834,0.95682067,0.1432077,-0.25295413,0
-3.4056914,-2.3112123,0.49049282,0.064209223,-0.95284992,-0.29657084,0
2.7230201,0.11206388,-1.2521789,-0.28349847,0.26752317,-0.92090178,0
-2.3406882,0.18028963,1.4065256,0.28349847,-0.26752317,0.92090178,0
0.61208546,-0.35977614,-0.82845503,-0.28349847,0.26752317,-0.92090178,0
-4.7480249,-1.5762789,1.3805628,-0.95682067,-0.1432077,0.25295413,0
4.9850516,-1.2773658,-1.4041901,0.95682067,0.1432077,-0.25295413,0
1.9825394,1.2292818,-0.85147381,-0.28349847,0.26752317,-0.92090178,0
4.768724,0.90763712,-1.7011838,0.95682067,0.1432077,-0.25295413,0
-3.8248322,0.011429667,0.65371132,-0.28349847,0.26752317,-0.92090178,0
3.6148636,2.4778736,-0.41008759,-0.064209223,0.95284992,0.29657084,0
-1.4393647,-2.0764844,-0.38038462,0.064209223,-0.95284992,-0.29657084,0
-4.3297515,-2.5885711,0.754951,0.064209223,-0.95284992,-0.29657084,0
3.4825149,2.2252929,-0.13679576,-0.064209223,0.95284992,0.29657084,0
3.7167501,-1.3958706,-2.0467224,0.064209223,-0.95284992,-0.29657084,0
-4.827486,0.61640739,2.122323,-0.95682067,-0.1432077,0.25295413,0
1.1379676,2.0994444,-0.10844058,-0.064209223,0.95284992,0.29657084,0
4.0374556,2.6212311,-0.69873333,-0.064209223,0.95284992,0.29657084,0
1.4755994,2.4397268,-0.28582132,-0.064209223,0.95284992,0.29657084,0
-0.42757595,-0.87071759,-0.77113658,-0.28349847,0.26752317,-0.92090178,0
-4.6930947,0.93578339,1.8107138,-0.95682067,-0.1432077,0.25295413,0
-4.7876291,-0.95316076,0.80870104,-0.95682067,-0.1432077,0.25295413,0
4.6992097,-0.41141701,-1.8017654,0.95682067,0.1432077,-0.25295413,0
-1.4253532,0.46736479,1.1740125,0.28349847,-0.26752317,0.92090178,0
2.2717328,1.4748689,-0.7177906,-0.28349847,0.26752317,-0.92090178,0
-4.5408802,-2.3797071,1.2300382,-0.95682067,-0.1432077,0.25295413,0
4.1046138,-0.41154718,-1.8803015,-0.28349847,0.26752317,-0.92090178,0
2.5965829,2.6473064,-0.53607726,-0.064209223,0.95284992,0.29657084,0
-1.292002,1.6258898,1.324019,-0.064209223,0.95284992,0.29657084,0
-4.6255937,-1.8807299,1.3176279,-0.95682067,-0.1432077,0.25295413,0
-4.9246445,-0.58267713,1.4596825,-0.95682067,-0.1432077,0.25295413,0
-4.6729507,-0.19076347,1.306262,-0.95682067,-0.1432077,0.25295413,0
4.4720736,1.2552071,-1.5196338,-0.28349847,0.26752317,-0.92090178,0
-3.00629,1.4645016,1.6263771,-0.064209223,0.95284992,0.29657084,0
-4.9799161,-0.65424788,1.0103989,-0.95682067,-0.1432077,0.25295413,0
1.910502,-0.044015527,-1.2286119,-0.28349847,0.26752317,-0.92090178,0
4.5544682,-1.1631495,-1.65833,0.064209223,-0.95284992,-0.29657084,0
-1.6732914,-1.7899498,-0.41698068,-0.28349847,0.26752317,-0.92090178,0
1.710902,-1.1171699,-1.2603154,-0.28349847,0.26752317,-0.92090178,0
0.45689321,1.9945681,0.53879106,-0.064209223,0.95284992,0.29657084,0
-0.78404343,0.11602318,1.0234098,0.28349847,-0.26752317,0.92090178,0
-0.55826938,-1.8380381,-0.58541566,0.064209223,-0.95284992,-0.29657084,0
0.98589635,-1.7870404,-0.37607658,0.064209223,-0.95284992,-0.29657084,0
-4.8336878,-0.15553641,1.6737256,-0.95682067,-0.1432077,0.25295413,0
2.9236379,-1.6720957,-1.3627005,0.064209223,-0.95284992,-0.29657084,0
-5.062994,0.18361735,1.1970687,-0.95682067,-0.1432077,0.25295413,0
-4.4845109,-2.4252677,0.94832897,-0.95682067,-0.1432077,0.25295413,0
1.4925326,2.317636,-0.12706202,-0.064209223,0.95284992,0.29657084,0
4.9505291,1.9592236,-0.60413933,0.95682067,0.1432077,-0.25295413,0
-2.4298813,0.55652064,0.46388245,-0.28349847,0.26752317,-0.92090178,0
-4.8992553,0.22911835,1.909225,-0.95682067,-0.1432077,0.25295413,0
-4.9486527,-1.3358796,1.0075073,-0.95682067,-0.1432077,0.25295413,0
-4.6757278,-2.374969,0.71089983,-0.95682067,-0.1432077,0.25295413,0
-1.4613237,1.4515196,1.1272762,-0.064209223,0.95284992,0.29657084,0
-2.2084863,1.4981093,1.086947,-0.064209223,0.95284992,0.29657084,0
-4.435667,-1.6691993,1.2981415,-0.95682067,-0.1432077,0.25295413,0
4.6638918,0.95875335,-1.1809778,0.95682067,0.1432077,-0.25295413,0
-1.6588335,-2.3580506,0.53316128,0.28349847,-0.26752317,0.92090178,0
2.1989427,2.1869187,-0.80046618,-0.28349847,0.26752317,-0.92090178,0
-0.47637451,-1.9625,-0.064367011,0.064209223,-0.95284992,-0.29657084,0
4.8636026,1.1010661,-0.7608881,0.95682067,0.1432077,-0.25295413,0
-4.780735,-0.45181537,0.72789574,-0.95682067,-0.1432077,0.25295413,0
4.9708905,-1.3160117,-1.5560212,0.064209223,-0.95284992,-0.29657084,0
-4.5913863,0.16823411,1.9591126,-0.95682067,-0.1432077,0.25295413,0
-4.5248551,-1.0394672,1.3024664,-0.95682067,-0.1432077,0.25295413,0
4.9567761,-0.7501874,-1.554862,0.95682067,0.1432077,-0.25295413,0
-4.4627237,-1.4247065,0.26587963,-0.28349847,0.26752317,-0.92090178,0
-4.827981,-1.529506,0.84876108,-0.95682067,-0.1432077,0.25295413,0
-3.1485925,-1.9750069,-0.24000907,-0.28349847,0.26752317,-0.92090178,0
-1.4260368,1.7606328,1.0204401,-0.064209223,0.95284992,0.29657084,0
1.6956751,0.49560785,-0.96114922,-0.28349847,0.26752317,-0.92090178,0
1.4256417,2.2360022,0.38813412,-0.064209223,0.95284992,0.29657084,0
-3.6388621,-0.50607681,1.7008276,0.28349847,-0.26752317,0.92090178,0
3.4490061,2.7524827,-0.79584551,-0.064209223,0.95284992,0.29657084,0
2.785229,-1.2297889,-1.6507704,-0.28349847,0.26752317,-0.92090178,0
2.1608942,-0.197837,-0.10830188,0.28349847,-0.26752317,0.92090178,0
3.627969,2.5133595,-0.4448936,-0.064209223,0.95284992,0.29657084,0
4.9241533,0.71880949,-0.91825914,0.95682067,0.1432077,-0.25295413,0
4.996398,1.1863065,-0.88266039,0.95682067,0.1432077,-0.25295413,0
-4.7802348,-0.87231588,0.75982141,-0.28349847,0.26752317,-0.92090178,0
-3.3852704,-0.32775068,0.2208879,-0.28349847,0.26752317,-0.92090178,0
-1.4361392,-2.4370208,0.31254464,0.28349847,-0.26752317,0.92090178,0
-2.5831819,-2.2891994,0.58916569,0.064209223,-0.95284992,-0.29657084,0
-4.7402458,-0.25669479,1.8636432,-0.95682067,-0.1432077,0.25295413,0
3.3014348,-0.65905786,-1.8216932,-0.28349847,0.26752317,-0.92090178,0
-4.2695041,-0.022704005,0.85943413,-0.28349847,0.26752317,-0.92090178,0
-3.0334551,1.1842594,1.9223485,-0.064209223,0.95284992,0.29657084,0
1.8213836,-1.6439993,-1.5462847,0.064209223,-0.95284992,-0.29657084,0
4.9465494,0.85925806,-0.78414392,0.95682067,0.1432077,-0.25295413,0
4.8316665,-1.0372386,-1.5353522,0.95682067,0.1432077,-0.25295413,0
-4.638093,-1.6279287,1.2351942,-0.95682067,-0.1432077,0.25295413,0
-0.54069674,-2.011631,-0.68560743,0.064209223,-0.95284992,-0.29657084,0
1.1065817,2.2019396,0.23393777,-0.064209223,0.95284992,0.29657084,0
-1.7810171,1.5627301,1.5590799,-0.064209223,0.95284992,0.29657084,0
-4.7626734,-1.1797062,0.9860568,-0.95682067,-0.1432077,0.25295413,0
2.5199716,0.79056025,-1.0603535,-0.28349847,0.26752317,-0.92090178,0
-0.94440472,1.5074127,1.1335685,-0.064209223,0.95284992,0.29657084,0
-1.8152603,-2.1856666,-0.51119792,-0.28349847,0.26752317,-0.92090178,0
2.0174093,0.4839741,-0.034205198,0.28349847,-0.26752317,0.92090178,0
4.7514677,1.1907926,-1.5399394,0.95682067,0.1432077,-0.25295413,0
-1.3266569,1.6553178,0.16322708,-0.28349847,0.26752317,-0.92090178,0
1.0736623,1.1419011,-0.40946084,-0.28349847,0.26752317,-0.92090178,0
4.7934513,0.057700872,-1.3682823,0.95682067,0.1432077,-0.25295413,0
4.4260468,-1.2931641,-1.9682336,0.064209223,-0.95284992,-0.29657084,0
4.7825756,2.1128316,-0.50961351,0.95682067,0.1432077,-0.25295413,0
4.7926092,1.357608,-0.98643017,0.95682067,0.1432077,-0.25295413,0
-2.3591235,1.2786593,0.50986791,-0.28349847,0.26752317,-0.92090178,0
4.814312,2.0306981,-0.98303413,0.95682067,0.1432077,-0.25295413,0
-3.1758363,-2.3807232,-0.2811265,0.064209223,-0.95284992,-0.29657084,0
0.22903061,-1.4214879,-0.12098372,0.28349847,-0.26752317,0.92090178,0
1.7861145,1.2556968,-0.59710217,-0.28349847,0.26752317,-0.92090178,0
-4.83707,0.29652691,1.319808,-0.95682067,-0.1432077,0.25295413,0
-0.33917797,0.57390493,-0.30515432,-0.28349847,0.26752317,-0.92090178,0
-4.3994174,-0.14372289,0.86457825,-0.28349847,0.26752317,-0.92090178,0
0.69846475,-1.5039153,-0.20277023,0.28349847,-0.26752317,0.92090178,0
-0.98174107,-2.2126904,0.068834364,0.064209223,-0.95284992,-0.29657084,0
4.4650202,2.3732414,-0.3495512,-0.064209223,0.95284992,0.29657084,0
4.5843277,-0.25139236,-1.8832078,-0.28349847,0.26752317,-0.92090178,0
-4.4580922,-1.703913,1.5964479,-0.95682067,-0.1432077,0.25295413,0
3.0638747,-1.0768607,-0.53405333,0.28349847,-0.26752317,0.92090178,0
-4.2509289,0.073697448,0.60514259,-0.28349847,0.26752317,-0.92090178,0
-2.2336977,1.3181742,1.4535065,0.28349847,-0.26752317,0.92090178,0
0.92818272,-1.7359153,-0.29406381,0.28349847,-0.26752317,0.92090178,0
4.7829227,1.6861016,-0.88882589,0.95682067,0.1432077,-0.25295413,0
2.9491203,-1.3502879,-0.80197525,0.28349847,-0.26752317,0.92090178,0
-1.5114216,-2.3370516,-0.22662705,0.064209223,-0.95284992,-0.29657084,0
-1.1643603,-2.0582993,-0.28447923,0.064209223,-0.95284992,-0.29657084,0
0.19508564,1.8467097,0.83163464,-0.064209223,0.95284992,0.29657084,0
-4.7268867,1.0958118,1.8678536,-0.95682067,-0.1432077,0.25295413,0
-4.7215533,-1.4169576,1.3579221,-0.95682067,-0.1432077,0.25295413,0
4.8953257,-0.86194575,-1.7098722,0.95682067,0.1432077,-0.25295413,0
5.0078096,0.11390734,-1.0006938,0.95682067,0.1432077,-0.25295413,0
-1.2240155,1.362802,0.14824414,-0.28349847,0.26752317,-0.92090178,0
-4.8722539,-1.822232,0.59991789,-0.95682067,-0.1432077,0.25295413,0
0.88917255,1.9812951,-0.043852538,-0.28349847,0.26752317,-0.92090178,0
2.5163555,0.85717678,-1.0251534,-0.28349847,0.26752317,-0.92090178,0
-3.3972359,-2.2910881,-0.046312571,-0.28349847,0.26752317,-0.92090178,0
3.812746,-1.2036334,-1.89745,0.064209223,-0.95284992,-0.29657084,0
-0.69630051,-1.9744288,-0.23784123,0.064209223,-0.95284992,-0.29657084,0
-4.9250536,-2.1498189,0.47025681,-0.95682067,-0.1432077,0.25295413,0
2.3940878,2.0969281,0.044058084,-0.064209223,0.95284992,0.29657084,0
4.5154572,1.8649234,-1.0487642,0.95682067,0.1432077,-0.25295413,0
-4.7431569,-0.42654657,0.83810568,-0.95682067,-0.1432077,0.25295413,0
-0.56859791,1.8026257,1.1599219,-0.064209223,0.95284992,0.29657084,0
4.752306,1.2504392,-1.3256207,0.95682067,0.1432077,-0.25295413,0
4.8028145,1.235918,-1.0009546,0.95682067,0.1432077,-0.25295413,0
-1.0649153,1.1664852,0.29975891,-0.28349847,0.26752317,-0.92090178,0
-1.421765,-2.1331205,-0.74197978,0.064209223,-0.95284992,-0.29657084,0
-0.82905042,-0.13428628,0.66089535,0.28349847,-0.26752317,0.92090178,0
1.8044699,2.1643748,-0.26568389,-0.064209223,0.95284992,0.29657084,0
4.8271599,1.3138731,-0.78648043,0.95682067,0.1432077,-0.25295413,0
-2.1243958,-1.332211,-0.49151862,-0.28349847,0.26752317,-0.92090178,0
-2.1250479,1.5267804,0.35153222,-0.28349847,0.26752317,-0.92090178,0
-4.6656761,1.2768199,1.4248924,-0.064209223,0.95284992,0.29657084,0
0.76604342,-1.9619825,-0.85409927,0.064209223,-0.95284992,-0.29657084,0
1.1212146,2.1916623,0.28812599,-0.064209223,0.95284992,0.29657084,0
1.2388878,0.3109853,0.39839518,0.28349847,-0.26752317,0.92090178,0
4.7155595,1.9947826,-0.92591953,0.95682067,0.1432077,-0.25295413,0
1.4250716,2.2881441,-0.1040172,-0.064209223,0.95284992,0.29657084,0
2.1110666,1.6857092,0.59147441,0.28349847,-0.26752317,0.92090178,0
1.8669565,2.1460907,-0.30795825,-0.064209223,0.95284992,0.29657084,0
4.9135919,-0.92808056,-2.2530293,0.95682067,0.1432077,-0.25295413,0
2.1268306,2.1725774,-0.10444462,-0.064209223,0.95284992,0.29657084,0
-4.6791978,-2.119786,0.56591415,-0.95682067,-0.1432077,0.25295413,0
4.7563219,1.5626777,-1.0190411,0.95682067,0.1432077,-0.25295413,0
1.1794343,2.0378749,0.53454512,-0.064209223,0.95284992,0.29657084,0
0.15183997,-1.2686681,0.060968488,0.28349847,-0.26752317,0.92090178,0
0.50619483,-1.4315596,-1.1963083,-0.28349847,0.26752317,-0.92090178,0
-2.5077128,-1.8276905,0.85520649,0.28349847,-0.26752317,0.92090178,0
1.7988613,-1.3988049,-1.1949286,0.064209223,-0.95284992,-0.29657084,0
4.647357,1.9336723,-0.82804775,0.95682067,0.1432077,-0.25295413,0
1.0530293,-1.8630946,-1.0024261,0.064209223,-0.95284992,-0.29657084,0
-4.635819,-1.6627476,1.6119041,-0.95682067,-0.1432077,0.25295413,0
-4.9560094,-1.3070353,0.89939833,-0.95682067,-0.1432077,0.25295413,0
0.97728491,-1.6576357,-0.84029341,0.064209223,-0.95284992,-0.29657084,0
-4.5587149,-2.5402415,0.50082302,-0.95682067,-0.1432077,0.25295413,0
-2.331778,1.1855178,0.3140533,-0.28349847,0.26752317,-0.92090178,0
5.0392966,-0.17090619,-1.2394404,0.95682067,0.1432077,-0.25295413,0
-3.5774152,-1.5177145,0.040861607,-0.28349847,0.26752317,-0.92090178,0
1.4161308,2.1966648,-0.0057576299,-0.064209223,0.95284992,0.29657084,0
-3.1911905,0.84588802,1.5987158,0.28349847,-0.26752317,0.92090178,0
-2.0006473,0.24953604,1.3726857,0.28349847,-0.26752317,0.92090178,0
4.911479,2.136333,-0.53184509,0.95682067,0.1432077,-0.25295413,0
4.5948095,0.14934254,-2.0512638,0.95682067,0.1432077,-0.25295413,0
-4.3980103,-2.5982604,0.91613531,-0.95682067,-0.1432077,0.25295413,0
3.1690526,1.2514793,-1.2812712,-0.28349847,0.26752317,-0.92090178,0
0.9498471,1.9173998,0.33671796,-0.064209223,0.95284992,0.29657084,0
-1.5167212,0.39544696,0.93700635,0.28349847,-0.26752317,0.92090178,0
1.7420002,-0.90807796,-0.27833104,0.28349847,-0.26752317,0.92090178,0
4.6943054,2.1618881,-0.62105703,0.95682067,0.1432077,-0.25295413,0
-4.4746833,-0.78849471,0.76757431,-0.28349847,0.26752317,-0.92090178,0
4.7744694,1.497808,-0.42698908,0.95682067,0.1432077,-0.25295413,0
4.764575,0.064503789,-0.94987631,0.95682067,0.1432077,-0.25295413,0
-2.8736286,-0.44980216,0.19822431,-0.28349847,0.26752317,-0.92090178,0
-4.7256088,0.49586248,1.8719416,-0.95682067,-0.1432077,0.25295413,0
-3.4344964,-2.7148986,0.93862057,0.064209223,-0.95284992,-0.29657084,0
2.0172086,2.1739061,0.10511339,-0.064209223,0.95284992,0.29657084,0
-4.8156128,-2.1679363,0.25668335,-0.95682067,-0.1432077,0.25295413,0
-4.367466,-2.5056643,0.82093382,0.064209223,-0.95284992,-0.29657084,0
4.7775111,-1.1300826,-1.85112,0.95682067,0.1432077,-0.25295413,0
-3.4133182,-2.1627817,-0.032856226,0.064209223,-0.95284992,-0.29657084,0
2.5584784,2.2066829,0.27661788,-0.064209223,0.95284992,0.29657084,0
4.9475031,-1.3417275,-1.3066697,0.28349847,-0.26752317,0.92090178,0
-3.2998028,-2.1952095,-0.026511669,0.064209223,-0.95284992,-0.29657084,0
-1.9699712,-2.2550988,0.1728698,0.064209223,-0.95284992,-0.29657084,0
4.7792392,0.92992067,-1.4781137,0.95682067,0.1432077,-0.25295413,0
0.96544898,2.214855,0.12757099,-0.064209223,0.95284992,0.29657084,0
-4.5650053,1.2405832,1.0695386,-0.28349847,0.26752317,-0.92090178,0
-4.8793507,0.49757075,2.2377853,-0.95682067,-0.1432077,0.25295413,0
4.6964412,2.4514852,-0.49046993,0.95682067,0.1432077,-0.25295413,0
-4.7205305,-1.7287145,1.2825828,-0.95682067,-0.1432077,0.25295413,0
4.8000507,-0.5381968,-1.4824429,0.95682067,0.1432077,-0.25295413,0
-3.4659858,1.4299505,1.3988376,-0.064209223,0.95284992,0.29657084,0
-2.6170259,-2.2968974,-0.38547695,0.064209223,-0.95284992,-0.29657084,0
4.7769785,1.0685481,-0.91254091,0.95682067,0.1432077,-0.25295413,0
4.8280835,2.5108275,-0.73536777,0.95682067,0.1432077,-0.25295413,0
-5.1912766,0.68159628,1.2902508,-0.95682067,-0.1432077,0.25295413,0
0.70414174,1.0320802,0.5301041,0.28349847,-0.26752317,0.92090178,0
4.7469177,0.64545774,-0.81333208,0.95682067,0.1432077,-0.25295413,0
1.7189596,2.099582,0.65516609,-0.064209223,0.95284992,0.29657084,0
3.421684,-1.2282716,-1.6746716,0.064209223,-0.95284992,-0.29657084,0
-4.7845645,-2.115211,1.0516586,-0.95682067,-0.1432077,0.25295413,0
3.7351398,2.3954544,-0.32029438,-0.064209223,0.95284992,0.29657084,0
1.6491655,-1.5556509,-0.73478818,0.064209223,-0.95284992,-0.29657084,0
4.480968,0.82303071,-1.6181593,0.95682067,0.1432077,-0.25295413,0
-2.1503406,-0.95446163,-0.34438288,-0.28349847,0.26752317,-0.92090178,0
4.7092619,1.4605997,-0.51960611,0.95682067,0.1432077,-0.25295413,0
4.8662925,0.090734005,-1.2805161,0.95682067,0.1432077,-0.25295413,0
-3.0531716,-2.706018,0.6963551,0.064209223,-0.95284992,-0.29657084,0
-2.2235367,-2.3981938,0.53402781,0.064209223,-0.95284992,-0.29657084,0
2.3058825,-1.4013811,-1.2654896,0.064209223,-0.95284992,-0.29657084,0
-4.8320074,-2.3328078,0.75716877,-0.95682067,-0.1432077,0.25295413,0
0.12446551,-0.15048832,0.5608505,0.28349847,-0.26752317,0.92090178,0
-3.7992706,1.6746209,1.1169744,-0.064209223,0.95284992,0.29657084,0
3.554616,1.0771599,-1.5046422,-0.28349847,0.26752317,-0.92090178,0
3.4768741,0.8260873,-0.28095388,0.28349847,-0.26752317,0.92090178,0
5.0729194,-0.54961705,-1.4534984,0.95682067,0.1432077,-0.25295413,0
-1.1087735,-0.44061065,0.89780426,0.28349847,-0.26752317,0.92090178,0
-2.4090412,-0.11329043,1.2686794,0.28349847,-0.26752317,0.92090178,0
4.7848516,-0.51228356,-1.2564645,0.95682067,0.1432077,-0.25295413,0
1.8460501,0.59778011,-0.88908339,-0.28349847,0.26752317,-0.92090178,0
-0.71694982,-1.9290575,-0.16522776,0.064209223,-0.95284992,-0.29657084,0
2.1752591,0.30522954,-1.0961356,-0.28349847,0.26752317,-0.92090178,0
-2.8036695,-2.4490523,0.49636674,0.064209223,-0.95284992,-0.29657084,0
3.9656096,2.6579638,-0.42053509,-0.064209223,0.95284992,0.29657084,0
4.6329131,2.1229227,-0.63377333,0.95682067,0.1432077,-0.25295413,0
2.0891602,1.6945457,-0.58839107,-0.28349847,0.26752317,-0.92090178,0
-3.0863054,-2.4931762,0.28008461,0.064209223,-0.95284992,-0.29657084,0
1.2081759,1.304811,0.48993284,0.28349847,-0.26752317,0.92090178,0
1.6685011,-0.67477798,-0.31609786,0.28349847,-0.26752317,0.92090178,0
0.18064082,-1.8434093,-0.91917068,0.064209223,-0.95284992,-0.29657084,0
4.2714338,1.2514997,-1.2958183,-0.28349847,0.26752317,-0.92090178,0
-2.6458607,-0.76601052,1.2424088,0.28349847,-0.26752317,0.92090178,0
1.9137418,-1.6678374,-0.95838189,0.064209223,-0.95284992,-0.29657084,0
-1.604992,-1.08588,-0.16558683,-0.28349847,0.26752317,-0.92090178,0
0.54138458,1.0627832,-0.56474376,-0.28349847,0.26752317,-0.92090178,0
4.9881639,1.5946971,-0.69949627,0.95682067,0.1432077,-0.25295413,0
-0.87345278,-1.3267561,-0.72057706,-0.28349847,0.26752317,-0.92090178,0
2.4219248,-1.4269384,-1.2979167,0.064209223,-0.95284992,-0.29657084,0
-4.6566348,-1.9559237,0.91490841,-0.95682067,-0.1432077,0.25295413,0
-2.1430306,1.6576865,0.58539891,-0.064209223,0.95284992,0.29657084,0
-3.2480407,0.60459739,0.44264746,-0.28349847,0.26752317,-0.92090178,0
-4.5719767,-2.0508289,0.7379384,-0.95682067,-0.1432077,0.25295413,0
4.8121886,0.52255011,-1.9000545,0.95682067,0.1432077,-0.25295413,0
-3.8112493,1.3924248,1.8653135,-0.064209223,0.95284992,0.29657084,0
-4.6882005,0.17562699,1.6530423,-0.95682067,-0.1432077,0.25295413,0
0.38023847,-0.053774372,0.2245882,0.28349847,-0.26752317,0.92090178,0
4.6383371,0.79268515,-0.9936204,0.95682067,0.1432077,-0.25295413,0
-1.0509678,-0.009914875,0.85092974,0.28349847,-0.26752317,0.92090178,0
4.733551,1.2096839,-1.1941843,0.95682067,0.1432077,-0.25295413,0
-2.7059965,1.2222371,1.6106319,-0.064209223,0.95284992,0.29657084,0
1.9846454,0.8994171,-0.016201138,0.28349847,-0.26752317,0.92090178,0
-4.7076344,0.024148941,1.4262104,-0.95682067,-0.1432077,0.25295413,0
-0.19097245,1.5441506,1.1063044,-0.064209223,0.95284992,0.29657084,0
-4.8577318,-2.2871227,0.79773045,-0.95682067,-0.1432077,0.25295413,0
3.9957776,2.4746113,-0.071802616,-0.064209223,0.95284992,0.29657084,0
-3.0726736,-2.3494937,0.23402619,0.064209223,-0.95284992,-0.29657084,0
3.6280127,2.3672638,0.15955067,-0.064209223,0.95284992,0.29657084,0
0.54835045,-1.5683384,-0.93935382,0.064209223,-0.95284992,-0.29657084,0
0.85372567,1.5576605,-0.22320589,-0.28349847,0.26752317,-0.92090178,0
0.5891279,2.0162926,0.35709155,-0.064209223,0.95284992,0.29657084,0
-4.4093838,1.0278951,1.9958639,-0.064209223,0.95284992,0.29657084,0
-4.1633615,0.39400637,0.82125616,-0.28349847,0.26752317,-0.92090178,0
-4.7818499,0.78183675,2.4227948,-0.95682067,-0.1432077,0.25295413,0
-3.4214232,0.99598831,0.7267797,-0.28349847,0.26752317,-0.92090178,0
-2.6011024,-2.2294741,0.5099287,0.064209223,-0.95284992,-0.29657084,0
-4.6600747,1.2678357,1.5824289,-0.064209223,0.95284992,0.29657084,0
4.728013,1.8778123,-1.022366,0.95682067,0.1432077,-0.25295413,0
0.69441545,1.857332,0.67766887,-0.064209223,0.95284992,0.29657084,0
-4.6811428,-1.196503,1.1122427,-0.95682067,-0.1432077,0.25295413,0
0.75027299,-1.5752671,-0.9213866,0.064209223,-0.95284992,-0.29657084,0
-2.4530172,0.23313379,1.218184,0.28349847,-0.26752317,0.92090178,0
-4.890914,0.15954816,1.4295359,-0.95682067,-0.1432077,0.25295413,0
-1.2741289,-0.12493384,1.0875819,0.28349847,-0.26752317,0.92090178,0
-4.223227,-2.4146531,0.59090376,0.064209223,-0.95284992,-0.29657084,0
-1.6506299,-2.1314404,-0.80505431,0.064209223,-0.95284992,-0.29657084,0
-1.1962525,-1.5056152,-0.69842851,-0.28349847,0.26752317,-0.92090178,0
-2.2879696,-2.4700608,0.54303622,0.064209223,-0.95284992,-0.29657084,0
-4.9867878,-1.943001,0.46206713,-0.95682067,-0.1432077,0.25295413,0
-4.6198044,0.29488587,1.704319,-0.95682067,-0.1432077,0.25295413,0
-4.867959,1.2263312,1.3324628,-0.064209223,0.95284992,0.29657084,0
-2.9029324,-1.74146,0.91420722,0.28349847,-0.26752317,0.92090178,0
-1.2748928,1.5468079,0.82761693,-0.064209223,0.95284992,0.29657084,0
-4.8286695,-0.22242308,1.344274,-0.95682067,-0.1432077,0.25295413,0
4.8149223,1.3373568,-1.3455014,0.95682067,0.1432077,-0.25295413,0
4.6340375,0.13765836,-0.80132389,0.28349847,-0.26752317,0.92090178,0
-0.43635547,-1.9444191,-0.40655601,0.064209223,-0.95284992,-0.29657084,0
-5.0215907,-0.84965181,1.0278754,-0.95682067,-0.1432077,0.25295413,0
1.0508208,2.3497858,-0.10920885,-0.28349847,0.26752317,-0.92090178,0
-3.850395,-2.4390359,0.55895352,0.064209223,-0.95284992,-0.29657084,0
-4.5424657,-1.5616866,0.46805096,-0.28349847,0.26752317,-0.92090178,0
-3.9310803,-2.5513492,0.15911746,0.064209223,-0.95284992,-0.29657084,0
-2.5058684,-2.4637604,0.3950417,0.064209223,-0.95284992,-0.29657084,0
1.4375763,-1.3864957,-1.1886615,-0.28349847,0.26752317,-0.92090178,0
4.87921,0.4256624,-1.2426243,0.95682067,0.1432077,-0.25295413,0
-4.7645497,-0.06806612,1.7166567,-0.95682067,-0.1432077,0.25295413,0
-4.7280302,-2.4318357,0.72970247,-0.95682067,-0.1432077,0.25295413,0
-4.7616386,-1.4942626,0.76149559,-0.95682067,-0.1432077,0.25295413,0
-4.7841716,0.71997118,1.9802828,-0.95682067,-0.1432077,0.25295413,0
4.8722782,-0.11873317,-0.84221268,0.95682067,0.1432077,-0.25295413,0
4.578681,2.5599811,-0.42411995,0.95682067,0.1432077,-0.25295413,0
4.5413399,2.4459257,-0.95151329,0.95682067,0.1432077,-0.25295413,0
0.75216103,-1.7859154,-1.0441468,0.064209223,-0.95284992,-0.29657084,0
-4.1557684,1.2411251,1.9186029,-0.064209223,0.95284992,0.29657084,0
-4.8413467,-1.8665645,0.79922485,-0.95682067,-0.1432077,0.25295413,0
4.7765832,-0.24609613,-1.6348996,0.95682067,0.1432077,-0.25295413,0
-2.4348469,1.5940864,0.96287227,-0.064209223,0.95284992,0.29657084,0
-0.9093405,-1.9596664,-0.87499726,0.064209223,-0.95284992,-0.29657084,0
4.9827471,0.08505106,-1.6572595,0.95682067,0.1432077,-0.25295413,0
4.5963664,2.7953358,-1.0861902,0.95682067,0.1432077,-0.25295413,0
4.6718893,-1.1705428,-2.0228519,0.064209223,-0.95284992,-0.29657084,0
-4.4298902,1.1158605,1.683311,-0.064209223,0.95284992,0.29657084,0
4.0878019,1.729053,-0.36889124,0.28349847,-0.26752317,0.92090178,0
1.1569513,-1.809051,-0.86854243,0.064209223,-0.95284992,-0.29657084,0
-4.857039,0.4812175,1.6825213,-0.95682067,-0.1432077,0.25295413,0
4.8877544,-1.308624,-1.5700521,0.95682067,0.1432077,-0.25295413,0
-4.4536757,-1.6096752,1.2910576,-0.95682067,-0.1432077,0.25295413,0
2.5751235,2.1459804,-0.2174511,-0.064209223,0.95284992,0.29657084,0
0.26778436,2.1794856,0.39845267,-0.064209223,0.95284992,0.29657084,0
0.18460155,2.2187059,0.10750949,-0.064209223,0.95284992,0.29657084,0
-4.8209867,0.66707981,1.3612342,-0.95682067,-0.1432077,0.25295413,0
-3.1434948,-2.4223309,-0.015813112,0.064209223,-0.95284992,-0.29657084,0
-3.1741233,1.5928913,1.5358865,-0.064209223,0.95284992,0.29657084,0
1.560305,-1.9125805,-0.41268802,0.064209223,-0.95284992,-0.29657084,0
-4.6682634,-1.3755717,0.66785574,-0.95682067,-0.1432077,0.25295413,0
-4.5209875,-1.0514443,1.4316287,-0.95682067,-0.1432077,0.25295413,0
-3.4293613,1.1903261,0.69465399,-0.28349847,0.26752317,-0.92090178,0
-2.9102571,-1.4550637,0.90400696,0.28349847,-0.26752317,0.92090178,0
1.7935181,-1.6566349,-1.4847777,0.064209223,-0.95284992,-0.29657084,0
3.1438661,1.1881289,-1.2538919,-0.28349847,0.26752317,-0.92090178,0
-0.72558522,-0.9646439,0.58144861,0.28349847,-0.26752317,0.92090178,0
4.9259992,2.4374933,-0.49398041,0.95682067,0.1432077,-0.25295413,0
-2.1275957,-2.2631502,-0.14599752,0.064209223,-0.95284992,-0.29657084,0
1.027126,-1.554919,-0.3447566,0.28349847,-0.26752317,0.92090178,0
2.1348348,0.76190525,0.091598511,0.28349847,-0.26752317,0.92090178,0
-1.9746056,-1.4689811,-0.29708505,-0.28349847,0.26752317,-0.92090178,0
4.9535017,-1.271333,-1.3072734,0.28349847,-0.26752317,0.92090178,0
1.7995369,2.1655016,0.20897436,-0.064209223,0.95284992,0.29657084,0
-2.0118449,-1.11874,-0.46549428,-0.28349847,0.26752317,-0.92090178,0
4.8157878,0.14659286,-1.7487512,0.95682067,0.1432077,-0.25295413,0
3.084733,2.4806571,-0.26717615,-0.064209223,0.95284992,0.29657084,0
0.31226778,-1.8449125,-0.41645676,0.064209223,-0.95284992,-0.29657084,0
3.7277181,-1.1419474,-1.8513064,0.064209223,-0.95284992,-0.29657084,0
-5.0167508,-0.072072625,1.1560793,-0.95682067,-0.1432077,0.25295413,0
0.87241888,-2.037107,-0.34989762,0.28349847,-0.26752317,0.92090178,0
2.2890992,-1.645869,-0.81202245,0.064209223,-0.95284992,-0.29657084,0
-1.2525117,-1.942615,-0.60414314,0.064209223,-0.95284992,-0.29657084,0
-1.4312736,-1.4402964,-0.32603329,-0.28349847,0.26752317,-0.92090178,0
1.0691878,2.4227674,-0.23176739,-0.28349847,0.26752317,-0.92090178,0
4.0602665,-0.14300942,-1.9091482,-0.28349847,0.26752317,-0.92090178,0
-2.6065643,-2.09653,0.82741237,0.28349847,-0.26752317,0.92090178,0
4.3894463,2.0840001,-1.2921772,0.95682067,0.1432077,-0.25295413,0
-2.7127569,-1.8848817,0.98241067,0.28349847,-0.26752317,0.92090178,0
-3.5046694,-0.078764856,0.49763036,-0.28349847,0.26752317,-0.92090178,0
-4.9363451,-0.18087363,1.6770544,-0.95682067,-0.1432077,0.25295413,0
-2.7985177,-1.7504516,1.0094721,0.28349847,-0.26752317,0.92090178,0
1.4167587,2.0412509,-0.1014483,-0.064209223,0.95284992,0.29657084,0
-1.8414254,-2.3192327,0.073635578,0.064209223,-0.95284992,-0.29657084,0
1.5294751,-0.023680925,-1.1260432,-0.28349847,0.26752317,-0.92090178,0
4.8791423,-0.92663896,-1.3213778,0.95682067,0.1432077,-0.25295413,0
-1.139569,1.5020542,1.1365325,-0.064209223,0.95284992,0.29657084,0
-2.4786615,1.7095144,0.93406796,-0.064209223,0.95284992,0.29657084,0
-4.7650194,-1.2367284,1.7216344,-0.95682067,-0.1432077,0.25295413,0
-0.62544107,2.0226581,0.67746258,-0.064209223,0.95284992,0.29657084,0
2.3559902,2.5207937,-0.35675097,-0.064209223,0.95284992,0.29657084,0
0.018709183,1.3101711,0.015708119,-0.28349847,0.26752317,-0.92090178,0
-4.6934834,0.82934308,2.25734,0.28349847,-0.26752317,0.92090178,0
4.9131341,0.22860444,-1.1620445,0.95682067,0.1432077,-0.25295413,0
3.3452199,-1.4917176,-1.2602901,0.064209223,-0.95284992,-0.29657084,0
-4.7345695,-0.025915384,1.6889372,-0.95682067,-0.1432077,0.25295413,0
-0.90433192,1.5353801,0.98918772,-0.064209223,0.95284992,0.29657084,0
-2.5146244,0.19667593,0.26632762,-0.28349847,0.26752317,-0.92090178,0
-3.1653485,-0.62580121,1.2993467,0.28349847,-0.26752317,0.92090178,0
-2.5382447,1.4379277,1.3260674,-0.064209223,0.95284992,0.29657084,0
4.9984527,-0.63500094,-1.9656906,0.95682067,0.1432077,-0.25295413,0
0.34545261,0.24391717,0.55298388,0.28349847,-0.26752317,0.92090178,0
-3.8220646,-1.1976534,1.2307699,0.28349847,-0.26752317,0.92090178,0
-4.6568503,-1.635514,1.3738599,-0.95682067,-0.1432077,0.25295413,0
3.3866508,2.2646708,-0.33889484,-0.064209223,0.95284992,0.29657084,0
3.7684972,-1.0609058,-1.8835483,-0.28349847,0.26752317,-0.92090178,0
-0.47067237,2.064055,0.49939466,-0.064209223,0.95284992,0.29657084,0
-4.8728528,1.0601391,1.6929069,-0.95682067,-0.1432077,0.25295413,0
4.8277516,0.47345662,-0.75114679,0.95682067,0.1432077,-0.25295413,0
4.0416136,0.98949718,-1.4163733,-0.28349847,0.26752317,-0.92090178,0
4.7856054,1.3442576,-1.4002767,0.95682067,0.1432077,-0.25295413,0
4.1979551,0.01087594,-1.9747787,-0.28349847,0.26752317,-0.92090178,0
2.6246519,0.47656322,0.088486671,0.28349847,-0.26752317,0.92090178,0
-0.076112747,1.6997622,1.2424552,-0.064209223,0.95284992,0.29657084,0
3.1835582,-0.24832231,-0.47303414,0.28349847,-0.26752317,0.92090178,0
-5.0875387,-0.23105991,1.0657125,-0.95682067,-0.1432077,0.25295413,0
-1.015262,-2.0937479,-0.46991932,0.064209223,-0.95284992,-0.29657084,0
4.4167795,2.7891297,-0.83287239,0.95682067,0.1432077,-0.25295413,0
-5.0104733,-1.1300695,0.9093504,-0.95682067,-0.1432077,0.25295413,0
-4.6924114,-0.46690667,1.0193405,-0.95682067,-0.1432077,0.25295413,0
0.21483952,0.78493762,-0.48562023,-0.28349847,0.26752317,-0.92090178,0
-1.092476,0.21704149,1.1481879,0.28349847,-0.26752317,0.92090178,0
4.5272136,-1.0141292,-1.351418,0.28349847,-0.26752317,0.92090178,0
-2.9517601,-2.5507884,0.70069313,0.28349847,-0.26752317,0.92090178,0
4.9876509,-0.4476651,-1.4960313,0.95682067,0.1432077,-0.25295413,0
4.8083754,1.3861781,-1.0490322,0.95682067,0.1432077,-0.25295413,0
4.7772431,-1.0657289,-1.9555225,0.95682067,0.1432077,-0.25295413,0
-1.0533839,1.6986625,1.2236959,-0.064209223,0.95284992,0.29657084,0
-0.63413358,-0.91565263,-0.55825323,-0.28349847,0.26752317,-0.92090178,0
-3.6799555,-2.5834191,1.078732,0.28349847,-0.26752317,0.92090178,0
-0.730492,0.39457902,-0.0086408257,-0.28349847,0.26752317,-0.92090178,0
-4.7271347,-1.3056971,0.62110329,-0.95682067,-0.1432077,0.25295413,0
4.7148819,1.4520019,-1.0497842,0.95682067,0.1432077,-0.25295413,0
