-2.9797401,-0.32158929,1.0023222,-0.46538931,-0.039156318,-0.88423961,0
-3.1515017,1.6781962,1.4646132,-0.77838266,0.49368101,0.38781381,0
-3.0224276,2.1554081,1.7443895,-0.77838266,0.49368101,0.38781381,0
-3.6558385,0.36656165,2.5859261,-0.4213469,-0.86876112,0.26023242,0
1.0071394,-3.0892963,-0.62488258,-0.4213469,-0.86876112,0.26023242,0
3.8578653,-0.99842632,-1.4978418,0.77838266,-0.49368101,-0.38781381,0
-2.3815787,-0.63796419,0.95668864,-0.4213469,-0.86876112,0.26023242,0
3.9316378,-0.25443208,-2.1987429,0.77838266,-0.49368101,-0.38781381,0
1.7253308,1.219172,-0.62083268,0.4213469,0.86876112,-0.26023242,0
2.2379732,0.9540633,-0.84851217,0.4213469,0.86876112,-0.26023242,0
-2.8780584,2.3327699,1.7689936,-0.77838266,0.49368101,0.38781381,0
-3.1135101,2.0963821,1.0741889,-0.77838266,0.49368101,0.38781381,0
1.2725941,-3.0102601,-0.4079597,-0.4213469,-0.86876112,0.26023242,0
2.1974084,-0.33045501,-0.76104569,0.46538931,0.039156318,0.88423961,0
0.27418682,-0.54385811,-0.50896102,-0.46538931,-0.039156318,-0.88423961,0
-3.2060602,1.0599247,2.1036468,-0.77838266,0.49368101,0.38781381,0
-0.28242993,1.8775964,0.40916425,0.46538931,0.039156318,0.88423961,0
-3.5395689,0.43933845,2.4059916,-0.77838266,0.49368101,0.38781381,0
-2.9284544,2.3978598,0.64801311,-0.46538931,-0.039156318,-0.88423961,0
0.47926643,0.23807281,0.25274006,0.46538931,0.039156318,0.88423961,0
-3.4113278,1.690167,1.7753916,-0.77838266,0.49368101,0.38781381,0
-2.8310912,-0.78620708,1.2334633,-0.4213469,-0.86876112,0.26023242,0
-1.7121744,2.4296889,1.5331368,0.46538931,0.039156318,0.88423961,0
1.4859337,-1.5325198,-1.4256546,-0.46538931,-0.039156318,-0.88423961,0
-0.45488739,2.8682625,0.39084208,0.4213469,0.86876112,-0.26023242,0
0.3876996,1.9603473,0.12015404,0.46538931,0.039156318,0.88423961,0
1.653693,-3.2447987,-0.73802114,-0.4213469,-0.86876112,0.26023242,0
-0.60909104,1.6979141,1.0092438,0.46538931,0.039156318,0.88423961,0
-3.4424951,1.3674099,1.3481627,-0.77838266,0.49368101,0.38781381,0
-3.4414091,-0.35880473,1.5522835,-0.4213469,-0.86876112,0.26023242,0
1.4056094,1.6024235,-0.51868558,0.4213469,0.86876112,-0.26023242,0
2.451242,-1.3431052,-1.918175,-0.46538931,-0.039156318,-0.88423961,0
1.9432122,1.037573,-1.068718,0.4213469,0.86876112,-0.26023242,0
-0.62470686,1.9797353,-0.52793252,-0.46538931,-0.039156318,-0.88423961,0
-1.8088588,0.61180472,1.4739304,0.46538931,0.039156318,0.88423961,0
-2.8260307,-0.57905662,1.7334349,-0.4213469,-0.86876112,0.26023242,0
3.7003608,-0.059607029,-2.3702288,0.4213469,0.86876112,-0.26023242,0
-2.3285673,3.6155124,1.5357668,-0.77838266,0.49368101,0.38781381,0
-3.5603807,0.072404146,1.9218502,-0.4213469,-0.86876112,0.26023242,0
1.8773069,1.361253,-0.77271724,0.4213469,0.86876112,-0.26023242,0
1.228231,1.8274716,-0.1932053,0.4213469,0.86876112,-0.26023242,0
0.63791728,-2.6705735,-0.042728901,-0.4213469,-0.86876112,0.26023242,0
0.38873935,-2.3327549,0.35276669,-0.4213469,-0.86876112,0.26023242,0
-3.2387791,2.3415759,1.1903167,-0.77838266,0.49368101,0.38781381,0
-2.5619702,-0.56042379,1.1510348,-0.4213469,-0.86876112,0.26023242,0
-1.4593784,0.019534737,0.09646821,-0.46538931,-0.039156318,-0.88423961,0
2.3316262,0.74609596,-1.3204145,0.4213469,0.86876112,-0.26023242,0
0.41673779,1.8954723,-0.16783299,0.4213469,0.86876112,-0.26023242,0
-2.2146277,-0.90553844,1.6289408,-0.4213469,-0.86876112,0.26023242,0
3.7733026,-0.43106389,-1.9855542,0.77838266,-0.49368101,-0.38781381,0
2.7458057,-2.4919267,-1.7896595,0.77838266,-0.49368101,-0.38781381,0
-2.39501,2.3767214,1.5590765,0.46538931,0.039156318,0.88423961,0
-0.65564358,2.3367949,-0.48262602,-0.46538931,-0.039156318,-0.88423961,0
-2.0479252,3.2866166,0.28465605,0.4213469,0.86876112,-0.26023242,0
0.49075902,-2.5484836,-0.31925511,-0.4213469,-0.86876112,0.26023242,0
1.4310356,1.3834753,-0.70172989,0.4213469,0.86876112,-0.26023242,0
-1.7433664,-1.0039544,1.0585121,-0.4213469,-0.86876112,0.26023242,0
2.9401829,-2.3139131,-1.0338268,0.77838266,-0.49368101,-0.38781381,0
3.0426872,-2.8594337,-0.9152956,0.77838266,-0.49368101,-0.38781381,0
0.32490873,-2.5506818,0.37606949,-0.4213469,-0.86876112,0.26023242,0
-2.27037,3.5025246,1.3000777,-0.77838266,0.49368101,0.38781381,0
1.637358,-3.6803153,-1.2258689,-0.4213469,-0.86876112,0.26023242,0
3.8966804,-0.07113111,-1.7482967,0.4213469,0.86876112,-0.26023242,0
-2.7609444,3.2712119,0.6829412,-0.77838266,0.49368101,0.38781381,0
-0.56511235,-1.2745395,-0.34917867,-0.46538931,-0.039156318,-0.88423961,0
2.9001465,-3.0172682,-0.81658554,0.77838266,-0.49368101,-0.38781381,0
0.14434385,2.01529,-0.81139702,0.4213469,0.86876112,-0.26023242,0
1.3646421,1.1262103,-0.19525111,0.46538931,0.039156318,0.88423961,0
-1.4736046,-0.83888865,1.3796762,0.46538931,0.039156318,0.88423961,0
3.1931756,0.30209553,-2.2640989,0.4213469,0.86876112,-0.26023242,0
3.0445235,-2.3296545,-1.4901175,0.77838266,-0.49368101,-0.38781381,0
2.084552,1.2172149,-0.73468864,0.4213469,0.86876112,-0.26023242,0
-0.029062033,-2.0088272,0.4421736,-0.4213469,-0.86876112,0.26023242,0
3.9270701,-0.86998588,-1.4027233,0.77838266,-0.49368101,-0.38781381,0
-0.50607485,-0.13248765,0.78370607,0.46538931,0.039156318,0.88423961,0
-3.6345017,1.3384491,1.2608428,-0.77838266,0.49368101,0.38781381,0
0.7451576,-0.45188093,-1.0104102,-0.46538931,-0.039156318,-0.88423961,0
1.4594536,1.4706913,-0.52973771,0.4213469,0.86876112,-0.26023242,0
2.1463327,-3.1884065,-1.452035,0.77838266,-0.49368101,-0.38781381,0
-0.045313358,-2.2409172,0.30369887,-0.4213469,-0.86876112,0.26023242,0
3.2217262,0.050193548,-1.7665279,0.4213469,0.86876112,-0.26023242,0
-1.7563938,3.3012257,0.30885983,-0.46538931,-0.039156318,-0.88423961,0
-3.7500908,0.08229208,2.4245424,-0.4213469,-0.86876112,0.26023242,0
-0.020204306,2.2863479,0.40759718,0.46538931,0.039156318,0.88423961,0
-1.0874157,-0.76357138,0.06664145,-0.46538931,-0.039156318,-0.88423961,0
-2.5088558,-0.4512735,1.633755,-0.4213469,-0.86876112,0.26023242,0
2.896759,-2.5863328,-1.6756976,0.77838266,-0.49368101,-0.38781381,0
-2.2651873,3.4367177,0.39015007,0.4213469,0.86876112,-0.26023242,0
0.56209779,0.16970801,-0.97724295,-0.46538931,-0.039156318,-0.88423961,0
-2.2380588,2.7161613,0.62895823,-0.46538931,-0.039156318,-0.88423961,0
1.9812708,-1.4849907,-1.6235056,-0.46538931,-0.039156318,-0.88423961,0
0.92663032,-0.87121677,-0.96323216,-0.46538931,-0.039156318,-0.88423961,0
-1.9693038,-1.1050342,1.4965112,-0.4213469,-0.86876112,0.26023242,0
-1.1706924,-1.443599,0.37613928,-0.4213469,-0.86876112,0.26023242,0
-0.076817989,2.2720408,-0.3036457,0.4213469,0.86876112,-0.26023242,0
-3.8410268,-0.13424692,1.3999453,-0.46538931,-0.039156318,-0.88423961,0
-2.2906713,-0.403997,1.622088,0.46538931,0.039156318,0.88423961,0
0.66942626,-1.4456962,0.17789441,0.46538931,0.039156318,0.88423961,0
-1.5174254,1.8523357,0.22267365,-0.46538931,-0.039156318,-0.88423961,0
-0.85626507,2.7877221,0.24763834,0.4213469,0.86876112,-0.26023242,0
-2.6698401,3.3938532,0.75416088,-0.77838266,0.49368101,0.38781381,0
2.4238808,-3.2726409,-0.94667649,0.77838266,-0.49368101,-0.38781381,0
3.5689414,-0.005569458,-2.1806812,0.4213469,0.86876112,-0.26023242,0
2.7367594,-1.2595787,-0.74087644,0.46538931,0.039156318,0.88423961,0
2.7950926,-1.6191869,-1.0509868,0.46538931,0.039156318,0.88423961,0
-0.6629529,2.8218842,0.93651092,0.46538931,0.039156318,0.88423961,0
-2.0840414,3.4386587,1.5109634,-0.77838266,0.49368101,0.38781381,0
2.6110001,-3.1043932,-0.87644219,0.77838266,-0.49368101,-0.38781381,0
0.2617799,-1.9184065,-0.74106658,-0.46538931,-0.039156318,-0.88423961,0
-1.1351595,-1.6162341,0.79678148,-0.4213469,-0.86876112,0.26023242,0
0.065942883,0.74402183,-0.63987356,-0.46538931,-0.039156318,-0.88423961,0
2.2593703,0.95233989,-0.96017075,0.4213469,0.86876112,-0.26023242,0
-4.0099964,0.20506239,1.7733321,-0.77838266,0.49368101,0.38781381,0
1.1782546,1.5621917,-0.6995281,0.4213469,0.86876112,-0.26023242,0
-4.0290184,0.24407125,1.9583392,-0.77838266,0.49368101,0.38781381,0
2.5529642,0.51956785,-1.4103832,0.4213469,0.86876112,-0.26023242,0
2.6532648,-2.9772689,-1.0333443,0.77838266,-0.49368101,-0.38781381,0
-3.0529866,2.25559,1.5048037,-0.77838266,0.49368101,0.38781381,0
3.4891667,-0.081579447,-1.8453224,0.4213469,0.86876112,-0.26023242,0
-1.5573426,3.2021327,0.77775073,0.4213469,0.86876112,-0.26023242,0
-3.1418967,1.3784083,1.876389,-0.77838266,0.49368101,0.38781381,0
-3.6641388,0.78515059,1.476438,-0.77838266,0.49368101,0.38781381,0
-0.96460873,-0.62667131,1.1694475,0.46538931,0.039156318,0.88423961,0
2.5720658,-2.2280753,-1.7709622,-0.46538931,-0.039156318,-0.88423961,0
0.23469931,-0.53082412,-0.53675014,-0.46538931,-0.039156318,-0.88423961,0
0.068439424,0.2344867,-0.52714229,-0.46538931,-0.039156318,-0.88423961,0
1.9533342,1.0600924,-1.0212693,0.4213469,0.86876112,-0.26023242,0
-0.22899848,1.2028334,-0.50417757,-0.46538931,-0.039156318,-0.88423961,0
0.17859626,2.4025428,0.093862712,0.4213469,0.86876112,-0.26023242,0
-2.2878375,-0.91052216,1.4003901,-0.4213469,-0.86876112,0.26023242,0
1.1957796,-2.5443733,-1.2111712,-0.46538931,-0.039156318,-0.88423961,0
0.74479783,-2.8056781,-0.12063301,-0.4213469,-0.86876112,0.26023242,0
-2.8644872,1.9615314,1.9127004,-0.77838266,0.49368101,0.38781381,0
2.6294708,0.43685654,-1.4412093,0.4213469,0.86876112,-0.26023242,0
2.4475281,-3.2542522,-0.65532303,0.46538931,0.039156318,0.88423961,0
-2.8772378,-0.26238227,1.6656175,-0.4213469,-0.86876112,0.26023242,0
-3.1773677,1.7539585,1.6947279,-0.77838266,0.49368101,0.38781381,0
2.5635538,-2.3032298,-1.7577679,-0.46538931,-0.039156318,-0.88423961,0
0.68171,-2.9028316,-0.74523973,-0.4213469,-0.86876112,0.26023242,0
-0.091900349,2.6185184,0.31493723,0.4213469,0.86876112,-0.26023242,0
-2.9299057,1.9442118,1.5824299,-0.77838266,0.49368101,0.38781381,0
0.99126613,1.6761429,0.13132423,0.4213469,0.86876112,-0.26023242,0
-0.75227773,-1.58646,1.0120335,-0.4213469,-0.86876112,0.26023242,0
-2.5393131,3.4789488,0.87048531,-0.77838266,0.49368101,0.38781381,0
0.48361492,-2.5992069,-0.67104363,-0.4213469,-0.86876112,0.26023242,0
3.3400669,-1.1367962,-1.6855159,0.77838266,-0.49368101,-0.38781381,0
-2.5191629,2.9439621,1.8709266,-0.77838266,0.49368101,0.38781381,0
-0.65387213,2.8109696,-0.0024857521,0.4213469,0.86876112,-0.26023242,0
0.1355226,-0.83081144,-0.42527479,-0.46538931,-0.039156318,-0.88423961,0
-1.4462968,3.2643445,1.2836058,0.4213469,0.86876112,-0.26023242,0
-1.0783942,1.5674357,0.90080011,0.46538931,0.039156318,0.88423961,0
-1.9206384,-0.70860744,1.5952754,-0.4213469,-0.86876112,0.26023242,0
-3.485863,1.388294,1.1873741,-0.77838266,0.49368101,0.38781381,0
2.9313064,-2.5325589,-1.3013964,0.77838266,-0.49368101,-0.38781381,0
1.7355568,1.071902,-0.56671691,0.4213469,0.86876112,-0.26023242,0
-2.8530107,-0.45272151,1.1551774,-0.4213469,-0.86876112,0.26023242,0
2.5937316,-2.9397154,-1.1573491,0.77838266,-0.49368101,-0.38781381,0
3.077152,-0.65415847,-2.220881,-0.46538931,-0.039156318,-0.88423961,0
-2.036514,-0.90464216,0.9878633,-0.4213469,-0.86876112,0.26023242,0
-2.6153591,2.8501253,0.9431808,-0.77838266,0.49368101,0.38781381,0
-2.6389785,3.1546619,1.0588751,-0.77838266,0.49368101,0.38781381,0
-1.9779342,0.33226645,1.6812901,0.46538931,0.039156318,0.88423961,0
3.8173666,-1.1882367,-1.5321836,0.77838266,-0.49368101,-0.38781381,0
2.4903562,-3.6149094,-1.1071234,0.77838266,-0.49368101,-0.38781381,0
-1.5158464,3.3469918,1.0902009,0.4213469,0.86876112,-0.26023242,0
-0.86182594,-1.0240637,0.001845181,-0.46538931,-0.039156318,-0.88423961,0
-0.60371542,-2.2515793,-0.20473731,-0.4213469,-0.86876112,0.26023242,0
-1.3316573,3.1440904,0.24896073,0.4213469,0.86876112,-0.26023242,0
-0.094966173,2.0934405,-0.57473493,0.4213469,0.86876112,-0.26023242,0
1.5386889,-0.95571351,-0.0054808855,0.46538931,0.039156318,0.88423961,0
-3.3641911,-0.17175967,1.5495782,-0.4213469,-0.86876112,0.26023242,0
-3.1478691,2.0175171,1.7516327,-0.77838266,0.49368101,0.38781381,0
-3.1963611,-0.39497703,1.8093488,-0.4213469,-0.86876112,0.26023242,0
3.0905876,-2.8429017,-0.90098953,0.77838266,-0.49368101,-0.38781381,0
-1.411445,-1.1422389,0.17405891,-0.46538931,-0.039156318,-0.88423961,0
-2.8174028,1.3524417,1.0801179,-0.46538931,-0.039156318,-0.88423961,0
3.7023091,-1.2067094,-1.5648932,0.77838266,-0.49368101,-0.38781381,0
-3.0799053,0.29403925,2.0434515,0.46538931,0.039156318,0.88423961,0
-1.3397921,-1.4455886,1.1319985,-0.4213469,-0.86876112,0.26023242,0
2.1154275,0.74410236,-1.5216267,-0.46538931,-0.039156318,-0.88423961,0
-3.0450954,2.2467422,0.87743068,-0.77838266,0.49368101,0.38781381,0
-0.97627592,2.6139603,0.063890219,0.4213469,0.86876112,-0.26023242,0
-1.0667591,1.4700228,0.87499809,0.46538931,0.039156318,0.88423961,0
-1.3349109,2.9488451,0.36919856,0.4213469,0.86876112,-0.26023242,0
3.4114921,-0.63568699,-2.1808615,0.77838266,-0.49368101,-0.38781381,0
2.4169049,-3.2157845,-1.0462677,0.77838266,-0.49368101,-0.38781381,0
2.9934642,0.32679415,-1.3379629,0.4213469,0.86876112,-0.26023242,0
-2.9787343,1.4032629,1.0485506,-0.46538931,-0.039156318,-0.88423961,0
-0.069871426,-2.3239357,0.078546047,-0.4213469,-0.86876112,0.26023242,0
-1.6531256,-0.48270816,1.6160067,0.46538931,0.039156318,0.88423961,0
-1.067609,-0.93990642,0.10784191,-0.46538931,-0.039156318,-0.88423961,0
-3.4346266,0.43808949,2.2934904,0.46538931,0.039156318,0.88423961,0
1.5186287,1.1248013,-1.0734804,0.4213469,0.86876112,-0.26023242,0
2.8016696,-2.9372809,-1.3012283,0.77838266,-0.49368101,-0.38781381,0
3.8815105,-0.47964847,-2.2924685,0.77838266,-0.49368101,-0.38781381,0
0.40862966,-2.4736204,0.50555247,-0.4213469,-0.86876112,0.26023242,0
-2.8931592,2.6770041,1.1108465,-0.77838266,0.49368101,0.38781381,0
2.4043813,-3.5794103,-0.96986055,0.77838266,-0.49368101,-0.38781381,0
-1.3735416,0.76422012,-0.021919966,-0.46538931,-0.039156318,-0.88423961,0
-2.8969092,2.6777992,1.2790873,-0.77838266,0.49368101,0.38781381,0
-0.54640818,0.25390926,-0.16564664,-0.46538931,-0.039156318,-0.88423961,0
0.66422391,-2.8182683,-0.90367186,-0.46538931,-0.039156318,-0.88423961,0
-2.116317,3.5356226,0.65613079,0.4213469,0.86876112,-0.26023242,0
-1.7543683,2.0030291,0.45789027,-0.46538931,-0.039156318,-0.88423961,0
-3.3788412,1.1572452,2.0985727,-0.77838266,0.49368101,0.38781381,0
3.5016155,0.13835377,-1.4074929,0.4213469,0.86876112,-0.26023242,0
-3.4408031,-0.30368358,1.1856711,-0.46538931,-0.039156318,-0.88423961,0
-3.5842018,0.93808472,2.0051808,-0.77838266,0.49368101,0.38781381,0
3.2571008,-1.6700552,-1.9641504,0.77838266,-0.49368101,-0.38781381,0
2.7361763,-2.7664165,-1.3643651,0.77838266,-0.49368101,-0.38781381,0
1.1922491,-3.2004056,-0.6740725,-0.4213469,-0.86876112,0.26023242,0
2.4648616,-1.324297,-1.7586081,-0.46538931,-0.039156318,-0.88423961,0
3.4455798,-1.5980244,-1.6169214,0.77838266,-0.49368101,-0.38781381,0
-3.1424818,-0.12029934,2.1046157,-0.4213469,-0.86876112,0.26023242,0
-0.077454627,0.92530441,-0.61896741,-0.46538931,-0.039156318,-0.88423961,0
2.7186322,0.76398408,-1.2852929,0.4213469,0.86876112,-0.26023242,0
-2.3655674,3.0508516,1.1770918,-0.77838266,0.49368101,0.38781381,0
2.3914928,-3.9107013,-0.86578059,0.77838266,-0.49368101,-0.38781381,0
4.0349669,-0.31151539,-1.5670514,0.77838266,-0.49368101,-0.38781381,0
-0.14836693,-0.41168606,0.68402231,0.46538931,0.039156318,0.88423961,0
-3.6525867,0.84071803,1.6200209,-0.77838266,0.49368101,0.38781381,0
1.1642953,-3.2536356,-1.2498479,-0.46538931,-0.039156318,-0.88423961,0
-4.0027499,0.031165004,2.0749807,-0.4213469,-0.86876112,0.26023242,0
3.8026397,-1.1279759,-1.5249481,0.77838266,-0.49368101,-0.38781381,0
0.012340084,-0.17969549,0.522174,0.46538931,0.039156318,0.88423961,0
1.9422727,1.0518551,-1.3418126,0.4213469,0.86876112,-0.26023242,0
0.054228246,-0.97450423,-0.43717048,-0.46538931,-0.039156318,-0.88423961,0
-1.844385,3.4925702,0.24998498,0.4213469,0.86876112,-0.26023242,0
2.6588097,0.45584351,-1.6321931,0.4213469,0.86876112,-0.26023242,0
3.0549364,-2.6987865,-1.2253103,0.77838266,-0.49368101,-0.38781381,0
0.41505098,-2.2511797,0.54674327,0.46538931,0.039156318,0.88423961,0
3.2616329,0.19847471,-1.4932935,0.4213469,0.86876112,-0.26023242,0
-3.7005868,0.23295355,2.1805472,-0.4213469,-0.86876112,0.26023242,0
-0.47981751,-0.7860356,-0.20407648,-0.46538931,-0.039156318,-0.88423961,0
1.1869533,-1.9219607,-0.03658843,0.46538931,0.039156318,0.88423961,0
1.8362106,-3.4670522,-0.93571734,-0.4213469,-0.86876112,0.26023242,0
-2.2388258,3.5618689,0.84495616,-0.77838266,0.49368101,0.38781381,0
-0.72977948,2.5126319,-0.026859641,0.4213469,0.86876112,-0.26023242,0
-0.16360068,2.226263,0.42493725,0.46538931,0.039156318,0.88423961,0
0.22679543,2.0401239,0.20653847,0.4213469,0.86876112,-0.26023242,0
2.2636213,-3.6845119,-0.98775196,0.77838266,-0.49368101,-0.38781381,0
-2.7964768,3.0311027,1.2796683,-0.77838266,0.49368101,0.38781381,0
2.5022407,-2.548111,-1.6972446,0.77838266,-0.49368101,-0.38781381,0
-2.4613841,3.3974159,1.52823,-0.77838266,0.49368101,0.38781381,0
3.0770373,-2.1838806,-1.3059142,0.77838266,-0.49368101,-0.38781381,0
-0.05191952,0.6041829,0.65318227,0.46538931,0.039156318,0.88423961,0
-3.3546693,0.036528111,2.0195763,-0.4213469,-0.86876112,0.26023242,0
-0.27599275,-1.1132381,-0.44470811,-0.46538931,-0.039156318,-0.88423961,0
-2.3983259,3.0177355,1.8336616,-0.77838266,0.49368101,0.38781381,0
1.3735794,-2.958055,-0.62989163,-0.4213469,-0.86876112,0.26023242,0
2.8480563,-1.7836938,-1.8863275,0.77838266,-0.49368101,-0.38781381,0
-1.085474,-1.875658,0.17855668,-0.4213469,-0.86876112,0.26023242,0
-1.6158359,-1.1090596,1.0187029,-0.4213469,-0.86876112,0.26023242,0
-2.3628206,-0.59941757,1.5596948,-0.4213469,-0.86876112,0.26023242,0
1.6191707,-1.6020478,-1.4164183,-0.46538931,-0.039156318,-0.88423961,0
0.76176894,-2.6362512,0.26997089,-0.4213469,-0.86876112,0.26023242,0
-0.55229282,2.619724,-0.34627396,0.4213469,0.86876112,-0.26023242,0
1.6894988,1.3380935,-0.9832536,0.4213469,0.86876112,-0.26023242,0
-3.8832335,0.43621397,2.2462168,-0.77838266,0.49368101,0.38781381,0
1.0298074,-2.6889365,-0.94153941,-0.46538931,-0.039156318,-0.88423961,0
1.5464699,0.32183936,-0.41158772,0.46538931,0.039156318,0.88423961,0
-3.253185,2.0008683,1.4211006,-0.77838266,0.49368101,0.38781381,0
0.81309211,-2.76579,-0.31653416,-0.4213469,-0.86876112,0.26023242,0
-0.5264523,-0.9113254,0.96528369,0.46538931,0.039156318,0.88423961,0
-0.00074100494,-1.9961557,0.50686204,-0.4213469,-0.86876112,0.26023242,0
-2.4478121,-0.58041817,1.4344327,-0.4213469,-0.86876112,0.26023242,0
3.2028477,-1.3830043,-1.8631549,0.77838266,-0.49368101,-0.38781381,0
-3.4441724,1.4639727,1.7083535,-0.77838266,0.49368101,0.38781381,0
-2.7968481,0.081414804,0.70647192,-0.46538931,-0.039156318,-0.88423961,0
0.90078193,0.3528659,0.097022414,0.46538931,0.039156318,0.88423961,0
2.8913999,0.7104708,-1.0216248,0.4213469,0.86876112,-0.26023242,0
3.1678367,-1.5629425,-1.5200973,0.77838266,-0.49368101,-0.38781381,0
0.30824375,-2.4890356,-0.67935431,-0.46538931,-0.039156318,-0.88423961,0
-0.18303943,-1.4818126,-0.38864055,-0.46538931,-0.039156318,-0.88423961,0
2.3021243,-3.0522995,-1.5661802,0.77838266,-0.49368101,-0.38781381,0
-0.060288191,2.2929513,-0.20178491,0.4213469,0.86876112,-0.26023242,0
-1.8399942,3.4694207,1.0641632,0.4213469,0.86876112,-0.26023242,0
-3.108326,2.2476051,1.0811796,-0.77838266,0.49368101,0.38781381,0
3.2250459,-2.0158341,-1.7129617,0.77838266,-0.49368101,-0.38781381,0
1.0841733,-1.6184206,-0.9179709,-0.46538931,-0.039156318,-0.88423961,0
2.5433829,-3.2690988,-0.9369998,0.77838266,-0.49368101,-0.38781381,0
1.0128617,-1.5551019,-0.92474222,-0.46538931,-0.039156318,-0.88423961,0
-3.7152836,0.42400157,2.075223,-0.77838266,0.49368101,0.38781381,0
3.245029,-1.709811,-1.1460268,0.77838266,-0.49368101,-0.38781381,0
-2.9745374,2.14185,1.1716163,-0.77838266,0.49368101,0.38781381,0
0.90591478,-2.258759,-0.96789825,-0.46538931,-0.039156318,-0.88423961,0
2.1018524,-3.4446635,-1.2451801,0.77838266,-0.49368101,-0.38781381,0
1.7979131,-3.6816244,-1.3599472,-0.46538931,-0.039156318,-0.88423961,0
0.53401947,-2.7748146,-0.2908963,-0.4213469,-0.86876112,0.26023242,0
-0.13803411,2.2532063,-0.28398436,0.4213469,0.86876112,-0.26023242,0
0.82777393,-2.4963617,0.37401879,-0.4213469,-0.86876112,0.26023242,0
-3.2845922,1.0923809,2.1376896,-0.77838266,0.49368101,0.38781381,0
0.22626746,-2.2669997,0.037946641,-0.4213469,-0.86876112,0.26023242,0
-4.0971136,0.62822396,1.5940442,-0.77838266,0.49368101,0.38781381,0
-2.9327307,1.7091702,1.0918121,-0.46538931,-0.039156318,-0.88423961,0
-3.1383421,1.8754936,1.7020206,-0.77838266,0.49368101,0.38781381,0
-2.6525843,2.7794962,1.6231661,-0.77838266,0.49368101,0.38781381,0
0.96687984,-3.1950541,-0.75947225,-0.4213469,-0.86876112,0.26023242,0
-2.212271,1.977572,0.47300243,-0.46538931,-0.039156318,-0.88423961,0
-1.8374655,-1.0253317,0.97094107,-0.4213469,-0.86876112,0.26023242,0
-2.6756396,2.0396461,1.8961575,0.46538931,0.039156318,0.88423961,0
-1.3826783,3.1204505,0.32625675,0.4213469,0.86876112,-0.26023242,0
-3.3115754,1.6480893,1.8853478,-0.77838266,0.49368101,0.38781381,0
0.23419756,-0.90876114,0.40186608,0.46538931,0.039156318,0.88423961,0
1.4056078,-3.0553346,-0.92234635,-0.4213469,-0.86876112,0.26023242,0
2.9115622,-2.8033352,-1.2973011,0.77838266,-0.49368101,-0.38781381,0
0.51956642,-1.1643093,-0.58407742,-0.46538931,-0.039156318,-0.88423961,0
1.5008669,1.2876523,-1.08893,0.4213469,0.86876112,-0.26023242,0
-2.6433887,3.4233479,0.64297724,-0.77838266,0.49368101,0.38781381,0
-0.64433789,-0.27018875,0.79691261,0.46538931,0.039156318,0.88423961,0
-0.080037832,2.3435624,0.12892812,0.4213469,0.86876112,-0.26023242,0
-2.3403368,3.5563679,1.0778043,-0.77838266,0.49368101,0.38781381,0
-1.378902,0.011964798,1.4618419,0.46538931,0.039156318,0.88423961,0
0.82588643,-1.9247711,-1.1019474,-0.46538931,-0.039156318,-0.88423961,0
-1.1883507,-1.5297143,0.98873436,-0.4213469,-0.86876112,0.26023242,0
-0.79725718,-0.21858795,0.0019142032,-0.46538931,-0.039156318,-0.88423961,0
-3.2798166,1.2245281,1.8159604,-0.77838266,0.49368101,0.38781381,0
-0.70090294,-1.9318821,-0.22790013,-0.46538931,-0.039156318,-0.88423961,0
0.14815044,2.2862358,-0.4507826,0.4213469,0.86876112,-0.26023242,0
-0.64119482,-1.8787202,0.016644776,-0.4213469,-0.86876112,0.26023242,0
0.04989481,-2.1117477,-0.51067382,-0.46538931,-0.039156318,-0.88423961,0
-0.72757447,-1.5388689,0.83903801,0.46538931,0.039156318,0.88423961,0
-2.4634299,-0.70277411,1.7479718,-0.4213469,-0.86876112,0.26023242,0
0.53032398,-2.7138646,0.0031374693,-0.4213469,-0.86876112,0.26023242,0
-1.9170631,2.2722051,1.4528263,0.46538931,0.039156318,0.88423961,0
1.0205147,1.7687068,-0.28003222,0.4213469,0.86876112,-0.26023242,0
-2.037292,3.3754113,1.4894643,-0.77838266,0.49368101,0.38781381,0
-0.82644761,2.8798623,0.22727168,0.4213469,0.86876112,-0.26023242,0
-0.093363047,-1.7689688,-0.50545037,-0.46538931,-0.039156318,-0.88423961,0
-3.4204581,0.8871218,1.8771434,-0.77838266,0.49368101,0.38781381,0
2.1518064,-3.6063881,-0.8294909,-0.4213469,-0.86876112,0.26023242,0
1.7981327,-3.3597503,-1.439373,-0.46538931,-0.039156318,-0.88423961,0
1.9651991,-3.7695298,-1.2850671,-0.4213469,-0.86876112,0.26023242,0
-0.88210011,2.8745918,0.78495419,0.4213469,0.86876112,-0.26023242,0
-3.2364893,2.2401421,1.3045578,-0.77838266,0.49368101,0.38781381,0
-0.51982397,-0.75269014,0.94044757,0.46538931,0.039156318,0.88423961,0
-3.4524305,-0.12824082,1.2379675,-0.46538931,-0.039156318,-0.88423961,0
-2.4481771,3.5165977,1.0189049,-0.77838266,0.49368101,0.38781381,0
-0.22421837,-2.4391532,-0.29275909,-0.4213469,-0.86876112,0.26023242,0
3.2532067,-1.5191214,-1.4737859,0.77838266,-0.49368101,-0.38781381,0
2.3717823,-2.8227963,-1.7613931,0.77838266,-0.49368101,-0.38781381,0
-1.6948614,0.29147708,1.372972,0.46538931,0.039156318,0.88423961,0
2.3043823,-3.5915515,-1.3470502,0.77838266,-0.49368101,-0.38781381,0
1.3880813,1.2359037,-1.3600982,0.4213469,0.86876112,-0.26023242,0
1.7224622,1.1177635,-0.97897995,0.4213469,0.86876112,-0.26023242,0
3.6317511,-0.91240859,-1.1558895,0.46538931,0.039156318,0.88423961,0
-1.1010481,-1.3894732,0.8898291,-0.4213469,-0.86876112,0.26023242,0
3.1587272,-1.973125,-1.2727487,0.77838266,-0.49368101,-0.38781381,0
-0.75333977,2.8138151,0.11452866,0.4213469,0.86876112,-0.26023242,0
0.21923375,2.3228562,-0.093152165,0.4213469,0.86876112,-0.26023242,0
-3.7225289,0.6091404,2.0413814,-0.77838266,0.49368101,0.38781381,0
1.7707393,-1.6589803,-0.4717679,0.46538931,0.039156318,0.88423961,0
2.2170773,-3.6033449,-1.4664156,0.77838266,-0.49368101,-0.38781381,0
3.2831118,-1.7400548,-1.6688957,0.77838266,-0.49368101,-0.38781381,0
-1.0432235,2.9832759,0.80469084,0.4213469,0.86876112,-0.26023242,0
-2.3596478,-0.65962398,1.1033118,-0.4213469,-0.86876112,0.26023242,0
0.85925555,1.7873397,-0.37561888,0.4213469,0.86876112,-0.26023242,0
-0.84166503,0.95266336,1.1122135,0.46538931,0.039156318,0.88423961,0
-2.7760117,2.9231796,1.2270839,-0.77838266,0.49368101,0.38781381,0
0.93257618,1.6196308,-0.76665133,0.4213469,0.86876112,-0.26023242,0
0.56966388,-2.2963257,0.28832686,-0.4213469,-0.86876112,0.26023242,0
-3.5433831,0.073165655,1.3325994,-0.46538931,-0.039156318,-0.88423961,0
-0.88837719,1.9353995,-0.28994608,-0.46538931,-0.039156318,-0.88423961,0
-4.1758966,0.27707028,1.8938265,-0.77838266,0.49368101,0.38781381,0
2.0550456,-3.239418,-0.34803581,0.46538931,0.039156318,0.88423961,0
0.80673075,1.9667647,-0.1983332,0.4213469,0.86876112,-0.26023242,0
1.2403104,0.1398946,-1.3235289,-0.46538931,-0.039156318,-0.88423961,0
2.989306,-1.9557102,-1.3503764,0.77838266,-0.49368101,-0.38781381,0
-3.7234743,0.28844309,2.339067,-0.77838266,0.49368101,0.38781381,0
0.7427479,1.2381327,-1.1326628,-0.46538931,-0.039156318,-0.88423961,0
-2.7194476,2.5096822,1.4997902,-0.77838266,0.49368101,0.38781381,0
2.5547481,-2.7398653,-1.8683443,0.77838266,-0.49368101,-0.38781381,0
-1.8895643,0.11755133,1.7265925,0.46538931,0.039156318,0.88423961,0
3.1043601,0.27427924,-2.0770266,0.4213469,0.86876112,-0.26023242,0
1.2762764,-2.9788215,-0.21073651,-0.4213469,-0.86876112,0.26023242,0
3.5106895,-0.088433623,-1.8208826,0.4213469,0.86876112,-0.26023242,0
-1.0534723,3.0272546,0.5787009,0.4213469,0.86876112,-0.26023242,0
2.9504375,0.40549207,-1.8908181,0.4213469,0.86876112,-0.26023242,0
3.1173911,0.49203038,-1.6923425,0.4213469,0.86876112,-0.26023242,0
2.8734477,-2.3971686,-1.1178699,0.77838266,-0.49368101,-0.38781381,0
2.8101718,0.62454498,-1.6280706,0.4213469,0.86876112,-0.26023242,0
-3.9891765,-0.019284904,1.7232537,-0.4213469,-0.86876112,0.26023242,0
-3.3277187,2.3367925,1.1056504,-0.77838266,0.49368101,0.38781381,0
-0.47783899,-1.1778656,0.6906873,0.46538931,0.039156318,0.88423961,0
1.5597297,-3.1655662,-0.80165005,-0.4213469,-0.86876112,0.26023242,0
0.41002572,-0.22022301,-0.82182175,-0.46538931,-0.039156318,-0.88423961,0
-3.0227742,2.6375492,1.1163914,-0.77838266,0.49368101,0.38781381,0
1.9682478,0.89800644,-0.61627507,0.46538931,0.039156318,0.88423961,0
-2.1603341,1.6121866,0.30394411,-0.46538931,-0.039156318,-0.88423961,0
-3.8883238,1.1595428,1.4719868,-0.77838266,0.49368101,0.38781381,0
-2.8449268,2.8400044,1.3256764,-0.77838266,0.49368101,0.38781381,0
-0.36675003,0.56195623,-0.35762212,-0.46538931,-0.039156318,-0.88423961,0
-0.13476121,-1.9468492,0.3860105,-0.4213469,-0.86876112,0.26023242,0
2.4050975,0.73722023,-1.0754092,0.4213469,0.86876112,-0.26023242,0
3.2389941,-1.5324602,-1.7325377,0.77838266,-0.49368101,-0.38781381,0
0.20463526,-2.2535019,-0.0096617937,-0.4213469,-0.86876112,0.26023242,0
1.0181243,1.3259687,-1.1659863,0.4213469,0.86876112,-0.26023242,0
-1.7858533,-1.3328331,1.0570302,-0.4213469,-0.86876112,0.26023242,0
-2.4104035,3.7833185,0.61876297,-0.77838266,0.49368101,0.38781381,0
1.8556587,-3.3150499,-0.97960496,-0.4213469,-0.86876112,0.26023242,0
-3.0311332,1.7137713,1.6295395,-0.77838266,0.49368101,0.38781381,0
2.325428,0.72397602,-0.98851657,0.4213469,0.86876112,-0.26023242,0
-1.1916827,3.3038263,0.87482786,0.4213469,0.86876112,-0.26023242,0
2.921268,-2.0736728,-1.6916542,0.77838266,-0.49368101,-0.38781381,0
3.1852741,0.54892796,-1.3386629,0.4213469,0.86876112,-0.26023242,0
2.4544847,-2.9600706,-1.2579224,0.77838266,-0.49368101,-0.38781381,0
-0.67401469,2.6692755,0.66737354,0.4213469,0.86876112,-0.26023242,0
-3.6641598,0.47993016,2.208261,-0.77838266,0.49368101,0.38781381,0
-2.7818956,0.30566761,0.90504479,-0.46538931,-0.039156318,-0.88423961,0
-3.5885346,1.6532413,1.2211909,-0.77838266,0.49368101,0.38781381,0
-2.970017,1.1196388,0.79143834,-0.46538931,-0.039156318,-0.88423961,0
-1.8451416,-1.355365,0.32074809,-0.46538931,-0.039156318,-0.88423961,0
-0.039322495,0.892075,0.75331116,0.46538931,0.039156318,0.88423961,0
-0.26175737,2.609072,0.1598947,0.4213469,0.86876112,-0.26023242,0
-1.8164632,-0.89788264,0.58787632,-0.46538931,-0.039156318,-0.88423961,0
0.55883515,-2.4533627,0.055722117,-0.4213469,-0.86876112,0.26023242,0
-2.7772331,2.6869848,1.4833877,-0.77838266,0.49368101,0.38781381,0
2.3408031,0.81338596,-0.89815426,0.4213469,0.86876112,-0.26023242,0
3.047704,-2.3936698,-1.2538438,0.77838266,-0.49368101,-0.38781381,0
-0.24899262,-0.86767268,0.68344367,0.46538931,0.039156318,0.88423961,0
2.1370144,-2.2659292,-0.25223517,0.46538931,0.039156318,0.88423961,0
-2.9350252,2.1462357,1.2309887,-0.77838266,0.49368101,0.38781381,0
-2.631278,1.6217241,0.89633441,-0.46538931,-0.039156318,-0.88423961,0
-0.95722747,1.634092,0.88042879,0.46538931,0.039156318,0.88423961,0
-4.0357685,0.43011642,1.6812372,-0.77838266,0.49368101,0.38781381,0
-0.66563976,2.6145985,0.64798784,0.4213469,0.86876112,-0.26023242,0
3.3623197,-1.522144,-2.0812387,0.77838266,-0.49368101,-0.38781381,0
-1.3274667,-1.416055,0.53693128,-0.4213469,-0.86876112,0.26023242,0
-2.6646936,3.1472025,0.78043652,-0.77838266,0.49368101,0.38781381,0
0.39217311,-0.28051937,-0.95255148,-0.46538931,-0.039156318,-0.88423961,0
-2.1374562,-1.0387901,1.515681,-0.4213469,-0.86876112,0.26023242,0
-3.0690386,-0.11267829,1.599122,-0.4213469,-0.86876112,0.26023242,0
-3.7988346,0.49692678,2.2048292,-0.77838266,0.49368101,0.38781381,0
-2.9189198,2.7821348,1.3734396,-0.77838266,0.49368101,0.38781381,0
-0.69628525,-1.7789962,0.14753962,-0.4213469,-0.86876112,0.26023242,0
0.40022564,1.7917941,-0.91605318,0.4213469,0.86876112,-0.26023242,0
-2.6551695,3.0762281,0.98507929,-0.77838266,0.49368101,0.38781381,0
1.0394984,0.96656615,-0.042648196,0.46538931,0.039156318,0.88423961,0
-3.0460558,1.6209155,1.0009649,-0.46538931,-0.039156318,-0.88423961,0
-3.7865546,0.33893967,2.1529303,-0.77838266,0.49368101,0.38781381,0
3.1956387,-1.8591816,-1.4448719,0.77838266,-0.49368101,-0.38781381,0
-0.19760036,-2.1496539,0.088959634,-0.4213469,-0.86876112,0.26023242,0
3.6703835,-0.043228269,-1.8179994,0.4213469,0.86876112,-0.26023242,0
-2.4937329,3.6133008,0.52868319,-0.46538931,-0.039156318,-0.88423961,0
3.5508082,-1.2419257,-1.7291627,0.77838266,-0.49368101,-0.38781381,0
-2.0124283,2.6976678,0.47121167,-0.46538931,-0.039156318,-0.88423961,0
0.2642597,-1.964597,-0.52279317,-0.46538931,-0.039156318,-0.88423961,0
1.9014688,-0.46636093,-1.7046638,-0.46538931,-0.039156318,-0.88423961,0
3.3991156,-1.0204921,-2.0703802,0.77838266,-0.49368101,-0.38781381,0
-0.033844948,-2.4247196,-0.15898424,-0.4213469,-0.86876112,0.26023242,0
3.9757252,-0.40357995,-1.9162178,0.77838266,-0.49368101,-0.38781381,0
0.61227465,1.9484636,-0.42934972,0.4213469,0.86876112,-0.26023242,0
-2.0265648,3.3766749,0.59886599,0.4213469,0.86876112,-0.26023242,0
-3.1126406,0.75993443,0.99656916,-0.46538931,-0.039156318,-0.88423961,0
2.5747917,-3.0755148,-0.95154119,0.77838266,-0.49368101,-0.38781381,0
2.7077603,-3.425154,-0.94332552,0.77838266,-0.49368101,-0.38781381,0
-3.9012733,0.11002016,2.0732946,-0.77838266,0.49368101,0.38781381,0
-0.77321768,1.4015098,-0.41905427,-0.46538931,-0.039156318,-0.88423961,0
-1.7416539,3.4172189,0.91071606,0.4213469,0.86876112,-0.26023242,0
1.1024981,1.7694538,-0.10357535,0.4213469,0.86876112,-0.26023242,0
3.5177033,-0.20603323,-2.0084481,0.4213469,0.86876112,-0.26023242,0
-0.48905015,2.5914116,0.00088977814,0.4213469,0.86876112,-0.26023242,0
1.6133387,-2.8507342,-1.2351031,-0.46538931,-0.039156318,-0.88423961,0
-1.2851467,2.8369172,0.30787063,0.4213469,0.86876112,-0.26023242,0
1.4685655,-0.91258395,-1.486702,-0.46538931,-0.039156318,-0.88423961,0
2.6048088,0.76397598,-1.4930205,0.4213469,0.86876112,-0.26023242,0
2.4633489,-0.86410618,-0.80293465,0.46538931,0.039156318,0.88423961,0
-1.710116,3.3712621,0.3460505,0.4213469,0.86876112,-0.26023242,0
-1.9034326,-0.78838968,1.5026097,-0.4213469,-0.86876112,0.26023242,0
-2.6479735,0.89287293,1.8015714,0.46538931,0.039156318,0.88423961,0
-3.9211302,0.56061053,2.1675076,-0.77838266,0.49368101,0.38781381,0
-1.3026779,-1.4382452,0.9460758,-0.4213469,-0.86876112,0.26023242,0
-2.5497296,1.6026162,1.7493737,0.46538931,0.039156318,0.88423961,0
2.6453066,-2.8807621,-1.6945126,0.77838266,-0.49368101,-0.38781381,0
-0.62128675,-1.130762,-0.18869543,-0.46538931,-0.039156318,-0.88423961,0
-2.8560348,2.5820177,1.5400767,-0.77838266,0.49368101,0.38781381,0
1.0817666,-1.4842305,-0.96066642,-0.46538931,-0.039156318,-0.88423961,0
0.13730383,2.2728524,0.45517343,0.4213469,0.86876112,-0.26023242,0
2.9625394,-2.2700386,-1.6698136,0.77838266,-0.49368101,-0.38781381,0
-0.15262032,-0.3552033,-0.24359705,-0.46538931,-0.039156318,-0.88423961,0
-0.54786777,2.5413568,0.35863435,0.4213469,0.86876112,-0.26023242,0
2.1584609,-0.89790934,-0.69577909,0.46538931,0.039156318,0.88423961,0
-2.6924677,-0.31983715,1.5434062,-0.4213469,-0.86876112,0.26023242,0
-3.2870173,2.1917274,1.3663154,-0.77838266,0.49368101,0.38781381,0
1.678856,0.83619821,-1.4319085,-0.46538931,-0.039156318,-0.88423961,0
-2.0975518,3.4880285,0.3194406,0.4213469,0.86876112,-0.26023242,0
1.7908593,-2.2747478,-0.31220269,0.46538931,0.039156318,0.88423961,0
-0.93259573,2.9308543,0.75474703,0.4213469,0.86876112,-0.26023242,0
3.0766754,-1.5541794,-1.8270466,0.77838266,-0.49368101,-0.38781381,0
-2.4392867,-0.84878361,0.79101086,-0.4213469,-0.86876112,0.26023242,0
1.3636336,1.4443645,-1.1632649,0.4213469,0.86876112,-0.26023242,0
2.9540625,-2.9586086,-0.8630178,0.77838266,-0.49368101,-0.38781381,0
2.7187548,-1.8877598,-1.7490237,-0.46538931,-0.039156318,-0.88423961,0
1.9552364,1.1391237,-0.62289083,0.4213469,0.86876112,-0.26023242,0
3.1346827,-1.6706375,-1.978797,0.77838266,-0.49368101,-0.38781381,0
-0.81575203,-1.7615888,0.12031263,-0.4213469,-0.86876112,0.26023242,0
1.1979953,1.348848,-0.81730282,0.4213469,0.86876112,-0.26023242,0
3.5879443,-1.1131518,-1.5397577,0.77838266,-0.49368101,-0.38781381,0
-0.87692904,1.3992469,-0.32016551,-0.46538931,-0.039156318,-0.88423961,0
0.78565919,1.5239598,-0.60892326,0.4213469,0.86876112,-0.26023242,0
-1.3899775,-1.1033401,1.0693914,-0.4213469,-0.86876112,0.26023242,0
-0.5943023,2.239526,0.59731591,0.46538931,0.039156318,0.88423961,0
1.5428486,-0.38629219,-0.41353297,0.46538931,0.039156318,0.88423961,0
0.40447003,-0.49672955,0.58731002,0.46538931,0.039156318,0.88423961,0
-2.9337287,2.6420574,1.0081868,-0.77838266,0.49368101,0.38781381,0
0.74565113,-2.8335474,-0.77563822,-0.4213469,-0.86876112,0.26023242,0
0.36432433,2.1770577,-0.33030477,0.4213469,0.86876112,-0.26023242,0
2.5865388,0.8244831,-1.0220823,0.4213469,0.86876112,-0.26023242,0
-1.8101227,-0.77657843,1.599648,-0.4213469,-0.86876112,0.26023242,0
0.14794564,-2.293052,0.25336307,-0.4213469,-0.86876112,0.26023242,0
0.53158104,-1.7829748,-0.59570432,-0.46538931,-0.039156318,-0.88423961,0
-0.50633788,2.7667749,0.82895124,0.4213469,0.86876112,-0.26023242,0
1.0593582,1.4874492,-0.79872519,0.4213469,0.86876112,-0.26023242,0
-3.5493841,-0.17709529,1.4799502,-0.4213469,-0.86876112,0.26023242,0
-3.0219209,2.4777093,1.4183135,-0.77838266,0.49368101,0.38781381,0
3.3153586,0.17938221,-2.3116562,0.4213469,0.86876112,-0.26023242,0
2.5481918,-3.3570797,-0.69618106,0.77838266,-0.49368101,-0.38781381,0
-1.9053614,3.347507,0.83888435,0.4213469,0.86876112,-0.26023242,0
3.2227402,-0.94402069,-1.2393663,0.46538931,0.039156318,0.88423961,0
3.0480275,-2.9350097,-0.9658227,0.77838266,-0.49368101,-0.38781381,0
2.2383399,-2.3689175,-0.6590519,0.46538931,0.039156318,0.88423961,0
0.94731057,1.5433884,-0.52414405,0.4213469,0.86876112,-0.26023242,0
-2.3898504,-0.65436077,1.1212049,-0.4213469,-0.86876112,0.26023242,0
-0.81821835,-1.5165598,0.9804737,-0.4213469,-0.86876112,0.26023242,0
3.7424026,-0.86934388,-1.5457158,0.77838266,-0.49368101,-0.38781381,0
-2.0746989,1.920207,1.7474155,0.46538931,0.039156318,0.88423961,0
-1.2533379,-0.7811237,0.063138604,-0.46538931,-0.039156318,-0.88423961,0
0.7107631,1.7349184,-0.89285421,0.4213469,0.86876112,-0.26023242,0
-2.8682637,-0.20824575,1.7437508,-0.4213469,-0.86876112,0.26023242,0
2.7683296,-2.3587303,-1.4949934,0.77838266,-0.49368101,-0.38781381,0
2.0038443,0.70841324,-1.4533582,0.4213469,0.86876112,-0.26023242,0
-0.10277534,-2.2305582,-0.35561812,-0.4213469,-0.86876112,0.26023242,0
4.1407242,-0.64966351,-1.6201506,0.77838266,-0.49368101,-0.38781381,0
-2.3987517,-0.64518863,1.8252606,-0.4213469,-0.86876112,0.26023242,0
-1.134992,-0.058882132,0.20055223,-0.46538931,-0.039156318,-0.88423961,0
-3.87132,0.46747148,2.1758595,-0.77838266,0.49368101,0.38781381,0
-3.4918342,1.3386015,2.1103721,-0.77838266,0.49368101,0.38781381,0
-3.5770121,0.55462813,2.3216596,-0.77838266,0.49368101,0.38781381,0
2.4745564,-3.4614246,-1.4315023,0.77838266,-0.49368101,-0.38781381,0
0.74642116,-0.32081223,-1.086316,-0.46538931,-0.039156318,-0.88423961,0
1.1833708,-0.90700966,-1.281016,-0.46538931,-0.039156318,-0.88423961,0
-2.0048008,-0.53102726,1.5213234,0.46538931,0.039156318,0.88423961,0
-3.2020018,-0.22414261,1.4669137,-0.4213469,-0.86876112,0.26023242,0
0.34185863,1.3193672,-0.75627577,-0.46538931,-0.039156318,-0.88423961,0
3.1118805,-1.67706,-1.7128439,0.77838266,-0.49368101,-0.38781381,0
2.8675342,-2.3098814,-1.6503732,0.77838266,-0.49368101,-0.38781381,0
-3.4352849,1.6147219,1.6136365,-0.77838266,0.49368101,0.38781381,0
-1.2817402,3.0690114,1.1629782,0.4213469,0.86876112,-0.26023242,0
-1.0323921,1.7867863,-0.28277588,-0.46538931,-0.039156318,-0.88423961,0
-2.7495918,1.3725978,0.68935132,-0.46538931,-0.039156318,-0.88423961,0
-3.8630295,0.92960691,1.8414969,-0.77838266,0.49368101,0.38781381,0
-0.12497544,-2.3869593,-0.32787699,-0.4213469,-0.86876112,0.26023242,0
0.96448469,1.9553996,-0.35556448,0.4213469,0.86876112,-0.26023242,0
-3.7103577,-0.074552983,1.3983564,-0.4213469,-0.86876112,0.26023242,0
-3.9486868,0.44022238,2.0600228,-0.77838266,0.49368101,0.38781381,0
-3.4434948,-0.31594104,1.7457089,-0.4213469,-0.86876112,0.26023242,0
1.3766817,1.4431634,-0.40454006,0.4213469,0.86876112,-0.26023242,0
0.89382625,1.6424115,-0.62211287,0.4213469,0.86876112,-0.26023242,0
0.034365416,-2.3117335,-0.061214209,-0.4213469,-0.86876112,0.26023242,0
0.20486763,0.34099749,0.35432351,0.46538931,0.039156318,0.88423961,0
-0.010824442,1.9816849,-0.86841273,-0.46538931,-0.039156318,-0.88423961,0
-4.0542836,0.34669602,2.0796456,-0.77838266,0.49368101,0.38781381,0
0.70056659,-1.5631764,-0.79156148,-0.46538931,-0.039156318,-0.88423961,0
-2.3594632,3.6964512,0.96589422,0.4213469,0.86876112,-0.26023242,0
1.4760067,1.2619045,-0.89675689,0.4213469,0.86876112,-0.26023242,0
2.9370642,-2.2052584,-1.4479609,0.77838266,-0.49368101,-0.38781381,0
-1.6636461,-0.56568801,0.43631387,-0.46538931,-0.039156318,-0.88423961,0
0.33983004,-2.3213387,-0.4320097,-0.46538931,-0.039156318,-0.88423961,0
0.94912481,-2.7603598,-0.9700464,-0.46538931,-0.039156318,-0.88423961,0
-3.3147242,1.1041965,1.748014,-0.77838266,0.49368101,0.38781381,0
1.3630501,1.2558205,-1.0864468,0.4213469,0.86876112,-0.26023242,0
-1.268188,0.9586612,1.199263,0.46538931,0.039156318,0.88423961,0
-3.3395212,1.4516828,1.7868047,-0.77838266,0.49368101,0.38781381,0
0.28474653,1.9028509,-0.3634944,0.4213469,0.86876112,-0.26023242,0
2.3425117,0.96589983,-0.9348979,0.4213469,0.86876112,-0.26023242,0
3.4427068,-1.126816,-1.3685718,0.46538931,0.039156318,0.88423961,0
-0.54168928,-1.445446,-0.05817803,-0.46538931,-0.039156318,-0.88423961,0
0.37502399,-0.081254125,-0.71619546,-0.46538931,-0.039156318,-0.88423961,0
-0.30579066,-2.0616088,0.40961906,-0.4213469,-0.86876112,0.26023242,0
-1.0062724,2.5372114,-0.10200846,-0.46538931,-0.039156318,-0.88423961,0
