1.2250918,-1.8408976,0.87238693,0.35912883,-0.38757634,-0.849006,0
0.74678224,0.80753106,0.36182821,-0.35912883,0.38757634,0.849006,0
-1.4397168,-2.5092347,0.52560234,-0.85497022,-0.50139874,-0.13276014,0
1.9751308,-1.6155722,1.267827,0.37423584,-0.77355283,0.51143289,0
-1.4213686,-2.6980023,0.39400458,-0.85497022,-0.50139874,-0.13276014,0
1.1109648,-0.85102141,1.503422,-0.35912883,0.38757634,0.849006,0
2.9707203,-0.15668392,1.4235666,0.85497022,0.50139874,0.13276014,0
1.7678053,2.2654943,0.047078013,0.85497022,0.50139874,0.13276014,0
0.13368282,-2.5991397,1.0446453,0.37423584,-0.77355283,0.51143289,0
-2.5642755,0.065350056,-1.3510517,-0.85497022,-0.50139874,-0.13276014,0
-0.51066101,-1.4115602,-0.21138418,0.35912883,-0.38757634,-0.849006,0
-1.65309,-2.2948318,-0.37861574,-0.85497022,-0.50139874,-0.13276014,0
1.2404282,-1.8015115,1.4690256,0.37423584,-0.77355283,0.51143289,0
2.0361562,1.191594,0.22234833,0.85497022,0.50139874,0.13276014,0
1.7094206,-1.033879,1.6906204,0.37423584,-0.77355283,0.51143289,0
-0.86150128,-2.0141716,-0.18169487,0.35912883,-0.38757634,-0.849006,0
0.65368199,2.8379657,-1.2146351,-0.37423584,0.77355283,-0.51143289,0
-0.11965269,-2.2686284,1.4372294,0.37423584,-0.77355283,0.51143289,0
-0.96866405,-3.31457,0.75436592,-0.85497022,-0.50139874,-0.13276014,0
-0.46979398,1.2316406,-0.31813872,-0.35912883,0.38757634,0.849006,0
2.0798199,-1.4714853,1.2193477,0.37423584,-0.77355283,0.51143289,0
-1.6862152,-2.328588,-0.052672863,-0.85497022,-0.50139874,-0.13276014,0
1.7290187,1.9144325,-0.72240531,0.85497022,0.50139874,0.13276014,0
-2.7951109,0.27988255,-1.0913267,-0.85497022,-0.50139874,-0.13276014,0
-2.154552,1.129364,-1.5111458,-0.37423584,0.77355283,-0.51143289,0
2.9992008,-0.41008657,1.2048885,0.85497022,0.50139874,0.13276014,0
1.4890707,-1.1899333,1.5696483,-0.35912883,0.38757634,0.849006,0
1.8488636,-0.74083841,1.5192655,-0.35912883,0.38757634,0.849006,0
1.0228012,-0.95469224,1.4997548,-0.35912883,0.38757634,0.849006,0
-0.66835189,-1.7343378,-0.1868664,0.35912883,-0.38757634,-0.849006,0
-2.3670886,-0.96814275,-0.65534353,-0.85497022,-0.50139874,-0.13276014,0
-2.3095837,1.0978801,-1.5282528,-0.37423584,0.77355283,-0.51143289,0
-1.7703099,-1.8916755,0.77492595,-0.85497022,-0.50139874,-0.13276014,0
-0.55433106,1.796828,-1.5650198,-0.37423584,0.77355283,-0.51143289,0
0.92486775,2.8849304,-0.93379807,-0.37423584,0.77355283,-0.51143289,0
1.0202001,1.9464709,-0.85240507,0.35912883,-0.38757634,-0.849006,0
-1.7823441,-2.2399805,0.13234437,-0.85497022,-0.50139874,-0.13276014,0
1.9176137,2.1507175,-0.28535116,0.85497022,0.50139874,0.13276014,0
2.0886912,1.6997889,0.38527447,0.85497022,0.50139874,0.13276014,0
0.40145919,-1.1477513,-0.043494105,0.35912883,-0.38757634,-0.849006,0
1.3134106,2.5664062,-0.11317372,-0.35912883,0.38757634,0.849006,0
0.135435,-2.401818,1.3753736,0.37423584,-0.77355283,0.51143289,0
-2.9813552,0.14732584,-0.67898047,-0.85497022,-0.50139874,-0.13276014,0
-2.1087997,1.4344094,-1.5406063,-0.37423584,0.77355283,-0.51143289,0
-1.4202542,1.7029821,-1.0558579,-0.37423584,0.77355283,-0.51143289,0
-1.5732718,-2.5320888,0.071558714,-0.85497022,-0.50139874,-0.13276014,0
-0.3931973,-2.3967822,1.4669104,0.37423584,-0.77355283,0.51143289,0
0.95660949,2.1753516,0.13099146,-0.35912883,0.38757634,0.849006,0
-0.85153282,2.1604767,-0.75425792,-0.37423584,0.77355283,-0.51143289,0
0.62925875,1.228133,0.42403263,-0.35912883,0.38757634,0.849006,0
0.85366082,0.24765277,-0.53795826,0.35912883,-0.38757634,-0.849006,0
-1.2877157,-3.0841062,1.1976583,0.37423584,-0.77355283,0.51143289,0
-1.9636421,-1.6891961,0.34062445,-0.85497022,-0.50139874,-0.13276014,0
0.023808993,-1.5693214,1.1763157,-0.35912883,0.38757634,0.849006,0
-1.3358624,-1.4581846,0.47886026,-0.35912883,0.38757634,0.849006,0
0.80397773,3.0625229,-0.56768727,-0.37423584,0.77355283,-0.51143289,0
-1.66714,-2.3576896,0.76187193,-0.85497022,-0.50139874,-0.13276014,0
1.5631839,2.1955674,-0.1648308,0.85497022,0.50139874,0.13276014,0
1.7009045,2.4621811,0.036281824,0.85497022,0.50139874,0.13276014,0
-2.8091092,0.85342407,-1.6642263,-0.37423584,0.77355283,-0.51143289,0
1.4334896,1.8352404,0.50553513,-0.35912883,0.38757634,0.849006,0
-0.78580844,1.5986472,-1.7877108,-0.37423584,0.77355283,-0.51143289,0
1.1275488,1.4880842,0.54932421,-0.35912883,0.38757634,0.849006,0
-2.1550827,-1.2049098,-0.0060514808,-0.35912883,0.38757634,0.849006,0
1.1756976,-1.4692245,1.7621081,-0.35912883,0.38757634,0.849006,0
2.5699604,-0.85474873,1.868803,0.37423584,-0.77355283,0.51143289,0
1.7031336,2.3025799,-0.25460565,0.85497022,0.50139874,0.13276014,0
-2.6713152,0.97833943,-1.598217,-0.37423584,0.77355283,-0.51143289,0
1.6845094,2.1634066,-0.028608918,0.85497022,0.50139874,0.13276014,0
1.5623599,-0.39734048,0.26923275,0.35912883,-0.38757634,-0.849006,0
1.5495512,1.4762315,-0.7776435,0.35912883,-0.38757634,-0.849006,0
1.6522986,-1.7396342,1.2523873,0.37423584,-0.77355283,0.51143289,0
0.0036411285,-2.1404114,1.4168823,0.37423584,-0.77355283,0.51143289,0
-1.203244,-2.8348274,1.320111,0.37423584,-0.77355283,0.51143289,0
-0.61607027,-2.7012177,0.94074178,0.37423584,-0.77355283,0.51143289,0
1.7694808,2.4028955,-0.3067503,0.85497022,0.50139874,0.13276014,0
-0.8044247,2.1782773,-1.0264406,-0.37423584,0.77355283,-0.51143289,0
1.2373153,3.0556064,-0.30985713,0.85497022,0.50139874,0.13276014,0
-2.505779,0.3691051,-1.8528705,0.35912883,-0.38757634,-0.849006,0
2.1834452,-1.2845342,1.4152782,0.37423584,-0.77355283,0.51143289,0
-1.0900894,1.6869968,-0.6097846,-0.35912883,0.38757634,0.849006,0
-0.16010624,2.1231759,-0.57172537,-0.35912883,0.38757634,0.849006,0
-2.8258457,0.87167048,-1.7385228,-0.37423584,0.77355283,-0.51143289,0
-3.0248282,0.26357228,-0.93876624,-0.85497022,-0.50139874,-0.13276014,0
0.97068548,-0.46490967,1.3446634,-0.35912883,0.38757634,0.849006,0
1.533546,2.9370565,-1.0970533,0.85497022,0.50139874,0.13276014,0
1.8610044,-1.1509247,0.56901503,0.35912883,-0.38757634,-0.849006,0
-3.0543263,0.26329041,-1.5271379,-0.85497022,-0.50139874,-0.13276014,0
1.8185109,2.0450072,0.043912053,0.85497022,0.50139874,0.13276014,0
1.4880025,2.5196643,-0.63491774,0.85497022,0.50139874,0.13276014,0
0.81345367,2.8176451,-1.3633928,-0.37423584,0.77355283,-0.51143289,0
2.42169,0.67400301,0.080643147,0.85497022,0.50139874,0.13276014,0
0.52526736,-2.2401719,1.0303559,0.37423584,-0.77355283,0.51143289,0
-1.8051982,1.3126205,-0.55410314,-0.35912883,0.38757634,0.849006,0
-1.9573419,0.70535624,-1.7717059,0.35912883,-0.38757634,-0.849006,0
-1.2861822,1.634827,-1.4046173,-0.37423584,0.77355283,-0.51143289,0
0.6264565,-2.1523194,1.400887,0.37423584,-0.77355283,0.51143289,0
1.3081952,1.4811603,0.24943507,-0.35912883,0.38757634,0.849006,0
0.59982944,0.39174324,0.89778191,-0.35912883,0.38757634,0.849006,0
-0.14025632,0.96551019,0.29407024,-0.35912883,0.38757634,0.849006,0
-0.21016687,2.3113017,-1.5292735,-0.37423584,0.77355283,-0.51143289,0
2.6859787,0.13344142,0.51690817,0.35912883,-0.38757634,-0.849006,0
-2.548923,1.0284034,-0.98588753,-0.35912883,0.38757634,0.849006,0
0.61691129,0.13622487,-0.38427907,0.35912883,-0.38757634,-0.849006,0
2.0478315,-0.48069179,1.818037,-0.35912883,0.38757634,0.849006,0
0.45320237,-2.221735,0.98710132,0.37423584,-0.77355283,0.51143289,0
-1.1175082,1.6670643,-1.3027372,-0.37423584,0.77355283,-0.51143289,0
1.4139432,-0.056469452,0.18938291,0.35912883,-0.38757634,-0.849006,0
2.1845148,1.1679195,0.13627779,0.85497022,0.50139874,0.13276014,0
3.0206747,-0.98815972,1.5455201,0.37423584,-0.77355283,0.51143289,0
-1.0361756,-0.77088594,0.64163321,-0.35912883,0.38757634,0.849006,0
0.98514146,3.2605813,-0.35529423,-0.37423584,0.77355283,-0.51143289,0
-2.3003557,0.79976654,-1.6345105,-0.37423584,0.77355283,-0.51143289,0
-2.4349308,0.84082246,-1.6917942,-0.37423584,0.77355283,-0.51143289,0
0.47838333,-1.0310254,0.056481004,0.35912883,-0.38757634,-0.849006,0
0.41297099,2.6978369,-1.3847079,-0.37423584,0.77355283,-0.51143289,0
-2.8818974,0.11547577,-1.2818714,-0.85497022,-0.50139874,-0.13276014,0
2.3247027,-0.42280114,2.0003226,-0.35912883,0.38757634,0.849006,0
-2.0595279,-1.7019228,-0.59802741,-0.85497022,-0.50139874,-0.13276014,0
-1.9326965,-1.5118145,-0.23949486,-0.85497022,-0.50139874,-0.13276014,0
0.2107715,-2.5956926,0.68836665,0.37423584,-0.77355283,0.51143289,0
-0.86114717,-1.8716602,-0.09229064,0.35912883,-0.38757634,-0.849006,0
2.4337916,-0.95073402,1.7456815,0.37423584,-0.77355283,0.51143289,0
-1.0699335,2.0483418,-1.2187054,-0.37423584,0.77355283,-0.51143289,0
-2.1810493,-1.1233219,-0.73724133,-0.85497022,-0.50139874,-0.13276014,0
-3.0087776,0.27436596,-1.122118,-0.85497022,-0.50139874,-0.13276014,0
-0.45750082,1.6555409,-1.7201998,0.35912883,-0.38757634,-0.849006,0
-1.7195126,-1.4836724,0.58805287,-0.35912883,0.38757634,0.849006,0
1.2304888,3.0504599,-0.50187731,-0.35912883,0.38757634,0.849006,0
2.6987274,-0.041061282,0.72230065,0.85497022,0.50139874,0.13276014,0
3.0739253,-0.4910261,1.3160328,0.85497022,0.50139874,0.13276014,0
-2.5470948,0.013361111,-0.39690828,-0.35912883,0.38757634,0.849006,0
3.0341883,-0.8911494,1.6245532,0.37423584,-0.77355283,0.51143289,0
1.534915,-1.6431165,0.81678629,0.35912883,-0.38757634,-0.849006,0
-2.4161749,0.754951,-1.8509223,-0.37423584,0.77355283,-0.51143289,0
-0.56097817,-2.7604024,1.2911222,0.37423584,-0.77355283,0.51143289,0
-0.28537405,-2.5281746,1.1626062,0.37423584,-0.77355283,0.51143289,0
-0.34870845,0.23658043,-0.92226827,0.35912883,-0.38757634,-0.849006,0
-0.54395372,-0.75267208,0.47586423,-0.35912883,0.38757634,0.849006,0
-3.2311416,0.71175563,-1.0021191,-0.85497022,-0.50139874,-0.13276014,0
-1.1023458,-1.3007478,-0.28072184,0.35912883,-0.38757634,-0.849006,0
-1.0151677,-0.90333438,0.75415742,-0.35912883,0.38757634,0.849006,0
-1.8433356,-1.5025148,-0.32082182,-0.85497022,-0.50139874,-0.13276014,0
-1.5051993,-1.2489449,-0.63126022,0.35912883,-0.38757634,-0.849006,0
0.67622209,3.0356438,-0.97408891,-0.37423584,0.77355283,-0.51143289,0
1.2381413,2.964787,-0.46647644,0.85497022,0.50139874,0.13276014,0
2.3734035,0.25057697,1.2620699,0.85497022,0.50139874,0.13276014,0
-2.8387883,0.36511421,-1.8479136,-0.85497022,-0.50139874,-0.13276014,0
-0.28327179,-2.8356452,1.0189741,0.37423584,-0.77355283,0.51143289,0
2.2872715,-0.97162998,1.8342023,0.37423584,-0.77355283,0.51143289,0
-1.8899316,-1.6024308,0.0026416779,-0.85497022,-0.50139874,-0.13276014,0
2.5542159,0.90935951,0.26438308,0.85497022,0.50139874,0.13276014,0
0.56312859,2.6185505,-1.4331088,-0.37423584,0.77355283,-0.51143289,0
-2.5172307,0.18866682,-1.5864464,0.35912883,-0.38757634,-0.849006,0
0.33504295,2.3539295,-1.522979,-0.37423584,0.77355283,-0.51143289,0
3.2242179,-0.61027151,1.434407,0.85497022,0.50139874,0.13276014,0
-2.9613614,0.37252152,-0.74556088,-0.85497022,-0.50139874,-0.13276014,0
-2.1086123,-1.1693597,-0.20175928,-0.85497022,-0.50139874,-0.13276014,0
-2.8980734,-0.0083079338,-1.1251673,-0.85497022,-0.50139874,-0.13276014,0
1.5148227,2.8472509,-0.1934607,0.85497022,0.50139874,0.13276014,0
1.1557515,0.12084591,-0.18318287,0.35912883,-0.38757634,-0.849006,0
0.28758997,2.3008378,-1.4637408,0.35912883,-0.38757634,-0.849006,0
-0.66469759,-2.6938069,0.98703933,0.37423584,-0.77355283,0.51143289,0
-2.2357619,-1.4161905,0.14878118,-0.85497022,-0.50139874,-0.13276014,0
0.97217202,-2.2768741,1.0250149,0.37423584,-0.77355283,0.51143289,0
2.7546875,-1.0836806,1.3172719,0.37423584,-0.77355283,0.51143289,0
-1.4581126,-2.9150262,0.17197037,-0.85497022,-0.50139874,-0.13276014,0
-2.5631654,-0.57326764,-0.60079902,-0.85497022,-0.50139874,-0.13276014,0
0.78875333,-2.3546562,1.1067674,0.37423584,-0.77355283,0.51143289,0
1.5648699,1.3275471,0.85025859,-0.35912883,0.38757634,0.849006,0
0.53151023,2.8379447,-0.31579733,-0.35912883,0.38757634,0.849006,0
-0.97395647,-0.97621238,0.72827983,-0.35912883,0.38757634,0.849006,0
-0.38026321,-1.2712904,0.93539596,-0.35912883,0.38757634,0.849006,0
2.648293,-1.1252437,1.3554935,0.37423584,-0.77355283,0.51143289,0
2.0019903,0.56888115,1.3519926,-0.35912883,0.38757634,0.849006,0
0.51584154,-1.2125649,0.12460077,0.35912883,-0.38757634,-0.849006,0
1.6584122,2.0114655,-0.019833088,0.85497022,0.50139874,0.13276014,0
-2.7965868,1.0408705,-1.5701284,-0.37423584,0.77355283,-0.51143289,0
-0.9331491,0.58049154,-1.2349271,0.35912883,-0.38757634,-0.849006,0
-0.4181239,2.3814106,-0.92260504,-0.37423584,0.77355283,-0.51143289,0
1.1956389,2.8840451,-0.27868915,-0.35912883,0.38757634,0.849006,0
0.38150734,0.79468006,-0.98473239,0.35912883,-0.38757634,-0.849006,0
2.0673673,1.8637235,-0.44302595,0.85497022,0.50139874,0.13276014,0
0.59289473,3.1798964,-0.51416135,-0.37423584,0.77355283,-0.51143289,0
0.55620986,2.9087024,-0.80406404,-0.37423584,0.77355283,-0.51143289,0
-1.0826712,-0.9305346,0.38844436,-0.35912883,0.38757634,0.849006,0
-2.0582614,-1.0576851,-0.8977195,-0.85497022,-0.50139874,-0.13276014,0
-0.91914725,-0.76331246,-0.42946985,0.35912883,-0.38757634,-0.849006,0
2.3402281,-1.0265851,1.3206892,0.37423584,-0.77355283,0.51143289,0
1.4376922,2.3964944,-0.22618866,0.85497022,0.50139874,0.13276014,0
-1.8912982,0.5088644,-1.70227,0.35912883,-0.38757634,-0.849006,0
1.927321,-1.5246388,1.3915887,0.37423584,-0.77355283,0.51143289,0
1.3176684,0.12018889,-0.17703712,0.35912883,-0.38757634,-0.849006,0
-1.7023644,-1.7360752,0.092058897,-0.85497022,-0.50139874,-0.13276014,0
1.1268518,3.2912016,-0.47356248,0.85497022,0.50139874,0.13276014,0
3.0077088,-0.98569244,1.3617089,0.37423584,-0.77355283,0.51143289,0
3.0355923,-1.0269432,1.1653652,0.37423584,-0.77355283,0.51143289,0
2.5547826,0.044393539,1.1968744,0.85497022,0.50139874,0.13276014,0
2.592267,-0.20018995,1.4175125,0.85497022,0.50139874,0.13276014,0
-2.2736869,1.2705956,-1.3394885,-0.37423584,0.77355283,-0.51143289,0
-0.75759923,-2.8801324,1.0862963,0.37423584,-0.77355283,0.51143289,0
1.9002213,1.2252289,0.63502061,0.85497022,0.50139874,0.13276014,0
-0.41217771,-0.50376952,-0.54067594,0.35912883,-0.38757634,-0.849006,0
-2.2879095,1.1766853,-0.77585316,-0.35912883,0.38757634,0.849006,0
1.0099552,2.9853771,-0.94765139,-0.37423584,0.77355283,-0.51143289,0
-1.9891047,-1.8709265,-0.28147984,-0.85497022,-0.50139874,-0.13276014,0
1.2137475,-1.9986731,1.0860698,0.37423584,-0.77355283,0.51143289,0
-2.6033635,-0.42220932,-0.6007036,-0.85497022,-0.50139874,-0.13276014,0
2.4283867,1.0875652,0.5486806,0.85497022,0.50139874,0.13276014,0
2.2138236,-1.4115064,1.4305634,0.37423584,-0.77355283,0.51143289,0
0.066967189,-2.6692667,0.89664531,0.37423584,-0.77355283,0.51143289,0
1.1496046,2.5699353,-1.464457,0.35912883,-0.38757634,-0.849006,0
2.6215813,-1.0295494,1.4157443,0.37423584,-0.77355283,0.51143289,0
-2.805753,0.041154265,-0.94890547,-0.85497022,-0.50139874,-0.13276014,0
0.66170311,0.12283763,-0.29567945,0.35912883,-0.38757634,-0.849006,0
2.065196,1.5222876,0.16542786,0.85497022,0.50139874,0.13276014,0
2.6192787,-1.063859,1.2349606,0.37423584,-0.77355283,0.51143289,0
2.0660441,1.2779266,-0.017675161,0.85497022,0.50139874,0.13276014,0
1.3902578,-1.3818506,1.7704635,0.37423584,-0.77355283,0.51143289,0
-0.12055027,-2.4294977,1.3236339,0.37423584,-0.77355283,0.51143289,0
1.5027277,2.7036867,-0.67282796,0.85497022,0.50139874,0.13276014,0
-1.9139501,1.2632742,-1.2702398,-0.37423584,0.77355283,-0.51143289,0
0.37144524,2.5687232,-1.2070131,-0.37423584,0.77355283,-0.51143289,0
2.0047374,-0.8241545,1.8770281,-0.35912883,0.38757634,0.849006,0
-2.0588932,-1.7292787,-0.29722482,-0.85497022,-0.50139874,-0.13276014,0
1.5229262,-1.9065175,1.0860274,0.37423584,-0.77355283,0.51143289,0
-2.0623646,-1.1803331,-0.83303154,-0.85497022,-0.50139874,-0.13276014,0
-2.1574831,-1.0569956,-0.84281456,-0.85497022,-0.50139874,-0.13276014,0
-0.71208221,2.3233948,-1.0938997,-0.37423584,0.77355283,-0.51143289,0
1.9080219,1.6189954,0.7942822,0.85497022,0.50139874,0.13276014,0
0.76188958,0.88979405,-0.47977865,0.35912883,-0.38757634,-0.849006,0
-1.2433965,-0.75051314,-0.89408451,0.35912883,-0.38757634,-0.849006,0
-2.2152586,-1.4495497,-0.44800487,-0.85497022,-0.50139874,-0.13276014,0
0.82572383,2.9042623,-1.1053743,-0.37423584,0.77355283,-0.51143289,0
-1.5177027,-0.96979594,-0.90462148,0.35912883,-0.38757634,-0.849006,0
1.5396073,-1.5345386,1.4984589,0.37423584,-0.77355283,0.51143289,0
1.0936491,0.78666174,-0.46456331,0.35912883,-0.38757634,-0.849006,0
-2.5600784,-0.22010648,-1.7168499,-0.85497022,-0.50139874,-0.13276014,0
-2.4308105,-0.38676667,-1.1726063,-0.85497022,-0.50139874,-0.13276014,0
0.56536865,1.5792415,-0.89636421,0.35912883,-0.38757634,-0.849006,0
2.7059758,0.3107155,0.9195857,0.85497022,0.50139874,0.13276014,0
-0.48955503,0.17022485,0.14642107,-0.35912883,0.38757634,0.849006,0
2.4458399,-1.0877751,1.0994122,0.37423584,-0.77355283,0.51143289,0
0.84877717,-2.0131049,1.3050551,0.37423584,-0.77355283,0.51143289,0
0.39098167,-2.0256057,0.69857192,0.35912883,-0.38757634,-0.849006,0
-0.42465526,0.86275107,-1.0220997,0.35912883,-0.38757634,-0.849006,0
-2.8968737,-0.17748457,-0.79193103,-0.85497022,-0.50139874,-0.13276014,0
-2.2687168,-1.5086591,0.22709876,-0.85497022,-0.50139874,-0.13276014,0
2.3795614,-0.89883661,1.9563783,0.37423584,-0.77355283,0.51143289,0
-2.5997031,-0.67352068,-0.59817028,-0.85497022,-0.50139874,-0.13276014,0
1.3572317,-0.47124481,1.4194366,-0.35912883,0.38757634,0.849006,0
-2.5192342,-0.45672166,-1.5517927,-0.85497022,-0.50139874,-0.13276014,0
-1.2401813,-2.5520842,1.3840675,-0.35912883,0.38757634,0.849006,0
-0.71913552,-2.3594105,1.1929016,-0.35912883,0.38757634,0.849006,0
1.8930572,2.2516184,-0.4899826,0.85497022,0.50139874,0.13276014,0
-2.6367326,0.099936724,-1.1420802,-0.85497022,-0.50139874,-0.13276014,0
2.8474936,0.092257857,1.6500328,0.85497022,0.50139874,0.13276014,0
-0.075937212,-1.7822464,0.1666677,0.35912883,-0.38757634,-0.849006,0
-0.57821125,0.44973803,0.13488156,-0.35912883,0.38757634,0.849006,0
2.3186986,-1.1428396,1.5290694,0.37423584,-0.77355283,0.51143289,0
-1.0605915,1.6775482,-1.5476704,-0.37423584,0.77355283,-0.51143289,0
0.33861837,0.52638561,-0.71874732,0.35912883,-0.38757634,-0.849006,0
-1.5249898,1.8873667,-1.1723235,-0.37423584,0.77355283,-0.51143289,0
-1.0615958,2.0424278,-1.2612276,-0.37423584,0.77355283,-0.51143289,0
-0.45619309,0.015578151,-0.91301221,0.35912883,-0.38757634,-0.849006,0
-2.9706559,0.1435678,-1.0946369,-0.85497022,-0.50139874,-0.13276014,0
-0.14813989,-2.9118876,0.71872663,0.37423584,-0.77355283,0.51143289,0
2.7251844,-1.0765054,1.5557909,0.37423584,-0.77355283,0.51143289,0
1.966543,1.7897166,-0.1151861,0.85497022,0.50139874,0.13276014,0
-1.9325747,0.56978703,-0.34520769,-0.35912883,0.38757634,0.849006,0
-0.56610376,1.8717434,-1.5665066,-0.37423584,0.77355283,-0.51143289,0
1.8650906,1.7167377,-0.051443696,0.85497022,0.50139874,0.13276014,0
-1.986524,-1.4080309,-0.79434919,-0.85497022,-0.50139874,-0.13276014,0
2.175766,-0.44110656,1.6867099,-0.35912883,0.38757634,0.849006,0
-3.2689307,0.78778958,-0.98972607,-0.85497022,-0.50139874,-0.13276014,0
-0.24290849,2.31076,-1.2305598,-0.37423584,0.77355283,-0.51143289,0
-2.985065,0.72324753,-1.5343469,-0.85497022,-0.50139874,-0.13276014,0
0.89984769,1.1830724,-0.607297,0.35912883,-0.38757634,-0.849006,0
1.7426271,-0.38030159,1.7073514,-0.35912883,0.38757634,0.849006,0
0.56022221,1.1699011,-0.71508825,0.35912883,-0.38757634,-0.849006,0
-1.8936207,-1.1890284,0.17497092,-0.35912883,0.38757634,0.849006,0
2.9781325,-0.71290803,1.9103017,0.37423584,-0.77355283,0.51143289,0
-2.2762649,0.13732493,-1.3844343,0.35912883,-0.38757634,-0.849006,0
1.3851991,2.7745659,-0.80751753,0.85497022,0.50139874,0.13276014,0
-1.4402729,-0.27432144,-1.0313134,0.35912883,-0.38757634,-0.849006,0
0.65041924,2.1356404,-1.0551145,0.35912883,-0.38757634,-0.849006,0
0.70418018,1.0071493,-0.68321443,0.35912883,-0.38757634,-0.849006,0
0.78627467,0.92997628,0.35848486,-0.35912883,0.38757634,0.849006,0
-2.5110869,0.82573128,-2.034193,0.35912883,-0.38757634,-0.849006,0
-0.7541256,2.3109596,-0.85002637,-0.37423584,0.77355283,-0.51143289,0
1.2380369,3.1216087,-0.95606232,-0.37423584,0.77355283,-0.51143289,0
0.57461375,-1.5860347,1.7236921,-0.35912883,0.38757634,0.849006,0
0.57296658,3.1927514,-0.80631876,-0.37423584,0.77355283,-0.51143289,0
-1.1758299,-3.0639672,0.98117375,-0.85497022,-0.50139874,-0.13276014,0
-1.4372917,1.8532755,-1.0488114,-0.37423584,0.77355283,-0.51143289,0
-0.85686433,2.0186663,-1.20173,-0.37423584,0.77355283,-0.51143289,0
-0.90372342,-3.2779241,0.86817241,-0.85497022,-0.50139874,-0.13276014,0
-1.2048497,-3.0273743,0.43045092,-0.85497022,-0.50139874,-0.13276014,0
-0.14917575,1.8478128,-1.423677,0.35912883,-0.38757634,-0.849006,0
2.3824093,0.16638207,1.4086969,-0.35912883,0.38757634,0.849006,0
-1.6433966,-2.428123,-0.21507788,-0.85497022,-0.50139874,-0.13276014,0
-2.0425637,-1.3200971,-0.3461524,-0.85497022,-0.50139874,-0.13276014,0
2.295748,0.44103825,1.3728377,-0.35912883,0.38757634,0.849006,0
1.7138909,2.1480489,-0.67769706,0.85497022,0.50139874,0.13276014,0
-1.8433397,1.7776592,-1.1473308,-0.37423584,0.77355283,-0.51143289,0
-0.79652089,-3.1141391,0.78315997,0.37423584,-0.77355283,0.51143289,0
2.4001014,-1.212189,1.0104976,0.35912883,-0.38757634,-0.849006,0
-1.3831546,-0.69859278,-0.62855077,0.35912883,-0.38757634,-0.849006,0
-0.86577886,1.5554519,-1.7208052,-0.37423584,0.77355283,-0.51143289,0
-0.94788051,-3.2515271,1.0030439,0.37423584,-0.77355283,0.51143289,0
0.77746493,-1.9588681,1.4696615,0.37423584,-0.77355283,0.51143289,0
2.9141083,0.0065271854,0.96523106,0.85497022,0.50139874,0.13276014,0
-1.696432,1.4187825,-1.753242,-0.37423584,0.77355283,-0.51143289,0
-1.6897136,-1.7536203,0.76860726,-0.35912883,0.38757634,0.849006,0
1.7747089,-1.1732268,1.7459723,0.37423584,-0.77355283,0.51143289,0
1.8905004,-0.99678469,0.88827777,0.35912883,-0.38757634,-0.849006,0
-2.4313235,-0.59012544,-1.1817462,-0.85497022,-0.50139874,-0.13276014,0
2.8292739,0.35219491,0.25850338,0.35912883,-0.38757634,-0.849006,0
2.5380425,-1.3698095,1.2049105,0.37423584,-0.77355283,0.51143289,0
0.018872708,1.6336999,-1.2432384,0.35912883,-0.38757634,-0.849006,0
-2.2581129,0.4072305,-1.9440744,0.35912883,-0.38757634,-0.849006,0
1.6866268,2.2538071,-0.019677877,0.85497022,0.50139874,0.13276014,0
-0.13691562,2.3949962,-0.97329617,-0.37423584,0.77355283,-0.51143289,0
-1.4185293,-2.7270606,1.2492564,-0.85497022,-0.50139874,-0.13276014,0
-0.19679758,-2.4387887,1.2632649,0.37423584,-0.77355283,0.51143289,0
1.9216688,2.029417,-0.057447553,0.85497022,0.50139874,0.13276014,0
-0.96024036,0.8147496,-1.1583102,0.35912883,-0.38757634,-0.849006,0
2.9170084,-0.46495545,1.053212,0.85497022,0.50139874,0.13276014,0
1.6636922,2.2641816,-0.27843177,0.85497022,0.50139874,0.13276014,0
-0.61708248,-2.6483567,1.240654,0.37423584,-0.77355283,0.51143289,0
0.97856158,3.2415347,-0.73880243,-0.37423584,0.77355283,-0.51143289,0
1.1525191,2.99981,-0.90290928,0.85497022,0.50139874,0.13276014,0
-2.3386209,0.10673666,-0.37159121,-0.35912883,0.38757634,0.849006,0
0.2019701,2.8312116,-0.57357311,-0.37423584,0.77355283,-0.51143289,0
-0.53958476,2.2770016,-0.97372532,-0.37423584,0.77355283,-0.51143289,0
-2.5337512,0.87938446,-1.4646662,-0.37423584,0.77355283,-0.51143289,0
-2.2134945,0.51810479,-0.52039111,-0.35912883,0.38757634,0.849006,0
3.1216445,-0.48636103,0.86229897,0.35912883,-0.38757634,-0.849006,0
2.5461237,0.31862491,0.58660638,0.85497022,0.50139874,0.13276014,0
0.78150463,2.9377856,-0.85577703,-0.37423584,0.77355283,-0.51143289,0
-1.5322576,1.4318368,-1.3967724,-0.37423584,0.77355283,-0.51143289,0
-2.5487502,1.2114325,-1.4215012,-0.37423584,0.77355283,-0.51143289,0
-0.99254626,0.56388319,-1.1019348,0.35912883,-0.38757634,-0.849006,0
-1.1540407,1.7659991,-1.3489776,-0.37423584,0.77355283,-0.51143289,0
-1.909436,1.3667847,-1.1277995,-0.37423584,0.77355283,-0.51143289,0
-2.0566618,-1.5882175,-0.28920704,-0.85497022,-0.50139874,-0.13276014,0
2.1021073,1.6183728,0.4929623,0.85497022,0.50139874,0.13276014,0
2.9534979,-0.85596478,0.88384962,0.35912883,-0.38757634,-0.849006,0
-1.6705797,-0.008572042,-0.27954745,-0.35912883,0.38757634,0.849006,0
-1.6385813,-0.37852621,-1.2235672,0.35912883,-0.38757634,-0.849006,0
-2.1597023,-0.83438075,-0.83931643,-0.85497022,-0.50139874,-0.13276014,0
-1.4389526,1.7679791,-1.1455748,-0.37423584,0.77355283,-0.51143289,0
-0.96269774,-3.1021729,1.0747705,0.37423584,-0.77355283,0.51143289,0
-0.72869605,1.8866934,-1.3763835,-0.37423584,0.77355283,-0.51143289,0
2.5135226,-1.0207156,1.6983819,0.37423584,-0.77355283,0.51143289,0
1.5516018,2.8686457,-0.52797747,0.85497022,0.50139874,0.13276014,0
2.7502832,-0.21853077,1.4005178,0.85497022,0.50139874,0.13276014,0
1.0174593,0.11184685,-0.09867619,0.35912883,-0.38757634,-0.849006,0
-2.2766662,-0.68125248,-0.12800215,-0.85497022,-0.50139874,-0.13276014,0
-0.20900422,-0.90258795,-0.41734028,0.35912883,-0.38757634,-0.849006,0
-0.24796404,-2.3475492,1.6771131,0.37423584,-0.77355283,0.51143289,0
-2.6118052,-0.094404042,-0.70671612,-0.85497022,-0.50139874,-0.13276014,0
-1.3775963,0.76636618,-0.35966885,-0.35912883,0.38757634,0.849006,0
-1.0753808,-3.0935993,0.59445477,0.35912883,-0.38757634,-0.849006,0
0.28354919,-2.3873596,0.91320872,0.37423584,-0.77355283,0.51143289,0
0.2714954,-2.6560533,0.94739366,0.37423584,-0.77355283,0.51143289,0
2.7201121,0.64038658,0.24909168,0.85497022,0.50139874,0.13276014,0
3.0035548,-0.16239092,0.6559552,0.85497022,0.50139874,0.13276014,0
1.7932067,2.2120972,-0.45093,0.85497022,0.50139874,0.13276014,0
2.8288043,-0.47315669,1.2719641,0.85497022,0.50139874,0.13276014,0
-2.0085707,-1.0845808,-1.0273336,-0.85497022,-0.50139874,-0.13276014,0
1.1106924,2.8867636,-1.2980945,-0.37423584,0.77355283,-0.51143289,0
-1.9197601,-1.770928,-0.47969937,-0.85497022,-0.50139874,-0.13276014,0
-0.02149725,-2.6877861,0.78058791,0.37423584,-0.77355283,0.51143289,0
-1.9778498,-1.6688967,0.38510406,-0.85497022,-0.50139874,-0.13276014,0
-1.1198866,-1.6584736,-0.49054778,0.35912883,-0.38757634,-0.849006,0
-1.2805227,-2.6027436,0.51157069,-0.85497022,-0.50139874,-0.13276014,0
-2.4843106,1.1962852,-0.96642399,-0.35912883,0.38757634,0.849006,0
-2.6943455,-0.029567838,-0.78831792,-0.85497022,-0.50139874,-0.13276014,0
-0.70374721,1.7705004,-0.32723475,-0.35912883,0.38757634,0.849006,0
-1.6516198,-2.1447284,-0.17250383,-0.85497022,-0.50139874,-0.13276014,0
-1.037531,-3.18642,0.95879936,-0.85497022,-0.50139874,-0.13276014,0
2.0130463,0.041516662,1.3418529,-0.35912883,0.38757634,0.849006,0
1.7602782,-1.8775411,1.0799839,0.35912883,-0.38757634,-0.849006,0
-0.3330878,2.3624132,-1.2427204,-0.37423584,0.77355283,-0.51143289,0
-2.4555125,-0.78712153,-0.6027202,-0.85497022,-0.50139874,-0.13276014,0
0.91793615,-2.1260591,1.352288,0.37423584,-0.77355283,0.51143289,0
-1.6895388,1.3540947,-1.6591125,-0.37423584,0.77355283,-0.51143289,0
-1.576798,-2.3587334,0.097143412,-0.85497022,-0.50139874,-0.13276014,0
1.2670451,-0.38494134,1.2876203,-0.35912883,0.38757634,0.849006,0
-0.73822773,1.8329284,-1.6319244,-0.37423584,0.77355283,-0.51143289,0
-1.3847555,-3.1319764,0.80297613,-0.85497022,-0.50139874,-0.13276014,0
-0.46246171,0.95650983,0.0110147,-0.35912883,0.38757634,0.849006,0
2.4408116,1.0710034,0.24076663,0.85497022,0.50139874,0.13276014,0
-1.0458241,-3.1407013,0.36680269,-0.85497022,-0.50139874,-0.13276014,0
3.1204569,-0.25819492,1.0387757,0.85497022,0.50139874,0.13276014,0
2.2642348,0.5000118,1.5053377,-0.35912883,0.38757634,0.849006,0
1.6524651,2.2438321,-0.0094389915,0.85497022,0.50139874,0.13276014,0
-0.70588553,-3.3709974,0.48454499,0.37423584,-0.77355283,0.51143289,0
0.026460629,-1.7103305,1.5726355,-0.35912883,0.38757634,0.849006,0
-1.6322725,1.1092074,-1.6420592,0.35912883,-0.38757634,-0.849006,0
-1.9551754,-1.9344707,-0.079075098,-0.85497022,-0.50139874,-0.13276014,0
-1.9470388,0.15553945,-0.44526356,-0.35912883,0.38757634,0.849006,0
-2.3091905,1.2528666,-0.94879651,-0.37423584,0.77355283,-0.51143289,0
-2.0416298,-1.4242783,-0.099307835,-0.85497022,-0.50139874,-0.13276014,0
-2.7291443,0.065134168,-1.089244,-0.85497022,-0.50139874,-0.13276014,0
-1.80212,0.40242684,-0.28827298,-0.35912883,0.38757634,0.849006,0
1.5652306,-0.93735594,0.38194323,0.35912883,-0.38757634,-0.849006,0
2.851017,-0.1601969,0.85112643,0.35912883,-0.38757634,-0.849006,0
-2.5083013,-0.64721537,-0.76242548,-0.85497022,-0.50139874,-0.13276014,0
2.649411,-1.2216606,1.3703418,0.37423584,-0.77355283,0.51143289,0
-0.95486403,1.9905516,-1.3701034,-0.37423584,0.77355283,-0.51143289,0
1.9247689,-1.3944991,1.6253889,0.37423584,-0.77355283,0.51143289,0
-1.5243602,-2.5604744,0.90693378,-0.85497022,-0.50139874,-0.13276014,0
0.49166268,2.027519,-1.106328,0.35912883,-0.38757634,-0.849006,0
1.151724,2.8441865,-1.3963399,-0.37423584,0.77355283,-0.51143289,0
-2.185143,1.0595665,-1.9745064,-0.37423584,0.77355283,-0.51143289,0
1.8984264,1.6970584,-0.1920954,0.85497022,0.50139874,0.13276014,0
1.2949975,3.1674671,-0.908957,0.85497022,0.50139874,0.13276014,0
-2.2717643,-0.71151686,-0.28589135,-0.85497022,-0.50139874,-0.13276014,0
1.5889828,-1.6785655,1.4513619,0.37423584,-0.77355283,0.51143289,0
-2.156045,-1.4737754,0.36373359,-0.85497022,-0.50139874,-0.13276014,0
-1.9353701,1.3785825,-1.7088163,-0.37423584,0.77355283,-0.51143289,0
-1.64881,-0.4654358,-0.053522646,-0.35912883,0.38757634,0.849006,0
0.78077745,1.9447572,-1.2538956,0.35912883,-0.38757634,-0.849006,0
1.8497857,-0.8932988,0.49281681,0.35912883,-0.38757634,-0.849006,0
-1.4856101,-0.40278381,0.10314892,-0.35912883,0.38757634,0.849006,0
3.179106,-0.71926594,1.1145928,0.85497022,0.50139874,0.13276014,0
0.12317104,1.2216432,-1.028283,0.35912883,-0.38757634,-0.849006,0
-1.8152277,-1.7377262,-0.35811496,-0.85497022,-0.50139874,-0.13276014,0
1.4598119,2.6543193,-1.1207407,0.85497022,0.50139874,0.13276014,0
1.2584141,2.8910174,-1.3546748,-0.37423584,0.77355283,-0.51143289,0
1.6599278,-0.62279344,0.50116801,0.35912883,-0.38757634,-0.849006,0
0.45803827,1.2310096,0.14189744,-0.35912883,0.38757634,0.849006,0
-1.1696373,1.2650315,-1.7898856,-0.37423584,0.77355283,-0.51143289,0
-0.91578972,-2.7523708,1.4193134,0.37423584,-0.77355283,0.51143289,0
-2.4342275,1.0458537,-1.4390118,-0.37423584,0.77355283,-0.51143289,0
1.086455,-1.6988878,1.5732713,0.37423584,-0.77355283,0.51143289,0
-1.6610615,1.7553647,-1.2593017,-0.37423584,0.77355283,-0.51143289,0
-1.397933,-2.8370967,0.10412455,-0.85497022,-0.50139874,-0.13276014,0
-0.40829581,-1.909171,-0.058690786,0.35912883,-0.38757634,-0.849006,0
-2.5886729,0.76570213,-1.6809236,-0.37423584,0.77355283,-0.51143289,0
0.11085221,1.4973981,-1.1440833,0.35912883,-0.38757634,-0.849006,0
-0.84962875,-3.0806079,0.67023492,0.37423584,-0.77355283,0.51143289,0
0.80399317,1.0765765,-0.95988911,0.35912883,-0.38757634,-0.849006,0
-0.61308873,-0.70088565,-0.60809016,0.35912883,-0.38757634,-0.849006,0
-0.081476472,0.089788407,0.35722369,-0.35912883,0.38757634,0.849006,0
0.73803604,-1.0880258,0.27351582,0.35912883,-0.38757634,-0.849006,0
1.8469533,-1.5667024,1.5158174,0.37423584,-0.77355283,0.51143289,0
-1.5517894,1.4354075,-1.7740157,-0.37423584,0.77355283,-0.51143289,0
0.46114081,-2.1861994,0.7782042,0.35912883,-0.38757634,-0.849006,0
2.9081092,0.030061007,0.97004318,0.85497022,0.50139874,0.13276014,0
0.69550544,-2.021189,0.95300889,0.37423584,-0.77355283,0.51143289,0
-2.2280641,-0.60545617,-0.9617973,-0.85497022,-0.50139874,-0.13276014,0
3.0116456,-0.19983613,0.92446804,0.85497022,0.50139874,0.13276014,0
2.7370427,0.11930335,0.81737691,0.85497022,0.50139874,0.13276014,0
-3.1501849,0.66659886,-1.2260798,-0.85497022,-0.50139874,-0.13276014,0
-0.14935517,-2.1027117,0.072423935,0.35912883,-0.38757634,-0.849006,0
-2.7435093,0.061714232,-0.76739776,-0.85497022,-0.50139874,-0.13276014,0
-0.89824772,-1.8745229,-0.29548991,0.35912883,-0.38757634,-0.849006,0
0.37800226,-2.0301657,1.2670255,0.37423584,-0.77355283,0.51143289,0
-2.6684055,0.61417615,-0.8507632,-0.35912883,0.38757634,0.849006,0
2.7758787,-0.68587482,2.1636143,0.85497022,0.50139874,0.13276014,0
-0.18037134,-2.5715964,1.1663268,0.37423584,-0.77355283,0.51143289,0
0.57855266,-2.3221078,0.96447206,0.37423584,-0.77355283,0.51143289,0
0.73908877,-2.0888309,0.98550153,0.37423584,-0.77355283,0.51143289,0
-1.2873657,0.84313321,-1.4384778,0.35912883,-0.38757634,-0.849006,0
1.9840467,1.5461521,0.67726505,0.85497022,0.50139874,0.13276014,0
-2.8371739,0.47333354,-1.0452418,-0.85497022,-0.50139874,-0.13276014,0
0.78356189,-1.6918874,0.29661059,0.35912883,-0.38757634,-0.849006,0
-2.3110485,-0.87320834,-1.0410974,0.35912883,-0.38757634,-0.849006,0
-0.11820713,-1.710948,1.4367193,-0.35912883,0.38757634,0.849006,0
-2.0561461,-0.89019662,-0.96203017,-0.85497022,-0.50139874,-0.13276014,0
-0.47773364,-2.5122623,1.5925009,0.37423584,-0.77355283,0.51143289,0
-0.18462953,0.83898115,-1.0574321,0.35912883,-0.38757634,-0.849006,0
1.3169816,2.2920663,0.18656087,-0.35912883,0.38757634,0.849006,0
-1.8424084,-2.2758822,0.43122268,-0.85497022,-0.50139874,-0.13276014,0
1.9481556,-1.1475606,1.3744543,0.37423584,-0.77355283,0.51143289,0
-0.57689351,-1.8424072,1.0757995,-0.35912883,0.38757634,0.849006,0
2.9211824,-1.0025023,1.3474724,0.37423584,-0.77355283,0.51143289,0
1.9652302,0.8067131,1.2209189,-0.35912883,0.38757634,0.849006,0
-2.6117592,1.2487012,-1.0368421,-0.37423584,0.77355283,-0.51143289,0
2.0258114,-1.0551058,1.4792498,0.37423584,-0.77355283,0.51143289,0
2.133944,-0.40560544,0.34207666,0.35912883,-0.38757634,-0.849006,0
-2.0272634,0.55029726,-1.5531478,0.35912883,-0.38757634,-0.849006,0
2.5211527,-0.077365547,0.56463873,0.35912883,-0.38757634,-0.849006,0
2.012105,1.313308,-0.021566749,0.85497022,0.50139874,0.13276014,0
-2.1779931,-0.91937631,-0.3010895,-0.85497022,-0.50139874,-0.13276014,0
1.0132565,-1.8218231,1.6917162,0.37423584,-0.77355283,0.51143289,0
-1.6793491,-2.0110536,0.56003833,-0.85497022,-0.50139874,-0.13276014,0
2.3087642,0.65790057,0.11240622,0.35912883,-0.38757634,-0.849006,0
1.1799873,-1.7076499,1.0858319,0.37423584,-0.77355283,0.51143289,0
-0.5966047,-0.12248743,0.51893568,-0.35912883,0.38757634,0.849006,0
2.9592814,-0.70888913,1.9409238,0.37423584,-0.77355283,0.51143289,0
-1.2413642,-2.715651,0.16553545,-0.85497022,-0.50139874,-0.13276014,0
2.1701052,-0.86265922,2.0304961,0.37423584,-0.77355283,0.51143289,0
3.1284838,-0.61983293,1.1282891,0.35912883,-0.38757634,-0.849006,0
-1.7090389,1.5241178,-1.2675436,-0.37423584,0.77355283,-0.51143289,0
-2.7421637,0.89768094,-1.4325302,-0.37423584,0.77355283,-0.51143289,0
-1.7048118,-2.2568483,-0.24916255,-0.85497022,-0.50139874,-0.13276014,0
1.1251075,1.6908525,-0.86437523,0.35912883,-0.38757634,-0.849006,0
1.5226201,2.8860912,-1.2014253,0.85497022,0.50139874,0.13276014,0
-0.18131948,2.4575536,-1.072753,-0.37423584,0.77355283,-0.51143289,0
2.8368888,-1.1341698,1.4713652,0.37423584,-0.77355283,0.51143289,0
2.2411726,-1.5046464,0.90193963,0.37423584,-0.77355283,0.51143289,0
-2.1254513,1.4412365,-1.4710848,-0.37423584,0.77355283,-0.51143289,0
-2.5236585,-0.12602317,-0.7486276,-0.85497022,-0.50139874,-0.13276014,0
-1.5309834,-2.3657463,0.7725718,-0.85497022,-0.50139874,-0.13276014,0
-0.34230328,-2.3580117,1.2469175,0.37423584,-0.77355283,0.51143289,0
-2.3010774,-0.47991031,-1.1066691,-0.85497022,-0.50139874,-0.13276014,0
-0.8095361,-3.3674116,0.52786899,0.37423584,-0.77355283,0.51143289,0
-1.7912115,-1.7069341,-0.68619657,-0.85497022,-0.50139874,-0.13276014,0
1.5593104,2.1383121,0.0085014105,0.85497022,0.50139874,0.13276014,0
-2.5620234,1.3683431,-0.91872978,-0.35912883,0.38757634,0.849006,0
-3.0893385,0.54543972,-1.5899315,-0.37423584,0.77355283,-0.51143289,0
-0.34356129,-1.2760553,1.1563827,-0.35912883,0.38757634,0.849006,0
-1.5406806,-2.576705,1.0332067,-0.85497022,-0.50139874,-0.13276014,0
-1.3600109,-2.6744847,0.25299335,-0.85497022,-0.50139874,-0.13276014,0
2.702646,-0.16125345,1.518936,0.85497022,0.50139874,0.13276014,0
1.3432448,-1.7727114,1.5474839,0.37423584,-0.77355283,0.51143289,0
0.25717133,2.7282686,-1.0518601,-0.37423584,0.77355283,-0.51143289,0
-0.24817571,2.2030051,-1.1797671,-0.37423584,0.77355283,-0.51143289,0
-2.6273501,0.89794493,-1.0243969,-0.35912883,0.38757634,0.849006,0
-2.9500589,0.85123056,-1.2983518,-0.37423584,0.77355283,-0.51143289,0
1.5035146,3.0039473,-0.81178474,0.85497022,0.50139874,0.13276014,0
-0.10794498,0.15810257,0.51422995,-0.35912883,0.38757634,0.849006,0
-0.77508152,2.0149584,-1.6427419,-0.37423584,0.77355283,-0.51143289,0
-1.4518323,-2.4688385,1.0817866,-0.85497022,-0.50139874,-0.13276014,0
2.3428185,-1.3912029,1.2998476,0.37423584,-0.77355283,0.51143289,0
-0.86871713,-2.9705248,1.0438049,0.37423584,-0.77355283,0.51143289,0
-2.4065177,0.72168434,-1.9628009,-0.37423584,0.77355283,-0.51143289,0
-0.27432546,2.1661048,-1.5398445,-0.37423584,0.77355283,-0.51143289,0
1.7035861,1.9785347,0.042134643,0.85497022,0.50139874,0.13276014,0
-3.4125822,0.71445894,-1.03967,-0.85497022,-0.50139874,-0.13276014,0
2.3377607,1.1346166,0.51730895,0.85497022,0.50139874,0.13276014,0
0.5535627,0.5490424,-0.4499715,0.35912883,-0.38757634,-0.849006,0
1.6620972,2.3954973,-0.49142313,0.85497022,0.50139874,0.13276014,0
-1.6556418,1.55023,-1.6447842,-0.37423584,0.77355283,-0.51143289,0
1.0645535,2.5423303,-1.4476147,-0.37423584,0.77355283,-0.51143289,0
-0.32450426,-2.9133255,1.054647,0.37423584,-0.77355283,0.51143289,0
-1.8560734,1.3849603,-1.7427831,-0.37423584,0.77355283,-0.51143289,0
-2.7216747,-0.56830186,-0.49632269,-0.85497022,-0.50139874,-0.13276014,0
-1.3944926,-2.549633,0.88093114,-0.85497022,-0.50139874,-0.13276014,0
-2.5930433,-0.10322797,-1.0839636,-0.85497022,-0.50139874,-0.13276014,0
-2.6941521,0.93425465,-1.767713,-0.37423584,0.77355283,-0.51143289,0
-0.96515298,2.2257624,-1.0352173,-0.37423584,0.77355283,-0.51143289,0
0.27844197,2.6366644,-0.82861209,-0.37423584,0.77355283,-0.51143289,0
-0.77516741,-2.9160156,0.82624722,0.37423584,-0.77355283,0.51143289,0
-1.5142007,-2.0679159,0.034934998,-0.85497022,-0.50139874,-0.13276014,0
-3.1272359,0.65847051,-1.207972,-0.85497022,-0.50139874,-0.13276014,0
-0.44239193,2.0250142,-1.1838875,-0.37423584,0.77355283,-0.51143289,0
-1.315825,1.4280069,-0.80957079,-0.35912883,0.38757634,0.849006,0
-2.2821751,0.19783056,-1.6168259,0.35912883,-0.38757634,-0.849006,0
1.9784636,1.2109959,0.14822075,0.85497022,0.50139874,0.13276014,0
2.6890106,0.4060756,1.2596922,0.85497022,0.50139874,0.13276014,0
2.8862064,-0.49894261,1.8320254,0.37423584,-0.77355283,0.51143289,0
-1.3879027,-2.7884603,0.59961224,-0.85497022,-0.50139874,-0.13276014,0
2.6613157,-0.14425749,0.905141,0.85497022,0.50139874,0.13276014,0
2.5935674,0.24476564,1.0203295,0.85497022,0.50139874,0.13276014,0
-1.2016494,1.7826669,-0.66961384,-0.35912883,0.38757634,0.849006,0
0.36564225,-2.5787623,1.0729423,0.37423584,-0.77355283,0.51143289,0
-0.95865023,1.1446669,-0.54413855,-0.35912883,0.38757634,0.849006,0
1.9091512,1.6353176,0.60791892,0.85497022,0.50139874,0.13276014,0
-2.6665895,-0.37627783,-0.48128933,-0.85497022,-0.50139874,-0.13276014,0
3.0419981,-1.0262225,1.4778254,0.37423584,-0.77355283,0.51143289,0
2.3323996,0.30184877,0.29705924,0.35912883,-0.38757634,-0.849006,0
1.4621487,-1.7985247,1.0254445,0.37423584,-0.77355283,0.51143289,0
-2.6144063,-0.18611097,-1.1148314,-0.85497022,-0.50139874,-0.13276014,0
-0.3508715,-2.7799187,0.48850274,0.35912883,-0.38757634,-0.849006,0
0.9078486,0.91114289,0.38559973,-0.35912883,0.38757634,0.849006,0
1.1293242,-1.2247286,0.2942636,0.35912883,-0.38757634,-0.849006,0
-0.77555931,-2.1045656,0.16573286,0.35912883,-0.38757634,-0.849006,0
-1.3194101,-0.54688847,-1.0340761,0.35912883,-0.38757634,-0.849006,0
-0.098416805,0.96038198,-0.88713408,0.35912883,-0.38757634,-0.849006,0
2.1908119,-0.68119919,0.75999534,0.35912883,-0.38757634,-0.849006,0
1.0145571,0.39960539,-0.34364885,0.35912883,-0.38757634,-0.849006,0
-0.99046624,2.0719016,-1.2226245,-0.37423584,0.77355283,-0.51143289,0
-1.1341116,1.6491902,-1.7738445,-0.37423584,0.77355283,-0.51143289,0
-0.27727294,-0.52650994,0.75147259,-0.35912883,0.38757634,0.849006,0
1.9708071,0.76773763,1.2567334,-0.35912883,0.38757634,0.849006,0
0.29758605,-0.88047743,0.17150915,0.35912883,-0.38757634,-0.849006,0
-0.96919084,-1.7829704,-0.20664036,0.35912883,-0.38757634,-0.849006,0
-0.49631375,-3.0525753,0.71135402,0.37423584,-0.77355283,0.51143289,0
-2.1429088,0.86818469,-1.797375,-0.37423584,0.77355283,-0.51143289,0
