2.9532201,2.4084015,-1.5441241,0.31794059,-0.61678672,-0.72006071,0
-2.3798845,0.31902897,-0.93883789,-0.85478497,0.14210151,-0.49914855,0
-0.29653037,-2.0743442,1.185325,0.31794059,-0.61678672,-0.72006071,0
1.861773,-0.73126197,1.8223124,0.85478497,-0.14210151,0.49914855,0
-0.12332499,2.0132415,-2.5776186,0.31794059,-0.61678672,-0.72006071,0
-0.80669308,3.7442477,-2.8001585,-0.85478497,0.14210151,-0.49914855,0
-3.2068059,-2.4613383,1.3262541,-0.41019005,-0.77419686,0.48204058,0
2.1770353,-0.82535821,1.1742165,0.85478497,-0.14210151,0.49914855,0
-1.053012,-1.847235,1.7127645,-0.31794059,0.61678672,0.72006071,0
0.61730576,1.7639098,-1.7538719,0.31794059,-0.61678672,-0.72006071,0
0.8735311,-3.6229768,2.6872492,0.85478497,-0.14210151,0.49914855,0
-1.1756971,-3.3911669,1.7769957,-0.41019005,-0.77419686,0.48204058,0
-0.13992369,-3.2992153,3.0086308,-0.41019005,-0.77419686,0.48204058,0
3.5551608,2.0505309,-0.17114568,0.85478497,-0.14210151,0.49914855,0
2.4973199,0.094207674,0.66969097,0.85478497,-0.14210151,0.49914855,0
1.932333,-0.41511565,1.6107111,0.85478497,-0.14210151,0.49914855,0
0.058954895,-1.5640547,0.7661376,0.31794059,-0.61678672,-0.72006071,0
0.52236402,0.999865,0.30580461,-0.31794059,0.61678672,0.72006071,0
2.1768084,0.27314413,1.0169594,0.85478497,-0.14210151,0.49914855,0
-0.69062912,2.1630063,-1.4449919,-0.31794059,0.61678672,0.72006071,0
-0.23914814,3.3107026,-2.8308463,0.41019005,0.77419686,-0.48204058,0
-0.89739692,1.2018512,-2.0284677,0.31794059,-0.61678672,-0.72006071,0
2.8201241,3.3027718,-0.89429951,0.41019005,0.77419686,-0.48204058,0
-0.2617532,-3.343214,3.0214734,-0.41019005,-0.77419686,0.48204058,0
0.66372466,3.1352241,-2.9441071,0.41019005,0.77419686,-0.48204058,0
-2.1526289,-2.8939674,1.8563581,-0.41019005,-0.77419686,0.48204058,0
2.0232437,-0.070031263,1.1243625,0.85478497,-0.14210151,0.49914855,0
0.51855159,-3.0103114,3.1082804,0.85478497,-0.14210151,0.49914855,0
-0.53212351,-0.20056212,-0.94014823,0.31794059,-0.61678672,-0.72006071,0
-2.4083183,-2.8916142,1.4344568,-0.41019005,-0.77419686,0.48204058,0
0.66218805,-2.4771826,2.9339154,-0.31794059,0.61678672,0.72006071,0
1.4379872,3.2535346,-1.4634361,-0.31794059,0.61678672,0.72006071,0
1.5516212,-1.5267992,2.3086948,0.85478497,-0.14210151,0.49914855,0
0.89937156,3.2911396,-2.4964995,0.41019005,0.77419686,-0.48204058,0
0.69224715,-2.2091517,2.9645352,0.85478497,-0.14210151,0.49914855,0
-2.8190794,-0.14830813,-0.58798105,-0.85478497,0.14210151,-0.49914855,0
-0.14654279,-3.2920222,2.0773506,0.31794059,-0.61678672,-0.72006071,0
-1.8318288,-3.1084428,1.6938562,-0.41019005,-0.77419686,0.48204058,0
-3.3393064,-2.4752841,1.1147435,-0.41019005,-0.77419686,0.48204058,0
-1.0237925,2.5284786,-2.175581,-0.85478497,0.14210151,-0.49914855,0
-1.5498621,0.60860711,-1.9893954,-0.85478497,0.14210151,-0.49914855,0
3.657289,2.789052,-0.58458018,0.85478497,-0.14210151,0.49914855,0
-3.8988156,-2.6337874,0.74085593,-0.85478497,0.14210151,-0.49914855,0
-3.5489292,-2.662858,0.61264706,-0.41019005,-0.77419686,0.48204058,0
-0.53751743,-3.1231015,3.1679759,-0.41019005,-0.77419686,0.48204058,0
1.2223222,-2.6182685,2.4708209,0.85478497,-0.14210151,0.49914855,0
3.0920315,1.347826,-0.24676871,0.85478497,-0.14210151,0.49914855,0
-1.9432095,-3.029026,1.4670727,-0.41019005,-0.77419686,0.48204058,0
-1.5442977,-2.8149664,2.1315322,-0.41019005,-0.77419686,0.48204058,0
-1.5461674,1.9159667,-1.7533751,-0.85478497,0.14210151,-0.49914855,0
2.5314317,3.013454,-1.2809031,0.41019005,0.77419686,-0.48204058,0
0.98518884,0.97994894,0.41110712,-0.31794059,0.61678672,0.72006071,0
-0.82343394,0.69763911,-0.042100206,-0.31794059,0.61678672,0.72006071,0
2.6817901,1.5657152,0.62543952,-0.31794059,0.61678672,0.72006071,0
0.56943142,2.498497,-2.3651135,0.31794059,-0.61678672,-0.72006071,0
-1.4608181,-2.5310943,2.1563451,-0.31794059,0.61678672,0.72006071,0
1.3842094,-1.6851128,2.0610006,0.85478497,-0.14210151,0.49914855,0
-3.832752,-2.8788939,0.667974,-0.41019005,-0.77419686,0.48204058,0
-0.89161611,-2.3866045,0.73625839,0.31794059,-0.61678672,-0.72006071,0
2.1254606,2.7129316,-1.741395,0.41019005,0.77419686,-0.48204058,0
-1.8483868,1.0468534,-1.6967515,-0.85478497,0.14210151,-0.49914855,0
2.0757308,-0.16576949,1.1528448,0.85478497,-0.14210151,0.49914855,0
3.8037899,2.5994012,-0.806108,0.85478497,-0.14210151,0.49914855,0
0.58143604,-1.3800828,0.86170292,0.31794059,-0.61678672,-0.72006071,0
0.65356302,-3.0332184,3.2362769,0.85478497,-0.14210151,0.49914855,0
0.98173463,-2.1938004,1.4491293,0.31794059,-0.61678672,-0.72006071,0
-1.8037052,-1.0106173,-0.73499417,0.31794059,-0.61678672,-0.72006071,0
2.3818579,0.065925032,1.1734804,0.85478497,-0.14210151,0.49914855,0
-1.5064883,1.2291272,-1.7210228,-0.85478497,0.14210151,-0.49914855,0
-3.7361562,-1.9013567,0.79004955,-0.85478497,0.14210151,-0.49914855,0
2.3316042,0.29461864,1.062865,0.85478497,-0.14210151,0.49914855,0
0.60958409,3.2939568,-2.2296348,0.41019005,0.77419686,-0.48204058,0
3.3627148,2.9621229,-0.73172092,0.41019005,0.77419686,-0.48204058,0
0.79271877,2.9570315,-2.8547883,0.41019005,0.77419686,-0.48204058,0
-2.2981296,0.0088898242,-1.0611551,-0.85478497,0.14210151,-0.49914855,0
3.1041157,1.1551731,0.23667014,0.85478497,-0.14210151,0.49914855,0
-0.13903713,2.5898564,-2.7594447,0.31794059,-0.61678672,-0.72006071,0
-0.41807324,-3.0219634,2.9476776,-0.41019005,-0.77419686,0.48204058,0
2.444365,3.0187154,-0.63753915,-0.31794059,0.61678672,0.72006071,0
0.47318783,2.2726946,-2.2822361,0.31794059,-0.61678672,-0.72006071,0
0.60711098,-3.4103806,2.941329,-0.41019005,-0.77419686,0.48204058,0
-3.3072591,-1.9921231,0.033094645,-0.85478497,0.14210151,-0.49914855,0
0.5879932,3.3432167,-2.1212468,0.41019005,0.77419686,-0.48204058,0
0.42156664,2.6791179,-1.516369,-0.31794059,0.61678672,0.72006071,0
2.1691222,2.9526322,-0.81638765,-0.31794059,0.61678672,0.72006071,0
-0.93889153,-3.1394765,2.5321455,-0.41019005,-0.77419686,0.48204058,0
2.8308043,0.42283863,0.212466,0.85478497,-0.14210151,0.49914855,0
3.3570824,2.7889338,-0.73265791,0.41019005,0.77419686,-0.48204058,0
0.5170964,0.47548535,-0.81415409,0.31794059,-0.61678672,-0.72006071,0
0.21415567,-3.4967778,3.064867,-0.41019005,-0.77419686,0.48204058,0
3.628088,2.2701321,-0.78024244,0.85478497,-0.14210151,0.49914855,0
-2.1446147,0.71820003,-1.2820966,-0.85478497,0.14210151,-0.49914855,0
3.3302484,2.3515317,-0.14537811,0.85478497,-0.14210151,0.49914855,0
0.31217003,3.4719987,-2.3998034,0.41019005,0.77419686,-0.48204058,0
-2.4963694,-0.7729367,-0.76112986,-0.85478497,0.14210151,-0.49914855,0
1.7180728,0.16236979,0.20065379,0.31794059,-0.61678672,-0.72006071,0
2.1592288,2.2408993,-1.4159484,0.31794059,-0.61678672,-0.72006071,0
1.7263606,1.5681494,-1.0130954,0.31794059,-0.61678672,-0.72006071,0
-1.4616077,-2.8872504,2.5167804,-0.41019005,-0.77419686,0.48204058,0
2.4974155,1.2256725,-0.61337018,0.31794059,-0.61678672,-0.72006071,0
1.9105425,3.2812505,-1.6112761,0.41019005,0.77419686,-0.48204058,0
1.668962,-1.3417983,1.4057677,0.31794059,-0.61678672,-0.72006071,0
3.074877,2.3617785,-1.2781568,0.31794059,-0.61678672,-0.72006071,0
2.7877915,2.8368421,-1.1036355,0.41019005,0.77419686,-0.48204058,0
0.3489424,3.0739837,-2.9328985,0.31794059,-0.61678672,-0.72006071,0
-2.9527104,-2.4326429,0.31328702,0.31794059,-0.61678672,-0.72006071,0
-0.34887624,-3.2887352,2.7922156,-0.41019005,-0.77419686,0.48204058,0
1.2785771,-1.8963385,2.3908827,0.85478497,-0.14210151,0.49914855,0
-1.8826122,1.5725007,-1.726277,-0.85478497,0.14210151,-0.49914855,0
2.555335,0.097049296,0.40668094,0.85478497,-0.14210151,0.49914855,0
-0.30358481,3.483614,-3.0215373,0.41019005,0.77419686,-0.48204058,0
-2.3493333,-0.56746119,-0.80081505,-0.85478497,0.14210151,-0.49914855,0
2.8300922,0.94318008,0.4814316,0.85478497,-0.14210151,0.49914855,0
-1.5432413,-3.3762069,1.6687038,-0.41019005,-0.77419686,0.48204058,0
2.5888219,3.1230454,-1.4377511,0.41019005,0.77419686,-0.48204058,0
-0.78471684,3.1728554,-2.8814707,-0.85478497,0.14210151,-0.49914855,0
1.1972158,-0.072597057,1.450738,-0.31794059,0.61678672,0.72006071,0
1.9608765,-0.74328983,1.1191821,0.85478497,-0.14210151,0.49914855,0
-3.3561559,-2.600354,1.2508552,-0.41019005,-0.77419686,0.48204058,0
-0.69586194,-3.4093425,2.4960654,-0.41019005,-0.77419686,0.48204058,0
1.0230411,2.3405378,-0.61724782,-0.31794059,0.61678672,0.72006071,0
1.0846717,-2.2299011,2.7047713,0.85478497,-0.14210151,0.49914855,0
-1.2968227,-2.1025281,2.0079794,-0.31794059,0.61678672,0.72006071,0
-0.79623437,3.1484563,-2.5566006,-0.85478497,0.14210151,-0.49914855,0
3.7519517,1.9789661,-0.84154415,0.85478497,-0.14210151,0.49914855,0
-1.1796565,-0.86142451,-0.59411407,0.31794059,-0.61678672,-0.72006071,0
2.0728135,2.7559299,-1.9978017,0.41019005,0.77419686,-0.48204058,0
3.4789095,2.0612144,-0.75524378,0.85478497,-0.14210151,0.49914855,0
2.3166173,-0.28835282,1.1546209,0.85478497,-0.14210151,0.49914855,0
0.16484207,1.9904449,-2.1925287,0.31794059,-0.61678672,-0.72006071,0
-0.95244187,-1.2961802,0.24895716,0.31794059,-0.61678672,-0.72006071,0
-0.24074531,-2.1141453,2.526176,-0.31794059,0.61678672,0.72006071,0
0.95091867,-0.2562502,0.030559778,0.31794059,-0.61678672,-0.72006071,0
-1.5775285,-3.4195814,1.7063477,-0.41019005,-0.77419686,0.48204058,0
-3.3458517,-2.8608065,1.1256168,-0.41019005,-0.77419686,0.48204058,0
1.0168948,0.34664577,-0.47446242,0.31794059,-0.61678672,-0.72006071,0
1.4056778,-1.209152,2.3882041,-0.31794059,0.61678672,0.72006071,0
-1.4184134,1.5499521,-2.0275278,-0.85478497,0.14210151,-0.49914855,0
-1.1404297,2.4242082,-2.0565012,-0.85478497,0.14210151,-0.49914855,0
-3.2985826,-2.1072936,0.06191802,-0.85478497,0.14210151,-0.49914855,0
-0.90960568,-3.1615498,2.6238365,-0.41019005,-0.77419686,0.48204058,0
0.36929917,3.3930328,-2.8264117,0.41019005,0.77419686,-0.48204058,0
1.604228,-0.86029261,2.2054548,-0.31794059,0.61678672,0.72006071,0
-0.94961262,-0.27898693,-1.0685202,0.31794059,-0.61678672,-0.72006071,0
-0.35211253,1.2179573,-1.7426338,0.31794059,-0.61678672,-0.72006071,0
-0.60949934,0.12197798,0.47989011,-0.31794059,0.61678672,0.72006071,0
0.30561018,-1.4239812,0.87182945,0.31794059,-0.61678672,-0.72006071,0
-2.0427086,-1.8813926,-0.18556881,0.31794059,-0.61678672,-0.72006071,0
1.4861896,2.8391874,-2.2603908,0.41019005,0.77419686,-0.48204058,0
-2.116647,0.30706835,-0.89588022,-0.85478497,0.14210151,-0.49914855,0
0.94697118,1.7341424,-0.26419103,-0.31794059,0.61678672,0.72006071,0
-3.4124763,-3.074856,0.81615829,-0.41019005,-0.77419686,0.48204058,0
0.51434088,2.9911804,-2.9406924,0.41019005,0.77419686,-0.48204058,0
2.1336036,3.264261,-1.2306476,0.41019005,0.77419686,-0.48204058,0
0.033875346,3.1793544,-3.1767931,0.41019005,0.77419686,-0.48204058,0
-3.2730701,-1.7877836,0.30694842,-0.85478497,0.14210151,-0.49914855,0
1.2461073,3.3367302,-1.9765048,0.41019005,0.77419686,-0.48204058,0
-0.1950593,3.6869924,-2.9249449,0.41019005,0.77419686,-0.48204058,0
2.9120061,0.20125836,0.4530611,0.85478497,-0.14210151,0.49914855,0
-1.5192573,-3.151176,1.8907802,-0.41019005,-0.77419686,0.48204058,0
1.8808501,-1.2026839,1.3888266,0.85478497,-0.14210151,0.49914855,0
0.36765701,2.7220449,-1.2728959,-0.31794059,0.61678672,0.72006071,0
-1.9861271,-2.5541534,1.8219416,-0.31794059,0.61678672,0.72006071,0
-1.1529557,-0.9050495,-0.56061864,0.31794059,-0.61678672,-0.72006071,0
-3.7464616,-2.1510625,0.49329829,-0.85478497,0.14210151,-0.49914855,0
2.0099268,0.62270254,-0.4845826,0.31794059,-0.61678672,-0.72006071,0
1.5887266,2.7840984,-2.0807943,0.41019005,0.77419686,-0.48204058,0
-0.46866018,-0.74618489,-0.53855902,0.31794059,-0.61678672,-0.72006071,0
1.2465315,2.6964509,-0.8988533,-0.31794059,0.61678672,0.72006071,0
3.4548609,1.8892236,-0.15314841,0.85478497,-0.14210151,0.49914855,0
-2.953706,-1.7930596,-0.21537447,-0.85478497,0.14210151,-0.49914855,0
3.2794499,1.9912605,-1.0575128,0.31794059,-0.61678672,-0.72006071,0
3.5061243,2.6127493,-0.49308109,0.85478497,-0.14210151,0.49914855,0
2.3105493,-0.68443269,0.67781377,0.31794059,-0.61678672,-0.72006071,0
2.9226413,1.3179628,0.5624584,0.85478497,-0.14210151,0.49914855,0
2.2643816,0.2197147,1.0342529,0.85478497,-0.14210151,0.49914855,0
-1.1759419,1.6666285,-2.3959641,-0.85478497,0.14210151,-0.49914855,0
-1.3237617,2.3488553,-2.3554173,-0.85478497,0.14210151,-0.49914855,0
-1.1057075,-3.470048,1.6578362,0.31794059,-0.61678672,-0.72006071,0
-0.55404437,2.9676933,-1.9001805,-0.31794059,0.61678672,0.72006071,0
0.49655628,-3.7161853,2.6976163,-0.41019005,-0.77419686,0.48204058,0
2.5245163,0.13057053,0.38936585,0.31794059,-0.61678672,-0.72006071,0
3.5989289,2.8692353,-0.65605807,0.85478497,-0.14210151,0.49914855,0
-0.17013216,3.3706775,-3.0988307,0.41019005,0.77419686,-0.48204058,0
0.97821015,1.4439698,-0.21397972,-0.31794059,0.61678672,0.72006071,0
-2.0083668,0.40781364,-1.3063908,-0.85478497,0.14210151,-0.49914855,0
-1.1397257,1.7215235,-2.2691293,-0.85478497,0.14210151,-0.49914855,0
0.34395945,-2.0324845,1.4080967,0.31794059,-0.61678672,-0.72006071,0
-2.4188387,-1.1766886,-0.90332115,0.31794059,-0.61678672,-0.72006071,0
2.7931197,0.91637886,0.6007055,0.85478497,-0.14210151,0.49914855,0
-2.4991965,-3.0816429,1.5139251,-0.41019005,-0.77419686,0.48204058,0
2.0482006,-0.83890492,1.0226547,0.85478497,-0.14210151,0.49914855,0
0.1810025,1.7365465,-0.61621916,-0.31794059,0.61678672,0.72006071,0
-1.691273,1.2912477,-1.7975216,-0.85478497,0.14210151,-0.49914855,0
1.7208235,-1.4094844,1.3766689,0.85478497,-0.14210151,0.49914855,0
3.0968928,2.7549701,-1.1279149,0.41019005,0.77419686,-0.48204058,0
3.5969164,2.8205488,-0.86871386,0.41019005,0.77419686,-0.48204058,0
3.0703664,2.7438028,-1.4956162,0.41019005,0.77419686,-0.48204058,0
2.1560907,-0.47381037,1.4808846,0.85478497,-0.14210151,0.49914855,0
1.9820464,3.037601,-1.4935176,0.41019005,0.77419686,-0.48204058,0
0.32735181,-3.6804602,2.5888529,-0.41019005,-0.77419686,0.48204058,0
0.082449079,-3.1539874,3.080617,-0.41019005,-0.77419686,0.48204058,0
-2.1878748,0.82280499,-1.1496381,-0.85478497,0.14210151,-0.49914855,0
3.3294363,2.2340934,0.0090754032,0.85478497,-0.14210151,0.49914855,0
2.8930833,0.79456151,0.42639768,0.85478497,-0.14210151,0.49914855,0
1.9235075,-0.89890295,1.8193812,0.85478497,-0.14210151,0.49914855,0
-0.47309744,0.77645403,-1.3702921,0.31794059,-0.61678672,-0.72006071,0
-2.2375908,-0.27684784,-1.3019183,-0.85478497,0.14210151,-0.49914855,0
1.1872897,0.79110718,-1.0384862,0.31794059,-0.61678672,-0.72006071,0
-0.19593334,1.2946013,-1.6315035,0.31794059,-0.61678672,-0.72006071,0
-0.98443985,3.3483632,-2.6327198,-0.85478497,0.14210151,-0.49914855,0
-0.29937959,0.097199053,-0.92455852,0.31794059,-0.61678672,-0.72006071,0
2.3117404,-0.037703156,1.0322506,0.85478497,-0.14210151,0.49914855,0
-0.06517756,0.36118367,-0.77516824,0.31794059,-0.61678672,-0.72006071,0
-1.2790135,-3.1940956,1.6883371,-0.41019005,-0.77419686,0.48204058,0
2.0987899,3.3254192,-1.2870154,0.41019005,0.77419686,-0.48204058,0
-0.96105915,-3.0033264,2.6860156,-0.41019005,-0.77419686,0.48204058,0
-2.6667418,-2.6271615,1.6992531,-0.41019005,-0.77419686,0.48204058,0
0.7932477,-3.4124513,2.8418913,0.85478497,-0.14210151,0.49914855,0
2.3387623,0.310552,1.0391089,0.85478497,-0.14210151,0.49914855,0
-1.4919122,-3.1157122,1.6800523,-0.41019005,-0.77419686,0.48204058,0
2.0078454,3.2915692,-1.6084189,0.41019005,0.77419686,-0.48204058,0
-1.7430651,-1.3792462,1.119434,-0.31794059,0.61678672,0.72006071,0
-2.9099467,-1.2236534,-0.089255571,-0.85478497,0.14210151,-0.49914855,0
-0.35156107,-3.3702595,2.5422745,-0.41019005,-0.77419686,0.48204058,0
-0.80260998,-2.7666035,1.5255775,0.31794059,-0.61678672,-0.72006071,0
-0.63425708,-3.2787697,2.6512451,-0.41019005,-0.77419686,0.48204058,0
3.5177197,2.7046251,-0.7223537,0.41019005,0.77419686,-0.48204058,0
-0.99465966,2.8697927,-2.2116659,-0.85478497,0.14210151,-0.49914855,0
-0.9912945,-2.8987203,2.517931,-0.31794059,0.61678672,0.72006071,0
-0.48123312,2.3905659,-3.2052953,0.31794059,-0.61678672,-0.72006071,0
1.7669222,-0.14246608,1.6078635,0.85478497,-0.14210151,0.49914855,0
0.56218839,-3.4767902,2.5910804,0.31794059,-0.61678672,-0.72006071,0
0.57373989,3.0226429,-3.2031567,0.41019005,0.77419686,-0.48204058,0
1.8866189,-0.78493571,1.5001025,0.85478497,-0.14210151,0.49914855,0
1.8837464,0.37108663,1.1970618,-0.31794059,0.61678672,0.72006071,0
-1.5813112,0.39319694,-1.9247153,-0.85478497,0.14210151,-0.49914855,0
-1.2017102,-1.9090326,1.8396392,-0.31794059,0.61678672,0.72006071,0
-0.87757611,3.161165,-2.8471725,-0.85478497,0.14210151,-0.49914855,0
-0.30180001,0.83930737,0.046338439,-0.31794059,0.61678672,0.72006071,0
1.4514123,2.6760466,-1.1626599,-0.31794059,0.61678672,0.72006071,0
1.5965397,3.0074744,-2.1168165,0.41019005,0.77419686,-0.48204058,0
0.85233086,2.9098041,-2.9618478,0.41019005,0.77419686,-0.48204058,0
-0.85607731,0.034680724,0.32553259,-0.31794059,0.61678672,0.72006071,0
-1.5908149,-2.6707082,2.4263182,-0.41019005,-0.77419686,0.48204058,0
3.4888322,2.6720161,-1.0049264,0.41019005,0.77419686,-0.48204058,0
3.6157413,2.1260142,-0.23905349,0.85478497,-0.14210151,0.49914855,0
-1.8814049,0.14324445,-0.47412208,-0.31794059,0.61678672,0.72006071,0
0.4932754,-3.0180864,3.2652125,0.85478497,-0.14210151,0.49914855,0
1.2120118,-2.7311249,2.4214692,0.85478497,-0.14210151,0.49914855,0
-0.6548894,-2.1313741,2.3856149,-0.31794059,0.61678672,0.72006071,0
-1.904453,-2.405921,0.36847329,0.31794059,-0.61678672,-0.72006071,0
-1.7285533,0.77841967,-1.4535969,-0.85478497,0.14210151,-0.49914855,0
-0.13088679,3.2426424,-2.7982645,0.41019005,0.77419686,-0.48204058,0
-1.6605903,-3.249774,1.5426157,-0.41019005,-0.77419686,0.48204058,0
0.12168157,-3.5666547,3.0231051,-0.41019005,-0.77419686,0.48204058,0
1.7816772,-1.2551168,1.5420784,0.85478497,-0.14210151,0.49914855,0
-3.3040311,-3.127008,0.61111879,-0.41019005,-0.77419686,0.48204058,0
0.800116,-0.85802984,0.30490804,0.31794059,-0.61678672,-0.72006071,0
2.088177,-0.79807472,1.4791025,0.85478497,-0.14210151,0.49914855,0
0.90667117,1.0092992,0.12958479,-0.31794059,0.61678672,0.72006071,0
-1.3659626,-3.1921017,2.1825054,-0.41019005,-0.77419686,0.48204058,0
-0.094465494,-3.4840832,2.6730659,-0.41019005,-0.77419686,0.48204058,0
-1.7258387,-3.4161065,1.3754456,-0.41019005,-0.77419686,0.48204058,0
-1.0074443,-3.5910492,2.0174136,-0.41019005,-0.77419686,0.48204058,0
2.4904306,1.1254272,0.98354256,-0.31794059,0.61678672,0.72006071,0
0.90787667,1.0471262,0.41220778,-0.31794059,0.61678672,0.72006071,0
-0.72680384,-3.0586274,2.4900675,-0.41019005,-0.77419686,0.48204058,0
0.074752808,3.249723,-2.8296533,0.41019005,0.77419686,-0.48204058,0
2.2935894,2.8892,-0.51462507,-0.31794059,0.61678672,0.72006071,0
1.0983418,-0.58614612,1.6537848,-0.31794059,0.61678672,0.72006071,0
-1.5316303,-2.9013352,2.1513495,-0.41019005,-0.77419686,0.48204058,0
0.77683353,3.1767359,-2.3036742,0.41019005,0.77419686,-0.48204058,0
1.6004665,-0.84409195,1.7847904,0.85478497,-0.14210151,0.49914855,0
0.94611859,-2.8616834,2.4978678,0.85478497,-0.14210151,0.49914855,0
-2.757585,-2.6368151,1.7735319,-0.41019005,-0.77419686,0.48204058,0
3.2310247,2.6112115,0.040455341,0.85478497,-0.14210151,0.49914855,0
2.2408276,-0.068402559,1.0997641,0.85478497,-0.14210151,0.49914855,0
1.8869905,2.9152632,-2.1855874,0.41019005,0.77419686,-0.48204058,0
-0.088954687,2.8356209,-1.6996639,-0.31794059,0.61678672,0.72006071,0
0.89574003,2.5771317,-0.99700332,-0.31794059,0.61678672,0.72006071,0
0.020740867,3.2502995,-2.9163604,0.41019005,0.77419686,-0.48204058,0
0.96690184,1.7770603,-1.5842898,0.31794059,-0.61678672,-0.72006071,0
1.4556237,3.4161077,-1.5438373,-0.31794059,0.61678672,0.72006071,0
3.9069047,2.296041,-0.84922481,0.85478497,-0.14210151,0.49914855,0
-3.6125021,-2.2270243,0.2524972,-0.85478497,0.14210151,-0.49914855,0
-0.50897932,2.6613379,-3.4478178,0.31794059,-0.61678672,-0.72006071,0
-1.0545971,2.1384335,-2.8500261,-0.85478497,0.14210151,-0.49914855,0
-2.8781722,-1.591822,-0.45632625,-0.85478497,0.14210151,-0.49914855,0
-0.65438867,2.5687189,-1.5742667,-0.31794059,0.61678672,0.72006071,0
-2.8757343,-2.7758737,1.2785683,-0.41019005,-0.77419686,0.48204058,0
0.16010308,-3.1246853,3.2334824,-0.41019005,-0.77419686,0.48204058,0
0.75356191,3.3689003,-1.8613226,-0.31794059,0.61678672,0.72006071,0
-2.6406753,-1.0172898,0.51083958,-0.31794059,0.61678672,0.72006071,0
-1.2393086,1.4721535,-2.5411623,-0.85478497,0.14210151,-0.49914855,0
-2.8366189,-2.9216177,1.5129993,-0.41019005,-0.77419686,0.48204058,0
0.88344717,-3.3508983,2.674588,0.31794059,-0.61678672,-0.72006071,0
0.46089494,-0.96164244,1.8268714,-0.31794059,0.61678672,0.72006071,0
-2.5282238,-2.7802687,1.5943193,-0.41019005,-0.77419686,0.48204058,0
-0.9433856,-3.0655072,2.1722856,-0.41019005,-0.77419686,0.48204058,0
1.016616,-2.3104074,1.6932869,0.31794059,-0.61678672,-0.72006071,0
-1.2359319,-3.340266,2.1842799,-0.41019005,-0.77419686,0.48204058,0
3.3733883,2.5905714,-0.03080821,-0.31794059,0.61678672,0.72006071,0
-0.14912379,2.6205997,-2.7579536,0.31794059,-0.61678672,-0.72006071,0
-0.21908063,1.3414377,-0.58204347,-0.31794059,0.61678672,0.72006071,0
2.4402564,0.18578771,0.59545016,0.85478497,-0.14210151,0.49914855,0
-2.4359286,-3.1338813,1.5584621,-0.41019005,-0.77419686,0.48204058,0
0.32833481,-3.1080806,3.2324917,0.85478497,-0.14210151,0.49914855,0
-1.6619544,-3.0622313,1.8974271,-0.41019005,-0.77419686,0.48204058,0
1.2408862,2.2299783,-2.1160548,0.31794059,-0.61678672,-0.72006071,0
-0.87381148,0.60055882,-0.23491681,-0.31794059,0.61678672,0.72006071,0
2.6796074,0.079132915,0.24428654,0.85478497,-0.14210151,0.49914855,0
-2.7959685,-3.1353381,1.214905,-0.41019005,-0.77419686,0.48204058,0
-0.35065961,3.5901668,-3.0432873,0.41019005,0.77419686,-0.48204058,0
-2.7573678,-1.6117976,-0.3507483,-0.85478497,0.14210151,-0.49914855,0
-2.5587547,-2.6748896,1.9367459,-0.41019005,-0.77419686,0.48204058,0
-2.3679388,-0.211438,-0.7980566,-0.85478497,0.14210151,-0.49914855,0
-3.6774931,-2.8076911,1.0204494,-0.41019005,-0.77419686,0.48204058,0
-3.3446527,-2.1818111,0.11569858,-0.85478497,0.14210151,-0.49914855,0
2.3247914,2.5831244,-0.33431458,-0.31794059,0.61678672,0.72006071,0
-1.2562866,0.32884347,-1.7942369,0.31794059,-0.61678672,-0.72006071,0
-3.1002667,-2.4959345,1.5612426,-0.41019005,-0.77419686,0.48204058,0
2.5646594,0.51610035,0.37084448,0.85478497,-0.14210151,0.49914855,0
-3.0512323,-1.4749367,-0.46437168,-0.85478497,0.14210151,-0.49914855,0
2.790978,1.2030039,0.80879283,0.85478497,-0.14210151,0.49914855,0
0.59233975,1.1259924,0.039316297,-0.31794059,0.61678672,0.72006071,0
3.4441452,1.508286,-0.31366611,0.31794059,-0.61678672,-0.72006071,0
-3.1964552,-2.203706,-0.38508415,-0.85478497,0.14210151,-0.49914855,0
-1.3497422,-0.022560388,-1.3748741,0.31794059,-0.61678672,-0.72006071,0
1.0401182,-2.7065194,2.0981286,0.85478497,-0.14210151,0.49914855,0
1.1001825,-2.4833529,2.1579323,0.85478497,-0.14210151,0.49914855,0
2.9418588,3.0832903,-0.85023952,0.41019005,0.77419686,-0.48204058,0
-2.1233671,-2.9142578,1.7049515,-0.41019005,-0.77419686,0.48204058,0
-1.407393,2.0079117,-2.0436468,-0.85478497,0.14210151,-0.49914855,0
-1.1613214,-3.335582,2.1243243,-0.41019005,-0.77419686,0.48204058,0
1.8167036,-1.5079387,1.5699695,0.85478497,-0.14210151,0.49914855,0
0.032938004,3.7544153,-2.421932,0.41019005,0.77419686,-0.48204058,0
-2.220844,-2.4403944,0.61365294,0.31794059,-0.61678672,-0.72006071,0
-0.22549725,-3.2753851,2.6249833,-0.41019005,-0.77419686,0.48204058,0
0.6152389,-3.3258123,3.0815272,-0.41019005,-0.77419686,0.48204058,0
0.7453444,3.1486933,-2.6207509,0.41019005,0.77419686,-0.48204058,0
-0.039276481,1.0961008,-1.7050743,0.31794059,-0.61678672,-0.72006071,0
-1.0300992,2.6507444,-2.1824646,-0.31794059,0.61678672,0.72006071,0
-1.6943047,0.074841395,-1.4304582,0.31794059,-0.61678672,-0.72006071,0
-1.0987461,1.7373828,-2.3781335,-0.85478497,0.14210151,-0.49914855,0
1.8134472,3.2470763,-1.7264042,0.41019005,0.77419686,-0.48204058,0
3.1933818,2.5290782,-1.441437,0.41019005,0.77419686,-0.48204058,0
3.3180397,2.8049519,-1.1083846,0.41019005,0.77419686,-0.48204058,0
-1.5297725,-3.1045909,2.1317286,-0.41019005,-0.77419686,0.48204058,0
-1.6947589,1.5999117,-1.8397608,-0.85478497,0.14210151,-0.49914855,0
0.94714069,3.1375804,-2.4997759,0.41019005,0.77419686,-0.48204058,0
0.57010865,-0.16779,1.3245101,-0.31794059,0.61678672,0.72006071,0
1.3277142,1.8211665,-0.44147432,-0.31794059,0.61678672,0.72006071,0
-1.4734902,1.3022354,-2.0184371,-0.85478497,0.14210151,-0.49914855,0
-2.0344784,0.91001135,-1.1603713,-0.85478497,0.14210151,-0.49914855,0
1.2322216,-1.1334084,0.78914714,0.31794059,-0.61678672,-0.72006071,0
-0.048939705,-3.5328836,2.7218914,-0.41019005,-0.77419686,0.48204058,0
-0.5568068,3.5750544,-2.7745903,0.41019005,0.77419686,-0.48204058,0
0.11291814,3.5979517,-2.6867726,0.41019005,0.77419686,-0.48204058,0
2.2274313,-0.21650347,1.4442579,0.85478497,-0.14210151,0.49914855,0
1.1061726,-1.4962873,2.5872602,0.85478497,-0.14210151,0.49914855,0
-0.33895382,0.5132854,0.03840673,-0.31794059,0.61678672,0.72006071,0
-2.8658056,-2.8318708,1.7256801,-0.41019005,-0.77419686,0.48204058,0
-3.1741362,-1.6454139,0.036041021,-0.85478497,0.14210151,-0.49914855,0
2.829613,0.4766551,0.63674462,0.85478497,-0.14210151,0.49914855,0
-0.40738606,3.355058,-3.2503772,-0.85478497,0.14210151,-0.49914855,0
-2.6043818,-0.68246341,-0.470662,-0.85478497,0.14210151,-0.49914855,0
-0.86099076,3.515439,-2.6729841,-0.85478497,0.14210151,-0.49914855,0
-0.91898155,-3.2265363,2.2341337,-0.41019005,-0.77419686,0.48204058,0
0.41967916,-3.0533624,3.0872042,0.85478497,-0.14210151,0.49914855,0
2.5292463,0.30315137,0.22275949,0.31794059,-0.61678672,-0.72006071,0
-0.024531841,-2.9506793,3.3605783,-0.31794059,0.61678672,0.72006071,0
-3.1512043,-1.9875097,0.19019699,-0.85478497,0.14210151,-0.49914855,0
1.8701012,-0.092374191,1.5866199,-0.31794059,0.61678672,0.72006071,0
3.5028069,3.0069263,-0.89999223,0.41019005,0.77419686,-0.48204058,0
-0.24543428,2.9729998,-3.3529932,-0.85478497,0.14210151,-0.49914855,0
2.1598465,-0.5048216,1.0317985,0.85478497,-0.14210151,0.49914855,0
1.8890505,3.0624049,-1.602144,0.41019005,0.77419686,-0.48204058,0
-2.1790361,-3.0073967,1.3903878,-0.41019005,-0.77419686,0.48204058,0
1.6328734,3.2294724,-1.8257005,0.41019005,0.77419686,-0.48204058,0
2.6703813,1.5412996,0.50790477,0.85478497,-0.14210151,0.49914855,0
-3.1381681,-1.7479914,-0.42486286,-0.85478497,0.14210151,-0.49914855,0
1.4039087,-1.7593341,1.493027,0.31794059,-0.61678672,-0.72006071,0
-2.8785887,-2.0479383,0.063988924,0.31794059,-0.61678672,-0.72006071,0
-1.0102608,-3.1620286,2.1091032,-0.41019005,-0.77419686,0.48204058,0
1.8473599,0.42275694,-0.046823144,0.31794059,-0.61678672,-0.72006071,0
1.4267923,3.0586855,-1.8014553,0.41019005,0.77419686,-0.48204058,0
-3.4226151,-2.9194214,0.082646847,-0.85478497,0.14210151,-0.49914855,0
0.16264008,1.5705202,-0.84436226,-0.31794059,0.61678672,0.72006071,0
-0.68332183,-1.25192,0.058717728,0.31794059,-0.61678672,-0.72006071,0
-0.82602668,2.754174,-3.1886952,-0.85478497,0.14210151,-0.49914855,0
3.4339645,2.7496428,-1.2367961,0.41019005,0.77419686,-0.48204058,0
2.5705619,3.2445619,-1.246356,0.41019005,0.77419686,-0.48204058,0
0.50596696,-1.7296035,0.87541288,0.31794059,-0.61678672,-0.72006071,0
-1.4986168,-3.1536114,2.1879702,-0.41019005,-0.77419686,0.48204058,0
-0.43118075,-0.39138985,0.86466265,-0.31794059,0.61678672,0.72006071,0
-0.84719872,2.0091379,-2.9496627,-0.85478497,0.14210151,-0.49914855,0
0.65870571,-3.2903771,2.7314391,0.85478497,-0.14210151,0.49914855,0
0.55694431,3.0615418,-2.7920575,0.41019005,0.77419686,-0.48204058,0
3.3427203,1.7594969,-0.71989489,0.31794059,-0.61678672,-0.72006071,0
-1.2660915,0.23922724,-1.3257223,0.31794059,-0.61678672,-0.72006071,0
-2.8256323,-2.2940936,0.080100298,0.31794059,-0.61678672,-0.72006071,0
2.3064053,-0.45789927,0.55879772,0.31794059,-0.61678672,-0.72006071,0
-3.0468063,-1.5368942,-0.023212671,-0.85478497,0.14210151,-0.49914855,0
-1.142226,2.5884781,-2.6957293,-0.85478497,0.14210151,-0.49914855,0
2.3972919,-0.54435134,0.62195957,0.31794059,-0.61678672,-0.72006071,0
0.62277645,3.234093,-2.9413505,0.41019005,0.77419686,-0.48204058,0
-2.6105194,-2.7995641,1.8782127,-0.41019005,-0.77419686,0.48204058,0
0.48530155,3.3527644,-2.3732209,0.41019005,0.77419686,-0.48204058,0
-0.24851632,3.4121866,-2.5443196,-0.31794059,0.61678672,0.72006071,0
-2.3505652,-2.1734822,0.30557537,0.31794059,-0.61678672,-0.72006071,0
-0.16582549,0.16445208,0.43067759,-0.31794059,0.61678672,0.72006071,0
3.570076,1.9288754,-0.19894958,0.85478497,-0.14210151,0.49914855,0
2.7360497,1.0567541,0.70175743,0.85478497,-0.14210151,0.49914855,0
0.052839398,1.7948093,-2.064728,0.31794059,-0.61678672,-0.72006071,0
-0.69066536,-2.2201376,2.0838821,-0.31794059,0.61678672,0.72006071,0
1.749933,-0.10228842,1.6138809,0.85478497,-0.14210151,0.49914855,0
1.5033617,-0.43250057,1.9566538,-0.31794059,0.61678672,0.72006071,0
1.6395943,-0.71990466,2.0873101,-0.31794059,0.61678672,0.72006071,0
-3.4540708,-1.8245552,0.073424816,-0.85478497,0.14210151,-0.49914855,0
0.5412879,0.12348551,-0.36165622,0.31794059,-0.61678672,-0.72006071,0
-0.026716113,0.01039499,-0.73675781,0.31794059,-0.61678672,-0.72006071,0
-2.0603704,0.27827752,-0.41310295,-0.31794059,0.61678672,0.72006071,0
-1.2536077,-3.1579244,1.7821469,-0.41019005,-0.77419686,0.48204058,0
0.027272642,0.41192198,0.42067379,-0.31794059,0.61678672,0.72006071,0
-2.178762,0.76886892,-1.2840422,-0.85478497,0.14210151,-0.49914855,0
3.0785224,1.7332864,0.18408322,0.85478497,-0.14210151,0.49914855,0
-2.616019,-0.25334638,-0.69382775,-0.85478497,0.14210151,-0.49914855,0
1.169559,-0.053748906,1.3242776,-0.31794059,0.61678672,0.72006071,0
-2.3402381,-3.1719632,0.9762764,-0.41019005,-0.77419686,0.48204058,0
2.4047127,2.9213016,-1.2963617,0.41019005,0.77419686,-0.48204058,0
3.1614184,2.3294144,-1.4087825,0.31794059,-0.61678672,-0.72006071,0
3.907038,2.394083,-0.64925241,0.85478497,-0.14210151,0.49914855,0
-1.3615034,-0.5946514,0.58189398,-0.31794059,0.61678672,0.72006071,0
1.1116214,-2.222116,2.1961203,0.85478497,-0.14210151,0.49914855,0
-1.0623374,-3.2671678,1.7534537,-0.41019005,-0.77419686,0.48204058,0
-0.9960165,1.9913437,-2.713558,-0.85478497,0.14210151,-0.49914855,0
1.5435183,-0.79674554,2.2979424,-0.31794059,0.61678672,0.72006071,0
1.5047233,-1.390841,2.0810261,0.85478497,-0.14210151,0.49914855,0
-2.3168359,-0.8262071,0.26355207,-0.31794059,0.61678672,0.72006071,0
-3.0906212,-2.5264626,1.5037973,-0.41019005,-0.77419686,0.48204058,0
-0.51769555,1.4365244,-2.0605943,0.31794059,-0.61678672,-0.72006071,0
-1.7161951,-3.4633632,1.6131458,-0.41019005,-0.77419686,0.48204058,0
-1.7143073,-3.1117933,2.2216725,-0.41019005,-0.77419686,0.48204058,0
1.1155932,-2.3760214,2.4945765,0.85478497,-0.14210151,0.49914855,0
-2.5048146,-2.9520824,1.5942602,-0.41019005,-0.77419686,0.48204058,0
1.9084272,-1.0823821,1.2834042,0.85478497,-0.14210151,0.49914855,0
-1.3038745,0.60323644,-1.875069,0.31794059,-0.61678672,-0.72006071,0
-2.4823747,-0.49943823,-0.79190862,-0.85478497,0.14210151,-0.49914855,0
-1.843021,-3.2342875,1.5359945,0.31794059,-0.61678672,-0.72006071,0
2.1849639,0.03462851,0.45657116,0.31794059,-0.61678672,-0.72006071,0
-1.4235638,-1.6901727,1.6602002,-0.31794059,0.61678672,0.72006071,0
0.57026482,3.3493783,-2.5979714,0.41019005,0.77419686,-0.48204058,0
2.3380389,2.7533379,-1.779242,0.41019005,0.77419686,-0.48204058,0
0.035771966,-3.0658484,3.1842444,-0.41019005,-0.77419686,0.48204058,0
-1.0563788,1.4104823,-2.3986444,-0.85478497,0.14210151,-0.49914855,0
-1.4794098,-2.9558027,1.0343096,0.31794059,-0.61678672,-0.72006071,0
-2.8547583,-2.5361767,0.24020004,0.31794059,-0.61678672,-0.72006071,0
2.4360967,0.53567982,1.1209656,0.85478497,-0.14210151,0.49914855,0
3.1346426,1.6573194,0.3590014,0.85478497,-0.14210151,0.49914855,0
-1.3417318,1.5429641,-2.436147,-0.85478497,0.14210151,-0.49914855,0
-3.0765941,-3.0159514,0.78852153,-0.41019005,-0.77419686,0.48204058,0
0.38682017,1.0504768,-0.20991337,-0.31794059,0.61678672,0.72006071,0
-1.1357436,-3.4728673,1.6929181,-0.41019005,-0.77419686,0.48204058,0
-2.6694794,-3.322598,1.0723755,-0.41019005,-0.77419686,0.48204058,0
1.2301338,-1.5513047,2.3491387,0.85478497,-0.14210151,0.49914855,0
2.0521846,0.22756159,0.19714111,0.31794059,-0.61678672,-0.72006071,0
-2.9634795,-1.2595146,-0.090016842,-0.85478497,0.14210151,-0.49914855,0
0.66208744,-3.6330607,3.2273214,0.85478497,-0.14210151,0.49914855,0
2.1141405,0.036635384,1.3368325,-0.31794059,0.61678672,0.72006071,0
-0.23159596,-1.3894594,1.5299042,-0.31794059,0.61678672,0.72006071,0
0.79983997,-2.81129,2.6043234,0.85478497,-0.14210151,0.49914855,0
1.9652956,-0.21416235,0.4477393,0.31794059,-0.61678672,-0.72006071,0
0.032420903,-1.5165726,0.66850847,0.31794059,-0.61678672,-0.72006071,0
0.15118897,3.0836689,-3.0256741,0.31794059,-0.61678672,-0.72006071,0
1.8178021,0.79336882,-0.36391532,0.31794059,-0.61678672,-0.72006071,0
-0.46514893,3.5081031,-3.1371791,-0.85478497,0.14210151,-0.49914855,0
0.91901934,1.5764457,-0.063999414,-0.31794059,0.61678672,0.72006071,0
1.1995782,3.2404308,-1.7957697,-0.31794059,0.61678672,0.72006071,0
-1.5902629,1.9526134,-1.9020427,-0.85478497,0.14210151,-0.49914855,0
-1.1477339,-0.10130513,0.31557712,-0.31794059,0.61678672,0.72006071,0
-0.71348608,1.7097847,-2.3780038,0.31794059,-0.61678672,-0.72006071,0
-2.4964988,-2.457104,0.15379333,0.31794059,-0.61678672,-0.72006071,0
0.64490187,3.1994939,-2.5659599,0.41019005,0.77419686,-0.48204058,0
1.639189,-1.4752734,1.1224856,0.31794059,-0.61678672,-0.72006071,0
3.838341,2.5131259,-0.5306251,0.85478497,-0.14210151,0.49914855,0
-1.5292649,0.86056763,-1.7700477,-0.85478497,0.14210151,-0.49914855,0
-1.1413329,0.38304913,-0.15917127,-0.31794059,0.61678672,0.72006071,0
-0.35153842,2.9215403,-3.2906256,-0.85478497,0.14210151,-0.49914855,0
2.4531374,2.9853783,-1.5398731,0.41019005,0.77419686,-0.48204058,0
0.80568385,-2.8542545,2.3075187,0.31794059,-0.61678672,-0.72006071,0
2.9181614,0.36742657,0.091813803,0.85478497,-0.14210151,0.49914855,0
-1.4764931,1.9571692,-2.1290314,-0.85478497,0.14210151,-0.49914855,0
-1.5569358,-3.2022543,1.5833094,-0.41019005,-0.77419686,0.48204058,0
0.42229795,0.077357769,0.68791765,-0.31794059,0.61678672,0.72006071,0
2.0476494,2.3942511,-1.6129061,0.31794059,-0.61678672,-0.72006071,0
2.8778477,3.142113,-1.1021707,0.41019005,0.77419686,-0.48204058,0
3.6929762,2.5204725,-0.93608165,0.41019005,0.77419686,-0.48204058,0
-1.2169154,1.4207668,-2.4304068,-0.85478497,0.14210151,-0.49914855,0
-1.3327339,-2.929054,2.1051466,-0.41019005,-0.77419686,0.48204058,0
-0.44401789,3.4851351,-3.0324521,0.41019005,0.77419686,-0.48204058,0
0.1621834,-3.5089478,2.8562522,-0.41019005,-0.77419686,0.48204058,0
-1.1246519,-0.55841619,-0.76808292,0.31794059,-0.61678672,-0.72006071,0
-0.98830509,2.7459714,-2.4709144,-0.85478497,0.14210151,-0.49914855,0
1.267776,-0.57471108,0.45199567,0.31794059,-0.61678672,-0.72006071,0
1.3079326,2.7916243,-1.2593668,-0.31794059,0.61678672,0.72006071,0
1.0683901,0.080096722,0.901869,-0.31794059,0.61678672,0.72006071,0
0.86512107,3.210037,-1.9932112,0.41019005,0.77419686,-0.48204058,0
-1.2568424,2.0637488,-2.0623794,-0.85478497,0.14210151,-0.49914855,0
3.2495511,2.814383,-0.42297959,-0.31794059,0.61678672,0.72006071,0
1.1010816,-2.8322806,2.6853333,0.85478497,-0.14210151,0.49914855,0
-1.6635567,-2.3419957,0.73428726,0.31794059,-0.61678672,-0.72006071,0
-1.4259702,-2.917187,2.3179321,-0.41019005,-0.77419686,0.48204058,0
1.6960254,-1.0523151,2.0501575,0.85478497,-0.14210151,0.49914855,0
-0.66109407,1.485393,-0.94676077,-0.31794059,0.61678672,0.72006071,0
-0.9394564,-0.59213746,0.71639627,-0.31794059,0.61678672,0.72006071,0
-0.95420408,3.5489163,-2.5962691,-0.85478497,0.14210151,-0.49914855,0
-0.89127499,-1.3891016,0.072497606,0.31794059,-0.61678672,-0.72006071,0
3.5784869,2.4840817,-0.69976425,0.85478497,-0.14210151,0.49914855,0
2.8822162,0.61265332,0.22655511,0.85478497,-0.14210151,0.49914855,0
0.95389462,0.15530455,0.93627369,-0.31794059,0.61678672,0.72006071,0
3.0134668,1.5628505,0.056794405,0.85478497,-0.14210151,0.49914855,0
-2.8908458,-3.0338221,0.84317207,-0.41019005,-0.77419686,0.48204058,0
-2.4804807,-2.4720602,0.22615147,0.31794059,-0.61678672,-0.72006071,0
2.863111,0.54861444,0.36530864,0.85478497,-0.14210151,0.49914855,0
3.6405182,3.0181191,-0.76132011,0.41019005,0.77419686,-0.48204058,0
2.1411831,-1.0622423,0.97850287,0.31794059,-0.61678672,-0.72006071,0
0.14672029,3.3034923,-3.0592496,0.41019005,0.77419686,-0.48204058,0
-0.87730098,2.904233,-2.5994306,-0.85478497,0.14210151,-0.49914855,0
-1.7142431,-0.66714835,-0.73052227,0.31794059,-0.61678672,-0.72006071,0
3.5534852,2.6608167,-0.65181613,0.85478497,-0.14210151,0.49914855,0
2.5718992,0.7469511,0.85118604,0.85478497,-0.14210151,0.49914855,0
-0.83735633,2.5384345,-3.223171,-0.85478497,0.14210151,-0.49914855,0
0.82094336,-3.1514204,2.8451703,0.85478497,-0.14210151,0.49914855,0
-2.3740659,-0.26525348,-1.206813,-0.85478497,0.14210151,-0.49914855,0
-1.5729051,1.2973263,-2.1693368,-0.85478497,0.14210151,-0.49914855,0
0.7433548,-2.8253891,2.9547546,0.85478497,-0.14210151,0.49914855,0
2.271126,3.3683925,-1.2703521,0.41019005,0.77419686,-0.48204058,0
-2.4494209,-0.47235519,-0.87648863,-0.85478497,0.14210151,-0.49914855,0
-3.5980403,-2.7987607,0.84527302,-0.41019005,-0.77419686,0.48204058,0
0.81863558,0.59446323,-0.67622757,0.31794059,-0.61678672,-0.72006071,0
2.1224997,-0.39430141,1.3841441,0.85478497,-0.14210151,0.49914855,0
-3.3371289,-1.4489415,0.018471956,-0.85478497,0.14210151,-0.49914855,0
1.7316718,-1.083129,1.6690936,0.85478497,-0.14210151,0.49914855,0
3.0040565,2.9943833,-1.29403,0.41019005,0.77419686,-0.48204058,0
-0.99425554,-3.1720576,2.513351,-0.41019005,-0.77419686,0.48204058,0
0.369977,-3.6130781,2.9951787,0.85478497,-0.14210151,0.49914855,0
-1.9884152,-2.8336213,1.9831142,-0.41019005,-0.77419686,0.48204058,0
2.2553577,2.0808392,-1.7408781,0.31794059,-0.61678672,-0.72006071,0
2.3198419,0.17334336,0.14450806,0.31794059,-0.61678672,-0.72006071,0
1.8646321,-0.99854898,1.6006458,0.85478497,-0.14210151,0.49914855,0
-1.8784908,-2.7829874,1.9120498,-0.41019005,-0.77419686,0.48204058,0
-2.4546244,-0.99626529,-0.76369321,-0.85478497,0.14210151,-0.49914855,0
-0.87475598,0.37397081,-0.11192712,-0.31794059,0.61678672,0.72006071,0
1.6513015,-0.5566358,0.78244972,0.31794059,-0.61678672,-0.72006071,0
-0.068514705,3.0946393,-3.010181,0.41019005,0.77419686,-0.48204058,0
1.9293809,-0.40193826,1.2322842,0.85478497,-0.14210151,0.49914855,0
3.5850708,2.6373034,-0.58749342,0.85478497,-0.14210151,0.49914855,0
0.55068851,-3.8012364,2.7810619,-0.41019005,-0.77419686,0.48204058,0
-0.77338034,-1.6945359,1.7546999,-0.31794059,0.61678672,0.72006071,0
1.4988101,-1.9433626,1.8922154,0.31794059,-0.61678672,-0.72006071,0
-1.3744477,0.25854945,-0.23990756,-0.31794059,0.61678672,0.72006071,0
0.51310199,3.415319,-2.7479057,0.41019005,0.77419686,-0.48204058,0
2.1055262,3.122822,-1.3137765,0.41019005,0.77419686,-0.48204058,0
0.88899869,3.4665852,-1.7907281,0.41019005,0.77419686,-0.48204058,0
1.8525287,2.7732618,-2.0441651,0.41019005,0.77419686,-0.48204058,0
3.6853628,2.78215,-0.93911695,0.41019005,0.77419686,-0.48204058,0
-1.8607423,-3.0515342,1.0991099,0.31794059,-0.61678672,-0.72006071,0
-2.2385702,-3.3124595,1.1804073,-0.41019005,-0.77419686,0.48204058,0
-1.2516792,2.0160444,-2.1979115,-0.85478497,0.14210151,-0.49914855,0
-1.221156,-1.2573891,1.1459384,-0.31794059,0.61678672,0.72006071,0
-3.062789,-2.874747,0.95101452,-0.41019005,-0.77419686,0.48204058,0
-1.4622103,-3.4867756,1.435463,-0.41019005,-0.77419686,0.48204058,0
1.7452986,1.5696036,-1.5048305,0.31794059,-0.61678672,-0.72006071,0
1.422385,-0.77939796,0.56683731,0.31794059,-0.61678672,-0.72006071,0
0.33356026,1.481674,-1.8210344,0.31794059,-0.61678672,-0.72006071,0
1.1693287,-1.529296,2.4960368,0.85478497,-0.14210151,0.49914855,0
1.3028405,2.7187819,-2.5343795,0.41019005,0.77419686,-0.48204058,0
-1.2215319,2.0979743,-2.3577209,-0.85478497,0.14210151,-0.49914855,0
1.8006724,2.9166484,-1.7489004,0.41019005,0.77419686,-0.48204058,0
-2.7432191,-2.7505188,1.1941483,-0.41019005,-0.77419686,0.48204058,0
1.8223845,1.9656205,-0.39278936,-0.31794059,0.61678672,0.72006071,0
