1.9540293,-0.011055946,2.8074188,0.11645299,0.98105097,0.15484564,0
4.8383489,-1.1133428,0.54545593,0.95018905,-0.15542944,0.27015185,0
-4.1264181,0.3152847,1.5189497,-0.28910071,-0.11567265,0.95028442,0
-4.8048506,0.73430389,-1.3162246,-0.95018905,0.15542944,-0.27015185,0
-5.298656,0.18018186,0.38657475,-0.95018905,0.15542944,-0.27015185,0
0.66149437,-0.075112879,-2.4653099,-0.11645299,-0.98105097,-0.15484564,0
4.13449,-0.74157846,3.2242646,0.95018905,-0.15542944,0.27015185,0
-4.7724628,0.86599863,-1.0905805,-0.95018905,0.15542944,-0.27015185,0
-5.5372176,0.12579584,0.71865797,-0.95018905,0.15542944,-0.27015185,0
-2.9851003,1.2761196,-1.343914,0.11645299,0.98105097,0.15484564,0
-4.6136427,1.1223198,-1.5347848,-0.95018905,0.15542944,-0.27015185,0
-0.25391746,0.87976027,-1.1700289,0.11645299,0.98105097,0.15484564,0
2.1913576,0.48564044,-1.8270149,0.28910071,0.11567265,-0.95028442,0
4.6821089,-0.16899478,0.29146433,0.11645299,0.98105097,0.15484564,0
-4.9888668,0.81349683,-0.043170452,-0.95018905,0.15542944,-0.27015185,0
-2.0855284,0.15866303,-1.4613268,-0.11645299,-0.98105097,-0.15484564,0
-5.6055403,0.27459449,0.67913914,-0.95018905,0.15542944,-0.27015185,0
3.1548772,-0.17684633,1.5763187,0.11645299,0.98105097,0.15484564,0
-4.0614119,1.3625889,-3.5136843,0.28910071,0.11567265,-0.95028442,0
-4.5756388,0.12746513,-0.67024326,-0.11645299,-0.98105097,-0.15484564,0
0.71235704,-1.037897,2.6079364,-0.28910071,-0.11567265,0.95028442,0
-0.10331273,-0.60702616,2.4354506,-0.28910071,-0.11567265,0.95028442,0
3.0527315,-1.1615951,3.0843771,-0.11645299,-0.98105097,-0.15484564,0
-5.2714453,0.9878881,1.1421742,-0.95018905,0.15542944,-0.27015185,0
1.1511811,0.0056432486,-2.3886943,0.28910071,0.11567265,-0.95028442,0
-4.3950238,1.3510475,-1.5488582,0.11645299,0.98105097,0.15484564,0
-5.3159604,0.57449907,0.060898304,-0.95018905,0.15542944,-0.27015185,0
-2.7120273,0.80650973,-3.3482366,0.28910071,0.11567265,-0.95028442,0
-4.9295225,0.3740837,-1.6651659,-0.95018905,0.15542944,-0.27015185,0
-1.6551436,0.89469838,-0.54850054,0.11645299,0.98105097,0.15484564,0
-4.2702923,0.61412334,-2.5315418,-0.95018905,0.15542944,-0.27015185,0
3.0001705,-0.21177509,-1.9397544,0.28910071,0.11567265,-0.95028442,0
-4.3056493,0.76146686,-2.4356813,-0.95018905,0.15542944,-0.27015185,0
-1.3476048,0.57162219,-2.9194653,0.28910071,0.11567265,-0.95028442,0
4.5024877,-1.2316172,2.4953885,0.95018905,-0.15542944,0.27015185,0
-2.5892458,1.1781261,-3.0903311,0.28910071,0.11567265,-0.95028442,0
5.2008257,-0.32574022,0.11406279,0.95018905,-0.15542944,0.27015185,0
3.330879,0.10472357,0.99148846,0.11645299,0.98105097,0.15484564,0
-2.5925703,1.2080636,-1.1854961,0.11645299,0.98105097,0.15484564,0
4.6429505,-1.2190511,1.9968033,0.95018905,-0.15542944,0.27015185,0
1.1939106,-0.63659066,-0.75732958,-0.11645299,-0.98105097,-0.15484564,0
2.0201468,-0.30183846,-1.8452696,0.28910071,0.11567265,-0.95028442,0
-2.0825841,-0.42790213,1.8978219,-0.28910071,-0.11567265,0.95028442,0
5.3332992,-0.3085559,-0.26983452,0.95018905,-0.15542944,0.27015185,0
-2.0120463,0.090029418,-1.665343,-0.11645299,-0.98105097,-0.15484564,0
-4.1907191,-0.12689513,1.2222581,-0.28910071,-0.11567265,0.95028442,0
-1.0590686,-0.044371307,2.2016783,-0.28910071,-0.11567265,0.95028442,0
-4.1659584,0.65852076,-2.910378,-0.95018905,0.15542944,-0.27015185,0
-4.764308,0.58981943,1.193007,-0.28910071,-0.11567265,0.95028442,0
-4.5102248,0.42988575,-1.6698914,-0.95018905,0.15542944,-0.27015185,0
-4.7202606,-0.15717256,0.1533947,-0.11645299,-0.98105097,-0.15484564,0
-2.8296199,0.022152841,-0.11483216,-0.11645299,-0.98105097,-0.15484564,0
-3.9997368,1.5428158,-3.2741756,0.11645299,0.98105097,0.15484564,0
-2.9937749,0.20684057,-1.7490094,-0.11645299,-0.98105097,-0.15484564,0
-4.9442492,0.73733145,-0.4945302,-0.95018905,0.15542944,-0.27015185,0
-1.0254614,0.041565061,2.3554003,-0.28910071,-0.11567265,0.95028442,0
-5.1954155,0.48566425,-0.50598955,-0.95018905,0.15542944,-0.27015185,0
-3.2688735,0.50531757,1.5783831,-0.28910071,-0.11567265,0.95028442,0
-4.7667837,0.51397794,-0.89289188,-0.95018905,0.15542944,-0.27015185,0
5.277998,-0.44419593,-0.41263008,0.95018905,-0.15542944,0.27015185,0
-0.73865247,0.98497796,-1.7670115,0.11645299,0.98105097,0.15484564,0
-3.3547077,-0.35319167,1.0331395,-0.11645299,-0.98105097,-0.15484564,0
4.2955856,-0.17984396,-1.3671038,0.28910071,0.11567265,-0.95028442,0
3.1812,-0.11755755,-1.7074373,0.28910071,0.11567265,-0.95028442,0
-4.5321627,1.1713915,-1.9952316,-0.95018905,0.15542944,-0.27015185,0
4.6270342,-0.51111269,1.7764482,0.95018905,-0.15542944,0.27015185,0
-2.2958374,-0.63239938,1.2163742,-0.11645299,-0.98105097,-0.15484564,0
5.2770829,-0.90922689,-0.014116764,0.95018905,-0.15542944,0.27015185,0
-1.5559613,-0.63694048,1.6677285,-0.11645299,-0.98105097,-0.15484564,0
-4.9408045,0.33446336,-0.50210905,-0.95018905,0.15542944,-0.27015185,0
4.2150841,-1.0989405,2.8102303,0.95018905,-0.15542944,0.27015185,0
-2.7125695,1.0529361,-0.27066755,0.11645299,0.98105097,0.15484564,0
-4.4377828,0.90990275,-2.8807917,-0.95018905,0.15542944,-0.27015185,0
-4.1021509,0.1213522,0.086162567,-0.11645299,-0.98105097,-0.15484564,0
-3.7212319,0.18753779,1.4384508,-0.28910071,-0.11567265,0.95028442,0
1.0604799,0.73615545,-1.9668167,0.11645299,0.98105097,0.15484564,0
0.08135128,-0.22308046,2.4298229,-0.28910071,-0.11567265,0.95028442,0
2.8692875,0.20695511,-1.6362238,0.28910071,0.11567265,-0.95028442,0
3.666244,-1.0672083,1.920433,-0.11645299,-0.98105097,-0.15484564,0
-0.14378095,0.80665392,-2.0676837,0.11645299,0.98105097,0.15484564,0
4.6449795,-0.50404537,1.4250669,0.95018905,-0.15542944,0.27015185,0
1.9939371,0.088341475,1.8704686,0.11645299,0.98105097,0.15484564,0
-1.674233,0.30272377,-3.0217755,0.28910071,0.11567265,-0.95028442,0
0.78879857,0.2939533,1.1525781,0.11645299,0.98105097,0.15484564,0
-4.4346972,1.2393038,-2.9186277,-0.95018905,0.15542944,-0.27015185,0
0.38040733,-0.44363981,-1.8418858,-0.11645299,-0.98105097,-0.15484564,0
-2.0190187,1.1383657,-3.3155921,0.28910071,0.11567265,-0.95028442,0
5.1093421,-0.41639137,0.65871525,0.95018905,-0.15542944,0.27015185,0
-0.42269087,0.86201131,-2.7202291,0.28910071,0.11567265,-0.95028442,0
5.4359999,-1.0744823,-0.52257061,0.95018905,-0.15542944,0.27015185,0
-2.6484549,0.95807892,-3.5211329,0.28910071,0.11567265,-0.95028442,0
-3.9824324,0.98544967,0.9720633,0.11645299,0.98105097,0.15484564,0
4.9887619,-0.56703532,1.1133313,0.95018905,-0.15542944,0.27015185,0
-5.5209541,0.60336328,0.88227987,-0.95018905,0.15542944,-0.27015185,0
-2.1947389,-0.3106038,2.106987,-0.28910071,-0.11567265,0.95028442,0
3.6172237,-1.3454971,3.3819447,-0.28910071,-0.11567265,0.95028442,0
0.19714093,0.5325138,-2.5474265,0.28910071,0.11567265,-0.95028442,0
1.9750412,-0.27796942,3.2860334,-0.28910071,-0.11567265,0.95028442,0
4.7755179,0.038953841,-1.3001556,0.28910071,0.11567265,-0.95028442,0
4.7865238,-0.84738505,0.6135006,0.95018905,-0.15542944,0.27015185,0
-0.93769801,0.83306944,-2.0269258,0.11645299,0.98105097,0.15484564,0
-1.8823067,-0.01272136,-0.68404377,-0.11645299,-0.98105097,-0.15484564,0
0.48557842,0.19319254,1.6727405,0.11645299,0.98105097,0.15484564,0
4.0206051,-1.6015588,3.5243344,-0.28910071,-0.11567265,0.95028442,0
3.4393034,-1.2412547,2.0236135,-0.11645299,-0.98105097,-0.15484564,0
4.5166407,-0.88526338,2.2494402,0.95018905,-0.15542944,0.27015185,0
-4.0649791,1.2158924,-0.66405487,0.11645299,0.98105097,0.15484564,0
3.5524321,-0.3264313,-1.6260694,0.28910071,0.11567265,-0.95028442,0
-1.8248175,-0.67239696,1.1543776,-0.11645299,-0.98105097,-0.15484564,0
-1.0716534,0.43608394,-3.0964098,0.28910071,0.11567265,-0.95028442,0
0.25435853,-0.30515236,-1.5912569,-0.11645299,-0.98105097,-0.15484564,0
-4.3142953,1.3300619,-2.1785407,-0.95018905,0.15542944,-0.27015185,0
-3.6042309,1.3679502,-2.1892824,0.11645299,0.98105097,0.15484564,0
0.20646393,-0.23090917,-1.1199358,-0.11645299,-0.98105097,-0.15484564,0
3.3108599,-1.2174845,3.2376437,-0.11645299,-0.98105097,-0.15484564,0
-4.2535343,0.88608271,-2.5577002,-0.95018905,0.15542944,-0.27015185,0
-3.8894811,0.66931826,1.2013185,0.11645299,0.98105097,0.15484564,0
4.8613892,-0.33731985,-1.3563044,0.28910071,0.11567265,-0.95028442,0
3.1148412,-1.2846667,3.1609263,-0.11645299,-0.98105097,-0.15484564,0
1.9121207,-0.39346248,-1.49883,-0.11645299,-0.98105097,-0.15484564,0
2.4111407,-1.211761,3.1110649,-0.28910071,-0.11567265,0.95028442,0
1.505059,0.2344135,-2.2621908,0.28910071,0.11567265,-0.95028442,0
-5.0551233,0.52486348,0.10711193,-0.95018905,0.15542944,-0.27015185,0
3.9379828,0.10176402,-1.5034302,0.28910071,0.11567265,-0.95028442,0
0.73468375,-0.39231071,2.8690393,-0.28910071,-0.11567265,0.95028442,0
1.7749807,0.42826772,-0.75553375,0.11645299,0.98105097,0.15484564,0
-2.9178178,0.30900574,1.6869857,-0.28910071,-0.11567265,0.95028442,0
2.2418458,-1.0167888,1.383693,-0.11645299,-0.98105097,-0.15484564,0
-1.1222494,0.83735335,-3.0619617,0.28910071,0.11567265,-0.95028442,0
4.3463044,-0.79611307,-0.64980054,-0.11645299,-0.98105097,-0.15484564,0
1.1914815,-0.46981144,-1.9677911,-0.11645299,-0.98105097,-0.15484564,0
1.2853239,-0.34519583,2.9113984,-0.28910071,-0.11567265,0.95028442,0
5.1969366,-0.88111538,-0.076528549,0.95018905,-0.15542944,0.27015185,0
4.4287586,-0.81476551,2.6793075,0.95018905,-0.15542944,0.27015185,0
4.9413238,-0.3562637,1.1017962,0.95018905,-0.15542944,0.27015185,0
1.4079976,-0.63075042,2.801919,-0.28910071,-0.11567265,0.95028442,0
2.3984218,-0.30634481,2.4270055,0.11645299,0.98105097,0.15484564,0
-3.575459,0.14079873,1.6016438,-0.28910071,-0.11567265,0.95028442,0
0.076539278,-0.74822497,2.6573904,-0.28910071,-0.11567265,0.95028442,0
3.8906476,-0.071678877,1.403285,0.11645299,0.98105097,0.15484564,0
-4.0617285,1.3012025,-2.4518514,0.11645299,0.98105097,0.15484564,0
-4.6391783,0.76191515,-1.5161872,-0.95018905,0.15542944,-0.27015185,0
4.3744931,-1.3647864,2.5596509,0.95018905,-0.15542944,0.27015185,0
3.102653,-0.87934715,3.5472312,-0.28910071,-0.11567265,0.95028442,0
3.5686746,0.21702385,-1.7126278,0.28910071,0.11567265,-0.95028442,0
2.1033072,-1.1323627,1.5711114,-0.11645299,-0.98105097,-0.15484564,0
0.78076106,0.37800211,0.90755737,0.11645299,0.98105097,0.15484564,0
1.3008599,-0.37918609,3.065594,-0.28910071,-0.11567265,0.95028442,0
4.9655905,-0.21328604,0.26418972,0.95018905,-0.15542944,0.27015185,0
3.2630987,-0.64062518,-1.8105991,0.28910071,0.11567265,-0.95028442,0
-2.0078273,-0.43475747,1.0127103,-0.11645299,-0.98105097,-0.15484564,0
-2.6591165,1.3829741,-3.3762407,0.28910071,0.11567265,-0.95028442,0
-4.489594,0.87842357,-1.5547109,-0.95018905,0.15542944,-0.27015185,0
-1.9742942,0.77229565,-3.0307908,0.28910071,0.11567265,-0.95028442,0
-1.2994688,0.93359631,-1.7179773,0.11645299,0.98105097,0.15484564,0
-1.28965,0.58350688,-2.922533,0.28910071,0.11567265,-0.95028442,0
-4.7989297,1.0370032,-1.0506845,-0.95018905,0.15542944,-0.27015185,0
-4.2253075,1.6330363,-3.4335542,-0.95018905,0.15542944,-0.27015185,0
-1.0494469,-0.59796357,1.9674489,-0.11645299,-0.98105097,-0.15484564,0
-0.66676635,-0.58485198,0.0090589225,-0.11645299,-0.98105097,-0.15484564,0
-1.9059918,0.75517535,-3.2043793,0.28910071,0.11567265,-0.95028442,0
1.200546,-1.1882702,2.948802,-0.28910071,-0.11567265,0.95028442,0
0.90503263,0.37886757,-0.6054219,0.11645299,0.98105097,0.15484564,0
0.55193996,-0.37010092,-2.4657211,0.28910071,0.11567265,-0.95028442,0
2.2204764,-0.8588177,3.0911539,-0.28910071,-0.11567265,0.95028442,0
-2.9961579,0.27829683,1.7101175,-0.28910071,-0.11567265,0.95028442,0
-2.1068015,1.278951,-2.1782603,0.11645299,0.98105097,0.15484564,0
2.2102907,-1.2031723,3.0910821,-0.28910071,-0.11567265,0.95028442,0
4.7333007,-0.93532723,0.69790173,0.95018905,-0.15542944,0.27015185,0
-0.84183812,0.66712916,-2.8502066,0.28910071,0.11567265,-0.95028442,0
-4.5187135,0.51748592,-2.8570361,-0.11645299,-0.98105097,-0.15484564,0
-4.3899808,0.7678225,-2.9788475,-0.95018905,0.15542944,-0.27015185,0
-0.074642658,0.08643961,-2.726428,0.28910071,0.11567265,-0.95028442,0
-3.5391603,0.93987381,-3.6412215,0.28910071,0.11567265,-0.95028442,0
2.806819,-0.97711098,3.4963884,-0.28910071,-0.11567265,0.95028442,0
-4.5759883,-0.11942184,1.4239016,-0.28910071,-0.11567265,0.95028442,0
3.6904211,-0.36193484,-1.5780288,0.28910071,0.11567265,-0.95028442,0
-1.784379,-0.6057511,1.0415249,-0.11645299,-0.98105097,-0.15484564,0
-3.3342087,0.25334406,1.7970421,-0.28910071,-0.11567265,0.95028442,0
-4.4160719,0.44856364,-2.0213146,-0.95018905,0.15542944,-0.27015185,0
5.3220167,-0.24224341,-0.27676344,0.11645299,0.98105097,0.15484564,0
5.2111053,-0.055844545,-0.059158802,0.95018905,-0.15542944,0.27015185,0
-4.6565304,0.55510116,-2.0254712,-0.95018905,0.15542944,-0.27015185,0
-4.3212142,1.0731599,-2.3690662,-0.95018905,0.15542944,-0.27015185,0
-3.5970464,0.65233546,-3.8170743,0.28910071,0.11567265,-0.95028442,0
-0.89273667,0.44136202,-3.0334814,0.28910071,0.11567265,-0.95028442,0
0.82854807,-0.61284238,1.3145369,-0.11645299,-0.98105097,-0.15484564,0
0.28150511,-0.51143289,2.5358534,-0.28910071,-0.11567265,0.95028442,0
-1.0118299,1.2278054,-2.6427603,0.11645299,0.98105097,0.15484564,0
-1.4229132,0.27933484,2.1023369,-0.28910071,-0.11567265,0.95028442,0
4.2473402,-1.0839493,3.5676665,0.95018905,-0.15542944,0.27015185,0
0.48074389,-0.41129464,2.847914,-0.28910071,-0.11567265,0.95028442,0
-3.4352655,1.2081343,-1.7159104,0.11645299,0.98105097,0.15484564,0
-0.9273659,-0.58961326,2.0982311,-0.28910071,-0.11567265,0.95028442,0
-3.2769947,0.012844086,0.10354757,-0.11645299,-0.98105097,-0.15484564,0
-4.4422669,0.59385866,-2.3780279,-0.11645299,-0.98105097,-0.15484564,0
-4.3701267,1.3750324,-3.0747962,-0.95018905,0.15542944,-0.27015185,0
-5.2882061,0.39592102,0.89183807,-0.95018905,0.15542944,-0.27015185,0
-4.6485748,0.35502374,-1.8812737,-0.95018905,0.15542944,-0.27015185,0
-2.118664,0.40837836,-3.1239569,-0.11645299,-0.98105097,-0.15484564,0
-0.73580384,1.1129084,-2.2765629,0.11645299,0.98105097,0.15484564,0
-4.9328938,0.89974952,-0.74131536,-0.95018905,0.15542944,-0.27015185,0
-5.6534939,0.27464899,0.96072245,-0.95018905,0.15542944,-0.27015185,0
4.4046612,-0.72049809,1.9648118,0.95018905,-0.15542944,0.27015185,0
-4.9672318,0.095380962,1.1280401,-0.28910071,-0.11567265,0.95028442,0
-3.3002791,0.80743194,-3.350698,0.28910071,0.11567265,-0.95028442,0
5.416676,-0.44819993,-0.70477724,0.95018905,-0.15542944,0.27015185,0
1.1117541,-0.14901555,-2.2473674,0.28910071,0.11567265,-0.95028442,0
-1.6391845,0.62848997,-3.130266,0.28910071,0.11567265,-0.95028442,0
5.2341385,-0.61389703,-1.1285667,0.28910071,0.11567265,-0.95028442,0
-2.927202,0.91113508,-0.2298646,0.11645299,0.98105097,0.15484564,0
-0.85289979,0.145491,2.2018104,-0.28910071,-0.11567265,0.95028442,0
-4.9657612,0.051708162,0.16351986,-0.11645299,-0.98105097,-0.15484564,0
-0.58123851,0.85396975,-1.5540133,0.11645299,0.98105097,0.15484564,0
-5.6200609,0.15686435,0.88186646,-0.95018905,0.15542944,-0.27015185,0
3.3882289,0.19259179,-1.4594945,0.28910071,0.11567265,-0.95028442,0
-3.7572727,0.77582598,1.6786634,-0.28910071,-0.11567265,0.95028442,0
4.4944329,-0.58652502,1.809907,0.95018905,-0.15542944,0.27015185,0
-4.6745496,0.6143167,-1.0354996,-0.95018905,0.15542944,-0.27015185,0
4.0294123,-0.20430058,0.94142628,0.11645299,0.98105097,0.15484564,0
-1.7611263,1.0950782,-2.9200337,0.28910071,0.11567265,-0.95028442,0
-0.066251397,-0.73684692,1.7534412,-0.11645299,-0.98105097,-0.15484564,0
-3.6916878,0.060361266,-1.8520794,-0.11645299,-0.98105097,-0.15484564,0
-0.53417945,0.80929047,-2.8232396,0.28910071,0.11567265,-0.95028442,0
-1.062881,0.29834503,-3.0986876,0.28910071,0.11567265,-0.95028442,0
5.1471291,-0.42987776,-0.44387054,0.95018905,-0.15542944,0.27015185,0
3.7473378,-0.65923095,3.8361306,-0.28910071,-0.11567265,0.95028442,0
4.0196657,-0.79695439,0.047698498,-0.11645299,-0.98105097,-0.15484564,0
1.7270193,-0.83409655,2.0219231,-0.11645299,-0.98105097,-0.15484564,0
3.3864751,-0.63860321,-1.5533165,0.28910071,0.11567265,-0.95028442,0
-3.6814861,1.0181719,-3.4816618,0.28910071,0.11567265,-0.95028442,0
4.2858639,-0.29733962,-1.192122,0.28910071,0.11567265,-0.95028442,0
-5.163475,0.46147111,-0.19095039,-0.95018905,0.15542944,-0.27015185,0
4.6810546,-1.163028,0.94627142,0.95018905,-0.15542944,0.27015185,0
-0.63131595,0.52861011,-2.8186703,0.28910071,0.11567265,-0.95028442,0
-5.1377835,0.37791115,-0.28390884,-0.95018905,0.15542944,-0.27015185,0
4.6589789,-1.2706096,1.2766333,0.95018905,-0.15542944,0.27015185,0
-3.6251798,0.66469848,1.247251,0.11645299,0.98105097,0.15484564,0
-4.8294215,1.1167433,-0.25443268,-0.95018905,0.15542944,-0.27015185,0
0.68771136,0.34054369,-2.2174227,0.28910071,0.11567265,-0.95028442,0
0.025141239,-0.90743059,2.5878181,-0.28910071,-0.11567265,0.95028442,0
1.9737689,-0.78447419,0.6393218,-0.11645299,-0.98105097,-0.15484564,0
-4.6469684,0.74328309,1.401309,-0.28910071,-0.11567265,0.95028442,0
4.6282926,-1.1079687,2.3036237,0.95018905,-0.15542944,0.27015185,0
-1.4820671,-0.17929134,2.1001074,-0.28910071,-0.11567265,0.95028442,0
-1.0626807,0.91430658,-2.7130685,0.28910071,0.11567265,-0.95028442,0
-2.7377195,-0.060641468,-0.23956227,-0.11645299,-0.98105097,-0.15484564,0
2.9577529,-0.16853437,-1.5436553,0.28910071,0.11567265,-0.95028442,0
-3.9405708,1.2671051,-3.2540312,-0.95018905,0.15542944,-0.27015185,0
-0.7855736,0.17643756,2.1124961,0.11645299,0.98105097,0.15484564,0
-4.8099594,0.94244462,-1.4650507,-0.95018905,0.15542944,-0.27015185,0
3.2304597,-1.0387046,-0.30267024,-0.11645299,-0.98105097,-0.15484564,0
4.2224712,-0.62545264,3.6662884,0.95018905,-0.15542944,0.27015185,0
-4.260787,1.32302,-2.2237163,-0.95018905,0.15542944,-0.27015185,0
2.6034701,-0.88911271,-0.26750016,-0.11645299,-0.98105097,-0.15484564,0
0.64641267,0.64601654,-0.49535513,0.11645299,0.98105097,0.15484564,0
-4.5213766,0.71350443,1.2437592,-0.28910071,-0.11567265,0.95028442,0
-3.2455316,0.91105652,-3.4787278,0.28910071,0.11567265,-0.95028442,0
-2.6511781,0.44463491,1.7295475,-0.28910071,-0.11567265,0.95028442,0
-1.3797443,-0.4641287,2.2729683,-0.28910071,-0.11567265,0.95028442,0
-5.0598164,0.22161072,1.055625,-0.28910071,-0.11567265,0.95028442,0
2.1496248,-0.3786813,3.1432378,-0.28910071,-0.11567265,0.95028442,0
1.3768393,-0.30074555,-2.1096675,-0.11645299,-0.98105097,-0.15484564,0
3.324224,0.084615946,-1.4989766,0.28910071,0.11567265,-0.95028442,0
5.4928894,-0.055566132,-0.67798853,0.95018905,-0.15542944,0.27015185,0
3.0656526,-0.88942474,3.2454505,-0.28910071,-0.11567265,0.95028442,0
-0.67939353,-0.16343582,-1.7704842,-0.11645299,-0.98105097,-0.15484564,0
0.75015318,-0.98065609,2.014782,-0.11645299,-0.98105097,-0.15484564,0
-3.6613619,0.89893508,0.45208788,0.11645299,0.98105097,0.15484564,0
-2.0026994,0.95991039,-0.65890861,0.11645299,0.98105097,0.15484564,0
3.9469485,0.11237758,-1.5233442,0.28910071,0.11567265,-0.95028442,0
4.5928459,-1.3567815,1.5791922,0.95018905,-0.15542944,0.27015185,0
-0.40198779,0.0028032064,-2.828948,0.28910071,0.11567265,-0.95028442,0
-5.4457068,0.43071473,0.27989864,-0.95018905,0.15542944,-0.27015185,0
-0.25974679,0.27908421,2.070961,0.11645299,0.98105097,0.15484564,0
-3.9673934,0.50902236,-3.8479214,-0.95018905,0.15542944,-0.27015185,0
-1.6588873,-0.35606855,1.4678017,-0.11645299,-0.98105097,-0.15484564,0
1.6619337,0.27159631,1.4178109,0.11645299,0.98105097,0.15484564,0
3.9256809,-1.1177213,3.565598,-0.28910071,-0.11567265,0.95028442,0
4.3154488,-1.0035845,-0.28563666,-0.11645299,-0.98105097,-0.15484564,0
0.44234931,-1.0018727,1.5439191,-0.11645299,-0.98105097,-0.15484564,0
3.2238095,0.19785202,-1.3506699,0.11645299,0.98105097,0.15484564,0
-2.2114561,0.26364917,2.0707808,-0.28910071,-0.11567265,0.95028442,0
2.8871078,-0.86266208,0.31554437,-0.11645299,-0.98105097,-0.15484564,0
-5.2844973,0.37186912,0.5665741,-0.95018905,0.15542944,-0.27015185,0
-0.47049141,0.077908516,1.8287921,0.11645299,0.98105097,0.15484564,0
0.25258279,-0.072827041,2.6792121,-0.28910071,-0.11567265,0.95028442,0
-4.523479,1.0888298,-2.4397726,-0.95018905,0.15542944,-0.27015185,0
0.099182129,-0.72746718,1.4789164,-0.11645299,-0.98105097,-0.15484564,0
-3.9834068,0.063989758,-1.8323684,-0.11645299,-0.98105097,-0.15484564,0
1.4490957,-0.69110411,-0.81810683,-0.11645299,-0.98105097,-0.15484564,0
0.35244083,-0.16871184,2.6085136,-0.28910071,-0.11567265,0.95028442,0
4.5688019,-1.2799304,1.1258702,0.95018905,-0.15542944,0.27015185,0
3.3259137,-0.30714834,2.5795598,0.11645299,0.98105097,0.15484564,0
3.692564,-0.69633764,-1.6145023,0.28910071,0.11567265,-0.95028442,0
-3.7087455,1.0417614,0.34918737,0.11645299,0.98105097,0.15484564,0
-3.8584189,0.36745697,1.3202193,-0.28910071,-0.11567265,0.95028442,0
5.2949543,-0.32002413,-1.2294755,0.28910071,0.11567265,-0.95028442,0
4.2311249,-0.82863492,2.7846966,0.95018905,-0.15542944,0.27015185,0
4.8664279,-0.67267102,1.0206423,0.95018905,-0.15542944,0.27015185,0
5.1714325,-0.59666723,-0.61598253,0.95018905,-0.15542944,0.27015185,0
0.26600051,-0.54078245,2.7827473,-0.28910071,-0.11567265,0.95028442,0
-4.7666321,0.45946538,-1.7784653,-0.95018905,0.15542944,-0.27015185,0
-3.9460754,0.11422408,-0.09518981,-0.11645299,-0.98105097,-0.15484564,0
1.3829401,0.44808215,0.028760195,0.11645299,0.98105097,0.15484564,0
4.1197109,-1.0008669,3.5524659,0.95018905,-0.15542944,0.27015185,0
-5.3891263,0.13645345,0.74554539,-0.11645299,-0.98105097,-0.15484564,0
4.9537411,-0.8636415,-1.1827676,0.28910071,0.11567265,-0.95028442,0
4.5104446,-0.99573672,1.4564176,0.95018905,-0.15542944,0.27015185,0
4.1159701,-0.98407125,3.0936251,0.95018905,-0.15542944,0.27015185,0
-5.1317701,0.20996147,-0.28741789,-0.95018905,0.15542944,-0.27015185,0
0.80053353,0.52836156,-2.2967832,0.28910071,0.11567265,-0.95028442,0
-1.3225082,-0.21521759,2.0003839,-0.28910071,-0.11567265,0.95028442,0
-1.9149158,0.3289876,2.1954589,-0.28910071,-0.11567265,0.95028442,0
5.3711319,-0.065114319,-0.71825027,0.95018905,-0.15542944,0.27015185,0
-4.5647583,1.3096318,-2.2636094,-0.95018905,0.15542944,-0.27015185,0
1.7809649,-0.44989604,3.2599792,-0.28910071,-0.11567265,0.95028442,0
3.9219682,-0.30276936,-1.4426262,0.28910071,0.11567265,-0.95028442,0
-5.508522,0.61665887,1.0297861,-0.95018905,0.15542944,-0.27015185,0
-0.77818859,-0.26992947,0.1088562,-0.11645299,-0.98105097,-0.15484564,0
1.3970137,-0.81831586,0.30918968,-0.11645299,-0.98105097,-0.15484564,0
1.830543,0.089616835,1.1079524,0.11645299,0.98105097,0.15484564,0
4.3761444,-0.90507448,1.8801918,0.95018905,-0.15542944,0.27015185,0
-5.361762,0.39447802,0.93578029,-0.28910071,-0.11567265,0.95028442,0
-1.0497587,0.90426111,-3.0321484,0.28910071,0.11567265,-0.95028442,0
2.8548579,0.5475384,-1.7128135,0.11645299,0.98105097,0.15484564,0
0.63991171,0.1841259,0.84772396,0.11645299,0.98105097,0.15484564,0
1.112121,0.37814596,-0.39251786,0.11645299,0.98105097,0.15484564,0
-4.1316557,0.72436625,-3.5811906,-0.95018905,0.15542944,-0.27015185,0
-5.2413468,0.57814264,0.50099707,-0.95018905,0.15542944,-0.27015185,0
5.0075111,-0.5268572,0.52962208,0.95018905,-0.15542944,0.27015185,0
-4.0281692,0.47644657,-1.9889245,-0.11645299,-0.98105097,-0.15484564,0
0.89942503,-0.49989438,2.7984371,-0.28910071,-0.11567265,0.95028442,0
-4.0149074,1.3509396,-1.8436399,0.11645299,0.98105097,0.15484564,0
-5.239296,0.26327425,-0.40634966,-0.95018905,0.15542944,-0.27015185,0
4.5652165,-1.1061188,2.4018097,0.95018905,-0.15542944,0.27015185,0
-2.4012425,0.94457334,-2.0284455,0.11645299,0.98105097,0.15484564,0
3.6093359,-1.4681247,2.8115277,-0.11645299,-0.98105097,-0.15484564,0
-4.7899213,0.81848687,-1.9295316,-0.95018905,0.15542944,-0.27015185,0
3.1704149,0.24591526,-1.5585288,0.28910071,0.11567265,-0.95028442,0
4.3125868,-0.93005621,2.9078889,0.95018905,-0.15542944,0.27015185,0
2.5902309,-0.80052936,3.3175335,-0.28910071,-0.11567265,0.95028442,0
3.4093776,-0.84060788,-1.6091211,-0.11645299,-0.98105097,-0.15484564,0
0.59281468,-0.41791254,-1.7813941,-0.11645299,-0.98105097,-0.15484564,0
-3.5346885,1.0668703,-3.5229502,0.28910071,0.11567265,-0.95028442,0
3.5091968,-0.40391457,-1.8014132,0.28910071,0.11567265,-0.95028442,0
4.1936731,-0.81377864,3.0350027,0.95018905,-0.15542944,0.27015185,0
-0.81579685,1.0917609,-2.7277513,0.11645299,0.98105097,0.15484564,0
-4.2912745,0.76137125,-2.6685681,-0.95018905,0.15542944,-0.27015185,0
-1.929958,-0.50713474,1.6864724,-0.11645299,-0.98105097,-0.15484564,0
4.293293,-1.0365072,-0.84229565,-0.11645299,-0.98105097,-0.15484564,0
-2.2032299,0.061750025,2.1322954,-0.28910071,-0.11567265,0.95028442,0
-4.8794246,1.0527098,-0.96045971,-0.95018905,0.15542944,-0.27015185,0
-0.22120619,-0.72080612,2.45401,-0.28910071,-0.11567265,0.95028442,0
0.20813727,-0.14733541,2.6839261,-0.28910071,-0.11567265,0.95028442,0
-1.6315548,0.86968714,-1.8661637,0.11645299,0.98105097,0.15484564,0
-2.5562291,0.54975522,-3.1547151,0.28910071,0.11567265,-0.95028442,0
4.9229341,-0.51461375,1.1792717,0.95018905,-0.15542944,0.27015185,0
1.3759911,-0.18438643,2.9221454,-0.28910071,-0.11567265,0.95028442,0
4.6624885,-1.0079629,1.6654258,0.95018905,-0.15542944,0.27015185,0
4.8291078,-0.35140467,0.62122011,0.95018905,-0.15542944,0.27015185,0
5.474422,-0.44627523,-0.81419468,0.95018905,-0.15542944,0.27015185,0
-3.3188672,1.2176456,-3.3311219,0.28910071,0.11567265,-0.95028442,0
-4.7008867,0.69683164,1.1949811,-0.28910071,-0.11567265,0.95028442,0
-4.9839983,0.6329242,1.1025989,-0.28910071,-0.11567265,0.95028442,0
-5.314878,0.60391349,1.1072338,-0.95018905,0.15542944,-0.27015185,0
3.4814568,-0.91597182,3.423841,-0.28910071,-0.11567265,0.95028442,0
0.80332327,0.72349429,-2.150192,0.28910071,0.11567265,-0.95028442,0
-3.4991832,0.28882182,-2.1410742,-0.11645299,-0.98105097,-0.15484564,0
3.6874065,-0.19357298,-1.4962438,0.28910071,0.11567265,-0.95028442,0
4.4346814,-1.2515616,1.5543299,0.95018905,-0.15542944,0.27015185,0
-4.1375837,0.87791836,-3.6486945,-0.95018905,0.15542944,-0.27015185,0
-2.9089916,0.7323066,1.5790194,0.11645299,0.98105097,0.15484564,0
4.5700741,-0.99968934,2.4870725,0.95018905,-0.15542944,0.27015185,0
-0.93658233,0.53862172,-2.697906,0.28910071,0.11567265,-0.95028442,0
2.4229813,0.33392209,-2.0288615,0.28910071,0.11567265,-0.95028442,0
-5.2136974,1.0449481,1.2089257,-0.28910071,-0.11567265,0.95028442,0
-3.2940588,-0.31647485,0.60214162,-0.11645299,-0.98105097,-0.15484564,0
5.3379889,-0.44640815,-0.40831041,0.95018905,-0.15542944,0.27015185,0
4.4186735,-1.1538608,-0.47944474,-0.11645299,-0.98105097,-0.15484564,0
-0.86413455,0.068722427,2.3638465,0.11645299,0.98105097,0.15484564,0
-1.8555549,1.150692,-1.8317103,0.11645299,0.98105097,0.15484564,0
-5.1662755,0.87574601,1.3295085,-0.28910071,-0.11567265,0.95028442,0
-0.2535938,0.87540996,-1.7813408,0.11645299,0.98105097,0.15484564,0
2.7252772,0.56942832,-1.6263621,0.11645299,0.98105097,0.15484564,0
1.4643064,-0.67134231,2.9803548,-0.28910071,-0.11567265,0.95028442,0
-3.5277719,0.8622123,-3.779511,0.28910071,0.11567265,-0.95028442,0
0.64804649,-0.24318582,2.7200723,-0.28910071,-0.11567265,0.95028442,0
2.382432,0.0080628395,0.48508501,0.11645299,0.98105097,0.15484564,0
-0.06097579,0.33473855,-2.7137237,0.28910071,0.11567265,-0.95028442,0
3.7180715,0.060482979,1.2898486,0.11645299,0.98105097,0.15484564,0
-0.28494036,-0.54379976,1.3465686,-0.11645299,-0.98105097,-0.15484564,0
5.4457569,-0.83202934,-0.60236692,0.95018905,-0.15542944,0.27015185,0
-0.80070257,-0.084229231,-2.9437079,0.28910071,0.11567265,-0.95028442,0
4.4109993,-0.035363555,-1.4346848,0.28910071,0.11567265,-0.95028442,0
3.7603998,-1.3626333,2.6208024,-0.11645299,-0.98105097,-0.15484564,0
1.0737715,-1.0856148,2.9338684,-0.28910071,-0.11567265,0.95028442,0
0.93275642,-0.81738728,2.3323569,-0.11645299,-0.98105097,-0.15484564,0
-2.5512502,1.0024388,-3.1858015,0.28910071,0.11567265,-0.95028442,0
-4.7686677,1.1536796,-0.77540112,-0.95018905,0.15542944,-0.27015185,0
-0.63437581,-0.61897749,2.3491282,-0.28910071,-0.11567265,0.95028442,0
4.4769197,-1.3351965,2.1088352,0.95018905,-0.15542944,0.27015185,0
4.3575025,-1.0076275,2.4582038,0.95018905,-0.15542944,0.27015185,0
4.0705862,-0.35281378,2.1861334,0.11645299,0.98105097,0.15484564,0
-0.70118654,-0.41076842,0.58574432,-0.11645299,-0.98105097,-0.15484564,0
0.073055923,0.73257661,-0.77223754,0.11645299,0.98105097,0.15484564,0
1.4554294,-0.59420544,-1.2624094,-0.11645299,-0.98105097,-0.15484564,0
-5.3258328,0.8239305,0.16372299,-0.95018905,0.15542944,-0.27015185,0
2.8578322,-0.16046542,1.2949314,0.11645299,0.98105097,0.15484564,0
5.5430512,-0.068509519,-0.80648851,0.95018905,-0.15542944,0.27015185,0
5.0048456,-0.76291418,-1.0595574,-0.11645299,-0.98105097,-0.15484564,0
-5.4266291,1.0720347,0.59880733,-0.95018905,0.15542944,-0.27015185,0
4.8228917,-0.4878251,-1.0520048,0.28910071,0.11567265,-0.95028442,0
4.2450972,-0.93270189,3.6310024,0.95018905,-0.15542944,0.27015185,0
4.6793685,-0.53296238,1.8680143,0.95018905,-0.15542944,0.27015185,0
-4.2958884,1.1031795,-2.6982837,-0.95018905,0.15542944,-0.27015185,0
-5.4408617,0.62071586,0.64181948,-0.95018905,0.15542944,-0.27015185,0
1.1623886,0.095477581,2.721487,0.11645299,0.98105097,0.15484564,0
-4.3021278,0.8614589,1.2362862,-0.28910071,-0.11567265,0.95028442,0
-5.5218701,1.0071551,1.2239535,-0.28910071,-0.11567265,0.95028442,0
-4.8942738,0.61689234,-1.5749378,-0.95018905,0.15542944,-0.27015185,0
-4.1338496,1.3219171,-1.872963,0.11645299,0.98105097,0.15484564,0
4.3457165,-0.79021895,3.1788378,0.95018905,-0.15542944,0.27015185,0
-4.5554729,1.0218673,-1.9208236,-0.95018905,0.15542944,-0.27015185,0
-2.1015704,-0.29318103,2.0460505,-0.28910071,-0.11567265,0.95028442,0
1.7819638,-0.40919667,3.0907841,-0.28910071,-0.11567265,0.95028442,0
-2.2321696,0.93195778,-1.3447309,0.11645299,0.98105097,0.15484564,0
0.54593301,-0.28923634,2.6961818,-0.28910071,-0.11567265,0.95028442,0
-4.595746,-0.17785108,0.18137693,-0.11645299,-0.98105097,-0.15484564,0
2.9308455,-0.65126109,3.5166457,-0.28910071,-0.11567265,0.95028442,0
3.1745398,-0.83553815,0.61467028,-0.11645299,-0.98105097,-0.15484564,0
4.6621418,-0.36554462,-1.1637599,0.28910071,0.11567265,-0.95028442,0
4.5678549,-0.0075944662,0.24685001,0.11645299,0.98105097,0.15484564,0
-2.2749183,0.25754887,2.1301775,-0.28910071,-0.11567265,0.95028442,0
-3.9681523,0.68850255,1.4187753,-0.28910071,-0.11567265,0.95028442,0
-4.076179,0.050036669,-1.3733134,-0.11645299,-0.98105097,-0.15484564,0
-2.5611596,-0.27183509,0.087757826,-0.11645299,-0.98105097,-0.15484564,0
-1.2283084,-0.83650887,1.7411977,-0.11645299,-0.98105097,-0.15484564,0
4.4634504,0.058322966,-1.099797,0.28910071,0.11567265,-0.95028442,0
-0.29750979,-0.16358894,-2.2629914,-0.11645299,-0.98105097,-0.15484564,0
-0.6730206,0.20805225,1.3259726,0.11645299,0.98105097,0.15484564,0
-1.3445077,1.1213655,-2.9863958,0.28910071,0.11567265,-0.95028442,0
4.4074984,-0.82214636,2.5877938,0.95018905,-0.15542944,0.27015185,0
-2.2922003,-0.43057948,2.0565639,-0.28910071,-0.11567265,0.95028442,0
-4.7051182,0.60870636,-1.5353866,-0.95018905,0.15542944,-0.27015185,0
4.1205711,-1.3206191,3.1738443,0.95018905,-0.15542944,0.27015185,0
5.2479019,-0.66748345,-1.0306613,0.95018905,-0.15542944,0.27015185,0
3.1817007,0.2807633,-1.7180357,0.28910071,0.11567265,-0.95028442,0
2.1133025,0.046756983,1.7197163,0.11645299,0.98105097,0.15484564,0
-1.0081971,0.27556556,-2.9389462,0.28910071,0.11567265,-0.95028442,0
4.4146605,-1.0520411,1.8419509,0.95018905,-0.15542944,0.27015185,0
-3.6098485,0.57543004,1.4494596,-0.28910071,-0.11567265,0.95028442,0
-5.1463308,0.71296179,-0.68139935,-0.95018905,0.15542944,-0.27015185,0
2.287137,0.13002408,1.7625792,0.11645299,0.98105097,0.15484564,0
-4.3223295,0.98779088,-2.9966345,-0.95018905,0.15542944,-0.27015185,0
5.1972938,-0.2441009,-1.012253,0.28910071,0.11567265,-0.95028442,0
1.192721,0.46856552,-2.0067649,0.28910071,0.11567265,-0.95028442,0
-4.9784775,1.06459,1.2280321,0.11645299,0.98105097,0.15484564,0
0.80232763,-0.82302785,2.8404038,-0.28910071,-0.11567265,0.95028442,0
2.4195385,-0.71809375,0.095552444,-0.11645299,-0.98105097,-0.15484564,0
3.0594089,-0.98574406,3.5749164,-0.28910071,-0.11567265,0.95028442,0
-1.2605562,0.13332585,2.137394,-0.28910071,-0.11567265,0.95028442,0
-2.1802695,0.32327074,-3.1979666,0.28910071,0.11567265,-0.95028442,0
-1.7130206,0.41840422,2.04671,-0.28910071,-0.11567265,0.95028442,0
-3.3909338,0.78202349,0.13891387,0.11645299,0.98105097,0.15484564,0
-2.9224815,0.45427686,-2.8473709,-0.11645299,-0.98105097,-0.15484564,0
3.0432267,0.090915203,1.0263221,0.11645299,0.98105097,0.15484564,0
2.7880123,-0.64473093,0.04984951,-0.11645299,-0.98105097,-0.15484564,0
2.8616116,-0.93390298,1.3006413,-0.11645299,-0.98105097,-0.15484564,0
-4.0951838,0.20904766,1.5683219,-0.28910071,-0.11567265,0.95028442,0
5.3113036,-0.41527981,-0.56839085,0.95018905,-0.15542944,0.27015185,0
5.0304928,-0.5466879,-1.0348678,0.28910071,0.11567265,-0.95028442,0
-3.4601908,1.0606891,-3.7207551,0.28910071,0.11567265,-0.95028442,0
-5.1517663,0.83999449,-0.0029039383,-0.95018905,0.15542944,-0.27015185,0
-5.2188978,0.31459844,1.0330966,-0.28910071,-0.11567265,0.95028442,0
-1.7684181,0.34877551,-2.8552284,-0.11645299,-0.98105097,-0.15484564,0
-0.1657517,0.24495572,2.5726476,0.11645299,0.98105097,0.15484564,0
0.83056426,-0.99656093,2.7117085,-0.28910071,-0.11567265,0.95028442,0
1.2710946,0.75458705,-1.2826637,0.11645299,0.98105097,0.15484564,0
5.028676,-0.31630814,-0.034201622,0.95018905,-0.15542944,0.27015185,0
-3.0311115,0.84762675,-3.6476147,0.28910071,0.11567265,-0.95028442,0
-4.3295851,0.61739552,-2.3552217,-0.95018905,0.15542944,-0.27015185,0
-4.1732883,0.47871882,-2.9543138,-0.11645299,-0.98105097,-0.15484564,0
0.39885783,0.65768665,-2.2568002,0.11645299,0.98105097,0.15484564,0
2.0066435,0.068049252,-1.913999,0.28910071,0.11567265,-0.95028442,0
0.25806785,0.25543523,2.6689506,0.11645299,0.98105097,0.15484564,0
5.3028126,-0.4156251,-0.56445551,0.95018905,-0.15542944,0.27015185,0
1.1208092,0.22877231,-2.0548453,0.28910071,0.11567265,-0.95028442,0
-4.178863,0.63749808,1.5346692,-0.28910071,-0.11567265,0.95028442,0
-4.9975953,1.04506,-0.96881437,-0.95018905,0.15542944,-0.27015185,0
5.1380043,-0.79064846,-0.7474246,0.95018905,-0.15542944,0.27015185,0
-5.2938309,-0.046708822,0.73879457,-0.95018905,0.15542944,-0.27015185,0
-0.42559648,1.1828423,-2.6611078,0.11645299,0.98105097,0.15484564,0
4.9287639,0.079410791,0.28947258,0.11645299,0.98105097,0.15484564,0
-3.4637532,1.5191141,-2.5242023,0.11645299,0.98105097,0.15484564,0
-4.1772165,1.0520086,-3.3614688,-0.95018905,0.15542944,-0.27015185,0
4.4566116,-1.194025,1.9870696,0.95018905,-0.15542944,0.27015185,0
-5.1903143,0.37988168,-0.19011927,-0.95018905,0.15542944,-0.27015185,0
1.3717058,-0.90149939,0.58927011,-0.11645299,-0.98105097,-0.15484564,0
2.3802323,-1.1430504,3.0054843,-0.28910071,-0.11567265,0.95028442,0
4.70332,-0.52635294,1.7722759,0.95018905,-0.15542944,0.27015185,0
-2.6570344,1.0396593,-2.2053449,0.11645299,0.98105097,0.15484564,0
5.2538438,-0.10029727,-0.67751122,0.95018905,-0.15542944,0.27015185,0
0.93020487,-0.01048398,1.7559447,0.11645299,0.98105097,0.15484564,0
5.3416438,-0.41642612,-0.42556095,0.95018905,-0.15542944,0.27015185,0
4.742239,-1.2223914,1.1113381,0.95018905,-0.15542944,0.27015185,0
-4.5574164,0.78849709,-1.4790001,-0.95018905,0.15542944,-0.27015185,0
3.5504873,-0.54187226,3.6092253,0.11645299,0.98105097,0.15484564,0
-3.070899,1.3548148,-3.0443363,0.11645299,0.98105097,0.15484564,0
-0.45859051,0.48000529,-2.622941,0.28910071,0.11567265,-0.95028442,0
5.325696,-0.044292331,-0.68112183,0.95018905,-0.15542944,0.27015185,0
2.6532578,0.33970869,-1.7498797,0.28910071,0.11567265,-0.95028442,0
2.2544997,0.3370024,0.30768132,0.11645299,0.98105097,0.15484564,0
4.9787416,-1.0403379,0.67185545,0.95018905,-0.15542944,0.27015185,0
-4.5277596,0.42131579,-2.1311779,-0.95018905,0.15542944,-0.27015185,0
-4.5947838,1.1643342,-1.9647479,-0.95018905,0.15542944,-0.27015185,0
4.7810445,-0.52265042,2.0656118,0.95018905,-0.15542944,0.27015185,0
-0.46063757,0.43264848,-2.8133681,0.28910071,0.11567265,-0.95028442,0
0.10140097,-0.68665111,1.2464488,-0.11645299,-0.98105097,-0.15484564,0
4.4072003,-1.1342864,2.242888,0.95018905,-0.15542944,0.27015185,0
3.068017,-0.60644221,-1.6377456,0.28910071,0.11567265,-0.95028442,0
-4.4311905,0.38152027,-3.0511336,-0.95018905,0.15542944,-0.27015185,0
4.6222696,-0.17418668,-1.2651289,0.28910071,0.11567265,-0.95028442,0
1.9499997,0.54780692,-1.133876,0.11645299,0.98105097,0.15484564,0
-5.5117712,0.92480683,0.87453794,-0.95018905,0.15542944,-0.27015185,0
-1.9370968,-0.28497976,-0.39536059,-0.11645299,-0.98105097,-0.15484564,0
1.6732764,0.12610394,-2.1499259,0.28910071,0.11567265,-0.95028442,0
-3.9462857,0.21450469,1.4785098,-0.28910071,-0.11567265,0.95028442,0
-3.7370865,-0.2773807,0.17389321,-0.11645299,-0.98105097,-0.15484564,0
3.1041141,-0.66476607,-0.10719204,-0.11645299,-0.98105097,-0.15484564,0
2.8450735,0.53556055,-1.3010969,0.11645299,0.98105097,0.15484564,0
-0.59915257,-0.58551455,2.4768405,-0.28910071,-0.11567265,0.95028442,0
-4.2254825,1.261843,-2.411294,-0.95018905,0.15542944,-0.27015185,0
5.1419153,-0.57542574,0.3557663,0.95018905,-0.15542944,0.27015185,0
-4.9857168,-0.047744751,-0.27077436,-0.95018905,0.15542944,-0.27015185,0
-4.5919466,0.22307336,-1.5823007,-0.95018905,0.15542944,-0.27015185,0
4.930759,-1.2421901,0.79751778,0.95018905,-0.15542944,0.27015185,0
5.51054,-0.39845267,-0.92186069,0.28910071,0.11567265,-0.95028442,0
-3.221082,0.99113983,-3.6309385,0.28910071,0.11567265,-0.95028442,0
-3.3335726,0.049389213,1.7717233,-0.28910071,-0.11567265,0.95028442,0
5.4723582,-0.40097877,-0.23376751,0.95018905,-0.15542944,0.27015185,0
-0.604141,0.61437184,-2.5425496,0.28910071,0.11567265,-0.95028442,0
3.256681,-1.1771286,3.5605807,-0.28910071,-0.11567265,0.95028442,0
-5.1484284,0.52757758,-0.64655924,-0.95018905,0.15542944,-0.27015185,0
-5.1000457,0.72924256,-0.6774025,-0.95018905,0.15542944,-0.27015185,0
-1.5200982,0.43515983,-3.0988946,0.28910071,0.11567265,-0.95028442,0
-1.8166443,-0.060853004,-2.6119194,-0.11645299,-0.98105097,-0.15484564,0
-5.2115192,0.30664092,-0.32776356,-0.95018905,0.15542944,-0.27015185,0
4.2818928,-0.59802979,3.4845443,0.95018905,-0.15542944,0.27015185,0
-0.66790009,0.67059213,0.52083778,0.11645299,0.98105097,0.15484564,0
-2.4702165,0.15125522,1.7572155,-0.28910071,-0.11567265,0.95028442,0
2.1612718,0.58744746,-0.99640292,0.11645299,0.98105097,0.15484564,0
-0.80167007,-0.78153288,2.4640341,-0.28910071,-0.11567265,0.95028442,0
3.0745952,-1.3016646,3.2497416,-0.28910071,-0.11567265,0.95028442,0
-4.2816505,0.099332213,-1.1418233,-0.11645299,-0.98105097,-0.15484564,0
-1.4503133,-0.51270247,2.1499162,-0.28910071,-0.11567265,0.95028442,0
-0.83877182,-0.77709806,2.4000816,-0.28910071,-0.11567265,0.95028442,0
4.2310886,-0.86943185,3.5634975,0.95018905,-0.15542944,0.27015185,0
5.0145359,-0.089682341,-0.91305637,0.11645299,0.98105097,0.15484564,0
3.4523959,0.26858747,-1.5263548,0.11645299,0.98105097,0.15484564,0
-4.8412986,0.38555169,-0.97609901,-0.95018905,0.15542944,-0.27015185,0
2.235213,-1.2151942,3.1589265,-0.28910071,-0.11567265,0.95028442,0
4.0386572,-0.17777956,1.3738055,0.11645299,0.98105097,0.15484564,0
2.6544251,0.035467744,0.46443963,0.11645299,0.98105097,0.15484564,0
4.5044155,-0.095033318,-1.3567548,0.28910071,0.11567265,-0.95028442,0
3.4100235,-0.64673483,-0.78417039,-0.11645299,-0.98105097,-0.15484564,0
-3.8293452,-0.2032854,0.51095176,-0.11645299,-0.98105097,-0.15484564,0
2.8044114,-0.17143583,-1.9424468,0.28910071,0.11567265,-0.95028442,0
5.6155844,-0.43163103,-0.76281404,0.95018905,-0.15542944,0.27015185,0
-5.1738129,0.51505959,-0.095078945,-0.95018905,0.15542944,-0.27015185,0
0.16639233,-0.57971168,2.592201,-0.28910071,-0.11567265,0.95028442,0
-1.1669343,0.83064783,-2.8676112,0.28910071,0.11567265,-0.95028442,0
-4.0634899,1.2894804,-3.2764831,-0.95018905,0.15542944,-0.27015185,0
-4.0202971,1.2330263,-3.0119724,-0.95018905,0.15542944,-0.27015185,0
-4.3879299,1.1500452,-1.9921322,-0.95018905,0.15542944,-0.27015185,0
-2.1474581,0.10562342,-1.3542912,-0.11645299,-0.98105097,-0.15484564,0
-4.2873631,0.56084895,-2.5264754,-0.95018905,0.15542944,-0.27015185,0
4.5163913,-0.0429492,1.3219972,0.11645299,0.98105097,0.15484564,0
4.3107085,-1.1604873,2.1471143,0.95018905,-0.15542944,0.27015185,0
