-3.0819402,-1.1576581,-0.71751285,-0.29271507,-0.13228059,0.94700563,0
1.5801983,3.1934366,0.33416462,0.54410487,0.79136872,0.27872109,0
2.0019348,-1.0133139,0.064979874,0.78630006,-0.59685624,0.15967101,0
3.4138684,1.5680425,1.2593627,0.78630006,-0.59685624,0.15967101,0
2.6980181,0.047075927,0.51988065,0.78630006,-0.59685624,0.15967101,0
1.3889513,3.2822828,0.61096144,0.54410487,0.79136872,0.27872109,0
0.54284424,-2.7705846,-0.19074321,0.78630006,-0.59685624,0.15967101,0
1.3895535,1.8657436,1.2189648,-0.29271507,-0.13228059,0.94700563,0
1.0320131,3.270628,1.2411695,0.54410487,0.79136872,0.27872109,0
-1.6815469,0.95626295,-0.59954089,-0.78630006,0.59685624,-0.15967101,0
2.1417739,2.5814419,1.4023893,0.54410487,0.79136872,0.27872109,0
-2.1960175,-1.0599722,-0.13789463,-0.29271507,-0.13228059,0.94700563,0
0.65946269,-2.4469934,-0.52168107,0.78630006,-0.59685624,0.15967101,0
1.7235314,-1.0201116,0.47542772,0.78630006,-0.59685624,0.15967101,0
0.76680773,-0.49206266,0.59496319,-0.29271507,-0.13228059,0.94700563,0
2.269664,-0.29892778,0.30909169,0.29271507,0.13228059,-0.94700563,0
1.6256136,3.2490888,0.68234491,0.54410487,0.79136872,0.27872109,0
2.2347736,2.3952334,0.83000255,0.54410487,0.79136872,0.27872109,0
1.9422535,2.5797069,0.77323151,0.54410487,0.79136872,0.27872109,0
-1.716669,-0.45778215,-0.96228623,0.29271507,0.13228059,-0.94700563,0
-0.40824527,-3.6390047,0.051054478,-0.29271507,-0.13228059,0.94700563,0
0.42218524,3.8898211,0.51097298,0.54410487,0.79136872,0.27872109,0
0.21125087,2.5333529,0.77791595,-0.29271507,-0.13228059,0.94700563,0
-0.96263176,0.31560418,0.48512641,-0.29271507,-0.13228059,0.94700563,0
0.34173363,-3.2629929,-0.26620889,0.78630006,-0.59685624,0.15967101,0
-2.3448863,-0.11710232,-0.28295588,-0.29271507,-0.13228059,0.94700563,0
-1.8477449,0.58891106,-0.44183931,-0.78630006,0.59685624,-0.15967101,0
-0.6649875,-3.9860451,-0.39347458,-0.54410487,-0.79136872,-0.27872109,0
1.9160831,2.0474095,0.51857948,0.29271507,0.13228059,-0.94700563,0
-2.5075326,-1.3832283,-1.6779603,0.29271507,0.13228059,-0.94700563,0
-0.70031494,-3.7522194,-0.18248606,-0.54410487,-0.79136872,-0.27872109,0
-3.0871587,-0.85039425,-1.2556969,-0.78630006,0.59685624,-0.15967101,0
3.0876913,1.0574098,1.2113378,0.78630006,-0.59685624,0.15967101,0
3.3331022,1.7659379,1.1381528,0.54410487,0.79136872,0.27872109,0
2.9815607,1.8679533,1.240129,0.54410487,0.79136872,0.27872109,0
1.0261637,-1.6842713,0.54577005,0.78630006,-0.59685624,0.15967101,0
-1.4141004,-1.4453107,-0.050211668,-0.29271507,-0.13228059,0.94700563,0
-2.1800675,-2.4687927,-0.62276602,-0.54410487,-0.79136872,-0.27872109,0
-3.0731142,-1.6955962,-0.62486029,-0.29271507,-0.13228059,0.94700563,0
-3.3879645,-1.7623769,-0.81511617,-0.54410487,-0.79136872,-0.27872109,0
-0.53430355,2.92519,0.46603775,-0.78630006,0.59685624,-0.15967101,0
0.62585396,-0.05401659,-0.54334378,0.29271507,0.13228059,-0.94700563,0
-0.15601654,-0.3755492,0.29104701,-0.29271507,-0.13228059,0.94700563,0
2.4384205,2.4527049,1.2982752,0.54410487,0.79136872,0.27872109,0
-0.063086569,1.9054832,-0.38511753,0.29271507,0.13228059,-0.94700563,0
-0.52468431,-3.9859235,-0.64784575,-0.54410487,-0.79136872,-0.27872109,0
-0.78962392,-3.5266747,-0.91581702,-0.54410487,-0.79136872,-0.27872109,0
0.12179911,4.0646591,1.0990796,-0.78630006,0.59685624,-0.15967101,0
-2.5620444,-1.446968,-0.48554301,-0.29271507,-0.13228059,0.94700563,0
-1.1417279,-3.3336048,-0.26465607,-0.54410487,-0.79136872,-0.27872109,0
2.3873749,2.6198297,0.57979321,0.29271507,0.13228059,-0.94700563,0
3.2302861,1.3615918,1.2670283,0.78630006,-0.59685624,0.15967101,0
1.2453945,2.3267508,1.2522261,-0.29271507,-0.13228059,0.94700563,0
-3.1199059,-1.8800081,-1.5324295,-0.54410487,-0.79136872,-0.27872109,0
1.4053401,-1.31598,0.10988182,0.78630006,-0.59685624,0.15967101,0
-0.40395558,3.0156326,0.39644456,-0.78630006,0.59685624,-0.15967101,0
-1.7286026,-3.0391166,-1.215672,-0.54410487,-0.79136872,-0.27872109,0
1.7707572,-0.58457702,0.57460481,0.78630006,-0.59685624,0.15967101,0
-3.2893081,-1.3861866,-1.4898739,-0.78630006,0.59685624,-0.15967101,0
0.68881786,-2.61903,0.15189886,0.78630006,-0.59685624,0.15967101,0
-2.5520849,-2.0160758,-1.1565952,-0.54410487,-0.79136872,-0.27872109,0
-2.9835825,-1.9936674,-0.9926784,-0.54410487,-0.79136872,-0.27872109,0
2.9416595,2.080317,0.91854477,0.54410487,0.79136872,0.27872109,0
-2.4960835,-0.69204032,-1.3701159,0.29271507,0.13228059,-0.94700563,0
2.9075587,1.8905469,1.4150205,0.54410487,0.79136872,0.27872109,0
-2.5242469,-0.58283937,-1.37651,0.29271507,0.13228059,-0.94700563,0
2.5352044,2.3386765,1.0386639,0.54410487,0.79136872,0.27872109,0
2.7493062,0.30325711,0.80618763,0.78630006,-0.59685624,0.15967101,0
1.6020328,2.9364338,0.76085997,0.54410487,0.79136872,0.27872109,0
0.72543877,-0.89783871,-0.56641835,0.29271507,0.13228059,-0.94700563,0
0.48767531,1.2589023,0.69603586,-0.29271507,-0.13228059,0.94700563,0
-1.765732,1.0979378,-0.2655203,-0.78630006,0.59685624,-0.15967101,0
-0.1084401,-2.2800815,-0.87578106,0.29271507,0.13228059,-0.94700563,0
-0.96393877,-3.2234092,-0.97087669,-0.54410487,-0.79136872,-0.27872109,0
0.5077405,-2.8797324,-0.55082178,0.78630006,-0.59685624,0.15967101,0
1.5847738,-0.96360576,0.12906583,0.78630006,-0.59685624,0.15967101,0
-0.84521961,1.3310612,0.4289487,-0.29271507,-0.13228059,0.94700563,0
-0.19758725,2.8833723,-0.14172149,-0.78630006,0.59685624,-0.15967101,0
-0.77123016,0.72026157,0.3953512,-0.29271507,-0.13228059,0.94700563,0
0.55526149,0.5582974,-0.45540035,0.29271507,0.13228059,-0.94700563,0
1.0726004,-1.1601224,-0.56312704,0.29271507,0.13228059,-0.94700563,0
3.1329947,1.8476856,0.90864158,0.54410487,0.79136872,0.27872109,0
-1.9613302,-1.6005044,-0.48225141,-0.29271507,-0.13228059,0.94700563,0
2.4645433,-0.15310419,0.57447988,0.78630006,-0.59685624,0.15967101,0
2.8702054,2.1925511,0.89465165,0.54410487,0.79136872,0.27872109,0
2.2613208,-0.057957292,1.1577028,0.78630006,-0.59685624,0.15967101,0
-0.45200646,2.552525,0.10893917,-0.78630006,0.59685624,-0.15967101,0
-3.3989687,-1.2943895,-0.81389832,-0.78630006,0.59685624,-0.15967101,0
1.3123444,-0.86962456,-0.17689097,0.29271507,0.13228059,-0.94700563,0
1.5760452,-0.092504501,0.96805298,-0.29271507,-0.13228059,0.94700563,0
-2.4292202,-2.2786696,-1.0003684,-0.54410487,-0.79136872,-0.27872109,0
-0.88004458,-0.49237657,-0.9743011,0.29271507,0.13228059,-0.94700563,0
-0.77337408,-3.4248879,-1.3609159,-0.54410487,-0.79136872,-0.27872109,0
0.84920865,0.40317839,0.81675816,-0.29271507,-0.13228059,0.94700563,0
-2.9488535,-0.97501314,-0.41120386,-0.78630006,0.59685624,-0.15967101,0
-2.0821822,0.52929682,-0.0061193705,-0.29271507,-0.13228059,0.94700563,0
-2.8487155,-0.33913219,-1.0081735,-0.78630006,0.59685624,-0.15967101,0
-3.1056414,-1.829041,-0.71526122,-0.54410487,-0.79136872,-0.27872109,0
-2.5836816,-2.1943717,-0.85619473,-0.54410487,-0.79136872,-0.27872109,0
-0.12780106,2.8067029,-0.3045876,-0.78630006,0.59685624,-0.15967101,0
2.4293268,1.9925361,0.59844756,0.29271507,0.13228059,-0.94700563,0
0.13271832,3.7832263,-0.095545769,-0.78630006,0.59685624,-0.15967101,0
-2.4932811,0.067072511,-1.1931059,-0.78630006,0.59685624,-0.15967101,0
3.3303046,1.6352158,1.8008423,0.54410487,0.79136872,0.27872109,0
-3.3661964,-1.5755776,-1.28054,-0.54410487,-0.79136872,-0.27872109,0
1.0839362,3.5158753,0.11534595,0.54410487,0.79136872,0.27872109,0
-2.0918484,-1.1674773,-0.33433461,-0.29271507,-0.13228059,0.94700563,0
0.24764508,3.9828835,0.68285513,-0.78630006,0.59685624,-0.15967101,0
-1.2216995,-3.0766156,-1.0462162,-0.54410487,-0.79136872,-0.27872109,0
2.3103678,2.6006556,1.0102391,0.54410487,0.79136872,0.27872109,0
-2.927773,-1.9874487,-1.2184741,-0.54410487,-0.79136872,-0.27872109,0
1.5759685,3.0641277,1.2306623,0.54410487,0.79136872,0.27872109,0
1.0757021,-2.3288081,-0.52289069,0.78630006,-0.59685624,0.15967101,0
-2.5511618,-1.5257331,-1.3991203,0.29271507,0.13228059,-0.94700563,0
2.3375692,1.7838386,0.57980275,0.29271507,0.13228059,-0.94700563,0
-0.40166825,2.7576802,0.19133282,-0.78630006,0.59685624,-0.15967101,0
-0.029597402,2.8732913,0.73881292,-0.29271507,-0.13228059,0.94700563,0
1.0960991,-1.8354712,-0.3112793,0.29271507,0.13228059,-0.94700563,0
-0.32286096,3.1475492,-0.19996953,-0.78630006,0.59685624,-0.15967101,0
-3.0371854,-1.9184518,-1.1930897,-0.54410487,-0.79136872,-0.27872109,0
-2.6696391,-2.4258454,-0.64068604,-0.54410487,-0.79136872,-0.27872109,0
-2.0499835,0.17056489,-1.1620843,-0.78630006,0.59685624,-0.15967101,0
-1.5528164,-0.47527969,-0.14300001,-0.29271507,-0.13228059,0.94700563,0
-0.76166797,0.13368943,0.29226738,-0.29271507,-0.13228059,0.94700563,0
3.505388,1.18337,0.83464122,0.78630006,-0.59685624,0.15967101,0
-0.077089638,0.66457838,0.53191978,-0.29271507,-0.13228059,0.94700563,0
3.3209028,1.6162436,1.3261878,0.54410487,0.79136872,0.27872109,0
-3.4033806,-1.5414236,-0.99660373,-0.54410487,-0.79136872,-0.27872109,0
-1.4548646,0.81304646,0.15196481,-0.29271507,-0.13228059,0.94700563,0
-1.2733994,-2.907038,-1.2702999,0.29271507,0.13228059,-0.94700563,0
3.2420256,1.0231597,0.67729282,0.78630006,-0.59685624,0.15967101,0
-0.11428446,1.1518358,-0.23994315,0.29271507,0.13228059,-0.94700563,0
0.37136674,2.3122249,0.8477807,-0.29271507,-0.13228059,0.94700563,0
-1.4415221,1.4054416,0.091675162,-0.78630006,0.59685624,-0.15967101,0
-1.1959758,-3.1803658,-0.68932748,-0.54410487,-0.79136872,-0.27872109,0
3.3242774,1.7023644,1.0352473,0.54410487,0.79136872,0.27872109,0
-0.2306062,-3.6279862,-0.72646642,0.78630006,-0.59685624,0.15967101,0
-2.9632208,-1.6249927,-1.8093934,-0.54410487,-0.79136872,-0.27872109,0
-3.1169927,-2.0379896,-0.59148216,-0.29271507,-0.13228059,0.94700563,0
1.5036064,3.1919229,0.9979322,0.54410487,0.79136872,0.27872109,0
-0.074634492,2.6977632,0.8302598,-0.29271507,-0.13228059,0.94700563,0
2.5709081,0.11776733,0.34815574,0.78630006,-0.59685624,0.15967101,0
1.9780124,-0.53947985,0.45767576,0.78630006,-0.59685624,0.15967101,0
0.63428676,-1.6755531,-0.76781082,0.29271507,0.13228059,-0.94700563,0
-3.3934104,-1.8685038,-0.92282057,-0.54410487,-0.79136872,-0.27872109,0
0.57029998,-2.4871743,-0.52910876,0.78630006,-0.59685624,0.15967101,0
2.1573174,-0.02664423,0.89265734,0.78630006,-0.59685624,0.15967101,0
-1.1347113,-3.0702755,-1.2975962,-0.54410487,-0.79136872,-0.27872109,0
2.776257,2.4600151,0.68891597,0.54410487,0.79136872,0.27872109,0
2.6677682,0.57120359,0.97633457,0.78630006,-0.59685624,0.15967101,0
1.7167664,3.200386,0.47665167,0.54410487,0.79136872,0.27872109,0
0.16064185,3.8579767,0.38909817,-0.78630006,0.59685624,-0.15967101,0
-0.57808387,-3.4076316,-1.0811293,-0.54410487,-0.79136872,-0.27872109,0
0.90889561,-2.2805514,-0.7452774,0.78630006,-0.59685624,0.15967101,0
-2.146749,-2.870729,-0.88273454,-0.54410487,-0.79136872,-0.27872109,0
2.5870764,2.1783409,0.90477562,0.54410487,0.79136872,0.27872109,0
-2.0296898,-2.594229,-1.3435581,-0.54410487,-0.79136872,-0.27872109,0
-0.016439378,0.5084582,-0.4819479,0.29271507,0.13228059,-0.94700563,0
1.8282192,0.83334076,1.0542781,-0.29271507,-0.13228059,0.94700563,0
-1.4780481,-3.1022148,-0.7548008,-0.54410487,-0.79136872,-0.27872109,0
2.4943466,1.2475293,0.32776117,0.29271507,0.13228059,-0.94700563,0
0.10005039,3.5386894,1.1858881,-0.29271507,-0.13228059,0.94700563,0
3.0744054,0.96596432,1.3946623,0.78630006,-0.59685624,0.15967101,0
0.18242818,1.9242644,-0.35464835,0.29271507,0.13228059,-0.94700563,0
3.39921,1.8450029,0.80525684,0.54410487,0.79136872,0.27872109,0
-0.9752807,-3.366513,-1.0964446,-0.54410487,-0.79136872,-0.27872109,0
3.2101951,1.8385552,1.2940032,0.54410487,0.79136872,0.27872109,0
-1.297332,-3.0904131,-1.1012623,-0.54410487,-0.79136872,-0.27872109,0
-1.2723985,-0.42115426,-1.048121,0.29271507,0.13228059,-0.94700563,0
-0.65668297,-1.9315535,0.14527798,-0.29271507,-0.13228059,0.94700563,0
-2.3537474,-1.564963,-1.3597829,0.29271507,0.13228059,-0.94700563,0
0.50692385,3.773051,0.37687063,0.54410487,0.79136872,0.27872109,0
-2.8962622,-2.1900408,-1.2778547,-0.54410487,-0.79136872,-0.27872109,0
2.884402,0.66359162,1.3247051,0.78630006,-0.59685624,0.15967101,0
2.6056547,0.53077364,1.1832621,0.78630006,-0.59685624,0.15967101,0
2.9784219,1.1264263,1.7898936,0.78630006,-0.59685624,0.15967101,0
1.5451961,3.1339669,1.2273104,0.54410487,0.79136872,0.27872109,0
1.5228317,0.49533248,1.0318944,-0.29271507,-0.13228059,0.94700563,0
2.4272418,-0.0035712719,0.55717891,0.78630006,-0.59685624,0.15967101,0
-1.4780273,-3.0312555,-0.37549233,-0.54410487,-0.79136872,-0.27872109,0
1.5874674,2.8312955,0.50148916,0.29271507,0.13228059,-0.94700563,0
-1.2289562,1.5776236,0.011107445,-0.78630006,0.59685624,-0.15967101,0
-0.14207222,-0.39197046,-0.4196575,0.29271507,0.13228059,-0.94700563,0
1.792266,-1.1412567,0.36944133,0.78630006,-0.59685624,0.15967101,0
-0.81885409,-3.495697,-0.73809958,-0.54410487,-0.79136872,-0.27872109,0
0.37111294,3.8619733,0.74686813,0.54410487,0.79136872,0.27872109,0
-0.41580707,2.6174095,0.87175226,-0.29271507,-0.13228059,0.94700563,0
2.1489806,2.6507003,1.0031562,0.54410487,0.79136872,0.27872109,0
-2.2308478,-0.1078335,-1.0563784,-0.78630006,0.59685624,-0.15967101,0
-1.1584607,1.7178208,0.33599007,-0.78630006,0.59685624,-0.15967101,0
2.2117298,-0.61148351,0.18168592,0.78630006,-0.59685624,0.15967101,0
-0.79951358,0.81927729,-0.81993783,0.29271507,0.13228059,-0.94700563,0
-2.8892374,-0.86504263,-0.695611,-0.78630006,0.59685624,-0.15967101,0
-0.70782202,-2.2529776,-0.0026612282,-0.29271507,-0.13228059,0.94700563,0
0.095904231,-3.6593337,-0.88971591,0.29271507,0.13228059,-0.94700563,0
3.1860797,1.9593178,1.3274598,0.54410487,0.79136872,0.27872109,0
-2.9906352,-1.8622888,-1.3105571,-0.54410487,-0.79136872,-0.27872109,0
-2.9037735,-2.0510037,-1.1757925,-0.54410487,-0.79136872,-0.27872109,0
-2.8524466,-2.0188937,-1.596132,-0.54410487,-0.79136872,-0.27872109,0
-1.6067204,-3.0880098,-0.66732836,-0.54410487,-0.79136872,-0.27872109,0
2.8825245,2.2730021,1.071763,0.54410487,0.79136872,0.27872109,0
-1.507736,-3.1428328,-1.3017797,-0.54410487,-0.79136872,-0.27872109,0
1.22743,3.7017274,0.25507307,0.54410487,0.79136872,0.27872109,0
1.6290137,3.0810013,0.71346879,0.54410487,0.79136872,0.27872109,0
-0.18021667,3.3502002,0.72194505,-0.78630006,0.59685624,-0.15967101,0
1.280293,3.0618157,0.73417759,0.54410487,0.79136872,0.27872109,0
-0.13796182,-0.51382005,-0.44843417,0.29271507,0.13228059,-0.94700563,0
2.4562473,1.4986378,1.6990767,-0.29271507,-0.13228059,0.94700563,0
-1.4254019,1.149207,0.036134124,-0.78630006,0.59685624,-0.15967101,0
-2.063509,0.46488288,-0.53330642,-0.78630006,0.59685624,-0.15967101,0
0.64036864,-2.6187563,-0.035070181,0.78630006,-0.59685624,0.15967101,0
1.8283314,2.7636194,0.96840882,0.54410487,0.79136872,0.27872109,0
0.88248831,0.12582566,-0.3180483,0.29271507,0.13228059,-0.94700563,0
0.53472579,3.8481317,0.11384439,0.54410487,0.79136872,0.27872109,0
-0.57734579,2.8464103,0.37858939,-0.78630006,0.59685624,-0.15967101,0
0.63717204,3.3379374,1.1747088,0.54410487,0.79136872,0.27872109,0
-0.42782655,0.24108446,0.46296555,-0.29271507,-0.13228059,0.94700563,0
-1.6393594,-2.981976,-1.0460279,-0.54410487,-0.79136872,-0.27872109,0
3.3156664,1.5693332,1.4260328,0.54410487,0.79136872,0.27872109,0
3.409337,1.1042244,0.95404458,0.78630006,-0.59685624,0.15967101,0
-2.5494976,-2.0271525,-1.2434835,-0.54410487,-0.79136872,-0.27872109,0
-2.5668087,-2.0856743,-1.0452089,-0.54410487,-0.79136872,-0.27872109,0
0.74846649,-2.182075,-0.02771616,0.78630006,-0.59685624,0.15967101,0
2.0654402,-0.45870224,0.51635873,0.78630006,-0.59685624,0.15967101,0
-3.2564888,-1.6829151,-1.754493,-0.54410487,-0.79136872,-0.27872109,0
-3.4435723,-1.4511682,-0.58290482,-0.29271507,-0.13228059,0.94700563,0
-1.5918689,-3.2049611,-0.29839325,-0.54410487,-0.79136872,-0.27872109,0
0.032613695,-3.2701387,-1.1347778,0.29271507,0.13228059,-0.94700563,0
3.4717038,1.7000505,0.90894675,0.54410487,0.79136872,0.27872109,0
-0.21178448,-0.60802013,-0.60394728,0.29271507,0.13228059,-0.94700563,0
-0.5038926,-3.8713675,-0.57080078,-0.54410487,-0.79136872,-0.27872109,0
-3.0182638,-1.6196297,-1.5901728,-0.54410487,-0.79136872,-0.27872109,0
2.1668849,2.8739095,0.60697293,0.54410487,0.79136872,0.27872109,0
-0.87456882,-3.4427373,-1.126313,-0.54410487,-0.79136872,-0.27872109,0
3.4655304,1.4693594,0.72940755,0.78630006,-0.59685624,0.15967101,0
0.1454684,-0.99271113,-0.75788456,0.29271507,0.13228059,-0.94700563,0
2.4351044,0.1368959,0.58656013,0.78630006,-0.59685624,0.15967101,0
-0.23857653,-3.8945975,-1.0947502,-0.54410487,-0.79136872,-0.27872109,0
2.086601,-0.66358161,0.74796468,0.78630006,-0.59685624,0.15967101,0
0.2545619,3.8737047,0.57579899,-0.78630006,0.59685624,-0.15967101,0
0.88436383,-2.5056465,-0.43925214,0.78630006,-0.59685624,0.15967101,0
-0.76524776,2.6310027,0.36072993,-0.78630006,0.59685624,-0.15967101,0
-1.9918833,0.36136246,-0.52745938,-0.78630006,0.59685624,-0.15967101,0
-0.46066684,-3.9577279,-0.39039516,-0.54410487,-0.79136872,-0.27872109,0
-2.3979273,-2.1311705,-1.3470726,-0.54410487,-0.79136872,-0.27872109,0
1.9040583,0.34640419,1.2407137,-0.29271507,-0.13228059,0.94700563,0
-1.0287855,-2.2234554,0.042201996,-0.29271507,-0.13228059,0.94700563,0
0.055533931,-1.0447117,-0.68462348,0.29271507,0.13228059,-0.94700563,0
-2.7672758,-0.54777467,-0.58212149,-0.78630006,0.59685624,-0.15967101,0
-2.6615076,-1.4610379,-1.4188862,0.29271507,0.13228059,-0.94700563,0
0.39861244,-0.12294215,-0.63224792,0.29271507,0.13228059,-0.94700563,0
1.1732991,3.0704746,1.3096979,0.54410487,0.79136872,0.27872109,0
1.032346,3.4820271,0.36857414,0.54410487,0.79136872,0.27872109,0
-1.3733318,1.2924544,-0.64027917,-0.78630006,0.59685624,-0.15967101,0
-0.56943679,2.9169867,0.3791256,-0.78630006,0.59685624,-0.15967101,0
-1.982067,0.64573526,-0.72264624,-0.78630006,0.59685624,-0.15967101,0
-0.9397645,-2.935168,-1.3933361,0.29271507,0.13228059,-0.94700563,0
-0.2602663,-3.7414782,-0.63533401,0.78630006,-0.59685624,0.15967101,0
0.66565037,2.5551643,1.2652888,-0.29271507,-0.13228059,0.94700563,0
-1.4831424,0.030921895,0.011429608,-0.29271507,-0.13228059,0.94700563,0
0.6043191,2.9945812,0.090080738,0.29271507,0.13228059,-0.94700563,0
0.42110404,3.9552925,1.1421747,0.54410487,0.79136872,0.27872109,0
-1.6636584,-2.7773392,-0.71979094,-0.54410487,-0.79136872,-0.27872109,0
-0.71226817,2.1955478,0.41754365,-0.78630006,0.59685624,-0.15967101,0
3.3111374,1.580472,1.2545838,0.54410487,0.79136872,0.27872109,0
-1.5930309,-3.0807452,-0.63529706,-0.54410487,-0.79136872,-0.27872109,0
-1.1790762,0.64353168,0.12881584,-0.29271507,-0.13228059,0.94700563,0
-3.1727867,-1.8200581,-1.0204849,-0.54410487,-0.79136872,-0.27872109,0
1.9976758,0.7814616,0.32705319,0.29271507,0.13228059,-0.94700563,0
1.2502954,-1.8420756,0.4070549,0.78630006,-0.59685624,0.15967101,0
3.7211099,1.7584611,0.77539396,0.54410487,0.79136872,0.27872109,0
0.8160404,0.63448554,-0.014089346,0.29271507,0.13228059,-0.94700563,0
1.1682434,3.2955716,0.85444474,0.54410487,0.79136872,0.27872109,0
-2.6553383,-1.9816924,-1.2635155,-0.54410487,-0.79136872,-0.27872109,0
-0.55153984,-4.0228295,-0.34719849,-0.54410487,-0.79136872,-0.27872109,0
-2.4739966,0.0065869093,-0.65721005,-0.78630006,0.59685624,-0.15967101,0
3.5023472,1.6701895,1.2233999,0.54410487,0.79136872,0.27872109,0
-2.1480098,0.45792842,-1.2594775,-0.78630006,0.59685624,-0.15967101,0
0.098056674,3.2740035,0.47220898,-0.78630006,0.59685624,-0.15967101,0
2.3745401,2.5083156,1.0871806,0.54410487,0.79136872,0.27872109,0
0.30148047,-1.9342633,-0.83202386,0.29271507,0.13228059,-0.94700563,0
2.6957459,2.2972314,1.3382566,0.54410487,0.79136872,0.27872109,0
0.042841911,3.3513317,-0.086369038,-0.78630006,0.59685624,-0.15967101,0
2.8750253,2.0661635,1.6535406,0.54410487,0.79136872,0.27872109,0
0.94229281,-2.096981,-0.37116718,0.29271507,0.13228059,-0.94700563,0
-1.7810538,-2.6208854,-1.2763002,-0.54410487,-0.79136872,-0.27872109,0
-0.49682498,-3.9014378,-0.16482735,-0.29271507,-0.13228059,0.94700563,0
-2.4591098,-2.6680679,-0.72567105,-0.54410487,-0.79136872,-0.27872109,0
-2.4405248,0.14638913,-0.62956184,-0.78630006,0.59685624,-0.15967101,0
0.40483052,3.9570889,0.73233938,0.54410487,0.79136872,0.27872109,0
1.9605505,2.5955243,1.1931529,0.54410487,0.79136872,0.27872109,0
-0.008461386,-0.039070904,-0.5799101,0.29271507,0.13228059,-0.94700563,0
-1.395169,1.2128209,-0.31547642,-0.78630006,0.59685624,-0.15967101,0
-0.049525857,-3.373616,-0.095065355,0.78630006,-0.59685624,0.15967101,0
-3.1510963,-1.0060968,-1.030829,-0.78630006,0.59685624,-0.15967101,0
-0.1373719,3.2621334,0.58038712,-0.78630006,0.59685624,-0.15967101,0
2.4507163,2.448307,1.2654762,0.54410487,0.79136872,0.27872109,0
-1.8676441,0.7810418,-0.86830866,-0.78630006,0.59685624,-0.15967101,0
2.168467,1.0562111,1.2197961,-0.29271507,-0.13228059,0.94700563,0
-0.017725945,-3.5284019,-0.90465498,0.78630006,-0.59685624,0.15967101,0
-0.40075099,1.5590947,0.77286673,-0.29271507,-0.13228059,0.94700563,0
0.036829591,3.4746284,1.1649172,-0.29271507,-0.13228059,0.94700563,0
-1.5905068,0.94372332,0.013658851,-0.78630006,0.59685624,-0.15967101,0
1.1910659,-0.053028852,-0.21235782,0.29271507,0.13228059,-0.94700563,0
-0.68529713,-3.6119215,-0.58644533,-0.54410487,-0.79136872,-0.27872109,0
-2.8949049,-1.9105773,-1.2769403,-0.54410487,-0.79136872,-0.27872109,0
2.0016227,-0.85189998,0.72367811,0.78630006,-0.59685624,0.15967101,0
-2.568552,-1.5487214,-1.7049007,0.29271507,0.13228059,-0.94700563,0
-1.0000162,-0.11671853,-0.81591135,0.29271507,0.13228059,-0.94700563,0
-2.4238508,-1.6746844,-0.26461506,-0.29271507,-0.13228059,0.94700563,0
-0.55418205,1.8162141,0.65269756,-0.29271507,-0.13228059,0.94700563,0
2.8884451,0.63935161,1.0117102,0.78630006,-0.59685624,0.15967101,0
2.802032,2.0373402,0.61220741,0.29271507,0.13228059,-0.94700563,0
1.8549309,-0.57692391,0.86765802,0.78630006,-0.59685624,0.15967101,0
3.4562926,1.8388586,0.93821812,0.54410487,0.79136872,0.27872109,0
0.38494641,0.80294555,-0.39877498,0.29271507,0.13228059,-0.94700563,0
1.9185307,3.0586879,0.83602691,0.54410487,0.79136872,0.27872109,0
0.69057602,-2.3358788,-0.52280092,0.29271507,0.13228059,-0.94700563,0
3.3925343,1.1666144,1.3363197,0.78630006,-0.59685624,0.15967101,0
-1.9457803,0.73667586,-0.7642464,-0.78630006,0.59685624,-0.15967101,0
3.6916533,1.6107905,1.0185816,0.54410487,0.79136872,0.27872109,0
-2.543139,-0.53827584,-1.4006652,0.29271507,0.13228059,-0.94700563,0
-3.137537,-0.74943197,-0.85808027,-0.78630006,0.59685624,-0.15967101,0
2.7875023,0.7631762,1.3365791,0.78630006,-0.59685624,0.15967101,0
2.6324425,0.39302421,1.2591689,0.78630006,-0.59685624,0.15967101,0
0.73588181,-2.3058031,-0.16050982,0.78630006,-0.59685624,0.15967101,0
-0.76796353,0.55557203,-0.64538848,0.29271507,0.13228059,-0.94700563,0
0.55859929,-2.3762007,-0.86909604,0.29271507,0.13228059,-0.94700563,0
-1.3505418,-1.391315,0.031970501,-0.29271507,-0.13228059,0.94700563,0
2.7109051,0.82057333,1.1873547,0.78630006,-0.59685624,0.15967101,0
-1.7247667,-3.2467799,-0.68132925,-0.54410487,-0.79136872,-0.27872109,0
-0.64013779,2.5452106,0.063947439,-0.78630006,0.59685624,-0.15967101,0
1.2352066,2.9843984,1.1399508,0.54410487,0.79136872,0.27872109,0
0.89184129,1.6782984,-0.099074125,0.29271507,0.13228059,-0.94700563,0
-2.807301,-2.0158248,-0.90486956,-0.54410487,-0.79136872,-0.27872109,0
0.39829394,3.6740689,0.99866056,0.54410487,0.79136872,0.27872109,0
-0.85888582,2.1153774,-0.088080287,-0.78630006,0.59685624,-0.15967101,0
-2.0993159,-2.6453173,-0.66729975,-0.54410487,-0.79136872,-0.27872109,0
-0.7767213,-3.9813666,-0.43124342,-0.54410487,-0.79136872,-0.27872109,0
2.8028357,0.6721319,0.65861487,0.78630006,-0.59685624,0.15967101,0
0.7260232,-0.853589,0.50637913,-0.29271507,-0.13228059,0.94700563,0
-2.4667263,-0.0087683201,-0.80608857,-0.78630006,0.59685624,-0.15967101,0
2.3980906,0.12268114,1.1059771,0.78630006,-0.59685624,0.15967101,0
-3.0288246,-1.1346511,-0.58390069,-0.29271507,-0.13228059,0.94700563,0
-0.39701366,-3.6306307,-1.0914943,-0.54410487,-0.79136872,-0.27872109,0
3.3015685,1.3244919,1.5151367,0.78630006,-0.59685624,0.15967101,0
-0.61883253,-3.5974655,-0.45678091,-0.54410487,-0.79136872,-0.27872109,0
0.68961817,-2.3141561,0.35409284,0.78630006,-0.59685624,0.15967101,0
-1.6902277,-0.1300782,0.057694197,-0.29271507,-0.13228059,0.94700563,0
0.74855137,3.9206655,0.3793745,0.54410487,0.79136872,0.27872109,0
-0.26245338,-2.6419213,-1.012605,0.29271507,0.13228059,-0.94700563,0
-1.4822072,-0.09613061,-0.93900138,0.29271507,0.13228059,-0.94700563,0
-0.32419413,-2.7413838,-0.034300089,-0.29271507,-0.13228059,0.94700563,0
-1.2312119,-3.1844373,-0.63327909,-0.54410487,-0.79136872,-0.27872109,0
-0.52830029,2.322706,-0.47314405,0.29271507,0.13228059,-0.94700563,0
-0.36202142,-2.1796656,0.0049715042,-0.29271507,-0.13228059,0.94700563,0
-3.3950136,-1.3869056,-1.315099,-0.54410487,-0.79136872,-0.27872109,0
1.1706786,3.3229296,1.2626758,0.54410487,0.79136872,0.27872109,0
1.7596352,2.6256258,1.1534746,0.54410487,0.79136872,0.27872109,0
-0.68003625,-2.5485523,-0.026541471,-0.29271507,-0.13228059,0.94700563,0
2.0043626,2.8052509,1.276587,0.54410487,0.79136872,0.27872109,0
3.0730028,1.9864794,0.60298872,0.54410487,0.79136872,0.27872109,0
-3.1812201,-1.600785,-0.88908052,-0.29271507,-0.13228059,0.94700563,0
-0.18209374,-3.8123736,-0.72591615,0.78630006,-0.59685624,0.15967101,0
-0.69280672,-2.5925846,0.12843704,-0.29271507,-0.13228059,0.94700563,0
-2.8833351,-0.5896616,-1.2520088,-0.78630006,0.59685624,-0.15967101,0
0.35377565,3.5237172,1.1545315,0.54410487,0.79136872,0.27872109,0
0.63234603,3.4487793,0.18885708,0.29271507,0.13228059,-0.94700563,0
-2.6188707,-2.0438433,-1.2054646,-0.54410487,-0.79136872,-0.27872109,0
-2.7692318,-1.9090227,-1.6779783,0.29271507,0.13228059,-0.94700563,0
-1.0107547,-3.7356889,-0.56863785,-0.54410487,-0.79136872,-0.27872109,0
1.5022836,3.0601509,0.45589709,0.29271507,0.13228059,-0.94700563,0
-0.060858786,-2.5466468,0.32978225,-0.29271507,-0.13228059,0.94700563,0
1.1506524,-1.7174455,-0.027865529,0.78630006,-0.59685624,0.15967101,0
0.43445009,-1.1998574,0.40901339,-0.29271507,-0.13228059,0.94700563,0
-2.8161042,-0.52980363,-1.0870143,-0.78630006,0.59685624,-0.15967101,0
2.0892732,1.0188673,1.4079453,-0.29271507,-0.13228059,0.94700563,0
2.1409612,2.4577408,1.2310138,0.54410487,0.79136872,0.27872109,0
3.0022154,0.8429476,1.2700005,0.78630006,-0.59685624,0.15967101,0
3.4058912,1.4171469,1.2853518,0.78630006,-0.59685624,0.15967101,0
-1.0463009,0.46275222,0.29839498,-0.29271507,-0.13228059,0.94700563,0
2.3578742,0.080089927,0.86717027,0.78630006,-0.59685624,0.15967101,0
-0.41664821,-3.7741463,-0.51215124,-0.54410487,-0.79136872,-0.27872109,0
-0.49058825,-1.5176048,0.065355182,-0.29271507,-0.13228059,0.94700563,0
1.1721423,2.9449952,1.4297917,0.54410487,0.79136872,0.27872109,0
1.7064936,2.2887273,0.4760344,0.29271507,0.13228059,-0.94700563,0
1.9055879,-0.88772726,0.0077969986,0.78630006,-0.59685624,0.15967101,0
-1.546093,-3.263958,-0.97967792,-0.54410487,-0.79136872,-0.27872109,0
1.0024109,-1.7705433,-0.18006885,0.78630006,-0.59685624,0.15967101,0
-0.31506896,3.0635886,0.68282938,-0.78630006,0.59685624,-0.15967101,0
1.495344,-1.4112232,-0.12367845,0.78630006,-0.59685624,0.15967101,0
-3.2842546,-1.9714293,-1.20924,-0.54410487,-0.79136872,-0.27872109,0
1.1647869,3.4181635,0.95993614,0.54410487,0.79136872,0.27872109,0
1.8641682,-0.37690079,0.97117794,0.78630006,-0.59685624,0.15967101,0
-0.19445938,-3.5990963,-0.8126688,0.78630006,-0.59685624,0.15967101,0
-0.8857286,-0.92151487,0.31260002,-0.29271507,-0.13228059,0.94700563,0
0.69726324,3.7630017,0.89383602,0.54410487,0.79136872,0.27872109,0
2.6690545,2.0082624,1.0089467,0.54410487,0.79136872,0.27872109,0
2.8609662,1.8695048,1.5694234,0.54410487,0.79136872,0.27872109,0
2.9853663,1.9108018,1.5359259,-0.29271507,-0.13228059,0.94700563,0
1.6708018,-1.0785599,-0.013311833,0.78630006,-0.59685624,0.15967101,0
-0.77599269,0.37963885,0.14056718,-0.29271507,-0.13228059,0.94700563,0
2.4058778,2.3781867,1.4019117,0.54410487,0.79136872,0.27872109,0
3.2895205,1.0907376,1.252387,0.78630006,-0.59685624,0.15967101,0
-1.7769439,-3.2817698,-0.47731543,-0.54410487,-0.79136872,-0.27872109,0
0.52775043,1.1445124,0.9836095,-0.29271507,-0.13228059,0.94700563,0
-0.16846627,-1.7100663,0.076212764,-0.29271507,-0.13228059,0.94700563,0
1.1969149,-0.13077781,0.014582306,0.29271507,0.13228059,-0.94700563,0
-3.2012608,-1.6884702,-1.5586851,-0.54410487,-0.79136872,-0.27872109,0
-0.33051723,2.9808722,0.1963973,-0.78630006,0.59685624,-0.15967101,0
2.6945567,0.11947817,0.37950099,0.78630006,-0.59685624,0.15967101,0
0.5084635,-2.966418,-0.19136739,0.78630006,-0.59685624,0.15967101,0
-1.4130484,-3.3204062,-0.57562923,-0.54410487,-0.79136872,-0.27872109,0
-2.3157029,0.092083097,-0.86466289,-0.78630006,0.59685624,-0.15967101,0
-2.0400357,-1.6928709,-1.2613916,0.29271507,0.13228059,-0.94700563,0
-2.0878949,-1.3381855,-0.49031305,-0.29271507,-0.13228059,0.94700563,0
1.601609,-1.062587,-0.13384682,0.78630006,-0.59685624,0.15967101,0
-0.0075226724,-1.2579427,-0.65420437,0.29271507,0.13228059,-0.94700563,0
-2.3257113,0.24314582,-1.1362808,-0.78630006,0.59685624,-0.15967101,0
-1.9398122,-2.9415441,-0.60397983,-0.54410487,-0.79136872,-0.27872109,0
-1.143301,-2.7858281,-1.0603535,0.29271507,0.13228059,-0.94700563,0
-2.0917406,-2.4171526,-1.2719686,-0.54410487,-0.79136872,-0.27872109,0
-1.2475557,-2.5748785,-0.24730444,-0.29271507,-0.13228059,0.94700563,0
2.9489577,2.0724463,1.4784892,0.54410487,0.79136872,0.27872109,0
0.2665264,-1.0118475,-0.68884647,0.29271507,0.13228059,-0.94700563,0
1.6562761,2.9453657,1.4485788,-0.29271507,-0.13228059,0.94700563,0
-0.045088217,0.36693984,0.77311242,-0.29271507,-0.13228059,0.94700563,0
-0.20957373,-0.66788244,-0.58472383,0.29271507,0.13228059,-0.94700563,0
-2.0506821,-2.3006661,-0.30624199,-0.29271507,-0.13228059,0.94700563,0
1.3658618,-1.399025,0.28689969,0.78630006,-0.59685624,0.15967101,0
-1.5664905,-3.1029203,-1.047153,-0.54410487,-0.79136872,-0.27872109,0
2.4191256,0.43373644,1.2774572,0.78630006,-0.59685624,0.15967101,0
-2.2238114,-0.25301468,-1.2193292,0.29271507,0.13228059,-0.94700563,0
2.2788937,2.2809927,1.3593035,0.54410487,0.79136872,0.27872109,0
-1.0706062,2.0420544,0.45234931,-0.29271507,-0.13228059,0.94700563,0
-0.29405871,2.5914791,0.94117689,-0.29271507,-0.13228059,0.94700563,0
2.0910738,2.8264701,0.6014514,0.54410487,0.79136872,0.27872109,0
1.0500612,-0.2072764,-0.22894304,0.29271507,0.13228059,-0.94700563,0
1.0643616,-2.03407,-0.34554863,0.78630006,-0.59685624,0.15967101,0
-1.6681629,-3.095732,-0.36028099,-0.54410487,-0.79136872,-0.27872109,0
0.09118855,-0.41211861,0.61081994,-0.29271507,-0.13228059,0.94700563,0
-1.2839251,-2.7422309,-0.13070226,-0.29271507,-0.13228059,0.94700563,0
0.65367377,3.6400771,0.43483448,0.54410487,0.79136872,0.27872109,0
-0.62999642,-3.4521108,-1.1063602,-0.54410487,-0.79136872,-0.27872109,0
0.33846289,-3.0987594,-0.14105058,0.78630006,-0.59685624,0.15967101,0
-3.0409143,-1.9983832,-1.5754056,-0.54410487,-0.79136872,-0.27872109,0
0.7684117,-1.5142319,0.44646001,-0.29271507,-0.13228059,0.94700563,0
-1.3088074,0.92997706,-0.91137391,0.29271507,0.13228059,-0.94700563,0
-0.4651596,-0.462715,0.23193109,-0.29271507,-0.13228059,0.94700563,0
0.69709277,3.7818232,0.70108652,0.54410487,0.79136872,0.27872109,0
-0.6283077,-3.9390254,-0.76340675,-0.54410487,-0.79136872,-0.27872109,0
-0.67276704,-1.4656094,-0.93964195,0.29271507,0.13228059,-0.94700563,0
0.12637997,3.8312578,0.194664,0.29271507,0.13228059,-0.94700563,0
2.0781462,2.7772417,1.268486,0.54410487,0.79136872,0.27872109,0
1.3680865,1.9390815,1.191999,-0.29271507,-0.13228059,0.94700563,0
0.16267431,-2.5670688,-0.82274199,0.29271507,0.13228059,-0.94700563,0
-2.9743669,-1.4749763,-1.7453029,0.29271507,0.13228059,-0.94700563,0
-1.6898375,1.4010105,0.21723574,-0.78630006,0.59685624,-0.15967101,0
-1.2232146,-3.2819295,-0.58599186,-0.54410487,-0.79136872,-0.27872109,0
1.402954,3.0790348,1.4161844,0.54410487,0.79136872,0.27872109,0
2.617352,0.69831431,1.22533,0.78630006,-0.59685624,0.15967101,0
0.4767375,-2.7122841,-0.088493824,0.78630006,-0.59685624,0.15967101,0
-1.0678093,-3.174684,-0.056939602,-0.29271507,-0.13228059,0.94700563,0
1.5966825,2.8287401,1.0622563,0.54410487,0.79136872,0.27872109,0
3.5486784,1.8738359,0.88262177,0.54410487,0.79136872,0.27872109,0
-1.5525502,-2.7291806,-1.3153687,0.29271507,0.13228059,-0.94700563,0
-2.1801269,-1.0101793,-1.2993112,0.29271507,0.13228059,-0.94700563,0
-0.62349838,2.5168154,0.36058235,-0.78630006,0.59685624,-0.15967101,0
2.2558208,2.5925007,1.0940127,0.54410487,0.79136872,0.27872109,0
-0.049289554,2.1654782,0.98805726,-0.29271507,-0.13228059,0.94700563,0
2.5338869,1.1304523,1.2981859,-0.29271507,-0.13228059,0.94700563,0
-0.71667409,-3.861659,-0.2508893,-0.54410487,-0.79136872,-0.27872109,0
1.6666801,2.9412127,0.26143289,0.54410487,0.79136872,0.27872109,0
-0.22002967,-0.86602306,-0.65491903,0.29271507,0.13228059,-0.94700563,0
1.5406568,2.4990559,1.3481698,-0.29271507,-0.13228059,0.94700563,0
-2.9148374,-1.0178478,-0.90265584,-0.78630006,0.59685624,-0.15967101,0
-3.1795466,-1.1388671,-0.75711513,-0.78630006,0.59685624,-0.15967101,0
-0.68966591,-3.0608566,0.0077328682,-0.29271507,-0.13228059,0.94700563,0
1.9041811,-0.80223811,1.0320936,0.78630006,-0.59685624,0.15967101,0
3.0466287,2.1419883,1.1524737,0.54410487,0.79136872,0.27872109,0
3.1921663,1.7958767,1.529433,0.54410487,0.79136872,0.27872109,0
1.1543254,1.1843777,-0.13021171,0.29271507,0.13228059,-0.94700563,0
-0.63915807,2.3523827,0.076860189,-0.78630006,0.59685624,-0.15967101,0
2.6235068,1.6763699,1.6684511,-0.29271507,-0.13228059,0.94700563,0
-0.45554739,-0.29550445,0.2074959,-0.29271507,-0.13228059,0.94700563,0
0.65686834,-1.1979148,0.49941057,-0.29271507,-0.13228059,0.94700563,0
-0.37508655,-3.6331439,-0.43449426,0.78630006,-0.59685624,0.15967101,0
-1.6118472,0.85699189,-0.70279682,-0.78630006,0.59685624,-0.15967101,0
-1.7839875,-2.8765864,-1.3581283,-0.54410487,-0.79136872,-0.27872109,0
-0.77783,2.6287317,0.35289741,-0.78630006,0.59685624,-0.15967101,0
0.24204117,1.9375415,-0.097616911,0.29271507,0.13228059,-0.94700563,0
0.024899259,0.47120011,0.57523465,-0.29271507,-0.13228059,0.94700563,0
0.8375541,-1.7715271,-0.44131207,0.29271507,0.13228059,-0.94700563,0
-1.8028578,-3.0193095,-0.51777697,-0.54410487,-0.79136872,-0.27872109,0
-0.21653646,2.244976,-0.38524127,0.29271507,0.13228059,-0.94700563,0
-0.19247723,-3.9571049,-1.0407078,0.78630006,-0.59685624,0.15967101,0
-0.0061098337,3.2839007,0.11818838,-0.78630006,0.59685624,-0.15967101,0
-1.1468717,1.4531615,-0.49265933,-0.78630006,0.59685624,-0.15967101,0
-0.70052737,-0.61393958,-0.91809714,0.29271507,0.13228059,-0.94700563,0
3.3113604,1.7965722,1.0948822,0.54410487,0.79136872,0.27872109,0
-0.58262682,0.61543107,-0.4740808,0.29271507,0.13228059,-0.94700563,0
0.62426591,3.7745314,0.64969301,0.54410487,0.79136872,0.27872109,0
3.3083518,1.7448,1.4941988,0.54410487,0.79136872,0.27872109,0
-3.0918028,-2.1689191,-1.0571063,-0.54410487,-0.79136872,-0.27872109,0
-3.2127554,-1.4414119,-1.3433528,-0.78630006,0.59685624,-0.15967101,0
0.10958636,3.387182,0.22043753,-0.78630006,0.59685624,-0.15967101,0
-1.4158943,-3.3567319,-0.4171176,-0.29271507,-0.13228059,0.94700563,0
2.2227554,2.535928,1.1028967,0.54410487,0.79136872,0.27872109,0
-1.419066,0.46456337,-0.83034879,0.29271507,0.13228059,-0.94700563,0
-1.6024214,1.3380481,-0.69835275,-0.78630006,0.59685624,-0.15967101,0
0.19454339,1.2927922,0.5868293,-0.29271507,-0.13228059,0.94700563,0
-0.71139205,2.3185999,0.6630832,-0.78630006,0.59685624,-0.15967101,0
-1.7585003,-2.9056201,-1.0481279,-0.54410487,-0.79136872,-0.27872109,0
0.91180444,3.4715929,1.0009024,0.54410487,0.79136872,0.27872109,0
-2.4379985,-0.31975752,-0.77484703,-0.78630006,0.59685624,-0.15967101,0
-0.27888197,3.3051436,0.33947539,-0.78630006,0.59685624,-0.15967101,0
-1.9000809,-2.3608096,-1.4702971,-0.54410487,-0.79136872,-0.27872109,0
1.2639506,-1.8450422,0.38549924,0.78630006,-0.59685624,0.15967101,0
-2.1363883,0.5615018,-0.43854111,-0.78630006,0.59685624,-0.15967101,0
0.39564735,0.50512159,-0.39208239,0.29271507,0.13228059,-0.94700563,0
-2.9313793,-2.1980991,-1.2674961,-0.54410487,-0.79136872,-0.27872109,0
-1.0464755,1.780759,0.64665413,-0.29271507,-0.13228059,0.94700563,0
-0.13159931,-0.30902439,0.41968018,-0.29271507,-0.13228059,0.94700563,0
-1.5259163,1.483285,0.10657543,-0.78630006,0.59685624,-0.15967101,0
3.6412609,1.6819677,0.83315063,0.54410487,0.79136872,0.27872109,0
1.0055436,-1.8255537,0.18146384,0.78630006,-0.59685624,0.15967101,0
-0.65272427,-3.6676083,-1.2021432,0.29271507,0.13228059,-0.94700563,0
-0.62835145,0.089505613,0.43969125,-0.29271507,-0.13228059,0.94700563,0
-1.6276934,-2.118237,-0.14984465,-0.29271507,-0.13228059,0.94700563,0
0.22304529,3.2388315,0.12944818,0.29271507,0.13228059,-0.94700563,0
2.2530553,-0.044295311,0.94070596,0.78630006,-0.59685624,0.15967101,0
-1.0537372,1.9848974,-0.38060462,-0.78630006,0.59685624,-0.15967101,0
-0.36912531,-3.6545389,-0.77121234,-0.54410487,-0.79136872,-0.27872109,0
-1.4651762,1.1910919,0.39815333,-0.29271507,-0.13228059,0.94700563,0
0.080217898,1.6037691,-0.22799623,0.29271507,0.13228059,-0.94700563,0
-1.1490664,-1.1902206,-0.93648696,0.29271507,0.13228059,-0.94700563,0
0.86142951,-2.3634725,-0.53030717,0.78630006,-0.59685624,0.15967101,0
1.2759639,0.34369737,-0.11651063,0.29271507,0.13228059,-0.94700563,0
0.65724665,3.6549594,0.31250381,0.54410487,0.79136872,0.27872109,0
-0.1064713,3.0349522,0.21964145,-0.78630006,0.59685624,-0.15967101,0
1.9141796,1.4159584,0.18595481,0.29271507,0.13228059,-0.94700563,0
0.091882765,3.9371884,0.76660419,-0.78630006,0.59685624,-0.15967101,0
1.6279089,2.339144,0.170681,0.29271507,0.13228059,-0.94700563,0
3.4923947,1.6216313,1.338048,0.54410487,0.79136872,0.27872109,0
-0.35683081,-2.1548884,0.14275098,-0.29271507,-0.13228059,0.94700563,0
-1.4885232,-2.9034665,-0.72106981,-0.54410487,-0.79136872,-0.27872109,0
0.61840349,-0.72234237,0.76157367,-0.29271507,-0.13228059,0.94700563,0
1.4437799,3.1826794,1.2421865,0.54410487,0.79136872,0.27872109,0
0.63420194,3.3968561,-0.062056065,0.29271507,0.13228059,-0.94700563,0
-1.0128404,-3.6897802,-0.1870327,-0.54410487,-0.79136872,-0.27872109,0
1.229924,2.0191948,1.1336129,-0.29271507,-0.13228059,0.94700563,0
2.9937854,0.51288915,0.85099459,0.78630006,-0.59685624,0.15967101,0
1.0319836,3.372282,0.73886371,0.54410487,0.79136872,0.27872109,0
-1.2403301,-1.5967708,-0.28831649,-0.29271507,-0.13228059,0.94700563,0
1.1580243,-1.9338758,0.53110027,0.78630006,-0.59685624,0.15967101,0
1.2251027,3.2358899,1.3370621,0.54410487,0.79136872,0.27872109,0
-0.51487076,1.3678663,-0.64200366,0.29271507,0.13228059,-0.94700563,0
1.0496624,-2.0004847,0.36845398,0.78630006,-0.59685624,0.15967101,0
-1.0455062,-1.2156289,-0.13343358,-0.29271507,-0.13228059,0.94700563,0
1.2856343,-1.5893115,-0.20352823,0.29271507,0.13228059,-0.94700563,0
-2.4603209,-2.2567165,-0.94703293,-0.54410487,-0.79136872,-0.27872109,0
-1.3488476,1.6101868,0.060545444,-0.78630006,0.59685624,-0.15967101,0
-1.9723094,-2.3915868,-1.4498668,-0.54410487,-0.79136872,-0.27872109,0
0.80754083,-2.2866468,-0.075513124,0.78630006,-0.59685624,0.15967101,0
-1.8552816,-2.8891556,-0.89828658,-0.54410487,-0.79136872,-0.27872109,0
3.1015582,1.5627729,1.7068977,0.54410487,0.79136872,0.27872109,0
-2.3488562,0.41590449,-0.43785346,-0.78630006,0.59685624,-0.15967101,0
3.0452957,0.63152403,0.73389518,0.78630006,-0.59685624,0.15967101,0
-2.1469641,-2.6436203,-0.61152792,-0.54410487,-0.79136872,-0.27872109,0
-2.9035835,-0.64042652,-1.2710102,-0.78630006,0.59685624,-0.15967101,0
2.9758239,1.847778,1.4140401,0.54410487,0.79136872,0.27872109,0
1.8493055,-0.46141624,0.80284244,0.78630006,-0.59685624,0.15967101,0
-1.4708546,-3.1947753,-0.56913257,-0.54410487,-0.79136872,-0.27872109,0
1.8019967,2.6006899,1.2329698,0.54410487,0.79136872,0.27872109,0
2.3235178,2.1320317,1.6109149,0.54410487,0.79136872,0.27872109,0
-1.9636973,0.43260604,-0.17109564,-0.78630006,0.59685624,-0.15967101,0
0.56354558,3.5187259,0.91039395,0.54410487,0.79136872,0.27872109,0
-1.2930871,0.58114678,-0.96207714,0.29271507,0.13228059,-0.94700563,0
0.74654061,-2.4578183,0.067604303,0.78630006,-0.59685624,0.15967101,0
