3.5629644,-0.21347845,0.60614371,0.30515617,-0.15545499,-0.93952829,0
-0.60030484,2.7913253,-0.468557,-0.01626271,0.98559159,-0.16835865,0
0.94119251,1.7203107,-0.51641059,0.30515617,-0.15545499,-0.93952829,0
-0.16942596,-2.8728268,1.0564686,0.01626271,-0.98559159,0.16835865,0
-3.9455237,-1.5767561,-0.82439804,-0.95216334,-0.06665498,-0.29823124,0
1.6078815,-3.0506282,0.5616008,0.01626271,-0.98559159,0.16835865,0
-0.035787284,-0.25134963,-0.54047936,0.30515617,-0.15545499,-0.93952829,0
-3.7929723,-1.8439559,-0.58705616,-0.95216334,-0.06665498,-0.29823124,0
2.3536158,-2.7905469,0.73545498,0.01626271,-0.98559159,0.16835865,0
3.725971,2.6690557,0.85368013,0.95216334,0.06665498,0.29823124,0
3.5970144,-1.3464009,1.7155311,0.95216334,0.06665498,0.29823124,0
0.66226816,-2.9263721,1.018785,0.01626271,-0.98559159,0.16835865,0
-0.51554108,3.1772218,-0.22726864,-0.01626271,0.98559159,-0.16835865,0
2.2739401,0.69799376,1.241715,-0.30515617,0.15545499,0.93952829,0
-2.3783245,-0.33600461,-1.0706122,0.30515617,-0.15545499,-0.93952829,0
-0.96325469,2.4060283,-0.15713264,-0.30515617,0.15545499,0.93952829,0
3.9804649,-1.1750858,0.89632487,0.30515617,-0.15545499,-0.93952829,0
0.64996451,-0.57155716,0.91675591,-0.30515617,0.15545499,0.93952829,0
-3.7384214,2.5501757,-1.6227388,-0.95216334,-0.06665498,-0.29823124,0
-3.9660532,1.5592022,-1.269897,-0.95216334,-0.06665498,-0.29823124,0
-1.6339825,-0.59999931,0.019376755,-0.30515617,0.15545499,0.93952829,0
-3.5744436,-2.7294464,-0.00096416473,-0.30515617,0.15545499,0.93952829,0
-3.2502716,-1.7391887,-1.4799032,0.30515617,-0.15545499,-0.93952829,0
3.9034343,-0.15209854,1.3481135,0.95216334,0.06665498,0.29823124,0
0.38761771,-0.56613231,0.89030224,-0.30515617,0.15545499,0.93952829,0
-1.5090489,-2.1057744,0.38396335,-0.30515617,0.15545499,0.93952829,0
-4.014966,0.61982608,-1.1311567,-0.95216334,-0.06665498,-0.29823124,0
-0.26292297,-0.21282524,0.43010595,-0.30515617,0.15545499,0.93952829,0
2.6249111,1.7045522,0.073135614,0.30515617,-0.15545499,-0.93952829,0
-3.848774,2.154212,-2.1334324,-0.95216334,-0.06665498,-0.29823124,0
-1.6251328,-3.2064397,-0.19248986,0.01626271,-0.98559159,0.16835865,0
-0.6374414,2.8873565,-0.60448039,-0.01626271,0.98559159,-0.16835865,0
1.1890101,2.8880076,-0.040898561,-0.01626271,0.98559159,-0.16835865,0
-3.574765,1.1152008,-0.76283193,-0.30515617,0.15545499,0.93952829,0
-1.0178158,-2.9792819,-0.28752065,0.01626271,-0.98559159,0.16835865,0
2.4464555,1.0732766,-0.10244703,0.30515617,-0.15545499,-0.93952829,0
3.6464384,-1.4486128,1.4532166,0.95216334,0.06665498,0.29823124,0
0.3616339,-1.8339789,-0.024018645,0.30515617,-0.15545499,-0.93952829,0
0.76695448,1.9546375,0.62377465,-0.30515617,0.15545499,0.93952829,0
-3.6639965,2.6259851,-2.1263328,-0.95216334,-0.06665498,-0.29823124,0
3.6947551,1.6811711,0.92351437,0.95216334,0.06665498,0.29823124,0
-4.0343003,2.2217555,-1.572386,-0.95216334,-0.06665498,-0.29823124,0
-1.6721429,2.577703,-0.33977157,-0.30515617,0.15545499,0.93952829,0
-3.8751783,2.2284188,-1.5382931,-0.95216334,-0.06665498,-0.29823124,0
0.010148525,-2.8538847,0.35543704,0.01626271,-0.98559159,0.16835865,0
3.4169242,2.1028759,1.371779,0.95216334,0.06665498,0.29823124,0
3.017549,-2.7409587,1.4392748,0.01626271,-0.98559159,0.16835865,0
3.7054901,-1.1327056,1.7277122,0.95216334,0.06665498,0.29823124,0
-1.1491332,2.1685565,-1.3967571,0.30515617,-0.15545499,-0.93952829,0
0.99903917,-2.7879381,0.43644035,0.01626271,-0.98559159,0.16835865,0
-3.5935662,-3.020684,-0.92453241,-0.95216334,-0.06665498,-0.29823124,0
-1.3697008,1.8490278,-1.2315929,0.30515617,-0.15545499,-0.93952829,0
3.1994891,3.041913,-0.17044497,0.30515617,-0.15545499,-0.93952829,0
-1.3020074,2.8115346,-0.73829466,-0.01626271,0.98559159,-0.16835865,0
3.6354427,1.6776547,0.30896759,0.30515617,-0.15545499,-0.93952829,0
3.7447102,2.3575048,0.84662867,0.95216334,0.06665498,0.29823124,0
-3.7753379,-0.48777497,-1.0102243,-0.95216334,-0.06665498,-0.29823124,0
1.2704165,-2.6798542,1.2203718,0.01626271,-0.98559159,0.16835865,0
-3.7839065,2.7099276,-2.0055561,-0.01626271,0.98559159,-0.16835865,0
-3.2603056,2.8958516,-1.2622931,-0.01626271,0.98559159,-0.16835865,0
0.79104471,3.1978679,-0.29515362,-0.01626271,0.98559159,-0.16835865,0
-1.6767323,-3.0439923,-0.33533382,0.01626271,-0.98559159,0.16835865,0
-3.8978736,1.4809817,-1.0620558,-0.95216334,-0.06665498,-0.29823124,0
3.6240811,3.0708437,0.80900669,0.95216334,0.06665498,0.29823124,0
-1.5204604,-0.28591186,0.17902029,-0.30515617,0.15545499,0.93952829,0
1.2177577,-2.9551325,0.68865776,0.01626271,-0.98559159,0.16835865,0
-3.4746516,-3.2200322,-1.1642747,-0.95216334,-0.06665498,-0.29823124,0
0.8096621,-2.1638284,1.2914104,-0.30515617,0.15545499,0.93952829,0
-1.6611116,-3.1987324,-0.32435346,0.01626271,-0.98559159,0.16835865,0
-3.7923059,-0.45437682,-1.0097351,-0.95216334,-0.06665498,-0.29823124,0
-1.5953434,2.9775717,-0.84320432,-0.01626271,0.98559159,-0.16835865,0
3.3275149,-2.9498312,1.3761128,0.01626271,-0.98559159,0.16835865,0
2.1594343,3.0784781,0.044362545,-0.01626271,0.98559159,-0.16835865,0
-3.9150646,1.5564357,-1.6545203,-0.95216334,-0.06665498,-0.29823124,0
0.99584699,2.8809824,-0.457829,-0.01626271,0.98559159,-0.16835865,0
-0.95262909,1.2935821,0.011889845,-0.30515617,0.15545499,0.93952829,0
3.7632723,0.78268427,0.65040255,0.95216334,0.06665498,0.29823124,0
0.46263793,-0.38577867,0.57385254,-0.30515617,0.15545499,0.93952829,0
-1.8310699,2.626807,-1.2788588,-0.01626271,0.98559159,-0.16835865,0
-2.4714668,2.9265764,-1.4811467,-0.01626271,0.98559159,-0.16835865,0
-3.9536331,0.89957559,-1.6294312,-0.95216334,-0.06665498,-0.29823124,0
-3.8940279,2.3677719,-1.9437428,-0.95216334,-0.06665498,-0.29823124,0
0.81733441,2.8129978,-0.48922253,-0.01626271,0.98559159,-0.16835865,0
-2.4800563,2.9367685,-1.0476575,-0.01626271,0.98559159,-0.16835865,0
-3.9502504,0.79589534,-1.363997,-0.95216334,-0.06665498,-0.29823124,0
3.0806882,1.5757538,1.4031854,-0.30515617,0.15545499,0.93952829,0
3.9059563,1.7294652,0.82910538,0.95216334,0.06665498,0.29823124,0
3.6738193,1.5412917,1.0198493,0.95216334,0.06665498,0.29823124,0
0.70899343,-2.7563531,0.98335153,0.01626271,-0.98559159,0.16835865,0
1.0730915,2.8547878,-0.053196669,-0.01626271,0.98559159,-0.16835865,0
3.6251342,3.0016592,0.25235653,-0.01626271,0.98559159,-0.16835865,0
3.3820698,-1.0577967,0.70239806,0.30515617,-0.15545499,-0.93952829,0
4.0200863,-2.2065387,1.394532,0.95216334,0.06665498,0.29823124,0
-4.047678,1.2939155,-1.1169975,-0.95216334,-0.06665498,-0.29823124,0
-3.857187,-2.5942669,-0.77280569,-0.95216334,-0.06665498,-0.29823124,0
-2.134197,-1.0556245,-1.0547101,0.30515617,-0.15545499,-0.93952829,0
-3.5837245,2.756521,-1.4217343,-0.01626271,0.98559159,-0.16835865,0
3.9722257,0.6365732,1.0758581,0.95216334,0.06665498,0.29823124,0
0.65584552,-1.6858073,0.92772752,-0.30515617,0.15545499,0.93952829,0
-1.9764578,2.789994,-0.76097202,-0.01626271,0.98559159,-0.16835865,0
3.7450829,2.2677112,0.65679693,0.95216334,0.06665498,0.29823124,0
2.0774343,-2.8446968,0.82216793,0.01626271,-0.98559159,0.16835865,0
-0.40242553,-2.7697654,0.71213686,0.01626271,-0.98559159,0.16835865,0
3.138243,2.9625216,0.032042027,0.30515617,-0.15545499,-0.93952829,0
2.3321214,3.3112869,0.69295406,-0.01626271,0.98559159,-0.16835865,0
-3.3570521,2.8064651,-2.1380055,-0.01626271,0.98559159,-0.16835865,0
-2.714,-1.4157556,-0.2473495,-0.30515617,0.15545499,0.93952829,0
1.0359645,-3.0816078,0.14822748,0.01626271,-0.98559159,0.16835865,0
-1.6855497,0.85201204,-1.0160925,0.30515617,-0.15545499,-0.93952829,0
3.7315331,0.33335876,0.9499774,0.95216334,0.06665498,0.29823124,0
-3.8109944,-0.26457596,-0.74224043,-0.95216334,-0.06665498,-0.29823124,0
-3.0201461,2.550266,-1.6338235,-0.01626271,0.98559159,-0.16835865,0
3.0739906,3.0573235,0.37993574,-0.01626271,0.98559159,-0.16835865,0
-0.40973294,1.6849337,-1.0194724,0.30515617,-0.15545499,-0.93952829,0
3.5094161,-2.7670836,1.9142503,0.01626271,-0.98559159,0.16835865,0
1.6977528,3.1210747,0.32727075,-0.01626271,0.98559159,-0.16835865,0
-3.6914613,0.79162836,-1.8270056,-0.95216334,-0.06665498,-0.29823124,0
3.7431903,-2.824214,1.687079,0.01626271,-0.98559159,0.16835865,0
3.8094442,-1.6131802,1.2459641,0.95216334,0.06665498,0.29823124,0
-3.6364899,-0.491346,-1.0821407,-0.95216334,-0.06665498,-0.29823124,0
-3.2765398,2.9461997,-1.0897831,-0.01626271,0.98559159,-0.16835865,0
0.31037474,-2.829401,0.30528843,0.01626271,-0.98559159,0.16835865,0
1.7655571,0.32846785,0.96115696,-0.30515617,0.15545499,0.93952829,0
3.8146546,1.363651,1.0666962,0.95216334,0.06665498,0.29823124,0
-3.2117751,-3.3519943,-1.0154862,0.01626271,-0.98559159,0.16835865,0
2.0863526,1.8669454,-0.23590207,0.30515617,-0.15545499,-0.93952829,0
-2.8679407,1.1882336,-0.63628864,-0.30515617,0.15545499,0.93952829,0
-3.6956153,2.5399754,-1.9936881,-0.95216334,-0.06665498,-0.29823124,0
-1.3642113,-0.54960704,-0.70001924,0.30515617,-0.15545499,-0.93952829,0
3.4804666,2.9602606,0.97756577,0.95216334,0.06665498,0.29823124,0
2.6718102,0.27483749,0.14769459,0.30515617,-0.15545499,-0.93952829,0
-2.2222257,-3.0762963,0.23418021,-0.30515617,0.15545499,0.93952829,0
1.9700823,1.4744747,-0.13780093,0.30515617,-0.15545499,-0.93952829,0
-0.29977083,1.3693054,0.19235244,-0.30515617,0.15545499,0.93952829,0
0.18632197,2.643043,-0.88442641,0.30515617,-0.15545499,-0.93952829,0
-2.1965373,0.56120849,-0.30816531,-0.30515617,0.15545499,0.93952829,0
-2.9162605,-3.0572579,-0.6811018,0.01626271,-0.98559159,0.16835865,0
3.7063584,-2.564883,1.5047626,0.95216334,0.06665498,0.29823124,0
1.8513967,-2.0332034,0.27829611,0.30515617,-0.15545499,-0.93952829,0
-1.9485283,2.5972579,-1.3099524,-0.01626271,0.98559159,-0.16835865,0
-1.2636697,-3.2558389,-0.0053489208,0.01626271,-0.98559159,0.16835865,0
4.0284953,-0.55721664,1.2768209,0.95216334,0.06665498,0.29823124,0
3.9022901,-2.7490919,1.3311539,0.01626271,-0.98559159,0.16835865,0
2.9346299,2.1335707,-0.078998566,0.30515617,-0.15545499,-0.93952829,0
-3.7288036,-0.89028311,-1.0347519,-0.95216334,-0.06665498,-0.29823124,0
-1.8551402,-2.926465,0.33681297,0.01626271,-0.98559159,0.16835865,0
3.8167815,-0.75346315,1.5185883,0.95216334,0.06665498,0.29823124,0
0.17544603,2.8995667,-0.26511598,-0.01626271,0.98559159,-0.16835865,0
-3.6758003,0.20867372,-1.614512,-0.95216334,-0.06665498,-0.29823124,0
3.864625,-0.98099613,1.1111643,0.95216334,0.06665498,0.29823124,0
-3.7286391,-0.09866333,-1.1279378,-0.95216334,-0.06665498,-0.29823124,0
-3.9488263,1.6398268,-0.97932029,-0.95216334,-0.06665498,-0.29823124,0
-2.5138893,-3.188262,-0.26776934,0.01626271,-0.98559159,0.16835865,0
2.3181567,-2.6379066,1.036822,0.01626271,-0.98559159,0.16835865,0
3.3794951,-2.8406723,0.84307671,0.01626271,-0.98559159,0.16835865,0
3.8951683,1.4179846,0.95893192,0.95216334,0.06665498,0.29823124,0
3.9301009,0.55909014,0.99819803,0.95216334,0.06665498,0.29823124,0
-2.8466508,-3.3064332,-0.34339571,0.01626271,-0.98559159,0.16835865,0
-3.6855736,-1.8359536,-0.68873787,-0.95216334,-0.06665498,-0.29823124,0
2.9242682,1.9899139,1.2456546,-0.30515617,0.15545499,0.93952829,0
3.7795854,-1.9293233,1.4254947,0.95216334,0.06665498,0.29823124,0
2.4456687,1.6729574,0.1732347,0.30515617,-0.15545499,-0.93952829,0
3.5727403,3.1392918,1.0391164,0.95216334,0.06665498,0.29823124,0
-3.6720815,-0.64668441,-1.1711068,-0.95216334,-0.06665498,-0.29823124,0
0.7477321,-1.4298339,-0.24331629,0.30515617,-0.15545499,-0.93952829,0
4.0050821,0.94885057,0.50024796,0.95216334,0.06665498,0.29823124,0
-1.3597081,2.9531994,-0.97940695,-0.01626271,0.98559159,-0.16835865,0
-3.8237481,-1.5159887,-0.87719774,-0.95216334,-0.06665498,-0.29823124,0
3.3105311,3.1547101,0.3100791,-0.01626271,0.98559159,-0.16835865,0
2.4086432,-0.87162077,0.37209201,0.30515617,-0.15545499,-0.93952829,0
-4.0259404,0.8215946,-1.2255137,-0.95216334,-0.06665498,-0.29823124,0
2.6358197,-2.6887407,1.6944829,0.01626271,-0.98559159,0.16835865,0
-1.8733673,-3.1142087,0.17468476,0.01626271,-0.98559159,0.16835865,0
3.7137556,-2.4323628,1.8031113,0.95216334,0.06665498,0.29823124,0
0.76999402,-3.159266,0.36962515,0.01626271,-0.98559159,0.16835865,0
-3.7512834,-1.54523,-1.5075641,-0.95216334,-0.06665498,-0.29823124,0
3.8907487,-1.6540395,1.4286394,0.95216334,0.06665498,0.29823124,0
-3.9148636,0.80956328,-1.7091231,-0.95216334,-0.06665498,-0.29823124,0
3.6916087,2.3771584,1.2230654,0.95216334,0.06665498,0.29823124,0
-0.96939957,1.9918482,-0.27570164,-0.30515617,0.15545499,0.93952829,0
-0.69940233,0.56950283,-0.95889258,0.30515617,-0.15545499,-0.93952829,0
0.60260272,3.0998728,-0.6576153,-0.01626271,0.98559159,-0.16835865,0
-3.7869658,2.7360151,-1.2289798,-0.01626271,0.98559159,-0.16835865,0
3.4247403,-2.727704,1.4749669,0.01626271,-0.98559159,0.16835865,0
-3.8932707,-0.51979673,-1.1546879,-0.95216334,-0.06665498,-0.29823124,0
4.0166769,-2.0949113,1.2904668,0.95216334,0.06665498,0.29823124,0
1.1956813,1.3616379,0.66862833,-0.30515617,0.15545499,0.93952829,0
3.8591301,-2.7892995,1.3796446,0.95216334,0.06665498,0.29823124,0
1.7340755,-2.9556401,0.70422351,0.01626271,-0.98559159,0.16835865,0
3.7095127,-2.7481937,1.8542571,0.01626271,-0.98559159,0.16835865,0
1.8564403,0.78128946,-0.10608983,0.30515617,-0.15545499,-0.93952829,0
1.581255,2.9314127,-0.68035698,0.30515617,-0.15545499,-0.93952829,0
-1.8527353,2.8556545,-0.76619822,-0.01626271,0.98559159,-0.16835865,0
3.9259706,2.8563552,0.83402252,0.95216334,0.06665498,0.29823124,0
-0.53295004,-1.6329507,0.63506854,-0.30515617,0.15545499,0.93952829,0
-3.0968733,2.7398567,-1.0330077,-0.01626271,0.98559159,-0.16835865,0
3.8975797,1.5954654,0.75255156,0.95216334,0.06665498,0.29823124,0
-3.7344549,-2.0909081,-1.2459755,-0.95216334,-0.06665498,-0.29823124,0
3.807447,-0.68147099,1.5003734,0.95216334,0.06665498,0.29823124,0
1.7033994,0.80224758,0.94636703,-0.30515617,0.15545499,0.93952829,0
-1.4726305,3.0479681,-0.48851648,-0.01626271,0.98559159,-0.16835865,0
1.2156777,-3.0601246,0.54287881,0.01626271,-0.98559159,0.16835865,0
3.6986928,-2.2715073,1.5633795,0.95216334,0.06665498,0.29823124,0
-0.71524549,1.9761522,-1.1681068,0.30515617,-0.15545499,-0.93952829,0
1.6362774,3.0898132,0.052166224,-0.01626271,0.98559159,-0.16835865,0
-1.3997186,-1.4104638,0.49754202,-0.30515617,0.15545499,0.93952829,0
-0.49394894,2.9476879,-0.80612028,-0.01626271,0.98559159,-0.16835865,0
-1.4751928,-3.1011395,0.1744554,0.01626271,-0.98559159,0.16835865,0
2.1162217,-2.5755913,1.7195339,0.01626271,-0.98559159,0.16835865,0
3.2526498,-2.7313943,0.96456397,0.30515617,-0.15545499,-0.93952829,0
2.4040062,-2.8372216,1.5197501,0.01626271,-0.98559159,0.16835865,0
3.7235975,-0.67975187,1.2101939,0.95216334,0.06665498,0.29823124,0
1.5646837,-2.717447,0.70625973,0.01626271,-0.98559159,0.16835865,0
3.7237511,1.0838513,0.69173861,0.95216334,0.06665498,0.29823124,0
3.6737888,-0.18018031,1.8445504,0.95216334,0.06665498,0.29823124,0
2.6567028,3.1715906,0.85533333,-0.01626271,0.98559159,-0.16835865,0
-3.6941626,-1.2018459,-1.2392645,-0.95216334,-0.06665498,-0.29823124,0
-3.7826185,-0.61954057,-1.0103865,-0.95216334,-0.06665498,-0.29823124,0
-3.7011676,-1.9400692,-0.81386423,-0.95216334,-0.06665498,-0.29823124,0
-2.2053704,-3.1183541,-0.5453546,0.30515617,-0.15545499,-0.93952829,0
-0.71603626,0.70073307,-0.0091115534,-0.30515617,0.15545499,0.93952829,0
-3.0385101,-2.1274991,-0.22545767,-0.30515617,0.15545499,0.93952829,0
-3.8555489,0.21929693,-0.88701248,-0.95216334,-0.06665498,-0.29823124,0
3.3427618,3.2397611,0.87189198,-0.01626271,0.98559159,-0.16835865,0
4.1072168,-0.045531511,0.88466501,0.95216334,0.06665498,0.29823124,0
0.24363017,-3.0299854,0.820638,0.01626271,-0.98559159,0.16835865,0
-3.7284486,-3.2436049,-0.86635542,-0.95216334,-0.06665498,-0.29823124,0
-3.8637905,-3.3619344,-0.81256676,0.01626271,-0.98559159,0.16835865,0
-1.5494826,2.9654164,-1.1486776,-0.01626271,0.98559159,-0.16835865,0
-3.109463,-3.1073127,-0.21486235,0.01626271,-0.98559159,0.16835865,0
-2.5724072,-3.3150172,-0.20874691,0.01626271,-0.98559159,0.16835865,0
-3.7175055,-0.31028569,-0.96338892,-0.95216334,-0.06665498,-0.29823124,0
-3.6276026,-0.61155355,-1.2291956,-0.95216334,-0.06665498,-0.29823124,0
-1.5560088,3.0129597,-1.0381975,-0.01626271,0.98559159,-0.16835865,0
-0.67072225,-2.2264092,0.61004674,-0.30515617,0.15545499,0.93952829,0
-0.61503363,3.0145321,-0.20232862,-0.01626271,0.98559159,-0.16835865,0
0.28974724,2.7681031,-0.72562099,-0.01626271,0.98559159,-0.16835865,0
3.6427307,0.068777561,1.3319709,0.95216334,0.06665498,0.29823124,0
-3.8711078,0.941203,-1.7210579,-0.95216334,-0.06665498,-0.29823124,0
-1.6068945,-3.0582747,0.20772767,0.01626271,-0.98559159,0.16835865,0
3.6587298,-1.4557853,1.7669923,0.95216334,0.06665498,0.29823124,0
3.8590522,-2.6729903,1.6221621,0.01626271,-0.98559159,0.16835865,0
-1.6357131,2.7198944,-0.98887736,-0.01626271,0.98559159,-0.16835865,0
-3.4584432,0.44766372,-0.60698557,-0.30515617,0.15545499,0.93952829,0
4.0244684,-0.6200999,0.90695786,0.95216334,0.06665498,0.29823124,0
2.4317653,-2.7159693,1.5224682,0.01626271,-0.98559159,0.16835865,0
-3.1744232,-1.278819,-1.5189989,0.30515617,-0.15545499,-0.93952829,0
-1.6312685,0.46268976,-0.17575026,-0.30515617,0.15545499,0.93952829,0
3.6980338,-2.0727687,2.0632062,0.95216334,0.06665498,0.29823124,0
-3.5792682,-0.42003155,-1.6793294,-0.95216334,-0.06665498,-0.29823124,0
3.6168528,-0.097223639,0.8609314,0.30515617,-0.15545499,-0.93952829,0
3.8142233,2.6580982,0.61564684,0.95216334,0.06665498,0.29823124,0
-3.5405512,2.9238977,-1.4452881,-0.01626271,0.98559159,-0.16835865,0
2.4527369,1.4213752,1.2733662,-0.30515617,0.15545499,0.93952829,0
0.38081002,-1.9100618,0.08648932,0.30515617,-0.15545499,-0.93952829,0
3.5221145,1.1616973,0.60664749,0.30515617,-0.15545499,-0.93952829,0
3.9675727,3.0614738,0.17982006,0.95216334,0.06665498,0.29823124,0
3.5137753,3.3572493,0.42219543,-0.01626271,0.98559159,-0.16835865,0
-4.0560331,-2.8829727,-0.37433434,-0.95216334,-0.06665498,-0.29823124,0
-1.9199494,-3.2645757,-0.39878869,0.01626271,-0.98559159,0.16835865,0
3.3849967,3.2897143,0.64118767,-0.01626271,0.98559159,-0.16835865,0
-3.330349,-3.1723421,-0.61610317,0.01626271,-0.98559159,0.16835865,0
-3.9013758,-3.0522819,-0.67848253,-0.95216334,-0.06665498,-0.29823124,0
-1.7389421,-3.122941,-0.21905541,0.01626271,-0.98559159,0.16835865,0
0.76761866,3.050889,-0.66001964,0.30515617,-0.15545499,-0.93952829,0
-3.8508787,2.0482645,-1.6982217,-0.95216334,-0.06665498,-0.29823124,0
-3.1535068,-1.3628125,-0.43605232,-0.30515617,0.15545499,0.93952829,0
-3.9411249,-2.6878636,-0.49396896,-0.95216334,-0.06665498,-0.29823124,0
-3.8309762,0.69652557,-0.6702199,-0.30515617,0.15545499,0.93952829,0
3.7651739,1.4575204,1.143229,0.95216334,0.06665498,0.29823124,0
-0.44491887,0.56640136,0.21979146,-0.30515617,0.15545499,0.93952829,0
-0.47825193,-3.2606201,-0.12819886,0.01626271,-0.98559159,0.16835865,0
-0.62074983,-2.4535108,-0.48921776,0.30515617,-0.15545499,-0.93952829,0
3.5955057,2.5637715,1.1982813,0.95216334,0.06665498,0.29823124,0
-3.3848362,-2.2026911,-0.34694099,-0.30515617,0.15545499,0.93952829,0
-3.8598831,1.6871156,-1.0620954,-0.95216334,-0.06665498,-0.29823124,0
0.63701725,-1.4154323,1.0602344,-0.30515617,0.15545499,0.93952829,0
1.2796028,-2.7053823,0.91990185,0.01626271,-0.98559159,0.16835865,0
3.856539,-2.3157945,1.5525556,0.95216334,0.06665498,0.29823124,0
0.65944242,2.8950796,-0.15567946,-0.01626271,0.98559159,-0.16835865,0
-3.7899873,-2.630302,-0.62851906,-0.95216334,-0.06665498,-0.29823124,0
-3.8262255,-0.32936502,-1.6276577,-0.95216334,-0.06665498,-0.29823124,0
3.9923089,-1.3792241,1.4694016,0.95216334,0.06665498,0.29823124,0
-3.5630832,0.23349142,-1.5691435,-0.95216334,-0.06665498,-0.29823124,0
-3.0377393,2.7282615,-1.416767,-0.01626271,0.98559159,-0.16835865,0
-3.1675329,2.6461766,-1.131637,-0.01626271,0.98559159,-0.16835865,0
-1.2301307,1.6494722,-1.009795,0.30515617,-0.15545499,-0.93952829,0
-1.6181233,2.7431371,-1.2538186,-0.01626271,0.98559159,-0.16835865,0
3.6401105,-1.0152148,1.7957888,0.95216334,0.06665498,0.29823124,0
1.9244194,0.23218048,0.91787648,-0.30515617,0.15545499,0.93952829,0
1.8462389,2.0007038,-0.46704364,0.30515617,-0.15545499,-0.93952829,0
1.3804667,-2.8951592,0.86986339,0.01626271,-0.98559159,0.16835865,0
0.23646545,2.2968698,0.35690832,-0.30515617,0.15545499,0.93952829,0
-3.7781386,-0.78684533,-0.73783493,-0.95216334,-0.06665498,-0.29823124,0
-3.8957219,0.19741392,-1.2507186,-0.95216334,-0.06665498,-0.29823124,0
-2.4968212,2.2375622,-1.57964,0.30515617,-0.15545499,-0.93952829,0
2.2448509,-0.91541314,1.3179621,-0.30515617,0.15545499,0.93952829,0
2.8410587,-1.5804509,0.85339832,0.30515617,-0.15545499,-0.93952829,0
-0.0058017969,-1.8188138,-0.2077834,0.30515617,-0.15545499,-0.93952829,0
3.7468867,3.0532978,0.63612223,0.95216334,0.06665498,0.29823124,0
-1.2195277,2.9265201,-1.3631593,-0.01626271,0.98559159,-0.16835865,0
2.2350545,3.2127998,0.0033650398,-0.01626271,0.98559159,-0.16835865,0
1.8159032,3.2425184,0.43413615,-0.01626271,0.98559159,-0.16835865,0
-3.7895067,-3.2802691,-0.56340456,0.01626271,-0.98559159,0.16835865,0
-0.25806096,-0.35397166,-0.6943444,0.30515617,-0.15545499,-0.93952829,0
1.4972577,3.1812267,0.066134214,-0.01626271,0.98559159,-0.16835865,0
2.1265206,-1.2597884,0.52611709,0.30515617,-0.15545499,-0.93952829,0
0.26790452,2.8681428,0.053474069,-0.30515617,0.15545499,0.93952829,0
3.8950484,0.2722379,1.3158774,0.95216334,0.06665498,0.29823124,0
-4.0269828,-1.8050692,-0.66987848,-0.95216334,-0.06665498,-0.29823124,0
0.82069635,2.9686041,-0.33274364,-0.01626271,0.98559159,-0.16835865,0
3.6644518,1.1500945,1.2259994,0.95216334,0.06665498,0.29823124,0
3.6045744,-1.1271498,1.5174358,0.95216334,0.06665498,0.29823124,0
0.36662722,2.8809667,-0.67743683,-0.01626271,0.98559159,-0.16835865,0
-3.6751997,-1.356463,-0.9655118,-0.95216334,-0.06665498,-0.29823124,0
3.867353,2.9794762,0.85989141,0.95216334,0.06665498,0.29823124,0
-0.32823086,2.5898457,0.1036557,-0.30515617,0.15545499,0.93952829,0
-0.15803361,3.0666776,-0.81222129,-0.01626271,0.98559159,-0.16835865,0
3.9574893,-1.6602933,1.235343,0.95216334,0.06665498,0.29823124,0
2.5671842,1.5669392,1.2434506,-0.30515617,0.15545499,0.93952829,0
-2.5403264,1.2752578,-1.7451862,0.30515617,-0.15545499,-0.93952829,0
-0.0056049824,2.7120194,-0.8521052,-0.01626271,0.98559159,-0.16835865,0
0.91693115,2.2474289,0.35403752,-0.30515617,0.15545499,0.93952829,0
3.1586168,1.2332165,0.43883276,0.30515617,-0.15545499,-0.93952829,0
3.699429,-2.7606857,2.0241952,0.95216334,0.06665498,0.29823124,0
-3.3553069,0.98091722,-0.67477894,-0.30515617,0.15545499,0.93952829,0
-3.6479473,-3.3647971,-1.2931333,0.01626271,-0.98559159,0.16835865,0
-2.9922647,-3.0533998,-0.38492012,0.01626271,-0.98559159,0.16835865,0
0.24149036,-3.0436382,0.24840569,0.01626271,-0.98559159,0.16835865,0
1.217766,-3.108937,0.64265895,0.01626271,-0.98559159,0.16835865,0
-3.8910275,2.5013373,-1.9470751,-0.95216334,-0.06665498,-0.29823124,0
-2.713109,-1.5696251,-1.23261,0.30515617,-0.15545499,-0.93952829,0
-1.4340746,1.9860998,-0.29445443,-0.30515617,0.15545499,0.93952829,0
-2.7756071,2.7217245,-0.85636342,-0.01626271,0.98559159,-0.16835865,0
-2.0767686,-1.308581,0.15670323,-0.30515617,0.15545499,0.93952829,0
-3.7778375,0.71322298,-1.7177846,-0.95216334,-0.06665498,-0.29823124,0
1.0060949,1.1076674,-0.25108349,0.30515617,-0.15545499,-0.93952829,0
-3.8500917,2.2214112,-1.3410108,-0.95216334,-0.06665498,-0.29823124,0
1.7559379,-0.021109104,1.0511329,-0.30515617,0.15545499,0.93952829,0
-3.6380105,-0.47239316,-1.2911484,-0.95216334,-0.06665498,-0.29823124,0
-0.19986059,0.47233802,0.18244113,-0.30515617,0.15545499,0.93952829,0
3.7200236,0.94839311,1.3091102,0.95216334,0.06665498,0.29823124,0
-0.85495687,3.1455085,-0.49341998,-0.01626271,0.98559159,-0.16835865,0
0.84260893,3.011673,0.22958755,-0.30515617,0.15545499,0.93952829,0
2.0916781,-3.0405641,0.6257304,0.01626271,-0.98559159,0.16835865,0
-2.0089097,2.8374376,-0.86743081,-0.01626271,0.98559159,-0.16835865,0
2.5686774,3.0905995,0.27743149,-0.01626271,0.98559159,-0.16835865,0
-0.43266654,2.9593611,0.01165843,-0.01626271,0.98559159,-0.16835865,0
3.1020441,-2.9098036,1.3270215,0.01626271,-0.98559159,0.16835865,0
0.1293658,2.308599,0.38350856,-0.30515617,0.15545499,0.93952829,0
3.6210628,-2.765837,1.8615582,0.95216334,0.06665498,0.29823124,0
-3.5373662,-0.25259066,-1.5064783,-0.95216334,-0.06665498,-0.29823124,0
-3.9119067,1.6358534,-1.892272,-0.95216334,-0.06665498,-0.29823124,0
2.3754287,0.79095018,-0.00072336197,0.30515617,-0.15545499,-0.93952829,0
4.130146,-1.5609014,1.2160089,0.95216334,0.06665498,0.29823124,0
3.5404577,-1.5921884,2.0286438,-0.30515617,0.15545499,0.93952829,0
3.7294993,2.9779863,0.36505985,-0.01626271,0.98559159,-0.16835865,0
3.9629338,-0.50944889,1.2790389,0.95216334,0.06665498,0.29823124,0
3.7271655,-2.3650498,1.5979667,0.95216334,0.06665498,0.29823124,0
-1.2699594,2.9824977,-0.51044679,-0.30515617,0.15545499,0.93952829,0
2.6455636,3.2117643,0.19707012,-0.01626271,0.98559159,-0.16835865,0
-3.6081138,-1.0530566,-1.3343096,-0.95216334,-0.06665498,-0.29823124,0
-4.0175128,-0.83392829,-0.64130497,-0.95216334,-0.06665498,-0.29823124,0
-1.319164,-2.8238089,0.43424034,0.01626271,-0.98559159,0.16835865,0
-2.9628897,2.1433032,-1.9245546,0.30515617,-0.15545499,-0.93952829,0
1.6476178,-0.27420148,0.20308578,0.30515617,-0.15545499,-0.93952829,0
-3.8701429,-1.2326522,-0.65591717,-0.95216334,-0.06665498,-0.29823124,0
3.3172503,0.00030875206,1.7719109,-0.30515617,0.15545499,0.93952829,0
0.78697544,0.6616025,-0.39958501,0.30515617,-0.15545499,-0.93952829,0
0.62476188,0.72071576,-0.25377786,0.30515617,-0.15545499,-0.93952829,0
1.5805092,-2.1333899,0.49496812,0.30515617,-0.15545499,-0.93952829,0
-2.863625,-1.8006681,-1.0585608,0.30515617,-0.15545499,-0.93952829,0
-3.8561087,2.550843,-2.2643588,-0.95216334,-0.06665498,-0.29823124,0
3.6982651,2.7287483,0.6037674,0.95216334,0.06665498,0.29823124,0
2.7026315,3.1840041,-0.19699621,-0.01626271,0.98559159,-0.16835865,0
-3.9685969,-2.1595924,-0.34587097,-0.30515617,0.15545499,0.93952829,0
-0.67896652,-2.918479,0.40692568,0.01626271,-0.98559159,0.16835865,0
-3.7150939,-1.9491966,-1.2220497,-0.95216334,-0.06665498,-0.29823124,0
-1.3457415,2.8399286,-0.38701054,-0.30515617,0.15545499,0.93952829,0
-3.8314106,1.4056557,-1.7343063,-0.95216334,-0.06665498,-0.29823124,0
0.025308013,0.97737837,-0.64842504,0.30515617,-0.15545499,-0.93952829,0
-1.9569829,-3.2669396,-0.65881634,0.01626271,-0.98559159,0.16835865,0
3.859576,2.0981853,0.18463659,0.30515617,-0.15545499,-0.93952829,0
2.7695279,3.1275706,0.57524586,-0.01626271,0.98559159,-0.16835865,0
-2.1345189,-2.831183,-0.94211578,0.30515617,-0.15545499,-0.93952829,0
-0.67811632,1.1895959,0.13419358,-0.30515617,0.15545499,0.93952829,0
2.4810193,-0.70090139,0.31844187,0.30515617,-0.15545499,-0.93952829,0
-4.0351415,0.46442425,-1.0202065,-0.95216334,-0.06665498,-0.29823124,0
-3.8882723,-1.959697,-0.80267715,-0.95216334,-0.06665498,-0.29823124,0
-1.2664683,1.1379479,-0.057823122,-0.30515617,0.15545499,0.93952829,0
3.6421347,3.3697314,0.65511179,-0.01626271,0.98559159,-0.16835865,0
2.3602052,-2.7938962,1.2032816,0.01626271,-0.98559159,0.16835865,0
3.661207,0.83977854,1.2960882,0.95216334,0.06665498,0.29823124,0
0.46364844,-1.9327247,0.030927777,0.30515617,-0.15545499,-0.93952829,0
2.2141957,2.0747883,0.90082955,-0.30515617,0.15545499,0.93952829,0
2.7243876,3.183816,0.73803806,-0.30515617,0.15545499,0.93952829,0
1.536788,0.81703919,1.0748024,-0.30515617,0.15545499,0.93952829,0
-3.7704182,-2.9742451,-0.71064997,-0.95216334,-0.06665498,-0.29823124,0
1.4075942,3.0050499,-0.23283195,-0.01626271,0.98559159,-0.16835865,0
1.9540489,0.38664776,0.24529767,0.30515617,-0.15545499,-0.93952829,0
-2.0044644,2.8160219,-1.4161155,-0.01626271,0.98559159,-0.16835865,0
-3.6520762,0.91566467,-1.6131783,-0.95216334,-0.06665498,-0.29823124,0
2.0419526,-2.5990639,1.3391366,0.01626271,-0.98559159,0.16835865,0
-3.9036002,0.30728912,-1.4007702,-0.95216334,-0.06665498,-0.29823124,0
3.9310524,1.3423157,0.9452219,0.95216334,0.06665498,0.29823124,0
0.40195954,1.6288162,-0.6333952,0.30515617,-0.15545499,-0.93952829,0
2.0529075,3.0209584,0.56888008,-0.01626271,0.98559159,-0.16835865,0
1.1191279,2.5545545,0.32595396,-0.30515617,0.15545499,0.93952829,0
-3.8232663,-1.4023092,-0.43690634,-0.30515617,0.15545499,0.93952829,0
2.1054056,3.1151114,0.31049967,-0.01626271,0.98559159,-0.16835865,0
0.80993319,-0.61771441,0.81716561,-0.30515617,0.15545499,0.93952829,0
-3.8323724,-2.2951722,-0.40769291,-0.95216334,-0.06665498,-0.29823124,0
0.60790753,-2.7383604,0.91491121,0.01626271,-0.98559159,0.16835865,0
3.7969401,0.26225924,0.73629332,0.95216334,0.06665498,0.29823124,0
3.913497,1.2581731,1.118124,0.95216334,0.06665498,0.29823124,0
-2.1600893,2.913367,-0.93821782,-0.01626271,0.98559159,-0.16835865,0
-3.7798848,2.9043186,-1.3672118,-0.01626271,0.98559159,-0.16835865,0
-0.51192379,-3.2228713,-0.19855785,0.01626271,-0.98559159,0.16835865,0
1.7547562,3.1110339,0.64629173,-0.01626271,0.98559159,-0.16835865,0
-0.32291484,-3.226685,0.047161818,0.01626271,-0.98559159,0.16835865,0
3.5322714,2.9815731,0.21129894,-0.01626271,0.98559159,-0.16835865,0
3.9028473,-1.1878536,1.8829978,0.95216334,0.06665498,0.29823124,0
3.4433587,-2.6876292,1.1461692,0.01626271,-0.98559159,0.16835865,0
1.5962389,0.042235672,-0.15452051,0.30515617,-0.15545499,-0.93952829,0
1.6232407,3.2864814,0.31185603,-0.01626271,0.98559159,-0.16835865,0
-0.029748678,-1.8034139,-0.16936296,0.30515617,-0.15545499,-0.93952829,0
-1.4604588,3.0352354,-0.75994837,-0.01626271,0.98559159,-0.16835865,0
3.5469422,1.7464046,1.1753702,0.95216334,0.06665498,0.29823124,0
0.86999404,-0.38880664,-0.048766255,0.30515617,-0.15545499,-0.93952829,0
-3.5753303,0.75137913,-1.5021741,-0.95216334,-0.06665498,-0.29823124,0
3.7777977,-2.6713681,1.9916022,0.95216334,0.06665498,0.29823124,0
2.6337214,3.144043,0.5802803,-0.01626271,0.98559159,-0.16835865,0
3.8448589,1.8059524,0.38466311,0.30515617,-0.15545499,-0.93952829,0
-3.8206544,-2.9198732,-1.089848,-0.95216334,-0.06665498,-0.29823124,0
1.9934824,-0.34679601,0.24869895,0.30515617,-0.15545499,-0.93952829,0
-3.7315569,1.6177889,-1.4513638,-0.95216334,-0.06665498,-0.29823124,0
3.9968925,2.7914295,0.48852873,0.95216334,0.06665498,0.29823124,0
3.7504089,-1.390249,1.3792911,0.95216334,0.06665498,0.29823124,0
-1.770658,-3.2040195,0.04317379,0.01626271,-0.98559159,0.16835865,0
2.6348286,0.21444178,1.3838665,-0.30515617,0.15545499,0.93952829,0
-3.3157947,-3.0977931,-0.34980249,0.01626271,-0.98559159,0.16835865,0
2.3035016,3.1322076,0.65291452,-0.01626271,0.98559159,-0.16835865,0
-3.8163664,-0.93916464,-0.78868914,-0.95216334,-0.06665498,-0.29823124,0
-2.372344,-1.2074316,-1.1070833,0.30515617,-0.15545499,-0.93952829,0
3.7693968,3.229094,0.27204227,-0.01626271,0.98559159,-0.16835865,0
1.9377539,-2.0811417,0.32932049,0.30515617,-0.15545499,-0.93952829,0
3.88866,-1.2853813,1.7202656,0.95216334,0.06665498,0.29823124,0
-2.3686428,1.170379,-1.5372696,0.30515617,-0.15545499,-0.93952829,0
-3.8460207,0.46136069,-1.693541,-0.95216334,-0.06665498,-0.29823124,0
3.5160227,1.9338815,0.29555225,0.30515617,-0.15545499,-0.93952829,0
2.638521,-2.6670794,1.5057452,0.01626271,-0.98559159,0.16835865,0
3.9439692,-1.9606876,1.1119952,0.95216334,0.06665498,0.29823124,0
3.8327553,1.3666275,1.20435,0.95216334,0.06665498,0.29823124,0
-0.8436929,1.8463953,-0.2228266,-0.30515617,0.15545499,0.93952829,0
-2.2973092,-0.53078461,-0.33086872,-0.30515617,0.15545499,0.93952829,0
-3.163312,-3.177331,-1.0038013,0.01626271,-0.98559159,0.16835865,0
0.1597414,-0.1943534,0.58265805,-0.30515617,0.15545499,0.93952829,0
-3.0565665,-0.18593025,-1.544486,0.30515617,-0.15545499,-0.93952829,0
-3.5883691,-2.9503214,-0.90485954,-0.95216334,-0.06665498,-0.29823124,0
-2.1975112,-1.2503213,0.045078754,-0.30515617,0.15545499,0.93952829,0
-2.7493951,-1.1749797,0.022885084,-0.30515617,0.15545499,0.93952829,0
-1.9468502,2.6981745,-0.97052824,-0.01626271,0.98559159,-0.16835865,0
-3.6193032,-2.6830785,-0.66199827,-0.95216334,-0.06665498,-0.29823124,0
3.2392738,-1.3255115,1.9873621,-0.30515617,0.15545499,0.93952829,0
-0.93419003,-2.9815567,0.25635839,0.01626271,-0.98559159,0.16835865,0
-2.6894534,-3.0169537,-0.6721549,0.01626271,-0.98559159,0.16835865,0
-3.9086008,1.2099391,-1.7134132,-0.95216334,-0.06665498,-0.29823124,0
-2.0055485,-0.98871315,-0.81655478,0.30515617,-0.15545499,-0.93952829,0
-2.5070024,2.5798206,-1.3326973,-0.01626271,0.98559159,-0.16835865,0
0.58060956,-2.9359636,0.73423964,0.01626271,-0.98559159,0.16835865,0
-3.8964653,2.4754024,-1.630466,-0.95216334,-0.06665498,-0.29823124,0
-4.1011209,0.53587043,-1.0945487,-0.95216334,-0.06665498,-0.29823124,0
-0.75050807,-2.9963498,0.36813831,0.01626271,-0.98559159,0.16835865,0
3.6385856,0.64701927,1.4558666,0.95216334,0.06665498,0.29823124,0
3.2342916,0.99212301,0.53571677,0.30515617,-0.15545499,-0.93952829,0
3.9102349,-0.88626575,1.7900958,0.95216334,0.06665498,0.29823124,0
1.0068133,-2.7728858,1.0141016,0.01626271,-0.98559159,0.16835865,0
3.668225,1.6594095,0.85880423,0.95216334,0.06665498,0.29823124,0
1.5025899,1.3940339,-0.2195797,0.30515617,-0.15545499,-0.93952829,0
3.2331824,-2.5371187,1.6012473,0.01626271,-0.98559159,0.16835865,0
-1.2246249,0.24592578,-1.0685167,0.30515617,-0.15545499,-0.93952829,0
3.9267554,-0.9195056,1.4392669,0.95216334,0.06665498,0.29823124,0
0.51934588,1.1264074,-0.68020755,0.30515617,-0.15545499,-0.93952829,0
3.9100192,-0.60737658,1.5734339,0.95216334,0.06665498,0.29823124,0
-2.5309534,-3.0197062,0.0056128502,0.01626271,-0.98559159,0.16835865,0
-4.0046229,2.8299909,-1.6082196,-0.95216334,-0.06665498,-0.29823124,0
0.078892946,2.8774314,-0.31761062,-0.01626271,0.98559159,-0.16835865,0
3.494699,2.9639909,0.92325544,0.95216334,0.06665498,0.29823124,0
-1.1559792,-2.9306047,0.023026705,0.01626271,-0.98559159,0.16835865,0
3.6537561,1.4732457,1.1643791,0.95216334,0.06665498,0.29823124,0
3.7148969,2.9552398,0.75879765,0.95216334,0.06665498,0.29823124,0
0.76328421,2.8045561,-0.35845041,-0.01626271,0.98559159,-0.16835865,0
-0.29686975,-2.8104243,0.85364723,0.01626271,-0.98559159,0.16835865,0
-0.067121148,1.9910344,0.10906273,-0.30515617,0.15545499,0.93952829,0
-3.1337311,2.8955913,-1.230809,-0.01626271,0.98559159,-0.16835865,0
-0.66563177,2.8068027,-1.0734807,-0.01626271,0.98559159,-0.16835865,0
3.5774865,1.7368634,1.1529493,0.95216334,0.06665498,0.29823124,0
-2.4240193,2.8284683,-0.86154336,-0.01626271,0.98559159,-0.16835865,0
0.75533032,1.362643,-0.65961421,0.30515617,-0.15545499,-0.93952829,0
1.1778958,-1.3093463,0.25916386,0.30515617,-0.15545499,-0.93952829,0
3.770947,-1.9461664,1.2039292,0.95216334,0.06665498,0.29823124,0
2.3379536,-2.6325555,1.2792189,0.01626271,-0.98559159,0.16835865,0
3.1196451,3.0743644,0.50445366,-0.01626271,0.98559159,-0.16835865,0
3.8996763,0.98815262,0.81052208,0.95216334,0.06665498,0.29823124,0
2.5535765,-2.7602632,1.553998,0.01626271,-0.98559159,0.16835865,0
-3.6228707,-3.4057708,-0.78240395,0.01626271,-0.98559159,0.16835865,0
-3.6622987,2.6145308,-2.1702437,-0.95216334,-0.06665498,-0.29823124,0
-1.7934147,2.1216793,-1.30914,0.30515617,-0.15545499,-0.93952829,0
4.0755725,-2.3304188,1.1270516,0.95216334,0.06665498,0.29823124,0
-3.6439524,-0.46266699,-1.6135116,-0.95216334,-0.06665498,-0.29823124,0
3.7708657,-1.5328454,1.7632012,0.95216334,0.06665498,0.29823124,0
-0.16692054,-0.29302537,0.58784407,-0.30515617,0.15545499,0.93952829,0
-2.1319289,2.1823673,-0.42762756,-0.30515617,0.15545499,0.93952829,0
-0.19260764,3.0774004,-0.778207,-0.01626271,0.98559159,-0.16835865,0
1.0058124,3.0076647,-0.017587662,-0.01626271,0.98559159,-0.16835865,0
1.9512944,2.8634973,-0.28318143,0.30515617,-0.15545499,-0.93952829,0
4.0077333,-1.9850432,1.5052118,0.95216334,0.06665498,0.29823124,0
1.632869,-1.5961378,1.2184194,-0.30515617,0.15545499,0.93952829,0
3.7505555,1.4765332,0.81402111,0.95216334,0.06665498,0.29823124,0
-3.8463438,-2.1450148,-0.98005676,-0.95216334,-0.06665498,-0.29823124,0
-1.9484198,2.970638,-1.1992044,-0.01626271,0.98559159,-0.16835865,0
1.4071634,-2.9074888,0.81979966,0.01626271,-0.98559159,0.16835865,0
-3.7831593,-0.56149983,-1.2705569,-0.95216334,-0.06665498,-0.29823124,0
-2.7851913,0.51184225,-0.40245414,-0.30515617,0.15545499,0.93952829,0
-3.6128793,-1.5791104,-1.5331707,-0.95216334,-0.06665498,-0.29823124,0
-3.4929311,-3.1261961,-1.2971621,-0.95216334,-0.06665498,-0.29823124,0
-2.3449426,1.9585253,-0.46888244,-0.30515617,0.15545499,0.93952829,0
-0.83349895,0.35512447,0.18818319,-0.30515617,0.15545499,0.93952829,0
-1.5343903,0.088487819,0.21495068,-0.30515617,0.15545499,0.93952829,0
3.6416547,2.6404181,1.3753953,-0.30515617,0.15545499,0.93952829,0
3.1025653,-3.0020745,0.9201144,0.01626271,-0.98559159,0.16835865,0
1.4050289,-1.2582014,0.19275689,0.30515617,-0.15545499,-0.93952829,0
3.5691648,3.1120663,0.70944977,0.95216334,0.06665498,0.29823124,0
0.37080884,-2.3847582,0.17853242,0.30515617,-0.15545499,-0.93952829,0
-0.23552203,-3.1749678,0.27370417,0.01626271,-0.98559159,0.16835865,0
3.8421874,0.12790525,1.0582125,0.95216334,0.06665498,0.29823124,0
1.2639029,-0.8857227,1.1657288,-0.30515617,0.15545499,0.93952829,0
-3.2278709,-1.5593214,-1.3823991,0.30515617,-0.15545499,-0.93952829,0
3.7501931,1.4781259,1.1493192,0.95216334,0.06665498,0.29823124,0
-3.8410683,-2.1151843,-0.53842068,-0.95216334,-0.06665498,-0.29823124,0
-3.3409386,-1.9369794,-0.44174051,-0.30515617,0.15545499,0.93952829,0
-3.7316074,0.1056335,-1.8268869,-0.95216334,-0.06665498,-0.29823124,0
-3.9421906,2.3861675,-1.7702284,-0.95216334,-0.06665498,-0.29823124,0
2.9449205,-2.6177354,1.591693,0.01626271,-0.98559159,0.16835865,0
-2.1374567,-3.0680137,-0.045560122,0.01626271,-0.98559159,0.16835865,0
3.8845408,0.42305851,1.1481986,0.95216334,0.06665498,0.29823124,0
-2.294348,2.9289358,-1.1176815,-0.01626271,0.98559159,-0.16835865,0
3.1463447,2.1409502,1.117022,-0.30515617,0.15545499,0.93952829,0
2.2104876,3.0639613,0.64726019,-0.30515617,0.15545499,0.93952829,0
1.5403637,-2.6719813,0.38368964,0.30515617,-0.15545499,-0.93952829,0
4.1145859,1.3065302,0.60414648,0.95216334,0.06665498,0.29823124,0
-2.6275606,2.5436597,-1.5581259,-0.01626271,0.98559159,-0.16835865,0
-3.6685343,0.3867023,-1.5988753,-0.95216334,-0.06665498,-0.29823124,0
0.86391377,2.8075738,-0.80384994,0.30515617,-0.15545499,-0.93952829,0
-0.87225568,-0.54211903,-0.68224585,0.30515617,-0.15545499,-0.93952829,0
3.8859761,2.1962595,0.57498598,0.95216334,0.06665498,0.29823124,0
3.8829303,1.8331302,1.0506649,0.95216334,0.06665498,0.29823124,0
3.829896,2.236984,0.83548927,0.95216334,0.06665498,0.29823124,0
-3.8173814,-1.4077523,-1.161696,-0.95216334,-0.06665498,-0.29823124,0
1.9969659,-1.3347527,0.28872359,0.30515617,-0.15545499,-0.93952829,0
4.1126709,-1.5411009,0.98614693,0.30515617,-0.15545499,-0.93952829,0
-3.6912029,-2.6861737,-1.0335336,-0.95216334,-0.06665498,-0.29823124,0
3.6831424,-0.8045249,1.3122418,0.95216334,0.06665498,0.29823124,0
-3.6690192,-1.5222788,-0.69462776,-0.95216334,-0.06665498,-0.29823124,0
3.9436171,-0.26628089,1.3788853,0.95216334,0.06665498,0.29823124,0
3.8039594,0.14998555,1.6041002,0.95216334,0.06665498,0.29823124,0
2.4482117,-1.5371951,1.7306747,-0.30515617,0.15545499,0.93952829,0
2.3206153,2.6360204,1.0119157,-0.30515617,0.15545499,0.93952829,0
-4.0766068,2.3574386,-1.2182338,-0.95216334,-0.06665498,-0.29823124,0
1.3955483,-2.2627311,1.341646,-0.30515617,0.15545499,0.93952829,0
-2.8281076,-1.923641,-0.19488144,-0.30515617,0.15545499,0.93952829,0
3.0499523,-0.65908802,0.50130129,0.30515617,-0.15545499,-0.93952829,0
-3.8103893,-0.64520931,-1.648458,-0.95216334,-0.06665498,-0.29823124,0
-3.6124864,1.1522707,-1.8301761,0.30515617,-0.15545499,-0.93952829,0
-0.2902782,2.5596936,-1.1788666,0.30515617,-0.15545499,-0.93952829,0
-2.5546517,-3.1606357,-0.28272963,0.01626271,-0.98559159,0.16835865,0
3.8744133,2.9396069,1.0065775,0.95216334,0.06665498,0.29823124,0
-0.80698037,-0.9283787,0.5868898,-0.30515617,0.15545499,0.93952829,0
-3.9777815,0.65619707,-1.5140142,-0.95216334,-0.06665498,-0.29823124,0
3.4979796,-0.73247969,1.6059113,-0.30515617,0.15545499,0.93952829,0
-1.6352386,-1.7848344,0.2235837,-0.30515617,0.15545499,0.93952829,0
0.92382669,2.8621266,-0.62875175,-0.01626271,0.98559159,-0.16835865,0
