1.4682618,3.6840222,-0.14246798,-0.29415894,0.92676467,-0.23361912,0
-3.7737503,-1.0483601,-2.4388468,-0.83824623,-0.36759204,-0.40276486,0
1.073251,-2.5998697,0.28543532,0.45914477,-0.077353477,-0.88498741,0
-3.9125104,-0.84637392,-1.8005922,-0.83824623,-0.36759204,-0.40276486,0
3.8968816,-1.3688576,2.2409949,0.29415894,-0.92676467,0.23361912,0
3.8312387,1.9680465,1.2871146,0.83824623,0.36759204,0.40276486,0
1.2700689,3.906086,0.31766582,-0.29415894,0.92676467,-0.23361912,0
-0.94359946,1.4915669,-0.9675858,0.45914477,-0.077353477,-0.88498741,0
-1.4291356,-3.9060328,-0.72346067,0.29415894,-0.92676467,0.23361912,0
-2.9504294,2.0035563,-1.2994785,-0.29415894,0.92676467,-0.23361912,0
-4.1162958,-1.0102888,-1.8354239,-0.83824623,-0.36759204,-0.40276486,0
3.1096277,-1.607866,2.1168644,0.29415894,-0.92676467,0.23361912,0
1.1363001,-1.2227805,1.117579,-0.45914477,0.077353477,0.88498741,0
-2.8954642,1.197468,-1.147617,-0.45914477,0.077353477,0.88498741,0
-2.4332037,2.2262304,-1.2877033,-0.29415894,0.92676467,-0.23361912,0
-3.0816612,1.6095482,-2.041486,-0.29415894,0.92676467,-0.23361912,0
0.90024948,0.13285226,-0.21415958,0.45914477,-0.077353477,-0.88498741,0
3.8535318,1.7303529,1.5865552,0.83824623,0.36759204,0.40276486,0
1.0773426,0.46319717,1.0544955,-0.45914477,0.077353477,0.88498741,0
4.0250196,1.1628764,1.6098766,0.83824623,0.36759204,0.40276486,0
-4.4628649,-0.12392259,-1.9119159,-0.83824623,-0.36759204,-0.40276486,0
-4.1946392,0.067064881,-2.4313989,-0.83824623,-0.36759204,-0.40276486,0
-2.6002369,-4.4152274,-1.0474777,0.29415894,-0.92676467,0.23361912,0
-3.7626817,1.4105656,-1.8409095,-0.29415894,0.92676467,-0.23361912,0
-1.2809546,-3.2666793,0.32326484,-0.45914477,0.077353477,0.88498741,0
-1.6272846,2.4479549,-0.78287077,-0.29415894,0.92676467,-0.23361912,0
2.1868749,-2.2136629,1.9474609,0.29415894,-0.92676467,0.23361912,0
3.4673185,3.3352361,1.3824279,0.83824623,0.36759204,0.40276486,0
-4.2606921,0.75972331,-1.4970919,-0.45914477,0.077353477,0.88498741,0
2.6888444,2.631804,1.825774,-0.45914477,0.077353477,0.88498741,0
-3.4514451,-2.4054699,-1.3852861,-0.83824623,-0.36759204,-0.40276486,0
3.0232704,2.3467309,2.0578787,-0.45914477,0.077353477,0.88498741,0
-0.45003873,-1.2013968,-0.52805775,0.45914477,-0.077353477,-0.88498741,0
-0.72094768,1.3932213,-1.0289462,0.45914477,-0.077353477,-0.88498741,0
3.4086013,2.6738183,1.2178638,0.83824623,0.36759204,0.40276486,0
-3.231838,-3.6196456,-1.6253157,-0.83824623,-0.36759204,-0.40276486,0
4.2919345,-0.00074577332,2.3073506,0.83824623,0.36759204,0.40276486,0
-3.9777594,-1.434865,-1.721663,-0.83824623,-0.36759204,-0.40276486,0
4.2506208,-0.4889549,2.2907715,0.83824623,0.36759204,0.40276486,0
-0.24743915,-3.2353177,0.0080144405,0.29415894,-0.92676467,0.23361912,0
-0.29290009,3.3348699,0.077966213,-0.29415894,0.92676467,-0.23361912,0
4.6714454,-1.1916109,2.1831517,0.29415894,-0.92676467,0.23361912,0
-2.4883125,-0.74763048,-1.8992848,0.45914477,-0.077353477,-0.88498741,0
-3.8200121,-0.69822764,-2.1552467,-0.83824623,-0.36759204,-0.40276486,0
-1.2063719,2.5149016,-1.2436023,-0.29415894,0.92676467,-0.23361912,0
4.1426921,0.57595706,2.0309298,0.83824623,0.36759204,0.40276486,0
-1.0128393,-2.5640059,0.3301239,-0.45914477,0.077353477,0.88498741,0
-1.0614014,-3.8174813,-0.16481924,0.29415894,-0.92676467,0.23361912,0
-4.1207752,-0.42553699,-1.9376231,-0.83824623,-0.36759204,-0.40276486,0
2.8086231,-2.1553299,1.4856433,0.29415894,-0.92676467,0.23361912,0
-3.4176209,-2.6018789,-1.7774727,-0.83824623,-0.36759204,-0.40276486,0
-3.3165188,-3.4781523,-0.95534205,-0.83824623,-0.36759204,-0.40276486,0
-3.0387704,-3.3720691,-0.85507941,-0.45914477,0.077353477,0.88498741,0
2.7220957,4.2126369,1.0708017,-0.29415894,0.92676467,-0.23361912,0
-3.6709983,-2.3625863,-1.3895442,-0.83824623,-0.36759204,-0.40276486,0
-3.3994036,-3.0401754,-1.0272405,-0.83824623,-0.36759204,-0.40276486,0
3.9323785,1.7374842,1.5498221,0.83824623,0.36759204,0.40276486,0
-4.457624,0.32233036,-2.3964345,-0.83824623,-0.36759204,-0.40276486,0
3.4912102,-1.2891537,2.5079367,0.29415894,-0.92676467,0.23361912,0
0.59968996,3.3523088,0.03140378,-0.29415894,0.92676467,-0.23361912,0
-4.3045082,-0.86068261,-1.5292716,-0.45914477,0.077353477,0.88498741,0
4.4558668,0.17215097,1.9620116,0.83824623,0.36759204,0.40276486,0
3.7712183,-1.7074296,1.9962361,0.29415894,-0.92676467,0.23361912,0
1.0701019,2.7392797,-0.10084987,0.45914477,-0.077353477,-0.88498741,0
-0.64149642,-1.3164687,0.41216654,-0.45914477,0.077353477,0.88498741,0
3.8921711,1.5101477,1.3698225,0.83824623,0.36759204,0.40276486,0
4.7860217,-1.0008183,1.9822423,0.83824623,0.36759204,0.40276486,0
-2.3555601,-4.2203493,-0.25192618,0.29415894,-0.92676467,0.23361912,0
-0.27991962,-3.0365362,0.50296879,0.29415894,-0.92676467,0.23361912,0
-2.0618277,-0.78724205,-1.4924765,0.45914477,-0.077353477,-0.88498741,0
-3.1446047,-1.0594704,-1.0198014,-0.45914477,0.077353477,0.88498741,0
-4.2505245,0.60270321,-2.7017052,-0.83824623,-0.36759204,-0.40276486,0
1.5826318,4.0794835,0.63317156,-0.29415894,0.92676467,-0.23361912,0
-2.2655101,-2.8149445,-1.6619828,0.45914477,-0.077353477,-0.88498741,0
4.3517666,0.33905029,1.5498784,0.83824623,0.36759204,0.40276486,0
0.62803769,3.5983791,-0.077880383,-0.29415894,0.92676467,-0.23361912,0
-1.3134016,2.2773397,-1.3470707,-0.29415894,0.92676467,-0.23361912,0
-3.8935289,-1.5824695,-1.5913682,-0.83824623,-0.36759204,-0.40276486,0
-2.4716289,1.9963586,-1.9009473,-0.29415894,0.92676467,-0.23361912,0
3.9601827,-1.5833658,2.0480044,0.29415894,-0.92676467,0.23361912,0
-0.48962045,2.9805095,-0.0090050697,-0.29415894,0.92676467,-0.23361912,0
0.21999335,3.3817089,0.19150805,-0.29415894,0.92676467,-0.23361912,0
2.2799191,-1.5736529,0.81716353,0.45914477,-0.077353477,-0.88498741,0
-2.1105378,-2.2366166,-1.3080552,0.45914477,-0.077353477,-0.88498741,0
-4.5585089,1.0684161,-2.5369334,-0.83824623,-0.36759204,-0.40276486,0
-3.1988964,-3.623795,-1.6851659,-0.83824623,-0.36759204,-0.40276486,0
-3.8163109,-2.0141177,-1.3567853,-0.83824623,-0.36759204,-0.40276486,0
-1.127532,1.3204507,-0.22686809,-0.45914477,0.077353477,0.88498741,0
1.0676458,-2.7935843,0.39920092,0.29415894,-0.92676467,0.23361912,0
1.3297806,1.3442869,-0.054373026,0.45914477,-0.077353477,-0.88498741,0
-0.66398919,-2.1127017,-0.7334125,0.45914477,-0.077353477,-0.88498741,0
2.816117,4.4021459,1.2726517,0.83824623,0.36759204,0.40276486,0
2.7045209,-1.9391625,1.4153509,0.29415894,-0.92676467,0.23361912,0
-2.3591721,-4.0955887,-0.29645061,-0.45914477,0.077353477,0.88498741,0
-3.6565626,-2.8153462,-1.4506149,-0.83824623,-0.36759204,-0.40276486,0
4.0128713,1.2290891,1.5548799,0.83824623,0.36759204,0.40276486,0
0.042281628,-3.0362427,-0.098699331,0.29415894,-0.92676467,0.23361912,0
-1.5957391,-3.8200231,-0.77375984,0.29415894,-0.92676467,0.23361912,0
1.6775701,2.1027031,1.082149,-0.45914477,0.077353477,0.88498741,0
2.8396976,3.6756933,0.7943337,0.45914477,-0.077353477,-0.88498741,0
-3.8676796,-1.2293154,-2.0964398,-0.83824623,-0.36759204,-0.40276486,0
3.8641419,0.31426859,2.3879154,0.83824623,0.36759204,0.40276486,0
2.2448127,2.9701176,1.5012965,-0.45914477,0.077353477,0.88498741,0
-4.5909081,0.67267036,-2.4766822,-0.83824623,-0.36759204,-0.40276486,0
-1.6900761,2.3477068,-1.5470552,-0.29415894,0.92676467,-0.23361912,0
-4.235393,-0.36615062,-2.5119686,-0.83824623,-0.36759204,-0.40276486,0
-2.9973068,-3.7651339,-1.5597253,-0.83824623,-0.36759204,-0.40276486,0
0.094707012,2.490099,0.3201946,-0.45914477,0.077353477,0.88498741,0
-2.0297775,-3.8409424,-0.051553488,0.29415894,-0.92676467,0.23361912,0
2.5381773,0.28656232,0.92413843,0.45914477,-0.077353477,-0.88498741,0
4.6334367,-1.0768389,2.351491,0.29415894,-0.92676467,0.23361912,0
-3.0592716,1.4515016,-0.95231766,-0.45914477,0.077353477,0.88498741,0
-2.9281497,-4.2003169,-0.8441453,0.29415894,-0.92676467,0.23361912,0
0.99870038,3.5722187,-0.21644163,-0.29415894,0.92676467,-0.23361912,0
-2.8653893,-4.040607,-1.4025047,-0.83824623,-0.36759204,-0.40276486,0
-1.906435,2.177557,-1.1010919,-0.29415894,0.92676467,-0.23361912,0
2.7322869,-1.7207555,0.8063513,0.45914477,-0.077353477,-0.88498741,0
1.5568531,3.9278793,0.62093735,-0.29415894,0.92676467,-0.23361912,0
2.0227191,-0.2009455,0.29702979,0.45914477,-0.077353477,-0.88498741,0
3.7405748,2.6197696,1.1450772,0.45914477,-0.077353477,-0.88498741,0
-2.2403283,2.3386459,-1.1909885,-0.29415894,0.92676467,-0.23361912,0
3.9279346,-1.442552,2.229372,0.29415894,-0.92676467,0.23361912,0
-3.8343949,-1.4445251,-1.7094169,-0.83824623,-0.36759204,-0.40276486,0
-0.51665401,-3.607398,-0.63011217,0.29415894,-0.92676467,0.23361912,0
1.406482,-2.6305344,0.86234766,0.29415894,-0.92676467,0.23361912,0
-0.61075878,2.6595612,-0.85902762,-0.29415894,0.92676467,-0.23361912,0
4.060667,0.52169776,2.2686081,0.83824623,0.36759204,0.40276486,0
-3.1635585,-1.8452876,-2.1157224,0.45914477,-0.077353477,-0.88498741,0
-3.4673462,-2.0222902,-1.9254677,-0.83824623,-0.36759204,-0.40276486,0
-1.3021879,-3.8372591,-0.66167164,0.29415894,-0.92676467,0.23361912,0
-0.25687504,2.932271,-1.1362922,0.45914477,-0.077353477,-0.88498741,0
-2.0507686,-4.0843444,-0.98456812,0.29415894,-0.92676467,0.23361912,0
3.5016179,-1.7220547,2.3200867,0.29415894,-0.92676467,0.23361912,0
-3.4189508,-0.30147392,-2.5333712,0.45914477,-0.077353477,-0.88498741,0
4.3679314,-0.8790381,2.8638873,0.83824623,0.36759204,0.40276486,0
-4.5533199,0.54406023,-2.2957034,-0.83824623,-0.36759204,-0.40276486,0
-3.6089411,1.6151104,-1.733824,-0.29415894,0.92676467,-0.23361912,0
3.8810816,1.5536103,1.6973784,0.83824623,0.36759204,0.40276486,0
3.0817478,-1.744928,1.8043501,0.29415894,-0.92676467,0.23361912,0
3.5775092,1.9923675,1.6397567,0.83824623,0.36759204,0.40276486,0
-1.1223681,-0.69867647,-0.0087990761,-0.45914477,0.077353477,0.88498741,0
-4.3487,0.64812082,-2.7813039,-0.83824623,-0.36759204,-0.40276486,0
3.1391468,0.81629199,2.1703711,-0.45914477,0.077353477,0.88498741,0
0.85838258,-0.74817955,1.2783562,-0.45914477,0.077353477,0.88498741,0
-3.8107028,-2.3333554,-1.1072595,-0.45914477,0.077353477,0.88498741,0
1.5424758,-2.6719189,0.93718958,0.29415894,-0.92676467,0.23361912,0
-2.3585844,2.1054163,-1.8065201,-0.29415894,0.92676467,-0.23361912,0
1.2307286,-2.1008945,1.4304492,-0.45914477,0.077353477,0.88498741,0
0.5996213,3.432766,0.26694179,-0.29415894,0.92676467,-0.23361912,0
4.0804482,0.47828698,2.4132025,0.83824623,0.36759204,0.40276486,0
-4.0447645,-1.9924656,-1.3810291,-0.83824623,-0.36759204,-0.40276486,0
-2.5122743,-4.3107777,-1.2522907,0.29415894,-0.92676467,0.23361912,0
-3.0905309,-4.1932011,-0.89078236,-0.83824623,-0.36759204,-0.40276486,0
3.7011707,-0.044774652,1.4171443,0.45914477,-0.077353477,-0.88498741,0
1.9802675,3.80546,0.3978157,-0.29415894,0.92676467,-0.23361912,0
3.1885672,3.458359,1.669044,0.83824623,0.36759204,0.40276486,0
2.3266513,-2.1511188,1.7215981,0.29415894,-0.92676467,0.23361912,0
4.0798464,-1.2267118,1.8761322,0.45914477,-0.077353477,-0.88498741,0
-2.2290525,1.9865334,-0.89233047,-0.45914477,0.077353477,0.88498741,0
-1.8168317,0.66844535,-1.3993388,0.45914477,-0.077353477,-0.88498741,0
-1.8679293,2.2600768,-1.2605529,-0.29415894,0.92676467,-0.23361912,0
4.4599223,-0.64039481,2.1798923,0.83824623,0.36759204,0.40276486,0
-2.0510924,-1.3568226,-1.5239658,0.45914477,-0.077353477,-0.88498741,0
-2.3835802,1.4188972,-1.9350393,0.45914477,-0.077353477,-0.88498741,0
2.9742901,3.8314848,1.4276669,0.83824623,0.36759204,0.40276486,0
3.9803448,0.28661573,2.5170879,0.83824623,0.36759204,0.40276486,0
-0.75984693,-2.4703918,0.16824782,-0.45914477,0.077353477,0.88498741,0
-1.077428,2.6052616,-0.47843134,-0.29415894,0.92676467,-0.23361912,0
-3.0469532,-1.691871,-1.9630163,0.45914477,-0.077353477,-0.88498741,0
4.7069263,-1.283041,2.1992397,0.83824623,0.36759204,0.40276486,0
3.4987729,-1.099227,2.5272112,-0.45914477,0.077353477,0.88498741,0
-2.8803225,0.28988424,-2.1990442,0.45914477,-0.077353477,-0.88498741,0
-1.7406393,-3.8591261,-0.43346858,0.29415894,-0.92676467,0.23361912,0
3.708775,1.8750596,1.3765759,0.83824623,0.36759204,0.40276486,0
-4.4199266,-0.43276739,-2.0617332,-0.83824623,-0.36759204,-0.40276486,0
3.3939583,3.2960536,0.95639849,0.83824623,0.36759204,0.40276486,0
-0.093421936,2.4094238,0.45880318,-0.45914477,0.077353477,0.88498741,0
1.2149279,3.7927527,0.73609781,-0.29415894,0.92676467,-0.23361912,0
1.8031797,-2.4398503,0.73710799,0.29415894,-0.92676467,0.23361912,0
1.4943098,1.0905514,0.29641235,0.45914477,-0.077353477,-0.88498741,0
3.7503231,-1.3759044,1.4165686,0.45914477,-0.077353477,-0.88498741,0
4.3500671,0.27412748,2.0280178,0.83824623,0.36759204,0.40276486,0
1.4913397,1.7782741,1.0234226,-0.45914477,0.077353477,0.88498741,0
-3.0223684,1.7463782,-1.9920859,-0.29415894,0.92676467,-0.23361912,0
3.1781437,1.4585943,2.2329042,-0.45914477,0.077353477,0.88498741,0
-4.3410673,1.2726732,-2.7763433,-0.29415894,0.92676467,-0.23361912,0
-3.9148049,-1.5988157,-1.6646485,-0.83824623,-0.36759204,-0.40276486,0
2.4665847,-2.0326524,1.6737586,0.29415894,-0.92676467,0.23361912,0
-2.4199395,-3.6779668,-0.35604429,-0.45914477,0.077353477,0.88498741,0
3.7955084,1.8510838,1.8535259,0.83824623,0.36759204,0.40276486,0
1.835597,-2.4488516,1.0075111,0.29415894,-0.92676467,0.23361912,0
0.39196634,3.2828841,0.12722087,-0.29415894,0.92676467,-0.23361912,0
2.4477248,4.1614785,1.2279522,-0.29415894,0.92676467,-0.23361912,0
-3.843822,-1.389326,-2.1520295,-0.83824623,-0.36759204,-0.40276486,0
2.3684211,-1.6852392,1.9443617,-0.45914477,0.077353477,0.88498741,0
-1.1970963,1.8391987,-1.4382958,0.45914477,-0.077353477,-0.88498741,0
-4.4164944,1.1044545,-2.5436273,-0.83824623,-0.36759204,-0.40276486,0
4.4548101,-0.56633121,2.6727777,0.83824623,0.36759204,0.40276486,0
-2.3772964,0.19627029,-1.9630537,0.45914477,-0.077353477,-0.88498741,0
-0.34103203,2.8485579,-0.52989292,-0.29415894,0.92676467,-0.23361912,0
-1.4610498,-3.7265725,-0.72896814,0.29415894,-0.92676467,0.23361912,0
-3.8956261,-0.43512797,-2.5157385,-0.83824623,-0.36759204,-0.40276486,0
-0.074285746,2.8585956,-0.72266936,0.45914477,-0.077353477,-0.88498741,0
1.8094254,-2.4265065,1.5309889,0.29415894,-0.92676467,0.23361912,0
4.1782198,-1.0374444,2.674674,0.29415894,-0.92676467,0.23361912,0
1.1926706,-2.6975605,0.25128734,0.29415894,-0.92676467,0.23361912,0
-2.4150305,0.34744987,-1.6858143,0.45914477,-0.077353477,-0.88498741,0
4.1685882,-1.3944848,1.6428459,0.29415894,-0.92676467,0.23361912,0
-3.8558655,-1.4651512,-1.7169535,-0.83824623,-0.36759204,-0.40276486,0
3.837692,-0.41897321,1.3140928,0.45914477,-0.077353477,-0.88498741,0
3.23295,-1.3687766,2.4913545,-0.45914477,0.077353477,0.88498741,0
-3.5626426,-0.28282726,-1.2012303,-0.45914477,0.077353477,0.88498741,0
-1.8198248,-3.9792166,0.0055077076,0.29415894,-0.92676467,0.23361912,0
4.6184525,-0.74580812,2.5770733,0.83824623,0.36759204,0.40276486,0
4.7405891,-1.1731355,2.3345942,0.83824623,0.36759204,0.40276486,0
-0.10404301,-3.1548514,0.90112174,0.29415894,-0.92676467,0.23361912,0
3.9259043,-0.4909516,2.4667161,-0.45914477,0.077353477,0.88498741,0
0.22463703,-3.0416451,-0.13017511,0.29415894,-0.92676467,0.23361912,0
1.295907,-0.96202767,1.4552008,-0.45914477,0.077353477,0.88498741,0
1.4313552,4.059999,0.82938933,-0.29415894,0.92676467,-0.23361912,0
-4.3040695,0.50769484,-2.5599597,-0.83824623,-0.36759204,-0.40276486,0
-0.70762157,0.37567312,0.34160441,-0.45914477,0.077353477,0.88498741,0
-2.5815034,1.6683116,-1.9111811,0.45914477,-0.077353477,-0.88498741,0
0.77953529,3.5658751,0.48133492,-0.29415894,0.92676467,-0.23361912,0
3.5945215,1.6380231,2.0290418,0.83824623,0.36759204,0.40276486,0
-1.5255291,1.2191209,-0.20584632,-0.45914477,0.077353477,0.88498741,0
1.6325173,-1.1197338,1.5679049,-0.45914477,0.077353477,0.88498741,0
3.310405,3.0091217,1.0624287,0.83824623,0.36759204,0.40276486,0
-1.9188995,2.2512536,-1.0157495,-0.29415894,0.92676467,-0.23361912,0
-3.378325,-2.0977635,-2.1770754,-0.83824623,-0.36759204,-0.40276486,0
1.9313719,0.099058688,1.7573383,-0.45914477,0.077353477,0.88498741,0
1.3690109,3.2595122,0.94149041,-0.45914477,0.077353477,0.88498741,0
-1.1006474,2.8371367,-0.83407241,-0.29415894,0.92676467,-0.23361912,0
-0.78736329,2.7825966,-0.76822156,-0.29415894,0.92676467,-0.23361912,0
3.2310188,3.7286823,1.525023,0.83824623,0.36759204,0.40276486,0
0.24828219,2.2637496,0.35391092,-0.45914477,0.077353477,0.88498741,0
4.1767273,0.46946824,1.9419742,0.83824623,0.36759204,0.40276486,0
1.9450479,3.9567091,0.59930944,-0.29415894,0.92676467,-0.23361912,0
-3.5371745,-3.0611815,-1.0147169,-0.83824623,-0.36759204,-0.40276486,0
0.6691215,1.8056048,-0.16754842,0.45914477,-0.077353477,-0.88498741,0
1.5200465,3.8687611,0.53081393,-0.29415894,0.92676467,-0.23361912,0
-3.3991914,-2.9782813,-1.3689337,-0.83824623,-0.36759204,-0.40276486,0
-3.2846189,-3.3288207,-0.82765985,-0.45914477,0.077353477,0.88498741,0
3.0220599,4.0433607,1.4359713,0.83824623,0.36759204,0.40276486,0
-2.9544735,-4.0476704,-1.8184173,-0.83824623,-0.36759204,-0.40276486,0
-1.4430002,2.6507549,-0.87258911,-0.29415894,0.92676467,-0.23361912,0
0.2089777,3.5003424,0.3146801,-0.29415894,0.92676467,-0.23361912,0
-1.9749677,-0.77206331,-1.5828183,0.45914477,-0.077353477,-0.88498741,0
0.79804492,3.4944804,0.58939052,-0.29415894,0.92676467,-0.23361912,0
1.1014078,3.752166,0.73825932,-0.29415894,0.92676467,-0.23361912,0
-2.5677285,-1.8294617,-1.8906553,0.45914477,-0.077353477,-0.88498741,0
-0.25421739,-1.9958801,-0.74217892,0.45914477,-0.077353477,-0.88498741,0
4.2228951,-1.2466649,2.0555909,0.29415894,-0.92676467,0.23361912,0
3.7845476,-1.6714926,1.584415,0.29415894,-0.92676467,0.23361912,0
-2.5374172,-4.1633472,-0.87321305,0.29415894,-0.92676467,0.23361912,0
3.7220421,2.0687082,1.5808644,0.83824623,0.36759204,0.40276486,0
-2.4668329,2.1144919,-1.4402155,-0.29415894,0.92676467,-0.23361912,0
-3.2002511,-4.0194845,-0.56865311,-0.45914477,0.077353477,0.88498741,0
-0.54206765,-2.9689579,0.52118063,-0.45914477,0.077353477,0.88498741,0
-4.8237901,1.0437096,-2.3655787,-0.83824623,-0.36759204,-0.40276486,0
1.5869344,-2.1114416,1.6728898,0.29415894,-0.92676467,0.23361912,0
-0.94167876,-3.6362998,0.25352144,0.29415894,-0.92676467,0.23361912,0
-2.0311632,-3.9017253,-0.62524891,0.29415894,-0.92676467,0.23361912,0
-1.9418627,-2.232007,-0.043445826,-0.45914477,0.077353477,0.88498741,0
1.2282627,2.8499434,1.0251293,-0.45914477,0.077353477,0.88498741,0
3.8653755,0.72657073,2.1870806,0.83824623,0.36759204,0.40276486,0
-1.8480099,0.6618135,-0.30200031,-0.45914477,0.077353477,0.88498741,0
-1.4600227,0.33468884,-0.23003945,-0.45914477,0.077353477,0.88498741,0
3.1708145,3.4210889,1.4844224,0.83824623,0.36759204,0.40276486,0
0.4754107,3.1737959,-0.033941269,-0.29415894,0.92676467,-0.23361912,0
-3.5078459,-2.0736108,-2.0625186,-0.83824623,-0.36759204,-0.40276486,0
2.5336261,-2.155236,1.6438498,0.29415894,-0.92676467,0.23361912,0
-1.6099529,-1.7220974,-1.30567,0.45914477,-0.077353477,-0.88498741,0
-3.1941934,-3.457953,-1.7146416,-0.83824623,-0.36759204,-0.40276486,0
0.86163783,-2.7450485,0.8109082,0.29415894,-0.92676467,0.23361912,0
4.0780888,1.9004952,1.3230636,0.83824623,0.36759204,0.40276486,0
-3.0973628,0.26271844,-1.995144,0.45914477,-0.077353477,-0.88498741,0
1.0940763,-0.96004641,1.0810919,-0.45914477,0.077353477,0.88498741,0
-3.4007087,-1.5539644,-1.1975651,-0.45914477,0.077353477,0.88498741,0
-3.7071865,-2.1869287,-1.8049624,-0.83824623,-0.36759204,-0.40276486,0
-3.6901691,-1.7408609,-2.0225172,-0.83824623,-0.36759204,-0.40276486,0
0.96529835,1.266892,-0.26601267,0.45914477,-0.077353477,-0.88498741,0
-1.3383064,2.4377561,-1.2834778,-0.29415894,0.92676467,-0.23361912,0
3.9222927,1.6839392,1.5535913,0.83824623,0.36759204,0.40276486,0
-2.1339157,-2.4006252,-1.4478972,0.45914477,-0.077353477,-0.88498741,0
2.123178,0.23953784,0.4624387,0.45914477,-0.077353477,-0.88498741,0
1.8343518,3.8248477,0.52883267,-0.29415894,0.92676467,-0.23361912,0
0.11647815,-0.73310101,-0.30407214,0.45914477,-0.077353477,-0.88498741,0
-2.9312122,1.5039444,-0.86165208,-0.45914477,0.077353477,0.88498741,0
-0.79933739,2.8447876,-0.28772497,-0.29415894,0.92676467,-0.23361912,0
-0.7577405,2.8543215,-0.44018757,-0.29415894,0.92676467,-0.23361912,0
0.52798963,3.293113,0.23812175,-0.29415894,0.92676467,-0.23361912,0
4.1585183,0.46065271,1.6668544,0.83824623,0.36759204,0.40276486,0
-3.6222658,-3.0088181,-1.2556434,-0.83824623,-0.36759204,-0.40276486,0
-1.1841276,1.7802384,-1.4631941,0.45914477,-0.077353477,-0.88498741,0
-3.1961687,-2.1199141,-0.77209616,-0.45914477,0.077353477,0.88498741,0
1.4732132,2.110806,0.17487741,0.45914477,-0.077353477,-0.88498741,0
1.4304844,-2.6605124,0.87072504,0.29415894,-0.92676467,0.23361912,0
1.6978114,3.8713102,1.0971935,-0.29415894,0.92676467,-0.23361912,0
2.0056896,-2.3883121,0.73807347,0.29415894,-0.92676467,0.23361912,0
2.8270345,3.8599982,1.5044484,0.83824623,0.36759204,0.40276486,0
4.0706801,0.71922922,2.1742902,0.83824623,0.36759204,0.40276486,0
-1.2120728,-3.7154043,-0.026072741,0.29415894,-0.92676467,0.23361912,0
2.3497405,4.0609226,0.69002748,-0.29415894,0.92676467,-0.23361912,0
1.8825283,0.22139545,1.7292972,-0.45914477,0.077353477,0.88498741,0
1.6359344,3.2441566,1.2081199,-0.45914477,0.077353477,0.88498741,0
-1.9557415,2.4746251,-1.3967133,-0.29415894,0.92676467,-0.23361912,0
1.0466549,2.5134568,0.72182012,-0.45914477,0.077353477,0.88498741,0
-1.5311167,-2.2228105,-1.1411982,0.45914477,-0.077353477,-0.88498741,0
-3.6101418,-2.4705343,-1.5022714,-0.83824623,-0.36759204,-0.40276486,0
1.0798647,-1.3917108,0.31845453,0.45914477,-0.077353477,-0.88498741,0
1.9997609,0.095287919,0.42161137,0.45914477,-0.077353477,-0.88498741,0
3.4714499,3.2784886,1.2309403,0.83824623,0.36759204,0.40276486,0
1.1243374,-2.8556552,0.76036793,0.29415894,-0.92676467,0.23361912,0
-0.074026585,3.2648377,-0.64649975,-0.29415894,0.92676467,-0.23361912,0
4.6660962,-0.077792645,1.9697943,0.83824623,0.36759204,0.40276486,0
-3.021769,-4.320014,-1.3222065,-0.83824623,-0.36759204,-0.40276486,0
-2.2624793,2.45242,-0.8375147,-0.29415894,0.92676467,-0.23361912,0
-1.5542519,-3.9746695,-1.0644603,0.29415894,-0.92676467,0.23361912,0
2.6885614,4.5746193,1.0781846,-0.29415894,0.92676467,-0.23361912,0
1.1755006,-1.4247475,1.1629318,-0.45914477,0.077353477,0.88498741,0
-1.7823606,-3.9319794,-0.54763985,0.29415894,-0.92676467,0.23361912,0
4.494473,-1.3608323,2.5533266,0.29415894,-0.92676467,0.23361912,0
-3.3918655,1.6063021,-2.0932517,-0.29415894,0.92676467,-0.23361912,0
-0.80622745,0.43002665,-0.9489398,0.45914477,-0.077353477,-0.88498741,0
1.1296362,0.89373517,1.0778158,-0.45914477,0.077353477,0.88498741,0
3.5033057,1.889488,1.9005954,0.83824623,0.36759204,0.40276486,0
3.7546477,1.4892257,1.6842263,0.83824623,0.36759204,0.40276486,0
1.8493708,-1.5862203,1.6896975,-0.45914477,0.077353477,0.88498741,0
2.7026784,2.5731528,1.8810358,-0.45914477,0.077353477,0.88498741,0
2.925889,-2.0312865,1.3987371,0.29415894,-0.92676467,0.23361912,0
0.67251992,3.5335157,-0.052580118,-0.29415894,0.92676467,-0.23361912,0
-2.4922595,-2.4001093,-0.39362359,-0.45914477,0.077353477,0.88498741,0
0.61788678,-2.0277159,0.95473117,-0.45914477,0.077353477,0.88498741,0
-2.5853229,1.9831893,-1.5876799,-0.29415894,0.92676467,-0.23361912,0
-0.20184159,-3.3285351,0.11548853,0.29415894,-0.92676467,0.23361912,0
-1.9115354,-0.9119637,-1.5930032,0.45914477,-0.077353477,-0.88498741,0
-1.1534419,-3.5405579,-0.00072431564,0.29415894,-0.92676467,0.23361912,0
-3.4543836,-3.1158605,-1.511256,-0.83824623,-0.36759204,-0.40276486,0
3.6720605,2.1400948,1.3608932,0.83824623,0.36759204,0.40276486,0
4.4589043,-0.27567935,1.878545,0.83824623,0.36759204,0.40276486,0
0.6865921,3.5680394,0.019953489,-0.29415894,0.92676467,-0.23361912,0
1.3782282,2.5457847,-0.069461346,0.45914477,-0.077353477,-0.88498741,0
3.5442114,1.4327536,0.95120502,0.45914477,-0.077353477,-0.88498741,0
-3.9159398,-0.59722078,-1.2006369,-0.45914477,0.077353477,0.88498741,0
1.8420513,3.9181309,0.91075826,-0.29415894,0.92676467,-0.23361912,0
4.3682823,0.43869519,1.8055305,0.83824623,0.36759204,0.40276486,0
-3.3051062,-2.9549463,-1.8378575,-0.83824623,-0.36759204,-0.40276486,0
0.73698068,3.7203693,0.22949409,-0.29415894,0.92676467,-0.23361912,0
-3.2608538,-4.4557657,-0.78260374,-0.83824623,-0.36759204,-0.40276486,0
-3.0098786,1.7765219,-1.5858408,-0.29415894,0.92676467,-0.23361912,0
-4.0945797,-0.75561023,-1.9433627,-0.83824623,-0.36759204,-0.40276486,0
3.3280914,2.9982219,1.900214,0.83824623,0.36759204,0.40276486,0
3.1716278,2.3370404,1.9821942,0.83824623,0.36759204,0.40276486,0
-3.9746628,-0.026951075,-2.4054432,0.45914477,-0.077353477,-0.88498741,0
-3.3769181,-3.5958755,-1.0097108,-0.83824623,-0.36759204,-0.40276486,0
1.9971492,-0.61422926,0.52632052,0.45914477,-0.077353477,-0.88498741,0
-2.6727943,-3.7171934,-1.43625,0.45914477,-0.077353477,-0.88498741,0
2.2663496,-2.0504601,1.2707061,0.29415894,-0.92676467,0.23361912,0
-3.9984932,-1.4315926,-1.6837416,-0.83824623,-0.36759204,-0.40276486,0
-2.6869097,1.0112772,-0.78895628,-0.45914477,0.077353477,0.88498741,0
3.1124604,3.4033155,1.1657848,0.83824623,0.36759204,0.40276486,0
3.6125934,0.59334016,2.2139659,-0.45914477,0.077353477,0.88498741,0
-0.73229957,2.934166,0.078682423,-0.29415894,0.92676467,-0.23361912,0
3.4389219,2.4424353,1.2991104,0.83824623,0.36759204,0.40276486,0
-3.5043712,1.5560449,-1.7354193,-0.29415894,0.92676467,-0.23361912,0
-0.15469031,0.053148806,0.50984555,-0.45914477,0.077353477,0.88498741,0
1.6143782,3.4644737,0.96435308,-0.45914477,0.077353477,0.88498741,0
2.8006144,-2.2061181,1.2884295,0.29415894,-0.92676467,0.23361912,0
-1.8191881,-0.32793206,-1.5176387,0.45914477,-0.077353477,-0.88498741,0
3.0401378,3.7927363,1.3726254,0.83824623,0.36759204,0.40276486,0
-3.6862245,-2.4643521,-1.3076434,-0.83824623,-0.36759204,-0.40276486,0
-4.3192539,-0.081942916,-2.2692747,-0.83824623,-0.36759204,-0.40276486,0
-1.5367148,-3.9045939,-0.95629668,0.29415894,-0.92676467,0.23361912,0
-4.044785,1.2604663,-2.8046379,-0.29415894,0.92676467,-0.23361912,0
2.2150576,0.13334084,1.6169802,-0.45914477,0.077353477,0.88498741,0
-2.2136769,1.5010605,-0.5116511,-0.45914477,0.077353477,0.88498741,0
0.027179241,-3.2139564,0.85857642,0.29415894,-0.92676467,0.23361912,0
1.722229,-0.5921402,1.6897922,-0.45914477,0.077353477,0.88498741,0
-1.8810228,2.4974613,-1.1434675,-0.29415894,0.92676467,-0.23361912,0
3.2051625,3.9308009,0.92503929,0.83824623,0.36759204,0.40276486,0
1.2761792,0.075311005,0.076784134,0.45914477,-0.077353477,-0.88498741,0
3.2658112,-1.2762222,2.1776686,-0.45914477,0.077353477,0.88498741,0
-3.9971983,-0.27168071,-2.3310077,-0.83824623,-0.36759204,-0.40276486,0
-2.3770106,-2.9724548,-0.62009764,-0.45914477,0.077353477,0.88498741,0
4.4234633,0.11428916,1.8011309,0.45914477,-0.077353477,-0.88498741,0
-1.9846556,-4.1697078,-0.67268109,0.29415894,-0.92676467,0.23361912,0
0.19777226,2.6655419,-0.6155535,0.45914477,-0.077353477,-0.88498741,0
2.7977624,-2.0687129,1.8147426,0.29415894,-0.92676467,0.23361912,0
-1.6399188,-1.3251313,-1.1858543,0.45914477,-0.077353477,-0.88498741,0
4.3178773,-1.2826345,2.6677713,0.29415894,-0.92676467,0.23361912,0
3.6103399,-1.2782838,2.4208405,-0.45914477,0.077353477,0.88498741,0
-2.1193686,0.37996331,-1.7293503,0.45914477,-0.077353477,-0.88498741,0
4.5197029,-0.29200041,1.7074214,0.45914477,-0.077353477,-0.88498741,0
3.5564277,2.0722287,1.4441097,0.83824623,0.36759204,0.40276486,0
-2.9915571,1.6010926,-2.2117217,-0.29415894,0.92676467,-0.23361912,0
-2.9207902,-3.6155221,-1.5794973,-0.83824623,-0.36759204,-0.40276486,0
-3.8634562,-0.43627053,-2.6857324,-0.83824623,-0.36759204,-0.40276486,0
-2.2000017,2.0921092,-0.99791163,-0.29415894,0.92676467,-0.23361912,0
0.6733458,-2.6526337,0.65124393,0.29415894,-0.92676467,0.23361912,0
0.68683934,-0.75117564,0.98544919,-0.45914477,0.077353477,0.88498741,0
3.6931098,1.2370877,2.217644,0.83824623,0.36759204,0.40276486,0
0.27861404,3.1154251,-0.26867366,-0.29415894,0.92676467,-0.23361912,0
3.0706761,3.733258,1.3831003,0.83824623,0.36759204,0.40276486,0
3.4995158,3.0135467,1.3147891,0.83824623,0.36759204,0.40276486,0
-1.6744215,2.432919,-0.99862093,-0.29415894,0.92676467,-0.23361912,0
-0.84879053,2.5022879,-1.2435633,-0.29415894,0.92676467,-0.23361912,0
3.3610432,-0.83956242,1.1856958,0.45914477,-0.077353477,-0.88498741,0
-4.7871761,0.79099071,-2.2427986,-0.83824623,-0.36759204,-0.40276486,0
0.7172513,-2.8066938,0.39021981,0.29415894,-0.92676467,0.23361912,0
-3.3731465,-3.1959782,-0.98284435,-0.83824623,-0.36759204,-0.40276486,0
1.4700395,-2.5436468,1.2206852,0.29415894,-0.92676467,0.23361912,0
-2.0369182,1.3299683,-0.39170176,-0.45914477,0.077353477,0.88498741,0
-4.040328,-1.1516138,-1.4154327,-0.83824623,-0.36759204,-0.40276486,0
4.106319,-0.16473508,2.4859591,0.83824623,0.36759204,0.40276486,0
-4.4159036,1.0528725,-2.8755898,0.45914477,-0.077353477,-0.88498741,0
-3.7728174,-1.9324156,-1.6293521,-0.83824623,-0.36759204,-0.40276486,0
1.4656719,-2.4238012,1.4651631,0.29415894,-0.92676467,0.23361912,0
-4.4806876,-0.45046806,-1.5452909,-0.83824623,-0.36759204,-0.40276486,0
-2.8168559,1.6898901,-2.1312335,-0.29415894,0.92676467,-0.23361912,0
-1.2040923,-1.0763198,-0.12808311,-0.45914477,0.077353477,0.88498741,0
-1.084187,-3.8906882,-0.69300485,0.29415894,-0.92676467,0.23361912,0
-3.5610132,-3.0151501,-1.4183249,-0.83824623,-0.36759204,-0.40276486,0
0.019492149,-3.2353005,-0.047409058,0.29415894,-0.92676467,0.23361912,0
-0.1740768,-1.9250555,0.59432518,-0.45914477,0.077353477,0.88498741,0
-0.91329455,-0.89181453,0.13851535,-0.45914477,0.077353477,0.88498741,0
-1.3869514,-3.9631515,-0.94067812,0.29415894,-0.92676467,0.23361912,0
-0.019043922,-2.8437014,0.6674093,-0.45914477,0.077353477,0.88498741,0
0.0062816143,1.1757187,-0.77313638,0.45914477,-0.077353477,-0.88498741,0
1.2202208,3.5223103,0.1042583,-0.29415894,0.92676467,-0.23361912,0
3.3012738,3.9807091,0.69470549,0.83824623,0.36759204,0.40276486,0
-1.5249808,2.5610886,-0.87787521,-0.29415894,0.92676467,-0.23361912,0
4.4447384,-0.51105911,2.8143053,0.83824623,0.36759204,0.40276486,0
-1.4691367,-3.7826385,-0.073704004,-0.45914477,0.077353477,0.88498741,0
-4.2047219,-0.74188566,-1.9971194,-0.83824623,-0.36759204,-0.40276486,0
-0.45834398,-2.1026378,-0.7443372,0.45914477,-0.077353477,-0.88498741,0
-4.6539736,0.74820185,-2.3899059,-0.83824623,-0.36759204,-0.40276486,0
-1.9578784,-1.8288889,-1.2553072,0.45914477,-0.077353477,-0.88498741,0
3.3867815,2.7750969,1.6351824,0.83824623,0.36759204,0.40276486,0
2.6540174,0.46698102,2.116775,-0.45914477,0.077353477,0.88498741,0
3.0787544,-1.7504359,1.4273784,0.29415894,-0.92676467,0.23361912,0
4.1417694,0.10086346,2.0515378,0.83824623,0.36759204,0.40276486,0
0.51297784,3.5948386,0.31188965,-0.29415894,0.92676467,-0.23361912,0
-3.5978224,0.8075875,-1.2569816,-0.45914477,0.077353477,0.88498741,0
1.5637116,3.7441716,0.61147857,-0.29415894,0.92676467,-0.23361912,0
1.2668099,-0.41330701,0.0058608949,0.45914477,-0.077353477,-0.88498741,0
3.5455627,-1.6681881,2.2490892,0.29415894,-0.92676467,0.23361912,0
1.2272323,-2.0406475,1.5332683,-0.45914477,0.077353477,0.88498741,0
4.7454939,-1.1110368,2.0517087,0.83824623,0.36759204,0.40276486,0
3.3648746,2.5351195,1.6737909,0.83824623,0.36759204,0.40276486,0
4.0908055,-1.4620063,2.7285352,0.29415894,-0.92676467,0.23361912,0
2.8964665,-0.87469667,2.0933385,-0.45914477,0.077353477,0.88498741,0
-3.675144,-1.6699239,-1.7086992,-0.83824623,-0.36759204,-0.40276486,0
3.6283202,1.8003845,1.6407874,0.83824623,0.36759204,0.40276486,0
0.96462893,-2.7582126,0.59025663,0.29415894,-0.92676467,0.23361912,0
4.0850592,0.78106451,1.7875922,0.83824623,0.36759204,0.40276486,0
-2.3182709,-2.2836359,-0.53742838,-0.45914477,0.077353477,0.88498741,0
-2.4867132,1.8284159,-2.186193,0.45914477,-0.077353477,-0.88498741,0
4.0526266,1.3238766,1.7882366,0.83824623,0.36759204,0.40276486,0
-0.94352722,2.6891017,-0.51151937,-0.29415894,0.92676467,-0.23361912,0
-2.0179386,2.4966595,-1.0392015,-0.29415894,0.92676467,-0.23361912,0
2.2487535,0.51554692,0.43906283,0.45914477,-0.077353477,-0.88498741,0
0.30246329,-1.1806874,-0.18499821,0.45914477,-0.077353477,-0.88498741,0
4.0934529,1.0501097,1.4366941,0.83824623,0.36759204,0.40276486,0
0.44417,-2.938719,0.9349817,-0.45914477,0.077353477,0.88498741,0
3.2941284,3.503628,1.3626032,0.83824623,0.36759204,0.40276486,0
-0.73949671,-3.7048159,-0.32324028,0.29415894,-0.92676467,0.23361912,0
4.5081258,0.14210308,2.1193578,0.83824623,0.36759204,0.40276486,0
0.91024554,-2.4993081,1.1010993,0.29415894,-0.92676467,0.23361912,0
-2.1352873,-0.78602993,-0.43857539,-0.45914477,0.077353477,0.88498741,0
-3.2961349,1.1141059,-1.1079738,-0.45914477,0.077353477,0.88498741,0
-1.6755058,0.36828354,-1.3096985,0.45914477,-0.077353477,-0.88498741,0
-1.2864654,2.6809719,-0.77248108,-0.29415894,0.92676467,-0.23361912,0
-3.5429873,1.4609697,-1.9059545,-0.29415894,0.92676467,-0.23361912,0
2.1423256,-2.300566,0.79383069,0.29415894,-0.92676467,0.23361912,0
-3.1442873,1.7440808,-1.8867375,-0.29415894,0.92676467,-0.23361912,0
1.5344177,0.24951793,1.4648646,-0.45914477,0.077353477,0.88498741,0
-0.22071648,-3.3343945,-0.15883636,0.29415894,-0.92676467,0.23361912,0
-2.5054305,-4.2883935,-1.0846105,0.29415894,-0.92676467,0.23361912,0
-3.719857,-2.5500004,-1.4465396,-0.83824623,-0.36759204,-0.40276486,0
1.5741229,3.8040836,0.4050982,-0.29415894,0.92676467,-0.23361912,0
2.8492489,-2.1175039,1.1688619,0.29415894,-0.92676467,0.23361912,0
2.4047725,1.4850066,0.39486456,0.45914477,-0.077353477,-0.88498741,0
2.3830283,-2.0449305,1.7595294,0.29415894,-0.92676467,0.23361912,0
2.3677783,4.2485628,1.1131401,-0.29415894,0.92676467,-0.23361912,0
-1.8344957,2.2228155,-1.6450882,-0.29415894,0.92676467,-0.23361912,0
-1.8273283,-0.54860938,-0.19097817,-0.45914477,0.077353477,0.88498741,0
-3.3584619,-2.582171,-0.99364448,-0.45914477,0.077353477,0.88498741,0
-4.4860449,0.69294024,-1.8633274,-0.45914477,0.077353477,0.88498741,0
1.9836586,4.1774764,0.57941937,-0.29415894,0.92676467,-0.23361912,0
4.5955114,-0.66176224,2.5981781,0.83824623,0.36759204,0.40276486,0
-0.19287491,-2.9424527,0.59329045,0.29415894,-0.92676467,0.23361912,0
-0.37112379,-3.5283225,-0.37211514,0.29415894,-0.92676467,0.23361912,0
2.4138415,3.7370858,1.6976075,-0.45914477,0.077353477,0.88498741,0
3.0912237,3.2861543,1.6943369,0.83824623,0.36759204,0.40276486,0
-3.7028589,-1.3912109,-1.8389685,-0.83824623,-0.36759204,-0.40276486,0
-3.4039369,-2.1329596,-2.1784518,-0.83824623,-0.36759204,-0.40276486,0
-2.6728392,0.47405738,-1.0754747,-0.45914477,0.077353477,0.88498741,0
-3.9588232,-1.9256561,-1.401264,-0.83824623,-0.36759204,-0.40276486,0
-0.77260566,2.8392894,-0.38832736,-0.29415894,0.92676467,-0.23361912,0
-3.1567998,-4.0796809,-1.2064605,-0.83824623,-0.36759204,-0.40276486,0
1.206913,3.709476,0.027495623,-0.29415894,0.92676467,-0.23361912,0
3.9315138,1.6092181,1.667006,0.83824623,0.36759204,0.40276486,0
3.4703939,1.7946198,2.0854576,0.83824623,0.36759204,0.40276486,0
4.3452148,0.47000396,2.178761,0.83824623,0.36759204,0.40276486,0
4.1106691,-1.3239051,2.1073384,0.29415894,-0.92676467,0.23361912,0
3.1432066,3.0873592,1.482847,0.83824623,0.36759204,0.40276486,0
3.4492733,2.6077704,1.3964727,0.83824623,0.36759204,0.40276486,0
1.621711,1.0695822,1.153025,-0.45914477,0.077353477,0.88498741,0
2.4576788,1.0034217,1.6835263,-0.45914477,0.077353477,0.88498741,0
-3.2071683,-2.7733274,-1.8567247,-0.83824623,-0.36759204,-0.40276486,0
3.8736112,1.870638,1.3257637,0.83824623,0.36759204,0.40276486,0
-3.879518,-1.3279846,-2.2872748,-0.83824623,-0.36759204,-0.40276486,0
0.82485652,-1.0241778,0.92287016,-0.45914477,0.077353477,0.88498741,0
4.0587673,-1.4642031,2.5952039,0.29415894,-0.92676467,0.23361912,0
-4.4348021,-0.397053,-1.8294725,-0.83824623,-0.36759204,-0.40276486,0
2.8061285,-1.957054,1.1766592,0.29415894,-0.92676467,0.23361912,0
4.0767817,-1.5300509,1.5706978,0.29415894,-0.92676467,0.23361912,0
-2.538995,2.248451,-1.14537,-0.45914477,0.077353477,0.88498741,0
-0.95419455,2.5772011,-1.4165362,-0.29415894,0.92676467,-0.23361912,0
4.0563569,-1.1427921,2.6331522,-0.45914477,0.077353477,0.88498741,0
2.0063515,4.1975937,0.98037958,-0.29415894,0.92676467,-0.23361912,0
1.899896,-2.3540263,1.4313512,0.29415894,-0.92676467,0.23361912,0
-0.28867233,1.3823688,-0.77700061,0.45914477,-0.077353477,-0.88498741,0
4.3829141,-0.71616012,2.4731374,0.83824623,0.36759204,0.40276486,0
3.665448,1.3200758,1.8994324,0.83824623,0.36759204,0.40276486,0
3.7776065,1.8379221,1.9232414,0.83824623,0.36759204,0.40276486,0
3.6690412,1.400165,2.4434669,0.83824623,0.36759204,0.40276486,0
2.1560647,4.2425222,0.82118917,-0.29415894,0.92676467,-0.23361912,0
-2.7499888,2.0437589,-2.0046592,-0.29415894,0.92676467,-0.23361912,0
-3.3868186,0.85939908,-1.0718195,-0.45914477,0.077353477,0.88498741,0
0.5828948,-2.9269304,1.2382538,0.29415894,-0.92676467,0.23361912,0
3.0121007,0.31169486,0.80631995,0.45914477,-0.077353477,-0.88498741,0
4.1909666,1.1795781,1.7245965,0.83824623,0.36759204,0.40276486,0
-3.715488,-1.9123536,-2.1618335,-0.83824623,-0.36759204,-0.40276486,0
-3.2406602,-4.0580611,-0.9724822,-0.83824623,-0.36759204,-0.40276486,0
-1.6990722,1.4036984,-1.3857927,0.45914477,-0.077353477,-0.88498741,0
2.9306688,4.4029727,0.7503767,-0.29415894,0.92676467,-0.23361912,0
-1.2981799,2.6245711,-1.353788,-0.29415894,0.92676467,-0.23361912,0
3.1560528,-1.7527878,1.0876904,0.45914477,-0.077353477,-0.88498741,0
-1.8393461,0.32991025,-1.3480141,0.45914477,-0.077353477,-0.88498741,0
4.144031,-1.4649333,2.081954,0.29415894,-0.92676467,0.23361912,0
4.1432633,0.60755813,1.9031675,0.83824623,0.36759204,0.40276486,0
3.8732529,1.5262775,1.9118857,0.83824623,0.36759204,0.40276486,0
1.2283378,-0.80618107,1.2288904,-0.45914477,0.077353477,0.88498741,0
-3.5113692,-1.6644391,-2.0111039,-0.83824623,-0.36759204,-0.40276486,0
2.2386262,-1.4765233,0.71939898,0.45914477,-0.077353477,-0.88498741,0
-1.4410497,2.5109093,-1.003608,-0.29415894,0.92676467,-0.23361912,0
3.3261349,2.7193027,1.998425,0.83824623,0.36759204,0.40276486,0
2.9465833,3.6685743,1.2690206,0.83824623,0.36759204,0.40276486,0
-4.6659236,0.4770478,-2.300668,-0.83824623,-0.36759204,-0.40276486,0
3.502986,0.34155011,2.4117918,-0.45914477,0.077353477,0.88498741,0
4.4050097,-1.1566973,2.8532777,0.29415894,-0.92676467,0.23361912,0
2.3484089,1.1092398,1.5251318,-0.45914477,0.077353477,0.88498741,0
4.5899158,-0.29041684,2.3451645,0.83824623,0.36759204,0.40276486,0
3.7075486,0.71356452,2.3659401,0.83824623,0.36759204,0.40276486,0
1.3625293,2.1950264,1.0234644,-0.45914477,0.077353477,0.88498741,0
-1.4788128,-2.5434518,-1.0520351,0.45914477,-0.077353477,-0.88498741,0
-4.0682526,-1.3636088,-1.7834234,-0.83824623,-0.36759204,-0.40276486,0
-2.5298436,-4.3113389,-0.72956133,0.29415894,-0.92676467,0.23361912,0
-2.6156588,1.7797321,-2.1259198,-0.29415894,0.92676467,-0.23361912,0
4.7358298,-1.2262321,2.0944045,0.29415894,-0.92676467,0.23361912,0
-1.709218,2.3377657,-0.74332905,-0.29415894,0.92676467,-0.23361912,0
-2.5668116,-0.95629549,-0.54981232,-0.45914477,0.077353477,0.88498741,0
3.0047278,2.464678,2.1031387,-0.45914477,0.077353477,0.88498741,0
0.16491091,-1.3525599,-0.3368926,0.45914477,-0.077353477,-0.88498741,0
-3.9496658,1.3768289,-1.9661852,-0.29415894,0.92676467,-0.23361912,0
-2.8144283,-4.4794888,-0.95070601,0.29415894,-0.92676467,0.23361912,0
-4.2106657,0.9704116,-2.6200962,0.45914477,-0.077353477,-0.88498741,0
-4.2191529,0.088095069,-2.2908359,-0.83824623,-0.36759204,-0.40276486,0
-0.79465616,1.2658464,-0.98472655,0.45914477,-0.077353477,-0.88498741,0
-3.5483389,1.0390166,-2.6349659,0.45914477,-0.077353477,-0.88498741,0
3.2272875,3.4996295,1.4069617,0.83824623,0.36759204,0.40276486,0
2.129998,-2.0416198,1.5134685,0.29415894,-0.92676467,0.23361912,0
-3.5717077,-1.7342989,-2.3306653,-0.83824623,-0.36759204,-0.40276486,0
1.4849429,-2.4069617,0.80760449,0.29415894,-0.92676467,0.23361912,0
3.6105726,-0.13202631,1.3244315,0.45914477,-0.077353477,-0.88498741,0
3.438513,-1.4273683,2.3723218,0.29415894,-0.92676467,0.23361912,0
-1.1073432,-3.7877309,-0.71982694,0.29415894,-0.92676467,0.23361912,0
2.9813511,2.2357996,0.8326416,0.45914477,-0.077353477,-0.88498741,0
-0.47053194,3.2934327,0.004765749,-0.29415894,0.92676467,-0.23361912,0
