-2.8819914,1.5127913,2.4721429,-0.70390499,-0.05516988,0.70814836,0
1.0578399,3.4483931,-2.5465264,-0.26140317,0.94712955,-0.18604863,0
-1.9706659,-2.0007064,3.0023594,-0.70390499,-0.05516988,0.70814836,0
-1.2491419,-3.1395988,3.5306773,-0.70390499,-0.05516988,0.70814836,0
-3.0147662,3.2222579,1.5418451,-0.26140317,0.94712955,-0.18604863,0
-3.0090528,2.1539156,1.8604535,-0.70390499,-0.05516988,0.70814836,0
-0.78274882,-1.6258574,0.92451382,-0.6604439,-0.3160727,-0.6811108,0
1.6634576,-0.16519845,-1.0867673,0.6604439,0.3160727,0.6811108,0
-2.9841261,3.2470784,1.2064302,-0.26140317,0.94712955,-0.18604863,0
-1.3965626,3.274389,-0.84365106,-0.26140317,0.94712955,-0.18604863,0
2.4413369,-0.90913415,-2.5819006,0.70390499,0.05516988,-0.70814836,0
2.4707036,-2.1395748,-2.1634181,-0.6604439,-0.3160727,-0.6811108,0
2.9198177,-1.7684865,-2.1792152,0.70390499,0.05516988,-0.70814836,0
1.6660213,-1.1153239,-0.46947455,0.6604439,0.3160727,0.6811108,0
-0.16137099,-2.2408583,0.51324248,-0.6604439,-0.3160727,-0.6811108,0
-1.3692067,-3.5684109,2.7873697,0.26140317,-0.94712955,0.18604863,0
0.1786508,-0.58447391,0.79069686,0.6604439,0.3160727,0.6811108,0
-0.12781906,3.2986586,-1.1090093,-0.26140317,0.94712955,-0.18604863,0
-1.6113406,2.3480678,0.9145081,0.6604439,0.3160727,0.6811108,0
-0.62633491,3.2105427,-1.2860677,-0.26140317,0.94712955,-0.18604863,0
2.7114007,-0.18120933,-2.0677466,0.70390499,0.05516988,-0.70814836,0
1.2090771,-3.0553796,0.62689018,0.26140317,-0.94712955,0.18604863,0
-2.0287428,3.273134,0.2606678,-0.26140317,0.94712955,-0.18604863,0
-3.0717194,3.1038523,2.2470727,-0.70390499,-0.05516988,0.70814836,0
1.53565,-3.2194479,0.055940866,0.26140317,-0.94712955,0.18604863,0
1.4547503,3.6596611,-2.1065834,0.6604439,0.3160727,0.6811108,0
-0.34578145,3.4297264,-1.2503207,-0.26140317,0.94712955,-0.18604863,0
-1.9984736,3.1383336,-0.31940699,-0.26140317,0.94712955,-0.18604863,0
-3.024472,3.2184467,1.012048,-0.26140317,0.94712955,-0.18604863,0
-1.896237,-0.30935216,0.96416467,-0.6604439,-0.3160727,-0.6811108,0
-2.8231437,1.2136359,1.3512285,-0.6604439,-0.3160727,-0.6811108,0
-2.1286249,-0.90713108,2.7572317,-0.70390499,-0.05516988,0.70814836,0
2.2365999,-2.9468596,-0.19057107,0.26140317,-0.94712955,0.18604863,0
-2.9119756,2.9493468,0.94244766,-0.6604439,-0.3160727,-0.6811108,0
-2.5061209,0.27750349,1.5472991,-0.6604439,-0.3160727,-0.6811108,0
0.47792667,1.3460428,-0.43346548,0.6604439,0.3160727,0.6811108,0
0.60890138,-0.31493008,-0.96976984,-0.6604439,-0.3160727,-0.6811108,0
0.36668539,-3.3649578,1.6976018,0.26140317,-0.94712955,0.18604863,0
2.7717409,-0.57719511,-2.3440008,0.70390499,0.05516988,-0.70814836,0
-1.2071002,3.1280708,-0.33720899,-0.26140317,0.94712955,-0.18604863,0
-2.2129855,3.0652018,0.25038552,-0.26140317,0.94712955,-0.18604863,0
-2.4574764,3.0496237,1.5375128,0.6604439,0.3160727,0.6811108,0
-1.047038,-0.34411675,0.64920783,-0.6604439,-0.3160727,-0.6811108,0
2.0817921,-2.0422831,-1.834836,-0.6604439,-0.3160727,-0.6811108,0
2.1434741,0.75767207,-2.4833632,0.70390499,0.05516988,-0.70814836,0
1.0223812,-1.7356734,0.59290504,0.6604439,0.3160727,0.6811108,0
1.8914666,-2.9681661,0.12771702,0.26140317,-0.94712955,0.18604863,0
2.8558862,-1.4620253,-2.3474634,0.70390499,0.05516988,-0.70814836,0
3.0589211,-1.2211741,-2.2114489,0.70390499,0.05516988,-0.70814836,0
2.269403,-0.29677951,-2.7509272,0.70390499,0.05516988,-0.70814836,0
-2.2943926,-2.1191826,2.3298323,-0.70390499,-0.05516988,0.70814836,0
-2.2422488,-1.3547134,2.3371906,-0.70390499,-0.05516988,0.70814836,0
-1.2007121,3.2435517,0.24641514,-0.26140317,0.94712955,-0.18604863,0
0.52053428,3.5566871,-2.289737,-0.26140317,0.94712955,-0.18604863,0
1.8708305,1.6745064,-2.719178,0.70390499,0.05516988,-0.70814836,0
1.6408434,0.5485329,-1.1763768,0.6604439,0.3160727,0.6811108,0
2.707849,-0.96407437,-2.0500765,0.70390499,0.05516988,-0.70814836,0
-1.8996789,3.3300121,-0.20764756,-0.26140317,0.94712955,-0.18604863,0
-2.3210166,1.6810066,1.9608941,0.6604439,0.3160727,0.6811108,0
-0.44564831,3.3886743,-0.67581153,-0.26140317,0.94712955,-0.18604863,0
-0.048292458,-2.0873873,0.28617668,-0.6604439,-0.3160727,-0.6811108,0
-0.57671857,-3.266134,2.6271706,0.26140317,-0.94712955,0.18604863,0
1.3057859,3.5793972,-2.422379,-0.26140317,0.94712955,-0.18604863,0
2.340117,0.81075966,-1.9472755,0.6604439,0.3160727,0.6811108,0
3.6409032,-2.4994102,-1.5844196,0.70390499,0.05516988,-0.70814836,0
-1.2728593,-2.1455915,3.0142317,0.6604439,0.3160727,0.6811108,0
-2.9503858,2.9202213,1.2178893,-0.26140317,0.94712955,-0.18604863,0
-0.64006495,3.3012152,-1.8177807,-0.26140317,0.94712955,-0.18604863,0
-0.38895583,-3.5285828,1.7056191,0.26140317,-0.94712955,0.18604863,0
-2.4727869,-0.79079777,2.4031656,-0.70390499,-0.05516988,0.70814836,0
2.0547266,1.7579975,-2.7135952,0.70390499,0.05516988,-0.70814836,0
1.1853083,-1.2959069,-0.0079923868,0.6604439,0.3160727,0.6811108,0
0.60380816,3.7261555,-1.7539365,-0.26140317,0.94712955,-0.18604863,0
-1.1429467,-1.7565644,2.9125226,0.6604439,0.3160727,0.6811108,0
0.93744171,-1.0129367,0.54204732,0.6604439,0.3160727,0.6811108,0
0.2843163,-3.2094448,1.6564851,0.26140317,-0.94712955,0.18604863,0
0.63668013,3.3210113,-1.9645779,-0.26140317,0.94712955,-0.18604863,0
-3.1890419,2.1334147,1.8588521,-0.70390499,-0.05516988,0.70814836,0
-1.1156889,0.72941494,1.3369017,0.6604439,0.3160727,0.6811108,0
0.66145182,-2.1929536,-0.57231784,-0.6604439,-0.3160727,-0.6811108,0
2.0597634,0.75786829,-2.8297682,0.70390499,0.05516988,-0.70814836,0
-1.8252504,-2.3163857,2.9680161,-0.70390499,-0.05516988,0.70814836,0
-0.92360759,-3.6673434,2.3937354,0.26140317,-0.94712955,0.18604863,0
3.0156014,-1.2928107,-2.0723453,0.70390499,0.05516988,-0.70814836,0
0.88857251,1.0998241,-0.54303694,0.6604439,0.3160727,0.6811108,0
1.0995874,-1.1470499,-1.0992147,-0.6604439,-0.3160727,-0.6811108,0
2.9847777,-1.4792109,-2.2662051,0.70390499,0.05516988,-0.70814836,0
-0.96592122,2.9699516,0.076561213,0.6604439,0.3160727,0.6811108,0
2.8001895,-3.0914352,-0.64782476,0.26140317,-0.94712955,0.18604863,0
0.65031582,-3.1580315,-0.18685126,-0.6604439,-0.3160727,-0.6811108,0
1.9780496,-2.2892907,0.172014,0.6604439,0.3160727,0.6811108,0
-0.094255209,1.4545705,-1.2980351,-0.6604439,-0.3160727,-0.6811108,0
3.648572,-2.6738343,-1.6996936,0.70390499,0.05516988,-0.70814836,0
-0.27380228,3.1793485,-1.3356078,-0.26140317,0.94712955,-0.18604863,0
1.4245481,1.3914289,-1.0005884,0.6604439,0.3160727,0.6811108,0
1.0500667,-1.2692546,-1.3129127,-0.6604439,-0.3160727,-0.6811108,0
-0.6269027,3.1670778,-1.7141652,-0.26140317,0.94712955,-0.18604863,0
-0.50780988,3.5066311,-1.2460465,-0.26140317,0.94712955,-0.18604863,0
-2.8557138,0.36128908,1.905845,-0.70390499,-0.05516988,0.70814836,0
-2.6656027,0.11138695,2.2268634,-0.70390499,-0.05516988,0.70814836,0
-0.66319466,-1.652952,1.9472005,0.6604439,0.3160727,0.6811108,0
0.94434643,0.95561588,-2.0754867,-0.6604439,-0.3160727,-0.6811108,0
-3.2643683,3.0699122,1.6579413,-0.70390499,-0.05516988,0.70814836,0
-1.3652527,-0.94592434,1.2479219,-0.6604439,-0.3160727,-0.6811108,0
2.669651,0.64789551,-2.4494495,0.70390499,0.05516988,-0.70814836,0
-2.1040883,-0.095812798,2.7280469,-0.70390499,-0.05516988,0.70814836,0
3.0664768,-2.2751265,-2.0101728,0.70390499,0.05516988,-0.70814836,0
-2.4290113,-1.4866042,2.2584419,-0.70390499,-0.05516988,0.70814836,0
2.5301726,-3.1146955,-1.0876217,0.26140317,-0.94712955,0.18604863,0
-0.27203035,3.2962303,-1.8008451,-0.26140317,0.94712955,-0.18604863,0
2.7119808,0.7705431,-2.3884785,0.70390499,0.05516988,-0.70814836,0
-1.4685582,3.0739872,-0.59724331,-0.26140317,0.94712955,-0.18604863,0
-0.11735368,3.299614,-0.83717346,-0.26140317,0.94712955,-0.18604863,0
1.1135706,-3.4548583,0.19847274,0.26140317,-0.94712955,0.18604863,0
1.3444155,-3.4109116,-0.51392484,0.26140317,-0.94712955,0.18604863,0
-2.4957573,-0.18759789,1.5231302,-0.6604439,-0.3160727,-0.6811108,0
2.4761043,1.6737325,-2.5860181,0.70390499,0.05516988,-0.70814836,0
-0.47635686,-2.5240612,0.8344357,-0.6604439,-0.3160727,-0.6811108,0
-0.16897893,-3.3891196,2.3188188,0.26140317,-0.94712955,0.18604863,0
1.8288536,2.9550419,-2.8559971,0.70390499,0.05516988,-0.70814836,0
-2.8525701,1.0364168,2.1834743,-0.70390499,-0.05516988,0.70814836,0
-2.9787812,1.1383691,2.0920644,-0.70390499,-0.05516988,0.70814836,0
1.5779802,0.34250021,-0.71215284,0.6604439,0.3160727,0.6811108,0
0.31213224,-0.58088046,0.59726989,0.6604439,0.3160727,0.6811108,0
-2.3502641,3.244391,1.0757027,-0.26140317,0.94712955,-0.18604863,0
-1.6002328,-3.2337115,3.2345085,-0.70390499,-0.05516988,0.70814836,0
2.8661699,-1.7944571,-2.2887526,0.70390499,0.05516988,-0.70814836,0
-1.4918551,-0.066993594,0.78217298,-0.6604439,-0.3160727,-0.6811108,0
-1.421999,-3.2120793,1.8824677,-0.6604439,-0.3160727,-0.6811108,0
3.0926478,-3.3057508,-2.3007572,0.26140317,-0.94712955,0.18604863,0
-1.6792204,-3.5610559,3.0480878,-0.70390499,-0.05516988,0.70814836,0
0.42242181,2.8024621,-0.83977795,0.6604439,0.3160727,0.6811108,0
-3.1964591,3.318094,1.7066216,-0.26140317,0.94712955,-0.18604863,0
0.5150032,3.7215619,-1.570878,-0.26140317,0.94712955,-0.18604863,0
-0.66452312,-3.3592491,1.7635405,0.26140317,-0.94712955,0.18604863,0
2.3976574,-0.30087101,-2.4162576,0.70390499,0.05516988,-0.70814836,0
0.36070848,3.1303864,-2.7086515,-0.26140317,0.94712955,-0.18604863,0
2.8358517,-1.7288179,-2.4534109,0.70390499,0.05516988,-0.70814836,0
0.10478866,-0.94821799,1.0902185,0.6604439,0.3160727,0.6811108,0
3.5360107,-2.4112425,-1.7168356,0.70390499,0.05516988,-0.70814836,0
-2.395221,1.2380168,1.0774847,-0.6604439,-0.3160727,-0.6811108,0
-2.7203393,-0.46452326,2.3691974,-0.70390499,-0.05516988,0.70814836,0
-0.56810868,-0.57431281,1.788517,0.6604439,0.3160727,0.6811108,0
2.9256003,-2.5549407,-2.2239585,0.70390499,0.05516988,-0.70814836,0
1.9786797,2.8569226,-2.7378087,0.70390499,0.05516988,-0.70814836,0
3.1452575,-2.8330026,-1.9912665,0.70390499,0.05516988,-0.70814836,0
3.4700189,-3.1717083,-1.1358225,0.26140317,-0.94712955,0.18604863,0
0.36148787,-1.8083335,-0.0374856,-0.6604439,-0.3160727,-0.6811108,0
9.4175339e-05,-3.2172284,1.7722604,0.26140317,-0.94712955,0.18604863,0
3.3552551,-2.1389413,-1.8511426,0.70390499,0.05516988,-0.70814836,0
1.9938164,2.1233137,-2.8294616,0.70390499,0.05516988,-0.70814836,0
2.4158008,-3.1381633,-0.60594583,0.26140317,-0.94712955,0.18604863,0
-0.46764481,-3.3175628,1.1433434,-0.6604439,-0.3160727,-0.6811108,0
2.6504982,-3.2036436,-0.81032085,0.26140317,-0.94712955,0.18604863,0
2.5027313,-0.18807995,-2.6882017,0.70390499,0.05516988,-0.70814836,0
-2.5092683,-0.75692403,2.1880877,-0.70390499,-0.05516988,0.70814836,0
1.198971,-3.2413599,0.99615359,0.26140317,-0.94712955,0.18604863,0
2.117676,-3.2823472,-0.53416634,0.26140317,-0.94712955,0.18604863,0
2.9604354,-2.4672389,-2.4585018,0.70390499,0.05516988,-0.70814836,0
-0.13107753,2.8801222,-0.43187475,0.6604439,0.3160727,0.6811108,0
-0.82290483,3.4909964,-0.35302544,-0.26140317,0.94712955,-0.18604863,0
0.95556271,-1.9326905,-0.66122305,-0.6604439,-0.3160727,-0.6811108,0
-2.7176559,0.35072422,2.2654755,-0.70390499,-0.05516988,0.70814836,0
-2.0227551,3.1942887,0.50576329,-0.26140317,0.94712955,-0.18604863,0
1.6163855,3.0737424,-2.8407989,0.70390499,0.05516988,-0.70814836,0
-1.1135781,-3.6765304,2.2999775,0.26140317,-0.94712955,0.18604863,0
3.0128818,-3.3682837,-1.8669257,0.26140317,-0.94712955,0.18604863,0
-0.72866863,1.3937212,0.58293736,0.6604439,0.3160727,0.6811108,0
-3.186933,1.3913833,2.0255992,-0.70390499,-0.05516988,0.70814836,0
-2.6613441,-0.681247,2.1951261,-0.70390499,-0.05516988,0.70814836,0
-2.1148727,1.6576807,0.33320045,-0.6604439,-0.3160727,-0.6811108,0
-0.60967004,-1.8214915,2.0332589,0.6604439,0.3160727,0.6811108,0
3.6885867,-2.3768606,-1.5927807,0.70390499,0.05516988,-0.70814836,0
2.1515574,0.85665929,-2.9893515,0.70390499,0.05516988,-0.70814836,0
1.4118975,-2.282496,0.62562919,0.6604439,0.3160727,0.6811108,0
-1.8258853,-1.9931452,1.7174739,-0.6604439,-0.3160727,-0.6811108,0
3.0246136,-3.3026171,-1.3259978,0.26140317,-0.94712955,0.18604863,0
2.5818739,-3.2218344,-0.53819585,0.26140317,-0.94712955,0.18604863,0
0.92326128,2.72646,-1.5513051,0.6604439,0.3160727,0.6811108,0
-0.55323315,3.3406529,-1.0499518,-0.26140317,0.94712955,-0.18604863,0
1.0884717,3.425025,-2.9777255,-0.26140317,0.94712955,-0.18604863,0
-2.3944416,-0.62250727,2.3254671,-0.70390499,-0.05516988,0.70814836,0
-0.79792809,-2.8662906,3.0363116,0.6604439,0.3160727,0.6811108,0
-2.10254,-1.1384379,2.9851379,-0.70390499,-0.05516988,0.70814836,0
-0.15717512,1.1236567,-1.2157644,-0.6604439,-0.3160727,-0.6811108,0
1.0060687,0.31776184,-1.6434815,-0.6604439,-0.3160727,-0.6811108,0
1.5765157,-2.0302207,0.16693044,0.6604439,0.3160727,0.6811108,0
2.7586524,-0.28855604,-2.313026,0.70390499,0.05516988,-0.70814836,0
1.9351716,1.4311199,-2.9817829,0.70390499,0.05516988,-0.70814836,0
0.11141109,3.563417,-1.3574023,-0.26140317,0.94712955,-0.18604863,0
0.074584723,3.4955792,-1.4650917,-0.26140317,0.94712955,-0.18604863,0
-2.4863558,-1.5974065,2.5881045,-0.70390499,-0.05516988,0.70814836,0
2.9112289,-2.3684163,-2.3955889,0.70390499,0.05516988,-0.70814836,0
2.4279077,-1.5492574,-0.8883307,0.6604439,0.3160727,0.6811108,0
-0.77863169,-3.4582586,1.9789073,0.26140317,-0.94712955,0.18604863,0
-0.12466919,3.4107637,-1.016212,-0.26140317,0.94712955,-0.18604863,0
-0.95524836,-3.3197196,2.9185195,0.26140317,-0.94712955,0.18604863,0
-2.4852948,0.23739392,2.3998985,-0.70390499,-0.05516988,0.70814836,0
0.14987206,3.4986424,-1.1874936,-0.26140317,0.94712955,-0.18604863,0
-2.4997315,3.0246277,0.59457397,-0.26140317,0.94712955,-0.18604863,0
-2.6018982,2.1995683,2.0100143,0.6604439,0.3160727,0.6811108,0
3.5282633,-2.4357419,-1.8719666,0.70390499,0.05516988,-0.70814836,0
-0.28574216,3.1432009,-1.4508071,-0.26140317,0.94712955,-0.18604863,0
0.25664753,1.6622472,-0.0066378117,0.6604439,0.3160727,0.6811108,0
0.14105463,1.3091424,-0.17615747,0.6604439,0.3160727,0.6811108,0
-2.6701865,-0.18228233,2.1873474,-0.70390499,-0.05516988,0.70814836,0
0.76828992,-3.2351508,0.4007864,0.26140317,-0.94712955,0.18604863,0
-3.1765313,3.3018794,1.632916,-0.26140317,0.94712955,-0.18604863,0
2.4829776,-0.32670379,-2.5349956,0.70390499,0.05516988,-0.70814836,0
-0.059767246,3.3866911,-2.0914817,-0.26140317,0.94712955,-0.18604863,0
-1.9167163,-0.40263093,2.6753759,0.6604439,0.3160727,0.6811108,0
-1.4029732,2.0306811,-0.1161108,-0.6604439,-0.3160727,-0.6811108,0
-0.63715625,-3.4356463,2.2218192,0.26140317,-0.94712955,0.18604863,0
3.1198561,-2.8238912,-2.1337056,0.70390499,0.05516988,-0.70814836,0
2.219317,1.3347876,-2.3971922,0.70390499,0.05516988,-0.70814836,0
-2.4836586,2.3802376,0.32532024,-0.6604439,-0.3160727,-0.6811108,0
-3.6505814,2.4144008,1.4957529,-0.70390499,-0.05516988,0.70814836,0
-2.355809,-1.6859512,2.703886,-0.70390499,-0.05516988,0.70814836,0
-2.6884334,3.2565231,1.5320837,-0.26140317,0.94712955,-0.18604863,0
2.0129442,-3.5684776,-1.1281738,0.26140317,-0.94712955,0.18604863,0
2.6067991,-3.1997337,-0.4346559,0.26140317,-0.94712955,0.18604863,0
2.4380555,-3.2724619,-0.20879126,0.26140317,-0.94712955,0.18604863,0
-3.0441203,3.1600275,1.5703225,-0.26140317,0.94712955,-0.18604863,0
2.1786549,0.63604224,-2.6056685,0.70390499,0.05516988,-0.70814836,0
3.1679397,-3.178916,-0.75594687,0.26140317,-0.94712955,0.18604863,0
-1.0711002,-3.3618379,2.4868369,0.26140317,-0.94712955,0.18604863,0
0.59941447,0.85859895,0.014828801,0.6604439,0.3160727,0.6811108,0
-3.1703346,2.3726864,1.7488109,-0.70390499,-0.05516988,0.70814836,0
0.34864938,0.96833766,-1.8049359,-0.6604439,-0.3160727,-0.6811108,0
-3.3936517,2.3627114,1.8102183,-0.70390499,-0.05516988,0.70814836,0
1.8099492,3.4478726,-2.6840663,0.70390499,0.05516988,-0.70814836,0
-0.22793651,-3.3781259,1.5641813,0.26140317,-0.94712955,0.18604863,0
2.4646864,-0.83132601,-1.4482964,0.6604439,0.3160727,0.6811108,0
-2.2253485,3.2446728,0.78433442,-0.26140317,0.94712955,-0.18604863,0
-1.0005026,3.4280219,-0.53064799,-0.26140317,0.94712955,-0.18604863,0
-2.1918783,2.6024098,0.22720647,-0.6604439,-0.3160727,-0.6811108,0
0.39112484,-3.1924334,0.97722578,0.26140317,-0.94712955,0.18604863,0
-1.8077084,3.1998694,-0.38186359,-0.26140317,0.94712955,-0.18604863,0
2.6695452,-3.4860373,-1.7356169,0.26140317,-0.94712955,0.18604863,0
0.576617,3.3651609,-2.2318201,-0.26140317,0.94712955,-0.18604863,0
2.3660533,1.0549222,-2.3954344,0.70390499,0.05516988,-0.70814836,0
1.8249204,-0.045121193,-2.366529,-0.6604439,-0.3160727,-0.6811108,0
-3.0818362,2.2791939,1.9709226,-0.70390499,-0.05516988,0.70814836,0
-2.7570343,-0.98360491,2.2833362,-0.70390499,-0.05516988,0.70814836,0
3.5860791,-2.4133568,-1.7341979,0.70390499,0.05516988,-0.70814836,0
3.5192256,-2.3868732,-1.4306509,0.6604439,0.3160727,0.6811108,0
-1.9103305,-2.7100701,2.9012406,-0.70390499,-0.05516988,0.70814836,0
-2.8760352,1.8939242,2.1017294,-0.70390499,-0.05516988,0.70814836,0
-2.2508125,0.077957869,2.6136546,-0.70390499,-0.05516988,0.70814836,0
1.519173,-0.85859525,-0.34440899,0.6604439,0.3160727,0.6811108,0
-0.13558817,3.1371472,-1.8930693,-0.26140317,0.94712955,-0.18604863,0
0.04517138,-3.5863554,1.0075855,0.26140317,-0.94712955,0.18604863,0
2.4443431,-0.017601132,-2.4701347,0.70390499,0.05516988,-0.70814836,0
-0.40549219,3.5519826,-1.2187667,-0.26140317,0.94712955,-0.18604863,0
-0.59341908,-3.5716345,2.0925155,0.26140317,-0.94712955,0.18604863,0
1.4930296,2.5739794,-3.4960737,0.70390499,0.05516988,-0.70814836,0
0.81965399,3.4472196,-2.5403471,-0.26140317,0.94712955,-0.18604863,0
1.9860953,-3.0846403,0.21648049,0.26140317,-0.94712955,0.18604863,0
3.3868427,-1.9696573,-1.7483747,0.70390499,0.05516988,-0.70814836,0
-2.785218,1.069358,2.4114926,-0.70390499,-0.05516988,0.70814836,0
1.7408116,2.6588194,-2.9065938,0.70390499,0.05516988,-0.70814836,0
0.97315466,-3.2868333,0.64934707,0.26140317,-0.94712955,0.18604863,0
1.0852302,-2.0374722,0.8381902,0.6604439,0.3160727,0.6811108,0
-2.6369271,3.3590803,1.2143676,-0.26140317,0.94712955,-0.18604863,0
-0.91065192,-1.6798526,2.4561291,0.6604439,0.3160727,0.6811108,0
1.0736127,3.6419315,-2.1249039,-0.26140317,0.94712955,-0.18604863,0
2.9739413,-1.8664844,-1.2183839,0.6604439,0.3160727,0.6811108,0
1.0085073,-3.328007,1.0700955,0.26140317,-0.94712955,0.18604863,0
-0.0571931,-1.1353122,-0.13711298,-0.6604439,-0.3160727,-0.6811108,0
2.6985052,-2.3362486,-2.3373773,0.70390499,0.05516988,-0.70814836,0
2.2999175,-0.78186035,-2.574084,0.70390499,0.05516988,-0.70814836,0
-2.4271121,3.3710999,1.1071379,-0.26140317,0.94712955,-0.18604863,0
0.17465496,3.6608028,-1.4356899,-0.26140317,0.94712955,-0.18604863,0
-0.22582316,-3.2237689,1.7253094,0.26140317,-0.94712955,0.18604863,0
-0.63091093,2.1549211,-1.3660505,-0.6604439,-0.3160727,-0.6811108,0
-3.0271487,0.7570129,2.1260452,-0.70390499,-0.05516988,0.70814836,0
-1.1686127,-3.3662243,2.7785511,0.26140317,-0.94712955,0.18604863,0
2.2831373,-3.0732639,-0.67580938,0.26140317,-0.94712955,0.18604863,0
0.66391551,-3.1986284,1.3736961,0.26140317,-0.94712955,0.18604863,0
2.8542831,-3.1976864,-0.65732265,0.26140317,-0.94712955,0.18604863,0
-0.81123853,-3.0139499,3.021709,0.6604439,0.3160727,0.6811108,0
3.182899,-0.76625264,-2.0801528,0.70390499,0.05516988,-0.70814836,0
-2.1384139,-1.5044812,2.9199252,-0.70390499,-0.05516988,0.70814836,0
2.9343345,-2.1140501,-2.4690666,0.70390499,0.05516988,-0.70814836,0
2.3766084,1.0102215,-2.6711876,0.70390499,0.05516988,-0.70814836,0
2.3617971,2.4910724,-2.6698599,0.70390499,0.05516988,-0.70814836,0
2.9191079,-1.1352965,-2.1580622,0.70390499,0.05516988,-0.70814836,0
-1.5508075,-3.5605752,2.6592505,0.26140317,-0.94712955,0.18604863,0
2.8976326,-0.0088869631,-1.9219868,0.70390499,0.05516988,-0.70814836,0
1.8783785,-3.3175979,-0.066906929,0.26140317,-0.94712955,0.18604863,0
2.8264461,-0.91356546,-2.0606225,0.70390499,0.05516988,-0.70814836,0
-0.60802555,3.1840391,-1.2251036,-0.26140317,0.94712955,-0.18604863,0
-0.61945224,-3.3943722,2.4463983,0.26140317,-0.94712955,0.18604863,0
2.154336,0.4997102,-2.6798835,0.70390499,0.05516988,-0.70814836,0
2.0043333,-1.3787808,-2.0442362,-0.6604439,-0.3160727,-0.6811108,0
3.1179259,-2.1421325,-1.0977664,0.6604439,0.3160727,0.6811108,0
1.7021984,-3.2340243,0.63103747,0.26140317,-0.94712955,0.18604863,0
-2.4982696,-1.0546138,2.5477951,-0.70390499,-0.05516988,0.70814836,0
-2.5527554,-0.49298656,2.5196705,-0.70390499,-0.05516988,0.70814836,0
-0.54744077,3.5217505,-0.58129573,-0.26140317,0.94712955,-0.18604863,0
-0.65549344,1.0939757,0.76955909,0.6604439,0.3160727,0.6811108,0
-0.43992111,-0.91858804,0.39168501,-0.6604439,-0.3160727,-0.6811108,0
2.8972347,-1.5072798,-1.1511465,0.6604439,0.3160727,0.6811108,0
1.6898468,2.6316228,-3.0130131,0.70390499,0.05516988,-0.70814836,0
2.6355257,-3.0885851,-1.5326936,0.26140317,-0.94712955,0.18604863,0
1.6926911,-1.4712157,-1.8999305,-0.6604439,-0.3160727,-0.6811108,0
-0.96028411,-1.4586154,0.6633836,-0.6604439,-0.3160727,-0.6811108,0
2.7380891,-1.3252413,-2.2463393,0.70390499,0.05516988,-0.70814836,0
-0.063596725,3.4035056,-0.79442739,-0.26140317,0.94712955,-0.18604863,0
-1.7703118,-3.1737638,2.6540112,-0.70390499,-0.05516988,0.70814836,0
-1.8346779,2.846334,-0.39313841,-0.6604439,-0.3160727,-0.6811108,0
0.81367493,3.7601917,-1.85496,-0.26140317,0.94712955,-0.18604863,0
-1.5976161,3.1087508,-0.13930249,-0.26140317,0.94712955,-0.18604863,0
2.0068448,2.5602283,-2.8527837,0.70390499,0.05516988,-0.70814836,0
-2.1358101,0.8155489,2.6033874,-0.70390499,-0.05516988,0.70814836,0
1.5413505,1.7036211,-2.8261342,-0.6604439,-0.3160727,-0.6811108,0
-1.7578039,3.302978,0.40361762,-0.26140317,0.94712955,-0.18604863,0
-0.38290012,3.1018291,-0.4011817,0.6604439,0.3160727,0.6811108,0
-1.4090605,-3.6115694,2.212769,0.26140317,-0.94712955,0.18604863,0
0.15100098,0.93676919,-1.4260392,-0.6604439,-0.3160727,-0.6811108,0
1.0987104,1.5740254,-1.2352629,0.6604439,0.3160727,0.6811108,0
0.97225559,-2.3748789,-0.61878252,-0.6604439,-0.3160727,-0.6811108,0
-0.65431601,3.2239599,-0.40925193,-0.26140317,0.94712955,-0.18604863,0
0.62492442,3.716059,-1.619046,-0.26140317,0.94712955,-0.18604863,0
-0.21970701,3.2377856,-1.5392098,-0.26140317,0.94712955,-0.18604863,0
-1.3035607,-2.918489,3.3758278,-0.70390499,-0.05516988,0.70814836,0
1.3219273,-0.47889006,-1.8851118,-0.6604439,-0.3160727,-0.6811108,0
-1.3184888,-3.4618897,2.910692,0.26140317,-0.94712955,0.18604863,0
0.069419384,-1.2313035,1.3632309,0.6604439,0.3160727,0.6811108,0
2.7598791,-2.8773007,-0.6817975,0.26140317,-0.94712955,0.18604863,0
3.1191404,-3.0461392,-2.2078145,0.70390499,0.05516988,-0.70814836,0
2.7842505,-2.5897839,-2.1111789,0.70390499,0.05516988,-0.70814836,0
1.6984754,1.6772958,-3.1894565,0.70390499,0.05516988,-0.70814836,0
1.2377722,-3.1849432,0.37435055,0.26140317,-0.94712955,0.18604863,0
-2.5644603,0.22604597,2.5360699,-0.70390499,-0.05516988,0.70814836,0
-1.420446,3.5019965,-0.0054521561,-0.26140317,0.94712955,-0.18604863,0
0.55259621,2.7753627,-1.2208507,0.6604439,0.3160727,0.6811108,0
2.5927091,-1.330198,-2.2692327,0.70390499,0.05516988,-0.70814836,0
0.75084156,0.86377203,-0.13236964,0.6604439,0.3160727,0.6811108,0
-1.333859,-0.69248331,2.4271557,0.6604439,0.3160727,0.6811108,0
-2.8220835,-0.045659363,2.4009573,-0.70390499,-0.05516988,0.70814836,0
-0.96961498,3.232882,-0.066067934,-0.26140317,0.94712955,-0.18604863,0
1.889744,2.5106068,-2.9184403,0.70390499,0.05516988,-0.70814836,0
1.4974592,2.5771244,-3.1148877,0.70390499,0.05516988,-0.70814836,0
0.81907368,3.1803131,-3.2318499,-0.6604439,-0.3160727,-0.6811108,0
1.6325085,3.3649931,-3.0164373,0.70390499,0.05516988,-0.70814836,0
-1.9107487,-1.9949126,2.9298289,-0.70390499,-0.05516988,0.70814836,0
0.66191375,1.4780338,-0.42820179,0.6604439,0.3160727,0.6811108,0
-1.8503594,-2.9941583,2.8842676,-0.70390499,-0.05516988,0.70814836,0
0.82040364,-3.3381433,0.89471078,0.26140317,-0.94712955,0.18604863,0
-1.9514048,2.0782363,1.6192112,0.6604439,0.3160727,0.6811108,0
0.21100688,1.3764145,-1.3294699,-0.6604439,-0.3160727,-0.6811108,0
-3.0032439,1.3424137,1.9316814,-0.70390499,-0.05516988,0.70814836,0
-0.90071243,3.4464729,-0.87867188,-0.26140317,0.94712955,-0.18604863,0
-0.1023035,-0.66363972,0.97796595,0.6604439,0.3160727,0.6811108,0
0.85879004,-3.4199514,0.53092146,0.26140317,-0.94712955,0.18604863,0
1.4402108,3.2558637,-3.2045186,0.70390499,0.05516988,-0.70814836,0
2.1811731,1.2223549,-2.5164151,0.70390499,0.05516988,-0.70814836,0
-1.3783073,-2.7008061,3.1122665,-0.70390499,-0.05516988,0.70814836,0
1.3944201,3.4544923,-2.8199208,-0.26140317,0.94712955,-0.18604863,0
0.24624944,2.0701177,-1.6951959,-0.6604439,-0.3160727,-0.6811108,0
2.0614524,1.7817165,-3.0191257,0.70390499,0.05516988,-0.70814836,0
-0.018907189,1.5065899,-1.6360765,-0.6604439,-0.3160727,-0.6811108,0
-1.3647306,-3.4662051,3.138844,0.26140317,-0.94712955,0.18604863,0
1.3291141,-0.336631,-1.6009505,-0.6604439,-0.3160727,-0.6811108,0
2.6464188,-1.1469294,-1.3188509,0.6604439,0.3160727,0.6811108,0
0.24392033,-2.5819805,0.24344373,-0.6604439,-0.3160727,-0.6811108,0
-0.57046342,3.5119805,-0.16890383,0.6604439,0.3160727,0.6811108,0
-0.76248932,2.7542968,-0.012426853,0.6604439,0.3160727,0.6811108,0
-1.3271034,0.96457946,0.12060148,-0.6604439,-0.3160727,-0.6811108,0
2.2841032,1.0025022,-1.7388654,0.6604439,0.3160727,0.6811108,0
-0.17931351,1.0132012,0.43115097,0.6604439,0.3160727,0.6811108,0
0.83486736,0.99652052,-2.1878567,-0.6604439,-0.3160727,-0.6811108,0
1.9201492,-1.1500156,-0.82947838,0.6604439,0.3160727,0.6811108,0
1.0873517,-3.5043247,0.45785713,0.26140317,-0.94712955,0.18604863,0
-0.8006537,-3.6865008,2.1036541,0.26140317,-0.94712955,0.18604863,0
0.30375338,-3.5876992,1.139466,0.26140317,-0.94712955,0.18604863,0
1.4150779,-3.294836,-0.23992753,0.26140317,-0.94712955,0.18604863,0
-2.6834249,-1.0508672,2.4443913,-0.70390499,-0.05516988,0.70814836,0
-3.1948848,1.7114654,1.7430148,-0.70390499,-0.05516988,0.70814836,0
0.078856774,0.54826093,0.22685581,0.6604439,0.3160727,0.6811108,0
3.3252685,-2.4078178,-1.7152294,0.70390499,0.05516988,-0.70814836,0
2.1297638,0.57988405,-2.587301,0.70390499,0.05516988,-0.70814836,0
-1.4023371,2.4567513,1.0446501,0.6604439,0.3160727,0.6811108,0
0.71458912,-2.7265167,-0.071430445,-0.6604439,-0.3160727,-0.6811108,0
-2.6481235,3.041153,1.1815538,-0.26140317,0.94712955,-0.18604863,0
0.65322751,-0.6556946,-1.3424554,-0.6604439,-0.3160727,-0.6811108,0
-2.2153668,-0.59484005,2.7256129,-0.70390499,-0.05516988,0.70814836,0
2.9118693,-1.0292618,-1.9687917,0.70390499,0.05516988,-0.70814836,0
2.5562239,-1.8524386,-2.221205,-0.6604439,-0.3160727,-0.6811108,0
-2.9929225,1.1257689,1.8844075,-0.70390499,-0.05516988,0.70814836,0
-1.7639641,-1.9775944,2.1452389,-0.6604439,-0.3160727,-0.6811108,0
1.4862983,3.3104591,-2.9870689,-0.26140317,0.94712955,-0.18604863,0
2.0303199,-1.2534554,-0.93699294,0.6604439,0.3160727,0.6811108,0
-0.8501215,3.4885812,-0.84815764,-0.26140317,0.94712955,-0.18604863,0
1.0593234,-3.5525093,0.064198494,0.26140317,-0.94712955,0.18604863,0
0.12161338,-1.8871697,1.388923,0.6604439,0.3160727,0.6811108,0
2.7334182,-1.4230042,-2.4138398,0.70390499,0.05516988,-0.70814836,0
-1.3499823,-3.5520446,2.7874742,0.26140317,-0.94712955,0.18604863,0
-3.1901212,2.5832396,2.0743439,-0.70390499,-0.05516988,0.70814836,0
2.0674481,1.1005876,-2.6318073,0.70390499,0.05516988,-0.70814836,0
-0.89718556,-0.70272803,2.1972167,0.6604439,0.3160727,0.6811108,0
1.7953722,2.8403215,-2.6981578,0.70390499,0.05516988,-0.70814836,0
0.2044183,-0.91812921,1.0593311,0.6604439,0.3160727,0.6811108,0
3.1720331,-3.3774061,-1.7811658,0.26140317,-0.94712955,0.18604863,0
-2.7088292,-0.0027332306,2.3674359,-0.70390499,-0.05516988,0.70814836,0
-1.9726763,-1.6354213,1.8699474,-0.6604439,-0.3160727,-0.6811108,0
-2.328898,-0.26186085,2.4702952,-0.70390499,-0.05516988,0.70814836,0
2.2849412,1.4328405,-2.5119474,0.70390499,0.05516988,-0.70814836,0
3.6241467,-3.050406,-1.5627084,0.70390499,0.05516988,-0.70814836,0
-0.65044308,-3.4880853,1.6824543,0.26140317,-0.94712955,0.18604863,0
1.2774701,1.3602331,-2.7084379,-0.6604439,-0.3160727,-0.6811108,0
-0.015414596,1.8775578,0.016889811,0.6604439,0.3160727,0.6811108,0
-0.031584024,-3.6184807,1.5037191,0.26140317,-0.94712955,0.18604863,0
0.74925697,-3.1765003,1.1134372,0.26140317,-0.94712955,0.18604863,0
-1.0268345,3.352571,0.20806122,0.6604439,0.3160727,0.6811108,0
-2.2036226,-0.62116361,2.4955437,-0.70390499,-0.05516988,0.70814836,0
3.1052372,-2.9987235,-1.7080994,0.26140317,-0.94712955,0.18604863,0
2.8209004,-1.1802146,-1.2799878,0.6604439,0.3160727,0.6811108,0
-2.3606501,-0.78110254,2.322335,-0.70390499,-0.05516988,0.70814836,0
2.1255915,1.7645411,-2.7384496,0.70390499,0.05516988,-0.70814836,0
-0.50004077,-3.30949,1.8041682,0.26140317,-0.94712955,0.18604863,0
-1.8365355,1.8716304,0.31012523,-0.6604439,-0.3160727,-0.6811108,0
1.6275322,3.3786988,-3.0684462,0.70390499,0.05516988,-0.70814836,0
-2.700243,1.6515517,2.1467876,-0.70390499,-0.05516988,0.70814836,0
-2.072854,-1.9577969,2.9984913,-0.70390499,-0.05516988,0.70814836,0
-1.7655091,0.20371148,0.67357206,-0.6604439,-0.3160727,-0.6811108,0
-0.25211632,3.2107704,-0.75692582,0.6604439,0.3160727,0.6811108,0
-2.670949,1.5583825,2.204947,-0.70390499,-0.05516988,0.70814836,0
-0.15090275,-3.4028444,2.3961406,0.26140317,-0.94712955,0.18604863,0
-1.5500979,3.3680296,-0.39104223,-0.26140317,0.94712955,-0.18604863,0
-0.0068883896,3.2777767,-1.1707258,-0.26140317,0.94712955,-0.18604863,0
0.4739989,1.0283347,-0.10729802,0.6604439,0.3160727,0.6811108,0
-0.62923217,-3.4773939,2.1431053,0.26140317,-0.94712955,0.18604863,0
-1.1336999,-3.4591556,2.2562122,0.26140317,-0.94712955,0.18604863,0
0.91408932,-3.1604722,1.2919078,0.26140317,-0.94712955,0.18604863,0
-1.2012886,-2.1259451,1.2052729,-0.6604439,-0.3160727,-0.6811108,0
2.7342606,0.017872751,-2.1261492,0.70390499,0.05516988,-0.70814836,0
1.2398906,3.07758,-3.2338562,-0.6604439,-0.3160727,-0.6811108,0
1.9271872,-2.0617805,-0.037748098,0.6604439,0.3160727,0.6811108,0
-1.4687922,-3.4354441,2.9147701,0.26140317,-0.94712955,0.18604863,0
-3.734241,2.743475,1.5419717,-0.70390499,-0.05516988,0.70814836,0
-1.990129,3.0533962,-0.2848258,-0.26140317,0.94712955,-0.18604863,0
0.1363903,-0.81030393,-0.27839535,-0.6604439,-0.3160727,-0.6811108,0
-2.0035753,-1.1947621,2.7963979,-0.70390499,-0.05516988,0.70814836,0
-0.60216403,-3.6229312,1.9190557,0.26140317,-0.94712955,0.18604863,0
3.3032875,-2.8932629,-1.2131991,0.26140317,-0.94712955,0.18604863,0
0.73858398,-2.0068338,1.2121904,0.6604439,0.3160727,0.6811108,0
2.6512468,-0.72811759,-2.3803458,0.70390499,0.05516988,-0.70814836,0
-2.1749806,3.126889,0.1734767,-0.26140317,0.94712955,-0.18604863,0
1.9367322,1.6003028,-3.0285819,0.70390499,0.05516988,-0.70814836,0
2.1399188,-0.49010062,-2.6156087,0.70390499,0.05516988,-0.70814836,0
-0.21393073,3.3557448,-0.61845994,-0.26140317,0.94712955,-0.18604863,0
-2.5380795,0.40132284,2.6073685,-0.70390499,-0.05516988,0.70814836,0
-0.8454504,-3.4889624,1.9877825,0.26140317,-0.94712955,0.18604863,0
1.8505887,-1.9211168,-1.6810062,-0.6604439,-0.3160727,-0.6811108,0
3.3058064,-2.8551257,-1.902086,0.70390499,0.05516988,-0.70814836,0
0.085054845,-0.092372835,0.70386088,0.6604439,0.3160727,0.6811108,0
-0.51226532,-1.9721355,0.63997841,-0.6604439,-0.3160727,-0.6811108,0
-1.3733406,-0.77389991,0.84444398,-0.6604439,-0.3160727,-0.6811108,0
-0.60956419,3.2214675,-1.4635451,-0.6604439,-0.3160727,-0.6811108,0
-1.6789364,3.3808355,0.49281335,-0.26140317,0.94712955,-0.18604863,0
-2.7792823,3.3227968,1.8845518,-0.26140317,0.94712955,-0.18604863,0
1.6061505,-3.3985863,-0.66717458,0.26140317,-0.94712955,0.18604863,0
-2.9104505,1.3810036,1.6258044,-0.6604439,-0.3160727,-0.6811108,0
1.4024429,3.4742346,-2.5254567,-0.26140317,0.94712955,-0.18604863,0
-1.9399855,0.42385221,2.6267376,0.6604439,0.3160727,0.6811108,0
-2.220228,-0.0019487143,2.6624913,-0.70390499,-0.05516988,0.70814836,0
2.2360625,0.14119983,-2.4747365,0.70390499,0.05516988,-0.70814836,0
-2.2689929,-1.8617581,2.6524932,-0.70390499,-0.05516988,0.70814836,0
0.58290017,-3.4113817,1.0438712,0.26140317,-0.94712955,0.18604863,0
1.5098635,-3.2363539,0.28143716,0.26140317,-0.94712955,0.18604863,0
2.543376,0.82018197,-2.3553393,0.70390499,0.05516988,-0.70814836,0
0.83944321,2.675499,-3.0729671,-0.6604439,-0.3160727,-0.6811108,0
3.0521512,-2.599066,-1.9969277,0.70390499,0.05516988,-0.70814836,0
0.51066399,0.86964083,-0.087921739,0.6604439,0.3160727,0.6811108,0
-1.6991446,2.5186687,-0.52963328,-0.6604439,-0.3160727,-0.6811108,0
2.121388,0.12421882,-2.8432224,-0.6604439,-0.3160727,-0.6811108,0
2.8251188,-3.233304,-0.79488158,0.26140317,-0.94712955,0.18604863,0
0.1205641,0.82966244,-1.5220908,-0.6604439,-0.3160727,-0.6811108,0
2.1729541,-3.1681302,-0.24265599,0.26140317,-0.94712955,0.18604863,0
-1.6265051,2.1113224,0.073390722,-0.6604439,-0.3160727,-0.6811108,0
0.23462629,-3.5046129,1.1420021,0.26140317,-0.94712955,0.18604863,0
-1.4476604,-2.7639618,3.2209315,-0.70390499,-0.05516988,0.70814836,0
-0.52872366,-0.44457471,1.4453758,0.6604439,0.3160727,0.6811108,0
-2.0653741,-2.8034809,2.4211061,-0.70390499,-0.05516988,0.70814836,0
-1.2994735,-0.78276849,0.85163403,-0.6604439,-0.3160727,-0.6811108,0
-0.35818529,-3.6538002,1.3607631,0.26140317,-0.94712955,0.18604863,0
-1.621207,-3.455936,3.1641333,0.26140317,-0.94712955,0.18604863,0
1.5916176,3.227037,-2.9925516,0.70390499,0.05516988,-0.70814836,0
0.56890833,-0.86882526,-0.92079759,-0.6604439,-0.3160727,-0.6811108,0
3.1154826,-3.2590351,-1.503927,0.26140317,-0.94712955,0.18604863,0
-2.5119231,2.9564967,0.8322041,-0.26140317,0.94712955,-0.18604863,0
-1.8219972,-3.4597056,2.856962,-0.70390499,-0.05516988,0.70814836,0
1.7804537,3.7793715,-2.6409495,-0.26140317,0.94712955,-0.18604863,0
1.6110709,3.6791663,-3.3166742,-0.26140317,0.94712955,-0.18604863,0
-3.1128743,2.2603345,1.7644778,-0.70390499,-0.05516988,0.70814836,0
-1.6807513,-2.0225248,3.0380666,-0.70390499,-0.05516988,0.70814836,0
2.4795709,-2.2089336,-2.0793345,-0.6604439,-0.3160727,-0.6811108,0
0.42824131,-1.424577,-0.62167335,-0.6604439,-0.3160727,-0.6811108,0
-1.8164418,3.2234609,0.24206305,-0.26140317,0.94712955,-0.18604863,0
-2.151669,-1.9887967,2.7536199,-0.70390499,-0.05516988,0.70814836,0
-2.3692455,-0.99149144,2.4526982,-0.70390499,-0.05516988,0.70814836,0
-2.0770721,-2.1785479,2.1836581,-0.6604439,-0.3160727,-0.6811108,0
2.5970154,-1.3165596,-2.4974008,0.70390499,0.05516988,-0.70814836,0
-0.64427668,-1.4533867,0.36831963,-0.6604439,-0.3160727,-0.6811108,0
-0.2275424,-3.2106388,2.0328844,0.26140317,-0.94712955,0.18604863,0
1.8451071,0.91589773,-2.8811986,0.70390499,0.05516988,-0.70814836,0
-1.3594296,-3.2200513,3.2148366,-0.70390499,-0.05516988,0.70814836,0
-0.80029082,3.5047524,-0.8788805,-0.26140317,0.94712955,-0.18604863,0
2.9325378,-0.87097442,-2.3463778,0.70390499,0.05516988,-0.70814836,0
-2.0393863,-0.71324193,2.6796803,-0.70390499,-0.05516988,0.70814836,0
-0.76882291,3.015594,-0.029304743,0.6604439,0.3160727,0.6811108,0
-2.7498384,2.8812795,0.65020823,-0.26140317,0.94712955,-0.18604863,0
-0.24577713,-3.4066422,1.4226198,0.26140317,-0.94712955,0.18604863,0
1.4523222,3.1253109,-2.9733553,0.70390499,0.05516988,-0.70814836,0
-1.5554032,-2.6466546,3.1192427,-0.70390499,-0.05516988,0.70814836,0
1.3328909,-3.0887668,0.37280059,0.26140317,-0.94712955,0.18604863,0
-2.5102775,3.5049222,1.4830246,-0.26140317,0.94712955,-0.18604863,0
3.0746951,-1.1702998,-1.9784559,0.70390499,0.05516988,-0.70814836,0
-3.2851679,1.6667773,2.0279007,-0.70390499,-0.05516988,0.70814836,0
-2.6152782,-1.0563134,2.4730709,-0.70390499,-0.05516988,0.70814836,0
1.8443241,2.7915893,-2.6501255,0.70390499,0.05516988,-0.70814836,0
-3.3111341,1.6858702,2.0372992,-0.70390499,-0.05516988,0.70814836,0
-0.73296702,0.30385303,-0.44920358,-0.6604439,-0.3160727,-0.6811108,0
-0.6068573,-3.1693356,2.4839859,0.26140317,-0.94712955,0.18604863,0
1.8552017,2.6118953,-2.6700306,0.70390499,0.05516988,-0.70814836,0
-0.68873185,-0.082708597,1.5215223,0.6604439,0.3160727,0.6811108,0
-3.0024416,2.6703329,2.0012493,-0.70390499,-0.05516988,0.70814836,0
1.5368915,3.5403357,-3.1776309,0.70390499,0.05516988,-0.70814836,0
-1.5018703,3.3080347,0.32701421,-0.26140317,0.94712955,-0.18604863,0
-2.8169975,1.0833611,2.3226483,-0.70390499,-0.05516988,0.70814836,0
3.0374084,-2.9859588,-1.2681663,0.26140317,-0.94712955,0.18604863,0
-2.4461589,3.2430284,1.1654665,-0.26140317,0.94712955,-0.18604863,0
1.4612257,2.8280029,-3.4209211,0.70390499,0.05516988,-0.70814836,0
2.4243309,-2.94278,-0.096801519,0.26140317,-0.94712955,0.18604863,0
2.9559243,-2.0351543,-2.4393518,0.70390499,0.05516988,-0.70814836,0
-0.21568704,3.4218593,-1.7763979,-0.26140317,0.94712955,-0.18604863,0
-2.5842686,3.1794615,0.27737761,-0.6604439,-0.3160727,-0.6811108,0
-1.1109047,2.9010863,0.70685339,0.6604439,0.3160727,0.6811108,0
2.514343,-2.0802166,-0.84838283,0.6604439,0.3160727,0.6811108,0
1.518508,3.7788942,-2.7643049,-0.26140317,0.94712955,-0.18604863,0
-2.0298576,1.1515386,2.0950048,0.6604439,0.3160727,0.6811108,0
-3.2152872,1.4850347,1.8214918,-0.70390499,-0.05516988,0.70814836,0
0.0053076744,-3.299335,1.5269396,0.26140317,-0.94712955,0.18604863,0
-0.1251744,3.2927992,-1.2962985,-0.26140317,0.94712955,-0.18604863,0
0.88424969,-3.4157813,0.92896938,0.26140317,-0.94712955,0.18604863,0
-2.2909873,-2.034138,2.2491703,-0.6604439,-0.3160727,-0.6811108,0
-1.5651718,1.6791984,-0.26637542,-0.6604439,-0.3160727,-0.6811108,0
-1.1564955,3.3144267,-0.717448,-0.26140317,0.94712955,-0.18604863,0
2.1664226,-0.68090928,-1.2776785,0.6604439,0.3160727,0.6811108,0
-0.10294032,-2.8934975,2.0681951,0.6604439,0.3160727,0.6811108,0
-3.2894263,3.1542916,1.2056963,-0.26140317,0.94712955,-0.18604863,0
2.8676198,-1.9903036,-2.0132751,0.70390499,0.05516988,-0.70814836,0
-2.8032634,0.76542836,2.0344903,-0.70390499,-0.05516988,0.70814836,0
-1.3660035,-0.8618505,0.77447373,-0.6604439,-0.3160727,-0.6811108,0
2.0952024,0.6416173,-2.7848473,0.70390499,0.05516988,-0.70814836,0
2.4428132,-0.88398761,-2.5266094,0.70390499,0.05516988,-0.70814836,0
-0.13381016,3.3760145,-1.2002151,-0.26140317,0.94712955,-0.18604863,0
-1.7272077,-1.8471396,3.0671718,0.6604439,0.3160727,0.6811108,0
-2.7059884,1.1244847,2.4957457,-0.70390499,-0.05516988,0.70814836,0
0.83296561,-1.8256073,-0.45514631,-0.6604439,-0.3160727,-0.6811108,0
1.6279769,3.0868185,-3.2348461,0.70390499,0.05516988,-0.70814836,0
-2.4832788,3.1022265,1.6987047,0.6604439,0.3160727,0.6811108,0
-3.221988,3.1196976,1.5111134,-0.26140317,0.94712955,-0.18604863,0
2.0581212,2.7556069,-2.5419872,0.70390499,0.05516988,-0.70814836,0
0.32507706,3.4269075,-2.5281866,-0.26140317,0.94712955,-0.18604863,0
0.44341791,-3.3775306,1.603641,0.26140317,-0.94712955,0.18604863,0
0.41723478,-3.2256694,1.1054616,0.26140317,-0.94712955,0.18604863,0
0.43151355,3.1396372,-2.7319922,-0.26140317,0.94712955,-0.18604863,0
2.6962876,-1.487395,-2.1604176,0.70390499,0.05516988,-0.70814836,0
-0.26349616,3.3249323,-1.2324023,-0.26140317,0.94712955,-0.18604863,0
1.6183512,1.8882259,-2.96031,0.70390499,0.05516988,-0.70814836,0
-1.7833263,-1.6032032,1.7835749,-0.6604439,-0.3160727,-0.6811108,0
0.7733252,-2.7780814,1.5083673,0.6604439,0.3160727,0.6811108,0
-2.4244351,0.48447829,2.4126248,-0.70390499,-0.05516988,0.70814836,0
-0.44120288,3.2137241,-1.8591375,-0.6604439,-0.3160727,-0.6811108,0
0.53712511,-3.4431641,1.2383132,0.26140317,-0.94712955,0.18604863,0
1.3907366,-1.3547639,-1.4140074,-0.6604439,-0.3160727,-0.6811108,0
3.0149975,-2.2442813,-0.99911129,0.6604439,0.3160727,0.6811108,0
2.0342789,-3.0549893,-0.66473532,0.26140317,-0.94712955,0.18604863,0
1.9405843,1.2058029,-1.7780287,0.6604439,0.3160727,0.6811108,0
1.9317379,-3.4269979,-0.5283618,0.26140317,-0.94712955,0.18604863,0
-1.1213574,2.8118773,0.5786283,0.6604439,0.3160727,0.6811108,0
-1.9402746,-1.9313552,2.6999843,-0.70390499,-0.05516988,0.70814836,0
1.3190924,-3.1102586,0.45289159,0.26140317,-0.94712955,0.18604863,0
-2.5922134,1.2096133,2.6199665,-0.70390499,-0.05516988,0.70814836,0
0.87557948,-3.0678716,0.096051693,-0.6604439,-0.3160727,-0.6811108,0
0.49754322,3.076858,-1.2775795,0.6604439,0.3160727,0.6811108,0
0.55433512,-2.9969099,1.8074598,0.6604439,0.3160727,0.6811108,0
-2.5301147,1.0044928,1.1302729,-0.6604439,-0.3160727,-0.6811108,0
