-3.5951037,-2.4577909,-0.73056102,-0.85044509,-0.41520828,0.32302529,0
-3.2121296,-0.8694883,3.0317988,-0.85044509,-0.41520828,0.32302529,0
3.7161818,2.4353528,0.93229687,0.85044509,0.41520828,-0.32302529,0
3.4209304,2.7093892,0.059664726,-0.50641805,0.81240672,-0.28902608,0
-0.34081388,0.078542821,-0.54658043,-0.50641805,0.81240672,-0.28902608,0
-4.0839224,-2.6257792,-1.5144781,-0.85044509,-0.41520828,0.32302529,0
-3.3324683,-1.2565308,2.2344816,-0.85044509,-0.41520828,0.32302529,0
-0.040603399,-1.7026092,-3.4978099,0.50641805,-0.81240672,0.28902608,0
-3.0144372,-0.099067688,3.8878837,-0.85044509,-0.41520828,0.32302529,0
-0.91159809,-0.36472851,-0.92934871,-0.50641805,0.81240672,-0.28902608,0
-2.9135542,-0.90903568,1.2617242,-0.50641805,0.81240672,-0.28902608,0
-4.139401,-3.0156207,-2.3950319,-0.1424219,-0.40938661,-0.90117627,0
-3.7124946,-1.8510752,0.31680179,-0.85044509,-0.41520828,0.32302529,0
4.0875626,2.8309741,1.5085167,0.85044509,0.41520828,-0.32302529,0
-3.5117669,-2.114974,0.74880314,-0.85044509,-0.41520828,0.32302529,0
-2.882566,-0.85926539,3.683759,-0.85044509,-0.41520828,0.32302529,0
3.0674427,0.99172652,-2.7665026,0.85044509,0.41520828,-0.32302529,0
2.358495,-0.4957,-4.4917803,-0.1424219,-0.40938661,-0.90117627,0
3.4087901,1.9579811,-0.5854125,0.85044509,0.41520828,-0.32302529,0
2.6968732,2.8675971,2.6072781,0.1424219,0.40938661,0.90117627,0
1.2004542,0.17723066,-2.9195657,-0.50641805,0.81240672,-0.28902608,0
3.2004919,2.0934658,-1.1411366,0.85044509,0.41520828,-0.32302529,0
-0.92774081,1.316813,3.7887552,0.1424219,0.40938661,0.90117627,0
3.4296489,3.5168419,2.3082078,0.1424219,0.40938661,0.90117627,0
-3.1513481,-1.9548198,1.196068,-0.85044509,-0.41520828,0.32302529,0
0.74261117,1.4682857,1.5986429,-0.50641805,0.81240672,-0.28902608,0
-2.474612,-0.39504075,4.7881794,-0.85044509,-0.41520828,0.32302529,0
2.8941193,1.0259836,-3.3826442,0.85044509,0.41520828,-0.32302529,0
0.089370489,-1.7117295,-3.8202333,-0.1424219,-0.40938661,-0.90117627,0
-0.18971896,1.4586893,2.9193697,-0.50641805,0.81240672,-0.28902608,0
3.3848572,0.40515399,-3.2661619,0.85044509,0.41520828,-0.32302529,0
-2.6646016,-0.3475405,4.8838301,-0.85044509,-0.41520828,0.32302529,0
-0.80176163,0.9303146,4.2627597,0.1424219,0.40938661,0.90117627,0
3.7490709,2.5798855,2.7922645,0.1424219,0.40938661,0.90117627,0
3.3646529,1.717865,-0.75733924,0.85044509,0.41520828,-0.32302529,0
1.4457853,-0.37942755,-4.3361292,-0.1424219,-0.40938661,-0.90117627,0
-0.7663846,-2.1062498,-3.4359257,-0.1424219,-0.40938661,-0.90117627,0
-2.5812323,-0.34478796,4.5555925,-0.85044509,-0.41520828,0.32302529,0
3.9638722,2.9404161,2.4820256,0.1424219,0.40938661,0.90117627,0
3.4381089,2.3040569,0.0018911362,0.85044509,0.41520828,-0.32302529,0
-2.8698936,-0.39551067,3.84938,-0.85044509,-0.41520828,0.32302529,0
-3.0033545,-0.92895645,3.3579168,-0.85044509,-0.41520828,0.32302529,0
0.23877096,1.7178805,2.795414,-0.50641805,0.81240672,-0.28902608,0
-2.7315764,-0.70434529,3.7669287,-0.85044509,-0.41520828,0.32302529,0
-2.3918512,-2.5185838,-3.0824447,-0.1424219,-0.40938661,-0.90117627,0
-1.166559,-2.0963607,-1.6458483,0.50641805,-0.81240672,0.28902608,0
3.8260465,2.192482,0.25808382,0.85044509,0.41520828,-0.32302529,0
3.6121125,1.9550712,-0.18066192,0.85044509,0.41520828,-0.32302529,0
3.5060475,2.6174321,0.67820632,0.85044509,0.41520828,-0.32302529,0
2.9805861,0.53336298,-3.3772154,0.85044509,0.41520828,-0.32302529,0
-3.3752904,-2.6487713,-0.23792601,-0.85044509,-0.41520828,0.32302529,0
-3.215802,-3.5450346,-2.3732157,-0.1424219,-0.40938661,-0.90117627,0
1.5437834,0.40922388,0.11189806,0.50641805,-0.81240672,0.28902608,0
-2.9546247,-2.6494925,-2.9654062,-0.1424219,-0.40938661,-0.90117627,0
-2.4387579,0.25657165,3.6497233,-0.50641805,0.81240672,-0.28902608,0
0.79033661,1.4970269,3.5694785,0.1424219,0.40938661,0.90117627,0
-3.3291404,-1.9070694,0.9085269,-0.85044509,-0.41520828,0.32302529,0
-3.5051301,-1.3861499,1.2218943,-0.85044509,-0.41520828,0.32302529,0
2.6840887,2.8720908,2.3104558,-0.50641805,0.81240672,-0.28902608,0
1.3183498,2.257143,2.5180011,-0.50641805,0.81240672,-0.28902608,0
3.3383369,2.6901844,-0.52359629,0.85044509,0.41520828,-0.32302529,0
3.4927223,1.8062729,-0.91896415,0.85044509,0.41520828,-0.32302529,0
-3.9326332,-1.9873173,-0.68709564,-0.85044509,-0.41520828,0.32302529,0
-3.4549778,-2.090292,0.40815449,-0.85044509,-0.41520828,0.32302529,0
1.4473188,2.3629026,1.8829633,-0.50641805,0.81240672,-0.28902608,0
-3.7465162,-3.0837264,-1.7592851,-0.85044509,-0.41520828,0.32302529,0
-3.0051477,-2.4082916,-2.687809,-0.1424219,-0.40938661,-0.90117627,0
3.1125062,0.3993336,-3.1183977,0.85044509,0.41520828,-0.32302529,0
1.0987031,-1.021548,-3.5733581,0.50641805,-0.81240672,0.28902608,0
2.6053479,0.73221219,-4.2298923,0.85044509,0.41520828,-0.32302529,0
-2.6556206,0.25643063,3.0886455,-0.50641805,0.81240672,-0.28902608,0
-0.0014097691,-0.50073969,-2.5657113,-0.50641805,0.81240672,-0.28902608,0
0.035343483,-0.48903111,-0.097127795,0.50641805,-0.81240672,0.28902608,0
2.6327062,1.818475,-1.2364945,-0.50641805,0.81240672,-0.28902608,0
3.8962481,2.4667311,1.7851267,0.50641805,-0.81240672,0.28902608,0
0.16295671,1.5060707,2.3497758,-0.50641805,0.81240672,-0.28902608,0
-3.880522,-2.3933039,-0.6956594,-0.85044509,-0.41520828,0.32302529,0
3.117342,2.557142,2.7979159,0.1424219,0.40938661,0.90117627,0
0.5602262,1.3813661,0.98189461,-0.50641805,0.81240672,-0.28902608,0
3.4916139,2.4632964,-0.26695943,0.85044509,0.41520828,-0.32302529,0
-3.4974494,-2.2891018,0.29131556,-0.85044509,-0.41520828,0.32302529,0
3.1020508,1.1012244,-2.6671007,0.85044509,0.41520828,-0.32302529,0
-3.9538126,-2.4180126,-1.7163717,-0.85044509,-0.41520828,0.32302529,0
-1.6183972,-2.1761544,-1.8178875,0.50641805,-0.81240672,0.28902608,0
3.9675138,3.0007255,2.421757,0.1424219,0.40938661,0.90117627,0
3.427258,3.1725488,1.2484995,0.85044509,0.41520828,-0.32302529,0
1.2840652,-0.71449882,-4.4512663,-0.1424219,-0.40938661,-0.90117627,0
1.2585924,2.0365207,3.4395554,0.1424219,0.40938661,0.90117627,0
1.3124793,-0.75091636,-4.2914143,-0.1424219,-0.40938661,-0.90117627,0
3.7392373,2.6593187,2.7472849,0.50641805,-0.81240672,0.28902608,0
-0.34982252,-1.7691196,-2.0239296,0.50641805,-0.81240672,0.28902608,0
-1.2171375,-1.0326724,0.69208193,0.50641805,-0.81240672,0.28902608,0
3.2106862,1.6765206,-1.3345537,0.85044509,0.41520828,-0.32302529,0
0.42225003,-1.3608999,-3.0046248,0.50641805,-0.81240672,0.28902608,0
-0.67939901,1.0133548,4.1354795,0.1424219,0.40938661,0.90117627,0
0.56848097,-0.60262197,-4.076354,-0.1424219,-0.40938661,-0.90117627,0
-3.2702737,-2.5678275,-2.6496606,-0.1424219,-0.40938661,-0.90117627,0
2.6455126,1.8090339,-1.7274265,-0.50641805,0.81240672,-0.28902608,0
-3.5555565,-2.232517,-0.39533186,-0.85044509,-0.41520828,0.32302529,0
-0.84090066,-0.20837186,-0.25405657,-0.50641805,0.81240672,-0.28902608,0
-3.6081462,-1.6410023,0.56233215,-0.85044509,-0.41520828,0.32302529,0
3.416369,0.67572445,-2.3241985,0.85044509,0.41520828,-0.32302529,0
3.2230403,1.8851674,1.6172636,0.50641805,-0.81240672,0.28902608,0
2.1791258,2.0118945,0.21706963,-0.50641805,0.81240672,-0.28902608,0
-2.9427114,-0.48680449,4.1892157,-0.85044509,-0.41520828,0.32302529,0
2.5174115,-0.085937142,-4.6794634,-0.1424219,-0.40938661,-0.90117627,0
-3.1607065,-0.11079073,4.2112379,-0.85044509,-0.41520828,0.32302529,0
-3.983741,-2.6794548,-1.0509239,-0.85044509,-0.41520828,0.32302529,0
-0.70213574,0.26074874,-0.13193074,-0.50641805,0.81240672,-0.28902608,0
-1.9966956,0.18217802,4.8140278,0.1424219,0.40938661,0.90117627,0
2.242326,2.8390174,2.8037596,0.1424219,0.40938661,0.90117627,0
-3.2111692,-1.2807366,2.7614629,-0.85044509,-0.41520828,0.32302529,0
3.0635068,3.4666991,2.5472133,0.1424219,0.40938661,0.90117627,0
2.2879555,1.721694,1.8799753,0.50641805,-0.81240672,0.28902608,0
-3.281157,-2.9316721,-0.54671454,-0.85044509,-0.41520828,0.32302529,0
-2.0944147,0.16440177,4.6477327,0.1424219,0.40938661,0.90117627,0
3.0839818,2.1949487,2.4864259,0.50641805,-0.81240672,0.28902608,0
-3.1284466,0.26373243,4.8827109,0.1424219,0.40938661,0.90117627,0
3.1103628,1.8542681,-1.5240588,0.85044509,0.41520828,-0.32302529,0
-2.3131185,-0.080896258,4.9870672,0.1424219,0.40938661,0.90117627,0
-0.061848164,1.6581173,3.832356,0.1424219,0.40938661,0.90117627,0
0.34558487,1.4691026,3.7072434,0.1424219,0.40938661,0.90117627,0
-3.3015492,-2.6433568,-2.6711061,-0.1424219,-0.40938661,-0.90117627,0
2.2411928,0.13807344,-4.9740076,-0.1424219,-0.40938661,-0.90117627,0
3.7929506,2.8857472,2.7231946,0.1424219,0.40938661,0.90117627,0
-3.6342721,-3.3735337,-2.0865612,-0.85044509,-0.41520828,0.32302529,0
-3.9888248,-2.7569137,-1.249733,-0.85044509,-0.41520828,0.32302529,0
-3.716444,-2.2667212,-0.79863036,-0.85044509,-0.41520828,0.32302529,0
-2.7527504,-0.1927526,4.8591938,0.1424219,0.40938661,0.90117627,0
-3.17278,-2.9582849,-2.7295251,-0.1424219,-0.40938661,-0.90117627,0
3.3778083,1.1627387,-1.5808835,0.85044509,0.41520828,-0.32302529,0
-3.7014141,-3.4021282,-2.3571019,-0.1424219,-0.40938661,-0.90117627,0
-2.1299469,-0.093920827,1.9737211,-0.50641805,0.81240672,-0.28902608,0
-3.629024,-2.8572741,-2.3580394,-0.1424219,-0.40938661,-0.90117627,0
-3.0394719,0.16529191,4.5310078,-0.85044509,-0.41520828,0.32302529,0
3.4550955,3.0475273,1.070316,0.85044509,0.41520828,-0.32302529,0
2.8223538,1.6790506,-2.3375041,0.85044509,0.41520828,-0.32302529,0
-4.1779113,-3.1978951,-2.2814114,-0.85044509,-0.41520828,0.32302529,0
-2.9747715,-0.51642698,3.588259,-0.85044509,-0.41520828,0.32302529,0
3.3649569,1.0766387,-2.2741764,0.85044509,0.41520828,-0.32302529,0
3.0163531,0.21438813,-3.7561743,0.85044509,0.41520828,-0.32302529,0
1.6472325,2.0670319,0.67763752,-0.50641805,0.81240672,-0.28902608,0
-3.0769839,-1.8322576,2.3826859,-0.85044509,-0.41520828,0.32302529,0
-1.8272161,-0.64342946,-0.37170458,-0.50641805,0.81240672,-0.28902608,0
-4.0690222,-2.3806381,-1.2324047,-0.85044509,-0.41520828,0.32302529,0
-1.2325125,1.233309,4.11621,0.1424219,0.40938661,0.90117627,0
-3.1875768,-0.86037105,1.6126046,-0.50641805,0.81240672,-0.28902608,0
2.9213536,0.026522636,-4.4807467,0.85044509,0.41520828,-0.32302529,0
2.5934851,-0.22585642,-4.8672323,-0.1424219,-0.40938661,-0.90117627,0
-1.9535735,-2.2773337,-3.0372598,-0.1424219,-0.40938661,-0.90117627,0
4.0368948,2.6166308,1.0706192,0.85044509,0.41520828,-0.32302529,0
-0.12179637,0.39932781,3.0323763,0.50641805,-0.81240672,0.28902608,0
3.2546406,0.34531248,-3.6268191,0.85044509,0.41520828,-0.32302529,0
-1.0938983,-2.0985618,-3.4893184,-0.1424219,-0.40938661,-0.90117627,0
-3.1979694,-2.9494591,-2.6519644,-0.1424219,-0.40938661,-0.90117627,0
1.704349,-0.68524241,-2.7751679,0.50641805,-0.81240672,0.28902608,0
3.4487267,1.6968497,-1.6402173,0.85044509,0.41520828,-0.32302529,0
2.4657614,2.5240097,3.0781627,0.1424219,0.40938661,0.90117627,0
1.3490069,1.4902515,3.6726522,0.1424219,0.40938661,0.90117627,0
1.792804,2.1877928,1.6630161,-0.50641805,0.81240672,-0.28902608,0
0.30940676,-1.700967,-3.1526148,0.50641805,-0.81240672,0.28902608,0
-3.3146844,-2.4854305,0.70395279,-0.85044509,-0.41520828,0.32302529,0
1.0655317,-1.0905148,-3.8152866,0.50641805,-0.81240672,0.28902608,0
2.9200549,0.53466552,-3.8799152,0.85044509,0.41520828,-0.32302529,0
-0.41769457,-0.97012454,-3.1783772,-0.50641805,0.81240672,-0.28902608,0
-1.1169059,0.72545427,4.325489,0.1424219,0.40938661,0.90117627,0
-3.2588518,-1.8010777,1.4803882,-0.85044509,-0.41520828,0.32302529,0
-0.82994008,-1.8406138,-3.5664809,-0.1424219,-0.40938661,-0.90117627,0
-1.6411476,-1.7042954,-3.6178474,-0.1424219,-0.40938661,-0.90117627,0
3.1011689,0.9409886,-2.7675672,0.85044509,0.41520828,-0.32302529,0
2.6071167,2.3517311,2.9563956,0.1424219,0.40938661,0.90117627,0
2.9307041,1.2165437,-3.2729771,0.85044509,0.41520828,-0.32302529,0
-2.0552251,-0.27390677,0.68545318,-0.50641805,0.81240672,-0.28902608,0
-3.5505035,-2.1414876,0.87237525,-0.85044509,-0.41520828,0.32302529,0
3.0828469,-0.026838422,-4.2403517,0.85044509,0.41520828,-0.32302529,0
3.4851048,3.287168,1.6316937,0.85044509,0.41520828,-0.32302529,0
2.3211153,1.3932564,1.5716419,0.50641805,-0.81240672,0.28902608,0
2.1721087,1.0309964,0.9085595,0.50641805,-0.81240672,0.28902608,0
-0.1185503,0.84000087,0.84918433,-0.50641805,0.81240672,-0.28902608,0
-2.9484687,0.16556609,3.4762399,-0.50641805,0.81240672,-0.28902608,0
-3.0733855,-2.1767504,1.2371802,0.50641805,-0.81240672,0.28902608,0
2.3304286,0.99416077,-0.019797087,0.50641805,-0.81240672,0.28902608,0
-3.6308727,-2.0365438,0.61993122,-0.85044509,-0.41520828,0.32302529,0
-0.69810104,-1.6064926,-3.5130029,-0.1424219,-0.40938661,-0.90117627,0
3.4726169,2.3146162,-0.083811522,0.85044509,0.41520828,-0.32302529,0
3.4170821,2.4159424,2.1288891,0.50641805,-0.81240672,0.28902608,0
3.6288216,1.8070092,-0.048258543,0.85044509,0.41520828,-0.32302529,0
2.0239024,2.5763516,2.8747239,0.1424219,0.40938661,0.90117627,0
-0.18174434,1.8301871,3.498687,-0.50641805,0.81240672,-0.28902608,0
-2.6153321,-2.2781649,-0.56684005,0.50641805,-0.81240672,0.28902608,0
-2.1747077,-0.66837335,0.64681387,-0.50641805,0.81240672,-0.28902608,0
2.6244099,2.3691113,3.0340157,0.1424219,0.40938661,0.90117627,0
-3.5768054,-1.6904093,0.6821847,-0.85044509,-0.41520828,0.32302529,0
1.1216996,2.2250235,2.4605205,-0.50641805,0.81240672,-0.28902608,0
-3.5673699,-2.6079588,-0.76544297,-0.85044509,-0.41520828,0.32302529,0
-0.92066145,1.0286096,3.9824519,0.1424219,0.40938661,0.90117627,0
3.1806474,3.0379722,2.343905,0.1424219,0.40938661,0.90117627,0
-3.0415382,0.54149187,4.7528858,0.1424219,0.40938661,0.90117627,0
3.7655053,2.5217946,0.40248704,0.85044509,0.41520828,-0.32302529,0
-2.7203515,-0.2433356,4.4306955,-0.85044509,-0.41520828,0.32302529,0
-2.0653772,-0.69620728,3.9956574,0.50641805,-0.81240672,0.28902608,0
-1.269464,1.0169737,2.8495893,-0.50641805,0.81240672,-0.28902608,0
-2.9227173,-0.76801461,4.2334728,-0.85044509,-0.41520828,0.32302529,0
-0.79321957,-0.60096735,1.9229517,0.50641805,-0.81240672,0.28902608,0
-1.7206402,0.68139553,4.2655005,0.1424219,0.40938661,0.90117627,0
3.784646,1.5647352,-0.75677586,0.85044509,0.41520828,-0.32302529,0
2.1019254,0.16863894,-4.6400671,-0.1424219,-0.40938661,-0.90117627,0
-3.0916052,-0.52951097,3.4397676,-0.85044509,-0.41520828,0.32302529,0
2.21628,0.31675231,-4.800806,-0.1424219,-0.40938661,-0.90117627,0
3.0505605,1.5155311,-2.4926124,0.85044509,0.41520828,-0.32302529,0
-2.57231,-0.92583591,4.1732473,-0.85044509,-0.41520828,0.32302529,0
2.1596766,0.023029745,-1.7437828,0.50641805,-0.81240672,0.28902608,0
3.1744945,1.3815202,-2.0959158,0.85044509,0.41520828,-0.32302529,0
-0.25614452,1.4938326,3.7879205,0.1424219,0.40938661,0.90117627,0
-0.71957672,-0.3991794,-1.9765697,-0.50641805,0.81240672,-0.28902608,0
-3.3918276,-0.94303495,1.6702096,-0.85044509,-0.41520828,0.32302529,0
1.1637628,2.0307808,3.328022,0.1424219,0.40938661,0.90117627,0
3.2002761,2.5521147,2.916646,0.1424219,0.40938661,0.90117627,0
3.7789907,1.9363344,-0.54945207,0.85044509,0.41520828,-0.32302529,0
2.4662232,1.4201547,1.6001116,0.50641805,-0.81240672,0.28902608,0
-0.13524985,1.1258879,4.0858569,0.1424219,0.40938661,0.90117627,0
4.0846376,3.3497756,2.1572349,0.1424219,0.40938661,0.90117627,0
2.2721925,2.1948423,2.9016972,0.1424219,0.40938661,0.90117627,0
-2.9684494,-1.3164225,2.5160568,-0.85044509,-0.41520828,0.32302529,0
-3.0923941,0.4772433,4.6662116,-0.85044509,-0.41520828,0.32302529,0
-3.1867707,-0.95906353,2.2240663,-0.85044509,-0.41520828,0.32302529,0
-3.8771248,-2.1276748,-0.075673103,-0.85044509,-0.41520828,0.32302529,0
0.80856729,-0.86197597,-4.0547466,-0.1424219,-0.40938661,-0.90117627,0
1.343055,-0.66669488,-4.4067097,-0.1424219,-0.40938661,-0.90117627,0
-3.6824584,-2.3035841,-1.9861271,-0.50641805,0.81240672,-0.28902608,0
-3.6932349,-2.5254984,-0.18032527,-0.85044509,-0.41520828,0.32302529,0
-2.7290697,-0.41416383,4.9151468,-0.85044509,-0.41520828,0.32302529,0
2.0912082,2.9833035,2.8005309,0.1424219,0.40938661,0.90117627,0
1.9960864,2.7479978,2.6952596,-0.50641805,0.81240672,-0.28902608,0
2.7554951,3.1211128,2.4388018,0.1424219,0.40938661,0.90117627,0
2.5847495,1.3445443,-1.8459003,-0.50641805,0.81240672,-0.28902608,0
-2.97299,-0.91700077,2.8089361,-0.85044509,-0.41520828,0.32302529,0
3.5798204,0.89746445,-1.4308381,0.50641805,-0.81240672,0.28902608,0
-1.9994698,-1.2843409,-1.8662913,-0.50641805,0.81240672,-0.28902608,0
-2.9490581,-1.0437456,3.3002627,-0.85044509,-0.41520828,0.32302529,0
-2.9652188,-0.28442514,3.2895818,-0.50641805,0.81240672,-0.28902608,0
-2.2279952,-1.6926425,-2.3338022,-0.50641805,0.81240672,-0.28902608,0
1.1393552,-0.77529806,-2.2448282,0.50641805,-0.81240672,0.28902608,0
3.2755949,1.2888817,-2.5597651,0.85044509,0.41520828,-0.32302529,0
-2.4089608,0.34738433,4.4682951,0.1424219,0.40938661,0.90117627,0
3.1265202,1.5729035,-1.8747973,0.85044509,0.41520828,-0.32302529,0
3.5266767,2.0292966,-0.93803501,0.85044509,0.41520828,-0.32302529,0
1.2286712,-0.019876391,0.14591217,0.50641805,-0.81240672,0.28902608,0
2.7323899,-0.35740387,-4.738749,-0.1424219,-0.40938661,-0.90117627,0
1.3204625,1.74279,3.4218216,0.1424219,0.40938661,0.90117627,0
-2.7069435,-0.50445831,4.9156632,-0.85044509,-0.41520828,0.32302529,0
4.1474395,3.0171375,2.2430537,0.85044509,0.41520828,-0.32302529,0
-3.3651996,-3.0899341,-2.2859395,-0.1424219,-0.40938661,-0.90117627,0
1.9361423,0.67422068,-0.38279915,0.50641805,-0.81240672,0.28902608,0
-1.5309981,0.84793746,4.394496,0.1424219,0.40938661,0.90117627,0
3.126343,2.5207236,2.75372,0.1424219,0.40938661,0.90117627,0
-1.5506065,-1.740164,-3.4166336,-0.1424219,-0.40938661,-0.90117627,0
2.5789752,-0.7949717,-4.3810983,-0.1424219,-0.40938661,-0.90117627,0
3.8801048,2.279603,0.42477202,0.85044509,0.41520828,-0.32302529,0
-1.1042528,-0.35203382,2.6756117,0.50641805,-0.81240672,0.28902608,0
-2.444104,-0.87543732,3.9046841,0.50641805,-0.81240672,0.28902608,0
2.6801472,0.67374605,-1.5704618,0.50641805,-0.81240672,0.28902608,0
-0.14802349,0.96845716,1.354975,-0.50641805,0.81240672,-0.28902608,0
1.6632056,-0.93855888,-3.18735,0.50641805,-0.81240672,0.28902608,0
0.63174272,1.757833,3.6213596,0.1424219,0.40938661,0.90117627,0
-2.1735582,-2.4707887,-1.7123568,0.50641805,-0.81240672,0.28902608,0
-0.3896122,-0.99677688,-3.8388426,-0.1424219,-0.40938661,-0.90117627,0
2.8665404,1.6211352,-2.846333,0.85044509,0.41520828,-0.32302529,0
-3.4728992,-2.054095,0.69426417,-0.85044509,-0.41520828,0.32302529,0
2.6979151,-0.21430826,-3.9684019,0.50641805,-0.81240672,0.28902608,0
-3.0442748,-2.9689438,-1.3019813,0.50641805,-0.81240672,0.28902608,0
-0.52436376,-1.7223812,-2.5848622,0.50641805,-0.81240672,0.28902608,0
-1.3166404,-1.4465132,-3.7005434,-0.1424219,-0.40938661,-0.90117627,0
-2.6720519,0.33353233,4.013011,-0.50641805,0.81240672,-0.28902608,0
-3.2213297,-1.8174757,2.1037505,-0.85044509,-0.41520828,0.32302529,0
2.1259894,-0.15066004,-4.7115345,-0.1424219,-0.40938661,-0.90117627,0
-1.947283,-2.1045372,-3.0950587,-0.1424219,-0.40938661,-0.90117627,0
0.74087548,2.213917,3.3179495,0.1424219,0.40938661,0.90117627,0
2.0953469,-0.015181899,-4.5448127,-0.1424219,-0.40938661,-0.90117627,0
-3.0423946,-1.9120812,1.6351163,-0.85044509,-0.41520828,0.32302529,0
3.2996106,3.1965692,1.6076837,-0.50641805,0.81240672,-0.28902608,0
-2.0799036,0.26097059,4.6746492,0.1424219,0.40938661,0.90117627,0
1.7927151,-0.5385083,-3.1404707,0.50641805,-0.81240672,0.28902608,0
-1.8443997,-0.78014612,2.5073256,0.50641805,-0.81240672,0.28902608,0
2.3655839,2.1709867,0.90869814,-0.50641805,0.81240672,-0.28902608,0
-3.8207071,-2.7916641,-0.84892976,-0.85044509,-0.41520828,0.32302529,0
3.1757259,1.107152,-2.5051911,0.85044509,0.41520828,-0.32302529,0
-0.76486754,0.16166735,3.6634431,0.50641805,-0.81240672,0.28902608,0
1.9394819,0.37340635,-4.4798617,-0.50641805,0.81240672,-0.28902608,0
-0.55819559,-2.2050102,-3.4261463,-0.1424219,-0.40938661,-0.90117627,0
-1.1998973,1.2095814,3.6107442,-0.50641805,0.81240672,-0.28902608,0
-3.2910907,-1.6213652,1.4685133,-0.85044509,-0.41520828,0.32302529,0
3.6641889,1.6624721,-0.38392043,0.85044509,0.41520828,-0.32302529,0
-3.1789165,-0.68798953,3.1433673,-0.85044509,-0.41520828,0.32302529,0
-1.0715926,-1.8033663,-3.4306657,-0.1424219,-0.40938661,-0.90117627,0
-2.0554049,0.69980073,4.5838766,0.1424219,0.40938661,0.90117627,0
3.147404,-0.32269859,-4.7073212,0.85044509,0.41520828,-0.32302529,0
-2.2279809,0.18329561,4.5391722,0.1424219,0.40938661,0.90117627,0
-3.4779592,-1.3549463,0.97955108,-0.85044509,-0.41520828,0.32302529,0
-0.9076221,-1.6445869,-3.5144124,-0.1424219,-0.40938661,-0.90117627,0
-3.0663056,-2.5715978,0.33092356,0.50641805,-0.81240672,0.28902608,0
-2.8375814,-3.0008543,-2.4724348,-0.1424219,-0.40938661,-0.90117627,0
-3.5591581,-1.3704873,0.88812733,-0.85044509,-0.41520828,0.32302529,0
-3.636364,-1.6140714,0.6167953,-0.85044509,-0.41520828,0.32302529,0
3.2753088,2.2946486,2.4132934,0.50641805,-0.81240672,0.28902608,0
-2.7313077,-2.1599631,-2.8202405,-0.50641805,0.81240672,-0.28902608,0
-3.5249007,-3.1562967,-0.66494894,-0.85044509,-0.41520828,0.32302529,0
1.7993222,-0.38782078,-2.3190596,0.50641805,-0.81240672,0.28902608,0
1.4445269,-0.65733576,-4.2759848,-0.1424219,-0.40938661,-0.90117627,0
2.5476723,1.3955599,-1.6039846,-0.50641805,0.81240672,-0.28902608,0
-0.75974822,1.3989189,3.1567068,-0.50641805,0.81240672,-0.28902608,0
3.7338116,1.2267401,-1.3309722,0.85044509,0.41520828,-0.32302529,0
-2.9971206,-0.094205141,4.7530766,-0.85044509,-0.41520828,0.32302529,0
1.6284149,2.5003142,3.0267453,0.1424219,0.40938661,0.90117627,0
2.0897837,2.1246939,0.042275548,-0.50641805,0.81240672,-0.28902608,0
2.1810858,1.9702597,-0.66066492,-0.50641805,0.81240672,-0.28902608,0
0.32032895,-1.328784,-4.087719,-0.1424219,-0.40938661,-0.90117627,0
1.0711794,2.3557799,3.2907863,0.1424219,0.40938661,0.90117627,0
3.8504872,1.5369642,-0.19837451,0.85044509,0.41520828,-0.32302529,0
3.9278469,2.023932,0.04963541,0.85044509,0.41520828,-0.32302529,0
-1.0604392,0.37698185,1.1137745,-0.50641805,0.81240672,-0.28902608,0
-3.7739518,-1.6130689,0.63295269,-0.85044509,-0.41520828,0.32302529,0
-3.0825367,-0.75304854,2.7491875,-0.85044509,-0.41520828,0.32302529,0
3.6960223,3.3177044,1.8982905,0.85044509,0.41520828,-0.32302529,0
-3.5579395,-2.5209999,0.087362766,-0.85044509,-0.41520828,0.32302529,0
0.30790567,-1.8410954,-3.4795182,-0.1424219,-0.40938661,-0.90117627,0
-0.083376646,-0.82985651,-3.7345123,-0.50641805,0.81240672,-0.28902608,0
-0.78048015,-2.1809487,-3.1899576,-0.1424219,-0.40938661,-0.90117627,0
3.35321,2.4521728,-0.080267668,0.85044509,0.41520828,-0.32302529,0
-3.5321736,-3.481781,-1.7992096,-0.85044509,-0.41520828,0.32302529,0
2.8098819,2.6748824,2.9142776,0.1424219,0.40938661,0.90117627,0
1.8650787,1.1516453,2.0387807,0.50641805,-0.81240672,0.28902608,0
-2.4174109,-2.790797,-2.7492485,-0.1424219,-0.40938661,-0.90117627,0
-1.246783,0.30527991,4.5428171,0.1424219,0.40938661,0.90117627,0
-2.0666535,-0.69185281,3.4473407,0.50641805,-0.81240672,0.28902608,0
3.6112881,2.9999058,1.5336715,0.85044509,0.41520828,-0.32302529,0
-2.3493493,-2.555068,-2.9459944,-0.1424219,-0.40938661,-0.90117627,0
3.5832121,1.7768763,-0.53935766,0.85044509,0.41520828,-0.32302529,0
3.7907035,2.7595243,0.78064132,0.85044509,0.41520828,-0.32302529,0
-2.8124852,-1.3144562,3.2827382,-0.85044509,-0.41520828,0.32302529,0
3.9614446,2.7497752,1.0213358,0.85044509,0.41520828,-0.32302529,0
0.84692121,0.36674765,1.7405933,0.50641805,-0.81240672,0.28902608,0
-3.7757885,-2.499537,-0.40506649,-0.85044509,-0.41520828,0.32302529,0
-4.0477695,-2.5393839,-0.9654665,-0.85044509,-0.41520828,0.32302529,0
-0.98878217,0.95253485,4.367362,0.1424219,0.40938661,0.90117627,0
-1.2590842,1.0873091,4.2888246,0.1424219,0.40938661,0.90117627,0
2.5099614,0.4860723,-1.2491403,0.50641805,-0.81240672,0.28902608,0
3.3742781,1.5565426,-1.1813798,0.85044509,0.41520828,-0.32302529,0
-3.8658516,-2.3013425,-1.8893859,-0.50641805,0.81240672,-0.28902608,0
0.029506207,1.7077527,3.4784763,0.1424219,0.40938661,0.90117627,0
-1.3897328,-2.5308342,-2.9501472,-0.1424219,-0.40938661,-0.90117627,0
-2.8776889,-0.69622654,4.2054677,-0.85044509,-0.41520828,0.32302529,0
1.5463941,1.8078852,0.33883351,-0.50641805,0.81240672,-0.28902608,0
1.1181946,0.4578135,0.38549882,0.50641805,-0.81240672,0.28902608,0
2.9254856,1.5702441,-2.3770661,0.85044509,0.41520828,-0.32302529,0
-3.7239172,-1.4977396,1.2017395,-0.85044509,-0.41520828,0.32302529,0
3.2550282,1.9196992,-1.8534679,0.85044509,0.41520828,-0.32302529,0
-2.089834,-0.47313014,0.29682374,-0.50641805,0.81240672,-0.28902608,0
3.7662165,2.071033,0.67068672,0.50641805,-0.81240672,0.28902608,0
0.82226193,0.29344958,0.46560216,0.50641805,-0.81240672,0.28902608,0
0.59691906,-1.3228555,-3.9577541,-0.1424219,-0.40938661,-0.90117627,0
2.6233485,-0.13494408,-4.9153938,-0.1424219,-0.40938661,-0.90117627,0
1.1446435,-1.1438887,-4.29006,-0.1424219,-0.40938661,-0.90117627,0
-1.574769,-2.1880195,-1.9472635,0.50641805,-0.81240672,0.28902608,0
-3.7802362,-1.4939682,1.0631595,-0.85044509,-0.41520828,0.32302529,0
2.1770482,-0.11446798,-4.8534126,-0.1424219,-0.40938661,-0.90117627,0
-0.59049487,-1.3102009,-3.6052384,-0.1424219,-0.40938661,-0.90117627,0
-3.6223087,-2.2035246,-1.2162806,-0.50641805,0.81240672,-0.28902608,0
3.80391,2.0698321,1.0443494,0.50641805,-0.81240672,0.28902608,0
2.7998328,2.0567961,3.2456219,0.1424219,0.40938661,0.90117627,0
0.50997663,-0.7785579,-3.9805744,-0.1424219,-0.40938661,-0.90117627,0
2.8449757,2.1523218,2.4232759,0.50641805,-0.81240672,0.28902608,0
1.3714399,-0.97013843,-4.3724241,-0.1424219,-0.40938661,-0.90117627,0
2.3400562,2.0113919,2.9539063,0.1424219,0.40938661,0.90117627,0
-0.46203685,1.198843,4.1883717,0.1424219,0.40938661,0.90117627,0
-0.51365054,-1.4067377,-0.92872036,0.50641805,-0.81240672,0.28902608,0
-3.9061747,-2.9073932,-1.7357202,-0.85044509,-0.41520828,0.32302529,0
-1.45152,0.95440221,4.4134483,0.1424219,0.40938661,0.90117627,0
1.8179054,0.00893116,-4.6717548,-0.1424219,-0.40938661,-0.90117627,0
1.2432605,-0.52051759,-4.2118158,-0.1424219,-0.40938661,-0.90117627,0
2.7523444,0.96811074,-4.3063221,0.85044509,0.41520828,-0.32302529,0
2.2116265,2.5122483,2.9637957,0.1424219,0.40938661,0.90117627,0
2.102288,2.6130247,3.0359683,0.1424219,0.40938661,0.90117627,0
-2.1243889,0.86388862,4.5674314,0.1424219,0.40938661,0.90117627,0
0.30949545,-0.69711506,-4.0246468,-0.1424219,-0.40938661,-0.90117627,0
3.1906228,0.62444872,-2.1383932,0.50641805,-0.81240672,0.28902608,0
0.11732936,-1.165521,-3.7738664,-0.1424219,-0.40938661,-0.90117627,0
3.4373374,3.5704131,2.4028153,0.1424219,0.40938661,0.90117627,0
0.52707577,1.5694962,3.7326925,0.1424219,0.40938661,0.90117627,0
2.4962029,0.49905157,-4.932178,0.85044509,0.41520828,-0.32302529,0
3.0930324,0.61675835,-2.302886,0.50641805,-0.81240672,0.28902608,0
-3.8192844,-3.5566976,-2.3718336,-0.1424219,-0.40938661,-0.90117627,0
3.4853714,2.6003573,0.11122322,0.85044509,0.41520828,-0.32302529,0
-3.6528149,-1.8921722,0.14081788,-0.85044509,-0.41520828,0.32302529,0
3.6122389,1.3644152,-1.5152891,0.85044509,0.41520828,-0.32302529,0
3.8571928,2.8079224,1.0676477,0.85044509,0.41520828,-0.32302529,0
-0.12254691,1.0237521,3.7810516,0.1424219,0.40938661,0.90117627,0
-4.1313267,-3.2750988,-2.0917523,-0.85044509,-0.41520828,0.32302529,0
-2.9817388,-0.92363167,3.201818,-0.85044509,-0.41520828,0.32302529,0
-3.5133278,-2.0251374,-0.077306986,-0.85044509,-0.41520828,0.32302529,0
-2.9583104,-2.6030152,-2.7628415,-0.1424219,-0.40938661,-0.90117627,0
-3.859906,-3.1607366,-2.2335188,-0.85044509,-0.41520828,0.32302529,0
2.7514009,2.2620316,2.9320376,0.50641805,-0.81240672,0.28902608,0
0.56616187,0.84667867,3.5741982,0.50641805,-0.81240672,0.28902608,0
1.4299593,0.72824419,1.1508733,0.50641805,-0.81240672,0.28902608,0
-2.4357567,-1.4918832,2.20946,0.50641805,-0.81240672,0.28902608,0
-3.7062418,-2.6813574,-2.6546526,-0.50641805,0.81240672,-0.28902608,0
-3.5094879,-1.0152936,2.0566888,-0.85044509,-0.41520828,0.32302529,0
-1.367151,-2.6938949,-2.7951581,0.50641805,-0.81240672,0.28902608,0
-0.44872764,0.21253248,-0.60767198,-0.50641805,0.81240672,-0.28902608,0
3.7147999,3.1402483,2.0215144,0.85044509,0.41520828,-0.32302529,0
-3.9264245,-3.121659,-2.4163694,-0.1424219,-0.40938661,-0.90117627,0
4.0486898,3.0626807,2.339215,0.1424219,0.40938661,0.90117627,0
0.95655251,-1.4367044,-3.857893,-0.1424219,-0.40938661,-0.90117627,0
-2.7552903,-2.0697606,-2.6241717,-0.50641805,0.81240672,-0.28902608,0
0.014697313,-1.4475986,-3.5961115,-0.1424219,-0.40938661,-0.90117627,0
-3.3820701,-2.0937507,1.1373672,-0.85044509,-0.41520828,0.32302529,0
-3.6011357,-3.2699556,-2.4734173,-0.1424219,-0.40938661,-0.90117627,0
-2.3686795,-0.11880171,2.2743738,-0.50641805,0.81240672,-0.28902608,0
3.5063703,3.3378425,1.0253936,0.85044509,0.41520828,-0.32302529,0
-1.2281327,-2.2888181,-3.4226782,-0.1424219,-0.40938661,-0.90117627,0
-3.3599038,-0.040967822,3.9052403,-0.85044509,-0.41520828,0.32302529,0
1.9795269,-0.90060997,-4.0547748,0.50641805,-0.81240672,0.28902608,0
-1.0366271,-1.1608288,-3.6336598,-0.1424219,-0.40938661,-0.90117627,0
2.9526725,0.85388017,-3.3341901,0.85044509,0.41520828,-0.32302529,0
-1.1399932,1.4048954,4.0511365,0.1424219,0.40938661,0.90117627,0
0.16934252,1.4247999,3.5815098,0.1424219,0.40938661,0.90117627,0
1.5518394,1.6756184,3.2474754,0.1424219,0.40938661,0.90117627,0
-0.52219391,0.73974305,4.1446123,0.1424219,0.40938661,0.90117627,0
-1.4248328,-0.65862709,2.5287495,0.50641805,-0.81240672,0.28902608,0
3.4871073,0.80984074,-1.5437517,0.50641805,-0.81240672,0.28902608,0
-3.4286079,-2.6431732,-0.44812918,-0.85044509,-0.41520828,0.32302529,0
3.1433382,0.63349646,-2.9818051,0.85044509,0.41520828,-0.32302529,0
2.3862758,1.1081046,-3.0158556,-0.50641805,0.81240672,-0.28902608,0
-2.1704741,-0.26527113,4.1598911,0.50641805,-0.81240672,0.28902608,0
-1.4006125,0.95839083,4.0972862,0.1424219,0.40938661,0.90117627,0
-3.745657,-3.5195384,-2.0940273,-0.85044509,-0.41520828,0.32302529,0
-1.357348,0.24193293,0.83015382,-0.50641805,0.81240672,-0.28902608,0
3.7854016,2.6934557,1.5941801,0.85044509,0.41520828,-0.32302529,0
-2.3766351,0.80358851,4.6028633,0.1424219,0.40938661,0.90117627,0
-0.21295691,-0.5289768,-2.6541564,-0.50641805,0.81240672,-0.28902608,0
3.4924195,1.7956235,-1.4061441,0.85044509,0.41520828,-0.32302529,0
-0.27745771,1.176826,4.1488147,0.1424219,0.40938661,0.90117627,0
-4.0815678,-3.3002033,-2.0692484,-0.85044509,-0.41520828,0.32302529,0
-3.4125941,-0.81699854,2.6250694,-0.85044509,-0.41520828,0.32302529,0
-3.162276,-2.6390665,-2.7950118,-0.1424219,-0.40938661,-0.90117627,0
-1.3480563,-1.7036005,-0.29113901,0.50641805,-0.81240672,0.28902608,0
3.7550597,3.191823,2.5972645,0.1424219,0.40938661,0.90117627,0
0.56924272,-0.37128335,-0.56542176,0.50641805,-0.81240672,0.28902608,0
-3.945519,-2.6478705,-2.5970926,-0.1424219,-0.40938661,-0.90117627,0
2.4898891,1.7053621,2.4367442,0.50641805,-0.81240672,0.28902608,0
-3.6818597,-3.3088965,-1.6565953,-0.85044509,-0.41520828,0.32302529,0
-2.1576278,0.55781877,4.6244802,0.1424219,0.40938661,0.90117627,0
-1.8581638,-2.4334824,-2.3920059,0.50641805,-0.81240672,0.28902608,0
1.8199637,0.64012599,0.79060763,0.50641805,-0.81240672,0.28902608,0
-3.3686392,-2.0817165,0.88184929,-0.85044509,-0.41520828,0.32302529,0
-0.73681736,1.1461942,3.4557798,-0.50641805,0.81240672,-0.28902608,0
-0.35578442,1.4047462,4.033834,0.1424219,0.40938661,0.90117627,0
0.78768539,-1.0227203,-3.8985527,-0.1424219,-0.40938661,-0.90117627,0
-1.9493984,1.0018623,4.3717313,0.1424219,0.40938661,0.90117627,0
0.080793381,-1.8759315,-3.7212603,-0.1424219,-0.40938661,-0.90117627,0
-3.0879421,0.0087391138,3.769762,-0.50641805,0.81240672,-0.28902608,0
-3.3864119,-1.7295113,0.71556067,-0.85044509,-0.41520828,0.32302529,0
-1.4985273,-1.9887919,-3.2558129,-0.1424219,-0.40938661,-0.90117627,0
-3.0329251,-0.1582675,4.0922685,-0.85044509,-0.41520828,0.32302529,0
0.12247759,0.8322404,-0.0020070896,-0.50641805,0.81240672,-0.28902608,0
-1.8506608,-1.1678253,1.0790157,0.50641805,-0.81240672,0.28902608,0
-0.65293407,0.80647624,4.2958722,0.1424219,0.40938661,0.90117627,0
-0.33996701,1.1590295,3.9494224,0.1424219,0.40938661,0.90117627,0
2.9957793,-0.22387874,-4.6124687,0.85044509,0.41520828,-0.32302529,0
2.5253565,2.4900155,3.0172949,0.1424219,0.40938661,0.90117627,0
-0.96178293,-1.4663864,-3.6226048,-0.1424219,-0.40938661,-0.90117627,0
-1.1076291,0.26062649,4.08989,0.50641805,-0.81240672,0.28902608,0
-3.4863696,-1.523694,1.7432985,-0.85044509,-0.41520828,0.32302529,0
-3.1434996,-3.3200674,-2.4532223,-0.1424219,-0.40938661,-0.90117627,0
-3.592227,-1.5121806,0.92768478,-0.85044509,-0.41520828,0.32302529,0
2.8784971,3.1890807,2.6741915,0.1424219,0.40938661,0.90117627,0
-2.5113771,-0.22680354,4.7508478,0.1424219,0.40938661,0.90117627,0
1.6687201,-0.50711691,-2.5007067,0.50641805,-0.81240672,0.28902608,0
0.17000985,1.6895795,3.7364726,0.1424219,0.40938661,0.90117627,0
-3.4013956,-2.3985991,0.19385529,-0.85044509,-0.41520828,0.32302529,0
2.1493266,1.827189,2.7671049,0.50641805,-0.81240672,0.28902608,0
-2.4525325,-3.1343167,-2.2376218,0.50641805,-0.81240672,0.28902608,0
-1.4611034,-2.381005,-3.0173171,-0.1424219,-0.40938661,-0.90117627,0
-2.9254415,-3.2138844,-2.4839277,-0.1424219,-0.40938661,-0.90117627,0
0.44992185,1.9633152,3.4392018,0.1424219,0.40938661,0.90117627,0
1.9222581,0.0080187321,-4.9344597,-0.1424219,-0.40938661,-0.90117627,0
-1.9492046,0.40227008,4.602211,0.1424219,0.40938661,0.90117627,0
-2.8848467,-0.70352316,3.8253036,-0.85044509,-0.41520828,0.32302529,0
0.86624694,0.10028821,0.92763925,0.50641805,-0.81240672,0.28902608,0
3.4779944,1.3270427,-1.6880128,0.85044509,0.41520828,-0.32302529,0
2.0591767,2.6492598,2.9625192,0.1424219,0.40938661,0.90117627,0
-0.56666231,-1.8597529,-3.5979643,-0.1424219,-0.40938661,-0.90117627,0
-1.5380652,-2.3392854,-3.1340523,-0.1424219,-0.40938661,-0.90117627,0
-3.1888897,-0.65897888,2.5807502,-0.85044509,-0.41520828,0.32302529,0
-0.40669775,-1.6442199,-3.5232353,-0.1424219,-0.40938661,-0.90117627,0
3.1788068,0.44707143,-3.1285806,0.85044509,0.41520828,-0.32302529,0
2.5227022,2.4456301,3.0547774,0.1424219,0.40938661,0.90117627,0
0.57564664,1.5960126,1.991295,-0.50641805,0.81240672,-0.28902608,0
3.3585868,0.58525658,-2.8442724,0.85044509,0.41520828,-0.32302529,0
-1.1703708,0.79885089,4.4579787,0.1424219,0.40938661,0.90117627,0
-0.56981111,0.59364235,4.1778903,0.1424219,0.40938661,0.90117627,0
-3.3114777,-0.67932886,2.6995144,-0.85044509,-0.41520828,0.32302529,0
0.97165012,-0.1048075,-3.616703,-0.50641805,0.81240672,-0.28902608,0
-1.5933214,-0.12246829,4.364768,0.50641805,-0.81240672,0.28902608,0
-2.8316889,-2.2802112,-2.8997011,-0.1424219,-0.40938661,-0.90117627,0
2.8223641,0.56461626,-4.4721589,0.85044509,0.41520828,-0.32302529,0
3.7720327,3.2073374,2.2414496,0.1424219,0.40938661,0.90117627,0
-0.21682119,1.1335094,4.1149149,0.1424219,0.40938661,0.90117627,0
4.0727654,2.19365,1.0335915,0.85044509,0.41520828,-0.32302529,0
2.5318244,2.2479296,3.0617561,0.1424219,0.40938661,0.90117627,0
-2.8363671,-1.0944682,3.4020844,-0.85044509,-0.41520828,0.32302529,0
-1.6890512,-0.4263007,4.0740128,0.50641805,-0.81240672,0.28902608,0
3.4000273,2.7087982,-0.057548046,0.85044509,0.41520828,-0.32302529,0
2.2971621,2.9118693,2.9111953,0.1424219,0.40938661,0.90117627,0
0.71529245,1.2992768,3.7218015,0.1424219,0.40938661,0.90117627,0
2.9930265,-0.48423243,-4.7009869,-0.1424219,-0.40938661,-0.90117627,0
0.22599363,1.5555489,2.3687439,-0.50641805,0.81240672,-0.28902608,0
3.4868097,1.3417721,-1.1313632,0.85044509,0.41520828,-0.32302529,0
-4.2256699,-2.6801157,-1.583778,-0.85044509,-0.41520828,0.32302529,0
3.7590346,3.0054302,2.67889,0.1424219,0.40938661,0.90117627,0
-1.6518793,-2.4010363,-2.2480941,0.50641805,-0.81240672,0.28902608,0
-2.0772882,-1.7374407,0.8518579,0.50641805,-0.81240672,0.28902608,0
3.4169137,2.3747118,-0.90260124,0.85044509,0.41520828,-0.32302529,0
3.1174629,3.2029607,2.533092,0.1424219,0.40938661,0.90117627,0
3.042207,0.061307073,-3.760253,0.85044509,0.41520828,-0.32302529,0
2.5229971,0.99688077,-3.2615049,-0.50641805,0.81240672,-0.28902608,0
2.1286001,0.81879771,-3.1108937,-0.50641805,0.81240672,-0.28902608,0
-3.6410131,-1.8106258,-0.24825096,-0.50641805,0.81240672,-0.28902608,0
-3.8045819,-2.4348345,-0.99638367,-0.85044509,-0.41520828,0.32302529,0
-3.4044242,-2.2327709,0.57033062,-0.85044509,-0.41520828,0.32302529,0
3.2016695,1.3561341,-2.5768406,0.85044509,0.41520828,-0.32302529,0
0.69276953,-0.35283342,-0.34214932,0.50641805,-0.81240672,0.28902608,0
2.6012559,1.0616604,0.03756237,0.50641805,-0.81240672,0.28902608,0
-1.3742981,-0.8644461,1.3531231,0.50641805,-0.81240672,0.28902608,0
-2.8037391,0.50845909,4.7682943,0.1424219,0.40938661,0.90117627,0
1.5061402,2.1284647,1.8591329,-0.50641805,0.81240672,-0.28902608,0
3.4352944,1.1378652,-1.7964742,0.85044509,0.41520828,-0.32302529,0
2.0057218,-0.3915174,-3.099323,0.50641805,-0.81240672,0.28902608,0
0.41630721,-0.59251785,-3.5287147,-0.50641805,0.81240672,-0.28902608,0
2.3076088,-0.49170721,-4.5904779,-0.1424219,-0.40938661,-0.90117627,0
1.1138458,1.8669418,3.5156624,0.1424219,0.40938661,0.90117627,0
2.7904177,2.9489529,2.6928997,0.1424219,0.40938661,0.90117627,0
-2.0923696,-0.28925097,4.3622699,0.50641805,-0.81240672,0.28902608,0
-0.600456,1.6438875,3.7557592,0.1424219,0.40938661,0.90117627,0
2.4948328,1.7151637,-1.8276007,-0.50641805,0.81240672,-0.28902608,0
-1.5364616,-2.4652324,-3.0297461,-0.1424219,-0.40938661,-0.90117627,0
-3.4916322,-1.5248001,1.0106394,-0.85044509,-0.41520828,0.32302529,0
0.9725697,-1.2507694,-4.1783838,-0.1424219,-0.40938661,-0.90117627,0
3.3373423,1.9527823,-0.81971502,0.85044509,0.41520828,-0.32302529,0
3.0007422,0.90368617,-0.5685873,0.50641805,-0.81240672,0.28902608,0
0.35338807,-1.1615354,-4.1697974,-0.1424219,-0.40938661,-0.90117627,0
-3.3288977,-1.466517,-0.46202374,-0.50641805,0.81240672,-0.28902608,0
2.1364236,-0.87053025,-4.2799902,-0.1424219,-0.40938661,-0.90117627,0
2.2766285,2.7182145,2.2387104,-0.50641805,0.81240672,-0.28902608,0
-3.9271183,-2.2243578,-0.22296214,-0.85044509,-0.41520828,0.32302529,0
0.97313046,1.9019507,1.4785274,-0.50641805,0.81240672,-0.28902608,0
2.8103375,0.085301876,-4.8656588,0.85044509,0.41520828,-0.32302529,0
-0.16872886,-0.40678442,1.0951762,0.50641805,-0.81240672,0.28902608,0
-4.2131662,-3.1141701,-2.1093237,-0.85044509,-0.41520828,0.32302529,0
3.7895608,2.031086,0.45030999,0.85044509,0.41520828,-0.32302529,0
3.4502528,1.2180824,-2.0052023,0.85044509,0.41520828,-0.32302529,0
1.3302075,-0.58399075,-1.9786148,0.50641805,-0.81240672,0.28902608,0
3.491926,2.7840481,2.5990677,0.1424219,0.40938661,0.90117627,0
-0.051661491,-1.8455589,-3.393265,-0.1424219,-0.40938661,-0.90117627,0
-0.87726784,-1.5085131,-0.731426,0.50641805,-0.81240672,0.28902608,0
3.6219339,2.9410739,2.4800835,0.1424219,0.40938661,0.90117627,0
-0.0012428761,-0.92056954,-1.1005567,0.50641805,-0.81240672,0.28902608,0
3.2726963,1.0168839,-0.46026731,0.50641805,-0.81240672,0.28902608,0
-3.7996616,-2.5758276,-0.60280848,-0.85044509,-0.41520828,0.32302529,0
-3.550844,-3.1894855,-1.1524509,-0.85044509,-0.41520828,0.32302529,0
-3.7492616,-2.1584103,-0.46052504,-0.85044509,-0.41520828,0.32302529,0
-1.3620059,-2.3177626,-3.196578,-0.1424219,-0.40938661,-0.90117627,0
-2.1402235,-1.0268915,2.8876741,0.50641805,-0.81240672,0.28902608,0
2.0989316,1.0016104,-2.8614156,-0.50641805,0.81240672,-0.28902608,0
0.17349315,-1.9645724,-3.6620321,-0.1424219,-0.40938661,-0.90117627,0
-2.9667363,-1.401616,2.9777231,-0.85044509,-0.41520828,0.32302529,0
3.0554883,1.8886244,-2.1919596,0.85044509,0.41520828,-0.32302529,0
3.269695,-0.056647658,-4.0899763,0.85044509,0.41520828,-0.32302529,0
-0.86597681,-2.0141907,-3.3258433,-0.1424219,-0.40938661,-0.90117627,0
1.4402063,1.972344,1.7939546,-0.50641805,0.81240672,-0.28902608,0
3.2063475,3.1876056,2.3270855,0.1424219,0.40938661,0.90117627,0
-2.3701651,-0.15639126,5.0152674,0.1424219,0.40938661,0.90117627,0
-2.6306896,-2.2329621,-0.53830087,0.50641805,-0.81240672,0.28902608,0
0.42457485,-0.56277126,-0.028042287,0.50641805,-0.81240672,0.28902608,0
2.7828412,0.54833901,-4.8324928,0.85044509,0.41520828,-0.32302529,0
-3.6135108,-1.2003753,1.0726757,-0.85044509,-0.41520828,0.32302529,0
