-0.071668148,2.6764655,-3.1457663,0.032471299,0.9903267,-0.13490286,0
-0.79011738,-1.7247097,4.6391125,-0.99899894,0.028003454,-0.034887031,0
-0.60386455,-0.73303586,0.4762848,-0.99899894,0.028003454,-0.034887031,0
0.062935829,0.31840754,-4.9821506,0.030771814,-0.13590065,-0.99024463,0
0.1997385,3.648174,3.6774297,0.032471299,0.9903267,-0.13490286,0
0.44246268,-3.5658059,-3.3933496,-0.032471299,-0.9903267,0.13490286,0
0.12549782,2.8558969,-2.4410379,0.032471299,0.9903267,-0.13490286,0
0.11206603,3.3037143,0.72655928,0.032471299,0.9903267,-0.13490286,0
0.44906723,-1.4660677,1.4416417,0.99899894,-0.028003454,0.034887031,0
-0.21420836,-2.5608799,4.6466236,-0.032471299,-0.9903267,0.13490286,0
0.55274081,2.5870533,-1.6424704,0.99899894,-0.028003454,0.034887031,0
-0.15340924,-1.5491112,5.4376059,-0.030771814,0.13590065,0.99024463,0
0.17097187,2.6962891,-2.2483044,0.032471299,0.9903267,-0.13490286,0
-0.12823725,0.34261906,-5.223381,0.030771814,-0.13590065,-0.99024463,0
-0.0042908192,2.9385862,0.77012169,0.032471299,0.9903267,-0.13490286,0
-0.18358505,-0.37885657,5.2930598,-0.030771814,0.13590065,0.99024463,0
0.31656778,-0.51943815,3.6045306,0.99899894,-0.028003454,0.034887031,0
0.54837269,-1.0500857,-4.7740722,0.030771814,-0.13590065,-0.99024463,0
-0.36984038,-3.5594482,-3.3747153,-0.032471299,-0.9903267,0.13490286,0
0.45433709,-0.33040208,-4.8982229,0.030771814,-0.13590065,-0.99024463,0
-0.39814511,-0.92224711,-0.91400421,-0.99899894,0.028003454,-0.034887031,0
0.3629663,-0.322402,5.1657324,-0.030771814,0.13590065,0.99024463,0
0.30271924,-2.8623135,-4.7377558,0.030771814,-0.13590065,-0.99024463,0
-0.38484114,-1.3941227,-2.7464516,-0.99899894,0.028003454,-0.034887031,0
-0.42310858,0.76232362,-4.7983479,-0.99899894,0.028003454,-0.034887031,0
0.55160135,-0.99179035,-3.6763484,0.99899894,-0.028003454,0.034887031,0
0.034508467,2.4023356,-5.201395,0.032471299,0.9903267,-0.13490286,0
-0.21339202,1.1057107,-3.7873092,-0.99899894,0.028003454,-0.034887031,0
0.31727552,-2.4284179,0.63348067,0.99899894,-0.028003454,0.034887031,0
0.088225245,2.383177,4.8858776,-0.030771814,0.13590065,0.99024463,0
0.29389489,-0.45730039,-5.1488104,0.030771814,-0.13590065,-0.99024463,0
0.27399459,0.097835779,2.5363436,0.99899894,-0.028003454,0.034887031,0
-0.40681458,3.0633359,0.64493394,0.032471299,0.9903267,-0.13490286,0
0.024665117,3.4078546,1.4379835,0.032471299,0.9903267,-0.13490286,0
-0.44514036,2.3993855,1.2904207,-0.99899894,0.028003454,-0.034887031,0
0.52147317,1.6307805,-4.6754332,0.99899894,-0.028003454,0.034887031,0
0.45243776,2.508065,4.042994,0.99899894,-0.028003454,0.034887031,0
-0.066346884,-3.4083786,-4.582962,0.030771814,-0.13590065,-0.99024463,0
-0.020387888,1.186859,-5.0938373,0.030771814,-0.13590065,-0.99024463,0
0.44499087,3.4947476,4.1403079,0.032471299,0.9903267,-0.13490286,0
0.49735904,3.0108914,-0.31726921,0.032471299,0.9903267,-0.13490286,0
0.49699783,-2.5270984,1.9412248,0.99899894,-0.028003454,0.034887031,0
0.36989003,-1.7752247,-4.6941414,0.030771814,-0.13590065,-0.99024463,0
-0.60671413,-1.070895,5.0382981,-0.030771814,0.13590065,0.99024463,0
0.11514521,-3.1073141,-1.6475616,-0.032471299,-0.9903267,0.13490286,0
-0.10476184,3.2421341,0.099489629,0.032471299,0.9903267,-0.13490286,0
0.3645463,-0.32531714,4.9707055,-0.030771814,0.13590065,0.99024463,0
-0.44053948,-2.5751202,-4.6085544,0.030771814,-0.13590065,-0.99024463,0
0.01557374,0.15269178,-4.8755145,0.030771814,-0.13590065,-0.99024463,0
-0.15200901,2.9311404,-0.74054277,0.032471299,0.9903267,-0.13490286,0
-0.44141263,-0.88090456,-3.3647544,-0.99899894,0.028003454,-0.034887031,0
0.53868318,3.2744691,2.2522357,0.032471299,0.9903267,-0.13490286,0
-0.80840099,0.51577848,5.0933142,-0.030771814,0.13590065,0.99024463,0
0.83869362,2.2317638,-3.0912263,0.99899894,-0.028003454,0.034887031,0
-0.35979903,0.58787918,-5.3405666,0.030771814,-0.13590065,-0.99024463,0
-0.20068002,-0.83816147,5.0205345,-0.030771814,0.13590065,0.99024463,0
0.020225525,-1.6694489,5.2710733,-0.030771814,0.13590065,0.99024463,0
0.25725007,2.4232552,-5.1750445,0.032471299,0.9903267,-0.13490286,0
0.16387725,3.5961101,3.6727228,0.032471299,0.9903267,-0.13490286,0
0.020575404,2.0627394,4.6056256,-0.030771814,0.13590065,0.99024463,0
0.15581644,-1.0488138,3.7757001,0.99899894,-0.028003454,0.034887031,0
0.49217653,2.5369489,-4.2290463,0.032471299,0.9903267,-0.13490286,0
-0.51140261,-2.4320011,4.9633188,-0.032471299,-0.9903267,0.13490286,0
-0.1836791,2.6635604,-2.5130792,0.032471299,0.9903267,-0.13490286,0
-0.79291201,-0.14827861,4.0367928,-0.99899894,0.028003454,-0.034887031,0
0.60674977,1.2430085,-5.2939901,0.030771814,-0.13590065,-0.99024463,0
-0.3300724,3.0868638,0.20678848,-0.99899894,0.028003454,-0.034887031,0
-0.51653886,2.9188561,0.025590003,-0.99899894,0.028003454,-0.034887031,0
-0.61939895,0.33962637,-1.5551689,-0.99899894,0.028003454,-0.034887031,0
-0.015158176,-3.3752639,-2.6956832,-0.032471299,-0.9903267,0.13490286,0
0.53969181,-0.17932339,-5.1190434,0.030771814,-0.13590065,-0.99024463,0
0.61706728,0.75746202,-2.6583717,0.99899894,-0.028003454,0.034887031,0
0.48782802,2.9283972,-0.25511488,0.032471299,0.9903267,-0.13490286,0
0.3734827,-0.83430791,1.6639485,0.99899894,-0.028003454,0.034887031,0
-0.3680141,1.6488192,-3.776366,-0.99899894,0.028003454,-0.034887031,0
-0.078211069,2.2946959,-5.4484124,0.032471299,0.9903267,-0.13490286,0
-0.38886809,-0.036682785,4.886199,-0.030771814,0.13590065,0.99024463,0
-0.17504764,2.649703,-1.3574805,0.032471299,0.9903267,-0.13490286,0
-0.1044805,-3.6369896,-3.2736666,-0.032471299,-0.9903267,0.13490286,0
-0.18768382,3.4515092,3.5282493,0.032471299,0.9903267,-0.13490286,0
0.28785634,2.578244,-4.0173278,0.032471299,0.9903267,-0.13490286,0
-0.35336941,0.78298092,4.9148178,-0.030771814,0.13590065,0.99024463,0
0.30392027,-2.9609036,-1.7210171,0.99899894,-0.028003454,0.034887031,0
0.81965423,1.4735643,-3.4105046,0.99899894,-0.028003454,0.034887031,0
-0.56521016,-0.2556062,4.2069874,-0.99899894,0.028003454,-0.034887031,0
0.47970262,-0.47372469,-2.6889324,0.99899894,-0.028003454,0.034887031,0
0.56854552,1.4040878,0.088887125,0.99899894,-0.028003454,0.034887031,0
0.39169455,-0.28427082,4.7202406,0.99899894,-0.028003454,0.034887031,0
0.23786116,2.569253,-4.7617688,0.032471299,0.9903267,-0.13490286,0
-0.14049016,-1.4827774,-5.0227122,0.030771814,-0.13590065,-0.99024463,0
0.092915654,-2.324882,-4.7915921,0.030771814,-0.13590065,-0.99024463,0
0.035914898,-3.4069734,-4.7670293,0.030771814,-0.13590065,-0.99024463,0
-0.36663508,2.5430431,1.6462755,-0.99899894,0.028003454,-0.034887031,0
0.13547039,3.4734056,4.4353151,-0.030771814,0.13590065,0.99024463,0
0.60194016,3.2334127,1.9918501,0.032471299,0.9903267,-0.13490286,0
-0.35161614,3.7304535,4.4038868,0.032471299,0.9903267,-0.13490286,0
0.34276867,2.0277996,4.7948666,-0.030771814,0.13590065,0.99024463,0
-0.33156264,-1.0230653,5.316606,-0.030771814,0.13590065,0.99024463,0
0.41872072,3.3825846,3.2992315,0.99899894,-0.028003454,0.034887031,0
-0.051410437,-2.3243322,4.9981103,-0.032471299,-0.9903267,0.13490286,0
0.14698768,2.220572,-5.4952965,0.032471299,0.9903267,-0.13490286,0
-0.24500799,-0.26134518,5.0425777,-0.030771814,0.13590065,0.99024463,0
0.63508129,2.5775142,-3.6106286,0.032471299,0.9903267,-0.13490286,0
0.033008099,-2.6369755,1.5389235,-0.032471299,-0.9903267,0.13490286,0
-0.57432705,0.7466315,5.0687079,-0.030771814,0.13590065,0.99024463,0
-0.43318063,-0.29292393,1.403875,-0.99899894,0.028003454,-0.034887031,0
0.13203061,2.9012644,4.5682406,-0.030771814,0.13590065,0.99024463,0
-0.33774185,3.0663481,-0.61441046,-0.99899894,0.028003454,-0.034887031,0
-0.66619593,0.33574378,3.9155967,-0.99899894,0.028003454,-0.034887031,0
0.64120466,-0.63063073,-3.8410282,0.99899894,-0.028003454,0.034887031,0
-0.45321822,0.66928822,0.91806281,-0.99899894,0.028003454,-0.034887031,0
-0.085261583,3.3701267,3.5084472,0.032471299,0.9903267,-0.13490286,0
-0.36229825,-3.37884,-2.3369274,-0.032471299,-0.9903267,0.13490286,0
-0.0034966469,-3.3188744,-3.1575429,-0.032471299,-0.9903267,0.13490286,0
-0.42407632,0.85352284,-2.5195892,-0.99899894,0.028003454,-0.034887031,0
-0.43567222,-2.0489552,-3.9135509,-0.99899894,0.028003454,-0.034887031,0
-0.54945016,3.693162,4.6120133,-0.030771814,0.13590065,0.99024463,0
-0.23957777,-2.3248639,5.2520571,-0.030771814,0.13590065,0.99024463,0
0.57505727,-1.9121065,1.8990619,0.99899894,-0.028003454,0.034887031,0
-0.16870654,-2.5874705,-4.8025351,0.030771814,-0.13590065,-0.99024463,0
-0.22565413,3.7792394,4.4602242,0.032471299,0.9903267,-0.13490286,0
0.2876811,-0.92976421,0.52162528,0.99899894,-0.028003454,0.034887031,0
0.72136903,0.511379,-0.9316712,0.99899894,-0.028003454,0.034887031,0
0.32832032,1.4913568,3.5128968,0.99899894,-0.028003454,0.034887031,0
-0.0048134327,-2.8066325,-4.6789432,0.030771814,-0.13590065,-0.99024463,0
0.48147804,0.30251372,-5.0636616,0.030771814,-0.13590065,-0.99024463,0
0.21650696,2.984611,4.4920545,-0.030771814,0.13590065,0.99024463,0
0.18493229,-1.9204489,-4.7531567,0.030771814,-0.13590065,-0.99024463,0
-0.55642498,2.6998081,4.7117691,-0.030771814,0.13590065,0.99024463,0
0.31613991,-0.91153413,-4.8268967,0.030771814,-0.13590065,-0.99024463,0
0.45880461,-3.2377188,-4.5860858,0.030771814,-0.13590065,-0.99024463,0
-0.29782772,3.5624704,4.4010673,-0.030771814,0.13590065,0.99024463,0
0.26083922,3.5568719,2.6839211,0.032471299,0.9903267,-0.13490286,0
-0.6007303,0.20409173,-1.7977648,-0.99899894,0.028003454,-0.034887031,0
-0.1048463,1.9199034,4.852263,-0.030771814,0.13590065,0.99024463,0
0.37058568,-2.0002997,1.0682416,0.99899894,-0.028003454,0.034887031,0
-0.42812121,-2.3739374,-1.8252506,-0.99899894,0.028003454,-0.034887031,0
-0.6074121,-3.2229657,-1.7035112,-0.032471299,-0.9903267,0.13490286,0
0.25070214,-1.5074425,-4.8598208,0.030771814,-0.13590065,-0.99024463,0
0.033797264,3.2699149,1.6030264,0.032471299,0.9903267,-0.13490286,0
0.056613445,3.4595451,3.7676301,0.032471299,0.9903267,-0.13490286,0
-0.32685763,-0.78493083,-1.2047554,-0.99899894,0.028003454,-0.034887031,0
-0.04857111,2.9588604,0.26590759,0.032471299,0.9903267,-0.13490286,0
0.47575223,-2.211602,-3.3635566,0.99899894,-0.028003454,0.034887031,0
0.63345963,-0.40416479,1.2426239,0.99899894,-0.028003454,0.034887031,0
-0.69300294,2.6621008,3.6708384,-0.99899894,0.028003454,-0.034887031,0
0.67166913,-2.3316596,-2.4410691,0.99899894,-0.028003454,0.034887031,0
-0.32993662,-1.1083792,-4.0819945,-0.99899894,0.028003454,-0.034887031,0
0.28480148,2.483969,4.8316131,-0.030771814,0.13590065,0.99024463,0
0.13592494,0.052009821,-5.0911279,0.030771814,-0.13590065,-0.99024463,0
0.66655207,-0.14690876,0.50079852,0.99899894,-0.028003454,0.034887031,0
0.22761321,3.3041782,4.5433831,-0.030771814,0.13590065,0.99024463,0
-0.44706655,0.47543505,4.8851256,-0.030771814,0.13590065,0.99024463,0
-0.48961246,1.2974912,-0.36385247,-0.99899894,0.028003454,-0.034887031,0
0.2725358,1.1306906,-5.2336788,0.030771814,-0.13590065,-0.99024463,0
-0.67574668,2.5636563,4.861269,-0.030771814,0.13590065,0.99024463,0
-0.35948372,1.4588258,-5.1654367,-0.99899894,0.028003454,-0.034887031,0
-0.12514877,3.6237426,3.9200306,0.032471299,0.9903267,-0.13490286,0
-0.20074916,-2.9703624,-0.65386999,-0.032471299,-0.9903267,0.13490286,0
0.16539574,-3.508568,-2.8475115,-0.032471299,-0.9903267,0.13490286,0
0.064613581,3.5210676,2.2785969,0.032471299,0.9903267,-0.13490286,0
-0.43030202,-2.908169,-4.6558118,0.030771814,-0.13590065,-0.99024463,0
0.1647542,1.2803468,4.9319429,-0.030771814,0.13590065,0.99024463,0
0.21702057,-0.32217857,-4.9793162,0.030771814,-0.13590065,-0.99024463,0
-0.48266363,-2.3779852,3.2461271,-0.032471299,-0.9903267,0.13490286,0
0.5170117,-1.2237093,-3.4725389,0.99899894,-0.028003454,0.034887031,0
0.10478425,-0.54444933,4.9695921,-0.030771814,0.13590065,0.99024463,0
0.53272009,2.0368488,-0.21426052,0.99899894,-0.028003454,0.034887031,0
0.26652694,3.2161512,1.4147816,0.032471299,0.9903267,-0.13490286,0
-0.23221779,2.2523179,-4.7824283,0.032471299,0.9903267,-0.13490286,0
0.12448049,2.5795131,-3.2679944,0.032471299,0.9903267,-0.13490286,0
-0.32219553,-1.3185771,5.1173482,-0.030771814,0.13590065,0.99024463,0
-0.53894472,-2.9479792,-0.36959094,-0.99899894,0.028003454,-0.034887031,0
0.086388022,0.71406293,4.7690897,-0.030771814,0.13590065,0.99024463,0
0.31098366,3.3693657,3.3305264,0.032471299,0.9903267,-0.13490286,0
0.1616708,2.4290521,4.9048395,-0.030771814,0.13590065,0.99024463,0
-0.024627686,-2.7935438,3.0345266,-0.032471299,-0.9903267,0.13490286,0
0.10987759,-3.1494899,-0.58122396,-0.032471299,-0.9903267,0.13490286,0
0.40639868,-0.12591775,-2.06109,0.99899894,-0.028003454,0.034887031,0
0.59442556,-0.94782889,-1.8795085,0.99899894,-0.028003454,0.034887031,0
-0.1189599,-3.1317859,-1.0063568,-0.032471299,-0.9903267,0.13490286,0
-0.19757295,0.28105956,5.1221371,-0.030771814,0.13590065,0.99024463,0
0.66647255,-2.1366553,-4.3450809,0.99899894,-0.028003454,0.034887031,0
0.50679946,-2.6004057,-2.7941377,0.99899894,-0.028003454,0.034887031,0
-0.435022,2.1507342,4.5701046,-0.030771814,0.13590065,0.99024463,0
-0.026145697,2.0136304,-5.138135,0.030771814,-0.13590065,-0.99024463,0
0.21331525,-3.053844,-4.7872152,0.030771814,-0.13590065,-0.99024463,0
-0.0719769,3.3423703,2.591738,0.032471299,0.9903267,-0.13490286,0
0.77150333,0.7870757,-4.8445039,0.99899894,-0.028003454,0.034887031,0
-0.096345037,-1.4162226,-4.8122516,0.030771814,-0.13590065,-0.99024463,0
0.53865123,3.3072772,1.313046,0.032471299,0.9903267,-0.13490286,0
0.047856569,-3.6866417,-4.1124744,-0.032471299,-0.9903267,0.13490286,0
-0.3941927,-1.8684222,5.1566577,-0.030771814,0.13590065,0.99024463,0
0.48230577,-2.415648,-0.42188525,0.99899894,-0.028003454,0.034887031,0
-0.34227753,2.5070822,-1.8079423,-0.99899894,0.028003454,-0.034887031,0
-0.19079328,3.26384,1.6421108,0.032471299,0.9903267,-0.13490286,0
0.010723174,1.9502071,4.9467216,-0.030771814,0.13590065,0.99024463,0
-0.23065436,-2.6963441,-4.74863,0.030771814,-0.13590065,-0.99024463,0
0.80644995,1.1420716,-2.9883096,0.99899894,-0.028003454,0.034887031,0
0.40111232,0.65787262,1.7255685,0.99899894,-0.028003454,0.034887031,0
-0.50921482,-0.32693577,-5.0010533,-0.99899894,0.028003454,-0.034887031,0
-0.097472191,-2.9475834,-0.76977503,-0.032471299,-0.9903267,0.13490286,0
0.12135959,2.6571729,4.7815204,-0.030771814,0.13590065,0.99024463,0
0.48880547,2.2411001,4.5862532,-0.030771814,0.13590065,0.99024463,0
0.68780446,2.9182951,-0.18989421,0.032471299,0.9903267,-0.13490286,0
0.43776035,-2.2885289,1.5818994,0.99899894,-0.028003454,0.034887031,0
-0.48160005,-3.3374052,-2.9531794,-0.032471299,-0.9903267,0.13490286,0
0.33826971,-2.000361,1.7143279,0.99899894,-0.028003454,0.034887031,0
-0.38503087,-1.4604695,0.37925962,-0.99899894,0.028003454,-0.034887031,0
-0.47556305,3.547581,4.7422352,-0.030771814,0.13590065,0.99024463,0
-0.095772266,-2.3173442,3.9680409,-0.032471299,-0.9903267,0.13490286,0
0.6784811,1.0820298,-4.3038826,0.99899894,-0.028003454,0.034887031,0
0.054247379,0.85555613,-5.2035561,0.030771814,-0.13590065,-0.99024463,0
0.44173706,-2.7648928,-4.7688961,0.030771814,-0.13590065,-0.99024463,0
0.19143844,-3.2217615,-1.806947,-0.032471299,-0.9903267,0.13490286,0
0.78019023,2.9291539,-0.99104744,0.99899894,-0.028003454,0.034887031,0
-0.31944549,-2.060077,-4.8084111,0.030771814,-0.13590065,-0.99024463,0
0.27266693,-1.7494571,1.6979038,0.99899894,-0.028003454,0.034887031,0
0.44097424,2.9856493,0.6596626,0.032471299,0.9903267,-0.13490286,0
-0.049471259,2.1629491,4.9278135,-0.030771814,0.13590065,0.99024463,0
-0.54918075,-2.4406111,4.6530056,-0.032471299,-0.9903267,0.13490286,0
-0.4384352,-0.1176112,2.6925452,-0.99899894,0.028003454,-0.034887031,0
0.46945709,-0.74178576,-3.1992896,0.99899894,-0.028003454,0.034887031,0
0.091149092,3.5240073,4.3786421,0.032471299,0.9903267,-0.13490286,0
0.38021153,2.1490865,4.7189307,0.99899894,-0.028003454,0.034887031,0
0.46098113,-1.3481123,0.95223868,0.99899894,-0.028003454,0.034887031,0
0.43943608,-2.6067264,-4.7085462,0.030771814,-0.13590065,-0.99024463,0
-0.23296964,-2.292628,-4.6257339,0.030771814,-0.13590065,-0.99024463,0
0.43617404,1.2284759,-2.7589874,0.99899894,-0.028003454,0.034887031,0
-0.37607789,-2.4536464,2.842212,-0.032471299,-0.9903267,0.13490286,0
0.3350392,1.8315656,4.8013959,-0.030771814,0.13590065,0.99024463,0
-0.032675028,2.7453177,-2.719929,0.032471299,0.9903267,-0.13490286,0
0.51986885,-3.113667,-4.7076964,0.030771814,-0.13590065,-0.99024463,0
-0.11488032,-3.0738752,0.31303912,-0.032471299,-0.9903267,0.13490286,0
-0.25603247,1.8430445,-1.9226915,-0.99899894,0.028003454,-0.034887031,0
-0.4918077,-1.7066278,2.9389777,-0.99899894,0.028003454,-0.034887031,0
0.52098548,3.260462,3.6673512,0.99899894,-0.028003454,0.034887031,0
-0.095908403,3.2221072,4.6990957,-0.030771814,0.13590065,0.99024463,0
0.18356514,2.9536972,-1.080561,0.032471299,0.9903267,-0.13490286,0
0.50938487,3.2663507,0.7441318,0.032471299,0.9903267,-0.13490286,0
-0.40321186,1.1310778,4.98453,-0.030771814,0.13590065,0.99024463,0
-0.15487099,3.3928328,2.6713288,0.032471299,0.9903267,-0.13490286,0
0.49032021,2.6157858,-3.0557389,0.032471299,0.9903267,-0.13490286,0
0.044730663,2.5907102,-2.8474629,0.032471299,0.9903267,-0.13490286,0
-0.067874908,2.7992821,-1.0841687,0.032471299,0.9903267,-0.13490286,0
0.29184562,2.0093288,4.903511,-0.030771814,0.13590065,0.99024463,0
0.20268071,0.57620966,-5.2991066,0.030771814,-0.13590065,-0.99024463,0
-0.03255558,2.6919928,-3.4808583,0.032471299,0.9903267,-0.13490286,0
0.46620041,-0.4575367,-5.1025991,0.030771814,-0.13590065,-0.99024463,0
-0.51967251,2.6979635,4.6596603,-0.030771814,0.13590065,0.99024463,0
-0.59244847,0.92336178,2.7874334,-0.99899894,0.028003454,-0.034887031,0
0.18783498,3.1045053,1.8246725,0.032471299,0.9903267,-0.13490286,0
-0.27240038,2.2684474,-2.0498846,-0.99899894,0.028003454,-0.034887031,0
0.49478096,-0.26829445,-4.5327973,0.99899894,-0.028003454,0.034887031,0
-0.182271,-3.1423988,-1.3734431,-0.032471299,-0.9903267,0.13490286,0
-0.35567564,0.84797108,1.0424045,-0.99899894,0.028003454,-0.034887031,0
-0.038860381,-1.5759571,-4.70084,0.030771814,-0.13590065,-0.99024463,0
0.29208505,0.36684078,4.2231836,0.99899894,-0.028003454,0.034887031,0
-0.16931021,-0.38355935,5.1130047,-0.030771814,0.13590065,0.99024463,0
0.32283169,-1.5695879,-4.706953,0.030771814,-0.13590065,-0.99024463,0
-0.050619125,2.4676828,-3.7946413,0.032471299,0.9903267,-0.13490286,0
0.091890097,3.5474412,3.6290216,0.032471299,0.9903267,-0.13490286,0
-0.53107327,0.4298797,4.8663983,-0.99899894,0.028003454,-0.034887031,0
-0.50052273,0.58314711,-1.5906804,-0.99899894,0.028003454,-0.034887031,0
0.52573299,1.5677633,-5.4375005,0.030771814,-0.13590065,-0.99024463,0
-0.64780545,-1.675252,3.3391895,-0.99899894,0.028003454,-0.034887031,0
-0.59864974,1.6417687,1.9769061,-0.99899894,0.028003454,-0.034887031,0
0.54319167,-2.5635371,0.74043798,0.99899894,-0.028003454,0.034887031,0
0.5689854,-0.73872679,-3.6906121,0.99899894,-0.028003454,0.034887031,0
-0.64951348,2.4382546,4.7961764,-0.030771814,0.13590065,0.99024463,0
-0.039649755,1.2974409,4.690526,-0.030771814,0.13590065,0.99024463,0
-0.64150238,-3.214489,-1.2988365,-0.032471299,-0.9903267,0.13490286,0
0.49082768,3.0574241,3.9655948,0.99899894,-0.028003454,0.034887031,0
-0.016017199,0.13972604,-5.1712666,0.030771814,-0.13590065,-0.99024463,0
0.39720011,2.837719,-1.0928141,0.032471299,0.9903267,-0.13490286,0
-0.71355796,-2.6853228,2.5564196,-0.99899894,0.028003454,-0.034887031,0
0.018653154,-2.5910308,2.5912085,-0.032471299,-0.9903267,0.13490286,0
-0.11040759,3.250001,0.80346024,0.032471299,0.9903267,-0.13490286,0
0.25087214,2.5739503,-1.8615119,0.032471299,0.9903267,-0.13490286,0
-0.40298486,2.6160779,-1.7640282,-0.99899894,0.028003454,-0.034887031,0
-0.35990906,-1.9049926,5.1426706,-0.030771814,0.13590065,0.99024463,0
0.14777613,-2.4298625,-4.6428919,0.030771814,-0.13590065,-0.99024463,0
0.041004002,1.4145153,5.0364428,-0.030771814,0.13590065,0.99024463,0
-0.3185792,-2.1087005,5.424087,-0.030771814,0.13590065,0.99024463,0
-0.63394582,2.5299742,2.1567755,-0.99899894,0.028003454,-0.034887031,0
0.33100784,-2.4034927,-4.8671527,0.030771814,-0.13590065,-0.99024463,0
-0.51656795,-2.175703,5.1428661,-0.030771814,0.13590065,0.99024463,0
-0.06182909,2.7381237,-1.3446308,0.032471299,0.9903267,-0.13490286,0
0.42277223,0.61357605,5.1542759,-0.030771814,0.13590065,0.99024463,0
0.85177946,2.19576,-4.1825118,0.99899894,-0.028003454,0.034887031,0
-0.5770328,-2.5518134,2.5475163,-0.032471299,-0.9903267,0.13490286,0
0.22366691,-3.3072019,-2.6994135,-0.032471299,-0.9903267,0.13490286,0
0.74147356,-0.20958474,-3.6940825,0.99899894,-0.028003454,0.034887031,0
-0.38724732,-1.9588597,5.152976,-0.030771814,0.13590065,0.99024463,0
-0.46753049,-2.8936017,-3.2060471,-0.99899894,0.028003454,-0.034887031,0
0.2085886,2.4184909,-4.6050358,0.032471299,0.9903267,-0.13490286,0
0.79037094,2.1129446,-5.1223698,0.030771814,-0.13590065,-0.99024463,0
-0.035586119,-3.0211825,-0.45569921,-0.032471299,-0.9903267,0.13490286,0
0.43465495,3.0320153,0.020771623,0.032471299,0.9903267,-0.13490286,0
-0.0013189316,-3.0902038,0.26099962,-0.032471299,-0.9903267,0.13490286,0
0.4644258,-2.9551346,-0.65174222,0.99899894,-0.028003454,0.034887031,0
0.13697982,3.0869262,4.5723705,-0.030771814,0.13590065,0.99024463,0
0.083045244,-2.4142888,4.4052305,-0.032471299,-0.9903267,0.13490286,0
0.61490607,1.6416844,-3.2284315,0.99899894,-0.028003454,0.034887031,0
0.37714398,1.7554833,-0.054347798,0.99899894,-0.028003454,0.034887031,0
-0.34854579,-1.9281839,5.1935492,-0.030771814,0.13590065,0.99024463,0
-0.23187208,2.3565435,-1.9065441,-0.99899894,0.028003454,-0.034887031,0
-0.19171023,2.4079518,4.5323257,-0.030771814,0.13590065,0.99024463,0
0.46204627,-2.2194483,-4.6052122,0.030771814,-0.13590065,-0.99024463,0
0.45468718,0.53432089,5.1686897,-0.030771814,0.13590065,0.99024463,0
-0.82411849,-1.3564509,4.5005794,-0.99899894,0.028003454,-0.034887031,0
-0.23909497,-3.598675,-4.0615988,-0.032471299,-0.9903267,0.13490286,0
0.62815261,-1.2124465,-0.70118034,0.99899894,-0.028003454,0.034887031,0
-0.73981202,-1.5225215,3.3557363,-0.99899894,0.028003454,-0.034887031,0
-0.78260428,-0.23877043,2.2284029,-0.99899894,0.028003454,-0.034887031,0
0.63896859,2.1629043,1.6100843,0.99899894,-0.028003454,0.034887031,0
0.37099713,0.69545889,-0.70515686,0.99899894,-0.028003454,0.034887031,0
0.60524046,-2.2006602,-2.2548399,0.99899894,-0.028003454,0.034887031,0
-0.091716528,2.4426374,-2.9544022,0.032471299,0.9903267,-0.13490286,0
0.40557075,-2.9320097,0.57558995,0.99899894,-0.028003454,0.034887031,0
-0.046178818,-3.1987944,-4.4666409,0.030771814,-0.13590065,-0.99024463,0
0.050279617,-3.2970316,-2.3721695,-0.032471299,-0.9903267,0.13490286,0
-0.15367579,-3.5166664,-4.5894547,-0.032471299,-0.9903267,0.13490286,0
0.45278227,-2.6350744,-4.0219417,0.99899894,-0.028003454,0.034887031,0
-0.62623715,-2.8209238,0.6063782,-0.032471299,-0.9903267,0.13490286,0
-0.42073131,-0.59563351,-5.0955434,0.030771814,-0.13590065,-0.99024463,0
-0.4429549,-1.2579093,5.3578401,-0.030771814,0.13590065,0.99024463,0
0.30698562,1.5398008,-5.3734188,0.030771814,-0.13590065,-0.99024463,0
0.51592231,-2.6031022,-4.361177,0.99899894,-0.028003454,0.034887031,0
-0.58992565,1.1734049,2.0930083,-0.99899894,0.028003454,-0.034887031,0
-0.23912287,-2.1053023,5.2463269,-0.032471299,-0.9903267,0.13490286,0
0.35801435,3.4421346,1.81849,0.032471299,0.9903267,-0.13490286,0
0.38106084,-3.640624,-4.5609164,-0.032471299,-0.9903267,0.13490286,0
0.6013236,-3.5169318,-2.9593091,-0.032471299,-0.9903267,0.13490286,0
0.30303049,-1.7856665,-4.6690784,0.030771814,-0.13590065,-0.99024463,0
-0.35421038,2.5210123,-3.3620005,0.032471299,0.9903267,-0.13490286,0
-0.16949272,1.9489727,-4.0895185,-0.99899894,0.028003454,-0.034887031,0
0.30112684,3.1725047,4.4918323,-0.030771814,0.13590065,0.99024463,0
-0.4928658,1.4854426,-2.9866972,-0.99899894,0.028003454,-0.034887031,0
-0.33214259,0.53078234,-4.4037147,-0.99899894,0.028003454,-0.034887031,0
-0.6482017,2.2521486,2.2414417,-0.99899894,0.028003454,-0.034887031,0
-0.11260319,0.077002048,-4.8986969,0.030771814,-0.13590065,-0.99024463,0
0.44064522,-2.1988914,-4.6452346,0.99899894,-0.028003454,0.034887031,0
-0.52993786,1.491009,4.8607864,-0.030771814,0.13590065,0.99024463,0
-0.3440156,0.5700013,-5.18187,0.030771814,-0.13590065,-0.99024463,0
-0.60821354,1.3591489,0.45684046,-0.99899894,0.028003454,-0.034887031,0
0.61774915,1.0640467,2.5173433,0.99899894,-0.028003454,0.034887031,0
0.20684195,-3.4115224,-3.4457998,-0.032471299,-0.9903267,0.13490286,0
-0.16441178,-0.98153782,5.0909705,-0.030771814,0.13590065,0.99024463,0
0.5812645,3.2552385,0.38974786,0.032471299,0.9903267,-0.13490286,0
-0.63721132,-0.6357497,2.2410996,-0.99899894,0.028003454,-0.034887031,0
0.22471666,3.7056308,3.9919596,0.032471299,0.9903267,-0.13490286,0
-0.065612793,2.8944592,-0.52557456,0.032471299,0.9903267,-0.13490286,0
-0.017855644,-1.6265339,5.085937,-0.030771814,0.13590065,0.99024463,0
0.073959112,2.2296371,-4.5918193,0.032471299,0.9903267,-0.13490286,0
0.67530322,-3.3571744,-3.4449573,-0.032471299,-0.9903267,0.13490286,0
-0.63885486,1.0701759,4.0467324,-0.99899894,0.028003454,-0.034887031,0
0.015620708,3.2406192,4.5670342,-0.030771814,0.13590065,0.99024463,0
-0.009458065,-3.3526018,-1.2610132,-0.032471299,-0.9903267,0.13490286,0
0.08878243,-3.0186906,-4.8314681,0.030771814,-0.13590065,-0.99024463,0
0.67441273,2.2924285,-5.0354128,0.032471299,0.9903267,-0.13490286,0
0.45639396,-2.2573409,0.027271867,0.99899894,-0.028003454,0.034887031,0
-0.30955625,-3.6028335,-2.8332973,-0.032471299,-0.9903267,0.13490286,0
0.52502161,-0.82207537,-1.0327445,0.99899894,-0.028003454,0.034887031,0
-0.014757633,-2.7988679,2.8150239,-0.032471299,-0.9903267,0.13490286,0
-0.38409543,-1.525658,5.4254065,-0.030771814,0.13590065,0.99024463,0
0.20675182,-0.72068459,3.3861108,0.99899894,-0.028003454,0.034887031,0
0.33909833,-1.169488,-4.956017,0.030771814,-0.13590065,-0.99024463,0
-0.40708113,-3.5482564,-4.6258192,0.030771814,-0.13590065,-0.99024463,0
-0.1627233,2.6235011,4.5384674,-0.030771814,0.13590065,0.99024463,0
-0.56367242,-3.3438058,-4.6464167,0.030771814,-0.13590065,-0.99024463,0
-0.40348554,-2.7558126,-3.4899287,-0.99899894,0.028003454,-0.034887031,0
0.35836506,-2.3367746,0.70366365,0.99899894,-0.028003454,0.034887031,0
-0.21553707,0.93983871,-4.4994965,-0.99899894,0.028003454,-0.034887031,0
0.25404501,3.5084021,3.5956697,0.032471299,0.9903267,-0.13490286,0
0.23171329,-1.8106111,3.9502325,0.99899894,-0.028003454,0.034887031,0
0.24214238,-0.30273098,-4.8137746,0.030771814,-0.13590065,-0.99024463,0
-0.16085076,-3.3835812,-4.5843649,0.030771814,-0.13590065,-0.99024463,0
-0.42942333,-2.7622712,2.8673444,-0.032471299,-0.9903267,0.13490286,0
0.13717341,2.5195212,-3.8566649,0.032471299,0.9903267,-0.13490286,0
-0.50114083,-2.5139964,2.8776395,-0.032471299,-0.9903267,0.13490286,0
0.30514392,0.51400316,4.364399,0.99899894,-0.028003454,0.034887031,0
-0.65065038,-0.9623251,4.2319708,-0.99899894,0.028003454,-0.034887031,0
-0.032702088,2.2729347,4.7567625,-0.030771814,0.13590065,0.99024463,0
0.21784353,2.4849381,-2.9812899,0.032471299,0.9903267,-0.13490286,0
0.4987641,-0.011830196,-2.1340177,0.99899894,-0.028003454,0.034887031,0
0.48082101,-1.6615095,-4.6442885,0.030771814,-0.13590065,-0.99024463,0
0.0070090294,3.0818512,1.0905979,0.032471299,0.9903267,-0.13490286,0
0.050555706,3.6735373,4.5005102,-0.030771814,0.13590065,0.99024463,0
0.80198175,0.21704632,-5.22086,0.030771814,-0.13590065,-0.99024463,0
-0.52829766,-2.4161744,0.62547922,-0.99899894,0.028003454,-0.034887031,0
-0.40097284,1.7990456,3.3683231,-0.99899894,0.028003454,-0.034887031,0
0.28248453,-1.944921,3.1776671,0.99899894,-0.028003454,0.034887031,0
-0.71021676,0.96428978,3.6171799,-0.99899894,0.028003454,-0.034887031,0
-0.37052011,3.6081035,3.5052228,0.032471299,0.9903267,-0.13490286,0
0.031889915,3.4679568,4.4374566,0.032471299,0.9903267,-0.13490286,0
0.23543572,-2.5257151,1.3728968,0.99899894,-0.028003454,0.034887031,0
0.07864356,2.9100165,0.20445287,0.032471299,0.9903267,-0.13490286,0
-0.11669445,3.070864,0.56783557,0.032471299,0.9903267,-0.13490286,0
0.7299118,-2.257369,-3.7211418,0.99899894,-0.028003454,0.034887031,0
0.21614718,3.0097413,-1.1141622,0.032471299,0.9903267,-0.13490286,0
0.0090558529,3.4778013,2.0716739,0.032471299,0.9903267,-0.13490286,0
0.075824738,0.089728236,4.9880109,-0.030771814,0.13590065,0.99024463,0
0.25598931,2.6445169,4.7280641,-0.030771814,0.13590065,0.99024463,0
-0.029017687,-3.3138514,-4.5987959,0.030771814,-0.13590065,-0.99024463,0
-0.16034842,1.1619651,-5.2866106,0.030771814,-0.13590065,-0.99024463,0
0.18309593,-1.3974841,3.4344411,0.99899894,-0.028003454,0.034887031,0
-0.39913416,3.6508131,4.0699706,0.032471299,0.9903267,-0.13490286,0
0.38362178,-0.18280339,1.1599358,0.99899894,-0.028003454,0.034887031,0
0.32493711,2.6405907,-2.0099807,0.032471299,0.9903267,-0.13490286,0
-0.051211774,1.6959229,4.940918,-0.030771814,0.13590065,0.99024463,0
0.53177738,2.826879,0.84351373,0.99899894,-0.028003454,0.034887031,0
0.24831772,2.4498188,-3.7394869,0.032471299,0.9903267,-0.13490286,0
-0.42281032,-0.89156908,5.1123209,-0.030771814,0.13590065,0.99024463,0
-0.37299347,3.1168501,0.3711282,0.032471299,0.9903267,-0.13490286,0
0.0090962648,-2.9662397,-4.8204007,0.030771814,-0.13590065,-0.99024463,0
-0.093510151,2.386873,-4.1242957,0.032471299,0.9903267,-0.13490286,0
0.081812143,-0.25787055,5.0154443,-0.030771814,0.13590065,0.99024463,0
-0.17863619,0.17089838,-4.2893295,-0.99899894,0.028003454,-0.034887031,0
0.18673873,1.3112867,-5.3700185,0.030771814,-0.13590065,-0.99024463,0
0.27101716,1.3234267,4.7267995,-0.030771814,0.13590065,0.99024463,0
-0.13401532,-2.212903,-4.663352,0.030771814,-0.13590065,-0.99024463,0
0.66449726,-1.2993119,-0.98087418,0.99899894,-0.028003454,0.034887031,0
0.42413563,-1.679831,-4.1153507,0.99899894,-0.028003454,0.034887031,0
-0.60604513,-0.54255927,-1.3479254,-0.99899894,0.028003454,-0.034887031,0
-0.158602,-3.0639958,-1.241228,-0.032471299,-0.9903267,0.13490286,0
0.1130898,3.5145454,2.2823253,0.032471299,0.9903267,-0.13490286,0
-0.55417109,3.490602,3.7142797,-0.99899894,0.028003454,-0.034887031,0
0.01820302,-2.8979862,2.2165852,-0.032471299,-0.9903267,0.13490286,0
-0.60399699,-2.3656564,-2.8767385,-0.99899894,0.028003454,-0.034887031,0
0.52675962,-3.0053048,0.60931993,0.99899894,-0.028003454,0.034887031,0
-0.0062325001,-0.58716464,-4.9808092,0.030771814,-0.13590065,-0.99024463,0
0.20334959,0.30950707,-5.2636733,0.030771814,-0.13590065,-0.99024463,0
0.66011828,1.1444068,-0.46940473,0.99899894,-0.028003454,0.034887031,0
0.16771364,3.2091494,0.60090494,0.032471299,0.9903267,-0.13490286,0
-0.55845237,2.0607061,-0.87014174,-0.99899894,0.028003454,-0.034887031,0
0.015915155,-3.6497738,-3.5696864,-0.032471299,-0.9903267,0.13490286,0
-0.82194996,-2.3803754,4.7681675,-0.99899894,0.028003454,-0.034887031,0
-0.72670603,0.53160334,2.1970754,-0.99899894,0.028003454,-0.034887031,0
0.43958831,-3.423826,-4.3740516,0.030771814,-0.13590065,-0.99024463,0
0.32563093,0.74673516,5.1434512,-0.030771814,0.13590065,0.99024463,0
0.16070485,3.1971838,0.63426363,0.032471299,0.9903267,-0.13490286,0
-0.070013285,3.1856701,2.2089276,0.032471299,0.9903267,-0.13490286,0
0.34706348,1.725089,4.5771289,0.99899894,-0.028003454,0.034887031,0
-0.1442771,3.5248771,2.575098,0.032471299,0.9903267,-0.13490286,0
-0.012160838,0.5831483,5.0903749,-0.030771814,0.13590065,0.99024463,0
0.11097932,-3.3766859,-1.6899045,-0.032471299,-0.9903267,0.13490286,0
-0.36474639,-0.40364438,-2.8371856,-0.99899894,0.028003454,-0.034887031,0
-0.43351436,-2.5079162,4.514184,-0.032471299,-0.9903267,0.13490286,0
0.057213068,2.6078336,-3.1967316,0.032471299,0.9903267,-0.13490286,0
0.72069728,-2.6573155,-3.3112962,0.99899894,-0.028003454,0.034887031,0
0.34046149,-2.7236872,1.0348358,-0.032471299,-0.9903267,0.13490286,0
-0.21529421,-1.316335,-5.0476866,0.030771814,-0.13590065,-0.99024463,0
-0.40703356,-0.52981979,5.0522461,-0.030771814,0.13590065,0.99024463,0
0.13682127,-2.2829843,4.4596977,-0.032471299,-0.9903267,0.13490286,0
0.74508762,2.7071052,-1.0145719,0.032471299,0.9903267,-0.13490286,0
0.20965528,-1.662125,2.6237175,0.99899894,-0.028003454,0.034887031,0
0.58213693,-0.55108821,-1.7577739,0.99899894,-0.028003454,0.034887031,0
0.35772562,-1.8198707,4.6660242,0.99899894,-0.028003454,0.034887031,0
0.21599507,0.69972003,-5.2985182,0.030771814,-0.13590065,-0.99024463,0
-0.14293718,1.5229539,-3.8002305,-0.99899894,0.028003454,-0.034887031,0
-0.4762373,0.96512198,-4.958488,-0.99899894,0.028003454,-0.034887031,0
0.45880961,-2.3778818,-0.22386605,0.99899894,-0.028003454,0.034887031,0
0.182863,-2.5312653,2.7160158,-0.032471299,-0.9903267,0.13490286,0
-0.12754929,2.0208259,4.8586187,-0.030771814,0.13590065,0.99024463,0
0.051205635,3.5504715,3.4650769,0.032471299,0.9903267,-0.13490286,0
0.85766244,1.4865841,-4.1606383,0.99899894,-0.028003454,0.034887031,0
0.2233783,-1.0697867,4.2852221,0.99899894,-0.028003454,0.034887031,0
0.20424652,-3.5067296,-4.7446713,0.030771814,-0.13590065,-0.99024463,0
0.12376428,-2.1711137,-4.8202653,0.030771814,-0.13590065,-0.99024463,0
-0.40373349,2.7619371,0.2748909,-0.99899894,0.028003454,-0.034887031,0
-0.6732707,-2.7204375,2.1843264,-0.032471299,-0.9903267,0.13490286,0
0.403548,2.9359317,-0.57826054,0.032471299,0.9903267,-0.13490286,0
-0.29438949,-1.2873425,-2.8486729,-0.99899894,0.028003454,-0.034887031,0
0.19145107,-0.62289453,5.3053741,-0.030771814,0.13590065,0.99024463,0
-0.62894058,2.4220283,4.6524577,-0.030771814,0.13590065,0.99024463,0
-0.01022625,3.027106,4.815032,-0.030771814,0.13590065,0.99024463,0
-0.65569305,2.6560855,4.8269911,-0.030771814,0.13590065,0.99024463,0
-0.18738317,3.0574255,0.26785475,0.032471299,0.9903267,-0.13490286,0
0.081481837,1.1729853,5.0904808,-0.030771814,0.13590065,0.99024463,0
0.45971286,0.85418266,-3.0658112,0.99899894,-0.028003454,0.034887031,0
-0.72458327,2.9687033,4.6475372,-0.030771814,0.13590065,0.99024463,0
-0.31264687,-2.6101124,3.0716481,-0.032471299,-0.9903267,0.13490286,0
-0.26455998,2.1595883,-5.0055761,0.032471299,0.9903267,-0.13490286,0
0.27687836,3.0014687,-1.332042,0.032471299,0.9903267,-0.13490286,0
-0.25956249,2.4160824,4.8180246,-0.030771814,0.13590065,0.99024463,0
-0.62898695,2.2842507,4.8564644,-0.030771814,0.13590065,0.99024463,0
0.059869051,2.8520854,-1.4199402,0.032471299,0.9903267,-0.13490286,0
0.36796981,1.371851,4.9088907,-0.030771814,0.13590065,0.99024463,0
0.37485981,-2.2798026,5.3073015,-0.032471299,-0.9903267,0.13490286,0
0.15449071,-2.9779837,1.3523684,-0.032471299,-0.9903267,0.13490286,0
-0.7624743,-0.33656773,4.140624,-0.99899894,0.028003454,-0.034887031,0
0.039794937,0.8350392,4.7652016,-0.030771814,0.13590065,0.99024463,0
-0.35558176,2.7534711,-1.0184629,0.032471299,0.9903267,-0.13490286,0
-0.54618061,-1.464739,3.282758,-0.99899894,0.028003454,-0.034887031,0
-0.13576913,1.3178535,-3.8701408,-0.99899894,0.028003454,-0.034887031,0
0.21385157,-0.14703441,4.8956704,-0.030771814,0.13590065,0.99024463,0
-0.32603401,0.57977533,-0.049806438,-0.99899894,0.028003454,-0.034887031,0
0.21311009,-3.0987248,-4.7879672,0.030771814,-0.13590065,-0.99024463,0
-0.039078951,-2.615387,4.2355146,-0.032471299,-0.9903267,0.13490286,0
-0.23371148,-3.3884747,-1.3552535,-0.032471299,-0.9903267,0.13490286,0
-0.86423588,-2.5129414,4.6608362,-0.032471299,-0.9903267,0.13490286,0
0.045316935,2.8681436,-1.3966035,0.032471299,0.9903267,-0.13490286,0
-0.13531023,1.5501819,4.7121525,-0.030771814,0.13590065,0.99024463,0
-0.5183506,-2.8876495,-0.35298151,-0.032471299,-0.9903267,0.13490286,0
-0.57390422,-0.22893351,1.6117221,-0.99899894,0.028003454,-0.034887031,0
-0.31440508,2.8952668,4.6235776,-0.030771814,0.13590065,0.99024463,0
0.63896203,-2.8140728,-4.0627966,0.99899894,-0.028003454,0.034887031,0
-0.44700515,2.7418087,3.5614853,-0.99899894,0.028003454,-0.034887031,0
-0.005710125,-3.1596439,-0.032335877,-0.032471299,-0.9903267,0.13490286,0
0.48715138,-0.79638946,3.0320857,0.99899894,-0.028003454,0.034887031,0
0.3755846,2.7695737,-1.1328502,0.032471299,0.9903267,-0.13490286,0
-0.66657186,-1.5692582,-1.9291325,-0.99899894,0.028003454,-0.034887031,0
0.21746695,-1.0005038,2.8636882,0.99899894,-0.028003454,0.034887031,0
0.73595047,1.2463517,-0.80842692,0.99899894,-0.028003454,0.034887031,0
0.29270792,-2.9208724,1.5611475,-0.032471299,-0.9903267,0.13490286,0
-0.70234716,-1.2748116,4.2763128,-0.99899894,0.028003454,-0.034887031,0
-0.10589707,-1.8872209,-4.7911181,0.030771814,-0.13590065,-0.99024463,0
0.025873899,2.5748167,-3.2840209,0.032471299,0.9903267,-0.13490286,0
0.090331793,2.6212087,-1.6965324,0.032471299,0.9903267,-0.13490286,0
-0.23811364,1.3248583,-0.7585457,-0.99899894,0.028003454,-0.034887031,0
-0.47830963,3.4410682,4.5379601,-0.030771814,0.13590065,0.99024463,0
0.23920941,2.5033219,-3.8510458,0.032471299,0.9903267,-0.13490286,0
0.27407035,1.3867798,3.2672741,0.99899894,-0.028003454,0.034887031,0
-0.012879133,-2.639539,3.4432468,-0.032471299,-0.9903267,0.13490286,0
0.41536164,2.8094237,-1.2266592,0.032471299,0.9903267,-0.13490286,0
-0.26075149,-3.0490909,0.035215437,-0.032471299,-0.9903267,0.13490286,0
-0.33197165,3.0186543,-1.0810838,0.032471299,0.9903267,-0.13490286,0
-0.11190157,1.1181785,4.8069525,-0.030771814,0.13590065,0.99024463,0
-0.70477152,-2.6220891,1.9436653,-0.032471299,-0.9903267,0.13490286,0
-0.29101419,-3.5129015,-2.8126853,-0.032471299,-0.9903267,0.13490286,0
0.016103745,1.6217062,-5.2077808,0.030771814,-0.13590065,-0.99024463,0
-0.29841781,3.2704334,0.6760602,0.032471299,0.9903267,-0.13490286,0
0.21714044,-3.0012889,0.59955621,-0.032471299,-0.9903267,0.13490286,0
-0.28511095,2.5360868,-3.4436386,0.032471299,0.9903267,-0.13490286,0
0.35607433,3.0987711,1.3276318,0.032471299,0.9903267,-0.13490286,0
-0.0087733269,-3.2052119,-2.3168921,-0.032471299,-0.9903267,0.13490286,0
-0.42928851,-0.39054477,5.0897222,-0.030771814,0.13590065,0.99024463,0
-0.030710697,2.1895866,-5.505693,0.030771814,-0.13590065,-0.99024463,0
-0.42627308,0.35820878,5.1419501,-0.030771814,0.13590065,0.99024463,0
-0.23663545,-3.5394125,-2.3767934,-0.032471299,-0.9903267,0.13490286,0
-0.49854994,-2.647938,1.8394628,-0.99899894,0.028003454,-0.034887031,0
0.50716972,-3.1521385,-1.6034994,0.99899894,-0.028003454,0.034887031,0
-0.42828941,2.7839844,-3.3243423,0.032471299,0.9903267,-0.13490286,0
0.22901046,1.1048895,-5.1672182,0.030771814,-0.13590065,-0.99024463,0
-0.20811009,-1.841608,5.4053383,-0.030771814,0.13590065,0.99024463,0
0.5834024,3.3745933,2.41224,0.99899894,-0.028003454,0.034887031,0
-0.53615963,0.59879208,3.6201191,-0.99899894,0.028003454,-0.034887031,0
0.065731525,0.0041275024,4.9262605,-0.030771814,0.13590065,0.99024463,0
-0.6501292,-1.8111542,-0.71789491,-0.99899894,0.028003454,-0.034887031,0
0.11487865,-0.67910224,5.3328547,-0.030771814,0.13590065,0.99024463,0
-0.077407122,-2.1647263,5.0797997,-0.032471299,-0.9903267,0.13490286,0
-0.018137097,0.82613927,-5.3123374,0.030771814,-0.13590065,-0.99024463,0
-0.11859727,3.3600099,1.9812098,0.032471299,0.9903267,-0.13490286,0
0.41851461,1.2190008,-5.0146074,0.030771814,-0.13590065,-0.99024463,0
-0.31037617,3.3653483,4.605227,-0.030771814,0.13590065,0.99024463,0
0.49012446,-1.8302503,4.4495745,0.99899894,-0.028003454,0.034887031,0
0.41170311,3.2466602,0.83849549,0.99899894,-0.028003454,0.034887031,0
0.66280723,2.9617519,-1.7455418,0.032471299,0.9903267,-0.13490286,0
0.27732539,-2.7574334,-0.53573871,0.99899894,-0.028003454,0.034887031,0
0.63843536,-2.8918087,-1.1421089,0.99899894,-0.028003454,0.034887031,0
-0.39860535,2.8229921,3.5601454,-0.99899894,0.028003454,-0.034887031,0
-0.037582636,3.4299288,3.5808439,0.032471299,0.9903267,-0.13490286,0
-0.69087005,-1.827997,5.1494117,-0.030771814,0.13590065,0.99024463,0
0.045740366,-3.5834916,-3.5636258,-0.032471299,-0.9903267,0.13490286,0
-0.68986279,1.2154895,4.6205769,-0.99899894,0.028003454,-0.034887031,0
0.39091349,2.6481285,-3.9868898,0.032471299,0.9903267,-0.13490286,0
-0.1554513,-2.7820754,2.7987216,-0.032471299,-0.9903267,0.13490286,0
-0.4713676,-0.93957543,-2.5888388,-0.99899894,0.028003454,-0.034887031,0
-0.23366213,2.8694,-0.63126445,0.032471299,0.9903267,-0.13490286,0
