-0.34469193,0.77190077,-1.1800748,-0.98560715,0.16682267,0.027364224,0
0.2513442,-0.73264259,-3.5791895,-0.11005783,-0.51032984,-0.85290724,0
-0.54714817,-2.6427858,3.0236409,-0.12831944,-0.84364307,0.52134478,0
0.31825733,2.9829791,2.3112473,0.11005783,0.51032984,0.85290724,0
-0.14576614,3.4322023,-1.7816331,-0.98560715,0.16682267,0.027364224,0
-0.097809851,-2.0125768,4.1675887,-0.12831944,-0.84364307,0.52134478,0
0.0084781647,-4.0009928,1.3590713,0.98560715,-0.16682267,-0.027364224,0
-0.78180993,-0.12483096,-3.0755522,-0.98560715,0.16682267,0.027364224,0
-1.083611,-4.0186863,0.80246854,-0.12831944,-0.84364307,0.52134478,0
-1.2437208,-3.8421431,-1.4439219,-0.11005783,-0.51032984,-0.85290724,0
0.83950913,1.6167752,-3.7795351,0.98560715,-0.16682267,-0.027364224,0
-0.35274193,1.0909722,-0.8814984,-0.98560715,0.16682267,0.027364224,0
-0.11559582,3.006001,-3.0847948,0.12831944,0.84364307,-0.52134478,0
-0.19763327,-4.4498072,-1.2182086,-0.11005783,-0.51032984,-0.85290724,0
-0.67698789,0.47931528,-4.1904263,-0.11005783,-0.51032984,-0.85290724,0
0.30697298,4.2094688,0.61144638,-0.98560715,0.16682267,0.027364224,0
0.49407113,3.6004772,-2.0914035,0.12831944,0.84364307,-0.52134478,0
0.89579964,4.9938984,0.93839526,0.12831944,0.84364307,-0.52134478,0
-0.35999632,-5.0427141,-0.37879062,-0.12831944,-0.84364307,0.52134478,0
0.067688704,-0.3623389,4.0954065,0.11005783,0.51032984,0.85290724,0
0.54184186,1.9216301,-4.0208726,0.98560715,-0.16682267,-0.027364224,0
0.079325676,3.6255722,1.5810963,-0.98560715,0.16682267,0.027364224,0
0.67688942,1.7501632,2.8994207,0.11005783,0.51032984,0.85290724,0
0.2934134,2.2394812,2.7946668,0.11005783,0.51032984,0.85290724,0
0.15864205,-0.83791256,4.3991189,0.11005783,0.51032984,0.85290724,0
-0.077195644,-1.3000698,-3.4544597,-0.11005783,-0.51032984,-0.85290724,0
-0.29648376,-1.8997226,-3.0412583,-0.11005783,-0.51032984,-0.85290724,0
0.54351246,3.6142676,-2.0242405,0.12831944,0.84364307,-0.52134478,0
-0.54628742,1.2799861,-2.1195707,-0.98560715,0.16682267,0.027364224,0
-0.63547337,-0.18201333,3.4962842,-0.98560715,0.16682267,0.027364224,0
-0.40754116,0.87709272,-3.1713445,-0.98560715,0.16682267,0.027364224,0
1.3925698,4.3492103,0.15052652,0.98560715,-0.16682267,-0.027364224,0
0.49224043,5.0595093,0.34363842,0.12831944,0.84364307,-0.52134478,0
1.2051644,4.7170992,0.48454022,0.12831944,0.84364307,-0.52134478,0
-0.11749029,-4.5627236,-0.60220218,0.98560715,-0.16682267,-0.027364224,0
-0.24778068,-3.2019966,2.3078325,-0.12831944,-0.84364307,0.52134478,0
0.29850435,1.9097193,-4.6506004,0.12831944,0.84364307,-0.52134478,0
-0.86297023,-3.6214283,1.3772814,-0.12831944,-0.84364307,0.52134478,0
0.65422553,1.6599486,-0.95605588,0.98560715,-0.16682267,-0.027364224,0
0.28970939,-2.1786759,4.4848614,-0.12831944,-0.84364307,0.52134478,0
0.66626137,0.32732013,-1.8349081,0.98560715,-0.16682267,-0.027364224,0
0.051218271,0.52775717,3.8739171,0.11005783,0.51032984,0.85290724,0
0.0094246864,3.0057416,-0.2197051,-0.98560715,0.16682267,0.027364224,0
0.65614843,0.015171289,4.0079255,0.11005783,0.51032984,0.85290724,0
0.73794228,1.6066902,-3.9118807,0.98560715,-0.16682267,-0.027364224,0
-0.23415947,-1.4276342,-3.2931328,-0.11005783,-0.51032984,-0.85290724,0
-1.2153857,-3.1633551,-0.024672389,-0.98560715,0.16682267,0.027364224,0
0.59237099,0.32589811,-2.0331535,0.98560715,-0.16682267,-0.027364224,0
-0.70449066,-5.0953522,-0.63308501,-0.12831944,-0.84364307,0.52134478,0
0.099282026,-1.7922746,-3.1959496,-0.11005783,-0.51032984,-0.85290724,0
-0.66147423,-4.4308805,0.35263681,-0.12831944,-0.84364307,0.52134478,0
-1.1966808,-4.6700301,-0.28105354,-0.12831944,-0.84364307,0.52134478,0
-0.19166631,2.1474853,-3.1016774,-0.98560715,0.16682267,0.027364224,0
-0.39251423,-3.05393,-1.9922518,-0.11005783,-0.51032984,-0.85290724,0
0.19925141,4.3252664,-0.52125192,0.12831944,0.84364307,-0.52134478,0
-0.12444615,-1.7256835,-3.2404058,-0.11005783,-0.51032984,-0.85290724,0
0.029388547,-2.0267301,4.6905847,-0.12831944,-0.84364307,0.52134478,0
-0.35202545,-0.16035186,1.0341402,-0.98560715,0.16682267,0.027364224,0
-0.019073606,-2.2782083,3.8827324,-0.12831944,-0.84364307,0.52134478,0
0.25155997,-2.4148164,-1.5699692,0.98560715,-0.16682267,-0.027364224,0
-0.31026554,1.7633575,0.916017,-0.98560715,0.16682267,0.027364224,0
0.67220497,1.7930039,-2.1119704,0.98560715,-0.16682267,-0.027364224,0
0.93852544,3.747381,-1.2163057,0.12831944,0.84364307,-0.52134478,0
-0.0018263459,-2.2333162,2.1505878,0.98560715,-0.16682267,-0.027364224,0
-0.43048906,-4.8224134,-1.0951722,-0.11005783,-0.51032984,-0.85290724,0
0.88467193,2.6504099,-0.18097973,0.98560715,-0.16682267,-0.027364224,0
0.98977995,4.1129446,-0.93412447,0.12831944,0.84364307,-0.52134478,0
-0.6887207,-3.9864993,0.79762793,-0.12831944,-0.84364307,0.52134478,0
-0.38062239,-2.3869474,-2.6763053,-0.11005783,-0.51032984,-0.85290724,0
0.57264495,3.3217244,-2.4125769,0.12831944,0.84364307,-0.52134478,0
0.10190153,-1.8081008,-2.933002,0.98560715,-0.16682267,-0.027364224,0
0.48717308,4.7161646,1.4071474,0.11005783,0.51032984,0.85290724,0
-0.096263885,-4.5291233,-0.82770133,0.98560715,-0.16682267,-0.027364224,0
0.40429395,0.20947856,-1.7011064,0.98560715,-0.16682267,-0.027364224,0
0.39121211,1.5549424,-4.966754,0.12831944,0.84364307,-0.52134478,0
0.052189827,1.3364527,3.3092971,0.11005783,0.51032984,0.85290724,0
1.0428438,4.394402,1.3884622,0.11005783,0.51032984,0.85290724,0
-0.14588022,-3.2686203,2.5750895,-0.12831944,-0.84364307,0.52134478,0
-0.63620353,-0.53946769,-1.3744661,-0.98560715,0.16682267,0.027364224,0
-0.52770376,-4.8492293,-0.46544099,-0.12831944,-0.84364307,0.52134478,0
0.30332136,-0.16236892,-1.990557,0.98560715,-0.16682267,-0.027364224,0
1.0283673,2.3520329,-1.277227,0.98560715,-0.16682267,-0.027364224,0
-0.38607359,-2.6406651,-2.594593,-0.11005783,-0.51032984,-0.85290724,0
-0.81419981,-1.1994941,2.6004467,-0.98560715,0.16682267,0.027364224,0
0.23918962,3.541487,1.9685333,0.11005783,0.51032984,0.85290724,0
0.050769806,-3.2349262,-2.0127094,-0.11005783,-0.51032984,-0.85290724,0
-0.72696877,-4.5031152,0.034406185,-0.12831944,-0.84364307,0.52134478,0
-0.32403421,-3.4505734,-1.9450941,-0.11005783,-0.51032984,-0.85290724,0
0.19257796,-1.6622231,4.3152032,0.98560715,-0.16682267,-0.027364224,0
1.1303926,4.5636258,1.0535588,0.11005783,0.51032984,0.85290724,0
-1.1146283,-3.3657582,-1.9563795,-0.11005783,-0.51032984,-0.85290724,0
-0.3227222,-1.5064801,-3.3005581,-0.11005783,-0.51032984,-0.85290724,0
0.36081791,0.60121679,-4.6544132,-0.11005783,-0.51032984,-0.85290724,0
-0.19733858,-3.2230177,-0.82666981,0.98560715,-0.16682267,-0.027364224,0
0.060457706,-2.9340553,-0.79294467,0.98560715,-0.16682267,-0.027364224,0
-0.3949874,1.9458047,-0.97479355,-0.98560715,0.16682267,0.027364224,0
0.819435,2.6313014,-1.0512809,0.98560715,-0.16682267,-0.027364224,0
0.69135427,1.9503493,0.20852888,0.98560715,-0.16682267,-0.027364224,0
-0.41805339,-1.5072013,-2.9150639,-0.11005783,-0.51032984,-0.85290724,0
0.37284786,0.29254758,-0.64541233,0.98560715,-0.16682267,-0.027364224,0
-0.6422143,-2.576663,-2.2613101,-0.11005783,-0.51032984,-0.85290724,0
0.32466793,4.9491186,0.29906273,0.12831944,0.84364307,-0.52134478,0
-0.89790118,-1.6234362,-0.091152608,-0.98560715,0.16682267,0.027364224,0
0.44374371,2.5736012,2.5455983,0.11005783,0.51032984,0.85290724,0
-0.053826034,-2.6340284,2.7829478,0.98560715,-0.16682267,-0.027364224,0
0.41719842,-1.0758953,-1.9432243,0.98560715,-0.16682267,-0.027364224,0
-0.36983204,-1.3558407,4.7296996,0.11005783,0.51032984,0.85290724,0
-1.0874588,-3.7144821,-1.5105389,-0.11005783,-0.51032984,-0.85290724,0
-0.40208673,-1.9405785,-2.7454243,-0.11005783,-0.51032984,-0.85290724,0
0.0081298351,2.1956282,-4.2346716,0.12831944,0.84364307,-0.52134478,0
1.0775728,4.1835055,1.6280755,0.11005783,0.51032984,0.85290724,0
0.74582767,2.0435128,2.4095147,0.98560715,-0.16682267,-0.027364224,0
-0.30651879,-2.8403742,2.6666079,-0.12831944,-0.84364307,0.52134478,0
0.14274025,2.2626135,2.6943769,0.11005783,0.51032984,0.85290724,0
-0.37103438,0.95187163,-4.7978735,-0.11005783,-0.51032984,-0.85290724,0
0.34299707,2.6057684,2.5534942,0.11005783,0.51032984,0.85290724,0
0.32084459,-1.212823,0.39743829,0.98560715,-0.16682267,-0.027364224,0
0.048465777,2.5840085,-3.4428532,0.12831944,0.84364307,-0.52134478,0
-1.0295236,-2.6621375,-0.64402997,-0.98560715,0.16682267,0.027364224,0
0.0042040348,1.7221068,-4.5888195,0.12831944,0.84364307,-0.52134478,0
-0.20422757,1.5481838,-5.0565286,0.12831944,0.84364307,-0.52134478,0
0.57276034,0.53237873,-3.0312908,0.98560715,-0.16682267,-0.027364224,0
-0.61224842,-1.3031529,-3.3375278,-0.11005783,-0.51032984,-0.85290724,0
-1.2435055,-4.6177239,-0.95308757,-0.11005783,-0.51032984,-0.85290724,0
0.29401231,4.3356357,-0.95473957,0.12831944,0.84364307,-0.52134478,0
-1.0929539,-2.9673433,2.5231633,-0.12831944,-0.84364307,0.52134478,0
-0.40253639,0.1908865,-4.1548371,-0.11005783,-0.51032984,-0.85290724,0
-1.0934696,-3.3421979,-0.013017178,-0.98560715,0.16682267,0.027364224,0
-0.52835703,-4.5615134,-1.4401525,-0.11005783,-0.51032984,-0.85290724,0
-0.31018162,-3.6272824,-1.8192624,-0.11005783,-0.51032984,-0.85290724,0
-0.53464371,0.83019602,-1.6748314,-0.98560715,0.16682267,0.027364224,0
-0.5265131,-3.4997897,-2.1617279,-0.11005783,-0.51032984,-0.85290724,0
-0.23721528,0.41313559,2.5822086,-0.98560715,0.16682267,0.027364224,0
-0.5629344,-3.7762344,-1.7303205,-0.11005783,-0.51032984,-0.85290724,0
-0.30688283,0.35664743,-0.56795698,-0.98560715,0.16682267,0.027364224,0
-0.18643451,1.4316964,1.1244397,-0.98560715,0.16682267,0.027364224,0
0.66287756,4.7762666,0.95338249,0.11005783,0.51032984,0.85290724,0
-0.4942351,-2.3196313,4.1560245,-0.12831944,-0.84364307,0.52134478,0
0.87477207,4.0446482,-1.2566543,0.12831944,0.84364307,-0.52134478,0
0.32009172,1.2065265,3.4336846,0.11005783,0.51032984,0.85290724,0
-0.44868636,-4.2169247,0.61260223,-0.12831944,-0.84364307,0.52134478,0
-0.38749361,-4.241096,0.39264846,-0.12831944,-0.84364307,0.52134478,0
-0.95562863,-3.3575799,1.6892222,-0.12831944,-0.84364307,0.52134478,0
-0.86941648,-3.7933707,1.0935285,-0.12831944,-0.84364307,0.52134478,0
-0.43378353,-3.9264359,-1.7235171,-0.11005783,-0.51032984,-0.85290724,0
-0.079726934,-0.27568257,4.1615849,0.11005783,0.51032984,0.85290724,0
-0.31253046,2.0599179,-4.121984,0.12831944,0.84364307,-0.52134478,0
0.80901098,1.4618099,1.7508209,0.98560715,-0.16682267,-0.027364224,0
-1.0185466,-4.3422613,0.12041068,-0.12831944,-0.84364307,0.52134478,0
0.16535401,1.3675176,-5.0415487,-0.11005783,-0.51032984,-0.85290724,0
-0.51984704,-2.4231396,3.4173355,-0.12831944,-0.84364307,0.52134478,0
-0.42795384,-1.6814423,4.5265422,-0.12831944,-0.84364307,0.52134478,0
0.31071138,-0.40551651,-3.8735223,-0.11005783,-0.51032984,-0.85290724,0
0.14121366,1.3403242,3.4862385,0.11005783,0.51032984,0.85290724,0
-0.65695333,-4.9887075,-0.91540647,-0.11005783,-0.51032984,-0.85290724,0
0.82066643,0.88490987,1.4454087,0.98560715,-0.16682267,-0.027364224,0
-0.6413126,-1.5087924,-1.035862,-0.98560715,0.16682267,0.027364224,0
-0.021264315,2.1727891,-4.3467331,0.12831944,0.84364307,-0.52134478,0
-0.27314544,1.6059321,1.414139,-0.98560715,0.16682267,0.027364224,0
1.0816569,3.091027,-2.0647314,0.98560715,-0.16682267,-0.027364224,0
-0.9097743,-2.8782065,-2.0405915,-0.11005783,-0.51032984,-0.85290724,0
-0.077224255,0.11136985,-3.9849277,-0.11005783,-0.51032984,-0.85290724,0
0.39941406,-1.8355486,4.374032,0.98560715,-0.16682267,-0.027364224,0
-0.35888523,-2.1327224,4.394949,-0.12831944,-0.84364307,0.52134478,0
-0.20939291,1.217838,-0.49159014,-0.98560715,0.16682267,0.027364224,0
0.7155894,1.5242457,0.85386026,0.98560715,-0.16682267,-0.027364224,0
-0.053756893,2.0386581,-4.2009516,0.12831944,0.84364307,-0.52134478,0
0.17484546,-0.4310267,4.1257024,0.11005783,0.51032984,0.85290724,0
-0.89007068,-1.8817143,-1.0946596,-0.98560715,0.16682267,0.027364224,0
-0.34027767,-0.0025253296,-4.281785,-0.11005783,-0.51032984,-0.85290724,0
0.2440834,-0.24727964,-3.9795713,-0.11005783,-0.51032984,-0.85290724,0
0.41382098,3.6384349,-1.7657936,0.12831944,0.84364307,-0.52134478,0
-1.2163162,-5.1618247,-0.93955517,-0.11005783,-0.51032984,-0.85290724,0
-0.42659387,1.1612583,-0.68506336,-0.98560715,0.16682267,0.027364224,0
1.2995596,4.3770819,1.1890358,0.11005783,0.51032984,0.85290724,0
0.46499467,0.61307025,-4.426405,0.98560715,-0.16682267,-0.027364224,0
-0.48277488,-0.1634047,-0.31457156,-0.98560715,0.16682267,0.027364224,0
-0.069833994,1.0263,-4.6554513,-0.11005783,-0.51032984,-0.85290724,0
-0.94360971,-3.7851017,-1.6104505,-0.11005783,-0.51032984,-0.85290724,0
-0.60391998,-5.018569,-0.84274316,-0.11005783,-0.51032984,-0.85290724,0
0.29762739,-1.0600078,2.4493499,0.98560715,-0.16682267,-0.027364224,0
0.65385592,2.2209129,-3.9920592,0.12831944,0.84364307,-0.52134478,0
1.22101,4.5385771,-0.33279276,0.12831944,0.84364307,-0.52134478,0
-0.44708312,-3.5589662,1.9250741,-0.12831944,-0.84364307,0.52134478,0
-0.69455314,-4.698442,0.2360239,-0.12831944,-0.84364307,0.52134478,0
-0.2422266,0.16534138,-4.3808427,-0.11005783,-0.51032984,-0.85290724,0
0.83789706,3.1949697,1.8853924,0.11005783,0.51032984,0.85290724,0
0.07505703,2.9224441,2.4663689,0.11005783,0.51032984,0.85290724,0
-0.50318813,-4.0881705,0.7719512,-0.12831944,-0.84364307,0.52134478,0
0.71456194,4.4022493,1.1947103,0.11005783,0.51032984,0.85290724,0
-0.60956907,-4.7023692,0.092182636,-0.12831944,-0.84364307,0.52134478,0
-0.62093735,-5.2948699,-0.86502481,-0.12831944,-0.84364307,0.52134478,0
0.072253585,-2.2940807,3.6716628,-0.12831944,-0.84364307,0.52134478,0
0.59137398,2.053293,-3.9939625,0.12831944,0.84364307,-0.52134478,0
0.97636271,3.8009465,0.9785763,0.98560715,-0.16682267,-0.027364224,0
0.64356422,0.31484056,3.7497649,0.11005783,0.51032984,0.85290724,0
-0.49921465,0.73937809,0.99875969,-0.98560715,0.16682267,0.027364224,0
-1.0533111,-2.5525579,-2.5076022,-0.11005783,-0.51032984,-0.85290724,0
0.81802893,3.517211,-1.7217056,0.12831944,0.84364307,-0.52134478,0
0.4925139,0.40077305,3.8268051,0.11005783,0.51032984,0.85290724,0
0.84320199,0.85568428,1.9112191,0.98560715,-0.16682267,-0.027364224,0
-0.68077677,-0.92736614,2.4704337,-0.98560715,0.16682267,0.027364224,0
0.36904573,-1.7380769,4.7328258,-0.12831944,-0.84364307,0.52134478,0
0.38735127,0.72495937,3.8097291,0.11005783,0.51032984,0.85290724,0
-0.7099061,-3.3372822,-1.949559,-0.11005783,-0.51032984,-0.85290724,0
0.20073569,-1.3822583,4.6351943,0.98560715,-0.16682267,-0.027364224,0
-0.002261281,3.3596373,-2.0686843,-0.98560715,0.16682267,0.027364224,0
-0.48076677,-0.38492453,-2.8739996,-0.98560715,0.16682267,0.027364224,0
-0.98089647,-2.0536122,-2.712297,-0.11005783,-0.51032984,-0.85290724,0
-0.28012896,-3.8349926,-0.68091941,0.98560715,-0.16682267,-0.027364224,0
-0.32788348,-0.086015075,2.0383654,-0.98560715,0.16682267,0.027364224,0
-0.069687188,2.313489,-3.8513284,0.12831944,0.84364307,-0.52134478,0
0.89408112,4.7434511,0.16868162,0.12831944,0.84364307,-0.52134478,0
0.47951293,1.6045092,2.9868276,0.11005783,0.51032984,0.85290724,0
0.98479748,1.3334984,3.0308456,0.98560715,-0.16682267,-0.027364224,0
-0.22637343,-3.7041337,1.8779085,-0.12831944,-0.84364307,0.52134478,0
0.84177899,3.6367958,-1.8311806,0.12831944,0.84364307,-0.52134478,0
0.38992357,3.6106489,-2.1050744,0.12831944,0.84364307,-0.52134478,0
-0.65008265,-0.42077124,-1.1979399,-0.98560715,0.16682267,0.027364224,0
-0.40749907,0.1593318,-1.3003304,-0.98560715,0.16682267,0.027364224,0
0.2904371,-2.3966873,1.6331463,0.98560715,-0.16682267,-0.027364224,0
-1.0127282,-4.5790153,-0.14396811,-0.12831944,-0.84364307,0.52134478,0
-0.17427731,-2.8907571,-0.31133938,0.98560715,-0.16682267,-0.027364224,0
-0.96832943,-4.2351408,0.54857659,-0.12831944,-0.84364307,0.52134478,0
-0.47486025,1.3072131,-3.606391,-0.98560715,0.16682267,0.027364224,0
0.50186419,2.7026796,2.3694091,0.11005783,0.51032984,0.85290724,0
-0.030106783,3.3956771,-2.4970329,0.12831944,0.84364307,-0.52134478,0
0.3408258,-0.85766065,4.6367221,0.98560715,-0.16682267,-0.027364224,0
-0.33921421,-0.27135345,2.0955682,-0.98560715,0.16682267,0.027364224,0
-0.84926748,-1.1477015,-2.1219985,-0.98560715,0.16682267,0.027364224,0
1.2078569,3.5511117,1.7573917,0.98560715,-0.16682267,-0.027364224,0
0.51237369,4.2619753,-0.57977533,0.12831944,0.84364307,-0.52134478,0
-0.4394486,-4.23873,0.88337708,-0.12831944,-0.84364307,0.52134478,0
-0.060325623,-1.6666626,5.2210603,0.11005783,0.51032984,0.85290724,0
-0.27426863,-3.4012427,-1.9719391,-0.11005783,-0.51032984,-0.85290724,0
-0.22051275,1.2583996,-4.7529836,-0.11005783,-0.51032984,-0.85290724,0
-0.91362047,-4.4926872,-1.3076993,-0.11005783,-0.51032984,-0.85290724,0
-0.19829106,-4.053896,0.3052156,0.98560715,-0.16682267,-0.027364224,0
1.1060493,3.8030007,1.4881868,0.98560715,-0.16682267,-0.027364224,0
0.16036606,3.7399588,0.61312795,-0.98560715,0.16682267,0.027364224,0
-0.32813931,-1.335973,-3.1096354,-0.11005783,-0.51032984,-0.85290724,0
1.0828583,2.8312569,0.85036838,0.98560715,-0.16682267,-0.027364224,0
-0.19173527,-4.1277966,-0.10777593,0.98560715,-0.16682267,-0.027364224,0
-1.0337849,-5.1221604,-0.72969937,-0.12831944,-0.84364307,0.52134478,0
0.090271711,-3.2369237,0.19614553,0.98560715,-0.16682267,-0.027364224,0
0.47979462,1.4784112,-4.2651134,0.98560715,-0.16682267,-0.027364224,0
1.1676052,3.24897,2.0965137,0.11005783,0.51032984,0.85290724,0
0.16715527,-2.3483245,-0.51730621,0.98560715,-0.16682267,-0.027364224,0
-0.80955857,-3.0062284,2.6718926,-0.12831944,-0.84364307,0.52134478,0
0.81243658,1.4046695,-0.77761376,0.98560715,-0.16682267,-0.027364224,0
-0.83543038,-2.282016,3.5100222,-0.12831944,-0.84364307,0.52134478,0
1.0497991,2.9383588,-0.61830699,0.98560715,-0.16682267,-0.027364224,0
0.025856495,1.436789,3.3655105,0.11005783,0.51032984,0.85290724,0
0.44234449,-0.83681554,1.1581836,0.98560715,-0.16682267,-0.027364224,0
-0.59014225,0.12166566,-0.0050374866,-0.98560715,0.16682267,0.027364224,0
-0.46298409,-1.8886499,-3.0094829,-0.11005783,-0.51032984,-0.85290724,0
0.41408348,0.52250135,-4.6927395,-0.11005783,-0.51032984,-0.85290724,0
-1.3816752,-4.5667934,-1.1458025,-0.11005783,-0.51032984,-0.85290724,0
0.71707749,2.5269334,-3.3781426,0.12831944,0.84364307,-0.52134478,0
0.82087231,4.9162016,0.87339568,0.11005783,0.51032984,0.85290724,0
0.46108499,2.3139067,-3.9721956,0.12831944,0.84364307,-0.52134478,0
0.28118324,3.8216887,-1.2234235,0.12831944,0.84364307,-0.52134478,0
0.52450836,-0.56711137,3.1877403,0.98560715,-0.16682267,-0.027364224,0
1.027513,4.4249558,-0.53295445,0.12831944,0.84364307,-0.52134478,0
-0.48193073,-5.0607243,-0.33192801,-0.12831944,-0.84364307,0.52134478,0
-0.98366547,-2.6602499,-1.7514231,-0.98560715,0.16682267,0.027364224,0
0.18804419,1.5766933,-4.7611566,0.12831944,0.84364307,-0.52134478,0
-0.94244194,-4.2112875,0.72603917,-0.12831944,-0.84364307,0.52134478,0
-0.57986021,-4.0339413,-1.4150716,-0.11005783,-0.51032984,-0.85290724,0
0.73344231,0.83486211,-1.3177929,0.98560715,-0.16682267,-0.027364224,0
-0.77929324,-2.7216947,3.1907392,-0.12831944,-0.84364307,0.52134478,0
-0.090196133,1.3675555,3.3626618,-0.98560715,0.16682267,0.027364224,0
-0.23509288,-0.28767192,4.3962297,0.11005783,0.51032984,0.85290724,0
-0.65338516,-4.5435295,0.40736079,-0.12831944,-0.84364307,0.52134478,0
-0.094032764,2.7700357,2.4502053,0.11005783,0.51032984,0.85290724,0
0.76480389,1.8158457,2.7945948,0.11005783,0.51032984,0.85290724,0
0.28386164,4.4923344,-0.14543676,0.12831944,0.84364307,-0.52134478,0
-0.74786234,-4.9102263,-1.2468481,-0.11005783,-0.51032984,-0.85290724,0
0.744133,5.3263817,0.7825253,0.12831944,0.84364307,-0.52134478,0
-0.21992838,1.8143491,-5.0633903,0.12831944,0.84364307,-0.52134478,0
-0.020065546,1.459136,-4.7415433,-0.11005783,-0.51032984,-0.85290724,0
0.025416851,0.62101042,3.9459887,0.11005783,0.51032984,0.85290724,0
-0.025991201,3.5564065,-1.7964296,-0.98560715,0.16682267,0.027364224,0
-1.4107513,-5.0963793,-0.57197404,-0.12831944,-0.84364307,0.52134478,0
0.24360764,-1.6949208,4.9669065,-0.12831944,-0.84364307,0.52134478,0
0.67102981,0.57425797,3.580905,0.11005783,0.51032984,0.85290724,0
-1.1048336,-4.4205966,-0.32237411,-0.98560715,0.16682267,0.027364224,0
-0.92911017,-2.3095424,0.22454596,-0.98560715,0.16682267,0.027364224,0
0.064194679,2.7198672,-2.1340539,-0.98560715,0.16682267,0.027364224,0
1.0933396,2.6895301,-0.21141958,0.98560715,-0.16682267,-0.027364224,0
-0.4371472,1.2554895,-0.64510238,-0.98560715,0.16682267,0.027364224,0
0.64632607,4.860538,1.3278046,0.11005783,0.51032984,0.85290724,0
0.25315189,1.2824492,3.4548602,0.11005783,0.51032984,0.85290724,0
0.23897636,2.1188655,-4.1823664,0.12831944,0.84364307,-0.52134478,0
0.38980865,-0.57275844,4.2835927,0.11005783,0.51032984,0.85290724,0
-1.1734862,-4.3574386,0.21845412,-0.12831944,-0.84364307,0.52134478,0
-0.054867744,0.35331249,3.7442238,0.11005783,0.51032984,0.85290724,0
0.88081527,2.1450233,2.764761,0.11005783,0.51032984,0.85290724,0
0.38427362,-1.4675549,2.7996478,0.98560715,-0.16682267,-0.027364224,0
0.59782326,-0.99470341,3.2942038,0.98560715,-0.16682267,-0.027364224,0
0.75381517,0.3834796,2.5753055,0.98560715,-0.16682267,-0.027364224,0
-0.049423933,0.28760636,-4.133359,-0.11005783,-0.51032984,-0.85290724,0
-0.53203249,-0.54390657,-3.7705281,-0.11005783,-0.51032984,-0.85290724,0
0.36631978,1.9581102,-4.7060933,0.12831944,0.84364307,-0.52134478,0
-0.53503078,-2.8216677,2.7478108,-0.12831944,-0.84364307,0.52134478,0
-0.36600816,0.4202978,-1.6478698,-0.98560715,0.16682267,0.027364224,0
0.46130675,-0.54327738,2.0443375,0.98560715,-0.16682267,-0.027364224,0
0.50635427,0.79129285,-2.2022424,0.98560715,-0.16682267,-0.027364224,0
-1.0889368,-2.9404149,-1.7215037,-0.98560715,0.16682267,0.027364224,0
0.29156029,-1.8621368,4.8613486,0.98560715,-0.16682267,-0.027364224,0
0.26091117,3.1546457,-2.7832642,0.12831944,0.84364307,-0.52134478,0
0.90629292,4.8924642,0.75295401,0.12831944,0.84364307,-0.52134478,0
0.37454528,0.026925743,1.3485883,0.98560715,-0.16682267,-0.027364224,0
-1.0419548,-3.7204151,-1.5999328,-0.11005783,-0.51032984,-0.85290724,0
0.26653957,3.4643912,1.8520588,0.11005783,0.51032984,0.85290724,0
0.57472277,3.2874677,1.8994575,0.11005783,0.51032984,0.85290724,0
0.3134284,0.41127527,3.872798,0.11005783,0.51032984,0.85290724,0
-0.010077521,-2.339968,2.8777709,0.98560715,-0.16682267,-0.027364224,0
0.10686684,1.0315665,-4.739306,-0.11005783,-0.51032984,-0.85290724,0
-1.0240204,-2.8479638,1.6697787,-0.98560715,0.16682267,0.027364224,0
0.29923478,2.2896583,-4.0428257,0.12831944,0.84364307,-0.52134478,0
0.51947302,2.8986669,-2.7384734,0.12831944,0.84364307,-0.52134478,0
0.94041038,3.9686346,-0.66834474,0.12831944,0.84364307,-0.52134478,0
-0.7260071,-0.43267453,-1.9873806,-0.98560715,0.16682267,0.027364224,0
-0.06893158,0.81609702,3.5161519,-0.98560715,0.16682267,0.027364224,0
0.20076692,-1.9331914,0.21872687,0.98560715,-0.16682267,-0.027364224,0
-1.3218832,-4.8117833,-0.8866961,-0.11005783,-0.51032984,-0.85290724,0
-0.32849142,-2.2392323,3.8481884,-0.12831944,-0.84364307,0.52134478,0
-1.018039,-3.8343318,1.1318402,-0.12831944,-0.84364307,0.52134478,0
0.9081471,2.2992508,2.4216087,0.11005783,0.51032984,0.85290724,0
1.1447372,4.7889071,1.0679593,0.11005783,0.51032984,0.85290724,0
0.10038304,0.7656132,3.4398749,0.11005783,0.51032984,0.85290724,0
-0.81226122,-2.4211509,3.2732759,-0.12831944,-0.84364307,0.52134478,0
0.48648,-0.34243059,4.1805859,0.11005783,0.51032984,0.85290724,0
0.36326528,4.500443,-0.15389204,0.12831944,0.84364307,-0.52134478,0
-0.69869852,-5.0448442,-0.50385833,-0.12831944,-0.84364307,0.52134478,0
0.63099861,4.7075129,1.3812983,0.11005783,0.51032984,0.85290724,0
-1.1430302,-4.5611672,-1.1440043,-0.11005783,-0.51032984,-0.85290724,0
-0.025324345,-3.0394807,-1.5168898,0.98560715,-0.16682267,-0.027364224,0
-0.12046099,-2.6807685,0.74940956,0.98560715,-0.16682267,-0.027364224,0
-0.98321939,-3.2648771,-0.7211504,-0.98560715,0.16682267,0.027364224,0
0.43411744,-0.40628028,2.4421685,0.98560715,-0.16682267,-0.027364224,0
0.010564089,0.38952255,-4.3337216,-0.11005783,-0.51032984,-0.85290724,0
-0.23403525,1.3567334,1.5685129,-0.98560715,0.16682267,0.027364224,0
0.84027743,0.49069786,3.1329639,0.98560715,-0.16682267,-0.027364224,0
0.6122961,0.21284306,0.4441402,0.98560715,-0.16682267,-0.027364224,0
-0.59542477,-3.6170859,1.8772438,-0.12831944,-0.84364307,0.52134478,0
0.10097504,3.0954881,1.1181221,-0.98560715,0.16682267,0.027364224,0
-0.63437986,0.054340363,-4.0452099,-0.11005783,-0.51032984,-0.85290724,0
0.19413173,-1.7529916,5.0327859,-0.12831944,-0.84364307,0.52134478,0
0.39685774,4.3276224,1.548661,0.11005783,0.51032984,0.85290724,0
-0.036742449,2.7423418,1.9635577,-0.98560715,0.16682267,0.027364224,0
0.82123232,4.9293408,0.81558204,0.11005783,0.51032984,0.85290724,0
0.60585332,-0.13160682,3.7229729,0.98560715,-0.16682267,-0.027364224,0
0.18874574,-1.9750876,4.5851154,0.98560715,-0.16682267,-0.027364224,0
0.52773166,-0.14780855,3.8216026,0.98560715,-0.16682267,-0.027364224,0
-0.85274935,-4.9596367,-0.40251136,-0.12831944,-0.84364307,0.52134478,0
0.57535231,0.23842444,-1.8829592,0.98560715,-0.16682267,-0.027364224,0
0.51355696,2.7537081,-3.4583659,0.12831944,0.84364307,-0.52134478,0
-1.1628611,-4.6209459,-0.23456359,-0.12831944,-0.84364307,0.52134478,0
-0.63136268,-0.7010324,-3.4927299,-0.11005783,-0.51032984,-0.85290724,0
-0.72208405,-5.0462589,-0.64228201,-0.12831944,-0.84364307,0.52134478,0
0.28559399,3.3793066,1.8625751,0.11005783,0.51032984,0.85290724,0
0.64890099,0.80237603,3.408529,0.11005783,0.51032984,0.85290724,0
-0.19771886,-1.033633,-3.641608,-0.11005783,-0.51032984,-0.85290724,0
-0.39882517,1.7743989,-4.7741547,0.12831944,0.84364307,-0.52134478,0
-0.24448395,-2.4816813,-2.7549577,-0.11005783,-0.51032984,-0.85290724,0
0.35996389,3.0033226,2.1972892,0.11005783,0.51032984,0.85290724,0
-0.24613549,-2.5750792,3.4369297,-0.12831944,-0.84364307,0.52134478,0
0.75161493,1.4531586,-3.8292329,0.98560715,-0.16682267,-0.027364224,0
-0.83988118,-1.5586356,-2.5838344,-0.98560715,0.16682267,0.027364224,0
0.76106262,2.2824993,2.6604695,0.11005783,0.51032984,0.85290724,0
1.3394189,4.4112716,1.0373037,0.98560715,-0.16682267,-0.027364224,0
0.18126011,2.6440802,2.4274158,0.11005783,0.51032984,0.85290724,0
0.9011097,2.6528535,1.4127544,0.98560715,-0.16682267,-0.027364224,0
0.17522407,3.8171411,-1.4190042,0.12831944,0.84364307,-0.52134478,0
-0.53377235,-3.3130322,2.4915862,-0.12831944,-0.84364307,0.52134478,0
-0.15297079,-3.6496511,1.7684078,-0.12831944,-0.84364307,0.52134478,0
-0.30982789,-2.7456949,2.8962517,-0.12831944,-0.84364307,0.52134478,0
0.51356578,4.5083227,-0.19801354,0.12831944,0.84364307,-0.52134478,0
-0.48445928,-1.4530115,4.8558946,0.11005783,0.51032984,0.85290724,0
0.12130952,1.2523363,-4.9729691,-0.11005783,-0.51032984,-0.85290724,0
-0.26533139,-2.7476845,3.5232601,-0.12831944,-0.84364307,0.52134478,0
0.66126567,1.131683,-0.35044771,0.98560715,-0.16682267,-0.027364224,0
-0.80046773,-1.7885606,-1.8789008,-0.98560715,0.16682267,0.027364224,0
0.8259421,2.4500301,-1.7331471,0.98560715,-0.16682267,-0.027364224,0
-0.54391479,-4.9664388,-1.0396574,-0.11005783,-0.51032984,-0.85290724,0
-0.63720793,-2.2977083,4.0815868,-0.12831944,-0.84364307,0.52134478,0
0.15020278,2.3402736,-3.6709738,0.12831944,0.84364307,-0.52134478,0
0.64870715,1.1162863,3.528631,0.11005783,0.51032984,0.85290724,0
0.059162617,-3.026494,-1.0949374,0.98560715,-0.16682267,-0.027364224,0
0.32316941,-1.9968235,3.817893,0.98560715,-0.16682267,-0.027364224,0
-0.87934685,-2.6551151,-2.3946445,-0.98560715,0.16682267,0.027364224,0
-0.89021778,-4.1328702,0.9833672,-0.12831944,-0.84364307,0.52134478,0
0.6440419,0.62217611,0.30430421,0.98560715,-0.16682267,-0.027364224,0
-0.64196539,-3.5903735,1.3470037,-0.12831944,-0.84364307,0.52134478,0
0.06950736,3.2271118,-2.1899567,0.12831944,0.84364307,-0.52134478,0
-0.62178564,-3.9409521,-1.576583,-0.11005783,-0.51032984,-0.85290724,0
-0.50684464,0.65352935,-1.5428792,-0.98560715,0.16682267,0.027364224,0
-0.4094429,-4.1840677,0.57773709,-0.12831944,-0.84364307,0.52134478,0
-0.46579957,-0.53997481,4.3657203,0.11005783,0.51032984,0.85290724,0
-0.11708748,2.2001011,-0.96368909,-0.98560715,0.16682267,0.027364224,0
0.57469606,4.3113651,1.392159,0.11005783,0.51032984,0.85290724,0
-1.3256602,-5.0168505,-0.99847984,-0.11005783,-0.51032984,-0.85290724,0
0.95052862,4.3408346,1.3762261,0.11005783,0.51032984,0.85290724,0
0.43776655,4.6562877,0.39974427,-0.98560715,0.16682267,0.027364224,0
0.42193937,0.63414717,3.6991501,0.11005783,0.51032984,0.85290724,0
-0.64797187,0.080487847,0.66370487,-0.98560715,0.16682267,0.027364224,0
-0.46094048,1.3829277,0.39442837,-0.98560715,0.16682267,0.027364224,0
0.38335061,1.0986924,-4.9459038,-0.11005783,-0.51032984,-0.85290724,0
1.1502078,4.5903549,0.15454984,0.12831944,0.84364307,-0.52134478,0
-1.113214,-4.9710131,-0.30378389,-0.12831944,-0.84364307,0.52134478,0
-0.50508666,-2.3307483,3.7546749,-0.12831944,-0.84364307,0.52134478,0
-0.45010853,-4.1391482,-1.360788,-0.11005783,-0.51032984,-0.85290724,0
-0.46245813,-3.1828136,-2.1541486,-0.11005783,-0.51032984,-0.85290724,0
0.66987562,4.6230359,0.28561068,0.12831944,0.84364307,-0.52134478,0
-0.32485485,-3.9528239,-1.9153041,-0.11005783,-0.51032984,-0.85290724,0
-0.55381989,0.95477557,-0.37614578,-0.98560715,0.16682267,0.027364224,0
0.18938422,2.8588388,-3.2540743,0.12831944,0.84364307,-0.52134478,0
1.1735981,4.4467978,-0.36464453,0.12831944,0.84364307,-0.52134478,0
0.36790562,-1.2616947,-3.408792,-0.11005783,-0.51032984,-0.85290724,0
0.12508935,2.8657207,-2.8370054,0.12831944,0.84364307,-0.52134478,0
0.069882154,0.15125442,-4.3370004,-0.11005783,-0.51032984,-0.85290724,0
-0.030653,-1.0174149,4.67101,0.11005783,0.51032984,0.85290724,0
0.35992146,-0.75438941,4.4665322,0.11005783,0.51032984,0.85290724,0
0.73868656,0.47319162,2.2634881,0.98560715,-0.16682267,-0.027364224,0
-0.59173441,-2.240258,4.1566792,-0.12831944,-0.84364307,0.52134478,0
-0.54172909,-0.0099600554,-2.5295568,-0.98560715,0.16682267,0.027364224,0
-0.53550863,-5.0742226,-1.0157924,-0.12831944,-0.84364307,0.52134478,0
1.0529776,3.8441536,-1.0832045,0.12831944,0.84364307,-0.52134478,0
-0.58435893,-4.4720812,0.33149266,-0.12831944,-0.84364307,0.52134478,0
0.30683088,0.57278359,3.818676,0.11005783,0.51032984,0.85290724,0
0.3457427,-1.0442743,4.6909356,0.11005783,0.51032984,0.85290724,0
-0.56213701,-3.073801,2.2280359,-0.12831944,-0.84364307,0.52134478,0
-0.94030404,-4.0735874,0.73271918,-0.12831944,-0.84364307,0.52134478,0
-0.20882869,1.7801446,-5.0649314,0.12831944,0.84364307,-0.52134478,0
-0.036624432,-3.4857202,1.8318398,-0.12831944,-0.84364307,0.52134478,0
-0.4705441,1.005885,-4.2296858,-0.98560715,0.16682267,0.027364224,0
-0.27813363,0.8901484,-4.3806834,-0.11005783,-0.51032984,-0.85290724,0
0.44933128,4.3598113,1.431412,0.11005783,0.51032984,0.85290724,0
0.79002345,2.5194631,-0.73692584,0.98560715,-0.16682267,-0.027364224,0
0.8379938,2.0459607,-1.3113873,0.98560715,-0.16682267,-0.027364224,0
-0.063441187,2.5736623,-3.0096807,-0.98560715,0.16682267,0.027364224,0
-0.034529686,1.0481644,3.6051667,0.11005783,0.51032984,0.85290724,0
0.73962533,0.31718498,0.38711086,0.98560715,-0.16682267,-0.027364224,0
-0.4398613,0.074214816,-2.0670328,-0.98560715,0.16682267,0.027364224,0
-0.48096037,1.5759217,-5.1399641,0.12831944,0.84364307,-0.52134478,0
0.94224274,1.814795,-0.023337841,0.98560715,-0.16682267,-0.027364224,0
-0.75409651,-0.11624551,-3.1635413,-0.98560715,0.16682267,0.027364224,0
1.1671705,4.75138,0.89767432,0.11005783,0.51032984,0.85290724,0
-0.4451561,-3.1345091,-2.0552959,-0.11005783,-0.51032984,-0.85290724,0
-0.55777955,-3.4329529,2.0037823,-0.12831944,-0.84364307,0.52134478,0
-0.11772013,-3.7667832,1.7219326,-0.12831944,-0.84364307,0.52134478,0
-0.17758113,-2.4427621,3.9099984,-0.12831944,-0.84364307,0.52134478,0
0.20377541,-2.340986,-2.3700955,0.98560715,-0.16682267,-0.027364224,0
0.36201015,2.3782725,-3.7730916,0.12831944,0.84364307,-0.52134478,0
-0.39354134,-4.807569,-1.1353958,-0.11005783,-0.51032984,-0.85290724,0
-0.51947963,-1.5050819,4.9051256,0.11005783,0.51032984,0.85290724,0
0.40428567,-0.44198477,4.4429512,0.11005783,0.51032984,0.85290724,0
-0.44250345,0.33351886,-4.1480927,-0.98560715,0.16682267,0.027364224,0
-0.17305601,-3.0875959,1.3463383,0.98560715,-0.16682267,-0.027364224,0
0.47926402,-0.27737904,3.9877815,0.11005783,0.51032984,0.85290724,0
-0.2356275,-2.8535109,3.2940712,-0.12831944,-0.84364307,0.52134478,0
0.45304108,-0.69164979,4.298532,0.11005783,0.51032984,0.85290724,0
0.46633816,5.0970178,0.94065189,0.12831944,0.84364307,-0.52134478,0
-0.77485406,-3.1992362,2.2317281,-0.12831944,-0.84364307,0.52134478,0
0.53134727,4.9195619,0.60197473,0.12831944,0.84364307,-0.52134478,0
0.95179224,4.8908997,1.1149235,0.11005783,0.51032984,0.85290724,0
-0.47526932,-5.1624503,-0.77839828,-0.11005783,-0.51032984,-0.85290724,0
-1.3466296,-4.1786571,0.28737617,-0.98560715,0.16682267,0.027364224,0
1.101141,4.4955368,1.3173723,0.11005783,0.51032984,0.85290724,0
0.34285593,3.6369574,2.0368214,0.11005783,0.51032984,0.85290724,0
-0.2012682,-3.4005175,-1.4402808,0.98560715,-0.16682267,-0.027364224,0
0.56749082,2.3492608,2.7790964,0.11005783,0.51032984,0.85290724,0
0.53876811,2.3941298,-3.980675,0.12831944,0.84364307,-0.52134478,0
-0.33342123,0.37522072,3.7607379,0.11005783,0.51032984,0.85290724,0
-1.0781903,-4.4194465,-1.2105459,-0.11005783,-0.51032984,-0.85290724,0
0.93510866,3.1046708,-0.46668267,0.98560715,-0.16682267,-0.027364224,0
1.0131191,3.3450172,-1.9428456,0.12831944,0.84364307,-0.52134478,0
0.5232482,-0.4985728,-2.0784822,0.98560715,-0.16682267,-0.027364224,0
-0.66926813,-3.8831587,1.5264091,-0.12831944,-0.84364307,0.52134478,0
0.9622395,2.3455286,-1.5127563,0.98560715,-0.16682267,-0.027364224,0
-0.85654879,-4.1252766,-1.3763479,-0.11005783,-0.51032984,-0.85290724,0
-0.2405467,-3.7038891,1.4701738,-0.12831944,-0.84364307,0.52134478,0
0.083638549,2.7220001,-1.4990909,-0.98560715,0.16682267,0.027364224,0
0.33564472,1.2558949,3.353157,0.11005783,0.51032984,0.85290724,0
-0.63477486,-0.47952962,-0.33474654,-0.98560715,0.16682267,0.027364224,0
-0.52755553,-0.55588716,0.55671746,-0.98560715,0.16682267,0.027364224,0
-0.58595091,-1.5770147,3.1488922,-0.98560715,0.16682267,0.027364224,0
0.38562739,0.042875051,-2.7855368,0.98560715,-0.16682267,-0.027364224,0
-0.090763211,-2.7688503,3.0822709,-0.12831944,-0.84364307,0.52134478,0
-0.61435914,-1.3385928,4.8925233,-0.98560715,0.16682267,0.027364224,0
-0.86634398,-1.9697413,1.8803297,-0.98560715,0.16682267,0.027364224,0
0.21277365,-0.89847499,1.9310207,0.98560715,-0.16682267,-0.027364224,0
-0.10202122,3.0325656,2.2972467,-0.98560715,0.16682267,0.027364224,0
-0.60390317,-2.0583913,4.3753595,-0.12831944,-0.84364307,0.52134478,0
0.32934225,-1.8800839,0.84185338,0.98560715,-0.16682267,-0.027364224,0
-0.68279648,-2.957906,-2.0168521,-0.11005783,-0.51032984,-0.85290724,0
0.2479136,-0.48062766,-3.7164669,-0.11005783,-0.51032984,-0.85290724,0
0.88944554,1.2370305,-0.43155497,0.98560715,-0.16682267,-0.027364224,0
-0.82907075,-0.77720892,-0.98992002,-0.98560715,0.16682267,0.027364224,0
0.5172236,-0.57418561,4.5134802,0.11005783,0.51032984,0.85290724,0
-0.37164164,-5.0818796,-0.82994008,-0.11005783,-0.51032984,-0.85290724,0
0.58590651,0.088335872,0.99246556,0.98560715,-0.16682267,-0.027364224,0
-0.19289899,2.2558768,0.72388387,-0.98560715,0.16682267,0.027364224,0
-0.24807882,-4.711473,-1.0198376,-0.11005783,-0.51032984,-0.85290724,0
-0.74670148,-1.7913319,4.1220112,-0.98560715,0.16682267,0.027364224,0
0.07401371,-1.9363067,-3.0882392,-0.11005783,-0.51032984,-0.85290724,0
-0.70412111,-5.2087193,-1.0561328,-0.12831944,-0.84364307,0.52134478,0
0.54572511,0.51904881,2.9784415,0.98560715,-0.16682267,-0.027364224,0
0.8464365,2.8268895,-2.8227372,0.12831944,0.84364307,-0.52134478,0
0.28053403,1.8415943,-4.9138756,0.12831944,0.84364307,-0.52134478,0
-1.2048764,-4.5490265,-0.72149611,-0.98560715,0.16682267,0.027364224,0
-1.0354414,-4.0412288,-1.5747216,-0.11005783,-0.51032984,-0.85290724,0
0.63177109,2.6630287,2.4312761,0.11005783,0.51032984,0.85290724,0
-0.24959964,2.0257945,-4.2090611,0.12831944,0.84364307,-0.52134478,0
0.29215455,-2.0270355,1.6540681,0.98560715,-0.16682267,-0.027364224,0
-0.080446482,-0.84978878,4.5467076,0.11005783,0.51032984,0.85290724,0
0.35803342,2.1278248,-4.1122203,0.12831944,0.84364307,-0.52134478,0
0.64170122,4.2456551,1.2554593,0.11005783,0.51032984,0.85290724,0
-0.21517998,-2.2985499,4.066061,-0.12831944,-0.84364307,0.52134478,0
1.1553702,2.8836193,-0.11655056,0.98560715,-0.16682267,-0.027364224,0
-0.29849505,-1.5507153,-2.966361,-0.11005783,-0.51032984,-0.85290724,0
0.25560021,-0.325376,-2.2955937,0.98560715,-0.16682267,-0.027364224,0
-0.1368722,2.1043811,-3.3835864,-0.98560715,0.16682267,0.027364224,0
-0.62108266,-2.3817179,3.3359466,-0.98560715,0.16682267,0.027364224,0
0.85509336,3.3206611,-1.9980862,0.12831944,0.84364307,-0.52134478,0
-0.022801876,3.3128705,1.5045509,-0.98560715,0.16682267,0.027364224,0
-0.73789859,-0.46122253,-3.3204679,-0.98560715,0.16682267,0.027364224,0
0.45238853,4.3841467,-0.79717422,0.12831944,0.84364307,-0.52134478,0
0.68845892,5.0337849,0.52009416,0.12831944,0.84364307,-0.52134478,0
0.085580349,-0.53724337,4.5715046,0.11005783,0.51032984,0.85290724,0
0.47119692,2.4324286,-3.2770059,0.12831944,0.84364307,-0.52134478,0
1.1342754,3.9031487,-1.2666094,0.12831944,0.84364307,-0.52134478,0
-0.97139978,-5.0806403,-0.50183177,-0.12831944,-0.84364307,0.52134478,0
0.16411543,-2.0124874,3.7345707,0.98560715,-0.16682267,-0.027364224,0
-0.42494488,-4.2359867,-1.4386473,-0.11005783,-0.51032984,-0.85290724,0
-0.78122211,-3.8923986,1.224566,-0.12831944,-0.84364307,0.52134478,0
-1.1995993,-4.3767023,-1.3727342,-0.11005783,-0.51032984,-0.85290724,0
0.29370427,1.2790874,3.3551834,0.11005783,0.51032984,0.85290724,0
0.16166461,-1.8111548,4.5334678,-0.12831944,-0.84364307,0.52134478,0
-0.24077272,-3.4334891,0.12880898,0.98560715,-0.16682267,-0.027364224,0
-0.17924464,-1.6713109,4.5477691,-0.12831944,-0.84364307,0.52134478,0
-0.26229644,-0.005830884,-4.1675253,-0.11005783,-0.51032984,-0.85290724,0
-0.49163437,-5.0409946,-0.80496168,-0.12831944,-0.84364307,0.52134478,0
0.39308602,3.0194271,-2.6274781,0.12831944,0.84364307,-0.52134478,0
-0.094158888,1.6218567,-0.20460796,-0.98560715,0.16682267,0.027364224,0
0.082916558,2.1783032,-4.2725329,0.12831944,0.84364307,-0.52134478,0
-1.1511426,-3.9839404,-1.4158242,-0.98560715,0.16682267,0.027364224,0
1.4542737,5.1363697,0.77641773,0.12831944,0.84364307,-0.52134478,0
-1.017949,-2.338882,0.66756082,-0.98560715,0.16682267,0.027364224,0
1.3141522,4.8705583,0.90744209,0.11005783,0.51032984,0.85290724,0
-1.00647,-2.9210215,-1.4689432,-0.98560715,0.16682267,0.027364224,0
-0.74730062,-1.1524768,2.4122674,-0.98560715,0.16682267,0.027364224,0
0.55969667,1.86338,2.8827398,0.11005783,0.51032984,0.85290724,0
0.56641006,5.232244,0.85982084,0.11005783,0.51032984,0.85290724,0
0.76207018,4.380291,1.5264387,0.11005783,0.51032984,0.85290724,0
-0.55681872,-3.0870299,2.2834737,-0.12831944,-0.84364307,0.52134478,0
-0.077717662,-1.6522577,5.1153197,-0.12831944,-0.84364307,0.52134478,0
-0.32488668,2.3612881,-0.95961761,-0.98560715,0.16682267,0.027364224,0
-0.97786331,-4.5096006,0.10918546,-0.12831944,-0.84364307,0.52134478,0
0.06425488,3.0809278,-2.4006081,-0.98560715,0.16682267,0.027364224,0
0.49088883,-0.14823031,4.2045975,0.11005783,0.51032984,0.85290724,0
0.38353038,-1.5036517,2.89888,0.98560715,-0.16682267,-0.027364224,0
-0.79796171,-3.2141623,1.9612352,-0.12831944,-0.84364307,0.52134478,0
-0.70644236,-4.4089336,-1.2325085,-0.11005783,-0.51032984,-0.85290724,0
-0.18730259,-0.96308124,4.6144323,0.11005783,0.51032984,0.85290724,0
0.10069275,1.6868018,2.9494324,0.11005783,0.51032984,0.85290724,0
-0.51375008,-1.9010144,4.85006,-0.12831944,-0.84364307,0.52134478,0
-0.19438767,-1.560227,-2.9633951,-0.11005783,-0.51032984,-0.85290724,0
-0.78753424,-2.264163,2.6838129,-0.98560715,0.16682267,0.027364224,0
0.6832009,-0.37589395,2.4012835,0.98560715,-0.16682267,-0.027364224,0
-0.91539097,-5.09585,-0.47236276,-0.12831944,-0.84364307,0.52134478,0
-0.16585946,-1.5500304,5.2659702,0.11005783,0.51032984,0.85290724,0
