-3.4160533,0.39495474,-0.59401369,-0.99002928,0.13439213,-0.042204857,0
-0.84608865,2.4224253,-2.0376489,0.11527205,0.60073793,-0.7910921,0
1.1105731,-2.4027987,2.1493201,-0.11527205,-0.60073793,0.7910921,0
-0.43056703,-1.666923,2.4758396,-0.11527205,-0.60073793,0.7910921,0
0.041101456,1.9766408,-2.4866242,0.11527205,0.60073793,-0.7910921,0
-2.6473577,-0.53758126,0.51999736,-0.08096236,-0.78806949,-0.61023962,0
-3.4601581,0.50658965,0.31498671,-0.99002928,0.13439213,-0.042204857,0
-3.8155644,-0.93580729,1.986923,-0.99002928,0.13439213,-0.042204857,0
0.35777056,-0.69194192,1.79265,0.08096236,0.78806949,0.61023962,0
2.1362011,1.3726031,-2.6162479,-0.08096236,-0.78806949,-0.61023962,0
2.8600228,-0.62224686,-0.51198268,-0.08096236,-0.78806949,-0.61023962,0
3.4892178,-0.75084203,0.32881594,0.99002928,-0.13439213,0.042204857,0
0.42543903,-0.62720203,0.1733944,-0.08096236,-0.78806949,-0.61023962,0
2.6173587,1.6808006,-2.1852469,0.11527205,0.60073793,-0.7910921,0
-2.78439,-1.4136176,1.0847814,-0.08096236,-0.78806949,-0.61023962,0
0.89204651,-1.4808447,0.85280091,-0.08096236,-0.78806949,-0.61023962,0
2.4394433,-2.264847,1.7619408,-0.08096236,-0.78806949,-0.61023962,0
-1.819304,2.1302469,-2.5489006,0.11527205,0.60073793,-0.7910921,0
2.2784786,1.29273,-2.634562,0.11527205,0.60073793,-0.7910921,0
1.6877508,-1.7222493,2.7281947,-0.11527205,-0.60073793,0.7910921,0
-0.24682391,0.75391966,-1.9150209,-0.08096236,-0.78806949,-0.61023962,0
3.7333608,0.86061293,-0.76631951,0.99002928,-0.13439213,0.042204857,0
-1.1932324,1.7665462,-2.6371412,0.11527205,0.60073793,-0.7910921,0
-0.65089136,0.17250359,0.51850325,0.08096236,0.78806949,0.61023962,0
2.2747726,0.82429355,-2.2438488,-0.08096236,-0.78806949,-0.61023962,0
-3.4672341,0.97767293,-0.97761297,-0.99002928,0.13439213,-0.042204857,0
-0.12808387,0.33811986,0.59849358,0.08096236,0.78806949,0.61023962,0
3.5907512,-0.67626393,-0.12596941,0.99002928,-0.13439213,0.042204857,0
-0.96206391,-1.143986,0.90330112,-0.08096236,-0.78806949,-0.61023962,0
3.3915873,-1.4309707,2.0670314,0.99002928,-0.13439213,0.042204857,0
-1.7646163,1.28385,-2.269007,-0.08096236,-0.78806949,-0.61023962,0
0.26276231,1.6008973,-1.4963052,0.08096236,0.78806949,0.61023962,0
-3.3619473,1.9238784,-1.6296741,-0.99002928,0.13439213,-0.042204857,0
-3.7653902,-0.52210474,0.78444171,-0.99002928,0.13439213,-0.042204857,0
-3.9001811,-1.1470664,2.3657143,-0.11527205,-0.60073793,0.7910921,0
-2.4341154,-1.5979891,2.2518697,-0.11527205,-0.60073793,0.7910921,0
2.909971,1.2355299,-2.1802807,0.11527205,0.60073793,-0.7910921,0
2.5107927,1.1047711,-1.2675285,0.08096236,0.78806949,0.61023962,0
-1.4802465,-0.30634397,1.2101358,0.08096236,0.78806949,0.61023962,0
2.3896608,0.92461836,-2.3981564,-0.08096236,-0.78806949,-0.61023962,0
-3.9321108,-1.3834472,1.854811,-0.99002928,0.13439213,-0.042204857,0
-3.1294882,2.1057823,-2.1951337,-0.99002928,0.13439213,-0.042204857,0
1.2281741,-2.1691964,2.2745569,-0.11527205,-0.60073793,0.7910921,0
3.3859546,-0.23029727,0.11787057,0.99002928,-0.13439213,0.042204857,0
-3.1551199,1.3358266,-0.85853314,-0.99002928,0.13439213,-0.042204857,0
2.5477235,-0.56784999,-0.57654428,-0.08096236,-0.78806949,-0.61023962,0
-0.68399227,-1.2547439,0.79482687,-0.08096236,-0.78806949,-0.61023962,0
-2.0820258,0.8370111,-1.7087412,-0.08096236,-0.78806949,-0.61023962,0
-2.2017357,-0.5612123,-0.025849819,-0.08096236,-0.78806949,-0.61023962,0
3.2663209,-0.7954616,0.31515145,0.99002928,-0.13439213,0.042204857,0
0.69486523,1.4083779,-2.3775291,0.11527205,0.60073793,-0.7910921,0
-3.6905444,-0.94741547,2.5898356,-0.99002928,0.13439213,-0.042204857,0
3.7234256,0.55828369,-2.0363081,0.99002928,-0.13439213,0.042204857,0
3.3820734,-1.8231304,2.3991666,0.99002928,-0.13439213,0.042204857,0
-3.4341319,0.13654572,0.0099351406,-0.99002928,0.13439213,-0.042204857,0
0.26226687,-1.8402181,1.298683,-0.08096236,-0.78806949,-0.61023962,0
2.8234303,1.7747406,-1.9137251,0.11527205,0.60073793,-0.7910921,0
-1.5136076,0.4144392,-1.3287635,-0.08096236,-0.78806949,-0.61023962,0
2.2490182,-1.2962474,2.3407898,0.08096236,0.78806949,0.61023962,0
-2.9341073,1.2102978,-2.1957631,-0.08096236,-0.78806949,-0.61023962,0
0.57903814,-2.2775316,2.3499093,-0.11527205,-0.60073793,0.7910921,0
1.4450238,-0.43409947,1.2500269,0.08096236,0.78806949,0.61023962,0
3.4209723,-1.2114725,1.9978515,0.99002928,-0.13439213,0.042204857,0
1.2765589,-1.7569022,2.8060913,-0.11527205,-0.60073793,0.7910921,0
-1.7321829,2.1127629,-2.5195465,0.11527205,0.60073793,-0.7910921,0
0.3810873,-1.7196486,2.6764312,-0.11527205,-0.60073793,0.7910921,0
3.1795399,-2.2459226,2.7653708,0.99002928,-0.13439213,0.042204857,0
0.25217384,0.42677844,0.22623783,0.08096236,0.78806949,0.61023962,0
-3.602067,0.35105473,-0.5118053,-0.99002928,0.13439213,-0.042204857,0
-0.14129126,-0.13754174,0.72072345,0.08096236,0.78806949,0.61023962,0
2.3398044,1.6301728,-1.8200707,0.08096236,0.78806949,0.61023962,0
2.9783278,-1.9026215,3.0337613,-0.11527205,-0.60073793,0.7910921,0
-3.545006,-0.027990818,1.1607995,-0.99002928,0.13439213,-0.042204857,0
-3.2638202,-1.1776893,2.5894449,-0.11527205,-0.60073793,0.7910921,0
3.8622229,1.0423633,-2.446609,0.11527205,0.60073793,-0.7910921,0
-3.6262658,-1.6894411,2.0746667,-0.08096236,-0.78806949,-0.61023962,0
2.8650246,-2.7038417,2.2261386,-0.11527205,-0.60073793,0.7910921,0
-3.6202369,0.079932868,-0.1537056,-0.99002928,0.13439213,-0.042204857,0
-0.91529411,-0.72260934,0.24663436,-0.08096236,-0.78806949,-0.61023962,0
3.3239052,-0.67031777,-0.24824643,0.99002928,-0.13439213,0.042204857,0
-2.6972382,-1.7969292,1.9683738,-0.11527205,-0.60073793,0.7910921,0
3.493916,0.58746195,-1.0078058,0.99002928,-0.13439213,0.042204857,0
1.3050013,1.8311377,-2.0178699,0.11527205,0.60073793,-0.7910921,0
-3.3180995,0.020881414,-0.44390345,-0.08096236,-0.78806949,-0.61023962,0
3.1780124,-2.5393968,2.1098514,-0.11527205,-0.60073793,0.7910921,0
-3.6894701,-0.63067639,0.98449397,-0.99002928,0.13439213,-0.042204857,0
1.4430462,-0.19778585,-0.77180994,-0.08096236,-0.78806949,-0.61023962,0
2.1029499,1.3566356,-2.3590121,0.11527205,0.60073793,-0.7910921,0
3.2841094,-1.1872897,0.80510736,0.99002928,-0.13439213,0.042204857,0
-0.89381224,0.36324602,0.40404654,0.08096236,0.78806949,0.61023962,0
0.64194059,1.5919516,-2.5543787,0.11527205,0.60073793,-0.7910921,0
-2.9305637,1.6573501,-2.8748157,-0.08096236,-0.78806949,-0.61023962,0
-3.0121827,2.2759874,-2.2365441,-0.99002928,0.13439213,-0.042204857,0
-0.31025791,-1.5788524,1.0245615,-0.08096236,-0.78806949,-0.61023962,0
-1.9998744,0.10415759,-0.39449763,-0.08096236,-0.78806949,-0.61023962,0
1.0777454,-0.32480943,0.79678971,0.08096236,0.78806949,0.61023962,0
2.8264718,-1.7288723,1.1914046,-0.08096236,-0.78806949,-0.61023962,0
2.8149328,-0.21362472,-0.74695516,-0.08096236,-0.78806949,-0.61023962,0
3.4171844,-0.063215315,-0.072146893,0.99002928,-0.13439213,0.042204857,0
1.0040059,-2.1771672,2.3526278,-0.11527205,-0.60073793,0.7910921,0
-1.5530732,-0.81607151,1.8328023,0.08096236,0.78806949,0.61023962,0
3.3856988,-0.26488155,0.8174057,0.99002928,-0.13439213,0.042204857,0
1.3889906,0.0075142756,0.30170941,0.08096236,0.78806949,0.61023962,0
-0.73108673,2.2374101,-2.1375253,0.11527205,0.60073793,-0.7910921,0
-0.15173988,0.5810405,0.3377828,0.08096236,0.78806949,0.61023962,0
1.4474872,-2.1428354,2.4187415,-0.11527205,-0.60073793,0.7910921,0
-1.9857043,1.9507297,-2.3982956,0.11527205,0.60073793,-0.7910921,0
3.7268977,-0.18964851,-1.2136757,0.99002928,-0.13439213,0.042204857,0
3.6074243,0.88836086,-1.3250699,0.99002928,-0.13439213,0.042204857,0
2.0686679,1.5923796,-2.3882766,0.11527205,0.60073793,-0.7910921,0
3.3091617,-0.1486209,0.22440338,0.99002928,-0.13439213,0.042204857,0
2.9998667,-2.1153023,1.9637579,0.99002928,-0.13439213,0.042204857,0
-0.77853346,1.5357428,-2.9493809,-0.08096236,-0.78806949,-0.61023962,0
0.099692106,1.6876054,-2.6751463,0.11527205,0.60073793,-0.7910921,0
3.3305926,1.2450187,-2.5566096,0.11527205,0.60073793,-0.7910921,0
3.8178186,1.1265953,-1.7883155,0.99002928,-0.13439213,0.042204857,0
-0.216676,-1.8946804,2.5645843,-0.11527205,-0.60073793,0.7910921,0
-0.91924596,2.1040473,-2.3649647,0.11527205,0.60073793,-0.7910921,0
2.8170948,-0.30193532,-0.82543945,-0.08096236,-0.78806949,-0.61023962,0
-0.98385835,1.8116143,-2.5926456,0.11527205,0.60073793,-0.7910921,0
-1.5405436,-1.9006945,1.9337802,-0.08096236,-0.78806949,-0.61023962,0
2.3117135,-1.589337,0.78887618,-0.08096236,-0.78806949,-0.61023962,0
0.6750505,1.5024215,-2.3031259,0.11527205,0.60073793,-0.7910921,0
-3.5635233,-0.73588908,1.9276416,-0.99002928,0.13439213,-0.042204857,0
1.8984935,-1.9373392,2.3988452,-0.11527205,-0.60073793,0.7910921,0
2.1273463,-0.4252502,0.9041574,0.08096236,0.78806949,0.61023962,0
2.5657804,-2.4974163,2.4824345,-0.11527205,-0.60073793,0.7910921,0
-3.4685688,0.21775436,0.27904201,-0.99002928,0.13439213,-0.042204857,0
3.3021884,-1.7251585,1.4721854,0.99002928,-0.13439213,0.042204857,0
-1.8640678,-0.023661017,0.92549539,0.08096236,0.78806949,0.61023962,0
3.765162,0.5384711,-2.049597,0.99002928,-0.13439213,0.042204857,0
-2.1403892,-1.4807183,1.1947095,-0.08096236,-0.78806949,-0.61023962,0
1.9230638,1.3685519,-2.5290828,0.11527205,0.60073793,-0.7910921,0
-3.051465,-1.8619468,1.7507133,-0.08096236,-0.78806949,-0.61023962,0
-3.6076701,-0.016435623,0.49665451,-0.99002928,0.13439213,-0.042204857,0
-0.45069361,-2.0394816,2.2524285,-0.11527205,-0.60073793,0.7910921,0
-1.7175728,2.1810505,-2.3501256,0.11527205,0.60073793,-0.7910921,0
1.5708406,-1.9993571,2.491807,-0.11527205,-0.60073793,0.7910921,0
-1.972918,2.318737,-1.963292,0.08096236,0.78806949,0.61023962,0
1.1446779,-2.1464717,2.3067079,-0.11527205,-0.60073793,0.7910921,0
3.7629786,1.2696745,-2.2910724,0.99002928,-0.13439213,0.042204857,0
0.86152887,-2.4429507,2.2281132,-0.11527205,-0.60073793,0.7910921,0
3.472225,-0.17732275,-1.2234786,-0.08096236,-0.78806949,-0.61023962,0
3.4329376,-0.35624698,0.86978292,0.08096236,0.78806949,0.61023962,0
-0.83274209,0.43870556,-1.4229354,-0.08096236,-0.78806949,-0.61023962,0
0.77678245,0.030442894,0.41906086,0.08096236,0.78806949,0.61023962,0
-3.3403158,0.57988441,0.17420864,-0.99002928,0.13439213,-0.042204857,0
-2.3301783,2.3584938,-2.3157215,0.11527205,0.60073793,-0.7910921,0
-0.48523831,0.40854025,0.35966358,0.08096236,0.78806949,0.61023962,0
-2.5706553,0.73042512,0.37561107,0.08096236,0.78806949,0.61023962,0
-1.2170396,-1.9028162,2.262259,-0.11527205,-0.60073793,0.7910921,0
2.5021703,1.3627893,-2.533309,0.11527205,0.60073793,-0.7910921,0
-1.4774108,-1.3682947,2.345263,-0.11527205,-0.60073793,0.7910921,0
0.86167026,1.879843,-2.3000674,0.11527205,0.60073793,-0.7910921,0
1.2776933,1.6023581,-1.4697417,0.08096236,0.78806949,0.61023962,0
1.9638271,-0.31865174,1.0898738,0.08096236,0.78806949,0.61023962,0
-0.22365153,1.1977717,-0.70018774,0.08096236,0.78806949,0.61023962,0
2.0458157,-0.77223337,-0.19231129,-0.08096236,-0.78806949,-0.61023962,0
-0.88695216,1.9332108,-2.2562432,0.11527205,0.60073793,-0.7910921,0
-3.4408145,1.4573119,-1.4723103,-0.99002928,0.13439213,-0.042204857,0
1.0276849,-1.9976318,2.2979445,-0.11527205,-0.60073793,0.7910921,0
-0.84481859,1.249754,-2.4656439,-0.08096236,-0.78806949,-0.61023962,0
-0.85254288,1.773309,-2.4986837,0.11527205,0.60073793,-0.7910921,0
3.7654936,0.68791354,-1.9189563,0.99002928,-0.13439213,0.042204857,0
3.0696869,-2.451586,2.1383479,0.99002928,-0.13439213,0.042204857,0
-2.6129344,1.7533946,-2.5948157,-0.08096236,-0.78806949,-0.61023962,0
-3.5431676,0.86646992,-0.72971749,-0.99002928,0.13439213,-0.042204857,0
0.97968078,-2.027107,2.1539588,-0.11527205,-0.60073793,0.7910921,0
0.13835692,-2.2007303,2.2241433,-0.11527205,-0.60073793,0.7910921,0
-0.46400762,-1.8662548,2.1334932,-0.11527205,-0.60073793,0.7910921,0
-2.5530624,1.9515755,-1.4449317,0.08096236,0.78806949,0.61023962,0
2.1193585,1.7299597,-2.2385242,0.11527205,0.60073793,-0.7910921,0
-0.80347514,-0.78165293,0.18989176,-0.08096236,-0.78806949,-0.61023962,0
-3.7093859,-0.18308192,0.65285659,-0.99002928,0.13439213,-0.042204857,0
-3.670716,-0.48904142,0.18505073,-0.99002928,0.13439213,-0.042204857,0
0.017717004,1.0566829,-0.22734115,0.08096236,0.78806949,0.61023962,0
-1.3967415,1.6829059,-2.680017,0.11527205,0.60073793,-0.7910921,0
2.4144492,-2.1053238,1.2572677,-0.08096236,-0.78806949,-0.61023962,0
-2.1279273,-1.9102157,2.2736249,-0.11527205,-0.60073793,0.7910921,0
-1.4932899,1.8956242,-2.761456,0.11527205,0.60073793,-0.7910921,0
-0.33328193,0.30056149,-1.307193,-0.08096236,-0.78806949,-0.61023962,0
3.5668962,-0.46286106,0.47488928,0.99002928,-0.13439213,0.042204857,0
0.92255867,0.73654032,-0.54076451,0.08096236,0.78806949,0.61023962,0
-1.8398173,0.65948164,-1.2902802,-0.08096236,-0.78806949,-0.61023962,0
3.5484307,-0.51503611,-0.27791929,0.99002928,-0.13439213,0.042204857,0
3.5272505,1.6459911,-1.4693327,0.08096236,0.78806949,0.61023962,0
-1.8123994,1.1765792,-2.101707,-0.08096236,-0.78806949,-0.61023962,0
1.6338887,1.7796566,-1.9729316,0.11527205,0.60073793,-0.7910921,0
2.6689081,-1.6261204,0.61939955,-0.08096236,-0.78806949,-0.61023962,0
3.1187801,-1.8113896,1.9280334,0.99002928,-0.13439213,0.042204857,0
-3.3337457,1.4077812,-1.3986158,-0.99002928,0.13439213,-0.042204857,0
-0.3922267,-1.3934236,2.5082736,-0.11527205,-0.60073793,0.7910921,0
3.2786427,-1.9249305,2.3683066,0.99002928,-0.13439213,0.042204857,0
3.4497099,-0.28835273,0.1751523,0.99002928,-0.13439213,0.042204857,0
-2.0200942,-1.4485297,2.4685423,-0.11527205,-0.60073793,0.7910921,0
-3.2295928,1.7526637,-1.8661412,-0.99002928,0.13439213,-0.042204857,0
0.15455109,0.8689853,-0.35759026,0.08096236,0.78806949,0.61023962,0
3.6282604,1.579448,-1.7031968,0.99002928,-0.13439213,0.042204857,0
0.29572678,1.141045,-2.5143321,-0.08096236,-0.78806949,-0.61023962,0
2.6920557,-2.2766409,2.2958419,-0.11527205,-0.60073793,0.7910921,0
2.4338627,-1.9091678,2.454,-0.11527205,-0.60073793,0.7910921,0
3.597142,0.62298155,-1.5573304,0.99002928,-0.13439213,0.042204857,0
-3.4370189,0.44414032,-0.078877449,-0.99002928,0.13439213,-0.042204857,0
0.54939508,-2.0650041,1.8204942,-0.08096236,-0.78806949,-0.61023962,0
-2.8277907,-1.3369374,2.3370697,-0.11527205,-0.60073793,0.7910921,0
2.4110909,2.1700087,-1.996254,0.11527205,0.60073793,-0.7910921,0
0.13403702,-1.8040625,2.2734301,-0.11527205,-0.60073793,0.7910921,0
-0.31445813,1.5386105,-2.5250123,0.11527205,0.60073793,-0.7910921,0
-1.9714632,0.90775812,-2.0422966,-0.08096236,-0.78806949,-0.61023962,0
-3.5217931,-0.033473223,-0.53237915,-0.99002928,0.13439213,-0.042204857,0
0.31846523,2.0940018,-1.9741997,0.11527205,0.60073793,-0.7910921,0
3.3824844,-0.89324194,1.2553904,0.99002928,-0.13439213,0.042204857,0
-2.2683964,-1.1290908,2.3885634,-0.11527205,-0.60073793,0.7910921,0
-0.8081615,0.72466886,0.023814738,0.08096236,0.78806949,0.61023962,0
2.3756547,-1.1523072,2.0435827,0.08096236,0.78806949,0.61023962,0
2.9286435,0.21224725,0.25919867,0.08096236,0.78806949,0.61023962,0
2.0597548,-2.1375377,2.5310078,-0.11527205,-0.60073793,0.7910921,0
2.6717172,-2.400907,2.3132951,-0.11527205,-0.60073793,0.7910921,0
-0.32538366,-1.9368033,2.5068831,-0.11527205,-0.60073793,0.7910921,0
2.3584857,2.1040065,-2.0174422,0.11527205,0.60073793,-0.7910921,0
1.0936693,-0.74237341,1.4389598,0.08096236,0.78806949,0.61023962,0
0.95722657,0.73257053,0.065739393,0.08096236,0.78806949,0.61023962,0
2.789824,0.32815111,-1.6790605,-0.08096236,-0.78806949,-0.61023962,0
-2.1665254,-1.0766549,2.4362087,-0.11527205,-0.60073793,0.7910921,0
-2.3889506,-0.032513268,-0.54473186,-0.08096236,-0.78806949,-0.61023962,0
-3.5880954,-1.4867905,2.2465422,-0.11527205,-0.60073793,0.7910921,0
-3.5819044,0.57944894,0.24533725,-0.99002928,0.13439213,-0.042204857,0
-0.47024846,2.2829506,-2.1113315,0.08096236,0.78806949,0.61023962,0
3.6880283,1.2146194,-1.3509195,0.99002928,-0.13439213,0.042204857,0
1.6060907,-1.9937954,2.5419593,-0.11527205,-0.60073793,0.7910921,0
3.1419134,-2.0052679,2.8459828,0.99002928,-0.13439213,0.042204857,0
-3.1337092,-0.014466554,-0.59041095,-0.08096236,-0.78806949,-0.61023962,0
3.6098688,1.1632223,-1.8291926,0.99002928,-0.13439213,0.042204857,0
-3.2527018,1.7796142,-1.4080042,-0.99002928,0.13439213,-0.042204857,0
0.81412148,-1.7347686,1.3920738,-0.08096236,-0.78806949,-0.61023962,0
0.48910999,-1.519104,2.5788102,-0.11527205,-0.60073793,0.7910921,0
1.6035911,-2.4431179,2.3195071,-0.11527205,-0.60073793,0.7910921,0
1.0461618,-1.6777824,1.3306935,-0.08096236,-0.78806949,-0.61023962,0
-3.6545191,-0.29547894,1.5965748,-0.99002928,0.13439213,-0.042204857,0
3.5169883,-0.47206038,0.55751753,0.99002928,-0.13439213,0.042204857,0
3.1492872,-1.3120155,0.36940384,0.99002928,-0.13439213,0.042204857,0
2.243109,-0.27230915,0.94337451,0.08096236,0.78806949,0.61023962,0
-1.559535,-1.8997114,2.3292947,-0.11527205,-0.60073793,0.7910921,0
-0.7824564,-1.8264894,2.4450727,-0.11527205,-0.60073793,0.7910921,0
3.795568,0.2518692,-0.97824192,0.99002928,-0.13439213,0.042204857,0
0.17080688,-1.5998299,2.4265339,-0.11527205,-0.60073793,0.7910921,0
-3.559685,-1.1550393,1.1363604,-0.08096236,-0.78806949,-0.61023962,0
-2.9963911,-1.7828932,2.1772344,-0.11527205,-0.60073793,0.7910921,0
3.6278307,0.074345797,0.26095057,0.99002928,-0.13439213,0.042204857,0
3.8419487,1.4496049,-2.1188736,0.11527205,0.60073793,-0.7910921,0
-3.4500906,0.8524906,-1.4445853,-0.08096236,-0.78806949,-0.61023962,0
3.2841411,-1.3598987,0.58885932,0.99002928,-0.13439213,0.042204857,0
3.8760409,1.2027569,-1.1851645,0.99002928,-0.13439213,0.042204857,0
-2.1602738,-1.6212592,2.3931074,-0.11527205,-0.60073793,0.7910921,0
3.1663091,-0.65305829,-0.68329453,-0.08096236,-0.78806949,-0.61023962,0
-0.6597383,0.09649086,-0.84000367,-0.08096236,-0.78806949,-0.61023962,0
-3.9424567,-1.2851936,2.1945422,-0.99002928,0.13439213,-0.042204857,0
-3.4504805,0.90875566,-0.42520618,-0.99002928,0.13439213,-0.042204857,0
2.1453829,-2.0427496,2.6011775,-0.11527205,-0.60073793,0.7910921,0
-3.3620758,0.61462265,-0.41398072,-0.99002928,0.13439213,-0.042204857,0
-2.3629067,2.6238761,-2.1502309,0.11527205,0.60073793,-0.7910921,0
0.241575,1.2388176,-0.6500684,0.08096236,0.78806949,0.61023962,0
-0.67682624,-1.723613,2.2994642,-0.11527205,-0.60073793,0.7910921,0
-3.1657045,0.82509017,0.42044377,0.08096236,0.78806949,0.61023962,0
3.6821146,0.69431096,-1.2165399,0.99002928,-0.13439213,0.042204857,0
0.9576261,1.7576802,-2.3667853,0.11527205,0.60073793,-0.7910921,0
3.7208977,1.7552345,-1.9115994,0.11527205,0.60073793,-0.7910921,0
2.7863045,0.95608217,-2.322638,-0.08096236,-0.78806949,-0.61023962,0
-3.0886028,1.9240582,-2.2911544,-0.99002928,0.13439213,-0.042204857,0
-3.610167,0.36832172,-0.40935755,-0.99002928,0.13439213,-0.042204857,0
3.4465556,-0.25256848,-0.3313458,0.99002928,-0.13439213,0.042204857,0
-3.6420658,-0.47335416,1.2130089,-0.99002928,0.13439213,-0.042204857,0
0.13787758,-1.69059,1.1627316,-0.08096236,-0.78806949,-0.61023962,0
-3.56304,-0.2337791,0.055823803,-0.99002928,0.13439213,-0.042204857,0
3.2429357,-0.97064483,-0.27723455,-0.08096236,-0.78806949,-0.61023962,0
0.41275144,1.5790243,-2.6314156,0.11527205,0.60073793,-0.7910921,0
-3.5522323,0.22426677,0.53016686,-0.99002928,0.13439213,-0.042204857,0
3.3936844,0.16762018,-0.45315504,0.99002928,-0.13439213,0.042204857,0
1.5083015,2.0888326,-2.237216,0.11527205,0.60073793,-0.7910921,0
1.126354,-2.4298673,2.0671494,-0.08096236,-0.78806949,-0.61023962,0
0.22933002,-0.30381769,-0.63521832,-0.08096236,-0.78806949,-0.61023962,0
3.4897308,-0.20684624,-0.29422283,0.99002928,-0.13439213,0.042204857,0
1.8196467,-1.7949988,2.6049409,-0.11527205,-0.60073793,0.7910921,0
3.269444,-0.53228056,-0.17870569,0.99002928,-0.13439213,0.042204857,0
3.840127,1.5228618,-1.6813912,0.08096236,0.78806949,0.61023962,0
-2.7983367,-1.0463489,2.4021244,-0.11527205,-0.60073793,0.7910921,0
-1.5291866,-1.2643116,1.074496,-0.08096236,-0.78806949,-0.61023962,0
3.487617,-0.16687626,0.29034066,0.99002928,-0.13439213,0.042204857,0
-3.2539315,1.5133424,-2.0926628,-0.99002928,0.13439213,-0.042204857,0
-0.19752413,0.64023584,0.051891491,0.08096236,0.78806949,0.61023962,0
-1.7991747,2.440968,-2.0034831,0.11527205,0.60073793,-0.7910921,0
-1.2316637,0.79601115,-1.8774827,-0.08096236,-0.78806949,-0.61023962,0
-3.4829922,-0.48471975,1.5736964,-0.99002928,0.13439213,-0.042204857,0
-3.0801983,-1.6361389,2.0536644,-0.11527205,-0.60073793,0.7910921,0
1.6282598,-1.7473474,2.6321707,-0.11527205,-0.60073793,0.7910921,0
-3.1925604,1.8762089,-2.012094,-0.99002928,0.13439213,-0.042204857,0
1.4550751,-0.87687826,1.5328777,0.08096236,0.78806949,0.61023962,0
-1.3202876,-1.1896493,0.73994529,-0.08096236,-0.78806949,-0.61023962,0
2.3759987,-1.8854076,2.6043911,-0.11527205,-0.60073793,0.7910921,0
-2.0969026,2.0926607,-2.5517976,0.11527205,0.60073793,-0.7910921,0
0.93981886,1.7599998,-2.0817444,0.11527205,0.60073793,-0.7910921,0
3.1448638,-1.3861974,1.8237734,0.99002928,-0.13439213,0.042204857,0
3.3653135,0.19782579,-1.5009422,-0.08096236,-0.78806949,-0.61023962,0
2.2787626,-1.4785278,0.49539268,-0.08096236,-0.78806949,-0.61023962,0
-3.4968817,-0.33598998,-0.054596186,-0.99002928,0.13439213,-0.042204857,0
3.1556118,1.1585975,-2.2142265,0.11527205,0.60073793,-0.7910921,0
0.47235394,1.8502172,-1.4932159,0.08096236,0.78806949,0.61023962,0
3.7661819,1.1641638,-2.4588976,0.99002928,-0.13439213,0.042204857,0
-2.9014077,1.6341444,-2.7682242,-0.08096236,-0.78806949,-0.61023962,0
0.90795135,1.5401077,-2.28494,0.11527205,0.60073793,-0.7910921,0
3.321698,-1.8196759,2.1532893,0.99002928,-0.13439213,0.042204857,0
-3.5714951,0.47754902,-0.66479897,-0.99002928,0.13439213,-0.042204857,0
-3.4576428,1.1316154,-0.46774912,-0.99002928,0.13439213,-0.042204857,0
-3.38766,1.7106785,-1.5672956,-0.99002928,0.13439213,-0.042204857,0
1.2472838,-1.5808299,0.94547367,-0.08096236,-0.78806949,-0.61023962,0
3.4599209,0.61975908,-0.8602376,0.99002928,-0.13439213,0.042204857,0
-0.74061966,-2.1833763,1.993118,-0.08096236,-0.78806949,-0.61023962,0
-3.0808337,2.4192741,-2.0824227,-0.99002928,0.13439213,-0.042204857,0
3.6709483,0.57430357,-1.3305032,0.99002928,-0.13439213,0.042204857,0
-1.1363498,1.7289927,-2.5546198,0.11527205,0.60073793,-0.7910921,0
-3.4812403,1.5479789,-1.0678077,-0.99002928,0.13439213,-0.042204857,0
3.4744763,-0.85709572,-0.066110134,0.99002928,-0.13439213,0.042204857,0
1.4812498,1.5879173,-2.4158041,0.11527205,0.60073793,-0.7910921,0
3.5252407,0.44346866,-0.42458606,0.99002928,-0.13439213,0.042204857,0
-2.0847628,2.3652592,-2.2858415,0.11527205,0.60073793,-0.7910921,0
1.2698889,-2.2948964,2.3239253,-0.11527205,-0.60073793,0.7910921,0
-3.8398111,-0.86229104,1.3046782,-0.99002928,0.13439213,-0.042204857,0
1.0273983,-0.82909864,0.44210237,-0.08096236,-0.78806949,-0.61023962,0
-2.9864695,1.9957414,-2.7711473,-0.99002928,0.13439213,-0.042204857,0
3.7513466,0.76723528,-2.342531,-0.08096236,-0.78806949,-0.61023962,0
-0.8332777,-1.5244445,2.745867,-0.11527205,-0.60073793,0.7910921,0
-3.4029934,1.3653103,-0.202209,-0.99002928,0.13439213,-0.042204857,0
-3.1922696,0.83756924,-1.2191544,-0.99002928,0.13439213,-0.042204857,0
-3.2772417,0.83012491,-1.4588441,-0.99002928,0.13439213,-0.042204857,0
1.7219239,1.1304061,-0.54914272,0.08096236,0.78806949,0.61023962,0
-1.0102135,0.97330344,-1.7329514,-0.08096236,-0.78806949,-0.61023962,0
3.5164969,0.11941314,-0.30893135,0.99002928,-0.13439213,0.042204857,0
-3.314189,0.28979081,-0.11164975,-0.99002928,0.13439213,-0.042204857,0
3.5856721,-0.62510633,0.66667843,0.99002928,-0.13439213,0.042204857,0
-2.457026,0.67397189,0.34682178,0.08096236,0.78806949,0.61023962,0
-0.34112239,2.2678633,-1.8243787,0.08096236,0.78806949,0.61023962,0
3.4956851,1.2787859,-2.1365705,0.11527205,0.60073793,-0.7910921,0
1.9075735,-2.259315,2.5587857,-0.11527205,-0.60073793,0.7910921,0
1.7863538,0.12550068,0.11512351,0.08096236,0.78806949,0.61023962,0
2.6476407,1.5910549,-1.2910807,0.08096236,0.78806949,0.61023962,0
-1.3503647,1.4131668,-0.97784382,0.08096236,0.78806949,0.61023962,0
2.6271448,1.2958589,-0.91487527,0.08096236,0.78806949,0.61023962,0
2.9070837,-1.9643629,2.6996953,-0.11527205,-0.60073793,0.7910921,0
-3.1699488,2.374274,-2.2481794,-0.99002928,0.13439213,-0.042204857,0
3.7392845,0.85537094,-1.4915009,0.99002928,-0.13439213,0.042204857,0
-3.554553,-0.15371144,0.25985003,-0.99002928,0.13439213,-0.042204857,0
1.7316992,-0.61190945,1.0839847,0.08096236,0.78806949,0.61023962,0
3.3738298,-0.27500331,0.89414072,0.99002928,-0.13439213,0.042204857,0
-1.5809834,-1.5115179,2.2538934,-0.11527205,-0.60073793,0.7910921,0
3.4605172,-1.3576471,1.2343292,0.99002928,-0.13439213,0.042204857,0
0.8611145,2.0693226,-2.1336832,0.11527205,0.60073793,-0.7910921,0
3.2545829,-1.6674187,1.7617646,0.99002928,-0.13439213,0.042204857,0
3.5884514,1.0602471,-1.5218554,0.99002928,-0.13439213,0.042204857,0
2.1623447,1.2686008,-2.659724,0.11527205,0.60073793,-0.7910921,0
0.73558307,1.7833424,-2.4505103,0.11527205,0.60073793,-0.7910921,0
-3.283814,1.8450953,-1.3146276,-0.99002928,0.13439213,-0.042204857,0
-3.518198,0.60563457,0.34710526,-0.99002928,0.13439213,-0.042204857,0
-0.44032001,-2.071105,2.3519611,-0.11527205,-0.60073793,0.7910921,0
3.5129895,0.5090335,-0.70108652,0.99002928,-0.13439213,0.042204857,0
1.6243052,1.6059667,-1.4139241,0.08096236,0.78806949,0.61023962,0
-0.49876711,-0.43581867,-0.051938474,-0.08096236,-0.78806949,-0.61023962,0
3.3380799,-2.0233073,2.158185,0.99002928,-0.13439213,0.042204857,0
0.86886895,-2.1949186,1.6904615,-0.08096236,-0.78806949,-0.61023962,0
-3.5301337,-0.54034358,1.355514,-0.99002928,0.13439213,-0.042204857,0
3.6106021,0.79659474,-2.1048818,-0.08096236,-0.78806949,-0.61023962,0
3.558938,1.4305654,-1.2480812,0.08096236,0.78806949,0.61023962,0
3.4466548,-0.044531047,0.40327215,0.99002928,-0.13439213,0.042204857,0
-2.1243105,-1.8048427,1.8463933,-0.08096236,-0.78806949,-0.61023962,0
3.2053993,1.5351157,-2.1221566,0.11527205,0.60073793,-0.7910921,0
-3.6228778,-0.97969449,1.3260589,-0.99002928,0.13439213,-0.042204857,0
3.800375,0.21493995,-1.0652297,0.99002928,-0.13439213,0.042204857,0
-0.49210358,-0.98013431,2.1936746,0.08096236,0.78806949,0.61023962,0
-0.11403227,-1.6955411,1.7052277,-0.08096236,-0.78806949,-0.61023962,0
-3.19031,1.4381323,-1.2271829,-0.99002928,0.13439213,-0.042204857,0
-3.2990782,1.2798134,-1.4391501,-0.99002928,0.13439213,-0.042204857,0
2.1999223,1.7023789,-2.1595037,0.11527205,0.60073793,-0.7910921,0
1.3811198,0.20574129,-1.2664183,-0.08096236,-0.78806949,-0.61023962,0
-3.9195035,-1.2370102,2.5284178,-0.11527205,-0.60073793,0.7910921,0
-3.8633528,-0.6199581,1.5712595,-0.99002928,0.13439213,-0.042204857,0
-1.0097759,2.1891265,-2.2808743,0.11527205,0.60073793,-0.7910921,0
-1.4507474,-0.78457695,0.57969701,-0.08096236,-0.78806949,-0.61023962,0
1.4069519,-2.2071867,2.1890337,-0.11527205,-0.60073793,0.7910921,0
-0.78860521,2.3545182,-2.1753182,0.11527205,0.60073793,-0.7910921,0
-2.1161342,1.5256988,-2.3319578,-0.08096236,-0.78806949,-0.61023962,0
-3.0696888,1.5327662,-2.3219392,-0.99002928,0.13439213,-0.042204857,0
0.40729871,-0.78291076,0.22731458,-0.08096236,-0.78806949,-0.61023962,0
-3.8589389,-0.81300581,1.8348515,-0.99002928,0.13439213,-0.042204857,0
-1.4690831,-1.6921419,2.0945821,-0.11527205,-0.60073793,0.7910921,0
0.92194486,1.7130923,-2.3491697,0.11527205,0.60073793,-0.7910921,0
3.3219388,1.2094069,-2.5028162,0.11527205,0.60073793,-0.7910921,0
-3.5360458,0.094694734,0.65640593,-0.99002928,0.13439213,-0.042204857,0
-0.79692769,-1.7840879,2.5592418,-0.11527205,-0.60073793,0.7910921,0
3.4418907,-1.530969,1.9107432,0.99002928,-0.13439213,0.042204857,0
3.5031695,0.20785826,-0.62972569,0.99002928,-0.13439213,0.042204857,0
3.7252176,0.22852814,-1.5994272,0.99002928,-0.13439213,0.042204857,0
-1.5039117,-1.8523644,2.4128683,-0.11527205,-0.60073793,0.7910921,0
1.8278322,-1.4586207,2.2339578,0.08096236,0.78806949,0.61023962,0
1.1287655,-1.5479412,2.6977973,0.08096236,0.78806949,0.61023962,0
3.5688879,-0.83421826,-0.47317052,0.99002928,-0.13439213,0.042204857,0
-3.0999486,1.6300615,-0.91358876,0.08096236,0.78806949,0.61023962,0
-2.227123,0.46995643,-1.0404505,-0.08096236,-0.78806949,-0.61023962,0
-3.8149512,-0.89056671,1.5550859,-0.99002928,0.13439213,-0.042204857,0
-3.2986574,0.91778374,-0.65307283,-0.99002928,0.13439213,-0.042204857,0
-2.6904161,0.55513024,0.48620677,0.08096236,0.78806949,0.61023962,0
-0.20494175,1.7309396,-2.6362894,0.11527205,0.60073793,-0.7910921,0
-1.2412963,-0.47799003,1.2934306,0.08096236,0.78806949,0.61023962,0
0.14216757,-1.9609711,2.5256667,-0.11527205,-0.60073793,0.7910921,0
-3.5618854,-0.69205022,0.8685267,-0.99002928,0.13439213,-0.042204857,0
-3.6591649,-1.0616732,2.21473,-0.99002928,0.13439213,-0.042204857,0
-0.34840178,1.6267803,-2.4760253,0.11527205,0.60073793,-0.7910921,0
-3.3968346,-0.22472639,-0.01675868,-0.99002928,0.13439213,-0.042204857,0
-1.5920193,-1.3305852,2.4570765,-0.11527205,-0.60073793,0.7910921,0
1.4469923,-1.7186162,2.7078953,-0.11527205,-0.60073793,0.7910921,0
-1.0152156,1.7234888,-2.5795965,0.11527205,0.60073793,-0.7910921,0
-1.299915,1.5114453,-0.65055907,0.08096236,0.78806949,0.61023962,0
2.1445417,1.1510161,-2.3603768,0.11527205,0.60073793,-0.7910921,0
-3.5728142,0.46649361,-0.076152325,-0.99002928,0.13439213,-0.042204857,0
-1.1442852,-0.29506385,-0.02436769,-0.08096236,-0.78806949,-0.61023962,0
-0.63519645,-1.8501205,2.3587189,-0.11527205,-0.60073793,0.7910921,0
1.3822861,1.8438394,-2.1309156,0.11527205,0.60073793,-0.7910921,0
-0.37140012,2.2136042,-2.1364503,0.11527205,0.60073793,-0.7910921,0
3.7728925,0.91729057,-1.9557528,0.99002928,-0.13439213,0.042204857,0
-2.1720135,1.9660807,-2.4787021,0.11527205,0.60073793,-0.7910921,0
3.211724,-2.0874355,2.0087724,0.99002928,-0.13439213,0.042204857,0
-3.8873951,-1.167634,1.2379985,-0.99002928,0.13439213,-0.042204857,0
-1.254441,-1.5260113,2.2744818,-0.11527205,-0.60073793,0.7910921,0
1.096307,-1.3621342,0.52154857,-0.08096236,-0.78806949,-0.61023962,0
0.65923417,0.86106652,-0.13968855,0.08096236,0.78806949,0.61023962,0
-3.5332072,-0.2488873,1.1731303,-0.99002928,0.13439213,-0.042204857,0
0.65563869,0.57559842,-1.5310485,-0.08096236,-0.78806949,-0.61023962,0
-0.70259249,1.336054,-2.2634349,-0.08096236,-0.78806949,-0.61023962,0
-3.389941,-0.043838799,-0.28854942,-0.99002928,0.13439213,-0.042204857,0
3.5746317,0.6062749,-0.51527023,0.99002928,-0.13439213,0.042204857,0
-2.6433151,0.97689235,-1.9643195,-0.08096236,-0.78806949,-0.61023962,0
-2.4559762,1.2557553,-2.0810368,-0.08096236,-0.78806949,-0.61023962,0
-0.23898697,-1.9037951,1.5512886,-0.08096236,-0.78806949,-0.61023962,0
-0.99936604,2.4027855,-1.9218068,0.11527205,0.60073793,-0.7910921,0
3.6933513,1.1833369,-1.6616027,0.99002928,-0.13439213,0.042204857,0
-0.20006546,-0.21545038,-0.46684405,-0.08096236,-0.78806949,-0.61023962,0
0.52925825,1.9216217,-1.6362387,0.08096236,0.78806949,0.61023962,0
-3.6191199,-0.48240644,0.59097004,-0.99002928,0.13439213,-0.042204857,0
0.48139125,0.048075736,-0.79772305,-0.08096236,-0.78806949,-0.61023962,0
0.72739983,-2.4499176,1.9687221,-0.08096236,-0.78806949,-0.61023962,0
-3.3696022,1.4006995,-1.8969278,-0.99002928,0.13439213,-0.042204857,0
-1.1955032,-0.14166188,1.4267539,0.08096236,0.78806949,0.61023962,0
-0.96917129,-1.9838624,2.3113008,-0.11527205,-0.60073793,0.7910921,0
-1.4561865,2.2654848,-2.0803349,0.11527205,0.60073793,-0.7910921,0
-3.5577197,0.047876537,0.068923473,-0.99002928,0.13439213,-0.042204857,0
3.1654906,-1.4337122,0.94247317,0.99002928,-0.13439213,0.042204857,0
3.0594456,1.3595091,-2.1104155,0.11527205,0.60073793,-0.7910921,0
2.4425344,-0.8183744,0.021280766,-0.08096236,-0.78806949,-0.61023962,0
-2.5538785,-1.5671484,2.0082755,-0.11527205,-0.60073793,0.7910921,0
-2.1044908,1.5533035,-2.400759,-0.08096236,-0.78806949,-0.61023962,0
3.3796091,-1.6690936,1.3077655,0.99002928,-0.13439213,0.042204857,0
-1.775547,-1.7367043,2.0811563,-0.11527205,-0.60073793,0.7910921,0
-3.1564548,1.9278898,-1.5198107,-0.99002928,0.13439213,-0.042204857,0
-1.4312334,-1.0724852,2.6827788,0.08096236,0.78806949,0.61023962,0
3.6715171,1.2705436,-2.4884341,0.11527205,0.60073793,-0.7910921,0
-2.7182133,2.5464389,-2.4176056,0.11527205,0.60073793,-0.7910921,0
2.6743016,-0.7773881,1.184091,0.08096236,0.78806949,0.61023962,0
1.6870164,0.6261965,-1.7373543,-0.08096236,-0.78806949,-0.61023962,0
3.0614998,1.3698627,-2.4106085,0.11527205,0.60073793,-0.7910921,0
0.094789267,-1.535969,0.88779742,-0.08096236,-0.78806949,-0.61023962,0
-0.072654963,-1.553164,2.6138971,-0.11527205,-0.60073793,0.7910921,0
-3.3725624,0.84023821,-0.87497663,-0.99002928,0.13439213,-0.042204857,0
0.93825579,-2.0547712,2.530957,-0.11527205,-0.60073793,0.7910921,0
-3.1725514,2.2292151,-2.4005475,-0.99002928,0.13439213,-0.042204857,0
-2.3672378,-0.024493046,-0.59330559,-0.08096236,-0.78806949,-0.61023962,0
-1.8293903,-1.444309,2.5991876,-0.11527205,-0.60073793,0.7910921,0
3.5804143,-0.24708879,-0.64971519,0.99002928,-0.13439213,0.042204857,0
-1.0946343,1.7541498,-1.5966251,0.08096236,0.78806949,0.61023962,0
3.4729853,-0.70493996,0.86886716,0.99002928,-0.13439213,0.042204857,0
-1.8029231,1.814532,-2.5606883,0.11527205,0.60073793,-0.7910921,0
3.8321712,1.4937134,-1.8758826,0.08096236,0.78806949,0.61023962,0
-3.7896225,-1.6391098,2.115113,-0.11527205,-0.60073793,0.7910921,0
-3.8063323,-0.36517644,1.5989022,-0.99002928,0.13439213,-0.042204857,0
2.3242152,1.2903142,-2.5320137,0.11527205,0.60073793,-0.7910921,0
1.3242073,1.620559,-2.5034235,0.11527205,0.60073793,-0.7910921,0
-0.33264899,0.81165856,-1.707078,-0.08096236,-0.78806949,-0.61023962,0
3.8729131,0.57593238,-2.2000921,0.99002928,-0.13439213,0.042204857,0
1.6011024,1.2155547,-1.1815253,0.08096236,0.78806949,0.61023962,0
-3.3838964,-1.6785059,2.207356,-0.11527205,-0.60073793,0.7910921,0
3.4965513,-0.048518181,-1.0735164,0.99002928,-0.13439213,0.042204857,0
0.72358704,1.6399676,-2.5482264,0.11527205,0.60073793,-0.7910921,0
-3.3681188,0.41174543,-0.58065534,-0.99002928,0.13439213,-0.042204857,0
2.3958759,-1.560849,2.806644,-0.11527205,-0.60073793,0.7910921,0
0.85327315,1.6403964,-1.7154163,0.08096236,0.78806949,0.61023962,0
-2.9610147,-0.97906256,0.99648452,-0.08096236,-0.78806949,-0.61023962,0
-1.2173096,2.0781634,-1.6365868,0.08096236,0.78806949,0.61023962,0
-3.0643315,2.344564,-2.5172527,-0.99002928,0.13439213,-0.042204857,0
0.67516375,-1.5853989,2.7906017,-0.11527205,-0.60073793,0.7910921,0
1.3348038,-2.3648543,2.4309158,-0.11527205,-0.60073793,0.7910921,0
-3.4202442,0.25483179,0.42790842,-0.99002928,0.13439213,-0.042204857,0
2.0511613,-2.055814,1.7455608,-0.08096236,-0.78806949,-0.61023962,0
3.6980674,0.051314831,-0.2073791,0.99002928,-0.13439213,0.042204857,0
3.1070256,0.62282461,-0.11992097,0.08096236,0.78806949,0.61023962,0
2.2969799,0.078369774,0.43654847,0.08096236,0.78806949,0.61023962,0
-0.85110182,1.4969136,-0.74767184,0.08096236,0.78806949,0.61023962,0
3.4126713,-0.70439279,0.86379743,0.99002928,-0.13439213,0.042204857,0
3.7403209,0.87282205,-2.1583166,0.99002928,-0.13439213,0.042204857,0
2.2645969,-2.5121341,2.3906157,-0.11527205,-0.60073793,0.7910921,0
3.7757165,0.42171785,-0.60400081,0.99002928,-0.13439213,0.042204857,0
-3.473526,1.1249038,-0.2978158,-0.99002928,0.13439213,-0.042204857,0
3.6425862,0.87736297,-2.2400939,0.99002928,-0.13439213,0.042204857,0
-0.85245156,2.2241735,-2.3741541,0.11527205,0.60073793,-0.7910921,0
-0.082942247,1.3785485,-0.69826657,0.08096236,0.78806949,0.61023962,0
-3.9227283,-1.0347453,2.6445396,-0.11527205,-0.60073793,0.7910921,0
-0.23092222,-0.63056707,1.5003613,0.08096236,0.78806949,0.61023962,0
-3.3037217,1.2921312,-2.1108158,-0.99002928,0.13439213,-0.042204857,0
1.8491471,1.8563539,-2.0654283,0.11527205,0.60073793,-0.7910921,0
-0.62002492,1.9201111,-1.6758754,0.08096236,0.78806949,0.61023962,0
0.99828315,-1.5030737,2.6931329,-0.11527205,-0.60073793,0.7910921,0
-3.83989,-0.95241368,1.5770652,-0.99002928,0.13439213,-0.042204857,0
-3.8285589,-0.99220383,2.2446163,-0.99002928,0.13439213,-0.042204857,0
0.050267935,-1.836324,2.4775488,-0.11527205,-0.60073793,0.7910921,0
-3.679951,-0.85344756,2.3351238,-0.99002928,0.13439213,-0.042204857,0
2.6616974,1.3941505,-2.4656377,0.11527205,0.60073793,-0.7910921,0
3.4963534,-0.38815784,-0.16026688,0.99002928,-0.13439213,0.042204857,0
-0.28293812,-0.76556027,1.9420776,0.08096236,0.78806949,0.61023962,0
2.3450818,1.712642,-2.3931198,0.11527205,0.60073793,-0.7910921,0
0.68556899,-1.2260251,0.50724441,-0.08096236,-0.78806949,-0.61023962,0
-3.0491118,2.362946,-2.4600284,0.11527205,0.60073793,-0.7910921,0
0.91110289,0.08638531,0.84536213,0.08096236,0.78806949,0.61023962,0
-3.8769805,-0.90277517,1.0227997,-0.99002928,0.13439213,-0.042204857,0
3.4093652,-0.1174975,0.0012640953,0.99002928,-0.13439213,0.042204857,0
2.9823337,1.5032809,-2.1534798,0.11527205,0.60073793,-0.7910921,0
3.7493348,0.67709863,-2.1524208,0.99002928,-0.13439213,0.042204857,0
-1.9296092,1.6725128,-2.7447348,0.11527205,0.60073793,-0.7910921,0
-3.5687511,0.91679263,-0.1237936,-0.99002928,0.13439213,-0.042204857,0
0.56324959,2.0983343,-2.0814371,0.11527205,0.60073793,-0.7910921,0
-0.12614703,0.045378536,-0.5576269,-0.08096236,-0.78806949,-0.61023962,0
3.1614156,1.1350458,-2.5883124,0.11527205,0.60073793,-0.7910921,0
-1.9680817,-1.5645564,2.0800595,-0.11527205,-0.60073793,0.7910921,0
0.90734273,-0.89417034,1.5526214,0.08096236,0.78806949,0.61023962,0
-1.5121899,-1.3965443,2.3095989,-0.11527205,-0.60073793,0.7910921,0
-2.5892334,-0.25263873,0.01936245,-0.08096236,-0.78806949,-0.61023962,0
-2.7223911,2.1247344,-2.64499,0.11527205,0.60073793,-0.7910921,0
0.0044682026,1.7816868,-2.6528709,0.11527205,0.60073793,-0.7910921,0
-0.12264872,-1.5268452,2.8357553,-0.11527205,-0.60073793,0.7910921,0
-3.1335108,2.2561975,-2.5528555,-0.99002928,0.13439213,-0.042204857,0
3.5966334,0.80096328,-0.96599746,0.99002928,-0.13439213,0.042204857,0
2.3720541,0.061833024,-1.3007162,-0.08096236,-0.78806949,-0.61023962,0
-1.3566096,0.78583717,-0.017416358,0.08096236,0.78806949,0.61023962,0
2.8258741,-1.7321761,0.90810764,-0.08096236,-0.78806949,-0.61023962,0
3.2442827,-1.553599,1.8621745,0.99002928,-0.13439213,0.042204857,0
1.6172913,-0.10613097,0.48560762,0.08096236,0.78806949,0.61023962,0
-3.4742062,0.46785212,-0.37501907,-0.99002928,0.13439213,-0.042204857,0
2.6311562,-0.29547369,-0.5670433,-0.08096236,-0.78806949,-0.61023962,0
-2.6416268,-1.7509948,2.1389165,-0.11527205,-0.60073793,0.7910921,0
1.4874288,0.98646754,-0.66988885,0.08096236,0.78806949,0.61023962,0
3.604753,0.26602066,-1.2338729,0.99002928,-0.13439213,0.042204857,0
3.2666025,1.0167017,-2.7876992,0.11527205,0.60073793,-0.7910921,0
-3.2970974,1.4677997,-0.89207673,-0.99002928,0.13439213,-0.042204857,0
-2.0821333,-0.17526698,1.4263024,0.08096236,0.78806949,0.61023962,0
-1.7338859,0.27861181,-1.1291251,-0.08096236,-0.78806949,-0.61023962,0
3.9158041,1.3294336,-2.4357791,0.11527205,0.60073793,-0.7910921,0
-3.400389,-0.0089235902,-0.32365084,-0.99002928,0.13439213,-0.042204857,0
-2.4648252,2.4985938,-1.9980071,0.08096236,0.78806949,0.61023962,0
2.8048439,1.6394198,-1.343646,0.08096236,0.78806949,0.61023962,0
-3.697547,-0.40367186,1.0805075,-0.99002928,0.13439213,-0.042204857,0
-3.622565,0.057011843,0.99250364,-0.99002928,0.13439213,-0.042204857,0
3.1148641,1.6144588,-2.2526877,0.11527205,0.60073793,-0.7910921,0
-3.0033402,2.1291928,-2.4563067,-0.99002928,0.13439213,-0.042204857,0
2.9668655,-2.4666162,2.1813419,-0.11527205,-0.60073793,0.7910921,0
-3.4386687,-0.31198984,0.70612693,-0.99002928,0.13439213,-0.042204857,0
3.3882375,-0.73729336,0.079100609,0.99002928,-0.13439213,0.042204857,0
1.4865882,2.0073066,-1.9987608,0.11527205,0.60073793,-0.7910921,0
-0.77293801,0.30263174,-1.0916755,-0.08096236,-0.78806949,-0.61023962,0
-3.3163886,-1.7028687,1.9220567,-0.11527205,-0.60073793,0.7910921,0
-2.8914099,1.464628,-0.53006673,0.08096236,0.78806949,0.61023962,0
1.9086066,-2.2850881,2.3461759,-0.11527205,-0.60073793,0.7910921,0
-3.7224662,0.026008964,0.2606461,-0.99002928,0.13439213,-0.042204857,0
-0.37210381,1.3191322,-1.0124733,0.08096236,0.78806949,0.61023962,0
1.2648222,1.5944872,-1.3721378,0.08096236,0.78806949,0.61023962,0
2.781215,1.3503375,-2.5948021,0.11527205,0.60073793,-0.7910921,0
1.7067575,1.7574507,-2.387239,0.11527205,0.60073793,-0.7910921,0
