-1.7932634,-2.2960987,-0.80725002,-0.65667474,-0.75007206,0.078547955,0
-2.6900349,-0.6030829,2.8215475,-0.27128196,0.33210588,0.90338886,0
1.1834502,3.1961122,2.2599621,0.65667474,0.75007206,-0.078547955,0
-2.2493622,-1.6796674,2.0514348,-0.65667474,-0.75007206,0.078547955,0
2.5125809,1.7744858,-1.4282453,0.65667474,0.75007206,-0.078547955,0
0.31191349,-1.2705116,-1.1963733,0.70369303,-0.57192433,0.42156678,0
0.58967566,-0.78769714,-2.7003477,0.27128196,-0.33210588,-0.90338886,0
-2.2198651,-0.89196253,1.6682804,-0.70369303,0.57192433,-0.42156678,0
-1.5336299,-0.21830976,2.7484419,-0.27128196,0.33210588,0.90338886,0
2.7124343,0.58303404,-2.7226274,0.27128196,-0.33210588,-0.90338886,0
0.65069497,1.7769505,0.17844832,-0.70369303,0.57192433,-0.42156678,0
0.61971378,-1.5121841,-2.6163702,0.27128196,-0.33210588,-0.90338886,0
-2.167237,-1.1462526,0.61369705,-0.70369303,0.57192433,-0.42156678,0
1.7098756,-0.045788288,-2.6817775,0.27128196,-0.33210588,-0.90338886,0
-2.0870917,-1.9307977,2.0329955,-0.65667474,-0.75007206,0.078547955,0
1.2707305,2.7681556,2.7932889,-0.27128196,0.33210588,0.90338886,0
-0.65613556,-2.8064961,-2.6226833,0.27128196,-0.33210588,-0.90338886,0
-0.76455545,-2.1343873,-2.5162156,-0.70369303,0.57192433,-0.42156678,0
-1.2983453,-2.9591002,-1.1105535,0.70369303,-0.57192433,0.42156678,0
1.8497713,-0.040558696,-2.7271934,0.27128196,-0.33210588,-0.90338886,0
-2.0442078,-1.8658869,0.77236867,-0.65667474,-0.75007206,0.078547955,0
-0.35019922,1.8510914,2.2423334,-0.70369303,0.57192433,-0.42156678,0
0.46168709,2.4210885,2.5435016,-0.27128196,0.33210588,0.90338886,0
1.3380718,2.9535449,1.6280277,0.65667474,0.75007206,-0.078547955,0
1.8156438,2.7883549,1.8593773,0.65667474,0.75007206,-0.078547955,0
-0.54902786,-1.6867094,-0.12411785,0.70369303,-0.57192433,0.42156678,0
1.1006756,2.391561,2.6288545,0.70369303,-0.57192433,0.42156678,0
-1.34396,-0.1269291,3.0061131,-0.27128196,0.33210588,0.90338886,0
1.778147,0.26716304,-2.8455086,0.27128196,-0.33210588,-0.90338886,0
1.1800106,-0.99298942,-2.71105,0.27128196,-0.33210588,-0.90338886,0
2.2886217,-0.050086379,-2.748265,0.27128196,-0.33210588,-0.90338886,0
-1.1015577,-3.0805473,-2.4648943,-0.65667474,-0.75007206,0.078547955,0
0.54418194,1.9319847,0.7280094,-0.70369303,0.57192433,-0.42156678,0
0.020107031,1.7120073,2.5065036,-0.27128196,0.33210588,0.90338886,0
-0.74198103,-3.6409607,-2.3777938,0.27128196,-0.33210588,-0.90338886,0
0.92728806,3.3695984,2.2032952,-0.27128196,0.33210588,0.90338886,0
2.1499109,0.97080088,-1.3335516,0.70369303,-0.57192433,0.42156678,0
1.2558534,2.0823622,-0.01500082,-0.70369303,0.57192433,-0.42156678,0
-1.8747559,0.60573983,2.6417797,-0.27128196,0.33210588,0.90338886,0
-0.889714,0.2682302,0.4489159,-0.70369303,0.57192433,-0.42156678,0
-2.3053858,-1.8241575,1.0373051,-0.65667474,-0.75007206,0.078547955,0
-1.422832,0.23147595,2.9153795,-0.27128196,0.33210588,0.90338886,0
-1.3768556,-2.239924,0.65841365,0.70369303,-0.57192433,0.42156678,0
-2.529552,-0.71647334,2.7477341,-0.27128196,0.33210588,0.90338886,0
2.7220685,1.5321839,-2.5096927,0.65667474,0.75007206,-0.078547955,0
-0.46671343,-2.4172382,-1.4471014,0.70369303,-0.57192433,0.42156678,0
1.9622209,0.32416058,-2.7089376,0.27128196,-0.33210588,-0.90338886,0
-1.4478207,-2.7051387,-1.8912691,-0.65667474,-0.75007206,0.078547955,0
2.5695195,1.5824175,-2.7733223,0.65667474,0.75007206,-0.078547955,0
2.5627205,1.8226988,-1.6107213,0.65667474,0.75007206,-0.078547955,0
0.7841754,1.6394887,1.9997231,0.70369303,-0.57192433,0.42156678,0
1.9455519,2.6391301,1.2030027,0.65667474,0.75007206,-0.078547955,0
0.076493979,2.1619735,2.4487987,-0.27128196,0.33210588,0.90338886,0
-1.6227617,-2.5114641,-1.1631674,-0.65667474,-0.75007206,0.078547955,0
1.3787963,-0.40509546,-2.6313086,0.27128196,-0.33210588,-0.90338886,0
-1.8167729,-2.5745347,-1.5200936,-0.65667474,-0.75007206,0.078547955,0
0.2625832,1.4286082,0.0076091886,-0.70369303,0.57192433,-0.42156678,0
-0.77611959,-0.99485725,-1.3043139,-0.70369303,0.57192433,-0.42156678,0
1.7493339,2.7704692,2.400167,0.65667474,0.75007206,-0.078547955,0
-1.6233971,-0.10188127,2.7758265,-0.27128196,0.33210588,0.90338886,0
2.6268353,1.5705519,-2.3659372,0.65667474,0.75007206,-0.078547955,0
-1.4655249,-3.0570638,-2.2249694,-0.65667474,-0.75007206,0.078547955,0
-2.5966833,-1.4016918,3.0721092,-0.27128196,0.33210588,0.90338886,0
-1.9919142,-2.2311363,0.52506375,-0.65667474,-0.75007206,0.078547955,0
1.9487032,1.7033429,-2.1090426,-0.70369303,0.57192433,-0.42156678,0
-0.65093672,0.86693454,1.5183731,-0.70369303,0.57192433,-0.42156678,0
-2.1991472,-0.0039362907,2.7390437,-0.27128196,0.33210588,0.90338886,0
-1.8300141,-2.3347332,1.2180176,-0.65667474,-0.75007206,0.078547955,0
-1.7091618,-2.495244,0.0102036,-0.65667474,-0.75007206,0.078547955,0
-1.8917496,-2.2248225,-0.59182453,-0.65667474,-0.75007206,0.078547955,0
-1.5650508,-1.9391152,1.4718276,0.70369303,-0.57192433,0.42156678,0
0.97019339,3.3374543,2.1107318,0.65667474,0.75007206,-0.078547955,0
2.3647356,0.044588327,-2.6023259,0.70369303,-0.57192433,0.42156678,0
-0.83477473,-2.0336785,-0.41402984,0.70369303,-0.57192433,0.42156678,0
-2.7627544,-1.6180158,1.0775769,-0.65667474,-0.75007206,0.078547955,0
2.4824352,1.5087426,-2.4066982,0.65667474,0.75007206,-0.078547955,0
-1.9419427,-2.1819744,-0.16666746,-0.65667474,-0.75007206,0.078547955,0
1.5258696,0.11011684,-2.7569301,0.27128196,-0.33210588,-0.90338886,0
-2.2471087,-1.9431666,2.0063753,0.70369303,-0.57192433,0.42156678,0
0.21878076,0.081770048,-1.3783438,-0.70369303,0.57192433,-0.42156678,0
-0.21383953,1.8434691,2.7136905,-0.27128196,0.33210588,0.90338886,0
-0.073147774,-2.463999,-2.6472912,0.27128196,-0.33210588,-0.90338886,0
-0.63233185,2.0649314,2.3912487,-0.27128196,0.33210588,0.90338886,0
1.8538065,0.73738807,-2.8971107,-0.70369303,0.57192433,-0.42156678,0
-2.1613152,-2.0723743,1.4876804,-0.65667474,-0.75007206,0.078547955,0
-0.86623597,1.2473594,2.8156073,-0.27128196,0.33210588,0.90338886,0
-1.504303,-0.80886638,2.2110224,0.70369303,-0.57192433,0.42156678,0
0.45348978,2.2407749,2.8243752,-0.27128196,0.33210588,0.90338886,0
1.669847,2.7125297,2.4123869,0.70369303,-0.57192433,0.42156678,0
-1.5135813,-2.6845078,-1.9554588,-0.65667474,-0.75007206,0.078547955,0
0.13112259,-2.5493543,-2.5617592,0.27128196,-0.33210588,-0.90338886,0
2.0385869,1.3845942,-0.35266542,0.70369303,-0.57192433,0.42156678,0
0.56453943,1.8031865,2.9107521,-0.27128196,0.33210588,0.90338886,0
-2.2057476,-0.58114839,2.9680557,-0.27128196,0.33210588,0.90338886,0
2.3770738,0.45005786,-2.6882215,0.27128196,-0.33210588,-0.90338886,0
-2.1834006,-0.91830176,1.0203362,-0.70369303,0.57192433,-0.42156678,0
-1.6407819,-2.9137793,-1.0886211,-0.65667474,-0.75007206,0.078547955,0
2.9533787,1.0616648,-2.5386844,0.70369303,-0.57192433,0.42156678,0
1.468946,-0.64634621,-2.8284035,0.27128196,-0.33210588,-0.90338886,0
-2.9310668,-1.2792552,2.7623992,-0.65667474,-0.75007206,0.078547955,0
0.71544695,0.02274242,0.38088429,0.70369303,-0.57192433,0.42156678,0
-2.8617988,-1.4303689,2.7089272,-0.65667474,-0.75007206,0.078547955,0
0.8831687,3.3369484,2.1755686,0.65667474,0.75007206,-0.078547955,0
2.2701936,0.62390792,-2.8175495,0.27128196,-0.33210588,-0.90338886,0
-0.31018424,1.9460868,2.4885302,-0.27128196,0.33210588,0.90338886,0
-1.021131,1.2254474,2.6286745,-0.27128196,0.33210588,0.90338886,0
0.65795088,-1.5973123,-2.6852014,0.27128196,-0.33210588,-0.90338886,0
-0.022996986,-0.52859986,0.31994319,0.70369303,-0.57192433,0.42156678,0
-2.5757158,-1.5946677,2.7343726,-0.65667474,-0.75007206,0.078547955,0
0.96282828,0.13491154,-0.54867589,0.70369303,-0.57192433,0.42156678,0
-1.0167685,-3.3737125,-1.9998564,-0.65667474,-0.75007206,0.078547955,0
-2.2503381,-0.6977185,2.7532835,-0.27128196,0.33210588,0.90338886,0
-2.5004587,-0.55924094,2.6760058,-0.27128196,0.33210588,0.90338886,0
-0.5995326,1.1931617,2.6178191,-0.27128196,0.33210588,0.90338886,0
1.9658701,2.500725,0.68892241,0.65667474,0.75007206,-0.078547955,0
-2.1993999,-2.1694577,1.2240891,-0.65667474,-0.75007206,0.078547955,0
0.77996182,0.24268892,-2.02109,-0.70369303,0.57192433,-0.42156678,0
0.174505,-2.2091753,-1.9622495,0.70369303,-0.57192433,0.42156678,0
2.7312586,1.2228917,-2.9444139,0.27128196,-0.33210588,-0.90338886,0
1.8404529,2.6909976,1.7377274,0.65667474,0.75007206,-0.078547955,0
-1.230494,-2.5834556,-2.7941885,0.27128196,-0.33210588,-0.90338886,0
-1.3017378,-0.092460334,3.0470812,-0.27128196,0.33210588,0.90338886,0
1.8703452,0.80271661,-3.0794535,0.27128196,-0.33210588,-0.90338886,0
-1.081003,-2.8451324,-2.4027007,0.27128196,-0.33210588,-0.90338886,0
1.9705575,2.1352246,-0.22502995,0.65667474,0.75007206,-0.078547955,0
-1.2732767,-0.31760412,0.10826397,-0.70369303,0.57192433,-0.42156678,0
-1.1117816,0.6124813,2.9640522,-0.27128196,0.33210588,0.90338886,0
-1.9598069,-1.4143051,0.58225465,-0.70369303,0.57192433,-0.42156678,0
0.75099707,3.4401586,2.2957618,0.65667474,0.75007206,-0.078547955,0
0.069797516,2.0385404,2.7064261,-0.27128196,0.33210588,0.90338886,0
0.40220523,2.3850675,2.4140632,-0.27128196,0.33210588,0.90338886,0
0.90574217,0.52784371,0.36742276,0.70369303,-0.57192433,0.42156678,0
1.3675162,2.5727217,0.067978144,0.65667474,0.75007206,-0.078547955,0
-2.4328933,-1.2690647,2.8919654,-0.27128196,0.33210588,0.90338886,0
0.67747188,2.2054262,2.5613301,-0.27128196,0.33210588,0.90338886,0
-0.43987799,-0.82227087,0.56756449,0.70369303,-0.57192433,0.42156678,0
0.67396808,-1.3773208,-2.5979664,0.27128196,-0.33210588,-0.90338886,0
-1.5548756,0.32312167,2.8136215,-0.27128196,0.33210588,0.90338886,0
-1.6846189,-1.3435495,2.6293314,0.70369303,-0.57192433,0.42156678,0
1.5755923,2.9078794,2.2344575,0.65667474,0.75007206,-0.078547955,0
-1.5732789,-2.956522,-2.75155,0.27128196,-0.33210588,-0.90338886,0
1.1069727,2.620311,2.4734251,-0.27128196,0.33210588,0.90338886,0
0.700984,2.518275,2.7371681,-0.27128196,0.33210588,0.90338886,0
-1.2544727,0.6088478,2.531513,-0.27128196,0.33210588,0.90338886,0
-0.10136807,-0.010434784,1.4503435,0.70369303,-0.57192433,0.42156678,0
2.6351731,1.4762429,-2.3807993,0.65667474,0.75007206,-0.078547955,0
-2.7191319,-1.2144924,2.3589308,-0.65667474,-0.75007206,0.078547955,0
-1.4726079,-3.1104977,-2.442452,-0.65667474,-0.75007206,0.078547955,0
-1.2397485,-3.3019772,-2.0951796,-0.65667474,-0.75007206,0.078547955,0
2.4299726,1.4099467,-2.1866961,0.65667474,0.75007206,-0.078547955,0
2.8482616,0.96737373,-2.7353649,0.27128196,-0.33210588,-0.90338886,0
-1.4266095,-2.8250999,-1.4499763,-0.65667474,-0.75007206,0.078547955,0
-2.3138599,-1.6911416,1.4138277,-0.65667474,-0.75007206,0.078547955,0
-0.0063295364,1.7223405,1.3984411,-0.70369303,0.57192433,-0.42156678,0
-1.1943154,0.47346985,2.6523628,-0.27128196,0.33210588,0.90338886,0
0.95210338,2.5747736,2.510076,-0.27128196,0.33210588,0.90338886,0
0.74008632,3.2201433,1.8219223,-0.70369303,0.57192433,-0.42156678,0
2.1191416,2.2529085,0.13129878,0.65667474,0.75007206,-0.078547955,0
-1.3620554,-2.7569067,-0.25029445,-0.65667474,-0.75007206,0.078547955,0
1.3959134,2.8902903,1.6034389,0.65667474,0.75007206,-0.078547955,0
0.2092433,-2.2374954,-2.4296002,0.27128196,-0.33210588,-0.90338886,0
-0.93758297,-3.2239561,-2.4049158,-0.65667474,-0.75007206,0.078547955,0
0.16876626,-1.6254278,-2.6719942,0.27128196,-0.33210588,-0.90338886,0
0.94283485,2.9580126,2.7070448,-0.27128196,0.33210588,0.90338886,0
1.7120776,2.9103312,2.1611927,0.65667474,0.75007206,-0.078547955,0
-0.0093952417,1.4542803,1.0278252,-0.70369303,0.57192433,-0.42156678,0
-1.1011109,-0.40045694,0.56767082,-0.70369303,0.57192433,-0.42156678,0
2.6364172,1.2479869,-2.5087302,0.65667474,0.75007206,-0.078547955,0
-1.774057,-2.4087222,0.014010429,-0.65667474,-0.75007206,0.078547955,0
-0.20270085,1.8855131,2.4498549,-0.27128196,0.33210588,0.90338886,0
-1.4210505,-2.9724884,-1.3504893,-0.65667474,-0.75007206,0.078547955,0
0.95866716,0.97090954,-1.5773737,-0.70369303,0.57192433,-0.42156678,0
2.8263273,0.97858417,-2.7332866,0.65667474,0.75007206,-0.078547955,0
-0.0071065426,0.75643122,2.0436003,0.70369303,-0.57192433,0.42156678,0
-2.1199484,-1.6948435,1.8751662,-0.65667474,-0.75007206,0.078547955,0
0.46452618,2.0926645,2.5551553,-0.27128196,0.33210588,0.90338886,0
-2.743793,-1.2715744,2.78826,-0.27128196,0.33210588,0.90338886,0
2.028466,1.9903514,-1.0396938,0.65667474,0.75007206,-0.078547955,0
-0.10985754,-0.45172012,0.29315782,0.70369303,-0.57192433,0.42156678,0
2.4430809,1.0795827,-3.0453136,0.27128196,-0.33210588,-0.90338886,0
-2.5385771,-1.6473056,2.2883933,-0.65667474,-0.75007206,0.078547955,0
-0.16229987,2.4883866,2.2555542,-0.27128196,0.33210588,0.90338886,0
2.5141959,1.6623778,-0.660496,0.65667474,0.75007206,-0.078547955,0
0.44772673,2.6314301,2.0316265,-0.70369303,0.57192433,-0.42156678,0
3.2016258,0.94580221,-2.8429368,0.27128196,-0.33210588,-0.90338886,0
-2.8634522,-1.5699413,1.7419004,-0.65667474,-0.75007206,0.078547955,0
1.1975815,2.8080788,0.5108155,0.65667474,0.75007206,-0.078547955,0
-2.2200084,-1.7847042,2.0619619,-0.65667474,-0.75007206,0.078547955,0
0.38297683,1.2840686,0.018625796,-0.70369303,0.57192433,-0.42156678,0
-0.64700365,1.333825,2.6963725,-0.27128196,0.33210588,0.90338886,0
2.4515023,1.2994841,-2.9113474,0.65667474,0.75007206,-0.078547955,0
-1.9574304,-2.308414,0.057763338,-0.65667474,-0.75007206,0.078547955,0
-2.450211,-1.7234397,2.112376,-0.65667474,-0.75007206,0.078547955,0
1.0579021,1.3363574,1.5010669,0.70369303,-0.57192433,0.42156678,0
2.0272222,0.73026913,-3.1461935,0.27128196,-0.33210588,-0.90338886,0
-0.420784,-2.6785154,-2.4509482,0.27128196,-0.33210588,-0.90338886,0
0.37378383,2.4083643,2.3786335,-0.27128196,0.33210588,0.90338886,0
1.6501188,-0.19203568,-2.9642243,0.27128196,-0.33210588,-0.90338886,0
-0.53598738,0.36436969,2.8057592,0.70369303,-0.57192433,0.42156678,0
-2.5670698,-1.2145984,2.8329532,-0.65667474,-0.75007206,0.078547955,0
0.74556398,2.1089597,2.6917689,-0.27128196,0.33210588,0.90338886,0
1.4046223,-1.1997473,-2.5736136,0.27128196,-0.33210588,-0.90338886,0
-2.0894506,0.32401967,2.789695,-0.27128196,0.33210588,0.90338886,0
-2.1799176,-2.2231152,0.45158052,-0.65667474,-0.75007206,0.078547955,0
-0.93791127,-2.0610182,-2.604707,-0.70369303,0.57192433,-0.42156678,0
-0.64419818,-2.9819868,-2.2452426,0.27128196,-0.33210588,-0.90338886,0
0.60057092,-1.0195699,-2.8137493,0.27128196,-0.33210588,-0.90338886,0
0.3443135,-0.30130196,0.21591727,0.70369303,-0.57192433,0.42156678,0
-0.93457627,-2.6752882,-0.91172802,0.70369303,-0.57192433,0.42156678,0
-1.8448862,-2.1261067,0.62947488,-0.65667474,-0.75007206,0.078547955,0
0.31983232,1.114664,1.9278246,0.70369303,-0.57192433,0.42156678,0
-1.9427896,-2.0193655,1.1493361,-0.65667474,-0.75007206,0.078547955,0
-0.099165916,-1.6501541,-2.8126297,0.27128196,-0.33210588,-0.90338886,0
1.0052385,-0.82918912,-2.6483555,0.27128196,-0.33210588,-0.90338886,0
-2.5051241,-1.7038794,2.086726,-0.65667474,-0.75007206,0.078547955,0
0.065866485,-0.55774379,0.18738854,0.70369303,-0.57192433,0.42156678,0
-1.7977648,-2.3064003,-1.2578436,-0.70369303,0.57192433,-0.42156678,0
-2.2600813,-0.99895847,2.8395925,-0.27128196,0.33210588,0.90338886,0
-1.4323077,-1.2483981,-0.94974887,-0.70369303,0.57192433,-0.42156678,0
2.5236998,1.6759135,-2.9912379,0.65667474,0.75007206,-0.078547955,0
-0.78495431,0.4199602,2.935972,-0.27128196,0.33210588,0.90338886,0
1.1271558,3.0333486,2.503212,0.65667474,0.75007206,-0.078547955,0
1.0760107,1.1291938,0.71607697,0.70369303,-0.57192433,0.42156678,0
2.940356,1.3300583,-2.5932329,0.65667474,0.75007206,-0.078547955,0
-1.8427134,-2.5079446,0.19321442,-0.65667474,-0.75007206,0.078547955,0
-1.4119655,-2.1013021,1.0642987,0.70369303,-0.57192433,0.42156678,0
0.48351192,3.2250023,2.2443345,-0.27128196,0.33210588,0.90338886,0
-1.4445245,-1.6277182,1.3911086,0.70369303,-0.57192433,0.42156678,0
0.2990098,-1.3584535,-2.6744344,0.27128196,-0.33210588,-0.90338886,0
-1.6738871,-0.94116902,0.27641749,-0.70369303,0.57192433,-0.42156678,0
2.1523082,2.3785391,0.83908558,0.65667474,0.75007206,-0.078547955,0
0.69386721,2.5384026,2.792315,-0.27128196,0.33210588,0.90338886,0
0.9770813,-1.5142262,-2.6520801,0.27128196,-0.33210588,-0.90338886,0
0.40954995,-2.0087097,-2.5513644,0.27128196,-0.33210588,-0.90338886,0
1.7686296,2.4538174,-0.45418954,0.65667474,0.75007206,-0.078547955,0
2.8479307,0.89852297,-2.5774734,0.27128196,-0.33210588,-0.90338886,0
1.2811472,3.1845748,1.6374989,0.65667474,0.75007206,-0.078547955,0
2.8616219,1.0328953,-2.4656084,0.65667474,0.75007206,-0.078547955,0
-1.0767078,-2.941165,-2.554646,0.27128196,-0.33210588,-0.90338886,0
1.4411337,1.8349304,1.533484,0.70369303,-0.57192433,0.42156678,0
-1.3953085,-2.5499918,-1.9801366,-0.70369303,0.57192433,-0.42156678,0
-0.32831287,-2.6281729,-2.6537893,0.27128196,-0.33210588,-0.90338886,0
-2.6347506,-1.6865983,1.6522081,-0.65667474,-0.75007206,0.078547955,0
-1.9733909,-2.4663768,-0.70009923,-0.65667474,-0.75007206,0.078547955,0
0.2231918,-0.10531665,0.8976782,0.70369303,-0.57192433,0.42156678,0
-1.7234093,-2.3334494,-1.0106319,-0.65667474,-0.75007206,0.078547955,0
-0.32630277,1.6704198,1.2907312,-0.70369303,0.57192433,-0.42156678,0
0.21495938,-1.6240486,-1.5696274,0.70369303,-0.57192433,0.42156678,0
-0.75648713,0.51061022,2.777369,-0.27128196,0.33210588,0.90338886,0
0.82339334,3.005954,2.4290705,-0.27128196,0.33210588,0.90338886,0
0.28866315,-1.7303413,-2.3797708,0.27128196,-0.33210588,-0.90338886,0
-1.1440674,-1.1636125,1.7862881,0.70369303,-0.57192433,0.42156678,0
-1.0746156,-1.4098767,-0.90696585,-0.70369303,0.57192433,-0.42156678,0
-1.1690494,0.24338841,0.7387619,-0.70369303,0.57192433,-0.42156678,0
-0.046555042,-1.7769318,-2.8244481,0.27128196,-0.33210588,-0.90338886,0
-0.46253157,-2.8055785,-2.5893607,0.27128196,-0.33210588,-0.90338886,0
-1.8960342,-0.2316767,3.014246,-0.27128196,0.33210588,0.90338886,0
-2.4852941,-1.4937776,2.3831825,-0.65667474,-0.75007206,0.078547955,0
0.77094793,3.1755981,1.7619061,-0.70369303,0.57192433,-0.42156678,0
-2.5965075,-1.8573661,0.99249458,-0.65667474,-0.75007206,0.078547955,0
0.56694174,0.84030026,-0.99834615,-0.70369303,0.57192433,-0.42156678,0
-1.8703182,-2.3672447,1.002949,-0.65667474,-0.75007206,0.078547955,0
0.76194525,-1.7328907,-2.4721475,0.27128196,-0.33210588,-0.90338886,0
1.5634961,-0.41091907,-2.5559273,0.27128196,-0.33210588,-0.90338886,0
0.52840149,-1.1646783,-1.2899159,0.70369303,-0.57192433,0.42156678,0
-0.17470527,-2.4018972,-2.4146035,0.27128196,-0.33210588,-0.90338886,0
-1.477654,-2.3002045,-1.7588392,-0.70369303,0.57192433,-0.42156678,0
-0.95015073,0.79723626,2.8238113,-0.27128196,0.33210588,0.90338886,0
1.2524509,2.2910223,2.0095768,0.70369303,-0.57192433,0.42156678,0
-1.3808546,-2.2766609,0.075935841,0.70369303,-0.57192433,0.42156678,0
2.324703,1.8304825,-2.0934088,0.65667474,0.75007206,-0.078547955,0
2.2886837,1.5710819,-1.8280828,0.65667474,0.75007206,-0.078547955,0
-2.2384057,-1.9871278,1.0779798,-0.65667474,-0.75007206,0.078547955,0
0.47982582,-0.21227875,-0.24161449,0.70369303,-0.57192433,0.42156678,0
2.5111396,1.628989,-1.8392966,0.65667474,0.75007206,-0.078547955,0
-0.067220926,-1.3677694,-0.54995888,0.70369303,-0.57192433,0.42156678,0
-2.0128183,-0.018430948,2.3647065,-0.70369303,0.57192433,-0.42156678,0
-0.87465858,-3.3570623,-1.8569727,-0.65667474,-0.75007206,0.078547955,0
-1.9372969,-0.81035942,0.53880668,-0.70369303,0.57192433,-0.42156678,0
-3.1528246,-1.1910895,2.4511373,-0.65667474,-0.75007206,0.078547955,0
0.18896198,1.8615195,2.673213,-0.27128196,0.33210588,0.90338886,0
-1.7510548,0.068493605,1.6084371,-0.70369303,0.57192433,-0.42156678,0
1.1791232,3.0388389,2.3951659,-0.27128196,0.33210588,0.90338886,0
2.9403918,0.88614714,-2.6808505,0.65667474,0.75007206,-0.078547955,0
-1.1225884,-2.8370633,-0.85485065,0.70369303,-0.57192433,0.42156678,0
2.2426188,1.8951644,-0.7735014,0.65667474,0.75007206,-0.078547955,0
1.6009989,2.9317994,1.4232813,0.65667474,0.75007206,-0.078547955,0
-1.0875698,-1.0521747,1.2673508,0.70369303,-0.57192433,0.42156678,0
-1.8191559,-0.23381639,3.0167654,-0.27128196,0.33210588,0.90338886,0
0.028792202,-0.22348103,0.91527337,0.70369303,-0.57192433,0.42156678,0
-0.35838461,0.84746099,3.0575058,-0.27128196,0.33210588,0.90338886,0
2.1376107,0.86446595,-2.8263197,0.27128196,-0.33210588,-0.90338886,0
0.0099979639,1.158286,-0.021431059,-0.70369303,0.57192433,-0.42156678,0
1.7058554,2.7779245,0.81424165,0.65667474,0.75007206,-0.078547955,0
-1.5438398,-0.22507143,2.8078876,-0.27128196,0.33210588,0.90338886,0
0.61275291,1.4456975,1.9561081,0.70369303,-0.57192433,0.42156678,0
1.7298782,0.95461828,-2.3297012,-0.70369303,0.57192433,-0.42156678,0
-0.65269995,-3.1304402,-2.461992,0.27128196,-0.33210588,-0.90338886,0
2.1055264,2.301326,-0.67591739,0.65667474,0.75007206,-0.078547955,0
0.81626821,-1.0465472,-2.5111756,0.27128196,-0.33210588,-0.90338886,0
1.3631709,3.1656575,1.8079578,0.65667474,0.75007206,-0.078547955,0
-2.2636809,-1.6949557,2.3194177,-0.65667474,-0.75007206,0.078547955,0
0.093183756,0.99231631,2.6147976,0.70369303,-0.57192433,0.42156678,0
-0.040736914,-1.5227849,-2.7601919,0.27128196,-0.33210588,-0.90338886,0
-1.2303132,-0.57015467,2.1949897,0.70369303,-0.57192433,0.42156678,0
0.9131403,1.5519731,2.0266986,0.70369303,-0.57192433,0.42156678,0
-2.2958827,0.10420382,2.4476984,-0.70369303,0.57192433,-0.42156678,0
0.17580152,-2.3271403,-2.3805215,0.27128196,-0.33210588,-0.90338886,0
2.0247195,2.0841196,-1.4633143,0.65667474,0.75007206,-0.078547955,0
1.4494476,-0.24947131,-2.7311239,0.27128196,-0.33210588,-0.90338886,0
1.8363285,2.3270714,-1.2659125,-0.70369303,0.57192433,-0.42156678,0
2.2074857,0.47706699,-2.6895123,0.27128196,-0.33210588,-0.90338886,0
-1.1808374,-3.1363249,-1.7121586,-0.65667474,-0.75007206,0.078547955,0
-1.8417627,-0.45063221,2.7901006,-0.27128196,0.33210588,0.90338886,0
2.1586323,1.0740983,-3.2812006,0.27128196,-0.33210588,-0.90338886,0
-1.7772615,-2.5063601,0.49058986,-0.65667474,-0.75007206,0.078547955,0
-2.4094708,-0.95333141,1.4542222,-0.70369303,0.57192433,-0.42156678,0
-1.9773726,-2.5060036,-1.3557469,-0.65667474,-0.75007206,0.078547955,0
-0.86763906,-3.3455725,-2.1730828,-0.65667474,-0.75007206,0.078547955,0
-0.18966675,2.5397532,2.4619493,-0.27128196,0.33210588,0.90338886,0
0.32422304,1.554365,2.8403392,-0.27128196,0.33210588,0.90338886,0
-2.2791126,-1.863651,0.80039215,-0.65667474,-0.75007206,0.078547955,0
-1.6064918,0.88132846,2.6944351,-0.27128196,0.33210588,0.90338886,0
1.9757043,-0.39622986,-2.4458735,0.27128196,-0.33210588,-0.90338886,0
-0.72506714,1.657645,2.4023948,-0.27128196,0.33210588,0.90338886,0
1.3486058,-0.5434283,-1.9081702,0.70369303,-0.57192433,0.42156678,0
-0.064337492,1.9659655,1.219473,-0.70369303,0.57192433,-0.42156678,0
-0.54319572,1.3542128,1.3457516,-0.70369303,0.57192433,-0.42156678,0
-1.3556241,-2.7978673,-0.50190234,-0.65667474,-0.75007206,0.078547955,0
0.99476099,0.71118176,-1.870935,-0.70369303,0.57192433,-0.42156678,0
1.3846326,2.3194036,0.1073091,-0.70369303,0.57192433,-0.42156678,0
-0.71024537,1.1963598,2.612875,-0.27128196,0.33210588,0.90338886,0
0.92830896,1.4541252,-0.93896878,-0.70369303,0.57192433,-0.42156678,0
2.8013859,1.4780772,-1.5396125,0.65667474,0.75007206,-0.078547955,0
-1.5507722,-2.4250526,-0.42148519,-0.65667474,-0.75007206,0.078547955,0
0.34036911,-1.2441478,-1.2698784,0.70369303,-0.57192433,0.42156678,0
-2.1875188,-2.0437996,2.1372919,-0.65667474,-0.75007206,0.078547955,0
-1.2721605,-3.2954276,-1.6838293,-0.65667474,-0.75007206,0.078547955,0
0.37461758,2.9029155,2.1867242,-0.27128196,0.33210588,0.90338886,0
-2.365694,-1.8645968,1.6849678,-0.65667474,-0.75007206,0.078547955,0
-1.2268733,-2.6467376,-0.49338245,0.70369303,-0.57192433,0.42156678,0
-2.0313134,-2.2136216,0.87407184,-0.65667474,-0.75007206,0.078547955,0
-1.2142993,-0.50365698,2.1967273,0.70369303,-0.57192433,0.42156678,0
0.49879932,2.983674,2.3441677,-0.27128196,0.33210588,0.90338886,0
1.289,-1.0469847,-2.6942585,0.27128196,-0.33210588,-0.90338886,0
-2.0476584,-0.70105743,3.1101141,-0.27128196,0.33210588,0.90338886,0
0.73062468,2.8060982,1.7690198,-0.70369303,0.57192433,-0.42156678,0
1.81038,1.6378729,-2.0428219,-0.70369303,0.57192433,-0.42156678,0
1.3731027,2.9935045,1.668999,0.65667474,0.75007206,-0.078547955,0
-1.1358644,-0.64345932,2.6241679,0.70369303,-0.57192433,0.42156678,0
1.2633526,2.5379014,2.2583985,0.70369303,-0.57192433,0.42156678,0
0.52074575,-1.7322228,-2.4023919,0.27128196,-0.33210588,-0.90338886,0
1.2444072,3.0490417,1.3046782,0.65667474,0.75007206,-0.078547955,0
1.698812,2.5679755,1.1565567,0.65667474,0.75007206,-0.078547955,0
-1.0526657,1.0543733,2.7058501,-0.27128196,0.33210588,0.90338886,0
-1.0618527,1.022995,1.5067723,-0.70369303,0.57192433,-0.42156678,0
-0.87312454,0.16263896,0.54469246,-0.70369303,0.57192433,-0.42156678,0
-1.9880123,-2.4640419,-0.24515319,-0.65667474,-0.75007206,0.078547955,0
2.0251491,1.8548037,-1.3549857,0.65667474,0.75007206,-0.078547955,0
-1.4962628,0.71499968,2.6836166,-0.27128196,0.33210588,0.90338886,0
-2.5771637,-1.2961342,3.1416948,-0.27128196,0.33210588,0.90338886,0
-0.87100935,0.43242985,2.9569099,-0.27128196,0.33210588,0.90338886,0
-0.40319324,0.77980292,2.7122667,-0.27128196,0.33210588,0.90338886,0
1.9980371,0.84016079,-3.0490804,0.27128196,-0.33210588,-0.90338886,0
-1.5952591,-1.0919574,0.23433185,-0.70369303,0.57192433,-0.42156678,0
0.6245113,-0.22986609,0.05860126,0.70369303,-0.57192433,0.42156678,0
-0.2194351,0.058546774,-1.1706198,-0.70369303,0.57192433,-0.42156678,0
0.035652637,-2.1925902,-2.6452153,0.27128196,-0.33210588,-0.90338886,0
-0.11220121,1.5878981,2.5773711,-0.27128196,0.33210588,0.90338886,0
-1.1469328,-3.2208047,-1.7391317,-0.65667474,-0.75007206,0.078547955,0
-1.3540788,-2.770988,-0.42477226,-0.65667474,-0.75007206,0.078547955,0
-1.3902454,0.16891241,2.8954468,-0.27128196,0.33210588,0.90338886,0
-2.6911392,-1.2543579,2.0177858,-0.70369303,0.57192433,-0.42156678,0
-1.4540842,-2.8906708,-1.8012528,-0.65667474,-0.75007206,0.078547955,0
-1.3651862,0.59030616,2.8943305,-0.27128196,0.33210588,0.90338886,0
1.3823321,3.0457673,2.4996409,0.65667474,0.75007206,-0.078547955,0
2.4955664,1.6630423,-3.1361063,0.27128196,-0.33210588,-0.90338886,0
2.5546184,1.2956717,-3.1607971,0.27128196,-0.33210588,-0.90338886,0
0.64351654,1.6789411,0.062734008,-0.70369303,0.57192433,-0.42156678,0
3.0609894,0.98175585,-2.346823,0.65667474,0.75007206,-0.078547955,0
0.31839466,-1.7432181,-2.7201986,0.27128196,-0.33210588,-0.90338886,0
1.1487728,-0.70065737,-1.8878638,0.70369303,-0.57192433,0.42156678,0
1.695776,2.8402457,2.5486026,0.70369303,-0.57192433,0.42156678,0
-2.2256751,-1.6892161,1.4735701,-0.65667474,-0.75007206,0.078547955,0
0.52533722,2.3870656,1.4946325,-0.70369303,0.57192433,-0.42156678,0
2.0724645,1.7809575,-1.6489398,0.65667474,0.75007206,-0.078547955,0
2.6968806,0.82178903,-2.9731004,0.27128196,-0.33210588,-0.90338886,0
-0.24546289,-1.8609676,-2.8319178,0.27128196,-0.33210588,-0.90338886,0
-0.46150124,-0.24557112,1.2465425,0.70369303,-0.57192433,0.42156678,0
-0.44235605,0.80268472,0.60803425,-0.70369303,0.57192433,-0.42156678,0
2.5303211,1.5663993,-2.7901952,0.65667474,0.75007206,-0.078547955,0
-1.0074823,0.86550897,2.0823867,-0.70369303,0.57192433,-0.42156678,0
2.4903383,1.523664,-1.2685204,0.65667474,0.75007206,-0.078547955,0
1.5230932,2.8599112,1.1725676,0.65667474,0.75007206,-0.078547955,0
1.0845788,2.8239987,1.2465072,-0.70369303,0.57192433,-0.42156678,0
-1.158849,-0.3569653,0.02732265,-0.70369303,0.57192433,-0.42156678,0
1.0718551,3.0568776,1.9508662,0.65667474,0.75007206,-0.078547955,0
2.2956295,0.3710146,-2.3789344,0.70369303,-0.57192433,0.42156678,0
0.37192416,0.081634462,-1.5584685,-0.70369303,0.57192433,-0.42156678,0
-0.82535887,-3.223644,-1.6298941,-0.65667474,-0.75007206,0.078547955,0
0.65006781,-1.5610106,-2.2636023,0.70369303,-0.57192433,0.42156678,0
1.5656263,0.29735082,-2.8364592,0.27128196,-0.33210588,-0.90338886,0
2.2134309,2.1415811,-0.72742891,0.65667474,0.75007206,-0.078547955,0
0.24390288,-0.079781175,0.26910099,0.70369303,-0.57192433,0.42156678,0
1.4323714,2.9774485,0.62351108,0.65667474,0.75007206,-0.078547955,0
0.069183826,2.3547828,2.3548801,-0.70369303,0.57192433,-0.42156678,0
-2.4268699,-0.083021164,2.5993958,-0.27128196,0.33210588,0.90338886,0
-0.98500443,0.4894551,2.7488885,-0.27128196,0.33210588,0.90338886,0
1.3763392,2.8765941,1.1097085,0.65667474,0.75007206,-0.078547955,0
0.48367167,1.3291075,1.7541025,0.70369303,-0.57192433,0.42156678,0
-0.015219688,-2.7493644,-2.4757791,0.27128196,-0.33210588,-0.90338886,0
2.1780043,1.889372,-1.8531933,0.65667474,0.75007206,-0.078547955,0
-2.5168591,-0.77762485,2.9888005,-0.27128196,0.33210588,0.90338886,0
-1.7837429,-2.6143286,-1.2609811,-0.65667474,-0.75007206,0.078547955,0
-0.69361973,1.8549931,2.4055457,-0.27128196,0.33210588,0.90338886,0
-2.0443404,-2.1988997,0.23128533,-0.65667474,-0.75007206,0.078547955,0
-0.34973478,-1.6647842,-2.7487493,0.27128196,-0.33210588,-0.90338886,0
-0.21160126,-2.7519498,-2.5508108,0.27128196,-0.33210588,-0.90338886,0
-2.4652243,-1.4196228,1.5461793,-0.65667474,-0.75007206,0.078547955,0
-1.2639999,-3.1252728,-2.7018304,0.27128196,-0.33210588,-0.90338886,0
2.0133612,0.49109197,-1.3510323,0.70369303,-0.57192433,0.42156678,0
-0.63932586,-1.0303767,-1.8543814,-0.70369303,0.57192433,-0.42156678,0
1.2612832,-1.3179173,-2.344974,0.70369303,-0.57192433,0.42156678,0
2.3091483,0.70400059,-2.7341332,0.27128196,-0.33210588,-0.90338886,0
2.4202516,1.6392441,-0.65009427,0.70369303,-0.57192433,0.42156678,0
-0.97300339,-3.4477773,-2.1496475,-0.65667474,-0.75007206,0.078547955,0
1.4994597,2.5597763,-0.16897702,0.65667474,0.75007206,-0.078547955,0
-1.8312804,-0.10492504,2.6674981,-0.27128196,0.33210588,0.90338886,0
1.3700576,0.39810109,-2.9941707,0.27128196,-0.33210588,-0.90338886,0
0.67627871,1.8234165,0.1963855,-0.70369303,0.57192433,-0.42156678,0
-2.9544165,-1.2834816,2.5532243,-0.65667474,-0.75007206,0.078547955,0
1.8572755,-0.28612733,-2.110111,0.70369303,-0.57192433,0.42156678,0
-0.70813918,0.11125994,2.8519199,0.70369303,-0.57192433,0.42156678,0
1.8940922,2.589282,0.73621273,0.65667474,0.75007206,-0.078547955,0
-1.9452652,-0.26696813,2.862231,-0.27128196,0.33210588,0.90338886,0
1.4310079,2.8114929,2.1907399,0.65667474,0.75007206,-0.078547955,0
1.5536634,2.793932,0.048236132,0.65667474,0.75007206,-0.078547955,0
1.6490517,1.0789632,-0.44585609,0.70369303,-0.57192433,0.42156678,0
1.3329101,3.1818657,2.6622086,-0.27128196,0.33210588,0.90338886,0
-0.75717711,-1.5888395,-2.2271554,-0.70369303,0.57192433,-0.42156678,0
1.1765485,0.16057158,-3.1620314,0.27128196,-0.33210588,-0.90338886,0
-2.1425657,-1.7157183,1.3626757,-0.65667474,-0.75007206,0.078547955,0
-0.77604389,1.8695152,2.3272178,-0.27128196,0.33210588,0.90338886,0
-1.4343843,-2.7179351,-1.5294408,-0.65667474,-0.75007206,0.078547955,0
0.61978674,1.4865589,2.0900285,0.70369303,-0.57192433,0.42156678,0
-1.2088383,-1.6573259,0.70270848,0.70369303,-0.57192433,0.42156678,0
-0.72132921,1.5847579,2.5308456,-0.27128196,0.33210588,0.90338886,0
-2.138782,-1.627018,2.3962262,-0.65667474,-0.75007206,0.078547955,0
0.18309498,2.6542318,2.4490924,-0.27128196,0.33210588,0.90338886,0
-0.9794817,-3.2930586,-2.6219463,0.27128196,-0.33210588,-0.90338886,0
0.46017981,2.5759146,2.6203218,-0.27128196,0.33210588,0.90338886,0
-1.3390374,-2.9934981,-2.2732697,-0.65667474,-0.75007206,0.078547955,0
2.7952144,1.3445271,-2.6045249,0.65667474,0.75007206,-0.078547955,0
1.9776787,0.046846747,-2.7164598,0.27128196,-0.33210588,-0.90338886,0
0.069212914,2.1327689,2.6331048,-0.27128196,0.33210588,0.90338886,0
1.7631702,2.2497921,-0.60416508,0.65667474,0.75007206,-0.078547955,0
1.3829911,2.9699273,0.89463186,0.65667474,0.75007206,-0.078547955,0
-0.27331269,1.2019517,1.2838567,-0.70369303,0.57192433,-0.42156678,0
0.40802678,-0.76463944,-0.07355459,0.70369303,-0.57192433,0.42156678,0
-2.3673019,-0.6579082,2.6851954,-0.27128196,0.33210588,0.90338886,0
-2.4778514,-0.47428298,2.775315,-0.27128196,0.33210588,0.90338886,0
-1.7075766,-0.63885021,2.8721495,-0.27128196,0.33210588,0.90338886,0
2.3210413,2.0722382,0.067353725,0.65667474,0.75007206,-0.078547955,0
-2.7764013,-1.4633414,2.470994,-0.65667474,-0.75007206,0.078547955,0
-1.1250501,1.0007442,1.5763167,-0.70369303,0.57192433,-0.42156678,0
-0.38798887,0.55882418,0.51354837,-0.70369303,0.57192433,-0.42156678,0
-0.61401868,-1.330381,0.28524315,0.70369303,-0.57192433,0.42156678,0
1.3016618,-0.47904533,-2.0464444,0.70369303,-0.57192433,0.42156678,0
1.6287545,0.075673342,-1.8901432,0.70369303,-0.57192433,0.42156678,0
2.9909887,1.3266528,-2.1248505,0.65667474,0.75007206,-0.078547955,0
-0.55220723,-2.0960817,-2.6486039,0.27128196,-0.33210588,-0.90338886,0
0.77903485,-0.95771581,-2.5912971,0.27128196,-0.33210588,-0.90338886,0
2.1365623,0.17330325,-2.9103575,0.27128196,-0.33210588,-0.90338886,0
-0.24343085,1.8778673,2.7017512,-0.27128196,0.33210588,0.90338886,0
2.1079371,2.000324,-0.88305187,0.65667474,0.75007206,-0.078547955,0
1.6570725,2.8928969,1.7757821,0.65667474,0.75007206,-0.078547955,0
0.24668288,-1.3973776,-2.572474,0.27128196,-0.33210588,-0.90338886,0
0.28143334,-1.7783816,-1.5074834,0.70369303,-0.57192433,0.42156678,0
1.3823862,3.1185393,1.5467775,0.65667474,0.75007206,-0.078547955,0
-1.1699812,0.78083169,2.6922536,-0.27128196,0.33210588,0.90338886,0
0.37367058,2.7319412,2.3713677,-0.27128196,0.33210588,0.90338886,0
2.5358243,1.5119022,-1.3391013,0.65667474,0.75007206,-0.078547955,0
-0.61649609,-2.811666,-1.5107822,0.70369303,-0.57192433,0.42156678,0
0.65401983,3.2161503,2.484838,-0.27128196,0.33210588,0.90338886,0
-0.78947949,1.0190237,2.7559974,-0.27128196,0.33210588,0.90338886,0
2.1633296,0.19992411,-2.9579253,0.27128196,-0.33210588,-0.90338886,0
2.3930969,1.6866226,-1.5337017,0.65667474,0.75007206,-0.078547955,0
-2.6987906,-1.1957666,2.5717351,-0.65667474,-0.75007206,0.078547955,0
1.8284701,2.2877645,-0.84980178,0.65667474,0.75007206,-0.078547955,0
1.3803778,1.4056593,-1.9250855,-0.70369303,0.57192433,-0.42156678,0
-2.4637563,-1.532845,1.5925031,-0.65667474,-0.75007206,0.078547955,0
0.96645164,-0.97200894,-2.6661098,0.27128196,-0.33210588,-0.90338886,0
-1.1434774,-1.9977243,-2.1787872,-0.70369303,0.57192433,-0.42156678,0
-1.8763549,-2.3661096,0.34543848,-0.65667474,-0.75007206,0.078547955,0
-0.8272419,-2.3690114,-2.5817149,0.27128196,-0.33210588,-0.90338886,0
0.25055826,0.56865615,1.4307151,0.70369303,-0.57192433,0.42156678,0
-0.91920912,0.092091501,0.76796126,-0.70369303,0.57192433,-0.42156678,0
2.2536445,0.88478357,-1.0981688,0.70369303,-0.57192433,0.42156678,0
2.4296482,1.5900533,-1.3788924,0.65667474,0.75007206,-0.078547955,0
-1.5290916,-0.54089856,2.8082607,0.70369303,-0.57192433,0.42156678,0
-0.86663675,0.81525451,1.4405619,-0.70369303,0.57192433,-0.42156678,0
-1.2398217,-1.3495703,-1.0787319,-0.70369303,0.57192433,-0.42156678,0
-0.39774752,1.9068824,1.6990452,-0.70369303,0.57192433,-0.42156678,0
-1.287692,-0.95516264,2.2921884,0.70369303,-0.57192433,0.42156678,0
2.5777564,1.3809741,-1.9011729,0.65667474,0.75007206,-0.078547955,0
-0.93621707,0.7636081,2.9290407,-0.27128196,0.33210588,0.90338886,0
-1.8330617,-2.6010876,0.27868533,-0.65667474,-0.75007206,0.078547955,0
0.88095069,3.3447554,2.0352967,0.65667474,0.75007206,-0.078547955,0
-2.1681788,-2.2178669,0.4010129,-0.65667474,-0.75007206,0.078547955,0
1.6325736,2.2241006,-1.1885252,0.65667474,0.75007206,-0.078547955,0
1.7207119,-0.60948563,-2.7230654,0.27128196,-0.33210588,-0.90338886,0
2.6604087,0.3683424,-2.665822,0.27128196,-0.33210588,-0.90338886,0
-0.0051696301,1.8483527,1.7324214,-0.70369303,0.57192433,-0.42156678,0
1.4511092,2.9974399,1.3292301,0.65667474,0.75007206,-0.078547955,0
-0.98093987,0.28233826,2.8020847,-0.27128196,0.33210588,0.90338886,0
-1.8262392,-0.20247483,2.8398159,-0.27128196,0.33210588,0.90338886,0
1.2928467,3.0796216,1.0568341,-0.70369303,0.57192433,-0.42156678,0
1.0805268,2.8675072,0.71920145,0.65667474,0.75007206,-0.078547955,0
-2.0575619,-0.049955726,2.8626149,-0.27128196,0.33210588,0.90338886,0
1.6268194,1.4675539,0.21831989,0.70369303,-0.57192433,0.42156678,0
-2.4687252,-1.3225152,2.5905628,-0.65667474,-0.75007206,0.078547955,0
-0.52955723,-2.1899381,-2.5404594,0.27128196,-0.33210588,-0.90338886,0
1.7102666,2.3779221,-0.25149322,0.65667474,0.75007206,-0.078547955,0
1.7964909,2.3170624,0.26213694,0.65667474,0.75007206,-0.078547955,0
0.70219779,1.3196154,-0.25143588,-0.70369303,0.57192433,-0.42156678,0
2.0332677,2.178875,-1.2726216,0.65667474,0.75007206,-0.078547955,0
-1.6422946,-2.9450336,-2.4904108,-0.65667474,-0.75007206,0.078547955,0
0.1298027,2.1950445,2.340486,-0.27128196,0.33210588,0.90338886,0
0.21932936,1.789376,2.5931001,-0.27128196,0.33210588,0.90338886,0
2.0269644,0.98877609,-0.60307956,0.70369303,-0.57192433,0.42156678,0
0.2864542,-2.1141069,-2.0336516,0.70369303,-0.57192433,0.42156678,0
0.79333878,3.2655568,2.3240991,-0.27128196,0.33210588,0.90338886,0
1.0732565,-1.5172697,-2.4934158,0.27128196,-0.33210588,-0.90338886,0
0.34139442,1.9601738,1.3743455,-0.70369303,0.57192433,-0.42156678,0
-2.4727685,-1.5777733,2.7136943,-0.65667474,-0.75007206,0.078547955,0
-1.8993242,-2.0864701,-0.15527511,-0.65667474,-0.75007206,0.078547955,0
-0.69138885,-1.1318531,-1.715676,-0.70369303,0.57192433,-0.42156678,0
1.4014459,2.8055975,1.4736705,0.65667474,0.75007206,-0.078547955,0
-0.18571746,-0.30916044,-1.3957213,-0.70369303,0.57192433,-0.42156678,0
-2.2658184,-2.0386322,0.73147392,-0.65667474,-0.75007206,0.078547955,0
2.4485173,1.5517565,-1.162004,0.65667474,0.75007206,-0.078547955,0
1.6169312,1.9391137,0.85414314,0.70369303,-0.57192433,0.42156678,0
-1.1643677,0.83473098,2.4851129,-0.27128196,0.33210588,0.90338886,0
-1.5579457,-2.8930554,-2.7867224,0.27128196,-0.33210588,-0.90338886,0
0.75235629,1.7834263,-0.12948322,-0.70369303,0.57192433,-0.42156678,0
-1.4734902,-3.030478,-1.2722068,-0.65667474,-0.75007206,0.078547955,0
0.11395335,0.26960129,1.2159259,0.70369303,-0.57192433,0.42156678,0
2.9156513,0.72101009,-2.7412162,0.27128196,-0.33210588,-0.90338886,0
2.8862958,1.3164555,-2.7915969,0.65667474,0.75007206,-0.078547955,0
-1.9340451,-0.31220055,3.062006,-0.27128196,0.33210588,0.90338886,0
-1.1041303,0.25390142,1.447032,-0.70369303,0.57192433,-0.42156678,0
-0.22659373,-2.5206907,-1.6362723,0.70369303,-0.57192433,0.42156678,0
-0.25200987,-0.98942268,-2.1923347,-0.70369303,0.57192433,-0.42156678,0
-2.7300863,-1.3329613,1.4962411,-0.65667474,-0.75007206,0.078547955,0
-0.23284084,-0.2368733,1.1495299,0.70369303,-0.57192433,0.42156678,0
0.66991806,3.2251482,2.5484574,-0.27128196,0.33210588,0.90338886,0
2.5508046,1.580617,-1.8068049,0.65667474,0.75007206,-0.078547955,0
-2.6774137,-1.3066316,2.0172148,-0.65667474,-0.75007206,0.078547955,0
-1.0039406,-3.4886243,-2.2640519,0.27128196,-0.33210588,-0.90338886,0
-1.5433078,-2.5287652,-0.69514847,-0.65667474,-0.75007206,0.078547955,0
-1.6323764,-0.63257909,0.60309148,-0.70369303,0.57192433,-0.42156678,0
1.3672088,2.7077153,0.39824176,0.65667474,0.75007206,-0.078547955,0
-2.835258,-1.2073402,2.5092037,-0.65667474,-0.75007206,0.078547955,0
-2.5692661,-1.8048115,1.4550097,-0.65667474,-0.75007206,0.078547955,0
0.38618016,2.2414231,2.4082568,-0.27128196,0.33210588,0.90338886,0
2.2471745,1.0773158,-2.8524747,0.27128196,-0.33210588,-0.90338886,0
-0.037515402,1.3089755,0.31049207,-0.70369303,0.57192433,-0.42156678,0
-1.3661602,-1.5175498,0.9484216,0.70369303,-0.57192433,0.42156678,0
1.7148764,2.357661,0.61928916,0.65667474,0.75007206,-0.078547955,0
0.14859056,2.4771523,2.2703447,-0.27128196,0.33210588,0.90338886,0
-3.0247779,-1.0311527,2.5668423,-0.65667474,-0.75007206,0.078547955,0
1.0581117,2.9662278,2.5908659,-0.27128196,0.33210588,0.90338886,0
2.3146646,1.889219,-0.99461365,0.65667474,0.75007206,-0.078547955,0
-1.6503513,-2.4006503,0.50569367,-0.65667474,-0.75007206,0.078547955,0
2.4016128,1.649102,-0.66740465,0.65667474,0.75007206,-0.078547955,0
2.4754646,1.4213378,-3.0198236,0.65667474,0.75007206,-0.078547955,0
-2.3211579,-1.5994586,2.3882146,-0.65667474,-0.75007206,0.078547955,0
1.0441136,3.1330423,2.3551807,0.65667474,0.75007206,-0.078547955,0
1.0669773,-0.51008952,-2.6306431,0.27128196,-0.33210588,-0.90338886,0
0.86162853,1.0041004,-0.86522567,-0.70369303,0.57192433,-0.42156678,0
