-0.51261675,-2.4340389,1.7268826,-0.97118926,0.12829143,0.2008304,0
1.2641361,4.8328757,1.521946,0.16923288,0.96461433,0.2021873,0
-0.67308164,1.4261911,-3.0006018,-0.16778487,0.23034915,-0.95853412,0
-0.35282767,3.3307271,-2.9804916,-0.16778487,0.23034915,-0.95853412,0
0.26935118,-3.5125303,0.19242454,0.97118926,-0.12829143,-0.2008304,0
-0.48618948,-3.7931581,2.8863678,0.16778487,-0.23034915,0.95853412,0
0.15398276,-5.5108871,2.1500525,0.16778487,-0.23034915,0.95853412,0
0.44839042,5.0763102,-0.53663015,0.16923288,0.96461433,0.2021873,0
-0.20893526,1.9549301,0.23341155,-0.97118926,0.12829143,0.2008304,0
0.97191477,4.3595395,4.076066,0.16923288,0.96461433,0.2021873,0
-0.17019677,-4.186789,-1.544019,0.97118926,-0.12829143,-0.2008304,0
-1.3928509,-2.47137,-3.1198711,-0.97118926,0.12829143,0.2008304,0
0.37651372,-3.4236331,2.9090409,0.16778487,-0.23034915,0.95853412,0
0.54289377,4.9200315,-0.043878078,0.16923288,0.96461433,0.2021873,0
-0.78221893,-2.945972,-4.3231816,-0.16778487,0.23034915,-0.95853412,0
0.43520558,5.076623,-0.4400034,0.16923288,0.96461433,0.2021873,0
-1.2443391,-4.0423713,-0.25803995,-0.97118926,0.12829143,0.2008304,0
0.61093044,-2.3566175,2.6199117,0.97118926,-0.12829143,-0.2008304,0
0.24674916,4.1766987,1.0650537,-0.97118926,0.12829143,0.2008304,0
1.0112062,2.6892214,4.0279846,0.16778487,-0.23034915,0.95853412,0
0.025618672,-1.3750056,-1.3551018,0.97118926,-0.12829143,-0.2008304,0
1.0407813,4.8089733,1.3849583,0.16923288,0.96461433,0.2021873,0
0.17857051,2.3464479,2.4611902,-0.97118926,0.12829143,0.2008304,0
0.24496055,-1.4290636,3.377738,0.16778487,-0.23034915,0.95853412,0
0.51567888,4.7453928,2.5797324,0.16923288,0.96461433,0.2021873,0
-0.82848823,-5.1809177,-0.24375963,-0.16923288,-0.96461433,-0.2021873,0
0.040728569,-0.11587143,-2.7039065,0.97118926,-0.12829143,-0.2008304,0
-0.74891627,-2.0002208,0.19309306,-0.97118926,0.12829143,0.2008304,0
0.93641329,0.6410464,3.5805104,0.16778487,-0.23034915,0.95853412,0
-0.44244224,-5.1578798,0.66517639,-0.16923288,-0.96461433,-0.2021873,0
-0.66086066,-4.5862188,2.805388,0.16778487,-0.23034915,0.95853412,0
1.3799515,4.5240707,2.0522451,0.97118926,-0.12829143,-0.2008304,0
-1.1900744,-4.4607701,-2.1563039,-0.16923288,-0.96461433,-0.2021873,0
-0.85440564,0.27214885,-3.2835219,-0.16778487,0.23034915,-0.95853412,0
1.1917667,1.5683839,1.3678224,0.97118926,-0.12829143,-0.2008304,0
-0.11071241,-5.0679231,2.2471375,0.16778487,-0.23034915,0.95853412,0
1.0145373,-0.74828196,3.4492402,0.16778487,-0.23034915,0.95853412,0
-0.6292991,-2.6761339,1.760747,-0.97118926,0.12829143,0.2008304,0
0.69105554,-2.0725598,3.1858799,0.16778487,-0.23034915,0.95853412,0
1.1368806,4.4822345,2.416945,0.16923288,0.96461433,0.2021873,0
0.53266883,4.7086515,2.2392659,0.16923288,0.96461433,0.2021873,0
-0.68480504,-5.0724535,-0.71373892,-0.16923288,-0.96461433,-0.2021873,0
0.29326725,-2.4797897,3.203867,0.16778487,-0.23034915,0.95853412,0
0.81348801,4.181551,3.1249447,0.16923288,0.96461433,0.2021873,0
-1.6013227,-4.0119491,-3.7116778,-0.16923288,-0.96461433,-0.2021873,0
-1.478446,-3.4811845,-1.4818704,-0.97118926,0.12829143,0.2008304,0
0.34744489,4.7487597,-2.4601574,-0.16778487,0.23034915,-0.95853412,0
0.18338132,5.3624897,-2.4703193,-0.16778487,0.23034915,-0.95853412,0
-0.52885509,2.1017294,-1.1614677,-0.97118926,0.12829143,0.2008304,0
-0.12771583,-5.4718723,0.75554419,-0.16923288,-0.96461433,-0.2021873,0
1.0558456,4.9011259,0.96214008,0.16923288,0.96461433,0.2021873,0
-0.59558922,-5.5884385,1.6770139,-0.16923288,-0.96461433,-0.2021873,0
0.83238268,0.019267559,3.533143,0.16778487,-0.23034915,0.95853412,0
1.3876848,2.4877677,3.9788959,0.16778487,-0.23034915,0.95853412,0
0.16735792,-1.5672895,3.2788713,0.16778487,-0.23034915,0.95853412,0
-0.52837229,1.27426,-3.1623945,-0.16778487,0.23034915,-0.95853412,0
-0.57535517,-5.3008013,2.5140853,0.16778487,-0.23034915,0.95853412,0
-1.6647692,-4.5541482,-1.914413,-0.16923288,-0.96461433,-0.2021873,0
0.8174901,3.1951456,4.2061434,-0.97118926,0.12829143,0.2008304,0
-0.6988951,-5.4347777,1.4023938,-0.16923288,-0.96461433,-0.2021873,0
0.80095625,2.8379855,4.2638974,0.16778487,-0.23034915,0.95853412,0
-0.83288717,-0.99806368,-3.6738153,-0.16778487,0.23034915,-0.95853412,0
0.67251801,4.5940132,1.8640919,0.16923288,0.96461433,0.2021873,0
0.53200173,5.4364948,-0.78984404,0.16923288,0.96461433,0.2021873,0
0.95092487,4.4279132,3.04094,0.16923288,0.96461433,0.2021873,0
0.60347551,5.0284595,-0.54362345,0.16923288,0.96461433,0.2021873,0
1.0929296,4.5492253,1.8452291,0.16923288,0.96461433,0.2021873,0
0.6785779,1.383656,3.9603357,0.16778487,-0.23034915,0.95853412,0
0.32178795,-5.4368043,1.615459,-0.16923288,-0.96461433,-0.2021873,0
-1.0647545,-3.6424298,-4.5148401,-0.16778487,0.23034915,-0.95853412,0
1.5344663,4.1188316,4.3562679,0.16923288,0.96461433,0.2021873,0
-1.3157382,-4.6649027,-0.68849611,-0.16923288,-0.96461433,-0.2021873,0
-0.60371619,-3.3747296,1.9703112,-0.97118926,0.12829143,0.2008304,0
0.88634622,-2.6439462,2.9752002,0.16778487,-0.23034915,0.95853412,0
-1.3874483,-3.750849,-2.1009445,-0.97118926,0.12829143,0.2008304,0
-0.17811146,-5.1661329,1.0550003,-0.16923288,-0.96461433,-0.2021873,0
0.50915325,5.3000379,-1.0416231,0.16923288,0.96461433,0.2021873,0
0.58184856,5.7041955,-2.0755897,0.16923288,0.96461433,0.2021873,0
1.6177909,4.3377342,3.2290452,0.16923288,0.96461433,0.2021873,0
-0.82468045,-5.0027342,-0.88907862,-0.16923288,-0.96461433,-0.2021873,0
-1.175477,-4.5435481,-1.5883422,-0.16923288,-0.96461433,-0.2021873,0
-0.11170101,1.0149008,-3.4969702,-0.16778487,0.23034915,-0.95853412,0
-0.6565823,-5.4768057,1.1611462,-0.16923288,-0.96461433,-0.2021873,0
0.030265242,5.6423254,-1.8801928,0.16923288,0.96461433,0.2021873,0
-0.74510288,-2.6788893,-4.3495493,-0.16778487,0.23034915,-0.95853412,0
0.54517204,-2.555438,1.8408296,0.97118926,-0.12829143,-0.2008304,0
0.98140764,-0.16319859,3.3687351,0.16778487,-0.23034915,0.95853412,0
0.43008924,5.1494999,-0.64969587,0.16923288,0.96461433,0.2021873,0
-0.25609577,-3.6230714,2.8535638,0.16778487,-0.23034915,0.95853412,0
0.34414816,-1.8065876,3.2673671,0.16778487,-0.23034915,0.95853412,0
0.78067732,4.8471236,1.3296242,0.16923288,0.96461433,0.2021873,0
-1.0798442,0.40100944,-3.3494303,-0.16778487,0.23034915,-0.95853412,0
0.9650777,2.7154787,0.18952131,0.97118926,-0.12829143,-0.2008304,0
1.1248958,1.2566353,3.7612789,0.16778487,-0.23034915,0.95853412,0
-0.92670482,-5.0562096,0.29088354,-0.16923288,-0.96461433,-0.2021873,0
-1.1546164,-4.2748885,-0.75283384,-0.97118926,0.12829143,0.2008304,0
-0.73662496,-4.6684299,-1.6796279,-0.16923288,-0.96461433,-0.2021873,0
0.26885319,-4.1036592,2.5606289,0.16778487,-0.23034915,0.95853412,0
-0.0090844631,1.4934564,-3.3799119,-0.16778487,0.23034915,-0.95853412,0
-1.0310683,-4.8033724,-0.62285757,-0.16923288,-0.96461433,-0.2021873,0
0.97827888,4.597486,2.6518669,0.16923288,0.96461433,0.2021873,0
0.45197034,-1.211097,1.1550411,0.97118926,-0.12829143,-0.2008304,0
-0.43265402,-4.0391073,2.6582663,0.16778487,-0.23034915,0.95853412,0
1.261663,2.2978697,4.1596832,0.16778487,-0.23034915,0.95853412,0
1.2367351,1.723767,3.6538258,0.16778487,-0.23034915,0.95853412,0
-0.44130802,-4.6605473,-1.47925,-0.16923288,-0.96461433,-0.2021873,0
-0.71080303,-2.7885861,-4.0037689,-0.16778487,0.23034915,-0.95853412,0
0.081313848,-2.4423661,2.9956722,0.16778487,-0.23034915,0.95853412,0
0.59636688,1.3531146,-0.96687412,0.97118926,-0.12829143,-0.2008304,0
-0.16577241,2.5687461,-0.10897827,-0.97118926,0.12829143,0.2008304,0
1.5295441,4.311852,2.7299151,0.16923288,0.96461433,0.2021873,0
0.30010414,-3.2621796,2.6839857,0.16778487,-0.23034915,0.95853412,0
1.4211817,4.2848439,3.4700861,0.16923288,0.96461433,0.2021873,0
-0.45595461,-1.7907184,1.3155831,-0.97118926,0.12829143,0.2008304,0
1.2325439,1.4934458,2.395467,0.97118926,-0.12829143,-0.2008304,0
0.76953864,4.8819742,0.79945278,0.16923288,0.96461433,0.2021873,0
-0.50634789,-5.4580288,2.2535481,-0.16923288,-0.96461433,-0.2021873,0
-1.0637231,-4.0159936,-4.3516321,-0.16923288,-0.96461433,-0.2021873,0
-0.69693518,-4.4297252,-3.0779514,-0.16923288,-0.96461433,-0.2021873,0
0.43141001,1.5786338,-1.2019283,0.97118926,-0.12829143,-0.2008304,0
0.30080438,1.7868586,2.2595778,-0.97118926,0.12829143,0.2008304,0
0.38477933,-4.4490156,2.6578879,0.16778487,-0.23034915,0.95853412,0
0.40827703,4.2633796,2.5064864,-0.97118926,0.12829143,0.2008304,0
-0.25344276,-3.1847596,-1.7736549,0.97118926,-0.12829143,-0.2008304,0
0.72070599,0.14319384,3.5561771,0.16778487,-0.23034915,0.95853412,0
0.092096448,-3.3808401,2.8416398,0.16778487,-0.23034915,0.95853412,0
1.1609697,1.3441794,3.6807823,0.16778487,-0.23034915,0.95853412,0
1.8528204,3.1660111,4.0063162,0.16778487,-0.23034915,0.95853412,0
-0.31776911,-5.3446703,0.53661156,-0.16923288,-0.96461433,-0.2021873,0
-0.26360691,3.5949962,-2.8102114,-0.16778487,0.23034915,-0.95853412,0
0.29250512,5.1992388,-0.81720781,0.16923288,0.96461433,0.2021873,0
0.14846295,5.2029171,-0.81857967,0.16923288,0.96461433,0.2021873,0
1.0725794,4.530241,3.1272473,0.16923288,0.96461433,0.2021873,0
-0.70350647,-1.602573,-4.0845523,-0.16778487,0.23034915,-0.95853412,0
1.1987438,4.4547825,2.4245849,0.16923288,0.96461433,0.2021873,0
-0.076072097,-2.5759828,-1.0432022,0.97118926,-0.12829143,-0.2008304,0
0.97443223,4.5585532,2.5851784,0.16923288,0.96461433,0.2021873,0
0.70974779,3.5429811,4.2790794,-0.97118926,0.12829143,0.2008304,0
1.0965009,2.9505496,1.311461,0.97118926,-0.12829143,-0.2008304,0
-1.1219953,-4.9483633,-0.83918047,-0.16923288,-0.96461433,-0.2021873,0
1.2451713,4.5838451,1.1188087,0.16923288,0.96461433,0.2021873,0
0.50281,-1.930577,3.2655578,0.16778487,-0.23034915,0.95853412,0
0.12474132,-2.638108,-0.53864813,0.97118926,-0.12829143,-0.2008304,0
-0.44570529,3.5945985,-1.4069266,-0.97118926,0.12829143,0.2008304,0
0.49385992,0.75720489,-0.093504071,0.97118926,-0.12829143,-0.2008304,0
0.69297338,-0.89925635,3.3079109,0.16778487,-0.23034915,0.95853412,0
-0.9551301,-4.0033264,-4.2630777,-0.16778487,0.23034915,-0.95853412,0
-0.68986225,-4.5111227,-2.4474666,-0.16923288,-0.96461433,-0.2021873,0
-0.10158658,-1.3927726,3.0678811,-0.97118926,0.12829143,0.2008304,0
-1.5518291,-4.3535366,-2.8303666,-0.16923288,-0.96461433,-0.2021873,0
1.6255672,3.1081779,2.9968424,0.97118926,-0.12829143,-0.2008304,0
1.0490284,4.5641065,1.9887304,0.16923288,0.96461433,0.2021873,0
0.16253829,5.2522831,-0.26317024,0.16923288,0.96461433,0.2021873,0
-0.19582562,-5.599525,1.2252741,-0.16923288,-0.96461433,-0.2021873,0
0.56374592,3.3569684,-1.484441,0.97118926,-0.12829143,-0.2008304,0
0.77178407,-2.0159919,2.8574133,0.16778487,-0.23034915,0.95853412,0
0.35457993,-1.1999538,3.3989692,0.16778487,-0.23034915,0.95853412,0
-0.93495226,-4.581706,-1.6023521,-0.16923288,-0.96461433,-0.2021873,0
-0.090584263,4.2518482,-0.88456559,-0.97118926,0.12829143,0.2008304,0
0.36719894,0.089080095,3.4199202,0.16778487,-0.23034915,0.95853412,0
1.1601307,0.72723579,3.5993235,0.16778487,-0.23034915,0.95853412,0
1.3000438,4.4905534,2.0343332,0.16923288,0.96461433,0.2021873,0
-0.31975341,-5.170866,-0.072559357,-0.16923288,-0.96461433,-0.2021873,0
-1.2718482,-4.3954792,-2.1908536,-0.16923288,-0.96461433,-0.2021873,0
1.7435274,2.3237195,3.9162986,0.16778487,-0.23034915,0.95853412,0
-0.50358981,-5.2865648,1.7918038,-0.16923288,-0.96461433,-0.2021873,0
0.024717331,-2.5067701,3.1685109,0.16778487,-0.23034915,0.95853412,0
-1.0327799,-1.3017995,-3.8199921,-0.16778487,0.23034915,-0.95853412,0
-0.57661009,-3.6264963,2.6552413,-0.97118926,0.12829143,0.2008304,0
-0.15783095,5.5794511,-2.3564305,-0.16778487,0.23034915,-0.95853412,0
-0.044183642,4.9110274,-1.6098647,-0.97118926,0.12829143,0.2008304,0
-0.37149143,-5.206811,-0.20515633,-0.16923288,-0.96461433,-0.2021873,0
-0.40841037,-5.4096451,1.0232053,-0.16923288,-0.96461433,-0.2021873,0
-1.119621,-4.469326,-2.4041033,-0.16923288,-0.96461433,-0.2021873,0
0.6937027,4.9219694,0.013862133,0.16923288,0.96461433,0.2021873,0
-1.4634051,-4.5425863,-0.98284531,-0.16923288,-0.96461433,-0.2021873,0
-1.1210738,-4.6971483,-0.71604633,-0.16923288,-0.96461433,-0.2021873,0
-0.93810749,-3.9563823,-4.4547234,-0.16778487,0.23034915,-0.95853412,0
-0.12196124,-0.88476539,1.5727642,-0.97118926,0.12829143,0.2008304,0
-0.73196936,-4.7643361,-2.0052791,-0.16923288,-0.96461433,-0.2021873,0
0.059762716,2.8727748,-2.9984074,-0.16778487,0.23034915,-0.95853412,0
-0.05416137,-3.4454036,-0.042486191,0.97118926,-0.12829143,-0.2008304,0
-1.1583934,-1.9890183,-3.974143,-0.16778487,0.23034915,-0.95853412,0
0.57177258,5.0475321,-0.28990602,0.16923288,0.96461433,0.2021873,0
1.492537,3.0705442,3.9422235,0.16778487,-0.23034915,0.95853412,0
-1.4041581,-4.8356848,-0.64174652,-0.16923288,-0.96461433,-0.2021873,0
0.95955586,1.9261644,3.8484108,0.16778487,-0.23034915,0.95853412,0
-0.25498247,-1.1491269,-2.9927697,0.97118926,-0.12829143,-0.2008304,0
0.82328749,5.466341,-1.6207418,0.16923288,0.96461433,0.2021873,0
0.38363099,5.1933727,-0.89393616,0.16923288,0.96461433,0.2021873,0
0.49027681,2.2286465,-1.9056545,0.97118926,-0.12829143,-0.2008304,0
-1.1744051,-2.2386098,-3.93922,-0.16778487,0.23034915,-0.95853412,0
-0.10915899,-2.0247972,3.0697556,0.16778487,-0.23034915,0.95853412,0
1.1834326,1.3210958,3.6401987,0.16778487,-0.23034915,0.95853412,0
-0.99591416,-2.9525175,0.0089724064,-0.97118926,0.12829143,0.2008304,0
0.84701371,1.4381257,3.7582493,0.16778487,-0.23034915,0.95853412,0
-0.65339565,2.4614234,-2.9820921,-0.16778487,0.23034915,-0.95853412,0
-0.5903393,2.7479513,-2.59764,-0.97118926,0.12829143,0.2008304,0
0.86830604,3.9358816,-0.75793219,0.97118926,-0.12829143,-0.2008304,0
-0.55706227,3.0306637,-2.706018,-0.97118926,0.12829143,0.2008304,0
-0.39714336,-0.17486703,-3.500598,-0.16778487,0.23034915,-0.95853412,0
-1.7052746,-3.3876801,-3.6518607,-0.97118926,0.12829143,0.2008304,0
-0.23994637,1.3094236,-3.3524587,-0.16778487,0.23034915,-0.95853412,0
1.030447,3.9401355,4.3586574,0.16778487,-0.23034915,0.95853412,0
-1.1857567,-4.7057505,-1.8273129,-0.16923288,-0.96461433,-0.2021873,0
0.15806937,-5.1834536,2.5288303,0.16778487,-0.23034915,0.95853412,0
0.65440381,0.014238924,0.13400379,0.97118926,-0.12829143,-0.2008304,0
0.71854448,5.1446843,-0.17302036,0.16923288,0.96461433,0.2021873,0
0.83983326,2.5302513,4.0776854,0.16778487,-0.23034915,0.95853412,0
0.55170697,2.1646981,-1.073459,0.97118926,-0.12829143,-0.2008304,0
0.24950957,-0.4178412,3.3962636,0.16778487,-0.23034915,0.95853412,0
1.2704,3.6352265,1.2767341,0.97118926,-0.12829143,-0.2008304,0
-0.4371956,-1.7352479,1.3768156,-0.97118926,0.12829143,0.2008304,0
0.79556608,1.6331488,4.081964,0.16778487,-0.23034915,0.95853412,0
0.107063,5.4030566,-0.90294886,0.16923288,0.96461433,0.2021873,0
-1.0318871,-4.2604709,-4.2787542,-0.16923288,-0.96461433,-0.2021873,0
-0.20780304,-5.6546197,1.5238628,-0.16923288,-0.96461433,-0.2021873,0
0.16800261,5.7127361,-1.9551392,0.16923288,0.96461433,0.2021873,0
0.17914653,5.4254599,-0.82468557,0.16923288,0.96461433,0.2021873,0
0.089903355,1.0408343,-3.3349438,0.97118926,-0.12829143,-0.2008304,0
1.1940746,1.8295838,4.0704327,0.16778487,-0.23034915,0.95853412,0
-0.42032075,-4.9744802,-0.37678337,-0.16923288,-0.96461433,-0.2021873,0
1.448842,3.992022,3.7366884,0.16923288,0.96461433,0.2021873,0
-0.77601719,-4.1873298,-3.6575785,-0.16923288,-0.96461433,-0.2021873,0
-0.19442093,-5.2728949,0.61998653,-0.16923288,-0.96461433,-0.2021873,0
-0.013409199,-5.092618,1.324614,0.97118926,-0.12829143,-0.2008304,0
-0.16061836,-3.6967552,-0.016971588,0.97118926,-0.12829143,-0.2008304,0
0.52290833,-3.776077,2.803879,0.16778487,-0.23034915,0.95853412,0
-0.85773301,-4.4897346,-2.5593541,-0.16923288,-0.96461433,-0.2021873,0
-0.35081816,-5.0860529,0.17028475,-0.16923288,-0.96461433,-0.2021873,0
1.1369522,4.8953571,1.4025745,0.16923288,0.96461433,0.2021873,0
-0.98742855,-4.8902988,-0.74954605,-0.16923288,-0.96461433,-0.2021873,0
-1.8486619,-4.2170997,-3.9676993,-0.16923288,-0.96461433,-0.2021873,0
1.2648728,4.5729823,1.7392554,0.16923288,0.96461433,0.2021873,0
1.4090672,4.4694295,1.7259636,0.16923288,0.96461433,0.2021873,0
1.4447575,4.3175216,3.7570336,0.16923288,0.96461433,0.2021873,0
0.65634954,-1.3487236,2.2174284,0.97118926,-0.12829143,-0.2008304,0
0.92277384,2.0640309,3.9466226,0.16778487,-0.23034915,0.95853412,0
0.4713738,-3.2844956,2.8119798,0.16778487,-0.23034915,0.95853412,0
0.29058576,-4.3349438,2.5089128,0.16778487,-0.23034915,0.95853412,0
-1.6230464,-4.0869684,-4.0041866,-0.16923288,-0.96461433,-0.2021873,0
-0.9439013,1.38589,-3.324806,-0.16778487,0.23034915,-0.95853412,0
1.1240047,4.9347906,0.46586561,0.16923288,0.96461433,0.2021873,0
-1.1267289,-0.39854509,-2.1552885,-0.97118926,0.12829143,0.2008304,0
1.0506325,3.7067366,4.3450665,0.16778487,-0.23034915,0.95853412,0
-1.4178576,-3.3755655,-4.3766928,-0.16778487,0.23034915,-0.95853412,0
1.2643423,2.2439198,3.8171887,0.16778487,-0.23034915,0.95853412,0
-0.38809496,-5.0813975,0.33547735,-0.16923288,-0.96461433,-0.2021873,0
0.10558176,0.17529774,2.2609229,-0.97118926,0.12829143,0.2008304,0
0.58389497,3.126694,2.8653018,-0.97118926,0.12829143,0.2008304,0
-0.22048712,-4.2212248,2.5925834,0.16778487,-0.23034915,0.95853412,0
0.1631813,4.5444598,0.43649864,-0.97118926,0.12829143,0.2008304,0
0.68251514,2.2293923,3.9557028,0.16778487,-0.23034915,0.95853412,0
0.77213264,5.2608237,-0.79608393,0.16923288,0.96461433,0.2021873,0
0.63314974,5.4683619,-1.8264832,0.16923288,0.96461433,0.2021873,0
0.82112885,3.3574307,3.7623804,-0.97118926,0.12829143,0.2008304,0
-0.55020809,3.8204055,-2.7168252,-0.16778487,0.23034915,-0.95853412,0
0.2025435,-2.3865154,3.2495258,0.16778487,-0.23034915,0.95853412,0
1.2972376,1.0685821,3.7205935,0.16778487,-0.23034915,0.95853412,0
1.0275046,5.0373864,-0.35335922,0.16923288,0.96461433,0.2021873,0
-0.58966827,0.52488899,-3.3299167,-0.16778487,0.23034915,-0.95853412,0
-0.11467385,-0.68647504,-2.7143061,0.97118926,-0.12829143,-0.2008304,0
-1.4654818,-4.3997321,-2.8386889,-0.16923288,-0.96461433,-0.2021873,0
-0.96761686,-4.8343339,-0.058568954,-0.16923288,-0.96461433,-0.2021873,0
-0.10994101,1.6627582,-3.2676246,-0.16778487,0.23034915,-0.95853412,0
0.35743806,5.6693344,-2.0954618,0.16923288,0.96461433,0.2021873,0
0.25074029,1.4021001,-1.2433795,0.97118926,-0.12829143,-0.2008304,0
0.11584556,4.5802488,0.082930088,-0.97118926,0.12829143,0.2008304,0
0.11853683,-4.3905354,0.078519821,0.97118926,-0.12829143,-0.2008304,0
-0.52808022,2.0218179,-3.1784208,-0.16778487,0.23034915,-0.95853412,0
0.50528115,-3.5327075,2.0792494,0.97118926,-0.12829143,-0.2008304,0
-0.2074858,-3.8449669,2.6603117,0.16778487,-0.23034915,0.95853412,0
-0.33075151,-5.4244919,1.1510706,-0.16923288,-0.96461433,-0.2021873,0
-0.29645422,-5.2707233,0.90570354,-0.16923288,-0.96461433,-0.2021873,0
-1.0620303,-2.7651429,-3.9646668,-0.16778487,0.23034915,-0.95853412,0
-0.28513873,-1.8503194,2.3326211,-0.97118926,0.12829143,0.2008304,0
-1.1252209,-2.5404329,-1.0272636,-0.97118926,0.12829143,0.2008304,0
-0.46441185,3.4597497,-2.6434331,-0.16778487,0.23034915,-0.95853412,0
0.36080486,5.3148828,-2.3737116,-0.16778487,0.23034915,-0.95853412,0
-0.7618804,-3.0792391,-4.0971417,-0.16778487,0.23034915,-0.95853412,0
1.0822934,0.7448895,1.6220918,0.97118926,-0.12829143,-0.2008304,0
0.43033701,5.2338352,-1.4563675,0.16923288,0.96461433,0.2021873,0
-0.60844207,-1.4989228,-0.00020933151,-0.97118926,0.12829143,0.2008304,0
-0.79669511,-2.9708519,0.069870949,-0.97118926,0.12829143,0.2008304,0
0.57048041,5.0639582,-0.36851549,0.16923288,0.96461433,0.2021873,0
0.072254419,-0.20527053,2.177599,-0.97118926,0.12829143,0.2008304,0
-1.1447015,-2.2031107,-3.9810529,-0.16778487,0.23034915,-0.95853412,0
0.48830429,5.3526363,-1.2493491,0.16923288,0.96461433,0.2021873,0
1.9655313,4.0001574,4.2026424,0.16923288,0.96461433,0.2021873,0
0.43842196,-2.3324447,0.38002241,0.97118926,-0.12829143,-0.2008304,0
0.6637826,-2.8607628,2.9336638,0.16778487,-0.23034915,0.95853412,0
-0.35701191,-5.2463617,-0.20671749,-0.16923288,-0.96461433,-0.2021873,0
1.2110833,3.9035091,1.2139769,0.97118926,-0.12829143,-0.2008304,0
-0.047943234,4.7140036,-0.43184471,-0.97118926,0.12829143,0.2008304,0
-0.70488656,-2.6098547,-0.20542336,-0.97118926,0.12829143,0.2008304,0
-1.7750709,-4.3160181,-2.496594,-0.16923288,-0.96461433,-0.2021873,0
1.0184605,4.4142809,-0.45004416,0.97118926,-0.12829143,-0.2008304,0
-0.21416783,-2.9076738,-1.5743232,0.97118926,-0.12829143,-0.2008304,0
-1.2097106,-4.3777599,-2.6631603,-0.16923288,-0.96461433,-0.2021873,0
-1.4301977,-4.6136341,-2.418376,-0.16923288,-0.96461433,-0.2021873,0
1.7286129,4.1247377,4.2447481,0.16923288,0.96461433,0.2021873,0
-0.4614909,-5.4685287,0.84104872,-0.16923288,-0.96461433,-0.2021873,0
1.4047716,4.1645236,2.9404416,0.16923288,0.96461433,0.2021873,0
0.73722792,3.1199841,4.153461,0.16778487,-0.23034915,0.95853412,0
-0.31375527,1.0953267,-3.30703,-0.16778487,0.23034915,-0.95853412,0
0.090399981,-1.3261232,-0.39247036,0.97118926,-0.12829143,-0.2008304,0
0.076437622,-4.072814,0.85123038,0.97118926,-0.12829143,-0.2008304,0
-1.8155913,-3.6138763,-4.1260924,-0.16778487,0.23034915,-0.95853412,0
0.81194001,4.9713683,-0.47901201,0.16923288,0.96461433,0.2021873,0
-0.79762661,1.9059327,-2.2076614,-0.97118926,0.12829143,0.2008304,0
-0.70053649,-3.4545853,-2.8062499,0.97118926,-0.12829143,-0.2008304,0
-0.37374353,-5.2875223,1.3199267,-0.16923288,-0.96461433,-0.2021873,0
1.2883153,3.0057311,4.2742033,0.16778487,-0.23034915,0.95853412,0
-0.39194703,3.8371253,-2.7212236,-0.16778487,0.23034915,-0.95853412,0
-1.0164227,-2.1762028,-3.9368894,-0.16778487,0.23034915,-0.95853412,0
0.41694397,-2.3356907,0.52638412,0.97118926,-0.12829143,-0.2008304,0
0.067640543,-0.54923618,3.4233079,0.16778487,-0.23034915,0.95853412,0
-0.59357715,-4.8360949,-1.2807002,-0.16923288,-0.96461433,-0.2021873,0
0.69949245,4.8690543,0.14768887,0.16923288,0.96461433,0.2021873,0
1.3988328,1.5474479,3.5396154,0.97118926,-0.12829143,-0.2008304,0
-0.4097665,-0.67604798,1.1875722,-0.97118926,0.12829143,0.2008304,0
0.17210829,-3.5652325,2.7687118,0.16778487,-0.23034915,0.95853412,0
0.024243593,5.5017986,-0.83915281,0.16923288,0.96461433,0.2021873,0
0.85193539,5.1371088,0.041771412,0.16923288,0.96461433,0.2021873,0
-0.12332451,2.739068,0.47985864,-0.97118926,0.12829143,0.2008304,0
-1.1362104,-4.4109621,-2.035429,-0.16923288,-0.96461433,-0.2021873,0
0.92044544,-0.56714123,1.9489455,0.97118926,-0.12829143,-0.2008304,0
0.98619795,0.39974082,3.7434998,0.16778487,-0.23034915,0.95853412,0
-1.4031672,-4.2450147,-3.5860789,-0.16923288,-0.96461433,-0.2021873,0
0.78803253,2.9369278,4.0129275,0.16778487,-0.23034915,0.95853412,0
1.9175334,3.8145263,4.1103859,0.16923288,0.96461433,0.2021873,0
-0.63938278,-5.1054802,1.1016188,-0.16923288,-0.96461433,-0.2021873,0
0.59118223,-1.3946815,3.248785,0.16778487,-0.23034915,0.95853412,0
-1.0260801,-1.0750087,-3.7858307,-0.16778487,0.23034915,-0.95853412,0
0.19847322,2.5733488,2.338407,-0.97118926,0.12829143,0.2008304,0
-0.071517706,-2.5988998,2.8503325,0.16778487,-0.23034915,0.95853412,0
-0.57124472,-0.4449054,0.070718765,-0.97118926,0.12829143,0.2008304,0
0.92908275,0.2208682,1.5071642,0.97118926,-0.12829143,-0.2008304,0
-0.96160889,-4.1228933,-3.5856001,-0.16923288,-0.96461433,-0.2021873,0
-1.298404,-4.0387173,-0.97873116,-0.97118926,0.12829143,0.2008304,0
0.81671512,1.8738666,0.38934088,0.97118926,-0.12829143,-0.2008304,0
0.21248221,-3.5702715,2.8153932,0.16778487,-0.23034915,0.95853412,0
1.8537822,4.2022738,3.3706107,0.16923288,0.96461433,0.2021873,0
-0.34522337,-5.7625656,2.0993905,-0.16923288,-0.96461433,-0.2021873,0
-0.54612118,0.66828942,-0.75643736,-0.97118926,0.12829143,0.2008304,0
-1.4053202,-4.0480685,-3.5918593,-0.16923288,-0.96461433,-0.2021873,0
0.36223337,-2.3132892,0.32092905,0.97118926,-0.12829143,-0.2008304,0
0.84353113,4.0698161,3.7486022,0.16923288,0.96461433,0.2021873,0
0.60792017,4.5243359,2.6673114,0.16923288,0.96461433,0.2021873,0
-0.79004163,-4.0621448,2.2293632,-0.97118926,0.12829143,0.2008304,0
-0.6115725,-5.419467,0.74849129,-0.16923288,-0.96461433,-0.2021873,0
-1.2561712,-4.5067954,-2.9428272,-0.16923288,-0.96461433,-0.2021873,0
-1.4313974,-1.9413815,-4.0268192,-0.16778487,0.23034915,-0.95853412,0
-0.37234306,1.393667,-3.0497749,-0.16778487,0.23034915,-0.95853412,0
1.0399387,5.5022249,-1.5324864,0.16923288,0.96461433,0.2021873,0
-0.50323915,-3.9255409,2.59847,0.16778487,-0.23034915,0.95853412,0
0.037948608,-4.5131288,2.5908856,0.16778487,-0.23034915,0.95853412,0
-0.89579725,-4.2042022,-4.0263724,-0.16923288,-0.96461433,-0.2021873,0
-1.4228215,-4.424757,-2.6821232,-0.16923288,-0.96461433,-0.2021873,0
-1.0687835,-1.9381611,-3.8609354,-0.16778487,0.23034915,-0.95853412,0
-0.98704535,-4.9626632,0.10725975,-0.16923288,-0.96461433,-0.2021873,0
-0.44792566,-1.4344056,0.69568348,-0.97118926,0.12829143,0.2008304,0
0.28949952,-0.47946107,3.502461,0.16778487,-0.23034915,0.95853412,0
-1.5245342,-3.0349455,-3.9153392,-0.16778487,0.23034915,-0.95853412,0
-0.67776543,-3.9963741,1.8465679,-0.97118926,0.12829143,0.2008304,0
-1.2232339,-4.3629689,-2.3132281,-0.16923288,-0.96461433,-0.2021873,0
-0.46187496,-2.7424095,-3.5941253,0.97118926,-0.12829143,-0.2008304,0
0.82647347,4.5981417,1.6875968,0.16923288,0.96461433,0.2021873,0
-0.39871168,-0.31865001,-3.730541,-0.16778487,0.23034915,-0.95853412,0
-0.021269083,-3.2319567,2.8015718,0.16778487,-0.23034915,0.95853412,0
0.27486682,-0.54214042,-1.2604333,0.97118926,-0.12829143,-0.2008304,0
-0.73873162,-4.9891458,-0.62472057,-0.16923288,-0.96461433,-0.2021873,0
1.3958621,4.4425602,2.6219392,0.16923288,0.96461433,0.2021873,0
-0.34195822,-5.6303616,1.8549995,-0.16923288,-0.96461433,-0.2021873,0
1.1801729,4.3722334,2.3715434,0.16923288,0.96461433,0.2021873,0
-0.95340466,-4.3418708,-2.9655786,-0.16923288,-0.96461433,-0.2021873,0
0.8167305,4.3424177,3.5948126,0.16923288,0.96461433,0.2021873,0
1.3881059,4.6497774,1.2014174,0.16923288,0.96461433,0.2021873,0
0.45479727,-0.82550144,3.2672968,0.16778487,-0.23034915,0.95853412,0
-0.69070482,-4.6995888,-1.6281033,-0.16923288,-0.96461433,-0.2021873,0
-0.22185397,-2.2661138,2.7614512,-0.97118926,0.12829143,0.2008304,0
0.71191454,-0.49851215,3.5152264,0.16778487,-0.23034915,0.95853412,0
0.58103985,-2.6804533,1.1590238,0.97118926,-0.12829143,-0.2008304,0
-0.41525161,-0.20377731,1.5338228,-0.97118926,0.12829143,0.2008304,0
-0.28640932,-5.6149297,2.2941284,-0.16923288,-0.96461433,-0.2021873,0
-0.97302699,1.1729727,-3.1635699,-0.16778487,0.23034915,-0.95853412,0
0.80711639,2.3994908,-1.0126245,0.97118926,-0.12829143,-0.2008304,0
-0.33193731,-2.2662737,-2.8386631,0.97118926,-0.12829143,-0.2008304,0
-0.3837359,0.27109778,-3.3246858,-0.16778487,0.23034915,-0.95853412,0
-0.55220842,-4.8324919,-0.44326591,-0.16923288,-0.96461433,-0.2021873,0
0.085145473,-5.6619959,2.1301003,-0.16923288,-0.96461433,-0.2021873,0
0.23345949,-3.8578105,0.95160556,0.97118926,-0.12829143,-0.2008304,0
-0.15652704,4.7487574,-0.76463556,-0.97118926,0.12829143,0.2008304,0
0.69406104,-2.5994124,3.0113709,0.16778487,-0.23034915,0.95853412,0
-0.94303989,-2.41359,-3.9544973,-0.16778487,0.23034915,-0.95853412,0
-0.75740981,-5.1917624,0.82626057,-0.16923288,-0.96461433,-0.2021873,0
0.0036221743,3.8676927,-2.7868316,-0.16778487,0.23034915,-0.95853412,0
0.95716047,4.3619366,2.892097,0.16923288,0.96461433,0.2021873,0
-0.85782671,-2.2847207,-4.0725298,-0.16778487,0.23034915,-0.95853412,0
-0.082405567,2.5034547,-0.18821836,-0.97118926,0.12829143,0.2008304,0
-0.35405827,-1.4599121,-4.0579276,-0.16778487,0.23034915,-0.95853412,0
0.76467681,4.7153621,1.2905722,0.16923288,0.96461433,0.2021873,0
-1.2397666,-4.2082977,-3.8216598,-0.16923288,-0.96461433,-0.2021873,0
-1.0482755,-3.6961517,-4.2650528,-0.16778487,0.23034915,-0.95853412,0
-0.43258572,0.75559592,-3.1907642,-0.16778487,0.23034915,-0.95853412,0
0.69120574,-2.7817676,2.9341428,0.16778487,-0.23034915,0.95853412,0
0.43628645,2.2005029,3.7978742,-0.97118926,0.12829143,0.2008304,0
0.66843218,3.4041252,-1.4439404,0.97118926,-0.12829143,-0.2008304,0
-1.0266488,-4.5678477,-1.7262454,-0.16923288,-0.96461433,-0.2021873,0
-0.026615381,-1.5830102,3.2046199,0.16778487,-0.23034915,0.95853412,0
0.86032701,-0.47005919,1.8870018,0.97118926,-0.12829143,-0.2008304,0
-1.3856091,-2.2147591,-3.5848954,-0.97118926,0.12829143,0.2008304,0
-0.43386841,-3.9363739,2.9329472,0.16778487,-0.23034915,0.95853412,0
0.88790369,4.3942337,2.4310615,0.16923288,0.96461433,0.2021873,0
-1.2882092,-4.4224749,-2.4718785,-0.16923288,-0.96461433,-0.2021873,0
0.17699862,2.2253256,1.4888293,-0.97118926,0.12829143,0.2008304,0
0.32725653,-2.8290524,0.38146591,0.97118926,-0.12829143,-0.2008304,0
-1.3589873,-0.83344078,-3.4094381,-0.16778487,0.23034915,-0.95853412,0
-0.59786403,1.7195461,-1.7232686,-0.97118926,0.12829143,0.2008304,0
-0.24184053,-5.5520449,1.4494228,-0.16923288,-0.96461433,-0.2021873,0
-0.34389728,1.4449897,-0.45301723,-0.97118926,0.12829143,0.2008304,0
0.48702878,5.4830322,-1.9184623,0.16923288,0.96461433,0.2021873,0
-0.60070431,-5.1053576,0.65054512,-0.16923288,-0.96461433,-0.2021873,0
1.1837842,-0.57043791,3.151783,0.16778487,-0.23034915,0.95853412,0
-0.56507117,-5.5053725,1.6427116,-0.16923288,-0.96461433,-0.2021873,0
-0.027102768,4.4500141,-0.58445692,-0.97118926,0.12829143,0.2008304,0
-0.51098895,1.2856311,-3.3922124,-0.16778487,0.23034915,-0.95853412,0
0.095428228,-4.1389337,2.5002973,0.16778487,-0.23034915,0.95853412,0
-0.029767275,-1.456872,-1.918577,0.97118926,-0.12829143,-0.2008304,0
0.54403818,5.2660723,0.033860207,0.16923288,0.96461433,0.2021873,0
0.45478201,1.7256565,-1.4081359,0.97118926,-0.12829143,-0.2008304,0
-0.6348207,-4.4198008,-2.170404,-0.16923288,-0.96461433,-0.2021873,0
-0.58861297,1.2378867,-1.3542649,-0.97118926,0.12829143,0.2008304,0
-0.39599419,4.0550671,-2.7051117,-0.16778487,0.23034915,-0.95853412,0
-1.425467,-3.5948989,-1.5275834,-0.97118926,0.12829143,0.2008304,0
-0.33495998,-5.2942715,1.5749454,-0.16923288,-0.96461433,-0.2021873,0
-0.36534119,-0.11917031,1.3760751,-0.97118926,0.12829143,0.2008304,0
0.43290806,1.888144,3.9998431,0.16778487,-0.23034915,0.95853412,0
0.88387537,4.9213877,1.3464336,0.16923288,0.96461433,0.2021873,0
-0.78697467,1.4891187,-2.9602284,-0.16778487,0.23034915,-0.95853412,0
0.28539014,4.3538175,-2.4749885,-0.16778487,0.23034915,-0.95853412,0
0.048671722,-5.2920222,2.3772454,0.16778487,-0.23034915,0.95853412,0
-0.8647325,-1.0864577,-3.6638453,-0.16778487,0.23034915,-0.95853412,0
-1.0459514,-4.450253,-3.5879405,-0.16923288,-0.96461433,-0.2021873,0
-0.89675319,-3.3144002,0.55837202,-0.97118926,0.12829143,0.2008304,0
-1.4735374,-0.86374742,-3.5350313,-0.16778487,0.23034915,-0.95853412,0
0.29842257,-0.29603696,3.674113,0.16778487,-0.23034915,0.95853412,0
1.5556967,2.7893322,3.6254086,0.97118926,-0.12829143,-0.2008304,0
-0.35491604,5.5229383,-2.1264806,-0.97118926,0.12829143,0.2008304,0
-0.63956118,-5.3034563,0.22335291,-0.16923288,-0.96461433,-0.2021873,0
0.58516884,4.7317429,1.0919166,0.16923288,0.96461433,0.2021873,0
-0.038126081,5.7432394,-1.9811778,0.16923288,0.96461433,0.2021873,0
0.97300804,3.5178823,0.48253107,0.97118926,-0.12829143,-0.2008304,0
-1.1108854,-5.0910273,0.15865803,-0.16923288,-0.96461433,-0.2021873,0
-0.74237013,2.5739543,-3.0049093,-0.16778487,0.23034915,-0.95853412,0
-0.47346687,-2.0145948,-4.21734,-0.16778487,0.23034915,-0.95853412,0
-1.7960498,-4.2968965,-3.3845062,-0.16923288,-0.96461433,-0.2021873,0
1.6822085,4.1625228,4.3149252,0.16923288,0.96461433,0.2021873,0
-0.46800366,-2.6304343,0.97300553,-0.97118926,0.12829143,0.2008304,0
1.6901708,4.1553111,4.2668667,0.16923288,0.96461433,0.2021873,0
1.2456675,2.6676571,4.128653,0.16778487,-0.23034915,0.95853412,0
-0.066246033,2.4615722,-3.0542333,-0.16778487,0.23034915,-0.95853412,0
-0.95244706,-5.2550545,1.465611,-0.16923288,-0.96461433,-0.2021873,0
1.4590187,4.9673405,0.65880108,0.16923288,0.96461433,0.2021873,0
0.83525938,4.7196193,-0.79948044,0.97118926,-0.12829143,-0.2008304,0
0.085622072,-3.0010464,2.9395602,0.16778487,-0.23034915,0.95853412,0
-0.63307256,-5.4548717,1.2562361,-0.16923288,-0.96461433,-0.2021873,0
0.32235765,-2.0540457,3.2944837,0.16778487,-0.23034915,0.95853412,0
-0.61181587,-5.7106314,2.2799301,-0.16923288,-0.96461433,-0.2021873,0
1.1975346,2.4360912,4.0118046,0.16778487,-0.23034915,0.95853412,0
-1.3497713,-1.11423,-3.031522,-0.97118926,0.12829143,0.2008304,0
0.4120903,5.1646528,0.32747555,0.16923288,0.96461433,0.2021873,0
0.50692773,5.0440884,0.89708042,0.16923288,0.96461433,0.2021873,0
1.1064692,2.4431901,3.8996806,0.16778487,-0.23034915,0.95853412,0
-0.57886457,-4.6284986,-1.5086288,0.97118926,-0.12829143,-0.2008304,0
-0.5524776,-2.6505342,0.84652877,-0.97118926,0.12829143,0.2008304,0
-0.54862046,-5.4136353,2.1287274,-0.16923288,-0.96461433,-0.2021873,0
0.96649408,4.5939865,2.8670557,0.16923288,0.96461433,0.2021873,0
0.69167769,-3.532732,2.3855033,0.97118926,-0.12829143,-0.2008304,0
0.78012478,5.4345083,-1.2074547,0.16923288,0.96461433,0.2021873,0
-1.1153259,-4.549305,-1.1271234,-0.16923288,-0.96461433,-0.2021873,0
-0.84884501,-3.8336229,-3.5191627,0.97118926,-0.12829143,-0.2008304,0
1.3754315,4.3629622,2.090816,0.16923288,0.96461433,0.2021873,0
-1.2923441,-4.7993784,-1.6571298,-0.16923288,-0.96461433,-0.2021873,0
-1.048286,-4.2214894,-3.6386616,-0.16923288,-0.96461433,-0.2021873,0
-0.90267706,-3.523716,-4.526576,-0.16778487,0.23034915,-0.95853412,0
-0.30294156,0.79295743,1.4118918,-0.97118926,0.12829143,0.2008304,0
-0.3257525,-3.971374,-1.4276612,0.97118926,-0.12829143,-0.2008304,0
-0.87656939,-5.0369396,0.61546135,-0.16923288,-0.96461433,-0.2021873,0
-0.71908689,-4.653194,-1.2443013,-0.16923288,-0.96461433,-0.2021873,0
-0.47294438,-5.2048039,0.50617933,-0.16923288,-0.96461433,-0.2021873,0
1.4280298,4.4101276,3.2226787,0.16923288,0.96461433,0.2021873,0
-0.93653524,0.043818608,-1.2768259,-0.97118926,0.12829143,0.2008304,0
-0.3189466,-3.1759217,-1.8005626,0.97118926,-0.12829143,-0.2008304,0
0.015554309,5.4360123,-2.4422126,-0.16778487,0.23034915,-0.95853412,0
1.4328198,1.8099699,3.7664316,0.97118926,-0.12829143,-0.2008304,0
0.31484386,-3.9304953,1.0052359,0.97118926,-0.12829143,-0.2008304,0
0.060347479,-5.642849,1.4096055,0.97118926,-0.12829143,-0.2008304,0
-0.0016342998,2.576149,0.22008014,-0.97118926,0.12829143,0.2008304,0
0.26741874,5.3213425,-1.5327644,0.16923288,0.96461433,0.2021873,0
-0.65679765,-3.4183774,1.5610547,-0.97118926,0.12829143,0.2008304,0
1.1764534,1.161472,1.7317637,0.97118926,-0.12829143,-0.2008304,0
-0.7182582,-5.2940831,0.20739412,-0.16923288,-0.96461433,-0.2021873,0
0.87194085,-0.13296854,2.7055726,0.97118926,-0.12829143,-0.2008304,0
-0.85264611,-1.4330218,-3.8216336,-0.16778487,0.23034915,-0.95853412,0
0.052189708,5.3123312,-0.6263113,0.16923288,0.96461433,0.2021873,0
0.62661129,5.639184,-2.4250507,0.16923288,0.96461433,0.2021873,0
1.0482044,5.1767459,-1.3615446,0.16923288,0.96461433,0.2021873,0
0.012759209,-2.5731394,3.033129,0.16778487,-0.23034915,0.95853412,0
0.80548573,2.6125565,4.296423,0.16778487,-0.23034915,0.95853412,0
0.10217619,-0.86980176,2.6772108,-0.97118926,0.12829143,0.2008304,0
0.66056681,2.185214,4.1335864,0.16778487,-0.23034915,0.95853412,0
0.64163899,4.7421193,1.0367551,0.16923288,0.96461433,0.2021873,0
0.95511127,4.4257989,2.3228054,0.16923288,0.96461433,0.2021873,0
0.12183285,-1.3154025,-1.6291149,0.97118926,-0.12829143,-0.2008304,0
-0.5840826,-4.2669492,-3.0768807,-0.16923288,-0.96461433,-0.2021873,0
-1.0244074,-5.1185169,-0.035919666,-0.16923288,-0.96461433,-0.2021873,0
0.85354418,4.8571472,-0.047268391,0.16923288,0.96461433,0.2021873,0
-0.2212739,-1.1028811,-2.4041328,0.97118926,-0.12829143,-0.2008304,0
1.5893345,2.4596715,2.9142661,0.97118926,-0.12829143,-0.2008304,0
0.39209217,-1.7121431,1.1438494,0.97118926,-0.12829143,-0.2008304,0
-1.3039594,-4.3121653,-3.5970392,-0.16923288,-0.96461433,-0.2021873,0
1.3314786,3.5199146,0.9005661,0.97118926,-0.12829143,-0.2008304,0
-0.99272847,-2.2602274,-0.84270668,-0.97118926,0.12829143,0.2008304,0
-1.0149243,-4.5388217,-2.1845026,-0.16923288,-0.96461433,-0.2021873,0
0.13580668,3.9504895,-2.7576427,-0.16778487,0.23034915,-0.95853412,0
-0.3641572,4.3923454,-2.4515479,-0.16778487,0.23034915,-0.95853412,0
-1.249404,-4.0242162,-4.1587033,-0.16923288,-0.96461433,-0.2021873,0
-1.0273448,-2.6159518,0.038791418,-0.97118926,0.12829143,0.2008304,0
0.71758652,-2.0091853,3.1158645,0.16778487,-0.23034915,0.95853412,0
-0.46497798,-3.5768225,-1.8968883,0.97118926,-0.12829143,-0.2008304,0
-1.9276295,-3.9801824,-4.1471548,-0.16923288,-0.96461433,-0.2021873,0
-1.027879,0.2962985,-2.1656966,-0.97118926,0.12829143,0.2008304,0
-0.8388679,-4.4665303,1.7242031,-0.97118926,0.12829143,0.2008304,0
-0.22518077,5.6009798,-1.8551512,0.16923288,0.96461433,0.2021873,0
-0.6483745,-5.5028262,1.7479448,-0.16923288,-0.96461433,-0.2021873,0
0.97388411,4.6887131,1.7631969,0.16923288,0.96461433,0.2021873,0
-0.52041316,0.2240324,-3.3608589,-0.16778487,0.23034915,-0.95853412,0
1.2846088,2.175308,3.7812657,0.16778487,-0.23034915,0.95853412,0
-0.45344442,-5.2630868,2.6290669,0.16778487,-0.23034915,0.95853412,0
-0.29855728,-0.07891345,-3.7022078,-0.16778487,0.23034915,-0.95853412,0
-0.86112213,1.8133925,-3.0071504,-0.16778487,0.23034915,-0.95853412,0
-0.45489192,-3.1678181,3.0075774,0.16778487,-0.23034915,0.95853412,0
0.35186172,-5.306777,2.1403475,0.16778487,-0.23034915,0.95853412,0
-0.71722889,-2.4833894,-3.462646,0.97118926,-0.12829143,-0.2008304,0
0.83112955,0.39892304,3.4751594,0.16778487,-0.23034915,0.95853412,0
0.051578045,1.5585501,1.2845891,-0.97118926,0.12829143,0.2008304,0
-1.7212543,-4.4844723,-2.1959772,-0.97118926,0.12829143,0.2008304,0
-1.0244921,-5.0082459,0.9391799,-0.16923288,-0.96461433,-0.2021873,0
0.85635567,3.2323971,4.4254522,0.16778487,-0.23034915,0.95853412,0
-0.40676355,1.6238519,-3.235512,-0.16778487,0.23034915,-0.95853412,0
-0.55649269,-2.1751041,0.22711968,-0.97118926,0.12829143,0.2008304,0
-0.66435385,2.9290261,-3.0011151,-0.16778487,0.23034915,-0.95853412,0
-1.6226382,-4.012712,-4.1963596,-0.16778487,0.23034915,-0.95853412,0
0.36590958,-2.5450258,1.0226125,0.97118926,-0.12829143,-0.2008304,0
-1.2961414,-4.0644794,-0.26597357,-0.97118926,0.12829143,0.2008304,0
-0.31858969,-5.12465,0.66902161,-0.16923288,-0.96461433,-0.2021873,0
2.0003781,3.934962,4.0891218,0.16923288,0.96461433,0.2021873,0
0.20110667,3.0739167,-2.8348687,0.97118926,-0.12829143,-0.2008304,0
-0.80688405,-4.9644909,0.23626709,-0.16923288,-0.96461433,-0.2021873,0
0.93919849,4.4547095,2.2496099,0.16923288,0.96461433,0.2021873,0
0.26203132,-0.57920849,3.4414861,0.16778487,-0.23034915,0.95853412,0
0.36550105,1.9784172,-1.2769513,0.97118926,-0.12829143,-0.2008304,0
0.87575853,0.78775036,1.068542,0.97118926,-0.12829143,-0.2008304,0
-0.8302927,-3.1714804,-4.454196,-0.16778487,0.23034915,-0.95853412,0
-0.70451117,-4.3846674,-2.9118507,-0.16923288,-0.96461433,-0.2021873,0
-0.73029852,-4.7696381,-2.3236437,-0.16923288,-0.96461433,-0.2021873,0
1.1830375,5.0865149,0.26002312,0.16923288,0.96461433,0.2021873,0
0.3279953,-3.0592101,2.9471865,0.16778487,-0.23034915,0.95853412,0
0.88180757,5.2109108,-1.0669823,0.16923288,0.96461433,0.2021873,0
-0.020756125,-4.4092097,2.6459301,0.16778487,-0.23034915,0.95853412,0
0.8798914,5.3638382,-0.61872721,0.16923288,0.96461433,0.2021873,0
-1.0126024,2.0738111,-2.8360605,-0.97118926,0.12829143,0.2008304,0
0.18441033,5.3150096,-0.66993046,0.16923288,0.96461433,0.2021873,0
-0.34816194,-1.9441521,2.5495365,-0.97118926,0.12829143,0.2008304,0
-0.10037899,2.0304046,-2.9887123,-0.16778487,0.23034915,-0.95853412,0
1.0109811,3.2033684,4.4508781,0.16778487,-0.23034915,0.95853412,0
-1.0595183,0.16315103,-3.4773088,-0.16778487,0.23034915,-0.95853412,0
-1.3841574,-4.4468102,-2.8679128,-0.16923288,-0.96461433,-0.2021873,0
-1.0297058,-0.76643193,-3.642324,-0.16778487,0.23034915,-0.95853412,0
-0.055841923,-1.3656405,3.4369364,0.16778487,-0.23034915,0.95853412,0
0.29480433,3.8963151,1.5876262,-0.97118926,0.12829143,0.2008304,0
-0.88705397,-4.9169569,-0.31016111,-0.16923288,-0.96461433,-0.2021873,0
0.22305465,-1.9879098,2.9658,0.16778487,-0.23034915,0.95853412,0
-0.81354344,1.7602735,-2.2931471,-0.97118926,0.12829143,0.2008304,0
0.45115322,5.7173858,-2.0935702,0.16923288,0.96461433,0.2021873,0
