0.0015711486,1.0917716,-0.19796079,-0.564614,0.79641068,-0.21665817,0
0.19788754,-0.67976958,1.0052031,0.564614,-0.79641068,0.21665817,0
-2.3679278,-1.9789855,0.32013845,-0.8044787,-0.58969998,-0.071188092,0
-2.500035,-1.4087703,0.16125345,-0.8044787,-0.58969998,-0.071188092,0
-2.1142588,-1.7247397,0.89948583,-0.18445814,0.13410313,0.97364849,0
-2.4448357,-1.9361676,0.12826228,-0.8044787,-0.58969998,-0.071188092,0
-2.1358881,-1.0001569,-1.2069198,0.18445814,-0.13410313,-0.97364849,0
2.9902744,1.1528702,-0.041690826,0.8044787,0.58969998,0.071188092,0
2.2275538,2.0825913,0.65416193,0.8044787,0.58969998,0.071188092,0
2.2662828,2.1281714,0.06976223,0.8044787,0.58969998,0.071188092,0
-2.7407997,-1.4998143,-0.90483594,-0.8044787,-0.58969998,-0.071188092,0
-1.5876337,-1.0032505,-1.2159069,0.18445814,-0.13410313,-0.97364849,0
-2.4623857,-1.7439102,-0.68896127,-0.8044787,-0.58969998,-0.071188092,0
-2.1887503,-0.86558688,-1.2051722,0.18445814,-0.13410313,-0.97364849,0
-2.7659454,-1.065707,-1.1647992,-0.564614,0.79641068,-0.21665817,0
0.05420813,-1.187721,-0.45229897,0.564614,-0.79641068,0.21665817,0
1.9578171,1.4056607,1.0647693,-0.18445814,0.13410313,0.97364849,0
-1.1209536,-0.92804545,0.97875571,-0.18445814,0.13410313,0.97364849,0
-0.11433834,-1.1600103,-1.0762025,0.18445814,-0.13410313,-0.97364849,0
-1.6085159,-2.7509518,-0.81582761,-0.8044787,-0.58969998,-0.071188092,0
0.48241168,1.5955634,-0.42853808,-0.564614,0.79641068,-0.21665817,0
-1.0276189,0.23170704,0.84811574,-0.18445814,0.13410313,0.97364849,0
-1.9848573,-1.9065348,-0.95350075,0.18445814,-0.13410313,-0.97364849,0
-2.5750501,-1.2515889,-0.9599359,-0.8044787,-0.58969998,-0.071188092,0
2.7449093,1.3670135,1.0187739,0.8044787,0.58969998,0.071188092,0
-2.2523336,-0.49448282,-0.78666353,-0.564614,0.79641068,-0.21665817,0
0.25067782,0.97023112,-0.91161853,0.18445814,-0.13410313,-0.97364849,0
2.7844739,1.5856514,-0.072003603,0.8044787,0.58969998,0.071188092,0
-2.9871006,-1.0562165,-0.60995841,-0.8044787,-0.58969998,-0.071188092,0
-2.6398113,-1.3369048,-0.23135543,-0.8044787,-0.58969998,-0.071188092,0
2.4444232,0.75698477,1.3177665,0.564614,-0.79641068,0.21665817,0
2.1323435,1.9003463,-0.33938289,0.8044787,0.58969998,0.071188092,0
-1.0707301,0.22444749,-0.1293081,-0.564614,0.79641068,-0.21665817,0
-2.3341656,-0.51757741,0.16474962,-0.564614,0.79641068,-0.21665817,0
0.32935601,1.6541183,0.33119369,-0.564614,0.79641068,-0.21665817,0
0.86650521,-0.14517707,-0.8522023,0.18445814,-0.13410313,-0.97364849,0
-0.25153768,0.67871863,-0.77953935,-0.564614,0.79641068,-0.21665817,0
2.2195027,1.8936861,0.22637057,0.8044787,0.58969998,0.071188092,0
-2.4750192,-0.6629715,0.59260917,-0.18445814,0.13410313,0.97364849,0
-0.028930724,1.2102143,-0.89814728,-0.564614,0.79641068,-0.21665817,0
1.4399033,0.10587621,0.49059969,0.564614,-0.79641068,0.21665817,0
-3.071677,-1.1968911,0.26483369,-0.8044787,-0.58969998,-0.071188092,0
2.732527,1.3964355,-0.34767103,0.8044787,0.58969998,0.071188092,0
0.80667043,-0.26037902,1.2079366,0.564614,-0.79641068,0.21665817,0
-1.6907526,0.31951237,0.27678418,-0.564614,0.79641068,-0.21665817,0
2.948895,0.71091193,-0.36227536,0.564614,-0.79641068,0.21665817,0
3.0182807,0.80284369,-0.080201626,0.564614,-0.79641068,0.21665817,0
-2.8298781,-0.94064647,0.0039660931,-0.8044787,-0.58969998,-0.071188092,0
2.1500921,0.54415083,0.79534686,0.564614,-0.79641068,0.21665817,0
-3.0320954,-0.69012511,0.47084832,-0.18445814,0.13410313,0.97364849,0
-2.6865933,-1.1795294,-0.51689363,-0.8044787,-0.58969998,-0.071188092,0
-2.7481952,-0.28408611,0.62239814,-0.564614,0.79641068,-0.21665817,0
-1.0763733,0.072736084,-0.77226454,-0.564614,0.79641068,-0.21665817,0
-2.9365323,-0.88347614,-1.0468457,-0.564614,0.79641068,-0.21665817,0
0.32857734,-1.1037865,-0.5623343,0.564614,-0.79641068,0.21665817,0
-2.5742559,-1.1993446,-1.4379524,0.18445814,-0.13410313,-0.97364849,0
1.9972379,2.209794,-0.095010519,0.8044787,0.58969998,0.071188092,0
-0.14942062,-0.9063924,1.0107057,-0.18445814,0.13410313,0.97364849,0
2.3439038,1.8910565,0.26902413,0.8044787,0.58969998,0.071188092,0
2.9411476,1.4626759,-0.6796844,0.8044787,0.58969998,0.071188092,0
2.849848,1.2088144,1.184038,0.564614,-0.79641068,0.21665817,0
-2.704308,-1.372967,-0.68328047,-0.8044787,-0.58969998,-0.071188092,0
2.1281757,1.9091314,-0.33453679,0.8044787,0.58969998,0.071188092,0
-0.17137539,0.87717599,0.70552087,-0.18445814,0.13410313,0.97364849,0
-2.2368321,-1.9630321,0.21754336,-0.8044787,-0.58969998,-0.071188092,0
1.3444538,-0.32771146,-0.39379877,0.564614,-0.79641068,0.21665817,0
-1.1124098,-1.4659214,-1.1869202,0.18445814,-0.13410313,-0.97364849,0
1.7257028,2.3672602,-0.65312076,-0.564614,0.79641068,-0.21665817,0
0.82280314,-0.020066142,1.1589849,-0.18445814,0.13410313,0.97364849,0
-1.9215086,-1.7519186,1.072588,-0.18445814,0.13410313,0.97364849,0
0.67329651,-0.86255598,-0.69749784,0.564614,-0.79641068,0.21665817,0
0.74468672,-0.77341747,-0.46981964,0.564614,-0.79641068,0.21665817,0
2.6531863,1.1470604,1.2689633,0.8044787,0.58969998,0.071188092,0
1.8301972,2.3736663,0.42724752,0.8044787,0.58969998,0.071188092,0
1.7201622,2.4908028,-0.64902258,-0.564614,0.79641068,-0.21665817,0
-1.9192011,-2.657582,0.21395826,-0.8044787,-0.58969998,-0.071188092,0
-0.86686939,0.96394324,0.50214028,-0.564614,0.79641068,-0.21665817,0
2.8813558,1.1943887,-0.80058289,0.8044787,0.58969998,0.071188092,0
-3.124136,-0.9918775,0.60543418,-0.18445814,0.13410313,0.97364849,0
-2.6265519,-1.5452089,-0.29656339,-0.8044787,-0.58969998,-0.071188092,0
-1.4104626,-2.3026323,0.17115521,0.564614,-0.79641068,0.21665817,0
1.8778169,0.91283083,-0.86232281,0.18445814,-0.13410313,-0.97364849,0
-1.8169594,-2.4090838,-0.18649316,-0.8044787,-0.58969998,-0.071188092,0
2.6073663,1.0977845,0.94628465,0.8044787,0.58969998,0.071188092,0
-0.76934767,0.51333153,0.84835911,-0.18445814,0.13410313,0.97364849,0
1.138292,2.1909294,0.11315989,-0.564614,0.79641068,-0.21665817,0
-0.8258816,-1.9715143,-0.43566096,0.564614,-0.79641068,0.21665817,0
0.68055993,0.38245508,1.1488359,-0.18445814,0.13410313,0.97364849,0
2.4804668,1.2592989,1.2366495,-0.18445814,0.13410313,0.97364849,0
0.53204966,0.93507469,1.1173588,-0.18445814,0.13410313,0.97364849,0
0.041908622,-1.1247568,1.157716,0.564614,-0.79641068,0.21665817,0
2.0646257,0.8562122,1.3982922,-0.18445814,0.13410313,0.97364849,0
-2.4535296,-0.87110913,-0.67393839,-0.564614,0.79641068,-0.21665817,0
-1.1079613,-0.53972787,-1.024653,0.18445814,-0.13410313,-0.97364849,0
-2.4132752,-1.8724865,0.75697589,-0.8044787,-0.58969998,-0.071188092,0
0.11603445,-1.0769812,-1.0616961,0.18445814,-0.13410313,-0.97364849,0
-1.9292976,-0.07837677,-0.70674145,-0.564614,0.79641068,-0.21665817,0
-2.7492158,-1.5037259,-1.3021613,-0.8044787,-0.58969998,-0.071188092,0
-1.5075029,0.24145162,0.24096537,-0.564614,0.79641068,-0.21665817,0
1.3109838,0.56343341,1.336975,-0.18445814,0.13410313,0.97364849,0
-1.7307265,-0.28648448,0.8485409,-0.18445814,0.13410313,0.97364849,0
-0.25484723,-1.635536,-0.93010283,0.18445814,-0.13410313,-0.97364849,0
0.017628431,-0.45386913,-1.0672153,0.18445814,-0.13410313,-0.97364849,0
2.1028318,2.0484514,-0.88445163,0.18445814,-0.13410313,-0.97364849,0
2.2686598,2.2975428,-0.21034217,0.8044787,0.58969998,0.071188092,0
-1.6989526,-1.1304009,0.99444366,-0.18445814,0.13410313,0.97364849,0
-0.04063797,-0.40872294,-1.1340582,0.18445814,-0.13410313,-0.97364849,0
0.46218133,-0.69015437,-0.66601008,0.18445814,-0.13410313,-0.97364849,0
-2.379679,-1.7439804,-0.52081513,-0.8044787,-0.58969998,-0.071188092,0
2.8543661,0.9423697,0.39767098,0.8044787,0.58969998,0.071188092,0
1.9696813,0.2512579,-0.47902668,0.564614,-0.79641068,0.21665817,0
-2.3180487,-2.0586338,0.69682646,-0.8044787,-0.58969998,-0.071188092,0
-0.25373605,-1.3831594,-0.049950957,0.564614,-0.79641068,0.21665817,0
1.9396009,1.3735392,1.3517369,-0.18445814,0.13410313,0.97364849,0
2.2641459,2.236975,0.011425495,0.8044787,0.58969998,0.071188092,0
1.8151467,2.3798814,-0.50348687,0.8044787,0.58969998,0.071188092,0
1.4772358,2.3311749,0.40960741,-0.564614,0.79641068,-0.21665817,0
-1.4233357,0.042104721,-0.060685158,-0.564614,0.79641068,-0.21665817,0
1.9973135,2.0868373,-0.27422428,0.8044787,0.58969998,0.071188092,0
0.86495674,-0.75137758,0.4945972,0.564614,-0.79641068,0.21665817,0
2.1786237,2.1069088,0.15820789,0.8044787,0.58969998,0.071188092,0
-1.0132103,-0.47237912,0.82718945,-0.18445814,0.13410313,0.97364849,0
2.3609781,1.7975273,-0.26737714,0.8044787,0.58969998,0.071188092,0
1.2518619,0.5781796,1.1519312,-0.18445814,0.13410313,0.97364849,0
0.0089454651,0.6036483,-0.90963471,0.18445814,-0.13410313,-0.97364849,0
-1.4748738,-1.9932382,0.6336875,0.564614,-0.79641068,0.21665817,0
0.093501925,-0.72956562,-0.72683287,0.18445814,-0.13410313,-0.97364849,0
-0.90642548,0.27695805,-0.96425706,-0.564614,0.79641068,-0.21665817,0
-1.105933,-1.159472,0.95374143,-0.18445814,0.13410313,0.97364849,0
-0.0069015622,-0.7823264,-0.74977612,0.18445814,-0.13410313,-0.97364849,0
2.1593547,0.31785023,0.57771611,0.564614,-0.79641068,0.21665817,0
-2.1208866,-2.0385473,-0.17998457,-0.8044787,-0.58969998,-0.071188092,0
2.3979788,0.34563792,-0.16931057,0.564614,-0.79641068,0.21665817,0
-1.3487866,-0.016427279,-0.64300311,-0.564614,0.79641068,-0.21665817,0
-2.5940869,-1.1704013,-0.8541888,-0.8044787,-0.58969998,-0.071188092,0
0.36123896,-0.68376815,0.31502619,0.564614,-0.79641068,0.21665817,0
0.54032838,0.48820469,1.1120882,-0.18445814,0.13410313,0.97364849,0
-1.3347714,-1.4652799,-1.2128541,0.18445814,-0.13410313,-0.97364849,0
-2.3735638,-0.8039462,0.88527441,-0.18445814,0.13410313,0.97364849,0
1.7570595,2.4733098,-0.54685402,0.8044787,0.58969998,0.071188092,0
0.014948845,0.95559794,0.75517339,-0.18445814,0.13410313,0.97364849,0
-0.93950105,-1.6457977,0.90212107,0.564614,-0.79641068,0.21665817,0
-0.19968712,-0.75719452,0.91150284,-0.18445814,0.13410313,0.97364849,0
2.6206024,1.3327065,0.68587613,0.8044787,0.58969998,0.071188092,0
-2.0872955,-1.9932446,-0.83140278,-0.8044787,-0.58969998,-0.071188092,0
2.3081431,0.4035641,0.34476626,0.564614,-0.79641068,0.21665817,0
-0.21747017,0.93902338,-1.2774903,0.18445814,-0.13410313,-0.97364849,0
1.9239787,0.19237149,1.1948564,0.564614,-0.79641068,0.21665817,0
-0.26314101,-1.2180139,-0.79544473,0.18445814,-0.13410313,-0.97364849,0
2.9761903,1.0927494,0.38427639,0.564614,-0.79641068,0.21665817,0
-2.2876451,-1.5143075,-1.1570102,-0.8044787,-0.58969998,-0.071188092,0
-1.6659875,-2.5253851,0.39478064,-0.8044787,-0.58969998,-0.071188092,0
1.7721586,2.2419128,-0.98974848,-0.564614,0.79641068,-0.21665817,0
1.0203319,0.54120934,-0.95470428,0.18445814,-0.13410313,-0.97364849,0
0.79842103,1.9210249,-0.36816764,-0.564614,0.79641068,-0.21665817,0
-2.1040864,-0.45321572,-0.37301052,-0.564614,0.79641068,-0.21665817,0
-1.3203775,0.44612134,0.092293262,-0.564614,0.79641068,-0.21665817,0
-0.25495279,-0.77286053,0.99421304,-0.18445814,0.13410313,0.97364849,0
-0.44881216,-0.27920121,-0.92358148,0.18445814,-0.13410313,-0.97364849,0
-2.796545,-1.2864444,-1.5512165,-0.8044787,-0.58969998,-0.071188092,0
-2.0776505,-2.2451632,-0.4467535,-0.8044787,-0.58969998,-0.071188092,0
-2.2209311,-0.57576919,0.62875783,-0.18445814,0.13410313,0.97364849,0
-1.4643829,0.46234131,0.28112668,-0.564614,0.79641068,-0.21665817,0
2.9756415,1.1421019,0.022233963,0.8044787,0.58969998,0.071188092,0
0.78115892,0.93482417,0.89398968,-0.18445814,0.13410313,0.97364849,0
-0.35204399,-1.6415178,0.20397925,0.564614,-0.79641068,0.21665817,0
-0.84571612,-1.0894313,1.0670332,-0.18445814,0.13410313,0.97364849,0
0.18134066,1.8020823,0.64537203,-0.564614,0.79641068,-0.21665817,0
-0.8606773,-1.9269081,-0.72980738,0.18445814,-0.13410313,-0.97364849,0
1.1177202,1.940398,-0.41651821,-0.564614,0.79641068,-0.21665817,0
3.0022502,1.0908611,1.1163965,0.8044787,0.58969998,0.071188092,0
0.72227108,1.4798115,-0.24067199,-0.564614,0.79641068,-0.21665817,0
1.5191079,2.0890977,-1.0049784,-0.564614,0.79641068,-0.21665817,0
2.7303061,1.1217766,0.29971099,0.8044787,0.58969998,0.071188092,0
-2.3807189,-2.0372772,-0.91016054,-0.8044787,-0.58969998,-0.071188092,0
1.8558912,1.2332129,1.028237,-0.18445814,0.13410313,0.97364849,0
1.9701247,2.6019065,1.0545595,0.8044787,0.58969998,0.071188092,0
-2.3979921,-1.900756,0.80337405,-0.18445814,0.13410313,0.97364849,0
2.2708752,1.1261784,-0.88313866,0.18445814,-0.13410313,-0.97364849,0
0.28130907,-0.81361872,1.1719818,0.564614,-0.79641068,0.21665817,0
0.8621791,-0.55620432,0.89576197,0.564614,-0.79641068,0.21665817,0
2.0425656,0.49719805,0.80789769,0.564614,-0.79641068,0.21665817,0
-2.545722,-1.5549412,0.56393838,-0.8044787,-0.58969998,-0.071188092,0
1.9455094,2.1575611,0.51069975,0.8044787,0.58969998,0.071188092,0
-2.7912591,-1.0043766,-0.93574691,-0.8044787,-0.58969998,-0.071188092,0
2.607687,1.4724004,-0.66039658,0.8044787,0.58969998,0.071188092,0
-3.1282599,-0.89123189,-0.28626895,-0.8044787,-0.58969998,-0.071188092,0
-1.2210406,-1.1803575,0.79338753,-0.18445814,0.13410313,0.97364849,0
-1.8764293,-0.74920321,0.96856558,-0.18445814,0.13410313,0.97364849,0
-2.9618294,-1.1999265,-0.11083364,-0.8044787,-0.58969998,-0.071188092,0
-0.097717881,-1.3954639,-0.67221808,0.564614,-0.79641068,0.21665817,0
2.2763431,0.5604946,0.038000703,0.564614,-0.79641068,0.21665817,0
1.0177753,0.32348159,1.1145191,-0.18445814,0.13410313,0.97364849,0
2.4852414,1.8900192,0.23110271,0.8044787,0.58969998,0.071188092,0
0.80719197,-0.50081044,-0.95410597,0.18445814,-0.13410313,-0.97364849,0
-1.4550848,-2.3751235,-0.87427115,0.18445814,-0.13410313,-0.97364849,0
-1.9839303,-2.1408925,-0.55289483,-0.8044787,-0.58969998,-0.071188092,0
-0.85794854,0.63976157,0.80183101,-0.18445814,0.13410313,0.97364849,0
1.8662144,1.5011371,-1.0526464,0.18445814,-0.13410313,-0.97364849,0
-1.5416827,-1.1307491,-1.1954086,0.18445814,-0.13410313,-0.97364849,0
-1.1414394,-2.1806107,-0.95509183,0.18445814,-0.13410313,-0.97364849,0
1.6627078,0.39193857,-0.78425765,0.18445814,-0.13410313,-0.97364849,0
0.76358783,1.9986603,-0.17317033,-0.564614,0.79641068,-0.21665817,0
0.99855846,0.097160757,-0.70465368,0.18445814,-0.13410313,-0.97364849,0
-2.5877843,-1.2861183,-0.079077482,-0.8044787,-0.58969998,-0.071188092,0
-1.999115,-2.3830266,-0.06782794,-0.8044787,-0.58969998,-0.071188092,0
-1.0972896,-1.7851055,0.31854415,0.564614,-0.79641068,0.21665817,0
1.914739,2.2910097,-0.14112139,0.8044787,0.58969998,0.071188092,0
0.98824102,1.9098734,0.93651259,-0.18445814,0.13410313,0.97364849,0
-2.2835209,-0.78963745,0.83252001,-0.18445814,0.13410313,0.97364849,0
0.55770695,0.5453679,-0.99796474,0.18445814,-0.13410313,-0.97364849,0
-1.7962288,-0.18167078,-0.43441409,-0.564614,0.79641068,-0.21665817,0
1.2298961,1.76949,-0.44274473,-0.564614,0.79641068,-0.21665817,0
2.8505411,1.3072665,0.88346672,0.8044787,0.58969998,0.071188092,0
1.870079,2.6356494,0.61590266,0.8044787,0.58969998,0.071188092,0
2.1074579,2.1438506,-0.35140514,0.8044787,0.58969998,0.071188092,0
-2.0214288,-2.4036825,0.31289291,-0.8044787,-0.58969998,-0.071188092,0
2.8552394,1.297153,0.79069257,0.8044787,0.58969998,0.071188092,0
0.35475552,1.2731208,-1.1889124,0.18445814,-0.13410313,-0.97364849,0
1.2941819,-0.045404077,-0.89088023,0.18445814,-0.13410313,-0.97364849,0
0.07387352,-0.12459042,-1.1490461,0.18445814,-0.13410313,-0.97364849,0
1.9206123,2.4171815,-0.64705753,-0.564614,0.79641068,-0.21665817,0
-0.46591854,0.21624652,0.94529444,-0.18445814,0.13410313,0.97364849,0
-0.98004484,-0.71820438,-1.3135496,0.18445814,-0.13410313,-0.97364849,0
-1.0355573,-1.5578239,0.85511768,0.564614,-0.79641068,0.21665817,0
-1.4206507,-0.16454899,-1.3324703,0.18445814,-0.13410313,-0.97364849,0
0.4640398,-0.029777855,1.1532704,-0.18445814,0.13410313,0.97364849,0
-2.6760602,-1.5970862,0.38596106,-0.8044787,-0.58969998,-0.071188092,0
2.5256722,1.4596219,0.70338511,0.8044787,0.58969998,0.071188092,0
-0.81678098,-1.6652932,0.25743902,0.564614,-0.79641068,0.21665817,0
-2.2988217,-1.7344584,-1.0739903,-0.8044787,-0.58969998,-0.071188092,0
-1.1934887,-0.40071273,-1.3793415,0.18445814,-0.13410313,-0.97364849,0
-2.5653284,-1.0928961,-1.1156254,-0.564614,0.79641068,-0.21665817,0
-2.0774872,-0.70068955,-1.2631254,0.18445814,-0.13410313,-0.97364849,0
-0.21237528,1.0028632,-0.71735698,-0.564614,0.79641068,-0.21665817,0
2.1129074,2.3502238,-1.1512816,0.18445814,-0.13410313,-0.97364849,0
2.4937994,1.5024763,0.72176337,0.8044787,0.58969998,0.071188092,0
0.16319257,-0.92777324,0.87737763,0.564614,-0.79641068,0.21665817,0
-0.71833128,0.88515377,-0.062029451,-0.564614,0.79641068,-0.21665817,0
-1.8166198,-0.29307717,-1.0681775,-0.564614,0.79641068,-0.21665817,0
0.26360595,1.3189869,-1.3017943,-0.564614,0.79641068,-0.21665817,0
2.2075541,1.7754328,0.40639424,0.8044787,0.58969998,0.071188092,0
-3.0778213,-0.62230551,0.40325332,-0.564614,0.79641068,-0.21665817,0
-3.018455,-1.1309614,0.2708559,-0.8044787,-0.58969998,-0.071188092,0
0.78506219,-0.68175435,-0.25983462,0.564614,-0.79641068,0.21665817,0
1.7531927,2.0091951,0.92884123,-0.18445814,0.13410313,0.97364849,0
1.3739061,0.10744435,-0.83720231,0.18445814,-0.13410313,-0.97364849,0
-2.8839836,-1.272601,-0.2845335,-0.8044787,-0.58969998,-0.071188092,0
-1.8786092,-2.1549542,0.85232162,-0.18445814,0.13410313,0.97364849,0
0.81468868,0.93391621,0.86137664,-0.18445814,0.13410313,0.97364849,0
0.097289562,-0.9747535,-0.6870209,0.18445814,-0.13410313,-0.97364849,0
0.74602294,-0.31114513,1.2483222,0.564614,-0.79641068,0.21665817,0
-1.3004972,-1.9506543,0.58092642,0.564614,-0.79641068,0.21665817,0
-0.18230057,0.1383221,0.95688719,-0.18445814,0.13410313,0.97364849,0
0.21682417,1.2888589,1.0050118,-0.18445814,0.13410313,0.97364849,0
-2.8189783,-0.99868834,0.52269578,-0.18445814,0.13410313,0.97364849,0
2.1375346,2.2059169,-0.59749675,0.8044787,0.58969998,0.071188092,0
2.2281477,2.0685871,0.67152905,0.8044787,0.58969998,0.071188092,0
-1.6628891,-1.3429161,-1.1875559,0.18445814,-0.13410313,-0.97364849,0
2.8031595,0.9562937,1.0930603,0.8044787,0.58969998,0.071188092,0
0.099126756,-0.28047562,-0.95801556,0.18445814,-0.13410313,-0.97364849,0
1.8777721,0.42372036,0.78873628,0.564614,-0.79641068,0.21665817,0
-2.4592845,-1.7560498,-0.50478148,-0.8044787,-0.58969998,-0.071188092,0
1.2020046,0.78789854,1.0355986,-0.18445814,0.13410313,0.97364849,0
0.26102784,-1.2314699,0.27633756,0.564614,-0.79641068,0.21665817,0
0.17294353,0.33221671,1.1078554,-0.18445814,0.13410313,0.97364849,0
-1.9780333,-2.5624251,0.069401741,0.564614,-0.79641068,0.21665817,0
0.40586552,0.22553268,0.95217514,-0.18445814,0.13410313,0.97364849,0
2.1442459,0.21030819,-0.48199165,0.564614,-0.79641068,0.21665817,0
-0.034162462,-1.2692659,-0.16385287,0.564614,-0.79641068,0.21665817,0
2.0066135,0.3488993,0.4508636,0.564614,-0.79641068,0.21665817,0
0.036231577,-1.2688136,0.63377625,0.564614,-0.79641068,0.21665817,0
-0.68779331,-1.8384523,0.40692413,0.564614,-0.79641068,0.21665817,0
-0.32858914,-0.67578673,-1.1197724,0.18445814,-0.13410313,-0.97364849,0
-2.0666523,-1.5918641,0.78631163,-0.18445814,0.13410313,0.97364849,0
1.9929183,2.363992,0.058564186,0.8044787,0.58969998,0.071188092,0
-3.0012367,-1.25811,0.38770795,-0.8044787,-0.58969998,-0.071188092,0
1.369261,2.1530271,0.52528262,-0.564614,0.79641068,-0.21665817,0
-0.51919413,-1.7296745,-0.3087976,0.564614,-0.79641068,0.21665817,0
1.910533,1.0258849,-0.61211705,0.18445814,-0.13410313,-0.97364849,0
-2.2856638,-1.6587615,-0.15065026,-0.8044787,-0.58969998,-0.071188092,0
1.1462315,1.6024712,0.95117342,-0.18445814,0.13410313,0.97364849,0
2.9267814,1.2542593,-0.36563325,0.8044787,0.58969998,0.071188092,0
-2.9062324,-1.0468446,-0.29899263,-0.8044787,-0.58969998,-0.071188092,0
-1.4680381,-2.2780151,0.27849698,0.564614,-0.79641068,0.21665817,0
-0.8133921,0.17313045,-1.1314251,0.18445814,-0.13410313,-0.97364849,0
0.80801952,0.10371935,-0.9292236,0.18445814,-0.13410313,-0.97364849,0
-2.2378056,-2.1119409,-0.26697254,-0.8044787,-0.58969998,-0.071188092,0
3.0528877,1.0599837,-0.32379007,0.8044787,0.58969998,0.071188092,0
-0.18668091,-1.5640199,-0.69249701,0.564614,-0.79641068,0.21665817,0
2.6643589,0.9347356,0.98282301,0.564614,-0.79641068,0.21665817,0
-1.6029627,-0.28500575,-1.2042038,0.18445814,-0.13410313,-0.97364849,0
-2.0829279,-2.2114849,0.68105578,-0.8044787,-0.58969998,-0.071188092,0
1.5466411,0.08305347,0.97264814,0.564614,-0.79641068,0.21665817,0
2.1469858,2.2535517,1.1125445,0.8044787,0.58969998,0.071188092,0
0.74587256,-0.48619229,0.61518455,0.564614,-0.79641068,0.21665817,0
-2.7265742,-0.6394363,-0.47420239,-0.564614,0.79641068,-0.21665817,0
-1.4883842,0.24462366,-0.61654747,-0.564614,0.79641068,-0.21665817,0
-2.9168882,-0.95982164,0.43035746,-0.18445814,0.13410313,0.97364849,0
0.51593995,-0.71309549,-0.74654448,0.18445814,-0.13410313,-0.97364849,0
0.3592571,-0.87720209,0.1467627,0.564614,-0.79641068,0.21665817,0
-1.2146649,-1.0086169,0.82257974,-0.18445814,0.13410313,0.97364849,0
2.0663047,-0.078026414,-0.4336915,0.564614,-0.79641068,0.21665817,0
2.9348829,0.88951248,-0.31173921,0.8044787,0.58969998,0.071188092,0
-1.9006503,-2.3762362,0.084427595,-0.8044787,-0.58969998,-0.071188092,0
-0.57114655,-1.6961164,-0.84677887,0.18445814,-0.13410313,-0.97364849,0
-1.5996628,-0.071499348,-0.99035329,-0.564614,0.79641068,-0.21665817,0
2.7630842,1.4198076,-0.39184332,0.8044787,0.58969998,0.071188092,0
1.2089605,1.0410624,1.1793647,-0.18445814,0.13410313,0.97364849,0
-0.34856376,1.2957894,0.40783235,-0.564614,0.79641068,-0.21665817,0
0.48613232,1.2741042,-0.32705748,-0.564614,0.79641068,-0.21665817,0
1.6613303,0.16045254,0.11579263,0.564614,-0.79641068,0.21665817,0
-0.98341292,-1.8358018,-0.41623676,0.564614,-0.79641068,0.21665817,0
0.96718144,2.060215,0.20218825,-0.564614,0.79641068,-0.21665817,0
-2.2665467,-1.8576064,-0.70892406,-0.8044787,-0.58969998,-0.071188092,0
2.6557155,0.84576887,0.178262,0.564614,-0.79641068,0.21665817,0
-1.0424976,-0.65198523,-1.0684379,0.18445814,-0.13410313,-0.97364849,0
-0.15753579,0.90968591,1.0644659,-0.18445814,0.13410313,0.97364849,0
2.3618369,2.0200462,-0.16873693,0.8044787,0.58969998,0.071188092,0
2.8959424,1.2903332,0.79285693,0.8044787,0.58969998,0.071188092,0
2.3009455,2.0100989,-0.64238024,0.8044787,0.58969998,0.071188092,0
2.1146679,1.8276317,-0.71555638,0.18445814,-0.13410313,-0.97364849,0
1.6833686,2.406497,0.44440913,0.8044787,0.58969998,0.071188092,0
1.8904165,2.0503192,1.0728792,0.8044787,0.58969998,0.071188092,0
1.6054459,0.34828705,0.93322629,0.564614,-0.79641068,0.21665817,0
-0.12987173,-1.3223553,-0.84407115,0.18445814,-0.13410313,-0.97364849,0
-1.9323832,-2.2254019,-0.48438954,-0.8044787,-0.58969998,-0.071188092,0
2.0977759,1.894273,0.050331593,0.8044787,0.58969998,0.071188092,0
2.4006376,1.0435845,-0.77074075,0.18445814,-0.13410313,-0.97364849,0
2.56879,0.54084361,-0.7551775,0.18445814,-0.13410313,-0.97364849,0
0.80688858,2.0461326,0.15227842,-0.564614,0.79641068,-0.21665817,0
-2.1652775,-1.8846848,-0.88609385,-0.8044787,-0.58969998,-0.071188092,0
-2.3715632,-1.0125314,-1.2802799,-0.564614,0.79641068,-0.21665817,0
2.7524714,1.1615074,1.1798773,0.8044787,0.58969998,0.071188092,0
-0.84666407,0.49609232,0.018892273,-0.564614,0.79641068,-0.21665817,0
-1.3012316,0.10154271,0.56646973,-0.18445814,0.13410313,0.97364849,0
1.1288569,0.61073476,-1.0868177,0.18445814,-0.13410313,-0.97364849,0
2.2780261,0.78565168,0.91465223,0.564614,-0.79641068,0.21665817,0
-2.1540782,-2.4478767,-0.040806055,-0.8044787,-0.58969998,-0.071188092,0
2.7166336,1.3789579,0.28841519,0.8044787,0.58969998,0.071188092,0
-1.9909821,-2.2169626,0.45572853,-0.8044787,-0.58969998,-0.071188092,0
-2.5270448,-1.2481544,-0.86362112,-0.8044787,-0.58969998,-0.071188092,0
1.5793937,-0.42818499,-0.35030591,0.564614,-0.79641068,0.21665817,0
-1.0425947,0.30825329,-1.2395461,0.18445814,-0.13410313,-0.97364849,0
-2.1801553,-2.2140093,0.25368142,-0.8044787,-0.58969998,-0.071188092,0
-1.9621165,-0.25477684,-0.36842239,-0.564614,0.79641068,-0.21665817,0
-0.88776344,0.084252,-1.115564,0.18445814,-0.13410313,-0.97364849,0
1.3613513,0.83396626,-0.96945012,0.18445814,-0.13410313,-0.97364849,0
0.42310286,1.1111771,0.94153523,-0.18445814,0.13410313,0.97364849,0
0.5594753,-0.95945299,0.084887713,0.564614,-0.79641068,0.21665817,0
2.4099674,1.5377458,0.40484786,0.8044787,0.58969998,0.071188092,0
-0.43620825,-1.3595258,0.82419455,0.564614,-0.79641068,0.21665817,0
-2.6508894,-1.2887363,-1.1394413,-0.8044787,-0.58969998,-0.071188092,0
1.5646322,0.94756365,-0.90530956,0.18445814,-0.13410313,-0.97364849,0
2.9791431,1.0614258,-0.53179407,0.18445814,-0.13410313,-0.97364849,0
2.3702378,1.965768,0.091231108,0.8044787,0.58969998,0.071188092,0
0.26859248,-0.83739859,0.99923378,-0.18445814,0.13410313,0.97364849,0
2.2223125,2.2763205,-0.7415092,0.8044787,0.58969998,0.071188092,0
-0.85922676,-1.5582488,0.6498822,0.564614,-0.79641068,0.21665817,0
1.9768574,2.4677339,-0.004206419,0.8044787,0.58969998,0.071188092,0
2.1629868,2.3938208,-0.79315209,0.8044787,0.58969998,0.071188092,0
0.5752607,1.319268,0.7632817,-0.18445814,0.13410313,0.97364849,0
-1.1346428,0.45184088,0.66231412,-0.18445814,0.13410313,0.97364849,0
-1.0455899,0.012619138,0.71798992,-0.18445814,0.13410313,0.97364849,0
-2.5587819,-1.3598729,-1.25493,0.18445814,-0.13410313,-0.97364849,0
-1.410497,-1.360801,-1.1700802,0.18445814,-0.13410313,-0.97364849,0
2.8557827,0.58173478,-0.43969703,0.18445814,-0.13410313,-0.97364849,0
-0.6870594,-1.8682141,-0.78585994,0.564614,-0.79641068,0.21665817,0
-2.3491685,-1.5550421,-0.64603567,-0.8044787,-0.58969998,-0.071188092,0
-1.017861,-2.3474126,-0.94446015,0.564614,-0.79641068,0.21665817,0
0.18671322,1.6569836,0.79350668,-0.18445814,0.13410313,0.97364849,0
1.750869,2.4106455,-0.31457233,0.8044787,0.58969998,0.071188092,0
-3.0379729,-0.9560892,-0.56044698,-0.8044787,-0.58969998,-0.071188092,0
2.7283287,1.2519176,-0.6126442,0.8044787,0.58969998,0.071188092,0
-0.74543095,-1.4169246,-1.1727853,0.18445814,-0.13410313,-0.97364849,0
1.9485763,2.4318159,-0.76759529,0.8044787,0.58969998,0.071188092,0
1.5800663,0.77336562,-1.0024964,0.18445814,-0.13410313,-0.97364849,0
-2.5504227,-1.6331218,0.31423354,-0.8044787,-0.58969998,-0.071188092,0
1.3081087,-0.30094635,-0.84776539,0.18445814,-0.13410313,-0.97364849,0
2.7870057,0.71147066,-0.50010848,0.18445814,-0.13410313,-0.97364849,0
0.43056321,1.5686313,-0.8824116,-0.564614,0.79641068,-0.21665817,0
-0.085566878,1.527589,0.97626078,-0.18445814,0.13410313,0.97364849,0
1.991636,2.3925829,-0.48602605,0.8044787,0.58969998,0.071188092,0
0.33256936,-0.97330803,-0.77205306,0.18445814,-0.13410313,-0.97364849,0
-1.6515278,0.16982222,0.09822917,-0.564614,0.79641068,-0.21665817,0
-0.28517264,-1.8328593,-0.67741841,0.564614,-0.79641068,0.21665817,0
-2.2885652,-1.8137903,-1.3870605,-0.8044787,-0.58969998,-0.071188092,0
2.3789217,1.4694788,1.0345163,0.8044787,0.58969998,0.071188092,0
-2.451911,-0.99881172,0.5992825,-0.18445814,0.13410313,0.97364849,0
2.3937042,0.88833064,1.1589491,-0.18445814,0.13410313,0.97364849,0
-0.44610685,0.045579553,-1.1159339,0.18445814,-0.13410313,-0.97364849,0
2.1238968,1.9322821,0.75614333,0.8044787,0.58969998,0.071188092,0
-2.6442993,-1.3355355,-0.9469558,-0.8044787,-0.58969998,-0.071188092,0
-1.7446082,-2.3996508,-0.17460704,-0.8044787,-0.58969998,-0.071188092,0
2.7994416,1.2792507,0.17414284,0.8044787,0.58969998,0.071188092,0
1.742097,0.31648868,0.48563391,0.564614,-0.79641068,0.21665817,0
1.6437708,2.4794502,0.64751005,0.8044787,0.58969998,0.071188092,0
2.3637109,2.0680523,0.50665379,0.8044787,0.58969998,0.071188092,0
-1.1598231,-0.28403121,0.67113709,-0.18445814,0.13410313,0.97364849,0
-2.7018518,-1.3518522,0.57525849,-0.8044787,-0.58969998,-0.071188092,0
-0.74221098,-1.5584466,0.4805268,0.564614,-0.79641068,0.21665817,0
-1.5022306,-0.55014879,-1.2101455,0.18445814,-0.13410313,-0.97364849,0
2.5458679,0.90761614,1.2270588,0.564614,-0.79641068,0.21665817,0
-0.36418992,-0.93554711,-1.1196642,0.18445814,-0.13410313,-0.97364849,0
-1.698349,0.049224377,-0.0049995184,-0.564614,0.79641068,-0.21665817,0
1.3527877,0.19174671,0.9187125,0.564614,-0.79641068,0.21665817,0
-2.8754058,-1.080879,-0.33095837,-0.8044787,-0.58969998,-0.071188092,0
2.4069326,2.0021207,0.32813549,0.8044787,0.58969998,0.071188092,0
-0.54316014,0.013382435,0.86900067,-0.18445814,0.13410313,0.97364849,0
-2.292872,-2.1152933,0.33400941,-0.8044787,-0.58969998,-0.071188092,0
-2.7132235,-1.433599,-1.146812,-0.8044787,-0.58969998,-0.071188092,0
0.35058665,1.5095344,-0.89754391,-0.564614,0.79641068,-0.21665817,0
2.4107409,2.1277735,-0.35941172,0.8044787,0.58969998,0.071188092,0
-2.3168013,-1.564056,-0.75788879,-0.8044787,-0.58969998,-0.071188092,0
0.32492936,0.068792075,-1.1757047,0.18445814,-0.13410313,-0.97364849,0
0.58788693,0.31879425,-0.94266754,0.18445814,-0.13410313,-0.97364849,0
-2.6110625,-0.5929755,-0.41103148,-0.564614,0.79641068,-0.21665817,0
2.1758981,2.1738093,0.29118085,0.8044787,0.58969998,0.071188092,0
2.9284325,1.0479392,1.311057,0.8044787,0.58969998,0.071188092,0
-2.5113051,-0.49635506,0.47704625,-0.18445814,0.13410313,0.97364849,0
2.565989,0.87312031,0.23094106,0.564614,-0.79641068,0.21665817,0
-2.6971962,-1.3477314,0.23184538,-0.8044787,-0.58969998,-0.071188092,0
-1.7766708,-0.27584594,-0.46584916,-0.564614,0.79641068,-0.21665817,0
-0.68330687,0.34334505,-0.86527812,-0.564614,0.79641068,-0.21665817,0
0.21069407,-0.22021538,-1.0419548,0.18445814,-0.13410313,-0.97364849,0
-2.9429696,-1.283398,-0.56049037,-0.8044787,-0.58969998,-0.071188092,0
2.326823,0.28947616,-0.31035197,0.564614,-0.79641068,0.21665817,0
-1.223654,0.51171279,0.85607523,-0.18445814,0.13410313,0.97364849,0
-0.29795259,-1.1530268,0.41029167,0.564614,-0.79641068,0.21665817,0
2.7583148,1.2695717,-0.049093246,0.8044787,0.58969998,0.071188092,0
1.326216,1.0375412,-0.97696447,0.18445814,-0.13410313,-0.97364849,0
0.19620997,-0.4250595,1.0456678,-0.18445814,0.13410313,0.97364849,0
-1.9864899,-0.61602581,0.86208439,-0.18445814,0.13410313,0.97364849,0
2.2773795,0.54182428,0.3701576,0.564614,-0.79641068,0.21665817,0
-2.7277999,-1.135711,-0.37799788,-0.8044787,-0.58969998,-0.071188092,0
-1.6986895,-1.0140114,0.87287056,-0.18445814,0.13410313,0.97364849,0
-1.9482906,-0.6114614,0.76635969,-0.18445814,0.13410313,0.97364849,0
-1.8982484,-0.027790904,0.73473048,-0.564614,0.79641068,-0.21665817,0
2.4653375,0.95565921,1.0910475,0.564614,-0.79641068,0.21665817,0
-2.0656621,-1.9811074,0.31104112,-0.8044787,-0.58969998,-0.071188092,0
-2.6963005,-1.6397374,0.50882268,-0.8044787,-0.58969998,-0.071188092,0
-2.6478345,-1.7477205,-0.067670107,-0.8044787,-0.58969998,-0.071188092,0
-2.715817,-0.65872371,0.21568847,-0.564614,0.79641068,-0.21665817,0
0.68359476,0.29083109,0.94392204,-0.18445814,0.13410313,0.97364849,0
-2.1874254,-1.8618363,-0.48585343,-0.8044787,-0.58969998,-0.071188092,0
2.668189,1.3329467,-0.13068867,0.8044787,0.58969998,0.071188092,0
2.2065308,0.62220085,0.57049191,0.564614,-0.79641068,0.21665817,0
2.6478033,1.3392518,0.58911014,0.8044787,0.58969998,0.071188092,0
-2.6047237,-0.69352722,-0.28410077,-0.564614,0.79641068,-0.21665817,0
1.6679627,2.7223299,0.71247935,0.8044787,0.58969998,0.071188092,0
1.8004643,-0.15498292,-0.048612595,0.564614,-0.79641068,0.21665817,0
0.24356087,1.6605874,-0.053225398,-0.564614,0.79641068,-0.21665817,0
2.6021304,1.7288907,0.28769422,0.8044787,0.58969998,0.071188092,0
-1.0027472,-0.23690283,-1.2510352,0.18445814,-0.13410313,-0.97364849,0
1.8148586,0.43407571,0.85543114,0.564614,-0.79641068,0.21665817,0
-1.2288128,-2.059303,-0.62089419,0.564614,-0.79641068,0.21665817,0
1.0040474,-0.44931734,-0.27453282,0.564614,-0.79641068,0.21665817,0
-2.7686639,-0.86820734,-1.0599487,-0.8044787,-0.58969998,-0.071188092,0
-0.79756367,-1.9712573,-0.20838463,0.564614,-0.79641068,0.21665817,0
2.1093318,2.1133902,0.27460098,0.8044787,0.58969998,0.071188092,0
0.53487587,0.78936934,-1.2228411,0.18445814,-0.13410313,-0.97364849,0
2.126236,0.38158715,0.954494,0.564614,-0.79641068,0.21665817,0
-1.5746965,-1.3313249,0.77522886,-0.18445814,0.13410313,0.97364849,0
1.217205,-0.58132708,-0.65535963,0.564614,-0.79641068,0.21665817,0
2.9213567,1.0495358,1.2786494,0.8044787,0.58969998,0.071188092,0
2.1621196,0.42648268,1.291491,0.564614,-0.79641068,0.21665817,0
1.9651994,2.5781424,0.74275017,0.8044787,0.58969998,0.071188092,0
0.42254445,-0.96921706,0.33752412,0.564614,-0.79641068,0.21665817,0
2.3043072,2.1600924,0.82127094,0.8044787,0.58969998,0.071188092,0
-2.0899425,-2.1851556,0.78271675,-0.8044787,-0.58969998,-0.071188092,0
0.98109931,-0.52918363,-0.47341287,0.564614,-0.79641068,0.21665817,0
-0.56954801,-0.78916705,1.1110057,-0.18445814,0.13410313,0.97364849,0
-0.67815733,-1.5473216,0.25586891,0.564614,-0.79641068,0.21665817,0
0.86305231,1.8320098,1.0974071,-0.18445814,0.13410313,0.97364849,0
2.8861709,1.2943252,0.11534286,0.8044787,0.58969998,0.071188092,0
2.801991,0.94417053,0.47685456,0.8044787,0.58969998,0.071188092,0
2.9791052,0.80964005,0.063682795,0.8044787,0.58969998,0.071188092,0
2.6938174,1.0905933,0.5852437,0.8044787,0.58969998,0.071188092,0
-1.4301231,-0.27608269,-1.0909891,-0.564614,0.79641068,-0.21665817,0
-1.2076771,-1.9037359,0.6593647,0.564614,-0.79641068,0.21665817,0
-2.2663684,-2.1228139,0.38159132,-0.8044787,-0.58969998,-0.071188092,0
0.37338924,1.0728121,-0.8582989,-0.564614,0.79641068,-0.21665817,0
-2.2027583,-0.33114338,-0.56811643,-0.564614,0.79641068,-0.21665817,0
-1.786693,-2.377151,-0.85084796,-0.8044787,-0.58969998,-0.071188092,0
2.7495,1.6547627,0.094451189,0.8044787,0.58969998,0.071188092,0
0.94637042,1.7972013,-0.58792436,-0.564614,0.79641068,-0.21665817,0
1.4232507,0.34706095,-0.73182511,0.18445814,-0.13410313,-0.97364849,0
-2.8784938,-1.2408357,-0.38210082,-0.8044787,-0.58969998,-0.071188092,0
-0.98176706,-0.2381148,-0.97696078,0.18445814,-0.13410313,-0.97364849,0
-0.22269726,-0.48133814,-1.0897205,0.18445814,-0.13410313,-0.97364849,0
0.087259531,0.8938508,-0.83166558,-0.564614,0.79641068,-0.21665817,0
1.7533289,0.43269497,1.2247384,-0.18445814,0.13410313,0.97364849,0
-2.8645558,-1.4334575,0.25939775,-0.8044787,-0.58969998,-0.071188092,0
0.071870625,-0.19437177,-0.90511382,0.18445814,-0.13410313,-0.97364849,0
-2.6451979,-0.91722596,-1.0388063,-0.564614,0.79641068,-0.21665817,0
0.83483529,-0.66053784,0.70133752,0.564614,-0.79641068,0.21665817,0
-0.91325927,0.42322087,-0.12335864,-0.564614,0.79641068,-0.21665817,0
2.6867409,1.0900786,1.0778757,0.8044787,0.58969998,0.071188092,0
-2.0780344,-2.3590732,-0.81125212,-0.8044787,-0.58969998,-0.071188092,0
0.47646448,-0.97724915,0.23728323,0.564614,-0.79641068,0.21665817,0
0.91829717,1.5351213,0.81494021,-0.18445814,0.13410313,0.97364849,0
-2.0037351,-0.83974522,0.93198037,-0.18445814,0.13410313,0.97364849,0
-2.3021221,-2.074683,0.83572531,-0.8044787,-0.58969998,-0.071188092,0
-0.069250762,0.84820002,-0.93774378,-0.564614,0.79641068,-0.21665817,0
2.3341787,1.3608994,1.2147634,-0.18445814,0.13410313,0.97364849,0
2.9141178,0.93833637,0.35148811,0.8044787,0.58969998,0.071188092,0
0.67713815,1.7692331,-0.68598962,-0.564614,0.79641068,-0.21665817,0
2.4717989,0.8163237,1.3729038,-0.18445814,0.13410313,0.97364849,0
2.3391371,0.8411718,-0.69702673,0.18445814,-0.13410313,-0.97364849,0
2.3942385,1.7902353,0.046260118,0.8044787,0.58969998,0.071188092,0
-2.0290341,-2.2179313,0.94498491,-0.18445814,0.13410313,0.97364849,0
1.6906812,0.69658738,1.2609696,-0.18445814,0.13410313,0.97364849,0
2.9181104,1.1285907,0.26549053,0.8044787,0.58969998,0.071188092,0
-0.09006083,-1.1955469,-1.0383934,0.18445814,-0.13410313,-0.97364849,0
2.153439,2.451421,-0.57920551,0.8044787,0.58969998,0.071188092,0
1.0668837,2.2561703,0.18698812,-0.564614,0.79641068,-0.21665817,0
1.458534,0.061457634,0.92501777,0.564614,-0.79641068,0.21665817,0
0.92783606,2.2185593,0.86680448,-0.564614,0.79641068,-0.21665817,0
2.7216055,1.6489127,0.52577758,0.8044787,0.58969998,0.071188092,0
2.1274517,2.0885551,-0.051506519,0.8044787,0.58969998,0.071188092,0
1.7865751,2.1786737,-0.82643414,-0.564614,0.79641068,-0.21665817,0
1.5141776,2.8553281,1.0306225,0.8044787,0.58969998,0.071188092,0
-0.0078949928,-1.0909631,0.77079779,0.564614,-0.79641068,0.21665817,0
-2.8780551,-1.5156518,0.38294029,-0.8044787,-0.58969998,-0.071188092,0
2.346298,2.0950532,1.0243523,0.8044787,0.58969998,0.071188092,0
-1.3382721,-1.8526731,0.50915432,0.564614,-0.79641068,0.21665817,0
2.9385943,1.3495364,-0.32428789,0.8044787,0.58969998,0.071188092,0
2.6109385,1.3648834,0.23034072,0.8044787,0.58969998,0.071188092,0
-2.0106933,-0.55633825,-0.85266542,-0.564614,0.79641068,-0.21665817,0
0.66252983,-0.6042788,-0.19760567,0.564614,-0.79641068,0.21665817,0
-1.9452871,-2.1052556,-0.79271555,-0.8044787,-0.58969998,-0.071188092,0
-2.5294564,-1.1652781,0.64914799,-0.18445814,0.13410313,0.97364849,0
2.3432651,1.6249678,-0.51366568,0.8044787,0.58969998,0.071188092,0
-0.34053403,-1.4857969,0.59393764,0.564614,-0.79641068,0.21665817,0
0.09760493,-0.89980501,0.96711695,0.564614,-0.79641068,0.21665817,0
0.94966459,-0.34406048,1.1338761,-0.18445814,0.13410313,0.97364849,0
-2.447047,-0.80845088,0.52062464,-0.18445814,0.13410313,0.97364849,0
-2.3005993,-1.9001689,0.45532107,-0.8044787,-0.58969998,-0.071188092,0
-0.37698209,-0.85951555,0.95823574,-0.18445814,0.13410313,0.97364849,0
2.0967281,2.2900424,-0.24666119,0.8044787,0.58969998,0.071188092,0
-0.41304982,0.70177358,1.0006387,-0.18445814,0.13410313,0.97364849,0
-0.24755418,-0.43512791,-0.92199093,0.18445814,-0.13410313,-0.97364849,0
-2.4197593,-2.0151706,0.84418368,-0.8044787,-0.58969998,-0.071188092,0
2.0551476,2.18997,0.60205269,0.8044787,0.58969998,0.071188092,0
-2.1109438,-2.0938444,-0.7448976,-0.8044787,-0.58969998,-0.071188092,0
2.6154478,1.3267086,-0.12727022,0.8044787,0.58969998,0.071188092,0
0.074059308,1.46243,0.6240772,-0.564614,0.79641068,-0.21665817,0
-0.80511069,-1.7403221,0.75544429,0.564614,-0.79641068,0.21665817,0
0.59714389,0.69650841,-1.2035115,0.18445814,-0.13410313,-0.97364849,0
1.9485428,0.062518001,0.11878002,0.564614,-0.79641068,0.21665817,0
-2.0744872,-1.407268,0.84518981,-0.18445814,0.13410313,0.97364849,0
1.9986341,2.4672282,-0.19398856,0.8044787,0.58969998,0.071188092,0
-0.86336362,0.27569562,0.98646665,-0.18445814,0.13410313,0.97364849,0
-0.53807694,0.80524135,-0.096682593,-0.564614,0.79641068,-0.21665817,0
-1.8250207,-0.24141759,-1.0631878,-0.564614,0.79641068,-0.21665817,0
-2.4695141,-1.7870023,-0.95697951,-0.8044787,-0.58969998,-0.071188092,0
2.8606925,1.5200808,-0.088396549,0.8044787,0.58969998,0.071188092,0
-1.1998732,-1.1169126,-1.2634103,0.18445814,-0.13410313,-0.97364849,0
-2.4636405,-1.9574299,-0.59366083,-0.8044787,-0.58969998,-0.071188092,0
1.8825797,2.4155195,0.66112232,0.8044787,0.58969998,0.071188092,0
-0.0015435219,0.69061619,-0.92043567,0.18445814,-0.13410313,-0.97364849,0
0.9406876,-0.091270566,-0.69115061,0.18445814,-0.13410313,-0.97364849,0
1.9713118,1.4244031,-1.0474856,0.18445814,-0.13410313,-0.97364849,0
0.6201942,-0.64240092,0.71638519,0.564614,-0.79641068,0.21665817,0
-2.3247166,-1.0869457,-1.2806721,0.18445814,-0.13410313,-0.97364849,0
0.81224215,0.58777887,-0.9006353,0.18445814,-0.13410313,-0.97364849,0
-1.3978727,-2.1599433,0.28452086,0.564614,-0.79641068,0.21665817,0
-1.564235,-0.85159886,-1.0863911,0.18445814,-0.13410313,-0.97364849,0
0.51398551,-1.0269011,-0.19602744,0.564614,-0.79641068,0.21665817,0
2.176712,2.4220197,-0.50872016,0.8044787,0.58969998,0.071188092,0
-0.92294466,-1.0231371,0.88140011,-0.18445814,0.13410313,0.97364849,0
-0.88450152,-0.40040898,-1.0524468,0.18445814,-0.13410313,-0.97364849,0
-1.6568818,-1.6771882,-1.0286617,0.18445814,-0.13410313,-0.97364849,0
2.4922886,1.5542117,0.34220886,0.8044787,0.58969998,0.071188092,0
-2.4930654,-1.7665424,-1.0714428,-0.8044787,-0.58969998,-0.071188092,0
2.7173836,0.72446978,0.74726534,0.564614,-0.79641068,0.21665817,0
0.89976722,-0.36667794,0.25507587,0.564614,-0.79641068,0.21665817,0
2.7302914,1.1495798,0.81703711,0.8044787,0.58969998,0.071188092,0
0.96746135,2.0816,0.53719294,-0.564614,0.79641068,-0.21665817,0
1.7403882,2.2871053,1.1784884,-0.18445814,0.13410313,0.97364849,0
0.19588816,-0.37988013,1.3129753,-0.18445814,0.13410313,0.97364849,0
0.69427204,1.7832489,-0.15017796,-0.564614,0.79641068,-0.21665817,0
-0.2407735,0.83699679,0.73465049,-0.18445814,0.13410313,0.97364849,0
