-0.62785101,2.0848775,-4.3617387,-0.42843449,0.17271835,-0.88691163,0
0.45039713,0.85385752,-2.2142756,0.5933761,-0.68646538,-0.42032143,0
3.1987076,3.1933606,-1.0182934,0.68143129,0.70635235,-0.1916185,0
-1.4010062,0.66284561,-3.8557265,0.5933761,-0.68646538,-0.42032143,0
-0.058342338,2.5289562,-2.6804726,-0.5933761,0.68646538,0.42032143,0
4.6005816,2.3334804,1.5578611,0.68143129,0.70635235,-0.1916185,0
-0.26906419,-2.0695839,4.6564274,0.42843449,-0.17271835,0.88691163,0
-3.2551832,-3.2152083,0.51659608,-0.68143129,-0.70635235,0.1916185,0
-4.3369098,-2.5553529,-1.0019953,-0.68143129,-0.70635235,0.1916185,0
-3.0376015,-1.7758694,0.04996419,-0.5933761,0.68646538,0.42032143,0
-5.114491,-2.470803,-3.0229154,-0.68143129,-0.70635235,0.1916185,0
-3.1843324,-1.9596364,-0.061825275,-0.5933761,0.68646538,0.42032143,0
-1.7547147,-3.8416395,3.4590697,-0.68143129,-0.70635235,0.1916185,0
-0.85713995,-3.4278984,4.9629669,0.42843449,-0.17271835,0.88691163,0
0.032007694,2.7701669,-4.6184692,-0.42843449,0.17271835,-0.88691163,0
-4.5797062,-1.9281633,-3.1853166,-0.42843449,0.17271835,-0.88691163,0
1.7632953,3.812758,-3.3738766,0.68143129,0.70635235,-0.1916185,0
3.3359702,0.95886397,3.6736243,0.42843449,-0.17271835,0.88691163,0
-0.5231005,1.3684396,-2.1992211,-0.5933761,0.68646538,0.42032143,0
-4.4412427,-1.4575824,-3.3899164,-0.42843449,0.17271835,-0.88691163,0
-0.074916959,-3.3901873,4.3187561,0.5933761,-0.68646538,-0.42032143,0
-4.5028696,-2.6258285,-2.7531238,-0.68143129,-0.70635235,0.1916185,0
3.7317398,1.9604704,0.62669611,0.5933761,-0.68646538,-0.42032143,0
-0.055031747,-0.39930224,-0.48776734,0.5933761,-0.68646538,-0.42032143,0
0.33341444,3.3346272,-4.6184745,-0.42843449,0.17271835,-0.88691163,0
0.94777942,4.1241293,-4.7258129,-0.42843449,0.17271835,-0.88691163,0
-4.4446468,-2.4107811,-2.0463572,-0.68143129,-0.70635235,0.1916185,0
0.60700679,-2.7952247,4.0636663,0.42843449,-0.17271835,0.88691163,0
-1.7912186,-3.4642649,3.5599296,-0.68143129,-0.70635235,0.1916185,0
2.9407048,3.4431016,-0.57631207,0.68143129,0.70635235,-0.1916185,0
4.4220257,1.6193292,3.3284655,0.42843449,-0.17271835,0.88691163,0
-1.4840866,-3.0152049,1.5580986,0.5933761,-0.68646538,-0.42032143,0
2.4917881,-0.30256402,3.9392691,0.42843449,-0.17271835,0.88691163,0
-1.2394128,-3.8525543,4.3589191,-0.68143129,-0.70635235,0.1916185,0
0.1513319,-2.4420233,4.3531117,0.42843449,-0.17271835,0.88691163,0
-0.46316648,2.3978603,-4.3381491,-0.42843449,0.17271835,-0.88691163,0
-0.8872633,-3.5392334,4.7053509,0.42843449,-0.17271835,0.88691163,0
-1.4797494,-2.3549767,0.35012126,0.5933761,-0.68646538,-0.42032143,0
-4.4507895,-2.6014891,-2.5755038,-0.68143129,-0.70635235,0.1916185,0
0.97672629,-1.0687456,2.31845,0.5933761,-0.68646538,-0.42032143,0
-3.1234646,-3.3897262,-0.011902094,-0.68143129,-0.70635235,0.1916185,0
2.0942423,2.1602087,-1.6309793,0.5933761,-0.68646538,-0.42032143,0
0.72199929,3.06615,-4.976862,-0.42843449,0.17271835,-0.88691163,0
2.1522057,-0.50451171,4.0991998,0.42843449,-0.17271835,0.88691163,0
-0.75814164,-0.88731009,-1.187112,0.5933761,-0.68646538,-0.42032143,0
-3.1866941,-3.1524563,1.3996212,-0.68143129,-0.70635235,0.1916185,0
-3.8579319,-3.1587029,-0.98429656,-0.68143129,-0.70635235,0.1916185,0
2.5152302,2.5559237,0.85786963,-0.5933761,0.68646538,0.42032143,0
-3.7134356,-2.5087912,-0.23605871,-0.5933761,0.68646538,0.42032143,0
-2.2092328,-1.2981656,-1.8351593,0.5933761,-0.68646538,-0.42032143,0
1.3302104,3.7550383,-4.6330709,0.68143129,0.70635235,-0.1916185,0
-3.3748531,-2.1392021,-0.15053749,-0.5933761,0.68646538,0.42032143,0
-4.8811693,-2.2793713,-1.9222336,-0.68143129,-0.70635235,0.1916185,0
-4.494503,-2.6775684,-2.9583411,-0.68143129,-0.70635235,0.1916185,0
2.3524435,-0.92563397,3.5782015,0.42843449,-0.17271835,0.88691163,0
-1.3675025,1.4598868,-4.2210426,-0.42843449,0.17271835,-0.88691163,0
2.4603503,1.6340189,-0.71182108,0.5933761,-0.68646538,-0.42032143,0
0.027020931,-2.0961132,2.2361712,0.5933761,-0.68646538,-0.42032143,0
3.0665364,3.3208375,-0.6393311,0.68143129,0.70635235,-0.1916185,0
4.7968082,2.3382647,2.4368505,0.68143129,0.70635235,-0.1916185,0
4.9505453,2.3113737,2.5089378,0.68143129,0.70635235,-0.1916185,0
-4.4086185,-2.3639927,-1.7582812,-0.68143129,-0.70635235,0.1916185,0
-4.574522,-2.4177129,-2.1194108,-0.68143129,-0.70635235,0.1916185,0
0.01278162,-2.6403286,4.6030278,0.42843449,-0.17271835,0.88691163,0
3.4803891,0.40050173,3.4410458,0.42843449,-0.17271835,0.88691163,0
3.5193141,0.3132261,3.3685634,0.42843449,-0.17271835,0.88691163,0
-3.1863117,-0.57304323,-2.7441025,-0.5933761,0.68646538,0.42032143,0
3.7417994,2.8208618,1.1837955,0.68143129,0.70635235,-0.1916185,0
0.60631847,-1.5045428,4.6057768,0.42843449,-0.17271835,0.88691163,0
2.3441968,2.4336107,0.057599068,-0.5933761,0.68646538,0.42032143,0
-3.8430014,-0.81597221,-2.9849179,-0.5933761,0.68646538,0.42032143,0
1.1867999,3.809876,-2.9480519,-0.5933761,0.68646538,0.42032143,0
-0.74865532,-3.3778644,4.9586582,0.42843449,-0.17271835,0.88691163,0
-4.6462069,-2.4356859,-3.2981658,-0.42843449,0.17271835,-0.88691163,0
2.3110521,3.4841599,-3.1253526,0.68143129,0.70635235,-0.1916185,0
-0.069208145,2.3229229,-4.36761,-0.42843449,0.17271835,-0.88691163,0
-0.34673405,-3.2704179,3.325814,0.5933761,-0.68646538,-0.42032143,0
-4.468339,-2.8487146,-2.0247593,-0.68143129,-0.70635235,0.1916185,0
-0.83460951,2.5387936,-4.3774924,-0.42843449,0.17271835,-0.88691163,0
1.0556023,-1.2030191,4.4585886,0.42843449,-0.17271835,0.88691163,0
0.30607772,-1.457927,1.8396344,0.5933761,-0.68646538,-0.42032143,0
-1.6498921,-2.0831888,2.4865599,-0.5933761,0.68646538,0.42032143,0
5.2276492,2.1862555,2.602236,0.68143129,0.70635235,-0.1916185,0
1.8808641,3.4121828,-4.0297146,0.68143129,0.70635235,-0.1916185,0
0.99123597,-0.0023251772,2.7021151,-0.5933761,0.68646538,0.42032143,0
0.147542,-2.2964222,4.3370399,0.42843449,-0.17271835,0.88691163,0
-2.6818264,-3.6928797,1.2191417,-0.68143129,-0.70635235,0.1916185,0
-0.61321175,-3.0967417,4.5534735,0.42843449,-0.17271835,0.88691163,0
-3.0267026,-3.2812374,0.1349926,-0.68143129,-0.70635235,0.1916185,0
0.79134333,2.9672191,-4.8761816,-0.42843449,0.17271835,-0.88691163,0
1.8081553,1.7229729,1.1066086,-0.5933761,0.68646538,0.42032143,0
3.7000446,2.8512602,0.72401547,0.68143129,0.70635235,-0.1916185,0
-1.1931231,1.2650348,-4.1343446,-0.42843449,0.17271835,-0.88691163,0
-2.3626254,-3.7723417,2.1513917,-0.68143129,-0.70635235,0.1916185,0
1.6245745,3.6465058,-4.5910835,0.68143129,0.70635235,-0.1916185,0
5.0362778,1.9753368,2.842896,0.42843449,-0.17271835,0.88691163,0
-0.95937514,1.1288991,-4.3168197,-0.42843449,0.17271835,-0.88691163,0
-0.76315463,2.5330091,-3.7477365,-0.5933761,0.68646538,0.42032143,0
3.0987806,3.0800204,-1.3040447,0.68143129,0.70635235,-0.1916185,0
-3.9267099,-2.691802,-1.3291557,-0.68143129,-0.70635235,0.1916185,0
1.1960831,2.2273479,-3.3513465,0.5933761,-0.68646538,-0.42032143,0
2.5035427,3.281404,-1.7133043,0.68143129,0.70635235,-0.1916185,0
-4.3214097,-1.9376031,-3.2316878,-0.42843449,0.17271835,-0.88691163,0
1.6029352,3.6021094,-4.7193403,0.68143129,0.70635235,-0.1916185,0
-3.8076057,-2.625047,-0.76588535,-0.68143129,-0.70635235,0.1916185,0
-0.19952989,3.093555,-4.0875807,-0.5933761,0.68646538,0.42032143,0
-4.3749123,-1.308936,-3.354434,-0.42843449,0.17271835,-0.88691163,0
4.9085312,2.3666005,2.9651098,0.68143129,0.70635235,-0.1916185,0
-4.1611848,-2.8818703,-1.2456467,-0.68143129,-0.70635235,0.1916185,0
4.375041,1.5442768,3.4267652,0.42843449,-0.17271835,0.88691163,0
-2.4687452,-3.227109,2.1038411,-0.68143129,-0.70635235,0.1916185,0
-4.9089861,-1.998069,-2.731493,-0.5933761,0.68646538,0.42032143,0
3.0095205,-0.078901887,3.6568408,0.42843449,-0.17271835,0.88691163,0
-1.3323572,-3.8528185,4.2697778,-0.68143129,-0.70635235,0.1916185,0
-2.8597896,0.49443734,-3.4379849,-0.42843449,0.17271835,-0.88691163,0
2.1029696,1.9672017,1.1925159,-0.5933761,0.68646538,0.42032143,0
0.13009906,-2.7671189,4.3284435,0.42843449,-0.17271835,0.88691163,0
2.6728535,0.42468822,4.076118,0.42843449,-0.17271835,0.88691163,0
-2.021657,-3.465168,3.0102847,-0.68143129,-0.70635235,0.1916185,0
-3.0911546,-3.160037,-0.11115408,-0.68143129,-0.70635235,0.1916185,0
-0.54539055,-2.1076255,1.7155879,0.5933761,-0.68646538,-0.42032143,0
0.056377649,-2.3774829,4.6894617,0.42843449,-0.17271835,0.88691163,0
1.9205375,0.2655023,1.2741745,0.5933761,-0.68646538,-0.42032143,0
-1.9634535,-3.5361433,3.0728405,-0.68143129,-0.70635235,0.1916185,0
1.057483,3.8892698,-4.3954649,0.68143129,0.70635235,-0.1916185,0
0.94817305,-1.9419882,4.2426777,0.42843449,-0.17271835,0.88691163,0
-0.97115469,1.4356117,-4.1902442,-0.42843449,0.17271835,-0.88691163,0
-1.1586893,-4.3088188,4.3754072,-0.68143129,-0.70635235,0.1916185,0
4.1033397,2.6087914,1.6491477,0.68143129,0.70635235,-0.1916185,0
-2.2697444,-3.5067604,1.1579049,0.5933761,-0.68646538,-0.42032143,0
-3.4369688,-1.3447105,-3.5555835,-0.42843449,0.17271835,-0.88691163,0
-2.8761959,-3.3240266,1.8740833,-0.68143129,-0.70635235,0.1916185,0
-2.1272006,-2.4398851,1.9063561,-0.5933761,0.68646538,0.42032143,0
3.4643164,3.0482116,0.84071994,0.68143129,0.70635235,-0.1916185,0
2.427305,-0.91622287,3.8845606,0.42843449,-0.17271835,0.88691163,0
-4.013751,-1.6528059,-3.6485791,-0.42843449,0.17271835,-0.88691163,0
0.72699666,3.5667796,-4.8926907,-0.42843449,0.17271835,-0.88691163,0
3.9229698,2.077229,3.0738285,-0.5933761,0.68646538,0.42032143,0
4.9862261,2.224458,3.1790986,0.42843449,-0.17271835,0.88691163,0
-0.39816689,-3.554678,4.3510828,0.42843449,-0.17271835,0.88691163,0
-0.38199294,-0.57698399,-0.80339354,0.5933761,-0.68646538,-0.42032143,0
4.1721964,2.7238867,2.1439037,0.68143129,0.70635235,-0.1916185,0
-3.4396117,-0.84929574,-2.7542109,-0.5933761,0.68646538,0.42032143,0
-2.1273651,1.2233287,-3.9996753,-0.42843449,0.17271835,-0.88691163,0
2.0169077,3.4626045,-4.0547495,0.68143129,0.70635235,-0.1916185,0
4.6143026,2.774528,2.4156818,0.68143129,0.70635235,-0.1916185,0
3.1664271,3.4208353,0.34704471,-0.5933761,0.68646538,0.42032143,0
0.79835296,3.2306314,-4.6932893,-0.42843449,0.17271835,-0.88691163,0
1.6821693,3.8951898,-3.0008867,0.68143129,0.70635235,-0.1916185,0
-2.4955812,-0.9239707,-2.8413973,0.5933761,-0.68646538,-0.42032143,0
-0.34117186,-1.4950739,2.9649904,-0.5933761,0.68646538,0.42032143,0
-4.4370894,-1.7604917,-3.3402934,-0.42843449,0.17271835,-0.88691163,0
3.3970218,2.0734601,0.16501474,0.5933761,-0.68646538,-0.42032143,0
-4.0286222,-2.9000688,-0.9969635,-0.68143129,-0.70635235,0.1916185,0
-2.7137065,-3.1732349,2.6932063,-0.68143129,-0.70635235,0.1916185,0
-2.5942218,0.14891934,-3.8486543,-0.42843449,0.17271835,-0.88691163,0
2.3152986,0.29002631,3.8241315,-0.5933761,0.68646538,0.42032143,0
-2.1535068,-3.3739624,2.4865549,-0.68143129,-0.70635235,0.1916185,0
2.6392384,0.40633857,3.658226,0.42843449,-0.17271835,0.88691163,0
1.6099854,-1.1475838,4.1427059,0.42843449,-0.17271835,0.88691163,0
0.93722355,4.1855612,-4.4840717,0.68143129,0.70635235,-0.1916185,0
-2.4164143,-0.21197081,-4.0557137,-0.42843449,0.17271835,-0.88691163,0
4.1726408,2.5885773,1.618037,0.68143129,0.70635235,-0.1916185,0
-2.8350229,0.17103684,-3.7746959,-0.42843449,0.17271835,-0.88691163,0
-0.98868591,-0.25398007,-0.18525982,-0.5933761,0.68646538,0.42032143,0
-2.7782011,-3.4831657,0.59819126,-0.68143129,-0.70635235,0.1916185,0
2.8141856,3.4749048,-1.6021669,0.68143129,0.70635235,-0.1916185,0
-0.54679382,-2.7474227,5.002677,0.42843449,-0.17271835,0.88691163,0
4.0957589,2.8131936,0.9339385,0.68143129,0.70635235,-0.1916185,0
0.77645254,-2.1260166,4.0719595,0.42843449,-0.17271835,0.88691163,0
-0.2267096,1.6931974,-4.4139872,-0.42843449,0.17271835,-0.88691163,0
0.15426707,2.1183577,-4.5485954,0.5933761,-0.68646538,-0.42032143,0
3.5623741,3.0973663,0.81553793,0.68143129,0.70635235,-0.1916185,0
2.7434628,3.3583784,-1.6725256,0.68143129,0.70635235,-0.1916185,0
-1.7399931,0.68161583,-4.2153502,-0.42843449,0.17271835,-0.88691163,0
-3.7503986,-3.0302544,-0.77122521,-0.68143129,-0.70635235,0.1916185,0
-2.9963014,0.043906927,-3.7111998,-0.42843449,0.17271835,-0.88691163,0
3.244554,3.2298622,-0.46044421,0.68143129,0.70635235,-0.1916185,0
-2.7239404,-1.013486,-3.5391471,0.5933761,-0.68646538,-0.42032143,0
-0.21179247,-2.7332807,4.7629285,0.42843449,-0.17271835,0.88691163,0
1.6802262,3.6085801,-3.6064208,0.68143129,0.70635235,-0.1916185,0
1.9944725,-0.56158447,4.1156454,0.42843449,-0.17271835,0.88691163,0
1.2661755,-1.843426,4.0719209,0.42843449,-0.17271835,0.88691163,0
3.1273534,3.4391856,-0.15626645,0.68143129,0.70635235,-0.1916185,0
4.3801398,2.580617,1.2083874,0.68143129,0.70635235,-0.1916185,0
3.5907032,2.7274625,0.19739985,0.68143129,0.70635235,-0.1916185,0
-0.56319898,0.9680841,-1.6280401,-0.5933761,0.68646538,0.42032143,0
2.9702001,0.67866176,1.6289448,0.5933761,-0.68646538,-0.42032143,0
0.10432422,-3.0593059,3.8467073,0.5933761,-0.68646538,-0.42032143,0
2.9168262,2.9562483,-1.989687,0.68143129,0.70635235,-0.1916185,0
-4.0382509,-2.8233602,-1.5020571,-0.68143129,-0.70635235,0.1916185,0
0.42134356,-1.5508393,4.5632052,-0.5933761,0.68646538,0.42032143,0
3.5785658,2.8166363,0.091032267,0.68143129,0.70635235,-0.1916185,0
-1.2487319,-0.56204766,0.69232118,-0.5933761,0.68646538,0.42032143,0
0.14906487,0.65914172,0.11149177,-0.5933761,0.68646538,0.42032143,0
-2.9855287,-1.6030422,0.014501572,-0.5933761,0.68646538,0.42032143,0
-3.2413917,-3.0404308,0.31393218,-0.68143129,-0.70635235,0.1916185,0
2.8491049,3.7224505,-0.60763288,0.68143129,0.70635235,-0.1916185,0
-2.3108935,-3.479722,2.2627914,-0.68143129,-0.70635235,0.1916185,0
-3.8426688,-2.0141406,-2.8715141,0.5933761,-0.68646538,-0.42032143,0
-0.57551634,-0.087130025,0.31471914,-0.5933761,0.68646538,0.42032143,0
2.7714095,3.5459023,-1.0632036,0.68143129,0.70635235,-0.1916185,0
4.2006207,2.8245494,2.4040515,0.68143129,0.70635235,-0.1916185,0
0.96346056,0.25970554,1.8332069,-0.5933761,0.68646538,0.42032143,0
-3.348911,-0.35882342,-3.4627633,-0.42843449,0.17271835,-0.88691163,0
2.2969112,3.3979037,-2.8547673,0.68143129,0.70635235,-0.1916185,0
-0.63111496,-3.3632474,4.857265,0.42843449,-0.17271835,0.88691163,0
0.85098147,3.1636801,-4.7176023,-0.42843449,0.17271835,-0.88691163,0
-0.1081295,-2.4674673,4.4344568,0.42843449,-0.17271835,0.88691163,0
-0.24068804,-1.7396322,1.0981952,0.5933761,-0.68646538,-0.42032143,0
1.4040322,-1.7983737,3.9283772,0.42843449,-0.17271835,0.88691163,0
-3.2203982,-3.2994382,-0.56650519,-0.68143129,-0.70635235,0.1916185,0
2.2756186,3.4831996,-3.2678399,0.68143129,0.70635235,-0.1916185,0
-0.6616478,-2.0291858,1.3410776,0.5933761,-0.68646538,-0.42032143,0
3.3931499,0.65583932,3.5412016,0.42843449,-0.17271835,0.88691163,0
1.1441472,-1.4692445,4.2060804,0.42843449,-0.17271835,0.88691163,0
-1.7256863,1.1273732,-3.8739109,-0.42843449,0.17271835,-0.88691163,0
-3.6227543,-1.4688767,-3.6231415,-0.42843449,0.17271835,-0.88691163,0
2.2687368,3.5491633,-3.1353917,0.68143129,0.70635235,-0.1916185,0
2.1350732,-0.22924864,3.8870256,0.42843449,-0.17271835,0.88691163,0
-0.6906743,-4.0324669,4.5909691,0.42843449,-0.17271835,0.88691163,0
-1.9828165,-0.51244569,-1.1479316,-0.5933761,0.68646538,0.42032143,0
2.0625041,3.5224676,-3.1783147,0.68143129,0.70635235,-0.1916185,0
-3.321074,-0.85163653,-3.5546193,-0.42843449,0.17271835,-0.88691163,0
-2.7168167,0.46183264,-3.7849653,-0.42843449,0.17271835,-0.88691163,0
-2.3770299,-3.3030109,2.6622391,-0.68143129,-0.70635235,0.1916185,0
-3.3980362,-0.28831339,-3.7080648,-0.42843449,0.17271835,-0.88691163,0
4.9085732,2.1423876,3.0485964,0.42843449,-0.17271835,0.88691163,0
4.0216837,2.6942263,2.5287147,-0.5933761,0.68646538,0.42032143,0
0.60755211,0.71376216,-1.3948758,0.5933761,-0.68646538,-0.42032143,0
1.6715875,3.6369066,-4.8252339,0.68143129,0.70635235,-0.1916185,0
-1.0589494,-2.912204,2.2944052,0.5933761,-0.68646538,-0.42032143,0
-0.96257216,-2.1848321,3.0533483,-0.5933761,0.68646538,0.42032143,0
-1.3241606,-4.1033926,4.5379019,-0.68143129,-0.70635235,0.1916185,0
2.8266668,0.8182373,3.8095946,0.42843449,-0.17271835,0.88691163,0
-2.6290269,-2.4225621,1.1174848,-0.5933761,0.68646538,0.42032143,0
1.3163338,3.7655282,-2.6668544,-0.5933761,0.68646538,0.42032143,0
2.9689677,3.0851994,-1.1319959,0.68143129,0.70635235,-0.1916185,0
-2.0249941,-0.37067109,-0.98606026,-0.5933761,0.68646538,0.42032143,0
3.331003,2.8225064,-0.46702003,0.68143129,0.70635235,-0.1916185,0
2.6317828,-0.096920967,3.9746881,0.42843449,-0.17271835,0.88691163,0
-2.861732,-1.5224142,-2.3778527,0.5933761,-0.68646538,-0.42032143,0
0.14593625,2.2687414,-4.6529655,-0.42843449,0.17271835,-0.88691163,0
4.0905671,2.9568863,1.2081211,0.68143129,0.70635235,-0.1916185,0
-1.8729002,-0.96567589,0.18594801,-0.5933761,0.68646538,0.42032143,0
3.2205071,0.63812065,3.6614456,0.42843449,-0.17271835,0.88691163,0
3.9484696,2.794416,1.1546888,0.68143129,0.70635235,-0.1916185,0
0.37910771,-2.9645185,4.4619861,0.42843449,-0.17271835,0.88691163,0
0.78008509,-2.2625377,4.0427923,0.5933761,-0.68646538,-0.42032143,0
-4.5198507,-2.416496,-1.7711544,-0.68143129,-0.70635235,0.1916185,0
-1.9331808,-3.3467371,1.2002149,0.5933761,-0.68646538,-0.42032143,0
0.98784834,2.8715639,-2.4771576,-0.5933761,0.68646538,0.42032143,0
2.0967906,1.716491,1.39044,-0.5933761,0.68646538,0.42032143,0
-1.3020763,-2.9715862,1.6206088,0.5933761,-0.68646538,-0.42032143,0
1.0651276,4.2431631,-4.246335,0.68143129,0.70635235,-0.1916185,0
4.9973445,2.5768278,3.0942142,0.42843449,-0.17271835,0.88691163,0
-1.0048249,1.5030673,-4.095943,-0.42843449,0.17271835,-0.88691163,0
1.1521984,2.3528199,-0.89446163,-0.5933761,0.68646538,0.42032143,0
-1.9184816,-3.7199936,3.2963438,-0.68143129,-0.70635235,0.1916185,0
-1.1930033,-3.8408244,4.6852751,-0.68143129,-0.70635235,0.1916185,0
0.89073074,3.7987251,-4.8768463,-0.42843449,0.17271835,-0.88691163,0
-2.7543356,-3.308213,1.3352628,-0.68143129,-0.70635235,0.1916185,0
3.1551414,3.3820555,0.18562889,0.68143129,0.70635235,-0.1916185,0
-0.38337517,1.751591,-4.5182428,-0.42843449,0.17271835,-0.88691163,0
-4.2638168,-2.6504662,-2.4747839,-0.68143129,-0.70635235,0.1916185,0
-4.2167244,-2.6427453,-1.8777289,-0.68143129,-0.70635235,0.1916185,0
-1.8870726,-3.4296541,3.6059289,-0.68143129,-0.70635235,0.1916185,0
3.987349,2.8067033,1.6500835,0.68143129,0.70635235,-0.1916185,0
-2.7535505,-2.7564774,-0.1024313,0.5933761,-0.68646538,-0.42032143,0
-0.022290468,2.3417847,-4.7923279,-0.42843449,0.17271835,-0.88691163,0
-0.99179554,1.8620791,-4.219882,-0.42843449,0.17271835,-0.88691163,0
1.7898481,-1.2318827,3.9607091,0.42843449,-0.17271835,0.88691163,0
-2.5884914,-2.9740992,2.6685503,-0.68143129,-0.70635235,0.1916185,0
-2.8924568,0.16189897,-3.7288651,-0.42843449,0.17271835,-0.88691163,0
-0.56578702,-2.7995648,2.9639294,0.5933761,-0.68646538,-0.42032143,0
-2.3392944,1.089993,-3.8774889,-0.42843449,0.17271835,-0.88691163,0
-2.3492126,-0.2823796,-1.4441986,-0.5933761,0.68646538,0.42032143,0
-1.2348441,-0.6712237,0.11114872,-0.5933761,0.68646538,0.42032143,0
-3.4256792,-3.2883773,0.17099857,-0.68143129,-0.70635235,0.1916185,0
0.27357483,-2.7636471,4.5559206,0.42843449,-0.17271835,0.88691163,0
0.075749159,-1.6643418,2.032028,0.5933761,-0.68646538,-0.42032143,0
4.5192361,2.6656597,1.7655835,0.68143129,0.70635235,-0.1916185,0
4.7489729,2.4933128,3.0097136,0.68143129,0.70635235,-0.1916185,0
0.45102549,2.9453146,-4.5867882,-0.42843449,0.17271835,-0.88691163,0
2.8378463,2.8157406,0.5716958,-0.5933761,0.68646538,0.42032143,0
2.3741655,3.5458183,-1.7506168,0.68143129,0.70635235,-0.1916185,0
2.1191459,-0.47783303,3.9924755,0.42843449,-0.17271835,0.88691163,0
-3.0190594,-1.0198092,-3.849978,-0.42843449,0.17271835,-0.88691163,0
3.6247244,3.081073,0.067454815,0.68143129,0.70635235,-0.1916185,0
-3.6478226,-1.2008621,-3.7015224,-0.42843449,0.17271835,-0.88691163,0
-3.0100093,0.40495241,-3.4095917,-0.42843449,0.17271835,-0.88691163,0
-3.7007287,-1.8186934,-3.3569982,0.5933761,-0.68646538,-0.42032143,0
2.1465557,3.5795391,-1.8275576,0.68143129,0.70635235,-0.1916185,0
-2.4357905,0.66877824,-3.9272666,-0.42843449,0.17271835,-0.88691163,0
2.1189256,3.2309875,-3.2474487,0.68143129,0.70635235,-0.1916185,0
-2.591898,-1.9880756,0.57164359,-0.5933761,0.68646538,0.42032143,0
-3.6205926,-0.66529024,-3.571137,-0.42843449,0.17271835,-0.88691163,0
-4.4845781,-2.5051022,-1.7254012,-0.68143129,-0.70635235,0.1916185,0
-1.0310044,1.2205625,-4.5016727,-0.42843449,0.17271835,-0.88691163,0
0.27530742,-2.1859233,4.3923612,0.42843449,-0.17271835,0.88691163,0
-2.0730448,-0.88272572,-3.0414762,0.5933761,-0.68646538,-0.42032143,0
-0.87199408,-0.17570198,0.48582023,-0.5933761,0.68646538,0.42032143,0
1.5755912,1.3185971,1.1399876,-0.5933761,0.68646538,0.42032143,0
-0.47309983,-3.9903996,4.2976961,0.5933761,-0.68646538,-0.42032143,0
-4.3608899,-2.5361879,-1.2731137,-0.68143129,-0.70635235,0.1916185,0
-2.9255714,-0.1914221,-3.7131567,-0.42843449,0.17271835,-0.88691163,0
-0.1796155,2.1749766,-4.3385105,-0.42843449,0.17271835,-0.88691163,0
-0.92866433,-1.2245541,-0.026823878,0.5933761,-0.68646538,-0.42032143,0
1.4835318,3.7253928,-5.1831388,0.68143129,0.70635235,-0.1916185,0
-3.9741797,-2.9049754,-0.72100163,-0.68143129,-0.70635235,0.1916185,0
2.6347175,0.24220085,3.8260393,0.42843449,-0.17271835,0.88691163,0
-2.2845638,-3.7522502,2.0052044,-0.68143129,-0.70635235,0.1916185,0
3.3036387,1.079205,1.4365957,0.5933761,-0.68646538,-0.42032143,0
1.7548252,1.6178499,-1.2401736,0.5933761,-0.68646538,-0.42032143,0
1.0482806,3.9861612,-4.252491,0.68143129,0.70635235,-0.1916185,0
1.3615497,3.780133,-3.7462659,0.68143129,0.70635235,-0.1916185,0
-1.9362757,-3.5395615,3.0969553,-0.68143129,-0.70635235,0.1916185,0
3.2988136,2.8154285,1.6728388,-0.5933761,0.68646538,0.42032143,0
0.72828031,-2.3549979,4.1449032,0.42843449,-0.17271835,0.88691163,0
-1.3562472,-3.9431217,4.5057211,-0.68143129,-0.70635235,0.1916185,0
-2.3980255,-1.2762693,-0.23506308,-0.5933761,0.68646538,0.42032143,0
0.91329777,3.0064754,-4.7449083,-0.42843449,0.17271835,-0.88691163,0
2.9731367,2.7296515,0.94186282,-0.5933761,0.68646538,0.42032143,0
-0.55227804,2.4582369,-4.4290924,-0.42843449,0.17271835,-0.88691163,0
-3.1307201,-0.2636925,-3.8354235,-0.42843449,0.17271835,-0.88691163,0
-5.0784011,-2.1325226,-3.0408134,-0.68143129,-0.70635235,0.1916185,0
1.3809645,0.057769015,0.6879493,0.5933761,-0.68646538,-0.42032143,0
3.8966875,2.7107906,0.76666713,0.68143129,0.70635235,-0.1916185,0
-0.2310307,2.704062,-4.3684239,-0.42843449,0.17271835,-0.88691163,0
2.52738,3.2484839,-1.4841039,0.68143129,0.70635235,-0.1916185,0
-4.1999397,-2.839211,-2.3881383,0.5933761,-0.68646538,-0.42032143,0
-3.5505223,-2.8050346,0.43976092,-0.68143129,-0.70635235,0.1916185,0
3.8711026,1.5271162,3.5592725,0.42843449,-0.17271835,0.88691163,0
-2.2144735,-0.50081497,-0.65619582,-0.5933761,0.68646538,0.42032143,0
-4.5112333,-2.0323021,-3.4259782,-0.42843449,0.17271835,-0.88691163,0
-1.2656994,-3.7852736,4.1857767,-0.68143129,-0.70635235,0.1916185,0
-2.3204339,0.99064666,-3.7788243,-0.42843449,0.17271835,-0.88691163,0
-1.2552049,1.4636091,-4.3633947,-0.42843449,0.17271835,-0.88691163,0
1.8226652,3.7417765,-2.8953612,0.68143129,0.70635235,-0.1916185,0
2.6907556,3.1401505,-2.4426885,0.68143129,0.70635235,-0.1916185,0
2.2822411,0.16595089,3.8938212,0.42843449,-0.17271835,0.88691163,0
2.8382769,3.4178205,-1.1467879,0.68143129,0.70635235,-0.1916185,0
-2.054364,-3.4631696,3.3679197,-0.68143129,-0.70635235,0.1916185,0
0.99139094,-2.2546973,3.9585471,0.42843449,-0.17271835,0.88691163,0
-3.7436941,-0.81157458,-3.318419,-0.42843449,0.17271835,-0.88691163,0
3.1534135,2.8853755,1.3905256,-0.5933761,0.68646538,0.42032143,0
-0.17622668,1.1450431,-1.2216554,-0.5933761,0.68646538,0.42032143,0
4.7638674,2.5844293,2.0298383,0.68143129,0.70635235,-0.1916185,0
3.8695469,0.88510549,3.5373962,0.42843449,-0.17271835,0.88691163,0
-4.085886,-2.4610205,-2.6086326,0.5933761,-0.68646538,-0.42032143,0
-2.9520576,0.26486492,-3.3125975,-0.5933761,0.68646538,0.42032143,0
4.2789469,3.0527201,2.2390127,0.68143129,0.70635235,-0.1916185,0
0.79678297,3.8997509,-4.810194,-0.42843449,0.17271835,-0.88691163,0
-0.71142268,2.0968368,-4.3142967,-0.42843449,0.17271835,-0.88691163,0
3.7414696,3.0428846,1.3510315,0.68143129,0.70635235,-0.1916185,0
1.9467485,3.8305426,-2.8941393,0.68143129,0.70635235,-0.1916185,0
0.94019699,2.6056674,-3.7015588,0.5933761,-0.68646538,-0.42032143,0
1.2703025,3.7090425,-4.4974146,0.68143129,0.70635235,-0.1916185,0
3.4878633,2.7716358,-0.052238464,0.68143129,0.70635235,-0.1916185,0
-1.2336529,-3.7926149,5.036067,-0.68143129,-0.70635235,0.1916185,0
-1.1262856,-1.471595,-0.087699056,0.5933761,-0.68646538,-0.42032143,0
-2.1793618,-3.4903247,2.7606483,-0.68143129,-0.70635235,0.1916185,0
0.053493977,-0.035395086,1.4881151,-0.5933761,0.68646538,0.42032143,0
1.9173391,-0.25225925,3.9099016,0.42843449,-0.17271835,0.88691163,0
-1.5731407,-3.6645396,4.1278372,-0.68143129,-0.70635235,0.1916185,0
-3.4575717,-2.15169,-2.8604548,0.5933761,-0.68646538,-0.42032143,0
-1.0895357,1.4621742,-4.1844368,-0.42843449,0.17271835,-0.88691163,0
-3.5882616,-2.9054015,-0.34426999,-0.68143129,-0.70635235,0.1916185,0
-1.9868093,-3.8411815,2.5589731,0.5933761,-0.68646538,-0.42032143,0
-0.6704874,-2.7888489,2.2892485,0.5933761,-0.68646538,-0.42032143,0
-2.3185463,0.15086746,-3.9948258,-0.42843449,0.17271835,-0.88691163,0
-3.3988876,-3.1697781,-0.52718091,-0.68143129,-0.70635235,0.1916185,0
-2.7016971,-1.2396791,-2.7080235,0.5933761,-0.68646538,-0.42032143,0
1.9911728,-1.1634095,3.8387048,0.42843449,-0.17271835,0.88691163,0
-2.1626458,-3.6536379,2.2274702,-0.68143129,-0.70635235,0.1916185,0
-2.8078365,-2.2348664,-1.3787943,0.5933761,-0.68646538,-0.42032143,0
-2.3971953,-3.543097,1.7784841,-0.68143129,-0.70635235,0.1916185,0
1.3915031,-1.3023732,4.0857391,0.42843449,-0.17271835,0.88691163,0
0.6617825,-1.3663146,4.2231021,-0.5933761,0.68646538,0.42032143,0
-2.263344,0.91983074,-3.9712129,-0.42843449,0.17271835,-0.88691163,0
-0.62019032,-0.86827481,-0.52685332,0.5933761,-0.68646538,-0.42032143,0
-2.5396411,-2.2816863,1.6261153,-0.5933761,0.68646538,0.42032143,0
2.3837621,-0.33754814,4.0688601,0.42843449,-0.17271835,0.88691163,0
-0.3943857,-3.7639863,4.5856056,0.5933761,-0.68646538,-0.42032143,0
3.4732344,3.175633,1.1745851,0.68143129,0.70635235,-0.1916185,0
-3.4084392,-3.2331533,0.17868733,-0.68143129,-0.70635235,0.1916185,0
0.53897268,0.38786021,-1.2122602,0.5933761,-0.68646538,-0.42032143,0
-0.46073276,-1.0269395,2.4012733,-0.5933761,0.68646538,0.42032143,0
-4.5825424,-2.5361087,-2.8909514,-0.68143129,-0.70635235,0.1916185,0
-0.7183398,-3.4313846,3.0518825,0.5933761,-0.68646538,-0.42032143,0
3.1917779,2.0565856,1.9025773,-0.5933761,0.68646538,0.42032143,0
3.0654595,3.1217501,-0.47857356,0.68143129,0.70635235,-0.1916185,0
-3.7979932,-2.8483865,-1.1404383,-0.68143129,-0.70635235,0.1916185,0
-0.4811945,2.640599,-4.5479069,-0.42843449,0.17271835,-0.88691163,0
2.6727538,3.2121043,-2.7482781,0.68143129,0.70635235,-0.1916185,0
-1.202945,-3.4019113,5.1849499,0.42843449,-0.17271835,0.88691163,0
1.2360876,-1.1624973,4.2100439,0.42843449,-0.17271835,0.88691163,0
1.7867845,3.6666932,-2.9085324,0.68143129,0.70635235,-0.1916185,0
0.35526896,-0.67591727,3.1427836,-0.5933761,0.68646538,0.42032143,0
1.4811405,3.6392207,-4.8209801,0.68143129,0.70635235,-0.1916185,0
2.3080778,0.14259803,4.0697656,0.42843449,-0.17271835,0.88691163,0
-2.4010639,-3.4144363,2.7250204,-0.68143129,-0.70635235,0.1916185,0
-3.7154632,-2.7029271,-0.32885456,-0.68143129,-0.70635235,0.1916185,0
0.46861053,3.751595,-4.7671566,-0.42843449,0.17271835,-0.88691163,0
-4.4329333,-2.0004046,-3.4210372,-0.42843449,0.17271835,-0.88691163,0
-1.0819061,-2.863152,1.8488879,0.5933761,-0.68646538,-0.42032143,0
1.627962,3.6775627,-4.1998997,0.68143129,0.70635235,-0.1916185,0
-4.3668551,-2.5836711,-0.84205532,-0.68143129,-0.70635235,0.1916185,0
2.2714684,3.464443,-1.7909789,0.68143129,0.70635235,-0.1916185,0
0.062558785,0.95804602,-0.060664803,-0.5933761,0.68646538,0.42032143,0
4.222115,1.6310644,3.4998405,0.42843449,-0.17271835,0.88691163,0
-2.2239356,0.30880922,-2.5149014,-0.5933761,0.68646538,0.42032143,0
0.9353283,2.0758984,-1.07402,-0.5933761,0.68646538,0.42032143,0
1.7023489,-1.2328175,4.0959549,0.42843449,-0.17271835,0.88691163,0
-2.9118958,-3.1399341,0.87084866,-0.68143129,-0.70635235,0.1916185,0
-3.1039286,-3.0640879,0.88581562,-0.68143129,-0.70635235,0.1916185,0
3.9552226,2.6520731,1.271945,0.68143129,0.70635235,-0.1916185,0
-2.0516832,-3.6602683,3.0165446,-0.68143129,-0.70635235,0.1916185,0
4.0821381,2.5257704,0.37196493,0.68143129,0.70635235,-0.1916185,0
4.2614269,2.586637,3.3222854,0.42843449,-0.17271835,0.88691163,0
2.724818,2.8156419,-1.4866593,0.5933761,-0.68646538,-0.42032143,0
0.24537516,3.4282374,-3.8295891,-0.5933761,0.68646538,0.42032143,0
-3.1499803,-3.0826159,0.24774814,-0.68143129,-0.70635235,0.1916185,0
-2.137835,-1.9876282,1.1190765,-0.5933761,0.68646538,0.42032143,0
2.8997848,2.1487656,2.1345911,-0.5933761,0.68646538,0.42032143,0
-1.8537078,0.0073205233,-3.9878631,-0.42843449,0.17271835,-0.88691163,0
2.458571,3.4597521,-2.3380961,0.68143129,0.70635235,-0.1916185,0
-1.9283245,-3.3154438,3.781981,-0.68143129,-0.70635235,0.1916185,0
-1.1706334,-1.5680068,2.0415425,-0.5933761,0.68646538,0.42032143,0
-2.2226911,-3.540554,2.7721231,-0.68143129,-0.70635235,0.1916185,0
4.3779316,2.7088056,2.6240408,0.68143129,0.70635235,-0.1916185,0
-4.1821795,-2.7908068,-2.289752,-0.68143129,-0.70635235,0.1916185,0
3.7060633,2.4461455,-0.26936507,0.68143129,0.70635235,-0.1916185,0
3.8141675,3.0404918,0.46357775,0.68143129,0.70635235,-0.1916185,0
-2.1443896,-3.5123358,3.6706843,-0.68143129,-0.70635235,0.1916185,0
0.17535233,-2.4956179,4.6140461,0.42843449,-0.17271835,0.88691163,0
-1.4052569,-1.6568561,-0.89028364,0.5933761,-0.68646538,-0.42032143,0
-4.2443666,-1.2620211,-2.3892686,-0.5933761,0.68646538,0.42032143,0
1.3563516,-0.8349309,4.2614498,0.42843449,-0.17271835,0.88691163,0
-0.65536392,0.064751089,-2.064549,0.5933761,-0.68646538,-0.42032143,0
-0.75668597,-3.2651033,4.6146851,0.42843449,-0.17271835,0.88691163,0
-1.4903054,-3.8252649,4.3546505,-0.68143129,-0.70635235,0.1916185,0
-3.732872,-2.9008942,-0.33709407,-0.68143129,-0.70635235,0.1916185,0
-1.4760361,1.5309873,-3.3344007,-0.5933761,0.68646538,0.42032143,0
-0.81932998,1.658155,-4.508687,-0.42843449,0.17271835,-0.88691163,0
0.91241741,-1.4795706,4.2537813,0.42843449,-0.17271835,0.88691163,0
0.93146133,3.9027305,-4.9559603,-0.42843449,0.17271835,-0.88691163,0
-2.0334358,-3.291935,3.2795722,-0.68143129,-0.70635235,0.1916185,0
3.2673528,1.5081073,1.158866,0.5933761,-0.68646538,-0.42032143,0
-3.2272079,-1.9509912,-0.16619754,-0.5933761,0.68646538,0.42032143,0
1.6221488,0.039297462,3.1160026,-0.5933761,0.68646538,0.42032143,0
0.11987495,3.2732768,-4.490592,-0.42843449,0.17271835,-0.88691163,0
-2.9261203,-3.3216491,0.58912349,-0.68143129,-0.70635235,0.1916185,0
4.5183473,2.251054,1.5838065,0.68143129,0.70635235,-0.1916185,0
-2.0384812,-3.8122377,2.6118352,-0.68143129,-0.70635235,0.1916185,0
-2.4239852,-0.03586638,-3.789676,-0.42843449,0.17271835,-0.88691163,0
-1.4894276,0.90885872,-4.2374048,-0.42843449,0.17271835,-0.88691163,0
3.808888,2.9743705,1.1317978,0.68143129,0.70635235,-0.1916185,0
-2.2912037,-3.5193238,2.6736829,-0.68143129,-0.70635235,0.1916185,0
-1.8113425,-3.8581052,3.5853236,-0.68143129,-0.70635235,0.1916185,0
5.0307579,2.1493285,2.928555,0.68143129,0.70635235,-0.1916185,0
-0.57753134,-4.0092263,4.3875923,0.5933761,-0.68646538,-0.42032143,0
5.0829134,2.5092175,2.8477736,0.68143129,0.70635235,-0.1916185,0
-0.56597531,-2.2890053,2.1503367,0.5933761,-0.68646538,-0.42032143,0
1.3200603,-0.7027446,3.8953731,-0.5933761,0.68646538,0.42032143,0
0.50576484,2.080476,-3.7463245,0.5933761,-0.68646538,-0.42032143,0
-4.7744379,-1.4645162,-3.1184835,-0.42843449,0.17271835,-0.88691163,0
-0.45350027,2.5292673,-4.4477596,-0.42843449,0.17271835,-0.88691163,0
1.2455618,-1.425163,4.0113707,0.42843449,-0.17271835,0.88691163,0
-3.1499083,-3.2876754,0.48915315,-0.68143129,-0.70635235,0.1916185,0
-3.4808128,-0.90769196,-3.4546642,-0.42843449,0.17271835,-0.88691163,0
-0.96138978,2.1674986,-4.1307335,-0.42843449,0.17271835,-0.88691163,0
-1.3607732,-3.6465371,4.3499222,-0.68143129,-0.70635235,0.1916185,0
0.64140964,-1.9089102,4.4316149,0.42843449,-0.17271835,0.88691163,0
2.8078039,0.25683737,3.8068109,0.42843449,-0.17271835,0.88691163,0
2.6282113,2.6783702,-2.2036698,0.5933761,-0.68646538,-0.42032143,0
4.0696573,2.7962241,2.104676,0.68143129,0.70635235,-0.1916185,0
-2.8504941,-1.4702638,-0.47881818,-0.5933761,0.68646538,0.42032143,0
-2.9880111,-0.5955143,-3.8460331,-0.42843449,0.17271835,-0.88691163,0
-4.7933226,-2.3531437,-1.8392503,-0.68143129,-0.70635235,0.1916185,0
4.0323429,2.610858,3.0699978,-0.5933761,0.68646538,0.42032143,0
2.7214439,2.6990409,-2.1109097,0.5933761,-0.68646538,-0.42032143,0
-0.6870743,-2.4730995,4.1794796,-0.5933761,0.68646538,0.42032143,0
1.0814115,3.9453681,-4.554224,0.68143129,0.70635235,-0.1916185,0
-2.3479307,-2.719775,0.38376451,0.5933761,-0.68646538,-0.42032143,0
-1.5307145,-3.7028012,4.5110569,-0.68143129,-0.70635235,0.1916185,0
-3.7764697,-1.9847962,-0.95648265,-0.5933761,0.68646538,0.42032143,0
-2.5076251,-3.3741951,0.73337984,0.5933761,-0.68646538,-0.42032143,0
-3.1226707,-3.3317807,0.52603698,-0.68143129,-0.70635235,0.1916185,0
1.244216,2.8066614,-1.8530989,-0.5933761,0.68646538,0.42032143,0
0.52962148,4.0560741,-4.6770973,-0.42843449,0.17271835,-0.88691163,0
3.561058,2.8053517,-0.066455126,0.68143129,0.70635235,-0.1916185,0
-4.6538219,-2.7569776,-2.8662782,-0.68143129,-0.70635235,0.1916185,0
5.1459947,2.2093911,2.6308229,0.68143129,0.70635235,-0.1916185,0
-2.8543675,-0.33415604,-3.8030844,-0.42843449,0.17271835,-0.88691163,0
-5.0687189,-2.2738023,-2.8773563,-0.68143129,-0.70635235,0.1916185,0
-1.0844154,-4.1940269,4.5688815,-0.68143129,-0.70635235,0.1916185,0
0.80893636,-2.2980776,4.3668003,0.42843449,-0.17271835,0.88691163,0
2.2450175,3.0327525,-2.6713939,0.5933761,-0.68646538,-0.42032143,0
1.3386877,4.1172485,-4.2730246,0.68143129,0.70635235,-0.1916185,0
3.6658773,1.7584581,3.5855815,0.42843449,-0.17271835,0.88691163,0
2.9685674,-0.17126787,3.3861656,0.42843449,-0.17271835,0.88691163,0
1.3977641,-0.043541834,0.79774988,0.5933761,-0.68646538,-0.42032143,0
-0.46512413,-2.7364657,4.7918835,0.42843449,-0.17271835,0.88691163,0
-0.95539021,-1.7463492,-0.096246243,0.5933761,-0.68646538,-0.42032143,0
3.4707322,2.8439429,-0.066594839,0.68143129,0.70635235,-0.1916185,0
-1.9584888,-3.1286602,3.8688118,-0.5933761,0.68646538,0.42032143,0
-3.0818701,-2.8526525,1.3104312,-0.68143129,-0.70635235,0.1916185,0
4.6404004,1.8149334,3.1868944,0.42843449,-0.17271835,0.88691163,0
4.4931393,2.4591622,3.5563977,0.42843449,-0.17271835,0.88691163,0
-3.5319393,-2.9777966,0.28470016,-0.68143129,-0.70635235,0.1916185,0
-2.1089122,0.99414331,-4.0714426,-0.42843449,0.17271835,-0.88691163,0
-3.6640213,-2.5578117,-2.4598165,0.5933761,-0.68646538,-0.42032143,0
2.2737873,-0.30320317,2.3935621,0.5933761,-0.68646538,-0.42032143,0
2.4716899,-0.2598865,3.9275882,0.42843449,-0.17271835,0.88691163,0
-0.39063883,0.39396095,0.23279168,-0.5933761,0.68646538,0.42032143,0
-1.9518539,-3.341006,3.3301742,-0.68143129,-0.70635235,0.1916185,0
3.9351037,1.0368037,2.9302711,0.5933761,-0.68646538,-0.42032143,0
2.6168532,0.78125697,1.5564656,0.5933761,-0.68646538,-0.42032143,0
1.6899099,2.3150461,-0.47055745,-0.5933761,0.68646538,0.42032143,0
0.44999635,3.5232744,-3.8098688,-0.5933761,0.68646538,0.42032143,0
4.2716417,2.7808483,1.8671975,0.68143129,0.70635235,-0.1916185,0
0.971506,0.94383609,1.1349598,-0.5933761,0.68646538,0.42032143,0
-0.93964553,-3.5210936,4.6971636,0.42843449,-0.17271835,0.88691163,0
1.7997656,1.0060443,-0.077309251,0.5933761,-0.68646538,-0.42032143,0
-1.2218335,-3.734395,4.7430029,-0.68143129,-0.70635235,0.1916185,0
4.7269764,2.0239725,3.0320761,0.42843449,-0.17271835,0.88691163,0
-1.5143821,-4.0762763,3.8435242,-0.68143129,-0.70635235,0.1916185,0
-3.6169708,-2.8774953,-0.70608163,-0.68143129,-0.70635235,0.1916185,0
-2.1272416,-0.61029714,-0.9861353,-0.5933761,0.68646538,0.42032143,0
2.0223899,0.55842078,3.2286396,-0.5933761,0.68646538,0.42032143,0
-1.0499892,1.1005213,-4.3574629,-0.42843449,0.17271835,-0.88691163,0
-0.91338193,-2.930208,4.8745708,0.42843449,-0.17271835,0.88691163,0
-2.6736975,-0.042963266,-2.7984834,-0.5933761,0.68646538,0.42032143,0
1.4412484,3.6642756,-4.1821909,0.68143129,0.70635235,-0.1916185,0
0.60196686,-2.5387535,3.5035603,0.5933761,-0.68646538,-0.42032143,0
-2.4916782,-3.5955386,1.9092946,-0.68143129,-0.70635235,0.1916185,0
1.0490251,-2.0741651,4.2401571,0.42843449,-0.17271835,0.88691163,0
3.9636989,2.7222416,1.4535303,0.68143129,0.70635235,-0.1916185,0
-4.5708771,-2.4305687,-3.4153838,-0.42843449,0.17271835,-0.88691163,0
1.9266514,1.9957069,-1.6198697,0.5933761,-0.68646538,-0.42032143,0
4.6078072,2.967242,2.9925404,0.68143129,0.70635235,-0.1916185,0
-3.1623507,-3.4344902,0.33920169,-0.68143129,-0.70635235,0.1916185,0
1.3628836,3.7861757,-3.6485152,0.68143129,0.70635235,-0.1916185,0
2.5317307,2.8466101,0.55445647,-0.5933761,0.68646538,0.42032143,0
-4.6256895,-2.8218594,-3.3160195,-0.42843449,0.17271835,-0.88691163,0
-2.0807686,0.35398698,-3.7782211,-0.42843449,0.17271835,-0.88691163,0
2.2857285,3.4489779,-1.8747301,0.68143129,0.70635235,-0.1916185,0
2.1298075,3.2304811,-3.3673115,0.68143129,0.70635235,-0.1916185,0
2.3084404,-0.22406197,4.1313419,0.42843449,-0.17271835,0.88691163,0
3.5614147,2.9390218,0.039371967,0.68143129,0.70635235,-0.1916185,0
-1.9135292,-1.6323754,-1.436244,0.5933761,-0.68646538,-0.42032143,0
1.1296663,3.8365121,-4.7541361,-0.42843449,0.17271835,-0.88691163,0
-2.7218657,-0.5824573,-3.6951623,0.5933761,-0.68646538,-0.42032143,0
-1.6498052,-3.7684815,3.2097905,-0.68143129,-0.70635235,0.1916185,0
-2.9961009,-1.5722938,-0.027143955,-0.5933761,0.68646538,0.42032143,0
1.6120185,3.7305377,-3.5725157,0.68143129,0.70635235,-0.1916185,0
5.0294552,2.1090162,2.8495452,0.68143129,0.70635235,-0.1916185,0
-2.9947121,-1.5249406,-0.074111223,-0.5933761,0.68646538,0.42032143,0
2.8586996,3.319171,-1.4877188,0.68143129,0.70635235,-0.1916185,0
-2.8857744,-3.2533374,1.5340946,-0.68143129,-0.70635235,0.1916185,0
-1.6878498,-1.9900703,2.2359095,-0.5933761,0.68646538,0.42032143,0
-2.0718381,-1.0478638,-0.44262993,-0.5933761,0.68646538,0.42032143,0
0.052497387,-3.2240582,4.3678164,0.42843449,-0.17271835,0.88691163,0
-0.31339073,2.0989044,-4.4435654,-0.42843449,0.17271835,-0.88691163,0
0.51290214,2.637845,-4.7448044,-0.42843449,0.17271835,-0.88691163,0
-1.382742,-4.0721588,4.3120499,-0.68143129,-0.70635235,0.1916185,0
1.7391043,1.9514511,0.26040232,-0.5933761,0.68646538,0.42032143,0
0.89260232,-0.55981797,3.1019132,-0.5933761,0.68646538,0.42032143,0
2.4596987,3.5447226,-1.8346639,0.68143129,0.70635235,-0.1916185,0
1.7876766,-0.3139118,4.2389827,0.42843449,-0.17271835,0.88691163,0
-1.974313,-3.4753528,4.1808262,-0.68143129,-0.70635235,0.1916185,0
2.7705312,0.19762874,2.3594761,0.5933761,-0.68646538,-0.42032143,0
2.1355877,-0.53502297,3.8512487,0.42843449,-0.17271835,0.88691163,0
5.3423228,1.9760542,3.0401902,0.42843449,-0.17271835,0.88691163,0
3.392844,3.2020035,0.58596253,0.68143129,0.70635235,-0.1916185,0
-1.9845111,1.0394146,-3.9225285,-0.42843449,0.17271835,-0.88691163,0
1.8984356,3.4940228,-3.2237999,0.68143129,0.70635235,-0.1916185,0
1.1187215,0.8547436,-0.75402558,0.5933761,-0.68646538,-0.42032143,0
3.5414214,2.9821777,1.054765,0.68143129,0.70635235,-0.1916185,0
-2.9502394,0.28539622,-3.6630306,-0.42843449,0.17271835,-0.88691163,0
-1.4192649,0.75157464,-1.8332309,-0.5933761,0.68646538,0.42032143,0
0.64086676,-1.4629477,4.3672748,0.42843449,-0.17271835,0.88691163,0
-3.9084675,-1.1408765,-3.4643281,-0.42843449,0.17271835,-0.88691163,0
1.1470208,1.4810548,0.77609557,-0.5933761,0.68646538,0.42032143,0
-3.2575417,-0.86779404,-3.6594665,-0.42843449,0.17271835,-0.88691163,0
-0.66431081,-0.15581349,0.95466352,-0.5933761,0.68646538,0.42032143,0
2.5860851,1.1266501,2.6496725,-0.5933761,0.68646538,0.42032143,0
1.7810482,3.591819,-3.4654326,0.68143129,0.70635235,-0.1916185,0
-0.78067732,2.3383744,-4.4036345,-0.42843449,0.17271835,-0.88691163,0
