-4.0097213,-2.6721878,1.5972757,-0.68420523,-0.69859362,0.20935637,0
-1.8445551,-5.5232921,-0.71466923,-0.68420523,-0.69859362,0.20935637,0
-3.6057281,-3.1695938,1.3789272,-0.68420523,-0.69859362,0.20935637,0
-1.5887444,-5.5381818,-0.31613302,-0.68420523,-0.69859362,0.20935637,0
-5.2869492,-0.1327306,2.5439744,-0.5631454,0.68849796,0.45698771,0
-3.9904389,0.8006584,2.2087176,-0.5631454,0.68849796,0.45698771,0
1.2846854,-3.8355186,-1.4831578,0.5631454,-0.68849796,-0.45698771,0
-1.9944775,-5.5210276,-0.32535791,-0.68420523,-0.69859362,0.20935637,0
-3.2024295,-0.59914422,0.96404421,-0.46339017,0.19477534,-0.86448371,0
-1.2265744,-4.8816085,-1.1283498,-0.46339017,0.19477534,-0.86448371,0
2.4351587,-3.1016612,-1.3742322,0.5631454,-0.68849796,-0.45698771,0
5.0431957,0.34717917,-2.8032587,0.5631454,-0.68849796,-0.45698771,0
-1.9246788,3.04287,2.1055369,-0.5631454,0.68849796,0.45698771,0
3.4835925,3.66504,-1.085362,0.68420523,0.69859362,-0.20935637,0
-2.1675849,-4.4513311,-0.43599319,-0.46339017,0.19477534,-0.86448371,0
2.4157917,2.3242981,-1.4032233,-0.46339017,0.19477534,-0.86448371,0
4.1930971,-0.33564162,-1.9044262,0.46339017,-0.19477534,0.86448371,0
-0.67538881,-5.2800393,-1.406275,0.5631454,-0.68849796,-0.45698771,0
-4.482955,-2.3406601,2.0587196,-0.68420523,-0.69859362,0.20935637,0
-1.6562309,0.43935978,0.38770124,-0.46339017,0.19477534,-0.86448371,0
3.5563798,3.6111994,-1.1589403,0.68420523,0.69859362,-0.20935637,0
-5.3582292,-0.32611728,2.3028297,-0.5631454,0.68849796,0.45698771,0
4.1005507,-0.7014544,-2.9195728,0.5631454,-0.68849796,-0.45698771,0
-3.6821661,0.8128376,2.5696208,-0.5631454,0.68849796,0.45698771,0
2.5955606,1.8192431,-1.3609552,-0.46339017,0.19477534,-0.86448371,0
3.0912962,3.9017165,-1.3841376,0.68420523,0.69859362,-0.20935637,0
-2.1305561,-5.1840482,-0.13319016,-0.68420523,-0.69859362,0.20935637,0
-0.50508201,-2.1557572,0.3412025,0.46339017,-0.19477534,0.86448371,0
4.2636647,2.8192267,-1.0340166,0.68420523,0.69859362,-0.20935637,0
-3.0355811,-1.9662274,0.75903535,-0.46339017,0.19477534,-0.86448371,0
-4.3482814,-2.4044347,1.4831808,-0.68420523,-0.69859362,0.20935637,0
-0.47023726,4.3501754,1.3566437,-0.5631454,0.68849796,0.45698771,0
1.0042629,-2.1362288,-0.58298194,0.46339017,-0.19477534,0.86448371,0
-3.3286033,1.7349708,1.6517792,-0.46339017,0.19477534,-0.86448371,0
-5.501174,-0.86826926,2.9778852,-0.68420523,-0.69859362,0.20935637,0
-0.63279986,-3.717675,-0.10713911,0.46339017,-0.19477534,0.86448371,0
-4.2232375,0.496571,2.402277,-0.5631454,0.68849796,0.45698771,0
-2.079664,-5.1231108,-0.13547707,-0.68420523,-0.69859362,0.20935637,0
2.2676957,-2.2678597,-2.2638638,0.5631454,-0.68849796,-0.45698771,0
4.8772125,-0.12479424,-2.1882355,0.5631454,-0.68849796,-0.45698771,0
-2.661377,2.7740307,1.401804,-0.5631454,0.68849796,0.45698771,0
-5.6186566,-0.88639724,2.6698213,-0.68420523,-0.69859362,0.20935637,0
5.0676379,1.5323315,-2.587795,0.68420523,0.69859362,-0.20935637,0
-1.7551465,3.3365331,1.9878675,-0.5631454,0.68849796,0.45698771,0
2.8267322,-2.0755684,-1.903055,0.5631454,-0.68849796,-0.45698771,0
-1.759747,3.4813161,1.3730934,-0.5631454,0.68849796,0.45698771,0
-2.9897156,-0.031953402,2.2255743,0.46339017,-0.19477534,0.86448371,0
1.4791062,-3.3870153,-1.5368198,0.5631454,-0.68849796,-0.45698771,0
-0.66245627,-5.5872345,-1.4923511,0.5631454,-0.68849796,-0.45698771,0
-1.6901863,1.3516707,0.62274981,-0.46339017,0.19477534,-0.86448371,0
-1.0782585,3.7456217,1.5188555,-0.5631454,0.68849796,0.45698771,0
5.1849003,0.50891161,-2.218987,0.46339017,-0.19477534,0.86448371,0
-0.081772089,5.1066074,0.47270775,-0.46339017,0.19477534,-0.86448371,0
4.4614115,2.6619961,-1.3398857,0.68420523,0.69859362,-0.20935637,0
-0.46679807,3.6877804,0.34827733,-0.46339017,0.19477534,-0.86448371,0
2.8494296,1.8717461,-0.58839536,0.46339017,-0.19477534,0.86448371,0
1.1568873,6.0628619,1.0173926,-0.5631454,0.68849796,0.45698771,0
-0.79243135,4.510519,1.113601,-0.5631454,0.68849796,0.45698771,0
4.9562087,-0.23048669,-2.6993032,0.5631454,-0.68849796,-0.45698771,0
-4.5835476,0.51334631,2.551755,-0.5631454,0.68849796,0.45698771,0
-2.0982513,-5.358058,-0.061787128,-0.68420523,-0.69859362,0.20935637,0
5.1901217,1.1649691,-2.2096655,0.68420523,0.69859362,-0.20935637,0
5.4349794,0.1356436,-2.5070748,0.5631454,-0.68849796,-0.45698771,0
0.29686522,5.2052579,0.2160902,-0.46339017,0.19477534,-0.86448371,0
2.2607908,-2.5116415,-2.4681056,0.5631454,-0.68849796,-0.45698771,0
-3.9976544,-1.1287363,1.2772192,-0.46339017,0.19477534,-0.86448371,0
4.026897,2.6219749,-1.6855061,0.68420523,0.69859362,-0.20935637,0
3.1044748,3.9076147,-1.1489906,0.68420523,0.69859362,-0.20935637,0
-3.3349066,-3.5229292,0.95716286,-0.68420523,-0.69859362,0.20935637,0
-1.1357372,3.6133444,1.9169443,-0.5631454,0.68849796,0.45698771,0
-0.12814808,-5.229486,-0.97222853,0.5631454,-0.68849796,-0.45698771,0
-1.2011478,-6.1569176,-1.3629508,0.5631454,-0.68849796,-0.45698771,0
-1.6672807,3.4651489,1.130186,-0.5631454,0.68849796,0.45698771,0
4.3213835,-0.19140665,-3.1330094,0.5631454,-0.68849796,-0.45698771,0
-5.5543561,-0.76850843,3.1844621,-0.68420523,-0.69859362,0.20935637,0
-5.7201314,-0.98691356,2.2542193,-0.46339017,0.19477534,-0.86448371,0
-3.8076365,-1.5531526,2.124054,0.46339017,-0.19477534,0.86448371,0
4.650197,1.9616535,-2.2592154,0.68420523,0.69859362,-0.20935637,0
1.4782087,-1.4971714,-1.7771475,-0.46339017,0.19477534,-0.86448371,0
-2.3132782,2.746479,1.4734875,-0.5631454,0.68849796,0.45698771,0
-4.7852526,-1.9384366,1.7704952,-0.68420523,-0.69859362,0.20935637,0
5.1838837,1.2214893,-2.0908992,0.68420523,0.69859362,-0.20935637,0
-0.14828908,-2.6538432,0.27231359,0.46339017,-0.19477534,0.86448371,0
3.0112655,-0.19679117,-2.0591457,-0.46339017,0.19477534,-0.86448371,0
0.36061406,-4.8921604,-0.74568152,0.5631454,-0.68849796,-0.45698771,0
-2.2384348,3.1997237,1.3671557,-0.5631454,0.68849796,0.45698771,0
3.7426543,3.2720473,-1.443392,0.68420523,0.69859362,-0.20935637,0
-4.5894203,0.39625102,2.8450055,-0.5631454,0.68849796,0.45698771,0
1.9013853,5.3815398,0.35020494,0.68420523,0.69859362,-0.20935637,0
2.7354133,-1.965974,-2.1506357,0.5631454,-0.68849796,-0.45698771,0
4.65523,1.7503996,-2.6370683,0.68420523,0.69859362,-0.20935637,0
0.10906386,4.9333863,1.409817,-0.5631454,0.68849796,0.45698771,0
-3.3530903,1.3505921,2.574276,-0.5631454,0.68849796,0.45698771,0
5.0810208,0.081465244,-3.0125,0.5631454,-0.68849796,-0.45698771,0
0.23271775,-5.0961995,-1.1441562,0.5631454,-0.68849796,-0.45698771,0
-0.32270026,5.2256756,0.70334196,-0.5631454,0.68849796,0.45698771,0
-4.6218181,-2.1077156,1.7321267,-0.68420523,-0.69859362,0.20935637,0
3.9530704,-0.90318596,-2.5277205,0.5631454,-0.68849796,-0.45698771,0
-0.58669853,0.79937476,0.97460192,0.46339017,-0.19477534,0.86448371,0
3.7543824,0.47231638,-1.2439064,0.46339017,-0.19477534,0.86448371,0
5.8482294,0.65971112,-2.5039649,0.5631454,-0.68849796,-0.45698771,0
2.7116861,-0.42249265,-1.9727184,-0.46339017,0.19477534,-0.86448371,0
-2.6651866,-4.5199504,0.44844198,-0.68420523,-0.69859362,0.20935637,0
5.5260277,0.72732699,-2.8029473,0.5631454,-0.68849796,-0.45698771,0
4.7571778,0.29503426,-2.9351425,0.5631454,-0.68849796,-0.45698771,0
2.4718885,-2.8148639,-1.8583565,0.5631454,-0.68849796,-0.45698771,0
2.2764509,0.91062045,-0.44689155,0.46339017,-0.19477534,0.86448371,0
-2.0179751,-5.3969383,0.17427635,-0.68420523,-0.69859362,0.20935637,0
1.9707122,5.1268578,0.16800213,0.68420523,0.69859362,-0.20935637,0
2.5617714,4.7365441,0.18881893,0.46339017,-0.19477534,0.86448371,0
-3.0871534,2.1710026,1.7114985,-0.5631454,0.68849796,0.45698771,0
1.7023504,5.3938046,-0.1656003,0.68420523,0.69859362,-0.20935637,0
2.0298262,-1.6195651,-2.243844,-0.46339017,0.19477534,-0.86448371,0
4.823875,1.6694137,-2.6847785,0.68420523,0.69859362,-0.20935637,0
1.2004731,-4.133215,-1.0159564,0.5631454,-0.68849796,-0.45698771,0
5.3460388,1.0636055,-2.9240074,0.68420523,0.69859362,-0.20935637,0
-3.1412454,1.7679796,1.9427457,-0.5631454,0.68849796,0.45698771,0
-1.740113,-5.5365744,-1.0496783,-0.68420523,-0.69859362,0.20935637,0
-4.8867116,-1.5519812,2.9153814,-0.68420523,-0.69859362,0.20935637,0
3.1053531,-1.9438106,-2.2786849,0.5631454,-0.68849796,-0.45698771,0
2.5407951,4.3573594,-0.52853155,0.68420523,0.69859362,-0.20935637,0
1.2373089,3.9550779,-0.53303266,-0.46339017,0.19477534,-0.86448371,0
-3.457958,-3.5097878,1.073277,-0.68420523,-0.69859362,0.20935637,0
0.87300229,-4.2497683,-0.77180862,0.46339017,-0.19477534,0.86448371,0
-0.90900671,-3.4050076,-0.8118763,-0.46339017,0.19477534,-0.86448371,0
-2.9917455,-1.9993558,0.60328507,-0.46339017,0.19477534,-0.86448371,0
-3.6177473,0.49699354,1.4156373,-0.46339017,0.19477534,-0.86448371,0
1.7913435,-0.0048655272,-1.7027905,-0.46339017,0.19477534,-0.86448371,0
-2.9950378,1.9346613,2.0405297,-0.5631454,0.68849796,0.45698771,0
-5.1545129,-1.6262755,1.9227395,-0.68420523,-0.69859362,0.20935637,0
4.7755604,0.015130877,-2.7115235,0.5631454,-0.68849796,-0.45698771,0
-2.2855606,-1.6857344,1.3919368,0.46339017,-0.19477534,0.86448371,0
-4.6995835,-1.518777,2.6410632,-0.68420523,-0.69859362,0.20935637,0
-1.9857559,-1.0723363,1.6151004,0.46339017,-0.19477534,0.86448371,0
-4.9779553,-1.2129238,2.7598114,0.46339017,-0.19477534,0.86448371,0
-5.1346045,-0.00097149611,2.8464959,-0.5631454,0.68849796,0.45698771,0
-1.8115684,-2.3382592,1.2379072,0.46339017,-0.19477534,0.86448371,0
2.3131394,4.6623869,-0.12566757,0.68420523,0.69859362,-0.20935637,0
-0.17316651,5.2415075,0.70459509,-0.5631454,0.68849796,0.45698771,0
0.90945506,3.1056864,0.79648423,0.46339017,-0.19477534,0.86448371,0
3.2318316,3.7953782,-0.60346365,0.68420523,0.69859362,-0.20935637,0
1.8013933,4.9129653,0.78597307,0.46339017,-0.19477534,0.86448371,0
-0.4664135,4.5082488,1.2985549,-0.5631454,0.68849796,0.45698771,0
2.1064491,0.20686579,-0.69206959,0.46339017,-0.19477534,0.86448371,0
-1.8358649,-0.3869012,0.36675608,-0.46339017,0.19477534,-0.86448371,0
-3.8793674,-2.6771913,1.4229023,-0.68420523,-0.69859362,0.20935637,0
1.0077394,3.4168859,0.66150212,0.46339017,-0.19477534,0.86448371,0
4.6704841,-0.51480824,-2.5256619,0.5631454,-0.68849796,-0.45698771,0
-0.13094854,-4.9246559,-1.3474097,0.5631454,-0.68849796,-0.45698771,0
3.0501626,-0.057934642,-0.94425207,0.46339017,-0.19477534,0.86448371,0
-5.6720009,-0.81235313,2.39256,-0.68420523,-0.69859362,0.20935637,0
3.9995139,2.6086712,-1.551528,0.68420523,0.69859362,-0.20935637,0
4.0465813,0.42594886,-1.412707,0.46339017,-0.19477534,0.86448371,0
-2.7179937,-4.4650393,0.32251883,-0.68420523,-0.69859362,0.20935637,0
3.1427155,-1.9671478,-1.9938239,0.5631454,-0.68849796,-0.45698771,0
0.020778179,4.6634002,1.561878,-0.5631454,0.68849796,0.45698771,0
-3.833252,-1.7481868,2.3298726,0.46339017,-0.19477534,0.86448371,0
-1.4594505,-6.195745,-1.189569,-0.68420523,-0.69859362,0.20935637,0
-5.3662434,-1.0895249,2.485359,-0.68420523,-0.69859362,0.20935637,0
3.7919397,0.924411,-2.4402556,-0.46339017,0.19477534,-0.86448371,0
5.6529231,0.29131258,-2.4919338,0.5631454,-0.68849796,-0.45698771,0
2.3771996,0.52011847,-0.6342538,0.46339017,-0.19477534,0.86448371,0
-0.71698427,-5.9166985,-0.50532007,0.5631454,-0.68849796,-0.45698771,0
-0.46737751,0.56157047,1.085493,0.46339017,-0.19477534,0.86448371,0
-4.2639952,0.39225459,2.6141701,-0.5631454,0.68849796,0.45698771,0
0.39440846,5.3579392,1.4369369,-0.5631454,0.68849796,0.45698771,0
1.5386348,-0.53674901,-1.3934774,-0.46339017,0.19477534,-0.86448371,0
-2.8847013,1.7094491,2.4029081,0.46339017,-0.19477534,0.86448371,0
1.8449,-2.9010313,-1.9555117,0.5631454,-0.68849796,-0.45698771,0
4.4975281,0.0036973208,-2.91223,0.5631454,-0.68849796,-0.45698771,0
4.0454807,-0.70827717,-2.7190428,0.5631454,-0.68849796,-0.45698771,0
-2.860815,-4.118958,0.50521517,-0.68420523,-0.69859362,0.20935637,0
1.3798895,0.50382262,0.17390221,0.46339017,-0.19477534,0.86448371,0
0.0010280609,-5.2905512,-1.005476,0.5631454,-0.68849796,-0.45698771,0
-1.3779604,-0.52219456,0.093251407,-0.46339017,0.19477534,-0.86448371,0
-5.314683,-0.89892244,3.1244121,-0.68420523,-0.69859362,0.20935637,0
-2.0035815,-4.7965927,0.41997147,-0.68420523,-0.69859362,0.20935637,0
1.8942764,-3.6049793,-1.3522788,0.5631454,-0.68849796,-0.45698771,0
-1.0071976,3.3166735,1.9999849,0.46339017,-0.19477534,0.86448371,0
-0.89844084,-6.0680757,-0.64791918,0.5631454,-0.68849796,-0.45698771,0
4.2498617,2.7416205,-1.5722098,0.68420523,0.69859362,-0.20935637,0
-5.0921302,0.31636894,2.2394118,-0.5631454,0.68849796,0.45698771,0
0.99342203,5.5970068,1.2442913,-0.5631454,0.68849796,0.45698771,0
-3.3361218,-2.0609524,2.0044274,0.46339017,-0.19477534,0.86448371,0
3.5111861,3.3778071,-0.84120417,0.68420523,0.69859362,-0.20935637,0
-1.483665,3.9832964,0.97673631,-0.5631454,0.68849796,0.45698771,0
-0.43557358,-5.4216514,-1.0697994,0.5631454,-0.68849796,-0.45698771,0
4.8645673,1.4056424,-2.7331638,0.68420523,0.69859362,-0.20935637,0
1.2091591,4.5994606,1.1576772,0.46339017,-0.19477534,0.86448371,0
2.2009385,5.0603409,-0.22525024,0.68420523,0.69859362,-0.20935637,0
0.34033072,2.0727241,-0.16449463,-0.46339017,0.19477534,-0.86448371,0
-2.3864985,-1.2036726,1.7155159,0.46339017,-0.19477534,0.86448371,0
3.7354994,-1.2767589,-2.4172907,0.5631454,-0.68849796,-0.45698771,0
-1.7200112,-5.4314141,-0.80621243,-0.68420523,-0.69859362,0.20935637,0
-2.8020844,-4.4875402,0.15711021,-0.68420523,-0.69859362,0.20935637,0
-1.7581465,-5.8632207,-0.79261732,-0.68420523,-0.69859362,0.20935637,0
1.6101708,3.0445373,0.54334235,0.46339017,-0.19477534,0.86448371,0
0.448585,0.41648769,0.29725257,0.46339017,-0.19477534,0.86448371,0
4.5195141,2.4591017,-1.8533118,0.68420523,0.69859362,-0.20935637,0
0.023708463,-2.5921528,-1.139076,-0.46339017,0.19477534,-0.86448371,0
3.1587634,2.2756228,-1.9668078,-0.46339017,0.19477534,-0.86448371,0
3.874388,0.79657161,-2.4994233,-0.46339017,0.19477534,-0.86448371,0
-1.6012108,3.3007863,1.6253231,-0.5631454,0.68849796,0.45698771,0
2.8006549,-1.284557,-2.4860122,-0.46339017,0.19477534,-0.86448371,0
2.6042638,-2.4198968,-2.0287087,0.5631454,-0.68849796,-0.45698771,0
-1.5391958,-1.007607,1.2706413,0.46339017,-0.19477534,0.86448371,0
1.8602743,-3.4368939,-1.5163629,0.5631454,-0.68849796,-0.45698771,0
-3.7691607,-2.9314923,1.1838694,-0.68420523,-0.69859362,0.20935637,0
2.5621634,2.7177656,-1.3302345,-0.46339017,0.19477534,-0.86448371,0
-3.218781,-2.6980193,0.37658334,-0.46339017,0.19477534,-0.86448371,0
-1.218406,-5.9461484,-0.60885668,-0.68420523,-0.69859362,0.20935637,0
5.6255145,0.90493578,-2.9867477,0.5631454,-0.68849796,-0.45698771,0
5.2274265,1.0927929,-2.6548934,0.68420523,0.69859362,-0.20935637,0
3.555393,-1.4395511,-1.8620924,0.5631454,-0.68849796,-0.45698771,0
0.94871509,1.3914561,-0.68723547,-0.46339017,0.19477534,-0.86448371,0
3.2860317,-2.2864182,-1.6180559,0.5631454,-0.68849796,-0.45698771,0
0.93939757,-3.9788423,-1.2183573,0.5631454,-0.68849796,-0.45698771,0
1.976167,5.2489247,0.68401623,0.68420523,0.69859362,-0.20935637,0
2.122081,-2.7089734,-1.3771713,0.46339017,-0.19477534,0.86448371,0
-1.5770217,-2.0569508,1.1575463,0.46339017,-0.19477534,0.86448371,0
0.16273159,1.4365523,-0.43428528,-0.46339017,0.19477534,-0.86448371,0
-3.8792214,-2.894563,1.7176974,-0.68420523,-0.69859362,0.20935637,0
-3.7204902,1.1234423,2.4381874,-0.5631454,0.68849796,0.45698771,0
-3.1785018,1.9952264,1.4999883,-0.5631454,0.68849796,0.45698771,0
4.8687472,-0.5818941,-2.2622535,0.5631454,-0.68849796,-0.45698771,0
-0.76279879,0.65674293,-0.099339902,-0.46339017,0.19477534,-0.86448371,0
2.1418457,2.4343171,-1.2547956,-0.46339017,0.19477534,-0.86448371,0
-5.6137009,-1.0458024,2.5230846,-0.68420523,-0.69859362,0.20935637,0
5.6179295,0.74606144,-2.2568111,0.68420523,0.69859362,-0.20935637,0
1.2940645,6.2122803,1.1244736,0.68420523,0.69859362,-0.20935637,0
-5.021699,-0.04280901,2.3447299,-0.5631454,0.68849796,0.45698771,0
-3.1653924,0.27179778,0.95230317,-0.46339017,0.19477534,-0.86448371,0
-3.9806256,-3.0885928,1.044323,-0.68420523,-0.69859362,0.20935637,0
0.67850947,-4.1812758,-1.3619974,0.5631454,-0.68849796,-0.45698771,0
4.8012567,1.754009,-2.3208971,0.68420523,0.69859362,-0.20935637,0
-3.8343232,-2.5951865,1.7445593,-0.68420523,-0.69859362,0.20935637,0
-2.1360073,-4.9820471,-0.2980566,-0.68420523,-0.69859362,0.20935637,0
0.96587706,-3.0098841,-1.7644347,-0.46339017,0.19477534,-0.86448371,0
5.1177139,1.5010633,-2.574713,0.68420523,0.69859362,-0.20935637,0
2.1011577,5.2580209,-0.20341778,0.68420523,0.69859362,-0.20935637,0
-2.305645,2.8919849,1.6749415,-0.5631454,0.68849796,0.45698771,0
2.1883912,-2.4325554,-2.4374623,-0.46339017,0.19477534,-0.86448371,0
1.1847219,6.2427292,0.91636372,-0.5631454,0.68849796,0.45698771,0
-1.0382967,3.3612444,2.0833664,0.46339017,-0.19477534,0.86448371,0
-1.4517214,-0.15818229,1.2454344,0.46339017,-0.19477534,0.86448371,0
-1.6889985,-4.5087738,-0.82670093,-0.46339017,0.19477534,-0.86448371,0
0.72220892,-0.040925086,0.0088466853,0.46339017,-0.19477534,0.86448371,0
5.0529518,0.032755733,-2.3726435,0.5631454,-0.68849796,-0.45698771,0
0.88724542,5.8170094,1.3691649,-0.5631454,0.68849796,0.45698771,0
-1.0647266,4.2189651,1.2999439,-0.5631454,0.68849796,0.45698771,0
-4.6936188,-2.0908494,1.907465,-0.68420523,-0.69859362,0.20935637,0
5.4541035,0.94264197,-3.1548989,0.68420523,0.69859362,-0.20935637,0
1.6638736,1.9466571,0.22118759,0.46339017,-0.19477534,0.86448371,0
-0.90409064,4.0887499,1.4827394,-0.5631454,0.68849796,0.45698771,0
-0.60468125,1.6729033,0.14424241,-0.46339017,0.19477534,-0.86448371,0
-1.22803,3.7557998,1.2619333,-0.5631454,0.68849796,0.45698771,0
-2.9153361,2.0884409,1.7595704,-0.5631454,0.68849796,0.45698771,0
4.2653718,-0.70867532,-2.3573844,0.5631454,-0.68849796,-0.45698771,0
-4.1253223,-2.3570032,1.7118273,-0.68420523,-0.69859362,0.20935637,0
2.2303705,4.5760999,-0.54400349,0.68420523,0.69859362,-0.20935637,0
-1.1434293,4.0750628,1.3300881,-0.5631454,0.68849796,0.45698771,0
-1.6200895,-4.6317935,-0.70120096,-0.46339017,0.19477534,-0.86448371,0
4.6367183,2.046463,-2.2059515,0.68420523,0.69859362,-0.20935637,0
-2.5621033,0.73597056,2.0587585,0.46339017,-0.19477534,0.86448371,0
-0.21495461,-3.7580936,-0.051006794,0.46339017,-0.19477534,0.86448371,0
4.2933316,-0.68898326,-2.376509,0.5631454,-0.68849796,-0.45698771,0
1.3071759,5.7617755,0.41829538,0.68420523,0.69859362,-0.20935637,0
0.93379068,-4.279604,-1.0687683,0.5631454,-0.68849796,-0.45698771,0
4.4183674,2.1696835,-2.4144454,0.68420523,0.69859362,-0.20935637,0
-4.0270205,-3.1069918,1.1861405,-0.68420523,-0.69859362,0.20935637,0
1.1222684,-4.073698,-1.3726251,0.5631454,-0.68849796,-0.45698771,0
-4.607121,0.7243064,2.0267813,-0.5631454,0.68849796,0.45698771,0
-0.80043006,4.156003,1.8826597,-0.5631454,0.68849796,0.45698771,0
2.4576011,-2.5532043,-2.2954512,0.5631454,-0.68849796,-0.45698771,0
0.24941999,1.2261945,-0.61749947,-0.46339017,0.19477534,-0.86448371,0
-3.264436,-3.9122367,1.0599809,-0.68420523,-0.69859362,0.20935637,0
1.9296587,3.4384811,-0.69078588,-0.46339017,0.19477534,-0.86448371,0
4.2975016,-0.37292421,-2.8580167,0.5631454,-0.68849796,-0.45698771,0
-3.6928189,1.5139234,1.8554945,-0.5631454,0.68849796,0.45698771,0
-0.77635705,-1.9072669,0.40012634,0.46339017,-0.19477534,0.86448371,0
2.0707645,-0.076362073,-0.38877219,0.46339017,-0.19477534,0.86448371,0
-1.9241577,-4.7601495,-0.5990119,-0.46339017,0.19477534,-0.86448371,0
-2.4284036,-3.9861808,-0.33111477,-0.46339017,0.19477534,-0.86448371,0
-0.1631242,1.4796176,1.1706191,0.46339017,-0.19477534,0.86448371,0
-3.8221362,-3.0278118,0.96493554,-0.68420523,-0.69859362,0.20935637,0
-4.108593,-2.9604232,0.81576133,-0.46339017,0.19477534,-0.86448371,0
0.95298076,-3.0519042,-1.6286196,-0.46339017,0.19477534,-0.86448371,0
-0.53549075,-4.7081475,-0.38022995,0.46339017,-0.19477534,0.86448371,0
-0.89663053,3.9604135,1.7609159,-0.5631454,0.68849796,0.45698771,0
-5.1297522,-1.0799153,2.6736948,-0.68420523,-0.69859362,0.20935637,0
0.7253176,-0.85463053,-1.2779738,-0.46339017,0.19477534,-0.86448371,0
2.7739604,4.3563499,-0.40244579,0.68420523,0.69859362,-0.20935637,0
2.076365,5.0511055,-0.40982389,0.68420523,0.69859362,-0.20935637,0
1.0542369,6.1961479,0.56268358,0.68420523,0.69859362,-0.20935637,0
0.47950721,-4.4663944,-1.2354705,0.5631454,-0.68849796,-0.45698771,0
-5.3092165,-0.41132832,2.5581422,-0.5631454,0.68849796,0.45698771,0
-1.8597133,1.6396511,1.7839658,0.46339017,-0.19477534,0.86448371,0
0.7605896,2.6803045,-0.43571711,-0.46339017,0.19477534,-0.86448371,0
3.2493289,3.5514159,-0.98311472,0.68420523,0.69859362,-0.20935637,0
3.4831214,3.1262202,-1.3922205,0.68420523,0.69859362,-0.20935637,0
0.95527291,4.9769592,0.23936796,-0.46339017,0.19477534,-0.86448371,0
3.5565155,3.7331767,-0.48311663,0.68420523,0.69859362,-0.20935637,0
2.1476698,-2.550703,-2.0395424,0.5631454,-0.68849796,-0.45698771,0
3.4188478,-1.5731432,-2.4659495,0.5631454,-0.68849796,-0.45698771,0
0.74651241,-4.8354735,-0.76028872,0.5631454,-0.68849796,-0.45698771,0
-2.6223595,0.0055572167,1.9412667,0.46339017,-0.19477534,0.86448371,0
0.67929959,5.451582,1.3677459,-0.5631454,0.68849796,0.45698771,0
-0.0081710815,-2.8763361,-0.28464961,0.46339017,-0.19477534,0.86448371,0
-4.1328149,0.91064799,2.444289,-0.5631454,0.68849796,0.45698771,0
2.2244325,-2.0360727,-2.1346023,-0.46339017,0.19477534,-0.86448371,0
-4.2971835,-2.6210361,2.0349581,-0.68420523,-0.69859362,0.20935637,0
3.3906984,3.505729,-0.89888024,0.68420523,0.69859362,-0.20935637,0
4.2049952,2.5881934,-1.6666279,0.68420523,0.69859362,-0.20935637,0
4.7358947,2.0789278,-1.7071767,0.68420523,0.69859362,-0.20935637,0
-2.7002976,-4.0822473,0.56151056,-0.68420523,-0.69859362,0.20935637,0
3.657249,-1.8189574,-1.9349927,0.5631454,-0.68849796,-0.45698771,0
-2.1542511,-5.174159,0.18577909,-0.68420523,-0.69859362,0.20935637,0
2.4298296,-2.5671225,-2.1437461,0.5631454,-0.68849796,-0.45698771,0
1.4825442,5.8696318,-0.1507864,0.68420523,0.69859362,-0.20935637,0
-0.56230164,-3.6686037,0.17171717,0.46339017,-0.19477534,0.86448371,0
-2.7930031,1.1424361,1.0136361,-0.46339017,0.19477534,-0.86448371,0
-4.0305357,-0.80041414,2.7552438,0.46339017,-0.19477534,0.86448371,0
1.6795835,3.1488242,0.20877218,0.46339017,-0.19477534,0.86448371,0
0.035970449,5.4616742,0.99797726,-0.5631454,0.68849796,0.45698771,0
0.51721358,5.5466199,0.65635824,-0.5631454,0.68849796,0.45698771,0
5.3376718,1.5014853,-2.1147478,0.68420523,0.69859362,-0.20935637,0
4.4302163,2.3093309,-2.2750833,0.68420523,0.69859362,-0.20935637,0
-2.5464544,2.5725739,1.6260204,-0.5631454,0.68849796,0.45698771,0
1.6703269,5.7694187,0.73254251,0.68420523,0.69859362,-0.20935637,0
-4.8090711,-1.8122511,2.0073569,-0.68420523,-0.69859362,0.20935637,0
4.7473941,1.7767017,-2.4983532,0.68420523,0.69859362,-0.20935637,0
-2.8089135,-4.3340826,0.0033884048,-0.68420523,-0.69859362,0.20935637,0
3.3508453,3.4040849,-0.89147377,0.68420523,0.69859362,-0.20935637,0
-1.9874525,-5.3810754,0.37788916,-0.68420523,-0.69859362,0.20935637,0
4.4696541,-0.83800685,-2.159528,0.5631454,-0.68849796,-0.45698771,0
-1.4662323,-5.861804,-0.65451717,-0.68420523,-0.69859362,0.20935637,0
-5.2331309,-1.2080624,2.0827429,-0.68420523,-0.69859362,0.20935637,0
0.85628343,-3.8457897,-1.7162929,0.5631454,-0.68849796,-0.45698771,0
2.0550575,5.4608097,0.43027735,0.68420523,0.69859362,-0.20935637,0
1.8423398,5.4379816,0.82663679,0.68420523,0.69859362,-0.20935637,0
0.37100768,-4.2147183,-1.7579782,-0.46339017,0.19477534,-0.86448371,0
2.9420464,4.2623215,-0.2353301,0.68420523,0.69859362,-0.20935637,0
1.1177747,6.0249062,0.80475092,0.68420523,0.69859362,-0.20935637,0
-3.6307712,-3.1035237,0.8633697,-0.68420523,-0.69859362,0.20935637,0
-2.9705632,-3.8147652,0.55982351,-0.68420523,-0.69859362,0.20935637,0
-3.8056912,-3.1943064,0.6743958,-0.68420523,-0.69859362,0.20935637,0
-1.3400072,-2.6642771,0.88446403,0.46339017,-0.19477534,0.86448371,0
0.29875004,1.7278836,-0.33704007,-0.46339017,0.19477534,-0.86448371,0
4.7406707,-0.19679037,-2.85075,0.5631454,-0.68849796,-0.45698771,0
-2.6218567,-4.346209,0.020001411,-0.68420523,-0.69859362,0.20935637,0
4.0411534,2.5508802,-1.3861856,0.68420523,0.69859362,-0.20935637,0
-3.3060861,-3.6242332,0.77871847,-0.68420523,-0.69859362,0.20935637,0
-3.6470478,0.17312711,1.5491097,-0.46339017,0.19477534,-0.86448371,0
0.26584864,-4.7773323,-1.4877946,0.5631454,-0.68849796,-0.45698771,0
2.0047989,-2.6651073,-2.4210186,0.5631454,-0.68849796,-0.45698771,0
-1.296284,2.3797772,0.55398476,-0.46339017,0.19477534,-0.86448371,0
-0.51781845,-3.6075492,-1.2589028,-0.46339017,0.19477534,-0.86448371,0
0.96295905,5.5049672,1.2966132,-0.5631454,0.68849796,0.45698771,0
4.0697637,-1.11668,-2.4723423,0.5631454,-0.68849796,-0.45698771,0
4.5617123,2.0541444,-2.0714006,0.68420523,0.69859362,-0.20935637,0
-3.9276154,1.23852,2.0748961,-0.5631454,0.68849796,0.45698771,0
-1.036395,-3.6394162,-0.83313346,-0.46339017,0.19477534,-0.86448371,0
-2.6931138,-4.3793268,0.89687252,-0.68420523,-0.69859362,0.20935637,0
4.4210086,2.1586528,-2.0610745,0.68420523,0.69859362,-0.20935637,0
3.1569924,3.6031842,-0.93809652,0.68420523,0.69859362,-0.20935637,0
4.4584365,1.8750358,-1.5259352,0.46339017,-0.19477534,0.86448371,0
4.8819637,1.3874824,-2.5511646,0.68420523,0.69859362,-0.20935637,0
0.63849092,-0.76937616,0.28649491,0.46339017,-0.19477534,0.86448371,0
-4.5957923,0.62726653,2.3602648,-0.5631454,0.68849796,0.45698771,0
3.5598457,3.0676248,-1.58003,0.68420523,0.69859362,-0.20935637,0
1.2175126,-1.215525,-1.5623153,-0.46339017,0.19477534,-0.86448371,0
2.1637671,-3.3490922,-1.4783887,0.5631454,-0.68849796,-0.45698771,0
1.1916641,-0.73957413,-1.6086092,-0.46339017,0.19477534,-0.86448371,0
1.0636649,-3.4842417,-2.0323553,0.5631454,-0.68849796,-0.45698771,0
-4.4535108,-1.0296696,2.6469452,0.46339017,-0.19477534,0.86448371,0
-2.0159063,0.18791759,0.49275488,-0.46339017,0.19477534,-0.86448371,0
-5.2604394,-0.58602989,3.0430682,0.46339017,-0.19477534,0.86448371,0
1.1004066,5.9302044,1.141655,-0.5631454,0.68849796,0.45698771,0
4.7148418,1.8001752,-2.7762313,0.68420523,0.69859362,-0.20935637,0
2.4829307,-2.4579473,-2.2878091,0.5631454,-0.68849796,-0.45698771,0
2.84183,2.985239,-0.26188779,0.46339017,-0.19477534,0.86448371,0
-4.6042132,-2.0555179,2.0079207,-0.68420523,-0.69859362,0.20935637,0
0.67982906,-0.079396486,-1.1244323,-0.46339017,0.19477534,-0.86448371,0
1.5159013,-3.4740107,-1.9566315,0.5631454,-0.68849796,-0.45698771,0
-3.8374674,0.9958905,2.4089534,-0.5631454,0.68849796,0.45698771,0
1.5543929,4.7332325,0.81284189,0.46339017,-0.19477534,0.86448371,0
5.2652411,1.4147395,-2.2318459,0.68420523,0.69859362,-0.20935637,0
-0.6385603,-5.9356065,-0.50989914,0.5631454,-0.68849796,-0.45698771,0
-0.48447561,4.6010876,1.008153,-0.5631454,0.68849796,0.45698771,0
-2.6059933,2.7243867,1.6807904,-0.5631454,0.68849796,0.45698771,0
4.634315,-0.58181024,-2.522552,0.5631454,-0.68849796,-0.45698771,0
-1.919745,-5.5054069,-0.24305105,-0.68420523,-0.69859362,0.20935637,0
2.7062182,4.6092997,-0.14362621,0.68420523,0.69859362,-0.20935637,0
-2.8075323,1.6763529,2.3349323,-0.5631454,0.68849796,0.45698771,0
-0.23245025,4.409349,0.44820738,-0.46339017,0.19477534,-0.86448371,0
1.7778337,5.4517298,0.27134275,0.68420523,0.69859362,-0.20935637,0
-3.1510184,-3.9447093,0.91521311,-0.68420523,-0.69859362,0.20935637,0
3.6085725,2.4696758,-0.9041748,0.46339017,-0.19477534,0.86448371,0
-5.4799986,-0.82001275,2.6553416,-0.68420523,-0.69859362,0.20935637,0
3.2569134,-0.79471457,-2.5426347,-0.46339017,0.19477534,-0.86448371,0
-0.14009142,-3.4354305,-1.2749398,-0.46339017,0.19477534,-0.86448371,0
-2.1406584,-4.9282317,-0.1267457,-0.68420523,-0.69859362,0.20935637,0
0.25124216,-4.8572488,-1.5129416,0.5631454,-0.68849796,-0.45698771,0
-5.7556343,-0.63073659,2.3553457,-0.68420523,-0.69859362,0.20935637,0
-5.4156027,-1.2560538,2.0947213,-0.68420523,-0.69859362,0.20935637,0
-2.7058222,-4.6140594,0.47740316,-0.68420523,-0.69859362,0.20935637,0
-1.3714505,-1.6564082,1.0055161,0.46339017,-0.19477534,0.86448371,0
-3.2127042,-3.4828913,1.0675235,-0.68420523,-0.69859362,0.20935637,0
1.7496972,5.5200734,-0.10879421,0.68420523,0.69859362,-0.20935637,0
-1.5099757,-5.9430857,-0.55445337,-0.68420523,-0.69859362,0.20935637,0
1.2485235,6.2292895,0.39032555,0.68420523,0.69859362,-0.20935637,0
-3.3410954,1.3620003,2.7541795,-0.5631454,0.68849796,0.45698771,0
-3.7300391,-1.2285297,1.1008562,-0.46339017,0.19477534,-0.86448371,0
3.8680475,2.7337155,-1.2481484,0.68420523,0.69859362,-0.20935637,0
-3.6377251,-3.189965,1.4877658,-0.68420523,-0.69859362,0.20935637,0
-1.8157108,0.53481781,0.71227556,-0.46339017,0.19477534,-0.86448371,0
-0.54525888,-0.12617147,-0.17552157,-0.46339017,0.19477534,-0.86448371,0
-2.3469501,-1.9082996,0.37986326,-0.46339017,0.19477534,-0.86448371,0
-0.1379528,-4.9967446,-1.2272508,0.5631454,-0.68849796,-0.45698771,0
-0.18905902,5.0047607,1.2862253,-0.5631454,0.68849796,0.45698771,0
-3.0935235,2.3291759,1.5915697,-0.5631454,0.68849796,0.45698771,0
-1.7953646,-5.8976951,-1.0856013,-0.68420523,-0.69859362,0.20935637,0
2.6457961,0.14519826,-2.0883512,-0.46339017,0.19477534,-0.86448371,0
-0.82125258,4.3668566,0.8087697,-0.5631454,0.68849796,0.45698771,0
0.024958372,-5.3474779,-0.97897053,0.5631454,-0.68849796,-0.45698771,0
3.6686344,3.5070605,-0.5618825,0.68420523,0.69859362,-0.20935637,0
-0.47416759,4.5679526,1.5146294,-0.5631454,0.68849796,0.45698771,0
0.9982667,3.0112202,-0.56747603,-0.46339017,0.19477534,-0.86448371,0
-2.277729,2.8589406,1.4876256,-0.5631454,0.68849796,0.45698771,0
2.0795522,-1.2677013,-1.8792022,-0.46339017,0.19477534,-0.86448371,0
0.8371141,-3.1214414,-0.53112364,0.46339017,-0.19477534,0.86448371,0
-2.0515664,-5.3513451,-0.62441254,-0.68420523,-0.69859362,0.20935637,0
-4.0035377,-0.52475929,2.5764101,0.46339017,-0.19477534,0.86448371,0
2.435221,-1.1417691,-0.98545039,0.46339017,-0.19477534,0.86448371,0
2.7553439,-2.326973,-2.0818172,0.5631454,-0.68849796,-0.45698771,0
2.5614481,4.0000634,-0.91479301,-0.46339017,0.19477534,-0.86448371,0
0.13224834,0.52912974,-0.54450411,-0.46339017,0.19477534,-0.86448371,0
5.2878642,1.5244924,-2.3612783,0.68420523,0.69859362,-0.20935637,0
-4.9734468,0.24841017,2.5537117,-0.5631454,0.68849796,0.45698771,0
1.0118825,-3.705893,-1.6461173,0.5631454,-0.68849796,-0.45698771,0
-0.90062952,-5.6907272,-1.1707635,0.5631454,-0.68849796,-0.45698771,0
2.6913135,0.69370848,-1.639104,-0.46339017,0.19477534,-0.86448371,0
1.1829709,-1.9301238,-0.51573539,0.46339017,-0.19477534,0.86448371,0
2.0821567,5.0561886,0.040985584,0.68420523,0.69859362,-0.20935637,0
1.2337341,5.6581225,-0.063697338,-0.46339017,0.19477534,-0.86448371,0
1.8013651,0.48413086,-1.2061799,-0.46339017,0.19477534,-0.86448371,0
-1.1699877,-6.3059926,-0.59201002,-0.68420523,-0.69859362,0.20935637,0
2.1835709,-2.649756,-1.7979125,0.5631454,-0.68849796,-0.45698771,0
2.3384566,2.6096113,-1.0249329,-0.46339017,0.19477534,-0.86448371,0
-1.97647,-5.4798408,-0.12135458,-0.68420523,-0.69859362,0.20935637,0
-3.6585512,-3.2156367,1.2180204,-0.68420523,-0.69859362,0.20935637,0
-2.4661989,2.8234136,1.3198292,-0.5631454,0.68849796,0.45698771,0
-2.4584579,-4.4648709,0.13893318,-0.68420523,-0.69859362,0.20935637,0
-1.8028498,1.518155,2.0730553,0.46339017,-0.19477534,0.86448371,0
0.20931149,1.7607949,0.99718189,0.46339017,-0.19477534,0.86448371,0
1.7599077,2.7528841,-0.94834661,-0.46339017,0.19477534,-0.86448371,0
2.6190422,4.3137398,-0.42432117,0.68420523,0.69859362,-0.20935637,0
2.5243006,-2.3047054,-2.1587479,0.5631454,-0.68849796,-0.45698771,0
2.9996946,-2.2303002,-1.3656739,0.5631454,-0.68849796,-0.45698771,0
2.4793301,4.7058706,-0.16839743,0.68420523,0.69859362,-0.20935637,0
-4.0895247,-1.1469706,1.4121119,-0.46339017,0.19477534,-0.86448371,0
1.3118117,-3.726264,-1.2747271,0.5631454,-0.68849796,-0.45698771,0
1.1023772,6.3227658,0.64574766,-0.5631454,0.68849796,0.45698771,0
0.87400365,3.4815276,-0.30080581,-0.46339017,0.19477534,-0.86448371,0
-2.0009532,3.5659165,1.1963328,-0.5631454,0.68849796,0.45698771,0
-1.521426,-5.6424031,0.17317915,-0.68420523,-0.69859362,0.20935637,0
0.54248405,5.7474089,0.79494905,-0.5631454,0.68849796,0.45698771,0
-0.75063205,4.3625197,1.5960605,-0.5631454,0.68849796,0.45698771,0
1.8511322,0.13676226,-1.3641597,-0.46339017,0.19477534,-0.86448371,0
-3.0560122,-1.5244008,0.75067401,-0.46339017,0.19477534,-0.86448371,0
-3.4339526,-0.34478647,1.2924886,-0.46339017,0.19477534,-0.86448371,0
-0.48854065,-5.376152,-1.1045847,0.5631454,-0.68849796,-0.45698771,0
-5.0276818,-1.6324451,2.6925652,-0.68420523,-0.69859362,0.20935637,0
-0.46853018,-0.4724884,-0.61680919,-0.46339017,0.19477534,-0.86448371,0
-0.82971954,-3.7709069,0.30666685,0.46339017,-0.19477534,0.86448371,0
-0.35726243,-1.0039499,0.41976666,0.46339017,-0.19477534,0.86448371,0
-2.671262,-2.9097872,1.4897661,0.46339017,-0.19477534,0.86448371,0
-5.0655804,-1.4633311,2.0228615,-0.68420523,-0.69859362,0.20935637,0
-4.6850262,0.19170129,2.6780396,-0.5631454,0.68849796,0.45698771,0
1.0311623,-4.1907964,-1.4130132,0.5631454,-0.68849796,-0.45698771,0
3.3232303,3.6255851,-1.3805616,0.68420523,0.69859362,-0.20935637,0
-0.74885702,-2.3778164,0.40444946,0.46339017,-0.19477534,0.86448371,0
3.8348184,3.0586717,-1.0569291,0.68420523,0.69859362,-0.20935637,0
0.27374077,5.5101352,1.1152425,-0.5631454,0.68849796,0.45698771,0
5.0907187,0.15927118,-2.9558303,0.5631454,-0.68849796,-0.45698771,0
-2.0002532,1.8948843,2.2498617,0.46339017,-0.19477534,0.86448371,0
-5.9353962,-0.43880272,2.3048201,-0.5631454,0.68849796,0.45698771,0
-1.5142486,-6.1237712,-1.3700938,0.5631454,-0.68849796,-0.45698771,0
0.28525651,2.306675,0.90597391,0.46339017,-0.19477534,0.86448371,0
3.4900489,3.4091349,-1.0753314,0.68420523,0.69859362,-0.20935637,0
1.7084987,-3.4314187,-1.5391996,0.5631454,-0.68849796,-0.45698771,0
-0.70114762,1.0791973,0.086374581,-0.46339017,0.19477534,-0.86448371,0
2.046855,-2.8763647,-1.7171987,0.5631454,-0.68849796,-0.45698771,0
0.18718815,-4.8900628,-0.99685526,0.5631454,-0.68849796,-0.45698771,0
-0.29134417,-3.5479987,-1.0874991,-0.46339017,0.19477534,-0.86448371,0
2.4391291,-2.7551486,-1.6382676,0.5631454,-0.68849796,-0.45698771,0
1.3074932,-3.4774563,-1.8903729,0.5631454,-0.68849796,-0.45698771,0
-2.9212236,2.001889,2.1113145,-0.5631454,0.68849796,0.45698771,0
-2.3223364,-4.8641911,-0.2391777,-0.68420523,-0.69859362,0.20935637,0
-1.8804905,-5.8113441,-0.73352671,-0.68420523,-0.69859362,0.20935637,0
-4.1747246,0.92904317,2.3624427,-0.5631454,0.68849796,0.45698771,0
-1.7632301,3.1930165,1.9960005,-0.5631454,0.68849796,0.45698771,0
0.39645338,5.6807103,1.0585561,-0.5631454,0.68849796,0.45698771,0
-2.6603913,1.7790606,2.4710002,-0.5631454,0.68849796,0.45698771,0
1.1488293,-2.7900727,-1.702163,-0.46339017,0.19477534,-0.86448371,0
4.5358243,-0.42267501,-2.2378831,0.5631454,-0.68849796,-0.45698771,0
-2.0762546,-2.9234488,1.1564655,0.46339017,-0.19477534,0.86448371,0
1.6721072,-3.0929494,-1.9931777,0.5631454,-0.68849796,-0.45698771,0
5.0925369,1.6281339,-2.420866,0.68420523,0.69859362,-0.20935637,0
4.1616354,0.59284198,-2.7583256,-0.46339017,0.19477534,-0.86448371,0
-1.7504547,3.1598959,2.0645885,-0.5631454,0.68849796,0.45698771,0
-5.0535469,0.14518863,2.6132247,-0.5631454,0.68849796,0.45698771,0
-2.9060264,-1.9308996,1.8353102,0.46339017,-0.19477534,0.86448371,0
0.7140274,6.0644279,0.2908082,-0.5631454,0.68849796,0.45698771,0
3.7023442,2.9514823,-1.0398672,0.68420523,0.69859362,-0.20935637,0
0.16832042,-2.8155935,-0.36747909,0.46339017,-0.19477534,0.86448371,0
-4.3049994,-2.461287,2.0213771,-0.68420523,-0.69859362,0.20935637,0
4.0620022,1.4946727,-2.3076575,-0.46339017,0.19477534,-0.86448371,0
-4.6726751,-1.1360656,2.9854219,0.46339017,-0.19477534,0.86448371,0
-2.0970926,-4.9201441,0.1890173,-0.68420523,-0.69859362,0.20935637,0
4.0468445,2.8906124,-1.8049705,0.68420523,0.69859362,-0.20935637,0
-1.4275949,3.4930339,1.6038671,-0.5631454,0.68849796,0.45698771,0
1.4093361,-3.5486233,-1.6009609,0.5631454,-0.68849796,-0.45698771,0
2.525948,-2.4617388,-1.6779391,0.5631454,-0.68849796,-0.45698771,0
1.8976073,5.0455194,-0.19686222,0.68420523,0.69859362,-0.20935637,0
3.6435263,3.2993309,-1.0440812,0.68420523,0.69859362,-0.20935637,0
4.1669097,1.0979519,-1.4419167,0.46339017,-0.19477534,0.86448371,0
-3.9334664,0.69535989,2.4703496,-0.5631454,0.68849796,0.45698771,0
3.3239999,3.6269817,-1.2664361,0.68420523,0.69859362,-0.20935637,0
2.2559023,-2.8300581,-1.4126012,0.5631454,-0.68849796,-0.45698771,0
-3.1117668,-3.9046369,1.366601,-0.68420523,-0.69859362,0.20935637,0
0.22647405,-1.9883546,-0.1200695,0.46339017,-0.19477534,0.86448371,0
-1.983809,-2.6033041,1.047694,0.46339017,-0.19477534,0.86448371,0
2.1638408,-3.1405172,-1.4990871,0.5631454,-0.68849796,-0.45698771,0
5.125195,-0.014354467,-2.4146485,0.5631454,-0.68849796,-0.45698771,0
-0.0083038807,4.6909838,1.3464637,-0.5631454,0.68849796,0.45698771,0
2.1929748,4.833293,-0.18190193,0.68420523,0.69859362,-0.20935637,0
4.0012937,-1.110309,-1.9679816,0.5631454,-0.68849796,-0.45698771,0
-0.78653359,0.53332514,-0.24179995,-0.46339017,0.19477534,-0.86448371,0
-3.6878982,0.68649578,2.7270412,0.46339017,-0.19477534,0.86448371,0
0.47015047,0.93763059,0.45555609,0.46339017,-0.19477534,0.86448371,0
-4.9592018,-0.8137657,3.019568,0.46339017,-0.19477534,0.86448371,0
-2.2043633,-5.4041128,-0.77361536,-0.46339017,0.19477534,-0.86448371,0
1.8822101,1.3747244,-0.15238369,0.46339017,-0.19477534,0.86448371,0
0.95847857,0.38536561,-0.85087597,-0.46339017,0.19477534,-0.86448371,0
1.7835259,-0.23892038,-1.4399273,-0.46339017,0.19477534,-0.86448371,0
-0.6322186,-2.5200651,0.13638926,0.46339017,-0.19477534,0.86448371,0
0.85781264,6.2695131,0.46472645,-0.5631454,0.68849796,0.45698771,0
-1.6358067,-1.0977819,-0.14766157,-0.46339017,0.19477534,-0.86448371,0
-3.7518446,1.2584909,2.4444296,-0.5631454,0.68849796,0.45698771,0
2.170485,5.2049513,-0.17695999,0.68420523,0.69859362,-0.20935637,0
-1.9680414,-5.3070326,0.36906147,-0.68420523,-0.69859362,0.20935637,0
-5.3544178,-0.11329579,2.6485388,-0.5631454,0.68849796,0.45698771,0
-0.92175841,-4.6634531,-1.145678,-0.46339017,0.19477534,-0.86448371,0
-2.0148828,-0.55143875,0.43376172,-0.46339017,0.19477534,-0.86448371,0
4.4889765,1.8709613,-2.5580122,0.68420523,0.69859362,-0.20935637,0
-3.2647889,-3.6128943,0.90927553,-0.68420523,-0.69859362,0.20935637,0
-2.9707189,-3.8346989,0.98312664,-0.68420523,-0.69859362,0.20935637,0
3.8205297,-0.73640871,-2.992888,0.5631454,-0.68849796,-0.45698771,0
4.9037237,0.46999052,-3.1162605,0.5631454,-0.68849796,-0.45698771,0
-0.040479779,0.43260348,0.5345487,0.46339017,-0.19477534,0.86448371,0
2.9504676,-1.1149246,-2.3919504,-0.46339017,0.19477534,-0.86448371,0
-1.3683379,-5.8121095,-0.83075333,-0.68420523,-0.69859362,0.20935637,0
5.1662478,0.34333086,-3.1866844,0.5631454,-0.68849796,-0.45698771,0
-5.3851538,-1.0972282,2.2549129,-0.68420523,-0.69859362,0.20935637,0
-3.1773889,-0.52432454,0.93823183,-0.46339017,0.19477534,-0.86448371,0
-4.6770296,-1.7672639,2.5033634,-0.68420523,-0.69859362,0.20935637,0
1.7610645,5.3551574,0.07280159,0.68420523,0.69859362,-0.20935637,0
0.66695595,-3.9693005,-1.6009572,0.5631454,-0.68849796,-0.45698771,0
0.56438684,1.2230058,0.76917166,0.46339017,-0.19477534,0.86448371,0
-4.292181,-2.0536442,2.4925711,-0.68420523,-0.69859362,0.20935637,0
-1.726418,3.4516633,1.6015861,-0.5631454,0.68849796,0.45698771,0
5.6187906,1.0873796,-2.0036731,0.68420523,0.69859362,-0.20935637,0
1.7479706,-2.1603339,-2.2153575,-0.46339017,0.19477534,-0.86448371,0
-3.2569208,-0.22055888,1.215678,-0.46339017,0.19477534,-0.86448371,0
3.4243274,3.3318996,-0.77522445,0.68420523,0.69859362,-0.20935637,0
-1.6580708,3.4284425,1.7558361,-0.5631454,0.68849796,0.45698771,0
3.2442772,3.7279201,-0.70344782,0.68420523,0.69859362,-0.20935637,0
-1.0671117,1.3237967,1.531145,0.46339017,-0.19477534,0.86448371,0
-2.1965773,-1.5560874,1.4230084,0.46339017,-0.19477534,0.86448371,0
-3.8137259,-2.3577368,2.2839525,0.46339017,-0.19477534,0.86448371,0
-2.1921055,2.9233804,1.9415107,-0.5631454,0.68849796,0.45698771,0
-3.3516948,0.43063003,1.2087356,-0.46339017,0.19477534,-0.86448371,0
-1.9204112,2.7113445,2.1880851,-0.5631454,0.68849796,0.45698771,0
-2.8008375,2.1201375,1.6976039,-0.5631454,0.68849796,0.45698771,0
-1.8002284,3.4347358,1.3938522,-0.5631454,0.68849796,0.45698771,0
