0.020682931,-0.81778586,1.202507,0.35732996,-0.84967196,0.38777941,0
-0.24259841,0.33704495,-1.4949331,0.51618624,-0.16635811,-0.84016502,0
0.56762075,-0.93676096,-0.1208598,0.35732996,-0.84967196,0.38777941,0
-0.28167737,-0.21860534,-1.4894173,0.51618624,-0.16635811,-0.84016502,0
0.55804044,-1.175261,-0.74545252,0.51618624,-0.16635811,-0.84016502,0
0.098059297,0.93145645,0.71638817,0.77837503,0.50038242,0.37914428,0
-0.21815634,1.611814,0.75261658,-0.35732996,0.84967196,-0.38777941,0
-0.75138456,1.2222168,0.43907923,-0.51618624,0.16635811,0.84016502,0
-0.44684398,0.66885805,-0.48481926,-0.35732996,0.84967196,-0.38777941,0
0.46737748,1.0781198,-0.057636231,0.77837503,0.50038242,0.37914428,0
-1.2827712,0.36530399,-0.76441848,-0.77837503,-0.50038242,-0.37914428,0
1.3301692,-0.51224071,-0.50906634,0.51618624,-0.16635811,-0.84016502,0
-0.23390819,-0.95303559,0.5792895,0.35732996,-0.84967196,0.38777941,0
0.27246413,-1.0985098,-0.11418986,0.35732996,-0.84967196,0.38777941,0
0.19536036,-0.63196689,1.4837228,0.35732996,-0.84967196,0.38777941,0
-0.1565903,-0.67249823,0.99482125,-0.51618624,0.16635811,0.84016502,0
-0.27277467,1.0025538,-0.078801394,-0.35732996,0.84967196,-0.38777941,0
0.57848924,1.179553,-0.21162993,0.77837503,0.50038242,0.37914428,0
0.16184345,0.45859164,-1.187202,0.51618624,-0.16635811,-0.84016502,0
0.15171298,0.69485015,-0.80821633,-0.35732996,0.84967196,-0.38777941,0
-0.16948867,-1.0302069,0.1464023,0.35732996,-0.84967196,0.38777941,0
-1.275315,0.41083759,-0.26386625,-0.35732996,0.84967196,-0.38777941,0
0.23931865,-1.105486,0.30309767,0.35732996,-0.84967196,0.38777941,0
-0.25402164,-1.2458384,-0.14088091,-0.77837503,-0.50038242,-0.37914428,0
-1.2307,-0.56019586,0.67269361,-0.77837503,-0.50038242,-0.37914428,0
-0.14793909,0.93968022,0.83698285,-0.51618624,0.16635811,0.84016502,0
1.1726806,-0.61280572,0.28631926,0.35732996,-0.84967196,0.38777941,0
0.035900295,-1.0377313,0.26632413,0.35732996,-0.84967196,0.38777941,0
-0.030956566,-0.051407874,-1.0965698,0.51618624,-0.16635811,-0.84016502,0
-0.5903163,0.26763159,0.58339417,-0.51618624,0.16635811,0.84016502,0
-0.485506,1.091626,0.77412212,-0.35732996,0.84967196,-0.38777941,0
-0.97041702,-0.57166827,0.045123398,-0.77837503,-0.50038242,-0.37914428,0
-0.089060843,-0.89904153,0.66668904,0.35732996,-0.84967196,0.38777941,0
-0.43479019,-0.02203986,1.0012519,-0.51618624,0.16635811,0.84016502,0
1.1636523,-0.800156,-0.41984832,0.35732996,-0.84967196,0.38777941,0
0.94510913,-0.32875979,1.1629637,0.35732996,-0.84967196,0.38777941,0
1.3446076,0.032970116,-0.14114869,0.77837503,0.50038242,0.37914428,0
-0.19551367,0.41315031,1.1990566,-0.51618624,0.16635811,0.84016502,0
0.011056781,-0.1193656,-1.2818581,0.51618624,-0.16635811,-0.84016502,0
0.92293513,-0.70491976,-0.63715446,0.51618624,-0.16635811,-0.84016502,0
-0.86186051,0.92557448,0.60518634,-0.51618624,0.16635811,0.84016502,0
-0.8931976,0.50826681,-0.47650436,-0.35732996,0.84967196,-0.38777941,0
-0.74334908,-0.59623867,-0.59792984,-0.77837503,-0.50038242,-0.37914428,0
0.017269373,-0.46300465,-1.0755329,0.51618624,-0.16635811,-0.84016502,0
0.46407458,1.2537261,-0.74565744,-0.35732996,0.84967196,-0.38777941,0
-0.20843321,0.64810985,-1.3512789,-0.35732996,0.84967196,-0.38777941,0
-0.72184885,-0.87518007,-0.28072566,-0.77837503,-0.50038242,-0.37914428,0
-0.66502482,-0.60461003,0.66455483,-0.51618624,0.16635811,0.84016502,0
0.99074972,0.15336923,-0.032278478,0.77837503,0.50038242,0.37914428,0
-1.1965139,0.3105751,-0.31480902,-0.77837503,-0.50038242,-0.37914428,0
-0.052592635,-0.54817271,1.0554159,-0.51618624,0.16635811,0.84016502,0
0.32475054,1.0806787,0.45146617,0.77837503,0.50038242,0.37914428,0
-0.54419577,0.63189095,-0.38258138,-0.35732996,0.84967196,-0.38777941,0
0.12844938,-0.86147523,0.59512329,0.35732996,-0.84967196,0.38777941,0
-1.5049366,0.024355441,-0.021301389,-0.77837503,-0.50038242,-0.37914428,0
-1.0441523,0.54608488,0.5004859,-0.51618624,0.16635811,0.84016502,0
-0.025237679,-0.48322684,1.1559067,-0.51618624,0.16635811,0.84016502,0
-1.0103142,-0.56238663,-0.16472888,-0.77837503,-0.50038242,-0.37914428,0
-1.0904517,-0.37179351,0.2813803,-0.77837503,-0.50038242,-0.37914428,0
0.63496029,0.63723481,0.34571958,0.77837503,0.50038242,0.37914428,0
0.26056004,-1.036358,-0.84618515,0.51618624,-0.16635811,-0.84016502,0
-0.072866321,-0.98574853,-1.1617392,-0.77837503,-0.50038242,-0.37914428,0
1.2583566,0.15177546,-0.36119592,0.51618624,-0.16635811,-0.84016502,0
-0.3169024,-0.31304413,-1.2796242,-0.77837503,-0.50038242,-0.37914428,0
-0.83146101,-0.37471512,-0.19025272,-0.77837503,-0.50038242,-0.37914428,0
-0.15651608,-0.98468888,-0.58859658,-0.77837503,-0.50038242,-0.37914428,0
0.24843836,0.8005271,0.96779931,0.77837503,0.50038242,0.37914428,0
-0.36658657,-1.110266,-0.83972448,-0.77837503,-0.50038242,-0.37914428,0
-0.12360573,-1.2611319,0.34663543,0.35732996,-0.84967196,0.38777941,0
-0.85509968,-1.0483826,0.96441257,-0.51618624,0.16635811,0.84016502,0
-0.84797597,0.2060042,-0.91502136,-0.77837503,-0.50038242,-0.37914428,0
-0.61941367,-0.3460893,0.97558117,-0.51618624,0.16635811,0.84016502,0
-1.1970164,0.24013275,-0.66845167,-0.77837503,-0.50038242,-0.37914428,0
-0.038999319,1.30327,0.70272827,-0.35732996,0.84967196,-0.38777941,0
-0.19077659,1.4212861,0.53797752,-0.35732996,0.84967196,-0.38777941,0
0.87637269,0.078846455,1.0043749,0.77837503,0.50038242,0.37914428,0
-0.18624407,-0.37890753,1.1658993,-0.51618624,0.16635811,0.84016502,0
-0.7385664,-0.71707761,0.19959348,-0.77837503,-0.50038242,-0.37914428,0
0.95145553,-0.76020658,-0.34514403,0.51618624,-0.16635811,-0.84016502,0
0.51040673,0.38076457,0.63641798,0.77837503,0.50038242,0.37914428,0
0.28629676,-0.65440696,0.7310586,0.35732996,-0.84967196,0.38777941,0
-0.3592838,-0.61967927,0.97914964,-0.51618624,0.16635811,0.84016502,0
-1.557276,-0.012319803,0.11786699,-0.77837503,-0.50038242,-0.37914428,0
0.97628117,0.29701418,-0.73045659,0.51618624,-0.16635811,-0.84016502,0
-0.3840363,-0.74273306,0.95150435,-0.51618624,0.16635811,0.84016502,0
-0.52145576,-0.6050657,0.81749201,-0.51618624,0.16635811,0.84016502,0
0.95680106,0.15613638,-0.6748271,0.51618624,-0.16635811,-0.84016502,0
-1.3457556,0.61353385,-0.2142387,-0.77837503,-0.50038242,-0.37914428,0
-1.2516358,-0.70773458,0.73799896,-0.51618624,0.16635811,0.84016502,0
-0.77864683,-0.18677348,-0.78109086,-0.77837503,-0.50038242,-0.37914428,0
0.56705427,-0.95663303,-0.41256118,0.35732996,-0.84967196,0.38777941,0
-1.0795183,-0.40180272,0.40777576,-0.51618624,0.16635811,0.84016502,0
-0.49185681,-0.24324298,-1.5765991,0.51618624,-0.16635811,-0.84016502,0
0.95298707,0.35850745,-0.89019883,0.51618624,-0.16635811,-0.84016502,0
0.63091087,-0.5812785,0.28840902,0.35732996,-0.84967196,0.38777941,0
-0.23403364,1.1372658,0.72800034,-0.51618624,0.16635811,0.84016502,0
0.20662743,0.9470762,-0.23909318,-0.35732996,0.84967196,-0.38777941,0
0.280101,-0.18373391,-1.0533593,0.51618624,-0.16635811,-0.84016502,0
1.3042699,-0.74177998,-0.23567533,0.35732996,-0.84967196,0.38777941,0
-1.2800398,0.61917335,-0.46462089,-0.35732996,0.84967196,-0.38777941,0
-0.032997996,1.053009,-0.12363523,-0.35732996,0.84967196,-0.38777941,0
-0.3016437,-0.98865253,0.32588795,0.35732996,-0.84967196,0.38777941,0
-1.4925308,0.16001895,0.25995111,-0.77837503,-0.50038242,-0.37914428,0
1.0467191,0.53815019,-0.47621381,0.51618624,-0.16635811,-0.84016502,0
1.2054412,0.84035224,-0.73798597,0.77837503,0.50038242,0.37914428,0
-0.54790556,-0.83702886,0.91020954,0.35732996,-0.84967196,0.38777941,0
-0.58302754,-0.12960514,1.0240284,-0.51618624,0.16635811,0.84016502,0
1.285748,0.49048895,-0.30490637,0.77837503,0.50038242,0.37914428,0
0.32189989,1.1056812,-0.15190947,-0.35732996,0.84967196,-0.38777941,0
1.469064,-0.18315414,0.077337265,0.77837503,0.50038242,0.37914428,0
1.4063363,0.0035486519,-0.17877078,0.51618624,-0.16635811,-0.84016502,0
-0.19396755,0.61321652,-0.73021269,-0.35732996,0.84967196,-0.38777941,0
1.1211916,-0.57271343,-0.2349813,0.51618624,-0.16635811,-0.84016502,0
1.4303371,0.017062396,-0.35044408,0.51618624,-0.16635811,-0.84016502,0
0.4477804,-0.78947467,0.038263053,0.35732996,-0.84967196,0.38777941,0
1.5342147,-0.16517523,-0.14258659,0.51618624,-0.16635811,-0.84016502,0
-0.17131662,-1.3997207,-0.809255,0.35732996,-0.84967196,0.38777941,0
0.35691643,0.15381581,1.21106,-0.51618624,0.16635811,0.84016502,0
0.53604597,-0.94086969,-0.34521967,0.35732996,-0.84967196,0.38777941,0
-0.11676836,-1.2677802,-0.56237841,-0.77837503,-0.50038242,-0.37914428,0
-1.0913959,0.29965317,-1.0593107,-0.77837503,-0.50038242,-0.37914428,0
-1.0070922,-1.154488,0.5170151,-0.77837503,-0.50038242,-0.37914428,0
-1.2556952,-0.13889709,0.38901436,-0.77837503,-0.50038242,-0.37914428,0
1.2514246,0.7973122,-0.48284912,0.77837503,0.50038242,0.37914428,0
0.7930212,-0.82860786,-0.14709365,0.35732996,-0.84967196,0.38777941,0
0.293733,-0.21768934,1.3590651,0.35732996,-0.84967196,0.38777941,0
0.73842108,0.019774199,1.1514695,0.77837503,0.50038242,0.37914428,0
0.20852309,-1.4892426,-0.49647939,0.35732996,-0.84967196,0.38777941,0
0.67900372,-0.66602397,0.74327284,0.35732996,-0.84967196,0.38777941,0
-0.29529828,0.91842335,-0.25986648,-0.35732996,0.84967196,-0.38777941,0
0.060331643,1.2560744,0.10327131,-0.35732996,0.84967196,-0.38777941,0
-0.23651493,-0.8640601,-1.1100695,0.51618624,-0.16635811,-0.84016502,0
0.32756692,-0.83954775,-0.77535725,0.51618624,-0.16635811,-0.84016502,0
0.55347359,1.314481,-0.42440522,-0.35732996,0.84967196,-0.38777941,0
1.4300498,0.029279053,-0.47514403,0.51618624,-0.16635811,-0.84016502,0
0.911883,1.0032026,-0.70968568,0.77837503,0.50038242,0.37914428,0
0.24770886,1.0742255,0.014298245,-0.35732996,0.84967196,-0.38777941,0
-0.24691367,-0.92230588,-0.4549357,-0.77837503,-0.50038242,-0.37914428,0
0.66092634,0.21820027,1.4153342,0.77837503,0.50038242,0.37914428,0
1.479779,-0.41639492,0.30145514,0.77837503,0.50038242,0.37914428,0
0.73112762,0.29812568,1.1198643,0.77837503,0.50038242,0.37914428,0
0.94194901,1.2799484,-0.56700313,-0.35732996,0.84967196,-0.38777941,0
0.44317091,-0.50396299,1.2836794,0.35732996,-0.84967196,0.38777941,0
0.66432357,1.0481936,0.0035829544,0.77837503,0.50038242,0.37914428,0
0.029325485,-1.1067276,-0.89955765,0.51618624,-0.16635811,-0.84016502,0
0.18093061,0.89108288,-0.82470071,-0.35732996,0.84967196,-0.38777941,0
-0.3301276,-1.3670423,-0.50894475,-0.77837503,-0.50038242,-0.37914428,0
-1.2693459,-0.51284051,0.39895129,-0.51618624,0.16635811,0.84016502,0
-0.94203943,0.37770078,-0.56231481,-0.35732996,0.84967196,-0.38777941,0
0.066464305,-0.2071932,1.3229864,-0.51618624,0.16635811,0.84016502,0
0.99953729,0.48581347,-0.061256111,0.77837503,0.50038242,0.37914428,0
0.086353898,-0.47200793,-1.1015383,0.51618624,-0.16635811,-0.84016502,0
0.82353294,0.17324141,0.44752461,0.77837503,0.50038242,0.37914428,0
-0.94406486,0.62975252,0.71974933,-0.51618624,0.16635811,0.84016502,0
-0.3993243,-0.031312138,0.91801983,-0.51618624,0.16635811,0.84016502,0
-0.8826884,0.71507305,0.2274366,-0.35732996,0.84967196,-0.38777941,0
1.1511807,0.19210343,0.05639565,0.77837503,0.50038242,0.37914428,0
-0.53710616,0.45671237,-1.1062555,-0.35732996,0.84967196,-0.38777941,0
1.3228279,-0.59067297,0.57889014,0.35732996,-0.84967196,0.38777941,0
0.61458582,0.31032795,0.59156221,0.77837503,0.50038242,0.37914428,0
-0.063586354,0.1221711,-1.4621394,0.51618624,-0.16635811,-0.84016502,0
-0.25246248,0.072048753,0.89270604,-0.51618624,0.16635811,0.84016502,0
1.0296459,-0.17206812,0.79393291,0.77837503,0.50038242,0.37914428,0
-0.16731912,-0.23543733,1.3358912,-0.51618624,0.16635811,0.84016502,0
-0.5205633,-0.032460541,0.98555875,-0.51618624,0.16635811,0.84016502,0
-0.57927412,-1.1070027,0.92109907,0.35732996,-0.84967196,0.38777941,0
0.6248548,-1.1327519,-0.80602717,0.51618624,-0.16635811,-0.84016502,0
-0.46796578,1.3374199,0.49047565,-0.35732996,0.84967196,-0.38777941,0
0.33290142,-0.53500533,1.1785108,0.35732996,-0.84967196,0.38777941,0
-0.85081637,0.68349582,0.72408295,-0.51618624,0.16635811,0.84016502,0
-0.40419388,-0.28168797,-1.0045289,-0.77837503,-0.50038242,-0.37914428,0
0.8028788,0.97327429,-0.43741685,0.77837503,0.50038242,0.37914428,0
-0.4357937,0.94521445,0.6653254,-0.51618624,0.16635811,0.84016502,0
-0.14458978,0.63091117,-1.354115,0.51618624,-0.16635811,-0.84016502,0
1.4500277,-0.15600958,-0.092314124,0.77837503,0.50038242,0.37914428,0
1.1840776,-0.3109107,0.65565974,0.77837503,0.50038242,0.37914428,0
-0.023190081,-1.1829149,0.073172987,0.35732996,-0.84967196,0.38777941,0
1.1006763,-0.45868787,0.39460835,0.35732996,-0.84967196,0.38777941,0
0.13733566,0.90363216,1.0676515,-0.51618624,0.16635811,0.84016502,0
0.93245578,-0.76962489,-0.27377081,0.35732996,-0.84967196,0.38777941,0
-0.60646832,1.3594451,0.70614111,-0.51618624,0.16635811,0.84016502,0
0.18741751,0.83229744,-1.1961783,0.51618624,-0.16635811,-0.84016502,0
-0.090391278,-0.48446611,-0.96429837,0.51618624,-0.16635811,-0.84016502,0
0.49499822,0.13383225,1.0392522,0.77837503,0.50038242,0.37914428,0
-0.11363396,-0.69044077,1.0866425,-0.51618624,0.16635811,0.84016502,0
-1.1802843,0.84818047,0.011193275,-0.35732996,0.84967196,-0.38777941,0
0.19525576,-1.1043698,0.40383422,0.35732996,-0.84967196,0.38777941,0
-0.73902732,-0.54100507,1.0719489,-0.51618624,0.16635811,0.84016502,0
0.83114684,0.11564428,0.87744689,0.77837503,0.50038242,0.37914428,0
-0.45715076,0.91065192,-0.58149517,-0.35732996,0.84967196,-0.38777941,0
1.1918981,-0.49621099,0.65546411,0.35732996,-0.84967196,0.38777941,0
0.47648603,-0.83820361,-0.58099478,0.51618624,-0.16635811,-0.84016502,0
-1.1186661,1.0010821,0.53492928,-0.51618624,0.16635811,0.84016502,0
0.12736237,1.3199683,0.27101898,-0.35732996,0.84967196,-0.38777941,0
-0.36264056,-0.36871317,1.2695206,-0.51618624,0.16635811,0.84016502,0
-1.2103546,0.53755963,0.16875029,-0.35732996,0.84967196,-0.38777941,0
0.01351881,-0.94390011,-0.96110374,-0.77837503,-0.50038242,-0.37914428,0
-0.79520041,-0.57569396,0.049435496,-0.77837503,-0.50038242,-0.37914428,0
0.40914196,-0.70368975,1.1461161,0.35732996,-0.84967196,0.38777941,0
0.57735503,-0.79736149,-0.86686027,0.51618624,-0.16635811,-0.84016502,0
0.17765754,-1.2644837,-0.22442237,0.35732996,-0.84967196,0.38777941,0
0.98846745,-0.69799989,-0.32614076,0.51618624,-0.16635811,-0.84016502,0
-0.97246361,0.23115391,0.6050421,-0.51618624,0.16635811,0.84016502,0
0.57212609,1.311343,-0.40160483,-0.35732996,0.84967196,-0.38777941,0
-0.9480238,-0.12085649,0.73149574,-0.51618624,0.16635811,0.84016502,0
-0.7584129,-1.2324171,0.66958821,-0.77837503,-0.50038242,-0.37914428,0
0.095995843,-1.3247737,-0.3719959,0.35732996,-0.84967196,0.38777941,0
-0.39617801,-0.025080442,-1.3429472,-0.77837503,-0.50038242,-0.37914428,0
-0.18784666,-0.67121506,-0.96650034,-0.77837503,-0.50038242,-0.37914428,0
0.64000344,-0.17798126,1.1649857,0.35732996,-0.84967196,0.38777941,0
-0.30778393,-0.69673544,0.82826263,0.35732996,-0.84967196,0.38777941,0
-0.73057878,-1.2420729,-0.0044186115,-0.77837503,-0.50038242,-0.37914428,0
-0.82251155,0.68331778,-0.78334332,-0.35732996,0.84967196,-0.38777941,0
-0.77227867,-0.74141991,-0.41296688,-0.77837503,-0.50038242,-0.37914428,0
0.49086046,0.3276583,1.0363525,0.77837503,0.50038242,0.37914428,0
-0.31072652,-1.336169,-0.67447227,-0.77837503,-0.50038242,-0.37914428,0
0.041427433,-1.2434561,-0.52761304,0.35732996,-0.84967196,0.38777941,0
1.5282483,-0.36264119,0.023122907,0.51618624,-0.16635811,-0.84016502,0
0.82438147,-0.43077397,0.42002672,0.35732996,-0.84967196,0.38777941,0
0.98778397,-0.097211339,-0.75152194,0.51618624,-0.16635811,-0.84016502,0
0.55859792,-1.1520864,-0.63348663,0.35732996,-0.84967196,0.38777941,0
-0.55979753,-1.3062356,-0.11441517,-0.77837503,-0.50038242,-0.37914428,0
0.8062405,-0.56549752,0.70295584,0.35732996,-0.84967196,0.38777941,0
-0.50691271,0.53322643,-1.1073422,-0.35732996,0.84967196,-0.38777941,0
0.094967961,1.2781892,1.1857336,0.77837503,0.50038242,0.37914428,0
0.31093851,0.30480713,-1.0216336,0.51618624,-0.16635811,-0.84016502,0
0.53669989,-0.26603749,-0.65102696,0.51618624,-0.16635811,-0.84016502,0
0.60932463,0.41697291,0.32747421,0.77837503,0.50038242,0.37914428,0
-0.31397069,-0.44958767,-1.1502831,0.51618624,-0.16635811,-0.84016502,0
0.95317549,-0.89596194,-0.36483812,0.35732996,-0.84967196,0.38777941,0
-0.032474987,-0.93934637,0.5090555,0.35732996,-0.84967196,0.38777941,0
0.084764063,1.088369,-0.12513641,-0.35732996,0.84967196,-0.38777941,0
-1.2023101,0.41187957,-0.48600471,-0.77837503,-0.50038242,-0.37914428,0
1.1655161,0.44501472,-0.49270749,0.77837503,0.50038242,0.37914428,0
-1.2884253,0.29157284,-0.24203253,-0.35732996,0.84967196,-0.38777941,0
0.84657878,-0.13034952,0.6556623,0.77837503,0.50038242,0.37914428,0
0.48931408,-0.19290715,1.3353961,0.35732996,-0.84967196,0.38777941,0
0.56071854,0.8226155,0.64789039,0.77837503,0.50038242,0.37914428,0
0.59820378,1.3045511,-0.53256792,-0.35732996,0.84967196,-0.38777941,0
-0.50903553,0.17874315,0.82000154,-0.51618624,0.16635811,0.84016502,0
-0.21155727,-0.21579984,-1.2984779,0.51618624,-0.16635811,-0.84016502,0
-0.57456815,-0.21531963,-0.84161252,-0.77837503,-0.50038242,-0.37914428,0
-1.3463564,-0.14116147,-0.20364195,-0.77837503,-0.50038242,-0.37914428,0
-0.34038427,0.9967801,-0.026841164,-0.35732996,0.84967196,-0.38777941,0
-0.30563372,-0.91798502,-0.41495863,-0.77837503,-0.50038242,-0.37914428,0
1.6093206,-0.63319117,-0.25373435,0.51618624,-0.16635811,-0.84016502,0
-0.41391367,0.27600148,0.97920322,-0.51618624,0.16635811,0.84016502,0
0.56923604,0.08053416,1.442084,0.77837503,0.50038242,0.37914428,0
0.85453182,-0.14550872,-0.83217883,0.51618624,-0.16635811,-0.84016502,0
0.99636257,-0.28759152,1.394663,0.35732996,-0.84967196,0.38777941,0
-0.87346095,-0.042660754,0.46241319,-0.51618624,0.16635811,0.84016502,0
-1.095649,-0.66057181,0.46184587,-0.51618624,0.16635811,0.84016502,0
-0.48043463,-1.1162162,0.96296358,0.35732996,-0.84967196,0.38777941,0
-0.090016484,-1.102622,-0.24658363,0.35732996,-0.84967196,0.38777941,0
-1.0190439,-0.86448574,0.42657113,-0.77837503,-0.50038242,-0.37914428,0
-0.077895343,-0.68277192,1.0372106,0.35732996,-0.84967196,0.38777941,0
0.70229411,-0.71931142,-0.78346634,0.51618624,-0.16635811,-0.84016502,0
-0.23110938,-1.1348583,-0.12222423,0.35732996,-0.84967196,0.38777941,0
1.2819245,-0.25213432,0.78436792,0.35732996,-0.84967196,0.38777941,0
-0.23487604,-1.2835184,-0.33180907,-0.77837503,-0.50038242,-0.37914428,0
-1.059298,0.49246612,-0.65612847,-0.35732996,0.84967196,-0.38777941,0
-0.3147817,0.77746069,0.61674517,-0.51618624,0.16635811,0.84016502,0
-0.4419663,1.0477053,0.52804333,-0.51618624,0.16635811,0.84016502,0
0.77752471,-0.90432245,-0.24588645,0.35732996,-0.84967196,0.38777941,0
-1.0041921,0.044255733,-0.39690188,-0.77837503,-0.50038242,-0.37914428,0
-1.7063631,0.34022796,0.0040489435,-0.77837503,-0.50038242,-0.37914428,0
-0.54786181,0.20422512,-1.3827897,-0.35732996,0.84967196,-0.38777941,0
-0.73808706,-0.61631322,-0.60493243,-0.77837503,-0.50038242,-0.37914428,0
-0.05144608,-0.55691737,-0.87389618,0.51618624,-0.16635811,-0.84016502,0
0.87058544,-0.71765536,0.09918946,0.35732996,-0.84967196,0.38777941,0
0.045205474,-1.3786705,-0.84643453,0.35732996,-0.84967196,0.38777941,0
-0.092312396,-1.1413804,-0.067714684,0.35732996,-0.84967196,0.38777941,0
-0.2561762,-0.15699989,0.9906072,-0.51618624,0.16635811,0.84016502,0
-0.40093625,-1.2481419,0.17749652,0.35732996,-0.84967196,0.38777941,0
-0.16475685,0.70507205,-0.38074461,-0.35732996,0.84967196,-0.38777941,0
0.57719159,-0.82306445,-0.4485659,0.51618624,-0.16635811,-0.84016502,0
1.2194915,0.56816995,-0.42525399,0.77837503,0.50038242,0.37914428,0
-0.3732416,1.1222194,0.32664162,-0.35732996,0.84967196,-0.38777941,0
0.5084309,-0.59267986,0.73855281,0.35732996,-0.84967196,0.38777941,0
-0.181826,-1.0534976,-0.030835532,0.35732996,-0.84967196,0.38777941,0
0.586595,-0.53042221,1.1793429,0.35732996,-0.84967196,0.38777941,0
-0.8840251,-1.3316858,0.67614031,0.35732996,-0.84967196,0.38777941,0
-1.1986853,-0.40085036,0.21442604,-0.77837503,-0.50038242,-0.37914428,0
-0.83645856,0.1999594,-1.278891,-0.77837503,-0.50038242,-0.37914428,0
-0.46896186,1.2556812,0.22173381,-0.35732996,0.84967196,-0.38777941,0
-1.1347799,-0.43678266,-0.14890659,-0.77837503,-0.50038242,-0.37914428,0
0.052955747,0.90077651,-0.28039488,-0.35732996,0.84967196,-0.38777941,0
0.43309832,0.71013391,0.95905179,0.77837503,0.50038242,0.37914428,0
-0.076037586,-0.30028012,1.1462976,-0.51618624,0.16635811,0.84016502,0
0.91920608,-0.95402521,-0.62197292,0.51618624,-0.16635811,-0.84016502,0
0.83182347,0.095285922,0.43168604,0.77837503,0.50038242,0.37914428,0
-0.95603085,0.60080683,0.081389368,-0.35732996,0.84967196,-0.38777941,0
0.33202487,0.77937675,-0.97725481,0.51618624,-0.16635811,-0.84016502,0
0.91464865,0.55703956,0.47838035,0.77837503,0.50038242,0.37914428,0
-0.69096464,1.1205146,0.48239142,-0.51618624,0.16635811,0.84016502,0
0.68995923,0.87927008,-0.81659472,0.51618624,-0.16635811,-0.84016502,0
1.01469,-0.95748359,-0.28089237,0.35732996,-0.84967196,0.38777941,0
-1.3751589,0.58073461,-0.4340446,-0.35732996,0.84967196,-0.38777941,0
-0.91646588,-0.17659238,0.60099173,-0.51618624,0.16635811,0.84016502,0
-0.29869366,-0.49037126,-1.3304802,-0.77837503,-0.50038242,-0.37914428,0
-0.60244906,0.54147631,-1.3369833,-0.35732996,0.84967196,-0.38777941,0
-0.9350723,-0.30759928,0.50329685,-0.51618624,0.16635811,0.84016502,0
0.77856296,-0.81192482,-0.32466978,0.35732996,-0.84967196,0.38777941,0
0.55185026,-0.85029101,0.203099,0.35732996,-0.84967196,0.38777941,0
0.080531359,-1.1313732,-0.93468142,0.51618624,-0.16635811,-0.84016502,0
0.15645078,-0.90038097,0.35084525,0.35732996,-0.84967196,0.38777941,0
-1.0071528,-0.58399093,0.73373795,-0.51618624,0.16635811,0.84016502,0
0.010519505,-1.0472507,-0.87763733,-0.77837503,-0.50038242,-0.37914428,0
-1.1008494,-0.15311144,-0.1509496,-0.77837503,-0.50038242,-0.37914428,0
-0.60290504,0.74355447,0.8186543,-0.51618624,0.16635811,0.84016502,0
1.1095955,0.36751947,0.14085597,0.77837503,0.50038242,0.37914428,0
0.74350452,-0.30782431,1.1657635,0.35732996,-0.84967196,0.38777941,0
-0.13551927,-0.15409437,-1.0586503,0.51618624,-0.16635811,-0.84016502,0
-1.2385319,0.38115948,0.55175734,-0.51618624,0.16635811,0.84016502,0
0.47302327,-0.71463352,0.52758163,0.35732996,-0.84967196,0.38777941,0
-0.55481708,-0.91564012,-0.6343323,-0.77837503,-0.50038242,-0.37914428,0
1.2536807,-0.7413547,-0.32329416,0.51618624,-0.16635811,-0.84016502,0
0.51903057,1.0266665,0.36930144,0.77837503,0.50038242,0.37914428,0
-1.0361936,-0.4421922,0.29542172,-0.77837503,-0.50038242,-0.37914428,0
-0.59348476,-0.14728743,-1.4286387,0.51618624,-0.16635811,-0.84016502,0
-0.43920279,-0.34438446,-1.240972,0.51618624,-0.16635811,-0.84016502,0
-1.1394619,-0.44397879,0.43064249,-0.51618624,0.16635811,0.84016502,0
0.36260426,1.1045105,-0.49459517,-0.35732996,0.84967196,-0.38777941,0
-1.3296565,0.48552474,-0.041816115,-0.35732996,0.84967196,-0.38777941,0
-0.26350737,-0.41428301,-1.3927494,-0.77837503,-0.50038242,-0.37914428,0
0.2896167,0.219156,-1.0974723,0.51618624,-0.16635811,-0.84016502,0
-1.0112377,-0.079892576,-0.88240552,-0.77837503,-0.50038242,-0.37914428,0
0.26307499,0.92726928,1.0280291,0.77837503,0.50038242,0.37914428,0
-0.56665385,-0.7758255,-0.37737805,-0.77837503,-0.50038242,-0.37914428,0
1.0825452,-0.1558966,0.68568087,0.77837503,0.50038242,0.37914428,0
1.2094998,-0.45440698,0.59672844,0.35732996,-0.84967196,0.38777941,0
-0.75956511,0.64955306,-0.68872201,-0.35732996,0.84967196,-0.38777941,0
-0.01943888,1.0194143,-0.62995088,-0.35732996,0.84967196,-0.38777941,0
-0.29884243,-1.3235772,0.030097425,0.35732996,-0.84967196,0.38777941,0
-0.74138629,-1.0159755,0.9250524,-0.51618624,0.16635811,0.84016502,0
-0.97046006,-0.35674787,-0.6156106,-0.77837503,-0.50038242,-0.37914428,0
-0.28382838,-0.79272813,-0.83869529,-0.77837503,-0.50038242,-0.37914428,0
1.276049,0.80872184,-0.70319366,0.77837503,0.50038242,0.37914428,0
0.87627715,0.57590568,-0.1247412,0.77837503,0.50038242,0.37914428,0
-0.73125881,-0.94558334,0.96777523,-0.51618624,0.16635811,0.84016502,0
-1.4169918,-0.241549,0.219625,-0.77837503,-0.50038242,-0.37914428,0
0.28256673,-0.46660197,1.2180018,0.35732996,-0.84967196,0.38777941,0
-1.2517146,0.34722558,-0.26651251,-0.77837503,-0.50038242,-0.37914428,0
-0.60379308,0.42700851,0.72922242,-0.51618624,0.16635811,0.84016502,0
-1.0274196,0.039526701,-0.20551634,-0.77837503,-0.50038242,-0.37914428,0
-1.2586968,-0.131484,0.033796072,-0.77837503,-0.50038242,-0.37914428,0
1.3780992,0.037356734,-0.095955014,0.77837503,0.50038242,0.37914428,0
0.93358505,0.26739311,0.54581207,0.77837503,0.50038242,0.37914428,0
0.66453296,-0.99437135,-0.42559433,0.51618624,-0.16635811,-0.84016502,0
0.86417282,-0.84488964,-0.22661668,0.35732996,-0.84967196,0.38777941,0
0.16526353,-0.30840343,1.3374128,-0.51618624,0.16635811,0.84016502,0
0.10937798,-1.342344,-0.86201137,-0.77837503,-0.50038242,-0.37914428,0
0.73027372,0.61814904,0.61643171,0.77837503,0.50038242,0.37914428,0
-0.64925921,-0.96858776,-0.44516075,-0.77837503,-0.50038242,-0.37914428,0
0.72347885,-0.099348791,-0.54896116,0.51618624,-0.16635811,-0.84016502,0
-1.1645293,0.60632765,-0.28869265,-0.35732996,0.84967196,-0.38777941,0
-0.081157446,-1.2728976,-1.0718796,0.51618624,-0.16635811,-0.84016502,0
1.7577378,-0.35300639,-0.23944592,0.51618624,-0.16635811,-0.84016502,0
0.43938518,-0.1135807,1.3778899,-0.51618624,0.16635811,0.84016502,0
1.4177192,-0.79091793,0.013237596,0.35732996,-0.84967196,0.38777941,0
-0.98922551,-0.5018006,0.18476558,-0.77837503,-0.50038242,-0.37914428,0
0.25552648,-1.1086098,-0.0149225,0.35732996,-0.84967196,0.38777941,0
0.34658396,-0.48442197,1.4198763,0.35732996,-0.84967196,0.38777941,0
0.86822444,0.0072689354,-0.62358868,0.51618624,-0.16635811,-0.84016502,0
0.30270898,1.0835564,-0.017585918,-0.35732996,0.84967196,-0.38777941,0
0.65937185,1.0482781,-0.8491658,-0.35732996,0.84967196,-0.38777941,0
0.28206193,1.4816339,0.29785091,0.77837503,0.50038242,0.37914428,0
-0.31620812,1.342328,0.87054861,-0.51618624,0.16635811,0.84016502,0
0.95617318,0.13498795,0.84532273,0.77837503,0.50038242,0.37914428,0
0.14032626,0.22453472,1.3045865,-0.51618624,0.16635811,0.84016502,0
-0.51438051,-1.1325713,-0.11378725,-0.77837503,-0.50038242,-0.37914428,0
-0.12531096,0.78392482,-1.1533172,-0.35732996,0.84967196,-0.38777941,0
-0.19496834,0.95135868,0.92203534,-0.51618624,0.16635811,0.84016502,0
-0.74263036,-0.70232135,-0.44386658,-0.77837503,-0.50038242,-0.37914428,0
1.070915,-0.56724048,0.59983814,0.35732996,-0.84967196,0.38777941,0
0.31594127,1.0227978,0.13257352,0.77837503,0.50038242,0.37914428,0
0.8079198,-1.2438128,-0.65903938,0.51618624,-0.16635811,-0.84016502,0
1.4447956,-0.40095168,-0.39095318,0.51618624,-0.16635811,-0.84016502,0
0.70055914,0.73929292,0.70226085,0.77837503,0.50038242,0.37914428,0
-0.36331815,1.3601255,0.8032397,-0.35732996,0.84967196,-0.38777941,0
-1.6385747,0.55155158,-0.25769854,-0.77837503,-0.50038242,-0.37914428,0
0.26341277,-1.0756725,-0.64186299,0.51618624,-0.16635811,-0.84016502,0
-0.45297861,-1.0318987,0.25573939,0.35732996,-0.84967196,0.38777941,0
0.53674173,0.48215574,0.89475501,0.77837503,0.50038242,0.37914428,0
-1.3305497,0.089217052,0.49175203,-0.51618624,0.16635811,0.84016502,0
0.26600993,-0.73334432,1.1907042,0.35732996,-0.84967196,0.38777941,0
1.2936698,-0.74843758,-0.27695119,0.35732996,-0.84967196,0.38777941,0
-0.92157465,-0.2859951,0.70607746,-0.51618624,0.16635811,0.84016502,0
0.30859721,0.71847856,-1.0809767,0.51618624,-0.16635811,-0.84016502,0
0.89258313,0.20024216,1.0627397,0.77837503,0.50038242,0.37914428,0
0.3206743,1.2944069,-0.43488526,-0.35732996,0.84967196,-0.38777941,0
0.60231328,1.0497283,-0.85496616,-0.35732996,0.84967196,-0.38777941,0
-0.89653242,-1.0889459,0.50207973,-0.77837503,-0.50038242,-0.37914428,0
-0.54458714,-1.0943422,-0.56334478,-0.77837503,-0.50038242,-0.37914428,0
0.25697598,0.91728085,-0.55073678,-0.35732996,0.84967196,-0.38777941,0
-0.46428379,1.018469,-0.31804815,-0.35732996,0.84967196,-0.38777941,0
-0.24122898,0.82631594,-0.069131523,-0.35732996,0.84967196,-0.38777941,0
-1.0906272,-0.86548495,0.39600062,-0.77837503,-0.50038242,-0.37914428,0
-1.1487336,-0.58335119,0.71026945,-0.51618624,0.16635811,0.84016502,0
-0.41530347,-0.86303794,-0.25006801,-0.77837503,-0.50038242,-0.37914428,0
0.13059855,0.95904911,0.6876812,0.77837503,0.50038242,0.37914428,0
-0.84807765,-0.31044471,-0.73363644,-0.77837503,-0.50038242,-0.37914428,0
0.043970525,0.66519403,-0.91558892,-0.35732996,0.84967196,-0.38777941,0
0.52990574,-0.19883132,-0.77068561,0.51618624,-0.16635811,-0.84016502,0
0.67701703,0.64068151,0.15464029,0.77837503,0.50038242,0.37914428,0
0.7076776,-0.21686578,1.2144755,0.77837503,0.50038242,0.37914428,0
0.74379396,0.044945657,1.0944861,0.77837503,0.50038242,0.37914428,0
-1.0041108,0.56675482,-0.46110418,-0.35732996,0.84967196,-0.38777941,0
0.33926857,-0.3896066,1.6003608,-0.51618624,0.16635811,0.84016502,0
0.61815435,0.43278843,-0.90743935,0.51618624,-0.16635811,-0.84016502,0
0.30312157,-1.129315,-0.071617752,0.35732996,-0.84967196,0.38777941,0
1.3329437,-0.68631017,-0.38855612,0.35732996,-0.84967196,0.38777941,0
-1.2730205,0.31765759,0.44993973,-0.51618624,0.16635811,0.84016502,0
1.0470277,0.11092246,-0.67864215,0.51618624,-0.16635811,-0.84016502,0
0.2226721,1.1957915,0.82845438,0.77837503,0.50038242,0.37914428,0
0.59374619,1.0354973,-0.96355069,0.51618624,-0.16635811,-0.84016502,0
-1.1885049,-0.073037058,0.54277635,-0.51618624,0.16635811,0.84016502,0
-0.17476074,-0.60100001,1.0180207,-0.51618624,0.16635811,0.84016502,0
0.090388477,-0.23508698,1.3201652,-0.51618624,0.16635811,0.84016502,0
0.27525318,1.2130787,0.43358243,0.77837503,0.50038242,0.37914428,0
0.4541496,-0.022245705,1.2492195,-0.51618624,0.16635811,0.84016502,0
-0.39548945,0.60703695,-1.2052006,-0.35732996,0.84967196,-0.38777941,0
-0.17721736,-0.27564967,-1.3174109,0.51618624,-0.16635811,-0.84016502,0
-1.3997493,0.50104004,0.29492164,-0.51618624,0.16635811,0.84016502,0
-1.4325913,0.20714217,-0.46559888,-0.77837503,-0.50038242,-0.37914428,0
0.79606652,-0.70648301,0.69715667,0.35732996,-0.84967196,0.38777941,0
0.87763286,-0.9518292,0.1420294,0.35732996,-0.84967196,0.38777941,0
0.82488751,-0.034393609,0.70127571,0.77837503,0.50038242,0.37914428,0
-0.18671015,-1.0744125,0.86334819,0.35732996,-0.84967196,0.38777941,0
-1.1489257,0.032445729,-0.83918989,-0.77837503,-0.50038242,-0.37914428,0
-0.70798862,0.84138954,-0.42905617,-0.35732996,0.84967196,-0.38777941,0
-0.071345091,-1.3224539,-0.67526257,0.35732996,-0.84967196,0.38777941,0
1.3493222,-0.45033345,-0.30657375,0.51618624,-0.16635811,-0.84016502,0
0.7468133,0.25870407,0.99626261,0.77837503,0.50038242,0.37914428,0
0.44823545,-0.64026135,1.0051675,0.35732996,-0.84967196,0.38777941,0
-0.72594452,0.11299592,-0.90730166,-0.77837503,-0.50038242,-0.37914428,0
-1.3148546,-0.30887142,0.52093446,-0.51618624,0.16635811,0.84016502,0
0.93021339,-0.18980122,-0.45913315,0.51618624,-0.16635811,-0.84016502,0
-0.27709132,0.46786022,1.1193062,-0.51618624,0.16635811,0.84016502,0
-0.96812618,-0.48569322,-0.25734082,-0.77837503,-0.50038242,-0.37914428,0
0.47625899,1.0766627,0.37992054,0.77837503,0.50038242,0.37914428,0
-0.85210967,0.68053555,0.051159561,-0.35732996,0.84967196,-0.38777941,0
-0.28201404,1.0918504,-0.30959111,-0.35732996,0.84967196,-0.38777941,0
0.29795897,-1.5437219,-0.64045399,0.35732996,-0.84967196,0.38777941,0
-0.45396772,-0.56594723,1.103339,-0.51618624,0.16635811,0.84016502,0
1.384074,-0.17621472,-0.18629825,0.51618624,-0.16635811,-0.84016502,0
-0.41866493,-0.94861507,-0.92533475,-0.77837503,-0.50038242,-0.37914428,0
0.81857789,0.14397708,-0.69362581,0.51618624,-0.16635811,-0.84016502,0
-0.45136943,-0.2567367,1.030705,-0.51618624,0.16635811,0.84016502,0
0.2672087,0.3859022,1.2915313,0.77837503,0.50038242,0.37914428,0
0.57730716,-0.10367027,-1.0146898,0.51618624,-0.16635811,-0.84016502,0
0.24571145,-0.81018412,0.74157041,0.35732996,-0.84967196,0.38777941,0
0.26713169,-0.43029672,1.0515263,0.35732996,-0.84967196,0.38777941,0
-1.1019561,-0.80976504,0.63884139,-0.51618624,0.16635811,0.84016502,0
-0.3395102,-0.47138235,-1.1192793,-0.77837503,-0.50038242,-0.37914428,0
-0.64482433,1.1553168,0.22552186,-0.35732996,0.84967196,-0.38777941,0
0.75998092,0.51452273,0.55049056,0.77837503,0.50038242,0.37914428,0
-0.18770377,-0.503039,0.97884709,-0.51618624,0.16635811,0.84016502,0
-0.34718528,0.85879898,0.65845627,-0.51618624,0.16635811,0.84016502,0
-0.96500695,-0.13407212,-0.49969974,-0.77837503,-0.50038242,-0.37914428,0
-0.8439402,0.99768358,0.030369043,-0.35732996,0.84967196,-0.38777941,0
-1.0966676,0.24506313,-0.60956395,-0.77837503,-0.50038242,-0.37914428,0
0.068234801,0.86148119,-1.2118227,-0.35732996,0.84967196,-0.38777941,0
-1.7092456,0.2746011,0.0322752,-0.77837503,-0.50038242,-0.37914428,0
-0.71672845,1.2437202,0.2958765,-0.35732996,0.84967196,-0.38777941,0
0.24373186,0.70909071,1.2324359,-0.51618624,0.16635811,0.84016502,0
0.66867679,-0.53771496,0.69198781,0.35732996,-0.84967196,0.38777941,0
0.36375341,-0.57161009,-0.7052657,0.51618624,-0.16635811,-0.84016502,0
0.53773534,-0.048393309,1.2677826,0.77837503,0.50038242,0.37914428,0
0.47972178,1.1923854,0.4087894,0.77837503,0.50038242,0.37914428,0
-1.1447865,0.035828769,-0.55719483,-0.77837503,-0.50038242,-0.37914428,0
0.69081378,-0.97424096,0.064710617,0.35732996,-0.84967196,0.38777941,0
0.47991276,0.52009106,0.9952662,0.77837503,0.50038242,0.37914428,0
-1.2338588,-0.80821645,0.76130152,-0.77837503,-0.50038242,-0.37914428,0
1.0946565,-0.030511454,-0.06614697,0.77837503,0.50038242,0.37914428,0
0.79572421,0.5363456,0.01714021,0.77837503,0.50038242,0.37914428,0
0.8197006,-0.39454061,-0.5848285,0.51618624,-0.16635811,-0.84016502,0
0.61766273,0.82908899,-0.93929708,0.51618624,-0.16635811,-0.84016502,0
-0.3126241,-0.99985725,-0.71025217,-0.77837503,-0.50038242,-0.37914428,0
-1.1658475,-0.08020927,0.050529838,-0.77837503,-0.50038242,-0.37914428,0
-1.3646381,0.51352388,-0.42435199,-0.35732996,0.84967196,-0.38777941,0
0.41077459,-0.23869342,1.6988091,-0.51618624,0.16635811,0.84016502,0
-1.0608311,-0.45750895,-0.28608564,-0.77837503,-0.50038242,-0.37914428,0
0.67050385,0.79201525,0.67573893,0.77837503,0.50038242,0.37914428,0
-1.1934901,-0.029289708,0.30692005,-0.77837503,-0.50038242,-0.37914428,0
-0.58338249,-1.2665561,-0.27575883,-0.77837503,-0.50038242,-0.37914428,0
0.84072787,-0.37317413,0.82591844,0.35732996,-0.84967196,0.38777941,0
-0.45320064,-0.97756308,0.76485038,0.35732996,-0.84967196,0.38777941,0
0.88102633,1.2818457,-0.6674571,0.77837503,0.50038242,0.37914428,0
-0.42846823,0.16780144,-1.6939254,0.51618624,-0.16635811,-0.84016502,0
-1.5431644,-0.089410841,0.12305057,-0.77837503,-0.50038242,-0.37914428,0
0.23941767,1.0988408,-0.7755537,-0.35732996,0.84967196,-0.38777941,0
0.7208088,-0.83613092,-0.68928945,0.51618624,-0.16635811,-0.84016502,0
0.27762738,0.11496589,-1.1040038,0.51618624,-0.16635811,-0.84016502,0
0.71330774,0.44641608,0.29120141,0.77837503,0.50038242,0.37914428,0
-0.29487824,-0.93098503,0.62215328,0.35732996,-0.84967196,0.38777941,0
0.8250072,-0.098569572,1.3356527,0.77837503,0.50038242,0.37914428,0
-1.3018509,0.29133087,-0.68179202,-0.35732996,0.84967196,-0.38777941,0
-0.47325814,-0.80132782,-0.31485933,-0.77837503,-0.50038242,-0.37914428,0
0.99281228,1.0199509,-0.61750817,0.77837503,0.50038242,0.37914428,0
1.3067175,-0.90555495,-0.16197324,0.35732996,-0.84967196,0.38777941,0
0.27854398,-0.90174007,0.072238982,0.35732996,-0.84967196,0.38777941,0
0.76910394,-0.44410315,-0.77308702,0.51618624,-0.16635811,-0.84016502,0
-1.2810203,0.2769669,0.088478923,-0.77837503,-0.50038242,-0.37914428,0
-0.43616319,-0.13814032,-1.40641,0.51618624,-0.16635811,-0.84016502,0
-0.24502534,0.79244542,0.71372694,-0.51618624,0.16635811,0.84016502,0
-0.029785395,0.092346787,1.3276312,-0.51618624,0.16635811,0.84016502,0
0.59491485,1.1779966,-0.34367907,0.77837503,0.50038242,0.37914428,0
-0.64672518,0.10636938,-1.4612356,-0.77837503,-0.50038242,-0.37914428,0
0.91836858,-0.72952998,-0.2613436,0.35732996,-0.84967196,0.38777941,0
-0.7646383,-0.39375794,-0.59024203,-0.77837503,-0.50038242,-0.37914428,0
0.39034891,-1.1174544,-0.34386998,0.35732996,-0.84967196,0.38777941,0
-0.094627857,1.4771894,0.8711282,0.77837503,0.50038242,0.37914428,0
0.64581907,-0.29237217,1.1907594,0.35732996,-0.84967196,0.38777941,0
1.1238065,-0.47279453,0.57806969,0.35732996,-0.84967196,0.38777941,0
-0.18679607,1.4759107,0.59788233,-0.35732996,0.84967196,-0.38777941,0
0.48266947,0.066877782,1.2813931,0.77837503,0.50038242,0.37914428,0
-0.10984302,-0.37821248,-1.0631871,0.51618624,-0.16635811,-0.84016502,0
0.20968652,-0.71742547,-0.69725806,0.51618624,-0.16635811,-0.84016502,0
-0.28775716,1.2170103,0.34097928,-0.35732996,0.84967196,-0.38777941,0
1.3551061,-0.67159903,0.30864346,0.35732996,-0.84967196,0.38777941,0
-0.79189229,0.52230597,-0.8649407,-0.35732996,0.84967196,-0.38777941,0
0.63846278,0.38057762,0.81425166,0.77837503,0.50038242,0.37914428,0
0.79145306,-0.20985819,-0.58835471,0.51618624,-0.16635811,-0.84016502,0
-0.25283065,0.93227887,-0.51984787,-0.35732996,0.84967196,-0.38777941,0
0.82737124,-0.73996574,-0.4138478,0.51618624,-0.16635811,-0.84016502,0
-0.60159069,1.0481272,0.14609313,-0.35732996,0.84967196,-0.38777941,0
0.51702726,0.45449632,0.87088758,0.77837503,0.50038242,0.37914428,0
0.31442714,-1.1406838,-0.66137576,0.35732996,-0.84967196,0.38777941,0
0.92959142,-0.11674976,0.91942811,0.77837503,0.50038242,0.37914428,0
0.70687044,0.15223342,0.66605675,0.77837503,0.50038242,0.37914428,0
1.2750585,-0.87079811,-0.1260947,0.35732996,-0.84967196,0.38777941,0
0.46045661,0.49362147,1.3432069,0.77837503,0.50038242,0.37914428,0
1.4238045,-0.080310047,-0.26921546,0.77837503,0.50038242,0.37914428,0
0.68320227,-0.88168842,-0.48536456,0.35732996,-0.84967196,0.38777941,0
-0.58452427,-0.57302332,-1.1880769,-0.77837503,-0.50038242,-0.37914428,0
-1.0824533,-0.41547596,0.14931428,-0.77837503,-0.50038242,-0.37914428,0
0.62881774,-0.91306162,-0.34723705,0.35732996,-0.84967196,0.38777941,0
-0.999695,-0.41706213,0.30571496,-0.77837503,-0.50038242,-0.37914428,0
-0.63181591,0.72231793,0.010988772,-0.35732996,0.84967196,-0.38777941,0
-0.052980721,0.45975935,-1.2283098,0.51618624,-0.16635811,-0.84016502,0
0.37173602,1.1409854,-0.62647974,-0.35732996,0.84967196,-0.38777941,0
-1.1994603,0.85117888,-0.0053470135,-0.35732996,0.84967196,-0.38777941,0
-0.59737045,-1.1296408,0.086137176,-0.77837503,-0.50038242,-0.37914428,0
-0.72566909,1.0733783,0.74172819,-0.51618624,0.16635811,0.84016502,0
-0.76018989,-0.33285266,-0.95949852,-0.77837503,-0.50038242,-0.37914428,0
-0.56372821,-1.1732101,-0.35911164,-0.77837503,-0.50038242,-0.37914428,0
0.6094842,0.33207658,1.0806584,0.77837503,0.50038242,0.37914428,0
-1.0571432,-0.83496165,0.46876526,-0.77837503,-0.50038242,-0.37914428,0
0.76070428,1.3468832,-0.31815076,0.77837503,0.50038242,0.37914428,0
0.23620677,0.38012785,-1.32759,0.51618624,-0.16635811,-0.84016502,0
0.12560147,-0.39347583,1.2805263,-0.51618624,0.16635811,0.84016502,0
-0.3313421,-0.55815697,-1.1369113,-0.77837503,-0.50038242,-0.37914428,0
-0.48500502,1.2193966,0.60315907,-0.51618624,0.16635811,0.84016502,0
0.99157202,0.26703075,-0.4726423,0.51618624,-0.16635811,-0.84016502,0
-0.082688197,0.75052708,-0.72365505,-0.35732996,0.84967196,-0.38777941,0
-0.8666082,-0.36291873,0.66558373,-0.51618624,0.16635811,0.84016502,0
1.3333712,-0.08622092,-0.25317347,0.51618624,-0.16635811,-0.84016502,0
-0.31639498,-1.3855528,-0.049545929,0.35732996,-0.84967196,0.38777941,0
-0.33476573,-0.92818761,-0.34773874,-0.77837503,-0.50038242,-0.37914428,0
-1.4324594,0.49847466,-0.37818575,-0.35732996,0.84967196,-0.38777941,0
-0.24076283,-0.035031378,1.2513521,-0.51618624,0.16635811,0.84016502,0
0.49029756,0.90300435,0.87177515,0.77837503,0.50038242,0.37914428,0
0.27476618,0.95190543,-0.32180586,-0.35732996,0.84967196,-0.38777941,0
-0.80718213,-0.39095032,0.86683118,-0.51618624,0.16635811,0.84016502,0
-0.48023438,-1.1880058,0.4137736,-0.77837503,-0.50038242,-0.37914428,0
-1.1823087,0.26282749,-0.47277388,-0.35732996,0.84967196,-0.38777941,0
-1.2409028,0.4527117,-0.36159611,-0.77837503,-0.50038242,-0.37914428,0
