4.7861743,-1.3910952,1.3650575,0.87365949,-0.02672413,0.48580357,0
-0.36308873,-2.4142761,-1.4385724,-0.39254928,-0.62862104,0.67137223,0
-2.5031295,-3.7100351,-4.0131111,-0.39254928,-0.62862104,0.67137223,0
-4.6235409,-0.14272249,-2.3950133,-0.87365949,0.02672413,-0.48580357,0
-3.8486762,3.9319541,0.63992977,0.39254928,0.62862104,-0.67137223,0
-2.9806409,1.8180879,-0.85325313,0.39254928,0.62862104,-0.67137223,0
-1.2725401,1.5621668,0.09040761,0.39254928,0.62862104,-0.67137223,0
-2.4523106,-3.864706,-4.7892313,0.2874445,-0.7772525,-0.55969131,0
3.3446894,-2.1109781,-0.60187817,0.39254928,0.62862104,-0.67137223,0
5.0794468,-1.9681013,0.68966246,0.87365949,-0.02672413,0.48580357,0
2.0676994,2.7206244,3.0966156,0.39254928,0.62862104,-0.67137223,0
-4.3933864,0.99060994,-1.9622605,-0.87365949,0.02672413,-0.48580357,0
-4.3212962,-1.119105,-2.7074416,-0.87365949,0.02672413,-0.48580357,0
3.1705599,-0.69329381,1.8192433,-0.39254928,-0.62862104,0.67137223,0
-1.2827779,-0.13382745,-0.16148579,-0.39254928,-0.62862104,0.67137223,0
3.7411013,1.1483268,3.9425433,0.87365949,-0.02672413,0.48580357,0
-1.3704519,-3.7349129,-4.5497065,0.2874445,-0.7772525,-0.55969131,0
3.4601729,-3.7669146,-2.1246605,0.2874445,-0.7772525,-0.55969131,0
5.0712223,-3.4536867,0.22949648,-0.39254928,-0.62862104,0.67137223,0
-3.2734623,1.730057,0.53087902,-0.39254928,-0.62862104,0.67137223,0
2.8098819,-3.9227612,-1.2474604,-0.39254928,-0.62862104,0.67137223,0
0.33643985,4.0485501,3.2474718,-0.2874445,0.7772525,0.55969131,0
-2.1222081,3.3981776,1.3510418,0.39254928,0.62862104,-0.67137223,0
1.5810099,2.9395275,4.3493719,-0.39254928,-0.62862104,0.67137223,0
-3.4102931,-1.5789983,-4.0014763,-0.87365949,0.02672413,-0.48580357,0
-0.6382308,3.7181942,3.1674137,-0.2874445,0.7772525,0.55969131,0
1.2088094,2.3903365,2.1298177,0.39254928,0.62862104,-0.67137223,0
0.73831999,-4.0178308,-3.1197472,0.2874445,-0.7772525,-0.55969131,0
-3.1681123,-2.705997,-4.4200673,-0.87365949,0.02672413,-0.48580357,0
2.4715424,3.4711022,5.1164403,-0.2874445,0.7772525,0.55969131,0
-5.1535454,1.6021518,-0.89865279,-0.87365949,0.02672413,-0.48580357,0
3.1221552,2.5723996,4.7734976,0.87365949,-0.02672413,0.48580357,0
3.4094424,1.1275244,3.9269478,0.87365949,-0.02672413,0.48580357,0
2.218411,3.5820613,5.2512875,-0.2874445,0.7772525,0.55969131,0
-4.9397602,1.3281835,-1.1229208,-0.87365949,0.02672413,-0.48580357,0
3.5721583,-2.5779765,0.34591389,-0.39254928,-0.62862104,0.67137223,0
-2.6630254,-3.9399774,-4.7778807,0.2874445,-0.7772525,-0.55969131,0
-3.645422,-0.30104285,-1.831567,-0.39254928,-0.62862104,0.67137223,0
2.2362702,-0.78393471,-0.32921386,0.39254928,0.62862104,-0.67137223,0
-2.6095524,3.7611322,0.99820614,0.39254928,0.62862104,-0.67137223,0
3.7175155,0.3381111,3.2266338,0.87365949,-0.02672413,0.48580357,0
0.62113309,-4.0872226,-2.9545021,0.2874445,-0.7772525,-0.55969131,0
-2.0446177,-3.804235,-4.4934196,0.2874445,-0.7772525,-0.55969131,0
-4.4041357,-0.54246348,-2.1947093,-0.87365949,0.02672413,-0.48580357,0
-0.92152894,3.9677527,2.651154,-0.2874445,0.7772525,0.55969131,0
2.5456696,-3.2673662,-2.2256398,0.39254928,0.62862104,-0.67137223,0
3.0293517,-4.1569757,-1.3026319,-0.39254928,-0.62862104,0.67137223,0
-1.9991441,-3.644681,-5.2366815,0.2874445,-0.7772525,-0.55969131,0
3.0251837,3.7761536,5.0046682,0.87365949,-0.02672413,0.48580357,0
-1.9378686,-3.9115582,-4.6921663,0.2874445,-0.7772525,-0.55969131,0
3.1531758,2.5438466,4.5584192,0.87365949,-0.02672413,0.48580357,0
4.6662383,-2.2528174,1.1256943,-0.39254928,-0.62862104,0.67137223,0
0.39494324,2.9112675,3.9494717,-0.39254928,-0.62862104,0.67137223,0
4.8651104,-3.8681331,-0.98734188,0.2874445,-0.7772525,-0.55969131,0
3.6839395,1.7666801,3.7825913,0.87365949,-0.02672413,0.48580357,0
1.3116136,3.9146369,3.9046712,-0.2874445,0.7772525,0.55969131,0
2.3446331,3.8567932,4.553051,-0.2874445,0.7772525,0.55969131,0
1.689981,3.7095218,4.8807077,-0.2874445,0.7772525,0.55969131,0
-1.3658216,3.5249667,3.0132217,-0.2874445,0.7772525,0.55969131,0
5.6775761,-4.1404791,-0.56953907,0.2874445,-0.7772525,-0.55969131,0
3.1435494,2.9337926,4.3906832,0.87365949,-0.02672413,0.48580357,0
5.2852306,-4.1222844,-0.37885618,0.2874445,-0.7772525,-0.55969131,0
0.38794994,0.69986087,0.27731356,0.39254928,0.62862104,-0.67137223,0
-3.6469741,-2.221657,-3.577626,-0.87365949,0.02672413,-0.48580357,0
0.77460575,4.0777359,3.6734877,-0.2874445,0.7772525,0.55969131,0
-2.7792859,3.833776,2.2408562,-0.2874445,0.7772525,0.55969131,0
4.0053191,0.31402713,2.7511334,0.87365949,-0.02672413,0.48580357,0
-3.1631336,-0.19457763,-2.8409781,0.39254928,0.62862104,-0.67137223,0
-1.2461612,4.2200365,2.5090752,-0.2874445,0.7772525,0.55969131,0
-3.8392391,-1.0664308,-3.5697589,-0.87365949,0.02672413,-0.48580357,0
-2.1912022,-3.6048594,-4.8647299,0.2874445,-0.7772525,-0.55969131,0
2.1366732,-1.513835,-0.78660822,0.39254928,0.62862104,-0.67137223,0
-3.26824,-3.3286386,-4.9816427,-0.87365949,0.02672413,-0.48580357,0
2.9726224,3.3698859,4.9507055,0.87365949,-0.02672413,0.48580357,0
-3.0260329,3.7563994,1.9207401,-0.2874445,0.7772525,0.55969131,0
5.2019377,-2.0480349,0.96104622,0.87365949,-0.02672413,0.48580357,0
-0.63753271,-1.3207027,-2.6283407,0.39254928,0.62862104,-0.67137223,0
4.5607085,-0.82062793,2.2173402,0.87365949,-0.02672413,0.48580357,0
1.8087964,2.9246011,4.3358879,-0.39254928,-0.62862104,0.67137223,0
-3.2730155,-2.0794911,-3.2497783,-0.39254928,-0.62862104,0.67137223,0
4.4842606,-0.44101435,2.1006663,0.87365949,-0.02672413,0.48580357,0
-0.22075009,2.9197264,3.2454879,-0.39254928,-0.62862104,0.67137223,0
5.6521006,-4.1887112,-0.38695049,0.2874445,-0.7772525,-0.55969131,0
1.7767901,3.8389871,4.3646336,-0.2874445,0.7772525,0.55969131,0
5.0580101,-1.3062859,1.4999909,0.87365949,-0.02672413,0.48580357,0
1.512966,-3.8056128,-2.9708009,0.2874445,-0.7772525,-0.55969131,0
2.0365238,3.4808011,5.0203686,-0.2874445,0.7772525,0.55969131,0
-1.2817638,4.2173691,2.7659178,-0.2874445,0.7772525,0.55969131,0
-3.7683439,2.5518174,0.63542509,-0.39254928,-0.62862104,0.67137223,0
-3.6590815,-2.445174,-3.981895,-0.87365949,0.02672413,-0.48580357,0
-3.388885,-3.2368741,-4.7089481,-0.87365949,0.02672413,-0.48580357,0
1.6829214,2.7617214,2.875576,0.39254928,0.62862104,-0.67137223,0
-0.32491779,-3.8110552,-3.5631108,0.2874445,-0.7772525,-0.55969131,0
-1.1147237,-4.1628523,-3.5436416,-0.39254928,-0.62862104,0.67137223,0
5.3633604,-4.1330342,-0.47993326,0.2874445,-0.7772525,-0.55969131,0
3.038599,4.0665312,5.0570126,0.87365949,-0.02672413,0.48580357,0
3.8237238,0.87363541,3.2963021,0.87365949,-0.02672413,0.48580357,0
-4.4273043,0.31588626,-1.7923913,-0.39254928,-0.62862104,0.67137223,0
4.8752871,-0.35088456,1.7477596,0.87365949,-0.02672413,0.48580357,0
2.9048791,-1.1977203,-0.088943958,0.39254928,0.62862104,-0.67137223,0
-4.9417439,2.0851984,-0.14373636,-0.39254928,-0.62862104,0.67137223,0
-2.7110085,-4.0857735,-4.9192834,0.2874445,-0.7772525,-0.55969131,0
3.1204488,-3.814671,-2.2305665,0.2874445,-0.7772525,-0.55969131,0
-3.7432532,-0.64194608,-3.1851654,-0.87365949,0.02672413,-0.48580357,0
-3.645267,-2.5299792,-3.7216544,-0.87365949,0.02672413,-0.48580357,0
3.0307708,2.8210454,4.6588364,0.87365949,-0.02672413,0.48580357,0
-0.00500229,-0.047294065,0.45312765,-0.39254928,-0.62862104,0.67137223,0
3.1131113,-0.32357198,2.1032033,-0.39254928,-0.62862104,0.67137223,0
1.2617817,3.7813799,4.4405479,-0.2874445,0.7772525,0.55969131,0
4.0929461,1.0302242,3.0744429,0.87365949,-0.02672413,0.48580357,0
-5.2014771,3.0234547,-0.92161798,-0.87365949,0.02672413,-0.48580357,0
0.64666009,-4.2521882,-2.8274593,-0.39254928,-0.62862104,0.67137223,0
-5.7177324,3.6627808,0.32171869,-0.87365949,0.02672413,-0.48580357,0
3.7769818,-3.6119199,-1.7605147,0.2874445,-0.7772525,-0.55969131,0
-4.571744,3.4776077,1.4859424,-0.39254928,-0.62862104,0.67137223,0
-1.3768721,-4.1943254,-4.0424781,0.2874445,-0.7772525,-0.55969131,0
-3.3430064,3.7403154,1.7891197,-0.2874445,0.7772525,0.55969131,0
-5.8524761,3.5133038,0.16722727,-0.87365949,0.02672413,-0.48580357,0
-3.7866864,3.520839,0.3071537,0.39254928,0.62862104,-0.67137223,0
3.3739605,2.1736536,4.0825171,0.87365949,-0.02672413,0.48580357,0
-4.9750795,1.9030387,-0.85404682,-0.87365949,0.02672413,-0.48580357,0
-0.15746079,0.66751176,-0.16771647,0.39254928,0.62862104,-0.67137223,0
3.1901197,2.647052,5.0406137,0.87365949,-0.02672413,0.48580357,0
-4.2011843,0.13649714,-2.3688979,-0.87365949,0.02672413,-0.48580357,0
2.8839865,3.8883362,4.8331938,-0.2874445,0.7772525,0.55969131,0
-1.4712639,-4.0615678,-4.157095,0.2874445,-0.7772525,-0.55969131,0
-2.8106382,2.2528944,0.95343852,-0.39254928,-0.62862104,0.67137223,0
-3.2249374,-2.3570843,-4.559515,-0.87365949,0.02672413,-0.48580357,0
4.229538,0.017663836,1.9887549,0.39254928,0.62862104,-0.67137223,0
0.75838387,-1.7206172,-1.6993535,0.39254928,0.62862104,-0.67137223,0
2.5959988,1.0019296,1.7010641,0.39254928,0.62862104,-0.67137223,0
5.9052849,-4.0200858,-0.14963627,0.87365949,-0.02672413,0.48580357,0
2.0367498,-3.4500363,-1.4795442,-0.39254928,-0.62862104,0.67137223,0
-5.1586885,4.4613166,0.38746166,-0.2874445,0.7772525,0.55969131,0
2.5336874,-0.53116679,0.12911308,0.39254928,0.62862104,-0.67137223,0
-1.9375515,-3.7986641,-3.6604185,-0.39254928,-0.62862104,0.67137223,0
-5.5804605,4.2193074,-0.053984642,-0.87365949,0.02672413,-0.48580357,0
-4.3350935,0.49509549,-2.3315969,-0.87365949,0.02672413,-0.48580357,0
3.5108428,1.731586,4.2485533,0.87365949,-0.02672413,0.48580357,0
-5.6210556,3.6396737,-0.36749506,-0.87365949,0.02672413,-0.48580357,0
4.6758423,-0.80498302,1.7135329,0.87365949,-0.02672413,0.48580357,0
4.4159555,0.19083107,2.6522336,0.87365949,-0.02672413,0.48580357,0
-3.3177066,-2.2945094,-4.626534,-0.87365949,0.02672413,-0.48580357,0
0.419415,3.187978,3.9272518,-0.39254928,-0.62862104,0.67137223,0
5.6669369,-2.2008862,0.33524466,0.87365949,-0.02672413,0.48580357,0
-2.4587417,3.849643,2.177772,-0.2874445,0.7772525,0.55969131,0
4.0263495,0.62639809,3.081852,0.87365949,-0.02672413,0.48580357,0
3.7357998,1.8672205,3.5348773,0.87365949,-0.02672413,0.48580357,0
-1.2810588,4.0822015,2.8621492,-0.2874445,0.7772525,0.55969131,0
3.2685614,3.3854022,4.6214352,0.87365949,-0.02672413,0.48580357,0
-2.2998204,3.7446632,2.2620978,-0.2874445,0.7772525,0.55969131,0
3.5050416,1.0722142,3.7139158,0.87365949,-0.02672413,0.48580357,0
0.89381737,-1.1514628,0.4529708,-0.39254928,-0.62862104,0.67137223,0
-0.23350358,-0.93740642,0.013097346,-0.39254928,-0.62862104,0.67137223,0
5.6584001,-3.8488402,-0.38873434,0.87365949,-0.02672413,0.48580357,0
0.16075003,0.94341004,1.8970232,-0.39254928,-0.62862104,0.67137223,0
-4.6409945,1.1478214,-2.0449522,-0.87365949,0.02672413,-0.48580357,0
2.5343556,1.2613913,3.1494522,-0.39254928,-0.62862104,0.67137223,0
-3.1419511,-2.5535645,-5.0309467,-0.87365949,0.02672413,-0.48580357,0
2.674633,-4.0124688,-2.176208,0.2874445,-0.7772525,-0.55969131,0
2.4548097,2.2802763,4.258697,-0.39254928,-0.62862104,0.67137223,0
-5.9891462,3.7448153,0.50299025,-0.2874445,0.7772525,0.55969131,0
1.2947574,3.9066665,3.9641423,-0.2874445,0.7772525,0.55969131,0
5.2663965,-2.2983344,0.86541462,0.87365949,-0.02672413,0.48580357,0
0.77543902,-2.3433189,-1.0031803,-0.39254928,-0.62862104,0.67137223,0
-5.6118755,2.919138,-0.21289158,-0.87365949,0.02672413,-0.48580357,0
5.2508097,-1.4032705,1.0472405,0.87365949,-0.02672413,0.48580357,0
-4.0560379,-0.95449954,-3.2485816,-0.87365949,0.02672413,-0.48580357,0
-3.8842826,-0.90726227,-2.2239621,-0.39254928,-0.62862104,0.67137223,0
-4.626153,0.53890717,-1.9423952,-0.87365949,0.02672413,-0.48580357,0
-1.0942435,-4.0330982,-4.0092611,0.2874445,-0.7772525,-0.55969131,0
1.077494,-3.7154105,-3.0557566,0.2874445,-0.7772525,-0.55969131,0
-2.1973162,4.0963602,2.2748189,-0.2874445,0.7772525,0.55969131,0
3.6568627,2.1366074,3.7445116,0.87365949,-0.02672413,0.48580357,0
5.4990368,-2.9783845,-0.15455723,0.87365949,-0.02672413,0.48580357,0
-2.3050103,-2.7193246,-4.6778898,0.39254928,0.62862104,-0.67137223,0
-1.7841654,-3.435616,-5.2124624,0.2874445,-0.7772525,-0.55969131,0
-4.9343157,1.5876826,-1.2176301,-0.87365949,0.02672413,-0.48580357,0
-4.442111,-0.27494603,-2.6241012,-0.87365949,0.02672413,-0.48580357,0
-1.1815767,-1.3097577,-1.2610364,-0.39254928,-0.62862104,0.67137223,0
-1.9760858,3.5151486,2.7644019,-0.39254928,-0.62862104,0.67137223,0
-4.4262595,0.36260176,-2.4454288,-0.87365949,0.02672413,-0.48580357,0
5.2785134,-2.5814259,0.53724241,0.87365949,-0.02672413,0.48580357,0
5.0961561,-2.5813618,0.71803236,0.87365949,-0.02672413,0.48580357,0
4.7791815,-0.37709069,1.9124231,0.87365949,-0.02672413,0.48580357,0
5.1815681,-2.3322546,1.0083556,0.87365949,-0.02672413,0.48580357,0
2.5064461,-4.1930966,-1.4215941,-0.39254928,-0.62862104,0.67137223,0
2.4407334,-4.0674839,-1.738235,0.2874445,-0.7772525,-0.55969131,0
0.28843379,3.6508832,3.7361021,-0.2874445,0.7772525,0.55969131,0
4.798048,-0.4338249,1.9013579,0.87365949,-0.02672413,0.48580357,0
5.3233914,-2.9634852,0.82197332,0.87365949,-0.02672413,0.48580357,0
5.2800875,-2.7794478,0.55156851,0.87365949,-0.02672413,0.48580357,0
-5.4180169,2.6135082,-0.55927944,-0.87365949,0.02672413,-0.48580357,0
3.5444646,-0.23690727,2.4226556,-0.39254928,-0.62862104,0.67137223,0
3.5677032,1.6587473,3.7367382,0.87365949,-0.02672413,0.48580357,0
-4.352859,1.412277,-1.7658881,0.39254928,0.62862104,-0.67137223,0
-3.3025019,2.5894239,-0.20365953,0.39254928,0.62862104,-0.67137223,0
-1.5137515,-3.8528779,-4.4411926,0.2874445,-0.7772525,-0.55969131,0
3.3716934,-3.7823753,-1.9362078,0.2874445,-0.7772525,-0.55969131,0
-2.3040433,-3.1489184,-3.6282108,-0.39254928,-0.62862104,0.67137223,0
4.329082,0.35385203,2.5228121,0.87365949,-0.02672413,0.48580357,0
-2.7097313,3.6576214,2.2184377,-0.2874445,0.7772525,0.55969131,0
0.088925362,4.111269,3.4775796,-0.2874445,0.7772525,0.55969131,0
1.3077384,0.27553114,0.28342313,0.39254928,0.62862104,-0.67137223,0
4.2095318,-3.7725077,-1.6246018,0.2874445,-0.7772525,-0.55969131,0
-4.2499099,-0.23805726,-2.6661594,-0.87365949,0.02672413,-0.48580357,0
-5.3173275,2.2666004,-0.63674355,-0.87365949,0.02672413,-0.48580357,0
1.4816518,3.7997808,4.5225163,-0.2874445,0.7772525,0.55969131,0
-3.7134542,-1.4539225,-3.9287755,-0.87365949,0.02672413,-0.48580357,0
3.9790077,0.36091644,2.799808,0.87365949,-0.02672413,0.48580357,0
5.7248149,-3.8157122,0.11290836,0.87365949,-0.02672413,0.48580357,0
-1.2799473,-3.5989325,-4.7201881,0.2874445,-0.7772525,-0.55969131,0
-3.3398352,4.109581,1.1877809,-0.2874445,0.7772525,0.55969131,0
4.1308346,-0.30063045,1.1795355,0.39254928,0.62862104,-0.67137223,0
5.8484197,-3.5186055,-0.43112898,0.87365949,-0.02672413,0.48580357,0
-4.9096794,1.5542384,-1.0196698,-0.87365949,0.02672413,-0.48580357,0
-3.6668811,-2.4722342,-4.0906224,-0.87365949,0.02672413,-0.48580357,0
4.2848692,-3.6141438,-0.37934923,-0.39254928,-0.62862104,0.67137223,0
4.9927711,-1.9152559,0.14395142,0.39254928,0.62862104,-0.67137223,0
-4.2707133,1.2045212,-2.1153924,0.39254928,0.62862104,-0.67137223,0
-1.1472207,0.95806205,-0.63183922,0.39254928,0.62862104,-0.67137223,0
-1.6472937,3.9879422,2.3120027,-0.2874445,0.7772525,0.55969131,0
-2.9372234,-3.5217934,-5.3379688,-0.87365949,0.02672413,-0.48580357,0
-3.0263505,-3.2850423,-4.7460938,-0.87365949,0.02672413,-0.48580357,0
0.21643257,-3.4762769,-3.8585649,0.2874445,-0.7772525,-0.55969131,0
-0.23294139,3.9837279,3.1927738,-0.2874445,0.7772525,0.55969131,0
-5.1955614,2.9144852,-0.72345924,-0.87365949,0.02672413,-0.48580357,0
1.8575234,3.7560263,4.638958,-0.2874445,0.7772525,0.55969131,0
4.2440081,-4.2845469,-0.73092413,0.2874445,-0.7772525,-0.55969131,0
1.8147979,3.0330184,4.7564316,-0.39254928,-0.62862104,0.67137223,0
-2.9618917,3.8457346,2.0852637,-0.2874445,0.7772525,0.55969131,0
-2.7119598,-3.9742022,-4.9441833,0.2874445,-0.7772525,-0.55969131,0
5.4031506,-2.5219638,0.38475609,0.87365949,-0.02672413,0.48580357,0
-2.552218,-3.5871024,-4.99124,0.2874445,-0.7772525,-0.55969131,0
-3.6916306,2.4800038,-0.58815074,0.39254928,0.62862104,-0.67137223,0
-5.0860662,2.4006035,-0.62484694,-0.87365949,0.02672413,-0.48580357,0
-4.073585,-0.20194304,-3.2356129,-0.87365949,0.02672413,-0.48580357,0
-2.2028427,-0.20816708,-2.1477971,0.39254928,0.62862104,-0.67137223,0
4.0083785,0.64558804,2.9176583,0.87365949,-0.02672413,0.48580357,0
2.7422671,2.0569909,2.628279,0.39254928,0.62862104,-0.67137223,0
2.1185241,-4.1259289,-2.2111444,0.2874445,-0.7772525,-0.55969131,0
-5.0487838,4.1977005,0.76971436,-0.2874445,0.7772525,0.55969131,0
3.602726,-3.1000106,-1.5904746,0.39254928,0.62862104,-0.67137223,0
-3.544724,-2.0577519,-3.9195037,-0.87365949,0.02672413,-0.48580357,0
3.1610227,-0.82004821,1.9794098,-0.39254928,-0.62862104,0.67137223,0
5.2748804,-1.3700564,1.0942354,0.87365949,-0.02672413,0.48580357,0
4.2285528,-4.4271531,-0.84233189,0.2874445,-0.7772525,-0.55969131,0
1.955143,2.8908403,4.505362,-0.39254928,-0.62862104,0.67137223,0
3.6289201,2.4639485,3.9831696,0.87365949,-0.02672413,0.48580357,0
-3.4123397,3.9826181,1.396081,-0.2874445,0.7772525,0.55969131,0
-3.5813379,-1.6324191,-3.8378572,-0.87365949,0.02672413,-0.48580357,0
0.059243441,3.8493776,3.3944221,-0.2874445,0.7772525,0.55969131,0
-2.4119058,-3.0678298,-4.8801384,0.39254928,0.62862104,-0.67137223,0
3.6349187,2.4900107,4.037734,0.87365949,-0.02672413,0.48580357,0
2.5189948,3.9520187,4.5960751,-0.2874445,0.7772525,0.55969131,0
3.051137,1.0830566,3.5684233,-0.39254928,-0.62862104,0.67137223,0
-5.4348402,3.7694039,0.66605663,-0.2874445,0.7772525,0.55969131,0
-3.5517883,-2.2266569,-3.3750532,-0.39254928,-0.62862104,0.67137223,0
-3.2114506,-2.764322,-4.7881355,-0.87365949,0.02672413,-0.48580357,0
-0.35515666,-4.1504316,-3.4717383,0.2874445,-0.7772525,-0.55969131,0
1.6866803,-2.2414498,-0.28167629,-0.39254928,-0.62862104,0.67137223,0
-4.4623394,3.811868,1.1861119,-0.2874445,0.7772525,0.55969131,0
-2.378809,-0.82216829,-3.0302038,0.39254928,0.62862104,-0.67137223,0
4.5715818,-3.8122399,-1.3330045,0.2874445,-0.7772525,-0.55969131,0
-1.7753882,2.4111581,0.5611043,0.39254928,0.62862104,-0.67137223,0
5.0015526,-1.170578,1.3844757,0.87365949,-0.02672413,0.48580357,0
-3.5718904,-3.0383077,-4.1995254,-0.87365949,0.02672413,-0.48580357,0
-4.3765497,4.0851231,1.1203494,-0.2874445,0.7772525,0.55969131,0
-5.6722393,4.0636015,0.51539516,-0.2874445,0.7772525,0.55969131,0
5.1573048,-3.5345473,-1.2191935,0.2874445,-0.7772525,-0.55969131,0
-5.5724936,3.5640712,-0.22731972,-0.87365949,0.02672413,-0.48580357,0
1.7943237,-1.9232874,-1.2551455,0.39254928,0.62862104,-0.67137223,0
0.75341213,-1.1238948,-1.4322013,0.39254928,0.62862104,-0.67137223,0
3.1667252,3.5202675,4.4964848,0.87365949,-0.02672413,0.48580357,0
4.4741821,-3.8499026,-1.3523855,0.2874445,-0.7772525,-0.55969131,0
-4.8788004,3.9277964,1.3180451,-0.2874445,0.7772525,0.55969131,0
1.4580021,0.38561174,1.7491328,-0.39254928,-0.62862104,0.67137223,0
0.98161221,3.1455038,4.4329805,-0.39254928,-0.62862104,0.67137223,0
0.79690492,-3.8036835,-3.0515652,0.2874445,-0.7772525,-0.55969131,0
-0.87101495,1.1173443,-0.31450611,0.39254928,0.62862104,-0.67137223,0
5.3260469,-4.2950325,-0.38772345,0.2874445,-0.7772525,-0.55969131,0
-1.4890536,4.0476418,2.3018904,-0.2874445,0.7772525,0.55969131,0
-5.3094625,3.2553153,0.81831169,-0.39254928,-0.62862104,0.67137223,0
-0.43655252,-3.6076717,-3.9816904,0.2874445,-0.7772525,-0.55969131,0
-3.2478352,-2.7348828,-4.2872009,-0.87365949,0.02672413,-0.48580357,0
4.353261,-0.96896219,2.3661633,0.87365949,-0.02672413,0.48580357,0
-1.6577518,-0.45439348,-2.1592917,0.39254928,0.62862104,-0.67137223,0
5.4766893,-2.5301759,0.5808835,0.87365949,-0.02672413,0.48580357,0
5.1040163,-3.6298923,-0.96523571,0.2874445,-0.7772525,-0.55969131,0
3.7241216,1.2403882,3.7414324,0.87365949,-0.02672413,0.48580357,0
3.6581259,2.1443026,3.8095779,0.87365949,-0.02672413,0.48580357,0
-1.3182162,0.64973557,0.35972977,-0.39254928,-0.62862104,0.67137223,0
-3.6960711,-1.5138685,-4.0803294,-0.87365949,0.02672413,-0.48580357,0
0.33503366,-3.751442,-2.7863736,-0.39254928,-0.62862104,0.67137223,0
-3.4520459,-2.0789428,-4.0123949,-0.87365949,0.02672413,-0.48580357,0
-3.0016174,-3.4340086,-5.2169352,-0.87365949,0.02672413,-0.48580357,0
-1.8090396,-3.7123609,-4.9270473,0.2874445,-0.7772525,-0.55969131,0
3.6109211,-2.8750675,0.40667915,-0.39254928,-0.62862104,0.67137223,0
3.0425575,-0.57973087,2.2630842,-0.39254928,-0.62862104,0.67137223,0
-3.2507071,-1.8060241,-4.1933422,0.39254928,0.62862104,-0.67137223,0
-2.4501147,0.88500357,0.22163033,-0.39254928,-0.62862104,0.67137223,0
-1.1938255,0.24355796,-1.0948662,0.39254928,0.62862104,-0.67137223,0
-3.5181441,-1.7406259,-4.0179882,-0.87365949,0.02672413,-0.48580357,0
-3.287035,-3.5693369,-4.897706,-0.87365949,0.02672413,-0.48580357,0
5.4987249,-4.1831741,0.073073387,-0.39254928,-0.62862104,0.67137223,0
5.1207423,-3.2017188,-0.84543753,0.39254928,0.62862104,-0.67137223,0
1.0073839,-3.521425,-3.3529038,0.2874445,-0.7772525,-0.55969131,0
1.9608054,3.620225,5.0768824,-0.2874445,0.7772525,0.55969131,0
-3.0956712,-0.15732163,-2.8866875,0.39254928,0.62862104,-0.67137223,0
-3.1155725,-3.9959683,-4.6893139,-0.87365949,0.02672413,-0.48580357,0
-3.4839413,4.1064749,1.6811948,-0.2874445,0.7772525,0.55969131,0
0.25545502,4.0655413,3.6472726,-0.2874445,0.7772525,0.55969131,0
3.7407708,1.2517259,3.9753778,0.87365949,-0.02672413,0.48580357,0
-3.9399025,3.9757757,1.3545313,-0.2874445,0.7772525,0.55969131,0
-4.2297697,-1.0054448,-3.0462377,-0.87365949,0.02672413,-0.48580357,0
-4.4511814,0.80280173,-2.4971619,-0.87365949,0.02672413,-0.48580357,0
-4.5572047,0.096062064,-2.2718227,-0.87365949,0.02672413,-0.48580357,0
-1.1470985,-3.0617824,-4.5265732,0.39254928,0.62862104,-0.67137223,0
3.3718238,1.739342,4.1345758,0.87365949,-0.02672413,0.48580357,0
5.1604996,-4.03372,-1.0385871,0.2874445,-0.7772525,-0.55969131,0
3.4005477,-4.1235228,-0.86518145,-0.39254928,-0.62862104,0.67137223,0
-4.5215216,-0.2870189,-2.3652949,-0.87365949,0.02672413,-0.48580357,0
-0.0076217651,-3.8263612,-3.3549857,0.2874445,-0.7772525,-0.55969131,0
4.2720795,0.90649998,2.8455884,0.87365949,-0.02672413,0.48580357,0
-2.0074041,-0.75112563,-2.7539494,0.39254928,0.62862104,-0.67137223,0
2.3647575,-3.1898801,-0.81720209,-0.39254928,-0.62862104,0.67137223,0
-0.69218063,-3.7341313,-3.1050711,-0.39254928,-0.62862104,0.67137223,0
3.504477,0.93693781,3.6202767,-0.39254928,-0.62862104,0.67137223,0
0.81759453,-3.467212,-3.7193494,0.2874445,-0.7772525,-0.55969131,0
-0.76003885,3.8912725,3.4419065,-0.2874445,0.7772525,0.55969131,0
-4.6286922,0.6370703,-2.0975533,-0.87365949,0.02672413,-0.48580357,0
4.7032475,-0.22796655,1.7877777,0.87365949,-0.02672413,0.48580357,0
5.1207094,-3.6855745,-1.2239504,0.2874445,-0.7772525,-0.55969131,0
0.40574932,3.6991851,4.3154964,-0.2874445,0.7772525,0.55969131,0
-4.9316111,3.759316,0.86555338,-0.2874445,0.7772525,0.55969131,0
-4.5323873,0.26715672,-1.792418,-0.87365949,0.02672413,-0.48580357,0
0.39764094,4.0882587,3.379787,-0.2874445,0.7772525,0.55969131,0
4.4930582,-1.3562288,0.52303433,0.39254928,0.62862104,-0.67137223,0
-4.0617137,-0.81730998,-2.7225542,-0.87365949,0.02672413,-0.48580357,0
3.022737,-3.7824831,-2.4286575,0.2874445,-0.7772525,-0.55969131,0
0.308604,-3.6171834,-2.5815063,-0.39254928,-0.62862104,0.67137223,0
0.094449997,-3.3331025,-3.5866828,0.39254928,0.62862104,-0.67137223,0
0.66452789,-3.2081039,-2.1381934,-0.39254928,-0.62862104,0.67137223,0
-2.453383,-3.4337282,-3.6207659,-0.39254928,-0.62862104,0.67137223,0
2.260977,1.5676746,1.8158442,0.39254928,0.62862104,-0.67137223,0
1.6208704,-3.6587632,-3.0857644,0.2874445,-0.7772525,-0.55969131,0
-5.0224009,2.1792712,-0.81361794,-0.87365949,0.02672413,-0.48580357,0
-0.90897846,-3.5033336,-3.26598,-0.39254928,-0.62862104,0.67137223,0
0.68659878,3.8529189,3.7305412,-0.2874445,0.7772525,0.55969131,0
3.8439786,-4.2910576,-1.2489924,-0.39254928,-0.62862104,0.67137223,0
-1.1252589,3.7925,2.7856483,-0.2874445,0.7772525,0.55969131,0
4.5930276,-4.1656084,-0.97285509,0.2874445,-0.7772525,-0.55969131,0
-4.6776023,0.29057503,-2.1876743,-0.87365949,0.02672413,-0.48580357,0
3.5545387,-4.013133,-1.8169804,0.2874445,-0.7772525,-0.55969131,0
3.4440341,2.9440136,4.4206009,0.87365949,-0.02672413,0.48580357,0
1.3853593,0.012390286,1.8194298,-0.39254928,-0.62862104,0.67137223,0
0.1491354,-0.8873958,0.25649247,-0.39254928,-0.62862104,0.67137223,0
-3.1042671,-3.4356303,-4.6251011,-0.87365949,0.02672413,-0.48580357,0
-2.8937693,2.5442231,1.6020956,-0.39254928,-0.62862104,0.67137223,0
1.4152219,-3.9481604,-2.9445376,0.2874445,-0.7772525,-0.55969131,0
2.5739007,3.6293814,5.4496899,-0.2874445,0.7772525,0.55969131,0
5.0751085,-4.0992193,-0.77572775,0.2874445,-0.7772525,-0.55969131,0
-0.17240381,-3.6378071,-4.1061502,0.2874445,-0.7772525,-0.55969131,0
-0.1428287,3.7226791,3.6124058,-0.2874445,0.7772525,0.55969131,0
3.4271932,2.458396,4.5226622,0.87365949,-0.02672413,0.48580357,0
1.6343448,-4.0324693,-2.3466654,-0.39254928,-0.62862104,0.67137223,0
-2.9382873,-1.6111276,-2.3597574,-0.39254928,-0.62862104,0.67137223,0
4.1731114,0.69534475,2.961309,0.87365949,-0.02672413,0.48580357,0
-0.83044386,-0.65398085,-2.0221074,0.39254928,0.62862104,-0.67137223,0
-4.2545791,0.43391913,-2.3369405,-0.87365949,0.02672413,-0.48580357,0
-4.463551,1.4037186,-1.8716999,-0.87365949,0.02672413,-0.48580357,0
2.4608068,2.1900387,3.9392638,-0.39254928,-0.62862104,0.67137223,0
-2.8104787,-3.6181045,-5.402997,-0.87365949,0.02672413,-0.48580357,0
-4.697896,1.7617697,-1.6733103,-0.87365949,0.02672413,-0.48580357,0
1.6605287,-1.2975508,-1.0141425,0.39254928,0.62862104,-0.67137223,0
-0.070462227,-3.8139925,-3.354445,0.2874445,-0.7772525,-0.55969131,0
1.3953431,-3.9091806,-2.5409193,0.2874445,-0.7772525,-0.55969131,0
5.3009281,-1.8146708,0.90287733,0.87365949,-0.02672413,0.48580357,0
4.6534753,-1.2831291,2.0965369,0.87365949,-0.02672413,0.48580357,0
4.3099704,1.4246161,2.8367972,0.39254928,0.62862104,-0.67137223,0
-4.2459874,3.9335828,1.4060764,-0.2874445,0.7772525,0.55969131,0
-0.1072247,-2.8730576,-1.8936644,-0.39254928,-0.62862104,0.67137223,0
-0.20806268,-0.81077337,-0.26719302,-0.39254928,-0.62862104,0.67137223,0
-2.1676426,3.5500824,2.6272712,-0.39254928,-0.62862104,0.67137223,0
1.7707715,3.7324181,4.6632795,-0.2874445,0.7772525,0.55969131,0
-3.3412843,3.8481774,1.9987993,-0.2874445,0.7772525,0.55969131,0
5.1454287,-3.4400625,0.46576452,0.87365949,-0.02672413,0.48580357,0
1.133698,3.8523855,4.2052684,-0.2874445,0.7772525,0.55969131,0
1.1992002,-4.250524,-2.6471877,0.2874445,-0.7772525,-0.55969131,0
5.7408271,-3.6224818,0.03766489,0.87365949,-0.02672413,0.48580357,0
-3.754775,-2.6231098,-4.0689521,-0.87365949,0.02672413,-0.48580357,0
-4.5717068,0.30933392,-1.8007643,-0.87365949,0.02672413,-0.48580357,0
5.4254026,-2.4256725,0.70928955,0.87365949,-0.02672413,0.48580357,0
2.8748865,0.39930883,2.9743257,-0.39254928,-0.62862104,0.67137223,0
-3.9172897,-0.73035067,-3.1956878,-0.87365949,0.02672413,-0.48580357,0
5.7522898,-3.3342834,-0.12319279,0.87365949,-0.02672413,0.48580357,0
-5.3323507,3.7605588,1.0282559,-0.2874445,0.7772525,0.55969131,0
3.6830716,1.9728615,3.8447592,0.87365949,-0.02672413,0.48580357,0
3.6998484,-3.9790399,-1.5535216,0.2874445,-0.7772525,-0.55969131,0
3.5206251,-3.9452176,-1.5911317,0.2874445,-0.7772525,-0.55969131,0
-5.6753483,2.9315186,-0.13971519,-0.87365949,0.02672413,-0.48580357,0
4.6428103,-2.0850706,1.4307091,0.87365949,-0.02672413,0.48580357,0
4.0083461,1.1218053,3.0205231,0.87365949,-0.02672413,0.48580357,0
-1.7099111,3.7779348,3.0801845,-0.2874445,0.7772525,0.55969131,0
-4.4775014,1.3806716,-1.9471178,-0.87365949,0.02672413,-0.48580357,0
-3.2315931,2.3579373,-0.46331573,0.39254928,0.62862104,-0.67137223,0
2.7177949,-3.836396,-1.1398058,-0.39254928,-0.62862104,0.67137223,0
-3.4081366,3.5233932,2.1359978,-0.39254928,-0.62862104,0.67137223,0
5.1021833,-2.7392154,0.74922228,0.87365949,-0.02672413,0.48580357,0
1.6394932,-1.7564957,0.00053524971,-0.39254928,-0.62862104,0.67137223,0
3.4958577,-4.2678342,-1.5626297,0.2874445,-0.7772525,-0.55969131,0
-0.62446082,1.8327454,0.44463611,0.39254928,0.62862104,-0.67137223,0
-4.7753439,1.6550233,-1.6088524,-0.87365949,0.02672413,-0.48580357,0
5.7095957,-3.3743775,-0.223454,0.87365949,-0.02672413,0.48580357,0
-3.3226566,-2.4429097,-4.2001057,-0.87365949,0.02672413,-0.48580357,0
5.1688647,-1.3172386,1.0032718,0.39254928,0.62862104,-0.67137223,0
-5.0270095,2.3880148,-1.1663558,-0.87365949,0.02672413,-0.48580357,0
-1.0168755,-3.0261269,-2.5030682,-0.39254928,-0.62862104,0.67137223,0
-2.3997025,-3.477536,-5.2806168,0.2874445,-0.7772525,-0.55969131,0
4.5483122,-3.0512748,0.69021368,-0.39254928,-0.62862104,0.67137223,0
2.1229548,3.8739848,4.9404969,-0.2874445,0.7772525,0.55969131,0
0.43123865,-4.1820326,-2.7123842,0.2874445,-0.7772525,-0.55969131,0
3.3460109,-3.4786496,-2.1211486,0.2874445,-0.7772525,-0.55969131,0
3.3900366,3.058599,4.4441495,0.87365949,-0.02672413,0.48580357,0
-3.7684975,-1.752718,-3.7374594,-0.87365949,0.02672413,-0.48580357,0
-4.2515759,3.8146491,0.41677999,0.39254928,0.62862104,-0.67137223,0
5.5945187,-3.8153136,-0.20156288,0.87365949,-0.02672413,0.48580357,0
4.0886841,0.67279011,2.6169412,0.87365949,-0.02672413,0.48580357,0
-0.65834677,2.4057679,2.3960135,-0.39254928,-0.62862104,0.67137223,0
5.4193325,-2.8082318,0.3553009,0.87365949,-0.02672413,0.48580357,0
0.65598071,-1.3121332,-1.401449,0.39254928,0.62862104,-0.67137223,0
-3.6730185,-1.6878537,-3.1140692,-0.39254928,-0.62862104,0.67137223,0
-2.1474085,1.5629134,-0.63105047,0.39254928,0.62862104,-0.67137223,0
-3.3711526,4.1818295,1.2952504,-0.2874445,0.7772525,0.55969131,0
-3.6589937,3.7328465,1.7511129,-0.2874445,0.7772525,0.55969131,0
-5.2534752,2.8896666,-0.72707367,-0.87365949,0.02672413,-0.48580357,0
-5.009078,1.6740899,-1.0505056,-0.87365949,0.02672413,-0.48580357,0
5.1129904,-1.9481455,1.0240064,0.87365949,-0.02672413,0.48580357,0
-5.4196129,3.3012514,-0.40544415,-0.87365949,0.02672413,-0.48580357,0
-1.0988398,-1.4015911,-2.8198009,0.39254928,0.62862104,-0.67137223,0
-3.4946208,-2.3098407,-4.0143909,-0.87365949,0.02672413,-0.48580357,0
4.751441,-0.63313413,2.113878,0.87365949,-0.02672413,0.48580357,0
1.3997359,3.7798076,4.5897002,-0.2874445,0.7772525,0.55969131,0
2.1425977,-3.5149405,-1.5537252,-0.39254928,-0.62862104,0.67137223,0
2.9445968,2.0904775,2.8496265,0.39254928,0.62862104,-0.67137223,0
-4.4837866,0.37140757,-2.5671484,-0.87365949,0.02672413,-0.48580357,0
-2.0492611,-3.7616143,-4.6554799,0.2874445,-0.7772525,-0.55969131,0
-3.7389679,0.57455999,-2.5223267,0.39254928,0.62862104,-0.67137223,0
-3.1820819,0.33974442,-2.1167207,0.39254928,0.62862104,-0.67137223,0
0.87102652,-3.6983395,-3.1413946,0.2874445,-0.7772525,-0.55969131,0
-5.5037761,4.0718875,0.067820549,-0.87365949,0.02672413,-0.48580357,0
-3.7855752,3.6663008,0.46569014,0.39254928,0.62862104,-0.67137223,0
5.3926506,-3.7303054,0.033035278,0.87365949,-0.02672413,0.48580357,0
4.3662095,-0.43321574,1.6680918,0.39254928,0.62862104,-0.67137223,0
0.5921042,-4.1520147,-3.2032166,0.2874445,-0.7772525,-0.55969131,0
4.7796416,-2.330404,1.322993,0.87365949,-0.02672413,0.48580357,0
3.2812753,1.6710294,2.936295,0.39254928,0.62862104,-0.67137223,0
-3.0436821,-2.8448095,-4.6027975,-0.87365949,0.02672413,-0.48580357,0
0.20441175,-3.2219558,-1.9315085,-0.39254928,-0.62862104,0.67137223,0
3.2206995,-0.43219882,2.1172519,-0.39254928,-0.62862104,0.67137223,0
-0.67324305,4.1631799,2.9680552,-0.2874445,0.7772525,0.55969131,0
1.4599042,0.63213325,2.2726808,-0.39254928,-0.62862104,0.67137223,0
-1.3209076,3.6016808,3.1417556,-0.2874445,0.7772525,0.55969131,0
-5.1431189,2.066237,-0.64715719,-0.87365949,0.02672413,-0.48580357,0
-4.4167781,0.46553206,-2.3672373,-0.87365949,0.02672413,-0.48580357,0
1.4252095,3.696141,4.286314,-0.2874445,0.7772525,0.55969131,0
-0.98420572,-4.034328,-3.8059533,0.2874445,-0.7772525,-0.55969131,0
-3.2830911,-3.3226371,-4.7186675,-0.87365949,0.02672413,-0.48580357,0
4.558733,-1.7590326,1.9401985,0.87365949,-0.02672413,0.48580357,0
3.9315755,-3.7929156,-1.6574168,0.2874445,-0.7772525,-0.55969131,0
3.1575968,-2.0434089,0.62862444,-0.39254928,-0.62862104,0.67137223,0
2.8333952,-2.1801813,0.50505114,-0.39254928,-0.62862104,0.67137223,0
-4.1919689,0.16355783,-2.7497368,-0.87365949,0.02672413,-0.48580357,0
-1.5612297,-3.9582644,-4.180253,0.2874445,-0.7772525,-0.55969131,0
1.8171118,-1.4385934,0.3180002,-0.39254928,-0.62862104,0.67137223,0
0.15459633,4.0084662,3.6494951,-0.2874445,0.7772525,0.55969131,0
1.3839443,-3.9446142,-2.8946052,0.2874445,-0.7772525,-0.55969131,0
-4.3431158,0.018507004,-2.2219021,-0.87365949,0.02672413,-0.48580357,0
5.2619276,-2.5451288,0.5498991,0.87365949,-0.02672413,0.48580357,0
4.2370672,-0.67853516,2.4400158,0.87365949,-0.02672413,0.48580357,0
4.4369903,-0.87523621,2.0156434,0.87365949,-0.02672413,0.48580357,0
-4.0525374,-0.5807631,-3.0123653,-0.87365949,0.02672413,-0.48580357,0
4.2813334,0.57387137,2.4608335,0.87365949,-0.02672413,0.48580357,0
5.1672516,-2.9471836,0.80968904,0.87365949,-0.02672413,0.48580357,0
2.20225,3.6087229,4.8626614,-0.2874445,0.7772525,0.55969131,0
-2.8419037,-3.8041501,-5.028831,0.2874445,-0.7772525,-0.55969131,0
-3.8429806,3.3621278,0.28345442,0.39254928,0.62862104,-0.67137223,0
1.2531799,-3.7732797,-1.8564749,-0.39254928,-0.62862104,0.67137223,0
-5.282135,3.0715725,-0.70653343,-0.87365949,0.02672413,-0.48580357,0
4.0871019,-4.0059662,-0.96980524,0.2874445,-0.7772525,-0.55969131,0
3.1384668,2.7150784,5.2043457,0.87365949,-0.02672413,0.48580357,0
4.9420376,-1.7413517,1.295135,0.87365949,-0.02672413,0.48580357,0
-1.8164339,3.7274976,2.7485466,-0.2874445,0.7772525,0.55969131,0
-3.0779934,0.47358775,-2.0810819,0.39254928,0.62862104,-0.67137223,0
3.048851,3.188046,5.362957,0.87365949,-0.02672413,0.48580357,0
-5.2411551,4.0670505,0.3874898,-0.2874445,0.7772525,0.55969131,0
3.7458153,1.3358369,3.4249427,0.87365949,-0.02672413,0.48580357,0
-5.0379782,2.2210586,-0.83052731,-0.87365949,0.02672413,-0.48580357,0
-2.1368499,2.480855,0.44386601,0.39254928,0.62862104,-0.67137223,0
5.3684235,-3.4533975,0.72605085,0.87365949,-0.02672413,0.48580357,0
0.57925606,3.6761763,4.4581318,-0.2874445,0.7772525,0.55969131,0
-4.6642551,0.96146417,-1.6934274,-0.87365949,0.02672413,-0.48580357,0
-5.4802599,4.2768846,0.47991514,-0.2874445,0.7772525,0.55969131,0
5.0662584,-1.8657953,0.82339239,0.87365949,-0.02672413,0.48580357,0
0.85674524,2.2839296,3.4250536,-0.39254928,-0.62862104,0.67137223,0
2.1260524,3.6094532,4.6565676,-0.2874445,0.7772525,0.55969131,0
1.3131468,-0.45929128,1.0087354,-0.39254928,-0.62862104,0.67137223,0
-2.3074069,4.0493369,1.8554525,-0.2874445,0.7772525,0.55969131,0
5.0255785,-2.5139232,0.73471355,0.87365949,-0.02672413,0.48580357,0
-1.0783343,-4.1270819,-3.848316,0.2874445,-0.7772525,-0.55969131,0
5.1391263,-1.7064116,1.3293819,0.87365949,-0.02672413,0.48580357,0
-3.3130431,0.85860443,-0.57149827,-0.39254928,-0.62862104,0.67137223,0
4.3932614,-0.75538731,1.3012034,0.39254928,0.62862104,-0.67137223,0
-3.1523218,-3.6346831,-4.998414,-0.87365949,0.02672413,-0.48580357,0
-0.7568779,3.6857839,3.6223669,-0.2874445,0.7772525,0.55969131,0
5.0250158,-2.7976375,-0.20114851,0.39254928,0.62862104,-0.67137223,0
5.5044298,-3.6930602,0.12446165,0.87365949,-0.02672413,0.48580357,0
-3.5660563,-2.7899003,-3.758117,-0.87365949,0.02672413,-0.48580357,0
3.6892023,0.42197543,3.1584082,-0.39254928,-0.62862104,0.67137223,0
3.062849,2.546428,4.5338573,0.87365949,-0.02672413,0.48580357,0
-2.6626515,4.0771427,1.6127877,-0.2874445,0.7772525,0.55969131,0
3.1841993,2.8682437,5.0294185,0.87365949,-0.02672413,0.48580357,0
5.1849294,-3.0091321,0.66261673,0.87365949,-0.02672413,0.48580357,0
2.7094717,4.0423012,4.5903568,-0.2874445,0.7772525,0.55969131,0
-5.7869787,3.8747888,-0.018597126,-0.87365949,0.02672413,-0.48580357,0
-1.1007557,-3.0071161,-4.4396143,0.39254928,0.62862104,-0.67137223,0
2.2658582,3.9383168,4.5573683,-0.2874445,0.7772525,0.55969131,0
5.3502932,-2.8640304,0.90582895,0.87365949,-0.02672413,0.48580357,0
0.13154209,1.9232073,1.1481986,0.39254928,0.62862104,-0.67137223,0
2.573396,-0.97604388,0.031594038,0.39254928,0.62862104,-0.67137223,0
-4.4807124,3.4936118,1.4464173,-0.2874445,0.7772525,0.55969131,0
0.80009389,-3.9641852,-2.8650436,0.2874445,-0.7772525,-0.55969131,0
2.6430285,1.2271774,2.1445074,0.39254928,0.62862104,-0.67137223,0
1.9898477,4.0872493,4.6150126,-0.2874445,0.7772525,0.55969131,0
-1.0422348,1.17328,1.4568093,-0.39254928,-0.62862104,0.67137223,0
4.0340943,1.7263453,3.1196854,0.87365949,-0.02672413,0.48580357,0
3.1470671,3.1239867,4.7665739,0.87365949,-0.02672413,0.48580357,0
-4.6633968,2.8708858,-1.0364256,0.39254928,0.62862104,-0.67137223,0
4.69559,-3.957623,-1.0127883,0.2874445,-0.7772525,-0.55969131,0
4.5054264,-4.2286325,-0.49267101,0.2874445,-0.7772525,-0.55969131,0
-3.3219976,2.5603075,1.3386354,-0.39254928,-0.62862104,0.67137223,0
-0.98741341,-3.9148874,-3.7109985,0.2874445,-0.7772525,-0.55969131,0
1.52285,3.3253508,4.745995,-0.2874445,0.7772525,0.55969131,0
-5.4995785,3.2748258,-0.45888662,-0.87365949,0.02672413,-0.48580357,0
-3.3088503,-2.3733332,-4.2972565,-0.87365949,0.02672413,-0.48580357,0
1.4223895,-3.3722339,-1.5560427,-0.39254928,-0.62862104,0.67137223,0
5.1836934,-3.5735054,0.32683563,-0.39254928,-0.62862104,0.67137223,0
0.64089668,1.3915148,1.0506338,0.39254928,0.62862104,-0.67137223,0
-1.1796051,1.280808,-0.16773069,0.39254928,0.62862104,-0.67137223,0
-1.6976782,0.43575215,-0.10433698,-0.39254928,-0.62862104,0.67137223,0
1.602502,-0.29670984,-0.3371309,0.39254928,0.62862104,-0.67137223,0
-0.14278412,3.6238399,3.6475844,-0.2874445,0.7772525,0.55969131,0
-0.4922986,-4.0365806,-3.5370955,0.2874445,-0.7772525,-0.55969131,0
3.0161061,3.2870152,5.2967033,0.87365949,-0.02672413,0.48580357,0
-3.9105108,3.7487471,0.61357546,0.39254928,0.62862104,-0.67137223,0
-1.9083767,-3.8214073,-4.479641,0.2874445,-0.7772525,-0.55969131,0
4.0744553,-1.7000911,1.4337264,-0.39254928,-0.62862104,0.67137223,0
4.08675,0.82246363,3.0939093,0.87365949,-0.02672413,0.48580357,0
-0.66483474,2.767266,1.3472455,0.39254928,0.62862104,-0.67137223,0
-5.011045,2.4697397,-1.0240085,-0.87365949,0.02672413,-0.48580357,0
-4.9461803,0.77105594,-1.5838,-0.87365949,0.02672413,-0.48580357,0
-2.1382012,-2.2448659,-4.0060215,0.39254928,0.62862104,-0.67137223,0
-2.9277062,-3.5741096,-5.4509201,-0.87365949,0.02672413,-0.48580357,0
-3.9596684,3.6564782,1.600491,-0.2874445,0.7772525,0.55969131,0
4.7984014,-0.80269098,1.6372361,0.87365949,-0.02672413,0.48580357,0
-1.8160166,3.1065822,1.1649599,0.39254928,0.62862104,-0.67137223,0
1.305975,-4.0630417,-2.8427792,0.2874445,-0.7772525,-0.55969131,0
-0.094932795,-3.8746085,-3.4920726,0.2874445,-0.7772525,-0.55969131,0
3.2907705,2.6869476,4.7556372,0.87365949,-0.02672413,0.48580357,0
4.5801516,-1.2037637,1.8620585,0.87365949,-0.02672413,0.48580357,0
-0.15955091,-4.0961685,-3.5817223,0.2874445,-0.7772525,-0.55969131,0
-5.1233983,0.91909635,-1.3320429,-0.87365949,0.02672413,-0.48580357,0
4.0023303,1.6547277,3.536273,0.87365949,-0.02672413,0.48580357,0
4.768939,-2.4986477,-0.17687988,0.39254928,0.62862104,-0.67137223,0
0.25290108,4.2004218,3.0495691,0.39254928,0.62862104,-0.67137223,0
-1.4310675,1.4766353,-0.17364264,0.39254928,0.62862104,-0.67137223,0
-3.2792983,-0.19285882,-1.4919676,-0.39254928,-0.62862104,0.67137223,0
-5.4539576,3.1335163,-0.11868715,-0.87365949,0.02672413,-0.48580357,0
3.5402112,2.4559665,3.7969069,0.87365949,-0.02672413,0.48580357,0
-0.56029058,-2.24123,-3.2039509,0.39254928,0.62862104,-0.67137223,0
2.1288924,0.44251966,0.95570737,0.39254928,0.62862104,-0.67137223,0
5.1895862,-2.2403979,0.80554628,0.87365949,-0.02672413,0.48580357,0
-1.3459191,-2.9776533,-4.0716305,0.39254928,0.62862104,-0.67137223,0
-4.9791584,1.282761,-1.311183,-0.87365949,0.02672413,-0.48580357,0
-0.60228354,0.10062718,0.71698511,-0.39254928,-0.62862104,0.67137223,0
0.33617485,1.8920735,1.4722234,0.39254928,0.62862104,-0.67137223,0
2.510447,2.7607148,3.2152529,0.39254928,0.62862104,-0.67137223,0
-1.6607373,-2.8763862,-2.6305902,-0.39254928,-0.62862104,0.67137223,0
2.6889582,-3.6286263,-2.7705541,0.2874445,-0.7772525,-0.55969131,0
-2.6172013,-3.7525444,-5.0496044,0.2874445,-0.7772525,-0.55969131,0
1.3632658,-3.7326181,-3.391017,0.2874445,-0.7772525,-0.55969131,0
