-0.03752017,-1.2455734,-0.13322085,-0.32678103,-0.83632302,0.44020218,0
0.059143901,0.8780902,-0.97656161,0.32678103,0.83632302,-0.44020218,0
-0.70197576,0.95049155,-0.0050520319,-0.62349844,0.54080546,0.56460541,0
0.21035005,0.33491272,1.8083073,0.71025616,0.089963078,0.69817102,0
-1.075475,0.15047419,-0.89794493,-0.71025616,-0.089963078,-0.69817102,0
0.07619977,-0.88687694,0.54213345,-0.32678103,-0.83632302,0.44020218,0
0.99199706,0.93157804,0.074560046,0.32678103,0.83632302,-0.44020218,0
-0.058042765,-1.4361856,-0.14195234,-0.32678103,-0.83632302,0.44020218,0
-0.23142934,0.45058751,-1.8153946,-0.71025616,-0.089963078,-0.69817102,0
-1.371726,-0.8898589,-0.0073393583,-0.32678103,-0.83632302,0.44020218,0
1.9772371,0.58455253,0.28868914,0.71025616,0.089963078,0.69817102,0
-0.8920151,0.15574038,-0.9837327,-0.71025616,-0.089963078,-0.69817102,0
-0.46687731,0.28677145,-1.5515707,-0.71025616,-0.089963078,-0.69817102,0
0.17413461,0.98133713,1.0963867,-0.62349844,0.54080546,0.56460541,0
-1.7857609,-0.74566877,-0.40216637,-0.71025616,-0.089963078,-0.69817102,0
-1.5580816,0.045881271,-0.50218993,-0.71025616,-0.089963078,-0.69817102,0
1.7184609,0.70599437,0.33363283,0.32678103,0.83632302,-0.44020218,0
1.7215315,0.61493349,-0.034465432,0.32678103,0.83632302,-0.44020218,0
0.65874314,0.73143882,1.4122771,0.71025616,0.089963078,0.69817102,0
-0.2801224,1.1795943,0.017325819,0.32678103,0.83632302,-0.44020218,0
-1.3699435,1.1003174,-0.68402386,-0.62349844,0.54080546,0.56460541,0
-1.495647,-1.0698532,-0.58949482,-0.32678103,-0.83632302,0.44020218,0
0.85370582,0.64190382,1.1113818,0.71025616,0.089963078,0.69817102,0
1.0878897,0.71786249,-0.16028827,0.32678103,0.83632302,-0.44020218,0
2.1096065,0.17957377,0.1912837,0.71025616,0.089963078,0.69817102,0
-0.34000868,0.20640653,-1.7182204,0.32678103,0.83632302,-0.44020218,0
1.3044394,-0.85286784,1.0407569,0.71025616,0.089963078,0.69817102,0
-1.5554059,-0.74338019,-0.1018151,-0.32678103,-0.83632302,0.44020218,0
-0.10331714,-1.2710079,0.0010060668,-0.32678103,-0.83632302,0.44020218,0
-1.3327118,0.65539336,-0.6223073,-0.71025616,-0.089963078,-0.69817102,0
-0.57106352,-0.71743339,-1.213291,-0.71025616,-0.089963078,-0.69817102,0
1.5137945,-0.84837842,0.80010885,0.71025616,0.089963078,0.69817102,0
-0.63266706,-0.22614571,-1.5066296,-0.71025616,-0.089963078,-0.69817102,0
-0.70716155,0.97865218,-0.21733201,-0.62349844,0.54080546,0.56460541,0
0.046650827,0.5300746,1.4794587,-0.62349844,0.54080546,0.56460541,0
-0.13299644,-1.0658991,-0.832564,0.62349844,-0.54080546,-0.56460541,0
-0.54532546,-0.53391707,0.565952,-0.32678103,-0.83632302,0.44020218,0
-0.15874466,0.44741249,1.428095,-0.62349844,0.54080546,0.56460541,0
1.3749207,1.0615026,0.71865487,0.32678103,0.83632302,-0.44020218,0
0.67091233,-0.71388888,-0.69931251,0.62349844,-0.54080546,-0.56460541,0
1.2931074,0.0070141554,1.084523,0.71025616,0.089963078,0.69817102,0
-1.1466241,0.60049117,-1.0722554,-0.71025616,-0.089963078,-0.69817102,0
-1.1986413,1.1100159,-0.8438046,-0.62349844,0.54080546,0.56460541,0
0.99144602,0.21506369,-0.71997499,0.32678103,0.83632302,-0.44020218,0
1.8187058,-0.17104888,0.59219915,0.71025616,0.089963078,0.69817102,0
0.6106742,0.44138098,-0.98164701,0.32678103,0.83632302,-0.44020218,0
-1.0552763,-0.52176964,0.73621356,-0.32678103,-0.83632302,0.44020218,0
1.5804825,0.13787067,0.5887922,0.71025616,0.089963078,0.69817102,0
0.7206614,-0.30684996,-0.61020857,0.62349844,-0.54080546,-0.56460541,0
1.2666779,0.65185261,0.95135766,0.71025616,0.089963078,0.69817102,0
1.3719237,0.14928043,0.55366194,0.71025616,0.089963078,0.69817102,0
-1.3653491,-0.77016771,-0.011248112,-0.32678103,-0.83632302,0.44020218,0
0.70316124,-0.26287675,-0.88162482,0.62349844,-0.54080546,-0.56460541,0
-0.0054261684,1.1749189,-0.15182438,0.32678103,0.83632302,-0.44020218,0
-1.3083909,1.0079625,-0.93865675,-0.71025616,-0.089963078,-0.69817102,0
0.56398356,1.2335236,1.3631996,-0.62349844,0.54080546,0.56460541,0
-0.87916136,-1.0667667,-0.24682933,-0.32678103,-0.83632302,0.44020218,0
1.2773027,-0.50518912,0.86135185,0.71025616,0.089963078,0.69817102,0
0.85240608,-0.39118969,1.0621974,0.71025616,0.089963078,0.69817102,0
-1.5900875,0.45830607,-0.28425699,-0.62349844,0.54080546,0.56460541,0
-0.13621007,0.04513073,1.7552506,-0.62349844,0.54080546,0.56460541,0
1.2245334,-0.51593053,0.77053142,0.71025616,0.089963078,0.69817102,0
0.94726408,1.2379825,0.62742466,0.32678103,0.83632302,-0.44020218,0
-1.3313425,-0.95933783,-0.64856243,-0.71025616,-0.089963078,-0.69817102,0
-0.5611974,-0.59660566,-1.6147584,-0.71025616,-0.089963078,-0.69817102,0
-0.14443767,0.91665065,-1.02795,0.32678103,0.83632302,-0.44020218,0
-1.1094642,0.17690051,0.045458972,-0.62349844,0.54080546,0.56460541,0
-0.46033585,-0.66927361,-1.5778631,-0.71025616,-0.089963078,-0.69817102,0
-1.2700803,-0.26737058,-0.911075,-0.71025616,-0.089963078,-0.69817102,0
0.92873347,0.72703469,0.15403193,0.32678103,0.83632302,-0.44020218,0
-0.9606986,-0.29956901,0.93964756,-0.32678103,-0.83632302,0.44020218,0
0.52978957,-0.54626381,1.338433,-0.32678103,-0.83632302,0.44020218,0
-0.11748445,-1.3219299,-0.12218231,-0.32678103,-0.83632302,0.44020218,0
1.2094221,-0.92452043,0.70317286,0.62349844,-0.54080546,-0.56460541,0
1.3792777,0.6748473,0.61319983,0.71025616,0.089963078,0.69817102,0
-0.30416286,1.1595758,0.27992201,-0.62349844,0.54080546,0.56460541,0
-0.18496042,-0.73903167,-1.4045064,0.62349844,-0.54080546,-0.56460541,0
-1.3807889,-0.12398636,-0.84773749,-0.71025616,-0.089963078,-0.69817102,0
-1.3222241,-0.80349791,-0.52156365,-0.32678103,-0.83632302,0.44020218,0
0.019359887,-0.48633134,-1.1840668,0.62349844,-0.54080546,-0.56460541,0
0.47029963,-0.5100807,-1.0611255,0.62349844,-0.54080546,-0.56460541,0
-1.1556408,0.35246253,0.34439135,-0.62349844,0.54080546,0.56460541,0
0.19009507,-0.96101195,0.49029273,-0.32678103,-0.83632302,0.44020218,0
-1.3356068,-0.5206328,-0.66362607,-0.71025616,-0.089963078,-0.69817102,0
0.76144063,1.2912471,1.1280372,0.71025616,0.089963078,0.69817102,0
1.4462944,0.3147819,-0.39613175,0.32678103,0.83632302,-0.44020218,0
0.26361176,0.2698887,-1.1428092,0.32678103,0.83632302,-0.44020218,0
-1.1790059,0.51455665,-0.87457037,-0.71025616,-0.089963078,-0.69817102,0
-1.1431429,0.1431095,-1.057552,-0.71025616,-0.089963078,-0.69817102,0
-0.81413847,-0.30416667,0.97987449,-0.32678103,-0.83632302,0.44020218,0
0.8191154,-0.083315283,1.5711716,0.71025616,0.089963078,0.69817102,0
-0.62893194,0.37060231,-1.8032053,-0.71025616,-0.089963078,-0.69817102,0
-0.47149634,1.3225051,-0.13940907,-0.62349844,0.54080546,0.56460541,0
0.58847666,-0.012159705,-1.3893696,0.62349844,-0.54080546,-0.56460541,0
-0.74610269,0.25772452,-1.2272236,-0.71025616,-0.089963078,-0.69817102,0
-0.33204299,0.79093963,0.38375479,-0.62349844,0.54080546,0.56460541,0
-1.8768842,-0.51193535,0.19187188,-0.32678103,-0.83632302,0.44020218,0
0.23760816,-0.39993143,-1.1996163,0.62349844,-0.54080546,-0.56460541,0
-1.4785012,0.25145352,-0.44596583,-0.71025616,-0.089963078,-0.69817102,0
-0.035196304,0.56815952,-1.2479303,0.32678103,0.83632302,-0.44020218,0
0.12106612,0.1227175,-1.584555,0.32678103,0.83632302,-0.44020218,0
-0.48786438,-1.3523693,-1.0243189,-0.32678103,-0.83632302,0.44020218,0
1.6255412,0.73617607,0.30548549,0.32678103,0.83632302,-0.44020218,0
0.77104235,1.299652,0.93909377,0.71025616,0.089963078,0.69817102,0
0.025642872,0.69251859,1.4821811,-0.62349844,0.54080546,0.56460541,0
0.74368072,1.185575,0.52041721,0.32678103,0.83632302,-0.44020218,0
0.26168871,1.2104321,0.38156384,0.32678103,0.83632302,-0.44020218,0
-0.40607578,0.90899765,-1.1273054,0.32678103,0.83632302,-0.44020218,0
-1.5151954,0.41936588,-0.58969134,-0.71025616,-0.089963078,-0.69817102,0
-1.7920295,-0.46184337,0.27571487,-0.32678103,-0.83632302,0.44020218,0
0.4781394,-0.8083874,-0.25370595,0.62349844,-0.54080546,-0.56460541,0
-0.88366878,-1.1697199,-1.271741,-0.71025616,-0.089963078,-0.69817102,0
1.2193885,0.65891826,-0.142295,0.32678103,0.83632302,-0.44020218,0
-1.5144773,0.089354157,-0.41570717,-0.71025616,-0.089963078,-0.69817102,0
0.859272,1.1743224,0.3852703,0.32678103,0.83632302,-0.44020218,0
-2.0821283,-0.24382317,-0.16868639,-0.71025616,-0.089963078,-0.69817102,0
-0.5268842,-0.65714496,-1.571465,-0.71025616,-0.089963078,-0.69817102,0
-1.6032431,0.048621535,0.13958567,-0.62349844,0.54080546,0.56460541,0
0.51980966,0.76074946,-0.53601319,0.32678103,0.83632302,-0.44020218,0
-0.82944739,0.43581238,-1.2867848,-0.71025616,-0.089963078,-0.69817102,0
-0.86396515,-0.29825115,0.81226033,-0.62349844,0.54080546,0.56460541,0
-1.5123165,0.074473262,-0.54214376,-0.71025616,-0.089963078,-0.69817102,0
0.090249658,-1.18584,-0.27110216,-0.32678103,-0.83632302,0.44020218,0
-1.5593559,-0.28285062,-0.54265898,-0.71025616,-0.089963078,-0.69817102,0
-0.74874568,-0.058246866,-1.5310944,-0.71025616,-0.089963078,-0.69817102,0
-1.8240516,-0.33320498,-0.47469997,-0.71025616,-0.089963078,-0.69817102,0
1.3574414,0.55527472,-0.45478338,0.32678103,0.83632302,-0.44020218,0
1.391198,-0.13341331,0.59675419,0.71025616,0.089963078,0.69817102,0
-0.74006301,-0.80746663,-1.5333409,-0.71025616,-0.089963078,-0.69817102,0
0.8854658,0.34015346,-0.92164528,0.62349844,-0.54080546,-0.56460541,0
-0.59701878,0.20428687,-1.8004839,-0.71025616,-0.089963078,-0.69817102,0
1.7907865,-0.15448046,0.32354748,0.62349844,-0.54080546,-0.56460541,0
-0.28322816,-0.47376788,-1.7372462,-0.71025616,-0.089963078,-0.69817102,0
-1.2799529,-0.097632289,-0.77736014,-0.71025616,-0.089963078,-0.69817102,0
1.353537,-0.27346861,1.0049918,0.71025616,0.089963078,0.69817102,0
1.1495026,0.77293742,0.24435359,0.32678103,0.83632302,-0.44020218,0
0.45255327,-0.39405227,-0.57501209,0.62349844,-0.54080546,-0.56460541,0
0.32091999,0.77733678,-0.75036138,0.32678103,0.83632302,-0.44020218,0
-0.5233112,-0.019163907,-1.5834202,-0.71025616,-0.089963078,-0.69817102,0
-1.0141313,0.99385583,-1.2256088,0.32678103,0.83632302,-0.44020218,0
1.4059525,0.54853082,0.38546425,0.71025616,0.089963078,0.69817102,0
0.8121438,-0.29956391,1.3586339,0.71025616,0.089963078,0.69817102,0
-1.8375288,-0.025393367,-0.078352571,-0.71025616,-0.089963078,-0.69817102,0
-1.6177729,-0.22334445,0.42948413,-0.62349844,0.54080546,0.56460541,0
-0.43666863,-1.5019798,-0.53680384,-0.32678103,-0.83632302,0.44020218,0
-0.77492923,-0.58290404,-1.2147316,-0.71025616,-0.089963078,-0.69817102,0
-0.24873686,1.3254012,-0.39141044,0.32678103,0.83632302,-0.44020218,0
-0.47451907,0.004404068,1.4009774,-0.62349844,0.54080546,0.56460541,0
0.68472165,-1.0238525,0.86408705,-0.32678103,-0.83632302,0.44020218,0
-0.86624658,-1.4531199,-1.222819,-0.71025616,-0.089963078,-0.69817102,0
1.3220937,0.56224096,0.14385855,0.32678103,0.83632302,-0.44020218,0
1.1851249,0.3348695,-0.42248294,0.32678103,0.83632302,-0.44020218,0
0.92171186,-0.29373705,-0.72962844,0.62349844,-0.54080546,-0.56460541,0
1.0827186,-0.28556979,-0.49617362,0.62349844,-0.54080546,-0.56460541,0
-0.62841928,-0.037558079,-1.5002422,-0.71025616,-0.089963078,-0.69817102,0
-0.82532555,1.1840003,-0.26801524,0.32678103,0.83632302,-0.44020218,0
0.2843903,-0.49390632,-0.90808833,0.62349844,-0.54080546,-0.56460541,0
-0.045474887,1.3138671,0.0069420338,0.32678103,0.83632302,-0.44020218,0
-1.0230732,-0.75270355,-1.0551033,-0.71025616,-0.089963078,-0.69817102,0
0.93925184,-0.44514728,-0.2198457,0.62349844,-0.54080546,-0.56460541,0
1.2644125,0.018739343,0.94884193,0.71025616,0.089963078,0.69817102,0
0.56630504,-0.25861669,1.648343,0.71025616,0.089963078,0.69817102,0
-0.57606143,0.17896104,1.2535007,-0.62349844,0.54080546,0.56460541,0
1.9410707,0.12122333,0.22148836,0.71025616,0.089963078,0.69817102,0
-1.3726966,-0.64136863,0.15991396,-0.32678103,-0.83632302,0.44020218,0
0.14034864,-0.071600676,1.8695279,-0.62349844,0.54080546,0.56460541,0
0.12164368,-0.029309869,-1.8272648,0.62349844,-0.54080546,-0.56460541,0
0.71017611,-1.1407943,1.0481793,-0.32678103,-0.83632302,0.44020218,0
-1.3488505,-0.54730654,-0.11003178,-0.32678103,-0.83632302,0.44020218,0
0.57683474,-0.18493584,1.6321468,0.71025616,0.089963078,0.69817102,0
0.29179287,-0.70499408,-0.73219466,0.62349844,-0.54080546,-0.56460541,0
0.26674747,0.10070586,-1.4793169,0.32678103,0.83632302,-0.44020218,0
-1.0023196,-0.99673235,-1.2686369,-0.71025616,-0.089963078,-0.69817102,0
-1.6567731,-0.27379107,0.30475783,-0.32678103,-0.83632302,0.44020218,0
1.3595488,0.36107743,-0.48662406,0.32678103,0.83632302,-0.44020218,0
1.2589031,-0.24777055,-0.33708456,0.62349844,-0.54080546,-0.56460541,0
-1.5250336,0.022862554,-0.44247323,-0.71025616,-0.089963078,-0.69817102,0
-0.89144754,-0.54589212,-1.157715,-0.71025616,-0.089963078,-0.69817102,0
-0.98363853,-0.7384901,-0.9230268,-0.71025616,-0.089963078,-0.69817102,0
-0.69644105,-0.0021622032,-1.4706994,-0.71025616,-0.089963078,-0.69817102,0
-0.42003646,0.31231189,-1.7495744,-0.71025616,-0.089963078,-0.69817102,0
-1.5801644,0.45724738,-0.54370081,-0.71025616,-0.089963078,-0.69817102,0
0.41192812,0.091381788,-1.5324073,0.62349844,-0.54080546,-0.56460541,0
0.059696794,1.1612332,-0.10420033,0.32678103,0.83632302,-0.44020218,0
0.25395048,1.2909844,0.70845735,-0.62349844,0.54080546,0.56460541,0
-0.059214473,-0.99139863,0.75686038,-0.32678103,-0.83632302,0.44020218,0
-0.23549989,0.19936931,1.2521354,-0.62349844,0.54080546,0.56460541,0
-0.90427482,1.0189184,-1.1345714,0.32678103,0.83632302,-0.44020218,0
-0.4111855,-0.69121259,-1.7942555,0.62349844,-0.54080546,-0.56460541,0
0.47095928,-0.48772407,1.9273784,0.71025616,0.089963078,0.69817102,0
-0.06040287,-1.314549,-0.84969336,0.62349844,-0.54080546,-0.56460541,0
0.65629518,0.91573954,1.3214695,-0.62349844,0.54080546,0.56460541,0
1.5880654,0.3675344,-0.32684672,0.62349844,-0.54080546,-0.56460541,0
1.1572838,-0.76906317,0.34958363,0.62349844,-0.54080546,-0.56460541,0
1.1404996,0.01598388,0.88460648,0.71025616,0.089963078,0.69817102,0
-1.0103729,1.2759719,-0.41604424,-0.62349844,0.54080546,0.56460541,0
-1.4414017,-0.60103768,-0.6559605,-0.71025616,-0.089963078,-0.69817102,0
1.4096959,0.87787652,0.84781247,0.71025616,0.089963078,0.69817102,0
-0.26128554,1.177125,0.61634284,-0.62349844,0.54080546,0.56460541,0
-0.3741101,1.0957577,0.35391629,-0.62349844,0.54080546,0.56460541,0
-1.1835949,-0.92409539,-0.78438598,-0.32678103,-0.83632302,0.44020218,0
-1.6069655,0.42041349,-0.14617985,-0.62349844,0.54080546,0.56460541,0
-1.1012028,0.33622789,-0.94174635,-0.71025616,-0.089963078,-0.69817102,0
1.5248108,-0.77854693,0.33247194,0.62349844,-0.54080546,-0.56460541,0
-1.5208725,-0.36458826,-0.42601323,-0.71025616,-0.089963078,-0.69817102,0
-0.94146425,1.3315587,-0.50381207,0.32678103,0.83632302,-0.44020218,0
1.258899,-0.33184481,-0.37012345,0.62349844,-0.54080546,-0.56460541,0
-1.1015105,1.274166,-0.72663605,0.32678103,0.83632302,-0.44020218,0
-1.1533844,1.3919042,-0.55982149,-0.62349844,0.54080546,0.56460541,0
1.8234613,0.27745402,-0.027663827,0.62349844,-0.54080546,-0.56460541,0
0.51240182,-0.30681747,1.6219096,0.71025616,0.089963078,0.69817102,0
0.24541104,1.2573873,0.4993462,-0.62349844,0.54080546,0.56460541,0
-0.097239017,1.4231679,0.31144801,-0.62349844,0.54080546,0.56460541,0
-1.4803113,-0.29388851,-0.68186074,-0.71025616,-0.089963078,-0.69817102,0
-0.74218917,0.60895878,-1.2154126,-0.71025616,-0.089963078,-0.69817102,0
-0.95574945,-0.93337357,-1.2362437,-0.71025616,-0.089963078,-0.69817102,0
-0.28897643,-1.2441719,-0.67546618,0.62349844,-0.54080546,-0.56460541,0
-1.0188143,-0.76368904,0.42309475,-0.32678103,-0.83632302,0.44020218,0
-0.88821948,-0.51420188,0.49660313,-0.32678103,-0.83632302,0.44020218,0
-0.15860713,-1.3581953,-0.74088424,-0.32678103,-0.83632302,0.44020218,0
1.3968247,0.62768894,0.80538851,0.71025616,0.089963078,0.69817102,0
0.98420298,-0.47141457,-0.010443628,0.62349844,-0.54080546,-0.56460541,0
-0.59803545,0.67766595,-1.0158107,0.32678103,0.83632302,-0.44020218,0
0.91867387,1.0277864,0.057778776,0.32678103,0.83632302,-0.44020218,0
0.98039454,-0.55327237,-0.26431692,0.62349844,-0.54080546,-0.56460541,0
-1.1184468,-0.87655276,-1.0386107,-0.71025616,-0.089963078,-0.69817102,0
0.85660911,-0.98296905,0.85389072,-0.32678103,-0.83632302,0.44020218,0
0.90898061,0.38635087,-1.0649797,0.32678103,0.83632302,-0.44020218,0
-1.5696746,-0.10712886,-0.82278025,-0.71025616,-0.089963078,-0.69817102,0
-0.24260128,1.0170016,-0.095019236,0.32678103,0.83632302,-0.44020218,0
2.0284915,0.48413742,0.080882788,0.71025616,0.089963078,0.69817102,0
-0.98076612,-0.087776214,-1.0282652,-0.71025616,-0.089963078,-0.69817102,0
0.38613856,-1.3164868,0.19073179,-0.32678103,-0.83632302,0.44020218,0
-1.2421491,0.86093378,-0.8127405,-0.71025616,-0.089963078,-0.69817102,0
0.73462844,1.6436421,1.0797079,0.32678103,0.83632302,-0.44020218,0
0.34377778,-0.76921153,0.79019034,-0.32678103,-0.83632302,0.44020218,0
0.26889652,0.15795469,-1.5011072,0.62349844,-0.54080546,-0.56460541,0
1.3939023,-0.42351282,0.4024325,0.62349844,-0.54080546,-0.56460541,0
0.66893131,0.31687173,1.1908031,0.71025616,0.089963078,0.69817102,0
0.1334219,-0.21448308,1.8677193,0.71025616,0.089963078,0.69817102,0
1.5039976,0.16985178,0.57022715,0.71025616,0.089963078,0.69817102,0
-0.19257158,0.94970143,0.57665128,-0.62349844,0.54080546,0.56460541,0
0.068665981,0.72126484,-0.45132023,0.32678103,0.83632302,-0.44020218,0
-1.0715998,1.2549481,-0.35649389,-0.62349844,0.54080546,0.56460541,0
0.72114384,0.086761475,-1.3024007,0.62349844,-0.54080546,-0.56460541,0
0.74586809,1.0059385,0.34803021,0.32678103,0.83632302,-0.44020218,0
-0.18664479,0.66295105,0.97289443,-0.62349844,0.54080546,0.56460541,0
1.4766872,-0.44377553,0.37882781,0.62349844,-0.54080546,-0.56460541,0
-0.70672381,0.48097703,-1.6081765,0.32678103,0.83632302,-0.44020218,0
-1.1896355,-0.98906654,-0.35890985,-0.32678103,-0.83632302,0.44020218,0
-0.19494772,0.94463801,-0.26476398,0.32678103,0.83632302,-0.44020218,0
-1.4803618,-0.9847464,-0.34027469,-0.71025616,-0.089963078,-0.69817102,0
-0.54242194,1.1999493,-0.68857753,0.32678103,0.83632302,-0.44020218,0
-0.46989262,-1.1511495,-1.2923858,0.62349844,-0.54080546,-0.56460541,0
-1.0346057,-0.9608984,-0.74220383,-0.71025616,-0.089963078,-0.69817102,0
-0.27457029,0.45997167,-1.2932312,0.32678103,0.83632302,-0.44020218,0
1.756305,0.69061232,0.019706488,0.32678103,0.83632302,-0.44020218,0
-0.4923951,0.3074539,-1.9162067,-0.71025616,-0.089963078,-0.69817102,0
1.1211717,0.94413191,0.71035737,0.32678103,0.83632302,-0.44020218,0
-0.1018151,-1.1848769,0.051208377,-0.32678103,-0.83632302,0.44020218,0
1.0505337,0.55107051,-0.34801096,0.32678103,0.83632302,-0.44020218,0
0.69639033,0.84325522,1.5249935,0.71025616,0.089963078,0.69817102,0
1.0985835,0.80397928,0.46207803,0.32678103,0.83632302,-0.44020218,0
-1.1237791,-0.25306165,-1.1926647,-0.71025616,-0.089963078,-0.69817102,0
0.50754571,1.0219232,1.0535944,-0.62349844,0.54080546,0.56460541,0
1.1163273,1.0055168,0.80111229,0.32678103,0.83632302,-0.44020218,0
-0.65448964,-0.58262706,-1.4317329,-0.71025616,-0.089963078,-0.69817102,0
0.66258764,1.2597632,1.0213537,0.32678103,0.83632302,-0.44020218,0
0.51165557,1.3093259,1.3594053,0.71025616,0.089963078,0.69817102,0
1.1584454,-0.43726504,1.0569633,0.71025616,0.089963078,0.69817102,0
0.04185316,-0.22818887,1.8467565,-0.62349844,0.54080546,0.56460541,0
1.0714507,0.55671841,-0.43056092,0.32678103,0.83632302,-0.44020218,0
0.5925262,1.3793383,1.1227468,0.32678103,0.83632302,-0.44020218,0
-0.91231447,0.98072839,-1.1395608,0.32678103,0.83632302,-0.44020218,0
-0.74682313,-0.97105783,-1.2040257,-0.71025616,-0.089963078,-0.69817102,0
0.90895319,-0.17025052,1.1143698,0.71025616,0.089963078,0.69817102,0
0.092752963,-0.035258174,-1.6969584,0.62349844,-0.54080546,-0.56460541,0
-0.70156634,-0.81238168,-0.039745212,-0.32678103,-0.83632302,0.44020218,0
0.14940286,-1.0729306,0.15144558,-0.32678103,-0.83632302,0.44020218,0
1.155784,1.2435741,0.99991995,0.71025616,0.089963078,0.69817102,0
-0.65493488,0.76510072,0.42897019,-0.62349844,0.54080546,0.56460541,0
-1.3899133,0.41412663,-0.70197719,-0.71025616,-0.089963078,-0.69817102,0
0.11735117,-0.26917601,-1.4036723,0.62349844,-0.54080546,-0.56460541,0
0.39735848,0.7429406,-0.72930437,0.32678103,0.83632302,-0.44020218,0
-0.70297831,-0.30707651,-1.5729361,-0.71025616,-0.089963078,-0.69817102,0
0.88489169,0.74371099,-0.40572381,0.32678103,0.83632302,-0.44020218,0
0.28709823,0.33736098,-1.5996242,0.32678103,0.83632302,-0.44020218,0
0.64391857,0.58998173,-1.0074323,0.32678103,0.83632302,-0.44020218,0
0.41960382,1.5310992,0.61588168,0.32678103,0.83632302,-0.44020218,0
0.11365911,-0.041888356,-1.4047277,0.62349844,-0.54080546,-0.56460541,0
-0.54167819,0.26972914,-1.9106399,-0.71025616,-0.089963078,-0.69817102,0
1.4731591,0.75609106,0.26938879,0.32678103,0.83632302,-0.44020218,0
0.74337411,-1.1060275,-0.23092455,0.62349844,-0.54080546,-0.56460541,0
1.3934078,-0.86335397,0.71885324,0.71025616,0.089963078,0.69817102,0
0.47978702,-0.59332657,-0.48682886,0.62349844,-0.54080546,-0.56460541,0
-0.61202776,0.29786253,-1.7799829,-0.71025616,-0.089963078,-0.69817102,0
-0.32639235,0.38469136,1.3076674,-0.62349844,0.54080546,0.56460541,0
0.61098021,0.70944089,-0.8730616,0.32678103,0.83632302,-0.44020218,0
-0.6667226,0.94554681,-0.70695543,0.32678103,0.83632302,-0.44020218,0
1.1964647,0.38654673,-0.49380305,0.62349844,-0.54080546,-0.56460541,0
1.5135447,0.2952038,0.40837198,0.71025616,0.089963078,0.69817102,0
1.3375037,-1.1458125,1.1962808,0.71025616,0.089963078,0.69817102,0
1.5627372,0.046116948,0.74565279,0.71025616,0.089963078,0.69817102,0
-0.93637872,1.0927584,-0.89057887,0.32678103,0.83632302,-0.44020218,0
-0.90029597,-0.3481667,0.57994449,-0.32678103,-0.83632302,0.44020218,0
0.37017846,-1.3870782,0.21957758,-0.32678103,-0.83632302,0.44020218,0
0.48467028,-1.4207327,-0.04790467,0.62349844,-0.54080546,-0.56460541,0
-0.27692652,1.1502039,0.6546073,-0.62349844,0.54080546,0.56460541,0
-1.2214704,0.038297892,-0.99883127,-0.71025616,-0.089963078,-0.69817102,0
-0.73272955,0.68756318,0.29007232,-0.62349844,0.54080546,0.56460541,0
0.46197265,0.76053339,1.6747426,-0.62349844,0.54080546,0.56460541,0
-0.76859337,-0.19416933,-1.3506339,-0.71025616,-0.089963078,-0.69817102,0
1.6359125,0.50114942,0.56592286,0.71025616,0.089963078,0.69817102,0
-1.285084,-0.52694237,-0.10935658,-0.32678103,-0.83632302,0.44020218,0
-0.91149402,0.034929872,0.96330333,-0.62349844,0.54080546,0.56460541,0
-0.6186527,0.46024686,-1.3490922,-0.71025616,-0.089963078,-0.69817102,0
-1.1624432,0.55569673,0.21476871,-0.62349844,0.54080546,0.56460541,0
0.0014623404,1.0752275,0.51742357,-0.62349844,0.54080546,0.56460541,0
-0.02429235,-0.90933645,0.61848795,-0.32678103,-0.83632302,0.44020218,0
0.3184118,0.25382137,-1.7216805,0.32678103,0.83632302,-0.44020218,0
-0.13582361,-1.3358352,0.060539544,-0.32678103,-0.83632302,0.44020218,0
0.50161386,-0.49099863,-1.0673172,0.62349844,-0.54080546,-0.56460541,0
1.151454,0.42729509,-0.71929491,0.32678103,0.83632302,-0.44020218,0
-0.71164727,-1.4461181,-1.1976304,-0.71025616,-0.089963078,-0.69817102,0
-0.43461758,-0.52090001,0.52825898,-0.32678103,-0.83632302,0.44020218,0
0.77517319,1.3671598,1.3506072,0.71025616,0.089963078,0.69817102,0
0.36736852,0.02462697,1.6002589,0.71025616,0.089963078,0.69817102,0
-0.30624747,-0.83362788,-1.0419121,0.62349844,-0.54080546,-0.56460541,0
-0.6149841,-0.068256974,1.2935624,-0.62349844,0.54080546,0.56460541,0
-0.11616445,1.270834,0.19263086,0.32678103,0.83632302,-0.44020218,0
0.70414394,0.45526204,1.2501454,0.71025616,0.089963078,0.69817102,0
0.32028347,0.22867274,-1.9578407,0.32678103,0.83632302,-0.44020218,0
1.5475405,-0.33969998,0.37150908,0.71025616,0.089963078,0.69817102,0
1.8016551,-0.008146286,0.076693237,0.62349844,-0.54080546,-0.56460541,0
-0.09943974,-1.2760143,-0.056934118,-0.32678103,-0.83632302,0.44020218,0
-1.4587307,0.42662168,-0.730955,-0.71025616,-0.089963078,-0.69817102,0
0.089535475,0.90831786,-0.34799483,0.32678103,0.83632302,-0.44020218,0
1.3391234,-0.88333648,0.92708391,0.71025616,0.089963078,0.69817102,0
0.47979259,0.96556836,0.22881228,0.32678103,0.83632302,-0.44020218,0
0.40376765,-0.39950645,-1.2935801,0.62349844,-0.54080546,-0.56460541,0
-0.46032512,-1.1889665,-0.56276387,-0.32678103,-0.83632302,0.44020218,0
-1.5253835,0.45223677,-0.156322,-0.62349844,0.54080546,0.56460541,0
0.77256042,0.018480539,-1.2031875,0.62349844,-0.54080546,-0.56460541,0
0.17815694,0.11321539,1.7898445,0.71025616,0.089963078,0.69817102,0
-1.2323784,-0.46477225,-0.82330042,-0.71025616,-0.089963078,-0.69817102,0
0.62168413,-0.32599401,-0.84309649,0.62349844,-0.54080546,-0.56460541,0
-0.05402261,-0.28002954,-1.5747393,0.62349844,-0.54080546,-0.56460541,0
-0.48529476,1.0772662,0.0023626536,-0.62349844,0.54080546,0.56460541,0
-1.8275173,-0.58626187,-0.12721407,-0.71025616,-0.089963078,-0.69817102,0
-1.1114091,-0.48107564,0.64920187,-0.32678103,-0.83632302,0.44020218,0
1.7432972,0.56690431,0.17562342,0.32678103,0.83632302,-0.44020218,0
0.26468402,0.63291466,1.2453506,-0.62349844,0.54080546,0.56460541,0
0.18682694,-0.95913607,0.19077054,-0.32678103,-0.83632302,0.44020218,0
0.55006444,-0.23535997,1.3898686,0.71025616,0.089963078,0.69817102,0
0.10866553,0.44406903,-1.3858035,0.32678103,0.83632302,-0.44020218,0
0.25407434,-0.64666992,0.80018854,-0.32678103,-0.83632302,0.44020218,0
1.1696658,0.44109252,0.79188824,0.71025616,0.089963078,0.69817102,0
0.67823768,1.2871821,1.4670508,-0.62349844,0.54080546,0.56460541,0
-0.90523899,-0.39940292,-1.1981049,-0.71025616,-0.089963078,-0.69817102,0
-1.0192962,0.66706121,-1.0702291,-0.71025616,-0.089963078,-0.69817102,0
-0.47116876,-1.2577477,-0.15852046,-0.32678103,-0.83632302,0.44020218,0
0.11220855,-0.56029814,1.1489064,-0.32678103,-0.83632302,0.44020218,0
-0.082149029,-0.93876648,0.55125618,-0.32678103,-0.83632302,0.44020218,0
0.5946514,-0.3086113,1.5788683,0.71025616,0.089963078,0.69817102,0
-0.25515848,-0.40211618,0.90819311,-0.32678103,-0.83632302,0.44020218,0
1.6243175,-0.81364095,0.72153151,0.71025616,0.089963078,0.69817102,0
-0.21578866,-0.67672241,-1.5991392,0.62349844,-0.54080546,-0.56460541,0
0.46920505,-0.37691969,-0.62616718,0.62349844,-0.54080546,-0.56460541,0
-1.0996952,-0.51086479,-0.96387005,-0.71025616,-0.089963078,-0.69817102,0
1.2078974,0.49705935,-0.30552399,0.32678103,0.83632302,-0.44020218,0
-0.77363861,-1.1762048,-0.14985079,-0.32678103,-0.83632302,0.44020218,0
0.96003622,0.63200384,0.90893251,0.71025616,0.089963078,0.69817102,0
1.1490235,-0.39920199,-0.21048534,0.62349844,-0.54080546,-0.56460541,0
0.77449745,-0.23265669,1.3769327,0.71025616,0.089963078,0.69817102,0
0.2952098,0.025231481,-1.6674112,0.62349844,-0.54080546,-0.56460541,0
0.19118357,-1.1490886,0.45182443,-0.32678103,-0.83632302,0.44020218,0
-0.39185795,0.67416245,0.38673365,-0.62349844,0.54080546,0.56460541,0
-0.59118915,-0.76349759,0.65656614,-0.32678103,-0.83632302,0.44020218,0
-0.81728107,-0.80152589,-1.486786,-0.71025616,-0.089963078,-0.69817102,0
-1.0300406,1.1672454,-0.28555405,-0.62349844,0.54080546,0.56460541,0
0.28779662,-1.0855409,0.4183805,-0.32678103,-0.83632302,0.44020218,0
-0.087741613,1.4242954,0.24803188,0.32678103,0.83632302,-0.44020218,0
0.84841073,1.3061929,0.46078241,0.32678103,0.83632302,-0.44020218,0
-0.52451539,-0.60264862,-1.5164104,-0.71025616,-0.089963078,-0.69817102,0
0.17477357,1.3509884,0.23203242,0.32678103,0.83632302,-0.44020218,0
-1.4148099,-0.95787883,-0.82384574,-0.71025616,-0.089963078,-0.69817102,0
-1.489676,-0.67533815,0.12923402,-0.32678103,-0.83632302,0.44020218,0
-0.56932199,1.3874984,0.046208262,-0.62349844,0.54080546,0.56460541,0
1.3714014,1.1509761,0.6938144,0.32678103,0.83632302,-0.44020218,0
-0.44081444,-0.81488276,-1.3652978,-0.71025616,-0.089963078,-0.69817102,0
-0.75042844,0.13691643,-1.6090995,-0.71025616,-0.089963078,-0.69817102,0
0.43337971,0.10886395,-1.0540994,0.62349844,-0.54080546,-0.56460541,0
1.6048534,-0.081541538,0.30498439,0.71025616,0.089963078,0.69817102,0
0.59027296,0.71495128,-0.81968379,0.32678103,0.83632302,-0.44020218,0
-1.1112757,-0.85921592,-0.84266794,-0.71025616,-0.089963078,-0.69817102,0
0.06207478,0.97775942,1.1670741,-0.62349844,0.54080546,0.56460541,0
-0.058515221,-0.19051898,1.9951682,0.71025616,0.089963078,0.69817102,0
1.2733517,0.50445998,0.99064404,0.71025616,0.089963078,0.69817102,0
0.22277904,1.4575838,0.42133981,0.32678103,0.83632302,-0.44020218,0
1.0676327,0.093179464,-0.8100965,0.62349844,-0.54080546,-0.56460541,0
-0.11086065,-0.21079588,-1.7554672,0.62349844,-0.54080546,-0.56460541,0
-1.1300347,0.91092384,-1.2905424,-0.71025616,-0.089963078,-0.69817102,0
0.89147764,0.15335509,1.2018123,0.71025616,0.089963078,0.69817102,0
-0.65556192,0.25091374,1.1335191,-0.62349844,0.54080546,0.56460541,0
0.12792182,0.97891593,1.1253779,-0.62349844,0.54080546,0.56460541,0
-1.0805647,-0.90302312,-1.0231918,-0.71025616,-0.089963078,-0.69817102,0
-0.69909364,-0.86167037,0.31946102,-0.32678103,-0.83632302,0.44020218,0
1.704968,0.40859783,-0.32336068,0.32678103,0.83632302,-0.44020218,0
1.2694739,-0.05286622,-0.31349331,0.62349844,-0.54080546,-0.56460541,0
-0.57707053,0.82567364,-1.5268283,0.32678103,0.83632302,-0.44020218,0
-1.203444,0.84964991,-1.0747478,-0.71025616,-0.089963078,-0.69817102,0
1.0613031,-1.1714904,0.44761467,-0.32678103,-0.83632302,0.44020218,0
0.73402476,0.19994712,1.1646672,0.71025616,0.089963078,0.69817102,0
0.17151129,-1.2354624,-0.27160707,0.62349844,-0.54080546,-0.56460541,0
-0.65999854,-0.99508834,-0.096848488,-0.32678103,-0.83632302,0.44020218,0
1.2892662,0.91120464,0.9157266,0.71025616,0.089963078,0.69817102,0
0.24464941,1.2799939,0.98939097,-0.62349844,0.54080546,0.56460541,0
-1.5636196,0.090639353,-0.75630623,-0.71025616,-0.089963078,-0.69817102,0
-1.8131933,-0.12932241,-0.10914767,-0.62349844,0.54080546,0.56460541,0
1.8028971,0.31333709,0.072808266,0.32678103,0.83632302,-0.44020218,0
-0.71697259,-0.15933591,-1.5203792,-0.71025616,-0.089963078,-0.69817102,0
-1.339123,-0.58971888,-0.58361143,-0.71025616,-0.089963078,-0.69817102,0
0.28175724,-0.58791196,1.6933117,0.71025616,0.089963078,0.69817102,0
1.1090338,1.004951,0.16571236,0.32678103,0.83632302,-0.44020218,0
0.72854483,-0.4717949,1.6343292,0.71025616,0.089963078,0.69817102,0
0.86266673,1.0674949,1.1403091,0.71025616,0.089963078,0.69817102,0
-0.61592454,1.1168631,0.092725597,-0.62349844,0.54080546,0.56460541,0
1.3403363,0.60744882,0.87241226,0.71025616,0.089963078,0.69817102,0
-0.92671591,-0.60776949,0.48995259,-0.32678103,-0.83632302,0.44020218,0
1.1745349,0.43721211,-0.80936897,0.32678103,0.83632302,-0.44020218,0
-0.50668502,0.61883265,0.69746268,-0.62349844,0.54080546,0.56460541,0
0.49128324,-0.34647435,-0.62162352,0.62349844,-0.54080546,-0.56460541,0
-1.6387367,-0.7200864,-0.55727911,-0.32678103,-0.83632302,0.44020218,0
-0.9646188,0.11922693,0.69587153,-0.62349844,0.54080546,0.56460541,0
0.60881639,1.1050944,0.41011947,0.32678103,0.83632302,-0.44020218,0
-0.74333107,-0.67370999,-1.4672089,-0.71025616,-0.089963078,-0.69817102,0
0.70480609,1.1346937,0.34370917,0.32678103,0.83632302,-0.44020218,0
-0.79607666,1.395539,-0.43272889,0.32678103,0.83632302,-0.44020218,0
-1.2797794,0.651209,-0.38500404,-0.62349844,0.54080546,0.56460541,0
0.38434362,-0.94064993,0.69401103,-0.32678103,-0.83632302,0.44020218,0
0.21776581,-0.69149506,1.1425583,-0.32678103,-0.83632302,0.44020218,0
-0.03137964,-0.49320742,1.2910566,-0.32678103,-0.83632302,0.44020218,0
-1.7318584,-0.50215256,-0.30839705,-0.71025616,-0.089963078,-0.69817102,0
0.027841449,0.69950193,1.2353008,-0.62349844,0.54080546,0.56460541,0
0.26617128,0.33746684,-1.6072819,0.32678103,0.83632302,-0.44020218,0
-1.4012401,1.0799606,-1.0053632,-0.71025616,-0.089963078,-0.69817102,0
1.091545,0.26987851,0.79426187,0.71025616,0.089963078,0.69817102,0
0.74676597,1.2744395,1.0542094,0.71025616,0.089963078,0.69817102,0
0.43177414,-1.0302356,0.60643196,-0.32678103,-0.83632302,0.44020218,0
-0.7210989,1.0181576,-1.1934037,0.32678103,0.83632302,-0.44020218,0
-0.90938801,0.21888435,-1.4466769,-0.71025616,-0.089963078,-0.69817102,0
0.98739481,0.36193147,1.0038085,0.71025616,0.089963078,0.69817102,0
-1.5765648,-0.86274326,-0.58396292,-0.71025616,-0.089963078,-0.69817102,0
0.096668512,0.28563941,1.8080426,-0.62349844,0.54080546,0.56460541,0
-1.5219489,0.90907395,-0.64799464,-0.62349844,0.54080546,0.56460541,0
0.35141683,1.2923597,0.75848162,-0.62349844,0.54080546,0.56460541,0
0.58910728,-0.88648218,1.016058,-0.32678103,-0.83632302,0.44020218,0
0.077205807,0.32895136,1.630372,-0.62349844,0.54080546,0.56460541,0
-0.11000162,-0.51210821,1.1987853,-0.32678103,-0.83632302,0.44020218,0
-1.6569884,0.46372175,-0.59327608,-0.71025616,-0.089963078,-0.69817102,0
0.71665162,0.10204881,1.183512,0.71025616,0.089963078,0.69817102,0
-0.40362149,-0.43902025,-1.4097948,-0.71025616,-0.089963078,-0.69817102,0
-1.1607627,-0.62244594,-1.1201346,-0.71025616,-0.089963078,-0.69817102,0
0.59132892,0.44109917,1.2608681,0.71025616,0.089963078,0.69817102,0
-0.29781455,-0.32395095,1.0719368,-0.32678103,-0.83632302,0.44020218,0
0.98381358,-0.15366936,-0.73124218,0.62349844,-0.54080546,-0.56460541,0
-0.58077419,-1.2861874,-0.34354079,-0.32678103,-0.83632302,0.44020218,0
1.7556112,0.028011203,-0.013081074,0.62349844,-0.54080546,-0.56460541,0
-0.29081702,1.0923381,-0.074075982,0.32678103,0.83632302,-0.44020218,0
1.2881695,0.12652671,0.58909243,0.71025616,0.089963078,0.69817102,0
0.36120903,0.39647901,-1.6931083,0.32678103,0.83632302,-0.44020218,0
1.2716494,0.72432232,-0.21726239,0.32678103,0.83632302,-0.44020218,0
0.18356025,1.0833273,-0.31990519,0.32678103,0.83632302,-0.44020218,0
-0.68423301,-0.64656562,0.58897185,-0.32678103,-0.83632302,0.44020218,0
-0.014657393,-0.2906369,-1.7072439,0.62349844,-0.54080546,-0.56460541,0
-0.74435353,-0.45849711,0.5069747,-0.32678103,-0.83632302,0.44020218,0
-1.8071425,-0.80410707,-0.181651,-0.32678103,-0.83632302,0.44020218,0
1.2938315,0.6034373,0.12972879,0.32678103,0.83632302,-0.44020218,0
1.8446382,0.17301917,0.072294474,0.71025616,0.089963078,0.69817102,0
-1.4417377,-0.3961165,-0.82242203,-0.71025616,-0.089963078,-0.69817102,0
0.70066577,-0.28618813,-0.72742075,0.62349844,-0.54080546,-0.56460541,0
0.27358195,0.33347136,1.664193,-0.62349844,0.54080546,0.56460541,0
-1.7863183,-0.71699393,-0.39329457,-0.71025616,-0.089963078,-0.69817102,0
-1.2724166,-0.0076681376,0.50372022,-0.62349844,0.54080546,0.56460541,0
1.1968749,0.91390347,-0.004953742,0.32678103,0.83632302,-0.44020218,0
0.2419343,-1.0128362,0.73182249,-0.32678103,-0.83632302,0.44020218,0
1.4323499,-0.41757452,0.76429445,0.71025616,0.089963078,0.69817102,0
-0.79222333,-0.42931682,0.46645659,-0.32678103,-0.83632302,0.44020218,0
-0.46975252,0.35758582,-1.7945901,0.32678103,0.83632302,-0.44020218,0
-0.11695647,-0.1845547,1.8927543,-0.32678103,-0.83632302,0.44020218,0
-1.1372461,0.037202537,-0.97746241,-0.71025616,-0.089963078,-0.69817102,0
0.35554555,0.27828896,1.6561489,0.71025616,0.089963078,0.69817102,0
-0.70582998,-0.14224267,1.4796393,-0.62349844,0.54080546,0.56460541,0
-0.058653474,-0.8067621,1.1230702,-0.32678103,-0.83632302,0.44020218,0
0.25544494,0.47744751,1.6487762,0.71025616,0.089963078,0.69817102,0
1.2518686,0.021374345,-0.63269645,0.62349844,-0.54080546,-0.56460541,0
0.32135117,-0.76345062,-0.68034941,0.62349844,-0.54080546,-0.56460541,0
-0.91734242,0.11900771,0.57709986,-0.62349844,0.54080546,0.56460541,0
0.93191516,0.81302381,0.017772377,0.32678103,0.83632302,-0.44020218,0
-0.062671542,-1.349057,-0.26590878,-0.32678103,-0.83632302,0.44020218,0
0.96692121,-1.0528483,0.44650573,0.62349844,-0.54080546,-0.56460541,0
-1.0502532,-0.5598501,0.46901831,-0.32678103,-0.83632302,0.44020218,0
0.71495295,-0.93743134,-0.27028507,0.62349844,-0.54080546,-0.56460541,0
-0.29403794,0.35477877,1.3038399,-0.62349844,0.54080546,0.56460541,0
0.25236189,0.061673224,1.6618782,0.71025616,0.089963078,0.69817102,0
0.71868396,1.4426119,1.1266949,0.71025616,0.089963078,0.69817102,0
0.59060317,-0.84738576,-0.086378925,0.62349844,-0.54080546,-0.56460541,0
-0.2538147,1.0285702,0.38124394,-0.62349844,0.54080546,0.56460541,0
-1.857331,0.39617324,-0.43570727,-0.62349844,0.54080546,0.56460541,0
0.27042437,0.67978454,1.6719545,-0.62349844,0.54080546,0.56460541,0
-0.4493531,-0.89279044,0.63046205,-0.32678103,-0.83632302,0.44020218,0
-0.59159529,-0.46104968,1.221489,-0.32678103,-0.83632302,0.44020218,0
1.4508804,-0.96368259,0.89622492,0.71025616,0.089963078,0.69817102,0
-1.5290382,-0.19824755,0.42564332,-0.62349844,0.54080546,0.56460541,0
1.1671885,-1.242736,0.86208373,0.71025616,0.089963078,0.69817102,0
1.0650251,-0.15069956,1.3516111,0.71025616,0.089963078,0.69817102,0
-0.015122592,0.45456731,-1.7478958,0.32678103,0.83632302,-0.44020218,0
-1.1831414,0.6867559,-0.1982691,-0.62349844,0.54080546,0.56460541,0
0.76530731,0.0016373396,-1.0393746,0.62349844,-0.54080546,-0.56460541,0
-0.30910885,0.80081165,0.82757407,-0.62349844,0.54080546,0.56460541,0
-1.6292839,0.52333808,-0.45885146,-0.71025616,-0.089963078,-0.69817102,0
0.52783656,-0.77133244,-0.583812,0.62349844,-0.54080546,-0.56460541,0
1.0598927,0.12750112,1.300495,0.71025616,0.089963078,0.69817102,0
-0.99084085,1.1361942,-1.1498243,0.32678103,0.83632302,-0.44020218,0
-0.032215718,-0.1355682,-1.5860807,0.62349844,-0.54080546,-0.56460541,0
0.53118688,-0.61666363,1.0503144,-0.32678103,-0.83632302,0.44020218,0
-1.2160224,-0.14743209,0.42945623,-0.62349844,0.54080546,0.56460541,0
0.85964745,-0.46753663,1.1579676,0.71025616,0.089963078,0.69817102,0
0.060367465,-1.2067077,-0.85582221,0.62349844,-0.54080546,-0.56460541,0
0.68779749,0.55401969,-0.70271325,0.32678103,0.83632302,-0.44020218,0
-1.0301769,0.34695372,-1.0359761,-0.71025616,-0.089963078,-0.69817102,0
-0.88713014,-0.24437368,1.2758377,-0.62349844,0.54080546,0.56460541,0
-0.82232636,0.72593397,-1.3937361,0.32678103,0.83632302,-0.44020218,0
1.2061424,-1.1067393,0.50798988,0.62349844,-0.54080546,-0.56460541,0
-0.69169098,-0.42674005,1.2702368,-0.32678103,-0.83632302,0.44020218,0
-1.4196323,0.72987437,-0.25611851,-0.62349844,0.54080546,0.56460541,0
-1.0350132,0.18465328,0.38653129,-0.62349844,0.54080546,0.56460541,0
1.4382418,-0.51774836,0.54949594,0.62349844,-0.54080546,-0.56460541,0
0.25334114,0.2727313,-1.3958919,0.32678103,0.83632302,-0.44020218,0
-0.56978089,-0.34235576,-1.5658627,-0.71025616,-0.089963078,-0.69817102,0
0.3927505,1.6425637,0.73050761,0.32678103,0.83632302,-0.44020218,0
0.6365093,-1.3722149,0.41162407,-0.32678103,-0.83632302,0.44020218,0
-0.36230868,0.080735445,-2.0578778,-0.71025616,-0.089963078,-0.69817102,0
-0.55807608,0.35972261,-1.7974982,0.32678103,0.83632302,-0.44020218,0
-0.43034059,-0.1485666,1.1455417,-0.62349844,0.54080546,0.56460541,0
1.3983341,-1.1342621,0.59629482,0.62349844,-0.54080546,-0.56460541,0
-1.5185901,0.64214849,-0.67898035,-0.71025616,-0.089963078,-0.69817102,0
-0.11791956,-0.83973199,0.79267049,-0.32678103,-0.83632302,0.44020218,0
-1.0365845,0.35948825,-1.0199652,-0.71025616,-0.089963078,-0.69817102,0
-0.55449581,0.59911013,0.92729586,-0.62349844,0.54080546,0.56460541,0
-1.2676024,-0.21749496,0.44774035,-0.62349844,0.54080546,0.56460541,0
-0.36451811,-0.77313328,0.69177788,-0.32678103,-0.83632302,0.44020218,0
-0.45617414,-1.4240296,-0.99096185,0.62349844,-0.54080546,-0.56460541,0
-0.79653496,0.90725106,-1.0339512,0.32678103,0.83632302,-0.44020218,0
-0.20835805,1.2228733,0.28457692,0.32678103,0.83632302,-0.44020218,0
0.58146966,-0.63807487,1.4459105,0.71025616,0.089963078,0.69817102,0
1.06879,-0.72118258,1.2615795,0.71025616,0.089963078,0.69817102,0
0.13127303,-1.0485343,0.15090585,-0.32678103,-0.83632302,0.44020218,0
1.1039872,0.53551304,-0.82220381,0.32678103,0.83632302,-0.44020218,0
0.5818336,-1.2838566,0.37064999,-0.32678103,-0.83632302,0.44020218,0
-1.3062257,0.95185614,-0.23546341,-0.62349844,0.54080546,0.56460541,0
0.24281323,-1.3712883,-0.17621329,-0.32678103,-0.83632302,0.44020218,0
1.1211984,0.5293861,-0.216811,0.32678103,0.83632302,-0.44020218,0
-1.7031496,-0.55406034,-0.17377698,-0.71025616,-0.089963078,-0.69817102,0
-0.46028203,-0.5698241,1.2182069,-0.32678103,-0.83632302,0.44020218,0
-1.0025604,-0.97408283,-0.88999224,-0.71025616,-0.089963078,-0.69817102,0
-0.014569461,-0.65990996,0.75202274,-0.32678103,-0.83632302,0.44020218,0
1.8439479,0.1555264,-0.07133007,0.62349844,-0.54080546,-0.56460541,0
