-1.7264326,1.306409,0.031906009,-0.11398625,0.55561554,0.82358879,0
1.8645039,-0.94053018,0.90767324,0.93960702,-0.20899326,0.27103597,0
0.29936928,0.63387847,-1.0501637,0.3227163,0.80474418,-0.49823785,0
0.40233323,1.0521723,-0.065975487,0.3227163,0.80474418,-0.49823785,0
0.64426374,0.60528922,-0.39657137,0.3227163,0.80474418,-0.49823785,0
-1.4338639,-0.92014515,-0.32221597,-0.3227163,-0.80474418,0.49823785,0
0.69104248,-0.18496701,1.4711264,-0.11398625,0.55561554,0.82358879,0
0.4386819,-0.68959516,-0.80208051,0.11398625,-0.55561554,-0.82358879,0
-1.1986333,1.2110409,-0.90784514,0.3227163,0.80474418,-0.49823785,0
-0.0099761486,-0.45502234,1.1856928,-0.3227163,-0.80474418,0.49823785,0
1.5297153,-0.34726572,1.3032595,0.93960702,-0.20899326,0.27103597,0
2.094784,-0.43731117,0.4378252,0.93960702,-0.20899326,0.27103597,0
-0.51682031,-0.99877161,-0.42716092,0.11398625,-0.55561554,-0.82358879,0
-1.4283087,1.8148104,-0.34872651,0.3227163,0.80474418,-0.49823785,0
-1.7664361,0.78801024,-0.18841851,-0.93960702,0.20899326,-0.27103597,0
-0.73590785,0.43493938,-1.4884284,0.3227163,0.80474418,-0.49823785,0
0.22315633,0.28118217,-1.3951664,0.11398625,-0.55561554,-0.82358879,0
0.045884013,0.97328138,-0.80374557,0.3227163,0.80474418,-0.49823785,0
-0.84095758,1.1527662,0.37805229,-0.11398625,0.55561554,0.82358879,0
-1.1327736,-0.28899699,0.71954703,-0.3227163,-0.80474418,0.49823785,0
-1.5607963,1.1397446,-0.66773438,-0.93960702,0.20899326,-0.27103597,0
-2.148139,0.61966109,0.10893381,-0.93960702,0.20899326,-0.27103597,0
0.55609471,0.89096951,-0.35539398,0.3227163,0.80474418,-0.49823785,0
-1.9482996,-0.48396415,-0.6355381,-0.93960702,0.20899326,-0.27103597,0
1.8380052,-0.074996352,0.28014243,0.93960702,-0.20899326,0.27103597,0
1.9044021,0.61976743,0.40833944,0.3227163,0.80474418,-0.49823785,0
-1.2125291,1.5574546,0.1355077,-0.11398625,0.55561554,0.82358879,0
0.20104831,-0.23192394,1.5105041,-0.11398625,0.55561554,0.82358879,0
-0.040085793,1.0900205,0.011179566,0.3227163,0.80474418,-0.49823785,0
-1.5131992,0.65256447,-1.6801754,-0.93960702,0.20899326,-0.27103597,0
-1.2092887,-1.2257543,-0.64613307,-0.3227163,-0.80474418,0.49823785,0
-0.43556333,-0.80719239,-0.89924264,0.11398625,-0.55561554,-0.82358879,0
-0.92885196,-0.9439612,-0.58664727,0.11398625,-0.55561554,-0.82358879,0
-1.6595533,1.2841868,-0.42352653,-0.93960702,0.20899326,-0.27103597,0
-1.5619271,0.91003633,-0.72883093,-0.93960702,0.20899326,-0.27103597,0
1.5079695,0.50990552,0.075498104,0.3227163,0.80474418,-0.49823785,0
-0.058147389,-0.94699168,-0.46776885,0.11398625,-0.55561554,-0.82358879,0
1.5468678,0.36410683,-0.47537819,0.3227163,0.80474418,-0.49823785,0
-0.41588247,0.51439452,-1.2381802,0.3227163,0.80474418,-0.49823785,0
-1.4895239,1.0819197,-1.21102,0.3227163,0.80474418,-0.49823785,0
-1.7214489,1.1723919,0.19319236,-0.93960702,0.20899326,-0.27103597,0
-1.9271982,0.48621953,-1.0426369,-0.93960702,0.20899326,-0.27103597,0
-0.98840803,-0.11348528,1.2059829,-0.11398625,0.55561554,0.82358879,0
1.5143689,-1.7174563,0.47830331,-0.3227163,-0.80474418,0.49823785,0
-2.156672,-0.11966753,-0.66256225,-0.93960702,0.20899326,-0.27103597,0
1.4170171,0.15385979,-0.94144589,0.3227163,0.80474418,-0.49823785,0
-1.0202395,1.2190588,0.26797312,-0.11398625,0.55561554,0.82358879,0
1.4586993,-0.84853953,1.7030975,0.93960702,-0.20899326,0.27103597,0
-2.3414838,-0.050596237,0.070716381,-0.93960702,0.20899326,-0.27103597,0
-1.0890808,-0.53115737,0.67294598,-0.3227163,-0.80474418,0.49823785,0
-0.69674015,0.12839973,-1.3928308,0.11398625,-0.55561554,-0.82358879,0
-0.45901233,0.769063,-1.2965243,0.3227163,0.80474418,-0.49823785,0
0.61767745,-0.67907262,1.2373438,-0.3227163,-0.80474418,0.49823785,0
-1.9434052,-0.33503371,-0.66050649,-0.93960702,0.20899326,-0.27103597,0
-0.54200542,-1.2850208,-0.19685435,-0.3227163,-0.80474418,0.49823785,0
0.10853073,0.7337988,0.78968537,-0.11398625,0.55561554,0.82358879,0
1.6447628,-1.4043827,-0.0069538355,0.93960702,-0.20899326,0.27103597,0
1.9118578,0.76645339,0.11883533,0.3227163,0.80474418,-0.49823785,0
-1.493054,-0.75702238,-0.084178567,-0.3227163,-0.80474418,0.49823785,0
0.53521913,0.23086333,-1.2517371,0.3227163,0.80474418,-0.49823785,0
-1.9311724,0.53930235,-0.93165469,-0.93960702,0.20899326,-0.27103597,0
-0.88733518,-0.54286402,-0.87970531,0.11398625,-0.55561554,-0.82358879,0
2.1258488,-0.30639315,-0.5874911,0.11398625,-0.55561554,-0.82358879,0
1.005746,0.97255182,0.55286992,-0.11398625,0.55561554,0.82358879,0
1.5321337,-1.1693116,-0.11726236,0.11398625,-0.55561554,-0.82358879,0
0.72565901,-0.94558549,1.2795414,-0.3227163,-0.80474418,0.49823785,0
-1.0466747,-0.27736115,0.94534522,-0.3227163,-0.80474418,0.49823785,0
1.3034647,-0.16991043,1.2665954,-0.11398625,0.55561554,0.82358879,0
-1.6270056,0.89100873,-0.79576147,-0.93960702,0.20899326,-0.27103597,0
1.4018667,-1.5858488,0.21970201,0.11398625,-0.55561554,-0.82358879,0
-0.72154528,-0.66399062,0.40033507,-0.3227163,-0.80474418,0.49823785,0
0.26518518,0.81850022,-0.12053172,0.3227163,0.80474418,-0.49823785,0
-1.6025918,1.0488853,-1.2145987,-0.93960702,0.20899326,-0.27103597,0
-1.688714,-0.59436285,0.29282808,-0.3227163,-0.80474418,0.49823785,0
-1.628517,1.3867013,-0.3509258,-0.93960702,0.20899326,-0.27103597,0
-1.3218858,0.19326222,0.98437881,-0.11398625,0.55561554,0.82358879,0
0.27012438,-0.83050299,-0.70529962,0.11398625,-0.55561554,-0.82358879,0
0.45264959,0.57338637,-0.65834099,0.3227163,0.80474418,-0.49823785,0
0.4150762,-0.46661574,1.2617884,-0.3227163,-0.80474418,0.49823785,0
-1.8746455,1.3243935,-0.23901558,-0.93960702,0.20899326,-0.27103597,0
-0.55962569,-0.042312622,-1.3187188,0.11398625,-0.55561554,-0.82358879,0
-0.36487922,1.3246529,-0.33830971,0.3227163,0.80474418,-0.49823785,0
-1.989099,1.0711622,0.42638266,-0.11398625,0.55561554,0.82358879,0
-0.4243229,-0.044020921,-1.2625046,0.11398625,-0.55561554,-0.82358879,0
-1.4552941,-0.79828084,-0.53361285,-0.3227163,-0.80474418,0.49823785,0
-0.40182266,1.1969051,0.2567572,-0.11398625,0.55561554,0.82358879,0
-0.0015892386,1.0013318,-0.60804564,0.3227163,0.80474418,-0.49823785,0
0.94632417,-0.10322171,-0.82707489,0.11398625,-0.55561554,-0.82358879,0
-1.1994233,-1.2702678,-0.51457083,-0.3227163,-0.80474418,0.49823785,0
1.4957803,-0.64963543,1.6011792,0.93960702,-0.20899326,0.27103597,0
-1.1006558,0.046176672,1.0420065,-0.11398625,0.55561554,0.82358879,0
-1.0428715,1.7546127,0.01002121,-0.11398625,0.55561554,0.82358879,0
-0.79278785,-0.95419675,-0.64702755,0.11398625,-0.55561554,-0.82358879,0
-0.71231645,-0.69736195,-0.85534704,0.11398625,-0.55561554,-0.82358879,0
-0.051293731,1.5007749,0.13719618,0.3227163,0.80474418,-0.49823785,0
-1.4646709,0.84765381,-0.97140753,-0.93960702,0.20899326,-0.27103597,0
1.3413682,-1.0078846,1.3990363,-0.3227163,-0.80474418,0.49823785,0
1.2154464,-1.2047906,-0.094617844,0.11398625,-0.55561554,-0.82358879,0
0.57288808,-0.60707355,1.2167159,-0.3227163,-0.80474418,0.49823785,0
-1.9259886,-0.3381412,-0.52119744,-0.93960702,0.20899326,-0.27103597,0
0.25446901,-1.061766,-0.33044219,0.11398625,-0.55561554,-0.82358879,0
0.52320504,-0.69322056,1.4337465,-0.3227163,-0.80474418,0.49823785,0
1.571588,-1.0179486,0.91653883,0.93960702,-0.20899326,0.27103597,0
-1.0965676,1.1423368,0.22198844,-0.11398625,0.55561554,0.82358879,0
0.5430212,0.79502571,-0.31817272,0.3227163,0.80474418,-0.49823785,0
2.1519072,0.58618408,0.43521476,0.93960702,-0.20899326,0.27103597,0
-0.1319724,0.76185071,0.81866038,-0.11398625,0.55561554,0.82358879,0
-1.6100166,1.0275726,-0.28975797,-0.93960702,0.20899326,-0.27103597,0
-1.6506271,0.76797742,-0.36790717,-0.93960702,0.20899326,-0.27103597,0
-0.1749509,1.126837,0.36364406,-0.11398625,0.55561554,0.82358879,0
-1.7709173,0.31757778,-0.8933928,-0.93960702,0.20899326,-0.27103597,0
-0.97909522,0.84377676,-1.1548491,0.3227163,0.80474418,-0.49823785,0
0.73053128,0.38008061,-1.1608481,0.3227163,0.80474418,-0.49823785,0
1.1396213,0.18443453,1.2675319,-0.11398625,0.55561554,0.82358879,0
1.7526147,-1.2831583,0.80708897,0.93960702,-0.20899326,0.27103597,0
0.054478765,-0.26425937,-0.81847453,0.11398625,-0.55561554,-0.82358879,0
-1.6877408,0.54106474,-1.2663869,-0.93960702,0.20899326,-0.27103597,0
0.13377881,0.51080507,-1.2865593,0.3227163,0.80474418,-0.49823785,0
1.9354391,0.097193062,0.092202306,0.93960702,-0.20899326,0.27103597,0
-2.1015596,-0.29799885,-0.0043283701,-0.3227163,-0.80474418,0.49823785,0
1.116219,0.82692003,-0.33047104,0.3227163,0.80474418,-0.49823785,0
-0.2950463,-0.95052582,-0.60235864,0.11398625,-0.55561554,-0.82358879,0
1.143116,0.34989527,1.0823689,-0.11398625,0.55561554,0.82358879,0
0.14267856,0.18597853,1.3259484,-0.11398625,0.55561554,0.82358879,0
-0.84112662,0.33020395,1.0683331,-0.11398625,0.55561554,0.82358879,0
-0.90689206,0.61121124,0.63672578,-0.11398625,0.55561554,0.82358879,0
-2.1485133,0.3821612,0.024682045,-0.93960702,0.20899326,-0.27103597,0
1.371542,-1.6348271,-0.085064173,-0.3227163,-0.80474418,0.49823785,0
-0.052305996,-1.2811919,0.058676779,-0.3227163,-0.80474418,0.49823785,0
1.7980386,-0.52548283,0.87566841,0.93960702,-0.20899326,0.27103597,0
2.2212081,-0.3355093,-0.64996141,0.93960702,-0.20899326,0.27103597,0
0.73740661,0.31727824,0.87914968,-0.11398625,0.55561554,0.82358879,0
-1.2880288,-0.91241312,-0.56050634,-0.3227163,-0.80474418,0.49823785,0
-0.3711772,1.1515574,0.20235181,-0.11398625,0.55561554,0.82358879,0
1.7686234,-0.74529076,0.81499159,0.93960702,-0.20899326,0.27103597,0
-1.5557353,0.71202171,-0.86333752,-0.93960702,0.20899326,-0.27103597,0
1.6122158,-1.1339073,0.81297636,0.93960702,-0.20899326,0.27103597,0
0.066571653,-0.93275398,0.82468688,-0.3227163,-0.80474418,0.49823785,0
-1.7453779,0.54637361,-0.71311057,-0.93960702,0.20899326,-0.27103597,0
1.7500219,-0.19279125,1.1042409,0.93960702,-0.20899326,0.27103597,0
-1.5245883,-0.22707659,0.6106481,-0.3227163,-0.80474418,0.49823785,0
-0.55192864,0.30488616,0.69358438,-0.11398625,0.55561554,0.82358879,0
2.0359275,0.573636,0.23120224,0.93960702,-0.20899326,0.27103597,0
0.4996241,-1.1678519,0.79279011,-0.3227163,-0.80474418,0.49823785,0
-0.45017493,-0.72604495,-0.66342473,0.11398625,-0.55561554,-0.82358879,0
0.3663027,0.98942983,0.069022819,0.3227163,0.80474418,-0.49823785,0
-2.000551,-0.25000125,0.69398093,-0.3227163,-0.80474418,0.49823785,0
-1.5921322,1.7621992,-0.069945216,-0.11398625,0.55561554,0.82358879,0
0.49849683,-1.1402352,0.32843214,-0.3227163,-0.80474418,0.49823785,0
-1.3259126,0.28223372,0.89409572,-0.11398625,0.55561554,0.82358879,0
0.78603351,-0.98255694,1.1714075,-0.3227163,-0.80474418,0.49823785,0
-2.0137069,0.6339817,0.46052229,-0.11398625,0.55561554,0.82358879,0
-1.9466183,0.49757892,-0.54552555,-0.93960702,0.20899326,-0.27103597,0
0.64645606,-0.99532664,-0.63281184,0.11398625,-0.55561554,-0.82358879,0
-1.2912735,0.23755565,-1.4288403,0.11398625,-0.55561554,-0.82358879,0
-1.1464335,0.65545356,0.68462253,-0.11398625,0.55561554,0.82358879,0
0.023099199,0.91191733,0.7643193,-0.11398625,0.55561554,0.82358879,0
1.8119305,-1.0705812,0.78357768,0.93960702,-0.20899326,0.27103597,0
-0.64030111,1.4833056,-0.052063704,-0.11398625,0.55561554,0.82358879,0
-0.70339108,0.89474702,-1.1558032,0.3227163,0.80474418,-0.49823785,0
-0.98413414,0.16738564,0.93885267,-0.11398625,0.55561554,0.82358879,0
0.88604224,1.0120211,0.63858926,-0.11398625,0.55561554,0.82358879,0
0.10380709,-0.79961395,0.78539109,-0.3227163,-0.80474418,0.49823785,0
-1.7960589,-0.52153629,-0.095843434,-0.3227163,-0.80474418,0.49823785,0
-0.33910787,-0.92144895,0.54277837,-0.3227163,-0.80474418,0.49823785,0
2.0846772,-0.54348809,0.20436978,0.93960702,-0.20899326,0.27103597,0
1.9757066,0.41870493,0.46787798,0.93960702,-0.20899326,0.27103597,0
1.4639945,-0.46206421,1.5035084,0.93960702,-0.20899326,0.27103597,0
-0.30238461,-0.12582225,1.334334,-0.11398625,0.55561554,0.82358879,0
1.9849156,-0.56629217,-0.33807909,0.93960702,-0.20899326,0.27103597,0
0.4398157,-0.59764761,1.6763005,-0.11398625,0.55561554,0.82358879,0
1.9247216,-0.089365363,-1.0120803,0.3227163,0.80474418,-0.49823785,0
-1.1334321,-0.09953922,0.91835892,-0.3227163,-0.80474418,0.49823785,0
2.2364254,-0.38936126,-0.63215137,0.11398625,-0.55561554,-0.82358879,0
1.8083965,-0.45936799,0.34123552,0.93960702,-0.20899326,0.27103597,0
-0.58654636,1.2416964,-0.76677823,0.3227163,0.80474418,-0.49823785,0
-1.7253726,0.59411824,-0.29338729,-0.93960702,0.20899326,-0.27103597,0
0.87341005,-0.63834059,1.7586424,-0.3227163,-0.80474418,0.49823785,0
2.0792608,-0.85092199,-0.32049406,0.93960702,-0.20899326,0.27103597,0
-1.8022875,-1.1834633,-0.79097676,-0.3227163,-0.80474418,0.49823785,0
-2.2167103,-0.14064199,-0.46486521,-0.93960702,0.20899326,-0.27103597,0
-0.24114192,-1.4536797,-0.12611535,-0.3227163,-0.80474418,0.49823785,0
-0.28889585,-0.14456642,1.1573745,-0.11398625,0.55561554,0.82358879,0
1.2624186,-1.3053275,0.97647047,-0.3227163,-0.80474418,0.49823785,0
-1.9540074,-0.046790302,-1.3208041,-0.93960702,0.20899326,-0.27103597,0
-1.6086454,0.7573002,-1.387529,-0.93960702,0.20899326,-0.27103597,0
-0.23497939,-0.27323082,1.200169,-0.3227163,-0.80474418,0.49823785,0
0.25797898,-0.3571997,1.2791747,-0.3227163,-0.80474418,0.49823785,0
-0.44290516,1.1131189,0.63949251,-0.11398625,0.55561554,0.82358879,0
-0.088982642,1.0548872,0.00048553944,0.3227163,0.80474418,-0.49823785,0
1.2704811,-0.055020727,1.4606216,-0.11398625,0.55561554,0.82358879,0
-0.80560869,1.2181559,0.32868403,-0.11398625,0.55561554,0.82358879,0
-1.3531144,1.7105896,-0.078342795,0.3227163,0.80474418,-0.49823785,0
-1.5100054,1.2498498,-1.0490643,-0.93960702,0.20899326,-0.27103597,0
-0.56791162,-1.5160265,-0.4801839,0.11398625,-0.55561554,-0.82358879,0
-1.8634598,-0.24597159,-0.5197314,-0.93960702,0.20899326,-0.27103597,0
1.2250066,0.26662749,-0.8733412,0.3227163,0.80474418,-0.49823785,0
-0.99472046,-0.6473965,-0.83636999,0.11398625,-0.55561554,-0.82358879,0
1.4619002,-1.6607968,0.46882653,0.93960702,-0.20899326,0.27103597,0
1.6927304,-1.2572455,0.10488117,0.93960702,-0.20899326,0.27103597,0
-0.41997176,-0.92851913,-0.82643598,0.11398625,-0.55561554,-0.82358879,0
2.1297967,0.11868012,-0.14637232,0.3227163,0.80474418,-0.49823785,0
2.0205653,0.42206848,0.35496926,0.93960702,-0.20899326,0.27103597,0
-0.84838557,0.68926764,0.69021672,-0.11398625,0.55561554,0.82358879,0
-0.65680617,0.9258793,-0.73415035,0.3227163,0.80474418,-0.49823785,0
1.4785454,0.88081551,0.75259048,-0.11398625,0.55561554,0.82358879,0
-0.8684662,-0.27552742,0.88945961,-0.3227163,-0.80474418,0.49823785,0
-0.59365892,0.83376938,-1.1498678,0.3227163,0.80474418,-0.49823785,0
-1.4092885,1.0404201,-0.95452726,-0.93960702,0.20899326,-0.27103597,0
1.4749687,-1.1629186,0.81281173,0.93960702,-0.20899326,0.27103597,0
1.9172024,0.68217933,0.98984516,0.93960702,-0.20899326,0.27103597,0
-1.7554306,-0.8369149,-0.09561795,-0.3227163,-0.80474418,0.49823785,0
-0.18874729,0.33097011,-1.4417471,0.11398625,-0.55561554,-0.82358879,0
0.10837144,0.68225431,-0.53427178,0.3227163,0.80474418,-0.49823785,0
0.61493224,0.90281892,-0.21743876,0.3227163,0.80474418,-0.49823785,0
0.84997547,1.2702489,0.45666018,0.3227163,0.80474418,-0.49823785,0
-0.18549711,-1.2300487,0.2473101,-0.3227163,-0.80474418,0.49823785,0
-0.1545769,-0.050806791,-1.1950908,0.11398625,-0.55561554,-0.82358879,0
-0.74971789,0.18434733,0.93021637,-0.11398625,0.55561554,0.82358879,0
0.97032678,0.51445401,-0.38689721,0.3227163,0.80474418,-0.49823785,0
0.90723711,1.1171294,0.085322097,0.3227163,0.80474418,-0.49823785,0
0.43920511,-0.93394762,0.61361045,-0.3227163,-0.80474418,0.49823785,0
-2.0009,0.92902571,-0.082188725,-0.93960702,0.20899326,-0.27103597,0
0.58070403,-0.11639136,-1.2385997,0.11398625,-0.55561554,-0.82358879,0
0.023106277,-0.0075185895,-1.3620888,0.11398625,-0.55561554,-0.82358879,0
1.9794681,-0.86533487,0.25871468,0.93960702,-0.20899326,0.27103597,0
2.0212185,-0.90479773,0.071828842,0.93960702,-0.20899326,0.27103597,0
-0.72817361,-0.76800394,-0.67536122,0.11398625,-0.55561554,-0.82358879,0
-1.1863854,0.71006477,-1.3727062,0.3227163,0.80474418,-0.49823785,0
-1.2011485,1.2053542,-0.83611834,0.3227163,0.80474418,-0.49823785,0
-1.5789568,1.0391259,-0.50819874,-0.93960702,0.20899326,-0.27103597,0
1.9284523,-0.62238842,0.10799885,0.93960702,-0.20899326,0.27103597,0
0.27146834,-0.55820566,1.3314831,-0.3227163,-0.80474418,0.49823785,0
-1.5548692,1.3182806,-1.0982769,-0.93960702,0.20899326,-0.27103597,0
1.3201265,-1.4856651,0.68922126,-0.3227163,-0.80474418,0.49823785,0
-1.9112294,0.70085412,-0.84201825,-0.93960702,0.20899326,-0.27103597,0
0.32811517,-0.21439344,1.3885107,-0.11398625,0.55561554,0.82358879,0
0.6770668,-0.85155821,1.0620501,-0.3227163,-0.80474418,0.49823785,0
-1.5028851,1.3167465,0.16697598,-0.11398625,0.55561554,0.82358879,0
-0.34971631,-0.37617952,0.89444226,-0.3227163,-0.80474418,0.49823785,0
-1.7070409,1.0712965,-1.0692687,0.3227163,0.80474418,-0.49823785,0
-1.3197534,-0.35193199,0.32190165,-0.3227163,-0.80474418,0.49823785,0
-1.4733286,-0.12249637,0.82521671,-0.3227163,-0.80474418,0.49823785,0
1.5756867,-1.1890695,0.88249993,-0.3227163,-0.80474418,0.49823785,0
-1.313817,-0.1829704,0.79967731,-0.3227163,-0.80474418,0.49823785,0
1.6325446,-0.60013473,0.88174868,0.93960702,-0.20899326,0.27103597,0
-2.1819825,0.83563209,0.12755156,-0.93960702,0.20899326,-0.27103597,0
1.9189898,-0.13089013,-0.62175274,0.3227163,0.80474418,-0.49823785,0
0.57614315,-0.15155822,1.1825833,-0.11398625,0.55561554,0.82358879,0
-2.3184733,-0.32663649,-0.2043432,-0.93960702,0.20899326,-0.27103597,0
-0.24310768,1.1132642,-0.76142573,0.3227163,0.80474418,-0.49823785,0
-1.2235508,-0.71037531,-0.92849803,0.11398625,-0.55561554,-0.82358879,0
0.00051021576,-1.2890733,0.22093081,-0.3227163,-0.80474418,0.49823785,0
-0.053685397,0.74624383,0.90375382,-0.11398625,0.55561554,0.82358879,0
1.9140055,0.24872306,0.74129915,0.93960702,-0.20899326,0.27103597,0
1.1743889,-1.3624928,0.47528732,-0.3227163,-0.80474418,0.49823785,0
0.51185364,0.81426865,-0.32512367,0.3227163,0.80474418,-0.49823785,0
-0.36300871,1.3186811,-0.19317156,0.3227163,0.80474418,-0.49823785,0
-0.68298298,1.0236721,-0.65705425,0.3227163,0.80474418,-0.49823785,0
2.2326605,0.44386125,0.10106504,0.3227163,0.80474418,-0.49823785,0
-1.316044,-0.96617293,-0.67663562,-0.3227163,-0.80474418,0.49823785,0
-1.4005744,0.52012461,-1.8192449,-0.93960702,0.20899326,-0.27103597,0
0.38976443,-0.94985235,-0.30633506,0.11398625,-0.55561554,-0.82358879,0
-0.93859744,-0.11942095,-1.4630082,0.11398625,-0.55561554,-0.82358879,0
-1.2002757,-0.20771593,1.162185,-0.3227163,-0.80474418,0.49823785,0
-1.9144843,-0.58608317,0.0071570873,-0.3227163,-0.80474418,0.49823785,0
-1.7239848,0.38866276,-0.48205817,-0.93960702,0.20899326,-0.27103597,0
-0.83538854,1.2906071,-0.11646926,0.3227163,0.80474418,-0.49823785,0
1.8208202,0.76874197,0.99429792,0.93960702,-0.20899326,0.27103597,0
-1.464077,0.46946383,-1.8279893,-0.93960702,0.20899326,-0.27103597,0
-2.0184393,0.39821374,0.66553843,-0.11398625,0.55561554,0.82358879,0
0.80747205,-1.4482539,0.23721898,-0.3227163,-0.80474418,0.49823785,0
1.9545312,0.034515455,1.3639367,0.93960702,-0.20899326,0.27103597,0
1.7306587,-0.53070164,1.0850114,0.93960702,-0.20899326,0.27103597,0
-0.0030047297,-0.34107363,1.1675231,-0.3227163,-0.80474418,0.49823785,0
1.3121346,-0.70525509,1.7199038,-0.11398625,0.55561554,0.82358879,0
-2.1050692,-0.0097055435,0.23054612,-0.93960702,0.20899326,-0.27103597,0
2.2884839,-0.15654588,-0.35877419,0.93960702,-0.20899326,0.27103597,0
-2.2663867,0.53242147,0.22651803,-0.93960702,0.20899326,-0.27103597,0
1.6031294,0.98329818,0.90248257,-0.11398625,0.55561554,0.82358879,0
-2.0014262,0.14529717,0.30101287,-0.93960702,0.20899326,-0.27103597,0
1.8181744,0.1882675,1.1955696,0.93960702,-0.20899326,0.27103597,0
-0.69196343,-1.2584851,-0.37838271,0.11398625,-0.55561554,-0.82358879,0
-1.8514856,-0.74116677,-0.019213676,-0.3227163,-0.80474418,0.49823785,0
-1.5995315,-0.057616234,0.51424325,-0.3227163,-0.80474418,0.49823785,0
-1.513778,0.19094223,-1.558044,-0.93960702,0.20899326,-0.27103597,0
-0.20188403,1.1243409,-0.19405556,0.3227163,0.80474418,-0.49823785,0
0.79250073,0.60258871,-0.25412762,0.3227163,0.80474418,-0.49823785,0
0.66208988,1.0637748,0.80559677,-0.11398625,0.55561554,0.82358879,0
1.668541,-1.3558798,0.7733103,0.93960702,-0.20899326,0.27103597,0
-1.7556551,0.48988476,-1.036938,-0.93960702,0.20899326,-0.27103597,0
-1.0118707,-0.25488281,-1.0308301,0.11398625,-0.55561554,-0.82358879,0
1.7038701,0.59591484,1.1954577,-0.11398625,0.55561554,0.82358879,0
0.91647983,1.2197018,0.24111737,0.3227163,0.80474418,-0.49823785,0
0.55407965,-0.97971326,-0.36340854,0.11398625,-0.55561554,-0.82358879,0
-2.1156549,-0.39676651,-0.45218813,-0.93960702,0.20899326,-0.27103597,0
-1.7443228,1.1668539,-0.11635292,-0.93960702,0.20899326,-0.27103597,0
-1.8803346,0.52574205,-0.96714211,-0.93960702,0.20899326,-0.27103597,0
-1.7360793,1.1984466,0.12647605,-0.93960702,0.20899326,-0.27103597,0
-1.3693283,0.73506021,-1.4992855,-0.93960702,0.20899326,-0.27103597,0
1.8261769,0.56074572,1.0542196,-0.11398625,0.55561554,0.82358879,0
1.9641284,-0.65934867,0.26613617,0.93960702,-0.20899326,0.27103597,0
-0.42406398,0.86637551,-1.0017929,0.3227163,0.80474418,-0.49823785,0
-0.22324157,-0.75778991,0.43371856,-0.3227163,-0.80474418,0.49823785,0
-1.3548114,0.37365991,0.76643878,-0.11398625,0.55561554,0.82358879,0
0.51102793,-0.70313358,-0.58686888,0.11398625,-0.55561554,-0.82358879,0
-2.117202,0.2382471,-0.32680035,-0.93960702,0.20899326,-0.27103597,0
0.85444409,0.42389518,-0.61922932,0.3227163,0.80474418,-0.49823785,0
-1.1230432,1.1477351,0.25655353,-0.11398625,0.55561554,0.82358879,0
1.734635,-0.041379094,-0.57645684,0.3227163,0.80474418,-0.49823785,0
1.1865056,-0.84698635,-0.63510591,0.11398625,-0.55561554,-0.82358879,0
1.2731756,-0.96033108,-0.27405298,0.11398625,-0.55561554,-0.82358879,0
2.0541625,0.54745424,0.93846393,-0.11398625,0.55561554,0.82358879,0
0.1162861,-1.140808,0.2460779,-0.3227163,-0.80474418,0.49823785,0
-1.8629799,-0.34944034,0.57599336,-0.3227163,-0.80474418,0.49823785,0
1.9080541,-0.41096622,0.67746162,0.93960702,-0.20899326,0.27103597,0
-2.0511498,0.42684817,0.38182724,-0.93960702,0.20899326,-0.27103597,0
-0.18432343,-1.3459128,-0.055822223,-0.3227163,-0.80474418,0.49823785,0
0.88096219,-0.47024503,1.6561859,-0.11398625,0.55561554,0.82358879,0
-0.30983803,1.286231,-0.295228,0.3227163,0.80474418,-0.49823785,0
0.42656106,-1.2614962,-0.3300966,0.11398625,-0.55561554,-0.82358879,0
1.7354467,-0.6261642,1.3957144,0.93960702,-0.20899326,0.27103597,0
1.9648353,0.88782591,0.3075043,0.3227163,0.80474418,-0.49823785,0
-2.2979131,0.058247805,0.098679066,-0.93960702,0.20899326,-0.27103597,0
1.0242666,-1.2909746,0.59268284,-0.3227163,-0.80474418,0.49823785,0
0.72595531,-0.77349555,1.4333847,-0.3227163,-0.80474418,0.49823785,0
1.8371187,-0.21990633,0.13546097,0.93960702,-0.20899326,0.27103597,0
2.175482,0.6325224,0.96398365,0.93960702,-0.20899326,0.27103597,0
-1.1537423,1.2468047,-0.80370057,0.3227163,0.80474418,-0.49823785,0
1.5933933,-1.3947582,0.58025897,0.93960702,-0.20899326,0.27103597,0
1.6131413,-1.2512015,0.091338634,0.93960702,-0.20899326,0.27103597,0
1.477324,-0.65074337,1.1530207,0.93960702,-0.20899326,0.27103597,0
1.6700408,-0.52324748,1.7468625,0.93960702,-0.20899326,0.27103597,0
1.7469454,-0.60200065,0.56926739,0.93960702,-0.20899326,0.27103597,0
-1.551862,0.49933386,-1.0597,-0.93960702,0.20899326,-0.27103597,0
-2.098742,0.6809622,0.41329086,-0.11398625,0.55561554,0.82358879,0
-1.823091,0.83428359,-0.7851572,-0.93960702,0.20899326,-0.27103597,0
0.056222439,0.55999017,-1.4088473,0.3227163,0.80474418,-0.49823785,0
-2.2340918,-0.57087845,-0.60904741,-0.93960702,0.20899326,-0.27103597,0
0.92141396,-1.1952059,-0.12669122,0.11398625,-0.55561554,-0.82358879,0
0.21402389,1.1926689,-0.11609161,0.3227163,0.80474418,-0.49823785,0
0.13524368,-1.1112888,-0.66256595,0.11398625,-0.55561554,-0.82358879,0
2.0615909,0.83086598,0.90945762,0.93960702,-0.20899326,0.27103597,0
-1.8778412,0.95792955,-0.345474,-0.93960702,0.20899326,-0.27103597,0
-0.44665569,-1.0628916,0.25552949,-0.3227163,-0.80474418,0.49823785,0
-1.6228324,0.8519482,-1.5345576,-0.93960702,0.20899326,-0.27103597,0
-0.34844151,0.86028486,0.53695601,-0.11398625,0.55561554,0.82358879,0
-2.0129147,0.16011989,-0.46755219,-0.93960702,0.20899326,-0.27103597,0
-1.6428448,-0.1616075,0.31041926,-0.3227163,-0.80474418,0.49823785,0
-0.40421736,-0.87242883,-0.73548973,0.11398625,-0.55561554,-0.82358879,0
-1.9492657,0.56342751,-0.65363657,-0.93960702,0.20899326,-0.27103597,0
1.2123505,-0.60338449,1.5023907,-0.3227163,-0.80474418,0.49823785,0
0.69475746,1.0724885,-0.077554725,0.3227163,0.80474418,-0.49823785,0
1.2254013,0.81107479,0.97635072,-0.11398625,0.55561554,0.82358879,0
1.0487037,-1.3105941,0.01396513,0.11398625,-0.55561554,-0.82358879,0
1.4060282,-0.71705043,1.4316632,0.93960702,-0.20899326,0.27103597,0
2.1136599,0.68957496,1.0290319,0.93960702,-0.20899326,0.27103597,0
1.4309832,-0.90564674,1.0381647,0.93960702,-0.20899326,0.27103597,0
1.9104592,0.047237992,-1.0077009,0.3227163,0.80474418,-0.49823785,0
1.3197882,0.57635796,-0.11753184,0.3227163,0.80474418,-0.49823785,0
-1.7192829,0.58636767,-0.26153481,-0.93960702,0.20899326,-0.27103597,0
1.2929316,0.41129255,-0.55542988,0.3227163,0.80474418,-0.49823785,0
-0.071977615,-0.27549231,-1.0545188,0.11398625,-0.55561554,-0.82358879,0
-0.93880814,-0.5119099,0.33820626,-0.3227163,-0.80474418,0.49823785,0
-1.5681605,-0.15649617,0.98141879,-0.3227163,-0.80474418,0.49823785,0
1.9978497,0.87609023,0.85429692,-0.11398625,0.55561554,0.82358879,0
1.3460374,-0.0087718964,-0.96931052,0.3227163,0.80474418,-0.49823785,0
0.13066027,1.2066963,0.57603163,-0.11398625,0.55561554,0.82358879,0
1.8788139,0.20934114,0.33821201,0.93960702,-0.20899326,0.27103597,0
-1.4279901,0.60301083,-1.971911,0.11398625,-0.55561554,-0.82358879,0
-2.1091762,-0.66030228,-0.24676967,-0.93960702,0.20899326,-0.27103597,0
0.38342649,-0.39533085,1.4810185,-0.11398625,0.55561554,0.82358879,0
-1.2812443,-0.97787613,-0.86303651,0.11398625,-0.55561554,-0.82358879,0
1.3835437,0.63099736,0.11512291,0.3227163,0.80474418,-0.49823785,0
-0.97716492,-0.46133247,0.79877949,-0.3227163,-0.80474418,0.49823785,0
0.2849158,-0.59206104,-0.79694188,0.11398625,-0.55561554,-0.82358879,0
-1.5703831,0.79453933,-1.0634954,-0.93960702,0.20899326,-0.27103597,0
1.749393,-0.74834657,1.4635931,0.93960702,-0.20899326,0.27103597,0
1.6076701,-0.36920419,0.87797105,0.93960702,-0.20899326,0.27103597,0
1.5556278,-0.33943236,-0.94884092,0.11398625,-0.55561554,-0.82358879,0
0.39292854,1.0452337,0.68622708,-0.11398625,0.55561554,0.82358879,0
-1.9426209,0.72760606,0.45890391,-0.93960702,0.20899326,-0.27103597,0
-1.8851969,1.0217502,0.027517319,-0.93960702,0.20899326,-0.27103597,0
1.3119298,0.23567457,1.1918147,-0.11398625,0.55561554,0.82358879,0
1.927009,-0.69109654,0.053437471,0.93960702,-0.20899326,0.27103597,0
-0.49635541,0.90513903,-1.2152923,0.3227163,0.80474418,-0.49823785,0
-0.39922124,1.1286829,0.52806592,-0.11398625,0.55561554,0.82358879,0
1.0603677,-1.0835836,0.7801826,-0.3227163,-0.80474418,0.49823785,0
1.7406183,0.26403832,1.4003489,0.93960702,-0.20899326,0.27103597,0
1.6270368,-1.6411469,-0.058590889,0.93960702,-0.20899326,0.27103597,0
-0.82576638,0.59350586,0.63999999,-0.11398625,0.55561554,0.82358879,0
1.8350838,-0.10166267,1.1465765,0.93960702,-0.20899326,0.27103597,0
-2.1999378,-0.55373663,-0.52620137,-0.93960702,0.20899326,-0.27103597,0
1.2404892,-1.6386043,0.21755981,-0.3227163,-0.80474418,0.49823785,0
2.216289,0.49885339,0.58639276,0.93960702,-0.20899326,0.27103597,0
-0.98559231,-1.2010493,-0.42745423,-0.3227163,-0.80474418,0.49823785,0
-1.9294028,-0.88108695,-0.68876368,0.11398625,-0.55561554,-0.82358879,0
-0.29061687,-0.35753113,1.2134463,-0.11398625,0.55561554,0.82358879,0
-0.0057563782,0.62473583,1.014755,-0.11398625,0.55561554,0.82358879,0
0.67443961,-0.059859753,-1.0199142,0.11398625,-0.55561554,-0.82358879,0
2.1586645,-0.2263127,0.34851265,0.93960702,-0.20899326,0.27103597,0
2.1648736,0.43454003,0.028828621,0.3227163,0.80474418,-0.49823785,0
1.8597848,0.60972297,0.67455769,0.93960702,-0.20899326,0.27103597,0
0.25511631,-0.38209349,-0.70798624,0.11398625,-0.55561554,-0.82358879,0
-0.21716529,0.48419264,-1.4722924,0.11398625,-0.55561554,-0.82358879,0
-0.018163472,-0.98012364,-0.72708267,0.11398625,-0.55561554,-0.82358879,0
1.4450511,0.42472485,1.0110141,-0.11398625,0.55561554,0.82358879,0
0.029365897,-1.2208083,0.3202399,-0.3227163,-0.80474418,0.49823785,0
-1.7792519,0.43048429,-1.3422401,-0.93960702,0.20899326,-0.27103597,0
-1.1724261,-0.7223379,-1.0871584,0.11398625,-0.55561554,-0.82358879,0
1.7456002,-1.0596337,0.19277227,0.93960702,-0.20899326,0.27103597,0
1.4142299,-0.49929732,1.6772614,0.93960702,-0.20899326,0.27103597,0
-0.035443395,1.2957014,0.091877162,0.3227163,0.80474418,-0.49823785,0
1.1650877,-1.3697798,0.045154572,0.11398625,-0.55561554,-0.82358879,0
-0.94764411,-1.007905,-0.64509511,0.11398625,-0.55561554,-0.82358879,0
-0.021056771,-0.26814157,1.3893505,-0.3227163,-0.80474418,0.49823785,0
1.5578728,-0.80616188,0.74644923,0.93960702,-0.20899326,0.27103597,0
2.0034349,0.22469342,-0.45486891,0.3227163,0.80474418,-0.49823785,0
-1.3867345,1.5486661,-0.6064055,0.3227163,0.80474418,-0.49823785,0
1.8849857,0.34323817,1.0698876,0.93960702,-0.20899326,0.27103597,0
-0.7423687,-1.2755866,-0.18084562,-0.3227163,-0.80474418,0.49823785,0
-0.039625764,1.3748207,-0.16770566,0.3227163,0.80474418,-0.49823785,0
2.0020065,1.0151569,0.5914439,0.3227163,0.80474418,-0.49823785,0
1.9328598,-0.63920343,0.40756059,0.93960702,-0.20899326,0.27103597,0
0.05770874,1.4216214,0.24141306,0.3227163,0.80474418,-0.49823785,0
1.6298965,-0.029982984,1.4383725,-0.11398625,0.55561554,0.82358879,0
-1.8074503,0.98134595,-0.75846708,-0.93960702,0.20899326,-0.27103597,0
2.2716022,-0.14372861,-0.35579729,0.93960702,-0.20899326,0.27103597,0
-2.0337317,-0.27853721,-0.044645905,-0.3227163,-0.80474418,0.49823785,0
-1.8019792,-0.8038702,-0.7961235,-0.3227163,-0.80474418,0.49823785,0
0.29376036,-0.19276983,-1.1908762,0.11398625,-0.55561554,-0.82358879,0
1.2157108,0.72077751,0.66568118,-0.11398625,0.55561554,0.82358879,0
-0.017911375,0.073662311,-1.2055775,0.11398625,-0.55561554,-0.82358879,0
1.2997371,-0.90472329,1.5921612,0.93960702,-0.20899326,0.27103597,0
1.9876866,-1.1000803,0.025525331,0.93960702,-0.20899326,0.27103597,0
-0.2425772,-0.9762128,-0.078508839,-0.3227163,-0.80474418,0.49823785,0
0.72978425,0.65880346,-0.57786137,0.3227163,0.80474418,-0.49823785,0
-0.60218549,-0.60455436,0.50343281,-0.3227163,-0.80474418,0.49823785,0
-2.222317,-0.6774084,-0.93235898,-0.93960702,0.20899326,-0.27103597,0
-1.7586944,0.46808982,-0.62870622,-0.93960702,0.20899326,-0.27103597,0
-1.9815325,0.41420788,0.15622926,-0.93960702,0.20899326,-0.27103597,0
-2.0111516,-0.47251618,-0.65189981,-0.93960702,0.20899326,-0.27103597,0
-1.2681565,-1.0596256,-0.46803343,-0.3227163,-0.80474418,0.49823785,0
-0.82864505,-0.61118025,0.3729248,-0.3227163,-0.80474418,0.49823785,0
-1.5198286,1.5558605,0.10547233,-0.11398625,0.55561554,0.82358879,0
-0.26883596,0.89328951,-0.78190464,0.3227163,0.80474418,-0.49823785,0
1.6355226,0.30601555,-0.40655822,0.3227163,0.80474418,-0.49823785,0
0.81577724,-0.69988203,-0.85408819,0.11398625,-0.55561554,-0.82358879,0
1.4300971,-1.0567341,0.89563262,-0.3227163,-0.80474418,0.49823785,0
-1.5737996,-0.10695732,0.83537543,-0.3227163,-0.80474418,0.49823785,0
-0.024232447,-0.36552751,-1.1446662,0.11398625,-0.55561554,-0.82358879,0
-1.2783558,-0.68888408,0.30221087,-0.3227163,-0.80474418,0.49823785,0
0.29580617,0.035189807,-1.3595064,0.11398625,-0.55561554,-0.82358879,0
-1.4189448,0.33743346,-1.5746403,0.11398625,-0.55561554,-0.82358879,0
-1.9224855,-0.8199805,-0.68002939,-0.93960702,0.20899326,-0.27103597,0
-1.5174671,1.2657351,-0.8736335,-0.93960702,0.20899326,-0.27103597,0
-0.80823487,0.64044684,-1.6904678,0.3227163,0.80474418,-0.49823785,0
-2.440419,0.17207193,0.54572451,-0.93960702,0.20899326,-0.27103597,0
0.9132067,0.49679604,0.99098122,-0.11398625,0.55561554,0.82358879,0
-0.18149912,-0.47192982,-0.76721752,0.11398625,-0.55561554,-0.82358879,0
1.7075734,-1.7385632,0.30410624,-0.3227163,-0.80474418,0.49823785,0
1.3711901,-0.64886349,1.442247,0.93960702,-0.20899326,0.27103597,0
-1.7378876,-0.090945929,-0.96846533,-0.93960702,0.20899326,-0.27103597,0
0.11545205,0.73418713,-1.1305021,0.3227163,0.80474418,-0.49823785,0
1.9901248,0.077211201,0.14710891,0.93960702,-0.20899326,0.27103597,0
-0.44395649,1.2767146,-0.5355798,0.3227163,0.80474418,-0.49823785,0
-1.8794404,0.75340855,0.54156387,-0.11398625,0.55561554,0.82358879,0
-0.64979535,-0.29061487,1.1003817,-0.3227163,-0.80474418,0.49823785,0
-1.4728364,-0.66199219,-0.1821723,-0.3227163,-0.80474418,0.49823785,0
1.0515064,-0.21440661,-0.89310133,0.11398625,-0.55561554,-0.82358879,0
-1.8770022,-0.072638541,-1.0906031,-0.93960702,0.20899326,-0.27103597,0
-1.7050887,1.255779,-0.51828849,-0.93960702,0.20899326,-0.27103597,0
0.11867261,-0.46719551,-1.0805578,0.11398625,-0.55561554,-0.82358879,0
2.0855923,0.3338834,-0.30686837,0.3227163,0.80474418,-0.49823785,0
-1.5668762,0.13542417,-1.4470636,0.11398625,-0.55561554,-0.82358879,0
2.111747,-0.53913283,-0.57246578,0.93960702,-0.20899326,0.27103597,0
-1.0091171,0.82615054,0.27957606,-0.11398625,0.55561554,0.82358879,0
-2.0226746,-0.53088224,-0.9397366,0.11398625,-0.55561554,-0.82358879,0
0.58212692,0.78971469,-0.55068952,0.3227163,0.80474418,-0.49823785,0
-0.61585528,1.2533777,0.20361811,-0.11398625,0.55561554,0.82358879,0
1.0578451,-1.4398344,0.22064602,-0.3227163,-0.80474418,0.49823785,0
-1.7843775,0.98682839,0.10217738,-0.93960702,0.20899326,-0.27103597,0
-1.9291527,0.20610449,-1.2285414,-0.93960702,0.20899326,-0.27103597,0
1.9546545,-0.5560438,0.5947721,0.93960702,-0.20899326,0.27103597,0
0.63830131,-1.1582699,-0.42941535,0.11398625,-0.55561554,-0.82358879,0
-0.7938484,1.515183,0.15950954,-0.11398625,0.55561554,0.82358879,0
2.2187989,-0.53219116,-0.099484801,0.93960702,-0.20899326,0.27103597,0
-0.10152531,-0.19861215,-1.1084073,0.11398625,-0.55561554,-0.82358879,0
0.29200318,0.41026899,1.1107987,-0.11398625,0.55561554,0.82358879,0
-1.4942379,1.531513,-0.4442879,0.3227163,0.80474418,-0.49823785,0
-0.62724841,1.1265932,0.16584176,-0.11398625,0.55561554,0.82358879,0
0.45896715,-0.8476159,1.1033314,-0.3227163,-0.80474418,0.49823785,0
-1.8971857,-0.16279769,-0.39083624,-0.93960702,0.20899326,-0.27103597,0
-0.75487244,1.4787412,0.27954656,-0.11398625,0.55561554,0.82358879,0
1.0691147,0.38604566,1.3336751,-0.11398625,0.55561554,0.82358879,0
1.8295822,0.53621131,-0.32963967,0.3227163,0.80474418,-0.49823785,0
0.52284586,-0.70092142,-0.57266635,0.11398625,-0.55561554,-0.82358879,0
0.56677264,-0.4582254,1.4226911,-0.3227163,-0.80474418,0.49823785,0
-0.73428923,1.0744075,-1.0222368,0.3227163,0.80474418,-0.49823785,0
-1.5444431,1.2566998,-0.88748968,-0.93960702,0.20899326,-0.27103597,0
-1.3697855,1.6377075,-0.47365296,0.3227163,0.80474418,-0.49823785,0
0.95166314,-0.38670361,-0.86124468,0.11398625,-0.55561554,-0.82358879,0
-0.25600237,0.13372582,-1.3145332,0.11398625,-0.55561554,-0.82358879,0
-1.4601367,0.12663078,0.69430721,-0.11398625,0.55561554,0.82358879,0
1.8043737,-0.46498966,-0.63151616,0.11398625,-0.55561554,-0.82358879,0
1.9809002,0.33380234,-0.37496656,0.3227163,0.80474418,-0.49823785,0
0.15356016,0.29851013,-1.4577128,0.11398625,-0.55561554,-0.82358879,0
-2.1199715,0.20811135,-0.38563335,-0.93960702,0.20899326,-0.27103597,0
1.6631498,-1.091759,0.55132604,0.93960702,-0.20899326,0.27103597,0
-1.4567149,-0.033051848,1.0149484,-0.3227163,-0.80474418,0.49823785,0
1.9633834,-0.67834771,-0.23712325,0.93960702,-0.20899326,0.27103597,0
1.9223425,-0.97984004,0.16456699,0.93960702,-0.20899326,0.27103597,0
1.6764097,-1.2410064,-0.087265134,0.11398625,-0.55561554,-0.82358879,0
-0.48259649,1.405885,-0.013872623,0.3227163,0.80474418,-0.49823785,0
-2.2481744,-0.31884408,0.36002064,-0.93960702,0.20899326,-0.27103597,0
1.7664517,-1.172492,0.44612539,0.93960702,-0.20899326,0.27103597,0
1.6626762,0.8141644,0.41306973,0.3227163,0.80474418,-0.49823785,0
-1.5782545,0.42593816,-1.1016258,-0.93960702,0.20899326,-0.27103597,0
1.0452956,1.0010376,0.3010951,0.3227163,0.80474418,-0.49823785,0
-1.2123753,0.25183654,0.70682383,-0.11398625,0.55561554,0.82358879,0
0.97190928,-0.49214435,1.5940216,-0.3227163,-0.80474418,0.49823785,0
2.2938313,0.086720824,-0.17975247,0.93960702,-0.20899326,0.27103597,0
-0.46528083,-0.6737833,0.60913134,-0.3227163,-0.80474418,0.49823785,0
-1.1595365,0.1647594,-1.565446,0.11398625,-0.55561554,-0.82358879,0
0.081565976,-0.77251971,0.80242825,-0.3227163,-0.80474418,0.49823785,0
1.5154195,-0.87194902,1.3656278,0.93960702,-0.20899326,0.27103597,0
1.9714226,-0.66098088,0.60459673,0.93960702,-0.20899326,0.27103597,0
-0.1697747,1.2204095,0.12814766,0.3227163,0.80474418,-0.49823785,0
1.2339698,-0.79672641,1.5046321,-0.3227163,-0.80474418,0.49823785,0
-2.2318332,0.2999748,0.5048188,-0.93960702,0.20899326,-0.27103597,0
0.55323887,1.4224072,0.29151836,0.3227163,0.80474418,-0.49823785,0
1.5387369,0.77560377,-0.01170367,0.3227163,0.80474418,-0.49823785,0
-0.55166221,-1.0439181,-0.6442492,0.11398625,-0.55561554,-0.82358879,0
-1.7822092,0.78536654,-0.77582729,-0.93960702,0.20899326,-0.27103597,0
0.21103132,0.61289716,-0.78742421,0.3227163,0.80474418,-0.49823785,0
-2.1862791,-0.80314809,-1.1336991,-0.93960702,0.20899326,-0.27103597,0
0.089096487,-0.90571177,0.4083451,-0.3227163,-0.80474418,0.49823785,0
-1.4218514,0.98113197,-1.2706469,-0.93960702,0.20899326,-0.27103597,0
0.14132947,-0.90615851,0.3526538,-0.3227163,-0.80474418,0.49823785,0
-1.556302,0.18531203,0.84949446,-0.11398625,0.55561554,0.82358879,0
-1.6587017,-0.3795203,-1.1014323,0.11398625,-0.55561554,-0.82358879,0
0.5456565,0.54576504,0.84063172,-0.11398625,0.55561554,0.82358879,0
1.8525648,0.24634343,-0.10335517,0.3227163,0.80474418,-0.49823785,0
-0.64264828,-0.95955086,0.062553622,-0.3227163,-0.80474418,0.49823785,0
1.9410235,-1.1543182,-0.32937253,0.11398625,-0.55561554,-0.82358879,0
0.58157396,-1.4046344,0.091579676,-0.3227163,-0.80474418,0.49823785,0
-1.8685541,1.4007716,-0.073100686,-0.93960702,0.20899326,-0.27103597,0
-2.1372449,-0.15223765,0.47971731,-0.93960702,0.20899326,-0.27103597,0
-0.59929478,0.5529685,-1.4330657,0.3227163,0.80474418,-0.49823785,0
1.616907,-0.26970983,-0.86865306,0.11398625,-0.55561554,-0.82358879,0
-1.3056285,1.348778,0.048290133,-0.11398625,0.55561554,0.82358879,0
0.69452667,-0.32548994,1.453367,-0.11398625,0.55561554,0.82358879,0
-1.225861,0.75309813,0.58761609,-0.11398625,0.55561554,0.82358879,0
-1.9614024,0.51231337,-0.85222673,-0.93960702,0.20899326,-0.27103597,0
-2.1060758,0.87331796,0.33441007,-0.93960702,0.20899326,-0.27103597,0
-1.3974656,0.91790903,0.19903123,-0.11398625,0.55561554,0.82358879,0
-0.021027744,-1.3090067,-0.12602651,0.11398625,-0.55561554,-0.82358879,0
-0.10209811,0.63193196,-1.3343271,0.3227163,0.80474418,-0.49823785,0
-1.9591491,0.2393294,-0.049120307,-0.93960702,0.20899326,-0.27103597,0
-0.683833,0.73786736,-1.4482708,0.3227163,0.80474418,-0.49823785,0
-2.0743392,-0.025710285,-0.10203648,-0.93960702,0.20899326,-0.27103597,0
-0.051793516,-1.0090371,0.5835076,-0.3227163,-0.80474418,0.49823785,0
0.50600952,-0.83649552,1.0122887,-0.3227163,-0.80474418,0.49823785,0
-1.0674255,1.0955079,0.32810795,-0.11398625,0.55561554,0.82358879,0
-2.1412635,0.13718081,0.044204235,-0.93960702,0.20899326,-0.27103597,0
1.6050558,-0.96232599,1.1781055,0.93960702,-0.20899326,0.27103597,0
-1.5932485,0.74969822,-1.7869697,-0.93960702,0.20899326,-0.27103597,0
0.86090112,-1.2052653,0.37945771,-0.3227163,-0.80474418,0.49823785,0
-1.832689,0.4744482,0.54668748,-0.11398625,0.55561554,0.82358879,0
1.7373912,-0.65181565,1.4359168,0.93960702,-0.20899326,0.27103597,0
1.4705533,-0.3440046,1.6746553,0.93960702,-0.20899326,0.27103597,0
-1.059396,0.89032513,0.35399044,-0.11398625,0.55561554,0.82358879,0
0.4736242,-1.0423509,-0.60284239,0.11398625,-0.55561554,-0.82358879,0
-1.5000067,1.1821127,-0.80380285,-0.93960702,0.20899326,-0.27103597,0
-2.0632288,1.2041713,0.28985381,-0.93960702,0.20899326,-0.27103597,0
1.902137,-0.17166519,-0.017300367,0.93960702,-0.20899326,0.27103597,0
