-1.6710434,-1.6705959,-0.43161821,-0.64332974,-0.74371219,-0.18171126,0
0.95943761,0.041332126,-0.83943248,0.60774517,-0.35175717,-0.71197808,0
2.1382966,1.5211827,0.61109424,0.64332974,0.74371219,0.18171126,0
-0.75687826,0.97073084,0.49779612,-0.60774517,0.35175717,0.71197808,0
-0.8525759,0.66268492,-0.55638582,-0.46558851,0.56847084,-0.67828333,0
-1.7781308,-2.1651349,0.30479789,-0.64332974,-0.74371219,-0.18171126,0
-1.0260694,-0.14160395,0.73519099,-0.60774517,0.35175717,0.71197808,0
-2.2587378,-0.95693958,-0.26644742,-0.60774517,0.35175717,0.71197808,0
0.68028015,1.2306601,1.2992187,-0.60774517,0.35175717,0.71197808,0
0.72522593,2.3685222,0.58808708,0.64332974,0.74371219,0.18171126,0
0.36172748,2.6667845,0.60414839,-0.60774517,0.35175717,0.71197808,0
-0.64761937,-2.8788698,-0.34864378,-0.64332974,-0.74371219,-0.18171126,0
-0.32822463,0.00059401989,-1.4246472,-0.46558851,0.56847084,-0.67828333,0
-2.4348171,-1.0680449,-0.35091269,-0.64332974,-0.74371219,-0.18171126,0
2.2366874,1.3231192,-0.1403501,0.64332974,0.74371219,0.18171126,0
-0.3493644,-0.87645245,-1.3413928,0.60774517,-0.35175717,-0.71197808,0
-2.0083146,-1.1687043,-1.0784734,-0.64332974,-0.74371219,-0.18171126,0
1.7457874,2.213083,-0.4357481,0.64332974,0.74371219,0.18171126,0
0.77729225,2.6886201,0.39766812,0.64332974,0.74371219,0.18171126,0
-1.4503306,-0.43077198,-0.77118987,-0.46558851,0.56847084,-0.67828333,0
-1.7673441,-2.0788348,-0.091696978,-0.64332974,-0.74371219,-0.18171126,0
-1.8966672,-1.4810976,0.46370983,-0.60774517,0.35175717,0.71197808,0
1.4801664,1.67916,1.4783483,0.64332974,0.74371219,0.18171126,0
0.66733104,-0.37394196,0.80892015,0.46558851,-0.56847084,0.67828333,0
0.79768741,0.23322925,1.1838632,0.46558851,-0.56847084,0.67828333,0
1.7177413,1.8552539,0.74913251,0.64332974,0.74371219,0.18171126,0
0.052808598,-0.57517928,-0.98215127,0.60774517,-0.35175717,-0.71197808,0
1.6195688,1.9857595,-0.55774605,0.64332974,0.74371219,0.18171126,0
-1.5516567,-1.9186556,-0.90466237,-0.64332974,-0.74371219,-0.18171126,0
-0.74928677,0.60295528,-0.4849565,-0.46558851,0.56847084,-0.67828333,0
-1.6559963,-1.3154178,-1.467433,-0.46558851,0.56847084,-0.67828333,0
-1.7082758,-0.31847405,0.11324608,-0.60774517,0.35175717,0.71197808,0
0.20880459,0.85348123,1.3204086,-0.60774517,0.35175717,0.71197808,0
1.2396535,1.2755817,1.6359773,0.46558851,-0.56847084,0.67828333,0
-0.026247315,-0.53750491,-1.2875299,0.60774517,-0.35175717,-0.71197808,0
-1.71945,-2.079742,0.36887789,-0.64332974,-0.74371219,-0.18171126,0
-0.5513469,0.48263061,0.90263259,-0.60774517,0.35175717,0.71197808,0
-1.0451641,-2.1208463,-0.31822658,-0.64332974,-0.74371219,-0.18171126,0
-2.0609374,-1.3399359,0.55760396,-0.60774517,0.35175717,0.71197808,0
-0.88054961,-2.4018264,-0.70322108,-0.64332974,-0.74371219,-0.18171126,0
-0.023318052,-0.94575936,0.51644576,0.46558851,-0.56847084,0.67828333,0
1.0649905,2.1778977,0.6121552,0.64332974,0.74371219,0.18171126,0
1.5830693,1.6402488,1.7735102,-0.60774517,0.35175717,0.71197808,0
0.78079277,0.62186515,-0.95096272,0.60774517,-0.35175717,-0.71197808,0
-0.70346653,0.29947406,-0.96333826,-0.46558851,0.56847084,-0.67828333,0
2.1510746,1.4000651,0.69934237,0.64332974,0.74371219,0.18171126,0
1.9177899,0.71411598,0.94972229,0.46558851,-0.56847084,0.67828333,0
0.97089124,0.29277921,-0.57737929,0.60774517,-0.35175717,-0.71197808,0
2.3272743,1.3394068,0.96488273,0.64332974,0.74371219,0.18171126,0
0.68365997,-1.3440763,0.060623169,0.60774517,-0.35175717,-0.71197808,0
1.8107549,1.5018216,1.1026596,0.64332974,0.74371219,0.18171126,0
-0.84520644,-1.8938684,-1.0865166,0.60774517,-0.35175717,-0.71197808,0
-2.0445335,-1.6391668,-0.0080089569,-0.64332974,-0.74371219,-0.18171126,0
0.13817817,-1.2016065,-0.59913129,0.60774517,-0.35175717,-0.71197808,0
-1.7740567,-1.3697618,-1.6189687,-0.46558851,0.56847084,-0.67828333,0
1.2570112,1.5790216,1.5688232,-0.60774517,0.35175717,0.71197808,0
1.1344929,2.3011661,0.44361234,0.64332974,0.74371219,0.18171126,0
1.2390747,1.8511124,1.49054,-0.60774517,0.35175717,0.71197808,0
1.5568241,1.6184865,1.517331,0.64332974,0.74371219,0.18171126,0
-0.61664295,-1.3703685,0.46992958,0.46558851,-0.56847084,0.67828333,0
-0.64038956,1.3024262,-0.018967748,-0.60774517,0.35175717,0.71197808,0
1.4406617,2.0958097,-0.25144601,0.64332974,0.74371219,0.18171126,0
-0.1255694,-1.6707641,-0.85765171,0.60774517,-0.35175717,-0.71197808,0
0.72433621,0.18423653,-0.7860415,0.60774517,-0.35175717,-0.71197808,0
-0.27190876,1.0254588,-0.17089438,-0.46558851,0.56847084,-0.67828333,0
1.1991174,1.9253176,0.80816996,0.64332974,0.74371219,0.18171126,0
1.5615075,2.1113675,0.62598896,0.64332974,0.74371219,0.18171126,0
1.6505816,1.8871328,-0.024151564,0.64332974,0.74371219,0.18171126,0
-0.23417199,1.917136,0.34941375,-0.60774517,0.35175717,0.71197808,0
-1.2169302,0.96787089,-0.012685537,-0.46558851,0.56847084,-0.67828333,0
-0.60364705,-0.0015888214,-1.0293387,-0.46558851,0.56847084,-0.67828333,0
-0.31559712,0.29195708,-1.2848042,-0.46558851,0.56847084,-0.67828333,0
-1.3312985,-2.4071009,0.27332497,-0.64332974,-0.74371219,-0.18171126,0
-0.9981252,-0.41746569,0.58238578,-0.60774517,0.35175717,0.71197808,0
1.233721,0.70021546,-0.72449839,0.60774517,-0.35175717,-0.71197808,0
-0.29172039,-0.15775001,1.2634408,-0.60774517,0.35175717,0.71197808,0
-0.18437386,-0.18672132,1.1728823,0.46558851,-0.56847084,0.67828333,0
-1.6634431,-1.6351423,-1.1931616,-0.64332974,-0.74371219,-0.18171126,0
-0.65184343,-2.3068023,-0.8780663,0.60774517,-0.35175717,-0.71197808,0
-0.18982506,-1.5281854,-1.0623593,0.60774517,-0.35175717,-0.71197808,0
-0.47839302,1.1045125,-0.1431998,-0.46558851,0.56847084,-0.67828333,0
-0.78923196,-1.5772048,0.82157993,0.46558851,-0.56847084,0.67828333,0
-0.39456534,0.75475109,-0.82397097,-0.46558851,0.56847084,-0.67828333,0
-1.5210946,-1.2425799,0.58369899,-0.60774517,0.35175717,0.71197808,0
-1.8904108,-1.810921,-0.28486657,-0.64332974,-0.74371219,-0.18171126,0
-1.38963,0.16606486,0.035956495,-0.60774517,0.35175717,0.71197808,0
-0.27000901,-0.03727138,-1.4678334,-0.46558851,0.56847084,-0.67828333,0
-2.3597074,-0.38651884,-0.20947731,-0.60774517,0.35175717,0.71197808,0
-1.114593,-2.2615678,-0.49926257,-0.64332974,-0.74371219,-0.18171126,0
2.2988467,1.228456,0.98880696,0.46558851,-0.56847084,0.67828333,0
1.9572626,1.0259038,0.81274009,0.46558851,-0.56847084,0.67828333,0
-0.37638855,0.10370648,0.82283688,-0.60774517,0.35175717,0.71197808,0
-0.44565713,-1.7005038,0.39620268,0.46558851,-0.56847084,0.67828333,0
-2.3826537,-0.99932903,-0.70321512,-0.46558851,0.56847084,-0.67828333,0
1.8978887,1.7621104,-0.71694076,0.64332974,0.74371219,0.18171126,0
1.7602499,0.64644277,0.96564257,0.46558851,-0.56847084,0.67828333,0
-2.3292742,-1.0183181,-0.38687479,-0.64332974,-0.74371219,-0.18171126,0
-0.064014547,-0.31928277,-1.4193189,0.60774517,-0.35175717,-0.71197808,0
-0.30650175,-1.4192812,0.58457041,0.46558851,-0.56847084,0.67828333,0
-1.5696123,-1.982993,0.60322821,-0.64332974,-0.74371219,-0.18171126,0
-1.2155532,-0.3758167,0.61455244,-0.60774517,0.35175717,0.71197808,0
-1.2629669,-0.99476498,-1.4100107,-0.46558851,0.56847084,-0.67828333,0
1.3932383,1.804358,1.4292955,-0.60774517,0.35175717,0.71197808,0
-0.66823202,-1.8293142,-0.93306601,0.60774517,-0.35175717,-0.71197808,0
-1.7207272,-1.5964625,-1.1170924,-0.64332974,-0.74371219,-0.18171126,0
-1.8896294,-0.66745389,-0.74819231,-0.46558851,0.56847084,-0.67828333,0
-0.59240192,-0.40856534,-1.3127238,-0.46558851,0.56847084,-0.67828333,0
0.37825626,0.44021934,1.325937,-0.60774517,0.35175717,0.71197808,0
-1.0645293,-0.50974941,-1.3109807,-0.46558851,0.56847084,-0.67828333,0
0.10048187,1.4862059,-0.061930895,-0.46558851,0.56847084,-0.67828333,0
-0.24766994,-1.748379,-0.5905242,0.60774517,-0.35175717,-0.71197808,0
0.70563126,-0.72672445,-0.40483078,0.60774517,-0.35175717,-0.71197808,0
1.0590839,1.241447,-0.9110347,-0.46558851,0.56847084,-0.67828333,0
0.5311141,-1.0437794,0.41244274,0.46558851,-0.56847084,0.67828333,0
-0.047587991,1.5666285,0.33335948,-0.60774517,0.35175717,0.71197808,0
-2.2921205,-1.4186065,-0.29665422,-0.64332974,-0.74371219,-0.18171126,0
1.3510513,1.7886703,1.6312146,0.64332974,0.74371219,0.18171126,0
-0.65307498,0.096550703,0.8089332,-0.60774517,0.35175717,0.71197808,0
0.22878855,-0.020495415,-1.3928941,0.60774517,-0.35175717,-0.71197808,0
-0.2423563,-0.67253864,1.3390266,0.46558851,-0.56847084,0.67828333,0
0.81498915,1.283945,-1.0342681,-0.46558851,0.56847084,-0.67828333,0
0.15804613,0.90052974,-0.69885159,-0.46558851,0.56847084,-0.67828333,0
0.53497875,-0.46869135,-0.55790722,0.60774517,-0.35175717,-0.71197808,0
1.0147129,2.1254487,1.3801842,-0.60774517,0.35175717,0.71197808,0
-1.2243547,-2.2418685,-1.1376503,-0.64332974,-0.74371219,-0.18171126,0
-0.84500456,-2.3681853,0.31542397,0.46558851,-0.56847084,0.67828333,0
0.29149193,1.2674651,-0.81247854,-0.46558851,0.56847084,-0.67828333,0
1.6870277,0.73769891,0.92874837,0.46558851,-0.56847084,0.67828333,0
0.31600416,0.90028411,-1.001976,-0.46558851,0.56847084,-0.67828333,0
-1.7754476,-0.11917353,-0.26790082,-0.60774517,0.35175717,0.71197808,0
-0.90899479,-1.3461438,0.87612224,0.46558851,-0.56847084,0.67828333,0
0.87815201,2.1254797,-0.50351119,-0.46558851,0.56847084,-0.67828333,0
2.0221829,0.91635323,0.020885825,0.60774517,-0.35175717,-0.71197808,0
2.1022377,1.5991578,0.10248697,0.64332974,0.74371219,0.18171126,0
-0.030012012,1.7988316,-0.13660967,-0.46558851,0.56847084,-0.67828333,0
1.0908161,0.24127941,0.63399476,0.46558851,-0.56847084,0.67828333,0
-1.9759854,-1.4014819,-0.17828405,-0.64332974,-0.74371219,-0.18171126,0
1.4482149,2.3652511,-0.27060008,0.64332974,0.74371219,0.18171126,0
-1.2496126,-2.3371174,0.31416059,-0.64332974,-0.74371219,-0.18171126,0
0.71927947,0.6573053,1.7674739,0.46558851,-0.56847084,0.67828333,0
1.3833625,1.6248412,-1.2277541,-0.46558851,0.56847084,-0.67828333,0
-2.1168828,-1.1802299,-0.58932495,-0.64332974,-0.74371219,-0.18171126,0
1.5012395,2.034435,-0.75358081,-0.46558851,0.56847084,-0.67828333,0
-0.12286843,-0.054132342,-1.1798122,-0.46558851,0.56847084,-0.67828333,0
-0.35853139,0.62597972,0.8098346,-0.60774517,0.35175717,0.71197808,0
2.3082771,1.2811695,0.8226043,0.64332974,0.74371219,0.18171126,0
1.6376942,2.0295186,-0.6704787,0.64332974,0.74371219,0.18171126,0
0.97706151,2.5161989,0.17124343,0.64332974,0.74371219,0.18171126,0
0.1505253,0.28579342,-1.1688606,0.60774517,-0.35175717,-0.71197808,0
-0.42438775,0.55153322,-0.87253201,-0.46558851,0.56847084,-0.67828333,0
1.423543,1.0330935,1.5087343,0.46558851,-0.56847084,0.67828333,0
-1.3385155,-0.4861027,-1.0144489,-0.46558851,0.56847084,-0.67828333,0
0.35427588,-0.19045866,-1.0890332,0.60774517,-0.35175717,-0.71197808,0
-0.36492378,-1.1026127,0.55620503,0.46558851,-0.56847084,0.67828333,0
-1.3376896,-1.7642763,-1.3936276,-0.64332974,-0.74371219,-0.18171126,0
1.5917165,0.98854864,1.0873067,0.46558851,-0.56847084,0.67828333,0
-1.0063665,-2.5722651,0.10056973,0.46558851,-0.56847084,0.67828333,0
-0.20516062,-0.090862989,-1.3831643,-0.46558851,0.56847084,-0.67828333,0
1.3597484,1.8429298,0.31118464,0.64332974,0.74371219,0.18171126,0
-1.3543446,-0.29653299,-0.88681954,-0.46558851,0.56847084,-0.67828333,0
1.1979517,2.080451,0.79649353,0.64332974,0.74371219,0.18171126,0
0.69186544,2.5183537,0.34050012,0.64332974,0.74371219,0.18171126,0
-1.3579655,-1.1658118,-1.3010666,-0.46558851,0.56847084,-0.67828333,0
0.91279709,2.3101647,0.0041825771,0.64332974,0.74371219,0.18171126,0
-0.168734,0.46832031,0.79974216,-0.60774517,0.35175717,0.71197808,0
2.5691109,0.78161252,0.19961667,0.60774517,-0.35175717,-0.71197808,0
1.4664788,2.1611483,-0.39651155,0.64332974,0.74371219,0.18171126,0
-0.96951222,-1.1358938,0.95414323,-0.60774517,0.35175717,0.71197808,0
2.0852494,1.5095311,0.80007172,0.64332974,0.74371219,0.18171126,0
-1.1497539,-0.38890111,0.73328626,-0.60774517,0.35175717,0.71197808,0
-1.6133547,-1.1628845,0.77200586,-0.60774517,0.35175717,0.71197808,0
-1.8449289,0.0067793131,-0.42019349,-0.46558851,0.56847084,-0.67828333,0
0.29345238,1.3149997,-0.38936794,-0.46558851,0.56847084,-0.67828333,0
0.94451141,2.5945466,-0.13172245,0.64332974,0.74371219,0.18171126,0
-0.50107563,-1.5482466,-1.2258879,0.60774517,-0.35175717,-0.71197808,0
-0.649948,-2.2123458,0.10862684,0.46558851,-0.56847084,0.67828333,0
1.9205064,1.4602534,1.3105588,0.64332974,0.74371219,0.18171126,0
1.2611077,2.1712041,1.1860783,0.64332974,0.74371219,0.18171126,0
2.1439831,0.71703845,0.4202987,0.46558851,-0.56847084,0.67828333,0
1.5029031,1.9734905,1.2360122,0.64332974,0.74371219,0.18171126,0
-0.77843624,0.85586065,-0.25337583,-0.46558851,0.56847084,-0.67828333,0
0.75740147,2.5693676,-0.014958382,-0.46558851,0.56847084,-0.67828333,0
0.057056189,0.52276582,-0.81144941,-0.46558851,0.56847084,-0.67828333,0
1.1659156,1.5194955,-0.89004123,-0.46558851,0.56847084,-0.67828333,0
1.6575669,1.4140108,1.1421419,0.64332974,0.74371219,0.18171126,0
-1.631946,-0.15882128,-0.2554231,-0.46558851,0.56847084,-0.67828333,0
-0.15630326,-0.98622179,-1.0596309,0.60774517,-0.35175717,-0.71197808,0
-1.4228972,-0.15979552,-0.66710496,-0.46558851,0.56847084,-0.67828333,0
-1.338591,0.32601762,-0.40507823,-0.46558851,0.56847084,-0.67828333,0
-1.3727381,0.36455119,0.012745157,-0.60774517,0.35175717,0.71197808,0
-0.49056417,-0.46506345,-1.5069438,-0.46558851,0.56847084,-0.67828333,0
-0.24541271,-2.0355687,0.10225725,0.46558851,-0.56847084,0.67828333,0
1.0599022,2.1436827,0.92047572,0.64332974,0.74371219,0.18171126,0
0.32508761,-0.2919935,-1.0576366,0.60774517,-0.35175717,-0.71197808,0
0.57306546,-0.60528493,-0.80636042,0.60774517,-0.35175717,-0.71197808,0
0.46856594,2.2099988,0.60794878,-0.60774517,0.35175717,0.71197808,0
0.080329522,-0.50244975,-1.3415647,0.60774517,-0.35175717,-0.71197808,0
-0.9933176,0.46818215,0.17798068,-0.60774517,0.35175717,0.71197808,0
2.0318449,1.4485688,0.23123598,0.64332974,0.74371219,0.18171126,0
2.1562672,0.76933181,0.88970095,0.46558851,-0.56847084,0.67828333,0
0.55385935,1.936715,1.153603,-0.60774517,0.35175717,0.71197808,0
1.5979372,0.45917451,-0.14553142,0.60774517,-0.35175717,-0.71197808,0
2.002681,1.211385,-0.024495602,0.60774517,-0.35175717,-0.71197808,0
0.47767484,-1.302214,0.016710401,0.46558851,-0.56847084,0.67828333,0
1.1363424,1.9695237,0.97551441,0.64332974,0.74371219,0.18171126,0
-1.7243131,-1.5939535,-0.74219298,-0.64332974,-0.74371219,-0.18171126,0
1.5458617,1.818264,0.98705113,0.64332974,0.74371219,0.18171126,0
-1.413847,-0.67127955,-1.2117963,-0.46558851,0.56847084,-0.67828333,0
2.2683427,1.3437424,0.93558335,0.46558851,-0.56847084,0.67828333,0
2.1264877,1.4758534,1.104279,0.64332974,0.74371219,0.18171126,0
-0.78582573,-0.65950167,-1.4154959,-0.46558851,0.56847084,-0.67828333,0
-2.2929063,-0.85283446,-0.26118708,-0.60774517,0.35175717,0.71197808,0
-1.2993419,-1.5386662,0.98381734,0.46558851,-0.56847084,0.67828333,0
-1.3263663,-1.6863749,-1.2006751,-0.64332974,-0.74371219,-0.18171126,0
1.5387266,2.0387988,-0.35877419,0.64332974,0.74371219,0.18171126,0
-1.6226119,0.018535972,-0.13367134,-0.60774517,0.35175717,0.71197808,0
-1.8533952,-1.5352708,-1.2387482,-0.64332974,-0.74371219,-0.18171126,0
0.49178946,-0.95453656,0.31376898,0.46558851,-0.56847084,0.67828333,0
1.2414604,2.3199661,-0.45253325,-0.46558851,0.56847084,-0.67828333,0
-0.88509178,-2.2064867,-0.6882689,-0.64332974,-0.74371219,-0.18171126,0
-1.7419481,-1.8045936,0.45889497,-0.64332974,-0.74371219,-0.18171126,0
1.5869107,0.71720541,1.2282217,0.46558851,-0.56847084,0.67828333,0
-0.086656868,-1.247937,-1.0827675,0.60774517,-0.35175717,-0.71197808,0
1.0821413,2.1125133,0.86546516,0.64332974,0.74371219,0.18171126,0
0.86355507,2.616926,0.75938392,0.64332974,0.74371219,0.18171126,0
1.0972558,-0.52578562,-0.23881942,0.60774517,-0.35175717,-0.71197808,0
-0.8150773,-2.6930342,-0.75948715,-0.64332974,-0.74371219,-0.18171126,0
-2.0786519,-1.2937824,-1.2973921,-0.64332974,-0.74371219,-0.18171126,0
0.34411871,2.301599,0.28208232,-0.46558851,0.56847084,-0.67828333,0
0.64913416,1.9009366,-0.036708236,-0.46558851,0.56847084,-0.67828333,0
-0.70214534,-2.5755432,-0.68083954,-0.64332974,-0.74371219,-0.18171126,0
1.0038459,2.2547164,0.14388633,0.64332974,0.74371219,0.18171126,0
-1.8894267,-0.6455487,0.1424765,-0.60774517,0.35175717,0.71197808,0
-0.60432732,-2.7787061,-0.40803933,-0.64332974,-0.74371219,-0.18171126,0
-1.3188567,-2.2018166,-1.054713,-0.64332974,-0.74371219,-0.18171126,0
1.6375328,1.0586745,1.2180076,0.46558851,-0.56847084,0.67828333,0
-0.50074548,0.400262,0.84450758,-0.60774517,0.35175717,0.71197808,0
-1.1698698,0.11234117,-0.50744885,-0.46558851,0.56847084,-0.67828333,0
0.017885149,1.2729039,0.96583086,-0.60774517,0.35175717,0.71197808,0
2.1861634,1.3525295,0.063556552,0.64332974,0.74371219,0.18171126,0
-1.4208339,-1.99549,-0.84216785,-0.64332974,-0.74371219,-0.18171126,0
2.3598068,0.86295772,0.33239055,0.60774517,-0.35175717,-0.71197808,0
0.90030247,-0.23963928,0.38114172,0.46558851,-0.56847084,0.67828333,0
1.7571819,0.44616717,0.66887438,0.46558851,-0.56847084,0.67828333,0
0.44697326,0.45856905,-1.2875798,-0.46558851,0.56847084,-0.67828333,0
1.6868879,1.210036,1.4108347,0.46558851,-0.56847084,0.67828333,0
1.1899216,0.70569098,-0.93881178,0.60774517,-0.35175717,-0.71197808,0
0.28487182,1.0672295,-0.52949184,-0.46558851,0.56847084,-0.67828333,0
-1.0785229,-1.9785557,-0.90984571,-0.64332974,-0.74371219,-0.18171126,0
-0.7974757,-2.4937353,-0.58869362,-0.64332974,-0.74371219,-0.18171126,0
-0.93730456,-2.0819061,-0.84026194,-0.64332974,-0.74371219,-0.18171126,0
0.62682402,2.4293408,0.52475929,0.64332974,0.74371219,0.18171126,0
-0.64282984,0.78794402,0.56203651,-0.60774517,0.35175717,0.71197808,0
0.98280895,-0.10767293,-0.52172327,0.60774517,-0.35175717,-0.71197808,0
-0.73651934,0.081858382,-0.85719502,-0.46558851,0.56847084,-0.67828333,0
-0.24944887,-0.32184422,-1.7300866,0.60774517,-0.35175717,-0.71197808,0
1.2119957,0.034183621,-0.22210707,0.60774517,-0.35175717,-0.71197808,0
-1.8636535,-1.8107569,0.21547294,-0.64332974,-0.74371219,-0.18171126,0
-0.86377728,-2.2484403,-0.94262648,0.60774517,-0.35175717,-0.71197808,0
-1.585312,-1.9400421,0.93437409,0.46558851,-0.56847084,0.67828333,0
-0.79875696,-2.7178483,-0.12883735,0.46558851,-0.56847084,0.67828333,0
-0.83645523,-2.3705359,-0.064832449,-0.64332974,-0.74371219,-0.18171126,0
0.55325568,-0.10948932,-0.71008879,0.60774517,-0.35175717,-0.71197808,0
0.88449281,0.51025635,1.1388737,0.46558851,-0.56847084,0.67828333,0
-1.3373998,-1.5834785,1.0757788,-0.60774517,0.35175717,0.71197808,0
1.7791855,1.4223546,1.0371459,0.64332974,0.74371219,0.18171126,0
-0.53679276,-2.2532816,-0.0049166679,0.46558851,-0.56847084,0.67828333,0
-1.707737,-1.3994372,-1.2944479,-0.64332974,-0.74371219,-0.18171126,0
-1.3418132,-1.4251156,-1.750653,0.60774517,-0.35175717,-0.71197808,0
1.1240793,1.0883687,-1.1913167,0.60774517,-0.35175717,-0.71197808,0
-0.89512861,-2.349813,0.035189629,0.46558851,-0.56847084,0.67828333,0
1.2947745,2.3173957,0.42430568,0.64332974,0.74371219,0.18171126,0
1.9068055,1.4077173,1.3770058,0.46558851,-0.56847084,0.67828333,0
1.0004508,1.7167647,1.2855303,-0.60774517,0.35175717,0.71197808,0
-0.68717837,-0.030181289,-1.3154614,-0.46558851,0.56847084,-0.67828333,0
-1.6863198,-1.5804677,-1.6936824,-0.64332974,-0.74371219,-0.18171126,0
-1.1405429,-2.4103739,-0.092625618,-0.64332974,-0.74371219,-0.18171126,0
1.3016267,0.12526312,0.92570043,0.46558851,-0.56847084,0.67828333,0
-0.92988253,-2.2449408,-1.0254629,-0.64332974,-0.74371219,-0.18171126,0
-2.0724225,-1.3444228,-0.80901515,-0.64332974,-0.74371219,-0.18171126,0
1.7801083,2.0202024,0.20288229,0.64332974,0.74371219,0.18171126,0
0.81809396,1.9774044,1.0676029,-0.60774517,0.35175717,0.71197808,0
-0.45953345,-1.7077538,0.38908589,0.46558851,-0.56847084,0.67828333,0
0.6930877,2.3062317,0.06203723,-0.46558851,0.56847084,-0.67828333,0
1.4661379,1.9697576,-0.70550656,-0.46558851,0.56847084,-0.67828333,0
-0.10436139,-0.014789462,1.3840572,-0.60774517,0.35175717,0.71197808,0
-1.5220101,-1.8422776,-1.16078,-0.64332974,-0.74371219,-0.18171126,0
-1.3445212,-2.0668049,-0.92557788,-0.64332974,-0.74371219,-0.18171126,0
-0.070110619,0.41312629,-0.88922477,-0.46558851,0.56847084,-0.67828333,0
0.20137906,-1.1034504,-0.59793568,0.60774517,-0.35175717,-0.71197808,0
-0.5317505,0.31079435,0.8316136,-0.60774517,0.35175717,0.71197808,0
-2.1959829,-1.2322416,-0.4018414,-0.64332974,-0.74371219,-0.18171126,0
-2.151607,-1.5626142,-0.4017868,-0.64332974,-0.74371219,-0.18171126,0
2.2391176,0.98925793,-0.023266792,0.60774517,-0.35175717,-0.71197808,0
1.5896928,1.2894223,1.2737018,0.46558851,-0.56847084,0.67828333,0
0.61770517,1.7410108,1.3521668,-0.60774517,0.35175717,0.71197808,0
-1.3798425,-1.9888322,-0.63993335,-0.64332974,-0.74371219,-0.18171126,0
0.62142158,1.9374642,-0.47574019,-0.46558851,0.56847084,-0.67828333,0
-0.27387297,-0.33338153,1.272536,0.46558851,-0.56847084,0.67828333,0
-0.77092701,-1.5843809,0.73484063,0.46558851,-0.56847084,0.67828333,0
1.7906572,1.9844642,-0.15139675,0.64332974,0.74371219,0.18171126,0
-0.80284119,-0.30483222,-1.0516794,-0.46558851,0.56847084,-0.67828333,0
2.0640984,0.62102759,0.33897835,0.46558851,-0.56847084,0.67828333,0
-2.2671909,-1.082618,-1.0092422,-0.46558851,0.56847084,-0.67828333,0
-0.0075845122,1.3958894,0.49107718,-0.60774517,0.35175717,0.71197808,0
-1.3045545,-1.9757986,-0.062096596,-0.64332974,-0.74371219,-0.18171126,0
0.9627353,-0.34407204,-0.37980387,0.60774517,-0.35175717,-0.71197808,0
-0.25911999,-1.9107132,-0.0012507439,0.46558851,-0.56847084,0.67828333,0
-0.41577053,0.43583,-0.87906861,-0.46558851,0.56847084,-0.67828333,0
-0.20190051,-0.019603848,-1.2865,-0.46558851,0.56847084,-0.67828333,0
-0.41202259,-2.017272,-0.53065085,0.60774517,-0.35175717,-0.71197808,0
-1.9447944,-1.2944921,-0.76931465,-0.64332974,-0.74371219,-0.18171126,0
1.1592578,2.3595357,-0.31454325,0.64332974,0.74371219,0.18171126,0
2.1469302,1.0301826,0.076338291,0.60774517,-0.35175717,-0.71197808,0
-0.45637506,1.292196,0.030411601,-0.46558851,0.56847084,-0.67828333,0
2.0682001,1.7923493,-0.078550577,0.64332974,0.74371219,0.18171126,0
1.6859196,1.8982291,-1.0901431,0.60774517,-0.35175717,-0.71197808,0
-1.2301048,0.60627073,0.085151017,-0.60774517,0.35175717,0.71197808,0
0.72550845,0.77603209,-0.9587692,0.60774517,-0.35175717,-0.71197808,0
1.8097965,1.6328896,-0.41695201,0.60774517,-0.35175717,-0.71197808,0
-2.2937546,-1.0458231,-0.32569134,-0.64332974,-0.74371219,-0.18171126,0
-2.588346,-0.8605361,-0.2537992,-0.46558851,0.56847084,-0.67828333,0
1.3425789,0.90119892,1.3591151,0.46558851,-0.56847084,0.67828333,0
-0.74867862,-0.66157734,1.1754351,0.46558851,-0.56847084,0.67828333,0
2.1175628,0.77108216,-0.17845786,0.60774517,-0.35175717,-0.71197808,0
1.7222263,1.7358364,-1.0471684,0.60774517,-0.35175717,-0.71197808,0
1.4608674,1.7263619,1.3217434,0.64332974,0.74371219,0.18171126,0
2.1499882,1.5629878,0.41452646,0.64332974,0.74371219,0.18171126,0
2.0120673,0.82413918,0.50718999,0.46558851,-0.56847084,0.67828333,0
0.77705431,-0.64057684,0.31879207,0.46558851,-0.56847084,0.67828333,0
-1.2806356,0.43603012,-0.38963622,-0.46558851,0.56847084,-0.67828333,0
1.0568964,2.2740374,1.0701277,0.64332974,0.74371219,0.18171126,0
-0.6642729,-0.24004459,0.69327265,-0.60774517,0.35175717,0.71197808,0
-0.56937587,0.10587543,-1.0570192,-0.46558851,0.56847084,-0.67828333,0
1.5530596,1.195554,1.5916927,0.46558851,-0.56847084,0.67828333,0
1.222643,-0.14982039,-0.023220278,0.60774517,-0.35175717,-0.71197808,0
1.6906219,1.090161,-0.75830436,0.60774517,-0.35175717,-0.71197808,0
0.10235928,0.37024617,1.2316973,-0.60774517,0.35175717,0.71197808,0
-2.1895475,-1.1098211,-0.57653081,-0.64332974,-0.74371219,-0.18171126,0
-1.562875,-1.5152552,0.73642254,-0.60774517,0.35175717,0.71197808,0
-1.3928034,-2.2078309,0.13053465,-0.64332974,-0.74371219,-0.18171126,0
0.72994494,2.0982223,0.0078725815,-0.46558851,0.56847084,-0.67828333,0
0.75961298,0.62664461,1.4727919,0.46558851,-0.56847084,0.67828333,0
-1.0281105,1.0078694,0.14141142,-0.60774517,0.35175717,0.71197808,0
2.2877793,1.3849602,0.20566297,0.64332974,0.74371219,0.18171126,0
-2.0172815,-1.1740441,-1.0168192,-0.64332974,-0.74371219,-0.18171126,0
-1.7907275,-1.763582,0.12858129,-0.64332974,-0.74371219,-0.18171126,0
1.1646308,0.49586305,0.96261597,0.46558851,-0.56847084,0.67828333,0
-0.39530206,-2.1761439,-0.49895525,0.60774517,-0.35175717,-0.71197808,0
1.0571427,2.179539,0.66397929,0.64332974,0.74371219,0.18171126,0
0.41251007,-0.88364655,-0.86186314,0.60774517,-0.35175717,-0.71197808,0
1.7390025,1.4286009,0.68715954,0.64332974,0.74371219,0.18171126,0
0.56124067,-1.5007668,-0.045831919,0.60774517,-0.35175717,-0.71197808,0
1.3368808,1.7416214,1.5200382,0.64332974,0.74371219,0.18171126,0
1.3808033,0.38890254,-0.57819057,0.60774517,-0.35175717,-0.71197808,0
2.5489774,1.4310075,-0.18354082,0.64332974,0.74371219,0.18171126,0
0.84950501,0.4837867,-0.9692682,0.60774517,-0.35175717,-0.71197808,0
1.1412548,2.012517,1.1338882,0.64332974,0.74371219,0.18171126,0
-1.3552847,-0.22828923,-0.74444932,-0.46558851,0.56847084,-0.67828333,0
1.3755162,1.9428453,-0.76897418,-0.46558851,0.56847084,-0.67828333,0
-0.94753581,0.069618359,-0.51572078,-0.46558851,0.56847084,-0.67828333,0
0.049153149,0.42396003,-1.1367306,-0.46558851,0.56847084,-0.67828333,0
-1.391382,-2.0148759,-1.0237997,-0.64332974,-0.74371219,-0.18171126,0
1.404717,-0.090287268,0.34356213,0.46558851,-0.56847084,0.67828333,0
1.6986499,1.4285833,1.6199301,0.46558851,-0.56847084,0.67828333,0
0.72737712,1.5482762,-0.51083553,-0.46558851,0.56847084,-0.67828333,0
-1.1468723,-0.27142268,-0.78934228,-0.46558851,0.56847084,-0.67828333,0
-0.4033339,-1.7000602,0.41833341,0.46558851,-0.56847084,0.67828333,0
-1.4873099,-1.7045975,-0.67585766,-0.64332974,-0.74371219,-0.18171126,0
-1.0099455,-2.2609611,0.44658399,0.46558851,-0.56847084,0.67828333,0
-1.7345767,-1.6137967,-0.16230583,-0.64332974,-0.74371219,-0.18171126,0
-0.30204916,-1.5032563,0.56398499,0.46558851,-0.56847084,0.67828333,0
0.85179359,0.50135344,1.4728537,0.46558851,-0.56847084,0.67828333,0
0.42937949,-0.75117129,-0.59649682,0.60774517,-0.35175717,-0.71197808,0
1.7904491,2.0540736,-0.21234512,0.64332974,0.74371219,0.18171126,0
0.26829427,-0.23691857,-0.93140393,0.60774517,-0.35175717,-0.71197808,0
0.19872618,-1.2693889,0.069693327,0.46558851,-0.56847084,0.67828333,0
-1.7988641,-1.490839,-1.4674147,-0.64332974,-0.74371219,-0.18171126,0
-1.9806306,-0.84694803,0.22379184,-0.60774517,0.35175717,0.71197808,0
-0.33548862,1.4148641,0.61231005,-0.60774517,0.35175717,0.71197808,0
2.0914502,0.45282185,-0.0042439103,0.60774517,-0.35175717,-0.71197808,0
1.1351916,1.7661316,-0.52530897,-0.46558851,0.56847084,-0.67828333,0
-2.0948617,-1.4123535,-0.91972172,-0.64332974,-0.74371219,-0.18171126,0
1.8901551,1.8934321,0.41654658,0.64332974,0.74371219,0.18171126,0
-1.4636308,-2.3227205,0.67983341,-0.64332974,-0.74371219,-0.18171126,0
-0.99147272,-0.64713156,-1.3974047,-0.46558851,0.56847084,-0.67828333,0
0.35274583,0.22453183,1.3807871,0.46558851,-0.56847084,0.67828333,0
-1.2731442,-1.8875231,-0.60890377,-0.64332974,-0.74371219,-0.18171126,0
0.028267935,-0.29765284,-0.95679373,0.60774517,-0.35175717,-0.71197808,0
0.26717511,0.044312835,-0.97082365,0.60774517,-0.35175717,-0.71197808,0
1.4657919,0.73463655,-0.24768829,0.60774517,-0.35175717,-0.71197808,0
0.82772779,-0.57417995,0.55499446,0.46558851,-0.56847084,0.67828333,0
-0.039474607,-1.7787677,-0.35185468,0.60774517,-0.35175717,-0.71197808,0
-0.28202546,-1.651003,-0.59749973,0.60774517,-0.35175717,-0.71197808,0
0.37838235,-0.45262468,-1.1023537,0.60774517,-0.35175717,-0.71197808,0
-1.7397131,-2.0857127,0.23620105,-0.64332974,-0.74371219,-0.18171126,0
-0.041042924,1.6654663,0.38875341,-0.60774517,0.35175717,0.71197808,0
1.3277771,-0.71229845,-0.048251152,0.60774517,-0.35175717,-0.71197808,0
0.33101666,-0.75641906,0.83200896,0.46558851,-0.56847084,0.67828333,0
1.991805,1.9587382,-0.48558426,0.64332974,0.74371219,0.18171126,0
2.1509385,1.5461676,0.27349794,0.64332974,0.74371219,0.18171126,0
-1.7527127,-1.5053346,-1.2816526,-0.64332974,-0.74371219,-0.18171126,0
-1.5802785,-2.0795255,-0.25311899,-0.64332974,-0.74371219,-0.18171126,0
-0.4844138,1.3050307,-0.011681437,-0.46558851,0.56847084,-0.67828333,0
-2.1081836,-1.0429404,-1.1321375,-0.64332974,-0.74371219,-0.18171126,0
-1.2825913,-2.1994207,-0.52373767,-0.64332974,-0.74371219,-0.18171126,0
-1.878226,-1.4634414,-0.87044227,-0.64332974,-0.74371219,-0.18171126,0
-1.5349181,-0.18413925,0.068528205,-0.60774517,0.35175717,0.71197808,0
-1.1550657,-2.2042422,-0.39083982,-0.64332974,-0.74371219,-0.18171126,0
-1.5100628,-2.0717528,-0.64209723,-0.64332974,-0.74371219,-0.18171126,0
-1.4136051,-1.8416388,-0.9022336,-0.64332974,-0.74371219,-0.18171126,0
-1.2598518,-2.0772243,-1.2249123,-0.64332974,-0.74371219,-0.18171126,0
0.70669281,0.064519882,-0.80898976,0.60774517,-0.35175717,-0.71197808,0
1.5376599,1.6952913,1.3369708,0.64332974,0.74371219,0.18171126,0
0.69362295,2.3492827,0.61830807,-0.60774517,0.35175717,0.71197808,0
0.71314007,1.7848979,1.0126159,-0.60774517,0.35175717,0.71197808,0
0.18308595,-0.1494329,-1.1098186,0.60774517,-0.35175717,-0.71197808,0
-0.39266604,-0.73131824,1.4160281,0.46558851,-0.56847084,0.67828333,0
0.065321296,0.95230752,1.2574855,-0.60774517,0.35175717,0.71197808,0
2.5322402,1.0877697,0.75447595,0.64332974,0.74371219,0.18171126,0
-1.6853136,-0.48376143,0.0098506212,-0.60774517,0.35175717,0.71197808,0
-2.0701256,-0.27876854,-0.12480146,-0.46558851,0.56847084,-0.67828333,0
-0.061407328,1.0430908,0.83186334,-0.60774517,0.35175717,0.71197808,0
1.7266881,1.5639075,1.1150346,0.64332974,0.74371219,0.18171126,0
0.041411608,-0.0010942221,-1.5794396,0.60774517,-0.35175717,-0.71197808,0
-2.3964286,-1.3401911,-0.66390383,-0.64332974,-0.74371219,-0.18171126,0
-1.6880147,-1.2154046,0.56422019,-0.60774517,0.35175717,0.71197808,0
1.7800174,1.7752984,-0.24069083,0.64332974,0.74371219,0.18171126,0
1.1553948,1.9331836,1.2407742,0.64332974,0.74371219,0.18171126,0
0.12662828,-1.5514799,-0.021156073,0.46558851,-0.56847084,0.67828333,0
0.51054066,-1.1300493,0.19336021,0.46558851,-0.56847084,0.67828333,0
0.82007295,-0.74368,0.44818133,0.46558851,-0.56847084,0.67828333,0
0.083930612,-1.1054263,0.68910199,0.46558851,-0.56847084,0.67828333,0
1.1443576,-0.15958691,-0.21231577,0.60774517,-0.35175717,-0.71197808,0
1.2928599,1.0600737,-0.81266236,0.60774517,-0.35175717,-0.71197808,0
0.3817361,-1.0211182,-0.4504714,0.60774517,-0.35175717,-0.71197808,0
1.2107692,1.4568392,-0.94086742,-0.46558851,0.56847084,-0.67828333,0
-1.9196616,-1.5528244,0.49904597,-0.60774517,0.35175717,0.71197808,0
0.024416517,0.29253548,1.0362209,-0.60774517,0.35175717,0.71197808,0
2.0454996,1.4822093,-0.2472434,0.60774517,-0.35175717,-0.71197808,0
1.0840151,2.2821286,0.55378485,0.64332974,0.74371219,0.18171126,0
-1.4921888,-2.3290553,0.13302732,-0.64332974,-0.74371219,-0.18171126,0
0.17345965,1.6425606,0.71612132,-0.60774517,0.35175717,0.71197808,0
-1.6209698,-1.4288969,-1.445314,-0.46558851,0.56847084,-0.67828333,0
-1.7069626,-1.7258317,-0.25248539,-0.64332974,-0.74371219,-0.18171126,0
-1.159597,-2.0892525,-1.0293345,-0.64332974,-0.74371219,-0.18171126,0
-1.234408,0.22179216,-0.032056913,-0.60774517,0.35175717,0.71197808,0
-1.4083278,-0.48324442,0.32658589,-0.60774517,0.35175717,0.71197808,0
-0.063920438,0.37210411,-1.2053016,-0.46558851,0.56847084,-0.67828333,0
-0.38484383,1.490858,0.21110654,-0.46558851,0.56847084,-0.67828333,0
1.504352,2.0357041,0.52587795,0.64332974,0.74371219,0.18171126,0
1.767337,1.6969177,-0.62366581,0.60774517,-0.35175717,-0.71197808,0
-0.38549203,-1.2769291,0.60797089,0.46558851,-0.56847084,0.67828333,0
-1.0251439,-2.3810058,-0.78094125,-0.64332974,-0.74371219,-0.18171126,0
-1.9183168,-1.4112096,-0.33840418,-0.64332974,-0.74371219,-0.18171126,0
0.53639591,-0.97381848,-0.74376285,0.60774517,-0.35175717,-0.71197808,0
-1.12221,-0.97719836,1.1047823,-0.60774517,0.35175717,0.71197808,0
0.88135433,2.3373556,-0.11480641,-0.46558851,0.56847084,-0.67828333,0
2.5162315,0.96511114,0.40750027,0.46558851,-0.56847084,0.67828333,0
-1.1862366,-0.67937469,0.45260453,-0.60774517,0.35175717,0.71197808,0
-2.4006939,-1.0414515,0.10125697,-0.64332974,-0.74371219,-0.18171126,0
0.70633143,1.7679958,0.93662715,-0.60774517,0.35175717,0.71197808,0
-1.9896103,-1.5918576,-0.85674071,-0.64332974,-0.74371219,-0.18171126,0
-1.021531,-1.1033753,-1.6367691,0.60774517,-0.35175717,-0.71197808,0
-1.5599916,-2.2325726,0.31189418,-0.64332974,-0.74371219,-0.18171126,0
1.9905306,1.5808678,0.54866159,0.64332974,0.74371219,0.18171126,0
1.7417996,1.6945784,1.735285,0.64332974,0.74371219,0.18171126,0
-2.0893888,-0.76319563,0.14058959,-0.60774517,0.35175717,0.71197808,0
1.4183741,0.44646275,0.93372059,0.46558851,-0.56847084,0.67828333,0
-1.5482714,-1.2060473,-1.3637905,-0.46558851,0.56847084,-0.67828333,0
0.14070794,0.21016753,-1.4539623,-0.46558851,0.56847084,-0.67828333,0
-1.8783582,-1.6235319,-0.095257282,-0.64332974,-0.74371219,-0.18171126,0
1.6752515,1.9776475,-0.84640372,0.64332974,0.74371219,0.18171126,0
2.2068825,1.2277133,0.68860006,0.64332974,0.74371219,0.18171126,0
-1.0882243,-0.94310582,-1.2239021,-0.46558851,0.56847084,-0.67828333,0
-2.1603649,-1.5375388,-0.69503736,-0.64332974,-0.74371219,-0.18171126,0
1.5488534,0.013573408,-0.28049344,0.60774517,-0.35175717,-0.71197808,0
0.50021696,2.7177253,0.58029985,0.64332974,0.74371219,0.18171126,0
-2.2047844,-1.335551,-0.17274082,-0.64332974,-0.74371219,-0.18171126,0
-1.2990055,0.86967599,-0.033136487,-0.46558851,0.56847084,-0.67828333,0
1.5204983,1.6883532,1.8431834,0.64332974,0.74371219,0.18171126,0
-0.32541937,-0.60417974,-1.6638436,0.60774517,-0.35175717,-0.71197808,0
-1.8749598,-1.8285649,0.2918613,-0.64332974,-0.74371219,-0.18171126,0
-1.4619498,-1.5763206,-1.360765,-0.64332974,-0.74371219,-0.18171126,0
0.96052325,1.7272362,1.6335049,-0.60774517,0.35175717,0.71197808,0
1.7459846,0.9225471,-0.36665297,0.60774517,-0.35175717,-0.71197808,0
-2.2505274,-1.5867987,-0.020657778,-0.64332974,-0.74371219,-0.18171126,0
0.55159152,1.2545658,1.3534172,-0.60774517,0.35175717,0.71197808,0
-0.27110767,-1.0515249,0.90148652,0.46558851,-0.56847084,0.67828333,0
-1.2290361,-1.964756,-1.4948229,0.60774517,-0.35175717,-0.71197808,0
-1.4018471,-2.1662054,-0.69435787,-0.64332974,-0.74371219,-0.18171126,0
1.2308524,0.21255195,-0.54064769,0.60774517,-0.35175717,-0.71197808,0
1.2147895,-0.68674421,0.14767572,0.46558851,-0.56847084,0.67828333,0
-1.9771686,-0.67712057,0.27549464,-0.60774517,0.35175717,0.71197808,0
-1.1389757,-2.2558682,-0.71069551,-0.64332974,-0.74371219,-0.18171126,0
2.167316,1.3623559,0.89555216,0.46558851,-0.56847084,0.67828333,0
-1.3902926,-0.44295084,0.19844609,-0.60774517,0.35175717,0.71197808,0
2.078799,1.3767911,0.24720609,0.64332974,0.74371219,0.18171126,0
-0.38640618,1.5580585,-0.058969021,-0.46558851,0.56847084,-0.67828333,0
1.6198597,1.7359896,1.0002345,0.64332974,0.74371219,0.18171126,0
-0.83956969,-1.9763706,0.17022395,0.46558851,-0.56847084,0.67828333,0
-1.3820354,-1.2914745,0.70800281,-0.60774517,0.35175717,0.71197808,0
1.7107542,0.76304412,-0.43939227,0.60774517,-0.35175717,-0.71197808,0
0.40572256,-1.1623703,0.33883166,0.46558851,-0.56847084,0.67828333,0
-0.56532055,-0.64648211,1.1846814,-0.60774517,0.35175717,0.71197808,0
2.3622332,1.0403112,-0.095687866,0.60774517,-0.35175717,-0.71197808,0
1.6992551,1.5609034,0.71874845,0.64332974,0.74371219,0.18171126,0
1.3709313,0.096621633,-0.26572791,0.60774517,-0.35175717,-0.71197808,0
1.0415087,2.1094298,0.85452414,0.64332974,0.74371219,0.18171126,0
-1.4949573,-0.8581022,-1.3503094,-0.46558851,0.56847084,-0.67828333,0
0.7866959,-1.1768005,-0.12188274,0.60774517,-0.35175717,-0.71197808,0
2.4596267,1.0582203,0.22593331,0.60774517,-0.35175717,-0.71197808,0
-1.128646,0.63346171,-0.17945895,-0.46558851,0.56847084,-0.67828333,0
-1.1564485,0.26291132,0.3121424,-0.60774517,0.35175717,0.71197808,0
1.170833,2.4015789,0.48045588,0.64332974,0.74371219,0.18171126,0
-0.11665213,1.724967,0.3582685,-0.60774517,0.35175717,0.71197808,0
-1.4872296,-1.3752081,-1.4102651,-0.46558851,0.56847084,-0.67828333,0
0.27653515,-0.40045488,1.2194476,0.46558851,-0.56847084,0.67828333,0
-1.4558669,-1.7398632,-0.46885443,-0.64332974,-0.74371219,-0.18171126,0
-1.5796885,-2.0136027,0.48148084,-0.64332974,-0.74371219,-0.18171126,0
-1.3337024,-2.0813475,-0.65033436,-0.64332974,-0.74371219,-0.18171126,0
0.44384539,-1.9268476,-0.16105533,0.46558851,-0.56847084,0.67828333,0
1.5860559,0.97633696,-0.42534852,0.60774517,-0.35175717,-0.71197808,0
-2.2859035,-0.81698036,-0.49967682,-0.46558851,0.56847084,-0.67828333,0
0.43529484,-0.099216521,1.2935858,0.46558851,-0.56847084,0.67828333,0
-1.6987436,-1.5805936,-0.9942708,-0.64332974,-0.74371219,-0.18171126,0
1.403963,-0.6675685,0.23986973,0.46558851,-0.56847084,0.67828333,0
-0.061029196,1.5358973,-0.16268122,-0.46558851,0.56847084,-0.67828333,0
-0.54086995,-1.1851228,-1.0564764,0.60774517,-0.35175717,-0.71197808,0
1.6353118,0.38143164,0.57349676,0.46558851,-0.56847084,0.67828333,0
-1.2770405,0.40486503,-0.045232609,-0.46558851,0.56847084,-0.67828333,0
-2.0431979,-0.10589063,-0.065104842,-0.60774517,0.35175717,0.71197808,0
-0.4707838,0.29148692,-1.0616703,-0.46558851,0.56847084,-0.67828333,0
-2.02897,-0.45120126,-0.45732397,-0.46558851,0.56847084,-0.67828333,0
-0.60174322,-2.7190256,-0.40136552,-0.64332974,-0.74371219,-0.18171126,0
-1.5229239,-2.177264,-0.54733777,-0.64332974,-0.74371219,-0.18171126,0
-0.49606586,-2.2121284,-0.28648305,0.46558851,-0.56847084,0.67828333,0
0.89669991,1.9093289,1.0875187,-0.60774517,0.35175717,0.71197808,0
1.0468391,2.4851623,0.031203508,0.64332974,0.74371219,0.18171126,0
-0.21958873,0.39642939,-0.82318342,-0.46558851,0.56847084,-0.67828333,0
0.17787814,-1.1410967,-0.45657468,0.60774517,-0.35175717,-0.71197808,0
0.51779014,0.70588702,1.2179826,-0.60774517,0.35175717,0.71197808,0
-2.0616438,-1.1731057,-0.60398591,-0.64332974,-0.74371219,-0.18171126,0
-2.2855692,-1.0498223,-0.60662985,-0.46558851,0.56847084,-0.67828333,0
-0.24195153,-1.3651036,-0.80846357,0.60774517,-0.35175717,-0.71197808,0
0.44052947,-0.97035301,-0.58091354,0.60774517,-0.35175717,-0.71197808,0
0.25968045,-0.76646113,-0.85678452,0.60774517,-0.35175717,-0.71197808,0
1.0948995,-0.44781443,0.23665988,0.46558851,-0.56847084,0.67828333,0
-1.5352885,-2.0450408,-0.46447897,-0.64332974,-0.74371219,-0.18171126,0
2.0114138,1.2962351,0.28835452,0.64332974,0.74371219,0.18171126,0
-0.68098634,1.1628337,0.46476966,-0.60774517,0.35175717,0.71197808,0
1.2372352,0.051005483,0.45502695,0.46558851,-0.56847084,0.67828333,0
-0.75754708,-1.154235,-1.4983035,0.60774517,-0.35175717,-0.71197808,0
-0.95501518,-2.4457135,-0.6751523,-0.64332974,-0.74371219,-0.18171126,0
-2.5900459,-0.83793128,-0.56413031,-0.64332974,-0.74371219,-0.18171126,0
2.5124841,0.75613678,0.50793564,0.60774517,-0.35175717,-0.71197808,0
2.0987029,0.36537969,0.43992162,0.46558851,-0.56847084,0.67828333,0
-0.016779959,-1.4038631,-0.88710213,0.60774517,-0.35175717,-0.71197808,0
1.5813304,2.086818,0.10948229,0.64332974,0.74371219,0.18171126,0
2.4717798,1.2790022,0.55442405,0.64332974,0.74371219,0.18171126,0
1.1004161,0.7552582,1.4750733,0.46558851,-0.56847084,0.67828333,0
1.3941071,1.6189094,1.5574307,0.64332974,0.74371219,0.18171126,0
1.809588,0.75826222,1.1280677,0.46558851,-0.56847084,0.67828333,0
1.5439591,1.4887073,1.5419885,0.46558851,-0.56847084,0.67828333,0
-0.43716413,-1.4130745,-1.0014098,0.60774517,-0.35175717,-0.71197808,0
-2.3093162,-1.3555744,-0.80501533,-0.64332974,-0.74371219,-0.18171126,0
-2.1260667,-1.5980479,0.49603558,-0.60774517,0.35175717,0.71197808,0
-1.2318052,-1.645046,-1.8853059,-0.46558851,0.56847084,-0.67828333,0
2.1549959,1.4222977,0.061054945,0.64332974,0.74371219,0.18171126,0
1.1081201,1.1002146,-1.0236694,-0.46558851,0.56847084,-0.67828333,0
-1.5597196,-0.44275087,-0.82164729,-0.46558851,0.56847084,-0.67828333,0
-1.3580978,-1.7246516,-0.9485786,-0.64332974,-0.74371219,-0.18171126,0
1.0621593,1.797545,1.4220335,-0.60774517,0.35175717,0.71197808,0
0.89553452,-0.76659858,0.25729063,0.46558851,-0.56847084,0.67828333,0
-1.1770576,-2.5906727,0.22797298,-0.64332974,-0.74371219,-0.18171126,0
