-1.1855805,-4.5975752,-0.76849914,-0.063232988,-0.91541052,-0.3975237,0
-1.0365298,1.5297832,3.968791,0.8587935,-0.25282431,0.44559348,0
2.2851961,2.9593103,-2.366363,0.50840461,0.31321454,-0.80213547,0
-1.5035542,3.165761,4.4168472,0.063232988,0.91541052,0.3975237,0
0.030671477,2.5490923,-0.11191308,-0.8587935,0.25282431,-0.44559348,0
0.6119858,3.4247375,1.5971291,0.8587935,-0.25282431,0.44559348,0
-1.6197194,2.3528631,3.3879385,-0.8587935,0.25282431,-0.44559348,0
0.75334144,-3.4814787,-3.5609899,-0.063232988,-0.91541052,-0.3975237,0
-2.2637987,-1.6859019,2.9193749,-0.50840461,-0.31321454,0.80213547,0
-1.5075756,0.32404065,3.9851518,-0.50840461,-0.31321454,0.80213547,0
-1.9795249,-4.1480083,2.1941495,-0.50840461,-0.31321454,0.80213547,0
2.4662039,5.1028638,-0.7614038,0.063232988,0.91541052,0.3975237,0
1.1618448,-0.22645652,-3.3376873,-0.8587935,0.25282431,-0.44559348,0
-1.4164674,-4.7917404,0.0069410801,-0.063232988,-0.91541052,-0.3975237,0
1.1480825,4.6900682,0.030979395,0.063232988,0.91541052,0.3975237,0
-2.4107218,-1.8028067,2.6334186,-0.8587935,0.25282431,-0.44559348,0
-0.60438883,-3.9916077,-1.5737343,-0.063232988,-0.91541052,-0.3975237,0
1.0455174,4.0369067,-1.2158883,-0.8587935,0.25282431,-0.44559348,0
-1.8746376,-2.2353916,2.9741716,-0.50840461,-0.31321454,0.80213547,0
-0.80425894,1.6022977,3.2845836,0.8587935,-0.25282431,0.44559348,0
-1.8998666,-5.0846882,0.96089053,-0.063232988,-0.91541052,-0.3975237,0
-2.4051077,-3.2793,2.0495133,-0.50840461,-0.31321454,0.80213547,0
-0.82146841,0.27986309,0.3455376,-0.8587935,0.25282431,-0.44559348,0
0.86086333,2.8887808,-0.84547603,-0.8587935,0.25282431,-0.44559348,0
-1.6602445,-5.311831,0.68004107,-0.063232988,-0.91541052,-0.3975237,0
0.33448374,-3.9173524,-2.2405391,-0.063232988,-0.91541052,-0.3975237,0
-2.2616644,-1.0842125,2.9312577,-0.50840461,-0.31321454,0.80213547,0
-0.5140605,3.431344,3.0771246,0.063232988,0.91541052,0.3975237,0
0.10709435,-3.6419435,-3.4377511,-0.063232988,-0.91541052,-0.3975237,0
-1.8909748,-4.0342364,2.1932158,-0.50840461,-0.31321454,0.80213547,0
1.7530861,1.1580774,-3.4990046,0.50840461,0.31321454,-0.80213547,0
-1.9796848,-4.5118742,1.8452516,-0.50840461,-0.31321454,0.80213547,0
1.4030402,-2.5152764,-5.2685976,0.50840461,0.31321454,-0.80213547,0
-2.0576563,-0.085120797,3.4972425,-0.50840461,-0.31321454,0.80213547,0
-0.42675769,1.414721,2.4824364,0.8587935,-0.25282431,0.44559348,0
-1.4154131,-4.3907828,-0.96906233,-0.063232988,-0.91541052,-0.3975237,0
-0.80287498,3.4318533,3.138185,0.063232988,0.91541052,0.3975237,0
1.1253817,3.7563691,1.0925989,0.8587935,-0.25282431,0.44559348,0
-0.5115658,-0.82915914,-0.38614792,-0.8587935,0.25282431,-0.44559348,0
-1.3758179,2.9433379,4.6075096,0.063232988,0.91541052,0.3975237,0
1.3508086,-2.9585581,-4.5385947,-0.063232988,-0.91541052,-0.3975237,0
1.1745355,-2.6555352,-4.9437475,-0.063232988,-0.91541052,-0.3975237,0
-1.7229919,-1.0128914,3.4459195,-0.50840461,-0.31321454,0.80213547,0
-2.485384,-0.97449076,2.8390932,-0.50840461,-0.31321454,0.80213547,0
2.1938937,4.1397333,-2.0962815,0.50840461,0.31321454,-0.80213547,0
-1.2362765,3.2664487,3.6226606,0.063232988,0.91541052,0.3975237,0
-2.2775702,-4.0571456,0.77371836,-0.8587935,0.25282431,-0.44559348,0
-1.437454,2.4739919,4.8454385,-0.50840461,-0.31321454,0.80213547,0
2.0739627,1.1742563,-3.1833336,0.50840461,0.31321454,-0.80213547,0
0.12545633,4.3457656,1.4974637,0.063232988,0.91541052,0.3975237,0
-1.5433962,1.7159889,4.5723376,-0.50840461,-0.31321454,0.80213547,0
1.8081218,0.33879364,-3.9253705,0.50840461,0.31321454,-0.80213547,0
-0.17414683,-0.55658907,1.4018312,0.8587935,-0.25282431,0.44559348,0
-1.4399955,2.7273793,5.0218163,-0.50840461,-0.31321454,0.80213547,0
1.8315408,4.6346688,-1.8040247,0.50840461,0.31321454,-0.80213547,0
1.0917609,4.7164717,0.49452138,0.063232988,0.91541052,0.3975237,0
-1.8730333,-3.1199374,2.6747608,-0.50840461,-0.31321454,0.80213547,0
1.9876599,5.3868704,-1.0932682,0.063232988,0.91541052,0.3975237,0
1.9436827,5.1316915,-1.7137148,0.50840461,0.31321454,-0.80213547,0
0.8205384,-3.5959783,-3.5400496,-0.063232988,-0.91541052,-0.3975237,0
0.27126122,2.9861209,0.26228499,-0.8587935,0.25282431,-0.44559348,0
2.3033438,1.1647053,-3.0661888,0.50840461,0.31321454,-0.80213547,0
1.1640491,1.9430655,-2.5640287,-0.8587935,0.25282431,-0.44559348,0
-0.90229964,-4.1596122,0.32970905,0.8587935,-0.25282431,0.44559348,0
-2.0617087,-2.0660748,3.1197577,-0.50840461,-0.31321454,0.80213547,0
-1.5862582,3.1467462,3.9499826,0.063232988,0.91541052,0.3975237,0
0.71694434,-0.63038719,-2.6507504,-0.8587935,0.25282431,-0.44559348,0
-1.6739643,3.0717442,4.5691714,0.063232988,0.91541052,0.3975237,0
-2.0114443,1.4071746,4.3709693,-0.50840461,-0.31321454,0.80213547,0
-0.70372319,3.7028785,2.4554472,-0.8587935,0.25282431,-0.44559348,0
-2.1397791,-2.8676193,2.5155718,-0.50840461,-0.31321454,0.80213547,0
2.1104312,2.7311556,-2.7953875,0.50840461,0.31321454,-0.80213547,0
0.8124938,4.8098726,-0.045145035,0.063232988,0.91541052,0.3975237,0
1.2862,-2.8971424,-4.7642813,-0.063232988,-0.91541052,-0.3975237,0
-1.5410553,3.2899954,3.802701,0.063232988,0.91541052,0.3975237,0
-1.5504817,1.2603029,4.3411026,-0.50840461,-0.31321454,0.80213547,0
-1.5752072,-4.7065759,-0.39723849,-0.063232988,-0.91541052,-0.3975237,0
1.0447545,-2.1936662,-4.2708244,-0.8587935,0.25282431,-0.44559348,0
0.20634925,1.6855776,1.932075,0.8587935,-0.25282431,0.44559348,0
-2.3506165,-4.3368688,1.5645025,-0.50840461,-0.31321454,0.80213547,0
-0.82883525,-4.3297634,-1.2785363,-0.063232988,-0.91541052,-0.3975237,0
-2.21313,0.63067633,3.8977847,-0.50840461,-0.31321454,0.80213547,0
0.020126224,4.1622829,1.4256036,0.063232988,0.91541052,0.3975237,0
-0.91308475,3.6121974,3.4529107,0.063232988,0.91541052,0.3975237,0
1.6738279,0.14103997,-3.811856,0.50840461,0.31321454,-0.80213547,0
1.9337358,3.1462152,-2.6870024,0.50840461,0.31321454,-0.80213547,0
-0.61581647,-4.0695353,-2.2445002,-0.063232988,-0.91541052,-0.3975237,0
0.54247117,4.2595258,1.2458909,0.063232988,0.91541052,0.3975237,0
2.0776651,5.1188984,-1.0442607,0.063232988,0.91541052,0.3975237,0
0.76361263,4.0063243,1.5400424,0.8587935,-0.25282431,0.44559348,0
1.8901267,5.4066672,-1.1650784,0.063232988,0.91541052,0.3975237,0
-2.2974966,-5.5253973,1.4035909,-0.063232988,-0.91541052,-0.3975237,0
1.6932545,2.1011212,-0.91876996,0.8587935,-0.25282431,0.44559348,0
2.4645746,5.2829123,-1.6010134,0.50840461,0.31321454,-0.80213547,0
-2.051707,3.0442743,4.8732367,0.063232988,0.91541052,0.3975237,0
0.33346128,4.1407557,1.6659245,0.063232988,0.91541052,0.3975237,0
0.055248857,-3.8474531,-2.575196,-0.063232988,-0.91541052,-0.3975237,0
1.8807783,-1.2045093,-4.2219901,0.50840461,0.31321454,-0.80213547,0
1.7775886,5.5224113,-1.6850827,0.50840461,0.31321454,-0.80213547,0
-1.5935979,1.4737645,2.8999689,-0.8587935,0.25282431,-0.44559348,0
-1.1044863,3.5071442,2.9262848,0.063232988,0.91541052,0.3975237,0
-1.4519821,3.2251225,4.2148066,0.063232988,0.91541052,0.3975237,0
1.7606986,-2.5492232,-4.8234849,0.50840461,0.31321454,-0.80213547,0
-0.70475316,-0.59435564,1.9443611,0.8587935,-0.25282431,0.44559348,0
-0.71188712,1.183845,0.48915246,-0.8587935,0.25282431,-0.44559348,0
-1.7953484,-3.6172447,2.2323682,-0.50840461,-0.31321454,0.80213547,0
0.61485088,-2.8933752,-1.6235908,0.8587935,-0.25282431,0.44559348,0
1.1865628,4.4344587,1.3824408,0.063232988,0.91541052,0.3975237,0
-0.95188928,3.193316,4.5606866,0.063232988,0.91541052,0.3975237,0
2.318866,0.14072222,-3.3751149,0.50840461,0.31321454,-0.80213547,0
2.0378599,2.3981528,-2.7848029,0.50840461,0.31321454,-0.80213547,0
-0.057934642,4.0933194,2.2247272,0.063232988,0.91541052,0.3975237,0
-2.0264111,-1.3605087,2.2378938,-0.8587935,0.25282431,-0.44559348,0
2.3276262,5.4846773,-1.3853788,0.063232988,0.91541052,0.3975237,0
1.8225632,3.7450523,-2.2074876,0.50840461,0.31321454,-0.80213547,0
1.1436982,4.124701,1.5765915,0.8587935,-0.25282431,0.44559348,0
0.28838277,-3.3199811,-3.3346355,-0.063232988,-0.91541052,-0.3975237,0
1.9154873,5.152997,-1.8425562,0.50840461,0.31321454,-0.80213547,0
2.2839882,-1.3094745,-4.1804242,0.50840461,0.31321454,-0.80213547,0
1.1599166,0.21720684,-2.8294945,-0.8587935,0.25282431,-0.44559348,0
0.25529695,-3.9156547,-2.4295406,-0.063232988,-0.91541052,-0.3975237,0
-2.3920932,-4.1822162,1.9973744,-0.50840461,-0.31321454,0.80213547,0
-0.22227019,3.5381331,2.8263335,0.063232988,0.91541052,0.3975237,0
2.0615425,0.012508392,-3.6498268,0.50840461,0.31321454,-0.80213547,0
1.7648301,-0.31179786,-3.8853655,0.50840461,0.31321454,-0.80213547,0
-0.24278867,-3.7029843,-2.5353637,-0.063232988,-0.91541052,-0.3975237,0
0.83920503,-0.011751618,-0.76623005,0.8587935,-0.25282431,0.44559348,0
-2.1368792,2.6733599,4.4834003,-0.50840461,-0.31321454,0.80213547,0
-2.1467125,-3.4964428,0.95328307,-0.8587935,0.25282431,-0.44559348,0
0.25025243,0.84229797,0.87484789,0.8587935,-0.25282431,0.44559348,0
0.86288142,-3.6079202,-3.2043157,-0.063232988,-0.91541052,-0.3975237,0
1.7375671,-2.2018797,-4.8085222,0.50840461,0.31321454,-0.80213547,0
-2.2802107,0.58705842,3.9121153,-0.50840461,-0.31321454,0.80213547,0
0.96735883,4.5256209,0.56990862,0.063232988,0.91541052,0.3975237,0
1.825768,3.3273385,-0.93842125,0.8587935,-0.25282431,0.44559348,0
1.8602662,-0.29074228,-4.0360632,0.50840461,0.31321454,-0.80213547,0
2.5145326,4.4873085,-1.5089316,0.50840461,0.31321454,-0.80213547,0
1.6358155,-1.5988643,-4.7248578,0.50840461,0.31321454,-0.80213547,0
-0.38890958,3.801137,2.6708002,0.063232988,0.91541052,0.3975237,0
-0.95624256,-4.6576271,-0.56586552,-0.063232988,-0.91541052,-0.3975237,0
2.3508415,4.0625043,-1.7443122,0.50840461,0.31321454,-0.80213547,0
-2.0529304,1.57401,3.925365,-0.8587935,0.25282431,-0.44559348,0
0.05422467,-0.81905103,0.84737384,0.8587935,-0.25282431,0.44559348,0
2.0958471,5.2650228,-1.4171352,0.50840461,0.31321454,-0.80213547,0
-2.0739651,-4.7790823,2.0210037,-0.50840461,-0.31321454,0.80213547,0
-1.0937405,1.4426708,1.820576,-0.8587935,0.25282431,-0.44559348,0
2.1040237,5.4237461,-1.0938182,0.063232988,0.91541052,0.3975237,0
-1.7977235,-3.1499629,2.4576206,-0.50840461,-0.31321454,0.80213547,0
-0.82120788,-3.7407029,-1.7618995,-0.8587935,0.25282431,-0.44559348,0
-1.5458024,-4.6439085,-0.48776054,-0.063232988,-0.91541052,-0.3975237,0
2.0393412,2.8926528,-2.5830653,0.50840461,0.31321454,-0.80213547,0
-1.6165988,-5.1033478,0.62542009,-0.063232988,-0.91541052,-0.3975237,0
-0.87733847,-0.71217674,0.46237478,-0.8587935,0.25282431,-0.44559348,0
-0.34578633,-3.8234489,-2.5697732,-0.063232988,-0.91541052,-0.3975237,0
-1.6912141,-0.15371323,4.0622849,-0.50840461,-0.31321454,0.80213547,0
2.3241611,3.9565663,-1.8116958,0.50840461,0.31321454,-0.80213547,0
1.5738432,-3.4793305,-4.0554142,-0.063232988,-0.91541052,-0.3975237,0
-0.98839045,-4.7490134,-0.20416975,-0.063232988,-0.91541052,-0.3975237,0
-2.184639,-4.6155005,1.8157221,-0.50840461,-0.31321454,0.80213547,0
-1.8548486,-2.763742,1.1140782,-0.8587935,0.25282431,-0.44559348,0
0.50912809,3.6406827,-0.40271378,-0.8587935,0.25282431,-0.44559348,0
2.0571008,0.81305683,-3.2709041,0.50840461,0.31321454,-0.80213547,0
-2.135082,-2.2731249,2.6607394,-0.50840461,-0.31321454,0.80213547,0
-2.4494288,-3.9961727,1.9703574,-0.50840461,-0.31321454,0.80213547,0
-1.666064,-5.0081897,0.56791425,-0.063232988,-0.91541052,-0.3975237,0
2.0520935,-0.51133585,-3.7102752,0.50840461,0.31321454,-0.80213547,0
2.0248878,0.68396461,-2.1160674,0.8587935,-0.25282431,0.44559348,0
-2.1818314,-5.4180293,1.3994107,-0.50840461,-0.31321454,0.80213547,0
-0.78194553,3.2959669,2.0944109,-0.8587935,0.25282431,-0.44559348,0
2.2968526,-0.24856555,-3.8600714,0.50840461,0.31321454,-0.80213547,0
-1.6030157,-3.4579322,2.4378412,-0.50840461,-0.31321454,0.80213547,0
1.6154432,3.0827386,-2.1788411,-0.8587935,0.25282431,-0.44559348,0
-0.40978253,-0.63800067,-0.37627453,-0.8587935,0.25282431,-0.44559348,0
-0.52671289,4.1380014,2.0182161,0.063232988,0.91541052,0.3975237,0
2.223321,3.1152062,-2.3596542,0.50840461,0.31321454,-0.80213547,0
1.5903387,-2.7738476,-4.9813595,-0.063232988,-0.91541052,-0.3975237,0
-2.366164,0.095701933,3.6365266,-0.50840461,-0.31321454,0.80213547,0
-1.9700909,-3.2595801,2.4205768,-0.50840461,-0.31321454,0.80213547,0
-0.87263602,3.6197605,3.2788339,0.063232988,0.91541052,0.3975237,0
-0.58122611,-4.473361,-0.88697863,-0.063232988,-0.91541052,-0.3975237,0
-0.78340375,-0.10663627,0.67424381,-0.8587935,0.25282431,-0.44559348,0
-2.3796122,-2.6861694,2.2567592,-0.50840461,-0.31321454,0.80213547,0
-1.2402585,-3.5200014,1.3174698,0.8587935,-0.25282431,0.44559348,0
1.9161332,3.3505292,-2.2824621,0.50840461,0.31321454,-0.80213547,0
1.3342162,-3.4064677,-3.9861178,-0.063232988,-0.91541052,-0.3975237,0
-1.0683244,0.55378193,0.94689697,-0.8587935,0.25282431,-0.44559348,0
-2.4659095,-2.0672708,2.1060905,-0.8587935,0.25282431,-0.44559348,0
0.50414503,4.09062,1.4951267,0.063232988,0.91541052,0.3975237,0
-2.5859795,-4.7212658,1.3447719,-0.50840461,-0.31321454,0.80213547,0
1.3552485,3.9799399,0.68004441,0.8587935,-0.25282431,0.44559348,0
-1.1065559,-0.16756725,3.6034129,0.8587935,-0.25282431,0.44559348,0
-0.29837251,-0.31012923,1.1083205,0.8587935,-0.25282431,0.44559348,0
-0.39223915,3.4854672,2.0393467,-0.8587935,0.25282431,-0.44559348,0
-1.0679033,3.0003181,4.1401887,0.063232988,0.91541052,0.3975237,0
0.12596065,-3.6215856,-3.1474087,-0.063232988,-0.91541052,-0.3975237,0
-1.1249325,-2.0916557,2.5468202,0.8587935,-0.25282431,0.44559348,0
1.9758503,3.2409678,-2.2199588,0.50840461,0.31321454,-0.80213547,0
-2.6185789,-4.6834354,1.5689049,-0.50840461,-0.31321454,0.80213547,0
0.0090773106,-4.2778044,-1.8189509,-0.063232988,-0.91541052,-0.3975237,0
-0.15592372,-3.6462297,-2.7330029,-0.063232988,-0.91541052,-0.3975237,0
-1.0724201,1.1255015,4.2216473,0.8587935,-0.25282431,0.44559348,0
0.012808323,-3.8674049,-1.9849911,-0.063232988,-0.91541052,-0.3975237,0
-2.2338245,0.94546467,3.9876974,-0.50840461,-0.31321454,0.80213547,0
-1.893898,3.1266942,4.246624,0.063232988,0.91541052,0.3975237,0
1.8947406,5.0541906,-1.9394245,0.50840461,0.31321454,-0.80213547,0
1.2081037,4.8208094,0.26126814,0.063232988,0.91541052,0.3975237,0
-1.3770032,-2.824749,1.9692369,0.8587935,-0.25282431,0.44559348,0
-2.4721539,-5.4142799,1.1264167,-0.063232988,-0.91541052,-0.3975237,0
2.3352404,5.0444794,-1.0442626,0.063232988,0.91541052,0.3975237,0
0.56794274,-3.8870215,-2.2135129,-0.063232988,-0.91541052,-0.3975237,0
1.4700515,0.73598135,-1.7257173,0.8587935,-0.25282431,0.44559348,0
1.446946,-2.8131533,-5.0027671,-0.063232988,-0.91541052,-0.3975237,0
0.61522889,4.3100672,0.84783936,0.063232988,0.91541052,0.3975237,0
-0.89696735,3.0362091,4.6979895,0.063232988,0.91541052,0.3975237,0
1.7284659,0.059536219,-4.0308075,0.50840461,0.31321454,-0.80213547,0
-0.32139373,-4.2488132,-1.5300887,-0.063232988,-0.91541052,-0.3975237,0
1.5538244,4.9604168,-0.090377331,0.063232988,0.91541052,0.3975237,0
2.2430344,0.13421893,-3.6721742,0.50840461,0.31321454,-0.80213547,0
2.2145295,-1.6224601,-4.4116125,0.50840461,0.31321454,-0.80213547,0
-1.910547,-2.3679857,2.627624,-0.50840461,-0.31321454,0.80213547,0
0.62782103,-1.3536363,-3.4817126,-0.8587935,0.25282431,-0.44559348,0
0.51924878,-0.90866846,-2.5193229,-0.8587935,0.25282431,-0.44559348,0
0.36026621,-4.0210662,-1.9414942,-0.063232988,-0.91541052,-0.3975237,0
2.4582186,3.1693738,-2.124552,0.50840461,0.31321454,-0.80213547,0
0.92211318,4.7942457,-0.1765635,0.063232988,0.91541052,0.3975237,0
-2.2353363,-4.8904157,1.8440377,-0.50840461,-0.31321454,0.80213547,0
-1.9099747,0.47973448,3.238991,-0.8587935,0.25282431,-0.44559348,0
0.77136493,1.9721298,-1.8795208,-0.8587935,0.25282431,-0.44559348,0
-1.882962,-2.9156723,2.7643046,-0.50840461,-0.31321454,0.80213547,0
-0.65311193,-4.3543301,-0.70303965,-0.063232988,-0.91541052,-0.3975237,0
0.31252778,4.1671162,2.0108926,0.063232988,0.91541052,0.3975237,0
-1.0586276,3.6263332,3.5731122,0.063232988,0.91541052,0.3975237,0
2.0332441,2.8075509,-1.4296236,0.8587935,-0.25282431,0.44559348,0
-1.1366947,2.072849,2.1869998,-0.8587935,0.25282431,-0.44559348,0
-1.9489738,0.012602925,3.8345499,-0.50840461,-0.31321454,0.80213547,0
0.61881983,-3.460855,-3.6797404,-0.063232988,-0.91541052,-0.3975237,0
-1.8954198,-1.4032464,3.2877934,-0.50840461,-0.31321454,0.80213547,0
0.81386197,0.12378612,-0.74389982,0.8587935,-0.25282431,0.44559348,0
-1.7131962,-0.44989216,1.6380218,-0.8587935,0.25282431,-0.44559348,0
2.1172791,5.0242839,-0.76247072,0.063232988,0.91541052,0.3975237,0
0.44989657,-3.9842997,-1.9844308,-0.063232988,-0.91541052,-0.3975237,0
1.6887407,-1.1264915,-4.1895108,0.50840461,0.31321454,-0.80213547,0
0.59184802,3.3862324,1.8512506,0.8587935,-0.25282431,0.44559348,0
-0.96197748,-4.6800222,-0.035543919,-0.063232988,-0.91541052,-0.3975237,0
0.83316302,4.3888302,0.58679104,0.063232988,0.91541052,0.3975237,0
1.5014105,-2.8876367,-4.5685959,-0.063232988,-0.91541052,-0.3975237,0
2.7142444,2.1052153,-2.6445935,0.50840461,0.31321454,-0.80213547,0
2.1210361,-0.91184098,-3.2204008,0.8587935,-0.25282431,0.44559348,0
1.6284976,-1.7118092,-4.8417921,0.50840461,0.31321454,-0.80213547,0
-2.2988787,-0.36657566,3.3615141,-0.50840461,-0.31321454,0.80213547,0
-0.68607497,3.4170287,3.0713279,0.063232988,0.91541052,0.3975237,0
-2.7742703,-5.1378102,1.1788437,-0.50840461,-0.31321454,0.80213547,0
1.5739578,-1.6580549,-4.697144,0.50840461,0.31321454,-0.80213547,0
2.4773021,5.3810759,-1.1290889,0.063232988,0.91541052,0.3975237,0
-2.0919423,0.59306884,4.1160684,-0.50840461,-0.31321454,0.80213547,0
0.87106216,-3.1957145,-3.8674459,-0.063232988,-0.91541052,-0.3975237,0
-2.3277385,0.16099072,3.5536518,-0.50840461,-0.31321454,0.80213547,0
-2.3016984,-1.260779,2.8452752,-0.50840461,-0.31321454,0.80213547,0
1.3870782,1.4721774,-2.9620457,-0.8587935,0.25282431,-0.44559348,0
1.5273179,-1.5487807,-4.5151768,-0.8587935,0.25282431,-0.44559348,0
1.3824358,-3.4554775,-3.8888617,-0.063232988,-0.91541052,-0.3975237,0
2.1920493,5.0424285,-0.46863651,0.063232988,0.91541052,0.3975237,0
-0.98287272,3.082427,3.9411666,0.063232988,0.91541052,0.3975237,0
-1.6196809,-4.3812838,-0.53565073,-0.8587935,0.25282431,-0.44559348,0
1.0548725,4.6113014,0.54626536,0.063232988,0.91541052,0.3975237,0
-2.1550033,-2.4267309,2.8060431,-0.50840461,-0.31321454,0.80213547,0
-0.53268945,-4.1058974,-1.3140805,-0.063232988,-0.91541052,-0.3975237,0
1.3266107,-2.7511935,-3.1495905,0.8587935,-0.25282431,0.44559348,0
2.5258651,0.39400637,-3.4219382,0.50840461,0.31321454,-0.80213547,0
0.79341769,0.89667803,0.45804727,0.8587935,-0.25282431,0.44559348,0
-1.3912597,1.4443059,4.539958,-0.50840461,-0.31321454,0.80213547,0
-2.3463314,-1.8833829,3.0054688,-0.50840461,-0.31321454,0.80213547,0
-0.073065996,-4.0848045,-2.1797121,-0.063232988,-0.91541052,-0.3975237,0
-0.58937478,-2.1470261,1.3850175,0.8587935,-0.25282431,0.44559348,0
-1.8345711,2.2961264,4.8813758,-0.50840461,-0.31321454,0.80213547,0
0.57016218,-1.9064292,-3.3685651,-0.8587935,0.25282431,-0.44559348,0
-1.4440086,-3.2555828,2.4658744,0.8587935,-0.25282431,0.44559348,0
-2.3299055,-3.7309422,1.6004503,-0.8587935,0.25282431,-0.44559348,0
2.1945696,3.6926525,-2.1402531,0.50840461,0.31321454,-0.80213547,0
-0.53038931,-0.47225136,-0.50972015,-0.8587935,0.25282431,-0.44559348,0
-1.3998989,-0.37035334,3.8629103,0.8587935,-0.25282431,0.44559348,0
-0.052553892,3.7774625,2.413012,0.063232988,0.91541052,0.3975237,0
-0.7396884,-4.6618576,-0.54684091,-0.063232988,-0.91541052,-0.3975237,0
-0.88462067,1.9847379,1.4121588,-0.8587935,0.25282431,-0.44559348,0
1.1324031,-2.1946747,-2.398746,0.8587935,-0.25282431,0.44559348,0
0.084265947,4.1560965,1.3041553,0.063232988,0.91541052,0.3975237,0
-1.7110269,-1.8112032,3.3686833,-0.50840461,-0.31321454,0.80213547,0
0.70005184,1.9754786,1.2521651,0.8587935,-0.25282431,0.44559348,0
-0.35463887,3.3748097,3.2584419,0.063232988,0.91541052,0.3975237,0
-1.9596716,2.2294931,4.1145053,-0.8587935,0.25282431,-0.44559348,0
-1.1637115,-4.1587567,-0.83808422,-0.8587935,0.25282431,-0.44559348,0
2.1309888,5.5274811,-1.372997,0.063232988,0.91541052,0.3975237,0
0.051027656,-4.102756,-1.9238303,-0.063232988,-0.91541052,-0.3975237,0
2.2212605,3.1805444,-2.2969472,0.50840461,0.31321454,-0.80213547,0
-2.2861056,2.5710876,4.5565143,-0.50840461,-0.31321454,0.80213547,0
-1.021867,-4.3650155,-0.95991611,-0.063232988,-0.91541052,-0.3975237,0
-0.59793258,3.6655397,3.2047348,0.063232988,0.91541052,0.3975237,0
1.7391338,-0.41644764,-4.1430092,0.50840461,0.31321454,-0.80213547,0
2.2950549,4.91465,-0.42961931,0.063232988,0.91541052,0.3975237,0
1.7794207,0.54881692,-3.7681191,0.50840461,0.31321454,-0.80213547,0
-1.7767541,-1.3899822,3.277622,-0.50840461,-0.31321454,0.80213547,0
1.444911,1.8478092,-2.7579627,-0.8587935,0.25282431,-0.44559348,0
1.907753,0.87190616,-3.6111281,0.50840461,0.31321454,-0.80213547,0
0.92537224,4.1237707,1.5445423,0.063232988,0.91541052,0.3975237,0
-1.3667753,-4.8326249,0.081522942,-0.063232988,-0.91541052,-0.3975237,0
1.9345589,5.2999067,-1.5500321,0.063232988,0.91541052,0.3975237,0
1.2044339,-3.5224481,-3.4442322,-0.063232988,-0.91541052,-0.3975237,0
-0.69638491,3.14908,4.2774,0.063232988,0.91541052,0.3975237,0
-0.98318028,-2.6961117,-1.1458118,-0.8587935,0.25282431,-0.44559348,0
-2.1315351,1.5075947,4.4684448,-0.50840461,-0.31321454,0.80213547,0
-2.1227601,0.8304708,4.0061522,-0.50840461,-0.31321454,0.80213547,0
1.3316457,-2.1168048,-5.0346231,0.50840461,0.31321454,-0.80213547,0
2.2257736,4.1279821,-1.8484343,0.50840461,0.31321454,-0.80213547,0
1.9395943,4.8320055,-0.37595654,0.063232988,0.91541052,0.3975237,0
2.2947054,-2.3691497,-4.4327693,0.50840461,0.31321454,-0.80213547,0
0.55573344,4.5443201,0.89112067,0.063232988,0.91541052,0.3975237,0
0.80196047,4.3716006,0.98461223,0.063232988,0.91541052,0.3975237,0
-0.55540037,3.8160586,2.4621828,0.063232988,0.91541052,0.3975237,0
1.787923,-1.1472733,-4.0686007,0.50840461,0.31321454,-0.80213547,0
-1.8691545,-4.9508429,0.53893471,-0.063232988,-0.91541052,-0.3975237,0
1.5339417,-0.23823285,-4.1480746,0.50840461,0.31321454,-0.80213547,0
-0.72589916,3.0285783,4.2278852,0.063232988,0.91541052,0.3975237,0
0.72287273,0.84924674,0.3050071,0.8587935,-0.25282431,0.44559348,0
-1.3354075,3.0867,4.1511831,0.063232988,0.91541052,0.3975237,0
-0.54034269,-4.127656,-1.2668214,-0.063232988,-0.91541052,-0.3975237,0
-0.38491306,2.3759809,1.4110585,-0.8587935,0.25282431,-0.44559348,0
-1.207386,3.478837,3.263166,0.063232988,0.91541052,0.3975237,0
-1.8470707,-5.1022391,0.40645647,-0.063232988,-0.91541052,-0.3975237,0
-2.0693836,-2.8451545,2.4336109,-0.50840461,-0.31321454,0.80213547,0
0.74284041,-3.1515632,-4.0028896,-0.063232988,-0.91541052,-0.3975237,0
0.80432367,-3.2719831,-2.0041585,0.8587935,-0.25282431,0.44559348,0
-1.5652819,-5.2626748,0.85426784,-0.063232988,-0.91541052,-0.3975237,0
2.3985085,0.603863,-3.2637537,0.50840461,0.31321454,-0.80213547,0
-2.456574,-5.0256553,0.81479359,-0.063232988,-0.91541052,-0.3975237,0
1.0463005,1.1030672,-2.2416661,-0.8587935,0.25282431,-0.44559348,0
-0.43748847,0.66743284,-0.016346812,-0.8587935,0.25282431,-0.44559348,0
0.017958045,2.630764,2.232367,0.8587935,-0.25282431,0.44559348,0
-2.3396816,-4.5567865,1.7997342,-0.50840461,-0.31321454,0.80213547,0
1.5682551,-0.94510365,-4.2664957,-0.8587935,0.25282431,-0.44559348,0
0.038422108,4.3195181,0.99591279,0.063232988,0.91541052,0.3975237,0
-1.3280218,-0.21654451,3.8157623,0.8587935,-0.25282431,0.44559348,0
0.37980151,4.1876698,1.6554677,0.063232988,0.91541052,0.3975237,0
-1.6689484,-3.813179,2.2369277,-0.50840461,-0.31321454,0.80213547,0
-1.534987,-4.8494186,0.042698145,-0.063232988,-0.91541052,-0.3975237,0
-0.74954367,-4.7131205,0.24676704,0.8587935,-0.25282431,0.44559348,0
1.3841672,4.9835916,-0.66957188,0.063232988,0.91541052,0.3975237,0
-0.45177877,0.99204069,2.8668578,0.8587935,-0.25282431,0.44559348,0
-2.2923746,1.6469909,4.0358758,-0.50840461,-0.31321454,0.80213547,0
2.2022443,0.2903592,-2.710907,0.8587935,-0.25282431,0.44559348,0
0.75716895,0.94614798,-0.21597975,0.8587935,-0.25282431,0.44559348,0
0.074431255,0.21624488,1.0624595,0.8587935,-0.25282431,0.44559348,0
2.3934567,4.9820848,-1.0905457,0.8587935,-0.25282431,0.44559348,0
0.95400488,4.3160329,1.6750941,0.063232988,0.91541052,0.3975237,0
0.90167499,2.7560074,1.2343724,0.8587935,-0.25282431,0.44559348,0
-0.87767023,3.5828526,3.3856568,0.063232988,0.91541052,0.3975237,0
-0.21811199,-3.6096241,-0.44675422,0.8587935,-0.25282431,0.44559348,0
-2.2608991,-0.53816247,3.5085583,-0.50840461,-0.31321454,0.80213547,0
-0.12733078,-4.4850521,-1.0212095,-0.063232988,-0.91541052,-0.3975237,0
2.313077,4.7611322,-0.32884312,0.063232988,0.91541052,0.3975237,0
1.5436288,0.95710862,-3.3870702,0.50840461,0.31321454,-0.80213547,0
1.9645929,4.8692389,-0.085088968,0.063232988,0.91541052,0.3975237,0
-0.55908132,-4.2568374,-0.97749996,-0.063232988,-0.91541052,-0.3975237,0
1.7162777,0.27144146,-3.8844705,0.50840461,0.31321454,-0.80213547,0
-0.1188149,-1.183643,-1.8876972,-0.8587935,0.25282431,-0.44559348,0
-1.8559871,-3.3637972,0.85634255,-0.8587935,0.25282431,-0.44559348,0
0.69254589,-3.2426169,-4.2782888,-0.063232988,-0.91541052,-0.3975237,0
-1.410139,-0.61944044,3.7668965,-0.50840461,-0.31321454,0.80213547,0
1.8483007,-2.0073013,-4.8427773,0.50840461,0.31321454,-0.80213547,0
1.8430803,-2.2014043,-4.7794504,0.50840461,0.31321454,-0.80213547,0
1.6716439,-3.2892747,-4.288332,-0.063232988,-0.91541052,-0.3975237,0
-1.8987019,-4.0452757,-0.19773912,-0.8587935,0.25282431,-0.44559348,0
2.401917,3.1066899,-2.1131897,0.50840461,0.31321454,-0.80213547,0
0.92508239,-0.27495599,-0.93305898,0.8587935,-0.25282431,0.44559348,0
-2.4681141,-3.3268323,1.533278,-0.8587935,0.25282431,-0.44559348,0
1.8734124,5.1387601,-0.92253923,0.063232988,0.91541052,0.3975237,0
-2.076581,-0.11406362,3.7474334,-0.50840461,-0.31321454,0.80213547,0
-2.1415923,2.64573,4.5828857,-0.50840461,-0.31321454,0.80213547,0
2.1139352,2.4150147,-2.8917546,0.50840461,0.31321454,-0.80213547,0
1.8293309,4.8668184,-0.63542342,0.063232988,0.91541052,0.3975237,0
-2.1117489,2.268199,4.6245775,-0.50840461,-0.31321454,0.80213547,0
2.399802,3.957907,-0.95938158,0.8587935,-0.25282431,0.44559348,0
-1.6038895,3.3959408,4.0683084,0.063232988,0.91541052,0.3975237,0
-0.75350285,-3.2914462,1.0769624,0.8587935,-0.25282431,0.44559348,0
1.5035653,-2.6636112,-4.9085636,0.50840461,0.31321454,-0.80213547,0
-1.8711462,-5.1112585,0.54656339,-0.063232988,-0.91541052,-0.3975237,0
-0.87559628,3.1405325,4.1064043,0.063232988,0.91541052,0.3975237,0
-0.42684364,-4.3378386,-1.5236256,-0.063232988,-0.91541052,-0.3975237,0
-0.37378514,-0.8444699,0.95464098,0.8587935,-0.25282431,0.44559348,0
0.51214784,-1.0190564,-3.1230121,-0.8587935,0.25282431,-0.44559348,0
-1.3169082,2.8421154,3.1646709,-0.8587935,0.25282431,-0.44559348,0
1.7184031,1.6055284,-3.1344123,0.50840461,0.31321454,-0.80213547,0
-1.7747805,-0.27405357,2.369206,-0.8587935,0.25282431,-0.44559348,0
-1.8287263,-2.2215841,1.3482091,-0.8587935,0.25282431,-0.44559348,0
0.27996325,-3.3981194,-1.6407604,0.8587935,-0.25282431,0.44559348,0
1.4178828,-0.3472743,-4.1113563,0.50840461,0.31321454,-0.80213547,0
0.016028136,-1.104979,-2.1520395,-0.8587935,0.25282431,-0.44559348,0
0.52640271,4.226017,1.6092689,0.063232988,0.91541052,0.3975237,0
2.1856291,2.8394687,-1.6740146,0.8587935,-0.25282431,0.44559348,0
2.4328575,1.6657081,-2.7995486,0.50840461,0.31321454,-0.80213547,0
1.7171946,0.011976361,-4.0856552,0.50840461,0.31321454,-0.80213547,0
1.9013844,5.2059789,-0.8412466,0.063232988,0.91541052,0.3975237,0
-0.97834337,-2.9710426,-0.67427564,-0.8587935,0.25282431,-0.44559348,0
-1.3378567,0.19093359,4.0964622,-0.50840461,-0.31321454,0.80213547,0
0.62594903,3.9952538,1.5723898,0.063232988,0.91541052,0.3975237,0
1.5141931,-2.878274,-4.9382591,0.50840461,0.31321454,-0.80213547,0
-1.6375721,-4.2458591,1.5207026,0.8587935,-0.25282431,0.44559348,0
-2.2066321,0.13286805,3.5939379,-0.50840461,-0.31321454,0.80213547,0
-0.21308434,2.1570148,3.1990457,0.8587935,-0.25282431,0.44559348,0
0.95587003,-3.3883533,-3.5438485,-0.063232988,-0.91541052,-0.3975237,0
1.6922352,5.0468898,-0.24711847,0.063232988,0.91541052,0.3975237,0
2.4751027,4.3452163,-1.446744,0.8587935,-0.25282431,0.44559348,0
-1.5510812,1.1452374,2.2217174,-0.8587935,0.25282431,-0.44559348,0
-1.1838365,-5.04496,0.2369833,-0.063232988,-0.91541052,-0.3975237,0
0.8445586,-3.9140682,-2.8411393,-0.063232988,-0.91541052,-0.3975237,0
0.85457122,3.4680853,1.424309,0.8587935,-0.25282431,0.44559348,0
1.6171843,2.6177144,-0.13656402,0.8587935,-0.25282431,0.44559348,0
1.2177577,2.8974657,0.046493053,0.8587935,-0.25282431,0.44559348,0
-2.0637829,2.9046497,4.4895506,0.063232988,0.91541052,0.3975237,0
1.6268978,3.0343451,-2.5808833,0.50840461,0.31321454,-0.80213547,0
0.81852627,3.5363479,-0.4475441,-0.8587935,0.25282431,-0.44559348,0
0.09981823,-4.2357607,-1.8921664,-0.063232988,-0.91541052,-0.3975237,0
-1.9579976,1.8694054,4.6996708,-0.50840461,-0.31321454,0.80213547,0
-2.2686777,1.4567777,4.1238356,-0.50840461,-0.31321454,0.80213547,0
1.7585101,3.0848956,-0.92804861,0.8587935,-0.25282431,0.44559348,0
-1.9157958,-4.0026889,0.46904182,-0.8587935,0.25282431,-0.44559348,0
-1.6675644,1.7092954,4.4135203,-0.50840461,-0.31321454,0.80213547,0
-0.90098953,-3.3959882,1.1827526,0.8587935,-0.25282431,0.44559348,0
1.4886928,-3.3063474,-4.3438463,-0.063232988,-0.91541052,-0.3975237,0
1.6170487,5.3128157,-0.77019095,0.063232988,0.91541052,0.3975237,0
0.97127396,-3.848233,-2.7241211,-0.063232988,-0.91541052,-0.3975237,0
1.5140557,5.0462747,-0.50279188,0.063232988,0.91541052,0.3975237,0
0.69279897,2.6669972,-1.1155592,-0.8587935,0.25282431,-0.44559348,0
-0.55165863,3.8944433,2.1532357,0.063232988,0.91541052,0.3975237,0
-1.665283,-3.7389059,0.1011405,-0.8587935,0.25282431,-0.44559348,0
1.9494646,4.1248865,-0.18528938,0.8587935,-0.25282431,0.44559348,0
-1.5091918,1.5152011,4.6776505,-0.50840461,-0.31321454,0.80213547,0
-1.2450627,-1.6082326,0.043456197,-0.8587935,0.25282431,-0.44559348,0
1.8649557,4.8714943,-0.36124945,0.063232988,0.91541052,0.3975237,0
-1.9322042,-0.43447006,3.4785354,-0.50840461,-0.31321454,0.80213547,0
-0.82179272,1.6927392,1.1970841,-0.8587935,0.25282431,-0.44559348,0
0.36733767,-0.89252847,-0.45764592,0.8587935,-0.25282431,0.44559348,0
1.4480641,5.091363,-0.49719548,0.063232988,0.91541052,0.3975237,0
2.3749335,1.0404627,-2.8586326,0.50840461,0.31321454,-0.80213547,0
-1.5256146,2.9593148,4.6878757,0.063232988,0.91541052,0.3975237,0
1.5785936,3.1246259,-0.31618428,0.8587935,-0.25282431,0.44559348,0
1.1921413,4.507503,1.2426324,0.063232988,0.91541052,0.3975237,0
1.2201467,4.8624258,-0.28308654,0.063232988,0.91541052,0.3975237,0
-1.9581195,-2.258904,1.6498582,-0.8587935,0.25282431,-0.44559348,0
-0.16293776,-3.8121099,-2.4989028,-0.063232988,-0.91541052,-0.3975237,0
0.56836653,4.1458879,2.1374319,0.063232988,0.91541052,0.3975237,0
1.2548277,-3.4060626,-4.1314449,-0.063232988,-0.91541052,-0.3975237,0
1.9442739,4.1154022,-2.0260201,0.50840461,0.31321454,-0.80213547,0
-2.3516304,-1.5719199,2.7005491,-0.50840461,-0.31321454,0.80213547,0
0.50517052,-3.8650773,-2.2184436,-0.063232988,-0.91541052,-0.3975237,0
-2.2379255,-2.8782797,1.1562837,-0.8587935,0.25282431,-0.44559348,0
1.9823461,-1.1385282,-4.2727566,0.50840461,0.31321454,-0.80213547,0
-1.5380104,1.4674149,4.5374789,-0.50840461,-0.31321454,0.80213547,0
-2.4921179,0.61678612,3.7242594,-0.50840461,-0.31321454,0.80213547,0
2.052145,3.572125,-2.1350529,0.50840461,0.31321454,-0.80213547,0
1.3177969,4.3620896,0.5796802,0.063232988,0.91541052,0.3975237,0
1.7183833,-3.1173437,-4.8327184,-0.063232988,-0.91541052,-0.3975237,0
-0.20684755,-2.0555987,-0.087621331,0.8587935,-0.25282431,0.44559348,0
2.2477043,2.6501853,-1.4811418,0.8587935,-0.25282431,0.44559348,0
-1.8291237,-4.2987304,0.04592061,-0.8587935,0.25282431,-0.44559348,0
-0.36469203,3.7817883,2.6007631,0.063232988,0.91541052,0.3975237,0
-1.1433957,-1.990033,1.7841591,0.8587935,-0.25282431,0.44559348,0
1.5575027,0.94720435,-3.8669729,0.50840461,0.31321454,-0.80213547,0
-2.2369599,-2.5715365,2.6067915,-0.50840461,-0.31321454,0.80213547,0
2.192755,3.578759,-1.9631889,0.50840461,0.31321454,-0.80213547,0
1.0659505,1.5182056,-1.9513457,-0.8587935,0.25282431,-0.44559348,0
-1.216511,-1.4867117,-0.067712069,-0.8587935,0.25282431,-0.44559348,0
0.24251057,-1.1634593,-2.4055238,-0.8587935,0.25282431,-0.44559348,0
-0.99220133,-4.3966312,-1.0923245,-0.063232988,-0.91541052,-0.3975237,0
0.57687569,-3.2936909,-3.9109154,-0.063232988,-0.91541052,-0.3975237,0
1.2323205,-1.835559,-1.9873493,0.8587935,-0.25282431,0.44559348,0
-1.2531214,0.58387578,4.0148845,0.8587935,-0.25282431,0.44559348,0
0.5376581,-3.8473706,-2.9611754,-0.063232988,-0.91541052,-0.3975237,0
0.39283234,-3.9285336,-2.589035,-0.063232988,-0.91541052,-0.3975237,0
2.1424365,-2.5657971,-4.7984967,0.50840461,0.31321454,-0.80213547,0
-0.28251737,3.7156715,2.9945488,0.063232988,0.91541052,0.3975237,0
1.8749073,3.1492352,-2.5932689,0.50840461,0.31321454,-0.80213547,0
0.58278996,-3.4796531,-3.7358367,-0.063232988,-0.91541052,-0.3975237,0
0.21442389,2.8903582,0.37269187,-0.8587935,0.25282431,-0.44559348,0
-0.37029874,3.3377542,3.607012,0.063232988,0.91541052,0.3975237,0
-0.13514136,1.6427867,2.0183363,0.8587935,-0.25282431,0.44559348,0
0.79065585,4.6995668,0.83666539,0.063232988,0.91541052,0.3975237,0
2.2168014,2.9828026,-2.2157843,0.50840461,0.31321454,-0.80213547,0
2.4183333,4.3981757,-0.72676229,0.8587935,-0.25282431,0.44559348,0
0.080694109,-0.51684219,-1.2338713,-0.8587935,0.25282431,-0.44559348,0
-0.10766983,4.1151304,2.0036917,0.063232988,0.91541052,0.3975237,0
1.5846108,-3.2262449,-4.1291871,-0.063232988,-0.91541052,-0.3975237,0
-0.68587053,-4.0754538,-2.184257,-0.063232988,-0.91541052,-0.3975237,0
1.5217237,-3.3148012,-4.218194,-0.063232988,-0.91541052,-0.3975237,0
-2.0895286,1.7411399,4.3645492,-0.50840461,-0.31321454,0.80213547,0
1.9003203,0.74221265,-3.6137955,0.50840461,0.31321454,-0.80213547,0
0.018749267,0.48132664,1.5527214,0.8587935,-0.25282431,0.44559348,0
-1.5602021,-4.8643041,0.50557685,-0.063232988,-0.91541052,-0.3975237,0
1.8765054,3.3859122,-2.4254646,0.50840461,0.31321454,-0.80213547,0
1.9944353,2.1485298,-2.8574462,0.50840461,0.31321454,-0.80213547,0
-1.157014,-0.56405401,2.7089069,0.8587935,-0.25282431,0.44559348,0
-1.9260204,-4.0457039,-0.094600916,-0.8587935,0.25282431,-0.44559348,0
-1.0403317,-0.85869145,2.7958846,0.8587935,-0.25282431,0.44559348,0
0.94630045,-3.7300978,-2.6222491,-0.063232988,-0.91541052,-0.3975237,0
1.0526483,4.5241981,0.90718579,0.063232988,0.91541052,0.3975237,0
-0.12174559,2.5957787,0.71633518,-0.8587935,0.25282431,-0.44559348,0
1.5793104,4.4522114,-1.2715261,-0.8587935,0.25282431,-0.44559348,0
-2.0678849,2.8672328,4.833149,0.063232988,0.91541052,0.3975237,0
-1.4675971,2.1732321,4.9134645,-0.50840461,-0.31321454,0.80213547,0
-0.020351171,1.9955783,-0.083753586,-0.8587935,0.25282431,-0.44559348,0
0.13661873,4.073019,2.1102986,0.063232988,0.91541052,0.3975237,0
-2.1516981,-0.18648601,3.4361193,-0.50840461,-0.31321454,0.80213547,0
1.9974594,3.2483714,-2.4607456,0.50840461,0.31321454,-0.80213547,0
-1.6986187,-5.2612047,0.8715651,-0.063232988,-0.91541052,-0.3975237,0
0.62534451,-3.2389672,-3.9312954,-0.063232988,-0.91541052,-0.3975237,0
2.073072,-3.0545993,-4.2716422,-0.063232988,-0.91541052,-0.3975237,0
1.8203945,3.8176432,-2.5383391,0.50840461,0.31321454,-0.80213547,0
-0.89747822,3.3594651,3.411792,0.063232988,0.91541052,0.3975237,0
1.9104151,-0.50055969,-3.94696,0.50840461,0.31321454,-0.80213547,0
-2.0253301,0.24165475,2.886548,-0.8587935,0.25282431,-0.44559348,0
-2.5350099,-4.4197083,1.8184252,-0.50840461,-0.31321454,0.80213547,0
-2.3046312,-3.4508398,2.0363259,-0.50840461,-0.31321454,0.80213547,0
-1.2186499,-3.9007771,1.2873927,0.8587935,-0.25282431,0.44559348,0
-2.0867617,-1.4738088,3.0329573,-0.50840461,-0.31321454,0.80213547,0
1.7805204,4.2426906,-2.0047185,0.50840461,0.31321454,-0.80213547,0
1.0119545,-2.0649118,-2.3536992,0.8587935,-0.25282431,0.44559348,0
1.5599809,-0.5141077,-4.3834634,0.50840461,0.31321454,-0.80213547,0
-0.6653266,3.8851564,2.4209824,0.063232988,0.91541052,0.3975237,0
1.5043674,-1.6747161,-4.5609221,0.50840461,0.31321454,-0.80213547,0
2.1609035,-1.3335136,-3.3575907,0.8587935,-0.25282431,0.44559348,0
-1.3215985,-0.41451764,0.99239683,-0.8587935,0.25282431,-0.44559348,0
-0.95639253,-1.6947603,-0.021070838,-0.8587935,0.25282431,-0.44559348,0
-1.8400033,-2.5597887,2.8434572,0.8587935,-0.25282431,0.44559348,0
1.2325385,1.7463754,-0.66790068,0.8587935,-0.25282431,0.44559348,0
1.161057,-2.7116013,-5.1612086,0.50840461,0.31321454,-0.80213547,0
2.2003691,-0.35429162,-3.717078,0.50840461,0.31321454,-0.80213547,0
-2.4136479,-1.6339664,2.9869833,-0.50840461,-0.31321454,0.80213547,0
-1.4140133,0.40987968,4.2553358,-0.50840461,-0.31321454,0.80213547,0
1.7221961,-0.226735,-3.7343724,0.50840461,0.31321454,-0.80213547,0
-0.80452299,-4.7471504,-0.64619613,-0.063232988,-0.91541052,-0.3975237,0
0.43592608,4.29915,1.7088883,0.063232988,0.91541052,0.3975237,0
1.9669824,0.70184064,-1.843972,0.8587935,-0.25282431,0.44559348,0
-1.8183057,-1.1488137,3.4252174,-0.50840461,-0.31321454,0.80213547,0
1.668692,-2.8062708,-4.9116554,-0.063232988,-0.91541052,-0.3975237,0
-1.7872186,-4.9420514,1.7107543,-0.50840461,-0.31321454,0.80213547,0
0.17432654,3.7729025,2.2264392,0.063232988,0.91541052,0.3975237,0
0.8431735,3.807632,1.6185195,0.8587935,-0.25282431,0.44559348,0
-1.6472563,-2.9005365,0.25374699,-0.8587935,0.25282431,-0.44559348,0
1.0518863,4.8639088,0.30018973,0.063232988,0.91541052,0.3975237,0
0.84497905,4.5303001,-0.35956693,-0.8587935,0.25282431,-0.44559348,0
1.2168136,4.733252,0.36282039,0.063232988,0.91541052,0.3975237,0
1.9399867,-1.482179,-4.2099681,0.50840461,0.31321454,-0.80213547,0
-2.2083366,2.7127542,4.6724977,-0.50840461,-0.31321454,0.80213547,0
1.543357,0.07076335,-3.8090172,0.50840461,0.31321454,-0.80213547,0
1.7420269,-0.7104578,-4.3914394,0.50840461,0.31321454,-0.80213547,0
-0.62933969,3.7403369,3.0209129,0.063232988,0.91541052,0.3975237,0
2.0007949,4.8089876,-1.9245875,0.50840461,0.31321454,-0.80213547,0
-1.8250206,-4.9161043,0.10354686,-0.063232988,-0.91541052,-0.3975237,0
-2.4773576,-3.6367795,2.0845308,-0.50840461,-0.31321454,0.80213547,0
-1.958415,-0.14170629,2.965579,-0.8587935,0.25282431,-0.44559348,0
-0.61983967,-3.6429067,0.59188926,0.8587935,-0.25282431,0.44559348,0
1.7990593,-0.92482579,-4.0693898,0.50840461,0.31321454,-0.80213547,0
1.2332728,-0.96279216,-1.358067,0.8587935,-0.25282431,0.44559348,0
2.6285212,4.5560775,-1.1804888,0.8587935,-0.25282431,0.44559348,0
-1.5484858,-5.4099183,1.0872078,-0.063232988,-0.91541052,-0.3975237,0
-1.6746325,2.9449458,4.8826618,0.063232988,0.91541052,0.3975237,0
1.842829,-3.157443,-4.3581419,-0.063232988,-0.91541052,-0.3975237,0
-2.125138,-3.6836114,0.5702424,-0.8587935,0.25282431,-0.44559348,0
-2.3419671,-4.1830597,1.6861613,-0.50840461,-0.31321454,0.80213547,0
-2.4927788,-0.9677276,3.1042237,-0.8587935,0.25282431,-0.44559348,0
-2.2615507,-0.23327482,3.3528047,-0.50840461,-0.31321454,0.80213547,0
1.6770873,-1.39767,-4.466188,0.50840461,0.31321454,-0.80213547,0
-0.76130217,-0.31903493,0.31339663,-0.8587935,0.25282431,-0.44559348,0
-0.36433029,3.2910287,3.5833697,0.063232988,0.91541052,0.3975237,0
-2.3318529,-2.6377501,2.247566,-0.8587935,0.25282431,-0.44559348,0
0.10503834,1.3588115,2.0803819,0.8587935,-0.25282431,0.44559348,0
-0.21866286,1.4097066,2.023916,0.8587935,-0.25282431,0.44559348,0
-2.6721199,-4.8832402,1.2160416,-0.50840461,-0.31321454,0.80213547,0
-1.8215011,-0.17281902,3.8268228,-0.50840461,-0.31321454,0.80213547,0
-0.44580972,-3.7527757,-2.2455237,-0.063232988,-0.91541052,-0.3975237,0
0.95132846,-1.4297593,-3.7440143,-0.8587935,0.25282431,-0.44559348,0
-0.54475284,3.6569726,2.9756739,0.063232988,0.91541052,0.3975237,0
1.1065841,4.4221087,0.74532723,0.063232988,0.91541052,0.3975237,0
-2.130363,-1.1245095,3.3889182,-0.50840461,-0.31321454,0.80213547,0
1.4966083,2.4490428,-0.55242765,0.8587935,-0.25282431,0.44559348,0
2.2592564,1.4781547,-3.0773749,0.50840461,0.31321454,-0.80213547,0
-2.2405286,-2.8388717,2.4050608,-0.50840461,-0.31321454,0.80213547,0
2.1592462,-0.22861493,-3.6676657,0.50840461,0.31321454,-0.80213547,0
