-2.3159523,1.6828084,1.7348151,0.57341015,0.70992887,0.40890312,0
-0.93888599,0.92894262,1.2824075,0.57341015,0.70992887,0.40890312,0
-2.3295665,-2.2606242,5.9579768,-0.76144147,0.2776238,0.5857746,0
-3.5135348,3.4905756,-0.24979067,0.57341015,0.70992887,0.40890312,0
-1.9778405,1.7728511,-1.3171482,-0.57341015,-0.70992887,-0.40890312,0
-3.5982912,3.6735306,-1.9418893,-0.30233711,0.64724493,-0.69976151,0
3.5279188,-4.0341911,1.8778782,0.30233711,-0.64724493,0.69976151,0
3.533247,-1.526221,-2.1923981,0.76144147,-0.2776238,-0.5857746,0
0.90573835,-2.8895352,4.3156004,0.30233711,-0.64724493,0.69976151,0
-0.69525015,0.40534955,1.1738324,0.57341015,0.70992887,0.40890312,0
-1.2091408,3.3006005,-3.0066967,0.57341015,0.70992887,0.40890312,0
1.9846923,-1.4480472,1.3652987,0.57341015,0.70992887,0.40890312,0
-1.8185217,0.9563185,-0.39837182,-0.57341015,-0.70992887,-0.40890312,0
3.2385576,-0.37649238,-3.1886194,0.76144147,-0.2776238,-0.5857746,0
-0.34691858,-0.22050124,-0.54767376,-0.57341015,-0.70992887,-0.40890312,0
-0.64461184,2.7813683,-2.2710776,0.57341015,0.70992887,0.40890312,0
1.7542949,-2.8168161,1.0339019,-0.57341015,-0.70992887,-0.40890312,0
-3.5385914,2.1553814,2.2640071,-0.76144147,0.2776238,0.5857746,0
-3.1868932,3.7678494,-2.3493657,-0.30233711,0.64724493,-0.69976151,0
4.7874188,-3.5389607,0.036031246,0.76144147,-0.2776238,-0.5857746,0
1.7187538,-1.0829195,0.99953532,0.57341015,0.70992887,0.40890312,0
0.013592958,-2.2457104,4.9328976,0.30233711,-0.64724493,0.69976151,0
-4.1898537,3.3433642,-0.95779514,-0.57341015,-0.70992887,-0.40890312,0
2.190505,-1.1012247,-0.22352135,0.57341015,0.70992887,0.40890312,0
-2.0756669,-1.1597669,5.8182526,-0.76144147,0.2776238,0.5857746,0
1.0601811,2.0818338,-5.8700686,-0.30233711,0.64724493,-0.69976151,0
4.8286619,-3.8668985,0.34041214,0.76144147,-0.2776238,-0.5857746,0
-0.56411958,-2.919816,4.9585795,0.30233711,-0.64724493,0.69976151,0
0.15110409,1.114723,-2.8909078,-0.57341015,-0.70992887,-0.40890312,0
3.149749,-1.0302356,-3.3822651,0.76144147,-0.2776238,-0.5857746,0
1.9026823,2.2452199,-5.7180758,-0.30233711,0.64724493,-0.69976151,0
3.0862393,-3.8277676,2.0673389,0.30233711,-0.64724493,0.69976151,0
-2.126318,-1.3737991,5.3056931,-0.76144147,0.2776238,0.5857746,0
3.3086085,-0.44107646,-3.2956483,0.76144147,-0.2776238,-0.5857746,0
2.8127265,-1.1179208,-3.6254926,-0.57341015,-0.70992887,-0.40890312,0
2.822093,-0.70779383,-3.6612983,0.76144147,-0.2776238,-0.5857746,0
2.7102449,-1.2451246,-2.8565776,-0.57341015,-0.70992887,-0.40890312,0
0.90552014,0.76194757,-1.4100724,0.57341015,0.70992887,0.40890312,0
1.6950643,-2.7862849,4.0132813,0.30233711,-0.64724493,0.69976151,0
0.81256139,-2.6668365,4.560884,0.30233711,-0.64724493,0.69976151,0
-2.0766687,3.614162,-2.4920077,0.57341015,0.70992887,0.40890312,0
0.59715593,-0.14195934,0.27898473,0.57341015,0.70992887,0.40890312,0
-3.7015142,1.3389035,1.8233459,-0.57341015,-0.70992887,-0.40890312,0
-1.2720331,3.1783385,-3.7794561,-0.30233711,0.64724493,-0.69976151,0
-2.5061212,-1.6647909,5.4928608,-0.76144147,0.2776238,0.5857746,0
-0.81215072,1.6159356,-0.65856242,0.57341015,0.70992887,0.40890312,0
-2.4281414,-1.5511407,5.557725,-0.76144147,0.2776238,0.5857746,0
0.49908495,1.6990803,-5.2812786,-0.57341015,-0.70992887,-0.40890312,0
0.18764079,2.0922978,-2.5188313,0.57341015,0.70992887,0.40890312,0
2.1724606,1.8265915,-5.4497657,0.76144147,-0.2776238,-0.5857746,0
1.3184174,-1.946384,2.5791698,0.57341015,0.70992887,0.40890312,0
-2.0010972,1.1566491,-0.30031657,-0.57341015,-0.70992887,-0.40890312,0
-4.4456034,3.3691561,0.2635746,-0.76144147,0.2776238,0.5857746,0
1.1382829,-1.7108119,-0.28956556,-0.57341015,-0.70992887,-0.40890312,0
2.2371871,2.2285759,-5.3490453,0.57341015,0.70992887,0.40890312,0
-4.3408318,3.3661108,0.37674141,-0.76144147,0.2776238,0.5857746,0
-4.1026468,2.5252101,-0.1106708,-0.57341015,-0.70992887,-0.40890312,0
3.3907251,-0.98591822,-3.0892961,0.76144147,-0.2776238,-0.5857746,0
4.212472,-3.6612172,-0.14468813,0.76144147,-0.2776238,-0.5857746,0
5.0701852,-3.8623347,0.60932541,0.76144147,-0.2776238,-0.5857746,0
-0.30826244,0.077768981,-0.52503622,-0.57341015,-0.70992887,-0.40890312,0
0.83026767,-2.4752679,1.7711844,-0.57341015,-0.70992887,-0.40890312,0
-2.8097706,-0.43985212,3.9982207,-0.76144147,0.2776238,0.5857746,0
-3.1031203,3.4296877,-2.5809717,-0.30233711,0.64724493,-0.69976151,0
-3.9320292,1.9132931,0.73263788,-0.57341015,-0.70992887,-0.40890312,0
-2.6931539,-0.86366892,4.6672826,-0.76144147,0.2776238,0.5857746,0
0.66649222,1.9462148,-5.6263161,-0.30233711,0.64724493,-0.69976151,0
-0.22776878,-0.7521801,3.2095082,0.57341015,0.70992887,0.40890312,0
0.36489177,-2.5936344,2.2825618,-0.57341015,-0.70992887,-0.40890312,0
-3.6469629,1.4238675,2.5211163,-0.76144147,0.2776238,0.5857746,0
-3.8666859,4.548749,-1.2970591,-0.30233711,0.64724493,-0.69976151,0
3.7838235,-1.479125,-1.6325221,0.57341015,0.70992887,0.40890312,0
3.2944739,0.20051044,-3.7680111,0.76144147,-0.2776238,-0.5857746,0
-2.2967739,0.088784695,4.3640966,-0.76144147,0.2776238,0.5857746,0
-0.18024647,2.5220127,-3.1158028,0.57341015,0.70992887,0.40890312,0
-1.1694465,3.287802,-3.8145967,-0.30233711,0.64724493,-0.69976151,0
2.0551977,0.90459669,-5.227077,0.76144147,-0.2776238,-0.5857746,0
1.3003155,-0.044057369,-3.1958389,-0.57341015,-0.70992887,-0.40890312,0
1.1867645,-3.2910359,3.3152995,0.30233711,-0.64724493,0.69976151,0
3.6801233,-4.2350607,1.7607155,0.30233711,-0.64724493,0.69976151,0
2.5429103,1.4805293,-4.6393032,0.57341015,0.70992887,0.40890312,0
-2.7183208,1.1041446,3.4217355,0.57341015,0.70992887,0.40890312,0
2.7212491,-1.009176,-0.3569175,0.57341015,0.70992887,0.40890312,0
-3.6965151,1.4750998,1.5404375,-0.57341015,-0.70992887,-0.40890312,0
1.2029405,1.963587,-5.9268689,-0.30233711,0.64724493,-0.69976151,0
-2.6371536,2.2929368,1.2369738,0.57341015,0.70992887,0.40890312,0
2.4092426,1.0701016,-4.7495766,0.76144147,-0.2776238,-0.5857746,0
-3.8071418,3.9878373,-1.9867692,-0.30233711,0.64724493,-0.69976151,0
2.3341348,0.70548296,-5.149313,0.76144147,-0.2776238,-0.5857746,0
3.8581161,-3.8887885,1.8322306,0.30233711,-0.64724493,0.69976151,0
3.0099516,0.51345301,-4.2940779,0.76144147,-0.2776238,-0.5857746,0
-2.0936279,-1.8416648,5.3239765,-0.57341015,-0.70992887,-0.40890312,0
-2.6255016,-1.0078281,4.7852058,-0.76144147,0.2776238,0.5857746,0
4.0876675,-3.5455937,-0.41320133,0.76144147,-0.2776238,-0.5857746,0
3.9290843,-2.430146,-1.3897456,0.76144147,-0.2776238,-0.5857746,0
-2.8853359,3.9966152,-2.3764167,-0.30233711,0.64724493,-0.69976151,0
2.1725683,0.65786839,-5.3321695,0.76144147,-0.2776238,-0.5857746,0
-0.51452208,-2.6848576,5.0043745,0.30233711,-0.64724493,0.69976151,0
3.414788,-3.9563582,0.38129187,-0.57341015,-0.70992887,-0.40890312,0
-2.7532358,3.9421244,-2.0262437,-0.30233711,0.64724493,-0.69976151,0
2.3841171,-2.5310855,-0.21026206,-0.57341015,-0.70992887,-0.40890312,0
-3.1633689,0.87407935,3.1389163,-0.76144147,0.2776238,0.5857746,0
2.7387218,-3.3386228,2.7013192,0.30233711,-0.64724493,0.69976151,0
1.3999906,0.18914771,-3.2700546,-0.57341015,-0.70992887,-0.40890312,0
-3.9904466,3.5606885,-1.7614422,-0.57341015,-0.70992887,-0.40890312,0
1.3578258,1.9903072,-5.6171594,-0.30233711,0.64724493,-0.69976151,0
0.56497347,-1.9190991,1.780859,-0.57341015,-0.70992887,-0.40890312,0
-2.0214784,3.0605922,-3.423831,-0.30233711,0.64724493,-0.69976151,0
4.0254683,-2.7433901,-1.4241939,0.76144147,-0.2776238,-0.5857746,0
-3.986886,2.7838721,1.1479682,-0.76144147,0.2776238,0.5857746,0
2.2344222,-3.2279112,2.9554534,0.30233711,-0.64724493,0.69976151,0
-3.4420114,0.61948156,3.2553904,-0.76144147,0.2776238,0.5857746,0
-2.5315487,2.5158865,-2.3207612,-0.57341015,-0.70992887,-0.40890312,0
3.9819026,-3.5533204,-1.0285821,-0.57341015,-0.70992887,-0.40890312,0
-1.805518,3.171052,-3.3154621,-0.30233711,0.64724493,-0.69976151,0
-3.1858616,3.752984,-2.5068283,-0.30233711,0.64724493,-0.69976151,0
0.88236594,0.35831428,-3.345994,-0.57341015,-0.70992887,-0.40890312,0
4.0277343,-3.3367689,-0.60943079,0.76144147,-0.2776238,-0.5857746,0
2.1983724,-3.8186696,2.3175035,-0.57341015,-0.70992887,-0.40890312,0
3.4799318,-1.2661985,-1.035753,0.57341015,0.70992887,0.40890312,0
2.7028663,0.088557124,-4.0272236,0.76144147,-0.2776238,-0.5857746,0
3.6770751,-1.3900027,-2.4582,0.76144147,-0.2776238,-0.5857746,0
4.6067452,-2.8255515,-0.61836934,0.76144147,-0.2776238,-0.5857746,0
0.82841182,1.5886182,-5.2344131,-0.57341015,-0.70992887,-0.40890312,0
2.6856825,-1.3480303,-0.56757373,0.57341015,0.70992887,0.40890312,0
-0.65340781,-2.7039258,4.8248382,0.30233711,-0.64724493,0.69976151,0
1.6401875,-3.5027127,3.0001526,0.30233711,-0.64724493,0.69976151,0
-1.4755762,-1.684954,5.8131742,0.57341015,0.70992887,0.40890312,0
2.5959647,-3.0616896,0.2425561,-0.57341015,-0.70992887,-0.40890312,0
-1.571234,3.0709248,-3.6147962,-0.30233711,0.64724493,-0.69976151,0
0.29633856,-3.1124341,4.3348131,0.30233711,-0.64724493,0.69976151,0
-0.10079122,2.5511839,-4.4980125,-0.30233711,0.64724493,-0.69976151,0
1.869823,2.1040039,-5.7289429,-0.30233711,0.64724493,-0.69976151,0
-2.576813,3.1551354,-0.61197639,0.57341015,0.70992887,0.40890312,0
-0.47574544,-1.947337,5.3821292,0.30233711,-0.64724493,0.69976151,0
-2.2823083,-1.0958061,4.9614153,-0.76144147,0.2776238,0.5857746,0
-3.0716226,0.4536581,1.8154006,-0.57341015,-0.70992887,-0.40890312,0
0.12385559,2.5278075,-4.9056706,-0.30233711,0.64724493,-0.69976151,0
-0.77277458,2.4670618,-4.4042234,-0.30233711,0.64724493,-0.69976151,0
-3.2237482,0.32989016,2.4512274,-0.57341015,-0.70992887,-0.40890312,0
1.6817834,2.0241628,-5.9803977,-0.30233711,0.64724493,-0.69976151,0
2.4792252,-1.0889807,-3.0032029,-0.57341015,-0.70992887,-0.40890312,0
0.70254493,-1.7858828,0.91824794,-0.57341015,-0.70992887,-0.40890312,0
-0.55624396,-0.56248969,0.82781106,-0.57341015,-0.70992887,-0.40890312,0
1.4272588,-3.3563986,3.581955,0.30233711,-0.64724493,0.69976151,0
-2.3168283,-0.39704204,5.1406908,-0.76144147,0.2776238,0.5857746,0
1.5701711,-2.5229681,3.8152456,0.57341015,0.70992887,0.40890312,0
0.23507071,-0.84570646,2.5804775,0.57341015,0.70992887,0.40890312,0
4.3526349,-3.6102834,-0.094145298,0.76144147,-0.2776238,-0.5857746,0
-0.43132031,1.6052865,-3.6007948,-0.57341015,-0.70992887,-0.40890312,0
0.63155949,-3.2613835,4.0393414,0.30233711,-0.64724493,0.69976151,0
-3.8960605,1.9903021,1.1271139,-0.57341015,-0.70992887,-0.40890312,0
-2.432564,-1.7256408,5.349113,-0.76144147,0.2776238,0.5857746,0
1.8697493,-3.1745169,3.5593019,0.30233711,-0.64724493,0.69976151,0
-2.9917588,2.8489852,-1.7531748,-0.57341015,-0.70992887,-0.40890312,0
-1.3843802,3.4206104,-3.1971393,0.57341015,0.70992887,0.40890312,0
-1.9080325,3.2399678,-3.412468,-0.30233711,0.64724493,-0.69976151,0
-3.4940171,3.8618777,-1.9233513,-0.30233711,0.64724493,-0.69976151,0
0.97799134,2.160285,-5.5672994,-0.30233711,0.64724493,-0.69976151,0
-4.4569392,2.5500824,0.74128175,-0.76144147,0.2776238,0.5857746,0
3.1735096,-1.370883,-3.2434516,0.76144147,-0.2776238,-0.5857746,0
-4.3537226,4.275104,-0.32160234,-0.76144147,0.2776238,0.5857746,0
4.0749607,-3.7807353,1.7401552,0.30233711,-0.64724493,0.69976151,0
2.7501469,-0.262344,-3.7346804,0.76144147,-0.2776238,-0.5857746,0
2.4702594,0.90419793,-4.8303747,0.76144147,-0.2776238,-0.5857746,0
-1.2359285,-1.8181479,6.2460346,0.30233711,-0.64724493,0.69976151,0
0.18214613,-1.6532182,1.4469736,-0.57341015,-0.70992887,-0.40890312,0
-2.2171626,0.58438993,3.649137,0.57341015,0.70992887,0.40890312,0
-0.4815439,2.1533475,-1.9855125,0.57341015,0.70992887,0.40890312,0
-1.7859676,0.016119599,1.0785007,-0.57341015,-0.70992887,-0.40890312,0
-2.7549896,0.82049888,1.606124,-0.57341015,-0.70992887,-0.40890312,0
1.4162798,-3.741178,2.8632908,-0.57341015,-0.70992887,-0.40890312,0
-3.4783747,1.7250161,2.6403141,-0.76144147,0.2776238,0.5857746,0
-0.55542338,3.3014426,-4.0490713,-0.30233711,0.64724493,-0.69976151,0
4.4047284,-3.0534813,0.44450641,0.57341015,0.70992887,0.40890312,0
-3.1390533,3.9249783,-0.79427481,0.57341015,0.70992887,0.40890312,0
-1.3192027,-2.2217948,5.650784,0.30233711,-0.64724493,0.69976151,0
-3.609591,2.8492322,1.4809452,-0.76144147,0.2776238,0.5857746,0
-3.170588,2.4936695,-0.62876415,-0.57341015,-0.70992887,-0.40890312,0
3.078887,-3.5785599,2.5041685,0.30233711,-0.64724493,0.69976151,0
-0.086160779,1.4300373,-1.3731999,0.57341015,0.70992887,0.40890312,0
2.602432,1.0191137,-5.0714889,0.76144147,-0.2776238,-0.5857746,0
-1.9168335,3.6925747,-2.8628407,-0.30233711,0.64724493,-0.69976151,0
-1.1026998,3.1165972,-3.8632097,-0.30233711,0.64724493,-0.69976151,0
2.717483,-3.4929841,2.9035459,0.30233711,-0.64724493,0.69976151,0
0.31831825,1.579844,-2.401679,0.57341015,0.70992887,0.40890312,0
-3.1626639,3.2610521,-2.1639743,-0.57341015,-0.70992887,-0.40890312,0
-3.8920574,1.8534006,1.5945423,-0.76144147,0.2776238,0.5857746,0
4.202343,-1.9339329,-1.4903677,0.76144147,-0.2776238,-0.5857746,0
-0.21074486,3.1908998,-4.0644422,-0.30233711,0.64724493,-0.69976151,0
2.1387308,2.1708627,-5.7799993,-0.30233711,0.64724493,-0.69976151,0
-3.0859728,-0.30148005,4.0227647,-0.76144147,0.2776238,0.5857746,0
2.7268691,-3.2063289,2.7510386,0.30233711,-0.64724493,0.69976151,0
-2.2194011,-1.3637694,5.7017279,-0.76144147,0.2776238,0.5857746,0
3.2062631,-3.4913273,2.7614031,0.30233711,-0.64724493,0.69976151,0
1.0512104,-2.504288,4.2836494,0.30233711,-0.64724493,0.69976151,0
-1.1716264,1.5891641,0.073516726,0.57341015,0.70992887,0.40890312,0
3.1242156,-1.0772773,-1.6931996,0.57341015,0.70992887,0.40890312,0
3.8219538,-2.788897,-1.2725415,0.76144147,-0.2776238,-0.5857746,0
-2.5498805,-0.29723191,4.3279958,-0.76144147,0.2776238,0.5857746,0
4.7097635,-4.3621898,0.20883703,0.76144147,-0.2776238,-0.5857746,0
-1.6447431,0.029368401,0.55288148,-0.57341015,-0.70992887,-0.40890312,0
-4.2181492,3.7645257,-1.792315,-0.57341015,-0.70992887,-0.40890312,0
-3.6366773,1.7410595,2.0919437,-0.76144147,0.2776238,0.5857746,0
2.198071,0.84296846,-5.1340251,0.76144147,-0.2776238,-0.5857746,0
-4.3917727,3.5275209,0.56105804,-0.76144147,0.2776238,0.5857746,0
4.3968639,-3.1165059,0.84409809,0.57341015,0.70992887,0.40890312,0
4.4283409,-2.5951421,-0.95905471,0.76144147,-0.2776238,-0.5857746,0
-3.3426881,0.29265577,3.2930856,-0.76144147,0.2776238,0.5857746,0
4.3796158,-3.6811128,-0.319103,0.76144147,-0.2776238,-0.5857746,0
4.5923223,-4.639596,0.78835583,-0.57341015,-0.70992887,-0.40890312,0
1.1119854,-2.7698114,4.2013011,0.30233711,-0.64724493,0.69976151,0
-2.3334591,0.33937255,1.9142995,-0.57341015,-0.70992887,-0.40890312,0
-4.8336201,4.1603942,-0.90309811,-0.76144147,0.2776238,0.5857746,0
4.1133018,-4.5542321,0.91981077,0.30233711,-0.64724493,0.69976151,0
-3.1165745,3.4052231,-2.9254336,-0.30233711,0.64724493,-0.69976151,0
-3.0269964,0.55287147,3.3316126,-0.76144147,0.2776238,0.5857746,0
-1.787017,3.1917243,-3.604341,-0.30233711,0.64724493,-0.69976151,0
2.6408277,-0.7447691,-3.9682183,0.76144147,-0.2776238,-0.5857746,0
0.026522875,-3.1003337,4.3931284,0.30233711,-0.64724493,0.69976151,0
-4.4837847,4.3192177,-1.2457566,-0.30233711,0.64724493,-0.69976151,0
2.9787064,-4.0777149,1.9429607,0.30233711,-0.64724493,0.69976151,0
-2.5328865,-0.35920918,4.4886336,-0.76144147,0.2776238,0.5857746,0
0.76559091,-0.3191455,-1.5465888,-0.57341015,-0.70992887,-0.40890312,0
-4.3120708,3.6662223,0.25852561,-0.76144147,0.2776238,0.5857746,0
-0.094290257,-2.8427439,4.8321242,0.30233711,-0.64724493,0.69976151,0
4.1800842,-4.355937,1.4394894,0.30233711,-0.64724493,0.69976151,0
0.99228263,2.1214769,-5.8338737,-0.30233711,0.64724493,-0.69976151,0
3.9875455,-4.3059053,1.2206087,0.30233711,-0.64724493,0.69976151,0
4.0920467,-3.3367825,-0.75853896,0.76144147,-0.2776238,-0.5857746,0
-2.1915646,1.9862709,-1.9605029,-0.57341015,-0.70992887,-0.40890312,0
4.2970901,-4.5746226,0.87086391,0.30233711,-0.64724493,0.69976151,0
0.0022101402,0.54783726,-2.2389812,-0.57341015,-0.70992887,-0.40890312,0
-3.8497534,4.4649887,-1.1033301,-0.30233711,0.64724493,-0.69976151,0
3.7671778,-4.3994131,1.5190372,0.30233711,-0.64724493,0.69976151,0
-0.90043032,1.188427,-1.9704716,-0.57341015,-0.70992887,-0.40890312,0
3.4087329,-0.79628503,-2.826452,0.76144147,-0.2776238,-0.5857746,0
-0.41702652,-1.5451685,4.976387,0.57341015,0.70992887,0.40890312,0
0.51387596,0.91388965,-3.0739729,-0.57341015,-0.70992887,-0.40890312,0
-3.2619829,2.4063494,-0.94919205,-0.57341015,-0.70992887,-0.40890312,0
1.9882253,-3.5887003,3.1898222,0.30233711,-0.64724493,0.69976151,0
-3.2061353,1.7632942,2.6871414,-0.76144147,0.2776238,0.5857746,0
0.13689494,1.3007833,-3.8301153,-0.57341015,-0.70992887,-0.40890312,0
0.61745286,2.5861459,-5.0761003,-0.30233711,0.64724493,-0.69976151,0
2.4170921,0.93453145,-4.7536149,0.76144147,-0.2776238,-0.5857746,0
-1.6489646,-1.6777925,6.0000925,-0.76144147,0.2776238,0.5857746,0
0.21748114,-0.32702208,1.0525396,0.57341015,0.70992887,0.40890312,0
2.9683619,-1.4898137,-2.8554862,0.76144147,-0.2776238,-0.5857746,0
-1.9145873,2.6802757,-3.5229487,-0.57341015,-0.70992887,-0.40890312,0
-3.6195574,4.2542372,-1.9279056,-0.30233711,0.64724493,-0.69976151,0
-2.6026847,-0.97887683,4.8224607,-0.76144147,0.2776238,0.5857746,0
4.3643441,-3.7993755,0.015246391,0.76144147,-0.2776238,-0.5857746,0
-0.21410275,2.9632051,-3.8737459,0.57341015,0.70992887,0.40890312,0
3.2399595,-3.6668861,2.5552239,0.30233711,-0.64724493,0.69976151,0
0.49459028,-2.585391,4.4553366,0.30233711,-0.64724493,0.69976151,0
1.4638257,-1.7871679,0.23430157,-0.57341015,-0.70992887,-0.40890312,0
1.7160124,0.039998055,-3.252285,-0.57341015,-0.70992887,-0.40890312,0
-3.5418482,2.7746544,1.3039238,0.57341015,0.70992887,0.40890312,0
4.4047866,-3.3995235,-0.22386742,0.76144147,-0.2776238,-0.5857746,0
0.10443592,2.1688957,-4.9143758,-0.30233711,0.64724493,-0.69976151,0
-1.4341702,-2.2509396,5.5211601,0.30233711,-0.64724493,0.69976151,0
2.9289961,-0.15544975,-3.7243156,0.76144147,-0.2776238,-0.5857746,0
-4.5340915,2.4438038,0.87553382,-0.76144147,0.2776238,0.5857746,0
-4.8106432,4.4323277,-1.0159712,-0.30233711,0.64724493,-0.69976151,0
-2.9678898,-0.17078221,3.6309435,-0.76144147,0.2776238,0.5857746,0
-4.7319999,4.5212202,-1.0556846,-0.30233711,0.64724493,-0.69976151,0
0.18289793,-2.4115474,2.3727617,-0.57341015,-0.70992887,-0.40890312,0
-1.309689,1.2232316,1.0077918,0.57341015,0.70992887,0.40890312,0
-3.4557476,1.9699734,2.3176522,-0.76144147,0.2776238,0.5857746,0
2.0672574,-0.36584258,-3.8231897,-0.57341015,-0.70992887,-0.40890312,0
2.3863604,-2.449414,-0.22062111,-0.57341015,-0.70992887,-0.40890312,0
0.64927554,2.2610552,-5.2558069,-0.30233711,0.64724493,-0.69976151,0
-3.9452493,2.1413989,1.8125484,-0.76144147,0.2776238,0.5857746,0
4.5727339,-3.2487531,0.57459259,0.57341015,0.70992887,0.40890312,0
-2.1406238,2.0155053,-1.9153214,-0.57341015,-0.70992887,-0.40890312,0
-2.989089,4.015923,-2.334826,-0.30233711,0.64724493,-0.69976151,0
-4.0005145,1.9241478,1.2687186,-0.76144147,0.2776238,0.5857746,0
-2.0803568,-0.68462205,4.9939508,-0.76144147,0.2776238,0.5857746,0
4.6926484,-4.0371103,1.2923675,0.30233711,-0.64724493,0.69976151,0
0.083343744,-1.8716891,4.8345337,0.57341015,0.70992887,0.40890312,0
5.3438892,-4.2133341,0.96665239,0.76144147,-0.2776238,-0.5857746,0
3.9927707,-3.7851591,1.7998309,0.30233711,-0.64724493,0.69976151,0
-3.7988591,4.2177978,-0.31998682,0.57341015,0.70992887,0.40890312,0
-2.0610573,-0.44862032,5.0459452,-0.76144147,0.2776238,0.5857746,0
-3.6158662,4.1332932,-1.8079333,-0.30233711,0.64724493,-0.69976151,0
-1.608807,3.0670726,-3.3659863,-0.30233711,0.64724493,-0.69976151,0
-3.8259597,3.6957788,-2.1822801,-0.30233711,0.64724493,-0.69976151,0
2.3109388,0.52289438,-4.6239796,0.76144147,-0.2776238,-0.5857746,0
-3.530709,2.5825927,-1.1945601,-0.57341015,-0.70992887,-0.40890312,0
-2.6524208,-0.41918397,4.5091395,-0.76144147,0.2776238,0.5857746,0
2.2290688,0.20116973,-4.3407702,-0.57341015,-0.70992887,-0.40890312,0
1.6465604,-3.4579048,3.4987264,0.30233711,-0.64724493,0.69976151,0
-1.4892192,-2.1623702,5.8590288,0.30233711,-0.64724493,0.69976151,0
-2.0781717,3.2290323,-3.2756329,-0.30233711,0.64724493,-0.69976151,0
0.55769348,2.49646,-3.5089176,0.57341015,0.70992887,0.40890312,0
-3.7924757,1.6434054,1.0471652,-0.57341015,-0.70992887,-0.40890312,0
0.83491933,-3.0284114,4.1389375,0.30233711,-0.64724493,0.69976151,0
-0.72063971,-0.2638042,2.8597479,0.57341015,0.70992887,0.40890312,0
-0.94998002,-2.7846856,4.8235073,0.30233711,-0.64724493,0.69976151,0
0.2241118,2.5178638,-4.9697895,-0.30233711,0.64724493,-0.69976151,0
-1.2304723,-2.315599,5.6051211,0.30233711,-0.64724493,0.69976151,0
-1.9481137,3.336518,-3.3586049,-0.30233711,0.64724493,-0.69976151,0
4.3569036,-3.7541981,1.8805213,0.30233711,-0.64724493,0.69976151,0
4.6788931,-4.3380308,1.116889,0.30233711,-0.64724493,0.69976151,0
-4.3747606,4.3114295,-1.0130692,-0.30233711,0.64724493,-0.69976151,0
-1.4047343,-1.59403,3.7944393,-0.57341015,-0.70992887,-0.40890312,0
-4.9624834,4.4273047,-1.1859918,-0.30233711,0.64724493,-0.69976151,0
-2.1494484,3.224164,-2.9799204,-0.30233711,0.64724493,-0.69976151,0
-1.4079385,-2.5122924,5.5806589,0.30233711,-0.64724493,0.69976151,0
0.10851359,2.5664721,-4.5918212,-0.30233711,0.64724493,-0.69976151,0
3.35217,-3.6137629,2.3532577,0.30233711,-0.64724493,0.69976151,0
-3.3182592,1.6296525,2.6235528,-0.76144147,0.2776238,0.5857746,0
-1.785301,-2.3658435,5.4273539,-0.57341015,-0.70992887,-0.40890312,0
4.560997,-3.1149259,-0.16988373,0.76144147,-0.2776238,-0.5857746,0
-3.6427293,3.773921,-2.3256741,-0.30233711,0.64724493,-0.69976151,0
-2.5300717,1.5275288,-0.3336463,-0.57341015,-0.70992887,-0.40890312,0
-3.9303164,4.5902591,-1.3235397,-0.30233711,0.64724493,-0.69976151,0
3.024601,0.90373635,-4.493453,0.76144147,-0.2776238,-0.5857746,0
1.0996857,-0.9432047,-0.6581369,-0.57341015,-0.70992887,-0.40890312,0
2.4265561,-3.2375522,3.2110925,0.30233711,-0.64724493,0.69976151,0
-3.8141818,1.6441121,2.263752,-0.76144147,0.2776238,0.5857746,0
2.076997,-3.243103,3.0832367,0.30233711,-0.64724493,0.69976151,0
0.64484119,0.8557446,-3.8488955,-0.57341015,-0.70992887,-0.40890312,0
3.2096274,-3.8956029,1.9588132,0.30233711,-0.64724493,0.69976151,0
-2.0800936,3.4523506,-3.3016663,-0.30233711,0.64724493,-0.69976151,0
-3.4224081,4.0291004,-1.7629814,-0.30233711,0.64724493,-0.69976151,0
-2.4802506,2.8314974,0.12279892,0.57341015,0.70992887,0.40890312,0
3.9942455,-4.0329237,1.9034939,0.30233711,-0.64724493,0.69976151,0
2.0784605,1.1977317,-5.8151836,0.76144147,-0.2776238,-0.5857746,0
-2.81464,0.58408499,3.9662399,-0.76144147,0.2776238,0.5857746,0
3.0499616,-3.7989254,2.1964388,0.30233711,-0.64724493,0.69976151,0
1.6156538,2.090039,-4.3492231,0.57341015,0.70992887,0.40890312,0
2.4983196,1.3908615,-5.0643387,0.76144147,-0.2776238,-0.5857746,0
-0.15764976,-1.3215727,4.0769386,0.57341015,0.70992887,0.40890312,0
2.7302408,-1.6091894,-1.8342124,-0.57341015,-0.70992887,-0.40890312,0
-0.69027734,-2.533534,5.2688346,0.30233711,-0.64724493,0.69976151,0
-2.2656705,-1.6787705,5.8454576,-0.76144147,0.2776238,0.5857746,0
-3.5783086,0.95577848,2.2450125,-0.76144147,0.2776238,0.5857746,0
2.2847679,2.0065899,-5.5191998,0.76144147,-0.2776238,-0.5857746,0
-1.9935596,-2.4481766,5.9140553,-0.76144147,0.2776238,0.5857746,0
1.8816848,-1.2950646,1.2629139,0.57341015,0.70992887,0.40890312,0
3.9579926,-1.6222881,-1.7261044,0.76144147,-0.2776238,-0.5857746,0
4.061276,-2.3411927,-1.0715226,0.76144147,-0.2776238,-0.5857746,0
-1.1452583,1.1417308,-1.8561237,-0.57341015,-0.70992887,-0.40890312,0
-2.3796201,4.0018196,-2.5926938,-0.30233711,0.64724493,-0.69976151,0
-4.6681194,4.549397,-0.92114782,-0.30233711,0.64724493,-0.69976151,0
-0.95196366,3.1215641,-4.0928416,-0.30233711,0.64724493,-0.69976151,0
3.8387618,-2.9185371,-1.1418734,0.76144147,-0.2776238,-0.5857746,0
3.2448614,-2.9768965,1.7641387,0.57341015,0.70992887,0.40890312,0
1.8230392,-3.0378697,3.5615568,0.30233711,-0.64724493,0.69976151,0
-3.597405,1.2811116,2.4703596,-0.76144147,0.2776238,0.5857746,0
-2.560581,0.15025115,4.2200799,-0.76144147,0.2776238,0.5857746,0
4.7530022,-4.5896869,0.47144222,0.76144147,-0.2776238,-0.5857746,0
2.7269504,-0.014594913,-2.7145822,0.57341015,0.70992887,0.40890312,0
-0.79961824,2.6053464,-4.2297182,-0.30233711,0.64724493,-0.69976151,0
0.60617959,0.76214397,-3.0266504,-0.57341015,-0.70992887,-0.40890312,0
-3.8980196,1.4108671,1.6862458,-0.57341015,-0.70992887,-0.40890312,0
2.1433072,2.0383615,-6.060442,0.76144147,-0.2776238,-0.5857746,0
-4.3820562,3.3173914,0.55945778,-0.76144147,0.2776238,0.5857746,0
-4.2903743,4.6967516,-1.1498356,-0.30233711,0.64724493,-0.69976151,0
-0.94805801,0.21494746,-0.67288089,-0.57341015,-0.70992887,-0.40890312,0
-1.5672636,-2.366992,5.7287083,0.30233711,-0.64724493,0.69976151,0
-0.74633932,0.66410506,1.5032029,0.57341015,0.70992887,0.40890312,0
0.28140283,2.5521181,-4.8988323,-0.30233711,0.64724493,-0.69976151,0
-3.5593741,1.4378089,2.1408336,-0.76144147,0.2776238,0.5857746,0
-2.1167047,1.6876624,1.3967193,0.57341015,0.70992887,0.40890312,0
-2.6597481,1.7406605,2.0303743,0.57341015,0.70992887,0.40890312,0
-1.7530985,-2.0080314,6.0336356,0.30233711,-0.64724493,0.69976151,0
-2.5171244,0.15270448,4.2713957,-0.76144147,0.2776238,0.5857746,0
-3.4895234,3.1377707,-1.3156066,-0.57341015,-0.70992887,-0.40890312,0
0.89799058,2.0658412,-3.134887,0.57341015,0.70992887,0.40890312,0
3.5848618,-2.9819245,-1.2540978,-0.57341015,-0.70992887,-0.40890312,0
0.10384297,2.5278149,-4.7474942,-0.30233711,0.64724493,-0.69976151,0
-4.1469688,4.2570362,-1.6225467,-0.30233711,0.64724493,-0.69976151,0
0.9751091,2.6736319,-4.8514977,-0.30233711,0.64724493,-0.69976151,0
-3.7894206,3.8436236,-2.1249981,-0.30233711,0.64724493,-0.69976151,0
2.7345622,0.55955386,-4.6889992,0.76144147,-0.2776238,-0.5857746,0
-0.092530489,-2.2536256,5.1506062,0.30233711,-0.64724493,0.69976151,0
0.057659984,-0.31788224,-0.54680604,-0.57341015,-0.70992887,-0.40890312,0
5.1037264,-4.1890407,0.61617565,0.76144147,-0.2776238,-0.5857746,0
2.9776225,0.31036758,-3.3971703,0.57341015,0.70992887,0.40890312,0
-1.6656001,-2.3601763,5.7905474,0.30233711,-0.64724493,0.69976151,0
-1.0734448,2.923883,-4.0838933,-0.30233711,0.64724493,-0.69976151,0
0.5396443,-1.9892511,1.3769474,-0.57341015,-0.70992887,-0.40890312,0
-4.7080231,3.8477015,-0.12378454,-0.76144147,0.2776238,0.5857746,0
0.92435706,-2.4051006,1.7676618,-0.57341015,-0.70992887,-0.40890312,0
-3.7053428,2.6296418,1.8011799,-0.76144147,0.2776238,0.5857746,0
-2.3597069,3.7221844,-2.4872131,-0.30233711,0.64724493,-0.69976151,0
2.0288141,-0.36977291,-3.9019611,-0.57341015,-0.70992887,-0.40890312,0
-3.3784404,3.5655899,-2.2786431,-0.30233711,0.64724493,-0.69976151,0
-2.7942309,3.2220449,-2.8064194,-0.30233711,0.64724493,-0.69976151,0
1.1396888,-2.9067369,3.8292847,0.30233711,-0.64724493,0.69976151,0
4.6834698,-3.5170641,0.37975121,0.76144147,-0.2776238,-0.5857746,0
-2.9143443,0.82234031,1.8034229,-0.57341015,-0.70992887,-0.40890312,0
-4.367178,2.8440351,0.98762107,-0.76144147,0.2776238,0.5857746,0
-4.2442746,1.7360914,1.5645761,-0.76144147,0.2776238,0.5857746,0
-1.7798748,3.1039634,-1.6879268,0.57341015,0.70992887,0.40890312,0
-1.706383,2.5741565,-0.72961307,0.57341015,0.70992887,0.40890312,0
2.2964172,-3.2756109,3.2261944,0.30233711,-0.64724493,0.69976151,0
-1.9994071,-2.1318257,5.8568034,-0.76144147,0.2776238,0.5857746,0
4.8793206,-3.0556796,-0.08754015,0.76144147,-0.2776238,-0.5857746,0
-3.1321483,0.33787215,3.7396631,-0.76144147,0.2776238,0.5857746,0
2.6951675,-2.1204953,1.3948247,0.57341015,0.70992887,0.40890312,0
4.6035905,-3.5646822,-0.1558876,0.76144147,-0.2776238,-0.5857746,0
4.0192332,-2.2733727,-0.78689754,0.57341015,0.70992887,0.40890312,0
4.3605909,-4.7075377,0.57351923,-0.57341015,-0.70992887,-0.40890312,0
4.781611,-4.6591892,0.97769403,0.30233711,-0.64724493,0.69976151,0
-4.33709,3.3068554,0.28310204,-0.76144147,0.2776238,0.5857746,0
1.5844693,-0.83196235,0.60447299,0.57341015,0.70992887,0.40890312,0
-2.5164051,-0.45382738,4.692626,-0.76144147,0.2776238,0.5857746,0
4.7156377,-4.1588464,0.45711565,0.76144147,-0.2776238,-0.5857746,0
-0.33624607,2.2686167,-2.0257466,0.57341015,0.70992887,0.40890312,0
1.0250399,2.2597017,-5.5665798,-0.30233711,0.64724493,-0.69976151,0
4.6224346,-2.5916476,-0.7431674,0.76144147,-0.2776238,-0.5857746,0
1.6417599,-3.8988059,2.8956752,0.30233711,-0.64724493,0.69976151,0
-2.0891838,3.6383905,-2.7192416,-0.30233711,0.64724493,-0.69976151,0
-4.1539998,2.9506047,1.1359241,-0.76144147,0.2776238,0.5857746,0
2.6689548,-3.9095731,2.3332763,0.30233711,-0.64724493,0.69976151,0
-3.8538709,1.399268,2.1139078,-0.76144147,0.2776238,0.5857746,0
4.3029399,-4.2846842,1.2630687,0.30233711,-0.64724493,0.69976151,0
1.7125018,1.8500886,-6.2350917,0.76144147,-0.2776238,-0.5857746,0
3.7181726,-2.5916877,-1.5086354,0.76144147,-0.2776238,-0.5857746,0
4.6021619,-4.2798123,0.479002,0.76144147,-0.2776238,-0.5857746,0
-2.0369642,-1.7155085,5.8942261,-0.76144147,0.2776238,0.5857746,0
-4.0953283,2.1443081,1.6059506,-0.76144147,0.2776238,0.5857746,0
2.6281466,0.27113938,-4.5379977,0.76144147,-0.2776238,-0.5857746,0
3.1158509,-3.9211266,2.0923181,0.30233711,-0.64724493,0.69976151,0
3.5283601,-1.6269017,-2.1795771,0.76144147,-0.2776238,-0.5857746,0
2.3264034,-2.9071853,3.2658477,0.30233711,-0.64724493,0.69976151,0
0.4324792,0.053378999,0.42413402,0.57341015,0.70992887,0.40890312,0
-1.7723081,3.035115,-1.1026518,0.57341015,0.70992887,0.40890312,0
-1.1732682,3.0187731,-3.9955401,-0.30233711,0.64724493,-0.69976151,0
-2.6991224,-0.85272819,4.4582734,-0.76144147,0.2776238,0.5857746,0
-0.22820421,-0.30089629,0.046908945,-0.57341015,-0.70992887,-0.40890312,0
-2.5324569,3.2566919,-3.0823145,-0.30233711,0.64724493,-0.69976151,0
-3.5556846,2.9185348,-1.6782103,-0.57341015,-0.70992887,-0.40890312,0
2.6212935,-3.460041,2.5741115,0.30233711,-0.64724493,0.69976151,0
-0.39644641,0.17872989,-0.67624646,-0.57341015,-0.70992887,-0.40890312,0
-1.076767,2.6878059,-3.9440107,-0.30233711,0.64724493,-0.69976151,0
-0.56140286,0.50609887,1.4812279,0.57341015,0.70992887,0.40890312,0
1.731885,1.5212867,-6.1866479,0.76144147,-0.2776238,-0.5857746,0
-3.1250896,1.7139366,2.4869161,-0.76144147,0.2776238,0.5857746,0
0.064497352,-0.61379874,2.0917881,0.57341015,0.70992887,0.40890312,0
0.59908485,2.8254168,-4.5837941,-0.30233711,0.64724493,-0.69976151,0
-1.8063211,3.3614421,-3.3354425,-0.30233711,0.64724493,-0.69976151,0
-2.7254195,0.78434563,0.99738169,-0.57341015,-0.70992887,-0.40890312,0
-2.388206,-0.17376566,4.6254587,-0.76144147,0.2776238,0.5857746,0
-4.0553408,4.5936837,-1.1017437,0.57341015,0.70992887,0.40890312,0
0.12784061,-1.2982042,0.87823379,-0.57341015,-0.70992887,-0.40890312,0
4.4261169,-3.5564814,-0.50105834,0.76144147,-0.2776238,-0.5857746,0
2.2924469,1.6632526,-5.2144418,0.76144147,-0.2776238,-0.5857746,0
-4.5451512,3.4555132,0.16924262,-0.76144147,0.2776238,0.5857746,0
-2.4869828,-0.96870911,5.2174935,-0.76144147,0.2776238,0.5857746,0
-3.7971416,4.4468651,-1.4802995,-0.30233711,0.64724493,-0.69976151,0
3.0842147,-2.6196811,1.3314905,0.57341015,0.70992887,0.40890312,0
-2.2151308,-0.49238384,3.0024624,-0.57341015,-0.70992887,-0.40890312,0
1.2742703,-2.4439163,3.287457,0.57341015,0.70992887,0.40890312,0
3.6773942,-2.4619365,-1.5072792,0.76144147,-0.2776238,-0.5857746,0
3.3891246,-1.8291609,-2.0857592,0.76144147,-0.2776238,-0.5857746,0
0.59378481,-2.8786108,4.4381108,0.30233711,-0.64724493,0.69976151,0
-2.8510249,-0.3520627,4.28897,-0.76144147,0.2776238,0.5857746,0
-3.2299628,3.6146605,-2.6020522,-0.30233711,0.64724493,-0.69976151,0
-0.10101914,-2.8428934,4.3884668,0.30233711,-0.64724493,0.69976151,0
0.19242239,-2.7346399,4.7655697,0.30233711,-0.64724493,0.69976151,0
-3.0376563,1.0647957,3.2618589,-0.76144147,0.2776238,0.5857746,0
3.0676522,-1.2118075,-0.58989304,0.57341015,0.70992887,0.40890312,0
-3.6628013,3.8677552,-0.011495113,0.57341015,0.70992887,0.40890312,0
3.7726154,-1.4622926,-2.3715351,0.76144147,-0.2776238,-0.5857746,0
1.3094734,-2.9347472,3.8426528,0.30233711,-0.64724493,0.69976151,0
0.80574596,0.59228992,-0.46956539,0.57341015,0.70992887,0.40890312,0
1.9300675,-1.7553099,1.6135249,0.57341015,0.70992887,0.40890312,0
3.5089264,-3.709902,2.1649351,0.30233711,-0.64724493,0.69976151,0
-3.2197795,2.5647695,-0.77832079,-0.57341015,-0.70992887,-0.40890312,0
1.7070742,1.585516,-6.4336052,0.76144147,-0.2776238,-0.5857746,0
0.077704906,-2.6616654,4.8073292,0.30233711,-0.64724493,0.69976151,0
-4.3411674,3.3712704,0.41765499,-0.76144147,0.2776238,0.5857746,0
-1.1787369,-2.36814,4.7395873,-0.57341015,-0.70992887,-0.40890312,0
1.3798581,-0.92856634,1.1196162,0.57341015,0.70992887,0.40890312,0
4.1897464,-4.1208482,1.6630487,0.30233711,-0.64724493,0.69976151,0
-3.4764168,1.5512679,2.768105,-0.76144147,0.2776238,0.5857746,0
-4.1809473,2.7741966,1.2361418,-0.76144147,0.2776238,0.5857746,0
-0.037604332,1.0041612,-3.365134,-0.57341015,-0.70992887,-0.40890312,0
-4.0730629,2.3084505,1.0515741,-0.76144147,0.2776238,0.5857746,0
2.2623284,0.82343197,-5.162859,0.76144147,-0.2776238,-0.5857746,0
-3.9329307,1.9925365,1.7517257,-0.76144147,0.2776238,0.5857746,0
0.58084226,1.3458934,-4.7378345,-0.57341015,-0.70992887,-0.40890312,0
4.0010533,-1.7476512,-1.9587512,0.76144147,-0.2776238,-0.5857746,0
4.608077,-3.3230228,-0.28336978,0.76144147,-0.2776238,-0.5857746,0
-2.8770146,3.7711873,-2.1288047,-0.30233711,0.64724493,-0.69976151,0
-0.70708525,2.6305482,-4.2233715,-0.30233711,0.64724493,-0.69976151,0
-5.1130557,4.5182104,-0.90784693,-0.76144147,0.2776238,0.5857746,0
-2.4263756,4.080287,-2.4245968,-0.30233711,0.64724493,-0.69976151,0
2.7355113,1.050621,-4.876008,0.76144147,-0.2776238,-0.5857746,0
4.5712986,-4.0266738,0.044182777,0.76144147,-0.2776238,-0.5857746,0
3.3974242,-0.8931824,-2.686919,0.76144147,-0.2776238,-0.5857746,0
4.3666673,-3.3517103,-0.38144207,0.76144147,-0.2776238,-0.5857746,0
-0.32523406,0.56782794,-2.1823227,-0.57341015,-0.70992887,-0.40890312,0
2.725666,-3.556752,2.7161465,0.30233711,-0.64724493,0.69976151,0
5.0229545,-4.3091226,0.96037865,0.30233711,-0.64724493,0.69976151,0
-4.8565617,4.3493237,-0.48786736,-0.76144147,0.2776238,0.5857746,0
-3.3437555,1.1540504,1.443773,-0.57341015,-0.70992887,-0.40890312,0
0.73934865,2.251457,-5.5529094,-0.30233711,0.64724493,-0.69976151,0
-2.9669585,4.0376148,-2.3920579,-0.30233711,0.64724493,-0.69976151,0
0.90162849,1.5747421,-5.3411217,-0.57341015,-0.70992887,-0.40890312,0
-4.7066226,4.3823175,-0.5016098,-0.76144147,0.2776238,0.5857746,0
-0.8186214,-2.4175844,5.4517384,0.30233711,-0.64724493,0.69976151,0
0.12820625,-2.2032657,5.1541643,0.57341015,0.70992887,0.40890312,0
-3.8189411,4.1153297,-1.7944736,-0.30233711,0.64724493,-0.69976151,0
-3.472991,3.9682584,-1.7814298,-0.30233711,0.64724493,-0.69976151,0
0.83860397,-0.76782382,-0.71953923,-0.57341015,-0.70992887,-0.40890312,0
0.29961419,2.6866052,-4.5795808,-0.30233711,0.64724493,-0.69976151,0
-2.2866993,3.573179,-2.9048748,-0.30233711,0.64724493,-0.69976151,0
1.5341995,1.2731674,-2.9926677,0.57341015,0.70992887,0.40890312,0
3.4457304,-1.9063075,-2.2249937,0.76144147,-0.2776238,-0.5857746,0
-0.44960153,-1.6555688,2.3777368,-0.57341015,-0.70992887,-0.40890312,0
4.7723422,-3.2033772,0.32637978,0.76144147,-0.2776238,-0.5857746,0
1.1508561,-0.9505353,-0.79332072,-0.57341015,-0.70992887,-0.40890312,0
0.64008784,2.5467932,-4.5022812,0.57341015,0.70992887,0.40890312,0
2.6113079,-3.0093119,0.67620158,-0.57341015,-0.70992887,-0.40890312,0
-0.33785295,2.3348432,-4.7123179,-0.30233711,0.64724493,-0.69976151,0
2.9675288,-3.6543701,2.4638696,0.30233711,-0.64724493,0.69976151,0
4.4401441,-2.7981119,-0.21636176,0.57341015,0.70992887,0.40890312,0
2.7871242,-3.8422098,1.3381143,-0.57341015,-0.70992887,-0.40890312,0
3.7918582,-4.1874781,1.410038,0.30233711,-0.64724493,0.69976151,0
-3.6880887,1.8799219,1.9896148,-0.76144147,0.2776238,0.5857746,0
4.1011677,-3.7863622,1.7179537,0.30233711,-0.64724493,0.69976151,0
2.1565657,0.99116063,-3.3923049,0.57341015,0.70992887,0.40890312,0
-1.5545394,-1.7372978,6.0484076,0.30233711,-0.64724493,0.69976151,0
2.9597855,-0.56043756,-3.8244896,0.76144147,-0.2776238,-0.5857746,0
-2.3544202,3.2087135,-3.347394,-0.30233711,0.64724493,-0.69976151,0
-4.1672544,2.2774284,1.0543945,-0.76144147,0.2776238,0.5857746,0
-0.70481169,-0.67990851,1.2365036,-0.57341015,-0.70992887,-0.40890312,0
-4.167181,3.2500515,0.65875411,-0.76144147,0.2776238,0.5857746,0
1.5159094,-2.9279637,1.7346854,-0.57341015,-0.70992887,-0.40890312,0
-1.2886187,-0.9346379,2.0777593,-0.57341015,-0.70992887,-0.40890312,0
0.6166203,-2.1913075,4.6396728,0.57341015,0.70992887,0.40890312,0
-1.5919324,3.4626756,-3.1933088,-0.30233711,0.64724493,-0.69976151,0
-2.9103296,1.5592387,-0.13619018,-0.57341015,-0.70992887,-0.40890312,0
-2.842989,3.3056355,-0.2460053,0.57341015,0.70992887,0.40890312,0
-3.4658086,1.8802497,2.1096656,-0.76144147,0.2776238,0.5857746,0
-4.7525148,4.3889608,-1.0633512,-0.30233711,0.64724493,-0.69976151,0
-1.6199042,3.6304431,-3.2039332,-0.30233711,0.64724493,-0.69976151,0
1.3076613,1.1344495,-5.3547192,-0.57341015,-0.70992887,-0.40890312,0
-0.7969842,-2.9002004,5.0481601,0.30233711,-0.64724493,0.69976151,0
-1.2803404,-2.2591419,5.4678411,0.30233711,-0.64724493,0.69976151,0
2.3006387,0.17046213,-4.9964323,0.76144147,-0.2776238,-0.5857746,0
0.75009561,0.70656466,-3.812947,-0.57341015,-0.70992887,-0.40890312,0
3.2850652,-0.59186453,-2.7995133,0.76144147,-0.2776238,-0.5857746,0
0.65397418,-0.28607631,-1.9749099,-0.57341015,-0.70992887,-0.40890312,0
0.19512749,-2.6947303,4.6692324,0.30233711,-0.64724493,0.69976151,0
-0.15867424,2.9179673,-4.2073441,-0.30233711,0.64724493,-0.69976151,0
-5.0554194,4.3085279,-1.0946875,-0.76144147,0.2776238,0.5857746,0
-1.84705,-1.6337521,5.7664995,-0.76144147,0.2776238,0.5857746,0
-1.6625865,-1.9629469,4.32477,-0.57341015,-0.70992887,-0.40890312,0
-2.5508628,-0.20228815,4.3353887,-0.76144147,0.2776238,0.5857746,0
-0.63998592,-0.50520527,2.5510826,0.57341015,0.70992887,0.40890312,0
2.5955682,-0.40862775,-4.080462,0.76144147,-0.2776238,-0.5857746,0
-1.9396017,-1.9385843,6.0451384,0.30233711,-0.64724493,0.69976151,0
-4.2493114,3.9093418,0.079716206,-0.76144147,0.2776238,0.5857746,0
2.1552789,1.6542773,-5.3424425,0.76144147,-0.2776238,-0.5857746,0
-3.2668009,1.7875743,0.37588441,-0.57341015,-0.70992887,-0.40890312,0
-3.7059557,1.3279235,2.2975898,-0.76144147,0.2776238,0.5857746,0
0.92170507,-2.5649295,1.5862513,-0.57341015,-0.70992887,-0.40890312,0
-0.89817297,3.153688,-3.8871088,-0.30233711,0.64724493,-0.69976151,0
-0.14283061,-2.0941343,5.3330803,0.57341015,0.70992887,0.40890312,0
3.9897752,-3.2529736,-1.2097259,0.76144147,-0.2776238,-0.5857746,0
-1.1798433,3.0255449,-3.9718766,-0.30233711,0.64724493,-0.69976151,0
-0.5196979,-1.3575305,2.3054667,-0.57341015,-0.70992887,-0.40890312,0
-1.1571879,0.99041098,-1.6377048,-0.57341015,-0.70992887,-0.40890312,0
-3.0449715,0.035530448,3.6357598,-0.76144147,0.2776238,0.5857746,0
2.1790748,-0.75226098,-0.62604088,0.57341015,0.70992887,0.40890312,0
-4.4020824,4.0960765,0.3205986,-0.76144147,0.2776238,0.5857746,0
1.0634919,-3.0047781,4.0482235,0.30233711,-0.64724493,0.69976151,0
-4.0835252,2.8250747,0.73276639,-0.76144147,0.2776238,0.5857746,0
-2.3354745,-0.71172005,3.0599885,-0.57341015,-0.70992887,-0.40890312,0
1.2511704,-3.2469144,3.7952905,0.30233711,-0.64724493,0.69976151,0
-2.3695459,0.21436834,4.459115,-0.76144147,0.2776238,0.5857746,0
1.9132936,0.92793512,-5.7170343,0.76144147,-0.2776238,-0.5857746,0
-0.47290039,-2.1348734,5.1714301,0.30233711,-0.64724493,0.69976151,0
-0.77547359,-2.853085,4.7170177,0.30233711,-0.64724493,0.69976151,0
-2.3232143,-0.79527843,4.7722635,-0.76144147,0.2776238,0.5857746,0
2.7507157,-0.22572756,-3.8814988,0.76144147,-0.2776238,-0.5857746,0
0.00043106079,2.6242118,-4.7908683,-0.30233711,0.64724493,-0.69976151,0
-0.65416503,-2.7634733,4.6218872,0.30233711,-0.64724493,0.69976151,0
-2.1192107,-0.62313104,5.1333528,-0.76144147,0.2776238,0.5857746,0
4.0589862,-4.1955528,1.5285583,0.30233711,-0.64724493,0.69976151,0
2.9019141,-2.9047847,0.10145593,-0.57341015,-0.70992887,-0.40890312,0
4.4301538,-4.0817881,1.4038396,0.30233711,-0.64724493,0.69976151,0
-4.751595,4.038455,-1.4413257,-0.30233711,0.64724493,-0.69976151,0
-0.11465898,1.5995429,-1.0287828,0.57341015,0.70992887,0.40890312,0
