0.96644598,3.5675006,1.6078453,0.28369141,0.93506873,0.21252239,0
-0.49821901,0.32208872,1.0764441,-0.86574781,0.15446393,0.47604793,0
0.60977912,3.4455297,2.0863395,0.28369141,0.93506873,0.21252239,0
1.7500437,3.6047368,0.2632246,0.28369141,0.93506873,0.21252239,0
1.0537871,3.1880755,1.8451362,0.41231048,-0.31904149,0.85335374,0
0.6686278,3.9215918,0.93244553,0.28369141,0.93506873,0.21252239,0
-1.7040862,-3.6149645,-1.1847725,-0.28369141,-0.93506873,-0.21252239,0
0.93075627,3.5916686,1.6371269,0.28369141,0.93506873,0.21252239,0
1.3889412,3.6232479,0.53239918,0.28369141,0.93506873,0.21252239,0
0.26765633,4.0960112,0.43721008,0.28369141,0.93506873,0.21252239,0
-1.3509368,-4.0400133,-0.14202976,-0.28369141,-0.93506873,-0.21252239,0
-1.0483168,1.5642465,-0.19264328,-0.86574781,0.15446393,0.47604793,0
-0.49206066,1.1896204,-0.60948098,-0.41231048,0.31904149,-0.85335374,0
-1.7329332,-3.895977,0.020376205,-0.28369141,-0.93506873,-0.21252239,0
-1.3414346,-3.6892047,-1.608187,-0.28369141,-0.93506873,-0.21252239,0
2.0650682,2.3835745,1.2244391,0.41231048,-0.31904149,0.85335374,0
0.63753617,0.61312211,-1.1552312,0.86574781,-0.15446393,-0.47604793,0
1.4765729,3.6625388,1.4886241,0.28369141,0.93506873,0.21252239,0
-2.4684165,-3.4171381,-0.91261101,-0.28369141,-0.93506873,-0.21252239,0
0.8938179,1.9262673,-0.80984521,-0.41231048,0.31904149,-0.85335374,0
-0.26433265,-4.1027112,-0.76348448,-0.28369141,-0.93506873,-0.21252239,0
-0.27004513,-1.9992547,0.70267558,0.41231048,-0.31904149,0.85335374,0
1.5331199,3.6459026,1.2796464,0.28369141,0.93506873,0.21252239,0
1.2014396,2.3718195,-0.82225585,0.86574781,-0.15446393,-0.47604793,0
1.7574886,3.6861098,-0.20989561,0.28369141,0.93506873,0.21252239,0
1.9265579,3.299597,1.0201097,0.28369141,0.93506873,0.21252239,0
-1.7273312,-3.6380596,-1.4328995,-0.28369141,-0.93506873,-0.21252239,0
-0.24793011,-0.54707849,-1.0325497,-0.41231048,0.31904149,-0.85335374,0
0.74160129,3.7807384,0.90437841,0.28369141,0.93506873,0.21252239,0
-0.13825129,-1.4493862,0.50237525,0.41231048,-0.31904149,0.85335374,0
-0.79130834,-3.7919776,-0.85750389,-0.28369141,-0.93506873,-0.21252239,0
-0.071258545,-4.2027092,-0.96733665,-0.28369141,-0.93506873,-0.21252239,0
0.83363479,-0.52987206,-0.43635005,0.86574781,-0.15446393,-0.47604793,0
-1.3629528,-3.4964221,0.36188889,0.41231048,-0.31904149,0.85335374,0
1.1350729,0.23975389,-0.35927948,0.86574781,-0.15446393,-0.47604793,0
-0.0772084,3.5334673,0.37514687,-0.41231048,0.31904149,-0.85335374,0
-1.0034618,-3.2501731,-1.8580649,-0.41231048,0.31904149,-0.85335374,0
-0.44830942,1.8630046,0.74436569,-0.86574781,0.15446393,0.47604793,0
-0.64090264,-1.2516619,1.0075959,0.41231048,-0.31904149,0.85335374,0
1.1482843,1.6607413,1.1985408,0.41231048,-0.31904149,0.85335374,0
2.0273371,2.3365932,1.1783195,0.41231048,-0.31904149,0.85335374,0
0.5750761,3.8620214,1.4320102,0.28369141,0.93506873,0.21252239,0
2.1446295,3.2736905,0.86112261,0.28369141,0.93506873,0.21252239,0
-0.043274164,-2.7432752,-1.7050323,0.86574781,-0.15446393,-0.47604793,0
2.2118037,3.3684618,1.2329812,0.28369141,0.93506873,0.21252239,0
-0.77605861,2.2875521,0.11442113,-0.86574781,0.15446393,0.47604793,0
1.5319384,4.0629067,-0.20464849,0.28369141,0.93506873,0.21252239,0
-0.76598382,-3.3644321,0.18300676,0.41231048,-0.31904149,0.85335374,0
-0.65297419,-0.26284194,0.63995546,-0.86574781,0.15446393,0.47604793,0
-1.0596783,-1.0614835,-1.0773878,-0.41231048,0.31904149,-0.85335374,0
0.43850911,3.3141646,1.4786589,-0.86574781,0.15446393,0.47604793,0
0.44191194,3.8815334,0.22577667,0.28369141,0.93506873,0.21252239,0
1.0115855,-0.084286451,0.82249534,0.41231048,-0.31904149,0.85335374,0
1.6430093,0.63158953,0.58025038,0.86574781,-0.15446393,-0.47604793,0
-0.95231849,0.61662155,-0.21654654,-0.86574781,0.15446393,0.47604793,0
-0.90527964,0.28149164,-0.39881051,-0.41231048,0.31904149,-0.85335374,0
-0.18319619,-1.0141463,-1.3406895,-0.41231048,0.31904149,-0.85335374,0
0.33320007,-1.7904623,0.34503055,0.41231048,-0.31904149,0.85335374,0
1.3461518,3.8205097,0.57114649,0.28369141,0.93506873,0.21252239,0
-1.2982382,-3.8174722,-0.94791937,-0.28369141,-0.93506873,-0.21252239,0
-0.21785152,-3.4571631,-1.4933321,0.86574781,-0.15446393,-0.47604793,0
0.31287134,-2.4372396,-0.95164585,0.86574781,-0.15446393,-0.47604793,0
1.8128303,1.5241115,0.75093472,0.86574781,-0.15446393,-0.47604793,0
0.78305805,1.3677288,-0.93632531,-0.41231048,0.31904149,-0.85335374,0
0.70444316,3.9895382,0.24753284,0.28369141,0.93506873,0.21252239,0
-1.3776642,-3.2786539,0.24645138,-0.86574781,0.15446393,0.47604793,0
1.5295421,3.5105798,1.2445087,0.28369141,0.93506873,0.21252239,0
0.40251255,4.0506067,1.2760501,0.28369141,0.93506873,0.21252239,0
0.7036767,3.6675189,0.071046829,-0.41231048,0.31904149,-0.85335374,0
-0.19676811,1.7022409,1.4538276,-0.86574781,0.15446393,0.47604793,0
0.72411054,-2.8029001,-0.011748075,0.86574781,-0.15446393,-0.47604793,0
0.01023078,-3.9927528,-0.62097692,-0.28369141,-0.93506873,-0.21252239,0
-0.6529659,-3.7587848,-1.8195703,-0.28369141,-0.93506873,-0.21252239,0
1.7314199,2.1084142,-0.0055670738,0.86574781,-0.15446393,-0.47604793,0
-1.5819111,-2.6075044,-1.4056284,-0.41231048,0.31904149,-0.85335374,0
-1.3362049,-4.0070534,0.035933018,-0.28369141,-0.93506873,-0.21252239,0
-0.10926074,-1.2003742,-1.5016073,-0.41231048,0.31904149,-0.85335374,0
-0.57640588,2.8696196,0.34052348,-0.86574781,0.15446393,0.47604793,0
0.8065294,3.1161158,-0.3080802,-0.41231048,0.31904149,-0.85335374,0
-1.4991467,-3.8686984,-0.71852779,-0.28369141,-0.93506873,-0.21252239,0
0.91962409,2.3557434,1.8110325,0.41231048,-0.31904149,0.85335374,0
2.1825967,3.3620741,1.1486692,0.28369141,0.93506873,0.21252239,0
-0.49511987,0.16940504,0.89306277,-0.86574781,0.15446393,0.47604793,0
-0.12078643,4.100976,0.44745064,0.28369141,0.93506873,0.21252239,0
1.6663141,2.5218546,0.29842377,0.86574781,-0.15446393,-0.47604793,0
-0.56911284,-3.9778194,-0.76134682,-0.28369141,-0.93506873,-0.21252239,0
-1.0692372,0.060116172,-0.61154228,-0.41231048,0.31904149,-0.85335374,0
0.33856273,4.0680509,0.8848772,0.28369141,0.93506873,0.21252239,0
-0.49931628,1.6388421,0.53593409,-0.86574781,0.15446393,0.47604793,0
0.24669909,3.5205991,1.3647516,-0.86574781,0.15446393,0.47604793,0
-1.1101899,0.47084534,-0.46326289,-0.41231048,0.31904149,-0.85335374,0
-0.081198037,1.0440891,1.3271624,-0.86574781,0.15446393,0.47604793,0
-0.67146707,-3.3827083,-2.1287227,-0.28369141,-0.93506873,-0.21252239,0
-0.33133936,1.4465793,1.4449651,-0.86574781,0.15446393,0.47604793,0
-0.36715782,-3.8871608,-1.0455656,-0.28369141,-0.93506873,-0.21252239,0
-0.43150806,0.49732518,-0.9559707,-0.41231048,0.31904149,-0.85335374,0
-0.71633697,-3.0141273,0.27318406,0.41231048,-0.31904149,0.85335374,0
1.1878017,2.641948,1.7593598,0.41231048,-0.31904149,0.85335374,0
-0.089199305,2.4443333,1.1378925,-0.86574781,0.15446393,0.47604793,0
-1.3425742,0.029892564,-0.45397723,-0.41231048,0.31904149,-0.85335374,0
1.3326694,0.28437853,0.58187664,0.86574781,-0.15446393,-0.47604793,0
-0.22341156,-4.0284362,-0.19167376,-0.28369141,-0.93506873,-0.21252239,0
-0.83188522,-1.1358426,1.0201292,0.41231048,-0.31904149,0.85335374,0
0.52588874,3.4552903,0.061841011,-0.41231048,0.31904149,-0.85335374,0
1.5443145,3.598671,1.2245426,0.28369141,0.93506873,0.21252239,0
1.2337208,1.8574522,-0.23789811,0.86574781,-0.15446393,-0.47604793,0
-0.84577781,-1.1675001,-1.2436583,-0.41231048,0.31904149,-0.85335374,0
-0.11772457,-1.7939866,0.60135841,0.41231048,-0.31904149,0.85335374,0
-0.75371981,1.9429485,0.050449848,-0.41231048,0.31904149,-0.85335374,0
-1.6003082,-1.5293745,-0.74310601,-0.41231048,0.31904149,-0.85335374,0
-0.49353653,-3.9181981,-0.57600069,-0.28369141,-0.93506873,-0.21252239,0
0.3967613,-2.5509758,0.026109457,0.41231048,-0.31904149,0.85335374,0
0.3494032,-1.103789,-0.73031813,0.86574781,-0.15446393,-0.47604793,0
-0.59575468,-3.6503763,-1.2486901,-0.28369141,-0.93506873,-0.21252239,0
1.4677017,1.8972433,0.16209865,0.86574781,-0.15446393,-0.47604793,0
2.2198067,3.1166117,1.4482117,0.41231048,-0.31904149,0.85335374,0
0.3955344,-3.4943681,-0.23136759,0.41231048,-0.31904149,0.85335374,0
0.57334065,3.693315,1.5581474,0.28369141,0.93506873,0.21252239,0
0.3858014,0.17636025,-1.1743324,0.86574781,-0.15446393,-0.47604793,0
0.31393433,3.1412606,1.6357481,-0.86574781,0.15446393,0.47604793,0
2.2644267,2.9871385,0.8135035,0.86574781,-0.15446393,-0.47604793,0
-0.58049917,-3.0487456,0.13777494,0.41231048,-0.31904149,0.85335374,0
0.32347536,-1.1171337,-1.5287535,0.86574781,-0.15446393,-0.47604793,0
-0.9758749,-3.8379197,-0.069289684,-0.28369141,-0.93506873,-0.21252239,0
1.5622772,4.0367742,-0.34265184,0.28369141,0.93506873,0.21252239,0
-1.0926012,-4.0082054,0.3762126,-0.28369141,-0.93506873,-0.21252239,0
-0.60247779,-2.5293145,-1.7738456,-0.41231048,0.31904149,-0.85335374,0
1.3920978,3.8300076,-0.22480536,0.28369141,0.93506873,0.21252239,0
1.4488342,2.4577079,-0.22606516,0.86574781,-0.15446393,-0.47604793,0
-0.088763595,-3.9012499,-0.89000845,-0.28369141,-0.93506873,-0.21252239,0
0.81712478,3.9875422,0.56236362,0.28369141,0.93506873,0.21252239,0
0.97177321,2.8549078,-0.5622623,-0.41231048,0.31904149,-0.85335374,0
-0.2515673,0.047506571,-1.0150323,-0.41231048,0.31904149,-0.85335374,0
-1.444284,-3.563318,-0.32151461,-0.28369141,-0.93506873,-0.21252239,0
-1.8331662,-3.1021619,-1.2342002,-0.41231048,0.31904149,-0.85335374,0
2.154695,3.5550823,1.1851611,0.28369141,0.93506873,0.21252239,0
-0.084563494,-4.1808572,-0.25614738,-0.28369141,-0.93506873,-0.21252239,0
-2.202996,-3.4425001,-1.1390686,-0.28369141,-0.93506873,-0.21252239,0
0.45653975,-3.1385541,-0.046171427,0.41231048,-0.31904149,0.85335374,0
-0.86908478,-3.9019113,-0.78132439,-0.28369141,-0.93506873,-0.21252239,0
1.3203443,0.32285899,-0.15417257,0.86574781,-0.15446393,-0.47604793,0
-1.5360537,-3.3503265,0.064411163,-0.86574781,0.15446393,0.47604793,0
1.2866182,3.5987649,2.001662,0.28369141,0.93506873,0.21252239,0
-1.0134003,-3.7047048,-1.9706829,-0.28369141,-0.93506873,-0.21252239,0
-1.9945567,-3.6371074,-0.29229307,-0.28369141,-0.93506873,-0.21252239,0
-0.17758024,2.1175604,1.2125458,-0.86574781,0.15446393,0.47604793,0
0.081106812,-1.1179707,0.66318929,0.41231048,-0.31904149,0.85335374,0
1.9619143,3.1275463,0.71490693,0.86574781,-0.15446393,-0.47604793,0
-0.46199208,-3.4061942,0.19472647,0.41231048,-0.31904149,0.85335374,0
-1.6615179,-3.7859929,-0.85095167,-0.28369141,-0.93506873,-0.21252239,0
1.1432054,3.7916667,1.2459843,0.28369141,0.93506873,0.21252239,0
0.86934251,3.8875804,1.400805,0.28369141,0.93506873,0.21252239,0
0.57243282,-2.4784164,-0.52222872,0.86574781,-0.15446393,-0.47604793,0
-1.1397955,-0.59779871,-0.82243669,-0.41231048,0.31904149,-0.85335374,0
1.6801314,3.4317026,0.5617106,0.28369141,0.93506873,0.21252239,0
0.10249901,4.1270585,1.2454963,0.28369141,0.93506873,0.21252239,0
1.9572788,1.1108227,0.84897399,0.41231048,-0.31904149,0.85335374,0
0.96659756,-0.0049163103,0.7067169,0.41231048,-0.31904149,0.85335374,0
-1.3648803,-3.5267949,-0.72630239,-0.28369141,-0.93506873,-0.21252239,0
-1.2804523,-3.9654951,0.24192476,-0.28369141,-0.93506873,-0.21252239,0
0.6362344,-0.27448082,-1.0333306,0.86574781,-0.15446393,-0.47604793,0
0.063022852,3.0758479,1.5561035,-0.86574781,0.15446393,0.47604793,0
-0.79960114,-3.820118,-0.49435949,-0.28369141,-0.93506873,-0.21252239,0
-1.3401381,-0.62190628,0.1172815,-0.86574781,0.15446393,0.47604793,0
-0.66264868,-4.0630178,-0.40562391,-0.28369141,-0.93506873,-0.21252239,0
-0.93092114,-3.450129,0.13460588,0.41231048,-0.31904149,0.85335374,0
0.042057037,-4.0250945,-0.79517031,0.86574781,-0.15446393,-0.47604793,0
-0.88227814,-3.6483066,-1.8010907,-0.28369141,-0.93506873,-0.21252239,0
-0.87703949,-3.0255833,-1.6486015,-0.41231048,0.31904149,-0.85335374,0
0.86919218,3.8300705,0.87145376,0.28369141,0.93506873,0.21252239,0
-0.74206805,-2.9175401,0.48859286,0.41231048,-0.31904149,0.85335374,0
-1.4904009,-3.982245,0.068091869,-0.28369141,-0.93506873,-0.21252239,0
0.36682916,-1.5270107,-1.0579282,0.86574781,-0.15446393,-0.47604793,0
0.94267267,3.6617661,1.2547591,0.28369141,0.93506873,0.21252239,0
-1.6699393,-2.8582871,0.10377741,-0.86574781,0.15446393,0.47604793,0
0.80083627,3.7723119,1.5490649,0.28369141,0.93506873,0.21252239,0
1.2080716,0.99435401,-0.1447643,0.86574781,-0.15446393,-0.47604793,0
1.4945972,0.76246262,0.72370398,0.41231048,-0.31904149,0.85335374,0
0.085146219,0.49275577,-0.84136194,-0.41231048,0.31904149,-0.85335374,0
2.0263224,3.5304067,0.87365007,0.28369141,0.93506873,0.21252239,0
0.53225327,3.9514685,1.3084958,0.28369141,0.93506873,0.21252239,0
-1.2465463,-1.2969759,-0.97192723,-0.41231048,0.31904149,-0.85335374,0
2.4577854,3.2653031,1.2791634,0.28369141,0.93506873,0.21252239,0
0.54825354,2.8449433,-0.18802571,-0.41231048,0.31904149,-0.85335374,0
-0.65629691,-2.6652236,-1.7633257,-0.41231048,0.31904149,-0.85335374,0
-0.72098589,-3.7895277,-1.779279,-0.28369141,-0.93506873,-0.21252239,0
0.57319456,2.7745848,2.0230381,0.41231048,-0.31904149,0.85335374,0
-0.36060777,-1.5293177,0.68792737,0.41231048,-0.31904149,0.85335374,0
-1.5033479,-3.6681263,-1.5020595,-0.28369141,-0.93506873,-0.21252239,0
-0.6882813,-1.8136454,-1.6856503,-0.41231048,0.31904149,-0.85335374,0
0.50522304,0.99149507,-1.1338968,-0.41231048,0.31904149,-0.85335374,0
-0.81550378,-3.5307279,-1.3954186,-0.28369141,-0.93506873,-0.21252239,0
-0.59411681,0.78682482,0.74821019,-0.86574781,0.15446393,0.47604793,0
0.092361212,3.1525774,1.6175482,-0.86574781,0.15446393,0.47604793,0
1.7698863,3.3690221,0.97730708,0.28369141,0.93506873,0.21252239,0
-1.2501011,-2.3617425,0.46186662,-0.86574781,0.15446393,0.47604793,0
0.1924268,-3.8394356,-0.35086393,0.86574781,-0.15446393,-0.47604793,0
-0.41660321,-3.8633068,-1.1457827,-0.28369141,-0.93506873,-0.21252239,0
0.57606584,3.9330091,0.24189758,0.28369141,0.93506873,0.21252239,0
0.93072742,3.9453466,0.85225487,0.28369141,0.93506873,0.21252239,0
-0.83494449,-3.3176355,0.14985991,0.41231048,-0.31904149,0.85335374,0
-0.16208583,-1.505143,-1.6235158,0.86574781,-0.15446393,-0.47604793,0
1.6627192,3.4726658,0.59362531,0.28369141,0.93506873,0.21252239,0
-0.73156899,2.2162628,0.1759491,-0.86574781,0.15446393,0.47604793,0
1.1057081,2.7981143,1.7753091,0.41231048,-0.31904149,0.85335374,0
0.68476421,-2.4807284,0.13603735,0.41231048,-0.31904149,0.85335374,0
-2.1384549,-2.4296608,-0.74207544,-0.86574781,0.15446393,0.47604793,0
-1.9993149,-3.6177759,-0.30191135,-0.86574781,0.15446393,0.47604793,0
-0.82130003,-0.46206909,0.69821066,-0.86574781,0.15446393,0.47604793,0
0.45558357,3.9209416,1.4455614,0.28369141,0.93506873,0.21252239,0
1.5316379,2.5681846,-0.051016331,0.86574781,-0.15446393,-0.47604793,0
1.3019607,1.178369,0.19920921,0.86574781,-0.15446393,-0.47604793,0
1.6076787,2.0445881,0.26341891,0.86574781,-0.15446393,-0.47604793,0
0.71654683,4.1683097,0.21420813,0.28369141,0.93506873,0.21252239,0
0.52490234,1.7356488,1.6134509,0.41231048,-0.31904149,0.85335374,0
-0.68687057,1.3278077,0.272156,-0.86574781,0.15446393,0.47604793,0
1.8500837,2.4108887,1.4051833,0.41231048,-0.31904149,0.85335374,0
-1.1381644,-3.8883936,-0.58864689,-0.28369141,-0.93506873,-0.21252239,0
0.68617022,3.0646605,-0.52560711,-0.41231048,0.31904149,-0.85335374,0
-0.53622925,0.83552074,1.2491668,-0.86574781,0.15446393,0.47604793,0
-0.32170987,1.8319719,1.0924282,-0.86574781,0.15446393,0.47604793,0
-0.66629648,-1.9835168,0.63832283,0.41231048,-0.31904149,0.85335374,0
1.43352,3.2237921,-0.42474532,0.86574781,-0.15446393,-0.47604793,0
-1.403072,-3.6715631,-0.97204947,-0.28369141,-0.93506873,-0.21252239,0
1.5123327,-0.2412802,0.48313805,0.86574781,-0.15446393,-0.47604793,0
1.4383056,3.824311,-0.024039268,0.28369141,0.93506873,0.21252239,0
-0.80901808,-1.8070902,1.0681496,0.41231048,-0.31904149,0.85335374,0
1.6419406,3.3111076,1.2891815,0.28369141,0.93506873,0.21252239,0
0.85470784,1.0528468,-1.0452318,0.86574781,-0.15446393,-0.47604793,0
0.070870839,0.43521428,-1.0480011,-0.41231048,0.31904149,-0.85335374,0
0.66689903,3.8523767,0.78180313,0.28369141,0.93506873,0.21252239,0
-1.1319342,-0.59804344,-0.017972708,-0.86574781,0.15446393,0.47604793,0
0.95572829,2.3772197,1.6998612,0.41231048,-0.31904149,0.85335374,0
1.9143498,3.6541624,-0.0043005943,0.28369141,0.93506873,0.21252239,0
0.92441726,1.5190469,-0.97650683,-0.41231048,0.31904149,-0.85335374,0
1.5042844,3.2794018,-0.65080523,-0.41231048,0.31904149,-0.85335374,0
-0.86942339,-3.929915,-0.59931612,-0.28369141,-0.93506873,-0.21252239,0
-1.709887,-2.7445416,-1.1773767,-0.41231048,0.31904149,-0.85335374,0
0.64866853,-0.58508092,-0.45636848,0.86574781,-0.15446393,-0.47604793,0
1.0543499,2.9140663,-0.77278805,0.86574781,-0.15446393,-0.47604793,0
1.4141908,3.6494374,1.2179189,0.28369141,0.93506873,0.21252239,0
-0.44555044,-4.1016436,-0.068190098,-0.28369141,-0.93506873,-0.21252239,0
0.32835209,-1.1439577,-1.2242301,0.86574781,-0.15446393,-0.47604793,0
0.42412537,2.9080014,1.6733122,-0.86574781,0.15446393,0.47604793,0
1.8147335,3.4554896,0.93680644,0.28369141,0.93506873,0.21252239,0
2.1859517,2.7348263,0.81975651,0.86574781,-0.15446393,-0.47604793,0
-1.9989338,-3.5064077,-1.4219615,-0.28369141,-0.93506873,-0.21252239,0
-0.75148422,-3.5510941,-1.6683547,-0.28369141,-0.93506873,-0.21252239,0
-0.83667094,-3.5180397,-1.7211645,-0.28369141,-0.93506873,-0.21252239,0
0.90602809,3.4008679,-0.23184872,-0.41231048,0.31904149,-0.85335374,0
-0.53687763,-4.0532765,-0.49317551,-0.28369141,-0.93506873,-0.21252239,0
-1.4159268,-1.7527506,-1.2046601,-0.41231048,0.31904149,-0.85335374,0
-0.27859533,-4.1182804,-0.24392605,-0.28369141,-0.93506873,-0.21252239,0
-0.22740996,2.0985012,0.91411912,-0.86574781,0.15446393,0.47604793,0
0.3538689,1.2499307,-0.80296874,-0.41231048,0.31904149,-0.85335374,0
0.17307162,-1.8008215,-1.4862409,0.86574781,-0.15446393,-0.47604793,0
0.38844851,0.09984076,-1.1908917,0.86574781,-0.15446393,-0.47604793,0
-1.3943954,-3.8051534,-0.32488298,-0.28369141,-0.93506873,-0.21252239,0
-0.13216782,3.4010561,0.24378157,-0.41231048,0.31904149,-0.85335374,0
1.5590907,2.8376734,1.457588,0.41231048,-0.31904149,0.85335374,0
0.74216229,4.2264352,-0.055226326,-0.41231048,0.31904149,-0.85335374,0
0.27926862,2.8933637,1.7049615,-0.86574781,0.15446393,0.47604793,0
0.89341283,3.7527115,1.4335046,0.28369141,0.93506873,0.21252239,0
1.5314784,0.54157144,0.39145586,0.86574781,-0.15446393,-0.47604793,0
-1.6034732,-3.4847062,-0.46575832,-0.28369141,-0.93506873,-0.21252239,0
0.85962832,3.7392159,0.76217985,0.28369141,0.93506873,0.21252239,0
-1.5597601,-3.6370828,-0.604671,-0.28369141,-0.93506873,-0.21252239,0
0.8391971,-1.2927947,0.47473001,0.41231048,-0.31904149,0.85335374,0
-1.3997253,-1.5182905,-0.22020471,-0.86574781,0.15446393,0.47604793,0
0.072109461,-1.2902207,-1.5182513,0.86574781,-0.15446393,-0.47604793,0
0.44654208,1.6373667,1.7504534,0.41231048,-0.31904149,0.85335374,0
0.54746324,-1.0128284,0.6164521,0.41231048,-0.31904149,0.85335374,0
-0.067724347,4.3409481,0.6517849,0.28369141,0.93506873,0.21252239,0
-0.95728362,-3.7899709,-1.0188141,-0.28369141,-0.93506873,-0.21252239,0
-0.34998193,-2.003998,0.69570351,0.41231048,-0.31904149,0.85335374,0
-2.4848433,-3.4592812,-0.91621947,-0.86574781,0.15446393,0.47604793,0
1.692837,3.7024596,0.63743782,0.28369141,0.93506873,0.21252239,0
-0.920766,-3.7308092,-1.1369228,-0.28369141,-0.93506873,-0.21252239,0
2.5122738,2.9939711,1.0823998,0.86574781,-0.15446393,-0.47604793,0
0.84522355,-1.7638509,0.27550793,0.41231048,-0.31904149,0.85335374,0
-1.0745409,-0.88738352,0.67293882,-0.86574781,0.15446393,0.47604793,0
0.26486874,-1.2448027,-1.4003751,0.86574781,-0.15446393,-0.47604793,0
1.0880228,3.9392171,0.4746995,0.28369141,0.93506873,0.21252239,0
1.6034994,1.7464103,-0.076105356,0.86574781,-0.15446393,-0.47604793,0
-2.0750759,-3.1353765,-1.4057062,-0.41231048,0.31904149,-0.85335374,0
-0.53041458,0.20880932,0.66498291,-0.86574781,0.15446393,0.47604793,0
-0.54884756,-3.8825433,-1.3562224,-0.28369141,-0.93506873,-0.21252239,0
1.1582632,1.5295727,0.95831513,0.41231048,-0.31904149,0.85335374,0
1.9230983,3.4982946,1.21122,0.28369141,0.93506873,0.21252239,0
0.78496027,0.82300031,-1.3337431,0.86574781,-0.15446393,-0.47604793,0
-1.4904282,-3.4461002,-0.99294043,-0.28369141,-0.93506873,-0.21252239,0
0.26844788,4.0502515,0.33988571,0.28369141,0.93506873,0.21252239,0
-0.81652075,-3.6103663,-1.5188005,-0.28369141,-0.93506873,-0.21252239,0
-2.0972028,-3.5563521,-1.2211874,-0.28369141,-0.93506873,-0.21252239,0
1.6965705,4.0175395,-0.44464779,0.86574781,-0.15446393,-0.47604793,0
1.3122909,0.0070561767,0.070316195,0.86574781,-0.15446393,-0.47604793,0
0.10002053,-3.7202225,-1.0768876,0.86574781,-0.15446393,-0.47604793,0
-0.38465655,2.2117763,0.34472227,-0.86574781,0.15446393,0.47604793,0
0.38222718,3.8144395,1.2023931,0.28369141,0.93506873,0.21252239,0
-1.4190353,-1.8726021,-0.98104811,-0.41231048,0.31904149,-0.85335374,0
0.25676346,-1.8078852,-1.3400592,0.86574781,-0.15446393,-0.47604793,0
2.1759961,3.6747239,0.57352972,0.28369141,0.93506873,0.21252239,0
0.91318333,4.0799427,0.30910254,0.28369141,0.93506873,0.21252239,0
-0.22033787,2.0530875,1.0525917,-0.86574781,0.15446393,0.47604793,0
-0.94610947,-3.8490858,-0.64824438,-0.28369141,-0.93506873,-0.21252239,0
-2.0151281,-2.5178523,-0.74570012,-0.86574781,0.15446393,0.47604793,0
2.0399587,3.2078228,1.2424417,0.28369141,0.93506873,0.21252239,0
0.55267686,0.092162013,1.1402595,0.41231048,-0.31904149,0.85335374,0
1.0824014,-0.46747059,-0.013513923,0.86574781,-0.15446393,-0.47604793,0
0.022245169,3.4137528,1.1158149,-0.86574781,0.15446393,0.47604793,0
0.81719327,2.5782826,1.8181143,0.41231048,-0.31904149,0.85335374,0
0.89612561,3.5474663,2.2504559,0.28369141,0.93506873,0.21252239,0
-1.7587003,-3.1872518,0.33883357,-0.86574781,0.15446393,0.47604793,0
-0.32934678,-1.7350312,0.84731209,0.41231048,-0.31904149,0.85335374,0
0.89302462,0.18152028,-0.14171067,0.86574781,-0.15446393,-0.47604793,0
0.03910172,-4.1878557,-0.29451799,0.86574781,-0.15446393,-0.47604793,0
1.1826094,3.6181381,1.0963006,0.28369141,0.93506873,0.21252239,0
0.20249335,0.11315846,-1.0672779,-0.41231048,0.31904149,-0.85335374,0
1.5521635,3.4597349,1.1600933,0.28369141,0.93506873,0.21252239,0
-0.99117661,1.4354417,-0.15015602,-0.86574781,0.15446393,0.47604793,0
0.16779661,4.0875611,1.1336775,0.28369141,0.93506873,0.21252239,0
0.22916609,-2.0582094,-1.1273021,0.86574781,-0.15446393,-0.47604793,0
-0.44266212,-2.4660642,0.63191867,0.41231048,-0.31904149,0.85335374,0
0.21506616,1.0391806,1.3754046,0.41231048,-0.31904149,0.85335374,0
-0.73573685,0.15004426,-0.59594852,-0.41231048,0.31904149,-0.85335374,0
-1.6869726,-0.86924076,-0.35408294,-0.86574781,0.15446393,0.47604793,0
0.8459754,2.6572924,1.5295351,0.41231048,-0.31904149,0.85335374,0
0.3438015,3.9909577,0.041011333,0.28369141,0.93506873,0.21252239,0
0.12309879,2.8839135,-0.17589998,-0.41231048,0.31904149,-0.85335374,0
-1.8187666,-2.5055528,-0.58362222,-0.86574781,0.15446393,0.47604793,0
-0.44910574,-2.5131001,-1.6936111,0.86574781,-0.15446393,-0.47604793,0
1.5399265,3.4811115,1.0652256,0.28369141,0.93506873,0.21252239,0
0.039387941,-3.6215985,-0.98520637,0.86574781,-0.15446393,-0.47604793,0
1.7770938,3.589262,0.14653921,0.28369141,0.93506873,0.21252239,0
0.34475684,3.2656476,2.0227571,-0.86574781,0.15446393,0.47604793,0
2.1764455,3.2613831,0.79123831,0.28369141,0.93506873,0.21252239,0
-0.62286931,-3.6855612,-1.0675156,-0.28369141,-0.93506873,-0.21252239,0
-0.014798284,-2.121182,-1.2931185,0.86574781,-0.15446393,-0.47604793,0
-1.5670975,-3.6200113,-1.4952326,-0.28369141,-0.93506873,-0.21252239,0
-0.40770304,-2.1546578,0.53788114,0.41231048,-0.31904149,0.85335374,0
-0.58834684,1.485844,0.40540087,-0.86574781,0.15446393,0.47604793,0
1.9641161,2.8070688,0.92490625,0.86574781,-0.15446393,-0.47604793,0
0.25037551,-3.3484035,-0.35116267,0.41231048,-0.31904149,0.85335374,0
0.82162386,4.0587974,0.19381905,0.28369141,0.93506873,0.21252239,0
1.2383955,3.8133061,1.0679855,0.28369141,0.93506873,0.21252239,0
0.40505838,4.0016913,1.1110859,0.28369141,0.93506873,0.21252239,0
0.77978092,2.5826864,1.6963556,0.41231048,-0.31904149,0.85335374,0
-0.9921689,-3.8168757,-0.99158335,-0.28369141,-0.93506873,-0.21252239,0
1.4028672,3.957623,-0.11535311,0.28369141,0.93506873,0.21252239,0
-1.666733,-2.969861,-0.11661601,-0.86574781,0.15446393,0.47604793,0
0.7165252,3.4724264,2.2326827,0.28369141,0.93506873,0.21252239,0
2.3601916,3.3761392,1.1035826,0.28369141,0.93506873,0.21252239,0
-1.5066381,-3.8734679,0.34547043,-0.28369141,-0.93506873,-0.21252239,0
-0.18002307,2.3161905,-0.026867151,-0.41231048,0.31904149,-0.85335374,0
2.2098327,2.9588499,1.2440684,0.41231048,-0.31904149,0.85335374,0
-1.0968058,-3.9068711,-0.34563732,-0.28369141,-0.93506873,-0.21252239,0
-0.63230139,-0.84530652,1.2217422,0.41231048,-0.31904149,0.85335374,0
-0.46740383,-1.8757449,-1.644564,-0.41231048,0.31904149,-0.85335374,0
0.15848565,-2.6788678,0.010618925,0.41231048,-0.31904149,0.85335374,0
0.73148692,3.8610611,1.47384,0.28369141,0.93506873,0.21252239,0
-1.2327845,-0.056956694,0.21144032,-0.86574781,0.15446393,0.47604793,0
0.46541107,3.8739605,0.54712296,0.28369141,0.93506873,0.21252239,0
-0.27602232,-1.2962229,0.92288876,0.41231048,-0.31904149,0.85335374,0
-1.8851268,-3.6070228,0.14537907,-0.86574781,0.15446393,0.47604793,0
0.99956292,0.37401175,-0.35936716,0.86574781,-0.15446393,-0.47604793,0
1.4070032,3.4813552,1.1898823,0.28369141,0.93506873,0.21252239,0
1.3206481,3.0025005,1.7465549,0.41231048,-0.31904149,0.85335374,0
0.44731402,-2.8577814,-0.77978444,0.86574781,-0.15446393,-0.47604793,0
0.82155585,2.3428152,-0.46149063,-0.41231048,0.31904149,-0.85335374,0
0.88841343,-1.5734788,-0.32059026,0.86574781,-0.15446393,-0.47604793,0
1.2599673,-0.38360873,0.0049373806,0.86574781,-0.15446393,-0.47604793,0
-0.77026641,-0.82706892,-0.90346682,-0.41231048,0.31904149,-0.85335374,0
0.85920417,3.0532069,1.7969401,0.41231048,-0.31904149,0.85335374,0
0.64673048,0.24279106,0.99536228,0.41231048,-0.31904149,0.85335374,0
0.3293879,1.5234141,1.806349,0.41231048,-0.31904149,0.85335374,0
-0.32581532,0.22056067,1.1861866,0.41231048,-0.31904149,0.85335374,0
-1.728637,-3.4688818,-0.28885889,-0.86574781,0.15446393,0.47604793,0
-1.3244324,-3.5499272,-1.3614018,-0.28369141,-0.93506873,-0.21252239,0
-1.6808473,-2.6210768,-1.4541674,-0.41231048,0.31904149,-0.85335374,0
0.67123121,3.7326162,1.4175286,0.28369141,0.93506873,0.21252239,0
-1.5456953,-1.3136317,0.11180925,-0.86574781,0.15446393,0.47604793,0
1.5048169,0.84772307,0.34181994,0.86574781,-0.15446393,-0.47604793,0
-0.51435328,2.9182324,0.10225248,-0.41231048,0.31904149,-0.85335374,0
0.11801279,2.7240322,-0.14761972,-0.41231048,0.31904149,-0.85335374,0
-0.39202806,-1.7782823,0.66533494,0.41231048,-0.31904149,0.85335374,0
0.44104683,3.3127656,1.981143,0.41231048,-0.31904149,0.85335374,0
-0.41995913,1.7376502,0.92960882,-0.86574781,0.15446393,0.47604793,0
0.51838803,3.8667674,-0.14601135,-0.41231048,0.31904149,-0.85335374,0
-1.537084,-0.81718123,-0.89788413,-0.41231048,0.31904149,-0.85335374,0
0.42552048,-1.7503023,-0.53307378,0.86574781,-0.15446393,-0.47604793,0
0.51798224,4.133954,0.49909353,0.28369141,0.93506873,0.21252239,0
1.3895525,3.3420606,1.4333525,0.28369141,0.93506873,0.21252239,0
-0.54891485,0.0415833,0.84614623,-0.86574781,0.15446393,0.47604793,0
0.10644186,-2.9798665,0.12982726,0.41231048,-0.31904149,0.85335374,0
-0.77238977,-0.14929438,-0.84177607,-0.41231048,0.31904149,-0.85335374,0
-1.6167488,-3.755533,-0.9083333,-0.28369141,-0.93506873,-0.21252239,0
1.2099807,3.9479487,0.51673698,0.28369141,0.93506873,0.21252239,0
-1.4106458,-3.9270487,0.17041111,-0.28369141,-0.93506873,-0.21252239,0
1.0697439,2.0324495,-0.48758531,0.86574781,-0.15446393,-0.47604793,0
0.33164144,3.8776388,0.66366768,0.28369141,0.93506873,0.21252239,0
-0.48070753,2.6671615,-0.01074791,-0.41231048,0.31904149,-0.85335374,0
1.7880733,2.7065573,1.0987487,0.41231048,-0.31904149,0.85335374,0
-1.0107925,-0.23301733,-0.59264123,-0.41231048,0.31904149,-0.85335374,0
-1.239133,-0.17631161,-0.74052501,-0.41231048,0.31904149,-0.85335374,0
0.27369136,-1.6291862,-1.2832208,0.86574781,-0.15446393,-0.47604793,0
-0.020982981,-4.0022588,-0.7033267,-0.28369141,-0.93506873,-0.21252239,0
1.7985783,3.6310949,0.1239233,0.86574781,-0.15446393,-0.47604793,0
1.3370718,1.4868414,0.98977447,0.41231048,-0.31904149,0.85335374,0
0.75135207,0.94462073,1.3259429,0.41231048,-0.31904149,0.85335374,0
-2.1792073,-3.3547614,-0.94342494,-0.86574781,0.15446393,0.47604793,0
0.037426353,-3.0754638,-0.91382718,0.86574781,-0.15446393,-0.47604793,0
0.54207706,-0.79579914,0.38773775,0.41231048,-0.31904149,0.85335374,0
1.5987356,0.81288838,0.15635622,0.86574781,-0.15446393,-0.47604793,0
-0.34383357,3.3478003,0.44591761,-0.86574781,0.15446393,0.47604793,0
-1.5004885,-3.4070539,-1.341872,-0.28369141,-0.93506873,-0.21252239,0
-1.4389765,-2.5905204,-0.015493393,-0.86574781,0.15446393,0.47604793,0
-0.44546205,-4.0416732,-0.22374725,0.41231048,-0.31904149,0.85335374,0
0.65183765,-2.7026873,0.051599979,0.41231048,-0.31904149,0.85335374,0
1.2833323,3.0735128,-0.54076028,0.86574781,-0.15446393,-0.47604793,0
0.86700505,3.989553,0.30135012,0.28369141,0.93506873,0.21252239,0
1.4016557,2.8204157,1.5178683,0.41231048,-0.31904149,0.85335374,0
0.18868911,-2.2425497,-1.2435287,0.86574781,-0.15446393,-0.47604793,0
-0.023967266,3.6835704,0.81152964,-0.86574781,0.15446393,0.47604793,0
0.43027639,3.2511215,1.6714511,-0.86574781,0.15446393,0.47604793,0
-1.8884029,-3.4359703,-1.3386614,-0.28369141,-0.93506873,-0.21252239,0
0.64753431,3.9728329,0.39212465,0.28369141,0.93506873,0.21252239,0
2.218998,3.6909959,0.36385584,0.86574781,-0.15446393,-0.47604793,0
-2.2667439,-3.6154952,-0.77514005,-0.28369141,-0.93506873,-0.21252239,0
-1.4668026,-4.0544839,0.16075134,-0.28369141,-0.93506873,-0.21252239,0
-0.14905697,2.4599419,-0.087626457,-0.41231048,0.31904149,-0.85335374,0
1.7016616,2.3132718,0.26693511,0.86574781,-0.15446393,-0.47604793,0
0.90533966,-0.21976885,0.020220071,0.86574781,-0.15446393,-0.47604793,0
0.20674801,-2.9336607,-0.62101817,0.86574781,-0.15446393,-0.47604793,0
0.61221486,-1.6965046,-0.12228823,0.86574781,-0.15446393,-0.47604793,0
0.44334513,-2.4270172,-0.30591893,0.86574781,-0.15446393,-0.47604793,0
1.4671011,3.8561153,-0.33432388,0.28369141,0.93506873,0.21252239,0
0.72886908,0.82974446,1.1179297,0.41231048,-0.31904149,0.85335374,0
-1.1901302,-1.0493648,0.44246781,-0.86574781,0.15446393,0.47604793,0
-1.8944093,-3.51649,-0.79077649,-0.28369141,-0.93506873,-0.21252239,0
1.2280213,1.1779572,-0.49844241,0.86574781,-0.15446393,-0.47604793,0
1.8569756,3.4499946,1.5065656,0.28369141,0.93506873,0.21252239,0
-1.5144894,-3.7359591,0.11545467,-0.28369141,-0.93506873,-0.21252239,0
-1.3513064,-1.8259846,-1.1742718,-0.41231048,0.31904149,-0.85335374,0
-0.36339441,-2.3505101,0.60297394,0.41231048,-0.31904149,0.85335374,0
-0.42111319,0.49317718,1.1513641,-0.86574781,0.15446393,0.47604793,0
-1.1649996,-1.6701667,0.67143929,-0.86574781,0.15446393,0.47604793,0
-1.0043355,-2.7406549,0.59815001,0.41231048,-0.31904149,0.85335374,0
-0.18916804,-3.3145833,0.057464361,0.41231048,-0.31904149,0.85335374,0
-0.1772998,-2.0346093,-1.7726266,-0.41231048,0.31904149,-0.85335374,0
-0.40476453,0.65813625,1.2749479,-0.86574781,0.15446393,0.47604793,0
-0.77178043,-2.1983142,-1.7750932,-0.41231048,0.31904149,-0.85335374,0
0.024156928,2.1320691,1.3904641,-0.86574781,0.15446393,0.47604793,0
-0.30939507,1.2753066,1.4531763,-0.86574781,0.15446393,0.47604793,0
-1.1030705,-3.8589735,-0.29494047,-0.28369141,-0.93506873,-0.21252239,0
-0.77211118,1.4551947,0.39001989,-0.86574781,0.15446393,0.47604793,0
1.7578181,3.5347769,0.44204187,0.28369141,0.93506873,0.21252239,0
-0.90721142,-0.59983587,0.73063314,-0.86574781,0.15446393,0.47604793,0
0.51290095,-1.3634596,-0.58782601,0.86574781,-0.15446393,-0.47604793,0
0.59372109,0.45777881,-0.76082385,0.86574781,-0.15446393,-0.47604793,0
-0.61278164,-4.1409945,0.033269882,-0.28369141,-0.93506873,-0.21252239,0
0.21037295,-0.23767722,-1.3309454,0.86574781,-0.15446393,-0.47604793,0
-0.15910921,1.6000044,-0.35616994,-0.41231048,0.31904149,-0.85335374,0
0.16286194,2.1368532,1.341856,-0.86574781,0.15446393,0.47604793,0
0.48640615,4.0390425,0.18185711,0.28369141,0.93506873,0.21252239,0
-0.97919399,-3.7429652,-1.778018,-0.28369141,-0.93506873,-0.21252239,0
0.96316761,3.6893406,1.9248502,0.28369141,0.93506873,0.21252239,0
-1.3188306,-0.16678524,0.05777517,-0.86574781,0.15446393,0.47604793,0
2.1499152,1.7560385,0.83418834,0.86574781,-0.15446393,-0.47604793,0
-1.0510182,-1.7743291,0.44603169,-0.86574781,0.15446393,0.47604793,0
0.083150625,3.864193,0.91624308,-0.86574781,0.15446393,0.47604793,0
-0.39612925,-2.8747296,-1.8435886,0.86574781,-0.15446393,-0.47604793,0
-1.7666302,-3.4954011,-0.51957989,-0.28369141,-0.93506873,-0.21252239,0
1.4426408,2.9615667,-0.65785885,0.86574781,-0.15446393,-0.47604793,0
2.3940351,3.5048432,1.0873322,0.28369141,0.93506873,0.21252239,0
-1.7249575,-3.6961863,-0.73428917,-0.28369141,-0.93506873,-0.21252239,0
-0.48671621,-3.0081968,0.43995142,0.41231048,-0.31904149,0.85335374,0
-0.37915695,0.72914428,-0.6501677,-0.41231048,0.31904149,-0.85335374,0
-1.22797,-4.1539879,0.16577053,-0.28369141,-0.93506873,-0.21252239,0
-2.0734344,-2.910568,-0.81565738,-0.86574781,0.15446393,0.47604793,0
-0.18933547,3.7810116,0.12759399,-0.86574781,0.15446393,0.47604793,0
0.4936707,1.6238431,-0.84689021,-0.41231048,0.31904149,-0.85335374,0
-1.0316558,-0.45051873,-0.7401889,-0.41231048,0.31904149,-0.85335374,0
-1.3837049,-3.6042521,-0.96937943,-0.28369141,-0.93506873,-0.21252239,0
-0.40840793,-3.869781,-1.2347994,-0.28369141,-0.93506873,-0.21252239,0
-1.1431605,0.5102284,-0.63014674,-0.41231048,0.31904149,-0.85335374,0
1.6475744,0.99833035,0.24193656,0.86574781,-0.15446393,-0.47604793,0
1.0963908,3.2154799,1.8554749,0.41231048,-0.31904149,0.85335374,0
0.69176638,3.6924696,-0.12903881,-0.41231048,0.31904149,-0.85335374,0
-0.40130925,-3.6915393,-1.4990726,0.86574781,-0.15446393,-0.47604793,0
0.84339166,-0.70404094,0.48121679,0.41231048,-0.31904149,0.85335374,0
-2.125669,-3.6814804,-0.37397242,-0.28369141,-0.93506873,-0.21252239,0
-0.52223861,-3.682236,-2.0823436,-0.28369141,-0.93506873,-0.21252239,0
1.5166483,2.1479101,1.4759933,0.41231048,-0.31904149,0.85335374,0
1.2439578,3.629848,-0.57256508,-0.41231048,0.31904149,-0.85335374,0
2.1308458,2.0657737,0.83031607,0.86574781,-0.15446393,-0.47604793,0
0.40709829,-0.95947832,-1.3330386,0.86574781,-0.15446393,-0.47604793,0
-1.0374672,0.36454111,-0.081852555,-0.86574781,0.15446393,0.47604793,0
-0.39567423,-4.1074157,-0.71097898,-0.28369141,-0.93506873,-0.21252239,0
-1.4191209,-3.8058434,-0.65305471,-0.28369141,-0.93506873,-0.21252239,0
-0.0032138824,-2.0275598,0.35617971,0.41231048,-0.31904149,0.85335374,0
1.5918546,1.2111231,0.92236221,0.41231048,-0.31904149,0.85335374,0
-0.099092841,-2.8034987,-1.7176087,0.86574781,-0.15446393,-0.47604793,0
-0.6696558,-3.2546701,0.3932879,0.41231048,-0.31904149,0.85335374,0
0.36018765,-2.8686845,-0.24929214,0.86574781,-0.15446393,-0.47604793,0
-1.0855535,-3.5925741,-0.6742053,-0.28369141,-0.93506873,-0.21252239,0
-1.7801013,-1.999144,-1.2331575,-0.41231048,0.31904149,-0.85335374,0
-0.98578793,-1.7814481,-1.3895394,-0.41231048,0.31904149,-0.85335374,0
-1.5041475,-3.574101,-1.6820712,-0.28369141,-0.93506873,-0.21252239,0
-0.18288064,-3.9938669,-1.2299337,-0.28369141,-0.93506873,-0.21252239,0
1.6519935,3.5889037,-0.33090353,0.86574781,-0.15446393,-0.47604793,0
0.7315976,0.66695142,1.0899268,0.41231048,-0.31904149,0.85335374,0
1.1153133,3.2932036,1.9975853,0.41231048,-0.31904149,0.85335374,0
-0.71627468,-3.9078484,0.27131462,0.41231048,-0.31904149,0.85335374,0
1.9374802,3.6953547,0.092463017,0.28369141,0.93506873,0.21252239,0
1.0351839,-0.27236211,-0.2597509,0.86574781,-0.15446393,-0.47604793,0
-0.37314463,-3.9367075,-0.69526625,-0.28369141,-0.93506873,-0.21252239,0
-0.84983331,-0.0030258894,-0.56550056,-0.41231048,0.31904149,-0.85335374,0
0.064559042,-2.1303959,-0.94411874,0.86574781,-0.15446393,-0.47604793,0
0.83698082,3.7806029,1.233917,0.28369141,0.93506873,0.21252239,0
2.0986407,2.6404872,0.71178102,0.86574781,-0.15446393,-0.47604793,0
0.51067728,3.9485357,0.60096073,0.28369141,0.93506873,0.21252239,0
-1.1991801,-2.6997156,0.68902946,-0.86574781,0.15446393,0.47604793,0
0.3444804,3.0094047,1.560662,-0.86574781,0.15446393,0.47604793,0
1.1446266,1.9227227,-0.30432153,0.86574781,-0.15446393,-0.47604793,0
0.26877993,1.3049638,1.6580843,0.41231048,-0.31904149,0.85335374,0
-0.42691433,-4.0301771,-0.19125605,-0.28369141,-0.93506873,-0.21252239,0
1.3418094,1.3343982,-0.23744106,0.86574781,-0.15446393,-0.47604793,0
0.45914564,-0.50962704,-1.1320174,0.86574781,-0.15446393,-0.47604793,0
-1.130307,-0.3068524,-0.10357514,-0.86574781,0.15446393,0.47604793,0
0.88030791,-1.2426836,0.28893602,0.41231048,-0.31904149,0.85335374,0
1.2775822,2.5791235,1.6424544,0.41231048,-0.31904149,0.85335374,0
0.81904244,3.4143279,-0.39452577,-0.41231048,0.31904149,-0.85335374,0
-0.96013361,-3.5760367,-1.2880957,-0.28369141,-0.93506873,-0.21252239,0
0.95399112,-0.62639046,0.014992118,0.86574781,-0.15446393,-0.47604793,0
-0.56027657,-2.0178742,-1.7138407,-0.41231048,0.31904149,-0.85335374,0
-0.36422074,-4.1228805,-0.37708187,-0.28369141,-0.93506873,-0.21252239,0
0.34980541,2.527056,-0.42895365,-0.41231048,0.31904149,-0.85335374,0
0.5157817,2.19947,1.7636417,0.41231048,-0.31904149,0.85335374,0
-1.6846681,-3.613852,-1.2113121,-0.28369141,-0.93506873,-0.21252239,0
0.60622931,-0.8420074,-0.85647309,0.86574781,-0.15446393,-0.47604793,0
0.61906469,-1.516382,-0.74692178,0.86574781,-0.15446393,-0.47604793,0
2.028831,2.0774939,0.81797028,0.86574781,-0.15446393,-0.47604793,0
0.019145966,-2.0839505,-1.2056324,0.86574781,-0.15446393,-0.47604793,0
-0.43381006,-0.60488522,1.1690958,-0.86574781,0.15446393,0.47604793,0
0.83256686,0.0762465,0.73830545,0.41231048,-0.31904149,0.85335374,0
0.27217162,-1.9808619,-1.3696834,0.86574781,-0.15446393,-0.47604793,0
-0.036643267,2.5165942,1.0015152,-0.86574781,0.15446393,0.47604793,0
-2.0031548,-3.2893476,-1.3986464,-0.41231048,0.31904149,-0.85335374,0
-1.7728322,-3.4879794,-0.74507117,-0.28369141,-0.93506873,-0.21252239,0
2.1233964,3.2107341,1.1968126,0.41231048,-0.31904149,0.85335374,0
0.27433491,-2.1756968,-0.96531463,0.86574781,-0.15446393,-0.47604793,0
-0.93332928,0.32648587,-0.44192907,-0.41231048,0.31904149,-0.85335374,0
0.99828619,3.520824,1.8835456,0.28369141,0.93506873,0.21252239,0
-0.57740074,-2.1253476,-1.551038,-0.41231048,0.31904149,-0.85335374,0
0.56730855,-3.1266062,-0.41519833,0.86574781,-0.15446393,-0.47604793,0
-1.1466353,-0.011878595,0.37711942,-0.86574781,0.15446393,0.47604793,0
1.6961468,2.3047123,1.3238045,0.41231048,-0.31904149,0.85335374,0
-0.28794515,3.1006131,0.85115981,-0.86574781,0.15446393,0.47604793,0
-1.8536885,-3.691117,-1.0346506,-0.28369141,-0.93506873,-0.21252239,0
1.884568,3.4000888,1.4292111,0.28369141,0.93506873,0.21252239,0
0.31359583,-2.6892462,-0.19567442,0.41231048,-0.31904149,0.85335374,0
-2.0153542,-3.4504945,-0.38361692,-0.28369141,-0.93506873,-0.21252239,0
1.5549026,3.5202489,0.97088766,0.28369141,0.93506873,0.21252239,0
-0.1683166,-3.1637387,-0.085566998,0.41231048,-0.31904149,0.85335374,0
0.3344031,1.118337,-1.0595063,-0.41231048,0.31904149,-0.85335374,0
0.30816185,3.6374965,1.8147316,-0.86574781,0.15446393,0.47604793,0
-0.95618844,-3.6130962,-1.9509118,-0.28369141,-0.93506873,-0.21252239,0
-0.8935917,1.3791261,0.37584817,-0.86574781,0.15446393,0.47604793,0
-0.094807982,-2.4677548,-1.5622799,0.86574781,-0.15446393,-0.47604793,0
0.79507011,3.4439821,1.746114,0.28369141,0.93506873,0.21252239,0
0.40699506,-1.1944181,-1.2212329,0.86574781,-0.15446393,-0.47604793,0
-0.81945521,1.89121,0.40656376,-0.86574781,0.15446393,0.47604793,0
-0.37879503,-3.7724767,-1.1080296,-0.28369141,-0.93506873,-0.21252239,0
1.4686921,3.6604846,0.48690748,0.28369141,0.93506873,0.21252239,0
1.8201326,3.4034739,0.97020602,0.28369141,0.93506873,0.21252239,0
1.0412006,3.3911078,2.1520197,0.41231048,-0.31904149,0.85335374,0
1.8431361,3.6912565,0.88749266,0.28369141,0.93506873,0.21252239,0
-1.4467115,-3.3417454,-1.5137243,-0.28369141,-0.93506873,-0.21252239,0
