1.4781806,0.88431144,-1.6948602,-0.0029273182,-0.5913713,-0.80639404,0
1.3355178,1.4749329,-1.4132488,0.61401689,0.63541919,-0.46821499,0
-0.6336112,1.8055661,-0.7554431,-0.78928709,0.49651021,-0.3612518,0
0.90299177,0.95094693,0.44735086,0.0029273182,0.5913713,0.80639404,0
0.58793795,-0.94017792,1.3593783,0.78928709,-0.49651021,0.3612518,0
-1.4737288,-2.010314,0.98880553,-0.61401689,-0.63541919,0.46821499,0
1.9487669,-0.67861527,-0.93634927,0.78928709,-0.49651021,0.3612518,0
0.93665338,1.4691101,-1.9297588,0.61401689,0.63541919,-0.46821499,0
-1.5153991,-1.3254023,1.2014129,-0.61401689,-0.63541919,0.46821499,0
-0.74631584,1.5415983,-0.36500877,-0.78928709,0.49651021,-0.3612518,0
-0.56390715,1.0260078,-1.4725842,-0.78928709,0.49651021,-0.3612518,0
-0.54564238,-2.1100388,1.6490399,-0.61401689,-0.63541919,0.46821499,0
0.047882795,-0.24251711,1.478642,0.0029273182,0.5913713,0.80639404,0
-0.75186706,0.53046209,-1.4007418,-0.0029273182,-0.5913713,-0.80639404,0
2.5013487,1.448199,-0.017449617,0.61401689,0.63541919,-0.46821499,0
-2.1296084,-0.91143733,1.0808952,-0.61401689,-0.63541919,0.46821499,0
0.30802095,2.2535889,-0.54268444,0.0029273182,0.5913713,0.80639404,0
-0.77365029,1.6274409,-0.021068074,-0.78928709,0.49651021,-0.3612518,0
0.52287936,1.707463,-2.0291457,0.61401689,0.63541919,-0.46821499,0
-0.37310076,-2.5018499,1.1652137,-0.61401689,-0.63541919,0.46821499,0
-0.28504777,1.6453303,-0.13393274,0.0029273182,0.5913713,0.80639404,0
-0.26406837,2.120122,-0.43828827,0.0029273182,0.5913713,0.80639404,0
0.23744011,2.0173092,-2.242512,-0.78928709,0.49651021,-0.3612518,0
-0.78457451,-0.016570389,-1.0480015,-0.0029273182,-0.5913713,-0.80639404,0
-2.163888,0.31691873,1.241756,0.0029273182,0.5913713,0.80639404,0
1.1188281,-1.1554382,0.51800084,0.78928709,-0.49651021,0.3612518,0
-1.1403964,0.77160895,-1.0268645,-0.78928709,0.49651021,-0.3612518,0
2.4943075,0.5480417,-1.0067434,0.78928709,-0.49651021,0.3612518,0
-0.81546474,-2.3611825,1.3229427,-0.61401689,-0.63541919,0.46821499,0
-2.4294789,-1.5996304,0.31807375,-0.61401689,-0.63541919,0.46821499,0
-1.0792531,1.2515683,0.12039453,-0.78928709,0.49651021,-0.3612518,0
2.2542925,0.86432737,-1.2147102,0.61401689,0.63541919,-0.46821499,0
2.3616209,-0.057660699,-0.98563385,-0.0029273182,-0.5913713,-0.80639404,0
0.41296482,-1.6473063,1.5126039,0.78928709,-0.49651021,0.3612518,0
0.37803793,2.0752344,-1.6046246,0.61401689,0.63541919,-0.46821499,0
-1.0897797,-1.423619,2.296859,-0.61401689,-0.63541919,0.46821499,0
-1.6568871,0.18538544,-0.03422153,-0.78928709,0.49651021,-0.3612518,0
0.94833648,-1.3851633,0.040888935,0.78928709,-0.49651021,0.3612518,0
-0.45026064,-1.740907,2.2097085,-0.61401689,-0.63541919,0.46821499,0
2.0532255,1.6861089,-0.77216172,0.61401689,0.63541919,-0.46821499,0
-2.1973209,-0.60550487,-0.67270803,-0.78928709,0.49651021,-0.3612518,0
0.16935778,-2.4638972,0.50796962,0.78928709,-0.49651021,0.3612518,0
2.6161797,0.68238807,-1.0533872,0.61401689,0.63541919,-0.46821499,0
0.78929484,-0.56551409,-1.0286591,-0.0029273182,-0.5913713,-0.80639404,0
0.0080413818,2.2673016,-1.5911663,-0.78928709,0.49651021,-0.3612518,0
-1.1672623,-1.4847691,1.5406849,-0.61401689,-0.63541919,0.46821499,0
-1.3365135,-1.4228189,1.9884446,-0.61401689,-0.63541919,0.46821499,0
-2.0036516,0.12995768,0.47710681,-0.78928709,0.49651021,-0.3612518,0
-2.173789,-0.21766508,0.15881968,-0.78928709,0.49651021,-0.3612518,0
1.0700473,1.5577843,0.088343859,0.0029273182,0.5913713,0.80639404,0
0.70917213,1.1905564,0.42672879,0.0029273182,0.5913713,0.80639404,0
1.3434639,-0.72174799,0.65369982,0.78928709,-0.49651021,0.3612518,0
0.90763235,1.4947542,-2.4634087,-0.0029273182,-0.5913713,-0.80639404,0
-1.2526083,0.50459218,-0.7474215,-0.78928709,0.49651021,-0.3612518,0
2.2796836,0.73765624,-1.4681506,0.61401689,0.63541919,-0.46821499,0
-2.4277806,-0.75604022,-0.11205435,-0.78928709,0.49651021,-0.3612518,0
-1.7826937,-0.68115109,-0.92999941,-0.0029273182,-0.5913713,-0.80639404,0
1.0460421,1.1436248,0.5194912,0.0029273182,0.5913713,0.80639404,0
0.18594503,-1.1601158,2.1325626,0.0029273182,0.5913713,0.80639404,0
-1.3927712,-1.9721935,0.68942332,-0.61401689,-0.63541919,0.46821499,0
2.1771848,1.1501532,0.51166773,0.0029273182,0.5913713,0.80639404,0
-1.0233848,1.0804958,-0.49858662,-0.78928709,0.49651021,-0.3612518,0
-1.4473916,-1.0511047,1.8222399,-0.61401689,-0.63541919,0.46821499,0
0.23914969,1.9421431,-0.016441703,0.0029273182,0.5913713,0.80639404,0
-1.5796368,-1.105602,1.4630733,-0.61401689,-0.63541919,0.46821499,0
-2.2730858,-0.59848154,1.419219,-0.61401689,-0.63541919,0.46821499,0
-1.6130257,-1.3699176,-0.3162837,-0.0029273182,-0.5913713,-0.80639404,0
-0.38381052,0.34686339,-1.3024973,-0.0029273182,-0.5913713,-0.80639404,0
1.4864063,-0.0062659979,0.97420931,0.78928709,-0.49651021,0.3612518,0
1.1649232,2.1511621,-0.46782017,0.0029273182,0.5913713,0.80639404,0
-0.91658539,-1.2860798,-0.16754937,-0.0029273182,-0.5913713,-0.80639404,0
1.1807642,-0.85614228,0.74395055,0.78928709,-0.49651021,0.3612518,0
-2.1696222,-1.1580279,0.99598813,-0.61401689,-0.63541919,0.46821499,0
0.86573565,-1.4330041,0.58175695,0.78928709,-0.49651021,0.3612518,0
-1.0640266,-1.6942379,-0.19682848,-0.0029273182,-0.5913713,-0.80639404,0
0.47949004,2.4502597,-1.5280781,-0.78928709,0.49651021,-0.3612518,0
0.58552945,1.5759494,-2.0215659,0.61401689,0.63541919,-0.46821499,0
1.8160799,-0.33468002,-0.44273543,0.78928709,-0.49651021,0.3612518,0
-2.2084515,-1.1866963,0.97260427,-0.61401689,-0.63541919,0.46821499,0
2.4328895,0.56690258,-0.04169035,0.78928709,-0.49651021,0.3612518,0
0.21054661,-0.95806062,-0.50935119,-0.0029273182,-0.5913713,-0.80639404,0
-2.1555471,-0.17790353,0.20561433,-0.78928709,0.49651021,-0.3612518,0
1.4857264,0.021256715,1.1032569,0.78928709,-0.49651021,0.3612518,0
-0.38352507,-0.56649315,-1.0316815,-0.0029273182,-0.5913713,-0.80639404,0
-0.021805406,-2.2572575,0.30758023,-0.0029273182,-0.5913713,-0.80639404,0
-2.6302745,-0.52625775,1.2574265,-0.61401689,-0.63541919,0.46821499,0
0.33050227,2.3342471,-0.49314249,0.0029273182,0.5913713,0.80639404,0
1.360365,-0.97624743,-0.56726229,-0.0029273182,-0.5913713,-0.80639404,0
2.0802526,1.2892237,0.27779841,0.0029273182,0.5913713,0.80639404,0
-0.19861746,-2.7058973,1.2454976,0.78928709,-0.49651021,0.3612518,0
2.4289384,0.66695988,-1.4341178,0.61401689,0.63541919,-0.46821499,0
0.45973575,-0.59724373,-0.65836596,-0.0029273182,-0.5913713,-0.80639404,0
0.13365483,-1.9257549,1.6623814,0.78928709,-0.49651021,0.3612518,0
1.7322396,0.010880053,0.75983053,0.78928709,-0.49651021,0.3612518,0
-1.0871294,-2.2987795,1.21789,-0.61401689,-0.63541919,0.46821499,0
-0.35503173,-2.2637196,0.49896526,-0.0029273182,-0.5913713,-0.80639404,0
-1.9076385,-1.4274181,1.0547988,-0.61401689,-0.63541919,0.46821499,0
0.075494409,2.3467126,-0.64669132,-0.78928709,0.49651021,-0.3612518,0
0.87876475,-0.82630223,-0.68693072,-0.0029273182,-0.5913713,-0.80639404,0
-1.0380549,-1.5006312,-0.074051023,-0.0029273182,-0.5913713,-0.80639404,0
1.9011641,-0.24198115,-0.80232847,0.78928709,-0.49651021,0.3612518,0
-2.7417932,-1.3879311,-0.24088836,-0.78928709,0.49651021,-0.3612518,0
2.5004237,0.44034874,-1.1841323,0.61401689,0.63541919,-0.46821499,0
1.1683605,1.7399555,-1.7146702,0.61401689,0.63541919,-0.46821499,0
-0.36764279,-1.1969165,-0.46935537,-0.0029273182,-0.5913713,-0.80639404,0
-0.44891047,-2.6611197,0.9544971,-0.61401689,-0.63541919,0.46821499,0
1.765013,0.020647287,-1.1301315,-0.0029273182,-0.5913713,-0.80639404,0
2.3125176,0.77830648,0.047894001,0.78928709,-0.49651021,0.3612518,0
1.7557374,0.52952766,0.66789305,0.0029273182,0.5913713,0.80639404,0
0.35392833,-0.91940898,1.749342,0.0029273182,0.5913713,0.80639404,0
-2.4257233,-0.88923776,0.88186312,-0.61401689,-0.63541919,0.46821499,0
0.69001704,-0.088663816,-1.2264359,-0.0029273182,-0.5913713,-0.80639404,0
0.33452225,-1.3518834,1.6216099,0.78928709,-0.49651021,0.3612518,0
0.13026929,1.4769216,-1.9658827,-0.78928709,0.49651021,-0.3612518,0
-1.0171295,-1.0862306,2.1425748,0.0029273182,0.5913713,0.80639404,0
-2.5430079,-1.403321,0.022652864,-0.61401689,-0.63541919,0.46821499,0
-2.7357864,-1.0778427,0.31397319,-0.78928709,0.49651021,-0.3612518,0
-1.0676249,-1.6177902,-0.2795738,-0.0029273182,-0.5913713,-0.80639404,0
-1.5751101,-1.4270314,1.6703885,-0.61401689,-0.63541919,0.46821499,0
0.042655356,-0.78600055,-0.66111827,-0.0029273182,-0.5913713,-0.80639404,0
-2.1519353,-0.82928842,-0.2729013,-0.78928709,0.49651021,-0.3612518,0
0.83185339,0.68207794,0.87304461,0.0029273182,0.5913713,0.80639404,0
0.88280904,1.5978675,-1.766134,0.61401689,0.63541919,-0.46821499,0
0.48961341,2.3368361,-1.2601675,0.61401689,0.63541919,-0.46821499,0
0.31088462,-0.58838713,-0.91093159,-0.0029273182,-0.5913713,-0.80639404,0
-0.47148478,-0.32287228,1.5172286,0.0029273182,0.5913713,0.80639404,0
0.054530859,1.9031618,-1.8421998,-0.78928709,0.49651021,-0.3612518,0
-1.320918,-1.7724922,1.3061488,-0.61401689,-0.63541919,0.46821499,0
0.61986542,-1.1181425,1.4972428,0.78928709,-0.49651021,0.3612518,0
0.28895336,-1.2439767,-0.26816288,-0.0029273182,-0.5913713,-0.80639404,0
-2.5068059,-1.0412177,0.014690876,-0.78928709,0.49651021,-0.3612518,0
0.42415833,1.5913548,-2.3664508,0.61401689,0.63541919,-0.46821499,0
-0.74605334,1.2606769,-0.32083052,-0.78928709,0.49651021,-0.3612518,0
-2.1636453,0.18675506,0.59510446,-0.78928709,0.49651021,-0.3612518,0
-1.6531565,-0.8509469,1.9244578,-0.61401689,-0.63541919,0.46821499,0
0.69139659,2.3575606,-1.2746773,0.61401689,0.63541919,-0.46821499,0
1.0967066,-1.2270244,0.17992321,0.78928709,-0.49651021,0.3612518,0
2.2174807,0.69676554,0.59145069,0.78928709,-0.49651021,0.3612518,0
1.1239288,1.391499,0.019731045,0.0029273182,0.5913713,0.80639404,0
-0.83092225,1.4554493,-0.29967129,-0.78928709,0.49651021,-0.3612518,0
-1.2621926,-0.59563458,1.5667691,0.0029273182,0.5913713,0.80639404,0
1.146772,2.0085161,-1.4013155,0.61401689,0.63541919,-0.46821499,0
-1.8876152,-0.98408079,1.4100542,-0.61401689,-0.63541919,0.46821499,0
-1.4527453,-2.2786424,0.33114219,-0.0029273182,-0.5913713,-0.80639404,0
0.43183756,1.1181676,-2.1924727,-0.0029273182,-0.5913713,-0.80639404,0
0.1891396,-2.1171732,0.8980993,0.78928709,-0.49651021,0.3612518,0
-1.2425687,-0.83536744,1.7475605,0.0029273182,0.5913713,0.80639404,0
2.003257,-0.092353463,-1.1501126,-0.0029273182,-0.5913713,-0.80639404,0
0.13858795,-2.2797046,0.58418775,0.78928709,-0.49651021,0.3612518,0
-1.6004971,0.29627407,1.1795743,0.0029273182,0.5913713,0.80639404,0
-0.50021803,-1.7297184,1.9883064,-0.61401689,-0.63541919,0.46821499,0
1.0587873,-1.2561634,0.62683326,0.78928709,-0.49651021,0.3612518,0
-0.43467164,1.953321,0.0050901771,-0.78928709,0.49651021,-0.3612518,0
-1.6624058,-1.6577517,0.66510272,-0.61401689,-0.63541919,0.46821499,0
0.52532148,2.3067033,-1.4344144,0.61401689,0.63541919,-0.46821499,0
-2.6017902,-1.1282532,0.77857351,-0.61401689,-0.63541919,0.46821499,0
0.20356345,-0.30835009,1.3725369,0.0029273182,0.5913713,0.80639404,0
-2.4705791,-0.54181331,0.46107006,-0.78928709,0.49651021,-0.3612518,0
1.6297714,-0.82614028,-0.16080236,0.78928709,-0.49651021,0.3612518,0
1.5390645,-0.43055743,0.15852916,0.78928709,-0.49651021,0.3612518,0
2.3020539,0.41100872,-1.6722088,0.61401689,0.63541919,-0.46821499,0
-0.65789735,1.8959057,-0.53197944,-0.78928709,0.49651021,-0.3612518,0
-0.55397344,0.68674982,0.62415653,0.0029273182,0.5913713,0.80639404,0
0.29197466,-0.68807346,1.6104813,0.0029273182,0.5913713,0.80639404,0
2.243494,1.4901003,0.24190593,0.0029273182,0.5913713,0.80639404,0
-1.109023,-0.14650393,1.1456029,0.0029273182,0.5913713,0.80639404,0
-1.5008451,-0.67526436,1.7217786,0.0029273182,0.5913713,0.80639404,0
0.57162672,0.15697336,-1.3060415,-0.0029273182,-0.5913713,-0.80639404,0
-2.1504207,-0.56715369,1.7021043,0.0029273182,0.5913713,0.80639404,0
0.55964768,-1.5218241,-0.24166594,-0.0029273182,-0.5913713,-0.80639404,0
2.2590077,0.17440909,-0.063739777,0.78928709,-0.49651021,0.3612518,0
1.1453104,-0.51676303,1.0838138,0.78928709,-0.49651021,0.3612518,0
-1.0134046,-0.34720558,-0.88189065,-0.0029273182,-0.5913713,-0.80639404,0
-2.1690907,-0.81117022,1.5213931,-0.61401689,-0.63541919,0.46821499,0
-0.69756538,-0.32618466,-1.01893,-0.0029273182,-0.5913713,-0.80639404,0
0.014460325,-0.31834561,1.3917861,0.0029273182,0.5913713,0.80639404,0
1.0113485,1.4455602,-2.0449138,0.61401689,0.63541919,-0.46821499,0
-0.22534329,-1.6223276,-0.12668908,-0.0029273182,-0.5913713,-0.80639404,0
1.9620135,1.4681544,-0.87572527,0.61401689,0.63541919,-0.46821499,0
-1.4163355,-1.8066136,0.76477242,-0.61401689,-0.63541919,0.46821499,0
0.54193497,1.6629908,-2.2990737,0.61401689,0.63541919,-0.46821499,0
-2.4833987,-0.24351048,1.1443069,-0.78928709,0.49651021,-0.3612518,0
1.3542649,-0.82785034,0.55431253,0.78928709,-0.49651021,0.3612518,0
-1.7834371,-1.5124367,-0.075511932,-0.0029273182,-0.5913713,-0.80639404,0
0.80509138,2.5808864,-1.1261494,0.61401689,0.63541919,-0.46821499,0
-0.38915086,2.1173396,-0.38173407,-0.78928709,0.49651021,-0.3612518,0
-2.1695733,-0.29731154,1.2759573,0.0029273182,0.5913713,0.80639404,0
0.57498741,2.1003156,-2.0045836,0.61401689,0.63541919,-0.46821499,0
-1.2047911,1.3156353,0.24510229,-0.78928709,0.49651021,-0.3612518,0
0.5383445,1.4135573,-2.3060117,-0.0029273182,-0.5913713,-0.80639404,0
-1.1294895,0.72209918,0.638771,0.0029273182,0.5913713,0.80639404,0
1.6822721,0.19302368,-1.5142508,-0.0029273182,-0.5913713,-0.80639404,0
0.26875257,2.2628636,-1.7611037,-0.78928709,0.49651021,-0.3612518,0
2.2382321,0.57437241,-0.45887327,0.78928709,-0.49651021,0.3612518,0
-1.075458,0.53040051,0.86455774,0.0029273182,0.5913713,0.80639404,0
1.5628955,-0.56382525,-0.54972863,0.78928709,-0.49651021,0.3612518,0
2.3734517,0.78799939,-1.1387215,0.61401689,0.63541919,-0.46821499,0
2.3649571,1.6590688,-0.25371838,0.61401689,0.63541919,-0.46821499,0
2.129283,0.64580905,-1.3736184,0.61401689,0.63541919,-0.46821499,0
2.1651711,1.7054316,-0.18418074,0.61401689,0.63541919,-0.46821499,0
-2.2053583,-1.1285112,1.2524674,-0.61401689,-0.63541919,0.46821499,0
0.91150689,1.8496121,-1.9809353,0.61401689,0.63541919,-0.46821499,0
-2.1835294,-0.2668848,1.5895734,0.0029273182,0.5913713,0.80639404,0
0.81262702,2.1640317,-0.370978,0.0029273182,0.5913713,0.80639404,0
-1.1880393,-0.87647682,-0.6820122,-0.0029273182,-0.5913713,-0.80639404,0
-1.0207233,-0.66275942,-0.64942658,-0.0029273182,-0.5913713,-0.80639404,0
1.2624357,2.5400443,-0.42213488,0.0029273182,0.5913713,0.80639404,0
1.3998004,1.745524,-1.0861535,0.61401689,0.63541919,-0.46821499,0
-0.033318281,-1.95779,1.2588426,0.78928709,-0.49651021,0.3612518,0
0.7288785,-1.0536158,1.5227073,0.78928709,-0.49651021,0.3612518,0
-1.0217888,-1.0663741,-0.44685346,-0.0029273182,-0.5913713,-0.80639404,0
1.8123747,1.7296622,-0.72463036,0.61401689,0.63541919,-0.46821499,0
-0.98752332,-0.13045323,1.3812197,0.0029273182,0.5913713,0.80639404,0
0.27169967,1.9061464,-1.851205,-0.78928709,0.49651021,-0.3612518,0
-0.1342814,2.0000937,-0.42701828,0.0029273182,0.5913713,0.80639404,0
2.8565769,1.1994319,0.026870251,0.78928709,-0.49651021,0.3612518,0
0.087679148,1.7175387,-2.3317983,-0.78928709,0.49651021,-0.3612518,0
-1.1376535,-2.322494,0.2426548,-0.0029273182,-0.5913713,-0.80639404,0
2.0568051,0.51406145,-1.6420135,0.61401689,0.63541919,-0.46821499,0
-1.1282427,-2.4487579,0.78649926,-0.61401689,-0.63541919,0.46821499,0
-2.4865985,-1.2979228,-0.029958725,-0.78928709,0.49651021,-0.3612518,0
1.8052109,0.55529392,-1.8288374,-0.0029273182,-0.5913713,-0.80639404,0
0.48744011,1.1603779,0.27517051,0.0029273182,0.5913713,0.80639404,0
1.435692,1.5606869,0.013844013,0.0029273182,0.5913713,0.80639404,0
1.3938987,-0.59359574,-0.19384539,0.78928709,-0.49651021,0.3612518,0
-2.2595551,-0.99313533,-0.1902709,-0.78928709,0.49651021,-0.3612518,0
0.023402691,0.46983975,-1.6481898,-0.0029273182,-0.5913713,-0.80639404,0
-1.5073338,0.5204649,-0.66531348,-0.78928709,0.49651021,-0.3612518,0
-0.50780463,-1.3240212,2.3617611,0.0029273182,0.5913713,0.80639404,0
1.9827266,0.22523423,0.17034709,0.78928709,-0.49651021,0.3612518,0
-2.0748372,-0.6214478,1.880084,0.0029273182,0.5913713,0.80639404,0
-2.4671507,0.011078954,1.1340351,-0.78928709,0.49651021,-0.3612518,0
-0.24317527,1.4693772,-2.0135756,-0.78928709,0.49651021,-0.3612518,0
-1.1352414,0.81792474,0.60239375,0.0029273182,0.5913713,0.80639404,0
1.4535551,0.33753109,-1.360983,-0.0029273182,-0.5913713,-0.80639404,0
-0.35220814,-2.0162578,0.3693074,-0.0029273182,-0.5913713,-0.80639404,0
-2.040261,-0.78878617,1.38221,-0.61401689,-0.63541919,0.46821499,0
2.4969788,0.79788619,0.032063961,0.78928709,-0.49651021,0.3612518,0
-0.65240788,-1.6038859,2.4285362,-0.61401689,-0.63541919,0.46821499,0
-0.20477891,0.34905863,-1.4463152,-0.0029273182,-0.5913713,-0.80639404,0
-0.8821876,-1.8238064,1.8028958,-0.61401689,-0.63541919,0.46821499,0
-0.18031931,-1.9433148,1.8735236,0.78928709,-0.49651021,0.3612518,0
2.7720416,0.35399568,-1.3856754,0.61401689,0.63541919,-0.46821499,0
0.68185759,2.7356398,-0.88098788,0.61401689,0.63541919,-0.46821499,0
-1.1655755,0.22085589,-1.0201644,-0.78928709,0.49651021,-0.3612518,0
-1.8218894,0.36029732,0.54603505,-0.78928709,0.49651021,-0.3612518,0
1.5729094,-0.29635262,-0.96825933,-0.0029273182,-0.5913713,-0.80639404,0
0.81104934,1.9250162,-1.8609047,0.61401689,0.63541919,-0.46821499,0
0.7749294,0.90834975,0.60447198,0.0029273182,0.5913713,0.80639404,0
2.1194372,1.3547723,-0.36169052,0.61401689,0.63541919,-0.46821499,0
0.081878185,1.4376962,-2.1878457,-0.78928709,0.49651021,-0.3612518,0
2.5897,0.85723943,-0.46356297,0.61401689,0.63541919,-0.46821499,0
0.28394747,2.6942747,-0.92905641,0.0029273182,0.5913713,0.80639404,0
-1.3382505,-0.034284741,-1.0880479,-0.0029273182,-0.5913713,-0.80639404,0
-0.82452428,-2.5801325,0.74556708,-0.61401689,-0.63541919,0.46821499,0
-0.88951063,0.75069797,-1.4121348,-0.78928709,0.49651021,-0.3612518,0
0.51439643,1.6921779,-2.6390576,0.61401689,0.63541919,-0.46821499,0
0.19758898,1.8636823,-0.022528648,0.0029273182,0.5913713,0.80639404,0
2.3583701,0.28968906,-0.25977874,0.78928709,-0.49651021,0.3612518,0
-0.22348821,1.8885405,-0.81293046,-0.78928709,0.49651021,-0.3612518,0
-2.6235592,-0.97306776,0.39236808,-0.78928709,0.49651021,-0.3612518,0
0.96469021,-0.10295069,1.4076042,0.0029273182,0.5913713,0.80639404,0
-0.54198611,-0.12368727,1.1691225,0.0029273182,0.5913713,0.80639404,0
-1.2306452,1.0986602,0.26782614,0.0029273182,0.5913713,0.80639404,0
-2.8327699,-0.94970894,0.27240944,-0.78928709,0.49651021,-0.3612518,0
1.0393862,1.3241645,0.37709379,0.0029273182,0.5913713,0.80639404,0
-0.32668829,1.2046703,-2.0886869,-0.78928709,0.49651021,-0.3612518,0
1.1536334,1.8850038,-0.20785975,0.0029273182,0.5913713,0.80639404,0
-2.5115502,-1.1821032,-0.038792133,-0.78928709,0.49651021,-0.3612518,0
-0.76832718,1.1340337,0.52737606,0.0029273182,0.5913713,0.80639404,0
-1.432204,0.59973955,-0.49486554,-0.78928709,0.49651021,-0.3612518,0
-1.0096285,-1.2825522,-0.34649086,-0.0029273182,-0.5913713,-0.80639404,0
-2.482151,-0.12697911,0.8367281,-0.78928709,0.49651021,-0.3612518,0
1.7726111,1.4466032,-0.83037949,0.61401689,0.63541919,-0.46821499,0
-0.65532494,-2.4982603,0.83801246,-0.61401689,-0.63541919,0.46821499,0
1.1381519,1.6545825,-1.7021022,0.61401689,0.63541919,-0.46821499,0
-2.0021539,0.49391806,0.70922601,-0.78928709,0.49651021,-0.3612518,0
0.92911494,-1.2846814,-0.14674252,-0.0029273182,-0.5913713,-0.80639404,0
-0.93536031,-0.9934665,-0.48179483,-0.0029273182,-0.5913713,-0.80639404,0
-0.36333394,-2.0500083,1.8703505,0.78928709,-0.49651021,0.3612518,0
2.4556034,1.022331,-1.0641985,0.61401689,0.63541919,-0.46821499,0
-0.21708488,2.1677017,-0.91266853,-0.78928709,0.49651021,-0.3612518,0
-1.6163734,-1.3172488,-0.46426845,-0.0029273182,-0.5913713,-0.80639404,0
-0.86242509,1.8494664,-0.26743585,-0.78928709,0.49651021,-0.3612518,0
2.1086545,0.13548481,-1.1996887,-0.0029273182,-0.5913713,-0.80639404,0
-0.1297645,-0.073372424,1.1261151,0.0029273182,0.5913713,0.80639404,0
-0.28804415,0.80922037,0.55244076,0.0029273182,0.5913713,0.80639404,0
-0.47583497,1.3896232,-0.72406685,-0.78928709,0.49651021,-0.3612518,0
1.7045367,-0.61428887,-0.71596909,0.78928709,-0.49651021,0.3612518,0
0.44009066,2.1744909,-2.222352,0.61401689,0.63541919,-0.46821499,0
-0.30596754,-1.4446902,-0.26210976,-0.0029273182,-0.5913713,-0.80639404,0
-0.62656629,-2.2876563,0.63745046,-0.0029273182,-0.5913713,-0.80639404,0
0.98741221,1.4185236,-2.0560591,0.61401689,0.63541919,-0.46821499,0
-1.1217197,1.4894407,0.028129905,-0.78928709,0.49651021,-0.3612518,0
-1.8611635,-1.2828636,1.2313523,-0.61401689,-0.63541919,0.46821499,0
2.0069015,0.27633795,0.28230512,0.78928709,-0.49651021,0.3612518,0
-1.6585104,-1.9484817,0.7749269,-0.61401689,-0.63541919,0.46821499,0
-2.0726624,-0.70580101,1.4319952,-0.61401689,-0.63541919,0.46821499,0
2.455631,1.2716837,-0.28076077,0.61401689,0.63541919,-0.46821499,0
-2.1019602,-0.21787727,1.6099899,0.0029273182,0.5913713,0.80639404,0
0.35702682,2.2270176,-1.9746052,0.61401689,0.63541919,-0.46821499,0
0.034844637,-2.5469642,0.9472574,0.78928709,-0.49651021,0.3612518,0
-1.3240598,-2.2021511,0.52305722,-0.0029273182,-0.5913713,-0.80639404,0
-1.1463163,-1.3127508,-0.0914675,-0.0029273182,-0.5913713,-0.80639404,0
0.98355097,2.5938771,-0.84214783,0.61401689,0.63541919,-0.46821499,0
1.5193949,-0.0071027279,-1.4621103,-0.0029273182,-0.5913713,-0.80639404,0
-1.4064714,0.92010742,0.36117482,0.0029273182,0.5913713,0.80639404,0
2.796036,0.80956995,-0.61197901,0.78928709,-0.49651021,0.3612518,0
0.58580637,1.8894575,-1.7474462,0.61401689,0.63541919,-0.46821499,0
-2.2762423,-1.6508491,0.23013806,-0.61401689,-0.63541919,0.46821499,0
-0.56845987,1.5903742,-0.65412235,-0.78928709,0.49651021,-0.3612518,0
-0.54785419,1.7349589,-0.070672646,-0.78928709,0.49651021,-0.3612518,0
-0.10301435,-2.0834532,0.25497735,-0.0029273182,-0.5913713,-0.80639404,0
-2.3894272,-0.76880002,1.2433763,-0.61401689,-0.63541919,0.46821499,0
-1.084765,-2.3023636,1.1037362,-0.61401689,-0.63541919,0.46821499,0
2.5051117,0.99296087,-0.41282606,0.78928709,-0.49651021,0.3612518,0
1.0012271,1.9968176,-0.14745545,0.0029273182,0.5913713,0.80639404,0
-0.86916518,-1.5192299,2.2766001,-0.61401689,-0.63541919,0.46821499,0
-0.2905978,-1.9861268,0.37638664,-0.0029273182,-0.5913713,-0.80639404,0
2.3269064,0.64379805,0.0049231052,0.78928709,-0.49651021,0.3612518,0
-2.2893393,-1.3535131,0.67208719,-0.61401689,-0.63541919,0.46821499,0
1.6899403,0.51346707,-1.5584254,-0.0029273182,-0.5913713,-0.80639404,0
0.85633326,0.64197409,-1.5649614,-0.0029273182,-0.5913713,-0.80639404,0
2.0927477,0.73942053,0.56424856,0.78928709,-0.49651021,0.3612518,0
-1.8890587,-0.25470427,-0.9229399,-0.78928709,0.49651021,-0.3612518,0
-0.65341973,0.63535953,-1.4205241,-0.78928709,0.49651021,-0.3612518,0
1.8056974,-0.67025822,-0.51774669,0.78928709,-0.49651021,0.3612518,0
0.22784138,2.441509,-1.5378237,-0.78928709,0.49651021,-0.3612518,0
1.762538,0.21707213,0.99157423,0.78928709,-0.49651021,0.3612518,0
-1.6236888,-1.3321385,0.99355149,-0.61401689,-0.63541919,0.46821499,0
-1.1203285,-2.0029578,0.25155711,-0.0029273182,-0.5913713,-0.80639404,0
-0.38919747,2.0906289,-0.53573215,-0.78928709,0.49651021,-0.3612518,0
-0.30840492,1.5540771,-1.770604,-0.78928709,0.49651021,-0.3612518,0
0.47118986,-0.059805036,1.2278072,0.0029273182,0.5913713,0.80639404,0
2.3888819,0.90720564,-0.70942187,0.61401689,0.63541919,-0.46821499,0
1.5277817,-0.95815152,-0.23249006,0.78928709,-0.49651021,0.3612518,0
-1.7387921,-2.0729165,0.35638094,-0.61401689,-0.63541919,0.46821499,0
1.0401695,0.2118125,1.3041261,0.0029273182,0.5913713,0.80639404,0
1.552794,-0.074573182,0.49313569,0.78928709,-0.49651021,0.3612518,0
1.3160794,1.4196551,-1.6033075,0.61401689,0.63541919,-0.46821499,0
0.8913914,-1.3573736,-0.35386503,-0.0029273182,-0.5913713,-0.80639404,0
1.3933738,-0.29761213,-0.80081141,-0.0029273182,-0.5913713,-0.80639404,0
0.37401652,2.5117073,-0.48284364,0.0029273182,0.5913713,0.80639404,0
1.0454733,-0.46267343,1.6116712,0.78928709,-0.49651021,0.3612518,0
2.730752,0.39069247,-1.1931214,0.78928709,-0.49651021,0.3612518,0
0.88190264,0.45805621,-1.6001194,-0.0029273182,-0.5913713,-0.80639404,0
1.5784111,1.3566718,-1.2702355,0.61401689,0.63541919,-0.46821499,0
-1.9478666,-0.29288664,-0.69036567,-0.78928709,0.49651021,-0.3612518,0
-1.9311229,-0.63202214,1.8513606,-0.61401689,-0.63541919,0.46821499,0
1.7620807,-0.34808564,-0.97616255,-0.0029273182,-0.5913713,-0.80639404,0
1.9057264,1.3914561,-0.60362983,0.61401689,0.63541919,-0.46821499,0
1.0571414,-0.88591355,-0.69453984,-0.0029273182,-0.5913713,-0.80639404,0
0.54455376,-0.040712774,1.0800407,0.0029273182,0.5913713,0.80639404,0
-1.348439,0.83427435,0.36919856,-0.78928709,0.49651021,-0.3612518,0
1.0269438,-0.96121514,0.55965608,0.78928709,-0.49651021,0.3612518,0
-1.5893952,-0.43111169,-0.97787941,-0.78928709,0.49651021,-0.3612518,0
-1.3457973,-2.0684688,0.82656002,-0.61401689,-0.63541919,0.46821499,0
-0.53661919,1.9808378,-0.40714526,-0.78928709,0.49651021,-0.3612518,0
-0.85880065,0.67656517,-1.6185396,-0.78928709,0.49651021,-0.3612518,0
0.55649996,2.8136435,-0.99929237,0.61401689,0.63541919,-0.46821499,0
-0.47551882,-1.780138,1.9341768,-0.61401689,-0.63541919,0.46821499,0
-1.149743,-1.0788947,-0.41648543,-0.0029273182,-0.5913713,-0.80639404,0
-2.3895037,-1.8192046,0.15300608,-0.61401689,-0.63541919,0.46821499,0
-1.6809938,-0.39049876,1.5094554,0.0029273182,0.5913713,0.80639404,0
-1.6257575,-1.5843462,0.84905887,-0.61401689,-0.63541919,0.46821499,0
1.7000504,1.6068273,-0.59981918,0.61401689,0.63541919,-0.46821499,0
0.6706562,2.3778937,-1.062144,0.61401689,0.63541919,-0.46821499,0
-2.7075582,-1.3226339,0.054263353,-0.61401689,-0.63541919,0.46821499,0
1.2584902,1.2731454,-2.038018,0.61401689,0.63541919,-0.46821499,0
-0.6689086,-2.667933,1.2004054,-0.61401689,-0.63541919,0.46821499,0
-1.7132607,-1.5647471,0.88537264,-0.61401689,-0.63541919,0.46821499,0
1.723285,1.1112473,-1.2172754,0.61401689,0.63541919,-0.46821499,0
-2.5324624,-0.071357489,1.3820724,-0.78928709,0.49651021,-0.3612518,0
1.3997087,0.16005425,0.78698695,0.78928709,-0.49651021,0.3612518,0
2.0289884,-0.031865716,-0.50726533,0.78928709,-0.49651021,0.3612518,0
-0.89436388,-2.1762397,1.2658334,-0.61401689,-0.63541919,0.46821499,0
1.0569024,2.6041038,-0.81400418,0.61401689,0.63541919,-0.46821499,0
0.22412539,1.8106987,-1.9836848,-0.78928709,0.49651021,-0.3612518,0
1.4946585,1.678162,-1.0433047,0.61401689,0.63541919,-0.46821499,0
2.7657237,1.034389,-0.31989384,0.61401689,0.63541919,-0.46821499,0
1.9684511,-0.023130655,-0.13808632,0.78928709,-0.49651021,0.3612518,0
1.6363715,1.1584419,-1.9384058,0.61401689,0.63541919,-0.46821499,0
-0.42830884,-2.7250757,0.90478575,-0.61401689,-0.63541919,0.46821499,0
-1.7018867,-1.8359474,0.52771783,-0.61401689,-0.63541919,0.46821499,0
-0.79360962,0.4285956,-1.4047559,-0.78928709,0.49651021,-0.3612518,0
-0.61909711,1.3954494,-0.7736671,-0.78928709,0.49651021,-0.3612518,0
1.9982188,0.65026486,0.49936402,0.78928709,-0.49651021,0.3612518,0
0.3974027,-0.70678657,-0.95452416,-0.0029273182,-0.5913713,-0.80639404,0
0.048564479,-0.61365753,-0.7806803,-0.0029273182,-0.5913713,-0.80639404,0
-0.031168222,-1.4164592,2.0549707,0.78928709,-0.49651021,0.3612518,0
-2.1309042,-1.8686895,-0.041742325,-0.0029273182,-0.5913713,-0.80639404,0
0.42662203,1.0742192,-2.05863,-0.0029273182,-0.5913713,-0.80639404,0
2.4357734,1.2729095,0.2828052,0.78928709,-0.49651021,0.3612518,0
0.75493371,2.132123,-1.826653,0.61401689,0.63541919,-0.46821499,0
-1.5886954,-1.3199279,1.8680294,-0.61401689,-0.63541919,0.46821499,0
1.5681736,1.1901206,0.52123404,0.0029273182,0.5913713,0.80639404,0
0.61051822,2.2435443,-1.1689733,0.61401689,0.63541919,-0.46821499,0
0.88567519,1.6151042,-2.1462126,0.61401689,0.63541919,-0.46821499,0
-1.0306093,0.66490662,-1.1083269,-0.78928709,0.49651021,-0.3612518,0
-1.9630783,-1.3509805,0.77355003,-0.61401689,-0.63541919,0.46821499,0
-2.541048,-0.37461972,1.3546228,-0.61401689,-0.63541919,0.46821499,0
0.89164031,-0.36548799,1.329392,0.78928709,-0.49651021,0.3612518,0
2.4570899,-0.18548656,-0.97367978,0.78928709,-0.49651021,0.3612518,0
0.54593873,-0.017944336,-1.4008496,-0.0029273182,-0.5913713,-0.80639404,0
-1.9953368,-0.73759651,1.3331268,-0.61401689,-0.63541919,0.46821499,0
2.6356955,0.97337449,-0.12451601,0.78928709,-0.49651021,0.3612518,0
2.5332215,1.3267989,-0.18567276,0.61401689,0.63541919,-0.46821499,0
-2.2814472,-0.79787242,0.92436481,-0.61401689,-0.63541919,0.46821499,0
-1.375255,0.90802783,-0.031899512,-0.78928709,0.49651021,-0.3612518,0
-0.32288879,-1.544786,-0.26721805,-0.0029273182,-0.5913713,-0.80639404,0
-1.7864394,-0.54564106,1.4324172,0.0029273182,0.5913713,0.80639404,0
-2.4140873,-1.1404961,-0.071429729,-0.78928709,0.49651021,-0.3612518,0
2.0949457,0.17814779,-1.3219137,-0.0029273182,-0.5913713,-0.80639404,0
1.4879208,1.4506805,-1.3730116,0.61401689,0.63541919,-0.46821499,0
-0.17055511,2.276392,-0.54481006,-0.78928709,0.49651021,-0.3612518,0
2.0305829,1.6291006,-0.65691042,0.61401689,0.63541919,-0.46821499,0
1.7313256,-0.037617564,-1.2658719,-0.0029273182,-0.5913713,-0.80639404,0
1.6083499,0.075732887,1.033463,0.0029273182,0.5913713,0.80639404,0
2.2273192,1.6863463,-0.46117234,0.61401689,0.63541919,-0.46821499,0
-2.5143101,-0.66710687,1.1952853,-0.61401689,-0.63541919,0.46821499,0
1.4567373,-0.65856665,-0.93607509,-0.0029273182,-0.5913713,-0.80639404,0
1.4312589,-0.44117314,-1.0380282,-0.0029273182,-0.5913713,-0.80639404,0
-1.3755751,-2.1381793,0.72924471,-0.61401689,-0.63541919,0.46821499,0
2.179353,1.3590363,-0.60978866,0.61401689,0.63541919,-0.46821499,0
-0.62443006,-2.1984613,1.373069,-0.61401689,-0.63541919,0.46821499,0
-0.6306057,-2.0019817,2.2086954,-0.61401689,-0.63541919,0.46821499,0
0.30241275,1.9782977,-2.2047904,0.61401689,0.63541919,-0.46821499,0
1.0642862,2.1469734,-0.79171824,0.61401689,0.63541919,-0.46821499,0
0.11276561,0.15521348,0.9537102,0.0029273182,0.5913713,0.80639404,0
-1.9997625,-1.9002531,0.027870655,-0.61401689,-0.63541919,0.46821499,0
1.6546963,0.69886422,0.78309715,0.0029273182,0.5913713,0.80639404,0
0.46131253,0.72425687,-1.7860166,-0.0029273182,-0.5913713,-0.80639404,0
-0.67346013,-0.64885664,1.742663,0.0029273182,0.5913713,0.80639404,0
-2.7479124,-1.3487099,-0.20189667,-0.78928709,0.49651021,-0.3612518,0
2.4976709,1.2207863,0.32088852,0.78928709,-0.49651021,0.3612518,0
-1.210871,0.11169541,1.0403278,0.0029273182,0.5913713,0.80639404,0
1.176747,-0.27685979,1.1625845,0.78928709,-0.49651021,0.3612518,0
-0.81205601,1.0577444,0.66606641,0.0029273182,0.5913713,0.80639404,0
-2.7124841,-0.99836469,0.08470273,-0.78928709,0.49651021,-0.3612518,0
-0.86355454,-1.5927632,0.1469835,-0.0029273182,-0.5913713,-0.80639404,0
-0.66869283,-1.8343279,2.3479669,-0.61401689,-0.63541919,0.46821499,0
2.4193656,0.8214882,-0.2702117,0.78928709,-0.49651021,0.3612518,0
0.9854697,-1.50077,0.28357697,0.78928709,-0.49651021,0.3612518,0
0.96391249,-0.070483744,1.4773271,0.0029273182,0.5913713,0.80639404,0
-0.54201496,2.0128851,-0.44876045,-0.78928709,0.49651021,-0.3612518,0
0.62399244,2.5108194,-1.3219228,0.61401689,0.63541919,-0.46821499,0
-1.367985,-1.7827914,0.98715639,-0.61401689,-0.63541919,0.46821499,0
0.022450089,2.2355838,-0.59598196,0.0029273182,0.5913713,0.80639404,0
-1.8478951,-0.24208607,-0.38365936,-0.78928709,0.49651021,-0.3612518,0
-0.15844798,-1.4663584,2.4304752,0.0029273182,0.5913713,0.80639404,0
1.8263621,0.19966137,-0.019497037,0.78928709,-0.49651021,0.3612518,0
2.8268731,0.66904116,-0.74995399,0.61401689,0.63541919,-0.46821499,0
-2.4871283,-1.0239947,0.64439583,-0.61401689,-0.63541919,0.46821499,0
-0.11773753,1.7418199,-1.0937996,-0.78928709,0.49651021,-0.3612518,0
-1.7949922,0.20474154,0.20922601,-0.78928709,0.49651021,-0.3612518,0
0.82061535,0.96614826,0.40609705,0.0029273182,0.5913713,0.80639404,0
0.68968236,2.8029342,-0.72391486,0.61401689,0.63541919,-0.46821499,0
1.1688893,-0.65651792,1.0437868,0.78928709,-0.49651021,0.3612518,0
-0.86245561,-2.0508928,1.4695182,-0.61401689,-0.63541919,0.46821499,0
-2.196527,-0.39952344,0.4327333,-0.78928709,0.49651021,-0.3612518,0
2.2400787,1.4526565,-0.80713272,0.61401689,0.63541919,-0.46821499,0
0.49615717,2.7161357,-1.3011026,0.61401689,0.63541919,-0.46821499,0
-2.4532001,-0.79518068,0.63596869,-0.61401689,-0.63541919,0.46821499,0
-1.6898925,-0.0085585117,1.1888587,0.0029273182,0.5913713,0.80639404,0
-0.8680582,-2.552083,1.0165181,-0.61401689,-0.63541919,0.46821499,0
-1.8655419,-1.528229,0.84853053,-0.61401689,-0.63541919,0.46821499,0
-1.5703323,0.36440468,-0.60396713,-0.78928709,0.49651021,-0.3612518,0
-1.6193522,-1.6130977,1.0137711,-0.61401689,-0.63541919,0.46821499,0
1.9705704,1.2508705,-1.2261105,0.61401689,0.63541919,-0.46821499,0
-1.7624629,-0.92612016,1.8656943,-0.61401689,-0.63541919,0.46821499,0
-0.15734577,-1.4565359,2.1004808,0.0029273182,0.5913713,0.80639404,0
2.470094,0.54791391,-1.1809268,0.61401689,0.63541919,-0.46821499,0
0.75221032,0.7794705,-1.6071985,-0.0029273182,-0.5913713,-0.80639404,0
2.275728,1.2823979,-0.53185606,0.61401689,0.63541919,-0.46821499,0
-2.404325,-0.57362491,0.83914018,-0.78928709,0.49651021,-0.3612518,0
1.7943428,-0.4319998,-0.81591153,-0.0029273182,-0.5913713,-0.80639404,0
0.4141562,1.1633595,-2.1366835,-0.0029273182,-0.5913713,-0.80639404,0
-1.4588134,0.34132656,-0.42553085,-0.78928709,0.49651021,-0.3612518,0
0.95695221,-1.1837937,-0.3767032,-0.0029273182,-0.5913713,-0.80639404,0
0.62014997,0.54551786,-1.5920042,-0.0029273182,-0.5913713,-0.80639404,0
1.5158818,-1.1131058,-0.38413203,0.78928709,-0.49651021,0.3612518,0
-2.091346,-1.4438038,0.54393649,-0.61401689,-0.63541919,0.46821499,0
-1.6225922,-1.9912107,0.78023124,-0.61401689,-0.63541919,0.46821499,0
-2.1458416,-1.4197259,0.3465662,-0.61401689,-0.63541919,0.46821499,0
-1.5971879,1.028396,0.26018965,-0.78928709,0.49651021,-0.3612518,0
2.376976,1.5781021,0.030749798,0.0029273182,0.5913713,0.80639404,0
0.13904524,-1.8922262,1.1414344,0.78928709,-0.49651021,0.3612518,0
-0.38072014,0.84541762,-1.9708307,-0.78928709,0.49651021,-0.3612518,0
-1.8299506,-1.4387516,0.95336246,-0.61401689,-0.63541919,0.46821499,0
-1.0397899,-0.52990705,-0.76939702,-0.0029273182,-0.5913713,-0.80639404,0
0.081022739,-1.75385,-0.093812585,-0.0029273182,-0.5913713,-0.80639404,0
-1.4866427,-1.64481,-0.16908121,-0.0029273182,-0.5913713,-0.80639404,0
0.16304865,0.5305084,0.97570425,0.0029273182,0.5913713,0.80639404,0
2.090472,0.91029966,-1.5979688,0.61401689,0.63541919,-0.46821499,0
-0.59500647,0.81210017,0.72675765,0.0029273182,0.5913713,0.80639404,0
0.68833447,-1.3602017,1.3042893,0.78928709,-0.49651021,0.3612518,0
-2.470016,0.21642208,1.1599944,0.0029273182,0.5913713,0.80639404,0
-0.45274663,1.7161125,-1.1266286,-0.78928709,0.49651021,-0.3612518,0
2.1662371,1.7861701,-0.38370347,0.61401689,0.63541919,-0.46821499,0
2.044703,1.2853453,-0.662709,0.61401689,0.63541919,-0.46821499,0
0.76510191,0.53850925,-1.5755713,-0.0029273182,-0.5913713,-0.80639404,0
-1.4327315,-2.0728564,1.0614097,-0.61401689,-0.63541919,0.46821499,0
-1.1550137,0.49636048,-0.47949046,-0.78928709,0.49651021,-0.3612518,0
-0.43227351,1.6588557,-0.79730684,-0.78928709,0.49651021,-0.3612518,0
0.94540364,2.5353301,-0.8585732,0.61401689,0.63541919,-0.46821499,0
0.68712997,-1.0057795,0.91978163,0.78928709,-0.49651021,0.3612518,0
0.69606733,1.9533749,-1.7692589,0.61401689,0.63541919,-0.46821499,0
2.4699345,0.17785597,-1.5273879,-0.0029273182,-0.5913713,-0.80639404,0
0.31267762,2.4293823,-1.1990868,-0.78928709,0.49651021,-0.3612518,0
-1.409188,-2.208642,0.34675074,-0.61401689,-0.63541919,0.46821499,0
0.069403529,-0.41176921,1.3057449,0.0029273182,0.5913713,0.80639404,0
-2.1197679,-0.69561553,-0.052247047,-0.78928709,0.49651021,-0.3612518,0
-2.3893013,-0.63801497,0.084733486,-0.78928709,0.49651021,-0.3612518,0
-2.4665546,0.014464617,0.87602854,-0.78928709,0.49651021,-0.3612518,0
1.9784614,0.8335892,0.79512775,0.0029273182,0.5913713,0.80639404,0
-2.2104168,-0.68669343,0.054430008,-0.78928709,0.49651021,-0.3612518,0
-1.6547909,-0.2315045,-1.13921,-0.78928709,0.49651021,-0.3612518,0
-1.0766022,1.3414773,-0.39370313,-0.78928709,0.49651021,-0.3612518,0
2.2517452,-0.13239944,-0.79417801,0.78928709,-0.49651021,0.3612518,0
-0.47268927,-2.235147,0.35859931,-0.0029273182,-0.5913713,-0.80639404,0
0.59909832,-1.5993035,0.61785924,0.78928709,-0.49651021,0.3612518,0
1.46699,-0.97382009,-0.37884283,-0.0029273182,-0.5913713,-0.80639404,0
1.1462495,-0.53521383,0.54881167,0.78928709,-0.49651021,0.3612518,0
-1.8761153,-1.7907594,-0.14122224,-0.0029273182,-0.5913713,-0.80639404,0
-0.9232192,-0.59610826,-0.97919387,-0.0029273182,-0.5913713,-0.80639404,0
-1.1416794,-0.95552748,1.7097878,0.0029273182,0.5913713,0.80639404,0
-0.10840052,1.2886814,0.46696287,0.0029273182,0.5913713,0.80639404,0
0.36335397,1.9431334,-2.1024098,-0.78928709,0.49651021,-0.3612518,0
-1.6350094,-0.29902279,1.4103982,0.0029273182,0.5913713,0.80639404,0
2.3636749,1.4846771,0.14130759,0.61401689,0.63541919,-0.46821499,0
1.3738191,-0.40226349,0.39596921,0.78928709,-0.49651021,0.3612518,0
-1.886264,-0.33707887,-0.89057803,-0.78928709,0.49651021,-0.3612518,0
0.47715378,-0.76311439,1.7540128,0.0029273182,0.5913713,0.80639404,0
-1.8813676,-1.8160233,0.29126048,-0.0029273182,-0.5913713,-0.80639404,0
0.43017977,-1.1711776,-0.56161958,-0.0029273182,-0.5913713,-0.80639404,0
0.3631413,2.0132668,-0.27207625,0.0029273182,0.5913713,0.80639404,0
-1.235917,0.9568131,-0.24553907,-0.78928709,0.49651021,-0.3612518,0
-2.2238612,-1.0774114,1.2400935,-0.61401689,-0.63541919,0.46821499,0
-0.24037743,2.0731537,-0.6558606,-0.78928709,0.49651021,-0.3612518,0
0.83956897,1.3276502,-2.0681281,-0.0029273182,-0.5913713,-0.80639404,0
0.23228419,2.3387694,-0.44744742,0.0029273182,0.5913713,0.80639404,0
-2.213377,-0.59227419,1.6142275,-0.61401689,-0.63541919,0.46821499,0
0.11083335,-1.5969431,-0.17292282,-0.0029273182,-0.5913713,-0.80639404,0
1.1931987,1.5417783,-2.037946,0.61401689,0.63541919,-0.46821499,0
1.8319937,0.16648428,0.55241179,0.78928709,-0.49651021,0.3612518,0
-0.64791638,0.50854397,0.67103618,0.0029273182,0.5913713,0.80639404,0
-2.5845492,-0.82446194,1.1009121,-0.61401689,-0.63541919,0.46821499,0
0.57824814,-1.4088206,-0.040304426,-0.0029273182,-0.5913713,-0.80639404,0
1.0555203,1.6299446,-1.6483912,0.61401689,0.63541919,-0.46821499,0
-2.1017208,0.15159816,0.35036302,-0.78928709,0.49651021,-0.3612518,0
-2.6891098,-0.53377402,0.82328224,-0.78928709,0.49651021,-0.3612518,0
-1.8383137,-2.1177208,0.31249738,-0.61401689,-0.63541919,0.46821499,0
-0.68531805,0.054076076,1.4391956,0.0029273182,0.5913713,0.80639404,0
-0.16404819,2.4074574,-0.96615827,-0.78928709,0.49651021,-0.3612518,0
-0.24484062,-2.5167069,1.1582355,0.78928709,-0.49651021,0.3612518,0
2.2093368,1.6231807,-0.40676355,0.61401689,0.63541919,-0.46821499,0
-0.25763446,-0.11267364,1.4607651,0.0029273182,0.5913713,0.80639404,0
-1.1481545,-2.4493237,0.43394732,-0.0029273182,-0.5913713,-0.80639404,0
-2.2972977,-0.32919967,1.4554253,-0.61401689,-0.63541919,0.46821499,0
-2.285399,-1.0319813,-0.14011431,-0.78928709,0.49651021,-0.3612518,0
-1.0307152,-0.36051559,1.5401018,0.0029273182,0.5913713,0.80639404,0
1.1598146,1.7558081,-1.2105639,0.61401689,0.63541919,-0.46821499,0
2.191426,1.464617,-0.73572683,0.61401689,0.63541919,-0.46821499,0
1.5748719,0.021844305,0.60574728,0.78928709,-0.49651021,0.3612518,0
-0.13817713,-0.46943271,-0.8310284,-0.0029273182,-0.5913713,-0.80639404,0
-0.21117401,2.0843735,-0.29898608,-0.78928709,0.49651021,-0.3612518,0
1.223404,1.4470837,-2.1125479,0.61401689,0.63541919,-0.46821499,0
1.875113,0.63405776,-1.6330161,0.61401689,0.63541919,-0.46821499,0
-0.3897624,1.8930403,-0.99492919,-0.78928709,0.49651021,-0.3612518,0
0.42110014,2.6851625,-1.0952169,0.61401689,0.63541919,-0.46821499,0
-1.750707,0.25909933,-0.17896008,-0.78928709,0.49651021,-0.3612518,0
1.3815222,2.0494599,-0.45855093,0.0029273182,0.5913713,0.80639404,0
2.7225878,1.0123932,0.039417028,0.78928709,-0.49651021,0.3612518,0
0.76711148,0.81724644,0.43399471,0.0029273182,0.5913713,0.80639404,0
2.2353523,1.8585163,-0.0083620548,0.61401689,0.63541919,-0.46821499,0
-2.1352978,-0.99488139,-0.45638275,-0.0029273182,-0.5913713,-0.80639404,0
-1.8529435,0.034218788,0.38724267,-0.78928709,0.49651021,-0.3612518,0
