1.0487927,-1.4393253,-0.45684767,0.70535773,-0.32143909,0.6317811,0
0.33535105,-2.9178944,-3.4080887,-0.70535773,0.32143909,-0.6317811,0
1.1683578,-3.5611551,-2.3165696,0.23311245,-0.73651338,-0.63498557,0
-1.3383852,3.8681293,2.3020873,-0.23311245,0.73651338,0.63498557,0
-2.310658,3.1099815,2.6092794,-0.23311245,0.73651338,0.63498557,0
0.37045637,3.0698328,2.6837313,0.66942441,0.59516799,-0.44457391,0
0.80024773,-0.7077117,-2.2579038,0.66942441,0.59516799,-0.44457391,0
-1.2217635,3.6513772,2.2151337,-0.23311245,0.73651338,0.63498557,0
-0.61311239,-1.2752523,-0.42676833,-0.66942441,-0.59516799,0.44457391,0
0.1430687,0.67242998,-1.0292045,0.66942441,0.59516799,-0.44457391,0
2.0194821,-2.3678722,-2.5603428,0.66942441,0.59516799,-0.44457391,0
0.94624752,0.45106554,0.14077286,0.66942441,0.59516799,-0.44457391,0
1.0231457,0.8198505,0.73297262,0.66942441,0.59516799,-0.44457391,0
0.64576048,-0.46975774,-2.2947392,0.66942441,0.59516799,-0.44457391,0
-0.30086803,3.1853313,1.8513397,0.66942441,0.59516799,-0.44457391,0
-1.9057388,3.1385884,2.9817612,-0.23311245,0.73651338,0.63498557,0
0.65220153,-2.6792397,-3.5075312,0.23311245,-0.73651338,-0.63498557,0
-0.65432751,3.0987334,0.72605813,0.66942441,0.59516799,-0.44457391,0
0.30342996,-3.3432622,-2.00105,-0.66942441,-0.59516799,0.44457391,0
-0.95455307,-0.2527872,0.4104912,-0.66942441,-0.59516799,0.44457391,0
0.12269825,3.5309138,2.910368,-0.23311245,0.73651338,0.63498557,0
-0.063266784,0.26376748,-1.5740571,-0.70535773,0.32143909,-0.6317811,0
0.90613997,1.3619034,0.63162655,0.66942441,0.59516799,-0.44457391,0
0.48136997,2.8464918,2.4803755,0.66942441,0.59516799,-0.44457391,0
0.14709049,-3.395793,-2.1144152,-0.66942441,-0.59516799,0.44457391,0
-0.35057867,1.0877426,-0.92888528,-0.70535773,0.32143909,-0.6317811,0
0.55590004,2.1599753,1.860106,0.66942441,0.59516799,-0.44457391,0
-1.3275888,1.1962173,0.79331344,-0.70535773,0.32143909,-0.6317811,0
1.3067276,-3.4076588,-2.5032227,0.23311245,-0.73651338,-0.63498557,0
1.4290962,-2.2856212,-0.92418134,0.70535773,-0.32143909,0.6317811,0
-0.57104653,1.8562829,-0.28606421,-0.70535773,0.32143909,-0.6317811,0
1.5034221,-2.4611151,-3.7107735,0.66942441,0.59516799,-0.44457391,0
0.88523424,-2.4845715,-0.81391978,0.70535773,-0.32143909,0.6317811,0
0.40125489,-3.7695284,-2.3967662,-0.66942441,-0.59516799,0.44457391,0
1.526621,-2.1601267,-2.8042922,0.66942441,0.59516799,-0.44457391,0
-0.52936053,0.40045607,2.4045022,-0.66942441,-0.59516799,0.44457391,0
2.084157,-3.1125784,-2.5184181,0.23311245,-0.73651338,-0.63498557,0
-0.53239828,-2.8535209,-2.7129936,-0.70535773,0.32143909,-0.6317811,0
-1.0917488,4.0102539,2.0989084,-0.23311245,0.73651338,0.63498557,0
-1.4445939,2.9613624,3.1973696,-0.23311245,0.73651338,0.63498557,0
0.44509554,1.2272798,0.36657599,0.66942441,0.59516799,-0.44457391,0
1.091275,0.54544485,-0.0050775856,0.66942441,0.59516799,-0.44457391,0
0.12700573,-2.028645,-2.5018637,-0.70535773,0.32143909,-0.6317811,0
0.58688152,1.2714318,1.3305621,0.70535773,-0.32143909,0.6317811,0
-1.3543663,-0.21420053,0.30639994,-0.66942441,-0.59516799,0.44457391,0
0.64222574,2.0499806,1.4551733,0.66942441,0.59516799,-0.44457391,0
0.29850882,2.4879441,1.3689163,0.66942441,0.59516799,-0.44457391,0
1.5672346,-2.8348262,-3.2381787,0.23311245,-0.73651338,-0.63498557,0
1.346228,-0.62273765,-1.2745119,0.66942441,0.59516799,-0.44457391,0
0.98186272,-3.2125833,-2.9195557,0.23311245,-0.73651338,-0.63498557,0
1.1352874,0.50357836,0.45333719,0.70535773,-0.32143909,0.6317811,0
0.44955182,1.7384642,1.6539717,0.70535773,-0.32143909,0.6317811,0
-0.32255086,2.2813628,3.0212011,0.70535773,-0.32143909,0.6317811,0
-1.1773767,2.1685109,3.316628,-0.66942441,-0.59516799,0.44457391,0
0.45185995,-3.586272,-2.7760158,0.23311245,-0.73651338,-0.63498557,0
-0.40765661,-1.0247526,-1.7174674,-0.70535773,0.32143909,-0.6317811,0
-1.1219691,4.1873975,1.6185325,-0.70535773,0.32143909,-0.6317811,0
-1.3801479,3.082659,2.7649095,-0.23311245,0.73651338,0.63498557,0
-1.3671577,2.4902344,3.2845788,-0.66942441,-0.59516799,0.44457391,0
-1.7433373,3.3482552,2.1393123,-0.70535773,0.32143909,-0.6317811,0
1.3372188,-2.3244686,-1.1518928,0.70535773,-0.32143909,0.6317811,0
-0.89547384,3.8727269,2.420259,-0.23311245,0.73651338,0.63498557,0
0.19068176,-3.4286871,-2.8049965,0.23311245,-0.73651338,-0.63498557,0
-0.85023004,3.0566177,3.0621533,-0.23311245,0.73651338,0.63498557,0
-0.53099781,1.6635098,-0.16261241,-0.70535773,0.32143909,-0.6317811,0
0.42117882,2.0745482,0.7390905,0.66942441,0.59516799,-0.44457391,0
0.018430948,2.0831833,2.3850498,0.70535773,-0.32143909,0.6317811,0
0.060244292,-0.8364985,0.99132347,-0.66942441,-0.59516799,0.44457391,0
-0.22643596,3.5014031,2.7476292,-0.23311245,0.73651338,0.63498557,0
0.060356855,-3.5919094,-2.884151,0.23311245,-0.73651338,-0.63498557,0
1.0715159,-4.2220011,-2.0758176,0.23311245,-0.73651338,-0.63498557,0
0.62722683,1.4296345,1.661931,0.70535773,-0.32143909,0.6317811,0
-1.1350662,2.9133971,1.1355965,-0.70535773,0.32143909,-0.6317811,0
-0.18656817,-0.5886631,-1.6819376,-0.70535773,0.32143909,-0.6317811,0
0.92570424,-3.6107748,-2.8452129,0.23311245,-0.73651338,-0.63498557,0
-0.19732064,-3.38585,-3.1885369,-0.70535773,0.32143909,-0.6317811,0
-0.17358059,-3.3150225,-3.0394974,0.23311245,-0.73651338,-0.63498557,0
-0.74080402,-0.094118476,1.3990594,-0.66942441,-0.59516799,0.44457391,0
1.8898785,-3.0679843,-2.6708055,0.23311245,-0.73651338,-0.63498557,0
0.36302945,-0.85289896,-2.5607853,-0.70535773,0.32143909,-0.6317811,0
0.60883296,-2.152555,-3.4628325,-0.70535773,0.32143909,-0.6317811,0
0.97726721,0.54571342,-0.2343525,0.66942441,0.59516799,-0.44457391,0
0.38518935,2.6208971,1.6784346,0.66942441,0.59516799,-0.44457391,0
0.61558527,-2.9856145,-3.1796072,0.23311245,-0.73651338,-0.63498557,0
0.78768855,1.8847849,1.6616675,0.66942441,0.59516799,-0.44457391,0
1.0149335,-3.534076,-2.6112499,0.23311245,-0.73651338,-0.63498557,0
1.6638509,-2.5136096,-1.5952296,0.70535773,-0.32143909,0.6317811,0
0.16655189,0.021801442,1.3654357,0.70535773,-0.32143909,0.6317811,0
0.89612961,-3.1862776,-3.0545163,0.23311245,-0.73651338,-0.63498557,0
-1.1949201,-0.1919665,0.059660316,-0.66942441,-0.59516799,0.44457391,0
-1.076129,-1.082882,-0.88433009,-0.66942441,-0.59516799,0.44457391,0
-0.20659196,3.9525168,2.4119043,-0.23311245,0.73651338,0.63498557,0
1.4849484,-2.9982395,-3.1781528,0.23311245,-0.73651338,-0.63498557,0
-1.3856626,0.16172892,0.64366913,-0.66942441,-0.59516799,0.44457391,0
-0.27040046,1.1418663,-0.99803817,-0.70535773,0.32143909,-0.6317811,0
0.52147192,-3.368392,-2.7750978,0.23311245,-0.73651338,-0.63498557,0
-0.67307514,-1.2143801,-1.4466603,-0.70535773,0.32143909,-0.6317811,0
-0.97518617,1.1524091,2.7249088,-0.66942441,-0.59516799,0.44457391,0
1.7959569,-2.3865495,-2.8375683,0.66942441,0.59516799,-0.44457391,0
0.096819043,-3.3984179,-2.9577794,0.23311245,-0.73651338,-0.63498557,0
1.002769,-3.9781399,-1.9433509,0.23311245,-0.73651338,-0.63498557,0
-1.509047,2.5509319,3.3837976,-0.23311245,0.73651338,0.63498557,0
1.312721,-2.5338368,-3.9527183,0.23311245,-0.73651338,-0.63498557,0
-0.58469522,1.6986184,-0.31870896,-0.70535773,0.32143909,-0.6317811,0
0.91326463,-1.1699404,0.044817507,0.70535773,-0.32143909,0.6317811,0
1.2599868,0.59701693,0.080475524,0.66942441,0.59516799,-0.44457391,0
0.080594659,-1.4919722,-0.062164098,-0.66942441,-0.59516799,0.44457391,0
0.18242437,1.2011448,2.0031636,0.70535773,-0.32143909,0.6317811,0
0.98123932,0.57121289,-0.29508805,0.66942441,0.59516799,-0.44457391,0
-1.3072263,3.5735288,2.5274639,-0.23311245,0.73651338,0.63498557,0
0.50033283,-0.90763748,0.81344771,0.70535773,-0.32143909,0.6317811,0
1.3504478,-4.2185707,-1.9189301,0.23311245,-0.73651338,-0.63498557,0
-0.49179229,-0.30889833,1.2388767,-0.66942441,-0.59516799,0.44457391,0
-1.3785416,4.0851164,1.917328,-0.70535773,0.32143909,-0.6317811,0
0.51794469,-3.9111025,-2.1569357,0.23311245,-0.73651338,-0.63498557,0
0.93173957,-4.0375848,-1.9256577,-0.66942441,-0.59516799,0.44457391,0
-1.4673508,1.1182878,0.57160705,-0.70535773,0.32143909,-0.6317811,0
0.52315879,1.7119163,1.6486609,0.70535773,-0.32143909,0.6317811,0
2.0330896,-3.0614316,-2.9380188,0.66942441,0.59516799,-0.44457391,0
0.049537644,0.6754995,1.701576,0.70535773,-0.32143909,0.6317811,0
-0.19808429,3.2653368,1.8666028,0.66942441,0.59516799,-0.44457391,0
0.10463315,2.6683412,1.8217578,0.66942441,0.59516799,-0.44457391,0
0.26319924,2.1458144,2.1267834,0.70535773,-0.32143909,0.6317811,0
0.74838769,-2.9467323,-3.2803359,0.23311245,-0.73651338,-0.63498557,0
0.55852509,-3.7161932,-1.5535986,-0.66942441,-0.59516799,0.44457391,0
-0.64746892,1.6112754,2.8228335,0.70535773,-0.32143909,0.6317811,0
-1.0124767,2.2874823,3.8308744,-0.23311245,0.73651338,0.63498557,0
0.37153822,2.2084641,2.2061105,0.70535773,-0.32143909,0.6317811,0
0.91400701,-2.5755563,-3.706326,0.23311245,-0.73651338,-0.63498557,0
1.1168339,-3.302825,-2.7681451,0.23311245,-0.73651338,-0.63498557,0
0.44496852,1.876884,2.1004543,0.70535773,-0.32143909,0.6317811,0
-1.6906705,2.8774619,3.0848789,-0.23311245,0.73651338,0.63498557,0
-1.5742872,3.140918,3.1692605,-0.23311245,0.73651338,0.63498557,0
0.90982378,-4.1532035,-2.0033603,-0.66942441,-0.59516799,0.44457391,0
-0.72145343,2.7576902,0.64173555,-0.70535773,0.32143909,-0.6317811,0
1.3225775,-3.5166593,-1.3924994,0.70535773,-0.32143909,0.6317811,0
0.1517289,-1.8266776,-2.9637702,-0.70535773,0.32143909,-0.6317811,0
1.3435519,-0.99804634,-1.5489821,0.66942441,0.59516799,-0.44457391,0
-0.74991131,1.6729532,3.3538723,0.70535773,-0.32143909,0.6317811,0
-0.66381776,-0.28181836,-0.88119775,-0.70535773,0.32143909,-0.6317811,0
-1.0147563,2.5612867,3.766468,0.70535773,-0.32143909,0.6317811,0
-1.2313527,-0.94237214,-0.58384061,-0.66942441,-0.59516799,0.44457391,0
-0.78995728,3.1581359,2.8581564,-0.23311245,0.73651338,0.63498557,0
-1.0877726,2.59447,3.6948814,-0.23311245,0.73651338,0.63498557,0
0.064524651,-3.9506814,-2.5822544,-0.66942441,-0.59516799,0.44457391,0
0.91839683,-2.9923322,-0.73829162,0.70535773,-0.32143909,0.6317811,0
-1.0478767,-0.86802471,-0.15579924,-0.66942441,-0.59516799,0.44457391,0
0.48707557,-2.2143841,-0.068461716,0.70535773,-0.32143909,0.6317811,0
0.77431339,0.77957535,-0.21681722,0.66942441,0.59516799,-0.44457391,0
-1.1970949,0.46083856,-0.19761622,-0.70535773,0.32143909,-0.6317811,0
-0.36614177,0.96795964,2.4339931,0.70535773,-0.32143909,0.6317811,0
1.6326021,-1.8897902,-2.4642148,0.66942441,0.59516799,-0.44457391,0
-1.3428149,3.0409689,3.1413765,-0.23311245,0.73651338,0.63498557,0
0.79969537,-3.7487383,-2.217329,0.23311245,-0.73651338,-0.63498557,0
0.29945609,-1.7087586,-2.5294895,-0.70535773,0.32143909,-0.6317811,0
-1.8932631,1.371845,1.1249264,-0.70535773,0.32143909,-0.6317811,0
-1.5512282,3.3292265,2.4182024,-0.23311245,0.73651338,0.63498557,0
-0.54553604,2.480782,0.48816097,0.66942441,0.59516799,-0.44457391,0
-0.29302055,1.3150815,-0.3509796,-0.70535773,0.32143909,-0.6317811,0
0.60694695,1.1882302,0.3054927,0.66942441,0.59516799,-0.44457391,0
1.315564,0.0075067282,-0.10892555,0.66942441,0.59516799,-0.44457391,0
0.32369471,-2.3323963,-3.1871996,-0.70535773,0.32143909,-0.6317811,0
1.5496334,-3.4973052,-2.265162,0.23311245,-0.73651338,-0.63498557,0
-0.84605765,2.3553114,0.72338307,-0.70535773,0.32143909,-0.6317811,0
0.37816602,0.5438447,-0.72518951,0.66942441,0.59516799,-0.44457391,0
1.8707373,-2.9036281,-3.194891,0.23311245,-0.73651338,-0.63498557,0
0.019045353,3.1083901,2.2273054,0.66942441,0.59516799,-0.44457391,0
0.67151725,-3.7080107,-2.1391797,-0.66942441,-0.59516799,0.44457391,0
-0.25487939,1.3305434,2.7131057,0.70535773,-0.32143909,0.6317811,0
-1.1632617,0.81004131,1.9984233,-0.66942441,-0.59516799,0.44457391,0
0.76365268,1.4071195,1.1885881,0.66942441,0.59516799,-0.44457391,0
-1.9428796,3.2554164,2.5684814,-0.23311245,0.73651338,0.63498557,0
0.56995875,-1.4257249,-3.0446692,0.66942441,0.59516799,-0.44457391,0
-0.77760077,-2.0370743,-1.2013258,-0.66942441,-0.59516799,0.44457391,0
-0.30706471,3.7913926,2.807992,-0.23311245,0.73651338,0.63498557,0
1.8609059,-3.1354229,-2.6146648,0.23311245,-0.73651338,-0.63498557,0
-0.69218802,3.4338923,1.5173113,0.66942441,0.59516799,-0.44457391,0
1.2215571,-1.543801,-0.59921169,0.70535773,-0.32143909,0.6317811,0
1.011255,-2.8216319,-3.2823558,0.23311245,-0.73651338,-0.63498557,0
0.13842015,0.43690163,-1.2705481,-0.70535773,0.32143909,-0.6317811,0
1.6630617,-1.8752508,-1.2629964,0.70535773,-0.32143909,0.6317811,0
-0.61612964,-1.5718508,-1.9468913,-0.70535773,0.32143909,-0.6317811,0
0.30811566,-2.6874857,-3.1728468,-0.70535773,0.32143909,-0.6317811,0
0.52023995,-3.9506996,-2.3562367,0.23311245,-0.73651338,-0.63498557,0
0.6628865,-3.2817214,-2.8651009,0.23311245,-0.73651338,-0.63498557,0
0.20691657,-0.95119816,0.9957794,0.70535773,-0.32143909,0.6317811,0
-0.70256954,3.5078816,2.9200141,-0.23311245,0.73651338,0.63498557,0
-1.7297437,3.0876191,2.5977859,-0.23311245,0.73651338,0.63498557,0
-1.5072631,0.0089178383,0.39999145,-0.66942441,-0.59516799,0.44457391,0
1.2676529,-3.5117078,-2.454113,0.23311245,-0.73651338,-0.63498557,0
-1.3012896,0.68358046,1.5669845,-0.66942441,-0.59516799,0.44457391,0
-1.0749319,1.8213637,3.5068936,-0.66942441,-0.59516799,0.44457391,0
-0.091416836,2.4816785,2.9257498,0.70535773,-0.32143909,0.6317811,0
-0.47031379,3.7254908,2.8531923,-0.23311245,0.73651338,0.63498557,0
-1.4663812,0.80733508,1.0364285,-0.66942441,-0.59516799,0.44457391,0
0.075668693,3.0748262,3.1898913,0.70535773,-0.32143909,0.6317811,0
-1.699178,2.7591693,2.9696839,-0.23311245,0.73651338,0.63498557,0
-1.5156673,0.74353176,0.87403488,-0.66942441,-0.59516799,0.44457391,0
-0.29321295,1.6082625,-0.27984092,0.66942441,0.59516799,-0.44457391,0
-1.9858052,3.0206885,2.956239,-0.23311245,0.73651338,0.63498557,0
0.82330179,-3.3824501,-2.6622071,0.23311245,-0.73651338,-0.63498557,0
-0.35863143,-2.1605191,-2.3566678,-0.70535773,0.32143909,-0.6317811,0
1.5277274,-2.4777949,-1.6613016,0.70535773,-0.32143909,0.6317811,0
-0.42388943,1.5500416,2.8753636,0.70535773,-0.32143909,0.6317811,0
0.95593381,-0.49064282,-1.9137297,0.66942441,0.59516799,-0.44457391,0
-0.71446371,-1.2379,-0.52198458,-0.66942441,-0.59516799,0.44457391,0
-0.76381826,1.0079288,2.6428232,-0.66942441,-0.59516799,0.44457391,0
0.11794364,-1.933115,-0.39649755,-0.66942441,-0.59516799,0.44457391,0
0.74508929,0.19311798,0.6723724,0.70535773,-0.32143909,0.6317811,0
0.17830297,-1.9614798,-2.7299938,-0.70535773,0.32143909,-0.6317811,0
-0.75746584,-0.27266082,-0.69218683,-0.70535773,0.32143909,-0.6317811,0
-1.0375553,3.954077,1.9033774,-0.23311245,0.73651338,0.63498557,0
-0.53919196,3.3119469,1.1004211,0.66942441,0.59516799,-0.44457391,0
0.41362423,-0.2994372,-1.9231799,0.66942441,0.59516799,-0.44457391,0
-1.3110924,2.8398886,3.2262797,-0.23311245,0.73651338,0.63498557,0
-0.63480347,0.056111753,1.4031818,-0.66942441,-0.59516799,0.44457391,0
0.91087502,0.77100343,0.56040615,0.66942441,0.59516799,-0.44457391,0
-1.2362586,-0.88427687,-0.61988258,-0.70535773,0.32143909,-0.6317811,0
1.5254072,-3.4790745,-2.3162642,0.23311245,-0.73651338,-0.63498557,0
-0.68580377,2.9604418,3.535053,-0.23311245,0.73651338,0.63498557,0
-1.6834776,3.3051648,2.8527341,-0.23311245,0.73651338,0.63498557,0
-0.67040747,3.4863415,2.9613495,-0.23311245,0.73651338,0.63498557,0
-0.22823244,3.2894909,2.9015613,-0.23311245,0.73651338,0.63498557,0
1.6815739,-2.8962708,-2.8622668,0.23311245,-0.73651338,-0.63498557,0
1.1400342,-2.6614079,-3.3429775,0.23311245,-0.73651338,-0.63498557,0
-1.7332203,2.9997265,2.7849364,-0.23311245,0.73651338,0.63498557,0
-0.87363672,3.830487,2.0659819,-0.23311245,0.73651338,0.63498557,0
-2.4846482,3.1295266,2.494437,-0.70535773,0.32143909,-0.6317811,0
1.3578883,-1.9693733,-3.2797527,0.66942441,0.59516799,-0.44457391,0
-0.70274484,-0.35394681,-0.83600056,-0.70535773,0.32143909,-0.6317811,0
0.7425791,-3.2515633,-1.2464662,-0.66942441,-0.59516799,0.44457391,0
0.12372769,1.8960192,2.6506305,0.70535773,-0.32143909,0.6317811,0
-0.76960689,0.20571502,-0.32053393,-0.70535773,0.32143909,-0.6317811,0
-0.36651754,3.9857569,2.5136008,0.66942441,0.59516799,-0.44457391,0
0.55362421,-3.4126143,-2.8436322,0.23311245,-0.73651338,-0.63498557,0
-0.80819494,3.0871301,3.0524535,-0.23311245,0.73651338,0.63498557,0
-0.012058377,2.9524796,1.7511967,0.66942441,0.59516799,-0.44457391,0
0.8049807,-0.32545167,-1.3566293,0.66942441,0.59516799,-0.44457391,0
1.3392471,-0.8421241,-1.1904756,0.66942441,0.59516799,-0.44457391,0
-0.8564533,-2.0710204,-1.669018,-0.70535773,0.32143909,-0.6317811,0
1.054855,-1.6667553,-2.8132267,0.66942441,0.59516799,-0.44457391,0
1.0499436,-2.4219306,-0.69214189,0.70535773,-0.32143909,0.6317811,0
0.84121382,-4.0840988,-2.0937552,0.23311245,-0.73651338,-0.63498557,0
1.368789,-1.2387841,-2.0905209,0.66942441,0.59516799,-0.44457391,0
-0.41560084,1.3135885,-0.67756927,-0.70535773,0.32143909,-0.6317811,0
1.7496259,-2.9528401,-3.1011057,0.23311245,-0.73651338,-0.63498557,0
0.61090165,-2.8880739,-3.5496538,0.23311245,-0.73651338,-0.63498557,0
0.58244973,-3.3670473,-2.801451,0.23311245,-0.73651338,-0.63498557,0
0.60028428,-0.2852194,-1.5294976,0.66942441,0.59516799,-0.44457391,0
0.087122679,-3.7420325,-2.7210789,0.23311245,-0.73651338,-0.63498557,0
1.0278071,-4.137547,-2.0615964,0.23311245,-0.73651338,-0.63498557,0
0.17573236,-0.72306681,-2.085505,-0.70535773,0.32143909,-0.6317811,0
-0.50453079,-0.59667826,0.40966582,-0.66942441,-0.59516799,0.44457391,0
0.43005979,-3.8516324,-2.5401158,0.23311245,-0.73651338,-0.63498557,0
0.9703871,0.4614374,0.86028928,0.70535773,-0.32143909,0.6317811,0
1.0025455,-3.1269546,-3.2622848,0.23311245,-0.73651338,-0.63498557,0
-2.1673958,3.0638409,2.6996634,-0.23311245,0.73651338,0.63498557,0
0.34448642,-2.7034802,-3.4283326,-0.70535773,0.32143909,-0.6317811,0
-1.798195,3.3795068,2.5893528,-0.23311245,0.73651338,0.63498557,0
-0.79254711,-1.5968072,-0.6455214,-0.66942441,-0.59516799,0.44457391,0
0.5678488,-1.2337596,0.56934285,0.70535773,-0.32143909,0.6317811,0
1.4347718,0.079449415,-0.1798788,0.70535773,-0.32143909,0.6317811,0
0.28238297,2.2083454,1.5244009,0.66942441,0.59516799,-0.44457391,0
-1.8044698,2.7065034,2.995229,-0.66942441,-0.59516799,0.44457391,0
-1.6904397,2.6799097,3.1173296,-0.66942441,-0.59516799,0.44457391,0
-0.99216437,2.840251,3.5186682,-0.23311245,0.73651338,0.63498557,0
0.71893537,1.1084698,0.71798283,0.66942441,0.59516799,-0.44457391,0
1.5280507,-2.0142114,-2.4762292,0.66942441,0.59516799,-0.44457391,0
-0.2657384,0.67539775,-0.75590432,-0.70535773,0.32143909,-0.6317811,0
-0.28196424,3.169271,3.1823726,-0.23311245,0.73651338,0.63498557,0
0.58553654,-3.5377262,-2.5091047,0.23311245,-0.73651338,-0.63498557,0
-0.033444345,2.6213269,1.1870335,0.66942441,0.59516799,-0.44457391,0
-0.29270712,-0.49122539,0.88626564,-0.66942441,-0.59516799,0.44457391,0
-0.86108053,1.0543836,-0.32588863,-0.70535773,0.32143909,-0.6317811,0
0.74892354,-2.3105793,-3.3236456,-0.70535773,0.32143909,-0.6317811,0
0.66518354,-3.7205276,-2.284112,0.23311245,-0.73651338,-0.63498557,0
0.36801559,-3.4589598,-2.7589421,0.23311245,-0.73651338,-0.63498557,0
0.66266072,0.14250189,0.87753403,0.70535773,-0.32143909,0.6317811,0
-1.5352187,2.4907889,3.1758602,-0.66942441,-0.59516799,0.44457391,0
1.7972407,-1.2993493,-1.6018285,0.66942441,0.59516799,-0.44457391,0
1.0148126,-1.7671361,-3.0642974,0.66942441,0.59516799,-0.44457391,0
1.664463,-2.9734101,-2.751183,0.23311245,-0.73651338,-0.63498557,0
-0.24255052,0.080783606,-1.3058256,-0.70535773,0.32143909,-0.6317811,0
0.10598503,1.6113625,2.4582531,0.70535773,-0.32143909,0.6317811,0
-1.4753089,3.1138799,2.7413797,-0.23311245,0.73651338,0.63498557,0
0.035947442,-3.3200543,-3.0624602,0.23311245,-0.73651338,-0.63498557,0
-0.32933068,-0.76065004,1.1358709,-0.66942441,-0.59516799,0.44457391,0
-0.91227055,2.6132665,3.6636076,-0.23311245,0.73651338,0.63498557,0
-1.8155316,2.3301055,2.2227552,-0.66942441,-0.59516799,0.44457391,0
-0.17844421,1.6474502,-0.32072175,0.66942441,0.59516799,-0.44457391,0
0.58779979,-3.6640553,-2.7113967,0.23311245,-0.73651338,-0.63498557,0
1.3144116,-1.2145599,-0.7979486,0.70535773,-0.32143909,0.6317811,0
1.2844782,-1.4130056,-0.50103015,0.70535773,-0.32143909,0.6317811,0
-0.072033167,3.561146,3.1380334,-0.23311245,0.73651338,0.63498557,0
-1.8372805,2.4733932,2.7629278,-0.66942441,-0.59516799,0.44457391,0
-1.3043263,4.0781727,1.712837,-0.23311245,0.73651338,0.63498557,0
-0.60952306,3.6825833,1.9545057,0.66942441,0.59516799,-0.44457391,0
-0.95619416,2.9963582,3.2481217,-0.23311245,0.73651338,0.63498557,0
0.72766399,-1.8642527,-0.47894049,0.70535773,-0.32143909,0.6317811,0
-1.5196487,2.6712956,1.6642811,-0.70535773,0.32143909,-0.6317811,0
0.33462262,-3.300071,-3.3453698,0.23311245,-0.73651338,-0.63498557,0
1.2322813,-3.472826,-2.4749706,0.23311245,-0.73651338,-0.63498557,0
-0.43812945,0.052435189,-1.1571773,-0.70535773,0.32143909,-0.6317811,0
-0.21003622,-3.2323344,-2.2459021,-0.66942441,-0.59516799,0.44457391,0
-0.16105288,1.3684217,2.5379641,0.70535773,-0.32143909,0.6317811,0
0.79342097,-2.1393566,-0.4195618,0.70535773,-0.32143909,0.6317811,0
1.0422941,-3.392179,-2.5507431,0.23311245,-0.73651338,-0.63498557,0
1.5957515,-3.5030885,-2.3117743,0.23311245,-0.73651338,-0.63498557,0
-2.3708742,2.9184132,2.7340956,-0.23311245,0.73651338,0.63498557,0
-1.4629532,0.087869734,-0.10772219,-0.70535773,0.32143909,-0.6317811,0
1.6516459,-3.3028619,-2.8790376,0.23311245,-0.73651338,-0.63498557,0
0.40214187,2.3948462,2.3004365,0.70535773,-0.32143909,0.6317811,0
0.40051311,1.5292876,2.1083956,0.70535773,-0.32143909,0.6317811,0
0.087444812,-1.0454202,-2.2010598,-0.70535773,0.32143909,-0.6317811,0
-1.6676704,3.5521948,2.1798849,-0.23311245,0.73651338,0.63498557,0
1.6030514,-3.084342,-3.1947834,0.23311245,-0.73651338,-0.63498557,0
-0.99907517,3.9708002,2.2118888,-0.23311245,0.73651338,0.63498557,0
1.1220962,-3.6629145,-2.1280501,0.23311245,-0.73651338,-0.63498557,0
-1.3314496,0.54905665,0.80964983,-0.66942441,-0.59516799,0.44457391,0
1.2130203,-0.96751672,-0.11034662,0.70535773,-0.32143909,0.6317811,0
0.83421886,-3.5065787,-1.269313,-0.66942441,-0.59516799,0.44457391,0
-0.54889792,-0.73622924,-1.1648643,-0.70535773,0.32143909,-0.6317811,0
0.38153535,1.8525883,2.2036643,0.70535773,-0.32143909,0.6317811,0
-1.1297084,3.6925857,2.277071,-0.23311245,0.73651338,0.63498557,0
-0.51656854,3.4580445,1.3128008,0.66942441,0.59516799,-0.44457391,0
0.76299524,1.7354344,1.0714092,0.66942441,0.59516799,-0.44457391,0
-1.1667011,2.0927839,0.62004274,-0.70535773,0.32143909,-0.6317811,0
-0.48541248,2.9337015,3.4075632,-0.23311245,0.73651338,0.63498557,0
-0.22155505,1.6308222,-0.32980001,0.66942441,0.59516799,-0.44457391,0
-1.7253765,0.26114538,0.43433994,-0.66942441,-0.59516799,0.44457391,0
0.10110515,-2.5682762,-0.87412679,-0.66942441,-0.59516799,0.44457391,0
0.66917092,-3.0763865,-3.0269217,0.23311245,-0.73651338,-0.63498557,0
-0.60927624,3.4963331,2.6374912,-0.23311245,0.73651338,0.63498557,0
-1.262973,-1.1213765,-0.82473791,-0.66942441,-0.59516799,0.44457391,0
1.4997206,-2.739023,-3.1436648,0.23311245,-0.73651338,-0.63498557,0
-0.40568936,3.08339,3.5330024,-0.23311245,0.73651338,0.63498557,0
0.012444198,3.7320638,2.7168794,-0.23311245,0.73651338,0.63498557,0
1.4232856,-2.226434,-3.0503612,0.66942441,0.59516799,-0.44457391,0
0.61839974,1.826583,1.5594161,0.66942441,0.59516799,-0.44457391,0
1.0556052,-0.12259611,-1.1265175,0.66942441,0.59516799,-0.44457391,0
-0.037144721,-3.0555267,-1.722277,-0.66942441,-0.59516799,0.44457391,0
-1.8357235,0.65934056,0.61097473,-0.66942441,-0.59516799,0.44457391,0
0.95898557,-3.2480831,-3.2200274,0.23311245,-0.73651338,-0.63498557,0
0.10247678,-3.2946236,-3.0742648,-0.70535773,0.32143909,-0.6317811,0
-0.5162378,0.49162704,1.7747602,-0.66942441,-0.59516799,0.44457391,0
0.00074285269,3.0380406,3.1596272,0.70535773,-0.32143909,0.6317811,0
0.55422729,-1.8918532,-0.29259241,0.70535773,-0.32143909,0.6317811,0
0.53417045,2.2745068,2.4495616,0.70535773,-0.32143909,0.6317811,0
-1.3085051,3.0843868,3.2597253,-0.23311245,0.73651338,0.63498557,0
-1.0884005,1.7626334,0.74520516,-0.70535773,0.32143909,-0.6317811,0
0.36084974,0.19819403,-1.5971785,0.66942441,0.59516799,-0.44457391,0
-0.32542306,0.41719157,2.4318368,0.70535773,-0.32143909,0.6317811,0
-1.6013713,1.8908129,2.4424906,-0.66942441,-0.59516799,0.44457391,0
-1.5267291,2.3060403,2.9356031,-0.66942441,-0.59516799,0.44457391,0
-1.3905921,2.6851711,3.5879164,-0.23311245,0.73651338,0.63498557,0
0.51811028,2.4319401,1.9572642,0.66942441,0.59516799,-0.44457391,0
-0.17457515,1.3353221,-0.75488365,-0.70535773,0.32143909,-0.6317811,0
-0.042597681,-2.588856,-2.9455214,-0.70535773,0.32143909,-0.6317811,0
1.1629791,-4.1378474,-1.7772772,0.70535773,-0.32143909,0.6317811,0
0.23719144,-1.7138481,0.21609409,0.70535773,-0.32143909,0.6317811,0
-1.0071193,3.9398608,1.7614536,0.66942441,0.59516799,-0.44457391,0
1.3174038,-4.0913548,-2.1150026,0.23311245,-0.73651338,-0.63498557,0
-0.14366856,-1.4698143,0.36575532,-0.66942441,-0.59516799,0.44457391,0
1.955431,-2.4377778,-1.561512,0.70535773,-0.32143909,0.6317811,0
1.6699717,-3.0864224,-3.1679535,0.23311245,-0.73651338,-0.63498557,0
0.1318596,-2.5600262,-2.7563403,-0.70535773,0.32143909,-0.6317811,0
0.83335268,-2.4477003,-0.62179023,0.70535773,-0.32143909,0.6317811,0
-0.41191456,-1.2583683,-0.3251127,-0.66942441,-0.59516799,0.44457391,0
-0.074698597,-1.592399,-0.15738434,-0.66942441,-0.59516799,0.44457391,0
0.90289211,-2.5217509,-0.54018927,0.70535773,-0.32143909,0.6317811,0
-0.78914499,-1.742546,-0.88646436,-0.66942441,-0.59516799,0.44457391,0
-0.066616595,2.4210637,0.66234487,0.66942441,0.59516799,-0.44457391,0
-0.24314104,-2.5164249,-2.6336789,-0.70535773,0.32143909,-0.6317811,0
0.14807335,1.5761261,0.041876793,0.66942441,0.59516799,-0.44457391,0
-1.1388795,3.4217007,2.8470981,-0.23311245,0.73651338,0.63498557,0
-1.3214996,4.041678,2.1915665,-0.23311245,0.73651338,0.63498557,0
-0.39522684,-1.9714656,-1.2118441,-0.66942441,-0.59516799,0.44457391,0
-0.98335969,2.8410292,3.4745717,-0.23311245,0.73651338,0.63498557,0
-0.44335032,3.4684811,1.6795245,0.66942441,0.59516799,-0.44457391,0
-1.2459805,2.3153551,3.1328864,-0.66942441,-0.59516799,0.44457391,0
0.36059022,-0.45023829,-2.2397919,-0.70535773,0.32143909,-0.6317811,0
0.43933541,0.12927334,1.248279,0.70535773,-0.32143909,0.6317811,0
1.3733984,-2.914221,-1.1577542,0.70535773,-0.32143909,0.6317811,0
-1.54576,0.16874343,0.51330316,-0.66942441,-0.59516799,0.44457391,0
0.031715751,1.2485373,2.3966436,0.70535773,-0.32143909,0.6317811,0
-0.52671367,-0.045557976,1.5696142,-0.66942441,-0.59516799,0.44457391,0
-0.29502136,-0.18691725,-1.4917507,-0.70535773,0.32143909,-0.6317811,0
0.019206285,3.1934977,3.3193865,-0.23311245,0.73651338,0.63498557,0
0.73957336,0.67751628,-0.54267043,0.66942441,0.59516799,-0.44457391,0
-1.268564,2.3950539,3.4830382,-0.66942441,-0.59516799,0.44457391,0
0.63638234,-3.3838658,-1.7525688,-0.66942441,-0.59516799,0.44457391,0
0.49097705,-3.2434785,-1.7417604,-0.66942441,-0.59516799,0.44457391,0
-0.57133776,-0.09170568,-1.0534631,-0.70535773,0.32143909,-0.6317811,0
-0.8374306,3.6819026,2.5967507,-0.23311245,0.73651338,0.63498557,0
0.66437244,-1.421767,0.34474748,0.70535773,-0.32143909,0.6317811,0
-1.4815471,0.29633355,0.024333,-0.70535773,0.32143909,-0.6317811,0
-0.40996474,-2.1886342,-2.1229429,-0.70535773,0.32143909,-0.6317811,0
0.23721993,1.7904918,0.26444793,0.66942441,0.59516799,-0.44457391,0
-0.44679859,0.36178267,-0.75692588,-0.70535773,0.32143909,-0.6317811,0
-1.0757817,1.7696664,2.9322824,-0.66942441,-0.59516799,0.44457391,0
-0.33180964,3.9078822,2.7441807,-0.23311245,0.73651338,0.63498557,0
-0.023619294,-2.8928716,-1.3224299,-0.66942441,-0.59516799,0.44457391,0
-0.097514033,-2.3214171,-2.4717653,-0.70535773,0.32143909,-0.6317811,0
1.1296104,-0.39575875,-0.025517792,0.70535773,-0.32143909,0.6317811,0
0.93492866,-2.5416965,-3.6949255,-0.70535773,0.32143909,-0.6317811,0
-0.44706875,-2.2012455,-1.3823144,-0.66942441,-0.59516799,0.44457391,0
-1.1315235,-0.10438883,0.6109612,-0.66942441,-0.59516799,0.44457391,0
-0.50476897,2.4674397,3.3788877,0.70535773,-0.32143909,0.6317811,0
-0.2882058,2.8267655,3.4087169,-0.23311245,0.73651338,0.63498557,0
-0.72881389,1.891362,3.0993028,0.70535773,-0.32143909,0.6317811,0
-1.0512015,1.9895732,0.86808586,-0.70535773,0.32143909,-0.6317811,0
1.0120373,-3.2411115,-2.7420526,0.23311245,-0.73651338,-0.63498557,0
-0.15620387,-2.3068056,-1.4231359,-0.66942441,-0.59516799,0.44457391,0
0.35782635,-3.4138169,-2.9442973,0.23311245,-0.73651338,-0.63498557,0
-0.60924208,2.8553023,0.91271853,0.66942441,0.59516799,-0.44457391,0
-0.37633908,3.1376185,3.3527126,-0.23311245,0.73651338,0.63498557,0
2.0895948,-2.9521012,-2.2250948,0.70535773,-0.32143909,0.6317811,0
-0.55357915,3.3438013,2.9776053,-0.23311245,0.73651338,0.63498557,0
1.7576122,-3.258918,-2.5140686,0.23311245,-0.73651338,-0.63498557,0
-0.68773115,1.3079911,3.0414007,-0.66942441,-0.59516799,0.44457391,0
-2.1121511,3.1844261,2.1372886,-0.70535773,0.32143909,-0.6317811,0
0.023170739,-0.46042061,1.4646415,0.70535773,-0.32143909,0.6317811,0
0.89823377,1.5510616,1.3291467,0.70535773,-0.32143909,0.6317811,0
-0.44722682,-0.61947715,0.39488238,-0.66942441,-0.59516799,0.44457391,0
-0.20552945,3.4954436,2.8032436,-0.23311245,0.73651338,0.63498557,0
-1.6014597,0.39632303,0.62198645,-0.66942441,-0.59516799,0.44457391,0
0.85639465,1.6030791,1.0931525,0.66942441,0.59516799,-0.44457391,0
-1.4439566,3.2172828,3.0026965,-0.23311245,0.73651338,0.63498557,0
-0.0016498566,-0.52460051,-1.965637,-0.70535773,0.32143909,-0.6317811,0
0.69939601,-3.8280797,-2.3439972,0.23311245,-0.73651338,-0.63498557,0
-0.14160503,0.62099802,2.309319,0.70535773,-0.32143909,0.6317811,0
-0.15461296,2.7633471,0.87706965,0.66942441,0.59516799,-0.44457391,0
-0.1056326,3.196368,1.7025622,0.66942441,0.59516799,-0.44457391,0
-0.74590272,3.5682006,2.9729242,-0.23311245,0.73651338,0.63498557,0
-1.6821507,3.8090999,2.105355,-0.23311245,0.73651338,0.63498557,0
-1.4560263,1.5623168,0.77323174,-0.70535773,0.32143909,-0.6317811,0
1.1943587,-3.7156906,-2.4622331,0.23311245,-0.73651338,-0.63498557,0
-1.0789771,0.88216281,1.9270685,-0.66942441,-0.59516799,0.44457391,0
-0.94202459,2.2836883,3.6444774,-0.66942441,-0.59516799,0.44457391,0
0.55912161,2.5565262,2.2027376,0.70535773,-0.32143909,0.6317811,0
1.4258502,-1.8563298,-0.80493951,0.70535773,-0.32143909,0.6317811,0
0.8384167,-0.48870546,-1.6521864,0.66942441,0.59516799,-0.44457391,0
0.94694257,-2.3471546,-3.8828654,0.66942441,0.59516799,-0.44457391,0
1.3043692,-1.8760107,-0.71146977,0.70535773,-0.32143909,0.6317811,0
-0.87993228,2.0073063,3.469048,0.70535773,-0.32143909,0.6317811,0
-1.036657,0.0016729236,0.97542751,-0.66942441,-0.59516799,0.44457391,0
0.83022511,-3.7248139,-1.365077,0.70535773,-0.32143909,0.6317811,0
-0.41024053,2.9710083,3.1864409,-0.23311245,0.73651338,0.63498557,0
0.95665723,0.86910337,0.88303697,0.70535773,-0.32143909,0.6317811,0
-2.3447962,2.719451,2.3239417,-0.70535773,0.32143909,-0.6317811,0
-1.3425601,2.4424906,1.3739706,-0.70535773,0.32143909,-0.6317811,0
-0.43642589,-3.3474739,-2.7177572,-0.66942441,-0.59516799,0.44457391,0
0.83842736,-1.3136522,-2.9586046,0.66942441,0.59516799,-0.44457391,0
1.6799042,-1.6949273,-1.7378668,0.66942441,0.59516799,-0.44457391,0
0.16717382,1.5101246,2.0077763,0.70535773,-0.32143909,0.6317811,0
-1.5432975,0.82110947,1.385076,-0.66942441,-0.59516799,0.44457391,0
0.34999174,1.1591002,1.8432287,0.70535773,-0.32143909,0.6317811,0
1.219781,-3.3255906,-1.7258153,0.70535773,-0.32143909,0.6317811,0
-0.43037218,1.8184896,-0.11690968,-0.70535773,0.32143909,-0.6317811,0
-0.54516578,0.74120837,-0.84246188,-0.70535773,0.32143909,-0.6317811,0
0.12477639,2.3808212,1.5196671,0.66942441,0.59516799,-0.44457391,0
-0.63256687,-0.70466959,0.62056571,-0.66942441,-0.59516799,0.44457391,0
-2.1981592,2.8849089,2.7562051,-0.23311245,0.73651338,0.63498557,0
-1.2406708,2.7204013,3.4868383,-0.23311245,0.73651338,0.63498557,0
1.5405581,-2.5354679,-1.5460458,0.70535773,-0.32143909,0.6317811,0
-0.18586957,3.3027179,3.2996304,-0.23311245,0.73651338,0.63498557,0
0.033106424,-1.0503845,-1.8429511,-0.70535773,0.32143909,-0.6317811,0
-0.96057844,0.42515048,1.0333405,-0.66942441,-0.59516799,0.44457391,0
-1.307089,-0.47862136,-0.020006835,-0.66942441,-0.59516799,0.44457391,0
0.34834951,-2.2526155,-0.0012352467,-0.66942441,-0.59516799,0.44457391,0
-1.1132483,4.1735754,1.9938408,-0.23311245,0.73651338,0.63498557,0
0.222857,-3.5427275,-3.0874112,0.23311245,-0.73651338,-0.63498557,0
-0.40602857,3.162513,3.2328916,-0.23311245,0.73651338,0.63498557,0
-0.63478965,3.4868331,2.9643724,-0.23311245,0.73651338,0.63498557,0
-1.2357358,1.2650189,0.68994284,-0.70535773,0.32143909,-0.6317811,0
-0.95185053,4.1722407,1.9922106,-0.23311245,0.73651338,0.63498557,0
-0.97534704,1.1873436,2.6379585,-0.66942441,-0.59516799,0.44457391,0
-0.45474809,1.6853728,2.9684188,0.70535773,-0.32143909,0.6317811,0
1.0281143,-3.8743107,-1.4745001,0.70535773,-0.32143909,0.6317811,0
0.59446144,-3.8226438,-2.5496526,0.23311245,-0.73651338,-0.63498557,0
-0.65914172,-1.2411007,-0.064517647,-0.66942441,-0.59516799,0.44457391,0
0.33043087,1.2915242,1.7794919,0.70535773,-0.32143909,0.6317811,0
0.25464356,-3.5467658,-2.7128797,0.23311245,-0.73651338,-0.63498557,0
0.41136897,2.7201331,2.6514335,0.70535773,-0.32143909,0.6317811,0
-0.14921883,0.64918584,-1.0174224,-0.70535773,0.32143909,-0.6317811,0
1.1920172,-3.5405431,-2.5356822,0.23311245,-0.73651338,-0.63498557,0
-1.9422299,3.0575638,2.8423796,-0.23311245,0.73651338,0.63498557,0
-1.0730573,3.1824529,1.5146869,-0.70535773,0.32143909,-0.6317811,0
-0.46180016,3.1874056,2.9695292,-0.23311245,0.73651338,0.63498557,0
-0.75165021,1.8372732,3.5206051,-0.66942441,-0.59516799,0.44457391,0
-0.52177751,-0.07258904,-1.1057156,-0.70535773,0.32143909,-0.6317811,0
-2.3374233,3.1985571,2.6169472,-0.23311245,0.73651338,0.63498557,0
1.4020894,0.30163881,0.13377358,0.70535773,-0.32143909,0.6317811,0
1.2238951,-0.83931619,-1.250566,0.66942441,0.59516799,-0.44457391,0
0.59552765,1.915403,1.0732986,0.66942441,0.59516799,-0.44457391,0
1.3832335,-3.1081386,-2.9218073,0.23311245,-0.73651338,-0.63498557,0
-0.15069753,3.4321404,3.1932008,-0.23311245,0.73651338,0.63498557,0
-0.91841751,1.694899,0.25151724,-0.70535773,0.32143909,-0.6317811,0
-2.0826685,2.9978187,2.7570992,-0.23311245,0.73651338,0.63498557,0
-0.11031294,-3.4528365,-3.0075312,0.23311245,-0.73651338,-0.63498557,0
0.89351046,-3.5597148,-2.7008843,0.23311245,-0.73651338,-0.63498557,0
1.1375471,-0.44999838,-1.4624836,0.66942441,0.59516799,-0.44457391,0
-1.2211993,3.1271148,1.3619146,-0.70535773,0.32143909,-0.6317811,0
1.1348835,-3.771018,-1.7762092,0.70535773,-0.32143909,0.6317811,0
-0.028140217,-2.1408081,-2.5677214,-0.70535773,0.32143909,-0.6317811,0
-1.0078961,-0.1012121,-0.42274946,-0.70535773,0.32143909,-0.6317811,0
0.63352054,0.22174525,0.90093255,0.70535773,-0.32143909,0.6317811,0
1.3350327,-1.2352929,-2.2749233,0.66942441,0.59516799,-0.44457391,0
1.7752832,-3.7513661,-2.3962896,0.23311245,-0.73651338,-0.63498557,0
-0.26213932,0.55416733,-0.88608766,-0.70535773,0.32143909,-0.6317811,0
0.51547861,-3.9878807,-2.170537,-0.66942441,-0.59516799,0.44457391,0
-1.1634554,0.85054064,1.4318974,-0.66942441,-0.59516799,0.44457391,0
0.018466771,2.7013054,0.9749707,0.66942441,0.59516799,-0.44457391,0
1.1179333,-2.793977,-3.1894755,0.23311245,-0.73651338,-0.63498557,0
-1.1739231,0.42735887,1.4152019,-0.66942441,-0.59516799,0.44457391,0
0.63907743,1.9842981,1.9039938,0.70535773,-0.32143909,0.6317811,0
0.15058443,0.88161689,-1.0986686,0.66942441,0.59516799,-0.44457391,0
0.88530827,1.2435089,0.97161895,0.66942441,0.59516799,-0.44457391,0
0.38773972,3.459734,3.1725025,0.70535773,-0.32143909,0.6317811,0
-1.2621753,2.8364072,3.2209411,-0.23311245,0.73651338,0.63498557,0
1.1349276,-4.1723413,-2.1059206,0.23311245,-0.73651338,-0.63498557,0
-0.052805722,-3.3143928,-2.9900277,0.23311245,-0.73651338,-0.63498557,0
-0.030337989,1.6628377,2.7087662,0.70535773,-0.32143909,0.6317811,0
0.027070582,-3.437156,-3.1561499,0.23311245,-0.73651338,-0.63498557,0
2.0641422,-3.2775931,-2.3759303,0.70535773,-0.32143909,0.6317811,0
1.4973127,-0.60395765,-0.56251937,0.66942441,0.59516799,-0.44457391,0
2.0269132,-2.7600813,-3.1008272,0.23311245,-0.73651338,-0.63498557,0
-1.0244398,4.1833339,1.9959408,-0.23311245,0.73651338,0.63498557,0
-0.84179926,3.9400656,2.3779302,-0.23311245,0.73651338,0.63498557,0
0.11816871,1.3331363,-0.46182954,0.66942441,0.59516799,-0.44457391,0
-1.1109209,0.79844505,1.6527901,-0.66942441,-0.59516799,0.44457391,0
0.27877054,1.7850686,0.40350109,0.66942441,0.59516799,-0.44457391,0
-0.6498524,3.0621333,3.1946521,-0.23311245,0.73651338,0.63498557,0
-0.88052642,2.3419528,0.33495891,-0.70535773,0.32143909,-0.6317811,0
-1.2911346,1.4448392,1.8365742,-0.66942441,-0.59516799,0.44457391,0
2.3307807,-3.0111055,-2.5361819,0.66942441,0.59516799,-0.44457391,0
1.5374198,-2.4870939,-3.2974486,0.66942441,0.59516799,-0.44457391,0
0.54964876,-0.8955003,0.46224684,0.70535773,-0.32143909,0.6317811,0
-1.0866591,4.0752578,2.1530361,-0.23311245,0.73651338,0.63498557,0
0.25030828,-3.5436559,-3.0984356,0.23311245,-0.73651338,-0.63498557,0
2.0057809,-2.3850398,-2.6332784,0.66942441,0.59516799,-0.44457391,0
-0.57644671,3.2803845,2.908452,-0.23311245,0.73651338,0.63498557,0
-1.2770898,-0.15912171,-0.52706462,-0.70535773,0.32143909,-0.6317811,0
-1.3999299,3.5821166,2.5496287,-0.23311245,0.73651338,0.63498557,0
2.0211606,-3.1362398,-2.8094006,0.23311245,-0.73651338,-0.63498557,0
0.89158487,-1.5566216,-3.0006766,0.66942441,0.59516799,-0.44457391,0
0.49037957,0.43719,-0.7308622,0.66942441,0.59516799,-0.44457391,0
0.69495463,1.8761735,1.5369297,0.70535773,-0.32143909,0.6317811,0
0.74068058,-3.0794477,-3.2989428,0.23311245,-0.73651338,-0.63498557,0
-1.728497,3.1275799,2.5660193,-0.23311245,0.73651338,0.63498557,0
0.083312169,-1.357674,-2.0985029,-0.70535773,0.32143909,-0.6317811,0
-1.3077397,2.6280346,3.5030684,-0.23311245,0.73651338,0.63498557,0
1.4258749,-3.7869124,-2.3663106,0.23311245,-0.73651338,-0.63498557,0
-1.3797698,3.1164169,3.0148373,-0.23311245,0.73651338,0.63498557,0
-1.3304132,3.8700557,1.8856595,-0.23311245,0.73651338,0.63498557,0
-0.34522265,2.8857682,1.3262275,0.66942441,0.59516799,-0.44457391,0
-1.615633,3.8706043,2.2236581,-0.23311245,0.73651338,0.63498557,0
-1.6404436,1.2961425,0.67581749,-0.70535773,0.32143909,-0.6317811,0
1.6762748,-2.6269557,-1.5377609,0.70535773,-0.32143909,0.6317811,0
-1.5387849,3.5620689,2.1400957,-0.23311245,0.73651338,0.63498557,0
-0.71000212,3.0010548,3.4482112,-0.23311245,0.73651338,0.63498557,0
-0.73431897,3.4729125,3.0751166,-0.23311245,0.73651338,0.63498557,0
0.55075324,-3.5437875,-1.2869855,-0.66942441,-0.59516799,0.44457391,0
-0.89895487,-0.46610147,0.68536198,-0.66942441,-0.59516799,0.44457391,0
-0.77234685,3.7701416,2.3137519,-0.23311245,0.73651338,0.63498557,0
0.31919527,-3.8098466,-2.6037145,0.23311245,-0.73651338,-0.63498557,0
0.046495438,-3.381083,-2.4246294,-0.66942441,-0.59516799,0.44457391,0
1.0625508,-3.6315713,-1.1999389,0.70535773,-0.32143909,0.6317811,0
1.0417892,0.84597683,0.7009272,0.70535773,-0.32143909,0.6317811,0
-1.9331857,2.1960063,1.9454036,-0.70535773,0.32143909,-0.6317811,0
-1.4416281,3.7482743,2.4677987,-0.23311245,0.73651338,0.63498557,0
0.68111277,-1.529001,-2.947592,-0.70535773,0.32143909,-0.6317811,0
-0.36732233,2.8724313,3.161478,0.70535773,-0.32143909,0.6317811,0
-0.11494505,-3.3954329,-2.4188848,-0.66942441,-0.59516799,0.44457391,0
-1.764732,3.0628054,1.8297445,-0.70535773,0.32143909,-0.6317811,0
1.3957834,-0.71770227,-1.4238009,0.66942441,0.59516799,-0.44457391,0
-0.2260341,3.1152446,1.731349,0.66942441,0.59516799,-0.44457391,0
0.30526817,-3.6467612,-2.6869755,0.23311245,-0.73651338,-0.63498557,0
-1.3778412,2.0788894,0.75160003,-0.70535773,0.32143909,-0.6317811,0
0.73327887,1.2018518,0.83978802,0.66942441,0.59516799,-0.44457391,0
1.1164066,-3.2400434,-2.9733071,0.23311245,-0.73651338,-0.63498557,0
-1.8488039,2.5650175,2.9130893,-0.66942441,-0.59516799,0.44457391,0
1.002943,-3.1461437,-2.8345337,0.23311245,-0.73651338,-0.63498557,0
0.56076235,-3.2450776,-2.9730821,0.23311245,-0.73651338,-0.63498557,0
