0.63783127,-2.3729296,-2.598047,0.74062663,-0.58386564,0.33252546,0
0.65389442,0.55320007,2.9622786,0.74062663,-0.58386564,0.33252546,0
0.41340411,1.6747953,0.32733452,0.67011762,0.60565501,-0.42909729,0
-0.34047437,2.1294389,0.89168513,-0.74062663,0.58386564,-0.33252546,0
-0.68777478,1.4157681,3.448688,-0.67011762,-0.60565501,0.42909729,0
1.1229508,-1.7124667,-2.1335647,0.74062663,-0.58386564,0.33252546,0
0.58846998,3.1167855,2.9201393,0.67011762,0.60565501,-0.42909729,0
-1.1417606,2.0594981,3.6621933,-0.74062663,0.58386564,-0.33252546,0
-0.72324371,1.5144507,1.6053803,-0.74062663,0.58386564,-0.33252546,0
1.0670488,-1.5785663,-3.3034739,0.67011762,0.60565501,-0.42909729,0
-0.86291325,-2.9197555,-4.188169,-0.049139485,-0.54063201,-0.83982289,0
-0.9349314,-0.22626296,0.5088889,-0.67011762,-0.60565501,0.42909729,0
0.2738997,2.0305207,1.2280898,0.67011762,0.60565501,-0.42909729,0
0.83851403,1.8907046,4.8100963,0.049139485,0.54063201,0.83982289,0
0.24460888,-1.4454373,0.47580817,0.74062663,-0.58386564,0.33252546,0
-0.46338189,1.2069622,0.25399375,-0.74062663,0.58386564,-0.33252546,0
-1.1988156,-1.7161283,-1.6299121,-0.67011762,-0.60565501,0.42909729,0
-1.4111679,-0.64972359,-1.2350407,-0.74062663,0.58386564,-0.33252546,0
-0.89862156,2.7208452,3.3558636,-0.74062663,0.58386564,-0.33252546,0
0.99237061,1.5924568,3.3073888,0.74062663,-0.58386564,0.33252546,0
0.55224454,0.42076504,-0.78698742,0.67011762,0.60565501,-0.42909729,0
0.61414838,-0.51121974,-2.3037891,0.67011762,0.60565501,-0.42909729,0
-0.81168884,-2.601866,-4.2423296,-0.049139485,-0.54063201,-0.83982289,0
-1.1759064,2.0126874,2.7767162,-0.74062663,0.58386564,-0.33252546,0
-0.64512992,-3.306663,-3.592083,-0.049139485,-0.54063201,-0.83982289,0
0.22772622,-0.24537611,-2.5180748,0.67011762,0.60565501,-0.42909729,0
-0.20488167,1.8172984,4.6640458,0.049139485,0.54063201,0.83982289,0
0.14933991,-2.8244815,-4.111299,-0.049139485,-0.54063201,-0.83982289,0
0.090458989,-2.6028619,-4.1228795,-0.049139485,-0.54063201,-0.83982289,0
-0.012681961,1.1002057,4.0397949,-0.67011762,-0.60565501,0.42909729,0
-0.75113416,0.77339971,-0.27619717,-0.74062663,0.58386564,-0.33252546,0
-0.99720097,2.3945274,4.2351203,0.049139485,0.54063201,0.83982289,0
-0.46830055,-3.2620273,-3.8737712,-0.049139485,-0.54063201,-0.83982289,0
0.63472444,2.0083222,4.5365715,0.049139485,0.54063201,0.83982289,0
-0.68096328,-2.1015697,-4.5576358,-0.049139485,-0.54063201,-0.83982289,0
-1.1136048,-2.7381821,-3.6701231,-0.67011762,-0.60565501,0.42909729,0
-0.659971,-2.7338612,-4.1859455,-0.049139485,-0.54063201,-0.83982289,0
-0.4025228,-3.2631536,-3.9347582,-0.049139485,-0.54063201,-0.83982289,0
1.3248847,0.87277979,1.343498,0.74062663,-0.58386564,0.33252546,0
0.14402789,2.8423786,4.0665545,0.049139485,0.54063201,0.83982289,0
1.4797564,0.4959501,1.0318729,0.74062663,-0.58386564,0.33252546,0
-0.092012286,0.18682709,2.9110365,-0.67011762,-0.60565501,0.42909729,0
-0.78261316,0.88250083,0.21733493,-0.74062663,0.58386564,-0.33252546,0
0.96686649,1.1001298,2.2631435,0.74062663,-0.58386564,0.33252546,0
-0.46024072,-0.79891849,0.80375695,-0.67011762,-0.60565501,0.42909729,0
0.81562424,-2.2326798,-3.910243,0.67011762,0.60565501,-0.42909729,0
1.5410556,1.6352806,2.954675,0.74062663,-0.58386564,0.33252546,0
0.54998159,-0.20865154,1.4179409,0.74062663,-0.58386564,0.33252546,0
1.048013,-2.5244212,-4.2025251,-0.049139485,-0.54063201,-0.83982289,0
1.204139,0.56967211,0.39496648,0.67011762,0.60565501,-0.42909729,0
0.95697206,2.0502844,4.4350815,0.049139485,0.54063201,0.83982289,0
-0.0077300072,-1.2497084,-3.9733202,0.67011762,0.60565501,-0.42909729,0
-1.2712704,-0.28605777,-0.6956706,-0.74062663,0.58386564,-0.33252546,0
0.42880559,-2.7985382,-4.0260038,-0.049139485,-0.54063201,-0.83982289,0
0.53398788,1.1513982,0.16652954,0.67011762,0.60565501,-0.42909729,0
-0.59747839,2.8630974,3.8545847,-0.74062663,0.58386564,-0.33252546,0
-0.5237174,2.2195423,2.3848002,-0.74062663,0.58386564,-0.33252546,0
-0.66016561,-3.1988478,-4.0771689,-0.049139485,-0.54063201,-0.83982289,0
-0.89962471,0.86423743,0.44386858,-0.74062663,0.58386564,-0.33252546,0
-0.67165887,-2.9097896,-4.2161298,-0.049139485,-0.54063201,-0.83982289,0
-0.29901242,-2.8757977,-4.1392503,-0.049139485,-0.54063201,-0.83982289,0
-0.52258456,2.3212247,2.1638765,-0.74062663,0.58386564,-0.33252546,0
0.51405311,2.2551532,1.9252982,0.67011762,0.60565501,-0.42909729,0
0.0082857609,-0.68062836,1.0614451,-0.67011762,-0.60565501,0.42909729,0
-0.81440574,-0.19903356,-2.0479031,-0.74062663,0.58386564,-0.33252546,0
1.0111945,3.309484,3.6749825,0.049139485,0.54063201,0.83982289,0
-0.45264232,1.7888005,3.6920772,-0.67011762,-0.60565501,0.42909729,0
0.55707484,1.6422065,0.98237956,0.67011762,0.60565501,-0.42909729,0
-0.55054319,-1.169396,-3.624882,-0.74062663,0.58386564,-0.33252546,0
0.49219447,2.5752296,4.3566284,0.049139485,0.54063201,0.83982289,0
0.16471028,2.0028372,4.6808553,0.049139485,0.54063201,0.83982289,0
-1.3291929,2.324024,3.8494096,-0.67011762,-0.60565501,0.42909729,0
-0.7378453,-2.1704898,-4.4625001,-0.049139485,-0.54063201,-0.83982289,0
0.67254394,-1.042348,-0.31633157,0.74062663,-0.58386564,0.33252546,0
0.87871683,1.0810742,0.88460684,0.67011762,0.60565501,-0.42909729,0
-0.7972663,-0.84769791,-0.13753349,-0.67011762,-0.60565501,0.42909729,0
0.78143251,-0.42860574,-1.2673773,0.67011762,0.60565501,-0.42909729,0
0.22717643,-1.7377027,-4.6069264,0.67011762,0.60565501,-0.42909729,0
0.19142336,-1.1766397,0.66833472,0.74062663,-0.58386564,0.33252546,0
-1.1744024,0.038695395,0.56397915,-0.67011762,-0.60565501,0.42909729,0
0.50560331,1.6667794,4.7757635,0.049139485,0.54063201,0.83982289,0
0.840608,-3.0384412,-3.9087291,-0.049139485,-0.54063201,-0.83982289,0
-0.44633019,3.2381368,3.9577003,0.049139485,0.54063201,0.83982289,0
0.47022021,2.6332464,4.1244574,0.049139485,0.54063201,0.83982289,0
-1.3437493,-0.14196515,-0.21330136,-0.74062663,0.58386564,-0.33252546,0
0.94980395,3.4301734,3.5883493,0.67011762,0.60565501,-0.42909729,0
-0.085337877,2.4491019,4.2955046,0.049139485,0.54063201,0.83982289,0
1.0662519,2.0288103,2.5119355,0.67011762,0.60565501,-0.42909729,0
0.54372239,3.0024786,4.0724978,0.049139485,0.54063201,0.83982289,0
-0.5671587,0.45228374,2.3853011,-0.67011762,-0.60565501,0.42909729,0
0.27313417,0.084690511,1.9884387,0.74062663,-0.58386564,0.33252546,0
-0.23640791,-3.3918192,-3.9603529,-0.049139485,-0.54063201,-0.83982289,0
-0.29517257,0.89308357,3.3364952,-0.67011762,-0.60565501,0.42909729,0
-0.55110419,2.5492001,2.1289198,-0.74062663,0.58386564,-0.33252546,0
-0.42881966,-2.2189505,-4.6183653,-0.049139485,-0.54063201,-0.83982289,0
0.054622293,-2.2572339,-4.5578661,-0.049139485,-0.54063201,-0.83982289,0
0.51095223,2.3195148,4.3227344,0.049139485,0.54063201,0.83982289,0
-1.1631688,2.2712746,3.4628506,-0.74062663,0.58386564,-0.33252546,0
-0.68410659,-2.160135,-1.3376684,-0.67011762,-0.60565501,0.42909729,0
-0.31598473,-1.7704939,-4.5685945,-0.049139485,-0.54063201,-0.83982289,0
0.64147502,1.2490988,3.6918976,0.74062663,-0.58386564,0.33252546,0
1.0068067,-1.4233921,-2.1997905,0.74062663,-0.58386564,0.33252546,0
0.27610111,-1.8830614,-4.5772042,0.67011762,0.60565501,-0.42909729,0
-0.48388994,-2.0362351,-4.6122351,-0.049139485,-0.54063201,-0.83982289,0
0.42331386,-0.19619708,-2.2662182,0.67011762,0.60565501,-0.42909729,0
-0.21970975,-0.39838201,1.2468128,-0.67011762,-0.60565501,0.42909729,0
-0.19743061,1.5499115,4.0779204,-0.67011762,-0.60565501,0.42909729,0
0.88653338,0.24473903,-0.64375275,0.67011762,0.60565501,-0.42909729,0
0.7504074,0.023116171,1.8882283,0.74062663,-0.58386564,0.33252546,0
0.88737047,2.8817558,4.07866,0.049139485,0.54063201,0.83982289,0
-0.62964988,-2.5685098,-4.2732215,-0.049139485,-0.54063201,-0.83982289,0
-0.25336778,3.1142569,3.8676305,0.049139485,0.54063201,0.83982289,0
0.53418815,-3.140348,-4.0572624,0.74062663,-0.58386564,0.33252546,0
0.077102184,2.2753823,4.5284204,0.049139485,0.54063201,0.83982289,0
1.2711864,-1.0909069,-1.4705752,0.74062663,-0.58386564,0.33252546,0
-0.12382007,-2.3777399,-1.5522931,-0.67011762,-0.60565501,0.42909729,0
0.56607032,2.5597019,2.1182249,0.67011762,0.60565501,-0.42909729,0
0.38679385,-2.0865698,-4.4991245,-0.049139485,-0.54063201,-0.83982289,0
0.59865987,2.0029595,4.4891038,0.049139485,0.54063201,0.83982289,0
-0.61369431,3.2470739,4.0234847,0.049139485,0.54063201,0.83982289,0
-0.24759769,1.5629523,0.41524029,-0.74062663,0.58386564,-0.33252546,0
1.1418533,3.2322369,3.9236374,0.049139485,0.54063201,0.83982289,0
-0.99394667,1.2481816,1.0337553,-0.74062663,0.58386564,-0.33252546,0
-0.021047115,-3.3328948,-3.3651762,0.74062663,-0.58386564,0.33252546,0
-1.0468643,0.98280734,0.47371548,-0.74062663,0.58386564,-0.33252546,0
-0.55114257,-0.04571563,1.1584766,-0.67011762,-0.60565501,0.42909729,0
0.3147614,-1.0381827,-3.4334702,0.67011762,0.60565501,-0.42909729,0
-0.20095998,-3.9462719,-3.5509009,-0.049139485,-0.54063201,-0.83982289,0
1.1244687,-0.55943841,-0.11944292,0.74062663,-0.58386564,0.33252546,0
-0.99222565,1.8886218,3.3606369,-0.67011762,-0.60565501,0.42909729,0
-0.7187618,0.32251233,-0.94395709,-0.74062663,0.58386564,-0.33252546,0
-1.0644181,-2.3020234,-4.4543834,-0.049139485,-0.54063201,-0.83982289,0
0.048863411,2.6381481,4.4860587,0.049139485,0.54063201,0.83982289,0
0.30145341,1.888721,0.62114251,0.67011762,0.60565501,-0.42909729,0
-1.2926627,0.13873667,0.92102051,-0.67011762,-0.60565501,0.42909729,0
0.12330469,2.3827477,1.3494792,0.67011762,0.60565501,-0.42909729,0
0.75349939,-0.28231001,1.2688181,0.74062663,-0.58386564,0.33252546,0
0.24193756,3.5037899,3.7118859,0.049139485,0.54063201,0.83982289,0
-0.792925,1.9354744,2.6355462,-0.74062663,0.58386564,-0.33252546,0
-0.096363872,-3.5617309,-3.5746751,-0.049139485,-0.54063201,-0.83982289,0
0.19422209,2.0113282,4.8829231,0.049139485,0.54063201,0.83982289,0
-0.55115759,-1.0907037,-0.024762452,-0.67011762,-0.60565501,0.42909729,0
-1.0724845,-1.1600488,-2.6054721,-0.74062663,0.58386564,-0.33252546,0
0.89892501,-0.99494177,-0.81159097,0.74062663,-0.58386564,0.33252546,0
-0.20587838,-2.3619421,-4.4091101,-0.049139485,-0.54063201,-0.83982289,0
0.6338315,1.3683,0.22316504,0.67011762,0.60565501,-0.42909729,0
-0.070900142,1.7983823,0.25323927,0.67011762,0.60565501,-0.42909729,0
1.1284096,1.1655712,2.8299921,0.74062663,-0.58386564,0.33252546,0
-1.1433663,-1.9580452,-4.447557,-0.74062663,0.58386564,-0.33252546,0
-0.85543174,-2.7073495,-2.466965,-0.67011762,-0.60565501,0.42909729,0
1.2380863,-2.3983958,-3.5513251,0.67011762,0.60565501,-0.42909729,0
0.97922266,-1.4885597,-2.2607689,0.74062663,-0.58386564,0.33252546,0
-0.49017423,-2.3558078,-1.4394035,-0.67011762,-0.60565501,0.42909729,0
-0.64707047,0.66483629,-0.86570966,-0.74062663,0.58386564,-0.33252546,0
0.0065237284,3.5197082,3.7130275,-0.74062663,0.58386564,-0.33252546,0
-0.12979782,1.3938489,3.7644672,-0.67011762,-0.60565501,0.42909729,0
-1.2977533,0.065383732,0.57421428,-0.67011762,-0.60565501,0.42909729,0
-0.90052378,-0.25778598,-1.316191,-0.74062663,0.58386564,-0.33252546,0
-1.0552646,0.7877897,1.654726,-0.67011762,-0.60565501,0.42909729,0
-0.42736483,-0.22067364,1.6870857,-0.67011762,-0.60565501,0.42909729,0
0.68036234,-2.2274525,-2.5670781,0.74062663,-0.58386564,0.33252546,0
-0.72945607,-2.5853267,-4.3293986,-0.049139485,-0.54063201,-0.83982289,0
1.2613366,1.6556528,2.2076719,0.67011762,0.60565501,-0.42909729,0
0.0305866,2.2260413,4.3638492,0.049139485,0.54063201,0.83982289,0
0.011987209,0.58528906,3.3444011,-0.67011762,-0.60565501,0.42909729,0
-1.6542512,-2.4056897,-3.2661271,-0.67011762,-0.60565501,0.42909729,0
0.77054524,-3.0294271,-3.9570727,-0.049139485,-0.54063201,-0.83982289,0
0.41841698,3.200634,3.8319039,0.049139485,0.54063201,0.83982289,0
0.29902363,1.3242548,0.12219048,0.67011762,0.60565501,-0.42909729,0
0.48781666,3.3788767,3.7394071,0.049139485,0.54063201,0.83982289,0
-1.3623428,0.42479479,1.2546781,-0.67011762,-0.60565501,0.42909729,0
-0.5863198,-2.8520784,-4.1689291,-0.049139485,-0.54063201,-0.83982289,0
-1.0206876,-1.7895027,-3.5034833,-0.74062663,0.58386564,-0.33252546,0
0.7725867,0.40176222,-0.60829949,0.67011762,0.60565501,-0.42909729,0
0.99435902,-0.027701974,1.2787105,0.74062663,-0.58386564,0.33252546,0
1.516035,2.4336467,4.1500459,0.049139485,0.54063201,0.83982289,0
-0.83307993,0.51984018,0.08782737,-0.74062663,0.58386564,-0.33252546,0
0.0033712387,-0.43440157,1.3468969,-0.67011762,-0.60565501,0.42909729,0
-0.98118591,-2.0969679,-3.9775605,-0.74062663,0.58386564,-0.33252546,0
0.010244608,0.10114303,2.1918454,-0.67011762,-0.60565501,0.42909729,0
-1.3614874,-0.038861156,0.045387954,-0.67011762,-0.60565501,0.42909729,0
1.0044011,0.66040885,2.5220623,0.74062663,-0.58386564,0.33252546,0
0.43027139,3.1099203,4.0725822,0.049139485,0.54063201,0.83982289,0
0.88964629,-1.9588301,-2.6703956,0.74062663,-0.58386564,0.33252546,0
-1.0426965,-2.0297558,-4.4570317,-0.74062663,0.58386564,-0.33252546,0
0.089898825,-1.8190572,-4.6863194,-0.049139485,-0.54063201,-0.83982289,0
-0.66987026,-2.603195,-4.3660259,-0.049139485,-0.54063201,-0.83982289,0
-1.1735078,-2.9534259,-3.7662272,-0.67011762,-0.60565501,0.42909729,0
0.19651163,-1.4127496,0.31559178,0.74062663,-0.58386564,0.33252546,0
0.60000169,-0.73989046,-2.667166,0.67011762,0.60565501,-0.42909729,0
1.2034667,-0.024880588,0.2198202,0.74062663,-0.58386564,0.33252546,0
-1.0491863,-0.43541279,0.34800938,-0.67011762,-0.60565501,0.42909729,0
0.10906899,2.1783755,4.3176279,0.049139485,0.54063201,0.83982289,0
0.39412582,-3.1568761,-2.9456148,0.74062663,-0.58386564,0.33252546,0
-0.69196326,-2.4857612,-2.3066263,-0.67011762,-0.60565501,0.42909729,0
0.25937933,-3.4041169,-3.8352499,-0.049139485,-0.54063201,-0.83982289,0
-0.39825463,0.67371619,2.8570023,-0.67011762,-0.60565501,0.42909729,0
-0.75094223,2.7882509,4.4367223,0.049139485,0.54063201,0.83982289,0
0.2350212,3.2193279,3.7108483,0.049139485,0.54063201,0.83982289,0
-0.37220705,0.55632055,2.8895769,-0.67011762,-0.60565501,0.42909729,0
-1.1443052,0.33533925,-0.41845852,-0.74062663,0.58386564,-0.33252546,0
1.0395787,1.1762438,1.2105218,0.67011762,0.60565501,-0.42909729,0
0.66877544,2.495995,4.2414823,0.049139485,0.54063201,0.83982289,0
1.0975993,-1.5661454,-2.7690878,0.67011762,0.60565501,-0.42909729,0
1.0220888,-0.74472284,-1.6868727,0.67011762,0.60565501,-0.42909729,0
0.33615494,1.5892701,4.6872883,0.049139485,0.54063201,0.83982289,0
1.4443698,1.6612527,3.2518301,0.74062663,-0.58386564,0.33252546,0
-1.3347787,0.64030635,0.73873466,-0.67011762,-0.60565501,0.42909729,0
0.38776237,-3.019527,-2.8390133,0.74062663,-0.58386564,0.33252546,0
-1.1089766,-2.4379122,-4.4945941,-0.74062663,0.58386564,-0.33252546,0
-0.35278749,2.953968,4.0632911,0.049139485,0.54063201,0.83982289,0
-0.19878399,3.0764744,3.8237267,0.049139485,0.54063201,0.83982289,0
0.52603447,-1.269891,-3.2292566,0.67011762,0.60565501,-0.42909729,0
0.88677824,2.9669929,3.960072,0.049139485,0.54063201,0.83982289,0
0.87487316,0.95906997,3.0350161,0.74062663,-0.58386564,0.33252546,0
1.1130619,2.3574135,4.2403655,0.049139485,0.54063201,0.83982289,0
1.2532384,1.5742438,1.4921045,0.67011762,0.60565501,-0.42909729,0
0.18540275,2.5557423,4.5265236,0.049139485,0.54063201,0.83982289,0
-0.53716385,0.54226089,2.5158737,-0.67011762,-0.60565501,0.42909729,0
-1.0602891,-0.36907583,-1.5194979,-0.74062663,0.58386564,-0.33252546,0
0.58661813,2.1687157,4.554142,0.049139485,0.54063201,0.83982289,0
-0.54694521,2.8018236,4.3703079,0.049139485,0.54063201,0.83982289,0
-0.14742899,0.037103832,-2.3475451,0.67011762,0.60565501,-0.42909729,0
-0.4003945,2.2224293,1.2749197,-0.74062663,0.58386564,-0.33252546,0
0.96563935,-0.014942467,0.46212012,0.74062663,-0.58386564,0.33252546,0
-1.2716336,-2.5156868,-4.2040863,-0.049139485,-0.54063201,-0.83982289,0
-1.017627,1.9297779,2.2383265,-0.74062663,0.58386564,-0.33252546,0
1.512313,2.1328061,3.1535544,0.74062663,-0.58386564,0.33252546,0
-0.74233681,-2.189981,-4.6792636,-0.049139485,-0.54063201,-0.83982289,0
0.92074245,2.4770806,4.0901752,0.049139485,0.54063201,0.83982289,0
0.77373213,-1.4760135,-1.7062972,0.74062663,-0.58386564,0.33252546,0
-1.1500582,1.6071424,2.2484925,-0.74062663,0.58386564,-0.33252546,0
0.16606092,-3.1405587,-4.0831532,-0.049139485,-0.54063201,-0.83982289,0
0.95156431,1.4247799,2.8348413,0.74062663,-0.58386564,0.33252546,0
0.017619371,2.998935,4.0150208,0.049139485,0.54063201,0.83982289,0
0.77637172,-1.8299015,-1.8186088,0.74062663,-0.58386564,0.33252546,0
-0.86783987,0.74163908,0.45526212,-0.74062663,0.58386564,-0.33252546,0
1.2530719,0.25331467,-0.21233334,0.67011762,0.60565501,-0.42909729,0
-0.15131724,2.9042902,3.9634886,0.049139485,0.54063201,0.83982289,0
-0.67812741,1.1642349,2.9104056,-0.67011762,-0.60565501,0.42909729,0
0.063727975,-3.8026752,-3.3857536,0.74062663,-0.58386564,0.33252546,0
0.15846699,2.9723678,2.3687792,0.67011762,0.60565501,-0.42909729,0
-0.31857616,-0.87244886,0.43756783,-0.67011762,-0.60565501,0.42909729,0
-1.3370371,-2.1461878,-4.3029132,-0.74062663,0.58386564,-0.33252546,0
-1.0632583,-1.3821225,-2.6812224,-0.74062663,0.58386564,-0.33252546,0
0.88635564,-1.9079146,-3.997293,0.67011762,0.60565501,-0.42909729,0
-0.041278124,1.2584351,4.186162,-0.67011762,-0.60565501,0.42909729,0
0.31913996,-0.84221256,1.1778265,0.74062663,-0.58386564,0.33252546,0
-1.0973881,-2.9801991,-4.0202575,-0.049139485,-0.54063201,-0.83982289,0
-1.1806169,1.2722281,1.78494,-0.74062663,0.58386564,-0.33252546,0
-0.99612612,-1.1060731,-1.1714184,-0.67011762,-0.60565501,0.42909729,0
0.72194624,-2.3420458,-3.2716753,0.74062663,-0.58386564,0.33252546,0
-0.47961038,-0.51670307,-3.0783873,-0.74062663,0.58386564,-0.33252546,0
0.42514655,3.5640869,3.4956374,0.67011762,0.60565501,-0.42909729,0
1.4826689,-0.56211197,-0.73723501,0.74062663,-0.58386564,0.33252546,0
0.18991184,3.3606994,3.7141442,0.049139485,0.54063201,0.83982289,0
-0.82645679,-2.0750537,-4.7651753,-0.049139485,-0.54063201,-0.83982289,0
-0.4481585,-3.7896824,-3.3588452,-0.67011762,-0.60565501,0.42909729,0
0.76384079,3.1352746,4.0287271,0.049139485,0.54063201,0.83982289,0
0.2292245,2.8124771,1.6371446,0.67011762,0.60565501,-0.42909729,0
0.031392574,-2.7941313,-4.2613373,-0.049139485,-0.54063201,-0.83982289,0
0.25873804,-3.1110015,-4.1585021,-0.049139485,-0.54063201,-0.83982289,0
0.12550461,-3.3033941,-3.7005434,-0.049139485,-0.54063201,-0.83982289,0
0.88865036,1.6367754,1.535717,0.67011762,0.60565501,-0.42909729,0
-1.4695702,-2.2314396,-4.2034168,-0.74062663,0.58386564,-0.33252546,0
-0.53759289,-3.5452948,-3.2109504,-0.67011762,-0.60565501,0.42909729,0
0.57097805,3.3682737,3.9269733,0.049139485,0.54063201,0.83982289,0
-0.21028781,3.2657056,3.9530854,0.049139485,0.54063201,0.83982289,0
-0.54564261,-0.1363771,-2.5301547,-0.74062663,0.58386564,-0.33252546,0
-1.4114623,-1.9414279,-3.770587,-0.74062663,0.58386564,-0.33252546,0
1.2832942,1.7004938,3.6001091,0.74062663,-0.58386564,0.33252546,0
0.58519047,-0.89952314,0.27592519,0.74062663,-0.58386564,0.33252546,0
-0.72484374,2.3942876,4.3738599,0.049139485,0.54063201,0.83982289,0
0.16350937,-1.3446074,-4.10641,0.67011762,0.60565501,-0.42909729,0
-0.1184153,-1.6927233,-0.39304185,-0.67011762,-0.60565501,0.42909729,0
1.0905974,-1.8360534,-2.9824829,0.74062663,-0.58386564,0.33252546,0
0.149652,2.5167973,4.100347,0.049139485,0.54063201,0.83982289,0
-0.98876351,-3.0047355,-3.6461563,-0.67011762,-0.60565501,0.42909729,0
0.70490193,0.42360091,1.8113569,0.74062663,-0.58386564,0.33252546,0
-0.29028004,1.6737943,0.49015224,-0.74062663,0.58386564,-0.33252546,0
-0.5442524,2.5766332,4.2777696,0.049139485,0.54063201,0.83982289,0
-0.10573599,-3.419867,-3.6108174,-0.049139485,-0.54063201,-0.83982289,0
-0.2036407,2.6605096,4.2156076,0.049139485,0.54063201,0.83982289,0
0.14239877,3.8274593,2.9798231,0.67011762,0.60565501,-0.42909729,0
-0.77389896,2.84374,3.2735548,-0.74062663,0.58386564,-0.33252546,0
-0.9010092,0.73668146,0.43009734,-0.74062663,0.58386564,-0.33252546,0
0.31503928,-0.51558948,1.7378306,-0.67011762,-0.60565501,0.42909729,0
0.84864503,2.7028525,4.2648745,0.049139485,0.54063201,0.83982289,0
0.18542314,-2.7645583,-4.0177598,-0.049139485,-0.54063201,-0.83982289,0
0.0022116303,-2.1788664,-1.0219235,0.74062663,-0.58386564,0.33252546,0
1.2797407,1.3219302,1.6837773,0.67011762,0.60565501,-0.42909729,0
-0.29655886,-2.4356985,-4.5469303,-0.049139485,-0.54063201,-0.83982289,0
-0.38335627,-3.2742012,-3.9746842,-0.049139485,-0.54063201,-0.83982289,0
-0.66758662,1.9836347,2.3007498,-0.74062663,0.58386564,-0.33252546,0
-1.1554264,-0.60389191,-1.2906131,-0.74062663,0.58386564,-0.33252546,0
0.6397478,0.7077207,-0.23645979,0.67011762,0.60565501,-0.42909729,0
0.66256505,1.7891364,1.6258395,0.67011762,0.60565501,-0.42909729,0
1.4627448,-0.052016854,-0.22708751,0.74062663,-0.58386564,0.33252546,0
0.21858172,4.0506063,3.5006881,0.049139485,0.54063201,0.83982289,0
-0.23769736,-1.5265856,-4.8233566,-0.049139485,-0.54063201,-0.83982289,0
-0.1242677,-1.6800758,-4.6306148,-0.049139485,-0.54063201,-0.83982289,0
0.053616047,-0.58485889,1.381644,0.74062663,-0.58386564,0.33252546,0
-1.0716904,-0.20537162,0.50688869,-0.67011762,-0.60565501,0.42909729,0
-1.3081212,-2.707226,-3.0900512,-0.67011762,-0.60565501,0.42909729,0
-0.097386599,3.0327654,3.9406238,0.049139485,0.54063201,0.83982289,0
-1.0225704,-1.1028534,-2.1417456,-0.74062663,0.58386564,-0.33252546,0
0.21270621,-2.3653655,-4.3614368,-0.049139485,-0.54063201,-0.83982289,0
0.66810739,1.7957336,4.6172061,0.049139485,0.54063201,0.83982289,0
0.50783259,2.8575811,4.2280607,0.049139485,0.54063201,0.83982289,0
-0.80300635,-2.5863044,-4.3757658,-0.049139485,-0.54063201,-0.83982289,0
-1.1741338,-0.64157188,-0.72938263,-0.67011762,-0.60565501,0.42909729,0
0.27749282,-2.9963193,-2.6170011,0.74062663,-0.58386564,0.33252546,0
1.1229115,2.8580596,3.9585228,0.049139485,0.54063201,0.83982289,0
-0.71832907,1.3890259,3.308162,-0.67011762,-0.60565501,0.42909729,0
-0.5677675,1.2930191,3.3646302,-0.67011762,-0.60565501,0.42909729,0
-0.84101367,-2.9628298,-3.9205503,-0.049139485,-0.54063201,-0.83982289,0
0.18922544,-3.0710425,-3.9743829,-0.049139485,-0.54063201,-0.83982289,0
-1.2280374,-0.54923743,-0.54400134,-0.67011762,-0.60565501,0.42909729,0
0.86998081,-1.1831402,-0.5980832,0.74062663,-0.58386564,0.33252546,0
1.1132482,-1.7637315,-2.741276,0.67011762,0.60565501,-0.42909729,0
-0.29976404,-0.87999249,-4.4157701,0.67011762,0.60565501,-0.42909729,0
0.66450351,1.537488,0.98989308,0.67011762,0.60565501,-0.42909729,0
-0.46289796,-0.53741091,-2.8798971,-0.74062663,0.58386564,-0.33252546,0
-0.35760975,-2.5159595,-4.4445906,-0.049139485,-0.54063201,-0.83982289,0
-0.53456616,-0.7681545,-2.7909896,-0.74062663,0.58386564,-0.33252546,0
-1.1536853,0.98730749,0.85648406,-0.74062663,0.58386564,-0.33252546,0
0.57673621,-2.0218244,-4.1530662,0.67011762,0.60565501,-0.42909729,0
1.4924014,1.3673561,1.7404115,0.67011762,0.60565501,-0.42909729,0
0.35091054,-2.8630097,-4.269752,-0.049139485,-0.54063201,-0.83982289,0
-0.41880322,1.4368873,3.7777839,-0.67011762,-0.60565501,0.42909729,0
0.85963649,2.3253253,4.1984906,0.049139485,0.54063201,0.83982289,0
0.99612254,1.2213814,2.4281881,0.74062663,-0.58386564,0.33252546,0
1.0427902,1.3278008,2.7469409,0.74062663,-0.58386564,0.33252546,0
-0.16302256,1.9299051,1.1700146,-0.74062663,0.58386564,-0.33252546,0
-0.890486,-3.3207402,-3.6646938,-0.049139485,-0.54063201,-0.83982289,0
-0.61435181,-2.3242638,-4.5094728,-0.049139485,-0.54063201,-0.83982289,0
0.43144155,-1.9554495,-4.4826994,0.67011762,0.60565501,-0.42909729,0
1.197587,2.9802666,4.1862035,0.049139485,0.54063201,0.83982289,0
-0.47467613,-3.543613,-3.5534554,-0.049139485,-0.54063201,-0.83982289,0
0.61733782,2.0225456,1.5049844,0.67011762,0.60565501,-0.42909729,0
-0.98795968,1.8322387,1.8944325,-0.74062663,0.58386564,-0.33252546,0
-0.2557478,0.093773246,-2.3315449,-0.74062663,0.58386564,-0.33252546,0
-0.5680635,-1.2880127,-4.493371,-0.74062663,0.58386564,-0.33252546,0
-0.51843524,3.0651407,3.8745332,0.049139485,0.54063201,0.83982289,0
0.0029857159,-3.0098891,-4.2026606,-0.049139485,-0.54063201,-0.83982289,0
0.26423177,-1.3692813,0.07848233,0.74062663,-0.58386564,0.33252546,0
-1.2482481,-0.19698203,-1.004377,-0.74062663,0.58386564,-0.33252546,0
0.093393445,2.1103048,1.1239371,0.67011762,0.60565501,-0.42909729,0
0.15075529,-0.66244137,-2.7021992,0.67011762,0.60565501,-0.42909729,0
1.1021706,-2.3062189,-3.3179445,0.74062663,-0.58386564,0.33252546,0
-0.48603529,-2.9414425,-2.585067,-0.67011762,-0.60565501,0.42909729,0
0.10281068,-3.615133,-3.8044071,-0.049139485,-0.54063201,-0.83982289,0
-0.62709635,-2.2752795,-4.2657862,-0.049139485,-0.54063201,-0.83982289,0
0.95882475,-1.3378736,-3.1404712,0.67011762,0.60565501,-0.42909729,0
-1.1575729,0.97340113,0.84094572,-0.74062663,0.58386564,-0.33252546,0
-1.2000282,-2.3449283,-4.1974392,-0.74062663,0.58386564,-0.33252546,0
-0.26967096,1.0676365,3.3459041,-0.67011762,-0.60565501,0.42909729,0
0.53512371,1.3938957,0.07935977,0.67011762,0.60565501,-0.42909729,0
0.3523289,3.0410523,2.0856605,-0.74062663,0.58386564,-0.33252546,0
-0.50042957,2.5301108,2.3944697,-0.74062663,0.58386564,-0.33252546,0
-1.2586136,-2.4769979,-4.1091547,-0.049139485,-0.54063201,-0.83982289,0
-0.075492859,-2.6017661,-4.1751523,-0.049139485,-0.54063201,-0.83982289,0
-0.1488893,-1.2953249,-4.5101357,-0.74062663,0.58386564,-0.33252546,0
1.0048062,-0.4869948,-1.8381633,0.67011762,0.60565501,-0.42909729,0
0.86289191,2.5360816,2.7080917,0.67011762,0.60565501,-0.42909729,0
-0.63574368,-1.1268563,-0.24483621,-0.67011762,-0.60565501,0.42909729,0
-0.50127798,-2.6149082,-2.5655129,-0.67011762,-0.60565501,0.42909729,0
-0.91895974,-3.1532607,-4.0201602,-0.049139485,-0.54063201,-0.83982289,0
0.28465033,1.5959036,4.9150829,0.049139485,0.54063201,0.83982289,0
0.61903584,-3.2203655,-3.7509379,-0.049139485,-0.54063201,-0.83982289,0
-0.68670571,-3.0161841,-3.8533616,-0.049139485,-0.54063201,-0.83982289,0
-1.0596862,-2.9179201,-4.2055855,-0.049139485,-0.54063201,-0.83982289,0
0.83089626,-2.2673752,-2.9128857,0.74062663,-0.58386564,0.33252546,0
-0.80688047,-1.403605,-3.2335095,-0.74062663,0.58386564,-0.33252546,0
0.28226542,2.568959,4.3139653,0.049139485,0.54063201,0.83982289,0
1.2140679,1.888021,2.3666673,0.67011762,0.60565501,-0.42909729,0
-0.14620435,-0.23594043,1.8126642,-0.67011762,-0.60565501,0.42909729,0
0.10186756,-1.9946187,-4.5263524,-0.049139485,-0.54063201,-0.83982289,0
-1.1487515,-0.98874909,-1.9179027,-0.74062663,0.58386564,-0.33252546,0
-0.018165886,2.0568116,1.1149449,-0.74062663,0.58386564,-0.33252546,0
-0.45220268,1.7955946,0.74314857,-0.74062663,0.58386564,-0.33252546,0
-1.0437942,0.24557078,0.0077386349,-0.74062663,0.58386564,-0.33252546,0
-1.1896544,-2.4500735,-4.098496,-0.74062663,0.58386564,-0.33252546,0
1.2175168,-0.058538675,0.51334441,0.74062663,-0.58386564,0.33252546,0
-0.4257133,-1.0844367,-3.7920918,-0.74062663,0.58386564,-0.33252546,0
1.4803057,1.8499839,2.4866619,0.74062663,-0.58386564,0.33252546,0
-0.63819575,-2.3789425,-1.5652857,-0.67011762,-0.60565501,0.42909729,0
-1.5648837,-1.8601263,-2.4481454,-0.67011762,-0.60565501,0.42909729,0
0.86846977,2.9596114,3.5135932,0.67011762,0.60565501,-0.42909729,0
0.9807477,0.26255023,0.76218951,0.74062663,-0.58386564,0.33252546,0
-1.24895,-1.571604,-2.4774523,-0.74062663,0.58386564,-0.33252546,0
0.30672574,-1.5126693,-3.9973462,0.67011762,0.60565501,-0.42909729,0
0.85263574,-1.8165079,-1.7551749,0.74062663,-0.58386564,0.33252546,0
0.57514727,-1.7104594,-1.2165608,0.74062663,-0.58386564,0.33252546,0
1.1203125,-2.0733242,-3.0816114,0.74062663,-0.58386564,0.33252546,0
0.088853836,-1.74956,-0.36999702,0.74062663,-0.58386564,0.33252546,0
0.85503846,2.7915857,3.9291039,0.049139485,0.54063201,0.83982289,0
0.96524411,0.75679415,1.9536517,0.74062663,-0.58386564,0.33252546,0
0.34955537,1.6748185,4.8145924,0.049139485,0.54063201,0.83982289,0
0.61101711,-1.029729,-0.24147683,0.74062663,-0.58386564,0.33252546,0
-0.71732819,-1.6500938,-4.5956798,-0.74062663,0.58386564,-0.33252546,0
-0.11821361,-2.9490371,-2.4812567,0.74062663,-0.58386564,0.33252546,0
-1.4949882,-2.6461401,-4.2487092,-0.049139485,-0.54063201,-0.83982289,0
0.40007979,2.7539828,4.0710244,0.049139485,0.54063201,0.83982289,0
1.1212821,0.51621407,1.5512117,0.74062663,-0.58386564,0.33252546,0
1.1345385,2.2163715,2.5571673,0.67011762,0.60565501,-0.42909729,0
-1.5131613,-1.8794814,-2.2990859,-0.67011762,-0.60565501,0.42909729,0
-1.0687332,-0.37488449,-1.1084293,-0.74062663,0.58386564,-0.33252546,0
0.4622736,0.11274509,-1.1769488,0.67011762,0.60565501,-0.42909729,0
0.3429057,-3.4793198,-3.396225,0.74062663,-0.58386564,0.33252546,0
-0.87493747,-1.248524,-0.49425292,-0.67011762,-0.60565501,0.42909729,0
1.1604068,2.7181137,4.060616,0.049139485,0.54063201,0.83982289,0
-0.8842591,0.83481836,0.80643576,-0.74062663,0.58386564,-0.33252546,0
-0.35202575,0.72986686,2.924787,-0.67011762,-0.60565501,0.42909729,0
-1.0035236,-0.56800604,-1.7403768,-0.74062663,0.58386564,-0.33252546,0
1.1498798,0.91406381,0.52341986,0.67011762,0.60565501,-0.42909729,0
-0.76910329,-2.9590456,-4.1179914,-0.049139485,-0.54063201,-0.83982289,0
0.70574814,1.092509,0.70737684,0.67011762,0.60565501,-0.42909729,0
-0.78839117,-2.1719222,-4.3590593,-0.049139485,-0.54063201,-0.83982289,0
-0.100555,3.3825884,3.8574023,0.049139485,0.54063201,0.83982289,0
1.0551877,-0.30588859,0.15532134,0.74062663,-0.58386564,0.33252546,0
1.2018931,1.8931431,2.6272607,0.67011762,0.60565501,-0.42909729,0
0.7214542,-2.2592471,-2.4740551,0.74062663,-0.58386564,0.33252546,0
0.46875378,3.4031911,3.6659908,0.049139485,0.54063201,0.83982289,0
-0.99295008,2.726135,4.2312927,0.049139485,0.54063201,0.83982289,0
-1.3410656,-1.2140739,-2.2697663,-0.74062663,0.58386564,-0.33252546,0
0.022491932,2.2537298,4.6048322,0.049139485,0.54063201,0.83982289,0
0.65327197,-1.993319,-1.9959464,0.74062663,-0.58386564,0.33252546,0
-0.15489131,2.3378396,1.1461656,-0.74062663,0.58386564,-0.33252546,0
0.90396494,1.1178834,3.3606865,0.74062663,-0.58386564,0.33252546,0
-0.050434828,-0.53345525,1.1379189,-0.67011762,-0.60565501,0.42909729,0
-1.1964455,-1.8343524,-3.8474517,-0.74062663,0.58386564,-0.33252546,0
1.0816041,1.7711036,2.0877817,0.67011762,0.60565501,-0.42909729,0
1.0898278,-2.0103366,-3.7077739,0.67011762,0.60565501,-0.42909729,0
1.0199689,2.846252,4.1371794,0.049139485,0.54063201,0.83982289,0
0.98161316,0.41094559,-0.012414515,0.67011762,0.60565501,-0.42909729,0
-1.1735014,-1.5259042,-1.4802938,-0.67011762,-0.60565501,0.42909729,0
-0.52935487,-1.8879356,-1.0406806,-0.67011762,-0.60565501,0.42909729,0
0.46450067,-2.3054614,-4.6364598,-0.049139485,-0.54063201,-0.83982289,0
0.1737079,-3.401577,-3.3315883,0.74062663,-0.58386564,0.33252546,0
-1.0282732,1.9477224,2.73754,-0.74062663,0.58386564,-0.33252546,0
-0.40128291,0.098363012,2.1112165,-0.67011762,-0.60565501,0.42909729,0
0.75039041,2.51319,4.4035702,0.049139485,0.54063201,0.83982289,0
0.55255699,2.6542211,4.1244297,0.049139485,0.54063201,0.83982289,0
0.056147456,2.7839327,4.3961248,0.049139485,0.54063201,0.83982289,0
-0.32285672,-0.41514003,-2.5789294,-0.74062663,0.58386564,-0.33252546,0
-0.44210511,1.3060402,-0.32774252,-0.74062663,0.58386564,-0.33252546,0
1.1414971,-1.6013225,-1.9561448,0.74062663,-0.58386564,0.33252546,0
0.52639496,-3.3278749,-3.9439473,-0.049139485,-0.54063201,-0.83982289,0
-0.47037518,0.66644025,2.122488,-0.67011762,-0.60565501,0.42909729,0
0.86545026,1.207446,2.755924,0.74062663,-0.58386564,0.33252546,0
-0.82589555,-3.2163448,-3.857583,-0.049139485,-0.54063201,-0.83982289,0
-0.60187739,-2.3414237,-4.62992,-0.049139485,-0.54063201,-0.83982289,0
-0.16356361,-0.22691813,1.6618246,-0.67011762,-0.60565501,0.42909729,0
-0.48386228,1.7164221,3.9239995,-0.67011762,-0.60565501,0.42909729,0
-0.93536258,0.32332712,-0.27689254,-0.74062663,0.58386564,-0.33252546,0
-0.67304468,0.46617162,1.9763445,-0.67011762,-0.60565501,0.42909729,0
-0.056994751,-3.7754793,-3.4579067,0.74062663,-0.58386564,0.33252546,0
0.37973276,-2.2826838,-1.489655,0.74062663,-0.58386564,0.33252546,0
-0.51619124,2.19818,1.7151346,-0.74062663,0.58386564,-0.33252546,0
1.1111696,0.22702438,0.52950013,0.74062663,-0.58386564,0.33252546,0
0.21374023,2.2058516,4.6251497,0.049139485,0.54063201,0.83982289,0
-0.4348197,1.243227,3.6161466,-0.67011762,-0.60565501,0.42909729,0
0.50333118,-2.3631914,-4.5108037,-0.049139485,-0.54063201,-0.83982289,0
-0.26560497,-1.5213211,-5.034409,-0.049139485,-0.54063201,-0.83982289,0
-0.98921144,-2.6871676,-4.2497911,-0.049139485,-0.54063201,-0.83982289,0
0.93728554,3.1067126,3.7234254,0.049139485,0.54063201,0.83982289,0
-0.022552669,1.9799724,0.73660827,0.67011762,0.60565501,-0.42909729,0
-1.5204666,-1.8588274,-2.363636,-0.67011762,-0.60565501,0.42909729,0
0.17667311,2.5727768,1.4363911,0.67011762,0.60565501,-0.42909729,0
-0.83594692,3.0146725,4.2402105,0.049139485,0.54063201,0.83982289,0
1.6348035,1.9093559,2.4775648,0.67011762,0.60565501,-0.42909729,0
0.68356991,-2.6711159,-4.4992504,-0.049139485,-0.54063201,-0.83982289,0
-0.76353908,-3.2431803,-3.2572303,-0.67011762,-0.60565501,0.42909729,0
0.52117819,-3.1437216,-3.1098719,0.74062663,-0.58386564,0.33252546,0
0.33328986,-1.945511,-4.7017775,-0.049139485,-0.54063201,-0.83982289,0
-0.61379468,0.54305863,-0.62037963,-0.74062663,0.58386564,-0.33252546,0
0.57467127,-2.7504842,-4.0475616,-0.049139485,-0.54063201,-0.83982289,0
-0.40570205,-1.1231964,-0.2639631,-0.67011762,-0.60565501,0.42909729,0
1.0962398,3.3115954,3.7392817,0.049139485,0.54063201,0.83982289,0
-0.22427714,-2.4536502,-4.3460174,-0.049139485,-0.54063201,-0.83982289,0
0.10766554,-1.0749658,-3.8234527,0.67011762,0.60565501,-0.42909729,0
1.2297779,-0.75212598,-1.5043684,0.67011762,0.60565501,-0.42909729,0
0.8122288,-0.43800861,-1.9770126,0.67011762,0.60565501,-0.42909729,0
-1.1154981,-2.2753086,-2.6103139,-0.67011762,-0.60565501,0.42909729,0
0.52079707,-0.14277881,1.0574994,0.74062663,-0.58386564,0.33252546,0
0.095277905,-0.67539787,-2.6831553,0.67011762,0.60565501,-0.42909729,0
0.03674984,-3.0292883,-3.9842768,-0.049139485,-0.54063201,-0.83982289,0
0.290043,-1.2994086,-3.3441291,0.67011762,0.60565501,-0.42909729,0
-1.2051524,-2.4696031,-4.333868,-0.74062663,0.58386564,-0.33252546,0
-0.46126187,0.45007879,2.6341591,-0.67011762,-0.60565501,0.42909729,0
0.11744857,1.6675591,5.0067506,-0.67011762,-0.60565501,0.42909729,0
-0.47951913,-1.4504999,-0.10137391,-0.67011762,-0.60565501,0.42909729,0
0.52018499,-3.2705476,-3.9945192,-0.049139485,-0.54063201,-0.83982289,0
-0.26544392,1.2529416,-0.39177996,-0.74062663,0.58386564,-0.33252546,0
-0.29288661,-3.7230587,-3.3662791,-0.67011762,-0.60565501,0.42909729,0
-0.29456329,-1.1151694,-4.1442032,0.67011762,0.60565501,-0.42909729,0
1.0386007,2.5232387,4.2686048,0.049139485,0.54063201,0.83982289,0
0.97343946,2.1535683,4.3203268,0.74062663,-0.58386564,0.33252546,0
0.96016383,-0.38078314,-0.2260749,0.74062663,-0.58386564,0.33252546,0
0.85644507,2.9713187,4.0193386,0.049139485,0.54063201,0.83982289,0
1.0655711,-0.059404135,1.0239869,0.74062663,-0.58386564,0.33252546,0
0.04268837,2.1220431,0.94761252,0.67011762,0.60565501,-0.42909729,0
1.1420795,2.8507807,3.2443147,0.67011762,0.60565501,-0.42909729,0
0.92652774,-2.793344,-4.4304881,-0.049139485,-0.54063201,-0.83982289,0
-0.13446903,3.0441387,3.1192951,-0.74062663,0.58386564,-0.33252546,0
0.44797623,1.796795,4.9478388,0.049139485,0.54063201,0.83982289,0
1.3204151,2.7671657,4.0889616,0.049139485,0.54063201,0.83982289,0
-0.0078939497,-3.3604965,-2.5495172,0.74062663,-0.58386564,0.33252546,0
-1.1171247,0.10010469,0.62395412,-0.67011762,-0.60565501,0.42909729,0
0.95325577,2.1281457,4.7109652,0.049139485,0.54063201,0.83982289,0
-0.33020675,3.1855536,3.9485664,0.049139485,0.54063201,0.83982289,0
0.25492501,1.298841,-0.22676519,0.67011762,0.60565501,-0.42909729,0
-0.16827504,2.7302203,2.054131,-0.74062663,0.58386564,-0.33252546,0
-1.0617779,0.72400707,1.7069197,-0.67011762,-0.60565501,0.42909729,0
0.49742669,-3.4253402,-3.716279,-0.049139485,-0.54063201,-0.83982289,0
-0.36509895,-1.2682719,-4.1588717,-0.74062663,0.58386564,-0.33252546,0
-1.0159861,-2.5500536,-3.0512381,-0.67011762,-0.60565501,0.42909729,0
0.17943186,-2.030508,-1.0465672,0.74062663,-0.58386564,0.33252546,0
0.6650629,2.0856094,4.6094551,0.049139485,0.54063201,0.83982289,0
-0.55948567,1.9286021,4.5604591,-0.67011762,-0.60565501,0.42909729,0
1.1523329,2.8159525,4.0816097,0.049139485,0.54063201,0.83982289,0
0.56434715,-3.1185598,-4.1966376,-0.049139485,-0.54063201,-0.83982289,0
0.88381112,-0.98470831,-2.3226469,0.67011762,0.60565501,-0.42909729,0
-1.1753221,2.6263378,4.5028458,0.049139485,0.54063201,0.83982289,0
-0.25903797,-1.441258,-0.17294073,-0.67011762,-0.60565501,0.42909729,0
0.60543919,0.29781553,-0.7824924,0.67011762,0.60565501,-0.42909729,0
1.5464407,-0.19411099,-0.45363793,0.67011762,0.60565501,-0.42909729,0
0.32430232,-2.25632,-4.43612,-0.049139485,-0.54063201,-0.83982289,0
-0.34835526,1.8528171,1.2073476,-0.74062663,0.58386564,-0.33252546,0
-1.3079369,-2.2405024,-3.6363401,-0.74062663,0.58386564,-0.33252546,0
-1.0217648,-0.93572772,-0.21950305,-0.67011762,-0.60565501,0.42909729,0
-0.044167161,-2.9927912,-4.0163217,-0.049139485,-0.54063201,-0.83982289,0
-0.89526469,-2.9752598,-3.7847919,-0.049139485,-0.54063201,-0.83982289,0
1.2173831,0.230093,0.26832706,0.67011762,0.60565501,-0.42909729,0
0.39992347,-1.0349673,0.10522509,0.74062663,-0.58386564,0.33252546,0
-0.77780735,-3.3398993,-3.8743329,-0.049139485,-0.54063201,-0.83982289,0
0.09215337,2.2886565,1.2794929,0.67011762,0.60565501,-0.42909729,0
0.60685396,-3.0797253,-3.9013958,0.74062663,-0.58386564,0.33252546,0
1.0568525,-2.6201558,-3.5036855,0.74062663,-0.58386564,0.33252546,0
0.17348313,-1.7894056,-4.4812775,0.67011762,0.60565501,-0.42909729,0
-1.2691767,-0.68663722,-0.93876624,-0.74062663,0.58386564,-0.33252546,0
0.57772875,-0.52583259,0.9473989,0.74062663,-0.58386564,0.33252546,0
-0.7609874,0.56337589,2.1761622,-0.67011762,-0.60565501,0.42909729,0
1.3231555,1.8170049,3.270319,0.74062663,-0.58386564,0.33252546,0
0.46182704,-3.2871456,-3.3960586,0.74062663,-0.58386564,0.33252546,0
-0.31005222,2.8498182,3.0542269,-0.74062663,0.58386564,-0.33252546,0
0.29870397,-2.7398887,-2.3176029,0.74062663,-0.58386564,0.33252546,0
0.99290168,-1.3882014,-3.0527058,0.67011762,0.60565501,-0.42909729,0
1.0001438,-0.20553815,0.98396599,0.74062663,-0.58386564,0.33252546,0
-0.13624811,2.2586315,4.4504952,0.049139485,0.54063201,0.83982289,0
0.23870087,1.5202253,5.052834,0.049139485,0.54063201,0.83982289,0
-0.55565119,3.1367631,4.0512671,0.049139485,0.54063201,0.83982289,0
0.78926957,-0.37094468,0.53812718,0.74062663,-0.58386564,0.33252546,0
-1.1788104,-1.6488376,-3.6439891,-0.74062663,0.58386564,-0.33252546,0
-0.57814354,-2.2213027,-1.3890865,-0.67011762,-0.60565501,0.42909729,0
-0.31215256,1.567992,0.96869385,-0.74062663,0.58386564,-0.33252546,0
0.097392201,3.7610078,3.577373,0.049139485,0.54063201,0.83982289,0
-1.5139546,-1.5807461,-2.1453676,-0.67011762,-0.60565501,0.42909729,0
-1.5391266,-2.4420125,-3.720078,-0.74062663,0.58386564,-0.33252546,0
0.56939363,1.7267793,4.6370478,0.74062663,-0.58386564,0.33252546,0
1.5841522,2.7414079,4.1152678,0.74062663,-0.58386564,0.33252546,0
-0.48562276,1.4229589,3.577508,-0.67011762,-0.60565501,0.42909729,0
-0.80383778,-2.6742167,-2.5405188,-0.67011762,-0.60565501,0.42909729,0
0.68966693,2.8479247,3.8909183,0.049139485,0.54063201,0.83982289,0
-1.0023625,-2.9657345,-3.8800263,-0.049139485,-0.54063201,-0.83982289,0
-0.33866251,-0.075977266,1.6050406,-0.67011762,-0.60565501,0.42909729,0
-0.38699034,0.77477252,-0.98178983,-0.74062663,0.58386564,-0.33252546,0
-0.058655262,-2.9373317,-4.0768819,-0.049139485,-0.54063201,-0.83982289,0
-0.38774824,-0.25311905,-2.1876831,-0.74062663,0.58386564,-0.33252546,0
0.18566561,0.67608058,-1.4356692,0.67011762,0.60565501,-0.42909729,0
-0.14782071,1.8004507,4.606895,0.049139485,0.54063201,0.83982289,0
0.47213084,3.2438531,2.7798758,0.67011762,0.60565501,-0.42909729,0
0.11290658,2.1879692,0.99216986,0.67011762,0.60565501,-0.42909729,0
0.46795022,-0.88996094,-2.5865045,0.67011762,0.60565501,-0.42909729,0
0.034429789,3.2496505,3.9438176,0.049139485,0.54063201,0.83982289,0
-0.076068878,1.9053838,4.6784949,0.049139485,0.54063201,0.83982289,0
