2.4871464,-1.0879123,-1.6158504,-0.13256633,-0.95743561,-0.25640437,0
1.9975332,-0.58798683,0.71685094,0.11897415,-0.27218792,0.95486063,0
2.204845,-1.0094773,-0.5392226,-0.13256633,-0.95743561,-0.25640437,0
1.6986074,0.37595719,-1.3598666,-0.11897415,0.27218792,-0.95486063,0
-3.3584802,0.29253128,0.85357928,-0.98400778,0.096076906,0.149993,0
0.18023562,0.26853022,1.2621566,0.11897415,-0.27218792,0.95486063,0
2.0916743,-1.2300279,0.60413194,0.11897415,-0.27218792,0.95486063,0
-1.6065471,0.90250885,1.16521,0.13256633,0.95743561,0.25640437,0
0.74551427,0.55184227,1.2949821,0.11897415,-0.27218792,0.95486063,0
3.4089284,-1.2797751,-0.043101788,0.98400778,-0.096076906,-0.149993,0
1.5583004,-0.23953888,-1.4810882,-0.11897415,0.27218792,-0.95486063,0
-3.5785966,-0.33355641,1.4018915,-0.98400778,0.096076906,0.149993,0
-2.1971946,-0.83261132,1.2863531,0.11897415,-0.27218792,0.95486063,0
3.4517195,-1.0431352,-1.3086638,0.98400778,-0.096076906,-0.149993,0
-2.7802882,0.85740256,1.4832041,0.13256633,0.95743561,0.25640437,0
-3.1304221,0.97580242,1.0381186,-0.98400778,0.096076906,0.149993,0
3.4870844,0.54056072,-0.045031071,0.98400778,-0.096076906,-0.149993,0
-2.4567065,0.55447811,1.598578,0.11897415,-0.27218792,0.95486063,0
-1.9459107,-0.095488667,1.0694214,0.11897415,-0.27218792,0.95486063,0
-3.0161436,0.014123023,-0.46150923,-0.11897415,0.27218792,-0.95486063,0
-0.96740699,-0.89801908,0.83562315,0.11897415,-0.27218792,0.95486063,0
-3.3315394,-0.064104438,-0.7042253,-0.11897415,0.27218792,-0.95486063,0
1.8444977,0.59223068,0.79571474,0.11897415,-0.27218792,0.95486063,0
0.60093033,0.48146117,-1.0757759,-0.11897415,0.27218792,-0.95486063,0
-3.3082895,-0.28549844,0.61017799,-0.98400778,0.096076906,0.149993,0
2.1645412,-1.044121,-1.1389643,-0.13256633,-0.95743561,-0.25640437,0
-2.8901987,0.99411929,1.2958961,0.13256633,0.95743561,0.25640437,0
3.1285808,-0.80010068,0.58503199,0.11897415,-0.27218792,0.95486063,0
1.1884809,0.53647989,0.89745188,0.13256633,0.95743561,0.25640437,0
-3.3266811,0.72774059,0.68563032,-0.98400778,0.096076906,0.149993,0
-0.093344212,-1.1076288,0.4873988,-0.13256633,-0.95743561,-0.25640437,0
3.7845883,0.44435883,0.2937634,0.98400778,-0.096076906,-0.149993,0
-0.10091925,0.91500932,0.51832587,0.13256633,0.95743561,0.25640437,0
-3.1824086,-0.21606761,1.4067309,0.11897415,-0.27218792,0.95486063,0
-1.7026932,0.68797189,1.3333961,0.11897415,-0.27218792,0.95486063,0
-3.5883539,-0.12500525,1.0978987,-0.98400778,0.096076906,0.149993,0
-1.8888276,0.826298,1.3244805,0.11897415,-0.27218792,0.95486063,0
-3.5516996,-0.12523395,1.1281624,-0.98400778,0.096076906,0.149993,0
-3.6588469,-0.38396329,0.49274826,-0.98400778,0.096076906,0.149993,0
-1.6834555,-0.76965207,0.33881819,-0.13256633,-0.95743561,-0.25640437,0
3.2091627,0.70348144,-0.38491964,0.13256633,0.95743561,0.25640437,0
-0.8636241,-0.87365174,0.076429546,-0.13256633,-0.95743561,-0.25640437,0
-3.0986824,0.59067488,1.3275242,-0.98400778,0.096076906,0.149993,0
-3.5116558,0.30906513,0.37484384,-0.98400778,0.096076906,0.149993,0
2.2145596,-0.87898469,0.40136445,0.11897415,-0.27218792,0.95486063,0
0.46907952,1.2028372,-0.29353875,0.13256633,0.95743561,0.25640437,0
-0.40650341,-0.79257792,-0.32871968,-0.13256633,-0.95743561,-0.25640437,0
2.927319,0.4717254,0.46453094,0.13256633,0.95743561,0.25640437,0
2.8909352,0.4703235,0.50907815,0.13256633,0.95743561,0.25640437,0
0.13174498,0.79600662,-0.79180682,-0.11897415,0.27218792,-0.95486063,0
-1.4975197,0.464508,-0.91395217,-0.11897415,0.27218792,-0.95486063,0
-3.1984799,1.2215571,-0.28691626,-0.11897415,0.27218792,-0.95486063,0
-0.78532177,1.111421,-0.48538724,-0.11897415,0.27218792,-0.95486063,0
-1.6601571,1.0333748,0.5536586,0.13256633,0.95743561,0.25640437,0
3.3412244,0.47224987,0.067176342,0.13256633,0.95743561,0.25640437,0
-3.2602499,0.43518126,1.4507885,-0.98400778,0.096076906,0.149993,0
1.7503259,0.59956574,0.73170739,0.13256633,0.95743561,0.25640437,0
-1.6473978,-0.82201821,-0.61123508,-0.13256633,-0.95743561,-0.25640437,0
0.80146068,-0.03986764,0.79198241,0.11897415,-0.27218792,0.95486063,0
1.1038895,-0.54051983,0.71464443,0.11897415,-0.27218792,0.95486063,0
3.4761167,-0.39734572,-0.2283318,0.98400778,-0.096076906,-0.149993,0
0.18232054,0.96033412,0.35984957,0.13256633,0.95743561,0.25640437,0
2.2801597,0.94482195,-0.35349178,0.13256633,0.95743561,0.25640437,0
-3.3367057,1.3135936,0.10232425,-0.98400778,0.096076906,0.149993,0
-0.92091507,-0.011936001,1.1705338,0.11897415,-0.27218792,0.95486063,0
2.2934608,0.76059926,0.260952,0.13256633,0.95743561,0.25640437,0
3.0867379,-1.3359708,-1.1133733,-0.13256633,-0.95743561,-0.25640437,0
-3.6245005,-0.58085966,0.71380043,-0.98400778,0.096076906,0.149993,0
-2.8908885,1.0446244,1.4540234,0.13256633,0.95743561,0.25640437,0
-2.8410289,1.0905881,0.80638647,0.13256633,0.95743561,0.25640437,0
3.4718451,-0.17040515,-0.72754526,0.98400778,-0.096076906,-0.149993,0
-1.6232089,-0.4878442,-0.55287653,-0.13256633,-0.95743561,-0.25640437,0
0.65479314,0.79388046,0.4635874,0.13256633,0.95743561,0.25640437,0
1.5308419,0.22663349,-1.1207535,-0.11897415,0.27218792,-0.95486063,0
3.2665694,-0.50169671,-1.4006519,0.98400778,-0.096076906,-0.149993,0
-3.1129477,-0.79620373,0.36629033,-0.13256633,-0.95743561,-0.25640437,0
2.3538015,0.82073742,0.073090553,0.13256633,0.95743561,0.25640437,0
-1.1907327,0.97459024,0.91112041,0.13256633,0.95743561,0.25640437,0
3.5067203,0.29407716,-1.0477901,0.98400778,-0.096076906,-0.149993,0
3.499516,-0.77252495,-0.17288375,0.98400778,-0.096076906,-0.149993,0
-3.275718,1.125525,0.5261364,-0.98400778,0.096076906,0.149993,0
-2.1817427,1.5305917,-0.48266244,-0.11897415,0.27218792,-0.95486063,0
1.5924039,1.2635932,-0.91938686,0.13256633,0.95743561,0.25640437,0
-3.4970672,1.4195616,0.21281028,-0.98400778,0.096076906,0.149993,0
0.068937778,-1.1818249,0.060176592,-0.13256633,-0.95743561,-0.25640437,0
-0.89504606,-0.076682761,-0.82185638,-0.11897415,0.27218792,-0.95486063,0
-3.3527606,0.66378856,0.34619474,-0.98400778,0.096076906,0.149993,0
0.95947015,0.72942007,-0.84485757,-0.11897415,0.27218792,-0.95486063,0
3.7399535,-0.55938959,0.27648973,0.98400778,-0.096076906,-0.149993,0
3.423737,-0.19827834,0.46507263,0.98400778,-0.096076906,-0.149993,0
1.4423904,-1.1778756,0.52489936,0.11897415,-0.27218792,0.95486063,0
-3.3832376,1.1256675,0.064112902,-0.98400778,0.096076906,0.149993,0
2.3620887,0.053274304,-1.3522639,-0.11897415,0.27218792,-0.95486063,0
-2.2462728,1.1809666,-0.54327846,-0.11897415,0.27218792,-0.95486063,0
0.25475562,-0.0079604536,1.2109988,0.11897415,-0.27218792,0.95486063,0
-3.4215839,-0.36624765,-0.11562681,-0.98400778,0.096076906,0.149993,0
2.7673049,0.44666547,0.93526733,0.11897415,-0.27218792,0.95486063,0
-1.4952221,-1.0578948,0.45044589,-0.13256633,-0.95743561,-0.25640437,0
-3.0398831,-0.56709081,-0.58467293,-0.13256633,-0.95743561,-0.25640437,0
-3.1369486,0.0087934732,1.6456225,0.11897415,-0.27218792,0.95486063,0
-1.9283088,1.2187648,0.53434813,0.13256633,0.95743561,0.25640437,0
3.4812269,-0.2028614,-0.78603888,0.98400778,-0.096076906,-0.149993,0
2.1927016,-0.31099373,-1.2267842,-0.11897415,0.27218792,-0.95486063,0
0.41684783,0.07224898,1.184357,0.11897415,-0.27218792,0.95486063,0
3.1708946,-0.76478708,-1.4843004,0.98400778,-0.096076906,-0.149993,0
2.7846336,0.58024102,0.72165573,0.13256633,0.95743561,0.25640437,0
3.4490435,-0.95461655,-0.356529,0.98400778,-0.096076906,-0.149993,0
-1.5193481,1.2590438,-0.64777696,-0.11897415,0.27218792,-0.95486063,0
-3.1704266,0.71020573,1.4465644,0.11897415,-0.27218792,0.95486063,0
-1.9369476,0.98646867,-0.32817125,-0.11897415,0.27218792,-0.95486063,0
3.5314016,0.031819344,0.11626124,0.98400778,-0.096076906,-0.149993,0
1.3678536,-0.83666205,-1.0063837,-0.13256633,-0.95743561,-0.25640437,0
-1.6237943,1.1095772,1.267504,0.13256633,0.95743561,0.25640437,0
1.1461097,0.20114043,-1.2861159,-0.11897415,0.27218792,-0.95486063,0
-2.9675248,-0.51543081,1.2699497,0.11897415,-0.27218792,0.95486063,0
3.4702764,-0.087459207,0.30791688,0.98400778,-0.096076906,-0.149993,0
-3.3311429,-0.18828928,1.2399139,0.11897415,-0.27218792,0.95486063,0
-0.64285672,-0.26701885,-0.9295817,-0.11897415,0.27218792,-0.95486063,0
-3.6677418,-0.20819527,-0.57626605,-0.11897415,0.27218792,-0.95486063,0
-2.1196902,-0.4963707,-0.87968969,-0.11897415,0.27218792,-0.95486063,0
-3.2917295,-0.97675669,0.87409186,-0.13256633,-0.95743561,-0.25640437,0
-3.4217196,0.79203135,1.4665015,-0.98400778,0.096076906,0.149993,0
2.8725238,-0.88567019,-1.5317891,-0.13256633,-0.95743561,-0.25640437,0
2.6640372,-1.0367305,0.58851731,0.11897415,-0.27218792,0.95486063,0
3.2397146,-0.63834572,-0.58056426,0.98400778,-0.096076906,-0.149993,0
3.3750072,-0.017145514,-0.0083098412,0.98400778,-0.096076906,-0.149993,0
-3.295948,-0.60811174,-0.44273973,-0.13256633,-0.95743561,-0.25640437,0
-3.8328724,-0.26264536,-0.520468,-0.98400778,0.096076906,0.149993,0
-3.7709165,-0.45296556,0.12246537,-0.98400778,0.096076906,0.149993,0
-3.4463263,0.42565978,0.9442091,-0.98400778,0.096076906,0.149993,0
0.47575006,1.0689301,-0.53360802,0.13256633,0.95743561,0.25640437,0
-3.6067092,0.48889828,0.013709545,-0.98400778,0.096076906,0.149993,0
-1.4060502,0.98747504,1.0773191,0.13256633,0.95743561,0.25640437,0
-0.17406571,-0.11562203,-1.1237148,-0.11897415,0.27218792,-0.95486063,0
0.94887328,0.028215259,-1.0198896,-0.11897415,0.27218792,-0.95486063,0
0.62398213,0.57067853,-0.77341861,-0.11897415,0.27218792,-0.95486063,0
3.4955034,-0.51098853,0.67320681,0.11897415,-0.27218792,0.95486063,0
3.4239087,0.76342243,-1.2094274,0.98400778,-0.096076906,-0.149993,0
-2.702528,0.88752389,-0.6050638,-0.11897415,0.27218792,-0.95486063,0
-1.2949947,-0.2666181,-1.0807896,-0.11897415,0.27218792,-0.95486063,0
3.3961265,-0.19228169,-0.17344379,0.98400778,-0.096076906,-0.149993,0
1.7946377,0.7187444,0.97387022,0.13256633,0.95743561,0.25640437,0
2.6708364,-1.4778414,-0.27451253,-0.13256633,-0.95743561,-0.25640437,0
3.0358577,-1.2231268,-0.15256476,-0.13256633,-0.95743561,-0.25640437,0
2.1813829,-1.5816303,0.18095469,-0.13256633,-0.95743561,-0.25640437,0
-2.3429294,0.46191564,-0.6641078,-0.11897415,0.27218792,-0.95486063,0
1.7127421,0.51274145,0.97596735,0.11897415,-0.27218792,0.95486063,0
-3.2097898,1.0292848,0.53030038,-0.98400778,0.096076906,0.149993,0
-3.2421339,-0.52872282,-0.012965441,-0.13256633,-0.95743561,-0.25640437,0
-1.5253336,1.0352468,1.4425087,0.11897415,-0.27218792,0.95486063,0
1.1810219,-1.3378086,-0.04331851,-0.13256633,-0.95743561,-0.25640437,0
-0.90448105,0.23727913,-1.0649968,-0.11897415,0.27218792,-0.95486063,0
-0.86010504,-0.4876402,0.88513833,0.11897415,-0.27218792,0.95486063,0
1.9342244,-1.0828123,0.37454379,0.11897415,-0.27218792,0.95486063,0
-2.5828571,-0.63486761,0.13937569,-0.13256633,-0.95743561,-0.25640437,0
-0.64970481,-0.77858967,-0.46874705,-0.13256633,-0.95743561,-0.25640437,0
3.1131701,-1.0827049,-1.1286943,0.98400778,-0.096076906,-0.149993,0
1.4749014,0.92382109,0.20360565,0.13256633,0.95743561,0.25640437,0
3.1785915,0.032421172,-1.3903518,0.98400778,-0.096076906,-0.149993,0
1.1006696,-0.091470212,-1.1105397,-0.11897415,0.27218792,-0.95486063,0
1.3642306,0.64382994,0.89187801,0.11897415,-0.27218792,0.95486063,0
1.6227089,-0.35004088,0.90657651,0.11897415,-0.27218792,0.95486063,0
1.354098,-0.45874509,-1.5105338,-0.11897415,0.27218792,-0.95486063,0
1.5575042,-0.64973962,-1.5997869,-0.11897415,0.27218792,-0.95486063,0
3.5770018,0.94422972,-1.0937109,0.98400778,-0.096076906,-0.149993,0
-3.385108,-0.21580184,0.17905784,-0.98400778,0.096076906,0.149993,0
-0.80768389,-0.95200795,-0.44630936,-0.13256633,-0.95743561,-0.25640437,0
3.4211018,-0.6603446,0.50675917,0.98400778,-0.096076906,-0.149993,0
-3.4452074,-0.55526114,0.30876875,-0.98400778,0.096076906,0.149993,0
1.6713266,-0.32743189,0.85728467,0.11897415,-0.27218792,0.95486063,0
-0.37103969,-1.0046504,-0.52111411,-0.13256633,-0.95743561,-0.25640437,0
1.9927016,0.66528106,0.72780317,0.13256633,0.95743561,0.25640437,0
3.383251,-0.62553716,-0.87869525,0.98400778,-0.096076906,-0.149993,0
3.0395672,-0.74055552,-1.5471172,-0.11897415,0.27218792,-0.95486063,0
1.2332428,1.2184916,-0.58604658,0.13256633,0.95743561,0.25640437,0
-1.7623713,0.74458838,1.5921869,0.13256633,0.95743561,0.25640437,0
-3.3694355,0.72183353,0.5441618,-0.98400778,0.096076906,0.149993,0
-1.6723404,0.90213287,-0.42899227,-0.11897415,0.27218792,-0.95486063,0
3.1123667,0.60186958,-0.73567915,0.13256633,0.95743561,0.25640437,0
-3.3675742,0.258742,1.3158233,-0.98400778,0.096076906,0.149993,0
-0.74661225,0.27786765,-0.88880873,-0.11897415,0.27218792,-0.95486063,0
-3.7219541,0.16608059,-0.35183907,-0.98400778,0.096076906,0.149993,0
-3.2427492,0.38675997,0.87387609,-0.98400778,0.096076906,0.149993,0
0.41756058,-1.2884133,0.28780803,-0.13256633,-0.95743561,-0.25640437,0
1.0487683,1.0630629,-0.46186817,0.13256633,0.95743561,0.25640437,0
3.5639868,-0.89674473,0.30982494,0.11897415,-0.27218792,0.95486063,0
3.2440727,-0.18980634,-1.2043271,0.98400778,-0.096076906,-0.149993,0
0.35496259,0.94533622,0.80734313,0.13256633,0.95743561,0.25640437,0
3.7288322,0.18700194,0.63559866,0.11897415,-0.27218792,0.95486063,0
0.17032212,0.93603277,-0.88951439,-0.11897415,0.27218792,-0.95486063,0
1.1519672,0.55419344,0.8299014,0.13256633,0.95743561,0.25640437,0
1.6513525,-0.36568826,0.81167603,0.11897415,-0.27218792,0.95486063,0
-3.3931859,-0.34301692,0.17379284,-0.98400778,0.096076906,0.149993,0
2.9034743,-0.20132297,-1.6512973,-0.11897415,0.27218792,-0.95486063,0
3.4379396,0.21077746,0.28577828,0.98400778,-0.096076906,-0.149993,0
3.7829566,0.07508868,0.15780282,0.98400778,-0.096076906,-0.149993,0
-3.3587024,0.073285073,1.107969,-0.98400778,0.096076906,0.149993,0
-3.0773563,0.79068542,1.4062984,-0.98400778,0.096076906,0.149993,0
3.6573052,-0.66643494,0.22602344,0.98400778,-0.096076906,-0.149993,0
-3.3433628,-0.03329587,-0.56307864,-0.11897415,0.27218792,-0.95486063,0
3.6407807,-0.090233207,0.44863677,0.98400778,-0.096076906,-0.149993,0
-3.5425918,-0.37627977,0.80807447,-0.98400778,0.096076906,0.149993,0
-3.3902798,0.67321736,0.51637149,-0.98400778,0.096076906,0.149993,0
3.4558251,-0.39315307,-0.86534142,0.98400778,-0.096076906,-0.149993,0
-0.91383064,-1.0288602,0.054985821,-0.13256633,-0.95743561,-0.25640437,0
-0.8864857,0.54924256,1.2783976,0.11897415,-0.27218792,0.95486063,0
-0.31079859,0.89181256,-0.93257862,-0.11897415,0.27218792,-0.95486063,0
3.5916181,-0.95941174,0.25782847,0.98400778,-0.096076906,-0.149993,0
-3.4536433,0.84226608,0.085675716,-0.98400778,0.096076906,0.149993,0
3.3587668,-1.2711277,-0.92329216,0.98400778,-0.096076906,-0.149993,0
3.3891318,-1.0852509,-0.24681902,0.98400778,-0.096076906,-0.149993,0
1.0717601,-1.4789437,0.60818946,0.11897415,-0.27218792,0.95486063,0
-3.1467276,1.1712604,-0.52159071,-0.11897415,0.27218792,-0.95486063,0
1.1132079,0.42166033,1.1384895,0.13256633,0.95743561,0.25640437,0
-1.5264642,1.1413316,0.66745794,0.13256633,0.95743561,0.25640437,0
-1.1322651,-0.64803505,-0.42630309,-0.13256633,-0.95743561,-0.25640437,0
-2.5178418,-0.25627434,-0.62988114,-0.11897415,0.27218792,-0.95486063,0
-3.5390389,0.82041836,0.77320695,-0.98400778,0.096076906,0.149993,0
-2.6731334,1.2046273,-0.43340361,-0.11897415,0.27218792,-0.95486063,0
-0.79091769,-0.31991845,-1.1319275,-0.11897415,0.27218792,-0.95486063,0
-0.95404828,1.0653239,0.34513617,0.13256633,0.95743561,0.25640437,0
-0.039287746,1.4026774,-0.56297863,0.13256633,0.95743561,0.25640437,0
3.679883,0.23273826,0.20595241,0.98400778,-0.096076906,-0.149993,0
2.3403645,0.19957155,-1.1131704,-0.11897415,0.27218792,-0.95486063,0
-3.3023009,1.3523096,1.0263143,-0.98400778,0.096076906,0.149993,0
3.498744,0.98195142,-1.1539636,0.98400778,-0.096076906,-0.149993,0
0.063646749,1.1376021,0.031218238,0.13256633,0.95743561,0.25640437,0
1.0561171,-1.3904319,0.56153023,0.11897415,-0.27218792,0.95486063,0
3.2426262,0.33371609,-1.3363957,0.98400778,-0.096076906,-0.149993,0
3.6103129,-0.7185908,0.39522815,0.98400778,-0.096076906,-0.149993,0
0.97830331,-0.8649345,0.66708124,0.11897415,-0.27218792,0.95486063,0
-0.32593498,1.1648749,0.38916546,0.13256633,0.95743561,0.25640437,0
0.847287,-0.018681139,0.84605122,0.11897415,-0.27218792,0.95486063,0
-0.69053197,1.1296197,-0.28975424,0.13256633,0.95743561,0.25640437,0
-0.29686415,0.99863273,-0.29745075,0.13256633,0.95743561,0.25640437,0
2.2440403,-0.46529257,0.52161908,0.11897415,-0.27218792,0.95486063,0
-3.311224,-0.23898906,1.1260536,-0.98400778,0.096076906,0.149993,0
-2.9439003,1.3670251,0.47328925,0.13256633,0.95743561,0.25640437,0
-3.4393148,-0.11386186,1.5678823,-0.98400778,0.096076906,0.149993,0
-3.2631691,0.089214861,-0.41662288,-0.11897415,0.27218792,-0.95486063,0
-1.2923368,-0.72464466,-0.048405766,-0.13256633,-0.95743561,-0.25640437,0
-1.086272,-0.75027031,0.86303079,0.11897415,-0.27218792,0.95486063,0
3.2306998,-0.61879855,-0.4151113,0.98400778,-0.096076906,-0.149993,0
-3.3424895,0.75124538,-0.54196453,-0.11897415,0.27218792,-0.95486063,0
3.6953733,-0.6692816,0.34113765,0.98400778,-0.096076906,-0.149993,0
-1.4152448,1.1097089,-0.4781751,-0.11897415,0.27218792,-0.95486063,0
-1.9294829,0.94766104,-0.71277046,-0.11897415,0.27218792,-0.95486063,0
-3.5861113,0.2499474,0.70381379,-0.98400778,0.096076906,0.149993,0
-0.053465635,-0.92664045,0.30702278,-0.13256633,-0.95743561,-0.25640437,0
-2.1197176,-0.80106521,0.78111148,-0.13256633,-0.95743561,-0.25640437,0
0.66554773,0.68220115,1.1445442,0.13256633,0.95743561,0.25640437,0
2.5606556,0.33097291,0.65689421,0.13256633,0.95743561,0.25640437,0
-2.2403781,1.4188576,0.20559716,0.13256633,0.95743561,0.25640437,0
-1.0159627,0.25037462,-1.012695,-0.11897415,0.27218792,-0.95486063,0
-0.137914,-0.96032292,0.099792838,-0.13256633,-0.95743561,-0.25640437,0
1.5084343,0.59465528,1.2038352,0.11897415,-0.27218792,0.95486063,0
-3.5509233,1.1636143,0.44327903,-0.98400778,0.096076906,0.149993,0
-3.6589472,-0.44310021,0.79043412,-0.98400778,0.096076906,0.149993,0
3.4233191,-0.7033056,-1.288383,0.98400778,-0.096076906,-0.149993,0
3.4061275,0.2274971,-1.1262579,0.98400778,-0.096076906,-0.149993,0
0.19307055,-1.0500599,-0.20287314,-0.13256633,-0.95743561,-0.25640437,0
-1.5026002,-1.0680428,0.2952944,-0.13256633,-0.95743561,-0.25640437,0
-3.359704,-0.88967258,0.88506579,-0.13256633,-0.95743561,-0.25640437,0
-3.4549136,0.31982404,1.059077,-0.98400778,0.096076906,0.149993,0
-3.4109254,-0.022144198,-0.50159621,-0.11897415,0.27218792,-0.95486063,0
-3.5218725,0.1466639,1.1980844,-0.98400778,0.096076906,0.149993,0
-0.60690904,1.235834,-0.0057331622,0.13256633,0.95743561,0.25640437,0
-0.64946306,-0.060033575,-1.153656,-0.11897415,0.27218792,-0.95486063,0
-0.23170891,-0.51299065,0.74448144,0.11897415,-0.27218792,0.95486063,0
0.1946649,0.88497418,-0.20072088,0.13256633,0.95743561,0.25640437,0
-0.27841368,-0.61444211,0.77051187,0.11897415,-0.27218792,0.95486063,0
-3.398355,0.0051124692,-0.0096080303,-0.98400778,0.096076906,0.149993,0
1.1812245,-0.51761651,-1.1613719,-0.11897415,0.27218792,-0.95486063,0
-0.42378291,-0.93768263,0.44737044,-0.13256633,-0.95743561,-0.25640437,0
3.5925567,-0.24779257,0.34059572,0.11897415,-0.27218792,0.95486063,0
0.15939772,-0.85444403,-1.1421394,-0.13256633,-0.95743561,-0.25640437,0
-2.585964,-0.010768175,-0.56757057,-0.11897415,0.27218792,-0.95486063,0
3.3230255,-0.99075758,-0.98987365,0.98400778,-0.096076906,-0.149993,0
1.4371462,1.0695726,-0.85866594,0.13256633,0.95743561,0.25640437,0
-2.6414652,-1.0120192,1.2140586,0.11897415,-0.27218792,0.95486063,0
0.60442758,1.0387046,-0.90362114,-0.11897415,0.27218792,-0.95486063,0
3.7054443,0.19188899,0.72765422,0.11897415,-0.27218792,0.95486063,0
3.3745942,-0.79242986,0.0069129467,0.98400778,-0.096076906,-0.149993,0
-2.7390666,0.59413153,-0.50603223,-0.11897415,0.27218792,-0.95486063,0
-3.5410888,0.17183298,0.17779517,-0.98400778,0.096076906,0.149993,0
-0.29172623,1.186921,-0.7230798,-0.11897415,0.27218792,-0.95486063,0
-1.6776301,-0.49460047,0.93887496,0.11897415,-0.27218792,0.95486063,0
1.8248088,-0.42087579,0.71908194,0.11897415,-0.27218792,0.95486063,0
3.5729225,0.2002266,-0.30131149,0.98400778,-0.096076906,-0.149993,0
-1.3518186,0.87105358,1.2622992,0.11897415,-0.27218792,0.95486063,0
-2.2104571,-0.97067833,0.088106394,-0.13256633,-0.95743561,-0.25640437,0
3.3914547,-0.60919189,-1.4324303,0.98400778,-0.096076906,-0.149993,0
-1.8626791,-0.54316324,-0.4509896,-0.13256633,-0.95743561,-0.25640437,0
-1.582394,-0.98142046,1.0432156,0.11897415,-0.27218792,0.95486063,0
3.6625123,0.24083757,0.50413489,0.98400778,-0.096076906,-0.149993,0
2.7291269,-0.020150244,-1.418119,-0.11897415,0.27218792,-0.95486063,0
3.4560258,-1.1445947,-0.46686864,0.98400778,-0.096076906,-0.149993,0
3.5181754,-0.49168465,-0.36736655,0.98400778,-0.096076906,-0.149993,0
3.4310086,-0.64200127,0.21214342,0.98400778,-0.096076906,-0.149993,0
-0.55432695,0.0077447854,1.0894959,0.11897415,-0.27218792,0.95486063,0
3.415513,0.84277475,-1.3546705,0.98400778,-0.096076906,-0.149993,0
2.5585909,-0.79222727,-1.577141,-0.13256633,-0.95743561,-0.25640437,0
3.2825868,0.91988349,-1.223388,0.98400778,-0.096076906,-0.149993,0
-1.6673288,0.749632,1.6450046,0.11897415,-0.27218792,0.95486063,0
-3.3433862,1.4356313,0.13401294,-0.98400778,0.096076906,0.149993,0
0.64486641,-0.1802839,1.0019985,0.11897415,-0.27218792,0.95486063,0
-3.2034037,0.84404063,-0.47010112,-0.11897415,0.27218792,-0.95486063,0
3.4619589,0.51757222,0.033599615,0.98400778,-0.096076906,-0.149993,0
-2.0139494,1.1828448,0.0031297207,0.13256633,0.95743561,0.25640437,0
3.6243942,-0.40220761,0.17520213,0.98400778,-0.096076906,-0.149993,0
-2.5638607,1.1606783,-0.42291784,-0.11897415,0.27218792,-0.95486063,0
-3.3784189,-0.53875047,0.75030661,-0.98400778,0.096076906,0.149993,0
-2.4036839,-0.87323195,0.63849282,-0.13256633,-0.95743561,-0.25640437,0
-2.1379666,-0.83259743,1.1708088,0.11897415,-0.27218792,0.95486063,0
3.3329339,0.57846892,-0.74812746,0.98400778,-0.096076906,-0.149993,0
-3.1821287,0.44455913,1.54989,-0.98400778,0.096076906,0.149993,0
3.449163,0.69677174,0.14467216,0.13256633,0.95743561,0.25640437,0
2.832217,-1.1170746,-1.6410184,-0.11897415,0.27218792,-0.95486063,0
-1.378711,-0.44537967,-1.1596,-0.11897415,0.27218792,-0.95486063,0
-3.2474222,-0.10404736,1.3826671,-0.98400778,0.096076906,0.149993,0
2.5686898,-1.2798017,0.037077427,-0.13256633,-0.95743561,-0.25640437,0
2.7585483,-0.35943919,-1.3179905,-0.11897415,0.27218792,-0.95486063,0
3.2643564,0.44180238,-1.4774873,-0.11897415,0.27218792,-0.95486063,0
2.4305632,-1.1773801,-0.22404218,-0.13256633,-0.95743561,-0.25640437,0
-3.2000723,0.64139438,1.7636046,-0.98400778,0.096076906,0.149993,0
2.0018933,0.13788605,0.75132191,0.11897415,-0.27218792,0.95486063,0
1.3091495,-0.94499505,0.76448572,0.11897415,-0.27218792,0.95486063,0
-3.469296,0.15922493,-0.39976382,-0.11897415,0.27218792,-0.95486063,0
2.0590909,-0.53727722,-1.6080192,-0.11897415,0.27218792,-0.95486063,0
-3.3301566,-0.85887134,1.3083673,0.11897415,-0.27218792,0.95486063,0
-3.3085001,0.8940177,0.0707798,-0.98400778,0.096076906,0.149993,0
0.57013571,0.85524654,-0.15765417,0.13256633,0.95743561,0.25640437,0
-3.4012628,1.6423017,-0.34027457,-0.98400778,0.096076906,0.149993,0
-0.18199629,0.93525666,-0.71335113,-0.11897415,0.27218792,-0.95486063,0
-3.5224094,0.14427072,-0.43251109,-0.98400778,0.096076906,0.149993,0
3.7045708,-0.57182515,0.12733483,0.98400778,-0.096076906,-0.149993,0
1.1876831,-1.2215323,0.28627533,-0.13256633,-0.95743561,-0.25640437,0
-3.349875,0.2662164,0.84406829,-0.98400778,0.096076906,0.149993,0
1.2225794,-0.7870965,-1.0836908,-0.13256633,-0.95743561,-0.25640437,0
-3.3368773,0.40142936,0.37532234,-0.98400778,0.096076906,0.149993,0
2.4784901,-0.077307194,-1.441653,-0.11897415,0.27218792,-0.95486063,0
3.3213878,-0.90924478,0.22896338,0.98400778,-0.096076906,-0.149993,0
-3.2677147,0.27192494,1.4885871,-0.98400778,0.096076906,0.149993,0
-3.3268828,0.24161062,1.2438498,-0.98400778,0.096076906,0.149993,0
-3.4917939,1.3317859,0.49992108,-0.98400778,0.096076906,0.149993,0
1.3465989,-1.3868879,0.028927863,-0.13256633,-0.95743561,-0.25640437,0
-1.5519282,-0.090333745,1.0833468,0.11897415,-0.27218792,0.95486063,0
1.1997423,-0.16382557,-1.1217585,-0.11897415,0.27218792,-0.95486063,0
0.20192534,-0.84902036,-0.97093725,-0.13256633,-0.95743561,-0.25640437,0
3.2687886,0.73619664,-1.1759748,0.98400778,-0.096076906,-0.149993,0
-3.5143399,0.99788713,0.67088246,-0.98400778,0.096076906,0.149993,0
0.39212537,0.65486699,-0.74216783,-0.11897415,0.27218792,-0.95486063,0
3.4039874,-0.70646679,-1.3189163,0.98400778,-0.096076906,-0.149993,0
1.0447519,-0.33252591,-1.2608156,-0.11897415,0.27218792,-0.95486063,0
-2.2212205,0.076394528,-0.93624103,-0.11897415,0.27218792,-0.95486063,0
-0.44435212,-0.83529907,-0.15285382,-0.13256633,-0.95743561,-0.25640437,0
3.5469265,-0.71466851,0.017474651,0.98400778,-0.096076906,-0.149993,0
-0.056010842,1.2115579,-0.42091668,0.13256633,0.95743561,0.25640437,0
3.463078,-0.30957481,-0.141855,0.98400778,-0.096076906,-0.149993,0
-2.7353339,-0.70206451,-0.085401058,-0.13256633,-0.95743561,-0.25640437,0
-2.2567468,0.041273057,-0.75043321,-0.11897415,0.27218792,-0.95486063,0
0.55004764,0.23196162,0.97709143,0.11897415,-0.27218792,0.95486063,0
1.1651623,0.83393615,-0.0037839413,0.13256633,0.95743561,0.25640437,0
-3.5524709,0.78994548,0.50059056,-0.98400778,0.096076906,0.149993,0
2.2553525,-1.3083174,0.43057954,-0.13256633,-0.95743561,-0.25640437,0
-2.6184089,0.9453662,1.5091765,0.13256633,0.95743561,0.25640437,0
-1.2382581,-0.36390308,1.2775296,0.11897415,-0.27218792,0.95486063,0
-3.1511478,-0.098585963,1.419101,0.11897415,-0.27218792,0.95486063,0
3.3994517,0.47529227,-0.88257027,0.98400778,-0.096076906,-0.149993,0
-1.063496,0.31503198,-0.98092258,-0.11897415,0.27218792,-0.95486063,0
0.59197831,-1.0523728,-0.56806946,-0.13256633,-0.95743561,-0.25640437,0
2.5277369,-1.2532897,-0.19811511,-0.13256633,-0.95743561,-0.25640437,0
1.8419921,0.82005835,-0.97126198,-0.11897415,0.27218792,-0.95486063,0
2.7297711,0.34346271,0.95231247,0.11897415,-0.27218792,0.95486063,0
2.0930192,0.20753402,0.70048988,0.11897415,-0.27218792,0.95486063,0
-2.7888601,-0.8555916,0.34537888,-0.13256633,-0.95743561,-0.25640437,0
-3.541147,-0.61616033,1.0044923,-0.13256633,-0.95743561,-0.25640437,0
3.7132559,-0.33505428,0.0091938972,0.98400778,-0.096076906,-0.149993,0
3.3833041,0.38887525,-0.38390446,0.98400778,-0.096076906,-0.149993,0
3.4880788,0.22256625,0.31649327,0.98400778,-0.096076906,-0.149993,0
3.3574288,-0.20251223,-0.39115548,0.98400778,-0.096076906,-0.149993,0
-0.65546733,-0.93301237,-0.33219731,-0.13256633,-0.95743561,-0.25640437,0
-3.6233664,0.25900757,-0.3119452,-0.98400778,0.096076906,0.149993,0
-3.3924038,-0.73865998,0.76102662,-0.13256633,-0.95743561,-0.25640437,0
3.0463099,-1.2816328,-1.4147472,0.98400778,-0.096076906,-0.149993,0
-3.3203297,0.42554468,0.36515832,-0.98400778,0.096076906,0.149993,0
3.1765308,0.14771718,-1.4363029,0.98400778,-0.096076906,-0.149993,0
-3.4321973,1.1040387,1.2910793,-0.98400778,0.096076906,0.149993,0
-3.3319421,0.94036853,0.21793866,-0.98400778,0.096076906,0.149993,0
0.25461835,-0.88542747,0.053689457,-0.13256633,-0.95743561,-0.25640437,0
-2.3074512,1.1747644,-0.026183844,0.13256633,0.95743561,0.25640437,0
0.42289877,-0.028205246,1.1942241,0.11897415,-0.27218792,0.95486063,0
-0.87842602,-0.26890785,1.249959,0.11897415,-0.27218792,0.95486063,0
3.3555779,-0.27880117,-1.4865551,0.98400778,-0.096076906,-0.149993,0
-3.3329475,1.2648773,0.47467685,0.13256633,0.95743561,0.25640437,0
2.3224254,0.28359953,0.85578394,0.11897415,-0.27218792,0.95486063,0
-2.5993075,-0.72928894,0.31868577,-0.13256633,-0.95743561,-0.25640437,0
-3.5850515,-0.41930073,0.23208499,-0.98400778,0.096076906,0.149993,0
-0.59602851,-0.013089284,-0.91860241,-0.11897415,0.27218792,-0.95486063,0
-0.60548854,1.056893,0.67628562,0.13256633,0.95743561,0.25640437,0
3.2761674,0.090115249,-0.60945606,0.98400778,-0.096076906,-0.149993,0
3.6927514,-0.43713254,0.3241775,0.98400778,-0.096076906,-0.149993,0
-1.0525696,0.63315773,1.4275582,0.13256633,0.95743561,0.25640437,0
3.5085688,-0.19269922,-0.98200917,0.98400778,-0.096076906,-0.149993,0
-1.4453689,0.99663317,1.6583184,0.13256633,0.95743561,0.25640437,0
-3.2461576,0.70075846,1.6524599,0.11897415,-0.27218792,0.95486063,0
-3.2691159,-0.50434816,0.030172586,-0.13256633,-0.95743561,-0.25640437,0
1.202811,-0.18868655,1.0368578,0.11897415,-0.27218792,0.95486063,0
-1.9882622,1.2588969,-0.17399454,0.13256633,0.95743561,0.25640437,0
-1.9193254,0.51442802,-0.67222077,-0.11897415,0.27218792,-0.95486063,0
-3.5408382,0.80237031,0.15608144,-0.98400778,0.096076906,0.149993,0
2.0289707,-1.2864649,0.59349769,0.11897415,-0.27218792,0.95486063,0
3.6028509,-0.34239015,-0.52881241,0.98400778,-0.096076906,-0.149993,0
1.7556446,-0.052581578,-1.1210793,-0.11897415,0.27218792,-0.95486063,0
3.2771382,0.39478713,-1.3887312,-0.11897415,0.27218792,-0.95486063,0
-0.94940019,-0.88338387,-0.57320279,-0.13256633,-0.95743561,-0.25640437,0
0.14594769,-0.6450094,-1.1886333,-0.11897415,0.27218792,-0.95486063,0
2.2993436,-0.39802933,-1.6233497,-0.11897415,0.27218792,-0.95486063,0
-3.5353978,-0.40759283,-0.50401449,-0.98400778,0.096076906,0.149993,0
-2.7334313,0.93937325,1.0804722,0.13256633,0.95743561,0.25640437,0
0.51589948,1.2063578,-0.25891542,0.13256633,0.95743561,0.25640437,0
-2.1518104,-0.51191902,-0.10201406,-0.13256633,-0.95743561,-0.25640437,0
-3.387248,-0.30082697,0.45273614,-0.98400778,0.096076906,0.149993,0
1.3582661,-1.3383313,-0.014656663,-0.13256633,-0.95743561,-0.25640437,0
-3.640192,1.2636615,-0.065211535,-0.98400778,0.096076906,0.149993,0
-3.3660209,-0.42265576,0.24846864,-0.98400778,0.096076906,0.149993,0
0.81142688,-1.1629015,-0.18810391,-0.13256633,-0.95743561,-0.25640437,0
3.5628557,0.27572197,0.024744272,0.98400778,-0.096076906,-0.149993,0
0.60242862,-0.23037311,-1.0798619,-0.11897415,0.27218792,-0.95486063,0
3.4260867,-0.13010722,-0.033651829,0.98400778,-0.096076906,-0.149993,0
-3.5667577,-0.28928375,0.27912211,-0.98400778,0.096076906,0.149993,0
2.1539865,0.42652479,0.81225407,0.13256633,0.95743561,0.25640437,0
1.4053917,0.92490125,-0.052698374,0.13256633,0.95743561,0.25640437,0
-2.2113414,-0.70325327,1.2307172,0.11897415,-0.27218792,0.95486063,0
2.7718935,-1.2536033,0.026552677,-0.13256633,-0.95743561,-0.25640437,0
3.6997976,-0.28457308,0.1829617,0.98400778,-0.096076906,-0.149993,0
2.6201417,-1.0213544,-1.0911739,-0.13256633,-0.95743561,-0.25640437,0
-1.3582824,0.041746244,1.3309858,0.11897415,-0.27218792,0.95486063,0
-3.3273931,0.18206194,0.95186591,-0.98400778,0.096076906,0.149993,0
1.7546086,0.77800447,-1.0253155,-0.11897415,0.27218792,-0.95486063,0
2.6855407,0.73848593,-1.1914821,-0.11897415,0.27218792,-0.95486063,0
1.1358347,0.75668764,0.54319346,0.13256633,0.95743561,0.25640437,0
-1.3723332,1.3578343,-0.36848253,-0.11897415,0.27218792,-0.95486063,0
3.4235353,0.66007328,-1.2282121,0.98400778,-0.096076906,-0.149993,0
3.4012821,-0.54721183,-0.5704062,0.98400778,-0.096076906,-0.149993,0
-0.10803521,0.82991976,-0.77530181,-0.11897415,0.27218792,-0.95486063,0
1.9163207,0.65642691,0.59763682,0.13256633,0.95743561,0.25640437,0
-3.3084979,0.64297426,1.0992599,-0.98400778,0.096076906,0.149993,0
-3.4983189,0.14665261,0.50472784,-0.98400778,0.096076906,0.149993,0
2.3726797,-0.51097804,-1.6725712,-0.11897415,0.27218792,-0.95486063,0
3.4511566,-1.343724,-0.20488691,0.98400778,-0.096076906,-0.149993,0
1.6689545,0.85798454,-0.51953363,0.13256633,0.95743561,0.25640437,0
0.051016755,0.95552635,0.2304478,0.13256633,0.95743561,0.25640437,0
-0.38210332,0.47259516,-0.93985969,-0.11897415,0.27218792,-0.95486063,0
3.5005107,0.68340737,-1.0371048,0.98400778,-0.096076906,-0.149993,0
1.4100311,1.0427552,-0.98598111,-0.11897415,0.27218792,-0.95486063,0
3.7393148,0.22743332,0.075336218,0.98400778,-0.096076906,-0.149993,0
-3.3217838,0.80806541,-0.07694006,-0.98400778,0.096076906,0.149993,0
-1.0046877,-0.76879323,-0.049699306,-0.13256633,-0.95743561,-0.25640437,0
-3.4904652,0.28730074,0.91605473,-0.98400778,0.096076906,0.149993,0
-1.1352454,-0.62249881,-1.185254,-0.13256633,-0.95743561,-0.25640437,0
1.5073497,-1.1015347,-1.2617912,-0.13256633,-0.95743561,-0.25640437,0
3.6043246,0.2160008,0.35432053,0.98400778,-0.096076906,-0.149993,0
3.1200452,-1.2483349,-1.1678653,0.98400778,-0.096076906,-0.149993,0
0.012218863,0.70276618,0.57795614,0.13256633,0.95743561,0.25640437,0
1.6063764,0.44822282,0.78429252,0.13256633,0.95743561,0.25640437,0
-1.8562846,1.4909554,-0.52969933,-0.11897415,0.27218792,-0.95486063,0
-1.087195,-0.20327149,1.2881029,0.11897415,-0.27218792,0.95486063,0
2.6927149,0.77485281,0.24135947,0.13256633,0.95743561,0.25640437,0
3.366148,0.26984835,-0.40152311,0.98400778,-0.096076906,-0.149993,0
-2.637094,-0.29312623,-0.83241749,-0.11897415,0.27218792,-0.95486063,0
-2.7864909,-0.25921524,1.4640155,0.11897415,-0.27218792,0.95486063,0
3.426306,-0.92657042,-0.83381248,0.98400778,-0.096076906,-0.149993,0
-3.3376274,1.1568599,-0.40124774,-0.11897415,0.27218792,-0.95486063,0
3.3595417,-0.85542411,-0.41138434,0.98400778,-0.096076906,-0.149993,0
-1.4781005,0.613446,-0.88224304,-0.11897415,0.27218792,-0.95486063,0
-3.3483567,0.30968976,-0.00075984001,-0.98400778,0.096076906,0.149993,0
-0.42332634,-0.8539955,0.26122805,-0.13256633,-0.95743561,-0.25640437,0
-1.199796,1.1961749,-0.17185324,0.13256633,0.95743561,0.25640437,0
-0.94210774,0.79959464,0.91328788,0.13256633,0.95743561,0.25640437,0
-2.6156807,1.2628183,0.43824697,0.13256633,0.95743561,0.25640437,0
2.657814,-0.74205661,0.32923913,0.11897415,-0.27218792,0.95486063,0
-2.2655742,0.51436371,1.5489018,0.11897415,-0.27218792,0.95486063,0
-2.6721683,0.010884017,1.2881913,0.11897415,-0.27218792,0.95486063,0
-3.511713,-0.36890072,0.043837786,-0.98400778,0.096076906,0.149993,0
-1.6246371,-0.47972453,-1.1697841,-0.11897415,0.27218792,-0.95486063,0
-0.59607279,-1.2984819,0.59659147,-0.13256633,-0.95743561,-0.25640437,0
-3.3292074,0.93042231,-0.050024271,-0.98400778,0.096076906,0.149993,0
-0.70086926,1.1087102,0.48171329,0.13256633,0.95743561,0.25640437,0
-3.7059066,0.18208009,-0.55585718,-0.98400778,0.096076906,0.149993,0
-1.3971984,1.1849017,-0.20580012,0.13256633,0.95743561,0.25640437,0
2.4847469,-0.97349536,0.27038217,0.11897415,-0.27218792,0.95486063,0
-3.3203502,0.2647118,0.9754405,-0.98400778,0.096076906,0.149993,0
3.6048744,0.1700986,0.29970145,0.98400778,-0.096076906,-0.149993,0
-0.23307145,0.63252866,1.2575152,0.13256633,0.95743561,0.25640437,0
-1.4272597,0.49000475,1.2493796,0.11897415,-0.27218792,0.95486063,0
1.543312,-1.1320319,-0.11119819,-0.13256633,-0.95743561,-0.25640437,0
0.73324728,-1.212186,-0.28894967,-0.13256633,-0.95743561,-0.25640437,0
-3.6451077,-0.6328119,0.92563534,-0.98400778,0.096076906,0.149993,0
-2.3959498,-0.82583678,0.23412061,-0.13256633,-0.95743561,-0.25640437,0
-2.7978463,0.85898173,1.5163462,0.13256633,0.95743561,0.25640437,0
3.4593413,0.18466204,-0.57862043,0.98400778,-0.096076906,-0.149993,0
2.1120508,0.52873075,-1.3148171,-0.11897415,0.27218792,-0.95486063,0
2.1370261,-1.4390831,-0.37976694,-0.13256633,-0.95743561,-0.25640437,0
-2.8499565,1.3912616,-0.37476647,-0.11897415,0.27218792,-0.95486063,0
2.1492321,-1.2339407,-0.69864666,-0.13256633,-0.95743561,-0.25640437,0
-1.9372613,1.2545865,-0.22383642,0.13256633,0.95743561,0.25640437,0
-3.4092233,0.19918659,1.2831492,-0.98400778,0.096076906,0.149993,0
1.3215746,-0.076860324,-1.1747606,-0.11897415,0.27218792,-0.95486063,0
1.4680707,-1.0343748,-0.3187722,-0.13256633,-0.95743561,-0.25640437,0
3.2931404,-0.74876618,-1.2721064,0.98400778,-0.096076906,-0.149993,0
-1.0127637,-0.95671356,0.87166393,0.11897415,-0.27218792,0.95486063,0
-2.3984108,0.20666364,-0.54381895,-0.11897415,0.27218792,-0.95486063,0
3.5690777,-0.79660285,0.39325118,0.98400778,-0.096076906,-0.149993,0
-2.8510339,1.2133563,0.79619002,0.13256633,0.95743561,0.25640437,0
-2.9184654,0.21688971,1.3742898,0.11897415,-0.27218792,0.95486063,0
-0.73572695,-1.1370602,0.18353784,-0.13256633,-0.95743561,-0.25640437,0
0.29340029,-0.56994861,0.65406054,0.11897415,-0.27218792,0.95486063,0
-2.630435,-0.80045414,0.5384357,-0.13256633,-0.95743561,-0.25640437,0
3.4243972,0.35761064,0.13925743,0.13256633,0.95743561,0.25640437,0
2.3885205,-1.1562533,0.35186827,0.11897415,-0.27218792,0.95486063,0
-3.158493,-0.46801347,-0.40850925,-0.13256633,-0.95743561,-0.25640437,0
0.00014764071,0.92746037,-0.58108306,-0.11897415,0.27218792,-0.95486063,0
-3.2093558,-0.083491802,1.0599844,-0.98400778,0.096076906,0.149993,0
-1.6044614,1.0972515,-0.63201129,-0.11897415,0.27218792,-0.95486063,0
-2.8515019,0.89290339,1.6308873,0.13256633,0.95743561,0.25640437,0
-3.3952026,0.74468213,-0.37386799,-0.98400778,0.096076906,0.149993,0
-3.132606,1.2993982,0.030522823,0.13256633,0.95743561,0.25640437,0
3.5543087,-0.43971261,0.64339089,0.98400778,-0.096076906,-0.149993,0
3.1289992,-0.19208819,-1.3940892,0.98400778,-0.096076906,-0.149993,0
3.6081033,0.82917619,-1.2037554,0.98400778,-0.096076906,-0.149993,0
3.1535857,-0.74818516,-1.4059496,0.98400778,-0.096076906,-0.149993,0
-2.8024464,1.1415281,0.61543274,0.13256633,0.95743561,0.25640437,0
-3.3779688,1.1905682,1.1242011,-0.98400778,0.096076906,0.149993,0
-1.9789193,-0.9513135,-0.012672067,-0.13256633,-0.95743561,-0.25640437,0
3.519465,-0.93666446,-0.6614573,0.98400778,-0.096076906,-0.149993,0
-3.4950798,0.056981206,0.48152399,-0.98400778,0.096076906,0.149993,0
3.2069921,-0.174992,-1.3928554,-0.11897415,0.27218792,-0.95486063,0
-2.3967676,-0.92496431,1.1495404,-0.13256633,-0.95743561,-0.25640437,0
-2.4712665,-0.046064675,-0.84571195,-0.11897415,0.27218792,-0.95486063,0
1.4224708,0.68559307,0.67844701,0.13256633,0.95743561,0.25640437,0
-3.4595828,0.898184,0.63271356,-0.98400778,0.096076906,0.149993,0
2.614063,-1.0294917,0.40808868,0.11897415,-0.27218792,0.95486063,0
-2.5307109,1.0650414,1.2674,0.13256633,0.95743561,0.25640437,0
-1.9167821,-0.63355875,-0.87259901,-0.13256633,-0.95743561,-0.25640437,0
-3.2333889,0.093385786,0.91162801,-0.98400778,0.096076906,0.149993,0
-3.5418377,0.16059902,1.1512921,-0.98400778,0.096076906,0.149993,0
1.5415175,-0.90659893,-1.3339593,-0.13256633,-0.95743561,-0.25640437,0
2.3535051,-0.53411794,-1.4857347,-0.11897415,0.27218792,-0.95486063,0
-1.3458276,-1.0015688,0.28719664,-0.13256633,-0.95743561,-0.25640437,0
-0.70871031,1.341803,-0.74790251,-0.11897415,0.27218792,-0.95486063,0
0.50453722,1.2658354,-0.69641858,-0.11897415,0.27218792,-0.95486063,0
2.8295746,0.55431801,-0.066178322,0.13256633,0.95743561,0.25640437,0
3.5902164,-0.058943212,0.16207886,0.98400778,-0.096076906,-0.149993,0
2.7669883,-0.064559609,-1.3875911,-0.11897415,0.27218792,-0.95486063,0
3.5785246,-1.0020453,0.01219058,0.98400778,-0.096076906,-0.149993,0
-3.4251404,0.031910062,-0.31740093,-0.98400778,0.096076906,0.149993,0
-0.48358881,-0.57543826,0.91769034,0.11897415,-0.27218792,0.95486063,0
-3.6310871,0.70731992,0.39044929,-0.98400778,0.096076906,0.149993,0
-0.052132417,0.82392597,0.10745363,0.13256633,0.95743561,0.25640437,0
-2.3556011,0.61986959,-0.7391088,-0.11897415,0.27218792,-0.95486063,0
3.17712,-1.1290016,-0.87828135,0.98400778,-0.096076906,-0.149993,0
3.2756562,-0.61726159,-1.7376373,0.98400778,-0.096076906,-0.149993,0
-1.4986267,-0.91172028,-0.075146914,-0.13256633,-0.95743561,-0.25640437,0
-1.9387636,0.67851549,-0.79876715,-0.11897415,0.27218792,-0.95486063,0
-3.6081605,-0.03838855,0.77803588,-0.98400778,0.096076906,0.149993,0
3.4899917,-0.42171213,-1.4563961,0.98400778,-0.096076906,-0.149993,0
3.2290061,-1.1208953,-1.4346185,0.98400778,-0.096076906,-0.149993,0
-3.4431033,-0.40084261,-0.23227429,-0.13256633,-0.95743561,-0.25640437,0
-2.1761107,-0.73688734,-0.24128544,-0.13256633,-0.95743561,-0.25640437,0
1.5391712,-1.0561405,0.68846476,0.11897415,-0.27218792,0.95486063,0
2.9913435,0.014259011,-1.6007109,-0.11897415,0.27218792,-0.95486063,0
-3.2079349,0.65847397,0.55995536,-0.98400778,0.096076906,0.149993,0
3.1415925,-0.57098591,-1.145946,0.98400778,-0.096076906,-0.149993,0
1.6125164,0.97076893,-0.91094375,-0.11897415,0.27218792,-0.95486063,0
3.2919598,0.42773968,-0.91014242,0.98400778,-0.096076906,-0.149993,0
0.029171288,0.84113336,-0.78365105,-0.11897415,0.27218792,-0.95486063,0
2.1370277,-1.2269169,0.34652209,-0.13256633,-0.95743561,-0.25640437,0
