-1.5155687,-1.2584481,-2.8721578,-0.48821601,-0.56322241,-0.66665256,0
2.3715768,1.1393348,2.3900471,0.48821601,0.56322241,0.66665256,0
2.1800983,0.578475,3.1721277,0.48821601,0.56322241,0.66665256,0
-0.46984422,-2.5867395,-2.4402332,-0.48821601,-0.56322241,-0.66665256,0
1.8553458,0.21758211,0.6667276,0.74446821,0.12985152,-0.65490878,0
-1.0589676,-0.46957612,0.033212051,-0.74446821,-0.12985152,0.65490878,0
0.64697409,-1.3736031,0.75439465,0.4554252,-0.81603861,0.35590562,0
-1.964252,-0.40675592,-2.7218316,-0.4554252,0.81603861,-0.35590562,0
2.6720173,1.0808401,2.296335,0.48821601,0.56322241,0.66665256,0
1.8978176,0.70090723,3.3132925,0.48821601,0.56322241,0.66665256,0
-1.1592772,-2.8162096,-1.2591779,0.4554252,-0.81603861,0.35590562,0
-2.4528461,-0.20402873,-1.5951183,-0.74446821,-0.12985152,0.65490878,0
-0.20363629,1.7744839,1.5897652,-0.74446821,-0.12985152,0.65490878,0
-0.19260216,-0.9707005,-1.8869164,0.74446821,0.12985152,-0.65490878,0
0.52288538,-1.3816698,0.79999089,0.4554252,-0.81603861,0.35590562,0
-1.8627541,-2.1704116,-2.284883,-0.48821601,-0.56322241,-0.66665256,0
-2.4537904,-1.8358613,-2.1344786,-0.48821601,-0.56322241,-0.66665256,0
-1.9316801,0.1163736,-0.71121377,-0.74446821,-0.12985152,0.65490878,0
-0.080276281,0.86239654,-1.4486271,0.74446821,0.12985152,-0.65490878,0
-2.5752146,-0.90161788,-1.3415812,-0.74446821,-0.12985152,0.65490878,0
-0.86041862,-0.51409149,0.71284062,-0.74446821,-0.12985152,0.65490878,0
-0.84256554,-0.4075247,0.18544823,-0.74446821,-0.12985152,0.65490878,0
-1.8763782,-2.5023479,-1.5738032,-0.48821601,-0.56322241,-0.66665256,0
0.24765038,2.3985107,2.415381,-0.74446821,-0.12985152,0.65490878,0
0.47931737,-0.53149664,2.1713176,-0.74446821,-0.12985152,0.65490878,0
-1.3512611,0.77158171,-1.2459595,-0.4554252,0.81603861,-0.35590562,0
-1.7756739,-0.84423876,-3.0234447,-0.48821601,-0.56322241,-0.66665256,0
-1.8920207,-1.1943015,-2.6632395,-0.48821601,-0.56322241,-0.66665256,0
-0.6144793,-2.7107489,-2.6570392,-0.48821601,-0.56322241,-0.66665256,0
-0.90862387,0.12521422,-2.4660969,-0.4554252,0.81603861,-0.35590562,0
1.2926462,-0.032171428,2.9490275,0.4554252,-0.81603861,0.35590562,0
-2.0580721,-0.47141683,-1.0815855,-0.74446821,-0.12985152,0.65490878,0
0.48714337,-0.041676283,-0.88734049,0.74446821,0.12985152,-0.65490878,0
-1.8353596,-0.76783907,-3.370374,-0.48821601,-0.56322241,-0.66665256,0
-0.89865464,0.37019652,-1.7801452,-0.4554252,0.81603861,-0.35590562,0
1.3171296,2.7710721,0.82472396,0.74446821,0.12985152,-0.65490878,0
-2.3645546,-1.7225641,-2.3303823,-0.48821601,-0.56322241,-0.66665256,0
-1.6546321,-1.989013,-2.1395087,-0.48821601,-0.56322241,-0.66665256,0
2.0850611,0.51902443,2.3482738,0.4554252,-0.81603861,0.35590562,0
0.65152133,-1.7355769,-0.32341754,0.4554252,-0.81603861,0.35590562,0
1.3393934,0.90970647,3.5146813,-0.74446821,-0.12985152,0.65490878,0
-2.0136065,-1.6049939,-2.2246835,-0.48821601,-0.56322241,-0.66665256,0
-0.68328488,0.90879744,-1.3995199,-0.4554252,0.81603861,-0.35590562,0
-2.568887,-1.4655132,-2.2789891,-0.48821601,-0.56322241,-0.66665256,0
1.3931313,0.88004017,3.1926532,-0.74446821,-0.12985152,0.65490878,0
0.32214624,0.44347101,-1.2076004,0.74446821,0.12985152,-0.65490878,0
1.6722779,2.7557387,1.7885017,0.48821601,0.56322241,0.66665256,0
0.5748657,-1.6096778,-1.058856,0.74446821,0.12985152,-0.65490878,0
-0.56734079,0.10822862,0.80545342,-0.74446821,-0.12985152,0.65490878,0
0.5850023,2.8890359,1.5902722,-0.4554252,0.81603861,-0.35590562,0
-1.3871057,-1.7336005,-2.758409,-0.48821601,-0.56322241,-0.66665256,0
1.5118077,1.6947196,0.51534879,0.74446821,0.12985152,-0.65490878,0
-0.058522671,0.4264434,1.8497047,-0.74446821,-0.12985152,0.65490878,0
-1.4276865,1.1204045,0.26066434,-0.4554252,0.81603861,-0.35590562,0
1.0652514,-0.96495831,0.64499438,0.4554252,-0.81603861,0.35590562,0
-2.0347819,-1.1261321,-2.5817771,-0.48821601,-0.56322241,-0.66665256,0
-0.48206162,-2.3537719,-0.94048226,0.4554252,-0.81603861,0.35590562,0
1.5087045,1.4158529,2.8074455,0.48821601,0.56322241,0.66665256,0
-0.14095232,-0.30359775,-2.006294,0.74446821,0.12985152,-0.65490878,0
-2.0258424,-1.2605821,-0.72909868,-0.74446821,-0.12985152,0.65490878,0
1.181233,2.8569736,1.7104514,0.48821601,0.56322241,0.66665256,0
-0.48160887,1.5674492,0.17262375,-0.4554252,0.81603861,-0.35590562,0
1.7414417,1.9513965,2.5369582,0.48821601,0.56322241,0.66665256,0
1.7270312,0.72001356,3.1541743,0.48821601,0.56322241,0.66665256,0
2.4024262,1.3809314,2.4148581,0.48821601,0.56322241,0.66665256,0
0.67948288,-0.12388551,2.2809415,-0.74446821,-0.12985152,0.65490878,0
-0.062381744,-2.7072847,-2.1252577,0.4554252,-0.81603861,0.35590562,0
0.12098193,-2.6431854,-1.9741454,0.74446821,0.12985152,-0.65490878,0
1.5541271,1.9429004,2.5353198,0.48821601,0.56322241,0.66665256,0
-1.7719067,-0.36410975,-0.34376091,-0.74446821,-0.12985152,0.65490878,0
-2.4230103,-0.87931585,-2.7137895,-0.4554252,0.81603861,-0.35590562,0
0.67692471,-1.4794459,0.12447679,0.4554252,-0.81603861,0.35590562,0
-1.0359051,-0.66575313,-3.041702,0.74446821,0.12985152,-0.65490878,0
0.8226949,2.4506228,2.750947,0.48821601,0.56322241,0.66665256,0
-1.8185861,-2.6463776,-0.98451507,-0.74446821,-0.12985152,0.65490878,0
-1.7210158,-1.8215125,-2.421205,-0.48821601,-0.56322241,-0.66665256,0
-0.9273566,0.48468792,-2.3794544,-0.4554252,0.81603861,-0.35590562,0
1.9502406,1.1431065,2.735755,0.48821601,0.56322241,0.66665256,0
0.54654604,2.0980611,-0.57241797,-0.4554252,0.81603861,-0.35590562,0
-1.1123819,-2.416692,-2.1215196,-0.48821601,-0.56322241,-0.66665256,0
1.2308135,-1.3240108,-0.12226188,0.4554252,-0.81603861,0.35590562,0
2.2389483,1.8055267,1.9999864,0.48821601,0.56322241,0.66665256,0
-1.3627644,0.15762147,-2.335592,-0.4554252,0.81603861,-0.35590562,0
-2.7945848,-0.83931351,-2.596108,-0.48821601,-0.56322241,-0.66665256,0
-1.6062839,-3.2274013,-1.2284327,-0.48821601,-0.56322241,-0.66665256,0
-0.99797952,1.0769638,0.0061731339,-0.4554252,0.81603861,-0.35590562,0
-1.1443233,-0.74252915,-3.1050913,0.74446821,0.12985152,-0.65490878,0
-1.4874161,-1.8724408,-2.4776101,-0.48821601,-0.56322241,-0.66665256,0
2.1013122,2.1404476,2.0907538,0.48821601,0.56322241,0.66665256,0
1.7522478,0.13935906,1.8811377,0.4554252,-0.81603861,0.35590562,0
-0.9933961,-2.0431824,-2.6591473,-0.48821601,-0.56322241,-0.66665256,0
2.1415279,2.5501418,1.5882914,0.48821601,0.56322241,0.66665256,0
-1.672859,-1.5933206,-0.80555463,-0.74446821,-0.12985152,0.65490878,0
-2.2024522,-1.206939,-2.8413565,-0.48821601,-0.56322241,-0.66665256,0
-0.55154061,2.2670953,1.2883613,-0.4554252,0.81603861,-0.35590562,0
-0.1060499,-1.5708725,1.0230696,0.4554252,-0.81603861,0.35590562,0
-2.6310053,-1.4154538,-2.3902397,-0.48821601,-0.56322241,-0.66665256,0
2.2695723,1.6644371,2.1092687,0.48821601,0.56322241,0.66665256,0
-0.37199122,1.362383,-0.55567038,-0.4554252,0.81603861,-0.35590562,0
1.0813434,-0.87728572,0.734411,0.4554252,-0.81603861,0.35590562,0
2.2489095,1.6643319,2.023947,0.48821601,0.56322241,0.66665256,0
-1.555021,-2.623116,-1.877525,-0.48821601,-0.56322241,-0.66665256,0
-2.7163777,-1.3681095,-2.357306,-0.48821601,-0.56322241,-0.66665256,0
2.1760018,2.4360616,1.8905227,0.48821601,0.56322241,0.66665256,0
0.90140992,-0.068450034,-0.21768619,0.74446821,0.12985152,-0.65490878,0
1.7812605,2.4466956,1.686603,0.48821601,0.56322241,0.66665256,0
2.74119,1.0814575,2.1218894,0.48821601,0.56322241,0.66665256,0
-1.9221382,-0.39553344,-0.48179373,-0.74446821,-0.12985152,0.65490878,0
-1.4049168,-1.4477366,-2.8213682,-0.48821601,-0.56322241,-0.66665256,0
-1.4725473,0.78482342,-0.88671482,-0.4554252,0.81603861,-0.35590562,0
2.3071785,1.5108358,2.480021,0.48821601,0.56322241,0.66665256,0
-0.78962338,-2.4875326,-2.386539,-0.48821601,-0.56322241,-0.66665256,0
-1.1055044,-1.7377114,-2.945982,0.74446821,0.12985152,-0.65490878,0
-0.12610257,-1.5115701,0.70056474,0.4554252,-0.81603861,0.35590562,0
1.7466145,0.20111042,2.4296222,0.4554252,-0.81603861,0.35590562,0
2.906646,0.94243163,2.6224368,0.48821601,0.56322241,0.66665256,0
-1.1032138,-2.3727262,-2.3766603,-0.48821601,-0.56322241,-0.66665256,0
-0.6496253,-2.9981465,-2.3742628,0.4554252,-0.81603861,0.35590562,0
-0.60360825,0.075600326,-2.15994,0.74446821,0.12985152,-0.65490878,0
-1.0230026,0.63991231,-0.89176166,-0.4554252,0.81603861,-0.35590562,0
2.67573,0.25141829,1.7998662,0.4554252,-0.81603861,0.35590562,0
2.7492595,0.84322649,2.2834439,0.48821601,0.56322241,0.66665256,0
-0.04491818,2.4807889,2.1966813,-0.74446821,-0.12985152,0.65490878,0
-0.23301864,1.8871469,0.69497848,-0.4554252,0.81603861,-0.35590562,0
2.0790789,0.15827775,0.63422388,0.74446821,0.12985152,-0.65490878,0
2.6586583,0.73971504,2.483511,0.48821601,0.56322241,0.66665256,0
-0.47946578,-1.7997739,-2.342083,0.74446821,0.12985152,-0.65490878,0
0.34732962,-1.6316379,-0.50930279,0.4554252,-0.81603861,0.35590562,0
-1.7428287,-1.4935343,-2.6983833,-0.48821601,-0.56322241,-0.66665256,0
0.99960721,-1.3720574,-0.54453027,0.4554252,-0.81603861,0.35590562,0
-2.1656718,-0.030222535,-1.3970177,-0.4554252,0.81603861,-0.35590562,0
-0.48174393,1.6208823,1.5226326,-0.74446821,-0.12985152,0.65490878,0
1.1721746,1.6778984,0.27351797,0.74446821,0.12985152,-0.65490878,0
1.2173886,0.52594817,3.1761696,-0.74446821,-0.12985152,0.65490878,0
1.3072674,2.9943554,1.0962759,-0.4554252,0.81603861,-0.35590562,0
2.8607953,1.2366045,1.9805825,0.74446821,0.12985152,-0.65490878,0
0.67435169,2.2076764,2.7173128,0.48821601,0.56322241,0.66665256,0
0.43190175,-1.4455042,0.71522772,0.4554252,-0.81603861,0.35590562,0
-1.2076707,-2.3117418,-2.1850047,-0.48821601,-0.56322241,-0.66665256,0
1.0287895,-0.72236395,1.0836397,0.4554252,-0.81603861,0.35590562,0
-2.4649923,-0.750283,-2.5622778,-0.48821601,-0.56322241,-0.66665256,0
-2.0312819,-0.043052375,-1.9776261,-0.4554252,0.81603861,-0.35590562,0
1.0195055,-0.97524554,1.1725821,0.4554252,-0.81603861,0.35590562,0
-2.0488746,-2.3997517,-1.054238,-0.74446821,-0.12985152,0.65490878,0
2.6544299,1.7350433,1.6224108,0.48821601,0.56322241,0.66665256,0
0.88416862,2.4775145,2.4524632,0.48821601,0.56322241,0.66665256,0
0.65619844,0.61562067,2.1509256,-0.74446821,-0.12985152,0.65490878,0
1.1831844,-0.59612465,1.7180645,0.4554252,-0.81603861,0.35590562,0
-2.0880568,-0.57289428,-3.0309172,-0.48821601,-0.56322241,-0.66665256,0
0.52930212,-0.40519738,-0.93286705,0.74446821,0.12985152,-0.65490878,0
2.0088611,1.4065053,2.2995777,0.48821601,0.56322241,0.66665256,0
0.83937442,1.3056068,-0.12512749,0.74446821,0.12985152,-0.65490878,0
-1.3762904,-1.6132572,-3.0335917,-0.48821601,-0.56322241,-0.66665256,0
-0.059874892,-2.273037,-0.58563232,0.4554252,-0.81603861,0.35590562,0
-0.69406575,-1.0201887,-2.3024759,0.74446821,0.12985152,-0.65490878,0
-0.3938148,0.45403302,-2.1079795,-0.4554252,0.81603861,-0.35590562,0
1.1355284,1.9735135,2.6537294,0.48821601,0.56322241,0.66665256,0
-0.61407137,1.8116026,1.3468704,-0.74446821,-0.12985152,0.65490878,0
-1.1386243,0.14522678,0.48961505,-0.74446821,-0.12985152,0.65490878,0
0.44643542,0.13827002,1.8588641,-0.74446821,-0.12985152,0.65490878,0
-0.014399052,2.5826604,1.377275,-0.4554252,0.81603861,-0.35590562,0
-0.3618567,-2.0623283,-0.39674675,0.4554252,-0.81603861,0.35590562,0
-3.0095048,-1.2213658,-2.1431122,-0.48821601,-0.56322241,-0.66665256,0
-0.092232265,-0.1376757,1.5208465,-0.74446821,-0.12985152,0.65490878,0
-0.50091577,1.1627738,-0.63159889,-0.4554252,0.81603861,-0.35590562,0
0.29005367,1.8267143,-0.49669248,-0.4554252,0.81603861,-0.35590562,0
-3.071476,-1.0163369,-2.4001827,-0.48821601,-0.56322241,-0.66665256,0
1.486825,1.2794073,3.0828393,0.48821601,0.56322241,0.66665256,0
-2.2261069,-1.0470471,-0.99909657,-0.74446821,-0.12985152,0.65490878,0
0.72616911,3.1105239,2.0908141,-0.4554252,0.81603861,-0.35590562,0
0.091686726,1.9181898,0.10069346,-0.4554252,0.81603861,-0.35590562,0
-0.44345748,1.9137151,0.76523328,-0.4554252,0.81603861,-0.35590562,0
0.60736823,-0.82799923,1.8882793,0.4554252,-0.81603861,0.35590562,0
-1.3571632,-3.1950231,-1.3940383,0.4554252,-0.81603861,0.35590562,0
-0.95491427,-1.156866,0.36589432,-0.74446821,-0.12985152,0.65490878,0
1.6703863,2.4515615,0.72964585,0.74446821,0.12985152,-0.65490878,0
0.51192212,3.0052524,2.3270619,-0.4554252,0.81603861,-0.35590562,0
0.70250154,-0.54321951,1.8585069,0.4554252,-0.81603861,0.35590562,0
0.10900486,-1.492507,0.1241256,0.4554252,-0.81603861,0.35590562,0
2.4591393,1.4316413,2.4831357,0.48821601,0.56322241,0.66665256,0
-2.1133068,-2.0368853,-1.8044176,-0.48821601,-0.56322241,-0.66665256,0
1.4486665,0.19789031,2.9258616,0.4554252,-0.81603861,0.35590562,0
0.27181387,2.0457027,0.62690687,-0.4554252,0.81603861,-0.35590562,0
-1.7497346,-2.6759305,-1.460339,-0.48821601,-0.56322241,-0.66665256,0
-0.82186079,1.8661048,0.81103504,-0.4554252,0.81603861,-0.35590562,0
0.53753519,2.746412,1.0797776,-0.4554252,0.81603861,-0.35590562,0
2.5468774,0.021592915,1.4656293,0.4554252,-0.81603861,0.35590562,0
-1.5540851,-0.10634679,-2.8580463,-0.4554252,0.81603861,-0.35590562,0
0.48740953,1.7539207,-0.25660747,-0.4554252,0.81603861,-0.35590562,0
-2.5036993,-0.95132428,-2.8458295,-0.48821601,-0.56322241,-0.66665256,0
-0.32832026,0.58833599,1.2016309,-0.74446821,-0.12985152,0.65490878,0
-0.83036339,-2.1159415,-2.8353832,-0.48821601,-0.56322241,-0.66665256,0
0.53729892,-1.6459782,-1.0090055,0.74446821,0.12985152,-0.65490878,0
0.067934513,2.8555877,2.3857441,-0.4554252,0.81603861,-0.35590562,0
-0.13445467,1.1778014,-1.2601349,-0.4554252,0.81603861,-0.35590562,0
-2.3798566,-1.9335777,-1.7436837,-0.48821601,-0.56322241,-0.66665256,0
-0.81912476,-1.4920053,0.45406461,-0.74446821,-0.12985152,0.65490878,0
1.4926866,0.26461333,2.581502,0.4554252,-0.81603861,0.35590562,0
2.0834656,0.64661211,2.7512584,0.4554252,-0.81603861,0.35590562,0
1.5917866,3.1371756,0.83734119,0.74446821,0.12985152,-0.65490878,0
2.1622851,2.3903522,1.4811043,0.48821601,0.56322241,0.66665256,0
-3.0112665,-0.44380105,-1.9355419,-0.4554252,0.81603861,-0.35590562,0
-0.69160998,1.5047903,0.38051015,-0.4554252,0.81603861,-0.35590562,0
-1.0395796,0.25735563,-2.0907826,-0.4554252,0.81603861,-0.35590562,0
1.7188364,1.6008835,2.8568721,0.48821601,0.56322241,0.66665256,0
-1.6871085,0.12330683,-2.2777975,-0.4554252,0.81603861,-0.35590562,0
-0.19306946,2.3588216,1.276812,-0.4554252,0.81603861,-0.35590562,0
-1.4940996,0.60277796,-0.26014259,-0.74446821,-0.12985152,0.65490878,0
-0.52626014,1.4538782,-0.24174249,-0.4554252,0.81603861,-0.35590562,0
-1.0137784,0.00046396255,-2.4226902,-0.4554252,0.81603861,-0.35590562,0
-1.3443443,-2.5449841,-2.3435178,-0.48821601,-0.56322241,-0.66665256,0
-0.67367232,-1.9482139,0.47999489,-0.74446821,-0.12985152,0.65490878,0
-0.95726264,1.8510482,0.94328523,-0.74446821,-0.12985152,0.65490878,0
-2.2267456,-1.910888,-1.6573839,-0.74446821,-0.12985152,0.65490878,0
-0.228719,-2.3566825,-1.1838868,0.4554252,-0.81603861,0.35590562,0
1.2467307,2.0478799,2.3439448,0.48821601,0.56322241,0.66665256,0
-2.8891802,-0.63791233,-2.3040605,-0.4554252,0.81603861,-0.35590562,0
-1.1705542,0.76120216,-1.0334244,-0.4554252,0.81603861,-0.35590562,0
0.97058177,1.7350662,2.8188853,0.48821601,0.56322241,0.66665256,0
0.96878105,1.6847987,-0.05208832,0.74446821,0.12985152,-0.65490878,0
2.1853194,1.8047922,2.4237077,0.48821601,0.56322241,0.66665256,0
-0.98910105,-2.8421254,-0.9148165,0.4554252,-0.81603861,0.35590562,0
-1.9573587,0.16446263,-1.5078944,-0.4554252,0.81603861,-0.35590562,0
0.49776846,-0.55911708,-1.1602067,0.74446821,0.12985152,-0.65490878,0
2.5081856,0.7915858,2.5200553,0.48821601,0.56322241,0.66665256,0
0.017815709,1.9969138,0.73484635,-0.4554252,0.81603861,-0.35590562,0
-1.7137018,-2.2743623,-1.8620745,-0.48821601,-0.56322241,-0.66665256,0
-2.6494918,-1.3217692,-2.0277824,-0.48821601,-0.56322241,-0.66665256,0
1.4551609,1.993929,2.236371,0.48821601,0.56322241,0.66665256,0
-0.59403527,-2.5702393,-2.7533476,-0.48821601,-0.56322241,-0.66665256,0
0.94981122,0.30110291,2.5129039,-0.74446821,-0.12985152,0.65490878,0
-1.6602017,-2.2916133,-2.0495639,-0.48821601,-0.56322241,-0.66665256,0
1.0587101,-0.46711358,1.9687439,0.4554252,-0.81603861,0.35590562,0
0.72489011,2.0970609,0.061596036,-0.4554252,0.81603861,-0.35590562,0
-0.1717999,-2.6024079,-1.1008575,0.4554252,-0.81603861,0.35590562,0
0.16146564,2.4378057,0.62077916,-0.4554252,0.81603861,-0.35590562,0
-1.318837,-2.7281442,-0.66215336,0.4554252,-0.81603861,0.35590562,0
2.1477647,2.5330145,1.3316927,0.48821601,0.56322241,0.66665256,0
-2.3150592,-1.4112374,-1.2236938,-0.74446821,-0.12985152,0.65490878,0
1.748981,3.1835921,1.5649948,0.48821601,0.56322241,0.66665256,0
0.11005106,0.45985341,-1.1564265,0.74446821,0.12985152,-0.65490878,0
-2.595037,-0.38897872,-1.3793772,-0.74446821,-0.12985152,0.65490878,0
-2.4412963,-0.48275512,-1.7682097,-0.4554252,0.81603861,-0.35590562,0
0.63776737,-1.138751,0.40993553,0.4554252,-0.81603861,0.35590562,0
1.0915345,0.6898585,2.696898,-0.74446821,-0.12985152,0.65490878,0
-0.25249541,-2.7256474,-1.4282745,0.4554252,-0.81603861,0.35590562,0
-0.71302843,1.3027452,-0.85516316,-0.4554252,0.81603861,-0.35590562,0
0.83429164,0.85634053,2.557802,-0.74446821,-0.12985152,0.65490878,0
-0.57212412,-2.2178323,-2.7071886,-0.48821601,-0.56322241,-0.66665256,0
1.6656517,2.8223271,1.6931045,0.48821601,0.56322241,0.66665256,0
-0.83548105,0.66915059,-1.9360278,-0.4554252,0.81603861,-0.35590562,0
-0.51491737,-2.3403566,-0.99713564,0.4554252,-0.81603861,0.35590562,0
0.1016798,2.238853,0.99268067,-0.4554252,0.81603861,-0.35590562,0
-2.3522434,-1.9200163,-1.6307122,-0.48821601,-0.56322241,-0.66665256,0
1.2748015,2.0278635,2.7452531,0.48821601,0.56322241,0.66665256,0
-0.12304244,-0.3591758,1.0769588,-0.74446821,-0.12985152,0.65490878,0
-0.18528748,1.7693981,0.16959238,-0.4554252,0.81603861,-0.35590562,0
-0.8741824,0.53360903,0.92715263,-0.74446821,-0.12985152,0.65490878,0
0.21398443,-1.5756806,0.81230515,0.4554252,-0.81603861,0.35590562,0
-1.114851,-1.6351817,-2.9911036,-0.48821601,-0.56322241,-0.66665256,0
0.11566293,-2.0778883,-0.81552589,0.4554252,-0.81603861,0.35590562,0
-1.2616875,-2.5806575,-2.3312426,-0.48821601,-0.56322241,-0.66665256,0
2.4337878,0.72942048,2.8910561,0.48821601,0.56322241,0.66665256,0
1.0984256,2.0828021,0.38192821,0.74446821,0.12985152,-0.65490878,0
2.0289326,-0.48029172,1.0029387,0.4554252,-0.81603861,0.35590562,0
0.227963,-0.60247332,1.809425,-0.74446821,-0.12985152,0.65490878,0
2.1787865,0.44506413,1.2912556,0.74446821,0.12985152,-0.65490878,0
1.1082758,1.9228828,2.7993631,0.48821601,0.56322241,0.66665256,0
1.0823621,-0.72637343,1.4317962,0.4554252,-0.81603861,0.35590562,0
1.7325113,-0.29237387,1.4441786,0.4554252,-0.81603861,0.35590562,0
0.87323421,1.8852941,-0.41768801,0.74446821,0.12985152,-0.65490878,0
2.6703131,1.2363924,2.4564843,0.48821601,0.56322241,0.66665256,0
0.093300104,-1.7908384,-0.082155526,0.4554252,-0.81603861,0.35590562,0
-0.2095685,-2.5668166,-1.3437721,0.4554252,-0.81603861,0.35590562,0
-0.98414326,1.1806444,-0.80297089,-0.4554252,0.81603861,-0.35590562,0
-1.8006442,-0.19318591,-2.4280696,-0.4554252,0.81603861,-0.35590562,0
1.7206395,3.2220597,1.2911744,0.48821601,0.56322241,0.66665256,0
2.3865783,1.9084263,1.2834189,0.74446821,0.12985152,-0.65490878,0
-1.3510282,-2.7378988,-1.7385856,-0.48821601,-0.56322241,-0.66665256,0
1.6011355,1.3191997,2.786864,0.48821601,0.56322241,0.66665256,0
0.32961026,0.85215938,1.803916,-0.74446821,-0.12985152,0.65490878,0
1.0263319,1.2019148,-0.05658263,0.74446821,0.12985152,-0.65490878,0
0.018087506,-1.6676022,0.081681371,0.4554252,-0.81603861,0.35590562,0
-1.2152855,0.2636323,-2.227747,-0.4554252,0.81603861,-0.35590562,0
0.77095509,-1.6529319,-0.96773362,0.74446821,0.12985152,-0.65490878,0
0.32972443,-0.993083,1.3884726,0.4554252,-0.81603861,0.35590562,0
-1.2778676,-2.1488521,-2.6850047,-0.48821601,-0.56322241,-0.66665256,0
2.0791626,1.4502887,2.3037159,0.48821601,0.56322241,0.66665256,0
2.4493959,0.88567865,1.6252211,0.74446821,0.12985152,-0.65490878,0
-0.0011997223,1.1878995,1.5778847,-0.74446821,-0.12985152,0.65490878,0
-0.14223668,-0.43373835,-1.9659164,0.74446821,0.12985152,-0.65490878,0
1.5192744,0.14719415,0.33115664,0.74446821,0.12985152,-0.65490878,0
1.4215755,-0.5646317,0.60397059,0.4554252,-0.81603861,0.35590562,0
-1.0705044,-1.2774745,0.26775074,-0.74446821,-0.12985152,0.65490878,0
0.31527317,2.2708709,2.2987857,-0.74446821,-0.12985152,0.65490878,0
-1.2648696,0.073779881,-2.6673567,0.74446821,0.12985152,-0.65490878,0
0.22269523,1.8349184,0.14194888,-0.4554252,0.81603861,-0.35590562,0
1.6851259,1.5185778,0.69648314,0.74446821,0.12985152,-0.65490878,0
-1.4246953,0.061105609,-2.4643962,-0.4554252,0.81603861,-0.35590562,0
-0.44817811,-0.8098011,0.92217529,-0.74446821,-0.12985152,0.65490878,0
-2.443167,-0.57330287,-2.2869506,-0.4554252,0.81603861,-0.35590562,0
2.3898306,1.4814532,2.3118551,0.48821601,0.56322241,0.66665256,0
-2.2592452,-1.7946527,-1.6756816,-0.74446821,-0.12985152,0.65490878,0
-1.1813928,-2.3524263,-0.11806607,-0.74446821,-0.12985152,0.65490878,0
1.0921265,-0.2499142,2.2966249,0.4554252,-0.81603861,0.35590562,0
1.6570759,2.540488,2.1845636,0.48821601,0.56322241,0.66665256,0
1.5349969,-0.24422148,1.726485,0.4554252,-0.81603861,0.35590562,0
1.5289599,3.4693336,1.4183637,0.48821601,0.56322241,0.66665256,0
1.8168614,0.69620174,0.7880795,0.74446821,0.12985152,-0.65490878,0
-0.61298013,-1.1020948,-2.6835489,0.74446821,0.12985152,-0.65490878,0
-1.8199415,-0.019652337,-1.960323,-0.4554252,0.81603861,-0.35590562,0
1.1154658,3.0994782,1.6690906,0.48821601,0.56322241,0.66665256,0
-1.652164,-2.6238863,-1.9059494,-0.48821601,-0.56322241,-0.66665256,0
0.97314072,1.5716488,2.9142368,-0.74446821,-0.12985152,0.65490878,0
1.2066056,-0.55347192,1.1724309,0.4554252,-0.81603861,0.35590562,0
-2.5353656,-1.7088659,-2.0762129,-0.48821601,-0.56322241,-0.66665256,0
-0.14197177,-1.6306059,0.17754775,0.4554252,-0.81603861,0.35590562,0
-0.54334652,1.8195927,0.75150263,-0.4554252,0.81603861,-0.35590562,0
-2.6882193,-1.1235918,-2.1887643,-0.48821601,-0.56322241,-0.66665256,0
1.5567136,1.8976063,2.5997162,0.48821601,0.56322241,0.66665256,0
3.1451273,0.97925174,2.3004584,0.74446821,0.12985152,-0.65490878,0
-1.6206524,-2.9492359,-1.5095837,-0.48821601,-0.56322241,-0.66665256,0
0.030189872,2.0403202,0.70247984,-0.4554252,0.81603861,-0.35590562,0
2.3462052,1.1373571,2.7292638,0.48821601,0.56322241,0.66665256,0
0.72888625,2.9357178,1.9450421,0.48821601,0.56322241,0.66665256,0
-1.2269346,-3.1418173,-1.7481717,0.4554252,-0.81603861,0.35590562,0
-1.1220983,0.68896127,-1.6215509,-0.4554252,0.81603861,-0.35590562,0
1.7476908,0.043303549,0.43380088,0.74446821,0.12985152,-0.65490878,0
-0.49577841,-1.2964343,0.76552039,-0.74446821,-0.12985152,0.65490878,0
0.023279667,-2.0684686,-0.69634688,0.4554252,-0.81603861,0.35590562,0
0.80130023,0.53274727,-0.58886755,0.74446821,0.12985152,-0.65490878,0
-0.70552182,-2.0303361,-2.8794391,-0.48821601,-0.56322241,-0.66665256,0
1.7681119,2.0274913,2.0006647,0.48821601,0.56322241,0.66665256,0
2.7344182,1.3165503,2.0666561,0.48821601,0.56322241,0.66665256,0
-1.0290822,-3.1578622,-1.4971509,0.4554252,-0.81603861,0.35590562,0
0.80217576,1.7348616,-0.28116685,0.74446821,0.12985152,-0.65490878,0
2.1543603,2.3488603,1.4215896,0.74446821,0.12985152,-0.65490878,0
-1.8070793,-2.9894803,-1.573727,-0.48821601,-0.56322241,-0.66665256,0
-1.9112293,-2.3601408,-1.3508424,-0.74446821,-0.12985152,0.65490878,0
-0.42761391,0.88224107,0.92275172,-0.74446821,-0.12985152,0.65490878,0
-0.40248054,-1.2013896,0.94433182,-0.74446821,-0.12985152,0.65490878,0
1.1993138,2.7916863,2.1744928,0.48821601,0.56322241,0.66665256,0
0.048158407,1.8755872,0.34805417,-0.4554252,0.81603861,-0.35590562,0
0.95642561,-0.66123319,-0.8472172,0.74446821,0.12985152,-0.65490878,0
1.1019348,-0.8944037,1.2914834,0.4554252,-0.81603861,0.35590562,0
0.044737279,1.198586,-1.1408532,-0.4554252,0.81603861,-0.35590562,0
1.9230764,2.3574345,1.3340963,0.74446821,0.12985152,-0.65490878,0
-0.71402025,-0.98575622,0.52339947,-0.74446821,-0.12985152,0.65490878,0
1.71383,-0.18701777,1.8940719,0.4554252,-0.81603861,0.35590562,0
0.49308991,-1.987541,-1.5900116,0.74446821,0.12985152,-0.65490878,0
-1.7964507,-0.26181221,-0.30068386,-0.74446821,-0.12985152,0.65490878,0
-1.7954547,-3.1378672,-1.389048,-0.48821601,-0.56322241,-0.66665256,0
-1.5124412,-3.2762451,-1.0312214,0.4554252,-0.81603861,0.35590562,0
1.7421904,0.69217551,3.4346714,0.48821601,0.56322241,0.66665256,0
-0.37657821,-1.1127014,0.83885205,-0.74446821,-0.12985152,0.65490878,0
-1.0533092,-2.7496371,-2.0743675,-0.48821601,-0.56322241,-0.66665256,0
1.5161111,2.7091539,1.9339726,0.48821601,0.56322241,0.66665256,0
0.90728068,-0.64742911,1.5620311,0.4554252,-0.81603861,0.35590562,0
0.18681109,-1.2815723,-1.4591249,0.74446821,0.12985152,-0.65490878,0
2.2187998,1.928496,1.9655755,0.48821601,0.56322241,0.66665256,0
-1.611804,-3.1180677,-1.7225654,-0.48821601,-0.56322241,-0.66665256,0
-2.2229049,0.031959176,-0.83081365,-0.74446821,-0.12985152,0.65490878,0
-1.3308134,0.28131431,-1.8654587,-0.4554252,0.81603861,-0.35590562,0
-1.4917746,-0.99894249,-3.2665067,0.74446821,0.12985152,-0.65490878,0
2.8132408,1.2685376,1.8467194,0.48821601,0.56322241,0.66665256,0
-2.6356196,-2.01036,-1.839505,-0.48821601,-0.56322241,-0.66665256,0
-1.075274,-2.3040681,-0.090451241,0.4554252,-0.81603861,0.35590562,0
-1.0271746,-0.14678329,-2.7596235,0.74446821,0.12985152,-0.65490878,0
-0.59529316,0.3860586,0.92688411,-0.74446821,-0.12985152,0.65490878,0
-1.2398355,-2.1271634,-2.4741607,-0.48821601,-0.56322241,-0.66665256,0
-1.6985112,-3.1760387,-1.3623886,0.4554252,-0.81603861,0.35590562,0
0.89535141,-1.3806388,-0.14961326,0.4554252,-0.81603861,0.35590562,0
1.0013703,-0.34959117,1.6613151,0.4554252,-0.81603861,0.35590562,0
-0.29561931,0.25019503,1.3987961,-0.74446821,-0.12985152,0.65490878,0
0.085721493,2.4193141,1.1896305,-0.4554252,0.81603861,-0.35590562,0
-0.12092459,1.1164016,1.6068449,-0.74446821,-0.12985152,0.65490878,0
-1.1789122,-2.6025553,-2.0852835,-0.48821601,-0.56322241,-0.66665256,0
-1.7210883,-0.78353983,-3.2225647,-0.48821601,-0.56322241,-0.66665256,0
-2.0970309,-2.2567701,-1.8657699,-0.48821601,-0.56322241,-0.66665256,0
1.38411,1.3043398,0.073928893,0.74446821,0.12985152,-0.65490878,0
-0.20470512,1.2726372,-1.1362904,-0.4554252,0.81603861,-0.35590562,0
2.2488358,1.9237423,2.2300119,0.48821601,0.56322241,0.66665256,0
-3.2113101,-0.97503686,-2.2551112,-0.48821601,-0.56322241,-0.66665256,0
2.0898838,0.14569128,1.5801332,0.4554252,-0.81603861,0.35590562,0
2.1324854,2.3426929,1.8327247,0.48821601,0.56322241,0.66665256,0
-0.26606619,0.9973073,1.3057387,-0.74446821,-0.12985152,0.65490878,0
1.9844322,1.0350742,3.0594206,0.48821601,0.56322241,0.66665256,0
1.047492,1.8838789,0.020148993,0.74446821,0.12985152,-0.65490878,0
2.5267148,1.5762265,1.4489338,0.74446821,0.12985152,-0.65490878,0
-0.78021395,0.80744678,-0.89462423,-0.4554252,0.81603861,-0.35590562,0
1.1021374,2.5219305,2.5887566,0.48821601,0.56322241,0.66665256,0
1.5021336,0.034749169,2.1483262,0.4554252,-0.81603861,0.35590562,0
1.1557415,0.021016955,-0.076416396,0.74446821,0.12985152,-0.65490878,0
1.0835847,-0.46627173,2.0415306,0.4554252,-0.81603861,0.35590562,0
1.7053105,1.0972472,3.3209791,0.48821601,0.56322241,0.66665256,0
-0.20860356,-0.765724,-2.0650396,0.74446821,0.12985152,-0.65490878,0
0.40832585,0.41284865,2.3338146,-0.74446821,-0.12985152,0.65490878,0
-1.6077743,0.77337414,-0.69377583,-0.4554252,0.81603861,-0.35590562,0
1.9740754,0.17755926,1.6207495,0.4554252,-0.81603861,0.35590562,0
-1.1149464,1.1046344,-0.028156757,-0.4554252,0.81603861,-0.35590562,0
0.32127547,1.0613589,1.9040315,-0.74446821,-0.12985152,0.65490878,0
-0.62380809,-1.9960563,0.0063606501,0.4554252,-0.81603861,0.35590562,0
-0.24341369,1.2946153,-1.2220554,-0.4554252,0.81603861,-0.35590562,0
-2.207417,-2.2023997,-1.7393377,-0.48821601,-0.56322241,-0.66665256,0
1.4033539,1.5593493,0.097762465,0.74446821,0.12985152,-0.65490878,0
-0.53957582,-0.40128291,0.88829744,-0.74446821,-0.12985152,0.65490878,0
1.3962536,-0.4294126,-0.25493157,0.74446821,0.12985152,-0.65490878,0
0.99520642,2.5775805,0.59145272,-0.4554252,0.81603861,-0.35590562,0
1.2230417,-0.70967776,-0.33534011,0.74446821,0.12985152,-0.65490878,0
0.91493428,-1.5768738,-0.67446125,0.4554252,-0.81603861,0.35590562,0
2.6975877,0.64286518,1.69118,0.4554252,-0.81603861,0.35590562,0
-0.88300073,-2.9475708,-0.98484075,0.4554252,-0.81603861,0.35590562,0
-1.4376279,-1.4622378,-2.8452544,-0.48821601,-0.56322241,-0.66665256,0
-0.027574867,-0.95219427,1.5492673,0.4554252,-0.81603861,0.35590562,0
1.4151959,1.297231,3.3192577,0.48821601,0.56322241,0.66665256,0
2.417177,1.6117301,2.1960936,0.48821601,0.56322241,0.66665256,0
1.8074573,3.3019223,0.93536627,0.48821601,0.56322241,0.66665256,0
-0.5047639,1.1281619,-0.57324249,-0.4554252,0.81603861,-0.35590562,0
1.9846892,1.638348,2.4654021,0.48821601,0.56322241,0.66665256,0
1.9832379,0.97108948,2.974684,0.48821601,0.56322241,0.66665256,0
0.81615973,2.4941869,2.7305288,0.48821601,0.56322241,0.66665256,0
1.5235795,0.044087589,2.5202141,0.4554252,-0.81603861,0.35590562,0
-0.94320101,0.86814809,-1.2385477,-0.4554252,0.81603861,-0.35590562,0
0.66730917,3.2044301,2.3462372,0.48821601,0.56322241,0.66665256,0
0.6974417,2.833575,1.0632298,-0.4554252,0.81603861,-0.35590562,0
0.92719555,1.5091848,0.013541579,0.74446821,0.12985152,-0.65490878,0
1.4939215,1.0477357,3.2782629,0.48821601,0.56322241,0.66665256,0
0.90442425,2.4254756,2.6023054,0.48821601,0.56322241,0.66665256,0
-1.584141,-1.5014079,-2.6263981,-0.48821601,-0.56322241,-0.66665256,0
-1.2939966,-0.80974627,-0.24515447,-0.74446821,-0.12985152,0.65490878,0
0.41195971,0.17200464,-0.89331305,0.74446821,0.12985152,-0.65490878,0
-0.21800214,-1.1143435,1.095566,-0.74446821,-0.12985152,0.65490878,0
0.058499575,-1.4856207,-1.6329315,0.74446821,0.12985152,-0.65490878,0
-1.8066387,0.076791205,-2.2228076,-0.4554252,0.81603861,-0.35590562,0
-1.6934134,-0.41033173,-0.55886364,-0.74446821,-0.12985152,0.65490878,0
-0.94982487,0.30609995,0.45969087,-0.74446821,-0.12985152,0.65490878,0
2.2499704,1.6462853,2.004262,0.48821601,0.56322241,0.66665256,0
0.34860909,2.5527956,0.8602432,-0.4554252,0.81603861,-0.35590562,0
0.038539514,-0.20872384,1.3297594,-0.74446821,-0.12985152,0.65490878,0
2.258857,0.28872657,1.7198718,0.4554252,-0.81603861,0.35590562,0
-1.4897552,-1.8374475,-2.7120733,-0.48821601,-0.56322241,-0.66665256,0
1.7345182,0.99928141,3.3620727,0.48821601,0.56322241,0.66665256,0
-1.2871375,-2.9986429,-1.6100562,-0.48821601,-0.56322241,-0.66665256,0
-1.2311002,1.4142795,0.064236045,-0.4554252,0.81603861,-0.35590562,0
0.60527873,2.4327095,2.4563677,0.48821601,0.56322241,0.66665256,0
1.0053141,-0.92595404,-0.6383177,0.74446821,0.12985152,-0.65490878,0
-1.759124,-1.2753869,-2.7946298,-0.48821601,-0.56322241,-0.66665256,0
1.6072152,-0.34377664,0.41708377,0.74446821,0.12985152,-0.65490878,0
0.84865481,1.2132239,2.6553273,-0.74446821,-0.12985152,0.65490878,0
-1.3310276,0.78499699,0.13744646,-0.74446821,-0.12985152,0.65490878,0
1.3084862,-0.20524409,1.9983042,0.4554252,-0.81603861,0.35590562,0
1.7213564,-1.0122218,0.12045079,0.4554252,-0.81603861,0.35590562,0
2.6550951,0.77123934,2.1810026,0.4554252,-0.81603861,0.35590562,0
2.4242969,-0.13572848,1.1810073,0.4554252,-0.81603861,0.35590562,0
-1.6976968,-2.0119054,-2.5345726,-0.48821601,-0.56322241,-0.66665256,0
0.92177153,-0.96037185,0.54585999,0.4554252,-0.81603861,0.35590562,0
1.0393885,2.8868442,1.9999062,0.48821601,0.56322241,0.66665256,0
-2.2130992,-2.2041862,-1.9944135,-0.48821601,-0.56322241,-0.66665256,0
-2.1606958,-2.2112474,-1.6953703,-0.48821601,-0.56322241,-0.66665256,0
1.0447083,1.9797559,2.9059739,0.48821601,0.56322241,0.66665256,0
-2.1487098,-2.2316213,-2.0209703,-0.48821601,-0.56322241,-0.66665256,0
-0.24774992,-2.3448985,-0.41871715,0.4554252,-0.81603861,0.35590562,0
2.5880463,1.2352579,2.348263,0.48821601,0.56322241,0.66665256,0
-0.27901977,-1.1206847,-2.1654861,0.74446821,0.12985152,-0.65490878,0
-2.4130187,-1.0062286,-1.352221,-0.74446821,-0.12985152,0.65490878,0
2.1350002,1.6353393,2.2525339,0.48821601,0.56322241,0.66665256,0
2.2786331,0.34217727,0.99626815,0.74446821,0.12985152,-0.65490878,0
-2.7779932,-1.0335739,-2.4670987,-0.48821601,-0.56322241,-0.66665256,0
-1.8878214,-0.76796818,-3.2569761,-0.48821601,-0.56322241,-0.66665256,0
1.2847738,3.0583832,1.4719889,0.48821601,0.56322241,0.66665256,0
1.6426616,-0.18714713,1.3704153,0.4554252,-0.81603861,0.35590562,0
-2.1675138,-0.41410542,-2.4773295,-0.4554252,0.81603861,-0.35590562,0
-0.24827564,2.4359229,1.1371925,-0.4554252,0.81603861,-0.35590562,0
-1.4650507,-0.96305275,-0.14245808,-0.74446821,-0.12985152,0.65490878,0
-0.94701719,-2.9444294,-1.6690074,0.4554252,-0.81603861,0.35590562,0
-2.1998763,-1.5702164,-2.367521,-0.48821601,-0.56322241,-0.66665256,0
0.32836545,2.2467113,2.2510865,-0.74446821,-0.12985152,0.65490878,0
-0.85553896,0.90308905,-0.61389756,-0.4554252,0.81603861,-0.35590562,0
1.6337302,1.2578473,2.9091949,0.48821601,0.56322241,0.66665256,0
1.9775798,2.4703672,1.7899065,0.48821601,0.56322241,0.66665256,0
1.4908501,1.1549677,3.242497,0.48821601,0.56322241,0.66665256,0
-0.19779003,2.1512613,1.8063574,-0.74446821,-0.12985152,0.65490878,0
-1.2083931,-1.740509,-2.9574804,-0.48821601,-0.56322241,-0.66665256,0
-1.7795818,-1.2066109,-0.99058294,-0.74446821,-0.12985152,0.65490878,0
-0.0089341402,-1.7192436,0.031109333,0.4554252,-0.81603861,0.35590562,0
1.7832696,-0.50558543,1.2253327,0.4554252,-0.81603861,0.35590562,0
2.5787523,1.0733854,2.7386498,0.48821601,0.56322241,0.66665256,0
-0.66777974,-0.54639781,0.40884611,-0.74446821,-0.12985152,0.65490878,0
1.888216,1.0716584,2.7757251,0.48821601,0.56322241,0.66665256,0
-1.7389834,-1.8897893,-2.516412,-0.48821601,-0.56322241,-0.66665256,0
-0.68037522,-1.8026686,-2.6635633,0.74446821,0.12985152,-0.65490878,0
-2.8531797,-0.74176085,-2.3271832,-0.48821601,-0.56322241,-0.66665256,0
1.2517056,2.6577313,1.9778912,0.48821601,0.56322241,0.66665256,0
-1.1376011,-2.8424153,-0.49382842,0.4554252,-0.81603861,0.35590562,0
1.1055903,-0.16814363,-0.20065439,0.74446821,0.12985152,-0.65490878,0
2.4122705,0.1734975,1.9279572,0.4554252,-0.81603861,0.35590562,0
0.75079083,-1.4428896,-0.30518806,0.4554252,-0.81603861,0.35590562,0
2.1865945,1.7009394,1.4196186,0.74446821,0.12985152,-0.65490878,0
2.6942291,1.3653446,1.9985821,0.48821601,0.56322241,0.66665256,0
1.0112526,1.2503742,3.1231756,-0.74446821,-0.12985152,0.65490878,0
0.36380279,-2.4466529,-1.7949202,0.74446821,0.12985152,-0.65490878,0
-1.638752,-2.8026819,-0.70394611,-0.74446821,-0.12985152,0.65490878,0
0.15366268,1.6874118,1.8274512,-0.74446821,-0.12985152,0.65490878,0
2.768661,0.59232801,2.5780449,0.4554252,-0.81603861,0.35590562,0
-1.0486157,-1.6938729,-0.01649785,-0.74446821,-0.12985152,0.65490878,0
-1.8952711,-2.0958159,-2.2410316,-0.48821601,-0.56322241,-0.66665256,0
-1.9870633,-0.004475385,-2.1266797,-0.4554252,0.81603861,-0.35590562,0
1.9706061,2.1558917,1.9946917,0.48821601,0.56322241,0.66665256,0
-1.0910977,0.27437788,-2.3351965,-0.4554252,0.81603861,-0.35590562,0
0.71070582,-0.42755872,2.0933659,0.4554252,-0.81603861,0.35590562,0
0.64648223,2.2800236,-0.16398656,-0.4554252,0.81603861,-0.35590562,0
-1.2361711,-2.2967639,-2.2726505,-0.48821601,-0.56322241,-0.66665256,0
-2.1275728,-0.44714367,-0.93279451,-0.74446821,-0.12985152,0.65490878,0
0.53453755,2.3412929,0.30655563,-0.4554252,0.81603861,-0.35590562,0
0.96427429,1.3905754,-0.1435352,0.74446821,0.12985152,-0.65490878,0
1.802467,2.1609752,0.99364674,0.74446821,0.12985152,-0.65490878,0
1.8645883,1.0554495,3.2664251,0.48821601,0.56322241,0.66665256,0
-0.79690135,-2.7382336,-1.0083636,0.4554252,-0.81603861,0.35590562,0
-2.2962582,-1.2467119,-2.4879179,-0.48821601,-0.56322241,-0.66665256,0
2.0261486,0.19618332,0.61991274,0.74446821,0.12985152,-0.65490878,0
-2.4913397,-0.75927311,-2.5539589,-0.48821601,-0.56322241,-0.66665256,0
-0.58213925,2.0589585,1.1731868,-0.74446821,-0.12985152,0.65490878,0
0.48599666,-0.49542713,1.9654629,-0.74446821,-0.12985152,0.65490878,0
2.8942761,0.96677661,2.1301398,0.74446821,0.12985152,-0.65490878,0
-1.3034675,-3.1895199,-1.7655374,-0.48821601,-0.56322241,-0.66665256,0
-1.0796846,0.21464117,-1.8204312,-0.4554252,0.81603861,-0.35590562,0
-0.50199574,0.66193503,-1.9431772,-0.4554252,0.81603861,-0.35590562,0
-1.8445365,-0.57924956,-3.1898727,-0.4554252,0.81603861,-0.35590562,0
1.1351018,-0.87046742,0.44934535,0.4554252,-0.81603861,0.35590562,0
1.0280306,-0.32518581,1.8053774,0.4554252,-0.81603861,0.35590562,0
1.5527183,2.9527798,1.3231692,0.48821601,0.56322241,0.66665256,0
-0.54819596,-2.6557765,-2.3968711,-0.48821601,-0.56322241,-0.66665256,0
1.4049913,-0.1317133,2.0082493,0.4554252,-0.81603861,0.35590562,0
-0.2757163,-1.5665116,0.96100336,0.4554252,-0.81603861,0.35590562,0
-1.5516229,0.64115345,0.05890438,-0.74446821,-0.12985152,0.65490878,0
-2.3429523,-2.2437639,-1.4805833,-0.74446821,-0.12985152,0.65490878,0
2.2678325,2.3222804,1.5743691,0.48821601,0.56322241,0.66665256,0
-0.57957625,1.6871126,1.2078123,-0.74446821,-0.12985152,0.65490878,0
-0.41547608,1.318455,-0.29156235,-0.4554252,0.81603861,-0.35590562,0
1.5092657,2.778986,1.5208898,0.48821601,0.56322241,0.66665256,0
0.85596162,1.3407869,-0.16608274,0.74446821,0.12985152,-0.65490878,0
-2.282903,-1.7400095,-2.3775566,-0.48821601,-0.56322241,-0.66665256,0
-1.0024483,-2.7271736,-0.69280362,0.4554252,-0.81603861,0.35590562,0
0.71752751,3.0082245,2.4816296,0.48821601,0.56322241,0.66665256,0
-0.027484536,-2.1089318,-1.8557202,0.74446821,0.12985152,-0.65490878,0
2.0884891,1.447297,2.7134857,0.48821601,0.56322241,0.66665256,0
-2.1509628,-2.2655654,-1.7407252,-0.48821601,-0.56322241,-0.66665256,0
1.7964667,-0.47785091,0.77919966,0.4554252,-0.81603861,0.35590562,0
-1.9819019,-1.9440528,-2.2449069,-0.48821601,-0.56322241,-0.66665256,0
1.3114545,2.0511019,2.5841119,0.48821601,0.56322241,0.66665256,0
-0.9997021,0.37127614,-2.4376941,-0.4554252,0.81603861,-0.35590562,0
1.2583413,3.1239562,1.0654601,-0.4554252,0.81603861,-0.35590562,0
1.8665041,0.33560631,2.5495901,0.4554252,-0.81603861,0.35590562,0
2.6846802,1.2842281,2.4758883,0.48821601,0.56322241,0.66665256,0
-1.3592516,0.6659736,-0.51619303,-0.4554252,0.81603861,-0.35590562,0
1.8535681,0.59497809,3.393775,0.4554252,-0.81603861,0.35590562,0
1.6853544,2.114316,2.2320275,0.48821601,0.56322241,0.66665256,0
1.9122484,-0.037068158,2.1470141,0.4554252,-0.81603861,0.35590562,0
0.8350178,-0.33492211,-0.34773558,0.74446821,0.12985152,-0.65490878,0
1.7476988,0.63170862,0.56016815,0.74446821,0.12985152,-0.65490878,0
-0.16876334,1.0345265,-1.5076953,-0.4554252,0.81603861,-0.35590562,0
1.5414593,1.4264302,3.0764461,0.48821601,0.56322241,0.66665256,0
-0.19681561,-1.4443911,-2.0773807,0.74446821,0.12985152,-0.65490878,0
-0.61517501,-2.5640407,-2.438972,-0.48821601,-0.56322241,-0.66665256,0
1.0399483,2.8903069,1.7591609,0.48821601,0.56322241,0.66665256,0
0.62795937,2.6203384,2.564816,-0.74446821,-0.12985152,0.65490878,0
-1.9628935,-0.075017333,-0.47785866,-0.74446821,-0.12985152,0.65490878,0
-1.6375691,-1.906288,-2.6482368,-0.48821601,-0.56322241,-0.66665256,0
-0.74873972,-1.7507656,-2.9470704,-0.48821601,-0.56322241,-0.66665256,0
-2.0049262,-2.6481357,-1.2225397,-0.74446821,-0.12985152,0.65490878,0
1.5298978,0.11484504,2.3470361,0.4554252,-0.81603861,0.35590562,0
2.5591187,1.9467299,2.0102715,0.48821601,0.56322241,0.66665256,0
-0.32092541,1.0258226,-1.1336834,-0.4554252,0.81603861,-0.35590562,0
-0.32933366,2.0967712,1.4933903,-0.4554252,0.81603861,-0.35590562,0
1.4494658,-1.1600443,0.0037966967,0.74446821,0.12985152,-0.65490878,0
1.3570999,1.558709,3.1031122,0.48821601,0.56322241,0.66665256,0
-1.2504908,-3.3947237,-1.6435682,-0.48821601,-0.56322241,-0.66665256,0
2.2481802,2.3428571,1.819916,0.48821601,0.56322241,0.66665256,0
1.4914856,2.5724521,0.92765713,0.74446821,0.12985152,-0.65490878,0
-1.4844894,-0.48734418,-3.4791763,-0.4554252,0.81603861,-0.35590562,0
-1.0222101,-1.6597822,-3.1829586,0.74446821,0.12985152,-0.65490878,0
-2.0000868,-2.889375,-1.4799215,-0.48821601,-0.56322241,-0.66665256,0
1.7069206,1.0451564,0.44884521,0.74446821,0.12985152,-0.65490878,0
-2.5909619,-1.6457639,-2.1375718,-0.48821601,-0.56322241,-0.66665256,0
