1.1058104,0.94773805,0.52721649,0.3705337,0.90949583,0.18847342,0
-1.4283675,-0.84291011,-0.06021595,-0.80816543,0.41570699,-0.41720062,0
-0.013998449,0.56717557,-2.105511,-0.80816543,0.41570699,-0.41720062,0
-1.3740115,-0.64426327,1.4660223,-0.45779192,0.0022691637,0.88905656,0
-2.2767599,-1.0013964,0.67547679,-0.3705337,-0.90949583,-0.18847342,0
-1.2377501,1.5961738,1.1329254,-0.80816543,0.41570699,-0.41720062,0
-0.26795155,-0.7919693,2.3026288,-0.45779192,0.0022691637,0.88905656,0
-0.32160622,1.6261811,-0.27224615,-0.80816543,0.41570699,-0.41720062,0
-0.30339858,-1.1033665,1.6259719,0.80816543,-0.41570699,0.41720062,0
-1.0620029,1.0696976,1.5326227,-0.45779192,0.0022691637,0.88905656,0
-0.35176954,-0.71309173,2.1681838,0.80816543,-0.41570699,0.41720062,0
-0.028629899,-1.5241426,-0.47838178,-0.3705337,-0.90949583,-0.18847342,0
-0.052935243,-1.0230545,-2.0369644,-0.3705337,-0.90949583,-0.18847342,0
-0.84109861,-0.77398092,1.9851527,-0.45779192,0.0022691637,0.88905656,0
1.2809844,0.89814603,1.1609313,0.80816543,-0.41570699,0.41720062,0
-0.092267632,0.2209307,2.0572641,-0.45779192,0.0022691637,0.88905656,0
0.44057441,0.39656365,1.8082089,0.80816543,-0.41570699,0.41720062,0
-1.1814432,1.2035081,1.3129632,-0.80816543,0.41570699,-0.41720062,0
1.2215523,-1.0403419,-0.72029352,0.80816543,-0.41570699,0.41720062,0
-0.38847154,0.28403389,-1.8263249,-0.80816543,0.41570699,-0.41720062,0
-0.94587165,1.1605483,0.63444471,-0.80816543,0.41570699,-0.41720062,0
0.011294127,-1.0219016,1.3243071,0.80816543,-0.41570699,0.41720062,0
1.8342818,1.2789153,-1.1827877,0.3705337,0.90949583,0.18847342,0
-0.50758314,-0.77359736,-2.2204258,-0.80816543,0.41570699,-0.41720062,0
0.8575747,0.96432978,-1.9414952,0.45779192,-0.0022691637,-0.88905656,0
-0.26575673,-0.53791654,-2.3531218,-0.80816543,0.41570699,-0.41720062,0
-0.7120958,-1.1947697,1.7972608,-0.45779192,0.0022691637,0.88905656,0
0.052657962,-0.0057502985,-2.3238642,0.45779192,-0.0022691637,-0.88905656,0
0.25898921,1.7188184,-0.77737093,-0.80816543,0.41570699,-0.41720062,0
-1.2198511,-0.96118629,1.520359,-0.45779192,0.0022691637,0.88905656,0
0.24816084,-1.8842919,-0.16821617,-0.3705337,-0.90949583,-0.18847342,0
-0.48352504,-1.0910585,-1.7431877,-0.3705337,-0.90949583,-0.18847342,0
1.1900538,-1.3109691,-1.4848177,0.80816543,-0.41570699,0.41720062,0
-0.57036769,-0.85658419,-1.7127533,-0.80816543,0.41570699,-0.41720062,0
0.19148231,-1.4337487,-0.95371014,-0.3705337,-0.90949583,-0.18847342,0
-0.52425307,0.38512897,1.9941256,-0.45779192,0.0022691637,0.88905656,0
-0.88522536,0.29429543,0.053217888,-0.80816543,0.41570699,-0.41720062,0
0.57423472,1.0719588,1.3769134,0.3705337,0.90949583,0.18847342,0
0.10962725,1.2547078,2.4394794,0.3705337,0.90949583,0.18847342,0
0.9656986,-0.21428069,-1.9007852,0.45779192,-0.0022691637,-0.88905656,0
-0.17514786,-1.3190953,1.5572691,0.80816543,-0.41570699,0.41720062,0
0.10400987,-0.62355924,-2.3874958,0.45779192,-0.0022691637,-0.88905656,0
-1.699425,-0.89262533,0.6324656,-0.3705337,-0.90949583,-0.18847342,0
-0.65485883,-1.0151942,-1.0335186,-0.3705337,-0.90949583,-0.18847342,0
0.7249248,1.671584,-1.9829121,0.45779192,-0.0022691637,-0.88905656,0
-0.94751441,-0.52964473,-0.90838331,-0.80816543,0.41570699,-0.41720062,0
1.5320927,0.11709368,-0.56664515,0.80816543,-0.41570699,0.41720062,0
-0.1792663,0.59338081,-1.3894608,-0.80816543,0.41570699,-0.41720062,0
-0.53231871,-0.26502067,2.1167262,-0.45779192,0.0022691637,0.88905656,0
-0.60435784,1.770906,0.81949508,0.3705337,0.90949583,0.18847342,0
0.17238998,1.718297,-1.0481706,0.3705337,0.90949583,0.18847342,0
-0.57923424,-0.14854819,1.7329395,-0.45779192,0.0022691637,0.88905656,0
-0.39779061,1.5067844,0.29913473,-0.80816543,0.41570699,-0.41720062,0
-0.92685246,-1.3830421,0.37999415,-0.3705337,-0.90949583,-0.18847342,0
-1.2904534,1.4147974,1.5422488,-0.80816543,0.41570699,-0.41720062,0
0.74652457,-0.79052263,0.38281301,0.80816543,-0.41570699,0.41720062,0
0.32485914,-0.79820365,-1.8614192,0.45779192,-0.0022691637,-0.88905656,0
0.076358497,-0.38482004,1.7880127,0.80816543,-0.41570699,0.41720062,0
-1.0704455,-1.0226047,-1.3002142,-0.3705337,-0.90949583,-0.18847342,0
0.67097497,1.083125,0.87230372,0.3705337,0.90949583,0.18847342,0
0.70705402,1.0717896,0.66987395,0.3705337,0.90949583,0.18847342,0
-1.3929216,-0.63449341,1.4219882,-0.45779192,0.0022691637,0.88905656,0
-0.12660563,0.7109679,2.0388849,-0.45779192,0.0022691637,0.88905656,0
0.87596679,1.5760936,-1.736949,0.45779192,-0.0022691637,-0.88905656,0
1.1924522,1.3315496,-0.3585304,0.3705337,0.90949583,0.18847342,0
-1.4441626,0.40955251,0.96855772,-0.80816543,0.41570699,-0.41720062,0
-0.04887712,0.9436993,-1.7566196,-0.80816543,0.41570699,-0.41720062,0
1.3548946,1.2761075,-1.3590922,0.3705337,0.90949583,0.18847342,0
-1.0209056,0.83909452,1.8100824,-0.45779192,0.0022691637,0.88905656,0
0.32671082,-0.83567429,-2.2695181,0.45779192,-0.0022691637,-0.88905656,0
0.86722553,0.27878994,0.7225998,0.80816543,-0.41570699,0.41720062,0
-2.1591783,-0.89272296,0.73481083,-0.3705337,-0.90949583,-0.18847342,0
0.93900061,1.3294188,0.36289826,0.3705337,0.90949583,0.18847342,0
-0.45435053,-0.29781789,2.2333879,-0.45779192,0.0022691637,0.88905656,0
-1.8535194,0.20995954,1.4978878,-0.45779192,0.0022691637,0.88905656,0
0.36447465,1.1162665,1.2075964,0.3705337,0.90949583,0.18847342,0
-1.4462756,0.84959006,0.98263085,-0.80816543,0.41570699,-0.41720062,0
0.42054939,1.0470579,2.6846199,-0.45779192,0.0022691637,0.88905656,0
1.3172086,0.79347008,0.61665553,0.3705337,0.90949583,0.18847342,0
1.9143913,0.99032134,-1.3104911,0.3705337,0.90949583,0.18847342,0
0.10290551,1.1838712,2.089705,-0.45779192,0.0022691637,0.88905656,0
0.16797948,1.4020441,1.1081818,0.3705337,0.90949583,0.18847342,0
1.4642483,-0.33673635,-1.4154413,0.45779192,-0.0022691637,-0.88905656,0
-0.54545754,-0.10208327,1.8416337,-0.45779192,0.0022691637,0.88905656,0
2.0126398,0.11209989,-1.0790477,0.80816543,-0.41570699,0.41720062,0
1.2760725,1.3453403,-1.5884106,0.45779192,-0.0022691637,-0.88905656,0
0.14189762,0.1781801,-2.3427138,0.45779192,-0.0022691637,-0.88905656,0
-0.25739694,-1.7550933,0.48983008,-0.3705337,-0.90949583,-0.18847342,0
-0.81303358,-1.2087723,-0.33821809,-0.3705337,-0.90949583,-0.18847342,0
-1.4133916,-1.0997003,0.86189079,-0.3705337,-0.90949583,-0.18847342,0
0.90529865,-0.97235638,-1.8596604,0.45779192,-0.0022691637,-0.88905656,0
-0.48711389,0.29678518,2.1330202,-0.45779192,0.0022691637,0.88905656,0
0.5383743,1.4652054,0.80372834,0.3705337,0.90949583,0.18847342,0
-0.72705078,1.0113879,-0.17822033,-0.80816543,0.41570699,-0.41720062,0
-1.1578938,-1.1015036,-0.34349382,-0.3705337,-0.90949583,-0.18847342,0
-0.73328006,1.6771877,1.8732268,0.3705337,0.90949583,0.18847342,0
0.99151599,0.87660187,1.0092866,0.80816543,-0.41570699,0.41720062,0
-1.2249802,0.16677809,1.4147837,-0.45779192,0.0022691637,0.88905656,0
0.14498258,1.2110622,1.0034673,0.3705337,0.90949583,0.18847342,0
1.5685521,0.041331023,-0.9652189,0.80816543,-0.41570699,0.41720062,0
-0.55387354,-1.1136389,-1.4597789,-0.3705337,-0.90949583,-0.18847342,0
1.5979131,-1.2578666,-1.5944974,0.45779192,-0.0022691637,-0.88905656,0
1.4339359,0.022512324,-1.6862304,0.45779192,-0.0022691637,-0.88905656,0
-0.84671962,0.4195137,-0.2662335,-0.80816543,0.41570699,-0.41720062,0
0.75052822,-1.8390006,-1.6191568,-0.3705337,-0.90949583,-0.18847342,0
-1.1453707,-0.58615094,-0.59236223,-0.80816543,0.41570699,-0.41720062,0
0.5928396,-1.2701459,-1.8513923,0.45779192,-0.0022691637,-0.88905656,0
-0.077724367,1.0941644,-0.8496691,-0.80816543,0.41570699,-0.41720062,0
1.8645453,0.90592843,-1.3738468,0.45779192,-0.0022691637,-0.88905656,0
0.10463321,-1.4457437,-1.4304788,-0.3705337,-0.90949583,-0.18847342,0
1.4878045,-0.055924475,-1.4440315,0.45779192,-0.0022691637,-0.88905656,0
0.21937859,1.2841624,0.98372191,0.3705337,0.90949583,0.18847342,0
0.94365519,-0.34749994,-1.8186285,0.45779192,-0.0022691637,-0.88905656,0
0.90414023,1.1613953,-1.5920241,0.45779192,-0.0022691637,-0.88905656,0
0.42537397,-1.6095244,-0.13253081,0.80816543,-0.41570699,0.41720062,0
0.91403806,1.0447259,1.1627976,0.3705337,0.90949583,0.18847342,0
1.5661254,0.29964876,-0.78445923,0.80816543,-0.41570699,0.41720062,0
-1.241191,-0.90190268,-0.93981934,-0.80816543,0.41570699,-0.41720062,0
-0.76415586,-1.2910619,1.8853564,-0.45779192,0.0022691637,0.88905656,0
-1.408924,-1.2023731,-0.21867883,-0.3705337,-0.90949583,-0.18847342,0
0.086464882,1.3520285,1.8067855,0.3705337,0.90949583,0.18847342,0
-0.96496814,-0.59731424,1.8614893,-0.45779192,0.0022691637,0.88905656,0
0.33626294,1.3695698,1.4508634,0.3705337,0.90949583,0.18847342,0
-0.87726355,-0.53954834,-0.89838529,-0.80816543,0.41570699,-0.41720062,0
0.37332749,0.40586656,-2.2089047,0.45779192,-0.0022691637,-0.88905656,0
-0.75967824,-1.4561741,1.0108157,-0.3705337,-0.90949583,-0.18847342,0
1.327484,1.0471303,0.12859035,0.3705337,0.90949583,0.18847342,0
2.03127,0.66355485,-0.67911744,0.80816543,-0.41570699,0.41720062,0
-0.058643222,-0.22379982,2.0250211,0.80816543,-0.41570699,0.41720062,0
1.0661608,-0.44655237,-0.32434171,0.80816543,-0.41570699,0.41720062,0
0.33980441,-1.6644764,0.3306151,0.80816543,-0.41570699,0.41720062,0
-1.2620761,-1.5885724,1.1425686,-0.3705337,-0.90949583,-0.18847342,0
0.7755478,-1.5170952,-1.0696732,0.80816543,-0.41570699,0.41720062,0
0.43002951,1.4297628,-0.2528947,0.3705337,0.90949583,0.18847342,0
0.0062170029,-1.3242855,-1.9431618,-0.3705337,-0.90949583,-0.18847342,0
-0.32177103,-1.2494948,-0.71490592,-0.3705337,-0.90949583,-0.18847342,0
1.5421197,0.59165698,-1.4346719,0.45779192,-0.0022691637,-0.88905656,0
-1.1579623,-1.3145432,-0.040623307,-0.3705337,-0.90949583,-0.18847342,0
-0.74289531,-1.2841325,1.9769807,-0.45779192,0.0022691637,0.88905656,0
0.0041851997,0.19974804,-1.8934324,-0.80816543,0.41570699,-0.41720062,0
0.022110939,1.8436352,-0.21828526,0.3705337,0.90949583,0.18847342,0
-1.0305649,0.56854016,1.5225203,-0.45779192,0.0022691637,0.88905656,0
1.1852469,-0.61081284,-0.45325387,0.80816543,-0.41570699,0.41720062,0
-0.20400846,0.47974527,-1.074849,-0.80816543,0.41570699,-0.41720062,0
1.7725807,0.90805966,-0.66073167,0.3705337,0.90949583,0.18847342,0
0.19433916,-1.3684498,-1.7879264,-0.3705337,-0.90949583,-0.18847342,0
-1.048237,0.17270452,-0.59092939,-0.80816543,0.41570699,-0.41720062,0
1.0259534,-0.78064728,-0.69789577,0.80816543,-0.41570699,0.41720062,0
1.0858722,-0.12027657,-0.30485511,0.80816543,-0.41570699,0.41720062,0
0.13331234,-0.66963792,-2.2518432,0.45779192,-0.0022691637,-0.88905656,0
-0.010377675,-1.204107,1.4666744,0.80816543,-0.41570699,0.41720062,0
0.72341192,0.41219854,1.0726607,0.80816543,-0.41570699,0.41720062,0
0.21576813,0.56208187,-2.2779715,0.45779192,-0.0022691637,-0.88905656,0
-1.9244355,-1.0112917,0.62475872,-0.3705337,-0.90949583,-0.18847342,0
-0.9350363,-1.7847939,1.6307752,-0.45779192,0.0022691637,0.88905656,0
0.20388174,-1.3222202,-2.2631991,0.45779192,-0.0022691637,-0.88905656,0
1.039086,-1.8977299,-1.7222167,-0.3705337,-0.90949583,-0.18847342,0
0.39324856,1.4068177,1.1251057,0.3705337,0.90949583,0.18847342,0
-0.62152207,-0.84537077,-1.8888031,-0.3705337,-0.90949583,-0.18847342,0
0.42409647,-0.50342846,-2.0809948,0.45779192,-0.0022691637,-0.88905656,0
1.0262021,0.35166961,-1.7277367,0.45779192,-0.0022691637,-0.88905656,0
-0.86010647,-1.197806,-0.41692612,-0.3705337,-0.90949583,-0.18847342,0
0.25457847,-0.56805718,-2.2343469,0.45779192,-0.0022691637,-0.88905656,0
0.91324532,-1.515933,-0.43684703,0.80816543,-0.41570699,0.41720062,0
0.19980121,0.84426379,-2.1576135,-0.80816543,0.41570699,-0.41720062,0
-0.64103651,-1.6265932,1.8815801,0.80816543,-0.41570699,0.41720062,0
0.68373668,1.1635102,-1.8627024,0.45779192,-0.0022691637,-0.88905656,0
-0.70442748,1.6238635,1.1841809,0.3705337,0.90949583,0.18847342,0
-2.0449486,-0.9266423,1.2929311,-0.3705337,-0.90949583,-0.18847342,0
-0.36829019,-1.5225296,0.41139126,-0.3705337,-0.90949583,-0.18847342,0
1.1843154,-1.4021114,-1.7208793,0.45779192,-0.0022691637,-0.88905656,0
1.9043202,1.1457804,-0.45926774,0.3705337,0.90949583,0.18847342,0
0.16423821,-1.3389084,0.78167647,0.80816543,-0.41570699,0.41720062,0
0.41685808,-1.1024265,-2.2139666,0.45779192,-0.0022691637,-0.88905656,0
1.6938505,0.060297951,-1.5391431,0.45779192,-0.0022691637,-0.88905656,0
0.47529387,1.6895778,-1.1132307,0.3705337,0.90949583,0.18847342,0
-0.30047721,1.448343,-0.15159607,-0.80816543,0.41570699,-0.41720062,0
-1.7997518,-0.45107174,0.65004516,-0.80816543,0.41570699,-0.41720062,0
1.1144936,0.13957775,0.68713278,0.80816543,-0.41570699,0.41720062,0
-0.97908008,1.5483465,1.6793215,-0.45779192,0.0022691637,0.88905656,0
-1.2505765,-1.1511154,1.6729414,-0.45779192,0.0022691637,0.88905656,0
-0.55528355,-1.4653203,-0.55323374,-0.3705337,-0.90949583,-0.18847342,0
-1.7056651,-1.1151731,1.5659516,-0.45779192,0.0022691637,0.88905656,0
-0.65022588,1.1511109,0.10198697,-0.80816543,0.41570699,-0.41720062,0
-0.64897072,0.4075709,-0.87028825,-0.80816543,0.41570699,-0.41720062,0
-0.055819392,-0.24999559,-2.1751227,0.45779192,-0.0022691637,-0.88905656,0
-1.9089699,-0.73099911,1.3424854,-0.45779192,0.0022691637,0.88905656,0
-1.4622098,-0.96014786,0.31537545,-0.3705337,-0.90949583,-0.18847342,0
-0.80650264,1.3711681,0.49091882,-0.80816543,0.41570699,-0.41720062,0
1.6336584,-0.29238057,-1.5423298,0.45779192,-0.0022691637,-0.88905656,0
-0.98744124,-0.52157927,1.5320956,-0.45779192,0.0022691637,0.88905656,0
-0.42106676,-1.3269603,-1.5945804,-0.3705337,-0.90949583,-0.18847342,0
0.094429612,-1.8192911,0.52237797,-0.3705337,-0.90949583,-0.18847342,0
0.90577602,1.2183157,-0.49532413,0.3705337,0.90949583,0.18847342,0
-0.70358866,0.90408039,1.6890322,-0.45779192,0.0022691637,0.88905656,0
-1.385826,-0.89224494,-0.85784066,-0.80816543,0.41570699,-0.41720062,0
-2.0030785,-0.80863369,1.3124504,-0.45779192,0.0022691637,0.88905656,0
-0.16890371,1.1137452,2.1542604,-0.45779192,0.0022691637,0.88905656,0
1.9655232,0.84206736,-0.98416901,0.3705337,0.90949583,0.18847342,0
-0.44176379,-0.83941895,2.2044957,-0.45779192,0.0022691637,0.88905656,0
-0.89229262,1.7067791,1.5146844,0.3705337,0.90949583,0.18847342,0
-0.67227769,-1.0906126,-1.1054428,-0.3705337,-0.90949583,-0.18847342,0
0.08052361,1.774444,0.29350692,0.3705337,0.90949583,0.18847342,0
-1.3885181,-1.1581486,0.5343821,-0.3705337,-0.90949583,-0.18847342,0
-0.69109821,-0.61160207,-2.0359545,-0.80816543,0.41570699,-0.41720062,0
-1.6971879,-1.1661706,0.94372106,-0.3705337,-0.90949583,-0.18847342,0
0.81327337,-1.2015821,-0.09766674,0.80816543,-0.41570699,0.41720062,0
-0.58708644,-0.71912777,-2.3413568,-0.80816543,0.41570699,-0.41720062,0
-0.13683408,0.077825308,2.0744982,-0.45779192,0.0022691637,0.88905656,0
1.4825997,0.60814589,0.10027301,0.80816543,-0.41570699,0.41720062,0
-0.13973904,1.0608342,2.1326008,-0.45779192,0.0022691637,0.88905656,0
-1.4286007,-0.48648381,-0.48542249,-0.80816543,0.41570699,-0.41720062,0
1.1213744,0.43497422,-1.6281581,0.45779192,-0.0022691637,-0.88905656,0
0.25047076,-1.6574754,-1.2441593,-0.3705337,-0.90949583,-0.18847342,0
1.6088418,1.1369349,-0.15830708,0.3705337,0.90949583,0.18847342,0
-0.32614565,0.79386318,1.9160517,-0.45779192,0.0022691637,0.88905656,0
-0.25016987,-1.109201,-1.3129265,-0.3705337,-0.90949583,-0.18847342,0
-1.5049224,1.1388216,1.5740228,-0.45779192,0.0022691637,0.88905656,0
-1.0106629,0.14142096,1.8939819,-0.45779192,0.0022691637,0.88905656,0
-1.6431179,-1.1630381,0.19038713,-0.3705337,-0.90949583,-0.18847342,0
1.3941133,-1.7152206,-1.7513496,0.45779192,-0.0022691637,-0.88905656,0
0.43661308,-0.41282576,-1.9837698,0.45779192,-0.0022691637,-0.88905656,0
-0.64342284,-1.2236899,-1.0804251,-0.3705337,-0.90949583,-0.18847342,0
-1.4765798,-0.092181072,1.6441402,-0.45779192,0.0022691637,0.88905656,0
0.18926501,0.43722665,1.9883087,0.80816543,-0.41570699,0.41720062,0
-0.39848387,-1.7643068,0.93726063,-0.3705337,-0.90949583,-0.18847342,0
-0.5274961,-0.93680364,1.7666512,-0.45779192,0.0022691637,0.88905656,0
1.0356731,1.2979542,-0.033811212,0.3705337,0.90949583,0.18847342,0
-0.90693939,1.7620914,1.1876374,0.3705337,0.90949583,0.18847342,0
-0.25851095,-1.7287455,0.29659635,-0.3705337,-0.90949583,-0.18847342,0
0.70742464,-0.68623924,0.53674775,0.80816543,-0.41570699,0.41720062,0
0.84355605,-1.8782202,-0.86577106,0.80816543,-0.41570699,0.41720062,0
-2.1074004,-0.99584895,1.2921283,-0.3705337,-0.90949583,-0.18847342,0
1.127792,-1.5063938,-1.6910037,0.45779192,-0.0022691637,-0.88905656,0
1.1743431,1.0996213,-0.12240171,0.3705337,0.90949583,0.18847342,0
0.80931592,0.76890349,1.7124815,0.80816543,-0.41570699,0.41720062,0
-0.36504358,1.723781,-0.2691161,-0.80816543,0.41570699,-0.41720062,0
-0.54794061,0.52719319,-1.1979609,-0.80816543,0.41570699,-0.41720062,0
-0.47883797,-0.26191819,-2.0874882,-0.80816543,0.41570699,-0.41720062,0
-0.83470529,1.0744108,1.7828929,-0.45779192,0.0022691637,0.88905656,0
0.0040732622,1.8289008,-0.74757534,-0.80816543,0.41570699,-0.41720062,0
0.17930305,0.20331621,1.9963131,0.80816543,-0.41570699,0.41720062,0
-1.4523385,-0.33096766,-0.19956672,-0.80816543,0.41570699,-0.41720062,0
-1.7151495,-1.0718975,0.64475405,-0.3705337,-0.90949583,-0.18847342,0
-1.8410027,-0.62087178,0.76826119,-0.80816543,0.41570699,-0.41720062,0
0.31860518,0.11277103,1.8916051,0.80816543,-0.41570699,0.41720062,0
0.096901774,0.31236589,2.1380997,-0.45779192,0.0022691637,0.88905656,0
-0.3949554,0.40925539,-0.77267677,-0.80816543,0.41570699,-0.41720062,0
-0.60843694,-0.39047408,1.9568855,-0.45779192,0.0022691637,0.88905656,0
0.72435701,-1.4078053,-1.9162854,0.45779192,-0.0022691637,-0.88905656,0
-1.531342,0.10391373,1.5156043,-0.45779192,0.0022691637,0.88905656,0
0.13451886,-1.0621736,-1.9773526,0.45779192,-0.0022691637,-0.88905656,0
-0.42583591,1.250843,-0.057398185,-0.80816543,0.41570699,-0.41720062,0
-1.5787846,-1.4040258,1.2556818,-0.3705337,-0.90949583,-0.18847342,0
1.7156584,0.26676551,-1.3858426,0.45779192,-0.0022691637,-0.88905656,0
-1.3516581,0.70387578,1.2821501,-0.80816543,0.41570699,-0.41720062,0
0.49103957,-0.53451985,1.2699494,0.80816543,-0.41570699,0.41720062,0
1.4202127,-0.41153744,-1.4495895,0.45779192,-0.0022691637,-0.88905656,0
1.9413615,1.163312,-0.7092824,0.3705337,0.90949583,0.18847342,0
2.1081908,0.73641038,-1.3289371,0.45779192,-0.0022691637,-0.88905656,0
-1.2634256,-1.3570681,1.6392467,-0.45779192,0.0022691637,0.88905656,0
1.5531932,1.2699144,-1.2843525,0.3705337,0.90949583,0.18847342,0
0.64202422,-0.13795787,-1.7954249,0.45779192,-0.0022691637,-0.88905656,0
0.54320073,1.0009809,1.5246294,0.3705337,0.90949583,0.18847342,0
1.1424589,-0.48767415,-1.8580217,0.45779192,-0.0022691637,-0.88905656,0
0.91558135,-1.4731343,-1.1936014,0.80816543,-0.41570699,0.41720062,0
0.62355685,1.2527879,1.5014883,0.3705337,0.90949583,0.18847342,0
1.6264346,0.74131703,-1.3640954,0.45779192,-0.0022691637,-0.88905656,0
-0.31838548,-1.3127333,-0.76556718,-0.3705337,-0.90949583,-0.18847342,0
-1.0440242,-0.54723102,-0.78195465,-0.80816543,0.41570699,-0.41720062,0
-1.1681619,-1.1561682,-0.10398626,-0.3705337,-0.90949583,-0.18847342,0
0.17504203,1.4478002,0.5521338,0.3705337,0.90949583,0.18847342,0
-1.8274047,-0.70578283,0.1142664,-0.80816543,0.41570699,-0.41720062,0
0.59471071,-1.3390394,-2.0496259,0.45779192,-0.0022691637,-0.88905656,0
-1.4250793,-1.072214,1.3325257,-0.45779192,0.0022691637,0.88905656,0
1.0558556,1.0705509,-0.081262827,0.3705337,0.90949583,0.18847342,0
-0.03118962,1.5321912,-0.92652178,-0.80816543,0.41570699,-0.41720062,0
-1.0957409,-1.2433397,1.8324208,-0.45779192,0.0022691637,0.88905656,0
0.45737219,1.1949743,1.811159,0.3705337,0.90949583,0.18847342,0
-1.6630864,-0.87849438,-0.45940709,-0.80816543,0.41570699,-0.41720062,0
-0.99081683,0.80838931,0.55225152,-0.80816543,0.41570699,-0.41720062,0
-1.3830032,0.38083792,1.1356705,-0.80816543,0.41570699,-0.41720062,0
-1.2241082,-0.61400747,1.4690099,-0.45779192,0.0022691637,0.88905656,0
-1.673725,0.70320088,1.3312888,-0.80816543,0.41570699,-0.41720062,0
0.39907742,1.3533485,-0.28584331,0.3705337,0.90949583,0.18847342,0
-2.0026708,-0.12052441,1.3592691,-0.45779192,0.0022691637,0.88905656,0
0.34140587,-1.5679688,-0.34764501,-0.3705337,-0.90949583,-0.18847342,0
-0.8045975,-1.3044423,0.16175765,-0.3705337,-0.90949583,-0.18847342,0
-0.45054603,0.8059628,2.1655746,-0.45779192,0.0022691637,0.88905656,0
-0.24485052,-0.55886507,-2.2259793,0.45779192,-0.0022691637,-0.88905656,0
-0.16745687,-1.3149729,-2.1202452,-0.3705337,-0.90949583,-0.18847342,0
-0.24596226,-0.77776349,-2.2205887,0.45779192,-0.0022691637,-0.88905656,0
-0.83368278,-1.1165285,-1.19593,-0.3705337,-0.90949583,-0.18847342,0
-0.48709473,-0.031243026,1.9969319,-0.45779192,0.0022691637,0.88905656,0
0.61783057,-0.52584207,1.1503901,0.80816543,-0.41570699,0.41720062,0
-0.80505824,-0.795169,-1.8805583,-0.3705337,-0.90949583,-0.18847342,0
-1.4552631,-0.97967154,-0.68941051,-0.80816543,0.41570699,-0.41720062,0
-0.33102214,1.6045237,0.066773333,0.3705337,0.90949583,0.18847342,0
-0.30454814,-1.5525291,0.93664253,-0.3705337,-0.90949583,-0.18847342,0
0.63545537,1.1209207,0.28857166,0.3705337,0.90949583,0.18847342,0
-0.15687835,1.5196819,0.022239566,0.3705337,0.90949583,0.18847342,0
0.68459737,-1.205466,-2.0994573,0.45779192,-0.0022691637,-0.88905656,0
0.76262248,1.0727103,-1.8424799,0.45779192,-0.0022691637,-0.88905656,0
0.74648231,-1.7395227,-0.32608888,0.80816543,-0.41570699,0.41720062,0
1.1918042,-0.54542035,-1.7500296,0.45779192,-0.0022691637,-0.88905656,0
0.55901259,-0.54202622,-1.9638176,0.45779192,-0.0022691637,-0.88905656,0
-0.35065293,1.3558773,-0.098106816,-0.80816543,0.41570699,-0.41720062,0
-1.4762139,-0.73860967,1.4441419,-0.45779192,0.0022691637,0.88905656,0
0.70560992,1.0939578,0.30945092,0.3705337,0.90949583,0.18847342,0
-0.43534189,-1.4921032,1.0750035,-0.3705337,-0.90949583,-0.18847342,0
0.81183696,1.3227879,0.33276042,0.3705337,0.90949583,0.18847342,0
-0.45109463,-1.4054525,0.079513252,-0.3705337,-0.90949583,-0.18847342,0
-0.53050232,-1.4490672,0.32866478,-0.3705337,-0.90949583,-0.18847342,0
0.534881,1.4632905,-0.14219439,0.3705337,0.90949583,0.18847342,0
0.10633075,0.062842965,2.306386,-0.45779192,0.0022691637,0.88905656,0
0.69403756,1.0826553,-1.9041271,0.45779192,-0.0022691637,-0.88905656,0
0.35304582,-1.3302381,-1.5865104,-0.3705337,-0.90949583,-0.18847342,0
-1.2382374,0.38085395,1.3940647,-0.45779192,0.0022691637,0.88905656,0
0.49642944,-1.5608002,0.02666983,0.80816543,-0.41570699,0.41720062,0
-0.31816053,-1.5668722,-0.41774684,-0.3705337,-0.90949583,-0.18847342,0
-1.2274806,-1.2042955,1.0408397,-0.3705337,-0.90949583,-0.18847342,0
-2.0277038,-0.85541403,1.0322506,-0.80816543,0.41570699,-0.41720062,0
-0.25347853,-1.7669343,1.415195,0.80816543,-0.41570699,0.41720062,0
1.2066587,1.5425513,-1.1670778,0.3705337,0.90949583,0.18847342,0
-0.30457249,0.76489258,-0.66698515,-0.80816543,0.41570699,-0.41720062,0
1.5169084,-0.29040048,-0.8693316,0.80816543,-0.41570699,0.41720062,0
1.7310822,0.44181234,-0.76733398,0.80816543,-0.41570699,0.41720062,0
-0.55890882,1.47246,2.0486498,0.3705337,0.90949583,0.18847342,0
-0.54950786,-0.5925867,-1.4647496,-0.80816543,0.41570699,-0.41720062,0
1.09013,0.48327225,-1.7785342,0.45779192,-0.0022691637,-0.88905656,0
-2.0841422,-0.88688803,0.64999437,-0.3705337,-0.90949583,-0.18847342,0
0.22798324,-1.3464532,-1.4482322,-0.3705337,-0.90949583,-0.18847342,0
1.7045989,0.83775669,-1.3795552,0.45779192,-0.0022691637,-0.88905656,0
-0.2827487,0.99702638,2.1546063,-0.45779192,0.0022691637,0.88905656,0
0.87756771,0.9401114,-1.9923785,0.45779192,-0.0022691637,-0.88905656,0
-1.1069483,1.356436,1.5795263,-0.45779192,0.0022691637,0.88905656,0
-0.79570091,1.7002363,1.3294663,0.3705337,0.90949583,0.18847342,0
-1.4555165,-1.1886551,0.95953798,-0.3705337,-0.90949583,-0.18847342,0
-1.4376063,0.57113123,1.5614421,-0.45779192,0.0022691637,0.88905656,0
-0.46342364,0.78463888,-0.81744498,-0.80816543,0.41570699,-0.41720062,0
0.68320334,-0.31980127,0.72918683,0.80816543,-0.41570699,0.41720062,0
0.29771957,1.1465887,-1.9770386,0.45779192,-0.0022691637,-0.88905656,0
-1.6028023,-0.73910987,1.3416395,-0.45779192,0.0022691637,0.88905656,0
-0.2348507,-1.7816361,1.3602852,0.80816543,-0.41570699,0.41720062,0
0.27913442,-1.3242203,0.87977815,0.80816543,-0.41570699,0.41720062,0
-0.57415771,0.28598005,1.7543044,-0.45779192,0.0022691637,0.88905656,0
0.3556267,-0.12792921,1.7349294,0.80816543,-0.41570699,0.41720062,0
0.18568218,-1.5800791,-0.32909581,-0.3705337,-0.90949583,-0.18847342,0
-0.75844872,-0.54752505,-1.374825,-0.80816543,0.41570699,-0.41720062,0
0.12833476,-1.4386015,-0.94267213,-0.3705337,-0.90949583,-0.18847342,0
1.100934,-0.55638278,-1.8115387,0.45779192,-0.0022691637,-0.88905656,0
0.45273256,1.0409569,1.5572898,0.3705337,0.90949583,0.18847342,0
1.1755552,1.5655766,-1.8607504,0.45779192,-0.0022691637,-0.88905656,0
0.24155283,-1.4492635,-1.4105269,-0.3705337,-0.90949583,-0.18847342,0
-1.1795905,0.046547294,1.7035937,-0.45779192,0.0022691637,0.88905656,0
-1.3311049,1.4809268,1.3888142,-0.45779192,0.0022691637,0.88905656,0
1.8229616,-0.11540881,-1.3558738,0.45779192,-0.0022691637,-0.88905656,0
0.67374903,-0.90435427,-0.11175889,0.80816543,-0.41570699,0.41720062,0
-0.85716677,0.10542202,-0.25470391,-0.80816543,0.41570699,-0.41720062,0
0.93377942,0.24216303,-1.7511094,0.45779192,-0.0022691637,-0.88905656,0
-1.0821176,0.32923165,1.7022827,-0.45779192,0.0022691637,0.88905656,0
-0.13094619,0.48077315,-1.781153,-0.80816543,0.41570699,-0.41720062,0
1.5296199,0.14369965,-0.63098311,0.80816543,-0.41570699,0.41720062,0
0.76616454,1.1817808,1.6313932,0.3705337,0.90949583,0.18847342,0
0.28506827,1.7664644,-1.2577405,0.3705337,0.90949583,0.18847342,0
-0.33970869,0.60597628,-1.4769785,-0.80816543,0.41570699,-0.41720062,0
1.8201288,1.2538782,-0.72566843,0.3705337,0.90949583,0.18847342,0
0.43079817,-0.13872647,-2.025773,0.45779192,-0.0022691637,-0.88905656,0
-0.1205647,1.6352279,-0.3588838,0.3705337,0.90949583,0.18847342,0
0.51613843,1.5985329,-1.7974353,0.3705337,0.90949583,0.18847342,0
0.51506495,-0.52857256,1.131541,0.80816543,-0.41570699,0.41720062,0
-0.79523253,0.81355453,0.032249898,-0.80816543,0.41570699,-0.41720062,0
-0.71403563,-1.3626415,-0.3298189,-0.3705337,-0.90949583,-0.18847342,0
1.1137841,1.1038841,-1.6810801,0.45779192,-0.0022691637,-0.88905656,0
1.4379386,1.0221832,-1.3066039,0.45779192,-0.0022691637,-0.88905656,0
-0.2040031,-1.5985336,-0.77890587,-0.3705337,-0.90949583,-0.18847342,0
1.8883312,0.90432322,-1.3372083,0.45779192,-0.0022691637,-0.88905656,0
-1.0658284,0.58728796,0.71098042,-0.80816543,0.41570699,-0.41720062,0
0.48712575,-1.4130288,-1.2767042,-0.3705337,-0.90949583,-0.18847342,0
-0.38742888,-0.1053164,-1.6858058,-0.80816543,0.41570699,-0.41720062,0
0.73120701,0.83792806,1.3603761,0.80816543,-0.41570699,0.41720062,0
0.66208005,-1.7932322,-1.3010558,-0.3705337,-0.90949583,-0.18847342,0
1.6037778,0.97467107,-0.22191525,0.3705337,0.90949583,0.18847342,0
-1.4700391,0.54941422,1.3223486,-0.45779192,0.0022691637,0.88905656,0
1.0063291,0.78804529,-1.5284529,0.45779192,-0.0022691637,-0.88905656,0
-0.21470094,1.1879506,1.9841669,0.3705337,0.90949583,0.18847342,0
-0.6542691,1.6987754,1.0534914,0.3705337,0.90949583,0.18847342,0
0.47999382,-1.636349,-1.1299186,-0.3705337,-0.90949583,-0.18847342,0
-0.9119122,1.405194,0.9032253,-0.80816543,0.41570699,-0.41720062,0
1.5243219,1.1883823,-1.1825604,0.3705337,0.90949583,0.18847342,0
1.2824407,-0.70655715,-0.66511035,0.80816543,-0.41570699,0.41720062,0
-0.61800909,-0.79730797,-1.9034517,-0.3705337,-0.90949583,-0.18847342,0
-0.43612617,0.90791214,-1.0208085,-0.80816543,0.41570699,-0.41720062,0
1.3814882,0.45688355,0.28717643,0.80816543,-0.41570699,0.41720062,0
-1.0457885,0.57960838,0.53481627,-0.80816543,0.41570699,-0.41720062,0
-0.13685107,-0.65714204,-2.1835446,0.45779192,-0.0022691637,-0.88905656,0
-0.43088266,-0.28451192,1.9533619,-0.45779192,0.0022691637,0.88905656,0
0.76766229,-1.4302731,-2.0153728,-0.3705337,-0.90949583,-0.18847342,0
-1.0651586,-1.4489579,1.4277472,-0.3705337,-0.90949583,-0.18847342,0
1.101928,-1.7463679,-1.1030196,0.80816543,-0.41570699,0.41720062,0
-0.089434445,0.22138035,-2.2304368,-0.80816543,0.41570699,-0.41720062,0
0.82618976,-1.1287988,-1.9881661,0.45779192,-0.0022691637,-0.88905656,0
-1.1136293,-1.433362,0.50029445,-0.3705337,-0.90949583,-0.18847342,0
0.8081224,-0.33577937,0.19618769,0.80816543,-0.41570699,0.41720062,0
-0.5693602,-1.4404614,0.90882111,-0.3705337,-0.90949583,-0.18847342,0
-1.7708132,-0.2051948,1.2733519,-0.45779192,0.0022691637,0.88905656,0
-0.93178087,0.33403987,1.7709721,-0.45779192,0.0022691637,0.88905656,0
1.7929566,1.3189375,-1.4136813,0.3705337,0.90949583,0.18847342,0
-0.28766096,-1.3357472,1.4708028,0.80816543,-0.41570699,0.41720062,0
-0.46023566,-1.3944467,1.4265313,0.80816543,-0.41570699,0.41720062,0
-0.06883201,1.0809201,-1.0467234,-0.80816543,0.41570699,-0.41720062,0
0.39346862,-1.5158231,-0.62802976,-0.3705337,-0.90949583,-0.18847342,0
1.3481185,1.1334214,-0.41284478,0.3705337,0.90949583,0.18847342,0
0.3356818,1.5206219,-1.2230587,-0.80816543,0.41570699,-0.41720062,0
-0.9832778,-1.4105664,0.2944628,-0.3705337,-0.90949583,-0.18847342,0
-0.34692717,0.99058151,-0.44980583,-0.80816543,0.41570699,-0.41720062,0
-0.41616684,-1.0599602,1.7650867,0.80816543,-0.41570699,0.41720062,0
0.72380018,0.016972601,-1.729071,0.45779192,-0.0022691637,-0.88905656,0
0.52142322,-0.3533076,1.4770107,0.80816543,-0.41570699,0.41720062,0
-0.24212918,-0.85394287,2.1907005,0.80816543,-0.41570699,0.41720062,0
1.3345757,0.87374926,0.41357759,0.3705337,0.90949583,0.18847342,0
-0.28578198,-1.6299949,-0.1293712,-0.3705337,-0.90949583,-0.18847342,0
-0.20616901,0.53375924,-1.8315345,-0.80816543,0.41570699,-0.41720062,0
1.3061715,0.39313602,0.35131061,0.80816543,-0.41570699,0.41720062,0
-0.25063825,-1.8722694,1.2800015,-0.3705337,-0.90949583,-0.18847342,0
1.0613244,0.4737494,-1.5179145,0.45779192,-0.0022691637,-0.88905656,0
-1.241003,-1.1692007,1.8160317,-0.45779192,0.0022691637,0.88905656,0
0.056728601,1.8140461,0.13255909,0.3705337,0.90949583,0.18847342,0
0.4323318,1.4207051,-0.04066509,0.3705337,0.90949583,0.18847342,0
-1.4485884,0.62149823,1.4651899,-0.80816543,0.41570699,-0.41720062,0
-1.4339379,-0.80917162,-0.31081802,-0.80816543,0.41570699,-0.41720062,0
-0.91407162,-0.39441204,1.9679255,-0.45779192,0.0022691637,0.88905656,0
1.7839928,0.069619894,-0.82283401,0.80816543,-0.41570699,0.41720062,0
-1.2777063,0.63042063,1.1456927,-0.80816543,0.41570699,-0.41720062,0
0.49979508,0.22238743,1.4529819,0.80816543,-0.41570699,0.41720062,0
-1.1701779,-1.4816651,0.50306368,-0.3705337,-0.90949583,-0.18847342,0
-0.11565113,-1.0787215,1.4416795,0.80816543,-0.41570699,0.41720062,0
0.84432364,1.1949238,-0.37369263,0.3705337,0.90949583,0.18847342,0
0.38436794,-1.4366739,0.41289315,0.80816543,-0.41570699,0.41720062,0
-1.5646552,-0.50763184,1.4536819,-0.45779192,0.0022691637,0.88905656,0
1.1117568,-0.9796865,-1.5563228,0.45779192,-0.0022691637,-0.88905656,0
1.6831455,0.99952751,-1.0726352,0.3705337,0.90949583,0.18847342,0
-1.1976135,1.0913775,1.2759061,-0.80816543,0.41570699,-0.41720062,0
-0.16027927,-0.88153261,2.1893373,0.80816543,-0.41570699,0.41720062,0
-0.11146128,1.1318762,2.0156505,0.3705337,0.90949583,0.18847342,0
-1.7622894,-0.76906419,0.69028962,-0.80816543,0.41570699,-0.41720062,0
-0.58946276,1.6090845,1.1572134,0.3705337,0.90949583,0.18847342,0
1.9720806,1.0100965,-0.24449778,0.3705337,0.90949583,0.18847342,0
0.069258451,-1.5315552,-0.5037725,-0.3705337,-0.90949583,-0.18847342,0
0.9422074,-1.2228833,-1.6312488,0.45779192,-0.0022691637,-0.88905656,0
-0.84812129,1.8471346,1.3811219,0.3705337,0.90949583,0.18847342,0
2.1640866,0.91305524,-1.0256433,0.80816543,-0.41570699,0.41720062,0
-0.49391615,-0.38537639,-1.3600615,-0.80816543,0.41570699,-0.41720062,0
1.6751616,-0.27111039,-1.5146537,0.45779192,-0.0022691637,-0.88905656,0
0.92589545,-0.6712867,0.1162799,0.80816543,-0.41570699,0.41720062,0
1.5382808,0.18168193,-1.5049202,0.45779192,-0.0022691637,-0.88905656,0
-0.62583196,-1.1270409,-0.94498652,-0.3705337,-0.90949583,-0.18847342,0
-0.590922,1.4257684,1.7678651,0.3705337,0.90949583,0.18847342,0
-0.63841617,0.74575979,-0.25851664,-0.80816543,0.41570699,-0.41720062,0
0.58120608,-1.8534935,-1.1065601,-0.3705337,-0.90949583,-0.18847342,0
-1.2200688,-0.92553228,-0.66244918,-0.80816543,0.41570699,-0.41720062,0
-0.33577049,-1.3028096,-1.3948715,-0.3705337,-0.90949583,-0.18847342,0
-0.68548322,1.8976967,1.0730462,0.3705337,0.90949583,0.18847342,0
1.2475622,0.44013262,0.192693,0.80816543,-0.41570699,0.41720062,0
2.2206302,0.53391141,-0.91778851,0.80816543,-0.41570699,0.41720062,0
-1.2569818,1.0199373,1.8225229,-0.45779192,0.0022691637,0.88905656,0
-0.78919178,-0.032451689,-0.75446403,-0.80816543,0.41570699,-0.41720062,0
-0.46675456,-1.4321983,0.37551075,-0.3705337,-0.90949583,-0.18847342,0
-0.89667237,-1.1870822,0.5492444,-0.3705337,-0.90949583,-0.18847342,0
0.18477476,0.24967015,2.5379937,-0.45779192,0.0022691637,0.88905656,0
1.8677052,1.1904747,-1.4896791,0.45779192,-0.0022691637,-0.88905656,0
1.3874152,1.2736292,0.015439391,0.3705337,0.90949583,0.18847342,0
-1.3298995,-1.3472157,0.18048668,-0.3705337,-0.90949583,-0.18847342,0
0.38056028,1.3269455,1.3585362,0.3705337,0.90949583,0.18847342,0
1.0673531,0.70920414,-1.7836528,0.45779192,-0.0022691637,-0.88905656,0
-0.80629635,-0.50134444,-1.129035,-0.80816543,0.41570699,-0.41720062,0
-1.2494699,-0.14061046,-0.43345731,-0.80816543,0.41570699,-0.41720062,0
-0.92871034,0.44391263,1.7547151,-0.45779192,0.0022691637,0.88905656,0
0.39139545,0.80003262,-1.950883,0.45779192,-0.0022691637,-0.88905656,0
0.64865035,-0.8170265,-2.0114615,0.45779192,-0.0022691637,-0.88905656,0
0.67125261,1.2091525,0.090408206,0.3705337,0.90949583,0.18847342,0
-0.54513395,-1.2871299,-0.59399951,-0.3705337,-0.90949583,-0.18847342,0
-0.46607947,-0.99158114,-1.3837105,-0.3705337,-0.90949583,-0.18847342,0
0.82829255,0.058686078,0.68010807,0.80816543,-0.41570699,0.41720062,0
-1.5588728,0.47736603,1.2548746,-0.45779192,0.0022691637,0.88905656,0
0.61093688,1.0650833,1.3636444,0.3705337,0.90949583,0.18847342,0
-0.7124368,-0.76922739,-1.7425733,-0.80816543,0.41570699,-0.41720062,0
-0.88476801,-1.2398332,1.767235,-0.45779192,0.0022691637,0.88905656,0
0.21062058,-0.18828773,-2.1762972,0.45779192,-0.0022691637,-0.88905656,0
-0.55259234,-1.7512138,1.8958728,0.80816543,-0.41570699,0.41720062,0
0.20362902,-0.43594098,2.01513,0.80816543,-0.41570699,0.41720062,0
1.7493919,-0.12626499,-1.3538442,0.45779192,-0.0022691637,-0.88905656,0
0.28589225,-1.7041841,0.52415746,0.80816543,-0.41570699,0.41720062,0
-0.097266257,-0.22300351,2.3383915,-0.45779192,0.0022691637,0.88905656,0
-0.067918181,0.80596811,2.2334056,-0.45779192,0.0022691637,0.88905656,0
-0.11148477,-1.062999,-1.8889557,-0.3705337,-0.90949583,-0.18847342,0
0.88479602,-1.3375124,-1.9432664,0.45779192,-0.0022691637,-0.88905656,0
1.221179,-0.58968747,-0.56957829,0.80816543,-0.41570699,0.41720062,0
-1.7200631,-1.0134177,0.048824787,-0.80816543,0.41570699,-0.41720062,0
0.85825539,0.82348919,-1.9110439,0.45779192,-0.0022691637,-0.88905656,0
-0.62076974,-1.3824502,0.28706884,-0.3705337,-0.90949583,-0.18847342,0
-1.908231,-0.43379781,1.3033106,-0.80816543,0.41570699,-0.41720062,0
0.45350111,1.6805987,-0.34709668,0.3705337,0.90949583,0.18847342,0
-1.5318174,-0.0096084476,0.69456828,-0.80816543,0.41570699,-0.41720062,0
1.7845533,0.21351045,-0.60728121,0.80816543,-0.41570699,0.41720062,0
-0.64934134,-1.350563,-0.68703842,-0.3705337,-0.90949583,-0.18847342,0
0.14487207,0.93280113,-2.1150136,-0.80816543,0.41570699,-0.41720062,0
1.6335781,0.033525944,-0.72850335,0.80816543,-0.41570699,0.41720062,0
-0.84802216,0.29781443,-0.74507374,-0.80816543,0.41570699,-0.41720062,0
0.021992192,-0.82951486,1.7435197,0.80816543,-0.41570699,0.41720062,0
-0.35507786,-0.54667097,2.2295709,-0.45779192,0.0022691637,0.88905656,0
1.5182372,0.77871388,-1.3828266,0.45779192,-0.0022691637,-0.88905656,0
0.12881076,-1.0701063,-2.0108232,0.45779192,-0.0022691637,-0.88905656,0
-0.88195103,0.51278704,1.8271096,-0.45779192,0.0022691637,0.88905656,0
-1.5878141,-1.2165468,1.1011293,-0.3705337,-0.90949583,-0.18847342,0
1.3415468,-0.89232326,-1.3787358,0.80816543,-0.41570699,0.41720062,0
1.3216977,1.0043657,-1.6141579,0.45779192,-0.0022691637,-0.88905656,0
-1.3565418,-0.29402319,1.700839,-0.45779192,0.0022691637,0.88905656,0
-0.53742421,-1.1964933,-0.4672088,-0.3705337,-0.90949583,-0.18847342,0
0.57637358,1.3053823,0.095199227,0.3705337,0.90949583,0.18847342,0
-0.016182974,-0.90046358,1.3493116,0.80816543,-0.41570699,0.41720062,0
1.1650801,-1.1938481,-1.6833844,0.45779192,-0.0022691637,-0.88905656,0
-0.68260503,1.7076709,0.60595578,-0.80816543,0.41570699,-0.41720062,0
-0.069783092,1.412707,-0.63560349,-0.80816543,0.41570699,-0.41720062,0
-0.76987743,1.8513879,1.3927222,0.3705337,0.90949583,0.18847342,0
-0.56049216,-0.14564538,-1.6474419,-0.80816543,0.41570699,-0.41720062,0
-0.16579628,1.1545187,2.1458883,-0.45779192,0.0022691637,0.88905656,0
-0.4992907,-1.5362935,-0.61753929,-0.3705337,-0.90949583,-0.18847342,0
0.92721981,-1.1880763,-1.7667042,0.45779192,-0.0022691637,-0.88905656,0
-0.097539902,-1.6343625,0.27240968,-0.3705337,-0.90949583,-0.18847342,0
-1.2585096,-0.80293334,-1.148613,-0.3705337,-0.90949583,-0.18847342,0
-1.2968955,-0.68611002,-0.20192283,-0.80816543,0.41570699,-0.41720062,0
-0.58786285,-0.43491209,-2.0475497,-0.80816543,0.41570699,-0.41720062,0
-1.397383,-0.52532536,-0.12372023,-0.80816543,0.41570699,-0.41720062,0
-0.40965736,-0.85276949,2.0791388,-0.45779192,0.0022691637,0.88905656,0
-0.95185471,-0.10038066,1.8261929,-0.45779192,0.0022691637,0.88905656,0
0.95935541,-0.65916592,-1.7146263,0.45779192,-0.0022691637,-0.88905656,0
-0.28596556,0.63473111,2.2542396,-0.45779192,0.0022691637,0.88905656,0
-2.0311501,-0.49548778,1.2507741,-0.45779192,0.0022691637,0.88905656,0
-0.20290887,1.1537833,1.8863361,0.3705337,0.90949583,0.18847342,0
-0.9727087,0.95264781,1.6660577,-0.45779192,0.0022691637,0.88905656,0
1.0818177,-0.34056389,-1.4770222,0.45779192,-0.0022691637,-0.88905656,0
-1.1139784,0.57743371,0.29048079,-0.80816543,0.41570699,-0.41720062,0
-0.4947753,1.3377837,1.8408467,-0.45779192,0.0022691637,0.88905656,0
-1.5814574,-0.23585498,0.29401004,-0.80816543,0.41570699,-0.41720062,0
-2.0338569,-0.94805855,0.37618709,-0.80816543,0.41570699,-0.41720062,0
0.93904722,1.5014786,-1.6489515,0.3705337,0.90949583,0.18847342,0
1.0685389,1.6427097,-1.647553,0.45779192,-0.0022691637,-0.88905656,0
0.81298459,0.0036628842,0.70376617,0.80816543,-0.41570699,0.41720062,0
2.0618083,0.25833696,-1.2937081,0.45779192,-0.0022691637,-0.88905656,0
0.18633282,1.7422682,-0.86501384,0.3705337,0.90949583,0.18847342,0
-0.43985057,-1.8159623,0.76203477,-0.3705337,-0.90949583,-0.18847342,0
-0.78238964,0.35329276,-0.66043603,-0.80816543,0.41570699,-0.41720062,0
1.6335382,-0.2750774,-1.4876149,0.45779192,-0.0022691637,-0.88905656,0
1.4565719,-1.3594021,-1.4655688,0.80816543,-0.41570699,0.41720062,0
0.40621179,0.10765672,-2.0630064,0.45779192,-0.0022691637,-0.88905656,0
-1.7811036,-1.1113367,1.3590326,-0.45779192,0.0022691637,0.88905656,0
0.33141184,0.49451864,2.342299,-0.45779192,0.0022691637,0.88905656,0
-0.41956702,-0.77991253,1.8985125,-0.45779192,0.0022691637,0.88905656,0
0.32361412,-1.1347847,-2.2234735,0.45779192,-0.0022691637,-0.88905656,0
0.66876805,-0.19182873,1.2113372,0.80816543,-0.41570699,0.41720062,0
0.54990351,-0.54760462,1.2536767,0.80816543,-0.41570699,0.41720062,0
1.5959724,1.0934362,-1.4699526,0.45779192,-0.0022691637,-0.88905656,0
-1.4788814,-0.92454904,0.055470943,-0.3705337,-0.90949583,-0.18847342,0
-0.061577857,0.97239876,-1.0236242,-0.80816543,0.41570699,-0.41720062,0
-0.71796811,1.4743097,0.10415727,-0.80816543,0.41570699,-0.41720062,0
0.3176223,0.36485004,2.4760654,0.80816543,-0.41570699,0.41720062,0
-1.3823905,-1.0552213,0.88784838,-0.3705337,-0.90949583,-0.18847342,0
1.0932831,1.1171567,-1.910614,0.45779192,-0.0022691637,-0.88905656,0
-1.1916773,1.0469437,0.53420126,-0.80816543,0.41570699,-0.41720062,0
-0.29097056,-1.6564053,-0.32937887,-0.3705337,-0.90949583,-0.18847342,0
1.0135664,1.2504935,-0.16385531,0.3705337,0.90949583,0.18847342,0
1.2072608,-0.05275071,-1.5492008,0.45779192,-0.0022691637,-0.88905656,0
