1.4459454,-0.85387605,-0.066141963,0.86448807,-0.46272382,0.19633391,0
0.98055798,-1.4663708,-0.72284323,0.86448807,-0.46272382,0.19633391,0
0.31967276,-0.030399799,-0.83398867,0.28485742,0.1291759,-0.94982618,0
-1.7399396,-0.15979347,-0.046447992,-0.86448807,0.46272382,-0.19633391,0
-1.2129905,1.5210178,0.59439081,-0.86448807,0.46272382,-0.19633391,0
-0.88789189,1.4167969,-0.16418111,-0.86448807,0.46272382,-0.19633391,0
-0.83361715,1.4801391,0.45922804,-0.86448807,0.46272382,-0.19633391,0
0.54799026,-1.8516792,1.0997399,0.86448807,-0.46272382,0.19633391,0
-0.39660639,0.55002153,1.2180018,-0.28485742,-0.1291759,0.94982618,0
-1.6680142,-0.27570879,-0.63847303,-0.86448807,0.46272382,-0.19633391,0
0.10163722,-1.4017262,-1.1348282,-0.41414562,-0.87704057,-0.24348128,0
0.45290169,1.4722497,-0.65461087,0.41414562,0.87704057,0.24348128,0
-0.9055959,-0.85350871,-1.2472725,0.28485742,0.1291759,-0.94982618,0
0.63932359,-1.7315025,-0.54162562,-0.41414562,-0.87704057,-0.24348128,0
1.0732099,-0.85974705,-0.12283233,0.86448807,-0.46272382,0.19633391,0
-1.5969671,-0.20055163,-0.70669997,-0.86448807,0.46272382,-0.19633391,0
-1.6360807,0.69394851,0.52210277,-0.86448807,0.46272382,-0.19633391,0
-1.0724711,1.9781225,0.81779969,-0.86448807,0.46272382,-0.19633391,0
-2.3238087,-0.72826213,0.13056469,-0.86448807,0.46272382,-0.19633391,0
1.0615989,-2.0867007,-0.94150114,0.86448807,-0.46272382,0.19633391,0
1.1253334,1.1103591,0.16712618,0.41414562,0.87704057,0.24348128,0
1.4909205,-0.45622492,0.43224263,0.86448807,-0.46272382,0.19633391,0
1.4017352,0.64467227,-0.40890181,0.28485742,0.1291759,-0.94982618,0
0.24965325,-1.4272666,-0.75712836,-0.41414562,-0.87704057,-0.24348128,0
-0.78867459,1.6985842,-0.70831478,-0.86448807,0.46272382,-0.19633391,0
0.19460356,1.2010761,1.307713,-0.28485742,-0.1291759,0.94982618,0
1.2430898,0.71105552,1.3648961,0.41414562,0.87704057,0.24348128,0
1.3806502,-0.37645853,1.3876477,0.86448807,-0.46272382,0.19633391,0
-1.6138318,-0.34553611,-1.56661,0.28485742,0.1291759,-0.94982618,0
1.7470831,1.137955,-0.57626331,0.28485742,0.1291759,-0.94982618,0
-1.269451,-0.12253481,0.71937394,-0.28485742,-0.1291759,0.94982618,0
0.63389838,0.6541959,1.1983279,-0.28485742,-0.1291759,0.94982618,0
-1.7689534,0.41147539,0.35184506,-0.86448807,0.46272382,-0.19633391,0
1.4550651,0.13719368,0.96439326,0.86448807,-0.46272382,0.19633391,0
-0.73562872,0.12032461,1.0281036,-0.28485742,-0.1291759,0.94982618,0
-1.4753977,0.20418295,0.18791825,-0.86448807,0.46272382,-0.19633391,0
-0.89491761,2.0562589,0.705935,-0.86448807,0.46272382,-0.19633391,0
1.3192396,0.47270775,1.3043463,-0.28485742,-0.1291759,0.94982618,0
-0.21359763,0.097414255,-1.0989512,0.28485742,0.1291759,-0.94982618,0
0.060755208,0.9673636,1.2078441,-0.28485742,-0.1291759,0.94982618,0
1.0278759,1.0090907,1.0100317,0.41414562,0.87704057,0.24348128,0
1.7151788,0.95838916,-0.0036375523,0.41414562,0.87704057,0.24348128,0
1.9558901,0.087855592,-0.25177723,0.86448807,-0.46272382,0.19633391,0
-1.0497152,-0.90574378,-0.41356575,-0.41414562,-0.87704057,-0.24348128,0
0.53253651,-0.6982547,1.2695781,-0.28485742,-0.1291759,0.94982618,0
-0.38363051,-0.64762282,-1.2041148,0.28485742,0.1291759,-0.94982618,0
-1.1870065,0.8554424,0.88014668,-0.28485742,-0.1291759,0.94982618,0
1.4947578,-0.67663485,-0.077702291,0.86448807,-0.46272382,0.19633391,0
-0.10434866,-0.5642876,1.0221649,-0.28485742,-0.1291759,0.94982618,0
-1.4274657,0.52168381,-0.72348839,-0.86448807,0.46272382,-0.19633391,0
0.055520058,-1.8801132,0.50696814,-0.41414562,-0.87704057,-0.24348128,0
-0.49044675,0.18108988,-1.2695923,0.28485742,0.1291759,-0.94982618,0
0.72493672,-1.2209331,0.553729,0.86448807,-0.46272382,0.19633391,0
-0.47512737,-1.1103035,-0.68790197,-0.41414562,-0.87704057,-0.24348128,0
-0.11531502,-0.289464,1.1210301,-0.28485742,-0.1291759,0.94982618,0
-0.37334788,1.6848745,0.090403318,0.41414562,0.87704057,0.24348128,0
1.9898411,0.84696996,-0.021512747,0.41414562,0.87704057,0.24348128,0
0.5089972,1.3470981,-0.77081954,0.28485742,0.1291759,-0.94982618,0
0.031130075,-1.1613319,-1.2471335,-0.41414562,-0.87704057,-0.24348128,0
-1.6591462,0.23977986,0.068203777,-0.86448807,0.46272382,-0.19633391,0
-1.5208356,0.17802328,-0.32744741,-0.86448807,0.46272382,-0.19633391,0
-1.5528488,-0.18658805,-1.1333706,-0.86448807,0.46272382,-0.19633391,0
1.0271747,0.47644138,1.3736439,-0.28485742,-0.1291759,0.94982618,0
1.6913215,1.0496051,-0.25383759,0.41414562,0.87704057,0.24348128,0
0.8625958,1.4263197,0.034629226,0.41414562,0.87704057,0.24348128,0
-1.5927277,-0.20898795,-1.3917736,-0.86448807,0.46272382,-0.19633391,0
1.7861068,0.39015204,-0.11236632,0.86448807,-0.46272382,0.19633391,0
-0.0072310567,-0.51401156,1.011439,-0.28485742,-0.1291759,0.94982618,0
1.1051773,-1.4011627,-0.57354575,0.86448807,-0.46272382,0.19633391,0
-0.80888289,1.949589,-0.43232751,-0.86448807,0.46272382,-0.19633391,0
-1.1783487,-0.86045372,-1.3732157,-0.41414562,-0.87704057,-0.24348128,0
0.59542572,-1.555681,0.60252011,0.86448807,-0.46272382,0.19633391,0
0.50441557,-1.7920947,-0.83043301,-0.41414562,-0.87704057,-0.24348128,0
-1.5276216,0.014534712,-0.92915702,-0.86448807,0.46272382,-0.19633391,0
0.25305006,-0.60204279,-1.0271083,0.28485742,0.1291759,-0.94982618,0
1.2378384,-0.40128809,-0.57046831,0.28485742,0.1291759,-0.94982618,0
-0.88261682,1.9042394,0.71235228,-0.86448807,0.46272382,-0.19633391,0
-2.0955458,-0.65300012,0.43428373,-0.28485742,-0.1291759,0.94982618,0
0.73947728,-1.9294965,-0.095047116,0.86448807,-0.46272382,0.19633391,0
1.5789918,0.82475013,0.05106473,0.41414562,0.87704057,0.24348128,0
-1.4880524,0.39031214,-0.0097621232,-0.86448807,0.46272382,-0.19633391,0
-0.99937487,0.90403312,-0.48498923,-0.86448807,0.46272382,-0.19633391,0
0.16985837,-1.7214651,0.092864275,-0.41414562,-0.87704057,-0.24348128,0
-1.5864577,0.16411823,-0.35829973,-0.86448807,0.46272382,-0.19633391,0
1.619324,-0.086948663,-0.070790827,0.86448807,-0.46272382,0.19633391,0
-1.7848684,-0.06616202,0.44017422,-0.86448807,0.46272382,-0.19633391,0
1.2922617,-1.0726268,-0.39777234,0.86448807,-0.46272382,0.19633391,0
1.4354072,-0.028256297,1.5041575,0.86448807,-0.46272382,0.19633391,0
-1.4864471,0.0080186129,-0.85890841,-0.86448807,0.46272382,-0.19633391,0
1.7253176,0.83212322,-0.50936687,0.41414562,0.87704057,0.24348128,0
-0.37594929,1.5945134,1.1437858,0.41414562,0.87704057,0.24348128,0
-1.7155455,-0.26627877,0.57942039,-0.28485742,-0.1291759,0.94982618,0
-0.098576784,-1.1247717,0.816535,-0.28485742,-0.1291759,0.94982618,0
-0.51028746,-0.43258345,-1.0986589,0.28485742,0.1291759,-0.94982618,0
-0.72814345,1.1838385,-0.92630577,-0.86448807,0.46272382,-0.19633391,0
-1.3718191,0.1020056,-0.93025577,-0.86448807,0.46272382,-0.19633391,0
-1.3853316,0.060728014,-0.61560881,-0.86448807,0.46272382,-0.19633391,0
-1.0160539,1.5097828,0.32671571,-0.86448807,0.46272382,-0.19633391,0
1.7323561,0.38882339,1.4497598,0.41414562,0.87704057,0.24348128,0
-1.7656519,-0.12328319,0.07513839,-0.86448807,0.46272382,-0.19633391,0
-0.68944687,-1.179406,-0.27374756,-0.41414562,-0.87704057,-0.24348128,0
-0.37828177,0.38425243,-1.2505449,0.28485742,0.1291759,-0.94982618,0
0.5573796,-2.1840811,0.58344507,0.86448807,-0.46272382,0.19633391,0
-1.3105642,-1.1272545,-0.19034445,-0.41414562,-0.87704057,-0.24348128,0
-0.70414913,-1.014673,-0.63068867,-0.41414562,-0.87704057,-0.24348128,0
1.492036,-0.72227597,-0.32331112,0.86448807,-0.46272382,0.19633391,0
-0.59811747,-0.67963064,-1.308442,0.28485742,0.1291759,-0.94982618,0
-0.52452427,1.6866131,1.2657818,0.41414562,0.87704057,0.24348128,0
-0.77001739,0.075029731,-1.337728,0.28485742,0.1291759,-0.94982618,0
-1.2177763,-0.69956851,-1.0254551,-0.41414562,-0.87704057,-0.24348128,0
-1.34825,1.4107842,0.60341251,-0.86448807,0.46272382,-0.19633391,0
0.049956799,0.3017177,-0.85700804,0.28485742,0.1291759,-0.94982618,0
-0.84380543,1.5433661,0.091739297,-0.86448807,0.46272382,-0.19633391,0
1.3949412,-0.40204573,0.89175874,0.86448807,-0.46272382,0.19633391,0
-1.4842985,-0.27252626,-1.5452397,-0.86448807,0.46272382,-0.19633391,0
0.21235362,-1.7095329,0.22722983,-0.41414562,-0.87704057,-0.24348128,0
1.3654995,-0.79463696,0.25045532,0.86448807,-0.46272382,0.19633391,0
0.38812387,-1.8587201,0.57782793,0.86448807,-0.46272382,0.19633391,0
0.87728226,1.1399946,-0.76141167,0.28485742,0.1291759,-0.94982618,0
0.80872035,0.69127274,-0.82801735,0.28485742,0.1291759,-0.94982618,0
1.5313523,-0.62627834,-0.86798555,0.86448807,-0.46272382,0.19633391,0
-1.7097932,-0.90902913,0.62307692,-0.41414562,-0.87704057,-0.24348128,0
0.41972095,-1.5220451,-0.99528056,0.28485742,0.1291759,-0.94982618,0
2.2604668,0.77865386,-0.2965126,0.28485742,0.1291759,-0.94982618,0
0.028635591,-0.74035716,-1.1018925,0.28485742,0.1291759,-0.94982618,0
-0.13084117,1.2661344,1.2744505,-0.28485742,-0.1291759,0.94982618,0
-1.1094072,-0.90405077,-0.81133652,-0.41414562,-0.87704057,-0.24348128,0
0.49595451,0.77025378,1.1117564,-0.28485742,-0.1291759,0.94982618,0
-0.26645702,-1.6832819,0.76916504,-0.28485742,-0.1291759,0.94982618,0
-0.046754837,-1.3992321,-1.0875543,0.28485742,0.1291759,-0.94982618,0
0.65181953,-2.0583155,0.55275035,0.86448807,-0.46272382,0.19633391,0
-0.17811291,1.7425811,0.82289124,0.41414562,0.87704057,0.24348128,0
1.1999197,-1.5142533,-0.43674427,0.86448807,-0.46272382,0.19633391,0
1.2928703,-0.33675343,-0.7636981,0.28485742,0.1291759,-0.94982618,0
-1.790439,-0.8880471,-0.1014756,-0.41414562,-0.87704057,-0.24348128,0
-0.53696686,-1.4304183,-0.54350376,-0.41414562,-0.87704057,-0.24348128,0
2.0082974,0.73301899,0.18834877,0.86448807,-0.46272382,0.19633391,0
1.349223,-0.61339569,-0.31927401,0.86448807,-0.46272382,0.19633391,0
1.32613,-1.0509562,-0.54571515,0.86448807,-0.46272382,0.19633391,0
-0.75886512,1.6516724,-0.67167079,-0.86448807,0.46272382,-0.19633391,0
0.23430957,1.5480467,-0.11496615,0.41414562,0.87704057,0.24348128,0
-0.71260762,-1.5537857,0.65994632,-0.41414562,-0.87704057,-0.24348128,0
-0.80733597,-0.89578599,0.73685145,-0.28485742,-0.1291759,0.94982618,0
0.65041149,0.92772138,1.1337597,0.41414562,0.87704057,0.24348128,0
1.2361437,0.59343326,1.3927267,-0.28485742,-0.1291759,0.94982618,0
-0.89040798,-0.57484102,-1.3346845,0.28485742,0.1291759,-0.94982618,0
0.95581973,-0.98437703,0.73229468,0.86448807,-0.46272382,0.19633391,0
0.74451649,-1.8773031,0.072198272,0.86448807,-0.46272382,0.19633391,0
-0.095871389,1.397503,-0.87708092,0.28485742,0.1291759,-0.94982618,0
1.3634694,-0.10498893,1.0054307,0.86448807,-0.46272382,0.19633391,0
-0.42197037,-1.4594897,0.037179708,-0.41414562,-0.87704057,-0.24348128,0
0.97383416,0.70642632,-0.45721507,0.28485742,0.1291759,-0.94982618,0
1.2963699,0.82664728,1.2137542,0.41414562,0.87704057,0.24348128,0
1.5309107,0.99376202,0.6322161,0.41414562,0.87704057,0.24348128,0
-0.32584983,-0.89637423,-1.1306125,0.28485742,0.1291759,-0.94982618,0
-0.2211408,-0.90596861,0.78175443,-0.28485742,-0.1291759,0.94982618,0
0.85807812,-1.626071,0.81417787,0.86448807,-0.46272382,0.19633391,0
0.51249498,-0.91526634,1.1308306,-0.28485742,-0.1291759,0.94982618,0
0.60357749,-1.2013909,0.98239046,-0.28485742,-0.1291759,0.94982618,0
-1.2310544,0.85019898,-1.1784692,-0.86448807,0.46272382,-0.19633391,0
0.32079875,-1.4323201,-1.2697837,-0.41414562,-0.87704057,-0.24348128,0
0.79111516,0.072167993,1.3604622,-0.28485742,-0.1291759,0.94982618,0
1.353317,0.75798821,0.36379409,0.41414562,0.87704057,0.24348128,0
-0.93604285,-0.65823227,0.6051482,-0.28485742,-0.1291759,0.94982618,0
0.3405574,1.0095837,-0.84176946,0.28485742,0.1291759,-0.94982618,0
1.6291026,-0.042545438,0.90116423,0.86448807,-0.46272382,0.19633391,0
-1.0466065,1.6379733,0.54852128,-0.86448807,0.46272382,-0.19633391,0
-0.21590082,1.7397269,0.28723311,0.41414562,0.87704057,0.24348128,0
1.1663902,-1.4439534,-0.0228374,0.86448807,-0.46272382,0.19633391,0
-1.790566,-0.91154033,-0.59770179,-0.41414562,-0.87704057,-0.24348128,0
-0.046067789,1.629581,0.68197513,0.41414562,0.87704057,0.24348128,0
-0.37506866,1.7546912,-0.95300031,0.28485742,0.1291759,-0.94982618,0
-1.6011,-0.40658009,-1.1620288,-0.86448807,0.46272382,-0.19633391,0
0.63090974,1.3305402,0.97220063,0.41414562,0.87704057,0.24348128,0
0.51981723,0.87673664,-0.68134779,0.28485742,0.1291759,-0.94982618,0
-1.9106518,-0.43624014,-0.77696723,-0.86448807,0.46272382,-0.19633391,0
0.72767675,-1.9217837,0.19289029,0.86448807,-0.46272382,0.19633391,0
-0.44646287,1.5562315,0.50149226,0.41414562,0.87704057,0.24348128,0
-1.4307709,0.4694694,0.49329954,-0.28485742,-0.1291759,0.94982618,0
-0.83935189,0.90398741,1.0513315,-0.28485742,-0.1291759,0.94982618,0
-0.076310247,0.10935521,-0.99293864,0.28485742,0.1291759,-0.94982618,0
-0.77000499,0.21395981,-1.1050625,0.28485742,0.1291759,-0.94982618,0
0.84905297,-1.6395955,-0.55774963,0.86448807,-0.46272382,0.19633391,0
-1.5116785,-0.18717384,-1.0728041,-0.86448807,0.46272382,-0.19633391,0
-1.0745875,-0.96427441,-1.3135488,0.28485742,0.1291759,-0.94982618,0
-0.99816668,1.3345058,-0.23675776,-0.86448807,0.46272382,-0.19633391,0
0.93587208,-2.0766559,-1.0076702,-0.41414562,-0.87704057,-0.24348128,0
0.09406963,-1.6413049,-0.72151136,-0.41414562,-0.87704057,-0.24348128,0
-1.302973,-0.31575882,-1.353889,0.28485742,0.1291759,-0.94982618,0
-0.21892795,-0.42306221,-1.2865782,0.28485742,0.1291759,-0.94982618,0
-0.51064479,1.6708689,-0.5876013,-0.86448807,0.46272382,-0.19633391,0
0.52690637,-1.7484884,1.1402003,-0.28485742,-0.1291759,0.94982618,0
-0.76311696,-1.3305622,-0.24644887,-0.41414562,-0.87704057,-0.24348128,0
1.1223584,-1.3322636,-0.29164886,0.86448807,-0.46272382,0.19633391,0
-1.1962436,-1.0682762,0.2717576,-0.41414562,-0.87704057,-0.24348128,0
1.2016594,-0.54598558,1.2929685,0.86448807,-0.46272382,0.19633391,0
0.62472349,0.98047113,1.1218338,0.41414562,0.87704057,0.24348128,0
0.35947841,0.80748701,-0.8848002,0.28485742,0.1291759,-0.94982618,0
1.2827322,-0.80816245,-0.55043644,0.86448807,-0.46272382,0.19633391,0
1.419408,0.95145172,0.2526027,0.41414562,0.87704057,0.24348128,0
-1.121778,1.0430765,-0.90164155,-0.86448807,0.46272382,-0.19633391,0
1.1405355,-1.7997923,-0.64531279,0.86448807,-0.46272382,0.19633391,0
-1.8416973,-0.022396207,-0.48714456,-0.86448807,0.46272382,-0.19633391,0
1.2070425,0.16027915,-0.87555313,0.28485742,0.1291759,-0.94982618,0
0.16482794,-0.94568473,0.9486649,-0.28485742,-0.1291759,0.94982618,0
-1.0210751,1.1141222,-0.62204736,-0.86448807,0.46272382,-0.19633391,0
0.92228007,1.1634419,0.061627984,0.41414562,0.87704057,0.24348128,0
-0.73539197,1.2425417,-0.53411138,-0.86448807,0.46272382,-0.19633391,0
0.39863527,-0.42476428,1.2575717,-0.28485742,-0.1291759,0.94982618,0
1.0789167,-0.074215412,1.3307996,-0.28485742,-0.1291759,0.94982618,0
-1.001581,-1.2941431,0.72907054,-0.28485742,-0.1291759,0.94982618,0
0.54390937,1.0830816,1.2578623,0.41414562,0.87704057,0.24348128,0
-1.6753325,-0.031051457,-0.81278098,-0.86448807,0.46272382,-0.19633391,0
0.39098352,1.0960171,1.043072,0.41414562,0.87704057,0.24348128,0
0.91235828,-1.1942184,-6.9975853e-05,0.86448807,-0.46272382,0.19633391,0
0.95432091,-1.1193254,1.312218,0.86448807,-0.46272382,0.19633391,0
1.6608181,1.1324601,-0.4445461,0.41414562,0.87704057,0.24348128,0
-0.36925879,1.9419059,0.53343749,0.41414562,0.87704057,0.24348128,0
-1.1374153,-1.1399637,-0.25667119,-0.41414562,-0.87704057,-0.24348128,0
0.90635014,1.3341366,-0.53705168,0.28485742,0.1291759,-0.94982618,0
-1.4442313,0.63528037,-0.62081939,-0.86448807,0.46272382,-0.19633391,0
-0.75984073,-1.0231609,-0.92379075,-0.41414562,-0.87704057,-0.24348128,0
-1.2569668,-1.1447499,-0.47053719,-0.41414562,-0.87704057,-0.24348128,0
0.31524393,0.58499324,1.163852,-0.28485742,-0.1291759,0.94982618,0
1.4593304,-0.35004675,1.1053226,0.86448807,-0.46272382,0.19633391,0
1.0084898,-0.60556656,0.77550215,0.86448807,-0.46272382,0.19633391,0
0.48124701,1.5982111,-0.49364638,0.41414562,0.87704057,0.24348128,0
0.65802908,-1.6606183,0.7300216,0.86448807,-0.46272382,0.19633391,0
1.7583587,-0.0065217465,-0.22692758,0.86448807,-0.46272382,0.19633391,0
-0.32830107,0.37165678,-1.2707821,0.28485742,0.1291759,-0.94982618,0
-0.19913957,0.18759811,1.0361171,-0.28485742,-0.1291759,0.94982618,0
-1.5519589,0.35883635,0.60105062,-0.86448807,0.46272382,-0.19633391,0
-1.3176882,0.9886893,-0.24375826,-0.86448807,0.46272382,-0.19633391,0
-0.77992302,2.1105356,-0.14064598,-0.86448807,0.46272382,-0.19633391,0
-1.786258,-0.020040691,0.60782695,-0.28485742,-0.1291759,0.94982618,0
-1.1021378,1.1737795,-0.37966025,-0.86448807,0.46272382,-0.19633391,0
-0.14984468,1.6495711,0.62682676,0.41414562,0.87704057,0.24348128,0
0.86291623,1.6436787,-0.55592942,0.28485742,0.1291759,-0.94982618,0
0.40494001,1.6316991,0.089350224,0.41414562,0.87704057,0.24348128,0
-1.0770861,0.8683852,0.73145902,-0.28485742,-0.1291759,0.94982618,0
-0.45087188,0.71846056,-1.1133683,0.28485742,0.1291759,-0.94982618,0
0.93742704,-1.8442192,-0.75296462,-0.41414562,-0.87704057,-0.24348128,0
0.82953072,-1.0332152,0.6015203,0.86448807,-0.46272382,0.19633391,0
-0.70394182,-1.457266,-0.39993083,-0.41414562,-0.87704057,-0.24348128,0
-0.40913928,-1.4570782,0.74125099,-0.28485742,-0.1291759,0.94982618,0
1.6332128,-0.16143098,-0.25976083,0.86448807,-0.46272382,0.19633391,0
-1.4140319,0.05822289,-1.3549664,-0.86448807,0.46272382,-0.19633391,0
1.1490846,-0.72813308,0.70158303,0.86448807,-0.46272382,0.19633391,0
0.015664428,-1.5456576,0.13720238,-0.41414562,-0.87704057,-0.24348128,0
0.71136129,-0.98668891,1.2674735,0.86448807,-0.46272382,0.19633391,0
0.49570447,-1.8403513,-0.49109626,-0.41414562,-0.87704057,-0.24348128,0
-0.62214613,-0.20045793,1.0246677,-0.28485742,-0.1291759,0.94982618,0
-0.38619286,-1.6867888,0.36632192,-0.41414562,-0.87704057,-0.24348128,0
0.28538913,-0.3122232,1.2666367,-0.28485742,-0.1291759,0.94982618,0
1.1913853,-0.9694823,-1.0197351,0.28485742,0.1291759,-0.94982618,0
-0.36136812,0.29919261,-0.98198044,0.28485742,0.1291759,-0.94982618,0
-1.257151,-0.62889504,-1.1950865,-0.41414562,-0.87704057,-0.24348128,0
-0.67187834,1.6221386,0.72795725,0.41414562,0.87704057,0.24348128,0
-1.6305515,-0.90803862,-0.25916481,-0.41414562,-0.87704057,-0.24348128,0
0.27215844,-0.77659661,1.1572763,-0.28485742,-0.1291759,0.94982618,0
1.5319567,0.49887812,1.3750863,0.41414562,0.87704057,0.24348128,0
-0.43683732,-1.0193676,0.69377851,-0.28485742,-0.1291759,0.94982618,0
0.070536673,1.5944592,-0.99178147,0.28485742,0.1291759,-0.94982618,0
-1.6396297,0.46698144,-0.31887156,-0.86448807,0.46272382,-0.19633391,0
-2.0278442,-0.59408087,0.30731094,-0.28485742,-0.1291759,0.94982618,0
-1.2829483,0.37182581,-0.70250535,-0.86448807,0.46272382,-0.19633391,0
0.79854697,-1.2538728,0.75890028,0.86448807,-0.46272382,0.19633391,0
0.81583273,0.14725196,1.1831657,-0.28485742,-0.1291759,0.94982618,0
-0.68966138,-1.202096,0.69037509,-0.28485742,-0.1291759,0.94982618,0
1.6237524,-0.56416297,-0.48776919,0.86448807,-0.46272382,0.19633391,0
-0.50725442,1.7459251,-0.844661,0.28485742,0.1291759,-0.94982618,0
-0.099321619,1.4093527,0.54111648,0.41414562,0.87704057,0.24348128,0
-1.9135488,-0.10397128,0.09171778,-0.86448807,0.46272382,-0.19633391,0
1.3940881,-0.62252063,0.10801565,0.86448807,-0.46272382,0.19633391,0
-0.90129417,1.8867049,0.45885384,-0.86448807,0.46272382,-0.19633391,0
1.0387365,0.015886843,-0.59518933,0.28485742,0.1291759,-0.94982618,0
-1.7041177,-0.8682918,-0.92475283,-0.41414562,-0.87704057,-0.24348128,0
1.1730827,-1.3219458,-0.89007914,0.86448807,-0.46272382,0.19633391,0
1.0237575,-0.58996832,1.2698666,-0.28485742,-0.1291759,0.94982618,0
-0.76141596,1.5667447,-0.16833985,-0.86448807,0.46272382,-0.19633391,0
0.52753353,-1.6760298,-0.52897811,-0.41414562,-0.87704057,-0.24348128,0
1.6829429,0.16047245,-0.051213503,0.86448807,-0.46272382,0.19633391,0
-1.3028512,1.2214377,-0.038981557,-0.86448807,0.46272382,-0.19633391,0
1.4617109,-0.651438,-0.16162252,0.86448807,-0.46272382,0.19633391,0
-0.10783197,0.21553397,0.94629431,-0.28485742,-0.1291759,0.94982618,0
-0.72295868,2.1813028,-0.19086432,-0.86448807,0.46272382,-0.19633391,0
0.078970522,0.48458731,1.2271907,-0.28485742,-0.1291759,0.94982618,0
0.82102931,-0.78006166,-0.76065409,0.28485742,0.1291759,-0.94982618,0
-0.89982122,1.931022,0.52626503,0.41414562,0.87704057,0.24348128,0
-0.85975206,1.5016147,0.21313441,-0.86448807,0.46272382,-0.19633391,0
-0.77353197,-1.3865705,0.082575321,-0.41414562,-0.87704057,-0.24348128,0
0.91357267,0.56537962,1.3220327,-0.28485742,-0.1291759,0.94982618,0
-0.53728151,1.9020113,0.24489212,0.41414562,0.87704057,0.24348128,0
0.99989855,-0.57472277,1.1703267,-0.28485742,-0.1291759,0.94982618,0
-0.28793639,-0.58863181,0.82302147,-0.28485742,-0.1291759,0.94982618,0
-0.70288467,-0.30777645,-1.4355689,0.28485742,0.1291759,-0.94982618,0
-1.1652917,-0.78761792,-1.2115512,-0.41414562,-0.87704057,-0.24348128,0
-1.5639321,-0.92097294,-0.59379351,-0.41414562,-0.87704057,-0.24348128,0
-1.8713591,-0.97354162,-0.2225033,-0.41414562,-0.87704057,-0.24348128,0
-1.7121716,0.41157994,0.19079641,-0.86448807,0.46272382,-0.19633391,0
1.3844241,1.2076684,-0.29081285,0.41414562,0.87704057,0.24348128,0
-1.047327,0.53537971,-1.096037,-0.86448807,0.46272382,-0.19633391,0
-0.47678807,1.8463316,-0.10195839,0.41414562,0.87704057,0.24348128,0
-1.827764,-0.1954124,-0.593481,-0.86448807,0.46272382,-0.19633391,0
-0.10538774,1.0227606,1.1702739,-0.28485742,-0.1291759,0.94982618,0
-1.6579566,-0.40759987,0.48228478,-0.28485742,-0.1291759,0.94982618,0
0.11067832,1.8698447,-0.5880152,0.41414562,0.87704057,0.24348128,0
-0.32089847,0.56474733,-1.2698853,0.28485742,0.1291759,-0.94982618,0
-1.2712826,1.3043985,0.047163308,-0.86448807,0.46272382,-0.19633391,0
0.71444458,-1.8854506,0.13472414,-0.41414562,-0.87704057,-0.24348128,0
-0.68758547,-1.0813813,-1.2563609,-0.41414562,-0.87704057,-0.24348128,0
1.2220546,-1.4927317,-0.4681735,0.86448807,-0.46272382,0.19633391,0
-0.16382611,2.2097483,-0.78541875,0.41414562,0.87704057,0.24348128,0
-0.31228411,-1.5150288,-0.020521164,-0.41414562,-0.87704057,-0.24348128,0
-1.5716377,-0.60485995,-0.68641472,-0.41414562,-0.87704057,-0.24348128,0
-0.09013617,-0.20887506,0.86470634,-0.28485742,-0.1291759,0.94982618,0
-0.056294978,-2.0995998,0.72303176,-0.41414562,-0.87704057,-0.24348128,0
-0.99290997,1.8824954,1.1238959,-0.28485742,-0.1291759,0.94982618,0
0.67738485,1.5266662,-0.67725039,0.41414562,0.87704057,0.24348128,0
1.1370615,-1.1238359,-0.0067597628,0.86448807,-0.46272382,0.19633391,0
0.113334,-1.5456861,0.98789072,-0.28485742,-0.1291759,0.94982618,0
0.86565483,-2.024565,-0.57373071,0.86448807,-0.46272382,0.19633391,0
-0.77556539,-1.4558121,0.25771427,-0.41414562,-0.87704057,-0.24348128,0
-0.66161883,-1.46279,0.53223872,-0.41414562,-0.87704057,-0.24348128,0
0.81035841,-1.616339,0.068526268,0.86448807,-0.46272382,0.19633391,0
0.88219523,-1.6735182,0.24390316,0.86448807,-0.46272382,0.19633391,0
1.0969651,-1.5319791,-0.20703924,0.86448807,-0.46272382,0.19633391,0
0.55066657,-0.98110956,-1.0567782,0.28485742,0.1291759,-0.94982618,0
-0.68428504,-1.3954842,0.70467973,-0.28485742,-0.1291759,0.94982618,0
-1.4025804,-1.1278162,0.010468364,-0.41414562,-0.87704057,-0.24348128,0
-0.29556546,-1.4891825,-0.96054316,-0.41414562,-0.87704057,-0.24348128,0
-1.3308078,0.98300695,0.93403518,-0.28485742,-0.1291759,0.94982618,0
-0.78443229,-1.1325582,-0.92282575,-0.41414562,-0.87704057,-0.24348128,0
-0.92782837,1.5220668,0.49589932,-0.86448807,0.46272382,-0.19633391,0
-1.0019798,1.5820019,1.0191491,-0.86448807,0.46272382,-0.19633391,0
1.7463973,-0.15102232,-0.41853037,0.28485742,0.1291759,-0.94982618,0
-0.98042119,-0.18919665,0.73800993,-0.28485742,-0.1291759,0.94982618,0
-1.5647777,-0.26675797,-1.3449008,-0.86448807,0.46272382,-0.19633391,0
-0.84485912,0.66674948,1.0956043,-0.28485742,-0.1291759,0.94982618,0
-2.4378712,-0.8360666,0.32029474,-0.28485742,-0.1291759,0.94982618,0
-1.2888769,-0.6673826,-1.3846239,0.28485742,0.1291759,-0.94982618,0
1.9307818,0.66737998,0.38858163,0.86448807,-0.46272382,0.19633391,0
0.6320982,-0.23455679,-1.0471596,0.28485742,0.1291759,-0.94982618,0
0.18180557,1.6738195,0.034828544,0.41414562,0.87704057,0.24348128,0
-0.073848724,0.30183196,1.0616522,-0.28485742,-0.1291759,0.94982618,0
-0.83043265,1.246053,-0.57704443,-0.86448807,0.46272382,-0.19633391,0
-1.2561914,0.41667724,-1.1329843,-0.86448807,0.46272382,-0.19633391,0
1.3682002,-0.77190334,0.061343938,0.86448807,-0.46272382,0.19633391,0
-0.67807615,-0.63603902,-1.5089899,0.28485742,0.1291759,-0.94982618,0
1.0453291,-1.4696729,-0.84275806,0.28485742,0.1291759,-0.94982618,0
-0.36163959,-0.29011524,0.79526734,-0.28485742,-0.1291759,0.94982618,0
1.3030355,1.1132486,-0.27652168,0.41414562,0.87704057,0.24348128,0
-1.6165004,-1.2362303,0.37598181,-0.41414562,-0.87704057,-0.24348128,0
0.76945233,0.69836587,-0.61789864,0.28485742,0.1291759,-0.94982618,0
0.029914379,1.230237,-1.0228986,0.28485742,0.1291759,-0.94982618,0
-1.2079014,0.16912389,0.74132872,-0.28485742,-0.1291759,0.94982618,0
-0.6537376,0.57873058,-1.2629416,0.28485742,0.1291759,-0.94982618,0
-0.97927624,-0.91786265,-1.3132268,0.28485742,0.1291759,-0.94982618,0
-0.74546129,0.96262687,-1.2726508,0.28485742,0.1291759,-0.94982618,0
1.3575658,-0.82857072,0.62321931,0.86448807,-0.46272382,0.19633391,0
1.481383,0.74251246,1.1408434,0.41414562,0.87704057,0.24348128,0
0.27667671,-0.60770082,0.96902972,-0.28485742,-0.1291759,0.94982618,0
0.12036473,0.66224444,1.2470376,-0.28485742,-0.1291759,0.94982618,0
0.32225555,-1.4283454,-1.1951232,-0.41414562,-0.87704057,-0.24348128,0
-0.7551142,2.085535,0.46525395,-0.86448807,0.46272382,-0.19633391,0
0.72927332,1.0180933,1.2263082,-0.28485742,-0.1291759,0.94982618,0
-0.38551182,2.0691199,-0.4253819,-0.86448807,0.46272382,-0.19633391,0
-1.6831552,-0.24795699,-0.33010471,-0.86448807,0.46272382,-0.19633391,0
-0.64558518,1.5869038,-0.42088735,-0.86448807,0.46272382,-0.19633391,0
0.028278172,-1.8501296,0.46675551,-0.41414562,-0.87704057,-0.24348128,0
-0.69869626,2.0296204,-0.26809657,-0.86448807,0.46272382,-0.19633391,0
0.02161786,-0.10285282,0.99998736,-0.28485742,-0.1291759,0.94982618,0
-0.43102789,1.9109036,-0.80393076,-0.86448807,0.46272382,-0.19633391,0
0.15852389,0.99926472,1.1485267,-0.28485742,-0.1291759,0.94982618,0
0.83303678,-1.7819045,-0.25736845,0.86448807,-0.46272382,0.19633391,0
0.70824134,-1.2468625,0.66983765,0.86448807,-0.46272382,0.19633391,0
-0.53025419,-1.5078856,-0.49814188,-0.41414562,-0.87704057,-0.24348128,0
0.21854752,-2.0916259,0.73876953,-0.41414562,-0.87704057,-0.24348128,0
1.1485574,0.34407842,1.3636262,-0.28485742,-0.1291759,0.94982618,0
0.25676382,-1.8546163,0.4390521,-0.41414562,-0.87704057,-0.24348128,0
-1.3673122,-1.3504633,0.43190014,-0.28485742,-0.1291759,0.94982618,0
0.12354741,-0.29954606,0.9479574,-0.28485742,-0.1291759,0.94982618,0
-1.2903922,0.63616025,-0.51884508,-0.86448807,0.46272382,-0.19633391,0
0.30631512,0.63322902,1.3753096,-0.28485742,-0.1291759,0.94982618,0
-0.25121686,1.7204297,-0.098957777,0.41414562,0.87704057,0.24348128,0
1.994133,0.25099304,-0.56663859,0.28485742,0.1291759,-0.94982618,0
-0.10119542,1.1390915,-0.74708998,0.28485742,0.1291759,-0.94982618,0
-1.8590901,-0.30420643,-0.43843114,-0.86448807,0.46272382,-0.19633391,0
-0.1281141,1.8322331,-0.83649909,0.41414562,0.87704057,0.24348128,0
2.1903315,0.64390641,-0.15768981,0.86448807,-0.46272382,0.19633391,0
-1.0328753,0.9281801,-0.61662674,-0.86448807,0.46272382,-0.19633391,0
0.64216638,-1.7907579,0.59179163,0.86448807,-0.46272382,0.19633391,0
1.2687638,-0.037402987,1.3335226,-0.28485742,-0.1291759,0.94982618,0
1.4726596,0.035455644,-0.52193892,0.28485742,0.1291759,-0.94982618,0
0.58886981,-1.2481884,1.1145664,-0.28485742,-0.1291759,0.94982618,0
-1.1824793,0.2432965,-1.2769547,0.28485742,0.1291759,-0.94982618,0
-1.8469919,-0.033327371,0.46849316,-0.86448807,0.46272382,-0.19633391,0
-0.025046051,-0.55096996,-1.1842668,0.28485742,0.1291759,-0.94982618,0
-1.9781108,-0.2813687,-0.41081256,-0.86448807,0.46272382,-0.19633391,0
1.4214239,-0.64107704,-0.16380993,0.86448807,-0.46272382,0.19633391,0
-0.84506118,0.73740095,0.82278711,-0.28485742,-0.1291759,0.94982618,0
0.55401009,-2.1794555,0.92028379,0.86448807,-0.46272382,0.19633391,0
0.53135377,-1.9399183,0.54345965,0.86448807,-0.46272382,0.19633391,0
-1.1571403,-0.57130373,-1.461777,-0.41414562,-0.87704057,-0.24348128,0
1.6355963,-0.29032949,-0.4778567,0.86448807,-0.46272382,0.19633391,0
-0.13083395,1.2529311,1.2842001,-0.28485742,-0.1291759,0.94982618,0
-1.4097495,0.68155724,0.82487088,-0.86448807,0.46272382,-0.19633391,0
-0.44651341,-1.3153731,-0.045260429,-0.41414562,-0.87704057,-0.24348128,0
1.6113141,-0.25572422,0.28872746,0.86448807,-0.46272382,0.19633391,0
-0.056206763,-0.11114848,-0.92540455,0.28485742,0.1291759,-0.94982618,0
-0.52750826,0.13981128,0.81854892,-0.28485742,-0.1291759,0.94982618,0
-0.82984954,1.2507552,1.1528993,-0.28485742,-0.1291759,0.94982618,0
-0.74989754,-0.0742203,-1.2918808,0.28485742,0.1291759,-0.94982618,0
-0.76019269,1.2760901,1.116593,-0.28485742,-0.1291759,0.94982618,0
-1.1037605,1.5287774,0.027409554,-0.86448807,0.46272382,-0.19633391,0
0.9195739,0.94472277,0.62249482,0.41414562,0.87704057,0.24348128,0
-1.7999678,-0.48804033,-1.3770512,-0.86448807,0.46272382,-0.19633391,0
0.65385622,1.1595304,-0.51136553,0.28485742,0.1291759,-0.94982618,0
1.208957,-1.2713578,0.072858453,0.86448807,-0.46272382,0.19633391,0
1.6787521,0.89737189,-0.21450877,0.41414562,0.87704057,0.24348128,0
-0.16366437,1.5998555,-0.056477785,0.41414562,0.87704057,0.24348128,0
2.0984743,0.62279385,-0.36356878,0.86448807,-0.46272382,0.19633391,0
0.13494682,0.03392899,1.1729341,-0.28485742,-0.1291759,0.94982618,0
-1.5294236,-0.033530772,-0.6676715,-0.86448807,0.46272382,-0.19633391,0
0.11452854,-1.9358671,0.95927536,-0.28485742,-0.1291759,0.94982618,0
1.6781607,0.75466263,1.2761941,0.86448807,-0.46272382,0.19633391,0
1.1284435,0.75788701,1.3850379,-0.28485742,-0.1291759,0.94982618,0
-1.9668894,-0.50838608,-0.49527931,-0.86448807,0.46272382,-0.19633391,0
1.6903493,0.87519366,-0.43610466,0.28485742,0.1291759,-0.94982618,0
-1.0706779,1.2543026,0.20938092,-0.86448807,0.46272382,-0.19633391,0
-0.61438334,-1.4758205,0.76985824,-0.28485742,-0.1291759,0.94982618,0
-1.2177999,1.2808013,0.64982224,-0.86448807,0.46272382,-0.19633391,0
0.63985169,-1.790679,-1.2327497,0.28485742,0.1291759,-0.94982618,0
0.30369142,-1.7476377,0.18274343,-0.41414562,-0.87704057,-0.24348128,0
-1.958074,-0.16628429,0.50072765,-0.28485742,-0.1291759,0.94982618,0
-0.64403623,1.5740052,-1.0477942,0.28485742,0.1291759,-0.94982618,0
0.91311437,-1.4690255,0.81198859,0.86448807,-0.46272382,0.19633391,0
-1.181708,0.81853944,-0.9298389,-0.86448807,0.46272382,-0.19633391,0
1.4548222,-0.96874583,-0.38324344,0.86448807,-0.46272382,0.19633391,0
-0.013837337,1.3278393,1.1847149,0.41414562,0.87704057,0.24348128,0
-1.5870887,0.31021833,0.0042028725,-0.86448807,0.46272382,-0.19633391,0
0.5696466,1.7048537,-0.71857667,0.41414562,0.87704057,0.24348128,0
1.2044182,-0.50711638,0.50573134,0.86448807,-0.46272382,0.19633391,0
1.9007083,0.83575028,0.71405172,0.41414562,0.87704057,0.24348128,0
1.1149507,0.05647999,-0.6932826,0.28485742,0.1291759,-0.94982618,0
1.3292985,-0.48327774,0.97737199,0.86448807,-0.46272382,0.19633391,0
1.0260305,-1.3489701,0.59817803,0.86448807,-0.46272382,0.19633391,0
-0.18454182,0.17568254,1.0882738,-0.28485742,-0.1291759,0.94982618,0
0.66749233,0.98952597,-0.53602421,0.28485742,0.1291759,-0.94982618,0
-1.1206191,-0.67488497,0.68602157,-0.28485742,-0.1291759,0.94982618,0
-0.82433331,1.3713174,0.12637305,-0.86448807,0.46272382,-0.19633391,0
-0.38008112,1.2915876,-0.81683254,0.28485742,0.1291759,-0.94982618,0
-0.459288,2.1037455,0.06774807,0.41414562,0.87704057,0.24348128,0
1.1623219,-0.98748261,0.43266612,0.86448807,-0.46272382,0.19633391,0
-0.79430866,-1.3538356,0.13490117,-0.41414562,-0.87704057,-0.24348128,0
-1.122095,1.8199617,0.61039269,-0.86448807,0.46272382,-0.19633391,0
1.7823071,0.72919244,0.68714976,0.41414562,0.87704057,0.24348128,0
0.14354557,0.36748153,-0.90618277,0.28485742,0.1291759,-0.94982618,0
-1.5572975,-0.49594605,-1.4898262,-0.86448807,0.46272382,-0.19633391,0
1.2122905,-0.63339877,-0.081175148,0.86448807,-0.46272382,0.19633391,0
-0.10122368,-0.23852408,1.0232894,-0.28485742,-0.1291759,0.94982618,0
-0.33629072,1.7791047,-0.39770734,0.41414562,0.87704057,0.24348128,0
0.31691456,0.56034321,-0.8667894,0.28485742,0.1291759,-0.94982618,0
0.039604597,-1.5053066,-1.1426516,-0.41414562,-0.87704057,-0.24348128,0
-1.8855251,-0.80117363,-0.27460039,-0.86448807,0.46272382,-0.19633391,0
-0.33433601,0.95848513,-0.87828428,0.28485742,0.1291759,-0.94982618,0
0.55587161,-2.1561885,0.49496436,0.86448807,-0.46272382,0.19633391,0
-1.0907022,0.95610952,0.85139936,-0.28485742,-0.1291759,0.94982618,0
1.4112104,-0.56702399,-0.58227235,0.86448807,-0.46272382,0.19633391,0
-1.7943375,-0.62932545,-0.39182627,-0.41414562,-0.87704057,-0.24348128,0
1.2426403,1.0449636,0.60912502,0.41414562,0.87704057,0.24348128,0
0.70943749,1.1696287,-0.83743787,0.28485742,0.1291759,-0.94982618,0
1.1669223,-0.91927725,0.89448696,0.86448807,-0.46272382,0.19633391,0
-1.2119076,1.6017835,0.53621262,-0.86448807,0.46272382,-0.19633391,0
-1.8527468,0.075652659,0.54190189,-0.86448807,0.46272382,-0.19633391,0
1.4910957,-0.055083632,0.14782321,0.86448807,-0.46272382,0.19633391,0
1.2478948,-1.2404864,-0.68290377,0.86448807,-0.46272382,0.19633391,0
1.4218016,-0.8132385,-0.38444287,0.86448807,-0.46272382,0.19633391,0
1.5845323,-0.22059327,0.73226857,0.86448807,-0.46272382,0.19633391,0
-0.058335632,0.3973707,1.291873,-0.28485742,-0.1291759,0.94982618,0
-0.23310375,-0.50825679,1.0149273,-0.28485742,-0.1291759,0.94982618,0
-0.68610668,1.7377876,0.88200331,0.41414562,0.87704057,0.24348128,0
-0.32662994,-1.4905961,0.64941633,-0.28485742,-0.1291759,0.94982618,0
0.96360987,-0.67282474,1.1487038,0.86448807,-0.46272382,0.19633391,0
-0.27417707,1.6078811,0.50572979,0.41414562,0.87704057,0.24348128,0
-1.1106468,1.0952332,0.71857405,-0.28485742,-0.1291759,0.94982618,0
-1.1022474,1.3112152,-0.11860818,-0.86448807,0.46272382,-0.19633391,0
1.1844819,-1.1476897,0.28943604,0.86448807,-0.46272382,0.19633391,0
1.1117613,0.86093616,1.2188575,0.41414562,0.87704057,0.24348128,0
0.44521058,1.171988,0.52179122,0.41414562,0.87704057,0.24348128,0
0.25877383,1.4872465,1.0349754,0.41414562,0.87704057,0.24348128,0
0.11868562,0.026470542,-0.89753598,0.28485742,0.1291759,-0.94982618,0
1.1972195,-1.1382207,0.57043678,0.86448807,-0.46272382,0.19633391,0
-0.95043999,0.79002589,0.81337339,-0.28485742,-0.1291759,0.94982618,0
-0.12870866,-1.3931998,0.95377123,-0.28485742,-0.1291759,0.94982618,0
-0.6056022,-1.6366866,0.24092889,-0.41414562,-0.87704057,-0.24348128,0
0.52055275,-1.6088132,-0.55696774,-0.41414562,-0.87704057,-0.24348128,0
-0.021631956,-1.0110793,0.94431579,-0.28485742,-0.1291759,0.94982618,0
1.5690366,-0.48833275,0.32500571,0.86448807,-0.46272382,0.19633391,0
1.7394007,0.84612215,0.56591105,0.41414562,0.87704057,0.24348128,0
-1.8228357,-0.90927351,0.1243701,-0.41414562,-0.87704057,-0.24348128,0
-1.234484,0.81311184,-0.77255529,-0.86448807,0.46272382,-0.19633391,0
1.0654199,0.14254588,-0.60464597,0.28485742,0.1291759,-0.94982618,0
-1.0179857,-0.91849035,-0.82561457,-0.41414562,-0.87704057,-0.24348128,0
-0.8702026,1.1007836,-0.48946005,-0.86448807,0.46272382,-0.19633391,0
0.44514138,-1.8018199,-0.82988954,-0.41414562,-0.87704057,-0.24348128,0
2.1189744,0.81475812,-0.45139003,0.28485742,0.1291759,-0.94982618,0
1.545802,0.15640128,0.51582313,0.86448807,-0.46272382,0.19633391,0
1.3408532,-0.24183404,1.2849278,0.86448807,-0.46272382,0.19633391,0
-1.9718742,0.0060613155,0.61889255,-0.28485742,-0.1291759,0.94982618,0
0.20011979,-2.1502686,0.95083952,0.86448807,-0.46272382,0.19633391,0
-1.5520784,-0.29566139,-0.70346737,-0.86448807,0.46272382,-0.19633391,0
-0.47781223,0.92920578,-1.1580064,0.28485742,0.1291759,-0.94982618,0
0.45923892,1.1710949,1.0599291,0.41414562,0.87704057,0.24348128,0
0.5841502,-0.77964228,0.93828464,-0.28485742,-0.1291759,0.94982618,0
-1.0224037,1.089921,-1.0400286,-0.86448807,0.46272382,-0.19633391,0
-1.1730961,0.10228503,-1.276273,-0.86448807,0.46272382,-0.19633391,0
0.26176307,0.82708615,-1.0665274,0.28485742,0.1291759,-0.94982618,0
1.2622778,1.264508,-0.46552944,0.28485742,0.1291759,-0.94982618,0
1.6373245,0.75756276,1.4076564,0.41414562,0.87704057,0.24348128,0
-0.25961447,0.97639394,1.1643941,-0.28485742,-0.1291759,0.94982618,0
0.94254208,-0.55784225,-0.72936988,0.28485742,0.1291759,-0.94982618,0
-0.50679958,2.028161,0.36555016,-0.86448807,0.46272382,-0.19633391,0
0.53084302,1.3242126,0.87058055,0.41414562,0.87704057,0.24348128,0
1.5348808,0.52690065,-0.59981847,0.28485742,0.1291759,-0.94982618,0
-0.89821947,-0.19738501,0.82646537,-0.28485742,-0.1291759,0.94982618,0
-0.60219026,-1.3000953,-1.0491464,-0.41414562,-0.87704057,-0.24348128,0
-1.4754541,0.4429855,-0.084535539,-0.86448807,0.46272382,-0.19633391,0
-1.4448915,-0.9122715,-1.2178624,-0.41414562,-0.87704057,-0.24348128,0
-0.59465349,-1.2787659,0.11601484,-0.41414562,-0.87704057,-0.24348128,0
1.7860093,0.93496764,0.50959194,0.41414562,0.87704057,0.24348128,0
-0.33827826,1.8619273,0.23115468,0.41414562,0.87704057,0.24348128,0
-1.9843243,-0.64113158,-0.6098814,-0.86448807,0.46272382,-0.19633391,0
-0.98284775,-1.3486941,0.2098614,-0.41414562,-0.87704057,-0.24348128,0
0.14542976,1.8461702,-0.3834312,0.41414562,0.87704057,0.24348128,0
1.4602861,0.3902615,-0.58371508,0.28485742,0.1291759,-0.94982618,0
0.0032635778,1.1777846,1.1375275,-0.28485742,-0.1291759,0.94982618,0
-1.0313114,1.1521633,-0.84356403,-0.86448807,0.46272382,-0.19633391,0
-1.7409202,-0.25191021,-0.22869563,-0.86448807,0.46272382,-0.19633391,0
0.25280666,-1.9624836,0.3755374,-0.41414562,-0.87704057,-0.24348128,0
1.7754179,0.62648684,0.31768131,0.41414562,0.87704057,0.24348128,0
0.84299749,0.28580201,1.410161,-0.28485742,-0.1291759,0.94982618,0
0.58057833,-0.97574341,0.97103131,-0.28485742,-0.1291759,0.94982618,0
-1.3141646,-0.16683364,-1.3631047,0.28485742,0.1291759,-0.94982618,0
-0.60126615,2.0342374,0.073479414,0.41414562,0.87704057,0.24348128,0
1.7947731,0.022145778,-0.27545542,0.86448807,-0.46272382,0.19633391,0
1.380623,-0.41181287,0.5863241,0.86448807,-0.46272382,0.19633391,0
-0.46538654,1.8675623,0.8568989,0.41414562,0.87704057,0.24348128,0
1.0696321,0.43980908,-0.47579086,0.28485742,0.1291759,-0.94982618,0
-1.879644,-0.61648697,-0.15434015,-0.86448807,0.46272382,-0.19633391,0
-0.54004842,0.41973567,1.0848434,-0.28485742,-0.1291759,0.94982618,0
0.97991753,-1.5306473,-0.61940551,0.86448807,-0.46272382,0.19633391,0
0.10279748,-0.032815099,0.99581194,-0.28485742,-0.1291759,0.94982618,0
1.7220563,-0.038761888,0.036355138,0.86448807,-0.46272382,0.19633391,0
-0.50848675,2.0522535,-0.64479637,-0.86448807,0.46272382,-0.19633391,0
-1.3120918,-0.22602445,0.71021217,-0.28485742,-0.1291759,0.94982618,0
0.68118572,-0.43513536,-1.0998111,0.28485742,0.1291759,-0.94982618,0
-1.858542,-0.20888388,-0.86548549,-0.86448807,0.46272382,-0.19633391,0
0.66932338,-1.8785877,-0.25228286,-0.41414562,-0.87704057,-0.24348128,0
0.3767322,-1.9120877,-0.082104087,-0.41414562,-0.87704057,-0.24348128,0
-0.97366762,-0.33802593,-1.4257591,0.28485742,0.1291759,-0.94982618,0
0.589387,-1.7018421,-0.68958831,-0.41414562,-0.87704057,-0.24348128,0
0.94231576,-1.1355292,1.1812599,0.86448807,-0.46272382,0.19633391,0
0.4464699,0.70447838,1.3260219,-0.28485742,-0.1291759,0.94982618,0
1.4051234,0.7859658,0.33390486,0.41414562,0.87704057,0.24348128,0
1.6134686,1.079864,-0.45689893,0.41414562,0.87704057,0.24348128,0
1.2074182,-0.5062719,1.0065162,0.86448807,-0.46272382,0.19633391,0
-1.4679835,0.31815964,0.77170122,-0.28485742,-0.1291759,0.94982618,0
1.3877929,1.0617397,-0.41581607,0.41414562,0.87704057,0.24348128,0
1.1086817,-1.0922232,0.6784935,0.86448807,-0.46272382,0.19633391,0
-1.2707462,0.71880698,0.024492145,-0.86448807,0.46272382,-0.19633391,0
-1.2397827,0.87663043,-0.0024564862,-0.86448807,0.46272382,-0.19633391,0
-1.689191,-0.25339639,-0.31144083,-0.86448807,0.46272382,-0.19633391,0
-1.0993359,1.346915,0.12929463,-0.86448807,0.46272382,-0.19633391,0
-1.8872746,-0.64651096,-0.44547045,-0.86448807,0.46272382,-0.19633391,0
1.5943155,-0.70867831,-0.60224307,0.28485742,0.1291759,-0.94982618,0
