-1.6864612,-2.2678022,-0.78236461,-0.48791111,-0.81272423,-0.31846845,0
0.074777961,-2.458703,-0.9102726,0.86926138,-0.41914153,-0.26211649,0
-2.1482196,-2.1541684,-1.0732439,-0.48791111,-0.81272423,-0.31846845,0
-1.0775322,1.5840318,-0.3490752,-0.86926138,0.41914153,0.26211649,0
0.69937962,2.9788868,1.1061475,0.48791111,0.81272423,0.31846845,0
-0.38929316,0.089391589,-1.0427948,-0.079545051,0.40472186,-0.91097355,0
-2.4658217,-1.7569067,-0.87095261,-0.48791111,-0.81272423,-0.31846845,0
-0.76244432,-0.62609667,0.86309731,0.079545051,-0.40472186,0.91097355,0
0.7939986,-1.2327249,-1.1856995,0.86926138,-0.41914153,-0.26211649,0
-0.5887621,-2.7425058,-2.0292895,-0.48791111,-0.81272423,-0.31846845,0
2.3058963,2.0146163,0.30337119,0.48791111,0.81272423,0.31846845,0
-0.82154757,-1.9444017,-2.0007067,-0.079545051,0.40472186,-0.91097355,0
-1.353407,1.0373213,-0.58401501,-0.079545051,0.40472186,-0.91097355,0
-0.34336352,2.4792223,0.8858676,-0.86926138,0.41914153,0.26211649,0
-0.033655941,-2.0859895,0.33661175,0.079545051,-0.40472186,0.91097355,0
-1.1374701,0.20737302,-1.0922403,-0.079545051,0.40472186,-0.91097355,0
0.86195338,-0.015210748,-1.3709042,-0.079545051,0.40472186,-0.91097355,0
0.38042653,-2.0224111,-0.79404104,0.86926138,-0.41914153,-0.26211649,0
0.74470699,-1.1939907,-0.97888774,0.86926138,-0.41914153,-0.26211649,0
-0.2697432,-2.8551722,-1.4623947,-0.48791111,-0.81272423,-0.31846845,0
-0.87294173,-2.7554612,-1.1394608,-0.48791111,-0.81272423,-0.31846845,0
-1.1581291,1.1945906,0.051022053,-0.86926138,0.41914153,0.26211649,0
0.2089746,2.7135468,1.3251624,-0.86926138,0.41914153,0.26211649,0
-0.34532827,-2.2434359,-2.2268357,-0.079545051,0.40472186,-0.91097355,0
-1.2384914,0.87936151,-0.38001934,-0.86926138,0.41914153,0.26211649,0
1.0721725,-1.3517083,-0.27220547,0.86926138,-0.41914153,-0.26211649,0
1.2347444,0.83263487,-0.94595599,-0.079545051,0.40472186,-0.91097355,0
1.2315683,2.5000298,1.3004248,0.48791111,0.81272423,0.31846845,0
1.7471514,2.5521946,0.37915635,0.48791111,0.81272423,0.31846845,0
1.2356544,-1.4042199,0.094481945,0.86926138,-0.41914153,-0.26211649,0
1.8296461,1.4521607,-0.5797677,-0.079545051,0.40472186,-0.91097355,0
-0.082992792,-1.6738942,-1.8364089,-0.079545051,0.40472186,-0.91097355,0
-1.0490896,-2.9158988,-0.95525146,-0.48791111,-0.81272423,-0.31846845,0
0.38370526,-0.98963213,0.63202548,0.079545051,-0.40472186,0.91097355,0
2.4353313,1.7720079,1.2126536,0.48791111,0.81272423,0.31846845,0
0.086516239,0.22998071,1.3131021,0.079545051,-0.40472186,0.91097355,0
-1.7543797,-2.334291,-0.46308446,-0.48791111,-0.81272423,-0.31846845,0
-2.1084862,-1.4071523,-1.3829132,-0.079545051,0.40472186,-0.91097355,0
-1.3071818,0.53005284,1.1033509,-0.86926138,0.41914153,0.26211649,0
-0.21499151,-2.1060057,-2.1714215,-0.079545051,0.40472186,-0.91097355,0
2.412158,1.8008015,-0.70201898,-0.079545051,0.40472186,-0.91097355,0
0.53241956,3.2745466,0.47586322,0.48791111,0.81272423,0.31846845,0
-2.0971761,-2.135689,-0.58520031,-0.48791111,-0.81272423,-0.31846845,0
0.75852728,0.73835063,1.3987026,0.079545051,-0.40472186,0.91097355,0
0.92790687,0.13209546,1.040377,0.079545051,-0.40472186,0.91097355,0
1.3209182,-0.67589366,-0.13237593,0.86926138,-0.41914153,-0.26211649,0
2.2620482,1.7758543,0.93579984,0.48791111,0.81272423,0.31846845,0
-0.99058264,-2.141695,-1.8112998,-0.48791111,-0.81272423,-0.31846845,0
1.6168048,-0.25873691,-0.50263488,0.86926138,-0.41914153,-0.26211649,0
-1.5817138,-0.61164474,1.058056,0.079545051,-0.40472186,0.91097355,0
-1.8971891,-0.25226748,-1.0568173,-0.079545051,0.40472186,-0.91097355,0
-0.55485541,-2.924644,-0.53375435,-0.48791111,-0.81272423,-0.31846845,0
0.37535149,-2.2419171,-0.10488153,0.079545051,-0.40472186,0.91097355,0
0.92554128,-0.08463335,1.0083383,0.079545051,-0.40472186,0.91097355,0
0.58087903,-0.4886502,-1.3290815,-0.079545051,0.40472186,-0.91097355,0
1.4900869,-0.23470956,0.30972698,0.86926138,-0.41914153,-0.26211649,0
0.19420062,-0.32351935,-1.2213268,-0.079545051,0.40472186,-0.91097355,0
-1.618313,-2.4939158,-0.82153964,-0.48791111,-0.81272423,-0.31846845,0
1.3548697,-0.1220461,-0.41122591,0.86926138,-0.41914153,-0.26211649,0
-2.1621356,-2.3277714,-0.098226547,-0.48791111,-0.81272423,-0.31846845,0
2.3281641,0.52663261,0.43550169,0.86926138,-0.41914153,-0.26211649,0
-0.89234197,-2.7424119,-1.5110991,-0.48791111,-0.81272423,-0.31846845,0
-0.56069171,1.3814691,1.3407694,-0.86926138,0.41914153,0.26211649,0
1.0495069,2.1887789,1.9078264,0.48791111,0.81272423,0.31846845,0
0.47376585,2.6283591,2.1364214,0.48791111,0.81272423,0.31846845,0
2.4648631,2.1504555,-0.10654449,0.48791111,0.81272423,0.31846845,0
0.69592136,-0.41233647,0.69252121,0.079545051,-0.40472186,0.91097355,0
-2.2631941,-1.8233819,-1.4379981,-0.48791111,-0.81272423,-0.31846845,0
0.29918194,-2.4241993,-1.5791373,0.86926138,-0.41914153,-0.26211649,0
1.4637588,0.49591303,-0.9896152,-0.079545051,0.40472186,-0.91097355,0
-1.3006058,-2.7228222,-0.58310556,-0.48791111,-0.81272423,-0.31846845,0
-0.77858484,1.2232335,1.4632312,-0.86926138,0.41914153,0.26211649,0
-1.9738935,-0.02962029,-0.91476178,-0.86926138,0.41914153,0.26211649,0
1.0588768,2.3838224,1.988838,0.079545051,-0.40472186,0.91097355,0
0.31202674,3.2225649,0.58404136,0.48791111,0.81272423,0.31846845,0
2.1367016,0.75813353,0.75505364,0.86926138,-0.41914153,-0.26211649,0
-0.56069171,-1.8674765,-2.0284293,-0.079545051,0.40472186,-0.91097355,0
-0.91366524,-2.872936,-0.40008307,-0.48791111,-0.81272423,-0.31846845,0
1.5346715,2.1082993,1.1218338,0.48791111,0.81272423,0.31846845,0
2.464407,2.1165056,-0.26601386,0.86926138,-0.41914153,-0.26211649,0
0.76994681,2.6192467,1.3530037,0.48791111,0.81272423,0.31846845,0
1.2695838,-0.40277785,-1.1725001,-0.079545051,0.40472186,-0.91097355,0
0.33243451,0.15143716,1.1903925,0.079545051,-0.40472186,0.91097355,0
-1.7117782,-2.1871653,-1.5962107,-0.48791111,-0.81272423,-0.31846845,0
0.35619748,-1.9023371,-1.4544872,0.86926138,-0.41914153,-0.26211649,0
-2.4796522,-1.9760624,0.01755929,-0.48791111,-0.81272423,-0.31846845,0
-0.037040353,2.6344123,2.0325854,-0.86926138,0.41914153,0.26211649,0
-0.21106777,1.0260063,-0.82683724,-0.079545051,0.40472186,-0.91097355,0
-1.190698,0.0079969168,1.0123761,-0.86926138,0.41914153,0.26211649,0
2.2625852,2.029695,-0.45101404,-0.079545051,0.40472186,-0.91097355,0
0.85298485,-0.093969464,0.99719203,0.079545051,-0.40472186,0.91097355,0
0.19265854,1.7326518,1.713295,0.079545051,-0.40472186,0.91097355,0
1.7123877,1.2169186,-0.90825772,-0.079545051,0.40472186,-0.91097355,0
1.7630455,1.1658506,-0.58861709,-0.079545051,0.40472186,-0.91097355,0
1.1842256,-1.1396856,-0.46068239,0.86926138,-0.41914153,-0.26211649,0
-0.30120611,-0.30092382,0.87422347,0.079545051,-0.40472186,0.91097355,0
-2.6110868,-1.5418032,-1.3338761,-0.48791111,-0.81272423,-0.31846845,0
-0.44490016,-2.6913362,-1.6765251,-0.48791111,-0.81272423,-0.31846845,0
1.560576,1.7699473,-0.37596297,-0.079545051,0.40472186,-0.91097355,0
1.3049959,2.3006942,1.0971947,0.48791111,0.81272423,0.31846845,0
0.55668902,1.9291342,-0.47265029,-0.079545051,0.40472186,-0.91097355,0
1.1120288,-1.4695271,0.13891971,0.86926138,-0.41914153,-0.26211649,0
-0.47516179,-3.0603788,-1.3407085,-0.48791111,-0.81272423,-0.31846845,0
-1.2420106,-2.4510622,-0.94162416,-0.48791111,-0.81272423,-0.31846845,0
1.3969113,2.2130172,1.1459825,0.48791111,0.81272423,0.31846845,0
-0.85521388,1.6881907,0.082090139,-0.86926138,0.41914153,0.26211649,0
1.6555185,-0.59630179,0.54095823,0.86926138,-0.41914153,-0.26211649,0
-1.2600169,-2.502465,-1.0766511,-0.48791111,-0.81272423,-0.31846845,0
-0.18395281,-2.875771,-1.3853316,0.86926138,-0.41914153,-0.26211649,0
0.70967901,-1.0400304,-1.2061067,0.86926138,-0.41914153,-0.26211649,0
2.168993,0.34117246,1.0755966,0.86926138,-0.41914153,-0.26211649,0
-1.2450385,-2.4613779,-0.82110214,-0.48791111,-0.81272423,-0.31846845,0
1.2358265,2.408453,1.325038,0.48791111,0.81272423,0.31846845,0
2.6746254,2.3077197,-0.36300206,0.48791111,0.81272423,0.31846845,0
-1.1915681,0.48438805,1.0807399,-0.86926138,0.41914153,0.26211649,0
2.4635844,0.65031755,1.1079859,0.86926138,-0.41914153,-0.26211649,0
-2.3919137,-1.8317206,-1.0789032,-0.48791111,-0.81272423,-0.31846845,0
0.87556618,2.5286989,1.9532611,0.48791111,0.81272423,0.31846845,0
2.2102079,0.50044537,0.82320011,0.86926138,-0.41914153,-0.26211649,0
0.20449716,1.4422034,1.7948523,0.079545051,-0.40472186,0.91097355,0
-2.367979,-1.8058887,-1.2273026,-0.48791111,-0.81272423,-0.31846845,0
-1.363829,-0.42193437,-1.2549994,-0.079545051,0.40472186,-0.91097355,0
1.2790456,2.5448058,0.74821067,0.48791111,0.81272423,0.31846845,0
1.3346758,-0.98000765,0.25867987,0.86926138,-0.41914153,-0.26211649,0
0.47422373,2.9464834,0.6790154,0.48791111,0.81272423,0.31846845,0
0.0051873922,2.2532268,2.1473818,0.079545051,-0.40472186,0.91097355,0
2.4400713,0.61120892,0.99798036,0.86926138,-0.41914153,-0.26211649,0
-1.0018687,-2.8523581,-0.0015563965,0.079545051,-0.40472186,0.91097355,0
-0.63620055,1.1660591,1.6204205,-0.86926138,0.41914153,0.26211649,0
0.29013312,-2.5240185,-1.1970236,0.86926138,-0.41914153,-0.26211649,0
1.6783742,-0.49216151,0.70153105,0.079545051,-0.40472186,0.91097355,0
-1.4841845,-1.749069,-1.8802803,-0.079545051,0.40472186,-0.91097355,0
2.2578192,1.4789658,-0.25443339,0.86926138,-0.41914153,-0.26211649,0
1.9007773,2.1784708,1.2502069,0.48791111,0.81272423,0.31846845,0
-0.75228232,-2.8768826,-0.72679687,-0.48791111,-0.81272423,-0.31846845,0
-0.23454052,1.7051448,-0.53344095,-0.079545051,0.40472186,-0.91097355,0
1.8616979,2.5502,0.23946691,0.48791111,0.81272423,0.31846845,0
1.0557097,-0.78532958,0.47442728,0.079545051,-0.40472186,0.91097355,0
0.33572739,-1.5213288,0.49540114,0.079545051,-0.40472186,0.91097355,0
1.2845724,-0.63323307,-0.46063754,0.86926138,-0.41914153,-0.26211649,0
-0.88067114,1.2366908,1.3592899,-0.86926138,0.41914153,0.26211649,0
1.5784574,2.5840774,-0.28150892,-0.079545051,0.40472186,-0.91097355,0
1.9604487,-0.38685811,0.74678236,0.86926138,-0.41914153,-0.26211649,0
1.7606283,2.3738418,0.11432171,0.48791111,0.81272423,0.31846845,0
-0.02316618,-2.8954308,-1.6761324,-0.48791111,-0.81272423,-0.31846845,0
-1.9626572,-1.8768253,-1.4859476,-0.48791111,-0.81272423,-0.31846845,0
1.1533649,1.9357502,1.8196856,0.079545051,-0.40472186,0.91097355,0
0.045468211,2.3636236,1.8478639,-0.86926138,0.41914153,0.26211649,0
-0.98054385,-2.8323057,-1.0411143,-0.48791111,-0.81272423,-0.31846845,0
-0.10995764,-1.1735536,-1.5222665,-0.079545051,0.40472186,-0.91097355,0
-0.63538849,-2.6774902,-1.0963619,-0.48791111,-0.81272423,-0.31846845,0
2.1918645,1.9493567,0.61835909,0.48791111,0.81272423,0.31846845,0
0.85217309,-1.8650367,-0.040640831,0.86926138,-0.41914153,-0.26211649,0
1.3362577,1.0498195,1.6475478,0.079545051,-0.40472186,0.91097355,0
-0.1945219,1.7123177,-0.20151281,-0.079545051,0.40472186,-0.91097355,0
-0.4656474,-0.72352242,-1.3673611,-0.079545051,0.40472186,-0.91097355,0
0.43540287,-0.35514271,-1.3986009,-0.079545051,0.40472186,-0.91097355,0
-0.7482115,-2.4999218,-2.0401731,-0.48791111,-0.81272423,-0.31846845,0
1.587326,1.2694162,-0.88773119,-0.079545051,0.40472186,-0.91097355,0
-0.20074487,-2.8687,-1.4042082,-0.48791111,-0.81272423,-0.31846845,0
1.5297334,2.21735,1.6676514,0.48791111,0.81272423,0.31846845,0
2.1747851,1.0573757,0.51307499,0.86926138,-0.41914153,-0.26211649,0
0.83322394,1.7740487,-0.51956701,-0.079545051,0.40472186,-0.91097355,0
0.67117423,2.8353872,1.1576891,0.48791111,0.81272423,0.31846845,0
1.5576059,-0.022549212,-1.0003159,0.86926138,-0.41914153,-0.26211649,0
0.56651282,2.9289453,1.1969211,0.48791111,0.81272423,0.31846845,0
-2.3572004,-2.3693957,0.086980581,-0.48791111,-0.81272423,-0.31846845,0
2.3694537,0.9001087,0.12710142,0.86926138,-0.41914153,-0.26211649,0
-0.8698138,-2.6726916,-0.72794676,-0.48791111,-0.81272423,-0.31846845,0
2.1122344,0.89698291,-0.68703949,0.86926138,-0.41914153,-0.26211649,0
-2.782001,-1.7705956,-0.35920215,-0.48791111,-0.81272423,-0.31846845,0
1.5020257,-0.70473433,0.20271507,0.86926138,-0.41914153,-0.26211649,0
1.7631004,1.9747051,-0.31088018,-0.079545051,0.40472186,-0.91097355,0
-0.71877819,0.61636716,1.2415652,0.079545051,-0.40472186,0.91097355,0
0.30184433,0.82326847,-0.81852257,-0.079545051,0.40472186,-0.91097355,0
-1.0218976,1.3442637,-0.084442735,-0.86926138,0.41914153,0.26211649,0
0.10949302,2.2841938,2.1711764,0.079545051,-0.40472186,0.91097355,0
-0.16222203,-3.1953983,-0.61578131,0.86926138,-0.41914153,-0.26211649,0
-1.8125553,-0.29236317,-1.0516284,-0.079545051,0.40472186,-0.91097355,0
1.6315353,0.72823292,-0.73878121,0.86926138,-0.41914153,-0.26211649,0
0.58658957,-2.5553148,-0.23621774,0.86926138,-0.41914153,-0.26211649,0
-0.79374313,1.5906503,1.068702,-0.86926138,0.41914153,0.26211649,0
0.30455995,-1.5682898,-1.9425344,0.86926138,-0.41914153,-0.26211649,0
1.9421337,0.72569644,-0.698017,0.86926138,-0.41914153,-0.26211649,0
-2.2754638,-0.66002452,-1.1489658,-0.86926138,0.41914153,0.26211649,0
-1.3374999,0.73895514,0.50410044,-0.86926138,0.41914153,0.26211649,0
-0.33752191,-1.1602346,0.67005932,0.079545051,-0.40472186,0.91097355,0
0.98414618,-1.578199,0.23075402,0.079545051,-0.40472186,0.91097355,0
-1.4865749,-2.0435691,0.50813413,0.079545051,-0.40472186,0.91097355,0
-1.2634939,0.90627843,0.091268599,-0.86926138,0.41914153,0.26211649,0
1.5479693,2.6143651,0.33555794,0.48791111,0.81272423,0.31846845,0
0.79410768,2.2178245,2.2241383,0.079545051,-0.40472186,0.91097355,0
-1.1898547,-2.7947552,-1.0282509,-0.48791111,-0.81272423,-0.31846845,0
-1.023927,-2.2964313,-1.5381653,-0.48791111,-0.81272423,-0.31846845,0
0.57783037,2.7527556,1.3183689,0.48791111,0.81272423,0.31846845,0
-0.70496339,-2.7648759,-1.8784232,-0.48791111,-0.81272423,-0.31846845,0
-2.5494998,-1.5763561,-1.1140864,-0.48791111,-0.81272423,-0.31846845,0
-1.2568887,-2.0791452,0.46572256,0.079545051,-0.40472186,0.91097355,0
-1.6009063,0.31081522,-0.39497849,-0.86926138,0.41914153,0.26211649,0
-0.2759046,-2.8801568,-1.2111759,-0.48791111,-0.81272423,-0.31846845,0
-1.2825015,-2.7896588,-0.1852572,-0.48791111,-0.81272423,-0.31846845,0
-1.3668431,0.4404842,0.6314472,-0.86926138,0.41914153,0.26211649,0
-0.70206535,1.4372107,1.1960495,-0.86926138,0.41914153,0.26211649,0
1.1342419,-0.71695846,0.68350637,0.079545051,-0.40472186,0.91097355,0
1.1182044,2.256593,1.6286116,0.48791111,0.81272423,0.31846845,0
2.1141806,2.1295869,0.57739496,0.48791111,0.81272423,0.31846845,0
2.2201078,1.2133877,-0.45747435,0.86926138,-0.41914153,-0.26211649,0
-2.1628642,-2.1929088,-0.047441483,-0.48791111,-0.81272423,-0.31846845,0
0.13586605,-3.1570189,-0.27610683,0.86926138,-0.41914153,-0.26211649,0
-1.9038862,-1.334016,0.77070165,0.079545051,-0.40472186,0.91097355,0
-1.560231,-2.0326557,-1.4499369,-0.48791111,-0.81272423,-0.31846845,0
-0.15082222,1.3887303,-0.27251494,-0.079545051,0.40472186,-0.91097355,0
-2.5766566,-1.7885722,-0.67316055,-0.86926138,0.41914153,0.26211649,0
-0.35811371,0.58230424,-0.60389811,-0.079545051,0.40472186,-0.91097355,0
-1.437978,0.75129151,0.10493001,-0.86926138,0.41914153,0.26211649,0
-1.1144326,-1.5931436,0.55631053,0.079545051,-0.40472186,0.91097355,0
1.5837121,2.6005161,0.66116071,0.48791111,0.81272423,0.31846845,0
0.097110391,-1.7979637,0.3914535,0.079545051,-0.40472186,0.91097355,0
-1.3125975,0.26002568,1.1068652,-0.86926138,0.41914153,0.26211649,0
1.0669014,2.4587669,1.7411239,0.48791111,0.81272423,0.31846845,0
-0.94063944,-1.3071179,0.55767572,0.079545051,-0.40472186,0.91097355,0
-1.0719748,-2.9026563,-0.42479014,-0.48791111,-0.81272423,-0.31846845,0
-1.3121771,-2.2308636,-1.1359086,-0.48791111,-0.81272423,-0.31846845,0
-0.56092024,-1.7060478,-1.9460758,-0.079545051,0.40472186,-0.91097355,0
-0.27165592,-2.7348247,-2.2302775,-0.48791111,-0.81272423,-0.31846845,0
-0.39761776,-2.5655537,-2.2037654,-0.48791111,-0.81272423,-0.31846845,0
0.1515038,2.7563689,1.2406857,-0.86926138,0.41914153,0.26211649,0
-1.7625935,-0.25562537,-0.96813786,-0.079545051,0.40472186,-0.91097355,0
1.2522738,2.585506,0.82844186,0.48791111,0.81272423,0.31846845,0
1.0211775,-0.93619585,-0.7111671,0.86926138,-0.41914153,-0.26211649,0
-0.41449204,-1.9520562,0.1589911,0.079545051,-0.40472186,0.91097355,0
0.70038021,2.6046951,1.2565534,0.48791111,0.81272423,0.31846845,0
-1.1691804,-2.5377214,-0.042660952,0.079545051,-0.40472186,0.91097355,0
-0.058814406,3.1471276,0.36544633,-0.079545051,0.40472186,-0.91097355,0
2.6025352,2.0083489,-0.47269225,-0.079545051,0.40472186,-0.91097355,0
1.3424562,2.3050931,1.086868,0.48791111,0.81272423,0.31846845,0
2.6021509,2.0796218,0.17554736,0.86926138,-0.41914153,-0.26211649,0
0.30237752,-1.3836108,0.35809815,0.079545051,-0.40472186,0.91097355,0
-1.2318938,-1.3924172,-1.3898065,-0.079545051,0.40472186,-0.91097355,0
-1.4892181,0.84911883,-0.23226067,-0.86926138,0.41914153,0.26211649,0
1.1759449,2.8356767,1.0036447,0.48791111,0.81272423,0.31846845,0
0.16480255,1.6710508,1.7241726,0.079545051,-0.40472186,0.91097355,0
0.80803263,2.8390124,1.5486875,0.48791111,0.81272423,0.31846845,0
-0.88338184,-2.6347752,-1.2929711,-0.48791111,-0.81272423,-0.31846845,0
0.077864468,-0.81007725,0.85087764,0.079545051,-0.40472186,0.91097355,0
0.81761634,-1.7479661,0.12776458,0.86926138,-0.41914153,-0.26211649,0
-2.4472432,-2.1415613,-0.58411622,-0.48791111,-0.81272423,-0.31846845,0
0.95651829,3.1494951,0.34178233,0.48791111,0.81272423,0.31846845,0
2.3259816,1.9371676,1.467339,0.48791111,0.81272423,0.31846845,0
-0.82833266,0.53105664,-0.91440964,-0.079545051,0.40472186,-0.91097355,0
-0.36383826,1.9896313,-0.23676038,-0.079545051,0.40472186,-0.91097355,0
-1.1242797,-2.2790985,-2.1363184,-0.48791111,-0.81272423,-0.31846845,0
2.6561322,1.3573551,0.88863277,0.86926138,-0.41914153,-0.26211649,0
-0.37599909,0.53640318,1.5498759,0.079545051,-0.40472186,0.91097355,0
0.27189934,3.0201674,1.1902778,0.48791111,0.81272423,0.31846845,0
-0.054006934,-3.1046391,-0.86200619,-0.48791111,-0.81272423,-0.31846845,0
0.69842374,-2.1350446,-0.11478209,0.86926138,-0.41914153,-0.26211649,0
-1.4237249,1.0169988,-0.35923511,-0.86926138,0.41914153,0.26211649,0
0.80743253,2.6455011,1.4239225,0.48791111,0.81272423,0.31846845,0
1.0887011,-1.0641391,-1.0024271,0.86926138,-0.41914153,-0.26211649,0
-0.55391097,-2.7132962,-1.2530909,-0.48791111,-0.81272423,-0.31846845,0
0.31129754,2.7698252,0.19721866,-0.079545051,0.40472186,-0.91097355,0
2.7402792,1.7823458,0.93875837,0.48791111,0.81272423,0.31846845,0
0.9183526,2.7256317,1.3073256,0.48791111,0.81272423,0.31846845,0
0.74068582,2.9513538,1.3217614,0.48791111,0.81272423,0.31846845,0
-1.2098703,-1.7257503,-1.6639609,-0.079545051,0.40472186,-0.91097355,0
1.1161262,-1.5545676,0.32353544,0.86926138,-0.41914153,-0.26211649,0
2.0173044,-0.034021854,0.32195154,0.86926138,-0.41914153,-0.26211649,0
-0.90893281,-2.0132191,-1.7274872,-0.079545051,0.40472186,-0.91097355,0
-2.1920455,-1.1642469,-0.0050258636,-0.86926138,0.41914153,0.26211649,0
-1.0976564,1.3363293,-0.47814775,-0.079545051,0.40472186,-0.91097355,0
2.5210605,0.82099533,0.89919078,0.86926138,-0.41914153,-0.26211649,0
1.9519111,2.073472,1.0757999,0.48791111,0.81272423,0.31846845,0
2.1490431,1.4836879,-0.54255128,-0.079545051,0.40472186,-0.91097355,0
-0.40623346,-1.6500378,-1.7984676,-0.079545051,0.40472186,-0.91097355,0
-2.563138,-1.4809833,-0.79474902,-0.86926138,0.41914153,0.26211649,0
-2.7512119,-1.6667104,-1.0848505,-0.48791111,-0.81272423,-0.31846845,0
2.6185341,1.8556573,0.10680842,0.48791111,0.81272423,0.31846845,0
1.2996477,2.2562275,1.620928,0.48791111,0.81272423,0.31846845,0
-1.0087121,1.837199,-0.20893359,-0.86926138,0.41914153,0.26211649,0
2.4000108,1.2171807,0.77097392,0.86926138,-0.41914153,-0.26211649,0
2.4509494,1.3130299,0.078368187,0.86926138,-0.41914153,-0.26211649,0
-1.5430655,-1.4829787,-1.828441,-0.079545051,0.40472186,-0.91097355,0
0.48696476,-1.5629771,-1.3858058,0.86926138,-0.41914153,-0.26211649,0
2.1407824,0.50169528,1.006073,0.86926138,-0.41914153,-0.26211649,0
-0.95839936,1.4889681,0.77471161,-0.86926138,0.41914153,0.26211649,0
-0.10531902,2.4653645,0.14035702,-0.079545051,0.40472186,-0.91097355,0
-2.7072361,-1.2128736,-1.3503588,-0.079545051,0.40472186,-0.91097355,0
-0.40269011,2.2572992,-0.071864843,-0.079545051,0.40472186,-0.91097355,0
-1.655012,-2.3310506,-0.3146317,-0.48791111,-0.81272423,-0.31846845,0
-1.0931669,-2.4919965,-0.9476881,-0.48791111,-0.81272423,-0.31846845,0
1.5192189,0.20963442,1.2744167,0.079545051,-0.40472186,0.91097355,0
-0.29244614,2.4071054,0.16697145,-0.86926138,0.41914153,0.26211649,0
-0.85919118,-2.4665546,0.20266652,0.079545051,-0.40472186,0.91097355,0
-1.4384189,-1.1390445,0.80402946,0.079545051,-0.40472186,0.91097355,0
-0.067202806,-3.0466895,-0.62708044,0.86926138,-0.41914153,-0.26211649,0
1.759693,2.4069309,0.63185358,0.48791111,0.81272423,0.31846845,0
1.05861,-0.94912243,-1.3741646,0.86926138,-0.41914153,-0.26211649,0
1.6825597,-0.53065115,0.58650756,0.079545051,-0.40472186,0.91097355,0
-0.73937899,1.6482739,0.26128685,-0.86926138,0.41914153,0.26211649,0
-0.93510282,-2.4413116,0.23625112,0.079545051,-0.40472186,0.91097355,0
-2.4276576,-2.4300342,0.045759201,-0.48791111,-0.81272423,-0.31846845,0
-1.2650875,-2.9690065,-0.36276197,-0.48791111,-0.81272423,-0.31846845,0
1.0589765,2.4914491,1.9863474,0.48791111,0.81272423,0.31846845,0
2.3722513,0.28942943,0.94481099,0.86926138,-0.41914153,-0.26211649,0
-0.63754696,-3.0876,-0.6548965,-0.48791111,-0.81272423,-0.31846845,0
-1.0436237,-1.5055224,0.5446738,0.079545051,-0.40472186,0.91097355,0
-2.3835661,-1.8867764,-1.314029,-0.48791111,-0.81272423,-0.31846845,0
0.9801445,1.9507906,1.9921077,0.079545051,-0.40472186,0.91097355,0
-2.5321028,-1.4960537,-0.74643397,-0.86926138,0.41914153,0.26211649,0
-0.77561539,1.502501,0.45819283,-0.86926138,0.41914153,0.26211649,0
1.4955016,2.5541201,1.1220419,0.48791111,0.81272423,0.31846845,0
2.1438208,0.58349353,-0.057247877,0.86926138,-0.41914153,-0.26211649,0
-0.31014562,-3.3652194,-0.58368278,-0.48791111,-0.81272423,-0.31846845,0
2.7154069,1.0512356,1.364921,0.86926138,-0.41914153,-0.26211649,0
-2.1730638,-1.1181864,0.1024636,-0.86926138,0.41914153,0.26211649,0
-1.0452805,-2.7617574,-0.54372764,-0.48791111,-0.81272423,-0.31846845,0
1.0774739,2.633677,1.5864069,0.48791111,0.81272423,0.31846845,0
-0.93521172,-2.1137938,-1.9763737,-0.079545051,0.40472186,-0.91097355,0
-0.10514894,0.80572128,1.6059719,0.079545051,-0.40472186,0.91097355,0
-2.5308542,-2.0666585,0.093150616,-0.48791111,-0.81272423,-0.31846845,0
0.067988157,-2.4036069,-1.022176,0.86926138,-0.41914153,-0.26211649,0
0.081873178,-2.1111519,-1.637411,0.86926138,-0.41914153,-0.26211649,0
2.6688211,1.909205,0.88832474,0.48791111,0.81272423,0.31846845,0
1.8762655,-0.05985117,1.0284803,0.079545051,-0.40472186,0.91097355,0
-0.56239665,2.0558994,-0.040666342,-0.86926138,0.41914153,0.26211649,0
0.61469924,0.57664508,-0.81169236,-0.079545051,0.40472186,-0.91097355,0
-2.516974,-1.5987082,-0.95724535,-0.48791111,-0.81272423,-0.31846845,0
2.5814319,1.6728761,0.87806749,0.86926138,-0.41914153,-0.26211649,0
-1.6191401,-2.1417787,-1.8573475,-0.48791111,-0.81272423,-0.31846845,0
1.8703444,2.1038485,1.624613,0.48791111,0.81272423,0.31846845,0
1.6163273,2.1941423,1.4138038,0.48791111,0.81272423,0.31846845,0
-1.4497058,0.61593294,-0.55091894,-0.86926138,0.41914153,0.26211649,0
1.715982,-0.62134075,0.29446855,0.86926138,-0.41914153,-0.26211649,0
0.26618534,-1.4612727,-1.768522,-0.079545051,0.40472186,-0.91097355,0
-2.1189804,-0.49885786,-0.96634561,-0.86926138,0.41914153,0.26211649,0
2.7105432,1.6919385,1.1076748,0.48791111,0.81272423,0.31846845,0
-1.1402909,0.52498513,0.80971563,-0.86926138,0.41914153,0.26211649,0
-0.58937907,-0.3423121,-1.2598492,-0.079545051,0.40472186,-0.91097355,0
1.1914231,-0.41993272,-0.43720689,0.86926138,-0.41914153,-0.26211649,0
1.1412097,3.0441365,0.30101156,0.48791111,0.81272423,0.31846845,0
0.3422364,1.9481295,2.1035373,0.079545051,-0.40472186,0.91097355,0
-0.20314038,3.2529111,0.55046391,-0.86926138,0.41914153,0.26211649,0
-2.7249012,-1.5117421,-1.0466354,-0.86926138,0.41914153,0.26211649,0
-0.6091339,-1.7648457,0.40987825,0.079545051,-0.40472186,0.91097355,0
-0.40980196,-3.2459373,-1.0916915,-0.48791111,-0.81272423,-0.31846845,0
2.559222,1.2180147,0.23301578,0.86926138,-0.41914153,-0.26211649,0
0.48375526,2.000658,1.8439814,0.079545051,-0.40472186,0.91097355,0
0.057239056,2.9104171,0.77662134,-0.86926138,0.41914153,0.26211649,0
0.47710919,-2.7076273,-0.49333024,0.86926138,-0.41914153,-0.26211649,0
-0.6929903,0.91725272,1.214386,-0.86926138,0.41914153,0.26211649,0
-1.9946659,-0.81573403,-1.461583,-0.079545051,0.40472186,-0.91097355,0
-1.2748963,-1.404636,0.61477268,0.079545051,-0.40472186,0.91097355,0
-1.8542964,-1.7859572,-1.4061856,-0.48791111,-0.81272423,-0.31846845,0
-1.7724078,-2.4369757,-0.17995453,-0.48791111,-0.81272423,-0.31846845,0
2.3109293,1.2644713,0.5524013,0.86926138,-0.41914153,-0.26211649,0
1.4225581,2.0907717,1.4423375,0.48791111,0.81272423,0.31846845,0
-0.34011036,1.8225152,1.5620618,-0.86926138,0.41914153,0.26211649,0
2.2470503,1.674989,-0.76025558,-0.079545051,0.40472186,-0.91097355,0
1.4444964,2.4481175,1.5299072,0.48791111,0.81272423,0.31846845,0
-0.66533691,-0.67010808,0.84672159,0.079545051,-0.40472186,0.91097355,0
-0.20669925,-3.0830488,-0.99360394,-0.48791111,-0.81272423,-0.31846845,0
2.4548297,1.6488329,-0.069797754,0.86926138,-0.41914153,-0.26211649,0
0.92979234,2.2403045,1.7043469,0.48791111,0.81272423,0.31846845,0
1.770692,-0.20828331,0.68931448,0.86926138,-0.41914153,-0.26211649,0
-0.14323816,0.61027288,-0.79691076,-0.079545051,0.40472186,-0.91097355,0
0.74146104,2.6155186,1.9538035,0.48791111,0.81272423,0.31846845,0
0.68361568,0.82477057,-0.96617186,-0.079545051,0.40472186,-0.91097355,0
-2.2362123,-2.1212938,-0.72807908,-0.48791111,-0.81272423,-0.31846845,0
1.2599816,-0.39721137,-0.95228922,0.86926138,-0.41914153,-0.26211649,0
2.6039255,1.8791759,1.0720332,0.48791111,0.81272423,0.31846845,0
-0.63828564,1.880525,0.08219099,-0.86926138,0.41914153,0.26211649,0
-1.2036656,0.96863085,0.2267822,-0.86926138,0.41914153,0.26211649,0
0.021324694,-2.1671379,-0.061439514,0.079545051,-0.40472186,0.91097355,0
1.1604979,-0.44055861,-0.83414054,0.86926138,-0.41914153,-0.26211649,0
-0.10313129,3.2289958,0.97893667,-0.86926138,0.41914153,0.26211649,0
0.86343122,3.0200496,0.55422521,0.48791111,0.81272423,0.31846845,0
-2.145649,-2.2070746,-0.26569176,-0.48791111,-0.81272423,-0.31846845,0
-0.16756952,2.3870163,0.60185051,-0.86926138,0.41914153,0.26211649,0
0.82545829,2.9292231,1.0849307,0.48791111,0.81272423,0.31846845,0
1.1448042,-0.98688763,0.39147472,0.86926138,-0.41914153,-0.26211649,0
-0.32632613,2.9443483,0.2253418,-0.86926138,0.41914153,0.26211649,0
0.55456263,-0.13209534,0.88104749,0.079545051,-0.40472186,0.91097355,0
0.069406539,0.7497583,-0.80324662,-0.079545051,0.40472186,-0.91097355,0
2.1737206,1.5230104,1.6479371,0.079545051,-0.40472186,0.91097355,0
-0.8740406,1.4058943,0.99807078,-0.86926138,0.41914153,0.26211649,0
2.0704498,0.57121432,0.6916126,0.86926138,-0.41914153,-0.26211649,0
1.3445349,0.54772508,1.0277224,0.079545051,-0.40472186,0.91097355,0
-0.72921151,-3.0853543,-0.26975632,-0.48791111,-0.81272423,-0.31846845,0
-1.0400234,-2.4656248,-1.8912456,-0.48791111,-0.81272423,-0.31846845,0
-1.1079147,1.7996439,-0.29999065,-0.86926138,0.41914153,0.26211649,0
-1.2183223,-0.40606534,-1.1736823,-0.079545051,0.40472186,-0.91097355,0
-0.28828174,-2.9233227,-1.4142978,-0.48791111,-0.81272423,-0.31846845,0
2.1376307,0.58542371,1.092671,0.079545051,-0.40472186,0.91097355,0
-1.4412202,0.24703737,0.64139062,-0.86926138,0.41914153,0.26211649,0
-0.30611944,-1.3644664,-1.5139644,-0.079545051,0.40472186,-0.91097355,0
-0.46817529,1.3483779,-0.3310945,-0.079545051,0.40472186,-0.91097355,0
-2.166451,-1.2556871,0.70041418,-0.86926138,0.41914153,0.26211649,0
1.4090145,2.2969739,0.93888831,0.48791111,0.81272423,0.31846845,0
-1.0919619,-2.4873486,-1.2513239,-0.48791111,-0.81272423,-0.31846845,0
-1.9017062,-2.1975524,-1.4917765,-0.48791111,-0.81272423,-0.31846845,0
0.87983853,1.5716116,-0.29095411,-0.079545051,0.40472186,-0.91097355,0
-2.4656305,-2.1304262,0.20985603,-0.86926138,0.41914153,0.26211649,0
0.60091823,2.7274027,1.852176,0.48791111,0.81272423,0.31846845,0
-2.3586941,-1.5658567,0.3613112,-0.86926138,0.41914153,0.26211649,0
-1.9667513,-1.9704424,-1.1191909,-0.48791111,-0.81272423,-0.31846845,0
-1.8592312,-1.2434736,-1.424338,-0.079545051,0.40472186,-0.91097355,0
0.16571987,-1.9332825,0.36464477,0.079545051,-0.40472186,0.91097355,0
1.9417173,0.45194459,0.027211428,0.86926138,-0.41914153,-0.26211649,0
1.7107195,-0.23959166,0.11144347,0.86926138,-0.41914153,-0.26211649,0
-0.34068096,-2.5660679,-2.0104327,0.86926138,-0.41914153,-0.26211649,0
-2.4240131,-1.9238055,-0.48369002,-0.48791111,-0.81272423,-0.31846845,0
1.409907,2.5780725,0.17463899,0.48791111,0.81272423,0.31846845,0
0.75223291,3.0417864,1.0975721,0.48791111,0.81272423,0.31846845,0
0.62371773,-1.9629947,-1.2048011,0.86926138,-0.41914153,-0.26211649,0
1.7122455,1.7830486,-0.331218,-0.079545051,0.40472186,-0.91097355,0
-2.6050899,-1.9566324,-0.81202531,-0.48791111,-0.81272423,-0.31846845,0
1.8859015,0.25538489,-0.36205208,0.86926138,-0.41914153,-0.26211649,0
1.6502948,0.48152328,1.3770816,0.079545051,-0.40472186,0.91097355,0
0.70155144,0.077938795,1.0719398,0.079545051,-0.40472186,0.91097355,0
-2.6727593,-1.4896281,-0.92646122,-0.48791111,-0.81272423,-0.31846845,0
-1.3357329,-2.1025834,-1.8731124,-0.48791111,-0.81272423,-0.31846845,0
1.0085028,-1.6959088,-0.2628243,0.86926138,-0.41914153,-0.26211649,0
-2.1719174,-2.062027,-0.79357195,-0.48791111,-0.81272423,-0.31846845,0
1.4146197,1.9753095,1.7917016,0.079545051,-0.40472186,0.91097355,0
-1.7635951,0.54836321,-0.335289,-0.86926138,0.41914153,0.26211649,0
-0.80215961,-1.8995153,0.25386763,0.079545051,-0.40472186,0.91097355,0
1.0393722,-1.0974531,0.66051137,0.079545051,-0.40472186,0.91097355,0
1.7923307,2.1923184,0.71425009,0.48791111,0.81272423,0.31846845,0
2.0373175,0.22317582,0.095625579,0.86926138,-0.41914153,-0.26211649,0
-0.59927315,-3.019433,-0.29412699,-0.48791111,-0.81272423,-0.31846845,0
0.68011159,-1.7931,0.082898259,0.86926138,-0.41914153,-0.26211649,0
-2.5850194,-1.6485075,-0.078365088,-0.86926138,0.41914153,0.26211649,0
1.5375563,0.38891482,-1.1379308,-0.079545051,0.40472186,-0.91097355,0
-2.0081756,-0.57033575,-1.368224,-0.079545051,0.40472186,-0.91097355,0
-1.5245209,-2.5383685,-0.67414641,-0.48791111,-0.81272423,-0.31846845,0
0.3030369,-0.19104707,-1.0824425,-0.079545051,0.40472186,-0.91097355,0
-1.2070466,-2.5385911,-1.1661787,-0.48791111,-0.81272423,-0.31846845,0
0.23530707,-0.55263472,0.84670287,0.079545051,-0.40472186,0.91097355,0
-2.7780685,-1.3649453,-0.96028161,-0.86926138,0.41914153,0.26211649,0
2.6792502,1.6301088,0.53924799,0.48791111,0.81272423,0.31846845,0
-1.3366861,-1.1462554,0.69098544,0.079545051,-0.40472186,0.91097355,0
2.0111349,2.4734781,0.38308883,0.48791111,0.81272423,0.31846845,0
0.37532216,-2.3177967,-0.22219849,0.86926138,-0.41914153,-0.26211649,0
-1.5220137,-0.25433195,0.40695721,-0.86926138,0.41914153,0.26211649,0
-2.3454752,-2.2944875,0.16376734,-0.48791111,-0.81272423,-0.31846845,0
0.57500881,2.9492378,1.6052196,0.48791111,0.81272423,0.31846845,0
-2.0391645,-0.9837501,-0.085417032,-0.86926138,0.41914153,0.26211649,0
-1.1002525,-0.43346918,-1.2242342,-0.079545051,0.40472186,-0.91097355,0
-1.6613352,-2.6086175,-0.56784511,-0.48791111,-0.81272423,-0.31846845,0
-1.5582092,-2.312309,0.35319614,0.079545051,-0.40472186,0.91097355,0
-2.5805266,-1.4196253,-0.72921705,-0.86926138,0.41914153,0.26211649,0
-1.9105723,-1.9715397,-0.94633555,-0.48791111,-0.81272423,-0.31846845,0
-0.92493463,1.2098897,0.16987312,-0.86926138,0.41914153,0.26211649,0
1.0848476,1.0293473,1.4227042,0.079545051,-0.40472186,0.91097355,0
-1.8207582,-1.7522905,0.63169169,0.079545051,-0.40472186,0.91097355,0
0.31844169,2.5831511,1.9918451,-0.86926138,0.41914153,0.26211649,0
0.081902385,-2.1225102,-1.713753,0.86926138,-0.41914153,-0.26211649,0
2.1302807,2.0356126,0.67413473,0.48791111,0.81272423,0.31846845,0
-1.6383436,-2.1849494,-1.5604181,-0.48791111,-0.81272423,-0.31846845,0
-2.6010809,-1.1053128,-0.54872775,-0.86926138,0.41914153,0.26211649,0
0.050647222,-0.27063322,-1.2016803,-0.079545051,0.40472186,-0.91097355,0
0.96390897,2.6923552,0.66166973,0.48791111,0.81272423,0.31846845,0
-1.1893682,-0.121696,1.2618717,0.079545051,-0.40472186,0.91097355,0
-1.5454031,0.24709016,-0.33772287,-0.86926138,0.41914153,0.26211649,0
-2.7039151,-1.4666133,-0.76113558,-0.86926138,0.41914153,0.26211649,0
0.42590827,1.4518656,1.5110641,0.079545051,-0.40472186,0.91097355,0
1.0845095,2.7821264,0.35128689,0.48791111,0.81272423,0.31846845,0
0.51211256,-1.6786158,-1.4031161,0.86926138,-0.41914153,-0.26211649,0
0.17491674,-2.4319501,-0.97080851,0.86926138,-0.41914153,-0.26211649,0
-0.22033548,-2.9408317,-1.8641746,-0.48791111,-0.81272423,-0.31846845,0
-2.5972772,-1.5569236,-0.56190395,-0.86926138,0.41914153,0.26211649,0
1.323591,-0.10533488,-1.0450559,0.86926138,-0.41914153,-0.26211649,0
1.0038249,2.8181965,0.92397547,0.48791111,0.81272423,0.31846845,0
-1.3978088,-2.7213793,-0.096741199,-0.48791111,-0.81272423,-0.31846845,0
1.9755063,0.22785783,0.52425838,0.86926138,-0.41914153,-0.26211649,0
-0.13517064,1.9502101,2.0456748,0.079545051,-0.40472186,0.91097355,0
1.2124615,-1.3585536,0.34728229,0.079545051,-0.40472186,0.91097355,0
1.2955589,1.415233,1.6124958,0.079545051,-0.40472186,0.91097355,0
1.6721609,-0.37877709,0.53717697,0.86926138,-0.41914153,-0.26211649,0
-1.8571856,-1.8465492,-1.5871234,-0.079545051,0.40472186,-0.91097355,0
0.91699797,-0.98165011,-1.5647519,0.86926138,-0.41914153,-0.26211649,0
-0.68439972,1.5994315,0.52006483,-0.86926138,0.41914153,0.26211649,0
-0.44912606,1.1679312,1.5580548,0.079545051,-0.40472186,0.91097355,0
-0.52613705,-3.1993647,-1.0071719,-0.48791111,-0.81272423,-0.31846845,0
2.6386459,2.1454995,0.2134037,0.48791111,0.81272423,0.31846845,0
0.78991473,1.0593061,-0.71817935,-0.079545051,0.40472186,-0.91097355,0
0.00562644,3.0130961,1.6236296,-0.86926138,0.41914153,0.26211649,0
-0.43304485,-2.7543924,-1.7291648,-0.48791111,-0.81272423,-0.31846845,0
1.7595314,0.5079692,-0.72398263,0.86926138,-0.41914153,-0.26211649,0
-0.50100583,0.19640851,-0.94803643,-0.079545051,0.40472186,-0.91097355,0
0.38824663,1.1393664,1.6796206,0.079545051,-0.40472186,0.91097355,0
0.23228118,1.3279457,-0.51318419,-0.079545051,0.40472186,-0.91097355,0
0.91106755,2.6702156,1.4261732,0.48791111,0.81272423,0.31846845,0
1.0175749,-0.49620152,-1.1370351,0.86926138,-0.41914153,-0.26211649,0
2.4456835,1.748517,-0.19096589,0.86926138,-0.41914153,-0.26211649,0
-0.040303469,-3.0896735,-0.35559916,0.86926138,-0.41914153,-0.26211649,0
0.51333296,1.386646,1.6115959,0.079545051,-0.40472186,0.91097355,0
1.7261858,1.9802271,1.9906116,0.48791111,0.81272423,0.31846845,0
1.2213918,0.76453787,-1.0478916,-0.079545051,0.40472186,-0.91097355,0
2.0788431,1.1252294,1.3010856,0.079545051,-0.40472186,0.91097355,0
-0.029436231,-2.5648766,-1.9823143,0.86926138,-0.41914153,-0.26211649,0
-1.93662,0.067318559,-0.84139091,-0.86926138,0.41914153,0.26211649,0
-2.8111424,-1.9316344,-0.29709649,-0.48791111,-0.81272423,-0.31846845,0
-0.14822176,0.72735488,-0.66127384,-0.079545051,0.40472186,-0.91097355,0
1.2606609,-0.53150284,0.94028264,0.079545051,-0.40472186,0.91097355,0
-0.74582994,-2.8151643,-0.58404565,-0.48791111,-0.81272423,-0.31846845,0
2.1106215,2.4517066,0.081956863,0.48791111,0.81272423,0.31846845,0
-1.6226972,-2.488869,-1.1170361,-0.48791111,-0.81272423,-0.31846845,0
-0.029300272,1.2532479,1.4550157,0.079545051,-0.40472186,0.91097355,0
0.48870325,-2.6666479,-0.12372136,0.86926138,-0.41914153,-0.26211649,0
-0.78123248,-2.8504288,-1.2780595,-0.48791111,-0.81272423,-0.31846845,0
-1.3131256,1.1060894,-0.27208245,-0.86926138,0.41914153,0.26211649,0
-0.12993354,1.8883187,2.0666211,0.079545051,-0.40472186,0.91097355,0
0.30057907,2.4276443,2.1605556,0.48791111,0.81272423,0.31846845,0
-2.2988744,-1.9744543,0.54630637,0.079545051,-0.40472186,0.91097355,0
-1.4563659,0.37281084,-0.91044223,-0.079545051,0.40472186,-0.91097355,0
1.7700583,-0.018649429,0.0042279363,0.86926138,-0.41914153,-0.26211649,0
-0.97034556,0.94016659,1.1254458,-0.86926138,0.41914153,0.26211649,0
0.1196959,3.4556887,0.9522903,0.48791111,0.81272423,0.31846845,0
-0.88181531,-2.6082053,-1.9866431,-0.48791111,-0.81272423,-0.31846845,0
0.25088274,3.4095132,0.54034138,0.48791111,0.81272423,0.31846845,0
-2.4212532,-1.0436988,-0.1541189,-0.86926138,0.41914153,0.26211649,0
1.6683602,-0.45735931,-0.14505026,0.86926138,-0.41914153,-0.26211649,0
0.37400323,2.9832048,0.88167238,0.48791111,0.81272423,0.31846845,0
0.92443854,-1.2365921,-0.88424373,0.86926138,-0.41914153,-0.26211649,0
-1.9439638,-2.305491,-0.19246411,-0.48791111,-0.81272423,-0.31846845,0
-0.56812549,-1.8749954,0.40236807,0.079545051,-0.40472186,0.91097355,0
0.99589938,-0.43318987,-0.99307001,0.86926138,-0.41914153,-0.26211649,0
1.0271815,-1.1048131,-0.88356656,0.86926138,-0.41914153,-0.26211649,0
1.7935548,0.75580585,-0.41099322,0.86926138,-0.41914153,-0.26211649,0
-0.021252632,-2.6976542,-1.6184828,0.86926138,-0.41914153,-0.26211649,0
-0.40856206,2.4173522,0.33382511,-0.86926138,0.41914153,0.26211649,0
-1.6662719,-1.9594288,-1.6019893,-0.48791111,-0.81272423,-0.31846845,0
0.97944129,-1.3550023,0.12382472,0.86926138,-0.41914153,-0.26211649,0
-1.0225505,0.3343581,1.2030246,0.079545051,-0.40472186,0.91097355,0
-1.5800503,-0.90662098,0.88535345,0.079545051,-0.40472186,0.91097355,0
0.40473056,-2.1506801,-1.3744216,0.86926138,-0.41914153,-0.26211649,0
1.3132796,1.538964,-0.38178563,-0.079545051,0.40472186,-0.91097355,0
-0.0058918297,-0.48858976,0.96022904,0.079545051,-0.40472186,0.91097355,0
1.6629982,0.89849567,1.176192,0.079545051,-0.40472186,0.91097355,0
-1.0574937,1.5701492,-0.19405174,-0.86926138,0.41914153,0.26211649,0
-1.0550082,-2.5953319,-1.159358,-0.48791111,-0.81272423,-0.31846845,0
0.27401817,1.4482906,1.8957061,0.079545051,-0.40472186,0.91097355,0
1.349293,-0.53514445,0.78337616,0.079545051,-0.40472186,0.91097355,0
-2.554399,-1.3710191,-0.46809745,-0.86926138,0.41914153,0.26211649,0
2.4216475,1.2114236,0.76289058,0.86926138,-0.41914153,-0.26211649,0
-1.6260803,-2.6504622,-0.10845065,-0.48791111,-0.81272423,-0.31846845,0
-1.7616942,0.50692058,-0.72079539,-0.86926138,0.41914153,0.26211649,0
1.9302943,2.3895662,0.92057776,0.48791111,0.81272423,0.31846845,0
-0.065159678,-3.244802,-1.2041607,-0.48791111,-0.81272423,-0.31846845,0
-1.9552791,-2.1586759,-1.021899,-0.48791111,-0.81272423,-0.31846845,0
-0.11963034,-2.9999647,-0.67455673,0.86926138,-0.41914153,-0.26211649,0
-0.98585975,-2.5426066,-1.3545737,-0.48791111,-0.81272423,-0.31846845,0
2.4057217,1.6040105,0.2645514,0.86926138,-0.41914153,-0.26211649,0
0.7797215,2.5923796,1.9379239,0.48791111,0.81272423,0.31846845,0
0.75360322,0.12510872,-1.0393384,-0.079545051,0.40472186,-0.91097355,0
-0.67215264,-3.0326104,-0.44326377,-0.48791111,-0.81272423,-0.31846845,0
-1.8717809,-1.7923993,-1.5618382,-0.48791111,-0.81272423,-0.31846845,0
-1.7052393,0.21750426,-0.50585806,-0.86926138,0.41914153,0.26211649,0
2.5705616,1.7170246,0.44802904,0.86926138,-0.41914153,-0.26211649,0
0.91917932,-1.8908288,-0.40009737,0.86926138,-0.41914153,-0.26211649,0
2.5942819,0.82908463,1.0575627,0.86926138,-0.41914153,-0.26211649,0
-1.2193565,1.412173,-0.50567043,-0.079545051,0.40472186,-0.91097355,0
-0.35016775,2.3073094,1.6167967,-0.86926138,0.41914153,0.26211649,0
2.6522787,1.6975788,1.3403604,0.48791111,0.81272423,0.31846845,0
-0.063252091,-3.0505965,-1.113338,0.86926138,-0.41914153,-0.26211649,0
1.1734446,-0.60252428,-0.19524458,0.86926138,-0.41914153,-0.26211649,0
-0.72339821,-1.1776016,-1.4205363,-0.079545051,0.40472186,-0.91097355,0
-1.4108292,-1.2503166,0.54396653,0.079545051,-0.40472186,0.91097355,0
0.35915834,3.0284705,0.41359568,-0.079545051,0.40472186,-0.91097355,0
-0.78878707,-2.8619618,-0.71098351,-0.48791111,-0.81272423,-0.31846845,0
0.71555305,2.5684097,1.9451981,0.48791111,0.81272423,0.31846845,0
1.2196335,2.0767612,1.9322982,0.48791111,0.81272423,0.31846845,0
-1.9409354,-2.4633675,0.23038149,-0.48791111,-0.81272423,-0.31846845,0
