-1.6649419,-3.4785054,-1.5670071,-0.25442928,-0.87604141,-0.40965497,0
1.146498,-1.5115428,0.22084796,0.93447828,-0.33178073,0.12912101,0
-1.7570169,-2.9787207,-2.3263035,-0.25442928,-0.87604141,-0.40965497,0
-0.97598976,-3.3227401,-2.4352534,-0.25442928,-0.87604141,-0.40965497,0
0.31666589,-3.828023,-1.7361621,-0.25442928,-0.87604141,-0.40965497,0
0.80836511,-2.8879173,-0.24028504,0.93447828,-0.33178073,0.12912101,0
1.2572689,-0.34169018,1.1503793,0.93447828,-0.33178073,0.12912101,0
1.6409671,-0.58499014,-0.52864844,0.93447828,-0.33178073,0.12912101,0
0.93269384,-1.9899464,-1.8279417,0.24903101,0.34996164,-0.90305626,0
-1.0814245,-1.0495081,-1.9473147,0.24903101,0.34996164,-0.90305626,0
1.7852869,1.3134657,1.4055395,0.93447828,-0.33178073,0.12912101,0
-0.95847273,0.33025473,-1.1958234,0.24903101,0.34996164,-0.90305626,0
2.2942634,2.079072,1.4342763,0.93447828,-0.33178073,0.12912101,0
0.74793935,-3.5557714,-1.8127923,0.93447828,-0.33178073,0.12912101,0
-0.7798903,2.7469821,0.68201268,-0.93447828,0.33178073,-0.12912101,0
-1.2774618,1.3148334,1.2539093,-0.93447828,0.33178073,-0.12912101,0
0.50592875,-1.8436539,0.3864125,-0.24903101,-0.34996164,0.90305626,0
-1.8297646,-0.16104519,0.050513625,-0.93447828,0.33178073,-0.12912101,0
0.3862431,-3.0163283,-0.29701519,0.93447828,-0.33178073,0.12912101,0
0.047824994,-0.70234311,-1.5632293,0.24903101,0.34996164,-0.90305626,0
-1.0526958,1.9337051,0.73664063,-0.93447828,0.33178073,-0.12912101,0
2.5308201,3.0442159,1.8906538,0.25442928,0.87604141,0.40965497,0
-1.1040194,1.3492322,-0.3915723,-0.93447828,0.33178073,-0.12912101,0
1.6027265,0.12733865,-0.29824579,0.93447828,-0.33178073,0.12912101,0
2.3378367,3.2133641,1.0448563,0.25442928,0.87604141,0.40965497,0
1.943009,1.5200413,1.7261022,0.93447828,-0.33178073,0.12912101,0
1.3618467,2.9019475,2.4516008,0.25442928,0.87604141,0.40965497,0
-1.4887871,0.61504251,0.26207215,-0.93447828,0.33178073,-0.12912101,0
-0.90528286,1.7807031,1.5819427,-0.24903101,-0.34996164,0.90305626,0
1.2268236,1.1690347,1.7259183,-0.24903101,-0.34996164,0.90305626,0
-1.1037605,-0.33057237,0.54972005,-0.24903101,-0.34996164,0.90305626,0
0.95467997,-2.7120295,-1.9475322,0.24903101,0.34996164,-0.90305626,0
-0.93624127,-3.3049395,-1.8910134,-0.25442928,-0.87604141,-0.40965497,0
-0.64928943,-3.7905669,-1.5710535,-0.25442928,-0.87604141,-0.40965497,0
0.71655422,3.8013911,1.1548824,0.25442928,0.87604141,0.40965497,0
-0.77866131,-1.1754038,-1.5664641,0.24903101,0.34996164,-0.90305626,0
0.39480096,-0.31690812,1.0647795,-0.24903101,-0.34996164,0.90305626,0
-0.11384249,3.9698503,1.29126,0.25442928,0.87604141,0.40965497,0
1.1383619,3.3234296,2.428822,0.25442928,0.87604141,0.40965497,0
-2.3160608,-3.1056089,-1.5311785,-0.25442928,-0.87604141,-0.40965497,0
1.874101,3.3591776,1.1791749,0.25442928,0.87604141,0.40965497,0
-1.359591,0.19924438,0.92626715,-0.24903101,-0.34996164,0.90305626,0
-0.78879356,2.7990847,0.36431921,-0.93447828,0.33178073,-0.12912101,0
-1.8593544,-2.3644195,-2.6285751,0.24903101,0.34996164,-0.90305626,0
-0.58857882,1.5657041,1.5967712,-0.24903101,-0.34996164,0.90305626,0
-0.43162668,2.3330965,-0.33981347,0.24903101,0.34996164,-0.90305626,0
-1.0615146,-3.6319022,-1.3152881,-0.25442928,-0.87604141,-0.40965497,0
-1.1076336,-3.8818665,-1.1394169,-0.25442928,-0.87604141,-0.40965497,0
0.94553912,3.8102603,0.94006467,0.25442928,0.87604141,0.40965497,0
-1.1636634,-3.0261436,-2.2965803,-0.25442928,-0.87604141,-0.40965497,0
0.70247447,3.3801224,1.7461426,0.25442928,0.87604141,0.40965497,0
-0.22652459,3.9318664,1.7053807,0.25442928,0.87604141,0.40965497,0
0.83025289,-2.4272022,-0.42750108,0.93447828,-0.33178073,0.12912101,0
-0.046529889,-2.3441567,-2.2402179,0.24903101,0.34996164,-0.90305626,0
-0.55210406,-1.097868,0.67088091,-0.24903101,-0.34996164,0.90305626,0
0.85475564,-2.0971904,-0.65425879,0.93447828,-0.33178073,0.12912101,0
0.59976721,-0.31335294,-1.1086341,0.24903101,0.34996164,-0.90305626,0
-1.8984338,-0.84159529,0.22634387,-0.24903101,-0.34996164,0.90305626,0
-1.3764251,-0.50862682,-1.6085575,0.24903101,0.34996164,-0.90305626,0
0.2576443,3.5907333,2.1400399,0.25442928,0.87604141,0.40965497,0
0.56914544,-2.4552851,0.44459069,-0.24903101,-0.34996164,0.90305626,0
-1.3701404,-3.6125078,-1.6588817,-0.25442928,-0.87604141,-0.40965497,0
0.56737828,-3.9629712,-1.4665418,0.93447828,-0.33178073,0.12912101,0
-1.7845933,-0.44633245,0.35440838,-0.93447828,0.33178073,-0.12912101,0
-0.82912993,3.0021796,1.5297595,-0.93447828,0.33178073,-0.12912101,0
0.076227188,-4.1466422,-0.69301391,-0.25442928,-0.87604141,-0.40965497,0
0.99823689,-1.3234653,0.68189216,0.93447828,-0.33178073,0.12912101,0
0.74549425,3.9407239,0.74281645,0.24903101,0.34996164,-0.90305626,0
-0.088128686,3.8347235,1.7933424,0.25442928,0.87604141,0.40965497,0
1.6609681,-0.010617852,-0.33027726,0.93447828,-0.33178073,0.12912101,0
1.9319133,0.81003886,0.29287446,0.93447828,-0.33178073,0.12912101,0
-1.1384815,1.7242099,1.088104,-0.93447828,0.33178073,-0.12912101,0
1.1814507,-2.2996759,-1.4539061,0.93447828,-0.33178073,0.12912101,0
2.0020607,1.880244,1.7555703,0.93447828,-0.33178073,0.12912101,0
-1.8790374,-1.6583822,-0.12511015,-0.24903101,-0.34996164,0.90305626,0
-1.8765364,-1.6887882,-0.9636687,-0.93447828,0.33178073,-0.12912101,0
1.7520783,2.2197669,2.480207,-0.24903101,-0.34996164,0.90305626,0
-1.413348,-3.4856317,-1.7976081,-0.25442928,-0.87604141,-0.40965497,0
-1.3362788,-3.8014858,-1.144434,-0.25442928,-0.87604141,-0.40965497,0
-0.52596247,-3.2536178,-2.6150732,-0.25442928,-0.87604141,-0.40965497,0
-0.68616116,-2.951092,-2.3977394,0.24903101,0.34996164,-0.90305626,0
-0.27720577,-2.1091104,-2.1704347,0.24903101,0.34996164,-0.90305626,0
0.25087765,-1.0569673,-1.3397131,0.24903101,0.34996164,-0.90305626,0
-0.28408837,-3.7633045,-1.2991476,-0.25442928,-0.87604141,-0.40965497,0
-1.7258545,-1.952986,-2.2327924,0.24903101,0.34996164,-0.90305626,0
-0.76051748,2.7543371,1.0300204,-0.93447828,0.33178073,-0.12912101,0
0.34286547,3.4493079,0.45445752,0.24903101,0.34996164,-0.90305626,0
1.172721,-1.3095615,-0.94936073,0.93447828,-0.33178073,0.12912101,0
0.93639505,-1.5361986,-1.2253255,0.24903101,0.34996164,-0.90305626,0
2.1839545,1.6279944,-0.052357435,0.24903101,0.34996164,-0.90305626,0
0.57880306,-3.5927773,-1.4040226,0.93447828,-0.33178073,0.12912101,0
-0.70730305,-1.2155198,0.31699502,-0.24903101,-0.34996164,0.90305626,0
-0.086516231,-0.23293543,-1.2950544,0.24903101,0.34996164,-0.90305626,0
1.0987552,0.13751185,1.4568927,-0.24903101,-0.34996164,0.90305626,0
1.8001016,0.43955815,1.0779239,0.93447828,-0.33178073,0.12912101,0
-0.72163033,-3.5436573,-1.9629669,-0.25442928,-0.87604141,-0.40965497,0
-1.4591997,-3.768266,-1.2584996,-0.25442928,-0.87604141,-0.40965497,0
1.3362091,0.34329969,1.4980383,-0.24903101,-0.34996164,0.90305626,0
-0.71801543,-3.1352963,-2.5586824,-0.25442928,-0.87604141,-0.40965497,0
-2.0859547,-1.8783152,-1.6166031,-0.93447828,0.33178073,-0.12912101,0
-1.7967978,-0.38372159,0.49739695,-0.24903101,-0.34996164,0.90305626,0
-2.1569376,-3.4980896,-1.3311992,-0.25442928,-0.87604141,-0.40965497,0
-1.8116045,-1.4281917,-1.6967201,-0.93447828,0.33178073,-0.12912101,0
1.8352711,2.6313319,2.5266795,0.25442928,0.87604141,0.40965497,0
1.3637148,-1.1988029,-0.12084261,0.93447828,-0.33178073,0.12912101,0
0.81946993,1.5121984,2.1017382,-0.24903101,-0.34996164,0.90305626,0
-1.1715524,-1.4020915,-1.9893478,0.24903101,0.34996164,-0.90305626,0
1.2200143,1.8369331,2.1654491,-0.24903101,-0.34996164,0.90305626,0
-1.7753608,-2.9661722,-1.9682169,-0.25442928,-0.87604141,-0.40965497,0
-1.8301624,-1.0589516,-1.7724326,-0.93447828,0.33178073,-0.12912101,0
1.5207151,-0.29226726,0.33292007,0.93447828,-0.33178073,0.12912101,0
-1.2670954,-1.0986432,-1.9301273,0.24903101,0.34996164,-0.90305626,0
-0.47208691,3.2797987,0.44855142,-0.93447828,0.33178073,-0.12912101,0
1.0538064,-2.3718021,-0.91967678,0.93447828,-0.33178073,0.12912101,0
-0.26003981,3.9738011,1.7945545,0.25442928,0.87604141,0.40965497,0
1.6350564,3.3723495,1.327863,0.25442928,0.87604141,0.40965497,0
-0.34229511,-3.3446355,-2.4215903,-0.25442928,-0.87604141,-0.40965497,0
-0.86830533,0.45297462,0.93030185,-0.24903101,-0.34996164,0.90305626,0
-0.91312027,3.0621345,1.7523516,-0.93447828,0.33178073,-0.12912101,0
2.1106074,3.0277998,1.7082617,0.25442928,0.87604141,0.40965497,0
1.3094659,-1.1446301,0.51019615,0.93447828,-0.33178073,0.12912101,0
-1.4842906,-0.15645672,-1.1128392,-0.93447828,0.33178073,-0.12912101,0
1.9933807,3.2989163,1.6497309,0.25442928,0.87604141,0.40965497,0
1.7295182,0.86476803,-0.041420102,0.93447828,-0.33178073,0.12912101,0
1.7932329,1.6854458,-0.13145161,0.24903101,0.34996164,-0.90305626,0
-0.47456884,2.5018973,-0.057127476,0.24903101,0.34996164,-0.90305626,0
0.54280955,0.1950146,1.4597623,-0.24903101,-0.34996164,0.90305626,0
0.47260004,3.4701016,1.5731225,0.25442928,0.87604141,0.40965497,0
-2.1222363,-2.2991586,-2.170773,-0.93447828,0.33178073,-0.12912101,0
-1.5420831,-3.1299016,-2.3552642,-0.25442928,-0.87604141,-0.40965497,0
-2.2565997,-2.4813471,-0.42851138,-0.24903101,-0.34996164,0.90305626,0
-1.5428427,0.3546946,-0.61073554,-0.93447828,0.33178073,-0.12912101,0
1.3112528,2.6104949,2.4393058,-0.24903101,-0.34996164,0.90305626,0
1.5187306,3.390696,1.6761734,0.25442928,0.87604141,0.40965497,0
-2.0843737,-2.8346334,-1.9561112,-0.25442928,-0.87604141,-0.40965497,0
-2.4750471,-3.3595488,-1.0588434,-0.25442928,-0.87604141,-0.40965497,0
2.0070066,1.4213797,2.2133307,0.93447828,-0.33178073,0.12912101,0
-0.99455619,1.1956193,-0.579741,-0.93447828,0.33178073,-0.12912101,0
0.11285722,4.2112145,1.1748705,0.25442928,0.87604141,0.40965497,0
-0.55617881,3.9295456,1.7815835,-0.93447828,0.33178073,-0.12912101,0
-2.4559155,-3.2721729,-1.1392684,-0.25442928,-0.87604141,-0.40965497,0
-2.4348335,-3.1846337,-1.6014826,-0.25442928,-0.87604141,-0.40965497,0
-0.328897,-3.719039,-1.7592149,-0.25442928,-0.87604141,-0.40965497,0
-2.4046795,-1.8602734,-0.37103009,-0.93447828,0.33178073,-0.12912101,0
1.0665888,0.68987715,-0.35265076,0.24903101,0.34996164,-0.90305626,0
-1.2534178,-2.1009467,-0.1835885,-0.24903101,-0.34996164,0.90305626,0
0.31768155,-0.4629122,0.86303139,-0.24903101,-0.34996164,0.90305626,0
0.92780983,1.4769992,-0.43841958,0.24903101,0.34996164,-0.90305626,0
-2.3140984,-2.6959996,-0.75108671,-0.93447828,0.33178073,-0.12912101,0
-1.5263189,-2.7612042,-2.4566779,-0.25442928,-0.87604141,-0.40965497,0
-0.99357331,-3.4439697,-1.4870594,-0.25442928,-0.87604141,-0.40965497,0
-1.1419969,-3.1920164,-2.5052767,-0.25442928,-0.87604141,-0.40965497,0
-1.2992339,1.0268207,0.62515032,-0.93447828,0.33178073,-0.12912101,0
1.1547658,3.3231828,1.839154,0.25442928,0.87604141,0.40965497,0
-2.1893587,-1.9994805,-1.0252154,-0.93447828,0.33178073,-0.12912101,0
-1.5044105,-0.51843226,-0.82688409,-0.93447828,0.33178073,-0.12912101,0
0.82507229,-1.9055914,-0.69211084,0.93447828,-0.33178073,0.12912101,0
-1.3757991,0.97662544,0.001106441,-0.93447828,0.33178073,-0.12912101,0
1.4747345,-0.92197829,-0.17804584,0.93447828,-0.33178073,0.12912101,0
0.072256923,1.5332221,-0.62917888,0.24903101,0.34996164,-0.90305626,0
-1.8046623,-0.20671314,-0.011321485,-0.93447828,0.33178073,-0.12912101,0
1.0034719,-1.3549342,0.27214998,0.93447828,-0.33178073,0.12912101,0
-1.3963329,0.31266868,0.56406015,-0.93447828,0.33178073,-0.12912101,0
-0.18121743,-4.2566042,-1.0337222,-0.25442928,-0.87604141,-0.40965497,0
-1.0056709,1.5591767,0.75047272,-0.93447828,0.33178073,-0.12912101,0
-1.537895,0.57574368,0.52921724,-0.93447828,0.33178073,-0.12912101,0
-1.9411912,-2.3512254,-2.3779182,-0.93447828,0.33178073,-0.12912101,0
0.54371744,-0.22239316,1.0908241,-0.24903101,-0.34996164,0.90305626,0
-1.9463394,-0.71433425,-0.80970681,-0.93447828,0.33178073,-0.12912101,0
-1.8867987,-1.0596546,-1.0845803,-0.93447828,0.33178073,-0.12912101,0
-1.0303643,-0.79924512,0.47982854,-0.24903101,-0.34996164,0.90305626,0
0.80410099,-3.1168017,-1.9806433,0.93447828,-0.33178073,0.12912101,0
1.4517578,3.7704539,0.64731121,0.25442928,0.87604141,0.40965497,0
1.1587465,1.2869403,1.7966185,-0.24903101,-0.34996164,0.90305626,0
2.2851412,3.413609,1.2129836,0.25442928,0.87604141,0.40965497,0
0.95076162,-0.13866007,-0.97867811,0.24903101,0.34996164,-0.90305626,0
2.4108267,2.6219716,1.9505837,0.93447828,-0.33178073,0.12912101,0
0.91097218,0.89413506,-0.3019979,0.24903101,0.34996164,-0.90305626,0
-0.13110507,3.2336383,2.134057,-0.24903101,-0.34996164,0.90305626,0
-1.6415532,-1.1083719,0.37394452,-0.24903101,-0.34996164,0.90305626,0
-1.6313702,0.3895151,-0.35408896,-0.93447828,0.33178073,-0.12912101,0
-0.29886556,0.34507018,-0.92857212,0.24903101,0.34996164,-0.90305626,0
-0.24439085,2.5356801,2.1248569,-0.24903101,-0.34996164,0.90305626,0
2.2776799,3.0515225,2.0806704,0.25442928,0.87604141,0.40965497,0
-0.95042467,1.3472987,-0.7127651,0.24903101,0.34996164,-0.90305626,0
1.22639,3.0827515,2.3318009,0.25442928,0.87604141,0.40965497,0
-0.42711508,-3.60466,-0.59703493,-0.24903101,-0.34996164,0.90305626,0
1.8116301,0.19182491,-0.1793288,0.93447828,-0.33178073,0.12912101,0
0.95936126,-0.90355742,-1.2087615,0.24903101,0.34996164,-0.90305626,0
-1.6714844,-0.47461665,0.63293964,-0.24903101,-0.34996164,0.90305626,0
-2.2356925,-2.9775128,-1.5647371,-0.25442928,-0.87604141,-0.40965497,0
-1.3159599,-1.6875703,-2.1077485,0.24903101,0.34996164,-0.90305626,0
0.012333035,3.8949265,1.044975,0.25442928,0.87604141,0.40965497,0
0.30386972,-1.7865535,-1.5086088,0.24903101,0.34996164,-0.90305626,0
0.4952516,1.7033545,-0.26888704,0.24903101,0.34996164,-0.90305626,0
1.2881932,0.28000104,-0.62732035,0.24903101,0.34996164,-0.90305626,0
1.8134305,1.3123503,0.61704707,0.93447828,-0.33178073,0.12912101,0
-1.6825085,-1.3752997,-2.2118862,0.24903101,0.34996164,-0.90305626,0
-1.3232384,0.32888877,1.0154763,-0.24903101,-0.34996164,0.90305626,0
-2.1848602,-2.8297615,-2.2222004,-0.93447828,0.33178073,-0.12912101,0
-0.83902097,2.0123262,0.21526718,-0.93447828,0.33178073,-0.12912101,0
-2.0435445,-3.1586809,-1.3699613,-0.25442928,-0.87604141,-0.40965497,0
1.8322139,1.4592297,2.086853,0.93447828,-0.33178073,0.12912101,0
2.3441403,3.1991208,0.97578144,0.24903101,0.34996164,-0.90305626,0
1.0727438,3.7356036,0.95974183,0.25442928,0.87604141,0.40965497,0
1.00097,3.3989975,2.3063562,0.25442928,0.87604141,0.40965497,0
-0.28542614,3.290509,0.15638137,-0.93447828,0.33178073,-0.12912101,0
0.43201876,1.0234518,-0.38828611,0.24903101,0.34996164,-0.90305626,0
-1.8582181,-3.0245616,-2.4906483,-0.25442928,-0.87604141,-0.40965497,0
-0.093196273,-4.0933166,-1.1133361,-0.25442928,-0.87604141,-0.40965497,0
0.82372141,2.7855592,0.2894938,0.24903101,0.34996164,-0.90305626,0
-0.72468519,2.6992378,0.019324303,-0.93447828,0.33178073,-0.12912101,0
-1.7416066,-0.36321932,-1.3824987,-0.93447828,0.33178073,-0.12912101,0
-2.1495228,-2.8998671,-2.4321332,-0.25442928,-0.87604141,-0.40965497,0
-0.42448366,-1.2460043,0.42493117,-0.24903101,-0.34996164,0.90305626,0
-0.88228637,-3.8094161,-1.0115361,-0.25442928,-0.87604141,-0.40965497,0
-0.87456298,2.1753726,-0.05017817,-0.93447828,0.33178073,-0.12912101,0
-0.037130713,-3.6360316,-2.1529796,-0.25442928,-0.87604141,-0.40965497,0
0.030700684,-3.8174314,-1.9516389,-0.25442928,-0.87604141,-0.40965497,0
-2.3625121,-3.4577558,-1.3789787,-0.25442928,-0.87604141,-0.40965497,0
-0.16034532,-3.6550479,-1.5891106,-0.25442928,-0.87604141,-0.40965497,0
2.3171597,2.4878826,1.4216139,0.93447828,-0.33178073,0.12912101,0
0.57130927,2.1464765,2.0067463,-0.24903101,-0.34996164,0.90305626,0
0.85884428,-2.6774955,-0.82438099,0.93447828,-0.33178073,0.12912101,0
1.0828899,-0.0089114904,-0.95641261,0.24903101,0.34996164,-0.90305626,0
0.04165706,0.47522062,1.3542398,-0.24903101,-0.34996164,0.90305626,0
1.4132273,-0.89348793,-0.22810687,0.93447828,-0.33178073,0.12912101,0
1.4480487,2.8472342,2.4141819,0.25442928,0.87604141,0.40965497,0
1.534462,-0.31465495,1.0267395,0.93447828,-0.33178073,0.12912101,0
-0.44120556,-0.0072404146,1.105507,-0.24903101,-0.34996164,0.90305626,0
0.086414814,4.2254591,0.95624518,0.25442928,0.87604141,0.40965497,0
0.0065228939,4.4018469,0.71640182,0.25442928,0.87604141,0.40965497,0
0.14183366,-2.5497348,-2.2370503,0.24903101,0.34996164,-0.90305626,0
-0.58765054,3.652473,1.8833725,0.25442928,0.87604141,0.40965497,0
-0.65550131,1.1195037,1.5627204,-0.24903101,-0.34996164,0.90305626,0
-1.0044888,-3.2929361,-1.6677117,-0.25442928,-0.87604141,-0.40965497,0
1.990155,2.6097322,2.5149393,0.25442928,0.87604141,0.40965497,0
-1.5221378,-0.85062206,-2.0291433,-0.93447828,0.33178073,-0.12912101,0
2.2384291,3.1151979,1.6007736,0.25442928,0.87604141,0.40965497,0
-1.4862716,-1.8992112,-2.3341286,0.24903101,0.34996164,-0.90305626,0
-0.19536492,0.57536858,1.4638453,-0.24903101,-0.34996164,0.90305626,0
2.138062,3.0812352,1.6943908,0.25442928,0.87604141,0.40965497,0
-1.8757704,-0.54580867,-0.45567214,-0.93447828,0.33178073,-0.12912101,0
0.24273157,-3.9616818,-1.6073811,-0.25442928,-0.87604141,-0.40965497,0
0.1821295,-2.3827782,-2.1214967,0.24903101,0.34996164,-0.90305626,0
0.7348057,3.2976468,2.4550223,-0.24903101,-0.34996164,0.90305626,0
0.18315315,-4.1438508,-0.84636784,0.93447828,-0.33178073,0.12912101,0
-2.3756139,-3.3646812,-0.81949496,-0.25442928,-0.87604141,-0.40965497,0
-2.2316046,-3.1628711,-1.1265774,-0.25442928,-0.87604141,-0.40965497,0
1.4786655,3.5132816,1.3457632,0.25442928,0.87604141,0.40965497,0
0.49464774,-4.1088934,-1.4639075,0.93447828,-0.33178073,0.12912101,0
-2.1248455,-2.6586645,-1.7847395,-0.93447828,0.33178073,-0.12912101,0
2.0452096,3.1209459,1.4094303,0.25442928,0.87604141,0.40965497,0
0.67562318,-3.8541698,-1.842911,0.93447828,-0.33178073,0.12912101,0
1.5065113,1.1013273,2.0779607,-0.24903101,-0.34996164,0.90305626,0
-2.5764813,-3.2509992,-1.6735051,-0.25442928,-0.87604141,-0.40965497,0
-1.044808,0.91054952,-0.72314465,-0.93447828,0.33178073,-0.12912101,0
0.026778817,2.9389312,-0.08558774,0.24903101,0.34996164,-0.90305626,0
1.77414,0.046482384,0.41647667,0.93447828,-0.33178073,0.12912101,0
-1.0694561,-2.4360385,0.087304354,-0.24903101,-0.34996164,0.90305626,0
-0.675107,2.9663563,2.0131168,-0.93447828,0.33178073,-0.12912101,0
-2.0881371,-1.6664239,-0.27690053,-0.24903101,-0.34996164,0.90305626,0
-1.428455,-3.188849,-2.0640633,-0.25442928,-0.87604141,-0.40965497,0
-0.4443872,3.4525294,1.6108137,-0.93447828,0.33178073,-0.12912101,0
0.70785046,-3.4236658,-2.0428536,0.93447828,-0.33178073,0.12912101,0
-2.0148773,-3.5213099,-0.69391584,-0.25442928,-0.87604141,-0.40965497,0
2.0016143,3.0347991,2.4040933,0.25442928,0.87604141,0.40965497,0
1.5078754,0.64916265,-0.51775539,0.24903101,0.34996164,-0.90305626,0
-0.33621275,3.5720549,2.38731,0.25442928,0.87604141,0.40965497,0
1.3661839,1.0615113,-0.25840855,0.24903101,0.34996164,-0.90305626,0
0.23915744,-4.1096277,-0.87228227,-0.25442928,-0.87604141,-0.40965497,0
0.27858484,3.1622591,0.10593987,0.24903101,0.34996164,-0.90305626,0
-0.83637726,2.2977018,0.58612299,-0.93447828,0.33178073,-0.12912101,0
-1.7002121,-3.4887133,-0.819525,-0.25442928,-0.87604141,-0.40965497,0
-1.3079064,-1.5509031,-2.2219918,0.24903101,0.34996164,-0.90305626,0
1.8771864,1.5319072,1.4860628,0.93447828,-0.33178073,0.12912101,0
1.9134148,2.8119199,2.2293797,0.25442928,0.87604141,0.40965497,0
-2.2333522,-3.1540859,-1.7697086,-0.25442928,-0.87604141,-0.40965497,0
-2.2488949,-2.6551855,-2.6656137,-0.25442928,-0.87604141,-0.40965497,0
-1.2564304,-1.4139864,0.20186925,-0.24903101,-0.34996164,0.90305626,0
0.50430846,-3.7705026,-1.5559679,0.93447828,-0.33178073,0.12912101,0
-0.10454577,-2.2517061,-1.9469874,0.24903101,0.34996164,-0.90305626,0
-0.9478429,-2.8017137,-0.36377239,-0.24903101,-0.34996164,0.90305626,0
-1.3343228,0.35211003,-1.2380545,0.24903101,0.34996164,-0.90305626,0
-0.80263758,-3.8327713,-1.3878071,-0.25442928,-0.87604141,-0.40965497,0
-0.93415976,0.60064048,-1.2216817,0.24903101,0.34996164,-0.90305626,0
-0.82693911,2.3150086,1.5050452,-0.93447828,0.33178073,-0.12912101,0
-0.13959479,4.2092185,0.34529567,0.24903101,0.34996164,-0.90305626,0
-0.91684669,-1.30788,-1.9497869,0.24903101,0.34996164,-0.90305626,0
0.24014446,-0.99801731,-1.2783986,0.24903101,0.34996164,-0.90305626,0
0.98973441,-1.2250627,0.38240126,0.93447828,-0.33178073,0.12912101,0
-1.2201912,-3.3847229,-1.3022795,-0.25442928,-0.87604141,-0.40965497,0
2.5196216,2.9355779,1.0013576,0.93447828,-0.33178073,0.12912101,0
0.66687584,3.1692357,0.091619968,0.24903101,0.34996164,-0.90305626,0
0.69364011,1.066236,-0.45197523,0.24903101,0.34996164,-0.90305626,0
0.69991541,-2.9686313,0.11290312,0.93447828,-0.33178073,0.12912101,0
1.1712707,-1.0169938,0.74692273,0.93447828,-0.33178073,0.12912101,0
-0.5567748,-1.547578,0.5622189,-0.24903101,-0.34996164,0.90305626,0
-1.411027,0.51502848,0.17129293,-0.93447828,0.33178073,-0.12912101,0
1.7419672,3.7235873,0.83640838,0.25442928,0.87604141,0.40965497,0
1.5019959,0.080850244,-0.21619695,0.93447828,-0.33178073,0.12912101,0
1.1494808,-2.0927784,-1.1850967,0.93447828,-0.33178073,0.12912101,0
2.2212684,2.9583361,2.2837036,0.25442928,0.87604141,0.40965497,0
-0.96347332,0.085980356,-1.4154602,0.24903101,0.34996164,-0.90305626,0
-2.200114,-2.7280347,-2.2519095,-0.25442928,-0.87604141,-0.40965497,0
-1.9166355,-2.4341023,-2.4656644,0.24903101,0.34996164,-0.90305626,0
1.5031595,-0.16718435,0.41489407,0.93447828,-0.33178073,0.12912101,0
0.085427642,-3.076865,0.10614491,-0.24903101,-0.34996164,0.90305626,0
-1.5500152,0.25337049,-0.084376186,-0.93447828,0.33178073,-0.12912101,0
-0.97209692,2.3930464,0.52938616,-0.93447828,0.33178073,-0.12912101,0
0.52605617,3.4346373,2.1487601,0.25442928,0.87604141,0.40965497,0
-1.4170611,-2.8142962,-2.6243582,-0.25442928,-0.87604141,-0.40965497,0
2.1800151,1.887154,2.2184973,0.93447828,-0.33178073,0.12912101,0
-1.6834991,-1.0768538,-0.6974839,-0.93447828,0.33178073,-0.12912101,0
-0.89678925,0.49009323,1.1012447,-0.24903101,-0.34996164,0.90305626,0
0.7669791,-0.54868841,-0.89748067,0.24903101,0.34996164,-0.90305626,0
1.9953563,3.1203151,2.1613867,0.25442928,0.87604141,0.40965497,0
-0.070888489,1.2451286,1.6135087,-0.24903101,-0.34996164,0.90305626,0
-0.69812727,2.589077,-0.10548341,-0.93447828,0.33178073,-0.12912101,0
-0.9163512,2.2253876,1.6588286,-0.93447828,0.33178073,-0.12912101,0
1.6308193,0.58023763,1.6127974,0.93447828,-0.33178073,0.12912101,0
1.9150889,1.5410122,0.34728229,0.93447828,-0.33178073,0.12912101,0
-2.1873,-2.2619739,-1.577824,-0.93447828,0.33178073,-0.12912101,0
1.4838421,2.3097529,0.35263348,0.24903101,0.34996164,-0.90305626,0
2.4651091,2.8249974,1.8270013,0.93447828,-0.33178073,0.12912101,0
-0.23019928,0.43499327,-1.183403,0.24903101,0.34996164,-0.90305626,0
-0.94309849,-3.6632388,-1.1462867,-0.25442928,-0.87604141,-0.40965497,0
-1.6897411,-1.0754421,-1.7191565,-0.93447828,0.33178073,-0.12912101,0
-0.48265707,-3.8177793,-1.3666477,-0.25442928,-0.87604141,-0.40965497,0
2.1226244,2.9873433,0.56394601,0.24903101,0.34996164,-0.90305626,0
2.3889289,3.1779635,1.3741541,0.25442928,0.87604141,0.40965497,0
1.2513895,2.1520903,-0.087031364,0.24903101,0.34996164,-0.90305626,0
-0.54533994,-3.3598013,-1.9155146,-0.25442928,-0.87604141,-0.40965497,0
-2.3116312,-2.7555256,-0.90088892,-0.93447828,0.33178073,-0.12912101,0
-0.8590349,2.4937754,0.98952305,-0.93447828,0.33178073,-0.12912101,0
0.13563418,4.0843291,0.95449138,0.25442928,0.87604141,0.40965497,0
1.0403354,1.9541212,2.2026811,-0.24903101,-0.34996164,0.90305626,0
-1.0401597,-0.76324415,0.71598643,-0.24903101,-0.34996164,0.90305626,0
-0.92524981,-3.0569882,-2.4190295,-0.25442928,-0.87604141,-0.40965497,0
0.21025884,-1.5334003,0.68456286,-0.24903101,-0.34996164,0.90305626,0
-0.18559718,3.7489476,1.8306023,0.25442928,0.87604141,0.40965497,0
-0.5456903,2.452949,-0.085753322,-0.93447828,0.33178073,-0.12912101,0
-0.823174,-3.6749611,-0.62143111,-0.24903101,-0.34996164,0.90305626,0
0.55946124,-1.2079463,1.0003998,-0.24903101,-0.34996164,0.90305626,0
-0.35707271,-0.67099637,-1.2748059,0.24903101,0.34996164,-0.90305626,0
0.85248351,3.0350645,2.3710465,-0.24903101,-0.34996164,0.90305626,0
-0.23411834,-1.4186722,0.47417855,-0.24903101,-0.34996164,0.90305626,0
-0.5129137,-1.1961014,0.33265495,-0.24903101,-0.34996164,0.90305626,0
1.8430847,1.3978412,1.93119,0.93447828,-0.33178073,0.12912101,0
-0.12916338,-3.6697626,-2.0921741,-0.25442928,-0.87604141,-0.40965497,0
0.39234251,3.7344489,1.9027729,0.25442928,0.87604141,0.40965497,0
-1.8365005,-0.9939208,-1.465771,-0.93447828,0.33178073,-0.12912101,0
0.84747267,-2.5364742,0.39214563,0.93447828,-0.33178073,0.12912101,0
0.65078568,-2.3656092,0.36877084,-0.24903101,-0.34996164,0.90305626,0
0.47192216,-3.143661,-2.3890452,0.24903101,0.34996164,-0.90305626,0
1.9322251,2.4791398,0.2709291,0.24903101,0.34996164,-0.90305626,0
-1.2384076,-3.3288095,-2.2403851,-0.25442928,-0.87604141,-0.40965497,0
0.093444586,-4.226635,-0.37146282,0.93447828,-0.33178073,0.12912101,0
-1.6820871,-3.2291179,-0.71991754,-0.24903101,-0.34996164,0.90305626,0
0.097669326,0.80407161,1.2807434,-0.24903101,-0.34996164,0.90305626,0
-2.4283967,-3.4758551,-1.2096369,-0.25442928,-0.87604141,-0.40965497,0
-1.0258096,1.6099733,1.4860899,-0.24903101,-0.34996164,0.90305626,0
-2.5855188,-3.1797833,-0.9317596,-0.25442928,-0.87604141,-0.40965497,0
0.046934724,1.7551023,-0.22070909,0.24903101,0.34996164,-0.90305626,0
0.8188386,-1.1290638,0.8569507,-0.24903101,-0.34996164,0.90305626,0
1.2624569,-0.57912207,0.5511747,0.93447828,-0.33178073,0.12912101,0
1.5022073,3.2945831,0.79622912,0.24903101,0.34996164,-0.90305626,0
1.2832872,-0.88868701,0.49049801,0.93447828,-0.33178073,0.12912101,0
0.60945588,1.2465317,1.620919,-0.24903101,-0.34996164,0.90305626,0
0.57609451,3.2512078,2.1812983,0.25442928,0.87604141,0.40965497,0
-0.60853928,-3.2571607,-2.7141089,0.24903101,0.34996164,-0.90305626,0
-1.7114085,-0.42572212,0.039623976,-0.93447828,0.33178073,-0.12912101,0
0.71811807,4.0737667,0.70721936,0.25442928,0.87604141,0.40965497,0
-0.75168991,-4.0856514,-0.94118786,-0.25442928,-0.87604141,-0.40965497,0
1.7216617,3.0243235,2.1323991,0.25442928,0.87604141,0.40965497,0
0.72602272,2.2280698,2.2906625,-0.24903101,-0.34996164,0.90305626,0
-0.34654772,-4.1841125,-0.99227262,-0.25442928,-0.87604141,-0.40965497,0
0.71943325,3.4128156,2.3850148,0.25442928,0.87604141,0.40965497,0
0.017850101,-1.6279289,-1.6769155,0.24903101,0.34996164,-0.90305626,0
0.26193827,1.1738635,1.5113268,-0.24903101,-0.34996164,0.90305626,0
1.4419489,0.55923665,-0.68140936,0.24903101,0.34996164,-0.90305626,0
1.8042271,0.059396505,-0.53146756,0.93447828,-0.33178073,0.12912101,0
-0.0051033497,-3.8898036,-1.3940787,-0.25442928,-0.87604141,-0.40965497,0
-1.2114179,-3.8701968,-0.65865541,-0.25442928,-0.87604141,-0.40965497,0
1.4665749,3.60709,0.96519756,0.25442928,0.87604141,0.40965497,0
-1.3006258,0.40311694,-0.68988925,-0.93447828,0.33178073,-0.12912101,0
1.5052707,0.74330318,-0.43903565,0.24903101,0.34996164,-0.90305626,0
-1.0904917,-1.8843784,-1.9428715,0.24903101,0.34996164,-0.90305626,0
-1.1202347,1.7664233,1.3736879,-0.24903101,-0.34996164,0.90305626,0
0.72679472,-3.6320617,-2.0922246,0.93447828,-0.33178073,0.12912101,0
-0.72270429,-3.9361234,-0.81884098,-0.25442928,-0.87604141,-0.40965497,0
1.0291672,1.8201658,-0.037314177,0.24903101,0.34996164,-0.90305626,0
2.1447494,2.9316738,2.5400059,0.25442928,0.87604141,0.40965497,0
-1.657896,-3.6980963,-1.1975849,-0.25442928,-0.87604141,-0.40965497,0
-0.051759183,-1.7883656,-1.7872584,0.24903101,0.34996164,-0.90305626,0
0.39495003,-3.5094512,-2.0660601,-0.25442928,-0.87604141,-0.40965497,0
0.95407605,-1.5913618,0.075948894,0.93447828,-0.33178073,0.12912101,0
-2.4317169,-2.3110077,-0.85360765,-0.93447828,0.33178073,-0.12912101,0
0.52765179,3.4745138,0.57114863,0.24903101,0.34996164,-0.90305626,0
1.1214495,-0.65426707,0.71359956,0.93447828,-0.33178073,0.12912101,0
0.50275373,-2.2836626,-1.8678887,0.24903101,0.34996164,-0.90305626,0
-0.32668567,3.6126797,0.89520335,-0.93447828,0.33178073,-0.12912101,0
-2.1951752,-3.0882103,-1.5503614,-0.25442928,-0.87604141,-0.40965497,0
1.2421188,-0.91525865,-0.07849741,0.93447828,-0.33178073,0.12912101,0
-0.98153341,-3.083693,-2.3005846,-0.25442928,-0.87604141,-0.40965497,0
2.3788238,2.4919195,0.57291579,0.93447828,-0.33178073,0.12912101,0
-0.25630903,2.6706307,-0.33207679,0.24903101,0.34996164,-0.90305626,0
1.4337541,3.0745258,2.253556,0.25442928,0.87604141,0.40965497,0
-0.51933527,3.017272,0.73169875,-0.93447828,0.33178073,-0.12912101,0
0.069855928,4.1431031,1.1540923,0.25442928,0.87604141,0.40965497,0
0.76499701,3.4553795,2.3270788,0.25442928,0.87604141,0.40965497,0
-1.0382749,2.275018,1.7984172,-0.93447828,0.33178073,-0.12912101,0
-1.6934856,-1.4641204,-1.7358179,-0.93447828,0.33178073,-0.12912101,0
1.4974029,-0.37630987,-0.93643975,0.24903101,0.34996164,-0.90305626,0
0.031754971,3.9586926,1.3260632,0.25442928,0.87604141,0.40965497,0
-1.9041708,-2.0928574,-2.2445388,-0.93447828,0.33178073,-0.12912101,0
0.88207543,-1.9606174,-1.0891527,0.93447828,-0.33178073,0.12912101,0
-2.4096966,-2.6952524,-2.5086918,-0.25442928,-0.87604141,-0.40965497,0
-1.3203551,0.85476959,0.25699151,-0.93447828,0.33178073,-0.12912101,0
2.1030018,1.21893,-0.059749007,0.93447828,-0.33178073,0.12912101,0
0.59375054,3.8111157,1.6143129,0.25442928,0.87604141,0.40965497,0
0.76074362,-3.0777545,-1.7941864,0.93447828,-0.33178073,0.12912101,0
-1.8842171,-3.3483093,-1.1328769,-0.25442928,-0.87604141,-0.40965497,0
-0.80004853,-0.402385,-1.6173511,0.24903101,0.34996164,-0.90305626,0
-1.6441963,-0.91744441,-1.4848752,-0.93447828,0.33178073,-0.12912101,0
1.4984499,-0.87625074,-0.0028100945,0.93447828,-0.33178073,0.12912101,0
-1.8675649,-3.1360781,-2.0202568,-0.25442928,-0.87604141,-0.40965497,0
0.51195145,-3.2869773,-0.57502055,0.93447828,-0.33178073,0.12912101,0
-1.3738431,1.0564477,0.47890404,-0.93447828,0.33178073,-0.12912101,0
0.050942183,-4.2659302,-0.65632796,-0.25442928,-0.87604141,-0.40965497,0
2.2399325,2.7177866,2.5374341,0.25442928,0.87604141,0.40965497,0
-1.9298649,-1.89346,0.026080132,-0.24903101,-0.34996164,0.90305626,0
0.66893655,3.995841,1.0265548,0.25442928,0.87604141,0.40965497,0
-0.76454651,-3.3217978,-1.7823083,-0.25442928,-0.87604141,-0.40965497,0
2.2008548,3.4663014,0.76187682,0.24903101,0.34996164,-0.90305626,0
1.8387218,3.2556961,1.5889685,0.25442928,0.87604141,0.40965497,0
0.44680968,-0.8888821,-1.3045516,0.24903101,0.34996164,-0.90305626,0
-0.46416879,3.7720947,0.57297111,-0.93447828,0.33178073,-0.12912101,0
1.488729,3.3699973,1.9398203,0.25442928,0.87604141,0.40965497,0
1.8082479,3.1407602,0.41035509,0.24903101,0.34996164,-0.90305626,0
-0.10244101,-0.64700747,0.93381011,-0.24903101,-0.34996164,0.90305626,0
-1.1755728,-3.6341226,-1.7028344,-0.25442928,-0.87604141,-0.40965497,0
0.042948604,-3.0458326,0.11784458,-0.24903101,-0.34996164,0.90305626,0
0.85687459,-2.6384015,-1.0501734,0.93447828,-0.33178073,0.12912101,0
2.2751877,1.621309,0.40796709,0.93447828,-0.33178073,0.12912101,0
-0.3873359,-2.4325075,0.24253988,-0.24903101,-0.34996164,0.90305626,0
-1.6726865,0.025762558,0.54523075,-0.93447828,0.33178073,-0.12912101,0
0.89436162,-2.3305101,-1.4801813,0.93447828,-0.33178073,0.12912101,0
-1.1260924,-3.4135547,-1.3914158,-0.25442928,-0.87604141,-0.40965497,0
0.16332197,-3.7688541,-0.41795516,-0.24903101,-0.34996164,0.90305626,0
1.313514,-1.1852815,0.2592141,0.93447828,-0.33178073,0.12912101,0
-1.0348139,-3.1826954,-2.1098347,-0.25442928,-0.87604141,-0.40965497,0
0.42609346,2.5985208,-0.065386295,0.24903101,0.34996164,-0.90305626,0
-2.6052666,-3.127182,-0.86056185,-0.93447828,0.33178073,-0.12912101,0
-0.063575745,-4.2701364,-0.70926094,-0.24903101,-0.34996164,0.90305626,0
-0.16907334,3.6382089,0.29141068,-0.93447828,0.33178073,-0.12912101,0
-0.23467755,-3.5076323,-2.3905516,0.24903101,0.34996164,-0.90305626,0
1.1760362,3.5130284,1.9956565,0.25442928,0.87604141,0.40965497,0
2.2233012,2.6158195,1.4015653,0.93447828,-0.33178073,0.12912101,0
-0.8406167,2.4845855,0.28960443,-0.93447828,0.33178073,-0.12912101,0
-0.49946022,3.9681318,1.1107423,-0.93447828,0.33178073,-0.12912101,0
0.054662466,3.7866068,1.3959517,0.25442928,0.87604141,0.40965497,0
2.2301183,1.2244505,0.022552609,0.93447828,-0.33178073,0.12912101,0
0.023729563,-3.9404352,-1.6020963,-0.25442928,-0.87604141,-0.40965497,0
0.26221901,0.26960754,-1.065846,0.24903101,0.34996164,-0.90305626,0
-0.97795129,1.3426844,-0.34562516,-0.93447828,0.33178073,-0.12912101,0
-0.78966385,-3.9678979,-0.74779558,-0.25442928,-0.87604141,-0.40965497,0
-0.41831803,4.165391,1.508985,0.25442928,0.87604141,0.40965497,0
2.7145774,3.2366302,0.8119638,0.93447828,-0.33178073,0.12912101,0
-0.86845136,-1.6111375,0.45814621,-0.24903101,-0.34996164,0.90305626,0
0.59359074,0.5383538,1.4854901,-0.24903101,-0.34996164,0.90305626,0
-0.86970723,3.0602479,2.2038631,-0.24903101,-0.34996164,0.90305626,0
-1.5209057,0.042704225,0.81453753,-0.93447828,0.33178073,-0.12912101,0
-1.9712896,-3.1323833,-1.7477102,-0.25442928,-0.87604141,-0.40965497,0
0.8548739,-2.7475786,-0.29402912,0.93447828,-0.33178073,0.12912101,0
0.39857388,-3.7037396,-1.626031,-0.25442928,-0.87604141,-0.40965497,0
1.9054339,2.2633553,2.7036829,-0.24903101,-0.34996164,0.90305626,0
-1.0008066,-3.6908574,-1.1511111,-0.25442928,-0.87604141,-0.40965497,0
-1.7607596,-0.2218172,-0.68440628,-0.93447828,0.33178073,-0.12912101,0
2.1116149,3.6099157,1.1717017,0.25442928,0.87604141,0.40965497,0
-1.618741,-2.9744627,-2.8617744,-0.25442928,-0.87604141,-0.40965497,0
0.34295845,-3.973475,-0.47383165,0.93447828,-0.33178073,0.12912101,0
-2.0016825,-0.55177832,0.42453039,-0.93447828,0.33178073,-0.12912101,0
1.1235658,-1.312324,-0.87006515,0.93447828,-0.33178073,0.12912101,0
-0.57878017,3.2746089,0.97074819,-0.93447828,0.33178073,-0.12912101,0
2.2054369,3.3205709,0.80747628,0.24903101,0.34996164,-0.90305626,0
-0.59185851,2.8995061,1.9452503,-0.24903101,-0.34996164,0.90305626,0
0.80247456,0.60506964,-0.81381071,0.24903101,0.34996164,-0.90305626,0
-1.4065049,-0.074735165,-0.32095164,-0.93447828,0.33178073,-0.12912101,0
0.46021283,3.4812856,0.23816442,0.24903101,0.34996164,-0.90305626,0
-1.4101433,-2.9878144,-2.1712909,-0.25442928,-0.87604141,-0.40965497,0
0.38762528,2.5008652,-0.17971373,0.24903101,0.34996164,-0.90305626,0
0.73148882,-2.1507463,-0.26335502,0.93447828,-0.33178073,0.12912101,0
1.3123181,2.770488,2.4779501,-0.24903101,-0.34996164,0.90305626,0
0.024235129,-3.1074762,-2.1235547,0.24903101,0.34996164,-0.90305626,0
0.31817961,3.4494736,0.36160469,0.24903101,0.34996164,-0.90305626,0
-1.0622671,2.2010262,0.19992781,-0.93447828,0.33178073,-0.12912101,0
0.63942575,0.26888859,-0.93898988,0.24903101,0.34996164,-0.90305626,0
1.3220804,3.6953244,1.2230906,0.25442928,0.87604141,0.40965497,0
2.5850816,2.4463546,0.54075336,0.93447828,-0.33178073,0.12912101,0
1.971247,2.9726233,1.8447659,0.25442928,0.87604141,0.40965497,0
-1.7550522,-3.2816455,-1.4734952,-0.25442928,-0.87604141,-0.40965497,0
0.52063537,4.0600967,0.60109162,0.25442928,0.87604141,0.40965497,0
0.21566987,2.5550373,-0.13745165,0.24903101,0.34996164,-0.90305626,0
-0.60073614,-3.8009982,-0.83262444,-0.25442928,-0.87604141,-0.40965497,0
-2.4083271,-2.3883071,-0.88525963,-0.93447828,0.33178073,-0.12912101,0
0.79412258,0.020759344,-0.95385456,0.24903101,0.34996164,-0.90305626,0
0.71775556,-3.5593104,-1.7346802,0.93447828,-0.33178073,0.12912101,0
2.137754,1.4135187,0.44646251,0.93447828,-0.33178073,0.12912101,0
-0.86388665,-3.4087203,-1.6495695,-0.25442928,-0.87604141,-0.40965497,0
0.11009347,3.8006096,1.568959,0.25442928,0.87604141,0.40965497,0
-0.83590418,-4.0304847,-0.97392249,-0.25442928,-0.87604141,-0.40965497,0
-0.029249191,3.8760459,1.0079091,0.25442928,0.87604141,0.40965497,0
0.51283431,-3.5364716,-0.86754227,0.93447828,-0.33178073,0.12912101,0
-1.4302554,0.11236921,-1.2661235,0.24903101,0.34996164,-0.90305626,0
0.34903181,4.1126671,0.86814356,0.25442928,0.87604141,0.40965497,0
-0.9324767,-2.8941722,-2.3710198,0.24903101,0.34996164,-0.90305626,0
1.0659287,0.81286222,1.8440614,-0.24903101,-0.34996164,0.90305626,0
-0.65002108,-3.6719465,-1.7677279,-0.25442928,-0.87604141,-0.40965497,0
-0.35252321,-3.5630441,-2.2892001,-0.25442928,-0.87604141,-0.40965497,0
-2.3756824,-3.2341504,-1.0351148,-0.25442928,-0.87604141,-0.40965497,0
-1.8053888,-3.243794,-2.0228887,-0.25442928,-0.87604141,-0.40965497,0
-1.9008945,-0.42936242,0.19620264,-0.24903101,-0.34996164,0.90305626,0
2.0731521,0.68953919,-0.34556425,0.93447828,-0.33178073,0.12912101,0
-0.65475607,-3.7494717,-0.90225148,-0.25442928,-0.87604141,-0.40965497,0
0.43974179,3.5900114,2.2308424,0.25442928,0.87604141,0.40965497,0
1.5061508,0.74404919,1.4392296,0.93447828,-0.33178073,0.12912101,0
0.34645844,-4.1000047,-1.3538389,0.93447828,-0.33178073,0.12912101,0
2.0168209,3.4643459,0.82929516,0.25442928,0.87604141,0.40965497,0
0.57339633,3.6577885,1.5327642,0.25442928,0.87604141,0.40965497,0
-2.3021038,-2.586339,-0.94240212,-0.93447828,0.33178073,-0.12912101,0
-1.9553355,-0.3023473,0.39414656,-0.93447828,0.33178073,-0.12912101,0
-1.838178,-1.3345085,0.01019752,-0.24903101,-0.34996164,0.90305626,0
0.72946978,-3.739953,-2.3401146,-0.25442928,-0.87604141,-0.40965497,0
-2.2998934,-2.5311582,-2.5036535,-0.93447828,0.33178073,-0.12912101,0
2.6035366,3.3706846,0.92418909,0.25442928,0.87604141,0.40965497,0
1.2123796,-1.3576701,-0.11082411,0.93447828,-0.33178073,0.12912101,0
-0.49146309,-2.8549933,-2.3669286,0.24903101,0.34996164,-0.90305626,0
-1.4329493,-0.095012277,-0.46281511,-0.93447828,0.33178073,-0.12912101,0
-0.9781518,2.4394696,1.4808784,-0.93447828,0.33178073,-0.12912101,0
0.98775089,-1.0433965,0.75816363,0.93447828,-0.33178073,0.12912101,0
0.57953078,-1.1374533,-1.3657733,0.24903101,0.34996164,-0.90305626,0
0.66547662,3.8534799,1.3174021,0.25442928,0.87604141,0.40965497,0
0.81235576,-2.1140804,-1.8248597,0.24903101,0.34996164,-0.90305626,0
-0.31877315,0.97243398,-0.88516915,0.24903101,0.34996164,-0.90305626,0
0.22212386,-3.7447934,-1.9161011,-0.25442928,-0.87604141,-0.40965497,0
-0.77039444,2.0001957,-0.11405456,-0.93447828,0.33178073,-0.12912101,0
-0.65050185,2.5497766,2.0901859,-0.24903101,-0.34996164,0.90305626,0
1.244084,1.6343267,1.8728223,-0.24903101,-0.34996164,0.90305626,0
1.9947076,1.6256232,1.3983486,0.93447828,-0.33178073,0.12912101,0
0.7093693,3.6491165,1.3225689,0.25442928,0.87604141,0.40965497,0
-1.4302541,-3.4728675,-1.3524785,-0.25442928,-0.87604141,-0.40965497,0
-1.4432061,0.29253566,0.62116277,-0.93447828,0.33178073,-0.12912101,0
1.2254471,1.3986961,-0.25606132,0.24903101,0.34996164,-0.90305626,0
-0.62133694,-3.6268265,-2.0406694,-0.25442928,-0.87604141,-0.40965497,0
-1.1380851,-3.6225402,-1.4195101,-0.25442928,-0.87604141,-0.40965497,0
-1.2935047,-2.3242488,-2.2053852,0.24903101,0.34996164,-0.90305626,0
1.6923069,2.3547454,2.4138305,-0.24903101,-0.34996164,0.90305626,0
0.92155802,-0.09808898,-1.0856682,0.24903101,0.34996164,-0.90305626,0
-1.3443741,-1.2935932,-1.9472229,0.24903101,0.34996164,-0.90305626,0
0.96775407,3.2207654,1.8663187,0.25442928,0.87604141,0.40965497,0
0.1424222,-4.0899143,-0.87199759,-0.25442928,-0.87604141,-0.40965497,0
-0.18046951,2.6353831,2.2812595,-0.24903101,-0.34996164,0.90305626,0
1.2478662,-0.29135257,0.48707739,0.93447828,-0.33178073,0.12912101,0
-0.45992959,0.28821218,-0.92141879,0.24903101,0.34996164,-0.90305626,0
-0.28940451,-3.8436897,-1.7772911,-0.25442928,-0.87604141,-0.40965497,0
0.58381474,-3.0443108,-1.1572863,0.93447828,-0.33178073,0.12912101,0
-2.03988,-2.3043582,-2.4251046,-0.93447828,0.33178073,-0.12912101,0
1.3849696,-0.59283173,1.1132741,0.93447828,-0.33178073,0.12912101,0
-0.8042717,-2.2917066,-2.1396453,0.24903101,0.34996164,-0.90305626,0
0.1273073,3.9468806,1.1436386,0.25442928,0.87604141,0.40965497,0
2.2332163,1.5373569,0.92412901,0.93447828,-0.33178073,0.12912101,0
1.7318051,0.40877011,0.75089252,0.93447828,-0.33178073,0.12912101,0
0.38478673,3.1438503,0.36365151,0.24903101,0.34996164,-0.90305626,0
0.96358371,3.8260183,1.445857,0.25442928,0.87604141,0.40965497,0
1.7621914,2.8648529,2.4099822,0.25442928,0.87604141,0.40965497,0
1.731009,1.5631292,1.8885429,0.93447828,-0.33178073,0.12912101,0
2.3449798,3.0101416,2.0151458,0.25442928,0.87604141,0.40965497,0
0.75708723,-1.983045,-0.17972434,0.93447828,-0.33178073,0.12912101,0
