-0.60122323,0.95646453,2.3274524,0.691185,-0.19744688,0.69518185,0
2.8096237,0.80207694,-2.7433755,0.72265089,0.18055785,-0.66721392,0
3.2693217,2.1721225,-1.3505635,0.691185,-0.19744688,0.69518185,0
-3.5171113,0.3393476,2.0815797,-0.72265089,-0.18055785,0.66721392,0
0.42122811,-0.36163312,1.0759339,0.691185,-0.19744688,0.69518185,0
2.4020133,-1.5189353,-1.7679799,-0.006218791,-0.9635421,-0.26748398,0
1.30331,0.18532324,-2.8173797,-0.691185,0.19744688,-0.69518185,0
1.0920568,0.63118362,-2.3783827,-0.691185,0.19744688,-0.69518185,0
-0.45509538,-0.55195582,1.7416821,0.691185,-0.19744688,0.69518185,0
2.3827519,-1.1073964,-3.94877,0.72265089,0.18055785,-0.66721392,0
0.59904784,1.5658174,-1.5652528,-0.691185,0.19744688,-0.69518185,0
3.564671,2.3660355,-1.2736032,0.006218791,0.9635421,0.26748398,0
1.008894,2.5815015,-1.4605286,0.006218791,0.9635421,0.26748398,0
1.8589282,-1.7966056,-1.2024875,-0.006218791,-0.9635421,-0.26748398,0
-0.96370506,1.5107732,2.3688006,0.006218791,0.9635421,0.26748398,0
0.72043896,2.1903732,-1.0418003,0.006218791,0.9635421,0.26748398,0
-2.1394928,0.62179625,1.0947179,-0.691185,0.19744688,-0.69518185,0
-2.6511104,0.50509787,1.3699768,-0.691185,0.19744688,-0.69518185,0
0.54503524,-1.5189695,0.44159847,0.691185,-0.19744688,0.69518185,0
2.0761943,-0.55079842,-0.53640485,0.691185,-0.19744688,0.69518185,0
-3.1424172,0.59568691,3.0234489,-0.72265089,-0.18055785,0.66721392,0
-1.1853902,-2.0921602,0.094648495,-0.006218791,-0.9635421,-0.26748398,0
-0.28104186,2.0507674,-0.19920033,0.006218791,0.9635421,0.26748398,0
1.9311107,-1.1359979,-3.7309887,-0.006218791,-0.9635421,-0.26748398,0
-3.0682013,-1.748903,1.2071587,-0.691185,0.19744688,-0.69518185,0
-3.4537282,-2.1703613,1.8974005,-0.72265089,-0.18055785,0.66721392,0
2.7026267,1.971619,-2.24774,0.72265089,0.18055785,-0.66721392,0
-3.2066159,0.58888972,2.6061354,-0.72265089,-0.18055785,0.66721392,0
-2.452987,0.6243403,3.2317476,-0.72265089,-0.18055785,0.66721392,0
2.6221678,0.25163376,-0.9291712,0.691185,-0.19744688,0.69518185,0
-1.1939485,0.34431887,-0.065758705,-0.691185,0.19744688,-0.69518185,0
-0.82675719,-1.3275261,-1.0148619,-0.691185,0.19744688,-0.69518185,0
-1.5443101,0.66292775,0.38806474,-0.691185,0.19744688,-0.69518185,0
2.7147658,2.1817138,-2.3070443,0.72265089,0.18055785,-0.66721392,0
3.1353798,0.48941326,-2.4565926,0.72265089,0.18055785,-0.66721392,0
2.4445708,-1.2797551,-3.2094808,-0.006218791,-0.9635421,-0.26748398,0
2.8946903,0.65084314,-2.9549773,0.72265089,0.18055785,-0.66721392,0
-1.1075891,1.7023752,2.0689044,0.006218791,0.9635421,0.26748398,0
-3.303894,-1.7924316,1.7954299,-0.72265089,-0.18055785,0.66721392,0
-1.040755,-2.4542737,1.2240624,-0.006218791,-0.9635421,-0.26748398,0
2.2879422,-0.34407926,-3.5882847,0.72265089,0.18055785,-0.66721392,0
1.9577072,0.74522346,-3.401772,-0.691185,0.19744688,-0.69518185,0
2.0077596,2.233062,-0.37507474,0.006218791,0.9635421,0.26748398,0
2.3857608,2.5164175,-2.9215975,0.72265089,0.18055785,-0.66721392,0
-0.20002115,-0.34989935,-1.4491613,-0.691185,0.19744688,-0.69518185,0
2.3081679,1.4494078,-3.1733286,0.72265089,0.18055785,-0.66721392,0
-1.1725247,0.88900548,2.7102895,0.691185,-0.19744688,0.69518185,0
2.4802787,1.5455897,-3.1270385,0.72265089,0.18055785,-0.66721392,0
3.4853358,-1.4030442,-2.6937137,-0.006218791,-0.9635421,-0.26748398,0
0.68300891,0.35100132,0.98515409,0.691185,-0.19744688,0.69518185,0
-1.3678449,1.4317226,2.6272345,0.006218791,0.9635421,0.26748398,0
-2.3125553,-0.14731765,3.1635013,-0.72265089,-0.18055785,0.66721392,0
-3.1563869,-0.91073823,2.6286674,-0.72265089,-0.18055785,0.66721392,0
1.7424277,0.55388272,-3.1786585,-0.691185,0.19744688,-0.69518185,0
3.10852,-0.034079909,-2.5565615,0.72265089,0.18055785,-0.66721392,0
-3.3932815,-2.370235,1.4274311,-0.72265089,-0.18055785,0.66721392,0
-1.7883377,-2.3241374,0.21968985,-0.006218791,-0.9635421,-0.26748398,0
1.782445,2.2769878,-0.43489575,0.006218791,0.9635421,0.26748398,0
-3.2960207,-1.2826616,2.0770788,-0.72265089,-0.18055785,0.66721392,0
2.6564562,1.8369455,-2.8466187,0.72265089,0.18055785,-0.66721392,0
1.8231708,-1.4729037,-2.3507805,-0.006218791,-0.9635421,-0.26748398,0
-0.20162582,0.57322955,1.6309879,0.691185,-0.19744688,0.69518185,0
-0.74218547,1.4107007,-0.33466679,-0.691185,0.19744688,-0.69518185,0
0.69326776,-1.1901796,0.66823268,0.691185,-0.19744688,0.69518185,0
2.0773101,-1.3115813,-2.6169844,-0.006218791,-0.9635421,-0.26748398,0
-1.3562598,1.17782,3.1997721,0.691185,-0.19744688,0.69518185,0
2.8406622,2.0803375,-2.3915682,0.72265089,0.18055785,-0.66721392,0
1.8234826,1.9445887,0.046491951,0.006218791,0.9635421,0.26748398,0
3.0783648,2.1860337,-0.83542728,0.691185,-0.19744688,0.69518185,0
-3.1611528,1.3364615,2.7483702,-0.72265089,-0.18055785,0.66721392,0
2.2732644,-1.4510599,-2.1478384,-0.006218791,-0.9635421,-0.26748398,0
0.1099689,-1.5496539,-1.9620167,-0.691185,0.19744688,-0.69518185,0
-0.78137672,-0.94963282,-0.88603055,-0.691185,0.19744688,-0.69518185,0
-1.1564922,1.0156963,2.6549251,0.691185,-0.19744688,0.69518185,0
-3.6312299,-1.1780812,1.6352599,-0.691185,0.19744688,-0.69518185,0
2.3999214,1.1546866,-3.2427974,0.72265089,0.18055785,-0.66721392,0
-2.7114542,0.067738533,3.2104778,-0.72265089,-0.18055785,0.66721392,0
-2.8721199,-0.83402753,1.3631059,-0.691185,0.19744688,-0.69518185,0
1.2575133,2.5125375,-1.6320927,0.006218791,0.9635421,0.26748398,0
0.58075738,2.101212,-0.17065682,0.006218791,0.9635421,0.26748398,0
-1.5037094,-2.730701,1.6911768,-0.006218791,-0.9635421,-0.26748398,0
-2.0005574,1.7064009,1.4243456,0.006218791,0.9635421,0.26748398,0
-1.800384,-2.7448952,1.9379647,-0.006218791,-0.9635421,-0.26748398,0
-2.6537054,1.3833951,2.8420777,0.006218791,0.9635421,0.26748398,0
1.8182467,2.2604606,-1.1725487,0.006218791,0.9635421,0.26748398,0
-0.56187606,-2.1433594,1.595876,0.691185,-0.19744688,0.69518185,0
-1.6446354,-2.4845247,0.95863843,-0.006218791,-0.9635421,-0.26748398,0
-1.3284895,-1.1422894,-0.35327667,-0.691185,0.19744688,-0.69518185,0
1.1323695,1.94874,-2.0197225,-0.691185,0.19744688,-0.69518185,0
-2.2153211,1.1856167,3.0990741,0.006218791,0.9635421,0.26748398,0
3.6579363,2.264811,-1.5960205,0.72265089,0.18055785,-0.66721392,0
-3.1183815,-0.31429553,2.5592988,-0.72265089,-0.18055785,0.66721392,0
-1.7933108,-0.45151204,0.49478406,-0.691185,0.19744688,-0.69518185,0
-2.524843,1.3120986,2.4149485,0.006218791,0.9635421,0.26748398,0
2.5429924,0.96125889,-3.1477752,0.72265089,0.18055785,-0.66721392,0
1.5982565,-1.3089321,-2.8184438,-0.006218791,-0.9635421,-0.26748398,0
-3.5594902,-2.5551538,1.5166758,-0.006218791,-0.9635421,-0.26748398,0
3.4041169,-0.46089482,-2.6313343,0.72265089,0.18055785,-0.66721392,0
-2.485003,1.5776317,1.9520328,0.006218791,0.9635421,0.26748398,0
-1.4898372,-2.1199956,0.51127493,-0.006218791,-0.9635421,-0.26748398,0
-0.65580684,-0.23650295,-1.082514,-0.691185,0.19744688,-0.69518185,0
-2.1889434,1.4927936,2.1083817,0.006218791,0.9635421,0.26748398,0
3.197844,1.5836135,-2.343339,0.72265089,0.18055785,-0.66721392,0
-2.7370093,1.5696528,1.7236187,0.006218791,0.9635421,0.26748398,0
-2.5630181,-0.70016474,2.932229,-0.72265089,-0.18055785,0.66721392,0
-0.73283613,-1.8241274,1.7769188,0.691185,-0.19744688,0.69518185,0
1.3300422,-1.5885841,-2.3510284,-0.006218791,-0.9635421,-0.26748398,0
-2.0672486,1.4788063,2.5157285,0.006218791,0.9635421,0.26748398,0
1.8862052,-1.5071369,-1.8657602,-0.006218791,-0.9635421,-0.26748398,0
1.8277683,-0.62971866,-0.60239017,0.691185,-0.19744688,0.69518185,0
-3.1964483,-0.3406322,2.152102,-0.72265089,-0.18055785,0.66721392,0
-0.69841492,-1.7031965,1.7641701,0.691185,-0.19744688,0.69518185,0
3.1222644,1.2475954,-2.4472363,0.72265089,0.18055785,-0.66721392,0
2.85151,-0.74619567,-3.2757199,0.72265089,0.18055785,-0.66721392,0
3.1239269,-0.32323265,-2.9518054,0.72265089,0.18055785,-0.66721392,0
-0.074917316,-2.1909032,0.47298124,-0.006218791,-0.9635421,-0.26748398,0
-0.50278425,0.074155167,1.9875906,0.691185,-0.19744688,0.69518185,0
-1.2865437,-0.40597028,-0.081507921,-0.691185,0.19744688,-0.69518185,0
-2.3494492,-2.2249517,3.0553122,-0.72265089,-0.18055785,0.66721392,0
1.6939651,-0.038138211,-3.1652055,-0.691185,0.19744688,-0.69518185,0
-0.17281646,-0.034298182,-1.5005115,-0.691185,0.19744688,-0.69518185,0
1.0505633,0.30314547,-2.5550773,-0.691185,0.19744688,-0.69518185,0
2.1885989,-0.48530442,-3.9580946,0.72265089,0.18055785,-0.66721392,0
0.52934635,2.3395777,-0.74333018,0.006218791,0.9635421,0.26748398,0
-2.1575029,-2.6284747,2.9689412,0.691185,-0.19744688,0.69518185,0
-3.5252929,-0.46153498,2.2292185,-0.72265089,-0.18055785,0.66721392,0
1.0339556,2.6444314,-1.5596999,0.006218791,0.9635421,0.26748398,0
-2.5687323,-2.7892919,2.7496483,-0.72265089,-0.18055785,0.66721392,0
-1.5872828,-2.2544751,1.3720431,-0.006218791,-0.9635421,-0.26748398,0
2.2102592,-0.050252676,-1.0598595,0.691185,-0.19744688,0.69518185,0
3.3985713,1.4295208,-1.9209535,0.72265089,0.18055785,-0.66721392,0
0.71908259,-1.8344661,-1.4129725,-0.006218791,-0.9635421,-0.26748398,0
-2.7398403,0.59345317,3.4868207,-0.72265089,-0.18055785,0.66721392,0
0.64708519,2.3647356,-1.6754987,-0.691185,0.19744688,-0.69518185,0
-2.9608157,-0.29211283,2.7578759,-0.72265089,-0.18055785,0.66721392,0
0.2737872,0.13452104,-1.7173008,-0.691185,0.19744688,-0.69518185,0
-2.5727043,-0.16531491,0.99679399,-0.691185,0.19744688,-0.69518185,0
1.7420398,-1.3264078,-2.7149153,-0.006218791,-0.9635421,-0.26748398,0
-0.72492802,-0.2889266,-0.7688725,-0.691185,0.19744688,-0.69518185,0
-2.1741307,-0.10078812,3.5203767,-0.72265089,-0.18055785,0.66721392,0
-0.99419671,-2.1066775,2.0366051,0.691185,-0.19744688,0.69518185,0
-2.409333,-2.384922,1.2426478,-0.006218791,-0.9635421,-0.26748398,0
0.93485117,2.4699724,-0.77452034,0.006218791,0.9635421,0.26748398,0
2.6599064,2.0606079,-2.7503781,0.72265089,0.18055785,-0.66721392,0
-1.9659965,-2.4704196,1.4966254,-0.006218791,-0.9635421,-0.26748398,0
3.3309774,-0.59109068,-2.6523046,0.72265089,0.18055785,-0.66721392,0
-2.2117925,-1.2813275,3.0458384,0.691185,-0.19744688,0.69518185,0
2.0196595,1.0087684,-0.36538827,0.691185,-0.19744688,0.69518185,0
1.8101869,2.1547954,0.21302269,0.006218791,0.9635421,0.26748398,0
1.0760967,2.2849813,-0.15353495,0.006218791,0.9635421,0.26748398,0
0.43769383,1.106384,1.280527,0.691185,-0.19744688,0.69518185,0
2.8436887,1.2444327,-2.619462,0.72265089,0.18055785,-0.66721392,0
2.6744347,-1.5857301,-1.8291038,0.691185,-0.19744688,0.69518185,0
-1.6450989,0.65057516,3.1053591,0.691185,-0.19744688,0.69518185,0
-0.136621,-1.7982777,-1.3797424,-0.006218791,-0.9635421,-0.26748398,0
-0.029749498,1.0533171,-1.3149121,-0.691185,0.19744688,-0.69518185,0
-0.0046477318,2.0108144,0.85480636,0.006218791,0.9635421,0.26748398,0
1.3708513,1.7858714,-2.0369253,-0.691185,0.19744688,-0.69518185,0
-3.4671798,0.53836799,2.4408426,-0.72265089,-0.18055785,0.66721392,0
1.5335776,1.045668,0.48086652,0.691185,-0.19744688,0.69518185,0
-2.665776,0.31289506,1.0962321,-0.691185,0.19744688,-0.69518185,0
3.4951363,-0.46584702,-1.9678844,0.691185,-0.19744688,0.69518185,0
-0.89022434,-2.2599926,-0.021071792,-0.006218791,-0.9635421,-0.26748398,0
2.9629512,-0.2633158,-2.9248674,0.72265089,0.18055785,-0.66721392,0
3.3183081,0.32046676,-2.4914136,0.72265089,0.18055785,-0.66721392,0
-3.3576751,0.76286221,2.6993608,-0.72265089,-0.18055785,0.66721392,0
-1.7534792,-1.4436333,2.9886293,0.691185,-0.19744688,0.69518185,0
0.16205812,-2.1712198,0.92857361,0.691185,-0.19744688,0.69518185,0
-2.3448582,1.5419289,1.2346957,0.006218791,0.9635421,0.26748398,0
0.29848123,-2.0479739,-0.0098583102,-0.006218791,-0.9635421,-0.26748398,0
2.2099836,1.255491,-0.3823899,0.691185,-0.19744688,0.69518185,0
-1.955837,-2.2718687,0.48632339,-0.006218791,-0.9635421,-0.26748398,0
-2.1694233,-2.7271109,1.7097692,-0.006218791,-0.9635421,-0.26748398,0
-3.5504909,0.44391394,2.3606992,-0.72265089,-0.18055785,0.66721392,0
2.3957071,-0.63167584,-3.4771347,0.72265089,0.18055785,-0.66721392,0
0.42525125,-1.7875204,-0.70735931,-0.006218791,-0.9635421,-0.26748398,0
-1.5356551,-2.1221409,0.75148392,-0.006218791,-0.9635421,-0.26748398,0
-0.015459418,-0.57652569,-1.4668676,-0.691185,0.19744688,-0.69518185,0
1.326629,1.4940927,0.64124441,0.691185,-0.19744688,0.69518185,0
3.1074557,2.3420267,-2.2508898,0.72265089,0.18055785,-0.66721392,0
-0.3006413,-1.9249879,0.11393118,-0.006218791,-0.9635421,-0.26748398,0
2.2791305,2.3021905,-0.79381299,0.006218791,0.9635421,0.26748398,0
0.75827706,-1.294364,-2.2547655,-0.006218791,-0.9635421,-0.26748398,0
0.69461536,-1.9188497,0.091670692,-0.006218791,-0.9635421,-0.26748398,0
-3.1641157,-0.46365464,2.5297298,-0.72265089,-0.18055785,0.66721392,0
1.685334,2.3134801,-2.6605177,-0.691185,0.19744688,-0.69518185,0
-0.46635437,-2.1296985,-0.49402639,-0.006218791,-0.9635421,-0.26748398,0
-0.69868875,1.8666894,0.50046819,0.006218791,0.9635421,0.26748398,0
1.4713609,-0.72763932,-2.8773193,-0.691185,0.19744688,-0.69518185,0
3.2656043,-0.28486538,-2.4912126,0.72265089,0.18055785,-0.66721392,0
0.79904801,-1.0081916,0.41132593,0.691185,-0.19744688,0.69518185,0
3.5751901,-0.56520629,-2.1450577,0.691185,-0.19744688,0.69518185,0
-3.6243055,-1.1588395,1.8126711,-0.72265089,-0.18055785,0.66721392,0
-0.91931647,-0.30716187,2.0475473,0.691185,-0.19744688,0.69518185,0
2.9281659,-1.3064166,-2.063477,0.691185,-0.19744688,0.69518185,0
2.4977238,-1.2441803,-2.7262404,-0.006218791,-0.9635421,-0.26748398,0
-0.62977082,0.33479619,2.3618214,0.691185,-0.19744688,0.69518185,0
1.2279648,-1.8491518,-1.1157457,-0.006218791,-0.9635421,-0.26748398,0
0.85200232,0.25479561,0.68164706,0.691185,-0.19744688,0.69518185,0
-0.008456707,-1.5423963,-1.8051353,-0.006218791,-0.9635421,-0.26748398,0
2.6487081,2.0514028,-2.5124564,0.72265089,0.18055785,-0.66721392,0
0.47198522,-1.6276608,-1.3925121,-0.006218791,-0.9635421,-0.26748398,0
-0.73371994,-2.2850854,1.4639829,-0.006218791,-0.9635421,-0.26748398,0
1.991414,2.2835944,-0.94246006,0.006218791,0.9635421,0.26748398,0
-0.30199909,1.5953898,1.2245753,0.006218791,0.9635421,0.26748398,0
1.7725655,0.26579386,-3.3194492,-0.691185,0.19744688,-0.69518185,0
-2.6084034,0.0066159964,3.4304442,-0.72265089,-0.18055785,0.66721392,0
-1.9080637,-2.6214447,2.8570032,0.691185,-0.19744688,0.69518185,0
-3.0237191,0.91892195,3.0017586,-0.72265089,-0.18055785,0.66721392,0
-2.0846195,1.0323355,3.5843365,0.006218791,0.9635421,0.26748398,0
0.34649014,-1.5895671,-1.5803316,-0.006218791,-0.9635421,-0.26748398,0
-3.5635653,-0.61317897,1.9222927,-0.72265089,-0.18055785,0.66721392,0
-0.67137802,-1.3057518,-1.1098738,-0.691185,0.19744688,-0.69518185,0
2.8110495,0.059677005,-2.7236042,0.72265089,0.18055785,-0.66721392,0
-2.2287049,1.2848246,3.4473479,0.006218791,0.9635421,0.26748398,0
-3.5199599,-2.0733418,1.3405775,-0.691185,0.19744688,-0.69518185,0
3.2043359,2.3319781,-1.724853,0.72265089,0.18055785,-0.66721392,0
-3.3025529,0.47620893,2.4570699,-0.72265089,-0.18055785,0.66721392,0
-2.9719534,0.65456307,2.7442608,-0.72265089,-0.18055785,0.66721392,0
-2.9077616,-2.6406424,2.3609819,-0.72265089,-0.18055785,0.66721392,0
-3.4987507,0.45994091,2.4631655,-0.72265089,-0.18055785,0.66721392,0
2.6370564,0.85604584,-3.1589818,0.72265089,0.18055785,-0.66721392,0
-1.2021973,0.56872493,2.9358461,0.691185,-0.19744688,0.69518185,0
-1.5024271,-2.6416268,1.6181999,-0.006218791,-0.9635421,-0.26748398,0
3.477073,1.9310501,-1.422531,0.72265089,0.18055785,-0.66721392,0
-0.69491786,-0.27225405,2.3205092,0.691185,-0.19744688,0.69518185,0
1.9756505,-0.6455121,-0.82447946,0.691185,-0.19744688,0.69518185,0
3.5776086,2.3856876,-1.5480255,0.72265089,0.18055785,-0.66721392,0
-0.39558017,-1.8290803,-0.4730314,-0.006218791,-0.9635421,-0.26748398,0
3.5881581,-0.79242206,-2.5258815,0.691185,-0.19744688,0.69518185,0
2.4577844,0.34316844,-3.1126189,0.72265089,0.18055785,-0.66721392,0
-1.9278265,-1.9165661,2.9921937,0.691185,-0.19744688,0.69518185,0
-1.1993183,-1.2181557,-0.38270479,-0.691185,0.19744688,-0.69518185,0
2.2374952,-1.3101206,-1.3452827,0.691185,-0.19744688,0.69518185,0
-2.466543,-0.60943359,3.4056683,-0.72265089,-0.18055785,0.66721392,0
-2.6186202,-1.3622266,2.6208968,-0.72265089,-0.18055785,0.66721392,0
-2.953202,-1.706187,2.4092908,-0.72265089,-0.18055785,0.66721392,0
-2.9381409,0.81609893,1.5547221,-0.691185,0.19744688,-0.69518185,0
3.3330474,-0.79592609,-1.877793,0.691185,-0.19744688,0.69518185,0
0.43710375,1.9083023,1.0812031,0.006218791,0.9635421,0.26748398,0
1.498201,-1.763746,-1.874784,-0.006218791,-0.9635421,-0.26748398,0
3.1216049,2.4699805,-2.0842271,0.72265089,0.18055785,-0.66721392,0
3.450665,1.1045868,-1.7711642,0.72265089,0.18055785,-0.66721392,0
-3.4707055,1.140604,2.2995453,-0.72265089,-0.18055785,0.66721392,0
1.407409,-1.6927886,-1.3575343,-0.006218791,-0.9635421,-0.26748398,0
3.3760004,2.4040737,-1.7259495,0.72265089,0.18055785,-0.66721392,0
2.8389142,-0.54423392,-2.8488784,0.72265089,0.18055785,-0.66721392,0
0.55983412,-1.4343569,0.56832516,0.691185,-0.19744688,0.69518185,0
-2.244591,-1.0221864,3.285152,0.691185,-0.19744688,0.69518185,0
-2.0961044,0.0372594,3.5778623,-0.72265089,-0.18055785,0.66721392,0
-2.3434508,0.11911881,3.2761006,-0.72265089,-0.18055785,0.66721392,0
-2.6656704,-1.1303744,2.6384487,-0.72265089,-0.18055785,0.66721392,0
-2.9550464,-1.4335086,2.5543315,-0.72265089,-0.18055785,0.66721392,0
2.0922816,-0.36948693,-0.8823117,0.691185,-0.19744688,0.69518185,0
-0.22695267,-2.2889776,0.63446236,-0.006218791,-0.9635421,-0.26748398,0
-0.47479177,-1.9461429,0.031685233,-0.006218791,-0.9635421,-0.26748398,0
3.0411484,1.5584619,-2.4174683,0.72265089,0.18055785,-0.66721392,0
-3.084218,-1.8716598,2.1381772,-0.72265089,-0.18055785,0.66721392,0
-3.2782359,-0.24678779,2.4092562,-0.72265089,-0.18055785,0.66721392,0
-3.2379317,-0.14373434,2.627224,-0.72265089,-0.18055785,0.66721392,0
1.2431041,1.587281,-2.2358661,-0.691185,0.19744688,-0.69518185,0
-1.7354172,-2.2973313,0.91879201,-0.006218791,-0.9635421,-0.26748398,0
-2.2336788,1.1888201,3.0901859,0.006218791,0.9635421,0.26748398,0
1.6880933,2.1215312,0.088486254,0.006218791,0.9635421,0.26748398,0
1.4271895,-1.6090121,-2.4169493,-0.006218791,-0.9635421,-0.26748398,0
-2.5949526,-2.8086226,1.9763148,-0.006218791,-0.9635421,-0.26748398,0
-2.779932,-2.531615,2.1879404,-0.006218791,-0.9635421,-0.26748398,0
3.5106924,1.499993,-1.8185747,0.72265089,0.18055785,-0.66721392,0
0.9108867,-1.9398621,-0.14087731,0.691185,-0.19744688,0.69518185,0
1.329326,-1.2293953,-3.28267,-0.006218791,-0.9635421,-0.26748398,0
-3.2593098,0.70767784,2.4384577,-0.72265089,-0.18055785,0.66721392,0
2.8607092,2.0575547,-2.3863475,0.72265089,0.18055785,-0.66721392,0
-2.4656713,-1.3754184,2.8349679,-0.72265089,-0.18055785,0.66721392,0
1.8008912,-1.3028848,-0.81913686,0.691185,-0.19744688,0.69518185,0
-3.6085031,0.60218143,2.5048139,-0.691185,0.19744688,-0.69518185,0
-2.2369967,-2.2590973,0.74046189,-0.006218791,-0.9635421,-0.26748398,0
-2.8642807,-0.87174052,2.4971895,-0.72265089,-0.18055785,0.66721392,0
-0.84846193,-0.20794493,-0.57727289,-0.691185,0.19744688,-0.69518185,0
-2.7737243,0.39110112,2.8753164,-0.72265089,-0.18055785,0.66721392,0
-3.3515382,1.1766987,2.4588692,-0.72265089,-0.18055785,0.66721392,0
-3.4938626,-2.1636872,1.5314921,-0.72265089,-0.18055785,0.66721392,0
-1.1692903,-1.5715127,2.1910748,0.691185,-0.19744688,0.69518185,0
-0.80645168,-2.5817494,1.3075719,-0.006218791,-0.9635421,-0.26748398,0
-1.6730123,0.54861915,3.4394848,0.691185,-0.19744688,0.69518185,0
-0.69465351,-2.1313691,-0.45961773,-0.006218791,-0.9635421,-0.26748398,0
2.8151741,-1.442312,-2.9307218,-0.006218791,-0.9635421,-0.26748398,0
-3.222204,-0.75047565,1.3808453,-0.691185,0.19744688,-0.69518185,0
1.4527708,-0.41627741,-0.14906317,0.691185,-0.19744688,0.69518185,0
-3.1173956,-2.2169085,1.3056257,-0.691185,0.19744688,-0.69518185,0
-3.1969736,-2.0741885,2.1072974,-0.72265089,-0.18055785,0.66721392,0
-2.4049399,-1.4645764,3.113472,-0.72265089,-0.18055785,0.66721392,0
-2.4040749,0.51078182,3.7843313,-0.72265089,-0.18055785,0.66721392,0
3.1000855,2.1002934,-1.8479394,0.72265089,0.18055785,-0.66721392,0
2.2533865,2.2035208,-2.6917415,0.72265089,0.18055785,-0.66721392,0
3.1297383,-0.043916702,-1.938991,0.691185,-0.19744688,0.69518185,0
-0.22182453,-1.9877654,0.0024428368,-0.006218791,-0.9635421,-0.26748398,0
-2.1068735,1.2034484,3.2459862,0.006218791,0.9635421,0.26748398,0
-3.3710775,1.5209603,2.5064695,0.006218791,0.9635421,0.26748398,0
1.8249788,2.1091056,-2.8311288,-0.691185,0.19744688,-0.69518185,0
-1.6088903,1.9326882,0.68885422,0.006218791,0.9635421,0.26748398,0
2.0262709,0.44704783,-3.107945,-0.691185,0.19744688,-0.69518185,0
0.91247165,-1.7700354,-1.2472632,-0.006218791,-0.9635421,-0.26748398,0
-0.59577715,1.7888855,1.1233652,0.006218791,0.9635421,0.26748398,0
-2.3423731,1.162643,3.4804554,-0.72265089,-0.18055785,0.66721392,0
-3.6556277,-2.0655499,1.6393511,-0.72265089,-0.18055785,0.66721392,0
2.4704678,0.29815161,-1.1733638,0.691185,-0.19744688,0.69518185,0
-1.946852,1.5685363,2.548254,0.006218791,0.9635421,0.26748398,0
0.91564655,-0.70753402,0.091614783,0.691185,-0.19744688,0.69518185,0
-3.1402578,0.36609852,2.5534701,-0.72265089,-0.18055785,0.66721392,0
1.7402312,1.2779366,0.00054872036,0.691185,-0.19744688,0.69518185,0
-0.68564689,-1.3458626,-1.1820664,-0.691185,0.19744688,-0.69518185,0
2.5449047,-0.24038672,-3.2460587,0.72265089,0.18055785,-0.66721392,0
-3.3066547,0.60257697,2.2491612,-0.691185,0.19744688,-0.69518185,0
-0.80908608,-1.8027387,-0.61456072,-0.006218791,-0.9635421,-0.26748398,0
-1.826316,-0.6577245,3.1153204,0.691185,-0.19744688,0.69518185,0
-0.048374653,-1.9625021,0.72832847,0.691185,-0.19744688,0.69518185,0
-0.12705314,1.9927007,-0.97760689,-0.691185,0.19744688,-0.69518185,0
-2.5027752,0.1635294,3.2904155,-0.72265089,-0.18055785,0.66721392,0
2.1219978,-1.770722,-1.3279765,0.691185,-0.19744688,0.69518185,0
-0.078516483,-1.9394006,-1.0196635,-0.006218791,-0.9635421,-0.26748398,0
-2.3094134,-2.6345308,1.8112583,-0.006218791,-0.9635421,-0.26748398,0
-1.350967,1.793391,1.6647938,0.006218791,0.9635421,0.26748398,0
1.4216142,-0.83027315,-0.41312927,0.691185,-0.19744688,0.69518185,0
1.325331,-0.78439987,-0.025102556,0.691185,-0.19744688,0.69518185,0
-2.6348095,-2.3966632,1.5970938,-0.006218791,-0.9635421,-0.26748398,0
-0.076441646,1.8961575,0.6852771,0.006218791,0.9635421,0.26748398,0
-2.7195902,-1.4896438,2.9106598,-0.72265089,-0.18055785,0.66721392,0
1.7745186,-1.2197467,-2.4166784,-0.006218791,-0.9635421,-0.26748398,0
0.75708771,2.2160015,-0.1283671,0.006218791,0.9635421,0.26748398,0
1.6362584,-1.5561419,-1.325471,-0.006218791,-0.9635421,-0.26748398,0
0.19333482,-1.7884221,-1.1095043,-0.006218791,-0.9635421,-0.26748398,0
-0.63267595,0.25656885,-0.7349025,-0.691185,0.19744688,-0.69518185,0
-2.5691442,-2.2708049,2.7164295,-0.72265089,-0.18055785,0.66721392,0
0.62573797,0.081575409,-1.8635819,-0.691185,0.19744688,-0.69518185,0
-3.0289783,-2.2393255,2.2404432,-0.72265089,-0.18055785,0.66721392,0
1.1559671,1.7918763,0.83774555,0.691185,-0.19744688,0.69518185,0
1.3996472,1.3026068,-2.3292775,-0.691185,0.19744688,-0.69518185,0
-3.3300073,0.44345689,2.7064672,-0.72265089,-0.18055785,0.66721392,0
-2.5346224,-1.7257128,2.760139,-0.72265089,-0.18055785,0.66721392,0
2.728972,-0.29913282,-3.0396986,0.72265089,0.18055785,-0.66721392,0
-2.8262868,-0.44108784,2.5409746,-0.72265089,-0.18055785,0.66721392,0
-0.70673382,-2.63785,1.5083983,-0.006218791,-0.9635421,-0.26748398,0
-1.3715016,1.4255066,2.4218678,0.006218791,0.9635421,0.26748398,0
0.074793249,-0.22568899,1.1413307,0.691185,-0.19744688,0.69518185,0
1.3611895,-1.6041387,-1.4433898,-0.006218791,-0.9635421,-0.26748398,0
3.1315355,0.91301644,-2.3870721,0.72265089,0.18055785,-0.66721392,0
-0.32657981,1.7680104,-0.33862773,-0.691185,0.19744688,-0.69518185,0
3.5655022,1.6887537,-1.5354664,0.691185,-0.19744688,0.69518185,0
2.2163625,-1.2631185,-3.050302,-0.006218791,-0.9635421,-0.26748398,0
1.9461582,2.3936062,-0.79837936,0.006218791,0.9635421,0.26748398,0
-2.4729676,-0.95170331,2.8624561,-0.72265089,-0.18055785,0.66721392,0
3.5077329,-0.061111927,-1.8161904,0.691185,-0.19744688,0.69518185,0
-3.2811759,0.41589618,2.3918419,-0.72265089,-0.18055785,0.66721392,0
-3.4468853,-1.8538384,1.6184052,-0.72265089,-0.18055785,0.66721392,0
-1.925931,-1.6462445,-0.16524196,-0.691185,0.19744688,-0.69518185,0
2.0815663,-0.90527475,-1.1554772,0.691185,-0.19744688,0.69518185,0
-2.0864329,1.073698,3.3244028,0.006218791,0.9635421,0.26748398,0
-1.0334951,-2.5927453,1.5057971,-0.006218791,-0.9635421,-0.26748398,0
2.4968863,-0.34015834,-1.0425118,0.691185,-0.19744688,0.69518185,0
-3.214416,-2.126251,1.9905071,-0.72265089,-0.18055785,0.66721392,0
2.2219713,2.2945354,-2.7849987,0.72265089,0.18055785,-0.66721392,0
-3.2086465,-1.5920734,1.3381351,-0.691185,0.19744688,-0.69518185,0
-3.0148373,0.58544588,2.7092881,-0.72265089,-0.18055785,0.66721392,0
-0.62071872,-2.1882691,-0.27398062,-0.006218791,-0.9635421,-0.26748398,0
2.0494168,1.3217903,-3.3569384,-0.691185,0.19744688,-0.69518185,0
3.1874719,2.6050255,-1.2444859,0.006218791,0.9635421,0.26748398,0
2.3052206,2.5426502,-1.3974799,0.006218791,0.9635421,0.26748398,0
0.37054169,-0.14912988,-1.6588798,-0.691185,0.19744688,-0.69518185,0
-3.3955598,-2.3134406,1.8719732,-0.72265089,-0.18055785,0.66721392,0
3.122973,2.1114595,-2.1388092,0.72265089,0.18055785,-0.66721392,0
0.96327579,0.28217977,0.53299367,0.691185,-0.19744688,0.69518185,0
1.5250345,-0.81408763,-0.062556505,0.691185,-0.19744688,0.69518185,0
1.2928754,0.73303974,-2.5742486,-0.691185,0.19744688,-0.69518185,0
0.18468475,2.2380478,-1.0257531,0.006218791,0.9635421,0.26748398,0
3.2073622,1.1358536,-2.122859,0.72265089,0.18055785,-0.66721392,0
0.94307584,0.20438492,-2.2738008,-0.691185,0.19744688,-0.69518185,0
3.5489149,0.072593927,-2.3274813,0.72265089,0.18055785,-0.66721392,0
0.037460923,-2.3687444,0.8546235,-0.006218791,-0.9635421,-0.26748398,0
3.4523861,-0.1869905,-2.5887363,0.72265089,0.18055785,-0.66721392,0
-1.7262534,0.27676892,0.096861482,-0.691185,0.19744688,-0.69518185,0
-3.2313495,0.055687666,2.808434,-0.72265089,-0.18055785,0.66721392,0
0.011072516,1.986009,-0.80879533,-0.691185,0.19744688,-0.69518185,0
-2.4582672,-2.523181,1.266644,-0.006218791,-0.9635421,-0.26748398,0
2.2752287,0.79889166,-0.70142627,0.691185,-0.19744688,0.69518185,0
1.6425974,-1.7865677,-1.3009511,-0.006218791,-0.9635421,-0.26748398,0
-3.3851674,-1.7486191,1.2769108,-0.691185,0.19744688,-0.69518185,0
-0.52380478,-2.107564,1.3541822,0.691185,-0.19744688,0.69518185,0
-0.42458558,-2.4928746,0.93614721,-0.006218791,-0.9635421,-0.26748398,0
0.98164272,2.2703359,-1.1827645,0.006218791,0.9635421,0.26748398,0
3.3748376,-1.0134609,-2.3705988,0.72265089,0.18055785,-0.66721392,0
3.4613774,2.3063083,-1.3970047,0.72265089,0.18055785,-0.66721392,0
2.2352626,-0.42008281,-3.702826,0.72265089,0.18055785,-0.66721392,0
2.5494089,1.9767059,-2.4466312,0.72265089,0.18055785,-0.66721392,0
-1.7835919,1.4154366,0.972103,-0.691185,0.19744688,-0.69518185,0
-2.6557097,-2.6325927,2.5795941,-0.72265089,-0.18055785,0.66721392,0
-2.2123353,0.74531627,1.1635352,-0.691185,0.19744688,-0.69518185,0
-1.678225,-1.3026891,2.8359532,0.691185,-0.19744688,0.69518185,0
1.7568629,-1.6673206,-1.5916041,-0.006218791,-0.9635421,-0.26748398,0
-2.3244729,-1.4320853,2.887306,-0.72265089,-0.18055785,0.66721392,0
3.2015057,0.33207345,-2.4624429,0.72265089,0.18055785,-0.66721392,0
1.7671783,2.2091198,-1.0683905,0.006218791,0.9635421,0.26748398,0
-2.151232,-0.50302088,0.41023839,-0.691185,0.19744688,-0.69518185,0
0.21562338,2.0379949,0.26793364,0.006218791,0.9635421,0.26748398,0
-1.8097961,-0.9418081,2.9542005,0.691185,-0.19744688,0.69518185,0
3.3405166,1.6804082,-2.0951285,0.72265089,0.18055785,-0.66721392,0
-0.01167953,0.78909826,1.4521029,0.691185,-0.19744688,0.69518185,0
2.232506,2.3467965,-2.8426075,0.72265089,0.18055785,-0.66721392,0
1.9230978,2.0809948,-0.0084007382,0.006218791,0.9635421,0.26748398,0
-3.156637,-0.90539181,2.2203853,-0.72265089,-0.18055785,0.66721392,0
3.4412036,-0.70942569,-2.4612772,0.72265089,0.18055785,-0.66721392,0
-2.561017,-2.3422148,2.3687892,-0.72265089,-0.18055785,0.66721392,0
2.2954941,-0.58169925,-3.5723724,0.72265089,0.18055785,-0.66721392,0
-1.7354026,-1.2021524,-0.1985175,-0.691185,0.19744688,-0.69518185,0
-1.8481574,1.1490849,0.55569482,-0.691185,0.19744688,-0.69518185,0
1.6142673,1.4353056,-2.7617102,-0.691185,0.19744688,-0.69518185,0
0.33305204,-2.0041325,0.28982109,0.691185,-0.19744688,0.69518185,0
-0.45335639,1.8480574,1.1751564,0.006218791,0.9635421,0.26748398,0
-3.1148176,0.3967154,2.0122113,-0.691185,0.19744688,-0.69518185,0
-2.7385254,0.03250289,2.9133155,-0.72265089,-0.18055785,0.66721392,0
-3.228307,1.5977943,2.0242696,-0.691185,0.19744688,-0.69518185,0
-3.2466431,-1.8572513,2.0312333,-0.72265089,-0.18055785,0.66721392,0
2.2141178,1.2030613,-3.1415181,0.72265089,0.18055785,-0.66721392,0
0.67703485,0.86717373,0.83374751,0.691185,-0.19744688,0.69518185,0
1.6439835,2.1919641,0.13148187,0.006218791,0.9635421,0.26748398,0
0.98174149,-1.9001834,0.15795225,0.691185,-0.19744688,0.69518185,0
-1.0163406,0.4048636,-0.37751284,-0.691185,0.19744688,-0.69518185,0
3.3206377,-1.2679861,-2.2890902,-0.006218791,-0.9635421,-0.26748398,0
3.2187715,2.132292,-1.6601353,0.72265089,0.18055785,-0.66721392,0
1.4376297,-1.1034979,-3.43753,-0.691185,0.19744688,-0.69518185,0
1.1453865,-2.1291595,-0.53034592,-0.006218791,-0.9635421,-0.26748398,0
1.7847068,-0.98548162,-3.3482938,-0.006218791,-0.9635421,-0.26748398,0
-1.5054008,-2.4713898,1.2716433,-0.006218791,-0.9635421,-0.26748398,0
-1.4281557,-2.5240636,2.2729657,-0.006218791,-0.9635421,-0.26748398,0
-1.1760523,2.1992524,0.313241,0.006218791,0.9635421,0.26748398,0
-1.7346202,0.12432373,0.28634006,-0.691185,0.19744688,-0.69518185,0
-2.8254926,1.2399688,1.5299947,-0.691185,0.19744688,-0.69518185,0
-0.093627691,-1.5862385,1.0579786,0.691185,-0.19744688,0.69518185,0
-3.1868892,-1.1717929,1.5518876,-0.691185,0.19744688,-0.69518185,0
3.3062067,2.448844,-1.2117759,0.006218791,0.9635421,0.26748398,0
-2.7565882,-1.0146679,2.5098007,-0.72265089,-0.18055785,0.66721392,0
3.3951092,-0.33088994,-2.1793308,0.72265089,0.18055785,-0.66721392,0
3.3685632,0.31703019,-1.6476045,0.691185,-0.19744688,0.69518185,0
2.4840817,2.2026758,-2.9292488,0.72265089,0.18055785,-0.66721392,0
1.7972383,2.2909451,-0.72799408,0.006218791,0.9635421,0.26748398,0
-0.85640335,-2.5181565,1.1052676,-0.006218791,-0.9635421,-0.26748398,0
3.5031722,1.5908225,-1.7115688,0.72265089,0.18055785,-0.66721392,0
2.8983412,2.3576176,-1.4465994,0.006218791,0.9635421,0.26748398,0
2.857394,-1.4024649,-1.7266077,0.691185,-0.19744688,0.69518185,0
-1.768748,0.42132694,3.3614821,0.691185,-0.19744688,0.69518185,0
3.3062994,-1.3696144,-2.8701494,0.72265089,0.18055785,-0.66721392,0
-2.4954181,-1.1720822,2.9904327,-0.72265089,-0.18055785,0.66721392,0
2.6625583,-1.0435892,-3.4689445,0.72265089,0.18055785,-0.66721392,0
2.8414686,-0.99804664,-3.0243979,0.72265089,0.18055785,-0.66721392,0
-0.046377063,0.54771614,1.4481313,0.691185,-0.19744688,0.69518185,0
2.8562274,-1.2515367,-2.4814558,-0.006218791,-0.9635421,-0.26748398,0
-1.9156125,-0.72685403,0.33781874,-0.691185,0.19744688,-0.69518185,0
-0.82850599,2.1379004,-0.0065470934,0.006218791,0.9635421,0.26748398,0
-3.5241699,-0.20090127,2.2573228,-0.72265089,-0.18055785,0.66721392,0
0.58614683,2.0846658,0.42555732,0.006218791,0.9635421,0.26748398,0
-0.26753962,-1.9048191,0.060527563,-0.006218791,-0.9635421,-0.26748398,0
1.5616232,0.32666552,-0.2509017,0.691185,-0.19744688,0.69518185,0
-1.249447,-1.8534868,-0.11136931,-0.006218791,-0.9635421,-0.26748398,0
-2.4374189,-2.4911909,1.6859541,-0.006218791,-0.9635421,-0.26748398,0
-3.602875,-2.2711239,1.6153638,-0.72265089,-0.18055785,0.66721392,0
1.289138,1.585963,-2.3647349,-0.691185,0.19744688,-0.69518185,0
-3.585618,1.0725987,2.2665033,-0.691185,0.19744688,-0.69518185,0
-1.4719827,-1.2551191,-0.13372076,-0.691185,0.19744688,-0.69518185,0
-0.89430112,1.5366106,-0.088887572,-0.691185,0.19744688,-0.69518185,0
0.12311721,-1.5261345,-1.3478136,-0.006218791,-0.9635421,-0.26748398,0
-3.4378481,-0.16921544,2.1312692,-0.691185,0.19744688,-0.69518185,0
-0.74822623,0.8754279,-0.49046093,-0.691185,0.19744688,-0.69518185,0
0.37840307,-2.01984,0.18400419,-0.006218791,-0.9635421,-0.26748398,0
0.6442349,1.1462785,1.2385843,0.691185,-0.19744688,0.69518185,0
2.6342595,0.07959342,-3.2404156,0.72265089,0.18055785,-0.66721392,0
-2.7156687,1.2986256,1.5051992,-0.691185,0.19744688,-0.69518185,0
-1.8265302,1.73961,1.0465548,-0.691185,0.19744688,-0.69518185,0
-0.28770459,-0.59114051,-1.063059,-0.691185,0.19744688,-0.69518185,0
2.602838,2.4260764,-2.2467773,0.72265089,0.18055785,-0.66721392,0
-2.5829535,-2.2442727,2.6183999,-0.72265089,-0.18055785,0.66721392,0
-0.098037004,2.1854296,-0.2068871,0.006218791,0.9635421,0.26748398,0
2.2304192,-1.5049371,-2.3081515,-0.006218791,-0.9635421,-0.26748398,0
-3.146399,-2.5514143,2.008415,-0.72265089,-0.18055785,0.66721392,0
-1.3829393,0.63771152,0.20657486,-0.691185,0.19744688,-0.69518185,0
3.1815305,-1.2654319,-2.0792551,0.691185,-0.19744688,0.69518185,0
3.0411043,-0.19035649,-2.680634,0.72265089,0.18055785,-0.66721392,0
3.4518423,0.53111959,-2.2994153,0.72265089,0.18055785,-0.66721392,0
1.2836756,-1.6996521,-1.9919734,-0.006218791,-0.9635421,-0.26748398,0
-0.21755692,0.37178051,-0.87807882,-0.691185,0.19744688,-0.69518185,0
-3.2114573,-0.31573749,2.3077121,-0.72265089,-0.18055785,0.66721392,0
-2.9234838,-0.057072639,2.7646735,-0.72265089,-0.18055785,0.66721392,0
2.1708741,0.87174261,-3.2156291,0.72265089,0.18055785,-0.66721392,0
3.2945569,-1.1786826,-3.0309727,0.72265089,0.18055785,-0.66721392,0
-0.9366591,1.9447192,0.39607215,0.006218791,0.9635421,0.26748398,0
0.94142991,0.82762325,-1.8627086,-0.691185,0.19744688,-0.69518185,0
-2.8373489,0.67895377,3.291569,-0.72265089,-0.18055785,0.66721392,0
0.90794063,-1.6703684,-1.9284362,-0.006218791,-0.9635421,-0.26748398,0
-1.5833188,-0.7337963,2.6570387,0.691185,-0.19744688,0.69518185,0
-3.1856461,0.74017596,2.1111,-0.691185,0.19744688,-0.69518185,0
-3.5215688,-0.82545602,2.2014227,-0.72265089,-0.18055785,0.66721392,0
2.4721792,1.7469734,-2.7194397,0.72265089,0.18055785,-0.66721392,0
0.16244948,2.2777913,-0.16969776,0.006218791,0.9635421,0.26748398,0
1.2243655,-1.9097261,-0.41646194,-0.006218791,-0.9635421,-0.26748398,0
-3.0144057,-2.3099062,1.1246029,-0.006218791,-0.9635421,-0.26748398,0
-0.31322289,-1.9333858,-0.070298642,-0.006218791,-0.9635421,-0.26748398,0
-1.6190376,1.1959867,0.44783902,-0.691185,0.19744688,-0.69518185,0
2.1288848,-0.25790918,-3.3893943,-0.691185,0.19744688,-0.69518185,0
2.8828685,1.7241445,-0.91576934,0.691185,-0.19744688,0.69518185,0
-0.21258235,-0.82831293,-1.6257817,-0.691185,0.19744688,-0.69518185,0
2.7136693,1.6253906,-2.874125,0.72265089,0.18055785,-0.66721392,0
-1.6076009,-2.0817716,2.3736663,0.691185,-0.19744688,0.69518185,0
2.5686505,1.8900704,-2.5257034,0.72265089,0.18055785,-0.66721392,0
-2.9673967,0.64243662,2.7003536,-0.72265089,-0.18055785,0.66721392,0
3.3715501,1.6368303,-2.1987987,0.72265089,0.18055785,-0.66721392,0
-0.29838836,0.92095,1.998405,0.691185,-0.19744688,0.69518185,0
1.4788868,-1.4157779,-0.38122606,0.691185,-0.19744688,0.69518185,0
-1.9381589,-1.9412189,0.144472,-0.006218791,-0.9635421,-0.26748398,0
-1.9530131,-2.6890943,1.9526718,-0.006218791,-0.9635421,-0.26748398,0
-2.6227849,-1.673619,2.4119105,-0.72265089,-0.18055785,0.66721392,0
-2.7173548,-2.2973928,0.53761923,-0.006218791,-0.9635421,-0.26748398,0
-0.50420833,0.30229068,-0.66715032,-0.691185,0.19744688,-0.69518185,0
-1.4084282,1.4380835,2.3493104,0.006218791,0.9635421,0.26748398,0
-2.6948757,0.92585766,3.2455254,-0.72265089,-0.18055785,0.66721392,0
0.11716425,-0.020418108,1.490015,0.691185,-0.19744688,0.69518185,0
-0.97682965,1.0892609,0.086784959,-0.691185,0.19744688,-0.69518185,0
-2.428874,-0.33419192,0.98553395,-0.691185,0.19744688,-0.69518185,0
1.6295065,-1.4701459,-0.65353549,0.691185,-0.19744688,0.69518185,0
0.46778125,-1.3842478,0.46422404,0.691185,-0.19744688,0.69518185,0
0.51429701,-1.654061,-1.5943314,-0.006218791,-0.9635421,-0.26748398,0
3.0431345,0.99527532,-2.4780169,0.72265089,0.18055785,-0.66721392,0
-3.432353,-0.78396761,1.9239975,-0.72265089,-0.18055785,0.66721392,0
-2.7093771,-1.3803284,2.9506578,-0.72265089,-0.18055785,0.66721392,0
2.6211421,-1.0706354,-1.5668559,0.691185,-0.19744688,0.69518185,0
2.5093336,0.72431022,-2.9099205,0.72265089,0.18055785,-0.66721392,0
1.5918005,-1.9269232,-0.78475571,0.691185,-0.19744688,0.69518185,0
-0.41104662,-2.006707,-0.29213801,-0.006218791,-0.9635421,-0.26748398,0
-0.63350511,-1.8264828,-1.5201876,-0.006218791,-0.9635421,-0.26748398,0
-1.0354412,-0.51574194,2.2316258,0.691185,-0.19744688,0.69518185,0
-3.6063802,-0.44440651,1.9029564,-0.691185,0.19744688,-0.69518185,0
-3.5942059,-0.59733534,2.0193348,-0.72265089,-0.18055785,0.66721392,0
2.1850553,-1.6827456,-1.4665923,-0.006218791,-0.9635421,-0.26748398,0
0.43661785,-2.1900158,-0.31363136,-0.006218791,-0.9635421,-0.26748398,0
-2.2837789,-1.4914316,3.2230027,-0.72265089,-0.18055785,0.66721392,0
3.3297126,0.7054162,-1.9680165,0.72265089,0.18055785,-0.66721392,0
-2.7285037,-0.62807643,3.1120038,-0.72265089,-0.18055785,0.66721392,0
-2.1739659,-2.0013406,2.9178963,0.691185,-0.19744688,0.69518185,0
-3.1470461,-1.5020143,1.9682802,-0.72265089,-0.18055785,0.66721392,0
0.84582031,1.2325783,1.0426509,0.691185,-0.19744688,0.69518185,0
0.28806317,-1.9473748,0.20787334,-0.006218791,-0.9635421,-0.26748398,0
1.301451,-1.4191089,-2.8747294,-0.006218791,-0.9635421,-0.26748398,0
-0.20892704,-2.2890747,0.89766169,0.691185,-0.19744688,0.69518185,0
-3.1142125,0.41696942,2.9615743,-0.72265089,-0.18055785,0.66721392,0
-1.5902882,-2.4777761,0.80961472,-0.006218791,-0.9635421,-0.26748398,0
1.1474102,-1.7171915,-1.174836,-0.006218791,-0.9635421,-0.26748398,0
1.5276865,-1.8426046,-0.98855174,-0.006218791,-0.9635421,-0.26748398,0
-2.2492948,-1.1990514,3.3370271,-0.72265089,-0.18055785,0.66721392,0
0.58789837,-2.089366,0.014575541,-0.006218791,-0.9635421,-0.26748398,0
1.5088285,-2.0197682,-0.38955295,0.691185,-0.19744688,0.69518185,0
-0.13370943,-0.96699655,-1.7163354,-0.691185,0.19744688,-0.69518185,0
-2.713331,1.5251576,1.7919922,0.006218791,0.9635421,0.26748398,0
-0.54808867,-2.2562733,0.33242092,-0.006218791,-0.9635421,-0.26748398,0
-2.486814,-0.11955583,3.3968451,-0.72265089,-0.18055785,0.66721392,0
-1.5773258,1.6847911,1.7816995,0.006218791,0.9635421,0.26748398,0
-1.9845126,0.81474662,3.5943179,0.691185,-0.19744688,0.69518185,0
-3.1263554,-0.067844748,2.338587,-0.72265089,-0.18055785,0.66721392,0
3.1577249,-0.34712446,-2.8569946,0.72265089,0.18055785,-0.66721392,0
-2.1732004,-2.2811589,1.4299998,-0.006218791,-0.9635421,-0.26748398,0
-1.5072713,-1.1365916,-0.50861335,-0.691185,0.19744688,-0.69518185,0
2.9816065,1.1016102,-2.2357194,0.72265089,0.18055785,-0.66721392,0
0.75391752,0.11096656,0.84832174,0.691185,-0.19744688,0.69518185,0
-0.29084784,-1.4308861,1.179242,0.691185,-0.19744688,0.69518185,0
-1.408995,-0.39732748,-0.077025771,-0.691185,0.19744688,-0.69518185,0
-3.2016735,-2.4497578,1.9467438,-0.72265089,-0.18055785,0.66721392,0
3.2441673,0.93739605,-2.4915886,0.72265089,0.18055785,-0.66721392,0
-3.0847392,-0.46223557,2.7820766,-0.72265089,-0.18055785,0.66721392,0
1.9425991,-1.1961362,-2.6642966,-0.006218791,-0.9635421,-0.26748398,0
-2.724709,0.043133616,3.1609101,-0.72265089,-0.18055785,0.66721392,0
2.7497857,2.2002435,-2.6739531,0.72265089,0.18055785,-0.66721392,0
-0.30392432,0.10677244,1.5119623,0.691185,-0.19744688,0.69518185,0
-2.2512715,1.2091359,3.2128148,0.006218791,0.9635421,0.26748398,0
2.7209604,-0.57169747,-3.408669,0.72265089,0.18055785,-0.66721392,0
-3.4766557,-2.2444398,1.6683452,-0.72265089,-0.18055785,0.66721392,0
-2.9394035,0.59779871,3.2333341,-0.72265089,-0.18055785,0.66721392,0
2.9545679,0.11962914,-2.7757115,0.72265089,0.18055785,-0.66721392,0
-0.35542381,-2.4505744,1.0699184,0.691185,-0.19744688,0.69518185,0
-3.2974155,1.3272259,2.9279864,-0.72265089,-0.18055785,0.66721392,0
-2.3670752,-2.0676825,0.30083728,-0.006218791,-0.9635421,-0.26748398,0
1.3211476,-1.8874974,-0.47820842,-0.006218791,-0.9635421,-0.26748398,0
