-2.3915281,-2.2492282,-2.2491956,0.39603359,-0.10142581,-0.91261715,0
0.2057603,1.2452295,1.7143146,-0.39603359,0.10142581,0.91261715,0
-2.116859,-3.5669994,-2.253556,0.39603359,-0.10142581,-0.91261715,0
-3.0078111,-3.1236854,0.59908938,0.51130503,-0.80118251,0.31092387,0
-3.3244557,-1.8610579,-1.9230936,-0.51130503,0.80118251,-0.31092387,0
3.8042505,1.5566961,-0.035335302,0.39603359,-0.10142581,-0.91261715,0
-1.4592867,-1.6606754,-2.1759865,0.39603359,-0.10142581,-0.91261715,0
-0.15757066,0.18882951,1.4667587,-0.39603359,0.10142581,0.91261715,0
1.2935807,0.39854792,-1.2990186,0.39603359,-0.10142581,-0.91261715,0
-1.3742954,0.022705257,-1.1042202,-0.51130503,0.80118251,-0.31092387,0
0.35295665,1.3523741,-0.95222104,-0.51130503,0.80118251,-0.31092387,0
-1.3448877,-1.3039697,1.35918,-0.39603359,0.10142581,0.91261715,0
3.4415853,2.3399329,1.6636879,0.7627086,0.58976209,0.2654357,0
2.1602578,2.5222311,-0.69360089,-0.51130503,0.80118251,-0.31092387,0
0.3612411,-1.6315991,-1.0851852,0.51130503,-0.80118251,0.31092387,0
-3.4624457,-2.1428468,-1.6940575,-0.7627086,-0.58976209,-0.2654357,0
2.8868747,1.6483896,2.6932809,-0.39603359,0.10142581,0.91261715,0
-2.6436412,-2.0034177,-2.3525786,0.39603359,-0.10142581,-0.91261715,0
-1.9368767,-1.7347492,-2.156729,0.39603359,-0.10142581,-0.91261715,0
2.557477,1.5330191,2.6637566,-0.39603359,0.10142581,0.91261715,0
2.9259324,3.1300759,2.0460436,0.7627086,0.58976209,0.2654357,0
2.7274666,1.943894,-0.47550023,0.39603359,-0.10142581,-0.91261715,0
1.9321722,3.1578174,1.9969673,-0.39603359,0.10142581,0.91261715,0
-3.8513079,-2.306293,-0.48695612,-0.7627086,-0.58976209,-0.2654357,0
0.77519774,2.125849,0.75664687,-0.51130503,0.80118251,-0.31092387,0
-0.8499105,-1.210058,1.3023412,-0.39603359,0.10142581,0.91261715,0
0.15398259,1.3968899,0.15533674,-0.51130503,0.80118251,-0.31092387,0
0.80825549,1.9709694,1.1714194,-0.51130503,0.80118251,-0.31092387,0
3.8123174,0.92969036,-0.29212832,0.39603359,-0.10142581,-0.91261715,0
2.9372766,2.9625781,1.7533157,0.7627086,0.58976209,0.2654357,0
-3.3151355,-2.775125,-0.8573451,-0.7627086,-0.58976209,-0.2654357,0
-1.4431069,-1.5657678,-2.0568566,0.39603359,-0.10142581,-0.91261715,0
3.2963171,2.1659796,-0.66538477,0.39603359,-0.10142581,-0.91261715,0
1.856715,2.8032455,1.3389528,-0.51130503,0.80118251,-0.31092387,0
4.1115141,2.2136357,0.41303086,0.7627086,0.58976209,0.2654357,0
3.9973466,1.6771653,0.69963193,0.51130503,-0.80118251,0.31092387,0
1.0126652,1.6847816,1.9698683,-0.39603359,0.10142581,0.91261715,0
3.2880623,2.3200216,2.0133615,0.7627086,0.58976209,0.2654357,0
-0.57567298,0.6690352,1.2359129,-0.39603359,0.10142581,0.91261715,0
-3.9997191,-2.311166,0.096053839,-0.7627086,-0.58976209,-0.2654357,0
0.8544805,0.22329786,-1.3812864,0.39603359,-0.10142581,-0.91261715,0
2.142417,2.1617789,-0.94346148,-0.51130503,0.80118251,-0.31092387,0
3.5147929,1.5797253,-0.36601663,0.39603359,-0.10142581,-0.91261715,0
2.1359549,1.2634871,2.4466026,-0.39603359,0.10142581,0.91261715,0
3.8392053,2.2320724,1.3979142,0.7627086,0.58976209,0.2654357,0
-3.7804198,-2.8161812,-0.3309052,-0.7627086,-0.58976209,-0.2654357,0
-2.8308289,-3.3301067,-1.4378014,-0.7627086,-0.58976209,-0.2654357,0
-3.7195945,-2.341502,-1.7035625,-0.7627086,-0.58976209,-0.2654357,0
-2.4488931,-2.6600435,0.20970178,0.51130503,-0.80118251,0.31092387,0
-0.24919115,-1.8316109,-1.1832898,0.51130503,-0.80118251,0.31092387,0
-2.9958167,-2.7600348,0.83544159,-0.39603359,0.10142581,0.91261715,0
2.2953048,1.3030568,-0.75335324,0.39603359,-0.10142581,-0.91261715,0
3.5210059,2.8055797,1.1078253,0.7627086,0.58976209,0.2654357,0
-3.4824462,-2.9593332,0.27986383,-0.39603359,0.10142581,0.91261715,0
0.10170007,-0.18531877,-1.384627,0.39603359,-0.10142581,-0.91261715,0
-3.2621114,-1.1082644,-0.62976551,-0.51130503,0.80118251,-0.31092387,0
3.1992404,0.79813325,0.52899766,0.51130503,-0.80118251,0.31092387,0
2.1647515,3.5865026,2.1922479,-0.39603359,0.10142581,0.91261715,0
-0.54985672,-1.6584965,-0.082687438,0.51130503,-0.80118251,0.31092387,0
-4.0585876,-2.274226,-0.4838264,-0.7627086,-0.58976209,-0.2654357,0
2.2785976,0.17542243,-0.73731548,0.39603359,-0.10142581,-0.91261715,0
1.6984966,2.566442,1.091527,-0.51130503,0.80118251,-0.31092387,0
2.4266186,3.5177665,2.386662,0.7627086,0.58976209,0.2654357,0
-2.1801889,-1.1010935,-1.9970567,-0.51130503,0.80118251,-0.31092387,0
3.0705092,0.82845753,-0.53687322,0.39603359,-0.10142581,-0.91261715,0
-3.6772904,-2.9142802,-0.029792786,-0.7627086,-0.58976209,-0.2654357,0
-3.2616687,-2.355031,-1.8846307,-0.7627086,-0.58976209,-0.2654357,0
2.0064631,2.1777022,-0.33963573,-0.51130503,0.80118251,-0.31092387,0
-3.2104146,-1.4064999,-1.5642915,-0.51130503,0.80118251,-0.31092387,0
-1.4512725,-0.51178813,0.8881104,-0.39603359,0.10142581,0.91261715,0
-2.8638153,-3.4409163,-0.74543452,-0.7627086,-0.58976209,-0.2654357,0
0.27667183,-0.97192788,-1.3397098,0.39603359,-0.10142581,-0.91261715,0
1.4675381,1.3038687,-1.3474096,0.39603359,-0.10142581,-0.91261715,0
-0.21669027,-1.8141049,-0.81325495,0.51130503,-0.80118251,0.31092387,0
3.5883231,2.4769096,1.5057395,0.7627086,0.58976209,0.2654357,0
-3.3533945,-2.9881992,-0.54362941,-0.7627086,-0.58976209,-0.2654357,0
3.7393706,1.3084769,-0.37730002,0.39603359,-0.10142581,-0.91261715,0
3.172997,2.0887089,-0.51069045,0.39603359,-0.10142581,-0.91261715,0
-1.124994,-2.6052167,-1.1745257,0.51130503,-0.80118251,0.31092387,0
3.2333846,3.1007097,0.23242855,0.7627086,0.58976209,0.2654357,0
3.7157755,2.5618966,1.2048285,0.7627086,0.58976209,0.2654357,0
4.2953138,1.9393907,0.31396651,0.7627086,0.58976209,0.2654357,0
-2.3758807,-1.8102777,-2.3450401,0.39603359,-0.10142581,-0.91261715,0
3.7147777,2.4162307,1.0119743,0.7627086,0.58976209,0.2654357,0
-1.8667687,-0.31524295,-0.71929574,-0.51130503,0.80118251,-0.31092387,0
0.51215863,-1.193836,-0.84417409,0.51130503,-0.80118251,0.31092387,0
0.56711632,2.029011,1.598334,-0.39603359,0.10142581,0.91261715,0
-3.3085458,-2.6431661,-1.2185998,-0.7627086,-0.58976209,-0.2654357,0
-2.051266,-0.35876209,-0.35022354,-0.51130503,0.80118251,-0.31092387,0
2.4691978,2.5161242,2.5702806,-0.39603359,0.10142581,0.91261715,0
-2.5374923,-3.3158731,-1.9579039,-0.7627086,-0.58976209,-0.2654357,0
1.4414362,0.55332935,1.8693136,0.51130503,-0.80118251,0.31092387,0
-1.2106054,0.73750818,1.2038815,-0.39603359,0.10142581,0.91261715,0
-3.943327,-2.2679906,-0.13345671,-0.7627086,-0.58976209,-0.2654357,0
-3.2099121,-2.9020786,-0.75561953,-0.7627086,-0.58976209,-0.2654357,0
1.907286,1.1820977,-1.1330991,0.39603359,-0.10142581,-0.91261715,0
-0.97145677,0.43072653,-0.6930328,-0.51130503,0.80118251,-0.31092387,0
-2.5865214,-0.6698361,-0.63026643,-0.51130503,0.80118251,-0.31092387,0
-3.8545537,-2.5567918,-0.82147908,-0.7627086,-0.58976209,-0.2654357,0
-1.2820034,0.77628064,0.8017782,-0.51130503,0.80118251,-0.31092387,0
1.1829858,2.201124,0.76109982,-0.51130503,0.80118251,-0.31092387,0
0.99203229,1.2336736,-1.4031303,-0.51130503,0.80118251,-0.31092387,0
0.24565753,1.2314293,-0.24497879,-0.51130503,0.80118251,-0.31092387,0
-0.29768801,-1.4970119,0.47168022,0.51130503,-0.80118251,0.31092387,0
2.9586596,1.0478925,1.4821317,0.51130503,-0.80118251,0.31092387,0
3.2200656,3.1453562,0.14308977,0.7627086,0.58976209,0.2654357,0
-2.3782597,-2.3985648,-2.4581261,0.39603359,-0.10142581,-0.91261715,0
-3.6041851,-2.1723485,-2.0968208,-0.7627086,-0.58976209,-0.2654357,0
0.96927857,0.34080309,1.8309791,-0.39603359,0.10142581,0.91261715,0
-2.418469,-2.8128054,0.27588439,0.51130503,-0.80118251,0.31092387,0
-3.7534881,-1.7203519,-1.2503483,-0.51130503,0.80118251,-0.31092387,0
0.14726156,-0.57674289,0.95495439,0.51130503,-0.80118251,0.31092387,0
1.8354703,2.167815,-0.3974297,-0.51130503,0.80118251,-0.31092387,0
-3.3012056,-1.6345525,-2.4117253,-0.51130503,0.80118251,-0.31092387,0
2.5155683,0.56471419,0.86529469,0.51130503,-0.80118251,0.31092387,0
3.4188576,2.5672958,1.8069372,0.7627086,0.58976209,0.2654357,0
-3.0358739,-3.2471695,-0.30687857,-0.7627086,-0.58976209,-0.2654357,0
2.7115407,0.3504526,0.041778684,0.51130503,-0.80118251,0.31092387,0
-3.2544656,-2.0804193,-2.56833,-0.7627086,-0.58976209,-0.2654357,0
3.254204,2.5271187,2.1601579,0.7627086,0.58976209,0.2654357,0
2.0867224,2.768898,2.1861124,-0.39603359,0.10142581,0.91261715,0
-1.3964444,-0.026045352,1.0689168,-0.39603359,0.10142581,0.91261715,0
-0.38542414,0.53096658,1.5584962,-0.39603359,0.10142581,0.91261715,0
-4.0943804,-2.1180243,0.058997869,-0.7627086,-0.58976209,-0.2654357,0
3.43818,2.0408423,2.4747775,0.7627086,0.58976209,0.2654357,0
-1.0133139,-1.6211305,-2.0804615,0.39603359,-0.10142581,-0.91261715,0
-3.0635343,-3.0450718,-1.0158064,-0.7627086,-0.58976209,-0.2654357,0
-3.3563576,-2.8137527,-0.76461601,-0.7627086,-0.58976209,-0.2654357,0
1.3680587,2.2041557,-0.42179441,-0.51130503,0.80118251,-0.31092387,0
1.4627978,1.7356725,-0.926175,-0.51130503,0.80118251,-0.31092387,0
3.3280149,2.6483512,1.7127409,0.7627086,0.58976209,0.2654357,0
-1.7582927,-2.4135771,-2.0828321,0.39603359,-0.10142581,-0.91261715,0
-0.08407557,0.43443072,-1.7115719,0.39603359,-0.10142581,-0.91261715,0
2.9338973,3.1559489,1.9032125,0.7627086,0.58976209,0.2654357,0
1.1435043,0.81165946,2.2131801,-0.39603359,0.10142581,0.91261715,0
-2.8921278,-2.9494259,-2.0112009,-0.7627086,-0.58976209,-0.2654357,0
3.5545921,2.9731276,0.19272947,0.7627086,0.58976209,0.2654357,0
0.46735191,-0.6426242,-1.5717604,0.39603359,-0.10142581,-0.91261715,0
-2.7213566,-3.0244107,-2.3497753,-0.7627086,-0.58976209,-0.2654357,0
2.541594,0.8046456,-0.50019145,0.39603359,-0.10142581,-0.91261715,0
3.1496007,3.1263821,0.89343596,0.7627086,0.58976209,0.2654357,0
-1.1004112,-1.8662318,-0.21115053,0.51130503,-0.80118251,0.31092387,0
2.8557212,1.0529175,-0.7368927,0.39603359,-0.10142581,-0.91261715,0
-1.0347142,0.93735504,0.31288382,-0.51130503,0.80118251,-0.31092387,0
0.28496033,0.67899501,1.5932491,-0.39603359,0.10142581,0.91261715,0
0.1262399,0.79118663,-1.4027448,-0.51130503,0.80118251,-0.31092387,0
-2.0569644,-2.9168632,-1.1364717,0.51130503,-0.80118251,0.31092387,0
-3.4388621,-3.0366318,-0.22412157,-0.7627086,-0.58976209,-0.2654357,0
2.9595249,3.3431642,1.4317398,0.7627086,0.58976209,0.2654357,0
-1.2119865,-2.4176199,-0.89160478,0.51130503,-0.80118251,0.31092387,0
0.4293071,2.1376519,1.1245694,-0.51130503,0.80118251,-0.31092387,0
1.9075277,3.1320286,1.9533422,-0.39603359,0.10142581,0.91261715,0
2.1843908,1.0533078,1.7759039,0.51130503,-0.80118251,0.31092387,0
-3.8481596,-2.8877645,-0.2214551,-0.7627086,-0.58976209,-0.2654357,0
1.09349,1.5659415,-1.0538757,-0.51130503,0.80118251,-0.31092387,0
-3.5780237,-3.0837328,-0.37551808,-0.7627086,-0.58976209,-0.2654357,0
-2.5183601,-2.8598702,0.60933876,0.51130503,-0.80118251,0.31092387,0
2.790293,0.75339484,0.075206518,0.51130503,-0.80118251,0.31092387,0
3.1610579,1.4091969,1.0573685,0.51130503,-0.80118251,0.31092387,0
2.0874186,0.2868948,-0.7452172,0.39603359,-0.10142581,-0.91261715,0
-1.3768276,0.45170569,0.8645336,-0.39603359,0.10142581,0.91261715,0
2.6563568,1.3691018,2.8421893,-0.39603359,0.10142581,0.91261715,0
1.4267261,1.8368706,-0.61236477,-0.51130503,0.80118251,-0.31092387,0
-1.8355386,-3.0272832,-1.6352961,0.51130503,-0.80118251,0.31092387,0
-2.0538609,-1.2741376,0.94788992,-0.39603359,0.10142581,0.91261715,0
2.1082499,0.38354698,-0.57292449,0.39603359,-0.10142581,-0.91261715,0
-3.8452845,-2.6373053,0.1308732,-0.7627086,-0.58976209,-0.2654357,0
0.27985778,-0.87775445,-0.093173474,0.51130503,-0.80118251,0.31092387,0
-4.3796444,-2.2978053,0.18886375,-0.7627086,-0.58976209,-0.2654357,0
0.32201806,-1.3163188,-0.068611637,0.51130503,-0.80118251,0.31092387,0
3.6343017,2.6720393,0.70036125,0.7627086,0.58976209,0.2654357,0
1.5044326,0.25575963,-1.1801229,0.39603359,-0.10142581,-0.91261715,0
-1.5915928,-0.61190712,-1.5649587,-0.51130503,0.80118251,-0.31092387,0
-2.9375443,-0.40101048,0.50142312,-0.39603359,0.10142581,0.91261715,0
3.4400625,0.8089565,-0.41055655,0.39603359,-0.10142581,-0.91261715,0
3.4834442,2.4419663,0.9467752,0.7627086,0.58976209,0.2654357,0
0.59524691,1.2981195,-1.1095216,-0.51130503,0.80118251,-0.31092387,0
-0.35229039,-0.63594031,1.455693,-0.39603359,0.10142581,0.91261715,0
-1.4872885,0.13370562,1.0967411,-0.39603359,0.10142581,0.91261715,0
-1.1035284,0.27736205,-0.63363546,-0.51130503,0.80118251,-0.31092387,0
-1.5146682,-0.59053349,1.0428226,-0.39603359,0.10142581,0.91261715,0
1.7444098,0.20488855,-0.7926783,0.39603359,-0.10142581,-0.91261715,0
-0.13601226,0.92405367,-0.36833417,-0.51130503,0.80118251,-0.31092387,0
0.19211245,-0.76102728,0.88752437,0.51130503,-0.80118251,0.31092387,0
-3.134758,-0.75646937,0.53335273,-0.39603359,0.10142581,0.91261715,0
-3.5276151,-2.9765706,-0.40748429,-0.7627086,-0.58976209,-0.2654357,0
0.91579336,1.2710729,1.8122565,-0.39603359,0.10142581,0.91261715,0
-1.3757358,-0.25333047,1.0408177,-0.39603359,0.10142581,0.91261715,0
3.4708242,1.9558855,2.6452448,0.51130503,-0.80118251,0.31092387,0
1.1414096,-0.67478526,-1.0872774,0.39603359,-0.10142581,-0.91261715,0
-2.2325404,-3.1559508,-2.2153776,0.39603359,-0.10142581,-0.91261715,0
3.8144853,2.340759,1.5182965,0.7627086,0.58976209,0.2654357,0
-3.8768625,-2.1817667,-0.57172871,-0.7627086,-0.58976209,-0.2654357,0
-4.4776936,-1.9741299,-0.085157156,-0.7627086,-0.58976209,-0.2654357,0
-0.68517876,-1.1400959,1.2699697,0.51130503,-0.80118251,0.31092387,0
3.3658955,2.9624829,0.32555556,0.7627086,0.58976209,0.2654357,0
1.6306815,1.9019728,-0.87032491,-0.51130503,0.80118251,-0.31092387,0
-3.2954535,-1.6505352,0.20918965,-0.39603359,0.10142581,0.91261715,0
2.1501181,2.578074,2.2857285,-0.39603359,0.10142581,0.91261715,0
2.508554,0.16152894,-0.35712838,0.51130503,-0.80118251,0.31092387,0
-3.0701921,-3.270541,-1.1681147,-0.7627086,-0.58976209,-0.2654357,0
-2.4238577,-1.0087925,0.64541626,-0.39603359,0.10142581,0.91261715,0
3.4948308,2.3777947,1.881891,0.7627086,0.58976209,0.2654357,0
-0.65238535,-0.15931875,-1.8769417,0.39603359,-0.10142581,-0.91261715,0
-0.11189717,-1.0168835,1.0015053,0.51130503,-0.80118251,0.31092387,0
-3.950953,-2.7407403,-0.14461398,-0.7627086,-0.58976209,-0.2654357,0
2.5358005,1.7766913,-0.86098051,0.39603359,-0.10142581,-0.91261715,0
-2.585511,-1.7394242,-2.6773615,0.39603359,-0.10142581,-0.91261715,0
-0.68130147,-2.3679793,-1.8027616,0.39603359,-0.10142581,-0.91261715,0
2.7596827,1.4449402,-0.68792641,0.39603359,-0.10142581,-0.91261715,0
-3.4004152,-3.0040092,-1.0896192,-0.7627086,-0.58976209,-0.2654357,0
3.08375,1.2396795,-0.55837333,0.39603359,-0.10142581,-0.91261715,0
-3.4079492,-1.5093473,-1.0273368,-0.51130503,0.80118251,-0.31092387,0
1.0731177,0.27949244,-1.0805202,0.39603359,-0.10142581,-0.91261715,0
1.1998867,-0.50473219,0.24976879,0.51130503,-0.80118251,0.31092387,0
-0.45378831,-1.7479315,-0.76105344,0.51130503,-0.80118251,0.31092387,0
-2.7595656,-1.088185,-1.3583906,-0.51130503,0.80118251,-0.31092387,0
-2.9087458,-2.6494908,-2.4540465,-0.7627086,-0.58976209,-0.2654357,0
-2.4249353,-0.6701349,-1.3664672,-0.51130503,0.80118251,-0.31092387,0
-3.493536,-1.6840814,0.47163391,-0.39603359,0.10142581,0.91261715,0
-3.3466554,-3.0872056,0.011545658,-0.7627086,-0.58976209,-0.2654357,0
-3.2476208,-2.5918961,-1.3061402,-0.7627086,-0.58976209,-0.2654357,0
2.4616623,2.2849743,-0.67180359,0.39603359,-0.10142581,-0.91261715,0
-3.3302045,-3.0334322,-0.033441782,-0.7627086,-0.58976209,-0.2654357,0
1.4428948,0.14548331,-1.1075077,0.39603359,-0.10142581,-0.91261715,0
-3.1572332,-3.1701181,-0.93988419,-0.7627086,-0.58976209,-0.2654357,0
2.5024855,3.6200547,1.9324212,0.7627086,0.58976209,0.2654357,0
0.73670846,-0.27452916,1.5233729,0.51130503,-0.80118251,0.31092387,0
-2.705457,-2.5653222,0.64313281,-0.39603359,0.10142581,0.91261715,0
-2.8646359,-3.0983803,-1.4656568,-0.7627086,-0.58976209,-0.2654357,0
-2.410074,-0.47781974,-0.63223028,-0.51130503,0.80118251,-0.31092387,0
-2.4551914,-1.1762168,0.6144588,-0.39603359,0.10142581,0.91261715,0
2.7567322,3.3672769,0.70204067,-0.51130503,0.80118251,-0.31092387,0
3.4806111,2.4846756,1.5718374,0.7627086,0.58976209,0.2654357,0
3.820219,2.4756908,0.74076724,0.7627086,0.58976209,0.2654357,0
3.454838,2.1595936,2.5434678,0.7627086,0.58976209,0.2654357,0
3.0982502,2.6295924,2.1613488,0.7627086,0.58976209,0.2654357,0
-4.1374664,-1.9185619,-0.61620808,-0.7627086,-0.58976209,-0.2654357,0
1.9694209,3.4059076,1.9491243,-0.39603359,0.10142581,0.91261715,0
3.4034686,3.2481022,0.44081354,0.7627086,0.58976209,0.2654357,0
2.88711,3.4408472,0.94014001,0.7627086,0.58976209,0.2654357,0
0.71119344,1.3107998,-0.3704958,-0.51130503,0.80118251,-0.31092387,0
1.1522624,2.484319,1.5467891,-0.51130503,0.80118251,-0.31092387,0
3.3586345,3.4184539,0.20985246,0.7627086,0.58976209,0.2654357,0
-0.37105906,-0.39199835,1.5242828,-0.39603359,0.10142581,0.91261715,0
-3.9807184,-2.2758193,-0.94056416,-0.7627086,-0.58976209,-0.2654357,0
1.383931,2.8134351,1.3888013,-0.51130503,0.80118251,-0.31092387,0
2.3097715,3.4201417,2.1695626,-0.39603359,0.10142581,0.91261715,0
-3.4592006,-1.713958,-1.5002241,-0.51130503,0.80118251,-0.31092387,0
1.2937756,2.2620058,1.7457246,-0.39603359,0.10142581,0.91261715,0
4.1754203,2.1612926,0.87747455,0.7627086,0.58976209,0.2654357,0
-2.9355764,-1.2752184,0.35847402,-0.39603359,0.10142581,0.91261715,0
2.6544104,3.4136271,2.041965,0.7627086,0.58976209,0.2654357,0
-2.4244995,-1.357965,0.95706511,-0.39603359,0.10142581,0.91261715,0
3.8441093,2.2307127,1.0560775,0.7627086,0.58976209,0.2654357,0
-1.6313281,-1.167681,-2.1162958,0.39603359,-0.10142581,-0.91261715,0
2.3931911,2.7528999,2.4207928,-0.39603359,0.10142581,0.91261715,0
3.0404801,2.315053,2.3618903,0.7627086,0.58976209,0.2654357,0
0.40643346,0.61629725,-1.3563403,0.39603359,-0.10142581,-0.91261715,0
3.6975307,2.5332587,1.2498515,0.7627086,0.58976209,0.2654357,0
2.8552985,2.8630447,1.9695866,0.7627086,0.58976209,0.2654357,0
-3.5095475,-2.3462214,-1.9375677,-0.7627086,-0.58976209,-0.2654357,0
0.018337905,-0.97638035,0.57744861,0.51130503,-0.80118251,0.31092387,0
-2.963181,-3.2088721,-0.72786117,-0.7627086,-0.58976209,-0.2654357,0
-0.822065,0.043598235,-2.0254097,-0.51130503,0.80118251,-0.31092387,0
-2.8157647,-2.600235,-2.3611391,-0.7627086,-0.58976209,-0.2654357,0
0.19305825,1.9341086,0.85951573,-0.51130503,0.80118251,-0.31092387,0
-3.2159648,-1.0670302,0.1981082,-0.39603359,0.10142581,0.91261715,0
-2.4027741,-1.1281471,-2.2205791,-0.51130503,0.80118251,-0.31092387,0
-3.2347918,-2.5599601,-2.1571872,-0.7627086,-0.58976209,-0.2654357,0
-0.53811836,-0.17871588,-1.8255239,0.39603359,-0.10142581,-0.91261715,0
-3.6779675,-3.2859859,0.30695081,-0.7627086,-0.58976209,-0.2654357,0
2.1073809,2.4507532,2.0870624,-0.39603359,0.10142581,0.91261715,0
1.7391704,0.08607427,0.022206664,0.51130503,-0.80118251,0.31092387,0
-2.390703,-3.3791106,-2.1549888,0.39603359,-0.10142581,-0.91261715,0
-2.7171717,-1.4089122,0.44387114,-0.39603359,0.10142581,0.91261715,0
-3.5571694,-1.454515,-0.96165657,-0.51130503,0.80118251,-0.31092387,0
2.5888786,1.6080329,2.4074662,-0.39603359,0.10142581,0.91261715,0
-2.2152455,-3.1949849,-1.5558681,0.51130503,-0.80118251,0.31092387,0
-2.6719928,-2.9221992,0.34909034,0.51130503,-0.80118251,0.31092387,0
-3.5100765,-1.1522824,0.42730069,-0.39603359,0.10142581,0.91261715,0
-0.24157941,-1.3782268,0.13299608,0.51130503,-0.80118251,0.31092387,0
2.8122959,3.2429948,1.0313091,0.7627086,0.58976209,0.2654357,0
3.8555541,1.1194693,-0.24156547,0.39603359,-0.10142581,-0.91261715,0
1.593642,1.3929275,-1.2952439,0.39603359,-0.10142581,-0.91261715,0
1.5774503,1.3521682,2.060497,-0.39603359,0.10142581,0.91261715,0
3.8373799,1.9591088,1.5342288,0.7627086,0.58976209,0.2654357,0
3.1208191,1.5880165,2.1903014,0.51130503,-0.80118251,0.31092387,0
-1.140108,-1.1459771,1.1045444,-0.39603359,0.10142581,0.91261715,0
-2.9898496,-2.4276357,-2.2455251,-0.7627086,-0.58976209,-0.2654357,0
-1.6602159,-0.22564732,-0.72188687,-0.51130503,0.80118251,-0.31092387,0
-2.5922761,-0.36064488,0.39918125,-0.51130503,0.80118251,-0.31092387,0
-1.9996693,-2.9337521,-2.3116102,0.39603359,-0.10142581,-0.91261715,0
1.3760977,2.4523177,1.3892355,-0.51130503,0.80118251,-0.31092387,0
3.1841788,3.2016225,0.9315877,0.7627086,0.58976209,0.2654357,0
-2.9935544,-3.3226368,-1.1874676,-0.7627086,-0.58976209,-0.2654357,0
-2.9234705,-2.9095535,-1.784657,-0.7627086,-0.58976209,-0.2654357,0
2.1615963,3.5724614,2.2645957,0.7627086,0.58976209,0.2654357,0
-1.1015506,-0.44049481,-2.0148535,0.39603359,-0.10142581,-0.91261715,0
3.2544701,1.218574,1.2712774,0.51130503,-0.80118251,0.31092387,0
-2.4708707,-2.768703,0.73081124,-0.39603359,0.10142581,0.91261715,0
-3.0178566,-2.7467921,-2.002851,-0.7627086,-0.58976209,-0.2654357,0
0.76716667,1.6512001,-0.54702449,-0.51130503,0.80118251,-0.31092387,0
-1.1413432,0.58600557,-0.069323421,-0.51130503,0.80118251,-0.31092387,0
-0.89620113,0.28208697,-1.6456742,-0.51130503,0.80118251,-0.31092387,0
-3.2981315,-2.3670225,-1.9017682,-0.7627086,-0.58976209,-0.2654357,0
-3.1545048,-2.831907,-1.9027443,-0.7627086,-0.58976209,-0.2654357,0
4.1683097,2.0567222,0.84417129,0.7627086,0.58976209,0.2654357,0
-3.1339629,-1.3032448,-0.9053638,-0.51130503,0.80118251,-0.31092387,0
2.9281654,3.0995827,1.9854414,0.7627086,0.58976209,0.2654357,0
0.47909725,-1.1948329,-0.55030549,0.51130503,-0.80118251,0.31092387,0
0.55645972,1.334847,1.6794057,-0.39603359,0.10142581,0.91261715,0
-3.4096715,-2.3012562,-1.8011451,-0.7627086,-0.58976209,-0.2654357,0
-3.3676386,-1.8955886,-2.9903746,-0.51130503,0.80118251,-0.31092387,0
-0.47027907,-1.5196055,-0.019325376,0.51130503,-0.80118251,0.31092387,0
-1.0178891,-0.51310647,1.2416109,-0.39603359,0.10142581,0.91261715,0
0.93261564,-0.88105541,-0.58983773,0.51130503,-0.80118251,0.31092387,0
-3.2017024,-2.6761885,-1.0726941,-0.7627086,-0.58976209,-0.2654357,0
3.52667,1.6976817,2.4087243,0.51130503,-0.80118251,0.31092387,0
3.989327,2.2622249,1.039629,0.7627086,0.58976209,0.2654357,0
-2.3308949,-1.767949,0.97737926,-0.39603359,0.10142581,0.91261715,0
1.7146573,1.2869635,2.2557707,-0.39603359,0.10142581,0.91261715,0
0.69075745,1.7143376,1.6523629,-0.39603359,0.10142581,0.91261715,0
-0.64530623,-1.7523781,-1.8097954,0.39603359,-0.10142581,-0.91261715,0
3.009059,3.3254714,-0.14438701,-0.51130503,0.80118251,-0.31092387,0
-0.82527423,-1.9562203,-0.91183817,0.51130503,-0.80118251,0.31092387,0
-2.6441689,-3.2308857,-1.9236336,-0.7627086,-0.58976209,-0.2654357,0
-0.38991314,-0.77904284,-1.7936153,0.39603359,-0.10142581,-0.91261715,0
-4.0285769,-2.5648365,0.2153213,-0.7627086,-0.58976209,-0.2654357,0
-1.0722483,-2.3331122,-1.7906659,0.39603359,-0.10142581,-0.91261715,0
1.5558257,2.2597156,1.9875906,-0.39603359,0.10142581,0.91261715,0
-0.3521868,0.18344054,1.3015407,-0.39603359,0.10142581,0.91261715,0
-1.4663594,0.37480059,0.77498305,-0.39603359,0.10142581,0.91261715,0
1.2888207,2.360832,0.86857128,-0.51130503,0.80118251,-0.31092387,0
1.5238042,1.9275683,-0.30347753,-0.51130503,0.80118251,-0.31092387,0
-1.008083,-0.02455619,1.4004341,-0.39603359,0.10142581,0.91261715,0
3.9299417,2.366818,0.15269995,0.7627086,0.58976209,0.2654357,0
-1.0047735,-1.8029776,-1.8661932,0.39603359,-0.10142581,-0.91261715,0
-3.3810284,-3.1134198,-0.29294562,-0.7627086,-0.58976209,-0.2654357,0
-1.8259435,-0.22314644,-1.053405,-0.51130503,0.80118251,-0.31092387,0
-3.1984758,-2.040611,-2.5728872,-0.51130503,0.80118251,-0.31092387,0
-2.9909718,-0.93961442,0.32584929,-0.39603359,0.10142581,0.91261715,0
-0.8387562,-1.0966593,1.4684528,-0.39603359,0.10142581,0.91261715,0
-3.0364802,-2.2657816,-2.5944121,0.39603359,-0.10142581,-0.91261715,0
-0.82469445,-1.4519655,0.82527959,0.51130503,-0.80118251,0.31092387,0
-3.1653824,-3.3947001,-1.0339468,-0.7627086,-0.58976209,-0.2654357,0
2.6130824,0.99853945,-0.41982543,0.39603359,-0.10142581,-0.91261715,0
2.7684259,3.1882229,1.6249409,0.7627086,0.58976209,0.2654357,0
-2.9215655,-2.0090907,-2.5385098,0.39603359,-0.10142581,-0.91261715,0
-2.7405574,-3.4053617,-1.4906318,-0.7627086,-0.58976209,-0.2654357,0
-3.9819314,-1.4602599,-0.86396337,-0.51130503,0.80118251,-0.31092387,0
-1.589514,-0.082720906,-1.0788773,-0.51130503,0.80118251,-0.31092387,0
1.5666124,1.908627,-0.53264463,-0.51130503,0.80118251,-0.31092387,0
-2.5381832,-2.9292209,-0.21605206,0.51130503,-0.80118251,0.31092387,0
1.6607355,1.8721766,2.0056088,-0.39603359,0.10142581,0.91261715,0
2.6290569,3.494921,2.0041604,0.7627086,0.58976209,0.2654357,0
4.0522985,2.1565814,-0.064685822,0.7627086,0.58976209,0.2654357,0
3.5627382,1.2284713,-0.40827441,0.39603359,-0.10142581,-0.91261715,0
3.5960174,2.5961659,0.17940235,0.7627086,0.58976209,0.2654357,0
0.7978493,-0.80715191,-0.3039318,0.51130503,-0.80118251,0.31092387,0
4.2840891,2.4082575,-0.038630962,0.7627086,0.58976209,0.2654357,0
1.9544921,2.4017825,2.0315378,-0.39603359,0.10142581,0.91261715,0
-2.8325098,-3.1911809,-1.0555577,-0.7627086,-0.58976209,-0.2654357,0
1.8637586,2.207412,0.022367239,-0.51130503,0.80118251,-0.31092387,0
0.048479348,-0.95130557,0.37710026,0.51130503,-0.80118251,0.31092387,0
-3.9142799,-2.2349911,0.052167654,-0.39603359,0.10142581,0.91261715,0
-3.0709844,-1.7918656,-2.8512657,0.39603359,-0.10142581,-0.91261715,0
2.7162695,2.6417344,-0.91151142,0.39603359,-0.10142581,-0.91261715,0
2.0958891,3.2657852,2.1523695,-0.39603359,0.10142581,0.91261715,0
0.46346533,-1.2831308,-1.4200476,0.39603359,-0.10142581,-0.91261715,0
3.3274264,2.9664621,0.32980514,0.7627086,0.58976209,0.2654357,0
-3.3404191,-0.86495209,-0.52566433,-0.51130503,0.80118251,-0.31092387,0
3.7563632,1.5038948,0.89723539,0.51130503,-0.80118251,0.31092387,0
-4.0210762,-2.1572115,-0.98740888,-0.7627086,-0.58976209,-0.2654357,0
-3.7754259,-2.5523596,-0.20055985,-0.7627086,-0.58976209,-0.2654357,0
-0.79409039,-0.31962305,-1.7822975,0.39603359,-0.10142581,-0.91261715,0
-2.6142776,-1.4749575,-2.3502195,-0.51130503,0.80118251,-0.31092387,0
2.5416427,0.29369092,-0.14072978,0.51130503,-0.80118251,0.31092387,0
0.1732645,-0.032433271,1.5508389,-0.39603359,0.10142581,0.91261715,0
3.5778003,2.9715354,0.24410987,0.7627086,0.58976209,0.2654357,0
3.1530128,2.4824171,1.8032155,0.7627086,0.58976209,0.2654357,0
4.128047,1.6928651,0.97361851,0.7627086,0.58976209,0.2654357,0
3.7507915,2.2394612,1.3512886,0.7627086,0.58976209,0.2654357,0
2.5478892,1.7311448,2.7163694,-0.39603359,0.10142581,0.91261715,0
1.7006919,0.73406678,2.2042313,0.51130503,-0.80118251,0.31092387,0
3.0915205,3.2007818,0.23926806,-0.51130503,0.80118251,-0.31092387,0
-2.8525312,-3.5762262,-1.2923846,-0.7627086,-0.58976209,-0.2654357,0
-3.201519,-2.5194316,-2.0133722,-0.7627086,-0.58976209,-0.2654357,0
-3.4771922,-2.3820441,-1.5857749,-0.7627086,-0.58976209,-0.2654357,0
2.9510684,2.866894,1.6558828,0.7627086,0.58976209,0.2654357,0
3.7256837,2.1766448,-0.37448764,0.39603359,-0.10142581,-0.91261715,0
2.3805258,3.2955625,2.0730119,0.7627086,0.58976209,0.2654357,0
1.4549103,1.0887847,2.3382742,-0.39603359,0.10142581,0.91261715,0
-1.1512301,0.43285128,-0.79031134,-0.51130503,0.80118251,-0.31092387,0
-0.22668684,-0.22685128,1.5797753,-0.39603359,0.10142581,0.91261715,0
0.063279033,-0.24244893,1.6363282,-0.39603359,0.10142581,0.91261715,0
-0.43547547,-0.14498812,-1.9261281,0.39603359,-0.10142581,-0.91261715,0
-1.5359929,-2.3373301,-0.36085331,0.51130503,-0.80118251,0.31092387,0
2.8129823,3.5516601,1.5849564,0.7627086,0.58976209,0.2654357,0
-3.2976542,-3.0497594,-0.7407155,-0.7627086,-0.58976209,-0.2654357,0
0.84090841,-0.70000881,0.41530076,0.51130503,-0.80118251,0.31092387,0
-1.5279654,-1.74347,0.8200711,0.51130503,-0.80118251,0.31092387,0
-3.5828884,-2.2195592,-1.8080714,-0.7627086,-0.58976209,-0.2654357,0
-3.7523093,-2.4980426,-1.0389676,-0.7627086,-0.58976209,-0.2654357,0
-4.0662856,-2.3100977,-0.13700128,-0.7627086,-0.58976209,-0.2654357,0
-4.0260611,-1.556201,-0.28916907,-0.51130503,0.80118251,-0.31092387,0
-0.70676029,-0.95850623,-2.0318794,0.39603359,-0.10142581,-0.91261715,0
0.70873237,2.532969,1.504753,-0.51130503,0.80118251,-0.31092387,0
-1.5986892,-1.1988249,1.1524168,-0.39603359,0.10142581,0.91261715,0
-3.6829894,-2.4319773,-1.4342358,-0.7627086,-0.58976209,-0.2654357,0
-1.6049324,-0.01295805,-1.0975481,-0.51130503,0.80118251,-0.31092387,0
-1.3973029,-2.301389,-0.35446799,0.51130503,-0.80118251,0.31092387,0
1.5658365,1.5524983,-1.0256138,0.39603359,-0.10142581,-0.91261715,0
3.6462696,1.6808085,0.91216254,0.51130503,-0.80118251,0.31092387,0
3.9457994,2.6927578,-0.26162481,0.39603359,-0.10142581,-0.91261715,0
3.3715131,2.4178133,1.5947611,0.7627086,0.58976209,0.2654357,0
2.3518219,0.95712137,1.791069,0.51130503,-0.80118251,0.31092387,0
-3.2336566,-3.1643541,0.69117641,0.51130503,-0.80118251,0.31092387,0
2.2007818,0.90385675,-0.93402439,0.39603359,-0.10142581,-0.91261715,0
-2.6302564,-0.80474639,0.70856905,-0.39603359,0.10142581,0.91261715,0
-3.7502594,-2.6865754,-0.019138813,-0.7627086,-0.58976209,-0.2654357,0
2.96345,0.75284851,-0.031960487,0.51130503,-0.80118251,0.31092387,0
-1.3247231,-1.1531096,0.99885744,-0.39603359,0.10142581,0.91261715,0
2.9134512,3.4204333,1.4306421,0.7627086,0.58976209,0.2654357,0
-0.04595989,1.3307668,0.14173099,-0.51130503,0.80118251,-0.31092387,0
-4.1900873,-2.2969499,0.23432374,-0.39603359,0.10142581,0.91261715,0
-2.7710867,-1.6253872,-2.7013791,0.39603359,-0.10142581,-0.91261715,0
-2.6694586,-3.220576,-0.59339404,0.51130503,-0.80118251,0.31092387,0
3.3142743,3.0876172,1.1899724,0.7627086,0.58976209,0.2654357,0
-1.7346344,-0.2909365,-0.79513681,-0.51130503,0.80118251,-0.31092387,0
1.7465822,-0.52782142,-0.50639421,0.51130503,-0.80118251,0.31092387,0
-3.2794387,-2.4739277,-2.3393548,-0.7627086,-0.58976209,-0.2654357,0
1.2206321,1.3365493,2.1404476,-0.39603359,0.10142581,0.91261715,0
1.5877099,0.39830461,-0.99124676,0.39603359,-0.10142581,-0.91261715,0
-0.83179551,-0.57229185,-2.022759,0.39603359,-0.10142581,-0.91261715,0
-0.62683892,1.0674963,0.85895169,-0.51130503,0.80118251,-0.31092387,0
3.5914567,2.9126654,0.8829329,0.7627086,0.58976209,0.2654357,0
3.3772638,2.5773463,2.2148967,0.7627086,0.58976209,0.2654357,0
0.45364386,-1.1884446,-1.3285518,0.39603359,-0.10142581,-0.91261715,0
3.9552498,2.6965628,-0.19920874,0.7627086,0.58976209,0.2654357,0
-4.1080384,-2.2341478,-0.83367801,-0.7627086,-0.58976209,-0.2654357,0
0.80332106,0.6358518,1.7464743,-0.39603359,0.10142581,0.91261715,0
2.7997422,0.52121067,-0.30601645,0.51130503,-0.80118251,0.31092387,0
-1.780617,-0.50588423,-1.1369756,-0.51130503,0.80118251,-0.31092387,0
3.008472,1.3117117,-0.63646233,0.39603359,-0.10142581,-0.91261715,0
-3.9824276,-2.425493,-0.61252093,-0.7627086,-0.58976209,-0.2654357,0
0.68799525,-0.55376518,0.92292404,0.51130503,-0.80118251,0.31092387,0
2.9176979,2.757715,2.079483,0.7627086,0.58976209,0.2654357,0
2.1269093,2.5330532,0.22860813,-0.51130503,0.80118251,-0.31092387,0
-3.394135,-2.7562985,-1.0324576,-0.7627086,-0.58976209,-0.2654357,0
1.3963919,2.1397121,1.9085697,-0.39603359,0.10142581,0.91261715,0
3.6455586,2.1904869,1.6150563,0.7627086,0.58976209,0.2654357,0
1.0739301,0.14347029,1.8671795,0.51130503,-0.80118251,0.31092387,0
2.1598344,0.097733378,-0.81343251,0.39603359,-0.10142581,-0.91261715,0
3.799185,2.1887226,1.3112445,0.7627086,0.58976209,0.2654357,0
-0.88417423,-1.2185359,1.1287059,0.51130503,-0.80118251,0.31092387,0
2.9445143,2.0314918,-0.61621273,0.39603359,-0.10142581,-0.91261715,0
-1.7486892,0.30532938,0.070123255,-0.51130503,0.80118251,-0.31092387,0
3.3222418,3.2020671,0.65328312,0.7627086,0.58976209,0.2654357,0
3.168103,2.3750663,2.4038744,0.7627086,0.58976209,0.2654357,0
0.75242746,-1.1212796,-1.2103132,0.39603359,-0.10142581,-0.91261715,0
4.387754,1.6160042,0.20309043,0.51130503,-0.80118251,0.31092387,0
-3.323029,-3.0072517,-1.214937,-0.7627086,-0.58976209,-0.2654357,0
1.9808757,0.92292047,2.309339,0.51130503,-0.80118251,0.31092387,0
-2.8231823,-3.136934,-1.7707963,-0.7627086,-0.58976209,-0.2654357,0
3.2928655,2.6045804,1.2019818,0.7627086,0.58976209,0.2654357,0
-2.9739447,-2.7399151,0.49193573,0.51130503,-0.80118251,0.31092387,0
-2.8534808,-2.9238358,0.21301937,0.51130503,-0.80118251,0.31092387,0
0.71169549,-1.4474627,-1.2793248,0.51130503,-0.80118251,0.31092387,0
-4.2255015,-2.2886155,-0.31807327,-0.7627086,-0.58976209,-0.2654357,0
0.045536578,1.6243781,1.3489463,-0.51130503,0.80118251,-0.31092387,0
3.2073989,3.2651913,0.80057073,0.7627086,0.58976209,0.2654357,0
-3.7946434,-2.18818,-1.2850697,-0.7627086,-0.58976209,-0.2654357,0
-0.07998395,-1.2613,0.15308028,0.51130503,-0.80118251,0.31092387,0
-3.7567532,-2.2689443,-1.6844747,-0.7627086,-0.58976209,-0.2654357,0
-2.0977352,-1.5057474,-2.4161792,0.39603359,-0.10142581,-0.91261715,0
-4.3670974,-1.7887306,-0.041423798,-0.7627086,-0.58976209,-0.2654357,0
-0.82241029,-2.0653372,-1.8073308,0.39603359,-0.10142581,-0.91261715,0
-2.8759177,-0.79487139,-0.48083186,-0.51130503,0.80118251,-0.31092387,0
-3.1183982,-3.3102193,-1.2385828,-0.7627086,-0.58976209,-0.2654357,0
2.0358613,3.2741508,1.4138634,-0.51130503,0.80118251,-0.31092387,0
-2.020772,-0.01661709,0.44973111,-0.51130503,0.80118251,-0.31092387,0
0.0048479736,-1.6929659,-1.2265096,0.51130503,-0.80118251,0.31092387,0
-1.5010165,-1.7524835,-1.8892519,0.39603359,-0.10142581,-0.91261715,0
-3.1421041,-0.57767588,0.094121695,-0.51130503,0.80118251,-0.31092387,0
1.7014167,2.3619061,1.9486592,-0.39603359,0.10142581,0.91261715,0
-4.3893738,-2.1615067,-0.22750926,-0.7627086,-0.58976209,-0.2654357,0
3.5421126,1.9664428,2.5147588,0.7627086,0.58976209,0.2654357,0
-3.5199814,-3.2869611,-0.062216997,-0.7627086,-0.58976209,-0.2654357,0
-2.2311044,-0.80892354,-1.9409173,-0.51130503,0.80118251,-0.31092387,0
1.2288758,0.85373962,-1.164353,0.39603359,-0.10142581,-0.91261715,0
-1.4213433,0.0012709796,0.82811487,-0.39603359,0.10142581,0.91261715,0
2.4608624,3.1619453,2.4277596,0.7627086,0.58976209,0.2654357,0
-3.7322035,-2.7012613,0.010240555,-0.7627086,-0.58976209,-0.2654357,0
1.3715336,-0.85243046,-0.76123184,0.39603359,-0.10142581,-0.91261715,0
3.8493299,1.8873854,1.120537,0.51130503,-0.80118251,0.31092387,0
-1.2018759,-1.4735863,1.3304249,-0.39603359,0.10142581,0.91261715,0
1.45102,0.37957549,2.0641978,-0.39603359,0.10142581,0.91261715,0
2.8798208,1.8938978,-0.61460495,0.39603359,-0.10142581,-0.91261715,0
3.5035398,1.9426787,2.0114772,0.7627086,0.58976209,0.2654357,0
-3.5943391,-2.3990791,-0.99249744,-0.7627086,-0.58976209,-0.2654357,0
-4.1397614,-1.9860278,-0.11358809,-0.7627086,-0.58976209,-0.2654357,0
2.3519359,2.2536149,2.5284333,-0.39603359,0.10142581,0.91261715,0
0.32160473,0.81546342,1.5125999,-0.39603359,0.10142581,0.91261715,0
-2.9164801,-0.3658739,0.18305004,-0.51130503,0.80118251,-0.31092387,0
3.0084987,2.6999605,-0.83259487,0.39603359,-0.10142581,-0.91261715,0
3.0984385,1.2139225,1.4856281,0.51130503,-0.80118251,0.31092387,0
1.7734525,1.4761794,-0.90587288,0.39603359,-0.10142581,-0.91261715,0
3.1318092,2.5671852,2.142432,0.7627086,0.58976209,0.2654357,0
1.5409338,-0.7517029,-1.0987172,0.39603359,-0.10142581,-0.91261715,0
3.4322433,2.1919243,1.6781919,0.7627086,0.58976209,0.2654357,0
0.56584561,1.0689038,-1.2801522,-0.51130503,0.80118251,-0.31092387,0
1.3532368,2.2250199,-0.23353684,-0.51130503,0.80118251,-0.31092387,0
2.9492838,1.9692984,2.5809917,-0.39603359,0.10142581,0.91261715,0
-2.4656005,-2.3682845,-2.5658967,0.39603359,-0.10142581,-0.91261715,0
2.9378273,3.0436287,2.3903577,0.7627086,0.58976209,0.2654357,0
-3.7165282,-1.9863727,-2.1521292,-0.7627086,-0.58976209,-0.2654357,0
4.0205326,2.0430923,1.5014701,0.7627086,0.58976209,0.2654357,0
3.3512385,2.1282468,2.8259437,0.51130503,-0.80118251,0.31092387,0
-1.7107161,0.56191713,0.76103485,-0.39603359,0.10142581,0.91261715,0
-2.3989894,-3.6236153,-2.0386567,-0.7627086,-0.58976209,-0.2654357,0
-1.658108,-0.80258393,-2.0463901,-0.51130503,0.80118251,-0.31092387,0
2.283344,0.43433034,-0.76346976,0.39603359,-0.10142581,-0.91261715,0
3.526217,2.2937038,1.2563047,0.7627086,0.58976209,0.2654357,0
-2.6853242,-3.1716549,-1.5294304,-0.7627086,-0.58976209,-0.2654357,0
1.6034732,2.8205266,1.0844281,-0.51130503,0.80118251,-0.31092387,0
-1.2802112,-2.3545883,-1.9200721,0.39603359,-0.10142581,-0.91261715,0
2.9421062,2.6903913,2.247227,0.7627086,0.58976209,0.2654357,0
2.9200096,1.4941612,-0.41598666,0.39603359,-0.10142581,-0.91261715,0
0.98457158,-0.39140642,1.1572654,0.51130503,-0.80118251,0.31092387,0
-2.8987479,-0.95444918,0.54195762,-0.39603359,0.10142581,0.91261715,0
-2.0110362,-1.9047338,-2.440624,0.39603359,-0.10142581,-0.91261715,0
2.0528526,1.6983995,-0.95248091,0.39603359,-0.10142581,-0.91261715,0
-4.1791768,-1.9564848,-0.20538902,-0.7627086,-0.58976209,-0.2654357,0
3.9700673,1.7070831,1.1474895,0.7627086,0.58976209,0.2654357,0
3.3872283,0.96870816,0.58388162,0.51130503,-0.80118251,0.31092387,0
-3.9656701,-1.7196699,0.19529009,-0.39603359,0.10142581,0.91261715,0
-3.622963,-1.9038366,0.19589496,-0.39603359,0.10142581,0.91261715,0
0.218961,-1.3293025,-1.2202241,0.39603359,-0.10142581,-0.91261715,0
-1.4629579,-1.1938539,0.9711107,-0.39603359,0.10142581,0.91261715,0
-0.39741352,-1.0219789,-1.8605354,0.39603359,-0.10142581,-0.91261715,0
-2.3547885,-0.43240553,0.75747532,-0.39603359,0.10142581,0.91261715,0
-0.53567314,1.3740546,0.78186715,-0.51130503,0.80118251,-0.31092387,0
2.1784782,1.0843071,2.5426438,-0.39603359,0.10142581,0.91261715,0
0.84770632,2.6513672,1.8002896,-0.39603359,0.10142581,0.91261715,0
1.0819141,1.2524611,-1.1937881,0.39603359,-0.10142581,-0.91261715,0
-3.1408944,-0.75949025,0.58129919,-0.39603359,0.10142581,0.91261715,0
0.97969449,-0.82629776,-0.38832945,0.51130503,-0.80118251,0.31092387,0
-0.41595441,-1.1612512,0.69243008,0.51130503,-0.80118251,0.31092387,0
-0.20328972,1.091817,-0.66482776,-0.51130503,0.80118251,-0.31092387,0
3.9610276,1.9580981,0.48016548,0.7627086,0.58976209,0.2654357,0
2.1868892,3.1288166,2.1263664,-0.39603359,0.10142581,0.91261715,0
4.230567,1.6533846,0.97562528,0.7627086,0.58976209,0.2654357,0
1.9173205,0.45109844,1.4387748,0.51130503,-0.80118251,0.31092387,0
-2.1221936,-3.4406257,-1.8906326,0.51130503,-0.80118251,0.31092387,0
2.9212012,2.4057689,-0.52683854,0.39603359,-0.10142581,-0.91261715,0
0.89599812,1.7406359,1.9669493,-0.39603359,0.10142581,0.91261715,0
-1.1958749,-2.3409169,-0.5868696,0.51130503,-0.80118251,0.31092387,0
1.8961484,0.58867025,-0.92056203,0.39603359,-0.10142581,-0.91261715,0
1.6739444,2.5665379,2.284373,-0.39603359,0.10142581,0.91261715,0
3.5754452,1.9233235,1.9066253,0.7627086,0.58976209,0.2654357,0
1.9911538,2.6323314,-0.29108584,-0.51130503,0.80118251,-0.31092387,0
-4.1468148,-1.9533114,-1.1642964,-0.7627086,-0.58976209,-0.2654357,0
-3.286586,-2.7828839,-1.6086216,-0.7627086,-0.58976209,-0.2654357,0
-3.6366765,-1.354269,-0.4284358,-0.51130503,0.80118251,-0.31092387,0
1.9468048,0.39262128,-0.85505593,0.39603359,-0.10142581,-0.91261715,0
2.6520257,3.623271,1.8570282,0.7627086,0.58976209,0.2654357,0
-1.5617566,-0.79486346,-2.3294477,0.39603359,-0.10142581,-0.91261715,0
1.9209244,0.76124775,1.9502331,0.51130503,-0.80118251,0.31092387,0
-1.8462641,-0.9626503,-2.3205934,-0.51130503,0.80118251,-0.31092387,0
3.3491313,2.9046638,0.26558256,0.7627086,0.58976209,0.2654357,0
-2.9421611,-0.57171744,0.62947094,-0.39603359,0.10142581,0.91261715,0
3.713407,1.7511506,2.2211788,0.7627086,0.58976209,0.2654357,0
-3.1296027,-2.8594394,-2.2361658,-0.7627086,-0.58976209,-0.2654357,0
3.2461181,2.1237688,2.5561521,0.7627086,0.58976209,0.2654357,0
2.3791025,3.2116446,1.5949006,-0.51130503,0.80118251,-0.31092387,0
-2.7190242,-2.1912301,0.54177403,-0.39603359,0.10142581,0.91261715,0
2.9212029,3.4412172,1.5471635,0.7627086,0.58976209,0.2654357,0
1.4857175,2.3350766,1.882443,-0.39603359,0.10142581,0.91261715,0
-1.4841182,-0.1068868,-1.6780821,-0.51130503,0.80118251,-0.31092387,0
0.82576722,-0.87951505,-0.058784395,0.51130503,-0.80118251,0.31092387,0
1.8443725,2.9895911,2.0983005,-0.39603359,0.10142581,0.91261715,0
-3.2004616,-2.5855477,-1.3802025,-0.7627086,-0.58976209,-0.2654357,0
1.8383875,-0.17949054,-0.53021282,0.51130503,-0.80118251,0.31092387,0
-3.3774858,-1.657529,0.42814493,-0.39603359,0.10142581,0.91261715,0
1.7324722,2.4739645,-0.29545414,-0.51130503,0.80118251,-0.31092387,0
2.854075,3.4891663,1.2011328,0.7627086,0.58976209,0.2654357,0
3.286181,2.3895726,2.7187321,0.7627086,0.58976209,0.2654357,0
