-1.2412131,-1.3219719,-1.5336062,-0.33782995,-0.8759855,-0.34426773,0
-0.15147901,2.4384599,0.21109068,0.33782995,0.8759855,0.34426773,0
1.3469397,2.3338027,-1.1048454,0.33782995,0.8759855,0.34426773,0
-0.23276782,0.93167418,2.636095,-0.93673408,0.27730775,0.2136106,0
0.88184786,1.7084312,-1.6623724,-0.091651633,0.39465141,-0.91424847,0
-0.89481974,1.1177169,0.16470331,-0.93673408,0.27730775,0.2136106,0
-0.59726167,2.2346988,-0.22186691,-0.93673408,0.27730775,0.2136106,0
-0.679676,0.30712301,1.1684747,-0.93673408,0.27730775,0.2136106,0
-0.29620719,-1.6952187,-1.0335512,-0.33782995,-0.8759855,-0.34426773,0
-1.3831842,-0.11701834,-2.146662,-0.091651633,0.39465141,-0.91424847,0
0.16059715,0.92089987,-1.7133849,-0.091651633,0.39465141,-0.91424847,0
-0.51317978,-2.4555469,0.39675039,-0.33782995,-0.8759855,-0.34426773,0
-1.0555794,-0.72871602,-2.2268138,-0.091651633,0.39465141,-0.91424847,0
0.73578644,2.4555404,-1.0217259,-0.091651633,0.39465141,-0.91424847,0
0.62054217,-0.62470973,1.8485763,0.091651633,-0.39465141,0.91424847,0
-1.0352583,-0.69970942,1.4280338,-0.93673408,0.27730775,0.2136106,0
0.75312412,2.1448104,-1.5254822,-0.091651633,0.39465141,-0.91424847,0
1.0679951,2.1876516,-1.2578489,0.33782995,0.8759855,0.34426773,0
-0.53690398,1.045928,1.0092348,-0.93673408,0.27730775,0.2136106,0
1.0303409,-0.23689723,-0.02588287,0.93673408,-0.27730775,-0.2136106,0
1.4850377,1.1121017,0.95515376,0.93673408,-0.27730775,-0.2136106,0
-0.086070776,1.1824509,2.4442375,-0.93673408,0.27730775,0.2136106,0
-0.59290266,0.6206221,1.9559065,-0.93673408,0.27730775,0.2136106,0
-0.82164299,-0.68091601,-2.6172609,-0.091651633,0.39465141,-0.91424847,0
0.075585723,-1.2512795,1.4682796,0.091651633,-0.39465141,0.91424847,0
-0.077718019,2.3394382,-0.50189066,0.33782995,0.8759855,0.34426773,0
-1.315995,-1.4704046,-1.0797397,-0.33782995,-0.8759855,-0.34426773,0
0.43358922,0.71671885,2.4390702,0.091651633,-0.39465141,0.91424847,0
1.0154994,1.7938946,0.24437225,0.33782995,0.8759855,0.34426773,0
-0.94418526,-1.2295911,-1.1985857,-0.33782995,-0.8759855,-0.34426773,0
-1.1200383,-0.54308307,-2.1769862,-0.091651633,0.39465141,-0.91424847,0
0.63216817,0.4286297,-2.0297859,-0.091651633,0.39465141,-0.91424847,0
-1.1891471,-1.7871215,-0.074608468,-0.33782995,-0.8759855,-0.34426773,0
0.51231527,-2.0158,1.2331128,0.091651633,-0.39465141,0.91424847,0
0.73500907,-1.7773104,0.21391189,0.93673408,-0.27730775,-0.2136106,0
1.3614725,1.7950153,-0.30836034,0.33782995,0.8759855,0.34426773,0
1.708766,1.2500696,0.98077071,0.33782995,0.8759855,0.34426773,0
-0.31807995,2.0612061,-1.0554712,-0.091651633,0.39465141,-0.91424847,0
0.34542564,0.25080055,-2.2878325,-0.091651633,0.39465141,-0.91424847,0
1.6895707,0.97486722,2.2023747,0.33782995,0.8759855,0.34426773,0
-0.20693135,-0.63769197,-2.2265556,-0.091651633,0.39465141,-0.91424847,0
-0.077497959,-1.261003,-2.5452158,-0.091651633,0.39465141,-0.91424847,0
-0.81205022,-0.7233088,2.0356991,0.091651633,-0.39465141,0.91424847,0
-0.18254662,2.4081397,-0.1549291,0.33782995,0.8759855,0.34426773,0
-0.91768157,1.4380279,-0.99905884,-0.93673408,0.27730775,0.2136106,0
-0.90189409,-0.14735055,-2.0285206,-0.091651633,0.39465141,-0.91424847,0
-0.84368682,-2.2734551,0.30062574,-0.33782995,-0.8759855,-0.34426773,0
0.74237049,-1.2807273,0.45880911,0.93673408,-0.27730775,-0.2136106,0
-0.17209458,2.2306664,-1.3041222,-0.091651633,0.39465141,-0.91424847,0
-0.39643502,1.1944531,0.883829,-0.93673408,0.27730775,0.2136106,0
-0.43267822,1.1779101,2.0215554,-0.93673408,0.27730775,0.2136106,0
1.4685684,0.43054748,2.0622933,0.93673408,-0.27730775,-0.2136106,0
-0.020992517,-2.3011456,1.4085414,0.091651633,-0.39465141,0.91424847,0
0.8354792,0.78661263,-1.4465678,0.93673408,-0.27730775,-0.2136106,0
1.3493359,0.0089650154,2.1505198,0.091651633,-0.39465141,0.91424847,0
-0.050598383,-0.7505663,-2.3432093,-0.091651633,0.39465141,-0.91424847,0
-0.5811317,-2.5752749,0.83631968,-0.33782995,-0.8759855,-0.34426773,0
-0.39478016,-2.4413135,0.81408489,-0.33782995,-0.8759855,-0.34426773,0
0.43343043,-0.3627986,-2.3913939,0.93673408,-0.27730775,-0.2136106,0
0.71129131,-0.44083732,-0.66458023,0.93673408,-0.27730775,-0.2136106,0
-1.5200768,-1.6085709,-0.46334538,-0.33782995,-0.8759855,-0.34426773,0
0.057252139,0.32069901,-2.0160906,-0.091651633,0.39465141,-0.91424847,0
0.47992468,2.2438235,-0.34550121,0.33782995,0.8759855,0.34426773,0
-0.95272911,-1.0330765,-1.876906,-0.33782995,-0.8759855,-0.34426773,0
-0.6140579,1.7542967,-0.0010831356,-0.93673408,0.27730775,0.2136106,0
1.4117645,0.077474833,0.52075768,0.93673408,-0.27730775,-0.2136106,0
-1.092155,-0.57460129,1.3656183,-0.93673408,0.27730775,0.2136106,0
-0.39279008,-2.3149936,0.13306937,-0.33782995,-0.8759855,-0.34426773,0
1.2495103,-0.37936413,2.0283601,0.091651633,-0.39465141,0.91424847,0
0.55087328,-2.3389623,1.0274761,0.091651633,-0.39465141,0.91424847,0
-1.4697331,-1.6277168,-0.31953999,-0.33782995,-0.8759855,-0.34426773,0
-0.94481665,1.2837259,-1.6743875,-0.091651633,0.39465141,-0.91424847,0
0.3026588,-2.6899295,0.79776543,0.091651633,-0.39465141,0.91424847,0
0.018648624,-1.7501969,-1.1689926,-0.33782995,-0.8759855,-0.34426773,0
0.75851679,1.7582126,-1.5245614,-0.091651633,0.39465141,-0.91424847,0
0.84214187,-0.29792416,0.31827158,0.93673408,-0.27730775,-0.2136106,0
-1.2698389,-0.28070593,-2.1545007,-0.091651633,0.39465141,-0.91424847,0
-0.47864556,-1.8403242,-0.73006713,-0.33782995,-0.8759855,-0.34426773,0
0.99186993,1.9122803,-0.58523637,0.33782995,0.8759855,0.34426773,0
0.35102463,1.5110757,-1.7081571,-0.091651633,0.39465141,-0.91424847,0
-1.1200855,-0.5775919,0.41126388,-0.93673408,0.27730775,0.2136106,0
0.24912286,-1.8474467,-1.1279547,0.93673408,-0.27730775,-0.2136106,0
1.5099832,0.68218601,0.65580761,0.93673408,-0.27730775,-0.2136106,0
1.2868842,-0.10187328,1.4673798,0.93673408,-0.27730775,-0.2136106,0
-0.38146091,1.7644026,0.20409411,-0.93673408,0.27730775,0.2136106,0
0.0098304749,-1.614707,-1.2024468,-0.33782995,-0.8759855,-0.34426773,0
-0.029665589,-0.82247031,-2.6089277,-0.091651633,0.39465141,-0.91424847,0
0.84210086,1.6195859,0.4496049,0.33782995,0.8759855,0.34426773,0
0.1755619,1.6714054,0.96673155,0.33782995,0.8759855,0.34426773,0
-1.4725366,-2.1719365,1.420451,-0.33782995,-0.8759855,-0.34426773,0
-0.1620568,0.058383763,-2.3070619,-0.091651633,0.39465141,-0.91424847,0
-0.8294909,1.2615674,-1.5197706,-0.091651633,0.39465141,-0.91424847,0
-1.0777522,-0.38398111,-2.2140934,-0.091651633,0.39465141,-0.91424847,0
0.99078643,1.1465763,1.7557276,0.33782995,0.8759855,0.34426773,0
-0.85130477,-1.3227879,-1.5488372,-0.33782995,-0.8759855,-0.34426773,0
-0.38354057,-1.2331388,1.4865986,0.091651633,-0.39465141,0.91424847,0
0.60056627,0.72814584,2.2762671,0.091651633,-0.39465141,0.91424847,0
0.81040883,-1.6608675,1.4447061,0.091651633,-0.39465141,0.91424847,0
0.84531593,2.1316493,-0.16800615,0.33782995,0.8759855,0.34426773,0
0.3123647,-0.76541728,-1.7890079,0.93673408,-0.27730775,-0.2136106,0
0.40854573,1.8680453,0.61521244,0.33782995,0.8759855,0.34426773,0
0.033282757,1.9894406,1.2320927,0.33782995,0.8759855,0.34426773,0
-0.2531141,-1.7188433,1.6707211,0.091651633,-0.39465141,0.91424847,0
1.4419498,0.81518495,0.89133263,0.93673408,-0.27730775,-0.2136106,0
0.54242992,-1.9860342,0.064546824,0.93673408,-0.27730775,-0.2136106,0
0.34951878,-1.2931536,-1.3528898,0.93673408,-0.27730775,-0.2136106,0
0.23524976,-2.2696846,0.14662308,-0.33782995,-0.8759855,-0.34426773,0
1.33663,0.45359004,0.86649638,0.93673408,-0.27730775,-0.2136106,0
1.24888,1.1046023,0.11035477,0.93673408,-0.27730775,-0.2136106,0
1.3848879,1.4329433,0.80077952,0.33782995,0.8759855,0.34426773,0
-0.38968652,-0.28518292,2.1276498,0.091651633,-0.39465141,0.91424847,0
-0.58229375,1.2567726,0.88241625,-0.93673408,0.27730775,0.2136106,0
1.1910338,0.025585413,1.9434538,0.091651633,-0.39465141,0.91424847,0
-0.0073299408,-1.5779371,-1.6366531,-0.33782995,-0.8759855,-0.34426773,0
-0.83156836,-1.4405141,-1.5922297,-0.33782995,-0.8759855,-0.34426773,0
-1.0139569,0.81728649,-0.26061159,-0.93673408,0.27730775,0.2136106,0
0.47433424,2.6908691,-1.1175172,0.33782995,0.8759855,0.34426773,0
0.16845572,1.1822038,-1.8824184,-0.091651633,0.39465141,-0.91424847,0
-0.012950659,-0.81896186,-2.4711165,-0.091651633,0.39465141,-0.91424847,0
-1.1067225,0.95970351,-0.77545691,-0.93673408,0.27730775,0.2136106,0
0.68996274,1.8660411,-1.2482035,-0.091651633,0.39465141,-0.91424847,0
-1.1867957,-0.79614651,-0.31611416,-0.93673408,0.27730775,0.2136106,0
0.47876573,-0.68455672,-1.3721602,0.93673408,-0.27730775,-0.2136106,0
-1.5923767,-1.0819514,-1.5976557,-0.33782995,-0.8759855,-0.34426773,0
0.6775105,-1.6831541,1.2159548,0.091651633,-0.39465141,0.91424847,0
-0.25474215,2.3765607,-0.35147828,-0.93673408,0.27730775,0.2136106,0
-1.4430496,0.013596773,-1.6759204,-0.93673408,0.27730775,0.2136106,0
0.88451385,1.4745531,1.6206809,0.33782995,0.8759855,0.34426773,0
-0.84273767,-2.0187769,1.3859305,0.091651633,-0.39465141,0.91424847,0
0.9155612,2.3194399,-0.46812224,0.33782995,0.8759855,0.34426773,0
-0.5555191,-0.81102717,-2.4549208,-0.091651633,0.39465141,-0.91424847,0
-1.1124834,-0.95027584,-2.3602183,-0.091651633,0.39465141,-0.91424847,0
0.68322802,-1.0684466,-0.99902558,0.93673408,-0.27730775,-0.2136106,0
-0.88794076,-1.5281429,-0.4968152,-0.33782995,-0.8759855,-0.34426773,0
-0.71803021,-1.0797768,-2.4268727,-0.091651633,0.39465141,-0.91424847,0
1.4254098,0.24440503,1.2070383,0.93673408,-0.27730775,-0.2136106,0
1.0158916,1.1250086,-0.8139528,0.93673408,-0.27730775,-0.2136106,0
0.51139522,-2.5828502,0.7496469,0.93673408,-0.27730775,-0.2136106,0
-1.0075486,1.2185502,-1.1194468,-0.93673408,0.27730775,0.2136106,0
0.11960804,-0.89182359,-2.3818066,-0.091651633,0.39465141,-0.91424847,0
1.2344476,2.1872823,-0.64383024,0.33782995,0.8759855,0.34426773,0
0.20981836,1.152699,2.3594675,0.33782995,0.8759855,0.34426773,0
0.36115623,1.2212647,1.9509021,0.33782995,0.8759855,0.34426773,0
-0.13824821,-2.3752186,0.15792495,-0.33782995,-0.8759855,-0.34426773,0
-0.85415864,-1.1098878,-2.1948133,-0.33782995,-0.8759855,-0.34426773,0
-0.56022358,-1.6915277,-1.1328344,-0.33782995,-0.8759855,-0.34426773,0
-0.51983654,1.9616275,-1.4758576,-0.091651633,0.39465141,-0.91424847,0
0.23139906,-2.1059961,-1.2304451,-0.33782995,-0.8759855,-0.34426773,0
-0.46736056,1.3077811,-1.7807742,-0.091651633,0.39465141,-0.91424847,0
-0.027382374,-1.6676167,1.5670426,0.091651633,-0.39465141,0.91424847,0
0.42305982,-0.81350237,-1.6458679,0.93673408,-0.27730775,-0.2136106,0
-0.79997277,-0.16022193,-2.2503235,-0.091651633,0.39465141,-0.91424847,0
-0.17696929,2.4338109,-1.2890172,-0.091651633,0.39465141,-0.91424847,0
1.0653162,-0.31157613,0.04194805,0.93673408,-0.27730775,-0.2136106,0
1.5568016,1.4757931,0.13195968,0.93673408,-0.27730775,-0.2136106,0
-0.63173467,0.091434479,-1.9125001,-0.091651633,0.39465141,-0.91424847,0
-1.2119222,-1.071995,0.37828586,-0.93673408,0.27730775,0.2136106,0
0.82319427,1.1510344,1.5537574,0.33782995,0.8759855,0.34426773,0
-1.6254854,-1.2853044,-1.0679964,-0.33782995,-0.8759855,-0.34426773,0
-1.4515499,-0.39082384,-1.8616674,-0.93673408,0.27730775,0.2136106,0
-0.3957569,-1.1293315,1.716151,0.091651633,-0.39465141,0.91424847,0
-0.98406166,0.14950955,-0.64024115,-0.93673408,0.27730775,0.2136106,0
-0.49348283,-2.0987995,-0.23287827,-0.33782995,-0.8759855,-0.34426773,0
-0.61712122,-2.1282961,-0.16186304,-0.33782995,-0.8759855,-0.34426773,0
0.58750391,0.49994555,-1.8800484,-0.091651633,0.39465141,-0.91424847,0
0.52489424,1.8406508,0.30559674,0.33782995,0.8759855,0.34426773,0
0.73476267,2.3876433,-1.1878667,-0.091651633,0.39465141,-0.91424847,0
0.20996833,2.4995451,-0.26574111,0.33782995,0.8759855,0.34426773,0
-1.1719637,0.28999424,-0.69196665,-0.93673408,0.27730775,0.2136106,0
-1.1842196,-2.2075207,0.93359417,-0.33782995,-0.8759855,-0.34426773,0
-1.1218612,-0.36130917,0.48843205,-0.93673408,0.27730775,0.2136106,0
0.67949975,-1.1951054,1.5129817,0.091651633,-0.39465141,0.91424847,0
0.17667478,0.72797894,-1.7880129,-0.091651633,0.39465141,-0.91424847,0
-0.9759202,-1.3838683,-1.09349,-0.33782995,-0.8759855,-0.34426773,0
1.1058348,1.2271783,-1.9446518,-0.091651633,0.39465141,-0.91424847,0
-0.018453598,1.7744893,1.4398651,0.33782995,0.8759855,0.34426773,0
0.089569807,-2.0791457,-0.25360814,-0.33782995,-0.8759855,-0.34426773,0
-0.27827317,-0.6803233,2.033792,0.091651633,-0.39465141,0.91424847,0
-1.1902208,-1.661957,1.7172068,0.091651633,-0.39465141,0.91424847,0
-1.6538417,-0.75539076,-1.8496125,-0.93673408,0.27730775,0.2136106,0
-0.45932144,-0.43478656,1.866158,0.091651633,-0.39465141,0.91424847,0
1.5523303,0.37419236,1.9849507,0.93673408,-0.27730775,-0.2136106,0
0.24515867,-2.5835481,0.73204553,-0.33782995,-0.8759855,-0.34426773,0
1.2198811,1.5731219,1.0300027,0.33782995,0.8759855,0.34426773,0
0.58884597,2.6039557,-1.2181756,-0.091651633,0.39465141,-0.91424847,0
0.044605494,1.4097602,1.6294177,0.33782995,0.8759855,0.34426773,0
-0.17066938,0.33674607,-2.2436881,-0.091651633,0.39465141,-0.91424847,0
1.1225647,-0.1829797,2.1080875,0.091651633,-0.39465141,0.91424847,0
-0.15430659,0.0027572811,-2.1091127,-0.091651633,0.39465141,-0.91424847,0
-1.1744223,-1.1052721,0.48980278,-0.93673408,0.27730775,0.2136106,0
-0.1837678,-2.1126726,0.3197464,-0.33782995,-0.8759855,-0.34426773,0
-1.1484655,0.027780175,-0.78359902,-0.93673408,0.27730775,0.2136106,0
0.041336298,1.8073235,1.6798197,0.33782995,0.8759855,0.34426773,0
-0.80325919,-0.31976634,2.2738745,0.091651633,-0.39465141,0.91424847,0
-0.0097225308,0.93424046,-1.856666,-0.091651633,0.39465141,-0.91424847,0
-0.91492736,-1.1425273,1.7470737,-0.93673408,0.27730775,0.2136106,0
-0.20957851,1.7139885,-1.2103801,-0.091651633,0.39465141,-0.91424847,0
-0.090619326,-1.2446827,-2.2648113,-0.33782995,-0.8759855,-0.34426773,0
0.62434697,-1.5843312,1.2407811,0.091651633,-0.39465141,0.91424847,0
0.34966683,1.8145112,-1.2613574,-0.091651633,0.39465141,-0.91424847,0
1.2958616,0.47042668,0.51068616,0.93673408,-0.27730775,-0.2136106,0
1.3105745,0.67296803,0.54132837,0.93673408,-0.27730775,-0.2136106,0
0.53314269,-2.1397347,1.1965404,0.93673408,-0.27730775,-0.2136106,0
0.87884998,1.5691665,0.6452781,0.33782995,0.8759855,0.34426773,0
0.45163524,-1.4971044,1.5292337,0.091651633,-0.39465141,0.91424847,0
-0.2619791,1.4305489,2.0260038,-0.93673408,0.27730775,0.2136106,0
0.50268584,0.04598093,2.2942557,0.091651633,-0.39465141,0.91424847,0
-0.92143393,-0.57299709,0.63154781,-0.93673408,0.27730775,0.2136106,0
-0.20905232,-1.3926286,1.6872799,0.091651633,-0.39465141,0.91424847,0
0.21502733,2.1473942,0.10068303,0.33782995,0.8759855,0.34426773,0
-1.4906034,-0.029458761,-1.9329765,-0.93673408,0.27730775,0.2136106,0
-1.206495,-0.70713091,0.37547138,-0.93673408,0.27730775,0.2136106,0
1.0849233,0.06924665,0.39680535,0.93673408,-0.27730775,-0.2136106,0
0.070492029,-1.5251708,-1.8293171,-0.33782995,-0.8759855,-0.34426773,0
1.7338026,0.64203441,2.3039291,0.091651633,-0.39465141,0.91424847,0
-1.176461,0.0039527416,-0.673558,-0.93673408,0.27730775,0.2136106,0
1.3002263,1.6015691,0.56100899,0.33782995,0.8759855,0.34426773,0
-1.5389494,-1.1930343,-0.70263422,-0.33782995,-0.8759855,-0.34426773,0
0.15824866,1.486305,1.5906473,0.33782995,0.8759855,0.34426773,0
0.69019371,0.25573754,-2.1570764,-0.091651633,0.39465141,-0.91424847,0
-0.56249261,1.2953507,-1.4687874,-0.091651633,0.39465141,-0.91424847,0
-0.38318563,-1.9008874,-0.71730131,-0.33782995,-0.8759855,-0.34426773,0
-1.0444651,0.79913664,-1.0678496,-0.93673408,0.27730775,0.2136106,0
1.0556073,0.62064278,2.1965787,0.091651633,-0.39465141,0.91424847,0
-0.43001902,0.77304178,1.4848462,-0.93673408,0.27730775,0.2136106,0
-0.59114695,-1.2910571,-2.3091652,-0.33782995,-0.8759855,-0.34426773,0
0.25139606,-2.0950136,1.4361117,0.091651633,-0.39465141,0.91424847,0
-0.5261445,2.00069,0.53629637,-0.93673408,0.27730775,0.2136106,0
1.0140538,2.1763463,-0.58654231,0.33782995,0.8759855,0.34426773,0
-0.87795281,0.81030405,-0.54120231,-0.93673408,0.27730775,0.2136106,0
0.28396934,-0.054938555,2.0425055,0.091651633,-0.39465141,0.91424847,0
-0.71104097,-1.537871,1.6380466,0.091651633,-0.39465141,0.91424847,0
-0.16634679,1.7972066,1.6639022,0.33782995,0.8759855,0.34426773,0
0.087563753,1.819473,1.174418,0.33782995,0.8759855,0.34426773,0
1.3477694,1.5849919,-0.51886654,0.93673408,-0.27730775,-0.2136106,0
-0.019134521,0.20315857,2.2355299,0.091651633,-0.39465141,0.91424847,0
-0.68136299,-1.2381188,-1.9355425,-0.33782995,-0.8759855,-0.34426773,0
0.95686364,1.2346216,-1.8207637,-0.091651633,0.39465141,-0.91424847,0
-0.71301323,-0.21257883,-2.4120958,-0.091651633,0.39465141,-0.91424847,0
-0.47438884,-1.0336413,-2.1604276,-0.33782995,-0.8759855,-0.34426773,0
0.72454035,-1.7899349,0.10713357,0.93673408,-0.27730775,-0.2136106,0
0.69936872,1.7038059,-1.6494704,-0.091651633,0.39465141,-0.91424847,0
-0.15313363,-1.418731,1.3927959,0.091651633,-0.39465141,0.91424847,0
-1.1662655,-1.7749259,0.9977026,-0.93673408,0.27730775,0.2136106,0
0.26031685,-0.38422477,-2.5083678,-0.091651633,0.39465141,-0.91424847,0
-0.80039912,-1.4712487,1.8263073,0.091651633,-0.39465141,0.91424847,0
-0.55114549,-0.34588325,2.2158043,0.091651633,-0.39465141,0.91424847,0
0.5987525,-0.96187055,-0.40974629,0.93673408,-0.27730775,-0.2136106,0
1.5274668,0.28694034,1.4246231,0.93673408,-0.27730775,-0.2136106,0
-0.27812982,1.7904978,0.92736506,-0.93673408,0.27730775,0.2136106,0
-1.2264638,0.5901897,-1.6301181,-0.091651633,0.39465141,-0.91424847,0
0.25458598,2.0520127,0.070738167,0.33782995,0.8759855,0.34426773,0
-1.6336306,-0.14930701,-1.5519805,-0.93673408,0.27730775,0.2136106,0
-0.53780961,-2.0086365,-0.38611466,-0.33782995,-0.8759855,-0.34426773,0
-0.94005024,-1.2520251,-1.1223323,-0.33782995,-0.8759855,-0.34426773,0
-0.45438969,0.91997749,0.66370034,-0.93673408,0.27730775,0.2136106,0
0.51676488,2.2625442,-0.60831368,0.33782995,0.8759855,0.34426773,0
0.067782283,-0.30490398,-2.1687741,-0.091651633,0.39465141,-0.91424847,0
-0.67040324,0.52296084,-2.0362618,-0.091651633,0.39465141,-0.91424847,0
-0.53041625,-0.28890073,-2.3952978,-0.091651633,0.39465141,-0.91424847,0
0.68835449,0.62419468,2.3542614,0.091651633,-0.39465141,0.91424847,0
1.4883941,1.006597,2.1901531,0.33782995,0.8759855,0.34426773,0
0.55652213,2.307833,-1.0775294,0.33782995,0.8759855,0.34426773,0
-0.62776375,1.1870272,0.3374657,-0.93673408,0.27730775,0.2136106,0
-0.72590101,-1.0642428,-2.6499398,-0.091651633,0.39465141,-0.91424847,0
-0.80383921,0.43846637,0.30432156,-0.93673408,0.27730775,0.2136106,0
1.2545646,1.0123187,1.599903,0.33782995,0.8759855,0.34426773,0
1.9185972,1.076026,1.5635346,0.93673408,-0.27730775,-0.2136106,0
0.63786125,-1.4964821,1.4002037,0.091651633,-0.39465141,0.91424847,0
-1.3564227,-1.2472709,-1.3912853,-0.33782995,-0.8759855,-0.34426773,0
1.3506979,1.6110792,0.54639328,0.33782995,0.8759855,0.34426773,0
0.79995573,1.6562312,-1.4465756,-0.091651633,0.39465141,-0.91424847,0
-0.43044233,1.1911191,1.7301074,-0.93673408,0.27730775,0.2136106,0
-0.012606382,2.3120909,-1.3453873,-0.091651633,0.39465141,-0.91424847,0
-1.0533508,-1.0871682,-1.6243836,-0.33782995,-0.8759855,-0.34426773,0
0.08607769,-1.0074241,-2.5592513,0.93673408,-0.27730775,-0.2136106,0
-0.9888851,-0.4556855,0.41972029,-0.93673408,0.27730775,0.2136106,0
0.80153525,1.7233682,-1.7120633,-0.091651633,0.39465141,-0.91424847,0
-1.2671189,-1.0504814,-1.705121,-0.33782995,-0.8759855,-0.34426773,0
0.69763196,0.22865045,-2.3700914,0.93673408,-0.27730775,-0.2136106,0
1.7756965,0.71145368,1.789094,0.33782995,0.8759855,0.34426773,0
-1.1548454,-1.1111071,0.94024235,-0.93673408,0.27730775,0.2136106,0
-0.35530961,1.1441094,1.6681303,-0.93673408,0.27730775,0.2136106,0
-0.19545636,0.85823548,-1.9492807,-0.091651633,0.39465141,-0.91424847,0
-1.1035267,-1.8344715,0.29066604,-0.33782995,-0.8759855,-0.34426773,0
-1.339313,-0.91073227,-0.576828,-0.93673408,0.27730775,0.2136106,0
0.022103548,1.1492978,2.4360476,-0.93673408,0.27730775,0.2136106,0
0.23886016,0.72101712,-2.05831,-0.091651633,0.39465141,-0.91424847,0
-0.72069073,-1.7604282,-0.17620826,-0.33782995,-0.8759855,-0.34426773,0
0.015465975,1.3537176,1.7754718,0.33782995,0.8759855,0.34426773,0
-0.94777715,-0.37713897,0.67947412,-0.93673408,0.27730775,0.2136106,0
0.20851851,-1.828728,-0.56897753,0.93673408,-0.27730775,-0.2136106,0
0.81645775,2.4677603,-0.9709776,0.33782995,0.8759855,0.34426773,0
0.60998178,-0.85393214,-1.7419084,0.93673408,-0.27730775,-0.2136106,0
0.22251093,0.38379103,2.4216387,0.091651633,-0.39465141,0.91424847,0
-0.45197219,-1.4020916,1.8240646,0.091651633,-0.39465141,0.91424847,0
0.41177893,-0.4102335,-2.1947563,-0.091651633,0.39465141,-0.91424847,0
-0.69706094,-1.9645848,0.23247245,-0.33782995,-0.8759855,-0.34426773,0
1.5069362,1.2219324,1.2402315,0.93673408,-0.27730775,-0.2136106,0
0.88665718,-0.94596481,1.501283,0.091651633,-0.39465141,0.91424847,0
-0.039017797,0.15045942,-2.1920156,-0.091651633,0.39465141,-0.91424847,0
-1.2488787,-1.0703565,-2.103529,-0.33782995,-0.8759855,-0.34426773,0
-1.2801347,-1.2355127,-1.2794504,-0.33782995,-0.8759855,-0.34426773,0
1.030478,-1.2868328,1.7179151,0.091651633,-0.39465141,0.91424847,0
-0.26746905,1.5570949,-1.6815386,-0.091651633,0.39465141,-0.91424847,0
0.26464486,-1.7989426,1.5805985,0.091651633,-0.39465141,0.91424847,0
0.85424918,0.41495413,-0.71929896,0.93673408,-0.27730775,-0.2136106,0
-0.55816728,-0.24980736,-2.4513209,-0.091651633,0.39465141,-0.91424847,0
0.26416826,-0.47329837,1.8890218,0.091651633,-0.39465141,0.91424847,0
-0.48528528,-0.84922069,-2.3409002,-0.091651633,0.39465141,-0.91424847,0
-1.1005118,-0.97424906,0.18837427,-0.93673408,0.27730775,0.2136106,0
0.74430072,-0.79283369,0.24523565,0.93673408,-0.27730775,-0.2136106,0
-0.067131162,-1.4355035,1.6585176,0.091651633,-0.39465141,0.91424847,0
1.4821128,2.0821223,-1.0012015,0.93673408,-0.27730775,-0.2136106,0
0.65714967,0.86437094,2.5522668,0.091651633,-0.39465141,0.91424847,0
-0.1052556,-1.9490851,-1.2693881,-0.33782995,-0.8759855,-0.34426773,0
1.3871342,1.9980795,-1.631145,-0.091651633,0.39465141,-0.91424847,0
-0.57394707,1.0940877,1.5017617,-0.93673408,0.27730775,0.2136106,0
-1.7983828,-1.0121301,-1.6873337,-0.93673408,0.27730775,0.2136106,0
-0.34419,1.0370693,1.6791741,-0.93673408,0.27730775,0.2136106,0
-1.3614838,-1.1631751,-0.4121249,-0.93673408,0.27730775,0.2136106,0
-1.5378889,-0.61788964,-2.1849542,-0.33782995,-0.8759855,-0.34426773,0
0.30685163,2.093492,-0.29403898,0.33782995,0.8759855,0.34426773,0
-0.71735907,1.7005761,0.14606068,-0.93673408,0.27730775,0.2136106,0
0.84353101,0.97114849,-1.8785923,-0.091651633,0.39465141,-0.91424847,0
0.23823667,2.0314183,-0.037773997,0.33782995,0.8759855,0.34426773,0
-1.6787447,-0.82090425,-2.5725486,-0.091651633,0.39465141,-0.91424847,0
-0.63101208,1.5697215,0.64809382,-0.93673408,0.27730775,0.2136106,0
1.1515615,1.5595186,-1.3431787,0.93673408,-0.27730775,-0.2136106,0
0.36085844,1.8073827,0.85205179,0.33782995,0.8759855,0.34426773,0
1.2628433,0.24521029,1.2113596,0.93673408,-0.27730775,-0.2136106,0
-0.30622268,1.6963091,1.6318868,0.33782995,0.8759855,0.34426773,0
1.7071867,0.87518442,2.095973,0.93673408,-0.27730775,-0.2136106,0
-1.2571379,-0.16618454,-2.1595478,-0.091651633,0.39465141,-0.91424847,0
-0.64874327,0.062661946,0.94364715,-0.93673408,0.27730775,0.2136106,0
0.50067556,-2.0572352,0.83405584,0.93673408,-0.27730775,-0.2136106,0
-1.3425186,0.7891711,-1.7342741,-0.93673408,0.27730775,0.2136106,0
-0.15610623,-1.0834181,-2.3539271,-0.33782995,-0.8759855,-0.34426773,0
-0.20350647,2.731863,-1.2033491,-0.091651633,0.39465141,-0.91424847,0
0.064153537,-0.46631065,1.923251,0.091651633,-0.39465141,0.91424847,0
-0.59547353,-1.4659652,-1.7134074,-0.33782995,-0.8759855,-0.34426773,0
-0.54854321,-0.29585338,1.9906116,-0.93673408,0.27730775,0.2136106,0
-0.62746739,2.5379612,-0.49191302,-0.93673408,0.27730775,0.2136106,0
-0.13541484,2.6192846,-1.0709975,-0.091651633,0.39465141,-0.91424847,0
0.75446773,-1.8236369,1.1737335,0.091651633,-0.39465141,0.91424847,0
0.64258814,-1.5442591,0.23043132,0.93673408,-0.27730775,-0.2136106,0
0.19264817,1.2687939,1.9295588,0.33782995,0.8759855,0.34426773,0
0.84392339,-0.98872524,0.29699937,0.93673408,-0.27730775,-0.2136106,0
0.18134332,-1.7861156,1.5656266,0.091651633,-0.39465141,0.91424847,0
0.89020211,-0.56573218,0.017354697,0.93673408,-0.27730775,-0.2136106,0
0.8365984,1.8228045,-0.18063961,0.33782995,0.8759855,0.34426773,0
1.4659307,0.647457,1.8227353,0.93673408,-0.27730775,-0.2136106,0
-1.4065115,-1.3806313,-0.88625056,-0.33782995,-0.8759855,-0.34426773,0
0.12820816,-2.3087053,-0.53516185,-0.33782995,-0.8759855,-0.34426773,0
-1.2625847,-0.62643874,-0.78229856,-0.93673408,0.27730775,0.2136106,0
0.60720336,0.66577715,2.5109334,0.091651633,-0.39465141,0.91424847,0
-0.70342416,-0.12516224,1.6288354,-0.93673408,0.27730775,0.2136106,0
1.3427138,-0.77808154,1.6791528,0.091651633,-0.39465141,0.91424847,0
-0.15330887,2.1726642,0.37528801,-0.93673408,0.27730775,0.2136106,0
-0.06302613,-0.092255116,-2.1387913,-0.091651633,0.39465141,-0.91424847,0
0.18333173,-2.5759592,0.39266139,-0.33782995,-0.8759855,-0.34426773,0
0.2682128,2.6122046,-0.92100638,-0.091651633,0.39465141,-0.91424847,0
-0.027806759,2.5544755,-0.12327147,0.33782995,0.8759855,0.34426773,0
-1.0800207,-1.5159948,1.4539845,0.091651633,-0.39465141,0.91424847,0
1.2869259,0.44534588,2.4217911,0.091651633,-0.39465141,0.91424847,0
-0.43356299,-2.2502167,0.88944471,-0.33782995,-0.8759855,-0.34426773,0
-1.0630596,0.77158356,-1.6288521,-0.091651633,0.39465141,-0.91424847,0
-1.4281443,-0.056308031,-2.2557917,-0.091651633,0.39465141,-0.91424847,0
-0.72624463,0.2913084,1.877897,-0.93673408,0.27730775,0.2136106,0
-1.2598202,-1.6184673,1.5128714,-0.93673408,0.27730775,0.2136106,0
1.0758421,1.0668795,2.3463476,0.33782995,0.8759855,0.34426773,0
0.45981371,0.57866794,-1.9468625,-0.091651633,0.39465141,-0.91424847,0
-0.079020262,-1.6022427,-1.0966362,-0.33782995,-0.8759855,-0.34426773,0
0.96355951,1.2783878,1.1051351,0.33782995,0.8759855,0.34426773,0
0.21890545,-2.2832556,-0.59024942,-0.33782995,-0.8759855,-0.34426773,0
-1.5294219,-0.70038939,-0.31652504,-0.93673408,0.27730775,0.2136106,0
-0.93816257,-1.7548465,-0.098383017,-0.33782995,-0.8759855,-0.34426773,0
-0.58392262,-1.3040862,-1.604681,-0.33782995,-0.8759855,-0.34426773,0
0.96499205,2.2932563,-0.57562578,0.33782995,0.8759855,0.34426773,0
0.93268585,-0.051018,-0.095833212,0.93673408,-0.27730775,-0.2136106,0
-0.50835299,-2.3803353,0.33859998,-0.33782995,-0.8759855,-0.34426773,0
-0.65999389,1.974643,-0.55286926,-0.93673408,0.27730775,0.2136106,0
1.286658,1.2576569,-0.51368749,0.93673408,-0.27730775,-0.2136106,0
0.12183523,-1.8919101,-0.95263207,0.93673408,-0.27730775,-0.2136106,0
0.24401069,-2.2372313,-0.55275786,0.93673408,-0.27730775,-0.2136106,0
-0.44003236,-1.5952798,1.358942,0.091651633,-0.39465141,0.91424847,0
0.61897993,2.1332912,-0.22704589,0.33782995,0.8759855,0.34426773,0
1.1582607,0.23241663,2.0499215,0.091651633,-0.39465141,0.91424847,0
-0.18259037,0.61698866,2.3735518,0.091651633,-0.39465141,0.91424847,0
-0.97757578,1.0458584,-0.42629904,-0.93673408,0.27730775,0.2136106,0
0.24503303,-1.7993386,-1.2337775,0.93673408,-0.27730775,-0.2136106,0
-0.1060431,-2.3697348,-0.23393327,-0.33782995,-0.8759855,-0.34426773,0
-0.95407647,0.94577765,-1.7113916,-0.091651633,0.39465141,-0.91424847,0
-1.2966558,-1.8237925,-0.24158487,-0.33782995,-0.8759855,-0.34426773,0
-1.7545784,-0.47038257,-2.2977953,-0.93673408,0.27730775,0.2136106,0
0.45353556,-0.69134557,-1.6476163,0.93673408,-0.27730775,-0.2136106,0
0.2015152,2.0772674,-1.1626633,-0.091651633,0.39465141,-0.91424847,0
-0.59472919,-1.6822989,1.4538993,0.091651633,-0.39465141,0.91424847,0
-0.015042067,-1.941257,-0.29698068,-0.33782995,-0.8759855,-0.34426773,0
0.92803752,-1.0298886,-0.17014012,0.93673408,-0.27730775,-0.2136106,0
0.4297173,-2.2992618,0.30311716,0.93673408,-0.27730775,-0.2136106,0
-0.69598293,-2.2022743,1.3314914,0.091651633,-0.39465141,0.91424847,0
-0.61721206,2.0509813,0.051450074,-0.93673408,0.27730775,0.2136106,0
-1.0420462,0.54568106,-0.71091402,-0.93673408,0.27730775,0.2136106,0
1.4311917,0.7727077,-0.048638523,0.93673408,-0.27730775,-0.2136106,0
0.72506154,-0.9873656,-0.70913333,0.93673408,-0.27730775,-0.2136106,0
-0.66956723,-0.13546902,1.5481904,-0.93673408,0.27730775,0.2136106,0
-1.1212832,-1.2002244,1.6225461,0.091651633,-0.39465141,0.91424847,0
-0.58080637,-0.96626318,-2.6609771,-0.091651633,0.39465141,-0.91424847,0
-1.0197306,-1.3397911,-0.85647851,-0.33782995,-0.8759855,-0.34426773,0
0.61974549,-2.2523506,1.2002974,0.93673408,-0.27730775,-0.2136106,0
-1.3603274,-1.2266675,-1.4041836,-0.33782995,-0.8759855,-0.34426773,0
0.18379092,1.5730598,1.6273596,0.33782995,0.8759855,0.34426773,0
-1.2468789,-1.4448456,0.81736797,-0.93673408,0.27730775,0.2136106,0
-1.3181666,-1.866097,-0.33215064,-0.33782995,-0.8759855,-0.34426773,0
-0.17601538,-1.490335,1.6911323,0.091651633,-0.39465141,0.91424847,0
-0.62871003,-2.3691299,1.1579186,-0.33782995,-0.8759855,-0.34426773,0
0.78283525,-0.57005626,2.0728064,0.091651633,-0.39465141,0.91424847,0
1.1950802,-0.8081032,1.0586758,0.93673408,-0.27730775,-0.2136106,0
0.42333871,1.2344484,-1.4880978,-0.091651633,0.39465141,-0.91424847,0
-0.28438354,-2.0625153,-0.080855966,-0.33782995,-0.8759855,-0.34426773,0
-0.50225973,-0.28848857,-2.2565269,-0.091651633,0.39465141,-0.91424847,0
1.338131,0.29965985,1.6562074,0.93673408,-0.27730775,-0.2136106,0
0.4913525,-0.52366364,-1.4356911,0.93673408,-0.27730775,-0.2136106,0
0.16085076,-1.638471,-1.4243433,0.93673408,-0.27730775,-0.2136106,0
-1.4447281,-1.254238,-1.6819998,-0.33782995,-0.8759855,-0.34426773,0
0.5098303,-0.11078846,-2.0725582,-0.091651633,0.39465141,-0.91424847,0
-0.062969685,0.30080551,2.2099586,0.091651633,-0.39465141,0.91424847,0
1.0251675,-1.3959416,1.3107817,0.93673408,-0.27730775,-0.2136106,0
0.13930941,0.4757683,2.3929884,0.091651633,-0.39465141,0.91424847,0
-1.0155542,-0.44061172,0.696531,-0.93673408,0.27730775,0.2136106,0
0.76541734,-1.7155286,0.68568623,0.93673408,-0.27730775,-0.2136106,0
0.29989696,-2.4409781,0.37815493,0.93673408,-0.27730775,-0.2136106,0
1.0829226,1.7972457,-1.4602841,-0.091651633,0.39465141,-0.91424847,0
1.4118139,-0.051784158,1.1430404,0.93673408,-0.27730775,-0.2136106,0
0.35929668,-2.0114515,1.259003,0.091651633,-0.39465141,0.91424847,0
-0.61382431,0.75616324,-1.6557944,-0.091651633,0.39465141,-0.91424847,0
-0.36424685,0.65188855,1.8621709,-0.93673408,0.27730775,0.2136106,0
-0.94351733,1.2757155,-1.6130278,-0.091651633,0.39465141,-0.91424847,0
0.16150641,1.6005418,1.3043637,0.33782995,0.8759855,0.34426773,0
-1.1359451,-1.2740194,-1.8871577,-0.33782995,-0.8759855,-0.34426773,0
0.87735975,-0.84588486,1.0639656,0.93673408,-0.27730775,-0.2136106,0
1.4011073,0.32811701,1.6243453,0.93673408,-0.27730775,-0.2136106,0
-0.74250042,-0.90815145,-2.5045464,-0.33782995,-0.8759855,-0.34426773,0
-0.34248161,-1.7511454,-0.74466586,-0.33782995,-0.8759855,-0.34426773,0
0.2370801,2.2253408,-0.48046824,0.33782995,0.8759855,0.34426773,0
-0.43923661,0.30879042,-1.9623729,-0.091651633,0.39465141,-0.91424847,0
0.49694324,0.57420301,-1.7710612,-0.091651633,0.39465141,-0.91424847,0
-0.22206569,-1.68799,-0.84865677,-0.33782995,-0.8759855,-0.34426773,0
0.50759548,-0.23932484,-2.4063683,-0.091651633,0.39465141,-0.91424847,0
0.86174047,1.2170933,1.3317906,0.33782995,0.8759855,0.34426773,0
0.30946124,-1.2148441,1.73624,0.091651633,-0.39465141,0.91424847,0
0.094071865,2.1097174,-0.16211382,0.33782995,0.8759855,0.34426773,0
-0.12366259,-0.52945793,-2.2950845,-0.091651633,0.39465141,-0.91424847,0
0.091954231,1.987278,0.51498616,0.33782995,0.8759855,0.34426773,0
-1.1273402,-1.7558894,1.473442,-0.93673408,0.27730775,0.2136106,0
-1.5366215,0.13516593,-1.8363006,-0.93673408,0.27730775,0.2136106,0
0.47415924,0.98537987,-1.7885582,-0.091651633,0.39465141,-0.91424847,0
1.1988249,0.50815761,-0.50553066,0.93673408,-0.27730775,-0.2136106,0
0.41770592,-0.38090914,2.0740037,0.091651633,-0.39465141,0.91424847,0
-1.4596361,-1.5284834,-0.40429512,-0.33782995,-0.8759855,-0.34426773,0
0.86679035,0.16224402,-1.8000802,0.93673408,-0.27730775,-0.2136106,0
-1.5340077,-1.7638006,0.58691525,-0.93673408,0.27730775,0.2136106,0
0.66611457,1.9815968,0.4572587,0.33782995,0.8759855,0.34426773,0
0.18538189,-2.0106449,-0.40697411,0.93673408,-0.27730775,-0.2136106,0
0.30104646,0.76509738,-1.9266086,-0.091651633,0.39465141,-0.91424847,0
-1.1277423,-1.5230501,1.4153314,-0.93673408,0.27730775,0.2136106,0
0.86294961,2.1638827,-1.5143484,-0.091651633,0.39465141,-0.91424847,0
0.36654997,1.5426232,-1.3424879,-0.091651633,0.39465141,-0.91424847,0
1.572363,0.86411095,2.148752,0.33782995,0.8759855,0.34426773,0
-0.87055564,-0.92682725,-2.5321722,-0.091651633,0.39465141,-0.91424847,0
0.027079105,2.3841758,-1.0037307,-0.091651633,0.39465141,-0.91424847,0
1.4280901,0.1017518,1.9984293,0.93673408,-0.27730775,-0.2136106,0
-0.92176294,0.58317006,0.71214545,-0.93673408,0.27730775,0.2136106,0
1.177914,2.4145219,-1.2976763,0.33782995,0.8759855,0.34426773,0
-0.59015369,-0.27609581,2.1211259,0.091651633,-0.39465141,0.91424847,0
1.2322909,0.45647395,0.49010745,0.93673408,-0.27730775,-0.2136106,0
-0.25648761,1.0941999,1.5812426,-0.93673408,0.27730775,0.2136106,0
-0.89507836,0.46275902,-0.5687589,-0.93673408,0.27730775,0.2136106,0
0.13463497,0.26492232,2.3260782,0.091651633,-0.39465141,0.91424847,0
0.19279838,-1.0507082,-2.8394892,-0.091651633,0.39465141,-0.91424847,0
-0.47879028,1.6658398,0.14765513,-0.93673408,0.27730775,0.2136106,0
-1.4454399,-1.8203948,0.76508892,-0.33782995,-0.8759855,-0.34426773,0
-0.11002707,2.6674004,-0.61216581,0.33782995,0.8759855,0.34426773,0
-0.96866179,-2.5151207,1.3424449,0.091651633,-0.39465141,0.91424847,0
1.0071816,2.1039331,-1.3440708,-0.091651633,0.39465141,-0.91424847,0
-1.4364918,-1.9830084,0.16780326,-0.33782995,-0.8759855,-0.34426773,0
-0.044361353,2.0510244,-1.184947,-0.091651633,0.39465141,-0.91424847,0
1.3918489,0.26161456,2.1269815,0.091651633,-0.39465141,0.91424847,0
-0.24561763,2.1581469,0.66250962,0.33782995,0.8759855,0.34426773,0
-0.57777095,-2.2422452,1.0417209,-0.33782995,-0.8759855,-0.34426773,0
0.20084734,0.45616755,-1.9793668,-0.091651633,0.39465141,-0.91424847,0
-1.3854218,-1.7833624,0.62494904,-0.33782995,-0.8759855,-0.34426773,0
-0.37259883,-0.32681641,2.1264791,0.091651633,-0.39465141,0.91424847,0
-0.42572713,-2.1696587,0.11456916,-0.33782995,-0.8759855,-0.34426773,0
-1.1418513,-1.1452297,-1.5276661,-0.33782995,-0.8759855,-0.34426773,0
-1.5152274,-1.7227257,0.81857097,-0.93673408,0.27730775,0.2136106,0
1.5405434,1.807634,0.19577421,0.33782995,0.8759855,0.34426773,0
0.56441444,-0.40877724,-1.4780225,0.93673408,-0.27730775,-0.2136106,0
-0.58089674,0.88518977,-1.7593815,-0.091651633,0.39465141,-0.91424847,0
0.5784204,1.0796576,-1.9463327,-0.091651633,0.39465141,-0.91424847,0
0.81061482,2.4158499,-1.2203647,0.33782995,0.8759855,0.34426773,0
0.5626893,-0.50076389,-2.2139528,0.93673408,-0.27730775,-0.2136106,0
0.35291421,-1.7433677,-0.024938792,0.93673408,-0.27730775,-0.2136106,0
-0.44571495,-0.33411586,-2.2264142,-0.091651633,0.39465141,-0.91424847,0
-0.68799078,-1.1288419,-2.4143479,-0.33782995,-0.8759855,-0.34426773,0
0.90377736,1.7003372,0.27361858,0.33782995,0.8759855,0.34426773,0
0.14077497,1.9149191,1.2414188,0.33782995,0.8759855,0.34426773,0
-0.96873415,0.36199045,-0.55119228,-0.93673408,0.27730775,0.2136106,0
-1.2513692,0.10371006,-2.0245347,-0.091651633,0.39465141,-0.91424847,0
0.1941061,-1.0452061,-2.4614325,-0.091651633,0.39465141,-0.91424847,0
-0.75899839,0.66603243,1.2193469,-0.93673408,0.27730775,0.2136106,0
-0.69874668,2.1492286,-0.69092232,-0.93673408,0.27730775,0.2136106,0
-0.90617651,1.4388053,-1.323102,-0.091651633,0.39465141,-0.91424847,0
1.5721729,0.80725563,0.71729416,0.93673408,-0.27730775,-0.2136106,0
-0.61622179,-0.81359434,-2.5877492,-0.091651633,0.39465141,-0.91424847,0
1.5177634,1.067915,0.73716772,0.93673408,-0.27730775,-0.2136106,0
0.63809335,-0.97311652,1.5088124,0.091651633,-0.39465141,0.91424847,0
-1.1763631,0.32561648,0.007601589,-0.93673408,0.27730775,0.2136106,0
0.061589003,-2.2871265,1.2178581,0.091651633,-0.39465141,0.91424847,0
-0.070561111,-1.1058375,1.7965544,0.091651633,-0.39465141,0.91424847,0
-0.91660768,-0.65435416,0.95022625,-0.93673408,0.27730775,0.2136106,0
0.27417159,-2.1212804,0.049304724,0.93673408,-0.27730775,-0.2136106,0
0.57063174,-1.6001734,-0.42353648,0.93673408,-0.27730775,-0.2136106,0
1.1272383,0.092926025,-0.097830191,0.93673408,-0.27730775,-0.2136106,0
-0.76934183,-1.2467064,-2.4420493,-0.33782995,-0.8759855,-0.34426773,0
1.5737975,0.27652121,1.5651382,0.93673408,-0.27730775,-0.2136106,0
-0.42179573,-0.41365477,-2.2685988,-0.091651633,0.39465141,-0.91424847,0
-0.73759961,-0.18434751,-2.3505869,-0.091651633,0.39465141,-0.91424847,0
-0.86012423,0.75826222,0.20530397,-0.93673408,0.27730775,0.2136106,0
-1.2274345,-1.2898262,0.3880493,-0.93673408,0.27730775,0.2136106,0
0.64999461,2.0581713,-0.39334163,0.33782995,0.8759855,0.34426773,0
0.63446534,-0.98026294,0.26613262,0.93673408,-0.27730775,-0.2136106,0
-0.067625545,-0.67435551,1.967006,0.091651633,-0.39465141,0.91424847,0
-0.35201108,0.28422779,2.3107505,0.091651633,-0.39465141,0.91424847,0
-1.5575137,-1.0819564,-1.5906711,-0.33782995,-0.8759855,-0.34426773,0
-1.2245438,-0.52921903,0.05102922,-0.93673408,0.27730775,0.2136106,0
1.4302962,2.3290982,-1.2546647,0.33782995,0.8759855,0.34426773,0
0.73673368,1.7783237,1.0404774,0.33782995,0.8759855,0.34426773,0
1.0903583,1.5260208,0.50391132,0.33782995,0.8759855,0.34426773,0
1.5191674,-0.13669181,1.5500355,0.93673408,-0.27730775,-0.2136106,0
-0.40614605,1.40654,-1.4047678,-0.091651633,0.39465141,-0.91424847,0
-0.30007064,-0.16339812,-2.1876857,-0.091651633,0.39465141,-0.91424847,0
-1.288741,0.038902998,-1.6827629,-0.93673408,0.27730775,0.2136106,0
-0.26628226,-1.2211901,1.829179,0.091651633,-0.39465141,0.91424847,0
-1.4039891,0.42720115,-1.2613666,-0.93673408,0.27730775,0.2136106,0
-1.1279846,0.052840233,-0.71936309,-0.93673408,0.27730775,0.2136106,0
0.25818586,2.4938076,-0.43644753,0.33782995,0.8759855,0.34426773,0
1.143173,-1.3610022,1.4777821,0.93673408,-0.27730775,-0.2136106,0
0.12138176,-0.28830537,2.1811864,0.091651633,-0.39465141,0.91424847,0
-1.4131544,-1.5087636,-0.89335114,-0.33782995,-0.8759855,-0.34426773,0
-1.4777223,-1.2133861,-1.8481693,-0.33782995,-0.8759855,-0.34426773,0
-1.2681118,-1.0874209,-1.957307,-0.33782995,-0.8759855,-0.34426773,0
-0.80779457,1.1279925,0.39426166,-0.93673408,0.27730775,0.2136106,0
-0.39754534,-1.9212222,0.014604926,-0.33782995,-0.8759855,-0.34426773,0
-0.38142252,2.4340081,-0.97154641,-0.091651633,0.39465141,-0.91424847,0
-0.4322989,-2.5950296,0.78575319,-0.33782995,-0.8759855,-0.34426773,0
1.7403162,0.57748508,2.2345979,0.091651633,-0.39465141,0.91424847,0
0.17554286,0.83019972,-1.7115952,-0.091651633,0.39465141,-0.91424847,0
1.6217787,1.6991879,0.28192392,0.33782995,0.8759855,0.34426773,0
1.2163666,1.0425552,2.4225686,0.33782995,0.8759855,0.34426773,0
-0.34900928,-1.7809741,1.6469532,0.091651633,-0.39465141,0.91424847,0
0.38167429,1.1836435,2.4637756,0.33782995,0.8759855,0.34426773,0
-1.756552,-0.25227427,-1.8914607,-0.93673408,0.27730775,0.2136106,0
-0.72352421,0.498155,-2.0340197,-0.091651633,0.39465141,-0.91424847,0
0.37411237,-0.86471123,-2.3950722,-0.091651633,0.39465141,-0.91424847,0
-0.25231147,-0.66470623,-2.5228312,-0.091651633,0.39465141,-0.91424847,0
0.6135149,1.796626,-1.3507864,-0.091651633,0.39465141,-0.91424847,0
-0.066687897,0.71238112,-1.7819821,-0.091651633,0.39465141,-0.91424847,0
-0.8558265,-1.5227441,-1.6107352,-0.33782995,-0.8759855,-0.34426773,0
-1.3199618,-1.9417186,1.3162234,-0.93673408,0.27730775,0.2136106,0
-1.4190331,-1.8256867,0.34914461,-0.93673408,0.27730775,0.2136106,0
0.50621486,1.6796743,0.7317484,0.33782995,0.8759855,0.34426773,0
-0.55684924,-1.9771293,0.13688591,-0.33782995,-0.8759855,-0.34426773,0
-0.79245269,-1.3485553,-1.2481966,-0.33782995,-0.8759855,-0.34426773,0
0.88727283,1.7121899,0.94293463,0.33782995,0.8759855,0.34426773,0
-1.3922553,-0.0046992302,-1.3801099,-0.93673408,0.27730775,0.2136106,0
-0.64323735,0.48956209,-1.8958048,-0.091651633,0.39465141,-0.91424847,0
