1.8885139,-0.70371056,-2.492254,-0.51618671,0.088697314,-0.85187101,0
3.0955906,-2.0454454,-2.1843777,-0.15809679,-0.98739874,-0.0070105791,0
4.0998521,-2.1250744,-2.2751215,-0.15809679,-0.98739874,-0.0070105791,0
3.7696724,-0.77587008,-1.1439774,0.51618671,-0.088697314,0.85187101,0
3.9005113,-1.1803833,-2.8786507,0.84175813,-0.13105932,-0.52370483,0
2.3397307,-1.7960234,-0.6220541,-0.15809679,-0.98739874,-0.0070105791,0
-3.2988243,1.0636497,3.4578319,0.51618671,-0.088697314,0.85187101,0
2.0347779,1.3474824,-0.30811501,0.15809679,0.98739874,0.0070105791,0
-3.7597923,0.89910215,3.3251443,-0.84175813,0.13105932,0.52370483,0
2.6165502,0.95804143,-0.69396567,0.15809679,0.98739874,0.0070105791,0
-4.5760245,-0.90146065,2.2254817,-0.15809679,-0.98739874,-0.0070105791,0
4.5300026,-0.27718043,-2.0258901,0.84175813,-0.13105932,-0.52370483,0
-1.2232456,-1.185533,0.53454602,-0.15809679,-0.98739874,-0.0070105791,0
2.0734961,1.1755451,-1.8525299,0.15809679,0.98739874,0.0070105791,0
-4.4438915,0.20489669,2.423713,-0.84175813,0.13105932,0.52370483,0
-3.470752,1.9643352,1.2663335,-0.51618671,0.088697314,-0.85187101,0
-3.0456645,1.8313221,0.90746677,0.15809679,0.98739874,0.0070105791,0
-1.5662546,-1.1622285,-0.16457403,-0.15809679,-0.98739874,-0.0070105791,0
-4.4386358,-0.39524698,2.5533049,-0.84175813,0.13105932,0.52370483,0
-4.4946585,0.64297032,2.3665867,-0.84175813,0.13105932,0.52370483,0
-1.9804746,0.41949403,2.6067376,0.51618671,-0.088697314,0.85187101,0
-1.0379215,-1.4655499,1.8308104,0.51618671,-0.088697314,0.85187101,0
3.1567307,-0.67605883,-3.0318975,-0.51618671,0.088697314,-0.85187101,0
-4.7820935,-0.43880272,2.0900328,-0.84175813,0.13105932,0.52370483,0
2.3685813,1.264415,-2.2484579,0.15809679,0.98739874,0.0070105791,0
-0.084720552,0.90467334,1.4895205,0.51618671,-0.088697314,0.85187101,0
-0.48777443,-1.2455144,-1.2136061,-0.15809679,-0.98739874,-0.0070105791,0
-3.4626341,1.7438476,1.3149751,-0.51618671,0.088697314,-0.85187101,0
-0.30090368,-1.5295956,0.95194304,-0.15809679,-0.98739874,-0.0070105791,0
-3.5502541,2.0737698,2.1180151,0.15809679,0.98739874,0.0070105791,0
0.76616001,1.495487,-0.10528171,0.15809679,0.98739874,0.0070105791,0
1.9392762,-1.1172116,0.042484283,0.51618671,-0.088697314,0.85187101,0
-4.2647343,-0.31913638,2.7288363,-0.84175813,0.13105932,0.52370483,0
4.1645699,-0.093501806,-2.6509421,0.84175813,-0.13105932,-0.52370483,0
3.9341192,0.29536796,-1.0815606,0.51618671,-0.088697314,0.85187101,0
1.0568938,0.38312638,-1.7153369,-0.51618671,0.088697314,-0.85187101,0
0.37498686,0.16521096,1.0142436,0.51618671,-0.088697314,0.85187101,0
4.2061539,0.25661814,-3.1636851,0.84175813,-0.13105932,-0.52370483,0
0.34301919,-0.73230064,-1.5171001,-0.51618671,0.088697314,-0.85187101,0
0.39735126,1.538766,0.57273555,0.15809679,0.98739874,0.0070105791,0
-0.64808261,-1.3476644,1.0686389,-0.15809679,-0.98739874,-0.0070105791,0
4.3590307,-0.88182282,-2.5343854,0.84175813,-0.13105932,-0.52370483,0
1.1532441,1.4859141,-0.72065187,0.15809679,0.98739874,0.0070105791,0
-2.2252429,1.8206826,0.93072307,0.15809679,0.98739874,0.0070105791,0
-3.8509736,-0.39346921,3.2373195,-0.84175813,0.13105932,0.52370483,0
-4.3031273,1.9365603,1.9390807,-0.84175813,0.13105932,0.52370483,0
-2.6326973,-0.96166098,1.198288,-0.15809679,-0.98739874,-0.0070105791,0
-1.1194227,-1.3846443,1.5270125,0.51618671,-0.088697314,0.85187101,0
-3.5874369,0.99032092,3.6416354,-0.84175813,0.13105932,0.52370483,0
0.49559307,-1.3772641,0.66463846,0.51618671,-0.088697314,0.85187101,0
-1.7541939,1.9748278,0.16529649,0.15809679,0.98739874,0.0070105791,0
-1.563059,-0.76242411,-0.52499592,-0.51618671,0.088697314,-0.85187101,0
-1.4820191,0.40206492,-0.39207959,-0.51618671,0.088697314,-0.85187101,0
-4.7240257,-0.73849893,1.7741463,-0.84175813,0.13105932,0.52370483,0
-3.8440962,-1.0193975,1.9287663,-0.15809679,-0.98739874,-0.0070105791,0
0.70988214,-1.1496992,-1.5020857,-0.51618671,0.088697314,-0.85187101,0
4.3225722,-0.064723253,-2.4897974,0.84175813,-0.13105932,-0.52370483,0
3.5574846,-0.96030354,-3.4551077,-0.51618671,0.088697314,-0.85187101,0
2.7098038,1.0017816,-2.3778234,0.15809679,0.98739874,0.0070105791,0
-4.8875108,-0.82669306,1.8601456,-0.15809679,-0.98739874,-0.0070105791,0
-3.9478304,-0.81817865,1.2080989,-0.15809679,-0.98739874,-0.0070105791,0
3.8165073,-0.0091820955,-3.4441924,0.84175813,-0.13105932,-0.52370483,0
4.5159435,-0.35116315,-1.6509893,0.51618671,-0.088697314,0.85187101,0
-1.1391512,-1.364448,-0.28983223,-0.15809679,-0.98739874,-0.0070105791,0
1.4967607,-1.6526445,-0.95562297,-0.15809679,-0.98739874,-0.0070105791,0
4.1008101,0.2742728,-3.1557224,0.84175813,-0.13105932,-0.52370483,0
-0.6724689,0.065409213,1.4318908,0.51618671,-0.088697314,0.85187101,0
3.8677683,-0.25981224,-3.2841935,0.84175813,-0.13105932,-0.52370483,0
-3.8771529,1.9549289,2.7341285,-0.84175813,0.13105932,0.52370483,0
-3.6396666,-0.51239121,3.1606677,0.51618671,-0.088697314,0.85187101,0
4.4222975,-0.27489829,-2.6912262,0.84175813,-0.13105932,-0.52370483,0
4.3005786,-0.31296015,-2.3131881,0.84175813,-0.13105932,-0.52370483,0
3.5996628,-1.7454787,-3.0744817,0.84175813,-0.13105932,-0.52370483,0
-3.475637,-0.85843754,1.7270753,-0.15809679,-0.98739874,-0.0070105791,0
1.2047858,-1.5058028,0.10942557,0.51618671,-0.088697314,0.85187101,0
-2.6577659,0.75499302,3.0406759,0.51618671,-0.088697314,0.85187101,0
4.4320183,-1.0668629,-2.3991177,0.84175813,-0.13105932,-0.52370483,0
2.6574943,-1.7633998,-2.5415883,-0.15809679,-0.98739874,-0.0070105791,0
4.0266976,0.63902926,-3.547075,0.84175813,-0.13105932,-0.52370483,0
4.5308485,-1.8464241,-1.8027813,0.51618671,-0.088697314,0.85187101,0
-3.974241,1.5578432,2.708699,-0.84175813,0.13105932,0.52370483,0
2.6522727,-1.8018119,-3.1444616,-0.15809679,-0.98739874,-0.0070105791,0
0.81111169,-1.6524736,0.252444,-0.15809679,-0.98739874,-0.0070105791,0
-1.9338633,1.9584799,2.6821966,0.15809679,0.98739874,0.0070105791,0
4.9878244,0.59094238,-1.7768667,0.84175813,-0.13105932,-0.52370483,0
-0.68087125,-1.4470104,1.2263588,0.51618671,-0.088697314,0.85187101,0
2.8148541,1.104266,-1.4645641,0.15809679,0.98739874,0.0070105791,0
1.7336998,1.124684,-2.0572519,-0.51618671,0.088697314,-0.85187101,0
0.93693107,-0.79939997,-1.672756,-0.51618671,0.088697314,-0.85187101,0
1.4877132,-1.8452861,-2.2539749,-0.15809679,-0.98739874,-0.0070105791,0
-3.2512822,-0.093495965,3.1714938,0.51618671,-0.088697314,0.85187101,0
0.89269531,1.5135517,0.52556264,0.15809679,0.98739874,0.0070105791,0
0.67137247,-1.6925708,-1.9663528,-0.51618671,0.088697314,-0.85187101,0
-0.12511301,1.5752587,1.2494092,0.15809679,0.98739874,0.0070105791,0
4.0513649,-0.45246124,-2.7243924,0.84175813,-0.13105932,-0.52370483,0
0.74987733,1.3573517,-1.0132625,0.15809679,0.98739874,0.0070105791,0
-4.2284098,-0.6159997,1.1508167,-0.51618671,0.088697314,-0.85187101,0
2.4348395,-0.64515674,-0.46937346,0.51618671,-0.088697314,0.85187101,0
2.2866998,1.3306142,-1.524201,0.15809679,0.98739874,0.0070105791,0
4.1673679,-0.074471116,-2.8940811,0.84175813,-0.13105932,-0.52370483,0
4.2371659,-1.0840207,-2.276484,0.84175813,-0.13105932,-0.52370483,0
-1.2551796,1.8741722,2.1157098,0.15809679,0.98739874,0.0070105791,0
-4.1746769,1.3433541,2.6673181,-0.84175813,0.13105932,0.52370483,0
-4.6774292,1.4011223,1.8926077,-0.84175813,0.13105932,0.52370483,0
3.7837248,-1.7756155,-3.3958516,0.84175813,-0.13105932,-0.52370483,0
-2.3102465,-0.04787147,0.36901951,-0.51618671,0.088697314,-0.85187101,0
4.1506805,-2.2595463,-2.0252347,0.84175813,-0.13105932,-0.52370483,0
2.419028,0.024400234,-2.8534217,-0.51618671,0.088697314,-0.85187101,0
2.358566,0.96980548,-0.34770727,0.15809679,0.98739874,0.0070105791,0
-0.4151302,0.93493092,1.4970886,0.51618671,-0.088697314,0.85187101,0
1.8886753,-1.7818264,-2.1921737,-0.15809679,-0.98739874,-0.0070105791,0
-3.419714,0.092647493,3.2710385,0.51618671,-0.088697314,0.85187101,0
-4.1432295,1.4448038,2.524821,-0.84175813,0.13105932,0.52370483,0
-0.42169809,-1.4837077,-0.51673216,-0.15809679,-0.98739874,-0.0070105791,0
-3.992331,-0.86429739,3.1709752,-0.84175813,0.13105932,0.52370483,0
0.45837581,-1.6409638,-0.47589898,-0.15809679,-0.98739874,-0.0070105791,0
-3.8752637,1.1808188,2.730906,-0.84175813,0.13105932,0.52370483,0
1.2573782,-1.0662701,0.1475395,0.51618671,-0.088697314,0.85187101,0
2.986722,-0.20753539,-3.2110376,-0.51618671,0.088697314,-0.85187101,0
2.5840349,0.021796942,-0.50089312,0.51618671,-0.088697314,0.85187101,0
0.93235421,-0.65630627,-1.8842441,-0.51618671,0.088697314,-0.85187101,0
0.54414177,-1.7037851,0.60861844,-0.15809679,-0.98739874,-0.0070105791,0
-3.7026849,2.2117484,1.7154942,0.15809679,0.98739874,0.0070105791,0
-4.4416437,-0.42789602,2.6332297,-0.84175813,0.13105932,0.52370483,0
4.6818953,0.72503209,-2.2926161,0.15809679,0.98739874,0.0070105791,0
4.886066,0.21827888,-1.892503,0.84175813,-0.13105932,-0.52370483,0
1.219334,-0.1812987,-2.0614102,-0.51618671,0.088697314,-0.85187101,0
-4.4723458,1.964234,1.769455,-0.84175813,0.13105932,0.52370483,0
-4.271944,1.3155684,2.2004807,-0.84175813,0.13105932,0.52370483,0
3.9686739,-2.3336723,-1.9010911,-0.15809679,-0.98739874,-0.0070105791,0
1.0513113,1.3575335,0.87542599,0.51618671,-0.088697314,0.85187101,0
1.8956151,-1.9444005,-0.17898732,-0.15809679,-0.98739874,-0.0070105791,0
4.3711433,0.14652681,-2.2573869,0.84175813,-0.13105932,-0.52370483,0
-4.4867935,0.66954994,2.2589397,-0.84175813,0.13105932,0.52370483,0
0.95674884,1.2791588,0.43301594,0.15809679,0.98739874,0.0070105791,0
-4.1971717,2.1766155,1.561825,0.15809679,0.98739874,0.0070105791,0
-2.6041765,-0.51463187,2.7393045,0.51618671,-0.088697314,0.85187101,0
-0.10768619,0.72185689,1.5153216,0.51618671,-0.088697314,0.85187101,0
-3.0658777,1.8457453,3.1508236,0.15809679,0.98739874,0.0070105791,0
-1.0552344,1.4504913,-0.2751475,-0.51618671,0.088697314,-0.85187101,0
0.90065289,-1.099015,0.41278088,0.51618671,-0.088697314,0.85187101,0
-0.14565352,-0.28742528,-1.243041,-0.51618671,0.088697314,-0.85187101,0
2.4477048,-0.028391838,-0.48524177,0.51618671,-0.088697314,0.85187101,0
2.9883525,0.90584719,-1.0076284,0.15809679,0.98739874,0.0070105791,0
-0.060808361,1.3384001,1.1188855,0.51618671,-0.088697314,0.85187101,0
2.8207741,-1.2627995,-2.962605,-0.51618671,0.088697314,-0.85187101,0
-3.4217434,1.3940951,3.4800141,-0.84175813,0.13105932,0.52370483,0
4.0830679,-1.1459252,-2.5253758,0.84175813,-0.13105932,-0.52370483,0
-0.15181005,1.1084263,-0.76043874,-0.51618671,0.088697314,-0.85187101,0
2.8014734,1.2507012,-1.2598641,0.15809679,0.98739874,0.0070105791,0
3.7332916,-0.32806385,-3.3284512,0.84175813,-0.13105932,-0.52370483,0
-4.3308325,-0.98301506,1.720726,-0.15809679,-0.98739874,-0.0070105791,0
1.4096621,1.2309518,-0.67454541,0.15809679,0.98739874,0.0070105791,0
-0.66941357,-1.0685028,1.5880725,0.51618671,-0.088697314,0.85187101,0
2.5302827,0.49353832,-2.7394757,-0.51618671,0.088697314,-0.85187101,0
3.7842751,-1.2681785,-2.9052651,0.84175813,-0.13105932,-0.52370483,0
4.0273466,0.78178835,-3.3255315,-0.51618671,0.088697314,-0.85187101,0
-3.013032,2.0523624,3.2975564,0.51618671,-0.088697314,0.85187101,0
4.8851376,0.58352542,-1.7138736,0.84175813,-0.13105932,-0.52370483,0
-3.1305537,-0.86337262,2.8311486,-0.15809679,-0.98739874,-0.0070105791,0
-4.3408785,0.078959703,1.3557231,-0.51618671,0.088697314,-0.85187101,0
-4.3115439,0.82021499,2.1724637,-0.84175813,0.13105932,0.52370483,0
2.6978889,1.0907818,-1.3829582,0.15809679,0.98739874,0.0070105791,0
-3.8020318,0.63756055,3.5942454,-0.84175813,0.13105932,0.52370483,0
-3.8374929,-0.11354446,1.3089261,-0.51618671,0.088697314,-0.85187101,0
4.4904251,-1.712991,-2.1848354,0.84175813,-0.13105932,-0.52370483,0
-1.4329593,0.48957992,-0.22342074,-0.51618671,0.088697314,-0.85187101,0
-3.6751385,1.922659,3.1772175,-0.84175813,0.13105932,0.52370483,0
3.6858506,0.11423779,-3.2864857,-0.51618671,0.088697314,-0.85187101,0
-0.8704046,-1.1969422,1.8085933,0.51618671,-0.088697314,0.85187101,0
0.59171963,-1.6939876,-0.93425423,-0.15809679,-0.98739874,-0.0070105791,0
-4.3237462,2.2120976,1.8020606,0.15809679,0.98739874,0.0070105791,0
-0.99093103,1.6540213,0.95516849,0.15809679,0.98739874,0.0070105791,0
-4.1194096,0.63884592,2.5724642,-0.84175813,0.13105932,0.52370483,0
3.7577386,0.10926962,-0.87158585,0.51618671,-0.088697314,0.85187101,0
-4.2393513,-0.3058362,2.4617906,-0.84175813,0.13105932,0.52370483,0
3.836627,1.1040238,-2.3312371,0.15809679,0.98739874,0.0070105791,0
1.9069823,-0.49341512,-0.20403993,0.51618671,-0.088697314,0.85187101,0
-0.54381907,-1.2532294,-0.60901666,-0.15809679,-0.98739874,-0.0070105791,0
4.2034955,0.26593375,-3.1204183,0.84175813,-0.13105932,-0.52370483,0
-3.8798077,-0.74860322,3.0931892,-0.15809679,-0.98739874,-0.0070105791,0
-3.2345092,2.1524234,1.9632293,0.15809679,0.98739874,0.0070105791,0
1.1802983,1.4484608,-1.6700566,0.15809679,0.98739874,0.0070105791,0
-1.1660941,-1.0470812,1.9837052,0.51618671,-0.088697314,0.85187101,0
3.8403926,0.009297967,-3.0488806,0.84175813,-0.13105932,-0.52370483,0
-2.9142232,-1.2197922,1.2607343,-0.15809679,-0.98739874,-0.0070105791,0
4.4760118,-0.77380466,-2.5148764,0.84175813,-0.13105932,-0.52370483,0
2.905632,-0.89163435,-2.8389552,-0.51618671,0.088697314,-0.85187101,0
4.3408313,0.65562248,-2.9171171,0.84175813,-0.13105932,-0.52370483,0
-0.66894966,0.77212542,-0.91036487,-0.51618671,0.088697314,-0.85187101,0
-4.0650897,-0.63833225,2.8277256,-0.84175813,0.13105932,0.52370483,0
-3.8897851,1.5816805,2.7706099,-0.84175813,0.13105932,0.52370483,0
-4.7433934,0.64403152,1.9765313,-0.51618671,0.088697314,-0.85187101,0
-3.4387732,1.8731089,2.8570926,0.15809679,0.98739874,0.0070105791,0
4.3326707,-1.5397429,-1.8509674,0.84175813,-0.13105932,-0.52370483,0
-4.1231003,-0.56305015,3.2321794,-0.84175813,0.13105932,0.52370483,0
-3.3768964,-0.036064982,3.3492868,0.51618671,-0.088697314,0.85187101,0
-4.7648296,-0.45334601,1.6300173,-0.84175813,0.13105932,0.52370483,0
-3.830663,-0.029657125,3.090533,-0.84175813,0.13105932,0.52370483,0
-2.4547408,-0.47787702,2.6438611,0.51618671,-0.088697314,0.85187101,0
-4.691967,0.41500926,1.7510593,-0.84175813,0.13105932,0.52370483,0
3.9617822,-2.1592753,-2.0804353,-0.15809679,-0.98739874,-0.0070105791,0
4.2053175,-0.97196436,-2.3364568,0.84175813,-0.13105932,-0.52370483,0
4.1170206,-1.4540533,-2.8451893,0.84175813,-0.13105932,-0.52370483,0
-4.5154157,1.3599424,1.5892947,-0.51618671,0.088697314,-0.85187101,0
2.8198481,-1.8132116,-2.7210832,-0.15809679,-0.98739874,-0.0070105791,0
3.4925764,-2.0554323,-2.0101519,-0.15809679,-0.98739874,-0.0070105791,0
-3.6813369,1.03557,3.0268617,-0.84175813,0.13105932,0.52370483,0
-4.0800614,0.67940247,3.1298578,-0.84175813,0.13105932,0.52370483,0
3.8673301,-0.42921746,-3.3006442,0.84175813,-0.13105932,-0.52370483,0
-1.5058768,-1.4814109,0.59274662,-0.15809679,-0.98739874,-0.0070105791,0
0.4331609,1.5195458,-1.1889306,0.15809679,0.98739874,0.0070105791,0
4.6427636,-1.5478287,-1.8240585,0.84175813,-0.13105932,-0.52370483,0
-2.6217172,2.0747871,1.8993371,0.15809679,0.98739874,0.0070105791,0
-2.3091075,2.0138674,0.58232802,0.15809679,0.98739874,0.0070105791,0
-3.9813552,1.3343841,2.5047536,-0.84175813,0.13105932,0.52370483,0
2.6147993,-0.51088071,-2.6213815,-0.51618671,0.088697314,-0.85187101,0
0.80006146,1.2142932,-0.45541495,0.15809679,0.98739874,0.0070105791,0
-3.8251348,1.9452124,2.8449636,-0.84175813,0.13105932,0.52370483,0
-4.2383475,1.4715098,2.6786742,-0.84175813,0.13105932,0.52370483,0
3.0870147,0.79170465,-0.7341013,0.51618671,-0.088697314,0.85187101,0
-4.6312323,1.8762341,1.9914641,-0.84175813,0.13105932,0.52370483,0
-4.2012062,0.68579781,2.3276527,-0.84175813,0.13105932,0.52370483,0
2.5464633,-1.7263612,-0.92173147,-0.15809679,-0.98739874,-0.0070105791,0
-1.7360656,1.6194128,0.83731806,0.15809679,0.98739874,0.0070105791,0
-4.5886092,-0.12740588,2.1712704,-0.84175813,0.13105932,0.52370483,0
-0.70125127,1.5789645,0.87385017,0.15809679,0.98739874,0.0070105791,0
-2.1449184,0.62932837,0.18133318,-0.51618671,0.088697314,-0.85187101,0
-3.7919457,-0.84974003,3.0885839,-0.15809679,-0.98739874,-0.0070105791,0
2.5325174,1.1417559,-2.1198306,0.15809679,0.98739874,0.0070105791,0
0.27553976,1.2653376,0.93358672,0.51618671,-0.088697314,0.85187101,0
-3.2820559,-0.010528088,0.68625593,-0.51618671,0.088697314,-0.85187101,0
-3.1092973,-0.58780313,0.77714109,-0.51618671,0.088697314,-0.85187101,0
3.7955785,0.72581744,-1.5750012,0.15809679,0.98739874,0.0070105791,0
3.3438668,1.1858811,-1.0698888,0.15809679,0.98739874,0.0070105791,0
1.7882271,1.3162854,0.38932025,0.15809679,0.98739874,0.0070105791,0
4.3236928,0.388978,-1.5813394,0.51618671,-0.088697314,0.85187101,0
2.6074688,-1.9531109,-2.5608768,-0.15809679,-0.98739874,-0.0070105791,0
-1.448455,1.1939588,1.9896358,0.51618671,-0.088697314,0.85187101,0
-1.5581582,-0.92862105,2.2376688,0.51618671,-0.088697314,0.85187101,0
3.7139847,0.80493474,-1.4841106,0.15809679,0.98739874,0.0070105791,0
3.9879544,-0.52177894,-3.1940598,0.84175813,-0.13105932,-0.52370483,0
-0.30444717,-1.5685117,0.094232321,-0.15809679,-0.98739874,-0.0070105791,0
-1.2472841,1.621341,1.8668191,0.51618671,-0.088697314,0.85187101,0
4.2800102,-2.0311832,-1.9944875,0.84175813,-0.13105932,-0.52370483,0
4.1689372,-0.14865804,-2.8916178,0.84175813,-0.13105932,-0.52370483,0
-3.4709463,-0.88072813,2.0984359,-0.15809679,-0.98739874,-0.0070105791,0
1.9229991,1.4146607,-1.2834643,0.15809679,0.98739874,0.0070105791,0
-0.89491427,-0.71780813,-0.86839038,-0.51618671,0.088697314,-0.85187101,0
-4.2496538,0.90157592,2.3836598,-0.84175813,0.13105932,0.52370483,0
-1.9743086,2.0197828,1.2191532,0.15809679,0.98739874,0.0070105791,0
0.90073395,-1.5815436,-0.006937921,-0.15809679,-0.98739874,-0.0070105791,0
-1.8582642,-1.1410638,0.95981228,-0.15809679,-0.98739874,-0.0070105791,0
-1.9182694,1.5692234,0.12365878,-0.51618671,0.088697314,-0.85187101,0
3.8619332,-0.72357297,-3.1331029,0.84175813,-0.13105932,-0.52370483,0
-3.9531164,2.2183256,1.4784316,0.15809679,0.98739874,0.0070105791,0
2.7683566,1.0189393,-1.3545189,0.15809679,0.98739874,0.0070105791,0
-0.816369,1.6130128,1.2258148,0.15809679,0.98739874,0.0070105791,0
2.056689,-1.2601171,-0.37542295,0.51618671,-0.088697314,0.85187101,0
0.80003673,-1.2900776,-1.9585407,-0.51618671,0.088697314,-0.85187101,0
-4.1992712,-0.061748385,3.1790419,-0.84175813,0.13105932,0.52370483,0
4.4773951,0.029616833,-2.4868124,0.84175813,-0.13105932,-0.52370483,0
3.1320906,-1.891686,-1.3482,-0.15809679,-0.98739874,-0.0070105791,0
2.7449162,-1.5224078,-2.7826414,-0.51618671,0.088697314,-0.85187101,0
3.6435494,-1.8327662,-3.3624415,0.84175813,-0.13105932,-0.52370483,0
3.2984915,-1.0722646,-3.3670714,-0.51618671,0.088697314,-0.85187101,0
1.4873875,1.1611686,-0.75081599,0.15809679,0.98739874,0.0070105791,0
-4.4978824,1.2750404,2.0338752,-0.84175813,0.13105932,0.52370483,0
1.1938002,-1.7754778,0.10886954,-0.15809679,-0.98739874,-0.0070105791,0
-4.5644979,-0.4839468,2.1586347,-0.84175813,0.13105932,0.52370483,0
4.9530907,0.4946475,-1.8572445,0.84175813,-0.13105932,-0.52370483,0
-2.8411727,-0.35523319,0.52032971,-0.51618671,0.088697314,-0.85187101,0
-3.8576202,0.18055439,1.3948157,-0.51618671,0.088697314,-0.85187101,0
1.153312,1.4282067,-0.71592867,0.15809679,0.98739874,0.0070105791,0
-3.7002096,1.7505671,3.1752319,-0.84175813,0.13105932,0.52370483,0
-4.0431476,0.57068634,2.5325482,-0.84175813,0.13105932,0.52370483,0
-1.4472523,1.8700953,1.2612618,0.15809679,0.98739874,0.0070105791,0
-3.6619425,-1.00932,2.3558986,-0.15809679,-0.98739874,-0.0070105791,0
1.4749653,-1.541262,-0.01377362,0.51618671,-0.088697314,0.85187101,0
-1.328799,-0.73003137,-0.35113561,-0.51618671,0.088697314,-0.85187101,0
1.967654,-1.7954487,-0.38659424,-0.15809679,-0.98739874,-0.0070105791,0
-3.3450618,2.184474,1.9862481,0.15809679,0.98739874,0.0070105791,0
3.6253316,1.0394642,-2.3389823,0.15809679,0.98739874,0.0070105791,0
4.366477,0.68804455,-1.3963871,0.51618671,-0.088697314,0.85187101,0
2.2131877,-1.6169695,-2.8234699,-0.51618671,0.088697314,-0.85187101,0
-1.7065878,1.7462208,0.02926141,0.15809679,0.98739874,0.0070105791,0
-3.6896322,-0.62717789,3.5737293,0.51618671,-0.088697314,0.85187101,0
-2.4182744,0.79385734,2.8011775,0.51618671,-0.088697314,0.85187101,0
-2.8129153,-1.121453,2.2490349,-0.15809679,-0.98739874,-0.0070105791,0
2.7081308,0.26518917,-0.24005198,0.51618671,-0.088697314,0.85187101,0
-4.1718235,1.4316146,2.787288,-0.84175813,0.13105932,0.52370483,0
-1.9729242,-1.0585542,1.8751103,-0.15809679,-0.98739874,-0.0070105791,0
-4.955677,-0.560637,1.9326551,-0.84175813,0.13105932,0.52370483,0
-0.55498159,-0.77146155,1.3910362,0.51618671,-0.088697314,0.85187101,0
2.1996851,1.0711232,-1.7766747,0.15809679,0.98739874,0.0070105791,0
0.23063016,-1.6336826,-1.028043,-0.15809679,-0.98739874,-0.0070105791,0
3.6398668,-1.3840395,-3.1668808,0.84175813,-0.13105932,-0.52370483,0
-1.2724643,0.14656907,1.7540191,0.51618671,-0.088697314,0.85187101,0
-3.0615761,0.87491274,0.77882862,-0.51618671,0.088697314,-0.85187101,0
0.34936184,1.3151102,1.2328553,0.51618671,-0.088697314,0.85187101,0
-4.4845328,2.2475343,1.9163504,-0.84175813,0.13105932,0.52370483,0
-0.14813471,0.47323576,-0.94875228,-0.51618671,0.088697314,-0.85187101,0
-3.6502452,-0.77981496,2.9541371,-0.15809679,-0.98739874,-0.0070105791,0
1.2245581,-1.8692013,-0.0022237599,-0.15809679,-0.98739874,-0.0070105791,0
-2.9940133,-0.89808643,2.9608068,0.51618671,-0.088697314,0.85187101,0
-1.2491844,1.7015734,1.1613075,0.15809679,0.98739874,0.0070105791,0
-2.6966414,0.64163339,0.31586826,-0.51618671,0.088697314,-0.85187101,0
4.0178881,-0.62120056,-3.2046745,0.84175813,-0.13105932,-0.52370483,0
3.7115397,-0.68930894,-3.4010303,0.84175813,-0.13105932,-0.52370483,0
0.46824014,-1.4278231,-0.42753273,-0.15809679,-0.98739874,-0.0070105791,0
-0.9395628,-1.3591275,0.83698905,-0.15809679,-0.98739874,-0.0070105791,0
-2.9528999,1.9249178,1.7081842,0.15809679,0.98739874,0.0070105791,0
4.019165,0.41723549,-2.9363708,0.84175813,-0.13105932,-0.52370483,0
0.17563713,-1.5273558,-1.079237,-0.15809679,-0.98739874,-0.0070105791,0
-4.3826098,0.10676217,2.5608573,-0.84175813,0.13105932,0.52370483,0
1.119796,-1.5307448,-0.89879954,-0.15809679,-0.98739874,-0.0070105791,0
3.6631861,-1.7658083,-3.4698942,0.84175813,-0.13105932,-0.52370483,0
1.1466938,-1.7489125,-0.41163591,-0.15809679,-0.98739874,-0.0070105791,0
-3.7817445,1.0182438,2.969615,-0.84175813,0.13105932,0.52370483,0
-2.799634,2.1197193,2.3779712,0.15809679,0.98739874,0.0070105791,0
2.7071919,1.2837381,-0.97434306,0.15809679,0.98739874,0.0070105791,0
2.1584835,-1.9115425,-1.8401012,-0.15809679,-0.98739874,-0.0070105791,0
-4.4645982,-0.67419052,2.3460641,-0.84175813,0.13105932,0.52370483,0
-3.7985463,1.9317931,2.8337195,-0.84175813,0.13105932,0.52370483,0
3.9710715,-0.9417057,-1.2403741,0.51618671,-0.088697314,0.85187101,0
-3.7303934,2.1489129,2.1724019,0.15809679,0.98739874,0.0070105791,0
3.0948493,-2.1325588,-3.1340561,-0.15809679,-0.98739874,-0.0070105791,0
-2.2099428,-1.3497951,1.2504501,-0.15809679,-0.98739874,-0.0070105791,0
0.24587321,0.26187697,-1.169983,-0.51618671,0.088697314,-0.85187101,0
-3.2436652,1.1063465,3.3949664,0.51618671,-0.088697314,0.85187101,0
-4.9078422,-0.50128222,1.7450461,-0.84175813,0.13105932,0.52370483,0
-4.2540574,-0.63617492,2.5973682,-0.84175813,0.13105932,0.52370483,0
-0.96614456,1.6160382,0.44032007,0.15809679,0.98739874,0.0070105791,0
-4.0649776,0.62494981,2.8096397,-0.84175813,0.13105932,0.52370483,0
4.5401487,-0.2614913,-2.1237466,0.84175813,-0.13105932,-0.52370483,0
0.4341985,1.4784808,0.83568221,0.15809679,0.98739874,0.0070105791,0
-2.8606186,-1.0052704,1.5363615,-0.15809679,-0.98739874,-0.0070105791,0
3.7169373,-0.37731236,-3.5883667,0.84175813,-0.13105932,-0.52370483,0
-3.5819471,-0.78452849,1.1975338,-0.15809679,-0.98739874,-0.0070105791,0
0.89022416,0.5422706,0.46911296,0.51618671,-0.088697314,0.85187101,0
4.8079891,-0.42696857,-1.9443126,0.84175813,-0.13105932,-0.52370483,0
-4.131402,0.28000689,2.6317956,-0.84175813,0.13105932,0.52370483,0
4.3334408,-0.74069166,-2.1348014,0.84175813,-0.13105932,-0.52370483,0
-3.6136565,1.8466305,3.2686648,-0.84175813,0.13105932,0.52370483,0
4.432754,-1.0496669,-1.917722,0.84175813,-0.13105932,-0.52370483,0
2.5109868,-1.8128235,-1.1475625,-0.15809679,-0.98739874,-0.0070105791,0
-2.446702,0.81452096,0.36514127,-0.51618671,0.088697314,-0.85187101,0
1.475608,-1.5552359,-1.9033589,-0.15809679,-0.98739874,-0.0070105791,0
-2.7670553,1.8061569,2.6202924,0.15809679,0.98739874,0.0070105791,0
-4.2536163,0.2205317,2.6726062,-0.84175813,0.13105932,0.52370483,0
-4.3322067,0.70815349,2.4199944,-0.84175813,0.13105932,0.52370483,0
-3.0159178,1.0874351,3.0323544,0.51618671,-0.088697314,0.85187101,0
-0.13376133,-0.57655329,-1.0666955,-0.51618671,0.088697314,-0.85187101,0
4.3990893,0.77569389,-2.4750202,0.15809679,0.98739874,0.0070105791,0
-4.362565,0.085282803,2.5378733,-0.84175813,0.13105932,0.52370483,0
-4.7921615,0.059693575,2.1004834,-0.84175813,0.13105932,0.52370483,0
2.7758911,-1.9486685,-2.9197664,-0.15809679,-0.98739874,-0.0070105791,0
4.0611982,-1.3159738,-1.3509462,0.51618671,-0.088697314,0.85187101,0
1.988656,-0.10238361,-0.24809754,0.51618671,-0.088697314,0.85187101,0
0.52563453,-1.6572436,0.11513302,-0.15809679,-0.98739874,-0.0070105791,0
4.0897298,0.98804665,-1.9532545,0.15809679,0.98739874,0.0070105791,0
2.4555397,-1.7659378,-2.0322816,-0.15809679,-0.98739874,-0.0070105791,0
4.4700017,-1.3302021,-1.9195893,0.84175813,-0.13105932,-0.52370483,0
4.0388551,0.80600834,-2.301733,0.15809679,0.98739874,0.0070105791,0
-2.6037836,1.7778188,1.3357017,0.15809679,0.98739874,0.0070105791,0
1.4262148,1.4016502,-1.4465454,0.15809679,0.98739874,0.0070105791,0
-4.2243319,0.6320262,2.3181472,-0.84175813,0.13105932,0.52370483,0
-3.1857316,-1.0963305,1.501817,-0.15809679,-0.98739874,-0.0070105791,0
0.39817631,1.501633,-0.71551925,0.15809679,0.98739874,0.0070105791,0
3.8540854,-0.36678177,-3.600651,0.84175813,-0.13105932,-0.52370483,0
1.5174845,-0.1234523,-1.9962766,-0.51618671,0.088697314,-0.85187101,0
3.9801681,0.75796628,-3.0376582,0.84175813,-0.13105932,-0.52370483,0
2.5674629,0.52951306,-2.5058889,-0.51618671,0.088697314,-0.85187101,0
0.022446275,-1.7158501,-0.87168235,-0.15809679,-0.98739874,-0.0070105791,0
-2.6810584,1.5338961,2.9315281,0.51618671,-0.088697314,0.85187101,0
4.5004773,-0.79644465,-2.1578438,0.84175813,-0.13105932,-0.52370483,0
0.077084899,1.3819262,-0.69690537,0.15809679,0.98739874,0.0070105791,0
3.3877785,-2.2105658,-1.3372576,-0.15809679,-0.98739874,-0.0070105791,0
2.4586577,0.77636814,-2.7599676,-0.51618671,0.088697314,-0.85187101,0
-3.5926752,-0.21840048,0.90023184,-0.51618671,0.088697314,-0.85187101,0
-1.9715753,-1.3005718,2.4297864,0.51618671,-0.088697314,0.85187101,0
-4.0041285,0.46093476,3.2891262,-0.84175813,0.13105932,0.52370483,0
-2.8176649,-1.1392154,0.79499912,-0.15809679,-0.98739874,-0.0070105791,0
0.76878577,1.2827445,0.69054794,0.15809679,0.98739874,0.0070105791,0
0.86789203,-1.5922804,-1.4130307,-0.15809679,-0.98739874,-0.0070105791,0
4.6027222,0.50839233,-2.2239172,0.84175813,-0.13105932,-0.52370483,0
3.0795605,0.81780785,-2.8817863,-0.51618671,0.088697314,-0.85187101,0
-3.9708071,1.4359632,2.7956376,-0.84175813,0.13105932,0.52370483,0
-0.20859888,0.075664401,-1.1486666,-0.51618671,0.088697314,-0.85187101,0
3.3751493,-1.9850974,-1.7758423,-0.15809679,-0.98739874,-0.0070105791,0
1.1567906,-1.1369472,-2.1201501,-0.51618671,0.088697314,-0.85187101,0
3.7997928,0.16194165,-3.2469907,0.84175813,-0.13105932,-0.52370483,0
3.6046557,1.0147538,-3.2116346,-0.51618671,0.088697314,-0.85187101,0
4.1515465,-0.59365356,-2.5923469,0.84175813,-0.13105932,-0.52370483,0
1.0745876,1.4735062,0.47407538,0.15809679,0.98739874,0.0070105791,0
0.58594108,0.44773227,-1.2680224,-0.51618671,0.088697314,-0.85187101,0
4.8761106,0.033703566,-2.0281775,0.84175813,-0.13105932,-0.52370483,0
2.8592868,0.1144101,-2.8530731,-0.51618671,0.088697314,-0.85187101,0
4.1358662,-0.11101532,-3.1464982,0.84175813,-0.13105932,-0.52370483,0
3.8298154,-1.0489187,-3.2091236,0.84175813,-0.13105932,-0.52370483,0
-2.0163965,1.2511488,0.36318243,-0.51618671,0.088697314,-0.85187101,0
-3.8828959,-0.035892129,3.1896024,-0.84175813,0.13105932,0.52370483,0
-0.88887763,1.5021822,0.21711427,0.15809679,0.98739874,0.0070105791,0
-0.20490599,-1.0573397,1.3767788,0.51618671,-0.088697314,0.85187101,0
-3.859041,0.29402137,3.4737256,-0.84175813,0.13105932,0.52370483,0
4.1016083,-2.0057583,-2.1292715,-0.15809679,-0.98739874,-0.0070105791,0
-4.1383915,0.13965702,2.6329379,-0.84175813,0.13105932,0.52370483,0
-0.91222608,1.6439059,-0.37412035,0.15809679,0.98739874,0.0070105791,0
0.12251604,1.5574694,0.26510158,0.15809679,0.98739874,0.0070105791,0
-4.729918,1.3223054,1.9677489,-0.84175813,0.13105932,0.52370483,0
4.3238072,-1.3444047,-2.2715776,0.84175813,-0.13105932,-0.52370483,0
-4.7090588,0.2141974,1.9105573,-0.84175813,0.13105932,0.52370483,0
4.478507,0.24004698,-2.3112385,0.84175813,-0.13105932,-0.52370483,0
-4.4746008,0.55992746,2.3012884,-0.84175813,0.13105932,0.52370483,0
4.8595047,-0.4411962,-1.8042846,0.84175813,-0.13105932,-0.52370483,0
3.1728988,-2.1344142,-3.1523399,-0.15809679,-0.98739874,-0.0070105791,0
-0.37668061,1.6012232,0.092472523,0.15809679,0.98739874,0.0070105791,0
4.8536615,0.6320715,-1.7151589,0.84175813,-0.13105932,-0.52370483,0
-4.4302359,0.19347835,2.1014862,-0.84175813,0.13105932,0.52370483,0
-1.0575943,-0.050689697,-0.42582077,-0.51618671,0.088697314,-0.85187101,0
0.12277997,1.6034847,1.2094564,0.15809679,0.98739874,0.0070105791,0
2.1677995,0.94458961,-0.042517781,0.51618671,-0.088697314,0.85187101,0
0.39764929,1.4726532,-0.051657975,0.15809679,0.98739874,0.0070105791,0
-1.5589311,1.7781252,0.252253,0.15809679,0.98739874,0.0070105791,0
-4.0609217,0.71010566,2.7078469,-0.84175813,0.13105932,0.52370483,0
2.4196565,1.2631763,-0.81806588,0.15809679,0.98739874,0.0070105791,0
3.533998,-1.9888395,-3.3335924,0.84175813,-0.13105932,-0.52370483,0
-3.3830657,1.7229853,3.4400253,0.51618671,-0.088697314,0.85187101,0
3.567395,-1.2344429,-3.4533405,0.84175813,-0.13105932,-0.52370483,0
3.4866605,-1.7366321,-3.4841127,0.84175813,-0.13105932,-0.52370483,0
2.8932233,-1.8882639,-1.3638195,-0.15809679,-0.98739874,-0.0070105791,0
3.09658,-1.7480636,-3.3046188,-0.51618671,0.088697314,-0.85187101,0
-2.6342392,1.788945,1.1632105,0.15809679,0.98739874,0.0070105791,0
1.9170314,-1.8606255,-2.7461522,-0.51618671,0.088697314,-0.85187101,0
-4.128355,1.646704,2.3790636,-0.84175813,0.13105932,0.52370483,0
3.3395391,-1.6964099,-3.4614258,0.84175813,-0.13105932,-0.52370483,0
-2.7753546,-0.99885035,1.765137,-0.15809679,-0.98739874,-0.0070105791,0
3.8224852,-1.4133375,-2.6814342,0.84175813,-0.13105932,-0.52370483,0
-3.8944011,1.0524323,3.4009993,-0.84175813,0.13105932,0.52370483,0
3.903667,-0.77369589,-3.4201951,0.84175813,-0.13105932,-0.52370483,0
-3.315109,1.6796178,3.2741127,0.51618671,-0.088697314,0.85187101,0
-1.9173424,-1.0773046,1.3741443,-0.15809679,-0.98739874,-0.0070105791,0
-4.6919103,-0.32769871,2.3811579,-0.84175813,0.13105932,0.52370483,0
3.7497718,-1.476769,-3.1777329,0.84175813,-0.13105932,-0.52370483,0
3.0275626,-1.7911434,-2.974699,-0.51618671,0.088697314,-0.85187101,0
-4.3540668,0.89867461,2.4209576,-0.84175813,0.13105932,0.52370483,0
-4.2588925,1.6795247,1.9341042,-0.84175813,0.13105932,0.52370483,0
-3.6906004,0.25964236,0.99329138,-0.51618671,0.088697314,-0.85187101,0
2.4503274,-1.9597182,-0.45667291,0.51618671,-0.088697314,0.85187101,0
1.4742061,-1.6628046,-1.839763,-0.15809679,-0.98739874,-0.0070105791,0
-0.77027965,-1.523128,1.3910224,-0.15809679,-0.98739874,-0.0070105791,0
-0.30802,-0.894243,1.2923474,0.51618671,-0.088697314,0.85187101,0
0.62915158,-1.6319311,0.33623582,-0.15809679,-0.98739874,-0.0070105791,0
-1.927209,1.9284642,0.33202296,0.15809679,0.98739874,0.0070105791,0
-4.4624319,-0.95489156,2.7305069,-0.84175813,0.13105932,0.52370483,0
-4.2136011,-0.29771209,2.7065449,-0.84175813,0.13105932,0.52370483,0
3.5218577,-2.1233811,-3.2339277,0.84175813,-0.13105932,-0.52370483,0
-0.080659151,1.7263222,-0.21177995,0.15809679,0.98739874,0.0070105791,0
3.0089972,-1.2836185,-3.3553119,-0.51618671,0.088697314,-0.85187101,0
-2.4695435,-1.0933731,1.7192556,-0.15809679,-0.98739874,-0.0070105791,0
-3.7720718,0.10740781,1.0706527,-0.51618671,0.088697314,-0.85187101,0
-4.1589231,0.63593328,2.3491306,-0.84175813,0.13105932,0.52370483,0
1.2896035,-1.3081957,-1.8907155,-0.51618671,0.088697314,-0.85187101,0
-3.7257504,0.11858892,0.92987776,-0.51618671,0.088697314,-0.85187101,0
-4.3123612,-0.85105348,2.4725745,-0.84175813,0.13105932,0.52370483,0
-1.8428078,-1.3836559,0.47821343,-0.15809679,-0.98739874,-0.0070105791,0
-0.8946172,-1.2741212,1.7979581,0.51618671,-0.088697314,0.85187101,0
-2.563617,2.0759895,2.2895517,0.15809679,0.98739874,0.0070105791,0
-0.02918911,1.3109263,-1.0471842,-0.51618671,0.088697314,-0.85187101,0
-0.090591013,-0.1193701,1.2009766,0.51618671,-0.088697314,0.85187101,0
1.3830127,0.023685575,-2.0746038,-0.51618671,0.088697314,-0.85187101,0
2.9382503,-1.1859905,-0.74632764,0.51618671,-0.088697314,0.85187101,0
-3.8726256,1.2450888,3.1552956,-0.84175813,0.13105932,0.52370483,0
-2.3880837,1.7448314,1.7540908,0.15809679,0.98739874,0.0070105791,0
-3.6799693,0.90678072,3.2438862,-0.84175813,0.13105932,0.52370483,0
-3.7103252,1.3432403,2.9613428,-0.84175813,0.13105932,0.52370483,0
-2.8102846,-1.1586607,1.7266994,-0.15809679,-0.98739874,-0.0070105791,0
-0.68905985,1.5594442,-0.081920408,0.15809679,0.98739874,0.0070105791,0
1.0197437,0.95056349,0.43426299,0.51618671,-0.088697314,0.85187101,0
4.2650957,-0.55060816,-2.6801186,0.84175813,-0.13105932,-0.52370483,0
-0.28111696,0.35093349,1.4339206,0.51618671,-0.088697314,0.85187101,0
-3.6670227,1.8970152,2.7989988,-0.84175813,0.13105932,0.52370483,0
3.0369864,1.198737,-1.4677072,0.15809679,0.98739874,0.0070105791,0
3.9229329,-1.1549977,-3.2218351,0.84175813,-0.13105932,-0.52370483,0
-0.41421729,0.7895565,1.5528848,0.51618671,-0.088697314,0.85187101,0
0.17976302,0.79703343,1.1429662,0.51618671,-0.088697314,0.85187101,0
2.208868,-1.9123561,-0.63167369,-0.15809679,-0.98739874,-0.0070105791,0
-1.4015507,-1.4178953,1.5322427,-0.15809679,-0.98739874,-0.0070105791,0
-4.2673507,-0.79685056,2.9354031,-0.84175813,0.13105932,0.52370483,0
4.2712188,-2.2019725,-2.1450362,0.84175813,-0.13105932,-0.52370483,0
-0.52476871,0.53505707,1.4768792,0.51618671,-0.088697314,0.85187101,0
3.9865789,-0.29036999,-3.2263134,0.84175813,-0.13105932,-0.52370483,0
2.9060974,-0.6891461,-3.0766892,-0.51618671,0.088697314,-0.85187101,0
-3.4736876,1.9427462,1.3261698,-0.51618671,0.088697314,-0.85187101,0
1.6677459,-1.8702738,-0.25934678,-0.15809679,-0.98739874,-0.0070105791,0
4.6750078,-0.26715827,-2.3047359,0.84175813,-0.13105932,-0.52370483,0
-3.976918,1.7986398,2.6071773,-0.84175813,0.13105932,0.52370483,0
-4.3694901,-0.26630807,1.3909655,-0.51618671,0.088697314,-0.85187101,0
1.3756452,-1.6398917,-0.071994513,-0.15809679,-0.98739874,-0.0070105791,0
2.4512777,0.97144759,-2.3266029,0.15809679,0.98739874,0.0070105791,0
4.3861451,-2.3997049,-1.7081802,-0.15809679,-0.98739874,-0.0070105791,0
-2.3541698,-0.40603587,2.7012248,0.51618671,-0.088697314,0.85187101,0
-0.99649727,1.5761575,-0.053482756,0.15809679,0.98739874,0.0070105791,0
-3.6248455,-0.92603326,2.8955889,-0.15809679,-0.98739874,-0.0070105791,0
2.5747347,-1.3440772,-0.44078958,0.51618671,-0.088697314,0.85187101,0
-3.4360623,-1.0236814,3.2135828,-0.15809679,-0.98739874,-0.0070105791,0
0.50765276,-1.2455271,0.67945307,0.51618671,-0.088697314,0.85187101,0
0.42827845,1.4683552,-0.6342501,0.15809679,0.98739874,0.0070105791,0
-2.3314574,1.9018729,2.7211595,0.15809679,0.98739874,0.0070105791,0
-2.7876105,1.5053785,0.89665759,-0.51618671,0.088697314,-0.85187101,0
0.38238394,-1.6768529,-0.45394254,-0.15809679,-0.98739874,-0.0070105791,0
1.2645594,0.048751555,-1.9760361,-0.51618671,0.088697314,-0.85187101,0
-3.4915466,-1.0427328,1.5457942,-0.15809679,-0.98739874,-0.0070105791,0
4.7713823,0.15785003,-2.1538935,0.84175813,-0.13105932,-0.52370483,0
1.3181189,0.66791332,-2.1094732,-0.51618671,0.088697314,-0.85187101,0
-2.7330904,-1.0150743,2.4775748,-0.15809679,-0.98739874,-0.0070105791,0
0.64399123,-1.7797577,-1.754583,-0.15809679,-0.98739874,-0.0070105791,0
-4.0955338,2.1852841,2.4380555,0.15809679,0.98739874,0.0070105791,0
-3.6602032,-0.74825454,2.2600024,-0.15809679,-0.98739874,-0.0070105791,0
4.1884041,-1.3587072,-2.2208583,0.84175813,-0.13105932,-0.52370483,0
-4.2176123,-0.83309364,2.8408806,-0.84175813,0.13105932,0.52370483,0
3.9827385,-2.0016723,-2.6786668,0.84175813,-0.13105932,-0.52370483,0
-2.5579424,0.64741576,0.60237181,-0.51618671,0.088697314,-0.85187101,0
2.0454521,1.1158792,-0.15372026,0.51618671,-0.088697314,0.85187101,0
-4.2774324,1.3795853,2.2011209,-0.84175813,0.13105932,0.52370483,0
-4.4922376,0.81945539,2.1847265,-0.84175813,0.13105932,0.52370483,0
0.5949834,-0.73298872,0.75634968,0.51618671,-0.088697314,0.85187101,0
4.6635418,0.52385163,-2.1390023,0.84175813,-0.13105932,-0.52370483,0
-1.3794653,1.6961412,-0.25201732,-0.51618671,0.088697314,-0.85187101,0
-4.0976753,1.7978179,1.5580115,-0.51618671,0.088697314,-0.85187101,0
1.6791433,-1.7418096,-2.5299692,-0.15809679,-0.98739874,-0.0070105791,0
-3.7546301,0.55433339,3.3955169,-0.84175813,0.13105932,0.52370483,0
-1.1193086,1.677645,1.1483194,0.15809679,0.98739874,0.0070105791,0
-0.5464704,-1.5137631,-0.19039726,-0.15809679,-0.98739874,-0.0070105791,0
-2.5120425,1.9684703,3.0064366,0.15809679,0.98739874,0.0070105791,0
-4.4210262,-0.39037085,2.6442142,-0.84175813,0.13105932,0.52370483,0
3.1282761,1.01483,-2.0238595,0.15809679,0.98739874,0.0070105791,0
3.8942244,-1.1582397,-1.4581172,0.51618671,-0.088697314,0.85187101,0
3.8339734,0.84781528,-2.5652232,0.15809679,0.98739874,0.0070105791,0
-0.040150046,-1.4660496,-0.36791551,-0.15809679,-0.98739874,-0.0070105791,0
3.6118085,0.96889043,-1.371207,0.15809679,0.98739874,0.0070105791,0
-3.1050565,0.57949829,0.55689323,-0.51618671,0.088697314,-0.85187101,0
1.6531557,0.78029966,-1.9185411,-0.51618671,0.088697314,-0.85187101,0
-2.0400441,1.8291391,0.5023253,0.15809679,0.98739874,0.0070105791,0
3.8104472,0.2009939,-3.2926078,0.84175813,-0.13105932,-0.52370483,0
0.12955046,-1.6904774,-0.3710283,-0.15809679,-0.98739874,-0.0070105791,0
-3.9249411,1.9937621,1.3341995,-0.51618671,0.088697314,-0.85187101,0
3.166306,1.0905964,-2.8261399,-0.51618671,0.088697314,-0.85187101,0
4.1313581,1.000741,-2.7041376,0.15809679,0.98739874,0.0070105791,0
-4.1817088,-1.044479,3.1789796,-0.15809679,-0.98739874,-0.0070105791,0
2.5828288,1.0244901,-2.4152575,-0.51618671,0.088697314,-0.85187101,0
1.3553979,0.43652713,-1.9823198,-0.51618671,0.088697314,-0.85187101,0
-1.9644697,-1.1909226,0.20175636,-0.15809679,-0.98739874,-0.0070105791,0
-1.9697661,-0.27602404,2.522779,0.51618671,-0.088697314,0.85187101,0
4.0082674,-1.3239763,-2.5282543,0.84175813,-0.13105932,-0.52370483,0
-3.8899868,-0.70909047,1.9388177,-0.15809679,-0.98739874,-0.0070105791,0
2.0060678,-1.7700584,-2.6164231,-0.51618671,0.088697314,-0.85187101,0
4.466176,-1.6825379,-2.3266628,0.84175813,-0.13105932,-0.52370483,0
4.2521529,-0.99385679,-2.3925233,0.84175813,-0.13105932,-0.52370483,0
4.3350773,0.10451627,-2.9395981,0.84175813,-0.13105932,-0.52370483,0
0.040994763,0.45219827,-1.2415731,-0.51618671,0.088697314,-0.85187101,0
-3.6718636,0.41009438,3.3819978,-0.84175813,0.13105932,0.52370483,0
-4.2997599,2.0944843,1.9843071,-0.84175813,0.13105932,0.52370483,0
3.9242318,0.56356871,-3.6803234,0.84175813,-0.13105932,-0.52370483,0
1.2228431,1.1455367,0.091786742,0.15809679,0.98739874,0.0070105791,0
3.780303,-1.4950405,-3.0991139,0.84175813,-0.13105932,-0.52370483,0
-4.2394967,2.303879,2.4396935,0.15809679,0.98739874,0.0070105791,0
-5.0340538,-0.032279015,1.7282419,-0.84175813,0.13105932,0.52370483,0
-3.9381206,1.0156262,3.3286526,-0.84175813,0.13105932,0.52370483,0
4.2976198,-1.7357277,-2.1514452,0.84175813,-0.13105932,-0.52370483,0
0.43879634,-0.96090919,-1.6708343,-0.51618671,0.088697314,-0.85187101,0
1.0012512,-0.46927834,0.62738812,0.51618671,-0.088697314,0.85187101,0
-4.07689,1.2991929,2.6766009,-0.84175813,0.13105932,0.52370483,0
-3.8285122,-0.043928266,3.1078613,-0.84175813,0.13105932,0.52370483,0
