2.2215366,2.0703611,0.89245939,-0.40062937,0.83321792,0.38110894,0
-2.613519,-2.8680377,2.1971838,0.27288783,-0.28856269,0.9177494,0
-1.321856,-0.81320292,-1.9257889,0.40062937,-0.83321792,-0.38110894,0
3.1201506,1.1989833,1.6011444,0.27288783,-0.28856269,0.9177494,0
4.2265544,0.32614863,1.2183897,0.27288783,-0.28856269,0.9177494,0
-3.2330892,-2.9008553,1.2517223,-0.87465906,-0.4716773,0.11176831,0
-0.074587971,1.2988656,-0.75464922,-0.40062937,0.83321792,0.38110894,0
0.38370132,0.55549282,1.9709089,-0.40062937,0.83321792,0.38110894,0
-3.8086805,-1.6929641,2.0209124,-0.40062937,0.83321792,0.38110894,0
2.3417492,-0.68096501,1.2462711,0.27288783,-0.28856269,0.9177494,0
1.7199341,0.89479804,1.7647636,0.27288783,-0.28856269,0.9177494,0
3.4326444,0.88836187,1.4808122,0.27288783,-0.28856269,0.9177494,0
4.1655049,1.4971745,-0.18588877,0.87465906,0.4716773,-0.11176831,0
-1.6438339,0.53445208,-1.397112,-0.27288783,0.28856269,-0.9177494,0
3.0082927,3.200084,-1.720654,0.87465906,0.4716773,-0.11176831,0
-4.4688411,-1.494778,0.54969072,-0.87465906,-0.4716773,0.11176831,0
4.1590037,1.8541451,0.1295445,0.87465906,0.4716773,-0.11176831,0
3.6182876,0.96214867,1.4337867,0.27288783,-0.28856269,0.9177494,0
3.9733732,2.2993641,0.57969594,0.87465906,0.4716773,-0.11176831,0
-0.2079941,-0.87854397,2.0505672,0.27288783,-0.28856269,0.9177494,0
-1.5391316,0.50445515,-1.5706184,-0.27288783,0.28856269,-0.9177494,0
-2.5720444,-1.4973633,2.6573389,0.27288783,-0.28856269,0.9177494,0
3.703953,2.5107012,-0.8482039,0.87465906,0.4716773,-0.11176831,0
2.385951,1.7276928,-2.3978806,-0.27288783,0.28856269,-0.9177494,0
2.7826359,1.2548311,-2.1163192,0.40062937,-0.83321792,-0.38110894,0
-1.519295,0.57238054,0.20283437,-0.40062937,0.83321792,0.38110894,0
2.6969941,0.63414586,-1.4374557,0.40062937,-0.83321792,-0.38110894,0
-0.61489385,0.37778339,0.88114345,-0.40062937,0.83321792,0.38110894,0
-1.4602754,-2.5786517,1.1897664,0.40062937,-0.83321792,-0.38110894,0
3.0765138,0.052628309,1.2289512,0.27288783,-0.28856269,0.9177494,0
1.0661349,-0.85524035,1.796257,0.27288783,-0.28856269,0.9177494,0
-0.81181556,-2.4056578,1.5440395,0.40062937,-0.83321792,-0.38110894,0
-0.55320895,-1.6442481,0.71962869,0.40062937,-0.83321792,-0.38110894,0
-2.5481746,0.17224319,0.05200994,-0.40062937,0.83321792,0.38110894,0
3.5262625,1.2993553,-1.648046,0.40062937,-0.83321792,-0.38110894,0
-3.8660736,-1.7535093,2.5226839,-0.87465906,-0.4716773,0.11176831,0
-0.31587675,1.4058284,-0.42300394,-0.40062937,0.83321792,0.38110894,0
0.61170244,-0.64626896,-0.16193214,0.40062937,-0.83321792,-0.38110894,0
-0.26181394,-1.6262503,0.40895295,0.40062937,-0.83321792,-0.38110894,0
-2.226944,-0.8449657,2.5754483,-0.40062937,0.83321792,0.38110894,0
-3.2726753,-2.8345342,1.8240514,-0.87465906,-0.4716773,0.11176831,0
-1.008036,1.1551956,-0.69691789,-0.40062937,0.83321792,0.38110894,0
-3.6401911,-2.6166217,-0.86314821,0.40062937,-0.83321792,-0.38110894,0
3.7307343,2.1314416,-1.044595,0.87465906,0.4716773,-0.11176831,0
3.9702883,2.195122,0.74634457,0.87465906,0.4716773,-0.11176831,0
-0.91914117,-0.23291415,1.8868848,-0.40062937,0.83321792,0.38110894,0
1.3988018,2.541925,-1.6540406,-0.40062937,0.83321792,0.38110894,0
1.7767125,2.4482877,-0.59115744,-0.40062937,0.83321792,0.38110894,0
-3.6619983,-0.87497473,1.0888283,-0.40062937,0.83321792,0.38110894,0
-1.4616096,-2.3845019,1.1195898,0.40062937,-0.83321792,-0.38110894,0
2.0516987,2.218431,-1.944248,-0.27288783,0.28856269,-0.9177494,0
0.46570623,0.2675311,1.9104942,0.27288783,-0.28856269,0.9177494,0
3.4988983,1.8647234,1.5681003,0.27288783,-0.28856269,0.9177494,0
-3.2557714,-2.7423477,2.2103035,-0.87465906,-0.4716773,0.11176831,0
4.2409196,0.72851676,0.02382946,0.40062937,-0.83321792,-0.38110894,0
0.96737266,1.3246253,-1.8757331,-0.27288783,0.28856269,-0.9177494,0
-0.28287911,1.2752584,-0.78531784,-0.40062937,0.83321792,0.38110894,0
3.7223442,2.6038432,-1.8089161,0.87465906,0.4716773,-0.11176831,0
4.6789865,0.63858128,1.025528,0.40062937,-0.83321792,-0.38110894,0
-2.2369702,0.39838842,-0.33719599,-0.40062937,0.83321792,0.38110894,0
0.040113926,-1.1260271,-0.23976636,0.40062937,-0.83321792,-0.38110894,0
3.8063245,1.4736941,1.6797938,0.27288783,-0.28856269,0.9177494,0
-3.4928324,-2.7625489,1.982749,-0.87465906,-0.4716773,0.11176831,0
-1.2644436,-0.43642849,2.2553391,0.27288783,-0.28856269,0.9177494,0
-0.8768903,0.28844965,1.2806563,-0.40062937,0.83321792,0.38110894,0
-2.2440219,-2.0274796,-0.79811633,0.40062937,-0.83321792,-0.38110894,0
-4.0025883,-1.6175865,1.5150383,-0.87465906,-0.4716773,0.11176831,0
2.355206,-0.37373471,1.1552107,0.27288783,-0.28856269,0.9177494,0
-1.6726522,-2.0637512,1.9878516,0.27288783,-0.28856269,0.9177494,0
2.8008518,0.79131079,1.5102544,0.27288783,-0.28856269,0.9177494,0
3.0455942,0.17641279,1.317927,0.27288783,-0.28856269,0.9177494,0
2.3902168,1.6410629,1.1696005,-0.40062937,0.83321792,0.38110894,0
-3.432951,-1.0683267,1.6395741,-0.40062937,0.83321792,0.38110894,0
0.41743022,-0.7133432,-0.1954781,0.40062937,-0.83321792,-0.38110894,0
-4.0951009,-2.0803113,1.1083527,-0.87465906,-0.4716773,0.11176831,0
1.9922986,1.8882987,-2.1204176,-0.27288783,0.28856269,-0.9177494,0
-1.0206538,0.7761851,-1.7224772,-0.27288783,0.28856269,-0.9177494,0
0.49054348,0.47733411,-1.9587622,-0.27288783,0.28856269,-0.9177494,0
-0.95513105,-1.5092349,2.0637088,0.27288783,-0.28856269,0.9177494,0
1.6260183,2.0328515,-2.1315529,-0.27288783,0.28856269,-0.9177494,0
-1.3962108,-1.4424601,2.0931809,0.27288783,-0.28856269,0.9177494,0
0.059792697,-0.74242294,-0.77249056,0.40062937,-0.83321792,-0.38110894,0
2.6614237,2.8407183,-1.9769711,-0.27288783,0.28856269,-0.9177494,0
4.2131195,2.2006135,1.6686497,0.27288783,-0.28856269,0.9177494,0
3.2842348,3.2999289,-1.162025,-0.40062937,0.83321792,0.38110894,0
-3.1809907,-0.5723322,-1.4923257,-0.27288783,0.28856269,-0.9177494,0
1.1681337,-0.73564523,1.6446304,0.27288783,-0.28856269,0.9177494,0
3.1991382,3.2105842,-1.4146082,0.87465906,0.4716773,-0.11176831,0
-3.4241319,-2.4372125,1.4131863,-0.87465906,-0.4716773,0.11176831,0
1.4269434,1.8058348,-2.0998037,-0.27288783,0.28856269,-0.9177494,0
1.4167283,-0.79835087,0.089302003,0.40062937,-0.83321792,-0.38110894,0
-4.5316439,-1.3247533,-0.63132596,-0.87465906,-0.4716773,0.11176831,0
3.3545389,2.8715649,-1.5344007,0.87465906,0.4716773,-0.11176831,0
4.0567894,1.7567264,0.13426089,0.87465906,0.4716773,-0.11176831,0
-0.93015981,1.4004703,-1.5947373,-0.27288783,0.28856269,-0.9177494,0
4.662364,1.2626503,0.73518825,0.87465906,0.4716773,-0.11176831,0
0.35423118,1.8508811,-1.7026882,-0.27288783,0.28856269,-0.9177494,0
-3.4186311,-3.050494,1.7579699,-0.87465906,-0.4716773,0.11176831,0
1.3174533,-0.72502989,1.6757894,0.27288783,-0.28856269,0.9177494,0
2.4845958,2.9042532,-1.1965959,-0.40062937,0.83321792,0.38110894,0
0.68020725,0.85051799,-1.9144717,-0.27288783,0.28856269,-0.9177494,0
0.64588511,-0.4813405,1.8778576,0.27288783,-0.28856269,0.9177494,0
2.7865696,1.7459435,1.9840572,-0.40062937,0.83321792,0.38110894,0
1.0919837,2.5727539,-1.4806271,-0.40062937,0.83321792,0.38110894,0
-1.3207777,-1.6389626,-0.35340261,0.40062937,-0.83321792,-0.38110894,0
1.0905594,-0.83225727,1.4207747,0.27288783,-0.28856269,0.9177494,0
3.8934622,2.1394503,-0.80419421,0.87465906,0.4716773,-0.11176831,0
0.14785671,0.76007056,1.174494,-0.40062937,0.83321792,0.38110894,0
-3.8924479,-2.1682537,-0.5934937,-0.87465906,-0.4716773,0.11176831,0
-1.28659,0.50183761,0.53247619,-0.40062937,0.83321792,0.38110894,0
0.80102831,-0.72844976,0.0122163,0.40062937,-0.83321792,-0.38110894,0
2.5188122,2.2974029,-2.2579594,-0.27288783,0.28856269,-0.9177494,0
-2.8154786,-1.9867531,-0.71553874,0.40062937,-0.83321792,-0.38110894,0
-4.0315399,-2.1655977,1.2620363,-0.87465906,-0.4716773,0.11176831,0
-0.94858027,1.3638711,-1.4155459,-0.27288783,0.28856269,-0.9177494,0
-4.2818937,-0.57504076,-0.13224888,-0.40062937,0.83321792,0.38110894,0
4.4576097,0.99631721,0.086493015,0.87465906,0.4716773,-0.11176831,0
3.8116157,2.1460395,-2.6131172,0.87465906,0.4716773,-0.11176831,0
-3.7015676,-1.9748893,2.2549071,-0.87465906,-0.4716773,0.11176831,0
-3.2305388,-2.9587269,1.3695428,-0.87465906,-0.4716773,0.11176831,0
-4.0907931,-1.959355,-0.40313506,-0.87465906,-0.4716773,0.11176831,0
2.03672,2.2366838,-0.13797998,-0.40062937,0.83321792,0.38110894,0
-0.15591252,1.3359797,-1.6340981,-0.27288783,0.28856269,-0.9177494,0
-4.3042908,-1.5524167,0.13615656,-0.87465906,-0.4716773,0.11176831,0
0.64086914,1.501133,-2.0629096,-0.27288783,0.28856269,-0.9177494,0
-2.8442535,-2.9869976,2.1882007,0.27288783,-0.28856269,0.9177494,0
-3.879709,-1.7998857,1.8378603,-0.87465906,-0.4716773,0.11176831,0
2.9178071,1.5533657,-2.735286,-0.27288783,0.28856269,-0.9177494,0
1.5293843,1.566613,-2.0827978,-0.27288783,0.28856269,-0.9177494,0
-4.3214707,-1.9598978,-1.1921122,-0.87465906,-0.4716773,0.11176831,0
-3.0682862,-2.5769191,2.144757,0.27288783,-0.28856269,0.9177494,0
4.1552544,1.5261663,-1.3337913,0.87465906,0.4716773,-0.11176831,0
0.45439821,-0.66864967,-0.72728759,0.40062937,-0.83321792,-0.38110894,0
3.3715057,2.7703264,-0.94410324,0.87465906,0.4716773,-0.11176831,0
3.3006997,3.3766096,-1.5532098,0.87465906,0.4716773,-0.11176831,0
-0.15063876,-2.0204487,1.1647217,0.40062937,-0.83321792,-0.38110894,0
2.4439116,0.79915291,1.5273026,0.27288783,-0.28856269,0.9177494,0
0.93017644,2.1363058,-1.5106525,-0.40062937,0.83321792,0.38110894,0
5.0355191,0.78427529,0.91093183,0.87465906,0.4716773,-0.11176831,0
4.5487561,0.98142189,0.77411318,0.87465906,0.4716773,-0.11176831,0
-2.0812414,-1.1632886,-1.8552334,0.40062937,-0.83321792,-0.38110894,0
0.35315359,0.22194201,2.0594685,-0.40062937,0.83321792,0.38110894,0
-4.1392388,-1.8371003,1.435041,-0.87465906,-0.4716773,0.11176831,0
-3.6455796,0.14003897,-1.0226995,-0.40062937,0.83321792,0.38110894,0
-1.4739745,-2.3831918,1.0520213,0.40062937,-0.83321792,-0.38110894,0
-4.571806,-1.2314843,0.34344864,-0.87465906,-0.4716773,0.11176831,0
-3.0391443,0.061590433,-0.48729074,-0.40062937,0.83321792,0.38110894,0
0.026769757,-0.21827203,-1.720126,0.40062937,-0.83321792,-0.38110894,0
4.03298,2.0289192,-1.1721568,0.87465906,0.4716773,-0.11176831,0
-3.2624822,-2.8123386,2.2458007,0.27288783,-0.28856269,0.9177494,0
-3.8138237,-2.0843186,2.3554707,-0.87465906,-0.4716773,0.11176831,0
-2.3258464,-2.1797628,2.3184335,0.27288783,-0.28856269,0.9177494,0
-1.475853,-1.8099655,-0.010548234,0.40062937,-0.83321792,-0.38110894,0
-4.1629744,-1.6841443,1.6409473,-0.87465906,-0.4716773,0.11176831,0
3.8216879,2.0532973,-1.593322,0.87465906,0.4716773,-0.11176831,0
-0.922526,1.354522,-1.5730476,-0.40062937,0.83321792,0.38110894,0
1.51244,-0.73794985,1.6194143,0.27288783,-0.28856269,0.9177494,0
2.8838568,0.33103436,0.081459045,0.40062937,-0.83321792,-0.38110894,0
3.6993611,2.7259312,-1.2118478,0.87465906,0.4716773,-0.11176831,0
1.0929139,1.2301178,1.1474966,-0.40062937,0.83321792,0.38110894,0
-3.5282431,-2.1379972,2.6432922,0.27288783,-0.28856269,0.9177494,0
-0.37113595,-0.36760104,-1.8950045,0.40062937,-0.83321792,-0.38110894,0
3.8488283,2.199717,-1.8450527,0.87465906,0.4716773,-0.11176831,0
4.4261169,1.6749796,1.0127733,0.87465906,0.4716773,-0.11176831,0
3.9308097,0.29269138,1.1745652,0.27288783,-0.28856269,0.9177494,0
-0.40127146,-0.17551178,2.3113484,0.27288783,-0.28856269,0.9177494,0
-0.68818307,-2.0710931,1.7015306,0.27288783,-0.28856269,0.9177494,0
-0.95720321,-0.93789989,2.1197903,0.27288783,-0.28856269,0.9177494,0
-2.6074648,-1.7924159,-1.5906243,0.40062937,-0.83321792,-0.38110894,0
0.011311054,1.2405357,-1.7537222,-0.27288783,0.28856269,-0.9177494,0
2.5067434,3.2430997,-1.6378446,-0.40062937,0.83321792,0.38110894,0
3.6217544,2.3951237,-0.078617334,0.87465906,0.4716773,-0.11176831,0
-2.3038526,0.58293617,-1.1319585,-0.40062937,0.83321792,0.38110894,0
0.66911834,2.1153433,-1.6596588,-0.40062937,0.83321792,0.38110894,0
0.41673315,1.1901498,-1.7491453,-0.27288783,0.28856269,-0.9177494,0
-4.1615567,-1.6694616,0.46753311,-0.87465906,-0.4716773,0.11176831,0
3.1090026,2.9863942,-2.1032116,-0.27288783,0.28856269,-0.9177494,0
3.7717133,0.45610589,-0.11089683,0.40062937,-0.83321792,-0.38110894,0
-1.4707769,0.49078405,-0.12003422,-0.40062937,0.83321792,0.38110894,0
1.5862818,-0.76775503,1.0137,0.40062937,-0.83321792,-0.38110894,0
3.8441632,0.6707027,0.40290236,0.40062937,-0.83321792,-0.38110894,0
1.5548481,2.0553684,-1.8667934,-0.27288783,0.28856269,-0.9177494,0
4.3364096,2.3092036,1.7415602,0.87465906,0.4716773,-0.11176831,0
1.8495111,-0.45949972,0.40663379,0.40062937,-0.83321792,-0.38110894,0
-4.5581961,-1.2637223,-1.2299664,-0.87465906,-0.4716773,0.11176831,0
-3.6658325,-2.4197686,0.0015382767,-0.87465906,-0.4716773,0.11176831,0
-1.9054645,-2.1371193,2.1241326,0.27288783,-0.28856269,0.9177494,0
3.5168457,-0.092090011,1.2473581,0.27288783,-0.28856269,0.9177494,0
1.0197792,1.6132709,-2.1065769,-0.27288783,0.28856269,-0.9177494,0
3.5280452,2.7885041,-0.14618349,0.87465906,0.4716773,-0.11176831,0
4.2568536,1.3084676,-0.45464087,0.87465906,0.4716773,-0.11176831,0
2.299752,1.5407403,1.7682655,0.27288783,-0.28856269,0.9177494,0
-0.025164336,-1.0817778,-0.49330801,0.40062937,-0.83321792,-0.38110894,0
3.7565308,1.8328627,-2.173131,0.87465906,0.4716773,-0.11176831,0
-3.8374922,-2.106566,-0.32315302,-0.87465906,-0.4716773,0.11176831,0
4.0264592,2.3238347,0.26986504,0.87465906,0.4716773,-0.11176831,0
-3.5170274,-2.899312,1.89151,-0.87465906,-0.4716773,0.11176831,0
0.22237599,1.8167388,-1.1124883,-0.40062937,0.83321792,0.38110894,0
3.6316068,2.8900268,-0.77623177,0.87465906,0.4716773,-0.11176831,0
0.92064786,-0.36804286,1.7540238,0.27288783,-0.28856269,0.9177494,0
-3.0759945,-1.4194794,2.4836338,0.27288783,-0.28856269,0.9177494,0
0.93002057,-1.20983,1.601298,0.27288783,-0.28856269,0.9177494,0
0.89552629,-1.233186,1.0207808,0.40062937,-0.83321792,-0.38110894,0
0.67989182,0.82518578,1.1542273,-0.40062937,0.83321792,0.38110894,0
0.56602174,-0.20580924,-1.3681314,0.40062937,-0.83321792,-0.38110894,0
-4.5125055,-1.2703335,-0.69160652,-0.87465906,-0.4716773,0.11176831,0
-3.6290214,-2.3177295,1.06652,-0.87465906,-0.4716773,0.11176831,0
-3.2193761,-3.2190874,1.7138369,-0.87465906,-0.4716773,0.11176831,0
1.9300452,0.21916395,1.7317091,0.27288783,-0.28856269,0.9177494,0
-2.3963189,-0.51719207,-1.4275016,-0.27288783,0.28856269,-0.9177494,0
4.195817,1.6489958,0.88170242,0.87465906,0.4716773,-0.11176831,0
-0.53900445,-0.050272763,1.8711386,-0.40062937,0.83321792,0.38110894,0
-2.6007047,-1.5397289,2.5793574,0.27288783,-0.28856269,0.9177494,0
-3.5294671,-2.6428993,-0.096497536,-0.87465906,-0.4716773,0.11176831,0
-0.44892415,0.62018752,0.84502017,-0.40062937,0.83321792,0.38110894,0
3.5288932,3.2514718,-0.61380768,0.87465906,0.4716773,-0.11176831,0
-4.0766807,-0.55576807,-1.2154341,-0.27288783,0.28856269,-0.9177494,0
4.1907253,0.66153955,0.97110462,0.27288783,-0.28856269,0.9177494,0
-0.61507386,-1.7739829,1.5898834,0.27288783,-0.28856269,0.9177494,0
4.3737307,1.3377233,0.82262111,0.87465906,0.4716773,-0.11176831,0
2.6266608,1.345789,-2.3648376,0.40062937,-0.83321792,-0.38110894,0
3.9509559,2.4991758,0.4874115,0.87465906,0.4716773,-0.11176831,0
1.4397523,0.012569696,-1.2574983,0.40062937,-0.83321792,-0.38110894,0
1.4462414,0.89656651,-2.2233047,-0.27288783,0.28856269,-0.9177494,0
-3.5454028,-2.4691839,-0.5394392,0.40062937,-0.83321792,-0.38110894,0
-1.182636,-1.4783192,2.1717005,0.27288783,-0.28856269,0.9177494,0
0.59107327,2.0111599,-1.6190822,-0.27288783,0.28856269,-0.9177494,0
-4.0743318,-1.670261,-0.43090653,-0.87465906,-0.4716773,0.11176831,0
2.1948395,0.83577657,-1.7302377,0.40062937,-0.83321792,-0.38110894,0
-2.2077274,-0.899266,-1.6274712,-0.27288783,0.28856269,-0.9177494,0
2.0100381,1.8484904,0.59138608,-0.40062937,0.83321792,0.38110894,0
0.56504488,0.77115721,-2.2061675,-0.27288783,0.28856269,-0.9177494,0
3.9706483,0.25575051,0.85557294,0.40062937,-0.83321792,-0.38110894,0
4.5599222,1.5359929,1.0235198,0.87465906,0.4716773,-0.11176831,0
-3.8014936,-2.2575202,1.6146836,-0.87465906,-0.4716773,0.11176831,0
3.7173903,2.098937,-1.4724355,0.87465906,0.4716773,-0.11176831,0
-3.2005138,-2.6546686,0.11589384,0.40062937,-0.83321792,-0.38110894,0
-4.2690544,-1.306155,0.33582211,-0.87465906,-0.4716773,0.11176831,0
-3.346015,-3.3128436,1.7662444,-0.87465906,-0.4716773,0.11176831,0
-2.1346407,-0.64496434,-1.6524782,-0.27288783,0.28856269,-0.9177494,0
-4.3104725,-1.4172153,-0.40712333,-0.87465906,-0.4716773,0.11176831,0
-4.0831075,-1.7085735,1.2339745,-0.87465906,-0.4716773,0.11176831,0
-4.3064075,-0.58635461,-0.69190407,-0.40062937,0.83321792,0.38110894,0
1.1078072,-1.0901833,1.2495158,0.40062937,-0.83321792,-0.38110894,0
-3.3348997,-3.3577156,1.6840901,-0.87465906,-0.4716773,0.11176831,0
2.2675436,1.2955611,-2.5607269,-0.27288783,0.28856269,-0.9177494,0
0.1466732,-0.40191847,-1.4538436,0.40062937,-0.83321792,-0.38110894,0
-3.6284924,-2.7506018,2.0472364,-0.87465906,-0.4716773,0.11176831,0
-3.3496358,-2.496383,-0.3192904,0.40062937,-0.83321792,-0.38110894,0
-1.985509,0.29216823,-0.10405362,-0.40062937,0.83321792,0.38110894,0
0.93602914,0.37419489,-2.2456496,-0.27288783,0.28856269,-0.9177494,0
1.8474116,-0.67976373,0.28604019,0.40062937,-0.83321792,-0.38110894,0
-2.7522552,-2.9369233,0.86464453,0.40062937,-0.83321792,-0.38110894,0
2.4016292,-0.092712633,0.054573298,0.40062937,-0.83321792,-0.38110894,0
-0.70620966,1.5157712,-1.5172411,-0.27288783,0.28856269,-0.9177494,0
3.467998,2.1080122,-2.6981797,-0.27288783,0.28856269,-0.9177494,0
-3.5979929,-2.5888841,-0.1389637,-0.87465906,-0.4716773,0.11176831,0
-2.8959236,-1.5214813,2.4023733,-0.40062937,0.83321792,0.38110894,0
2.4448242,2.8598356,-1.4825034,-0.40062937,0.83321792,0.38110894,0
0.81434655,-1.3002802,0.86447102,0.40062937,-0.83321792,-0.38110894,0
3.589973,1.9014032,-2.3605061,0.87465906,0.4716773,-0.11176831,0
1.3546349,-0.25034139,1.8541425,0.27288783,-0.28856269,0.9177494,0
-3.2626445,-0.077163696,-1.0644433,-0.27288783,0.28856269,-0.9177494,0
-4.9882736,-0.89446813,-0.76902843,-0.87465906,-0.4716773,0.11176831,0
-1.8405378,-2.7466333,1.214432,0.40062937,-0.83321792,-0.38110894,0
2.660953,0.64974409,1.6588485,0.27288783,-0.28856269,0.9177494,0
-3.1708505,-3.0988369,0.95561767,0.40062937,-0.83321792,-0.38110894,0
2.6321211,2.2299087,0.5253377,-0.40062937,0.83321792,0.38110894,0
4.0602617,2.0405254,0.50589824,0.87465906,0.4716773,-0.11176831,0
4.3912706,1.4579353,1.1386032,0.87465906,0.4716773,-0.11176831,0
1.1357381,0.48278582,2.0475626,0.27288783,-0.28856269,0.9177494,0
3.6911387,1.9033411,-2.1434939,0.87465906,0.4716773,-0.11176831,0
-0.090681553,0.078863919,-2.1618814,-0.27288783,0.28856269,-0.9177494,0
-1.1154418,-1.9831452,2.0116165,0.27288783,-0.28856269,0.9177494,0
3.3689799,3.1067705,-1.9093318,0.87465906,0.4716773,-0.11176831,0
4.2143741,0.75602359,-0.064087629,0.40062937,-0.83321792,-0.38110894,0
-1.2622697,-1.848295,2.0322361,0.27288783,-0.28856269,0.9177494,0
-3.2718968,-3.4297931,1.1829715,-0.87465906,-0.4716773,0.11176831,0
3.8384733,1.247355,-1.8090107,0.40062937,-0.83321792,-0.38110894,0
-1.1760895,-1.714982,1.8752235,0.27288783,-0.28856269,0.9177494,0
-0.56125546,-1.8606311,1.2603176,0.40062937,-0.83321792,-0.38110894,0
1.9733332,-0.044087291,1.6908507,0.27288783,-0.28856269,0.9177494,0
3.8019335,2.150733,-0.69922924,0.87465906,0.4716773,-0.11176831,0
-3.0172572,-2.8855777,2.1760795,0.27288783,-0.28856269,0.9177494,0
1.4487438,-0.56845021,1.7425826,0.27288783,-0.28856269,0.9177494,0
0.36182636,-1.6876179,1.3722757,0.40062937,-0.83321792,-0.38110894,0
-2.7019215,-0.83384138,-1.5140215,-0.27288783,0.28856269,-0.9177494,0
1.7924728,2.8102508,-2.0056989,-0.27288783,0.28856269,-0.9177494,0
3.2670858,2.9904838,-1.6797292,0.87465906,0.4716773,-0.11176831,0
-4.0553989,-0.5309462,-1.3008854,-0.27288783,0.28856269,-0.9177494,0
-3.8390226,-2.5559399,0.62118435,-0.87465906,-0.4716773,0.11176831,0
2.1301868,-0.099991456,-0.32291281,0.40062937,-0.83321792,-0.38110894,0
4.6949015,1.4349256,0.85948753,0.87465906,0.4716773,-0.11176831,0
4.5020752,1.0937941,0.45088387,0.87465906,0.4716773,-0.11176831,0
0.44340324,-1.0835721,1.6106269,0.27288783,-0.28856269,0.9177494,0
-3.0656242,-1.2310734,-1.8179685,-0.27288783,0.28856269,-0.9177494,0
0.58906674,-0.75348705,1.6587923,0.27288783,-0.28856269,0.9177494,0
-2.6790528,-0.44321102,-1.6598324,-0.27288783,0.28856269,-0.9177494,0
-0.31594861,0.18996084,2.113934,-0.40062937,0.83321792,0.38110894,0
3.4981947,2.3078249,-2.0114758,0.87465906,0.4716773,-0.11176831,0
2.7259848,3.0665436,-1.502614,-0.40062937,0.83321792,0.38110894,0
-3.9233751,-2.2926445,-1.1049387,-0.87465906,-0.4716773,0.11176831,0
-2.0610011,0.37911227,-0.49470305,-0.40062937,0.83321792,0.38110894,0
3.915204,2.3927493,-0.19258308,0.87465906,0.4716773,-0.11176831,0
-0.33608413,1.748789,-1.383919,-0.40062937,0.83321792,0.38110894,0
-2.373986,-2.1684313,2.1619895,0.27288783,-0.28856269,0.9177494,0
1.3908863,1.4272635,1.4494766,-0.40062937,0.83321792,0.38110894,0
-3.1710467,-1.61531,2.4391253,0.27288783,-0.28856269,0.9177494,0
-4.825984,-1.1113284,-0.9225471,-0.87465906,-0.4716773,0.11176831,0
-4.6629734,-1.0222938,-0.37956095,-0.87465906,-0.4716773,0.11176831,0
2.5428867,3.0678859,-1.3924191,-0.40062937,0.83321792,0.38110894,0
-3.535383,-2.5616214,0.46961761,-0.87465906,-0.4716773,0.11176831,0
4.4062934,0.80201203,1.2451115,0.27288783,-0.28856269,0.9177494,0
-2.6064048,0.46321118,-1.2860453,-0.40062937,0.83321792,0.38110894,0
-2.952127,-3.7145407,1.8722084,0.40062937,-0.83321792,-0.38110894,0
-3.6184931,-0.36766922,-1.2714355,-0.27288783,0.28856269,-0.9177494,0
3.3553598,2.9685264,-0.53946781,0.87465906,0.4716773,-0.11176831,0
-4.1545429,-1.8143132,-1.7148907,-0.27288783,0.28856269,-0.9177494,0
1.2170917,0.016028643,-1.6730406,0.40062937,-0.83321792,-0.38110894,0
-2.3613172,0.69844609,-1.0313728,-0.40062937,0.83321792,0.38110894,0
1.0432025,-1.1177347,1.632803,0.27288783,-0.28856269,0.9177494,0
-4.2597933,-2.1443529,-0.8404119,-0.87465906,-0.4716773,0.11176831,0
3.9001107,1.9540308,-2.220407,0.87465906,0.4716773,-0.11176831,0
-0.1529969,0.30519336,1.4650636,-0.40062937,0.83321792,0.38110894,0
-3.048588,-0.39393789,0.28152561,-0.40062937,0.83321792,0.38110894,0
-2.6354835,-0.81253505,-1.8413339,-0.27288783,0.28856269,-0.9177494,0
0.60994518,-0.96911776,1.6833054,0.27288783,-0.28856269,0.9177494,0
-1.7376593,-0.6577304,-1.8599797,-0.27288783,0.28856269,-0.9177494,0
-1.2671285,-0.03812629,-1.8904142,-0.27288783,0.28856269,-0.9177494,0
-4.1997118,-2.1510558,-1.2469108,-0.87465906,-0.4716773,0.11176831,0
4.2066669,1.2791986,-0.93097758,0.40062937,-0.83321792,-0.38110894,0
-0.8529284,0.65736824,-1.8892598,-0.27288783,0.28856269,-0.9177494,0
-3.785939,-2.3565669,0.19869661,-0.87465906,-0.4716773,0.11176831,0
-1.3545877,-0.41800091,1.732754,-0.40062937,0.83321792,0.38110894,0
3.6492815,2.4017918,-1.6219969,0.87465906,0.4716773,-0.11176831,0
-4.2448349,-1.1736114,1.1232207,-0.40062937,0.83321792,0.38110894,0
-3.6322539,-2.5810494,0.38240194,-0.87465906,-0.4716773,0.11176831,0
-2.4770718,-1.8807441,-0.96091712,0.40062937,-0.83321792,-0.38110894,0
-0.7502383,-0.57233024,2.0759168,0.27288783,-0.28856269,0.9177494,0
-3.4686961,-2.0157855,-1.6621783,0.40062937,-0.83321792,-0.38110894,0
-0.32777774,-0.25189048,2.2790589,0.27288783,-0.28856269,0.9177494,0
-2.799247,-2.8339877,0.83378506,0.40062937,-0.83321792,-0.38110894,0
-3.0046244,-0.44938695,-1.3828427,-0.27288783,0.28856269,-0.9177494,0
1.9465886,0.5223279,-1.8411911,0.40062937,-0.83321792,-0.38110894,0
-2.7472911,-1.885385,-1.6335801,0.40062937,-0.83321792,-0.38110894,0
-3.5334616,-2.6562471,2.1733837,-0.87465906,-0.4716773,0.11176831,0
0.98965359,0.3883757,2.0868104,0.27288783,-0.28856269,0.9177494,0
-4.6007929,-1.1731181,-0.84694743,-0.87465906,-0.4716773,0.11176831,0
-1.1621426,-1.2178032,-1.5389215,0.40062937,-0.83321792,-0.38110894,0
-3.1480207,-3.1793644,1.7817175,-0.87465906,-0.4716773,0.11176831,0
-3.8107097,-2.0711267,-0.067621946,-0.87465906,-0.4716773,0.11176831,0
-4.1686025,-1.4643643,0.52259088,-0.87465906,-0.4716773,0.11176831,0
4.0063539,2.1361814,-1.3532834,0.87465906,0.4716773,-0.11176831,0
2.8802419,0.018182762,0.33425069,0.40062937,-0.83321792,-0.38110894,0
2.1171298,-0.81874818,1.1666198,0.40062937,-0.83321792,-0.38110894,0
0.791664,0.58485389,-2.2848167,-0.27288783,0.28856269,-0.9177494,0
0.35432547,-1.1171557,-0.27752694,0.40062937,-0.83321792,-0.38110894,0
-2.8798873,-3.1659327,0.74848747,0.40062937,-0.83321792,-0.38110894,0
4.1434231,0.62151933,0.13041067,0.40062937,-0.83321792,-0.38110894,0
0.74310642,-1.2705675,0.88008404,0.40062937,-0.83321792,-0.38110894,0
-4.3601608,-1.224896,0.71023512,-0.87465906,-0.4716773,0.11176831,0
-4.4214668,-0.95066792,0.015446901,-0.87465906,-0.4716773,0.11176831,0
3.1170189,3.1096749,-1.9888217,0.87465906,0.4716773,-0.11176831,0
4.3632159,1.4569434,1.025836,0.87465906,0.4716773,-0.11176831,0
0.17016003,-1.3087848,0.53737497,0.40062937,-0.83321792,-0.38110894,0
0.51826644,-0.39756328,1.9360124,0.27288783,-0.28856269,0.9177494,0
-4.0618372,-1.7625961,-0.40913677,-0.87465906,-0.4716773,0.11176831,0
2.9015474,2.1971998,0.46287489,-0.40062937,0.83321792,0.38110894,0
-2.4510026,-3.0379996,1.6925392,0.40062937,-0.83321792,-0.38110894,0
3.2959168,3.1552644,-1.711612,0.87465906,0.4716773,-0.11176831,0
-2.5333753,-2.0957398,2.4295769,0.27288783,-0.28856269,0.9177494,0
-3.7156353,-0.66464829,-0.10019016,-0.40062937,0.83321792,0.38110894,0
-1.7274082,0.38321859,-0.51703846,-0.40062937,0.83321792,0.38110894,0
-4.051713,-1.8239512,0.40861249,-0.87465906,-0.4716773,0.11176831,0
0.82310748,-1.0397437,1.7237806,0.27288783,-0.28856269,0.9177494,0
4.7191401,1.1147681,0.93229938,0.87465906,0.4716773,-0.11176831,0
-0.17721689,-1.8786778,1.5751278,0.40062937,-0.83321792,-0.38110894,0
4.4445372,1.4998914,-0.29322481,0.87465906,0.4716773,-0.11176831,0
-0.6619823,-1.7337453,0.7133249,0.40062937,-0.83321792,-0.38110894,0
1.5590388,-0.66310674,0.5021522,0.40062937,-0.83321792,-0.38110894,0
-3.3328018,-0.49988687,-1.5020928,-0.27288783,0.28856269,-0.9177494,0
-1.1506287,0.97264898,-0.24417883,-0.40062937,0.83321792,0.38110894,0
3.4820745,2.966697,0.047486305,0.87465906,0.4716773,-0.11176831,0
-3.4003179,-2.5770965,1.3892679,-0.87465906,-0.4716773,0.11176831,0
3.5463727,2.9696524,-0.27357936,0.87465906,0.4716773,-0.11176831,0
-3.1113112,-3.5273871,1.7340076,-0.87465906,-0.4716773,0.11176831,0
4.0253115,1.0312299,-0.37673068,0.40062937,-0.83321792,-0.38110894,0
-1.0963171,0.93975061,-1.4523478,-0.27288783,0.28856269,-0.9177494,0
1.7369909,2.3092585,-0.88934398,-0.40062937,0.83321792,0.38110894,0
4.2265224,1.7982404,-1.1136932,0.87465906,0.4716773,-0.11176831,0
3.936676,1.437104,-1.5051453,0.40062937,-0.83321792,-0.38110894,0
-2.626193,-0.49654487,-1.3476175,-0.27288783,0.28856269,-0.9177494,0
1.6752784,1.6215577,0.74640179,-0.40062937,0.83321792,0.38110894,0
1.03696,0.4351241,1.8147315,0.27288783,-0.28856269,0.9177494,0
-3.3689671,-2.930897,2.3968229,0.27288783,-0.28856269,0.9177494,0
3.9513893,1.7206289,-0.80856872,0.87465906,0.4716773,-0.11176831,0
0.77434993,1.498697,-1.7913002,-0.27288783,0.28856269,-0.9177494,0
-2.6696031,-2.7706866,0.13339305,0.40062937,-0.83321792,-0.38110894,0
4.4862361,1.195154,0.62924314,0.87465906,0.4716773,-0.11176831,0
1.9927864,2.2075937,-1.9418554,-0.27288783,0.28856269,-0.9177494,0
3.6170812,2.6963074,-0.63152051,0.87465906,0.4716773,-0.11176831,0
2.5820315,2.612488,-0.6833539,-0.40062937,0.83321792,0.38110894,0
-3.5246916,-2.6974626,0.38419223,-0.87465906,-0.4716773,0.11176831,0
2.9057689,1.233198,-2.5481038,-0.27288783,0.28856269,-0.9177494,0
-2.8058748,0.48429477,-1.0316784,-0.40062937,0.83321792,0.38110894,0
-4.0472693,-2.1503758,0.85792971,-0.87465906,-0.4716773,0.11176831,0
1.4093745,2.1657121,-0.71759415,-0.40062937,0.83321792,0.38110894,0
4.798408,0.90517408,0.063911438,0.87465906,0.4716773,-0.11176831,0
2.7006619,0.95660347,1.76801,0.27288783,-0.28856269,0.9177494,0
-3.3723879,-2.6370676,1.9541352,-0.87465906,-0.4716773,0.11176831,0
-2.0001926,-2.237839,0.062057018,0.40062937,-0.83321792,-0.38110894,0
-1.2015332,0.57356119,-1.65697,-0.27288783,0.28856269,-0.9177494,0
-2.811645,-1.1700008,-1.526623,-0.27288783,0.28856269,-0.9177494,0
0.19802046,-1.2964289,1.6448538,0.27288783,-0.28856269,0.9177494,0
-3.6896768,-1.3024721,1.2937047,-0.40062937,0.83321792,0.38110894,0
2.8288379,3.3649278,-2.0460112,-0.27288783,0.28856269,-0.9177494,0
3.2419765,0.46236375,-0.73769474,0.40062937,-0.83321792,-0.38110894,0
-3.5362077,-2.2371955,1.9874816,-0.87465906,-0.4716773,0.11176831,0
-3.1509314,-2.9508793,2.0932148,-0.87465906,-0.4716773,0.11176831,0
-3.6125841,-0.26039279,-0.81947207,-0.40062937,0.83321792,0.38110894,0
4.7432141,0.9068163,0.30575585,0.87465906,0.4716773,-0.11176831,0
-3.8826838,-1.238184,1.6752212,-0.40062937,0.83321792,0.38110894,0
3.1820138,3.0407386,-1.7029305,0.87465906,0.4716773,-0.11176831,0
-2.3841171,0.53752047,-1.0730282,-0.40062937,0.83321792,0.38110894,0
3.8916161,0.25453401,0.90257168,0.27288783,-0.28856269,0.9177494,0
4.1330681,1.7638323,-1.2234802,0.87465906,0.4716773,-0.11176831,0
-4.7490625,-1.2396173,-1.1416326,-0.27288783,0.28856269,-0.9177494,0
3.6538525,2.2317891,-2.619473,-0.27288783,0.28856269,-0.9177494,0
3.9997182,1.6429064,-1.6015689,0.87465906,0.4716773,-0.11176831,0
-0.1366086,-1.2880673,2.0209162,0.27288783,-0.28856269,0.9177494,0
-0.4662143,0.78334451,0.69360989,-0.40062937,0.83321792,0.38110894,0
-0.87069845,-1.1638432,-0.58868891,0.40062937,-0.83321792,-0.38110894,0
2.6263056,2.086134,-2.1782694,-0.27288783,0.28856269,-0.9177494,0
-3.905884,-1.5661075,2.0151341,-0.87465906,-0.4716773,0.11176831,0
-0.94462001,0.54134929,0.43695998,-0.40062937,0.83321792,0.38110894,0
-0.54010248,0.015324473,1.994149,-0.40062937,0.83321792,0.38110894,0
-0.87167251,-1.7346884,1.8346745,0.27288783,-0.28856269,0.9177494,0
-4.973309,-0.71770811,-0.93492103,-0.87465906,-0.4716773,0.11176831,0
-3.7451513,-2.0785601,1.2211356,-0.87465906,-0.4716773,0.11176831,0
-1.5313755,-1.7348659,-0.19842279,0.40062937,-0.83321792,-0.38110894,0
3.0195584,1.0376104,-2.2416282,0.40062937,-0.83321792,-0.38110894,0
4.0244861,2.5115533,0.68667889,0.87465906,0.4716773,-0.11176831,0
-4.0548668,-2.4752829,-0.17252994,-0.87465906,-0.4716773,0.11176831,0
-2.3931971,0.25914726,-1.454491,-0.27288783,0.28856269,-0.9177494,0
-3.0242856,-2.4322848,-0.81592679,0.40062937,-0.83321792,-0.38110894,0
3.2049453,2.9745817,-1.7146039,0.87465906,0.4716773,-0.11176831,0
-0.64758778,0.582587,-1.9237872,-0.27288783,0.28856269,-0.9177494,0
4.6165729,0.51136798,1.0079961,0.27288783,-0.28856269,0.9177494,0
4.1311502,1.9316815,1.0471244,0.87465906,0.4716773,-0.11176831,0
3.8166876,2.3696716,1.0838554,-0.40062937,0.83321792,0.38110894,0
-3.7237213,-2.7403927,0.95779133,-0.87465906,-0.4716773,0.11176831,0
2.0943522,-0.01339916,0.0178653,0.40062937,-0.83321792,-0.38110894,0
-3.9965384,-2.1143293,-0.17294717,-0.87465906,-0.4716773,0.11176831,0
3.9606457,1.9573232,-0.69928265,0.87465906,0.4716773,-0.11176831,0
0.18022013,0.87711227,-2.064657,-0.27288783,0.28856269,-0.9177494,0
2.4226825,0.28848684,1.6705731,0.27288783,-0.28856269,0.9177494,0
3.9971502,2.0897143,-1.1871409,0.87465906,0.4716773,-0.11176831,0
-3.8671615,-2.1348653,0.62561917,-0.87465906,-0.4716773,0.11176831,0
-4.6150436,-1.1326635,-0.2037456,-0.87465906,-0.4716773,0.11176831,0
3.1542501,1.8726913,1.5357078,-0.40062937,0.83321792,0.38110894,0
3.9940946,2.3944287,0.16012836,0.87465906,0.4716773,-0.11176831,0
0.68417919,-1.3975009,1.3628297,0.27288783,-0.28856269,0.9177494,0
-4.1651497,-1.480726,0.17074132,-0.87465906,-0.4716773,0.11176831,0
1.2771506,0.46457696,1.7673405,0.27288783,-0.28856269,0.9177494,0
3.9292784,1.8807919,-2.3749342,0.87465906,0.4716773,-0.11176831,0
-3.7728419,-1.8730893,-1.4906318,-0.27288783,0.28856269,-0.9177494,0
-0.1732471,-0.62867099,-1.7171775,0.40062937,-0.83321792,-0.38110894,0
-3.1323304,-2.5172479,2.3002925,0.27288783,-0.28856269,0.9177494,0
-0.90069985,-1.1752392,2.2948556,0.27288783,-0.28856269,0.9177494,0
-4.2479281,-1.3827288,0.23102069,-0.87465906,-0.4716773,0.11176831,0
-0.28554815,1.0498295,-0.27999949,-0.40062937,0.83321792,0.38110894,0
-3.1571267,-2.1948352,-0.6874454,0.40062937,-0.83321792,-0.38110894,0
-1.4896834,-0.33998078,1.4575765,-0.40062937,0.83321792,0.38110894,0
4.1137385,2.1992409,0.64797378,0.87465906,0.4716773,-0.11176831,0
-1.1670001,-2.4737177,1.1255765,0.40062937,-0.83321792,-0.38110894,0
4.0929279,1.8705677,-0.26526976,0.87465906,0.4716773,-0.11176831,0
-2.2480061,-1.6236042,2.3421185,0.27288783,-0.28856269,0.9177494,0
-4.3374,-1.8810841,-1.1012485,-0.87465906,-0.4716773,0.11176831,0
0.57360923,0.84518462,1.0107361,-0.40062937,0.83321792,0.38110894,0
4.1877613,1.6965208,-1.4346614,0.87465906,0.4716773,-0.11176831,0
-3.9179316,-2.052068,1.7284446,-0.87465906,-0.4716773,0.11176831,0
-0.40755177,-0.07936132,-1.9540993,-0.27288783,0.28856269,-0.9177494,0
-2.5421989,-0.70521849,-1.8523417,-0.27288783,0.28856269,-0.9177494,0
-0.18222189,-0.54415071,-1.9161415,0.40062937,-0.83321792,-0.38110894,0
2.9573894,2.9630353,-2.1692483,-0.27288783,0.28856269,-0.9177494,0
4.5171194,1.122623,1.0146832,0.87465906,0.4716773,-0.11176831,0
-3.1260357,-2.8960989,2.2304072,0.27288783,-0.28856269,0.9177494,0
-3.7734258,-1.3918635,1.9910045,-0.40062937,0.83321792,0.38110894,0
-2.500689,-0.1451499,0.35569906,-0.40062937,0.83321792,0.38110894,0
-0.41253674,-2.0515411,1.1590644,0.40062937,-0.83321792,-0.38110894,0
4.2587848,1.4816622,0.76432085,0.87465906,0.4716773,-0.11176831,0
1.5730655,0.38022003,-1.4710999,0.40062937,-0.83321792,-0.38110894,0
3.819581,2.2277484,-2.6214218,0.87465906,0.4716773,-0.11176831,0
0.55745411,0.15039551,2.0753243,0.27288783,-0.28856269,0.9177494,0
-3.7324007,-1.7606221,2.231559,-0.87465906,-0.4716773,0.11176831,0
-4.3445277,-1.1966568,-0.11364365,-0.87465906,-0.4716773,0.11176831,0
1.704119,-0.033345878,1.6099465,0.27288783,-0.28856269,0.9177494,0
3.0508752,0.13514355,1.1623912,0.27288783,-0.28856269,0.9177494,0
-4.0098019,-2.445406,-1.3871822,0.40062937,-0.83321792,-0.38110894,0
-3.946306,-0.52469665,-0.55512667,-0.40062937,0.83321792,0.38110894,0
-3.8763196,-2.3541858,-1.6033075,-0.87465906,-0.4716773,0.11176831,0
-0.71740282,-0.90007985,-1.2579201,0.40062937,-0.83321792,-0.38110894,0
-4.0914459,-1.4505073,0.925951,-0.87465906,-0.4716773,0.11176831,0
2.0135136,1.4595697,1.6006722,-0.40062937,0.83321792,0.38110894,0
-2.9042172,-2.8526688,2.1971879,0.27288783,-0.28856269,0.9177494,0
-3.754185,-2.5303941,0.26196408,-0.87465906,-0.4716773,0.11176831,0
-2.1386151,-0.89734793,1.8193314,-0.40062937,0.83321792,0.38110894,0
-4.6021881,-1.0644541,0.27587128,-0.87465906,-0.4716773,0.11176831,0
-0.20437068,0.58995783,0.98048127,-0.40062937,0.83321792,0.38110894,0
-4.1098161,-1.8488443,-1.0132263,-0.87465906,-0.4716773,0.11176831,0
3.2787855,2.7838249,-1.9611964,0.87465906,0.4716773,-0.11176831,0
-0.81147999,-0.51076066,2.3455989,0.27288783,-0.28856269,0.9177494,0
3.749299,2.4968388,0.71288133,0.87465906,0.4716773,-0.11176831,0
-0.32647443,1.4336727,-1.2963455,-0.40062937,0.83321792,0.38110894,0
-2.8648739,-1.556306,2.6008213,0.27288783,-0.28856269,0.9177494,0
-2.0121586,0.1616542,-1.5749462,-0.27288783,0.28856269,-0.9177494,0
2.5715051,1.1673644,-2.2063537,0.40062937,-0.83321792,-0.38110894,0
4.6070447,0.99560928,0.52428293,0.40062937,-0.83321792,-0.38110894,0
-0.56032503,1.1288161,-1.6150715,-0.27288783,0.28856269,-0.9177494,0
1.273505,-0.49957794,1.5479925,0.27288783,-0.28856269,0.9177494,0
-3.4961941,-0.87806362,-1.3892953,-0.27288783,0.28856269,-0.9177494,0
3.8398199,1.7630985,-1.6990721,0.87465906,0.4716773,-0.11176831,0
-4.322691,-1.6034255,0.15186214,-0.87465906,-0.4716773,0.11176831,0
4.567389,1.447834,0.72877097,0.87465906,0.4716773,-0.11176831,0
0.14044833,0.032432258,1.929991,0.27288783,-0.28856269,0.9177494,0
3.553761,1.5868874,-2.2157862,0.40062937,-0.83321792,-0.38110894,0
1.0490191,1.6509963,-0.085942388,-0.40062937,0.83321792,0.38110894,0
-1.9176921,0.14375381,0.42657661,-0.40062937,0.83321792,0.38110894,0
0.21955827,1.6306185,-1.0526268,-0.40062937,0.83321792,0.38110894,0
3.7097068,2.3692048,0.53309417,0.87465906,0.4716773,-0.11176831,0
2.4826913,3.0219746,-1.8991067,-0.27288783,0.28856269,-0.9177494,0
3.567636,1.7072589,1.4776677,0.27288783,-0.28856269,0.9177494,0
-3.451508,-0.70389181,-1.5585396,-0.27288783,0.28856269,-0.9177494,0
-0.31090665,-2.0163555,1.8033223,0.27288783,-0.28856269,0.9177494,0
-4.2368503,-1.665449,-0.67824984,-0.87465906,-0.4716773,0.11176831,0
1.8473625,2.8546023,-1.7770672,-0.27288783,0.28856269,-0.9177494,0
-0.92474413,-1.3448851,-0.67679411,0.40062937,-0.83321792,-0.38110894,0
3.8531222,2.4006333,1.2932549,0.87465906,0.4716773,-0.11176831,0
3.6448896,2.8005264,-0.23355651,0.87465906,0.4716773,-0.11176831,0
3.2233315,2.7230217,-1.9573119,0.87465906,0.4716773,-0.11176831,0
3.2630053,3.211838,-1.1161044,0.87465906,0.4716773,-0.11176831,0
-4.6220384,-0.98662686,-0.49120498,-0.87465906,-0.4716773,0.11176831,0
1.596662,1.9171414,-0.35241055,-0.40062937,0.83321792,0.38110894,0
-1.5460914,-0.33629704,-1.9570965,-0.27288783,0.28856269,-0.9177494,0
-3.7084196,-2.7974687,0.47304535,-0.87465906,-0.4716773,0.11176831,0
-4.1095266,-2.4967487,-1.1164827,-0.87465906,-0.4716773,0.11176831,0
3.1789098,2.0640523,-2.4948962,-0.27288783,0.28856269,-0.9177494,0
4.6771851,0.70006496,0.62888265,0.40062937,-0.83321792,-0.38110894,0
1.0391608,1.8057086,-1.7209049,-0.27288783,0.28856269,-0.9177494,0
-2.6377249,-2.2592113,-0.3043077,0.40062937,-0.83321792,-0.38110894,0
-2.0767703,-1.3367991,2.5479712,0.27288783,-0.28856269,0.9177494,0
-1.8753688,-2.0720387,2.2194638,0.27288783,-0.28856269,0.9177494,0
2.0468519,1.9780538,0.71946287,-0.40062937,0.83321792,0.38110894,0
3.3574903,-0.2796261,1.2521565,0.27288783,-0.28856269,0.9177494,0
4.5682344,1.5855908,0.99199891,0.87465906,0.4716773,-0.11176831,0
-4.5884295,-0.53414512,-1.0175598,-0.27288783,0.28856269,-0.9177494,0
4.2154751,1.2548292,-0.32013416,0.87465906,0.4716773,-0.11176831,0
-1.7789629,0.60055983,-1.5625887,-0.27288783,0.28856269,-0.9177494,0
-0.38917375,1.6765654,-1.7251213,-0.27288783,0.28856269,-0.9177494,0
0.88001478,0.59625649,2.1735983,0.27288783,-0.28856269,0.9177494,0
1.2890692,0.034213543,1.9265715,0.27288783,-0.28856269,0.9177494,0
-3.4279599,0.019885838,-1.0754209,-0.27288783,0.28856269,-0.9177494,0
4.702589,0.95293063,0.1946969,0.87465906,0.4716773,-0.11176831,0
1.8573936,1.317434,1.8599799,0.27288783,-0.28856269,0.9177494,0
-3.9850574,-2.0007033,-1.4345624,-0.27288783,0.28856269,-0.9177494,0
-3.6296484,-2.4632001,0.94769597,-0.87465906,-0.4716773,0.11176831,0
1.9915823,1.0927253,2.0975289,0.27288783,-0.28856269,0.9177494,0
-4.6971049,-1.2661467,-0.20214462,-0.87465906,-0.4716773,0.11176831,0
-3.406477,-1.8056935,-1.5688866,-0.27288783,0.28856269,-0.9177494,0
3.9893889,1.9003053,1.7609452,0.27288783,-0.28856269,0.9177494,0
3.3643944,2.5610008,-1.9852266,0.87465906,0.4716773,-0.11176831,0
-1.829051,-0.68770313,2.5945091,-0.40062937,0.83321792,0.38110894,0
-1.6827356,0.80264264,-1.3236343,-0.27288783,0.28856269,-0.9177494,0
2.0165966,-0.36870778,0.44625455,0.40062937,-0.83321792,-0.38110894,0
1.631058,-0.3071391,-0.27818191,0.40062937,-0.83321792,-0.38110894,0
3.1931818,0.18278027,1.387235,0.27288783,-0.28856269,0.9177494,0
-3.0851989,-3.0077858,1.6679897,-0.87465906,-0.4716773,0.11176831,0
3.7614319,2.8697531,0.090619802,0.87465906,0.4716773,-0.11176831,0
-3.5158834,-2.0301931,-1.6600466,-0.27288783,0.28856269,-0.9177494,0
2.6680734,1.4051788,-2.4360218,-0.27288783,0.28856269,-0.9177494,0
-3.3026781,-0.016550899,-1.4114527,-0.27288783,0.28856269,-0.9177494,0
3.7327657,0.40458629,1.1125422,0.27288783,-0.28856269,0.9177494,0
0.20776582,0.15234846,-2.2758679,-0.27288783,0.28856269,-0.9177494,0
-2.2415013,-0.67721176,1.8368633,-0.40062937,0.83321792,0.38110894,0
0.49009836,0.697052,1.7692969,-0.40062937,0.83321792,0.38110894,0
-2.4784441,-2.3157458,2.1913557,0.27288783,-0.28856269,0.9177494,0
-0.48105824,-0.69559252,2.2464416,0.27288783,-0.28856269,0.9177494,0
2.5569308,0.83652842,-1.682951,0.40062937,-0.83321792,-0.38110894,0
-4.4953809,-1.8893363,-1.1369119,-0.87465906,-0.4716773,0.11176831,0
