-2.1040764,-1.4967972,-0.26185298,-0.7886076,-0.59845525,-0.14124238,0
-2.720217,-0.19703746,0.058387995,-0.36216184,0.63768685,-0.67984873,0
1.2650714,2.2926927,2.3004618,0.7886076,0.59845525,0.14124238,0
0.31243801,-1.9705946,-1.0353291,0.49692744,-0.48498127,-0.71962237,0
0.40646636,-1.3908801,-1.5558686,0.49692744,-0.48498127,-0.71962237,0
2.0575292,1.5781038,-0.52097154,0.7886076,0.59845525,0.14124238,0
1.3439294,-0.21020454,-1.7339206,0.49692744,-0.48498127,-0.71962237,0
1.3670734,2.2956221,1.0377369,0.7886076,0.59845525,0.14124238,0
2.8805943,0.15103173,-1.0816889,0.49692744,-0.48498127,-0.71962237,0
2.6596785,0.86617094,-1.0583493,0.7886076,0.59845525,0.14124238,0
-2.5880737,-0.061091229,-0.12667167,-0.36216184,0.63768685,-0.67984873,0
-1.1654106,-1.7442029,-2.4286139,0.49692744,-0.48498127,-0.71962237,0
2.2499459,-0.46874797,-0.12359965,0.36216184,-0.63768685,0.67984873,0
1.1699677,2.5560265,1.7009382,0.7886076,0.59845525,0.14124238,0
2.2749255,0.41657344,0.47357595,0.36216184,-0.63768685,0.67984873,0
0.3398678,-0.21965975,0.91710544,0.36216184,-0.63768685,0.67984873,0
-1.0019222,-2.153069,-1.9033465,0.49692744,-0.48498127,-0.71962237,0
0.6752795,-1.4669061,-1.4666798,0.49692744,-0.48498127,-0.71962237,0
-0.11722529,2.6132119,1.0631528,-0.49692744,0.48498127,0.71962237,0
-1.519237,0.37119931,-0.53084803,-0.36216184,0.63768685,-0.67984873,0
-0.12537539,0.12792689,-1.4331998,-0.36216184,0.63768685,-0.67984873,0
0.55444467,2.9424381,1.2453187,0.7886076,0.59845525,0.14124238,0
1.6908584,-0.62897593,-0.98746777,0.49692744,-0.48498127,-0.71962237,0
2.3814006,1.3097787,-1.0847636,0.7886076,0.59845525,0.14124238,0
1.0793854,2.2251232,0.027777433,-0.36216184,0.63768685,-0.67984873,0
-0.34411991,0.22584105,2.0234389,0.36216184,-0.63768685,0.67984873,0
0.33505166,-1.5488063,-1.5255799,0.49692744,-0.48498127,-0.71962237,0
1.6492355,2.2043655,0.11224127,0.7886076,0.59845525,0.14124238,0
1.931628,1.7148192,0.29616666,0.7886076,0.59845525,0.14124238,0
-2.7461307,-0.17378742,0.89568967,-0.49692744,0.48498127,0.71962237,0
1.8705145,-0.57642567,-0.83110702,0.49692744,-0.48498127,-0.71962237,0
-1.5378431,0.95026946,0.12375104,-0.36216184,0.63768685,-0.67984873,0
-1.1874768,0.91407347,1.5634425,-0.49692744,0.48498127,0.71962237,0
-0.56415892,0.44539016,2.0394158,-0.49692744,0.48498127,0.71962237,0
1.2890574,2.3066144,1.5766551,0.7886076,0.59845525,0.14124238,0
-0.53806555,-2.6821134,-1.4212966,0.49692744,-0.48498127,-0.71962237,0
1.0355154,1.115134,-0.82077003,-0.36216184,0.63768685,-0.67984873,0
1.8876314,0.66616529,1.036584,0.36216184,-0.63768685,0.67984873,0
1.3926401,-0.21369702,0.74971265,0.36216184,-0.63768685,0.67984873,0
2.2776816,1.3270142,0.744452,0.7886076,0.59845525,0.14124238,0
0.073734045,-2.0025582,-0.40923417,0.36216184,-0.63768685,0.67984873,0
3.0304098,0.23744404,-0.56161451,0.7886076,0.59845525,0.14124238,0
2.3416953,-0.12220861,0.38567305,0.36216184,-0.63768685,0.67984873,0
-2.6461914,-0.80823767,-0.58202624,-0.7886076,-0.59845525,-0.14124238,0
0.11900234,0.53746271,-1.1054916,-0.36216184,0.63768685,-0.67984873,0
-0.090166092,-2.1237257,-1.4062941,0.49692744,-0.48498127,-0.71962237,0
0.095117331,0.87204331,-0.87186432,-0.36216184,0.63768685,-0.67984873,0
-0.23589224,-2.1510277,-1.4548945,0.49692744,-0.48498127,-0.71962237,0
-0.55493414,1.180848,0.10853565,-0.36216184,0.63768685,-0.67984873,0
-0.5801757,-0.53044569,1.2810047,0.36216184,-0.63768685,0.67984873,0
0.23218049,-1.5304197,0.069821179,0.36216184,-0.63768685,0.67984873,0
-2.1885209,-0.32877779,1.57215,-0.49692744,0.48498127,0.71962237,0
-1.0819156,-0.24451292,1.8500756,0.36216184,-0.63768685,0.67984873,0
0.61889744,-0.071578443,1.2364254,0.36216184,-0.63768685,0.67984873,0
-2.6246066,-0.12854885,-0.36647868,-0.36216184,0.63768685,-0.67984873,0
2.4811938,0.94151855,-0.064004421,0.7886076,0.59845525,0.14124238,0
1.9232857,1.6261437,-0.65260768,0.7886076,0.59845525,0.14124238,0
-1.2847614,-2.1608162,-0.79758048,-0.7886076,-0.59845525,-0.14124238,0
-0.65905339,-3.1385715,-1.3893859,-0.7886076,-0.59845525,-0.14124238,0
1.2738979,2.1072164,1.0566251,0.7886076,0.59845525,0.14124238,0
-1.7030225,-0.98501849,-1.6499196,-0.36216184,0.63768685,-0.67984873,0
-2.2379787,-1.2293503,0.10120678,-0.7886076,-0.59845525,-0.14124238,0
0.14224246,-1.7749859,-0.47024041,0.36216184,-0.63768685,0.67984873,0
-2.1046028,-1.4145448,1.0854775,-0.7886076,-0.59845525,-0.14124238,0
-3.0824909,0.49250779,0.40746963,-0.36216184,0.63768685,-0.67984873,0
-0.13162374,1.1176304,2.0170574,-0.49692744,0.48498127,0.71962237,0
0.51484537,1.4395335,1.9889479,-0.49692744,0.48498127,0.71962237,0
1.1055019,1.3942199,-0.50021529,-0.36216184,0.63768685,-0.67984873,0
1.4766037,0.76604968,1.3556976,0.36216184,-0.63768685,0.67984873,0
-0.11087525,-2.7422364,-1.185661,0.49692744,-0.48498127,-0.71962237,0
1.9283146,1.3919057,0.57358623,0.7886076,0.59845525,0.14124238,0
-0.30305076,0.79422528,1.8770204,-0.49692744,0.48498127,0.71962237,0
-2.42923,-1.0947582,0.36556351,-0.7886076,-0.59845525,-0.14124238,0
2.0935726,1.4500954,-0.59213233,0.7886076,0.59845525,0.14124238,0
-1.0391228,0.69359291,1.6325915,-0.49692744,0.48498127,0.71962237,0
1.5453601,1.89153,2.1842217,0.7886076,0.59845525,0.14124238,0
1.161849,2.3582547,1.8714955,-0.49692744,0.48498127,0.71962237,0
-2.7239492,-1.1778098,1.3109283,-0.7886076,-0.59845525,-0.14124238,0
1.5769169,0.75516081,-1.3228933,-0.36216184,0.63768685,-0.67984873,0
-2.7042997,-0.78799182,-0.45896292,-0.7886076,-0.59845525,-0.14124238,0
-1.6047213,-1.3218333,1.3751309,0.36216184,-0.63768685,0.67984873,0
-2.7460818,0.15873247,-0.076668024,-0.36216184,0.63768685,-0.67984873,0
2.1074913,1.5356799,0.80297685,0.7886076,0.59845525,0.14124238,0
2.3483772,0.17011487,0.1454761,0.36216184,-0.63768685,0.67984873,0
2.1653876,1.3358976,1.12622,0.7886076,0.59845525,0.14124238,0
-0.99095988,-2.8768699,-1.0396645,-0.7886076,-0.59845525,-0.14124238,0
-1.5594435,-0.47450387,1.8411291,0.36216184,-0.63768685,0.67984873,0
1.0861317,-0.078422666,-1.8953676,0.49692744,-0.48498127,-0.71962237,0
-0.44478875,2.0541377,0.66900396,-0.36216184,0.63768685,-0.67984873,0
1.9804931,0.82518589,1.4016379,0.36216184,-0.63768685,0.67984873,0
-0.13518983,-2.3418536,-0.86532331,0.36216184,-0.63768685,0.67984873,0
-2.2520249,-1.3366424,-0.31269884,-0.7886076,-0.59845525,-0.14124238,0
-2.5383546,-1.1076922,1.4582341,-0.7886076,-0.59845525,-0.14124238,0
0.73705333,0.9036904,-1.2877303,-0.36216184,0.63768685,-0.67984873,0
2.1074429,-1.0370669,-0.68683708,0.49692744,-0.48498127,-0.71962237,0
1.2862716,0.24205543,0.81344581,0.36216184,-0.63768685,0.67984873,0
-2.9303327,-0.6957922,1.2840276,-0.49692744,0.48498127,0.71962237,0
-0.50873446,-1.6291273,-2.1550717,0.49692744,-0.48498127,-0.71962237,0
-1.7345315,-1.9102935,-0.50148273,-0.7886076,-0.59845525,-0.14124238,0
-1.1642504,0.54563808,-0.61321741,-0.36216184,0.63768685,-0.67984873,0
2.7067752,0.41678387,-0.4541266,0.7886076,0.59845525,0.14124238,0
2.3302338,0.8916868,0.38027883,0.7886076,0.59845525,0.14124238,0
-2.4502287,0.10423994,1.0850887,-0.49692744,0.48498127,0.71962237,0
-0.84358674,-2.0240877,-0.10315466,0.36216184,-0.63768685,0.67984873,0
-0.78414685,-1.4093277,-2.6104722,0.49692744,-0.48498127,-0.71962237,0
3.0665045,0.71558857,-1.3246214,0.49692744,-0.48498127,-0.71962237,0
0.23655522,0.081988513,1.475271,0.36216184,-0.63768685,0.67984873,0
0.09401536,-1.6575594,-1.6932039,0.49692744,-0.48498127,-0.71962237,0
0.29901338,-2.2632041,-0.66131425,0.36216184,-0.63768685,0.67984873,0
-1.6394072,-1.2550323,-1.9262611,-0.36216184,0.63768685,-0.67984873,0
-0.30141056,1.2147332,1.8563821,-0.49692744,0.48498127,0.71962237,0
-0.20632482,-2.8575683,-1.1740466,0.49692744,-0.48498127,-0.71962237,0
-1.2112401,-2.6526041,-0.72781873,-0.7886076,-0.59845525,-0.14124238,0
2.3373182,0.85441804,0.57868624,0.7886076,0.59845525,0.14124238,0
-0.25221047,-2.0261419,-0.58504999,0.36216184,-0.63768685,0.67984873,0
1.6562997,1.697734,1.2384491,0.7886076,0.59845525,0.14124238,0
1.3330479,-0.94335389,-0.23177958,0.36216184,-0.63768685,0.67984873,0
-0.061405897,0.37299371,1.6601138,0.36216184,-0.63768685,0.67984873,0
0.24958777,0.43202484,1.5884416,0.36216184,-0.63768685,0.67984873,0
-1.9866705,-0.15267742,1.5311403,-0.49692744,0.48498127,0.71962237,0
0.95937264,-0.81528288,-1.6691828,0.49692744,-0.48498127,-0.71962237,0
-0.94443768,-2.5104351,-0.5931201,0.36216184,-0.63768685,0.67984873,0
0.8696025,1.7210957,-0.12926531,-0.36216184,0.63768685,-0.67984873,0
0.66342688,1.2336373,1.9865568,0.36216184,-0.63768685,0.67984873,0
1.8486202,1.3007058,1.5606933,0.36216184,-0.63768685,0.67984873,0
-2.8712115,-0.65428174,0.58868253,-0.7886076,-0.59845525,-0.14124238,0
-0.17363334,-2.6602755,-1.0694585,0.36216184,-0.63768685,0.67984873,0
-2.3515508,-1.1376123,0.47273588,-0.7886076,-0.59845525,-0.14124238,0
-0.72764653,1.7125837,1.1318741,-0.49692744,0.48498127,0.71962237,0
2.8100004,-0.28936121,-0.33077574,0.36216184,-0.63768685,0.67984873,0
0.40357849,1.8045591,-0.093205214,-0.36216184,0.63768685,-0.67984873,0
-0.010024905,0.19751787,1.57602,0.36216184,-0.63768685,0.67984873,0
-0.97178161,1.8231308,1.0033802,-0.49692744,0.48498127,0.71962237,0
1.3180697,1.5884385,-0.40701234,-0.36216184,0.63768685,-0.67984873,0
-1.0153916,1.2785734,0.5143581,-0.36216184,0.63768685,-0.67984873,0
0.96894294,2.2383235,1.7086909,0.7886076,0.59845525,0.14124238,0
-1.3209145,0.14382042,-0.53631288,-0.36216184,0.63768685,-0.67984873,0
0.080356866,1.97343,0.34412432,-0.36216184,0.63768685,-0.67984873,0
-0.3644619,-2.163353,-1.5619975,0.49692744,-0.48498127,-0.71962237,0
2.8228352,0.499309,-0.57813704,0.7886076,0.59845525,0.14124238,0
0.71922719,-1.0251641,-1.3723309,0.49692744,-0.48498127,-0.71962237,0
0.49599588,-0.92076969,-1.8045477,0.49692744,-0.48498127,-0.71962237,0
2.8899579,0.016788065,-0.59196079,0.49692744,-0.48498127,-0.71962237,0
-2.6299281,-0.62000334,-0.12505102,-0.7886076,-0.59845525,-0.14124238,0
2.4073126,0.94447184,-0.22396553,0.7886076,0.59845525,0.14124238,0
1.676228,0.54140198,-1.6035557,-0.36216184,0.63768685,-0.67984873,0
-1.3146253,0.72703034,-0.24622157,-0.36216184,0.63768685,-0.67984873,0
0.48661143,1.4793483,2.2726622,-0.49692744,0.48498127,0.71962237,0
-0.050948858,1.0333277,2.0831714,-0.49692744,0.48498127,0.71962237,0
-1.9773247,-0.93400776,1.6780343,0.36216184,-0.63768685,0.67984873,0
-2.4742289,-1.0984514,0.6790086,-0.7886076,-0.59845525,-0.14124238,0
1.8552024,1.7161158,0.1409173,0.7886076,0.59845525,0.14124238,0
1.5132976,2.3033085,0.81261015,0.7886076,0.59845525,0.14124238,0
-2.170994,-1.3160342,1.3029599,-0.7886076,-0.59845525,-0.14124238,0
-1.1230589,-2.4851363,-0.063022375,0.36216184,-0.63768685,0.67984873,0
-3.2437544,-0.41174948,0.78079283,-0.7886076,-0.59845525,-0.14124238,0
-1.2459593,-2.193778,-1.3457968,-0.7886076,-0.59845525,-0.14124238,0
1.9926664,0.070433266,0.37018824,0.36216184,-0.63768685,0.67984873,0
-2.6327825,-1.0053481,0.35809147,-0.7886076,-0.59845525,-0.14124238,0
0.20574856,2.6333556,0.90792561,-0.49692744,0.48498127,0.71962237,0
2.7012362,0.9979775,-1.3481114,0.49692744,-0.48498127,-0.71962237,0
0.054455996,-0.57863986,1.1142299,0.36216184,-0.63768685,0.67984873,0
-1.0918124,0.56135654,1.3856813,-0.49692744,0.48498127,0.71962237,0
-1.1957433,0.35989997,-0.36453325,-0.36216184,0.63768685,-0.67984873,0
1.3039504,2.1060877,1.0294905,0.7886076,0.59845525,0.14124238,0
-0.9148612,-1.7637204,0.25424004,0.36216184,-0.63768685,0.67984873,0
0.33943087,2.0420649,1.3749337,-0.49692744,0.48498127,0.71962237,0
-2.0689526,-1.2708011,0.18001556,-0.7886076,-0.59845525,-0.14124238,0
2.6264763,0.64748061,0.1290617,0.7886076,0.59845525,0.14124238,0
-0.66684151,1.730381,1.3694768,-0.49692744,0.48498127,0.71962237,0
-1.8800477,0.26861423,1.2464967,-0.49692744,0.48498127,0.71962237,0
1.3810724,-1.4473883,-0.87454754,0.36216184,-0.63768685,0.67984873,0
-1.2218567,-0.98958862,-1.460223,-0.36216184,0.63768685,-0.67984873,0
-1.5439305,-0.095847391,-0.54215717,-0.36216184,0.63768685,-0.67984873,0
0.40082568,-0.91310978,0.26999196,0.36216184,-0.63768685,0.67984873,0
-2.9039779,-0.74175531,0.36010718,-0.7886076,-0.59845525,-0.14124238,0
2.4858878,1.5508634,-1.54144,0.7886076,0.59845525,0.14124238,0
-1.2853664,-2.0022209,-1.5425985,-0.7886076,-0.59845525,-0.14124238,0
-1.7807338,-1.9853418,-0.006221056,-0.7886076,-0.59845525,-0.14124238,0
2.353925,0.51923597,-1.6227076,0.49692744,-0.48498127,-0.71962237,0
0.10461617,1.7283865,1.7279449,-0.49692744,0.48498127,0.71962237,0
-1.1598638,0.56312901,-0.091525674,-0.36216184,0.63768685,-0.67984873,0
-0.8451581,-1.9729435,-1.7877463,0.49692744,-0.48498127,-0.71962237,0
2.5817621,0.4237113,-1.4677156,0.49692744,-0.48498127,-0.71962237,0
-0.080629155,1.8617575,0.072845101,-0.36216184,0.63768685,-0.67984873,0
-1.5070896,-1.944158,-0.91960478,-0.7886076,-0.59845525,-0.14124238,0
-1.8227665,-1.2378885,-0.98585343,-0.7886076,-0.59845525,-0.14124238,0
2.0225132,1.7779957,0.22693467,0.7886076,0.59845525,0.14124238,0
1.4864413,-1.2810531,-1.0991991,0.49692744,-0.48498127,-0.71962237,0
2.197015,-0.66483366,-0.75621331,0.49692744,-0.48498127,-0.71962237,0
-1.1947217,-2.3469524,-0.98901653,-0.7886076,-0.59845525,-0.14124238,0
-2.7806678,0.48421022,0.58496839,-0.36216184,0.63768685,-0.67984873,0
1.929121,-0.74650419,-0.23475385,0.36216184,-0.63768685,0.67984873,0
-0.73841667,1.0397499,1.6143034,-0.49692744,0.48498127,0.71962237,0
0.064555198,2.4267254,0.80193639,-0.36216184,0.63768685,-0.67984873,0
2.5505652,1.3858092,-1.1542777,0.7886076,0.59845525,0.14124238,0
2.8719831,0.0061799288,-0.74586618,0.49692744,-0.48498127,-0.71962237,0
-0.68766105,-2.4288721,-0.56829941,0.36216184,-0.63768685,0.67984873,0
0.84577703,2.4522767,1.8868141,-0.49692744,0.48498127,0.71962237,0
0.28931761,-0.69621956,-2.217186,0.49692744,-0.48498127,-0.71962237,0
-1.1978723,-2.1886177,-1.9804235,-0.7886076,-0.59845525,-0.14124238,0
2.6319499,0.74087417,-1.0190907,0.7886076,0.59845525,0.14124238,0
-1.1950761,-1.7841089,-2.4184468,-0.36216184,0.63768685,-0.67984873,0
0.55882555,-2.2364779,-0.73191011,0.36216184,-0.63768685,0.67984873,0
-2.243304,1.1517038,0.68789667,-0.36216184,0.63768685,-0.67984873,0
1.7961161,0.47730041,1.2551152,0.36216184,-0.63768685,0.67984873,0
-1.8990183,-1.3628224,-0.46793842,-0.7886076,-0.59845525,-0.14124238,0
1.7342929,-0.29924279,0.28813571,0.36216184,-0.63768685,0.67984873,0
-2.6841567,-0.014706492,0.77038616,-0.49692744,0.48498127,0.71962237,0
0.16962984,-1.5716077,-0.26659715,0.36216184,-0.63768685,0.67984873,0
-0.40217245,0.11414266,-0.93746126,-0.36216184,0.63768685,-0.67984873,0
0.5330472,2.9992833,0.99295688,-0.36216184,0.63768685,-0.67984873,0
-0.36910766,0.89797342,-0.20267417,-0.36216184,0.63768685,-0.67984873,0
1.2193133,1.6470819,-0.51109684,-0.36216184,0.63768685,-0.67984873,0
1.2524087,0.13076141,0.69500488,0.36216184,-0.63768685,0.67984873,0
-0.24506387,-2.367734,-1.0762252,0.49692744,-0.48498127,-0.71962237,0
1.3656644,2.235147,1.9327428,0.7886076,0.59845525,0.14124238,0
-1.4431038,0.39718583,-0.042219937,-0.36216184,0.63768685,-0.67984873,0
-1.4621514,-1.5198048,-2.357569,-0.36216184,0.63768685,-0.67984873,0
1.4828506,1.3770795,1.806397,0.36216184,-0.63768685,0.67984873,0
-0.96335757,-2.6383753,-1.4540334,0.49692744,-0.48498127,-0.71962237,0
2.7693954,0.72413462,-0.3513304,0.7886076,0.59845525,0.14124238,0
-2.3099525,-0.72086853,-0.54421413,-0.7886076,-0.59845525,-0.14124238,0
0.53463978,1.7306545,1.9636385,-0.49692744,0.48498127,0.71962237,0
2.1360562,1.6530448,-0.61341131,0.7886076,0.59845525,0.14124238,0
-0.27146003,-3.0010834,-1.0531116,0.49692744,-0.48498127,-0.71962237,0
-0.15955079,-1.780353,-1.6698437,0.49692744,-0.48498127,-0.71962237,0
0.75463313,2.6276059,1.2977121,0.7886076,0.59845525,0.14124238,0
-1.4901829,-2.2268157,-0.60789728,-0.7886076,-0.59845525,-0.14124238,0
3.051743,-0.21403012,-0.51204658,0.49692744,-0.48498127,-0.71962237,0
1.8953245,1.640491,-0.87094581,0.7886076,0.59845525,0.14124238,0
1.6633667,-0.52150136,-1.5120945,0.49692744,-0.48498127,-0.71962237,0
-2.6575437,-1.20751,1.6294348,-0.7886076,-0.59845525,-0.14124238,0
0.90862846,1.7549274,2.1745939,-0.49692744,0.48498127,0.71962237,0
-0.69752979,-1.1030138,0.57899112,0.36216184,-0.63768685,0.67984873,0
-0.50509131,-3.0104401,-1.222903,0.49692744,-0.48498127,-0.71962237,0
-3.1351011,0.10193548,0.30750072,-0.7886076,-0.59845525,-0.14124238,0
0.92733294,1.8872283,2.0334809,-0.49692744,0.48498127,0.71962237,0
-1.0822061,-2.3832183,-0.26537538,-0.7886076,-0.59845525,-0.14124238,0
1.1181334,2.168952,1.5965252,0.7886076,0.59845525,0.14124238,0
2.3907955,1.0767742,0.31112385,0.7886076,0.59845525,0.14124238,0
2.0444379,-0.54095769,-0.75218868,0.49692744,-0.48498127,-0.71962237,0
1.7900329,0.84907877,1.6021774,0.36216184,-0.63768685,0.67984873,0
2.5304034,1.135255,-1.9873904,0.49692744,-0.48498127,-0.71962237,0
-0.087985754,-0.83432883,-2.0963943,0.49692744,-0.48498127,-0.71962237,0
0.50325572,1.101518,2.104125,0.36216184,-0.63768685,0.67984873,0
-0.038176268,-1.9524544,-0.58593547,0.36216184,-0.63768685,0.67984873,0
0.0133847,-1.2537677,-2.0954528,0.49692744,-0.48498127,-0.71962237,0
-1.7202559,0.11519361,1.710858,-0.49692744,0.48498127,0.71962237,0
-2.2878685,0.640742,0.63262916,-0.49692744,0.48498127,0.71962237,0
2.0823627,1.3340517,-0.074530125,0.7886076,0.59845525,0.14124238,0
-0.31514999,-2.3386743,-0.26824772,0.36216184,-0.63768685,0.67984873,0
0.30198762,2.721839,1.1734465,-0.49692744,0.48498127,0.71962237,0
1.5040265,1.2287549,-1.3994005,-0.36216184,0.63768685,-0.67984873,0
-2.6207862,-0.86583799,-0.52457166,-0.7886076,-0.59845525,-0.14124238,0
0.094206691,0.69544017,1.8846154,0.36216184,-0.63768685,0.67984873,0
2.1000133,1.8390911,-0.70908892,0.7886076,0.59845525,0.14124238,0
1.6369804,0.49563742,-1.8567972,-0.36216184,0.63768685,-0.67984873,0
1.5801896,1.6044371,1.3960664,0.7886076,0.59845525,0.14124238,0
0.58318698,0.68231744,-0.97830653,-0.36216184,0.63768685,-0.67984873,0
0.35794431,1.6609142,2.029418,-0.49692744,0.48498127,0.71962237,0
-1.2199395,-0.57093322,1.6409612,0.36216184,-0.63768685,0.67984873,0
-1.0012665,-1.0748006,-1.6779215,-0.36216184,0.63768685,-0.67984873,0
2.1716585,0.36772323,-1.586216,0.49692744,-0.48498127,-0.71962237,0
-1.5885124,-1.8963659,-1.9484367,-0.7886076,-0.59845525,-0.14124238,0
-1.5740566,1.4504076,0.97485411,-0.49692744,0.48498127,0.71962237,0
-2.0320537,-1.5149277,-1.0740833,-0.7886076,-0.59845525,-0.14124238,0
2.6370926,-0.07953763,-0.16005111,0.36216184,-0.63768685,0.67984873,0
2.0009849,-0.99612629,-0.8744815,0.49692744,-0.48498127,-0.71962237,0
-2.1143293,-1.2608725,-1.0800388,-0.7886076,-0.59845525,-0.14124238,0
-2.2531767,-1.3534839,0.6920141,-0.7886076,-0.59845525,-0.14124238,0
-0.68854004,-2.7099154,-1.2636468,-0.7886076,-0.59845525,-0.14124238,0
2.4749124,-0.75449109,-0.60854328,0.49692744,-0.48498127,-0.71962237,0
1.3096458,2.0446513,1.1678612,0.7886076,0.59845525,0.14124238,0
0.079699934,2.8630066,1.0713322,-0.49692744,0.48498127,0.71962237,0
-0.3949765,-1.8096237,-1.9961865,0.49692744,-0.48498127,-0.71962237,0
-0.88573241,0.036503434,1.8752173,0.36216184,-0.63768685,0.67984873,0
0.63786405,-1.1327783,-1.3521235,0.49692744,-0.48498127,-0.71962237,0
1.5258749,2.3211665,-0.20992136,-0.36216184,0.63768685,-0.67984873,0
2.558053,0.91186213,-1.5777254,0.49692744,-0.48498127,-0.71962237,0
0.73589635,-0.88534141,0.28046912,0.36216184,-0.63768685,0.67984873,0
1.6323925,-0.663876,0.15862352,0.36216184,-0.63768685,0.67984873,0
1.7956222,1.9494889,0.057776928,0.7886076,0.59845525,0.14124238,0
0.17311865,-2.1758809,-1.3887939,0.49692744,-0.48498127,-0.71962237,0
1.0670805,2.7958608,1.161114,0.7886076,0.59845525,0.14124238,0
2.2476494,1.0036247,-0.39516938,0.7886076,0.59845525,0.14124238,0
0.060142934,2.0875292,0.41660178,-0.36216184,0.63768685,-0.67984873,0
-0.81012523,0.98291057,-0.077179819,-0.36216184,0.63768685,-0.67984873,0
-1.1954719,0.372473,1.7481756,-0.49692744,0.48498127,0.71962237,0
-1.4637781,-1.7699487,-2.3084447,-0.7886076,-0.59845525,-0.14124238,0
-2.0984454,-0.34808111,1.4835936,-0.49692744,0.48498127,0.71962237,0
-0.94935465,1.8147377,0.8015731,-0.36216184,0.63768685,-0.67984873,0
-0.80443931,0.64569867,2.0541222,-0.49692744,0.48498127,0.71962237,0
-0.79881632,-0.97106117,-1.8153994,-0.36216184,0.63768685,-0.67984873,0
-1.9423999,-1.7878715,-0.33518839,-0.7886076,-0.59845525,-0.14124238,0
-0.072418511,-0.036733091,-1.3774755,-0.36216184,0.63768685,-0.67984873,0
-3.1138277,-0.39759529,0.43816054,-0.7886076,-0.59845525,-0.14124238,0
-1.2345409,-0.24353766,2.0313616,-0.49692744,0.48498127,0.71962237,0
-0.024391323,1.8838102,0.16695511,-0.36216184,0.63768685,-0.67984873,0
-0.12909925,0.22090572,1.7598181,0.36216184,-0.63768685,0.67984873,0
0.97939503,2.5485046,0.81477523,0.7886076,0.59845525,0.14124238,0
2.160605,1.3935897,0.74187112,0.7886076,0.59845525,0.14124238,0
2.6436434,0.38666266,-0.95763206,0.49692744,-0.48498127,-0.71962237,0
-1.2240399,-2.1898837,-0.395468,-0.7886076,-0.59845525,-0.14124238,0
2.1991963,1.103012,0.86687469,0.7886076,0.59845525,0.14124238,0
1.620898,0.10291624,0.64654016,0.36216184,-0.63768685,0.67984873,0
0.37742305,-1.3425121,-1.3869396,0.49692744,-0.48498127,-0.71962237,0
-1.423943,-2.1584113,-0.78194571,-0.7886076,-0.59845525,-0.14124238,0
-1.4580793,-1.0468262,-1.6252451,-0.36216184,0.63768685,-0.67984873,0
1.1563753,2.784308,0.53068995,-0.36216184,0.63768685,-0.67984873,0
-1.2673141,1.6026918,0.68455005,-0.36216184,0.63768685,-0.67984873,0
-0.64293432,1.0407866,-0.095425256,-0.36216184,0.63768685,-0.67984873,0
-2.0314288,-0.20841658,1.4989532,-0.49692744,0.48498127,0.71962237,0
-0.86170214,1.9121317,1.0750495,-0.36216184,0.63768685,-0.67984873,0
-0.90308356,-2.6058259,-1.1918502,-0.7886076,-0.59845525,-0.14124238,0
-2.4983952,-0.99319553,-0.2878201,-0.7886076,-0.59845525,-0.14124238,0
-0.83164841,1.5604184,1.0298221,-0.49692744,0.48498127,0.71962237,0
-0.24183121,-1.43208,0.49103948,0.36216184,-0.63768685,0.67984873,0
-0.50180018,0.31149209,2.0336208,-0.49692744,0.48498127,0.71962237,0
-1.4429553,-2.1808424,-0.92278957,-0.7886076,-0.59845525,-0.14124238,0
0.95467633,0.85655409,-1.3758126,-0.36216184,0.63768685,-0.67984873,0
-1.6952651,-0.3873446,1.8568759,0.36216184,-0.63768685,0.67984873,0
-0.27015895,-2.7244055,-0.83509564,0.36216184,-0.63768685,0.67984873,0
-1.699312,-1.9160236,-0.25966287,-0.7886076,-0.59845525,-0.14124238,0
-2.2830021,-0.014078408,-0.12257481,-0.36216184,0.63768685,-0.67984873,0
-0.25436229,-2.5409341,-0.62756073,0.36216184,-0.63768685,0.67984873,0
-0.79939747,-2.3192654,-0.5488292,0.36216184,-0.63768685,0.67984873,0
-0.26249957,2.1935358,0.76824307,-0.36216184,0.63768685,-0.67984873,0
1.5956138,-0.67297518,-1.081614,0.49692744,-0.48498127,-0.71962237,0
-1.6794589,0.78030103,0.911089,-0.49692744,0.48498127,0.71962237,0
-0.98507226,1.1336964,1.3882484,-0.49692744,0.48498127,0.71962237,0
0.5504986,0.31458604,-1.6792884,-0.36216184,0.63768685,-0.67984873,0
1.6057035,1.5853616,0.61418641,0.7886076,0.59845525,0.14124238,0
-2.7020617,-1.14907,0.97486806,-0.7886076,-0.59845525,-0.14124238,0
-0.58646673,2.3147197,0.80521727,-0.36216184,0.63768685,-0.67984873,0
-1.8673967,0.98154759,0.45387399,-0.36216184,0.63768685,-0.67984873,0
0.0080483258,-2.4118512,-0.72526884,0.36216184,-0.63768685,0.67984873,0
0.87619698,-0.8610177,0.054728836,0.36216184,-0.63768685,0.67984873,0
-1.5940067,-1.8986266,-1.8660209,-0.7886076,-0.59845525,-0.14124238,0
-2.4052846,0.24290183,0.74809432,-0.49692744,0.48498127,0.71962237,0
-2.8006701,-0.072331965,0.6706574,-0.49692744,0.48498127,0.71962237,0
-0.86025703,0.53897023,1.8119445,-0.49692744,0.48498127,0.71962237,0
-0.23081994,-0.20326197,1.6769102,0.36216184,-0.63768685,0.67984873,0
-0.25828183,-2.1389635,-0.67631316,0.36216184,-0.63768685,0.67984873,0
0.057272196,0.049772084,1.7672013,0.36216184,-0.63768685,0.67984873,0
0.32908964,-1.455364,-1.7693942,0.49692744,-0.48498127,-0.71962237,0
-1.455364,-1.6544147,-1.6212506,-0.7886076,-0.59845525,-0.14124238,0
-3.1110837,0.010690272,0.79087436,-0.49692744,0.48498127,0.71962237,0
2.1763294,1.3975415,-1.2507623,-0.36216184,0.63768685,-0.67984873,0
-3.213562,0.2818146,0.29002392,-0.36216184,0.63768685,-0.67984873,0
1.3251985,-0.58157194,0.21091831,0.36216184,-0.63768685,0.67984873,0
2.2122443,0.91276085,-1.7217381,0.49692744,-0.48498127,-0.71962237,0
-1.9644884,-1.8984057,0.28496718,-0.7886076,-0.59845525,-0.14124238,0
0.51804394,2.814719,0.76550865,-0.36216184,0.63768685,-0.67984873,0
1.3642234,1.872376,1.4733138,0.7886076,0.59845525,0.14124238,0
0.44551903,2.6126046,1.0890973,-0.49692744,0.48498127,0.71962237,0
-2.7760346,-1.0092191,1.0341581,-0.7886076,-0.59845525,-0.14124238,0
-0.16357948,1.0372636,-0.46287292,-0.36216184,0.63768685,-0.67984873,0
-0.20610899,-0.52916729,-1.5657449,-0.36216184,0.63768685,-0.67984873,0
-1.8722913,0.89917493,0.5109272,-0.36216184,0.63768685,-0.67984873,0
-0.75666118,0.31657505,-0.73578477,-0.36216184,0.63768685,-0.67984873,0
-1.7980059,-1.6827853,-0.038422585,-0.7886076,-0.59845525,-0.14124238,0
-0.95533657,-2.6255269,-0.63624597,-0.7886076,-0.59845525,-0.14124238,0
-0.84982431,1.1462872,1.3926332,-0.49692744,0.48498127,0.71962237,0
1.2091378,0.24097538,-1.6219707,-0.36216184,0.63768685,-0.67984873,0
0.82934892,-1.1579432,-1.6993845,0.49692744,-0.48498127,-0.71962237,0
0.24827154,-1.095053,0.13922241,0.36216184,-0.63768685,0.67984873,0
0.96994221,2.8123977,1.2897816,0.7886076,0.59845525,0.14124238,0
1.0831552,-1.5422045,-0.98805881,0.49692744,-0.48498127,-0.71962237,0
-0.33952886,-0.6897887,1.1232558,0.36216184,-0.63768685,0.67984873,0
-1.4246233,-1.5869675,-2.2173309,-0.7886076,-0.59845525,-0.14124238,0
-1.0416958,0.084532857,2.1382713,0.36216184,-0.63768685,0.67984873,0
-0.38488573,-1.4139417,0.1738081,0.36216184,-0.63768685,0.67984873,0
2.3834207,0.733518,-0.042050362,0.7886076,0.59845525,0.14124238,0
0.46480358,-1.446619,-1.234671,0.49692744,-0.48498127,-0.71962237,0
0.44816804,-0.67384207,0.57936841,0.36216184,-0.63768685,0.67984873,0
-1.9937614,-1.3571918,0.08635366,-0.7886076,-0.59845525,-0.14124238,0
-1.8493457,0.95327348,1.0476999,-0.49692744,0.48498127,0.71962237,0
0.83025825,2.2225111,0.24218392,-0.36216184,0.63768685,-0.67984873,0
1.040647,2.288774,1.9601226,0.7886076,0.59845525,0.14124238,0
1.6451473,1.7525518,-0.41926336,-0.36216184,0.63768685,-0.67984873,0
2.545712,0.0051161051,-0.79294646,0.49692744,-0.48498127,-0.71962237,0
-1.29616,-2.0486667,-0.76493239,-0.7886076,-0.59845525,-0.14124238,0
1.9288933,1.278168,1.5180283,0.7886076,0.59845525,0.14124238,0
1.3271635,-1.3311448,-0.23961088,0.36216184,-0.63768685,0.67984873,0
-0.082769006,-2.420193,-0.59970117,0.36216184,-0.63768685,0.67984873,0
-1.4266245,1.1846955,0.84587288,-0.49692744,0.48498127,0.71962237,0
-0.76711786,-1.6400297,-2.2182865,0.49692744,-0.48498127,-0.71962237,0
-1.4672731,-2.1911948,-0.45867133,-0.7886076,-0.59845525,-0.14124238,0
-0.10150762,-1.3483305,0.18122262,0.36216184,-0.63768685,0.67984873,0
-2.6950426,-0.86614257,1.1732867,-0.7886076,-0.59845525,-0.14124238,0
1.6614041,1.7690766,0.9978323,0.7886076,0.59845525,0.14124238,0
-1.1225742,0.85027754,1.457657,-0.49692744,0.48498127,0.71962237,0
-1.4635789,0.49536172,-0.41118103,-0.36216184,0.63768685,-0.67984873,0
2.3155968,1.4941492,-1.2005546,0.7886076,0.59845525,0.14124238,0
1.5508175,-0.27170634,-1.3821747,0.49692744,-0.48498127,-0.71962237,0
-0.85840487,1.0945665,1.5621204,-0.49692744,0.48498127,0.71962237,0
-2.9149151,0.22271726,0.7420454,-0.49692744,0.48498127,0.71962237,0
2.496789,0.63686788,-0.09574461,0.7886076,0.59845525,0.14124238,0
1.663843,1.3331494,-0.93345797,-0.36216184,0.63768685,-0.67984873,0
1.1848378,2.525161,0.92443252,0.7886076,0.59845525,0.14124238,0
-2.2627287,0.26997367,0.0080621243,-0.36216184,0.63768685,-0.67984873,0
0.22303116,0.064241588,1.3771436,0.36216184,-0.63768685,0.67984873,0
0.85804725,-0.18800572,0.68648964,0.36216184,-0.63768685,0.67984873,0
-2.4943333,-1.0441349,-0.50769877,-0.7886076,-0.59845525,-0.14124238,0
-2.0855293,-1.52298,0.65568316,-0.7886076,-0.59845525,-0.14124238,0
-2.4190736,-1.1147887,-0.24630523,-0.7886076,-0.59845525,-0.14124238,0
-2.410502,-1.2724625,-0.062260628,-0.7886076,-0.59845525,-0.14124238,0
0.8769961,2.5217035,1.6188819,0.7886076,0.59845525,0.14124238,0
1.4852477,2.2839694,0.43563294,0.7886076,0.59845525,0.14124238,0
-1.1175963,-1.9898281,-2.3159585,0.49692744,-0.48498127,-0.71962237,0
1.8045999,-0.86029899,-0.28004447,0.36216184,-0.63768685,0.67984873,0
-2.8610778,-0.21787035,0.79450512,-0.49692744,0.48498127,0.71962237,0
0.27095282,1.2091551,2.1963794,-0.49692744,0.48498127,0.71962237,0
-1.2455814,-1.9859009,-1.7795439,-0.7886076,-0.59845525,-0.14124238,0
-1.6578733,-2.0124707,-1.0989857,-0.7886076,-0.59845525,-0.14124238,0
-3.2146626,-0.082359731,0.78588939,-0.49692744,0.48498127,0.71962237,0
-2.5162089,0.5522455,0.19636571,-0.36216184,0.63768685,-0.67984873,0
2.083179,1.2750438,-0.34508836,0.7886076,0.59845525,0.14124238,0
-1.0304339,-1.9698675,-2.1791725,0.49692744,-0.48498127,-0.71962237,0
-1.1424621,-1.8217434,0.21612096,0.36216184,-0.63768685,0.67984873,0
0.24215162,-2.0383439,-1.4355491,0.49692744,-0.48498127,-0.71962237,0
2.1630917,1.2987758,1.3481569,0.7886076,0.59845525,0.14124238,0
1.2973088,-0.18365669,-1.9517316,0.49692744,-0.48498127,-0.71962237,0
-0.26852942,0.49752313,2.0104992,0.36216184,-0.63768685,0.67984873,0
0.062291622,-1.0077484,-2.0499883,0.49692744,-0.48498127,-0.71962237,0
0.83595413,-1.1814649,-1.3116827,0.49692744,-0.48498127,-0.71962237,0
-1.9012494,0.40991426,1.1877414,-0.49692744,0.48498127,0.71962237,0
1.078536,-1.3342506,-0.88452637,0.49692744,-0.48498127,-0.71962237,0
2.6973004,-0.48523843,-0.47973591,0.49692744,-0.48498127,-0.71962237,0
-0.1127581,-1.2448816,0.65434915,0.36216184,-0.63768685,0.67984873,0
-1.1443981,0.13870144,2.142138,-0.49692744,0.48498127,0.71962237,0
0.11825776,-1.1277617,-1.7953093,0.49692744,-0.48498127,-0.71962237,0
2.2522278,1.5713928,-0.57206559,0.7886076,0.59845525,0.14124238,0
2.5764503,0.25492918,-1.3852761,0.49692744,-0.48498127,-0.71962237,0
0.97855294,-0.043733835,-2.0243387,-0.36216184,0.63768685,-0.67984873,0
-0.58332551,1.4936216,0.43093842,-0.36216184,0.63768685,-0.67984873,0
2.1778364,-0.59611475,-0.60129529,0.49692744,-0.48498127,-0.71962237,0
2.3071411,-0.47015357,-0.713817,0.49692744,-0.48498127,-0.71962237,0
-1.4649488,-2.0363591,0.21947885,-0.7886076,-0.59845525,-0.14124238,0
2.2753234,0.31442165,-1.4997307,0.49692744,-0.48498127,-0.71962237,0
0.57216048,-0.33439744,-2.3651388,0.49692744,-0.48498127,-0.71962237,0
-0.049971879,1.9707879,1.3181204,-0.49692744,0.48498127,0.71962237,0
-1.1592849,0.15290809,1.8599241,-0.49692744,0.48498127,0.71962237,0
-1.7957846,0.33204782,1.5121245,-0.49692744,0.48498127,0.71962237,0
0.69652522,-1.502095,-1.5109355,0.49692744,-0.48498127,-0.71962237,0
0.2901774,1.5131842,1.8334887,-0.49692744,0.48498127,0.71962237,0
-1.373046,0.20970863,1.875026,-0.49692744,0.48498127,0.71962237,0
-1.5527629,-2.0683818,-0.019949913,-0.7886076,-0.59845525,-0.14124238,0
-2.2542841,-1.5479996,1.2856901,-0.7886076,-0.59845525,-0.14124238,0
-2.6564035,-0.85951847,-0.49093008,-0.7886076,-0.59845525,-0.14124238,0
-0.66430056,0.39115062,-0.58441055,-0.36216184,0.63768685,-0.67984873,0
1.9454623,0.026367426,-1.4415534,0.49692744,-0.48498127,-0.71962237,0
-2.3791008,-0.77588546,1.5171331,-0.49692744,0.48498127,0.71962237,0
-1.5388759,0.1642229,1.6825954,-0.49692744,0.48498127,0.71962237,0
2.6112742,0.31193256,-1.3154627,0.49692744,-0.48498127,-0.71962237,0
2.9185545,0.85611176,-1.1385965,0.7886076,0.59845525,0.14124238,0
-1.1434352,0.81135386,1.3818102,-0.49692744,0.48498127,0.71962237,0
1.8494684,1.3022319,0.88024807,0.7886076,0.59845525,0.14124238,0
0.41290444,-0.66332895,0.39523938,0.36216184,-0.63768685,0.67984873,0
-1.3527181,-2.1989651,-0.46853328,-0.7886076,-0.59845525,-0.14124238,0
1.7585133,-0.80417717,-0.82346714,0.49692744,-0.48498127,-0.71962237,0
0.53684735,-1.6065993,-1.3261764,0.49692744,-0.48498127,-0.71962237,0
0.9893223,2.7679458,1.5731978,0.7886076,0.59845525,0.14124238,0
-0.12692678,-0.14822334,-1.552036,-0.36216184,0.63768685,-0.67984873,0
-3.0696244,-0.046112061,0.6550554,-0.49692744,0.48498127,0.71962237,0
2.051326,1.3447495,-0.56068349,0.7886076,0.59845525,0.14124238,0
0.39070022,-1.6815634,-0.21278954,0.36216184,-0.63768685,0.67984873,0
-2.0176218,0.88320798,0.64044803,-0.36216184,0.63768685,-0.67984873,0
0.74792922,-1.49617,-1.2244091,0.49692744,-0.48498127,-0.71962237,0
2.3711994,-0.2910437,-1.1160449,0.49692744,-0.48498127,-0.71962237,0
-0.1855942,0.71969962,1.9101477,-0.49692744,0.48498127,0.71962237,0
-0.83437181,-0.5483644,-1.796496,-0.36216184,0.63768685,-0.67984873,0
0.071458697,1.3147769,-0.25390831,-0.36216184,0.63768685,-0.67984873,0
-0.33835512,-2.0333817,-1.9075112,0.49692744,-0.48498127,-0.71962237,0
-0.13827336,1.9342539,1.3037357,-0.49692744,0.48498127,0.71962237,0
-1.691011,-1.2242464,-1.7226353,-0.7886076,-0.59845525,-0.14124238,0
-1.3820336,-1.8368078,-1.6273046,-0.7886076,-0.59845525,-0.14124238,0
-1.2463295,-1.5636178,-2.3573775,0.49692744,-0.48498127,-0.71962237,0
2.9308896,0.72722,-0.99029601,0.49692744,-0.48498127,-0.71962237,0
1.5079585,1.7437874,0.79657125,0.7886076,0.59845525,0.14124238,0
1.9479176,1.8475134,-0.64153659,0.7886076,0.59845525,0.14124238,0
-1.9425467,-1.4813693,-0.059007168,-0.7886076,-0.59845525,-0.14124238,0
2.3436756,1.2767828,-0.63419235,0.7886076,0.59845525,0.14124238,0
-0.74780744,-1.8346229,-2.1900234,0.49692744,-0.48498127,-0.71962237,0
0.89657736,2.9435809,1.0270116,-0.36216184,0.63768685,-0.67984873,0
-0.96584135,1.9018762,0.96443933,-0.49692744,0.48498127,0.71962237,0
2.3962653,0.063262761,-1.0677377,0.49692744,-0.48498127,-0.71962237,0
0.80939478,2.9632456,1.0051985,-0.36216184,0.63768685,-0.67984873,0
-0.35304272,0.61446685,2.0794027,0.36216184,-0.63768685,0.67984873,0
-1.0034297,0.73625624,1.3868413,-0.49692744,0.48498127,0.71962237,0
-2.9841039,-0.6966691,1.0039948,-0.7886076,-0.59845525,-0.14124238,0
-0.020106196,0.073344827,1.5485735,0.36216184,-0.63768685,0.67984873,0
-0.26388904,0.39263442,-0.7483235,-0.36216184,0.63768685,-0.67984873,0
2.1934507,-0.31256372,-1.0008212,0.49692744,-0.48498127,-0.71962237,0
2.8001757,0.40994805,-0.97341555,0.49692744,-0.48498127,-0.71962237,0
1.3762088,2.4345131,0.97951722,0.7886076,0.59845525,0.14124238,0
-0.53672969,-1.8730569,-1.655507,0.49692744,-0.48498127,-0.71962237,0
-1.2812381,-1.6093616,0.74743444,0.36216184,-0.63768685,0.67984873,0
-0.043881655,0.31207222,1.7601147,0.36216184,-0.63768685,0.67984873,0
0.69120145,0.093548656,1.1609142,0.36216184,-0.63768685,0.67984873,0
-1.8142982,0.29346383,1.4615461,-0.49692744,0.48498127,0.71962237,0
1.5790082,2.097671,1.1300893,0.7886076,0.59845525,0.14124238,0
-1.2192055,-2.2916434,-0.95751238,-0.7886076,-0.59845525,-0.14124238,0
0.28764251,1.443179,-0.56424248,-0.36216184,0.63768685,-0.67984873,0
-2.931927,-0.76676792,0.88247168,-0.7886076,-0.59845525,-0.14124238,0
-1.2200103,1.2537155,1.2581724,-0.49692744,0.48498127,0.71962237,0
-0.5675503,0.46259755,1.9784195,-0.49692744,0.48498127,0.71962237,0
1.7631426,-0.63227648,-1.3194926,0.49692744,-0.48498127,-0.71962237,0
2.5652666,1.3435792,-1.7083488,0.49692744,-0.48498127,-0.71962237,0
-2.698173,-1.227204,1.4753618,-0.49692744,0.48498127,0.71962237,0
-0.68148172,1.8711746,0.80528533,-0.36216184,0.63768685,-0.67984873,0
1.3995042,-1.009088,-1.0583252,0.49692744,-0.48498127,-0.71962237,0
2.170671,1.004835,-0.074575424,0.7886076,0.59845525,0.14124238,0
0.57281685,3.073045,1.2081816,-0.49692744,0.48498127,0.71962237,0
-2.2688849,-0.42265776,-0.58617222,-0.36216184,0.63768685,-0.67984873,0
-1.9812323,-0.08842063,1.2169993,-0.49692744,0.48498127,0.71962237,0
-1.1707816,-1.9077252,-2.029031,-0.7886076,-0.59845525,-0.14124238,0
-0.09548381,0.58684421,-0.82391703,-0.36216184,0.63768685,-0.67984873,0
2.4212353,1.3605657,-0.6926806,0.7886076,0.59845525,0.14124238,0
-1.7710243,0.090847492,-0.53398621,-0.36216184,0.63768685,-0.67984873,0
-1.1434126,-1.5961765,-2.6124828,-0.36216184,0.63768685,-0.67984873,0
-1.7941326,-0.032367796,-0.53527248,-0.36216184,0.63768685,-0.67984873,0
-2.532191,-0.15686959,1.0772743,-0.49692744,0.48498127,0.71962237,0
-1.3095703,-2.3617046,-0.79127002,-0.7886076,-0.59845525,-0.14124238,0
-1.5769627,-1.8465453,-1.4417317,-0.7886076,-0.59845525,-0.14124238,0
-1.1026475,-0.44745314,1.8775244,0.36216184,-0.63768685,0.67984873,0
1.7142717,1.6910113,0.001999855,0.7886076,0.59845525,0.14124238,0
2.5707998,1.3064213,-0.90506804,0.7886076,0.59845525,0.14124238,0
0.29671228,0.75995511,2.0841463,0.36216184,-0.63768685,0.67984873,0
1.6370248,1.9301479,-0.39858735,0.7886076,0.59845525,0.14124238,0
0.79662114,-2.1891532,-0.73530221,0.36216184,-0.63768685,0.67984873,0
1.0950741,2.4569976,0.096163034,-0.36216184,0.63768685,-0.67984873,0
2.2832985,1.0192497,-0.68676448,0.7886076,0.59845525,0.14124238,0
-2.818562,-0.25678438,1.1252074,-0.49692744,0.48498127,0.71962237,0
-1.3258609,-2.6002989,-0.58369231,-0.7886076,-0.59845525,-0.14124238,0
-2.4120209,-1.5423865,1.0348595,-0.7886076,-0.59845525,-0.14124238,0
-1.2819839,-2.4524539,-1.2332108,-0.7886076,-0.59845525,-0.14124238,0
1.1387084,1.9511417,0.044929862,-0.36216184,0.63768685,-0.67984873,0
0.3592869,-1.2340002,-1.7172347,0.49692744,-0.48498127,-0.71962237,0
-0.65901357,1.6089562,0.45508015,-0.36216184,0.63768685,-0.67984873,0
2.4381101,1.0810013,-0.56579816,0.7886076,0.59845525,0.14124238,0
2.7380388,0.96438205,-0.44066787,0.7886076,0.59845525,0.14124238,0
-0.33481508,-0.60658354,-1.7323582,-0.36216184,0.63768685,-0.67984873,0
-1.6238481,-1.5018958,-1.5886931,-0.7886076,-0.59845525,-0.14124238,0
1.4861096,1.0679721,1.7872032,0.36216184,-0.63768685,0.67984873,0
-2.0385492,-0.14086512,-0.51576936,-0.36216184,0.63768685,-0.67984873,0
-1.5694963,-1.9233663,-0.81855178,-0.7886076,-0.59845525,-0.14124238,0
2.6359217,0.78871167,-0.042575121,0.7886076,0.59845525,0.14124238,0
0.46504176,-1.2816632,-1.5415796,0.49692744,-0.48498127,-0.71962237,0
1.4740179,1.6481813,-0.85579473,-0.36216184,0.63768685,-0.67984873,0
-2.7109959,-0.91146451,0.29247773,-0.7886076,-0.59845525,-0.14124238,0
-1.4364649,-1.5900248,-1.6913915,-0.7886076,-0.59845525,-0.14124238,0
1.6644086,-0.40095085,-1.4012666,0.49692744,-0.48498127,-0.71962237,0
-2.5691142,-0.6829496,0.41568279,-0.7886076,-0.59845525,-0.14124238,0
-0.13779944,0.24072212,-1.35263,-0.36216184,0.63768685,-0.67984873,0
-1.0003923,0.65496492,1.9146165,-0.49692744,0.48498127,0.71962237,0
2.8197024,0.54013866,-1.1712899,0.7886076,0.59845525,0.14124238,0
-1.2520168,-2.1322768,-1.9800091,-0.7886076,-0.59845525,-0.14124238,0
-0.97616971,1.3813261,1.3403437,-0.49692744,0.48498127,0.71962237,0
1.9112608,0.70489335,1.0629108,0.36216184,-0.63768685,0.67984873,0
2.1584382,1.0293827,-1.812943,0.49692744,-0.48498127,-0.71962237,0
-0.83529997,1.3921766,0.51831925,-0.36216184,0.63768685,-0.67984873,0
-0.45465708,-1.0400109,-2.2644467,-0.36216184,0.63768685,-0.67984873,0
1.0589168,-1.4114199,-1.0005425,0.49692744,-0.48498127,-0.71962237,0
-2.228405,0.09433347,1.2374519,-0.49692744,0.48498127,0.71962237,0
-0.34115148,2.0734518,1.4237621,-0.49692744,0.48498127,0.71962237,0
0.240354,2.428329,1.4830878,-0.49692744,0.48498127,0.71962237,0
2.4764171,0.65850639,-1.6123973,0.49692744,-0.48498127,-0.71962237,0
2.7354398,0.67554474,-1.4106139,0.7886076,0.59845525,0.14124238,0
1.210106,-0.47745341,-1.7675313,0.49692744,-0.48498127,-0.71962237,0
-2.337554,-1.5989463,0.82155907,-0.7886076,-0.59845525,-0.14124238,0
-0.04605329,2.1755328,1.1292566,-0.49692744,0.48498127,0.71962237,0
0.53188509,2.0666375,1.6836247,-0.49692744,0.48498127,0.71962237,0
-0.85556591,-2.1935389,-0.14341807,0.36216184,-0.63768685,0.67984873,0
-1.9604748,-0.38461494,1.6133854,-0.49692744,0.48498127,0.71962237,0
0.16318266,1.5129452,-0.21886551,-0.36216184,0.63768685,-0.67984873,0
0.4198519,2.2324853,1.7435821,-0.49692744,0.48498127,0.71962237,0
1.0592315,2.5074451,1.7412367,0.7886076,0.59845525,0.14124238,0
-0.23789048,-0.27344322,-1.7287226,-0.36216184,0.63768685,-0.67984873,0
-1.576474,-1.4263477,-1.852406,-0.7886076,-0.59845525,-0.14124238,0
