1.8807359,-0.71967655,-0.79833043,0.54139924,-0.70160991,-0.46328235,0
-1.8795357,-1.5154215,-3.1712146,-0.80910861,-0.28499973,-0.51392472,0
0.069386721,-0.57693398,-1.6592498,0.22853924,0.65308416,-0.72197723,0
-2.584945,-1.9014993,-1.957273,-0.80910861,-0.28499973,-0.51392472,0
-1.351423,-2.7003438,-1.4118316,-0.22853924,-0.65308416,0.72197723,0
-1.1319269,-1.886251,-2.6955779,0.54139924,-0.70160991,-0.46328235,0
0.28469503,1.687956,0.096086264,0.22853924,0.65308416,-0.72197723,0
3.6323154,0.36072081,1.0837018,0.80910861,0.28499973,0.51392472,0
3.3912008,-0.63253093,1.7746744,0.80910861,0.28499973,0.51392472,0
-3.3278818,-0.28773391,-1.1315088,-0.80910861,-0.28499973,-0.51392472,0
1.1992204,0.11514664,-1.073402,0.22853924,0.65308416,-0.72197723,0
3.1881683,1.4057803,1.0906172,0.80910861,0.28499973,0.51392472,0
1.720365,1.8407681,0.69379687,0.22853924,0.65308416,-0.72197723,0
-2.7393348,-1.0285711,-1.6823478,-0.80910861,-0.28499973,-0.51392472,0
-3.2320127,-0.29627502,-1.3173578,-0.80910861,-0.28499973,-0.51392472,0
-2.7666187,0.18838143,-2.0606191,0.22853924,0.65308416,-0.72197723,0
-2.2895129,-0.66895163,-0.014469147,-0.22853924,-0.65308416,0.72197723,0
0.50343025,2.4694743,0.77171826,0.22853924,0.65308416,-0.72197723,0
3.5524964,-0.45071489,0.33001995,0.54139924,-0.70160991,-0.46328235,0
-2.780396,-0.87761909,-0.23344636,-0.22853924,-0.65308416,0.72197723,0
-3.7878165,0.77409112,-1.4003859,-0.80910861,-0.28499973,-0.51392472,0
-2.7913105,-1.7522728,-1.2916603,-0.80910861,-0.28499973,-0.51392472,0
-0.30806839,1.4091425,1.7333,-0.54139924,0.70160991,0.46328235,0
2.4760158,1.1738226,2.3905659,0.80910861,0.28499973,0.51392472,0
-1.695905,-2.5653539,-2.5296271,-0.80910861,-0.28499973,-0.51392472,0
1.8447162,-0.94385719,0.987831,-0.22853924,-0.65308416,0.72197723,0
-0.44620574,-2.0591555,-0.71040082,-0.22853924,-0.65308416,0.72197723,0
-2.1742783,-1.9549041,-1.2042797,-0.22853924,-0.65308416,0.72197723,0
-0.26826364,0.93781143,-0.54438365,0.22853924,0.65308416,-0.72197723,0
-0.79336083,0.78914416,-1.1499217,0.22853924,0.65308416,-0.72197723,0
-2.4332361,0.94186395,0.0073831081,-0.54139924,0.70160991,0.46328235,0
-2.7909398,-0.94564581,-0.35482144,-0.22853924,-0.65308416,0.72197723,0
-1.2702699,-2.8159497,-1.5282447,0.54139924,-0.70160991,-0.46328235,0
-1.1595348,2.1554122,-0.010591388,-0.54139924,0.70160991,0.46328235,0
-3.2130084,-0.85515761,-1.4557717,-0.80910861,-0.28499973,-0.51392472,0
0.048192859,1.8253778,2.0068023,-0.54139924,0.70160991,0.46328235,0
3.7647681,-0.42902839,1.3271027,0.80910861,0.28499973,0.51392472,0
3.4126344,0.6535871,0.71152544,0.80910861,0.28499973,0.51392472,0
-3.7744045,-0.049384803,-0.25582862,-0.54139924,0.70160991,0.46328235,0
1.014636,-1.57076,0.16674128,-0.22853924,-0.65308416,0.72197723,0
-1.1957775,1.1581743,1.0577127,-0.54139924,0.70160991,0.46328235,0
-0.56748134,-1.5061146,-0.1018132,-0.22853924,-0.65308416,0.72197723,0
-0.31556463,-2.1573997,-1.1476369,0.54139924,-0.70160991,-0.46328235,0
1.6734606,1.8535432,3.5264175,0.80910861,0.28499973,0.51392472,0
-3.3214648,0.28856248,-0.067472458,-0.54139924,0.70160991,0.46328235,0
-0.77504402,-0.68702567,-2.3240123,0.22853924,0.65308416,-0.72197723,0
-2.9881272,-0.043362617,-2.248457,-0.80910861,-0.28499973,-0.51392472,0
-0.73084486,0.39233899,1.4121764,-0.22853924,-0.65308416,0.72197723,0
2.2357709,-1.0666883,-0.24979025,0.54139924,-0.70160991,-0.46328235,0
-1.8497788,-2.2147555,-1.2848749,-0.22853924,-0.65308416,0.72197723,0
3.3350596,0.78615582,0.46608686,0.22853924,0.65308416,-0.72197723,0
1.9732976,1.2668147,2.6434882,0.80910861,0.28499973,0.51392472,0
-2.3907609,-0.73517466,-2.5803564,-0.80910861,-0.28499973,-0.51392472,0
-3.1748567,0.78877103,-0.96260738,-0.54139924,0.70160991,0.46328235,0
3.1590271,1.0014387,1.1628156,0.80910861,0.28499973,0.51392472,0
3.9381075,-0.023805737,0.96795988,0.80910861,0.28499973,0.51392472,0
1.1002733,0.8356052,-0.20188022,0.22853924,0.65308416,-0.72197723,0
-0.22597781,-0.69443035,0.84858525,-0.22853924,-0.65308416,0.72197723,0
2.4452474,1.6504997,0.79241419,0.22853924,0.65308416,-0.72197723,0
-0.012094676,0.85401356,-0.68719399,0.22853924,0.65308416,-0.72197723,0
0.057997048,-0.17785394,-1.2595636,0.22853924,0.65308416,-0.72197723,0
-0.49706089,-1.4558725,-0.19692302,-0.22853924,-0.65308416,0.72197723,0
-1.0252669,-2.1243901,-0.88448167,-0.22853924,-0.65308416,0.72197723,0
-2.9607129,-1.5951493,-1.1115947,-0.80910861,-0.28499973,-0.51392472,0
-1.760324,-2.6296339,-2.2509849,-0.80910861,-0.28499973,-0.51392472,0
1.7818985,1.6315966,2.9352322,0.80910861,0.28499973,0.51392472,0
1.2576338,-1.8416721,-0.48223183,0.54139924,-0.70160991,-0.46328235,0
2.0870333,1.9607662,2.7906001,0.80910861,0.28499973,0.51392472,0
2.1600878,1.9761274,2.6886106,0.80910861,0.28499973,0.51392472,0
-4.1034331,-0.49635804,-0.20979762,-0.80910861,-0.28499973,-0.51392472,0
-1.9665506,-1.6283395,-0.53504086,-0.22853924,-0.65308416,0.72197723,0
-1.4288578,1.3312018,-0.82424366,0.22853924,0.65308416,-0.72197723,0
-2.6351666,-1.3924961,-0.72200942,-0.22853924,-0.65308416,0.72197723,0
-3.8187871,-0.15104288,-0.60316372,-0.80910861,-0.28499973,-0.51392472,0
2.9913476,1.1808147,1.5318649,0.80910861,0.28499973,0.51392472,0
-1.7341007,-2.767508,-2.5455618,0.54139924,-0.70160991,-0.46328235,0
2.1162784,1.1434834,3.1411796,0.80910861,0.28499973,0.51392472,0
-3.7573094,0.1806314,-0.6269598,-0.80910861,-0.28499973,-0.51392472,0
3.7830014,0.41468149,0.42374921,0.80910861,0.28499973,0.51392472,0
-0.04838562,1.4636332,2.3285875,-0.54139924,0.70160991,0.46328235,0
1.0498302,2.1481614,2.2536042,-0.54139924,0.70160991,0.46328235,0
2.2042015,1.8706585,2.4710433,0.80910861,0.28499973,0.51392472,0
1.8865871,-1.6599822,-0.0089426637,0.54139924,-0.70160991,-0.46328235,0
1.6073964,1.2265842,0.45311022,0.22853924,0.65308416,-0.72197723,0
0.73229289,-1.6629786,-0.64038104,0.54139924,-0.70160991,-0.46328235,0
2.548192,1.2694958,1.8395226,0.80910861,0.28499973,0.51392472,0
1.6126032,2.6048362,2.2953722,-0.54139924,0.70160991,0.46328235,0
-3.8918481,0.53621352,-0.76055574,-0.80910861,-0.28499973,-0.51392472,0
-1.8392922,-2.577018,-2.565804,-0.80910861,-0.28499973,-0.51392472,0
4.1674356,0.074823499,0.52142358,0.80910861,0.28499973,0.51392472,0
3.0890102,0.79500604,1.5654192,0.80910861,0.28499973,0.51392472,0
2.361165,1.257356,2.5638278,0.80910861,0.28499973,0.51392472,0
-2.6688139,-0.71439862,-2.0367353,-0.80910861,-0.28499973,-0.51392472,0
2.7418251,-0.33227766,-0.7450639,0.22853924,0.65308416,-0.72197723,0
2.1580806,-0.17902598,-0.7732076,0.22853924,0.65308416,-0.72197723,0
2.2014818,2.1623368,1.1666458,0.22853924,0.65308416,-0.72197723,0
-1.8150861,0.14945832,0.68472022,-0.22853924,-0.65308416,0.72197723,0
-0.71486306,-2.2432957,-2.1756809,0.54139924,-0.70160991,-0.46328235,0
0.78224206,-0.54830444,1.0851316,-0.22853924,-0.65308416,0.72197723,0
3.2970181,-0.42563581,1.8027117,0.80910861,0.28499973,0.51392472,0
-2.0949111,0.29975605,-1.7062554,0.22853924,0.65308416,-0.72197723,0
0.3558273,-0.020685792,1.617637,-0.22853924,-0.65308416,0.72197723,0
-3.2608643,0.5420388,-0.72866559,-0.54139924,0.70160991,0.46328235,0
-3.5228467,0.29436523,-0.46797895,-0.54139924,0.70160991,0.46328235,0
3.0190778,-0.26596016,-0.53562987,0.54139924,-0.70160991,-0.46328235,0
3.38346,0.40481138,0.11644602,0.22853924,0.65308416,-0.72197723,0
3.5386238,-0.83363569,0.94914532,0.54139924,-0.70160991,-0.46328235,0
2.0128517,0.68974805,-0.071465492,0.22853924,0.65308416,-0.72197723,0
3.8165612,-0.14605355,0.82211328,0.80910861,0.28499973,0.51392472,0
0.069332838,-1.7837605,-1.7774322,0.54139924,-0.70160991,-0.46328235,0
2.497035,0.73346865,2.4854913,0.80910861,0.28499973,0.51392472,0
2.1038036,-0.94822705,1.1843873,-0.22853924,-0.65308416,0.72197723,0
-0.046315432,1.8169042,1.6426765,-0.54139924,0.70160991,0.46328235,0
-3.2306194,0.49375567,-0.10097671,-0.54139924,0.70160991,0.46328235,0
3.5043857,-0.69523847,0.72310925,0.54139924,-0.70160991,-0.46328235,0
-0.22321856,-2.0690868,-0.56369269,-0.22853924,-0.65308416,0.72197723,0
3.4507885,1.0362064,0.42164469,0.22853924,0.65308416,-0.72197723,0
1.7492496,1.2091296,3.0649297,-0.22853924,-0.65308416,0.72197723,0
3.2118058,0.9291656,1.4193385,0.80910861,0.28499973,0.51392472,0
-1.4074981,-2.5344596,-1.3343985,-0.22853924,-0.65308416,0.72197723,0
1.181457,2.3801394,1.1756129,0.22853924,0.65308416,-0.72197723,0
0.59943348,0.73571962,-0.46353605,0.22853924,0.65308416,-0.72197723,0
-3.1158614,-0.9856137,-1.2023089,-0.80910861,-0.28499973,-0.51392472,0
-1.0281205,-2.2410476,-2.4860513,0.54139924,-0.70160991,-0.46328235,0
-2.5169523,0.84530866,0.47246581,-0.54139924,0.70160991,0.46328235,0
1.3882248,-1.8403928,0.090413406,0.54139924,-0.70160991,-0.46328235,0
2.0083692,2.3569164,2.6885815,0.80910861,0.28499973,0.51392472,0
1.0768828,-0.30354524,-1.5795691,0.22853924,0.65308416,-0.72197723,0
0.57738769,0.21226394,-0.94650209,0.22853924,0.65308416,-0.72197723,0
-1.4939785,0.79326159,1.2818788,-0.54139924,0.70160991,0.46328235,0
2.0893898,1.5678407,2.904541,0.80910861,0.28499973,0.51392472,0
2.0844018,-1.1603024,0.97037995,-0.22853924,-0.65308416,0.72197723,0
-1.132557,0.019754171,-1.7549977,0.22853924,0.65308416,-0.72197723,0
1.3533913,-1.5183829,-0.54537755,0.54139924,-0.70160991,-0.46328235,0
-2.9119108,-1.6165636,-1.5245237,-0.80910861,-0.28499973,-0.51392472,0
-1.2625087,-1.5658578,-3.3418627,0.22853924,0.65308416,-0.72197723,0
2.6739295,1.108587,1.6275053,0.80910861,0.28499973,0.51392472,0
3.1764352,0.054477215,1.3994355,0.80910861,0.28499973,0.51392472,0
0.82087874,-1.1336138,-1.855732,0.54139924,-0.70160991,-0.46328235,0
1.8342507,1.716902,2.6603606,0.80910861,0.28499973,0.51392472,0
-1.1466397,-2.4392738,-1.8906169,0.54139924,-0.70160991,-0.46328235,0
-2.0144444,-2.399379,-2.4272757,-0.80910861,-0.28499973,-0.51392472,0
1.5683432,-1.0360328,-0.54220837,0.54139924,-0.70160991,-0.46328235,0
0.21352074,0.1187098,1.3311956,-0.22853924,-0.65308416,0.72197723,0
2.894016,-0.0063655972,-0.39778531,0.22853924,0.65308416,-0.72197723,0
1.5785933,2.7910414,1.9535525,-0.54139924,0.70160991,0.46328235,0
3.2389622,1.2939308,1.3437467,0.80910861,0.28499973,0.51392472,0
0.29841506,-1.8567202,-0.94845235,0.54139924,-0.70160991,-0.46328235,0
3.5051885,-0.58523726,1.9392428,0.80910861,0.28499973,0.51392472,0
2.7045197,2.1518397,1.1754055,0.22853924,0.65308416,-0.72197723,0
-2.4481585,0.78906858,0.14871562,-0.54139924,0.70160991,0.46328235,0
-1.243857,-0.74271047,-2.2068188,0.22853924,0.65308416,-0.72197723,0
-0.022218943,-2.1561637,-1.4080188,0.54139924,-0.70160991,-0.46328235,0
1.8729582,0.70632756,-0.087109566,0.22853924,0.65308416,-0.72197723,0
3.5402217,0.87473994,1.0256593,0.80910861,0.28499973,0.51392472,0
-2.0474427,-1.1782956,-0.51373935,-0.22853924,-0.65308416,0.72197723,0
0.18609488,-1.1533759,-2.0674777,0.54139924,-0.70160991,-0.46328235,0
-0.48566759,1.300472,1.4492621,-0.54139924,0.70160991,0.46328235,0
2.039115,2.6644316,1.9646721,0.80910861,0.28499973,0.51392472,0
-3.3660197,-0.1820364,-1.3105736,-0.80910861,-0.28499973,-0.51392472,0
-3.1074376,1.2316941,-1.0231004,-0.54139924,0.70160991,0.46328235,0
2.781918,-0.96797037,0.040706038,0.54139924,-0.70160991,-0.46328235,0
3.6792741,0.20073807,0.70744038,0.80910861,0.28499973,0.51392472,0
-2.6139202,1.2467165,-1.0146996,0.22853924,0.65308416,-0.72197723,0
-0.36273026,-2.1505404,-0.79306674,-0.22853924,-0.65308416,0.72197723,0
-0.28335279,-0.66026711,-2.2790887,0.22853924,0.65308416,-0.72197723,0
0.81305909,1.5012128,0.11248136,0.22853924,0.65308416,-0.72197723,0
-2.2672956,-2.5340075,-1.8943939,-0.80910861,-0.28499973,-0.51392472,0
-1.6921582,0.18229562,1.0550828,-0.22853924,-0.65308416,0.72197723,0
3.5557952,0.79877084,0.80607581,0.80910861,0.28499973,0.51392472,0
2.7319899,-0.54332191,-0.64708793,0.54139924,-0.70160991,-0.46328235,0
-2.6514199,0.53181005,0.71854264,-0.54139924,0.70160991,0.46328235,0
-1.2471577,-2.4371595,-1.6665149,0.54139924,-0.70160991,-0.46328235,0
2.4839017,0.99268687,2.5122645,0.80910861,0.28499973,0.51392472,0
3.3393826,-0.74073291,1.7728112,-0.22853924,-0.65308416,0.72197723,0
0.38010511,0.038008809,-1.1768965,0.22853924,0.65308416,-0.72197723,0
-0.44822785,0.84533989,-0.7485463,0.22853924,0.65308416,-0.72197723,0
0.53011727,-1.0648637,0.70285416,-0.22853924,-0.65308416,0.72197723,0
2.4144733,1.4178777,2.240973,0.80910861,0.28499973,0.51392472,0
1.5032792,-1.6280472,0.45359534,-0.22853924,-0.65308416,0.72197723,0
-1.1459736,1.112105,0.96372575,-0.54139924,0.70160991,0.46328235,0
3.5174837,0.41617239,1.4018977,0.80910861,0.28499973,0.51392472,0
3.3872147,-0.0022037029,1.5341263,0.80910861,0.28499973,0.51392472,0
-2.1041763,1.1381668,-0.19339067,-0.54139924,0.70160991,0.46328235,0
-1.8733782,-2.0746818,-2.9764066,-0.80910861,-0.28499973,-0.51392472,0
-0.53870726,1.2722303,-0.57374561,0.22853924,0.65308416,-0.72197723,0
0.75877011,-1.0401915,0.80023843,-0.22853924,-0.65308416,0.72197723,0
-3.1027153,-0.73608589,-1.6702397,-0.80910861,-0.28499973,-0.51392472,0
-2.3383164,-2.6870308,-1.9024611,-0.80910861,-0.28499973,-0.51392472,0
-4.0203238,-0.21757668,-0.54748654,-0.80910861,-0.28499973,-0.51392472,0
2.0200732,0.77038598,2.6685081,-0.22853924,-0.65308416,0.72197723,0
-2.3890686,-1.7698052,-1.0644164,-0.22853924,-0.65308416,0.72197723,0
-3.5097852,0.69692898,-1.7345989,-0.80910861,-0.28499973,-0.51392472,0
2.903996,1.3241622,1.7499635,0.80910861,0.28499973,0.51392472,0
0.17596006,1.2422817,2.3438485,-0.22853924,-0.65308416,0.72197723,0
-3.8473926,0.32104552,-1.1718624,-0.80910861,-0.28499973,-0.51392472,0
1.4872836,-1.4211755,-0.68977332,0.54139924,-0.70160991,-0.46328235,0
-2.7637153,-0.69967151,0.080465794,-0.22853924,-0.65308416,0.72197723,0
-2.5871277,0.80110168,-1.5253732,0.22853924,0.65308416,-0.72197723,0
2.6478529,0.28802538,2.3887794,-0.22853924,-0.65308416,0.72197723,0
2.4198289,-1.1786385,1.1120839,-0.22853924,-0.65308416,0.72197723,0
0.6469844,-0.11136293,1.3448014,-0.22853924,-0.65308416,0.72197723,0
-2.204813,0.97635692,0.46218437,-0.54139924,0.70160991,0.46328235,0
-2.1081119,-0.26416737,0.57577646,-0.22853924,-0.65308416,0.72197723,0
-1.4186336,-0.54233474,0.33714855,-0.22853924,-0.65308416,0.72197723,0
-2.6144924,-1.1264524,-0.31232715,-0.22853924,-0.65308416,0.72197723,0
-3.828783,-0.24130708,-0.33615708,-0.80910861,-0.28499973,-0.51392472,0
-4.0249834,-0.13392049,-0.71747494,-0.80910861,-0.28499973,-0.51392472,0
1.4444814,2.6685066,1.5692959,0.22853924,0.65308416,-0.72197723,0
3.2669406,-0.35258126,0.31617188,0.54139924,-0.70160991,-0.46328235,0
-1.378543,-1.6343499,-0.44433331,-0.22853924,-0.65308416,0.72197723,0
-0.7831316,-0.082526326,0.96051741,-0.22853924,-0.65308416,0.72197723,0
1.1704971,-1.0159787,1.0374222,-0.22853924,-0.65308416,0.72197723,0
-0.38564956,-1.919431,-1.5745511,0.54139924,-0.70160991,-0.46328235,0
-0.95872611,0.5451287,-1.126941,0.22853924,0.65308416,-0.72197723,0
3.268703,0.49467015,1.0459638,0.80910861,0.28499973,0.51392472,0
0.43928236,0.68407583,2.1468005,-0.22853924,-0.65308416,0.72197723,0
2.3022864,-0.07200563,-0.96107501,0.22853924,0.65308416,-0.72197723,0
-3.7729464,-0.16431075,-0.87144351,-0.80910861,-0.28499973,-0.51392472,0
1.5904233,0.99349773,2.6780279,-0.22853924,-0.65308416,0.72197723,0
0.715437,-1.1063426,0.34224302,-0.22853924,-0.65308416,0.72197723,0
-0.97934926,1.2532151,1.3542452,-0.54139924,0.70160991,0.46328235,0
-2.1508577,-1.5878454,-0.76877356,-0.22853924,-0.65308416,0.72197723,0
3.2877526,-0.88758159,1.473237,-0.22853924,-0.65308416,0.72197723,0
3.6093531,-0.34424889,0.99445009,0.80910861,0.28499973,0.51392472,0
-3.8476591,-0.11254531,-0.85575271,-0.80910861,-0.28499973,-0.51392472,0
-1.0344594,1.256567,1.0329587,-0.54139924,0.70160991,0.46328235,0
3.8265808,0.41585863,0.48146009,0.80910861,0.28499973,0.51392472,0
-2.5726109,-1.7399306,-2.0164578,-0.80910861,-0.28499973,-0.51392472,0
-0.91665649,-1.6900394,-0.37159491,-0.22853924,-0.65308416,0.72197723,0
3.7351115,0.10159701,0.28009415,0.54139924,-0.70160991,-0.46328235,0
-2.6322987,-1.3151176,-0.80841112,-0.22853924,-0.65308416,0.72197723,0
-2.202697,-2.3316586,-2.3573132,-0.80910861,-0.28499973,-0.51392472,0
-1.7463586,1.1107528,0.91347814,-0.54139924,0.70160991,0.46328235,0
0.69932258,2.566335,1.1672423,-0.54139924,0.70160991,0.46328235,0
3.6834617,0.67325592,0.58954167,0.22853924,0.65308416,-0.72197723,0
-2.6051979,0.51198596,0.1974653,-0.54139924,0.70160991,0.46328235,0
-0.44883776,-2.1596503,-1.4421492,0.54139924,-0.70160991,-0.46328235,0
-3.2664616,-0.74466026,-0.87453198,-0.80910861,-0.28499973,-0.51392472,0
3.8464012,-0.30432057,0.60757542,0.54139924,-0.70160991,-0.46328235,0
0.23905039,1.9363474,1.7701063,-0.54139924,0.70160991,0.46328235,0
-0.72183621,-2.4871125,-1.2787318,0.54139924,-0.70160991,-0.46328235,0
-0.14426732,1.9622954,1.5492996,-0.54139924,0.70160991,0.46328235,0
2.5071771,-0.52141595,-0.88508898,0.22853924,0.65308416,-0.72197723,0
1.612215,1.4146367,3.2021344,0.80910861,0.28499973,0.51392472,0
2.1175928,2.5740056,2.2846856,0.80910861,0.28499973,0.51392472,0
1.984396,2.751009,1.9138303,0.80910861,0.28499973,0.51392472,0
2.5347679,-1.2673268,0.39440024,0.54139924,-0.70160991,-0.46328235,0
-1.764106,-2.8368528,-1.6626582,0.54139924,-0.70160991,-0.46328235,0
-2.121346,-2.8816257,-1.9337888,-0.80910861,-0.28499973,-0.51392472,0
-2.765492,-0.96549863,-1.5631227,-0.80910861,-0.28499973,-0.51392472,0
3.4653523,-0.097728789,0.25562263,0.54139924,-0.70160991,-0.46328235,0
-3.627646,0.17993641,-1.5770819,-0.80910861,-0.28499973,-0.51392472,0
-3.5934458,0.17989933,-0.54931879,-0.54139924,0.70160991,0.46328235,0
-3.4350524,-1.0606166,-0.99429107,-0.80910861,-0.28499973,-0.51392472,0
-2.5453811,-0.63424456,-2.380749,-0.80910861,-0.28499973,-0.51392472,0
-0.95243764,-0.23742408,0.78304011,-0.22853924,-0.65308416,0.72197723,0
0.55147922,-1.2823085,-1.8417047,0.54139924,-0.70160991,-0.46328235,0
3.0908926,-0.48776972,-0.003074646,0.54139924,-0.70160991,-0.46328235,0
3.5558436,0.12105587,-0.070225,0.54139924,-0.70160991,-0.46328235,0
-0.45872259,-1.6371255,-0.19183135,-0.22853924,-0.65308416,0.72197723,0
1.300065,0.32317519,2.008935,-0.22853924,-0.65308416,0.72197723,0
-2.2878897,-1.9343939,-1.8050196,-0.80910861,-0.28499973,-0.51392472,0
-3.8499465,0.33167541,-1.1054182,-0.80910861,-0.28499973,-0.51392472,0
-1.810953,-2.5325732,-2.4278162,-0.80910861,-0.28499973,-0.51392472,0
3.3474536,0.021771759,-0.33987117,0.54139924,-0.70160991,-0.46328235,0
2.0958245,-0.42035532,1.7904422,-0.22853924,-0.65308416,0.72197723,0
0.42614824,0.5546931,1.9233652,-0.22853924,-0.65308416,0.72197723,0
-1.9346658,-2.5114436,-2.1903315,-0.80910861,-0.28499973,-0.51392472,0
2.5679419,1.7388746,1.9013364,0.80910861,0.28499973,0.51392472,0
-0.87353516,1.3824558,1.4780049,-0.54139924,0.70160991,0.46328235,0
0.17183173,1.9902928,1.902406,-0.54139924,0.70160991,0.46328235,0
2.6558053,-1.3266374,1.1381146,-0.22853924,-0.65308416,0.72197723,0
-2.682652,-1.0305982,-1.7639501,-0.80910861,-0.28499973,-0.51392472,0
-1.043515,0.98320979,1.439034,-0.54139924,0.70160991,0.46328235,0
-2.4867384,-0.91473866,-2.2709894,-0.80910861,-0.28499973,-0.51392472,0
-2.7323406,-1.847621,-1.6389947,-0.80910861,-0.28499973,-0.51392472,0
-0.98315382,1.2880557,-0.7796247,0.22853924,0.65308416,-0.72197723,0
-3.0212717,-1.681957,-1.2797256,-0.80910861,-0.28499973,-0.51392472,0
-0.4719106,1.5025074,0.052385807,0.22853924,0.65308416,-0.72197723,0
-1.9818208,0.47396329,1.1248803,-0.54139924,0.70160991,0.46328235,0
2.7952123,1.1203539,0.72530532,0.22853924,0.65308416,-0.72197723,0
1.9050565,1.4414158,3.3411102,-0.22853924,-0.65308416,0.72197723,0
-0.33610752,0.38235807,-0.93833554,0.22853924,0.65308416,-0.72197723,0
2.6498673,1.1521496,2.019486,0.80910861,0.28499973,0.51392472,0
-1.2200611,0.95484751,1.6555359,-0.54139924,0.70160991,0.46328235,0
1.0900506,-1.6071081,-0.79920483,0.54139924,-0.70160991,-0.46328235,0
3.9546673,-0.18632138,0.97574282,0.80910861,0.28499973,0.51392472,0
-2.0329854,1.0117431,0.72107863,-0.54139924,0.70160991,0.46328235,0
-1.6454303,-2.7765796,-1.6070964,-0.22853924,-0.65308416,0.72197723,0
2.2713184,1.987576,1.8520055,0.80910861,0.28499973,0.51392472,0
-0.70832837,1.6684872,0.082525432,0.22853924,0.65308416,-0.72197723,0
-3.6257887,-1.0608902,-0.88811541,-0.80910861,-0.28499973,-0.51392472,0
0.7608878,-1.1874415,-1.3029191,0.54139924,-0.70160991,-0.46328235,0
1.1556705,-1.8173901,-0.27025962,0.54139924,-0.70160991,-0.46328235,0
-2.7739625,-0.72355235,-2.2030406,-0.80910861,-0.28499973,-0.51392472,0
-0.75315714,-2.0738151,-2.0914109,0.54139924,-0.70160991,-0.46328235,0
2.9184356,0.057729244,1.9835513,0.80910861,0.28499973,0.51392472,0
1.2719985,2.0623281,2.3497274,-0.54139924,0.70160991,0.46328235,0
1.0660181,-1.3391502,-1.3526602,0.54139924,-0.70160991,-0.46328235,0
2.572911,-0.55901456,1.9436245,-0.22853924,-0.65308416,0.72197723,0
1.7099245,2.8702667,1.8001235,-0.54139924,0.70160991,0.46328235,0
-1.6894459,0.6761716,1.3830606,-0.22853924,-0.65308416,0.72197723,0
2.8075206,1.0151246,0.45878625,0.22853924,0.65308416,-0.72197723,0
-2.1531453,-2.8770785,-1.7339563,-0.22853924,-0.65308416,0.72197723,0
0.70344698,-2.0004358,-0.77868164,0.54139924,-0.70160991,-0.46328235,0
1.0183561,-1.7147539,-0.52013409,0.54139924,-0.70160991,-0.46328235,0
2.9777448,-0.66058612,1.5087423,-0.22853924,-0.65308416,0.72197723,0
2.2482862,2.4555562,1.7659245,0.80910861,0.28499973,0.51392472,0
-1.4951301,1.8652657,-0.29853928,0.22853924,0.65308416,-0.72197723,0
1.0232601,1.2204883,3.0447731,-0.22853924,-0.65308416,0.72197723,0
2.5219147,0.85492086,2.5646172,0.80910861,0.28499973,0.51392472,0
3.993022,-0.12796503,0.26276445,0.54139924,-0.70160991,-0.46328235,0
-0.10816193,1.5927498,1.8862717,-0.54139924,0.70160991,0.46328235,0
0.11493874,-2.0830891,-1.1853633,0.54139924,-0.70160991,-0.46328235,0
-3.6901023,1.0337725,-1.3357956,-0.54139924,0.70160991,0.46328235,0
-1.8551412,-1.6239772,-2.6926782,-0.80910861,-0.28499973,-0.51392472,0
0.15250963,0.24241924,1.4588742,-0.22853924,-0.65308416,0.72197723,0
1.4237837,1.2353233,0.34010315,0.22853924,0.65308416,-0.72197723,0
2.4767184,-1.142146,0.71308744,0.54139924,-0.70160991,-0.46328235,0
3.1345329,0.72358578,1.1188629,0.80910861,0.28499973,0.51392472,0
-0.76272941,-1.3854817,-2.7042918,0.54139924,-0.70160991,-0.46328235,0
2.4895375,0.63923001,2.2251079,0.80910861,0.28499973,0.51392472,0
0.97525775,1.8582101,0.36411643,0.22853924,0.65308416,-0.72197723,0
-3.1845503,-1.3388653,-1.0221186,-0.80910861,-0.28499973,-0.51392472,0
1.1671323,2.3109977,2.1532106,-0.54139924,0.70160991,0.46328235,0
2.2247686,2.8475823,1.9171748,0.80910861,0.28499973,0.51392472,0
-2.014514,-0.54857832,0.41012073,-0.22853924,-0.65308416,0.72197723,0
-0.80850911,-0.94596016,-2.6850047,0.22853924,0.65308416,-0.72197723,0
-3.7480502,0.45681369,-1.4152071,-0.80910861,-0.28499973,-0.51392472,0
-2.9033899,-0.65588272,-1.9303071,-0.80910861,-0.28499973,-0.51392472,0
-0.90134025,0.28636897,-1.2318619,0.22853924,0.65308416,-0.72197723,0
2.2860589,0.09301424,1.9681277,-0.22853924,-0.65308416,0.72197723,0
-2.9743381,-1.2788371,-1.6985829,-0.80910861,-0.28499973,-0.51392472,0
-3.0171037,1.0693759,-1.1299164,-0.54139924,0.70160991,0.46328235,0
0.68351138,-2.1905899,-0.56588638,0.54139924,-0.70160991,-0.46328235,0
1.3196141,2.2781813,2.7030251,-0.54139924,0.70160991,0.46328235,0
0.24461305,1.0459175,-0.23245823,0.22853924,0.65308416,-0.72197723,0
-2.360234,-0.5044024,-2.6320088,-0.80910861,-0.28499973,-0.51392472,0
1.9553032,0.50409937,-0.27005994,0.22853924,0.65308416,-0.72197723,0
1.9428341,0.92458296,2.6529469,-0.22853924,-0.65308416,0.72197723,0
-2.7073731,-2.0105309,-1.569283,-0.80910861,-0.28499973,-0.51392472,0
3.0307641,0.46885431,0.16016221,0.22853924,0.65308416,-0.72197723,0
-0.61107874,1.4602861,1.4392765,-0.54139924,0.70160991,0.46328235,0
-0.39233756,1.737922,1.6518588,-0.54139924,0.70160991,0.46328235,0
2.0817318,1.6603642,0.73066902,0.22853924,0.65308416,-0.72197723,0
-4.1427517,-0.10767037,-0.18145514,-0.54139924,0.70160991,0.46328235,0
0.64703918,-0.61568689,-1.5791588,0.22853924,0.65308416,-0.72197723,0
3.9024124,-0.010116518,0.43231344,0.54139924,-0.70160991,-0.46328235,0
-2.7926676,0.28348923,-2.0963912,0.22853924,0.65308416,-0.72197723,0
1.5441576,-1.1000209,-0.66333246,0.54139924,-0.70160991,-0.46328235,0
-2.1562214,1.533034,-0.78423667,0.22853924,0.65308416,-0.72197723,0
1.514941,1.761152,0.60287905,0.22853924,0.65308416,-0.72197723,0
2.3132269,2.1553893,1.7503896,0.80910861,0.28499973,0.51392472,0
1.0520949,2.1444347,2.2439408,-0.54139924,0.70160991,0.46328235,0
-1.232119,-1.0907738,-2.9749074,0.22853924,0.65308416,-0.72197723,0
0.20221943,-1.2396176,0.21971592,-0.22853924,-0.65308416,0.72197723,0
1.2688073,1.8254474,2.662782,-0.54139924,0.70160991,0.46328235,0
-1.8799279,-2.3649032,-2.3265293,-0.80910861,-0.28499973,-0.51392472,0
-1.7860968,-2.6281221,-2.43748,-0.80910861,-0.28499973,-0.51392472,0
1.9559203,2.6420445,2.4136777,0.80910861,0.28499973,0.51392472,0
3.7017994,-0.54878771,0.99894524,0.54139924,-0.70160991,-0.46328235,0
3.2163668,-0.91763949,1.7681007,-0.22853924,-0.65308416,0.72197723,0
3.0856099,0.012917042,1.5716636,0.80910861,0.28499973,0.51392472,0
-1.4990107,-2.4069953,-2.1914761,0.54139924,-0.70160991,-0.46328235,0
1.433689,-0.85329872,-1.6023031,0.54139924,-0.70160991,-0.46328235,0
1.2935865,0.97264731,2.6990552,-0.22853924,-0.65308416,0.72197723,0
-2.2355661,-1.1444228,-2.3199143,-0.80910861,-0.28499973,-0.51392472,0
-0.73562336,-2.2627697,-2.0259478,0.54139924,-0.70160991,-0.46328235,0
2.3643422,-0.95144135,-0.31567597,0.54139924,-0.70160991,-0.46328235,0
-3.1349225,-0.66648901,-0.47455764,-0.22853924,-0.65308416,0.72197723,0
2.0824604,2.1376719,2.6479199,0.80910861,0.28499973,0.51392472,0
-0.83194649,-0.56384051,-2.3117859,0.22853924,0.65308416,-0.72197723,0
2.9576459,1.8043375,1.5213218,0.80910861,0.28499973,0.51392472,0
-3.7263482,0.44078374,-0.84478951,-0.80910861,-0.28499973,-0.51392472,0
2.3854733,-0.11167344,-0.66824031,0.22853924,0.65308416,-0.72197723,0
0.47067499,-1.2593161,0.65927529,-0.22853924,-0.65308416,0.72197723,0
-0.77027822,1.6726744,1.1904758,-0.54139924,0.70160991,0.46328235,0
-3.3331552,0.56191397,-1.6834395,-0.80910861,-0.28499973,-0.51392472,0
-3.6555429,0.75484931,-1.0963278,-0.80910861,-0.28499973,-0.51392472,0
-2.002315,-2.8840632,-2.1081548,-0.80910861,-0.28499973,-0.51392472,0
2.0668936,-1.5077118,0.52718854,-0.22853924,-0.65308416,0.72197723,0
-1.5128154,-1.5624681,-0.37317777,-0.22853924,-0.65308416,0.72197723,0
2.9159811,1.3086889,1.1816132,0.80910861,0.28499973,0.51392472,0
-3.3511839,0.32696605,-0.41060948,-0.54139924,0.70160991,0.46328235,0
1.7135689,-1.2016449,-0.78114504,0.54139924,-0.70160991,-0.46328235,0
0.052507281,-1.7414988,-1.7841827,0.54139924,-0.70160991,-0.46328235,0
-0.79909253,1.8052038,0.42762417,-0.54139924,0.70160991,0.46328235,0
-0.173087,-1.4924345,-2.674845,0.54139924,-0.70160991,-0.46328235,0
-4.1401572,-0.27047899,-0.38899803,-0.80910861,-0.28499973,-0.51392472,0
2.2144475,-1.358248,0.2125079,0.54139924,-0.70160991,-0.46328235,0
-1.241793,-2.9863577,-1.6763711,0.54139924,-0.70160991,-0.46328235,0
-1.032154,-2.2458918,-2.0408342,0.54139924,-0.70160991,-0.46328235,0
-3.3805943,-0.27410251,-1.007333,-0.80910861,-0.28499973,-0.51392472,0
-3.713347,0.56095576,-1.6256578,-0.80910861,-0.28499973,-0.51392472,0
-3.6910038,-0.24012458,-0.69757152,-0.80910861,-0.28499973,-0.51392472,0
0.44913137,2.5314891,0.80455661,0.22853924,0.65308416,-0.72197723,0
3.7181125,-0.47596347,0.86239314,0.80910861,0.28499973,0.51392472,0
0.73806167,1.2261757,2.7057979,-0.22853924,-0.65308416,0.72197723,0
-0.59220648,0.30421078,1.644107,-0.22853924,-0.65308416,0.72197723,0
-0.21640018,0.13107455,1.6687031,-0.22853924,-0.65308416,0.72197723,0
1.1294746,2.3347716,0.94634676,0.22853924,0.65308416,-0.72197723,0
2.7103772,-0.56737983,-0.58760607,0.54139924,-0.70160991,-0.46328235,0
-1.5701939,0.12922156,0.79236263,-0.22853924,-0.65308416,0.72197723,0
0.32646477,2.193615,1.1237569,-0.54139924,0.70160991,0.46328235,0
0.60856092,-0.072397232,1.3656435,-0.22853924,-0.65308416,0.72197723,0
2.4956801,1.4400696,1.9525056,0.80910861,0.28499973,0.51392472,0
3.597868,-0.65557897,1.4500005,0.80910861,0.28499973,0.51392472,0
2.8658748,0.37479162,1.8430345,0.80910861,0.28499973,0.51392472,0
3.4307747,-0.74938202,1.9085195,-0.22853924,-0.65308416,0.72197723,0
-0.41669893,-2.2751794,-1.4101233,0.54139924,-0.70160991,-0.46328235,0
1.6060001,2.4958348,2.5144317,0.80910861,0.28499973,0.51392472,0
1.6970606,1.5240988,3.121505,0.80910861,0.28499973,0.51392472,0
-0.032952428,1.6245337,1.4228685,-0.54139924,0.70160991,0.46328235,0
1.7171328,2.0319071,2.9771271,0.80910861,0.28499973,0.51392472,0
0.035048485,1.7900498,1.3109062,-0.54139924,0.70160991,0.46328235,0
-0.42578214,-0.28560543,-1.5338016,0.22853924,0.65308416,-0.72197723,0
0.044189572,-2.0549257,-0.85269809,0.54139924,-0.70160991,-0.46328235,0
-1.002584,-1.8968663,-0.5119288,-0.22853924,-0.65308416,0.72197723,0
-1.1243582,-2.2885454,-2.4759886,0.54139924,-0.70160991,-0.46328235,0
1.1147399,1.2380078,-0.019209385,0.22853924,0.65308416,-0.72197723,0
-2.9297137,0.78859019,-1.6384728,0.22853924,0.65308416,-0.72197723,0
-1.0399487,-1.4377222,-0.079506159,-0.22853924,-0.65308416,0.72197723,0
3.5245619,-0.68189847,1.168011,0.54139924,-0.70160991,-0.46328235,0
2.3903098,-0.31410441,-0.75797504,0.22853924,0.65308416,-0.72197723,0
1.8761559,2.8366594,2.3507295,-0.54139924,0.70160991,0.46328235,0
-1.1818084,0.30998147,1.1072221,-0.22853924,-0.65308416,0.72197723,0
-0.32545686,-1.5199065,0.18132389,-0.22853924,-0.65308416,0.72197723,0
-3.0315523,-0.13342834,-2.2871716,-0.80910861,-0.28499973,-0.51392472,0
-1.6222086,-0.14668941,-2.01318,0.22853924,0.65308416,-0.72197723,0
-2.8468907,-1.6518986,-1.4757023,-0.80910861,-0.28499973,-0.51392472,0
-1.4257301,0.16093767,-1.478004,0.22853924,0.65308416,-0.72197723,0
-1.4328003,1.3272961,-0.80697465,0.22853924,0.65308416,-0.72197723,0
2.1285198,0.29735088,2.4321947,-0.22853924,-0.65308416,0.72197723,0
2.2862988,-0.39744425,1.4827538,-0.22853924,-0.65308416,0.72197723,0
3.0027499,-0.049380742,-0.30287147,0.22853924,0.65308416,-0.72197723,0
1.7603942,2.3362973,2.8300848,0.80910861,0.28499973,0.51392472,0
-0.84449273,-0.81067771,0.50444448,-0.22853924,-0.65308416,0.72197723,0
0.54391944,2.2220349,1.6243825,-0.54139924,0.70160991,0.46328235,0
0.077078611,-0.072017193,-1.5845793,0.22853924,0.65308416,-0.72197723,0
2.360949,1.7470088,2.2362838,0.80910861,0.28499973,0.51392472,0
1.1172638,0.61860114,-0.33921623,0.22853924,0.65308416,-0.72197723,0
3.5473514,-0.049567223,1.3942013,0.80910861,0.28499973,0.51392472,0
0.031508565,-1.0572754,-2.3777795,0.22853924,0.65308416,-0.72197723,0
-1.4639599,1.4595369,0.77893341,-0.54139924,0.70160991,0.46328235,0
2.6871428,1.8135005,1.095233,0.22853924,0.65308416,-0.72197723,0
-2.5163903,0.69498873,-0.076152563,-0.54139924,0.70160991,0.46328235,0
-3.4827518,-0.14187479,-1.5498395,-0.80910861,-0.28499973,-0.51392472,0
2.0189781,1.4415046,3.0169728,0.80910861,0.28499973,0.51392472,0
1.988281,1.8892202,2.7673786,0.80910861,0.28499973,0.51392472,0
-2.6161041,0.36518943,0.38043833,-0.54139924,0.70160991,0.46328235,0
-2.9210484,0.38826171,0.019328594,-0.54139924,0.70160991,0.46328235,0
2.4808707,-1.2777398,0.36489606,0.54139924,-0.70160991,-0.46328235,0
-2.762907,-0.65482748,-2.4168949,-0.80910861,-0.28499973,-0.51392472,0
1.2216465,1.8233163,3.0832956,-0.54139924,0.70160991,0.46328235,0
2.8520398,-1.0241034,0.58029664,0.54139924,-0.70160991,-0.46328235,0
-1.7123045,-2.5952055,-2.4608548,0.54139924,-0.70160991,-0.46328235,0
1.0961208,-1.5782516,0.31804973,-0.22853924,-0.65308416,0.72197723,0
-0.29400361,2.060168,0.38434339,0.22853924,0.65308416,-0.72197723,0
1.3010852,-0.83411837,-1.2245971,0.54139924,-0.70160991,-0.46328235,0
3.6369367,-0.33189279,0.3406179,0.54139924,-0.70160991,-0.46328235,0
1.3906317,1.0643551,-0.21841514,0.22853924,0.65308416,-0.72197723,0
3.4081364,0.11740136,1.6394131,0.80910861,0.28499973,0.51392472,0
1.1455612,-0.36310387,1.5477291,-0.22853924,-0.65308416,0.72197723,0
3.2308049,-0.4802649,2.0073617,0.80910861,0.28499973,0.51392472,0
-1.4055126,0.31529427,-1.2757953,0.22853924,0.65308416,-0.72197723,0
-3.8302975,-0.14389236,-0.1179018,-0.54139924,0.70160991,0.46328235,0
2.2097564,1.4857619,2.6010275,0.80910861,0.28499973,0.51392472,0
3.5866477,-0.79573607,1.4632163,0.80910861,0.28499973,0.51392472,0
1.3636794,-0.61666179,-1.560961,0.54139924,-0.70160991,-0.46328235,0
-0.59806383,-1.5655675,-2.607738,0.54139924,-0.70160991,-0.46328235,0
2.2741067,1.2301278,2.5868182,0.80910861,0.28499973,0.51392472,0
-2.4053657,0.88024485,-0.048463583,-0.54139924,0.70160991,0.46328235,0
3.292052,-0.49216044,1.5239511,0.80910861,0.28499973,0.51392472,0
-2.401659,-2.1773233,-1.6193678,-0.22853924,-0.65308416,0.72197723,0
-0.6510905,1.3828859,1.4668365,-0.54139924,0.70160991,0.46328235,0
-0.96450478,0.36003065,1.1607069,-0.22853924,-0.65308416,0.72197723,0
-3.6895385,-0.19929311,0.20537496,-0.22853924,-0.65308416,0.72197723,0
-0.74873972,0.98972225,1.6158216,-0.54139924,0.70160991,0.46328235,0
-1.8940248,0.75556034,0.65184987,-0.54139924,0.70160991,0.46328235,0
3.4546418,0.55435675,1.0418,0.80910861,0.28499973,0.51392472,0
-2.0466204,1.0774858,0.36843622,-0.54139924,0.70160991,0.46328235,0
3.6768303,-0.45192635,1.2228587,0.80910861,0.28499973,0.51392472,0
-0.70081449,1.6302283,0.12389845,0.22853924,0.65308416,-0.72197723,0
-0.28216946,1.3741093,2.1546474,-0.54139924,0.70160991,0.46328235,0
-1.8209295,-1.4954759,-2.9909396,-0.80910861,-0.28499973,-0.51392472,0
-3.1601362,-1.3013635,-0.9934957,-0.80910861,-0.28499973,-0.51392472,0
2.5311997,-1.2777479,0.26817667,0.54139924,-0.70160991,-0.46328235,0
1.2922726,-1.4557556,0.50276804,-0.22853924,-0.65308416,0.72197723,0
3.0886598,-0.33100879,-0.44798017,0.54139924,-0.70160991,-0.46328235,0
2.0775714,1.6789122,2.7875586,0.80910861,0.28499973,0.51392472,0
-1.7242725,1.3229071,-0.72991228,0.22853924,0.65308416,-0.72197723,0
1.645763,0.94184613,-0.033455133,0.22853924,0.65308416,-0.72197723,0
-1.7304982,0.58067811,1.2037675,-0.54139924,0.70160991,0.46328235,0
2.3640704,2.1342669,1.8132393,0.80910861,0.28499973,0.51392472,0
-2.4919631,1.1397977,-0.62496328,-0.54139924,0.70160991,0.46328235,0
1.9420519,2.3090057,2.2189147,0.80910861,0.28499973,0.51392472,0
2.4433019,1.4562936,1.8508556,0.80910861,0.28499973,0.51392472,0
-1.0981753,-2.1320596,-0.87885213,-0.22853924,-0.65308416,0.72197723,0
-2.9162731,-1.8740318,-1.4744639,-0.80910861,-0.28499973,-0.51392472,0
-1.5633523,-1.9754648,-3.2803187,-0.80910861,-0.28499973,-0.51392472,0
0.35359406,-2.1936185,-0.46844709,0.54139924,-0.70160991,-0.46328235,0
-3.7606893,-0.07985127,-1.159205,-0.80910861,-0.28499973,-0.51392472,0
-1.851989,1.7123456,-0.25995278,-0.54139924,0.70160991,0.46328235,0
-0.63231182,-1.8859683,-2.3802249,0.54139924,-0.70160991,-0.46328235,0
-2.106108,0.64908582,0.73382354,-0.54139924,0.70160991,0.46328235,0
1.5001974,-1.4591088,-0.61212015,0.54139924,-0.70160991,-0.46328235,0
0.00069332123,2.0268598,1.310643,-0.54139924,0.70160991,0.46328235,0
2.6642513,-0.57448912,0.088282347,0.54139924,-0.70160991,-0.46328235,0
-1.896358,1.2943996,0.54797888,-0.54139924,0.70160991,0.46328235,0
2.9650655,-1.0831163,0.89551783,0.54139924,-0.70160991,-0.46328235,0
-0.75263405,1.3633578,1.5304734,-0.54139924,0.70160991,0.46328235,0
-1.5017242,-1.0766968,0.13505375,-0.22853924,-0.65308416,0.72197723,0
-3.7863543,-0.56155527,-0.63079977,-0.80910861,-0.28499973,-0.51392472,0
-2.8966572,-0.20226026,-2.0691707,-0.80910861,-0.28499973,-0.51392472,0
0.435974,2.2730021,1.2618546,-0.54139924,0.70160991,0.46328235,0
-3.1111445,-0.84633976,-1.7833574,-0.80910861,-0.28499973,-0.51392472,0
-0.0068668127,1.9746951,0.90617108,-0.54139924,0.70160991,0.46328235,0
1.6975261,-0.67880023,-1.2988518,0.54139924,-0.70160991,-0.46328235,0
1.2986075,1.8481721,3.2314374,-0.54139924,0.70160991,0.46328235,0
3.0114284,0.80811214,1.875922,0.80910861,0.28499973,0.51392472,0
-1.5268197,1.3759943,0.76944995,-0.54139924,0.70160991,0.46328235,0
0.10443052,0.19375861,-1.1244882,0.22853924,0.65308416,-0.72197723,0
-2.616267,-0.087563187,0.55062139,-0.22853924,-0.65308416,0.72197723,0
3.1552095,-0.18450618,1.6514432,0.80910861,0.28499973,0.51392472,0
-2.2829843,-1.5533905,-2.3773599,-0.80910861,-0.28499973,-0.51392472,0
1.9181111,0.70803905,2.6054857,-0.22853924,-0.65308416,0.72197723,0
1.521782,2.2105353,2.7790897,-0.54139924,0.70160991,0.46328235,0
3.0814323,0.1697793,1.9517822,0.80910861,0.28499973,0.51392472,0
3.4430931,-0.53273278,0.16043973,0.54139924,-0.70160991,-0.46328235,0
-2.0631719,0.44858241,-1.7720114,0.22853924,0.65308416,-0.72197723,0
-1.8913767,0.47666621,-1.3288184,0.22853924,0.65308416,-0.72197723,0
3.2670617,-0.13397598,1.5614765,0.80910861,0.28499973,0.51392472,0
-2.7399502,-0.5389061,-1.8469844,-0.80910861,-0.28499973,-0.51392472,0
0.12368727,1.2068424,-0.36632526,0.22853924,0.65308416,-0.72197723,0
-3.4319367,1.0532274,-1.6557887,0.22853924,0.65308416,-0.72197723,0
0.57518947,-1.9852411,-0.11125135,-0.22853924,-0.65308416,0.72197723,0
-1.8788543,-1.6013199,-2.9841502,-0.80910861,-0.28499973,-0.51392472,0
-2.1568279,-2.6272075,-1.8247132,-0.80910861,-0.28499973,-0.51392472,0
-3.0971491,-0.80369067,-1.1116118,-0.80910861,-0.28499973,-0.51392472,0
3.5358744,0.8078469,0.91058636,0.80910861,0.28499973,0.51392472,0
2.36043,-0.83223385,-0.18955529,0.54139924,-0.70160991,-0.46328235,0
-2.9334114,-1.2047579,-0.44759488,-0.22853924,-0.65308416,0.72197723,0
-1.0482513,-2.7005899,-1.3937259,-0.22853924,-0.65308416,0.72197723,0
1.921268,2.1578999,2.840894,0.80910861,0.28499973,0.51392472,0
-2.1049206,-1.9499228,-1.165868,-0.22853924,-0.65308416,0.72197723,0
-3.5893631,0.58716846,-1.7564435,-0.80910861,-0.28499973,-0.51392472,0
2.6222928,-0.5231185,-0.2521776,0.54139924,-0.70160991,-0.46328235,0
0.95366418,1.7830311,3.1027288,-0.54139924,0.70160991,0.46328235,0
2.2159746,1.3146535,2.4557467,0.80910861,0.28499973,0.51392472,0
1.0018532,1.1106585,-0.22950494,0.22853924,0.65308416,-0.72197723,0
2.3221326,1.2536474,2.6430972,0.80910861,0.28499973,0.51392472,0
0.60199118,-0.62762845,-1.917086,0.22853924,0.65308416,-0.72197723,0
-3.1454134,0.84374088,-0.37705398,-0.54139924,0.70160991,0.46328235,0
-2.1788533,-2.3566382,-2.1304541,-0.80910861,-0.28499973,-0.51392472,0
1.9415187,2.5690932,1.4306371,0.22853924,0.65308416,-0.72197723,0
-0.53737175,1.789851,-0.20402801,0.22853924,0.65308416,-0.72197723,0
1.2123885,1.774443,2.9175992,-0.54139924,0.70160991,0.46328235,0
-0.19875968,-0.85294867,-2.4358568,0.22853924,0.65308416,-0.72197723,0
3.0938487,-1.0689666,0.96458554,0.54139924,-0.70160991,-0.46328235,0
0.45050466,2.1817255,1.8868587,-0.54139924,0.70160991,0.46328235,0
-2.115283,-2.2465074,-2.328491,-0.80910861,-0.28499973,-0.51392472,0
-2.264972,-1.3265216,-2.2697001,-0.80910861,-0.28499973,-0.51392472,0
3.0410104,-0.99424767,1.3955691,-0.22853924,-0.65308416,0.72197723,0
1.3713168,2.5726104,1.964016,-0.54139924,0.70160991,0.46328235,0
-2.5735252,-1.9076153,-1.7233443,-0.80910861,-0.28499973,-0.51392472,0
-3.2857828,0.28231812,-1.4179232,-0.80910861,-0.28499973,-0.51392472,0
-2.0086555,1.4988394,-0.712749,-0.54139924,0.70160991,0.46328235,0
1.1936061,2.1456509,2.65797,-0.54139924,0.70160991,0.46328235,0
-1.3984857,1.1796696,-0.62931734,0.22853924,0.65308416,-0.72197723,0
-3.5817704,0.6543169,-1.0455551,-0.54139924,0.70160991,0.46328235,0
-3.0525348,0.5643847,-0.20042896,-0.54139924,0.70160991,0.46328235,0
-3.6792631,-0.27590582,-0.52343369,-0.80910861,-0.28499973,-0.51392472,0
0.46901333,-1.3959237,-1.7200799,0.54139924,-0.70160991,-0.46328235,0
-1.0035663,1.8577806,0.13065308,-0.54139924,0.70160991,0.46328235,0
-0.905855,-1.3309358,-0.2150557,-0.22853924,-0.65308416,0.72197723,0
-0.71255124,1.5542815,1.1201971,-0.54139924,0.70160991,0.46328235,0
2.9972003,0.77395552,0.074078321,0.22853924,0.65308416,-0.72197723,0
0.79765171,0.20607018,-1.0967528,0.22853924,0.65308416,-0.72197723,0
1.4363171,2.506633,1.8716891,-0.54139924,0.70160991,0.46328235,0
0.5505296,2.3488522,0.65994716,0.22853924,0.65308416,-0.72197723,0
