1.0198646,1.7259754,1.5408874,0.084745646,0.71829087,0.69056249,0
-1.1048622,2.1582136,1.351274,0.084745646,0.71829087,0.69056249,0
2.4315395,-1.05967,0.35146737,0.9485395,-0.27037761,0.16482985,0
-1.8357317,-0.41852021,-2.5176547,0.30510837,0.64105725,-0.70424056,0
-1.9322608,-1.4010572,-1.8919454,-0.084745646,-0.71829087,-0.69056249,0
2.1065466,-1.3910309,-1.6566664,0.30510837,0.64105725,-0.70424056,0
-0.68304205,-1.3320286,-2.0463181,-0.084745646,-0.71829087,-0.69056249,0
1.7459434,-2.4944031,0.10935318,0.9485395,-0.27037761,0.16482985,0
-2.7867496,-1.6730474,-1.6729755,-0.9485395,0.27037761,-0.16482985,0
2.1138093,-2.1879871,-1.7280935,-0.084745646,-0.71829087,-0.69056249,0
1.8108687,0.82193887,0.035700917,0.30510837,0.64105725,-0.70424056,0
-2.304563,-0.24782503,-2.0939429,-0.9485395,0.27037761,-0.16482985,0
-2.1344366,0.35613799,-1.4139891,-0.9485395,0.27037761,-0.16482985,0
2.1608765,-0.82872748,-1.111437,0.30510837,0.64105725,-0.70424056,0
2.2606654,-0.81250536,-0.37851584,0.9485395,-0.27037761,0.16482985,0
0.78929353,1.4465045,2.1396067,0.084745646,0.71829087,0.69056249,0
2.0390482,-2.3923314,-1.1531887,0.9485395,-0.27037761,0.16482985,0
2.7063622,0.77336794,1.8968518,0.9485395,-0.27037761,0.16482985,0
-1.8640633,-0.24703193,0.61932826,-0.30510837,-0.64105725,0.70424056,0
2.4897058,-1.1350687,-0.91141415,0.9485395,-0.27037761,0.16482985,0
1.8432515,-0.39886892,-1.2516344,0.30510837,0.64105725,-0.70424056,0
2.4740734,0.61652887,1.3714924,0.9485395,-0.27037761,0.16482985,0
-1.4359267,1.3295825,-0.84973514,0.30510837,0.64105725,-0.70424056,0
1.1139131,-2.4303954,-1.1653318,-0.084745646,-0.71829087,-0.69056249,0
-2.514138,1.1533419,1.2347467,-0.9485395,0.27037761,-0.16482985,0
-2.1577497,0.64031172,-1.0943356,-0.9485395,0.27037761,-0.16482985,0
0.31238294,-1.6854156,-1.9026337,-0.084745646,-0.71829087,-0.69056249,0
-0.094316483,1.8647745,1.9330659,0.084745646,0.71829087,0.69056249,0
2.2693398,-1.4376786,-0.23672414,0.9485395,-0.27037761,0.16482985,0
-2.3223317,2.2067513,1.4591458,-0.9485395,0.27037761,-0.16482985,0
0.81521994,-1.5521418,0.27694368,-0.30510837,-0.64105725,0.70424056,0
-2.2592745,1.2178953,-0.69230843,-0.9485395,0.27037761,-0.16482985,0
1.0307419,1.7982727,0.53467369,0.30510837,0.64105725,-0.70424056,0
0.97768509,0.62463033,2.1941113,-0.30510837,-0.64105725,0.70424056,0
-0.094233215,0.056725025,1.3266673,-0.30510837,-0.64105725,0.70424056,0
2.3288102,-1.616841,-1.1353583,0.9485395,-0.27037761,0.16482985,0
1.8404841,-1.6512725,0.99355817,-0.30510837,-0.64105725,0.70424056,0
1.1399229,-2.2433629,-1.5664669,-0.084745646,-0.71829087,-0.69056249,0
-0.57712626,-1.6138747,-1.9109414,-0.084745646,-0.71829087,-0.69056249,0
-1.6656283,2.3988385,-0.21185386,0.30510837,0.64105725,-0.70424056,0
2.554251,-0.1755037,-0.27809429,0.9485395,-0.27037761,0.16482985,0
0.87655461,-2.1071723,-0.16487324,-0.30510837,-0.64105725,0.70424056,0
-1.3655429,-1.7919936,-1.418949,-0.084745646,-0.71829087,-0.69056249,0
-1.6872816,-1.7159108,-1.4924638,-0.084745646,-0.71829087,-0.69056249,0
2.4442246,0.34847993,0.13049412,0.30510837,0.64105725,-0.70424056,0
2.0078335,-1.9818323,-0.65014172,0.9485395,-0.27037761,0.16482985,0
2.6614401,0.84566092,2.1886332,0.9485395,-0.27037761,0.16482985,0
-2.3204303,2.0869172,1.8330023,-0.9485395,0.27037761,-0.16482985,0
0.89004064,-2.3246381,-0.49490619,-0.30510837,-0.64105725,0.70424056,0
2.2265201,0.33064508,2.2797348,0.9485395,-0.27037761,0.16482985,0
-0.2308352,1.5348384,-0.075083673,0.30510837,0.64105725,-0.70424056,0
-2.7729516,-0.1590912,-0.26096678,-0.9485395,0.27037761,-0.16482985,0
-2.3591719,0.64840853,0.56847358,-0.9485395,0.27037761,-0.16482985,0
-2.1167774,1.6599599,1.8875297,-0.30510837,-0.64105725,0.70424056,0
1.0722183,-2.0248058,-1.7767103,-0.084745646,-0.71829087,-0.69056249,0
-0.63749135,-1.6484509,-0.20290327,-0.30510837,-0.64105725,0.70424056,0
-1.5727359,-0.80308449,-0.15142965,-0.30510837,-0.64105725,0.70424056,0
-2.3075881,1.9984998,1.9305969,0.084745646,0.71829087,0.69056249,0
-2.5899618,0.79249877,0.044563293,-0.9485395,0.27037761,-0.16482985,0
1.3120301,1.6629131,1.6028935,0.084745646,0.71829087,0.69056249,0
-2.4485817,0.066101283,-0.63079643,-0.9485395,0.27037761,-0.16482985,0
2.129503,-1.4295135,0.87471104,-0.30510837,-0.64105725,0.70424056,0
1.4081912,-1.5693576,0.32170844,-0.30510837,-0.64105725,0.70424056,0
2.6337907,0.40773922,0.29529119,0.9485395,-0.27037761,0.16482985,0
2.1415749,-2.0613978,-1.7170722,-0.084745646,-0.71829087,-0.69056249,0
-1.9399955,-1.7643226,-1.0285952,-0.30510837,-0.64105725,0.70424056,0
2.5502033,1.5232568,1.8928406,0.084745646,0.71829087,0.69056249,0
-3.0240698,-1.2324976,-0.90163064,-0.9485395,0.27037761,-0.16482985,0
0.67031181,-2.1970034,-1.2400634,-0.084745646,-0.71829087,-0.69056249,0
1.6946409,-1.8532157,-2.1413352,-0.084745646,-0.71829087,-0.69056249,0
-2.7817943,-1.0740821,-0.81333494,-0.9485395,0.27037761,-0.16482985,0
-0.82901275,1.788799,1.8741977,0.084745646,0.71829087,0.69056249,0
1.0066513,-1.9943807,-1.7804703,-0.084745646,-0.71829087,-0.69056249,0
-2.4954231,1.3300309,0.9295187,-0.9485395,0.27037761,-0.16482985,0
2.4597917,0.11674738,1.7028112,0.9485395,-0.27037761,0.16482985,0
-2.0307434,2.2828598,-0.195647,-0.9485395,0.27037761,-0.16482985,0
-0.2147975,-1.7696661,-1.6766777,-0.084745646,-0.71829087,-0.69056249,0
-2.8385024,-0.9575913,-0.67892265,-0.30510837,-0.64105725,0.70424056,0
1.5712721,-1.5818,-1.9406872,-0.084745646,-0.71829087,-0.69056249,0
-1.0455155,2.3409004,0.17352134,0.30510837,0.64105725,-0.70424056,0
1.2061702,-2.5733721,-1.3337375,-0.084745646,-0.71829087,-0.69056249,0
2.2457981,-1.2615215,1.3205526,0.9485395,-0.27037761,0.16482985,0
-2.6226807,-0.4538832,-0.44199133,-0.9485395,0.27037761,-0.16482985,0
0.038823128,-1.1912768,-2.5362444,-0.084745646,-0.71829087,-0.69056249,0
2.149142,-2.5940745,-0.59518945,0.9485395,-0.27037761,0.16482985,0
-2.4481876,1.0663728,0.49097371,-0.9485395,0.27037761,-0.16482985,0
1.9851525,-1.3540136,-1.5225531,0.30510837,0.64105725,-0.70424056,0
-0.17100549,1.8842167,1.7400392,0.084745646,0.71829087,0.69056249,0
0.55367184,1.3685943,2.2770965,0.084745646,0.71829087,0.69056249,0
1.9754307,-2.0279515,-0.73907483,0.9485395,-0.27037761,0.16482985,0
0.6657176,1.0443639,2.4080596,0.084745646,0.71829087,0.69056249,0
0.3771162,-0.22571433,-1.5770553,0.30510837,0.64105725,-0.70424056,0
1.8533647,-2.9005995,-0.96550053,-0.084745646,-0.71829087,-0.69056249,0
1.8468063,-3.0212195,-0.68221366,-0.084745646,-0.71829087,-0.69056249,0
0.59769011,-1.5743239,-2.062072,-0.084745646,-0.71829087,-0.69056249,0
0.68071198,-2.2565091,-1.5606874,-0.084745646,-0.71829087,-0.69056249,0
2.5361831,0.018401206,0.4683814,0.9485395,-0.27037761,0.16482985,0
0.44731426,1.4543624,2.0984938,0.084745646,0.71829087,0.69056249,0
-0.69975591,0.66691458,-0.84261203,0.30510837,0.64105725,-0.70424056,0
-2.4256158,-0.47982097,-2.8141282,-0.9485395,0.27037761,-0.16482985,0
0.57042146,2.3836908,1.2392483,0.084745646,0.71829087,0.69056249,0
2.6036606,0.58880079,0.10148525,0.30510837,0.64105725,-0.70424056,0
0.96162057,1.4060042,1.7937233,0.084745646,0.71829087,0.69056249,0
1.2439191,1.3238733,2.2324977,0.084745646,0.71829087,0.69056249,0
1.2971289,1.5989933,1.9754665,0.084745646,0.71829087,0.69056249,0
-0.81165171,2.8196917,0.78879541,0.084745646,0.71829087,0.69056249,0
-2.770231,-1.5967495,-1.1262643,-0.9485395,0.27037761,-0.16482985,0
2.0901484,-0.64783669,1.1666744,0.9485395,-0.27037761,0.16482985,0
-2.7212992,-0.78802085,-1.8548839,-0.9485395,0.27037761,-0.16482985,0
0.33916122,1.0881295,-0.25249839,0.30510837,0.64105725,-0.70424056,0
-1.2066069,-1.420519,-1.8170317,-0.084745646,-0.71829087,-0.69056249,0
-2.163734,0.75557101,1.137985,-0.30510837,-0.64105725,0.70424056,0
2.6229002,0.57310778,0.80782223,0.9485395,-0.27037761,0.16482985,0
-0.23099971,-1.2600783,-2.1453652,-0.084745646,-0.71829087,-0.69056249,0
1.9558578,0.86231571,2.37167,0.084745646,0.71829087,0.69056249,0
1.0024292,-2.0826199,-0.29361981,-0.30510837,-0.64105725,0.70424056,0
1.9585252,-2.2025709,-0.91614592,0.9485395,-0.27037761,0.16482985,0
2.4342506,-0.96833175,-0.60913718,0.9485395,-0.27037761,0.16482985,0
-1.2310898,-1.127892,-2.5695817,-0.084745646,-0.71829087,-0.69056249,0
-1.6683866,0.70667052,-1.6029035,0.30510837,0.64105725,-0.70424056,0
-2.1983583,0.42354655,-1.279706,-0.9485395,0.27037761,-0.16482985,0
1.2395983,-2.2913191,-1.389878,-0.084745646,-0.71829087,-0.69056249,0
2.3584983,0.93286514,2.0346432,0.9485395,-0.27037761,0.16482985,0
2.1957684,1.6576014,1.8663464,0.084745646,0.71829087,0.69056249,0
2.1181667,1.9934198,1.4754369,0.30510837,0.64105725,-0.70424056,0
-2.1669283,2.0702465,0.066206217,-0.9485395,0.27037761,-0.16482985,0
0.31896544,-2.2431569,-1.1333725,-0.084745646,-0.71829087,-0.69056249,0
-1.2821977,1.7733862,1.9476459,0.084745646,0.71829087,0.69056249,0
-2.7750826,-1.2774167,-0.76465988,-0.9485395,0.27037761,-0.16482985,0
-1.8963678,2.2847133,0.53360915,-0.9485395,0.27037761,-0.16482985,0
-2.2519908,-0.31194556,-1.8510478,-0.9485395,0.27037761,-0.16482985,0
-2.4167235,-0.41003853,0.12270999,-0.30510837,-0.64105725,0.70424056,0
2.2659507,-0.58495367,-1.149289,0.30510837,0.64105725,-0.70424056,0
0.072028518,-0.91694105,0.41346252,-0.30510837,-0.64105725,0.70424056,0
0.24449611,2.1950266,1.2414503,0.084745646,0.71829087,0.69056249,0
-0.070479751,1.8186803,0.46608108,0.30510837,0.64105725,-0.70424056,0
-0.68822646,0.91076803,-0.91145295,0.30510837,0.64105725,-0.70424056,0
1.7813759,-1.7816439,-1.9228258,-0.084745646,-0.71829087,-0.69056249,0
-2.5377767,-0.30963406,-0.053355694,-0.9485395,0.27037761,-0.16482985,0
1.0104656,-1.2925832,-2.1077578,0.30510837,0.64105725,-0.70424056,0
-2.0303853,0.69676274,1.0282689,-0.30510837,-0.64105725,0.70424056,0
0.89348829,1.015553,-0.15739113,0.30510837,0.64105725,-0.70424056,0
-2.3808377,-1.318706,-1.7697148,-0.084745646,-0.71829087,-0.69056249,0
2.3706732,1.7341077,1.5578539,0.084745646,0.71829087,0.69056249,0
-0.57351816,2.13778,1.2846534,0.084745646,0.71829087,0.69056249,0
-0.80345118,-1.2618048,-0.11094612,-0.30510837,-0.64105725,0.70424056,0
2.5700803,0.25356454,0.61824846,0.9485395,-0.27037761,0.16482985,0
0.47522855,-2.4438863,-0.80157626,-0.30510837,-0.64105725,0.70424056,0
-2.2857859,0.010316849,-1.0444791,-0.9485395,0.27037761,-0.16482985,0
2.5405526,-1.0027483,-0.024664164,0.9485395,-0.27037761,0.16482985,0
-1.2507659,1.6556121,2.2376239,0.084745646,0.71829087,0.69056249,0
-0.49195927,-0.76913279,0.33170855,-0.30510837,-0.64105725,0.70424056,0
0.36642814,1.601505,2.1850722,0.084745646,0.71829087,0.69056249,0
1.5170444,-0.71251416,-1.2979069,0.30510837,0.64105725,-0.70424056,0
-1.7536113,2.5424552,1.1520389,0.084745646,0.71829087,0.69056249,0
-2.2563987,1.7638237,0.16745234,-0.9485395,0.27037761,-0.16482985,0
0.65192056,-1.8658619,-1.5620472,-0.084745646,-0.71829087,-0.69056249,0
2.881799,0.68026811,0.69765186,0.9485395,-0.27037761,0.16482985,0
1.9395267,-2.3406398,-0.033776522,0.9485395,-0.27037761,0.16482985,0
-1.8313985,-0.2280103,-2.4244857,0.30510837,0.64105725,-0.70424056,0
-1.4942858,-0.99127293,-2.621521,-0.084745646,-0.71829087,-0.69056249,0
-1.0836673,0.86775845,1.6238664,-0.30510837,-0.64105725,0.70424056,0
-0.48552644,-0.88422841,-2.1521416,0.30510837,0.64105725,-0.70424056,0
2.2041698,-1.4655652,0.14082336,0.9485395,-0.27037761,0.16482985,0
-0.071709394,-2.1598036,-1.0915296,-0.084745646,-0.71829087,-0.69056249,0
2.1626954,-2.2636924,-1.4880669,-0.084745646,-0.71829087,-0.69056249,0
-0.86846924,-0.51301903,-2.0899296,0.30510837,0.64105725,-0.70424056,0
2.0624032,-0.23880172,1.9619932,0.9485395,-0.27037761,0.16482985,0
2.4512582,-0.87037784,0.6665287,0.9485395,-0.27037761,0.16482985,0
2.2993393,0.34363091,2.0012443,0.9485395,-0.27037761,0.16482985,0
-2.1672585,0.34972453,-1.8939457,-0.9485395,0.27037761,-0.16482985,0
2.510365,-1.8263564,-1.2907752,0.9485395,-0.27037761,0.16482985,0
1.4257455,2.1573539,1.0766274,0.084745646,0.71829087,0.69056249,0
2.2889206,-0.69089794,0.60412002,0.9485395,-0.27037761,0.16482985,0
-1.5215962,-1.6100242,-1.4890653,-0.084745646,-0.71829087,-0.69056249,0
-2.4183886,1.7547812,0.994017,-0.9485395,0.27037761,-0.16482985,0
-1.3283696,-2.2191274,-0.98605275,-0.30510837,-0.64105725,0.70424056,0
-1.7137225,0.52270722,-1.7587132,0.30510837,0.64105725,-0.70424056,0
-0.87986708,-0.75719047,-2.7047513,0.30510837,0.64105725,-0.70424056,0
2.3167017,-0.42393088,1.5498931,0.9485395,-0.27037761,0.16482985,0
0.72755384,1.7991889,0.80233377,0.30510837,0.64105725,-0.70424056,0
1.3107672,-0.34587622,1.8396128,-0.30510837,-0.64105725,0.70424056,0
-0.54097497,2.0307491,1.4094436,0.084745646,0.71829087,0.69056249,0
2.0166163,-2.5495329,-1.3719487,-0.084745646,-0.71829087,-0.69056249,0
-0.14344335,1.524261,1.9091301,0.084745646,0.71829087,0.69056249,0
-2.2892377,0.82330918,-1.8103304,-0.9485395,0.27037761,-0.16482985,0
1.2900757,-2.3502216,-1.6099187,-0.084745646,-0.71829087,-0.69056249,0
0.45344973,2.1009192,1.2525728,0.084745646,0.71829087,0.69056249,0
-2.3225896,2.0359397,0.91059113,-0.9485395,0.27037761,-0.16482985,0
0.15164042,-2.2852342,-1.2803013,-0.084745646,-0.71829087,-0.69056249,0
2.3731971,-1.3145159,0.51387715,0.9485395,-0.27037761,0.16482985,0
-0.1988703,-0.78230602,-2.013891,0.30510837,0.64105725,-0.70424056,0
-2.3009734,-0.28304899,-1.9320967,-0.9485395,0.27037761,-0.16482985,0
-2.1435905,1.2577076,-0.20591044,-0.9485395,0.27037761,-0.16482985,0
-2.025079,2.0859952,-0.16604233,-0.9485395,0.27037761,-0.16482985,0
1.8840104,-2.024106,-1.7912865,-0.084745646,-0.71829087,-0.69056249,0
-2.1306038,2.9186678,0.73452234,-0.9485395,0.27037761,-0.16482985,0
-1.2492846,1.8204157,-0.34828877,0.30510837,0.64105725,-0.70424056,0
-2.4013283,0.57187867,0.63378346,-0.9485395,0.27037761,-0.16482985,0
0.89196563,0.74290478,2.5670729,-0.30510837,-0.64105725,0.70424056,0
0.53745317,-2.1619544,-1.715005,-0.084745646,-0.71829087,-0.69056249,0
-2.7829771,-0.24344292,0.062891722,-0.9485395,0.27037761,-0.16482985,0
2.0478601,-2.1656246,0.065515518,0.9485395,-0.27037761,0.16482985,0
-2.7617793,-0.68256682,-0.76668334,-0.9485395,0.27037761,-0.16482985,0
-0.81770158,-1.1271188,-2.5323935,-0.084745646,-0.71829087,-0.69056249,0
-1.4565734,0.5516898,1.1692684,-0.30510837,-0.64105725,0.70424056,0
2.6305108,-0.45666957,0.40357423,0.9485395,-0.27037761,0.16482985,0
-1.870012,1.2431148,1.6019732,-0.30510837,-0.64105725,0.70424056,0
-1.4387133,-1.691588,-0.86874092,-0.30510837,-0.64105725,0.70424056,0
-0.75474238,-2.0286582,-1.3232455,-0.084745646,-0.71829087,-0.69056249,0
0.88031769,0.36720836,-0.5692693,0.30510837,0.64105725,-0.70424056,0
2.3083346,-1.4611081,-1.6176243,0.9485395,-0.27037761,0.16482985,0
1.6781893,-2.4351687,-0.0054372549,-0.30510837,-0.64105725,0.70424056,0
2.4509332,-1.251479,-0.85894918,0.9485395,-0.27037761,0.16482985,0
-2.3206072,1.3296149,-0.41936612,-0.9485395,0.27037761,-0.16482985,0
2.6019933,-0.44542098,0.48404908,0.9485395,-0.27037761,0.16482985,0
-1.5663954,3.0213463,0.76440567,0.084745646,0.71829087,0.69056249,0
-1.0960631,2.8061762,0.60240698,0.30510837,0.64105725,-0.70424056,0
1.5293329,-0.64872235,-1.2191465,0.30510837,0.64105725,-0.70424056,0
-2.1425931,1.5955648,0.39176559,-0.9485395,0.27037761,-0.16482985,0
-0.75947356,2.0073299,1.5210879,0.084745646,0.71829087,0.69056249,0
-0.014126658,1.2443628,-0.19859785,0.30510837,0.64105725,-0.70424056,0
-2.3720758,-0.51940727,-2.5396385,-0.9485395,0.27037761,-0.16482985,0
0.69237828,-2.8038273,-0.67012566,-0.084745646,-0.71829087,-0.69056249,0
2.5968471,0.88562596,1.3190861,0.9485395,-0.27037761,0.16482985,0
1.4165605,-1.5594003,-2.1376612,0.30510837,0.64105725,-0.70424056,0
-0.56353557,2.1149571,1.2388971,0.084745646,0.71829087,0.69056249,0
-2.464572,-0.40188468,-1.964426,-0.9485395,0.27037761,-0.16482985,0
-0.39165926,1.9668355,1.8656152,0.084745646,0.71829087,0.69056249,0
-2.2142754,1.7174251,1.0876492,-0.9485395,0.27037761,-0.16482985,0
1.8266904,2.0331447,1.4443709,0.084745646,0.71829087,0.69056249,0
1.7007232,2.1498394,1.3075696,0.084745646,0.71829087,0.69056249,0
2.5649343,0.97414935,1.3294909,0.9485395,-0.27037761,0.16482985,0
1.5718641,2.1197724,1.3947941,0.084745646,0.71829087,0.69056249,0
0.95539641,-0.2042675,1.726742,-0.30510837,-0.64105725,0.70424056,0
0.91468281,-1.6084135,0.54930842,-0.30510837,-0.64105725,0.70424056,0
-2.0317056,1.2433529,-0.65486193,-0.9485395,0.27037761,-0.16482985,0
-2.1721005,1.6615701,-0.19336343,-0.9485395,0.27037761,-0.16482985,0
-2.7802367,-0.74993241,-1.4745378,-0.9485395,0.27037761,-0.16482985,0
0.67852974,-2.6210117,-1.2173157,-0.084745646,-0.71829087,-0.69056249,0
-0.18150204,-0.15287179,0.94089681,-0.30510837,-0.64105725,0.70424056,0
-1.5239253,-1.4080447,-2.0186806,-0.084745646,-0.71829087,-0.69056249,0
-2.3901479,0.61623514,0.60259175,-0.9485395,0.27037761,-0.16482985,0
-2.2791383,1.5987866,1.7801156,-0.9485395,0.27037761,-0.16482985,0
-1.1170511,-1.0749967,-2.3997641,-0.084745646,-0.71829087,-0.69056249,0
2.5108552,0.54589015,0.28559113,0.30510837,0.64105725,-0.70424056,0
-0.38820386,2.5181353,1.2918656,0.084745646,0.71829087,0.69056249,0
0.85664773,-2.0889122,-1.4769013,-0.084745646,-0.71829087,-0.69056249,0
2.5432239,0.82846594,1.1120627,0.9485395,-0.27037761,0.16482985,0
2.3537049,-1.2631067,-1.5783861,0.30510837,0.64105725,-0.70424056,0
-2.4975247,-0.96091014,-1.7169912,-0.9485395,0.27037761,-0.16482985,0
1.1597141,1.8120545,0.56853855,0.30510837,0.64105725,-0.70424056,0
-0.33393049,-0.17648947,-1.9287865,0.30510837,0.64105725,-0.70424056,0
0.48349357,1.5251411,2.1551659,0.084745646,0.71829087,0.69056249,0
-1.6829922,-1.1001718,-2.019773,-0.084745646,-0.71829087,-0.69056249,0
1.5031724,-0.42867887,1.4944322,-0.30510837,-0.64105725,0.70424056,0
2.1516485,1.3522142,0.89539123,0.30510837,0.64105725,-0.70424056,0
2.8357866,0.75542068,0.63789964,0.9485395,-0.27037761,0.16482985,0
-1.9901531,1.4802964,1.7601444,-0.30510837,-0.64105725,0.70424056,0
1.410774,1.8450451,1.4901577,0.084745646,0.71829087,0.69056249,0
-2.0394831,0.96344721,-1.2497368,-0.9485395,0.27037761,-0.16482985,0
-2.1958878,0.98181462,-0.12571239,-0.9485395,0.27037761,-0.16482985,0
2.4021776,-0.36908478,0.62921762,0.9485395,-0.27037761,0.16482985,0
-1.167752,-2.3933692,-1.1166066,-0.30510837,-0.64105725,0.70424056,0
1.7676661,-2.3404889,-1.6698277,-0.084745646,-0.71829087,-0.69056249,0
1.7226264,-2.9522114,-0.26773119,-0.30510837,-0.64105725,0.70424056,0
-1.294031,3.0476918,0.62365597,0.084745646,0.71829087,0.69056249,0
-2.3343329,0.35766983,-1.7390499,-0.9485395,0.27037761,-0.16482985,0
-1.342984,0.11610168,0.8019191,-0.30510837,-0.64105725,0.70424056,0
-2.6251249,-1.6797006,-1.0125992,-0.30510837,-0.64105725,0.70424056,0
-2.5007737,-1.3906615,-1.9483552,-0.084745646,-0.71829087,-0.69056249,0
2.3289452,-1.3382391,0.58938098,0.9485395,-0.27037761,0.16482985,0
-2.608752,-0.50510353,-0.47766829,-0.9485395,0.27037761,-0.16482985,0
2.1018109,-0.51825488,1.1115608,0.9485395,-0.27037761,0.16482985,0
-2.0513949,1.8879765,1.7538526,0.084745646,0.71829087,0.69056249,0
0.30741084,0.50432038,-1.0071574,0.30510837,0.64105725,-0.70424056,0
0.55152678,2.1407452,1.3348606,0.084745646,0.71829087,0.69056249,0
1.6968956,-1.1931022,-1.6610461,0.30510837,0.64105725,-0.70424056,0
0.59726328,0.042556047,1.7421165,-0.30510837,-0.64105725,0.70424056,0
-2.3977389,1.2284021,0.37090802,-0.9485395,0.27037761,-0.16482985,0
2.4593747,-1.7033343,-1.3933643,0.9485395,-0.27037761,0.16482985,0
-2.4707756,1.3932135,0.59797168,-0.9485395,0.27037761,-0.16482985,0
2.3785179,-0.169837,1.4984739,0.9485395,-0.27037761,0.16482985,0
-0.66012597,-1.6398957,-1.9863348,-0.084745646,-0.71829087,-0.69056249,0
-2.2422116,2.0446997,0.84486091,-0.9485395,0.27037761,-0.16482985,0
0.46848035,1.9639823,1.7163854,0.084745646,0.71829087,0.69056249,0
0.66574425,-0.94027901,0.85021728,-0.30510837,-0.64105725,0.70424056,0
-2.6268885,-0.60994011,-2.2293508,-0.9485395,0.27037761,-0.16482985,0
-2.3783722,-0.97315997,-2.1856806,-0.9485395,0.27037761,-0.16482985,0
1.3235365,0.52187693,-0.18031013,0.30510837,0.64105725,-0.70424056,0
1.2985318,-2.1770828,-0.28235781,-0.30510837,-0.64105725,0.70424056,0
-2.4572828,0.19646569,-0.10103226,-0.9485395,0.27037761,-0.16482985,0
-2.1945951,1.2691892,-0.91944146,-0.9485395,0.27037761,-0.16482985,0
-0.29031014,2.5246882,1.0322015,0.084745646,0.71829087,0.69056249,0
-1.43009,1.2251178,-0.8115344,0.30510837,0.64105725,-0.70424056,0
-2.4888802,0.21425447,-0.56149602,-0.9485395,0.27037761,-0.16482985,0
-2.0682788,1.6452516,-0.89472365,-0.9485395,0.27037761,-0.16482985,0
1.7131211,0.63652921,2.5739594,-0.30510837,-0.64105725,0.70424056,0
-2.4098818,1.4446683,-0.074699402,-0.9485395,0.27037761,-0.16482985,0
2.6055307,-0.51549149,0.30055904,0.9485395,-0.27037761,0.16482985,0
-0.75733685,-0.87241411,-2.4412932,0.30510837,0.64105725,-0.70424056,0
2.1010952,-1.7922722,0.61222982,-0.30510837,-0.64105725,0.70424056,0
1.0223608,-1.8056993,-1.7576742,-0.084745646,-0.71829087,-0.69056249,0
2.1542969,-0.5295285,1.5235014,0.9485395,-0.27037761,0.16482985,0
1.8843479,1.0951626,2.4018817,0.084745646,0.71829087,0.69056249,0
-0.013319969,-2.2287352,-0.3958227,-0.30510837,-0.64105725,0.70424056,0
-0.67830259,1.198128,-0.38816422,0.30510837,0.64105725,-0.70424056,0
0.83970332,2.3807364,1.2731223,0.084745646,0.71829087,0.69056249,0
0.92393756,-2.8234124,-0.73252106,-0.084745646,-0.71829087,-0.69056249,0
-0.61850643,1.8060027,2.0098777,0.084745646,0.71829087,0.69056249,0
2.3355415,1.8006362,1.7017651,0.084745646,0.71829087,0.69056249,0
0.47307634,-2.5878074,-1.234206,-0.084745646,-0.71829087,-0.69056249,0
2.5093737,0.42630929,0.9066205,0.9485395,-0.27037761,0.16482985,0
-1.2019699,-2.1003129,-1.2483535,-0.084745646,-0.71829087,-0.69056249,0
2.0050216,0.70324522,0.11783028,0.30510837,0.64105725,-0.70424056,0
-2.0220351,2.1950755,0.20435786,-0.9485395,0.27037761,-0.16482985,0
2.4391997,-0.28908402,0.10986614,0.9485395,-0.27037761,0.16482985,0
-2.0179858,1.6001279,-0.63851786,-0.9485395,0.27037761,-0.16482985,0
0.76820672,-1.5158862,-2.1394906,-0.084745646,-0.71829087,-0.69056249,0
2.2880044,-1.2688113,-1.8640697,0.30510837,0.64105725,-0.70424056,0
-1.3573127,-1.0139947,-2.2835884,-0.084745646,-0.71829087,-0.69056249,0
-0.89056444,-1.7494466,-1.4149721,-0.084745646,-0.71829087,-0.69056249,0
0.99158502,2.1489825,1.1177524,0.084745646,0.71829087,0.69056249,0
1.0000181,2.167078,1.2661823,0.084745646,0.71829087,0.69056249,0
-2.7273636,0.15019174,-0.035696507,-0.9485395,0.27037761,-0.16482985,0
-2.1678481,0.54615641,-1.9625354,-0.9485395,0.27037761,-0.16482985,0
-2.4356284,-0.038213849,-1.4725866,-0.9485395,0.27037761,-0.16482985,0
-2.6689434,0.31360081,-0.3853507,-0.9485395,0.27037761,-0.16482985,0
2.6071045,0.18386449,0.18370819,0.9485395,-0.27037761,0.16482985,0
1.9732475,1.9233382,1.0097053,0.30510837,0.64105725,-0.70424056,0
-0.094401121,-1.1269374,-2.4518063,0.30510837,0.64105725,-0.70424056,0
2.7162414,0.30854163,0.97486615,0.9485395,-0.27037761,0.16482985,0
2.0022721,-1.7453976,-0.29995012,0.9485395,-0.27037761,0.16482985,0
2.5888107,-0.049671233,0.79389119,0.9485395,-0.27037761,0.16482985,0
-2.4010489,-0.40823472,-1.9018934,-0.9485395,0.27037761,-0.16482985,0
-0.121521,-1.9812994,-1.3702116,-0.084745646,-0.71829087,-0.69056249,0
2.6187637,1.4972079,1.9091206,0.9485395,-0.27037761,0.16482985,0
-2.0560615,1.7777486,0.73808014,-0.9485395,0.27037761,-0.16482985,0
-2.0279,1.7057285,0.33025169,-0.9485395,0.27037761,-0.16482985,0
-2.5608137,1.7515972,1.8608396,-0.9485395,0.27037761,-0.16482985,0
-2.5306706,0.62830317,-0.67018962,-0.9485395,0.27037761,-0.16482985,0
-2.0878603,2.3549776,1.2700287,0.084745646,0.71829087,0.69056249,0
-2.5815637,-0.75064683,-0.62924528,-0.9485395,0.27037761,-0.16482985,0
0.7423445,0.78898418,-0.33362201,0.30510837,0.64105725,-0.70424056,0
-1.7823429,-2.1243629,-1.1991397,-0.084745646,-0.71829087,-0.69056249,0
1.6054652,-0.84095573,-1.5759369,0.30510837,0.64105725,-0.70424056,0
-0.19914007,-2.41991,-1.1177433,-0.084745646,-0.71829087,-0.69056249,0
-0.70825982,2.6650407,1.1117971,0.084745646,0.71829087,0.69056249,0
-1.5433581,-1.4545965,-2.0411725,-0.084745646,-0.71829087,-0.69056249,0
1.1513141,0.51744318,-0.71078438,0.30510837,0.64105725,-0.70424056,0
-1.1758339,1.5530269,-0.26212931,0.30510837,0.64105725,-0.70424056,0
2.579457,-0.13363129,-0.43896699,0.9485395,-0.27037761,0.16482985,0
-2.4747221,0.48333889,0.60811841,-0.9485395,0.27037761,-0.16482985,0
-0.33449721,-0.76260537,-2.172915,0.30510837,0.64105725,-0.70424056,0
-1.757056,2.585845,0.18698764,-0.9485395,0.27037761,-0.16482985,0
0.52260494,0.5512979,1.9286129,-0.30510837,-0.64105725,0.70424056,0
-1.8671472,-0.44944549,-2.6875696,-0.084745646,-0.71829087,-0.69056249,0
0.76917332,-0.038007259,-1.0312736,0.30510837,0.64105725,-0.70424056,0
-1.8223372,2.88731,0.29454792,0.30510837,0.64105725,-0.70424056,0
-1.3905314,-1.6412511,-0.49916387,-0.30510837,-0.64105725,0.70424056,0
-2.2075357,-0.032581568,-1.9242265,-0.9485395,0.27037761,-0.16482985,0
1.1152272,1.1599201,2.1295226,0.084745646,0.71829087,0.69056249,0
0.90747249,-1.0778166,0.71591568,-0.30510837,-0.64105725,0.70424056,0
-1.6607633,2.7595034,1.1282885,0.084745646,0.71829087,0.69056249,0
1.3618528,-2.7555511,-0.95676643,-0.084745646,-0.71829087,-0.69056249,0
-0.43604636,2.5984318,0.83936226,0.084745646,0.71829087,0.69056249,0
2.6408327,0.35818058,-0.12319016,0.30510837,0.64105725,-0.70424056,0
0.99050671,-0.97446764,-2.0931275,0.30510837,0.64105725,-0.70424056,0
-1.2542305,1.5582116,-0.5240078,0.30510837,0.64105725,-0.70424056,0
2.6019206,-0.059204102,0.85720944,0.9485395,-0.27037761,0.16482985,0
1.6262847,0.18627667,-0.69223696,0.30510837,0.64105725,-0.70424056,0
2.7162757,0.77313381,1.0403824,0.9485395,-0.27037761,0.16482985,0
1.1205591,1.1172184,0.030234575,0.30510837,0.64105725,-0.70424056,0
-1.0132014,1.5740391,-0.56889665,0.30510837,0.64105725,-0.70424056,0
-0.72533333,1.3487363,-0.45552486,0.30510837,0.64105725,-0.70424056,0
2.5062432,-1.15602,-0.91241264,0.9485395,-0.27037761,0.16482985,0
-2.4525123,-0.52246624,-0.95892382,-0.9485395,0.27037761,-0.16482985,0
-0.26194656,-1.7583644,-0.54322195,-0.30510837,-0.64105725,0.70424056,0
0.90855646,-2.9139118,-0.98947495,-0.084745646,-0.71829087,-0.69056249,0
-1.9761798,-1.4535427,-0.76714516,-0.30510837,-0.64105725,0.70424056,0
1.5065768,-0.36378169,1.6096461,-0.30510837,-0.64105725,0.70424056,0
0.66805482,-1.6185468,-2.2440162,-0.084745646,-0.71829087,-0.69056249,0
2.0517747,-2.1073606,-1.6459329,-0.084745646,-0.71829087,-0.69056249,0
-2.0522456,2.1193256,-0.3255837,-0.9485395,0.27037761,-0.16482985,0
-0.0386374,1.5613834,1.8370998,0.084745646,0.71829087,0.69056249,0
0.67679501,-1.7425078,-1.7916377,-0.084745646,-0.71829087,-0.69056249,0
-0.92155206,-0.39672613,0.59669548,-0.30510837,-0.64105725,0.70424056,0
-1.9049597,2.40468,1.2258312,0.084745646,0.71829087,0.69056249,0
2.5515213,0.74413341,1.4140577,0.9485395,-0.27037761,0.16482985,0
0.782242,-1.0911921,0.6847623,-0.30510837,-0.64105725,0.70424056,0
0.61212301,-1.2488769,0.76823717,-0.30510837,-0.64105725,0.70424056,0
1.8498687,-2.9524031,-0.93707973,-0.084745646,-0.71829087,-0.69056249,0
-2.7829962,-1.1167866,-1.2981081,-0.9485395,0.27037761,-0.16482985,0
-2.4625173,0.36764285,-0.078526974,-0.9485395,0.27037761,-0.16482985,0
-1.9157856,-0.54885614,-2.9046836,-0.084745646,-0.71829087,-0.69056249,0
-2.0355566,-1.3901248,-2.1313188,-0.084745646,-0.71829087,-0.69056249,0
-2.4844546,1.8294656,1.1889161,-0.9485395,0.27037761,-0.16482985,0
-1.5566406,0.37897265,1.1924071,-0.30510837,-0.64105725,0.70424056,0
-1.7210499,-0.81053239,-2.2815285,-0.084745646,-0.71829087,-0.69056249,0
1.4003725,1.8694868,1.6054325,0.084745646,0.71829087,0.69056249,0
-1.7628577,2.2718623,1.479888,0.084745646,0.71829087,0.69056249,0
-2.9131761,-1.0601106,-1.042959,-0.9485395,0.27037761,-0.16482985,0
1.9117103,1.7726443,1.1261106,0.30510837,0.64105725,-0.70424056,0
-2.38205,-0.46103108,-2.6152596,0.30510837,0.64105725,-0.70424056,0
1.0870337,-1.9286528,-1.6772039,-0.084745646,-0.71829087,-0.69056249,0
-1.8091981,0.44679666,1.1972637,-0.30510837,-0.64105725,0.70424056,0
2.8468342,1.4761752,1.6396875,0.9485395,-0.27037761,0.16482985,0
0.92420959,1.4639547,1.9329293,0.084745646,0.71829087,0.69056249,0
1.9996744,0.018311262,2.5501578,-0.30510837,-0.64105725,0.70424056,0
0.76329613,0.80373436,2.4296296,-0.30510837,-0.64105725,0.70424056,0
1.4759957,1.0164782,0.41873348,0.30510837,0.64105725,-0.70424056,0
1.945049,-1.2642615,0.88925171,-0.30510837,-0.64105725,0.70424056,0
2.3139708,-0.75806516,0.14018869,0.9485395,-0.27037761,0.16482985,0
1.9977784,-1.4527715,0.69123125,0.9485395,-0.27037761,0.16482985,0
-0.82266504,1.7304994,0.019378424,0.30510837,0.64105725,-0.70424056,0
2.3494191,-1.413345,-0.4738133,0.9485395,-0.27037761,0.16482985,0
-2.3848398,0.23751873,0.61581838,-0.30510837,-0.64105725,0.70424056,0
-0.53344834,-0.7888006,-2.2554049,0.30510837,0.64105725,-0.70424056,0
0.91608262,-2.0219893,-1.4151206,-0.084745646,-0.71829087,-0.69056249,0
-0.34190488,0.65744811,1.7196637,-0.30510837,-0.64105725,0.70424056,0
1.8065474,1.7849607,1.6761879,0.084745646,0.71829087,0.69056249,0
1.5189099,-2.7663469,-1.0247033,-0.084745646,-0.71829087,-0.69056249,0
0.41301608,2.3867218,1.1649057,0.084745646,0.71829087,0.69056249,0
-1.6058865,-1.9567956,-1.27091,-0.30510837,-0.64105725,0.70424056,0
0.39314723,-2.6413236,-0.72930324,-0.30510837,-0.64105725,0.70424056,0
-2.488651,0.20178731,0.056036711,-0.9485395,0.27037761,-0.16482985,0
-2.7394328,0.43705553,0.32363725,-0.9485395,0.27037761,-0.16482985,0
-2.6356335,-1.2544768,-1.024298,-0.30510837,-0.64105725,0.70424056,0
-0.32345134,1.4003274,-0.17538673,0.30510837,0.64105725,-0.70424056,0
-0.79470396,2.4455326,1.3894459,0.084745646,0.71829087,0.69056249,0
-2.5392473,1.4641893,1.5433413,-0.9485395,0.27037761,-0.16482985,0
-1.9799889,1.4845072,-0.51800895,-0.9485395,0.27037761,-0.16482985,0
2.9256692,1.4258837,1.3211775,0.9485395,-0.27037761,0.16482985,0
0.13355625,0.083274603,-1.3800999,0.30510837,0.64105725,-0.70424056,0
0.33846045,2.0182207,0.44313291,0.30510837,0.64105725,-0.70424056,0
1.5386341,0.76415247,2.5976868,0.084745646,0.71829087,0.69056249,0
-2.2060664,2.0193462,1.0545419,-0.9485395,0.27037761,-0.16482985,0
-0.069163114,-0.46743548,1.2237191,-0.30510837,-0.64105725,0.70424056,0
-1.2097158,2.6871698,1.1433551,0.084745646,0.71829087,0.69056249,0
-2.3531475,0.96968341,-0.38252306,-0.9485395,0.27037761,-0.16482985,0
0.10415697,0.97034574,-0.74866039,0.30510837,0.64105725,-0.70424056,0
1.5541054,-2.0357785,-1.9229881,-0.084745646,-0.71829087,-0.69056249,0
2.3853521,-1.9977243,-1.33722,0.9485395,-0.27037761,0.16482985,0
0.3026588,1.0223988,2.3154633,-0.30510837,-0.64105725,0.70424056,0
-2.7351513,-0.34132558,-0.36310339,-0.9485395,0.27037761,-0.16482985,0
2.6639695,-1.0431895,-1.1036352,0.9485395,-0.27037761,0.16482985,0
-0.04542318,-0.43946648,0.89523011,-0.30510837,-0.64105725,0.70424056,0
-1.2458608,2.1973572,1.7545694,0.084745646,0.71829087,0.69056249,0
1.5239362,-2.1334815,-1.7415174,-0.084745646,-0.71829087,-0.69056249,0
2.67523,0.81907314,0.65891886,0.9485395,-0.27037761,0.16482985,0
-2.406997,-0.12960154,-1.4198287,-0.9485395,0.27037761,-0.16482985,0
-1.1786773,2.7984576,0.77959067,0.30510837,0.64105725,-0.70424056,0
-2.4394588,0.38514268,0.19605637,-0.9485395,0.27037761,-0.16482985,0
-1.0720198,-2.1007061,-1.2832121,-0.084745646,-0.71829087,-0.69056249,0
1.6411271,0.82061857,2.3572116,0.084745646,0.71829087,0.69056249,0
-0.54280066,-1.6559609,-2.1100259,-0.084745646,-0.71829087,-0.69056249,0
-1.7522275,2.3792665,0.041272283,0.30510837,0.64105725,-0.70424056,0
1.4474714,-1.020189,-1.9779058,0.30510837,0.64105725,-0.70424056,0
-0.10747099,2.1228848,1.6388935,0.084745646,0.71829087,0.69056249,0
-2.8203459,-0.35374925,-0.14425206,-0.9485395,0.27037761,-0.16482985,0
2.0809228,1.9233373,0.97001767,0.30510837,0.64105725,-0.70424056,0
-0.17557311,1.9082117,1.751736,0.084745646,0.71829087,0.69056249,0
2.3217225,1.5430491,1.8574448,0.084745646,0.71829087,0.69056249,0
0.49655771,2.2945037,1.0994949,0.084745646,0.71829087,0.69056249,0
-2.5310926,0.97456819,1.0406072,-0.9485395,0.27037761,-0.16482985,0
-2.3604178,1.3551085,0.4525094,-0.9485395,0.27037761,-0.16482985,0
2.4322956,1.6293513,1.4551435,0.084745646,0.71829087,0.69056249,0
-2.2609625,1.1194996,-0.85618234,-0.9485395,0.27037761,-0.16482985,0
-1.3282328,-0.19104266,-2.193409,0.30510837,0.64105725,-0.70424056,0
1.1089292,2.0430322,1.610655,0.084745646,0.71829087,0.69056249,0
-2.5092115,-0.87074727,-0.4321022,-0.30510837,-0.64105725,0.70424056,0
2.1749802,-2.0153027,-0.051116467,0.9485395,-0.27037761,0.16482985,0
-1.1862357,2.0509608,1.5308392,0.084745646,0.71829087,0.69056249,0
-0.23984146,-2.1252596,-0.52072543,-0.30510837,-0.64105725,0.70424056,0
1.6897975,-0.88688695,-1.3072984,0.30510837,0.64105725,-0.70424056,0
-2.1247001,1.7087059,-0.50868344,-0.9485395,0.27037761,-0.16482985,0
-2.3647158,2.0377693,0.72881007,-0.9485395,0.27037761,-0.16482985,0
0.18877459,-1.7103456,-2.0139186,-0.084745646,-0.71829087,-0.69056249,0
-2.1632233,1.3084567,-1.0161188,-0.9485395,0.27037761,-0.16482985,0
0.35095358,-1.4716645,-2.3206201,-0.084745646,-0.71829087,-0.69056249,0
-0.70536339,1.1402125,2.0718672,-0.30510837,-0.64105725,0.70424056,0
2.8265088,0.496034,0.69970679,0.9485395,-0.27037761,0.16482985,0
0.49684644,2.2744474,1.0159835,0.30510837,0.64105725,-0.70424056,0
2.5523572,1.2404002,1.0259812,0.30510837,0.64105725,-0.70424056,0
-2.5612783,0.17364359,-0.20858526,-0.9485395,0.27037761,-0.16482985,0
-0.52221894,1.7986898,1.5746292,0.084745646,0.71829087,0.69056249,0
1.4835576,-0.2398504,-1.2665627,0.30510837,0.64105725,-0.70424056,0
-1.9399939,1.7027715,-0.14724255,-0.9485395,0.27037761,-0.16482985,0
2.5806553,-1.5570271,-1.128324,0.9485395,-0.27037761,0.16482985,0
0.055155039,1.7251794,-0.0029385649,0.30510837,0.64105725,-0.70424056,0
0.5099299,-1.7663223,-1.631824,-0.084745646,-0.71829087,-0.69056249,0
2.031291,-0.71081662,1.3698418,0.9485395,-0.27037761,0.16482985,0
2.1196067,1.6429486,1.3911219,0.084745646,0.71829087,0.69056249,0
2.6288588,0.49646658,0.38160014,0.9485395,-0.27037761,0.16482985,0
-1.2189318,2.9600244,0.53034639,0.084745646,0.71829087,0.69056249,0
-2.5658293,0.6081053,-0.35537863,-0.9485395,0.27037761,-0.16482985,0
1.1132264,-0.35411084,-1.4705727,0.30510837,0.64105725,-0.70424056,0
-2.3736784,0.38624322,-1.9332843,-0.9485395,0.27037761,-0.16482985,0
0.67447215,-1.8839557,0.23767126,-0.30510837,-0.64105725,0.70424056,0
2.2643209,1.1390759,0.83973718,0.30510837,0.64105725,-0.70424056,0
-1.2141938,-0.76788896,0.27476662,-0.30510837,-0.64105725,0.70424056,0
-2.2674375,-0.33243835,-2.0835068,-0.9485395,0.27037761,-0.16482985,0
2.4255373,-1.4538496,-1.8346004,0.9485395,-0.27037761,0.16482985,0
0.23442507,1.8341604,1.4393016,0.084745646,0.71829087,0.69056249,0
-0.1751821,0.17843795,-1.2770265,0.30510837,0.64105725,-0.70424056,0
-2.2071366,1.0407188,-1.3397541,-0.9485395,0.27037761,-0.16482985,0
-2.4652171,0.22555083,-0.68915558,-0.9485395,0.27037761,-0.16482985,0
0.7782259,2.2016115,1.0591314,0.084745646,0.71829087,0.69056249,0
-1.2012047,2.64293,1.2578087,0.084745646,0.71829087,0.69056249,0
-2.1691818,2.0186005,-0.045455933,-0.9485395,0.27037761,-0.16482985,0
0.089287043,-2.4131229,-1.2461286,-0.084745646,-0.71829087,-0.69056249,0
1.4793202,0.26971221,2.3877022,-0.30510837,-0.64105725,0.70424056,0
2.5841753,-0.14537621,0.80157614,0.9485395,-0.27037761,0.16482985,0
-2.647588,-0.38357738,-1.2229993,-0.9485395,0.27037761,-0.16482985,0
2.7007842,0.42171401,0.29691434,0.9485395,-0.27037761,0.16482985,0
2.8138509,0.95258081,1.6346388,0.9485395,-0.27037761,0.16482985,0
2.5313568,0.45555547,0.53876019,0.9485395,-0.27037761,0.16482985,0
2.3077283,-2.0717959,-1.3797441,0.9485395,-0.27037761,0.16482985,0
1.2293142,-2.2243981,-1.5003066,-0.084745646,-0.71829087,-0.69056249,0
2.1394737,-0.97289675,0.072957516,0.9485395,-0.27037761,0.16482985,0
1.9911039,1.5242323,1.9714293,0.084745646,0.71829087,0.69056249,0
2.6511245,0.5609628,0.68384862,0.9485395,-0.27037761,0.16482985,0
-2.3304486,0.60611552,-0.57401609,-0.9485395,0.27037761,-0.16482985,0
-1.8902144,-0.99424607,-2.1630795,-0.084745646,-0.71829087,-0.69056249,0
1.4269474,0.67386001,-0.036086321,0.30510837,0.64105725,-0.70424056,0
1.3131757,-0.52975237,-1.1239417,0.30510837,0.64105725,-0.70424056,0
2.1141376,-1.7450495,-1.7812784,-0.084745646,-0.71829087,-0.69056249,0
-1.5984778,-1.1439619,-0.43664372,-0.30510837,-0.64105725,0.70424056,0
2.3861241,0.24823248,1.5258331,0.9485395,-0.27037761,0.16482985,0
-2.7982261,-0.43250233,-0.23056507,-0.30510837,-0.64105725,0.70424056,0
0.39726365,-1.286538,-2.2144706,-0.084745646,-0.71829087,-0.69056249,0
-0.23089671,-1.7999139,-0.13783082,-0.30510837,-0.64105725,0.70424056,0
-2.265702,0.82002962,0.39105237,-0.9485395,0.27037761,-0.16482985,0
0.71798563,-2.7460909,-1.1407636,-0.084745646,-0.71829087,-0.69056249,0
0.8047899,-1.7244902,-1.996701,-0.084745646,-0.71829087,-0.69056249,0
-2.2862763,-1.4197133,-2.0532966,-0.084745646,-0.71829087,-0.69056249,0
-2.6456337,-0.99541062,-1.6635561,-0.9485395,0.27037761,-0.16482985,0
2.1322219,-1.3008759,1.0826406,0.9485395,-0.27037761,0.16482985,0
2.6943614,1.0748744,1.3197596,0.9485395,-0.27037761,0.16482985,0
-2.5268331,-0.54206032,-0.86828399,-0.9485395,0.27037761,-0.16482985,0
-1.0133021,0.18079054,-1.6468995,0.30510837,0.64105725,-0.70424056,0
-0.26398754,-2.0947294,-1.510344,-0.084745646,-0.71829087,-0.69056249,0
1.9023926,1.15597,2.3944354,0.084745646,0.71829087,0.69056249,0
-2.419651,0.76558918,1.0661342,-0.9485395,0.27037761,-0.16482985,0
-1.3427832,1.857726,2.0760188,0.084745646,0.71829087,0.69056249,0
2.1256018,-0.98575997,1.2685199,0.9485395,-0.27037761,0.16482985,0
1.5794144,0.61897266,-0.37697744,0.30510837,0.64105725,-0.70424056,0
-2.1281371,1.3548007,-0.25211501,-0.9485395,0.27037761,-0.16482985,0
-0.24042726,-1.1489823,-2.4079137,0.30510837,0.64105725,-0.70424056,0
2.7393827,1.1416365,1.2401078,0.9485395,-0.27037761,0.16482985,0
-2.7171562,-0.30750984,0.00091743469,-0.9485395,0.27037761,-0.16482985,0
2.322746,-0.70791888,1.6360576,0.9485395,-0.27037761,0.16482985,0
0.15065956,-1.2552114,-2.1512339,-0.084745646,-0.71829087,-0.69056249,0
-1.9386542,2.3372676,1.6709516,0.084745646,0.71829087,0.69056249,0
-1.4397579,1.619684,2.047327,0.084745646,0.71829087,0.69056249,0
-0.14408088,2.4359715,0.82767671,0.30510837,0.64105725,-0.70424056,0
-1.0408545,-1.8675056,-1.5723407,-0.084745646,-0.71829087,-0.69056249,0
2.728662,1.3983781,1.9594514,0.9485395,-0.27037761,0.16482985,0
2.5297499,-1.1023114,-0.8909359,0.9485395,-0.27037761,0.16482985,0
1.2081343,1.4597313,0.60376823,0.30510837,0.64105725,-0.70424056,0
-1.1918887,-0.28751111,-2.4636338,0.30510837,0.64105725,-0.70424056,0
1.6127665,0.016514361,-0.89942396,0.30510837,0.64105725,-0.70424056,0
0.48951387,1.1289148,2.2586286,0.084745646,0.71829087,0.69056249,0
0.65678561,-2.2222891,-0.16443914,-0.30510837,-0.64105725,0.70424056,0
-2.0809431,1.082592,-0.3736124,-0.9485395,0.27037761,-0.16482985,0
-2.4454958,0.4581567,0.79433548,-0.9485395,0.27037761,-0.16482985,0
-2.3316305,2.4050393,1.4370496,-0.9485395,0.27037761,-0.16482985,0
-2.4084902,0.40612343,-0.53394628,-0.9485395,0.27037761,-0.16482985,0
0.79175657,-0.6295929,1.2555759,-0.30510837,-0.64105725,0.70424056,0
-2.1184552,1.8847865,0.52865076,-0.9485395,0.27037761,-0.16482985,0
-1.1924181,-1.7590115,-1.4638467,-0.084745646,-0.71829087,-0.69056249,0
1.0302464,0.34289825,2.0388601,-0.30510837,-0.64105725,0.70424056,0
-2.6742764,-0.86008948,-0.50935769,-0.9485395,0.27037761,-0.16482985,0
2.5428936,0.54398066,2.1112278,0.9485395,-0.27037761,0.16482985,0
-2.5184631,-0.24784052,-1.2788172,-0.9485395,0.27037761,-0.16482985,0
2.6330452,1.1292052,1.6452019,0.9485395,-0.27037761,0.16482985,0
-0.92259359,2.3294168,1.5244079,0.084745646,0.71829087,0.69056249,0
-0.9108696,-0.86077315,-2.6456466,-0.084745646,-0.71829087,-0.69056249,0
0.62861586,2.3760343,0.7872563,0.30510837,0.64105725,-0.70424056,0
2.495399,0.87415123,1.0276194,0.9485395,-0.27037761,0.16482985,0
2.600873,-1.2054811,-1.2886378,0.9485395,-0.27037761,0.16482985,0
