2.6028969,-0.70623529,1.514746,0.79809076,-0.43964329,0.41202539,0
1.205653,-0.79141748,-0.57136446,0.28497273,-0.32708716,-0.90100205,0
0.56964326,1.8540349,-0.2511701,0.53088772,0.83649737,-0.13575888,0
1.7290583,1.664257,0.86265564,0.53088772,0.83649737,-0.13575888,0
-1.7443862,2.2323387,-1.5229211,-0.79809076,0.43964329,-0.41202539,0
0.45135617,-2.4343374,0.73267251,-0.53088772,-0.83649737,0.13575888,0
-0.079294443,-0.7945559,-0.85224366,0.28497273,-0.32708716,-0.90100205,0
-2.6911023,0.83658218,-1.6277312,-0.79809076,0.43964329,-0.41202539,0
-2.751174,-0.73980719,-0.83622479,-0.53088772,-0.83649737,0.13575888,0
0.15609694,-2.3450851,1.687587,-0.53088772,-0.83649737,0.13575888,0
1.5240824,-0.086068943,1.5563937,-0.28497273,0.32708716,0.90100205,0
-1.9723203,1.2035873,-2.2176981,-0.79809076,0.43964329,-0.41202539,0
-1.8568275,0.067411497,-1.8724635,0.28497273,-0.32708716,-0.90100205,0
-1.7020056,0.18517122,-1.5018201,0.28497273,-0.32708716,-0.90100205,0
3.3504641,-0.48900056,0.18240619,0.79809076,-0.43964329,0.41202539,0
3.1776762,-0.50299633,0.56078935,0.79809076,-0.43964329,0.41202539,0
1.7359155,-0.53298891,2.0344126,-0.28497273,0.32708716,0.90100205,0
0.47738457,2.3303521,0.27107024,0.53088772,0.83649737,-0.13575888,0
-1.9087105,1.3351547,-1.7809668,-0.79809076,0.43964329,-0.41202539,0
-0.96876049,2.7621553,-1.7712225,0.53088772,0.83649737,-0.13575888,0
-2.2971292,-1.0043218,-0.030153394,-0.53088772,-0.83649737,0.13575888,0
-3.5417943,0.018069029,-0.47747803,-0.53088772,-0.83649737,0.13575888,0
-2.5152555,-0.80564785,-0.94568408,-0.53088772,-0.83649737,0.13575888,0
-0.41652369,2.6245949,-0.66154581,0.53088772,0.83649737,-0.13575888,0
-2.1299882,0.2887972,-1.707219,0.28497273,-0.32708716,-0.90100205,0
0.26886952,1.9195251,-1.5447903,0.53088772,0.83649737,-0.13575888,0
1.9477755,-1.5075185,2.1151783,0.79809076,-0.43964329,0.41202539,0
0.32400846,2.1167521,-0.58238262,0.53088772,0.83649737,-0.13575888,0
0.5417881,1.6620451,0.70206505,-0.28497273,0.32708716,0.90100205,0
-2.9273443,0.64350414,-0.99887252,-0.79809076,0.43964329,-0.41202539,0
-1.8736454,2.0041201,-1.1417315,-0.79809076,0.43964329,-0.41202539,0
-1.5595138,2.8331285,-1.5272057,-0.79809076,0.43964329,-0.41202539,0
1.7288131,1.4534469,-0.03273654,0.53088772,0.83649737,-0.13575888,0
-1.6513352,-1.4267253,0.2333622,-0.53088772,-0.83649737,0.13575888,0
1.147846,1.4346154,-0.71632409,0.53088772,0.83649737,-0.13575888,0
0.54463387,-2.5869062,0.89265221,-0.53088772,-0.83649737,0.13575888,0
0.55057406,-2.8454759,0.57347339,-0.53088772,-0.83649737,0.13575888,0
-2.3168647,0.75177097,-1.6825663,-0.79809076,0.43964329,-0.41202539,0
-2.2738419,-1.1451371,-1.4962003,-0.53088772,-0.83649737,0.13575888,0
1.6692924,1.3297453,0.66448891,0.53088772,0.83649737,-0.13575888,0
2.7933149,0.94686925,1.6385256,-0.28497273,0.32708716,0.90100205,0
-1.6888583,-1.5296276,-1.0005331,-0.53088772,-0.83649737,0.13575888,0
-3.197073,-0.25639629,-1.4384871,-0.79809076,0.43964329,-0.41202539,0
0.59769154,1.8961987,-0.78362757,0.53088772,0.83649737,-0.13575888,0
-0.41258159,0.97976118,-1.4049511,0.28497273,-0.32708716,-0.90100205,0
2.7754426,-0.36980349,1.7405879,0.79809076,-0.43964329,0.41202539,0
1.911406,0.85035992,-0.88321579,0.28497273,-0.32708716,-0.90100205,0
2.5017977,-0.78293169,1.1683054,0.79809076,-0.43964329,0.41202539,0
1.5537465,0.24083893,1.4173118,-0.28497273,0.32708716,0.90100205,0
-1.0128926,2.3241925,0.046285748,-0.28497273,0.32708716,0.90100205,0
-2.8713374,0.34317911,-1.0020502,-0.79809076,0.43964329,-0.41202539,0
3.5436313,-0.18607426,0.28905845,0.79809076,-0.43964329,0.41202539,0
1.8860686,-2.8009834,0.6948669,0.28497273,-0.32708716,-0.90100205,0
-2.669338,-1.0054973,-0.88366759,-0.53088772,-0.83649737,0.13575888,0
-3.4444304,-0.63701141,-1.3938725,-0.53088772,-0.83649737,0.13575888,0
-3.2918525,-0.70509583,-1.6735439,-0.53088772,-0.83649737,0.13575888,0
-0.95106208,1.7249434,0.19493186,-0.28497273,0.32708716,0.90100205,0
-0.7189678,-1.5324042,1.3123553,-0.53088772,-0.83649737,0.13575888,0
-0.42434788,1.7791092,0.51437587,-0.28497273,0.32708716,0.90100205,0
2.5494361,0.51338995,-0.15406585,0.53088772,0.83649737,-0.13575888,0
0.99122477,-2.8776534,0.27102721,-0.53088772,-0.83649737,0.13575888,0
-1.9688725,1.5053773,-2.0623446,-0.79809076,0.43964329,-0.41202539,0
-1.5778729,2.7923825,-1.1740477,-0.79809076,0.43964329,-0.41202539,0
-1.4466053,2.1301653,-1.8214853,-0.79809076,0.43964329,-0.41202539,0
2.9424331,-0.63685811,0.83515859,0.79809076,-0.43964329,0.41202539,0
2.1920128,-1.2691928,1.2903546,0.79809076,-0.43964329,0.41202539,0
0.53894448,0.47841573,-1.3024194,0.28497273,-0.32708716,-0.90100205,0
2.7354996,-0.5984813,1.3926183,0.79809076,-0.43964329,0.41202539,0
-0.13958645,-1.7988263,1.56423,-0.28497273,0.32708716,0.90100205,0
-3.1536255,0.6140064,-0.55741453,-0.79809076,0.43964329,-0.41202539,0
3.5276077,-0.28190517,0.050921679,0.28497273,-0.32708716,-0.90100205,0
1.744408,-1.9536917,2.2593594,0.79809076,-0.43964329,0.41202539,0
1.5641035,-2.229594,1.8910666,0.79809076,-0.43964329,0.41202539,0
1.981041,-1.7110109,1.3904371,0.79809076,-0.43964329,0.41202539,0
-1.1943157,3.1115544,-1.2826265,0.53088772,0.83649737,-0.13575888,0
0.76587486,1.5373505,0.79639345,-0.28497273,0.32708716,0.90100205,0
1.2194717,-3.0765741,0.21687329,-0.53088772,-0.83649737,0.13575888,0
-1.8934395,2.1008179,-1.1573237,-0.79809076,0.43964329,-0.41202539,0
0.14283538,2.2608068,-0.1428657,0.53088772,0.83649737,-0.13575888,0
0.37840408,1.0057266,-1.2693679,0.28497273,-0.32708716,-0.90100205,0
-3.4432077,-0.12533891,-1.1752622,-0.79809076,0.43964329,-0.41202539,0
-2.5802882,-0.48782611,-1.630469,0.28497273,-0.32708716,-0.90100205,0
-1.8053819,0.71649325,0.42315674,-0.28497273,0.32708716,0.90100205,0
-1.8934907,1.8210658,-1.4303988,-0.79809076,0.43964329,-0.41202539,0
3.088068,0.69586647,0.46812081,0.53088772,0.83649737,-0.13575888,0
-2.4677801,0.60091138,0.069479465,-0.28497273,0.32708716,0.90100205,0
-0.11101925,-0.63167214,-0.95515084,0.28497273,-0.32708716,-0.90100205,0
3.2414665,0.32583737,1.2906678,0.79809076,-0.43964329,0.41202539,0
-1.8191575,1.9511408,-1.6215094,-0.79809076,0.43964329,-0.41202539,0
-2.400352,-1.2538154,-1.2122711,-0.53088772,-0.83649737,0.13575888,0
-0.67137337,0.64906394,0.60247445,-0.28497273,0.32708716,0.90100205,0
0.0070544481,-1.5221949,-0.36146301,0.28497273,-0.32708716,-0.90100205,0
2.6303363,-0.33613855,1.3996174,0.79809076,-0.43964329,0.41202539,0
-2.4429634,1.3963147,-1.0845714,-0.79809076,0.43964329,-0.41202539,0
-1.9033918,-1.1404338,-0.74778402,-0.53088772,-0.83649737,0.13575888,0
2.3593802,0.99709654,-0.35412633,0.53088772,0.83649737,-0.13575888,0
1.3525318,-2.18399,2.0868142,0.79809076,-0.43964329,0.41202539,0
1.0380855,1.9714035,0.52921534,0.53088772,0.83649737,-0.13575888,0
2.3467269,1.0711057,1.345871,0.53088772,0.83649737,-0.13575888,0
-0.44837406,0.32833004,-1.4208839,0.28497273,-0.32708716,-0.90100205,0
-2.0147829,1.572879,-1.5754364,-0.79809076,0.43964329,-0.41202539,0
-1.2373385,-1.8054347,-0.14270186,-0.53088772,-0.83649737,0.13575888,0
1.7386804,1.2687236,0.35615218,0.53088772,0.83649737,-0.13575888,0
-2.213058,-0.37775943,-1.623765,0.28497273,-0.32708716,-0.90100205,0
-1.7434876,0.85132921,-2.1209769,0.28497273,-0.32708716,-0.90100205,0
2.4071445,-0.79266548,1.8990114,0.79809076,-0.43964329,0.41202539,0
-0.33208668,0.34739941,-1.2600918,0.28497273,-0.32708716,-0.90100205,0
-1.3489869,0.8574928,-1.6683624,0.28497273,-0.32708716,-0.90100205,0
0.56918955,1.6412331,0.52769732,-0.28497273,0.32708716,0.90100205,0
-2.0954192,-0.99243408,0.10215402,-0.53088772,-0.83649737,0.13575888,0
-0.53806424,-1.7892261,0.47623724,-0.53088772,-0.83649737,0.13575888,0
2.5938745,0.98551399,0.2286849,0.53088772,0.83649737,-0.13575888,0
1.4367334,1.1939664,-0.382797,0.53088772,0.83649737,-0.13575888,0
1.7557226,-2.8229048,0.97632253,0.79809076,-0.43964329,0.41202539,0
-1.0616592,2.7369311,-2.0670314,-0.79809076,0.43964329,-0.41202539,0
-2.2532079,1.7005363,-0.71871221,-0.79809076,0.43964329,-0.41202539,0
2.6926706,-0.55898523,1.2485231,0.79809076,-0.43964329,0.41202539,0
2.4530206,-0.1714173,2.079493,-0.28497273,0.32708716,0.90100205,0
1.70673,-2.3839245,1.817902,0.79809076,-0.43964329,0.41202539,0
0.63500512,-2.2679729,2.2527981,-0.28497273,0.32708716,0.90100205,0
-2.699857,0.39748937,-1.7530721,-0.79809076,0.43964329,-0.41202539,0
-1.6379089,2.5005231,-1.82788,-0.79809076,0.43964329,-0.41202539,0
-1.5849762,-0.16895688,0.57416272,-0.28497273,0.32708716,0.90100205,0
2.6255679,-0.7356832,1.2716252,0.79809076,-0.43964329,0.41202539,0
-2.0370162,-1.2370648,-0.34880447,-0.53088772,-0.83649737,0.13575888,0
-3.3544445,-0.12733674,-0.46527076,-0.79809076,0.43964329,-0.41202539,0
2.504725,-0.59491885,1.8481734,0.79809076,-0.43964329,0.41202539,0
0.26719308,2.1477478,-1.0509312,0.53088772,0.83649737,-0.13575888,0
-1.4978548,0.10416031,0.56270349,-0.28497273,0.32708716,0.90100205,0
1.4789177,1.3599796,0.55773151,0.53088772,0.83649737,-0.13575888,0
2.8144369,0.79816586,1.5638971,0.53088772,0.83649737,-0.13575888,0
1.5852823,-3.1980107,0.60965741,0.79809076,-0.43964329,0.41202539,0
1.3656809,-1.8585031,2.2990496,0.79809076,-0.43964329,0.41202539,0
0.92530966,-2.6762476,0.51594609,-0.53088772,-0.83649737,0.13575888,0
2.1340969,-2.3808556,0.88080287,0.79809076,-0.43964329,0.41202539,0
2.7174754,0.46102047,-0.48271298,0.28497273,-0.32708716,-0.90100205,0
-0.91831934,-1.5013502,0.6189518,-0.53088772,-0.83649737,0.13575888,0
-3.0179346,-0.50922525,-0.43319392,-0.53088772,-0.83649737,0.13575888,0
-2.386878,1.1700395,-0.12302542,-0.28497273,0.32708716,0.90100205,0
-2.5140882,0.3876645,-1.9144937,-0.79809076,0.43964329,-0.41202539,0
-0.80690336,-1.4177775,1.3499931,-0.28497273,0.32708716,0.90100205,0
-0.68900114,-0.29662967,0.88011432,-0.28497273,0.32708716,0.90100205,0
-0.13567281,-2.2051489,1.5186274,-0.53088772,-0.83649737,0.13575888,0
-0.67732286,2.405237,0.0030008554,-0.28497273,0.32708716,0.90100205,0
0.61655527,0.048689723,-0.72458595,0.28497273,-0.32708716,-0.90100205,0
1.3195137,-0.32626218,1.5805005,-0.28497273,0.32708716,0.90100205,0
-3.0141997,-0.48637629,-0.74483848,-0.53088772,-0.83649737,0.13575888,0
2.1025782,-0.69257879,2.1381874,-0.28497273,0.32708716,0.90100205,0
-1.8404281,2.170552,-1.6801308,-0.79809076,0.43964329,-0.41202539,0
-2.8247075,0.51104891,-1.1248388,-0.79809076,0.43964329,-0.41202539,0
-2.5443707,-0.74687123,-1.6333797,0.28497273,-0.32708716,-0.90100205,0
-2.7022882,-0.79167247,-0.017692327,-0.53088772,-0.83649737,0.13575888,0
2.9077077,-0.45760572,1.2753232,0.79809076,-0.43964329,0.41202539,0
0.71661448,-2.854831,0.68233758,-0.53088772,-0.83649737,0.13575888,0
-1.5339336,1.5130515,-2.2236912,-0.79809076,0.43964329,-0.41202539,0
2.5394135,-1.316249,0.049927473,0.28497273,-0.32708716,-0.90100205,0
0.5636667,0.24842292,1.3383842,-0.28497273,0.32708716,0.90100205,0
1.6881967,-2.0289266,1.5115273,0.79809076,-0.43964329,0.41202539,0
-2.1148038,1.3658011,-2.0783815,-0.79809076,0.43964329,-0.41202539,0
-1.5126698,-1.1462317,0.78105867,-0.53088772,-0.83649737,0.13575888,0
3.1184378,0.61327636,0.058990002,0.53088772,0.83649737,-0.13575888,0
-1.0930953,3.0972164,-0.84011215,0.53088772,0.83649737,-0.13575888,0
-3.4892869,-0.47253442,-0.92360497,-0.53088772,-0.83649737,0.13575888,0
1.7639922,1.2000496,0.87923741,0.53088772,0.83649737,-0.13575888,0
-2.013638,1.2229662,-2.0161572,-0.79809076,0.43964329,-0.41202539,0
-0.54023814,-1.2319906,-0.995242,0.28497273,-0.32708716,-0.90100205,0
2.783761,-1.1422098,0.47166872,0.79809076,-0.43964329,0.41202539,0
0.67218554,-2.3649755,2.0699058,-0.28497273,0.32708716,0.90100205,0
-2.3547025,0.36252868,0.16293168,-0.28497273,0.32708716,0.90100205,0
2.7448912,0.66894102,0.18176627,0.53088772,0.83649737,-0.13575888,0
-2.1382895,2.6187398,-0.76011169,-0.79809076,0.43964329,-0.41202539,0
-0.37150693,0.81924325,0.48813048,-0.28497273,0.32708716,0.90100205,0
2.2646286,-2.4276576,0.51988363,0.79809076,-0.43964329,0.41202539,0
0.76066852,1.8564887,-0.8550418,0.53088772,0.83649737,-0.13575888,0
-1.5103487,2.4082592,-2.1630697,-0.79809076,0.43964329,-0.41202539,0
-1.6355456,0.23394871,0.62193155,-0.28497273,0.32708716,0.90100205,0
1.8237219,-0.78629017,-0.20357215,0.28497273,-0.32708716,-0.90100205,0
-1.1205773,-1.8352518,-0.30928785,-0.53088772,-0.83649737,0.13575888,0
-0.30914354,-2.0830271,1.7962251,-0.53088772,-0.83649737,0.13575888,0
3.0684543,0.2516346,1.1287427,0.79809076,-0.43964329,0.41202539,0
2.6013875,-1.7499267,0.83216929,0.79809076,-0.43964329,0.41202539,0
0.20457959,2.2214806,0.2551738,-0.28497273,0.32708716,0.90100205,0
0.036282301,-0.21261001,-0.89823329,0.28497273,-0.32708716,-0.90100205,0
-1.4966909,-1.4369819,-0.33736396,-0.53088772,-0.83649737,0.13575888,0
-2.446435,1.0034292,-1.622074,-0.79809076,0.43964329,-0.41202539,0
0.8065964,-2.7152815,1.8437182,-0.53088772,-0.83649737,0.13575888,0
1.8337193,1.4617101,1.2170174,-0.28497273,0.32708716,0.90100205,0
2.0258846,-0.55468541,2.1718481,-0.28497273,0.32708716,0.90100205,0
2.9124677,0.85892409,0.53886652,0.53088772,0.83649737,-0.13575888,0
1.9402717,-1.8482627,0.11638916,0.28497273,-0.32708716,-0.90100205,0
-2.6286178,0.73768258,-0.97417665,-0.79809076,0.43964329,-0.41202539,0
2.8823462,0.68129104,1.9324946,-0.28497273,0.32708716,0.90100205,0
0.62730384,-2.8024149,0.25420868,-0.53088772,-0.83649737,0.13575888,0
-1.1998284,-1.8576748,-0.86450791,-0.53088772,-0.83649737,0.13575888,0
-2.9194427,-0.46805388,-1.0062494,-0.53088772,-0.83649737,0.13575888,0
0.58387625,1.6544194,-1.6148882,0.53088772,0.83649737,-0.13575888,0
0.16753268,-2.2900023,1.6737705,-0.53088772,-0.83649737,0.13575888,0
1.0386875,-2.9960394,0.26843035,0.28497273,-0.32708716,-0.90100205,0
-1.666926,1.0033984,-1.8173313,0.28497273,-0.32708716,-0.90100205,0
2.2324383,0.085216999,-0.2972846,0.28497273,-0.32708716,-0.90100205,0
1.7633774,-0.49840856,2.0016346,-0.28497273,0.32708716,0.90100205,0
0.91745734,-2.3043432,0.039895058,0.28497273,-0.32708716,-0.90100205,0
-2.935462,-0.73102653,-0.37071609,-0.53088772,-0.83649737,0.13575888,0
-3.1417279,0.87835932,-0.55342126,-0.79809076,0.43964329,-0.41202539,0
-1.7656238,2.4225519,-1.2132033,-0.79809076,0.43964329,-0.41202539,0
-3.4587903,0.68548512,-0.14095092,-0.28497273,0.32708716,0.90100205,0
1.2388208,-2.7812009,1.4187189,-0.53088772,-0.83649737,0.13575888,0
-2.1056235,1.6418037,-1.892327,-0.79809076,0.43964329,-0.41202539,0
3.3358741,-0.24762702,0.59234285,0.79809076,-0.43964329,0.41202539,0
2.5846729,-1.1073003,0.90600204,0.79809076,-0.43964329,0.41202539,0
-0.71667361,2.1721365,-2.2462759,0.28497273,-0.32708716,-0.90100205,0
2.6238556,0.95371991,1.4552,0.53088772,0.83649737,-0.13575888,0
-2.2709177,0.6920166,-1.7339045,-0.79809076,0.43964329,-0.41202539,0
-1.6433804,2.6581047,-0.32495224,-0.28497273,0.32708716,0.90100205,0
-2.8897903,-0.15220201,-1.3785243,-0.79809076,0.43964329,-0.41202539,0
-1.1731467,3.1745734,-0.46476698,0.53088772,0.83649737,-0.13575888,0
-3.2486432,-0.50520277,-1.815675,-0.79809076,0.43964329,-0.41202539,0
2.3459215,0.94328851,0.69579577,0.53088772,0.83649737,-0.13575888,0
2.5794029,0.75049758,1.5776528,-0.28497273,0.32708716,0.90100205,0
-0.43665516,2.2935967,-1.8101423,0.53088772,0.83649737,-0.13575888,0
2.6364152,0.61678851,-0.010025263,0.53088772,0.83649737,-0.13575888,0
-0.084819794,2.2363133,-1.3489454,0.53088772,0.83649737,-0.13575888,0
-0.87178469,1.6000097,-2.1278067,0.28497273,-0.32708716,-0.90100205,0
-1.7858638,-1.0594784,0.14672554,-0.53088772,-0.83649737,0.13575888,0
2.5754671,0.74051481,1.5586051,-0.28497273,0.32708716,0.90100205,0
0.73860407,2.0738609,-0.039958268,0.53088772,0.83649737,-0.13575888,0
-1.8695216,-1.3001494,-0.19245076,-0.53088772,-0.83649737,0.13575888,0
0.83253479,-1.4942237,2.0365205,-0.28497273,0.32708716,0.90100205,0
-1.895391,1.5568126,-0.094315767,-0.28497273,0.32708716,0.90100205,0
0.49188328,1.8757653,-1.6734685,0.28497273,-0.32708716,-0.90100205,0
-1.8323922,-0.59698319,0.92336154,-0.28497273,0.32708716,0.90100205,0
2.0485439,-0.8330977,2.0849149,0.79809076,-0.43964329,0.41202539,0
2.5840607,-1.5878903,0.24371481,0.79809076,-0.43964329,0.41202539,0
0.1750989,-1.5150118,-0.71575308,0.28497273,-0.32708716,-0.90100205,0
-2.5782695,-0.90478528,0.19942904,-0.53088772,-0.83649737,0.13575888,0
-0.042029738,-1.9564431,1.7681952,-0.53088772,-0.83649737,0.13575888,0
0.64342725,1.6076336,-1.5766714,0.53088772,0.83649737,-0.13575888,0
-3.283026,-0.62485039,-1.0020475,-0.53088772,-0.83649737,0.13575888,0
1.8355396,-0.76478028,-0.3704412,0.28497273,-0.32708716,-0.90100205,0
1.9766502,-0.53465235,2.0396357,-0.28497273,0.32708716,0.90100205,0
0.29305482,2.215517,0.16082226,0.53088772,0.83649737,-0.13575888,0
3.3363431,-0.037250161,0.81131744,0.79809076,-0.43964329,0.41202539,0
-1.6731718,-0.12342715,-1.6128565,0.28497273,-0.32708716,-0.90100205,0
1.3007253,-1.1604562,-0.09935689,0.28497273,-0.32708716,-0.90100205,0
3.0173953,0.36262727,-0.17441773,0.53088772,0.83649737,-0.13575888,0
-1.1276908,-0.21036002,-1.2555768,0.28497273,-0.32708716,-0.90100205,0
2.3548212,-1.6804342,0.96150506,0.79809076,-0.43964329,0.41202539,0
-1.3728038,0.82853639,0.24425745,-0.28497273,0.32708716,0.90100205,0
-0.21729088,2.5436814,0.33484825,-0.28497273,0.32708716,0.90100205,0
0.0077929497,2.0642738,-1.2264576,0.53088772,0.83649737,-0.13575888,0
2.4896903,1.0548604,0.51338434,0.53088772,0.83649737,-0.13575888,0
-0.29128051,-0.75636923,1.3944814,-0.28497273,0.32708716,0.90100205,0
-2.1192846,2.0270727,-1.2824036,-0.79809076,0.43964329,-0.41202539,0
-0.31495029,1.4722805,-1.7588153,0.28497273,-0.32708716,-0.90100205,0
-1.9002577,1.508563,-2.085963,-0.79809076,0.43964329,-0.41202539,0
2.3150246,1.330822,1.36409,0.53088772,0.83649737,-0.13575888,0
3.2680247,0.28930819,1.3332582,0.79809076,-0.43964329,0.41202539,0
1.1084952,-2.726912,0.86896271,-0.53088772,-0.83649737,0.13575888,0
3.3355408,0.10928082,0.64761448,0.79809076,-0.43964329,0.41202539,0
0.61695379,0.51189542,1.1392578,-0.28497273,0.32708716,0.90100205,0
0.39953756,-2.7837539,0.44769853,-0.53088772,-0.83649737,0.13575888,0
-3.3717577,-0.26561737,0.057403326,-0.28497273,0.32708716,0.90100205,0
-2.4618311,-0.72373939,0.048426867,-0.53088772,-0.83649737,0.13575888,0
2.1595118,-1.3194385,1.9172665,0.79809076,-0.43964329,0.41202539,0
-0.81357753,2.7072892,-1.9376742,0.53088772,0.83649737,-0.13575888,0
1.6668065,-1.8569043,1.6859636,0.79809076,-0.43964329,0.41202539,0
-0.93803895,1.7351208,-2.2383201,0.28497273,-0.32708716,-0.90100205,0
-1.2972898,2.8703895,-1.1694958,0.53088772,0.83649737,-0.13575888,0
3.0311556,-1.3967409,0.37493253,0.79809076,-0.43964329,0.41202539,0
2.465055,1.0682883,0.18327022,0.53088772,0.83649737,-0.13575888,0
-3.2270253,-0.74758446,-1.5340903,-0.53088772,-0.83649737,0.13575888,0
-2.1477435,1.10533,-1.7091417,-0.79809076,0.43964329,-0.41202539,0
-1.3065296,2.6842332,-0.44983649,-0.28497273,0.32708716,0.90100205,0
-3.5462565,0.46734715,-0.36878085,-0.79809076,0.43964329,-0.41202539,0
-1.08601,-1.6746236,1.139509,-0.53088772,-0.83649737,0.13575888,0
-2.2249341,-0.98557436,-1.0388983,-0.53088772,-0.83649737,0.13575888,0
-1.4458995,-1.5202435,-0.024735808,-0.53088772,-0.83649737,0.13575888,0
3.1212006,-0.98635173,0.51018381,0.79809076,-0.43964329,0.41202539,0
2.2551692,1.1847318,0.76640701,0.53088772,0.83649737,-0.13575888,0
-1.2232344,2.7906075,-1.1832001,0.53088772,0.83649737,-0.13575888,0
-0.93524182,2.8235378,-1.2005563,0.53088772,0.83649737,-0.13575888,0
-0.66276968,0.56263995,-1.7387967,0.28497273,-0.32708716,-0.90100205,0
-3.1427381,-0.4791944,-0.50674415,-0.53088772,-0.83649737,0.13575888,0
-2.9600854,0.18677652,-0.93264747,-0.79809076,0.43964329,-0.41202539,0
-0.70037448,0.88643527,0.6285795,-0.28497273,0.32708716,0.90100205,0
-2.8407211,1.296344,-0.23099828,-0.79809076,0.43964329,-0.41202539,0
2.4918828,-0.33043838,1.6632383,0.79809076,-0.43964329,0.41202539,0
-1.1351755,0.81860173,0.66129303,-0.28497273,0.32708716,0.90100205,0
2.4943318,-1.1725827,0.12785077,0.28497273,-0.32708716,-0.90100205,0
-0.53077221,-1.8409104,0.66872573,-0.53088772,-0.83649737,0.13575888,0
1.8669163,-2.1941545,1.4065248,0.79809076,-0.43964329,0.41202539,0
2.6828334,-0.89427185,0.0044255257,0.28497273,-0.32708716,-0.90100205,0
-0.56128705,-0.82400233,-1.1876643,0.28497273,-0.32708716,-0.90100205,0
-2.0118594,1.6429248,-1.8650476,-0.79809076,0.43964329,-0.41202539,0
1.4804271,-0.14714301,-0.61316454,0.28497273,-0.32708716,-0.90100205,0
1.9212781,-0.78404576,2.0010278,-0.28497273,0.32708716,0.90100205,0
0.76161289,0.64141369,-1.2934296,0.28497273,-0.32708716,-0.90100205,0
2.3406906,-2.2999878,0.59712124,0.79809076,-0.43964329,0.41202539,0
-0.54407001,2.7437735,-0.26453209,0.53088772,0.83649737,-0.13575888,0
2.8030546,0.74027729,0.3235085,0.53088772,0.83649737,-0.13575888,0
-1.8361735,1.5925974,-2.1266217,-0.79809076,0.43964329,-0.41202539,0
1.6292278,1.455659,-0.41799212,0.53088772,0.83649737,-0.13575888,0
-1.0996115,1.9920527,0.07843864,-0.28497273,0.32708716,0.90100205,0
-1.8815831,-1.2026731,-1.2189802,0.28497273,-0.32708716,-0.90100205,0
-1.5499133,2.9959114,-0.86966217,-0.79809076,0.43964329,-0.41202539,0
-0.83115709,2.4247313,-1.9470422,0.53088772,0.83649737,-0.13575888,0
3.4151046,0.13656366,1.2820349,0.79809076,-0.43964329,0.41202539,0
2.3939075,-1.0750327,1.6557471,0.79809076,-0.43964329,0.41202539,0
1.6212919,1.1243652,-0.083408713,0.53088772,0.83649737,-0.13575888,0
-1.6510003,0.98443013,-1.7691422,0.28497273,-0.32708716,-0.90100205,0
-3.3907945,-0.29987252,-0.81268549,-0.79809076,0.43964329,-0.41202539,0
2.4436743,0.048538685,-0.56270385,0.28497273,-0.32708716,-0.90100205,0
-1.9973633,1.663897,-1.1722382,-0.79809076,0.43964329,-0.41202539,0
-0.51889306,-0.12506688,0.9403525,-0.28497273,0.32708716,0.90100205,0
3.3154404,-0.33497071,0.65295529,0.79809076,-0.43964329,0.41202539,0
2.83602,-0.95598018,0.76042867,0.79809076,-0.43964329,0.41202539,0
1.4571629,1.4094703,0.41726744,0.53088772,0.83649737,-0.13575888,0
1.5006349,-1.3274294,1.9876896,-0.28497273,0.32708716,0.90100205,0
-0.13374865,0.96538955,0.65470314,-0.28497273,0.32708716,0.90100205,0
-2.6188931,-0.61053038,0.52840066,-0.28497273,0.32708716,0.90100205,0
0.67247963,-0.035695791,-0.9464165,0.28497273,-0.32708716,-0.90100205,0
-0.42565799,-2.2277205,0.39120209,-0.53088772,-0.83649737,0.13575888,0
3.2504599,0.18921167,1.6186328,0.79809076,-0.43964329,0.41202539,0
-0.66849351,1.6363277,0.16433698,-0.28497273,0.32708716,0.90100205,0
1.4455242,-0.92182314,2.0901532,-0.28497273,0.32708716,0.90100205,0
1.3777612,0.69575274,1.0988004,-0.28497273,0.32708716,0.90100205,0
-3.760952,-0.16909981,-0.21279788,-0.53088772,-0.83649737,0.13575888,0
-0.96238804,-1.7957242,0.25724906,-0.53088772,-0.83649737,0.13575888,0
3.6943433,-0.14267254,0.20317411,0.79809076,-0.43964329,0.41202539,0
-2.4319034,1.5361059,-0.99725389,-0.79809076,0.43964329,-0.41202539,0
2.079473,-2.0001616,1.1744572,0.79809076,-0.43964329,0.41202539,0
-2.1497309,1.214251,-1.5552621,-0.79809076,0.43964329,-0.41202539,0
-2.2387352,-0.84103417,-0.61723697,-0.53088772,-0.83649737,0.13575888,0
-3.2486115,0.37722802,-0.32350373,-0.79809076,0.43964329,-0.41202539,0
-2.4717264,-0.94261754,-0.085877657,-0.53088772,-0.83649737,0.13575888,0
0.19601369,2.1330612,-0.013719184,0.53088772,0.83649737,-0.13575888,0
-3.4502144,0.16265297,-0.38851619,-0.79809076,0.43964329,-0.41202539,0
-2.6409097,1.4357065,-0.68741202,-0.79809076,0.43964329,-0.41202539,0
0.099761486,2.3539598,-0.55718797,0.53088772,0.83649737,-0.13575888,0
-2.0430901,2.2666388,-0.94987035,-0.79809076,0.43964329,-0.41202539,0
0.81582534,1.2833037,0.70578456,-0.28497273,0.32708716,0.90100205,0
-0.38283026,1.5176646,0.50764215,-0.28497273,0.32708716,0.90100205,0
-2.1125951,2.5461032,-0.38596666,-0.79809076,0.43964329,-0.41202539,0
1.7450954,-0.6599313,1.8112335,-0.28497273,0.32708716,0.90100205,0
-2.8185806,-0.59449017,-1.3963816,-0.53088772,-0.83649737,0.13575888,0
-1.6870863,-0.90729839,-1.1884675,0.28497273,-0.32708716,-0.90100205,0
-1.8092304,2.0162826,-1.297496,-0.79809076,0.43964329,-0.41202539,0
-2.3145101,2.378309,-0.45170164,-0.79809076,0.43964329,-0.41202539,0
1.9586971,-2.3440936,0.94038701,0.79809076,-0.43964329,0.41202539,0
-0.5515399,1.9439524,-1.812734,0.28497273,-0.32708716,-0.90100205,0
-2.7270179,1.5556235,-0.53662252,-0.79809076,0.43964329,-0.41202539,0
1.2618101,1.0162221,-1.250596,0.28497273,-0.32708716,-0.90100205,0
3.0812571,-0.12021351,1.3515444,0.79809076,-0.43964329,0.41202539,0
-1.5990993,-1.3416772,0.70376813,-0.53088772,-0.83649737,0.13575888,0
2.3842463,-1.6251373,0.48736048,0.79809076,-0.43964329,0.41202539,0
-0.33373523,-2.0684652,-0.24327582,0.28497273,-0.32708716,-0.90100205,0
-1.0715666,1.9340725,0.28505832,-0.28497273,0.32708716,0.90100205,0
-2.0123806,-1.2964566,-0.27046871,-0.53088772,-0.83649737,0.13575888,0
1.1601629,-2.9615726,2.1188533,-0.53088772,-0.83649737,0.13575888,0
-0.90085292,-1.2973375,1.4182811,-0.28497273,0.32708716,0.90100205,0
2.2060397,-2.036341,1.0562152,0.79809076,-0.43964329,0.41202539,0
3.367173,-0.18525028,0.076364517,0.79809076,-0.43964329,0.41202539,0
-0.17813993,-2.1729198,-0.14475781,-0.53088772,-0.83649737,0.13575888,0
2.7629714,0.15176204,1.7112782,-0.28497273,0.32708716,0.90100205,0
0.23959318,-0.92207968,1.5700533,-0.28497273,0.32708716,0.90100205,0
-0.85667074,-1.8570083,1.3101087,-0.53088772,-0.83649737,0.13575888,0
-3.2296085,-0.55323958,-1.7866256,-0.79809076,0.43964329,-0.41202539,0
-1.988759,0.45225525,0.12729418,-0.28497273,0.32708716,0.90100205,0
2.1413291,-2.828196,0.55188084,0.79809076,-0.43964329,0.41202539,0
-2.9416096,0.59589601,-1.3802581,-0.79809076,0.43964329,-0.41202539,0
-2.8188159,-0.90110749,-0.37648964,-0.53088772,-0.83649737,0.13575888,0
1.3506186,0.814448,-1.0997748,0.28497273,-0.32708716,-0.90100205,0
-1.7346748,1.1053228,-2.1660686,0.28497273,-0.32708716,-0.90100205,0
2.0162911,-2.5876188,0.7145102,0.79809076,-0.43964329,0.41202539,0
0.2883358,1.9796212,-1.0245647,0.53088772,0.83649737,-0.13575888,0
2.2487435,-2.1955328,0.44045496,0.79809076,-0.43964329,0.41202539,0
0.5482502,1.7728792,-0.21794279,0.53088772,0.83649737,-0.13575888,0
1.232444,1.032763,1.1733923,-0.28497273,0.32708716,0.90100205,0
-0.13372874,2.551693,-0.82862747,0.53088772,0.83649737,-0.13575888,0
2.6745567,0.62221217,0.98919189,0.53088772,0.83649737,-0.13575888,0
2.0421357,-2.2737961,0.81888711,0.79809076,-0.43964329,0.41202539,0
2.412976,1.2378652,1.6131394,0.53088772,0.83649737,-0.13575888,0
-1.1703684,1.8188109,0.023002028,-0.28497273,0.32708716,0.90100205,0
-3.3062291,0.096040487,-0.16629815,-0.28497273,0.32708716,0.90100205,0
3.2300792,0.25756407,0.65875626,0.53088772,0.83649737,-0.13575888,0
2.0494356,0.4024725,-0.62873971,0.28497273,-0.32708716,-0.90100205,0
-0.86736709,1.4665749,0.25294912,-0.28497273,0.32708716,0.90100205,0
-1.5275935,2.7452691,-1.6361263,-0.79809076,0.43964329,-0.41202539,0
-2.9285293,0.18042874,0.060027599,-0.28497273,0.32708716,0.90100205,0
-2.6152289,0.85383904,-1.5347224,-0.79809076,0.43964329,-0.41202539,0
0.59634471,2.1029906,-0.64881688,0.53088772,0.83649737,-0.13575888,0
-2.0620899,-1.2565117,-0.51155818,-0.53088772,-0.83649737,0.13575888,0
1.1737072,-3.0518661,0.88535732,-0.53088772,-0.83649737,0.13575888,0
-1.7024709,3.1563861,-0.38652182,-0.28497273,0.32708716,0.90100205,0
0.051649332,2.068423,-1.0510004,0.53088772,0.83649737,-0.13575888,0
-1.8013346,-1.1411724,0.26094711,-0.53088772,-0.83649737,0.13575888,0
-1.9074091,-1.3209976,-0.79321027,-0.53088772,-0.83649737,0.13575888,0
-2.3462367,1.2780473,-1.8317049,-0.79809076,0.43964329,-0.41202539,0
-2.6034954,-1.055181,-1.7624506,-0.53088772,-0.83649737,0.13575888,0
2.1686196,1.2015548,1.049505,0.53088772,0.83649737,-0.13575888,0
-3.1470077,-0.6638484,-1.3675816,-0.53088772,-0.83649737,0.13575888,0
0.0064065456,2.1681468,-0.93460077,0.53088772,0.83649737,-0.13575888,0
-0.21151519,2.3854809,-0.79634577,0.53088772,0.83649737,-0.13575888,0
-1.8456835,-1.2797644,0.15530455,-0.53088772,-0.83649737,0.13575888,0
-1.6111109,2.7901089,-1.4098221,-0.79809076,0.43964329,-0.41202539,0
-2.2800448,-0.15371612,-1.7254113,0.28497273,-0.32708716,-0.90100205,0
-2.5294547,0.5486545,-1.5374646,-0.79809076,0.43964329,-0.41202539,0
-0.11366153,2.2667079,-1.9837346,0.28497273,-0.32708716,-0.90100205,0
2.9286478,0.1916703,1.3966534,0.79809076,-0.43964329,0.41202539,0
1.8734398,-1.6320426,2.0786214,0.79809076,-0.43964329,0.41202539,0
-1.0160025,-1.5061092,0.11259955,-0.53088772,-0.83649737,0.13575888,0
-0.30921602,-2.0785329,-0.42314863,-0.53088772,-0.83649737,0.13575888,0
1.6362157,-2.5397751,0.11597741,0.28497273,-0.32708716,-0.90100205,0
1.1881828,1.7870231,-0.1304484,0.53088772,0.83649737,-0.13575888,0
-2.3403916,0.99155796,-1.9520326,-0.79809076,0.43964329,-0.41202539,0
0.62690294,-2.4571419,1.9993286,-0.53088772,-0.83649737,0.13575888,0
1.0999956,-0.75425285,1.6680845,-0.28497273,0.32708716,0.90100205,0
-2.3447063,1.0365278,-1.4971385,-0.79809076,0.43964329,-0.41202539,0
2.1371531,-1.1204572,1.8856606,0.79809076,-0.43964329,0.41202539,0
1.0995461,-2.1882889,2.3839216,-0.28497273,0.32708716,0.90100205,0
-1.7392567,-1.0067079,0.32404876,-0.53088772,-0.83649737,0.13575888,0
-3.2605994,-0.44046569,-0.055702686,-0.53088772,-0.83649737,0.13575888,0
-1.9937017,-1.0884328,-0.70310771,-0.53088772,-0.83649737,0.13575888,0
-2.6679103,0.97018433,-0.65262794,-0.79809076,0.43964329,-0.41202539,0
2.4532821,1.074886,1.0793331,0.53088772,0.83649737,-0.13575888,0
-2.1498718,1.8919246,-0.67747056,-0.79809076,0.43964329,-0.41202539,0
2.5380814,-0.23107013,2.2140083,-0.28497273,0.32708716,0.90100205,0
1.6190964,1.3251411,-0.14269292,0.53088772,0.83649737,-0.13575888,0
1.0342857,-0.99086475,-0.41281778,0.28497273,-0.32708716,-0.90100205,0
1.4174455,-2.1696897,2.0767622,0.79809076,-0.43964329,0.41202539,0
1.9195926,1.0551074,-0.50018966,0.53088772,0.83649737,-0.13575888,0
2.8952255,-0.17775834,1.301883,0.79809076,-0.43964329,0.41202539,0
-1.104858,2.742094,-2.1511436,-0.79809076,0.43964329,-0.41202539,0
-3.5190356,0.081365347,-0.29531431,-0.79809076,0.43964329,-0.41202539,0
-1.6692605,2.4658039,-1.2740635,-0.79809076,0.43964329,-0.41202539,0
1.4137723,-2.4906669,1.5410091,0.79809076,-0.43964329,0.41202539,0
0.48506284,1.9768929,-1.4868646,0.53088772,0.83649737,-0.13575888,0
-0.28599286,2.3368206,-1.8109374,0.53088772,0.83649737,-0.13575888,0
-3.2783017,-0.15811849,-1.3968687,-0.79809076,0.43964329,-0.41202539,0
-0.79206437,1.2181858,0.51698476,-0.28497273,0.32708716,0.90100205,0
0.41123056,0.14860904,1.2377787,-0.28497273,0.32708716,0.90100205,0
-2.2476337,2.2576222,-0.42735863,-0.28497273,0.32708716,0.90100205,0
3.0010798,0.30988896,1.4212868,0.79809076,-0.43964329,0.41202539,0
-1.8937575,1.9215212,-0.15106666,-0.28497273,0.32708716,0.90100205,0
-2.7957745,-0.66850853,0.5063684,-0.53088772,-0.83649737,0.13575888,0
1.4975621,-3.1211679,0.61385775,-0.53088772,-0.83649737,0.13575888,0
-1.8801634,1.9667283,-1.8555743,-0.79809076,0.43964329,-0.41202539,0
-2.1416569,-0.92522645,-0.75610316,-0.53088772,-0.83649737,0.13575888,0
-1.9801627,2.7865458,-0.53755939,-0.79809076,0.43964329,-0.41202539,0
1.3698447,1.472647,-1.1162026,0.53088772,0.83649737,-0.13575888,0
-1.3894181,-1.5092347,0.56025785,-0.53088772,-0.83649737,0.13575888,0
1.7463646,-2.768743,1.1236881,0.79809076,-0.43964329,0.41202539,0
0.92616534,1.7300515,-1.5984169,0.53088772,0.83649737,-0.13575888,0
-1.8654792,2.7486012,-0.66286612,-0.79809076,0.43964329,-0.41202539,0
0.80065489,1.779644,-0.07364887,0.53088772,0.83649737,-0.13575888,0
2.6947625,-0.62917769,0.91993427,0.79809076,-0.43964329,0.41202539,0
3.4163418,-0.086885929,0.16498399,0.79809076,-0.43964329,0.41202539,0
-1.0310398,2.9766874,-1.7839137,0.53088772,0.83649737,-0.13575888,0
-0.47487092,2.72909,-1.0086329,0.53088772,0.83649737,-0.13575888,0
-2.1040931,1.4147991,-1.7840781,-0.79809076,0.43964329,-0.41202539,0
0.64947724,-0.12376791,1.4781121,-0.28497273,0.32708716,0.90100205,0
0.53294873,-0.099801183,1.3285009,-0.28497273,0.32708716,0.90100205,0
-1.9381858,2.6790376,-0.40957439,-0.79809076,0.43964329,-0.41202539,0
-0.07652247,1.668986,-1.6206132,0.28497273,-0.32708716,-0.90100205,0
1.6894429,-2.7570026,0.69763052,0.79809076,-0.43964329,0.41202539,0
1.0013154,-0.10670984,-0.61426443,0.28497273,-0.32708716,-0.90100205,0
-0.2393198,2.3284693,0.088500649,-0.28497273,0.32708716,0.90100205,0
0.78655422,-2.5835743,1.2053375,-0.53088772,-0.83649737,0.13575888,0
-0.41785455,1.2809854,-1.6229599,0.28497273,-0.32708716,-0.90100205,0
-1.6509678,-1.5809946,-0.6604054,-0.53088772,-0.83649737,0.13575888,0
2.5860496,0.32902837,-0.44303083,0.28497273,-0.32708716,-0.90100205,0
2.2359078,-2.4219637,0.54595184,0.79809076,-0.43964329,0.41202539,0
-3.1333947,0.70665479,-0.39135289,-0.79809076,0.43964329,-0.41202539,0
2.5641706,0.2752285,-0.34296274,0.28497273,-0.32708716,-0.90100205,0
3.2709825,0.58445656,1.3400874,0.53088772,0.83649737,-0.13575888,0
-3.1103029,0.21152937,-0.62885189,-0.79809076,0.43964329,-0.41202539,0
-2.6519127,1.0221684,-1.3624238,-0.79809076,0.43964329,-0.41202539,0
3.1839585,0.56564176,0.71870041,0.53088772,0.83649737,-0.13575888,0
-1.2825046,2.8342435,-0.37055051,-0.28497273,0.32708716,0.90100205,0
-2.6971557,0.68943262,-1.2247651,-0.79809076,0.43964329,-0.41202539,0
1.033656,1.6079376,-0.87868375,0.53088772,0.83649737,-0.13575888,0
-3.1102636,0.4708693,-0.73360705,-0.79809076,0.43964329,-0.41202539,0
-1.6841567,1.2809298,-2.218256,0.28497273,-0.32708716,-0.90100205,0
2.2248883,-1.9008158,0.82887983,0.79809076,-0.43964329,0.41202539,0
-1.6289638,1.9931614,-2.1683667,0.28497273,-0.32708716,-0.90100205,0
2.5480471,0.96574247,0.99779963,0.53088772,0.83649737,-0.13575888,0
-3.5961833,-0.12253499,0.05297637,-0.53088772,-0.83649737,0.13575888,0
3.0753987,-0.60047054,0.67593026,0.79809076,-0.43964329,0.41202539,0
-2.659827,-0.90459543,-0.95577049,-0.53088772,-0.83649737,0.13575888,0
2.3410277,0.72665942,0.36820936,0.53088772,0.83649737,-0.13575888,0
-3.3832266,-0.4139235,0.13228106,-0.53088772,-0.83649737,0.13575888,0
1.6661847,-1.6476401,0.14398277,0.28497273,-0.32708716,-0.90100205,0
-0.63990796,1.3166555,-1.7283645,0.28497273,-0.32708716,-0.90100205,0
-0.44790483,2.4305694,-0.43510804,0.53088772,0.83649737,-0.13575888,0
2.8149738,0.76184595,-0.06875968,0.53088772,0.83649737,-0.13575888,0
3.0218496,0.67044079,-0.041205406,0.53088772,0.83649737,-0.13575888,0
-2.8440084,-0.098387644,-2.1650343,-0.79809076,0.43964329,-0.41202539,0
-2.2163453,1.3412757,-1.2243925,-0.79809076,0.43964329,-0.41202539,0
-2.3079069,1.8823266,-0.19477415,-0.28497273,0.32708716,0.90100205,0
2.0759578,-1.8671811,1.0831609,0.79809076,-0.43964329,0.41202539,0
-2.0167112,-0.29975322,-1.8007736,0.28497273,-0.32708716,-0.90100205,0
2.0332232,-2.0815463,1.2011791,0.79809076,-0.43964329,0.41202539,0
-0.83000243,2.6567764,-2.2291918,0.53088772,0.83649737,-0.13575888,0
-0.68930244,2.3239827,-2.2646854,0.28497273,-0.32708716,-0.90100205,0
1.3341655,-2.970871,1.664861,-0.53088772,-0.83649737,0.13575888,0
-0.045851104,-0.079756618,0.99414653,-0.28497273,0.32708716,0.90100205,0
2.3600836,-0.63923526,2.0127962,0.79809076,-0.43964329,0.41202539,0
-1.6329892,-1.6481693,-0.43910241,-0.53088772,-0.83649737,0.13575888,0
2.7943914,-0.32703158,1.8566818,0.79809076,-0.43964329,0.41202539,0
2.7600896,-0.58995032,1.256737,0.79809076,-0.43964329,0.41202539,0
2.2601037,-2.1404357,0.34173512,0.28497273,-0.32708716,-0.90100205,0
-2.2038081,2.3158586,-0.86433458,-0.79809076,0.43964329,-0.41202539,0
2.2080719,-2.103019,0.35660744,0.79809076,-0.43964329,0.41202539,0
0.14330983,2.4697959,-0.076830089,0.53088772,0.83649737,-0.13575888,0
-1.5061859,2.8381929,-0.26933658,-0.28497273,0.32708716,0.90100205,0
1.2744131,0.86482918,-1.0394301,0.28497273,-0.32708716,-0.90100205,0
-1.3655766,-1.546679,0.30799216,-0.53088772,-0.83649737,0.13575888,0
1.5175279,-3.1441569,0.84945726,0.79809076,-0.43964329,0.41202539,0
-2.9081807,0.11918128,-1.4078336,-0.79809076,0.43964329,-0.41202539,0
1.6336759,-3.1002941,1.2399579,0.79809076,-0.43964329,0.41202539,0
3.2249231,0.57945681,1.7282059,0.79809076,-0.43964329,0.41202539,0
-1.9693516,2.5958295,-0.6307826,-0.28497273,0.32708716,0.90100205,0
-0.75903463,-0.92905372,-1.0187575,0.28497273,-0.32708716,-0.90100205,0
-2.6108985,1.8267655,-0.6836319,-0.79809076,0.43964329,-0.41202539,0
-2.7077808,1.7104849,-0.35364056,-0.28497273,0.32708716,0.90100205,0
-0.20084047,2.522042,-0.68133992,0.53088772,0.83649737,-0.13575888,0
-0.36326694,2.3860562,-0.43046579,0.53088772,0.83649737,-0.13575888,0
1.4182639,-0.76473635,1.845248,-0.28497273,0.32708716,0.90100205,0
1.9891304,-2.4079981,0.75347757,0.79809076,-0.43964329,0.41202539,0
0.77956927,-2.4804373,1.5890958,-0.53088772,-0.83649737,0.13575888,0
-0.11253661,-1.163413,1.6942551,-0.28497273,0.32708716,0.90100205,0
-3.1309114,0.078300357,-1.5888495,-0.79809076,0.43964329,-0.41202539,0
-1.1444077,-1.2905538,1.0050995,-0.53088772,-0.83649737,0.13575888,0
-2.6201541,0.30122179,-1.8217108,-0.79809076,0.43964329,-0.41202539,0
2.4211752,1.0822835,1.5109771,0.53088772,0.83649737,-0.13575888,0
-1.5724385,-0.15176274,-1.5073915,0.28497273,-0.32708716,-0.90100205,0
-1.7921624,2.6239049,-0.61934268,-0.79809076,0.43964329,-0.41202539,0
-1.7067573,1.6024989,-2.0664089,-0.79809076,0.43964329,-0.41202539,0
1.5888149,-2.2597756,1.6069167,0.79809076,-0.43964329,0.41202539,0
-0.92852902,-0.69123745,-1.0466819,0.28497273,-0.32708716,-0.90100205,0
-0.0089790821,1.4435728,-1.756269,0.28497273,-0.32708716,-0.90100205,0
-2.7135324,0.017709792,-1.5530461,-0.79809076,0.43964329,-0.41202539,0
-0.09107393,0.87271655,-1.4929008,0.28497273,-0.32708716,-0.90100205,0
1.5244342,-2.7467546,1.5436676,0.79809076,-0.43964329,0.41202539,0
-0.83694291,-0.87862492,-0.98941106,0.28497273,-0.32708716,-0.90100205,0
1.6269329,0.15154931,1.5498204,-0.28497273,0.32708716,0.90100205,0
0.26204348,2.2176373,0.28397021,0.53088772,0.83649737,-0.13575888,0
-0.69275236,2.5599692,-0.53231138,0.53088772,0.83649737,-0.13575888,0
1.8710614,-2.5468144,1.1578555,0.79809076,-0.43964329,0.41202539,0
2.7157745,-1.1421314,1.1487465,0.79809076,-0.43964329,0.41202539,0
-1.9291282,0.56414747,0.17251647,-0.28497273,0.32708716,0.90100205,0
-2.4956691,0.91509128,-1.558296,-0.79809076,0.43964329,-0.41202539,0
-2.9912336,0.33533788,-1.3536887,-0.79809076,0.43964329,-0.41202539,0
-1.4037743,2.3046768,-0.1255151,-0.28497273,0.32708716,0.90100205,0
2.9315829,0.0018355846,1.921106,0.79809076,-0.43964329,0.41202539,0
-1.4497424,-1.292742,0.55518824,-0.53088772,-0.83649737,0.13575888,0
3.39534,0.083264112,0.31334138,0.79809076,-0.43964329,0.41202539,0
-0.091431618,-2.2015467,1.7637024,-0.53088772,-0.83649737,0.13575888,0
1.4742737,1.7327026,1.1519551,-0.28497273,0.32708716,0.90100205,0
-2.0811553,-0.16911578,0.71086454,-0.28497273,0.32708716,0.90100205,0
-1.3922696,2.2615366,-2.0187078,-0.79809076,0.43964329,-0.41202539,0
0.94473511,-0.78068173,-0.46680731,0.28497273,-0.32708716,-0.90100205,0
2.2912483,-1.3688488,1.7782046,0.79809076,-0.43964329,0.41202539,0
1.9461812,-0.78098029,1.9087254,-0.28497273,0.32708716,0.90100205,0
1.4205148,-1.276427,-0.19552195,0.28497273,-0.32708716,-0.90100205,0
-1.7028837,1.7085049,-2.1941531,-0.79809076,0.43964329,-0.41202539,0
-1.0957159,2.8369813,-2.0945501,0.53088772,0.83649737,-0.13575888,0
2.7368126,-1.3961148,0.36953998,0.79809076,-0.43964329,0.41202539,0
0.95034599,-2.9554961,0.66250849,-0.53088772,-0.83649737,0.13575888,0
-0.63798392,1.2799281,-1.8911077,0.28497273,-0.32708716,-0.90100205,0
-2.9216685,-0.20133349,-1.9583884,-0.79809076,0.43964329,-0.41202539,0
-0.89477134,0.12339318,-1.588307,0.28497273,-0.32708716,-0.90100205,0
1.3074417,-0.24259913,1.7393553,-0.28497273,0.32708716,0.90100205,0
-0.22549796,2.3639605,-1.9417753,0.53088772,0.83649737,-0.13575888,0
2.8916752,-0.38310301,1.0376482,0.79809076,-0.43964329,0.41202539,0
-3.1041451,0.93944204,-0.70644116,-0.79809076,0.43964329,-0.41202539,0
2.6180398,-0.87130886,1.1971219,0.79809076,-0.43964329,0.41202539,0
0.62969351,-2.7106628,-0.11414224,0.28497273,-0.32708716,-0.90100205,0
3.1290255,-0.8796618,0.3217876,0.79809076,-0.43964329,0.41202539,0
