-0.96885419,0.56791997,-2.4491334,-0.64798582,-0.44183624,-0.62039912,0
-2.0971928,-2.8483684,1.582145,0.61264575,-0.786309,-0.07989347,0
-0.58717752,-2.2179704,3.2284915,0.61264575,-0.786309,-0.07989347,0
-1.8886688,-0.59876001,-1.023024,-0.64798582,-0.44183624,-0.62039912,0
-1.1708636,-1.7754793,-0.61303264,-0.64798582,-0.44183624,-0.62039912,0
1.4675169,2.1366439,-4.3872681,0.45252571,0.43185478,-0.78020608,0
-0.34909648,0.9552319,-1.2469774,-0.61264575,0.786309,0.07989347,0
-0.25974154,0.86753654,2.4044452,-0.61264575,0.786309,0.07989347,0
-1.9635499,-2.2430084,0.59875274,-0.64798582,-0.44183624,-0.62039912,0
1.1490173,2.376123,-4.3687277,-0.61264575,0.786309,0.07989347,0
-1.7949197,-0.38296485,1.7123501,-0.61264575,0.786309,0.07989347,0
0.75790179,-0.64799547,-2.4018526,0.61264575,-0.786309,-0.07989347,0
-1.2212665,-1.212474,4.8209929,-0.45252571,-0.43185478,0.78020608,0
-2.4528546,-2.3415484,3.7095218,-0.45252571,-0.43185478,0.78020608,0
1.2046502,-0.20918357,-2.4873238,0.61264575,-0.786309,-0.07989347,0
-0.25369501,-0.56351793,3.6521304,0.64798582,0.44183624,0.62039912,0
-1.2018325,-0.6227107,4.7171197,0.64798582,0.44183624,0.62039912,0
2.0410271,0.62199342,-3.6655533,0.61264575,-0.786309,-0.07989347,0
0.39586616,1.0057781,2.2186983,0.64798582,0.44183624,0.62039912,0
0.47955346,0.084438324,-3.5353458,-0.64798582,-0.44183624,-0.62039912,0
1.7841483,2.9011619,-3.826076,0.45252571,0.43185478,-0.78020608,0
-0.41836429,1.1254498,-3.5193737,-0.64798582,-0.44183624,-0.62039912,0
-1.524102,0.43398541,-1.957294,-0.61264575,0.786309,0.07989347,0
-2.4273269,-1.190274,0.3621099,-0.64798582,-0.44183624,-0.62039912,0
2.2702992,3.0248539,-1.5162797,0.64798582,0.44183624,0.62039912,0
1.9279823,3.1755335,-3.3070283,-0.61264575,0.786309,0.07989347,0
1.342002,2.3312683,-0.39729357,-0.61264575,0.786309,0.07989347,0
0.48078489,2.0914998,-4.8243952,0.45252571,0.43185478,-0.78020608,0
-0.51167047,-1.6027985,-1.4709387,-0.64798582,-0.44183624,-0.62039912,0
1.6201794,1.378373,-4.8221588,0.45252571,0.43185478,-0.78020608,0
-1.2415938,-2.3660285,-0.2415266,0.61264575,-0.786309,-0.07989347,0
-1.0683647,0.3457579,-2.4353585,-0.64798582,-0.44183624,-0.62039912,0
0.66658825,-1.1023304,1.8171012,0.61264575,-0.786309,-0.07989347,0
-0.050458312,1.4883994,-3.7102447,-0.61264575,0.786309,0.07989347,0
2.3548632,1.7029777,-3.9036713,0.45252571,0.43185478,-0.78020608,0
-1.8143348,-2.7021773,1.5641804,0.61264575,-0.786309,-0.07989347,0
2.803709,3.5511017,-2.8011885,0.45252571,0.43185478,-0.78020608,0
-1.6333897,-0.010632992,2.484446,-0.61264575,0.786309,0.07989347,0
0.077950001,-0.71732181,3.3693233,0.64798582,0.44183624,0.62039912,0
1.9143275,2.0294971,-4.1691451,0.45252571,0.43185478,-0.78020608,0
2.0417824,0.54527587,-0.60574257,0.61264575,-0.786309,-0.07989347,0
-0.49466693,0.61077321,-2.9185004,-0.64798582,-0.44183624,-0.62039912,0
-3.043138,-3.0080714,2.8933897,-0.45252571,-0.43185478,0.78020608,0
-2.0159588,-1.6170175,4.5840654,-0.45252571,-0.43185478,0.78020608,0
1.9288163,1.9040115,-4.0501008,0.45252571,0.43185478,-0.78020608,0
0.3960197,0.81240058,-4.3379545,-0.64798582,-0.44183624,-0.62039912,0
-2.1961155,-0.60082871,-0.18032891,-0.61264575,0.786309,0.07989347,0
-1.2156851,-0.036176205,-1.8753852,-0.64798582,-0.44183624,-0.62039912,0
-0.43828356,0.44011575,-3.0558119,-0.64798582,-0.44183624,-0.62039912,0
2.4957268,3.585659,-1.834559,-0.61264575,0.786309,0.07989347,0
-1.8791845,-1.299897,4.5402608,-0.45252571,-0.43185478,0.78020608,0
0.55692905,-0.54287064,-1.522815,0.61264575,-0.786309,-0.07989347,0
-2.8922617,-3.0614018,3.0981655,-0.45252571,-0.43185478,0.78020608,0
0.5225687,-0.51036465,-3.4633524,-0.64798582,-0.44183624,-0.62039912,0
1.6366132,0.88475037,-4.7469492,0.45252571,0.43185478,-0.78020608,0
1.6799971,0.53903627,-3.6955421,0.61264575,-0.786309,-0.07989347,0
-2.4666042,-1.8336227,0.44003987,-0.64798582,-0.44183624,-0.62039912,0
2.4196455,0.93722653,-0.11204624,0.64798582,0.44183624,0.62039912,0
-1.8739277,-0.20854259,-0.15017724,-0.61264575,0.786309,0.07989347,0
-1.0813365,-1.0929395,5.0015349,0.64798582,0.44183624,0.62039912,0
0.9499824,-0.46029058,2.3868403,0.64798582,0.44183624,0.62039912,0
2.1841984,0.88795972,-4.2681069,0.61264575,-0.786309,-0.07989347,0
0.48363161,-0.55823648,-2.6624134,0.61264575,-0.786309,-0.07989347,0
-2.4399381,-0.65593392,-0.23459148,-0.64798582,-0.44183624,-0.62039912,0
-1.6737436,-1.2884197,4.6646404,-0.45252571,-0.43185478,0.78020608,0
-1.4832723,-1.1525332,-0.61558485,-0.64798582,-0.44183624,-0.62039912,0
0.4661622,1.5660259,1.0963387,-0.61264575,0.786309,0.07989347,0
-3.0960314,-1.378745,3.9027338,-0.45252571,-0.43185478,0.78020608,0
-1.8486261,-0.16280949,-0.42190054,-0.61264575,0.786309,0.07989347,0
2.7907007,1.006593,-0.42634165,0.61264575,-0.786309,-0.07989347,0
0.81860852,-1.0694795,2.8554304,0.61264575,-0.786309,-0.07989347,0
-2.3786836,-3.3511715,3.2533431,-0.45252571,-0.43185478,0.78020608,0
3.0763941,1.2822117,-0.8682549,0.64798582,0.44183624,0.62039912,0
1.5551872,0.63372111,-5.151969,0.45252571,0.43185478,-0.78020608,0
1.2588727,1.4174955,-5.0658765,0.45252571,0.43185478,-0.78020608,0
1.9925369,1.4891344,-4.4480863,0.45252571,0.43185478,-0.78020608,0
2.4448342,1.3963461,-4.1814976,0.45252571,0.43185478,-0.78020608,0
-1.7471476,0.016581178,1.3398923,-0.61264575,0.786309,0.07989347,0
0.74657023,-0.87778693,3.2537363,0.64798582,0.44183624,0.62039912,0
0.41857719,0.43798041,-3.822041,-0.64798582,-0.44183624,-0.62039912,0
-3.7145791,-2.5035026,2.3239942,-0.64798582,-0.44183624,-0.62039912,0
2.1084669,1.7626545,-4.2620544,0.45252571,0.43185478,-0.78020608,0
-0.52254915,-1.3318523,4.6514096,0.64798582,0.44183624,0.62039912,0
-3.1306038,-2.756007,2.2163243,-0.64798582,-0.44183624,-0.62039912,0
-1.2517138,-2.5800865,3.9547009,0.61264575,-0.786309,-0.07989347,0
1.9039837,3.035954,-1.541394,-0.61264575,0.786309,0.07989347,0
-1.4031849,0.1879791,-1.3628449,-0.61264575,0.786309,0.07989347,0
-1.4650726,-1.4977198,4.8834028,-0.45252571,-0.43185478,0.78020608,0
-1.3010879,-2.2261696,4.6175447,-0.45252571,-0.43185478,0.78020608,0
-0.51213264,0.44651979,-3.0427511,-0.64798582,-0.44183624,-0.62039912,0
-0.57832527,-1.9499674,4.4770408,0.61264575,-0.786309,-0.07989347,0
-2.1938806,-2.0430355,4.1726732,-0.45252571,-0.43185478,0.78020608,0
0.94430804,1.3506668,-4.8927617,-0.64798582,-0.44183624,-0.62039912,0
-3.3306966,-1.5355361,3.2784748,-0.61264575,0.786309,0.07989347,0
3.2326579,2.0358865,-3.4571352,0.45252571,0.43185478,-0.78020608,0
-0.33370119,-1.7329698,-0.48707193,0.61264575,-0.786309,-0.07989347,0
-3.9202037,-2.261766,2.7374783,-0.45252571,-0.43185478,0.78020608,0
-1.4393867,-2.6817548,0.55106544,0.61264575,-0.786309,-0.07989347,0
-2.950655,-3.7439575,2.8197327,-0.45252571,-0.43185478,0.78020608,0
1.5337658,0.81614089,-5.2905226,0.45252571,0.43185478,-0.78020608,0
-0.47250319,-1.2819778,4.7292266,0.64798582,0.44183624,0.62039912,0
-1.705883,-0.44115973,3.9417422,-0.61264575,0.786309,0.07989347,0
0.88139415,-0.15534127,-2.2922144,0.61264575,-0.786309,-0.07989347,0
-2.8434052,-3.0074024,2.970161,-0.45252571,-0.43185478,0.78020608,0
2.837682,1.0355129,-1.0014968,0.61264575,-0.786309,-0.07989347,0
2.484838,3.1618931,-3.3505807,0.45252571,0.43185478,-0.78020608,0
-2.0504727,-2.3331418,4.1625943,-0.45252571,-0.43185478,0.78020608,0
-0.94766092,0.5881896,1.915787,-0.61264575,0.786309,0.07989347,0
-0.30035126,-1.0381086,-2.0963414,-0.64798582,-0.44183624,-0.62039912,0
1.8691727,1.8075614,-0.26821518,0.64798582,0.44183624,0.62039912,0
3.4473722,2.471899,-1.9371128,0.64798582,0.44183624,0.62039912,0
0.95454383,-0.34678197,-3.7222583,0.61264575,-0.786309,-0.07989347,0
-2.8313363,-2.1014192,3.703486,-0.45252571,-0.43185478,0.78020608,0
-2.2324822,-0.48200953,2.3511064,-0.61264575,0.786309,0.07989347,0
-2.9340663,-2.0120623,3.672893,-0.45252571,-0.43185478,0.78020608,0
-3.8043442,-2.5746889,2.3771348,-0.64798582,-0.44183624,-0.62039912,0
1.1302667,0.53036904,1.5290387,0.64798582,0.44183624,0.62039912,0
3.3575344,2.3943114,-3.0386381,0.45252571,0.43185478,-0.78020608,0
0.38656831,1.5876218,-2.3077033,-0.61264575,0.786309,0.07989347,0
-0.14129615,0.16823852,3.3519626,0.64798582,0.44183624,0.62039912,0
2.7526608,1.0667167,-3.3004813,0.61264575,-0.786309,-0.07989347,0
-1.5788445,-0.0076650381,0.2915256,-0.61264575,0.786309,0.07989347,0
-1.875423,-3.0672927,3.6866693,-0.45252571,-0.43185478,0.78020608,0
2.8987293,1.1183335,-0.90702128,0.64798582,0.44183624,0.62039912,0
-3.076952,-3.9202769,2.554296,-0.45252571,-0.43185478,0.78020608,0
3.3234189,1.8257399,-3.5631227,0.45252571,0.43185478,-0.78020608,0
-0.054514408,1.6409004,-4.6344571,-0.64798582,-0.44183624,-0.62039912,0
-2.7079535,-3.17309,3.1454911,-0.45252571,-0.43185478,0.78020608,0
1.9937507,2.3834102,-4.1554384,0.45252571,0.43185478,-0.78020608,0
-2.073343,-3.0387697,3.4696217,-0.45252571,-0.43185478,0.78020608,0
-3.1956673,-2.4345884,2.9664516,-0.45252571,-0.43185478,0.78020608,0
-0.46832967,-1.0412799,4.5832095,0.64798582,0.44183624,0.62039912,0
0.46018827,-1.268672,1.674566,0.61264575,-0.786309,-0.07989347,0
2.6029751,1.1401167,-4.262898,0.45252571,0.43185478,-0.78020608,0
2.064239,0.6302166,-2.3966646,0.61264575,-0.786309,-0.07989347,0
0.52941561,-1.0216618,0.72669053,0.61264575,-0.786309,-0.07989347,0
1.1589711,2.7099288,-3.4759374,-0.61264575,0.786309,0.07989347,0
-2.5002518,-1.4602971,0.74092722,-0.64798582,-0.44183624,-0.62039912,0
-0.052677453,1.1714242,0.72741288,-0.61264575,0.786309,0.07989347,0
-2.9593809,-3.0997505,3.2156625,-0.45252571,-0.43185478,0.78020608,0
2.3743012,0.61093724,0.28717583,0.64798582,0.44183624,0.62039912,0
1.7210469,2.6932459,-0.73395991,-0.61264575,0.786309,0.07989347,0
-3.008378,-1.0475844,1.6314805,-0.61264575,0.786309,0.07989347,0
-1.4504902,0.091076851,2.2095795,-0.61264575,0.786309,0.07989347,0
0.47413433,1.7575718,-3.5942278,-0.61264575,0.786309,0.07989347,0
1.1386948,1.102421,-4.9256415,0.45252571,0.43185478,-0.78020608,0
-3.7129292,-2.5458465,2.5818443,-0.64798582,-0.44183624,-0.62039912,0
-2.2392235,-2.2652817,3.7153263,-0.45252571,-0.43185478,0.78020608,0
1.1744111,0.24224976,1.8425219,0.64798582,0.44183624,0.62039912,0
2.2108643,1.6113961,-4.3512149,0.45252571,0.43185478,-0.78020608,0
-0.42043066,0.41474703,-3.1612475,-0.64798582,-0.44183624,-0.62039912,0
-0.19054258,-1.3074799,-2.0455344,0.61264575,-0.786309,-0.07989347,0
-3.267591,-2.2373326,3.4377499,-0.45252571,-0.43185478,0.78020608,0
-2.2466252,-3.4344816,3.4598742,-0.45252571,-0.43185478,0.78020608,0
0.16624939,1.2601058,1.9219222,0.64798582,0.44183624,0.62039912,0
-1.5442076,-0.89869869,5.127079,-0.45252571,-0.43185478,0.78020608,0
0.69549787,-0.28045633,2.6722784,0.64798582,0.44183624,0.62039912,0
-2.8891182,-1.871429,1.0040767,-0.64798582,-0.44183624,-0.62039912,0
-0.22332305,-1.2168033,-0.31546888,0.61264575,-0.786309,-0.07989347,0
-2.0346963,-1.7450814,0.37676454,-0.64798582,-0.44183624,-0.62039912,0
0.97296286,0.66136789,1.9737265,0.64798582,0.44183624,0.62039912,0
0.67233229,1.5881666,1.3530252,0.64798582,0.44183624,0.62039912,0
3.8173094,2.5921619,-2.5176692,0.64798582,0.44183624,0.62039912,0
1.7083838,2.4693568,-3.9166636,0.45252571,0.43185478,-0.78020608,0
-0.27282655,0.54164618,-3.0737727,-0.64798582,-0.44183624,-0.62039912,0
3.834975,2.0666578,-2.0759573,0.64798582,0.44183624,0.62039912,0
-2.3837228,-3.0022604,1.7115526,-0.64798582,-0.44183624,-0.62039912,0
0.58016157,-0.51643699,3.0988953,0.64798582,0.44183624,0.62039912,0
0.99821532,-0.31724906,-2.2120054,0.61264575,-0.786309,-0.07989347,0
0.68075204,2.4745953,-4.4554348,-0.61264575,0.786309,0.07989347,0
1.7604023,2.8720357,-3.9971609,0.45252571,0.43185478,-0.78020608,0
1.1732045,2.2707906,-1.7301638,-0.61264575,0.786309,0.07989347,0
2.8487043,2.9440424,-2.109396,0.64798582,0.44183624,0.62039912,0
1.6591417,1.1992657,0.33643317,0.64798582,0.44183624,0.62039912,0
-2.2140303,-0.80497891,-0.24280584,-0.64798582,-0.44183624,-0.62039912,0
3.2619824,1.8723278,-1.8323488,0.64798582,0.44183624,0.62039912,0
-1.0416921,-1.8351492,4.8002915,-0.45252571,-0.43185478,0.78020608,0
3.5194263,1.4354218,-2.049268,0.61264575,-0.786309,-0.07989347,0
1.1576061,1.3318882,1.2174394,0.64798582,0.44183624,0.62039912,0
3.3908679,1.444613,-1.4655316,0.61264575,-0.786309,-0.07989347,0
2.1318812,2.4048917,-3.6437359,0.45252571,0.43185478,-0.78020608,0
1.1916242,2.7452915,-3.5530519,-0.61264575,0.786309,0.07989347,0
1.4106922,0.17727971,-4.5621123,-0.64798582,-0.44183624,-0.62039912,0
-0.94250751,0.13610184,3.3131347,-0.61264575,0.786309,0.07989347,0
1.1544095,-0.56245911,-0.11025014,0.61264575,-0.786309,-0.07989347,0
2.5244331,1.6343285,-0.38320804,0.64798582,0.44183624,0.62039912,0
1.9396939,2.4412324,-0.29300928,0.64798582,0.44183624,0.62039912,0
3.1923757,2.0107658,-1.3330109,0.64798582,0.44183624,0.62039912,0
-0.65025115,0.59392375,0.22603752,-0.61264575,0.786309,0.07989347,0
-1.1568956,-1.9769022,4.5995998,-0.45252571,-0.43185478,0.78020608,0
-2.7246814,-1.1925688,0.7523303,-0.64798582,-0.44183624,-0.62039912,0
2.85025,0.85768497,-0.6232903,0.61264575,-0.786309,-0.07989347,0
-0.13001561,-1.1012409,4.1912584,0.64798582,0.44183624,0.62039912,0
-3.2268147,-1.879068,3.2524481,-0.45252571,-0.43185478,0.78020608,0
3.0880599,1.8482091,-3.6359835,0.45252571,0.43185478,-0.78020608,0
-0.87188482,-2.0290868,4.6319599,-0.45252571,-0.43185478,0.78020608,0
-3.1483405,-3.4592519,2.6616945,-0.45252571,-0.43185478,0.78020608,0
2.2105672,2.9229913,-3.6476417,0.45252571,0.43185478,-0.78020608,0
-1.2318637,-0.98130047,4.9350114,0.64798582,0.44183624,0.62039912,0
3.1629291,1.4591331,-1.7982934,0.61264575,-0.786309,-0.07989347,0
-2.0494838,-1.4335413,-0.22356498,-0.64798582,-0.44183624,-0.62039912,0
-2.2861676,-1.3517298,4.5424538,-0.45252571,-0.43185478,0.78020608,0
-0.27892423,0.46005389,-3.2686481,-0.64798582,-0.44183624,-0.62039912,0
-1.5372598,-0.0057611465,0.87504256,-0.61264575,0.786309,0.07989347,0
0.33533061,-0.068434417,2.8169265,0.64798582,0.44183624,0.62039912,0
2.5518625,3.6959553,-3.0100031,0.45252571,0.43185478,-0.78020608,0
0.64335835,0.92944658,1.9452245,0.64798582,0.44183624,0.62039912,0
-3.5809436,-2.1257489,3.1032724,-0.45252571,-0.43185478,0.78020608,0
-1.7606885,-0.46153808,5.0320182,-0.61264575,0.786309,0.07989347,0
-3.3427844,-3.1161342,2.4700613,-0.64798582,-0.44183624,-0.62039912,0
0.75467229,-0.40882087,2.480938,0.64798582,0.44183624,0.62039912,0
-2.2836201,-2.2758336,3.8015289,-0.45252571,-0.43185478,0.78020608,0
-0.20147395,-0.33798075,-3.043005,-0.64798582,-0.44183624,-0.62039912,0
0.47540879,-0.010747373,2.8570681,0.64798582,0.44183624,0.62039912,0
-0.055761814,-0.6842615,3.5781879,0.64798582,0.44183624,0.62039912,0
-3.5943646,-1.8009902,2.1160014,-0.64798582,-0.44183624,-0.62039912,0
1.5171379,2.395124,-0.3533864,0.64798582,0.44183624,0.62039912,0
1.1740544,1.2556949,0.98601586,0.64798582,0.44183624,0.62039912,0
-3.3485427,-2.4901614,3.037385,-0.45252571,-0.43185478,0.78020608,0
-1.2480905,0.0086395741,4.4778776,-0.61264575,0.786309,0.07989347,0
-1.3019457,-0.22651315,3.3002064,-0.61264575,0.786309,0.07989347,0
1.579018,1.941038,-4.568193,0.45252571,0.43185478,-0.78020608,0
2.6449294,3.4513755,-2.993319,0.45252571,0.43185478,-0.78020608,0
-0.083987474,-0.98566437,-2.6349936,-0.64798582,-0.44183624,-0.62039912,0
1.8950093,2.2878282,-4.0969915,0.45252571,0.43185478,-0.78020608,0
-2.4480276,-0.35218978,-0.53966057,-0.61264575,0.786309,0.07989347,0
-3.0539527,-2.4011068,3.1989636,-0.45252571,-0.43185478,0.78020608,0
2.2485294,0.87573749,0.52709794,0.64798582,0.44183624,0.62039912,0
-1.2574373,0.6268059,-2.585391,-0.64798582,-0.44183624,-0.62039912,0
-0.0198071,1.5156063,-4.5623069,-0.61264575,0.786309,0.07989347,0
-2.099756,-0.74369335,4.9908876,-0.45252571,-0.43185478,0.78020608,0
-2.0029109,-1.7307084,4.2460518,-0.45252571,-0.43185478,0.78020608,0
0.97494042,0.93135822,1.2319626,0.64798582,0.44183624,0.62039912,0
0.97309077,1.8123369,-0.22169113,-0.61264575,0.786309,0.07989347,0
0.54903913,0.59166616,-3.920012,-0.64798582,-0.44183624,-0.62039912,0
-2.9133196,-2.8392022,3.0385256,-0.45252571,-0.43185478,0.78020608,0
0.076705039,-1.2351629,1.2656536,0.61264575,-0.786309,-0.07989347,0
-1.729785,-1.5891163,4.4169798,-0.45252571,-0.43185478,0.78020608,0
1.4747249,1.1886226,1.0127802,0.64798582,0.44183624,0.62039912,0
-3.837677,-2.4586911,2.7279243,-0.45252571,-0.43185478,0.78020608,0
3.6896434,2.0925732,-1.8925757,0.64798582,0.44183624,0.62039912,0
2.1602101,2.6911223,-0.69220185,0.64798582,0.44183624,0.62039912,0
2.9096925,2.0159602,-3.6282816,0.45252571,0.43185478,-0.78020608,0
-3.512172,-2.3955631,2.1338205,-0.64798582,-0.44183624,-0.62039912,0
-0.67806649,-1.9974118,3.4198887,0.61264575,-0.786309,-0.07989347,0
-1.4570481,-2.5852988,2.9186072,0.61264575,-0.786309,-0.07989347,0
0.39540315,-1.3669314,2.8109386,0.61264575,-0.786309,-0.07989347,0
2.5775445,2.2839208,-3.7457485,0.45252571,0.43185478,-0.78020608,0
2.119621,3.2821054,-3.1938095,0.45252571,0.43185478,-0.78020608,0
1.5625938,0.46477771,-3.9505136,0.61264575,-0.786309,-0.07989347,0
-1.5712907,0.099264443,-1.4398458,-0.61264575,0.786309,0.07989347,0
2.6243057,2.2090423,-3.5945187,0.45252571,0.43185478,-0.78020608,0
1.3021872,0.32918024,-4.9585271,-0.64798582,-0.44183624,-0.62039912,0
-1.1966149,-1.1641183,-1.4585057,-0.64798582,-0.44183624,-0.62039912,0
2.45714,3.305795,-1.9556808,0.64798582,0.44183624,0.62039912,0
3.3026872,3.5375295,-2.7361617,0.45252571,0.43185478,-0.78020608,0
-0.00043874979,-1.1797211,-0.18221766,0.61264575,-0.786309,-0.07989347,0
-1.1235268,0.25273818,-2.2296505,-0.64798582,-0.44183624,-0.62039912,0
1.5695008,0.21355438,-2.2020686,0.61264575,-0.786309,-0.07989347,0
2.5559962,2.0829279,-3.5211568,0.45252571,0.43185478,-0.78020608,0
1.5555682,0.5548445,-5.056499,-0.64798582,-0.44183624,-0.62039912,0
1.9962673,0.86653721,-4.6837697,0.45252571,0.43185478,-0.78020608,0
1.8243104,0.061109126,1.03614,0.61264575,-0.786309,-0.07989347,0
-0.75146955,0.51172066,1.7943767,-0.61264575,0.786309,0.07989347,0
1.1510434,-0.43884769,2.3081822,0.64798582,0.44183624,0.62039912,0
-0.42059255,-2.2069836,4.8227015,0.61264575,-0.786309,-0.07989347,0
0.86657113,2.2632344,-3.3757987,-0.61264575,0.786309,0.07989347,0
0.4034946,0.16807622,2.9065087,0.64798582,0.44183624,0.62039912,0
-2.3071632,-2.2855582,3.5664635,-0.45252571,-0.43185478,0.78020608,0
-1.3022648,-2.3984931,4.436079,-0.45252571,-0.43185478,0.78020608,0
0.20001364,-0.3962611,3.1829612,0.64798582,0.44183624,0.62039912,0
-2.1722717,-0.69485295,-0.19619054,-0.64798582,-0.44183624,-0.62039912,0
0.36915326,-0.13221002,2.9452689,0.64798582,0.44183624,0.62039912,0
1.5841255,1.5427724,-4.607152,0.45252571,0.43185478,-0.78020608,0
-3.1400907,-1.7107219,1.3710394,-0.64798582,-0.44183624,-0.62039912,0
-2.3108051,-0.73659098,4.2479892,-0.61264575,0.786309,0.07989347,0
-3.4747076,-2.8238757,2.8073931,-0.45252571,-0.43185478,0.78020608,0
-3.3165014,-2.1333961,1.8915682,-0.64798582,-0.44183624,-0.62039912,0
-0.7562151,-1.7811466,5.2366438,-0.45252571,-0.43185478,0.78020608,0
-2.3028615,-0.57679546,2.397198,-0.61264575,0.786309,0.07989347,0
0.83641195,1.7161931,-4.9190154,0.45252571,0.43185478,-0.78020608,0
-0.068921685,-1.465824,-0.24613076,0.61264575,-0.786309,-0.07989347,0
0.63034976,-0.83304918,-1.6805979,0.61264575,-0.786309,-0.07989347,0
0.92577136,-0.11560874,2.5866847,0.64798582,0.44183624,0.62039912,0
1.2164056,1.405466,-5.0337954,0.45252571,0.43185478,-0.78020608,0
2.8209641,2.0807586,-3.8754649,0.45252571,0.43185478,-0.78020608,0
-1.5798495,-2.1415567,0.17755485,-0.64798582,-0.44183624,-0.62039912,0
0.81656039,0.57409286,2.2244039,0.64798582,0.44183624,0.62039912,0
-0.96867752,-0.12560928,4.3959856,0.64798582,0.44183624,0.62039912,0
-1.3186603,-1.1638165,4.9281011,-0.45252571,-0.43185478,0.78020608,0
2.5582616,2.8104119,-3.3212442,0.45252571,0.43185478,-0.78020608,0
-2.9761746,-1.3781189,1.1174333,-0.61264575,0.786309,0.07989347,0
-2.5138671,-1.0364501,0.25315285,-0.64798582,-0.44183624,-0.62039912,0
-2.5849109,-2.57798,3.4628916,-0.45252571,-0.43185478,0.78020608,0
-1.5454229,-1.862525,4.4846005,-0.45252571,-0.43185478,0.78020608,0
-0.55309176,0.27434707,3.8195632,0.64798582,0.44183624,0.62039912,0
-1.4214005,-2.7091734,3.8993883,-0.45252571,-0.43185478,0.78020608,0
-0.029921293,-1.8074687,4.7080846,0.64798582,0.44183624,0.62039912,0
-1.6779127,-2.0172489,4.3029957,-0.45252571,-0.43185478,0.78020608,0
1.1787661,2.2197144,-4.356143,0.45252571,0.43185478,-0.78020608,0
-2.1352963,-1.4902003,4.5836315,-0.45252571,-0.43185478,0.78020608,0
1.6851726,0.20934254,-0.30777419,0.61264575,-0.786309,-0.07989347,0
2.6140289,2.9435744,-3.4974847,0.45252571,0.43185478,-0.78020608,0
1.7742293,1.5847048,0.36821818,0.64798582,0.44183624,0.62039912,0
-0.63497692,0.87385172,-2.1730626,-0.61264575,0.786309,0.07989347,0
3.0985246,2.7735796,-2.8793917,0.45252571,0.43185478,-0.78020608,0
2.6430643,3.2019498,-1.7715464,0.64798582,0.44183624,0.62039912,0
1.4163241,1.0418143,-4.8654885,0.45252571,0.43185478,-0.78020608,0
2.061173,1.3184879,-4.6216483,0.45252571,0.43185478,-0.78020608,0
-2.4713254,-3.3854351,3.0117059,-0.45252571,-0.43185478,0.78020608,0
-0.068545341,-1.1167586,-0.62103641,0.61264575,-0.786309,-0.07989347,0
1.7831852,1.1552449,-4.9714785,0.45252571,0.43185478,-0.78020608,0
2.0266929,2.834842,-3.4957433,0.45252571,0.43185478,-0.78020608,0
1.3795292,-0.40712392,1.8399001,0.64798582,0.44183624,0.62039912,0
-0.71870375,-1.6362426,-1.0887389,-0.64798582,-0.44183624,-0.62039912,0
-1.8526913,-1.3264809,-0.66055453,-0.64798582,-0.44183624,-0.62039912,0
1.3409166,0.92865551,-5.1311631,0.45252571,0.43185478,-0.78020608,0
0.16453052,-1.0241876,3.6915245,0.64798582,0.44183624,0.62039912,0
3.2372024,3.0988374,-2.0803833,0.64798582,0.44183624,0.62039912,0
0.71867311,-0.49718571,-0.8325913,0.61264575,-0.786309,-0.07989347,0
2.9205594,1.5921208,-1.09392,0.64798582,0.44183624,0.62039912,0
0.41767079,-0.96171987,-0.64172304,0.61264575,-0.786309,-0.07989347,0
-1.160465,-1.4182342,4.9637365,-0.45252571,-0.43185478,0.78020608,0
2.9495678,1.0768609,-1.8514311,0.61264575,-0.786309,-0.07989347,0
1.9728147,2.5802033,-0.64516473,0.64798582,0.44183624,0.62039912,0
3.0333374,2.3555412,-3.3469067,0.45252571,0.43185478,-0.78020608,0
2.1117818,3.0099936,-1.5288782,-0.61264575,0.786309,0.07989347,0
-1.5649598,-1.4008623,4.6038971,-0.45252571,-0.43185478,0.78020608,0
2.623307,2.0460601,-3.67133,0.45252571,0.43185478,-0.78020608,0
1.1228173,-0.19607313,2.1242542,0.64798582,0.44183624,0.62039912,0
0.48578525,1.1625811,-4.81143,-0.64798582,-0.44183624,-0.62039912,0
2.5046041,2.9400852,-1.5142858,0.64798582,0.44183624,0.62039912,0
-2.0266862,-0.28161716,0.75115883,-0.61264575,0.786309,0.07989347,0
2.538754,3.290046,-2.8913579,0.45252571,0.43185478,-0.78020608,0
3.4508963,2.2600431,-2.0357366,0.64798582,0.44183624,0.62039912,0
1.977137,1.20833,0.34624952,0.64798582,0.44183624,0.62039912,0
-0.63643217,0.16460747,-2.7588508,-0.64798582,-0.44183624,-0.62039912,0
-0.20034051,-0.19443583,-3.0768721,-0.64798582,-0.44183624,-0.62039912,0
0.62023604,1.859391,-3.3010864,-0.61264575,0.786309,0.07989347,0
-0.61264706,-1.7416654,5.343255,-0.45252571,-0.43185478,0.78020608,0
-0.040750384,-1.20937,-1.6476674,0.61264575,-0.786309,-0.07989347,0
-1.3043513,0.37967104,-1.3651806,-0.61264575,0.786309,0.07989347,0
1.3090501,2.5617042,-4.0549717,0.45252571,0.43185478,-0.78020608,0
-1.6240435,0.087708116,0.37574679,-0.61264575,0.786309,0.07989347,0
1.3138092,2.0276639,-4.6682773,0.45252571,0.43185478,-0.78020608,0
0.1524632,0.85457236,-3.9270182,-0.64798582,-0.44183624,-0.62039912,0
0.56974483,1.6124766,-0.55014038,-0.61264575,0.786309,0.07989347,0
0.73076284,-0.76532412,-0.60812944,0.61264575,-0.786309,-0.07989347,0
-3.3127317,-2.7067137,2.870676,-0.45252571,-0.43185478,0.78020608,0
2.8449979,1.2921569,-3.7745638,0.61264575,-0.786309,-0.07989347,0
-0.76046956,-0.45780483,-1.9606528,-0.64798582,-0.44183624,-0.62039912,0
-0.28279281,-1.3566953,-1.3420119,0.61264575,-0.786309,-0.07989347,0
-2.6109736,-2.8220856,3.3292317,-0.45252571,-0.43185478,0.78020608,0
-3.2872772,-3.1045408,2.5406585,-0.45252571,-0.43185478,0.78020608,0
-3.1400573,-2.7332444,3.2773743,-0.45252571,-0.43185478,0.78020608,0
1.8928028,2.3091486,-0.27835393,0.64798582,0.44183624,0.62039912,0
-2.9016032,-3.8579931,2.6203165,-0.45252571,-0.43185478,0.78020608,0
2.7713571,0.92505783,-0.74758458,0.61264575,-0.786309,-0.07989347,0
0.37400305,1.8559877,-3.006475,-0.61264575,0.786309,0.07989347,0
-2.3730073,-1.9748185,3.8563433,-0.45252571,-0.43185478,0.78020608,0
2.5157483,2.2322547,-0.91538215,0.64798582,0.44183624,0.62039912,0
1.9901149,0.22577345,-0.90705383,0.61264575,-0.786309,-0.07989347,0
0.036157012,-1.0811923,-1.0754117,0.61264575,-0.786309,-0.07989347,0
-3.4082756,-2.743001,2.6717243,-0.45252571,-0.43185478,0.78020608,0
-0.22585469,0.974316,1.0796156,-0.61264575,0.786309,0.07989347,0
-2.7481234,-1.8557806,3.7870708,-0.45252571,-0.43185478,0.78020608,0
-2.4967332,-1.9793427,0.87539196,-0.64798582,-0.44183624,-0.62039912,0
0.55217993,-0.92994493,3.4817288,0.64798582,0.44183624,0.62039912,0
1.0213435,2.3057475,-0.37254953,-0.61264575,0.786309,0.07989347,0
2.2253904,0.66535008,-2.0164723,0.61264575,-0.786309,-0.07989347,0
-2.896841,-3.1847591,2.7892346,-0.45252571,-0.43185478,0.78020608,0
-1.4018569,0.38443482,0.46881878,-0.61264575,0.786309,0.07989347,0
1.5850552,1.8833014,-4.6126409,0.45252571,0.43185478,-0.78020608,0
2.5641181,1.2261006,-0.57509136,0.64798582,0.44183624,0.62039912,0
-2.3839962,-1.8890021,3.7714329,-0.45252571,-0.43185478,0.78020608,0
2.4436879,3.3281708,-2.8257022,-0.61264575,0.786309,0.07989347,0
1.0582287,-0.26591492,-3.1725273,0.61264575,-0.786309,-0.07989347,0
2.497303,1.2938936,-4.4892468,0.45252571,0.43185478,-0.78020608,0
2.6151028,0.88167715,-2.3957989,0.61264575,-0.786309,-0.07989347,0
2.7082977,0.67862481,0.14436924,0.64798582,0.44183624,0.62039912,0
0.15696108,1.7111855,-2.5554767,-0.61264575,0.786309,0.07989347,0
-0.42141092,0.30310583,-2.7312236,-0.64798582,-0.44183624,-0.62039912,0
2.6472385,1.4542887,-3.8544149,0.45252571,0.43185478,-0.78020608,0
1.6390511,0.32764125,-1.6404896,0.61264575,-0.786309,-0.07989347,0
1.086091,0.28216457,1.7164865,0.64798582,0.44183624,0.62039912,0
-0.76766372,0.45356515,-2.471066,-0.64798582,-0.44183624,-0.62039912,0
-0.92810333,-1.7738039,-0.10354793,0.61264575,-0.786309,-0.07989347,0
1.8486962,0.66442484,0.84188092,0.64798582,0.44183624,0.62039912,0
-0.76769102,0.56394655,-2.9298286,-0.64798582,-0.44183624,-0.62039912,0
1.0700278,1.3377007,0.98243159,0.64798582,0.44183624,0.62039912,0
-1.02398,0.26784372,1.6899523,-0.61264575,0.786309,0.07989347,0
-0.39512777,-1.2845412,-1.4607371,0.61264575,-0.786309,-0.07989347,0
-1.3849816,-1.2580383,4.7217851,-0.45252571,-0.43185478,0.78020608,0
1.5646005,0.54721534,-5.2020655,0.61264575,-0.786309,-0.07989347,0
0.18197632,1.4875985,-4.3000321,-0.64798582,-0.44183624,-0.62039912,0
-1.4053135,-0.3171972,4.7022758,0.64798582,0.44183624,0.62039912,0
2.3093679,1.0753646,-0.23289955,0.64798582,0.44183624,0.62039912,0
1.6298772,-0.038903236,-1.9534913,0.61264575,-0.786309,-0.07989347,0
0.13123059,-0.72009045,3.8891425,0.64798582,0.44183624,0.62039912,0
-2.9524999,-3.3077149,3.0749884,-0.45252571,-0.43185478,0.78020608,0
0.092736244,-1.1408052,4.2414627,0.64798582,0.44183624,0.62039912,0
0.13281405,-0.0043227077,2.9215894,0.64798582,0.44183624,0.62039912,0
-2.0897408,-0.30062997,0.58289123,-0.61264575,0.786309,0.07989347,0
0.39858139,2.1433415,-3.9093313,-0.61264575,0.786309,0.07989347,0
3.6335845,2.4850051,-2.4151168,0.64798582,0.44183624,0.62039912,0
-3.0011687,-2.6883397,3.1948957,-0.45252571,-0.43185478,0.78020608,0
3.1449709,1.1842077,-2.558337,0.61264575,-0.786309,-0.07989347,0
0.13084853,-1.222913,-1.7528858,0.61264575,-0.786309,-0.07989347,0
-0.20322394,-1.6861085,4.476265,0.61264575,-0.786309,-0.07989347,0
2.3723145,3.5027313,-2.9998889,0.45252571,0.43185478,-0.78020608,0
-1.7188582,-1.7115235,4.3667898,-0.45252571,-0.43185478,0.78020608,0
0.87989247,0.78955412,1.6360047,0.64798582,0.44183624,0.62039912,0
3.3508387,2.7771337,-2.933363,0.45252571,0.43185478,-0.78020608,0
0.78448093,0.99924684,1.5192592,0.64798582,0.44183624,0.62039912,0
0.95508778,0.018518068,2.2255316,0.64798582,0.44183624,0.62039912,0
-1.4410834,-0.19521868,2.6777613,-0.61264575,0.786309,0.07989347,0
1.0211859,-0.051906228,-3.745899,0.61264575,-0.786309,-0.07989347,0
-1.6858469,0.046474993,-0.58712053,-0.61264575,0.786309,0.07989347,0
0.52436686,-0.29387796,2.8638496,0.64798582,0.44183624,0.62039912,0
-2.9589608,-2.1388736,1.3265486,-0.64798582,-0.44183624,-0.62039912,0
-1.9948617,-0.37019789,3.2364717,-0.61264575,0.786309,0.07989347,0
-0.25948238,1.2450433,-3.8450356,-0.64798582,-0.44183624,-0.62039912,0
0.14954211,-0.96188635,0.56918585,0.61264575,-0.786309,-0.07989347,0
-3.575078,-2.9289258,2.8295445,-0.45252571,-0.43185478,0.78020608,0
-0.83530533,-0.70157576,-1.9728281,-0.64798582,-0.44183624,-0.62039912,0
-0.33542919,-1.7351,4.2502847,0.61264575,-0.786309,-0.07989347,0
-0.27758753,-1.6153185,2.7744348,0.61264575,-0.786309,-0.07989347,0
-0.17443609,0.13341165,3.1135509,0.64798582,0.44183624,0.62039912,0
-3.3551364,-2.5377152,2.9205766,-0.45252571,-0.43185478,0.78020608,0
0.75683594,-0.81506205,2.9199593,0.64798582,0.44183624,0.62039912,0
-3.5506094,-1.9807335,2.5043755,-0.61264575,0.786309,0.07989347,0
0.079302073,0.30131161,-3.7264755,-0.64798582,-0.44183624,-0.62039912,0
-0.7055012,0.61646473,2.90311,-0.61264575,0.786309,0.07989347,0
-0.76549077,-0.29311955,4.3984756,0.64798582,0.44183624,0.62039912,0
2.3697376,0.76273155,-3.2737477,0.61264575,-0.786309,-0.07989347,0
1.9449589,2.5512843,-3.7196493,0.45252571,0.43185478,-0.78020608,0
2.4664738,1.4638423,-4.4149275,0.45252571,0.43185478,-0.78020608,0
2.8100011,1.3901787,-3.7753654,0.45252571,0.43185478,-0.78020608,0
-0.18659806,-0.0070810318,3.3320096,0.64798582,0.44183624,0.62039912,0
-2.6909702,-1.9211214,3.992887,-0.45252571,-0.43185478,0.78020608,0
1.9265482,1.5830942,-4.2035918,0.45252571,0.43185478,-0.78020608,0
-0.26806846,0.94946802,0.4223386,-0.61264575,0.786309,0.07989347,0
1.9582441,0.084098101,-0.80770898,0.61264575,-0.786309,-0.07989347,0
1.6903093,1.8260299,0.38426602,0.64798582,0.44183624,0.62039912,0
-1.6081917,-0.200104,4.1466084,-0.61264575,0.786309,0.07989347,0
-0.34159017,0.21644527,-2.8348722,-0.64798582,-0.44183624,-0.62039912,0
1.7686974,2.6061993,-0.55192041,0.64798582,0.44183624,0.62039912,0
1.3447297,2.3228488,-4.1206307,0.45252571,0.43185478,-0.78020608,0
-1.9734492,-1.7409248,-0.12328291,-0.64798582,-0.44183624,-0.62039912,0
0.016922712,1.3798083,-3.9760997,-0.64798582,-0.44183624,-0.62039912,0
-1.9009982,-0.82499623,-0.95761383,-0.64798582,-0.44183624,-0.62039912,0
-0.17767644,-1.1761932,-1.8305979,0.61264575,-0.786309,-0.07989347,0
1.028569,2.3079989,-0.17397904,-0.61264575,0.786309,0.07989347,0
-0.15901875,-1.8196026,2.5234315,0.61264575,-0.786309,-0.07989347,0
0.29382801,0.3146382,-3.7291126,-0.64798582,-0.44183624,-0.62039912,0
-0.074106336,0.88689387,1.6276433,-0.61264575,0.786309,0.07989347,0
3.6522031,2.7951107,-2.9842324,0.45252571,0.43185478,-0.78020608,0
1.7862815,0.94345605,-5.0826521,0.45252571,0.43185478,-0.78020608,0
3.5658901,2.7455382,-2.7811875,0.45252571,0.43185478,-0.78020608,0
-3.1755159,-1.8504094,3.5228872,-0.45252571,-0.43185478,0.78020608,0
-2.2288377,-1.3478391,0.28947258,-0.64798582,-0.44183624,-0.62039912,0
-2.2351658,-3.0391331,1.5725894,-0.64798582,-0.44183624,-0.62039912,0
-2.9337864,-2.1573381,1.5778239,-0.64798582,-0.44183624,-0.62039912,0
1.2113328,1.5240227,-4.7098999,0.45252571,0.43185478,-0.78020608,0
1.240765,-0.54601586,-0.068867311,0.61264575,-0.786309,-0.07989347,0
2.456903,2.2879341,-0.84894609,0.64798582,0.44183624,0.62039912,0
3.5181115,1.8645194,-3.560945,0.45252571,0.43185478,-0.78020608,0
-1.2668052,0.20561898,1.3732562,-0.61264575,0.786309,0.07989347,0
0.51726794,2.1260817,-4.4648066,-0.61264575,0.786309,0.07989347,0
-1.3687618,-0.11899266,-2.0031343,-0.64798582,-0.44183624,-0.62039912,0
-1.9075638,-2.960001,3.7143602,0.61264575,-0.786309,-0.07989347,0
1.4882762,0.17233849,-5.0151629,-0.64798582,-0.44183624,-0.62039912,0
-1.6463108,-0.71679747,5.0307031,-0.45252571,-0.43185478,0.78020608,0
-0.25606036,-0.42630935,-2.7596836,-0.64798582,-0.44183624,-0.62039912,0
-1.897635,-1.9402491,4.1855631,-0.45252571,-0.43185478,0.78020608,0
-3.9450562,-2.1864855,3.0567222,-0.45252571,-0.43185478,0.78020608,0
-2.4572833,-2.341634,1.1614034,-0.64798582,-0.44183624,-0.62039912,0
-1.7020777,-3.0686491,2.6668558,0.61264575,-0.786309,-0.07989347,0
0.87756407,2.2800903,-3.77878,-0.61264575,0.786309,0.07989347,0
-1.0044024,-1.6830175,5.0410051,-0.45252571,-0.43185478,0.78020608,0
-2.9361939,-2.3030303,3.3490357,-0.45252571,-0.43185478,0.78020608,0
2.2833133,2.5587437,-3.6220403,0.45252571,0.43185478,-0.78020608,0
-1.5887896,-2.0350409,4.3084836,-0.45252571,-0.43185478,0.78020608,0
0.59404111,1.8570347,-3.5546901,-0.61264575,0.786309,0.07989347,0
1.3461179,-0.30624026,1.4884526,0.61264575,-0.786309,-0.07989347,0
1.8097384,1.6081785,0.46921742,0.64798582,0.44183624,0.62039912,0
-1.9179168,-0.61769438,4.7410822,-0.61264575,0.786309,0.07989347,0
-2.9670672,-4.0070634,2.6070318,0.61264575,-0.786309,-0.07989347,0
2.7257118,2.7234292,-3.2433157,0.45252571,0.43185478,-0.78020608,0
-1.8036618,-0.44580978,1.5330734,-0.61264575,0.786309,0.07989347,0
-1.6657865,-2.8378096,3.2879434,0.61264575,-0.786309,-0.07989347,0
3.5268011,3.1754608,-2.698926,0.45252571,0.43185478,-0.78020608,0
1.9395325,1.4935951,-4.4654341,0.45252571,0.43185478,-0.78020608,0
-0.1732502,0.48804426,3.2315924,0.64798582,0.44183624,0.62039912,0
-1.4774278,-0.070297003,3.0895395,-0.61264575,0.786309,0.07989347,0
1.0100248,1.448509,-5.1855803,0.45252571,0.43185478,-0.78020608,0
-0.10502529,0.82379627,-3.3945999,-0.64798582,-0.44183624,-0.62039912,0
-3.0014393,-1.6259483,3.7995701,-0.45252571,-0.43185478,0.78020608,0
-1.7057946,-0.092307687,-1.2752981,-0.61264575,0.786309,0.07989347,0
3.7684438,2.1889601,-2.8565607,0.45252571,0.43185478,-0.78020608,0
1.703589,2.3912432,-4.2208757,0.45252571,0.43185478,-0.78020608,0
-4.101017,-2.1911683,2.923346,-0.45252571,-0.43185478,0.78020608,0
-1.4451052,-1.9534526,4.5439281,-0.45252571,-0.43185478,0.78020608,0
1.4997613,-0.054719448,1.649323,0.61264575,-0.786309,-0.07989347,0
-3.3408895,-1.2631437,1.0034835,-0.61264575,0.786309,0.07989347,0
0.526968,1.0704472,-4.5075116,-0.64798582,-0.44183624,-0.62039912,0
1.8990467,1.9704597,-4.2180805,0.45252571,0.43185478,-0.78020608,0
-0.010442019,-0.52251494,3.534646,0.64798582,0.44183624,0.62039912,0
-1.4290934,-1.1368425,5.0519338,-0.45252571,-0.43185478,0.78020608,0
-0.11588144,0.95570147,2.8000164,0.64798582,0.44183624,0.62039912,0
1.9164212,0.27941,-2.9063706,0.61264575,-0.786309,-0.07989347,0
-0.65254259,-0.33062947,3.8332701,0.64798582,0.44183624,0.62039912,0
1.614529,2.1136544,-4.4787884,0.45252571,0.43185478,-0.78020608,0
-0.00042486191,0.42350465,-3.6911559,-0.64798582,-0.44183624,-0.62039912,0
2.2843032,2.4962568,-0.70631528,0.64798582,0.44183624,0.62039912,0
-2.5684295,-0.71455151,0.68157208,-0.61264575,0.786309,0.07989347,0
3.2739344,2.5572736,-2.9132161,0.45252571,0.43185478,-0.78020608,0
1.8033754,2.1588311,-3.9567556,0.45252571,0.43185478,-0.78020608,0
-2.9781463,-2.7198775,3.3253188,-0.45252571,-0.43185478,0.78020608,0
-1.1648047,-1.3003831,5.1364303,-0.45252571,-0.43185478,0.78020608,0
-0.60880625,-1.6586468,-0.16560102,0.61264575,-0.786309,-0.07989347,0
0.60815585,-0.54017627,-1.8123771,0.61264575,-0.786309,-0.07989347,0
-2.3899503,-3.347486,3.0193691,0.61264575,-0.786309,-0.07989347,0
-0.34295952,-1.316371,-0.063217103,0.61264575,-0.786309,-0.07989347,0
0.36467338,0.4304955,-4.2266655,-0.64798582,-0.44183624,-0.62039912,0
3.6052997,2.0675695,-1.9018419,0.64798582,0.44183624,0.62039912,0
-1.6795359,0.26413292,-1.7552493,-0.61264575,0.786309,0.07989347,0
-0.87275839,-2.2752972,3.5032611,0.61264575,-0.786309,-0.07989347,0
2.1179719,1.4577656,-4.5174217,0.45252571,0.43185478,-0.78020608,0
-2.4090285,-1.5271647,0.05874455,-0.64798582,-0.44183624,-0.62039912,0
-3.2948096,-3.1566949,2.5442276,-0.64798582,-0.44183624,-0.62039912,0
-1.4482445,-1.8807769,-0.40465856,-0.64798582,-0.44183624,-0.62039912,0
0.11408424,0.17257178,2.9510736,0.64798582,0.44183624,0.62039912,0
-0.33554864,-1.8584236,4.5815349,0.61264575,-0.786309,-0.07989347,0
-2.9821942,-1.7825525,3.6618586,-0.45252571,-0.43185478,0.78020608,0
-1.5812478,-2.7207947,1.1111245,0.61264575,-0.786309,-0.07989347,0
2.1164539,2.7173553,-3.4803071,0.45252571,0.43185478,-0.78020608,0
-0.52849889,0.73814988,-0.59766847,-0.61264575,0.786309,0.07989347,0
1.4552588,-0.0022546053,-0.27857345,0.61264575,-0.786309,-0.07989347,0
-0.64815527,-1.9668719,2.7550335,0.61264575,-0.786309,-0.07989347,0
1.5951495,1.9057024,0.48915207,0.64798582,0.44183624,0.62039912,0
2.0475154,0.91989076,-4.9536843,0.45252571,0.43185478,-0.78020608,0
0.97051847,-0.63506436,1.9084927,0.61264575,-0.786309,-0.07989347,0
0.87972569,0.95381445,-4.6997652,-0.64798582,-0.44183624,-0.62039912,0
3.0865693,1.1616205,-2.3539467,0.61264575,-0.786309,-0.07989347,0
-2.0316894,-1.6623451,4.4160509,-0.45252571,-0.43185478,0.78020608,0
-2.2038143,-0.83427387,-0.60173988,-0.64798582,-0.44183624,-0.62039912,0
-2.0644848,-0.74233544,4.8577466,-0.61264575,0.786309,0.07989347,0
2.9428904,2.8117762,-1.7752972,0.64798582,0.44183624,0.62039912,0
-2.123215,-1.6844045,4.3489633,-0.45252571,-0.43185478,0.78020608,0
2.6383653,1.4623587,-4.0814137,0.45252571,0.43185478,-0.78020608,0
2.1586797,1.791981,-4.1802726,0.45252571,0.43185478,-0.78020608,0
-0.93498164,0.18427539,1.0579166,-0.61264575,0.786309,0.07989347,0
2.1027937,3.0068111,-3.408319,0.45252571,0.43185478,-0.78020608,0
2.6441894,2.9412231,-1.700079,0.64798582,0.44183624,0.62039912,0
2.2223082,0.68105507,-0.4366281,0.61264575,-0.786309,-0.07989347,0
-1.5564051,-1.5218782,4.4510107,-0.45252571,-0.43185478,0.78020608,0
-1.3348091,-1.2618955,4.9470286,-0.45252571,-0.43185478,0.78020608,0
1.9510641,2.6312227,-3.7747588,0.45252571,0.43185478,-0.78020608,0
0.68249041,1.8265692,0.74888444,-0.61264575,0.786309,0.07989347,0
3.3336618,3.3023524,-2.6237993,0.45252571,0.43185478,-0.78020608,0
-1.7243103,-1.0661271,4.5837903,-0.45252571,-0.43185478,0.78020608,0
1.9082134,2.9408593,-1.9632664,-0.61264575,0.786309,0.07989347,0
-1.2743673,-1.2223213,5.0975308,-0.45252571,-0.43185478,0.78020608,0
-1.2241185,-2.6047776,1.618711,0.61264575,-0.786309,-0.07989347,0
0.050344586,1.3329172,0.85380054,-0.61264575,0.786309,0.07989347,0
-1.2046198,-2.473242,4.3581996,-0.45252571,-0.43185478,0.78020608,0
-2.9558635,-2.2198534,3.2831588,-0.45252571,-0.43185478,0.78020608,0
-0.13016772,1.6055915,-2.4897697,-0.61264575,0.786309,0.07989347,0
-1.1449795,0.47673905,0.44058079,-0.61264575,0.786309,0.07989347,0
-2.7754996,-1.4376793,4.0390453,-0.45252571,-0.43185478,0.78020608,0
-3.1432204,-1.2394547,1.6551135,-0.61264575,0.786309,0.07989347,0
-1.3279371,-2.6241827,3.1523423,0.61264575,-0.786309,-0.07989347,0
0.47742009,0.97611469,-4.5546904,-0.64798582,-0.44183624,-0.62039912,0
1.041876,1.3352561,1.4642311,0.64798582,0.44183624,0.62039912,0
-2.8995752,-2.1107538,1.2687755,-0.64798582,-0.44183624,-0.62039912,0
-0.081805348,0.57614148,2.5985281,0.64798582,0.44183624,0.62039912,0
-3.2934284,-2.4310887,2.1740084,-0.64798582,-0.44183624,-0.62039912,0
3.6905727,2.6215129,-2.5405707,0.64798582,0.44183624,0.62039912,0
2.6008909,1.2367619,-3.9170732,0.61264575,-0.786309,-0.07989347,0
-1.8111751,-1.7491255,4.2287269,-0.45252571,-0.43185478,0.78020608,0
-0.21677661,-2.0175116,4.8494797,0.64798582,0.44183624,0.62039912,0
-0.6786387,-1.0063117,-2.0423677,-0.64798582,-0.44183624,-0.62039912,0
0.97318804,1.7318918,-4.7353158,0.45252571,0.43185478,-0.78020608,0
-3.3886218,-2.9429781,2.5871091,-0.45252571,-0.43185478,0.78020608,0
2.1012633,0.90461379,0.70448428,0.64798582,0.44183624,0.62039912,0
3.0348096,2.6402228,-3.2148628,0.45252571,0.43185478,-0.78020608,0
0.14417017,0.5711292,2.7087388,0.64798582,0.44183624,0.62039912,0
