-0.30717123,3.7545624,-2.005584,0.13186413,0.86880732,-0.47726905,0
1.428605,1.6994328,-4.2501564,0.25991833,-0.49493158,-0.82914722,0
0.52198398,0.37325639,1.700974,0.95658469,0.014716148,0.29108265,0
-0.010042667,-2.0758567,-2.6099162,0.25991833,-0.49493158,-0.82914722,0
-1.6303459,-3.3358672,2.0360746,-0.13186413,-0.86880732,0.47726905,0
0.98239803,1.8986764,-0.20382476,0.95658469,0.014716148,0.29108265,0
0.66528261,3.0644507,-2.6753278,0.13186413,0.86880732,-0.47726905,0
-1.3120818,3.5377312,0.71043402,-0.95658469,-0.014716148,-0.29108265,0
-0.00037050247,4.241601,-0.9987998,0.13186413,0.86880732,-0.47726905,0
-1.1779659,-3.0592511,2.3515024,-0.13186413,-0.86880732,0.47726905,0
-1.4708256,-3.2120073,0.98420644,-0.95658469,-0.014716148,-0.29108265,0
-0.25303888,3.3307288,-2.181524,-0.95658469,-0.014716148,-0.29108265,0
0.97655559,-2.3767011,-2.0654032,0.25991833,-0.49493158,-0.82914722,0
-0.57065392,-4.7178621,-0.28886533,-0.13186413,-0.86880732,0.47726905,0
1.3523017,3.0132024,-2.166014,0.13186413,0.86880732,-0.47726905,0
-0.85219377,-2.3125136,3.7304778,-0.13186413,-0.86880732,0.47726905,0
0.12561369,-3.3226488,-1.7932742,0.25991833,-0.49493158,-0.82914722,0
1.4772408,2.8212473,-2.8680196,0.13186413,0.86880732,-0.47726905,0
1.2041633,-1.815666,-2.1978261,0.25991833,-0.49493158,-0.82914722,0
1.2729647,2.100167,-3.9683194,0.13186413,0.86880732,-0.47726905,0
-0.062851667,4.3165112,-0.64058638,0.13186413,0.86880732,-0.47726905,0
0.51957107,-4.0607672,1.0901639,-0.13186413,-0.86880732,0.47726905,0
-0.74076104,-2.3873873,-1.0627139,-0.95658469,-0.014716148,-0.29108265,0
1.4773167,-0.208305,-1.5705341,0.95658469,0.014716148,0.29108265,0
0.91175973,1.3690733,-4.3525686,0.25991833,-0.49493158,-0.82914722,0
0.61702442,4.8550348,0.48326993,0.13186413,0.86880732,-0.47726905,0
1.4913957,-1.9414736,-1.4419206,0.95658469,0.014716148,0.29108265,0
-0.33757198,-2.7231641,3.6112919,-0.13186413,-0.86880732,0.47726905,0
0.73606491,-4.385108,0.73175168,-0.13186413,-0.86880732,0.47726905,0
-0.037416935,3.2352726,1.8288839,-0.25991833,0.49493158,0.82914722,0
0.7655375,-4.3660145,0.58860016,-0.13186413,-0.86880732,0.47726905,0
-0.78169698,-3.0639248,2.2471275,-0.13186413,-0.86880732,0.47726905,0
-0.43014145,-1.191982,4.1711278,-0.25991833,0.49493158,0.82914722,0
0.58186913,-0.40518975,-3.2792232,0.25991833,-0.49493158,-0.82914722,0
1.8618486,0.35352468,-2.0195491,0.95658469,0.014716148,0.29108265,0
0.40945923,2.4400098,-3.7755888,0.13186413,0.86880732,-0.47726905,0
2.0308666,0.68877482,-3.4582314,0.25991833,-0.49493158,-0.82914722,0
0.41521645,-4.6063538,-0.80603194,0.25991833,-0.49493158,-0.82914722,0
1.6968181,2.9490919,-2.5690925,0.13186413,0.86880732,-0.47726905,0
-0.023929,3.6283793,-1.6489371,0.13186413,0.86880732,-0.47726905,0
0.31831992,2.6967974,-3.566473,0.13186413,0.86880732,-0.47726905,0
-0.57111716,2.4780135,1.9385202,-0.25991833,0.49493158,0.82914722,0
0.45258331,-4.1948557,0.62407112,-0.13186413,-0.86880732,0.47726905,0
1.7397666,-0.90649652,-1.576478,0.95658469,0.014716148,0.29108265,0
-1.7770169,-0.012058258,2.8270571,-0.95658469,-0.014716148,-0.29108265,0
1.2926526,-2.9614823,-1.074011,0.95658469,0.014716148,0.29108265,0
1.2579186,-3.1860404,-1.178731,0.25991833,-0.49493158,-0.82914722,0
-1.5682526,-0.89982951,2.3924189,-0.95658469,-0.014716148,-0.29108265,0
-0.92199928,0.18421614,0.092410594,-0.95658469,-0.014716148,-0.29108265,0
-0.039597034,-4.6295633,0.082762957,-0.13186413,-0.86880732,0.47726905,0
1.2217331,-3.1723509,-1.3670671,0.25991833,-0.49493158,-0.82914722,0
-1.2307043,-2.5072038,3.1969652,-0.13186413,-0.86880732,0.47726905,0
1.0878785,-4.5748963,-0.3804853,0.25991833,-0.49493158,-0.82914722,0
-1.1569135,0.74690485,2.9132674,-0.25991833,0.49493158,0.82914722,0
-1.1867881,-3.1386991,0.59588313,-0.95658469,-0.014716148,-0.29108265,0
0.89007807,-4.1557698,-1.0432665,0.25991833,-0.49493158,-0.82914722,0
1.3651693,3.2731819,-1.9666643,0.13186413,0.86880732,-0.47726905,0
1.3481364,-2.2967868,-1.8591819,0.25991833,-0.49493158,-0.82914722,0
-0.83336854,-3.7841878,-0.96596718,-0.95658469,-0.014716148,-0.29108265,0
1.8056883,2.1932135,-3.7771406,0.13186413,0.86880732,-0.47726905,0
-0.38612556,-1.0391551,4.0079308,-0.25991833,0.49493158,0.82914722,0
-2.022043,-2.0272744,4.198945,-0.25991833,0.49493158,0.82914722,0
1.0791837,1.654374,-4.1568642,0.25991833,-0.49493158,-0.82914722,0
1.26675,3.1384947,-1.0090024,0.95658469,0.014716148,0.29108265,0
-1.0767002,-3.8996475,1.1871955,-0.13186413,-0.86880732,0.47726905,0
0.47550344,-4.1713886,-1.0984508,0.25991833,-0.49493158,-0.82914722,0
-0.1507346,2.0002997,-3.3221979,-0.95658469,-0.014716148,-0.29108265,0
-0.8637259,4.5824628,-0.65144563,0.13186413,0.86880732,-0.47726905,0
0.53701544,-1.9683135,-2.1494398,0.25991833,-0.49493158,-0.82914722,0
0.85946602,2.3265033,-3.8309634,0.13186413,0.86880732,-0.47726905,0
0.16551113,4.73105,0.72761559,-0.25991833,0.49493158,0.82914722,0
-0.68306017,-1.3790903,4.2365065,-0.25991833,0.49493158,0.82914722,0
0.21556759,-1.0416713,-2.7871456,0.25991833,-0.49493158,-0.82914722,0
-0.14772034,1.4203885,2.695303,-0.25991833,0.49493158,0.82914722,0
1.1144555,4.1225872,-0.98709631,0.13186413,0.86880732,-0.47726905,0
0.75553668,1.9778352,0.29378879,0.95658469,0.014716148,0.29108265,0
0.37992072,-3.8793597,1.1527834,-0.13186413,-0.86880732,0.47726905,0
-0.039075851,-4.8098755,-0.78877568,0.25991833,-0.49493158,-0.82914722,0
-0.9045496,-0.61622131,3.9099455,-0.25991833,0.49493158,0.82914722,0
-0.53930545,1.3030667,2.45696,-0.25991833,0.49493158,0.82914722,0
-0.44944501,-0.1344482,-1.4142361,-0.95658469,-0.014716148,-0.29108265,0
0.81111461,-0.98293746,1.4893117,0.95658469,0.014716148,0.29108265,0
2.002116,0.50399232,-3.3426871,0.25991833,-0.49493158,-0.82914722,0
-0.58813238,-4.941205,-0.74287462,0.25991833,-0.49493158,-0.82914722,0
0.91838861,3.1421669,-0.13513756,0.95658469,0.014716148,0.29108265,0
0.049717128,-2.3494644,3.7953889,-0.13186413,-0.86880732,0.47726905,0
1.0087489,-2.2157724,0.16212064,0.95658469,0.014716148,0.29108265,0
-0.28887939,-3.3414779,-1.9294097,0.25991833,-0.49493158,-0.82914722,0
1.7330563,1.192196,-3.682138,0.25991833,-0.49493158,-0.82914722,0
0.11382413,3.7340612,-1.6225102,0.13186413,0.86880732,-0.47726905,0
-0.083385825,-3.591315,1.7641064,-0.13186413,-0.86880732,0.47726905,0
0.69804335,-3.1594911,-1.6989756,0.25991833,-0.49493158,-0.82914722,0
0.84425139,0.14205384,-3.3825181,0.25991833,-0.49493158,-0.82914722,0
0.73099947,-4.4656057,-0.50446486,0.25991833,-0.49493158,-0.82914722,0
1.0709972,0.10127413,0.44139883,0.95658469,0.014716148,0.29108265,0
-0.90815532,-1.1010424,-0.62036878,-0.95658469,-0.014716148,-0.29108265,0
-0.054131269,-0.27666366,3.6846895,-0.25991833,0.49493158,0.82914722,0
2.0695391,2.0946288,-3.8718865,0.13186413,0.86880732,-0.47726905,0
-1.2275889,-1.7981592,4.2742109,-0.25991833,0.49493158,0.82914722,0
0.92993522,-2.010608,-1.9377494,0.25991833,-0.49493158,-0.82914722,0
0.97134948,3.4200258,-0.38933182,0.95658469,0.014716148,0.29108265,0
-1.0981688,-0.70221174,3.8115551,-0.25991833,0.49493158,0.82914722,0
-1.1699026,-3.9474466,0.98189449,-0.13186413,-0.86880732,0.47726905,0
0.72241855,1.1983719,-3.9217253,0.25991833,-0.49493158,-0.82914722,0
-1.3459337,-3.2843335,2.1471746,-0.13186413,-0.86880732,0.47726905,0
-0.59060323,1.3536173,-1.0665262,-0.95658469,-0.014716148,-0.29108265,0
-0.32450247,1.09007,3.0220361,-0.25991833,0.49493158,0.82914722,0
-0.27815676,-4.8057079,-0.04853034,-0.13186413,-0.86880732,0.47726905,0
0.60754287,2.5006647,-3.2802243,0.13186413,0.86880732,-0.47726905,0
1.5627232,-1.4701993,-2.0266373,0.25991833,-0.49493158,-0.82914722,0
0.63913536,0.73493457,1.9112449,0.95658469,0.014716148,0.29108265,0
1.103977,-3.4941661,-1.1154091,0.25991833,-0.49493158,-0.82914722,0
0.14133883,-3.0731907,-1.6491828,0.25991833,-0.49493158,-0.82914722,0
-1.3182595,2.8004398,1.4878321,-0.25991833,0.49493158,0.82914722,0
0.499017,3.8624091,-1.6091535,0.13186413,0.86880732,-0.47726905,0
-0.19063163,-0.68979228,3.9340682,-0.25991833,0.49493158,0.82914722,0
0.16596889,2.2545183,-3.9531608,0.13186413,0.86880732,-0.47726905,0
-1.1788208,1.3988371,2.3094745,-0.25991833,0.49493158,0.82914722,0
1.163923,-4.0683613,-0.16338205,0.95658469,0.014716148,0.29108265,0
-0.89466596,4.5256395,-0.45304704,0.13186413,0.86880732,-0.47726905,0
0.84603274,0.13416916,1.2294649,0.95658469,0.014716148,0.29108265,0
0.92775297,2.4077079,-3.7913356,0.13186413,0.86880732,-0.47726905,0
-0.83328223,2.3791842,-1.2814026,-0.95658469,-0.014716148,-0.29108265,0
-0.53173685,-4.2388315,0.23207378,-0.13186413,-0.86880732,0.47726905,0
-1.2530684,4.8424773,0.36536717,-0.95658469,-0.014716148,-0.29108265,0
1.5389991,-0.72342777,-2.6072059,0.25991833,-0.49493158,-0.82914722,0
0.18630922,-0.09255524,2.2421966,0.95658469,0.014716148,0.29108265,0
-1.27005,3.4240887,0.64090657,-0.95658469,-0.014716148,-0.29108265,0
0.24382257,5.1128068,0.69595742,0.13186413,0.86880732,-0.47726905,0
0.77054644,-4.3176613,0.89013004,-0.13186413,-0.86880732,0.47726905,0
0.33247417,2.4366724,-3.9727905,0.13186413,0.86880732,-0.47726905,0
2.1197445,1.6908873,-3.0702748,0.95658469,0.014716148,0.29108265,0
-1.2603437,-3.2850864,1.4412332,-0.95658469,-0.014716148,-0.29108265,0
1.5796427,-0.11246049,-1.209641,0.95658469,0.014716148,0.29108265,0
0.51847935,4.4133677,1.2491567,-0.25991833,0.49493158,0.82914722,0
0.60247421,4.6912413,0.014128923,0.13186413,0.86880732,-0.47726905,0
0.75629461,2.2151299,0.24081004,0.95658469,0.014716148,0.29108265,0
-0.23141563,-1.6749206,3.6108305,0.95658469,0.014716148,0.29108265,0
-0.17781973,0.98096043,-3.0398331,-0.95658469,-0.014716148,-0.29108265,0
-0.073648691,-4.4506693,0.31480885,-0.13186413,-0.86880732,0.47726905,0
1.2892952,-0.1602788,-0.82359976,0.95658469,0.014716148,0.29108265,0
1.8596447,1.344081,-3.1766572,0.95658469,0.014716148,0.29108265,0
-0.37435603,3.5177076,-1.7184336,0.13186413,0.86880732,-0.47726905,0
-0.6225214,2.5168355,-2.1454749,-0.95658469,-0.014716148,-0.29108265,0
0.57604504,-4.2348404,-0.92921102,0.25991833,-0.49493158,-0.82914722,0
-0.24049792,2.6286097,-2.4297695,-0.95658469,-0.014716148,-0.29108265,0
1.1363566,-2.9405808,-1.6930534,0.25991833,-0.49493158,-0.82914722,0
1.992143,1.399621,-3.999068,0.25991833,-0.49493158,-0.82914722,0
1.2303474,-3.7080209,-1.1738787,0.25991833,-0.49493158,-0.82914722,0
0.96738291,4.1841636,-0.16685581,0.13186413,0.86880732,-0.47726905,0
-0.17304707,2.9795885,1.8360248,-0.25991833,0.49493158,0.82914722,0
0.25435722,-1.1014335,2.2482767,0.95658469,0.014716148,0.29108265,0
-0.88747668,-2.1411409,4.6055956,-0.13186413,-0.86880732,0.47726905,0
0.86220026,-4.3153405,0.94927526,0.95658469,0.014716148,0.29108265,0
-0.217067,1.3592124,2.7427855,-0.25991833,0.49493158,0.82914722,0
-1.3531848,-1.8816457,4.4084983,-0.25991833,0.49493158,0.82914722,0
1.1759815,-0.47572565,-2.7313404,0.25991833,-0.49493158,-0.82914722,0
1.1281588,2.8666294,0.025241613,0.95658469,0.014716148,0.29108265,0
-0.023201466,-4.9919391,-0.32724929,-0.13186413,-0.86880732,0.47726905,0
1.7323784,0.81178844,-2.4896445,0.95658469,0.014716148,0.29108265,0
0.46730018,2.2467613,-4.5304852,0.13186413,0.86880732,-0.47726905,0
-1.3116295,-2.1952262,4.2078323,-0.13186413,-0.86880732,0.47726905,0
1.4379718,-0.2849437,-1.5961576,0.95658469,0.014716148,0.29108265,0
-0.80196524,-1.5770763,-1.0549701,-0.95658469,-0.014716148,-0.29108265,0
-1.717375,1.7024841,1.776767,-0.95658469,-0.014716148,-0.29108265,0
-0.24589235,1.4528878,-2.9865878,-0.95658469,-0.014716148,-0.29108265,0
-1.8628908,-0.90155983,3.6549768,-0.25991833,0.49493158,0.82914722,0
1.1225178,-3.9994304,0.51220369,0.95658469,0.014716148,0.29108265,0
0.96493161,-3.4734149,0.94462347,0.95658469,0.014716148,0.29108265,0
-1.8616251,0.54799914,2.8633351,-0.25991833,0.49493158,0.82914722,0
-0.19974494,-4.433217,0.12698126,-0.13186413,-0.86880732,0.47726905,0
1.170015,2.1790118,-0.18363786,0.95658469,0.014716148,0.29108265,0
0.3730734,-2.0007286,2.3821313,0.95658469,0.014716148,0.29108265,0
-1.3053306,2.6227667,0.24115795,-0.95658469,-0.014716148,-0.29108265,0
1.8608322,0.75556815,-2.0676589,0.95658469,0.014716148,0.29108265,0
-0.80532491,-2.2007973,4.3357496,-0.13186413,-0.86880732,0.47726905,0
-1.092204,-1.9162962,4.6399436,-0.13186413,-0.86880732,0.47726905,0
0.11668038,-3.9553363,1.3423691,-0.13186413,-0.86880732,0.47726905,0
0.36433029,-4.7749949,-0.34643459,-0.13186413,-0.86880732,0.47726905,0
-1.0423402,-2.4849265,3.6268244,-0.13186413,-0.86880732,0.47726905,0
0.092403889,1.368855,3.0086119,-0.25991833,0.49493158,0.82914722,0
1.4273503,-1.1477672,-0.78687489,0.95658469,0.014716148,0.29108265,0
0.2277838,-0.36400476,2.9266677,0.95658469,0.014716148,0.29108265,0
-1.3595359,0.79269099,2.8633699,-0.25991833,0.49493158,0.82914722,0
0.31584263,3.290267,-2.0518746,0.13186413,0.86880732,-0.47726905,0
-0.87799954,-2.6913021,0.03555727,-0.95658469,-0.014716148,-0.29108265,0
0.20039654,-1.267835,-2.6059875,0.25991833,-0.49493158,-0.82914722,0
0.92717332,2.2635922,-3.6986232,0.13186413,0.86880732,-0.47726905,0
1.4274838,-1.9308795,-1.6706316,0.95658469,0.014716148,0.29108265,0
0.12556005,1.6794266,2.6048319,-0.25991833,0.49493158,0.82914722,0
0.14638495,0.57155526,2.6357989,0.95658469,0.014716148,0.29108265,0
-0.11128759,1.5564471,2.7747526,-0.25991833,0.49493158,0.82914722,0
1.7038679,0.34731412,-3.0755558,0.25991833,-0.49493158,-0.82914722,0
0.86173868,3.8372188,-0.7535727,0.13186413,0.86880732,-0.47726905,0
-1.5546961,-3.0256758,2.4759917,-0.95658469,-0.014716148,-0.29108265,0
1.3381435,-1.5190262,-0.53119022,0.95658469,0.014716148,0.29108265,0
1.0090227,-0.6713599,-3.1182938,0.25991833,-0.49493158,-0.82914722,0
0.56592274,0.34755713,1.3648744,0.95658469,0.014716148,0.29108265,0
-0.87772214,0.94317317,-1.1142609,-0.95658469,-0.014716148,-0.29108265,0
-0.91236544,-2.6883931,0.05324626,-0.95658469,-0.014716148,-0.29108265,0
0.5011797,-3.4710703,2.0235515,-0.13186413,-0.86880732,0.47726905,0
-0.58278275,4.4088554,-0.86662316,0.13186413,0.86880732,-0.47726905,0
0.73291039,2.0945594,-4.4361906,0.13186413,0.86880732,-0.47726905,0
-0.61958933,-4.9009504,-0.50750613,-0.13186413,-0.86880732,0.47726905,0
1.5155108,2.9830565,-2.6968832,0.13186413,0.86880732,-0.47726905,0
1.1904089,-3.3876293,-1.2974659,0.25991833,-0.49493158,-0.82914722,0
-0.60117078,-0.16158473,3.4992239,-0.25991833,0.49493158,0.82914722,0
-1.3100791,-2.0261936,3.992517,-0.13186413,-0.86880732,0.47726905,0
1.1023029,0.86415875,-3.7471497,0.25991833,-0.49493158,-0.82914722,0
-0.92040372,3.4506145,-0.27172124,-0.95658469,-0.014716148,-0.29108265,0
0.92255008,1.7283673,-0.25609887,0.95658469,0.014716148,0.29108265,0
0.20085955,-3.732285,-1.4970809,0.25991833,-0.49493158,-0.82914722,0
-1.3408861,-1.6695219,0.61308539,-0.95658469,-0.014716148,-0.29108265,0
0.72611386,-1.9196334,1.6619443,0.95658469,0.014716148,0.29108265,0
-1.2312264,-1.5719063,0.21668029,-0.95658469,-0.014716148,-0.29108265,0
-1.2586381,0.016958117,0.041060865,-0.95658469,-0.014716148,-0.29108265,0
-1.0908282,-2.1816404,4.3682175,-0.25991833,0.49493158,0.82914722,0
-0.28302407,1.5320017,2.6732874,-0.25991833,0.49493158,0.82914722,0
-0.73279715,4.3957634,-0.16906857,0.13186413,0.86880732,-0.47726905,0
0.56207585,-1.1120127,-2.9460201,0.25991833,-0.49493158,-0.82914722,0
-0.61739516,4.2143011,-0.62128401,0.13186413,0.86880732,-0.47726905,0
0.33987617,4.4796152,0.072109699,0.13186413,0.86880732,-0.47726905,0
-1.9492184,-2.3651202,3.1665006,-0.95658469,-0.014716148,-0.29108265,0
1.2510753,-0.43706965,-2.8447306,0.25991833,-0.49493158,-0.82914722,0
-0.55935681,-0.34099507,-1.523059,-0.95658469,-0.014716148,-0.29108265,0
-0.36230731,-3.1716852,2.1490932,-0.13186413,-0.86880732,0.47726905,0
-0.75717938,-1.9338802,4.4478297,-0.25991833,0.49493158,0.82914722,0
0.1514208,3.1045592,-2.9456129,0.13186413,0.86880732,-0.47726905,0
-0.95109963,-2.4071889,3.5515637,-0.13186413,-0.86880732,0.47726905,0
1.1481636,-2.0101664,-2.2810593,0.25991833,-0.49493158,-0.82914722,0
-1.6799768,0.54385662,2.5974662,-0.25991833,0.49493158,0.82914722,0
1.4039919,1.5104665,-4.2301812,0.25991833,-0.49493158,-0.82914722,0
-0.57259536,4.2815285,-0.58494735,0.13186413,0.86880732,-0.47726905,0
-0.13853812,-3.8026972,1.050379,-0.13186413,-0.86880732,0.47726905,0
-1.4037834,1.7025168,0.63022739,-0.95658469,-0.014716148,-0.29108265,0
-1.3482924,-2.0267572,0.83923256,-0.95658469,-0.014716148,-0.29108265,0
-0.99477589,-2.0714829,4.0742335,-0.13186413,-0.86880732,0.47726905,0
0.29318869,2.4170809,-3.6681542,0.13186413,0.86880732,-0.47726905,0
0.026770473,1.5591495,-3.7694476,-0.95658469,-0.014716148,-0.29108265,0
1.2374984,1.0429192,-3.7812924,0.25991833,-0.49493158,-0.82914722,0
0.15893459,-4.3838072,0.17791796,-0.13186413,-0.86880732,0.47726905,0
1.9925902,1.5592997,-3.7230921,0.95658469,0.014716148,0.29108265,0
1.41207,2.3923457,-3.6604748,0.13186413,0.86880732,-0.47726905,0
-0.22949266,4.9406233,0.31203079,0.13186413,0.86880732,-0.47726905,0
-0.63903999,0.70068687,2.9288716,-0.25991833,0.49493158,0.82914722,0
0.55961573,-0.038455814,1.0427532,0.95658469,0.014716148,0.29108265,0
1.18616,-2.3277435,0.104249,0.95658469,0.014716148,0.29108265,0
-0.79172349,-2.8975117,-0.35603237,-0.95658469,-0.014716148,-0.29108265,0
0.23336625,2.3426399,-4.4030104,0.13186413,0.86880732,-0.47726905,0
1.2608173,-1.756227,-2.1457376,0.25991833,-0.49493158,-0.82914722,0
0.41499376,4.7038546,-0.0069615841,0.13186413,0.86880732,-0.47726905,0
-1.2684247,0.92326748,0.37482697,-0.95658469,-0.014716148,-0.29108265,0
-0.54202604,-3.7968245,-1.5946888,0.25991833,-0.49493158,-0.82914722,0
-0.28672749,-2.5476494,3.36132,-0.13186413,-0.86880732,0.47726905,0
-0.60179287,0.84059942,-0.83452535,-0.95658469,-0.014716148,-0.29108265,0
-0.71322536,4.8734097,0.25347066,0.13186413,0.86880732,-0.47726905,0
-0.036046505,-3.1798522,2.8609905,-0.13186413,-0.86880732,0.47726905,0
1.1184332,-3.1661158,-0.091641068,0.95658469,0.014716148,0.29108265,0
0.87226057,2.5447674,1.0018803,0.95658469,0.014716148,0.29108265,0
0.21618485,-3.5996785,1.6684214,-0.13186413,-0.86880732,0.47726905,0
-1.000612,3.5307269,1.061043,-0.25991833,0.49493158,0.82914722,0
0.98213351,3.1252637,-2.1146767,0.13186413,0.86880732,-0.47726905,0
1.2578347,3.8815,-0.93990636,0.13186413,0.86880732,-0.47726905,0
1.4313924,-0.6611681,-2.939908,0.25991833,-0.49493158,-0.82914722,0
0.020752192,3.5071533,-2.2614169,0.13186413,0.86880732,-0.47726905,0
0.44435358,-3.3487837,1.8972003,0.95658469,0.014716148,0.29108265,0
0.90310478,-3.2797618,1.1461021,0.95658469,0.014716148,0.29108265,0
-0.84482455,3.0515416,1.4647167,-0.25991833,0.49493158,0.82914722,0
0.47347498,2.2102685,-4.4137177,0.13186413,0.86880732,-0.47726905,0
-0.35178971,-0.50421786,3.8681443,-0.25991833,0.49493158,0.82914722,0
0.9647826,2.1037555,0.49242175,0.95658469,0.014716148,0.29108265,0
-0.60451531,2.8820674,1.5502795,-0.25991833,0.49493158,0.82914722,0
0.042524815,3.8578541,1.1138371,-0.25991833,0.49493158,0.82914722,0
0.90984023,0.8427242,0.0074664354,0.95658469,0.014716148,0.29108265,0
-0.9303447,-3.2158542,1.9009018,-0.13186413,-0.86880732,0.47726905,0
-2.0450675,-0.48690248,3.0145197,-0.95658469,-0.014716148,-0.29108265,0
0.045003414,4.8632312,0.38641691,0.13186413,0.86880732,-0.47726905,0
-0.045064211,-2.4184637,-2.1357453,0.25991833,-0.49493158,-0.82914722,0
-1.3941551,-2.8647532,2.8473129,-0.13186413,-0.86880732,0.47726905,0
1.7305542,2.5193024,-1.8298082,0.95658469,0.014716148,0.29108265,0
0.91199708,3.7432294,-0.97426343,0.13186413,0.86880732,-0.47726905,0
1.1452365,-3.421556,0.24864173,0.95658469,0.014716148,0.29108265,0
-0.6589632,3.8590734,-1.1193019,0.13186413,0.86880732,-0.47726905,0
1.2404959,-2.4335475,-0.5449785,0.95658469,0.014716148,0.29108265,0
0.69677222,3.341553,-2.0163543,0.13186413,0.86880732,-0.47726905,0
-1.2459905,2.850034,0.65471482,-0.95658469,-0.014716148,-0.29108265,0
-2.0910079,-1.0078309,3.0149746,-0.95658469,-0.014716148,-0.29108265,0
-0.51978755,-2.7147503,-1.1197692,-0.95658469,-0.014716148,-0.29108265,0
1.2668811,0.69740975,-3.525799,0.25991833,-0.49493158,-0.82914722,0
0.69645929,-4.6708131,-0.095733643,-0.13186413,-0.86880732,0.47726905,0
0.51885509,4.2127318,-0.48368287,0.13186413,0.86880732,-0.47726905,0
0.049865723,-4.8294477,-0.53173947,-0.13186413,-0.86880732,0.47726905,0
-0.43837404,4.8273659,0.43094397,0.13186413,0.86880732,-0.47726905,0
-1.3609958,4.3777089,0.66257393,-0.25991833,0.49493158,0.82914722,0
-1.0584729,-3.2064788,2.1883345,-0.13186413,-0.86880732,0.47726905,0
-1.1347721,3.4088318,0.58030176,-0.95658469,-0.014716148,-0.29108265,0
0.76054621,-4.7014322,-0.28537917,-0.13186413,-0.86880732,0.47726905,0
0.19930154,-2.9037375,2.7937779,-0.13186413,-0.86880732,0.47726905,0
1.0906291,1.5638691,-4.0915327,0.25991833,-0.49493158,-0.82914722,0
0.95873296,1.6903653,0.62711072,0.95658469,0.014716148,0.29108265,0
0.57380867,3.2921677,1.847657,-0.25991833,0.49493158,0.82914722,0
0.11983514,4.1882138,-0.90261984,0.13186413,0.86880732,-0.47726905,0
-0.89857769,-3.2589335,-0.021990538,-0.95658469,-0.014716148,-0.29108265,0
-1.8295629,0.31941557,2.2990565,-0.95658469,-0.014716148,-0.29108265,0
-1.8883626,0.9138453,2.2007751,-0.95658469,-0.014716148,-0.29108265,0
-0.64466834,-0.36564636,3.796401,-0.25991833,0.49493158,0.82914722,0
-0.53813648,1.5085485,2.6587365,-0.25991833,0.49493158,0.82914722,0
1.3608422,-1.9543998,-0.5477106,0.95658469,0.014716148,0.29108265,0
-1.082665,-3.0808601,0.28055573,-0.95658469,-0.014716148,-0.29108265,0
-0.81258941,1.3815318,2.7658486,-0.25991833,0.49493158,0.82914722,0
1.1730068,-2.2960911,-1.893651,0.25991833,-0.49493158,-0.82914722,0
0.84095526,-3.1762228,-1.3134636,0.25991833,-0.49493158,-0.82914722,0
0.10152757,1.1418055,-3.1902432,-0.95658469,-0.014716148,-0.29108265,0
-1.8884428,-0.20492315,2.8145075,-0.95658469,-0.014716148,-0.29108265,0
0.016080618,0.1040988,2.8748131,0.95658469,0.014716148,0.29108265,0
-0.86332363,-3.3267832,2.3581593,-0.13186413,-0.86880732,0.47726905,0
1.5076758,0.64069402,-3.3681993,0.25991833,-0.49493158,-0.82914722,0
1.4687598,-1.2905742,-2.6133137,0.25991833,-0.49493158,-0.82914722,0
-0.72841185,-2.9467695,3.1693654,-0.13186413,-0.86880732,0.47726905,0
0.7733984,-3.8335931,-1.2948294,0.25991833,-0.49493158,-0.82914722,0
1.6787689,0.63648951,-2.577179,0.95658469,0.014716148,0.29108265,0
-1.4787345,-2.4809854,3.6919718,-0.13186413,-0.86880732,0.47726905,0
-0.50401163,4.7793622,0.83058834,-0.25991833,0.49493158,0.82914722,0
1.3812411,-3.7683561,-0.73972821,0.25991833,-0.49493158,-0.82914722,0
-1.3255072,-0.421718,0.69578391,-0.95658469,-0.014716148,-0.29108265,0
-0.51108885,-4.6226068,-0.034583569,-0.13186413,-0.86880732,0.47726905,0
-0.27125955,1.1667756,2.8551292,-0.25991833,0.49493158,0.82914722,0
-2.0380251,-0.9472878,3.4858649,-0.25991833,0.49493158,0.82914722,0
-0.31109476,1.5490258,2.5223362,-0.25991833,0.49493158,0.82914722,0
1.5489764,1.9314786,-4.0420399,0.13186413,0.86880732,-0.47726905,0
1.9642298,2.173027,-3.9936886,0.13186413,0.86880732,-0.47726905,0
-0.97238612,-0.71358526,0.40873241,-0.95658469,-0.014716148,-0.29108265,0
0.44530821,-4.2126112,-0.72991657,0.25991833,-0.49493158,-0.82914722,0
1.6514175,1.5716527,-3.8418522,0.25991833,-0.49493158,-0.82914722,0
0.20084,2.6104407,2.3078229,-0.25991833,0.49493158,0.82914722,0
1.9020075,2.0732026,-3.8870826,0.13186413,0.86880732,-0.47726905,0
0.16122723,4.9630461,0.53235579,0.13186413,0.86880732,-0.47726905,0
-2.0036433,0.33029795,2.9389613,-0.25991833,0.49493158,0.82914722,0
-0.59674788,0.43503213,3.2404468,-0.25991833,0.49493158,0.82914722,0
-1.3924313,2.3823924,1.6765827,-0.25991833,0.49493158,0.82914722,0
-0.87922776,-3.1096442,2.2709002,-0.13186413,-0.86880732,0.47726905,0
0.29400802,0.74566829,-3.9732945,0.25991833,-0.49493158,-0.82914722,0
-1.7600526,-2.6778972,2.4804289,-0.95658469,-0.014716148,-0.29108265,0
0.24956417,3.3570013,1.7262423,-0.25991833,0.49493158,0.82914722,0
-1.0723503,2.554539,1.6055013,-0.25991833,0.49493158,0.82914722,0
-0.85825396,-3.7300282,1.1366329,-0.13186413,-0.86880732,0.47726905,0
0.1663599,4.0946012,1.3832717,-0.25991833,0.49493158,0.82914722,0
-1.1633687,-0.70326746,-0.1610058,-0.95658469,-0.014716148,-0.29108265,0
-1.079814,3.7050076,1.2572423,-0.25991833,0.49493158,0.82914722,0
-0.55798769,-1.0814161,-1.4203132,-0.95658469,-0.014716148,-0.29108265,0
-0.64616823,-1.5762982,4.3731375,-0.25991833,0.49493158,0.82914722,0
-1.1958561,-4.4497895,0.074873447,-0.13186413,-0.86880732,0.47726905,0
0.77738333,4.6019626,-0.18689418,0.13186413,0.86880732,-0.47726905,0
-0.8366363,-3.0332341,-0.061975718,-0.95658469,-0.014716148,-0.29108265,0
0.81536078,-1.4939233,-2.6641333,0.25991833,-0.49493158,-0.82914722,0
-0.004924655,1.997082,-3.7618012,-0.95658469,-0.014716148,-0.29108265,0
0.64916325,-3.4601979,-1.4035488,0.25991833,-0.49493158,-0.82914722,0
1.4677168,-1.6535648,-1.3566329,0.95658469,0.014716148,0.29108265,0
0.082271814,1.6182674,2.443166,-0.25991833,0.49493158,0.82914722,0
1.556229,0.87752736,-3.5417721,0.25991833,-0.49493158,-0.82914722,0
1.0408367,2.1441188,-4.3714561,0.13186413,0.86880732,-0.47726905,0
-1.5748192,-2.0453746,3.8672333,-0.13186413,-0.86880732,0.47726905,0
-0.27407742,3.3739462,1.4629331,-0.25991833,0.49493158,0.82914722,0
0.32215387,-1.6086047,2.1848471,0.95658469,0.014716148,0.29108265,0
-2.085983,-0.54322624,3.4499826,-0.25991833,0.49493158,0.82914722,0
1.3200868,1.3780432,-1.6194309,0.95658469,0.014716148,0.29108265,0
0.5169934,2.9044862,-3.2798455,0.13186413,0.86880732,-0.47726905,0
1.6926932,-1.3332256,-2.4281411,0.25991833,-0.49493158,-0.82914722,0
1.5979588,-2.814837,-1.3084437,0.25991833,-0.49493158,-0.82914722,0
-0.61308968,-2.6779642,2.967546,-0.13186413,-0.86880732,0.47726905,0
0.40558648,2.1368232,1.5994188,0.95658469,0.014716148,0.29108265,0
-1.9115986,0.71409607,2.2480018,-0.95658469,-0.014716148,-0.29108265,0
-0.30615997,-4.2101917,-1.1168605,0.25991833,-0.49493158,-0.82914722,0
0.19282103,-4.670105,-0.10034657,-0.13186413,-0.86880732,0.47726905,0
1.7377501,2.3109736,-3.4604397,0.13186413,0.86880732,-0.47726905,0
-1.0929598,-0.84116638,0.74761236,-0.95658469,-0.014716148,-0.29108265,0
-0.24096155,-3.662941,1.5079207,-0.13186413,-0.86880732,0.47726905,0
-0.7375524,3.2211547,1.3412153,-0.25991833,0.49493158,0.82914722,0
0.11492109,1.7973309,2.813261,-0.25991833,0.49493158,0.82914722,0
0.92766857,2.6438017,-3.0858653,0.13186413,0.86880732,-0.47726905,0
-0.30971164,-3.1044374,2.5984421,-0.13186413,-0.86880732,0.47726905,0
-0.81393886,-4.3195481,0.16659856,-0.13186413,-0.86880732,0.47726905,0
2.3171246,2.0084393,-3.9536662,0.95658469,0.014716148,0.29108265,0
0.041416883,4.4072065,-0.073143244,0.13186413,0.86880732,-0.47726905,0
0.50619888,-4.1619315,0.92945528,-0.13186413,-0.86880732,0.47726905,0
-0.039342403,4.1031051,1.084843,-0.25991833,0.49493158,0.82914722,0
-0.27017975,-1.6401713,-2.6473877,0.25991833,-0.49493158,-0.82914722,0
1.5138822,2.4353647,-3.535722,0.13186413,0.86880732,-0.47726905,0
-0.25514486,-2.9501657,2.681443,-0.13186413,-0.86880732,0.47726905,0
-1.409982,1.7371912,2.2180951,-0.25991833,0.49493158,0.82914722,0
-1.6445117,-1.967358,4.0657158,-0.13186413,-0.86880732,0.47726905,0
1.8826534,1.7161745,-3.2398472,0.95658469,0.014716148,0.29108265,0
0.49946046,4.2590594,-0.15657306,0.13186413,0.86880732,-0.47726905,0
0.7820732,2.5668411,-3.4691868,0.13186413,0.86880732,-0.47726905,0
-0.5046773,3.093277,1.4348906,-0.25991833,0.49493158,0.82914722,0
-0.51547062,1.3710034,-2.0100164,-0.95658469,-0.014716148,-0.29108265,0
-0.57443404,0.062274694,3.4239738,-0.25991833,0.49493158,0.82914722,0
0.62235475,2.6384909,1.2913407,0.95658469,0.014716148,0.29108265,0
-0.11125457,-3.1962533,2.3573256,-0.13186413,-0.86880732,0.47726905,0
-1.7203505,-0.76178122,3.755187,-0.25991833,0.49493158,0.82914722,0
-0.73170006,0.022218108,-1.2192256,-0.95658469,-0.014716148,-0.29108265,0
1.6607802,-0.5423975,-2.1570404,0.95658469,0.014716148,0.29108265,0
0.50578189,2.6203156,-3.7441282,0.13186413,0.86880732,-0.47726905,0
-0.22843611,3.636647,-1.5560997,0.13186413,0.86880732,-0.47726905,0
0.69397438,3.1856139,-2.4941735,0.13186413,0.86880732,-0.47726905,0
0.10170054,3.7874885,-1.5580363,0.13186413,0.86880732,-0.47726905,0
0.22939777,-4.7437034,-0.55203152,-0.13186413,-0.86880732,0.47726905,0
0.089237928,0.43146318,-3.7560029,0.25991833,-0.49493158,-0.82914722,0
-0.54859829,-2.5496407,-1.0017312,-0.95658469,-0.014716148,-0.29108265,0
-1.1057242,-3.6131074,1.280359,-0.13186413,-0.86880732,0.47726905,0
-1.3977453,-3.0601187,2.7175033,-0.13186413,-0.86880732,0.47726905,0
-0.66552091,-4.5721378,0.01488328,-0.13186413,-0.86880732,0.47726905,0
0.93806458,-2.5648348,-1.9147688,0.25991833,-0.49493158,-0.82914722,0
0.3816936,4.3457575,-0.37606192,0.13186413,0.86880732,-0.47726905,0
-0.94424772,4.6529889,-0.26250005,0.13186413,0.86880732,-0.47726905,0
-0.052165329,1.9673412,-3.1329646,-0.95658469,-0.014716148,-0.29108265,0
-1.2885077,-2.7139559,3.3877606,-0.13186413,-0.86880732,0.47726905,0
0.89809978,1.3163018,-4.0730729,0.25991833,-0.49493158,-0.82914722,0
-0.99437988,-1.1921079,3.8439393,-0.25991833,0.49493158,0.82914722,0
1.5927002,2.5864582,-3.5763259,0.13186413,0.86880732,-0.47726905,0
1.2431562,-0.38172722,-3.2417505,0.25991833,-0.49493158,-0.82914722,0
0.054852486,-4.3238506,0.28839517,-0.13186413,-0.86880732,0.47726905,0
-0.037953913,2.9642906,-2.5998073,0.13186413,0.86880732,-0.47726905,0
-1.5604581,1.6323267,0.99733496,-0.95658469,-0.014716148,-0.29108265,0
1.2212411,1.2983046,-3.9900606,0.25991833,-0.49493158,-0.82914722,0
-1.4269285,4.8083267,0.51870489,-0.25991833,0.49493158,0.82914722,0
1.3874487,1.4677688,-4.2659616,0.25991833,-0.49493158,-0.82914722,0
0.59112918,-3.5894144,1.7089713,0.95658469,0.014716148,0.29108265,0
-1.2682807,-3.2764401,2.259372,-0.13186413,-0.86880732,0.47726905,0
-1.3811572,2.6567426,1.0327331,-0.95658469,-0.014716148,-0.29108265,0
1.9540842,-0.18189096,-2.3415859,0.95658469,0.014716148,0.29108265,0
-0.2722373,3.9175396,-1.5053012,0.13186413,0.86880732,-0.47726905,0
1.5823526,-2.8014436,-1.3158802,0.25991833,-0.49493158,-0.82914722,0
0.82118177,-1.8823895,1.3638178,0.95658469,0.014716148,0.29108265,0
0.73352814,-0.010721207,-3.3470221,0.25991833,-0.49493158,-0.82914722,0
-1.2691525,-0.88349617,3.6552005,-0.25991833,0.49493158,0.82914722,0
-0.30254483,1.6012753,2.5283017,-0.25991833,0.49493158,0.82914722,0
1.4513808,3.051147,-2.4463646,0.13186413,0.86880732,-0.47726905,0
-1.9740704,-2.2096586,3.4640353,-0.13186413,-0.86880732,0.47726905,0
-0.11414194,4.1160464,-1.2741823,0.13186413,0.86880732,-0.47726905,0
-0.82633948,-2.6628056,-0.62933779,-0.95658469,-0.014716148,-0.29108265,0
1.8168974,2.5729771,-3.1241236,0.13186413,0.86880732,-0.47726905,0
-1.1466684,-3.5708258,0.2195797,-0.95658469,-0.014716148,-0.29108265,0
-1.0356129,-1.6434993,4.4191246,-0.25991833,0.49493158,0.82914722,0
1.3571602,3.4525383,-1.8340733,0.13186413,0.86880732,-0.47726905,0
-0.77831721,-1.230736,-1.2795423,-0.95658469,-0.014716148,-0.29108265,0
1.6414483,0.59856737,-1.5821887,0.95658469,0.014716148,0.29108265,0
-0.27843714,3.6319888,1.5227596,-0.25991833,0.49493158,0.82914722,0
-0.025644064,-3.4575207,2.4379129,-0.13186413,-0.86880732,0.47726905,0
1.0489787,2.4555681,-3.2983723,0.13186413,0.86880732,-0.47726905,0
0.22851956,-3.4735982,2.5235972,-0.13186413,-0.86880732,0.47726905,0
-0.4230662,1.1321979,-2.2310796,-0.95658469,-0.014716148,-0.29108265,0
-1.0403892,-3.4723945,1.7732291,-0.13186413,-0.86880732,0.47726905,0
0.92867064,-4.1545897,0.95455313,-0.13186413,-0.86880732,0.47726905,0
1.0581361,-0.9036507,-0.29267177,0.95658469,0.014716148,0.29108265,0
-1.4146116,-3.4220774,1.0403581,-0.95658469,-0.014716148,-0.29108265,0
1.2213289,2.4052896,-3.3345091,0.13186413,0.86880732,-0.47726905,0
-0.83947939,0.89502072,-0.47866094,-0.95658469,-0.014716148,-0.29108265,0
-0.67531347,-4.8087521,-0.97139239,-0.13186413,-0.86880732,0.47726905,0
0.3012116,-0.47631663,-3.3844433,0.25991833,-0.49493158,-0.82914722,0
0.041529417,1.4519337,2.8115001,-0.25991833,0.49493158,0.82914722,0
0.61649942,3.8365934,-1.3341339,0.13186413,0.86880732,-0.47726905,0
1.2496486,-4.2142887,-0.86356711,0.25991833,-0.49493158,-0.82914722,0
0.83099174,-4.7729187,-0.36554909,-0.13186413,-0.86880732,0.47726905,0
-0.27106285,-4.5647464,-1.139102,0.25991833,-0.49493158,-0.82914722,0
-0.69845128,4.2368708,-1.0042677,0.13186413,0.86880732,-0.47726905,0
-1.0786006,4.5751324,0.04509306,0.13186413,0.86880732,-0.47726905,0
-1.7326159,-1.8877392,4.3325872,-0.25991833,0.49493158,0.82914722,0
-1.2442389,-2.7514091,2.6180131,-0.13186413,-0.86880732,0.47726905,0
0.097853675,2.9963288,-3.2979224,0.13186413,0.86880732,-0.47726905,0
-1.2757337,-2.7554717,2.6506138,-0.13186413,-0.86880732,0.47726905,0
0.37547684,-5.0826392,-0.50810027,0.25991833,-0.49493158,-0.82914722,0
-1.1613255,-2.2566895,3.7972639,-0.13186413,-0.86880732,0.47726905,0
-0.051553562,-2.9230347,3.0638232,-0.13186413,-0.86880732,0.47726905,0
0.91901922,-2.7614284,0.45090759,0.95658469,0.014716148,0.29108265,0
-0.17201886,-2.6579809,3.4868302,-0.13186413,-0.86880732,0.47726905,0
1.4019191,3.5212216,-1.9667058,0.13186413,0.86880732,-0.47726905,0
-1.128545,-3.7725897,0.30267978,-0.95658469,-0.014716148,-0.29108265,0
0.62564802,0.16451275,-3.6341221,0.25991833,-0.49493158,-0.82914722,0
-0.37692523,2.0936892,2.3022034,-0.25991833,0.49493158,0.82914722,0
-1.9826188,-0.50025725,3.4895513,-0.25991833,0.49493158,0.82914722,0
0.69339919,-4.5571346,-0.10463524,-0.13186413,-0.86880732,0.47726905,0
1.6572475,2.215451,-3.5438724,0.13186413,0.86880732,-0.47726905,0
-0.76169062,-1.4637797,-0.94212615,-0.95658469,-0.014716148,-0.29108265,0
0.76133108,-2.0597248,-1.9672935,0.25991833,-0.49493158,-0.82914722,0
-1.803195,-0.1408093,2.1482515,-0.95658469,-0.014716148,-0.29108265,0
1.4870591,2.296721,-3.4164076,0.13186413,0.86880732,-0.47726905,0
2.1835384,1.7395713,-3.6955571,0.95658469,0.014716148,0.29108265,0
0.72328675,3.0250239,-2.2669277,0.13186413,0.86880732,-0.47726905,0
1.5297384,-0.29258919,-3.090729,0.25991833,-0.49493158,-0.82914722,0
-1.2184191,3.8826296,1.0000798,-0.25991833,0.49493158,0.82914722,0
0.70500708,4.5250807,0.79831767,0.95658469,0.014716148,0.29108265,0
-0.10535741,0.85110414,2.8922162,-0.25991833,0.49493158,0.82914722,0
-0.01242733,5.0350685,0.4448905,0.13186413,0.86880732,-0.47726905,0
1.9159507,0.95484948,-2.6763732,0.95658469,0.014716148,0.29108265,0
1.477844,2.0593622,-2.1831045,0.95658469,0.014716148,0.29108265,0
-0.13582134,-2.580425,-2.1941228,0.25991833,-0.49493158,-0.82914722,0
-0.96000171,-2.1084924,4.3237386,-0.13186413,-0.86880732,0.47726905,0
0.83227205,-1.6943905,-2.1158965,0.25991833,-0.49493158,-0.82914722,0
0.93819559,1.6232902,-4.39218,0.25991833,-0.49493158,-0.82914722,0
-1.7667625,-0.14936161,2.6098351,-0.95658469,-0.014716148,-0.29108265,0
0.097575188,4.0111418,-1.1284921,0.13186413,0.86880732,-0.47726905,0
0.088768244,-0.55527079,-3.1928842,0.25991833,-0.49493158,-0.82914722,0
-0.37968874,-3.3241436,-1.3563149,-0.95658469,-0.014716148,-0.29108265,0
1.3638114,2.4668469,-3.8844876,0.13186413,0.86880732,-0.47726905,0
-2.1111102,-1.9946518,3.5681612,-0.95658469,-0.014716148,-0.29108265,0
-2.0916996,-2.5506992,3.5208902,-0.13186413,-0.86880732,0.47726905,0
-0.66310263,-3.8508043,-1.2754267,-0.95658469,-0.014716148,-0.29108265,0
-1.4403038,1.9632628,1.1152283,-0.95658469,-0.014716148,-0.29108265,0
-0.68915439,-0.95810807,-1.7495458,-0.95658469,-0.014716148,-0.29108265,0
-0.66483855,-3.2512341,-1.5839375,-0.95658469,-0.014716148,-0.29108265,0
1.5417322,0.84682,-3.6744776,0.25991833,-0.49493158,-0.82914722,0
-0.57035542,3.8486314,-1.4264351,0.13186413,0.86880732,-0.47726905,0
0.58074284,-1.0596873,-2.589114,0.25991833,-0.49493158,-0.82914722,0
-0.1269002,3.270021,1.7885761,-0.25991833,0.49493158,0.82914722,0
0.60922813,4.0225086,-1.1841903,0.13186413,0.86880732,-0.47726905,0
-0.54031849,1.6077131,2.7014623,-0.25991833,0.49493158,0.82914722,0
0.23437214,-4.7206373,0.1403954,-0.13186413,-0.86880732,0.47726905,0
-1.6386721,1.8169749,2.2441008,-0.25991833,0.49493158,0.82914722,0
-0.010322332,0.3630431,-2.7377627,-0.95658469,-0.014716148,-0.29108265,0
-0.51368266,-2.6555858,3.1423454,-0.13186413,-0.86880732,0.47726905,0
1.5741408,-1.3095599,-2.2939231,0.95658469,0.014716148,0.29108265,0
0.2039125,-0.29869145,-3.316504,0.25991833,-0.49493158,-0.82914722,0
-0.41452777,-0.90790594,-1.5660332,-0.95658469,-0.014716148,-0.29108265,0
-0.090690613,1.351719,2.6328793,-0.25991833,0.49493158,0.82914722,0
-1.384738,3.0642455,0.68489856,-0.95658469,-0.014716148,-0.29108265,0
0.53911924,3.9794741,-1.0609639,0.13186413,0.86880732,-0.47726905,0
1.4885656,0.70385599,-1.9654889,0.95658469,0.014716148,0.29108265,0
0.50292826,-3.9316728,1.2216809,-0.13186413,-0.86880732,0.47726905,0
0.0006518364,1.3846418,2.8038464,-0.25991833,0.49493158,0.82914722,0
0.3168804,2.5739565,-3.566546,0.13186413,0.86880732,-0.47726905,0
0.12407446,0.77889419,-4.1986036,0.25991833,-0.49493158,-0.82914722,0
1.5354009,-0.87915492,-2.4426389,0.25991833,-0.49493158,-0.82914722,0
-1.5082238,0.12657738,1.6035168,-0.95658469,-0.014716148,-0.29108265,0
-1.5286506,-2.9893098,1.08799,-0.95658469,-0.014716148,-0.29108265,0
0.36104822,-5.0583811,-0.34545636,-0.13186413,-0.86880732,0.47726905,0
1.4066484,-4.5066314,-0.52864313,0.95658469,0.014716148,0.29108265,0
-1.9595494,-2.1833944,2.9350982,-0.95658469,-0.014716148,-0.29108265,0
-0.71283752,1.056152,-1.0575556,-0.95658469,-0.014716148,-0.29108265,0
0.68025017,4.3605804,-0.52379298,0.13186413,0.86880732,-0.47726905,0
1.2918174,2.8666391,-2.8229775,0.13186413,0.86880732,-0.47726905,0
1.7863071,-1.405785,-2.1551127,0.95658469,0.014716148,0.29108265,0
-0.044434786,-0.93614948,-2.8712616,0.25991833,-0.49493158,-0.82914722,0
-0.2414453,1.1679151,2.9881883,-0.25991833,0.49493158,0.82914722,0
0.53908801,-2.8921366,-1.5982985,0.25991833,-0.49493158,-0.82914722,0
-1.6073781,0.60907674,2.2064061,-0.95658469,-0.014716148,-0.29108265,0
-0.6901679,1.1380417,2.527637,-0.25991833,0.49493158,0.82914722,0
0.64517289,-1.6153402,1.4323756,0.95658469,0.014716148,0.29108265,0
-1.9581283,0.28209019,2.9976952,-0.25991833,0.49493158,0.82914722,0
0.13600016,3.8792355,1.3564516,-0.25991833,0.49493158,0.82914722,0
-0.67647874,-2.0100472,4.5122476,-0.13186413,-0.86880732,0.47726905,0
-1.871727,-2.1916647,2.3726168,-0.95658469,-0.014716148,-0.29108265,0
0.99725115,1.5748596,-4.4751801,0.25991833,-0.49493158,-0.82914722,0
-0.015707016,-4.5397639,-0.1277709,-0.13186413,-0.86880732,0.47726905,0
-1.2491851,0.57279992,0.93768984,-0.95658469,-0.014716148,-0.29108265,0
-0.030376434,-4.7238007,-0.071749449,-0.13186413,-0.86880732,0.47726905,0
-0.74184138,0.1990979,-1.4147576,-0.95658469,-0.014716148,-0.29108265,0
-0.19186258,-0.96906996,4.1537256,-0.25991833,0.49493158,0.82914722,0
0.11498106,-1.4585288,2.4454975,0.95658469,0.014716148,0.29108265,0
-1.3034368,-2.4835029,3.7451823,-0.13186413,-0.86880732,0.47726905,0
-0.043403998,2.8874602,-3.2349739,0.13186413,0.86880732,-0.47726905,0
-0.2916441,-3.3627069,-1.6370106,-0.95658469,-0.014716148,-0.29108265,0
-0.95381725,-1.0425309,0.38486373,-0.95658469,-0.014716148,-0.29108265,0
1.649804,-0.91881192,-2.0996294,0.95658469,0.014716148,0.29108265,0
1.3578169,0.75728285,-1.2003883,0.95658469,0.014716148,0.29108265,0
0.36062276,3.3037989,-2.2705281,0.13186413,0.86880732,-0.47726905,0
-0.9705565,-2.533426,3.5170512,-0.13186413,-0.86880732,0.47726905,0
0.24643266,2.0779915,-4.5182724,-0.95658469,-0.014716148,-0.29108265,0
-0.6027683,-2.4796,3.9286666,-0.13186413,-0.86880732,0.47726905,0
0.9137404,3.0263901,-0.35582781,0.95658469,0.014716148,0.29108265,0
2.2417245,0.85669398,-3.5965104,0.25991833,-0.49493158,-0.82914722,0
0.83510971,-3.2471347,-1.5865115,0.25991833,-0.49493158,-0.82914722,0
-0.073803902,1.4710987,-3.2492123,-0.95658469,-0.014716148,-0.29108265,0
0.68132734,-2.2460129,-1.8659835,0.25991833,-0.49493158,-0.82914722,0
0.86243773,-4.6965418,-0.22138691,-0.13186413,-0.86880732,0.47726905,0
-1.0736012,3.4055951,0.55129623,-0.95658469,-0.014716148,-0.29108265,0
-1.4030539,0.21019685,0.70267272,-0.95658469,-0.014716148,-0.29108265,0
