-0.39267111,-4.4408073,2.8942683,-0.92719233,-0.27725416,-0.25188228,0
-1.2626364,-1.78179,2.4033306,-0.92719233,-0.27725416,-0.25188228,0
-0.20039582,4.5417471,-3.4362621,0.10136764,0.46162531,-0.88126427,0
1.1030223,-4.4897461,3.4116821,-0.10136764,-0.46162531,0.88126427,0
-0.55850536,1.0336813,4.4511147,-0.36060935,0.8426342,0.39991075,0
-0.23737192,3.4125159,-0.01373291,-0.36060935,0.8426342,0.39991075,0
0.10864806,4.5475106,-3.4851224,0.10136764,0.46162531,-0.88126427,0
0.07855323,0.10960674,-4.4617167,-0.92719233,-0.27725416,-0.25188228,0
-0.76765561,4.0354977,-1.8077086,-0.36060935,0.8426342,0.39991075,0
-1.4263566,-1.3039513,4.7186255,-0.10136764,-0.46162531,0.88126427,0
0.028977126,0.13468778,-4.4240475,-0.92719233,-0.27725416,-0.25188228,0
0.7561307,3.753201,-3.5909238,0.10136764,0.46162531,-0.88126427,0
1.6185319,-0.5850668,-1.6741544,0.92719233,0.27725416,0.25188228,0
-1.9240888,-0.05143252,5.5624051,-0.10136764,-0.46162531,0.88126427,0
-0.80499947,-3.6008732,3.5519991,-0.10136764,-0.46162531,0.88126427,0
2.2985859,0.50484729,-5.2248702,0.10136764,0.46162531,-0.88126427,0
-1.0005732,-0.99051625,0.22857368,-0.92719233,-0.27725416,-0.25188228,0
-0.31984425,3.5226631,-0.43191618,-0.36060935,0.8426342,0.39991075,0
0.75030714,-0.19191021,1.479028,0.92719233,0.27725416,0.25188228,0
-0.278106,0.026750445,5.6905098,-0.10136764,-0.46162531,0.88126427,0
-1.3304416,-0.38791555,5.1598859,-0.10136764,-0.46162531,0.88126427,0
-1.6292572,-0.4617697,1.9491259,-0.92719233,-0.27725416,-0.25188228,0
0.73109972,-0.22513306,1.089998,0.92719233,0.27725416,0.25188228,0
1.5011153,-2.8677182,-0.34488207,0.36060935,-0.8426342,-0.39991075,0
0.45514834,3.6354048,-1.2568853,0.92719233,0.27725416,0.25188228,0
-0.5683834,0.07598561,-2.1091719,-0.92719233,-0.27725416,-0.25188228,0
0.39729702,-2.248008,4.3660445,-0.10136764,-0.46162531,0.88126427,0
0.75051498,0.2023375,1.6525227,0.92719233,0.27725416,0.25188228,0
-0.30544782,4.9912367,-3.2641697,0.10136764,0.46162531,-0.88126427,0
-0.15638304,-3.8540592,3.428236,-0.10136764,-0.46162531,0.88126427,0
0.81792498,-3.0549426,0.12620771,0.36060935,-0.8426342,-0.39991075,0
1.7572612,-2.0104764,0.24468863,0.92719233,0.27725416,0.25188228,0
-0.47133967,0.44296211,-3.41381,-0.92719233,-0.27725416,-0.25188228,0
1.728538,1.1092682,-3.1303127,0.92719233,0.27725416,0.25188228,0
-1.9508154,0.85708582,2.5083275,-0.92719233,-0.27725416,-0.25188228,0
0.40715885,-5.0388899,3.0569634,0.36060935,-0.8426342,-0.39991075,0
0.35328853,2.4547999,0.4837831,0.92719233,0.27725416,0.25188228,0
-1.2577125,-2.9645481,3.1888101,-0.92719233,-0.27725416,-0.25188228,0
-1.5754098,0.13199794,1.1012347,-0.92719233,-0.27725416,-0.25188228,0
-0.36900973,4.4109387,-3.5508246,0.10136764,0.46162531,-0.88126427,0
1.141536,-0.54713321,0.3932665,0.92719233,0.27725416,0.25188228,0
1.3551019,-1.1607265,-4.3009038,0.36060935,-0.8426342,-0.39991075,0
-1.3565327,-0.41811627,0.71726561,-0.92719233,-0.27725416,-0.25188228,0
1.7833296,1.5304027,-4.8693457,0.10136764,0.46162531,-0.88126427,0
-1.6077486,-1.2553811,4.8213825,-0.10136764,-0.46162531,0.88126427,0
0.002323091,1.433099,-4.8855834,0.10136764,0.46162531,-0.88126427,0
-1.4705322,3.5396266,-3.1136055,-0.92719233,-0.27725416,-0.25188228,0
-1.5208817,0.12823552,1.4345895,-0.92719233,-0.27725416,-0.25188228,0
0.36721009,1.6187108,-4.6141562,0.10136764,0.46162531,-0.88126427,0
-0.34310746,2.0123367,-4.5283346,0.10136764,0.46162531,-0.88126427,0
-0.72856212,4.8635435,-3.4354262,0.10136764,0.46162531,-0.88126427,0
2.0202236,0.38961434,-4.0056887,0.92719233,0.27725416,0.25188228,0
-0.049004316,-3.0295823,-1.0952368,-0.92719233,-0.27725416,-0.25188228,0
1.4793634,0.35254979,-5.1346922,0.10136764,0.46162531,-0.88126427,0
-1.4665985,2.7798233,-0.078365684,-0.36060935,0.8426342,0.39991075,0
-0.83552635,-0.42678607,0.28854549,-0.92719233,-0.27725416,-0.25188228,0
1.4087012,-3.4855218,1.9343917,0.92719233,0.27725416,0.25188228,0
-1.3589151,-1.8440489,4.4707093,-0.10136764,-0.46162531,0.88126427,0
-0.082808256,4.1735106,-1.3969699,-0.36060935,0.8426342,0.39991075,0
0.63964725,-4.7630739,2.7967598,0.36060935,-0.8426342,-0.39991075,0
-0.15358412,1.483483,2.4278219,0.92719233,0.27725416,0.25188228,0
-1.3615098,0.35131589,0.71635902,-0.92719233,-0.27725416,-0.25188228,0
-0.26401877,-4.6295757,2.7800803,-0.92719233,-0.27725416,-0.25188228,0
0.32335532,-0.23152208,-5.0507584,-0.92719233,-0.27725416,-0.25188228,0
1.966357,-1.3057045,-2.8143454,0.36060935,-0.8426342,-0.39991075,0
-0.98888266,0.4566468,6.0208111,-0.10136764,-0.46162531,0.88126427,0
0.5270201,1.0766327,-4.8962345,0.10136764,0.46162531,-0.88126427,0
-1.5921021,-0.97061449,2.9212394,-0.92719233,-0.27725416,-0.25188228,0
1.8072455,-2.5945015,-0.039179564,0.36060935,-0.8426342,-0.39991075,0
-0.40915012,-4.2712402,1.9264081,-0.92719233,-0.27725416,-0.25188228,0
1.3096235,0.9706229,-5.0559421,0.10136764,0.46162531,-0.88126427,0
-0.3840735,4.1434107,-2.0371859,-0.36060935,0.8426342,0.39991075,0
1.0668231,-2.3796666,2.7546637,0.92719233,0.27725416,0.25188228,0
1.6109045,0.39678615,-1.9600171,0.92719233,0.27725416,0.25188228,0
0.75209689,-3.0715003,3.9939673,-0.10136764,-0.46162531,0.88126427,0
1.9021947,0.97097582,-4.8120222,0.10136764,0.46162531,-0.88126427,0
0.33892572,-2.120091,-2.6871855,0.36060935,-0.8426342,-0.39991075,0
1.359992,-3.5829046,2.873986,0.92719233,0.27725416,0.25188228,0
0.25821266,-0.11435604,-4.3372083,-0.92719233,-0.27725416,-0.25188228,0
1.5319953,-2.5449595,-0.4251067,0.36060935,-0.8426342,-0.39991075,0
-1.5568097,3.5327899,-1.4291646,-0.92719233,-0.27725416,-0.25188228,0
0.42372036,-3.9435925,1.2824813,0.36060935,-0.8426342,-0.39991075,0
1.3976501,1.4289311,-4.9009905,0.10136764,0.46162531,-0.88126427,0
-1.1625671,-3.5447645,3.824784,-0.10136764,-0.46162531,0.88126427,0
0.63402408,2.6417072,-4.3420706,0.10136764,0.46162531,-0.88126427,0
-0.16581583,-4.5619526,3.1229661,-0.10136764,-0.46162531,0.88126427,0
0.69536412,-2.4412227,-1.8720918,0.36060935,-0.8426342,-0.39991075,0
-1.8386483,-0.59076369,3.8422401,-0.92719233,-0.27725416,-0.25188228,0
0.047285836,0.39024037,-4.0864553,-0.92719233,-0.27725416,-0.25188228,0
-0.59078789,-2.767776,0.92963713,-0.92719233,-0.27725416,-0.25188228,0
-1.4254315,-1.2230113,4.855979,-0.10136764,-0.46162531,0.88126427,0
0.83397388,-3.5756812,0.33744061,0.36060935,-0.8426342,-0.39991075,0
-1.1941031,2.4600463,1.7291353,-0.36060935,0.8426342,0.39991075,0
0.80120194,-0.67734754,-5.4249482,0.36060935,-0.8426342,-0.39991075,0
-0.66019201,2.0977879,2.4240136,-0.36060935,0.8426342,0.39991075,0
1.8320404,-0.83359122,-3.785763,0.36060935,-0.8426342,-0.39991075,0
0.27568901,-1.8500607,4.8483319,0.92719233,0.27725416,0.25188228,0
-0.54892159,-2.3543983,4.2043481,-0.10136764,-0.46162531,0.88126427,0
0.45210481,-1.4694974,-3.9176292,-0.92719233,-0.27725416,-0.25188228,0
1.0196366,-2.3026857,-1.2529557,0.36060935,-0.8426342,-0.39991075,0
1.2294874,-2.7973206,1.830201,0.92719233,0.27725416,0.25188228,0
-0.47913432,3.8848135,-1.3680904,-0.36060935,0.8426342,0.39991075,0
-0.83333421,-3.8189692,3.6646814,-0.10136764,-0.46162531,0.88126427,0
-1.1356642,-1.3550205,1.1078973,-0.92719233,-0.27725416,-0.25188228,0
-1.1027938,1.783304,2.5271769,-0.36060935,0.8426342,0.39991075,0
-0.87913734,-0.18597108,-0.37158793,-0.92719233,-0.27725416,-0.25188228,0
-1.3617483,-1.7560388,4.5327401,-0.10136764,-0.46162531,0.88126427,0
0.69969547,0.60209113,-5.4475546,0.10136764,0.46162531,-0.88126427,0
-0.5567593,-1.161253,5.137918,-0.10136764,-0.46162531,0.88126427,0
1.3361001,-0.30952483,-5.4976339,0.10136764,0.46162531,-0.88126427,0
-0.75066334,-2.734154,4.3808603,-0.10136764,-0.46162531,0.88126427,0
-1.0294886,-2.2609978,4.3573651,-0.10136764,-0.46162531,0.88126427,0
-1.4440308,2.2878067,-1.2733343,-0.92719233,-0.27725416,-0.25188228,0
0.74217057,-3.0296416,-0.70109409,0.36060935,-0.8426342,-0.39991075,0
2.2616696,-1.5065708,-2.6833885,0.36060935,-0.8426342,-0.39991075,0
-0.85862279,2.3517518,2.0722497,-0.36060935,0.8426342,0.39991075,0
1.3773071,-1.0018711,-4.2037811,0.36060935,-0.8426342,-0.39991075,0
1.9726545,-0.69682962,-2.0255747,0.92719233,0.27725416,0.25188228,0
0.77915424,0.30988997,-5.5295262,0.10136764,0.46162531,-0.88126427,0
-1.5044403,3.2639503,-1.1106615,-0.36060935,0.8426342,0.39991075,0
1.6266204,-2.5061262,-0.74478513,0.36060935,-0.8426342,-0.39991075,0
-1.2148995,1.1025649,-0.1614778,-0.92719233,-0.27725416,-0.25188228,0
1.8457141,-0.98075891,-2.2182143,0.92719233,0.27725416,0.25188228,0
0.1144416,-0.072934866,-5.0417137,-0.92719233,-0.27725416,-0.25188228,0
0.66917026,-2.013135,3.6718922,0.92719233,0.27725416,0.25188228,0
0.43552434,-0.97044843,4.0296035,0.92719233,0.27725416,0.25188228,0
-0.79460287,4.2421517,-3.7206204,0.10136764,0.46162531,-0.88126427,0
1.7037024,-4.4437799,3.1729259,0.92719233,0.27725416,0.25188228,0
1.4518228,-0.062020898,-5.5791993,0.36060935,-0.8426342,-0.39991075,0
-1.330604,1.8614063,2.2781057,-0.36060935,0.8426342,0.39991075,0
-0.17837942,-1.9662077,-1.1578314,-0.92719233,-0.27725416,-0.25188228,0
-1.8031712,-0.14734757,5.5649691,-0.10136764,-0.46162531,0.88126427,0
0.59664559,-4.4707427,2.173923,0.36060935,-0.8426342,-0.39991075,0
-0.5201757,3.2348437,-4.0119061,0.10136764,0.46162531,-0.88126427,0
-0.29404402,-4.8312087,2.5574865,-0.92719233,-0.27725416,-0.25188228,0
-1.6624036,1.3945158,0.8132962,-0.92719233,-0.27725416,-0.25188228,0
-2.2886071,-0.081022806,5.1580887,-0.10136764,-0.46162531,0.88126427,0
-0.39096689,-2.7650051,4.3139062,-0.10136764,-0.46162531,0.88126427,0
-0.9206779,2.727046,-3.9347601,-0.92719233,-0.27725416,-0.25188228,0
-1.0721383,3.4218338,-0.5436182,-0.36060935,0.8426342,0.39991075,0
-0.2621963,4.739789,-2.753521,-0.36060935,0.8426342,0.39991075,0
1.5003076,1.3614352,-4.8026323,0.10136764,0.46162531,-0.88126427,0
2.063925,1.169516,-4.6563649,0.92719233,0.27725416,0.25188228,0
-1.651629,-0.14222467,1.6971512,-0.92719233,-0.27725416,-0.25188228,0
0.35383821,1.9185092,-4.7491398,0.10136764,0.46162531,-0.88126427,0
-0.4098928,-4.8178778,2.9078808,-0.10136764,-0.46162531,0.88126427,0
-2.1810741,0.82446039,3.4680114,-0.36060935,0.8426342,0.39991075,0
-1.6622488,2.9566848,-0.044900715,-0.36060935,0.8426342,0.39991075,0
0.25322938,2.652813,-0.46829432,0.92719233,0.27725416,0.25188228,0
-0.44213176,2.5776634,-4.1585479,0.10136764,0.46162531,-0.88126427,0
0.31942022,-1.0339316,4.417954,0.92719233,0.27725416,0.25188228,0
-0.13227367,3.0524547,0.84338439,-0.36060935,0.8426342,0.39991075,0
-1.6687081,3.5592165,-1.6017476,-0.36060935,0.8426342,0.39991075,0
-1.1650932,-0.10431248,5.6264648,-0.10136764,-0.46162531,0.88126427,0
-0.90283781,-3.1031713,3.7787011,-0.10136764,-0.46162531,0.88126427,0
1.3493295,0.46671551,-5.3674383,0.10136764,0.46162531,-0.88126427,0
-1.3564037,-2.2883189,4.5280566,-0.10136764,-0.46162531,0.88126427,0
1.0632805,3.8004875,-3.5511382,0.92719233,0.27725416,0.25188228,0
-0.92694998,2.8457193,0.44335741,-0.36060935,0.8426342,0.39991075,0
-0.071499109,3.1582363,0.54489958,-0.36060935,0.8426342,0.39991075,0
1.3247195,0.011000514,-5.7211843,0.10136764,0.46162531,-0.88126427,0
-1.4226022,0.92012739,0.32182515,-0.92719233,-0.27725416,-0.25188228,0
-0.41141272,-3.8360236,1.6575222,-0.92719233,-0.27725416,-0.25188228,0
-0.92514729,3.7840981,-1.4158905,-0.36060935,0.8426342,0.39991075,0
-0.77824295,1.760105,2.807514,-0.36060935,0.8426342,0.39991075,0
1.0824323,2.6239812,-2.5649395,0.92719233,0.27725416,0.25188228,0
-1.7209607,1.2904677,3.446147,-0.36060935,0.8426342,0.39991075,0
-0.83910513,4.3084865,-3.4568419,0.10136764,0.46162531,-0.88126427,0
0.56458139,4.1728535,-2.363955,0.92719233,0.27725416,0.25188228,0
-1.169054,4.2904053,-3.0361242,-0.36060935,0.8426342,0.39991075,0
-1.8926209,0.74333262,4.4727702,-0.36060935,0.8426342,0.39991075,0
-1.0587243,-3.5469685,3.0560799,-0.92719233,-0.27725416,-0.25188228,0
1.9394501,-0.9921658,-3.2222826,0.36060935,-0.8426342,-0.39991075,0
0.080018222,-1.1595128,-3.1417503,-0.92719233,-0.27725416,-0.25188228,0
0.011841655,1.3120294,-4.7841063,0.10136764,0.46162531,-0.88126427,0
1.9591482,0.93603921,-3.5183027,0.92719233,0.27725416,0.25188228,0
-0.82139945,-2.968785,2.0282128,-0.92719233,-0.27725416,-0.25188228,0
-0.94697255,-0.5849188,5.1176562,-0.10136764,-0.46162531,0.88126427,0
0.59880078,-0.46475649,-5.3251166,-0.92719233,-0.27725416,-0.25188228,0
0.095096588,4.3407717,-2.0311565,-0.36060935,0.8426342,0.39991075,0
-0.61894447,-2.7097831,4.1409111,-0.10136764,-0.46162531,0.88126427,0
-1.1176264,2.3308635,-2.6865027,-0.92719233,-0.27725416,-0.25188228,0
-1.2168279,1.7217132,2.8241038,-0.36060935,0.8426342,0.39991075,0
1.4400489,-3.9456029,1.9197458,0.36060935,-0.8426342,-0.39991075,0
1.4443125,0.304443,-1.4736331,0.92719233,0.27725416,0.25188228,0
-1.3425426,0.91357273,4.4661598,-0.36060935,0.8426342,0.39991075,0
-0.26053762,-3.8400691,3.6791239,-0.10136764,-0.46162531,0.88126427,0
-0.5686664,1.393476,-2.7283163,-0.92719233,-0.27725416,-0.25188228,0
-0.64494014,3.9572549,-1.784153,-0.36060935,0.8426342,0.39991075,0
0.52203345,2.8071322,-4.2834401,0.10136764,0.46162531,-0.88126427,0
0.85225272,-1.6213777,1.864292,0.92719233,0.27725416,0.25188228,0
0.015293598,4.6895828,-2.0870609,-0.36060935,0.8426342,0.39991075,0
0.78861451,-1.3733269,-3.4290347,0.36060935,-0.8426342,-0.39991075,0
0.42611521,-0.49734583,2.6094081,0.92719233,0.27725416,0.25188228,0
1.589826,-2.2108605,-1.8922917,0.36060935,-0.8426342,-0.39991075,0
-1.2476795,1.3338854,3.1556017,-0.36060935,0.8426342,0.39991075,0
0.4628849,2.9423976,-4.1311193,0.10136764,0.46162531,-0.88126427,0
-1.1999147,-0.58693403,1.059648,-0.92719233,-0.27725416,-0.25188228,0
1.1105675,0.50719029,-5.1684785,0.10136764,0.46162531,-0.88126427,0
1.1729803,0.64229017,-5.0167003,0.10136764,0.46162531,-0.88126427,0
2.1306591,-1.9972467,-1.5065974,0.36060935,-0.8426342,-0.39991075,0
-1.5070218,2.5044394,-1.2580521,-0.92719233,-0.27725416,-0.25188228,0
1.6201688,-1.9277982,-2.4726324,0.36060935,-0.8426342,-0.39991075,0
-0.97260439,1.9065573,2.6136155,-0.36060935,0.8426342,0.39991075,0
0.5791719,3.3743863,-3.7894123,0.10136764,0.46162531,-0.88126427,0
-2.0021381,2.1932759,1.557281,-0.36060935,0.8426342,0.39991075,0
-0.030696154,-2.9455669,-0.98592281,0.36060935,-0.8426342,-0.39991075,0
0.47323346,0.76743305,1.1376693,0.92719233,0.27725416,0.25188228,0
-1.3146907,-1.923076,4.2903409,-0.10136764,-0.46162531,0.88126427,0
-1.5520523,-0.50227809,5.1995349,-0.10136764,-0.46162531,0.88126427,0
0.25849509,2.7366517,-4.3747158,0.10136764,0.46162531,-0.88126427,0
-0.9870286,2.0809016,-2.6834397,-0.92719233,-0.27725416,-0.25188228,0
1.2036681,-2.7462699,-0.55552351,0.36060935,-0.8426342,-0.39991075,0
0.42626226,-1.5159342,-3.4686701,0.36060935,-0.8426342,-0.39991075,0
1.1576409,-0.033608675,-5.758451,0.10136764,0.46162531,-0.88126427,0
-1.6516978,-0.4082191,5.4349251,-0.10136764,-0.46162531,0.88126427,0
-0.86321557,1.6718636,-2.9632616,-0.92719233,-0.27725416,-0.25188228,0
-1.8653684,-0.6298148,4.9364891,-0.10136764,-0.46162531,0.88126427,0
1.3411572,1.4252888,-2.3986752,0.92719233,0.27725416,0.25188228,0
-0.50470626,-3.3187451,4.0844545,-0.10136764,-0.46162531,0.88126427,0
-0.30172324,4.7185698,-2.6259003,-0.36060935,0.8426342,0.39991075,0
0.8864311,0.59984541,0.83386976,0.92719233,0.27725416,0.25188228,0
1.7855663,1.2326156,-4.7955346,0.10136764,0.46162531,-0.88126427,0
-0.79894614,2.471693,-3.2484789,-0.92719233,-0.27725416,-0.25188228,0
-0.89798993,-2.3433032,4.2594986,-0.10136764,-0.46162531,0.88126427,0
-0.86867201,2.7562807,-3.43362,-0.92719233,-0.27725416,-0.25188228,0
-0.47065139,4.7323737,-3.2327554,0.10136764,0.46162531,-0.88126427,0
-0.74869943,3.4902568,-0.48218286,-0.36060935,0.8426342,0.39991075,0
-2.159883,1.0784234,2.9047687,-0.92719233,-0.27725416,-0.25188228,0
0.98635411,3.51017,-3.7810357,0.92719233,0.27725416,0.25188228,0
-0.68451154,-1.1632538,4.9479723,-0.10136764,-0.46162531,0.88126427,0
0.064707994,2.5087287,-4.1784267,0.10136764,0.46162531,-0.88126427,0
-1.0360949,3.169709,0.34842521,-0.36060935,0.8426342,0.39991075,0
-1.7589118,3.2976456,-1.6387104,-0.92719233,-0.27725416,-0.25188228,0
0.070651054,4.4213047,-1.9660851,-0.36060935,0.8426342,0.39991075,0
-1.3607719,1.3345637,3.2038479,-0.36060935,0.8426342,0.39991075,0
1.5897396,-0.97724712,-0.12168914,0.92719233,0.27725416,0.25188228,0
-0.35285282,3.8416467,-1.3069259,-0.36060935,0.8426342,0.39991075,0
0.24338341,2.8848567,-0.38132507,0.92719233,0.27725416,0.25188228,0
-1.8667402,2.248436,0.83035862,-0.92719233,-0.27725416,-0.25188228,0
0.56233984,0.53466517,-5.4624529,0.10136764,0.46162531,-0.88126427,0
1.130712,-4.6481042,2.8531792,0.36060935,-0.8426342,-0.39991075,0
0.47789121,-4.1211452,3.4510751,-0.10136764,-0.46162531,0.88126427,0
1.5250161,-0.8199755,-1.4195383,0.92719233,0.27725416,0.25188228,0
-2.1035137,0.50604379,2.8763707,-0.92719233,-0.27725416,-0.25188228,0
1.8722974,-1.5107853,-2.242167,0.36060935,-0.8426342,-0.39991075,0
-0.53464842,-2.2059867,0.74764144,-0.92719233,-0.27725416,-0.25188228,0
-1.943732,-1.2640144,3.9308176,-0.92719233,-0.27725416,-0.25188228,0
-1.6818559,2.5132186,0.89992034,-0.36060935,0.8426342,0.39991075,0
0.94365776,2.3565943,-4.1242461,0.10136764,0.46162531,-0.88126427,0
1.5829177,-3.9585104,2.1714082,0.36060935,-0.8426342,-0.39991075,0
-0.21309835,-0.9534896,5.2025437,-0.10136764,-0.46162531,0.88126427,0
0.88181281,-4.2992706,2.662869,0.36060935,-0.8426342,-0.39991075,0
-1.2393594,3.9440908,-1.76455,-0.36060935,0.8426342,0.39991075,0
-1.0011548,-2.6103072,4.010335,-0.10136764,-0.46162531,0.88126427,0
-1.6321496,0.32575339,5.4595022,-0.36060935,0.8426342,0.39991075,0
1.7765309,-1.2108748,-3.3163896,0.36060935,-0.8426342,-0.39991075,0
-1.70533,2.2527323,0.7284413,-0.36060935,0.8426342,0.39991075,0
-1.0251398,3.7028475,-3.8138125,0.10136764,0.46162531,-0.88126427,0
-1.2525849,-1.9301132,4.4767652,-0.10136764,-0.46162531,0.88126427,0
0.71931434,-4.4089956,2.7593756,0.36060935,-0.8426342,-0.39991075,0
0.81306958,-3.7024796,1.1803827,0.36060935,-0.8426342,-0.39991075,0
1.8962319,-3.3872552,1.4704298,0.92719233,0.27725416,0.25188228,0
0.094044328,-1.837276,-2.9096663,-0.92719233,-0.27725416,-0.25188228,0
-1.1773267,4.8147049,-3.399508,0.10136764,0.46162531,-0.88126427,0
0.30054891,-0.010865808,2.8809967,0.92719233,0.27725416,0.25188228,0
-0.2660687,4.6470299,-2.4175539,-0.36060935,0.8426342,0.39991075,0
-0.41976812,-0.25729728,5.6791887,-0.10136764,-0.46162531,0.88126427,0
-0.017941236,-4.4611092,2.1451635,0.36060935,-0.8426342,-0.39991075,0
1.8095869,2.0610342,-4.566124,0.10136764,0.46162531,-0.88126427,0
0.83055449,1.2716404,0.14771476,0.92719233,0.27725416,0.25188228,0
-0.26562756,-2.2132788,4.4962578,-0.10136764,-0.46162531,0.88126427,0
1.8708128,0.081190586,-5.4818864,0.10136764,0.46162531,-0.88126427,0
1.6093742,-2.2978373,-1.4343834,0.36060935,-0.8426342,-0.39991075,0
-0.1054945,-3.7583323,0.30559421,-0.92719233,-0.27725416,-0.25188228,0
1.4191816,-3.973207,2.414917,0.36060935,-0.8426342,-0.39991075,0
-0.36383653,3.2525864,-4.1430225,0.10136764,0.46162531,-0.88126427,0
-1.0349741,2.073158,-2.8472509,-0.92719233,-0.27725416,-0.25188228,0
0.4249239,-3.0501952,-0.91449237,0.36060935,-0.8426342,-0.39991075,0
1.0869384,-2.3501711,-1.5621862,0.36060935,-0.8426342,-0.39991075,0
-2.1841846,1.0971379,2.8569427,-0.36060935,0.8426342,0.39991075,0
1.086715,-1.9760166,-2.7891512,0.36060935,-0.8426342,-0.39991075,0
0.36650372,-4.5826483,2.6948829,0.36060935,-0.8426342,-0.39991075,0
-0.83219838,3.4528594,-0.76270735,-0.36060935,0.8426342,0.39991075,0
-2.0319686,1.4674187,2.4301114,-0.36060935,0.8426342,0.39991075,0
-1.5108855,0.70640767,4.9711175,-0.36060935,0.8426342,0.39991075,0
0.23933387,-3.5303075,0.0986076,0.36060935,-0.8426342,-0.39991075,0
-1.9223506,-0.39712042,5.2614231,-0.10136764,-0.46162531,0.88126427,0
-1.1412749,-3.0062547,3.8982642,-0.10136764,-0.46162531,0.88126427,0
-0.93711388,-0.038866222,-1.0044851,-0.92719233,-0.27725416,-0.25188228,0
1.2144885,-0.20573896,0.18087459,0.92719233,0.27725416,0.25188228,0
-0.78975469,0.46548629,6.0142713,-0.10136764,-0.46162531,0.88126427,0
0.31776881,0.86703581,-5.2156596,0.10136764,0.46162531,-0.88126427,0
1.3911767,-0.40892875,-5.6764183,0.36060935,-0.8426342,-0.39991075,0
0.93128383,-2.4203901,2.639957,0.92719233,0.27725416,0.25188228,0
0.85773104,-0.2367782,1.400457,0.92719233,0.27725416,0.25188228,0
-1.4206383,-0.88125324,5.2726493,-0.10136764,-0.46162531,0.88126427,0
-1.8811853,1.0282712,3.3600788,-0.36060935,0.8426342,0.39991075,0
0.59707618,4.6598196,-2.9769862,0.10136764,0.46162531,-0.88126427,0
-0.22531819,2.0593927,2.6436431,0.92719233,0.27725416,0.25188228,0
-1.8568959,3.5486352,-1.2060289,-0.36060935,0.8426342,0.39991075,0
-0.082006216,-4.9242382,3.0305791,-0.10136764,-0.46162531,0.88126427,0
1.0167298,-3.1049759,-0.19557029,0.36060935,-0.8426342,-0.39991075,0
1.4731891,2.0241506,-3.2785392,0.92719233,0.27725416,0.25188228,0
-0.71801662,2.9140186,-4.1978321,0.10136764,0.46162531,-0.88126427,0
-1.9671485,1.5015705,2.2104216,-0.36060935,0.8426342,0.39991075,0
-0.64911932,-1.9462388,0.66202694,-0.92719233,-0.27725416,-0.25188228,0
-0.59209752,2.1191192,-4.7072067,0.10136764,0.46162531,-0.88126427,0
0.5910539,-1.3017937,3.6324019,0.92719233,0.27725416,0.25188228,0
-0.1570313,-4.7779264,2.3829155,-0.92719233,-0.27725416,-0.25188228,0
-0.26521921,-1.8691778,4.8746939,-0.10136764,-0.46162531,0.88126427,0
-1.7536323,1.3174944,1.8023691,-0.92719233,-0.27725416,-0.25188228,0
0.16509843,3.3885355,-3.7633605,0.10136764,0.46162531,-0.88126427,0
0.063474417,-4.8111472,3.368855,-0.10136764,-0.46162531,0.88126427,0
2.1266303,0.80533963,-4.8898683,0.10136764,0.46162531,-0.88126427,0
-1.4157436,3.8517687,-1.4842758,-0.36060935,0.8426342,0.39991075,0
-1.7362947,1.8289868,1.8964238,-0.36060935,0.8426342,0.39991075,0
0.70981872,-1.694626,3.2196651,0.92719233,0.27725416,0.25188228,0
1.0172784,-3.4230015,4.1599379,-0.10136764,-0.46162531,0.88126427,0
1.130335,1.6314387,-4.7227459,0.10136764,0.46162531,-0.88126427,0
1.3012621,-3.1248016,0.41568249,0.36060935,-0.8426342,-0.39991075,0
0.53587544,0.45880979,-5.2419572,0.10136764,0.46162531,-0.88126427,0
-0.84659648,-1.9443288,4.7159595,-0.10136764,-0.46162531,0.88126427,0
-1.6727908,1.7567153,2.0299644,-0.36060935,0.8426342,0.39991075,0
-1.5007968,3.8593295,-1.788535,-0.36060935,0.8426342,0.39991075,0
1.7614547,-1.0473484,-3.5854914,0.36060935,-0.8426342,-0.39991075,0
1.6247038,0.88750893,-5.1185207,0.10136764,0.46162531,-0.88126427,0
-1.7780993,1.5094336,2.562084,-0.36060935,0.8426342,0.39991075,0
1.0177302,-4.3251181,3.4985745,-0.10136764,-0.46162531,0.88126427,0
-1.314814,2.1707158,1.4289956,-0.36060935,0.8426342,0.39991075,0
-0.35080883,-1.6037537,4.8577485,-0.10136764,-0.46162531,0.88126427,0
-1.7163403,2.5812297,0.73972905,-0.36060935,0.8426342,0.39991075,0
-0.43199253,-4.6543984,2.9132638,-0.92719233,-0.27725416,-0.25188228,0
0.39900875,4.014792,-2.3474767,0.92719233,0.27725416,0.25188228,0
2.171355,-0.79980385,-3.9382687,0.36060935,-0.8426342,-0.39991075,0
-2.1702306,-0.05228135,5.595356,-0.10136764,-0.46162531,0.88126427,0
-1.3683066,4.3271685,-3.4692018,0.10136764,0.46162531,-0.88126427,0
1.451761,0.58006269,-5.3081212,0.10136764,0.46162531,-0.88126427,0
0.106457,-1.8658957,-2.2863367,-0.92719233,-0.27725416,-0.25188228,0
0.87549353,0.30937082,-0.20269358,0.92719233,0.27725416,0.25188228,0
-0.801947,-3.7462957,3.7189703,-0.10136764,-0.46162531,0.88126427,0
1.6734078,-3.3257592,1.3066125,0.92719233,0.27725416,0.25188228,0
0.47725153,-2.0518179,4.4709263,-0.10136764,-0.46162531,0.88126427,0
1.9978042,0.72601879,-4.7071419,0.92719233,0.27725416,0.25188228,0
1.1854331,-0.58613873,-5.0767565,0.36060935,-0.8426342,-0.39991075,0
1.9416437,1.4398354,-4.4737744,0.10136764,0.46162531,-0.88126427,0
0.69083965,4.2551284,-3.4190125,0.10136764,0.46162531,-0.88126427,0
0.26833469,-1.2907138,3.7862761,0.92719233,0.27725416,0.25188228,0
-1.8813798,2.987854,-0.37133324,-0.36060935,0.8426342,0.39991075,0
-1.9338938,1.0673264,4.0048475,-0.36060935,0.8426342,0.39991075,0
0.88446414,-0.77893823,-4.7037978,0.36060935,-0.8426342,-0.39991075,0
0.5154376,2.5149243,-0.78893918,0.92719233,0.27725416,0.25188228,0
-0.019062981,-0.022314191,-3.1259,-0.92719233,-0.27725416,-0.25188228,0
-1.2514236,3.0882535,0.12809628,-0.36060935,0.8426342,0.39991075,0
0.8247745,-2.3973699,3.7837865,0.92719233,0.27725416,0.25188228,0
-0.27497661,-2.6599083,0.72259694,-0.92719233,-0.27725416,-0.25188228,0
-0.024066687,-4.0477819,0.96282548,0.36060935,-0.8426342,-0.39991075,0
-1.2811723,0.47350997,5.3034086,-0.36060935,0.8426342,0.39991075,0
0.26342785,-1.6058925,-3.5933182,-0.92719233,-0.27725416,-0.25188228,0
1.7941414,-0.20407826,-5.7091193,0.10136764,0.46162531,-0.88126427,0
1.7554797,-0.099017233,-5.3412328,0.36060935,-0.8426342,-0.39991075,0
0.47393548,-0.80351639,-4.8160472,-0.92719233,-0.27725416,-0.25188228,0
-0.65740764,-4.1727738,3.2579012,-0.10136764,-0.46162531,0.88126427,0
1.0266739,-1.1429093,-4.4261332,0.36060935,-0.8426342,-0.39991075,0
0.90997756,0.89581609,-0.55894333,0.92719233,0.27725416,0.25188228,0
1.8184496,-2.4309113,-0.7479772,0.36060935,-0.8426342,-0.39991075,0
0.081206918,1.4582098,-4.7940197,0.10136764,0.46162531,-0.88126427,0
-0.082453251,-3.3121881,4.1217537,-0.10136764,-0.46162531,0.88126427,0
-0.34341407,-4.2047267,3.5220785,-0.10136764,-0.46162531,0.88126427,0
0.79557931,2.870297,-2.000864,0.92719233,0.27725416,0.25188228,0
0.10815406,3.1266534,0.21648091,0.92719233,0.27725416,0.25188228,0
-2.3069065,-0.091398314,4.9465714,-0.92719233,-0.27725416,-0.25188228,0
-0.90690994,1.7864847,3.0404489,-0.36060935,0.8426342,0.39991075,0
1.9179229,0.60781747,-5.1400599,0.10136764,0.46162531,-0.88126427,0
1.4212418,-3.6116128,1.5256705,0.36060935,-0.8426342,-0.39991075,0
-1.6334182,2.0724754,0.10988885,-0.92719233,-0.27725416,-0.25188228,0
-0.21739215,1.3886846,-4.4289656,-0.92719233,-0.27725416,-0.25188228,0
-0.73356861,0.34489337,-1.0596108,-0.92719233,-0.27725416,-0.25188228,0
-2.0874095,-0.6776039,4.7121844,-0.92719233,-0.27725416,-0.25188228,0
-0.54688549,-4.2146096,3.258925,-0.10136764,-0.46162531,0.88126427,0
-1.7194676,-0.38780493,5.054183,-0.10136764,-0.46162531,0.88126427,0
-1.9497517,1.9620262,1.8365918,-0.36060935,0.8426342,0.39991075,0
-1.7975423,-0.097675323,2.7769146,-0.92719233,-0.27725416,-0.25188228,0
1.1898663,-2.9200871,2.0925357,0.92719233,0.27725416,0.25188228,0
-0.47233534,3.3986621,-0.42361027,-0.36060935,0.8426342,0.39991075,0
-0.14993834,4.5443964,-3.5014334,0.10136764,0.46162531,-0.88126427,0
-0.74825287,-3.1780443,4.0582595,-0.10136764,-0.46162531,0.88126427,0
0.46568516,-0.11190879,-5.6615291,0.10136764,0.46162531,-0.88126427,0
1.8033704,-1.7448542,-2.1113281,0.36060935,-0.8426342,-0.39991075,0
0.73210931,-1.1264107,-4.1577516,0.36060935,-0.8426342,-0.39991075,0
-0.13430727,-2.6237938,-0.97679108,-0.92719233,-0.27725416,-0.25188228,0
-0.29661298,-2.7826715,4.1201553,-0.10136764,-0.46162531,0.88126427,0
0.62903118,1.003294,-5.0429277,0.10136764,0.46162531,-0.88126427,0
0.64437008,1.5888431,0.20830899,0.92719233,0.27725416,0.25188228,0
0.57440972,-2.8022993,4.4025283,-0.10136764,-0.46162531,0.88126427,0
-1.138903,1.322757,3.3128676,-0.36060935,0.8426342,0.39991075,0
-0.72253293,-0.98713827,4.8930736,-0.10136764,-0.46162531,0.88126427,0
-1.7212461,-0.68245554,3.3500183,-0.92719233,-0.27725416,-0.25188228,0
0.94397509,-1.9458097,3.2814796,0.92719233,0.27725416,0.25188228,0
1.5876443,0.79183817,-2.6082389,0.92719233,0.27725416,0.25188228,0
1.9425844,-1.7117453,-0.79638875,0.92719233,0.27725416,0.25188228,0
1.0938621,-0.73293912,1.272779,0.92719233,0.27725416,0.25188228,0
-1.4915297,1.349615,3.2697465,-0.36060935,0.8426342,0.39991075,0
1.167145,-4.8087096,3.2218697,0.36060935,-0.8426342,-0.39991075,0
-1.3424336,2.2465403,1.3068928,-0.36060935,0.8426342,0.39991075,0
-1.4048011,3.4654918,-3.0880363,-0.92719233,-0.27725416,-0.25188228,0
-1.3829551,1.4528794,0.04094559,-0.92719233,-0.27725416,-0.25188228,0
-1.4100934,1.5160145,3.0664239,-0.36060935,0.8426342,0.39991075,0
-0.75353616,-0.59834659,5.2398734,-0.10136764,-0.46162531,0.88126427,0
-0.81438571,-2.115387,1.2471282,-0.92719233,-0.27725416,-0.25188228,0
-1.8785052,0.40708271,2.3609977,-0.92719233,-0.27725416,-0.25188228,0
-1.6962972,3.764852,-2.304626,-0.92719233,-0.27725416,-0.25188228,0
1.9386925,-2.0234118,-1.0663425,0.92719233,0.27725416,0.25188228,0
-1.8367629,1.2463523,3.05109,-0.36060935,0.8426342,0.39991075,0
0.16894603,-4.2744689,3.6610589,-0.10136764,-0.46162531,0.88126427,0
-0.07068789,2.2927485,-4.4599209,0.10136764,0.46162531,-0.88126427,0
-1.7276201,2.2441802,1.6580687,-0.36060935,0.8426342,0.39991075,0
-0.94125026,-0.57470185,5.1035352,-0.10136764,-0.46162531,0.88126427,0
1.2217531,0.30488887,-5.3515177,0.10136764,0.46162531,-0.88126427,0
-0.60986274,-0.33866233,-1.4463454,-0.92719233,-0.27725416,-0.25188228,0
0.27887273,0.620561,-5.1050773,0.10136764,0.46162531,-0.88126427,0
1.8363366,0.14642715,-2.4381106,0.92719233,0.27725416,0.25188228,0
-0.29071116,-2.2991931,-0.66444975,-0.92719233,-0.27725416,-0.25188228,0
0.69166875,-2.3472438,-1.8074636,0.36060935,-0.8426342,-0.39991075,0
-0.49952549,-1.5066779,0.021349639,-0.92719233,-0.27725416,-0.25188228,0
1.8358485,0.35107398,-5.2078133,0.10136764,0.46162531,-0.88126427,0
1.6173596,-1.8176231,-1.7730289,0.36060935,-0.8426342,-0.39991075,0
-1.2655931,4.1512222,-2.8580103,-0.36060935,0.8426342,0.39991075,0
0.95283604,-4.8060484,3.4173691,-0.10136764,-0.46162531,0.88126427,0
0.67614579,-2.7368212,-1.1307654,0.36060935,-0.8426342,-0.39991075,0
0.9126097,2.0398183,-2.0440648,0.92719233,0.27725416,0.25188228,0
0.11745691,4.19133,-1.7168818,0.92719233,0.27725416,0.25188228,0
1.1174846,-2.764766,-0.9307555,0.36060935,-0.8426342,-0.39991075,0
-0.26901627,4.6272368,-3.107091,0.10136764,0.46162531,-0.88126427,0
1.9930137,0.001992926,-3.5604057,0.92719233,0.27725416,0.25188228,0
2.1502368,-0.3916344,-3.8519993,0.92719233,0.27725416,0.25188228,0
0.8522259,-2.2600334,-1.7570198,0.36060935,-0.8426342,-0.39991075,0
1.0877635,2.7078235,-3.4839745,0.92719233,0.27725416,0.25188228,0
-1.4421892,0.23705265,0.66565645,-0.92719233,-0.27725416,-0.25188228,0
1.8836051,-1.8051342,-1.7554536,0.36060935,-0.8426342,-0.39991075,0
-0.53041101,-2.6269464,1.0303228,-0.92719233,-0.27725416,-0.25188228,0
1.4674501,-1.2622966,-3.0245976,0.36060935,-0.8426342,-0.39991075,0
-0.79097772,2.5833373,1.2483588,-0.36060935,0.8426342,0.39991075,0
-0.42866731,2.4804647,-4.5187821,0.10136764,0.46162531,-0.88126427,0
1.961975,-1.2316477,-3.2646995,0.36060935,-0.8426342,-0.39991075,0
0.89933747,-0.27380002,-5.5560913,0.10136764,0.46162531,-0.88126427,0
-0.45912641,-1.659822,-0.094726115,-0.92719233,-0.27725416,-0.25188228,0
-1.4220481,-1.4864326,4.9176788,-0.10136764,-0.46162531,0.88126427,0
0.12325978,3.4666667,0.035814285,0.92719233,0.27725416,0.25188228,0
-0.18631148,-3.2807992,0.4338935,-0.92719233,-0.27725416,-0.25188228,0
1.7154586,-0.23547506,-5.457469,0.10136764,0.46162531,-0.88126427,0
0.42662907,-2.7607546,-1.1325701,0.36060935,-0.8426342,-0.39991075,0
-0.12771559,2.8753781,1.7357723,-0.36060935,0.8426342,0.39991075,0
-0.90792871,0.20000094,-1.345809,-0.92719233,-0.27725416,-0.25188228,0
-2.1043828,-0.9581095,4.9821606,-0.10136764,-0.46162531,0.88126427,0
-0.23958921,4.8629775,-3.0799851,0.10136764,0.46162531,-0.88126427,0
-0.97197449,-2.8707876,2.0259573,-0.92719233,-0.27725416,-0.25188228,0
0.0033447742,-4.6166902,3.1425538,-0.10136764,-0.46162531,0.88126427,0
-0.10168815,4.7868004,-2.9710085,0.10136764,0.46162531,-0.88126427,0
-0.3833673,4.5150361,-2.2282701,-0.36060935,0.8426342,0.39991075,0
0.43352509,1.6599982,0.61610401,0.92719233,0.27725416,0.25188228,0
1.6329727,-0.4720287,-4.5974264,0.36060935,-0.8426342,-0.39991075,0
1.0383301,-0.82114691,-5.12047,0.36060935,-0.8426342,-0.39991075,0
-0.13617766,2.3226585,-4.4586816,0.10136764,0.46162531,-0.88126427,0
2.2781882,-0.84450483,-3.7239425,0.92719233,0.27725416,0.25188228,0
1.2382944,3.1864872,-3.4430752,0.92719233,0.27725416,0.25188228,0
0.56767571,-1.4569349,-3.7419679,0.36060935,-0.8426342,-0.39991075,0
1.1139297,-3.4836223,0.78275669,0.36060935,-0.8426342,-0.39991075,0
-1.326151,-1.5930713,2.3031845,-0.92719233,-0.27725416,-0.25188228,0
0.43254328,-2.484951,-1.9361539,0.36060935,-0.8426342,-0.39991075,0
-1.4070559,4.2145672,-2.5285754,-0.36060935,0.8426342,0.39991075,0
-1.2428486,2.8013783,-2.421412,-0.92719233,-0.27725416,-0.25188228,0
-1.4160907,4.5839262,-3.45258,0.10136764,0.46162531,-0.88126427,0
-2.0189903,-1.0246691,3.9644494,-0.92719233,-0.27725416,-0.25188228,0
-0.83608615,1.0295516,-2.738965,-0.92719233,-0.27725416,-0.25188228,0
0.081910849,2.8433065,-4.2438912,0.10136764,0.46162531,-0.88126427,0
-0.29269105,-1.6626084,-0.38456649,-0.92719233,-0.27725416,-0.25188228,0
-1.0265905,-3.4873722,3.8053455,-0.10136764,-0.46162531,0.88126427,0
1.3303058,-4.1377716,2.5534368,0.36060935,-0.8426342,-0.39991075,0
-0.7686727,-0.35705179,-0.039010659,-0.92719233,-0.27725416,-0.25188228,0
-0.25716603,-0.24866259,5.252491,0.92719233,0.27725416,0.25188228,0
1.800395,-1.6525706,-0.87694502,0.92719233,0.27725416,0.25188228,0
-0.82914424,4.6338134,-2.8905292,-0.36060935,0.8426342,0.39991075,0
-0.036895514,4.7747183,-3.0632014,-0.36060935,0.8426342,0.39991075,0
-0.8438127,-3.7054269,3.2906594,-0.92719233,-0.27725416,-0.25188228,0
1.4800851,-0.46799099,-4.7335472,0.36060935,-0.8426342,-0.39991075,0
0.59233701,0.93148178,0.83329827,0.92719233,0.27725416,0.25188228,0
-0.25492817,-1.7800626,-1.5456419,-0.92719233,-0.27725416,-0.25188228,0
-1.7494683,1.4913759,2.3835545,-0.36060935,0.8426342,0.39991075,0
0.12827301,3.9197497,-3.7745986,0.10136764,0.46162531,-0.88126427,0
1.6381782,-1.6995625,0.40744156,0.92719233,0.27725416,0.25188228,0
-0.58929175,-2.0407295,1.1733836,-0.92719233,-0.27725416,-0.25188228,0
1.7204704,1.3384564,-3.991724,0.92719233,0.27725416,0.25188228,0
-1.6465307,2.2209222,1.442914,-0.36060935,0.8426342,0.39991075,0
0.65833414,-2.4089172,4.5837545,-0.10136764,-0.46162531,0.88126427,0
-0.34823823,4.3970213,-3.4509177,0.10136764,0.46162531,-0.88126427,0
1.0944674,3.188838,-3.1101446,0.92719233,0.27725416,0.25188228,0
0.43928218,-3.6675007,0.18775827,0.36060935,-0.8426342,-0.39991075,0
-0.15514565,3.1799905,0.41614586,-0.36060935,0.8426342,0.39991075,0
-1.1124475,-2.9736476,4.2141228,-0.10136764,-0.46162531,0.88126427,0
-0.85500431,4.2960792,-2.5415425,-0.36060935,0.8426342,0.39991075,0
-1.0583535,1.3428893,4.0010099,-0.36060935,0.8426342,0.39991075,0
0.079110861,-4.5012794,1.5954874,0.36060935,-0.8426342,-0.39991075,0
-0.89251244,2.8616767,-4.3378496,0.10136764,0.46162531,-0.88126427,0
-1.4047426,-2.6072273,3.3625205,-0.92719233,-0.27725416,-0.25188228,0
-0.70646304,-0.77417099,5.1739202,-0.10136764,-0.46162531,0.88126427,0
-1.5854774,3.1272011,-1.8824799,-0.92719233,-0.27725416,-0.25188228,0
0.90825599,-1.3277707,2.1306548,0.92719233,0.27725416,0.25188228,0
-0.6549257,0.88460064,-3.2773981,-0.92719233,-0.27725416,-0.25188228,0
0.040774584,4.7020006,-3.022769,0.10136764,0.46162531,-0.88126427,0
0.98259586,2.8370981,-2.6356568,0.92719233,0.27725416,0.25188228,0
-0.86837327,2.0388231,-2.5254073,-0.92719233,-0.27725416,-0.25188228,0
-0.32956815,-4.4997935,3.3213646,-0.10136764,-0.46162531,0.88126427,0
2.2720726,-0.096466273,-3.565418,0.92719233,0.27725416,0.25188228,0
0.96233559,2.082865,-1.5008438,0.92719233,0.27725416,0.25188228,0
-1.39341,-1.1706022,2.7613056,-0.92719233,-0.27725416,-0.25188228,0
-0.20402128,-2.1096778,4.5488749,-0.10136764,-0.46162531,0.88126427,0
1.18135,0.073637068,-5.5952592,0.10136764,0.46162531,-0.88126427,0
0.92777503,-1.0179563,-4.0886054,0.36060935,-0.8426342,-0.39991075,0
-0.0057053566,2.3617222,1.3355423,0.92719233,0.27725416,0.25188228,0
0.264081,-3.6393659,3.728024,-0.10136764,-0.46162531,0.88126427,0
1.6358652,1.2240992,-4.9577365,0.10136764,0.46162531,-0.88126427,0
-0.4321661,-3.4577103,3.7581186,-0.10136764,-0.46162531,0.88126427,0
-0.39053559,2.2242808,2.6368632,-0.36060935,0.8426342,0.39991075,0
-1.403434,-1.1961658,4.9875116,-0.10136764,-0.46162531,0.88126427,0
1.1340762,0.79160815,-5.0499129,0.10136764,0.46162531,-0.88126427,0
1.711983,-0.74342299,-1.1407512,0.92719233,0.27725416,0.25188228,0
-0.029509664,1.7058074,1.4235547,0.92719233,0.27725416,0.25188228,0
-1.6391943,2.8170347,0.067899406,-0.36060935,0.8426342,0.39991075,0
2.0802155,-2.6215799,-0.56528771,0.36060935,-0.8426342,-0.39991075,0
-2.201488,-0.8532871,5.0533729,-0.10136764,-0.46162531,0.88126427,0
0.62851298,-2.4737356,-1.4667559,0.36060935,-0.8426342,-0.39991075,0
-0.82193995,3.0470483,0.19024712,-0.36060935,0.8426342,0.39991075,0
-1.4528475,0.2780118,5.4319386,-0.10136764,-0.46162531,0.88126427,0
-0.016535997,-4.8880029,2.8098538,0.36060935,-0.8426342,-0.39991075,0
2.0945656,0.25648952,-4.7378931,0.92719233,0.27725416,0.25188228,0
-0.01884675,-4.2664561,3.555778,-0.10136764,-0.46162531,0.88126427,0
-1.2987688,2.8244319,0.22493732,-0.36060935,0.8426342,0.39991075,0
-1.8404448,2.1641207,1.1851541,-0.36060935,0.8426342,0.39991075,0
-0.92925477,3.4243271,-0.62106144,-0.36060935,0.8426342,0.39991075,0
1.0457418,0.63328034,-5.2578945,0.10136764,0.46162531,-0.88126427,0
-0.51881003,3.5961447,-3.8734093,0.10136764,0.46162531,-0.88126427,0
0.85125971,-3.3175366,0.52132124,0.36060935,-0.8426342,-0.39991075,0
-0.63096714,-0.89878988,5.0341568,-0.10136764,-0.46162531,0.88126427,0
-1.6413835,0.73041332,4.3090587,-0.36060935,0.8426342,0.39991075,0
-1.2867122,-1.2812073,1.430981,-0.92719233,-0.27725416,-0.25188228,0
-0.85745323,1.9544632,2.844188,-0.36060935,0.8426342,0.39991075,0
-0.64649487,-0.68901306,-0.32233346,-0.92719233,-0.27725416,-0.25188228,0
0.78771842,-2.4488578,4.4000406,0.92719233,0.27725416,0.25188228,0
-0.11029553,3.3285627,-4.0064793,0.10136764,0.46162531,-0.88126427,0
0.0096621513,-4.4284759,1.9979181,0.36060935,-0.8426342,-0.39991075,0
0.99555093,1.9460589,-4.617579,0.10136764,0.46162531,-0.88126427,0
-1.1330197,0.55573034,4.9716816,-0.36060935,0.8426342,0.39991075,0
2.1477423,-1.1956364,-2.4873066,0.92719233,0.27725416,0.25188228,0
1.0083452,-2.6134763,-1.2733603,0.36060935,-0.8426342,-0.39991075,0
1.6804875,-2.0995262,-0.3324244,0.92719233,0.27725416,0.25188228,0
1.0157497,-4.5297394,3.4987056,-0.10136764,-0.46162531,0.88126427,0
0.5369094,1.1724507,-5.1147027,0.10136764,0.46162531,-0.88126427,0
-0.87504935,4.1218805,-3.485136,0.10136764,0.46162531,-0.88126427,0
0.19930315,-4.8649592,3.1633902,-0.10136764,-0.46162531,0.88126427,0
-0.12711155,-3.4762714,3.9083281,-0.10136764,-0.46162531,0.88126427,0
-1.2205609,1.8775967,2.5014882,-0.36060935,0.8426342,0.39991075,0
0.68794531,-0.74779677,1.7293618,0.92719233,0.27725416,0.25188228,0
-0.92222953,3.1674001,-0.33094811,-0.36060935,0.8426342,0.39991075,0
-0.46183294,-0.32696146,5.4961095,-0.10136764,-0.46162531,0.88126427,0
-0.82175779,0.85980046,-1.3805456,-0.92719233,-0.27725416,-0.25188228,0
-0.66799927,-1.9116018,4.4759779,-0.10136764,-0.46162531,0.88126427,0
-0.030426025,4.6912451,-3.0196271,0.10136764,0.46162531,-0.88126427,0
-1.8269567,2.4649534,0.80114913,-0.36060935,0.8426342,0.39991075,0
0.91745371,2.7589982,-4.1933103,0.10136764,0.46162531,-0.88126427,0
1.302744,-2.1814115,1.7978876,0.92719233,0.27725416,0.25188228,0
-1.3455532,4.4392042,-3.0914426,-0.36060935,0.8426342,0.39991075,0
-1.6722875,-1.8196394,3.7403772,-0.92719233,-0.27725416,-0.25188228,0
-1.1575885,-1.2582181,4.7524004,-0.10136764,-0.46162531,0.88126427,0
1.5133301,-2.5903544,0.6695224,0.92719233,0.27725416,0.25188228,0
-0.70937121,1.2119472,4.2828336,-0.36060935,0.8426342,0.39991075,0
-0.86602604,-0.76640266,5.3521252,-0.10136764,-0.46162531,0.88126427,0
1.2118323,-1.8003417,-3.0803301,0.36060935,-0.8426342,-0.39991075,0
0.096291304,-2.3549192,4.4043813,-0.10136764,-0.46162531,0.88126427,0
0.57693315,-1.8792416,-3.0855358,0.36060935,-0.8426342,-0.39991075,0
0.77717841,1.6550281,-0.15010044,0.92719233,0.27725416,0.25188228,0
1.4898951,-3.1106675,1.2031143,0.92719233,0.27725416,0.25188228,0
-0.3173058,-5.1070137,2.7573478,0.36060935,-0.8426342,-0.39991075,0
0.1067698,3.3035398,-4.1290526,0.10136764,0.46162531,-0.88126427,0
