-2.1442642,-0.61515146,-3.2039111,-0.047929525,0.13331516,-0.98991424,0
2.8602283,-0.019596696,-3.1815867,0.9987554,0.020103239,-0.045650244,0
-3.1151063,0.64042842,0.26472306,-0.9987554,-0.020103239,0.045650244,0
-1.0597303,-1.1979337,3.0385971,0.047929525,-0.13331516,0.98991424,0
-0.093194246,1.2569133,-1.9614168,-0.013814632,0.99086976,0.13411275,0
-1.8622204,-0.86542046,-0.86018813,0.013814632,-0.99086976,-0.13411275,0
-1.432605,-1.2199385,0.37402749,0.013814632,-0.99086976,-0.13411275,0
-2.6617923,0.95401376,-0.76273084,-0.013814632,0.99086976,0.13411275,0
0.0076372623,-0.48226279,3.1534657,0.047929525,-0.13331516,0.98991424,0
-0.32282662,-0.052902505,3.0553432,0.047929525,-0.13331516,0.98991424,0
-0.22612333,-0.33643204,-3.1837173,-0.047929525,0.13331516,-0.98991424,0
0.69408882,0.75054532,1.6112458,-0.013814632,0.99086976,0.13411275,0
-3.1027596,0.19524601,-3.0230565,-0.9987554,-0.020103239,0.045650244,0
-2.5763464,0.72491729,1.3430814,-0.013814632,0.99086976,0.13411275,0
0.023192883,-0.76886004,2.8688519,0.047929525,-0.13331516,0.98991424,0
0.58536696,0.66672641,1.4102308,-0.013814632,0.99086976,0.13411275,0
-0.96985722,-1.2875279,1.8440371,0.013814632,-0.99086976,-0.13411275,0
0.81793427,0.082376212,-3.2168293,-0.047929525,0.13331516,-0.98991424,0
-2.8750834,-0.053440109,-0.29576993,-0.9987554,-0.020103239,0.045650244,0
-2.1721494,0.84582484,-0.016401291,-0.013814632,0.99086976,0.13411275,0
-3.137614,-0.52949369,-1.0479679,-0.9987554,-0.020103239,0.045650244,0
-0.44285107,1.2505764,-1.6418371,-0.013814632,0.99086976,0.13411275,0
-1.4560061,0.77068454,2.9109797,-0.013814632,0.99086976,0.13411275,0
2.9911356,-0.55047727,0.27123523,0.9987554,0.020103239,-0.045650244,0
2.5310051,-0.98933536,1.4811873,0.013814632,-0.99086976,-0.13411275,0
1.4191649,-0.43125623,-3.0585904,-0.047929525,0.13331516,-0.98991424,0
-1.1941617,0.18703976,2.9390447,0.047929525,-0.13331516,0.98991424,0
2.4526684,0.50327992,3.1630883,0.047929525,-0.13331516,0.98991424,0
-3.0399411,-0.74240935,1.3696926,-0.9987554,-0.020103239,0.045650244,0
2.9102688,0.25893673,-1.0903722,0.9987554,0.020103239,-0.045650244,0
0.34185195,-0.53983521,-3.2974665,-0.047929525,0.13331516,-0.98991424,0
-0.0896101,0.33232236,3.0259585,0.047929525,-0.13331516,0.98991424,0
-0.08130908,0.55712271,-2.8786726,-0.047929525,0.13331516,-0.98991424,0
-1.2768459,-0.82288754,3.0400233,0.047929525,-0.13331516,0.98991424,0
0.02134347,-1.47111,2.4452028,0.013814632,-0.99086976,-0.13411275,0
0.13371253,-0.74912506,2.7227747,0.047929525,-0.13331516,0.98991424,0
0.52887815,-0.95078105,-0.97526848,0.013814632,-0.99086976,-0.13411275,0
-3.0606635,0.76966143,-1.0995815,-0.9987554,-0.020103239,0.045650244,0
1.363626,-0.17068824,-3.024307,-0.047929525,0.13331516,-0.98991424,0
-2.7106061,0.059383661,2.4244821,-0.9987554,-0.020103239,0.045650244,0
-1.2404054,0.5119434,-2.8832972,-0.047929525,0.13331516,-0.98991424,0
-1.2090917,-1.2812048,2.7788205,0.047929525,-0.13331516,0.98991424,0
-1.1585233,-0.7408492,-1.2781585,0.013814632,-0.99086976,-0.13411275,0
0.2328496,0.81873631,-2.8775306,-0.047929525,0.13331516,-0.98991424,0
3.0620849,-0.64318341,1.9257462,0.9987554,0.020103239,-0.045650244,0
2.5708458,0.54705191,-2.921968,-0.047929525,0.13331516,-0.98991424,0
0.97110009,-1.2108109,0.61445451,0.013814632,-0.99086976,-0.13411275,0
-0.07621932,0.14516686,-3.155267,-0.047929525,0.13331516,-0.98991424,0
-2.4113197,-1.3533388,2.2016551,0.013814632,-0.99086976,-0.13411275,0
-1.1047339,-1.0647447,-0.1223588,0.013814632,-0.99086976,-0.13411275,0
0.70130408,-1.3456432,1.8427951,0.013814632,-0.99086976,-0.13411275,0
-3.2144647,1.4539402,-2.7700522,-0.047929525,0.13331516,-0.98991424,0
2.8176003,0.067375705,0.12297106,0.9987554,0.020103239,-0.045650244,0
-2.3404486,0.56715649,-2.8192132,-0.047929525,0.13331516,-0.98991424,0
-2.9878511,-0.76170957,0.20025873,-0.9987554,-0.020103239,0.045650244,0
-2.7927234,0.22370562,1.2672615,-0.9987554,-0.020103239,0.045650244,0
2.4513497,-1.2747414,2.8884838,0.013814632,-0.99086976,-0.13411275,0
-2.8633742,-0.73249549,1.4348128,-0.9987554,-0.020103239,0.045650244,0
-1.3289213,-1.0978376,-0.72119498,0.013814632,-0.99086976,-0.13411275,0
-2.9018545,-0.49781579,-1.1890202,-0.9987554,-0.020103239,0.045650244,0
-3.1356502,-0.58282721,0.38516045,-0.9987554,-0.020103239,0.045650244,0
-2.3945427,-0.83267736,-2.8130553,0.013814632,-0.99086976,-0.13411275,0
2.9855261,-0.98316258,0.37554383,0.9987554,0.020103239,-0.045650244,0
-3.0343397,-1.5101063,2.2503099,0.013814632,-0.99086976,-0.13411275,0
1.4650512,0.84757078,-2.9909794,-0.047929525,0.13331516,-0.98991424,0
1.7731388,-0.84767807,-1.0853804,0.013814632,-0.99086976,-0.13411275,0
0.5446732,-0.049067631,-3.1677971,-0.047929525,0.13331516,-0.98991424,0
-2.8638299,-0.12683322,-2.970861,-0.047929525,0.13331516,-0.98991424,0
3.0993445,-0.25957289,1.7662966,0.9987554,0.020103239,-0.045650244,0
3.1715031,-0.64444679,1.7480259,0.9987554,0.020103239,-0.045650244,0
-0.7462523,-1.3736502,2.8897915,0.013814632,-0.99086976,-0.13411275,0
-2.753082,-1.4529843,1.5321859,0.013814632,-0.99086976,-0.13411275,0
3.1071892,0.95820355,-0.38461566,0.9987554,0.020103239,-0.045650244,0
-2.6229191,-0.20184176,-3.0191245,-0.047929525,0.13331516,-0.98991424,0
-2.9354208,0.0024369434,-2.8831382,-0.047929525,0.13331516,-0.98991424,0
1.3024697,-0.36262283,2.9172046,0.047929525,-0.13331516,0.98991424,0
-2.8877792,-0.20158896,1.9250044,-0.9987554,-0.020103239,0.045650244,0
-1.9757333,-0.56290239,3.2174406,0.047929525,-0.13331516,0.98991424,0
0.95331526,1.0235561,-3.1399899,-0.047929525,0.13331516,-0.98991424,0
2.9500248,-0.19817644,-1.8440989,0.9987554,0.020103239,-0.045650244,0
-2.4099061,-0.47199273,3.173383,0.047929525,-0.13331516,0.98991424,0
-2.9946747,0.33527774,2.0163364,-0.9987554,-0.020103239,0.045650244,0
1.4474398,-0.73535329,-1.1837831,0.013814632,-0.99086976,-0.13411275,0
-2.8527365,-0.8258267,-1.1529832,0.013814632,-0.99086976,-0.13411275,0
-1.1230209,-0.39476192,3.1789918,0.047929525,-0.13331516,0.98991424,0
2.8787134,0.57751399,2.8360291,-0.013814632,0.99086976,0.13411275,0
2.9530551,-0.31703883,-2.2327273,0.9987554,0.020103239,-0.045650244,0
-1.4038779,0.70756549,-2.7697148,-0.047929525,0.13331516,-0.98991424,0
2.8494465,0.62304509,-1.5542834,0.9987554,0.020103239,-0.045650244,0
2.0878751,1.0346797,0.32193375,-0.013814632,0.99086976,0.13411275,0
-1.1039689,-1.3278363,0.95607036,0.013814632,-0.99086976,-0.13411275,0
-0.36354333,-0.98594046,0.15854178,0.013814632,-0.99086976,-0.13411275,0
-2.2703593,0.59329057,2.4679201,-0.013814632,0.99086976,0.13411275,0
-0.79193461,1.2244666,-1.9650798,-0.013814632,0.99086976,0.13411275,0
2.8289433,0.061912537,0.10776448,0.9987554,0.020103239,-0.045650244,0
-0.74938965,-0.07246393,3.2461436,0.047929525,-0.13331516,0.98991424,0
2.2933781,-1.0879847,1.9959867,0.013814632,-0.99086976,-0.13411275,0
0.96351552,-0.74759436,2.8521543,0.047929525,-0.13331516,0.98991424,0
1.8795977,0.41346359,-3.0820775,-0.047929525,0.13331516,-0.98991424,0
3.058867,0.42708099,1.0842423,0.9987554,0.020103239,-0.045650244,0
-1.5405015,-1.0814477,0.30580258,0.013814632,-0.99086976,-0.13411275,0
-2.7815161,0.23103991,2.575187,-0.9987554,-0.020103239,0.045650244,0
-2.8021164,0.92878675,-0.59186506,-0.013814632,0.99086976,0.13411275,0
-1.3023013,1.0464582,0.85769337,-0.013814632,0.99086976,0.13411275,0
-1.0691583,-1.0644224,0.13316196,0.013814632,-0.99086976,-0.13411275,0
-0.33135414,0.51431894,-2.8829975,-0.047929525,0.13331516,-0.98991424,0
-3.1715682,1.074858,-1.1324747,-0.013814632,0.99086976,0.13411275,0
1.7886317,1.0301297,-0.43908262,-0.013814632,0.99086976,0.13411275,0
-0.85258102,0.7573595,2.4019079,-0.013814632,0.99086976,0.13411275,0
1.2758346,0.93091637,-0.2887001,-0.013814632,0.99086976,0.13411275,0
1.114899,-1.0785024,1.0265788,0.013814632,-0.99086976,-0.13411275,0
-1.4420429,1.1834372,-1.0091902,-0.013814632,0.99086976,0.13411275,0
-1.7945901,-0.075193182,-2.9511259,-0.047929525,0.13331516,-0.98991424,0
-3.1133227,0.47122264,-1.0760748,-0.9987554,-0.020103239,0.045650244,0
-3.178009,0.96274501,-0.021119356,-0.9987554,-0.020103239,0.045650244,0
-0.9054172,1.3701823,-2.5116031,-0.013814632,0.99086976,0.13411275,0
-2.9499724,0.21150574,2.3161197,-0.9987554,-0.020103239,0.045650244,0
1.42523,0.46650487,-2.9908156,-0.047929525,0.13331516,-0.98991424,0
0.13134122,-0.71695411,2.8830092,0.047929525,-0.13331516,0.98991424,0
0.73238349,-0.048422635,-3.2478518,-0.047929525,0.13331516,-0.98991424,0
3.2532704,-0.37455976,1.6905181,0.9987554,0.020103239,-0.045650244,0
-2.7673914,-1.1801299,2.274281,-0.9987554,-0.020103239,0.045650244,0
-3.2212718,-0.51501763,-1.7854445,-0.9987554,-0.020103239,0.045650244,0
0.35010719,0.83485574,2.1123998,-0.013814632,0.99086976,0.13411275,0
-2.8632741,0.90701395,-2.7627146,-0.047929525,0.13331516,-0.98991424,0
-0.41933203,-0.094815433,3.1595397,0.047929525,-0.13331516,0.98991424,0
-3.2022636,0.10904056,-0.7588594,-0.9987554,-0.020103239,0.045650244,0
2.8342135,1.0155247,0.062511921,0.9987554,0.020103239,-0.045650244,0
-3.0498364,-0.76455605,2.6975553,-0.9987554,-0.020103239,0.045650244,0
-3.0377965,0.39471853,-0.28784943,-0.9987554,-0.020103239,0.045650244,0
2.8416355,-0.35731772,-2.6772923,0.9987554,0.020103239,-0.045650244,0
-2.3018661,-1.0347354,3.1979685,0.047929525,-0.13331516,0.98991424,0
-3.0061579,-0.26587069,1.2533674,-0.9987554,-0.020103239,0.045650244,0
2.773289,0.057788074,-1.7155282,0.9987554,0.020103239,-0.045650244,0
3.2013116,0.23843011,2.2282186,0.9987554,0.020103239,-0.045650244,0
-2.9172244,0.53610277,-0.53261185,-0.9987554,-0.020103239,0.045650244,0
-2.9138923,0.18655443,-2.80598,-0.047929525,0.13331516,-0.98991424,0
2.8739872,0.73174596,-0.54676151,0.9987554,0.020103239,-0.045650244,0
2.9883041,-0.78468186,-1.7175341,0.9987554,0.020103239,-0.045650244,0
1.6190407,0.020605728,3.0238819,0.047929525,-0.13331516,0.98991424,0
-2.2930346,-0.94806916,-0.67191172,0.013814632,-0.99086976,-0.13411275,0
-2.9455373,-0.17079455,-1.7564139,-0.9987554,-0.020103239,0.045650244,0
-2.794627,-0.3449868,0.09894371,-0.9987554,-0.020103239,0.045650244,0
1.614071,-0.89489436,0.54609263,0.013814632,-0.99086976,-0.13411275,0
2.9411035,0.2961328,-0.37662792,0.9987554,0.020103239,-0.045650244,0
-3.1348379,1.3412766,-2.2578845,-0.9987554,-0.020103239,0.045650244,0
-1.1344032,-1.050341,1.3088995,0.013814632,-0.99086976,-0.13411275,0
2.3461995,1.4913845,-2.5509856,-0.013814632,0.99086976,0.13411275,0
0.51609111,1.1029469,-2.0696616,-0.013814632,0.99086976,0.13411275,0
3.0922241,-0.63575679,-2.1332216,0.9987554,0.020103239,-0.045650244,0
3.0821881,0.63765907,1.1360855,0.9987554,0.020103239,-0.045650244,0
-2.8938878,0.80023527,0.58134723,-0.9987554,-0.020103239,0.045650244,0
3.0506501,0.29931694,1.7750173,0.9987554,0.020103239,-0.045650244,0
-1.2820829,-0.81479961,-0.21652067,0.013814632,-0.99086976,-0.13411275,0
-2.3246279,0.60614312,1.5261873,-0.013814632,0.99086976,0.13411275,0
1.3206624,0.90784746,1.0505075,-0.013814632,0.99086976,0.13411275,0
0.71122742,-0.11707751,-2.9151201,-0.047929525,0.13331516,-0.98991424,0
1.4427301,1.1387286,-1.67739,-0.013814632,0.99086976,0.13411275,0
-3.2260876,-0.64455616,-1.8329341,-0.9987554,-0.020103239,0.045650244,0
-0.58650661,0.23029192,3.0237074,0.047929525,-0.13331516,0.98991424,0
-3.0221267,0.60555542,1.0988824,-0.9987554,-0.020103239,0.045650244,0
-2.7290161,-0.12966031,2.0508795,-0.9987554,-0.020103239,0.045650244,0
3.2731752,0.2772401,2.1277111,0.9987554,0.020103239,-0.045650244,0
3.1020074,0.77349496,-0.4342165,0.9987554,0.020103239,-0.045650244,0
0.85619307,-0.90982807,2.9830754,0.047929525,-0.13331516,0.98991424,0
0.56628215,-1.1516284,2.3221037,0.013814632,-0.99086976,-0.13411275,0
1.2208679,1.1901839,-2.9250588,-0.047929525,0.13331516,-0.98991424,0
-2.9577398,-0.77292162,-0.85488582,-0.9987554,-0.020103239,0.045650244,0
-1.7668655,0.80911082,2.2970405,-0.013814632,0.99086976,0.13411275,0
-0.97045326,-0.73557961,-0.99691546,0.013814632,-0.99086976,-0.13411275,0
-0.40272593,0.84011585,-0.12021869,-0.013814632,0.99086976,0.13411275,0
-1.5762907,-0.74514621,-2.4304032,0.013814632,-0.99086976,-0.13411275,0
-0.22226286,0.4364827,3.1352491,0.047929525,-0.13331516,0.98991424,0
-2.2090719,-0.61866844,-2.9302933,-0.047929525,0.13331516,-0.98991424,0
0.65723038,1.0280061,-1.3206589,-0.013814632,0.99086976,0.13411275,0
-2.914449,0.82260716,-2.7705019,-0.047929525,0.13331516,-0.98991424,0
-3.018497,-0.84062606,0.034431934,-0.9987554,-0.020103239,0.045650244,0
-1.76139,-0.0373789,-2.8355532,-0.047929525,0.13331516,-0.98991424,0
-3.1207824,-0.31028491,-1.4418783,-0.9987554,-0.020103239,0.045650244,0
-2.7950516,-0.0015919302,-3.0624106,-0.047929525,0.13331516,-0.98991424,0
-2.8226724,0.32437834,2.5773554,-0.9987554,-0.020103239,0.045650244,0
-1.9262199,0.88846147,0.6596688,-0.013814632,0.99086976,0.13411275,0
-0.80004883,0.80483425,1.4661422,-0.013814632,0.99086976,0.13411275,0
2.0156209,0.73154235,-3.1835859,-0.047929525,0.13331516,-0.98991424,0
-1.1179792,-1.2419597,0.88868487,0.013814632,-0.99086976,-0.13411275,0
-0.37532306,0.59020162,-2.8584828,-0.047929525,0.13331516,-0.98991424,0
3.124815,0.17954595,-1.4979441,0.9987554,0.020103239,-0.045650244,0
3.1422951,-0.36930376,0.30893731,0.9987554,0.020103239,-0.045650244,0
0.22165418,-1.377681,1.5236032,0.013814632,-0.99086976,-0.13411275,0
2.2379832,0.18268868,-3.2456262,-0.047929525,0.13331516,-0.98991424,0
2.8919399,0.44356301,2.104372,0.9987554,0.020103239,-0.045650244,0
1.3794463,-0.98092568,0.3058759,0.013814632,-0.99086976,-0.13411275,0
-0.15156221,1.3965273,-2.4679508,-0.013814632,0.99086976,0.13411275,0
-0.67356586,0.02259773,-3.1309352,-0.047929525,0.13331516,-0.98991424,0
1.9536735,0.9769069,-0.019980073,-0.013814632,0.99086976,0.13411275,0
0.40998691,0.93738848,-0.16591433,-0.013814632,0.99086976,0.13411275,0
-3.0095193,-0.59048867,3.0975866,-0.9987554,-0.020103239,0.045650244,0
-2.7147963,0.81360871,-0.11441278,-0.013814632,0.99086976,0.13411275,0
-3.1138258,-1.0944906,0.71679163,-0.9987554,-0.020103239,0.045650244,0
3.1292689,0.58487082,-0.98252487,0.9987554,0.020103239,-0.045650244,0
0.17425704,-0.86277103,-0.070948496,0.013814632,-0.99086976,-0.13411275,0
1.7104704,-1.0582331,2.8882637,0.047929525,-0.13331516,0.98991424,0
0.66724038,0.39953363,-2.9835219,-0.047929525,0.13331516,-0.98991424,0
-2.97697,-1.0795181,1.7492454,-0.9987554,-0.020103239,0.045650244,0
2.715992,0.24687466,-3.2876391,-0.047929525,0.13331516,-0.98991424,0
-3.0462203,-0.60198569,1.2438738,-0.9987554,-0.020103239,0.045650244,0
2.966444,0.12459368,-2.741807,0.9987554,0.020103239,-0.045650244,0
-1.5495586,0.38201064,-2.9478061,-0.047929525,0.13331516,-0.98991424,0
3.0409369,0.25708759,2.0763636,0.9987554,0.020103239,-0.045650244,0
2.2583256,-0.092312358,2.848525,0.047929525,-0.13331516,0.98991424,0
-1.4947524,0.22219911,-3.1115785,-0.047929525,0.13331516,-0.98991424,0
-3.1019516,-0.12701371,-1.9827101,-0.9987554,-0.020103239,0.045650244,0
-2.8146956,1.0657487,-1.1760931,-0.013814632,0.99086976,0.13411275,0
-1.5252008,0.91208756,-0.84082103,-0.013814632,0.99086976,0.13411275,0
-1.6705011,1.0721205,-1.0000432,-0.013814632,0.99086976,0.13411275,0
-2.1145813,0.58219492,3.2722712,0.047929525,-0.13331516,0.98991424,0
3.0718446,0.14674649,2.2637661,0.9987554,0.020103239,-0.045650244,0
-3.1283829,-0.33078542,-2.8442616,-0.9987554,-0.020103239,0.045650244,0
-2.1526315,-0.0029288828,2.9751678,0.047929525,-0.13331516,0.98991424,0
2.2102067,-0.45110303,-2.5011809,0.013814632,-0.99086976,-0.13411275,0
-1.7007234,0.53587568,2.9698439,-0.013814632,0.99086976,0.13411275,0
-2.7203496,-1.1722221,2.568403,-0.9987554,-0.020103239,0.045650244,0
-3.0635762,0.52036965,-0.25252008,-0.9987554,-0.020103239,0.045650244,0
-2.380944,-0.78632396,-1.4435096,0.013814632,-0.99086976,-0.13411275,0
0.54380965,-1.1487417,2.0975444,0.013814632,-0.99086976,-0.13411275,0
3.2302332,0.16660213,1.0809832,0.9987554,0.020103239,-0.045650244,0
-2.9435172,-0.39678979,-2.7922895,-0.047929525,0.13331516,-0.98991424,0
1.3922795,1.1113129,-1.1993247,-0.013814632,0.99086976,0.13411275,0
0.29910946,0.29099137,-2.9373627,-0.047929525,0.13331516,-0.98991424,0
-0.72062421,-1.3716586,2.3265398,0.013814632,-0.99086976,-0.13411275,0
-0.24813509,-0.43689352,-3.1582866,-0.047929525,0.13331516,-0.98991424,0
3.006331,0.45688879,-1.8023031,0.9987554,0.020103239,-0.045650244,0
-0.22914243,0.44837743,3.0703783,0.047929525,-0.13331516,0.98991424,0
3.0102727,-0.41060376,-2.6950593,0.9987554,0.020103239,-0.045650244,0
2.1023715,0.2178684,-3.151638,-0.047929525,0.13331516,-0.98991424,0
-3.0003829,-0.74786425,2.9638567,-0.9987554,-0.020103239,0.045650244,0
3.1496005,0.58139318,0.79125667,0.9987554,0.020103239,-0.045650244,0
0.99131942,-0.61904335,-2.7241592,0.013814632,-0.99086976,-0.13411275,0
2.9293265,0.25947756,-2.590467,0.9987554,0.020103239,-0.045650244,0
2.7481942,0.92481691,1.7958481,-0.013814632,0.99086976,0.13411275,0
2.2878239,0.090831026,2.9458444,0.047929525,-0.13331516,0.98991424,0
2.7380204,-0.033644889,2.8931468,0.047929525,-0.13331516,0.98991424,0
3.0604436,0.13839103,2.7013984,0.047929525,-0.13331516,0.98991424,0
2.8055627,0.20311086,-3.1363268,0.9987554,0.020103239,-0.045650244,0
0.34308338,0.49948052,2.3270142,-0.013814632,0.99086976,0.13411275,0
3.1740208,-1.1158665,1.5154955,0.013814632,-0.99086976,-0.13411275,0
-2.9984829,-0.074979722,1.7487817,-0.9987554,-0.020103239,0.045650244,0
2.7187231,-0.64244604,-3.2704527,-0.047929525,0.13331516,-0.98991424,0
2.2372098,-0.62881601,2.837296,0.047929525,-0.13331516,0.98991424,0
2.8660269,-0.42108765,-0.41588044,0.9987554,0.020103239,-0.045650244,0
-0.8628962,1.4605238,-2.8962023,-0.047929525,0.13331516,-0.98991424,0
-1.3637784,-0.30056718,3.1536484,0.047929525,-0.13331516,0.98991424,0
2.7769012,0.91534531,-0.35448599,0.9987554,0.020103239,-0.045650244,0
-0.39068747,-0.20073041,-2.9550424,-0.047929525,0.13331516,-0.98991424,0
3.1887045,-0.37923813,-0.48420668,0.9987554,0.020103239,-0.045650244,0
2.7918277,-0.76125491,-1.5368525,0.013814632,-0.99086976,-0.13411275,0
3.0238154,-0.51167369,1.6634743,0.9987554,0.020103239,-0.045650244,0
2.6628289,0.67280602,2.912986,-0.013814632,0.99086976,0.13411275,0
-1.989429,1.2379341,-2.616848,-0.013814632,0.99086976,0.13411275,0
-0.87684107,0.39986458,-2.909729,-0.047929525,0.13331516,-0.98991424,0
-2.4093006,-0.68218571,-1.6789219,0.013814632,-0.99086976,-0.13411275,0
1.6646044,1.1603377,-2.1312699,-0.013814632,0.99086976,0.13411275,0
-0.91732299,-1.1610262,0.97777098,0.013814632,-0.99086976,-0.13411275,0
1.9302686,-0.02649422,2.7336154,0.047929525,-0.13331516,0.98991424,0
1.3086162,-0.33335137,3.0340924,0.047929525,-0.13331516,0.98991424,0
0.33774751,-0.82793027,-0.16832539,0.013814632,-0.99086976,-0.13411275,0
-1.3988416,-1.0762722,3.1148398,0.047929525,-0.13331516,0.98991424,0
0.8911829,-0.031010903,2.9065487,0.047929525,-0.13331516,0.98991424,0
1.865849,-1.1741683,0.86907375,0.013814632,-0.99086976,-0.13411275,0
3.2309086,0.27886558,2.1187027,0.9987554,0.020103239,-0.045650244,0
-1.2661821,1.3423703,-2.7793727,-0.047929525,0.13331516,-0.98991424,0
2.7229197,-0.096987844,-2.6014056,0.9987554,0.020103239,-0.045650244,0
-3.0624905,0.20991147,0.88062692,-0.9987554,-0.020103239,0.045650244,0
0.54539251,0.50674391,-2.8183718,-0.047929525,0.13331516,-0.98991424,0
-2.6397662,-1.0138481,0.1855526,0.013814632,-0.99086976,-0.13411275,0
-0.82373607,0.82028121,-0.076077998,-0.013814632,0.99086976,0.13411275,0
2.5114808,-0.78890491,-2.7881813,0.013814632,-0.99086976,-0.13411275,0
3.0005324,-0.068448395,-0.17719936,0.9987554,0.020103239,-0.045650244,0
2.7736847,-0.13832596,-2.4063087,0.9987554,0.020103239,-0.045650244,0
0.95703912,-0.29693839,-3.0912516,-0.047929525,0.13331516,-0.98991424,0
2.3942311,-0.47032857,-3.1174703,-0.047929525,0.13331516,-0.98991424,0
1.9858952,0.80586314,-2.9295273,-0.047929525,0.13331516,-0.98991424,0
-0.66922748,1.0167975,1.1881751,-0.013814632,0.99086976,0.13411275,0
2.3122556,0.19915149,3.0017066,0.047929525,-0.13331516,0.98991424,0
-3.1682403,0.87844855,-0.67316246,-0.9987554,-0.020103239,0.045650244,0
-3.0966258,-0.17738159,-2.7957983,-0.9987554,-0.020103239,0.045650244,0
-1.256456,-0.84032261,-0.34383559,0.013814632,-0.99086976,-0.13411275,0
3.3133206,-0.98890233,1.9854012,0.9987554,0.020103239,-0.045650244,0
1.9309196,-1.4000566,2.7296393,0.013814632,-0.99086976,-0.13411275,0
1.7545023,1.1478552,-2.7742794,-0.047929525,0.13331516,-0.98991424,0
2.7664101,0.92538261,-1.6191947,0.9987554,0.020103239,-0.045650244,0
1.2208815,-0.71465307,-0.94647419,0.013814632,-0.99086976,-0.13411275,0
0.9225657,1.274604,-2.7783504,-0.047929525,0.13331516,-0.98991424,0
0.41451812,0.018285826,3.2116673,0.047929525,-0.13331516,0.98991424,0
1.9194388,-1.3839122,1.9164406,0.013814632,-0.99086976,-0.13411275,0
1.3155823,0.40893438,-3.1197424,-0.047929525,0.13331516,-0.98991424,0
1.0654762,-1.2657359,2.7912683,0.047929525,-0.13331516,0.98991424,0
3.1152112,0.22197044,-0.78411555,0.9987554,0.020103239,-0.045650244,0
1.0707183,1.5942236,-2.7912598,-0.013814632,0.99086976,0.13411275,0
2.0920601,-1.45941,2.1051867,0.013814632,-0.99086976,-0.13411275,0
-0.74060178,1.2486809,-1.745398,-0.013814632,0.99086976,0.13411275,0
-0.57317019,0.32660392,-3.1505578,-0.047929525,0.13331516,-0.98991424,0
-0.26283336,0.72647494,2.9000235,-0.013814632,0.99086976,0.13411275,0
3.0026438,-0.74992281,2.449893,0.9987554,0.020103239,-0.045650244,0
2.923233,-0.54621077,-0.25392532,0.9987554,0.020103239,-0.045650244,0
-2.2711122,0.68479908,-2.8546054,-0.047929525,0.13331516,-0.98991424,0
3.2764177,-1.2034227,1.4551959,0.9987554,0.020103239,-0.045650244,0
3.0034275,0.10430963,2.8459072,0.047929525,-0.13331516,0.98991424,0
1.8192647,0.84419483,0.092590332,-0.013814632,0.99086976,0.13411275,0
-1.9602373,-0.73354399,3.0132718,0.047929525,-0.13331516,0.98991424,0
3.0120516,0.70850885,-1.2333658,0.9987554,0.020103239,-0.045650244,0
-3.0624685,0.46298063,2.3334072,-0.9987554,-0.020103239,0.045650244,0
1.6312053,0.60450399,-3.065896,-0.047929525,0.13331516,-0.98991424,0
2.5718584,-0.41821638,-3.0629799,-0.047929525,0.13331516,-0.98991424,0
-2.8325641,-0.095209733,0.24060822,-0.9987554,-0.020103239,0.045650244,0
-2.9848163,0.45205009,-1.9099309,-0.9987554,-0.020103239,0.045650244,0
2.6506264,-0.65511912,2.7857111,0.047929525,-0.13331516,0.98991424,0
-3.1842778,0.72736287,-2.7702234,-0.047929525,0.13331516,-0.98991424,0
-0.62689883,1.2485082,-0.95398396,-0.013814632,0.99086976,0.13411275,0
-3.184556,-0.90565759,-0.30199552,-0.9987554,-0.020103239,0.045650244,0
2.0360708,0.81629306,-3.1442375,-0.047929525,0.13331516,-0.98991424,0
-3.0524039,-0.97310317,1.4207742,-0.9987554,-0.020103239,0.045650244,0
2.4136312,-0.101222,2.7341852,0.047929525,-0.13331516,0.98991424,0
2.2255671,1.4674968,-2.9737139,-0.047929525,0.13331516,-0.98991424,0
-2.9774618,-0.44187048,-1.7886124,-0.9987554,-0.020103239,0.045650244,0
-0.61141753,-0.67203981,3.1196537,0.047929525,-0.13331516,0.98991424,0
2.7477307,-0.13534838,-2.3422544,0.9987554,0.020103239,-0.045650244,0
0.93174231,0.71244878,1.3177433,-0.013814632,0.99086976,0.13411275,0
0.48635727,-0.95003718,0.91801161,0.013814632,-0.99086976,-0.13411275,0
-2.909555,-0.86439598,2.1478007,-0.9987554,-0.020103239,0.045650244,0
1.9770885,0.77711761,-2.8572042,-0.047929525,0.13331516,-0.98991424,0
2.6886876,-0.9716928,-0.39460182,0.013814632,-0.99086976,-0.13411275,0
0.77033949,-0.74319339,3.0326176,0.047929525,-0.13331516,0.98991424,0
-2.3320477,-0.66862041,3.1079364,0.047929525,-0.13331516,0.98991424,0
-1.7795479,-1.3901561,3.1041038,0.047929525,-0.13331516,0.98991424,0
3.0998006,-0.28566012,-1.6569949,0.9987554,0.020103239,-0.045650244,0
-0.32857776,-0.69421089,-2.8134055,0.013814632,-0.99086976,-0.13411275,0
2.8908577,-0.46833616,-2.3658588,0.9987554,0.020103239,-0.045650244,0
2.0583096,1.1403629,-1.7259732,-0.013814632,0.99086976,0.13411275,0
2.8547649,0.09628734,-3.0168085,0.9987554,0.020103239,-0.045650244,0
-1.9524804,0.64609218,-2.7150776,-0.047929525,0.13331516,-0.98991424,0
-3.0608773,0.45306087,-2.8321571,-0.047929525,0.13331516,-0.98991424,0
-1.8318176,0.67932898,-2.8599043,-0.047929525,0.13331516,-0.98991424,0
-2.8532407,-0.12035822,-3.0546153,-0.047929525,0.13331516,-0.98991424,0
-1.8857131,1.1328583,-1.7075285,-0.013814632,0.99086976,0.13411275,0
2.1349664,-1.121712,0.98693252,0.013814632,-0.99086976,-0.13411275,0
-1.6671234,0.83702302,-0.12726927,-0.013814632,0.99086976,0.13411275,0
2.47857,-0.29464653,2.6787357,0.047929525,-0.13331516,0.98991424,0
-1.2779878,1.4262922,-2.3197992,-0.013814632,0.99086976,0.13411275,0
-2.9706285,0.56419116,-2.6573076,-0.9987554,-0.020103239,0.045650244,0
-1.7260717,0.69703329,-2.9925544,-0.047929525,0.13331516,-0.98991424,0
-2.9726894,-0.70937312,1.6573932,-0.9987554,-0.020103239,0.045650244,0
3.1240156,0.41540372,0.80510545,0.9987554,0.020103239,-0.045650244,0
1.1358769,-0.21210243,3.0248411,0.047929525,-0.13331516,0.98991424,0
-0.41017556,-0.029073879,-3.1039908,-0.047929525,0.13331516,-0.98991424,0
0.29074693,0.90916395,2.1925154,-0.013814632,0.99086976,0.13411275,0
0.69151354,-0.18013616,2.8407509,0.047929525,-0.13331516,0.98991424,0
0.19016704,-0.93090105,-0.51757157,0.013814632,-0.99086976,-0.13411275,0
-1.2858292,0.56591982,-2.8337789,-0.047929525,0.13331516,-0.98991424,0
-0.031834602,1.3357394,-2.7471161,-0.047929525,0.13331516,-0.98991424,0
3.1368814,0.29033369,0.99252367,0.9987554,0.020103239,-0.045650244,0
-1.0173717,0.85941696,-2.9717562,-0.047929525,0.13331516,-0.98991424,0
-2.9164138,-0.11443797,-1.2545712,-0.9987554,-0.020103239,0.045650244,0
-0.76881951,0.97439688,0.87162471,-0.013814632,0.99086976,0.13411275,0
-2.8660669,-0.55866027,-0.17975163,-0.9987554,-0.020103239,0.045650244,0
-2.3876762,-0.51301062,-3.0460911,-0.047929525,0.13331516,-0.98991424,0
-3.0751762,-0.60768068,-2.4634161,-0.9987554,-0.020103239,0.045650244,0
-1.0154258,-1.0573376,-0.97680807,0.013814632,-0.99086976,-0.13411275,0
-0.92186379,1.0274963,1.1704124,-0.013814632,0.99086976,0.13411275,0
0.8380934,0.99726033,-1.3075783,-0.013814632,0.99086976,0.13411275,0
-3.2226315,0.21014723,-2.2345734,-0.9987554,-0.020103239,0.045650244,0
-2.3151925,1.3115461,-2.8654623,-0.047929525,0.13331516,-0.98991424,0
3.0838275,-0.52683973,1.5522554,0.9987554,0.020103239,-0.045650244,0
2.1899779,1.4143529,-1.5341727,-0.013814632,0.99086976,0.13411275,0
0.45536143,-1.0575056,1.2004428,0.013814632,-0.99086976,-0.13411275,0
-0.27114439,-1.1191213,2.8045022,0.047929525,-0.13331516,0.98991424,0
2.653404,0.081977457,-2.9700708,-0.047929525,0.13331516,-0.98991424,0
-2.8650625,0.51144016,-0.11185384,-0.9987554,-0.020103239,0.045650244,0
1.0203695,-0.44372648,-2.7025886,0.013814632,-0.99086976,-0.13411275,0
2.2421446,0.8955965,2.2437022,-0.013814632,0.99086976,0.13411275,0
1.4293346,0.85435528,2.3814917,-0.013814632,0.99086976,0.13411275,0
1.3670695,1.4336913,-1.9122193,-0.013814632,0.99086976,0.13411275,0
-2.9658694,0.24925527,-1.066967,-0.9987554,-0.020103239,0.045650244,0
2.9649909,0.48735839,-1.5867525,0.9987554,0.020103239,-0.045650244,0
1.4195811,0.25142136,3.018044,0.047929525,-0.13331516,0.98991424,0
1.5876467,-1.1484277,0.72664523,0.013814632,-0.99086976,-0.13411275,0
2.9385576,-0.23273772,0.40335941,0.9987554,0.020103239,-0.045650244,0
-2.9637747,1.259364,-2.550231,-0.9987554,-0.020103239,0.045650244,0
1.1314292,1.3012279,-1.3493549,-0.013814632,0.99086976,0.13411275,0
-2.9539247,0.44659016,1.0860991,-0.9987554,-0.020103239,0.045650244,0
1.7936215,1.1390449,-2.8765755,-0.047929525,0.13331516,-0.98991424,0
-2.8922782,0.32613885,-1.3237717,-0.9987554,-0.020103239,0.045650244,0
2.9605603,0.87065876,0.70737076,0.9987554,0.020103239,-0.045650244,0
3.1191907,-0.81609845,-0.6519053,0.9987554,0.020103239,-0.045650244,0
-2.0990777,0.19603038,-3.0892844,-0.047929525,0.13331516,-0.98991424,0
2.8305221,0.74363422,-2.4095671,0.9987554,0.020103239,-0.045650244,0
-1.9349937,0.55274916,2.862227,-0.013814632,0.99086976,0.13411275,0
-2.303683,1.3910252,-2.8497283,-0.013814632,0.99086976,0.13411275,0
-0.90562463,-1.4061276,2.2776022,0.013814632,-0.99086976,-0.13411275,0
2.6699286,1.0397407,-0.023477316,-0.013814632,0.99086976,0.13411275,0
-3.1452603,-0.33651742,-2.5033014,-0.9987554,-0.020103239,0.045650244,0
0.068456888,-0.57826221,-1.9869922,0.013814632,-0.99086976,-0.13411275,0
2.4013329,0.66389179,3.0230446,0.047929525,-0.13331516,0.98991424,0
-2.7738714,-0.099276632,1.7469188,-0.9987554,-0.020103239,0.045650244,0
-0.67141783,1.1677706,-1.9341508,-0.013814632,0.99086976,0.13411275,0
2.8099496,0.79514992,-0.46984005,0.9987554,0.020103239,-0.045650244,0
-2.7517025,0.46129417,2.9281785,-0.9987554,-0.020103239,0.045650244,0
1.4245133,1.2671034,-2.8286862,-0.047929525,0.13331516,-0.98991424,0
2.3021159,0.94646227,-0.45553517,-0.013814632,0.99086976,0.13411275,0
-0.33825064,0.57849431,2.152308,-0.013814632,0.99086976,0.13411275,0
-1.3363515,0.77341425,0.29674065,-0.013814632,0.99086976,0.13411275,0
2.6803865,0.6646325,2.8663232,-0.013814632,0.99086976,0.13411275,0
-0.033136845,1.0364817,-3.0073209,-0.047929525,0.13331516,-0.98991424,0
-0.17647266,0.90859944,-2.833631,-0.047929525,0.13331516,-0.98991424,0
1.823261,-1.081254,1.4623131,0.013814632,-0.99086976,-0.13411275,0
-2.884135,-0.59774804,2.462141,-0.9987554,-0.020103239,0.045650244,0
2.7863743,0.31010446,-0.60165334,0.9987554,0.020103239,-0.045650244,0
2.5205431,0.43736652,3.144486,0.047929525,-0.13331516,0.98991424,0
-3.0932069,0.40866527,2.5462537,-0.9987554,-0.020103239,0.045650244,0
-1.2148967,-0.71512151,2.8693147,0.047929525,-0.13331516,0.98991424,0
-2.4981599,0.62101287,-2.6881967,-0.047929525,0.13331516,-0.98991424,0
-2.7475348,1.3023466,-2.5901241,-0.047929525,0.13331516,-0.98991424,0
-3.0255244,0.44194859,0.39013553,-0.9987554,-0.020103239,0.045650244,0
0.30201769,0.59298158,-2.8068519,-0.047929525,0.13331516,-0.98991424,0
-0.78382254,0.69003558,3.2005496,-0.013814632,0.99086976,0.13411275,0
0.0098787844,-0.87921089,-0.35861027,0.013814632,-0.99086976,-0.13411275,0
2.9005089,-0.57507563,0.5316062,0.9987554,0.020103239,-0.045650244,0
2.8019209,0.68913662,-1.4973354,0.9987554,0.020103239,-0.045650244,0
1.2175901,-0.525006,-3.1687694,-0.047929525,0.13331516,-0.98991424,0
1.0994835,-1.0466044,0.86254179,0.013814632,-0.99086976,-0.13411275,0
-2.5877171,-1.4666046,3.0479956,0.047929525,-0.13331516,0.98991424,0
-2.36169,-0.83760393,2.9004972,0.047929525,-0.13331516,0.98991424,0
-2.9864409,-0.68200457,2.6170323,-0.9987554,-0.020103239,0.045650244,0
-3.0276031,-0.53423184,-0.58598423,-0.9987554,-0.020103239,0.045650244,0
2.9169703,0.74851847,-1.063987,0.9987554,0.020103239,-0.045650244,0
3.2360063,-0.24681187,1.4132378,0.9987554,0.020103239,-0.045650244,0
-1.3727405,-1.1645161,2.3353329,0.013814632,-0.99086976,-0.13411275,0
0.23747396,1.2475673,-2.7234244,-0.047929525,0.13331516,-0.98991424,0
-2.7966318,0.6406219,0.9277277,-0.9987554,-0.020103239,0.045650244,0
2.9227333,-0.24417466,1.9367673,0.9987554,0.020103239,-0.045650244,0
-0.88553357,-0.53819239,2.8871939,0.047929525,-0.13331516,0.98991424,0
-2.9710655,1.0070323,-2.2882147,-0.9987554,-0.020103239,0.045650244,0
2.8346126,0.77929956,-2.1839886,0.9987554,0.020103239,-0.045650244,0
-2.8919711,0.4658666,1.2851787,-0.9987554,-0.020103239,0.045650244,0
3.2187486,0.48727486,2.3642476,0.9987554,0.020103239,-0.045650244,0
-2.7644565,-0.99064511,0.91856217,-0.9987554,-0.020103239,0.045650244,0
2.1186037,-0.61579442,-2.0214267,0.013814632,-0.99086976,-0.13411275,0
2.101603,0.65463287,1.9743257,-0.013814632,0.99086976,0.13411275,0
2.8801625,-0.60377157,0.022060871,0.9987554,0.020103239,-0.045650244,0
2.8816109,-0.55160213,-0.54615569,0.9987554,0.020103239,-0.045650244,0
0.24112236,1.3289046,-1.6463811,-0.013814632,0.99086976,0.13411275,0
-0.53045213,-1.0667146,-0.34584191,0.013814632,-0.99086976,-0.13411275,0
2.9071219,-0.02245751,-2.5067546,0.9987554,0.020103239,-0.045650244,0
3.087708,0.85791916,2.0634105,0.9987554,0.020103239,-0.045650244,0
-3.0173914,-0.52564186,-2.6442282,0.013814632,-0.99086976,-0.13411275,0
2.5385852,-0.7084161,-1.4995673,0.013814632,-0.99086976,-0.13411275,0
-2.0063188,0.92167997,-0.19547963,-0.013814632,0.99086976,0.13411275,0
-3.0493753,-0.084551886,-2.4913161,-0.9987554,-0.020103239,0.045650244,0
1.7820456,0.81482196,-3.1215796,-0.047929525,0.13331516,-0.98991424,0
2.8411498,0.35852417,-2.2588758,0.9987554,0.020103239,-0.045650244,0
-2.3528855,0.32585192,3.2232416,0.047929525,-0.13331516,0.98991424,0
-1.1746655,0.33779556,3.2373233,0.047929525,-0.13331516,0.98991424,0
0.25141993,1.0951214,0.18189922,-0.013814632,0.99086976,0.13411275,0
1.1072476,0.45394269,-3.0189147,-0.047929525,0.13331516,-0.98991424,0
1.7945404,0.081434563,2.9643941,0.047929525,-0.13331516,0.98991424,0
-0.45308805,0.49543417,-3.1098633,-0.047929525,0.13331516,-0.98991424,0
-3.1563773,0.86715865,-2.5951185,-0.9987554,-0.020103239,0.045650244,0
2.898458,-0.46874705,-2.603905,0.013814632,-0.99086976,-0.13411275,0
-1.0175807,-0.53708434,2.9584675,0.047929525,-0.13331516,0.98991424,0
3.0308297,-0.77933389,2.5815642,0.9987554,0.020103239,-0.045650244,0
1.3720392,-0.73721558,2.9640141,0.047929525,-0.13331516,0.98991424,0
-3.029165,0.4338336,-2.1854811,-0.9987554,-0.020103239,0.045650244,0
3.0212584,-0.015583843,0.93322396,0.9987554,0.020103239,-0.045650244,0
2.8796771,0.12898833,-3.175082,-0.047929525,0.13331516,-0.98991424,0
-2.5791535,-0.56699824,3.1006103,0.047929525,-0.13331516,0.98991424,0
2.3187416,0.64118922,-3.0075305,-0.047929525,0.13331516,-0.98991424,0
-1.8277221,-1.5533823,2.9193602,0.047929525,-0.13331516,0.98991424,0
-2.9801145,-0.50728273,-0.70515037,-0.9987554,-0.020103239,0.045650244,0
3.123641,0.85169029,0.83651161,0.9987554,0.020103239,-0.045650244,0
-1.8231478,-1.3248841,2.340652,0.013814632,-0.99086976,-0.13411275,0
-0.88612509,-0.057886571,-3.0727973,-0.047929525,0.13331516,-0.98991424,0
-1.8250909,0.8189339,-0.10357571,-0.013814632,0.99086976,0.13411275,0
2.3724961,-0.96509379,1.3982921,0.013814632,-0.99086976,-0.13411275,0
-0.44625282,-1.0744028,2.7864437,0.047929525,-0.13331516,0.98991424,0
-3.1900969,-0.036527514,0.024105072,-0.9987554,-0.020103239,0.045650244,0
-1.1903142,0.82974792,0.18571603,-0.013814632,0.99086976,0.13411275,0
0.069226742,-1.4315627,2.89375,0.047929525,-0.13331516,0.98991424,0
-2.78597,0.17451364,2.419313,-0.9987554,-0.020103239,0.045650244,0
2.8651745,-0.76408029,2.9870586,0.047929525,-0.13331516,0.98991424,0
2.0707014,0.045252487,2.8073788,0.047929525,-0.13331516,0.98991424,0
2.9650126,0.7181232,3.1349015,0.047929525,-0.13331516,0.98991424,0
-1.6492417,0.55963129,2.8682246,-0.013814632,0.99086976,0.13411275,0
-2.7217088,-0.45358723,2.6142194,-0.9987554,-0.020103239,0.045650244,0
-2.9416955,-0.87785959,1.6775674,-0.9987554,-0.020103239,0.045650244,0
-2.9968672,-0.74252445,-0.56670356,-0.9987554,-0.020103239,0.045650244,0
-2.9526639,-0.30220696,1.6912279,-0.9987554,-0.020103239,0.045650244,0
3.1691325,0.10486073,0.37001753,0.9987554,0.020103239,-0.045650244,0
2.7585747,0.6900183,3.0441322,0.047929525,-0.13331516,0.98991424,0
1.6343811,-0.37768376,2.9004302,0.047929525,-0.13331516,0.98991424,0
-3.289629,0.41881347,-1.7531681,-0.9987554,-0.020103239,0.045650244,0
2.9868846,-0.38481274,-1.8097088,0.9987554,0.020103239,-0.045650244,0
-2.7735202,-1.18854,0.36528778,-0.9987554,-0.020103239,0.045650244,0
-3.0399208,1.0867338,-2.3946435,-0.9987554,-0.020103239,0.045650244,0
-3.143415,-0.9496485,-0.062180281,-0.9987554,-0.020103239,0.045650244,0
2.8593886,1.1688523,-2.8615646,0.9987554,0.020103239,-0.045650244,0
2.9130397,-0.15599322,-0.63200378,0.9987554,0.020103239,-0.045650244,0
1.6844136,-0.97905397,2.7240891,0.047929525,-0.13331516,0.98991424,0
1.2927554,-1.1104964,2.1132185,0.013814632,-0.99086976,-0.13411275,0
0.013835549,0.78341049,1.4426144,-0.013814632,0.99086976,0.13411275,0
-0.083073318,-0.98249406,-0.67272264,0.013814632,-0.99086976,-0.13411275,0
-2.7417059,-1.2909691,2.3409903,-0.9987554,-0.020103239,0.045650244,0
-2.8640132,0.99481457,-2.7651644,-0.047929525,0.13331516,-0.98991424,0
2.986412,-0.15267003,1.1680958,0.9987554,0.020103239,-0.045650244,0
0.41864908,0.93359458,1.4982492,-0.013814632,0.99086976,0.13411275,0
-2.797559,-0.1027111,0.57294297,-0.9987554,-0.020103239,0.045650244,0
-2.7102311,0.72051352,2.1308243,-0.013814632,0.99086976,0.13411275,0
-3.0330806,0.25958553,-3.0022471,-0.047929525,0.13331516,-0.98991424,0
2.0834744,-1.3973392,1.8101158,0.013814632,-0.99086976,-0.13411275,0
2.9696832,1.3244122,-2.7040739,0.9987554,0.020103239,-0.045650244,0
-1.5997772,-0.95609748,3.1383729,0.047929525,-0.13331516,0.98991424,0
-0.49662232,0.3766911,-2.7964871,-0.047929525,0.13331516,-0.98991424,0
-0.80421722,-1.2838309,1.0443135,0.013814632,-0.99086976,-0.13411275,0
-0.52196783,-0.91375321,0.58992112,0.013814632,-0.99086976,-0.13411275,0
-2.9886415,0.015245952,-1.9124064,-0.9987554,-0.020103239,0.045650244,0
2.7709284,1.3052449,-2.9517257,-0.047929525,0.13331516,-0.98991424,0
-2.5123284,1.1603403,-2.5600817,-0.013814632,0.99086976,0.13411275,0
2.1944594,0.34485096,-3.0651031,-0.047929525,0.13331516,-0.98991424,0
-0.13831413,0.96971416,-0.32671273,-0.013814632,0.99086976,0.13411275,0
-1.2958659,0.94254905,-0.84226501,-0.013814632,0.99086976,0.13411275,0
-2.9754202,-0.2240102,1.3320513,-0.9987554,-0.020103239,0.045650244,0
-0.70791698,0.059319347,-2.9677467,-0.047929525,0.13331516,-0.98991424,0
3.0316703,1.0618222,-0.11116505,0.9987554,0.020103239,-0.045650244,0
-3.0115929,-0.38968033,-0.66074443,-0.9987554,-0.020103239,0.045650244,0
2.9987421,-0.69558382,1.0218496,0.9987554,0.020103239,-0.045650244,0
0.76117873,-1.1703705,2.3121715,0.013814632,-0.99086976,-0.13411275,0
0.86414683,0.80906683,2.0131924,-0.013814632,0.99086976,0.13411275,0
-3.0613339,0.29491541,-1.0422702,-0.9987554,-0.020103239,0.045650244,0
-2.0637536,-0.061696529,3.1321313,0.047929525,-0.13331516,0.98991424,0
-2.0223432,-0.82290745,3.1185515,0.047929525,-0.13331516,0.98991424,0
0.32324669,-0.86211109,0.027125478,0.013814632,-0.99086976,-0.13411275,0
0.39997482,0.79456401,-2.8101926,-0.047929525,0.13331516,-0.98991424,0
-2.97033,0.70454526,0.067059994,-0.9987554,-0.020103239,0.045650244,0
-0.83804059,0.97138059,1.1474389,-0.013814632,0.99086976,0.13411275,0
2.9036551,1.0271838,-1.9667182,0.9987554,0.020103239,-0.045650244,0
-2.8744333,0.82086307,-2.7434347,-0.047929525,0.13331516,-0.98991424,0
2.9661458,0.025505781,0.59152222,0.9987554,0.020103239,-0.045650244,0
2.1848125,-0.64497244,-2.101645,0.013814632,-0.99086976,-0.13411275,0
-1.4620489,-0.73289239,-2.6571724,0.013814632,-0.99086976,-0.13411275,0
2.7740698,1.1988935,-0.40530562,0.9987554,0.020103239,-0.045650244,0
2.9217355,0.6340239,-2.1590352,0.9987554,0.020103239,-0.045650244,0
2.9141569,-1.2584649,2.8744481,0.047929525,-0.13331516,0.98991424,0
-0.81082845,0.7959286,2.33307,-0.013814632,0.99086976,0.13411275,0
1.9748993,-0.45708746,-3.2118843,-0.047929525,0.13331516,-0.98991424,0
2.0972376,0.12045011,2.8924596,0.047929525,-0.13331516,0.98991424,0
3.0826836,0.4288604,-1.2640693,0.9987554,0.020103239,-0.045650244,0
2.3201346,-0.63679779,-3.3888392,-0.047929525,0.13331516,-0.98991424,0
0.15017748,1.2357783,-0.48049462,-0.013814632,0.99086976,0.13411275,0
-0.61098647,-1.1939552,1.9423144,0.013814632,-0.99086976,-0.13411275,0
3.1408558,0.37943852,0.513695,0.9987554,0.020103239,-0.045650244,0
0.3323977,-0.17395677,2.7969549,0.047929525,-0.13331516,0.98991424,0
2.6639225,1.4849865,-3.013824,0.9987554,0.020103239,-0.045650244,0
0.84288526,-0.15553531,-3.1718521,-0.047929525,0.13331516,-0.98991424,0
1.1884792,-0.91064405,-1.359419,0.013814632,-0.99086976,-0.13411275,0
3.2734833,0.309441,3.0264254,0.9987554,0.020103239,-0.045650244,0
0.087715864,1.4996237,-2.3876166,-0.013814632,0.99086976,0.13411275,0
0.36399782,1.1984006,-1.3159804,-0.013814632,0.99086976,0.13411275,0
3.0677843,0.63943893,-0.88437891,0.9987554,0.020103239,-0.045650244,0
-0.064421892,0.26943249,-2.9063652,-0.047929525,0.13331516,-0.98991424,0
1.5588849,-1.4016693,2.2109451,0.013814632,-0.99086976,-0.13411275,0
-1.7488168,-0.28517547,-3.1498432,-0.047929525,0.13331516,-0.98991424,0
